Ticker,Date,Time,Expiry Date,Open,High,Low,Close,Volume,Open Interest,Padding Flag
FINNIFTY09APR2418900PE.NFO,2024-03-06,09:15:00,2024-04-09,500.0,500.0,500.0,500.0,0,0,0
FINNIFTY09APR2418900PE.NFO,2024-03-06,09:16:00,2024-04-09,500.0,500.0,500.0,500.0,0,0,1
FINNIFTY09APR2418900PE.NFO,2024-03-06,09:17:00,2024-04-09,500.0,500.0,500.0,500.0,0,0,1
FINNIFTY09APR2418900PE.NFO,2024-03-06,09:18:00,2024-04-09,500.0,500.0,500.0,500.0,0,0,1
FINNIFTY09APR2418900PE.NFO,2024-03-06,09:19:00,2024-04-09,500.0,500.0,500.0,500.0,0,0,1
FINNIFTY09APR2418900PE.NFO,2024-03-06,09:20:00,2024-04-09,500.0,500.0,500.0,500.0,0,0,1
FINNIFTY09APR2418900PE.NFO,2024-03-06,09:21:00,2024-04-09,500.0,500.0,500.0,500.0,0,0,1
FINNIFTY09APR2418900PE.NFO,2024-03-06,09:22:00,2024-04-09,500.0,500.0,500.0,500.0,0,0,1
FINNIFTY09APR2418900PE.NFO,2024-03-06,09:23:00,2024-04-09,500.0,500.0,500.0,500.0,0,0,1
FINNIFTY09APR2418900PE.NFO,2024-03-06,09:24:00,2024-04-09,500.0,500.0,500.0,500.0,0,0,1
FINNIFTY09APR2418900PE.NFO,2024-03-06,09:25:00,2024-04-09,500.0,500.0,500.0,500.0,0,0,1
FINNIFTY09APR2418900PE.NFO,2024-03-06,09:26:00,2024-04-09,500.0,500.0,500.0,500.0,0,0,1
FINNIFTY09APR2418900PE.NFO,2024-03-06,09:27:00,2024-04-09,500.0,500.0,500.0,500.0,0,0,1
FINNIFTY09APR2418900PE.NFO,2024-03-06,09:28:00,2024-04-09,500.0,500.0,500.0,500.0,0,0,1
FINNIFTY09APR2418900PE.NFO,2024-03-06,09:29:00,2024-04-09,500.0,500.0,500.0,500.0,0,0,1
FINNIFTY09APR2418900PE.NFO,2024-03-06,09:30:00,2024-04-09,500.0,500.0,500.0,500.0,0,0,1
FINNIFTY09APR2418900PE.NFO,2024-03-06,09:31:00,2024-04-09,500.0,500.0,500.0,500.0,0,0,1
FINNIFTY09APR2418900PE.NFO,2024-03-06,09:32:00,2024-04-09,500.0,500.0,500.0,500.0,0,0,1
FINNIFTY09APR2418900PE.NFO,2024-03-06,09:33:00,2024-04-09,500.0,500.0,500.0,500.0,0,0,1
FINNIFTY09APR2418900PE.NFO,2024-03-06,09:34:00,2024-04-09,500.0,500.0,500.0,500.0,0,0,1
FINNIFTY09APR2418900PE.NFO,2024-03-06,09:35:00,2024-04-09,500.0,500.0,500.0,500.0,0,0,1
FINNIFTY09APR2418900PE.NFO,2024-03-06,09:36:00,2024-04-09,500.0,500.0,500.0,500.0,0,0,1
FINNIFTY09APR2418900PE.NFO,2024-03-06,09:37:00,2024-04-09,500.0,500.0,500.0,500.0,0,0,1
FINNIFTY09APR2418900PE.NFO,2024-03-06,09:38:00,2024-04-09,500.0,500.0,500.0,500.0,0,0,1
FINNIFTY09APR2418900PE.NFO,2024-03-06,09:39:00,2024-04-09,500.0,500.0,500.0,500.0,0,0,1
FINNIFTY09APR2418900PE.NFO,2024-03-06,09:40:00,2024-04-09,500.0,500.0,500.0,500.0,0,0,1
FINNIFTY09APR2418900PE.NFO,2024-03-06,09:41:00,2024-04-09,500.0,500.0,500.0,500.0,0,0,1
FINNIFTY09APR2418900PE.NFO,2024-03-06,09:42:00,2024-04-09,500.0,500.0,500.0,500.0,0,0,1
FINNIFTY09APR2418900PE.NFO,2024-03-06,09:43:00,2024-04-09,500.0,500.0,500.0,500.0,0,0,1
FINNIFTY09APR2418900PE.NFO,2024-03-06,09:44:00,2024-04-09,500.0,500.0,500.0,500.0,0,0,1
FINNIFTY09APR2418900PE.NFO,2024-03-06,09:45:00,2024-04-09,500.0,500.0,500.0,500.0,0,0,1
FINNIFTY09APR2418900PE.NFO,2024-03-06,09:46:00,2024-04-09,500.0,500.0,500.0,500.0,0,0,1
FINNIFTY09APR2418900PE.NFO,2024-03-06,09:47:00,2024-04-09,500.0,500.0,500.0,500.0,0,0,1
FINNIFTY09APR2418900PE.NFO,2024-03-06,09:48:00,2024-04-09,500.0,500.0,500.0,500.0,0,0,1
FINNIFTY09APR2418900PE.NFO,2024-03-06,09:49:00,2024-04-09,500.0,500.0,500.0,500.0,0,0,1
FINNIFTY09APR2418900PE.NFO,2024-03-06,09:50:00,2024-04-09,500.0,500.0,500.0,500.0,0,0,1
FINNIFTY09APR2418900PE.NFO,2024-03-06,09:51:00,2024-04-09,500.0,500.0,500.0,500.0,0,0,1
FINNIFTY09APR2418900PE.NFO,2024-03-06,09:52:00,2024-04-09,500.0,500.0,500.0,500.0,0,0,1
FINNIFTY09APR2418900PE.NFO,2024-03-06,09:53:00,2024-04-09,500.0,500.0,500.0,500.0,0,0,1
FINNIFTY09APR2418900PE.NFO,2024-03-06,09:54:00,2024-04-09,500.0,500.0,500.0,500.0,0,0,1
FINNIFTY09APR2418900PE.NFO,2024-03-06,09:55:00,2024-04-09,500.0,500.0,500.0,500.0,0,0,1
FINNIFTY09APR2418900PE.NFO,2024-03-06,09:56:00,2024-04-09,500.0,500.0,500.0,500.0,0,0,1
FINNIFTY09APR2418900PE.NFO,2024-03-06,09:57:00,2024-04-09,500.0,500.0,500.0,500.0,0,0,1
FINNIFTY09APR2418900PE.NFO,2024-03-06,09:58:00,2024-04-09,500.0,500.0,500.0,500.0,0,0,1
FINNIFTY09APR2418900PE.NFO,2024-03-06,09:59:00,2024-04-09,500.0,500.0,500.0,500.0,0,0,1
FINNIFTY09APR2418900PE.NFO,2024-03-06,10:00:00,2024-04-09,500.0,500.0,500.0,500.0,0,0,1
FINNIFTY09APR2418900PE.NFO,2024-03-06,10:01:00,2024-04-09,500.0,500.0,500.0,500.0,0,0,1
FINNIFTY09APR2418900PE.NFO,2024-03-06,10:02:00,2024-04-09,500.0,500.0,500.0,500.0,0,0,1
FINNIFTY09APR2418900PE.NFO,2024-03-06,10:03:00,2024-04-09,500.0,500.0,500.0,500.0,0,0,1
FINNIFTY09APR2418900PE.NFO,2024-03-06,10:04:00,2024-04-09,500.0,500.0,500.0,500.0,0,0,1
FINNIFTY09APR2418900PE.NFO,2024-03-06,10:05:00,2024-04-09,500.0,500.0,500.0,500.0,0,0,1
FINNIFTY09APR2418900PE.NFO,2024-03-06,10:06:00,2024-04-09,500.0,500.0,500.0,500.0,0,0,1
FINNIFTY09APR2418900PE.NFO,2024-03-06,10:07:00,2024-04-09,500.0,500.0,500.0,500.0,0,0,1
FINNIFTY09APR2418900PE.NFO,2024-03-06,10:08:00,2024-04-09,500.0,500.0,500.0,500.0,0,0,1
FINNIFTY09APR2418900PE.NFO,2024-03-06,10:09:00,2024-04-09,500.0,500.0,500.0,500.0,0,0,1
FINNIFTY09APR2418900PE.NFO,2024-03-06,10:10:00,2024-04-09,500.0,500.0,500.0,500.0,0,0,1
FINNIFTY09APR2418900PE.NFO,2024-03-06,10:11:00,2024-04-09,500.0,500.0,500.0,500.0,0,0,1
FINNIFTY09APR2418900PE.NFO,2024-03-06,10:12:00,2024-04-09,500.0,500.0,500.0,500.0,0,0,1
FINNIFTY09APR2418900PE.NFO,2024-03-06,10:13:00,2024-04-09,500.0,500.0,500.0,500.0,0,0,1
FINNIFTY09APR2418900PE.NFO,2024-03-06,10:14:00,2024-04-09,500.0,500.0,500.0,500.0,0,0,1
FINNIFTY09APR2418900PE.NFO,2024-03-06,10:15:00,2024-04-09,500.0,500.0,500.0,500.0,0,0,1
FINNIFTY09APR2418900PE.NFO,2024-03-06,10:16:00,2024-04-09,500.0,500.0,500.0,500.0,0,0,1
FINNIFTY09APR2418900PE.NFO,2024-03-06,10:17:00,2024-04-09,500.0,500.0,500.0,500.0,0,0,1
FINNIFTY09APR2418900PE.NFO,2024-03-06,10:18:00,2024-04-09,500.0,500.0,500.0,500.0,0,0,1
FINNIFTY09APR2418900PE.NFO,2024-03-06,10:19:00,2024-04-09,500.0,500.0,500.0,500.0,0,0,1
FINNIFTY09APR2418900PE.NFO,2024-03-06,10:20:00,2024-04-09,500.0,500.0,500.0,500.0,0,0,1
FINNIFTY09APR2418900PE.NFO,2024-03-06,10:21:00,2024-04-09,500.0,500.0,500.0,500.0,0,0,1
FINNIFTY09APR2418900PE.NFO,2024-03-06,10:22:00,2024-04-09,500.0,500.0,500.0,500.0,0,0,1
FINNIFTY09APR2418900PE.NFO,2024-03-06,10:23:00,2024-04-09,500.0,500.0,500.0,500.0,0,0,1
FINNIFTY09APR2418900PE.NFO,2024-03-06,10:24:00,2024-04-09,500.0,500.0,500.0,500.0,0,0,1
FINNIFTY09APR2418900PE.NFO,2024-03-06,10:25:00,2024-04-09,500.0,500.0,500.0,500.0,0,0,1
FINNIFTY09APR2418900PE.NFO,2024-03-06,10:26:00,2024-04-09,500.0,500.0,500.0,500.0,0,0,1
FINNIFTY09APR2418900PE.NFO,2024-03-06,10:27:00,2024-04-09,500.0,500.0,500.0,500.0,0,0,1
FINNIFTY09APR2418900PE.NFO,2024-03-06,10:28:00,2024-04-09,500.0,500.0,500.0,500.0,0,0,1
FINNIFTY09APR2418900PE.NFO,2024-03-06,10:29:00,2024-04-09,500.0,500.0,500.0,500.0,0,0,1
FINNIFTY09APR2418900PE.NFO,2024-03-06,10:30:00,2024-04-09,500.0,500.0,500.0,500.0,0,0,1
FINNIFTY09APR2418900PE.NFO,2024-03-06,10:31:00,2024-04-09,500.0,500.0,500.0,500.0,0,0,1
FINNIFTY09APR2418900PE.NFO,2024-03-06,10:32:00,2024-04-09,500.0,500.0,500.0,500.0,0,0,1
FINNIFTY09APR2418900PE.NFO,2024-03-06,10:33:00,2024-04-09,500.0,500.0,500.0,500.0,0,0,1
FINNIFTY09APR2418900PE.NFO,2024-03-06,10:34:00,2024-04-09,500.0,500.0,500.0,500.0,0,0,1
FINNIFTY09APR2418900PE.NFO,2024-03-06,10:35:00,2024-04-09,500.0,500.0,500.0,500.0,0,0,1
FINNIFTY09APR2418900PE.NFO,2024-03-06,10:36:00,2024-04-09,500.0,500.0,500.0,500.0,0,0,1
FINNIFTY09APR2418900PE.NFO,2024-03-06,10:37:00,2024-04-09,500.0,500.0,500.0,500.0,0,0,1
FINNIFTY09APR2418900PE.NFO,2024-03-06,10:38:00,2024-04-09,500.0,500.0,500.0,500.0,0,0,1
FINNIFTY09APR2418900PE.NFO,2024-03-06,10:39:00,2024-04-09,500.0,500.0,500.0,500.0,0,0,1
FINNIFTY09APR2418900PE.NFO,2024-03-06,10:40:00,2024-04-09,500.0,500.0,500.0,500.0,0,0,1
FINNIFTY09APR2418900PE.NFO,2024-03-06,10:41:00,2024-04-09,500.0,500.0,500.0,500.0,0,0,1
FINNIFTY09APR2418900PE.NFO,2024-03-06,10:42:00,2024-04-09,500.0,500.0,500.0,500.0,0,0,1
FINNIFTY09APR2418900PE.NFO,2024-03-06,10:43:00,2024-04-09,500.0,500.0,500.0,500.0,0,0,1
FINNIFTY09APR2418900PE.NFO,2024-03-06,10:44:00,2024-04-09,500.0,500.0,500.0,500.0,0,0,1
FINNIFTY09APR2418900PE.NFO,2024-03-06,10:45:00,2024-04-09,500.0,500.0,500.0,500.0,0,0,1
FINNIFTY09APR2418900PE.NFO,2024-03-06,10:46:00,2024-04-09,500.0,500.0,500.0,500.0,0,0,1
FINNIFTY09APR2418900PE.NFO,2024-03-06,10:47:00,2024-04-09,500.0,500.0,500.0,500.0,0,0,1
FINNIFTY09APR2418900PE.NFO,2024-03-06,10:48:00,2024-04-09,500.0,500.0,500.0,500.0,0,0,1
FINNIFTY09APR2418900PE.NFO,2024-03-06,10:49:00,2024-04-09,500.0,500.0,500.0,500.0,0,0,1
FINNIFTY09APR2418900PE.NFO,2024-03-06,10:50:00,2024-04-09,500.0,500.0,500.0,500.0,0,0,1
FINNIFTY09APR2418900PE.NFO,2024-03-06,10:51:00,2024-04-09,500.0,500.0,500.0,500.0,0,0,1
FINNIFTY09APR2418900PE.NFO,2024-03-06,10:52:00,2024-04-09,500.0,500.0,500.0,500.0,0,0,1
FINNIFTY09APR2418900PE.NFO,2024-03-06,10:53:00,2024-04-09,500.0,500.0,500.0,500.0,0,0,1
FINNIFTY09APR2418900PE.NFO,2024-03-06,10:54:00,2024-04-09,500.0,500.0,500.0,500.0,0,0,1
FINNIFTY09APR2418900PE.NFO,2024-03-06,10:55:00,2024-04-09,500.0,500.0,500.0,500.0,0,0,1
FINNIFTY09APR2418900PE.NFO,2024-03-06,10:56:00,2024-04-09,500.0,500.0,500.0,500.0,0,0,1
FINNIFTY09APR2418900PE.NFO,2024-03-06,10:57:00,2024-04-09,500.0,500.0,500.0,500.0,0,0,1
FINNIFTY09APR2418900PE.NFO,2024-03-06,10:58:00,2024-04-09,500.0,500.0,500.0,500.0,0,0,1
FINNIFTY09APR2418900PE.NFO,2024-03-06,10:59:00,2024-04-09,500.0,500.0,500.0,500.0,0,0,1
FINNIFTY09APR2418900PE.NFO,2024-03-06,11:00:00,2024-04-09,500.0,500.0,500.0,500.0,0,0,1
FINNIFTY09APR2418900PE.NFO,2024-03-06,11:01:00,2024-04-09,500.0,500.0,500.0,500.0,0,0,1
FINNIFTY09APR2418900PE.NFO,2024-03-06,11:02:00,2024-04-09,500.0,500.0,500.0,500.0,0,0,1
FINNIFTY09APR2418900PE.NFO,2024-03-06,11:03:00,2024-04-09,500.0,500.0,500.0,500.0,0,0,1
FINNIFTY09APR2418900PE.NFO,2024-03-06,11:04:00,2024-04-09,500.0,500.0,500.0,500.0,0,0,1
FINNIFTY09APR2418900PE.NFO,2024-03-06,11:05:00,2024-04-09,500.0,500.0,500.0,500.0,0,0,1
FINNIFTY09APR2418900PE.NFO,2024-03-06,11:06:00,2024-04-09,500.0,500.0,500.0,500.0,0,0,1
FINNIFTY09APR2418900PE.NFO,2024-03-06,11:07:00,2024-04-09,500.0,500.0,500.0,500.0,0,0,1
FINNIFTY09APR2418900PE.NFO,2024-03-06,11:08:00,2024-04-09,500.0,500.0,500.0,500.0,0,0,1
FINNIFTY09APR2418900PE.NFO,2024-03-06,11:09:00,2024-04-09,500.0,500.0,500.0,500.0,0,0,1
FINNIFTY09APR2418900PE.NFO,2024-03-06,11:10:00,2024-04-09,500.0,500.0,500.0,500.0,0,0,1
FINNIFTY09APR2418900PE.NFO,2024-03-06,11:11:00,2024-04-09,500.0,500.0,500.0,500.0,0,0,1
FINNIFTY09APR2418900PE.NFO,2024-03-06,11:12:00,2024-04-09,500.0,500.0,500.0,500.0,0,0,1
FINNIFTY09APR2418900PE.NFO,2024-03-06,11:13:00,2024-04-09,500.0,500.0,500.0,500.0,0,0,1
FINNIFTY09APR2418900PE.NFO,2024-03-06,11:14:00,2024-04-09,500.0,500.0,500.0,500.0,0,0,1
FINNIFTY09APR2418900PE.NFO,2024-03-06,11:15:00,2024-04-09,500.0,500.0,500.0,500.0,0,0,1
FINNIFTY09APR2418900PE.NFO,2024-03-06,11:16:00,2024-04-09,500.0,500.0,500.0,500.0,0,0,1
FINNIFTY09APR2418900PE.NFO,2024-03-06,11:17:00,2024-04-09,500.0,500.0,500.0,500.0,0,0,1
FINNIFTY09APR2418900PE.NFO,2024-03-06,11:18:00,2024-04-09,500.0,500.0,500.0,500.0,0,0,1
FINNIFTY09APR2418900PE.NFO,2024-03-06,11:19:00,2024-04-09,500.0,500.0,500.0,500.0,0,0,1
FINNIFTY09APR2418900PE.NFO,2024-03-06,11:20:00,2024-04-09,500.0,500.0,500.0,500.0,0,0,1
FINNIFTY09APR2418900PE.NFO,2024-03-06,11:21:00,2024-04-09,500.0,500.0,500.0,500.0,0,0,1
FINNIFTY09APR2418900PE.NFO,2024-03-06,11:22:00,2024-04-09,500.0,500.0,500.0,500.0,0,0,1
FINNIFTY09APR2418900PE.NFO,2024-03-06,11:23:00,2024-04-09,500.0,500.0,500.0,500.0,0,0,1
FINNIFTY09APR2418900PE.NFO,2024-03-06,11:24:00,2024-04-09,500.0,500.0,500.0,500.0,0,0,1
FINNIFTY09APR2418900PE.NFO,2024-03-06,11:25:00,2024-04-09,500.0,500.0,500.0,500.0,0,0,1
FINNIFTY09APR2418900PE.NFO,2024-03-06,11:26:00,2024-04-09,500.0,500.0,500.0,500.0,0,0,1
FINNIFTY09APR2418900PE.NFO,2024-03-06,11:27:00,2024-04-09,500.0,500.0,500.0,500.0,0,0,1
FINNIFTY09APR2418900PE.NFO,2024-03-06,11:28:00,2024-04-09,500.0,500.0,500.0,500.0,0,0,1
FINNIFTY09APR2418900PE.NFO,2024-03-06,11:29:00,2024-04-09,500.0,500.0,500.0,500.0,0,0,1
FINNIFTY09APR2418900PE.NFO,2024-03-06,11:30:00,2024-04-09,500.0,500.0,500.0,500.0,0,0,1
FINNIFTY09APR2418900PE.NFO,2024-03-06,11:31:00,2024-04-09,500.0,500.0,500.0,500.0,0,0,1
FINNIFTY09APR2418900PE.NFO,2024-03-06,11:32:00,2024-04-09,500.0,500.0,500.0,500.0,0,0,1
FINNIFTY09APR2418900PE.NFO,2024-03-06,11:33:00,2024-04-09,500.0,500.0,500.0,500.0,0,0,1
FINNIFTY09APR2418900PE.NFO,2024-03-06,11:34:00,2024-04-09,500.0,500.0,500.0,500.0,0,0,1
FINNIFTY09APR2418900PE.NFO,2024-03-06,11:35:00,2024-04-09,500.0,500.0,500.0,500.0,0,0,1
FINNIFTY09APR2418900PE.NFO,2024-03-06,11:36:00,2024-04-09,500.0,500.0,500.0,500.0,0,0,1
FINNIFTY09APR2418900PE.NFO,2024-03-06,11:37:00,2024-04-09,500.0,500.0,500.0,500.0,0,0,1
FINNIFTY09APR2418900PE.NFO,2024-03-06,11:38:00,2024-04-09,500.0,500.0,500.0,500.0,0,0,1
FINNIFTY09APR2418900PE.NFO,2024-03-06,11:39:00,2024-04-09,500.0,500.0,500.0,500.0,0,0,1
FINNIFTY09APR2418900PE.NFO,2024-03-06,11:40:00,2024-04-09,500.0,500.0,500.0,500.0,0,0,1
FINNIFTY09APR2418900PE.NFO,2024-03-06,11:41:00,2024-04-09,500.0,500.0,500.0,500.0,0,0,1
FINNIFTY09APR2418900PE.NFO,2024-03-06,11:42:00,2024-04-09,500.0,500.0,500.0,500.0,0,0,1
FINNIFTY09APR2418900PE.NFO,2024-03-06,11:43:00,2024-04-09,500.0,500.0,500.0,500.0,0,0,1
FINNIFTY09APR2418900PE.NFO,2024-03-06,11:44:00,2024-04-09,500.0,500.0,500.0,500.0,0,0,1
FINNIFTY09APR2418900PE.NFO,2024-03-06,11:45:00,2024-04-09,500.0,500.0,500.0,500.0,0,0,1
FINNIFTY09APR2418900PE.NFO,2024-03-06,11:46:00,2024-04-09,500.0,500.0,500.0,500.0,0,0,1
FINNIFTY09APR2418900PE.NFO,2024-03-06,11:47:00,2024-04-09,500.0,500.0,500.0,500.0,0,0,1
FINNIFTY09APR2418900PE.NFO,2024-03-06,11:48:00,2024-04-09,500.0,500.0,500.0,500.0,0,0,1
FINNIFTY09APR2418900PE.NFO,2024-03-06,11:49:00,2024-04-09,500.0,500.0,500.0,500.0,0,0,1
FINNIFTY09APR2418900PE.NFO,2024-03-06,11:50:00,2024-04-09,500.0,500.0,500.0,500.0,0,0,1
FINNIFTY09APR2418900PE.NFO,2024-03-06,11:51:00,2024-04-09,500.0,500.0,500.0,500.0,0,0,1
FINNIFTY09APR2418900PE.NFO,2024-03-06,11:52:00,2024-04-09,500.0,500.0,500.0,500.0,0,0,1
FINNIFTY09APR2418900PE.NFO,2024-03-06,11:53:00,2024-04-09,500.0,500.0,500.0,500.0,0,0,1
FINNIFTY09APR2418900PE.NFO,2024-03-06,11:54:00,2024-04-09,500.0,500.0,500.0,500.0,0,0,1
FINNIFTY09APR2418900PE.NFO,2024-03-06,11:55:00,2024-04-09,500.0,500.0,500.0,500.0,0,0,1
FINNIFTY09APR2418900PE.NFO,2024-03-06,11:56:00,2024-04-09,500.0,500.0,500.0,500.0,0,0,1
FINNIFTY09APR2418900PE.NFO,2024-03-06,11:57:00,2024-04-09,500.0,500.0,500.0,500.0,0,0,1
FINNIFTY09APR2418900PE.NFO,2024-03-06,11:58:00,2024-04-09,500.0,500.0,500.0,500.0,0,0,1
FINNIFTY09APR2418900PE.NFO,2024-03-06,11:59:00,2024-04-09,500.0,500.0,500.0,500.0,0,0,1
FINNIFTY09APR2418900PE.NFO,2024-03-06,12:00:00,2024-04-09,500.0,500.0,500.0,500.0,0,0,1
FINNIFTY09APR2418900PE.NFO,2024-03-06,12:01:00,2024-04-09,500.0,500.0,500.0,500.0,0,0,1
FINNIFTY09APR2418900PE.NFO,2024-03-06,12:02:00,2024-04-09,500.0,500.0,500.0,500.0,0,0,1
FINNIFTY09APR2418900PE.NFO,2024-03-06,12:03:00,2024-04-09,500.0,500.0,500.0,500.0,0,0,1
FINNIFTY09APR2418900PE.NFO,2024-03-06,12:04:00,2024-04-09,500.0,500.0,500.0,500.0,0,0,1
FINNIFTY09APR2418900PE.NFO,2024-03-06,12:05:00,2024-04-09,500.0,500.0,500.0,500.0,0,0,1
FINNIFTY09APR2418900PE.NFO,2024-03-06,12:06:00,2024-04-09,500.0,500.0,500.0,500.0,0,0,1
FINNIFTY09APR2418900PE.NFO,2024-03-06,12:07:00,2024-04-09,500.0,500.0,500.0,500.0,0,0,1
FINNIFTY09APR2418900PE.NFO,2024-03-06,12:08:00,2024-04-09,500.0,500.0,500.0,500.0,0,0,1
FINNIFTY09APR2418900PE.NFO,2024-03-06,12:09:00,2024-04-09,500.0,500.0,500.0,500.0,0,0,1
FINNIFTY09APR2418900PE.NFO,2024-03-06,12:10:00,2024-04-09,500.0,500.0,500.0,500.0,0,0,1
FINNIFTY09APR2418900PE.NFO,2024-03-06,12:11:00,2024-04-09,500.0,500.0,500.0,500.0,0,0,1
FINNIFTY09APR2418900PE.NFO,2024-03-06,12:12:00,2024-04-09,500.0,500.0,500.0,500.0,0,0,1
FINNIFTY09APR2418900PE.NFO,2024-03-06,12:13:00,2024-04-09,500.0,500.0,500.0,500.0,0,0,1
FINNIFTY09APR2418900PE.NFO,2024-03-06,12:14:00,2024-04-09,500.0,500.0,500.0,500.0,0,0,1
FINNIFTY09APR2418900PE.NFO,2024-03-06,12:15:00,2024-04-09,500.0,500.0,500.0,500.0,0,0,1
FINNIFTY09APR2418900PE.NFO,2024-03-06,12:16:00,2024-04-09,500.0,500.0,500.0,500.0,0,0,1
FINNIFTY09APR2418900PE.NFO,2024-03-06,12:17:00,2024-04-09,500.0,500.0,500.0,500.0,0,0,1
FINNIFTY09APR2418900PE.NFO,2024-03-06,12:18:00,2024-04-09,500.0,500.0,500.0,500.0,0,0,1
FINNIFTY09APR2418900PE.NFO,2024-03-06,12:19:00,2024-04-09,500.0,500.0,500.0,500.0,0,0,1
FINNIFTY09APR2418900PE.NFO,2024-03-06,12:20:00,2024-04-09,500.0,500.0,500.0,500.0,0,0,1
FINNIFTY09APR2418900PE.NFO,2024-03-06,12:21:00,2024-04-09,500.0,500.0,500.0,500.0,0,0,1
FINNIFTY09APR2418900PE.NFO,2024-03-06,12:22:00,2024-04-09,500.0,500.0,500.0,500.0,0,0,1
FINNIFTY09APR2418900PE.NFO,2024-03-06,12:23:00,2024-04-09,500.0,500.0,500.0,500.0,0,0,1
FINNIFTY09APR2418900PE.NFO,2024-03-06,12:24:00,2024-04-09,500.0,500.0,500.0,500.0,0,0,1
FINNIFTY09APR2418900PE.NFO,2024-03-06,12:25:00,2024-04-09,500.0,500.0,500.0,500.0,0,0,1
FINNIFTY09APR2418900PE.NFO,2024-03-06,12:26:00,2024-04-09,500.0,500.0,500.0,500.0,0,0,1
FINNIFTY09APR2418900PE.NFO,2024-03-06,12:27:00,2024-04-09,500.0,500.0,500.0,500.0,0,0,1
FINNIFTY09APR2418900PE.NFO,2024-03-06,12:28:00,2024-04-09,500.0,500.0,500.0,500.0,0,0,1
FINNIFTY09APR2418900PE.NFO,2024-03-06,12:29:00,2024-04-09,500.0,500.0,500.0,500.0,0,0,1
FINNIFTY09APR2418900PE.NFO,2024-03-06,12:30:00,2024-04-09,500.0,500.0,500.0,500.0,0,0,1
FINNIFTY09APR2418900PE.NFO,2024-03-06,12:31:00,2024-04-09,500.0,500.0,500.0,500.0,0,0,1
FINNIFTY09APR2418900PE.NFO,2024-03-06,12:32:00,2024-04-09,500.0,500.0,500.0,500.0,0,0,1
FINNIFTY09APR2418900PE.NFO,2024-03-06,12:33:00,2024-04-09,500.0,500.0,500.0,500.0,0,0,1
FINNIFTY09APR2418900PE.NFO,2024-03-06,12:34:00,2024-04-09,500.0,500.0,500.0,500.0,0,0,1
FINNIFTY09APR2418900PE.NFO,2024-03-06,12:35:00,2024-04-09,500.0,500.0,500.0,500.0,0,0,1
FINNIFTY09APR2418900PE.NFO,2024-03-06,12:36:00,2024-04-09,500.0,500.0,500.0,500.0,0,0,1
FINNIFTY09APR2418900PE.NFO,2024-03-06,12:37:00,2024-04-09,500.0,500.0,500.0,500.0,0,0,1
FINNIFTY09APR2418900PE.NFO,2024-03-06,12:38:00,2024-04-09,500.0,500.0,500.0,500.0,0,0,1
FINNIFTY09APR2418900PE.NFO,2024-03-06,12:39:00,2024-04-09,500.0,500.0,500.0,500.0,0,0,1
FINNIFTY09APR2418900PE.NFO,2024-03-06,12:40:00,2024-04-09,500.0,500.0,500.0,500.0,0,0,1
FINNIFTY09APR2418900PE.NFO,2024-03-06,12:41:00,2024-04-09,500.0,500.0,500.0,500.0,0,0,1
FINNIFTY09APR2418900PE.NFO,2024-03-06,12:42:00,2024-04-09,500.0,500.0,500.0,500.0,0,0,1
FINNIFTY09APR2418900PE.NFO,2024-03-06,12:43:00,2024-04-09,500.0,500.0,500.0,500.0,0,0,1
FINNIFTY09APR2418900PE.NFO,2024-03-06,12:44:00,2024-04-09,500.0,500.0,500.0,500.0,0,0,1
FINNIFTY09APR2418900PE.NFO,2024-03-06,12:45:00,2024-04-09,500.0,500.0,500.0,500.0,0,0,1
FINNIFTY09APR2418900PE.NFO,2024-03-06,12:46:00,2024-04-09,500.0,500.0,500.0,500.0,0,0,1
FINNIFTY09APR2418900PE.NFO,2024-03-06,12:47:00,2024-04-09,500.0,500.0,500.0,500.0,0,0,1
FINNIFTY09APR2418900PE.NFO,2024-03-06,12:48:00,2024-04-09,500.0,500.0,500.0,500.0,0,0,1
FINNIFTY09APR2418900PE.NFO,2024-03-06,12:49:00,2024-04-09,500.0,500.0,500.0,500.0,0,0,1
FINNIFTY09APR2418900PE.NFO,2024-03-06,12:50:00,2024-04-09,500.0,500.0,500.0,500.0,0,0,1
FINNIFTY09APR2418900PE.NFO,2024-03-06,12:51:00,2024-04-09,500.0,500.0,500.0,500.0,0,0,1
FINNIFTY09APR2418900PE.NFO,2024-03-06,12:52:00,2024-04-09,500.0,500.0,500.0,500.0,0,0,1
FINNIFTY09APR2418900PE.NFO,2024-03-06,12:53:00,2024-04-09,500.0,500.0,500.0,500.0,0,0,1
FINNIFTY09APR2418900PE.NFO,2024-03-06,12:54:00,2024-04-09,500.0,500.0,500.0,500.0,0,0,1
FINNIFTY09APR2418900PE.NFO,2024-03-06,12:55:00,2024-04-09,500.0,500.0,500.0,500.0,0,0,1
FINNIFTY09APR2418900PE.NFO,2024-03-06,12:56:00,2024-04-09,500.0,500.0,500.0,500.0,0,0,1
FINNIFTY09APR2418900PE.NFO,2024-03-06,12:57:00,2024-04-09,500.0,500.0,500.0,500.0,0,0,1
FINNIFTY09APR2418900PE.NFO,2024-03-06,12:58:00,2024-04-09,500.0,500.0,500.0,500.0,0,0,1
FINNIFTY09APR2418900PE.NFO,2024-03-06,12:59:00,2024-04-09,500.0,500.0,500.0,500.0,0,0,1
FINNIFTY09APR2418900PE.NFO,2024-03-06,13:00:00,2024-04-09,500.0,500.0,500.0,500.0,0,0,1
FINNIFTY09APR2418900PE.NFO,2024-03-06,13:01:00,2024-04-09,500.0,500.0,500.0,500.0,0,0,1
FINNIFTY09APR2418900PE.NFO,2024-03-06,13:02:00,2024-04-09,500.0,500.0,500.0,500.0,0,0,1
FINNIFTY09APR2418900PE.NFO,2024-03-06,13:03:00,2024-04-09,500.0,500.0,500.0,500.0,0,0,1
FINNIFTY09APR2418900PE.NFO,2024-03-06,13:04:00,2024-04-09,500.0,500.0,500.0,500.0,0,0,1
FINNIFTY09APR2418900PE.NFO,2024-03-06,13:05:00,2024-04-09,500.0,500.0,500.0,500.0,0,0,1
FINNIFTY09APR2418900PE.NFO,2024-03-06,13:06:00,2024-04-09,500.0,500.0,500.0,500.0,0,0,1
FINNIFTY09APR2418900PE.NFO,2024-03-06,13:07:00,2024-04-09,500.0,500.0,500.0,500.0,0,0,1
FINNIFTY09APR2418900PE.NFO,2024-03-06,13:08:00,2024-04-09,500.0,500.0,500.0,500.0,0,0,1
FINNIFTY09APR2418900PE.NFO,2024-03-06,13:09:00,2024-04-09,500.0,500.0,500.0,500.0,0,0,1
FINNIFTY09APR2418900PE.NFO,2024-03-06,13:10:00,2024-04-09,500.0,500.0,500.0,500.0,0,0,1
FINNIFTY09APR2418900PE.NFO,2024-03-06,13:11:00,2024-04-09,500.0,500.0,500.0,500.0,0,0,1
FINNIFTY09APR2418900PE.NFO,2024-03-06,13:12:00,2024-04-09,500.0,500.0,500.0,500.0,0,0,1
FINNIFTY09APR2418900PE.NFO,2024-03-06,13:13:00,2024-04-09,500.0,500.0,500.0,500.0,0,0,1
FINNIFTY09APR2418900PE.NFO,2024-03-06,13:14:00,2024-04-09,500.0,500.0,500.0,500.0,0,0,1
FINNIFTY09APR2418900PE.NFO,2024-03-06,13:15:00,2024-04-09,500.0,500.0,500.0,500.0,0,0,1
FINNIFTY09APR2418900PE.NFO,2024-03-06,13:16:00,2024-04-09,500.0,500.0,500.0,500.0,0,0,1
FINNIFTY09APR2418900PE.NFO,2024-03-06,13:17:00,2024-04-09,500.0,500.0,500.0,500.0,0,0,1
FINNIFTY09APR2418900PE.NFO,2024-03-06,13:18:00,2024-04-09,500.0,500.0,500.0,500.0,0,0,1
FINNIFTY09APR2418900PE.NFO,2024-03-06,13:19:00,2024-04-09,500.0,500.0,500.0,500.0,0,0,1
FINNIFTY09APR2418900PE.NFO,2024-03-06,13:20:00,2024-04-09,500.0,500.0,500.0,500.0,0,0,1
FINNIFTY09APR2418900PE.NFO,2024-03-06,13:21:00,2024-04-09,500.0,500.0,500.0,500.0,0,0,1
FINNIFTY09APR2418900PE.NFO,2024-03-06,13:22:00,2024-04-09,500.0,500.0,500.0,500.0,0,0,1
FINNIFTY09APR2418900PE.NFO,2024-03-06,13:23:00,2024-04-09,500.0,500.0,500.0,500.0,0,0,1
FINNIFTY09APR2418900PE.NFO,2024-03-06,13:24:00,2024-04-09,500.0,500.0,500.0,500.0,0,0,1
FINNIFTY09APR2418900PE.NFO,2024-03-06,13:25:00,2024-04-09,500.0,500.0,500.0,500.0,0,0,1
FINNIFTY09APR2418900PE.NFO,2024-03-06,13:26:00,2024-04-09,500.0,500.0,500.0,500.0,0,0,1
FINNIFTY09APR2418900PE.NFO,2024-03-06,13:27:00,2024-04-09,500.0,500.0,500.0,500.0,0,0,1
FINNIFTY09APR2418900PE.NFO,2024-03-06,13:28:00,2024-04-09,500.0,500.0,500.0,500.0,0,0,1
FINNIFTY09APR2418900PE.NFO,2024-03-06,13:29:00,2024-04-09,500.0,500.0,500.0,500.0,0,0,1
FINNIFTY09APR2418900PE.NFO,2024-03-06,13:30:00,2024-04-09,500.0,500.0,500.0,500.0,0,0,1
FINNIFTY09APR2418900PE.NFO,2024-03-06,13:31:00,2024-04-09,500.0,500.0,500.0,500.0,0,0,1
FINNIFTY09APR2418900PE.NFO,2024-03-06,13:32:00,2024-04-09,500.0,500.0,500.0,500.0,0,0,1
FINNIFTY09APR2418900PE.NFO,2024-03-06,13:33:00,2024-04-09,500.0,500.0,500.0,500.0,0,0,1
FINNIFTY09APR2418900PE.NFO,2024-03-06,13:34:00,2024-04-09,500.0,500.0,500.0,500.0,0,0,1
FINNIFTY09APR2418900PE.NFO,2024-03-06,13:35:00,2024-04-09,500.0,500.0,500.0,500.0,0,0,1
FINNIFTY09APR2418900PE.NFO,2024-03-06,13:36:00,2024-04-09,500.0,500.0,500.0,500.0,0,0,1
FINNIFTY09APR2418900PE.NFO,2024-03-06,13:37:00,2024-04-09,500.0,500.0,500.0,500.0,0,0,1
FINNIFTY09APR2418900PE.NFO,2024-03-06,13:38:00,2024-04-09,500.0,500.0,500.0,500.0,0,0,1
FINNIFTY09APR2418900PE.NFO,2024-03-06,13:39:00,2024-04-09,500.0,500.0,500.0,500.0,0,0,1
FINNIFTY09APR2418900PE.NFO,2024-03-06,13:40:00,2024-04-09,500.0,500.0,500.0,500.0,0,0,1
FINNIFTY09APR2418900PE.NFO,2024-03-06,13:41:00,2024-04-09,500.0,500.0,500.0,500.0,0,0,1
FINNIFTY09APR2418900PE.NFO,2024-03-06,13:42:00,2024-04-09,500.0,500.0,500.0,500.0,0,0,1
FINNIFTY09APR2418900PE.NFO,2024-03-06,13:43:00,2024-04-09,500.0,500.0,500.0,500.0,0,0,1
FINNIFTY09APR2418900PE.NFO,2024-03-06,13:44:00,2024-04-09,500.0,500.0,500.0,500.0,0,0,1
FINNIFTY09APR2418900PE.NFO,2024-03-06,13:45:00,2024-04-09,500.0,500.0,500.0,500.0,0,0,1
FINNIFTY09APR2418900PE.NFO,2024-03-06,13:46:00,2024-04-09,500.0,500.0,500.0,500.0,0,0,1
FINNIFTY09APR2418900PE.NFO,2024-03-06,13:47:00,2024-04-09,500.0,500.0,500.0,500.0,0,0,1
FINNIFTY09APR2418900PE.NFO,2024-03-06,13:48:00,2024-04-09,500.0,500.0,500.0,500.0,0,0,1
FINNIFTY09APR2418900PE.NFO,2024-03-06,13:49:00,2024-04-09,500.0,500.0,500.0,500.0,0,0,1
FINNIFTY09APR2418900PE.NFO,2024-03-06,13:50:00,2024-04-09,500.0,500.0,500.0,500.0,0,0,1
FINNIFTY09APR2418900PE.NFO,2024-03-06,13:51:00,2024-04-09,500.0,500.0,500.0,500.0,0,0,1
FINNIFTY09APR2418900PE.NFO,2024-03-06,13:52:00,2024-04-09,500.0,500.0,500.0,500.0,0,0,1
FINNIFTY09APR2418900PE.NFO,2024-03-06,13:53:00,2024-04-09,500.0,500.0,500.0,500.0,0,0,1
FINNIFTY09APR2418900PE.NFO,2024-03-06,13:54:00,2024-04-09,500.0,500.0,500.0,500.0,0,0,1
FINNIFTY09APR2418900PE.NFO,2024-03-06,13:55:00,2024-04-09,500.0,500.0,500.0,500.0,0,0,1
FINNIFTY09APR2418900PE.NFO,2024-03-06,13:56:00,2024-04-09,500.0,500.0,500.0,500.0,0,0,1
FINNIFTY09APR2418900PE.NFO,2024-03-06,13:57:00,2024-04-09,500.0,500.0,500.0,500.0,0,0,1
FINNIFTY09APR2418900PE.NFO,2024-03-06,13:58:00,2024-04-09,500.0,500.0,500.0,500.0,0,0,1
FINNIFTY09APR2418900PE.NFO,2024-03-06,13:59:00,2024-04-09,500.0,500.0,500.0,500.0,0,0,1
FINNIFTY09APR2418900PE.NFO,2024-03-06,14:00:00,2024-04-09,500.0,500.0,500.0,500.0,0,0,1
FINNIFTY09APR2418900PE.NFO,2024-03-06,14:01:00,2024-04-09,500.0,500.0,500.0,500.0,0,0,1
FINNIFTY09APR2418900PE.NFO,2024-03-06,14:02:00,2024-04-09,500.0,500.0,500.0,500.0,0,0,1
FINNIFTY09APR2418900PE.NFO,2024-03-06,14:03:00,2024-04-09,500.0,500.0,500.0,500.0,0,0,1
FINNIFTY09APR2418900PE.NFO,2024-03-06,14:04:00,2024-04-09,500.0,500.0,500.0,500.0,0,0,1
FINNIFTY09APR2418900PE.NFO,2024-03-06,14:05:00,2024-04-09,500.0,500.0,500.0,500.0,0,0,1
FINNIFTY09APR2418900PE.NFO,2024-03-06,14:06:00,2024-04-09,500.0,500.0,500.0,500.0,0,0,1
FINNIFTY09APR2418900PE.NFO,2024-03-06,14:07:00,2024-04-09,500.0,500.0,500.0,500.0,0,0,1
FINNIFTY09APR2418900PE.NFO,2024-03-06,14:08:00,2024-04-09,500.0,500.0,500.0,500.0,0,0,1
FINNIFTY09APR2418900PE.NFO,2024-03-06,14:09:00,2024-04-09,500.0,500.0,500.0,500.0,0,0,1
FINNIFTY09APR2418900PE.NFO,2024-03-06,14:10:00,2024-04-09,500.0,500.0,500.0,500.0,0,0,1
FINNIFTY09APR2418900PE.NFO,2024-03-06,14:11:00,2024-04-09,500.0,500.0,500.0,500.0,0,0,1
FINNIFTY09APR2418900PE.NFO,2024-03-06,14:12:00,2024-04-09,500.0,500.0,500.0,500.0,0,0,1
FINNIFTY09APR2418900PE.NFO,2024-03-06,14:13:00,2024-04-09,500.0,500.0,500.0,500.0,0,0,1
FINNIFTY09APR2418900PE.NFO,2024-03-06,14:14:00,2024-04-09,500.0,500.0,500.0,500.0,0,0,1
FINNIFTY09APR2418900PE.NFO,2024-03-06,14:15:00,2024-04-09,500.0,500.0,500.0,500.0,0,0,1
FINNIFTY09APR2418900PE.NFO,2024-03-06,14:16:00,2024-04-09,500.0,500.0,500.0,500.0,0,0,1
FINNIFTY09APR2418900PE.NFO,2024-03-06,14:17:00,2024-04-09,500.0,500.0,500.0,500.0,0,0,1
FINNIFTY09APR2418900PE.NFO,2024-03-06,14:18:00,2024-04-09,500.0,500.0,500.0,500.0,0,0,1
FINNIFTY09APR2418900PE.NFO,2024-03-06,14:19:00,2024-04-09,500.0,500.0,500.0,500.0,0,0,1
FINNIFTY09APR2418900PE.NFO,2024-03-06,14:20:00,2024-04-09,500.0,500.0,500.0,500.0,0,0,1
FINNIFTY09APR2418900PE.NFO,2024-03-06,14:21:00,2024-04-09,500.0,500.0,500.0,500.0,0,0,1
FINNIFTY09APR2418900PE.NFO,2024-03-06,14:22:00,2024-04-09,500.0,500.0,500.0,500.0,0,0,1
FINNIFTY09APR2418900PE.NFO,2024-03-06,14:23:00,2024-04-09,500.0,500.0,500.0,500.0,0,0,1
FINNIFTY09APR2418900PE.NFO,2024-03-06,14:24:00,2024-04-09,500.0,500.0,500.0,500.0,0,0,1
FINNIFTY09APR2418900PE.NFO,2024-03-06,14:25:00,2024-04-09,500.0,500.0,500.0,500.0,0,0,1
FINNIFTY09APR2418900PE.NFO,2024-03-06,14:26:00,2024-04-09,500.0,500.0,500.0,500.0,0,0,1
FINNIFTY09APR2418900PE.NFO,2024-03-06,14:27:00,2024-04-09,500.0,500.0,500.0,500.0,0,0,1
FINNIFTY09APR2418900PE.NFO,2024-03-06,14:28:00,2024-04-09,500.0,500.0,500.0,500.0,0,0,1
FINNIFTY09APR2418900PE.NFO,2024-03-06,14:29:00,2024-04-09,500.0,500.0,500.0,500.0,0,0,1
FINNIFTY09APR2418900PE.NFO,2024-03-06,14:30:00,2024-04-09,500.0,500.0,500.0,500.0,0,0,1
FINNIFTY09APR2418900PE.NFO,2024-03-06,14:31:00,2024-04-09,500.0,500.0,500.0,500.0,0,0,1
FINNIFTY09APR2418900PE.NFO,2024-03-06,14:32:00,2024-04-09,500.0,500.0,500.0,500.0,0,0,1
FINNIFTY09APR2418900PE.NFO,2024-03-06,14:33:00,2024-04-09,500.0,500.0,500.0,500.0,0,0,1
FINNIFTY09APR2418900PE.NFO,2024-03-06,14:34:00,2024-04-09,500.0,500.0,500.0,500.0,0,0,1
FINNIFTY09APR2418900PE.NFO,2024-03-06,14:35:00,2024-04-09,500.0,500.0,500.0,500.0,0,0,1
FINNIFTY09APR2418900PE.NFO,2024-03-06,14:36:00,2024-04-09,500.0,500.0,500.0,500.0,0,0,1
FINNIFTY09APR2418900PE.NFO,2024-03-06,14:37:00,2024-04-09,500.0,500.0,500.0,500.0,0,0,1
FINNIFTY09APR2418900PE.NFO,2024-03-06,14:38:00,2024-04-09,500.0,500.0,500.0,500.0,0,0,1
FINNIFTY09APR2418900PE.NFO,2024-03-06,14:39:00,2024-04-09,500.0,500.0,500.0,500.0,0,0,1
FINNIFTY09APR2418900PE.NFO,2024-03-06,14:40:00,2024-04-09,500.0,500.0,500.0,500.0,0,0,1
FINNIFTY09APR2418900PE.NFO,2024-03-06,14:41:00,2024-04-09,500.0,500.0,500.0,500.0,0,0,1
FINNIFTY09APR2418900PE.NFO,2024-03-06,14:42:00,2024-04-09,500.0,500.0,500.0,500.0,0,0,1
FINNIFTY09APR2418900PE.NFO,2024-03-06,14:43:00,2024-04-09,500.0,500.0,500.0,500.0,0,0,1
FINNIFTY09APR2418900PE.NFO,2024-03-06,14:44:00,2024-04-09,500.0,500.0,500.0,500.0,0,0,1
FINNIFTY09APR2418900PE.NFO,2024-03-06,14:45:00,2024-04-09,500.0,500.0,500.0,500.0,0,0,1
FINNIFTY09APR2418900PE.NFO,2024-03-06,14:46:00,2024-04-09,500.0,500.0,500.0,500.0,0,0,1
FINNIFTY09APR2418900PE.NFO,2024-03-06,14:47:00,2024-04-09,500.0,500.0,500.0,500.0,0,0,1
FINNIFTY09APR2418900PE.NFO,2024-03-06,14:48:00,2024-04-09,500.0,500.0,500.0,500.0,0,0,1
FINNIFTY09APR2418900PE.NFO,2024-03-06,14:49:00,2024-04-09,500.0,500.0,500.0,500.0,0,0,1
FINNIFTY09APR2418900PE.NFO,2024-03-06,14:50:00,2024-04-09,500.0,500.0,500.0,500.0,0,0,1
FINNIFTY09APR2418900PE.NFO,2024-03-06,14:51:00,2024-04-09,500.0,500.0,500.0,500.0,0,0,1
FINNIFTY09APR2418900PE.NFO,2024-03-06,14:52:00,2024-04-09,500.0,500.0,500.0,500.0,0,0,1
FINNIFTY09APR2418900PE.NFO,2024-03-06,14:53:00,2024-04-09,500.0,500.0,500.0,500.0,0,0,1
FINNIFTY09APR2418900PE.NFO,2024-03-06,14:54:00,2024-04-09,500.0,500.0,500.0,500.0,0,0,1
FINNIFTY09APR2418900PE.NFO,2024-03-06,14:55:00,2024-04-09,500.0,500.0,500.0,500.0,0,0,1
FINNIFTY09APR2418900PE.NFO,2024-03-06,14:56:00,2024-04-09,500.0,500.0,500.0,500.0,0,0,1
FINNIFTY09APR2418900PE.NFO,2024-03-06,14:57:00,2024-04-09,500.0,500.0,500.0,500.0,0,0,1
FINNIFTY09APR2418900PE.NFO,2024-03-06,14:58:00,2024-04-09,500.0,500.0,500.0,500.0,0,0,1
FINNIFTY09APR2418900PE.NFO,2024-03-06,14:59:00,2024-04-09,500.0,500.0,500.0,500.0,0,0,1
FINNIFTY09APR2418900PE.NFO,2024-03-06,15:00:00,2024-04-09,500.0,500.0,500.0,500.0,0,0,1
FINNIFTY09APR2418900PE.NFO,2024-03-06,15:01:00,2024-04-09,500.0,500.0,500.0,500.0,0,0,1
FINNIFTY09APR2418900PE.NFO,2024-03-06,15:02:00,2024-04-09,500.0,500.0,500.0,500.0,0,0,1
FINNIFTY09APR2418900PE.NFO,2024-03-06,15:03:00,2024-04-09,500.0,500.0,500.0,500.0,0,0,1
FINNIFTY09APR2418900PE.NFO,2024-03-06,15:04:00,2024-04-09,500.0,500.0,500.0,500.0,0,0,1
FINNIFTY09APR2418900PE.NFO,2024-03-06,15:05:00,2024-04-09,500.0,500.0,500.0,500.0,0,0,1
FINNIFTY09APR2418900PE.NFO,2024-03-06,15:06:00,2024-04-09,500.0,500.0,500.0,500.0,0,0,1
FINNIFTY09APR2418900PE.NFO,2024-03-06,15:07:00,2024-04-09,500.0,500.0,500.0,500.0,0,0,1
FINNIFTY09APR2418900PE.NFO,2024-03-06,15:08:00,2024-04-09,500.0,500.0,500.0,500.0,0,0,1
FINNIFTY09APR2418900PE.NFO,2024-03-06,15:09:00,2024-04-09,500.0,500.0,500.0,500.0,0,0,1
FINNIFTY09APR2418900PE.NFO,2024-03-06,15:10:00,2024-04-09,500.0,500.0,500.0,500.0,0,0,1
FINNIFTY09APR2418900PE.NFO,2024-03-06,15:11:00,2024-04-09,500.0,500.0,500.0,500.0,0,0,1
FINNIFTY09APR2418900PE.NFO,2024-03-06,15:12:00,2024-04-09,500.0,500.0,500.0,500.0,0,0,1
FINNIFTY09APR2418900PE.NFO,2024-03-06,15:13:00,2024-04-09,500.0,500.0,500.0,500.0,0,0,1
FINNIFTY09APR2418900PE.NFO,2024-03-06,15:14:00,2024-04-09,500.0,500.0,500.0,500.0,0,0,1
FINNIFTY09APR2418900PE.NFO,2024-03-06,15:15:00,2024-04-09,500.0,500.0,500.0,500.0,0,0,1
FINNIFTY09APR2418900PE.NFO,2024-03-06,15:16:00,2024-04-09,500.0,500.0,500.0,500.0,0,0,1
FINNIFTY09APR2418900PE.NFO,2024-03-06,15:17:00,2024-04-09,500.0,500.0,500.0,500.0,0,0,1
FINNIFTY09APR2418900PE.NFO,2024-03-06,15:18:00,2024-04-09,500.0,500.0,500.0,500.0,0,0,1
FINNIFTY09APR2418900PE.NFO,2024-03-06,15:19:00,2024-04-09,500.0,500.0,500.0,500.0,0,0,1
FINNIFTY09APR2418900PE.NFO,2024-03-06,15:20:00,2024-04-09,500.0,500.0,500.0,500.0,0,0,1
FINNIFTY09APR2418900PE.NFO,2024-03-06,15:21:00,2024-04-09,500.0,500.0,500.0,500.0,0,0,1
FINNIFTY09APR2418900PE.NFO,2024-03-06,15:22:00,2024-04-09,500.0,500.0,500.0,500.0,0,0,1
FINNIFTY09APR2418900PE.NFO,2024-03-06,15:23:00,2024-04-09,500.0,500.0,500.0,500.0,0,0,1
FINNIFTY09APR2418900PE.NFO,2024-03-06,15:24:00,2024-04-09,500.0,500.0,500.0,500.0,0,0,1
FINNIFTY09APR2418900PE.NFO,2024-03-06,15:25:00,2024-04-09,500.0,500.0,500.0,500.0,0,0,1
FINNIFTY09APR2418900PE.NFO,2024-03-06,15:26:00,2024-04-09,500.0,500.0,500.0,500.0,0,0,1
FINNIFTY09APR2418900PE.NFO,2024-03-06,15:27:00,2024-04-09,500.0,500.0,500.0,500.0,0,0,1
FINNIFTY09APR2418900PE.NFO,2024-03-06,15:28:00,2024-04-09,500.0,500.0,500.0,500.0,0,0,1
FINNIFTY09APR2418900PE.NFO,2024-03-06,15:29:00,2024-04-09,500.0,500.0,500.0,500.0,0,0,1
FINNIFTY09APR2418900PE.NFO,2024-03-06,15:30:00,2024-04-09,500.0,500.0,500.0,500.0,0,0,1
FINNIFTY09APR2418900PE.NFO,2024-03-07,09:15:00,2024-04-09,500.0,500.0,500.0,500.0,0,0,0
FINNIFTY09APR2418900PE.NFO,2024-03-07,09:16:00,2024-04-09,500.0,500.0,500.0,500.0,0,0,1
FINNIFTY09APR2418900PE.NFO,2024-03-07,09:17:00,2024-04-09,500.0,500.0,500.0,500.0,0,0,1
FINNIFTY09APR2418900PE.NFO,2024-03-07,09:18:00,2024-04-09,500.0,500.0,500.0,500.0,0,0,1
FINNIFTY09APR2418900PE.NFO,2024-03-07,09:19:00,2024-04-09,500.0,500.0,500.0,500.0,0,0,1
FINNIFTY09APR2418900PE.NFO,2024-03-07,09:20:00,2024-04-09,500.0,500.0,500.0,500.0,0,0,1
FINNIFTY09APR2418900PE.NFO,2024-03-07,09:21:00,2024-04-09,500.0,500.0,500.0,500.0,0,0,1
FINNIFTY09APR2418900PE.NFO,2024-03-07,09:22:00,2024-04-09,500.0,500.0,500.0,500.0,0,0,1
FINNIFTY09APR2418900PE.NFO,2024-03-07,09:23:00,2024-04-09,500.0,500.0,500.0,500.0,0,0,1
FINNIFTY09APR2418900PE.NFO,2024-03-07,09:24:00,2024-04-09,500.0,500.0,500.0,500.0,0,0,1
FINNIFTY09APR2418900PE.NFO,2024-03-07,09:25:00,2024-04-09,500.0,500.0,500.0,500.0,0,0,1
FINNIFTY09APR2418900PE.NFO,2024-03-07,09:26:00,2024-04-09,500.0,500.0,500.0,500.0,0,0,1
FINNIFTY09APR2418900PE.NFO,2024-03-07,09:27:00,2024-04-09,500.0,500.0,500.0,500.0,0,0,1
FINNIFTY09APR2418900PE.NFO,2024-03-07,09:28:00,2024-04-09,500.0,500.0,500.0,500.0,0,0,1
FINNIFTY09APR2418900PE.NFO,2024-03-07,09:29:00,2024-04-09,500.0,500.0,500.0,500.0,0,0,1
FINNIFTY09APR2418900PE.NFO,2024-03-07,09:30:00,2024-04-09,500.0,500.0,500.0,500.0,0,0,1
FINNIFTY09APR2418900PE.NFO,2024-03-07,09:31:00,2024-04-09,500.0,500.0,500.0,500.0,0,0,1
FINNIFTY09APR2418900PE.NFO,2024-03-07,09:32:00,2024-04-09,500.0,500.0,500.0,500.0,0,0,1
FINNIFTY09APR2418900PE.NFO,2024-03-07,09:33:00,2024-04-09,500.0,500.0,500.0,500.0,0,0,1
FINNIFTY09APR2418900PE.NFO,2024-03-07,09:34:00,2024-04-09,500.0,500.0,500.0,500.0,0,0,1
FINNIFTY09APR2418900PE.NFO,2024-03-07,09:35:00,2024-04-09,500.0,500.0,500.0,500.0,0,0,1
FINNIFTY09APR2418900PE.NFO,2024-03-07,09:36:00,2024-04-09,500.0,500.0,500.0,500.0,0,0,1
FINNIFTY09APR2418900PE.NFO,2024-03-07,09:37:00,2024-04-09,500.0,500.0,500.0,500.0,0,0,1
FINNIFTY09APR2418900PE.NFO,2024-03-07,09:38:00,2024-04-09,500.0,500.0,500.0,500.0,0,0,1
FINNIFTY09APR2418900PE.NFO,2024-03-07,09:39:00,2024-04-09,500.0,500.0,500.0,500.0,0,0,1
FINNIFTY09APR2418900PE.NFO,2024-03-07,09:40:00,2024-04-09,500.0,500.0,500.0,500.0,0,0,1
FINNIFTY09APR2418900PE.NFO,2024-03-07,09:41:00,2024-04-09,500.0,500.0,500.0,500.0,0,0,1
FINNIFTY09APR2418900PE.NFO,2024-03-07,09:42:00,2024-04-09,500.0,500.0,500.0,500.0,0,0,1
FINNIFTY09APR2418900PE.NFO,2024-03-07,09:43:00,2024-04-09,500.0,500.0,500.0,500.0,0,0,1
FINNIFTY09APR2418900PE.NFO,2024-03-07,09:44:00,2024-04-09,500.0,500.0,500.0,500.0,0,0,1
FINNIFTY09APR2418900PE.NFO,2024-03-07,09:45:00,2024-04-09,500.0,500.0,500.0,500.0,0,0,1
FINNIFTY09APR2418900PE.NFO,2024-03-07,09:46:00,2024-04-09,500.0,500.0,500.0,500.0,0,0,1
FINNIFTY09APR2418900PE.NFO,2024-03-07,09:47:00,2024-04-09,500.0,500.0,500.0,500.0,0,0,1
FINNIFTY09APR2418900PE.NFO,2024-03-07,09:48:00,2024-04-09,500.0,500.0,500.0,500.0,0,0,1
FINNIFTY09APR2418900PE.NFO,2024-03-07,09:49:00,2024-04-09,500.0,500.0,500.0,500.0,0,0,1
FINNIFTY09APR2418900PE.NFO,2024-03-07,09:50:00,2024-04-09,500.0,500.0,500.0,500.0,0,0,1
FINNIFTY09APR2418900PE.NFO,2024-03-07,09:51:00,2024-04-09,500.0,500.0,500.0,500.0,0,0,1
FINNIFTY09APR2418900PE.NFO,2024-03-07,09:52:00,2024-04-09,500.0,500.0,500.0,500.0,0,0,1
FINNIFTY09APR2418900PE.NFO,2024-03-07,09:53:00,2024-04-09,500.0,500.0,500.0,500.0,0,0,1
FINNIFTY09APR2418900PE.NFO,2024-03-07,09:54:00,2024-04-09,500.0,500.0,500.0,500.0,0,0,1
FINNIFTY09APR2418900PE.NFO,2024-03-07,09:55:00,2024-04-09,500.0,500.0,500.0,500.0,0,0,1
FINNIFTY09APR2418900PE.NFO,2024-03-07,09:56:00,2024-04-09,500.0,500.0,500.0,500.0,0,0,1
FINNIFTY09APR2418900PE.NFO,2024-03-07,09:57:00,2024-04-09,500.0,500.0,500.0,500.0,0,0,1
FINNIFTY09APR2418900PE.NFO,2024-03-07,09:58:00,2024-04-09,500.0,500.0,500.0,500.0,0,0,1
FINNIFTY09APR2418900PE.NFO,2024-03-07,09:59:00,2024-04-09,500.0,500.0,500.0,500.0,0,0,1
FINNIFTY09APR2418900PE.NFO,2024-03-07,10:00:00,2024-04-09,500.0,500.0,500.0,500.0,0,0,1
FINNIFTY09APR2418900PE.NFO,2024-03-07,10:01:00,2024-04-09,500.0,500.0,500.0,500.0,0,0,1
FINNIFTY09APR2418900PE.NFO,2024-03-07,10:02:00,2024-04-09,500.0,500.0,500.0,500.0,0,0,1
FINNIFTY09APR2418900PE.NFO,2024-03-07,10:03:00,2024-04-09,500.0,500.0,500.0,500.0,0,0,1
FINNIFTY09APR2418900PE.NFO,2024-03-07,10:04:00,2024-04-09,500.0,500.0,500.0,500.0,0,0,1
FINNIFTY09APR2418900PE.NFO,2024-03-07,10:05:00,2024-04-09,500.0,500.0,500.0,500.0,0,0,1
FINNIFTY09APR2418900PE.NFO,2024-03-07,10:06:00,2024-04-09,500.0,500.0,500.0,500.0,0,0,1
FINNIFTY09APR2418900PE.NFO,2024-03-07,10:07:00,2024-04-09,500.0,500.0,500.0,500.0,0,0,1
FINNIFTY09APR2418900PE.NFO,2024-03-07,10:08:00,2024-04-09,500.0,500.0,500.0,500.0,0,0,1
FINNIFTY09APR2418900PE.NFO,2024-03-07,10:09:00,2024-04-09,500.0,500.0,500.0,500.0,0,0,1
FINNIFTY09APR2418900PE.NFO,2024-03-07,10:10:00,2024-04-09,500.0,500.0,500.0,500.0,0,0,1
FINNIFTY09APR2418900PE.NFO,2024-03-07,10:11:00,2024-04-09,500.0,500.0,500.0,500.0,0,0,1
FINNIFTY09APR2418900PE.NFO,2024-03-07,10:12:00,2024-04-09,500.0,500.0,500.0,500.0,0,0,1
FINNIFTY09APR2418900PE.NFO,2024-03-07,10:13:00,2024-04-09,500.0,500.0,500.0,500.0,0,0,1
FINNIFTY09APR2418900PE.NFO,2024-03-07,10:14:00,2024-04-09,500.0,500.0,500.0,500.0,0,0,1
FINNIFTY09APR2418900PE.NFO,2024-03-07,10:15:00,2024-04-09,500.0,500.0,500.0,500.0,0,0,1
FINNIFTY09APR2418900PE.NFO,2024-03-07,10:16:00,2024-04-09,500.0,500.0,500.0,500.0,0,0,1
FINNIFTY09APR2418900PE.NFO,2024-03-07,10:17:00,2024-04-09,500.0,500.0,500.0,500.0,0,0,1
FINNIFTY09APR2418900PE.NFO,2024-03-07,10:18:00,2024-04-09,500.0,500.0,500.0,500.0,0,0,1
FINNIFTY09APR2418900PE.NFO,2024-03-07,10:19:00,2024-04-09,500.0,500.0,500.0,500.0,0,0,1
FINNIFTY09APR2418900PE.NFO,2024-03-07,10:20:00,2024-04-09,500.0,500.0,500.0,500.0,0,0,1
FINNIFTY09APR2418900PE.NFO,2024-03-07,10:21:00,2024-04-09,500.0,500.0,500.0,500.0,0,0,1
FINNIFTY09APR2418900PE.NFO,2024-03-07,10:22:00,2024-04-09,500.0,500.0,500.0,500.0,0,0,1
FINNIFTY09APR2418900PE.NFO,2024-03-07,10:23:00,2024-04-09,500.0,500.0,500.0,500.0,0,0,1
FINNIFTY09APR2418900PE.NFO,2024-03-07,10:24:00,2024-04-09,500.0,500.0,500.0,500.0,0,0,1
FINNIFTY09APR2418900PE.NFO,2024-03-07,10:25:00,2024-04-09,500.0,500.0,500.0,500.0,0,0,1
FINNIFTY09APR2418900PE.NFO,2024-03-07,10:26:00,2024-04-09,500.0,500.0,500.0,500.0,0,0,1
FINNIFTY09APR2418900PE.NFO,2024-03-07,10:27:00,2024-04-09,500.0,500.0,500.0,500.0,0,0,1
FINNIFTY09APR2418900PE.NFO,2024-03-07,10:28:00,2024-04-09,500.0,500.0,500.0,500.0,0,0,1
FINNIFTY09APR2418900PE.NFO,2024-03-07,10:29:00,2024-04-09,500.0,500.0,500.0,500.0,0,0,1
FINNIFTY09APR2418900PE.NFO,2024-03-07,10:30:00,2024-04-09,500.0,500.0,500.0,500.0,0,0,1
FINNIFTY09APR2418900PE.NFO,2024-03-07,10:31:00,2024-04-09,500.0,500.0,500.0,500.0,0,0,1
FINNIFTY09APR2418900PE.NFO,2024-03-07,10:32:00,2024-04-09,500.0,500.0,500.0,500.0,0,0,1
FINNIFTY09APR2418900PE.NFO,2024-03-07,10:33:00,2024-04-09,500.0,500.0,500.0,500.0,0,0,1
FINNIFTY09APR2418900PE.NFO,2024-03-07,10:34:00,2024-04-09,500.0,500.0,500.0,500.0,0,0,1
FINNIFTY09APR2418900PE.NFO,2024-03-07,10:35:00,2024-04-09,500.0,500.0,500.0,500.0,0,0,1
FINNIFTY09APR2418900PE.NFO,2024-03-07,10:36:00,2024-04-09,500.0,500.0,500.0,500.0,0,0,1
FINNIFTY09APR2418900PE.NFO,2024-03-07,10:37:00,2024-04-09,500.0,500.0,500.0,500.0,0,0,1
FINNIFTY09APR2418900PE.NFO,2024-03-07,10:38:00,2024-04-09,500.0,500.0,500.0,500.0,0,0,1
FINNIFTY09APR2418900PE.NFO,2024-03-07,10:39:00,2024-04-09,500.0,500.0,500.0,500.0,0,0,1
FINNIFTY09APR2418900PE.NFO,2024-03-07,10:40:00,2024-04-09,500.0,500.0,500.0,500.0,0,0,1
FINNIFTY09APR2418900PE.NFO,2024-03-07,10:41:00,2024-04-09,500.0,500.0,500.0,500.0,0,0,1
FINNIFTY09APR2418900PE.NFO,2024-03-07,10:42:00,2024-04-09,500.0,500.0,500.0,500.0,0,0,1
FINNIFTY09APR2418900PE.NFO,2024-03-07,10:43:00,2024-04-09,500.0,500.0,500.0,500.0,0,0,1
FINNIFTY09APR2418900PE.NFO,2024-03-07,10:44:00,2024-04-09,500.0,500.0,500.0,500.0,0,0,1
FINNIFTY09APR2418900PE.NFO,2024-03-07,10:45:00,2024-04-09,500.0,500.0,500.0,500.0,0,0,1
FINNIFTY09APR2418900PE.NFO,2024-03-07,10:46:00,2024-04-09,500.0,500.0,500.0,500.0,0,0,1
FINNIFTY09APR2418900PE.NFO,2024-03-07,10:47:00,2024-04-09,500.0,500.0,500.0,500.0,0,0,1
FINNIFTY09APR2418900PE.NFO,2024-03-07,10:48:00,2024-04-09,500.0,500.0,500.0,500.0,0,0,1
FINNIFTY09APR2418900PE.NFO,2024-03-07,10:49:00,2024-04-09,500.0,500.0,500.0,500.0,0,0,1
FINNIFTY09APR2418900PE.NFO,2024-03-07,10:50:00,2024-04-09,500.0,500.0,500.0,500.0,0,0,1
FINNIFTY09APR2418900PE.NFO,2024-03-07,10:51:00,2024-04-09,500.0,500.0,500.0,500.0,0,0,1
FINNIFTY09APR2418900PE.NFO,2024-03-07,10:52:00,2024-04-09,500.0,500.0,500.0,500.0,0,0,1
FINNIFTY09APR2418900PE.NFO,2024-03-07,10:53:00,2024-04-09,500.0,500.0,500.0,500.0,0,0,1
FINNIFTY09APR2418900PE.NFO,2024-03-07,10:54:00,2024-04-09,500.0,500.0,500.0,500.0,0,0,1
FINNIFTY09APR2418900PE.NFO,2024-03-07,10:55:00,2024-04-09,500.0,500.0,500.0,500.0,0,0,1
FINNIFTY09APR2418900PE.NFO,2024-03-07,10:56:00,2024-04-09,500.0,500.0,500.0,500.0,0,0,1
FINNIFTY09APR2418900PE.NFO,2024-03-07,10:57:00,2024-04-09,500.0,500.0,500.0,500.0,0,0,1
FINNIFTY09APR2418900PE.NFO,2024-03-07,10:58:00,2024-04-09,500.0,500.0,500.0,500.0,0,0,1
FINNIFTY09APR2418900PE.NFO,2024-03-07,10:59:00,2024-04-09,500.0,500.0,500.0,500.0,0,0,1
FINNIFTY09APR2418900PE.NFO,2024-03-07,11:00:00,2024-04-09,500.0,500.0,500.0,500.0,0,0,1
FINNIFTY09APR2418900PE.NFO,2024-03-07,11:01:00,2024-04-09,500.0,500.0,500.0,500.0,0,0,1
FINNIFTY09APR2418900PE.NFO,2024-03-07,11:02:00,2024-04-09,500.0,500.0,500.0,500.0,0,0,1
FINNIFTY09APR2418900PE.NFO,2024-03-07,11:03:00,2024-04-09,500.0,500.0,500.0,500.0,0,0,1
FINNIFTY09APR2418900PE.NFO,2024-03-07,11:04:00,2024-04-09,500.0,500.0,500.0,500.0,0,0,1
FINNIFTY09APR2418900PE.NFO,2024-03-07,11:05:00,2024-04-09,500.0,500.0,500.0,500.0,0,0,1
FINNIFTY09APR2418900PE.NFO,2024-03-07,11:06:00,2024-04-09,500.0,500.0,500.0,500.0,0,0,1
FINNIFTY09APR2418900PE.NFO,2024-03-07,11:07:00,2024-04-09,500.0,500.0,500.0,500.0,0,0,1
FINNIFTY09APR2418900PE.NFO,2024-03-07,11:08:00,2024-04-09,500.0,500.0,500.0,500.0,0,0,1
FINNIFTY09APR2418900PE.NFO,2024-03-07,11:09:00,2024-04-09,500.0,500.0,500.0,500.0,0,0,1
FINNIFTY09APR2418900PE.NFO,2024-03-07,11:10:00,2024-04-09,500.0,500.0,500.0,500.0,0,0,1
FINNIFTY09APR2418900PE.NFO,2024-03-07,11:11:00,2024-04-09,500.0,500.0,500.0,500.0,0,0,1
FINNIFTY09APR2418900PE.NFO,2024-03-07,11:12:00,2024-04-09,500.0,500.0,500.0,500.0,0,0,1
FINNIFTY09APR2418900PE.NFO,2024-03-07,11:13:00,2024-04-09,500.0,500.0,500.0,500.0,0,0,1
FINNIFTY09APR2418900PE.NFO,2024-03-07,11:14:00,2024-04-09,500.0,500.0,500.0,500.0,0,0,1
FINNIFTY09APR2418900PE.NFO,2024-03-07,11:15:00,2024-04-09,500.0,500.0,500.0,500.0,0,0,1
FINNIFTY09APR2418900PE.NFO,2024-03-07,11:16:00,2024-04-09,500.0,500.0,500.0,500.0,0,0,1
FINNIFTY09APR2418900PE.NFO,2024-03-07,11:17:00,2024-04-09,500.0,500.0,500.0,500.0,0,0,1
FINNIFTY09APR2418900PE.NFO,2024-03-07,11:18:00,2024-04-09,500.0,500.0,500.0,500.0,0,0,1
FINNIFTY09APR2418900PE.NFO,2024-03-07,11:19:00,2024-04-09,500.0,500.0,500.0,500.0,0,0,1
FINNIFTY09APR2418900PE.NFO,2024-03-07,11:20:00,2024-04-09,500.0,500.0,500.0,500.0,0,0,1
FINNIFTY09APR2418900PE.NFO,2024-03-07,11:21:00,2024-04-09,500.0,500.0,500.0,500.0,0,0,1
FINNIFTY09APR2418900PE.NFO,2024-03-07,11:22:00,2024-04-09,500.0,500.0,500.0,500.0,0,0,1
FINNIFTY09APR2418900PE.NFO,2024-03-07,11:23:00,2024-04-09,500.0,500.0,500.0,500.0,0,0,1
FINNIFTY09APR2418900PE.NFO,2024-03-07,11:24:00,2024-04-09,500.0,500.0,500.0,500.0,0,0,1
FINNIFTY09APR2418900PE.NFO,2024-03-07,11:25:00,2024-04-09,500.0,500.0,500.0,500.0,0,0,1
FINNIFTY09APR2418900PE.NFO,2024-03-07,11:26:00,2024-04-09,500.0,500.0,500.0,500.0,0,0,1
FINNIFTY09APR2418900PE.NFO,2024-03-07,11:27:00,2024-04-09,500.0,500.0,500.0,500.0,0,0,1
FINNIFTY09APR2418900PE.NFO,2024-03-07,11:28:00,2024-04-09,500.0,500.0,500.0,500.0,0,0,1
FINNIFTY09APR2418900PE.NFO,2024-03-07,11:29:00,2024-04-09,500.0,500.0,500.0,500.0,0,0,1
FINNIFTY09APR2418900PE.NFO,2024-03-07,11:30:00,2024-04-09,500.0,500.0,500.0,500.0,0,0,1
FINNIFTY09APR2418900PE.NFO,2024-03-07,11:31:00,2024-04-09,500.0,500.0,500.0,500.0,0,0,1
FINNIFTY09APR2418900PE.NFO,2024-03-07,11:32:00,2024-04-09,500.0,500.0,500.0,500.0,0,0,1
FINNIFTY09APR2418900PE.NFO,2024-03-07,11:33:00,2024-04-09,500.0,500.0,500.0,500.0,0,0,1
FINNIFTY09APR2418900PE.NFO,2024-03-07,11:34:00,2024-04-09,500.0,500.0,500.0,500.0,0,0,1
FINNIFTY09APR2418900PE.NFO,2024-03-07,11:35:00,2024-04-09,500.0,500.0,500.0,500.0,0,0,1
FINNIFTY09APR2418900PE.NFO,2024-03-07,11:36:00,2024-04-09,500.0,500.0,500.0,500.0,0,0,1
FINNIFTY09APR2418900PE.NFO,2024-03-07,11:37:00,2024-04-09,500.0,500.0,500.0,500.0,0,0,1
FINNIFTY09APR2418900PE.NFO,2024-03-07,11:38:00,2024-04-09,500.0,500.0,500.0,500.0,0,0,1
FINNIFTY09APR2418900PE.NFO,2024-03-07,11:39:00,2024-04-09,500.0,500.0,500.0,500.0,0,0,1
FINNIFTY09APR2418900PE.NFO,2024-03-07,11:40:00,2024-04-09,500.0,500.0,500.0,500.0,0,0,1
FINNIFTY09APR2418900PE.NFO,2024-03-07,11:41:00,2024-04-09,500.0,500.0,500.0,500.0,0,0,1
FINNIFTY09APR2418900PE.NFO,2024-03-07,11:42:00,2024-04-09,500.0,500.0,500.0,500.0,0,0,1
FINNIFTY09APR2418900PE.NFO,2024-03-07,11:43:00,2024-04-09,500.0,500.0,500.0,500.0,0,0,1
FINNIFTY09APR2418900PE.NFO,2024-03-07,11:44:00,2024-04-09,500.0,500.0,500.0,500.0,0,0,1
FINNIFTY09APR2418900PE.NFO,2024-03-07,11:45:00,2024-04-09,500.0,500.0,500.0,500.0,0,0,1
FINNIFTY09APR2418900PE.NFO,2024-03-07,11:46:00,2024-04-09,500.0,500.0,500.0,500.0,0,0,1
FINNIFTY09APR2418900PE.NFO,2024-03-07,11:47:00,2024-04-09,500.0,500.0,500.0,500.0,0,0,1
FINNIFTY09APR2418900PE.NFO,2024-03-07,11:48:00,2024-04-09,500.0,500.0,500.0,500.0,0,0,1
FINNIFTY09APR2418900PE.NFO,2024-03-07,11:49:00,2024-04-09,500.0,500.0,500.0,500.0,0,0,1
FINNIFTY09APR2418900PE.NFO,2024-03-07,11:50:00,2024-04-09,500.0,500.0,500.0,500.0,0,0,1
FINNIFTY09APR2418900PE.NFO,2024-03-07,11:51:00,2024-04-09,500.0,500.0,500.0,500.0,0,0,1
FINNIFTY09APR2418900PE.NFO,2024-03-07,11:52:00,2024-04-09,500.0,500.0,500.0,500.0,0,0,1
FINNIFTY09APR2418900PE.NFO,2024-03-07,11:53:00,2024-04-09,500.0,500.0,500.0,500.0,0,0,1
FINNIFTY09APR2418900PE.NFO,2024-03-07,11:54:00,2024-04-09,500.0,500.0,500.0,500.0,0,0,1
FINNIFTY09APR2418900PE.NFO,2024-03-07,11:55:00,2024-04-09,500.0,500.0,500.0,500.0,0,0,1
FINNIFTY09APR2418900PE.NFO,2024-03-07,11:56:00,2024-04-09,500.0,500.0,500.0,500.0,0,0,1
FINNIFTY09APR2418900PE.NFO,2024-03-07,11:57:00,2024-04-09,500.0,500.0,500.0,500.0,0,0,1
FINNIFTY09APR2418900PE.NFO,2024-03-07,11:58:00,2024-04-09,500.0,500.0,500.0,500.0,0,0,1
FINNIFTY09APR2418900PE.NFO,2024-03-07,11:59:00,2024-04-09,500.0,500.0,500.0,500.0,0,0,1
FINNIFTY09APR2418900PE.NFO,2024-03-07,12:00:00,2024-04-09,500.0,500.0,500.0,500.0,0,0,1
FINNIFTY09APR2418900PE.NFO,2024-03-07,12:01:00,2024-04-09,500.0,500.0,500.0,500.0,0,0,1
FINNIFTY09APR2418900PE.NFO,2024-03-07,12:02:00,2024-04-09,500.0,500.0,500.0,500.0,0,0,1
FINNIFTY09APR2418900PE.NFO,2024-03-07,12:03:00,2024-04-09,500.0,500.0,500.0,500.0,0,0,1
FINNIFTY09APR2418900PE.NFO,2024-03-07,12:04:00,2024-04-09,500.0,500.0,500.0,500.0,0,0,1
FINNIFTY09APR2418900PE.NFO,2024-03-07,12:05:00,2024-04-09,500.0,500.0,500.0,500.0,0,0,1
FINNIFTY09APR2418900PE.NFO,2024-03-07,12:06:00,2024-04-09,500.0,500.0,500.0,500.0,0,0,1
FINNIFTY09APR2418900PE.NFO,2024-03-07,12:07:00,2024-04-09,500.0,500.0,500.0,500.0,0,0,1
FINNIFTY09APR2418900PE.NFO,2024-03-07,12:08:00,2024-04-09,500.0,500.0,500.0,500.0,0,0,1
FINNIFTY09APR2418900PE.NFO,2024-03-07,12:09:00,2024-04-09,500.0,500.0,500.0,500.0,0,0,1
FINNIFTY09APR2418900PE.NFO,2024-03-07,12:10:00,2024-04-09,500.0,500.0,500.0,500.0,0,0,1
FINNIFTY09APR2418900PE.NFO,2024-03-07,12:11:00,2024-04-09,500.0,500.0,500.0,500.0,0,0,1
FINNIFTY09APR2418900PE.NFO,2024-03-07,12:12:00,2024-04-09,500.0,500.0,500.0,500.0,0,0,1
FINNIFTY09APR2418900PE.NFO,2024-03-07,12:13:00,2024-04-09,500.0,500.0,500.0,500.0,0,0,1
FINNIFTY09APR2418900PE.NFO,2024-03-07,12:14:00,2024-04-09,500.0,500.0,500.0,500.0,0,0,1
FINNIFTY09APR2418900PE.NFO,2024-03-07,12:15:00,2024-04-09,500.0,500.0,500.0,500.0,0,0,1
FINNIFTY09APR2418900PE.NFO,2024-03-07,12:16:00,2024-04-09,500.0,500.0,500.0,500.0,0,0,1
FINNIFTY09APR2418900PE.NFO,2024-03-07,12:17:00,2024-04-09,500.0,500.0,500.0,500.0,0,0,1
FINNIFTY09APR2418900PE.NFO,2024-03-07,12:18:00,2024-04-09,500.0,500.0,500.0,500.0,0,0,1
FINNIFTY09APR2418900PE.NFO,2024-03-07,12:19:00,2024-04-09,500.0,500.0,500.0,500.0,0,0,1
FINNIFTY09APR2418900PE.NFO,2024-03-07,12:20:00,2024-04-09,500.0,500.0,500.0,500.0,0,0,1
FINNIFTY09APR2418900PE.NFO,2024-03-07,12:21:00,2024-04-09,500.0,500.0,500.0,500.0,0,0,1
FINNIFTY09APR2418900PE.NFO,2024-03-07,12:22:00,2024-04-09,500.0,500.0,500.0,500.0,0,0,1
FINNIFTY09APR2418900PE.NFO,2024-03-07,12:23:00,2024-04-09,500.0,500.0,500.0,500.0,0,0,1
FINNIFTY09APR2418900PE.NFO,2024-03-07,12:24:00,2024-04-09,500.0,500.0,500.0,500.0,0,0,1
FINNIFTY09APR2418900PE.NFO,2024-03-07,12:25:00,2024-04-09,500.0,500.0,500.0,500.0,0,0,1
FINNIFTY09APR2418900PE.NFO,2024-03-07,12:26:00,2024-04-09,500.0,500.0,500.0,500.0,0,0,1
FINNIFTY09APR2418900PE.NFO,2024-03-07,12:27:00,2024-04-09,500.0,500.0,500.0,500.0,0,0,1
FINNIFTY09APR2418900PE.NFO,2024-03-07,12:28:00,2024-04-09,500.0,500.0,500.0,500.0,0,0,1
FINNIFTY09APR2418900PE.NFO,2024-03-07,12:29:00,2024-04-09,500.0,500.0,500.0,500.0,0,0,1
FINNIFTY09APR2418900PE.NFO,2024-03-07,12:30:00,2024-04-09,500.0,500.0,500.0,500.0,0,0,1
FINNIFTY09APR2418900PE.NFO,2024-03-07,12:31:00,2024-04-09,500.0,500.0,500.0,500.0,0,0,1
FINNIFTY09APR2418900PE.NFO,2024-03-07,12:32:00,2024-04-09,500.0,500.0,500.0,500.0,0,0,1
FINNIFTY09APR2418900PE.NFO,2024-03-07,12:33:00,2024-04-09,500.0,500.0,500.0,500.0,0,0,1
FINNIFTY09APR2418900PE.NFO,2024-03-07,12:34:00,2024-04-09,500.0,500.0,500.0,500.0,0,0,1
FINNIFTY09APR2418900PE.NFO,2024-03-07,12:35:00,2024-04-09,500.0,500.0,500.0,500.0,0,0,1
FINNIFTY09APR2418900PE.NFO,2024-03-07,12:36:00,2024-04-09,500.0,500.0,500.0,500.0,0,0,1
FINNIFTY09APR2418900PE.NFO,2024-03-07,12:37:00,2024-04-09,500.0,500.0,500.0,500.0,0,0,1
FINNIFTY09APR2418900PE.NFO,2024-03-07,12:38:00,2024-04-09,500.0,500.0,500.0,500.0,0,0,1
FINNIFTY09APR2418900PE.NFO,2024-03-07,12:39:00,2024-04-09,500.0,500.0,500.0,500.0,0,0,1
FINNIFTY09APR2418900PE.NFO,2024-03-07,12:40:00,2024-04-09,500.0,500.0,500.0,500.0,0,0,1
FINNIFTY09APR2418900PE.NFO,2024-03-07,12:41:00,2024-04-09,500.0,500.0,500.0,500.0,0,0,1
FINNIFTY09APR2418900PE.NFO,2024-03-07,12:42:00,2024-04-09,500.0,500.0,500.0,500.0,0,0,1
FINNIFTY09APR2418900PE.NFO,2024-03-07,12:43:00,2024-04-09,500.0,500.0,500.0,500.0,0,0,1
FINNIFTY09APR2418900PE.NFO,2024-03-07,12:44:00,2024-04-09,500.0,500.0,500.0,500.0,0,0,1
FINNIFTY09APR2418900PE.NFO,2024-03-07,12:45:00,2024-04-09,500.0,500.0,500.0,500.0,0,0,1
FINNIFTY09APR2418900PE.NFO,2024-03-07,12:46:00,2024-04-09,500.0,500.0,500.0,500.0,0,0,1
FINNIFTY09APR2418900PE.NFO,2024-03-07,12:47:00,2024-04-09,500.0,500.0,500.0,500.0,0,0,1
FINNIFTY09APR2418900PE.NFO,2024-03-07,12:48:00,2024-04-09,500.0,500.0,500.0,500.0,0,0,1
FINNIFTY09APR2418900PE.NFO,2024-03-07,12:49:00,2024-04-09,500.0,500.0,500.0,500.0,0,0,1
FINNIFTY09APR2418900PE.NFO,2024-03-07,12:50:00,2024-04-09,500.0,500.0,500.0,500.0,0,0,1
FINNIFTY09APR2418900PE.NFO,2024-03-07,12:51:00,2024-04-09,500.0,500.0,500.0,500.0,0,0,1
FINNIFTY09APR2418900PE.NFO,2024-03-07,12:52:00,2024-04-09,500.0,500.0,500.0,500.0,0,0,1
FINNIFTY09APR2418900PE.NFO,2024-03-07,12:53:00,2024-04-09,500.0,500.0,500.0,500.0,0,0,1
FINNIFTY09APR2418900PE.NFO,2024-03-07,12:54:00,2024-04-09,500.0,500.0,500.0,500.0,0,0,1
FINNIFTY09APR2418900PE.NFO,2024-03-07,12:55:00,2024-04-09,500.0,500.0,500.0,500.0,0,0,1
FINNIFTY09APR2418900PE.NFO,2024-03-07,12:56:00,2024-04-09,500.0,500.0,500.0,500.0,0,0,1
FINNIFTY09APR2418900PE.NFO,2024-03-07,12:57:00,2024-04-09,500.0,500.0,500.0,500.0,0,0,1
FINNIFTY09APR2418900PE.NFO,2024-03-07,12:58:00,2024-04-09,500.0,500.0,500.0,500.0,0,0,1
FINNIFTY09APR2418900PE.NFO,2024-03-07,12:59:00,2024-04-09,500.0,500.0,500.0,500.0,0,0,1
FINNIFTY09APR2418900PE.NFO,2024-03-07,13:00:00,2024-04-09,500.0,500.0,500.0,500.0,0,0,1
FINNIFTY09APR2418900PE.NFO,2024-03-07,13:01:00,2024-04-09,500.0,500.0,500.0,500.0,0,0,1
FINNIFTY09APR2418900PE.NFO,2024-03-07,13:02:00,2024-04-09,500.0,500.0,500.0,500.0,0,0,1
FINNIFTY09APR2418900PE.NFO,2024-03-07,13:03:00,2024-04-09,500.0,500.0,500.0,500.0,0,0,1
FINNIFTY09APR2418900PE.NFO,2024-03-07,13:04:00,2024-04-09,500.0,500.0,500.0,500.0,0,0,1
FINNIFTY09APR2418900PE.NFO,2024-03-07,13:05:00,2024-04-09,500.0,500.0,500.0,500.0,0,0,1
FINNIFTY09APR2418900PE.NFO,2024-03-07,13:06:00,2024-04-09,500.0,500.0,500.0,500.0,0,0,1
FINNIFTY09APR2418900PE.NFO,2024-03-07,13:07:00,2024-04-09,500.0,500.0,500.0,500.0,0,0,1
FINNIFTY09APR2418900PE.NFO,2024-03-07,13:08:00,2024-04-09,500.0,500.0,500.0,500.0,0,0,1
FINNIFTY09APR2418900PE.NFO,2024-03-07,13:09:00,2024-04-09,500.0,500.0,500.0,500.0,0,0,1
FINNIFTY09APR2418900PE.NFO,2024-03-07,13:10:00,2024-04-09,500.0,500.0,500.0,500.0,0,0,1
FINNIFTY09APR2418900PE.NFO,2024-03-07,13:11:00,2024-04-09,500.0,500.0,500.0,500.0,0,0,1
FINNIFTY09APR2418900PE.NFO,2024-03-07,13:12:00,2024-04-09,500.0,500.0,500.0,500.0,0,0,1
FINNIFTY09APR2418900PE.NFO,2024-03-07,13:13:00,2024-04-09,500.0,500.0,500.0,500.0,0,0,1
FINNIFTY09APR2418900PE.NFO,2024-03-07,13:14:00,2024-04-09,500.0,500.0,500.0,500.0,0,0,1
FINNIFTY09APR2418900PE.NFO,2024-03-07,13:15:00,2024-04-09,500.0,500.0,500.0,500.0,0,0,1
FINNIFTY09APR2418900PE.NFO,2024-03-07,13:16:00,2024-04-09,500.0,500.0,500.0,500.0,0,0,1
FINNIFTY09APR2418900PE.NFO,2024-03-07,13:17:00,2024-04-09,500.0,500.0,500.0,500.0,0,0,1
FINNIFTY09APR2418900PE.NFO,2024-03-07,13:18:00,2024-04-09,500.0,500.0,500.0,500.0,0,0,1
FINNIFTY09APR2418900PE.NFO,2024-03-07,13:19:00,2024-04-09,500.0,500.0,500.0,500.0,0,0,1
FINNIFTY09APR2418900PE.NFO,2024-03-07,13:20:00,2024-04-09,500.0,500.0,500.0,500.0,0,0,1
FINNIFTY09APR2418900PE.NFO,2024-03-07,13:21:00,2024-04-09,500.0,500.0,500.0,500.0,0,0,1
FINNIFTY09APR2418900PE.NFO,2024-03-07,13:22:00,2024-04-09,500.0,500.0,500.0,500.0,0,0,1
FINNIFTY09APR2418900PE.NFO,2024-03-07,13:23:00,2024-04-09,500.0,500.0,500.0,500.0,0,0,1
FINNIFTY09APR2418900PE.NFO,2024-03-07,13:24:00,2024-04-09,500.0,500.0,500.0,500.0,0,0,1
FINNIFTY09APR2418900PE.NFO,2024-03-07,13:25:00,2024-04-09,500.0,500.0,500.0,500.0,0,0,1
FINNIFTY09APR2418900PE.NFO,2024-03-07,13:26:00,2024-04-09,500.0,500.0,500.0,500.0,0,0,1
FINNIFTY09APR2418900PE.NFO,2024-03-07,13:27:00,2024-04-09,500.0,500.0,500.0,500.0,0,0,1
FINNIFTY09APR2418900PE.NFO,2024-03-07,13:28:00,2024-04-09,500.0,500.0,500.0,500.0,0,0,1
FINNIFTY09APR2418900PE.NFO,2024-03-07,13:29:00,2024-04-09,500.0,500.0,500.0,500.0,0,0,1
FINNIFTY09APR2418900PE.NFO,2024-03-07,13:30:00,2024-04-09,500.0,500.0,500.0,500.0,0,0,1
FINNIFTY09APR2418900PE.NFO,2024-03-07,13:31:00,2024-04-09,500.0,500.0,500.0,500.0,0,0,1
FINNIFTY09APR2418900PE.NFO,2024-03-07,13:32:00,2024-04-09,500.0,500.0,500.0,500.0,0,0,1
FINNIFTY09APR2418900PE.NFO,2024-03-07,13:33:00,2024-04-09,500.0,500.0,500.0,500.0,0,0,1
FINNIFTY09APR2418900PE.NFO,2024-03-07,13:34:00,2024-04-09,500.0,500.0,500.0,500.0,0,0,1
FINNIFTY09APR2418900PE.NFO,2024-03-07,13:35:00,2024-04-09,500.0,500.0,500.0,500.0,0,0,1
FINNIFTY09APR2418900PE.NFO,2024-03-07,13:36:00,2024-04-09,500.0,500.0,500.0,500.0,0,0,1
FINNIFTY09APR2418900PE.NFO,2024-03-07,13:37:00,2024-04-09,500.0,500.0,500.0,500.0,0,0,1
FINNIFTY09APR2418900PE.NFO,2024-03-07,13:38:00,2024-04-09,500.0,500.0,500.0,500.0,0,0,1
FINNIFTY09APR2418900PE.NFO,2024-03-07,13:39:00,2024-04-09,500.0,500.0,500.0,500.0,0,0,1
FINNIFTY09APR2418900PE.NFO,2024-03-07,13:40:00,2024-04-09,500.0,500.0,500.0,500.0,0,0,1
FINNIFTY09APR2418900PE.NFO,2024-03-07,13:41:00,2024-04-09,500.0,500.0,500.0,500.0,0,0,1
FINNIFTY09APR2418900PE.NFO,2024-03-07,13:42:00,2024-04-09,500.0,500.0,500.0,500.0,0,0,1
FINNIFTY09APR2418900PE.NFO,2024-03-07,13:43:00,2024-04-09,500.0,500.0,500.0,500.0,0,0,1
FINNIFTY09APR2418900PE.NFO,2024-03-07,13:44:00,2024-04-09,500.0,500.0,500.0,500.0,0,0,1
FINNIFTY09APR2418900PE.NFO,2024-03-07,13:45:00,2024-04-09,500.0,500.0,500.0,500.0,0,0,1
FINNIFTY09APR2418900PE.NFO,2024-03-07,13:46:00,2024-04-09,500.0,500.0,500.0,500.0,0,0,1
FINNIFTY09APR2418900PE.NFO,2024-03-07,13:47:00,2024-04-09,500.0,500.0,500.0,500.0,0,0,1
FINNIFTY09APR2418900PE.NFO,2024-03-07,13:48:00,2024-04-09,500.0,500.0,500.0,500.0,0,0,1
FINNIFTY09APR2418900PE.NFO,2024-03-07,13:49:00,2024-04-09,500.0,500.0,500.0,500.0,0,0,1
FINNIFTY09APR2418900PE.NFO,2024-03-07,13:50:00,2024-04-09,500.0,500.0,500.0,500.0,0,0,1
FINNIFTY09APR2418900PE.NFO,2024-03-07,13:51:00,2024-04-09,500.0,500.0,500.0,500.0,0,0,1
FINNIFTY09APR2418900PE.NFO,2024-03-07,13:52:00,2024-04-09,500.0,500.0,500.0,500.0,0,0,1
FINNIFTY09APR2418900PE.NFO,2024-03-07,13:53:00,2024-04-09,500.0,500.0,500.0,500.0,0,0,1
FINNIFTY09APR2418900PE.NFO,2024-03-07,13:54:00,2024-04-09,500.0,500.0,500.0,500.0,0,0,1
FINNIFTY09APR2418900PE.NFO,2024-03-07,13:55:00,2024-04-09,500.0,500.0,500.0,500.0,0,0,1
FINNIFTY09APR2418900PE.NFO,2024-03-07,13:56:00,2024-04-09,500.0,500.0,500.0,500.0,0,0,1
FINNIFTY09APR2418900PE.NFO,2024-03-07,13:57:00,2024-04-09,500.0,500.0,500.0,500.0,0,0,1
FINNIFTY09APR2418900PE.NFO,2024-03-07,13:58:00,2024-04-09,500.0,500.0,500.0,500.0,0,0,1
FINNIFTY09APR2418900PE.NFO,2024-03-07,13:59:00,2024-04-09,500.0,500.0,500.0,500.0,0,0,1
FINNIFTY09APR2418900PE.NFO,2024-03-07,14:00:00,2024-04-09,500.0,500.0,500.0,500.0,0,0,1
FINNIFTY09APR2418900PE.NFO,2024-03-07,14:01:00,2024-04-09,500.0,500.0,500.0,500.0,0,0,1
FINNIFTY09APR2418900PE.NFO,2024-03-07,14:02:00,2024-04-09,500.0,500.0,500.0,500.0,0,0,1
FINNIFTY09APR2418900PE.NFO,2024-03-07,14:03:00,2024-04-09,500.0,500.0,500.0,500.0,0,0,1
FINNIFTY09APR2418900PE.NFO,2024-03-07,14:04:00,2024-04-09,500.0,500.0,500.0,500.0,0,0,1
FINNIFTY09APR2418900PE.NFO,2024-03-07,14:05:00,2024-04-09,500.0,500.0,500.0,500.0,0,0,1
FINNIFTY09APR2418900PE.NFO,2024-03-07,14:06:00,2024-04-09,500.0,500.0,500.0,500.0,0,0,1
FINNIFTY09APR2418900PE.NFO,2024-03-07,14:07:00,2024-04-09,500.0,500.0,500.0,500.0,0,0,1
FINNIFTY09APR2418900PE.NFO,2024-03-07,14:08:00,2024-04-09,500.0,500.0,500.0,500.0,0,0,1
FINNIFTY09APR2418900PE.NFO,2024-03-07,14:09:00,2024-04-09,500.0,500.0,500.0,500.0,0,0,1
FINNIFTY09APR2418900PE.NFO,2024-03-07,14:10:00,2024-04-09,500.0,500.0,500.0,500.0,0,0,1
FINNIFTY09APR2418900PE.NFO,2024-03-07,14:11:00,2024-04-09,500.0,500.0,500.0,500.0,0,0,1
FINNIFTY09APR2418900PE.NFO,2024-03-07,14:12:00,2024-04-09,500.0,500.0,500.0,500.0,0,0,1
FINNIFTY09APR2418900PE.NFO,2024-03-07,14:13:00,2024-04-09,500.0,500.0,500.0,500.0,0,0,1
FINNIFTY09APR2418900PE.NFO,2024-03-07,14:14:00,2024-04-09,500.0,500.0,500.0,500.0,0,0,1
FINNIFTY09APR2418900PE.NFO,2024-03-07,14:15:00,2024-04-09,500.0,500.0,500.0,500.0,0,0,1
FINNIFTY09APR2418900PE.NFO,2024-03-07,14:16:00,2024-04-09,500.0,500.0,500.0,500.0,0,0,1
FINNIFTY09APR2418900PE.NFO,2024-03-07,14:17:00,2024-04-09,500.0,500.0,500.0,500.0,0,0,1
FINNIFTY09APR2418900PE.NFO,2024-03-07,14:18:00,2024-04-09,500.0,500.0,500.0,500.0,0,0,1
FINNIFTY09APR2418900PE.NFO,2024-03-07,14:19:00,2024-04-09,500.0,500.0,500.0,500.0,0,0,1
FINNIFTY09APR2418900PE.NFO,2024-03-07,14:20:00,2024-04-09,500.0,500.0,500.0,500.0,0,0,1
FINNIFTY09APR2418900PE.NFO,2024-03-07,14:21:00,2024-04-09,500.0,500.0,500.0,500.0,0,0,1
FINNIFTY09APR2418900PE.NFO,2024-03-07,14:22:00,2024-04-09,500.0,500.0,500.0,500.0,0,0,1
FINNIFTY09APR2418900PE.NFO,2024-03-07,14:23:00,2024-04-09,500.0,500.0,500.0,500.0,0,0,1
FINNIFTY09APR2418900PE.NFO,2024-03-07,14:24:00,2024-04-09,500.0,500.0,500.0,500.0,0,0,1
FINNIFTY09APR2418900PE.NFO,2024-03-07,14:25:00,2024-04-09,500.0,500.0,500.0,500.0,0,0,1
FINNIFTY09APR2418900PE.NFO,2024-03-07,14:26:00,2024-04-09,500.0,500.0,500.0,500.0,0,0,1
FINNIFTY09APR2418900PE.NFO,2024-03-07,14:27:00,2024-04-09,500.0,500.0,500.0,500.0,0,0,1
FINNIFTY09APR2418900PE.NFO,2024-03-07,14:28:00,2024-04-09,500.0,500.0,500.0,500.0,0,0,1
FINNIFTY09APR2418900PE.NFO,2024-03-07,14:29:00,2024-04-09,500.0,500.0,500.0,500.0,0,0,1
FINNIFTY09APR2418900PE.NFO,2024-03-07,14:30:00,2024-04-09,500.0,500.0,500.0,500.0,0,0,1
FINNIFTY09APR2418900PE.NFO,2024-03-07,14:31:00,2024-04-09,500.0,500.0,500.0,500.0,0,0,1
FINNIFTY09APR2418900PE.NFO,2024-03-07,14:32:00,2024-04-09,500.0,500.0,500.0,500.0,0,0,1
FINNIFTY09APR2418900PE.NFO,2024-03-07,14:33:00,2024-04-09,500.0,500.0,500.0,500.0,0,0,1
FINNIFTY09APR2418900PE.NFO,2024-03-07,14:34:00,2024-04-09,500.0,500.0,500.0,500.0,0,0,1
FINNIFTY09APR2418900PE.NFO,2024-03-07,14:35:00,2024-04-09,500.0,500.0,500.0,500.0,0,0,1
FINNIFTY09APR2418900PE.NFO,2024-03-07,14:36:00,2024-04-09,500.0,500.0,500.0,500.0,0,0,1
FINNIFTY09APR2418900PE.NFO,2024-03-07,14:37:00,2024-04-09,500.0,500.0,500.0,500.0,0,0,1
FINNIFTY09APR2418900PE.NFO,2024-03-07,14:38:00,2024-04-09,500.0,500.0,500.0,500.0,0,0,1
FINNIFTY09APR2418900PE.NFO,2024-03-07,14:39:00,2024-04-09,500.0,500.0,500.0,500.0,0,0,1
FINNIFTY09APR2418900PE.NFO,2024-03-07,14:40:00,2024-04-09,500.0,500.0,500.0,500.0,0,0,1
FINNIFTY09APR2418900PE.NFO,2024-03-07,14:41:00,2024-04-09,500.0,500.0,500.0,500.0,0,0,1
FINNIFTY09APR2418900PE.NFO,2024-03-07,14:42:00,2024-04-09,500.0,500.0,500.0,500.0,0,0,1
FINNIFTY09APR2418900PE.NFO,2024-03-07,14:43:00,2024-04-09,500.0,500.0,500.0,500.0,0,0,1
FINNIFTY09APR2418900PE.NFO,2024-03-07,14:44:00,2024-04-09,500.0,500.0,500.0,500.0,0,0,1
FINNIFTY09APR2418900PE.NFO,2024-03-07,14:45:00,2024-04-09,500.0,500.0,500.0,500.0,0,0,1
FINNIFTY09APR2418900PE.NFO,2024-03-07,14:46:00,2024-04-09,500.0,500.0,500.0,500.0,0,0,1
FINNIFTY09APR2418900PE.NFO,2024-03-07,14:47:00,2024-04-09,500.0,500.0,500.0,500.0,0,0,1
FINNIFTY09APR2418900PE.NFO,2024-03-07,14:48:00,2024-04-09,500.0,500.0,500.0,500.0,0,0,1
FINNIFTY09APR2418900PE.NFO,2024-03-07,14:49:00,2024-04-09,500.0,500.0,500.0,500.0,0,0,1
FINNIFTY09APR2418900PE.NFO,2024-03-07,14:50:00,2024-04-09,500.0,500.0,500.0,500.0,0,0,1
FINNIFTY09APR2418900PE.NFO,2024-03-07,14:51:00,2024-04-09,500.0,500.0,500.0,500.0,0,0,1
FINNIFTY09APR2418900PE.NFO,2024-03-07,14:52:00,2024-04-09,500.0,500.0,500.0,500.0,0,0,1
FINNIFTY09APR2418900PE.NFO,2024-03-07,14:53:00,2024-04-09,500.0,500.0,500.0,500.0,0,0,1
FINNIFTY09APR2418900PE.NFO,2024-03-07,14:54:00,2024-04-09,500.0,500.0,500.0,500.0,0,0,1
FINNIFTY09APR2418900PE.NFO,2024-03-07,14:55:00,2024-04-09,500.0,500.0,500.0,500.0,0,0,1
FINNIFTY09APR2418900PE.NFO,2024-03-07,14:56:00,2024-04-09,500.0,500.0,500.0,500.0,0,0,1
FINNIFTY09APR2418900PE.NFO,2024-03-07,14:57:00,2024-04-09,500.0,500.0,500.0,500.0,0,0,1
FINNIFTY09APR2418900PE.NFO,2024-03-07,14:58:00,2024-04-09,500.0,500.0,500.0,500.0,0,0,1
FINNIFTY09APR2418900PE.NFO,2024-03-07,14:59:00,2024-04-09,500.0,500.0,500.0,500.0,0,0,1
FINNIFTY09APR2418900PE.NFO,2024-03-07,15:00:00,2024-04-09,500.0,500.0,500.0,500.0,0,0,1
FINNIFTY09APR2418900PE.NFO,2024-03-07,15:01:00,2024-04-09,500.0,500.0,500.0,500.0,0,0,1
FINNIFTY09APR2418900PE.NFO,2024-03-07,15:02:00,2024-04-09,500.0,500.0,500.0,500.0,0,0,1
FINNIFTY09APR2418900PE.NFO,2024-03-07,15:03:00,2024-04-09,500.0,500.0,500.0,500.0,0,0,1
FINNIFTY09APR2418900PE.NFO,2024-03-07,15:04:00,2024-04-09,500.0,500.0,500.0,500.0,0,0,1
FINNIFTY09APR2418900PE.NFO,2024-03-07,15:05:00,2024-04-09,500.0,500.0,500.0,500.0,0,0,1
FINNIFTY09APR2418900PE.NFO,2024-03-07,15:06:00,2024-04-09,500.0,500.0,500.0,500.0,0,0,1
FINNIFTY09APR2418900PE.NFO,2024-03-07,15:07:00,2024-04-09,500.0,500.0,500.0,500.0,0,0,1
FINNIFTY09APR2418900PE.NFO,2024-03-07,15:08:00,2024-04-09,500.0,500.0,500.0,500.0,0,0,1
FINNIFTY09APR2418900PE.NFO,2024-03-07,15:09:00,2024-04-09,500.0,500.0,500.0,500.0,0,0,1
FINNIFTY09APR2418900PE.NFO,2024-03-07,15:10:00,2024-04-09,500.0,500.0,500.0,500.0,0,0,1
FINNIFTY09APR2418900PE.NFO,2024-03-07,15:11:00,2024-04-09,500.0,500.0,500.0,500.0,0,0,1
FINNIFTY09APR2418900PE.NFO,2024-03-07,15:12:00,2024-04-09,500.0,500.0,500.0,500.0,0,0,1
FINNIFTY09APR2418900PE.NFO,2024-03-07,15:13:00,2024-04-09,500.0,500.0,500.0,500.0,0,0,1
FINNIFTY09APR2418900PE.NFO,2024-03-07,15:14:00,2024-04-09,500.0,500.0,500.0,500.0,0,0,1
FINNIFTY09APR2418900PE.NFO,2024-03-07,15:15:00,2024-04-09,500.0,500.0,500.0,500.0,0,0,1
FINNIFTY09APR2418900PE.NFO,2024-03-07,15:16:00,2024-04-09,500.0,500.0,500.0,500.0,0,0,1
FINNIFTY09APR2418900PE.NFO,2024-03-07,15:17:00,2024-04-09,500.0,500.0,500.0,500.0,0,0,1
FINNIFTY09APR2418900PE.NFO,2024-03-07,15:18:00,2024-04-09,500.0,500.0,500.0,500.0,0,0,1
FINNIFTY09APR2418900PE.NFO,2024-03-07,15:19:00,2024-04-09,500.0,500.0,500.0,500.0,0,0,1
FINNIFTY09APR2418900PE.NFO,2024-03-07,15:20:00,2024-04-09,500.0,500.0,500.0,500.0,0,0,1
FINNIFTY09APR2418900PE.NFO,2024-03-07,15:21:00,2024-04-09,500.0,500.0,500.0,500.0,0,0,1
FINNIFTY09APR2418900PE.NFO,2024-03-07,15:22:00,2024-04-09,500.0,500.0,500.0,500.0,0,0,1
FINNIFTY09APR2418900PE.NFO,2024-03-07,15:23:00,2024-04-09,500.0,500.0,500.0,500.0,0,0,1
FINNIFTY09APR2418900PE.NFO,2024-03-07,15:24:00,2024-04-09,500.0,500.0,500.0,500.0,0,0,1
FINNIFTY09APR2418900PE.NFO,2024-03-07,15:25:00,2024-04-09,500.0,500.0,500.0,500.0,0,0,1
FINNIFTY09APR2418900PE.NFO,2024-03-07,15:26:00,2024-04-09,500.0,500.0,500.0,500.0,0,0,1
FINNIFTY09APR2418900PE.NFO,2024-03-07,15:27:00,2024-04-09,500.0,500.0,500.0,500.0,0,0,1
FINNIFTY09APR2418900PE.NFO,2024-03-07,15:28:00,2024-04-09,500.0,500.0,500.0,500.0,0,0,1
FINNIFTY09APR2418900PE.NFO,2024-03-07,15:29:00,2024-04-09,500.0,500.0,500.0,500.0,0,0,1
FINNIFTY09APR2418900PE.NFO,2024-03-07,15:30:00,2024-04-09,500.0,500.0,500.0,500.0,0,0,1
FINNIFTY09APR2418900PE.NFO,2024-03-11,09:15:00,2024-04-09,500.0,500.0,500.0,500.0,0,0,0
FINNIFTY09APR2418900PE.NFO,2024-03-11,09:16:00,2024-04-09,500.0,500.0,500.0,500.0,0,0,1
FINNIFTY09APR2418900PE.NFO,2024-03-11,09:17:00,2024-04-09,500.0,500.0,500.0,500.0,0,0,1
FINNIFTY09APR2418900PE.NFO,2024-03-11,09:18:00,2024-04-09,500.0,500.0,500.0,500.0,0,0,1
FINNIFTY09APR2418900PE.NFO,2024-03-11,09:19:00,2024-04-09,500.0,500.0,500.0,500.0,0,0,1
FINNIFTY09APR2418900PE.NFO,2024-03-11,09:20:00,2024-04-09,500.0,500.0,500.0,500.0,0,0,1
FINNIFTY09APR2418900PE.NFO,2024-03-11,09:21:00,2024-04-09,500.0,500.0,500.0,500.0,0,0,1
FINNIFTY09APR2418900PE.NFO,2024-03-11,09:22:00,2024-04-09,500.0,500.0,500.0,500.0,0,0,1
FINNIFTY09APR2418900PE.NFO,2024-03-11,09:23:00,2024-04-09,500.0,500.0,500.0,500.0,0,0,1
FINNIFTY09APR2418900PE.NFO,2024-03-11,09:24:00,2024-04-09,500.0,500.0,500.0,500.0,0,0,1
FINNIFTY09APR2418900PE.NFO,2024-03-11,09:25:00,2024-04-09,500.0,500.0,500.0,500.0,0,0,1
FINNIFTY09APR2418900PE.NFO,2024-03-11,09:26:00,2024-04-09,500.0,500.0,500.0,500.0,0,0,1
FINNIFTY09APR2418900PE.NFO,2024-03-11,09:27:00,2024-04-09,500.0,500.0,500.0,500.0,0,0,1
FINNIFTY09APR2418900PE.NFO,2024-03-11,09:28:00,2024-04-09,500.0,500.0,500.0,500.0,0,0,1
FINNIFTY09APR2418900PE.NFO,2024-03-11,09:29:00,2024-04-09,500.0,500.0,500.0,500.0,0,0,1
FINNIFTY09APR2418900PE.NFO,2024-03-11,09:30:00,2024-04-09,500.0,500.0,500.0,500.0,0,0,1
FINNIFTY09APR2418900PE.NFO,2024-03-11,09:31:00,2024-04-09,500.0,500.0,500.0,500.0,0,0,1
FINNIFTY09APR2418900PE.NFO,2024-03-11,09:32:00,2024-04-09,500.0,500.0,500.0,500.0,0,0,1
FINNIFTY09APR2418900PE.NFO,2024-03-11,09:33:00,2024-04-09,500.0,500.0,500.0,500.0,0,0,1
FINNIFTY09APR2418900PE.NFO,2024-03-11,09:34:00,2024-04-09,500.0,500.0,500.0,500.0,0,0,1
FINNIFTY09APR2418900PE.NFO,2024-03-11,09:35:00,2024-04-09,500.0,500.0,500.0,500.0,0,0,1
FINNIFTY09APR2418900PE.NFO,2024-03-11,09:36:00,2024-04-09,500.0,500.0,500.0,500.0,0,0,1
FINNIFTY09APR2418900PE.NFO,2024-03-11,09:37:00,2024-04-09,500.0,500.0,500.0,500.0,0,0,1
FINNIFTY09APR2418900PE.NFO,2024-03-11,09:38:00,2024-04-09,500.0,500.0,500.0,500.0,0,0,1
FINNIFTY09APR2418900PE.NFO,2024-03-11,09:39:00,2024-04-09,500.0,500.0,500.0,500.0,0,0,1
FINNIFTY09APR2418900PE.NFO,2024-03-11,09:40:00,2024-04-09,500.0,500.0,500.0,500.0,0,0,1
FINNIFTY09APR2418900PE.NFO,2024-03-11,09:41:00,2024-04-09,500.0,500.0,500.0,500.0,0,0,1
FINNIFTY09APR2418900PE.NFO,2024-03-11,09:42:00,2024-04-09,500.0,500.0,500.0,500.0,0,0,1
FINNIFTY09APR2418900PE.NFO,2024-03-11,09:43:00,2024-04-09,500.0,500.0,500.0,500.0,0,0,1
FINNIFTY09APR2418900PE.NFO,2024-03-11,09:44:00,2024-04-09,500.0,500.0,500.0,500.0,0,0,1
FINNIFTY09APR2418900PE.NFO,2024-03-11,09:45:00,2024-04-09,500.0,500.0,500.0,500.0,0,0,1
FINNIFTY09APR2418900PE.NFO,2024-03-11,09:46:00,2024-04-09,500.0,500.0,500.0,500.0,0,0,1
FINNIFTY09APR2418900PE.NFO,2024-03-11,09:47:00,2024-04-09,500.0,500.0,500.0,500.0,0,0,1
FINNIFTY09APR2418900PE.NFO,2024-03-11,09:48:00,2024-04-09,500.0,500.0,500.0,500.0,0,0,1
FINNIFTY09APR2418900PE.NFO,2024-03-11,09:49:00,2024-04-09,500.0,500.0,500.0,500.0,0,0,1
FINNIFTY09APR2418900PE.NFO,2024-03-11,09:50:00,2024-04-09,500.0,500.0,500.0,500.0,0,0,1
FINNIFTY09APR2418900PE.NFO,2024-03-11,09:51:00,2024-04-09,500.0,500.0,500.0,500.0,0,0,1
FINNIFTY09APR2418900PE.NFO,2024-03-11,09:52:00,2024-04-09,500.0,500.0,500.0,500.0,0,0,1
FINNIFTY09APR2418900PE.NFO,2024-03-11,09:53:00,2024-04-09,500.0,500.0,500.0,500.0,0,0,1
FINNIFTY09APR2418900PE.NFO,2024-03-11,09:54:00,2024-04-09,500.0,500.0,500.0,500.0,0,0,1
FINNIFTY09APR2418900PE.NFO,2024-03-11,09:55:00,2024-04-09,500.0,500.0,500.0,500.0,0,0,1
FINNIFTY09APR2418900PE.NFO,2024-03-11,09:56:00,2024-04-09,500.0,500.0,500.0,500.0,0,0,1
FINNIFTY09APR2418900PE.NFO,2024-03-11,09:57:00,2024-04-09,500.0,500.0,500.0,500.0,0,0,1
FINNIFTY09APR2418900PE.NFO,2024-03-11,09:58:00,2024-04-09,500.0,500.0,500.0,500.0,0,0,1
FINNIFTY09APR2418900PE.NFO,2024-03-11,09:59:00,2024-04-09,500.0,500.0,500.0,500.0,0,0,1
FINNIFTY09APR2418900PE.NFO,2024-03-11,10:00:00,2024-04-09,500.0,500.0,500.0,500.0,0,0,1
FINNIFTY09APR2418900PE.NFO,2024-03-11,10:01:00,2024-04-09,500.0,500.0,500.0,500.0,0,0,1
FINNIFTY09APR2418900PE.NFO,2024-03-11,10:02:00,2024-04-09,500.0,500.0,500.0,500.0,0,0,1
FINNIFTY09APR2418900PE.NFO,2024-03-11,10:03:00,2024-04-09,500.0,500.0,500.0,500.0,0,0,1
FINNIFTY09APR2418900PE.NFO,2024-03-11,10:04:00,2024-04-09,500.0,500.0,500.0,500.0,0,0,1
FINNIFTY09APR2418900PE.NFO,2024-03-11,10:05:00,2024-04-09,500.0,500.0,500.0,500.0,0,0,1
FINNIFTY09APR2418900PE.NFO,2024-03-11,10:06:00,2024-04-09,500.0,500.0,500.0,500.0,0,0,1
FINNIFTY09APR2418900PE.NFO,2024-03-11,10:07:00,2024-04-09,500.0,500.0,500.0,500.0,0,0,1
FINNIFTY09APR2418900PE.NFO,2024-03-11,10:08:00,2024-04-09,500.0,500.0,500.0,500.0,0,0,1
FINNIFTY09APR2418900PE.NFO,2024-03-11,10:09:00,2024-04-09,500.0,500.0,500.0,500.0,0,0,1
FINNIFTY09APR2418900PE.NFO,2024-03-11,10:10:00,2024-04-09,500.0,500.0,500.0,500.0,0,0,1
FINNIFTY09APR2418900PE.NFO,2024-03-11,10:11:00,2024-04-09,500.0,500.0,500.0,500.0,0,0,1
FINNIFTY09APR2418900PE.NFO,2024-03-11,10:12:00,2024-04-09,500.0,500.0,500.0,500.0,0,0,1
FINNIFTY09APR2418900PE.NFO,2024-03-11,10:13:00,2024-04-09,500.0,500.0,500.0,500.0,0,0,1
FINNIFTY09APR2418900PE.NFO,2024-03-11,10:14:00,2024-04-09,500.0,500.0,500.0,500.0,0,0,1
FINNIFTY09APR2418900PE.NFO,2024-03-11,10:15:00,2024-04-09,500.0,500.0,500.0,500.0,0,0,1
FINNIFTY09APR2418900PE.NFO,2024-03-11,10:16:00,2024-04-09,500.0,500.0,500.0,500.0,0,0,1
FINNIFTY09APR2418900PE.NFO,2024-03-11,10:17:00,2024-04-09,500.0,500.0,500.0,500.0,0,0,1
FINNIFTY09APR2418900PE.NFO,2024-03-11,10:18:00,2024-04-09,500.0,500.0,500.0,500.0,0,0,1
FINNIFTY09APR2418900PE.NFO,2024-03-11,10:19:00,2024-04-09,500.0,500.0,500.0,500.0,0,0,1
FINNIFTY09APR2418900PE.NFO,2024-03-11,10:20:00,2024-04-09,500.0,500.0,500.0,500.0,0,0,1
FINNIFTY09APR2418900PE.NFO,2024-03-11,10:21:00,2024-04-09,500.0,500.0,500.0,500.0,0,0,1
FINNIFTY09APR2418900PE.NFO,2024-03-11,10:22:00,2024-04-09,500.0,500.0,500.0,500.0,0,0,1
FINNIFTY09APR2418900PE.NFO,2024-03-11,10:23:00,2024-04-09,500.0,500.0,500.0,500.0,0,0,1
FINNIFTY09APR2418900PE.NFO,2024-03-11,10:24:00,2024-04-09,500.0,500.0,500.0,500.0,0,0,1
FINNIFTY09APR2418900PE.NFO,2024-03-11,10:25:00,2024-04-09,500.0,500.0,500.0,500.0,0,0,1
FINNIFTY09APR2418900PE.NFO,2024-03-11,10:26:00,2024-04-09,500.0,500.0,500.0,500.0,0,0,1
FINNIFTY09APR2418900PE.NFO,2024-03-11,10:27:00,2024-04-09,500.0,500.0,500.0,500.0,0,0,1
FINNIFTY09APR2418900PE.NFO,2024-03-11,10:28:00,2024-04-09,500.0,500.0,500.0,500.0,0,0,1
FINNIFTY09APR2418900PE.NFO,2024-03-11,10:29:00,2024-04-09,500.0,500.0,500.0,500.0,0,0,1
FINNIFTY09APR2418900PE.NFO,2024-03-11,10:30:00,2024-04-09,500.0,500.0,500.0,500.0,0,0,1
FINNIFTY09APR2418900PE.NFO,2024-03-11,10:31:00,2024-04-09,500.0,500.0,500.0,500.0,0,0,1
FINNIFTY09APR2418900PE.NFO,2024-03-11,10:32:00,2024-04-09,500.0,500.0,500.0,500.0,0,0,1
FINNIFTY09APR2418900PE.NFO,2024-03-11,10:33:00,2024-04-09,500.0,500.0,500.0,500.0,0,0,1
FINNIFTY09APR2418900PE.NFO,2024-03-11,10:34:00,2024-04-09,500.0,500.0,500.0,500.0,0,0,1
FINNIFTY09APR2418900PE.NFO,2024-03-11,10:35:00,2024-04-09,500.0,500.0,500.0,500.0,0,0,1
FINNIFTY09APR2418900PE.NFO,2024-03-11,10:36:00,2024-04-09,500.0,500.0,500.0,500.0,0,0,1
FINNIFTY09APR2418900PE.NFO,2024-03-11,10:37:00,2024-04-09,500.0,500.0,500.0,500.0,0,0,1
FINNIFTY09APR2418900PE.NFO,2024-03-11,10:38:00,2024-04-09,500.0,500.0,500.0,500.0,0,0,1
FINNIFTY09APR2418900PE.NFO,2024-03-11,10:39:00,2024-04-09,500.0,500.0,500.0,500.0,0,0,1
FINNIFTY09APR2418900PE.NFO,2024-03-11,10:40:00,2024-04-09,500.0,500.0,500.0,500.0,0,0,1
FINNIFTY09APR2418900PE.NFO,2024-03-11,10:41:00,2024-04-09,500.0,500.0,500.0,500.0,0,0,1
FINNIFTY09APR2418900PE.NFO,2024-03-11,10:42:00,2024-04-09,500.0,500.0,500.0,500.0,0,0,1
FINNIFTY09APR2418900PE.NFO,2024-03-11,10:43:00,2024-04-09,500.0,500.0,500.0,500.0,0,0,1
FINNIFTY09APR2418900PE.NFO,2024-03-11,10:44:00,2024-04-09,500.0,500.0,500.0,500.0,0,0,1
FINNIFTY09APR2418900PE.NFO,2024-03-11,10:45:00,2024-04-09,500.0,500.0,500.0,500.0,0,0,1
FINNIFTY09APR2418900PE.NFO,2024-03-11,10:46:00,2024-04-09,500.0,500.0,500.0,500.0,0,0,1
FINNIFTY09APR2418900PE.NFO,2024-03-11,10:47:00,2024-04-09,500.0,500.0,500.0,500.0,0,0,1
FINNIFTY09APR2418900PE.NFO,2024-03-11,10:48:00,2024-04-09,500.0,500.0,500.0,500.0,0,0,1
FINNIFTY09APR2418900PE.NFO,2024-03-11,10:49:00,2024-04-09,500.0,500.0,500.0,500.0,0,0,1
FINNIFTY09APR2418900PE.NFO,2024-03-11,10:50:00,2024-04-09,500.0,500.0,500.0,500.0,0,0,1
FINNIFTY09APR2418900PE.NFO,2024-03-11,10:51:00,2024-04-09,500.0,500.0,500.0,500.0,0,0,1
FINNIFTY09APR2418900PE.NFO,2024-03-11,10:52:00,2024-04-09,500.0,500.0,500.0,500.0,0,0,1
FINNIFTY09APR2418900PE.NFO,2024-03-11,10:53:00,2024-04-09,500.0,500.0,500.0,500.0,0,0,1
FINNIFTY09APR2418900PE.NFO,2024-03-11,10:54:00,2024-04-09,500.0,500.0,500.0,500.0,0,0,1
FINNIFTY09APR2418900PE.NFO,2024-03-11,10:55:00,2024-04-09,500.0,500.0,500.0,500.0,0,0,1
FINNIFTY09APR2418900PE.NFO,2024-03-11,10:56:00,2024-04-09,500.0,500.0,500.0,500.0,0,0,1
FINNIFTY09APR2418900PE.NFO,2024-03-11,10:57:00,2024-04-09,500.0,500.0,500.0,500.0,0,0,1
FINNIFTY09APR2418900PE.NFO,2024-03-11,10:58:00,2024-04-09,500.0,500.0,500.0,500.0,0,0,1
FINNIFTY09APR2418900PE.NFO,2024-03-11,10:59:00,2024-04-09,500.0,500.0,500.0,500.0,0,0,1
FINNIFTY09APR2418900PE.NFO,2024-03-11,11:00:00,2024-04-09,500.0,500.0,500.0,500.0,0,0,1
FINNIFTY09APR2418900PE.NFO,2024-03-11,11:01:00,2024-04-09,500.0,500.0,500.0,500.0,0,0,1
FINNIFTY09APR2418900PE.NFO,2024-03-11,11:02:00,2024-04-09,500.0,500.0,500.0,500.0,0,0,1
FINNIFTY09APR2418900PE.NFO,2024-03-11,11:03:00,2024-04-09,500.0,500.0,500.0,500.0,0,0,1
FINNIFTY09APR2418900PE.NFO,2024-03-11,11:04:00,2024-04-09,500.0,500.0,500.0,500.0,0,0,1
FINNIFTY09APR2418900PE.NFO,2024-03-11,11:05:00,2024-04-09,500.0,500.0,500.0,500.0,0,0,1
FINNIFTY09APR2418900PE.NFO,2024-03-11,11:06:00,2024-04-09,500.0,500.0,500.0,500.0,0,0,1
FINNIFTY09APR2418900PE.NFO,2024-03-11,11:07:00,2024-04-09,500.0,500.0,500.0,500.0,0,0,1
FINNIFTY09APR2418900PE.NFO,2024-03-11,11:08:00,2024-04-09,500.0,500.0,500.0,500.0,0,0,1
FINNIFTY09APR2418900PE.NFO,2024-03-11,11:09:00,2024-04-09,500.0,500.0,500.0,500.0,0,0,1
FINNIFTY09APR2418900PE.NFO,2024-03-11,11:10:00,2024-04-09,500.0,500.0,500.0,500.0,0,0,1
FINNIFTY09APR2418900PE.NFO,2024-03-11,11:11:00,2024-04-09,500.0,500.0,500.0,500.0,0,0,1
FINNIFTY09APR2418900PE.NFO,2024-03-11,11:12:00,2024-04-09,500.0,500.0,500.0,500.0,0,0,1
FINNIFTY09APR2418900PE.NFO,2024-03-11,11:13:00,2024-04-09,500.0,500.0,500.0,500.0,0,0,1
FINNIFTY09APR2418900PE.NFO,2024-03-11,11:14:00,2024-04-09,500.0,500.0,500.0,500.0,0,0,1
FINNIFTY09APR2418900PE.NFO,2024-03-11,11:15:00,2024-04-09,500.0,500.0,500.0,500.0,0,0,1
FINNIFTY09APR2418900PE.NFO,2024-03-11,11:16:00,2024-04-09,500.0,500.0,500.0,500.0,0,0,1
FINNIFTY09APR2418900PE.NFO,2024-03-11,11:17:00,2024-04-09,500.0,500.0,500.0,500.0,0,0,1
FINNIFTY09APR2418900PE.NFO,2024-03-11,11:18:00,2024-04-09,500.0,500.0,500.0,500.0,0,0,1
FINNIFTY09APR2418900PE.NFO,2024-03-11,11:19:00,2024-04-09,500.0,500.0,500.0,500.0,0,0,1
FINNIFTY09APR2418900PE.NFO,2024-03-11,11:20:00,2024-04-09,500.0,500.0,500.0,500.0,0,0,1
FINNIFTY09APR2418900PE.NFO,2024-03-11,11:21:00,2024-04-09,500.0,500.0,500.0,500.0,0,0,1
FINNIFTY09APR2418900PE.NFO,2024-03-11,11:22:00,2024-04-09,500.0,500.0,500.0,500.0,0,0,1
FINNIFTY09APR2418900PE.NFO,2024-03-11,11:23:00,2024-04-09,500.0,500.0,500.0,500.0,0,0,1
FINNIFTY09APR2418900PE.NFO,2024-03-11,11:24:00,2024-04-09,500.0,500.0,500.0,500.0,0,0,1
FINNIFTY09APR2418900PE.NFO,2024-03-11,11:25:00,2024-04-09,500.0,500.0,500.0,500.0,0,0,1
FINNIFTY09APR2418900PE.NFO,2024-03-11,11:26:00,2024-04-09,500.0,500.0,500.0,500.0,0,0,1
FINNIFTY09APR2418900PE.NFO,2024-03-11,11:27:00,2024-04-09,500.0,500.0,500.0,500.0,0,0,1
FINNIFTY09APR2418900PE.NFO,2024-03-11,11:28:00,2024-04-09,500.0,500.0,500.0,500.0,0,0,1
FINNIFTY09APR2418900PE.NFO,2024-03-11,11:29:00,2024-04-09,500.0,500.0,500.0,500.0,0,0,1
FINNIFTY09APR2418900PE.NFO,2024-03-11,11:30:00,2024-04-09,500.0,500.0,500.0,500.0,0,0,1
FINNIFTY09APR2418900PE.NFO,2024-03-11,11:31:00,2024-04-09,500.0,500.0,500.0,500.0,0,0,1
FINNIFTY09APR2418900PE.NFO,2024-03-11,11:32:00,2024-04-09,500.0,500.0,500.0,500.0,0,0,1
FINNIFTY09APR2418900PE.NFO,2024-03-11,11:33:00,2024-04-09,500.0,500.0,500.0,500.0,0,0,1
FINNIFTY09APR2418900PE.NFO,2024-03-11,11:34:00,2024-04-09,500.0,500.0,500.0,500.0,0,0,1
FINNIFTY09APR2418900PE.NFO,2024-03-11,11:35:00,2024-04-09,500.0,500.0,500.0,500.0,0,0,1
FINNIFTY09APR2418900PE.NFO,2024-03-11,11:36:00,2024-04-09,500.0,500.0,500.0,500.0,0,0,1
FINNIFTY09APR2418900PE.NFO,2024-03-11,11:37:00,2024-04-09,500.0,500.0,500.0,500.0,0,0,1
FINNIFTY09APR2418900PE.NFO,2024-03-11,11:38:00,2024-04-09,500.0,500.0,500.0,500.0,0,0,1
FINNIFTY09APR2418900PE.NFO,2024-03-11,11:39:00,2024-04-09,500.0,500.0,500.0,500.0,0,0,1
FINNIFTY09APR2418900PE.NFO,2024-03-11,11:40:00,2024-04-09,500.0,500.0,500.0,500.0,0,0,1
FINNIFTY09APR2418900PE.NFO,2024-03-11,11:41:00,2024-04-09,500.0,500.0,500.0,500.0,0,0,1
FINNIFTY09APR2418900PE.NFO,2024-03-11,11:42:00,2024-04-09,500.0,500.0,500.0,500.0,0,0,1
FINNIFTY09APR2418900PE.NFO,2024-03-11,11:43:00,2024-04-09,500.0,500.0,500.0,500.0,0,0,1
FINNIFTY09APR2418900PE.NFO,2024-03-11,11:44:00,2024-04-09,500.0,500.0,500.0,500.0,0,0,1
FINNIFTY09APR2418900PE.NFO,2024-03-11,11:45:00,2024-04-09,500.0,500.0,500.0,500.0,0,0,1
FINNIFTY09APR2418900PE.NFO,2024-03-11,11:46:00,2024-04-09,500.0,500.0,500.0,500.0,0,0,1
FINNIFTY09APR2418900PE.NFO,2024-03-11,11:47:00,2024-04-09,500.0,500.0,500.0,500.0,0,0,1
FINNIFTY09APR2418900PE.NFO,2024-03-11,11:48:00,2024-04-09,500.0,500.0,500.0,500.0,0,0,1
FINNIFTY09APR2418900PE.NFO,2024-03-11,11:49:00,2024-04-09,500.0,500.0,500.0,500.0,0,0,1
FINNIFTY09APR2418900PE.NFO,2024-03-11,11:50:00,2024-04-09,500.0,500.0,500.0,500.0,0,0,1
FINNIFTY09APR2418900PE.NFO,2024-03-11,11:51:00,2024-04-09,500.0,500.0,500.0,500.0,0,0,1
FINNIFTY09APR2418900PE.NFO,2024-03-11,11:52:00,2024-04-09,500.0,500.0,500.0,500.0,0,0,1
FINNIFTY09APR2418900PE.NFO,2024-03-11,11:53:00,2024-04-09,500.0,500.0,500.0,500.0,0,0,1
FINNIFTY09APR2418900PE.NFO,2024-03-11,11:54:00,2024-04-09,500.0,500.0,500.0,500.0,0,0,1
FINNIFTY09APR2418900PE.NFO,2024-03-11,11:55:00,2024-04-09,500.0,500.0,500.0,500.0,0,0,1
FINNIFTY09APR2418900PE.NFO,2024-03-11,11:56:00,2024-04-09,500.0,500.0,500.0,500.0,0,0,1
FINNIFTY09APR2418900PE.NFO,2024-03-11,11:57:00,2024-04-09,500.0,500.0,500.0,500.0,0,0,1
FINNIFTY09APR2418900PE.NFO,2024-03-11,11:58:00,2024-04-09,500.0,500.0,500.0,500.0,0,0,1
FINNIFTY09APR2418900PE.NFO,2024-03-11,11:59:00,2024-04-09,500.0,500.0,500.0,500.0,0,0,1
FINNIFTY09APR2418900PE.NFO,2024-03-11,12:00:00,2024-04-09,500.0,500.0,500.0,500.0,0,0,1
FINNIFTY09APR2418900PE.NFO,2024-03-11,12:01:00,2024-04-09,500.0,500.0,500.0,500.0,0,0,1
FINNIFTY09APR2418900PE.NFO,2024-03-11,12:02:00,2024-04-09,500.0,500.0,500.0,500.0,0,0,1
FINNIFTY09APR2418900PE.NFO,2024-03-11,12:03:00,2024-04-09,500.0,500.0,500.0,500.0,0,0,1
FINNIFTY09APR2418900PE.NFO,2024-03-11,12:04:00,2024-04-09,500.0,500.0,500.0,500.0,0,0,1
FINNIFTY09APR2418900PE.NFO,2024-03-11,12:05:00,2024-04-09,500.0,500.0,500.0,500.0,0,0,1
FINNIFTY09APR2418900PE.NFO,2024-03-11,12:06:00,2024-04-09,500.0,500.0,500.0,500.0,0,0,1
FINNIFTY09APR2418900PE.NFO,2024-03-11,12:07:00,2024-04-09,500.0,500.0,500.0,500.0,0,0,1
FINNIFTY09APR2418900PE.NFO,2024-03-11,12:08:00,2024-04-09,500.0,500.0,500.0,500.0,0,0,1
FINNIFTY09APR2418900PE.NFO,2024-03-11,12:09:00,2024-04-09,500.0,500.0,500.0,500.0,0,0,1
FINNIFTY09APR2418900PE.NFO,2024-03-11,12:10:00,2024-04-09,500.0,500.0,500.0,500.0,0,0,1
FINNIFTY09APR2418900PE.NFO,2024-03-11,12:11:00,2024-04-09,500.0,500.0,500.0,500.0,0,0,1
FINNIFTY09APR2418900PE.NFO,2024-03-11,12:12:00,2024-04-09,500.0,500.0,500.0,500.0,0,0,1
FINNIFTY09APR2418900PE.NFO,2024-03-11,12:13:00,2024-04-09,500.0,500.0,500.0,500.0,0,0,1
FINNIFTY09APR2418900PE.NFO,2024-03-11,12:14:00,2024-04-09,500.0,500.0,500.0,500.0,0,0,1
FINNIFTY09APR2418900PE.NFO,2024-03-11,12:15:00,2024-04-09,500.0,500.0,500.0,500.0,0,0,1
FINNIFTY09APR2418900PE.NFO,2024-03-11,12:16:00,2024-04-09,500.0,500.0,500.0,500.0,0,0,1
FINNIFTY09APR2418900PE.NFO,2024-03-11,12:17:00,2024-04-09,500.0,500.0,500.0,500.0,0,0,1
FINNIFTY09APR2418900PE.NFO,2024-03-11,12:18:00,2024-04-09,500.0,500.0,500.0,500.0,0,0,1
FINNIFTY09APR2418900PE.NFO,2024-03-11,12:19:00,2024-04-09,500.0,500.0,500.0,500.0,0,0,1
FINNIFTY09APR2418900PE.NFO,2024-03-11,12:20:00,2024-04-09,500.0,500.0,500.0,500.0,0,0,1
FINNIFTY09APR2418900PE.NFO,2024-03-11,12:21:00,2024-04-09,500.0,500.0,500.0,500.0,0,0,1
FINNIFTY09APR2418900PE.NFO,2024-03-11,12:22:00,2024-04-09,500.0,500.0,500.0,500.0,0,0,1
FINNIFTY09APR2418900PE.NFO,2024-03-11,12:23:00,2024-04-09,500.0,500.0,500.0,500.0,0,0,1
FINNIFTY09APR2418900PE.NFO,2024-03-11,12:24:00,2024-04-09,500.0,500.0,500.0,500.0,0,0,1
FINNIFTY09APR2418900PE.NFO,2024-03-11,12:25:00,2024-04-09,500.0,500.0,500.0,500.0,0,0,1
FINNIFTY09APR2418900PE.NFO,2024-03-11,12:26:00,2024-04-09,500.0,500.0,500.0,500.0,0,0,1
FINNIFTY09APR2418900PE.NFO,2024-03-11,12:27:00,2024-04-09,500.0,500.0,500.0,500.0,0,0,1
FINNIFTY09APR2418900PE.NFO,2024-03-11,12:28:00,2024-04-09,500.0,500.0,500.0,500.0,0,0,1
FINNIFTY09APR2418900PE.NFO,2024-03-11,12:29:00,2024-04-09,500.0,500.0,500.0,500.0,0,0,1
FINNIFTY09APR2418900PE.NFO,2024-03-11,12:30:00,2024-04-09,500.0,500.0,500.0,500.0,0,0,1
FINNIFTY09APR2418900PE.NFO,2024-03-11,12:31:00,2024-04-09,500.0,500.0,500.0,500.0,0,0,1
FINNIFTY09APR2418900PE.NFO,2024-03-11,12:32:00,2024-04-09,500.0,500.0,500.0,500.0,0,0,1
FINNIFTY09APR2418900PE.NFO,2024-03-11,12:33:00,2024-04-09,500.0,500.0,500.0,500.0,0,0,1
FINNIFTY09APR2418900PE.NFO,2024-03-11,12:34:00,2024-04-09,500.0,500.0,500.0,500.0,0,0,1
FINNIFTY09APR2418900PE.NFO,2024-03-11,12:35:00,2024-04-09,500.0,500.0,500.0,500.0,0,0,1
FINNIFTY09APR2418900PE.NFO,2024-03-11,12:36:00,2024-04-09,500.0,500.0,500.0,500.0,0,0,1
FINNIFTY09APR2418900PE.NFO,2024-03-11,12:37:00,2024-04-09,500.0,500.0,500.0,500.0,0,0,1
FINNIFTY09APR2418900PE.NFO,2024-03-11,12:38:00,2024-04-09,500.0,500.0,500.0,500.0,0,0,1
FINNIFTY09APR2418900PE.NFO,2024-03-11,12:39:00,2024-04-09,500.0,500.0,500.0,500.0,0,0,1
FINNIFTY09APR2418900PE.NFO,2024-03-11,12:40:00,2024-04-09,500.0,500.0,500.0,500.0,0,0,1
FINNIFTY09APR2418900PE.NFO,2024-03-11,12:41:00,2024-04-09,500.0,500.0,500.0,500.0,0,0,1
FINNIFTY09APR2418900PE.NFO,2024-03-11,12:42:00,2024-04-09,500.0,500.0,500.0,500.0,0,0,1
FINNIFTY09APR2418900PE.NFO,2024-03-11,12:43:00,2024-04-09,500.0,500.0,500.0,500.0,0,0,1
FINNIFTY09APR2418900PE.NFO,2024-03-11,12:44:00,2024-04-09,500.0,500.0,500.0,500.0,0,0,1
FINNIFTY09APR2418900PE.NFO,2024-03-11,12:45:00,2024-04-09,500.0,500.0,500.0,500.0,0,0,1
FINNIFTY09APR2418900PE.NFO,2024-03-11,12:46:00,2024-04-09,500.0,500.0,500.0,500.0,0,0,1
FINNIFTY09APR2418900PE.NFO,2024-03-11,12:47:00,2024-04-09,500.0,500.0,500.0,500.0,0,0,1
FINNIFTY09APR2418900PE.NFO,2024-03-11,12:48:00,2024-04-09,500.0,500.0,500.0,500.0,0,0,1
FINNIFTY09APR2418900PE.NFO,2024-03-11,12:49:00,2024-04-09,500.0,500.0,500.0,500.0,0,0,1
FINNIFTY09APR2418900PE.NFO,2024-03-11,12:50:00,2024-04-09,500.0,500.0,500.0,500.0,0,0,1
FINNIFTY09APR2418900PE.NFO,2024-03-11,12:51:00,2024-04-09,500.0,500.0,500.0,500.0,0,0,1
FINNIFTY09APR2418900PE.NFO,2024-03-11,12:52:00,2024-04-09,500.0,500.0,500.0,500.0,0,0,1
FINNIFTY09APR2418900PE.NFO,2024-03-11,12:53:00,2024-04-09,500.0,500.0,500.0,500.0,0,0,1
FINNIFTY09APR2418900PE.NFO,2024-03-11,12:54:00,2024-04-09,500.0,500.0,500.0,500.0,0,0,1
FINNIFTY09APR2418900PE.NFO,2024-03-11,12:55:00,2024-04-09,500.0,500.0,500.0,500.0,0,0,1
FINNIFTY09APR2418900PE.NFO,2024-03-11,12:56:00,2024-04-09,500.0,500.0,500.0,500.0,0,0,1
FINNIFTY09APR2418900PE.NFO,2024-03-11,12:57:00,2024-04-09,500.0,500.0,500.0,500.0,0,0,1
FINNIFTY09APR2418900PE.NFO,2024-03-11,12:58:00,2024-04-09,500.0,500.0,500.0,500.0,0,0,1
FINNIFTY09APR2418900PE.NFO,2024-03-11,12:59:00,2024-04-09,500.0,500.0,500.0,500.0,0,0,1
FINNIFTY09APR2418900PE.NFO,2024-03-11,13:00:00,2024-04-09,500.0,500.0,500.0,500.0,0,0,1
FINNIFTY09APR2418900PE.NFO,2024-03-11,13:01:00,2024-04-09,500.0,500.0,500.0,500.0,0,0,1
FINNIFTY09APR2418900PE.NFO,2024-03-11,13:02:00,2024-04-09,500.0,500.0,500.0,500.0,0,0,1
FINNIFTY09APR2418900PE.NFO,2024-03-11,13:03:00,2024-04-09,500.0,500.0,500.0,500.0,0,0,1
FINNIFTY09APR2418900PE.NFO,2024-03-11,13:04:00,2024-04-09,500.0,500.0,500.0,500.0,0,0,1
FINNIFTY09APR2418900PE.NFO,2024-03-11,13:05:00,2024-04-09,500.0,500.0,500.0,500.0,0,0,1
FINNIFTY09APR2418900PE.NFO,2024-03-11,13:06:00,2024-04-09,500.0,500.0,500.0,500.0,0,0,1
FINNIFTY09APR2418900PE.NFO,2024-03-11,13:07:00,2024-04-09,500.0,500.0,500.0,500.0,0,0,1
FINNIFTY09APR2418900PE.NFO,2024-03-11,13:08:00,2024-04-09,500.0,500.0,500.0,500.0,0,0,1
FINNIFTY09APR2418900PE.NFO,2024-03-11,13:09:00,2024-04-09,500.0,500.0,500.0,500.0,0,0,1
FINNIFTY09APR2418900PE.NFO,2024-03-11,13:10:00,2024-04-09,500.0,500.0,500.0,500.0,0,0,1
FINNIFTY09APR2418900PE.NFO,2024-03-11,13:11:00,2024-04-09,500.0,500.0,500.0,500.0,0,0,1
FINNIFTY09APR2418900PE.NFO,2024-03-11,13:12:00,2024-04-09,500.0,500.0,500.0,500.0,0,0,1
FINNIFTY09APR2418900PE.NFO,2024-03-11,13:13:00,2024-04-09,500.0,500.0,500.0,500.0,0,0,1
FINNIFTY09APR2418900PE.NFO,2024-03-11,13:14:00,2024-04-09,500.0,500.0,500.0,500.0,0,0,1
FINNIFTY09APR2418900PE.NFO,2024-03-11,13:15:00,2024-04-09,500.0,500.0,500.0,500.0,0,0,1
FINNIFTY09APR2418900PE.NFO,2024-03-11,13:16:00,2024-04-09,500.0,500.0,500.0,500.0,0,0,1
FINNIFTY09APR2418900PE.NFO,2024-03-11,13:17:00,2024-04-09,500.0,500.0,500.0,500.0,0,0,1
FINNIFTY09APR2418900PE.NFO,2024-03-11,13:18:00,2024-04-09,500.0,500.0,500.0,500.0,0,0,1
FINNIFTY09APR2418900PE.NFO,2024-03-11,13:19:00,2024-04-09,500.0,500.0,500.0,500.0,0,0,1
FINNIFTY09APR2418900PE.NFO,2024-03-11,13:20:00,2024-04-09,500.0,500.0,500.0,500.0,0,0,1
FINNIFTY09APR2418900PE.NFO,2024-03-11,13:21:00,2024-04-09,500.0,500.0,500.0,500.0,0,0,1
FINNIFTY09APR2418900PE.NFO,2024-03-11,13:22:00,2024-04-09,500.0,500.0,500.0,500.0,0,0,1
FINNIFTY09APR2418900PE.NFO,2024-03-11,13:23:00,2024-04-09,500.0,500.0,500.0,500.0,0,0,1
FINNIFTY09APR2418900PE.NFO,2024-03-11,13:24:00,2024-04-09,500.0,500.0,500.0,500.0,0,0,1
FINNIFTY09APR2418900PE.NFO,2024-03-11,13:25:00,2024-04-09,500.0,500.0,500.0,500.0,0,0,1
FINNIFTY09APR2418900PE.NFO,2024-03-11,13:26:00,2024-04-09,500.0,500.0,500.0,500.0,0,0,1
FINNIFTY09APR2418900PE.NFO,2024-03-11,13:27:00,2024-04-09,500.0,500.0,500.0,500.0,0,0,1
FINNIFTY09APR2418900PE.NFO,2024-03-11,13:28:00,2024-04-09,500.0,500.0,500.0,500.0,0,0,1
FINNIFTY09APR2418900PE.NFO,2024-03-11,13:29:00,2024-04-09,500.0,500.0,500.0,500.0,0,0,1
FINNIFTY09APR2418900PE.NFO,2024-03-11,13:30:00,2024-04-09,500.0,500.0,500.0,500.0,0,0,1
FINNIFTY09APR2418900PE.NFO,2024-03-11,13:31:00,2024-04-09,500.0,500.0,500.0,500.0,0,0,1
FINNIFTY09APR2418900PE.NFO,2024-03-11,13:32:00,2024-04-09,500.0,500.0,500.0,500.0,0,0,1
FINNIFTY09APR2418900PE.NFO,2024-03-11,13:33:00,2024-04-09,500.0,500.0,500.0,500.0,0,0,1
FINNIFTY09APR2418900PE.NFO,2024-03-11,13:34:00,2024-04-09,500.0,500.0,500.0,500.0,0,0,1
FINNIFTY09APR2418900PE.NFO,2024-03-11,13:35:00,2024-04-09,500.0,500.0,500.0,500.0,0,0,1
FINNIFTY09APR2418900PE.NFO,2024-03-11,13:36:00,2024-04-09,500.0,500.0,500.0,500.0,0,0,1
FINNIFTY09APR2418900PE.NFO,2024-03-11,13:37:00,2024-04-09,500.0,500.0,500.0,500.0,0,0,1
FINNIFTY09APR2418900PE.NFO,2024-03-11,13:38:00,2024-04-09,500.0,500.0,500.0,500.0,0,0,1
FINNIFTY09APR2418900PE.NFO,2024-03-11,13:39:00,2024-04-09,500.0,500.0,500.0,500.0,0,0,1
FINNIFTY09APR2418900PE.NFO,2024-03-11,13:40:00,2024-04-09,500.0,500.0,500.0,500.0,0,0,1
FINNIFTY09APR2418900PE.NFO,2024-03-11,13:41:00,2024-04-09,500.0,500.0,500.0,500.0,0,0,1
FINNIFTY09APR2418900PE.NFO,2024-03-11,13:42:00,2024-04-09,500.0,500.0,500.0,500.0,0,0,1
FINNIFTY09APR2418900PE.NFO,2024-03-11,13:43:00,2024-04-09,500.0,500.0,500.0,500.0,0,0,1
FINNIFTY09APR2418900PE.NFO,2024-03-11,13:44:00,2024-04-09,500.0,500.0,500.0,500.0,0,0,1
FINNIFTY09APR2418900PE.NFO,2024-03-11,13:45:00,2024-04-09,500.0,500.0,500.0,500.0,0,0,1
FINNIFTY09APR2418900PE.NFO,2024-03-11,13:46:00,2024-04-09,500.0,500.0,500.0,500.0,0,0,1
FINNIFTY09APR2418900PE.NFO,2024-03-11,13:47:00,2024-04-09,500.0,500.0,500.0,500.0,0,0,1
FINNIFTY09APR2418900PE.NFO,2024-03-11,13:48:00,2024-04-09,500.0,500.0,500.0,500.0,0,0,1
FINNIFTY09APR2418900PE.NFO,2024-03-11,13:49:00,2024-04-09,500.0,500.0,500.0,500.0,0,0,1
FINNIFTY09APR2418900PE.NFO,2024-03-11,13:50:00,2024-04-09,500.0,500.0,500.0,500.0,0,0,1
FINNIFTY09APR2418900PE.NFO,2024-03-11,13:51:00,2024-04-09,500.0,500.0,500.0,500.0,0,0,1
FINNIFTY09APR2418900PE.NFO,2024-03-11,13:52:00,2024-04-09,500.0,500.0,500.0,500.0,0,0,1
FINNIFTY09APR2418900PE.NFO,2024-03-11,13:53:00,2024-04-09,500.0,500.0,500.0,500.0,0,0,1
FINNIFTY09APR2418900PE.NFO,2024-03-11,13:54:00,2024-04-09,500.0,500.0,500.0,500.0,0,0,1
FINNIFTY09APR2418900PE.NFO,2024-03-11,13:55:00,2024-04-09,500.0,500.0,500.0,500.0,0,0,1
FINNIFTY09APR2418900PE.NFO,2024-03-11,13:56:00,2024-04-09,500.0,500.0,500.0,500.0,0,0,1
FINNIFTY09APR2418900PE.NFO,2024-03-11,13:57:00,2024-04-09,500.0,500.0,500.0,500.0,0,0,1
FINNIFTY09APR2418900PE.NFO,2024-03-11,13:58:00,2024-04-09,500.0,500.0,500.0,500.0,0,0,1
FINNIFTY09APR2418900PE.NFO,2024-03-11,13:59:00,2024-04-09,500.0,500.0,500.0,500.0,0,0,1
FINNIFTY09APR2418900PE.NFO,2024-03-11,14:00:00,2024-04-09,500.0,500.0,500.0,500.0,0,0,1
FINNIFTY09APR2418900PE.NFO,2024-03-11,14:01:00,2024-04-09,500.0,500.0,500.0,500.0,0,0,1
FINNIFTY09APR2418900PE.NFO,2024-03-11,14:02:00,2024-04-09,500.0,500.0,500.0,500.0,0,0,1
FINNIFTY09APR2418900PE.NFO,2024-03-11,14:03:00,2024-04-09,500.0,500.0,500.0,500.0,0,0,1
FINNIFTY09APR2418900PE.NFO,2024-03-11,14:04:00,2024-04-09,500.0,500.0,500.0,500.0,0,0,1
FINNIFTY09APR2418900PE.NFO,2024-03-11,14:05:00,2024-04-09,500.0,500.0,500.0,500.0,0,0,1
FINNIFTY09APR2418900PE.NFO,2024-03-11,14:06:00,2024-04-09,500.0,500.0,500.0,500.0,0,0,1
FINNIFTY09APR2418900PE.NFO,2024-03-11,14:07:00,2024-04-09,500.0,500.0,500.0,500.0,0,0,1
FINNIFTY09APR2418900PE.NFO,2024-03-11,14:08:00,2024-04-09,500.0,500.0,500.0,500.0,0,0,1
FINNIFTY09APR2418900PE.NFO,2024-03-11,14:09:00,2024-04-09,500.0,500.0,500.0,500.0,0,0,1
FINNIFTY09APR2418900PE.NFO,2024-03-11,14:10:00,2024-04-09,500.0,500.0,500.0,500.0,0,0,1
FINNIFTY09APR2418900PE.NFO,2024-03-11,14:11:00,2024-04-09,500.0,500.0,500.0,500.0,0,0,1
FINNIFTY09APR2418900PE.NFO,2024-03-11,14:12:00,2024-04-09,500.0,500.0,500.0,500.0,0,0,1
FINNIFTY09APR2418900PE.NFO,2024-03-11,14:13:00,2024-04-09,500.0,500.0,500.0,500.0,0,0,1
FINNIFTY09APR2418900PE.NFO,2024-03-11,14:14:00,2024-04-09,500.0,500.0,500.0,500.0,0,0,1
FINNIFTY09APR2418900PE.NFO,2024-03-11,14:15:00,2024-04-09,500.0,500.0,500.0,500.0,0,0,1
FINNIFTY09APR2418900PE.NFO,2024-03-11,14:16:00,2024-04-09,500.0,500.0,500.0,500.0,0,0,1
FINNIFTY09APR2418900PE.NFO,2024-03-11,14:17:00,2024-04-09,500.0,500.0,500.0,500.0,0,0,1
FINNIFTY09APR2418900PE.NFO,2024-03-11,14:18:00,2024-04-09,500.0,500.0,500.0,500.0,0,0,1
FINNIFTY09APR2418900PE.NFO,2024-03-11,14:19:00,2024-04-09,500.0,500.0,500.0,500.0,0,0,1
FINNIFTY09APR2418900PE.NFO,2024-03-11,14:20:00,2024-04-09,500.0,500.0,500.0,500.0,0,0,1
FINNIFTY09APR2418900PE.NFO,2024-03-11,14:21:00,2024-04-09,500.0,500.0,500.0,500.0,0,0,1
FINNIFTY09APR2418900PE.NFO,2024-03-11,14:22:00,2024-04-09,500.0,500.0,500.0,500.0,0,0,1
FINNIFTY09APR2418900PE.NFO,2024-03-11,14:23:00,2024-04-09,500.0,500.0,500.0,500.0,0,0,1
FINNIFTY09APR2418900PE.NFO,2024-03-11,14:24:00,2024-04-09,500.0,500.0,500.0,500.0,0,0,1
FINNIFTY09APR2418900PE.NFO,2024-03-11,14:25:00,2024-04-09,500.0,500.0,500.0,500.0,0,0,1
FINNIFTY09APR2418900PE.NFO,2024-03-11,14:26:00,2024-04-09,500.0,500.0,500.0,500.0,0,0,1
FINNIFTY09APR2418900PE.NFO,2024-03-11,14:27:00,2024-04-09,500.0,500.0,500.0,500.0,0,0,1
FINNIFTY09APR2418900PE.NFO,2024-03-11,14:28:00,2024-04-09,500.0,500.0,500.0,500.0,0,0,1
FINNIFTY09APR2418900PE.NFO,2024-03-11,14:29:00,2024-04-09,500.0,500.0,500.0,500.0,0,0,1
FINNIFTY09APR2418900PE.NFO,2024-03-11,14:30:00,2024-04-09,500.0,500.0,500.0,500.0,0,0,1
FINNIFTY09APR2418900PE.NFO,2024-03-11,14:31:00,2024-04-09,500.0,500.0,500.0,500.0,0,0,1
FINNIFTY09APR2418900PE.NFO,2024-03-11,14:32:00,2024-04-09,500.0,500.0,500.0,500.0,0,0,1
FINNIFTY09APR2418900PE.NFO,2024-03-11,14:33:00,2024-04-09,500.0,500.0,500.0,500.0,0,0,1
FINNIFTY09APR2418900PE.NFO,2024-03-11,14:34:00,2024-04-09,500.0,500.0,500.0,500.0,0,0,1
FINNIFTY09APR2418900PE.NFO,2024-03-11,14:35:00,2024-04-09,500.0,500.0,500.0,500.0,0,0,1
FINNIFTY09APR2418900PE.NFO,2024-03-11,14:36:00,2024-04-09,500.0,500.0,500.0,500.0,0,0,1
FINNIFTY09APR2418900PE.NFO,2024-03-11,14:37:00,2024-04-09,500.0,500.0,500.0,500.0,0,0,1
FINNIFTY09APR2418900PE.NFO,2024-03-11,14:38:00,2024-04-09,500.0,500.0,500.0,500.0,0,0,1
FINNIFTY09APR2418900PE.NFO,2024-03-11,14:39:00,2024-04-09,500.0,500.0,500.0,500.0,0,0,1
FINNIFTY09APR2418900PE.NFO,2024-03-11,14:40:00,2024-04-09,500.0,500.0,500.0,500.0,0,0,1
FINNIFTY09APR2418900PE.NFO,2024-03-11,14:41:00,2024-04-09,500.0,500.0,500.0,500.0,0,0,1
FINNIFTY09APR2418900PE.NFO,2024-03-11,14:42:00,2024-04-09,500.0,500.0,500.0,500.0,0,0,1
FINNIFTY09APR2418900PE.NFO,2024-03-11,14:43:00,2024-04-09,500.0,500.0,500.0,500.0,0,0,1
FINNIFTY09APR2418900PE.NFO,2024-03-11,14:44:00,2024-04-09,500.0,500.0,500.0,500.0,0,0,1
FINNIFTY09APR2418900PE.NFO,2024-03-11,14:45:00,2024-04-09,500.0,500.0,500.0,500.0,0,0,1
FINNIFTY09APR2418900PE.NFO,2024-03-11,14:46:00,2024-04-09,500.0,500.0,500.0,500.0,0,0,1
FINNIFTY09APR2418900PE.NFO,2024-03-11,14:47:00,2024-04-09,500.0,500.0,500.0,500.0,0,0,1
FINNIFTY09APR2418900PE.NFO,2024-03-11,14:48:00,2024-04-09,500.0,500.0,500.0,500.0,0,0,1
FINNIFTY09APR2418900PE.NFO,2024-03-11,14:49:00,2024-04-09,500.0,500.0,500.0,500.0,0,0,1
FINNIFTY09APR2418900PE.NFO,2024-03-11,14:50:00,2024-04-09,500.0,500.0,500.0,500.0,0,0,1
FINNIFTY09APR2418900PE.NFO,2024-03-11,14:51:00,2024-04-09,500.0,500.0,500.0,500.0,0,0,1
FINNIFTY09APR2418900PE.NFO,2024-03-11,14:52:00,2024-04-09,500.0,500.0,500.0,500.0,0,0,1
FINNIFTY09APR2418900PE.NFO,2024-03-11,14:53:00,2024-04-09,500.0,500.0,500.0,500.0,0,0,1
FINNIFTY09APR2418900PE.NFO,2024-03-11,14:54:00,2024-04-09,500.0,500.0,500.0,500.0,0,0,1
FINNIFTY09APR2418900PE.NFO,2024-03-11,14:55:00,2024-04-09,500.0,500.0,500.0,500.0,0,0,1
FINNIFTY09APR2418900PE.NFO,2024-03-11,14:56:00,2024-04-09,500.0,500.0,500.0,500.0,0,0,1
FINNIFTY09APR2418900PE.NFO,2024-03-11,14:57:00,2024-04-09,500.0,500.0,500.0,500.0,0,0,1
FINNIFTY09APR2418900PE.NFO,2024-03-11,14:58:00,2024-04-09,500.0,500.0,500.0,500.0,0,0,1
FINNIFTY09APR2418900PE.NFO,2024-03-11,14:59:00,2024-04-09,500.0,500.0,500.0,500.0,0,0,1
FINNIFTY09APR2418900PE.NFO,2024-03-11,15:00:00,2024-04-09,500.0,500.0,500.0,500.0,0,0,1
FINNIFTY09APR2418900PE.NFO,2024-03-11,15:01:00,2024-04-09,500.0,500.0,500.0,500.0,0,0,1
FINNIFTY09APR2418900PE.NFO,2024-03-11,15:02:00,2024-04-09,500.0,500.0,500.0,500.0,0,0,1
FINNIFTY09APR2418900PE.NFO,2024-03-11,15:03:00,2024-04-09,500.0,500.0,500.0,500.0,0,0,1
FINNIFTY09APR2418900PE.NFO,2024-03-11,15:04:00,2024-04-09,500.0,500.0,500.0,500.0,0,0,1
FINNIFTY09APR2418900PE.NFO,2024-03-11,15:05:00,2024-04-09,500.0,500.0,500.0,500.0,0,0,1
FINNIFTY09APR2418900PE.NFO,2024-03-11,15:06:00,2024-04-09,500.0,500.0,500.0,500.0,0,0,1
FINNIFTY09APR2418900PE.NFO,2024-03-11,15:07:00,2024-04-09,500.0,500.0,500.0,500.0,0,0,1
FINNIFTY09APR2418900PE.NFO,2024-03-11,15:08:00,2024-04-09,500.0,500.0,500.0,500.0,0,0,1
FINNIFTY09APR2418900PE.NFO,2024-03-11,15:09:00,2024-04-09,500.0,500.0,500.0,500.0,0,0,1
FINNIFTY09APR2418900PE.NFO,2024-03-11,15:10:00,2024-04-09,500.0,500.0,500.0,500.0,0,0,1
FINNIFTY09APR2418900PE.NFO,2024-03-11,15:11:00,2024-04-09,500.0,500.0,500.0,500.0,0,0,1
FINNIFTY09APR2418900PE.NFO,2024-03-11,15:12:00,2024-04-09,500.0,500.0,500.0,500.0,0,0,1
FINNIFTY09APR2418900PE.NFO,2024-03-11,15:13:00,2024-04-09,500.0,500.0,500.0,500.0,0,0,1
FINNIFTY09APR2418900PE.NFO,2024-03-11,15:14:00,2024-04-09,500.0,500.0,500.0,500.0,0,0,1
FINNIFTY09APR2418900PE.NFO,2024-03-11,15:15:00,2024-04-09,500.0,500.0,500.0,500.0,0,0,1
FINNIFTY09APR2418900PE.NFO,2024-03-11,15:16:00,2024-04-09,500.0,500.0,500.0,500.0,0,0,1
FINNIFTY09APR2418900PE.NFO,2024-03-11,15:17:00,2024-04-09,500.0,500.0,500.0,500.0,0,0,1
FINNIFTY09APR2418900PE.NFO,2024-03-11,15:18:00,2024-04-09,500.0,500.0,500.0,500.0,0,0,1
FINNIFTY09APR2418900PE.NFO,2024-03-11,15:19:00,2024-04-09,500.0,500.0,500.0,500.0,0,0,1
FINNIFTY09APR2418900PE.NFO,2024-03-11,15:20:00,2024-04-09,500.0,500.0,500.0,500.0,0,0,1
FINNIFTY09APR2418900PE.NFO,2024-03-11,15:21:00,2024-04-09,500.0,500.0,500.0,500.0,0,0,1
FINNIFTY09APR2418900PE.NFO,2024-03-11,15:22:00,2024-04-09,500.0,500.0,500.0,500.0,0,0,1
FINNIFTY09APR2418900PE.NFO,2024-03-11,15:23:00,2024-04-09,500.0,500.0,500.0,500.0,0,0,1
FINNIFTY09APR2418900PE.NFO,2024-03-11,15:24:00,2024-04-09,500.0,500.0,500.0,500.0,0,0,1
FINNIFTY09APR2418900PE.NFO,2024-03-11,15:25:00,2024-04-09,500.0,500.0,500.0,500.0,0,0,1
FINNIFTY09APR2418900PE.NFO,2024-03-11,15:26:00,2024-04-09,500.0,500.0,500.0,500.0,0,0,1
FINNIFTY09APR2418900PE.NFO,2024-03-11,15:27:00,2024-04-09,500.0,500.0,500.0,500.0,0,0,1
FINNIFTY09APR2418900PE.NFO,2024-03-11,15:28:00,2024-04-09,500.0,500.0,500.0,500.0,0,0,1
FINNIFTY09APR2418900PE.NFO,2024-03-11,15:29:00,2024-04-09,500.0,500.0,500.0,500.0,0,0,1
FINNIFTY09APR2418900PE.NFO,2024-03-11,15:30:00,2024-04-09,500.0,500.0,500.0,500.0,0,0,1
FINNIFTY09APR2418900PE.NFO,2024-04-03,09:15:00,2024-04-09,2.0,2.0,2.0,2.0,320,0,1
FINNIFTY09APR2418900PE.NFO,2024-04-03,09:16:00,2024-04-09,2.0,2.0,2.0,2.0,320,0,1
FINNIFTY09APR2418900PE.NFO,2024-04-03,09:17:00,2024-04-09,2.0,2.0,2.0,2.0,320,0,1
FINNIFTY09APR2418900PE.NFO,2024-04-03,09:18:00,2024-04-09,2.0,2.0,2.0,2.0,320,0,1
FINNIFTY09APR2418900PE.NFO,2024-04-03,09:19:00,2024-04-09,2.0,2.0,2.0,2.0,320,0,1
FINNIFTY09APR2418900PE.NFO,2024-04-03,09:20:00,2024-04-09,2.0,2.0,2.0,2.0,320,0,1
FINNIFTY09APR2418900PE.NFO,2024-04-03,09:21:00,2024-04-09,2.0,2.0,2.0,2.0,320,0,1
FINNIFTY09APR2418900PE.NFO,2024-04-03,09:22:00,2024-04-09,2.0,2.0,2.0,2.0,320,0,1
FINNIFTY09APR2418900PE.NFO,2024-04-03,09:23:00,2024-04-09,2.0,2.0,2.0,2.0,320,0,1
FINNIFTY09APR2418900PE.NFO,2024-04-03,09:24:00,2024-04-09,2.0,2.0,2.0,2.0,320,0,1
FINNIFTY09APR2418900PE.NFO,2024-04-03,09:25:00,2024-04-09,2.0,2.0,2.0,2.0,320,0,1
FINNIFTY09APR2418900PE.NFO,2024-04-03,09:26:00,2024-04-09,2.0,2.0,2.0,2.0,320,0,1
FINNIFTY09APR2418900PE.NFO,2024-04-03,09:27:00,2024-04-09,2.0,2.0,2.0,2.0,320,0,1
FINNIFTY09APR2418900PE.NFO,2024-04-03,09:28:00,2024-04-09,2.0,2.0,2.0,2.0,320,0,1
FINNIFTY09APR2418900PE.NFO,2024-04-03,09:29:00,2024-04-09,2.0,2.0,2.0,2.0,320,0,1
FINNIFTY09APR2418900PE.NFO,2024-04-03,09:30:00,2024-04-09,2.0,2.0,2.0,2.0,320,0,1
FINNIFTY09APR2418900PE.NFO,2024-04-03,09:31:00,2024-04-09,2.0,2.0,2.0,2.0,320,0,0
FINNIFTY09APR2418900PE.NFO,2024-04-03,09:32:00,2024-04-09,2.0,2.0,2.0,2.0,0,0,0
FINNIFTY09APR2418900PE.NFO,2024-04-03,09:33:00,2024-04-09,2.0,2.0,2.0,2.0,0,0,0
FINNIFTY09APR2418900PE.NFO,2024-04-03,09:34:00,2024-04-09,2.0,2.0,2.0,2.0,0,0,0
FINNIFTY09APR2418900PE.NFO,2024-04-03,09:35:00,2024-04-09,2.0,2.0,2.0,2.0,0,0,1
FINNIFTY09APR2418900PE.NFO,2024-04-03,09:36:00,2024-04-09,2.0,2.0,2.0,2.0,0,0,0
FINNIFTY09APR2418900PE.NFO,2024-04-03,09:37:00,2024-04-09,2.0,2.0,2.0,2.0,0,0,0
FINNIFTY09APR2418900PE.NFO,2024-04-03,09:38:00,2024-04-09,2.0,2.0,2.0,2.0,0,0,0
FINNIFTY09APR2418900PE.NFO,2024-04-03,09:39:00,2024-04-09,2.0,2.0,2.0,2.0,0,0,0
FINNIFTY09APR2418900PE.NFO,2024-04-03,09:40:00,2024-04-09,2.0,2.0,2.0,2.0,0,0,0
FINNIFTY09APR2418900PE.NFO,2024-04-03,09:41:00,2024-04-09,2.0,2.0,2.0,2.0,0,0,0
FINNIFTY09APR2418900PE.NFO,2024-04-03,09:42:00,2024-04-09,2.0,2.0,2.0,2.0,0,0,0
FINNIFTY09APR2418900PE.NFO,2024-04-03,09:43:00,2024-04-09,2.0,2.0,2.0,2.0,0,0,0
FINNIFTY09APR2418900PE.NFO,2024-04-03,09:44:00,2024-04-09,2.0,2.0,2.0,2.0,0,0,0
FINNIFTY09APR2418900PE.NFO,2024-04-03,09:45:00,2024-04-09,2.0,2.1,2.0,2.05,440,480,0
FINNIFTY09APR2418900PE.NFO,2024-04-03,09:46:00,2024-04-09,2.05,2.05,2.05,2.05,0,480,0
FINNIFTY09APR2418900PE.NFO,2024-04-03,09:47:00,2024-04-09,2.05,2.05,1.55,1.6,160,480,0
FINNIFTY09APR2418900PE.NFO,2024-04-03,09:48:00,2024-04-09,1.6,2.0,1.6,2.0,40,480,0
FINNIFTY09APR2418900PE.NFO,2024-04-03,09:49:00,2024-04-09,2.0,2.0,2.0,2.0,0,480,0
FINNIFTY09APR2418900PE.NFO,2024-04-03,09:50:00,2024-04-09,2.0,2.0,1.6,1.65,200,400,0
FINNIFTY09APR2418900PE.NFO,2024-04-03,09:51:00,2024-04-09,1.65,1.85,1.35,1.35,560,400,0
FINNIFTY09APR2418900PE.NFO,2024-04-03,09:52:00,2024-04-09,1.35,1.35,1.35,1.35,0,400,0
FINNIFTY09APR2418900PE.NFO,2024-04-03,09:53:00,2024-04-09,1.35,1.35,1.35,1.35,0,400,0
FINNIFTY09APR2418900PE.NFO,2024-04-03,09:54:00,2024-04-09,1.55,1.55,1.55,1.55,80,880,0
FINNIFTY09APR2418900PE.NFO,2024-04-03,09:55:00,2024-04-09,1.55,1.55,1.55,1.55,0,880,0
FINNIFTY09APR2418900PE.NFO,2024-04-03,09:56:00,2024-04-09,1.55,1.55,1.55,1.55,40,880,0
FINNIFTY09APR2418900PE.NFO,2024-04-03,09:57:00,2024-04-09,1.55,1.7,1.55,1.7,200,880,0
FINNIFTY09APR2418900PE.NFO,2024-04-03,09:58:00,2024-04-09,1.7,1.7,1.2,1.25,400,880,0
FINNIFTY09APR2418900PE.NFO,2024-04-03,09:59:00,2024-04-09,1.25,1.4,1.25,1.4,520,880,0
FINNIFTY09APR2418900PE.NFO,2024-04-03,10:00:00,2024-04-09,1.4,1.4,1.4,1.4,0,880,0
FINNIFTY09APR2418900PE.NFO,2024-04-03,10:01:00,2024-04-09,1.4,1.5,1.4,1.5,160,880,0
FINNIFTY09APR2418900PE.NFO,2024-04-03,10:02:00,2024-04-09,1.5,1.5,1.5,1.5,0,880,0
FINNIFTY09APR2418900PE.NFO,2024-04-03,10:03:00,2024-04-09,1.25,1.25,1.25,1.25,200,880,0
FINNIFTY09APR2418900PE.NFO,2024-04-03,10:04:00,2024-04-09,1.25,1.25,1.25,1.25,0,880,0
FINNIFTY09APR2418900PE.NFO,2024-04-03,10:05:00,2024-04-09,1.25,1.25,1.25,1.25,0,880,1
FINNIFTY09APR2418900PE.NFO,2024-04-03,10:06:00,2024-04-09,1.25,1.25,1.25,1.25,0,880,0
FINNIFTY09APR2418900PE.NFO,2024-04-03,10:07:00,2024-04-09,1.25,1.25,1.25,1.25,0,880,0
FINNIFTY09APR2418900PE.NFO,2024-04-03,10:08:00,2024-04-09,1.25,1.25,1.25,1.25,0,880,0
FINNIFTY09APR2418900PE.NFO,2024-04-03,10:09:00,2024-04-09,1.25,1.25,1.25,1.25,0,880,0
FINNIFTY09APR2418900PE.NFO,2024-04-03,10:10:00,2024-04-09,1.25,1.25,1.25,1.25,0,880,1
FINNIFTY09APR2418900PE.NFO,2024-04-03,10:11:00,2024-04-09,1.25,1.7,1.25,1.65,840,840,0
FINNIFTY09APR2418900PE.NFO,2024-04-03,10:12:00,2024-04-09,1.65,1.65,1.4,1.4,600,2040,0
FINNIFTY09APR2418900PE.NFO,2024-04-03,10:13:00,2024-04-09,1.4,1.65,1.35,1.55,920,2040,0
FINNIFTY09APR2418900PE.NFO,2024-04-03,10:14:00,2024-04-09,1.55,1.65,1.4,1.65,760,2040,0
FINNIFTY09APR2418900PE.NFO,2024-04-03,10:15:00,2024-04-09,1.65,1.65,1.65,1.65,0,2040,0
FINNIFTY09APR2418900PE.NFO,2024-04-03,10:16:00,2024-04-09,1.65,1.65,1.5,1.65,560,1800,0
FINNIFTY09APR2418900PE.NFO,2024-04-03,10:17:00,2024-04-09,1.65,1.75,1.65,1.75,600,1800,0
FINNIFTY09APR2418900PE.NFO,2024-04-03,10:18:00,2024-04-09,1.75,1.75,1.5,1.5,200,1800,0
FINNIFTY09APR2418900PE.NFO,2024-04-03,10:19:00,2024-04-09,1.5,1.5,1.5,1.5,0,2760,0
FINNIFTY09APR2418900PE.NFO,2024-04-03,10:20:00,2024-04-09,1.5,1.5,1.45,1.45,280,2760,0
FINNIFTY09APR2418900PE.NFO,2024-04-03,10:21:00,2024-04-09,1.45,1.45,1.45,1.45,0,2760,0
FINNIFTY09APR2418900PE.NFO,2024-04-03,10:22:00,2024-04-09,1.45,1.7,1.45,1.7,440,2600,0
FINNIFTY09APR2418900PE.NFO,2024-04-03,10:23:00,2024-04-09,1.7,1.7,1.45,1.45,240,2600,0
FINNIFTY09APR2418900PE.NFO,2024-04-03,10:24:00,2024-04-09,1.45,1.45,1.45,1.45,160,2600,0
FINNIFTY09APR2418900PE.NFO,2024-04-03,10:25:00,2024-04-09,1.45,1.6,1.35,1.35,440,2280,0
FINNIFTY09APR2418900PE.NFO,2024-04-03,10:26:00,2024-04-09,1.35,1.35,1.35,1.35,280,2280,0
FINNIFTY09APR2418900PE.NFO,2024-04-03,10:27:00,2024-04-09,1.35,1.35,1.35,1.35,280,2280,1
FINNIFTY09APR2418900PE.NFO,2024-04-03,10:28:00,2024-04-09,1.35,1.35,1.35,1.35,0,2280,0
FINNIFTY09APR2418900PE.NFO,2024-04-03,10:29:00,2024-04-09,1.35,1.35,1.35,1.35,200,1640,0
FINNIFTY09APR2418900PE.NFO,2024-04-03,10:30:00,2024-04-09,1.35,1.35,1.35,1.35,200,1640,1
FINNIFTY09APR2418900PE.NFO,2024-04-03,10:31:00,2024-04-09,1.3,1.3,1.25,1.25,840,1640,0
FINNIFTY09APR2418900PE.NFO,2024-04-03,10:32:00,2024-04-09,1.25,1.25,1.25,1.25,160,1640,0
FINNIFTY09APR2418900PE.NFO,2024-04-03,10:33:00,2024-04-09,1.25,1.25,1.25,1.25,160,1640,1
FINNIFTY09APR2418900PE.NFO,2024-04-03,10:34:00,2024-04-09,1.25,1.25,1.25,1.25,160,1640,1
FINNIFTY09APR2418900PE.NFO,2024-04-03,10:35:00,2024-04-09,1.25,1.25,1.25,1.25,0,1640,0
FINNIFTY09APR2418900PE.NFO,2024-04-03,10:36:00,2024-04-09,1.4,1.4,1.4,1.4,80,1440,0
FINNIFTY09APR2418900PE.NFO,2024-04-03,10:37:00,2024-04-09,1.4,1.4,1.4,1.4,0,1440,0
FINNIFTY09APR2418900PE.NFO,2024-04-03,10:38:00,2024-04-09,1.4,1.4,1.4,1.4,0,1440,0
FINNIFTY09APR2418900PE.NFO,2024-04-03,10:39:00,2024-04-09,1.4,1.4,1.4,1.4,0,1440,1
FINNIFTY09APR2418900PE.NFO,2024-04-03,10:40:00,2024-04-09,1.4,1.4,1.4,1.4,0,1440,1
FINNIFTY09APR2418900PE.NFO,2024-04-03,10:41:00,2024-04-09,1.4,1.4,1.4,1.4,0,1440,1
FINNIFTY09APR2418900PE.NFO,2024-04-03,10:42:00,2024-04-09,1.4,1.4,1.4,1.4,0,1440,0
FINNIFTY09APR2418900PE.NFO,2024-04-03,10:43:00,2024-04-09,1.4,1.4,1.4,1.4,0,1440,1
FINNIFTY09APR2418900PE.NFO,2024-04-03,10:44:00,2024-04-09,1.4,1.4,1.4,1.4,200,1440,0
FINNIFTY09APR2418900PE.NFO,2024-04-03,10:45:00,2024-04-09,1.4,1.4,1.25,1.25,240,1440,0
FINNIFTY09APR2418900PE.NFO,2024-04-03,10:46:00,2024-04-09,1.25,1.25,1.25,1.25,0,1440,0
FINNIFTY09APR2418900PE.NFO,2024-04-03,10:47:00,2024-04-09,1.25,1.25,1.25,1.25,200,1720,0
FINNIFTY09APR2418900PE.NFO,2024-04-03,10:48:00,2024-04-09,1.25,1.25,1.25,1.25,0,1720,0
FINNIFTY09APR2418900PE.NFO,2024-04-03,10:49:00,2024-04-09,1.25,1.25,1.25,1.25,280,1720,0
FINNIFTY09APR2418900PE.NFO,2024-04-03,10:50:00,2024-04-09,1.25,1.25,1.25,1.25,0,1720,0
FINNIFTY09APR2418900PE.NFO,2024-04-03,10:51:00,2024-04-09,1.25,1.4,1.25,1.4,120,1720,0
FINNIFTY09APR2418900PE.NFO,2024-04-03,10:52:00,2024-04-09,1.4,1.4,1.4,1.4,0,1720,0
FINNIFTY09APR2418900PE.NFO,2024-04-03,10:53:00,2024-04-09,1.4,1.4,1.15,1.15,760,1840,0
FINNIFTY09APR2418900PE.NFO,2024-04-03,10:54:00,2024-04-09,1.15,1.15,1.15,1.15,80,1840,0
FINNIFTY09APR2418900PE.NFO,2024-04-03,10:55:00,2024-04-09,1.15,1.15,1.1,1.1,480,1840,0
FINNIFTY09APR2418900PE.NFO,2024-04-03,10:56:00,2024-04-09,1.1,1.1,1.1,1.1,0,1840,0
FINNIFTY09APR2418900PE.NFO,2024-04-03,10:57:00,2024-04-09,1.1,1.1,1.1,1.1,0,1840,0
FINNIFTY09APR2418900PE.NFO,2024-04-03,10:58:00,2024-04-09,1.1,1.1,1.1,1.1,0,1840,1
FINNIFTY09APR2418900PE.NFO,2024-04-03,10:59:00,2024-04-09,1.05,1.3,1.05,1.3,160,1880,0
FINNIFTY09APR2418900PE.NFO,2024-04-03,11:00:00,2024-04-09,1.3,1.3,1.05,1.3,160,1840,0
FINNIFTY09APR2418900PE.NFO,2024-04-03,11:01:00,2024-04-09,1.3,1.3,1.3,1.3,120,1840,0
FINNIFTY09APR2418900PE.NFO,2024-04-03,11:02:00,2024-04-09,1.3,1.35,1.25,1.25,360,1840,0
FINNIFTY09APR2418900PE.NFO,2024-04-03,11:03:00,2024-04-09,1.25,1.25,1.25,1.25,0,1840,0
FINNIFTY09APR2418900PE.NFO,2024-04-03,11:04:00,2024-04-09,1.25,1.25,1.25,1.25,0,1840,0
FINNIFTY09APR2418900PE.NFO,2024-04-03,11:05:00,2024-04-09,1.25,1.35,1.1,1.1,440,2320,0
FINNIFTY09APR2418900PE.NFO,2024-04-03,11:06:00,2024-04-09,1.1,1.1,1.1,1.1,0,2320,0
FINNIFTY09APR2418900PE.NFO,2024-04-03,11:07:00,2024-04-09,1.1,1.25,1.1,1.25,520,2720,0
FINNIFTY09APR2418900PE.NFO,2024-04-03,11:08:00,2024-04-09,1.25,1.25,1.25,1.25,360,2720,0
FINNIFTY09APR2418900PE.NFO,2024-04-03,11:09:00,2024-04-09,1.25,1.25,1.25,1.25,0,2720,0
FINNIFTY09APR2418900PE.NFO,2024-04-03,11:10:00,2024-04-09,1.25,1.25,1.25,1.25,0,2720,0
FINNIFTY09APR2418900PE.NFO,2024-04-03,11:11:00,2024-04-09,1.25,1.25,1.25,1.25,0,2720,0
FINNIFTY09APR2418900PE.NFO,2024-04-03,11:12:00,2024-04-09,1.25,1.25,1.25,1.25,0,2720,1
FINNIFTY09APR2418900PE.NFO,2024-04-03,11:13:00,2024-04-09,1.3,1.35,1.25,1.25,520,3280,0
FINNIFTY09APR2418900PE.NFO,2024-04-03,11:14:00,2024-04-09,1.25,1.25,1.25,1.25,0,3280,0
FINNIFTY09APR2418900PE.NFO,2024-04-03,11:15:00,2024-04-09,1.25,1.25,1.25,1.25,0,3280,0
FINNIFTY09APR2418900PE.NFO,2024-04-03,11:16:00,2024-04-09,1.25,1.25,1.2,1.2,200,3440,0
FINNIFTY09APR2418900PE.NFO,2024-04-03,11:17:00,2024-04-09,1.2,1.2,1.05,1.05,600,3440,0
FINNIFTY09APR2418900PE.NFO,2024-04-03,11:18:00,2024-04-09,1.05,1.05,1.05,1.05,200,3440,0
FINNIFTY09APR2418900PE.NFO,2024-04-03,11:19:00,2024-04-09,1.05,1.05,1.05,1.05,200,3440,1
FINNIFTY09APR2418900PE.NFO,2024-04-03,11:20:00,2024-04-09,1.05,1.05,1.05,1.05,0,3440,0
FINNIFTY09APR2418900PE.NFO,2024-04-03,11:21:00,2024-04-09,1.05,1.05,1.05,1.05,200,2640,0
FINNIFTY09APR2418900PE.NFO,2024-04-03,11:22:00,2024-04-09,1.05,1.05,1.05,1.05,0,2640,0
FINNIFTY09APR2418900PE.NFO,2024-04-03,11:23:00,2024-04-09,1.05,1.05,1.05,1.05,0,2640,0
FINNIFTY09APR2418900PE.NFO,2024-04-03,11:24:00,2024-04-09,1.0,1.0,1.0,1.0,200,2640,0
FINNIFTY09APR2418900PE.NFO,2024-04-03,11:25:00,2024-04-09,1.0,1.0,1.0,1.0,0,2640,0
FINNIFTY09APR2418900PE.NFO,2024-04-03,11:26:00,2024-04-09,0.95,0.95,0.95,0.95,160,2640,0
FINNIFTY09APR2418900PE.NFO,2024-04-03,11:27:00,2024-04-09,0.95,0.95,0.95,0.95,0,2640,0
FINNIFTY09APR2418900PE.NFO,2024-04-03,11:28:00,2024-04-09,0.95,0.95,0.95,0.95,400,2680,0
FINNIFTY09APR2418900PE.NFO,2024-04-03,11:29:00,2024-04-09,0.95,0.95,0.95,0.95,0,2680,0
FINNIFTY09APR2418900PE.NFO,2024-04-03,11:30:00,2024-04-09,0.95,0.95,0.95,0.95,0,2680,1
FINNIFTY09APR2418900PE.NFO,2024-04-03,11:31:00,2024-04-09,0.95,0.95,0.95,0.95,0,2680,1
FINNIFTY09APR2418900PE.NFO,2024-04-03,11:32:00,2024-04-09,0.95,0.95,0.95,0.95,0,2680,0
FINNIFTY09APR2418900PE.NFO,2024-04-03,11:33:00,2024-04-09,0.95,0.95,0.95,0.95,0,2680,0
FINNIFTY09APR2418900PE.NFO,2024-04-03,11:34:00,2024-04-09,0.95,0.95,0.95,0.95,0,2680,0
FINNIFTY09APR2418900PE.NFO,2024-04-03,11:35:00,2024-04-09,0.95,0.95,0.95,0.95,0,2680,1
FINNIFTY09APR2418900PE.NFO,2024-04-03,11:36:00,2024-04-09,0.95,0.95,0.95,0.95,0,2680,1
FINNIFTY09APR2418900PE.NFO,2024-04-03,11:37:00,2024-04-09,0.95,0.95,0.95,0.95,0,2680,1
FINNIFTY09APR2418900PE.NFO,2024-04-03,11:38:00,2024-04-09,0.95,0.95,0.95,0.95,0,2680,1
FINNIFTY09APR2418900PE.NFO,2024-04-03,11:39:00,2024-04-09,0.95,0.95,0.95,0.95,0,2680,0
FINNIFTY09APR2418900PE.NFO,2024-04-03,11:40:00,2024-04-09,0.95,1.1,0.95,0.95,200,2440,0
FINNIFTY09APR2418900PE.NFO,2024-04-03,11:41:00,2024-04-09,0.95,1.15,0.95,1.15,320,2440,0
FINNIFTY09APR2418900PE.NFO,2024-04-03,11:42:00,2024-04-09,1.15,1.15,1.15,1.15,0,2440,0
FINNIFTY09APR2418900PE.NFO,2024-04-03,11:43:00,2024-04-09,1.15,1.15,1.15,1.15,0,2440,0
FINNIFTY09APR2418900PE.NFO,2024-04-03,11:44:00,2024-04-09,1.15,1.15,1.15,1.15,0,2440,1
FINNIFTY09APR2418900PE.NFO,2024-04-03,11:45:00,2024-04-09,1.15,1.15,1.15,1.15,0,2440,1
FINNIFTY09APR2418900PE.NFO,2024-04-03,11:46:00,2024-04-09,1.15,1.15,1.15,1.15,0,2440,0
FINNIFTY09APR2418900PE.NFO,2024-04-03,11:47:00,2024-04-09,1.15,1.15,1.15,1.15,0,2440,0
FINNIFTY09APR2418900PE.NFO,2024-04-03,11:48:00,2024-04-09,1.15,1.15,1.15,1.15,0,2440,1
FINNIFTY09APR2418900PE.NFO,2024-04-03,11:49:00,2024-04-09,1.15,1.15,1.15,1.15,0,2440,1
FINNIFTY09APR2418900PE.NFO,2024-04-03,11:50:00,2024-04-09,1.15,1.15,1.15,1.15,40,2480,0
FINNIFTY09APR2418900PE.NFO,2024-04-03,11:51:00,2024-04-09,1.15,1.15,1.15,1.15,0,2480,0
FINNIFTY09APR2418900PE.NFO,2024-04-03,11:52:00,2024-04-09,1.2,1.2,1.15,1.15,200,2480,0
FINNIFTY09APR2418900PE.NFO,2024-04-03,11:53:00,2024-04-09,1.15,1.15,1.15,1.15,0,2480,0
FINNIFTY09APR2418900PE.NFO,2024-04-03,11:54:00,2024-04-09,1.15,1.15,1.15,1.15,0,2480,1
FINNIFTY09APR2418900PE.NFO,2024-04-03,11:55:00,2024-04-09,1.15,1.15,1.15,1.15,0,2480,1
FINNIFTY09APR2418900PE.NFO,2024-04-03,11:56:00,2024-04-09,1.25,1.25,1.2,1.2,160,2280,0
FINNIFTY09APR2418900PE.NFO,2024-04-03,11:57:00,2024-04-09,1.2,1.2,1.2,1.2,0,2280,0
FINNIFTY09APR2418900PE.NFO,2024-04-03,11:58:00,2024-04-09,1.2,1.2,1.2,1.2,0,2280,0
FINNIFTY09APR2418900PE.NFO,2024-04-03,11:59:00,2024-04-09,1.2,1.2,1.2,1.2,0,2280,0
FINNIFTY09APR2418900PE.NFO,2024-04-03,12:00:00,2024-04-09,1.2,1.2,1.2,1.2,0,2280,0
FINNIFTY09APR2418900PE.NFO,2024-04-03,12:01:00,2024-04-09,1.2,1.2,1.2,1.2,0,2280,1
FINNIFTY09APR2418900PE.NFO,2024-04-03,12:02:00,2024-04-09,1.2,1.2,1.2,1.2,0,2280,0
FINNIFTY09APR2418900PE.NFO,2024-04-03,12:03:00,2024-04-09,1.2,1.2,1.2,1.2,0,2280,0
FINNIFTY09APR2418900PE.NFO,2024-04-03,12:04:00,2024-04-09,1.2,1.2,1.2,1.2,0,2280,1
FINNIFTY09APR2418900PE.NFO,2024-04-03,12:05:00,2024-04-09,1.2,1.2,1.2,1.2,0,2280,1
FINNIFTY09APR2418900PE.NFO,2024-04-03,12:06:00,2024-04-09,1.2,1.2,1.2,1.2,0,2280,1
FINNIFTY09APR2418900PE.NFO,2024-04-03,12:07:00,2024-04-09,1.1,1.1,1.1,1.1,240,2280,0
FINNIFTY09APR2418900PE.NFO,2024-04-03,12:08:00,2024-04-09,1.1,1.1,1.1,1.1,0,2280,0
FINNIFTY09APR2418900PE.NFO,2024-04-03,12:09:00,2024-04-09,1.1,1.1,1.1,1.1,0,2280,0
FINNIFTY09APR2418900PE.NFO,2024-04-03,12:10:00,2024-04-09,1.1,1.1,1.1,1.1,0,2280,0
FINNIFTY09APR2418900PE.NFO,2024-04-03,12:11:00,2024-04-09,1.1,1.1,1.0,1.0,320,2360,0
FINNIFTY09APR2418900PE.NFO,2024-04-03,12:12:00,2024-04-09,1.0,1.05,1.0,1.0,200,2360,0
FINNIFTY09APR2418900PE.NFO,2024-04-03,12:13:00,2024-04-09,1.0,1.2,1.0,1.2,440,2200,0
FINNIFTY09APR2418900PE.NFO,2024-04-03,12:14:00,2024-04-09,1.2,1.3,1.2,1.3,480,2200,0
FINNIFTY09APR2418900PE.NFO,2024-04-03,12:15:00,2024-04-09,1.3,1.3,1.05,1.25,680,1920,0
FINNIFTY09APR2418900PE.NFO,2024-04-03,12:16:00,2024-04-09,1.25,1.25,1.2,1.25,400,1920,0
FINNIFTY09APR2418900PE.NFO,2024-04-03,12:17:00,2024-04-09,1.25,1.25,1.25,1.25,240,1920,0
FINNIFTY09APR2418900PE.NFO,2024-04-03,12:18:00,2024-04-09,1.25,1.35,1.25,1.35,200,2440,0
FINNIFTY09APR2418900PE.NFO,2024-04-03,12:19:00,2024-04-09,1.35,1.35,1.35,1.35,400,2440,0
FINNIFTY09APR2418900PE.NFO,2024-04-03,12:20:00,2024-04-09,1.35,1.4,1.2,1.2,600,2440,0
FINNIFTY09APR2418900PE.NFO,2024-04-03,12:21:00,2024-04-09,1.2,1.2,1.2,1.2,0,2440,0
FINNIFTY09APR2418900PE.NFO,2024-04-03,12:22:00,2024-04-09,1.2,1.25,1.15,1.15,480,3360,0
FINNIFTY09APR2418900PE.NFO,2024-04-03,12:23:00,2024-04-09,1.15,1.35,1.1,1.3,640,3360,0
FINNIFTY09APR2418900PE.NFO,2024-04-03,12:24:00,2024-04-09,1.3,1.35,1.3,1.35,280,3360,0
FINNIFTY09APR2418900PE.NFO,2024-04-03,12:25:00,2024-04-09,1.35,1.35,1.1,1.25,960,3080,0
FINNIFTY09APR2418900PE.NFO,2024-04-03,12:26:00,2024-04-09,1.25,1.25,1.25,1.25,0,3080,0
FINNIFTY09APR2418900PE.NFO,2024-04-03,12:27:00,2024-04-09,1.25,1.25,1.2,1.2,600,3080,0
FINNIFTY09APR2418900PE.NFO,2024-04-03,12:28:00,2024-04-09,1.2,1.35,1.2,1.35,360,3240,0
FINNIFTY09APR2418900PE.NFO,2024-04-03,12:29:00,2024-04-09,1.35,1.35,1.35,1.35,160,3240,0
FINNIFTY09APR2418900PE.NFO,2024-04-03,12:30:00,2024-04-09,1.35,1.35,1.2,1.2,280,3240,0
FINNIFTY09APR2418900PE.NFO,2024-04-03,12:31:00,2024-04-09,1.2,1.2,1.2,1.2,0,3240,0
FINNIFTY09APR2418900PE.NFO,2024-04-03,12:32:00,2024-04-09,1.2,1.2,1.2,1.2,0,3240,0
FINNIFTY09APR2418900PE.NFO,2024-04-03,12:33:00,2024-04-09,1.2,1.35,1.2,1.35,120,3400,0
FINNIFTY09APR2418900PE.NFO,2024-04-03,12:34:00,2024-04-09,1.35,1.35,1.35,1.35,200,3520,0
FINNIFTY09APR2418900PE.NFO,2024-04-03,12:35:00,2024-04-09,1.35,1.4,1.2,1.35,880,3520,0
FINNIFTY09APR2418900PE.NFO,2024-04-03,12:36:00,2024-04-09,1.35,1.35,1.35,1.35,200,3520,0
FINNIFTY09APR2418900PE.NFO,2024-04-03,12:37:00,2024-04-09,1.35,1.35,1.35,1.35,0,3520,0
FINNIFTY09APR2418900PE.NFO,2024-04-03,12:38:00,2024-04-09,1.35,1.4,1.35,1.4,200,3840,0
FINNIFTY09APR2418900PE.NFO,2024-04-03,12:39:00,2024-04-09,1.4,1.4,1.4,1.4,200,3840,1
FINNIFTY09APR2418900PE.NFO,2024-04-03,12:40:00,2024-04-09,1.4,1.4,1.2,1.2,400,4040,0
FINNIFTY09APR2418900PE.NFO,2024-04-03,12:41:00,2024-04-09,1.2,1.2,1.15,1.15,600,4040,0
FINNIFTY09APR2418900PE.NFO,2024-04-03,12:42:00,2024-04-09,1.15,1.15,1.15,1.15,200,4040,0
FINNIFTY09APR2418900PE.NFO,2024-04-03,12:43:00,2024-04-09,1.15,1.35,1.15,1.35,200,2920,0
FINNIFTY09APR2418900PE.NFO,2024-04-03,12:44:00,2024-04-09,1.35,1.4,1.35,1.4,600,2920,0
FINNIFTY09APR2418900PE.NFO,2024-04-03,12:45:00,2024-04-09,1.4,1.4,1.4,1.4,200,2920,0
FINNIFTY09APR2418900PE.NFO,2024-04-03,12:46:00,2024-04-09,1.4,1.4,1.4,1.4,0,2920,0
FINNIFTY09APR2418900PE.NFO,2024-04-03,12:47:00,2024-04-09,1.4,1.4,1.4,1.4,160,3840,0
FINNIFTY09APR2418900PE.NFO,2024-04-03,12:48:00,2024-04-09,1.4,1.4,1.4,1.4,40,3840,0
FINNIFTY09APR2418900PE.NFO,2024-04-03,12:49:00,2024-04-09,1.4,1.4,1.4,1.4,40,3840,1
FINNIFTY09APR2418900PE.NFO,2024-04-03,12:50:00,2024-04-09,1.4,1.4,1.4,1.4,40,3840,1
FINNIFTY09APR2418900PE.NFO,2024-04-03,12:51:00,2024-04-09,1.4,1.4,1.4,1.4,40,3840,1
FINNIFTY09APR2418900PE.NFO,2024-04-03,12:52:00,2024-04-09,1.4,1.4,1.4,1.4,0,3840,0
FINNIFTY09APR2418900PE.NFO,2024-04-03,12:53:00,2024-04-09,1.4,1.4,1.4,1.4,0,3840,1
FINNIFTY09APR2418900PE.NFO,2024-04-03,12:54:00,2024-04-09,1.4,1.4,1.4,1.4,0,3840,1
FINNIFTY09APR2418900PE.NFO,2024-04-03,12:55:00,2024-04-09,1.4,1.4,1.4,1.4,0,3840,0
FINNIFTY09APR2418900PE.NFO,2024-04-03,12:56:00,2024-04-09,1.4,1.4,1.4,1.4,0,3840,1
FINNIFTY09APR2418900PE.NFO,2024-04-03,12:57:00,2024-04-09,1.4,1.4,1.4,1.4,0,3840,1
FINNIFTY09APR2418900PE.NFO,2024-04-03,12:58:00,2024-04-09,1.4,1.4,1.4,1.4,0,3840,1
FINNIFTY09APR2418900PE.NFO,2024-04-03,12:59:00,2024-04-09,1.4,1.4,1.4,1.4,0,3840,1
FINNIFTY09APR2418900PE.NFO,2024-04-03,13:00:00,2024-04-09,1.4,1.4,1.4,1.4,0,3840,1
FINNIFTY09APR2418900PE.NFO,2024-04-03,13:01:00,2024-04-09,1.4,1.4,1.4,1.4,0,3840,1
FINNIFTY09APR2418900PE.NFO,2024-04-03,13:02:00,2024-04-09,1.4,1.4,1.4,1.4,0,3840,1
FINNIFTY09APR2418900PE.NFO,2024-04-03,13:03:00,2024-04-09,1.4,1.4,1.4,1.4,0,3840,0
FINNIFTY09APR2418900PE.NFO,2024-04-03,13:04:00,2024-04-09,1.25,1.25,1.25,1.25,40,4040,0
FINNIFTY09APR2418900PE.NFO,2024-04-03,13:05:00,2024-04-09,1.25,1.35,1.25,1.35,40,4040,0
FINNIFTY09APR2418900PE.NFO,2024-04-03,13:06:00,2024-04-09,1.35,1.35,1.35,1.35,80,4040,0
FINNIFTY09APR2418900PE.NFO,2024-04-03,13:07:00,2024-04-09,1.35,1.35,1.35,1.35,40,4200,0
FINNIFTY09APR2418900PE.NFO,2024-04-03,13:08:00,2024-04-09,1.35,1.35,1.35,1.35,40,4200,0
FINNIFTY09APR2418900PE.NFO,2024-04-03,13:09:00,2024-04-09,1.35,1.35,1.35,1.35,0,4200,0
FINNIFTY09APR2418900PE.NFO,2024-04-03,13:10:00,2024-04-09,1.35,1.35,1.15,1.15,400,4280,0
FINNIFTY09APR2418900PE.NFO,2024-04-03,13:11:00,2024-04-09,1.15,1.15,1.15,1.15,200,4280,0
FINNIFTY09APR2418900PE.NFO,2024-04-03,13:12:00,2024-04-09,1.15,1.15,1.1,1.1,200,4280,0
FINNIFTY09APR2418900PE.NFO,2024-04-03,13:13:00,2024-04-09,1.1,1.25,1.1,1.1,440,3720,0
FINNIFTY09APR2418900PE.NFO,2024-04-03,13:14:00,2024-04-09,1.1,1.1,1.1,1.1,200,3720,0
FINNIFTY09APR2418900PE.NFO,2024-04-03,13:15:00,2024-04-09,1.1,1.1,1.1,1.1,0,3720,0
FINNIFTY09APR2418900PE.NFO,2024-04-03,13:16:00,2024-04-09,1.1,1.1,1.1,1.1,0,3720,1
FINNIFTY09APR2418900PE.NFO,2024-04-03,13:17:00,2024-04-09,1.1,1.1,1.1,1.1,0,3720,0
FINNIFTY09APR2418900PE.NFO,2024-04-03,13:18:00,2024-04-09,1.2,1.2,1.2,1.2,40,3320,0
FINNIFTY09APR2418900PE.NFO,2024-04-03,13:19:00,2024-04-09,1.2,1.2,1.05,1.1,360,3320,0
FINNIFTY09APR2418900PE.NFO,2024-04-03,13:20:00,2024-04-09,1.1,1.1,1.05,1.05,800,3320,0
FINNIFTY09APR2418900PE.NFO,2024-04-03,13:21:00,2024-04-09,1.1,1.1,1.1,1.1,120,3320,0
FINNIFTY09APR2418900PE.NFO,2024-04-03,13:22:00,2024-04-09,1.1,1.1,1.1,1.1,0,3320,0
FINNIFTY09APR2418900PE.NFO,2024-04-03,13:23:00,2024-04-09,1.1,1.2,1.1,1.2,40,2440,0
FINNIFTY09APR2418900PE.NFO,2024-04-03,13:24:00,2024-04-09,1.2,1.2,1.2,1.2,0,2440,0
FINNIFTY09APR2418900PE.NFO,2024-04-03,13:25:00,2024-04-09,1.2,1.2,1.2,1.2,40,2480,0
FINNIFTY09APR2418900PE.NFO,2024-04-03,13:26:00,2024-04-09,1.2,1.2,1.2,1.2,0,2480,0
FINNIFTY09APR2418900PE.NFO,2024-04-03,13:27:00,2024-04-09,1.2,1.2,1.2,1.2,0,2480,1
FINNIFTY09APR2418900PE.NFO,2024-04-03,13:28:00,2024-04-09,1.2,1.2,1.1,1.1,40,2520,0
FINNIFTY09APR2418900PE.NFO,2024-04-03,13:29:00,2024-04-09,1.1,1.1,1.1,1.1,0,2520,0
FINNIFTY09APR2418900PE.NFO,2024-04-03,13:30:00,2024-04-09,1.1,1.1,1.1,1.1,0,2520,1
FINNIFTY09APR2418900PE.NFO,2024-04-03,13:31:00,2024-04-09,1.1,1.1,1.1,1.1,0,2520,0
FINNIFTY09APR2418900PE.NFO,2024-04-03,13:32:00,2024-04-09,1.1,1.1,1.1,1.1,0,2520,0
FINNIFTY09APR2418900PE.NFO,2024-04-03,13:33:00,2024-04-09,1.1,1.1,1.1,1.1,0,2520,0
FINNIFTY09APR2418900PE.NFO,2024-04-03,13:34:00,2024-04-09,1.1,1.1,0.95,1.1,600,2600,0
FINNIFTY09APR2418900PE.NFO,2024-04-03,13:35:00,2024-04-09,1.1,1.1,1.1,1.1,0,2600,0
FINNIFTY09APR2418900PE.NFO,2024-04-03,13:36:00,2024-04-09,1.1,1.1,0.95,0.95,80,2600,0
FINNIFTY09APR2418900PE.NFO,2024-04-03,13:37:00,2024-04-09,0.95,1.1,0.95,1.1,40,2320,0
FINNIFTY09APR2418900PE.NFO,2024-04-03,13:38:00,2024-04-09,1.1,1.1,1.1,1.1,40,2320,1
FINNIFTY09APR2418900PE.NFO,2024-04-03,13:39:00,2024-04-09,0.95,1.1,0.95,1.1,200,2320,0
FINNIFTY09APR2418900PE.NFO,2024-04-03,13:40:00,2024-04-09,1.1,1.1,1.1,1.1,200,2320,1
FINNIFTY09APR2418900PE.NFO,2024-04-03,13:41:00,2024-04-09,1.1,1.1,1.1,1.1,0,2320,0
FINNIFTY09APR2418900PE.NFO,2024-04-03,13:42:00,2024-04-09,1.1,1.1,1.1,1.1,0,2320,0
FINNIFTY09APR2418900PE.NFO,2024-04-03,13:43:00,2024-04-09,1.1,1.1,1.1,1.1,0,2320,0
FINNIFTY09APR2418900PE.NFO,2024-04-03,13:44:00,2024-04-09,1.1,1.1,1.1,1.1,0,2320,0
FINNIFTY09APR2418900PE.NFO,2024-04-03,13:45:00,2024-04-09,1.1,1.1,1.1,1.1,0,2320,0
FINNIFTY09APR2418900PE.NFO,2024-04-03,13:46:00,2024-04-09,1.1,1.1,1.1,1.1,0,2320,1
FINNIFTY09APR2418900PE.NFO,2024-04-03,13:47:00,2024-04-09,1.1,1.1,1.1,1.1,0,2320,1
FINNIFTY09APR2418900PE.NFO,2024-04-03,13:48:00,2024-04-09,1.1,1.1,1.1,1.1,0,2320,0
FINNIFTY09APR2418900PE.NFO,2024-04-03,13:49:00,2024-04-09,1.1,1.1,1.1,1.1,0,2320,1
FINNIFTY09APR2418900PE.NFO,2024-04-03,13:50:00,2024-04-09,1.1,1.1,1.1,1.1,0,2320,1
FINNIFTY09APR2418900PE.NFO,2024-04-03,13:51:00,2024-04-09,1.1,1.1,1.1,1.1,40,2240,0
FINNIFTY09APR2418900PE.NFO,2024-04-03,13:52:00,2024-04-09,1.1,1.1,1.1,1.1,40,2240,1
FINNIFTY09APR2418900PE.NFO,2024-04-03,13:53:00,2024-04-09,1.1,1.1,1.1,1.1,40,2280,0
FINNIFTY09APR2418900PE.NFO,2024-04-03,13:54:00,2024-04-09,1.1,1.2,1.1,1.2,240,2280,0
FINNIFTY09APR2418900PE.NFO,2024-04-03,13:55:00,2024-04-09,1.2,1.2,1.2,1.2,200,2560,0
FINNIFTY09APR2418900PE.NFO,2024-04-03,13:56:00,2024-04-09,1.25,1.25,1.2,1.2,280,2560,0
FINNIFTY09APR2418900PE.NFO,2024-04-03,13:57:00,2024-04-09,1.2,1.2,1.2,1.2,160,2560,0
FINNIFTY09APR2418900PE.NFO,2024-04-03,13:58:00,2024-04-09,1.2,1.2,1.2,1.2,80,3120,0
FINNIFTY09APR2418900PE.NFO,2024-04-03,13:59:00,2024-04-09,1.2,1.2,1.2,1.2,80,3120,1
FINNIFTY09APR2418900PE.NFO,2024-04-03,14:00:00,2024-04-09,1.2,1.3,1.2,1.3,680,3120,0
FINNIFTY09APR2418900PE.NFO,2024-04-03,14:01:00,2024-04-09,1.3,1.4,1.3,1.4,1240,4000,0
FINNIFTY09APR2418900PE.NFO,2024-04-03,14:02:00,2024-04-09,1.4,1.4,1.4,1.4,0,4000,0
FINNIFTY09APR2418900PE.NFO,2024-04-03,14:03:00,2024-04-09,1.4,1.4,1.4,1.4,0,4000,0
FINNIFTY09APR2418900PE.NFO,2024-04-03,14:04:00,2024-04-09,1.4,1.4,1.4,1.4,0,4000,1
FINNIFTY09APR2418900PE.NFO,2024-04-03,14:05:00,2024-04-09,1.4,1.4,1.4,1.4,0,4000,1
FINNIFTY09APR2418900PE.NFO,2024-04-03,14:06:00,2024-04-09,1.4,1.4,1.4,1.4,0,4000,0
FINNIFTY09APR2418900PE.NFO,2024-04-03,14:07:00,2024-04-09,1.4,1.4,1.4,1.4,0,4000,1
FINNIFTY09APR2418900PE.NFO,2024-04-03,14:08:00,2024-04-09,1.4,1.4,1.4,1.4,40,4680,0
FINNIFTY09APR2418900PE.NFO,2024-04-03,14:09:00,2024-04-09,1.4,1.4,1.4,1.4,40,4680,1
FINNIFTY09APR2418900PE.NFO,2024-04-03,14:10:00,2024-04-09,1.25,1.25,1.25,1.25,120,4680,0
FINNIFTY09APR2418900PE.NFO,2024-04-03,14:11:00,2024-04-09,1.25,1.25,1.05,1.05,2360,4680,0
FINNIFTY09APR2418900PE.NFO,2024-04-03,14:12:00,2024-04-09,1.05,1.05,1.0,1.0,720,4680,0
FINNIFTY09APR2418900PE.NFO,2024-04-03,14:13:00,2024-04-09,1.0,1.0,0.95,0.95,200,2200,0
FINNIFTY09APR2418900PE.NFO,2024-04-03,14:14:00,2024-04-09,0.95,0.95,0.95,0.95,0,2200,0
FINNIFTY09APR2418900PE.NFO,2024-04-03,14:15:00,2024-04-09,0.95,0.95,0.95,0.95,0,2200,0
FINNIFTY09APR2418900PE.NFO,2024-04-03,14:16:00,2024-04-09,0.95,0.95,0.95,0.95,0,2200,1
FINNIFTY09APR2418900PE.NFO,2024-04-03,14:17:00,2024-04-09,0.95,0.95,0.95,0.95,40,2120,0
FINNIFTY09APR2418900PE.NFO,2024-04-03,14:18:00,2024-04-09,0.95,0.95,0.95,0.95,0,2120,0
FINNIFTY09APR2418900PE.NFO,2024-04-03,14:19:00,2024-04-09,0.95,0.95,0.95,0.95,0,2120,1
FINNIFTY09APR2418900PE.NFO,2024-04-03,14:20:00,2024-04-09,0.95,0.95,0.95,0.95,0,2120,1
FINNIFTY09APR2418900PE.NFO,2024-04-03,14:21:00,2024-04-09,0.95,1.05,0.95,1.05,40,2120,0
FINNIFTY09APR2418900PE.NFO,2024-04-03,14:22:00,2024-04-09,1.05,1.05,1.05,1.05,0,2120,0
FINNIFTY09APR2418900PE.NFO,2024-04-03,14:23:00,2024-04-09,1.05,1.05,0.9,0.9,280,2160,0
FINNIFTY09APR2418900PE.NFO,2024-04-03,14:24:00,2024-04-09,0.9,1.0,0.9,0.9,280,2160,0
FINNIFTY09APR2418900PE.NFO,2024-04-03,14:25:00,2024-04-09,0.9,0.9,0.9,0.9,0,2160,0
FINNIFTY09APR2418900PE.NFO,2024-04-03,14:26:00,2024-04-09,0.9,0.9,0.9,0.9,0,2160,0
FINNIFTY09APR2418900PE.NFO,2024-04-03,14:27:00,2024-04-09,0.9,0.9,0.9,0.9,0,2160,0
FINNIFTY09APR2418900PE.NFO,2024-04-03,14:28:00,2024-04-09,0.9,0.9,0.85,0.85,280,2040,0
FINNIFTY09APR2418900PE.NFO,2024-04-03,14:29:00,2024-04-09,0.85,0.85,0.85,0.85,0,2040,0
FINNIFTY09APR2418900PE.NFO,2024-04-03,14:30:00,2024-04-09,0.85,0.85,0.85,0.85,0,2040,0
FINNIFTY09APR2418900PE.NFO,2024-04-03,14:31:00,2024-04-09,0.85,0.85,0.85,0.85,0,2040,0
FINNIFTY09APR2418900PE.NFO,2024-04-03,14:32:00,2024-04-09,0.85,0.85,0.85,0.85,0,2040,1
FINNIFTY09APR2418900PE.NFO,2024-04-03,14:33:00,2024-04-09,0.85,0.85,0.85,0.85,0,2040,0
FINNIFTY09APR2418900PE.NFO,2024-04-03,14:34:00,2024-04-09,0.85,0.85,0.85,0.85,0,2040,0
FINNIFTY09APR2418900PE.NFO,2024-04-03,14:35:00,2024-04-09,0.85,0.85,0.85,0.85,0,2040,1
FINNIFTY09APR2418900PE.NFO,2024-04-03,14:36:00,2024-04-09,0.85,0.85,0.85,0.85,0,2040,1
FINNIFTY09APR2418900PE.NFO,2024-04-03,14:37:00,2024-04-09,0.85,0.85,0.85,0.85,0,2040,1
FINNIFTY09APR2418900PE.NFO,2024-04-03,14:38:00,2024-04-09,0.85,0.85,0.85,0.85,0,2040,0
FINNIFTY09APR2418900PE.NFO,2024-04-03,14:39:00,2024-04-09,0.85,0.85,0.85,0.85,0,2040,1
FINNIFTY09APR2418900PE.NFO,2024-04-03,14:40:00,2024-04-09,0.85,0.85,0.85,0.85,0,2040,0
FINNIFTY09APR2418900PE.NFO,2024-04-03,14:41:00,2024-04-09,0.85,0.85,0.85,0.85,0,2040,1
FINNIFTY09APR2418900PE.NFO,2024-04-03,14:42:00,2024-04-09,0.85,0.85,0.85,0.85,0,2040,1
FINNIFTY09APR2418900PE.NFO,2024-04-03,14:43:00,2024-04-09,0.85,0.85,0.85,0.85,0,2040,1
FINNIFTY09APR2418900PE.NFO,2024-04-03,14:44:00,2024-04-09,0.85,0.85,0.85,0.85,0,2040,0
FINNIFTY09APR2418900PE.NFO,2024-04-03,14:45:00,2024-04-09,0.85,0.85,0.85,0.85,0,2040,1
FINNIFTY09APR2418900PE.NFO,2024-04-03,14:46:00,2024-04-09,0.85,0.85,0.85,0.85,0,2040,1
FINNIFTY09APR2418900PE.NFO,2024-04-03,14:47:00,2024-04-09,0.85,0.85,0.85,0.85,0,2040,1
FINNIFTY09APR2418900PE.NFO,2024-04-03,14:48:00,2024-04-09,0.85,0.85,0.85,0.85,0,2040,1
FINNIFTY09APR2418900PE.NFO,2024-04-03,14:49:00,2024-04-09,0.85,1.0,0.85,1.0,40,1920,0
FINNIFTY09APR2418900PE.NFO,2024-04-03,14:50:00,2024-04-09,1.0,1.0,1.0,1.0,80,1960,0
FINNIFTY09APR2418900PE.NFO,2024-04-03,14:51:00,2024-04-09,0.95,1.0,0.95,1.0,80,1960,0
FINNIFTY09APR2418900PE.NFO,2024-04-03,14:52:00,2024-04-09,1.0,1.0,1.0,1.0,160,2080,0
FINNIFTY09APR2418900PE.NFO,2024-04-03,14:53:00,2024-04-09,1.0,1.05,1.0,1.05,120,2080,0
FINNIFTY09APR2418900PE.NFO,2024-04-03,14:54:00,2024-04-09,1.05,1.05,1.05,1.05,40,2080,0
FINNIFTY09APR2418900PE.NFO,2024-04-03,14:55:00,2024-04-09,1.05,1.05,1.05,1.05,0,2080,0
FINNIFTY09APR2418900PE.NFO,2024-04-03,14:56:00,2024-04-09,0.95,1.05,0.95,1.05,160,2080,0
FINNIFTY09APR2418900PE.NFO,2024-04-03,14:57:00,2024-04-09,1.05,1.05,1.05,1.05,0,2080,0
FINNIFTY09APR2418900PE.NFO,2024-04-03,14:58:00,2024-04-09,1.05,1.05,1.05,1.05,40,2120,0
FINNIFTY09APR2418900PE.NFO,2024-04-03,14:59:00,2024-04-09,1.05,1.05,1.05,1.05,0,2120,0
FINNIFTY09APR2418900PE.NFO,2024-04-03,15:00:00,2024-04-09,0.9,0.9,0.9,0.9,40,2120,0
FINNIFTY09APR2418900PE.NFO,2024-04-03,15:01:00,2024-04-09,0.9,0.9,0.9,0.9,0,2120,0
FINNIFTY09APR2418900PE.NFO,2024-04-03,15:02:00,2024-04-09,0.9,0.9,0.9,0.9,0,2120,0
FINNIFTY09APR2418900PE.NFO,2024-04-03,15:03:00,2024-04-09,0.9,0.9,0.9,0.9,0,2120,0
FINNIFTY09APR2418900PE.NFO,2024-04-03,15:04:00,2024-04-09,0.9,0.9,0.85,0.85,240,2120,0
FINNIFTY09APR2418900PE.NFO,2024-04-03,15:05:00,2024-04-09,0.85,0.85,0.85,0.85,0,2120,0
FINNIFTY09APR2418900PE.NFO,2024-04-03,15:06:00,2024-04-09,0.85,0.85,0.85,0.85,0,2120,0
FINNIFTY09APR2418900PE.NFO,2024-04-03,15:07:00,2024-04-09,0.85,0.85,0.85,0.85,0,2120,0
FINNIFTY09APR2418900PE.NFO,2024-04-03,15:08:00,2024-04-09,0.85,0.85,0.85,0.85,0,2120,0
FINNIFTY09APR2418900PE.NFO,2024-04-03,15:09:00,2024-04-09,0.85,0.85,0.85,0.85,0,2120,1
FINNIFTY09APR2418900PE.NFO,2024-04-03,15:10:00,2024-04-09,0.85,0.85,0.85,0.85,0,2120,1
FINNIFTY09APR2418900PE.NFO,2024-04-03,15:11:00,2024-04-09,0.85,0.85,0.85,0.85,0,2120,1
FINNIFTY09APR2418900PE.NFO,2024-04-03,15:12:00,2024-04-09,0.85,0.85,0.85,0.85,0,2120,1
FINNIFTY09APR2418900PE.NFO,2024-04-03,15:13:00,2024-04-09,0.85,0.85,0.85,0.85,0,2120,0
FINNIFTY09APR2418900PE.NFO,2024-04-03,15:14:00,2024-04-09,0.85,0.85,0.85,0.85,0,2120,1
FINNIFTY09APR2418900PE.NFO,2024-04-03,15:15:00,2024-04-09,0.85,0.85,0.8,0.8,440,2040,0
FINNIFTY09APR2418900PE.NFO,2024-04-03,15:16:00,2024-04-09,0.8,0.8,0.8,0.8,0,2040,0
FINNIFTY09APR2418900PE.NFO,2024-04-03,15:17:00,2024-04-09,0.8,0.8,0.8,0.8,0,2040,0
FINNIFTY09APR2418900PE.NFO,2024-04-03,15:18:00,2024-04-09,0.8,0.8,0.8,0.8,0,2040,0
FINNIFTY09APR2418900PE.NFO,2024-04-03,15:19:00,2024-04-09,0.8,0.8,0.8,0.8,0,2040,1
FINNIFTY09APR2418900PE.NFO,2024-04-03,15:20:00,2024-04-09,0.8,0.8,0.8,0.8,0,2040,1
FINNIFTY09APR2418900PE.NFO,2024-04-03,15:21:00,2024-04-09,0.8,0.8,0.8,0.8,0,2040,1
FINNIFTY09APR2418900PE.NFO,2024-04-03,15:22:00,2024-04-09,0.8,0.8,0.8,0.8,0,2040,1
FINNIFTY09APR2418900PE.NFO,2024-04-03,15:23:00,2024-04-09,0.8,0.8,0.8,0.8,0,2040,1
FINNIFTY09APR2418900PE.NFO,2024-04-03,15:24:00,2024-04-09,0.8,0.8,0.8,0.8,0,2040,0
FINNIFTY09APR2418900PE.NFO,2024-04-03,15:25:00,2024-04-09,0.8,0.8,0.8,0.8,0,2040,1
FINNIFTY09APR2418900PE.NFO,2024-04-03,15:26:00,2024-04-09,0.8,0.8,0.8,0.8,0,2040,0
FINNIFTY09APR2418900PE.NFO,2024-04-03,15:27:00,2024-04-09,0.8,0.95,0.8,0.95,160,2040,0
FINNIFTY09APR2418900PE.NFO,2024-04-03,15:28:00,2024-04-09,0.85,0.85,0.85,0.85,400,2040,0
FINNIFTY09APR2418900PE.NFO,2024-04-03,15:29:00,2024-04-09,0.85,0.85,0.75,0.75,80,2040,0
FINNIFTY09APR2418900PE.NFO,2024-04-03,15:30:00,2024-04-09,0.75,0.75,0.75,0.75,80,2040,1
FINNIFTY09APR2418900PE.NFO,2024-04-04,09:15:00,2024-04-09,0.85,0.85,0.85,0.85,0,0,0
FINNIFTY09APR2418900PE.NFO,2024-04-04,09:16:00,2024-04-09,0.85,1.2,0.85,1.05,2600,2040,0
FINNIFTY09APR2418900PE.NFO,2024-04-04,09:17:00,2024-04-09,1.05,1.05,0.85,1.0,1640,2040,0
FINNIFTY09APR2418900PE.NFO,2024-04-04,09:18:00,2024-04-09,1.0,1.0,0.75,0.95,1760,4680,0
FINNIFTY09APR2418900PE.NFO,2024-04-04,09:19:00,2024-04-09,0.95,0.95,0.95,0.95,0,4680,0
FINNIFTY09APR2418900PE.NFO,2024-04-04,09:20:00,2024-04-09,0.95,1.1,0.9,1.1,3200,4680,0
FINNIFTY09APR2418900PE.NFO,2024-04-04,09:21:00,2024-04-09,1.1,1.1,0.95,1.05,320,7080,0
FINNIFTY09APR2418900PE.NFO,2024-04-04,09:22:00,2024-04-09,1.05,1.05,1.0,1.0,40,7080,0
FINNIFTY09APR2418900PE.NFO,2024-04-04,09:23:00,2024-04-09,1.05,1.1,1.0,1.1,800,7080,0
FINNIFTY09APR2418900PE.NFO,2024-04-04,09:24:00,2024-04-09,1.1,1.1,1.05,1.1,1240,8560,0
FINNIFTY09APR2418900PE.NFO,2024-04-04,09:25:00,2024-04-09,1.1,1.1,1.05,1.1,640,8560,0
FINNIFTY09APR2418900PE.NFO,2024-04-04,09:26:00,2024-04-09,1.1,1.2,1.1,1.2,560,8560,0
FINNIFTY09APR2418900PE.NFO,2024-04-04,09:27:00,2024-04-09,1.2,1.2,1.0,1.0,40,8560,0
FINNIFTY09APR2418900PE.NFO,2024-04-04,09:28:00,2024-04-09,1.0,1.0,1.0,1.0,0,8560,0
FINNIFTY09APR2418900PE.NFO,2024-04-04,09:29:00,2024-04-09,1.0,1.0,1.0,1.0,0,8560,0
FINNIFTY09APR2418900PE.NFO,2024-04-04,09:30:00,2024-04-09,1.0,1.0,1.0,1.0,0,8560,0
FINNIFTY09APR2418900PE.NFO,2024-04-04,09:31:00,2024-04-09,1.05,1.05,1.0,1.05,360,10320,0
FINNIFTY09APR2418900PE.NFO,2024-04-04,09:32:00,2024-04-09,1.05,1.05,1.05,1.05,80,10320,0
FINNIFTY09APR2418900PE.NFO,2024-04-04,09:33:00,2024-04-09,1.0,1.0,1.0,1.0,240,10320,0
FINNIFTY09APR2418900PE.NFO,2024-04-04,09:34:00,2024-04-09,1.0,1.0,1.0,1.0,0,10320,0
FINNIFTY09APR2418900PE.NFO,2024-04-04,09:35:00,2024-04-09,1.0,1.0,1.0,1.0,0,10320,0
FINNIFTY09APR2418900PE.NFO,2024-04-04,09:36:00,2024-04-09,1.0,1.0,1.0,1.0,80,10320,0
FINNIFTY09APR2418900PE.NFO,2024-04-04,09:37:00,2024-04-09,1.0,1.0,1.0,1.0,0,10320,0
FINNIFTY09APR2418900PE.NFO,2024-04-04,09:38:00,2024-04-09,1.0,1.0,1.0,1.0,0,10320,0
FINNIFTY09APR2418900PE.NFO,2024-04-04,09:39:00,2024-04-09,1.0,1.0,1.0,1.0,80,10320,0
FINNIFTY09APR2418900PE.NFO,2024-04-04,09:40:00,2024-04-09,1.0,1.0,1.0,1.0,0,10320,0
FINNIFTY09APR2418900PE.NFO,2024-04-04,09:41:00,2024-04-09,0.9,0.95,0.9,0.95,320,10320,0
FINNIFTY09APR2418900PE.NFO,2024-04-04,09:42:00,2024-04-09,0.95,0.95,0.85,0.9,440,9960,0
FINNIFTY09APR2418900PE.NFO,2024-04-04,09:43:00,2024-04-09,0.9,0.9,0.85,0.85,1520,9960,0
FINNIFTY09APR2418900PE.NFO,2024-04-04,09:44:00,2024-04-09,0.85,0.85,0.75,0.75,1680,9960,0
FINNIFTY09APR2418900PE.NFO,2024-04-04,09:45:00,2024-04-09,0.75,0.75,0.75,0.75,0,9960,0
FINNIFTY09APR2418900PE.NFO,2024-04-04,09:46:00,2024-04-09,0.75,0.75,0.75,0.75,0,9960,0
FINNIFTY09APR2418900PE.NFO,2024-04-04,09:47:00,2024-04-09,0.75,0.75,0.75,0.75,0,9960,0
FINNIFTY09APR2418900PE.NFO,2024-04-04,09:48:00,2024-04-09,0.75,0.75,0.75,0.75,0,9960,0
FINNIFTY09APR2418900PE.NFO,2024-04-04,09:49:00,2024-04-09,0.75,0.75,0.75,0.75,0,9960,1
FINNIFTY09APR2418900PE.NFO,2024-04-04,09:50:00,2024-04-09,0.75,0.75,0.75,0.75,0,9960,0
FINNIFTY09APR2418900PE.NFO,2024-04-04,09:51:00,2024-04-09,0.6,0.75,0.6,0.75,1320,8080,0
FINNIFTY09APR2418900PE.NFO,2024-04-04,09:52:00,2024-04-09,0.75,0.75,0.75,0.75,1320,8080,1
FINNIFTY09APR2418900PE.NFO,2024-04-04,09:53:00,2024-04-09,0.75,0.75,0.75,0.75,0,8080,0
FINNIFTY09APR2418900PE.NFO,2024-04-04,09:54:00,2024-04-09,0.8,0.8,0.8,0.8,440,8040,0
FINNIFTY09APR2418900PE.NFO,2024-04-04,09:55:00,2024-04-09,0.8,0.8,0.8,0.8,240,7800,0
FINNIFTY09APR2418900PE.NFO,2024-04-04,09:56:00,2024-04-09,0.8,0.8,0.8,0.8,0,7800,0
FINNIFTY09APR2418900PE.NFO,2024-04-04,09:57:00,2024-04-09,0.8,0.8,0.7,0.7,880,7560,0
FINNIFTY09APR2418900PE.NFO,2024-04-04,09:58:00,2024-04-09,0.65,0.7,0.65,0.7,2400,7560,0
FINNIFTY09APR2418900PE.NFO,2024-04-04,09:59:00,2024-04-09,0.7,0.7,0.65,0.65,400,7560,0
FINNIFTY09APR2418900PE.NFO,2024-04-04,10:00:00,2024-04-09,0.65,0.65,0.65,0.65,280,7560,0
FINNIFTY09APR2418900PE.NFO,2024-04-04,10:01:00,2024-04-09,0.65,0.65,0.65,0.65,200,5920,0
FINNIFTY09APR2418900PE.NFO,2024-04-04,10:02:00,2024-04-09,0.7,0.7,0.7,0.7,400,5920,0
FINNIFTY09APR2418900PE.NFO,2024-04-04,10:03:00,2024-04-09,0.7,0.7,0.7,0.7,0,5920,0
FINNIFTY09APR2418900PE.NFO,2024-04-04,10:04:00,2024-04-09,0.7,0.7,0.7,0.7,0,5920,0
FINNIFTY09APR2418900PE.NFO,2024-04-04,10:05:00,2024-04-09,0.7,0.7,0.7,0.7,0,5920,0
FINNIFTY09APR2418900PE.NFO,2024-04-04,10:06:00,2024-04-09,0.7,0.7,0.7,0.7,0,5920,0
FINNIFTY09APR2418900PE.NFO,2024-04-04,10:07:00,2024-04-09,0.7,0.7,0.7,0.7,0,5920,0
FINNIFTY09APR2418900PE.NFO,2024-04-04,10:08:00,2024-04-09,0.7,0.7,0.7,0.7,0,5920,0
FINNIFTY09APR2418900PE.NFO,2024-04-04,10:09:00,2024-04-09,0.75,0.75,0.75,0.75,80,5720,0
FINNIFTY09APR2418900PE.NFO,2024-04-04,10:10:00,2024-04-09,0.75,0.75,0.75,0.75,0,5720,0
FINNIFTY09APR2418900PE.NFO,2024-04-04,10:11:00,2024-04-09,0.75,0.75,0.75,0.75,0,5720,0
FINNIFTY09APR2418900PE.NFO,2024-04-04,10:12:00,2024-04-09,0.75,0.75,0.75,0.75,0,5720,1
FINNIFTY09APR2418900PE.NFO,2024-04-04,10:13:00,2024-04-09,0.75,0.75,0.75,0.75,0,5720,0
FINNIFTY09APR2418900PE.NFO,2024-04-04,10:14:00,2024-04-09,0.75,0.75,0.75,0.75,0,5720,1
FINNIFTY09APR2418900PE.NFO,2024-04-04,10:15:00,2024-04-09,0.75,0.8,0.75,0.8,760,5640,0
FINNIFTY09APR2418900PE.NFO,2024-04-04,10:16:00,2024-04-09,0.75,0.75,0.75,0.75,40,5680,0
FINNIFTY09APR2418900PE.NFO,2024-04-04,10:17:00,2024-04-09,0.75,0.75,0.75,0.75,0,5680,0
FINNIFTY09APR2418900PE.NFO,2024-04-04,10:18:00,2024-04-09,0.75,0.75,0.75,0.75,0,5680,1
FINNIFTY09APR2418900PE.NFO,2024-04-04,10:19:00,2024-04-09,0.75,0.75,0.75,0.75,0,5680,1
FINNIFTY09APR2418900PE.NFO,2024-04-04,10:20:00,2024-04-09,0.75,0.75,0.75,0.75,0,5680,0
FINNIFTY09APR2418900PE.NFO,2024-04-04,10:21:00,2024-04-09,0.75,0.75,0.75,0.75,0,5680,1
FINNIFTY09APR2418900PE.NFO,2024-04-04,10:22:00,2024-04-09,0.75,0.75,0.75,0.75,0,5680,1
FINNIFTY09APR2418900PE.NFO,2024-04-04,10:23:00,2024-04-09,0.75,0.75,0.75,0.75,0,5680,0
FINNIFTY09APR2418900PE.NFO,2024-04-04,10:24:00,2024-04-09,0.75,0.75,0.75,0.75,0,5680,0
FINNIFTY09APR2418900PE.NFO,2024-04-04,10:25:00,2024-04-09,0.75,0.75,0.75,0.75,0,5680,1
FINNIFTY09APR2418900PE.NFO,2024-04-04,10:26:00,2024-04-09,0.75,0.75,0.75,0.75,0,5680,1
FINNIFTY09APR2418900PE.NFO,2024-04-04,10:27:00,2024-04-09,0.75,0.75,0.75,0.75,0,5680,1
FINNIFTY09APR2418900PE.NFO,2024-04-04,10:28:00,2024-04-09,0.75,0.75,0.75,0.75,0,5680,1
FINNIFTY09APR2418900PE.NFO,2024-04-04,10:29:00,2024-04-09,0.75,0.75,0.75,0.75,0,5680,1
FINNIFTY09APR2418900PE.NFO,2024-04-04,10:30:00,2024-04-09,0.75,0.75,0.75,0.75,0,5680,1
FINNIFTY09APR2418900PE.NFO,2024-04-04,10:31:00,2024-04-09,0.75,0.75,0.75,0.75,0,5680,1
FINNIFTY09APR2418900PE.NFO,2024-04-04,10:32:00,2024-04-09,0.75,0.75,0.75,0.75,0,5680,0
FINNIFTY09APR2418900PE.NFO,2024-04-04,10:33:00,2024-04-09,0.75,0.75,0.75,0.75,0,5680,1
FINNIFTY09APR2418900PE.NFO,2024-04-04,10:34:00,2024-04-09,0.75,0.75,0.75,0.75,0,5680,1
FINNIFTY09APR2418900PE.NFO,2024-04-04,10:35:00,2024-04-09,0.75,0.75,0.75,0.75,0,5680,1
FINNIFTY09APR2418900PE.NFO,2024-04-04,10:36:00,2024-04-09,0.75,0.75,0.75,0.75,0,5680,1
FINNIFTY09APR2418900PE.NFO,2024-04-04,10:37:00,2024-04-09,0.7,0.7,0.7,0.7,120,5640,0
FINNIFTY09APR2418900PE.NFO,2024-04-04,10:38:00,2024-04-09,0.7,0.7,0.65,0.65,80,5640,0
FINNIFTY09APR2418900PE.NFO,2024-04-04,10:39:00,2024-04-09,0.65,0.65,0.65,0.65,80,5640,1
FINNIFTY09APR2418900PE.NFO,2024-04-04,10:40:00,2024-04-09,0.65,0.65,0.65,0.65,80,5640,1
FINNIFTY09APR2418900PE.NFO,2024-04-04,10:41:00,2024-04-09,0.65,0.65,0.65,0.65,0,5640,0
FINNIFTY09APR2418900PE.NFO,2024-04-04,10:42:00,2024-04-09,0.65,0.65,0.65,0.65,0,5640,1
FINNIFTY09APR2418900PE.NFO,2024-04-04,10:43:00,2024-04-09,0.65,0.65,0.65,0.65,0,5640,1
FINNIFTY09APR2418900PE.NFO,2024-04-04,10:44:00,2024-04-09,0.65,0.65,0.65,0.65,0,5640,0
FINNIFTY09APR2418900PE.NFO,2024-04-04,10:45:00,2024-04-09,0.65,0.65,0.65,0.65,0,5640,1
FINNIFTY09APR2418900PE.NFO,2024-04-04,10:46:00,2024-04-09,0.65,0.65,0.65,0.65,0,5640,0
FINNIFTY09APR2418900PE.NFO,2024-04-04,10:47:00,2024-04-09,0.65,0.65,0.65,0.65,0,5640,1
FINNIFTY09APR2418900PE.NFO,2024-04-04,10:48:00,2024-04-09,0.65,0.65,0.65,0.65,0,5640,1
FINNIFTY09APR2418900PE.NFO,2024-04-04,10:49:00,2024-04-09,0.75,0.75,0.75,0.75,40,5640,0
FINNIFTY09APR2418900PE.NFO,2024-04-04,10:50:00,2024-04-09,0.75,0.75,0.75,0.75,40,5640,1
FINNIFTY09APR2418900PE.NFO,2024-04-04,10:51:00,2024-04-09,0.75,0.75,0.75,0.75,40,5640,1
FINNIFTY09APR2418900PE.NFO,2024-04-04,10:52:00,2024-04-09,0.75,0.75,0.75,0.75,40,5640,1
FINNIFTY09APR2418900PE.NFO,2024-04-04,10:53:00,2024-04-09,0.75,0.8,0.75,0.8,80,5640,0
FINNIFTY09APR2418900PE.NFO,2024-04-04,10:54:00,2024-04-09,0.8,0.8,0.65,0.65,1040,5640,0
FINNIFTY09APR2418900PE.NFO,2024-04-04,10:55:00,2024-04-09,0.65,0.75,0.65,0.75,0,5280,0
FINNIFTY09APR2418900PE.NFO,2024-04-04,10:56:00,2024-04-09,0.75,0.75,0.75,0.75,80,5280,0
FINNIFTY09APR2418900PE.NFO,2024-04-04,10:57:00,2024-04-09,0.75,0.75,0.75,0.75,0,5280,0
FINNIFTY09APR2418900PE.NFO,2024-04-04,10:58:00,2024-04-09,0.75,0.75,0.75,0.75,0,5280,1
FINNIFTY09APR2418900PE.NFO,2024-04-04,10:59:00,2024-04-09,0.75,0.75,0.7,0.7,80,5200,0
FINNIFTY09APR2418900PE.NFO,2024-04-04,11:00:00,2024-04-09,0.7,0.7,0.7,0.7,0,5200,0
FINNIFTY09APR2418900PE.NFO,2024-04-04,11:01:00,2024-04-09,0.75,0.75,0.75,0.75,280,5200,0
FINNIFTY09APR2418900PE.NFO,2024-04-04,11:02:00,2024-04-09,0.8,0.8,0.8,0.8,480,5200,0
FINNIFTY09APR2418900PE.NFO,2024-04-04,11:03:00,2024-04-09,0.8,0.8,0.8,0.8,240,5200,0
FINNIFTY09APR2418900PE.NFO,2024-04-04,11:04:00,2024-04-09,0.8,0.8,0.8,0.8,0,5200,0
FINNIFTY09APR2418900PE.NFO,2024-04-04,11:05:00,2024-04-09,0.8,0.8,0.75,0.75,120,5200,0
FINNIFTY09APR2418900PE.NFO,2024-04-04,11:06:00,2024-04-09,0.75,0.75,0.75,0.75,0,5200,0
FINNIFTY09APR2418900PE.NFO,2024-04-04,11:07:00,2024-04-09,0.85,0.85,0.85,0.85,200,5120,0
FINNIFTY09APR2418900PE.NFO,2024-04-04,11:08:00,2024-04-09,0.85,0.85,0.85,0.85,200,5120,0
FINNIFTY09APR2418900PE.NFO,2024-04-04,11:09:00,2024-04-09,0.85,0.85,0.85,0.85,0,5120,0
FINNIFTY09APR2418900PE.NFO,2024-04-04,11:10:00,2024-04-09,0.85,0.85,0.85,0.85,0,5120,0
FINNIFTY09APR2418900PE.NFO,2024-04-04,11:11:00,2024-04-09,0.85,0.85,0.85,0.85,0,5120,0
FINNIFTY09APR2418900PE.NFO,2024-04-04,11:12:00,2024-04-09,0.85,0.85,0.85,0.85,0,5120,0
FINNIFTY09APR2418900PE.NFO,2024-04-04,11:13:00,2024-04-09,0.85,0.85,0.85,0.85,0,5120,0
FINNIFTY09APR2418900PE.NFO,2024-04-04,11:14:00,2024-04-09,0.8,0.9,0.8,0.9,1320,5280,0
FINNIFTY09APR2418900PE.NFO,2024-04-04,11:15:00,2024-04-09,0.95,0.95,0.95,0.95,520,5280,0
FINNIFTY09APR2418900PE.NFO,2024-04-04,11:16:00,2024-04-09,0.95,0.95,0.85,0.85,120,5840,0
FINNIFTY09APR2418900PE.NFO,2024-04-04,11:17:00,2024-04-09,0.85,0.85,0.85,0.85,40,5840,0
FINNIFTY09APR2418900PE.NFO,2024-04-04,11:18:00,2024-04-09,0.85,0.85,0.85,0.85,0,5840,0
FINNIFTY09APR2418900PE.NFO,2024-04-04,11:19:00,2024-04-09,0.85,0.85,0.85,0.85,80,5840,0
FINNIFTY09APR2418900PE.NFO,2024-04-04,11:20:00,2024-04-09,0.95,0.95,0.95,0.95,200,5840,0
FINNIFTY09APR2418900PE.NFO,2024-04-04,11:21:00,2024-04-09,0.95,0.95,0.9,0.9,80,5840,0
FINNIFTY09APR2418900PE.NFO,2024-04-04,11:22:00,2024-04-09,0.9,0.9,0.9,0.9,0,5840,0
FINNIFTY09APR2418900PE.NFO,2024-04-04,11:23:00,2024-04-09,0.9,0.9,0.9,0.9,0,5840,0
FINNIFTY09APR2418900PE.NFO,2024-04-04,11:24:00,2024-04-09,0.9,0.9,0.9,0.9,0,5840,0
FINNIFTY09APR2418900PE.NFO,2024-04-04,11:25:00,2024-04-09,0.95,0.95,0.95,0.95,280,5920,0
FINNIFTY09APR2418900PE.NFO,2024-04-04,11:26:00,2024-04-09,0.95,0.95,0.9,0.9,400,5920,0
FINNIFTY09APR2418900PE.NFO,2024-04-04,11:27:00,2024-04-09,0.9,0.9,0.9,0.9,400,6400,0
FINNIFTY09APR2418900PE.NFO,2024-04-04,11:28:00,2024-04-09,0.9,0.9,0.9,0.9,40,6400,0
FINNIFTY09APR2418900PE.NFO,2024-04-04,11:29:00,2024-04-09,0.9,0.9,0.9,0.9,240,6400,0
FINNIFTY09APR2418900PE.NFO,2024-04-04,11:30:00,2024-04-09,0.95,0.95,0.9,0.95,360,6400,0
FINNIFTY09APR2418900PE.NFO,2024-04-04,11:31:00,2024-04-09,0.9,0.95,0.9,0.95,240,7000,0
FINNIFTY09APR2418900PE.NFO,2024-04-04,11:32:00,2024-04-09,0.95,0.95,0.95,0.95,0,7000,0
FINNIFTY09APR2418900PE.NFO,2024-04-04,11:33:00,2024-04-09,0.95,0.95,0.75,0.75,800,7520,0
FINNIFTY09APR2418900PE.NFO,2024-04-04,11:34:00,2024-04-09,0.75,0.9,0.65,0.65,2840,7520,0
FINNIFTY09APR2418900PE.NFO,2024-04-04,11:35:00,2024-04-09,0.65,0.85,0.65,0.8,1040,7520,0
FINNIFTY09APR2418900PE.NFO,2024-04-04,11:36:00,2024-04-09,0.8,0.8,0.7,0.7,400,7520,0
FINNIFTY09APR2418900PE.NFO,2024-04-04,11:37:00,2024-04-09,0.7,0.75,0.65,0.65,1280,6760,0
FINNIFTY09APR2418900PE.NFO,2024-04-04,11:38:00,2024-04-09,0.65,0.7,0.65,0.7,1320,6760,0
FINNIFTY09APR2418900PE.NFO,2024-04-04,11:39:00,2024-04-09,0.7,0.7,0.65,0.7,1400,6760,0
FINNIFTY09APR2418900PE.NFO,2024-04-04,11:40:00,2024-04-09,0.7,0.75,0.7,0.75,40,5160,0
FINNIFTY09APR2418900PE.NFO,2024-04-04,11:41:00,2024-04-09,0.75,0.75,0.75,0.75,80,5160,0
FINNIFTY09APR2418900PE.NFO,2024-04-04,11:42:00,2024-04-09,0.75,0.75,0.75,0.75,200,5200,0
FINNIFTY09APR2418900PE.NFO,2024-04-04,11:43:00,2024-04-09,0.75,0.75,0.75,0.75,120,5200,0
FINNIFTY09APR2418900PE.NFO,2024-04-04,11:44:00,2024-04-09,0.75,0.75,0.75,0.75,40,5200,0
FINNIFTY09APR2418900PE.NFO,2024-04-04,11:45:00,2024-04-09,0.75,0.75,0.75,0.75,80,5200,0
FINNIFTY09APR2418900PE.NFO,2024-04-04,11:46:00,2024-04-09,0.75,0.75,0.75,0.75,80,5240,0
FINNIFTY09APR2418900PE.NFO,2024-04-04,11:47:00,2024-04-09,0.75,0.85,0.75,0.85,600,5240,0
FINNIFTY09APR2418900PE.NFO,2024-04-04,11:48:00,2024-04-09,0.85,0.85,0.75,0.75,120,5240,0
FINNIFTY09APR2418900PE.NFO,2024-04-04,11:49:00,2024-04-09,0.8,0.8,0.8,0.8,360,5160,0
FINNIFTY09APR2418900PE.NFO,2024-04-04,11:50:00,2024-04-09,0.8,0.85,0.8,0.8,280,5160,0
FINNIFTY09APR2418900PE.NFO,2024-04-04,11:51:00,2024-04-09,0.8,0.8,0.8,0.8,0,5160,0
FINNIFTY09APR2418900PE.NFO,2024-04-04,11:52:00,2024-04-09,0.8,0.8,0.75,0.75,200,5400,0
FINNIFTY09APR2418900PE.NFO,2024-04-04,11:53:00,2024-04-09,0.75,0.75,0.7,0.7,560,5400,0
FINNIFTY09APR2418900PE.NFO,2024-04-04,11:54:00,2024-04-09,0.7,0.7,0.7,0.7,200,5400,0
FINNIFTY09APR2418900PE.NFO,2024-04-04,11:55:00,2024-04-09,0.7,0.7,0.7,0.7,80,5280,0
FINNIFTY09APR2418900PE.NFO,2024-04-04,11:56:00,2024-04-09,0.7,0.7,0.7,0.7,0,5280,0
FINNIFTY09APR2418900PE.NFO,2024-04-04,11:57:00,2024-04-09,0.7,0.7,0.7,0.7,0,5280,1
FINNIFTY09APR2418900PE.NFO,2024-04-04,11:58:00,2024-04-09,0.7,0.7,0.7,0.7,0,5280,1
FINNIFTY09APR2418900PE.NFO,2024-04-04,11:59:00,2024-04-09,0.7,0.7,0.7,0.7,280,5200,0
FINNIFTY09APR2418900PE.NFO,2024-04-04,12:00:00,2024-04-09,0.7,0.7,0.7,0.7,280,5200,1
FINNIFTY09APR2418900PE.NFO,2024-04-04,12:01:00,2024-04-09,0.7,0.7,0.7,0.7,0,5200,0
FINNIFTY09APR2418900PE.NFO,2024-04-04,12:02:00,2024-04-09,0.75,0.75,0.7,0.7,200,5080,0
FINNIFTY09APR2418900PE.NFO,2024-04-04,12:03:00,2024-04-09,0.7,0.7,0.7,0.7,240,5080,0
FINNIFTY09APR2418900PE.NFO,2024-04-04,12:04:00,2024-04-09,0.7,0.7,0.65,0.7,880,4800,0
FINNIFTY09APR2418900PE.NFO,2024-04-04,12:05:00,2024-04-09,0.75,0.75,0.65,0.75,880,4800,0
FINNIFTY09APR2418900PE.NFO,2024-04-04,12:06:00,2024-04-09,0.7,0.75,0.65,0.7,880,4800,0
FINNIFTY09APR2418900PE.NFO,2024-04-04,12:07:00,2024-04-09,0.7,0.75,0.7,0.7,1200,4480,0
FINNIFTY09APR2418900PE.NFO,2024-04-04,12:08:00,2024-04-09,0.7,0.75,0.7,0.75,400,4480,0
FINNIFTY09APR2418900PE.NFO,2024-04-04,12:09:00,2024-04-09,0.75,0.75,0.7,0.7,400,4480,0
FINNIFTY09APR2418900PE.NFO,2024-04-04,12:10:00,2024-04-09,0.7,0.75,0.7,0.7,320,4400,0
FINNIFTY09APR2418900PE.NFO,2024-04-04,12:11:00,2024-04-09,0.7,0.7,0.65,0.7,600,4400,0
FINNIFTY09APR2418900PE.NFO,2024-04-04,12:12:00,2024-04-09,0.7,0.75,0.7,0.75,200,4400,0
FINNIFTY09APR2418900PE.NFO,2024-04-04,12:13:00,2024-04-09,0.75,0.75,0.75,0.75,0,4400,0
FINNIFTY09APR2418900PE.NFO,2024-04-04,12:14:00,2024-04-09,0.75,0.75,0.75,0.75,0,4400,1
FINNIFTY09APR2418900PE.NFO,2024-04-04,12:15:00,2024-04-09,0.75,0.75,0.75,0.75,0,4400,1
FINNIFTY09APR2418900PE.NFO,2024-04-04,12:16:00,2024-04-09,0.75,0.75,0.75,0.75,0,4400,1
FINNIFTY09APR2418900PE.NFO,2024-04-04,12:17:00,2024-04-09,0.75,0.75,0.75,0.75,0,4400,1
FINNIFTY09APR2418900PE.NFO,2024-04-04,12:18:00,2024-04-09,0.75,0.75,0.75,0.75,0,4400,1
FINNIFTY09APR2418900PE.NFO,2024-04-04,12:19:00,2024-04-09,0.75,0.75,0.75,0.75,0,4400,1
FINNIFTY09APR2418900PE.NFO,2024-04-04,12:20:00,2024-04-09,0.75,0.75,0.75,0.75,0,4400,1
FINNIFTY09APR2418900PE.NFO,2024-04-04,12:21:00,2024-04-09,0.75,0.75,0.75,0.75,560,4880,0
FINNIFTY09APR2418900PE.NFO,2024-04-04,12:22:00,2024-04-09,0.75,0.75,0.75,0.75,200,5280,0
FINNIFTY09APR2418900PE.NFO,2024-04-04,12:23:00,2024-04-09,0.75,0.75,0.75,0.75,1720,5280,0
FINNIFTY09APR2418900PE.NFO,2024-04-04,12:24:00,2024-04-09,0.75,0.8,0.75,0.8,1200,5280,0
FINNIFTY09APR2418900PE.NFO,2024-04-04,12:25:00,2024-04-09,0.8,0.8,0.8,0.8,200,5280,0
FINNIFTY09APR2418900PE.NFO,2024-04-04,12:26:00,2024-04-09,0.8,0.85,0.8,0.8,600,6720,0
FINNIFTY09APR2418900PE.NFO,2024-04-04,12:27:00,2024-04-09,0.8,0.8,0.8,0.8,0,6720,0
FINNIFTY09APR2418900PE.NFO,2024-04-04,12:28:00,2024-04-09,0.8,0.8,0.8,0.8,0,6720,1
FINNIFTY09APR2418900PE.NFO,2024-04-04,12:29:00,2024-04-09,0.8,0.8,0.8,0.8,0,6720,0
FINNIFTY09APR2418900PE.NFO,2024-04-04,12:30:00,2024-04-09,0.8,0.8,0.75,0.75,40,7040,0
FINNIFTY09APR2418900PE.NFO,2024-04-04,12:31:00,2024-04-09,0.75,0.75,0.75,0.75,160,7120,0
FINNIFTY09APR2418900PE.NFO,2024-04-04,12:32:00,2024-04-09,0.75,0.75,0.75,0.75,0,7120,0
FINNIFTY09APR2418900PE.NFO,2024-04-04,12:33:00,2024-04-09,0.75,0.8,0.75,0.8,320,7120,0
FINNIFTY09APR2418900PE.NFO,2024-04-04,12:34:00,2024-04-09,0.8,0.8,0.8,0.8,0,7120,0
FINNIFTY09APR2418900PE.NFO,2024-04-04,12:35:00,2024-04-09,0.8,0.8,0.8,0.8,0,7120,0
FINNIFTY09APR2418900PE.NFO,2024-04-04,12:36:00,2024-04-09,0.8,0.8,0.8,0.8,0,7120,1
FINNIFTY09APR2418900PE.NFO,2024-04-04,12:37:00,2024-04-09,0.8,0.8,0.8,0.8,0,7120,1
FINNIFTY09APR2418900PE.NFO,2024-04-04,12:38:00,2024-04-09,0.8,0.8,0.8,0.8,0,7120,1
FINNIFTY09APR2418900PE.NFO,2024-04-04,12:39:00,2024-04-09,0.8,0.8,0.8,0.8,0,7120,1
FINNIFTY09APR2418900PE.NFO,2024-04-04,12:40:00,2024-04-09,0.8,0.8,0.8,0.8,0,7120,1
FINNIFTY09APR2418900PE.NFO,2024-04-04,12:41:00,2024-04-09,0.75,0.75,0.75,0.75,40,7240,0
FINNIFTY09APR2418900PE.NFO,2024-04-04,12:42:00,2024-04-09,0.75,0.75,0.7,0.7,1080,7240,0
FINNIFTY09APR2418900PE.NFO,2024-04-04,12:43:00,2024-04-09,0.7,0.7,0.7,0.7,1000,7240,0
FINNIFTY09APR2418900PE.NFO,2024-04-04,12:44:00,2024-04-09,0.75,0.75,0.75,0.75,1040,5800,0
FINNIFTY09APR2418900PE.NFO,2024-04-04,12:45:00,2024-04-09,0.75,0.75,0.75,0.75,0,5800,0
FINNIFTY09APR2418900PE.NFO,2024-04-04,12:46:00,2024-04-09,0.75,0.75,0.7,0.7,200,6400,0
FINNIFTY09APR2418900PE.NFO,2024-04-04,12:47:00,2024-04-09,0.7,0.7,0.7,0.7,200,6400,0
FINNIFTY09APR2418900PE.NFO,2024-04-04,12:48:00,2024-04-09,0.75,0.75,0.75,0.75,40,6400,0
FINNIFTY09APR2418900PE.NFO,2024-04-04,12:49:00,2024-04-09,0.75,0.75,0.75,0.75,0,6400,0
FINNIFTY09APR2418900PE.NFO,2024-04-04,12:50:00,2024-04-09,0.75,0.75,0.75,0.75,0,6400,0
FINNIFTY09APR2418900PE.NFO,2024-04-04,12:51:00,2024-04-09,0.75,0.75,0.75,0.75,0,6400,1
FINNIFTY09APR2418900PE.NFO,2024-04-04,12:52:00,2024-04-09,0.75,0.75,0.75,0.75,280,6000,0
FINNIFTY09APR2418900PE.NFO,2024-04-04,12:53:00,2024-04-09,0.75,0.75,0.7,0.75,840,6000,0
FINNIFTY09APR2418900PE.NFO,2024-04-04,12:54:00,2024-04-09,0.75,0.75,0.7,0.75,640,6000,0
FINNIFTY09APR2418900PE.NFO,2024-04-04,12:55:00,2024-04-09,0.75,0.75,0.7,0.75,800,6080,0
FINNIFTY09APR2418900PE.NFO,2024-04-04,12:56:00,2024-04-09,0.75,0.75,0.7,0.7,560,6080,0
FINNIFTY09APR2418900PE.NFO,2024-04-04,12:57:00,2024-04-09,0.7,0.75,0.7,0.7,640,6080,0
FINNIFTY09APR2418900PE.NFO,2024-04-04,12:58:00,2024-04-09,0.7,0.7,0.7,0.7,520,5920,0
FINNIFTY09APR2418900PE.NFO,2024-04-04,12:59:00,2024-04-09,0.7,0.7,0.7,0.7,0,5920,0
FINNIFTY09APR2418900PE.NFO,2024-04-04,13:00:00,2024-04-09,0.65,0.65,0.65,0.65,680,5920,0
FINNIFTY09APR2418900PE.NFO,2024-04-04,13:01:00,2024-04-09,0.65,0.65,0.65,0.65,120,5920,0
FINNIFTY09APR2418900PE.NFO,2024-04-04,13:02:00,2024-04-09,0.65,0.7,0.65,0.7,360,5720,0
FINNIFTY09APR2418900PE.NFO,2024-04-04,13:03:00,2024-04-09,0.7,0.7,0.7,0.7,0,5720,0
FINNIFTY09APR2418900PE.NFO,2024-04-04,13:04:00,2024-04-09,0.65,0.65,0.65,0.65,120,5720,0
FINNIFTY09APR2418900PE.NFO,2024-04-04,13:05:00,2024-04-09,0.65,0.65,0.65,0.65,0,5720,0
FINNIFTY09APR2418900PE.NFO,2024-04-04,13:06:00,2024-04-09,0.65,0.65,0.65,0.65,0,5720,1
FINNIFTY09APR2418900PE.NFO,2024-04-04,13:07:00,2024-04-09,0.65,0.65,0.65,0.65,0,5720,0
FINNIFTY09APR2418900PE.NFO,2024-04-04,13:08:00,2024-04-09,0.65,0.65,0.65,0.65,0,5720,1
FINNIFTY09APR2418900PE.NFO,2024-04-04,13:09:00,2024-04-09,0.65,0.65,0.65,0.65,0,5720,1
FINNIFTY09APR2418900PE.NFO,2024-04-04,13:10:00,2024-04-09,0.65,0.65,0.6,0.65,1120,5960,0
FINNIFTY09APR2418900PE.NFO,2024-04-04,13:11:00,2024-04-09,0.65,0.65,0.6,0.6,360,5960,0
FINNIFTY09APR2418900PE.NFO,2024-04-04,13:12:00,2024-04-09,0.6,0.7,0.6,0.7,40,5960,0
FINNIFTY09APR2418900PE.NFO,2024-04-04,13:13:00,2024-04-09,0.7,0.7,0.7,0.7,160,4960,0
FINNIFTY09APR2418900PE.NFO,2024-04-04,13:14:00,2024-04-09,0.7,0.7,0.7,0.7,0,4960,0
FINNIFTY09APR2418900PE.NFO,2024-04-04,13:15:00,2024-04-09,0.7,0.7,0.7,0.7,0,4960,1
FINNIFTY09APR2418900PE.NFO,2024-04-04,13:16:00,2024-04-09,0.7,0.7,0.7,0.7,200,5120,0
FINNIFTY09APR2418900PE.NFO,2024-04-04,13:17:00,2024-04-09,0.7,0.7,0.7,0.7,200,5120,1
FINNIFTY09APR2418900PE.NFO,2024-04-04,13:18:00,2024-04-09,0.7,0.7,0.7,0.7,200,5120,1
FINNIFTY09APR2418900PE.NFO,2024-04-04,13:19:00,2024-04-09,0.7,0.7,0.7,0.7,80,5120,0
FINNIFTY09APR2418900PE.NFO,2024-04-04,13:20:00,2024-04-09,0.7,0.7,0.7,0.7,80,5120,1
FINNIFTY09APR2418900PE.NFO,2024-04-04,13:21:00,2024-04-09,0.7,0.7,0.7,0.7,80,5120,1
FINNIFTY09APR2418900PE.NFO,2024-04-04,13:22:00,2024-04-09,0.7,0.7,0.7,0.7,80,5120,1
FINNIFTY09APR2418900PE.NFO,2024-04-04,13:23:00,2024-04-09,0.7,0.7,0.7,0.7,80,5120,1
FINNIFTY09APR2418900PE.NFO,2024-04-04,13:24:00,2024-04-09,0.7,0.7,0.7,0.7,80,5120,1
FINNIFTY09APR2418900PE.NFO,2024-04-04,13:25:00,2024-04-09,0.7,0.7,0.7,0.7,0,5120,0
FINNIFTY09APR2418900PE.NFO,2024-04-04,13:26:00,2024-04-09,0.7,0.7,0.7,0.7,80,5320,0
FINNIFTY09APR2418900PE.NFO,2024-04-04,13:27:00,2024-04-09,0.7,0.7,0.7,0.7,280,5320,0
FINNIFTY09APR2418900PE.NFO,2024-04-04,13:28:00,2024-04-09,0.7,0.75,0.65,0.75,720,5640,0
FINNIFTY09APR2418900PE.NFO,2024-04-04,13:29:00,2024-04-09,0.75,0.75,0.65,0.75,1080,5640,0
FINNIFTY09APR2418900PE.NFO,2024-04-04,13:30:00,2024-04-09,0.75,0.75,0.75,0.75,120,5640,0
FINNIFTY09APR2418900PE.NFO,2024-04-04,13:31:00,2024-04-09,0.75,0.75,0.75,0.75,480,6280,0
FINNIFTY09APR2418900PE.NFO,2024-04-04,13:32:00,2024-04-09,0.75,0.75,0.75,0.75,0,6280,0
FINNIFTY09APR2418900PE.NFO,2024-04-04,13:33:00,2024-04-09,0.75,0.75,0.75,0.75,0,6280,0
FINNIFTY09APR2418900PE.NFO,2024-04-04,13:34:00,2024-04-09,0.75,0.75,0.75,0.75,1000,6760,0
FINNIFTY09APR2418900PE.NFO,2024-04-04,13:35:00,2024-04-09,0.75,0.75,0.75,0.75,800,6760,0
FINNIFTY09APR2418900PE.NFO,2024-04-04,13:36:00,2024-04-09,0.75,0.75,0.75,0.75,0,6760,0
FINNIFTY09APR2418900PE.NFO,2024-04-04,13:37:00,2024-04-09,0.75,0.75,0.75,0.75,0,6760,0
FINNIFTY09APR2418900PE.NFO,2024-04-04,13:38:00,2024-04-09,0.75,0.75,0.75,0.75,0,6760,1
FINNIFTY09APR2418900PE.NFO,2024-04-04,13:39:00,2024-04-09,0.7,0.75,0.7,0.75,640,7360,0
FINNIFTY09APR2418900PE.NFO,2024-04-04,13:40:00,2024-04-09,0.7,0.7,0.7,0.7,120,7360,0
FINNIFTY09APR2418900PE.NFO,2024-04-04,13:41:00,2024-04-09,0.7,0.7,0.7,0.7,0,7360,0
FINNIFTY09APR2418900PE.NFO,2024-04-04,13:42:00,2024-04-09,0.7,0.7,0.7,0.7,0,7360,1
FINNIFTY09APR2418900PE.NFO,2024-04-04,13:43:00,2024-04-09,0.7,0.7,0.7,0.7,0,7360,1
FINNIFTY09APR2418900PE.NFO,2024-04-04,13:44:00,2024-04-09,0.7,0.7,0.7,0.7,0,7360,1
FINNIFTY09APR2418900PE.NFO,2024-04-04,13:45:00,2024-04-09,0.75,0.75,0.75,0.75,40,6680,0
FINNIFTY09APR2418900PE.NFO,2024-04-04,13:46:00,2024-04-09,0.75,0.8,0.7,0.75,920,7120,0
FINNIFTY09APR2418900PE.NFO,2024-04-04,13:47:00,2024-04-09,0.75,0.8,0.75,0.8,1040,7120,0
FINNIFTY09APR2418900PE.NFO,2024-04-04,13:48:00,2024-04-09,0.8,0.8,0.8,0.8,0,7120,0
FINNIFTY09APR2418900PE.NFO,2024-04-04,13:49:00,2024-04-09,0.8,0.85,0.75,0.8,840,8400,0
FINNIFTY09APR2418900PE.NFO,2024-04-04,13:50:00,2024-04-09,0.8,0.8,0.8,0.8,0,8400,0
FINNIFTY09APR2418900PE.NFO,2024-04-04,13:51:00,2024-04-09,0.8,0.8,0.65,0.65,1600,8400,0
FINNIFTY09APR2418900PE.NFO,2024-04-04,13:52:00,2024-04-09,0.65,0.8,0.65,0.8,960,8400,0
FINNIFTY09APR2418900PE.NFO,2024-04-04,13:53:00,2024-04-09,0.8,0.8,0.65,0.65,2360,7000,0
FINNIFTY09APR2418900PE.NFO,2024-04-04,13:54:00,2024-04-09,0.65,0.65,0.65,0.65,0,7000,0
FINNIFTY09APR2418900PE.NFO,2024-04-04,13:55:00,2024-04-09,0.65,0.65,0.65,0.65,0,7000,0
FINNIFTY09APR2418900PE.NFO,2024-04-04,13:56:00,2024-04-09,0.65,0.65,0.65,0.65,0,7000,1
FINNIFTY09APR2418900PE.NFO,2024-04-04,13:57:00,2024-04-09,0.65,0.65,0.65,0.65,40,5960,0
FINNIFTY09APR2418900PE.NFO,2024-04-04,13:58:00,2024-04-09,0.65,0.65,0.65,0.65,40,5960,1
FINNIFTY09APR2418900PE.NFO,2024-04-04,13:59:00,2024-04-09,0.65,0.65,0.65,0.65,360,5920,0
FINNIFTY09APR2418900PE.NFO,2024-04-04,14:00:00,2024-04-09,0.65,0.65,0.65,0.65,360,5920,1
FINNIFTY09APR2418900PE.NFO,2024-04-04,14:01:00,2024-04-09,0.65,0.65,0.65,0.65,360,5920,1
FINNIFTY09APR2418900PE.NFO,2024-04-04,14:02:00,2024-04-09,0.7,0.7,0.7,0.7,120,5960,0
FINNIFTY09APR2418900PE.NFO,2024-04-04,14:03:00,2024-04-09,0.7,0.7,0.7,0.7,440,5960,0
FINNIFTY09APR2418900PE.NFO,2024-04-04,14:04:00,2024-04-09,0.7,0.7,0.7,0.7,440,5960,1
FINNIFTY09APR2418900PE.NFO,2024-04-04,14:05:00,2024-04-09,0.7,0.7,0.7,0.7,440,5960,1
FINNIFTY09APR2418900PE.NFO,2024-04-04,14:06:00,2024-04-09,0.7,0.7,0.7,0.7,440,5960,1
FINNIFTY09APR2418900PE.NFO,2024-04-04,14:07:00,2024-04-09,0.7,0.7,0.7,0.7,440,5960,1
FINNIFTY09APR2418900PE.NFO,2024-04-04,14:08:00,2024-04-09,0.7,0.7,0.7,0.7,0,5960,0
FINNIFTY09APR2418900PE.NFO,2024-04-04,14:09:00,2024-04-09,0.7,0.7,0.7,0.7,0,5960,1
FINNIFTY09APR2418900PE.NFO,2024-04-04,14:10:00,2024-04-09,0.65,0.65,0.65,0.65,200,6160,0
FINNIFTY09APR2418900PE.NFO,2024-04-04,14:11:00,2024-04-09,0.65,0.65,0.65,0.65,0,6160,0
FINNIFTY09APR2418900PE.NFO,2024-04-04,14:12:00,2024-04-09,0.65,0.65,0.65,0.65,0,6160,0
FINNIFTY09APR2418900PE.NFO,2024-04-04,14:13:00,2024-04-09,0.65,0.65,0.65,0.65,200,6160,0
FINNIFTY09APR2418900PE.NFO,2024-04-04,14:14:00,2024-04-09,0.65,0.65,0.65,0.65,200,6160,1
FINNIFTY09APR2418900PE.NFO,2024-04-04,14:15:00,2024-04-09,0.65,0.65,0.65,0.65,200,6160,1
FINNIFTY09APR2418900PE.NFO,2024-04-04,14:16:00,2024-04-09,0.65,0.65,0.65,0.65,400,6240,0
FINNIFTY09APR2418900PE.NFO,2024-04-04,14:17:00,2024-04-09,0.65,0.65,0.65,0.65,80,6240,0
FINNIFTY09APR2418900PE.NFO,2024-04-04,14:18:00,2024-04-09,0.65,0.65,0.65,0.65,0,6240,0
FINNIFTY09APR2418900PE.NFO,2024-04-04,14:19:00,2024-04-09,0.65,0.65,0.65,0.65,0,6240,1
FINNIFTY09APR2418900PE.NFO,2024-04-04,14:20:00,2024-04-09,0.65,0.65,0.65,0.65,0,6240,1
FINNIFTY09APR2418900PE.NFO,2024-04-04,14:21:00,2024-04-09,0.65,0.65,0.65,0.65,0,6240,1
FINNIFTY09APR2418900PE.NFO,2024-04-04,14:22:00,2024-04-09,0.65,0.65,0.65,0.65,0,6240,1
FINNIFTY09APR2418900PE.NFO,2024-04-04,14:23:00,2024-04-09,0.65,0.65,0.65,0.65,0,6240,1
FINNIFTY09APR2418900PE.NFO,2024-04-04,14:24:00,2024-04-09,0.65,0.65,0.65,0.65,0,6240,1
FINNIFTY09APR2418900PE.NFO,2024-04-04,14:25:00,2024-04-09,0.65,0.65,0.6,0.6,600,6360,0
FINNIFTY09APR2418900PE.NFO,2024-04-04,14:26:00,2024-04-09,0.6,0.6,0.6,0.6,600,6360,1
FINNIFTY09APR2418900PE.NFO,2024-04-04,14:27:00,2024-04-09,0.65,0.65,0.65,0.65,200,6920,0
FINNIFTY09APR2418900PE.NFO,2024-04-04,14:28:00,2024-04-09,0.65,0.65,0.65,0.65,0,6920,0
FINNIFTY09APR2418900PE.NFO,2024-04-04,14:29:00,2024-04-09,0.65,0.65,0.65,0.65,200,6960,0
FINNIFTY09APR2418900PE.NFO,2024-04-04,14:30:00,2024-04-09,0.65,0.65,0.65,0.65,200,6960,1
FINNIFTY09APR2418900PE.NFO,2024-04-04,14:31:00,2024-04-09,0.65,0.65,0.65,0.65,200,6960,1
FINNIFTY09APR2418900PE.NFO,2024-04-04,14:32:00,2024-04-09,0.65,0.65,0.65,0.65,0,6960,0
FINNIFTY09APR2418900PE.NFO,2024-04-04,14:33:00,2024-04-09,0.65,0.65,0.65,0.65,320,6960,0
FINNIFTY09APR2418900PE.NFO,2024-04-04,14:34:00,2024-04-09,0.65,0.65,0.65,0.65,320,6960,1
FINNIFTY09APR2418900PE.NFO,2024-04-04,14:35:00,2024-04-09,0.65,0.65,0.65,0.65,320,6960,1
FINNIFTY09APR2418900PE.NFO,2024-04-04,14:36:00,2024-04-09,0.65,0.65,0.65,0.65,0,6640,0
FINNIFTY09APR2418900PE.NFO,2024-04-04,14:37:00,2024-04-09,0.65,0.65,0.65,0.65,200,6640,0
FINNIFTY09APR2418900PE.NFO,2024-04-04,14:38:00,2024-04-09,0.65,0.65,0.65,0.65,200,6640,1
FINNIFTY09APR2418900PE.NFO,2024-04-04,14:39:00,2024-04-09,0.65,0.65,0.65,0.65,400,6640,0
FINNIFTY09APR2418900PE.NFO,2024-04-04,14:40:00,2024-04-09,0.65,0.65,0.65,0.65,920,6480,0
FINNIFTY09APR2418900PE.NFO,2024-04-04,14:41:00,2024-04-09,0.65,0.7,0.65,0.7,560,6480,0
FINNIFTY09APR2418900PE.NFO,2024-04-04,14:42:00,2024-04-09,0.7,0.7,0.7,0.7,0,6480,0
FINNIFTY09APR2418900PE.NFO,2024-04-04,14:43:00,2024-04-09,0.7,0.7,0.7,0.7,0,6480,0
FINNIFTY09APR2418900PE.NFO,2024-04-04,14:44:00,2024-04-09,0.7,0.7,0.7,0.7,0,6480,0
FINNIFTY09APR2418900PE.NFO,2024-04-04,14:45:00,2024-04-09,0.7,0.7,0.7,0.7,0,6480,0
FINNIFTY09APR2418900PE.NFO,2024-04-04,14:46:00,2024-04-09,0.7,0.7,0.7,0.7,0,6480,0
FINNIFTY09APR2418900PE.NFO,2024-04-04,14:47:00,2024-04-09,0.7,0.7,0.7,0.7,0,6480,1
FINNIFTY09APR2418900PE.NFO,2024-04-04,14:48:00,2024-04-09,0.7,0.7,0.6,0.6,1480,6600,0
FINNIFTY09APR2418900PE.NFO,2024-04-04,14:49:00,2024-04-09,0.6,0.6,0.55,0.6,1920,9360,0
FINNIFTY09APR2418900PE.NFO,2024-04-04,14:50:00,2024-04-09,0.6,0.6,0.55,0.55,2040,9360,0
FINNIFTY09APR2418900PE.NFO,2024-04-04,14:51:00,2024-04-09,0.55,0.55,0.55,0.55,0,9360,0
FINNIFTY09APR2418900PE.NFO,2024-04-04,14:52:00,2024-04-09,0.55,0.6,0.55,0.6,80,10240,0
FINNIFTY09APR2418900PE.NFO,2024-04-04,14:53:00,2024-04-09,0.55,0.6,0.55,0.6,1720,10240,0
FINNIFTY09APR2418900PE.NFO,2024-04-04,14:54:00,2024-04-09,0.6,0.6,0.45,0.5,2960,10240,0
FINNIFTY09APR2418900PE.NFO,2024-04-04,14:55:00,2024-04-09,0.45,0.5,0.45,0.5,1480,10680,0
FINNIFTY09APR2418900PE.NFO,2024-04-04,14:56:00,2024-04-09,0.5,0.55,0.45,0.55,520,10680,0
FINNIFTY09APR2418900PE.NFO,2024-04-04,14:57:00,2024-04-09,0.55,0.55,0.4,0.4,1440,10680,0
FINNIFTY09APR2418900PE.NFO,2024-04-04,14:58:00,2024-04-09,0.4,0.45,0.4,0.4,600,10680,0
FINNIFTY09APR2418900PE.NFO,2024-04-04,14:59:00,2024-04-09,0.4,0.4,0.4,0.4,0,10680,0
FINNIFTY09APR2418900PE.NFO,2024-04-04,15:00:00,2024-04-09,0.4,0.45,0.4,0.45,1320,10120,0
FINNIFTY09APR2418900PE.NFO,2024-04-04,15:01:00,2024-04-09,0.45,0.45,0.4,0.4,600,9920,0
FINNIFTY09APR2418900PE.NFO,2024-04-04,15:02:00,2024-04-09,0.4,0.45,0.4,0.45,200,9920,0
FINNIFTY09APR2418900PE.NFO,2024-04-04,15:03:00,2024-04-09,0.45,0.45,0.4,0.45,640,9920,0
FINNIFTY09APR2418900PE.NFO,2024-04-04,15:04:00,2024-04-09,0.45,0.45,0.45,0.45,1360,9640,0
FINNIFTY09APR2418900PE.NFO,2024-04-04,15:05:00,2024-04-09,0.45,0.45,0.45,0.45,200,9640,0
FINNIFTY09APR2418900PE.NFO,2024-04-04,15:06:00,2024-04-09,0.45,0.45,0.45,0.45,200,9640,1
FINNIFTY09APR2418900PE.NFO,2024-04-04,15:07:00,2024-04-09,0.45,0.45,0.45,0.45,200,9640,0
FINNIFTY09APR2418900PE.NFO,2024-04-04,15:08:00,2024-04-09,0.45,0.45,0.45,0.45,0,9640,0
FINNIFTY09APR2418900PE.NFO,2024-04-04,15:09:00,2024-04-09,0.45,0.45,0.45,0.45,0,9640,1
FINNIFTY09APR2418900PE.NFO,2024-04-04,15:10:00,2024-04-09,0.45,0.45,0.4,0.45,240,9240,0
FINNIFTY09APR2418900PE.NFO,2024-04-04,15:11:00,2024-04-09,0.4,0.4,0.4,0.4,1080,9240,0
FINNIFTY09APR2418900PE.NFO,2024-04-04,15:12:00,2024-04-09,0.4,0.4,0.4,0.4,440,9240,0
FINNIFTY09APR2418900PE.NFO,2024-04-04,15:13:00,2024-04-09,0.35,0.4,0.35,0.35,640,9160,0
FINNIFTY09APR2418900PE.NFO,2024-04-04,15:14:00,2024-04-09,0.35,0.4,0.35,0.4,40,9160,0
FINNIFTY09APR2418900PE.NFO,2024-04-04,15:15:00,2024-04-09,0.35,0.35,0.35,0.35,1080,9160,0
FINNIFTY09APR2418900PE.NFO,2024-04-04,15:16:00,2024-04-09,0.35,0.35,0.35,0.35,280,9160,0
FINNIFTY09APR2418900PE.NFO,2024-04-04,15:17:00,2024-04-09,0.35,0.35,0.35,0.35,0,9160,0
FINNIFTY09APR2418900PE.NFO,2024-04-04,15:18:00,2024-04-09,0.35,0.35,0.35,0.35,0,9160,0
FINNIFTY09APR2418900PE.NFO,2024-04-04,15:19:00,2024-04-09,0.35,0.35,0.35,0.35,0,9160,0
FINNIFTY09APR2418900PE.NFO,2024-04-04,15:20:00,2024-04-09,0.35,0.35,0.35,0.35,560,9160,0
FINNIFTY09APR2418900PE.NFO,2024-04-04,15:21:00,2024-04-09,0.35,0.35,0.35,0.35,0,9160,0
FINNIFTY09APR2418900PE.NFO,2024-04-04,15:22:00,2024-04-09,0.35,0.4,0.35,0.4,1640,8680,0
FINNIFTY09APR2418900PE.NFO,2024-04-04,15:23:00,2024-04-09,0.4,0.4,0.4,0.4,1120,8680,0
FINNIFTY09APR2418900PE.NFO,2024-04-04,15:24:00,2024-04-09,0.4,0.4,0.4,0.4,1120,8680,1
FINNIFTY09APR2418900PE.NFO,2024-04-04,15:25:00,2024-04-09,0.4,0.4,0.4,0.4,0,8680,0
FINNIFTY09APR2418900PE.NFO,2024-04-04,15:26:00,2024-04-09,0.4,0.4,0.4,0.4,0,8680,0
FINNIFTY09APR2418900PE.NFO,2024-04-04,15:27:00,2024-04-09,0.4,0.4,0.4,0.4,0,8680,0
FINNIFTY09APR2418900PE.NFO,2024-04-04,15:28:00,2024-04-09,0.4,0.4,0.4,0.4,0,8680,0
FINNIFTY09APR2418900PE.NFO,2024-04-04,15:29:00,2024-04-09,0.4,0.4,0.35,0.35,320,7960,0
FINNIFTY09APR2418900PE.NFO,2024-04-04,15:30:00,2024-04-09,0.35,0.35,0.35,0.35,320,7960,1
FINNIFTY09APR2418900PE.NFO,2024-04-05,09:15:00,2024-04-09,0.45,0.5,0.45,0.5,480,7360,0
FINNIFTY09APR2418900PE.NFO,2024-04-05,09:16:00,2024-04-09,0.5,0.7,0.5,0.65,7200,7360,0
FINNIFTY09APR2418900PE.NFO,2024-04-05,09:17:00,2024-04-09,0.65,0.65,0.5,0.65,1680,7360,0
FINNIFTY09APR2418900PE.NFO,2024-04-05,09:18:00,2024-04-09,0.65,0.65,0.65,0.65,0,7360,0
FINNIFTY09APR2418900PE.NFO,2024-04-05,09:19:00,2024-04-09,0.6,0.6,0.6,0.6,320,11040,0
FINNIFTY09APR2418900PE.NFO,2024-04-05,09:20:00,2024-04-09,0.6,0.6,0.6,0.6,0,11040,0
FINNIFTY09APR2418900PE.NFO,2024-04-05,09:21:00,2024-04-09,0.6,0.6,0.6,0.6,0,11040,0
FINNIFTY09APR2418900PE.NFO,2024-04-05,09:22:00,2024-04-09,0.6,0.6,0.5,0.5,80,10720,0
FINNIFTY09APR2418900PE.NFO,2024-04-05,09:23:00,2024-04-09,0.5,0.5,0.5,0.5,0,10720,0
FINNIFTY09APR2418900PE.NFO,2024-04-05,09:24:00,2024-04-09,0.5,0.5,0.5,0.5,0,10720,0
FINNIFTY09APR2418900PE.NFO,2024-04-05,09:25:00,2024-04-09,0.5,0.5,0.5,0.5,0,10720,0
FINNIFTY09APR2418900PE.NFO,2024-04-05,09:26:00,2024-04-09,0.5,0.5,0.5,0.5,0,10720,0
FINNIFTY09APR2418900PE.NFO,2024-04-05,09:27:00,2024-04-09,0.5,0.5,0.5,0.5,0,10720,0
FINNIFTY09APR2418900PE.NFO,2024-04-05,09:28:00,2024-04-09,0.5,0.5,0.5,0.5,0,10720,0
FINNIFTY09APR2418900PE.NFO,2024-04-05,09:29:00,2024-04-09,0.5,0.5,0.5,0.5,0,10720,0
FINNIFTY09APR2418900PE.NFO,2024-04-05,09:30:00,2024-04-09,0.5,0.5,0.5,0.5,280,10640,0
FINNIFTY09APR2418900PE.NFO,2024-04-05,09:31:00,2024-04-09,0.5,0.6,0.5,0.6,80,10480,0
FINNIFTY09APR2418900PE.NFO,2024-04-05,09:32:00,2024-04-09,0.6,0.65,0.6,0.65,1960,10480,0
FINNIFTY09APR2418900PE.NFO,2024-04-05,09:33:00,2024-04-09,0.65,0.65,0.65,0.65,0,10480,0
FINNIFTY09APR2418900PE.NFO,2024-04-05,09:34:00,2024-04-09,0.65,0.65,0.65,0.65,0,10480,0
FINNIFTY09APR2418900PE.NFO,2024-04-05,09:35:00,2024-04-09,0.65,0.65,0.65,0.65,0,10480,0
FINNIFTY09APR2418900PE.NFO,2024-04-05,09:36:00,2024-04-09,0.65,0.65,0.65,0.65,0,10480,0
FINNIFTY09APR2418900PE.NFO,2024-04-05,09:37:00,2024-04-09,0.5,0.5,0.5,0.5,4320,9160,0
FINNIFTY09APR2418900PE.NFO,2024-04-05,09:38:00,2024-04-09,0.5,0.5,0.5,0.5,0,9160,0
FINNIFTY09APR2418900PE.NFO,2024-04-05,09:39:00,2024-04-09,0.5,0.5,0.5,0.5,40,9160,0
FINNIFTY09APR2418900PE.NFO,2024-04-05,09:40:00,2024-04-09,0.5,0.5,0.5,0.5,80,12120,0
FINNIFTY09APR2418900PE.NFO,2024-04-05,09:41:00,2024-04-09,0.5,0.5,0.5,0.5,0,12120,0
FINNIFTY09APR2418900PE.NFO,2024-04-05,09:42:00,2024-04-09,0.5,0.5,0.5,0.5,0,12120,0
FINNIFTY09APR2418900PE.NFO,2024-04-05,09:43:00,2024-04-09,0.5,0.5,0.5,0.5,0,12120,0
FINNIFTY09APR2418900PE.NFO,2024-04-05,09:44:00,2024-04-09,0.5,0.5,0.5,0.5,0,12120,0
FINNIFTY09APR2418900PE.NFO,2024-04-05,09:45:00,2024-04-09,0.5,0.5,0.5,0.5,0,12120,0
FINNIFTY09APR2418900PE.NFO,2024-04-05,09:46:00,2024-04-09,0.5,0.5,0.5,0.5,240,12200,0
FINNIFTY09APR2418900PE.NFO,2024-04-05,09:47:00,2024-04-09,0.5,0.5,0.5,0.5,0,12200,0
FINNIFTY09APR2418900PE.NFO,2024-04-05,09:48:00,2024-04-09,0.5,0.5,0.5,0.5,0,12200,0
FINNIFTY09APR2418900PE.NFO,2024-04-05,09:49:00,2024-04-09,0.5,0.5,0.5,0.5,0,12200,0
FINNIFTY09APR2418900PE.NFO,2024-04-05,09:50:00,2024-04-09,0.5,0.5,0.5,0.5,0,12200,0
FINNIFTY09APR2418900PE.NFO,2024-04-05,09:51:00,2024-04-09,0.5,0.5,0.5,0.5,0,12200,1
FINNIFTY09APR2418900PE.NFO,2024-04-05,09:52:00,2024-04-09,0.5,0.5,0.5,0.5,0,12200,0
FINNIFTY09APR2418900PE.NFO,2024-04-05,09:53:00,2024-04-09,0.5,0.5,0.5,0.5,0,12200,0
FINNIFTY09APR2418900PE.NFO,2024-04-05,09:54:00,2024-04-09,0.5,0.5,0.5,0.5,0,12200,0
FINNIFTY09APR2418900PE.NFO,2024-04-05,09:55:00,2024-04-09,0.5,0.5,0.5,0.5,0,12200,0
FINNIFTY09APR2418900PE.NFO,2024-04-05,09:56:00,2024-04-09,0.5,0.5,0.5,0.5,0,12200,1
FINNIFTY09APR2418900PE.NFO,2024-04-05,09:57:00,2024-04-09,0.5,0.5,0.45,0.45,200,12440,0
FINNIFTY09APR2418900PE.NFO,2024-04-05,09:58:00,2024-04-09,0.45,0.45,0.45,0.45,0,12440,0
FINNIFTY09APR2418900PE.NFO,2024-04-05,09:59:00,2024-04-09,0.45,0.45,0.45,0.45,0,12440,0
FINNIFTY09APR2418900PE.NFO,2024-04-05,10:00:00,2024-04-09,0.45,0.45,0.45,0.45,0,12440,0
FINNIFTY09APR2418900PE.NFO,2024-04-05,10:01:00,2024-04-09,0.45,0.45,0.45,0.45,0,12440,0
FINNIFTY09APR2418900PE.NFO,2024-04-05,10:02:00,2024-04-09,0.45,0.45,0.45,0.45,0,12440,0
FINNIFTY09APR2418900PE.NFO,2024-04-05,10:03:00,2024-04-09,0.5,0.5,0.5,0.5,200,12440,0
FINNIFTY09APR2418900PE.NFO,2024-04-05,10:04:00,2024-04-09,0.5,0.5,0.5,0.5,1000,12440,0
FINNIFTY09APR2418900PE.NFO,2024-04-05,10:05:00,2024-04-09,0.5,0.5,0.5,0.5,0,12440,0
FINNIFTY09APR2418900PE.NFO,2024-04-05,10:06:00,2024-04-09,0.5,0.5,0.5,0.5,0,12440,0
FINNIFTY09APR2418900PE.NFO,2024-04-05,10:07:00,2024-04-09,0.5,0.5,0.5,0.5,320,12040,0
FINNIFTY09APR2418900PE.NFO,2024-04-05,10:08:00,2024-04-09,0.5,0.5,0.5,0.5,0,12040,0
FINNIFTY09APR2418900PE.NFO,2024-04-05,10:09:00,2024-04-09,0.5,0.5,0.5,0.5,0,12040,0
FINNIFTY09APR2418900PE.NFO,2024-04-05,10:10:00,2024-04-09,0.5,0.5,0.5,0.5,0,12040,0
FINNIFTY09APR2418900PE.NFO,2024-04-05,10:11:00,2024-04-09,0.55,0.55,0.55,0.55,3480,11720,0
FINNIFTY09APR2418900PE.NFO,2024-04-05,10:12:00,2024-04-09,0.55,0.6,0.55,0.6,3880,11720,0
FINNIFTY09APR2418900PE.NFO,2024-04-05,10:13:00,2024-04-09,0.6,0.6,0.6,0.6,0,11720,0
FINNIFTY09APR2418900PE.NFO,2024-04-05,10:14:00,2024-04-09,0.6,0.6,0.45,0.45,2960,12600,0
FINNIFTY09APR2418900PE.NFO,2024-04-05,10:15:00,2024-04-09,0.45,0.45,0.45,0.45,0,12600,0
FINNIFTY09APR2418900PE.NFO,2024-04-05,10:16:00,2024-04-09,0.45,0.45,0.45,0.45,40,10920,0
FINNIFTY09APR2418900PE.NFO,2024-04-05,10:17:00,2024-04-09,0.45,0.45,0.45,0.45,760,10920,0
FINNIFTY09APR2418900PE.NFO,2024-04-05,10:18:00,2024-04-09,0.45,0.45,0.45,0.45,760,10920,1
FINNIFTY09APR2418900PE.NFO,2024-04-05,10:19:00,2024-04-09,0.45,0.45,0.45,0.45,760,10920,1
FINNIFTY09APR2418900PE.NFO,2024-04-05,10:20:00,2024-04-09,0.45,0.45,0.45,0.45,600,10440,0
FINNIFTY09APR2418900PE.NFO,2024-04-05,10:21:00,2024-04-09,0.5,0.5,0.5,0.5,600,10440,0
FINNIFTY09APR2418900PE.NFO,2024-04-05,10:22:00,2024-04-09,0.5,0.5,0.5,0.5,0,10440,0
FINNIFTY09APR2418900PE.NFO,2024-04-05,10:23:00,2024-04-09,0.5,0.5,0.5,0.5,0,10440,0
FINNIFTY09APR2418900PE.NFO,2024-04-05,10:24:00,2024-04-09,0.5,0.5,0.5,0.5,0,10440,1
FINNIFTY09APR2418900PE.NFO,2024-04-05,10:25:00,2024-04-09,0.55,0.55,0.55,0.55,200,10040,0
FINNIFTY09APR2418900PE.NFO,2024-04-05,10:26:00,2024-04-09,0.55,0.55,0.55,0.55,200,10040,1
FINNIFTY09APR2418900PE.NFO,2024-04-05,10:27:00,2024-04-09,0.55,0.55,0.55,0.55,200,10040,1
FINNIFTY09APR2418900PE.NFO,2024-04-05,10:28:00,2024-04-09,0.55,0.55,0.55,0.55,200,10040,1
FINNIFTY09APR2418900PE.NFO,2024-04-05,10:29:00,2024-04-09,0.45,0.45,0.45,0.45,40,10240,0
FINNIFTY09APR2418900PE.NFO,2024-04-05,10:30:00,2024-04-09,0.45,0.45,0.45,0.45,0,10240,0
FINNIFTY09APR2418900PE.NFO,2024-04-05,10:31:00,2024-04-09,0.45,0.45,0.45,0.45,0,10240,0
FINNIFTY09APR2418900PE.NFO,2024-04-05,10:32:00,2024-04-09,0.45,0.45,0.45,0.45,0,10240,0
FINNIFTY09APR2418900PE.NFO,2024-04-05,10:33:00,2024-04-09,0.45,0.45,0.45,0.45,0,10240,0
FINNIFTY09APR2418900PE.NFO,2024-04-05,10:34:00,2024-04-09,0.45,0.45,0.45,0.45,40,10200,0
FINNIFTY09APR2418900PE.NFO,2024-04-05,10:35:00,2024-04-09,0.45,0.45,0.45,0.45,40,10200,1
FINNIFTY09APR2418900PE.NFO,2024-04-05,10:36:00,2024-04-09,0.45,0.45,0.45,0.45,0,10200,0
FINNIFTY09APR2418900PE.NFO,2024-04-05,10:37:00,2024-04-09,0.45,0.45,0.45,0.45,0,10200,0
FINNIFTY09APR2418900PE.NFO,2024-04-05,10:38:00,2024-04-09,0.45,0.45,0.45,0.45,80,10160,0
FINNIFTY09APR2418900PE.NFO,2024-04-05,10:39:00,2024-04-09,0.45,0.45,0.45,0.45,80,10160,1
FINNIFTY09APR2418900PE.NFO,2024-04-05,10:40:00,2024-04-09,0.45,0.45,0.45,0.45,0,10160,0
FINNIFTY09APR2418900PE.NFO,2024-04-05,10:41:00,2024-04-09,0.45,0.45,0.45,0.45,0,10160,1
FINNIFTY09APR2418900PE.NFO,2024-04-05,10:42:00,2024-04-09,0.45,0.45,0.45,0.45,0,10160,1
FINNIFTY09APR2418900PE.NFO,2024-04-05,10:43:00,2024-04-09,0.45,0.45,0.45,0.45,0,10160,1
FINNIFTY09APR2418900PE.NFO,2024-04-05,10:44:00,2024-04-09,0.45,0.45,0.45,0.45,0,10160,1
FINNIFTY09APR2418900PE.NFO,2024-04-05,10:45:00,2024-04-09,0.45,0.45,0.45,0.45,0,10160,0
FINNIFTY09APR2418900PE.NFO,2024-04-05,10:46:00,2024-04-09,0.45,0.45,0.45,0.45,0,10160,0
FINNIFTY09APR2418900PE.NFO,2024-04-05,10:47:00,2024-04-09,0.45,0.45,0.45,0.45,0,10160,1
FINNIFTY09APR2418900PE.NFO,2024-04-05,10:48:00,2024-04-09,0.45,0.45,0.45,0.45,0,10160,1
FINNIFTY09APR2418900PE.NFO,2024-04-05,10:49:00,2024-04-09,0.55,0.55,0.55,0.55,80,10080,0
FINNIFTY09APR2418900PE.NFO,2024-04-05,10:50:00,2024-04-09,0.55,0.55,0.55,0.55,0,10080,0
FINNIFTY09APR2418900PE.NFO,2024-04-05,10:51:00,2024-04-09,0.55,0.55,0.55,0.55,0,10080,0
FINNIFTY09APR2418900PE.NFO,2024-04-05,10:52:00,2024-04-09,0.45,0.45,0.45,0.45,40,10160,0
FINNIFTY09APR2418900PE.NFO,2024-04-05,10:53:00,2024-04-09,0.45,0.45,0.45,0.45,0,10160,0
FINNIFTY09APR2418900PE.NFO,2024-04-05,10:54:00,2024-04-09,0.45,0.45,0.45,0.45,0,10160,0
FINNIFTY09APR2418900PE.NFO,2024-04-05,10:55:00,2024-04-09,0.45,0.45,0.45,0.45,0,10160,1
FINNIFTY09APR2418900PE.NFO,2024-04-05,10:56:00,2024-04-09,0.45,0.45,0.45,0.45,0,10160,0
FINNIFTY09APR2418900PE.NFO,2024-04-05,10:57:00,2024-04-09,0.45,0.45,0.45,0.45,80,10120,0
FINNIFTY09APR2418900PE.NFO,2024-04-05,10:58:00,2024-04-09,0.45,0.45,0.45,0.45,0,10120,0
FINNIFTY09APR2418900PE.NFO,2024-04-05,10:59:00,2024-04-09,0.45,0.45,0.45,0.45,0,10120,0
FINNIFTY09APR2418900PE.NFO,2024-04-05,11:00:00,2024-04-09,0.45,0.45,0.45,0.45,80,10000,0
FINNIFTY09APR2418900PE.NFO,2024-04-05,11:01:00,2024-04-09,0.45,0.45,0.45,0.45,80,10000,1
FINNIFTY09APR2418900PE.NFO,2024-04-05,11:02:00,2024-04-09,0.45,0.45,0.45,0.45,80,10000,1
FINNIFTY09APR2418900PE.NFO,2024-04-05,11:03:00,2024-04-09,0.45,0.45,0.45,0.45,80,10000,1
FINNIFTY09APR2418900PE.NFO,2024-04-05,11:04:00,2024-04-09,0.45,0.45,0.45,0.45,0,10000,0
FINNIFTY09APR2418900PE.NFO,2024-04-05,11:05:00,2024-04-09,0.45,0.45,0.45,0.45,0,10000,0
FINNIFTY09APR2418900PE.NFO,2024-04-05,11:06:00,2024-04-09,0.45,0.45,0.45,0.45,200,10000,0
FINNIFTY09APR2418900PE.NFO,2024-04-05,11:07:00,2024-04-09,0.45,0.45,0.45,0.45,200,10000,1
FINNIFTY09APR2418900PE.NFO,2024-04-05,11:08:00,2024-04-09,0.45,0.45,0.45,0.45,200,10000,1
FINNIFTY09APR2418900PE.NFO,2024-04-05,11:09:00,2024-04-09,0.45,0.45,0.45,0.45,240,10000,0
FINNIFTY09APR2418900PE.NFO,2024-04-05,11:10:00,2024-04-09,0.45,0.45,0.45,0.45,40,9760,0
FINNIFTY09APR2418900PE.NFO,2024-04-05,11:11:00,2024-04-09,0.45,0.45,0.45,0.45,40,9760,1
FINNIFTY09APR2418900PE.NFO,2024-04-05,11:12:00,2024-04-09,0.45,0.45,0.45,0.45,40,9760,1
FINNIFTY09APR2418900PE.NFO,2024-04-05,11:13:00,2024-04-09,0.45,0.45,0.45,0.45,40,9760,1
FINNIFTY09APR2418900PE.NFO,2024-04-05,11:14:00,2024-04-09,0.45,0.45,0.45,0.45,40,9760,1
FINNIFTY09APR2418900PE.NFO,2024-04-05,11:15:00,2024-04-09,0.45,0.45,0.45,0.45,0,9760,0
FINNIFTY09APR2418900PE.NFO,2024-04-05,11:16:00,2024-04-09,0.45,0.45,0.45,0.45,0,9760,1
FINNIFTY09APR2418900PE.NFO,2024-04-05,11:17:00,2024-04-09,0.45,0.45,0.45,0.45,0,9760,1
FINNIFTY09APR2418900PE.NFO,2024-04-05,11:18:00,2024-04-09,0.45,0.45,0.45,0.45,0,9760,0
FINNIFTY09APR2418900PE.NFO,2024-04-05,11:19:00,2024-04-09,0.45,0.45,0.45,0.45,80,9760,0
FINNIFTY09APR2418900PE.NFO,2024-04-05,11:20:00,2024-04-09,0.45,0.45,0.45,0.45,560,9760,0
FINNIFTY09APR2418900PE.NFO,2024-04-05,11:21:00,2024-04-09,0.45,0.45,0.45,0.45,40,9760,0
FINNIFTY09APR2418900PE.NFO,2024-04-05,11:22:00,2024-04-09,0.45,0.45,0.45,0.45,0,9760,0
FINNIFTY09APR2418900PE.NFO,2024-04-05,11:23:00,2024-04-09,0.45,0.45,0.45,0.45,0,9760,0
FINNIFTY09APR2418900PE.NFO,2024-04-05,11:24:00,2024-04-09,0.45,0.45,0.45,0.45,0,9760,0
FINNIFTY09APR2418900PE.NFO,2024-04-05,11:25:00,2024-04-09,0.45,0.45,0.45,0.45,0,9760,0
FINNIFTY09APR2418900PE.NFO,2024-04-05,11:26:00,2024-04-09,0.45,0.45,0.45,0.45,240,9280,0
FINNIFTY09APR2418900PE.NFO,2024-04-05,11:27:00,2024-04-09,0.45,0.45,0.45,0.45,40,9280,0
FINNIFTY09APR2418900PE.NFO,2024-04-05,11:28:00,2024-04-09,0.45,0.45,0.45,0.45,1720,9120,0
FINNIFTY09APR2418900PE.NFO,2024-04-05,11:29:00,2024-04-09,0.45,0.45,0.45,0.45,1720,9120,1
FINNIFTY09APR2418900PE.NFO,2024-04-05,11:30:00,2024-04-09,0.45,0.45,0.45,0.45,0,9120,0
FINNIFTY09APR2418900PE.NFO,2024-04-05,11:31:00,2024-04-09,0.45,0.45,0.45,0.45,0,9120,0
FINNIFTY09APR2418900PE.NFO,2024-04-05,11:32:00,2024-04-09,0.45,0.45,0.45,0.45,0,9120,0
FINNIFTY09APR2418900PE.NFO,2024-04-05,11:33:00,2024-04-09,0.45,0.45,0.45,0.45,0,9120,0
FINNIFTY09APR2418900PE.NFO,2024-04-05,11:34:00,2024-04-09,0.45,0.45,0.45,0.45,0,9120,1
FINNIFTY09APR2418900PE.NFO,2024-04-05,11:35:00,2024-04-09,0.45,0.45,0.45,0.45,0,9120,1
FINNIFTY09APR2418900PE.NFO,2024-04-05,11:36:00,2024-04-09,0.45,0.45,0.45,0.45,0,9120,0
FINNIFTY09APR2418900PE.NFO,2024-04-05,11:37:00,2024-04-09,0.45,0.45,0.45,0.45,0,9120,0
FINNIFTY09APR2418900PE.NFO,2024-04-05,11:38:00,2024-04-09,0.45,0.45,0.45,0.45,0,9120,0
FINNIFTY09APR2418900PE.NFO,2024-04-05,11:39:00,2024-04-09,0.45,0.45,0.45,0.45,0,9120,0
FINNIFTY09APR2418900PE.NFO,2024-04-05,11:40:00,2024-04-09,0.45,0.45,0.45,0.45,0,9120,1
FINNIFTY09APR2418900PE.NFO,2024-04-05,11:41:00,2024-04-09,0.45,0.45,0.45,0.45,0,9120,1
FINNIFTY09APR2418900PE.NFO,2024-04-05,11:42:00,2024-04-09,0.45,0.45,0.45,0.45,0,9120,0
FINNIFTY09APR2418900PE.NFO,2024-04-05,11:43:00,2024-04-09,0.45,0.45,0.45,0.45,0,9120,1
FINNIFTY09APR2418900PE.NFO,2024-04-05,11:44:00,2024-04-09,0.45,0.45,0.45,0.45,0,9120,0
FINNIFTY09APR2418900PE.NFO,2024-04-05,11:45:00,2024-04-09,0.45,0.45,0.45,0.45,0,9120,0
FINNIFTY09APR2418900PE.NFO,2024-04-05,11:46:00,2024-04-09,0.45,0.45,0.45,0.45,0,9120,1
FINNIFTY09APR2418900PE.NFO,2024-04-05,11:47:00,2024-04-09,0.45,0.45,0.45,0.45,40,10240,0
FINNIFTY09APR2418900PE.NFO,2024-04-05,11:48:00,2024-04-09,0.45,0.45,0.45,0.45,0,10240,0
FINNIFTY09APR2418900PE.NFO,2024-04-05,11:49:00,2024-04-09,0.4,0.4,0.4,0.4,3760,10240,0
FINNIFTY09APR2418900PE.NFO,2024-04-05,11:50:00,2024-04-09,0.35,0.35,0.35,0.35,800,10240,0
FINNIFTY09APR2418900PE.NFO,2024-04-05,11:51:00,2024-04-09,0.35,0.35,0.35,0.35,0,10240,0
FINNIFTY09APR2418900PE.NFO,2024-04-05,11:52:00,2024-04-09,0.35,0.35,0.35,0.35,0,10240,0
FINNIFTY09APR2418900PE.NFO,2024-04-05,11:53:00,2024-04-09,0.35,0.35,0.35,0.35,0,10240,0
FINNIFTY09APR2418900PE.NFO,2024-04-05,11:54:00,2024-04-09,0.35,0.35,0.35,0.35,0,10240,0
FINNIFTY09APR2418900PE.NFO,2024-04-05,11:55:00,2024-04-09,0.35,0.35,0.35,0.35,0,10240,0
FINNIFTY09APR2418900PE.NFO,2024-04-05,11:56:00,2024-04-09,0.35,0.4,0.35,0.4,200,10800,0
FINNIFTY09APR2418900PE.NFO,2024-04-05,11:57:00,2024-04-09,0.4,0.4,0.4,0.4,0,10800,0
FINNIFTY09APR2418900PE.NFO,2024-04-05,11:58:00,2024-04-09,0.4,0.4,0.4,0.4,0,10800,1
FINNIFTY09APR2418900PE.NFO,2024-04-05,11:59:00,2024-04-09,0.4,0.4,0.4,0.4,0,10800,0
FINNIFTY09APR2418900PE.NFO,2024-04-05,12:00:00,2024-04-09,0.4,0.4,0.4,0.4,0,10800,0
FINNIFTY09APR2418900PE.NFO,2024-04-05,12:01:00,2024-04-09,0.4,0.4,0.4,0.4,0,10800,0
FINNIFTY09APR2418900PE.NFO,2024-04-05,12:02:00,2024-04-09,0.4,0.4,0.4,0.4,0,10800,0
FINNIFTY09APR2418900PE.NFO,2024-04-05,12:03:00,2024-04-09,0.4,0.4,0.4,0.4,0,10800,0
FINNIFTY09APR2418900PE.NFO,2024-04-05,12:04:00,2024-04-09,0.4,0.4,0.4,0.4,0,10800,0
FINNIFTY09APR2418900PE.NFO,2024-04-05,12:05:00,2024-04-09,0.4,0.4,0.4,0.4,0,10800,0
FINNIFTY09APR2418900PE.NFO,2024-04-05,12:06:00,2024-04-09,0.4,0.4,0.4,0.4,0,10800,0
FINNIFTY09APR2418900PE.NFO,2024-04-05,12:07:00,2024-04-09,0.4,0.4,0.4,0.4,0,10800,0
FINNIFTY09APR2418900PE.NFO,2024-04-05,12:08:00,2024-04-09,0.4,0.4,0.4,0.4,0,10800,0
FINNIFTY09APR2418900PE.NFO,2024-04-05,12:09:00,2024-04-09,0.4,0.4,0.4,0.4,0,10800,0
FINNIFTY09APR2418900PE.NFO,2024-04-05,12:10:00,2024-04-09,0.4,0.4,0.4,0.4,0,10800,0
FINNIFTY09APR2418900PE.NFO,2024-04-05,12:11:00,2024-04-09,0.4,0.4,0.4,0.4,0,10800,0
FINNIFTY09APR2418900PE.NFO,2024-04-05,12:12:00,2024-04-09,0.4,0.4,0.4,0.4,0,10800,0
FINNIFTY09APR2418900PE.NFO,2024-04-05,12:13:00,2024-04-09,0.4,0.4,0.4,0.4,0,10800,0
FINNIFTY09APR2418900PE.NFO,2024-04-05,12:14:00,2024-04-09,0.4,0.4,0.4,0.4,400,10800,0
FINNIFTY09APR2418900PE.NFO,2024-04-05,12:15:00,2024-04-09,0.4,0.4,0.4,0.4,400,10800,1
FINNIFTY09APR2418900PE.NFO,2024-04-05,12:16:00,2024-04-09,0.4,0.4,0.4,0.4,400,10800,1
FINNIFTY09APR2418900PE.NFO,2024-04-05,12:17:00,2024-04-09,0.4,0.4,0.4,0.4,400,10800,1
FINNIFTY09APR2418900PE.NFO,2024-04-05,12:18:00,2024-04-09,0.4,0.4,0.4,0.4,400,10800,1
FINNIFTY09APR2418900PE.NFO,2024-04-05,12:19:00,2024-04-09,0.4,0.4,0.4,0.4,400,10800,1
FINNIFTY09APR2418900PE.NFO,2024-04-05,12:20:00,2024-04-09,0.4,0.4,0.4,0.4,400,10800,1
FINNIFTY09APR2418900PE.NFO,2024-04-05,12:21:00,2024-04-09,0.4,0.4,0.4,0.4,400,10800,1
FINNIFTY09APR2418900PE.NFO,2024-04-05,12:22:00,2024-04-09,0.4,0.4,0.4,0.4,400,10800,1
FINNIFTY09APR2418900PE.NFO,2024-04-05,12:23:00,2024-04-09,0.4,0.4,0.4,0.4,400,10800,1
FINNIFTY09APR2418900PE.NFO,2024-04-05,12:24:00,2024-04-09,0.4,0.4,0.4,0.4,400,10800,1
FINNIFTY09APR2418900PE.NFO,2024-04-05,12:25:00,2024-04-09,0.4,0.4,0.4,0.4,400,10800,1
FINNIFTY09APR2418900PE.NFO,2024-04-05,12:26:00,2024-04-09,0.4,0.4,0.4,0.4,400,10800,1
FINNIFTY09APR2418900PE.NFO,2024-04-05,12:27:00,2024-04-09,0.4,0.4,0.4,0.4,400,10800,1
FINNIFTY09APR2418900PE.NFO,2024-04-05,12:28:00,2024-04-09,0.4,0.4,0.4,0.4,400,10800,1
FINNIFTY09APR2418900PE.NFO,2024-04-05,12:29:00,2024-04-09,0.4,0.4,0.4,0.4,0,10800,0
FINNIFTY09APR2418900PE.NFO,2024-04-05,12:30:00,2024-04-09,0.4,0.4,0.4,0.4,0,10800,0
FINNIFTY09APR2418900PE.NFO,2024-04-05,12:31:00,2024-04-09,0.4,0.4,0.4,0.4,0,10800,1
FINNIFTY09APR2418900PE.NFO,2024-04-05,12:32:00,2024-04-09,0.4,0.4,0.4,0.4,0,10800,1
FINNIFTY09APR2418900PE.NFO,2024-04-05,12:33:00,2024-04-09,0.4,0.4,0.4,0.4,0,10800,1
FINNIFTY09APR2418900PE.NFO,2024-04-05,12:34:00,2024-04-09,0.4,0.4,0.4,0.4,80,10800,0
FINNIFTY09APR2418900PE.NFO,2024-04-05,12:35:00,2024-04-09,0.4,0.4,0.4,0.4,80,10800,1
FINNIFTY09APR2418900PE.NFO,2024-04-05,12:36:00,2024-04-09,0.4,0.4,0.4,0.4,80,10800,1
FINNIFTY09APR2418900PE.NFO,2024-04-05,12:37:00,2024-04-09,0.4,0.4,0.4,0.4,80,10800,1
FINNIFTY09APR2418900PE.NFO,2024-04-05,12:38:00,2024-04-09,0.4,0.4,0.4,0.4,80,10800,1
FINNIFTY09APR2418900PE.NFO,2024-04-05,12:39:00,2024-04-09,0.4,0.4,0.4,0.4,80,10800,1
FINNIFTY09APR2418900PE.NFO,2024-04-05,12:40:00,2024-04-09,0.4,0.4,0.4,0.4,80,10800,1
FINNIFTY09APR2418900PE.NFO,2024-04-05,12:41:00,2024-04-09,0.4,0.4,0.4,0.4,0,10800,0
FINNIFTY09APR2418900PE.NFO,2024-04-05,12:42:00,2024-04-09,0.4,0.4,0.4,0.4,200,10800,0
FINNIFTY09APR2418900PE.NFO,2024-04-05,12:43:00,2024-04-09,0.4,0.4,0.4,0.4,200,10800,1
FINNIFTY09APR2418900PE.NFO,2024-04-05,12:44:00,2024-04-09,0.4,0.4,0.4,0.4,200,10800,1
FINNIFTY09APR2418900PE.NFO,2024-04-05,12:45:00,2024-04-09,0.4,0.4,0.4,0.4,0,10800,0
FINNIFTY09APR2418900PE.NFO,2024-04-05,12:46:00,2024-04-09,0.4,0.4,0.4,0.4,40,10800,0
FINNIFTY09APR2418900PE.NFO,2024-04-05,12:47:00,2024-04-09,0.4,0.4,0.4,0.4,40,10800,1
FINNIFTY09APR2418900PE.NFO,2024-04-05,12:48:00,2024-04-09,0.35,0.35,0.35,0.35,40,10800,0
FINNIFTY09APR2418900PE.NFO,2024-04-05,12:49:00,2024-04-09,0.35,0.35,0.35,0.35,0,10800,0
FINNIFTY09APR2418900PE.NFO,2024-04-05,12:50:00,2024-04-09,0.35,0.35,0.35,0.35,0,10800,1
FINNIFTY09APR2418900PE.NFO,2024-04-05,12:51:00,2024-04-09,0.35,0.35,0.35,0.35,0,10800,1
FINNIFTY09APR2418900PE.NFO,2024-04-05,12:52:00,2024-04-09,0.35,0.35,0.35,0.35,0,10800,1
FINNIFTY09APR2418900PE.NFO,2024-04-05,12:53:00,2024-04-09,0.35,0.35,0.35,0.35,0,10800,1
FINNIFTY09APR2418900PE.NFO,2024-04-05,12:54:00,2024-04-09,0.35,0.35,0.35,0.35,0,10800,1
FINNIFTY09APR2418900PE.NFO,2024-04-05,12:55:00,2024-04-09,0.35,0.35,0.35,0.35,0,10800,0
FINNIFTY09APR2418900PE.NFO,2024-04-05,12:56:00,2024-04-09,0.35,0.35,0.35,0.35,0,10800,1
FINNIFTY09APR2418900PE.NFO,2024-04-05,12:57:00,2024-04-09,0.35,0.35,0.35,0.35,0,10800,1
FINNIFTY09APR2418900PE.NFO,2024-04-05,12:58:00,2024-04-09,0.35,0.35,0.35,0.35,0,10800,1
FINNIFTY09APR2418900PE.NFO,2024-04-05,12:59:00,2024-04-09,0.35,0.35,0.35,0.35,0,10800,0
FINNIFTY09APR2418900PE.NFO,2024-04-05,13:00:00,2024-04-09,0.35,0.35,0.35,0.35,0,10800,1
FINNIFTY09APR2418900PE.NFO,2024-04-05,13:01:00,2024-04-09,0.35,0.35,0.35,0.35,0,10800,1
FINNIFTY09APR2418900PE.NFO,2024-04-05,13:02:00,2024-04-09,0.35,0.35,0.35,0.35,0,10800,1
FINNIFTY09APR2418900PE.NFO,2024-04-05,13:03:00,2024-04-09,0.35,0.35,0.35,0.35,0,10800,0
FINNIFTY09APR2418900PE.NFO,2024-04-05,13:04:00,2024-04-09,0.35,0.35,0.35,0.35,0,10800,0
FINNIFTY09APR2418900PE.NFO,2024-04-05,13:05:00,2024-04-09,0.35,0.35,0.35,0.35,80,10800,0
FINNIFTY09APR2418900PE.NFO,2024-04-05,13:06:00,2024-04-09,0.35,0.35,0.35,0.35,0,10800,0
FINNIFTY09APR2418900PE.NFO,2024-04-05,13:07:00,2024-04-09,0.35,0.35,0.35,0.35,0,10800,0
FINNIFTY09APR2418900PE.NFO,2024-04-05,13:08:00,2024-04-09,0.35,0.35,0.35,0.35,0,10800,1
FINNIFTY09APR2418900PE.NFO,2024-04-05,13:09:00,2024-04-09,0.35,0.35,0.35,0.35,0,10800,1
FINNIFTY09APR2418900PE.NFO,2024-04-05,13:10:00,2024-04-09,0.35,0.4,0.35,0.4,320,10800,0
FINNIFTY09APR2418900PE.NFO,2024-04-05,13:11:00,2024-04-09,0.4,0.4,0.4,0.4,40,10800,0
FINNIFTY09APR2418900PE.NFO,2024-04-05,13:12:00,2024-04-09,0.4,0.4,0.4,0.4,40,10800,1
FINNIFTY09APR2418900PE.NFO,2024-04-05,13:13:00,2024-04-09,0.4,0.4,0.4,0.4,40,10800,1
FINNIFTY09APR2418900PE.NFO,2024-04-05,13:14:00,2024-04-09,0.4,0.4,0.4,0.4,40,10800,1
FINNIFTY09APR2418900PE.NFO,2024-04-05,13:15:00,2024-04-09,0.4,0.4,0.4,0.4,40,10800,1
FINNIFTY09APR2418900PE.NFO,2024-04-05,13:16:00,2024-04-09,0.4,0.4,0.4,0.4,0,10800,0
FINNIFTY09APR2418900PE.NFO,2024-04-05,13:17:00,2024-04-09,0.4,0.4,0.4,0.4,0,10800,1
FINNIFTY09APR2418900PE.NFO,2024-04-05,13:18:00,2024-04-09,0.4,0.4,0.4,0.4,0,10800,0
FINNIFTY09APR2418900PE.NFO,2024-04-05,13:19:00,2024-04-09,0.4,0.4,0.4,0.4,0,10800,1
FINNIFTY09APR2418900PE.NFO,2024-04-05,13:20:00,2024-04-09,0.4,0.4,0.4,0.4,0,10800,1
FINNIFTY09APR2418900PE.NFO,2024-04-05,13:21:00,2024-04-09,0.4,0.4,0.4,0.4,0,10800,1
FINNIFTY09APR2418900PE.NFO,2024-04-05,13:22:00,2024-04-09,0.4,0.4,0.4,0.4,0,10800,1
FINNIFTY09APR2418900PE.NFO,2024-04-05,13:23:00,2024-04-09,0.4,0.4,0.4,0.4,0,10800,1
FINNIFTY09APR2418900PE.NFO,2024-04-05,13:24:00,2024-04-09,0.4,0.4,0.4,0.4,0,10800,1
FINNIFTY09APR2418900PE.NFO,2024-04-05,13:25:00,2024-04-09,0.4,0.4,0.4,0.4,0,10800,1
FINNIFTY09APR2418900PE.NFO,2024-04-05,13:26:00,2024-04-09,0.4,0.4,0.4,0.4,0,10800,1
FINNIFTY09APR2418900PE.NFO,2024-04-05,13:27:00,2024-04-09,0.4,0.4,0.4,0.4,0,10800,1
FINNIFTY09APR2418900PE.NFO,2024-04-05,13:28:00,2024-04-09,0.4,0.4,0.4,0.4,0,10800,1
FINNIFTY09APR2418900PE.NFO,2024-04-05,13:29:00,2024-04-09,0.4,0.4,0.4,0.4,40,10640,0
FINNIFTY09APR2418900PE.NFO,2024-04-05,13:30:00,2024-04-09,0.4,0.4,0.4,0.4,40,10640,1
FINNIFTY09APR2418900PE.NFO,2024-04-05,13:31:00,2024-04-09,0.4,0.4,0.4,0.4,40,10640,1
FINNIFTY09APR2418900PE.NFO,2024-04-05,13:32:00,2024-04-09,0.4,0.4,0.4,0.4,40,10640,1
FINNIFTY09APR2418900PE.NFO,2024-04-05,13:33:00,2024-04-09,0.4,0.4,0.4,0.4,40,10640,1
FINNIFTY09APR2418900PE.NFO,2024-04-05,13:34:00,2024-04-09,0.4,0.4,0.4,0.4,40,10640,1
FINNIFTY09APR2418900PE.NFO,2024-04-05,13:35:00,2024-04-09,0.4,0.4,0.4,0.4,40,10640,1
FINNIFTY09APR2418900PE.NFO,2024-04-05,13:36:00,2024-04-09,0.4,0.4,0.4,0.4,40,10640,1
FINNIFTY09APR2418900PE.NFO,2024-04-05,13:37:00,2024-04-09,0.4,0.4,0.4,0.4,40,10640,1
FINNIFTY09APR2418900PE.NFO,2024-04-05,13:38:00,2024-04-09,0.4,0.4,0.4,0.4,40,10640,1
FINNIFTY09APR2418900PE.NFO,2024-04-05,13:39:00,2024-04-09,0.4,0.4,0.4,0.4,40,10640,1
FINNIFTY09APR2418900PE.NFO,2024-04-05,13:40:00,2024-04-09,0.4,0.4,0.4,0.4,40,10640,1
FINNIFTY09APR2418900PE.NFO,2024-04-05,13:41:00,2024-04-09,0.4,0.4,0.4,0.4,40,10640,1
FINNIFTY09APR2418900PE.NFO,2024-04-05,13:42:00,2024-04-09,0.4,0.4,0.4,0.4,40,10640,1
FINNIFTY09APR2418900PE.NFO,2024-04-05,13:43:00,2024-04-09,0.4,0.4,0.4,0.4,40,10640,1
FINNIFTY09APR2418900PE.NFO,2024-04-05,13:44:00,2024-04-09,0.4,0.4,0.4,0.4,40,10640,1
FINNIFTY09APR2418900PE.NFO,2024-04-05,13:45:00,2024-04-09,0.4,0.4,0.4,0.4,40,10640,1
FINNIFTY09APR2418900PE.NFO,2024-04-05,13:46:00,2024-04-09,0.4,0.4,0.4,0.4,40,10640,1
FINNIFTY09APR2418900PE.NFO,2024-04-05,13:47:00,2024-04-09,0.4,0.4,0.4,0.4,40,10640,1
FINNIFTY09APR2418900PE.NFO,2024-04-05,13:48:00,2024-04-09,0.4,0.4,0.4,0.4,40,10640,0
FINNIFTY09APR2418900PE.NFO,2024-04-05,13:49:00,2024-04-09,0.4,0.4,0.4,0.4,0,10640,0
FINNIFTY09APR2418900PE.NFO,2024-04-05,13:50:00,2024-04-09,0.4,0.4,0.4,0.4,0,10640,1
FINNIFTY09APR2418900PE.NFO,2024-04-05,13:51:00,2024-04-09,0.4,0.4,0.4,0.4,0,10640,1
FINNIFTY09APR2418900PE.NFO,2024-04-05,13:52:00,2024-04-09,0.4,0.4,0.4,0.4,0,10640,0
FINNIFTY09APR2418900PE.NFO,2024-04-05,13:53:00,2024-04-09,0.4,0.4,0.4,0.4,0,10640,1
FINNIFTY09APR2418900PE.NFO,2024-04-05,13:54:00,2024-04-09,0.4,0.4,0.35,0.35,280,10640,0
FINNIFTY09APR2418900PE.NFO,2024-04-05,13:55:00,2024-04-09,0.35,0.35,0.35,0.35,0,10640,0
FINNIFTY09APR2418900PE.NFO,2024-04-05,13:56:00,2024-04-09,0.35,0.35,0.35,0.35,0,10640,0
FINNIFTY09APR2418900PE.NFO,2024-04-05,13:57:00,2024-04-09,0.35,0.35,0.35,0.35,0,10640,0
FINNIFTY09APR2418900PE.NFO,2024-04-05,13:58:00,2024-04-09,0.35,0.35,0.35,0.35,0,10640,0
FINNIFTY09APR2418900PE.NFO,2024-04-05,13:59:00,2024-04-09,0.35,0.35,0.35,0.35,0,10640,0
FINNIFTY09APR2418900PE.NFO,2024-04-05,14:00:00,2024-04-09,0.35,0.35,0.35,0.35,0,10640,0
FINNIFTY09APR2418900PE.NFO,2024-04-05,14:01:00,2024-04-09,0.35,0.35,0.35,0.35,0,10640,0
FINNIFTY09APR2418900PE.NFO,2024-04-05,14:02:00,2024-04-09,0.35,0.35,0.35,0.35,0,10640,0
FINNIFTY09APR2418900PE.NFO,2024-04-05,14:03:00,2024-04-09,0.35,0.35,0.35,0.35,0,10640,0
FINNIFTY09APR2418900PE.NFO,2024-04-05,14:04:00,2024-04-09,0.35,0.35,0.3,0.3,3040,10520,0
FINNIFTY09APR2418900PE.NFO,2024-04-05,14:05:00,2024-04-09,0.3,0.35,0.3,0.3,520,10520,0
FINNIFTY09APR2418900PE.NFO,2024-04-05,14:06:00,2024-04-09,0.3,0.3,0.3,0.3,240,10520,0
FINNIFTY09APR2418900PE.NFO,2024-04-05,14:07:00,2024-04-09,0.3,0.3,0.3,0.3,4280,10520,0
FINNIFTY09APR2418900PE.NFO,2024-04-05,14:08:00,2024-04-09,0.35,0.35,0.35,0.35,160,9520,0
FINNIFTY09APR2418900PE.NFO,2024-04-05,14:09:00,2024-04-09,0.35,0.35,0.35,0.35,200,9520,0
FINNIFTY09APR2418900PE.NFO,2024-04-05,14:10:00,2024-04-09,0.35,0.35,0.35,0.35,40,9520,0
FINNIFTY09APR2418900PE.NFO,2024-04-05,14:11:00,2024-04-09,0.35,0.35,0.3,0.3,280,9880,0
FINNIFTY09APR2418900PE.NFO,2024-04-05,14:12:00,2024-04-09,0.35,0.35,0.35,0.35,200,9880,0
FINNIFTY09APR2418900PE.NFO,2024-04-05,14:13:00,2024-04-09,0.35,0.35,0.35,0.35,160,9880,0
FINNIFTY09APR2418900PE.NFO,2024-04-05,14:14:00,2024-04-09,0.35,0.35,0.35,0.35,0,9880,0
FINNIFTY09APR2418900PE.NFO,2024-04-05,14:15:00,2024-04-09,0.35,0.35,0.35,0.35,0,9880,0
FINNIFTY09APR2418900PE.NFO,2024-04-05,14:16:00,2024-04-09,0.3,0.3,0.3,0.3,200,9880,0
FINNIFTY09APR2418900PE.NFO,2024-04-05,14:17:00,2024-04-09,0.3,0.3,0.3,0.3,0,9880,0
FINNIFTY09APR2418900PE.NFO,2024-04-05,14:18:00,2024-04-09,0.3,0.3,0.3,0.3,0,9880,0
FINNIFTY09APR2418900PE.NFO,2024-04-05,14:19:00,2024-04-09,0.3,0.3,0.3,0.3,40,9880,0
FINNIFTY09APR2418900PE.NFO,2024-04-05,14:20:00,2024-04-09,0.3,0.3,0.3,0.3,0,9880,0
FINNIFTY09APR2418900PE.NFO,2024-04-05,14:21:00,2024-04-09,0.3,0.3,0.3,0.3,40,9880,0
FINNIFTY09APR2418900PE.NFO,2024-04-05,14:22:00,2024-04-09,0.3,0.3,0.3,0.3,0,9880,0
FINNIFTY09APR2418900PE.NFO,2024-04-05,14:23:00,2024-04-09,0.3,0.3,0.3,0.3,0,9880,0
FINNIFTY09APR2418900PE.NFO,2024-04-05,14:24:00,2024-04-09,0.3,0.3,0.3,0.3,0,9880,1
FINNIFTY09APR2418900PE.NFO,2024-04-05,14:25:00,2024-04-09,0.3,0.4,0.3,0.4,680,9880,0
FINNIFTY09APR2418900PE.NFO,2024-04-05,14:26:00,2024-04-09,0.4,0.4,0.4,0.4,80,9880,0
FINNIFTY09APR2418900PE.NFO,2024-04-05,14:27:00,2024-04-09,0.4,0.4,0.4,0.4,0,9880,0
FINNIFTY09APR2418900PE.NFO,2024-04-05,14:28:00,2024-04-09,0.4,0.4,0.4,0.4,0,9880,1
FINNIFTY09APR2418900PE.NFO,2024-04-05,14:29:00,2024-04-09,0.35,0.35,0.35,0.35,200,9920,0
FINNIFTY09APR2418900PE.NFO,2024-04-05,14:30:00,2024-04-09,0.35,0.35,0.35,0.35,0,9920,0
FINNIFTY09APR2418900PE.NFO,2024-04-05,14:31:00,2024-04-09,0.35,0.35,0.35,0.35,0,9920,0
FINNIFTY09APR2418900PE.NFO,2024-04-05,14:32:00,2024-04-09,0.35,0.35,0.35,0.35,0,9920,0
FINNIFTY09APR2418900PE.NFO,2024-04-05,14:33:00,2024-04-09,0.35,0.35,0.35,0.35,0,9920,0
FINNIFTY09APR2418900PE.NFO,2024-04-05,14:34:00,2024-04-09,0.35,0.35,0.35,0.35,0,9920,0
FINNIFTY09APR2418900PE.NFO,2024-04-05,14:35:00,2024-04-09,0.35,0.35,0.35,0.35,0,9920,1
FINNIFTY09APR2418900PE.NFO,2024-04-05,14:36:00,2024-04-09,0.35,0.35,0.35,0.35,0,9920,1
FINNIFTY09APR2418900PE.NFO,2024-04-05,14:37:00,2024-04-09,0.35,0.4,0.35,0.4,120,9720,0
FINNIFTY09APR2418900PE.NFO,2024-04-05,14:38:00,2024-04-09,0.4,0.45,0.4,0.4,1200,9720,0
FINNIFTY09APR2418900PE.NFO,2024-04-05,14:39:00,2024-04-09,0.4,0.4,0.4,0.4,640,9720,0
FINNIFTY09APR2418900PE.NFO,2024-04-05,14:40:00,2024-04-09,0.4,0.45,0.35,0.35,960,9720,0
FINNIFTY09APR2418900PE.NFO,2024-04-05,14:41:00,2024-04-09,0.35,0.35,0.3,0.3,40,11480,0
FINNIFTY09APR2418900PE.NFO,2024-04-05,14:42:00,2024-04-09,0.3,0.3,0.3,0.3,80,11480,0
FINNIFTY09APR2418900PE.NFO,2024-04-05,14:43:00,2024-04-09,0.45,0.45,0.45,0.45,400,11560,0
FINNIFTY09APR2418900PE.NFO,2024-04-05,14:44:00,2024-04-09,0.45,0.5,0.4,0.5,880,11560,0
FINNIFTY09APR2418900PE.NFO,2024-04-05,14:45:00,2024-04-09,0.5,0.5,0.35,0.35,40,11560,0
FINNIFTY09APR2418900PE.NFO,2024-04-05,14:46:00,2024-04-09,0.45,0.45,0.35,0.4,160,12040,0
FINNIFTY09APR2418900PE.NFO,2024-04-05,14:47:00,2024-04-09,0.4,0.4,0.3,0.3,200,12040,0
FINNIFTY09APR2418900PE.NFO,2024-04-05,14:48:00,2024-04-09,0.3,0.3,0.3,0.3,200,12040,1
FINNIFTY09APR2418900PE.NFO,2024-04-05,14:49:00,2024-04-09,0.3,0.3,0.3,0.3,200,12040,0
FINNIFTY09APR2418900PE.NFO,2024-04-05,14:50:00,2024-04-09,0.3,0.3,0.3,0.3,0,12040,0
FINNIFTY09APR2418900PE.NFO,2024-04-05,14:51:00,2024-04-09,0.35,0.35,0.35,0.35,280,12080,0
FINNIFTY09APR2418900PE.NFO,2024-04-05,14:52:00,2024-04-09,0.35,0.35,0.35,0.35,0,12080,0
FINNIFTY09APR2418900PE.NFO,2024-04-05,14:53:00,2024-04-09,0.35,0.35,0.35,0.35,200,12160,0
FINNIFTY09APR2418900PE.NFO,2024-04-05,14:54:00,2024-04-09,0.35,0.35,0.3,0.35,680,12160,0
FINNIFTY09APR2418900PE.NFO,2024-04-05,14:55:00,2024-04-09,0.35,0.35,0.3,0.3,400,12160,0
FINNIFTY09APR2418900PE.NFO,2024-04-05,14:56:00,2024-04-09,0.3,0.3,0.3,0.3,400,12240,0
FINNIFTY09APR2418900PE.NFO,2024-04-05,14:57:00,2024-04-09,0.3,0.35,0.3,0.35,1400,12240,0
FINNIFTY09APR2418900PE.NFO,2024-04-05,14:58:00,2024-04-09,0.35,0.35,0.3,0.3,1000,12240,0
FINNIFTY09APR2418900PE.NFO,2024-04-05,14:59:00,2024-04-09,0.35,0.35,0.35,0.35,240,12080,0
FINNIFTY09APR2418900PE.NFO,2024-04-05,15:00:00,2024-04-09,0.3,0.3,0.25,0.25,1000,12080,0
FINNIFTY09APR2418900PE.NFO,2024-04-05,15:01:00,2024-04-09,0.25,0.25,0.25,0.25,0,12080,0
FINNIFTY09APR2418900PE.NFO,2024-04-05,15:02:00,2024-04-09,0.25,0.25,0.25,0.25,200,11680,0
FINNIFTY09APR2418900PE.NFO,2024-04-05,15:03:00,2024-04-09,0.25,0.3,0.25,0.3,1400,11680,0
FINNIFTY09APR2418900PE.NFO,2024-04-05,15:04:00,2024-04-09,0.3,0.3,0.3,0.3,200,12120,0
FINNIFTY09APR2418900PE.NFO,2024-04-05,15:05:00,2024-04-09,0.3,0.3,0.3,0.3,360,12120,0
FINNIFTY09APR2418900PE.NFO,2024-04-05,15:06:00,2024-04-09,0.3,0.3,0.3,0.3,0,12120,0
FINNIFTY09APR2418900PE.NFO,2024-04-05,15:07:00,2024-04-09,0.3,0.3,0.3,0.3,0,12120,0
FINNIFTY09APR2418900PE.NFO,2024-04-05,15:08:00,2024-04-09,0.3,0.3,0.3,0.3,240,12160,0
FINNIFTY09APR2418900PE.NFO,2024-04-05,15:09:00,2024-04-09,0.3,0.3,0.3,0.3,0,12160,0
FINNIFTY09APR2418900PE.NFO,2024-04-05,15:10:00,2024-04-09,0.3,0.35,0.3,0.3,480,12080,0
FINNIFTY09APR2418900PE.NFO,2024-04-05,15:11:00,2024-04-09,0.3,0.3,0.3,0.3,0,12080,0
FINNIFTY09APR2418900PE.NFO,2024-04-05,15:12:00,2024-04-09,0.3,0.3,0.3,0.3,240,12080,0
FINNIFTY09APR2418900PE.NFO,2024-04-05,15:13:00,2024-04-09,0.35,0.35,0.3,0.35,1640,12000,0
FINNIFTY09APR2418900PE.NFO,2024-04-05,15:14:00,2024-04-09,0.35,0.35,0.3,0.35,400,12000,0
FINNIFTY09APR2418900PE.NFO,2024-04-05,15:15:00,2024-04-09,0.3,0.35,0.3,0.35,2760,12000,0
FINNIFTY09APR2418900PE.NFO,2024-04-05,15:16:00,2024-04-09,0.35,0.35,0.3,0.3,160,12000,0
FINNIFTY09APR2418900PE.NFO,2024-04-05,15:17:00,2024-04-09,0.35,0.35,0.35,0.35,200,11720,0
FINNIFTY09APR2418900PE.NFO,2024-04-05,15:18:00,2024-04-09,0.35,0.35,0.35,0.35,680,11720,0
FINNIFTY09APR2418900PE.NFO,2024-04-05,15:19:00,2024-04-09,0.35,0.35,0.35,0.35,640,11720,0
FINNIFTY09APR2418900PE.NFO,2024-04-05,15:20:00,2024-04-09,0.35,0.35,0.35,0.35,480,11720,0
FINNIFTY09APR2418900PE.NFO,2024-04-05,15:21:00,2024-04-09,0.35,0.35,0.35,0.35,0,11720,0
FINNIFTY09APR2418900PE.NFO,2024-04-05,15:22:00,2024-04-09,0.35,0.4,0.35,0.4,3280,11720,0
FINNIFTY09APR2418900PE.NFO,2024-04-05,15:23:00,2024-04-09,0.4,0.4,0.4,0.4,0,11720,0
FINNIFTY09APR2418900PE.NFO,2024-04-05,15:24:00,2024-04-09,0.4,0.4,0.4,0.4,0,11720,0
FINNIFTY09APR2418900PE.NFO,2024-04-05,15:25:00,2024-04-09,0.4,0.45,0.35,0.45,240,10760,0
FINNIFTY09APR2418900PE.NFO,2024-04-05,15:26:00,2024-04-09,0.45,0.45,0.35,0.45,400,10760,0
FINNIFTY09APR2418900PE.NFO,2024-04-05,15:27:00,2024-04-09,0.45,0.45,0.45,0.45,0,10760,0
FINNIFTY09APR2418900PE.NFO,2024-04-05,15:28:00,2024-04-09,0.45,0.45,0.3,0.4,160,10360,0
FINNIFTY09APR2418900PE.NFO,2024-04-05,15:29:00,2024-04-09,0.4,0.4,0.3,0.3,280,10360,0
FINNIFTY09APR2418900PE.NFO,2024-04-05,15:30:00,2024-04-09,0.3,0.3,0.3,0.3,280,10360,1
FINNIFTY09APR2418900PE.NFO,2024-04-08,09:15:00,2024-04-09,0.1,0.25,0.1,0.25,2240,10360,0
FINNIFTY09APR2418900PE.NFO,2024-04-08,09:16:00,2024-04-09,0.25,0.45,0.25,0.45,1360,10360,0
FINNIFTY09APR2418900PE.NFO,2024-04-08,09:17:00,2024-04-09,0.25,0.25,0.25,0.25,200,10360,0
FINNIFTY09APR2418900PE.NFO,2024-04-08,09:18:00,2024-04-09,0.25,0.25,0.25,0.25,0,10360,0
FINNIFTY09APR2418900PE.NFO,2024-04-08,09:19:00,2024-04-09,0.25,0.25,0.25,0.25,0,10360,1
FINNIFTY09APR2418900PE.NFO,2024-04-08,09:20:00,2024-04-09,0.3,0.35,0.3,0.3,1440,10640,0
FINNIFTY09APR2418900PE.NFO,2024-04-08,09:21:00,2024-04-09,0.3,0.3,0.25,0.25,600,10440,0
FINNIFTY09APR2418900PE.NFO,2024-04-08,09:22:00,2024-04-09,0.25,0.25,0.25,0.25,520,10440,0
FINNIFTY09APR2418900PE.NFO,2024-04-08,09:23:00,2024-04-09,0.25,0.25,0.25,0.25,0,10440,0
FINNIFTY09APR2418900PE.NFO,2024-04-08,09:24:00,2024-04-09,0.25,0.25,0.25,0.25,0,10440,1
FINNIFTY09APR2418900PE.NFO,2024-04-08,09:25:00,2024-04-09,0.25,0.25,0.25,0.25,0,10440,0
FINNIFTY09APR2418900PE.NFO,2024-04-08,09:26:00,2024-04-09,0.25,0.3,0.25,0.3,1120,10440,0
FINNIFTY09APR2418900PE.NFO,2024-04-08,09:27:00,2024-04-09,0.3,0.3,0.25,0.25,240,10560,0
FINNIFTY09APR2418900PE.NFO,2024-04-08,09:28:00,2024-04-09,0.25,0.3,0.25,0.25,560,10560,0
FINNIFTY09APR2418900PE.NFO,2024-04-08,09:29:00,2024-04-09,0.3,0.3,0.3,0.3,640,10560,0
FINNIFTY09APR2418900PE.NFO,2024-04-08,09:30:00,2024-04-09,0.3,0.3,0.3,0.3,640,10560,1
FINNIFTY09APR2418900PE.NFO,2024-04-08,09:31:00,2024-04-09,0.25,0.25,0.25,0.25,1080,10680,0
FINNIFTY09APR2418900PE.NFO,2024-04-08,09:32:00,2024-04-09,0.25,0.3,0.25,0.3,360,10680,0
FINNIFTY09APR2418900PE.NFO,2024-04-08,09:33:00,2024-04-09,0.25,0.3,0.25,0.3,1160,10680,0
FINNIFTY09APR2418900PE.NFO,2024-04-08,09:34:00,2024-04-09,0.3,0.3,0.3,0.3,0,10680,0
FINNIFTY09APR2418900PE.NFO,2024-04-08,09:35:00,2024-04-09,0.3,0.3,0.3,0.3,0,10680,1
FINNIFTY09APR2418900PE.NFO,2024-04-08,09:36:00,2024-04-09,0.25,0.25,0.25,0.25,840,10680,0
FINNIFTY09APR2418900PE.NFO,2024-04-08,09:37:00,2024-04-09,0.25,0.3,0.25,0.3,440,10680,0
FINNIFTY09APR2418900PE.NFO,2024-04-08,09:38:00,2024-04-09,0.3,0.3,0.3,0.3,0,10680,0
FINNIFTY09APR2418900PE.NFO,2024-04-08,09:39:00,2024-04-09,0.2,0.2,0.2,0.2,440,10680,0
FINNIFTY09APR2418900PE.NFO,2024-04-08,09:40:00,2024-04-09,0.2,0.2,0.2,0.2,440,10680,1
FINNIFTY09APR2418900PE.NFO,2024-04-08,09:41:00,2024-04-09,0.2,0.2,0.2,0.2,440,10680,1
FINNIFTY09APR2418900PE.NFO,2024-04-08,09:42:00,2024-04-09,0.2,0.2,0.2,0.2,0,10680,0
FINNIFTY09APR2418900PE.NFO,2024-04-08,09:43:00,2024-04-09,0.25,0.3,0.25,0.3,1200,10680,0
FINNIFTY09APR2418900PE.NFO,2024-04-08,09:44:00,2024-04-09,0.3,0.3,0.3,0.3,1200,10680,1
FINNIFTY09APR2418900PE.NFO,2024-04-08,09:45:00,2024-04-09,0.2,0.2,0.2,0.2,1080,10920,0
FINNIFTY09APR2418900PE.NFO,2024-04-08,09:46:00,2024-04-09,0.2,0.2,0.2,0.2,0,10920,0
FINNIFTY09APR2418900PE.NFO,2024-04-08,09:47:00,2024-04-09,0.3,0.3,0.3,0.3,520,10920,0
FINNIFTY09APR2418900PE.NFO,2024-04-08,09:48:00,2024-04-09,0.25,0.25,0.2,0.2,520,10520,0
FINNIFTY09APR2418900PE.NFO,2024-04-08,09:49:00,2024-04-09,0.2,0.2,0.2,0.2,0,10520,0
FINNIFTY09APR2418900PE.NFO,2024-04-08,09:50:00,2024-04-09,0.2,0.2,0.2,0.2,0,10520,1
FINNIFTY09APR2418900PE.NFO,2024-04-08,09:51:00,2024-04-09,0.2,0.2,0.2,0.2,0,10520,0
FINNIFTY09APR2418900PE.NFO,2024-04-08,09:52:00,2024-04-09,0.2,0.2,0.2,0.2,0,10520,1
FINNIFTY09APR2418900PE.NFO,2024-04-08,09:53:00,2024-04-09,0.2,0.2,0.2,0.2,0,10520,1
FINNIFTY09APR2418900PE.NFO,2024-04-08,09:54:00,2024-04-09,0.3,0.3,0.3,0.3,160,10520,0
FINNIFTY09APR2418900PE.NFO,2024-04-08,09:55:00,2024-04-09,0.3,0.3,0.3,0.3,0,10520,0
FINNIFTY09APR2418900PE.NFO,2024-04-08,09:56:00,2024-04-09,0.3,0.3,0.3,0.3,0,10520,1
FINNIFTY09APR2418900PE.NFO,2024-04-08,09:57:00,2024-04-09,0.2,0.2,0.2,0.2,160,10520,0
FINNIFTY09APR2418900PE.NFO,2024-04-08,09:58:00,2024-04-09,0.2,0.2,0.2,0.2,160,10520,1
FINNIFTY09APR2418900PE.NFO,2024-04-08,09:59:00,2024-04-09,0.2,0.25,0.2,0.25,160,10520,0
FINNIFTY09APR2418900PE.NFO,2024-04-08,10:00:00,2024-04-09,0.25,0.3,0.25,0.3,680,10520,0
FINNIFTY09APR2418900PE.NFO,2024-04-08,10:01:00,2024-04-09,0.25,0.25,0.25,0.25,840,10680,0
FINNIFTY09APR2418900PE.NFO,2024-04-08,10:02:00,2024-04-09,0.25,0.25,0.25,0.25,840,10680,1
FINNIFTY09APR2418900PE.NFO,2024-04-08,10:03:00,2024-04-09,0.25,0.25,0.25,0.25,240,10640,0
FINNIFTY09APR2418900PE.NFO,2024-04-08,10:04:00,2024-04-09,0.25,0.25,0.25,0.25,240,10640,1
FINNIFTY09APR2418900PE.NFO,2024-04-08,10:05:00,2024-04-09,0.25,0.25,0.25,0.25,240,10640,1
FINNIFTY09APR2418900PE.NFO,2024-04-08,10:06:00,2024-04-09,0.25,0.25,0.25,0.25,0,10640,0
FINNIFTY09APR2418900PE.NFO,2024-04-08,10:07:00,2024-04-09,0.25,0.25,0.25,0.25,0,10640,0
FINNIFTY09APR2418900PE.NFO,2024-04-08,10:08:00,2024-04-09,0.25,0.25,0.25,0.25,0,10640,1
FINNIFTY09APR2418900PE.NFO,2024-04-08,10:09:00,2024-04-09,0.25,0.25,0.25,0.25,0,10640,1
FINNIFTY09APR2418900PE.NFO,2024-04-08,10:10:00,2024-04-09,0.25,0.25,0.25,0.25,0,10640,1
FINNIFTY09APR2418900PE.NFO,2024-04-08,10:11:00,2024-04-09,0.25,0.25,0.25,0.25,0,10640,1
FINNIFTY09APR2418900PE.NFO,2024-04-08,10:12:00,2024-04-09,0.25,0.25,0.25,0.25,0,10640,1
FINNIFTY09APR2418900PE.NFO,2024-04-08,10:13:00,2024-04-09,0.25,0.25,0.25,0.25,0,10640,1
FINNIFTY09APR2418900PE.NFO,2024-04-08,10:14:00,2024-04-09,0.25,0.25,0.25,0.25,0,10640,1
FINNIFTY09APR2418900PE.NFO,2024-04-08,10:15:00,2024-04-09,0.25,0.25,0.25,0.25,0,10640,1
FINNIFTY09APR2418900PE.NFO,2024-04-08,10:16:00,2024-04-09,0.25,0.25,0.25,0.25,0,10640,1
FINNIFTY09APR2418900PE.NFO,2024-04-08,10:17:00,2024-04-09,0.25,0.25,0.25,0.25,0,10640,1
FINNIFTY09APR2418900PE.NFO,2024-04-08,10:18:00,2024-04-09,0.25,0.25,0.25,0.25,0,10640,0
FINNIFTY09APR2418900PE.NFO,2024-04-08,10:19:00,2024-04-09,0.25,0.25,0.25,0.25,0,10640,1
FINNIFTY09APR2418900PE.NFO,2024-04-08,10:20:00,2024-04-09,0.25,0.25,0.25,0.25,0,10640,1
FINNIFTY09APR2418900PE.NFO,2024-04-08,10:21:00,2024-04-09,0.25,0.25,0.25,0.25,0,10640,1
FINNIFTY09APR2418900PE.NFO,2024-04-08,10:22:00,2024-04-09,0.25,0.25,0.25,0.25,0,10640,1
FINNIFTY09APR2418900PE.NFO,2024-04-08,10:23:00,2024-04-09,0.25,0.25,0.25,0.25,0,10640,1
FINNIFTY09APR2418900PE.NFO,2024-04-08,10:24:00,2024-04-09,0.25,0.25,0.25,0.25,0,10640,0
FINNIFTY09APR2418900PE.NFO,2024-04-08,10:25:00,2024-04-09,0.25,0.25,0.25,0.25,0,10640,1
FINNIFTY09APR2418900PE.NFO,2024-04-08,10:26:00,2024-04-09,0.25,0.25,0.25,0.25,0,10640,1
FINNIFTY09APR2418900PE.NFO,2024-04-08,10:27:00,2024-04-09,0.25,0.25,0.25,0.25,0,10640,1
FINNIFTY09APR2418900PE.NFO,2024-04-08,10:28:00,2024-04-09,0.25,0.3,0.25,0.3,280,10600,0
FINNIFTY09APR2418900PE.NFO,2024-04-08,10:29:00,2024-04-09,0.3,0.3,0.3,0.3,0,10600,0
FINNIFTY09APR2418900PE.NFO,2024-04-08,10:30:00,2024-04-09,0.3,0.3,0.3,0.3,240,10600,0
FINNIFTY09APR2418900PE.NFO,2024-04-08,10:31:00,2024-04-09,0.3,0.3,0.3,0.3,240,10600,1
FINNIFTY09APR2418900PE.NFO,2024-04-08,10:32:00,2024-04-09,0.2,0.25,0.2,0.25,160,10640,0
FINNIFTY09APR2418900PE.NFO,2024-04-08,10:33:00,2024-04-09,0.25,0.25,0.25,0.25,160,10640,1
FINNIFTY09APR2418900PE.NFO,2024-04-08,10:34:00,2024-04-09,0.25,0.25,0.25,0.25,160,10640,1
FINNIFTY09APR2418900PE.NFO,2024-04-08,10:35:00,2024-04-09,0.2,0.2,0.2,0.2,400,10680,0
FINNIFTY09APR2418900PE.NFO,2024-04-08,10:36:00,2024-04-09,0.2,0.2,0.2,0.2,400,10680,1
FINNIFTY09APR2418900PE.NFO,2024-04-08,10:37:00,2024-04-09,0.2,0.2,0.2,0.2,400,10680,1
FINNIFTY09APR2418900PE.NFO,2024-04-08,10:38:00,2024-04-09,0.2,0.2,0.2,0.2,400,10680,1
FINNIFTY09APR2418900PE.NFO,2024-04-08,10:39:00,2024-04-09,0.25,0.25,0.25,0.25,160,10680,0
FINNIFTY09APR2418900PE.NFO,2024-04-08,10:40:00,2024-04-09,0.25,0.25,0.25,0.25,200,10680,0
FINNIFTY09APR2418900PE.NFO,2024-04-08,10:41:00,2024-04-09,0.25,0.25,0.25,0.25,0,10680,0
FINNIFTY09APR2418900PE.NFO,2024-04-08,10:42:00,2024-04-09,0.25,0.25,0.25,0.25,0,10680,0
FINNIFTY09APR2418900PE.NFO,2024-04-08,10:43:00,2024-04-09,0.25,0.25,0.25,0.25,0,10680,0
FINNIFTY09APR2418900PE.NFO,2024-04-08,10:44:00,2024-04-09,0.25,0.25,0.25,0.25,0,10680,1
FINNIFTY09APR2418900PE.NFO,2024-04-08,10:45:00,2024-04-09,0.25,0.25,0.25,0.25,840,10560,0
FINNIFTY09APR2418900PE.NFO,2024-04-08,10:46:00,2024-04-09,0.25,0.25,0.2,0.2,280,10560,0
FINNIFTY09APR2418900PE.NFO,2024-04-08,10:47:00,2024-04-09,0.2,0.2,0.2,0.2,280,10560,1
FINNIFTY09APR2418900PE.NFO,2024-04-08,10:48:00,2024-04-09,0.2,0.2,0.2,0.2,280,10560,1
FINNIFTY09APR2418900PE.NFO,2024-04-08,10:49:00,2024-04-09,0.25,0.3,0.25,0.3,640,11000,0
FINNIFTY09APR2418900PE.NFO,2024-04-08,10:50:00,2024-04-09,0.25,0.25,0.2,0.2,280,11000,0
FINNIFTY09APR2418900PE.NFO,2024-04-08,10:51:00,2024-04-09,0.2,0.2,0.2,0.2,1120,11000,0
FINNIFTY09APR2418900PE.NFO,2024-04-08,10:52:00,2024-04-09,0.2,0.2,0.2,0.2,0,11000,0
FINNIFTY09APR2418900PE.NFO,2024-04-08,10:53:00,2024-04-09,0.2,0.2,0.2,0.2,0,11000,1
FINNIFTY09APR2418900PE.NFO,2024-04-08,10:54:00,2024-04-09,0.2,0.2,0.2,0.2,0,11000,1
FINNIFTY09APR2418900PE.NFO,2024-04-08,10:55:00,2024-04-09,0.2,0.2,0.2,0.2,0,11000,1
FINNIFTY09APR2418900PE.NFO,2024-04-08,10:56:00,2024-04-09,0.2,0.2,0.2,0.2,0,11000,0
FINNIFTY09APR2418900PE.NFO,2024-04-08,10:57:00,2024-04-09,0.2,0.2,0.2,0.2,0,11000,0
FINNIFTY09APR2418900PE.NFO,2024-04-08,10:58:00,2024-04-09,0.2,0.2,0.2,0.2,0,11000,1
FINNIFTY09APR2418900PE.NFO,2024-04-08,10:59:00,2024-04-09,0.2,0.2,0.2,0.2,0,11000,1
FINNIFTY09APR2418900PE.NFO,2024-04-08,11:00:00,2024-04-09,0.2,0.2,0.2,0.2,0,11000,1
FINNIFTY09APR2418900PE.NFO,2024-04-08,11:01:00,2024-04-09,0.2,0.2,0.2,0.2,0,11000,1
FINNIFTY09APR2418900PE.NFO,2024-04-08,11:02:00,2024-04-09,0.2,0.2,0.2,0.2,0,11000,1
FINNIFTY09APR2418900PE.NFO,2024-04-08,11:03:00,2024-04-09,0.2,0.2,0.2,0.2,0,11000,1
FINNIFTY09APR2418900PE.NFO,2024-04-08,11:04:00,2024-04-09,0.2,0.2,0.2,0.2,0,11000,1
FINNIFTY09APR2418900PE.NFO,2024-04-08,11:05:00,2024-04-09,0.2,0.2,0.2,0.2,0,11000,1
FINNIFTY09APR2418900PE.NFO,2024-04-08,11:06:00,2024-04-09,0.2,0.2,0.2,0.2,200,10760,0
FINNIFTY09APR2418900PE.NFO,2024-04-08,11:07:00,2024-04-09,0.2,0.2,0.2,0.2,0,10760,0
FINNIFTY09APR2418900PE.NFO,2024-04-08,11:08:00,2024-04-09,0.2,0.2,0.2,0.2,0,10760,1
FINNIFTY09APR2418900PE.NFO,2024-04-08,11:09:00,2024-04-09,0.2,0.2,0.2,0.2,0,10760,0
FINNIFTY09APR2418900PE.NFO,2024-04-08,11:10:00,2024-04-09,0.2,0.2,0.2,0.2,0,10760,0
FINNIFTY09APR2418900PE.NFO,2024-04-08,11:11:00,2024-04-09,0.2,0.2,0.2,0.2,0,10760,1
FINNIFTY09APR2418900PE.NFO,2024-04-08,11:12:00,2024-04-09,0.2,0.2,0.2,0.2,0,10760,1
FINNIFTY09APR2418900PE.NFO,2024-04-08,11:13:00,2024-04-09,0.2,0.2,0.2,0.2,0,10760,1
FINNIFTY09APR2418900PE.NFO,2024-04-08,11:14:00,2024-04-09,0.2,0.2,0.2,0.2,0,10760,1
FINNIFTY09APR2418900PE.NFO,2024-04-08,11:15:00,2024-04-09,0.2,0.2,0.2,0.2,0,10760,1
FINNIFTY09APR2418900PE.NFO,2024-04-08,11:16:00,2024-04-09,0.2,0.2,0.2,0.2,0,10760,1
FINNIFTY09APR2418900PE.NFO,2024-04-08,11:17:00,2024-04-09,0.2,0.2,0.2,0.2,0,10760,1
FINNIFTY09APR2418900PE.NFO,2024-04-08,11:18:00,2024-04-09,0.2,0.2,0.2,0.2,0,10760,1
FINNIFTY09APR2418900PE.NFO,2024-04-08,11:19:00,2024-04-09,0.2,0.2,0.2,0.2,0,10760,1
FINNIFTY09APR2418900PE.NFO,2024-04-08,11:20:00,2024-04-09,0.2,0.2,0.2,0.2,0,10760,1
FINNIFTY09APR2418900PE.NFO,2024-04-08,11:21:00,2024-04-09,0.2,0.2,0.2,0.2,0,10760,1
FINNIFTY09APR2418900PE.NFO,2024-04-08,11:22:00,2024-04-09,0.2,0.2,0.2,0.2,0,10760,0
FINNIFTY09APR2418900PE.NFO,2024-04-08,11:23:00,2024-04-09,0.2,0.2,0.2,0.2,0,10760,0
FINNIFTY09APR2418900PE.NFO,2024-04-08,11:24:00,2024-04-09,0.2,0.2,0.2,0.2,0,10760,1
FINNIFTY09APR2418900PE.NFO,2024-04-08,11:25:00,2024-04-09,0.2,0.2,0.2,0.2,0,10760,1
FINNIFTY09APR2418900PE.NFO,2024-04-08,11:26:00,2024-04-09,0.2,0.2,0.2,0.2,0,10760,1
FINNIFTY09APR2418900PE.NFO,2024-04-08,11:27:00,2024-04-09,0.2,0.2,0.2,0.2,0,10760,1
FINNIFTY09APR2418900PE.NFO,2024-04-08,11:28:00,2024-04-09,0.2,0.2,0.2,0.2,0,10760,1
FINNIFTY09APR2418900PE.NFO,2024-04-08,11:29:00,2024-04-09,0.2,0.2,0.2,0.2,0,10760,1
FINNIFTY09APR2418900PE.NFO,2024-04-08,11:30:00,2024-04-09,0.2,0.2,0.2,0.2,0,10760,1
FINNIFTY09APR2418900PE.NFO,2024-04-08,11:31:00,2024-04-09,0.2,0.2,0.2,0.2,0,10760,1
FINNIFTY09APR2418900PE.NFO,2024-04-08,11:32:00,2024-04-09,0.2,0.2,0.2,0.2,0,10760,1
FINNIFTY09APR2418900PE.NFO,2024-04-08,11:33:00,2024-04-09,0.2,0.2,0.2,0.2,0,10760,0
FINNIFTY09APR2418900PE.NFO,2024-04-08,11:34:00,2024-04-09,0.2,0.2,0.2,0.2,0,10760,1
FINNIFTY09APR2418900PE.NFO,2024-04-08,11:35:00,2024-04-09,0.2,0.2,0.2,0.2,0,10760,1
FINNIFTY09APR2418900PE.NFO,2024-04-08,11:36:00,2024-04-09,0.2,0.2,0.2,0.2,200,10760,0
FINNIFTY09APR2418900PE.NFO,2024-04-08,11:37:00,2024-04-09,0.2,0.2,0.2,0.2,200,10760,0
FINNIFTY09APR2418900PE.NFO,2024-04-08,11:38:00,2024-04-09,0.2,0.2,0.2,0.2,0,10760,0
FINNIFTY09APR2418900PE.NFO,2024-04-08,11:39:00,2024-04-09,0.2,0.2,0.2,0.2,200,10760,0
FINNIFTY09APR2418900PE.NFO,2024-04-08,11:40:00,2024-04-09,0.2,0.2,0.2,0.2,0,10760,0
FINNIFTY09APR2418900PE.NFO,2024-04-08,11:41:00,2024-04-09,0.2,0.2,0.2,0.2,0,10760,1
FINNIFTY09APR2418900PE.NFO,2024-04-08,11:42:00,2024-04-09,0.2,0.2,0.2,0.2,0,10760,1
FINNIFTY09APR2418900PE.NFO,2024-04-08,11:43:00,2024-04-09,0.2,0.2,0.2,0.2,0,10760,0
FINNIFTY09APR2418900PE.NFO,2024-04-08,11:44:00,2024-04-09,0.2,0.2,0.2,0.2,0,10760,1
FINNIFTY09APR2418900PE.NFO,2024-04-08,11:45:00,2024-04-09,0.2,0.2,0.2,0.2,0,10760,1
FINNIFTY09APR2418900PE.NFO,2024-04-08,11:46:00,2024-04-09,0.2,0.2,0.2,0.2,0,10760,1
FINNIFTY09APR2418900PE.NFO,2024-04-08,11:47:00,2024-04-09,0.2,0.2,0.2,0.2,0,10760,1
FINNIFTY09APR2418900PE.NFO,2024-04-08,11:48:00,2024-04-09,0.2,0.2,0.2,0.2,0,10760,0
FINNIFTY09APR2418900PE.NFO,2024-04-08,11:49:00,2024-04-09,0.2,0.2,0.2,0.2,0,10760,1
FINNIFTY09APR2418900PE.NFO,2024-04-08,11:50:00,2024-04-09,0.2,0.2,0.2,0.2,0,10760,1
FINNIFTY09APR2418900PE.NFO,2024-04-08,11:51:00,2024-04-09,0.2,0.2,0.2,0.2,0,10760,1
FINNIFTY09APR2418900PE.NFO,2024-04-08,11:52:00,2024-04-09,0.2,0.2,0.2,0.2,0,10760,0
FINNIFTY09APR2418900PE.NFO,2024-04-08,11:53:00,2024-04-09,0.2,0.2,0.2,0.2,0,10760,0
FINNIFTY09APR2418900PE.NFO,2024-04-08,11:54:00,2024-04-09,0.2,0.2,0.2,0.2,0,10760,1
FINNIFTY09APR2418900PE.NFO,2024-04-08,11:55:00,2024-04-09,0.2,0.2,0.2,0.2,0,10760,1
FINNIFTY09APR2418900PE.NFO,2024-04-08,11:56:00,2024-04-09,0.2,0.2,0.2,0.2,0,10760,1
FINNIFTY09APR2418900PE.NFO,2024-04-08,11:57:00,2024-04-09,0.2,0.2,0.2,0.2,0,10760,1
FINNIFTY09APR2418900PE.NFO,2024-04-08,11:58:00,2024-04-09,0.2,0.2,0.2,0.2,0,10760,1
FINNIFTY09APR2418900PE.NFO,2024-04-08,11:59:00,2024-04-09,0.25,0.25,0.25,0.25,640,10760,0
FINNIFTY09APR2418900PE.NFO,2024-04-08,12:00:00,2024-04-09,0.25,0.25,0.25,0.25,0,10760,0
FINNIFTY09APR2418900PE.NFO,2024-04-08,12:01:00,2024-04-09,0.25,0.25,0.25,0.25,120,10960,0
FINNIFTY09APR2418900PE.NFO,2024-04-08,12:02:00,2024-04-09,0.2,0.2,0.2,0.2,200,10960,0
FINNIFTY09APR2418900PE.NFO,2024-04-08,12:03:00,2024-04-09,0.2,0.25,0.2,0.25,800,10960,0
FINNIFTY09APR2418900PE.NFO,2024-04-08,12:04:00,2024-04-09,0.25,0.25,0.25,0.25,320,10960,0
FINNIFTY09APR2418900PE.NFO,2024-04-08,12:05:00,2024-04-09,0.25,0.25,0.25,0.25,600,10960,0
FINNIFTY09APR2418900PE.NFO,2024-04-08,12:06:00,2024-04-09,0.25,0.25,0.25,0.25,160,10960,0
FINNIFTY09APR2418900PE.NFO,2024-04-08,12:07:00,2024-04-09,0.25,0.25,0.25,0.25,160,10960,1
FINNIFTY09APR2418900PE.NFO,2024-04-08,12:08:00,2024-04-09,0.25,0.25,0.25,0.25,0,10960,0
FINNIFTY09APR2418900PE.NFO,2024-04-08,12:09:00,2024-04-09,0.2,0.2,0.2,0.2,1600,10960,0
FINNIFTY09APR2418900PE.NFO,2024-04-08,12:10:00,2024-04-09,0.2,0.2,0.2,0.2,0,10960,0
FINNIFTY09APR2418900PE.NFO,2024-04-08,12:11:00,2024-04-09,0.2,0.2,0.2,0.2,80,10840,0
FINNIFTY09APR2418900PE.NFO,2024-04-08,12:12:00,2024-04-09,0.2,0.2,0.2,0.2,80,10840,1
FINNIFTY09APR2418900PE.NFO,2024-04-08,12:13:00,2024-04-09,0.2,0.2,0.2,0.2,200,10840,0
FINNIFTY09APR2418900PE.NFO,2024-04-08,12:14:00,2024-04-09,0.2,0.25,0.2,0.25,520,10840,0
FINNIFTY09APR2418900PE.NFO,2024-04-08,12:15:00,2024-04-09,0.25,0.25,0.2,0.2,840,10840,0
FINNIFTY09APR2418900PE.NFO,2024-04-08,12:16:00,2024-04-09,0.2,0.2,0.2,0.2,840,10840,1
FINNIFTY09APR2418900PE.NFO,2024-04-08,12:17:00,2024-04-09,0.2,0.2,0.2,0.2,840,10840,1
FINNIFTY09APR2418900PE.NFO,2024-04-08,12:18:00,2024-04-09,0.2,0.2,0.2,0.2,0,10840,0
FINNIFTY09APR2418900PE.NFO,2024-04-08,12:19:00,2024-04-09,0.2,0.2,0.2,0.2,0,10840,1
FINNIFTY09APR2418900PE.NFO,2024-04-08,12:20:00,2024-04-09,0.2,0.2,0.2,0.2,0,10840,1
FINNIFTY09APR2418900PE.NFO,2024-04-08,12:21:00,2024-04-09,0.2,0.2,0.2,0.2,0,10840,1
FINNIFTY09APR2418900PE.NFO,2024-04-08,12:22:00,2024-04-09,0.2,0.2,0.2,0.2,0,10840,1
FINNIFTY09APR2418900PE.NFO,2024-04-08,12:23:00,2024-04-09,0.2,0.2,0.2,0.2,0,10840,1
FINNIFTY09APR2418900PE.NFO,2024-04-08,12:24:00,2024-04-09,0.2,0.2,0.2,0.2,0,10840,0
FINNIFTY09APR2418900PE.NFO,2024-04-08,12:25:00,2024-04-09,0.2,0.2,0.2,0.2,0,10840,1
FINNIFTY09APR2418900PE.NFO,2024-04-08,12:26:00,2024-04-09,0.2,0.2,0.2,0.2,0,10840,1
FINNIFTY09APR2418900PE.NFO,2024-04-08,12:27:00,2024-04-09,0.2,0.2,0.2,0.2,0,10840,0
FINNIFTY09APR2418900PE.NFO,2024-04-08,12:28:00,2024-04-09,0.2,0.2,0.2,0.2,0,10840,1
FINNIFTY09APR2418900PE.NFO,2024-04-08,12:29:00,2024-04-09,0.2,0.2,0.2,0.2,0,10840,1
FINNIFTY09APR2418900PE.NFO,2024-04-08,12:30:00,2024-04-09,0.2,0.2,0.2,0.2,0,10840,1
FINNIFTY09APR2418900PE.NFO,2024-04-08,12:31:00,2024-04-09,0.2,0.2,0.2,0.2,0,10840,1
FINNIFTY09APR2418900PE.NFO,2024-04-08,12:32:00,2024-04-09,0.2,0.2,0.2,0.2,0,10840,1
FINNIFTY09APR2418900PE.NFO,2024-04-08,12:33:00,2024-04-09,0.2,0.2,0.2,0.2,0,10840,1
FINNIFTY09APR2418900PE.NFO,2024-04-08,12:34:00,2024-04-09,0.2,0.2,0.2,0.2,0,10840,1
FINNIFTY09APR2418900PE.NFO,2024-04-08,12:35:00,2024-04-09,0.2,0.2,0.2,0.2,0,10840,1
FINNIFTY09APR2418900PE.NFO,2024-04-08,12:36:00,2024-04-09,0.2,0.2,0.2,0.2,0,10840,1
FINNIFTY09APR2418900PE.NFO,2024-04-08,12:37:00,2024-04-09,0.2,0.2,0.2,0.2,0,10840,1
FINNIFTY09APR2418900PE.NFO,2024-04-08,12:38:00,2024-04-09,0.2,0.2,0.2,0.2,0,10840,1
FINNIFTY09APR2418900PE.NFO,2024-04-08,12:39:00,2024-04-09,0.2,0.2,0.2,0.2,0,10840,1
FINNIFTY09APR2418900PE.NFO,2024-04-08,12:40:00,2024-04-09,0.2,0.2,0.2,0.2,0,10840,0
FINNIFTY09APR2418900PE.NFO,2024-04-08,12:41:00,2024-04-09,0.2,0.2,0.2,0.2,0,10840,1
FINNIFTY09APR2418900PE.NFO,2024-04-08,12:42:00,2024-04-09,0.2,0.2,0.2,0.2,0,10840,1
FINNIFTY09APR2418900PE.NFO,2024-04-08,12:43:00,2024-04-09,0.2,0.2,0.2,0.2,0,10840,1
FINNIFTY09APR2418900PE.NFO,2024-04-08,12:44:00,2024-04-09,0.2,0.2,0.2,0.2,0,10840,1
FINNIFTY09APR2418900PE.NFO,2024-04-08,12:45:00,2024-04-09,0.2,0.2,0.2,0.2,0,10840,1
FINNIFTY09APR2418900PE.NFO,2024-04-08,12:46:00,2024-04-09,0.2,0.2,0.2,0.2,0,10840,1
FINNIFTY09APR2418900PE.NFO,2024-04-08,12:47:00,2024-04-09,0.25,0.25,0.25,0.25,200,10840,0
FINNIFTY09APR2418900PE.NFO,2024-04-08,12:48:00,2024-04-09,0.25,0.25,0.25,0.25,200,10840,0
FINNIFTY09APR2418900PE.NFO,2024-04-08,12:49:00,2024-04-09,0.25,0.25,0.25,0.25,200,10840,1
FINNIFTY09APR2418900PE.NFO,2024-04-08,12:50:00,2024-04-09,0.2,0.2,0.2,0.2,400,10840,0
FINNIFTY09APR2418900PE.NFO,2024-04-08,12:51:00,2024-04-09,0.2,0.25,0.2,0.2,1120,10840,0
FINNIFTY09APR2418900PE.NFO,2024-04-08,12:52:00,2024-04-09,0.25,0.25,0.25,0.25,280,10840,0
FINNIFTY09APR2418900PE.NFO,2024-04-08,12:53:00,2024-04-09,0.25,0.25,0.25,0.25,0,10840,0
FINNIFTY09APR2418900PE.NFO,2024-04-08,12:54:00,2024-04-09,0.25,0.25,0.25,0.25,0,10840,1
FINNIFTY09APR2418900PE.NFO,2024-04-08,12:55:00,2024-04-09,0.25,0.25,0.25,0.25,0,10840,0
FINNIFTY09APR2418900PE.NFO,2024-04-08,12:56:00,2024-04-09,0.25,0.25,0.25,0.25,0,10840,0
FINNIFTY09APR2418900PE.NFO,2024-04-08,12:57:00,2024-04-09,0.25,0.25,0.25,0.25,0,10840,0
FINNIFTY09APR2418900PE.NFO,2024-04-08,12:58:00,2024-04-09,0.3,0.3,0.3,0.3,40,10960,0
FINNIFTY09APR2418900PE.NFO,2024-04-08,12:59:00,2024-04-09,0.3,0.3,0.2,0.2,1120,10960,0
FINNIFTY09APR2418900PE.NFO,2024-04-08,13:00:00,2024-04-09,0.2,0.3,0.2,0.3,80,10960,0
FINNIFTY09APR2418900PE.NFO,2024-04-08,13:01:00,2024-04-09,0.3,0.3,0.3,0.3,0,10960,0
FINNIFTY09APR2418900PE.NFO,2024-04-08,13:02:00,2024-04-09,0.3,0.3,0.3,0.3,0,10960,1
FINNIFTY09APR2418900PE.NFO,2024-04-08,13:03:00,2024-04-09,0.3,0.3,0.2,0.2,0,11160,0
FINNIFTY09APR2418900PE.NFO,2024-04-08,13:04:00,2024-04-09,0.2,0.2,0.2,0.2,160,11160,0
FINNIFTY09APR2418900PE.NFO,2024-04-08,13:05:00,2024-04-09,0.3,0.35,0.3,0.35,9280,11160,0
FINNIFTY09APR2418900PE.NFO,2024-04-08,13:06:00,2024-04-09,0.35,0.35,0.35,0.35,0,11160,0
FINNIFTY09APR2418900PE.NFO,2024-04-08,13:07:00,2024-04-09,0.2,0.2,0.2,0.2,200,11400,0
FINNIFTY09APR2418900PE.NFO,2024-04-08,13:08:00,2024-04-09,0.2,0.2,0.2,0.2,0,11400,0
FINNIFTY09APR2418900PE.NFO,2024-04-08,13:09:00,2024-04-09,0.2,0.2,0.2,0.2,0,11400,0
FINNIFTY09APR2418900PE.NFO,2024-04-08,13:10:00,2024-04-09,0.25,0.25,0.25,0.25,200,11400,0
FINNIFTY09APR2418900PE.NFO,2024-04-08,13:11:00,2024-04-09,0.25,0.25,0.25,0.25,0,11400,0
FINNIFTY09APR2418900PE.NFO,2024-04-08,13:12:00,2024-04-09,0.25,0.25,0.25,0.25,0,11400,1
FINNIFTY09APR2418900PE.NFO,2024-04-08,13:13:00,2024-04-09,0.25,0.25,0.25,0.25,0,11400,1
FINNIFTY09APR2418900PE.NFO,2024-04-08,13:14:00,2024-04-09,0.25,0.25,0.25,0.25,0,11400,1
FINNIFTY09APR2418900PE.NFO,2024-04-08,13:15:00,2024-04-09,0.25,0.25,0.25,0.25,0,11400,0
FINNIFTY09APR2418900PE.NFO,2024-04-08,13:16:00,2024-04-09,0.25,0.25,0.25,0.25,0,11400,1
FINNIFTY09APR2418900PE.NFO,2024-04-08,13:17:00,2024-04-09,0.25,0.25,0.25,0.25,0,11400,1
FINNIFTY09APR2418900PE.NFO,2024-04-08,13:18:00,2024-04-09,0.25,0.25,0.25,0.25,0,11400,0
FINNIFTY09APR2418900PE.NFO,2024-04-08,13:19:00,2024-04-09,0.25,0.25,0.25,0.25,0,11400,1
FINNIFTY09APR2418900PE.NFO,2024-04-08,13:20:00,2024-04-09,0.25,0.25,0.25,0.25,0,11400,1
FINNIFTY09APR2418900PE.NFO,2024-04-08,13:21:00,2024-04-09,0.25,0.25,0.25,0.25,0,11400,1
FINNIFTY09APR2418900PE.NFO,2024-04-08,13:22:00,2024-04-09,0.25,0.25,0.25,0.25,0,11400,1
FINNIFTY09APR2418900PE.NFO,2024-04-08,13:23:00,2024-04-09,0.25,0.25,0.25,0.25,0,11400,1
FINNIFTY09APR2418900PE.NFO,2024-04-08,13:24:00,2024-04-09,0.25,0.25,0.25,0.25,0,11400,1
FINNIFTY09APR2418900PE.NFO,2024-04-08,13:25:00,2024-04-09,0.25,0.25,0.25,0.25,0,11400,1
FINNIFTY09APR2418900PE.NFO,2024-04-08,13:26:00,2024-04-09,0.25,0.25,0.25,0.25,80,11400,0
FINNIFTY09APR2418900PE.NFO,2024-04-08,13:27:00,2024-04-09,0.25,0.35,0.25,0.3,1640,11400,0
FINNIFTY09APR2418900PE.NFO,2024-04-08,13:28:00,2024-04-09,0.35,0.35,0.25,0.3,3800,12720,0
FINNIFTY09APR2418900PE.NFO,2024-04-08,13:29:00,2024-04-09,0.3,0.3,0.2,0.3,1480,12720,0
FINNIFTY09APR2418900PE.NFO,2024-04-08,13:30:00,2024-04-09,0.3,0.3,0.3,0.3,0,12720,0
FINNIFTY09APR2418900PE.NFO,2024-04-08,13:31:00,2024-04-09,0.3,0.3,0.3,0.3,0,12720,0
FINNIFTY09APR2418900PE.NFO,2024-04-08,13:32:00,2024-04-09,0.3,0.3,0.3,0.3,0,12720,0
FINNIFTY09APR2418900PE.NFO,2024-04-08,13:33:00,2024-04-09,0.3,0.3,0.3,0.3,0,12720,0
FINNIFTY09APR2418900PE.NFO,2024-04-08,13:34:00,2024-04-09,0.3,0.3,0.3,0.3,0,12720,1
FINNIFTY09APR2418900PE.NFO,2024-04-08,13:35:00,2024-04-09,0.2,0.2,0.2,0.2,640,14280,0
FINNIFTY09APR2418900PE.NFO,2024-04-08,13:36:00,2024-04-09,0.2,0.2,0.2,0.2,0,14280,0
FINNIFTY09APR2418900PE.NFO,2024-04-08,13:37:00,2024-04-09,0.2,0.2,0.2,0.2,0,14280,0
FINNIFTY09APR2418900PE.NFO,2024-04-08,13:38:00,2024-04-09,0.2,0.2,0.2,0.2,0,14280,0
FINNIFTY09APR2418900PE.NFO,2024-04-08,13:39:00,2024-04-09,0.2,0.2,0.2,0.2,0,14280,1
FINNIFTY09APR2418900PE.NFO,2024-04-08,13:40:00,2024-04-09,0.2,0.2,0.2,0.2,0,14280,1
FINNIFTY09APR2418900PE.NFO,2024-04-08,13:41:00,2024-04-09,0.2,0.2,0.2,0.2,0,14280,0
FINNIFTY09APR2418900PE.NFO,2024-04-08,13:42:00,2024-04-09,0.2,0.2,0.2,0.2,0,14280,0
FINNIFTY09APR2418900PE.NFO,2024-04-08,13:43:00,2024-04-09,0.2,0.2,0.2,0.2,0,14280,1
FINNIFTY09APR2418900PE.NFO,2024-04-08,13:44:00,2024-04-09,0.2,0.2,0.2,0.2,0,14280,1
FINNIFTY09APR2418900PE.NFO,2024-04-08,13:45:00,2024-04-09,0.2,0.2,0.2,0.2,0,14280,1
FINNIFTY09APR2418900PE.NFO,2024-04-08,13:46:00,2024-04-09,0.2,0.2,0.2,0.2,0,14280,1
FINNIFTY09APR2418900PE.NFO,2024-04-08,13:47:00,2024-04-09,0.2,0.2,0.2,0.2,0,14280,1
FINNIFTY09APR2418900PE.NFO,2024-04-08,13:48:00,2024-04-09,0.2,0.2,0.2,0.2,0,14280,1
FINNIFTY09APR2418900PE.NFO,2024-04-08,13:49:00,2024-04-09,0.2,0.2,0.2,0.2,0,14280,1
FINNIFTY09APR2418900PE.NFO,2024-04-08,13:50:00,2024-04-09,0.2,0.2,0.2,0.2,0,14280,1
FINNIFTY09APR2418900PE.NFO,2024-04-08,13:51:00,2024-04-09,0.2,0.2,0.2,0.2,0,14280,1
FINNIFTY09APR2418900PE.NFO,2024-04-08,13:52:00,2024-04-09,0.2,0.2,0.2,0.2,0,14280,1
FINNIFTY09APR2418900PE.NFO,2024-04-08,13:53:00,2024-04-09,0.2,0.2,0.2,0.2,0,14280,1
FINNIFTY09APR2418900PE.NFO,2024-04-08,13:54:00,2024-04-09,0.2,0.2,0.2,0.2,0,14280,0
FINNIFTY09APR2418900PE.NFO,2024-04-08,13:55:00,2024-04-09,0.2,0.2,0.2,0.2,0,14280,0
FINNIFTY09APR2418900PE.NFO,2024-04-08,13:56:00,2024-04-09,0.2,0.2,0.2,0.2,0,14280,1
FINNIFTY09APR2418900PE.NFO,2024-04-08,13:57:00,2024-04-09,0.2,0.2,0.2,0.2,0,14280,1
FINNIFTY09APR2418900PE.NFO,2024-04-08,13:58:00,2024-04-09,0.2,0.2,0.2,0.2,0,14280,0
FINNIFTY09APR2418900PE.NFO,2024-04-08,13:59:00,2024-04-09,0.2,0.2,0.2,0.2,0,14280,0
FINNIFTY09APR2418900PE.NFO,2024-04-08,14:00:00,2024-04-09,0.2,0.2,0.2,0.2,0,14280,1
FINNIFTY09APR2418900PE.NFO,2024-04-08,14:01:00,2024-04-09,0.2,0.2,0.2,0.2,0,14280,0
FINNIFTY09APR2418900PE.NFO,2024-04-08,14:02:00,2024-04-09,0.2,0.2,0.2,0.2,0,14280,1
FINNIFTY09APR2418900PE.NFO,2024-04-08,14:03:00,2024-04-09,0.2,0.2,0.2,0.2,0,14280,0
FINNIFTY09APR2418900PE.NFO,2024-04-08,14:04:00,2024-04-09,0.2,0.2,0.2,0.2,0,14280,0
FINNIFTY09APR2418900PE.NFO,2024-04-08,14:05:00,2024-04-09,0.2,0.2,0.2,0.2,0,14280,1
FINNIFTY09APR2418900PE.NFO,2024-04-08,14:06:00,2024-04-09,0.2,0.2,0.2,0.2,0,14280,1
FINNIFTY09APR2418900PE.NFO,2024-04-08,14:07:00,2024-04-09,0.2,0.2,0.2,0.2,0,14280,1
FINNIFTY09APR2418900PE.NFO,2024-04-08,14:08:00,2024-04-09,0.2,0.2,0.2,0.2,0,14280,1
FINNIFTY09APR2418900PE.NFO,2024-04-08,14:09:00,2024-04-09,0.2,0.2,0.2,0.2,0,14280,0
FINNIFTY09APR2418900PE.NFO,2024-04-08,14:10:00,2024-04-09,0.2,0.2,0.2,0.2,0,14280,1
FINNIFTY09APR2418900PE.NFO,2024-04-08,14:11:00,2024-04-09,0.2,0.2,0.2,0.2,0,14280,1
FINNIFTY09APR2418900PE.NFO,2024-04-08,14:12:00,2024-04-09,0.2,0.2,0.2,0.2,0,14280,1
FINNIFTY09APR2418900PE.NFO,2024-04-08,14:13:00,2024-04-09,0.2,0.2,0.2,0.2,0,14280,1
FINNIFTY09APR2418900PE.NFO,2024-04-08,14:14:00,2024-04-09,0.2,0.2,0.2,0.2,0,14280,0
FINNIFTY09APR2418900PE.NFO,2024-04-08,14:15:00,2024-04-09,0.2,0.2,0.2,0.2,0,14280,1
FINNIFTY09APR2418900PE.NFO,2024-04-08,14:16:00,2024-04-09,0.2,0.2,0.2,0.2,0,14280,0
FINNIFTY09APR2418900PE.NFO,2024-04-08,14:17:00,2024-04-09,0.2,0.2,0.2,0.2,0,14280,1
FINNIFTY09APR2418900PE.NFO,2024-04-08,14:18:00,2024-04-09,0.2,0.2,0.2,0.2,0,14280,0
FINNIFTY09APR2418900PE.NFO,2024-04-08,14:19:00,2024-04-09,0.2,0.2,0.2,0.2,0,14280,0
FINNIFTY09APR2418900PE.NFO,2024-04-08,14:20:00,2024-04-09,0.2,0.2,0.2,0.2,0,14280,1
FINNIFTY09APR2418900PE.NFO,2024-04-08,14:21:00,2024-04-09,0.2,0.2,0.2,0.2,0,14280,0
FINNIFTY09APR2418900PE.NFO,2024-04-08,14:22:00,2024-04-09,0.2,0.2,0.2,0.2,0,14280,1
FINNIFTY09APR2418900PE.NFO,2024-04-08,14:23:00,2024-04-09,0.2,0.2,0.2,0.2,0,14280,1
FINNIFTY09APR2418900PE.NFO,2024-04-08,14:24:00,2024-04-09,0.25,0.25,0.25,0.25,200,14280,0
FINNIFTY09APR2418900PE.NFO,2024-04-08,14:25:00,2024-04-09,0.25,0.25,0.25,0.25,0,14280,0
FINNIFTY09APR2418900PE.NFO,2024-04-08,14:26:00,2024-04-09,0.2,0.2,0.2,0.2,200,14280,0
FINNIFTY09APR2418900PE.NFO,2024-04-08,14:27:00,2024-04-09,0.2,0.2,0.2,0.2,0,14280,0
FINNIFTY09APR2418900PE.NFO,2024-04-08,14:28:00,2024-04-09,0.2,0.2,0.2,0.2,0,14280,1
FINNIFTY09APR2418900PE.NFO,2024-04-08,14:29:00,2024-04-09,0.2,0.2,0.2,0.2,0,14280,1
FINNIFTY09APR2418900PE.NFO,2024-04-08,14:30:00,2024-04-09,0.2,0.2,0.2,0.2,0,14280,1
FINNIFTY09APR2418900PE.NFO,2024-04-08,14:31:00,2024-04-09,0.2,0.2,0.2,0.2,200,14280,0
FINNIFTY09APR2418900PE.NFO,2024-04-08,14:32:00,2024-04-09,0.2,0.2,0.2,0.2,0,14280,0
FINNIFTY09APR2418900PE.NFO,2024-04-08,14:33:00,2024-04-09,0.25,0.25,0.2,0.25,360,14280,0
FINNIFTY09APR2418900PE.NFO,2024-04-08,14:34:00,2024-04-09,0.25,0.25,0.25,0.25,360,14280,1
FINNIFTY09APR2418900PE.NFO,2024-04-08,14:35:00,2024-04-09,0.25,0.25,0.25,0.25,0,14280,0
FINNIFTY09APR2418900PE.NFO,2024-04-08,14:36:00,2024-04-09,0.25,0.25,0.2,0.2,200,14200,0
FINNIFTY09APR2418900PE.NFO,2024-04-08,14:37:00,2024-04-09,0.2,0.2,0.2,0.2,0,14200,0
FINNIFTY09APR2418900PE.NFO,2024-04-08,14:38:00,2024-04-09,0.2,0.2,0.2,0.2,0,14200,1
FINNIFTY09APR2418900PE.NFO,2024-04-08,14:39:00,2024-04-09,0.2,0.2,0.2,0.2,0,14200,0
FINNIFTY09APR2418900PE.NFO,2024-04-08,14:40:00,2024-04-09,0.2,0.2,0.2,0.2,0,14200,0
FINNIFTY09APR2418900PE.NFO,2024-04-08,14:41:00,2024-04-09,0.2,0.2,0.2,0.2,0,14200,1
FINNIFTY09APR2418900PE.NFO,2024-04-08,14:42:00,2024-04-09,0.25,0.25,0.25,0.25,1080,14240,0
FINNIFTY09APR2418900PE.NFO,2024-04-08,14:43:00,2024-04-09,0.25,0.25,0.25,0.25,0,14240,0
FINNIFTY09APR2418900PE.NFO,2024-04-08,14:44:00,2024-04-09,0.25,0.25,0.25,0.25,1000,14360,0
FINNIFTY09APR2418900PE.NFO,2024-04-08,14:45:00,2024-04-09,0.25,0.25,0.25,0.25,400,14360,0
FINNIFTY09APR2418900PE.NFO,2024-04-08,14:46:00,2024-04-09,0.25,0.25,0.25,0.25,1000,14360,0
FINNIFTY09APR2418900PE.NFO,2024-04-08,14:47:00,2024-04-09,0.2,0.2,0.2,0.2,0,12360,0
FINNIFTY09APR2418900PE.NFO,2024-04-08,14:48:00,2024-04-09,0.2,0.2,0.2,0.2,200,12360,0
FINNIFTY09APR2418900PE.NFO,2024-04-08,14:49:00,2024-04-09,0.2,0.2,0.2,0.2,200,12360,1
FINNIFTY09APR2418900PE.NFO,2024-04-08,14:50:00,2024-04-09,0.2,0.2,0.2,0.2,200,12360,1
FINNIFTY09APR2418900PE.NFO,2024-04-08,14:51:00,2024-04-09,0.2,0.2,0.2,0.2,0,12360,0
FINNIFTY09APR2418900PE.NFO,2024-04-08,14:52:00,2024-04-09,0.2,0.2,0.2,0.2,0,12360,1
FINNIFTY09APR2418900PE.NFO,2024-04-08,14:53:00,2024-04-09,0.2,0.2,0.2,0.2,1320,12560,0
FINNIFTY09APR2418900PE.NFO,2024-04-08,14:54:00,2024-04-09,0.2,0.2,0.2,0.2,0,12560,0
FINNIFTY09APR2418900PE.NFO,2024-04-08,14:55:00,2024-04-09,0.2,0.2,0.2,0.2,0,12560,0
FINNIFTY09APR2418900PE.NFO,2024-04-08,14:56:00,2024-04-09,0.25,0.25,0.2,0.2,280,12560,0
FINNIFTY09APR2418900PE.NFO,2024-04-08,14:57:00,2024-04-09,0.2,0.2,0.2,0.2,320,12560,0
FINNIFTY09APR2418900PE.NFO,2024-04-08,14:58:00,2024-04-09,0.2,0.2,0.2,0.2,0,12560,0
FINNIFTY09APR2418900PE.NFO,2024-04-08,14:59:00,2024-04-09,0.2,0.2,0.2,0.2,200,12640,0
FINNIFTY09APR2418900PE.NFO,2024-04-08,15:00:00,2024-04-09,0.2,0.2,0.2,0.2,200,12640,1
FINNIFTY09APR2418900PE.NFO,2024-04-08,15:01:00,2024-04-09,0.2,0.2,0.2,0.2,200,12640,1
FINNIFTY09APR2418900PE.NFO,2024-04-08,15:02:00,2024-04-09,0.2,0.2,0.2,0.2,200,12640,1
FINNIFTY09APR2418900PE.NFO,2024-04-08,15:03:00,2024-04-09,0.2,0.2,0.2,0.2,200,12840,0
FINNIFTY09APR2418900PE.NFO,2024-04-08,15:04:00,2024-04-09,0.2,0.2,0.2,0.2,200,13040,0
FINNIFTY09APR2418900PE.NFO,2024-04-08,15:05:00,2024-04-09,0.2,0.2,0.2,0.2,0,13040,0
FINNIFTY09APR2418900PE.NFO,2024-04-08,15:06:00,2024-04-09,0.2,0.2,0.2,0.2,0,13040,1
FINNIFTY09APR2418900PE.NFO,2024-04-08,15:07:00,2024-04-09,0.25,0.25,0.25,0.25,240,13040,0
FINNIFTY09APR2418900PE.NFO,2024-04-08,15:08:00,2024-04-09,0.25,0.25,0.25,0.25,560,13280,0
FINNIFTY09APR2418900PE.NFO,2024-04-08,15:09:00,2024-04-09,0.25,0.25,0.25,0.25,560,13280,1
FINNIFTY09APR2418900PE.NFO,2024-04-08,15:10:00,2024-04-09,0.25,0.25,0.25,0.25,0,13280,0
FINNIFTY09APR2418900PE.NFO,2024-04-08,15:11:00,2024-04-09,0.25,0.25,0.2,0.2,960,13280,0
FINNIFTY09APR2418900PE.NFO,2024-04-08,15:12:00,2024-04-09,0.2,0.25,0.2,0.25,40,13280,0
FINNIFTY09APR2418900PE.NFO,2024-04-08,15:13:00,2024-04-09,0.25,0.25,0.25,0.25,40,13280,1
FINNIFTY09APR2418900PE.NFO,2024-04-08,15:14:00,2024-04-09,0.25,0.25,0.25,0.25,40,13280,1
FINNIFTY09APR2418900PE.NFO,2024-04-08,15:15:00,2024-04-09,0.2,0.2,0.2,0.2,40,13440,0
FINNIFTY09APR2418900PE.NFO,2024-04-08,15:16:00,2024-04-09,0.2,0.2,0.2,0.2,200,13440,0
FINNIFTY09APR2418900PE.NFO,2024-04-08,15:17:00,2024-04-09,0.2,0.2,0.2,0.2,40,13440,0
FINNIFTY09APR2418900PE.NFO,2024-04-08,15:18:00,2024-04-09,0.2,0.2,0.2,0.2,1040,13440,0
FINNIFTY09APR2418900PE.NFO,2024-04-08,15:19:00,2024-04-09,0.15,0.15,0.15,0.15,560,12600,0
FINNIFTY09APR2418900PE.NFO,2024-04-08,15:20:00,2024-04-09,0.2,0.2,0.2,0.2,160,12600,0
FINNIFTY09APR2418900PE.NFO,2024-04-08,15:21:00,2024-04-09,0.35,0.35,0.35,0.35,200,12600,0
FINNIFTY09APR2418900PE.NFO,2024-04-08,15:22:00,2024-04-09,0.2,0.2,0.2,0.2,440,12600,0
FINNIFTY09APR2418900PE.NFO,2024-04-08,15:23:00,2024-04-09,0.2,0.2,0.2,0.2,0,12600,0
FINNIFTY09APR2418900PE.NFO,2024-04-08,15:24:00,2024-04-09,0.2,0.2,0.2,0.2,0,12600,0
FINNIFTY09APR2418900PE.NFO,2024-04-08,15:25:00,2024-04-09,0.2,0.2,0.2,0.2,0,12600,0
FINNIFTY09APR2418900PE.NFO,2024-04-08,15:26:00,2024-04-09,0.2,0.2,0.2,0.2,0,12600,0
FINNIFTY09APR2418900PE.NFO,2024-04-08,15:27:00,2024-04-09,0.2,0.25,0.2,0.25,80,13040,0
FINNIFTY09APR2418900PE.NFO,2024-04-08,15:28:00,2024-04-09,0.25,0.3,0.25,0.3,120,13040,0
FINNIFTY09APR2418900PE.NFO,2024-04-08,15:29:00,2024-04-09,0.3,0.35,0.3,0.3,840,13040,0
FINNIFTY09APR2418900PE.NFO,2024-04-08,15:30:00,2024-04-09,0.3,0.3,0.3,0.3,840,13040,1
FINNIFTY09APR2418900PE.NFO,2024-04-09,09:15:00,2024-04-09,0.2,0.2,0.2,0.2,0,12840,0
FINNIFTY09APR2418900PE.NFO,2024-04-09,09:16:00,2024-04-09,0.2,0.2,0.15,0.15,10640,12840,0
FINNIFTY09APR2418900PE.NFO,2024-04-09,09:17:00,2024-04-09,0.15,0.15,0.15,0.15,0,12840,0
FINNIFTY09APR2418900PE.NFO,2024-04-09,09:18:00,2024-04-09,0.15,0.2,0.15,0.2,2520,12840,0
FINNIFTY09APR2418900PE.NFO,2024-04-09,09:19:00,2024-04-09,0.2,0.2,0.2,0.2,0,12840,0
FINNIFTY09APR2418900PE.NFO,2024-04-09,09:20:00,2024-04-09,0.2,0.2,0.2,0.2,0,12840,0
FINNIFTY09APR2418900PE.NFO,2024-04-09,09:21:00,2024-04-09,0.2,0.2,0.2,0.2,0,12840,0
FINNIFTY09APR2418900PE.NFO,2024-04-09,09:22:00,2024-04-09,0.2,0.2,0.2,0.2,0,12840,0
FINNIFTY09APR2418900PE.NFO,2024-04-09,09:23:00,2024-04-09,0.2,0.2,0.2,0.2,680,11240,0
FINNIFTY09APR2418900PE.NFO,2024-04-09,09:24:00,2024-04-09,0.2,0.2,0.2,0.2,640,11240,0
FINNIFTY09APR2418900PE.NFO,2024-04-09,09:25:00,2024-04-09,0.2,0.2,0.2,0.2,0,11240,0
FINNIFTY09APR2418900PE.NFO,2024-04-09,09:26:00,2024-04-09,0.2,0.2,0.2,0.2,0,11240,0
FINNIFTY09APR2418900PE.NFO,2024-04-09,09:27:00,2024-04-09,0.2,0.2,0.2,0.2,40,10080,0
FINNIFTY09APR2418900PE.NFO,2024-04-09,09:28:00,2024-04-09,0.2,0.2,0.2,0.2,680,10080,0
FINNIFTY09APR2418900PE.NFO,2024-04-09,09:29:00,2024-04-09,0.2,0.2,0.15,0.15,120,10080,0
FINNIFTY09APR2418900PE.NFO,2024-04-09,09:30:00,2024-04-09,0.15,0.15,0.15,0.15,0,10080,0
FINNIFTY09APR2418900PE.NFO,2024-04-09,09:31:00,2024-04-09,0.15,0.15,0.15,0.15,0,10080,0
FINNIFTY09APR2418900PE.NFO,2024-04-09,09:32:00,2024-04-09,0.15,0.15,0.15,0.15,0,10080,0
FINNIFTY09APR2418900PE.NFO,2024-04-09,09:33:00,2024-04-09,0.15,0.15,0.15,0.15,200,9680,0
FINNIFTY09APR2418900PE.NFO,2024-04-09,09:34:00,2024-04-09,0.15,0.15,0.15,0.15,0,9680,0
FINNIFTY09APR2418900PE.NFO,2024-04-09,09:35:00,2024-04-09,0.15,0.15,0.15,0.15,0,9680,0
FINNIFTY09APR2418900PE.NFO,2024-04-09,09:36:00,2024-04-09,0.15,0.15,0.15,0.15,0,9680,0
FINNIFTY09APR2418900PE.NFO,2024-04-09,09:37:00,2024-04-09,0.15,0.15,0.15,0.15,0,9680,0
FINNIFTY09APR2418900PE.NFO,2024-04-09,09:38:00,2024-04-09,0.15,0.15,0.15,0.15,0,9680,0
FINNIFTY09APR2418900PE.NFO,2024-04-09,09:39:00,2024-04-09,0.15,0.15,0.15,0.15,40,9840,0
FINNIFTY09APR2418900PE.NFO,2024-04-09,09:40:00,2024-04-09,0.15,0.2,0.15,0.15,80,9840,0
FINNIFTY09APR2418900PE.NFO,2024-04-09,09:41:00,2024-04-09,0.15,0.15,0.15,0.15,0,9840,0
FINNIFTY09APR2418900PE.NFO,2024-04-09,09:42:00,2024-04-09,0.15,0.15,0.15,0.15,0,9840,0
FINNIFTY09APR2418900PE.NFO,2024-04-09,09:43:00,2024-04-09,0.15,0.15,0.15,0.15,0,9840,0
FINNIFTY09APR2418900PE.NFO,2024-04-09,09:44:00,2024-04-09,0.15,0.15,0.15,0.15,0,9840,0
FINNIFTY09APR2418900PE.NFO,2024-04-09,09:45:00,2024-04-09,0.15,0.15,0.15,0.15,0,9840,0
FINNIFTY09APR2418900PE.NFO,2024-04-09,09:46:00,2024-04-09,0.15,0.15,0.15,0.15,0,9840,0
FINNIFTY09APR2418900PE.NFO,2024-04-09,09:47:00,2024-04-09,0.15,0.15,0.15,0.15,0,9840,0
FINNIFTY09APR2418900PE.NFO,2024-04-09,09:48:00,2024-04-09,0.15,0.15,0.15,0.15,0,9840,0
FINNIFTY09APR2418900PE.NFO,2024-04-09,09:49:00,2024-04-09,0.15,0.15,0.15,0.15,0,9840,0
FINNIFTY09APR2418900PE.NFO,2024-04-09,09:50:00,2024-04-09,0.15,0.15,0.15,0.15,0,9840,0
FINNIFTY09APR2418900PE.NFO,2024-04-09,09:51:00,2024-04-09,0.15,0.15,0.15,0.15,0,9840,0
FINNIFTY09APR2418900PE.NFO,2024-04-09,09:52:00,2024-04-09,0.15,0.15,0.15,0.15,0,9840,0
FINNIFTY09APR2418900PE.NFO,2024-04-09,09:53:00,2024-04-09,0.15,0.15,0.15,0.15,0,9840,0
FINNIFTY09APR2418900PE.NFO,2024-04-09,09:54:00,2024-04-09,0.15,0.15,0.15,0.15,0,9840,0
FINNIFTY09APR2418900PE.NFO,2024-04-09,09:55:00,2024-04-09,0.15,0.15,0.15,0.15,0,9840,0
FINNIFTY09APR2418900PE.NFO,2024-04-09,09:56:00,2024-04-09,0.15,0.2,0.15,0.2,840,9840,0
FINNIFTY09APR2418900PE.NFO,2024-04-09,09:57:00,2024-04-09,0.2,0.2,0.2,0.2,0,9840,0
FINNIFTY09APR2418900PE.NFO,2024-04-09,09:58:00,2024-04-09,0.2,0.2,0.2,0.2,0,9840,0
FINNIFTY09APR2418900PE.NFO,2024-04-09,09:59:00,2024-04-09,0.2,0.2,0.2,0.2,0,9840,0
FINNIFTY09APR2418900PE.NFO,2024-04-09,10:00:00,2024-04-09,0.2,0.2,0.2,0.2,0,9840,0
FINNIFTY09APR2418900PE.NFO,2024-04-09,10:01:00,2024-04-09,0.2,0.2,0.2,0.2,400,9000,0
FINNIFTY09APR2418900PE.NFO,2024-04-09,10:02:00,2024-04-09,0.2,0.2,0.2,0.2,0,9000,0
FINNIFTY09APR2418900PE.NFO,2024-04-09,10:03:00,2024-04-09,0.2,0.2,0.2,0.2,0,9000,0
FINNIFTY09APR2418900PE.NFO,2024-04-09,10:04:00,2024-04-09,0.2,0.2,0.2,0.2,0,9000,0
FINNIFTY09APR2418900PE.NFO,2024-04-09,10:05:00,2024-04-09,0.2,0.2,0.2,0.2,0,9000,0
FINNIFTY09APR2418900PE.NFO,2024-04-09,10:06:00,2024-04-09,0.2,0.2,0.2,0.2,0,9000,0
FINNIFTY09APR2418900PE.NFO,2024-04-09,10:07:00,2024-04-09,0.2,0.2,0.2,0.2,0,9000,0
FINNIFTY09APR2418900PE.NFO,2024-04-09,10:08:00,2024-04-09,0.2,0.2,0.2,0.2,0,9000,0
FINNIFTY09APR2418900PE.NFO,2024-04-09,10:09:00,2024-04-09,0.2,0.2,0.2,0.2,0,9000,0
FINNIFTY09APR2418900PE.NFO,2024-04-09,10:10:00,2024-04-09,0.2,0.2,0.2,0.2,0,9000,0
FINNIFTY09APR2418900PE.NFO,2024-04-09,10:11:00,2024-04-09,0.2,0.2,0.2,0.2,0,9000,0
FINNIFTY09APR2418900PE.NFO,2024-04-09,10:12:00,2024-04-09,0.2,0.2,0.2,0.2,0,9000,0
FINNIFTY09APR2418900PE.NFO,2024-04-09,10:13:00,2024-04-09,0.2,0.2,0.2,0.2,0,9000,0
FINNIFTY09APR2418900PE.NFO,2024-04-09,10:14:00,2024-04-09,0.2,0.2,0.2,0.2,0,9000,0
FINNIFTY09APR2418900PE.NFO,2024-04-09,10:15:00,2024-04-09,0.2,0.2,0.2,0.2,0,9000,0
FINNIFTY09APR2418900PE.NFO,2024-04-09,10:16:00,2024-04-09,0.2,0.2,0.2,0.2,0,9000,0
FINNIFTY09APR2418900PE.NFO,2024-04-09,10:17:00,2024-04-09,0.2,0.2,0.2,0.2,0,9000,0
FINNIFTY09APR2418900PE.NFO,2024-04-09,10:18:00,2024-04-09,0.2,0.2,0.2,0.2,0,9000,0
FINNIFTY09APR2418900PE.NFO,2024-04-09,10:19:00,2024-04-09,0.2,0.2,0.2,0.2,0,9000,0
FINNIFTY09APR2418900PE.NFO,2024-04-09,10:20:00,2024-04-09,0.2,0.2,0.2,0.2,0,9000,0
FINNIFTY09APR2418900PE.NFO,2024-04-09,10:21:00,2024-04-09,0.2,0.2,0.2,0.2,0,9000,0
FINNIFTY09APR2418900PE.NFO,2024-04-09,10:22:00,2024-04-09,0.2,0.2,0.2,0.2,0,9000,0
FINNIFTY09APR2418900PE.NFO,2024-04-09,10:23:00,2024-04-09,0.2,0.2,0.2,0.2,0,9000,0
FINNIFTY09APR2418900PE.NFO,2024-04-09,10:24:00,2024-04-09,0.2,0.2,0.2,0.2,0,9000,0
FINNIFTY09APR2418900PE.NFO,2024-04-09,10:25:00,2024-04-09,0.2,0.2,0.2,0.2,40,9000,0
FINNIFTY09APR2418900PE.NFO,2024-04-09,10:26:00,2024-04-09,0.2,0.2,0.2,0.2,0,9000,0
FINNIFTY09APR2418900PE.NFO,2024-04-09,10:27:00,2024-04-09,0.2,0.2,0.2,0.2,0,9000,0
FINNIFTY09APR2418900PE.NFO,2024-04-09,10:28:00,2024-04-09,0.2,0.2,0.15,0.15,120,9000,0
FINNIFTY09APR2418900PE.NFO,2024-04-09,10:29:00,2024-04-09,0.15,0.15,0.15,0.15,800,9000,0
FINNIFTY09APR2418900PE.NFO,2024-04-09,10:30:00,2024-04-09,0.15,0.15,0.15,0.15,0,9000,0
FINNIFTY09APR2418900PE.NFO,2024-04-09,10:31:00,2024-04-09,0.15,0.15,0.15,0.15,2840,9000,0
FINNIFTY09APR2418900PE.NFO,2024-04-09,10:32:00,2024-04-09,0.15,0.15,0.15,0.15,0,9000,0
FINNIFTY09APR2418900PE.NFO,2024-04-09,10:33:00,2024-04-09,0.15,0.15,0.15,0.15,0,9000,0
FINNIFTY09APR2418900PE.NFO,2024-04-09,10:34:00,2024-04-09,0.15,0.15,0.15,0.15,6600,9000,0
FINNIFTY09APR2418900PE.NFO,2024-04-09,10:35:00,2024-04-09,0.15,0.15,0.15,0.15,0,9000,0
FINNIFTY09APR2418900PE.NFO,2024-04-09,10:36:00,2024-04-09,0.15,0.15,0.15,0.15,40,9000,0
FINNIFTY09APR2418900PE.NFO,2024-04-09,10:37:00,2024-04-09,0.15,0.15,0.15,0.15,40,9480,0
FINNIFTY09APR2418900PE.NFO,2024-04-09,10:38:00,2024-04-09,0.15,0.15,0.15,0.15,0,9480,0
FINNIFTY09APR2418900PE.NFO,2024-04-09,10:39:00,2024-04-09,0.15,0.15,0.15,0.15,0,9480,0
FINNIFTY09APR2418900PE.NFO,2024-04-09,10:40:00,2024-04-09,0.15,0.15,0.15,0.15,0,9480,0
FINNIFTY09APR2418900PE.NFO,2024-04-09,10:41:00,2024-04-09,0.15,0.15,0.15,0.15,0,9480,0
FINNIFTY09APR2418900PE.NFO,2024-04-09,10:42:00,2024-04-09,0.15,0.15,0.15,0.15,0,9480,0
FINNIFTY09APR2418900PE.NFO,2024-04-09,10:43:00,2024-04-09,0.15,0.15,0.15,0.15,0,9480,0
FINNIFTY09APR2418900PE.NFO,2024-04-09,10:44:00,2024-04-09,0.15,0.15,0.15,0.15,480,9520,0
FINNIFTY09APR2418900PE.NFO,2024-04-09,10:45:00,2024-04-09,0.15,0.15,0.15,0.15,0,9520,0
FINNIFTY09APR2418900PE.NFO,2024-04-09,10:46:00,2024-04-09,0.15,0.15,0.15,0.15,0,9520,0
FINNIFTY09APR2418900PE.NFO,2024-04-09,10:47:00,2024-04-09,0.15,0.15,0.15,0.15,0,9520,0
FINNIFTY09APR2418900PE.NFO,2024-04-09,10:48:00,2024-04-09,0.15,0.15,0.15,0.15,0,9520,0
FINNIFTY09APR2418900PE.NFO,2024-04-09,10:49:00,2024-04-09,0.15,0.15,0.15,0.15,0,9520,0
FINNIFTY09APR2418900PE.NFO,2024-04-09,10:50:00,2024-04-09,0.15,0.15,0.15,0.15,0,9520,0
FINNIFTY09APR2418900PE.NFO,2024-04-09,10:51:00,2024-04-09,0.15,0.15,0.15,0.15,0,9520,0
FINNIFTY09APR2418900PE.NFO,2024-04-09,10:52:00,2024-04-09,0.15,0.15,0.15,0.15,0,9520,0
FINNIFTY09APR2418900PE.NFO,2024-04-09,10:53:00,2024-04-09,0.15,0.15,0.15,0.15,0,9520,0
FINNIFTY09APR2418900PE.NFO,2024-04-09,10:54:00,2024-04-09,0.15,0.15,0.15,0.15,0,9520,0
FINNIFTY09APR2418900PE.NFO,2024-04-09,10:55:00,2024-04-09,0.15,0.15,0.15,0.15,0,9520,0
FINNIFTY09APR2418900PE.NFO,2024-04-09,10:56:00,2024-04-09,0.15,0.15,0.15,0.15,0,9520,0
FINNIFTY09APR2418900PE.NFO,2024-04-09,10:57:00,2024-04-09,0.15,0.15,0.15,0.15,0,9520,0
FINNIFTY09APR2418900PE.NFO,2024-04-09,10:58:00,2024-04-09,0.15,0.15,0.15,0.15,920,9720,0
FINNIFTY09APR2418900PE.NFO,2024-04-09,10:59:00,2024-04-09,0.15,0.15,0.15,0.15,0,9720,0
FINNIFTY09APR2418900PE.NFO,2024-04-09,11:00:00,2024-04-09,0.15,0.15,0.15,0.15,0,9720,0
FINNIFTY09APR2418900PE.NFO,2024-04-09,11:01:00,2024-04-09,0.15,0.15,0.15,0.15,0,9720,0
FINNIFTY09APR2418900PE.NFO,2024-04-09,11:02:00,2024-04-09,0.15,0.15,0.15,0.15,0,9720,0
FINNIFTY09APR2418900PE.NFO,2024-04-09,11:03:00,2024-04-09,0.15,0.15,0.15,0.15,0,9720,0
FINNIFTY09APR2418900PE.NFO,2024-04-09,11:04:00,2024-04-09,0.15,0.15,0.15,0.15,0,9720,0
FINNIFTY09APR2418900PE.NFO,2024-04-09,11:05:00,2024-04-09,0.15,0.15,0.15,0.15,0,9720,0
FINNIFTY09APR2418900PE.NFO,2024-04-09,11:06:00,2024-04-09,0.15,0.15,0.15,0.15,0,9720,0
FINNIFTY09APR2418900PE.NFO,2024-04-09,11:07:00,2024-04-09,0.15,0.15,0.15,0.15,0,9720,0
FINNIFTY09APR2418900PE.NFO,2024-04-09,11:08:00,2024-04-09,0.15,0.15,0.15,0.15,0,9720,0
FINNIFTY09APR2418900PE.NFO,2024-04-09,11:09:00,2024-04-09,0.15,0.15,0.15,0.15,0,9720,0
FINNIFTY09APR2418900PE.NFO,2024-04-09,11:10:00,2024-04-09,0.15,0.15,0.15,0.15,40,9840,0
FINNIFTY09APR2418900PE.NFO,2024-04-09,11:11:00,2024-04-09,0.15,0.15,0.15,0.15,0,9840,0
FINNIFTY09APR2418900PE.NFO,2024-04-09,11:12:00,2024-04-09,0.15,0.15,0.15,0.15,0,9840,0
FINNIFTY09APR2418900PE.NFO,2024-04-09,11:13:00,2024-04-09,0.15,0.15,0.15,0.15,0,9840,0
FINNIFTY09APR2418900PE.NFO,2024-04-09,11:14:00,2024-04-09,0.15,0.15,0.15,0.15,0,9840,0
FINNIFTY09APR2418900PE.NFO,2024-04-09,11:15:00,2024-04-09,0.15,0.15,0.15,0.15,0,9840,0
FINNIFTY09APR2418900PE.NFO,2024-04-09,11:16:00,2024-04-09,0.15,0.15,0.15,0.15,0,9840,0
FINNIFTY09APR2418900PE.NFO,2024-04-09,11:17:00,2024-04-09,0.15,0.15,0.15,0.15,0,9840,0
FINNIFTY09APR2418900PE.NFO,2024-04-09,11:18:00,2024-04-09,0.15,0.15,0.15,0.15,0,9840,0
FINNIFTY09APR2418900PE.NFO,2024-04-09,11:19:00,2024-04-09,0.15,0.15,0.15,0.15,0,9840,0
FINNIFTY09APR2418900PE.NFO,2024-04-09,11:20:00,2024-04-09,0.15,0.15,0.15,0.15,0,9840,0
FINNIFTY09APR2418900PE.NFO,2024-04-09,11:21:00,2024-04-09,0.15,0.15,0.15,0.15,0,9840,0
FINNIFTY09APR2418900PE.NFO,2024-04-09,11:22:00,2024-04-09,0.15,0.15,0.15,0.15,0,9840,0
FINNIFTY09APR2418900PE.NFO,2024-04-09,11:23:00,2024-04-09,0.15,0.15,0.15,0.15,0,9840,0
FINNIFTY09APR2418900PE.NFO,2024-04-09,11:24:00,2024-04-09,0.15,0.15,0.15,0.15,0,9840,0
FINNIFTY09APR2418900PE.NFO,2024-04-09,11:25:00,2024-04-09,0.15,0.15,0.15,0.15,0,9840,0
FINNIFTY09APR2418900PE.NFO,2024-04-09,11:26:00,2024-04-09,0.15,0.15,0.15,0.15,0,9840,0
FINNIFTY09APR2418900PE.NFO,2024-04-09,11:27:00,2024-04-09,0.15,0.15,0.15,0.15,0,9840,0
FINNIFTY09APR2418900PE.NFO,2024-04-09,11:28:00,2024-04-09,0.15,0.15,0.15,0.15,0,9840,0
FINNIFTY09APR2418900PE.NFO,2024-04-09,11:29:00,2024-04-09,0.15,0.15,0.15,0.15,0,9840,0
FINNIFTY09APR2418900PE.NFO,2024-04-09,11:30:00,2024-04-09,0.15,0.15,0.15,0.15,0,9840,0
FINNIFTY09APR2418900PE.NFO,2024-04-09,11:31:00,2024-04-09,0.15,0.15,0.15,0.15,0,9840,0
FINNIFTY09APR2418900PE.NFO,2024-04-09,11:32:00,2024-04-09,0.15,0.15,0.15,0.15,0,9840,0
FINNIFTY09APR2418900PE.NFO,2024-04-09,11:33:00,2024-04-09,0.15,0.15,0.15,0.15,0,9840,0
FINNIFTY09APR2418900PE.NFO,2024-04-09,11:34:00,2024-04-09,0.15,0.15,0.1,0.1,520,9800,0
FINNIFTY09APR2418900PE.NFO,2024-04-09,11:35:00,2024-04-09,0.1,0.1,0.1,0.1,0,9800,0
FINNIFTY09APR2418900PE.NFO,2024-04-09,11:36:00,2024-04-09,0.1,0.1,0.1,0.1,0,9800,0
FINNIFTY09APR2418900PE.NFO,2024-04-09,11:37:00,2024-04-09,0.1,0.1,0.1,0.1,0,9800,0
FINNIFTY09APR2418900PE.NFO,2024-04-09,11:38:00,2024-04-09,0.1,0.1,0.1,0.1,0,9800,0
FINNIFTY09APR2418900PE.NFO,2024-04-09,11:39:00,2024-04-09,0.1,0.1,0.1,0.1,0,9800,0
FINNIFTY09APR2418900PE.NFO,2024-04-09,11:40:00,2024-04-09,0.1,0.1,0.1,0.1,0,9800,0
FINNIFTY09APR2418900PE.NFO,2024-04-09,11:41:00,2024-04-09,0.1,0.1,0.1,0.1,0,9800,0
FINNIFTY09APR2418900PE.NFO,2024-04-09,11:42:00,2024-04-09,0.1,0.1,0.1,0.1,0,9800,0
FINNIFTY09APR2418900PE.NFO,2024-04-09,11:43:00,2024-04-09,0.1,0.1,0.1,0.1,0,9800,0
FINNIFTY09APR2418900PE.NFO,2024-04-09,11:44:00,2024-04-09,0.1,0.1,0.1,0.1,0,9800,0
FINNIFTY09APR2418900PE.NFO,2024-04-09,11:45:00,2024-04-09,0.1,0.1,0.1,0.1,0,9800,0
FINNIFTY09APR2418900PE.NFO,2024-04-09,11:46:00,2024-04-09,0.1,0.1,0.1,0.1,0,9800,0
FINNIFTY09APR2418900PE.NFO,2024-04-09,11:47:00,2024-04-09,0.1,0.1,0.1,0.1,0,9800,0
FINNIFTY09APR2418900PE.NFO,2024-04-09,11:48:00,2024-04-09,0.1,0.1,0.1,0.1,0,9800,0
FINNIFTY09APR2418900PE.NFO,2024-04-09,11:49:00,2024-04-09,0.1,0.1,0.1,0.1,0,9800,0
FINNIFTY09APR2418900PE.NFO,2024-04-09,11:50:00,2024-04-09,0.1,0.1,0.1,0.1,0,9800,0
FINNIFTY09APR2418900PE.NFO,2024-04-09,11:51:00,2024-04-09,0.1,0.1,0.1,0.1,0,9800,0
FINNIFTY09APR2418900PE.NFO,2024-04-09,11:52:00,2024-04-09,0.1,0.1,0.1,0.1,0,9800,0
FINNIFTY09APR2418900PE.NFO,2024-04-09,11:53:00,2024-04-09,0.1,0.1,0.1,0.1,0,9800,0
FINNIFTY09APR2418900PE.NFO,2024-04-09,11:54:00,2024-04-09,0.1,0.15,0.1,0.15,1240,10360,0
FINNIFTY09APR2418900PE.NFO,2024-04-09,11:55:00,2024-04-09,0.15,0.2,0.15,0.2,1960,10360,0
FINNIFTY09APR2418900PE.NFO,2024-04-09,11:56:00,2024-04-09,0.2,0.2,0.2,0.2,0,10360,0
FINNIFTY09APR2418900PE.NFO,2024-04-09,11:57:00,2024-04-09,0.2,0.2,0.2,0.2,0,10360,0
FINNIFTY09APR2418900PE.NFO,2024-04-09,11:58:00,2024-04-09,0.2,0.2,0.2,0.2,0,10360,0
FINNIFTY09APR2418900PE.NFO,2024-04-09,11:59:00,2024-04-09,0.2,0.2,0.2,0.2,0,10360,0
FINNIFTY09APR2418900PE.NFO,2024-04-09,12:00:00,2024-04-09,0.2,0.2,0.2,0.2,0,10360,0
FINNIFTY09APR2418900PE.NFO,2024-04-09,12:01:00,2024-04-09,0.2,0.2,0.15,0.15,1000,11440,0
FINNIFTY09APR2418900PE.NFO,2024-04-09,12:02:00,2024-04-09,0.15,0.15,0.15,0.15,0,11440,0
FINNIFTY09APR2418900PE.NFO,2024-04-09,12:03:00,2024-04-09,0.15,0.15,0.15,0.15,280,11440,0
FINNIFTY09APR2418900PE.NFO,2024-04-09,12:04:00,2024-04-09,0.15,0.15,0.15,0.15,0,11440,0
FINNIFTY09APR2418900PE.NFO,2024-04-09,12:05:00,2024-04-09,0.15,0.15,0.15,0.15,0,11440,0
FINNIFTY09APR2418900PE.NFO,2024-04-09,12:06:00,2024-04-09,0.15,0.15,0.15,0.15,0,11440,0
FINNIFTY09APR2418900PE.NFO,2024-04-09,12:07:00,2024-04-09,0.15,0.15,0.15,0.15,0,11440,0
FINNIFTY09APR2418900PE.NFO,2024-04-09,12:08:00,2024-04-09,0.15,0.15,0.15,0.15,0,11440,0
FINNIFTY09APR2418900PE.NFO,2024-04-09,12:09:00,2024-04-09,0.15,0.15,0.15,0.15,0,11440,0
FINNIFTY09APR2418900PE.NFO,2024-04-09,12:10:00,2024-04-09,0.15,0.15,0.15,0.15,0,11440,0
FINNIFTY09APR2418900PE.NFO,2024-04-09,12:11:00,2024-04-09,0.15,0.15,0.15,0.15,0,11440,0
FINNIFTY09APR2418900PE.NFO,2024-04-09,12:12:00,2024-04-09,0.15,0.15,0.15,0.15,0,11440,0
FINNIFTY09APR2418900PE.NFO,2024-04-09,12:13:00,2024-04-09,0.15,0.2,0.15,0.2,280,12120,0
FINNIFTY09APR2418900PE.NFO,2024-04-09,12:14:00,2024-04-09,0.2,0.2,0.2,0.2,0,12120,0
FINNIFTY09APR2418900PE.NFO,2024-04-09,12:15:00,2024-04-09,0.2,0.2,0.2,0.2,0,12120,0
FINNIFTY09APR2418900PE.NFO,2024-04-09,12:16:00,2024-04-09,0.2,0.2,0.15,0.15,1000,11840,0
FINNIFTY09APR2418900PE.NFO,2024-04-09,12:17:00,2024-04-09,0.15,0.15,0.15,0.15,0,11840,0
FINNIFTY09APR2418900PE.NFO,2024-04-09,12:18:00,2024-04-09,0.15,0.15,0.15,0.15,0,11840,0
FINNIFTY09APR2418900PE.NFO,2024-04-09,12:19:00,2024-04-09,0.15,0.2,0.15,0.15,3280,11920,0
FINNIFTY09APR2418900PE.NFO,2024-04-09,12:20:00,2024-04-09,0.15,0.2,0.15,0.15,360,11920,0
FINNIFTY09APR2418900PE.NFO,2024-04-09,12:21:00,2024-04-09,0.15,0.15,0.15,0.15,0,11920,0
FINNIFTY09APR2418900PE.NFO,2024-04-09,12:22:00,2024-04-09,0.15,0.15,0.15,0.15,200,9800,0
FINNIFTY09APR2418900PE.NFO,2024-04-09,12:23:00,2024-04-09,0.15,0.15,0.15,0.15,0,9800,0
FINNIFTY09APR2418900PE.NFO,2024-04-09,12:24:00,2024-04-09,0.15,0.2,0.15,0.2,0,9800,0
FINNIFTY09APR2418900PE.NFO,2024-04-09,12:25:00,2024-04-09,0.2,0.2,0.2,0.2,560,9600,0
FINNIFTY09APR2418900PE.NFO,2024-04-09,12:26:00,2024-04-09,0.2,0.2,0.2,0.2,0,9600,0
FINNIFTY09APR2418900PE.NFO,2024-04-09,12:27:00,2024-04-09,0.2,0.2,0.2,0.2,0,9600,0
FINNIFTY09APR2418900PE.NFO,2024-04-09,12:28:00,2024-04-09,0.2,0.2,0.2,0.2,0,9600,0
FINNIFTY09APR2418900PE.NFO,2024-04-09,12:29:00,2024-04-09,0.2,0.2,0.2,0.2,0,9600,0
FINNIFTY09APR2418900PE.NFO,2024-04-09,12:30:00,2024-04-09,0.2,0.2,0.2,0.2,0,9600,0
FINNIFTY09APR2418900PE.NFO,2024-04-09,12:31:00,2024-04-09,0.2,0.2,0.2,0.2,0,9600,0
FINNIFTY09APR2418900PE.NFO,2024-04-09,12:32:00,2024-04-09,0.2,0.2,0.2,0.2,0,9600,0
FINNIFTY09APR2418900PE.NFO,2024-04-09,12:33:00,2024-04-09,0.2,0.2,0.15,0.15,80,9600,0
FINNIFTY09APR2418900PE.NFO,2024-04-09,12:34:00,2024-04-09,0.15,0.15,0.15,0.15,0,9600,0
FINNIFTY09APR2418900PE.NFO,2024-04-09,12:35:00,2024-04-09,0.15,0.15,0.15,0.15,0,9600,0
FINNIFTY09APR2418900PE.NFO,2024-04-09,12:36:00,2024-04-09,0.15,0.15,0.15,0.15,0,9600,0
FINNIFTY09APR2418900PE.NFO,2024-04-09,12:37:00,2024-04-09,0.15,0.15,0.15,0.15,0,9600,0
FINNIFTY09APR2418900PE.NFO,2024-04-09,12:38:00,2024-04-09,0.15,0.15,0.15,0.15,0,9600,0
FINNIFTY09APR2418900PE.NFO,2024-04-09,12:39:00,2024-04-09,0.15,0.15,0.15,0.15,0,9600,0
FINNIFTY09APR2418900PE.NFO,2024-04-09,12:40:00,2024-04-09,0.15,0.15,0.15,0.15,0,9600,0
FINNIFTY09APR2418900PE.NFO,2024-04-09,12:41:00,2024-04-09,0.15,0.15,0.15,0.15,0,9600,0
FINNIFTY09APR2418900PE.NFO,2024-04-09,12:42:00,2024-04-09,0.15,0.15,0.15,0.15,0,9600,0
FINNIFTY09APR2418900PE.NFO,2024-04-09,12:43:00,2024-04-09,0.15,0.15,0.15,0.15,0,9600,0
FINNIFTY09APR2418900PE.NFO,2024-04-09,12:44:00,2024-04-09,0.15,0.15,0.15,0.15,0,9600,0
FINNIFTY09APR2418900PE.NFO,2024-04-09,12:45:00,2024-04-09,0.15,0.15,0.15,0.15,0,9600,0
FINNIFTY09APR2418900PE.NFO,2024-04-09,12:46:00,2024-04-09,0.15,0.15,0.15,0.15,0,9600,0
FINNIFTY09APR2418900PE.NFO,2024-04-09,12:47:00,2024-04-09,0.15,0.15,0.15,0.15,0,9600,0
FINNIFTY09APR2418900PE.NFO,2024-04-09,12:48:00,2024-04-09,0.15,0.15,0.15,0.15,0,9600,0
FINNIFTY09APR2418900PE.NFO,2024-04-09,12:49:00,2024-04-09,0.15,0.15,0.15,0.15,0,9600,0
FINNIFTY09APR2418900PE.NFO,2024-04-09,12:50:00,2024-04-09,0.15,0.15,0.15,0.15,0,9600,0
FINNIFTY09APR2418900PE.NFO,2024-04-09,12:51:00,2024-04-09,0.15,0.15,0.15,0.15,0,9600,0
FINNIFTY09APR2418900PE.NFO,2024-04-09,12:52:00,2024-04-09,0.15,0.15,0.15,0.15,0,9600,0
FINNIFTY09APR2418900PE.NFO,2024-04-09,12:53:00,2024-04-09,0.15,0.15,0.15,0.15,0,9600,0
FINNIFTY09APR2418900PE.NFO,2024-04-09,12:54:00,2024-04-09,0.15,0.15,0.15,0.15,0,9600,0
FINNIFTY09APR2418900PE.NFO,2024-04-09,12:55:00,2024-04-09,0.15,0.15,0.15,0.15,0,9600,0
FINNIFTY09APR2418900PE.NFO,2024-04-09,12:56:00,2024-04-09,0.15,0.15,0.15,0.15,0,9600,0
FINNIFTY09APR2418900PE.NFO,2024-04-09,12:57:00,2024-04-09,0.15,0.15,0.15,0.15,0,9600,0
FINNIFTY09APR2418900PE.NFO,2024-04-09,12:58:00,2024-04-09,0.15,0.15,0.1,0.1,40,9600,0
FINNIFTY09APR2418900PE.NFO,2024-04-09,12:59:00,2024-04-09,0.1,0.1,0.1,0.1,0,9600,0
FINNIFTY09APR2418900PE.NFO,2024-04-09,13:00:00,2024-04-09,0.1,0.1,0.1,0.1,0,9600,0
FINNIFTY09APR2418900PE.NFO,2024-04-09,13:01:00,2024-04-09,0.1,0.1,0.1,0.1,0,9600,0
FINNIFTY09APR2418900PE.NFO,2024-04-09,13:02:00,2024-04-09,0.1,0.1,0.1,0.1,0,9600,0
FINNIFTY09APR2418900PE.NFO,2024-04-09,13:03:00,2024-04-09,0.1,0.1,0.1,0.1,0,9600,0
FINNIFTY09APR2418900PE.NFO,2024-04-09,13:04:00,2024-04-09,0.1,0.1,0.1,0.1,0,9600,0
FINNIFTY09APR2418900PE.NFO,2024-04-09,13:05:00,2024-04-09,0.1,0.1,0.1,0.1,0,9600,0
FINNIFTY09APR2418900PE.NFO,2024-04-09,13:06:00,2024-04-09,0.1,0.1,0.1,0.1,0,9600,0
FINNIFTY09APR2418900PE.NFO,2024-04-09,13:07:00,2024-04-09,0.1,0.1,0.1,0.1,0,9600,0
FINNIFTY09APR2418900PE.NFO,2024-04-09,13:08:00,2024-04-09,0.1,0.1,0.1,0.1,0,9600,0
FINNIFTY09APR2418900PE.NFO,2024-04-09,13:09:00,2024-04-09,0.1,0.1,0.1,0.1,0,9600,0
FINNIFTY09APR2418900PE.NFO,2024-04-09,13:10:00,2024-04-09,0.1,0.1,0.1,0.1,0,9600,0
FINNIFTY09APR2418900PE.NFO,2024-04-09,13:11:00,2024-04-09,0.1,0.1,0.1,0.1,0,9600,0
FINNIFTY09APR2418900PE.NFO,2024-04-09,13:12:00,2024-04-09,0.1,0.1,0.1,0.1,0,9600,0
FINNIFTY09APR2418900PE.NFO,2024-04-09,13:13:00,2024-04-09,0.1,0.1,0.1,0.1,0,9600,0
FINNIFTY09APR2418900PE.NFO,2024-04-09,13:14:00,2024-04-09,0.1,0.1,0.1,0.1,0,9600,0
FINNIFTY09APR2418900PE.NFO,2024-04-09,13:15:00,2024-04-09,0.1,0.1,0.1,0.1,0,9600,0
FINNIFTY09APR2418900PE.NFO,2024-04-09,13:16:00,2024-04-09,0.1,0.1,0.1,0.1,0,9600,0
FINNIFTY09APR2418900PE.NFO,2024-04-09,13:17:00,2024-04-09,0.1,0.1,0.1,0.1,0,9600,0
FINNIFTY09APR2418900PE.NFO,2024-04-09,13:18:00,2024-04-09,0.1,0.1,0.1,0.1,0,9600,0
FINNIFTY09APR2418900PE.NFO,2024-04-09,13:19:00,2024-04-09,0.1,0.1,0.1,0.1,0,9600,0
FINNIFTY09APR2418900PE.NFO,2024-04-09,13:20:00,2024-04-09,0.1,0.1,0.1,0.1,0,9600,0
FINNIFTY09APR2418900PE.NFO,2024-04-09,13:21:00,2024-04-09,0.1,0.15,0.1,0.15,360,9600,0
FINNIFTY09APR2418900PE.NFO,2024-04-09,13:22:00,2024-04-09,0.15,0.15,0.15,0.15,0,9600,0
FINNIFTY09APR2418900PE.NFO,2024-04-09,13:23:00,2024-04-09,0.15,0.15,0.15,0.15,0,9600,0
FINNIFTY09APR2418900PE.NFO,2024-04-09,13:24:00,2024-04-09,0.15,0.15,0.15,0.15,0,9600,0
FINNIFTY09APR2418900PE.NFO,2024-04-09,13:25:00,2024-04-09,0.15,0.15,0.15,0.15,0,9600,0
FINNIFTY09APR2418900PE.NFO,2024-04-09,13:26:00,2024-04-09,0.15,0.15,0.15,0.15,0,9600,0
FINNIFTY09APR2418900PE.NFO,2024-04-09,13:27:00,2024-04-09,0.15,0.15,0.15,0.15,0,9600,0
FINNIFTY09APR2418900PE.NFO,2024-04-09,13:28:00,2024-04-09,0.15,0.15,0.15,0.15,0,9600,0
FINNIFTY09APR2418900PE.NFO,2024-04-09,13:29:00,2024-04-09,0.15,0.15,0.15,0.15,0,9600,0
FINNIFTY09APR2418900PE.NFO,2024-04-09,13:30:00,2024-04-09,0.15,0.15,0.15,0.15,0,9600,0
FINNIFTY09APR2418900PE.NFO,2024-04-09,13:31:00,2024-04-09,0.15,0.15,0.15,0.15,0,9600,0
FINNIFTY09APR2418900PE.NFO,2024-04-09,13:32:00,2024-04-09,0.15,0.15,0.1,0.1,40,9600,0
FINNIFTY09APR2418900PE.NFO,2024-04-09,13:33:00,2024-04-09,0.1,0.15,0.1,0.15,600,9600,0
FINNIFTY09APR2418900PE.NFO,2024-04-09,13:34:00,2024-04-09,0.15,0.15,0.15,0.15,0,9600,0
FINNIFTY09APR2418900PE.NFO,2024-04-09,13:35:00,2024-04-09,0.15,0.15,0.15,0.15,0,9600,0
FINNIFTY09APR2418900PE.NFO,2024-04-09,13:36:00,2024-04-09,0.15,0.15,0.15,0.15,0,9600,0
FINNIFTY09APR2418900PE.NFO,2024-04-09,13:37:00,2024-04-09,0.15,0.15,0.15,0.15,0,9600,0
FINNIFTY09APR2418900PE.NFO,2024-04-09,13:38:00,2024-04-09,0.15,0.15,0.15,0.15,0,9600,0
FINNIFTY09APR2418900PE.NFO,2024-04-09,13:39:00,2024-04-09,0.15,0.15,0.15,0.15,0,9600,0
FINNIFTY09APR2418900PE.NFO,2024-04-09,13:40:00,2024-04-09,0.15,0.15,0.15,0.15,0,9600,0
FINNIFTY09APR2418900PE.NFO,2024-04-09,13:41:00,2024-04-09,0.15,0.15,0.15,0.15,0,9600,0
FINNIFTY09APR2418900PE.NFO,2024-04-09,13:42:00,2024-04-09,0.15,0.15,0.15,0.15,0,9600,0
FINNIFTY09APR2418900PE.NFO,2024-04-09,13:43:00,2024-04-09,0.15,0.15,0.15,0.15,0,9600,0
FINNIFTY09APR2418900PE.NFO,2024-04-09,13:44:00,2024-04-09,0.15,0.15,0.15,0.15,0,9600,0
FINNIFTY09APR2418900PE.NFO,2024-04-09,13:45:00,2024-04-09,0.15,0.15,0.15,0.15,0,9600,0
FINNIFTY09APR2418900PE.NFO,2024-04-09,13:46:00,2024-04-09,0.15,0.2,0.15,0.2,2520,9600,0
FINNIFTY09APR2418900PE.NFO,2024-04-09,13:47:00,2024-04-09,0.2,0.2,0.15,0.2,3960,9600,0
FINNIFTY09APR2418900PE.NFO,2024-04-09,13:48:00,2024-04-09,0.2,0.2,0.15,0.15,2880,9600,0
FINNIFTY09APR2418900PE.NFO,2024-04-09,13:49:00,2024-04-09,0.15,0.15,0.15,0.15,40,4400,0
FINNIFTY09APR2418900PE.NFO,2024-04-09,13:50:00,2024-04-09,0.15,0.15,0.15,0.15,40,4400,1
FINNIFTY09APR2418900PE.NFO,2024-04-09,13:51:00,2024-04-09,0.15,0.15,0.15,0.15,0,4400,0
FINNIFTY09APR2418900PE.NFO,2024-04-09,13:52:00,2024-04-09,0.15,0.15,0.15,0.15,0,4400,0
FINNIFTY09APR2418900PE.NFO,2024-04-09,13:53:00,2024-04-09,0.15,0.15,0.15,0.15,0,4400,0
FINNIFTY09APR2418900PE.NFO,2024-04-09,13:54:00,2024-04-09,0.15,0.15,0.15,0.15,0,4400,0
FINNIFTY09APR2418900PE.NFO,2024-04-09,13:55:00,2024-04-09,0.15,0.15,0.1,0.1,120,4360,0
FINNIFTY09APR2418900PE.NFO,2024-04-09,13:56:00,2024-04-09,0.1,0.1,0.1,0.1,0,4360,0
FINNIFTY09APR2418900PE.NFO,2024-04-09,13:57:00,2024-04-09,0.1,0.1,0.1,0.1,0,4360,0
FINNIFTY09APR2418900PE.NFO,2024-04-09,13:58:00,2024-04-09,0.1,0.1,0.1,0.1,0,4360,0
FINNIFTY09APR2418900PE.NFO,2024-04-09,13:59:00,2024-04-09,0.1,0.1,0.1,0.1,0,4360,0
FINNIFTY09APR2418900PE.NFO,2024-04-09,14:00:00,2024-04-09,0.1,0.1,0.1,0.1,0,4360,0
FINNIFTY09APR2418900PE.NFO,2024-04-09,14:01:00,2024-04-09,0.1,0.1,0.1,0.1,0,4360,0
FINNIFTY09APR2418900PE.NFO,2024-04-09,14:02:00,2024-04-09,0.1,0.1,0.1,0.1,0,4360,0
FINNIFTY09APR2418900PE.NFO,2024-04-09,14:03:00,2024-04-09,0.1,0.1,0.1,0.1,0,4360,0
FINNIFTY09APR2418900PE.NFO,2024-04-09,14:04:00,2024-04-09,0.1,0.1,0.1,0.1,0,4360,0
FINNIFTY09APR2418900PE.NFO,2024-04-09,14:05:00,2024-04-09,0.1,0.1,0.1,0.1,0,4360,0
FINNIFTY09APR2418900PE.NFO,2024-04-09,14:06:00,2024-04-09,0.1,0.1,0.1,0.1,0,4360,0
FINNIFTY09APR2418900PE.NFO,2024-04-09,14:07:00,2024-04-09,0.1,0.1,0.1,0.1,40,4360,0
FINNIFTY09APR2418900PE.NFO,2024-04-09,14:08:00,2024-04-09,0.1,0.1,0.1,0.1,0,4360,0
FINNIFTY09APR2418900PE.NFO,2024-04-09,14:09:00,2024-04-09,0.1,0.1,0.1,0.1,0,4360,0
FINNIFTY09APR2418900PE.NFO,2024-04-09,14:10:00,2024-04-09,0.1,0.1,0.1,0.1,0,4360,0
FINNIFTY09APR2418900PE.NFO,2024-04-09,14:11:00,2024-04-09,0.1,0.1,0.1,0.1,80,4360,0
FINNIFTY09APR2418900PE.NFO,2024-04-09,14:12:00,2024-04-09,0.1,0.1,0.1,0.1,0,4360,0
FINNIFTY09APR2418900PE.NFO,2024-04-09,14:13:00,2024-04-09,0.1,0.1,0.1,0.1,0,4360,0
FINNIFTY09APR2418900PE.NFO,2024-04-09,14:14:00,2024-04-09,0.1,0.1,0.1,0.1,240,4440,0
FINNIFTY09APR2418900PE.NFO,2024-04-09,14:15:00,2024-04-09,0.1,0.1,0.1,0.1,0,4440,0
FINNIFTY09APR2418900PE.NFO,2024-04-09,14:16:00,2024-04-09,0.1,0.1,0.1,0.1,0,4440,0
FINNIFTY09APR2418900PE.NFO,2024-04-09,14:17:00,2024-04-09,0.1,0.1,0.1,0.1,0,4440,0
FINNIFTY09APR2418900PE.NFO,2024-04-09,14:18:00,2024-04-09,0.1,0.1,0.1,0.1,0,4440,0
FINNIFTY09APR2418900PE.NFO,2024-04-09,14:19:00,2024-04-09,0.1,0.1,0.1,0.1,0,4440,0
FINNIFTY09APR2418900PE.NFO,2024-04-09,14:20:00,2024-04-09,0.1,0.1,0.1,0.1,0,4440,0
FINNIFTY09APR2418900PE.NFO,2024-04-09,14:21:00,2024-04-09,0.1,0.1,0.1,0.1,0,4440,0
FINNIFTY09APR2418900PE.NFO,2024-04-09,14:22:00,2024-04-09,0.1,0.1,0.1,0.1,0,4440,0
FINNIFTY09APR2418900PE.NFO,2024-04-09,14:23:00,2024-04-09,0.1,0.1,0.1,0.1,0,4440,0
FINNIFTY09APR2418900PE.NFO,2024-04-09,14:24:00,2024-04-09,0.1,0.1,0.1,0.1,0,4440,0
FINNIFTY09APR2418900PE.NFO,2024-04-09,14:25:00,2024-04-09,0.1,0.1,0.1,0.1,0,4440,0
FINNIFTY09APR2418900PE.NFO,2024-04-09,14:26:00,2024-04-09,0.1,0.1,0.1,0.1,0,4440,0
FINNIFTY09APR2418900PE.NFO,2024-04-09,14:27:00,2024-04-09,0.1,0.1,0.1,0.1,0,4440,0
FINNIFTY09APR2418900PE.NFO,2024-04-09,14:28:00,2024-04-09,0.1,0.1,0.1,0.1,0,4440,0
FINNIFTY09APR2418900PE.NFO,2024-04-09,14:29:00,2024-04-09,0.1,0.1,0.1,0.1,0,4440,0
FINNIFTY09APR2418900PE.NFO,2024-04-09,14:30:00,2024-04-09,0.1,0.1,0.1,0.1,0,4440,0
FINNIFTY09APR2418900PE.NFO,2024-04-09,14:31:00,2024-04-09,0.1,0.1,0.1,0.1,0,4440,0
FINNIFTY09APR2418900PE.NFO,2024-04-09,14:32:00,2024-04-09,0.1,0.1,0.1,0.1,0,4440,0
FINNIFTY09APR2418900PE.NFO,2024-04-09,14:33:00,2024-04-09,0.1,0.1,0.1,0.1,0,4440,0
FINNIFTY09APR2418900PE.NFO,2024-04-09,14:34:00,2024-04-09,0.1,0.1,0.1,0.1,0,4440,0
FINNIFTY09APR2418900PE.NFO,2024-04-09,14:35:00,2024-04-09,0.1,0.1,0.1,0.1,2400,4360,0
FINNIFTY09APR2418900PE.NFO,2024-04-09,14:36:00,2024-04-09,0.05,0.1,0.05,0.1,4680,4360,0
FINNIFTY09APR2418900PE.NFO,2024-04-09,14:37:00,2024-04-09,0.1,0.1,0.05,0.1,3320,6520,0
FINNIFTY09APR2418900PE.NFO,2024-04-09,14:38:00,2024-04-09,0.1,0.1,0.05,0.05,3200,6520,0
FINNIFTY09APR2418900PE.NFO,2024-04-09,14:39:00,2024-04-09,0.05,0.05,0.05,0.05,0,6520,0
FINNIFTY09APR2418900PE.NFO,2024-04-09,14:40:00,2024-04-09,0.05,0.05,0.05,0.05,120,6280,0
FINNIFTY09APR2418900PE.NFO,2024-04-09,14:41:00,2024-04-09,0.05,0.1,0.05,0.1,2840,6280,0
FINNIFTY09APR2418900PE.NFO,2024-04-09,14:42:00,2024-04-09,0.1,0.1,0.1,0.1,3640,6280,0
FINNIFTY09APR2418900PE.NFO,2024-04-09,14:43:00,2024-04-09,0.1,0.1,0.1,0.1,0,6280,0
FINNIFTY09APR2418900PE.NFO,2024-04-09,14:44:00,2024-04-09,0.1,0.1,0.1,0.1,0,6280,0
FINNIFTY09APR2418900PE.NFO,2024-04-09,14:45:00,2024-04-09,0.1,0.1,0.1,0.1,0,6280,0
FINNIFTY09APR2418900PE.NFO,2024-04-09,14:46:00,2024-04-09,0.1,0.1,0.1,0.1,0,6280,0
FINNIFTY09APR2418900PE.NFO,2024-04-09,14:47:00,2024-04-09,0.1,0.1,0.1,0.1,120,11480,0
FINNIFTY09APR2418900PE.NFO,2024-04-09,14:48:00,2024-04-09,0.1,0.1,0.1,0.1,120,11480,0
FINNIFTY09APR2418900PE.NFO,2024-04-09,14:49:00,2024-04-09,0.1,0.1,0.1,0.1,0,11480,0
FINNIFTY09APR2418900PE.NFO,2024-04-09,14:50:00,2024-04-09,0.1,0.1,0.1,0.1,0,11480,1
FINNIFTY09APR2418900PE.NFO,2024-04-09,14:51:00,2024-04-09,0.1,0.1,0.05,0.05,9400,11480,0
FINNIFTY09APR2418900PE.NFO,2024-04-09,14:52:00,2024-04-09,0.05,0.05,0.05,0.05,0,11480,0
FINNIFTY09APR2418900PE.NFO,2024-04-09,14:53:00,2024-04-09,0.05,0.05,0.05,0.05,0,11480,0
FINNIFTY09APR2418900PE.NFO,2024-04-09,14:54:00,2024-04-09,0.05,0.1,0.05,0.1,0,20600,0
FINNIFTY09APR2418900PE.NFO,2024-04-09,14:55:00,2024-04-09,0.1,0.1,0.1,0.1,960,20720,0
FINNIFTY09APR2418900PE.NFO,2024-04-09,14:56:00,2024-04-09,0.1,0.1,0.05,0.05,120,20720,0
FINNIFTY09APR2418900PE.NFO,2024-04-09,14:57:00,2024-04-09,0.05,0.05,0.05,0.05,0,20720,0
FINNIFTY09APR2418900PE.NFO,2024-04-09,14:58:00,2024-04-09,0.05,0.05,0.05,0.05,0,20720,0
FINNIFTY09APR2418900PE.NFO,2024-04-09,14:59:00,2024-04-09,0.05,0.05,0.05,0.05,0,20720,0
FINNIFTY09APR2418900PE.NFO,2024-04-09,15:00:00,2024-04-09,0.05,0.05,0.05,0.05,240,20680,0
FINNIFTY09APR2418900PE.NFO,2024-04-09,15:01:00,2024-04-09,0.05,0.05,0.05,0.05,1200,20680,0
FINNIFTY09APR2418900PE.NFO,2024-04-09,15:02:00,2024-04-09,0.05,0.05,0.05,0.05,0,20680,0
FINNIFTY09APR2418900PE.NFO,2024-04-09,15:03:00,2024-04-09,0.05,0.05,0.05,0.05,0,20680,0
FINNIFTY09APR2418900PE.NFO,2024-04-09,15:04:00,2024-04-09,0.05,0.05,0.05,0.05,0,20680,0
FINNIFTY09APR2418900PE.NFO,2024-04-09,15:05:00,2024-04-09,0.05,0.05,0.05,0.05,0,20680,0
FINNIFTY09APR2418900PE.NFO,2024-04-09,15:06:00,2024-04-09,0.05,0.05,0.05,0.05,0,20680,0
FINNIFTY09APR2418900PE.NFO,2024-04-09,15:07:00,2024-04-09,0.05,0.05,0.05,0.05,0,20680,0
FINNIFTY09APR2418900PE.NFO,2024-04-09,15:08:00,2024-04-09,0.05,0.05,0.05,0.05,0,20680,0
FINNIFTY09APR2418900PE.NFO,2024-04-09,15:09:00,2024-04-09,0.05,0.05,0.05,0.05,0,20680,0
FINNIFTY09APR2418900PE.NFO,2024-04-09,15:10:00,2024-04-09,0.05,0.05,0.05,0.05,0,20680,1
FINNIFTY09APR2418900PE.NFO,2024-04-09,15:11:00,2024-04-09,0.05,0.05,0.05,0.05,0,20680,0
FINNIFTY09APR2418900PE.NFO,2024-04-09,15:12:00,2024-04-09,0.05,0.05,0.05,0.05,0,20680,0
FINNIFTY09APR2418900PE.NFO,2024-04-09,15:13:00,2024-04-09,0.05,0.05,0.05,0.05,0,20680,0
FINNIFTY09APR2418900PE.NFO,2024-04-09,15:14:00,2024-04-09,0.05,0.05,0.05,0.05,0,20680,0
FINNIFTY09APR2418900PE.NFO,2024-04-09,15:15:00,2024-04-09,0.05,0.05,0.05,0.05,0,20680,0
FINNIFTY09APR2418900PE.NFO,2024-04-09,15:16:00,2024-04-09,0.05,0.05,0.05,0.05,0,20680,0
FINNIFTY09APR2418900PE.NFO,2024-04-09,15:17:00,2024-04-09,0.05,0.05,0.05,0.05,0,20680,0
FINNIFTY09APR2418900PE.NFO,2024-04-09,15:18:00,2024-04-09,0.05,0.05,0.05,0.05,0,20680,0
FINNIFTY09APR2418900PE.NFO,2024-04-09,15:19:00,2024-04-09,0.05,0.05,0.05,0.05,0,20680,0
FINNIFTY09APR2418900PE.NFO,2024-04-09,15:20:00,2024-04-09,0.05,0.05,0.05,0.05,0,20680,0
FINNIFTY09APR2418900PE.NFO,2024-04-09,15:21:00,2024-04-09,0.05,0.05,0.05,0.05,0,20680,0
FINNIFTY09APR2418900PE.NFO,2024-04-09,15:22:00,2024-04-09,0.05,0.05,0.05,0.05,0,20680,0
FINNIFTY09APR2418900PE.NFO,2024-04-09,15:23:00,2024-04-09,0.05,0.05,0.05,0.05,0,20680,0
FINNIFTY09APR2418900PE.NFO,2024-04-09,15:24:00,2024-04-09,0.05,0.05,0.05,0.05,0,20680,0
FINNIFTY09APR2418900PE.NFO,2024-04-09,15:25:00,2024-04-09,0.05,0.05,0.05,0.05,920,21600,0
FINNIFTY09APR2418900PE.NFO,2024-04-09,15:26:00,2024-04-09,0.05,0.05,0.05,0.05,0,21600,0
FINNIFTY09APR2418900PE.NFO,2024-04-09,15:27:00,2024-04-09,0.05,0.05,0.05,0.05,0,21600,0
FINNIFTY09APR2418900PE.NFO,2024-04-09,15:28:00,2024-04-09,0.05,0.05,0.05,0.05,0,21600,0
FINNIFTY09APR2418900PE.NFO,2024-04-09,15:29:00,2024-04-09,0.05,0.05,0.05,0.05,0,21600,0
FINNIFTY09APR2418900PE.NFO,2024-04-09,15:30:00,2024-04-09,0.05,0.05,0.05,0.05,0,21600,1
