Ticker,Date,Time,Expiry Date,Open,High,Low,Close,Volume,Open Interest,Padding Flag
FINNIFTY06FEB2421300PE.NFO,2024-01-03,09:15:00,2024-02-06,0.05,0.05,0.05,0.05,0,0,0
FINNIFTY06FEB2421300PE.NFO,2024-01-03,09:16:00,2024-02-06,0.05,0.05,0.05,0.05,0,0,1
FINNIFTY06FEB2421300PE.NFO,2024-01-03,09:17:00,2024-02-06,0.05,0.05,0.05,0.05,0,0,1
FINNIFTY06FEB2421300PE.NFO,2024-01-03,09:18:00,2024-02-06,0.05,0.05,0.05,0.05,0,0,1
FINNIFTY06FEB2421300PE.NFO,2024-01-03,09:19:00,2024-02-06,0.05,0.05,0.05,0.05,0,0,1
FINNIFTY06FEB2421300PE.NFO,2024-01-03,09:20:00,2024-02-06,0.05,0.05,0.05,0.05,0,0,1
FINNIFTY06FEB2421300PE.NFO,2024-01-03,09:21:00,2024-02-06,0.05,0.05,0.05,0.05,0,0,1
FINNIFTY06FEB2421300PE.NFO,2024-01-03,09:22:00,2024-02-06,0.05,0.05,0.05,0.05,0,0,1
FINNIFTY06FEB2421300PE.NFO,2024-01-03,09:23:00,2024-02-06,0.05,0.05,0.05,0.05,0,0,1
FINNIFTY06FEB2421300PE.NFO,2024-01-03,09:24:00,2024-02-06,0.05,0.05,0.05,0.05,0,0,1
FINNIFTY06FEB2421300PE.NFO,2024-01-03,09:25:00,2024-02-06,0.05,0.05,0.05,0.05,0,0,1
FINNIFTY06FEB2421300PE.NFO,2024-01-03,09:26:00,2024-02-06,0.05,0.05,0.05,0.05,0,0,1
FINNIFTY06FEB2421300PE.NFO,2024-01-03,09:27:00,2024-02-06,0.05,0.05,0.05,0.05,0,0,1
FINNIFTY06FEB2421300PE.NFO,2024-01-03,09:28:00,2024-02-06,0.05,0.05,0.05,0.05,0,0,1
FINNIFTY06FEB2421300PE.NFO,2024-01-03,09:29:00,2024-02-06,0.05,0.05,0.05,0.05,0,0,1
FINNIFTY06FEB2421300PE.NFO,2024-01-03,09:30:00,2024-02-06,0.05,0.05,0.05,0.05,0,0,1
FINNIFTY06FEB2421300PE.NFO,2024-01-03,09:31:00,2024-02-06,0.05,0.05,0.05,0.05,0,0,1
FINNIFTY06FEB2421300PE.NFO,2024-01-03,09:32:00,2024-02-06,0.05,0.05,0.05,0.05,0,0,1
FINNIFTY06FEB2421300PE.NFO,2024-01-03,09:33:00,2024-02-06,0.05,0.05,0.05,0.05,0,0,1
FINNIFTY06FEB2421300PE.NFO,2024-01-03,09:34:00,2024-02-06,0.05,0.05,0.05,0.05,0,0,1
FINNIFTY06FEB2421300PE.NFO,2024-01-03,09:35:00,2024-02-06,0.05,0.05,0.05,0.05,0,0,1
FINNIFTY06FEB2421300PE.NFO,2024-01-03,09:36:00,2024-02-06,0.05,0.05,0.05,0.05,0,0,1
FINNIFTY06FEB2421300PE.NFO,2024-01-03,09:37:00,2024-02-06,0.05,0.05,0.05,0.05,0,0,1
FINNIFTY06FEB2421300PE.NFO,2024-01-03,09:38:00,2024-02-06,0.05,0.05,0.05,0.05,0,0,1
FINNIFTY06FEB2421300PE.NFO,2024-01-03,09:39:00,2024-02-06,0.05,0.05,0.05,0.05,0,0,1
FINNIFTY06FEB2421300PE.NFO,2024-01-03,09:40:00,2024-02-06,0.05,0.05,0.05,0.05,0,0,1
FINNIFTY06FEB2421300PE.NFO,2024-01-03,09:41:00,2024-02-06,0.05,0.05,0.05,0.05,0,0,1
FINNIFTY06FEB2421300PE.NFO,2024-01-03,09:42:00,2024-02-06,0.05,0.05,0.05,0.05,0,0,1
FINNIFTY06FEB2421300PE.NFO,2024-01-03,09:43:00,2024-02-06,0.05,0.05,0.05,0.05,0,0,1
FINNIFTY06FEB2421300PE.NFO,2024-01-03,09:44:00,2024-02-06,0.05,0.05,0.05,0.05,0,0,1
FINNIFTY06FEB2421300PE.NFO,2024-01-03,09:45:00,2024-02-06,0.05,0.05,0.05,0.05,0,0,1
FINNIFTY06FEB2421300PE.NFO,2024-01-03,09:46:00,2024-02-06,0.05,0.05,0.05,0.05,0,0,1
FINNIFTY06FEB2421300PE.NFO,2024-01-03,09:47:00,2024-02-06,0.05,0.05,0.05,0.05,0,0,1
FINNIFTY06FEB2421300PE.NFO,2024-01-03,09:48:00,2024-02-06,0.05,0.05,0.05,0.05,0,0,1
FINNIFTY06FEB2421300PE.NFO,2024-01-03,09:49:00,2024-02-06,0.05,0.05,0.05,0.05,0,0,1
FINNIFTY06FEB2421300PE.NFO,2024-01-03,09:50:00,2024-02-06,0.05,0.05,0.05,0.05,0,0,1
FINNIFTY06FEB2421300PE.NFO,2024-01-03,09:51:00,2024-02-06,0.05,0.05,0.05,0.05,0,0,1
FINNIFTY06FEB2421300PE.NFO,2024-01-03,09:52:00,2024-02-06,0.05,0.05,0.05,0.05,0,0,1
FINNIFTY06FEB2421300PE.NFO,2024-01-03,09:53:00,2024-02-06,0.05,0.05,0.05,0.05,0,0,1
FINNIFTY06FEB2421300PE.NFO,2024-01-03,09:54:00,2024-02-06,0.05,0.05,0.05,0.05,0,0,1
FINNIFTY06FEB2421300PE.NFO,2024-01-03,09:55:00,2024-02-06,0.05,0.05,0.05,0.05,0,0,1
FINNIFTY06FEB2421300PE.NFO,2024-01-03,09:56:00,2024-02-06,0.05,0.05,0.05,0.05,0,0,1
FINNIFTY06FEB2421300PE.NFO,2024-01-03,09:57:00,2024-02-06,0.05,0.05,0.05,0.05,0,0,1
FINNIFTY06FEB2421300PE.NFO,2024-01-03,09:58:00,2024-02-06,0.05,0.05,0.05,0.05,0,0,1
FINNIFTY06FEB2421300PE.NFO,2024-01-03,09:59:00,2024-02-06,0.05,0.05,0.05,0.05,0,0,1
FINNIFTY06FEB2421300PE.NFO,2024-01-03,10:00:00,2024-02-06,0.05,0.05,0.05,0.05,0,0,1
FINNIFTY06FEB2421300PE.NFO,2024-01-03,10:01:00,2024-02-06,0.05,0.05,0.05,0.05,0,0,1
FINNIFTY06FEB2421300PE.NFO,2024-01-03,10:02:00,2024-02-06,0.05,0.05,0.05,0.05,0,0,1
FINNIFTY06FEB2421300PE.NFO,2024-01-03,10:03:00,2024-02-06,0.05,0.05,0.05,0.05,0,0,1
FINNIFTY06FEB2421300PE.NFO,2024-01-03,10:04:00,2024-02-06,0.05,0.05,0.05,0.05,0,0,1
FINNIFTY06FEB2421300PE.NFO,2024-01-03,10:05:00,2024-02-06,0.05,0.05,0.05,0.05,0,0,1
FINNIFTY06FEB2421300PE.NFO,2024-01-03,10:06:00,2024-02-06,0.05,0.05,0.05,0.05,0,0,1
FINNIFTY06FEB2421300PE.NFO,2024-01-03,10:07:00,2024-02-06,0.05,0.05,0.05,0.05,0,0,1
FINNIFTY06FEB2421300PE.NFO,2024-01-03,10:08:00,2024-02-06,0.05,0.05,0.05,0.05,0,0,1
FINNIFTY06FEB2421300PE.NFO,2024-01-03,10:09:00,2024-02-06,0.05,0.05,0.05,0.05,0,0,1
FINNIFTY06FEB2421300PE.NFO,2024-01-03,10:10:00,2024-02-06,0.05,0.05,0.05,0.05,0,0,1
FINNIFTY06FEB2421300PE.NFO,2024-01-03,10:11:00,2024-02-06,0.05,0.05,0.05,0.05,0,0,1
FINNIFTY06FEB2421300PE.NFO,2024-01-03,10:12:00,2024-02-06,0.05,0.05,0.05,0.05,0,0,1
FINNIFTY06FEB2421300PE.NFO,2024-01-03,10:13:00,2024-02-06,0.05,0.05,0.05,0.05,0,0,1
FINNIFTY06FEB2421300PE.NFO,2024-01-03,10:14:00,2024-02-06,0.05,0.05,0.05,0.05,0,0,1
FINNIFTY06FEB2421300PE.NFO,2024-01-03,10:15:00,2024-02-06,0.05,0.05,0.05,0.05,0,0,1
FINNIFTY06FEB2421300PE.NFO,2024-01-03,10:16:00,2024-02-06,0.05,0.05,0.05,0.05,0,0,1
FINNIFTY06FEB2421300PE.NFO,2024-01-03,10:17:00,2024-02-06,0.05,0.05,0.05,0.05,0,0,1
FINNIFTY06FEB2421300PE.NFO,2024-01-03,10:18:00,2024-02-06,0.05,0.05,0.05,0.05,0,0,1
FINNIFTY06FEB2421300PE.NFO,2024-01-03,10:19:00,2024-02-06,0.05,0.05,0.05,0.05,0,0,1
FINNIFTY06FEB2421300PE.NFO,2024-01-03,10:20:00,2024-02-06,0.05,0.05,0.05,0.05,0,0,1
FINNIFTY06FEB2421300PE.NFO,2024-01-03,10:21:00,2024-02-06,0.05,0.05,0.05,0.05,0,0,1
FINNIFTY06FEB2421300PE.NFO,2024-01-03,10:22:00,2024-02-06,0.05,0.05,0.05,0.05,0,0,1
FINNIFTY06FEB2421300PE.NFO,2024-01-03,10:23:00,2024-02-06,0.05,0.05,0.05,0.05,0,0,1
FINNIFTY06FEB2421300PE.NFO,2024-01-03,10:24:00,2024-02-06,0.05,0.05,0.05,0.05,0,0,1
FINNIFTY06FEB2421300PE.NFO,2024-01-03,10:25:00,2024-02-06,0.05,0.05,0.05,0.05,0,0,1
FINNIFTY06FEB2421300PE.NFO,2024-01-03,10:26:00,2024-02-06,0.05,0.05,0.05,0.05,0,0,1
FINNIFTY06FEB2421300PE.NFO,2024-01-03,10:27:00,2024-02-06,0.05,0.05,0.05,0.05,0,0,1
FINNIFTY06FEB2421300PE.NFO,2024-01-03,10:28:00,2024-02-06,0.05,0.05,0.05,0.05,0,0,1
FINNIFTY06FEB2421300PE.NFO,2024-01-03,10:29:00,2024-02-06,0.05,0.05,0.05,0.05,0,0,1
FINNIFTY06FEB2421300PE.NFO,2024-01-03,10:30:00,2024-02-06,0.05,0.05,0.05,0.05,0,0,1
FINNIFTY06FEB2421300PE.NFO,2024-01-03,10:31:00,2024-02-06,0.05,0.05,0.05,0.05,0,0,1
FINNIFTY06FEB2421300PE.NFO,2024-01-03,10:32:00,2024-02-06,0.05,0.05,0.05,0.05,0,0,1
FINNIFTY06FEB2421300PE.NFO,2024-01-03,10:33:00,2024-02-06,0.05,0.05,0.05,0.05,0,0,1
FINNIFTY06FEB2421300PE.NFO,2024-01-03,10:34:00,2024-02-06,0.05,0.05,0.05,0.05,0,0,1
FINNIFTY06FEB2421300PE.NFO,2024-01-03,10:35:00,2024-02-06,0.05,0.05,0.05,0.05,0,0,1
FINNIFTY06FEB2421300PE.NFO,2024-01-03,10:36:00,2024-02-06,0.05,0.05,0.05,0.05,0,0,1
FINNIFTY06FEB2421300PE.NFO,2024-01-03,10:37:00,2024-02-06,0.05,0.05,0.05,0.05,0,0,1
FINNIFTY06FEB2421300PE.NFO,2024-01-03,10:38:00,2024-02-06,0.05,0.05,0.05,0.05,0,0,1
FINNIFTY06FEB2421300PE.NFO,2024-01-03,10:39:00,2024-02-06,0.05,0.05,0.05,0.05,0,0,1
FINNIFTY06FEB2421300PE.NFO,2024-01-03,10:40:00,2024-02-06,0.05,0.05,0.05,0.05,0,0,1
FINNIFTY06FEB2421300PE.NFO,2024-01-03,10:41:00,2024-02-06,0.05,0.05,0.05,0.05,0,0,1
FINNIFTY06FEB2421300PE.NFO,2024-01-03,10:42:00,2024-02-06,0.05,0.05,0.05,0.05,0,0,1
FINNIFTY06FEB2421300PE.NFO,2024-01-03,10:43:00,2024-02-06,0.05,0.05,0.05,0.05,0,0,1
FINNIFTY06FEB2421300PE.NFO,2024-01-03,10:44:00,2024-02-06,0.05,0.05,0.05,0.05,0,0,1
FINNIFTY06FEB2421300PE.NFO,2024-01-03,10:45:00,2024-02-06,0.05,0.05,0.05,0.05,0,0,1
FINNIFTY06FEB2421300PE.NFO,2024-01-03,10:46:00,2024-02-06,0.05,0.05,0.05,0.05,0,0,1
FINNIFTY06FEB2421300PE.NFO,2024-01-03,10:47:00,2024-02-06,0.05,0.05,0.05,0.05,0,0,1
FINNIFTY06FEB2421300PE.NFO,2024-01-03,10:48:00,2024-02-06,0.05,0.05,0.05,0.05,0,0,1
FINNIFTY06FEB2421300PE.NFO,2024-01-03,10:49:00,2024-02-06,0.05,0.05,0.05,0.05,0,0,1
FINNIFTY06FEB2421300PE.NFO,2024-01-03,10:50:00,2024-02-06,0.05,0.05,0.05,0.05,0,0,1
FINNIFTY06FEB2421300PE.NFO,2024-01-03,10:51:00,2024-02-06,0.05,0.05,0.05,0.05,0,0,1
FINNIFTY06FEB2421300PE.NFO,2024-01-03,10:52:00,2024-02-06,0.05,0.05,0.05,0.05,0,0,1
FINNIFTY06FEB2421300PE.NFO,2024-01-03,10:53:00,2024-02-06,0.05,0.05,0.05,0.05,0,0,1
FINNIFTY06FEB2421300PE.NFO,2024-01-03,10:54:00,2024-02-06,0.05,0.05,0.05,0.05,0,0,1
FINNIFTY06FEB2421300PE.NFO,2024-01-03,10:55:00,2024-02-06,0.05,0.05,0.05,0.05,0,0,1
FINNIFTY06FEB2421300PE.NFO,2024-01-03,10:56:00,2024-02-06,0.05,0.05,0.05,0.05,0,0,1
FINNIFTY06FEB2421300PE.NFO,2024-01-03,10:57:00,2024-02-06,0.05,0.05,0.05,0.05,0,0,1
FINNIFTY06FEB2421300PE.NFO,2024-01-03,10:58:00,2024-02-06,0.05,0.05,0.05,0.05,0,0,1
FINNIFTY06FEB2421300PE.NFO,2024-01-03,10:59:00,2024-02-06,0.05,0.05,0.05,0.05,0,0,1
FINNIFTY06FEB2421300PE.NFO,2024-01-03,11:00:00,2024-02-06,0.05,0.05,0.05,0.05,0,0,1
FINNIFTY06FEB2421300PE.NFO,2024-01-03,11:01:00,2024-02-06,0.05,0.05,0.05,0.05,0,0,1
FINNIFTY06FEB2421300PE.NFO,2024-01-03,11:02:00,2024-02-06,0.05,0.05,0.05,0.05,0,0,1
FINNIFTY06FEB2421300PE.NFO,2024-01-03,11:03:00,2024-02-06,0.05,0.05,0.05,0.05,0,0,1
FINNIFTY06FEB2421300PE.NFO,2024-01-03,11:04:00,2024-02-06,0.05,0.05,0.05,0.05,0,0,1
FINNIFTY06FEB2421300PE.NFO,2024-01-03,11:05:00,2024-02-06,0.05,0.05,0.05,0.05,0,0,1
FINNIFTY06FEB2421300PE.NFO,2024-01-03,11:06:00,2024-02-06,0.05,0.05,0.05,0.05,0,0,1
FINNIFTY06FEB2421300PE.NFO,2024-01-03,11:07:00,2024-02-06,0.05,0.05,0.05,0.05,0,0,1
FINNIFTY06FEB2421300PE.NFO,2024-01-03,11:08:00,2024-02-06,0.05,0.05,0.05,0.05,0,0,1
FINNIFTY06FEB2421300PE.NFO,2024-01-03,11:09:00,2024-02-06,0.05,0.05,0.05,0.05,0,0,1
FINNIFTY06FEB2421300PE.NFO,2024-01-03,11:10:00,2024-02-06,0.05,0.05,0.05,0.05,0,0,1
FINNIFTY06FEB2421300PE.NFO,2024-01-03,11:11:00,2024-02-06,0.05,0.05,0.05,0.05,0,0,1
FINNIFTY06FEB2421300PE.NFO,2024-01-03,11:12:00,2024-02-06,0.05,0.05,0.05,0.05,0,0,1
FINNIFTY06FEB2421300PE.NFO,2024-01-03,11:13:00,2024-02-06,0.05,0.05,0.05,0.05,0,0,1
FINNIFTY06FEB2421300PE.NFO,2024-01-03,11:14:00,2024-02-06,0.05,0.05,0.05,0.05,0,0,1
FINNIFTY06FEB2421300PE.NFO,2024-01-03,11:15:00,2024-02-06,0.05,0.05,0.05,0.05,0,0,1
FINNIFTY06FEB2421300PE.NFO,2024-01-03,11:16:00,2024-02-06,0.05,0.05,0.05,0.05,0,0,1
FINNIFTY06FEB2421300PE.NFO,2024-01-03,11:17:00,2024-02-06,0.05,0.05,0.05,0.05,0,0,1
FINNIFTY06FEB2421300PE.NFO,2024-01-03,11:18:00,2024-02-06,0.05,0.05,0.05,0.05,0,0,1
FINNIFTY06FEB2421300PE.NFO,2024-01-03,11:19:00,2024-02-06,0.05,0.05,0.05,0.05,0,0,1
FINNIFTY06FEB2421300PE.NFO,2024-01-03,11:20:00,2024-02-06,0.05,0.05,0.05,0.05,0,0,1
FINNIFTY06FEB2421300PE.NFO,2024-01-03,11:21:00,2024-02-06,0.05,0.05,0.05,0.05,0,0,1
FINNIFTY06FEB2421300PE.NFO,2024-01-03,11:22:00,2024-02-06,0.05,0.05,0.05,0.05,0,0,1
FINNIFTY06FEB2421300PE.NFO,2024-01-03,11:23:00,2024-02-06,0.05,0.05,0.05,0.05,0,0,1
FINNIFTY06FEB2421300PE.NFO,2024-01-03,11:24:00,2024-02-06,0.05,0.05,0.05,0.05,0,0,1
FINNIFTY06FEB2421300PE.NFO,2024-01-03,11:25:00,2024-02-06,0.05,0.05,0.05,0.05,0,0,1
FINNIFTY06FEB2421300PE.NFO,2024-01-03,11:26:00,2024-02-06,0.05,0.05,0.05,0.05,0,0,1
FINNIFTY06FEB2421300PE.NFO,2024-01-03,11:27:00,2024-02-06,0.05,0.05,0.05,0.05,0,0,1
FINNIFTY06FEB2421300PE.NFO,2024-01-03,11:28:00,2024-02-06,0.05,0.05,0.05,0.05,0,0,1
FINNIFTY06FEB2421300PE.NFO,2024-01-03,11:29:00,2024-02-06,0.05,0.05,0.05,0.05,0,0,1
FINNIFTY06FEB2421300PE.NFO,2024-01-03,11:30:00,2024-02-06,0.05,0.05,0.05,0.05,0,0,1
FINNIFTY06FEB2421300PE.NFO,2024-01-03,11:31:00,2024-02-06,0.05,0.05,0.05,0.05,0,0,1
FINNIFTY06FEB2421300PE.NFO,2024-01-03,11:32:00,2024-02-06,0.05,0.05,0.05,0.05,0,0,1
FINNIFTY06FEB2421300PE.NFO,2024-01-03,11:33:00,2024-02-06,0.05,0.05,0.05,0.05,0,0,1
FINNIFTY06FEB2421300PE.NFO,2024-01-03,11:34:00,2024-02-06,0.05,0.05,0.05,0.05,0,0,1
FINNIFTY06FEB2421300PE.NFO,2024-01-03,11:35:00,2024-02-06,0.05,0.05,0.05,0.05,0,0,1
FINNIFTY06FEB2421300PE.NFO,2024-01-03,11:36:00,2024-02-06,0.05,0.05,0.05,0.05,0,0,1
FINNIFTY06FEB2421300PE.NFO,2024-01-03,11:37:00,2024-02-06,0.05,0.05,0.05,0.05,0,0,1
FINNIFTY06FEB2421300PE.NFO,2024-01-03,11:38:00,2024-02-06,0.05,0.05,0.05,0.05,0,0,1
FINNIFTY06FEB2421300PE.NFO,2024-01-03,11:39:00,2024-02-06,0.05,0.05,0.05,0.05,0,0,1
FINNIFTY06FEB2421300PE.NFO,2024-01-03,11:40:00,2024-02-06,0.05,0.05,0.05,0.05,0,0,1
FINNIFTY06FEB2421300PE.NFO,2024-01-03,11:41:00,2024-02-06,0.05,0.05,0.05,0.05,0,0,1
FINNIFTY06FEB2421300PE.NFO,2024-01-03,11:42:00,2024-02-06,0.05,0.05,0.05,0.05,0,0,1
FINNIFTY06FEB2421300PE.NFO,2024-01-03,11:43:00,2024-02-06,0.05,0.05,0.05,0.05,0,0,1
FINNIFTY06FEB2421300PE.NFO,2024-01-03,11:44:00,2024-02-06,0.05,0.05,0.05,0.05,0,0,1
FINNIFTY06FEB2421300PE.NFO,2024-01-03,11:45:00,2024-02-06,0.05,0.05,0.05,0.05,0,0,1
FINNIFTY06FEB2421300PE.NFO,2024-01-03,11:46:00,2024-02-06,0.05,0.05,0.05,0.05,0,0,1
FINNIFTY06FEB2421300PE.NFO,2024-01-03,11:47:00,2024-02-06,0.05,0.05,0.05,0.05,0,0,1
FINNIFTY06FEB2421300PE.NFO,2024-01-03,11:48:00,2024-02-06,0.05,0.05,0.05,0.05,0,0,1
FINNIFTY06FEB2421300PE.NFO,2024-01-03,11:49:00,2024-02-06,0.05,0.05,0.05,0.05,0,0,1
FINNIFTY06FEB2421300PE.NFO,2024-01-03,11:50:00,2024-02-06,0.05,0.05,0.05,0.05,0,0,1
FINNIFTY06FEB2421300PE.NFO,2024-01-03,11:51:00,2024-02-06,0.05,0.05,0.05,0.05,0,0,1
FINNIFTY06FEB2421300PE.NFO,2024-01-03,11:52:00,2024-02-06,0.05,0.05,0.05,0.05,0,0,1
FINNIFTY06FEB2421300PE.NFO,2024-01-03,11:53:00,2024-02-06,0.05,0.05,0.05,0.05,0,0,1
FINNIFTY06FEB2421300PE.NFO,2024-01-03,11:54:00,2024-02-06,0.05,0.05,0.05,0.05,0,0,1
FINNIFTY06FEB2421300PE.NFO,2024-01-03,11:55:00,2024-02-06,0.05,0.05,0.05,0.05,0,0,1
FINNIFTY06FEB2421300PE.NFO,2024-01-03,11:56:00,2024-02-06,0.05,0.05,0.05,0.05,0,0,1
FINNIFTY06FEB2421300PE.NFO,2024-01-03,11:57:00,2024-02-06,0.05,0.05,0.05,0.05,0,0,1
FINNIFTY06FEB2421300PE.NFO,2024-01-03,11:58:00,2024-02-06,0.05,0.05,0.05,0.05,0,0,1
FINNIFTY06FEB2421300PE.NFO,2024-01-03,11:59:00,2024-02-06,0.05,0.05,0.05,0.05,0,0,1
FINNIFTY06FEB2421300PE.NFO,2024-01-03,12:00:00,2024-02-06,0.05,0.05,0.05,0.05,0,0,1
FINNIFTY06FEB2421300PE.NFO,2024-01-03,12:01:00,2024-02-06,0.05,0.05,0.05,0.05,0,0,1
FINNIFTY06FEB2421300PE.NFO,2024-01-03,12:02:00,2024-02-06,0.05,0.05,0.05,0.05,0,0,1
FINNIFTY06FEB2421300PE.NFO,2024-01-03,12:03:00,2024-02-06,0.05,0.05,0.05,0.05,0,0,1
FINNIFTY06FEB2421300PE.NFO,2024-01-03,12:04:00,2024-02-06,0.05,0.05,0.05,0.05,0,0,1
FINNIFTY06FEB2421300PE.NFO,2024-01-03,12:05:00,2024-02-06,0.05,0.05,0.05,0.05,0,0,1
FINNIFTY06FEB2421300PE.NFO,2024-01-03,12:06:00,2024-02-06,0.05,0.05,0.05,0.05,0,0,1
FINNIFTY06FEB2421300PE.NFO,2024-01-03,12:07:00,2024-02-06,0.05,0.05,0.05,0.05,0,0,1
FINNIFTY06FEB2421300PE.NFO,2024-01-03,12:08:00,2024-02-06,0.05,0.05,0.05,0.05,0,0,1
FINNIFTY06FEB2421300PE.NFO,2024-01-03,12:09:00,2024-02-06,0.05,0.05,0.05,0.05,0,0,1
FINNIFTY06FEB2421300PE.NFO,2024-01-03,12:10:00,2024-02-06,0.05,0.05,0.05,0.05,0,0,1
FINNIFTY06FEB2421300PE.NFO,2024-01-03,12:11:00,2024-02-06,0.05,0.05,0.05,0.05,0,0,1
FINNIFTY06FEB2421300PE.NFO,2024-01-03,12:12:00,2024-02-06,0.05,0.05,0.05,0.05,0,0,1
FINNIFTY06FEB2421300PE.NFO,2024-01-03,12:13:00,2024-02-06,0.05,0.05,0.05,0.05,0,0,1
FINNIFTY06FEB2421300PE.NFO,2024-01-03,12:14:00,2024-02-06,0.05,0.05,0.05,0.05,0,0,1
FINNIFTY06FEB2421300PE.NFO,2024-01-03,12:15:00,2024-02-06,0.05,0.05,0.05,0.05,0,0,1
FINNIFTY06FEB2421300PE.NFO,2024-01-03,12:16:00,2024-02-06,0.05,0.05,0.05,0.05,0,0,1
FINNIFTY06FEB2421300PE.NFO,2024-01-03,12:17:00,2024-02-06,0.05,0.05,0.05,0.05,0,0,1
FINNIFTY06FEB2421300PE.NFO,2024-01-03,12:18:00,2024-02-06,0.05,0.05,0.05,0.05,0,0,1
FINNIFTY06FEB2421300PE.NFO,2024-01-03,12:19:00,2024-02-06,0.05,0.05,0.05,0.05,0,0,1
FINNIFTY06FEB2421300PE.NFO,2024-01-03,12:20:00,2024-02-06,0.05,0.05,0.05,0.05,0,0,1
FINNIFTY06FEB2421300PE.NFO,2024-01-03,12:21:00,2024-02-06,0.05,0.05,0.05,0.05,0,0,1
FINNIFTY06FEB2421300PE.NFO,2024-01-03,12:22:00,2024-02-06,0.05,0.05,0.05,0.05,0,0,1
FINNIFTY06FEB2421300PE.NFO,2024-01-03,12:23:00,2024-02-06,0.05,0.05,0.05,0.05,0,0,1
FINNIFTY06FEB2421300PE.NFO,2024-01-03,12:24:00,2024-02-06,0.05,0.05,0.05,0.05,0,0,1
FINNIFTY06FEB2421300PE.NFO,2024-01-03,12:25:00,2024-02-06,0.05,0.05,0.05,0.05,0,0,1
FINNIFTY06FEB2421300PE.NFO,2024-01-03,12:26:00,2024-02-06,0.05,0.05,0.05,0.05,0,0,1
FINNIFTY06FEB2421300PE.NFO,2024-01-03,12:27:00,2024-02-06,0.05,0.05,0.05,0.05,0,0,1
FINNIFTY06FEB2421300PE.NFO,2024-01-03,12:28:00,2024-02-06,0.05,0.05,0.05,0.05,0,0,1
FINNIFTY06FEB2421300PE.NFO,2024-01-03,12:29:00,2024-02-06,0.05,0.05,0.05,0.05,0,0,1
FINNIFTY06FEB2421300PE.NFO,2024-01-03,12:30:00,2024-02-06,0.05,0.05,0.05,0.05,0,0,1
FINNIFTY06FEB2421300PE.NFO,2024-01-03,12:31:00,2024-02-06,0.05,0.05,0.05,0.05,0,0,1
FINNIFTY06FEB2421300PE.NFO,2024-01-03,12:32:00,2024-02-06,0.05,0.05,0.05,0.05,0,0,1
FINNIFTY06FEB2421300PE.NFO,2024-01-03,12:33:00,2024-02-06,0.05,0.05,0.05,0.05,0,0,1
FINNIFTY06FEB2421300PE.NFO,2024-01-03,12:34:00,2024-02-06,0.05,0.05,0.05,0.05,0,0,1
FINNIFTY06FEB2421300PE.NFO,2024-01-03,12:35:00,2024-02-06,0.05,0.05,0.05,0.05,0,0,1
FINNIFTY06FEB2421300PE.NFO,2024-01-03,12:36:00,2024-02-06,0.05,0.05,0.05,0.05,0,0,1
FINNIFTY06FEB2421300PE.NFO,2024-01-03,12:37:00,2024-02-06,0.05,0.05,0.05,0.05,0,0,1
FINNIFTY06FEB2421300PE.NFO,2024-01-03,12:38:00,2024-02-06,0.05,0.05,0.05,0.05,0,0,1
FINNIFTY06FEB2421300PE.NFO,2024-01-03,12:39:00,2024-02-06,0.05,0.05,0.05,0.05,0,0,1
FINNIFTY06FEB2421300PE.NFO,2024-01-03,12:40:00,2024-02-06,0.05,0.05,0.05,0.05,0,0,1
FINNIFTY06FEB2421300PE.NFO,2024-01-03,12:41:00,2024-02-06,0.05,0.05,0.05,0.05,0,0,1
FINNIFTY06FEB2421300PE.NFO,2024-01-03,12:42:00,2024-02-06,0.05,0.05,0.05,0.05,0,0,1
FINNIFTY06FEB2421300PE.NFO,2024-01-03,12:43:00,2024-02-06,0.05,0.05,0.05,0.05,0,0,1
FINNIFTY06FEB2421300PE.NFO,2024-01-03,12:44:00,2024-02-06,0.05,0.05,0.05,0.05,0,0,1
FINNIFTY06FEB2421300PE.NFO,2024-01-03,12:45:00,2024-02-06,0.05,0.05,0.05,0.05,0,0,1
FINNIFTY06FEB2421300PE.NFO,2024-01-03,12:46:00,2024-02-06,0.05,0.05,0.05,0.05,0,0,1
FINNIFTY06FEB2421300PE.NFO,2024-01-03,12:47:00,2024-02-06,0.05,0.05,0.05,0.05,0,0,1
FINNIFTY06FEB2421300PE.NFO,2024-01-03,12:48:00,2024-02-06,0.05,0.05,0.05,0.05,0,0,1
FINNIFTY06FEB2421300PE.NFO,2024-01-03,12:49:00,2024-02-06,0.05,0.05,0.05,0.05,0,0,1
FINNIFTY06FEB2421300PE.NFO,2024-01-03,12:50:00,2024-02-06,0.05,0.05,0.05,0.05,0,0,1
FINNIFTY06FEB2421300PE.NFO,2024-01-03,12:51:00,2024-02-06,0.05,0.05,0.05,0.05,0,0,1
FINNIFTY06FEB2421300PE.NFO,2024-01-03,12:52:00,2024-02-06,0.05,0.05,0.05,0.05,0,0,1
FINNIFTY06FEB2421300PE.NFO,2024-01-03,12:53:00,2024-02-06,0.05,0.05,0.05,0.05,0,0,1
FINNIFTY06FEB2421300PE.NFO,2024-01-03,12:54:00,2024-02-06,0.05,0.05,0.05,0.05,0,0,1
FINNIFTY06FEB2421300PE.NFO,2024-01-03,12:55:00,2024-02-06,0.05,0.05,0.05,0.05,0,0,1
FINNIFTY06FEB2421300PE.NFO,2024-01-03,12:56:00,2024-02-06,0.05,0.05,0.05,0.05,0,0,1
FINNIFTY06FEB2421300PE.NFO,2024-01-03,12:57:00,2024-02-06,0.05,0.05,0.05,0.05,0,0,1
FINNIFTY06FEB2421300PE.NFO,2024-01-03,12:58:00,2024-02-06,0.05,0.05,0.05,0.05,0,0,1
FINNIFTY06FEB2421300PE.NFO,2024-01-03,12:59:00,2024-02-06,0.05,0.05,0.05,0.05,0,0,1
FINNIFTY06FEB2421300PE.NFO,2024-01-03,13:00:00,2024-02-06,0.05,0.05,0.05,0.05,0,0,1
FINNIFTY06FEB2421300PE.NFO,2024-01-03,13:01:00,2024-02-06,0.05,0.05,0.05,0.05,0,0,1
FINNIFTY06FEB2421300PE.NFO,2024-01-03,13:02:00,2024-02-06,0.05,0.05,0.05,0.05,0,0,1
FINNIFTY06FEB2421300PE.NFO,2024-01-03,13:03:00,2024-02-06,0.05,0.05,0.05,0.05,0,0,1
FINNIFTY06FEB2421300PE.NFO,2024-01-03,13:04:00,2024-02-06,0.05,0.05,0.05,0.05,0,0,1
FINNIFTY06FEB2421300PE.NFO,2024-01-03,13:05:00,2024-02-06,0.05,0.05,0.05,0.05,0,0,1
FINNIFTY06FEB2421300PE.NFO,2024-01-03,13:06:00,2024-02-06,0.05,0.05,0.05,0.05,0,0,1
FINNIFTY06FEB2421300PE.NFO,2024-01-03,13:07:00,2024-02-06,0.05,0.05,0.05,0.05,0,0,1
FINNIFTY06FEB2421300PE.NFO,2024-01-03,13:08:00,2024-02-06,0.05,0.05,0.05,0.05,0,0,1
FINNIFTY06FEB2421300PE.NFO,2024-01-03,13:09:00,2024-02-06,0.05,0.05,0.05,0.05,0,0,1
FINNIFTY06FEB2421300PE.NFO,2024-01-03,13:10:00,2024-02-06,0.05,0.05,0.05,0.05,0,0,1
FINNIFTY06FEB2421300PE.NFO,2024-01-03,13:11:00,2024-02-06,0.05,0.05,0.05,0.05,0,0,1
FINNIFTY06FEB2421300PE.NFO,2024-01-03,13:12:00,2024-02-06,0.05,0.05,0.05,0.05,0,0,1
FINNIFTY06FEB2421300PE.NFO,2024-01-03,13:13:00,2024-02-06,0.05,0.05,0.05,0.05,0,0,1
FINNIFTY06FEB2421300PE.NFO,2024-01-03,13:14:00,2024-02-06,0.05,0.05,0.05,0.05,0,0,1
FINNIFTY06FEB2421300PE.NFO,2024-01-03,13:15:00,2024-02-06,0.05,0.05,0.05,0.05,0,0,1
FINNIFTY06FEB2421300PE.NFO,2024-01-03,13:16:00,2024-02-06,0.05,0.05,0.05,0.05,0,0,1
FINNIFTY06FEB2421300PE.NFO,2024-01-03,13:17:00,2024-02-06,0.05,0.05,0.05,0.05,0,0,1
FINNIFTY06FEB2421300PE.NFO,2024-01-03,13:18:00,2024-02-06,0.05,0.05,0.05,0.05,0,0,1
FINNIFTY06FEB2421300PE.NFO,2024-01-03,13:19:00,2024-02-06,0.05,0.05,0.05,0.05,0,0,1
FINNIFTY06FEB2421300PE.NFO,2024-01-03,13:20:00,2024-02-06,0.05,0.05,0.05,0.05,0,0,1
FINNIFTY06FEB2421300PE.NFO,2024-01-03,13:21:00,2024-02-06,0.05,0.05,0.05,0.05,0,0,1
FINNIFTY06FEB2421300PE.NFO,2024-01-03,13:22:00,2024-02-06,0.05,0.05,0.05,0.05,0,0,1
FINNIFTY06FEB2421300PE.NFO,2024-01-03,13:23:00,2024-02-06,0.05,0.05,0.05,0.05,0,0,1
FINNIFTY06FEB2421300PE.NFO,2024-01-03,13:24:00,2024-02-06,0.05,0.05,0.05,0.05,0,0,1
FINNIFTY06FEB2421300PE.NFO,2024-01-03,13:25:00,2024-02-06,0.05,0.05,0.05,0.05,0,0,1
FINNIFTY06FEB2421300PE.NFO,2024-01-03,13:26:00,2024-02-06,0.05,0.05,0.05,0.05,0,0,1
FINNIFTY06FEB2421300PE.NFO,2024-01-03,13:27:00,2024-02-06,0.05,0.05,0.05,0.05,0,0,1
FINNIFTY06FEB2421300PE.NFO,2024-01-03,13:28:00,2024-02-06,0.05,0.05,0.05,0.05,0,0,1
FINNIFTY06FEB2421300PE.NFO,2024-01-03,13:29:00,2024-02-06,0.05,0.05,0.05,0.05,0,0,1
FINNIFTY06FEB2421300PE.NFO,2024-01-03,13:30:00,2024-02-06,0.05,0.05,0.05,0.05,0,0,1
FINNIFTY06FEB2421300PE.NFO,2024-01-03,13:31:00,2024-02-06,0.05,0.05,0.05,0.05,0,0,1
FINNIFTY06FEB2421300PE.NFO,2024-01-03,13:32:00,2024-02-06,0.05,0.05,0.05,0.05,0,0,1
FINNIFTY06FEB2421300PE.NFO,2024-01-03,13:33:00,2024-02-06,0.05,0.05,0.05,0.05,0,0,1
FINNIFTY06FEB2421300PE.NFO,2024-01-03,13:34:00,2024-02-06,0.05,0.05,0.05,0.05,0,0,1
FINNIFTY06FEB2421300PE.NFO,2024-01-03,13:35:00,2024-02-06,0.05,0.05,0.05,0.05,0,0,1
FINNIFTY06FEB2421300PE.NFO,2024-01-03,13:36:00,2024-02-06,0.05,0.05,0.05,0.05,0,0,1
FINNIFTY06FEB2421300PE.NFO,2024-01-03,13:37:00,2024-02-06,0.05,0.05,0.05,0.05,0,0,1
FINNIFTY06FEB2421300PE.NFO,2024-01-03,13:38:00,2024-02-06,0.05,0.05,0.05,0.05,0,0,1
FINNIFTY06FEB2421300PE.NFO,2024-01-03,13:39:00,2024-02-06,0.05,0.05,0.05,0.05,0,0,1
FINNIFTY06FEB2421300PE.NFO,2024-01-03,13:40:00,2024-02-06,0.05,0.05,0.05,0.05,0,0,1
FINNIFTY06FEB2421300PE.NFO,2024-01-03,13:41:00,2024-02-06,0.05,0.05,0.05,0.05,0,0,1
FINNIFTY06FEB2421300PE.NFO,2024-01-03,13:42:00,2024-02-06,0.05,0.05,0.05,0.05,0,0,1
FINNIFTY06FEB2421300PE.NFO,2024-01-03,13:43:00,2024-02-06,0.05,0.05,0.05,0.05,0,0,1
FINNIFTY06FEB2421300PE.NFO,2024-01-03,13:44:00,2024-02-06,0.05,0.05,0.05,0.05,0,0,1
FINNIFTY06FEB2421300PE.NFO,2024-01-03,13:45:00,2024-02-06,0.05,0.05,0.05,0.05,0,0,1
FINNIFTY06FEB2421300PE.NFO,2024-01-03,13:46:00,2024-02-06,0.05,0.05,0.05,0.05,0,0,1
FINNIFTY06FEB2421300PE.NFO,2024-01-03,13:47:00,2024-02-06,0.05,0.05,0.05,0.05,0,0,1
FINNIFTY06FEB2421300PE.NFO,2024-01-03,13:48:00,2024-02-06,0.05,0.05,0.05,0.05,0,0,1
FINNIFTY06FEB2421300PE.NFO,2024-01-03,13:49:00,2024-02-06,0.05,0.05,0.05,0.05,0,0,1
FINNIFTY06FEB2421300PE.NFO,2024-01-03,13:50:00,2024-02-06,0.05,0.05,0.05,0.05,0,0,1
FINNIFTY06FEB2421300PE.NFO,2024-01-03,13:51:00,2024-02-06,0.05,0.05,0.05,0.05,0,0,1
FINNIFTY06FEB2421300PE.NFO,2024-01-03,13:52:00,2024-02-06,0.05,0.05,0.05,0.05,0,0,1
FINNIFTY06FEB2421300PE.NFO,2024-01-03,13:53:00,2024-02-06,0.05,0.05,0.05,0.05,0,0,1
FINNIFTY06FEB2421300PE.NFO,2024-01-03,13:54:00,2024-02-06,0.05,0.05,0.05,0.05,0,0,1
FINNIFTY06FEB2421300PE.NFO,2024-01-03,13:55:00,2024-02-06,0.05,0.05,0.05,0.05,0,0,1
FINNIFTY06FEB2421300PE.NFO,2024-01-03,13:56:00,2024-02-06,0.05,0.05,0.05,0.05,0,0,1
FINNIFTY06FEB2421300PE.NFO,2024-01-03,13:57:00,2024-02-06,0.05,0.05,0.05,0.05,0,0,1
FINNIFTY06FEB2421300PE.NFO,2024-01-03,13:58:00,2024-02-06,0.05,0.05,0.05,0.05,0,0,1
FINNIFTY06FEB2421300PE.NFO,2024-01-03,13:59:00,2024-02-06,0.05,0.05,0.05,0.05,0,0,1
FINNIFTY06FEB2421300PE.NFO,2024-01-03,14:00:00,2024-02-06,0.05,0.05,0.05,0.05,0,0,1
FINNIFTY06FEB2421300PE.NFO,2024-01-03,14:01:00,2024-02-06,0.05,0.05,0.05,0.05,0,0,1
FINNIFTY06FEB2421300PE.NFO,2024-01-03,14:02:00,2024-02-06,0.05,0.05,0.05,0.05,0,0,1
FINNIFTY06FEB2421300PE.NFO,2024-01-03,14:03:00,2024-02-06,0.05,0.05,0.05,0.05,0,0,1
FINNIFTY06FEB2421300PE.NFO,2024-01-03,14:04:00,2024-02-06,0.05,0.05,0.05,0.05,0,0,1
FINNIFTY06FEB2421300PE.NFO,2024-01-03,14:05:00,2024-02-06,0.05,0.05,0.05,0.05,0,0,1
FINNIFTY06FEB2421300PE.NFO,2024-01-03,14:06:00,2024-02-06,0.05,0.05,0.05,0.05,0,0,1
FINNIFTY06FEB2421300PE.NFO,2024-01-03,14:07:00,2024-02-06,0.05,0.05,0.05,0.05,0,0,1
FINNIFTY06FEB2421300PE.NFO,2024-01-03,14:08:00,2024-02-06,0.05,0.05,0.05,0.05,0,0,1
FINNIFTY06FEB2421300PE.NFO,2024-01-03,14:09:00,2024-02-06,0.05,0.05,0.05,0.05,0,0,1
FINNIFTY06FEB2421300PE.NFO,2024-01-03,14:10:00,2024-02-06,0.05,0.05,0.05,0.05,0,0,1
FINNIFTY06FEB2421300PE.NFO,2024-01-03,14:11:00,2024-02-06,0.05,0.05,0.05,0.05,0,0,1
FINNIFTY06FEB2421300PE.NFO,2024-01-03,14:12:00,2024-02-06,0.05,0.05,0.05,0.05,0,0,1
FINNIFTY06FEB2421300PE.NFO,2024-01-03,14:13:00,2024-02-06,0.05,0.05,0.05,0.05,0,0,1
FINNIFTY06FEB2421300PE.NFO,2024-01-03,14:14:00,2024-02-06,0.05,0.05,0.05,0.05,0,0,1
FINNIFTY06FEB2421300PE.NFO,2024-01-03,14:15:00,2024-02-06,0.05,0.05,0.05,0.05,0,0,1
FINNIFTY06FEB2421300PE.NFO,2024-01-03,14:16:00,2024-02-06,0.05,0.05,0.05,0.05,0,0,1
FINNIFTY06FEB2421300PE.NFO,2024-01-03,14:17:00,2024-02-06,0.05,0.05,0.05,0.05,0,0,1
FINNIFTY06FEB2421300PE.NFO,2024-01-03,14:18:00,2024-02-06,0.05,0.05,0.05,0.05,0,0,1
FINNIFTY06FEB2421300PE.NFO,2024-01-03,14:19:00,2024-02-06,0.05,0.05,0.05,0.05,0,0,1
FINNIFTY06FEB2421300PE.NFO,2024-01-03,14:20:00,2024-02-06,0.05,0.05,0.05,0.05,0,0,1
FINNIFTY06FEB2421300PE.NFO,2024-01-03,14:21:00,2024-02-06,0.05,0.05,0.05,0.05,0,0,1
FINNIFTY06FEB2421300PE.NFO,2024-01-03,14:22:00,2024-02-06,0.05,0.05,0.05,0.05,0,0,1
FINNIFTY06FEB2421300PE.NFO,2024-01-03,14:23:00,2024-02-06,0.05,0.05,0.05,0.05,0,0,1
FINNIFTY06FEB2421300PE.NFO,2024-01-03,14:24:00,2024-02-06,0.05,0.05,0.05,0.05,0,0,1
FINNIFTY06FEB2421300PE.NFO,2024-01-03,14:25:00,2024-02-06,0.05,0.05,0.05,0.05,0,0,1
FINNIFTY06FEB2421300PE.NFO,2024-01-03,14:26:00,2024-02-06,0.05,0.05,0.05,0.05,0,0,1
FINNIFTY06FEB2421300PE.NFO,2024-01-03,14:27:00,2024-02-06,0.05,0.05,0.05,0.05,0,0,1
FINNIFTY06FEB2421300PE.NFO,2024-01-03,14:28:00,2024-02-06,0.05,0.05,0.05,0.05,0,0,1
FINNIFTY06FEB2421300PE.NFO,2024-01-03,14:29:00,2024-02-06,0.05,0.05,0.05,0.05,0,0,1
FINNIFTY06FEB2421300PE.NFO,2024-01-03,14:30:00,2024-02-06,0.05,0.05,0.05,0.05,0,0,1
FINNIFTY06FEB2421300PE.NFO,2024-01-03,14:31:00,2024-02-06,0.05,0.05,0.05,0.05,0,0,1
FINNIFTY06FEB2421300PE.NFO,2024-01-03,14:32:00,2024-02-06,0.05,0.05,0.05,0.05,0,0,1
FINNIFTY06FEB2421300PE.NFO,2024-01-03,14:33:00,2024-02-06,0.05,0.05,0.05,0.05,0,0,1
FINNIFTY06FEB2421300PE.NFO,2024-01-03,14:34:00,2024-02-06,0.05,0.05,0.05,0.05,0,0,1
FINNIFTY06FEB2421300PE.NFO,2024-01-03,14:35:00,2024-02-06,0.05,0.05,0.05,0.05,0,0,1
FINNIFTY06FEB2421300PE.NFO,2024-01-03,14:36:00,2024-02-06,0.05,0.05,0.05,0.05,0,0,1
FINNIFTY06FEB2421300PE.NFO,2024-01-03,14:37:00,2024-02-06,0.05,0.05,0.05,0.05,0,0,1
FINNIFTY06FEB2421300PE.NFO,2024-01-03,14:38:00,2024-02-06,0.05,0.05,0.05,0.05,0,0,1
FINNIFTY06FEB2421300PE.NFO,2024-01-03,14:39:00,2024-02-06,0.05,0.05,0.05,0.05,0,0,1
FINNIFTY06FEB2421300PE.NFO,2024-01-03,14:40:00,2024-02-06,0.05,0.05,0.05,0.05,0,0,1
FINNIFTY06FEB2421300PE.NFO,2024-01-03,14:41:00,2024-02-06,0.05,0.05,0.05,0.05,0,0,1
FINNIFTY06FEB2421300PE.NFO,2024-01-03,14:42:00,2024-02-06,0.05,0.05,0.05,0.05,0,0,1
FINNIFTY06FEB2421300PE.NFO,2024-01-03,14:43:00,2024-02-06,0.05,0.05,0.05,0.05,0,0,1
FINNIFTY06FEB2421300PE.NFO,2024-01-03,14:44:00,2024-02-06,0.05,0.05,0.05,0.05,0,0,1
FINNIFTY06FEB2421300PE.NFO,2024-01-03,14:45:00,2024-02-06,0.05,0.05,0.05,0.05,0,0,1
FINNIFTY06FEB2421300PE.NFO,2024-01-03,14:46:00,2024-02-06,0.05,0.05,0.05,0.05,0,0,1
FINNIFTY06FEB2421300PE.NFO,2024-01-03,14:47:00,2024-02-06,0.05,0.05,0.05,0.05,0,0,1
FINNIFTY06FEB2421300PE.NFO,2024-01-03,14:48:00,2024-02-06,0.05,0.05,0.05,0.05,0,0,1
FINNIFTY06FEB2421300PE.NFO,2024-01-03,14:49:00,2024-02-06,0.05,0.05,0.05,0.05,0,0,1
FINNIFTY06FEB2421300PE.NFO,2024-01-03,14:50:00,2024-02-06,0.05,0.05,0.05,0.05,0,0,1
FINNIFTY06FEB2421300PE.NFO,2024-01-03,14:51:00,2024-02-06,0.05,0.05,0.05,0.05,0,0,1
FINNIFTY06FEB2421300PE.NFO,2024-01-03,14:52:00,2024-02-06,0.05,0.05,0.05,0.05,0,0,1
FINNIFTY06FEB2421300PE.NFO,2024-01-03,14:53:00,2024-02-06,0.05,0.05,0.05,0.05,0,0,1
FINNIFTY06FEB2421300PE.NFO,2024-01-03,14:54:00,2024-02-06,0.05,0.05,0.05,0.05,0,0,1
FINNIFTY06FEB2421300PE.NFO,2024-01-03,14:55:00,2024-02-06,0.05,0.05,0.05,0.05,0,0,1
FINNIFTY06FEB2421300PE.NFO,2024-01-03,14:56:00,2024-02-06,0.05,0.05,0.05,0.05,0,0,1
FINNIFTY06FEB2421300PE.NFO,2024-01-03,14:57:00,2024-02-06,0.05,0.05,0.05,0.05,0,0,1
FINNIFTY06FEB2421300PE.NFO,2024-01-03,14:58:00,2024-02-06,0.05,0.05,0.05,0.05,0,0,1
FINNIFTY06FEB2421300PE.NFO,2024-01-03,14:59:00,2024-02-06,0.05,0.05,0.05,0.05,0,0,1
FINNIFTY06FEB2421300PE.NFO,2024-01-03,15:00:00,2024-02-06,0.05,0.05,0.05,0.05,0,0,1
FINNIFTY06FEB2421300PE.NFO,2024-01-03,15:01:00,2024-02-06,0.05,0.05,0.05,0.05,0,0,1
FINNIFTY06FEB2421300PE.NFO,2024-01-03,15:02:00,2024-02-06,0.05,0.05,0.05,0.05,0,0,1
FINNIFTY06FEB2421300PE.NFO,2024-01-03,15:03:00,2024-02-06,0.05,0.05,0.05,0.05,0,0,1
FINNIFTY06FEB2421300PE.NFO,2024-01-03,15:04:00,2024-02-06,0.05,0.05,0.05,0.05,0,0,1
FINNIFTY06FEB2421300PE.NFO,2024-01-03,15:05:00,2024-02-06,0.05,0.05,0.05,0.05,0,0,1
FINNIFTY06FEB2421300PE.NFO,2024-01-03,15:06:00,2024-02-06,0.05,0.05,0.05,0.05,0,0,1
FINNIFTY06FEB2421300PE.NFO,2024-01-03,15:07:00,2024-02-06,0.05,0.05,0.05,0.05,0,0,1
FINNIFTY06FEB2421300PE.NFO,2024-01-03,15:08:00,2024-02-06,0.05,0.05,0.05,0.05,0,0,1
FINNIFTY06FEB2421300PE.NFO,2024-01-03,15:09:00,2024-02-06,0.05,0.05,0.05,0.05,0,0,1
FINNIFTY06FEB2421300PE.NFO,2024-01-03,15:10:00,2024-02-06,0.05,0.05,0.05,0.05,0,0,1
FINNIFTY06FEB2421300PE.NFO,2024-01-03,15:11:00,2024-02-06,0.05,0.05,0.05,0.05,0,0,1
FINNIFTY06FEB2421300PE.NFO,2024-01-03,15:12:00,2024-02-06,0.05,0.05,0.05,0.05,0,0,1
FINNIFTY06FEB2421300PE.NFO,2024-01-03,15:13:00,2024-02-06,0.05,0.05,0.05,0.05,0,0,1
FINNIFTY06FEB2421300PE.NFO,2024-01-03,15:14:00,2024-02-06,0.05,0.05,0.05,0.05,0,0,1
FINNIFTY06FEB2421300PE.NFO,2024-01-03,15:15:00,2024-02-06,0.05,0.05,0.05,0.05,0,0,1
FINNIFTY06FEB2421300PE.NFO,2024-01-03,15:16:00,2024-02-06,0.05,0.05,0.05,0.05,0,0,1
FINNIFTY06FEB2421300PE.NFO,2024-01-03,15:17:00,2024-02-06,0.05,0.05,0.05,0.05,0,0,1
FINNIFTY06FEB2421300PE.NFO,2024-01-03,15:18:00,2024-02-06,0.05,0.05,0.05,0.05,0,0,1
FINNIFTY06FEB2421300PE.NFO,2024-01-03,15:19:00,2024-02-06,0.05,0.05,0.05,0.05,0,0,1
FINNIFTY06FEB2421300PE.NFO,2024-01-03,15:20:00,2024-02-06,0.05,0.05,0.05,0.05,0,0,1
FINNIFTY06FEB2421300PE.NFO,2024-01-03,15:21:00,2024-02-06,0.05,0.05,0.05,0.05,0,0,1
FINNIFTY06FEB2421300PE.NFO,2024-01-03,15:22:00,2024-02-06,0.05,0.05,0.05,0.05,0,0,1
FINNIFTY06FEB2421300PE.NFO,2024-01-03,15:23:00,2024-02-06,0.05,0.05,0.05,0.05,0,0,1
FINNIFTY06FEB2421300PE.NFO,2024-01-03,15:24:00,2024-02-06,0.05,0.05,0.05,0.05,0,0,1
FINNIFTY06FEB2421300PE.NFO,2024-01-03,15:25:00,2024-02-06,0.05,0.05,0.05,0.05,0,0,1
FINNIFTY06FEB2421300PE.NFO,2024-01-03,15:26:00,2024-02-06,0.05,0.05,0.05,0.05,0,0,1
FINNIFTY06FEB2421300PE.NFO,2024-01-03,15:27:00,2024-02-06,0.05,0.05,0.05,0.05,0,0,1
FINNIFTY06FEB2421300PE.NFO,2024-01-03,15:28:00,2024-02-06,0.05,0.05,0.05,0.05,0,0,1
FINNIFTY06FEB2421300PE.NFO,2024-01-03,15:29:00,2024-02-06,0.05,0.05,0.05,0.05,0,0,1
FINNIFTY06FEB2421300PE.NFO,2024-01-03,15:30:00,2024-02-06,0.05,0.05,0.05,0.05,0,0,1
FINNIFTY06FEB2421300PE.NFO,2024-01-04,09:15:00,2024-02-06,0.05,0.05,0.05,0.05,0,0,0
FINNIFTY06FEB2421300PE.NFO,2024-01-04,09:16:00,2024-02-06,0.05,0.05,0.05,0.05,0,0,1
FINNIFTY06FEB2421300PE.NFO,2024-01-04,09:17:00,2024-02-06,0.05,0.05,0.05,0.05,0,0,1
FINNIFTY06FEB2421300PE.NFO,2024-01-04,09:18:00,2024-02-06,0.05,0.05,0.05,0.05,0,0,1
FINNIFTY06FEB2421300PE.NFO,2024-01-04,09:19:00,2024-02-06,0.05,0.05,0.05,0.05,0,0,1
FINNIFTY06FEB2421300PE.NFO,2024-01-04,09:20:00,2024-02-06,0.05,0.05,0.05,0.05,0,0,1
FINNIFTY06FEB2421300PE.NFO,2024-01-04,09:21:00,2024-02-06,0.05,0.05,0.05,0.05,0,0,1
FINNIFTY06FEB2421300PE.NFO,2024-01-04,09:22:00,2024-02-06,0.05,0.05,0.05,0.05,0,0,1
FINNIFTY06FEB2421300PE.NFO,2024-01-04,09:23:00,2024-02-06,0.05,0.05,0.05,0.05,0,0,1
FINNIFTY06FEB2421300PE.NFO,2024-01-04,09:24:00,2024-02-06,0.05,0.05,0.05,0.05,0,0,1
FINNIFTY06FEB2421300PE.NFO,2024-01-04,09:25:00,2024-02-06,0.05,0.05,0.05,0.05,0,0,1
FINNIFTY06FEB2421300PE.NFO,2024-01-04,09:26:00,2024-02-06,0.05,0.05,0.05,0.05,0,0,1
FINNIFTY06FEB2421300PE.NFO,2024-01-04,09:27:00,2024-02-06,0.05,0.05,0.05,0.05,0,0,1
FINNIFTY06FEB2421300PE.NFO,2024-01-04,09:28:00,2024-02-06,0.05,0.05,0.05,0.05,0,0,1
FINNIFTY06FEB2421300PE.NFO,2024-01-04,09:29:00,2024-02-06,0.05,0.05,0.05,0.05,0,0,1
FINNIFTY06FEB2421300PE.NFO,2024-01-04,09:30:00,2024-02-06,0.05,0.05,0.05,0.05,0,0,1
FINNIFTY06FEB2421300PE.NFO,2024-01-04,09:31:00,2024-02-06,0.05,0.05,0.05,0.05,0,0,1
FINNIFTY06FEB2421300PE.NFO,2024-01-04,09:32:00,2024-02-06,0.05,0.05,0.05,0.05,0,0,1
FINNIFTY06FEB2421300PE.NFO,2024-01-04,09:33:00,2024-02-06,0.05,0.05,0.05,0.05,0,0,1
FINNIFTY06FEB2421300PE.NFO,2024-01-04,09:34:00,2024-02-06,0.05,0.05,0.05,0.05,0,0,1
FINNIFTY06FEB2421300PE.NFO,2024-01-04,09:35:00,2024-02-06,0.05,0.05,0.05,0.05,0,0,1
FINNIFTY06FEB2421300PE.NFO,2024-01-04,09:36:00,2024-02-06,0.05,0.05,0.05,0.05,0,0,1
FINNIFTY06FEB2421300PE.NFO,2024-01-04,09:37:00,2024-02-06,0.05,0.05,0.05,0.05,0,0,1
FINNIFTY06FEB2421300PE.NFO,2024-01-04,09:38:00,2024-02-06,0.05,0.05,0.05,0.05,0,0,1
FINNIFTY06FEB2421300PE.NFO,2024-01-04,09:39:00,2024-02-06,0.05,0.05,0.05,0.05,0,0,1
FINNIFTY06FEB2421300PE.NFO,2024-01-04,09:40:00,2024-02-06,0.05,0.05,0.05,0.05,0,0,1
FINNIFTY06FEB2421300PE.NFO,2024-01-04,09:41:00,2024-02-06,0.05,0.05,0.05,0.05,0,0,1
FINNIFTY06FEB2421300PE.NFO,2024-01-04,09:42:00,2024-02-06,0.05,0.05,0.05,0.05,0,0,1
FINNIFTY06FEB2421300PE.NFO,2024-01-04,09:43:00,2024-02-06,0.05,0.05,0.05,0.05,0,0,1
FINNIFTY06FEB2421300PE.NFO,2024-01-04,09:44:00,2024-02-06,0.05,0.05,0.05,0.05,0,0,1
FINNIFTY06FEB2421300PE.NFO,2024-01-04,09:45:00,2024-02-06,0.05,0.05,0.05,0.05,0,0,1
FINNIFTY06FEB2421300PE.NFO,2024-01-04,09:46:00,2024-02-06,0.05,0.05,0.05,0.05,0,0,1
FINNIFTY06FEB2421300PE.NFO,2024-01-04,09:47:00,2024-02-06,0.05,0.05,0.05,0.05,0,0,1
FINNIFTY06FEB2421300PE.NFO,2024-01-04,09:48:00,2024-02-06,0.05,0.05,0.05,0.05,0,0,1
FINNIFTY06FEB2421300PE.NFO,2024-01-04,09:49:00,2024-02-06,0.05,0.05,0.05,0.05,0,0,1
FINNIFTY06FEB2421300PE.NFO,2024-01-04,09:50:00,2024-02-06,0.05,0.05,0.05,0.05,0,0,1
FINNIFTY06FEB2421300PE.NFO,2024-01-04,09:51:00,2024-02-06,0.05,0.05,0.05,0.05,0,0,1
FINNIFTY06FEB2421300PE.NFO,2024-01-04,09:52:00,2024-02-06,0.05,0.05,0.05,0.05,0,0,1
FINNIFTY06FEB2421300PE.NFO,2024-01-04,09:53:00,2024-02-06,0.05,0.05,0.05,0.05,0,0,1
FINNIFTY06FEB2421300PE.NFO,2024-01-04,09:54:00,2024-02-06,0.05,0.05,0.05,0.05,0,0,1
FINNIFTY06FEB2421300PE.NFO,2024-01-04,09:55:00,2024-02-06,0.05,0.05,0.05,0.05,0,0,1
FINNIFTY06FEB2421300PE.NFO,2024-01-04,09:56:00,2024-02-06,0.05,0.05,0.05,0.05,0,0,1
FINNIFTY06FEB2421300PE.NFO,2024-01-04,09:57:00,2024-02-06,0.05,0.05,0.05,0.05,0,0,1
FINNIFTY06FEB2421300PE.NFO,2024-01-04,09:58:00,2024-02-06,0.05,0.05,0.05,0.05,0,0,1
FINNIFTY06FEB2421300PE.NFO,2024-01-04,09:59:00,2024-02-06,0.05,0.05,0.05,0.05,0,0,1
FINNIFTY06FEB2421300PE.NFO,2024-01-04,10:00:00,2024-02-06,0.05,0.05,0.05,0.05,0,0,1
FINNIFTY06FEB2421300PE.NFO,2024-01-04,10:01:00,2024-02-06,0.05,0.05,0.05,0.05,0,0,1
FINNIFTY06FEB2421300PE.NFO,2024-01-04,10:02:00,2024-02-06,0.05,0.05,0.05,0.05,0,0,1
FINNIFTY06FEB2421300PE.NFO,2024-01-04,10:03:00,2024-02-06,0.05,0.05,0.05,0.05,0,0,1
FINNIFTY06FEB2421300PE.NFO,2024-01-04,10:04:00,2024-02-06,0.05,0.05,0.05,0.05,0,0,1
FINNIFTY06FEB2421300PE.NFO,2024-01-04,10:05:00,2024-02-06,0.05,0.05,0.05,0.05,0,0,1
FINNIFTY06FEB2421300PE.NFO,2024-01-04,10:06:00,2024-02-06,0.05,0.05,0.05,0.05,0,0,1
FINNIFTY06FEB2421300PE.NFO,2024-01-04,10:07:00,2024-02-06,0.05,0.05,0.05,0.05,0,0,1
FINNIFTY06FEB2421300PE.NFO,2024-01-04,10:08:00,2024-02-06,0.05,0.05,0.05,0.05,0,0,1
FINNIFTY06FEB2421300PE.NFO,2024-01-04,10:09:00,2024-02-06,0.05,0.05,0.05,0.05,0,0,1
FINNIFTY06FEB2421300PE.NFO,2024-01-04,10:10:00,2024-02-06,0.05,0.05,0.05,0.05,0,0,1
FINNIFTY06FEB2421300PE.NFO,2024-01-04,10:11:00,2024-02-06,0.05,0.05,0.05,0.05,0,0,1
FINNIFTY06FEB2421300PE.NFO,2024-01-04,10:12:00,2024-02-06,0.05,0.05,0.05,0.05,0,0,1
FINNIFTY06FEB2421300PE.NFO,2024-01-04,10:13:00,2024-02-06,0.05,0.05,0.05,0.05,0,0,1
FINNIFTY06FEB2421300PE.NFO,2024-01-04,10:14:00,2024-02-06,0.05,0.05,0.05,0.05,0,0,1
FINNIFTY06FEB2421300PE.NFO,2024-01-04,10:15:00,2024-02-06,0.05,0.05,0.05,0.05,0,0,1
FINNIFTY06FEB2421300PE.NFO,2024-01-04,10:16:00,2024-02-06,0.05,0.05,0.05,0.05,0,0,1
FINNIFTY06FEB2421300PE.NFO,2024-01-04,10:17:00,2024-02-06,0.05,0.05,0.05,0.05,0,0,1
FINNIFTY06FEB2421300PE.NFO,2024-01-04,10:18:00,2024-02-06,0.05,0.05,0.05,0.05,0,0,1
FINNIFTY06FEB2421300PE.NFO,2024-01-04,10:19:00,2024-02-06,0.05,0.05,0.05,0.05,0,0,1
FINNIFTY06FEB2421300PE.NFO,2024-01-04,10:20:00,2024-02-06,0.05,0.05,0.05,0.05,0,0,1
FINNIFTY06FEB2421300PE.NFO,2024-01-04,10:21:00,2024-02-06,0.05,0.05,0.05,0.05,0,0,1
FINNIFTY06FEB2421300PE.NFO,2024-01-04,10:22:00,2024-02-06,0.05,0.05,0.05,0.05,0,0,1
FINNIFTY06FEB2421300PE.NFO,2024-01-04,10:23:00,2024-02-06,0.05,0.05,0.05,0.05,0,0,1
FINNIFTY06FEB2421300PE.NFO,2024-01-04,10:24:00,2024-02-06,0.05,0.05,0.05,0.05,0,0,1
FINNIFTY06FEB2421300PE.NFO,2024-01-04,10:25:00,2024-02-06,0.05,0.05,0.05,0.05,0,0,1
FINNIFTY06FEB2421300PE.NFO,2024-01-04,10:26:00,2024-02-06,0.05,0.05,0.05,0.05,0,0,1
FINNIFTY06FEB2421300PE.NFO,2024-01-04,10:27:00,2024-02-06,0.05,0.05,0.05,0.05,0,0,1
FINNIFTY06FEB2421300PE.NFO,2024-01-04,10:28:00,2024-02-06,0.05,0.05,0.05,0.05,0,0,1
FINNIFTY06FEB2421300PE.NFO,2024-01-04,10:29:00,2024-02-06,0.05,0.05,0.05,0.05,0,0,1
FINNIFTY06FEB2421300PE.NFO,2024-01-04,10:30:00,2024-02-06,0.05,0.05,0.05,0.05,0,0,1
FINNIFTY06FEB2421300PE.NFO,2024-01-04,10:31:00,2024-02-06,0.05,0.05,0.05,0.05,0,0,1
FINNIFTY06FEB2421300PE.NFO,2024-01-04,10:32:00,2024-02-06,0.05,0.05,0.05,0.05,0,0,1
FINNIFTY06FEB2421300PE.NFO,2024-01-04,10:33:00,2024-02-06,0.05,0.05,0.05,0.05,0,0,1
FINNIFTY06FEB2421300PE.NFO,2024-01-04,10:34:00,2024-02-06,0.05,0.05,0.05,0.05,0,0,1
FINNIFTY06FEB2421300PE.NFO,2024-01-04,10:35:00,2024-02-06,0.05,0.05,0.05,0.05,0,0,1
FINNIFTY06FEB2421300PE.NFO,2024-01-04,10:36:00,2024-02-06,0.05,0.05,0.05,0.05,0,0,1
FINNIFTY06FEB2421300PE.NFO,2024-01-04,10:37:00,2024-02-06,0.05,0.05,0.05,0.05,0,0,1
FINNIFTY06FEB2421300PE.NFO,2024-01-04,10:38:00,2024-02-06,0.05,0.05,0.05,0.05,0,0,1
FINNIFTY06FEB2421300PE.NFO,2024-01-04,10:39:00,2024-02-06,0.05,0.05,0.05,0.05,0,0,1
FINNIFTY06FEB2421300PE.NFO,2024-01-04,10:40:00,2024-02-06,0.05,0.05,0.05,0.05,0,0,1
FINNIFTY06FEB2421300PE.NFO,2024-01-04,10:41:00,2024-02-06,0.05,0.05,0.05,0.05,0,0,1
FINNIFTY06FEB2421300PE.NFO,2024-01-04,10:42:00,2024-02-06,0.05,0.05,0.05,0.05,0,0,1
FINNIFTY06FEB2421300PE.NFO,2024-01-04,10:43:00,2024-02-06,0.05,0.05,0.05,0.05,0,0,1
FINNIFTY06FEB2421300PE.NFO,2024-01-04,10:44:00,2024-02-06,0.05,0.05,0.05,0.05,0,0,1
FINNIFTY06FEB2421300PE.NFO,2024-01-04,10:45:00,2024-02-06,0.05,0.05,0.05,0.05,0,0,1
FINNIFTY06FEB2421300PE.NFO,2024-01-04,10:46:00,2024-02-06,0.05,0.05,0.05,0.05,0,0,1
FINNIFTY06FEB2421300PE.NFO,2024-01-04,10:47:00,2024-02-06,0.05,0.05,0.05,0.05,0,0,1
FINNIFTY06FEB2421300PE.NFO,2024-01-04,10:48:00,2024-02-06,0.05,0.05,0.05,0.05,0,0,1
FINNIFTY06FEB2421300PE.NFO,2024-01-04,10:49:00,2024-02-06,0.05,0.05,0.05,0.05,0,0,1
FINNIFTY06FEB2421300PE.NFO,2024-01-04,10:50:00,2024-02-06,0.05,0.05,0.05,0.05,0,0,1
FINNIFTY06FEB2421300PE.NFO,2024-01-04,10:51:00,2024-02-06,0.05,0.05,0.05,0.05,0,0,1
FINNIFTY06FEB2421300PE.NFO,2024-01-04,10:52:00,2024-02-06,0.05,0.05,0.05,0.05,0,0,1
FINNIFTY06FEB2421300PE.NFO,2024-01-04,10:53:00,2024-02-06,0.05,0.05,0.05,0.05,0,0,1
FINNIFTY06FEB2421300PE.NFO,2024-01-04,10:54:00,2024-02-06,0.05,0.05,0.05,0.05,0,0,1
FINNIFTY06FEB2421300PE.NFO,2024-01-04,10:55:00,2024-02-06,0.05,0.05,0.05,0.05,0,0,1
FINNIFTY06FEB2421300PE.NFO,2024-01-04,10:56:00,2024-02-06,0.05,0.05,0.05,0.05,0,0,1
FINNIFTY06FEB2421300PE.NFO,2024-01-04,10:57:00,2024-02-06,0.05,0.05,0.05,0.05,0,0,1
FINNIFTY06FEB2421300PE.NFO,2024-01-04,10:58:00,2024-02-06,0.05,0.05,0.05,0.05,0,0,1
FINNIFTY06FEB2421300PE.NFO,2024-01-04,10:59:00,2024-02-06,0.05,0.05,0.05,0.05,0,0,1
FINNIFTY06FEB2421300PE.NFO,2024-01-04,11:00:00,2024-02-06,0.05,0.05,0.05,0.05,0,0,1
FINNIFTY06FEB2421300PE.NFO,2024-01-04,11:01:00,2024-02-06,0.05,0.05,0.05,0.05,0,0,1
FINNIFTY06FEB2421300PE.NFO,2024-01-04,11:02:00,2024-02-06,0.05,0.05,0.05,0.05,0,0,1
FINNIFTY06FEB2421300PE.NFO,2024-01-04,11:03:00,2024-02-06,0.05,0.05,0.05,0.05,0,0,1
FINNIFTY06FEB2421300PE.NFO,2024-01-04,11:04:00,2024-02-06,0.05,0.05,0.05,0.05,0,0,1
FINNIFTY06FEB2421300PE.NFO,2024-01-04,11:05:00,2024-02-06,0.05,0.05,0.05,0.05,0,0,1
FINNIFTY06FEB2421300PE.NFO,2024-01-04,11:06:00,2024-02-06,0.05,0.05,0.05,0.05,0,0,1
FINNIFTY06FEB2421300PE.NFO,2024-01-04,11:07:00,2024-02-06,0.05,0.05,0.05,0.05,0,0,1
FINNIFTY06FEB2421300PE.NFO,2024-01-04,11:08:00,2024-02-06,0.05,0.05,0.05,0.05,0,0,1
FINNIFTY06FEB2421300PE.NFO,2024-01-04,11:09:00,2024-02-06,0.05,0.05,0.05,0.05,0,0,1
FINNIFTY06FEB2421300PE.NFO,2024-01-04,11:10:00,2024-02-06,0.05,0.05,0.05,0.05,0,0,1
FINNIFTY06FEB2421300PE.NFO,2024-01-04,11:11:00,2024-02-06,0.05,0.05,0.05,0.05,0,0,1
FINNIFTY06FEB2421300PE.NFO,2024-01-04,11:12:00,2024-02-06,0.05,0.05,0.05,0.05,0,0,1
FINNIFTY06FEB2421300PE.NFO,2024-01-04,11:13:00,2024-02-06,0.05,0.05,0.05,0.05,0,0,1
FINNIFTY06FEB2421300PE.NFO,2024-01-04,11:14:00,2024-02-06,0.05,0.05,0.05,0.05,0,0,1
FINNIFTY06FEB2421300PE.NFO,2024-01-04,11:15:00,2024-02-06,0.05,0.05,0.05,0.05,0,0,1
FINNIFTY06FEB2421300PE.NFO,2024-01-04,11:16:00,2024-02-06,0.05,0.05,0.05,0.05,0,0,1
FINNIFTY06FEB2421300PE.NFO,2024-01-04,11:17:00,2024-02-06,0.05,0.05,0.05,0.05,0,0,1
FINNIFTY06FEB2421300PE.NFO,2024-01-04,11:18:00,2024-02-06,0.05,0.05,0.05,0.05,0,0,1
FINNIFTY06FEB2421300PE.NFO,2024-01-04,11:19:00,2024-02-06,0.05,0.05,0.05,0.05,0,0,1
FINNIFTY06FEB2421300PE.NFO,2024-01-04,11:20:00,2024-02-06,0.05,0.05,0.05,0.05,0,0,1
FINNIFTY06FEB2421300PE.NFO,2024-01-04,11:21:00,2024-02-06,0.05,0.05,0.05,0.05,0,0,1
FINNIFTY06FEB2421300PE.NFO,2024-01-04,11:22:00,2024-02-06,0.05,0.05,0.05,0.05,0,0,1
FINNIFTY06FEB2421300PE.NFO,2024-01-04,11:23:00,2024-02-06,0.05,0.05,0.05,0.05,0,0,1
FINNIFTY06FEB2421300PE.NFO,2024-01-04,11:24:00,2024-02-06,0.05,0.05,0.05,0.05,0,0,1
FINNIFTY06FEB2421300PE.NFO,2024-01-04,11:25:00,2024-02-06,0.05,0.05,0.05,0.05,0,0,1
FINNIFTY06FEB2421300PE.NFO,2024-01-04,11:26:00,2024-02-06,0.05,0.05,0.05,0.05,0,0,1
FINNIFTY06FEB2421300PE.NFO,2024-01-04,11:27:00,2024-02-06,0.05,0.05,0.05,0.05,0,0,1
FINNIFTY06FEB2421300PE.NFO,2024-01-04,11:28:00,2024-02-06,0.05,0.05,0.05,0.05,0,0,1
FINNIFTY06FEB2421300PE.NFO,2024-01-04,11:29:00,2024-02-06,0.05,0.05,0.05,0.05,0,0,1
FINNIFTY06FEB2421300PE.NFO,2024-01-04,11:30:00,2024-02-06,0.05,0.05,0.05,0.05,0,0,1
FINNIFTY06FEB2421300PE.NFO,2024-01-04,11:31:00,2024-02-06,0.05,0.05,0.05,0.05,0,0,1
FINNIFTY06FEB2421300PE.NFO,2024-01-04,11:32:00,2024-02-06,0.05,0.05,0.05,0.05,0,0,1
FINNIFTY06FEB2421300PE.NFO,2024-01-04,11:33:00,2024-02-06,0.05,0.05,0.05,0.05,0,0,1
FINNIFTY06FEB2421300PE.NFO,2024-01-04,11:34:00,2024-02-06,0.05,0.05,0.05,0.05,0,0,1
FINNIFTY06FEB2421300PE.NFO,2024-01-04,11:35:00,2024-02-06,0.05,0.05,0.05,0.05,0,0,1
FINNIFTY06FEB2421300PE.NFO,2024-01-04,11:36:00,2024-02-06,0.05,0.05,0.05,0.05,0,0,1
FINNIFTY06FEB2421300PE.NFO,2024-01-04,11:37:00,2024-02-06,0.05,0.05,0.05,0.05,0,0,1
FINNIFTY06FEB2421300PE.NFO,2024-01-04,11:38:00,2024-02-06,0.05,0.05,0.05,0.05,0,0,1
FINNIFTY06FEB2421300PE.NFO,2024-01-04,11:39:00,2024-02-06,0.05,0.05,0.05,0.05,0,0,1
FINNIFTY06FEB2421300PE.NFO,2024-01-04,11:40:00,2024-02-06,0.05,0.05,0.05,0.05,0,0,1
FINNIFTY06FEB2421300PE.NFO,2024-01-04,11:41:00,2024-02-06,0.05,0.05,0.05,0.05,0,0,1
FINNIFTY06FEB2421300PE.NFO,2024-01-04,11:42:00,2024-02-06,0.05,0.05,0.05,0.05,0,0,1
FINNIFTY06FEB2421300PE.NFO,2024-01-04,11:43:00,2024-02-06,0.05,0.05,0.05,0.05,0,0,1
FINNIFTY06FEB2421300PE.NFO,2024-01-04,11:44:00,2024-02-06,0.05,0.05,0.05,0.05,0,0,1
FINNIFTY06FEB2421300PE.NFO,2024-01-04,11:45:00,2024-02-06,0.05,0.05,0.05,0.05,0,0,1
FINNIFTY06FEB2421300PE.NFO,2024-01-04,11:46:00,2024-02-06,0.05,0.05,0.05,0.05,0,0,1
FINNIFTY06FEB2421300PE.NFO,2024-01-04,11:47:00,2024-02-06,0.05,0.05,0.05,0.05,0,0,1
FINNIFTY06FEB2421300PE.NFO,2024-01-04,11:48:00,2024-02-06,0.05,0.05,0.05,0.05,0,0,1
FINNIFTY06FEB2421300PE.NFO,2024-01-04,11:49:00,2024-02-06,0.05,0.05,0.05,0.05,0,0,1
FINNIFTY06FEB2421300PE.NFO,2024-01-04,11:50:00,2024-02-06,0.05,0.05,0.05,0.05,0,0,1
FINNIFTY06FEB2421300PE.NFO,2024-01-04,11:51:00,2024-02-06,0.05,0.05,0.05,0.05,0,0,1
FINNIFTY06FEB2421300PE.NFO,2024-01-04,11:52:00,2024-02-06,0.05,0.05,0.05,0.05,0,0,1
FINNIFTY06FEB2421300PE.NFO,2024-01-04,11:53:00,2024-02-06,0.05,0.05,0.05,0.05,0,0,1
FINNIFTY06FEB2421300PE.NFO,2024-01-04,11:54:00,2024-02-06,0.05,0.05,0.05,0.05,0,0,1
FINNIFTY06FEB2421300PE.NFO,2024-01-04,11:55:00,2024-02-06,0.05,0.05,0.05,0.05,0,0,1
FINNIFTY06FEB2421300PE.NFO,2024-01-04,11:56:00,2024-02-06,0.05,0.05,0.05,0.05,0,0,1
FINNIFTY06FEB2421300PE.NFO,2024-01-04,11:57:00,2024-02-06,0.05,0.05,0.05,0.05,0,0,1
FINNIFTY06FEB2421300PE.NFO,2024-01-04,11:58:00,2024-02-06,0.05,0.05,0.05,0.05,0,0,1
FINNIFTY06FEB2421300PE.NFO,2024-01-04,11:59:00,2024-02-06,0.05,0.05,0.05,0.05,0,0,1
FINNIFTY06FEB2421300PE.NFO,2024-01-04,12:00:00,2024-02-06,0.05,0.05,0.05,0.05,0,0,1
FINNIFTY06FEB2421300PE.NFO,2024-01-04,12:01:00,2024-02-06,0.05,0.05,0.05,0.05,0,0,1
FINNIFTY06FEB2421300PE.NFO,2024-01-04,12:02:00,2024-02-06,0.05,0.05,0.05,0.05,0,0,1
FINNIFTY06FEB2421300PE.NFO,2024-01-04,12:03:00,2024-02-06,0.05,0.05,0.05,0.05,0,0,1
FINNIFTY06FEB2421300PE.NFO,2024-01-04,12:04:00,2024-02-06,0.05,0.05,0.05,0.05,0,0,1
FINNIFTY06FEB2421300PE.NFO,2024-01-04,12:05:00,2024-02-06,0.05,0.05,0.05,0.05,0,0,1
FINNIFTY06FEB2421300PE.NFO,2024-01-04,12:06:00,2024-02-06,0.05,0.05,0.05,0.05,0,0,1
FINNIFTY06FEB2421300PE.NFO,2024-01-04,12:07:00,2024-02-06,0.05,0.05,0.05,0.05,0,0,1
FINNIFTY06FEB2421300PE.NFO,2024-01-04,12:08:00,2024-02-06,0.05,0.05,0.05,0.05,0,0,1
FINNIFTY06FEB2421300PE.NFO,2024-01-04,12:09:00,2024-02-06,0.05,0.05,0.05,0.05,0,0,1
FINNIFTY06FEB2421300PE.NFO,2024-01-04,12:10:00,2024-02-06,0.05,0.05,0.05,0.05,0,0,1
FINNIFTY06FEB2421300PE.NFO,2024-01-04,12:11:00,2024-02-06,0.05,0.05,0.05,0.05,0,0,1
FINNIFTY06FEB2421300PE.NFO,2024-01-04,12:12:00,2024-02-06,0.05,0.05,0.05,0.05,0,0,1
FINNIFTY06FEB2421300PE.NFO,2024-01-04,12:13:00,2024-02-06,0.05,0.05,0.05,0.05,0,0,1
FINNIFTY06FEB2421300PE.NFO,2024-01-04,12:14:00,2024-02-06,0.05,0.05,0.05,0.05,0,0,1
FINNIFTY06FEB2421300PE.NFO,2024-01-04,12:15:00,2024-02-06,0.05,0.05,0.05,0.05,0,0,1
FINNIFTY06FEB2421300PE.NFO,2024-01-04,12:16:00,2024-02-06,0.05,0.05,0.05,0.05,0,0,1
FINNIFTY06FEB2421300PE.NFO,2024-01-04,12:17:00,2024-02-06,0.05,0.05,0.05,0.05,0,0,1
FINNIFTY06FEB2421300PE.NFO,2024-01-04,12:18:00,2024-02-06,0.05,0.05,0.05,0.05,0,0,1
FINNIFTY06FEB2421300PE.NFO,2024-01-04,12:19:00,2024-02-06,0.05,0.05,0.05,0.05,0,0,1
FINNIFTY06FEB2421300PE.NFO,2024-01-04,12:20:00,2024-02-06,0.05,0.05,0.05,0.05,0,0,1
FINNIFTY06FEB2421300PE.NFO,2024-01-04,12:21:00,2024-02-06,0.05,0.05,0.05,0.05,0,0,1
FINNIFTY06FEB2421300PE.NFO,2024-01-04,12:22:00,2024-02-06,0.05,0.05,0.05,0.05,0,0,1
FINNIFTY06FEB2421300PE.NFO,2024-01-04,12:23:00,2024-02-06,0.05,0.05,0.05,0.05,0,0,1
FINNIFTY06FEB2421300PE.NFO,2024-01-04,12:24:00,2024-02-06,0.05,0.05,0.05,0.05,0,0,1
FINNIFTY06FEB2421300PE.NFO,2024-01-04,12:25:00,2024-02-06,0.05,0.05,0.05,0.05,0,0,1
FINNIFTY06FEB2421300PE.NFO,2024-01-04,12:26:00,2024-02-06,0.05,0.05,0.05,0.05,0,0,1
FINNIFTY06FEB2421300PE.NFO,2024-01-04,12:27:00,2024-02-06,0.05,0.05,0.05,0.05,0,0,1
FINNIFTY06FEB2421300PE.NFO,2024-01-04,12:28:00,2024-02-06,0.05,0.05,0.05,0.05,0,0,1
FINNIFTY06FEB2421300PE.NFO,2024-01-04,12:29:00,2024-02-06,0.05,0.05,0.05,0.05,0,0,1
FINNIFTY06FEB2421300PE.NFO,2024-01-04,12:30:00,2024-02-06,0.05,0.05,0.05,0.05,0,0,1
FINNIFTY06FEB2421300PE.NFO,2024-01-04,12:31:00,2024-02-06,0.05,0.05,0.05,0.05,0,0,1
FINNIFTY06FEB2421300PE.NFO,2024-01-04,12:32:00,2024-02-06,0.05,0.05,0.05,0.05,0,0,1
FINNIFTY06FEB2421300PE.NFO,2024-01-04,12:33:00,2024-02-06,0.05,0.05,0.05,0.05,0,0,1
FINNIFTY06FEB2421300PE.NFO,2024-01-04,12:34:00,2024-02-06,0.05,0.05,0.05,0.05,0,0,1
FINNIFTY06FEB2421300PE.NFO,2024-01-04,12:35:00,2024-02-06,0.05,0.05,0.05,0.05,0,0,1
FINNIFTY06FEB2421300PE.NFO,2024-01-04,12:36:00,2024-02-06,0.05,0.05,0.05,0.05,0,0,1
FINNIFTY06FEB2421300PE.NFO,2024-01-04,12:37:00,2024-02-06,0.05,0.05,0.05,0.05,0,0,1
FINNIFTY06FEB2421300PE.NFO,2024-01-04,12:38:00,2024-02-06,0.05,0.05,0.05,0.05,0,0,1
FINNIFTY06FEB2421300PE.NFO,2024-01-04,12:39:00,2024-02-06,0.05,0.05,0.05,0.05,0,0,1
FINNIFTY06FEB2421300PE.NFO,2024-01-04,12:40:00,2024-02-06,0.05,0.05,0.05,0.05,0,0,1
FINNIFTY06FEB2421300PE.NFO,2024-01-04,12:41:00,2024-02-06,0.05,0.05,0.05,0.05,0,0,1
FINNIFTY06FEB2421300PE.NFO,2024-01-04,12:42:00,2024-02-06,0.05,0.05,0.05,0.05,0,0,1
FINNIFTY06FEB2421300PE.NFO,2024-01-04,12:43:00,2024-02-06,0.05,0.05,0.05,0.05,0,0,1
FINNIFTY06FEB2421300PE.NFO,2024-01-04,12:44:00,2024-02-06,0.05,0.05,0.05,0.05,0,0,1
FINNIFTY06FEB2421300PE.NFO,2024-01-04,12:45:00,2024-02-06,0.05,0.05,0.05,0.05,0,0,1
FINNIFTY06FEB2421300PE.NFO,2024-01-04,12:46:00,2024-02-06,0.05,0.05,0.05,0.05,0,0,1
FINNIFTY06FEB2421300PE.NFO,2024-01-04,12:47:00,2024-02-06,0.05,0.05,0.05,0.05,0,0,1
FINNIFTY06FEB2421300PE.NFO,2024-01-04,12:48:00,2024-02-06,0.05,0.05,0.05,0.05,0,0,1
FINNIFTY06FEB2421300PE.NFO,2024-01-04,12:49:00,2024-02-06,0.05,0.05,0.05,0.05,0,0,1
FINNIFTY06FEB2421300PE.NFO,2024-01-04,12:50:00,2024-02-06,0.05,0.05,0.05,0.05,0,0,1
FINNIFTY06FEB2421300PE.NFO,2024-01-04,12:51:00,2024-02-06,0.05,0.05,0.05,0.05,0,0,1
FINNIFTY06FEB2421300PE.NFO,2024-01-04,12:52:00,2024-02-06,0.05,0.05,0.05,0.05,0,0,1
FINNIFTY06FEB2421300PE.NFO,2024-01-04,12:53:00,2024-02-06,0.05,0.05,0.05,0.05,0,0,1
FINNIFTY06FEB2421300PE.NFO,2024-01-04,12:54:00,2024-02-06,0.05,0.05,0.05,0.05,0,0,1
FINNIFTY06FEB2421300PE.NFO,2024-01-04,12:55:00,2024-02-06,0.05,0.05,0.05,0.05,0,0,1
FINNIFTY06FEB2421300PE.NFO,2024-01-04,12:56:00,2024-02-06,0.05,0.05,0.05,0.05,0,0,1
FINNIFTY06FEB2421300PE.NFO,2024-01-04,12:57:00,2024-02-06,0.05,0.05,0.05,0.05,0,0,1
FINNIFTY06FEB2421300PE.NFO,2024-01-04,12:58:00,2024-02-06,0.05,0.05,0.05,0.05,0,0,1
FINNIFTY06FEB2421300PE.NFO,2024-01-04,12:59:00,2024-02-06,0.05,0.05,0.05,0.05,0,0,1
FINNIFTY06FEB2421300PE.NFO,2024-01-04,13:00:00,2024-02-06,0.05,0.05,0.05,0.05,0,0,1
FINNIFTY06FEB2421300PE.NFO,2024-01-04,13:01:00,2024-02-06,0.05,0.05,0.05,0.05,0,0,1
FINNIFTY06FEB2421300PE.NFO,2024-01-04,13:02:00,2024-02-06,0.05,0.05,0.05,0.05,0,0,1
FINNIFTY06FEB2421300PE.NFO,2024-01-04,13:03:00,2024-02-06,0.05,0.05,0.05,0.05,0,0,1
FINNIFTY06FEB2421300PE.NFO,2024-01-04,13:04:00,2024-02-06,0.05,0.05,0.05,0.05,0,0,1
FINNIFTY06FEB2421300PE.NFO,2024-01-04,13:05:00,2024-02-06,0.05,0.05,0.05,0.05,0,0,1
FINNIFTY06FEB2421300PE.NFO,2024-01-04,13:06:00,2024-02-06,0.05,0.05,0.05,0.05,0,0,1
FINNIFTY06FEB2421300PE.NFO,2024-01-04,13:07:00,2024-02-06,0.05,0.05,0.05,0.05,0,0,1
FINNIFTY06FEB2421300PE.NFO,2024-01-04,13:08:00,2024-02-06,0.05,0.05,0.05,0.05,0,0,1
FINNIFTY06FEB2421300PE.NFO,2024-01-04,13:09:00,2024-02-06,0.05,0.05,0.05,0.05,0,0,1
FINNIFTY06FEB2421300PE.NFO,2024-01-04,13:10:00,2024-02-06,0.05,0.05,0.05,0.05,0,0,1
FINNIFTY06FEB2421300PE.NFO,2024-01-04,13:11:00,2024-02-06,0.05,0.05,0.05,0.05,0,0,1
FINNIFTY06FEB2421300PE.NFO,2024-01-04,13:12:00,2024-02-06,0.05,0.05,0.05,0.05,0,0,1
FINNIFTY06FEB2421300PE.NFO,2024-01-04,13:13:00,2024-02-06,0.05,0.05,0.05,0.05,0,0,1
FINNIFTY06FEB2421300PE.NFO,2024-01-04,13:14:00,2024-02-06,0.05,0.05,0.05,0.05,0,0,1
FINNIFTY06FEB2421300PE.NFO,2024-01-04,13:15:00,2024-02-06,0.05,0.05,0.05,0.05,0,0,1
FINNIFTY06FEB2421300PE.NFO,2024-01-04,13:16:00,2024-02-06,0.05,0.05,0.05,0.05,0,0,1
FINNIFTY06FEB2421300PE.NFO,2024-01-04,13:17:00,2024-02-06,0.05,0.05,0.05,0.05,0,0,1
FINNIFTY06FEB2421300PE.NFO,2024-01-04,13:18:00,2024-02-06,0.05,0.05,0.05,0.05,0,0,1
FINNIFTY06FEB2421300PE.NFO,2024-01-04,13:19:00,2024-02-06,0.05,0.05,0.05,0.05,0,0,1
FINNIFTY06FEB2421300PE.NFO,2024-01-04,13:20:00,2024-02-06,0.05,0.05,0.05,0.05,0,0,1
FINNIFTY06FEB2421300PE.NFO,2024-01-04,13:21:00,2024-02-06,0.05,0.05,0.05,0.05,0,0,1
FINNIFTY06FEB2421300PE.NFO,2024-01-04,13:22:00,2024-02-06,0.05,0.05,0.05,0.05,0,0,1
FINNIFTY06FEB2421300PE.NFO,2024-01-04,13:23:00,2024-02-06,0.05,0.05,0.05,0.05,0,0,1
FINNIFTY06FEB2421300PE.NFO,2024-01-04,13:24:00,2024-02-06,0.05,0.05,0.05,0.05,0,0,1
FINNIFTY06FEB2421300PE.NFO,2024-01-04,13:25:00,2024-02-06,0.05,0.05,0.05,0.05,0,0,1
FINNIFTY06FEB2421300PE.NFO,2024-01-04,13:26:00,2024-02-06,0.05,0.05,0.05,0.05,0,0,1
FINNIFTY06FEB2421300PE.NFO,2024-01-04,13:27:00,2024-02-06,0.05,0.05,0.05,0.05,0,0,1
FINNIFTY06FEB2421300PE.NFO,2024-01-04,13:28:00,2024-02-06,0.05,0.05,0.05,0.05,0,0,1
FINNIFTY06FEB2421300PE.NFO,2024-01-04,13:29:00,2024-02-06,0.05,0.05,0.05,0.05,0,0,1
FINNIFTY06FEB2421300PE.NFO,2024-01-04,13:30:00,2024-02-06,0.05,0.05,0.05,0.05,0,0,1
FINNIFTY06FEB2421300PE.NFO,2024-01-04,13:31:00,2024-02-06,0.05,0.05,0.05,0.05,0,0,1
FINNIFTY06FEB2421300PE.NFO,2024-01-04,13:32:00,2024-02-06,0.05,0.05,0.05,0.05,0,0,1
FINNIFTY06FEB2421300PE.NFO,2024-01-04,13:33:00,2024-02-06,0.05,0.05,0.05,0.05,0,0,1
FINNIFTY06FEB2421300PE.NFO,2024-01-04,13:34:00,2024-02-06,0.05,0.05,0.05,0.05,0,0,1
FINNIFTY06FEB2421300PE.NFO,2024-01-04,13:35:00,2024-02-06,0.05,0.05,0.05,0.05,0,0,1
FINNIFTY06FEB2421300PE.NFO,2024-01-04,13:36:00,2024-02-06,0.05,0.05,0.05,0.05,0,0,1
FINNIFTY06FEB2421300PE.NFO,2024-01-04,13:37:00,2024-02-06,0.05,0.05,0.05,0.05,0,0,1
FINNIFTY06FEB2421300PE.NFO,2024-01-04,13:38:00,2024-02-06,0.05,0.05,0.05,0.05,0,0,1
FINNIFTY06FEB2421300PE.NFO,2024-01-04,13:39:00,2024-02-06,0.05,0.05,0.05,0.05,0,0,1
FINNIFTY06FEB2421300PE.NFO,2024-01-04,13:40:00,2024-02-06,0.05,0.05,0.05,0.05,0,0,1
FINNIFTY06FEB2421300PE.NFO,2024-01-04,13:41:00,2024-02-06,0.05,0.05,0.05,0.05,0,0,1
FINNIFTY06FEB2421300PE.NFO,2024-01-04,13:42:00,2024-02-06,0.05,0.05,0.05,0.05,0,0,1
FINNIFTY06FEB2421300PE.NFO,2024-01-04,13:43:00,2024-02-06,0.05,0.05,0.05,0.05,0,0,1
FINNIFTY06FEB2421300PE.NFO,2024-01-04,13:44:00,2024-02-06,0.05,0.05,0.05,0.05,0,0,1
FINNIFTY06FEB2421300PE.NFO,2024-01-04,13:45:00,2024-02-06,0.05,0.05,0.05,0.05,0,0,1
FINNIFTY06FEB2421300PE.NFO,2024-01-04,13:46:00,2024-02-06,0.05,0.05,0.05,0.05,0,0,1
FINNIFTY06FEB2421300PE.NFO,2024-01-04,13:47:00,2024-02-06,0.05,0.05,0.05,0.05,0,0,1
FINNIFTY06FEB2421300PE.NFO,2024-01-04,13:48:00,2024-02-06,0.05,0.05,0.05,0.05,0,0,1
FINNIFTY06FEB2421300PE.NFO,2024-01-04,13:49:00,2024-02-06,0.05,0.05,0.05,0.05,0,0,1
FINNIFTY06FEB2421300PE.NFO,2024-01-04,13:50:00,2024-02-06,0.05,0.05,0.05,0.05,0,0,1
FINNIFTY06FEB2421300PE.NFO,2024-01-04,13:51:00,2024-02-06,0.05,0.05,0.05,0.05,0,0,1
FINNIFTY06FEB2421300PE.NFO,2024-01-04,13:52:00,2024-02-06,0.05,0.05,0.05,0.05,0,0,1
FINNIFTY06FEB2421300PE.NFO,2024-01-04,13:53:00,2024-02-06,0.05,0.05,0.05,0.05,0,0,1
FINNIFTY06FEB2421300PE.NFO,2024-01-04,13:54:00,2024-02-06,0.05,0.05,0.05,0.05,0,0,1
FINNIFTY06FEB2421300PE.NFO,2024-01-04,13:55:00,2024-02-06,0.05,0.05,0.05,0.05,0,0,1
FINNIFTY06FEB2421300PE.NFO,2024-01-04,13:56:00,2024-02-06,0.05,0.05,0.05,0.05,0,0,1
FINNIFTY06FEB2421300PE.NFO,2024-01-04,13:57:00,2024-02-06,0.05,0.05,0.05,0.05,0,0,1
FINNIFTY06FEB2421300PE.NFO,2024-01-04,13:58:00,2024-02-06,0.05,0.05,0.05,0.05,0,0,1
FINNIFTY06FEB2421300PE.NFO,2024-01-04,13:59:00,2024-02-06,0.05,0.05,0.05,0.05,0,0,1
FINNIFTY06FEB2421300PE.NFO,2024-01-04,14:00:00,2024-02-06,0.05,0.05,0.05,0.05,0,0,1
FINNIFTY06FEB2421300PE.NFO,2024-01-04,14:01:00,2024-02-06,0.05,0.05,0.05,0.05,0,0,1
FINNIFTY06FEB2421300PE.NFO,2024-01-04,14:02:00,2024-02-06,0.05,0.05,0.05,0.05,0,0,1
FINNIFTY06FEB2421300PE.NFO,2024-01-04,14:03:00,2024-02-06,0.05,0.05,0.05,0.05,0,0,1
FINNIFTY06FEB2421300PE.NFO,2024-01-04,14:04:00,2024-02-06,0.05,0.05,0.05,0.05,0,0,1
FINNIFTY06FEB2421300PE.NFO,2024-01-04,14:05:00,2024-02-06,0.05,0.05,0.05,0.05,0,0,1
FINNIFTY06FEB2421300PE.NFO,2024-01-04,14:06:00,2024-02-06,0.05,0.05,0.05,0.05,0,0,1
FINNIFTY06FEB2421300PE.NFO,2024-01-04,14:07:00,2024-02-06,0.05,0.05,0.05,0.05,0,0,1
FINNIFTY06FEB2421300PE.NFO,2024-01-04,14:08:00,2024-02-06,0.05,0.05,0.05,0.05,0,0,1
FINNIFTY06FEB2421300PE.NFO,2024-01-04,14:09:00,2024-02-06,0.05,0.05,0.05,0.05,0,0,1
FINNIFTY06FEB2421300PE.NFO,2024-01-04,14:10:00,2024-02-06,0.05,0.05,0.05,0.05,0,0,1
FINNIFTY06FEB2421300PE.NFO,2024-01-04,14:11:00,2024-02-06,0.05,0.05,0.05,0.05,0,0,1
FINNIFTY06FEB2421300PE.NFO,2024-01-04,14:12:00,2024-02-06,0.05,0.05,0.05,0.05,0,0,1
FINNIFTY06FEB2421300PE.NFO,2024-01-04,14:13:00,2024-02-06,0.05,0.05,0.05,0.05,0,0,1
FINNIFTY06FEB2421300PE.NFO,2024-01-04,14:14:00,2024-02-06,0.05,0.05,0.05,0.05,0,0,1
FINNIFTY06FEB2421300PE.NFO,2024-01-04,14:15:00,2024-02-06,0.05,0.05,0.05,0.05,0,0,1
FINNIFTY06FEB2421300PE.NFO,2024-01-04,14:16:00,2024-02-06,0.05,0.05,0.05,0.05,0,0,1
FINNIFTY06FEB2421300PE.NFO,2024-01-04,14:17:00,2024-02-06,0.05,0.05,0.05,0.05,0,0,1
FINNIFTY06FEB2421300PE.NFO,2024-01-04,14:18:00,2024-02-06,0.05,0.05,0.05,0.05,0,0,1
FINNIFTY06FEB2421300PE.NFO,2024-01-04,14:19:00,2024-02-06,0.05,0.05,0.05,0.05,0,0,1
FINNIFTY06FEB2421300PE.NFO,2024-01-04,14:20:00,2024-02-06,0.05,0.05,0.05,0.05,0,0,1
FINNIFTY06FEB2421300PE.NFO,2024-01-04,14:21:00,2024-02-06,0.05,0.05,0.05,0.05,0,0,1
FINNIFTY06FEB2421300PE.NFO,2024-01-04,14:22:00,2024-02-06,0.05,0.05,0.05,0.05,0,0,1
FINNIFTY06FEB2421300PE.NFO,2024-01-04,14:23:00,2024-02-06,0.05,0.05,0.05,0.05,0,0,1
FINNIFTY06FEB2421300PE.NFO,2024-01-04,14:24:00,2024-02-06,0.05,0.05,0.05,0.05,0,0,1
FINNIFTY06FEB2421300PE.NFO,2024-01-04,14:25:00,2024-02-06,0.05,0.05,0.05,0.05,0,0,1
FINNIFTY06FEB2421300PE.NFO,2024-01-04,14:26:00,2024-02-06,0.05,0.05,0.05,0.05,0,0,1
FINNIFTY06FEB2421300PE.NFO,2024-01-04,14:27:00,2024-02-06,0.05,0.05,0.05,0.05,0,0,1
FINNIFTY06FEB2421300PE.NFO,2024-01-04,14:28:00,2024-02-06,0.05,0.05,0.05,0.05,0,0,1
FINNIFTY06FEB2421300PE.NFO,2024-01-04,14:29:00,2024-02-06,0.05,0.05,0.05,0.05,0,0,1
FINNIFTY06FEB2421300PE.NFO,2024-01-04,14:30:00,2024-02-06,0.05,0.05,0.05,0.05,0,0,1
FINNIFTY06FEB2421300PE.NFO,2024-01-04,14:31:00,2024-02-06,0.05,0.05,0.05,0.05,0,0,1
FINNIFTY06FEB2421300PE.NFO,2024-01-04,14:32:00,2024-02-06,0.05,0.05,0.05,0.05,0,0,1
FINNIFTY06FEB2421300PE.NFO,2024-01-04,14:33:00,2024-02-06,0.05,0.05,0.05,0.05,0,0,1
FINNIFTY06FEB2421300PE.NFO,2024-01-04,14:34:00,2024-02-06,0.05,0.05,0.05,0.05,0,0,1
FINNIFTY06FEB2421300PE.NFO,2024-01-04,14:35:00,2024-02-06,0.05,0.05,0.05,0.05,0,0,1
FINNIFTY06FEB2421300PE.NFO,2024-01-04,14:36:00,2024-02-06,0.05,0.05,0.05,0.05,0,0,1
FINNIFTY06FEB2421300PE.NFO,2024-01-04,14:37:00,2024-02-06,0.05,0.05,0.05,0.05,0,0,1
FINNIFTY06FEB2421300PE.NFO,2024-01-04,14:38:00,2024-02-06,0.05,0.05,0.05,0.05,0,0,1
FINNIFTY06FEB2421300PE.NFO,2024-01-04,14:39:00,2024-02-06,0.05,0.05,0.05,0.05,0,0,1
FINNIFTY06FEB2421300PE.NFO,2024-01-04,14:40:00,2024-02-06,0.05,0.05,0.05,0.05,0,0,1
FINNIFTY06FEB2421300PE.NFO,2024-01-04,14:41:00,2024-02-06,0.05,0.05,0.05,0.05,0,0,1
FINNIFTY06FEB2421300PE.NFO,2024-01-04,14:42:00,2024-02-06,0.05,0.05,0.05,0.05,0,0,1
FINNIFTY06FEB2421300PE.NFO,2024-01-04,14:43:00,2024-02-06,0.05,0.05,0.05,0.05,0,0,1
FINNIFTY06FEB2421300PE.NFO,2024-01-04,14:44:00,2024-02-06,0.05,0.05,0.05,0.05,0,0,1
FINNIFTY06FEB2421300PE.NFO,2024-01-04,14:45:00,2024-02-06,0.05,0.05,0.05,0.05,0,0,1
FINNIFTY06FEB2421300PE.NFO,2024-01-04,14:46:00,2024-02-06,0.05,0.05,0.05,0.05,0,0,1
FINNIFTY06FEB2421300PE.NFO,2024-01-04,14:47:00,2024-02-06,0.05,0.05,0.05,0.05,0,0,1
FINNIFTY06FEB2421300PE.NFO,2024-01-04,14:48:00,2024-02-06,0.05,0.05,0.05,0.05,0,0,1
FINNIFTY06FEB2421300PE.NFO,2024-01-04,14:49:00,2024-02-06,0.05,0.05,0.05,0.05,0,0,1
FINNIFTY06FEB2421300PE.NFO,2024-01-04,14:50:00,2024-02-06,0.05,0.05,0.05,0.05,0,0,1
FINNIFTY06FEB2421300PE.NFO,2024-01-04,14:51:00,2024-02-06,0.05,0.05,0.05,0.05,0,0,1
FINNIFTY06FEB2421300PE.NFO,2024-01-04,14:52:00,2024-02-06,0.05,0.05,0.05,0.05,0,0,1
FINNIFTY06FEB2421300PE.NFO,2024-01-04,14:53:00,2024-02-06,0.05,0.05,0.05,0.05,0,0,1
FINNIFTY06FEB2421300PE.NFO,2024-01-04,14:54:00,2024-02-06,0.05,0.05,0.05,0.05,0,0,1
FINNIFTY06FEB2421300PE.NFO,2024-01-04,14:55:00,2024-02-06,0.05,0.05,0.05,0.05,0,0,1
FINNIFTY06FEB2421300PE.NFO,2024-01-04,14:56:00,2024-02-06,0.05,0.05,0.05,0.05,0,0,1
FINNIFTY06FEB2421300PE.NFO,2024-01-04,14:57:00,2024-02-06,0.05,0.05,0.05,0.05,0,0,1
FINNIFTY06FEB2421300PE.NFO,2024-01-04,14:58:00,2024-02-06,0.05,0.05,0.05,0.05,0,0,1
FINNIFTY06FEB2421300PE.NFO,2024-01-04,14:59:00,2024-02-06,0.05,0.05,0.05,0.05,0,0,1
FINNIFTY06FEB2421300PE.NFO,2024-01-04,15:00:00,2024-02-06,0.05,0.05,0.05,0.05,0,0,1
FINNIFTY06FEB2421300PE.NFO,2024-01-04,15:01:00,2024-02-06,0.05,0.05,0.05,0.05,0,0,1
FINNIFTY06FEB2421300PE.NFO,2024-01-04,15:02:00,2024-02-06,0.05,0.05,0.05,0.05,0,0,1
FINNIFTY06FEB2421300PE.NFO,2024-01-04,15:03:00,2024-02-06,0.05,0.05,0.05,0.05,0,0,1
FINNIFTY06FEB2421300PE.NFO,2024-01-04,15:04:00,2024-02-06,0.05,0.05,0.05,0.05,0,0,1
FINNIFTY06FEB2421300PE.NFO,2024-01-04,15:05:00,2024-02-06,0.05,0.05,0.05,0.05,0,0,1
FINNIFTY06FEB2421300PE.NFO,2024-01-04,15:06:00,2024-02-06,0.05,0.05,0.05,0.05,0,0,1
FINNIFTY06FEB2421300PE.NFO,2024-01-04,15:07:00,2024-02-06,0.05,0.05,0.05,0.05,0,0,1
FINNIFTY06FEB2421300PE.NFO,2024-01-04,15:08:00,2024-02-06,0.05,0.05,0.05,0.05,0,0,1
FINNIFTY06FEB2421300PE.NFO,2024-01-04,15:09:00,2024-02-06,0.05,0.05,0.05,0.05,0,0,1
FINNIFTY06FEB2421300PE.NFO,2024-01-04,15:10:00,2024-02-06,0.05,0.05,0.05,0.05,0,0,1
FINNIFTY06FEB2421300PE.NFO,2024-01-04,15:11:00,2024-02-06,0.05,0.05,0.05,0.05,0,0,1
FINNIFTY06FEB2421300PE.NFO,2024-01-04,15:12:00,2024-02-06,0.05,0.05,0.05,0.05,0,0,1
FINNIFTY06FEB2421300PE.NFO,2024-01-04,15:13:00,2024-02-06,0.05,0.05,0.05,0.05,0,0,1
FINNIFTY06FEB2421300PE.NFO,2024-01-04,15:14:00,2024-02-06,0.05,0.05,0.05,0.05,0,0,1
FINNIFTY06FEB2421300PE.NFO,2024-01-04,15:15:00,2024-02-06,0.05,0.05,0.05,0.05,0,0,1
FINNIFTY06FEB2421300PE.NFO,2024-01-04,15:16:00,2024-02-06,0.05,0.05,0.05,0.05,0,0,1
FINNIFTY06FEB2421300PE.NFO,2024-01-04,15:17:00,2024-02-06,0.05,0.05,0.05,0.05,0,0,1
FINNIFTY06FEB2421300PE.NFO,2024-01-04,15:18:00,2024-02-06,0.05,0.05,0.05,0.05,0,0,1
FINNIFTY06FEB2421300PE.NFO,2024-01-04,15:19:00,2024-02-06,0.05,0.05,0.05,0.05,0,0,1
FINNIFTY06FEB2421300PE.NFO,2024-01-04,15:20:00,2024-02-06,0.05,0.05,0.05,0.05,0,0,1
FINNIFTY06FEB2421300PE.NFO,2024-01-04,15:21:00,2024-02-06,0.05,0.05,0.05,0.05,0,0,1
FINNIFTY06FEB2421300PE.NFO,2024-01-04,15:22:00,2024-02-06,0.05,0.05,0.05,0.05,0,0,1
FINNIFTY06FEB2421300PE.NFO,2024-01-04,15:23:00,2024-02-06,0.05,0.05,0.05,0.05,0,0,1
FINNIFTY06FEB2421300PE.NFO,2024-01-04,15:24:00,2024-02-06,0.05,0.05,0.05,0.05,0,0,1
FINNIFTY06FEB2421300PE.NFO,2024-01-04,15:25:00,2024-02-06,0.05,0.05,0.05,0.05,0,0,1
FINNIFTY06FEB2421300PE.NFO,2024-01-04,15:26:00,2024-02-06,0.05,0.05,0.05,0.05,0,0,1
FINNIFTY06FEB2421300PE.NFO,2024-01-04,15:27:00,2024-02-06,0.05,0.05,0.05,0.05,0,0,1
FINNIFTY06FEB2421300PE.NFO,2024-01-04,15:28:00,2024-02-06,0.05,0.05,0.05,0.05,0,0,1
FINNIFTY06FEB2421300PE.NFO,2024-01-04,15:29:00,2024-02-06,0.05,0.05,0.05,0.05,0,0,1
FINNIFTY06FEB2421300PE.NFO,2024-01-04,15:30:00,2024-02-06,0.05,0.05,0.05,0.05,0,0,1
FINNIFTY06FEB2421300PE.NFO,2024-01-05,09:15:00,2024-02-06,0.05,0.05,0.05,0.05,0,0,0
FINNIFTY06FEB2421300PE.NFO,2024-01-05,09:16:00,2024-02-06,0.05,0.05,0.05,0.05,0,0,1
FINNIFTY06FEB2421300PE.NFO,2024-01-05,09:17:00,2024-02-06,0.05,0.05,0.05,0.05,0,0,1
FINNIFTY06FEB2421300PE.NFO,2024-01-05,09:18:00,2024-02-06,0.05,0.05,0.05,0.05,0,0,1
FINNIFTY06FEB2421300PE.NFO,2024-01-05,09:19:00,2024-02-06,0.05,0.05,0.05,0.05,0,0,1
FINNIFTY06FEB2421300PE.NFO,2024-01-05,09:20:00,2024-02-06,0.05,0.05,0.05,0.05,0,0,1
FINNIFTY06FEB2421300PE.NFO,2024-01-05,09:21:00,2024-02-06,0.05,0.05,0.05,0.05,0,0,1
FINNIFTY06FEB2421300PE.NFO,2024-01-05,09:22:00,2024-02-06,0.05,0.05,0.05,0.05,0,0,1
FINNIFTY06FEB2421300PE.NFO,2024-01-05,09:23:00,2024-02-06,0.05,0.05,0.05,0.05,0,0,1
FINNIFTY06FEB2421300PE.NFO,2024-01-05,09:24:00,2024-02-06,0.05,0.05,0.05,0.05,0,0,1
FINNIFTY06FEB2421300PE.NFO,2024-01-05,09:25:00,2024-02-06,0.05,0.05,0.05,0.05,0,0,1
FINNIFTY06FEB2421300PE.NFO,2024-01-05,09:26:00,2024-02-06,0.05,0.05,0.05,0.05,0,0,1
FINNIFTY06FEB2421300PE.NFO,2024-01-05,09:27:00,2024-02-06,0.05,0.05,0.05,0.05,0,0,1
FINNIFTY06FEB2421300PE.NFO,2024-01-05,09:28:00,2024-02-06,0.05,0.05,0.05,0.05,0,0,1
FINNIFTY06FEB2421300PE.NFO,2024-01-05,09:29:00,2024-02-06,0.05,0.05,0.05,0.05,0,0,1
FINNIFTY06FEB2421300PE.NFO,2024-01-05,09:30:00,2024-02-06,0.05,0.05,0.05,0.05,0,0,1
FINNIFTY06FEB2421300PE.NFO,2024-01-05,09:31:00,2024-02-06,0.05,0.05,0.05,0.05,0,0,1
FINNIFTY06FEB2421300PE.NFO,2024-01-05,09:32:00,2024-02-06,0.05,0.05,0.05,0.05,0,0,1
FINNIFTY06FEB2421300PE.NFO,2024-01-05,09:33:00,2024-02-06,0.05,0.05,0.05,0.05,0,0,1
FINNIFTY06FEB2421300PE.NFO,2024-01-05,09:34:00,2024-02-06,0.05,0.05,0.05,0.05,0,0,1
FINNIFTY06FEB2421300PE.NFO,2024-01-05,09:35:00,2024-02-06,0.05,0.05,0.05,0.05,0,0,1
FINNIFTY06FEB2421300PE.NFO,2024-01-05,09:36:00,2024-02-06,0.05,0.05,0.05,0.05,0,0,1
FINNIFTY06FEB2421300PE.NFO,2024-01-05,09:37:00,2024-02-06,0.05,0.05,0.05,0.05,0,0,1
FINNIFTY06FEB2421300PE.NFO,2024-01-05,09:38:00,2024-02-06,0.05,0.05,0.05,0.05,0,0,1
FINNIFTY06FEB2421300PE.NFO,2024-01-05,09:39:00,2024-02-06,0.05,0.05,0.05,0.05,0,0,1
FINNIFTY06FEB2421300PE.NFO,2024-01-05,09:40:00,2024-02-06,0.05,0.05,0.05,0.05,0,0,1
FINNIFTY06FEB2421300PE.NFO,2024-01-05,09:41:00,2024-02-06,0.05,0.05,0.05,0.05,0,0,1
FINNIFTY06FEB2421300PE.NFO,2024-01-05,09:42:00,2024-02-06,0.05,0.05,0.05,0.05,0,0,1
FINNIFTY06FEB2421300PE.NFO,2024-01-05,09:43:00,2024-02-06,0.05,0.05,0.05,0.05,0,0,1
FINNIFTY06FEB2421300PE.NFO,2024-01-05,09:44:00,2024-02-06,0.05,0.05,0.05,0.05,0,0,1
FINNIFTY06FEB2421300PE.NFO,2024-01-05,09:45:00,2024-02-06,0.05,0.05,0.05,0.05,0,0,1
FINNIFTY06FEB2421300PE.NFO,2024-01-05,09:46:00,2024-02-06,0.05,0.05,0.05,0.05,0,0,1
FINNIFTY06FEB2421300PE.NFO,2024-01-05,09:47:00,2024-02-06,0.05,0.05,0.05,0.05,0,0,1
FINNIFTY06FEB2421300PE.NFO,2024-01-05,09:48:00,2024-02-06,0.05,0.05,0.05,0.05,0,0,1
FINNIFTY06FEB2421300PE.NFO,2024-01-05,09:49:00,2024-02-06,0.05,0.05,0.05,0.05,0,0,1
FINNIFTY06FEB2421300PE.NFO,2024-01-05,09:50:00,2024-02-06,0.05,0.05,0.05,0.05,0,0,1
FINNIFTY06FEB2421300PE.NFO,2024-01-05,09:51:00,2024-02-06,0.05,0.05,0.05,0.05,0,0,1
FINNIFTY06FEB2421300PE.NFO,2024-01-05,09:52:00,2024-02-06,0.05,0.05,0.05,0.05,0,0,1
FINNIFTY06FEB2421300PE.NFO,2024-01-05,09:53:00,2024-02-06,0.05,0.05,0.05,0.05,0,0,1
FINNIFTY06FEB2421300PE.NFO,2024-01-05,09:54:00,2024-02-06,0.05,0.05,0.05,0.05,0,0,1
FINNIFTY06FEB2421300PE.NFO,2024-01-05,09:55:00,2024-02-06,0.05,0.05,0.05,0.05,0,0,1
FINNIFTY06FEB2421300PE.NFO,2024-01-05,09:56:00,2024-02-06,0.05,0.05,0.05,0.05,0,0,1
FINNIFTY06FEB2421300PE.NFO,2024-01-05,09:57:00,2024-02-06,0.05,0.05,0.05,0.05,0,0,1
FINNIFTY06FEB2421300PE.NFO,2024-01-05,09:58:00,2024-02-06,0.05,0.05,0.05,0.05,0,0,1
FINNIFTY06FEB2421300PE.NFO,2024-01-05,09:59:00,2024-02-06,0.05,0.05,0.05,0.05,0,0,1
FINNIFTY06FEB2421300PE.NFO,2024-01-05,10:00:00,2024-02-06,0.05,0.05,0.05,0.05,0,0,1
FINNIFTY06FEB2421300PE.NFO,2024-01-05,10:01:00,2024-02-06,0.05,0.05,0.05,0.05,0,0,1
FINNIFTY06FEB2421300PE.NFO,2024-01-05,10:02:00,2024-02-06,0.05,0.05,0.05,0.05,0,0,1
FINNIFTY06FEB2421300PE.NFO,2024-01-05,10:03:00,2024-02-06,0.05,0.05,0.05,0.05,0,0,1
FINNIFTY06FEB2421300PE.NFO,2024-01-05,10:04:00,2024-02-06,0.05,0.05,0.05,0.05,0,0,1
FINNIFTY06FEB2421300PE.NFO,2024-01-05,10:05:00,2024-02-06,0.05,0.05,0.05,0.05,0,0,1
FINNIFTY06FEB2421300PE.NFO,2024-01-05,10:06:00,2024-02-06,0.05,0.05,0.05,0.05,0,0,1
FINNIFTY06FEB2421300PE.NFO,2024-01-05,10:07:00,2024-02-06,0.05,0.05,0.05,0.05,0,0,1
FINNIFTY06FEB2421300PE.NFO,2024-01-05,10:08:00,2024-02-06,0.05,0.05,0.05,0.05,0,0,1
FINNIFTY06FEB2421300PE.NFO,2024-01-05,10:09:00,2024-02-06,0.05,0.05,0.05,0.05,0,0,1
FINNIFTY06FEB2421300PE.NFO,2024-01-05,10:10:00,2024-02-06,0.05,0.05,0.05,0.05,0,0,1
FINNIFTY06FEB2421300PE.NFO,2024-01-05,10:11:00,2024-02-06,0.05,0.05,0.05,0.05,0,0,1
FINNIFTY06FEB2421300PE.NFO,2024-01-05,10:12:00,2024-02-06,0.05,0.05,0.05,0.05,0,0,1
FINNIFTY06FEB2421300PE.NFO,2024-01-05,10:13:00,2024-02-06,0.05,0.05,0.05,0.05,0,0,1
FINNIFTY06FEB2421300PE.NFO,2024-01-05,10:14:00,2024-02-06,0.05,0.05,0.05,0.05,0,0,1
FINNIFTY06FEB2421300PE.NFO,2024-01-05,10:15:00,2024-02-06,0.05,0.05,0.05,0.05,0,0,1
FINNIFTY06FEB2421300PE.NFO,2024-01-05,10:16:00,2024-02-06,0.05,0.05,0.05,0.05,0,0,1
FINNIFTY06FEB2421300PE.NFO,2024-01-05,10:17:00,2024-02-06,0.05,0.05,0.05,0.05,0,0,1
FINNIFTY06FEB2421300PE.NFO,2024-01-05,10:18:00,2024-02-06,0.05,0.05,0.05,0.05,0,0,1
FINNIFTY06FEB2421300PE.NFO,2024-01-05,10:19:00,2024-02-06,0.05,0.05,0.05,0.05,0,0,1
FINNIFTY06FEB2421300PE.NFO,2024-01-05,10:20:00,2024-02-06,0.05,0.05,0.05,0.05,0,0,1
FINNIFTY06FEB2421300PE.NFO,2024-01-05,10:21:00,2024-02-06,0.05,0.05,0.05,0.05,0,0,1
FINNIFTY06FEB2421300PE.NFO,2024-01-05,10:22:00,2024-02-06,0.05,0.05,0.05,0.05,0,0,1
FINNIFTY06FEB2421300PE.NFO,2024-01-05,10:23:00,2024-02-06,0.05,0.05,0.05,0.05,0,0,1
FINNIFTY06FEB2421300PE.NFO,2024-01-05,10:24:00,2024-02-06,0.05,0.05,0.05,0.05,0,0,1
FINNIFTY06FEB2421300PE.NFO,2024-01-05,10:25:00,2024-02-06,0.05,0.05,0.05,0.05,0,0,1
FINNIFTY06FEB2421300PE.NFO,2024-01-05,10:26:00,2024-02-06,0.05,0.05,0.05,0.05,0,0,1
FINNIFTY06FEB2421300PE.NFO,2024-01-05,10:27:00,2024-02-06,0.05,0.05,0.05,0.05,0,0,1
FINNIFTY06FEB2421300PE.NFO,2024-01-05,10:28:00,2024-02-06,0.05,0.05,0.05,0.05,0,0,1
FINNIFTY06FEB2421300PE.NFO,2024-01-05,10:29:00,2024-02-06,0.05,0.05,0.05,0.05,0,0,1
FINNIFTY06FEB2421300PE.NFO,2024-01-05,10:30:00,2024-02-06,0.05,0.05,0.05,0.05,0,0,1
FINNIFTY06FEB2421300PE.NFO,2024-01-05,10:31:00,2024-02-06,0.05,0.05,0.05,0.05,0,0,1
FINNIFTY06FEB2421300PE.NFO,2024-01-05,10:32:00,2024-02-06,0.05,0.05,0.05,0.05,0,0,1
FINNIFTY06FEB2421300PE.NFO,2024-01-05,10:33:00,2024-02-06,0.05,0.05,0.05,0.05,0,0,1
FINNIFTY06FEB2421300PE.NFO,2024-01-05,10:34:00,2024-02-06,0.05,0.05,0.05,0.05,0,0,1
FINNIFTY06FEB2421300PE.NFO,2024-01-05,10:35:00,2024-02-06,0.05,0.05,0.05,0.05,0,0,1
FINNIFTY06FEB2421300PE.NFO,2024-01-05,10:36:00,2024-02-06,0.05,0.05,0.05,0.05,0,0,1
FINNIFTY06FEB2421300PE.NFO,2024-01-05,10:37:00,2024-02-06,0.05,0.05,0.05,0.05,0,0,1
FINNIFTY06FEB2421300PE.NFO,2024-01-05,10:38:00,2024-02-06,0.05,0.05,0.05,0.05,0,0,1
FINNIFTY06FEB2421300PE.NFO,2024-01-05,10:39:00,2024-02-06,0.05,0.05,0.05,0.05,0,0,1
FINNIFTY06FEB2421300PE.NFO,2024-01-05,10:40:00,2024-02-06,0.05,0.05,0.05,0.05,0,0,1
FINNIFTY06FEB2421300PE.NFO,2024-01-05,10:41:00,2024-02-06,0.05,0.05,0.05,0.05,0,0,1
FINNIFTY06FEB2421300PE.NFO,2024-01-05,10:42:00,2024-02-06,0.05,0.05,0.05,0.05,0,0,1
FINNIFTY06FEB2421300PE.NFO,2024-01-05,10:43:00,2024-02-06,0.05,0.05,0.05,0.05,0,0,1
FINNIFTY06FEB2421300PE.NFO,2024-01-05,10:44:00,2024-02-06,0.05,0.05,0.05,0.05,0,0,1
FINNIFTY06FEB2421300PE.NFO,2024-01-05,10:45:00,2024-02-06,0.05,0.05,0.05,0.05,0,0,1
FINNIFTY06FEB2421300PE.NFO,2024-01-05,10:46:00,2024-02-06,0.05,0.05,0.05,0.05,0,0,1
FINNIFTY06FEB2421300PE.NFO,2024-01-05,10:47:00,2024-02-06,0.05,0.05,0.05,0.05,0,0,1
FINNIFTY06FEB2421300PE.NFO,2024-01-05,10:48:00,2024-02-06,0.05,0.05,0.05,0.05,0,0,1
FINNIFTY06FEB2421300PE.NFO,2024-01-05,10:49:00,2024-02-06,0.05,0.05,0.05,0.05,0,0,1
FINNIFTY06FEB2421300PE.NFO,2024-01-05,10:50:00,2024-02-06,0.05,0.05,0.05,0.05,0,0,1
FINNIFTY06FEB2421300PE.NFO,2024-01-05,10:51:00,2024-02-06,0.05,0.05,0.05,0.05,0,0,1
FINNIFTY06FEB2421300PE.NFO,2024-01-05,10:52:00,2024-02-06,0.05,0.05,0.05,0.05,0,0,1
FINNIFTY06FEB2421300PE.NFO,2024-01-05,10:53:00,2024-02-06,0.05,0.05,0.05,0.05,0,0,1
FINNIFTY06FEB2421300PE.NFO,2024-01-05,10:54:00,2024-02-06,0.05,0.05,0.05,0.05,0,0,1
FINNIFTY06FEB2421300PE.NFO,2024-01-05,10:55:00,2024-02-06,0.05,0.05,0.05,0.05,0,0,1
FINNIFTY06FEB2421300PE.NFO,2024-01-05,10:56:00,2024-02-06,0.05,0.05,0.05,0.05,0,0,1
FINNIFTY06FEB2421300PE.NFO,2024-01-05,10:57:00,2024-02-06,0.05,0.05,0.05,0.05,0,0,1
FINNIFTY06FEB2421300PE.NFO,2024-01-05,10:58:00,2024-02-06,0.05,0.05,0.05,0.05,0,0,1
FINNIFTY06FEB2421300PE.NFO,2024-01-05,10:59:00,2024-02-06,0.05,0.05,0.05,0.05,0,0,1
FINNIFTY06FEB2421300PE.NFO,2024-01-05,11:00:00,2024-02-06,0.05,0.05,0.05,0.05,0,0,1
FINNIFTY06FEB2421300PE.NFO,2024-01-05,11:01:00,2024-02-06,0.05,0.05,0.05,0.05,0,0,1
FINNIFTY06FEB2421300PE.NFO,2024-01-05,11:02:00,2024-02-06,0.05,0.05,0.05,0.05,0,0,1
FINNIFTY06FEB2421300PE.NFO,2024-01-05,11:03:00,2024-02-06,0.05,0.05,0.05,0.05,0,0,1
FINNIFTY06FEB2421300PE.NFO,2024-01-05,11:04:00,2024-02-06,0.05,0.05,0.05,0.05,0,0,1
FINNIFTY06FEB2421300PE.NFO,2024-01-05,11:05:00,2024-02-06,0.05,0.05,0.05,0.05,0,0,1
FINNIFTY06FEB2421300PE.NFO,2024-01-05,11:06:00,2024-02-06,0.05,0.05,0.05,0.05,0,0,1
FINNIFTY06FEB2421300PE.NFO,2024-01-05,11:07:00,2024-02-06,0.05,0.05,0.05,0.05,0,0,1
FINNIFTY06FEB2421300PE.NFO,2024-01-05,11:08:00,2024-02-06,0.05,0.05,0.05,0.05,0,0,1
FINNIFTY06FEB2421300PE.NFO,2024-01-05,11:09:00,2024-02-06,0.05,0.05,0.05,0.05,0,0,1
FINNIFTY06FEB2421300PE.NFO,2024-01-05,11:10:00,2024-02-06,0.05,0.05,0.05,0.05,0,0,1
FINNIFTY06FEB2421300PE.NFO,2024-01-05,11:11:00,2024-02-06,0.05,0.05,0.05,0.05,0,0,1
FINNIFTY06FEB2421300PE.NFO,2024-01-05,11:12:00,2024-02-06,0.05,0.05,0.05,0.05,0,0,1
FINNIFTY06FEB2421300PE.NFO,2024-01-05,11:13:00,2024-02-06,0.05,0.05,0.05,0.05,0,0,1
FINNIFTY06FEB2421300PE.NFO,2024-01-05,11:14:00,2024-02-06,0.05,0.05,0.05,0.05,0,0,1
FINNIFTY06FEB2421300PE.NFO,2024-01-05,11:15:00,2024-02-06,0.05,0.05,0.05,0.05,0,0,1
FINNIFTY06FEB2421300PE.NFO,2024-01-05,11:16:00,2024-02-06,0.05,0.05,0.05,0.05,0,0,1
FINNIFTY06FEB2421300PE.NFO,2024-01-05,11:17:00,2024-02-06,0.05,0.05,0.05,0.05,0,0,1
FINNIFTY06FEB2421300PE.NFO,2024-01-05,11:18:00,2024-02-06,0.05,0.05,0.05,0.05,0,0,1
FINNIFTY06FEB2421300PE.NFO,2024-01-05,11:19:00,2024-02-06,0.05,0.05,0.05,0.05,0,0,1
FINNIFTY06FEB2421300PE.NFO,2024-01-05,11:20:00,2024-02-06,0.05,0.05,0.05,0.05,0,0,1
FINNIFTY06FEB2421300PE.NFO,2024-01-05,11:21:00,2024-02-06,0.05,0.05,0.05,0.05,0,0,1
FINNIFTY06FEB2421300PE.NFO,2024-01-05,11:22:00,2024-02-06,0.05,0.05,0.05,0.05,0,0,1
FINNIFTY06FEB2421300PE.NFO,2024-01-05,11:23:00,2024-02-06,0.05,0.05,0.05,0.05,0,0,1
FINNIFTY06FEB2421300PE.NFO,2024-01-05,11:24:00,2024-02-06,0.05,0.05,0.05,0.05,0,0,1
FINNIFTY06FEB2421300PE.NFO,2024-01-05,11:25:00,2024-02-06,0.05,0.05,0.05,0.05,0,0,1
FINNIFTY06FEB2421300PE.NFO,2024-01-05,11:26:00,2024-02-06,0.05,0.05,0.05,0.05,0,0,1
FINNIFTY06FEB2421300PE.NFO,2024-01-05,11:27:00,2024-02-06,0.05,0.05,0.05,0.05,0,0,1
FINNIFTY06FEB2421300PE.NFO,2024-01-05,11:28:00,2024-02-06,0.05,0.05,0.05,0.05,0,0,1
FINNIFTY06FEB2421300PE.NFO,2024-01-05,11:29:00,2024-02-06,0.05,0.05,0.05,0.05,0,0,1
FINNIFTY06FEB2421300PE.NFO,2024-01-05,11:30:00,2024-02-06,0.05,0.05,0.05,0.05,0,0,1
FINNIFTY06FEB2421300PE.NFO,2024-01-05,11:31:00,2024-02-06,0.05,0.05,0.05,0.05,0,0,1
FINNIFTY06FEB2421300PE.NFO,2024-01-05,11:32:00,2024-02-06,0.05,0.05,0.05,0.05,0,0,1
FINNIFTY06FEB2421300PE.NFO,2024-01-05,11:33:00,2024-02-06,0.05,0.05,0.05,0.05,0,0,1
FINNIFTY06FEB2421300PE.NFO,2024-01-05,11:34:00,2024-02-06,0.05,0.05,0.05,0.05,0,0,1
FINNIFTY06FEB2421300PE.NFO,2024-01-05,11:35:00,2024-02-06,0.05,0.05,0.05,0.05,0,0,1
FINNIFTY06FEB2421300PE.NFO,2024-01-05,11:36:00,2024-02-06,0.05,0.05,0.05,0.05,0,0,1
FINNIFTY06FEB2421300PE.NFO,2024-01-05,11:37:00,2024-02-06,0.05,0.05,0.05,0.05,0,0,1
FINNIFTY06FEB2421300PE.NFO,2024-01-05,11:38:00,2024-02-06,0.05,0.05,0.05,0.05,0,0,1
FINNIFTY06FEB2421300PE.NFO,2024-01-05,11:39:00,2024-02-06,0.05,0.05,0.05,0.05,0,0,1
FINNIFTY06FEB2421300PE.NFO,2024-01-05,11:40:00,2024-02-06,0.05,0.05,0.05,0.05,0,0,1
FINNIFTY06FEB2421300PE.NFO,2024-01-05,11:41:00,2024-02-06,0.05,0.05,0.05,0.05,0,0,1
FINNIFTY06FEB2421300PE.NFO,2024-01-05,11:42:00,2024-02-06,0.05,0.05,0.05,0.05,0,0,1
FINNIFTY06FEB2421300PE.NFO,2024-01-05,11:43:00,2024-02-06,0.05,0.05,0.05,0.05,0,0,1
FINNIFTY06FEB2421300PE.NFO,2024-01-05,11:44:00,2024-02-06,0.05,0.05,0.05,0.05,0,0,1
FINNIFTY06FEB2421300PE.NFO,2024-01-05,11:45:00,2024-02-06,0.05,0.05,0.05,0.05,0,0,1
FINNIFTY06FEB2421300PE.NFO,2024-01-05,11:46:00,2024-02-06,0.05,0.05,0.05,0.05,0,0,1
FINNIFTY06FEB2421300PE.NFO,2024-01-05,11:47:00,2024-02-06,0.05,0.05,0.05,0.05,0,0,1
FINNIFTY06FEB2421300PE.NFO,2024-01-05,11:48:00,2024-02-06,0.05,0.05,0.05,0.05,0,0,1
FINNIFTY06FEB2421300PE.NFO,2024-01-05,11:49:00,2024-02-06,0.05,0.05,0.05,0.05,0,0,1
FINNIFTY06FEB2421300PE.NFO,2024-01-05,11:50:00,2024-02-06,0.05,0.05,0.05,0.05,0,0,1
FINNIFTY06FEB2421300PE.NFO,2024-01-05,11:51:00,2024-02-06,0.05,0.05,0.05,0.05,0,0,1
FINNIFTY06FEB2421300PE.NFO,2024-01-05,11:52:00,2024-02-06,0.05,0.05,0.05,0.05,0,0,1
FINNIFTY06FEB2421300PE.NFO,2024-01-05,11:53:00,2024-02-06,0.05,0.05,0.05,0.05,0,0,1
FINNIFTY06FEB2421300PE.NFO,2024-01-05,11:54:00,2024-02-06,0.05,0.05,0.05,0.05,0,0,1
FINNIFTY06FEB2421300PE.NFO,2024-01-05,11:55:00,2024-02-06,0.05,0.05,0.05,0.05,0,0,1
FINNIFTY06FEB2421300PE.NFO,2024-01-05,11:56:00,2024-02-06,0.05,0.05,0.05,0.05,0,0,1
FINNIFTY06FEB2421300PE.NFO,2024-01-05,11:57:00,2024-02-06,0.05,0.05,0.05,0.05,0,0,1
FINNIFTY06FEB2421300PE.NFO,2024-01-05,11:58:00,2024-02-06,0.05,0.05,0.05,0.05,0,0,1
FINNIFTY06FEB2421300PE.NFO,2024-01-05,11:59:00,2024-02-06,0.05,0.05,0.05,0.05,0,0,1
FINNIFTY06FEB2421300PE.NFO,2024-01-05,12:00:00,2024-02-06,0.05,0.05,0.05,0.05,0,0,1
FINNIFTY06FEB2421300PE.NFO,2024-01-05,12:01:00,2024-02-06,0.05,0.05,0.05,0.05,0,0,1
FINNIFTY06FEB2421300PE.NFO,2024-01-05,12:02:00,2024-02-06,0.05,0.05,0.05,0.05,0,0,1
FINNIFTY06FEB2421300PE.NFO,2024-01-05,12:03:00,2024-02-06,0.05,0.05,0.05,0.05,0,0,1
FINNIFTY06FEB2421300PE.NFO,2024-01-05,12:04:00,2024-02-06,0.05,0.05,0.05,0.05,0,0,1
FINNIFTY06FEB2421300PE.NFO,2024-01-05,12:05:00,2024-02-06,0.05,0.05,0.05,0.05,0,0,1
FINNIFTY06FEB2421300PE.NFO,2024-01-05,12:06:00,2024-02-06,0.05,0.05,0.05,0.05,0,0,1
FINNIFTY06FEB2421300PE.NFO,2024-01-05,12:07:00,2024-02-06,0.05,0.05,0.05,0.05,0,0,1
FINNIFTY06FEB2421300PE.NFO,2024-01-05,12:08:00,2024-02-06,0.05,0.05,0.05,0.05,0,0,1
FINNIFTY06FEB2421300PE.NFO,2024-01-05,12:09:00,2024-02-06,0.05,0.05,0.05,0.05,0,0,1
FINNIFTY06FEB2421300PE.NFO,2024-01-05,12:10:00,2024-02-06,0.05,0.05,0.05,0.05,0,0,1
FINNIFTY06FEB2421300PE.NFO,2024-01-05,12:11:00,2024-02-06,0.05,0.05,0.05,0.05,0,0,1
FINNIFTY06FEB2421300PE.NFO,2024-01-05,12:12:00,2024-02-06,0.05,0.05,0.05,0.05,0,0,1
FINNIFTY06FEB2421300PE.NFO,2024-01-05,12:13:00,2024-02-06,0.05,0.05,0.05,0.05,0,0,1
FINNIFTY06FEB2421300PE.NFO,2024-01-05,12:14:00,2024-02-06,0.05,0.05,0.05,0.05,0,0,1
FINNIFTY06FEB2421300PE.NFO,2024-01-05,12:15:00,2024-02-06,0.05,0.05,0.05,0.05,0,0,1
FINNIFTY06FEB2421300PE.NFO,2024-01-05,12:16:00,2024-02-06,0.05,0.05,0.05,0.05,0,0,1
FINNIFTY06FEB2421300PE.NFO,2024-01-05,12:17:00,2024-02-06,0.05,0.05,0.05,0.05,0,0,1
FINNIFTY06FEB2421300PE.NFO,2024-01-05,12:18:00,2024-02-06,0.05,0.05,0.05,0.05,0,0,1
FINNIFTY06FEB2421300PE.NFO,2024-01-05,12:19:00,2024-02-06,0.05,0.05,0.05,0.05,0,0,1
FINNIFTY06FEB2421300PE.NFO,2024-01-05,12:20:00,2024-02-06,0.05,0.05,0.05,0.05,0,0,1
FINNIFTY06FEB2421300PE.NFO,2024-01-05,12:21:00,2024-02-06,0.05,0.05,0.05,0.05,0,0,1
FINNIFTY06FEB2421300PE.NFO,2024-01-05,12:22:00,2024-02-06,0.05,0.05,0.05,0.05,0,0,1
FINNIFTY06FEB2421300PE.NFO,2024-01-05,12:23:00,2024-02-06,0.05,0.05,0.05,0.05,0,0,1
FINNIFTY06FEB2421300PE.NFO,2024-01-05,12:24:00,2024-02-06,0.05,0.05,0.05,0.05,0,0,1
FINNIFTY06FEB2421300PE.NFO,2024-01-05,12:25:00,2024-02-06,0.05,0.05,0.05,0.05,0,0,1
FINNIFTY06FEB2421300PE.NFO,2024-01-05,12:26:00,2024-02-06,0.05,0.05,0.05,0.05,0,0,1
FINNIFTY06FEB2421300PE.NFO,2024-01-05,12:27:00,2024-02-06,0.05,0.05,0.05,0.05,0,0,1
FINNIFTY06FEB2421300PE.NFO,2024-01-05,12:28:00,2024-02-06,0.05,0.05,0.05,0.05,0,0,1
FINNIFTY06FEB2421300PE.NFO,2024-01-05,12:29:00,2024-02-06,0.05,0.05,0.05,0.05,0,0,1
FINNIFTY06FEB2421300PE.NFO,2024-01-05,12:30:00,2024-02-06,0.05,0.05,0.05,0.05,0,0,1
FINNIFTY06FEB2421300PE.NFO,2024-01-05,12:31:00,2024-02-06,0.05,0.05,0.05,0.05,0,0,1
FINNIFTY06FEB2421300PE.NFO,2024-01-05,12:32:00,2024-02-06,0.05,0.05,0.05,0.05,0,0,1
FINNIFTY06FEB2421300PE.NFO,2024-01-05,12:33:00,2024-02-06,0.05,0.05,0.05,0.05,0,0,1
FINNIFTY06FEB2421300PE.NFO,2024-01-05,12:34:00,2024-02-06,0.05,0.05,0.05,0.05,0,0,1
FINNIFTY06FEB2421300PE.NFO,2024-01-05,12:35:00,2024-02-06,0.05,0.05,0.05,0.05,0,0,1
FINNIFTY06FEB2421300PE.NFO,2024-01-05,12:36:00,2024-02-06,0.05,0.05,0.05,0.05,0,0,1
FINNIFTY06FEB2421300PE.NFO,2024-01-05,12:37:00,2024-02-06,0.05,0.05,0.05,0.05,0,0,1
FINNIFTY06FEB2421300PE.NFO,2024-01-05,12:38:00,2024-02-06,0.05,0.05,0.05,0.05,0,0,1
FINNIFTY06FEB2421300PE.NFO,2024-01-05,12:39:00,2024-02-06,0.05,0.05,0.05,0.05,0,0,1
FINNIFTY06FEB2421300PE.NFO,2024-01-05,12:40:00,2024-02-06,0.05,0.05,0.05,0.05,0,0,1
FINNIFTY06FEB2421300PE.NFO,2024-01-05,12:41:00,2024-02-06,0.05,0.05,0.05,0.05,0,0,1
FINNIFTY06FEB2421300PE.NFO,2024-01-05,12:42:00,2024-02-06,0.05,0.05,0.05,0.05,0,0,1
FINNIFTY06FEB2421300PE.NFO,2024-01-05,12:43:00,2024-02-06,0.05,0.05,0.05,0.05,0,0,1
FINNIFTY06FEB2421300PE.NFO,2024-01-05,12:44:00,2024-02-06,0.05,0.05,0.05,0.05,0,0,1
FINNIFTY06FEB2421300PE.NFO,2024-01-05,12:45:00,2024-02-06,0.05,0.05,0.05,0.05,0,0,1
FINNIFTY06FEB2421300PE.NFO,2024-01-05,12:46:00,2024-02-06,0.05,0.05,0.05,0.05,0,0,1
FINNIFTY06FEB2421300PE.NFO,2024-01-05,12:47:00,2024-02-06,0.05,0.05,0.05,0.05,0,0,1
FINNIFTY06FEB2421300PE.NFO,2024-01-05,12:48:00,2024-02-06,0.05,0.05,0.05,0.05,0,0,1
FINNIFTY06FEB2421300PE.NFO,2024-01-05,12:49:00,2024-02-06,0.05,0.05,0.05,0.05,0,0,1
FINNIFTY06FEB2421300PE.NFO,2024-01-05,12:50:00,2024-02-06,0.05,0.05,0.05,0.05,0,0,1
FINNIFTY06FEB2421300PE.NFO,2024-01-05,12:51:00,2024-02-06,0.05,0.05,0.05,0.05,0,0,1
FINNIFTY06FEB2421300PE.NFO,2024-01-05,12:52:00,2024-02-06,0.05,0.05,0.05,0.05,0,0,1
FINNIFTY06FEB2421300PE.NFO,2024-01-05,12:53:00,2024-02-06,0.05,0.05,0.05,0.05,0,0,1
FINNIFTY06FEB2421300PE.NFO,2024-01-05,12:54:00,2024-02-06,0.05,0.05,0.05,0.05,0,0,1
FINNIFTY06FEB2421300PE.NFO,2024-01-05,12:55:00,2024-02-06,0.05,0.05,0.05,0.05,0,0,1
FINNIFTY06FEB2421300PE.NFO,2024-01-05,12:56:00,2024-02-06,0.05,0.05,0.05,0.05,0,0,1
FINNIFTY06FEB2421300PE.NFO,2024-01-05,12:57:00,2024-02-06,0.05,0.05,0.05,0.05,0,0,1
FINNIFTY06FEB2421300PE.NFO,2024-01-05,12:58:00,2024-02-06,0.05,0.05,0.05,0.05,0,0,1
FINNIFTY06FEB2421300PE.NFO,2024-01-05,12:59:00,2024-02-06,0.05,0.05,0.05,0.05,0,0,1
FINNIFTY06FEB2421300PE.NFO,2024-01-05,13:00:00,2024-02-06,0.05,0.05,0.05,0.05,0,0,1
FINNIFTY06FEB2421300PE.NFO,2024-01-05,13:01:00,2024-02-06,0.05,0.05,0.05,0.05,0,0,1
FINNIFTY06FEB2421300PE.NFO,2024-01-05,13:02:00,2024-02-06,0.05,0.05,0.05,0.05,0,0,1
FINNIFTY06FEB2421300PE.NFO,2024-01-05,13:03:00,2024-02-06,0.05,0.05,0.05,0.05,0,0,1
FINNIFTY06FEB2421300PE.NFO,2024-01-05,13:04:00,2024-02-06,0.05,0.05,0.05,0.05,0,0,1
FINNIFTY06FEB2421300PE.NFO,2024-01-05,13:05:00,2024-02-06,0.05,0.05,0.05,0.05,0,0,1
FINNIFTY06FEB2421300PE.NFO,2024-01-05,13:06:00,2024-02-06,0.05,0.05,0.05,0.05,0,0,1
FINNIFTY06FEB2421300PE.NFO,2024-01-05,13:07:00,2024-02-06,0.05,0.05,0.05,0.05,0,0,1
FINNIFTY06FEB2421300PE.NFO,2024-01-05,13:08:00,2024-02-06,0.05,0.05,0.05,0.05,0,0,1
FINNIFTY06FEB2421300PE.NFO,2024-01-05,13:09:00,2024-02-06,0.05,0.05,0.05,0.05,0,0,1
FINNIFTY06FEB2421300PE.NFO,2024-01-05,13:10:00,2024-02-06,0.05,0.05,0.05,0.05,0,0,1
FINNIFTY06FEB2421300PE.NFO,2024-01-05,13:11:00,2024-02-06,0.05,0.05,0.05,0.05,0,0,1
FINNIFTY06FEB2421300PE.NFO,2024-01-05,13:12:00,2024-02-06,0.05,0.05,0.05,0.05,0,0,1
FINNIFTY06FEB2421300PE.NFO,2024-01-05,13:13:00,2024-02-06,0.05,0.05,0.05,0.05,0,0,1
FINNIFTY06FEB2421300PE.NFO,2024-01-05,13:14:00,2024-02-06,0.05,0.05,0.05,0.05,0,0,1
FINNIFTY06FEB2421300PE.NFO,2024-01-05,13:15:00,2024-02-06,0.05,0.05,0.05,0.05,0,0,1
FINNIFTY06FEB2421300PE.NFO,2024-01-05,13:16:00,2024-02-06,0.05,0.05,0.05,0.05,0,0,1
FINNIFTY06FEB2421300PE.NFO,2024-01-05,13:17:00,2024-02-06,0.05,0.05,0.05,0.05,0,0,1
FINNIFTY06FEB2421300PE.NFO,2024-01-05,13:18:00,2024-02-06,0.05,0.05,0.05,0.05,0,0,1
FINNIFTY06FEB2421300PE.NFO,2024-01-05,13:19:00,2024-02-06,0.05,0.05,0.05,0.05,0,0,1
FINNIFTY06FEB2421300PE.NFO,2024-01-05,13:20:00,2024-02-06,0.05,0.05,0.05,0.05,0,0,1
FINNIFTY06FEB2421300PE.NFO,2024-01-05,13:21:00,2024-02-06,0.05,0.05,0.05,0.05,0,0,1
FINNIFTY06FEB2421300PE.NFO,2024-01-05,13:22:00,2024-02-06,0.05,0.05,0.05,0.05,0,0,1
FINNIFTY06FEB2421300PE.NFO,2024-01-05,13:23:00,2024-02-06,0.05,0.05,0.05,0.05,0,0,1
FINNIFTY06FEB2421300PE.NFO,2024-01-05,13:24:00,2024-02-06,0.05,0.05,0.05,0.05,0,0,1
FINNIFTY06FEB2421300PE.NFO,2024-01-05,13:25:00,2024-02-06,0.05,0.05,0.05,0.05,0,0,1
FINNIFTY06FEB2421300PE.NFO,2024-01-05,13:26:00,2024-02-06,0.05,0.05,0.05,0.05,0,0,1
FINNIFTY06FEB2421300PE.NFO,2024-01-05,13:27:00,2024-02-06,0.05,0.05,0.05,0.05,0,0,1
FINNIFTY06FEB2421300PE.NFO,2024-01-05,13:28:00,2024-02-06,0.05,0.05,0.05,0.05,0,0,1
FINNIFTY06FEB2421300PE.NFO,2024-01-05,13:29:00,2024-02-06,0.05,0.05,0.05,0.05,0,0,1
FINNIFTY06FEB2421300PE.NFO,2024-01-05,13:30:00,2024-02-06,0.05,0.05,0.05,0.05,0,0,1
FINNIFTY06FEB2421300PE.NFO,2024-01-05,13:31:00,2024-02-06,0.05,0.05,0.05,0.05,0,0,1
FINNIFTY06FEB2421300PE.NFO,2024-01-05,13:32:00,2024-02-06,0.05,0.05,0.05,0.05,0,0,1
FINNIFTY06FEB2421300PE.NFO,2024-01-05,13:33:00,2024-02-06,0.05,0.05,0.05,0.05,0,0,1
FINNIFTY06FEB2421300PE.NFO,2024-01-05,13:34:00,2024-02-06,0.05,0.05,0.05,0.05,0,0,1
FINNIFTY06FEB2421300PE.NFO,2024-01-05,13:35:00,2024-02-06,0.05,0.05,0.05,0.05,0,0,1
FINNIFTY06FEB2421300PE.NFO,2024-01-05,13:36:00,2024-02-06,0.05,0.05,0.05,0.05,0,0,1
FINNIFTY06FEB2421300PE.NFO,2024-01-05,13:37:00,2024-02-06,0.05,0.05,0.05,0.05,0,0,1
FINNIFTY06FEB2421300PE.NFO,2024-01-05,13:38:00,2024-02-06,0.05,0.05,0.05,0.05,0,0,1
FINNIFTY06FEB2421300PE.NFO,2024-01-05,13:39:00,2024-02-06,0.05,0.05,0.05,0.05,0,0,1
FINNIFTY06FEB2421300PE.NFO,2024-01-05,13:40:00,2024-02-06,0.05,0.05,0.05,0.05,0,0,1
FINNIFTY06FEB2421300PE.NFO,2024-01-05,13:41:00,2024-02-06,0.05,0.05,0.05,0.05,0,0,1
FINNIFTY06FEB2421300PE.NFO,2024-01-05,13:42:00,2024-02-06,0.05,0.05,0.05,0.05,0,0,1
FINNIFTY06FEB2421300PE.NFO,2024-01-05,13:43:00,2024-02-06,0.05,0.05,0.05,0.05,0,0,1
FINNIFTY06FEB2421300PE.NFO,2024-01-05,13:44:00,2024-02-06,0.05,0.05,0.05,0.05,0,0,1
FINNIFTY06FEB2421300PE.NFO,2024-01-05,13:45:00,2024-02-06,0.05,0.05,0.05,0.05,0,0,1
FINNIFTY06FEB2421300PE.NFO,2024-01-05,13:46:00,2024-02-06,0.05,0.05,0.05,0.05,0,0,1
FINNIFTY06FEB2421300PE.NFO,2024-01-05,13:47:00,2024-02-06,0.05,0.05,0.05,0.05,0,0,1
FINNIFTY06FEB2421300PE.NFO,2024-01-05,13:48:00,2024-02-06,0.05,0.05,0.05,0.05,0,0,1
FINNIFTY06FEB2421300PE.NFO,2024-01-05,13:49:00,2024-02-06,0.05,0.05,0.05,0.05,0,0,1
FINNIFTY06FEB2421300PE.NFO,2024-01-05,13:50:00,2024-02-06,0.05,0.05,0.05,0.05,0,0,1
FINNIFTY06FEB2421300PE.NFO,2024-01-05,13:51:00,2024-02-06,0.05,0.05,0.05,0.05,0,0,1
FINNIFTY06FEB2421300PE.NFO,2024-01-05,13:52:00,2024-02-06,0.05,0.05,0.05,0.05,0,0,1
FINNIFTY06FEB2421300PE.NFO,2024-01-05,13:53:00,2024-02-06,0.05,0.05,0.05,0.05,0,0,1
FINNIFTY06FEB2421300PE.NFO,2024-01-05,13:54:00,2024-02-06,0.05,0.05,0.05,0.05,0,0,1
FINNIFTY06FEB2421300PE.NFO,2024-01-05,13:55:00,2024-02-06,0.05,0.05,0.05,0.05,0,0,1
FINNIFTY06FEB2421300PE.NFO,2024-01-05,13:56:00,2024-02-06,0.05,0.05,0.05,0.05,0,0,1
FINNIFTY06FEB2421300PE.NFO,2024-01-05,13:57:00,2024-02-06,0.05,0.05,0.05,0.05,0,0,1
FINNIFTY06FEB2421300PE.NFO,2024-01-05,13:58:00,2024-02-06,0.05,0.05,0.05,0.05,0,0,1
FINNIFTY06FEB2421300PE.NFO,2024-01-05,13:59:00,2024-02-06,0.05,0.05,0.05,0.05,0,0,1
FINNIFTY06FEB2421300PE.NFO,2024-01-05,14:00:00,2024-02-06,0.05,0.05,0.05,0.05,0,0,1
FINNIFTY06FEB2421300PE.NFO,2024-01-05,14:01:00,2024-02-06,0.05,0.05,0.05,0.05,0,0,1
FINNIFTY06FEB2421300PE.NFO,2024-01-05,14:02:00,2024-02-06,0.05,0.05,0.05,0.05,0,0,1
FINNIFTY06FEB2421300PE.NFO,2024-01-05,14:03:00,2024-02-06,0.05,0.05,0.05,0.05,0,0,1
FINNIFTY06FEB2421300PE.NFO,2024-01-05,14:04:00,2024-02-06,0.05,0.05,0.05,0.05,0,0,1
FINNIFTY06FEB2421300PE.NFO,2024-01-05,14:05:00,2024-02-06,0.05,0.05,0.05,0.05,0,0,1
FINNIFTY06FEB2421300PE.NFO,2024-01-05,14:06:00,2024-02-06,0.05,0.05,0.05,0.05,0,0,1
FINNIFTY06FEB2421300PE.NFO,2024-01-05,14:07:00,2024-02-06,0.05,0.05,0.05,0.05,0,0,1
FINNIFTY06FEB2421300PE.NFO,2024-01-05,14:08:00,2024-02-06,0.05,0.05,0.05,0.05,0,0,1
FINNIFTY06FEB2421300PE.NFO,2024-01-05,14:09:00,2024-02-06,0.05,0.05,0.05,0.05,0,0,1
FINNIFTY06FEB2421300PE.NFO,2024-01-05,14:10:00,2024-02-06,0.05,0.05,0.05,0.05,0,0,1
FINNIFTY06FEB2421300PE.NFO,2024-01-05,14:11:00,2024-02-06,0.05,0.05,0.05,0.05,0,0,1
FINNIFTY06FEB2421300PE.NFO,2024-01-05,14:12:00,2024-02-06,0.05,0.05,0.05,0.05,0,0,1
FINNIFTY06FEB2421300PE.NFO,2024-01-05,14:13:00,2024-02-06,0.05,0.05,0.05,0.05,0,0,1
FINNIFTY06FEB2421300PE.NFO,2024-01-05,14:14:00,2024-02-06,0.05,0.05,0.05,0.05,0,0,1
FINNIFTY06FEB2421300PE.NFO,2024-01-05,14:15:00,2024-02-06,0.05,0.05,0.05,0.05,0,0,1
FINNIFTY06FEB2421300PE.NFO,2024-01-05,14:16:00,2024-02-06,0.05,0.05,0.05,0.05,0,0,1
FINNIFTY06FEB2421300PE.NFO,2024-01-05,14:17:00,2024-02-06,0.05,0.05,0.05,0.05,0,0,1
FINNIFTY06FEB2421300PE.NFO,2024-01-05,14:18:00,2024-02-06,0.05,0.05,0.05,0.05,0,0,1
FINNIFTY06FEB2421300PE.NFO,2024-01-05,14:19:00,2024-02-06,0.05,0.05,0.05,0.05,0,0,1
FINNIFTY06FEB2421300PE.NFO,2024-01-05,14:20:00,2024-02-06,0.05,0.05,0.05,0.05,0,0,1
FINNIFTY06FEB2421300PE.NFO,2024-01-05,14:21:00,2024-02-06,0.05,0.05,0.05,0.05,0,0,1
FINNIFTY06FEB2421300PE.NFO,2024-01-05,14:22:00,2024-02-06,0.05,0.05,0.05,0.05,0,0,1
FINNIFTY06FEB2421300PE.NFO,2024-01-05,14:23:00,2024-02-06,0.05,0.05,0.05,0.05,0,0,1
FINNIFTY06FEB2421300PE.NFO,2024-01-05,14:24:00,2024-02-06,0.05,0.05,0.05,0.05,0,0,1
FINNIFTY06FEB2421300PE.NFO,2024-01-05,14:25:00,2024-02-06,0.05,0.05,0.05,0.05,0,0,1
FINNIFTY06FEB2421300PE.NFO,2024-01-05,14:26:00,2024-02-06,0.05,0.05,0.05,0.05,0,0,1
FINNIFTY06FEB2421300PE.NFO,2024-01-05,14:27:00,2024-02-06,0.05,0.05,0.05,0.05,0,0,1
FINNIFTY06FEB2421300PE.NFO,2024-01-05,14:28:00,2024-02-06,0.05,0.05,0.05,0.05,0,0,1
FINNIFTY06FEB2421300PE.NFO,2024-01-05,14:29:00,2024-02-06,0.05,0.05,0.05,0.05,0,0,1
FINNIFTY06FEB2421300PE.NFO,2024-01-05,14:30:00,2024-02-06,0.05,0.05,0.05,0.05,0,0,1
FINNIFTY06FEB2421300PE.NFO,2024-01-05,14:31:00,2024-02-06,0.05,0.05,0.05,0.05,0,0,1
FINNIFTY06FEB2421300PE.NFO,2024-01-05,14:32:00,2024-02-06,0.05,0.05,0.05,0.05,0,0,1
FINNIFTY06FEB2421300PE.NFO,2024-01-05,14:33:00,2024-02-06,0.05,0.05,0.05,0.05,0,0,1
FINNIFTY06FEB2421300PE.NFO,2024-01-05,14:34:00,2024-02-06,0.05,0.05,0.05,0.05,0,0,1
FINNIFTY06FEB2421300PE.NFO,2024-01-05,14:35:00,2024-02-06,0.05,0.05,0.05,0.05,0,0,1
FINNIFTY06FEB2421300PE.NFO,2024-01-05,14:36:00,2024-02-06,0.05,0.05,0.05,0.05,0,0,1
FINNIFTY06FEB2421300PE.NFO,2024-01-05,14:37:00,2024-02-06,0.05,0.05,0.05,0.05,0,0,1
FINNIFTY06FEB2421300PE.NFO,2024-01-05,14:38:00,2024-02-06,0.05,0.05,0.05,0.05,0,0,1
FINNIFTY06FEB2421300PE.NFO,2024-01-05,14:39:00,2024-02-06,0.05,0.05,0.05,0.05,0,0,1
FINNIFTY06FEB2421300PE.NFO,2024-01-05,14:40:00,2024-02-06,0.05,0.05,0.05,0.05,0,0,1
FINNIFTY06FEB2421300PE.NFO,2024-01-05,14:41:00,2024-02-06,0.05,0.05,0.05,0.05,0,0,1
FINNIFTY06FEB2421300PE.NFO,2024-01-05,14:42:00,2024-02-06,0.05,0.05,0.05,0.05,0,0,1
FINNIFTY06FEB2421300PE.NFO,2024-01-05,14:43:00,2024-02-06,0.05,0.05,0.05,0.05,0,0,1
FINNIFTY06FEB2421300PE.NFO,2024-01-05,14:44:00,2024-02-06,0.05,0.05,0.05,0.05,0,0,1
FINNIFTY06FEB2421300PE.NFO,2024-01-05,14:45:00,2024-02-06,0.05,0.05,0.05,0.05,0,0,1
FINNIFTY06FEB2421300PE.NFO,2024-01-05,14:46:00,2024-02-06,0.05,0.05,0.05,0.05,0,0,1
FINNIFTY06FEB2421300PE.NFO,2024-01-05,14:47:00,2024-02-06,0.05,0.05,0.05,0.05,0,0,1
FINNIFTY06FEB2421300PE.NFO,2024-01-05,14:48:00,2024-02-06,0.05,0.05,0.05,0.05,0,0,1
FINNIFTY06FEB2421300PE.NFO,2024-01-05,14:49:00,2024-02-06,0.05,0.05,0.05,0.05,0,0,1
FINNIFTY06FEB2421300PE.NFO,2024-01-05,14:50:00,2024-02-06,0.05,0.05,0.05,0.05,0,0,1
FINNIFTY06FEB2421300PE.NFO,2024-01-05,14:51:00,2024-02-06,0.05,0.05,0.05,0.05,0,0,1
FINNIFTY06FEB2421300PE.NFO,2024-01-05,14:52:00,2024-02-06,0.05,0.05,0.05,0.05,0,0,1
FINNIFTY06FEB2421300PE.NFO,2024-01-05,14:53:00,2024-02-06,0.05,0.05,0.05,0.05,0,0,1
FINNIFTY06FEB2421300PE.NFO,2024-01-05,14:54:00,2024-02-06,0.05,0.05,0.05,0.05,0,0,1
FINNIFTY06FEB2421300PE.NFO,2024-01-05,14:55:00,2024-02-06,0.05,0.05,0.05,0.05,0,0,1
FINNIFTY06FEB2421300PE.NFO,2024-01-05,14:56:00,2024-02-06,0.05,0.05,0.05,0.05,0,0,1
FINNIFTY06FEB2421300PE.NFO,2024-01-05,14:57:00,2024-02-06,0.05,0.05,0.05,0.05,0,0,1
FINNIFTY06FEB2421300PE.NFO,2024-01-05,14:58:00,2024-02-06,0.05,0.05,0.05,0.05,0,0,1
FINNIFTY06FEB2421300PE.NFO,2024-01-05,14:59:00,2024-02-06,0.05,0.05,0.05,0.05,0,0,1
FINNIFTY06FEB2421300PE.NFO,2024-01-05,15:00:00,2024-02-06,0.05,0.05,0.05,0.05,0,0,1
FINNIFTY06FEB2421300PE.NFO,2024-01-05,15:01:00,2024-02-06,0.05,0.05,0.05,0.05,0,0,1
FINNIFTY06FEB2421300PE.NFO,2024-01-05,15:02:00,2024-02-06,0.05,0.05,0.05,0.05,0,0,1
FINNIFTY06FEB2421300PE.NFO,2024-01-05,15:03:00,2024-02-06,0.05,0.05,0.05,0.05,0,0,1
FINNIFTY06FEB2421300PE.NFO,2024-01-05,15:04:00,2024-02-06,0.05,0.05,0.05,0.05,0,0,1
FINNIFTY06FEB2421300PE.NFO,2024-01-05,15:05:00,2024-02-06,0.05,0.05,0.05,0.05,0,0,1
FINNIFTY06FEB2421300PE.NFO,2024-01-05,15:06:00,2024-02-06,0.05,0.05,0.05,0.05,0,0,1
FINNIFTY06FEB2421300PE.NFO,2024-01-05,15:07:00,2024-02-06,0.05,0.05,0.05,0.05,0,0,1
FINNIFTY06FEB2421300PE.NFO,2024-01-05,15:08:00,2024-02-06,0.05,0.05,0.05,0.05,0,0,1
FINNIFTY06FEB2421300PE.NFO,2024-01-05,15:09:00,2024-02-06,0.05,0.05,0.05,0.05,0,0,1
FINNIFTY06FEB2421300PE.NFO,2024-01-05,15:10:00,2024-02-06,0.05,0.05,0.05,0.05,0,0,1
FINNIFTY06FEB2421300PE.NFO,2024-01-05,15:11:00,2024-02-06,0.05,0.05,0.05,0.05,0,0,1
FINNIFTY06FEB2421300PE.NFO,2024-01-05,15:12:00,2024-02-06,0.05,0.05,0.05,0.05,0,0,1
FINNIFTY06FEB2421300PE.NFO,2024-01-05,15:13:00,2024-02-06,0.05,0.05,0.05,0.05,0,0,1
FINNIFTY06FEB2421300PE.NFO,2024-01-05,15:14:00,2024-02-06,0.05,0.05,0.05,0.05,0,0,1
FINNIFTY06FEB2421300PE.NFO,2024-01-05,15:15:00,2024-02-06,0.05,0.05,0.05,0.05,0,0,1
FINNIFTY06FEB2421300PE.NFO,2024-01-05,15:16:00,2024-02-06,0.05,0.05,0.05,0.05,0,0,1
FINNIFTY06FEB2421300PE.NFO,2024-01-05,15:17:00,2024-02-06,0.05,0.05,0.05,0.05,0,0,1
FINNIFTY06FEB2421300PE.NFO,2024-01-05,15:18:00,2024-02-06,0.05,0.05,0.05,0.05,0,0,1
FINNIFTY06FEB2421300PE.NFO,2024-01-05,15:19:00,2024-02-06,0.05,0.05,0.05,0.05,0,0,1
FINNIFTY06FEB2421300PE.NFO,2024-01-05,15:20:00,2024-02-06,0.05,0.05,0.05,0.05,0,0,1
FINNIFTY06FEB2421300PE.NFO,2024-01-05,15:21:00,2024-02-06,0.05,0.05,0.05,0.05,0,0,1
FINNIFTY06FEB2421300PE.NFO,2024-01-05,15:22:00,2024-02-06,0.05,0.05,0.05,0.05,0,0,1
FINNIFTY06FEB2421300PE.NFO,2024-01-05,15:23:00,2024-02-06,0.05,0.05,0.05,0.05,0,0,1
FINNIFTY06FEB2421300PE.NFO,2024-01-05,15:24:00,2024-02-06,0.05,0.05,0.05,0.05,0,0,1
FINNIFTY06FEB2421300PE.NFO,2024-01-05,15:25:00,2024-02-06,0.05,0.05,0.05,0.05,0,0,1
FINNIFTY06FEB2421300PE.NFO,2024-01-05,15:26:00,2024-02-06,0.05,0.05,0.05,0.05,0,0,1
FINNIFTY06FEB2421300PE.NFO,2024-01-05,15:27:00,2024-02-06,0.05,0.05,0.05,0.05,0,0,1
FINNIFTY06FEB2421300PE.NFO,2024-01-05,15:28:00,2024-02-06,0.05,0.05,0.05,0.05,0,0,1
FINNIFTY06FEB2421300PE.NFO,2024-01-05,15:29:00,2024-02-06,0.05,0.05,0.05,0.05,0,0,1
FINNIFTY06FEB2421300PE.NFO,2024-01-05,15:30:00,2024-02-06,0.05,0.05,0.05,0.05,0,0,1
FINNIFTY06FEB2421300PE.NFO,2024-01-08,09:15:00,2024-02-06,0.05,0.05,0.05,0.05,0,0,0
FINNIFTY06FEB2421300PE.NFO,2024-01-08,09:16:00,2024-02-06,0.05,0.05,0.05,0.05,0,0,1
FINNIFTY06FEB2421300PE.NFO,2024-01-08,09:17:00,2024-02-06,0.05,0.05,0.05,0.05,0,0,1
FINNIFTY06FEB2421300PE.NFO,2024-01-08,09:18:00,2024-02-06,0.05,0.05,0.05,0.05,0,0,1
FINNIFTY06FEB2421300PE.NFO,2024-01-08,09:19:00,2024-02-06,0.05,0.05,0.05,0.05,0,0,1
FINNIFTY06FEB2421300PE.NFO,2024-01-08,09:20:00,2024-02-06,0.05,0.05,0.05,0.05,0,0,1
FINNIFTY06FEB2421300PE.NFO,2024-01-08,09:21:00,2024-02-06,0.05,0.05,0.05,0.05,0,0,1
FINNIFTY06FEB2421300PE.NFO,2024-01-08,09:22:00,2024-02-06,0.05,0.05,0.05,0.05,0,0,1
FINNIFTY06FEB2421300PE.NFO,2024-01-08,09:23:00,2024-02-06,0.05,0.05,0.05,0.05,0,0,1
FINNIFTY06FEB2421300PE.NFO,2024-01-08,09:24:00,2024-02-06,0.05,0.05,0.05,0.05,0,0,1
FINNIFTY06FEB2421300PE.NFO,2024-01-08,09:25:00,2024-02-06,0.05,0.05,0.05,0.05,0,0,1
FINNIFTY06FEB2421300PE.NFO,2024-01-08,09:26:00,2024-02-06,0.05,0.05,0.05,0.05,0,0,1
FINNIFTY06FEB2421300PE.NFO,2024-01-08,09:27:00,2024-02-06,0.05,0.05,0.05,0.05,0,0,1
FINNIFTY06FEB2421300PE.NFO,2024-01-08,09:28:00,2024-02-06,0.05,0.05,0.05,0.05,0,0,1
FINNIFTY06FEB2421300PE.NFO,2024-01-08,09:29:00,2024-02-06,0.05,0.05,0.05,0.05,0,0,1
FINNIFTY06FEB2421300PE.NFO,2024-01-08,09:30:00,2024-02-06,0.05,0.05,0.05,0.05,0,0,1
FINNIFTY06FEB2421300PE.NFO,2024-01-08,09:31:00,2024-02-06,0.05,0.05,0.05,0.05,0,0,1
FINNIFTY06FEB2421300PE.NFO,2024-01-08,09:32:00,2024-02-06,0.05,0.05,0.05,0.05,0,0,1
FINNIFTY06FEB2421300PE.NFO,2024-01-08,09:33:00,2024-02-06,0.05,0.05,0.05,0.05,0,0,1
FINNIFTY06FEB2421300PE.NFO,2024-01-08,09:34:00,2024-02-06,0.05,0.05,0.05,0.05,0,0,1
FINNIFTY06FEB2421300PE.NFO,2024-01-08,09:35:00,2024-02-06,0.05,0.05,0.05,0.05,0,0,1
FINNIFTY06FEB2421300PE.NFO,2024-01-08,09:36:00,2024-02-06,0.05,0.05,0.05,0.05,0,0,1
FINNIFTY06FEB2421300PE.NFO,2024-01-08,09:37:00,2024-02-06,0.05,0.05,0.05,0.05,0,0,1
FINNIFTY06FEB2421300PE.NFO,2024-01-08,09:38:00,2024-02-06,0.05,0.05,0.05,0.05,0,0,1
FINNIFTY06FEB2421300PE.NFO,2024-01-08,09:39:00,2024-02-06,0.05,0.05,0.05,0.05,0,0,1
FINNIFTY06FEB2421300PE.NFO,2024-01-08,09:40:00,2024-02-06,0.05,0.05,0.05,0.05,0,0,1
FINNIFTY06FEB2421300PE.NFO,2024-01-08,09:41:00,2024-02-06,0.05,0.05,0.05,0.05,0,0,1
FINNIFTY06FEB2421300PE.NFO,2024-01-08,09:42:00,2024-02-06,0.05,0.05,0.05,0.05,0,0,1
FINNIFTY06FEB2421300PE.NFO,2024-01-08,09:43:00,2024-02-06,0.05,0.05,0.05,0.05,0,0,1
FINNIFTY06FEB2421300PE.NFO,2024-01-08,09:44:00,2024-02-06,0.05,0.05,0.05,0.05,0,0,1
FINNIFTY06FEB2421300PE.NFO,2024-01-08,09:45:00,2024-02-06,0.05,0.05,0.05,0.05,0,0,1
FINNIFTY06FEB2421300PE.NFO,2024-01-08,09:46:00,2024-02-06,0.05,0.05,0.05,0.05,0,0,1
FINNIFTY06FEB2421300PE.NFO,2024-01-08,09:47:00,2024-02-06,0.05,0.05,0.05,0.05,0,0,1
FINNIFTY06FEB2421300PE.NFO,2024-01-08,09:48:00,2024-02-06,0.05,0.05,0.05,0.05,0,0,1
FINNIFTY06FEB2421300PE.NFO,2024-01-08,09:49:00,2024-02-06,0.05,0.05,0.05,0.05,0,0,1
FINNIFTY06FEB2421300PE.NFO,2024-01-08,09:50:00,2024-02-06,0.05,0.05,0.05,0.05,0,0,1
FINNIFTY06FEB2421300PE.NFO,2024-01-08,09:51:00,2024-02-06,0.05,0.05,0.05,0.05,0,0,1
FINNIFTY06FEB2421300PE.NFO,2024-01-08,09:52:00,2024-02-06,0.05,0.05,0.05,0.05,0,0,1
FINNIFTY06FEB2421300PE.NFO,2024-01-08,09:53:00,2024-02-06,0.05,0.05,0.05,0.05,0,0,1
FINNIFTY06FEB2421300PE.NFO,2024-01-08,09:54:00,2024-02-06,0.05,0.05,0.05,0.05,0,0,1
FINNIFTY06FEB2421300PE.NFO,2024-01-08,09:55:00,2024-02-06,0.05,0.05,0.05,0.05,0,0,1
FINNIFTY06FEB2421300PE.NFO,2024-01-08,09:56:00,2024-02-06,0.05,0.05,0.05,0.05,0,0,1
FINNIFTY06FEB2421300PE.NFO,2024-01-08,09:57:00,2024-02-06,0.05,0.05,0.05,0.05,0,0,1
FINNIFTY06FEB2421300PE.NFO,2024-01-08,09:58:00,2024-02-06,0.05,0.05,0.05,0.05,0,0,1
FINNIFTY06FEB2421300PE.NFO,2024-01-08,09:59:00,2024-02-06,0.05,0.05,0.05,0.05,0,0,1
FINNIFTY06FEB2421300PE.NFO,2024-01-08,10:00:00,2024-02-06,0.05,0.05,0.05,0.05,0,0,1
FINNIFTY06FEB2421300PE.NFO,2024-01-08,10:01:00,2024-02-06,0.05,0.05,0.05,0.05,0,0,1
FINNIFTY06FEB2421300PE.NFO,2024-01-08,10:02:00,2024-02-06,0.05,0.05,0.05,0.05,0,0,1
FINNIFTY06FEB2421300PE.NFO,2024-01-08,10:03:00,2024-02-06,0.05,0.05,0.05,0.05,0,0,1
FINNIFTY06FEB2421300PE.NFO,2024-01-08,10:04:00,2024-02-06,0.05,0.05,0.05,0.05,0,0,1
FINNIFTY06FEB2421300PE.NFO,2024-01-08,10:05:00,2024-02-06,0.05,0.05,0.05,0.05,0,0,1
FINNIFTY06FEB2421300PE.NFO,2024-01-08,10:06:00,2024-02-06,0.05,0.05,0.05,0.05,0,0,1
FINNIFTY06FEB2421300PE.NFO,2024-01-08,10:07:00,2024-02-06,0.05,0.05,0.05,0.05,0,0,1
FINNIFTY06FEB2421300PE.NFO,2024-01-08,10:08:00,2024-02-06,0.05,0.05,0.05,0.05,0,0,1
FINNIFTY06FEB2421300PE.NFO,2024-01-08,10:09:00,2024-02-06,0.05,0.05,0.05,0.05,0,0,1
FINNIFTY06FEB2421300PE.NFO,2024-01-08,10:10:00,2024-02-06,0.05,0.05,0.05,0.05,0,0,1
FINNIFTY06FEB2421300PE.NFO,2024-01-08,10:11:00,2024-02-06,0.05,0.05,0.05,0.05,0,0,1
FINNIFTY06FEB2421300PE.NFO,2024-01-08,10:12:00,2024-02-06,0.05,0.05,0.05,0.05,0,0,1
FINNIFTY06FEB2421300PE.NFO,2024-01-08,10:13:00,2024-02-06,0.05,0.05,0.05,0.05,0,0,1
FINNIFTY06FEB2421300PE.NFO,2024-01-08,10:14:00,2024-02-06,0.05,0.05,0.05,0.05,0,0,1
FINNIFTY06FEB2421300PE.NFO,2024-01-08,10:15:00,2024-02-06,0.05,0.05,0.05,0.05,0,0,1
FINNIFTY06FEB2421300PE.NFO,2024-01-08,10:16:00,2024-02-06,0.05,0.05,0.05,0.05,0,0,1
FINNIFTY06FEB2421300PE.NFO,2024-01-08,10:17:00,2024-02-06,0.05,0.05,0.05,0.05,0,0,1
FINNIFTY06FEB2421300PE.NFO,2024-01-08,10:18:00,2024-02-06,0.05,0.05,0.05,0.05,0,0,1
FINNIFTY06FEB2421300PE.NFO,2024-01-08,10:19:00,2024-02-06,0.05,0.05,0.05,0.05,0,0,1
FINNIFTY06FEB2421300PE.NFO,2024-01-08,10:20:00,2024-02-06,0.05,0.05,0.05,0.05,0,0,1
FINNIFTY06FEB2421300PE.NFO,2024-01-08,10:21:00,2024-02-06,0.05,0.05,0.05,0.05,0,0,1
FINNIFTY06FEB2421300PE.NFO,2024-01-08,10:22:00,2024-02-06,0.05,0.05,0.05,0.05,0,0,1
FINNIFTY06FEB2421300PE.NFO,2024-01-08,10:23:00,2024-02-06,0.05,0.05,0.05,0.05,0,0,1
FINNIFTY06FEB2421300PE.NFO,2024-01-08,10:24:00,2024-02-06,0.05,0.05,0.05,0.05,0,0,1
FINNIFTY06FEB2421300PE.NFO,2024-01-08,10:25:00,2024-02-06,0.05,0.05,0.05,0.05,0,0,1
FINNIFTY06FEB2421300PE.NFO,2024-01-08,10:26:00,2024-02-06,0.05,0.05,0.05,0.05,0,0,1
FINNIFTY06FEB2421300PE.NFO,2024-01-08,10:27:00,2024-02-06,0.05,0.05,0.05,0.05,0,0,1
FINNIFTY06FEB2421300PE.NFO,2024-01-08,10:28:00,2024-02-06,0.05,0.05,0.05,0.05,0,0,1
FINNIFTY06FEB2421300PE.NFO,2024-01-08,10:29:00,2024-02-06,0.05,0.05,0.05,0.05,0,0,1
FINNIFTY06FEB2421300PE.NFO,2024-01-08,10:30:00,2024-02-06,0.05,0.05,0.05,0.05,0,0,1
FINNIFTY06FEB2421300PE.NFO,2024-01-08,10:31:00,2024-02-06,0.05,0.05,0.05,0.05,0,0,1
FINNIFTY06FEB2421300PE.NFO,2024-01-08,10:32:00,2024-02-06,0.05,0.05,0.05,0.05,0,0,1
FINNIFTY06FEB2421300PE.NFO,2024-01-08,10:33:00,2024-02-06,0.05,0.05,0.05,0.05,0,0,1
FINNIFTY06FEB2421300PE.NFO,2024-01-08,10:34:00,2024-02-06,0.05,0.05,0.05,0.05,0,0,1
FINNIFTY06FEB2421300PE.NFO,2024-01-08,10:35:00,2024-02-06,0.05,0.05,0.05,0.05,0,0,1
FINNIFTY06FEB2421300PE.NFO,2024-01-08,10:36:00,2024-02-06,0.05,0.05,0.05,0.05,0,0,1
FINNIFTY06FEB2421300PE.NFO,2024-01-08,10:37:00,2024-02-06,0.05,0.05,0.05,0.05,0,0,1
FINNIFTY06FEB2421300PE.NFO,2024-01-08,10:38:00,2024-02-06,0.05,0.05,0.05,0.05,0,0,1
FINNIFTY06FEB2421300PE.NFO,2024-01-08,10:39:00,2024-02-06,0.05,0.05,0.05,0.05,0,0,1
FINNIFTY06FEB2421300PE.NFO,2024-01-08,10:40:00,2024-02-06,0.05,0.05,0.05,0.05,0,0,1
FINNIFTY06FEB2421300PE.NFO,2024-01-08,10:41:00,2024-02-06,0.05,0.05,0.05,0.05,0,0,1
FINNIFTY06FEB2421300PE.NFO,2024-01-08,10:42:00,2024-02-06,0.05,0.05,0.05,0.05,0,0,1
FINNIFTY06FEB2421300PE.NFO,2024-01-08,10:43:00,2024-02-06,0.05,0.05,0.05,0.05,0,0,1
FINNIFTY06FEB2421300PE.NFO,2024-01-08,10:44:00,2024-02-06,0.05,0.05,0.05,0.05,0,0,1
FINNIFTY06FEB2421300PE.NFO,2024-01-08,10:45:00,2024-02-06,0.05,0.05,0.05,0.05,0,0,1
FINNIFTY06FEB2421300PE.NFO,2024-01-08,10:46:00,2024-02-06,0.05,0.05,0.05,0.05,0,0,1
FINNIFTY06FEB2421300PE.NFO,2024-01-08,10:47:00,2024-02-06,0.05,0.05,0.05,0.05,0,0,1
FINNIFTY06FEB2421300PE.NFO,2024-01-08,10:48:00,2024-02-06,0.05,0.05,0.05,0.05,0,0,1
FINNIFTY06FEB2421300PE.NFO,2024-01-08,10:49:00,2024-02-06,0.05,0.05,0.05,0.05,0,0,1
FINNIFTY06FEB2421300PE.NFO,2024-01-08,10:50:00,2024-02-06,0.05,0.05,0.05,0.05,0,0,1
FINNIFTY06FEB2421300PE.NFO,2024-01-08,10:51:00,2024-02-06,0.05,0.05,0.05,0.05,0,0,1
FINNIFTY06FEB2421300PE.NFO,2024-01-08,10:52:00,2024-02-06,0.05,0.05,0.05,0.05,0,0,1
FINNIFTY06FEB2421300PE.NFO,2024-01-08,10:53:00,2024-02-06,0.05,0.05,0.05,0.05,0,0,1
FINNIFTY06FEB2421300PE.NFO,2024-01-08,10:54:00,2024-02-06,0.05,0.05,0.05,0.05,0,0,1
FINNIFTY06FEB2421300PE.NFO,2024-01-08,10:55:00,2024-02-06,0.05,0.05,0.05,0.05,0,0,1
FINNIFTY06FEB2421300PE.NFO,2024-01-08,10:56:00,2024-02-06,0.05,0.05,0.05,0.05,0,0,1
FINNIFTY06FEB2421300PE.NFO,2024-01-08,10:57:00,2024-02-06,0.05,0.05,0.05,0.05,0,0,1
FINNIFTY06FEB2421300PE.NFO,2024-01-08,10:58:00,2024-02-06,0.05,0.05,0.05,0.05,0,0,1
FINNIFTY06FEB2421300PE.NFO,2024-01-08,10:59:00,2024-02-06,0.05,0.05,0.05,0.05,0,0,1
FINNIFTY06FEB2421300PE.NFO,2024-01-08,11:00:00,2024-02-06,0.05,0.05,0.05,0.05,0,0,1
FINNIFTY06FEB2421300PE.NFO,2024-01-08,11:01:00,2024-02-06,0.05,0.05,0.05,0.05,0,0,1
FINNIFTY06FEB2421300PE.NFO,2024-01-08,11:02:00,2024-02-06,0.05,0.05,0.05,0.05,0,0,1
FINNIFTY06FEB2421300PE.NFO,2024-01-08,11:03:00,2024-02-06,0.05,0.05,0.05,0.05,0,0,1
FINNIFTY06FEB2421300PE.NFO,2024-01-08,11:04:00,2024-02-06,0.05,0.05,0.05,0.05,0,0,1
FINNIFTY06FEB2421300PE.NFO,2024-01-08,11:05:00,2024-02-06,0.05,0.05,0.05,0.05,0,0,1
FINNIFTY06FEB2421300PE.NFO,2024-01-08,11:06:00,2024-02-06,0.05,0.05,0.05,0.05,0,0,1
FINNIFTY06FEB2421300PE.NFO,2024-01-08,11:07:00,2024-02-06,0.05,0.05,0.05,0.05,0,0,1
FINNIFTY06FEB2421300PE.NFO,2024-01-08,11:08:00,2024-02-06,0.05,0.05,0.05,0.05,0,0,1
FINNIFTY06FEB2421300PE.NFO,2024-01-08,11:09:00,2024-02-06,0.05,0.05,0.05,0.05,0,0,1
FINNIFTY06FEB2421300PE.NFO,2024-01-08,11:10:00,2024-02-06,0.05,0.05,0.05,0.05,0,0,1
FINNIFTY06FEB2421300PE.NFO,2024-01-08,11:11:00,2024-02-06,0.05,0.05,0.05,0.05,0,0,1
FINNIFTY06FEB2421300PE.NFO,2024-01-08,11:12:00,2024-02-06,0.05,0.05,0.05,0.05,0,0,1
FINNIFTY06FEB2421300PE.NFO,2024-01-08,11:13:00,2024-02-06,0.05,0.05,0.05,0.05,0,0,1
FINNIFTY06FEB2421300PE.NFO,2024-01-08,11:14:00,2024-02-06,0.05,0.05,0.05,0.05,0,0,1
FINNIFTY06FEB2421300PE.NFO,2024-01-08,11:15:00,2024-02-06,0.05,0.05,0.05,0.05,0,0,1
FINNIFTY06FEB2421300PE.NFO,2024-01-08,11:16:00,2024-02-06,0.05,0.05,0.05,0.05,0,0,1
FINNIFTY06FEB2421300PE.NFO,2024-01-08,11:17:00,2024-02-06,0.05,0.05,0.05,0.05,0,0,1
FINNIFTY06FEB2421300PE.NFO,2024-01-08,11:18:00,2024-02-06,0.05,0.05,0.05,0.05,0,0,1
FINNIFTY06FEB2421300PE.NFO,2024-01-08,11:19:00,2024-02-06,0.05,0.05,0.05,0.05,0,0,1
FINNIFTY06FEB2421300PE.NFO,2024-01-08,11:20:00,2024-02-06,0.05,0.05,0.05,0.05,0,0,1
FINNIFTY06FEB2421300PE.NFO,2024-01-08,11:21:00,2024-02-06,0.05,0.05,0.05,0.05,0,0,1
FINNIFTY06FEB2421300PE.NFO,2024-01-08,11:22:00,2024-02-06,0.05,0.05,0.05,0.05,0,0,1
FINNIFTY06FEB2421300PE.NFO,2024-01-08,11:23:00,2024-02-06,0.05,0.05,0.05,0.05,0,0,1
FINNIFTY06FEB2421300PE.NFO,2024-01-08,11:24:00,2024-02-06,0.05,0.05,0.05,0.05,0,0,1
FINNIFTY06FEB2421300PE.NFO,2024-01-08,11:25:00,2024-02-06,0.05,0.05,0.05,0.05,0,0,1
FINNIFTY06FEB2421300PE.NFO,2024-01-08,11:26:00,2024-02-06,0.05,0.05,0.05,0.05,0,0,1
FINNIFTY06FEB2421300PE.NFO,2024-01-08,11:27:00,2024-02-06,0.05,0.05,0.05,0.05,0,0,1
FINNIFTY06FEB2421300PE.NFO,2024-01-08,11:28:00,2024-02-06,0.05,0.05,0.05,0.05,0,0,1
FINNIFTY06FEB2421300PE.NFO,2024-01-08,11:29:00,2024-02-06,0.05,0.05,0.05,0.05,0,0,1
FINNIFTY06FEB2421300PE.NFO,2024-01-08,11:30:00,2024-02-06,0.05,0.05,0.05,0.05,0,0,1
FINNIFTY06FEB2421300PE.NFO,2024-01-08,11:31:00,2024-02-06,0.05,0.05,0.05,0.05,0,0,1
FINNIFTY06FEB2421300PE.NFO,2024-01-08,11:32:00,2024-02-06,0.05,0.05,0.05,0.05,0,0,1
FINNIFTY06FEB2421300PE.NFO,2024-01-08,11:33:00,2024-02-06,0.05,0.05,0.05,0.05,0,0,1
FINNIFTY06FEB2421300PE.NFO,2024-01-08,11:34:00,2024-02-06,0.05,0.05,0.05,0.05,0,0,1
FINNIFTY06FEB2421300PE.NFO,2024-01-08,11:35:00,2024-02-06,0.05,0.05,0.05,0.05,0,0,1
FINNIFTY06FEB2421300PE.NFO,2024-01-08,11:36:00,2024-02-06,0.05,0.05,0.05,0.05,0,0,1
FINNIFTY06FEB2421300PE.NFO,2024-01-08,11:37:00,2024-02-06,0.05,0.05,0.05,0.05,0,0,1
FINNIFTY06FEB2421300PE.NFO,2024-01-08,11:38:00,2024-02-06,0.05,0.05,0.05,0.05,0,0,1
FINNIFTY06FEB2421300PE.NFO,2024-01-08,11:39:00,2024-02-06,0.05,0.05,0.05,0.05,0,0,1
FINNIFTY06FEB2421300PE.NFO,2024-01-08,11:40:00,2024-02-06,0.05,0.05,0.05,0.05,0,0,1
FINNIFTY06FEB2421300PE.NFO,2024-01-08,11:41:00,2024-02-06,0.05,0.05,0.05,0.05,0,0,1
FINNIFTY06FEB2421300PE.NFO,2024-01-08,11:42:00,2024-02-06,0.05,0.05,0.05,0.05,0,0,1
FINNIFTY06FEB2421300PE.NFO,2024-01-08,11:43:00,2024-02-06,0.05,0.05,0.05,0.05,0,0,1
FINNIFTY06FEB2421300PE.NFO,2024-01-08,11:44:00,2024-02-06,0.05,0.05,0.05,0.05,0,0,1
FINNIFTY06FEB2421300PE.NFO,2024-01-08,11:45:00,2024-02-06,0.05,0.05,0.05,0.05,0,0,1
FINNIFTY06FEB2421300PE.NFO,2024-01-08,11:46:00,2024-02-06,0.05,0.05,0.05,0.05,0,0,1
FINNIFTY06FEB2421300PE.NFO,2024-01-08,11:47:00,2024-02-06,0.05,0.05,0.05,0.05,0,0,1
FINNIFTY06FEB2421300PE.NFO,2024-01-08,11:48:00,2024-02-06,0.05,0.05,0.05,0.05,0,0,1
FINNIFTY06FEB2421300PE.NFO,2024-01-08,11:49:00,2024-02-06,0.05,0.05,0.05,0.05,0,0,1
FINNIFTY06FEB2421300PE.NFO,2024-01-08,11:50:00,2024-02-06,0.05,0.05,0.05,0.05,0,0,1
FINNIFTY06FEB2421300PE.NFO,2024-01-08,11:51:00,2024-02-06,0.05,0.05,0.05,0.05,0,0,1
FINNIFTY06FEB2421300PE.NFO,2024-01-08,11:52:00,2024-02-06,0.05,0.05,0.05,0.05,0,0,1
FINNIFTY06FEB2421300PE.NFO,2024-01-08,11:53:00,2024-02-06,0.05,0.05,0.05,0.05,0,0,1
FINNIFTY06FEB2421300PE.NFO,2024-01-08,11:54:00,2024-02-06,0.05,0.05,0.05,0.05,0,0,1
FINNIFTY06FEB2421300PE.NFO,2024-01-08,11:55:00,2024-02-06,0.05,0.05,0.05,0.05,0,0,1
FINNIFTY06FEB2421300PE.NFO,2024-01-08,11:56:00,2024-02-06,0.05,0.05,0.05,0.05,0,0,1
FINNIFTY06FEB2421300PE.NFO,2024-01-08,11:57:00,2024-02-06,0.05,0.05,0.05,0.05,0,0,1
FINNIFTY06FEB2421300PE.NFO,2024-01-08,11:58:00,2024-02-06,0.05,0.05,0.05,0.05,0,0,1
FINNIFTY06FEB2421300PE.NFO,2024-01-08,11:59:00,2024-02-06,0.05,0.05,0.05,0.05,0,0,1
FINNIFTY06FEB2421300PE.NFO,2024-01-08,12:00:00,2024-02-06,0.05,0.05,0.05,0.05,0,0,1
FINNIFTY06FEB2421300PE.NFO,2024-01-08,12:01:00,2024-02-06,0.05,0.05,0.05,0.05,0,0,1
FINNIFTY06FEB2421300PE.NFO,2024-01-08,12:02:00,2024-02-06,0.05,0.05,0.05,0.05,0,0,1
FINNIFTY06FEB2421300PE.NFO,2024-01-08,12:03:00,2024-02-06,0.05,0.05,0.05,0.05,0,0,1
FINNIFTY06FEB2421300PE.NFO,2024-01-08,12:04:00,2024-02-06,0.05,0.05,0.05,0.05,0,0,1
FINNIFTY06FEB2421300PE.NFO,2024-01-08,12:05:00,2024-02-06,0.05,0.05,0.05,0.05,0,0,1
FINNIFTY06FEB2421300PE.NFO,2024-01-08,12:06:00,2024-02-06,0.05,0.05,0.05,0.05,0,0,1
FINNIFTY06FEB2421300PE.NFO,2024-01-08,12:07:00,2024-02-06,0.05,0.05,0.05,0.05,0,0,1
FINNIFTY06FEB2421300PE.NFO,2024-01-08,12:08:00,2024-02-06,0.05,0.05,0.05,0.05,0,0,1
FINNIFTY06FEB2421300PE.NFO,2024-01-08,12:09:00,2024-02-06,0.05,0.05,0.05,0.05,0,0,1
FINNIFTY06FEB2421300PE.NFO,2024-01-08,12:10:00,2024-02-06,0.05,0.05,0.05,0.05,0,0,1
FINNIFTY06FEB2421300PE.NFO,2024-01-08,12:11:00,2024-02-06,0.05,0.05,0.05,0.05,0,0,1
FINNIFTY06FEB2421300PE.NFO,2024-01-08,12:12:00,2024-02-06,0.05,0.05,0.05,0.05,0,0,1
FINNIFTY06FEB2421300PE.NFO,2024-01-08,12:13:00,2024-02-06,0.05,0.05,0.05,0.05,0,0,1
FINNIFTY06FEB2421300PE.NFO,2024-01-08,12:14:00,2024-02-06,0.05,0.05,0.05,0.05,0,0,1
FINNIFTY06FEB2421300PE.NFO,2024-01-08,12:15:00,2024-02-06,0.05,0.05,0.05,0.05,0,0,1
FINNIFTY06FEB2421300PE.NFO,2024-01-08,12:16:00,2024-02-06,0.05,0.05,0.05,0.05,0,0,1
FINNIFTY06FEB2421300PE.NFO,2024-01-08,12:17:00,2024-02-06,0.05,0.05,0.05,0.05,0,0,1
FINNIFTY06FEB2421300PE.NFO,2024-01-08,12:18:00,2024-02-06,0.05,0.05,0.05,0.05,0,0,1
FINNIFTY06FEB2421300PE.NFO,2024-01-08,12:19:00,2024-02-06,0.05,0.05,0.05,0.05,0,0,1
FINNIFTY06FEB2421300PE.NFO,2024-01-08,12:20:00,2024-02-06,0.05,0.05,0.05,0.05,0,0,1
FINNIFTY06FEB2421300PE.NFO,2024-01-08,12:21:00,2024-02-06,0.05,0.05,0.05,0.05,0,0,1
FINNIFTY06FEB2421300PE.NFO,2024-01-08,12:22:00,2024-02-06,0.05,0.05,0.05,0.05,0,0,1
FINNIFTY06FEB2421300PE.NFO,2024-01-08,12:23:00,2024-02-06,0.05,0.05,0.05,0.05,0,0,1
FINNIFTY06FEB2421300PE.NFO,2024-01-08,12:24:00,2024-02-06,0.05,0.05,0.05,0.05,0,0,1
FINNIFTY06FEB2421300PE.NFO,2024-01-08,12:25:00,2024-02-06,0.05,0.05,0.05,0.05,0,0,1
FINNIFTY06FEB2421300PE.NFO,2024-01-08,12:26:00,2024-02-06,0.05,0.05,0.05,0.05,0,0,1
FINNIFTY06FEB2421300PE.NFO,2024-01-08,12:27:00,2024-02-06,0.05,0.05,0.05,0.05,0,0,1
FINNIFTY06FEB2421300PE.NFO,2024-01-08,12:28:00,2024-02-06,0.05,0.05,0.05,0.05,0,0,1
FINNIFTY06FEB2421300PE.NFO,2024-01-08,12:29:00,2024-02-06,0.05,0.05,0.05,0.05,0,0,1
FINNIFTY06FEB2421300PE.NFO,2024-01-08,12:30:00,2024-02-06,0.05,0.05,0.05,0.05,0,0,1
FINNIFTY06FEB2421300PE.NFO,2024-01-08,12:31:00,2024-02-06,0.05,0.05,0.05,0.05,0,0,1
FINNIFTY06FEB2421300PE.NFO,2024-01-08,12:32:00,2024-02-06,0.05,0.05,0.05,0.05,0,0,1
FINNIFTY06FEB2421300PE.NFO,2024-01-08,12:33:00,2024-02-06,0.05,0.05,0.05,0.05,0,0,1
FINNIFTY06FEB2421300PE.NFO,2024-01-08,12:34:00,2024-02-06,0.05,0.05,0.05,0.05,0,0,1
FINNIFTY06FEB2421300PE.NFO,2024-01-08,12:35:00,2024-02-06,0.05,0.05,0.05,0.05,0,0,1
FINNIFTY06FEB2421300PE.NFO,2024-01-08,12:36:00,2024-02-06,0.05,0.05,0.05,0.05,0,0,1
FINNIFTY06FEB2421300PE.NFO,2024-01-08,12:37:00,2024-02-06,0.05,0.05,0.05,0.05,0,0,1
FINNIFTY06FEB2421300PE.NFO,2024-01-08,12:38:00,2024-02-06,0.05,0.05,0.05,0.05,0,0,1
FINNIFTY06FEB2421300PE.NFO,2024-01-08,12:39:00,2024-02-06,0.05,0.05,0.05,0.05,0,0,1
FINNIFTY06FEB2421300PE.NFO,2024-01-08,12:40:00,2024-02-06,0.05,0.05,0.05,0.05,0,0,1
FINNIFTY06FEB2421300PE.NFO,2024-01-08,12:41:00,2024-02-06,0.05,0.05,0.05,0.05,0,0,1
FINNIFTY06FEB2421300PE.NFO,2024-01-08,12:42:00,2024-02-06,0.05,0.05,0.05,0.05,0,0,1
FINNIFTY06FEB2421300PE.NFO,2024-01-08,12:43:00,2024-02-06,0.05,0.05,0.05,0.05,0,0,1
FINNIFTY06FEB2421300PE.NFO,2024-01-08,12:44:00,2024-02-06,0.05,0.05,0.05,0.05,0,0,1
FINNIFTY06FEB2421300PE.NFO,2024-01-08,12:45:00,2024-02-06,0.05,0.05,0.05,0.05,0,0,1
FINNIFTY06FEB2421300PE.NFO,2024-01-08,12:46:00,2024-02-06,0.05,0.05,0.05,0.05,0,0,1
FINNIFTY06FEB2421300PE.NFO,2024-01-08,12:47:00,2024-02-06,0.05,0.05,0.05,0.05,0,0,1
FINNIFTY06FEB2421300PE.NFO,2024-01-08,12:48:00,2024-02-06,0.05,0.05,0.05,0.05,0,0,1
FINNIFTY06FEB2421300PE.NFO,2024-01-08,12:49:00,2024-02-06,0.05,0.05,0.05,0.05,0,0,1
FINNIFTY06FEB2421300PE.NFO,2024-01-08,12:50:00,2024-02-06,0.05,0.05,0.05,0.05,0,0,1
FINNIFTY06FEB2421300PE.NFO,2024-01-08,12:51:00,2024-02-06,0.05,0.05,0.05,0.05,0,0,1
FINNIFTY06FEB2421300PE.NFO,2024-01-08,12:52:00,2024-02-06,0.05,0.05,0.05,0.05,0,0,1
FINNIFTY06FEB2421300PE.NFO,2024-01-08,12:53:00,2024-02-06,0.05,0.05,0.05,0.05,0,0,1
FINNIFTY06FEB2421300PE.NFO,2024-01-08,12:54:00,2024-02-06,0.05,0.05,0.05,0.05,0,0,1
FINNIFTY06FEB2421300PE.NFO,2024-01-08,12:55:00,2024-02-06,0.05,0.05,0.05,0.05,0,0,1
FINNIFTY06FEB2421300PE.NFO,2024-01-08,12:56:00,2024-02-06,0.05,0.05,0.05,0.05,0,0,1
FINNIFTY06FEB2421300PE.NFO,2024-01-08,12:57:00,2024-02-06,0.05,0.05,0.05,0.05,0,0,1
FINNIFTY06FEB2421300PE.NFO,2024-01-08,12:58:00,2024-02-06,0.05,0.05,0.05,0.05,0,0,1
FINNIFTY06FEB2421300PE.NFO,2024-01-08,12:59:00,2024-02-06,0.05,0.05,0.05,0.05,0,0,1
FINNIFTY06FEB2421300PE.NFO,2024-01-08,13:00:00,2024-02-06,0.05,0.05,0.05,0.05,0,0,1
FINNIFTY06FEB2421300PE.NFO,2024-01-08,13:01:00,2024-02-06,0.05,0.05,0.05,0.05,0,0,1
FINNIFTY06FEB2421300PE.NFO,2024-01-08,13:02:00,2024-02-06,0.05,0.05,0.05,0.05,0,0,1
FINNIFTY06FEB2421300PE.NFO,2024-01-08,13:03:00,2024-02-06,0.05,0.05,0.05,0.05,0,0,1
FINNIFTY06FEB2421300PE.NFO,2024-01-08,13:04:00,2024-02-06,0.05,0.05,0.05,0.05,0,0,1
FINNIFTY06FEB2421300PE.NFO,2024-01-08,13:05:00,2024-02-06,0.05,0.05,0.05,0.05,0,0,1
FINNIFTY06FEB2421300PE.NFO,2024-01-08,13:06:00,2024-02-06,0.05,0.05,0.05,0.05,0,0,1
FINNIFTY06FEB2421300PE.NFO,2024-01-08,13:07:00,2024-02-06,0.05,0.05,0.05,0.05,0,0,1
FINNIFTY06FEB2421300PE.NFO,2024-01-08,13:08:00,2024-02-06,0.05,0.05,0.05,0.05,0,0,1
FINNIFTY06FEB2421300PE.NFO,2024-01-08,13:09:00,2024-02-06,0.05,0.05,0.05,0.05,0,0,1
FINNIFTY06FEB2421300PE.NFO,2024-01-08,13:10:00,2024-02-06,0.05,0.05,0.05,0.05,0,0,1
FINNIFTY06FEB2421300PE.NFO,2024-01-08,13:11:00,2024-02-06,0.05,0.05,0.05,0.05,0,0,1
FINNIFTY06FEB2421300PE.NFO,2024-01-08,13:12:00,2024-02-06,0.05,0.05,0.05,0.05,0,0,1
FINNIFTY06FEB2421300PE.NFO,2024-01-08,13:13:00,2024-02-06,0.05,0.05,0.05,0.05,0,0,1
FINNIFTY06FEB2421300PE.NFO,2024-01-08,13:14:00,2024-02-06,0.05,0.05,0.05,0.05,0,0,1
FINNIFTY06FEB2421300PE.NFO,2024-01-08,13:15:00,2024-02-06,0.05,0.05,0.05,0.05,0,0,1
FINNIFTY06FEB2421300PE.NFO,2024-01-08,13:16:00,2024-02-06,0.05,0.05,0.05,0.05,0,0,1
FINNIFTY06FEB2421300PE.NFO,2024-01-08,13:17:00,2024-02-06,0.05,0.05,0.05,0.05,0,0,1
FINNIFTY06FEB2421300PE.NFO,2024-01-08,13:18:00,2024-02-06,0.05,0.05,0.05,0.05,0,0,1
FINNIFTY06FEB2421300PE.NFO,2024-01-08,13:19:00,2024-02-06,0.05,0.05,0.05,0.05,0,0,1
FINNIFTY06FEB2421300PE.NFO,2024-01-08,13:20:00,2024-02-06,0.05,0.05,0.05,0.05,0,0,1
FINNIFTY06FEB2421300PE.NFO,2024-01-08,13:21:00,2024-02-06,0.05,0.05,0.05,0.05,0,0,1
FINNIFTY06FEB2421300PE.NFO,2024-01-08,13:22:00,2024-02-06,0.05,0.05,0.05,0.05,0,0,1
FINNIFTY06FEB2421300PE.NFO,2024-01-08,13:23:00,2024-02-06,0.05,0.05,0.05,0.05,0,0,1
FINNIFTY06FEB2421300PE.NFO,2024-01-08,13:24:00,2024-02-06,0.05,0.05,0.05,0.05,0,0,1
FINNIFTY06FEB2421300PE.NFO,2024-01-08,13:25:00,2024-02-06,0.05,0.05,0.05,0.05,0,0,1
FINNIFTY06FEB2421300PE.NFO,2024-01-08,13:26:00,2024-02-06,0.05,0.05,0.05,0.05,0,0,1
FINNIFTY06FEB2421300PE.NFO,2024-01-08,13:27:00,2024-02-06,0.05,0.05,0.05,0.05,0,0,1
FINNIFTY06FEB2421300PE.NFO,2024-01-08,13:28:00,2024-02-06,0.05,0.05,0.05,0.05,0,0,1
FINNIFTY06FEB2421300PE.NFO,2024-01-08,13:29:00,2024-02-06,0.05,0.05,0.05,0.05,0,0,1
FINNIFTY06FEB2421300PE.NFO,2024-01-08,13:30:00,2024-02-06,0.05,0.05,0.05,0.05,0,0,1
FINNIFTY06FEB2421300PE.NFO,2024-01-08,13:31:00,2024-02-06,0.05,0.05,0.05,0.05,0,0,1
FINNIFTY06FEB2421300PE.NFO,2024-01-08,13:32:00,2024-02-06,0.05,0.05,0.05,0.05,0,0,1
FINNIFTY06FEB2421300PE.NFO,2024-01-08,13:33:00,2024-02-06,0.05,0.05,0.05,0.05,0,0,1
FINNIFTY06FEB2421300PE.NFO,2024-01-08,13:34:00,2024-02-06,0.05,0.05,0.05,0.05,0,0,1
FINNIFTY06FEB2421300PE.NFO,2024-01-08,13:35:00,2024-02-06,0.05,0.05,0.05,0.05,0,0,1
FINNIFTY06FEB2421300PE.NFO,2024-01-08,13:36:00,2024-02-06,0.05,0.05,0.05,0.05,0,0,1
FINNIFTY06FEB2421300PE.NFO,2024-01-08,13:37:00,2024-02-06,0.05,0.05,0.05,0.05,0,0,1
FINNIFTY06FEB2421300PE.NFO,2024-01-08,13:38:00,2024-02-06,0.05,0.05,0.05,0.05,0,0,1
FINNIFTY06FEB2421300PE.NFO,2024-01-08,13:39:00,2024-02-06,0.05,0.05,0.05,0.05,0,0,1
FINNIFTY06FEB2421300PE.NFO,2024-01-08,13:40:00,2024-02-06,0.05,0.05,0.05,0.05,0,0,1
FINNIFTY06FEB2421300PE.NFO,2024-01-08,13:41:00,2024-02-06,0.05,0.05,0.05,0.05,0,0,1
FINNIFTY06FEB2421300PE.NFO,2024-01-08,13:42:00,2024-02-06,0.05,0.05,0.05,0.05,0,0,1
FINNIFTY06FEB2421300PE.NFO,2024-01-08,13:43:00,2024-02-06,0.05,0.05,0.05,0.05,0,0,1
FINNIFTY06FEB2421300PE.NFO,2024-01-08,13:44:00,2024-02-06,0.05,0.05,0.05,0.05,0,0,1
FINNIFTY06FEB2421300PE.NFO,2024-01-08,13:45:00,2024-02-06,0.05,0.05,0.05,0.05,0,0,1
FINNIFTY06FEB2421300PE.NFO,2024-01-08,13:46:00,2024-02-06,0.05,0.05,0.05,0.05,0,0,1
FINNIFTY06FEB2421300PE.NFO,2024-01-08,13:47:00,2024-02-06,0.05,0.05,0.05,0.05,0,0,1
FINNIFTY06FEB2421300PE.NFO,2024-01-08,13:48:00,2024-02-06,0.05,0.05,0.05,0.05,0,0,1
FINNIFTY06FEB2421300PE.NFO,2024-01-08,13:49:00,2024-02-06,0.05,0.05,0.05,0.05,0,0,1
FINNIFTY06FEB2421300PE.NFO,2024-01-08,13:50:00,2024-02-06,0.05,0.05,0.05,0.05,0,0,1
FINNIFTY06FEB2421300PE.NFO,2024-01-08,13:51:00,2024-02-06,0.05,0.05,0.05,0.05,0,0,1
FINNIFTY06FEB2421300PE.NFO,2024-01-08,13:52:00,2024-02-06,0.05,0.05,0.05,0.05,0,0,1
FINNIFTY06FEB2421300PE.NFO,2024-01-08,13:53:00,2024-02-06,0.05,0.05,0.05,0.05,0,0,1
FINNIFTY06FEB2421300PE.NFO,2024-01-08,13:54:00,2024-02-06,0.05,0.05,0.05,0.05,0,0,1
FINNIFTY06FEB2421300PE.NFO,2024-01-08,13:55:00,2024-02-06,0.05,0.05,0.05,0.05,0,0,1
FINNIFTY06FEB2421300PE.NFO,2024-01-08,13:56:00,2024-02-06,0.05,0.05,0.05,0.05,0,0,1
FINNIFTY06FEB2421300PE.NFO,2024-01-08,13:57:00,2024-02-06,0.05,0.05,0.05,0.05,0,0,1
FINNIFTY06FEB2421300PE.NFO,2024-01-08,13:58:00,2024-02-06,0.05,0.05,0.05,0.05,0,0,1
FINNIFTY06FEB2421300PE.NFO,2024-01-08,13:59:00,2024-02-06,0.05,0.05,0.05,0.05,0,0,1
FINNIFTY06FEB2421300PE.NFO,2024-01-08,14:00:00,2024-02-06,0.05,0.05,0.05,0.05,0,0,1
FINNIFTY06FEB2421300PE.NFO,2024-01-08,14:01:00,2024-02-06,0.05,0.05,0.05,0.05,0,0,1
FINNIFTY06FEB2421300PE.NFO,2024-01-08,14:02:00,2024-02-06,0.05,0.05,0.05,0.05,0,0,1
FINNIFTY06FEB2421300PE.NFO,2024-01-08,14:03:00,2024-02-06,0.05,0.05,0.05,0.05,0,0,1
FINNIFTY06FEB2421300PE.NFO,2024-01-08,14:04:00,2024-02-06,0.05,0.05,0.05,0.05,0,0,1
FINNIFTY06FEB2421300PE.NFO,2024-01-08,14:05:00,2024-02-06,0.05,0.05,0.05,0.05,0,0,1
FINNIFTY06FEB2421300PE.NFO,2024-01-08,14:06:00,2024-02-06,0.05,0.05,0.05,0.05,0,0,1
FINNIFTY06FEB2421300PE.NFO,2024-01-08,14:07:00,2024-02-06,0.05,0.05,0.05,0.05,0,0,1
FINNIFTY06FEB2421300PE.NFO,2024-01-08,14:08:00,2024-02-06,0.05,0.05,0.05,0.05,0,0,1
FINNIFTY06FEB2421300PE.NFO,2024-01-08,14:09:00,2024-02-06,0.05,0.05,0.05,0.05,0,0,1
FINNIFTY06FEB2421300PE.NFO,2024-01-08,14:10:00,2024-02-06,0.05,0.05,0.05,0.05,0,0,1
FINNIFTY06FEB2421300PE.NFO,2024-01-08,14:11:00,2024-02-06,0.05,0.05,0.05,0.05,0,0,1
FINNIFTY06FEB2421300PE.NFO,2024-01-08,14:12:00,2024-02-06,0.05,0.05,0.05,0.05,0,0,1
FINNIFTY06FEB2421300PE.NFO,2024-01-08,14:13:00,2024-02-06,0.05,0.05,0.05,0.05,0,0,1
FINNIFTY06FEB2421300PE.NFO,2024-01-08,14:14:00,2024-02-06,0.05,0.05,0.05,0.05,0,0,1
FINNIFTY06FEB2421300PE.NFO,2024-01-08,14:15:00,2024-02-06,0.05,0.05,0.05,0.05,0,0,1
FINNIFTY06FEB2421300PE.NFO,2024-01-08,14:16:00,2024-02-06,0.05,0.05,0.05,0.05,0,0,1
FINNIFTY06FEB2421300PE.NFO,2024-01-08,14:17:00,2024-02-06,0.05,0.05,0.05,0.05,0,0,1
FINNIFTY06FEB2421300PE.NFO,2024-01-08,14:18:00,2024-02-06,0.05,0.05,0.05,0.05,0,0,1
FINNIFTY06FEB2421300PE.NFO,2024-01-08,14:19:00,2024-02-06,0.05,0.05,0.05,0.05,0,0,1
FINNIFTY06FEB2421300PE.NFO,2024-01-08,14:20:00,2024-02-06,0.05,0.05,0.05,0.05,0,0,1
FINNIFTY06FEB2421300PE.NFO,2024-01-08,14:21:00,2024-02-06,0.05,0.05,0.05,0.05,0,0,1
FINNIFTY06FEB2421300PE.NFO,2024-01-08,14:22:00,2024-02-06,0.05,0.05,0.05,0.05,0,0,1
FINNIFTY06FEB2421300PE.NFO,2024-01-08,14:23:00,2024-02-06,0.05,0.05,0.05,0.05,0,0,1
FINNIFTY06FEB2421300PE.NFO,2024-01-08,14:24:00,2024-02-06,0.05,0.05,0.05,0.05,0,0,1
FINNIFTY06FEB2421300PE.NFO,2024-01-08,14:25:00,2024-02-06,0.05,0.05,0.05,0.05,0,0,1
FINNIFTY06FEB2421300PE.NFO,2024-01-08,14:26:00,2024-02-06,0.05,0.05,0.05,0.05,0,0,1
FINNIFTY06FEB2421300PE.NFO,2024-01-08,14:27:00,2024-02-06,0.05,0.05,0.05,0.05,0,0,1
FINNIFTY06FEB2421300PE.NFO,2024-01-08,14:28:00,2024-02-06,0.05,0.05,0.05,0.05,0,0,1
FINNIFTY06FEB2421300PE.NFO,2024-01-08,14:29:00,2024-02-06,0.05,0.05,0.05,0.05,0,0,1
FINNIFTY06FEB2421300PE.NFO,2024-01-08,14:30:00,2024-02-06,0.05,0.05,0.05,0.05,0,0,1
FINNIFTY06FEB2421300PE.NFO,2024-01-08,14:31:00,2024-02-06,0.05,0.05,0.05,0.05,0,0,1
FINNIFTY06FEB2421300PE.NFO,2024-01-08,14:32:00,2024-02-06,0.05,0.05,0.05,0.05,0,0,1
FINNIFTY06FEB2421300PE.NFO,2024-01-08,14:33:00,2024-02-06,0.05,0.05,0.05,0.05,0,0,1
FINNIFTY06FEB2421300PE.NFO,2024-01-08,14:34:00,2024-02-06,0.05,0.05,0.05,0.05,0,0,1
FINNIFTY06FEB2421300PE.NFO,2024-01-08,14:35:00,2024-02-06,0.05,0.05,0.05,0.05,0,0,1
FINNIFTY06FEB2421300PE.NFO,2024-01-08,14:36:00,2024-02-06,0.05,0.05,0.05,0.05,0,0,1
FINNIFTY06FEB2421300PE.NFO,2024-01-08,14:37:00,2024-02-06,0.05,0.05,0.05,0.05,0,0,1
FINNIFTY06FEB2421300PE.NFO,2024-01-08,14:38:00,2024-02-06,0.05,0.05,0.05,0.05,0,0,1
FINNIFTY06FEB2421300PE.NFO,2024-01-08,14:39:00,2024-02-06,0.05,0.05,0.05,0.05,0,0,1
FINNIFTY06FEB2421300PE.NFO,2024-01-08,14:40:00,2024-02-06,0.05,0.05,0.05,0.05,0,0,1
FINNIFTY06FEB2421300PE.NFO,2024-01-08,14:41:00,2024-02-06,0.05,0.05,0.05,0.05,0,0,1
FINNIFTY06FEB2421300PE.NFO,2024-01-08,14:42:00,2024-02-06,0.05,0.05,0.05,0.05,0,0,1
FINNIFTY06FEB2421300PE.NFO,2024-01-08,14:43:00,2024-02-06,0.05,0.05,0.05,0.05,0,0,1
FINNIFTY06FEB2421300PE.NFO,2024-01-08,14:44:00,2024-02-06,0.05,0.05,0.05,0.05,0,0,1
FINNIFTY06FEB2421300PE.NFO,2024-01-08,14:45:00,2024-02-06,0.05,0.05,0.05,0.05,0,0,1
FINNIFTY06FEB2421300PE.NFO,2024-01-08,14:46:00,2024-02-06,0.05,0.05,0.05,0.05,0,0,1
FINNIFTY06FEB2421300PE.NFO,2024-01-08,14:47:00,2024-02-06,0.05,0.05,0.05,0.05,0,0,1
FINNIFTY06FEB2421300PE.NFO,2024-01-08,14:48:00,2024-02-06,0.05,0.05,0.05,0.05,0,0,1
FINNIFTY06FEB2421300PE.NFO,2024-01-08,14:49:00,2024-02-06,0.05,0.05,0.05,0.05,0,0,1
FINNIFTY06FEB2421300PE.NFO,2024-01-08,14:50:00,2024-02-06,0.05,0.05,0.05,0.05,0,0,1
FINNIFTY06FEB2421300PE.NFO,2024-01-08,14:51:00,2024-02-06,0.05,0.05,0.05,0.05,0,0,1
FINNIFTY06FEB2421300PE.NFO,2024-01-08,14:52:00,2024-02-06,0.05,0.05,0.05,0.05,0,0,1
FINNIFTY06FEB2421300PE.NFO,2024-01-08,14:53:00,2024-02-06,0.05,0.05,0.05,0.05,0,0,1
FINNIFTY06FEB2421300PE.NFO,2024-01-08,14:54:00,2024-02-06,0.05,0.05,0.05,0.05,0,0,1
FINNIFTY06FEB2421300PE.NFO,2024-01-08,14:55:00,2024-02-06,0.05,0.05,0.05,0.05,0,0,1
FINNIFTY06FEB2421300PE.NFO,2024-01-08,14:56:00,2024-02-06,0.05,0.05,0.05,0.05,0,0,1
FINNIFTY06FEB2421300PE.NFO,2024-01-08,14:57:00,2024-02-06,0.05,0.05,0.05,0.05,0,0,1
FINNIFTY06FEB2421300PE.NFO,2024-01-08,14:58:00,2024-02-06,0.05,0.05,0.05,0.05,0,0,1
FINNIFTY06FEB2421300PE.NFO,2024-01-08,14:59:00,2024-02-06,0.05,0.05,0.05,0.05,0,0,1
FINNIFTY06FEB2421300PE.NFO,2024-01-08,15:00:00,2024-02-06,0.05,0.05,0.05,0.05,0,0,1
FINNIFTY06FEB2421300PE.NFO,2024-01-08,15:01:00,2024-02-06,0.05,0.05,0.05,0.05,0,0,1
FINNIFTY06FEB2421300PE.NFO,2024-01-08,15:02:00,2024-02-06,0.05,0.05,0.05,0.05,0,0,1
FINNIFTY06FEB2421300PE.NFO,2024-01-08,15:03:00,2024-02-06,0.05,0.05,0.05,0.05,0,0,1
FINNIFTY06FEB2421300PE.NFO,2024-01-08,15:04:00,2024-02-06,0.05,0.05,0.05,0.05,0,0,1
FINNIFTY06FEB2421300PE.NFO,2024-01-08,15:05:00,2024-02-06,0.05,0.05,0.05,0.05,0,0,1
FINNIFTY06FEB2421300PE.NFO,2024-01-08,15:06:00,2024-02-06,0.05,0.05,0.05,0.05,0,0,1
FINNIFTY06FEB2421300PE.NFO,2024-01-08,15:07:00,2024-02-06,0.05,0.05,0.05,0.05,0,0,1
FINNIFTY06FEB2421300PE.NFO,2024-01-08,15:08:00,2024-02-06,0.05,0.05,0.05,0.05,0,0,1
FINNIFTY06FEB2421300PE.NFO,2024-01-08,15:09:00,2024-02-06,0.05,0.05,0.05,0.05,0,0,1
FINNIFTY06FEB2421300PE.NFO,2024-01-08,15:10:00,2024-02-06,0.05,0.05,0.05,0.05,0,0,1
FINNIFTY06FEB2421300PE.NFO,2024-01-08,15:11:00,2024-02-06,0.05,0.05,0.05,0.05,0,0,1
FINNIFTY06FEB2421300PE.NFO,2024-01-08,15:12:00,2024-02-06,0.05,0.05,0.05,0.05,0,0,1
FINNIFTY06FEB2421300PE.NFO,2024-01-08,15:13:00,2024-02-06,0.05,0.05,0.05,0.05,0,0,1
FINNIFTY06FEB2421300PE.NFO,2024-01-08,15:14:00,2024-02-06,0.05,0.05,0.05,0.05,0,0,1
FINNIFTY06FEB2421300PE.NFO,2024-01-08,15:15:00,2024-02-06,0.05,0.05,0.05,0.05,0,0,1
FINNIFTY06FEB2421300PE.NFO,2024-01-08,15:16:00,2024-02-06,0.05,0.05,0.05,0.05,0,0,1
FINNIFTY06FEB2421300PE.NFO,2024-01-08,15:17:00,2024-02-06,0.05,0.05,0.05,0.05,0,0,1
FINNIFTY06FEB2421300PE.NFO,2024-01-08,15:18:00,2024-02-06,0.05,0.05,0.05,0.05,0,0,1
FINNIFTY06FEB2421300PE.NFO,2024-01-08,15:19:00,2024-02-06,0.05,0.05,0.05,0.05,0,0,1
FINNIFTY06FEB2421300PE.NFO,2024-01-08,15:20:00,2024-02-06,0.05,0.05,0.05,0.05,0,0,1
FINNIFTY06FEB2421300PE.NFO,2024-01-08,15:21:00,2024-02-06,0.05,0.05,0.05,0.05,0,0,1
FINNIFTY06FEB2421300PE.NFO,2024-01-08,15:22:00,2024-02-06,0.05,0.05,0.05,0.05,0,0,1
FINNIFTY06FEB2421300PE.NFO,2024-01-08,15:23:00,2024-02-06,0.05,0.05,0.05,0.05,0,0,1
FINNIFTY06FEB2421300PE.NFO,2024-01-08,15:24:00,2024-02-06,0.05,0.05,0.05,0.05,0,0,1
FINNIFTY06FEB2421300PE.NFO,2024-01-08,15:25:00,2024-02-06,0.05,0.05,0.05,0.05,0,0,1
FINNIFTY06FEB2421300PE.NFO,2024-01-08,15:26:00,2024-02-06,0.05,0.05,0.05,0.05,0,0,1
FINNIFTY06FEB2421300PE.NFO,2024-01-08,15:27:00,2024-02-06,0.05,0.05,0.05,0.05,0,0,1
FINNIFTY06FEB2421300PE.NFO,2024-01-08,15:28:00,2024-02-06,0.05,0.05,0.05,0.05,0,0,1
FINNIFTY06FEB2421300PE.NFO,2024-01-08,15:29:00,2024-02-06,0.05,0.05,0.05,0.05,0,0,1
FINNIFTY06FEB2421300PE.NFO,2024-01-08,15:30:00,2024-02-06,0.05,0.05,0.05,0.05,0,0,1
FINNIFTY06FEB2421300PE.NFO,2024-01-09,09:15:00,2024-02-06,0.05,0.05,0.05,0.05,0,0,0
FINNIFTY06FEB2421300PE.NFO,2024-01-09,09:16:00,2024-02-06,0.05,0.05,0.05,0.05,0,0,1
FINNIFTY06FEB2421300PE.NFO,2024-01-09,09:17:00,2024-02-06,0.05,0.05,0.05,0.05,0,0,1
FINNIFTY06FEB2421300PE.NFO,2024-01-09,09:18:00,2024-02-06,0.05,0.05,0.05,0.05,0,0,1
FINNIFTY06FEB2421300PE.NFO,2024-01-09,09:19:00,2024-02-06,0.05,0.05,0.05,0.05,0,0,1
FINNIFTY06FEB2421300PE.NFO,2024-01-09,09:20:00,2024-02-06,0.05,0.05,0.05,0.05,0,0,1
FINNIFTY06FEB2421300PE.NFO,2024-01-09,09:21:00,2024-02-06,0.05,0.05,0.05,0.05,0,0,1
FINNIFTY06FEB2421300PE.NFO,2024-01-09,09:22:00,2024-02-06,0.05,0.05,0.05,0.05,0,0,1
FINNIFTY06FEB2421300PE.NFO,2024-01-09,09:23:00,2024-02-06,0.05,0.05,0.05,0.05,0,0,1
FINNIFTY06FEB2421300PE.NFO,2024-01-09,09:24:00,2024-02-06,0.05,0.05,0.05,0.05,0,0,1
FINNIFTY06FEB2421300PE.NFO,2024-01-09,09:25:00,2024-02-06,0.05,0.05,0.05,0.05,0,0,1
FINNIFTY06FEB2421300PE.NFO,2024-01-09,09:26:00,2024-02-06,0.05,0.05,0.05,0.05,0,0,1
FINNIFTY06FEB2421300PE.NFO,2024-01-09,09:27:00,2024-02-06,0.05,0.05,0.05,0.05,0,0,1
FINNIFTY06FEB2421300PE.NFO,2024-01-09,09:28:00,2024-02-06,0.05,0.05,0.05,0.05,0,0,1
FINNIFTY06FEB2421300PE.NFO,2024-01-09,09:29:00,2024-02-06,0.05,0.05,0.05,0.05,0,0,1
FINNIFTY06FEB2421300PE.NFO,2024-01-09,09:30:00,2024-02-06,0.05,0.05,0.05,0.05,0,0,1
FINNIFTY06FEB2421300PE.NFO,2024-01-09,09:31:00,2024-02-06,0.05,0.05,0.05,0.05,0,0,1
FINNIFTY06FEB2421300PE.NFO,2024-01-09,09:32:00,2024-02-06,0.05,0.05,0.05,0.05,0,0,1
FINNIFTY06FEB2421300PE.NFO,2024-01-09,09:33:00,2024-02-06,0.05,0.05,0.05,0.05,0,0,1
FINNIFTY06FEB2421300PE.NFO,2024-01-09,09:34:00,2024-02-06,0.05,0.05,0.05,0.05,0,0,1
FINNIFTY06FEB2421300PE.NFO,2024-01-09,09:35:00,2024-02-06,0.05,0.05,0.05,0.05,0,0,1
FINNIFTY06FEB2421300PE.NFO,2024-01-09,09:36:00,2024-02-06,0.05,0.05,0.05,0.05,0,0,1
FINNIFTY06FEB2421300PE.NFO,2024-01-09,09:37:00,2024-02-06,0.05,0.05,0.05,0.05,0,0,1
FINNIFTY06FEB2421300PE.NFO,2024-01-09,09:38:00,2024-02-06,0.05,0.05,0.05,0.05,0,0,1
FINNIFTY06FEB2421300PE.NFO,2024-01-09,09:39:00,2024-02-06,0.05,0.05,0.05,0.05,0,0,1
FINNIFTY06FEB2421300PE.NFO,2024-01-09,09:40:00,2024-02-06,0.05,0.05,0.05,0.05,0,0,1
FINNIFTY06FEB2421300PE.NFO,2024-01-09,09:41:00,2024-02-06,0.05,0.05,0.05,0.05,0,0,1
FINNIFTY06FEB2421300PE.NFO,2024-01-09,09:42:00,2024-02-06,0.05,0.05,0.05,0.05,0,0,1
FINNIFTY06FEB2421300PE.NFO,2024-01-09,09:43:00,2024-02-06,0.05,0.05,0.05,0.05,0,0,1
FINNIFTY06FEB2421300PE.NFO,2024-01-09,09:44:00,2024-02-06,0.05,0.05,0.05,0.05,0,0,1
FINNIFTY06FEB2421300PE.NFO,2024-01-09,09:45:00,2024-02-06,0.05,0.05,0.05,0.05,0,0,1
FINNIFTY06FEB2421300PE.NFO,2024-01-09,09:46:00,2024-02-06,0.05,0.05,0.05,0.05,0,0,1
FINNIFTY06FEB2421300PE.NFO,2024-01-09,09:47:00,2024-02-06,0.05,0.05,0.05,0.05,0,0,1
FINNIFTY06FEB2421300PE.NFO,2024-01-09,09:48:00,2024-02-06,0.05,0.05,0.05,0.05,0,0,1
FINNIFTY06FEB2421300PE.NFO,2024-01-09,09:49:00,2024-02-06,0.05,0.05,0.05,0.05,0,0,1
FINNIFTY06FEB2421300PE.NFO,2024-01-09,09:50:00,2024-02-06,0.05,0.05,0.05,0.05,0,0,1
FINNIFTY06FEB2421300PE.NFO,2024-01-09,09:51:00,2024-02-06,0.05,0.05,0.05,0.05,0,0,1
FINNIFTY06FEB2421300PE.NFO,2024-01-09,09:52:00,2024-02-06,0.05,0.05,0.05,0.05,0,0,1
FINNIFTY06FEB2421300PE.NFO,2024-01-09,09:53:00,2024-02-06,0.05,0.05,0.05,0.05,0,0,1
FINNIFTY06FEB2421300PE.NFO,2024-01-09,09:54:00,2024-02-06,0.05,0.05,0.05,0.05,0,0,1
FINNIFTY06FEB2421300PE.NFO,2024-01-09,09:55:00,2024-02-06,0.05,0.05,0.05,0.05,0,0,1
FINNIFTY06FEB2421300PE.NFO,2024-01-09,09:56:00,2024-02-06,0.05,0.05,0.05,0.05,0,0,1
FINNIFTY06FEB2421300PE.NFO,2024-01-09,09:57:00,2024-02-06,0.05,0.05,0.05,0.05,0,0,1
FINNIFTY06FEB2421300PE.NFO,2024-01-09,09:58:00,2024-02-06,0.05,0.05,0.05,0.05,0,0,1
FINNIFTY06FEB2421300PE.NFO,2024-01-09,09:59:00,2024-02-06,0.05,0.05,0.05,0.05,0,0,1
FINNIFTY06FEB2421300PE.NFO,2024-01-09,10:00:00,2024-02-06,0.05,0.05,0.05,0.05,0,0,1
FINNIFTY06FEB2421300PE.NFO,2024-01-09,10:01:00,2024-02-06,0.05,0.05,0.05,0.05,0,0,1
FINNIFTY06FEB2421300PE.NFO,2024-01-09,10:02:00,2024-02-06,0.05,0.05,0.05,0.05,0,0,1
FINNIFTY06FEB2421300PE.NFO,2024-01-09,10:03:00,2024-02-06,0.05,0.05,0.05,0.05,0,0,1
FINNIFTY06FEB2421300PE.NFO,2024-01-09,10:04:00,2024-02-06,0.05,0.05,0.05,0.05,0,0,1
FINNIFTY06FEB2421300PE.NFO,2024-01-09,10:05:00,2024-02-06,0.05,0.05,0.05,0.05,0,0,1
FINNIFTY06FEB2421300PE.NFO,2024-01-09,10:06:00,2024-02-06,0.05,0.05,0.05,0.05,0,0,1
FINNIFTY06FEB2421300PE.NFO,2024-01-09,10:07:00,2024-02-06,0.05,0.05,0.05,0.05,0,0,1
FINNIFTY06FEB2421300PE.NFO,2024-01-09,10:08:00,2024-02-06,0.05,0.05,0.05,0.05,0,0,1
FINNIFTY06FEB2421300PE.NFO,2024-01-09,10:09:00,2024-02-06,0.05,0.05,0.05,0.05,0,0,1
FINNIFTY06FEB2421300PE.NFO,2024-01-09,10:10:00,2024-02-06,0.05,0.05,0.05,0.05,0,0,1
FINNIFTY06FEB2421300PE.NFO,2024-01-09,10:11:00,2024-02-06,0.05,0.05,0.05,0.05,0,0,1
FINNIFTY06FEB2421300PE.NFO,2024-01-09,10:12:00,2024-02-06,0.05,0.05,0.05,0.05,0,0,1
FINNIFTY06FEB2421300PE.NFO,2024-01-09,10:13:00,2024-02-06,0.05,0.05,0.05,0.05,0,0,1
FINNIFTY06FEB2421300PE.NFO,2024-01-09,10:14:00,2024-02-06,0.05,0.05,0.05,0.05,0,0,1
FINNIFTY06FEB2421300PE.NFO,2024-01-09,10:15:00,2024-02-06,0.05,0.05,0.05,0.05,0,0,1
FINNIFTY06FEB2421300PE.NFO,2024-01-09,10:16:00,2024-02-06,0.05,0.05,0.05,0.05,0,0,1
FINNIFTY06FEB2421300PE.NFO,2024-01-09,10:17:00,2024-02-06,0.05,0.05,0.05,0.05,0,0,1
FINNIFTY06FEB2421300PE.NFO,2024-01-09,10:18:00,2024-02-06,0.05,0.05,0.05,0.05,0,0,1
FINNIFTY06FEB2421300PE.NFO,2024-01-09,10:19:00,2024-02-06,0.05,0.05,0.05,0.05,0,0,1
FINNIFTY06FEB2421300PE.NFO,2024-01-09,10:20:00,2024-02-06,0.05,0.05,0.05,0.05,0,0,1
FINNIFTY06FEB2421300PE.NFO,2024-01-09,10:21:00,2024-02-06,0.05,0.05,0.05,0.05,0,0,1
FINNIFTY06FEB2421300PE.NFO,2024-01-09,10:22:00,2024-02-06,0.05,0.05,0.05,0.05,0,0,1
FINNIFTY06FEB2421300PE.NFO,2024-01-09,10:23:00,2024-02-06,0.05,0.05,0.05,0.05,0,0,1
FINNIFTY06FEB2421300PE.NFO,2024-01-09,10:24:00,2024-02-06,0.05,0.05,0.05,0.05,0,0,1
FINNIFTY06FEB2421300PE.NFO,2024-01-09,10:25:00,2024-02-06,0.05,0.05,0.05,0.05,0,0,1
FINNIFTY06FEB2421300PE.NFO,2024-01-09,10:26:00,2024-02-06,0.05,0.05,0.05,0.05,0,0,1
FINNIFTY06FEB2421300PE.NFO,2024-01-09,10:27:00,2024-02-06,0.05,0.05,0.05,0.05,0,0,1
FINNIFTY06FEB2421300PE.NFO,2024-01-09,10:28:00,2024-02-06,0.05,0.05,0.05,0.05,0,0,1
FINNIFTY06FEB2421300PE.NFO,2024-01-09,10:29:00,2024-02-06,0.05,0.05,0.05,0.05,0,0,1
FINNIFTY06FEB2421300PE.NFO,2024-01-09,10:30:00,2024-02-06,0.05,0.05,0.05,0.05,0,0,1
FINNIFTY06FEB2421300PE.NFO,2024-01-09,10:31:00,2024-02-06,0.05,0.05,0.05,0.05,0,0,1
FINNIFTY06FEB2421300PE.NFO,2024-01-09,10:32:00,2024-02-06,0.05,0.05,0.05,0.05,0,0,1
FINNIFTY06FEB2421300PE.NFO,2024-01-09,10:33:00,2024-02-06,0.05,0.05,0.05,0.05,0,0,1
FINNIFTY06FEB2421300PE.NFO,2024-01-09,10:34:00,2024-02-06,0.05,0.05,0.05,0.05,0,0,1
FINNIFTY06FEB2421300PE.NFO,2024-01-09,10:35:00,2024-02-06,0.05,0.05,0.05,0.05,0,0,1
FINNIFTY06FEB2421300PE.NFO,2024-01-09,10:36:00,2024-02-06,0.05,0.05,0.05,0.05,0,0,1
FINNIFTY06FEB2421300PE.NFO,2024-01-09,10:37:00,2024-02-06,0.05,0.05,0.05,0.05,0,0,1
FINNIFTY06FEB2421300PE.NFO,2024-01-09,10:38:00,2024-02-06,0.05,0.05,0.05,0.05,0,0,1
FINNIFTY06FEB2421300PE.NFO,2024-01-09,10:39:00,2024-02-06,0.05,0.05,0.05,0.05,0,0,1
FINNIFTY06FEB2421300PE.NFO,2024-01-09,10:40:00,2024-02-06,0.05,0.05,0.05,0.05,0,0,1
FINNIFTY06FEB2421300PE.NFO,2024-01-09,10:41:00,2024-02-06,0.05,0.05,0.05,0.05,0,0,1
FINNIFTY06FEB2421300PE.NFO,2024-01-09,10:42:00,2024-02-06,0.05,0.05,0.05,0.05,0,0,1
FINNIFTY06FEB2421300PE.NFO,2024-01-09,10:43:00,2024-02-06,0.05,0.05,0.05,0.05,0,0,1
FINNIFTY06FEB2421300PE.NFO,2024-01-09,10:44:00,2024-02-06,0.05,0.05,0.05,0.05,0,0,1
FINNIFTY06FEB2421300PE.NFO,2024-01-09,10:45:00,2024-02-06,0.05,0.05,0.05,0.05,0,0,1
FINNIFTY06FEB2421300PE.NFO,2024-01-09,10:46:00,2024-02-06,0.05,0.05,0.05,0.05,0,0,1
FINNIFTY06FEB2421300PE.NFO,2024-01-09,10:47:00,2024-02-06,0.05,0.05,0.05,0.05,0,0,1
FINNIFTY06FEB2421300PE.NFO,2024-01-09,10:48:00,2024-02-06,0.05,0.05,0.05,0.05,0,0,1
FINNIFTY06FEB2421300PE.NFO,2024-01-09,10:49:00,2024-02-06,0.05,0.05,0.05,0.05,0,0,1
FINNIFTY06FEB2421300PE.NFO,2024-01-09,10:50:00,2024-02-06,0.05,0.05,0.05,0.05,0,0,1
FINNIFTY06FEB2421300PE.NFO,2024-01-09,10:51:00,2024-02-06,0.05,0.05,0.05,0.05,0,0,1
FINNIFTY06FEB2421300PE.NFO,2024-01-09,10:52:00,2024-02-06,0.05,0.05,0.05,0.05,0,0,1
FINNIFTY06FEB2421300PE.NFO,2024-01-09,10:53:00,2024-02-06,0.05,0.05,0.05,0.05,0,0,1
FINNIFTY06FEB2421300PE.NFO,2024-01-09,10:54:00,2024-02-06,0.05,0.05,0.05,0.05,0,0,1
FINNIFTY06FEB2421300PE.NFO,2024-01-09,10:55:00,2024-02-06,0.05,0.05,0.05,0.05,0,0,1
FINNIFTY06FEB2421300PE.NFO,2024-01-09,10:56:00,2024-02-06,0.05,0.05,0.05,0.05,0,0,1
FINNIFTY06FEB2421300PE.NFO,2024-01-09,10:57:00,2024-02-06,0.05,0.05,0.05,0.05,0,0,1
FINNIFTY06FEB2421300PE.NFO,2024-01-09,10:58:00,2024-02-06,0.05,0.05,0.05,0.05,0,0,1
FINNIFTY06FEB2421300PE.NFO,2024-01-09,10:59:00,2024-02-06,0.05,0.05,0.05,0.05,0,0,1
FINNIFTY06FEB2421300PE.NFO,2024-01-09,11:00:00,2024-02-06,0.05,0.05,0.05,0.05,0,0,1
FINNIFTY06FEB2421300PE.NFO,2024-01-09,11:01:00,2024-02-06,0.05,0.05,0.05,0.05,0,0,1
FINNIFTY06FEB2421300PE.NFO,2024-01-09,11:02:00,2024-02-06,0.05,0.05,0.05,0.05,0,0,1
FINNIFTY06FEB2421300PE.NFO,2024-01-09,11:03:00,2024-02-06,0.05,0.05,0.05,0.05,0,0,1
FINNIFTY06FEB2421300PE.NFO,2024-01-09,11:04:00,2024-02-06,0.05,0.05,0.05,0.05,0,0,1
FINNIFTY06FEB2421300PE.NFO,2024-01-09,11:05:00,2024-02-06,0.05,0.05,0.05,0.05,0,0,1
FINNIFTY06FEB2421300PE.NFO,2024-01-09,11:06:00,2024-02-06,0.05,0.05,0.05,0.05,0,0,1
FINNIFTY06FEB2421300PE.NFO,2024-01-09,11:07:00,2024-02-06,0.05,0.05,0.05,0.05,0,0,1
FINNIFTY06FEB2421300PE.NFO,2024-01-09,11:08:00,2024-02-06,0.05,0.05,0.05,0.05,0,0,1
FINNIFTY06FEB2421300PE.NFO,2024-01-09,11:09:00,2024-02-06,0.05,0.05,0.05,0.05,0,0,1
FINNIFTY06FEB2421300PE.NFO,2024-01-09,11:10:00,2024-02-06,0.05,0.05,0.05,0.05,0,0,1
FINNIFTY06FEB2421300PE.NFO,2024-01-09,11:11:00,2024-02-06,0.05,0.05,0.05,0.05,0,0,1
FINNIFTY06FEB2421300PE.NFO,2024-01-09,11:12:00,2024-02-06,0.05,0.05,0.05,0.05,0,0,1
FINNIFTY06FEB2421300PE.NFO,2024-01-09,11:13:00,2024-02-06,0.05,0.05,0.05,0.05,0,0,1
FINNIFTY06FEB2421300PE.NFO,2024-01-09,11:14:00,2024-02-06,0.05,0.05,0.05,0.05,0,0,1
FINNIFTY06FEB2421300PE.NFO,2024-01-09,11:15:00,2024-02-06,0.05,0.05,0.05,0.05,0,0,1
FINNIFTY06FEB2421300PE.NFO,2024-01-09,11:16:00,2024-02-06,0.05,0.05,0.05,0.05,0,0,1
FINNIFTY06FEB2421300PE.NFO,2024-01-09,11:17:00,2024-02-06,0.05,0.05,0.05,0.05,0,0,1
FINNIFTY06FEB2421300PE.NFO,2024-01-09,11:18:00,2024-02-06,0.05,0.05,0.05,0.05,0,0,1
FINNIFTY06FEB2421300PE.NFO,2024-01-09,11:19:00,2024-02-06,0.05,0.05,0.05,0.05,0,0,1
FINNIFTY06FEB2421300PE.NFO,2024-01-09,11:20:00,2024-02-06,0.05,0.05,0.05,0.05,0,0,1
FINNIFTY06FEB2421300PE.NFO,2024-01-09,11:21:00,2024-02-06,0.05,0.05,0.05,0.05,0,0,1
FINNIFTY06FEB2421300PE.NFO,2024-01-09,11:22:00,2024-02-06,0.05,0.05,0.05,0.05,0,0,1
FINNIFTY06FEB2421300PE.NFO,2024-01-09,11:23:00,2024-02-06,0.05,0.05,0.05,0.05,0,0,1
FINNIFTY06FEB2421300PE.NFO,2024-01-09,11:24:00,2024-02-06,0.05,0.05,0.05,0.05,0,0,1
FINNIFTY06FEB2421300PE.NFO,2024-01-09,11:25:00,2024-02-06,0.05,0.05,0.05,0.05,0,0,1
FINNIFTY06FEB2421300PE.NFO,2024-01-09,11:26:00,2024-02-06,0.05,0.05,0.05,0.05,0,0,1
FINNIFTY06FEB2421300PE.NFO,2024-01-09,11:27:00,2024-02-06,0.05,0.05,0.05,0.05,0,0,1
FINNIFTY06FEB2421300PE.NFO,2024-01-09,11:28:00,2024-02-06,0.05,0.05,0.05,0.05,0,0,1
FINNIFTY06FEB2421300PE.NFO,2024-01-09,11:29:00,2024-02-06,0.05,0.05,0.05,0.05,0,0,1
FINNIFTY06FEB2421300PE.NFO,2024-01-09,11:30:00,2024-02-06,0.05,0.05,0.05,0.05,0,0,1
FINNIFTY06FEB2421300PE.NFO,2024-01-09,11:31:00,2024-02-06,0.05,0.05,0.05,0.05,0,0,1
FINNIFTY06FEB2421300PE.NFO,2024-01-09,11:32:00,2024-02-06,0.05,0.05,0.05,0.05,0,0,1
FINNIFTY06FEB2421300PE.NFO,2024-01-09,11:33:00,2024-02-06,0.05,0.05,0.05,0.05,0,0,1
FINNIFTY06FEB2421300PE.NFO,2024-01-09,11:34:00,2024-02-06,0.05,0.05,0.05,0.05,0,0,1
FINNIFTY06FEB2421300PE.NFO,2024-01-09,11:35:00,2024-02-06,0.05,0.05,0.05,0.05,0,0,1
FINNIFTY06FEB2421300PE.NFO,2024-01-09,11:36:00,2024-02-06,0.05,0.05,0.05,0.05,0,0,1
FINNIFTY06FEB2421300PE.NFO,2024-01-09,11:37:00,2024-02-06,0.05,0.05,0.05,0.05,0,0,1
FINNIFTY06FEB2421300PE.NFO,2024-01-09,11:38:00,2024-02-06,0.05,0.05,0.05,0.05,0,0,1
FINNIFTY06FEB2421300PE.NFO,2024-01-09,11:39:00,2024-02-06,0.05,0.05,0.05,0.05,0,0,1
FINNIFTY06FEB2421300PE.NFO,2024-01-09,11:40:00,2024-02-06,0.05,0.05,0.05,0.05,0,0,1
FINNIFTY06FEB2421300PE.NFO,2024-01-09,11:41:00,2024-02-06,0.05,0.05,0.05,0.05,0,0,1
FINNIFTY06FEB2421300PE.NFO,2024-01-09,11:42:00,2024-02-06,0.05,0.05,0.05,0.05,0,0,1
FINNIFTY06FEB2421300PE.NFO,2024-01-09,11:43:00,2024-02-06,0.05,0.05,0.05,0.05,0,0,1
FINNIFTY06FEB2421300PE.NFO,2024-01-09,11:44:00,2024-02-06,0.05,0.05,0.05,0.05,0,0,1
FINNIFTY06FEB2421300PE.NFO,2024-01-09,11:45:00,2024-02-06,0.05,0.05,0.05,0.05,0,0,1
FINNIFTY06FEB2421300PE.NFO,2024-01-09,11:46:00,2024-02-06,0.05,0.05,0.05,0.05,0,0,1
FINNIFTY06FEB2421300PE.NFO,2024-01-09,11:47:00,2024-02-06,0.05,0.05,0.05,0.05,0,0,1
FINNIFTY06FEB2421300PE.NFO,2024-01-09,11:48:00,2024-02-06,0.05,0.05,0.05,0.05,0,0,1
FINNIFTY06FEB2421300PE.NFO,2024-01-09,11:49:00,2024-02-06,0.05,0.05,0.05,0.05,0,0,1
FINNIFTY06FEB2421300PE.NFO,2024-01-09,11:50:00,2024-02-06,0.05,0.05,0.05,0.05,0,0,1
FINNIFTY06FEB2421300PE.NFO,2024-01-09,11:51:00,2024-02-06,0.05,0.05,0.05,0.05,0,0,1
FINNIFTY06FEB2421300PE.NFO,2024-01-09,11:52:00,2024-02-06,0.05,0.05,0.05,0.05,0,0,1
FINNIFTY06FEB2421300PE.NFO,2024-01-09,11:53:00,2024-02-06,0.05,0.05,0.05,0.05,0,0,1
FINNIFTY06FEB2421300PE.NFO,2024-01-09,11:54:00,2024-02-06,0.05,0.05,0.05,0.05,0,0,1
FINNIFTY06FEB2421300PE.NFO,2024-01-09,11:55:00,2024-02-06,0.05,0.05,0.05,0.05,0,0,1
FINNIFTY06FEB2421300PE.NFO,2024-01-09,11:56:00,2024-02-06,0.05,0.05,0.05,0.05,0,0,1
FINNIFTY06FEB2421300PE.NFO,2024-01-09,11:57:00,2024-02-06,0.05,0.05,0.05,0.05,0,0,1
FINNIFTY06FEB2421300PE.NFO,2024-01-09,11:58:00,2024-02-06,0.05,0.05,0.05,0.05,0,0,1
FINNIFTY06FEB2421300PE.NFO,2024-01-09,11:59:00,2024-02-06,0.05,0.05,0.05,0.05,0,0,1
FINNIFTY06FEB2421300PE.NFO,2024-01-09,12:00:00,2024-02-06,0.05,0.05,0.05,0.05,0,0,1
FINNIFTY06FEB2421300PE.NFO,2024-01-09,12:01:00,2024-02-06,0.05,0.05,0.05,0.05,0,0,1
FINNIFTY06FEB2421300PE.NFO,2024-01-09,12:02:00,2024-02-06,0.05,0.05,0.05,0.05,0,0,1
FINNIFTY06FEB2421300PE.NFO,2024-01-09,12:03:00,2024-02-06,0.05,0.05,0.05,0.05,0,0,1
FINNIFTY06FEB2421300PE.NFO,2024-01-09,12:04:00,2024-02-06,0.05,0.05,0.05,0.05,0,0,1
FINNIFTY06FEB2421300PE.NFO,2024-01-09,12:05:00,2024-02-06,0.05,0.05,0.05,0.05,0,0,1
FINNIFTY06FEB2421300PE.NFO,2024-01-09,12:06:00,2024-02-06,0.05,0.05,0.05,0.05,0,0,1
FINNIFTY06FEB2421300PE.NFO,2024-01-09,12:07:00,2024-02-06,0.05,0.05,0.05,0.05,0,0,1
FINNIFTY06FEB2421300PE.NFO,2024-01-09,12:08:00,2024-02-06,0.05,0.05,0.05,0.05,0,0,1
FINNIFTY06FEB2421300PE.NFO,2024-01-09,12:09:00,2024-02-06,0.05,0.05,0.05,0.05,0,0,1
FINNIFTY06FEB2421300PE.NFO,2024-01-09,12:10:00,2024-02-06,0.05,0.05,0.05,0.05,0,0,1
FINNIFTY06FEB2421300PE.NFO,2024-01-09,12:11:00,2024-02-06,0.05,0.05,0.05,0.05,0,0,1
FINNIFTY06FEB2421300PE.NFO,2024-01-09,12:12:00,2024-02-06,0.05,0.05,0.05,0.05,0,0,1
FINNIFTY06FEB2421300PE.NFO,2024-01-09,12:13:00,2024-02-06,0.05,0.05,0.05,0.05,0,0,1
FINNIFTY06FEB2421300PE.NFO,2024-01-09,12:14:00,2024-02-06,0.05,0.05,0.05,0.05,0,0,1
FINNIFTY06FEB2421300PE.NFO,2024-01-09,12:15:00,2024-02-06,0.05,0.05,0.05,0.05,0,0,1
FINNIFTY06FEB2421300PE.NFO,2024-01-09,12:16:00,2024-02-06,0.05,0.05,0.05,0.05,0,0,1
FINNIFTY06FEB2421300PE.NFO,2024-01-09,12:17:00,2024-02-06,0.05,0.05,0.05,0.05,0,0,1
FINNIFTY06FEB2421300PE.NFO,2024-01-09,12:18:00,2024-02-06,0.05,0.05,0.05,0.05,0,0,1
FINNIFTY06FEB2421300PE.NFO,2024-01-09,12:19:00,2024-02-06,0.05,0.05,0.05,0.05,0,0,1
FINNIFTY06FEB2421300PE.NFO,2024-01-09,12:20:00,2024-02-06,0.05,0.05,0.05,0.05,0,0,1
FINNIFTY06FEB2421300PE.NFO,2024-01-09,12:21:00,2024-02-06,0.05,0.05,0.05,0.05,0,0,1
FINNIFTY06FEB2421300PE.NFO,2024-01-09,12:22:00,2024-02-06,0.05,0.05,0.05,0.05,0,0,1
FINNIFTY06FEB2421300PE.NFO,2024-01-09,12:23:00,2024-02-06,0.05,0.05,0.05,0.05,0,0,1
FINNIFTY06FEB2421300PE.NFO,2024-01-09,12:24:00,2024-02-06,0.05,0.05,0.05,0.05,0,0,1
FINNIFTY06FEB2421300PE.NFO,2024-01-09,12:25:00,2024-02-06,0.05,0.05,0.05,0.05,0,0,1
FINNIFTY06FEB2421300PE.NFO,2024-01-09,12:26:00,2024-02-06,0.05,0.05,0.05,0.05,0,0,1
FINNIFTY06FEB2421300PE.NFO,2024-01-09,12:27:00,2024-02-06,0.05,0.05,0.05,0.05,0,0,1
FINNIFTY06FEB2421300PE.NFO,2024-01-09,12:28:00,2024-02-06,0.05,0.05,0.05,0.05,0,0,1
FINNIFTY06FEB2421300PE.NFO,2024-01-09,12:29:00,2024-02-06,0.05,0.05,0.05,0.05,0,0,1
FINNIFTY06FEB2421300PE.NFO,2024-01-09,12:30:00,2024-02-06,0.05,0.05,0.05,0.05,0,0,1
FINNIFTY06FEB2421300PE.NFO,2024-01-09,12:31:00,2024-02-06,0.05,0.05,0.05,0.05,0,0,1
FINNIFTY06FEB2421300PE.NFO,2024-01-09,12:32:00,2024-02-06,0.05,0.05,0.05,0.05,0,0,1
FINNIFTY06FEB2421300PE.NFO,2024-01-09,12:33:00,2024-02-06,0.05,0.05,0.05,0.05,0,0,1
FINNIFTY06FEB2421300PE.NFO,2024-01-09,12:34:00,2024-02-06,0.05,0.05,0.05,0.05,0,0,1
FINNIFTY06FEB2421300PE.NFO,2024-01-09,12:35:00,2024-02-06,0.05,0.05,0.05,0.05,0,0,1
FINNIFTY06FEB2421300PE.NFO,2024-01-09,12:36:00,2024-02-06,0.05,0.05,0.05,0.05,0,0,1
FINNIFTY06FEB2421300PE.NFO,2024-01-09,12:37:00,2024-02-06,0.05,0.05,0.05,0.05,0,0,1
FINNIFTY06FEB2421300PE.NFO,2024-01-09,12:38:00,2024-02-06,0.05,0.05,0.05,0.05,0,0,1
FINNIFTY06FEB2421300PE.NFO,2024-01-09,12:39:00,2024-02-06,0.05,0.05,0.05,0.05,0,0,1
FINNIFTY06FEB2421300PE.NFO,2024-01-09,12:40:00,2024-02-06,0.05,0.05,0.05,0.05,0,0,1
FINNIFTY06FEB2421300PE.NFO,2024-01-09,12:41:00,2024-02-06,0.05,0.05,0.05,0.05,0,0,1
FINNIFTY06FEB2421300PE.NFO,2024-01-09,12:42:00,2024-02-06,0.05,0.05,0.05,0.05,0,0,1
FINNIFTY06FEB2421300PE.NFO,2024-01-09,12:43:00,2024-02-06,0.05,0.05,0.05,0.05,0,0,1
FINNIFTY06FEB2421300PE.NFO,2024-01-09,12:44:00,2024-02-06,0.05,0.05,0.05,0.05,0,0,1
FINNIFTY06FEB2421300PE.NFO,2024-01-09,12:45:00,2024-02-06,0.05,0.05,0.05,0.05,0,0,1
FINNIFTY06FEB2421300PE.NFO,2024-01-09,12:46:00,2024-02-06,0.05,0.05,0.05,0.05,0,0,1
FINNIFTY06FEB2421300PE.NFO,2024-01-09,12:47:00,2024-02-06,0.05,0.05,0.05,0.05,0,0,1
FINNIFTY06FEB2421300PE.NFO,2024-01-09,12:48:00,2024-02-06,0.05,0.05,0.05,0.05,0,0,1
FINNIFTY06FEB2421300PE.NFO,2024-01-09,12:49:00,2024-02-06,0.05,0.05,0.05,0.05,0,0,1
FINNIFTY06FEB2421300PE.NFO,2024-01-09,12:50:00,2024-02-06,0.05,0.05,0.05,0.05,0,0,1
FINNIFTY06FEB2421300PE.NFO,2024-01-09,12:51:00,2024-02-06,0.05,0.05,0.05,0.05,0,0,1
FINNIFTY06FEB2421300PE.NFO,2024-01-09,12:52:00,2024-02-06,0.05,0.05,0.05,0.05,0,0,1
FINNIFTY06FEB2421300PE.NFO,2024-01-09,12:53:00,2024-02-06,0.05,0.05,0.05,0.05,0,0,1
FINNIFTY06FEB2421300PE.NFO,2024-01-09,12:54:00,2024-02-06,0.05,0.05,0.05,0.05,0,0,1
FINNIFTY06FEB2421300PE.NFO,2024-01-09,12:55:00,2024-02-06,0.05,0.05,0.05,0.05,0,0,1
FINNIFTY06FEB2421300PE.NFO,2024-01-09,12:56:00,2024-02-06,0.05,0.05,0.05,0.05,0,0,1
FINNIFTY06FEB2421300PE.NFO,2024-01-09,12:57:00,2024-02-06,0.05,0.05,0.05,0.05,0,0,1
FINNIFTY06FEB2421300PE.NFO,2024-01-09,12:58:00,2024-02-06,0.05,0.05,0.05,0.05,0,0,1
FINNIFTY06FEB2421300PE.NFO,2024-01-09,12:59:00,2024-02-06,0.05,0.05,0.05,0.05,0,0,1
FINNIFTY06FEB2421300PE.NFO,2024-01-09,13:00:00,2024-02-06,0.05,0.05,0.05,0.05,0,0,1
FINNIFTY06FEB2421300PE.NFO,2024-01-09,13:01:00,2024-02-06,0.05,0.05,0.05,0.05,0,0,1
FINNIFTY06FEB2421300PE.NFO,2024-01-09,13:02:00,2024-02-06,0.05,0.05,0.05,0.05,0,0,1
FINNIFTY06FEB2421300PE.NFO,2024-01-09,13:03:00,2024-02-06,0.05,0.05,0.05,0.05,0,0,1
FINNIFTY06FEB2421300PE.NFO,2024-01-09,13:04:00,2024-02-06,0.05,0.05,0.05,0.05,0,0,1
FINNIFTY06FEB2421300PE.NFO,2024-01-09,13:05:00,2024-02-06,0.05,0.05,0.05,0.05,0,0,1
FINNIFTY06FEB2421300PE.NFO,2024-01-09,13:06:00,2024-02-06,0.05,0.05,0.05,0.05,0,0,1
FINNIFTY06FEB2421300PE.NFO,2024-01-09,13:07:00,2024-02-06,0.05,0.05,0.05,0.05,0,0,1
FINNIFTY06FEB2421300PE.NFO,2024-01-09,13:08:00,2024-02-06,0.05,0.05,0.05,0.05,0,0,1
FINNIFTY06FEB2421300PE.NFO,2024-01-09,13:09:00,2024-02-06,0.05,0.05,0.05,0.05,0,0,1
FINNIFTY06FEB2421300PE.NFO,2024-01-09,13:10:00,2024-02-06,0.05,0.05,0.05,0.05,0,0,1
FINNIFTY06FEB2421300PE.NFO,2024-01-09,13:11:00,2024-02-06,0.05,0.05,0.05,0.05,0,0,1
FINNIFTY06FEB2421300PE.NFO,2024-01-09,13:12:00,2024-02-06,0.05,0.05,0.05,0.05,0,0,1
FINNIFTY06FEB2421300PE.NFO,2024-01-09,13:13:00,2024-02-06,0.05,0.05,0.05,0.05,0,0,1
FINNIFTY06FEB2421300PE.NFO,2024-01-09,13:14:00,2024-02-06,0.05,0.05,0.05,0.05,0,0,1
FINNIFTY06FEB2421300PE.NFO,2024-01-09,13:15:00,2024-02-06,0.05,0.05,0.05,0.05,0,0,1
FINNIFTY06FEB2421300PE.NFO,2024-01-09,13:16:00,2024-02-06,0.05,0.05,0.05,0.05,0,0,1
FINNIFTY06FEB2421300PE.NFO,2024-01-09,13:17:00,2024-02-06,0.05,0.05,0.05,0.05,0,0,1
FINNIFTY06FEB2421300PE.NFO,2024-01-09,13:18:00,2024-02-06,0.05,0.05,0.05,0.05,0,0,1
FINNIFTY06FEB2421300PE.NFO,2024-01-09,13:19:00,2024-02-06,0.05,0.05,0.05,0.05,0,0,1
FINNIFTY06FEB2421300PE.NFO,2024-01-09,13:20:00,2024-02-06,0.05,0.05,0.05,0.05,0,0,1
FINNIFTY06FEB2421300PE.NFO,2024-01-09,13:21:00,2024-02-06,0.05,0.05,0.05,0.05,0,0,1
FINNIFTY06FEB2421300PE.NFO,2024-01-09,13:22:00,2024-02-06,0.05,0.05,0.05,0.05,0,0,1
FINNIFTY06FEB2421300PE.NFO,2024-01-09,13:23:00,2024-02-06,0.05,0.05,0.05,0.05,0,0,1
FINNIFTY06FEB2421300PE.NFO,2024-01-09,13:24:00,2024-02-06,0.05,0.05,0.05,0.05,0,0,1
FINNIFTY06FEB2421300PE.NFO,2024-01-09,13:25:00,2024-02-06,0.05,0.05,0.05,0.05,0,0,1
FINNIFTY06FEB2421300PE.NFO,2024-01-09,13:26:00,2024-02-06,0.05,0.05,0.05,0.05,0,0,1
FINNIFTY06FEB2421300PE.NFO,2024-01-09,13:27:00,2024-02-06,0.05,0.05,0.05,0.05,0,0,1
FINNIFTY06FEB2421300PE.NFO,2024-01-09,13:28:00,2024-02-06,0.05,0.05,0.05,0.05,0,0,1
FINNIFTY06FEB2421300PE.NFO,2024-01-09,13:29:00,2024-02-06,0.05,0.05,0.05,0.05,0,0,1
FINNIFTY06FEB2421300PE.NFO,2024-01-09,13:30:00,2024-02-06,0.05,0.05,0.05,0.05,0,0,1
FINNIFTY06FEB2421300PE.NFO,2024-01-09,13:31:00,2024-02-06,0.05,0.05,0.05,0.05,0,0,1
FINNIFTY06FEB2421300PE.NFO,2024-01-09,13:32:00,2024-02-06,0.05,0.05,0.05,0.05,0,0,1
FINNIFTY06FEB2421300PE.NFO,2024-01-09,13:33:00,2024-02-06,0.05,0.05,0.05,0.05,0,0,1
FINNIFTY06FEB2421300PE.NFO,2024-01-09,13:34:00,2024-02-06,0.05,0.05,0.05,0.05,0,0,1
FINNIFTY06FEB2421300PE.NFO,2024-01-09,13:35:00,2024-02-06,0.05,0.05,0.05,0.05,0,0,1
FINNIFTY06FEB2421300PE.NFO,2024-01-09,13:36:00,2024-02-06,0.05,0.05,0.05,0.05,0,0,1
FINNIFTY06FEB2421300PE.NFO,2024-01-09,13:37:00,2024-02-06,0.05,0.05,0.05,0.05,0,0,1
FINNIFTY06FEB2421300PE.NFO,2024-01-09,13:38:00,2024-02-06,0.05,0.05,0.05,0.05,0,0,1
FINNIFTY06FEB2421300PE.NFO,2024-01-09,13:39:00,2024-02-06,0.05,0.05,0.05,0.05,0,0,1
FINNIFTY06FEB2421300PE.NFO,2024-01-09,13:40:00,2024-02-06,0.05,0.05,0.05,0.05,0,0,1
FINNIFTY06FEB2421300PE.NFO,2024-01-09,13:41:00,2024-02-06,0.05,0.05,0.05,0.05,0,0,1
FINNIFTY06FEB2421300PE.NFO,2024-01-09,13:42:00,2024-02-06,0.05,0.05,0.05,0.05,0,0,1
FINNIFTY06FEB2421300PE.NFO,2024-01-09,13:43:00,2024-02-06,0.05,0.05,0.05,0.05,0,0,1
FINNIFTY06FEB2421300PE.NFO,2024-01-09,13:44:00,2024-02-06,0.05,0.05,0.05,0.05,0,0,1
FINNIFTY06FEB2421300PE.NFO,2024-01-09,13:45:00,2024-02-06,0.05,0.05,0.05,0.05,0,0,1
FINNIFTY06FEB2421300PE.NFO,2024-01-09,13:46:00,2024-02-06,0.05,0.05,0.05,0.05,0,0,1
FINNIFTY06FEB2421300PE.NFO,2024-01-09,13:47:00,2024-02-06,0.05,0.05,0.05,0.05,0,0,1
FINNIFTY06FEB2421300PE.NFO,2024-01-09,13:48:00,2024-02-06,0.05,0.05,0.05,0.05,0,0,1
FINNIFTY06FEB2421300PE.NFO,2024-01-09,13:49:00,2024-02-06,0.05,0.05,0.05,0.05,0,0,1
FINNIFTY06FEB2421300PE.NFO,2024-01-09,13:50:00,2024-02-06,0.05,0.05,0.05,0.05,0,0,1
FINNIFTY06FEB2421300PE.NFO,2024-01-09,13:51:00,2024-02-06,0.05,0.05,0.05,0.05,0,0,1
FINNIFTY06FEB2421300PE.NFO,2024-01-09,13:52:00,2024-02-06,0.05,0.05,0.05,0.05,0,0,1
FINNIFTY06FEB2421300PE.NFO,2024-01-09,13:53:00,2024-02-06,0.05,0.05,0.05,0.05,0,0,1
FINNIFTY06FEB2421300PE.NFO,2024-01-09,13:54:00,2024-02-06,0.05,0.05,0.05,0.05,0,0,1
FINNIFTY06FEB2421300PE.NFO,2024-01-09,13:55:00,2024-02-06,0.05,0.05,0.05,0.05,0,0,1
FINNIFTY06FEB2421300PE.NFO,2024-01-09,13:56:00,2024-02-06,0.05,0.05,0.05,0.05,0,0,1
FINNIFTY06FEB2421300PE.NFO,2024-01-09,13:57:00,2024-02-06,0.05,0.05,0.05,0.05,0,0,1
FINNIFTY06FEB2421300PE.NFO,2024-01-09,13:58:00,2024-02-06,0.05,0.05,0.05,0.05,0,0,1
FINNIFTY06FEB2421300PE.NFO,2024-01-09,13:59:00,2024-02-06,0.05,0.05,0.05,0.05,0,0,1
FINNIFTY06FEB2421300PE.NFO,2024-01-09,14:00:00,2024-02-06,0.05,0.05,0.05,0.05,0,0,1
FINNIFTY06FEB2421300PE.NFO,2024-01-09,14:01:00,2024-02-06,0.05,0.05,0.05,0.05,0,0,1
FINNIFTY06FEB2421300PE.NFO,2024-01-09,14:02:00,2024-02-06,0.05,0.05,0.05,0.05,0,0,1
FINNIFTY06FEB2421300PE.NFO,2024-01-09,14:03:00,2024-02-06,0.05,0.05,0.05,0.05,0,0,1
FINNIFTY06FEB2421300PE.NFO,2024-01-09,14:04:00,2024-02-06,0.05,0.05,0.05,0.05,0,0,1
FINNIFTY06FEB2421300PE.NFO,2024-01-09,14:05:00,2024-02-06,0.05,0.05,0.05,0.05,0,0,1
FINNIFTY06FEB2421300PE.NFO,2024-01-09,14:06:00,2024-02-06,0.05,0.05,0.05,0.05,0,0,1
FINNIFTY06FEB2421300PE.NFO,2024-01-09,14:07:00,2024-02-06,0.05,0.05,0.05,0.05,0,0,1
FINNIFTY06FEB2421300PE.NFO,2024-01-09,14:08:00,2024-02-06,0.05,0.05,0.05,0.05,0,0,1
FINNIFTY06FEB2421300PE.NFO,2024-01-09,14:09:00,2024-02-06,0.05,0.05,0.05,0.05,0,0,1
FINNIFTY06FEB2421300PE.NFO,2024-01-09,14:10:00,2024-02-06,0.05,0.05,0.05,0.05,0,0,1
FINNIFTY06FEB2421300PE.NFO,2024-01-09,14:11:00,2024-02-06,0.05,0.05,0.05,0.05,0,0,1
FINNIFTY06FEB2421300PE.NFO,2024-01-09,14:12:00,2024-02-06,0.05,0.05,0.05,0.05,0,0,1
FINNIFTY06FEB2421300PE.NFO,2024-01-09,14:13:00,2024-02-06,0.05,0.05,0.05,0.05,0,0,1
FINNIFTY06FEB2421300PE.NFO,2024-01-09,14:14:00,2024-02-06,0.05,0.05,0.05,0.05,0,0,1
FINNIFTY06FEB2421300PE.NFO,2024-01-09,14:15:00,2024-02-06,0.05,0.05,0.05,0.05,0,0,1
FINNIFTY06FEB2421300PE.NFO,2024-01-09,14:16:00,2024-02-06,0.05,0.05,0.05,0.05,0,0,1
FINNIFTY06FEB2421300PE.NFO,2024-01-09,14:17:00,2024-02-06,0.05,0.05,0.05,0.05,0,0,1
FINNIFTY06FEB2421300PE.NFO,2024-01-09,14:18:00,2024-02-06,0.05,0.05,0.05,0.05,0,0,1
FINNIFTY06FEB2421300PE.NFO,2024-01-09,14:19:00,2024-02-06,0.05,0.05,0.05,0.05,0,0,1
FINNIFTY06FEB2421300PE.NFO,2024-01-09,14:20:00,2024-02-06,0.05,0.05,0.05,0.05,0,0,1
FINNIFTY06FEB2421300PE.NFO,2024-01-09,14:21:00,2024-02-06,0.05,0.05,0.05,0.05,0,0,1
FINNIFTY06FEB2421300PE.NFO,2024-01-09,14:22:00,2024-02-06,0.05,0.05,0.05,0.05,0,0,1
FINNIFTY06FEB2421300PE.NFO,2024-01-09,14:23:00,2024-02-06,0.05,0.05,0.05,0.05,0,0,1
FINNIFTY06FEB2421300PE.NFO,2024-01-09,14:24:00,2024-02-06,0.05,0.05,0.05,0.05,0,0,1
FINNIFTY06FEB2421300PE.NFO,2024-01-09,14:25:00,2024-02-06,0.05,0.05,0.05,0.05,0,0,1
FINNIFTY06FEB2421300PE.NFO,2024-01-09,14:26:00,2024-02-06,0.05,0.05,0.05,0.05,0,0,1
FINNIFTY06FEB2421300PE.NFO,2024-01-09,14:27:00,2024-02-06,0.05,0.05,0.05,0.05,0,0,1
FINNIFTY06FEB2421300PE.NFO,2024-01-09,14:28:00,2024-02-06,0.05,0.05,0.05,0.05,0,0,1
FINNIFTY06FEB2421300PE.NFO,2024-01-09,14:29:00,2024-02-06,0.05,0.05,0.05,0.05,0,0,1
FINNIFTY06FEB2421300PE.NFO,2024-01-09,14:30:00,2024-02-06,0.05,0.05,0.05,0.05,0,0,1
FINNIFTY06FEB2421300PE.NFO,2024-01-09,14:31:00,2024-02-06,0.05,0.05,0.05,0.05,0,0,1
FINNIFTY06FEB2421300PE.NFO,2024-01-09,14:32:00,2024-02-06,0.05,0.05,0.05,0.05,0,0,1
FINNIFTY06FEB2421300PE.NFO,2024-01-09,14:33:00,2024-02-06,0.05,0.05,0.05,0.05,0,0,1
FINNIFTY06FEB2421300PE.NFO,2024-01-09,14:34:00,2024-02-06,0.05,0.05,0.05,0.05,0,0,1
FINNIFTY06FEB2421300PE.NFO,2024-01-09,14:35:00,2024-02-06,0.05,0.05,0.05,0.05,0,0,1
FINNIFTY06FEB2421300PE.NFO,2024-01-09,14:36:00,2024-02-06,0.05,0.05,0.05,0.05,0,0,1
FINNIFTY06FEB2421300PE.NFO,2024-01-09,14:37:00,2024-02-06,0.05,0.05,0.05,0.05,0,0,1
FINNIFTY06FEB2421300PE.NFO,2024-01-09,14:38:00,2024-02-06,0.05,0.05,0.05,0.05,0,0,1
FINNIFTY06FEB2421300PE.NFO,2024-01-09,14:39:00,2024-02-06,0.05,0.05,0.05,0.05,0,0,1
FINNIFTY06FEB2421300PE.NFO,2024-01-09,14:40:00,2024-02-06,0.05,0.05,0.05,0.05,0,0,1
FINNIFTY06FEB2421300PE.NFO,2024-01-09,14:41:00,2024-02-06,0.05,0.05,0.05,0.05,0,0,1
FINNIFTY06FEB2421300PE.NFO,2024-01-09,14:42:00,2024-02-06,0.05,0.05,0.05,0.05,0,0,1
FINNIFTY06FEB2421300PE.NFO,2024-01-09,14:43:00,2024-02-06,0.05,0.05,0.05,0.05,0,0,1
FINNIFTY06FEB2421300PE.NFO,2024-01-09,14:44:00,2024-02-06,0.05,0.05,0.05,0.05,0,0,1
FINNIFTY06FEB2421300PE.NFO,2024-01-09,14:45:00,2024-02-06,0.05,0.05,0.05,0.05,0,0,1
FINNIFTY06FEB2421300PE.NFO,2024-01-09,14:46:00,2024-02-06,0.05,0.05,0.05,0.05,0,0,1
FINNIFTY06FEB2421300PE.NFO,2024-01-09,14:47:00,2024-02-06,0.05,0.05,0.05,0.05,0,0,1
FINNIFTY06FEB2421300PE.NFO,2024-01-09,14:48:00,2024-02-06,0.05,0.05,0.05,0.05,0,0,1
FINNIFTY06FEB2421300PE.NFO,2024-01-09,14:49:00,2024-02-06,0.05,0.05,0.05,0.05,0,0,1
FINNIFTY06FEB2421300PE.NFO,2024-01-09,14:50:00,2024-02-06,0.05,0.05,0.05,0.05,0,0,1
FINNIFTY06FEB2421300PE.NFO,2024-01-09,14:51:00,2024-02-06,0.05,0.05,0.05,0.05,0,0,1
FINNIFTY06FEB2421300PE.NFO,2024-01-09,14:52:00,2024-02-06,0.05,0.05,0.05,0.05,0,0,1
FINNIFTY06FEB2421300PE.NFO,2024-01-09,14:53:00,2024-02-06,0.05,0.05,0.05,0.05,0,0,1
FINNIFTY06FEB2421300PE.NFO,2024-01-09,14:54:00,2024-02-06,0.05,0.05,0.05,0.05,0,0,1
FINNIFTY06FEB2421300PE.NFO,2024-01-09,14:55:00,2024-02-06,0.05,0.05,0.05,0.05,0,0,1
FINNIFTY06FEB2421300PE.NFO,2024-01-09,14:56:00,2024-02-06,0.05,0.05,0.05,0.05,0,0,1
FINNIFTY06FEB2421300PE.NFO,2024-01-09,14:57:00,2024-02-06,0.05,0.05,0.05,0.05,0,0,1
FINNIFTY06FEB2421300PE.NFO,2024-01-09,14:58:00,2024-02-06,0.05,0.05,0.05,0.05,0,0,1
FINNIFTY06FEB2421300PE.NFO,2024-01-09,14:59:00,2024-02-06,0.05,0.05,0.05,0.05,0,0,1
FINNIFTY06FEB2421300PE.NFO,2024-01-09,15:00:00,2024-02-06,0.05,0.05,0.05,0.05,0,0,1
FINNIFTY06FEB2421300PE.NFO,2024-01-09,15:01:00,2024-02-06,0.05,0.05,0.05,0.05,0,0,1
FINNIFTY06FEB2421300PE.NFO,2024-01-09,15:02:00,2024-02-06,0.05,0.05,0.05,0.05,0,0,1
FINNIFTY06FEB2421300PE.NFO,2024-01-09,15:03:00,2024-02-06,0.05,0.05,0.05,0.05,0,0,1
FINNIFTY06FEB2421300PE.NFO,2024-01-09,15:04:00,2024-02-06,0.05,0.05,0.05,0.05,0,0,1
FINNIFTY06FEB2421300PE.NFO,2024-01-09,15:05:00,2024-02-06,0.05,0.05,0.05,0.05,0,0,1
FINNIFTY06FEB2421300PE.NFO,2024-01-09,15:06:00,2024-02-06,0.05,0.05,0.05,0.05,0,0,1
FINNIFTY06FEB2421300PE.NFO,2024-01-09,15:07:00,2024-02-06,0.05,0.05,0.05,0.05,0,0,1
FINNIFTY06FEB2421300PE.NFO,2024-01-09,15:08:00,2024-02-06,0.05,0.05,0.05,0.05,0,0,1
FINNIFTY06FEB2421300PE.NFO,2024-01-09,15:09:00,2024-02-06,0.05,0.05,0.05,0.05,0,0,1
FINNIFTY06FEB2421300PE.NFO,2024-01-09,15:10:00,2024-02-06,0.05,0.05,0.05,0.05,0,0,1
FINNIFTY06FEB2421300PE.NFO,2024-01-09,15:11:00,2024-02-06,0.05,0.05,0.05,0.05,0,0,1
FINNIFTY06FEB2421300PE.NFO,2024-01-09,15:12:00,2024-02-06,0.05,0.05,0.05,0.05,0,0,1
FINNIFTY06FEB2421300PE.NFO,2024-01-09,15:13:00,2024-02-06,0.05,0.05,0.05,0.05,0,0,1
FINNIFTY06FEB2421300PE.NFO,2024-01-09,15:14:00,2024-02-06,0.05,0.05,0.05,0.05,0,0,1
FINNIFTY06FEB2421300PE.NFO,2024-01-09,15:15:00,2024-02-06,0.05,0.05,0.05,0.05,0,0,1
FINNIFTY06FEB2421300PE.NFO,2024-01-09,15:16:00,2024-02-06,0.05,0.05,0.05,0.05,0,0,1
FINNIFTY06FEB2421300PE.NFO,2024-01-09,15:17:00,2024-02-06,0.05,0.05,0.05,0.05,0,0,1
FINNIFTY06FEB2421300PE.NFO,2024-01-09,15:18:00,2024-02-06,0.05,0.05,0.05,0.05,0,0,1
FINNIFTY06FEB2421300PE.NFO,2024-01-09,15:19:00,2024-02-06,0.05,0.05,0.05,0.05,0,0,1
FINNIFTY06FEB2421300PE.NFO,2024-01-09,15:20:00,2024-02-06,0.05,0.05,0.05,0.05,0,0,1
FINNIFTY06FEB2421300PE.NFO,2024-01-09,15:21:00,2024-02-06,0.05,0.05,0.05,0.05,0,0,1
FINNIFTY06FEB2421300PE.NFO,2024-01-09,15:22:00,2024-02-06,0.05,0.05,0.05,0.05,0,0,1
FINNIFTY06FEB2421300PE.NFO,2024-01-09,15:23:00,2024-02-06,0.05,0.05,0.05,0.05,0,0,1
FINNIFTY06FEB2421300PE.NFO,2024-01-09,15:24:00,2024-02-06,0.05,0.05,0.05,0.05,0,0,1
FINNIFTY06FEB2421300PE.NFO,2024-01-09,15:25:00,2024-02-06,0.05,0.05,0.05,0.05,0,0,1
FINNIFTY06FEB2421300PE.NFO,2024-01-09,15:26:00,2024-02-06,0.05,0.05,0.05,0.05,0,0,1
FINNIFTY06FEB2421300PE.NFO,2024-01-09,15:27:00,2024-02-06,0.05,0.05,0.05,0.05,0,0,1
FINNIFTY06FEB2421300PE.NFO,2024-01-09,15:28:00,2024-02-06,0.05,0.05,0.05,0.05,0,0,1
FINNIFTY06FEB2421300PE.NFO,2024-01-09,15:29:00,2024-02-06,0.05,0.05,0.05,0.05,0,0,1
FINNIFTY06FEB2421300PE.NFO,2024-01-09,15:30:00,2024-02-06,0.05,0.05,0.05,0.05,0,0,1
FINNIFTY06FEB2421300PE.NFO,2024-01-10,09:15:00,2024-02-06,0.05,0.05,0.05,0.05,0,0,0
FINNIFTY06FEB2421300PE.NFO,2024-01-10,09:16:00,2024-02-06,0.05,0.05,0.05,0.05,0,0,1
FINNIFTY06FEB2421300PE.NFO,2024-01-10,09:17:00,2024-02-06,0.05,0.05,0.05,0.05,0,0,1
FINNIFTY06FEB2421300PE.NFO,2024-01-10,09:18:00,2024-02-06,0.05,0.05,0.05,0.05,0,0,1
FINNIFTY06FEB2421300PE.NFO,2024-01-10,09:19:00,2024-02-06,0.05,0.05,0.05,0.05,0,0,1
FINNIFTY06FEB2421300PE.NFO,2024-01-10,09:20:00,2024-02-06,0.05,0.05,0.05,0.05,0,0,1
FINNIFTY06FEB2421300PE.NFO,2024-01-10,09:21:00,2024-02-06,0.05,0.05,0.05,0.05,0,0,1
FINNIFTY06FEB2421300PE.NFO,2024-01-10,09:22:00,2024-02-06,0.05,0.05,0.05,0.05,0,0,1
FINNIFTY06FEB2421300PE.NFO,2024-01-10,09:23:00,2024-02-06,0.05,0.05,0.05,0.05,0,0,1
FINNIFTY06FEB2421300PE.NFO,2024-01-10,09:24:00,2024-02-06,0.05,0.05,0.05,0.05,0,0,1
FINNIFTY06FEB2421300PE.NFO,2024-01-10,09:25:00,2024-02-06,0.05,0.05,0.05,0.05,0,0,1
FINNIFTY06FEB2421300PE.NFO,2024-01-10,09:26:00,2024-02-06,0.05,0.05,0.05,0.05,0,0,1
FINNIFTY06FEB2421300PE.NFO,2024-01-10,09:27:00,2024-02-06,0.05,0.05,0.05,0.05,0,0,1
FINNIFTY06FEB2421300PE.NFO,2024-01-10,09:28:00,2024-02-06,0.05,0.05,0.05,0.05,0,0,1
FINNIFTY06FEB2421300PE.NFO,2024-01-10,09:29:00,2024-02-06,0.05,0.05,0.05,0.05,0,0,1
FINNIFTY06FEB2421300PE.NFO,2024-01-10,09:30:00,2024-02-06,0.05,0.05,0.05,0.05,0,0,1
FINNIFTY06FEB2421300PE.NFO,2024-01-10,09:31:00,2024-02-06,0.05,0.05,0.05,0.05,0,0,1
FINNIFTY06FEB2421300PE.NFO,2024-01-10,09:32:00,2024-02-06,0.05,0.05,0.05,0.05,0,0,1
FINNIFTY06FEB2421300PE.NFO,2024-01-10,09:33:00,2024-02-06,0.05,0.05,0.05,0.05,0,0,1
FINNIFTY06FEB2421300PE.NFO,2024-01-10,09:34:00,2024-02-06,0.05,0.05,0.05,0.05,0,0,1
FINNIFTY06FEB2421300PE.NFO,2024-01-10,09:35:00,2024-02-06,0.05,0.05,0.05,0.05,0,0,1
FINNIFTY06FEB2421300PE.NFO,2024-01-10,09:36:00,2024-02-06,0.05,0.05,0.05,0.05,0,0,1
FINNIFTY06FEB2421300PE.NFO,2024-01-10,09:37:00,2024-02-06,0.05,0.05,0.05,0.05,0,0,1
FINNIFTY06FEB2421300PE.NFO,2024-01-10,09:38:00,2024-02-06,0.05,0.05,0.05,0.05,0,0,1
FINNIFTY06FEB2421300PE.NFO,2024-01-10,09:39:00,2024-02-06,0.05,0.05,0.05,0.05,0,0,1
FINNIFTY06FEB2421300PE.NFO,2024-01-10,09:40:00,2024-02-06,0.05,0.05,0.05,0.05,0,0,1
FINNIFTY06FEB2421300PE.NFO,2024-01-10,09:41:00,2024-02-06,0.05,0.05,0.05,0.05,0,0,1
FINNIFTY06FEB2421300PE.NFO,2024-01-10,09:42:00,2024-02-06,0.05,0.05,0.05,0.05,0,0,1
FINNIFTY06FEB2421300PE.NFO,2024-01-10,09:43:00,2024-02-06,0.05,0.05,0.05,0.05,0,0,1
FINNIFTY06FEB2421300PE.NFO,2024-01-10,09:44:00,2024-02-06,0.05,0.05,0.05,0.05,0,0,1
FINNIFTY06FEB2421300PE.NFO,2024-01-10,09:45:00,2024-02-06,0.05,0.05,0.05,0.05,0,0,1
FINNIFTY06FEB2421300PE.NFO,2024-01-10,09:46:00,2024-02-06,0.05,0.05,0.05,0.05,0,0,1
FINNIFTY06FEB2421300PE.NFO,2024-01-10,09:47:00,2024-02-06,0.05,0.05,0.05,0.05,0,0,1
FINNIFTY06FEB2421300PE.NFO,2024-01-10,09:48:00,2024-02-06,0.05,0.05,0.05,0.05,0,0,1
FINNIFTY06FEB2421300PE.NFO,2024-01-10,09:49:00,2024-02-06,0.05,0.05,0.05,0.05,0,0,1
FINNIFTY06FEB2421300PE.NFO,2024-01-10,09:50:00,2024-02-06,0.05,0.05,0.05,0.05,0,0,1
FINNIFTY06FEB2421300PE.NFO,2024-01-10,09:51:00,2024-02-06,0.05,0.05,0.05,0.05,0,0,1
FINNIFTY06FEB2421300PE.NFO,2024-01-10,09:52:00,2024-02-06,0.05,0.05,0.05,0.05,0,0,1
FINNIFTY06FEB2421300PE.NFO,2024-01-10,09:53:00,2024-02-06,0.05,0.05,0.05,0.05,0,0,1
FINNIFTY06FEB2421300PE.NFO,2024-01-10,09:54:00,2024-02-06,0.05,0.05,0.05,0.05,0,0,1
FINNIFTY06FEB2421300PE.NFO,2024-01-10,09:55:00,2024-02-06,0.05,0.05,0.05,0.05,0,0,1
FINNIFTY06FEB2421300PE.NFO,2024-01-10,09:56:00,2024-02-06,0.05,0.05,0.05,0.05,0,0,1
FINNIFTY06FEB2421300PE.NFO,2024-01-10,09:57:00,2024-02-06,0.05,0.05,0.05,0.05,0,0,1
FINNIFTY06FEB2421300PE.NFO,2024-01-10,09:58:00,2024-02-06,0.05,0.05,0.05,0.05,0,0,1
FINNIFTY06FEB2421300PE.NFO,2024-01-10,09:59:00,2024-02-06,0.05,0.05,0.05,0.05,0,0,1
FINNIFTY06FEB2421300PE.NFO,2024-01-10,10:00:00,2024-02-06,0.05,0.05,0.05,0.05,0,0,1
FINNIFTY06FEB2421300PE.NFO,2024-01-10,10:01:00,2024-02-06,0.05,0.05,0.05,0.05,0,0,1
FINNIFTY06FEB2421300PE.NFO,2024-01-10,10:02:00,2024-02-06,0.05,0.05,0.05,0.05,0,0,1
FINNIFTY06FEB2421300PE.NFO,2024-01-10,10:03:00,2024-02-06,0.05,0.05,0.05,0.05,0,0,1
FINNIFTY06FEB2421300PE.NFO,2024-01-10,10:04:00,2024-02-06,0.05,0.05,0.05,0.05,0,0,1
FINNIFTY06FEB2421300PE.NFO,2024-01-10,10:05:00,2024-02-06,0.05,0.05,0.05,0.05,0,0,1
FINNIFTY06FEB2421300PE.NFO,2024-01-10,10:06:00,2024-02-06,0.05,0.05,0.05,0.05,0,0,1
FINNIFTY06FEB2421300PE.NFO,2024-01-10,10:07:00,2024-02-06,0.05,0.05,0.05,0.05,0,0,1
FINNIFTY06FEB2421300PE.NFO,2024-01-10,10:08:00,2024-02-06,0.05,0.05,0.05,0.05,0,0,1
FINNIFTY06FEB2421300PE.NFO,2024-01-10,10:09:00,2024-02-06,0.05,0.05,0.05,0.05,0,0,1
FINNIFTY06FEB2421300PE.NFO,2024-01-10,10:10:00,2024-02-06,0.05,0.05,0.05,0.05,0,0,1
FINNIFTY06FEB2421300PE.NFO,2024-01-10,10:11:00,2024-02-06,0.05,0.05,0.05,0.05,0,0,1
FINNIFTY06FEB2421300PE.NFO,2024-01-10,10:12:00,2024-02-06,0.05,0.05,0.05,0.05,0,0,1
FINNIFTY06FEB2421300PE.NFO,2024-01-10,10:13:00,2024-02-06,0.05,0.05,0.05,0.05,0,0,1
FINNIFTY06FEB2421300PE.NFO,2024-01-10,10:14:00,2024-02-06,0.05,0.05,0.05,0.05,0,0,1
FINNIFTY06FEB2421300PE.NFO,2024-01-10,10:15:00,2024-02-06,0.05,0.05,0.05,0.05,0,0,1
FINNIFTY06FEB2421300PE.NFO,2024-01-10,10:16:00,2024-02-06,0.05,0.05,0.05,0.05,0,0,1
FINNIFTY06FEB2421300PE.NFO,2024-01-10,10:17:00,2024-02-06,0.05,0.05,0.05,0.05,0,0,1
FINNIFTY06FEB2421300PE.NFO,2024-01-10,10:18:00,2024-02-06,0.05,0.05,0.05,0.05,0,0,1
FINNIFTY06FEB2421300PE.NFO,2024-01-10,10:19:00,2024-02-06,0.05,0.05,0.05,0.05,0,0,1
FINNIFTY06FEB2421300PE.NFO,2024-01-10,10:20:00,2024-02-06,0.05,0.05,0.05,0.05,0,0,1
FINNIFTY06FEB2421300PE.NFO,2024-01-10,10:21:00,2024-02-06,0.05,0.05,0.05,0.05,0,0,1
FINNIFTY06FEB2421300PE.NFO,2024-01-10,10:22:00,2024-02-06,0.05,0.05,0.05,0.05,0,0,1
FINNIFTY06FEB2421300PE.NFO,2024-01-10,10:23:00,2024-02-06,0.05,0.05,0.05,0.05,0,0,1
FINNIFTY06FEB2421300PE.NFO,2024-01-10,10:24:00,2024-02-06,0.05,0.05,0.05,0.05,0,0,1
FINNIFTY06FEB2421300PE.NFO,2024-01-10,10:25:00,2024-02-06,0.05,0.05,0.05,0.05,0,0,1
FINNIFTY06FEB2421300PE.NFO,2024-01-10,10:26:00,2024-02-06,0.05,0.05,0.05,0.05,0,0,1
FINNIFTY06FEB2421300PE.NFO,2024-01-10,10:27:00,2024-02-06,0.05,0.05,0.05,0.05,0,0,1
FINNIFTY06FEB2421300PE.NFO,2024-01-10,10:28:00,2024-02-06,0.05,0.05,0.05,0.05,0,0,1
FINNIFTY06FEB2421300PE.NFO,2024-01-10,10:29:00,2024-02-06,0.05,0.05,0.05,0.05,0,0,1
FINNIFTY06FEB2421300PE.NFO,2024-01-10,10:30:00,2024-02-06,0.05,0.05,0.05,0.05,0,0,1
FINNIFTY06FEB2421300PE.NFO,2024-01-10,10:31:00,2024-02-06,0.05,0.05,0.05,0.05,0,0,1
FINNIFTY06FEB2421300PE.NFO,2024-01-10,10:32:00,2024-02-06,0.05,0.05,0.05,0.05,0,0,1
FINNIFTY06FEB2421300PE.NFO,2024-01-10,10:33:00,2024-02-06,0.05,0.05,0.05,0.05,0,0,1
FINNIFTY06FEB2421300PE.NFO,2024-01-10,10:34:00,2024-02-06,0.05,0.05,0.05,0.05,0,0,1
FINNIFTY06FEB2421300PE.NFO,2024-01-10,10:35:00,2024-02-06,0.05,0.05,0.05,0.05,0,0,1
FINNIFTY06FEB2421300PE.NFO,2024-01-10,10:36:00,2024-02-06,0.05,0.05,0.05,0.05,0,0,1
FINNIFTY06FEB2421300PE.NFO,2024-01-10,10:37:00,2024-02-06,0.05,0.05,0.05,0.05,0,0,1
FINNIFTY06FEB2421300PE.NFO,2024-01-10,10:38:00,2024-02-06,0.05,0.05,0.05,0.05,0,0,1
FINNIFTY06FEB2421300PE.NFO,2024-01-10,10:39:00,2024-02-06,0.05,0.05,0.05,0.05,0,0,1
FINNIFTY06FEB2421300PE.NFO,2024-01-10,10:40:00,2024-02-06,0.05,0.05,0.05,0.05,0,0,1
FINNIFTY06FEB2421300PE.NFO,2024-01-10,10:41:00,2024-02-06,0.05,0.05,0.05,0.05,0,0,1
FINNIFTY06FEB2421300PE.NFO,2024-01-10,10:42:00,2024-02-06,0.05,0.05,0.05,0.05,0,0,1
FINNIFTY06FEB2421300PE.NFO,2024-01-10,10:43:00,2024-02-06,0.05,0.05,0.05,0.05,0,0,1
FINNIFTY06FEB2421300PE.NFO,2024-01-10,10:44:00,2024-02-06,0.05,0.05,0.05,0.05,0,0,1
FINNIFTY06FEB2421300PE.NFO,2024-01-10,10:45:00,2024-02-06,0.05,0.05,0.05,0.05,0,0,1
FINNIFTY06FEB2421300PE.NFO,2024-01-10,10:46:00,2024-02-06,0.05,0.05,0.05,0.05,0,0,1
FINNIFTY06FEB2421300PE.NFO,2024-01-10,10:47:00,2024-02-06,0.05,0.05,0.05,0.05,0,0,1
FINNIFTY06FEB2421300PE.NFO,2024-01-10,10:48:00,2024-02-06,0.05,0.05,0.05,0.05,0,0,1
FINNIFTY06FEB2421300PE.NFO,2024-01-10,10:49:00,2024-02-06,0.05,0.05,0.05,0.05,0,0,1
FINNIFTY06FEB2421300PE.NFO,2024-01-10,10:50:00,2024-02-06,0.05,0.05,0.05,0.05,0,0,1
FINNIFTY06FEB2421300PE.NFO,2024-01-10,10:51:00,2024-02-06,0.05,0.05,0.05,0.05,0,0,1
FINNIFTY06FEB2421300PE.NFO,2024-01-10,10:52:00,2024-02-06,0.05,0.05,0.05,0.05,0,0,1
FINNIFTY06FEB2421300PE.NFO,2024-01-10,10:53:00,2024-02-06,0.05,0.05,0.05,0.05,0,0,1
FINNIFTY06FEB2421300PE.NFO,2024-01-10,10:54:00,2024-02-06,0.05,0.05,0.05,0.05,0,0,1
FINNIFTY06FEB2421300PE.NFO,2024-01-10,10:55:00,2024-02-06,0.05,0.05,0.05,0.05,0,0,1
FINNIFTY06FEB2421300PE.NFO,2024-01-10,10:56:00,2024-02-06,0.05,0.05,0.05,0.05,0,0,1
FINNIFTY06FEB2421300PE.NFO,2024-01-10,10:57:00,2024-02-06,0.05,0.05,0.05,0.05,0,0,1
FINNIFTY06FEB2421300PE.NFO,2024-01-10,10:58:00,2024-02-06,0.05,0.05,0.05,0.05,0,0,1
FINNIFTY06FEB2421300PE.NFO,2024-01-10,10:59:00,2024-02-06,0.05,0.05,0.05,0.05,0,0,1
FINNIFTY06FEB2421300PE.NFO,2024-01-10,11:00:00,2024-02-06,0.05,0.05,0.05,0.05,0,0,1
FINNIFTY06FEB2421300PE.NFO,2024-01-10,11:01:00,2024-02-06,0.05,0.05,0.05,0.05,0,0,1
FINNIFTY06FEB2421300PE.NFO,2024-01-10,11:02:00,2024-02-06,0.05,0.05,0.05,0.05,0,0,1
FINNIFTY06FEB2421300PE.NFO,2024-01-10,11:03:00,2024-02-06,0.05,0.05,0.05,0.05,0,0,1
FINNIFTY06FEB2421300PE.NFO,2024-01-10,11:04:00,2024-02-06,0.05,0.05,0.05,0.05,0,0,1
FINNIFTY06FEB2421300PE.NFO,2024-01-10,11:05:00,2024-02-06,0.05,0.05,0.05,0.05,0,0,1
FINNIFTY06FEB2421300PE.NFO,2024-01-10,11:06:00,2024-02-06,0.05,0.05,0.05,0.05,0,0,1
FINNIFTY06FEB2421300PE.NFO,2024-01-10,11:07:00,2024-02-06,0.05,0.05,0.05,0.05,0,0,1
FINNIFTY06FEB2421300PE.NFO,2024-01-10,11:08:00,2024-02-06,0.05,0.05,0.05,0.05,0,0,1
FINNIFTY06FEB2421300PE.NFO,2024-01-10,11:09:00,2024-02-06,0.05,0.05,0.05,0.05,0,0,1
FINNIFTY06FEB2421300PE.NFO,2024-01-10,11:10:00,2024-02-06,0.05,0.05,0.05,0.05,0,0,1
FINNIFTY06FEB2421300PE.NFO,2024-01-10,11:11:00,2024-02-06,0.05,0.05,0.05,0.05,0,0,1
FINNIFTY06FEB2421300PE.NFO,2024-01-10,11:12:00,2024-02-06,0.05,0.05,0.05,0.05,0,0,1
FINNIFTY06FEB2421300PE.NFO,2024-01-10,11:13:00,2024-02-06,0.05,0.05,0.05,0.05,0,0,1
FINNIFTY06FEB2421300PE.NFO,2024-01-10,11:14:00,2024-02-06,0.05,0.05,0.05,0.05,0,0,1
FINNIFTY06FEB2421300PE.NFO,2024-01-10,11:15:00,2024-02-06,0.05,0.05,0.05,0.05,0,0,1
FINNIFTY06FEB2421300PE.NFO,2024-01-10,11:16:00,2024-02-06,0.05,0.05,0.05,0.05,0,0,1
FINNIFTY06FEB2421300PE.NFO,2024-01-10,11:17:00,2024-02-06,0.05,0.05,0.05,0.05,0,0,1
FINNIFTY06FEB2421300PE.NFO,2024-01-10,11:18:00,2024-02-06,0.05,0.05,0.05,0.05,0,0,1
FINNIFTY06FEB2421300PE.NFO,2024-01-10,11:19:00,2024-02-06,0.05,0.05,0.05,0.05,0,0,1
FINNIFTY06FEB2421300PE.NFO,2024-01-10,11:20:00,2024-02-06,0.05,0.05,0.05,0.05,0,0,1
FINNIFTY06FEB2421300PE.NFO,2024-01-10,11:21:00,2024-02-06,0.05,0.05,0.05,0.05,0,0,1
FINNIFTY06FEB2421300PE.NFO,2024-01-10,11:22:00,2024-02-06,0.05,0.05,0.05,0.05,0,0,1
FINNIFTY06FEB2421300PE.NFO,2024-01-10,11:23:00,2024-02-06,0.05,0.05,0.05,0.05,0,0,1
FINNIFTY06FEB2421300PE.NFO,2024-01-10,11:24:00,2024-02-06,0.05,0.05,0.05,0.05,0,0,1
FINNIFTY06FEB2421300PE.NFO,2024-01-10,11:25:00,2024-02-06,0.05,0.05,0.05,0.05,0,0,1
FINNIFTY06FEB2421300PE.NFO,2024-01-10,11:26:00,2024-02-06,0.05,0.05,0.05,0.05,0,0,1
FINNIFTY06FEB2421300PE.NFO,2024-01-10,11:27:00,2024-02-06,0.05,0.05,0.05,0.05,0,0,1
FINNIFTY06FEB2421300PE.NFO,2024-01-10,11:28:00,2024-02-06,0.05,0.05,0.05,0.05,0,0,1
FINNIFTY06FEB2421300PE.NFO,2024-01-10,11:29:00,2024-02-06,0.05,0.05,0.05,0.05,0,0,1
FINNIFTY06FEB2421300PE.NFO,2024-01-10,11:30:00,2024-02-06,0.05,0.05,0.05,0.05,0,0,1
FINNIFTY06FEB2421300PE.NFO,2024-01-10,11:31:00,2024-02-06,0.05,0.05,0.05,0.05,0,0,1
FINNIFTY06FEB2421300PE.NFO,2024-01-10,11:32:00,2024-02-06,0.05,0.05,0.05,0.05,0,0,1
FINNIFTY06FEB2421300PE.NFO,2024-01-10,11:33:00,2024-02-06,0.05,0.05,0.05,0.05,0,0,1
FINNIFTY06FEB2421300PE.NFO,2024-01-10,11:34:00,2024-02-06,0.05,0.05,0.05,0.05,0,0,1
FINNIFTY06FEB2421300PE.NFO,2024-01-10,11:35:00,2024-02-06,0.05,0.05,0.05,0.05,0,0,1
FINNIFTY06FEB2421300PE.NFO,2024-01-10,11:36:00,2024-02-06,0.05,0.05,0.05,0.05,0,0,1
FINNIFTY06FEB2421300PE.NFO,2024-01-10,11:37:00,2024-02-06,0.05,0.05,0.05,0.05,0,0,1
FINNIFTY06FEB2421300PE.NFO,2024-01-10,11:38:00,2024-02-06,0.05,0.05,0.05,0.05,0,0,1
FINNIFTY06FEB2421300PE.NFO,2024-01-10,11:39:00,2024-02-06,0.05,0.05,0.05,0.05,0,0,1
FINNIFTY06FEB2421300PE.NFO,2024-01-10,11:40:00,2024-02-06,0.05,0.05,0.05,0.05,0,0,1
FINNIFTY06FEB2421300PE.NFO,2024-01-10,11:41:00,2024-02-06,0.05,0.05,0.05,0.05,0,0,1
FINNIFTY06FEB2421300PE.NFO,2024-01-10,11:42:00,2024-02-06,0.05,0.05,0.05,0.05,0,0,1
FINNIFTY06FEB2421300PE.NFO,2024-01-10,11:43:00,2024-02-06,0.05,0.05,0.05,0.05,0,0,1
FINNIFTY06FEB2421300PE.NFO,2024-01-10,11:44:00,2024-02-06,0.05,0.05,0.05,0.05,0,0,1
FINNIFTY06FEB2421300PE.NFO,2024-01-10,11:45:00,2024-02-06,0.05,0.05,0.05,0.05,0,0,1
FINNIFTY06FEB2421300PE.NFO,2024-01-10,11:46:00,2024-02-06,0.05,0.05,0.05,0.05,0,0,1
FINNIFTY06FEB2421300PE.NFO,2024-01-10,11:47:00,2024-02-06,0.05,0.05,0.05,0.05,0,0,1
FINNIFTY06FEB2421300PE.NFO,2024-01-10,11:48:00,2024-02-06,0.05,0.05,0.05,0.05,0,0,1
FINNIFTY06FEB2421300PE.NFO,2024-01-10,11:49:00,2024-02-06,0.05,0.05,0.05,0.05,0,0,1
FINNIFTY06FEB2421300PE.NFO,2024-01-10,11:50:00,2024-02-06,0.05,0.05,0.05,0.05,0,0,1
FINNIFTY06FEB2421300PE.NFO,2024-01-10,11:51:00,2024-02-06,0.05,0.05,0.05,0.05,0,0,1
FINNIFTY06FEB2421300PE.NFO,2024-01-10,11:52:00,2024-02-06,0.05,0.05,0.05,0.05,0,0,1
FINNIFTY06FEB2421300PE.NFO,2024-01-10,11:53:00,2024-02-06,0.05,0.05,0.05,0.05,0,0,1
FINNIFTY06FEB2421300PE.NFO,2024-01-10,11:54:00,2024-02-06,0.05,0.05,0.05,0.05,0,0,1
FINNIFTY06FEB2421300PE.NFO,2024-01-10,11:55:00,2024-02-06,0.05,0.05,0.05,0.05,0,0,1
FINNIFTY06FEB2421300PE.NFO,2024-01-10,11:56:00,2024-02-06,0.05,0.05,0.05,0.05,0,0,1
FINNIFTY06FEB2421300PE.NFO,2024-01-10,11:57:00,2024-02-06,0.05,0.05,0.05,0.05,0,0,1
FINNIFTY06FEB2421300PE.NFO,2024-01-10,11:58:00,2024-02-06,0.05,0.05,0.05,0.05,0,0,1
FINNIFTY06FEB2421300PE.NFO,2024-01-10,11:59:00,2024-02-06,0.05,0.05,0.05,0.05,0,0,1
FINNIFTY06FEB2421300PE.NFO,2024-01-10,12:00:00,2024-02-06,0.05,0.05,0.05,0.05,0,0,1
FINNIFTY06FEB2421300PE.NFO,2024-01-10,12:01:00,2024-02-06,0.05,0.05,0.05,0.05,0,0,1
FINNIFTY06FEB2421300PE.NFO,2024-01-10,12:02:00,2024-02-06,0.05,0.05,0.05,0.05,0,0,1
FINNIFTY06FEB2421300PE.NFO,2024-01-10,12:03:00,2024-02-06,0.05,0.05,0.05,0.05,0,0,1
FINNIFTY06FEB2421300PE.NFO,2024-01-10,12:04:00,2024-02-06,0.05,0.05,0.05,0.05,0,0,1
FINNIFTY06FEB2421300PE.NFO,2024-01-10,12:05:00,2024-02-06,0.05,0.05,0.05,0.05,0,0,1
FINNIFTY06FEB2421300PE.NFO,2024-01-10,12:06:00,2024-02-06,0.05,0.05,0.05,0.05,0,0,1
FINNIFTY06FEB2421300PE.NFO,2024-01-10,12:07:00,2024-02-06,0.05,0.05,0.05,0.05,0,0,1
FINNIFTY06FEB2421300PE.NFO,2024-01-10,12:08:00,2024-02-06,0.05,0.05,0.05,0.05,0,0,1
FINNIFTY06FEB2421300PE.NFO,2024-01-10,12:09:00,2024-02-06,0.05,0.05,0.05,0.05,0,0,1
FINNIFTY06FEB2421300PE.NFO,2024-01-10,12:10:00,2024-02-06,0.05,0.05,0.05,0.05,0,0,1
FINNIFTY06FEB2421300PE.NFO,2024-01-10,12:11:00,2024-02-06,0.05,0.05,0.05,0.05,0,0,1
FINNIFTY06FEB2421300PE.NFO,2024-01-10,12:12:00,2024-02-06,0.05,0.05,0.05,0.05,0,0,1
FINNIFTY06FEB2421300PE.NFO,2024-01-10,12:13:00,2024-02-06,0.05,0.05,0.05,0.05,0,0,1
FINNIFTY06FEB2421300PE.NFO,2024-01-10,12:14:00,2024-02-06,0.05,0.05,0.05,0.05,0,0,1
FINNIFTY06FEB2421300PE.NFO,2024-01-10,12:15:00,2024-02-06,0.05,0.05,0.05,0.05,0,0,1
FINNIFTY06FEB2421300PE.NFO,2024-01-10,12:16:00,2024-02-06,0.05,0.05,0.05,0.05,0,0,1
FINNIFTY06FEB2421300PE.NFO,2024-01-10,12:17:00,2024-02-06,0.05,0.05,0.05,0.05,0,0,1
FINNIFTY06FEB2421300PE.NFO,2024-01-10,12:18:00,2024-02-06,0.05,0.05,0.05,0.05,0,0,1
FINNIFTY06FEB2421300PE.NFO,2024-01-10,12:19:00,2024-02-06,0.05,0.05,0.05,0.05,0,0,1
FINNIFTY06FEB2421300PE.NFO,2024-01-10,12:20:00,2024-02-06,0.05,0.05,0.05,0.05,0,0,1
FINNIFTY06FEB2421300PE.NFO,2024-01-10,12:21:00,2024-02-06,0.05,0.05,0.05,0.05,0,0,1
FINNIFTY06FEB2421300PE.NFO,2024-01-10,12:22:00,2024-02-06,0.05,0.05,0.05,0.05,0,0,1
FINNIFTY06FEB2421300PE.NFO,2024-01-10,12:23:00,2024-02-06,0.05,0.05,0.05,0.05,0,0,1
FINNIFTY06FEB2421300PE.NFO,2024-01-10,12:24:00,2024-02-06,0.05,0.05,0.05,0.05,0,0,1
FINNIFTY06FEB2421300PE.NFO,2024-01-10,12:25:00,2024-02-06,0.05,0.05,0.05,0.05,0,0,1
FINNIFTY06FEB2421300PE.NFO,2024-01-10,12:26:00,2024-02-06,0.05,0.05,0.05,0.05,0,0,1
FINNIFTY06FEB2421300PE.NFO,2024-01-10,12:27:00,2024-02-06,0.05,0.05,0.05,0.05,0,0,1
FINNIFTY06FEB2421300PE.NFO,2024-01-10,12:28:00,2024-02-06,0.05,0.05,0.05,0.05,0,0,1
FINNIFTY06FEB2421300PE.NFO,2024-01-10,12:29:00,2024-02-06,0.05,0.05,0.05,0.05,0,0,1
FINNIFTY06FEB2421300PE.NFO,2024-01-10,12:30:00,2024-02-06,0.05,0.05,0.05,0.05,0,0,1
FINNIFTY06FEB2421300PE.NFO,2024-01-10,12:31:00,2024-02-06,0.05,0.05,0.05,0.05,0,0,1
FINNIFTY06FEB2421300PE.NFO,2024-01-10,12:32:00,2024-02-06,0.05,0.05,0.05,0.05,0,0,1
FINNIFTY06FEB2421300PE.NFO,2024-01-10,12:33:00,2024-02-06,0.05,0.05,0.05,0.05,0,0,1
FINNIFTY06FEB2421300PE.NFO,2024-01-10,12:34:00,2024-02-06,0.05,0.05,0.05,0.05,0,0,1
FINNIFTY06FEB2421300PE.NFO,2024-01-10,12:35:00,2024-02-06,0.05,0.05,0.05,0.05,0,0,1
FINNIFTY06FEB2421300PE.NFO,2024-01-10,12:36:00,2024-02-06,0.05,0.05,0.05,0.05,0,0,1
FINNIFTY06FEB2421300PE.NFO,2024-01-10,12:37:00,2024-02-06,0.05,0.05,0.05,0.05,0,0,1
FINNIFTY06FEB2421300PE.NFO,2024-01-10,12:38:00,2024-02-06,0.05,0.05,0.05,0.05,0,0,1
FINNIFTY06FEB2421300PE.NFO,2024-01-10,12:39:00,2024-02-06,0.05,0.05,0.05,0.05,0,0,1
FINNIFTY06FEB2421300PE.NFO,2024-01-10,12:40:00,2024-02-06,0.05,0.05,0.05,0.05,0,0,1
FINNIFTY06FEB2421300PE.NFO,2024-01-10,12:41:00,2024-02-06,0.05,0.05,0.05,0.05,0,0,1
FINNIFTY06FEB2421300PE.NFO,2024-01-10,12:42:00,2024-02-06,0.05,0.05,0.05,0.05,0,0,1
FINNIFTY06FEB2421300PE.NFO,2024-01-10,12:43:00,2024-02-06,0.05,0.05,0.05,0.05,0,0,1
FINNIFTY06FEB2421300PE.NFO,2024-01-10,12:44:00,2024-02-06,0.05,0.05,0.05,0.05,0,0,1
FINNIFTY06FEB2421300PE.NFO,2024-01-10,12:45:00,2024-02-06,0.05,0.05,0.05,0.05,0,0,1
FINNIFTY06FEB2421300PE.NFO,2024-01-10,12:46:00,2024-02-06,0.05,0.05,0.05,0.05,0,0,1
FINNIFTY06FEB2421300PE.NFO,2024-01-10,12:47:00,2024-02-06,0.05,0.05,0.05,0.05,0,0,1
FINNIFTY06FEB2421300PE.NFO,2024-01-10,12:48:00,2024-02-06,0.05,0.05,0.05,0.05,0,0,1
FINNIFTY06FEB2421300PE.NFO,2024-01-10,12:49:00,2024-02-06,0.05,0.05,0.05,0.05,0,0,1
FINNIFTY06FEB2421300PE.NFO,2024-01-10,12:50:00,2024-02-06,0.05,0.05,0.05,0.05,0,0,1
FINNIFTY06FEB2421300PE.NFO,2024-01-10,12:51:00,2024-02-06,0.05,0.05,0.05,0.05,0,0,1
FINNIFTY06FEB2421300PE.NFO,2024-01-10,12:52:00,2024-02-06,0.05,0.05,0.05,0.05,0,0,1
FINNIFTY06FEB2421300PE.NFO,2024-01-10,12:53:00,2024-02-06,0.05,0.05,0.05,0.05,0,0,1
FINNIFTY06FEB2421300PE.NFO,2024-01-10,12:54:00,2024-02-06,0.05,0.05,0.05,0.05,0,0,1
FINNIFTY06FEB2421300PE.NFO,2024-01-10,12:55:00,2024-02-06,0.05,0.05,0.05,0.05,0,0,1
FINNIFTY06FEB2421300PE.NFO,2024-01-10,12:56:00,2024-02-06,0.05,0.05,0.05,0.05,0,0,1
FINNIFTY06FEB2421300PE.NFO,2024-01-10,12:57:00,2024-02-06,0.05,0.05,0.05,0.05,0,0,1
FINNIFTY06FEB2421300PE.NFO,2024-01-10,12:58:00,2024-02-06,0.05,0.05,0.05,0.05,0,0,1
FINNIFTY06FEB2421300PE.NFO,2024-01-10,12:59:00,2024-02-06,0.05,0.05,0.05,0.05,0,0,1
FINNIFTY06FEB2421300PE.NFO,2024-01-10,13:00:00,2024-02-06,0.05,0.05,0.05,0.05,0,0,1
FINNIFTY06FEB2421300PE.NFO,2024-01-10,13:01:00,2024-02-06,0.05,0.05,0.05,0.05,0,0,1
FINNIFTY06FEB2421300PE.NFO,2024-01-10,13:02:00,2024-02-06,0.05,0.05,0.05,0.05,0,0,1
FINNIFTY06FEB2421300PE.NFO,2024-01-10,13:03:00,2024-02-06,0.05,0.05,0.05,0.05,0,0,1
FINNIFTY06FEB2421300PE.NFO,2024-01-10,13:04:00,2024-02-06,0.05,0.05,0.05,0.05,0,0,1
FINNIFTY06FEB2421300PE.NFO,2024-01-10,13:05:00,2024-02-06,0.05,0.05,0.05,0.05,0,0,1
FINNIFTY06FEB2421300PE.NFO,2024-01-10,13:06:00,2024-02-06,0.05,0.05,0.05,0.05,0,0,1
FINNIFTY06FEB2421300PE.NFO,2024-01-10,13:07:00,2024-02-06,0.05,0.05,0.05,0.05,0,0,1
FINNIFTY06FEB2421300PE.NFO,2024-01-10,13:08:00,2024-02-06,0.05,0.05,0.05,0.05,0,0,1
FINNIFTY06FEB2421300PE.NFO,2024-01-10,13:09:00,2024-02-06,0.05,0.05,0.05,0.05,0,0,1
FINNIFTY06FEB2421300PE.NFO,2024-01-10,13:10:00,2024-02-06,0.05,0.05,0.05,0.05,0,0,1
FINNIFTY06FEB2421300PE.NFO,2024-01-10,13:11:00,2024-02-06,0.05,0.05,0.05,0.05,0,0,1
FINNIFTY06FEB2421300PE.NFO,2024-01-10,13:12:00,2024-02-06,0.05,0.05,0.05,0.05,0,0,1
FINNIFTY06FEB2421300PE.NFO,2024-01-10,13:13:00,2024-02-06,0.05,0.05,0.05,0.05,0,0,1
FINNIFTY06FEB2421300PE.NFO,2024-01-10,13:14:00,2024-02-06,0.05,0.05,0.05,0.05,0,0,1
FINNIFTY06FEB2421300PE.NFO,2024-01-10,13:15:00,2024-02-06,0.05,0.05,0.05,0.05,0,0,1
FINNIFTY06FEB2421300PE.NFO,2024-01-10,13:16:00,2024-02-06,0.05,0.05,0.05,0.05,0,0,1
FINNIFTY06FEB2421300PE.NFO,2024-01-10,13:17:00,2024-02-06,0.05,0.05,0.05,0.05,0,0,1
FINNIFTY06FEB2421300PE.NFO,2024-01-10,13:18:00,2024-02-06,0.05,0.05,0.05,0.05,0,0,1
FINNIFTY06FEB2421300PE.NFO,2024-01-10,13:19:00,2024-02-06,0.05,0.05,0.05,0.05,0,0,1
FINNIFTY06FEB2421300PE.NFO,2024-01-10,13:20:00,2024-02-06,0.05,0.05,0.05,0.05,0,0,1
FINNIFTY06FEB2421300PE.NFO,2024-01-10,13:21:00,2024-02-06,0.05,0.05,0.05,0.05,0,0,1
FINNIFTY06FEB2421300PE.NFO,2024-01-10,13:22:00,2024-02-06,0.05,0.05,0.05,0.05,0,0,1
FINNIFTY06FEB2421300PE.NFO,2024-01-10,13:23:00,2024-02-06,0.05,0.05,0.05,0.05,0,0,1
FINNIFTY06FEB2421300PE.NFO,2024-01-10,13:24:00,2024-02-06,0.05,0.05,0.05,0.05,0,0,1
FINNIFTY06FEB2421300PE.NFO,2024-01-10,13:25:00,2024-02-06,0.05,0.05,0.05,0.05,0,0,1
FINNIFTY06FEB2421300PE.NFO,2024-01-10,13:26:00,2024-02-06,0.05,0.05,0.05,0.05,0,0,1
FINNIFTY06FEB2421300PE.NFO,2024-01-10,13:27:00,2024-02-06,0.05,0.05,0.05,0.05,0,0,1
FINNIFTY06FEB2421300PE.NFO,2024-01-10,13:28:00,2024-02-06,0.05,0.05,0.05,0.05,0,0,1
FINNIFTY06FEB2421300PE.NFO,2024-01-10,13:29:00,2024-02-06,0.05,0.05,0.05,0.05,0,0,1
FINNIFTY06FEB2421300PE.NFO,2024-01-10,13:30:00,2024-02-06,0.05,0.05,0.05,0.05,0,0,1
FINNIFTY06FEB2421300PE.NFO,2024-01-10,13:31:00,2024-02-06,0.05,0.05,0.05,0.05,0,0,1
FINNIFTY06FEB2421300PE.NFO,2024-01-10,13:32:00,2024-02-06,0.05,0.05,0.05,0.05,0,0,1
FINNIFTY06FEB2421300PE.NFO,2024-01-10,13:33:00,2024-02-06,0.05,0.05,0.05,0.05,0,0,1
FINNIFTY06FEB2421300PE.NFO,2024-01-10,13:34:00,2024-02-06,0.05,0.05,0.05,0.05,0,0,1
FINNIFTY06FEB2421300PE.NFO,2024-01-10,13:35:00,2024-02-06,0.05,0.05,0.05,0.05,0,0,1
FINNIFTY06FEB2421300PE.NFO,2024-01-10,13:36:00,2024-02-06,0.05,0.05,0.05,0.05,0,0,1
FINNIFTY06FEB2421300PE.NFO,2024-01-10,13:37:00,2024-02-06,0.05,0.05,0.05,0.05,0,0,1
FINNIFTY06FEB2421300PE.NFO,2024-01-10,13:38:00,2024-02-06,0.05,0.05,0.05,0.05,0,0,1
FINNIFTY06FEB2421300PE.NFO,2024-01-10,13:39:00,2024-02-06,0.05,0.05,0.05,0.05,0,0,1
FINNIFTY06FEB2421300PE.NFO,2024-01-10,13:40:00,2024-02-06,0.05,0.05,0.05,0.05,0,0,1
FINNIFTY06FEB2421300PE.NFO,2024-01-10,13:41:00,2024-02-06,0.05,0.05,0.05,0.05,0,0,1
FINNIFTY06FEB2421300PE.NFO,2024-01-10,13:42:00,2024-02-06,0.05,0.05,0.05,0.05,0,0,1
FINNIFTY06FEB2421300PE.NFO,2024-01-10,13:43:00,2024-02-06,0.05,0.05,0.05,0.05,0,0,1
FINNIFTY06FEB2421300PE.NFO,2024-01-10,13:44:00,2024-02-06,0.05,0.05,0.05,0.05,0,0,1
FINNIFTY06FEB2421300PE.NFO,2024-01-10,13:45:00,2024-02-06,0.05,0.05,0.05,0.05,0,0,1
FINNIFTY06FEB2421300PE.NFO,2024-01-10,13:46:00,2024-02-06,0.05,0.05,0.05,0.05,0,0,1
FINNIFTY06FEB2421300PE.NFO,2024-01-10,13:47:00,2024-02-06,0.05,0.05,0.05,0.05,0,0,1
FINNIFTY06FEB2421300PE.NFO,2024-01-10,13:48:00,2024-02-06,0.05,0.05,0.05,0.05,0,0,1
FINNIFTY06FEB2421300PE.NFO,2024-01-10,13:49:00,2024-02-06,0.05,0.05,0.05,0.05,0,0,1
FINNIFTY06FEB2421300PE.NFO,2024-01-10,13:50:00,2024-02-06,0.05,0.05,0.05,0.05,0,0,1
FINNIFTY06FEB2421300PE.NFO,2024-01-10,13:51:00,2024-02-06,0.05,0.05,0.05,0.05,0,0,1
FINNIFTY06FEB2421300PE.NFO,2024-01-10,13:52:00,2024-02-06,0.05,0.05,0.05,0.05,0,0,1
FINNIFTY06FEB2421300PE.NFO,2024-01-10,13:53:00,2024-02-06,0.05,0.05,0.05,0.05,0,0,1
FINNIFTY06FEB2421300PE.NFO,2024-01-10,13:54:00,2024-02-06,0.05,0.05,0.05,0.05,0,0,1
FINNIFTY06FEB2421300PE.NFO,2024-01-10,13:55:00,2024-02-06,0.05,0.05,0.05,0.05,0,0,1
FINNIFTY06FEB2421300PE.NFO,2024-01-10,13:56:00,2024-02-06,0.05,0.05,0.05,0.05,0,0,1
FINNIFTY06FEB2421300PE.NFO,2024-01-10,13:57:00,2024-02-06,0.05,0.05,0.05,0.05,0,0,1
FINNIFTY06FEB2421300PE.NFO,2024-01-10,13:58:00,2024-02-06,0.05,0.05,0.05,0.05,0,0,1
FINNIFTY06FEB2421300PE.NFO,2024-01-10,13:59:00,2024-02-06,0.05,0.05,0.05,0.05,0,0,1
FINNIFTY06FEB2421300PE.NFO,2024-01-10,14:00:00,2024-02-06,0.05,0.05,0.05,0.05,0,0,1
FINNIFTY06FEB2421300PE.NFO,2024-01-10,14:01:00,2024-02-06,0.05,0.05,0.05,0.05,0,0,1
FINNIFTY06FEB2421300PE.NFO,2024-01-10,14:02:00,2024-02-06,0.05,0.05,0.05,0.05,0,0,1
FINNIFTY06FEB2421300PE.NFO,2024-01-10,14:03:00,2024-02-06,0.05,0.05,0.05,0.05,0,0,1
FINNIFTY06FEB2421300PE.NFO,2024-01-10,14:04:00,2024-02-06,0.05,0.05,0.05,0.05,0,0,1
FINNIFTY06FEB2421300PE.NFO,2024-01-10,14:05:00,2024-02-06,0.05,0.05,0.05,0.05,0,0,1
FINNIFTY06FEB2421300PE.NFO,2024-01-10,14:06:00,2024-02-06,0.05,0.05,0.05,0.05,0,0,1
FINNIFTY06FEB2421300PE.NFO,2024-01-10,14:07:00,2024-02-06,0.05,0.05,0.05,0.05,0,0,1
FINNIFTY06FEB2421300PE.NFO,2024-01-10,14:08:00,2024-02-06,0.05,0.05,0.05,0.05,0,0,1
FINNIFTY06FEB2421300PE.NFO,2024-01-10,14:09:00,2024-02-06,0.05,0.05,0.05,0.05,0,0,1
FINNIFTY06FEB2421300PE.NFO,2024-01-10,14:10:00,2024-02-06,0.05,0.05,0.05,0.05,0,0,1
FINNIFTY06FEB2421300PE.NFO,2024-01-10,14:11:00,2024-02-06,0.05,0.05,0.05,0.05,0,0,1
FINNIFTY06FEB2421300PE.NFO,2024-01-10,14:12:00,2024-02-06,0.05,0.05,0.05,0.05,0,0,1
FINNIFTY06FEB2421300PE.NFO,2024-01-10,14:13:00,2024-02-06,0.05,0.05,0.05,0.05,0,0,1
FINNIFTY06FEB2421300PE.NFO,2024-01-10,14:14:00,2024-02-06,0.05,0.05,0.05,0.05,0,0,1
FINNIFTY06FEB2421300PE.NFO,2024-01-10,14:15:00,2024-02-06,0.05,0.05,0.05,0.05,0,0,1
FINNIFTY06FEB2421300PE.NFO,2024-01-10,14:16:00,2024-02-06,0.05,0.05,0.05,0.05,0,0,1
FINNIFTY06FEB2421300PE.NFO,2024-01-10,14:17:00,2024-02-06,0.05,0.05,0.05,0.05,0,0,1
FINNIFTY06FEB2421300PE.NFO,2024-01-10,14:18:00,2024-02-06,0.05,0.05,0.05,0.05,0,0,1
FINNIFTY06FEB2421300PE.NFO,2024-01-10,14:19:00,2024-02-06,0.05,0.05,0.05,0.05,0,0,1
FINNIFTY06FEB2421300PE.NFO,2024-01-10,14:20:00,2024-02-06,0.05,0.05,0.05,0.05,0,0,1
FINNIFTY06FEB2421300PE.NFO,2024-01-10,14:21:00,2024-02-06,0.05,0.05,0.05,0.05,0,0,1
FINNIFTY06FEB2421300PE.NFO,2024-01-10,14:22:00,2024-02-06,0.05,0.05,0.05,0.05,0,0,1
FINNIFTY06FEB2421300PE.NFO,2024-01-10,14:23:00,2024-02-06,0.05,0.05,0.05,0.05,0,0,1
FINNIFTY06FEB2421300PE.NFO,2024-01-10,14:24:00,2024-02-06,0.05,0.05,0.05,0.05,0,0,1
FINNIFTY06FEB2421300PE.NFO,2024-01-10,14:25:00,2024-02-06,0.05,0.05,0.05,0.05,0,0,1
FINNIFTY06FEB2421300PE.NFO,2024-01-10,14:26:00,2024-02-06,0.05,0.05,0.05,0.05,0,0,1
FINNIFTY06FEB2421300PE.NFO,2024-01-10,14:27:00,2024-02-06,0.05,0.05,0.05,0.05,0,0,1
FINNIFTY06FEB2421300PE.NFO,2024-01-10,14:28:00,2024-02-06,0.05,0.05,0.05,0.05,0,0,1
FINNIFTY06FEB2421300PE.NFO,2024-01-10,14:29:00,2024-02-06,0.05,0.05,0.05,0.05,0,0,1
FINNIFTY06FEB2421300PE.NFO,2024-01-10,14:30:00,2024-02-06,0.05,0.05,0.05,0.05,0,0,1
FINNIFTY06FEB2421300PE.NFO,2024-01-10,14:31:00,2024-02-06,0.05,0.05,0.05,0.05,0,0,1
FINNIFTY06FEB2421300PE.NFO,2024-01-10,14:32:00,2024-02-06,0.05,0.05,0.05,0.05,0,0,1
FINNIFTY06FEB2421300PE.NFO,2024-01-10,14:33:00,2024-02-06,0.05,0.05,0.05,0.05,0,0,1
FINNIFTY06FEB2421300PE.NFO,2024-01-10,14:34:00,2024-02-06,0.05,0.05,0.05,0.05,0,0,1
FINNIFTY06FEB2421300PE.NFO,2024-01-10,14:35:00,2024-02-06,0.05,0.05,0.05,0.05,0,0,1
FINNIFTY06FEB2421300PE.NFO,2024-01-10,14:36:00,2024-02-06,0.05,0.05,0.05,0.05,0,0,1
FINNIFTY06FEB2421300PE.NFO,2024-01-10,14:37:00,2024-02-06,0.05,0.05,0.05,0.05,0,0,1
FINNIFTY06FEB2421300PE.NFO,2024-01-10,14:38:00,2024-02-06,0.05,0.05,0.05,0.05,0,0,1
FINNIFTY06FEB2421300PE.NFO,2024-01-10,14:39:00,2024-02-06,0.05,0.05,0.05,0.05,0,0,1
FINNIFTY06FEB2421300PE.NFO,2024-01-10,14:40:00,2024-02-06,0.05,0.05,0.05,0.05,0,0,1
FINNIFTY06FEB2421300PE.NFO,2024-01-10,14:41:00,2024-02-06,0.05,0.05,0.05,0.05,0,0,1
FINNIFTY06FEB2421300PE.NFO,2024-01-10,14:42:00,2024-02-06,0.05,0.05,0.05,0.05,0,0,1
FINNIFTY06FEB2421300PE.NFO,2024-01-10,14:43:00,2024-02-06,0.05,0.05,0.05,0.05,0,0,1
FINNIFTY06FEB2421300PE.NFO,2024-01-10,14:44:00,2024-02-06,0.05,0.05,0.05,0.05,0,0,1
FINNIFTY06FEB2421300PE.NFO,2024-01-10,14:45:00,2024-02-06,0.05,0.05,0.05,0.05,0,0,1
FINNIFTY06FEB2421300PE.NFO,2024-01-10,14:46:00,2024-02-06,0.05,0.05,0.05,0.05,0,0,1
FINNIFTY06FEB2421300PE.NFO,2024-01-10,14:47:00,2024-02-06,0.05,0.05,0.05,0.05,0,0,1
FINNIFTY06FEB2421300PE.NFO,2024-01-10,14:48:00,2024-02-06,0.05,0.05,0.05,0.05,0,0,1
FINNIFTY06FEB2421300PE.NFO,2024-01-10,14:49:00,2024-02-06,0.05,0.05,0.05,0.05,0,0,1
FINNIFTY06FEB2421300PE.NFO,2024-01-10,14:50:00,2024-02-06,0.05,0.05,0.05,0.05,0,0,1
FINNIFTY06FEB2421300PE.NFO,2024-01-10,14:51:00,2024-02-06,0.05,0.05,0.05,0.05,0,0,1
FINNIFTY06FEB2421300PE.NFO,2024-01-10,14:52:00,2024-02-06,0.05,0.05,0.05,0.05,0,0,1
FINNIFTY06FEB2421300PE.NFO,2024-01-10,14:53:00,2024-02-06,0.05,0.05,0.05,0.05,0,0,1
FINNIFTY06FEB2421300PE.NFO,2024-01-10,14:54:00,2024-02-06,0.05,0.05,0.05,0.05,0,0,1
FINNIFTY06FEB2421300PE.NFO,2024-01-10,14:55:00,2024-02-06,0.05,0.05,0.05,0.05,0,0,1
FINNIFTY06FEB2421300PE.NFO,2024-01-10,14:56:00,2024-02-06,0.05,0.05,0.05,0.05,0,0,1
FINNIFTY06FEB2421300PE.NFO,2024-01-10,14:57:00,2024-02-06,0.05,0.05,0.05,0.05,0,0,1
FINNIFTY06FEB2421300PE.NFO,2024-01-10,14:58:00,2024-02-06,0.05,0.05,0.05,0.05,0,0,1
FINNIFTY06FEB2421300PE.NFO,2024-01-10,14:59:00,2024-02-06,0.05,0.05,0.05,0.05,0,0,1
FINNIFTY06FEB2421300PE.NFO,2024-01-10,15:00:00,2024-02-06,0.05,0.05,0.05,0.05,0,0,1
FINNIFTY06FEB2421300PE.NFO,2024-01-10,15:01:00,2024-02-06,0.05,0.05,0.05,0.05,0,0,1
FINNIFTY06FEB2421300PE.NFO,2024-01-10,15:02:00,2024-02-06,0.05,0.05,0.05,0.05,0,0,1
FINNIFTY06FEB2421300PE.NFO,2024-01-10,15:03:00,2024-02-06,0.05,0.05,0.05,0.05,0,0,1
FINNIFTY06FEB2421300PE.NFO,2024-01-10,15:04:00,2024-02-06,0.05,0.05,0.05,0.05,0,0,1
FINNIFTY06FEB2421300PE.NFO,2024-01-10,15:05:00,2024-02-06,0.05,0.05,0.05,0.05,0,0,1
FINNIFTY06FEB2421300PE.NFO,2024-01-10,15:06:00,2024-02-06,0.05,0.05,0.05,0.05,0,0,1
FINNIFTY06FEB2421300PE.NFO,2024-01-10,15:07:00,2024-02-06,0.05,0.05,0.05,0.05,0,0,1
FINNIFTY06FEB2421300PE.NFO,2024-01-10,15:08:00,2024-02-06,0.05,0.05,0.05,0.05,0,0,1
FINNIFTY06FEB2421300PE.NFO,2024-01-10,15:09:00,2024-02-06,0.05,0.05,0.05,0.05,0,0,1
FINNIFTY06FEB2421300PE.NFO,2024-01-10,15:10:00,2024-02-06,0.05,0.05,0.05,0.05,0,0,1
FINNIFTY06FEB2421300PE.NFO,2024-01-10,15:11:00,2024-02-06,0.05,0.05,0.05,0.05,0,0,1
FINNIFTY06FEB2421300PE.NFO,2024-01-10,15:12:00,2024-02-06,0.05,0.05,0.05,0.05,0,0,1
FINNIFTY06FEB2421300PE.NFO,2024-01-10,15:13:00,2024-02-06,0.05,0.05,0.05,0.05,0,0,1
FINNIFTY06FEB2421300PE.NFO,2024-01-10,15:14:00,2024-02-06,0.05,0.05,0.05,0.05,0,0,1
FINNIFTY06FEB2421300PE.NFO,2024-01-10,15:15:00,2024-02-06,0.05,0.05,0.05,0.05,0,0,1
FINNIFTY06FEB2421300PE.NFO,2024-01-10,15:16:00,2024-02-06,0.05,0.05,0.05,0.05,0,0,1
FINNIFTY06FEB2421300PE.NFO,2024-01-10,15:17:00,2024-02-06,0.05,0.05,0.05,0.05,0,0,1
FINNIFTY06FEB2421300PE.NFO,2024-01-10,15:18:00,2024-02-06,0.05,0.05,0.05,0.05,0,0,1
FINNIFTY06FEB2421300PE.NFO,2024-01-10,15:19:00,2024-02-06,0.05,0.05,0.05,0.05,0,0,1
FINNIFTY06FEB2421300PE.NFO,2024-01-10,15:20:00,2024-02-06,0.05,0.05,0.05,0.05,0,0,1
FINNIFTY06FEB2421300PE.NFO,2024-01-10,15:21:00,2024-02-06,0.05,0.05,0.05,0.05,0,0,1
FINNIFTY06FEB2421300PE.NFO,2024-01-10,15:22:00,2024-02-06,0.05,0.05,0.05,0.05,0,0,1
FINNIFTY06FEB2421300PE.NFO,2024-01-10,15:23:00,2024-02-06,0.05,0.05,0.05,0.05,0,0,1
FINNIFTY06FEB2421300PE.NFO,2024-01-10,15:24:00,2024-02-06,0.05,0.05,0.05,0.05,0,0,1
FINNIFTY06FEB2421300PE.NFO,2024-01-10,15:25:00,2024-02-06,0.05,0.05,0.05,0.05,0,0,1
FINNIFTY06FEB2421300PE.NFO,2024-01-10,15:26:00,2024-02-06,0.05,0.05,0.05,0.05,0,0,1
FINNIFTY06FEB2421300PE.NFO,2024-01-10,15:27:00,2024-02-06,0.05,0.05,0.05,0.05,0,0,1
FINNIFTY06FEB2421300PE.NFO,2024-01-10,15:28:00,2024-02-06,0.05,0.05,0.05,0.05,0,0,1
FINNIFTY06FEB2421300PE.NFO,2024-01-10,15:29:00,2024-02-06,0.05,0.05,0.05,0.05,0,0,1
FINNIFTY06FEB2421300PE.NFO,2024-01-10,15:30:00,2024-02-06,0.05,0.05,0.05,0.05,0,0,1
FINNIFTY06FEB2421300PE.NFO,2024-01-11,09:15:00,2024-02-06,0.05,0.05,0.05,0.05,0,0,0
FINNIFTY06FEB2421300PE.NFO,2024-01-11,09:16:00,2024-02-06,0.05,0.05,0.05,0.05,0,0,1
FINNIFTY06FEB2421300PE.NFO,2024-01-11,09:17:00,2024-02-06,0.05,0.05,0.05,0.05,0,0,1
FINNIFTY06FEB2421300PE.NFO,2024-01-11,09:18:00,2024-02-06,0.05,0.05,0.05,0.05,0,0,1
FINNIFTY06FEB2421300PE.NFO,2024-01-11,09:19:00,2024-02-06,0.05,0.05,0.05,0.05,0,0,1
FINNIFTY06FEB2421300PE.NFO,2024-01-11,09:20:00,2024-02-06,0.05,0.05,0.05,0.05,0,0,1
FINNIFTY06FEB2421300PE.NFO,2024-01-11,09:21:00,2024-02-06,0.05,0.05,0.05,0.05,0,0,1
FINNIFTY06FEB2421300PE.NFO,2024-01-11,09:22:00,2024-02-06,0.05,0.05,0.05,0.05,0,0,1
FINNIFTY06FEB2421300PE.NFO,2024-01-11,09:23:00,2024-02-06,0.05,0.05,0.05,0.05,0,0,1
FINNIFTY06FEB2421300PE.NFO,2024-01-11,09:24:00,2024-02-06,0.05,0.05,0.05,0.05,0,0,1
FINNIFTY06FEB2421300PE.NFO,2024-01-11,09:25:00,2024-02-06,0.05,0.05,0.05,0.05,0,0,1
FINNIFTY06FEB2421300PE.NFO,2024-01-11,09:26:00,2024-02-06,0.05,0.05,0.05,0.05,0,0,1
FINNIFTY06FEB2421300PE.NFO,2024-01-11,09:27:00,2024-02-06,0.05,0.05,0.05,0.05,0,0,1
FINNIFTY06FEB2421300PE.NFO,2024-01-11,09:28:00,2024-02-06,0.05,0.05,0.05,0.05,0,0,1
FINNIFTY06FEB2421300PE.NFO,2024-01-11,09:29:00,2024-02-06,0.05,0.05,0.05,0.05,0,0,1
FINNIFTY06FEB2421300PE.NFO,2024-01-11,09:30:00,2024-02-06,0.05,0.05,0.05,0.05,0,0,1
FINNIFTY06FEB2421300PE.NFO,2024-01-11,09:31:00,2024-02-06,0.05,0.05,0.05,0.05,0,0,1
FINNIFTY06FEB2421300PE.NFO,2024-01-11,09:32:00,2024-02-06,0.05,0.05,0.05,0.05,0,0,1
FINNIFTY06FEB2421300PE.NFO,2024-01-11,09:33:00,2024-02-06,0.05,0.05,0.05,0.05,0,0,1
FINNIFTY06FEB2421300PE.NFO,2024-01-11,09:34:00,2024-02-06,0.05,0.05,0.05,0.05,0,0,1
FINNIFTY06FEB2421300PE.NFO,2024-01-11,09:35:00,2024-02-06,0.05,0.05,0.05,0.05,0,0,1
FINNIFTY06FEB2421300PE.NFO,2024-01-11,09:36:00,2024-02-06,0.05,0.05,0.05,0.05,0,0,1
FINNIFTY06FEB2421300PE.NFO,2024-01-11,09:37:00,2024-02-06,0.05,0.05,0.05,0.05,0,0,1
FINNIFTY06FEB2421300PE.NFO,2024-01-11,09:38:00,2024-02-06,0.05,0.05,0.05,0.05,0,0,1
FINNIFTY06FEB2421300PE.NFO,2024-01-11,09:39:00,2024-02-06,0.05,0.05,0.05,0.05,0,0,1
FINNIFTY06FEB2421300PE.NFO,2024-01-11,09:40:00,2024-02-06,0.05,0.05,0.05,0.05,0,0,1
FINNIFTY06FEB2421300PE.NFO,2024-01-11,09:41:00,2024-02-06,0.05,0.05,0.05,0.05,0,0,1
FINNIFTY06FEB2421300PE.NFO,2024-01-11,09:42:00,2024-02-06,0.05,0.05,0.05,0.05,0,0,1
FINNIFTY06FEB2421300PE.NFO,2024-01-11,09:43:00,2024-02-06,0.05,0.05,0.05,0.05,0,0,1
FINNIFTY06FEB2421300PE.NFO,2024-01-11,09:44:00,2024-02-06,0.05,0.05,0.05,0.05,0,0,1
FINNIFTY06FEB2421300PE.NFO,2024-01-11,09:45:00,2024-02-06,0.05,0.05,0.05,0.05,0,0,1
FINNIFTY06FEB2421300PE.NFO,2024-01-11,09:46:00,2024-02-06,0.05,0.05,0.05,0.05,0,0,1
FINNIFTY06FEB2421300PE.NFO,2024-01-11,09:47:00,2024-02-06,0.05,0.05,0.05,0.05,0,0,1
FINNIFTY06FEB2421300PE.NFO,2024-01-11,09:48:00,2024-02-06,0.05,0.05,0.05,0.05,0,0,1
FINNIFTY06FEB2421300PE.NFO,2024-01-11,09:49:00,2024-02-06,0.05,0.05,0.05,0.05,0,0,1
FINNIFTY06FEB2421300PE.NFO,2024-01-11,09:50:00,2024-02-06,0.05,0.05,0.05,0.05,0,0,1
FINNIFTY06FEB2421300PE.NFO,2024-01-11,09:51:00,2024-02-06,0.05,0.05,0.05,0.05,0,0,1
FINNIFTY06FEB2421300PE.NFO,2024-01-11,09:52:00,2024-02-06,0.05,0.05,0.05,0.05,0,0,1
FINNIFTY06FEB2421300PE.NFO,2024-01-11,09:53:00,2024-02-06,0.05,0.05,0.05,0.05,0,0,1
FINNIFTY06FEB2421300PE.NFO,2024-01-11,09:54:00,2024-02-06,0.05,0.05,0.05,0.05,0,0,1
FINNIFTY06FEB2421300PE.NFO,2024-01-11,09:55:00,2024-02-06,0.05,0.05,0.05,0.05,0,0,1
FINNIFTY06FEB2421300PE.NFO,2024-01-11,09:56:00,2024-02-06,0.05,0.05,0.05,0.05,0,0,1
FINNIFTY06FEB2421300PE.NFO,2024-01-11,09:57:00,2024-02-06,0.05,0.05,0.05,0.05,0,0,1
FINNIFTY06FEB2421300PE.NFO,2024-01-11,09:58:00,2024-02-06,0.05,0.05,0.05,0.05,0,0,1
FINNIFTY06FEB2421300PE.NFO,2024-01-11,09:59:00,2024-02-06,0.05,0.05,0.05,0.05,0,0,1
FINNIFTY06FEB2421300PE.NFO,2024-01-11,10:00:00,2024-02-06,0.05,0.05,0.05,0.05,0,0,1
FINNIFTY06FEB2421300PE.NFO,2024-01-11,10:01:00,2024-02-06,0.05,0.05,0.05,0.05,0,0,1
FINNIFTY06FEB2421300PE.NFO,2024-01-11,10:02:00,2024-02-06,0.05,0.05,0.05,0.05,0,0,1
FINNIFTY06FEB2421300PE.NFO,2024-01-11,10:03:00,2024-02-06,0.05,0.05,0.05,0.05,0,0,1
FINNIFTY06FEB2421300PE.NFO,2024-01-11,10:04:00,2024-02-06,0.05,0.05,0.05,0.05,0,0,1
FINNIFTY06FEB2421300PE.NFO,2024-01-11,10:05:00,2024-02-06,0.05,0.05,0.05,0.05,0,0,1
FINNIFTY06FEB2421300PE.NFO,2024-01-11,10:06:00,2024-02-06,0.05,0.05,0.05,0.05,0,0,1
FINNIFTY06FEB2421300PE.NFO,2024-01-11,10:07:00,2024-02-06,0.05,0.05,0.05,0.05,0,0,1
FINNIFTY06FEB2421300PE.NFO,2024-01-11,10:08:00,2024-02-06,0.05,0.05,0.05,0.05,0,0,1
FINNIFTY06FEB2421300PE.NFO,2024-01-11,10:09:00,2024-02-06,0.05,0.05,0.05,0.05,0,0,1
FINNIFTY06FEB2421300PE.NFO,2024-01-11,10:10:00,2024-02-06,0.05,0.05,0.05,0.05,0,0,1
FINNIFTY06FEB2421300PE.NFO,2024-01-11,10:11:00,2024-02-06,0.05,0.05,0.05,0.05,0,0,1
FINNIFTY06FEB2421300PE.NFO,2024-01-11,10:12:00,2024-02-06,0.05,0.05,0.05,0.05,0,0,1
FINNIFTY06FEB2421300PE.NFO,2024-01-11,10:13:00,2024-02-06,0.05,0.05,0.05,0.05,0,0,1
FINNIFTY06FEB2421300PE.NFO,2024-01-11,10:14:00,2024-02-06,0.05,0.05,0.05,0.05,0,0,1
FINNIFTY06FEB2421300PE.NFO,2024-01-11,10:15:00,2024-02-06,0.05,0.05,0.05,0.05,0,0,1
FINNIFTY06FEB2421300PE.NFO,2024-01-11,10:16:00,2024-02-06,0.05,0.05,0.05,0.05,0,0,1
FINNIFTY06FEB2421300PE.NFO,2024-01-11,10:17:00,2024-02-06,0.05,0.05,0.05,0.05,0,0,1
FINNIFTY06FEB2421300PE.NFO,2024-01-11,10:18:00,2024-02-06,0.05,0.05,0.05,0.05,0,0,1
FINNIFTY06FEB2421300PE.NFO,2024-01-11,10:19:00,2024-02-06,0.05,0.05,0.05,0.05,0,0,1
FINNIFTY06FEB2421300PE.NFO,2024-01-11,10:20:00,2024-02-06,0.05,0.05,0.05,0.05,0,0,1
FINNIFTY06FEB2421300PE.NFO,2024-01-11,10:21:00,2024-02-06,0.05,0.05,0.05,0.05,0,0,1
FINNIFTY06FEB2421300PE.NFO,2024-01-11,10:22:00,2024-02-06,0.05,0.05,0.05,0.05,0,0,1
FINNIFTY06FEB2421300PE.NFO,2024-01-11,10:23:00,2024-02-06,0.05,0.05,0.05,0.05,0,0,1
FINNIFTY06FEB2421300PE.NFO,2024-01-11,10:24:00,2024-02-06,0.05,0.05,0.05,0.05,0,0,1
FINNIFTY06FEB2421300PE.NFO,2024-01-11,10:25:00,2024-02-06,0.05,0.05,0.05,0.05,0,0,1
FINNIFTY06FEB2421300PE.NFO,2024-01-11,10:26:00,2024-02-06,0.05,0.05,0.05,0.05,0,0,1
FINNIFTY06FEB2421300PE.NFO,2024-01-11,10:27:00,2024-02-06,0.05,0.05,0.05,0.05,0,0,1
FINNIFTY06FEB2421300PE.NFO,2024-01-11,10:28:00,2024-02-06,0.05,0.05,0.05,0.05,0,0,1
FINNIFTY06FEB2421300PE.NFO,2024-01-11,10:29:00,2024-02-06,0.05,0.05,0.05,0.05,0,0,1
FINNIFTY06FEB2421300PE.NFO,2024-01-11,10:30:00,2024-02-06,0.05,0.05,0.05,0.05,0,0,1
FINNIFTY06FEB2421300PE.NFO,2024-01-11,10:31:00,2024-02-06,0.05,0.05,0.05,0.05,0,0,1
FINNIFTY06FEB2421300PE.NFO,2024-01-11,10:32:00,2024-02-06,0.05,0.05,0.05,0.05,0,0,1
FINNIFTY06FEB2421300PE.NFO,2024-01-11,10:33:00,2024-02-06,0.05,0.05,0.05,0.05,0,0,1
FINNIFTY06FEB2421300PE.NFO,2024-01-11,10:34:00,2024-02-06,0.05,0.05,0.05,0.05,0,0,1
FINNIFTY06FEB2421300PE.NFO,2024-01-11,10:35:00,2024-02-06,0.05,0.05,0.05,0.05,0,0,1
FINNIFTY06FEB2421300PE.NFO,2024-01-11,10:36:00,2024-02-06,0.05,0.05,0.05,0.05,0,0,1
FINNIFTY06FEB2421300PE.NFO,2024-01-11,10:37:00,2024-02-06,0.05,0.05,0.05,0.05,0,0,1
FINNIFTY06FEB2421300PE.NFO,2024-01-11,10:38:00,2024-02-06,0.05,0.05,0.05,0.05,0,0,1
FINNIFTY06FEB2421300PE.NFO,2024-01-11,10:39:00,2024-02-06,0.05,0.05,0.05,0.05,0,0,1
FINNIFTY06FEB2421300PE.NFO,2024-01-11,10:40:00,2024-02-06,0.05,0.05,0.05,0.05,0,0,1
FINNIFTY06FEB2421300PE.NFO,2024-01-11,10:41:00,2024-02-06,0.05,0.05,0.05,0.05,0,0,1
FINNIFTY06FEB2421300PE.NFO,2024-01-11,10:42:00,2024-02-06,0.05,0.05,0.05,0.05,0,0,1
FINNIFTY06FEB2421300PE.NFO,2024-01-11,10:43:00,2024-02-06,0.05,0.05,0.05,0.05,0,0,1
FINNIFTY06FEB2421300PE.NFO,2024-01-11,10:44:00,2024-02-06,0.05,0.05,0.05,0.05,0,0,1
FINNIFTY06FEB2421300PE.NFO,2024-01-11,10:45:00,2024-02-06,0.05,0.05,0.05,0.05,0,0,1
FINNIFTY06FEB2421300PE.NFO,2024-01-11,10:46:00,2024-02-06,0.05,0.05,0.05,0.05,0,0,1
FINNIFTY06FEB2421300PE.NFO,2024-01-11,10:47:00,2024-02-06,0.05,0.05,0.05,0.05,0,0,1
FINNIFTY06FEB2421300PE.NFO,2024-01-11,10:48:00,2024-02-06,0.05,0.05,0.05,0.05,0,0,1
FINNIFTY06FEB2421300PE.NFO,2024-01-11,10:49:00,2024-02-06,0.05,0.05,0.05,0.05,0,0,1
FINNIFTY06FEB2421300PE.NFO,2024-01-11,10:50:00,2024-02-06,0.05,0.05,0.05,0.05,0,0,1
FINNIFTY06FEB2421300PE.NFO,2024-01-11,10:51:00,2024-02-06,0.05,0.05,0.05,0.05,0,0,1
FINNIFTY06FEB2421300PE.NFO,2024-01-11,10:52:00,2024-02-06,0.05,0.05,0.05,0.05,0,0,1
FINNIFTY06FEB2421300PE.NFO,2024-01-11,10:53:00,2024-02-06,0.05,0.05,0.05,0.05,0,0,1
FINNIFTY06FEB2421300PE.NFO,2024-01-11,10:54:00,2024-02-06,0.05,0.05,0.05,0.05,0,0,1
FINNIFTY06FEB2421300PE.NFO,2024-01-11,10:55:00,2024-02-06,0.05,0.05,0.05,0.05,0,0,1
FINNIFTY06FEB2421300PE.NFO,2024-01-11,10:56:00,2024-02-06,0.05,0.05,0.05,0.05,0,0,1
FINNIFTY06FEB2421300PE.NFO,2024-01-11,10:57:00,2024-02-06,0.05,0.05,0.05,0.05,0,0,1
FINNIFTY06FEB2421300PE.NFO,2024-01-11,10:58:00,2024-02-06,0.05,0.05,0.05,0.05,0,0,1
FINNIFTY06FEB2421300PE.NFO,2024-01-11,10:59:00,2024-02-06,0.05,0.05,0.05,0.05,0,0,1
FINNIFTY06FEB2421300PE.NFO,2024-01-11,11:00:00,2024-02-06,0.05,0.05,0.05,0.05,0,0,1
FINNIFTY06FEB2421300PE.NFO,2024-01-11,11:01:00,2024-02-06,0.05,0.05,0.05,0.05,0,0,1
FINNIFTY06FEB2421300PE.NFO,2024-01-11,11:02:00,2024-02-06,0.05,0.05,0.05,0.05,0,0,1
FINNIFTY06FEB2421300PE.NFO,2024-01-11,11:03:00,2024-02-06,0.05,0.05,0.05,0.05,0,0,1
FINNIFTY06FEB2421300PE.NFO,2024-01-11,11:04:00,2024-02-06,0.05,0.05,0.05,0.05,0,0,1
FINNIFTY06FEB2421300PE.NFO,2024-01-11,11:05:00,2024-02-06,0.05,0.05,0.05,0.05,0,0,1
FINNIFTY06FEB2421300PE.NFO,2024-01-11,11:06:00,2024-02-06,0.05,0.05,0.05,0.05,0,0,1
FINNIFTY06FEB2421300PE.NFO,2024-01-11,11:07:00,2024-02-06,0.05,0.05,0.05,0.05,0,0,1
FINNIFTY06FEB2421300PE.NFO,2024-01-11,11:08:00,2024-02-06,0.05,0.05,0.05,0.05,0,0,1
FINNIFTY06FEB2421300PE.NFO,2024-01-11,11:09:00,2024-02-06,0.05,0.05,0.05,0.05,0,0,1
FINNIFTY06FEB2421300PE.NFO,2024-01-11,11:10:00,2024-02-06,0.05,0.05,0.05,0.05,0,0,1
FINNIFTY06FEB2421300PE.NFO,2024-01-11,11:11:00,2024-02-06,0.05,0.05,0.05,0.05,0,0,1
FINNIFTY06FEB2421300PE.NFO,2024-01-11,11:12:00,2024-02-06,0.05,0.05,0.05,0.05,0,0,1
FINNIFTY06FEB2421300PE.NFO,2024-01-11,11:13:00,2024-02-06,0.05,0.05,0.05,0.05,0,0,1
FINNIFTY06FEB2421300PE.NFO,2024-01-11,11:14:00,2024-02-06,0.05,0.05,0.05,0.05,0,0,1
FINNIFTY06FEB2421300PE.NFO,2024-01-11,11:15:00,2024-02-06,0.05,0.05,0.05,0.05,0,0,1
FINNIFTY06FEB2421300PE.NFO,2024-01-11,11:16:00,2024-02-06,0.05,0.05,0.05,0.05,0,0,1
FINNIFTY06FEB2421300PE.NFO,2024-01-11,11:17:00,2024-02-06,0.05,0.05,0.05,0.05,0,0,1
FINNIFTY06FEB2421300PE.NFO,2024-01-11,11:18:00,2024-02-06,0.05,0.05,0.05,0.05,0,0,1
FINNIFTY06FEB2421300PE.NFO,2024-01-11,11:19:00,2024-02-06,0.05,0.05,0.05,0.05,0,0,1
FINNIFTY06FEB2421300PE.NFO,2024-01-11,11:20:00,2024-02-06,0.05,0.05,0.05,0.05,0,0,1
FINNIFTY06FEB2421300PE.NFO,2024-01-11,11:21:00,2024-02-06,0.05,0.05,0.05,0.05,0,0,1
FINNIFTY06FEB2421300PE.NFO,2024-01-11,11:22:00,2024-02-06,0.05,0.05,0.05,0.05,0,0,1
FINNIFTY06FEB2421300PE.NFO,2024-01-11,11:23:00,2024-02-06,0.05,0.05,0.05,0.05,0,0,1
FINNIFTY06FEB2421300PE.NFO,2024-01-11,11:24:00,2024-02-06,0.05,0.05,0.05,0.05,0,0,1
FINNIFTY06FEB2421300PE.NFO,2024-01-11,11:25:00,2024-02-06,0.05,0.05,0.05,0.05,0,0,1
FINNIFTY06FEB2421300PE.NFO,2024-01-11,11:26:00,2024-02-06,0.05,0.05,0.05,0.05,0,0,1
FINNIFTY06FEB2421300PE.NFO,2024-01-11,11:27:00,2024-02-06,0.05,0.05,0.05,0.05,0,0,1
FINNIFTY06FEB2421300PE.NFO,2024-01-11,11:28:00,2024-02-06,0.05,0.05,0.05,0.05,0,0,1
FINNIFTY06FEB2421300PE.NFO,2024-01-11,11:29:00,2024-02-06,0.05,0.05,0.05,0.05,0,0,1
FINNIFTY06FEB2421300PE.NFO,2024-01-11,11:30:00,2024-02-06,0.05,0.05,0.05,0.05,0,0,1
FINNIFTY06FEB2421300PE.NFO,2024-01-11,11:31:00,2024-02-06,0.05,0.05,0.05,0.05,0,0,1
FINNIFTY06FEB2421300PE.NFO,2024-01-11,11:32:00,2024-02-06,0.05,0.05,0.05,0.05,0,0,1
FINNIFTY06FEB2421300PE.NFO,2024-01-11,11:33:00,2024-02-06,0.05,0.05,0.05,0.05,0,0,1
FINNIFTY06FEB2421300PE.NFO,2024-01-11,11:34:00,2024-02-06,0.05,0.05,0.05,0.05,0,0,1
FINNIFTY06FEB2421300PE.NFO,2024-01-11,11:35:00,2024-02-06,0.05,0.05,0.05,0.05,0,0,1
FINNIFTY06FEB2421300PE.NFO,2024-01-11,11:36:00,2024-02-06,0.05,0.05,0.05,0.05,0,0,1
FINNIFTY06FEB2421300PE.NFO,2024-01-11,11:37:00,2024-02-06,0.05,0.05,0.05,0.05,0,0,1
FINNIFTY06FEB2421300PE.NFO,2024-01-11,11:38:00,2024-02-06,0.05,0.05,0.05,0.05,0,0,1
FINNIFTY06FEB2421300PE.NFO,2024-01-11,11:39:00,2024-02-06,0.05,0.05,0.05,0.05,0,0,1
FINNIFTY06FEB2421300PE.NFO,2024-01-11,11:40:00,2024-02-06,0.05,0.05,0.05,0.05,0,0,1
FINNIFTY06FEB2421300PE.NFO,2024-01-11,11:41:00,2024-02-06,0.05,0.05,0.05,0.05,0,0,1
FINNIFTY06FEB2421300PE.NFO,2024-01-11,11:42:00,2024-02-06,0.05,0.05,0.05,0.05,0,0,1
FINNIFTY06FEB2421300PE.NFO,2024-01-11,11:43:00,2024-02-06,0.05,0.05,0.05,0.05,0,0,1
FINNIFTY06FEB2421300PE.NFO,2024-01-11,11:44:00,2024-02-06,0.05,0.05,0.05,0.05,0,0,1
FINNIFTY06FEB2421300PE.NFO,2024-01-11,11:45:00,2024-02-06,0.05,0.05,0.05,0.05,0,0,1
FINNIFTY06FEB2421300PE.NFO,2024-01-11,11:46:00,2024-02-06,0.05,0.05,0.05,0.05,0,0,1
FINNIFTY06FEB2421300PE.NFO,2024-01-11,11:47:00,2024-02-06,0.05,0.05,0.05,0.05,0,0,1
FINNIFTY06FEB2421300PE.NFO,2024-01-11,11:48:00,2024-02-06,0.05,0.05,0.05,0.05,0,0,1
FINNIFTY06FEB2421300PE.NFO,2024-01-11,11:49:00,2024-02-06,0.05,0.05,0.05,0.05,0,0,1
FINNIFTY06FEB2421300PE.NFO,2024-01-11,11:50:00,2024-02-06,0.05,0.05,0.05,0.05,0,0,1
FINNIFTY06FEB2421300PE.NFO,2024-01-11,11:51:00,2024-02-06,0.05,0.05,0.05,0.05,0,0,1
FINNIFTY06FEB2421300PE.NFO,2024-01-11,11:52:00,2024-02-06,0.05,0.05,0.05,0.05,0,0,1
FINNIFTY06FEB2421300PE.NFO,2024-01-11,11:53:00,2024-02-06,0.05,0.05,0.05,0.05,0,0,1
FINNIFTY06FEB2421300PE.NFO,2024-01-11,11:54:00,2024-02-06,0.05,0.05,0.05,0.05,0,0,1
FINNIFTY06FEB2421300PE.NFO,2024-01-11,11:55:00,2024-02-06,0.05,0.05,0.05,0.05,0,0,1
FINNIFTY06FEB2421300PE.NFO,2024-01-11,11:56:00,2024-02-06,0.05,0.05,0.05,0.05,0,0,1
FINNIFTY06FEB2421300PE.NFO,2024-01-11,11:57:00,2024-02-06,0.05,0.05,0.05,0.05,0,0,1
FINNIFTY06FEB2421300PE.NFO,2024-01-11,11:58:00,2024-02-06,0.05,0.05,0.05,0.05,0,0,1
FINNIFTY06FEB2421300PE.NFO,2024-01-11,11:59:00,2024-02-06,0.05,0.05,0.05,0.05,0,0,1
FINNIFTY06FEB2421300PE.NFO,2024-01-11,12:00:00,2024-02-06,0.05,0.05,0.05,0.05,0,0,1
FINNIFTY06FEB2421300PE.NFO,2024-01-11,12:01:00,2024-02-06,0.05,0.05,0.05,0.05,0,0,1
FINNIFTY06FEB2421300PE.NFO,2024-01-11,12:02:00,2024-02-06,0.05,0.05,0.05,0.05,0,0,1
FINNIFTY06FEB2421300PE.NFO,2024-01-11,12:03:00,2024-02-06,0.05,0.05,0.05,0.05,0,0,1
FINNIFTY06FEB2421300PE.NFO,2024-01-11,12:04:00,2024-02-06,0.05,0.05,0.05,0.05,0,0,1
FINNIFTY06FEB2421300PE.NFO,2024-01-11,12:05:00,2024-02-06,0.05,0.05,0.05,0.05,0,0,1
FINNIFTY06FEB2421300PE.NFO,2024-01-11,12:06:00,2024-02-06,0.05,0.05,0.05,0.05,0,0,1
FINNIFTY06FEB2421300PE.NFO,2024-01-11,12:07:00,2024-02-06,0.05,0.05,0.05,0.05,0,0,1
FINNIFTY06FEB2421300PE.NFO,2024-01-11,12:08:00,2024-02-06,0.05,0.05,0.05,0.05,0,0,1
FINNIFTY06FEB2421300PE.NFO,2024-01-11,12:09:00,2024-02-06,0.05,0.05,0.05,0.05,0,0,1
FINNIFTY06FEB2421300PE.NFO,2024-01-11,12:10:00,2024-02-06,0.05,0.05,0.05,0.05,0,0,1
FINNIFTY06FEB2421300PE.NFO,2024-01-11,12:11:00,2024-02-06,0.05,0.05,0.05,0.05,0,0,1
FINNIFTY06FEB2421300PE.NFO,2024-01-11,12:12:00,2024-02-06,0.05,0.05,0.05,0.05,0,0,1
FINNIFTY06FEB2421300PE.NFO,2024-01-11,12:13:00,2024-02-06,0.05,0.05,0.05,0.05,0,0,1
FINNIFTY06FEB2421300PE.NFO,2024-01-11,12:14:00,2024-02-06,0.05,0.05,0.05,0.05,0,0,1
FINNIFTY06FEB2421300PE.NFO,2024-01-11,12:15:00,2024-02-06,0.05,0.05,0.05,0.05,0,0,1
FINNIFTY06FEB2421300PE.NFO,2024-01-11,12:16:00,2024-02-06,0.05,0.05,0.05,0.05,0,0,1
FINNIFTY06FEB2421300PE.NFO,2024-01-11,12:17:00,2024-02-06,0.05,0.05,0.05,0.05,0,0,1
FINNIFTY06FEB2421300PE.NFO,2024-01-11,12:18:00,2024-02-06,0.05,0.05,0.05,0.05,0,0,1
FINNIFTY06FEB2421300PE.NFO,2024-01-11,12:19:00,2024-02-06,0.05,0.05,0.05,0.05,0,0,1
FINNIFTY06FEB2421300PE.NFO,2024-01-11,12:20:00,2024-02-06,0.05,0.05,0.05,0.05,0,0,1
FINNIFTY06FEB2421300PE.NFO,2024-01-11,12:21:00,2024-02-06,0.05,0.05,0.05,0.05,0,0,1
FINNIFTY06FEB2421300PE.NFO,2024-01-11,12:22:00,2024-02-06,0.05,0.05,0.05,0.05,0,0,1
FINNIFTY06FEB2421300PE.NFO,2024-01-11,12:23:00,2024-02-06,0.05,0.05,0.05,0.05,0,0,1
FINNIFTY06FEB2421300PE.NFO,2024-01-11,12:24:00,2024-02-06,0.05,0.05,0.05,0.05,0,0,1
FINNIFTY06FEB2421300PE.NFO,2024-01-11,12:25:00,2024-02-06,0.05,0.05,0.05,0.05,0,0,1
FINNIFTY06FEB2421300PE.NFO,2024-01-11,12:26:00,2024-02-06,0.05,0.05,0.05,0.05,0,0,1
FINNIFTY06FEB2421300PE.NFO,2024-01-11,12:27:00,2024-02-06,0.05,0.05,0.05,0.05,0,0,1
FINNIFTY06FEB2421300PE.NFO,2024-01-11,12:28:00,2024-02-06,0.05,0.05,0.05,0.05,0,0,1
FINNIFTY06FEB2421300PE.NFO,2024-01-11,12:29:00,2024-02-06,0.05,0.05,0.05,0.05,0,0,1
FINNIFTY06FEB2421300PE.NFO,2024-01-11,12:30:00,2024-02-06,0.05,0.05,0.05,0.05,0,0,1
FINNIFTY06FEB2421300PE.NFO,2024-01-11,12:31:00,2024-02-06,0.05,0.05,0.05,0.05,0,0,1
FINNIFTY06FEB2421300PE.NFO,2024-01-11,12:32:00,2024-02-06,0.05,0.05,0.05,0.05,0,0,1
FINNIFTY06FEB2421300PE.NFO,2024-01-11,12:33:00,2024-02-06,0.05,0.05,0.05,0.05,0,0,1
FINNIFTY06FEB2421300PE.NFO,2024-01-11,12:34:00,2024-02-06,0.05,0.05,0.05,0.05,0,0,1
FINNIFTY06FEB2421300PE.NFO,2024-01-11,12:35:00,2024-02-06,0.05,0.05,0.05,0.05,0,0,1
FINNIFTY06FEB2421300PE.NFO,2024-01-11,12:36:00,2024-02-06,0.05,0.05,0.05,0.05,0,0,1
FINNIFTY06FEB2421300PE.NFO,2024-01-11,12:37:00,2024-02-06,0.05,0.05,0.05,0.05,0,0,1
FINNIFTY06FEB2421300PE.NFO,2024-01-11,12:38:00,2024-02-06,0.05,0.05,0.05,0.05,0,0,1
FINNIFTY06FEB2421300PE.NFO,2024-01-11,12:39:00,2024-02-06,0.05,0.05,0.05,0.05,0,0,1
FINNIFTY06FEB2421300PE.NFO,2024-01-11,12:40:00,2024-02-06,0.05,0.05,0.05,0.05,0,0,1
FINNIFTY06FEB2421300PE.NFO,2024-01-11,12:41:00,2024-02-06,0.05,0.05,0.05,0.05,0,0,1
FINNIFTY06FEB2421300PE.NFO,2024-01-11,12:42:00,2024-02-06,0.05,0.05,0.05,0.05,0,0,1
FINNIFTY06FEB2421300PE.NFO,2024-01-11,12:43:00,2024-02-06,0.05,0.05,0.05,0.05,0,0,1
FINNIFTY06FEB2421300PE.NFO,2024-01-11,12:44:00,2024-02-06,0.05,0.05,0.05,0.05,0,0,1
FINNIFTY06FEB2421300PE.NFO,2024-01-11,12:45:00,2024-02-06,0.05,0.05,0.05,0.05,0,0,1
FINNIFTY06FEB2421300PE.NFO,2024-01-11,12:46:00,2024-02-06,0.05,0.05,0.05,0.05,0,0,1
FINNIFTY06FEB2421300PE.NFO,2024-01-11,12:47:00,2024-02-06,0.05,0.05,0.05,0.05,0,0,1
FINNIFTY06FEB2421300PE.NFO,2024-01-11,12:48:00,2024-02-06,0.05,0.05,0.05,0.05,0,0,1
FINNIFTY06FEB2421300PE.NFO,2024-01-11,12:49:00,2024-02-06,0.05,0.05,0.05,0.05,0,0,1
FINNIFTY06FEB2421300PE.NFO,2024-01-11,12:50:00,2024-02-06,0.05,0.05,0.05,0.05,0,0,1
FINNIFTY06FEB2421300PE.NFO,2024-01-11,12:51:00,2024-02-06,0.05,0.05,0.05,0.05,0,0,1
FINNIFTY06FEB2421300PE.NFO,2024-01-11,12:52:00,2024-02-06,0.05,0.05,0.05,0.05,0,0,1
FINNIFTY06FEB2421300PE.NFO,2024-01-11,12:53:00,2024-02-06,0.05,0.05,0.05,0.05,0,0,1
FINNIFTY06FEB2421300PE.NFO,2024-01-11,12:54:00,2024-02-06,0.05,0.05,0.05,0.05,0,0,1
FINNIFTY06FEB2421300PE.NFO,2024-01-11,12:55:00,2024-02-06,0.05,0.05,0.05,0.05,0,0,1
FINNIFTY06FEB2421300PE.NFO,2024-01-11,12:56:00,2024-02-06,0.05,0.05,0.05,0.05,0,0,1
FINNIFTY06FEB2421300PE.NFO,2024-01-11,12:57:00,2024-02-06,0.05,0.05,0.05,0.05,0,0,1
FINNIFTY06FEB2421300PE.NFO,2024-01-11,12:58:00,2024-02-06,0.05,0.05,0.05,0.05,0,0,1
FINNIFTY06FEB2421300PE.NFO,2024-01-11,12:59:00,2024-02-06,0.05,0.05,0.05,0.05,0,0,1
FINNIFTY06FEB2421300PE.NFO,2024-01-11,13:00:00,2024-02-06,0.05,0.05,0.05,0.05,0,0,1
FINNIFTY06FEB2421300PE.NFO,2024-01-11,13:01:00,2024-02-06,0.05,0.05,0.05,0.05,0,0,1
FINNIFTY06FEB2421300PE.NFO,2024-01-11,13:02:00,2024-02-06,0.05,0.05,0.05,0.05,0,0,1
FINNIFTY06FEB2421300PE.NFO,2024-01-11,13:03:00,2024-02-06,0.05,0.05,0.05,0.05,0,0,1
FINNIFTY06FEB2421300PE.NFO,2024-01-11,13:04:00,2024-02-06,0.05,0.05,0.05,0.05,0,0,1
FINNIFTY06FEB2421300PE.NFO,2024-01-11,13:05:00,2024-02-06,0.05,0.05,0.05,0.05,0,0,1
FINNIFTY06FEB2421300PE.NFO,2024-01-11,13:06:00,2024-02-06,0.05,0.05,0.05,0.05,0,0,1
FINNIFTY06FEB2421300PE.NFO,2024-01-11,13:07:00,2024-02-06,0.05,0.05,0.05,0.05,0,0,1
FINNIFTY06FEB2421300PE.NFO,2024-01-11,13:08:00,2024-02-06,0.05,0.05,0.05,0.05,0,0,1
FINNIFTY06FEB2421300PE.NFO,2024-01-11,13:09:00,2024-02-06,0.05,0.05,0.05,0.05,0,0,1
FINNIFTY06FEB2421300PE.NFO,2024-01-11,13:10:00,2024-02-06,0.05,0.05,0.05,0.05,0,0,1
FINNIFTY06FEB2421300PE.NFO,2024-01-11,13:11:00,2024-02-06,0.05,0.05,0.05,0.05,0,0,1
FINNIFTY06FEB2421300PE.NFO,2024-01-11,13:12:00,2024-02-06,0.05,0.05,0.05,0.05,0,0,1
FINNIFTY06FEB2421300PE.NFO,2024-01-11,13:13:00,2024-02-06,0.05,0.05,0.05,0.05,0,0,1
FINNIFTY06FEB2421300PE.NFO,2024-01-11,13:14:00,2024-02-06,0.05,0.05,0.05,0.05,0,0,1
FINNIFTY06FEB2421300PE.NFO,2024-01-11,13:15:00,2024-02-06,0.05,0.05,0.05,0.05,0,0,1
FINNIFTY06FEB2421300PE.NFO,2024-01-11,13:16:00,2024-02-06,0.05,0.05,0.05,0.05,0,0,1
FINNIFTY06FEB2421300PE.NFO,2024-01-11,13:17:00,2024-02-06,0.05,0.05,0.05,0.05,0,0,1
FINNIFTY06FEB2421300PE.NFO,2024-01-11,13:18:00,2024-02-06,0.05,0.05,0.05,0.05,0,0,1
FINNIFTY06FEB2421300PE.NFO,2024-01-11,13:19:00,2024-02-06,0.05,0.05,0.05,0.05,0,0,1
FINNIFTY06FEB2421300PE.NFO,2024-01-11,13:20:00,2024-02-06,0.05,0.05,0.05,0.05,0,0,1
FINNIFTY06FEB2421300PE.NFO,2024-01-11,13:21:00,2024-02-06,0.05,0.05,0.05,0.05,0,0,1
FINNIFTY06FEB2421300PE.NFO,2024-01-11,13:22:00,2024-02-06,0.05,0.05,0.05,0.05,0,0,1
FINNIFTY06FEB2421300PE.NFO,2024-01-11,13:23:00,2024-02-06,0.05,0.05,0.05,0.05,0,0,1
FINNIFTY06FEB2421300PE.NFO,2024-01-11,13:24:00,2024-02-06,0.05,0.05,0.05,0.05,0,0,1
FINNIFTY06FEB2421300PE.NFO,2024-01-11,13:25:00,2024-02-06,0.05,0.05,0.05,0.05,0,0,1
FINNIFTY06FEB2421300PE.NFO,2024-01-11,13:26:00,2024-02-06,0.05,0.05,0.05,0.05,0,0,1
FINNIFTY06FEB2421300PE.NFO,2024-01-11,13:27:00,2024-02-06,0.05,0.05,0.05,0.05,0,0,1
FINNIFTY06FEB2421300PE.NFO,2024-01-11,13:28:00,2024-02-06,0.05,0.05,0.05,0.05,0,0,1
FINNIFTY06FEB2421300PE.NFO,2024-01-11,13:29:00,2024-02-06,0.05,0.05,0.05,0.05,0,0,1
FINNIFTY06FEB2421300PE.NFO,2024-01-11,13:30:00,2024-02-06,0.05,0.05,0.05,0.05,0,0,1
FINNIFTY06FEB2421300PE.NFO,2024-01-11,13:31:00,2024-02-06,0.05,0.05,0.05,0.05,0,0,1
FINNIFTY06FEB2421300PE.NFO,2024-01-11,13:32:00,2024-02-06,0.05,0.05,0.05,0.05,0,0,1
FINNIFTY06FEB2421300PE.NFO,2024-01-11,13:33:00,2024-02-06,0.05,0.05,0.05,0.05,0,0,1
FINNIFTY06FEB2421300PE.NFO,2024-01-11,13:34:00,2024-02-06,0.05,0.05,0.05,0.05,0,0,1
FINNIFTY06FEB2421300PE.NFO,2024-01-11,13:35:00,2024-02-06,0.05,0.05,0.05,0.05,0,0,1
FINNIFTY06FEB2421300PE.NFO,2024-01-11,13:36:00,2024-02-06,0.05,0.05,0.05,0.05,0,0,1
FINNIFTY06FEB2421300PE.NFO,2024-01-11,13:37:00,2024-02-06,0.05,0.05,0.05,0.05,0,0,1
FINNIFTY06FEB2421300PE.NFO,2024-01-11,13:38:00,2024-02-06,0.05,0.05,0.05,0.05,0,0,1
FINNIFTY06FEB2421300PE.NFO,2024-01-11,13:39:00,2024-02-06,0.05,0.05,0.05,0.05,0,0,1
FINNIFTY06FEB2421300PE.NFO,2024-01-11,13:40:00,2024-02-06,0.05,0.05,0.05,0.05,0,0,1
FINNIFTY06FEB2421300PE.NFO,2024-01-11,13:41:00,2024-02-06,0.05,0.05,0.05,0.05,0,0,1
FINNIFTY06FEB2421300PE.NFO,2024-01-11,13:42:00,2024-02-06,0.05,0.05,0.05,0.05,0,0,1
FINNIFTY06FEB2421300PE.NFO,2024-01-11,13:43:00,2024-02-06,0.05,0.05,0.05,0.05,0,0,1
FINNIFTY06FEB2421300PE.NFO,2024-01-11,13:44:00,2024-02-06,0.05,0.05,0.05,0.05,0,0,1
FINNIFTY06FEB2421300PE.NFO,2024-01-11,13:45:00,2024-02-06,0.05,0.05,0.05,0.05,0,0,1
FINNIFTY06FEB2421300PE.NFO,2024-01-11,13:46:00,2024-02-06,0.05,0.05,0.05,0.05,0,0,1
FINNIFTY06FEB2421300PE.NFO,2024-01-11,13:47:00,2024-02-06,0.05,0.05,0.05,0.05,0,0,1
FINNIFTY06FEB2421300PE.NFO,2024-01-11,13:48:00,2024-02-06,0.05,0.05,0.05,0.05,0,0,1
FINNIFTY06FEB2421300PE.NFO,2024-01-11,13:49:00,2024-02-06,0.05,0.05,0.05,0.05,0,0,1
FINNIFTY06FEB2421300PE.NFO,2024-01-11,13:50:00,2024-02-06,0.05,0.05,0.05,0.05,0,0,1
FINNIFTY06FEB2421300PE.NFO,2024-01-11,13:51:00,2024-02-06,0.05,0.05,0.05,0.05,0,0,1
FINNIFTY06FEB2421300PE.NFO,2024-01-11,13:52:00,2024-02-06,0.05,0.05,0.05,0.05,0,0,1
FINNIFTY06FEB2421300PE.NFO,2024-01-11,13:53:00,2024-02-06,0.05,0.05,0.05,0.05,0,0,1
FINNIFTY06FEB2421300PE.NFO,2024-01-11,13:54:00,2024-02-06,0.05,0.05,0.05,0.05,0,0,1
FINNIFTY06FEB2421300PE.NFO,2024-01-11,13:55:00,2024-02-06,0.05,0.05,0.05,0.05,0,0,1
FINNIFTY06FEB2421300PE.NFO,2024-01-11,13:56:00,2024-02-06,0.05,0.05,0.05,0.05,0,0,1
FINNIFTY06FEB2421300PE.NFO,2024-01-11,13:57:00,2024-02-06,0.05,0.05,0.05,0.05,0,0,1
FINNIFTY06FEB2421300PE.NFO,2024-01-11,13:58:00,2024-02-06,0.05,0.05,0.05,0.05,0,0,1
FINNIFTY06FEB2421300PE.NFO,2024-01-11,13:59:00,2024-02-06,0.05,0.05,0.05,0.05,0,0,1
FINNIFTY06FEB2421300PE.NFO,2024-01-11,14:00:00,2024-02-06,0.05,0.05,0.05,0.05,0,0,1
FINNIFTY06FEB2421300PE.NFO,2024-01-11,14:01:00,2024-02-06,0.05,0.05,0.05,0.05,0,0,1
FINNIFTY06FEB2421300PE.NFO,2024-01-11,14:02:00,2024-02-06,0.05,0.05,0.05,0.05,0,0,1
FINNIFTY06FEB2421300PE.NFO,2024-01-11,14:03:00,2024-02-06,0.05,0.05,0.05,0.05,0,0,1
FINNIFTY06FEB2421300PE.NFO,2024-01-11,14:04:00,2024-02-06,0.05,0.05,0.05,0.05,0,0,1
FINNIFTY06FEB2421300PE.NFO,2024-01-11,14:05:00,2024-02-06,0.05,0.05,0.05,0.05,0,0,1
FINNIFTY06FEB2421300PE.NFO,2024-01-11,14:06:00,2024-02-06,0.05,0.05,0.05,0.05,0,0,1
FINNIFTY06FEB2421300PE.NFO,2024-01-11,14:07:00,2024-02-06,0.05,0.05,0.05,0.05,0,0,1
FINNIFTY06FEB2421300PE.NFO,2024-01-11,14:08:00,2024-02-06,0.05,0.05,0.05,0.05,0,0,1
FINNIFTY06FEB2421300PE.NFO,2024-01-11,14:09:00,2024-02-06,0.05,0.05,0.05,0.05,0,0,1
FINNIFTY06FEB2421300PE.NFO,2024-01-11,14:10:00,2024-02-06,0.05,0.05,0.05,0.05,0,0,1
FINNIFTY06FEB2421300PE.NFO,2024-01-11,14:11:00,2024-02-06,0.05,0.05,0.05,0.05,0,0,1
FINNIFTY06FEB2421300PE.NFO,2024-01-11,14:12:00,2024-02-06,0.05,0.05,0.05,0.05,0,0,1
FINNIFTY06FEB2421300PE.NFO,2024-01-11,14:13:00,2024-02-06,0.05,0.05,0.05,0.05,0,0,1
FINNIFTY06FEB2421300PE.NFO,2024-01-11,14:14:00,2024-02-06,0.05,0.05,0.05,0.05,0,0,1
FINNIFTY06FEB2421300PE.NFO,2024-01-11,14:15:00,2024-02-06,0.05,0.05,0.05,0.05,0,0,1
FINNIFTY06FEB2421300PE.NFO,2024-01-11,14:16:00,2024-02-06,0.05,0.05,0.05,0.05,0,0,1
FINNIFTY06FEB2421300PE.NFO,2024-01-11,14:17:00,2024-02-06,0.05,0.05,0.05,0.05,0,0,1
FINNIFTY06FEB2421300PE.NFO,2024-01-11,14:18:00,2024-02-06,0.05,0.05,0.05,0.05,0,0,1
FINNIFTY06FEB2421300PE.NFO,2024-01-11,14:19:00,2024-02-06,0.05,0.05,0.05,0.05,0,0,1
FINNIFTY06FEB2421300PE.NFO,2024-01-11,14:20:00,2024-02-06,0.05,0.05,0.05,0.05,0,0,1
FINNIFTY06FEB2421300PE.NFO,2024-01-11,14:21:00,2024-02-06,0.05,0.05,0.05,0.05,0,0,1
FINNIFTY06FEB2421300PE.NFO,2024-01-11,14:22:00,2024-02-06,0.05,0.05,0.05,0.05,0,0,1
FINNIFTY06FEB2421300PE.NFO,2024-01-11,14:23:00,2024-02-06,0.05,0.05,0.05,0.05,0,0,1
FINNIFTY06FEB2421300PE.NFO,2024-01-11,14:24:00,2024-02-06,0.05,0.05,0.05,0.05,0,0,1
FINNIFTY06FEB2421300PE.NFO,2024-01-11,14:25:00,2024-02-06,0.05,0.05,0.05,0.05,0,0,1
FINNIFTY06FEB2421300PE.NFO,2024-01-11,14:26:00,2024-02-06,0.05,0.05,0.05,0.05,0,0,1
FINNIFTY06FEB2421300PE.NFO,2024-01-11,14:27:00,2024-02-06,0.05,0.05,0.05,0.05,0,0,1
FINNIFTY06FEB2421300PE.NFO,2024-01-11,14:28:00,2024-02-06,0.05,0.05,0.05,0.05,0,0,1
FINNIFTY06FEB2421300PE.NFO,2024-01-11,14:29:00,2024-02-06,0.05,0.05,0.05,0.05,0,0,1
FINNIFTY06FEB2421300PE.NFO,2024-01-11,14:30:00,2024-02-06,0.05,0.05,0.05,0.05,0,0,1
FINNIFTY06FEB2421300PE.NFO,2024-01-11,14:31:00,2024-02-06,0.05,0.05,0.05,0.05,0,0,1
FINNIFTY06FEB2421300PE.NFO,2024-01-11,14:32:00,2024-02-06,0.05,0.05,0.05,0.05,0,0,1
FINNIFTY06FEB2421300PE.NFO,2024-01-11,14:33:00,2024-02-06,0.05,0.05,0.05,0.05,0,0,1
FINNIFTY06FEB2421300PE.NFO,2024-01-11,14:34:00,2024-02-06,0.05,0.05,0.05,0.05,0,0,1
FINNIFTY06FEB2421300PE.NFO,2024-01-11,14:35:00,2024-02-06,0.05,0.05,0.05,0.05,0,0,1
FINNIFTY06FEB2421300PE.NFO,2024-01-11,14:36:00,2024-02-06,0.05,0.05,0.05,0.05,0,0,1
FINNIFTY06FEB2421300PE.NFO,2024-01-11,14:37:00,2024-02-06,0.05,0.05,0.05,0.05,0,0,1
FINNIFTY06FEB2421300PE.NFO,2024-01-11,14:38:00,2024-02-06,0.05,0.05,0.05,0.05,0,0,1
FINNIFTY06FEB2421300PE.NFO,2024-01-11,14:39:00,2024-02-06,0.05,0.05,0.05,0.05,0,0,1
FINNIFTY06FEB2421300PE.NFO,2024-01-11,14:40:00,2024-02-06,0.05,0.05,0.05,0.05,0,0,1
FINNIFTY06FEB2421300PE.NFO,2024-01-11,14:41:00,2024-02-06,0.05,0.05,0.05,0.05,0,0,1
FINNIFTY06FEB2421300PE.NFO,2024-01-11,14:42:00,2024-02-06,0.05,0.05,0.05,0.05,0,0,1
FINNIFTY06FEB2421300PE.NFO,2024-01-11,14:43:00,2024-02-06,0.05,0.05,0.05,0.05,0,0,1
FINNIFTY06FEB2421300PE.NFO,2024-01-11,14:44:00,2024-02-06,0.05,0.05,0.05,0.05,0,0,1
FINNIFTY06FEB2421300PE.NFO,2024-01-11,14:45:00,2024-02-06,0.05,0.05,0.05,0.05,0,0,1
FINNIFTY06FEB2421300PE.NFO,2024-01-11,14:46:00,2024-02-06,0.05,0.05,0.05,0.05,0,0,1
FINNIFTY06FEB2421300PE.NFO,2024-01-11,14:47:00,2024-02-06,0.05,0.05,0.05,0.05,0,0,1
FINNIFTY06FEB2421300PE.NFO,2024-01-11,14:48:00,2024-02-06,0.05,0.05,0.05,0.05,0,0,1
FINNIFTY06FEB2421300PE.NFO,2024-01-11,14:49:00,2024-02-06,0.05,0.05,0.05,0.05,0,0,1
FINNIFTY06FEB2421300PE.NFO,2024-01-11,14:50:00,2024-02-06,0.05,0.05,0.05,0.05,0,0,1
FINNIFTY06FEB2421300PE.NFO,2024-01-11,14:51:00,2024-02-06,0.05,0.05,0.05,0.05,0,0,1
FINNIFTY06FEB2421300PE.NFO,2024-01-11,14:52:00,2024-02-06,0.05,0.05,0.05,0.05,0,0,1
FINNIFTY06FEB2421300PE.NFO,2024-01-11,14:53:00,2024-02-06,0.05,0.05,0.05,0.05,0,0,1
FINNIFTY06FEB2421300PE.NFO,2024-01-11,14:54:00,2024-02-06,0.05,0.05,0.05,0.05,0,0,1
FINNIFTY06FEB2421300PE.NFO,2024-01-11,14:55:00,2024-02-06,0.05,0.05,0.05,0.05,0,0,1
FINNIFTY06FEB2421300PE.NFO,2024-01-11,14:56:00,2024-02-06,0.05,0.05,0.05,0.05,0,0,1
FINNIFTY06FEB2421300PE.NFO,2024-01-11,14:57:00,2024-02-06,0.05,0.05,0.05,0.05,0,0,1
FINNIFTY06FEB2421300PE.NFO,2024-01-11,14:58:00,2024-02-06,0.05,0.05,0.05,0.05,0,0,1
FINNIFTY06FEB2421300PE.NFO,2024-01-11,14:59:00,2024-02-06,0.05,0.05,0.05,0.05,0,0,1
FINNIFTY06FEB2421300PE.NFO,2024-01-11,15:00:00,2024-02-06,0.05,0.05,0.05,0.05,0,0,1
FINNIFTY06FEB2421300PE.NFO,2024-01-11,15:01:00,2024-02-06,0.05,0.05,0.05,0.05,0,0,1
FINNIFTY06FEB2421300PE.NFO,2024-01-11,15:02:00,2024-02-06,0.05,0.05,0.05,0.05,0,0,1
FINNIFTY06FEB2421300PE.NFO,2024-01-11,15:03:00,2024-02-06,0.05,0.05,0.05,0.05,0,0,1
FINNIFTY06FEB2421300PE.NFO,2024-01-11,15:04:00,2024-02-06,0.05,0.05,0.05,0.05,0,0,1
FINNIFTY06FEB2421300PE.NFO,2024-01-11,15:05:00,2024-02-06,0.05,0.05,0.05,0.05,0,0,1
FINNIFTY06FEB2421300PE.NFO,2024-01-11,15:06:00,2024-02-06,0.05,0.05,0.05,0.05,0,0,1
FINNIFTY06FEB2421300PE.NFO,2024-01-11,15:07:00,2024-02-06,0.05,0.05,0.05,0.05,0,0,1
FINNIFTY06FEB2421300PE.NFO,2024-01-11,15:08:00,2024-02-06,0.05,0.05,0.05,0.05,0,0,1
FINNIFTY06FEB2421300PE.NFO,2024-01-11,15:09:00,2024-02-06,0.05,0.05,0.05,0.05,0,0,1
FINNIFTY06FEB2421300PE.NFO,2024-01-11,15:10:00,2024-02-06,0.05,0.05,0.05,0.05,0,0,1
FINNIFTY06FEB2421300PE.NFO,2024-01-11,15:11:00,2024-02-06,0.05,0.05,0.05,0.05,0,0,1
FINNIFTY06FEB2421300PE.NFO,2024-01-11,15:12:00,2024-02-06,0.05,0.05,0.05,0.05,0,0,1
FINNIFTY06FEB2421300PE.NFO,2024-01-11,15:13:00,2024-02-06,0.05,0.05,0.05,0.05,0,0,1
FINNIFTY06FEB2421300PE.NFO,2024-01-11,15:14:00,2024-02-06,0.05,0.05,0.05,0.05,0,0,1
FINNIFTY06FEB2421300PE.NFO,2024-01-11,15:15:00,2024-02-06,0.05,0.05,0.05,0.05,0,0,1
FINNIFTY06FEB2421300PE.NFO,2024-01-11,15:16:00,2024-02-06,0.05,0.05,0.05,0.05,0,0,1
FINNIFTY06FEB2421300PE.NFO,2024-01-11,15:17:00,2024-02-06,0.05,0.05,0.05,0.05,0,0,1
FINNIFTY06FEB2421300PE.NFO,2024-01-11,15:18:00,2024-02-06,0.05,0.05,0.05,0.05,0,0,1
FINNIFTY06FEB2421300PE.NFO,2024-01-11,15:19:00,2024-02-06,0.05,0.05,0.05,0.05,0,0,1
FINNIFTY06FEB2421300PE.NFO,2024-01-11,15:20:00,2024-02-06,0.05,0.05,0.05,0.05,0,0,1
FINNIFTY06FEB2421300PE.NFO,2024-01-11,15:21:00,2024-02-06,0.05,0.05,0.05,0.05,0,0,1
FINNIFTY06FEB2421300PE.NFO,2024-01-11,15:22:00,2024-02-06,0.05,0.05,0.05,0.05,0,0,1
FINNIFTY06FEB2421300PE.NFO,2024-01-11,15:23:00,2024-02-06,0.05,0.05,0.05,0.05,0,0,1
FINNIFTY06FEB2421300PE.NFO,2024-01-11,15:24:00,2024-02-06,0.05,0.05,0.05,0.05,0,0,1
FINNIFTY06FEB2421300PE.NFO,2024-01-11,15:25:00,2024-02-06,0.05,0.05,0.05,0.05,0,0,1
FINNIFTY06FEB2421300PE.NFO,2024-01-11,15:26:00,2024-02-06,0.05,0.05,0.05,0.05,0,0,1
FINNIFTY06FEB2421300PE.NFO,2024-01-11,15:27:00,2024-02-06,0.05,0.05,0.05,0.05,0,0,1
FINNIFTY06FEB2421300PE.NFO,2024-01-11,15:28:00,2024-02-06,0.05,0.05,0.05,0.05,0,0,1
FINNIFTY06FEB2421300PE.NFO,2024-01-11,15:29:00,2024-02-06,0.05,0.05,0.05,0.05,0,0,1
FINNIFTY06FEB2421300PE.NFO,2024-01-11,15:30:00,2024-02-06,0.05,0.05,0.05,0.05,0,0,1
FINNIFTY06FEB2421300PE.NFO,2024-01-30,09:15:00,2024-02-06,966.15,966.15,966.15,966.15,960,0,1
FINNIFTY06FEB2421300PE.NFO,2024-01-30,09:16:00,2024-02-06,966.15,966.15,966.15,966.15,960,0,1
FINNIFTY06FEB2421300PE.NFO,2024-01-30,09:17:00,2024-02-06,966.15,966.15,966.15,966.15,960,0,1
FINNIFTY06FEB2421300PE.NFO,2024-01-30,09:18:00,2024-02-06,966.15,966.15,966.15,966.15,960,0,1
FINNIFTY06FEB2421300PE.NFO,2024-01-30,09:19:00,2024-02-06,966.15,966.15,966.15,966.15,960,0,1
FINNIFTY06FEB2421300PE.NFO,2024-01-30,09:20:00,2024-02-06,966.15,966.15,966.15,966.15,960,0,1
FINNIFTY06FEB2421300PE.NFO,2024-01-30,09:21:00,2024-02-06,966.15,966.15,966.15,966.15,960,0,1
FINNIFTY06FEB2421300PE.NFO,2024-01-30,09:22:00,2024-02-06,966.15,966.15,966.15,966.15,960,0,1
FINNIFTY06FEB2421300PE.NFO,2024-01-30,09:23:00,2024-02-06,966.15,966.15,966.15,966.15,960,0,1
FINNIFTY06FEB2421300PE.NFO,2024-01-30,09:24:00,2024-02-06,966.15,966.15,966.15,966.15,960,0,1
FINNIFTY06FEB2421300PE.NFO,2024-01-30,09:25:00,2024-02-06,966.15,966.15,966.15,966.15,960,0,1
FINNIFTY06FEB2421300PE.NFO,2024-01-30,09:26:00,2024-02-06,966.15,966.15,966.15,966.15,960,0,1
FINNIFTY06FEB2421300PE.NFO,2024-01-30,09:27:00,2024-02-06,966.15,966.15,966.15,966.15,960,0,1
FINNIFTY06FEB2421300PE.NFO,2024-01-30,09:28:00,2024-02-06,966.15,966.15,966.15,966.15,960,0,1
FINNIFTY06FEB2421300PE.NFO,2024-01-30,09:29:00,2024-02-06,966.15,966.15,966.15,966.15,960,0,1
FINNIFTY06FEB2421300PE.NFO,2024-01-30,09:30:00,2024-02-06,966.15,966.15,966.15,966.15,960,0,1
FINNIFTY06FEB2421300PE.NFO,2024-01-30,09:31:00,2024-02-06,966.15,966.15,966.15,966.15,960,0,1
FINNIFTY06FEB2421300PE.NFO,2024-01-30,09:32:00,2024-02-06,966.15,966.15,966.15,966.15,960,0,1
FINNIFTY06FEB2421300PE.NFO,2024-01-30,09:33:00,2024-02-06,966.15,966.15,966.15,966.15,960,0,1
FINNIFTY06FEB2421300PE.NFO,2024-01-30,09:34:00,2024-02-06,966.15,966.15,966.15,966.15,960,0,1
FINNIFTY06FEB2421300PE.NFO,2024-01-30,09:35:00,2024-02-06,966.15,966.15,966.15,966.15,960,0,1
FINNIFTY06FEB2421300PE.NFO,2024-01-30,09:36:00,2024-02-06,966.15,966.15,966.15,966.15,960,0,1
FINNIFTY06FEB2421300PE.NFO,2024-01-30,09:37:00,2024-02-06,966.15,966.15,966.15,966.15,960,0,1
FINNIFTY06FEB2421300PE.NFO,2024-01-30,09:38:00,2024-02-06,966.15,966.15,966.15,966.15,960,0,1
FINNIFTY06FEB2421300PE.NFO,2024-01-30,09:39:00,2024-02-06,966.15,966.15,966.15,966.15,960,0,1
FINNIFTY06FEB2421300PE.NFO,2024-01-30,09:40:00,2024-02-06,966.15,966.15,966.15,966.15,960,0,1
FINNIFTY06FEB2421300PE.NFO,2024-01-30,09:41:00,2024-02-06,966.15,966.15,966.15,966.15,960,0,1
FINNIFTY06FEB2421300PE.NFO,2024-01-30,09:42:00,2024-02-06,966.15,966.15,966.15,966.15,960,0,1
FINNIFTY06FEB2421300PE.NFO,2024-01-30,09:43:00,2024-02-06,966.15,966.15,966.15,966.15,960,0,1
FINNIFTY06FEB2421300PE.NFO,2024-01-30,09:44:00,2024-02-06,966.15,966.15,966.15,966.15,960,0,1
FINNIFTY06FEB2421300PE.NFO,2024-01-30,09:45:00,2024-02-06,966.15,966.15,966.15,966.15,960,0,1
FINNIFTY06FEB2421300PE.NFO,2024-01-30,09:46:00,2024-02-06,966.15,966.15,966.15,966.15,960,0,1
FINNIFTY06FEB2421300PE.NFO,2024-01-30,09:47:00,2024-02-06,966.15,966.15,966.15,966.15,960,0,1
FINNIFTY06FEB2421300PE.NFO,2024-01-30,09:48:00,2024-02-06,966.15,966.15,966.15,966.15,960,0,1
FINNIFTY06FEB2421300PE.NFO,2024-01-30,09:49:00,2024-02-06,966.15,966.15,966.15,966.15,960,0,1
FINNIFTY06FEB2421300PE.NFO,2024-01-30,09:50:00,2024-02-06,966.15,966.15,966.15,966.15,960,0,1
FINNIFTY06FEB2421300PE.NFO,2024-01-30,09:51:00,2024-02-06,966.15,966.15,966.15,966.15,960,0,1
FINNIFTY06FEB2421300PE.NFO,2024-01-30,09:52:00,2024-02-06,966.15,966.15,966.15,966.15,960,0,1
FINNIFTY06FEB2421300PE.NFO,2024-01-30,09:53:00,2024-02-06,966.15,966.15,966.15,966.15,960,0,1
FINNIFTY06FEB2421300PE.NFO,2024-01-30,09:54:00,2024-02-06,966.15,966.15,966.15,966.15,960,0,1
FINNIFTY06FEB2421300PE.NFO,2024-01-30,09:55:00,2024-02-06,966.15,966.15,966.15,966.15,960,0,1
FINNIFTY06FEB2421300PE.NFO,2024-01-30,09:56:00,2024-02-06,966.15,966.15,966.15,966.15,960,0,1
FINNIFTY06FEB2421300PE.NFO,2024-01-30,09:57:00,2024-02-06,966.15,966.15,966.15,966.15,960,0,1
FINNIFTY06FEB2421300PE.NFO,2024-01-30,09:58:00,2024-02-06,966.15,966.15,966.15,966.15,960,0,1
FINNIFTY06FEB2421300PE.NFO,2024-01-30,09:59:00,2024-02-06,966.15,966.15,966.15,966.15,960,0,1
FINNIFTY06FEB2421300PE.NFO,2024-01-30,10:00:00,2024-02-06,966.15,966.15,966.15,966.15,960,0,1
FINNIFTY06FEB2421300PE.NFO,2024-01-30,10:01:00,2024-02-06,966.15,966.15,966.15,966.15,960,0,1
FINNIFTY06FEB2421300PE.NFO,2024-01-30,10:02:00,2024-02-06,966.15,966.15,966.15,966.15,960,0,1
FINNIFTY06FEB2421300PE.NFO,2024-01-30,10:03:00,2024-02-06,966.15,966.15,966.15,966.15,960,0,1
FINNIFTY06FEB2421300PE.NFO,2024-01-30,10:04:00,2024-02-06,966.15,966.15,966.15,966.15,960,0,1
FINNIFTY06FEB2421300PE.NFO,2024-01-30,10:05:00,2024-02-06,966.15,966.15,966.15,966.15,960,0,1
FINNIFTY06FEB2421300PE.NFO,2024-01-30,10:06:00,2024-02-06,966.15,966.15,966.15,966.15,960,0,1
FINNIFTY06FEB2421300PE.NFO,2024-01-30,10:07:00,2024-02-06,966.15,966.15,966.15,966.15,960,0,1
FINNIFTY06FEB2421300PE.NFO,2024-01-30,10:08:00,2024-02-06,966.15,966.15,966.15,966.15,960,0,1
FINNIFTY06FEB2421300PE.NFO,2024-01-30,10:09:00,2024-02-06,966.15,966.15,966.15,966.15,960,0,1
FINNIFTY06FEB2421300PE.NFO,2024-01-30,10:10:00,2024-02-06,966.15,966.15,966.15,966.15,960,0,1
FINNIFTY06FEB2421300PE.NFO,2024-01-30,10:11:00,2024-02-06,966.15,966.15,966.15,966.15,960,0,1
FINNIFTY06FEB2421300PE.NFO,2024-01-30,10:12:00,2024-02-06,966.15,966.15,966.15,966.15,960,0,1
FINNIFTY06FEB2421300PE.NFO,2024-01-30,10:13:00,2024-02-06,966.15,966.15,966.15,966.15,960,0,1
FINNIFTY06FEB2421300PE.NFO,2024-01-30,10:14:00,2024-02-06,966.15,966.15,966.15,966.15,960,0,1
FINNIFTY06FEB2421300PE.NFO,2024-01-30,10:15:00,2024-02-06,966.15,966.15,966.15,966.15,960,0,1
FINNIFTY06FEB2421300PE.NFO,2024-01-30,10:16:00,2024-02-06,966.15,966.15,966.15,966.15,960,0,1
FINNIFTY06FEB2421300PE.NFO,2024-01-30,10:17:00,2024-02-06,966.15,966.15,966.15,966.15,960,0,1
FINNIFTY06FEB2421300PE.NFO,2024-01-30,10:18:00,2024-02-06,966.15,966.15,966.15,966.15,960,0,1
FINNIFTY06FEB2421300PE.NFO,2024-01-30,10:19:00,2024-02-06,966.15,966.15,966.15,966.15,960,0,1
FINNIFTY06FEB2421300PE.NFO,2024-01-30,10:20:00,2024-02-06,966.15,966.15,966.15,966.15,960,0,1
FINNIFTY06FEB2421300PE.NFO,2024-01-30,10:21:00,2024-02-06,966.15,966.15,966.15,966.15,960,0,1
FINNIFTY06FEB2421300PE.NFO,2024-01-30,10:22:00,2024-02-06,966.15,966.15,966.15,966.15,960,0,1
FINNIFTY06FEB2421300PE.NFO,2024-01-30,10:23:00,2024-02-06,966.15,966.15,966.15,966.15,960,0,1
FINNIFTY06FEB2421300PE.NFO,2024-01-30,10:24:00,2024-02-06,966.15,966.15,966.15,966.15,960,0,1
FINNIFTY06FEB2421300PE.NFO,2024-01-30,10:25:00,2024-02-06,966.15,966.15,966.15,966.15,960,0,1
FINNIFTY06FEB2421300PE.NFO,2024-01-30,10:26:00,2024-02-06,966.15,966.15,966.15,966.15,960,0,1
FINNIFTY06FEB2421300PE.NFO,2024-01-30,10:27:00,2024-02-06,966.15,966.15,966.15,966.15,960,0,1
FINNIFTY06FEB2421300PE.NFO,2024-01-30,10:28:00,2024-02-06,966.15,966.15,966.15,966.15,960,0,1
FINNIFTY06FEB2421300PE.NFO,2024-01-30,10:29:00,2024-02-06,966.15,966.15,966.15,966.15,960,0,1
FINNIFTY06FEB2421300PE.NFO,2024-01-30,10:30:00,2024-02-06,966.15,966.15,966.15,966.15,960,0,1
FINNIFTY06FEB2421300PE.NFO,2024-01-30,10:31:00,2024-02-06,966.15,966.15,966.15,966.15,960,0,1
FINNIFTY06FEB2421300PE.NFO,2024-01-30,10:32:00,2024-02-06,966.15,966.15,966.15,966.15,960,0,1
FINNIFTY06FEB2421300PE.NFO,2024-01-30,10:33:00,2024-02-06,966.15,966.15,966.15,966.15,960,0,1
FINNIFTY06FEB2421300PE.NFO,2024-01-30,10:34:00,2024-02-06,966.15,966.15,966.15,966.15,960,0,1
FINNIFTY06FEB2421300PE.NFO,2024-01-30,10:35:00,2024-02-06,966.15,966.15,966.15,966.15,960,0,1
FINNIFTY06FEB2421300PE.NFO,2024-01-30,10:36:00,2024-02-06,966.15,966.15,966.15,966.15,960,0,1
FINNIFTY06FEB2421300PE.NFO,2024-01-30,10:37:00,2024-02-06,966.15,966.15,966.15,966.15,960,0,1
FINNIFTY06FEB2421300PE.NFO,2024-01-30,10:38:00,2024-02-06,966.15,966.15,966.15,966.15,960,0,1
FINNIFTY06FEB2421300PE.NFO,2024-01-30,10:39:00,2024-02-06,966.15,966.15,966.15,966.15,960,0,1
FINNIFTY06FEB2421300PE.NFO,2024-01-30,10:40:00,2024-02-06,966.15,966.15,966.15,966.15,960,0,1
FINNIFTY06FEB2421300PE.NFO,2024-01-30,10:41:00,2024-02-06,966.15,966.15,966.15,966.15,960,0,1
FINNIFTY06FEB2421300PE.NFO,2024-01-30,10:42:00,2024-02-06,966.15,966.15,966.15,966.15,960,0,1
FINNIFTY06FEB2421300PE.NFO,2024-01-30,10:43:00,2024-02-06,966.15,966.15,966.15,966.15,960,0,1
FINNIFTY06FEB2421300PE.NFO,2024-01-30,10:44:00,2024-02-06,966.15,966.15,966.15,966.15,960,0,1
FINNIFTY06FEB2421300PE.NFO,2024-01-30,10:45:00,2024-02-06,966.15,966.15,966.15,966.15,960,0,1
FINNIFTY06FEB2421300PE.NFO,2024-01-30,10:46:00,2024-02-06,966.15,966.15,966.15,966.15,960,0,1
FINNIFTY06FEB2421300PE.NFO,2024-01-30,10:47:00,2024-02-06,966.15,966.15,966.15,966.15,960,0,1
FINNIFTY06FEB2421300PE.NFO,2024-01-30,10:48:00,2024-02-06,966.15,966.15,966.15,966.15,960,0,1
FINNIFTY06FEB2421300PE.NFO,2024-01-30,10:49:00,2024-02-06,966.15,966.15,966.15,966.15,960,0,1
FINNIFTY06FEB2421300PE.NFO,2024-01-30,10:50:00,2024-02-06,966.15,966.15,966.15,966.15,960,0,1
FINNIFTY06FEB2421300PE.NFO,2024-01-30,10:51:00,2024-02-06,966.15,966.15,966.15,966.15,960,0,1
FINNIFTY06FEB2421300PE.NFO,2024-01-30,10:52:00,2024-02-06,966.15,966.15,966.15,966.15,960,0,1
FINNIFTY06FEB2421300PE.NFO,2024-01-30,10:53:00,2024-02-06,966.15,966.15,966.15,966.15,960,0,1
FINNIFTY06FEB2421300PE.NFO,2024-01-30,10:54:00,2024-02-06,966.15,966.15,966.15,966.15,960,0,1
FINNIFTY06FEB2421300PE.NFO,2024-01-30,10:55:00,2024-02-06,966.15,966.15,966.15,966.15,960,0,1
FINNIFTY06FEB2421300PE.NFO,2024-01-30,10:56:00,2024-02-06,966.15,966.15,966.15,966.15,960,0,1
FINNIFTY06FEB2421300PE.NFO,2024-01-30,10:57:00,2024-02-06,966.15,966.15,966.15,966.15,960,0,1
FINNIFTY06FEB2421300PE.NFO,2024-01-30,10:58:00,2024-02-06,966.15,966.15,966.15,966.15,960,0,1
FINNIFTY06FEB2421300PE.NFO,2024-01-30,10:59:00,2024-02-06,966.15,966.15,966.15,966.15,960,0,1
FINNIFTY06FEB2421300PE.NFO,2024-01-30,11:00:00,2024-02-06,966.15,966.15,966.15,966.15,960,0,1
FINNIFTY06FEB2421300PE.NFO,2024-01-30,11:01:00,2024-02-06,966.15,966.15,966.15,966.15,960,0,1
FINNIFTY06FEB2421300PE.NFO,2024-01-30,11:02:00,2024-02-06,966.15,966.15,966.15,966.15,960,0,1
FINNIFTY06FEB2421300PE.NFO,2024-01-30,11:03:00,2024-02-06,966.15,966.15,966.15,966.15,960,0,1
FINNIFTY06FEB2421300PE.NFO,2024-01-30,11:04:00,2024-02-06,966.15,966.15,966.15,966.15,960,0,1
FINNIFTY06FEB2421300PE.NFO,2024-01-30,11:05:00,2024-02-06,966.15,966.15,966.15,966.15,960,0,1
FINNIFTY06FEB2421300PE.NFO,2024-01-30,11:06:00,2024-02-06,966.15,966.15,966.15,966.15,960,0,1
FINNIFTY06FEB2421300PE.NFO,2024-01-30,11:07:00,2024-02-06,966.15,966.15,966.15,966.15,960,0,1
FINNIFTY06FEB2421300PE.NFO,2024-01-30,11:08:00,2024-02-06,966.15,966.15,966.15,966.15,960,0,1
FINNIFTY06FEB2421300PE.NFO,2024-01-30,11:09:00,2024-02-06,966.15,966.15,966.15,966.15,960,0,1
FINNIFTY06FEB2421300PE.NFO,2024-01-30,11:10:00,2024-02-06,966.15,966.15,966.15,966.15,960,0,1
FINNIFTY06FEB2421300PE.NFO,2024-01-30,11:11:00,2024-02-06,966.15,966.15,966.15,966.15,960,0,1
FINNIFTY06FEB2421300PE.NFO,2024-01-30,11:12:00,2024-02-06,966.15,966.15,966.15,966.15,960,0,1
FINNIFTY06FEB2421300PE.NFO,2024-01-30,11:13:00,2024-02-06,966.15,966.15,966.15,966.15,960,0,1
FINNIFTY06FEB2421300PE.NFO,2024-01-30,11:14:00,2024-02-06,966.15,966.15,966.15,966.15,960,0,1
FINNIFTY06FEB2421300PE.NFO,2024-01-30,11:15:00,2024-02-06,966.15,966.15,966.15,966.15,960,0,1
FINNIFTY06FEB2421300PE.NFO,2024-01-30,11:16:00,2024-02-06,966.15,966.15,966.15,966.15,960,0,1
FINNIFTY06FEB2421300PE.NFO,2024-01-30,11:17:00,2024-02-06,966.15,966.15,966.15,966.15,960,0,1
FINNIFTY06FEB2421300PE.NFO,2024-01-30,11:18:00,2024-02-06,966.15,966.15,966.15,966.15,960,0,1
FINNIFTY06FEB2421300PE.NFO,2024-01-30,11:19:00,2024-02-06,966.15,966.15,966.15,966.15,960,0,1
FINNIFTY06FEB2421300PE.NFO,2024-01-30,11:20:00,2024-02-06,966.15,966.15,966.15,966.15,960,0,1
FINNIFTY06FEB2421300PE.NFO,2024-01-30,11:21:00,2024-02-06,966.15,966.15,966.15,966.15,960,0,1
FINNIFTY06FEB2421300PE.NFO,2024-01-30,11:22:00,2024-02-06,966.15,966.15,966.15,966.15,960,0,1
FINNIFTY06FEB2421300PE.NFO,2024-01-30,11:23:00,2024-02-06,966.15,966.15,966.15,966.15,960,0,1
FINNIFTY06FEB2421300PE.NFO,2024-01-30,11:24:00,2024-02-06,966.15,966.15,966.15,966.15,960,0,1
FINNIFTY06FEB2421300PE.NFO,2024-01-30,11:25:00,2024-02-06,966.15,966.15,966.15,966.15,960,0,1
FINNIFTY06FEB2421300PE.NFO,2024-01-30,11:26:00,2024-02-06,966.15,966.15,966.15,966.15,960,0,1
FINNIFTY06FEB2421300PE.NFO,2024-01-30,11:27:00,2024-02-06,966.15,966.15,966.15,966.15,960,0,1
FINNIFTY06FEB2421300PE.NFO,2024-01-30,11:28:00,2024-02-06,966.15,966.15,966.15,966.15,960,0,1
FINNIFTY06FEB2421300PE.NFO,2024-01-30,11:29:00,2024-02-06,966.15,966.15,966.15,966.15,960,0,1
FINNIFTY06FEB2421300PE.NFO,2024-01-30,11:30:00,2024-02-06,966.15,966.15,966.15,966.15,960,0,1
FINNIFTY06FEB2421300PE.NFO,2024-01-30,11:31:00,2024-02-06,966.15,966.15,966.15,966.15,960,0,1
FINNIFTY06FEB2421300PE.NFO,2024-01-30,11:32:00,2024-02-06,966.15,966.15,966.15,966.15,960,0,1
FINNIFTY06FEB2421300PE.NFO,2024-01-30,11:33:00,2024-02-06,966.15,966.15,966.15,966.15,960,0,1
FINNIFTY06FEB2421300PE.NFO,2024-01-30,11:34:00,2024-02-06,966.15,966.15,966.15,966.15,960,0,1
FINNIFTY06FEB2421300PE.NFO,2024-01-30,11:35:00,2024-02-06,966.15,966.15,966.15,966.15,960,0,1
FINNIFTY06FEB2421300PE.NFO,2024-01-30,11:36:00,2024-02-06,966.15,966.15,966.15,966.15,960,0,1
FINNIFTY06FEB2421300PE.NFO,2024-01-30,11:37:00,2024-02-06,966.15,966.15,966.15,966.15,960,0,1
FINNIFTY06FEB2421300PE.NFO,2024-01-30,11:38:00,2024-02-06,966.15,966.15,966.15,966.15,960,0,1
FINNIFTY06FEB2421300PE.NFO,2024-01-30,11:39:00,2024-02-06,966.15,966.15,966.15,966.15,960,0,1
FINNIFTY06FEB2421300PE.NFO,2024-01-30,11:40:00,2024-02-06,966.15,966.15,966.15,966.15,960,0,1
FINNIFTY06FEB2421300PE.NFO,2024-01-30,11:41:00,2024-02-06,966.15,966.15,966.15,966.15,960,0,1
FINNIFTY06FEB2421300PE.NFO,2024-01-30,11:42:00,2024-02-06,966.15,966.15,966.15,966.15,960,0,1
FINNIFTY06FEB2421300PE.NFO,2024-01-30,11:43:00,2024-02-06,966.15,966.15,966.15,966.15,960,0,1
FINNIFTY06FEB2421300PE.NFO,2024-01-30,11:44:00,2024-02-06,966.15,966.15,966.15,966.15,960,0,1
FINNIFTY06FEB2421300PE.NFO,2024-01-30,11:45:00,2024-02-06,966.15,966.15,966.15,966.15,960,0,1
FINNIFTY06FEB2421300PE.NFO,2024-01-30,11:46:00,2024-02-06,966.15,966.15,966.15,966.15,960,0,1
FINNIFTY06FEB2421300PE.NFO,2024-01-30,11:47:00,2024-02-06,966.15,966.15,966.15,966.15,960,0,1
FINNIFTY06FEB2421300PE.NFO,2024-01-30,11:48:00,2024-02-06,966.15,966.15,966.15,966.15,960,0,1
FINNIFTY06FEB2421300PE.NFO,2024-01-30,11:49:00,2024-02-06,966.15,966.15,966.15,966.15,960,0,1
FINNIFTY06FEB2421300PE.NFO,2024-01-30,11:50:00,2024-02-06,966.15,966.15,966.15,966.15,960,0,1
FINNIFTY06FEB2421300PE.NFO,2024-01-30,11:51:00,2024-02-06,966.15,966.15,966.15,966.15,960,0,1
FINNIFTY06FEB2421300PE.NFO,2024-01-30,11:52:00,2024-02-06,966.15,966.15,966.15,966.15,960,0,1
FINNIFTY06FEB2421300PE.NFO,2024-01-30,11:53:00,2024-02-06,966.15,966.15,966.15,966.15,960,0,1
FINNIFTY06FEB2421300PE.NFO,2024-01-30,11:54:00,2024-02-06,966.15,966.15,966.15,966.15,960,0,1
FINNIFTY06FEB2421300PE.NFO,2024-01-30,11:55:00,2024-02-06,966.15,966.15,966.15,966.15,960,0,1
FINNIFTY06FEB2421300PE.NFO,2024-01-30,11:56:00,2024-02-06,966.15,966.15,966.15,966.15,960,0,1
FINNIFTY06FEB2421300PE.NFO,2024-01-30,11:57:00,2024-02-06,966.15,966.15,966.15,966.15,960,0,1
FINNIFTY06FEB2421300PE.NFO,2024-01-30,11:58:00,2024-02-06,966.15,966.15,966.15,966.15,960,0,1
FINNIFTY06FEB2421300PE.NFO,2024-01-30,11:59:00,2024-02-06,966.15,966.15,966.15,966.15,960,0,1
FINNIFTY06FEB2421300PE.NFO,2024-01-30,12:00:00,2024-02-06,966.15,966.15,966.15,966.15,960,0,1
FINNIFTY06FEB2421300PE.NFO,2024-01-30,12:01:00,2024-02-06,966.15,966.15,966.15,966.15,960,0,1
FINNIFTY06FEB2421300PE.NFO,2024-01-30,12:02:00,2024-02-06,966.15,966.15,966.15,966.15,960,0,1
FINNIFTY06FEB2421300PE.NFO,2024-01-30,12:03:00,2024-02-06,966.15,966.15,966.15,966.15,960,0,1
FINNIFTY06FEB2421300PE.NFO,2024-01-30,12:04:00,2024-02-06,966.15,966.15,966.15,966.15,960,0,1
FINNIFTY06FEB2421300PE.NFO,2024-01-30,12:05:00,2024-02-06,966.15,966.15,966.15,966.15,960,0,1
FINNIFTY06FEB2421300PE.NFO,2024-01-30,12:06:00,2024-02-06,966.15,966.15,966.15,966.15,960,0,1
FINNIFTY06FEB2421300PE.NFO,2024-01-30,12:07:00,2024-02-06,966.15,966.15,966.15,966.15,960,0,1
FINNIFTY06FEB2421300PE.NFO,2024-01-30,12:08:00,2024-02-06,966.15,966.15,966.15,966.15,960,0,1
FINNIFTY06FEB2421300PE.NFO,2024-01-30,12:09:00,2024-02-06,966.15,966.15,966.15,966.15,960,0,1
FINNIFTY06FEB2421300PE.NFO,2024-01-30,12:10:00,2024-02-06,966.15,966.15,966.15,966.15,960,0,1
FINNIFTY06FEB2421300PE.NFO,2024-01-30,12:11:00,2024-02-06,966.15,966.15,966.15,966.15,960,0,1
FINNIFTY06FEB2421300PE.NFO,2024-01-30,12:12:00,2024-02-06,966.15,966.15,966.15,966.15,960,0,1
FINNIFTY06FEB2421300PE.NFO,2024-01-30,12:13:00,2024-02-06,966.15,966.15,966.15,966.15,960,0,1
FINNIFTY06FEB2421300PE.NFO,2024-01-30,12:14:00,2024-02-06,966.15,966.15,966.15,966.15,960,0,1
FINNIFTY06FEB2421300PE.NFO,2024-01-30,12:15:00,2024-02-06,966.15,966.15,966.15,966.15,960,0,1
FINNIFTY06FEB2421300PE.NFO,2024-01-30,12:16:00,2024-02-06,966.15,966.15,966.15,966.15,960,0,1
FINNIFTY06FEB2421300PE.NFO,2024-01-30,12:17:00,2024-02-06,966.15,966.15,966.15,966.15,960,0,1
FINNIFTY06FEB2421300PE.NFO,2024-01-30,12:18:00,2024-02-06,966.15,966.15,966.15,966.15,960,0,1
FINNIFTY06FEB2421300PE.NFO,2024-01-30,12:19:00,2024-02-06,966.15,966.15,966.15,966.15,960,0,1
FINNIFTY06FEB2421300PE.NFO,2024-01-30,12:20:00,2024-02-06,966.15,966.15,966.15,966.15,960,0,1
FINNIFTY06FEB2421300PE.NFO,2024-01-30,12:21:00,2024-02-06,966.15,966.15,966.15,966.15,960,0,1
FINNIFTY06FEB2421300PE.NFO,2024-01-30,12:22:00,2024-02-06,966.15,966.15,966.15,966.15,960,0,1
FINNIFTY06FEB2421300PE.NFO,2024-01-30,12:23:00,2024-02-06,966.15,966.15,966.15,966.15,960,0,1
FINNIFTY06FEB2421300PE.NFO,2024-01-30,12:24:00,2024-02-06,966.15,966.15,966.15,966.15,960,0,1
FINNIFTY06FEB2421300PE.NFO,2024-01-30,12:25:00,2024-02-06,966.15,966.15,966.15,966.15,960,0,1
FINNIFTY06FEB2421300PE.NFO,2024-01-30,12:26:00,2024-02-06,966.15,966.15,966.15,966.15,960,0,1
FINNIFTY06FEB2421300PE.NFO,2024-01-30,12:27:00,2024-02-06,966.15,966.15,966.15,966.15,960,0,1
FINNIFTY06FEB2421300PE.NFO,2024-01-30,12:28:00,2024-02-06,966.15,966.15,966.15,966.15,960,0,1
FINNIFTY06FEB2421300PE.NFO,2024-01-30,12:29:00,2024-02-06,966.15,966.15,966.15,966.15,960,0,1
FINNIFTY06FEB2421300PE.NFO,2024-01-30,12:30:00,2024-02-06,966.15,966.15,966.15,966.15,960,0,1
FINNIFTY06FEB2421300PE.NFO,2024-01-30,12:31:00,2024-02-06,966.15,966.15,966.15,966.15,960,0,1
FINNIFTY06FEB2421300PE.NFO,2024-01-30,12:32:00,2024-02-06,966.15,966.15,966.15,966.15,960,0,1
FINNIFTY06FEB2421300PE.NFO,2024-01-30,12:33:00,2024-02-06,966.15,966.15,966.15,966.15,960,0,1
FINNIFTY06FEB2421300PE.NFO,2024-01-30,12:34:00,2024-02-06,966.15,966.15,966.15,966.15,960,0,1
FINNIFTY06FEB2421300PE.NFO,2024-01-30,12:35:00,2024-02-06,966.15,966.15,966.15,966.15,960,0,1
FINNIFTY06FEB2421300PE.NFO,2024-01-30,12:36:00,2024-02-06,966.15,966.15,966.15,966.15,960,0,1
FINNIFTY06FEB2421300PE.NFO,2024-01-30,12:37:00,2024-02-06,966.15,966.15,966.15,966.15,960,0,1
FINNIFTY06FEB2421300PE.NFO,2024-01-30,12:38:00,2024-02-06,966.15,966.15,966.15,966.15,960,0,1
FINNIFTY06FEB2421300PE.NFO,2024-01-30,12:39:00,2024-02-06,966.15,966.15,966.15,966.15,960,0,1
FINNIFTY06FEB2421300PE.NFO,2024-01-30,12:40:00,2024-02-06,966.15,966.15,966.15,966.15,960,0,1
FINNIFTY06FEB2421300PE.NFO,2024-01-30,12:41:00,2024-02-06,966.15,966.15,966.15,966.15,960,0,1
FINNIFTY06FEB2421300PE.NFO,2024-01-30,12:42:00,2024-02-06,966.15,966.15,966.15,966.15,960,0,1
FINNIFTY06FEB2421300PE.NFO,2024-01-30,12:43:00,2024-02-06,966.15,966.15,966.15,966.15,960,0,1
FINNIFTY06FEB2421300PE.NFO,2024-01-30,12:44:00,2024-02-06,966.15,966.15,966.15,966.15,960,0,1
FINNIFTY06FEB2421300PE.NFO,2024-01-30,12:45:00,2024-02-06,966.15,966.15,966.15,966.15,960,0,1
FINNIFTY06FEB2421300PE.NFO,2024-01-30,12:46:00,2024-02-06,966.15,966.15,966.15,966.15,960,0,1
FINNIFTY06FEB2421300PE.NFO,2024-01-30,12:47:00,2024-02-06,966.15,966.15,966.15,966.15,960,0,1
FINNIFTY06FEB2421300PE.NFO,2024-01-30,12:48:00,2024-02-06,966.15,966.15,966.15,966.15,960,0,1
FINNIFTY06FEB2421300PE.NFO,2024-01-30,12:49:00,2024-02-06,966.15,966.15,966.15,966.15,960,0,1
FINNIFTY06FEB2421300PE.NFO,2024-01-30,12:50:00,2024-02-06,966.15,966.15,966.15,966.15,960,0,1
FINNIFTY06FEB2421300PE.NFO,2024-01-30,12:51:00,2024-02-06,966.15,966.15,966.15,966.15,960,0,1
FINNIFTY06FEB2421300PE.NFO,2024-01-30,12:52:00,2024-02-06,966.15,966.15,966.15,966.15,960,0,1
FINNIFTY06FEB2421300PE.NFO,2024-01-30,12:53:00,2024-02-06,966.15,966.15,966.15,966.15,960,0,1
FINNIFTY06FEB2421300PE.NFO,2024-01-30,12:54:00,2024-02-06,966.15,966.15,966.15,966.15,960,0,1
FINNIFTY06FEB2421300PE.NFO,2024-01-30,12:55:00,2024-02-06,966.15,966.15,966.15,966.15,960,0,1
FINNIFTY06FEB2421300PE.NFO,2024-01-30,12:56:00,2024-02-06,966.15,966.15,966.15,966.15,960,0,1
FINNIFTY06FEB2421300PE.NFO,2024-01-30,12:57:00,2024-02-06,966.15,966.15,966.15,966.15,960,0,1
FINNIFTY06FEB2421300PE.NFO,2024-01-30,12:58:00,2024-02-06,966.15,966.15,966.15,966.15,960,0,1
FINNIFTY06FEB2421300PE.NFO,2024-01-30,12:59:00,2024-02-06,966.15,966.15,966.15,966.15,960,0,1
FINNIFTY06FEB2421300PE.NFO,2024-01-30,13:00:00,2024-02-06,966.15,966.15,966.15,966.15,960,0,1
FINNIFTY06FEB2421300PE.NFO,2024-01-30,13:01:00,2024-02-06,966.15,966.15,966.15,966.15,960,0,1
FINNIFTY06FEB2421300PE.NFO,2024-01-30,13:02:00,2024-02-06,966.15,966.15,966.15,966.15,960,0,1
FINNIFTY06FEB2421300PE.NFO,2024-01-30,13:03:00,2024-02-06,966.15,966.15,966.15,966.15,960,0,1
FINNIFTY06FEB2421300PE.NFO,2024-01-30,13:04:00,2024-02-06,966.15,966.15,966.15,966.15,960,0,1
FINNIFTY06FEB2421300PE.NFO,2024-01-30,13:05:00,2024-02-06,966.15,966.15,966.15,966.15,960,0,1
FINNIFTY06FEB2421300PE.NFO,2024-01-30,13:06:00,2024-02-06,966.15,966.15,966.15,966.15,960,0,1
FINNIFTY06FEB2421300PE.NFO,2024-01-30,13:07:00,2024-02-06,966.15,966.15,966.15,966.15,960,0,1
FINNIFTY06FEB2421300PE.NFO,2024-01-30,13:08:00,2024-02-06,966.15,966.15,966.15,966.15,960,0,1
FINNIFTY06FEB2421300PE.NFO,2024-01-30,13:09:00,2024-02-06,966.15,966.15,966.15,966.15,960,0,1
FINNIFTY06FEB2421300PE.NFO,2024-01-30,13:10:00,2024-02-06,966.15,966.15,966.15,966.15,960,0,1
FINNIFTY06FEB2421300PE.NFO,2024-01-30,13:11:00,2024-02-06,966.15,966.15,966.15,966.15,960,0,1
FINNIFTY06FEB2421300PE.NFO,2024-01-30,13:12:00,2024-02-06,966.15,966.15,966.15,966.15,960,0,1
FINNIFTY06FEB2421300PE.NFO,2024-01-30,13:13:00,2024-02-06,966.15,966.15,966.15,966.15,960,0,1
FINNIFTY06FEB2421300PE.NFO,2024-01-30,13:14:00,2024-02-06,966.15,966.15,966.15,966.15,960,0,1
FINNIFTY06FEB2421300PE.NFO,2024-01-30,13:15:00,2024-02-06,966.15,966.15,966.15,966.15,960,0,1
FINNIFTY06FEB2421300PE.NFO,2024-01-30,13:16:00,2024-02-06,966.15,966.15,966.15,966.15,960,0,1
FINNIFTY06FEB2421300PE.NFO,2024-01-30,13:17:00,2024-02-06,966.15,966.15,966.15,966.15,960,0,1
FINNIFTY06FEB2421300PE.NFO,2024-01-30,13:18:00,2024-02-06,966.15,966.15,966.15,966.15,960,0,1
FINNIFTY06FEB2421300PE.NFO,2024-01-30,13:19:00,2024-02-06,966.15,966.15,966.15,966.15,960,0,1
FINNIFTY06FEB2421300PE.NFO,2024-01-30,13:20:00,2024-02-06,966.15,966.15,966.15,966.15,960,0,1
FINNIFTY06FEB2421300PE.NFO,2024-01-30,13:21:00,2024-02-06,966.15,966.15,966.15,966.15,960,0,1
FINNIFTY06FEB2421300PE.NFO,2024-01-30,13:22:00,2024-02-06,966.15,966.15,966.15,966.15,960,0,1
FINNIFTY06FEB2421300PE.NFO,2024-01-30,13:23:00,2024-02-06,966.15,966.15,966.15,966.15,960,0,1
FINNIFTY06FEB2421300PE.NFO,2024-01-30,13:24:00,2024-02-06,966.15,966.15,966.15,966.15,960,0,1
FINNIFTY06FEB2421300PE.NFO,2024-01-30,13:25:00,2024-02-06,966.15,966.15,966.15,966.15,960,0,1
FINNIFTY06FEB2421300PE.NFO,2024-01-30,13:26:00,2024-02-06,966.15,966.15,966.15,966.15,960,0,1
FINNIFTY06FEB2421300PE.NFO,2024-01-30,13:27:00,2024-02-06,966.15,966.15,966.15,966.15,960,0,1
FINNIFTY06FEB2421300PE.NFO,2024-01-30,13:28:00,2024-02-06,966.15,966.15,966.15,966.15,960,0,1
FINNIFTY06FEB2421300PE.NFO,2024-01-30,13:29:00,2024-02-06,966.15,966.15,966.15,966.15,960,0,1
FINNIFTY06FEB2421300PE.NFO,2024-01-30,13:30:00,2024-02-06,966.15,966.15,966.15,966.15,960,0,1
FINNIFTY06FEB2421300PE.NFO,2024-01-30,13:31:00,2024-02-06,966.15,966.15,966.15,966.15,960,0,1
FINNIFTY06FEB2421300PE.NFO,2024-01-30,13:32:00,2024-02-06,966.15,966.15,966.15,966.15,960,0,1
FINNIFTY06FEB2421300PE.NFO,2024-01-30,13:33:00,2024-02-06,966.15,966.15,966.15,966.15,960,0,1
FINNIFTY06FEB2421300PE.NFO,2024-01-30,13:34:00,2024-02-06,966.15,966.15,966.15,966.15,960,0,1
FINNIFTY06FEB2421300PE.NFO,2024-01-30,13:35:00,2024-02-06,966.15,966.15,966.15,966.15,960,0,1
FINNIFTY06FEB2421300PE.NFO,2024-01-30,13:36:00,2024-02-06,966.15,966.15,966.15,966.15,960,0,1
FINNIFTY06FEB2421300PE.NFO,2024-01-30,13:37:00,2024-02-06,966.15,966.15,966.15,966.15,960,0,1
FINNIFTY06FEB2421300PE.NFO,2024-01-30,13:38:00,2024-02-06,966.15,966.15,966.15,966.15,960,0,1
FINNIFTY06FEB2421300PE.NFO,2024-01-30,13:39:00,2024-02-06,966.15,966.15,966.15,966.15,960,0,1
FINNIFTY06FEB2421300PE.NFO,2024-01-30,13:40:00,2024-02-06,966.15,966.15,966.15,966.15,960,0,1
FINNIFTY06FEB2421300PE.NFO,2024-01-30,13:41:00,2024-02-06,966.15,966.15,966.15,966.15,960,0,1
FINNIFTY06FEB2421300PE.NFO,2024-01-30,13:42:00,2024-02-06,966.15,966.15,966.15,966.15,960,0,1
FINNIFTY06FEB2421300PE.NFO,2024-01-30,13:43:00,2024-02-06,966.15,966.15,966.15,966.15,960,0,1
FINNIFTY06FEB2421300PE.NFO,2024-01-30,13:44:00,2024-02-06,966.15,966.15,966.15,966.15,960,0,1
FINNIFTY06FEB2421300PE.NFO,2024-01-30,13:45:00,2024-02-06,966.15,966.15,966.15,966.15,960,0,1
FINNIFTY06FEB2421300PE.NFO,2024-01-30,13:46:00,2024-02-06,966.15,966.15,966.15,966.15,960,0,1
FINNIFTY06FEB2421300PE.NFO,2024-01-30,13:47:00,2024-02-06,966.15,966.15,966.15,966.15,960,0,1
FINNIFTY06FEB2421300PE.NFO,2024-01-30,13:48:00,2024-02-06,966.15,966.15,966.15,966.15,960,0,1
FINNIFTY06FEB2421300PE.NFO,2024-01-30,13:49:00,2024-02-06,966.15,966.15,966.15,966.15,960,0,1
FINNIFTY06FEB2421300PE.NFO,2024-01-30,13:50:00,2024-02-06,966.15,966.15,966.15,966.15,960,0,1
FINNIFTY06FEB2421300PE.NFO,2024-01-30,13:51:00,2024-02-06,966.15,966.15,966.15,966.15,960,0,1
FINNIFTY06FEB2421300PE.NFO,2024-01-30,13:52:00,2024-02-06,966.15,966.15,966.15,966.15,960,0,1
FINNIFTY06FEB2421300PE.NFO,2024-01-30,13:53:00,2024-02-06,966.15,966.15,966.15,966.15,960,0,1
FINNIFTY06FEB2421300PE.NFO,2024-01-30,13:54:00,2024-02-06,966.15,966.15,966.15,966.15,960,0,1
FINNIFTY06FEB2421300PE.NFO,2024-01-30,13:55:00,2024-02-06,966.15,966.15,966.15,966.15,960,0,1
FINNIFTY06FEB2421300PE.NFO,2024-01-30,13:56:00,2024-02-06,966.15,966.15,966.15,966.15,960,0,1
FINNIFTY06FEB2421300PE.NFO,2024-01-30,13:57:00,2024-02-06,966.15,966.15,966.15,966.15,960,0,1
FINNIFTY06FEB2421300PE.NFO,2024-01-30,13:58:00,2024-02-06,966.15,966.15,966.15,966.15,960,0,1
FINNIFTY06FEB2421300PE.NFO,2024-01-30,13:59:00,2024-02-06,966.15,966.15,966.15,966.15,960,0,1
FINNIFTY06FEB2421300PE.NFO,2024-01-30,14:00:00,2024-02-06,966.15,966.15,966.15,966.15,960,0,1
FINNIFTY06FEB2421300PE.NFO,2024-01-30,14:01:00,2024-02-06,966.15,966.15,966.15,966.15,960,0,1
FINNIFTY06FEB2421300PE.NFO,2024-01-30,14:02:00,2024-02-06,966.15,966.15,966.15,966.15,960,0,1
FINNIFTY06FEB2421300PE.NFO,2024-01-30,14:03:00,2024-02-06,966.15,966.15,966.15,966.15,960,0,1
FINNIFTY06FEB2421300PE.NFO,2024-01-30,14:04:00,2024-02-06,966.15,966.15,966.15,966.15,960,0,1
FINNIFTY06FEB2421300PE.NFO,2024-01-30,14:05:00,2024-02-06,966.15,966.15,966.15,966.15,960,0,1
FINNIFTY06FEB2421300PE.NFO,2024-01-30,14:06:00,2024-02-06,966.15,966.15,966.15,966.15,960,0,1
FINNIFTY06FEB2421300PE.NFO,2024-01-30,14:07:00,2024-02-06,966.15,966.15,966.15,966.15,960,0,1
FINNIFTY06FEB2421300PE.NFO,2024-01-30,14:08:00,2024-02-06,966.15,966.15,966.15,966.15,960,0,1
FINNIFTY06FEB2421300PE.NFO,2024-01-30,14:09:00,2024-02-06,966.15,966.15,966.15,966.15,960,0,1
FINNIFTY06FEB2421300PE.NFO,2024-01-30,14:10:00,2024-02-06,966.15,966.15,966.15,966.15,960,0,1
FINNIFTY06FEB2421300PE.NFO,2024-01-30,14:11:00,2024-02-06,966.15,966.15,966.15,966.15,960,0,1
FINNIFTY06FEB2421300PE.NFO,2024-01-30,14:12:00,2024-02-06,966.15,966.15,966.15,966.15,960,0,1
FINNIFTY06FEB2421300PE.NFO,2024-01-30,14:13:00,2024-02-06,966.15,966.15,966.15,966.15,960,0,1
FINNIFTY06FEB2421300PE.NFO,2024-01-30,14:14:00,2024-02-06,966.15,966.15,966.15,966.15,960,0,1
FINNIFTY06FEB2421300PE.NFO,2024-01-30,14:15:00,2024-02-06,966.15,966.15,966.15,966.15,960,0,1
FINNIFTY06FEB2421300PE.NFO,2024-01-30,14:16:00,2024-02-06,966.15,966.15,966.15,966.15,960,0,1
FINNIFTY06FEB2421300PE.NFO,2024-01-30,14:17:00,2024-02-06,966.15,966.15,966.15,966.15,960,0,1
FINNIFTY06FEB2421300PE.NFO,2024-01-30,14:18:00,2024-02-06,966.15,966.15,966.15,966.15,960,0,1
FINNIFTY06FEB2421300PE.NFO,2024-01-30,14:19:00,2024-02-06,966.15,966.15,966.15,966.15,960,0,1
FINNIFTY06FEB2421300PE.NFO,2024-01-30,14:20:00,2024-02-06,966.15,966.15,966.15,966.15,960,0,1
FINNIFTY06FEB2421300PE.NFO,2024-01-30,14:21:00,2024-02-06,966.15,966.15,966.15,966.15,960,0,1
FINNIFTY06FEB2421300PE.NFO,2024-01-30,14:22:00,2024-02-06,966.15,966.15,966.15,966.15,960,0,1
FINNIFTY06FEB2421300PE.NFO,2024-01-30,14:23:00,2024-02-06,966.15,966.15,966.15,966.15,960,0,1
FINNIFTY06FEB2421300PE.NFO,2024-01-30,14:24:00,2024-02-06,966.15,966.15,966.15,966.15,960,0,1
FINNIFTY06FEB2421300PE.NFO,2024-01-30,14:25:00,2024-02-06,966.15,966.15,966.15,966.15,960,0,1
FINNIFTY06FEB2421300PE.NFO,2024-01-30,14:26:00,2024-02-06,966.15,966.15,966.15,966.15,960,0,1
FINNIFTY06FEB2421300PE.NFO,2024-01-30,14:27:00,2024-02-06,966.15,966.15,966.15,966.15,960,0,1
FINNIFTY06FEB2421300PE.NFO,2024-01-30,14:28:00,2024-02-06,966.15,966.15,966.15,966.15,960,0,1
FINNIFTY06FEB2421300PE.NFO,2024-01-30,14:29:00,2024-02-06,966.15,966.15,966.15,966.15,960,0,1
FINNIFTY06FEB2421300PE.NFO,2024-01-30,14:30:00,2024-02-06,1015.0,1015.0,965.05,966.15,960,0,0
FINNIFTY06FEB2421300PE.NFO,2024-01-30,14:31:00,2024-02-06,966.15,966.15,966.15,966.15,0,0,0
FINNIFTY06FEB2421300PE.NFO,2024-01-30,14:32:00,2024-02-06,966.15,966.15,966.15,966.15,0,0,0
FINNIFTY06FEB2421300PE.NFO,2024-01-30,14:33:00,2024-02-06,966.15,966.15,966.15,966.15,0,0,0
FINNIFTY06FEB2421300PE.NFO,2024-01-30,14:34:00,2024-02-06,966.15,966.15,966.15,966.15,0,0,0
FINNIFTY06FEB2421300PE.NFO,2024-01-30,14:35:00,2024-02-06,966.15,966.15,966.15,966.15,0,0,0
FINNIFTY06FEB2421300PE.NFO,2024-01-30,14:36:00,2024-02-06,966.15,966.15,966.15,966.15,0,0,0
FINNIFTY06FEB2421300PE.NFO,2024-01-30,14:37:00,2024-02-06,966.15,966.15,966.15,966.15,0,0,0
FINNIFTY06FEB2421300PE.NFO,2024-01-30,14:38:00,2024-02-06,966.15,966.15,966.15,966.15,0,0,0
FINNIFTY06FEB2421300PE.NFO,2024-01-30,14:39:00,2024-02-06,966.15,966.15,966.15,966.15,0,0,0
FINNIFTY06FEB2421300PE.NFO,2024-01-30,14:40:00,2024-02-06,966.15,966.15,966.15,966.15,0,0,0
FINNIFTY06FEB2421300PE.NFO,2024-01-30,14:41:00,2024-02-06,966.15,966.15,966.15,966.15,0,0,0
FINNIFTY06FEB2421300PE.NFO,2024-01-30,14:42:00,2024-02-06,966.15,966.15,966.15,966.15,0,0,0
FINNIFTY06FEB2421300PE.NFO,2024-01-30,14:43:00,2024-02-06,966.15,966.15,966.15,966.15,0,0,0
FINNIFTY06FEB2421300PE.NFO,2024-01-30,14:44:00,2024-02-06,966.15,966.15,966.15,966.15,0,0,0
FINNIFTY06FEB2421300PE.NFO,2024-01-30,14:45:00,2024-02-06,966.15,966.15,966.15,966.15,0,0,0
FINNIFTY06FEB2421300PE.NFO,2024-01-30,14:46:00,2024-02-06,966.15,966.15,966.15,966.15,0,0,0
FINNIFTY06FEB2421300PE.NFO,2024-01-30,14:47:00,2024-02-06,966.15,966.15,966.15,966.15,0,0,0
FINNIFTY06FEB2421300PE.NFO,2024-01-30,14:48:00,2024-02-06,966.15,966.15,966.15,966.15,0,0,0
FINNIFTY06FEB2421300PE.NFO,2024-01-30,14:49:00,2024-02-06,966.15,966.15,966.15,966.15,0,0,0
FINNIFTY06FEB2421300PE.NFO,2024-01-30,14:50:00,2024-02-06,966.15,966.15,966.15,966.15,0,0,0
FINNIFTY06FEB2421300PE.NFO,2024-01-30,14:51:00,2024-02-06,966.15,966.15,966.15,966.15,0,0,0
FINNIFTY06FEB2421300PE.NFO,2024-01-30,14:52:00,2024-02-06,966.15,966.15,966.15,966.15,0,0,0
FINNIFTY06FEB2421300PE.NFO,2024-01-30,14:53:00,2024-02-06,966.15,966.15,966.15,966.15,0,0,1
FINNIFTY06FEB2421300PE.NFO,2024-01-30,14:54:00,2024-02-06,966.15,966.15,966.15,966.15,0,0,0
FINNIFTY06FEB2421300PE.NFO,2024-01-30,14:55:00,2024-02-06,966.15,966.15,966.15,966.15,0,0,0
FINNIFTY06FEB2421300PE.NFO,2024-01-30,14:56:00,2024-02-06,966.15,966.15,966.15,966.15,0,0,1
FINNIFTY06FEB2421300PE.NFO,2024-01-30,14:57:00,2024-02-06,966.15,966.15,966.15,966.15,0,0,1
FINNIFTY06FEB2421300PE.NFO,2024-01-30,14:58:00,2024-02-06,966.15,966.15,966.15,966.15,0,0,1
FINNIFTY06FEB2421300PE.NFO,2024-01-30,14:59:00,2024-02-06,966.15,966.15,966.15,966.15,0,0,0
FINNIFTY06FEB2421300PE.NFO,2024-01-30,15:00:00,2024-02-06,966.15,966.15,966.15,966.15,0,0,0
FINNIFTY06FEB2421300PE.NFO,2024-01-30,15:01:00,2024-02-06,966.15,966.15,966.15,966.15,0,0,0
FINNIFTY06FEB2421300PE.NFO,2024-01-30,15:02:00,2024-02-06,966.15,966.15,966.15,966.15,0,0,1
FINNIFTY06FEB2421300PE.NFO,2024-01-30,15:03:00,2024-02-06,966.15,966.15,966.15,966.15,0,0,0
FINNIFTY06FEB2421300PE.NFO,2024-01-30,15:04:00,2024-02-06,966.15,966.15,966.15,966.15,0,0,0
FINNIFTY06FEB2421300PE.NFO,2024-01-30,15:05:00,2024-02-06,966.15,966.15,966.15,966.15,0,0,1
FINNIFTY06FEB2421300PE.NFO,2024-01-30,15:06:00,2024-02-06,966.15,966.15,966.15,966.15,0,0,0
FINNIFTY06FEB2421300PE.NFO,2024-01-30,15:07:00,2024-02-06,966.15,966.15,966.15,966.15,0,0,1
FINNIFTY06FEB2421300PE.NFO,2024-01-30,15:08:00,2024-02-06,966.15,966.15,966.15,966.15,0,0,0
FINNIFTY06FEB2421300PE.NFO,2024-01-30,15:09:00,2024-02-06,966.15,966.15,966.15,966.15,0,0,1
FINNIFTY06FEB2421300PE.NFO,2024-01-30,15:10:00,2024-02-06,966.15,966.15,966.15,966.15,0,0,0
FINNIFTY06FEB2421300PE.NFO,2024-01-30,15:11:00,2024-02-06,966.15,966.15,966.15,966.15,0,0,0
FINNIFTY06FEB2421300PE.NFO,2024-01-30,15:12:00,2024-02-06,966.15,966.15,966.15,966.15,0,0,1
FINNIFTY06FEB2421300PE.NFO,2024-01-30,15:13:00,2024-02-06,966.15,966.15,966.15,966.15,0,0,1
FINNIFTY06FEB2421300PE.NFO,2024-01-30,15:14:00,2024-02-06,966.15,966.15,966.15,966.15,0,0,0
FINNIFTY06FEB2421300PE.NFO,2024-01-30,15:15:00,2024-02-06,966.15,966.15,966.15,966.15,0,0,0
FINNIFTY06FEB2421300PE.NFO,2024-01-30,15:16:00,2024-02-06,966.15,966.15,966.15,966.15,0,0,0
FINNIFTY06FEB2421300PE.NFO,2024-01-30,15:17:00,2024-02-06,966.15,966.15,966.15,966.15,0,0,0
FINNIFTY06FEB2421300PE.NFO,2024-01-30,15:18:00,2024-02-06,966.15,966.15,966.15,966.15,0,0,0
FINNIFTY06FEB2421300PE.NFO,2024-01-30,15:19:00,2024-02-06,966.15,966.15,966.15,966.15,0,0,1
FINNIFTY06FEB2421300PE.NFO,2024-01-30,15:20:00,2024-02-06,966.15,966.15,966.15,966.15,0,0,0
FINNIFTY06FEB2421300PE.NFO,2024-01-30,15:21:00,2024-02-06,966.15,966.15,966.15,966.15,0,0,0
FINNIFTY06FEB2421300PE.NFO,2024-01-30,15:22:00,2024-02-06,966.15,966.15,966.15,966.15,0,0,0
FINNIFTY06FEB2421300PE.NFO,2024-01-30,15:23:00,2024-02-06,966.15,966.15,966.15,966.15,0,0,1
FINNIFTY06FEB2421300PE.NFO,2024-01-30,15:24:00,2024-02-06,966.15,966.15,966.15,966.15,40,1000,0
FINNIFTY06FEB2421300PE.NFO,2024-01-30,15:25:00,2024-02-06,966.15,1000.0,966.15,1000.0,40,1000,0
FINNIFTY06FEB2421300PE.NFO,2024-01-30,15:26:00,2024-02-06,1000.0,1000.0,1000.0,1000.0,0,1000,0
FINNIFTY06FEB2421300PE.NFO,2024-01-30,15:27:00,2024-02-06,1000.0,1000.0,1000.0,1000.0,0,1000,0
FINNIFTY06FEB2421300PE.NFO,2024-01-30,15:28:00,2024-02-06,1000.0,1000.0,1000.0,1000.0,0,1000,0
FINNIFTY06FEB2421300PE.NFO,2024-01-30,15:29:00,2024-02-06,1000.0,1000.0,1000.0,1000.0,0,1000,0
FINNIFTY06FEB2421300PE.NFO,2024-01-30,15:30:00,2024-02-06,1000.0,1000.0,1000.0,1000.0,0,1000,1
FINNIFTY06FEB2421300PE.NFO,2024-01-31,09:15:00,2024-02-06,760.0,760.0,760.0,760.0,0,1080,1
FINNIFTY06FEB2421300PE.NFO,2024-01-31,09:16:00,2024-02-06,760.0,760.0,760.0,760.0,0,1080,1
FINNIFTY06FEB2421300PE.NFO,2024-01-31,09:17:00,2024-02-06,760.0,760.0,760.0,760.0,0,1080,1
FINNIFTY06FEB2421300PE.NFO,2024-01-31,09:18:00,2024-02-06,760.0,760.0,760.0,760.0,0,1080,1
FINNIFTY06FEB2421300PE.NFO,2024-01-31,09:19:00,2024-02-06,760.0,760.0,760.0,760.0,0,1080,1
FINNIFTY06FEB2421300PE.NFO,2024-01-31,09:20:00,2024-02-06,760.0,760.0,760.0,760.0,0,1080,1
FINNIFTY06FEB2421300PE.NFO,2024-01-31,09:21:00,2024-02-06,760.0,760.0,760.0,760.0,0,1080,1
FINNIFTY06FEB2421300PE.NFO,2024-01-31,09:22:00,2024-02-06,760.0,760.0,760.0,760.0,0,1080,1
FINNIFTY06FEB2421300PE.NFO,2024-01-31,09:23:00,2024-02-06,760.0,760.0,760.0,760.0,0,1080,1
FINNIFTY06FEB2421300PE.NFO,2024-01-31,09:24:00,2024-02-06,760.0,760.0,760.0,760.0,0,1080,1
FINNIFTY06FEB2421300PE.NFO,2024-01-31,09:25:00,2024-02-06,760.0,760.0,760.0,760.0,0,1080,1
FINNIFTY06FEB2421300PE.NFO,2024-01-31,09:26:00,2024-02-06,760.0,760.0,760.0,760.0,0,1080,1
FINNIFTY06FEB2421300PE.NFO,2024-01-31,09:27:00,2024-02-06,760.0,760.0,760.0,760.0,0,1080,1
FINNIFTY06FEB2421300PE.NFO,2024-01-31,09:28:00,2024-02-06,760.0,760.0,760.0,760.0,0,1080,1
FINNIFTY06FEB2421300PE.NFO,2024-01-31,09:29:00,2024-02-06,760.0,760.0,760.0,760.0,0,1080,1
FINNIFTY06FEB2421300PE.NFO,2024-01-31,09:30:00,2024-02-06,760.0,760.0,760.0,760.0,0,1080,1
FINNIFTY06FEB2421300PE.NFO,2024-01-31,09:31:00,2024-02-06,760.0,760.0,760.0,760.0,0,1080,1
FINNIFTY06FEB2421300PE.NFO,2024-01-31,09:32:00,2024-02-06,760.0,760.0,760.0,760.0,0,1080,1
FINNIFTY06FEB2421300PE.NFO,2024-01-31,09:33:00,2024-02-06,760.0,760.0,760.0,760.0,0,1080,1
FINNIFTY06FEB2421300PE.NFO,2024-01-31,09:34:00,2024-02-06,760.0,760.0,760.0,760.0,0,1080,1
FINNIFTY06FEB2421300PE.NFO,2024-01-31,09:35:00,2024-02-06,760.0,760.0,760.0,760.0,0,1080,1
FINNIFTY06FEB2421300PE.NFO,2024-01-31,09:36:00,2024-02-06,760.0,760.0,760.0,760.0,0,1080,1
FINNIFTY06FEB2421300PE.NFO,2024-01-31,09:37:00,2024-02-06,760.0,760.0,760.0,760.0,0,1080,1
FINNIFTY06FEB2421300PE.NFO,2024-01-31,09:38:00,2024-02-06,760.0,760.0,760.0,760.0,0,1080,1
FINNIFTY06FEB2421300PE.NFO,2024-01-31,09:39:00,2024-02-06,760.0,760.0,760.0,760.0,0,1080,1
FINNIFTY06FEB2421300PE.NFO,2024-01-31,09:40:00,2024-02-06,760.0,760.0,760.0,760.0,0,1080,1
FINNIFTY06FEB2421300PE.NFO,2024-01-31,09:41:00,2024-02-06,760.0,760.0,760.0,760.0,0,1080,1
FINNIFTY06FEB2421300PE.NFO,2024-01-31,09:42:00,2024-02-06,760.0,760.0,760.0,760.0,0,1080,1
FINNIFTY06FEB2421300PE.NFO,2024-01-31,09:43:00,2024-02-06,760.0,760.0,760.0,760.0,0,1080,1
FINNIFTY06FEB2421300PE.NFO,2024-01-31,09:44:00,2024-02-06,760.0,760.0,760.0,760.0,0,1080,1
FINNIFTY06FEB2421300PE.NFO,2024-01-31,09:45:00,2024-02-06,760.0,760.0,760.0,760.0,0,1080,1
FINNIFTY06FEB2421300PE.NFO,2024-01-31,09:46:00,2024-02-06,760.0,760.0,760.0,760.0,0,1080,1
FINNIFTY06FEB2421300PE.NFO,2024-01-31,09:47:00,2024-02-06,760.0,760.0,760.0,760.0,0,1080,1
FINNIFTY06FEB2421300PE.NFO,2024-01-31,09:48:00,2024-02-06,760.0,760.0,760.0,760.0,0,1080,1
FINNIFTY06FEB2421300PE.NFO,2024-01-31,09:49:00,2024-02-06,760.0,760.0,760.0,760.0,0,1080,1
FINNIFTY06FEB2421300PE.NFO,2024-01-31,09:50:00,2024-02-06,760.0,760.0,760.0,760.0,0,1080,1
FINNIFTY06FEB2421300PE.NFO,2024-01-31,09:51:00,2024-02-06,760.0,760.0,760.0,760.0,0,1080,1
FINNIFTY06FEB2421300PE.NFO,2024-01-31,09:52:00,2024-02-06,760.0,760.0,760.0,760.0,0,1080,1
FINNIFTY06FEB2421300PE.NFO,2024-01-31,09:53:00,2024-02-06,760.0,760.0,760.0,760.0,0,1080,1
FINNIFTY06FEB2421300PE.NFO,2024-01-31,09:54:00,2024-02-06,760.0,760.0,760.0,760.0,0,1080,1
FINNIFTY06FEB2421300PE.NFO,2024-01-31,09:55:00,2024-02-06,760.0,760.0,760.0,760.0,0,1080,1
FINNIFTY06FEB2421300PE.NFO,2024-01-31,09:56:00,2024-02-06,760.0,760.0,760.0,760.0,0,1080,1
FINNIFTY06FEB2421300PE.NFO,2024-01-31,09:57:00,2024-02-06,760.0,760.0,760.0,760.0,0,1080,1
FINNIFTY06FEB2421300PE.NFO,2024-01-31,09:58:00,2024-02-06,760.0,760.0,760.0,760.0,0,1080,1
FINNIFTY06FEB2421300PE.NFO,2024-01-31,09:59:00,2024-02-06,760.0,760.0,760.0,760.0,0,1080,1
FINNIFTY06FEB2421300PE.NFO,2024-01-31,10:00:00,2024-02-06,760.0,760.0,760.0,760.0,0,1080,1
FINNIFTY06FEB2421300PE.NFO,2024-01-31,10:01:00,2024-02-06,760.0,760.0,760.0,760.0,0,1080,1
FINNIFTY06FEB2421300PE.NFO,2024-01-31,10:02:00,2024-02-06,760.0,760.0,760.0,760.0,0,1080,1
FINNIFTY06FEB2421300PE.NFO,2024-01-31,10:03:00,2024-02-06,760.0,760.0,760.0,760.0,0,1080,1
FINNIFTY06FEB2421300PE.NFO,2024-01-31,10:04:00,2024-02-06,760.0,760.0,760.0,760.0,0,1080,1
FINNIFTY06FEB2421300PE.NFO,2024-01-31,10:05:00,2024-02-06,760.0,760.0,760.0,760.0,0,1080,1
FINNIFTY06FEB2421300PE.NFO,2024-01-31,10:06:00,2024-02-06,760.0,760.0,760.0,760.0,0,1080,1
FINNIFTY06FEB2421300PE.NFO,2024-01-31,10:07:00,2024-02-06,760.0,760.0,760.0,760.0,0,1080,1
FINNIFTY06FEB2421300PE.NFO,2024-01-31,10:08:00,2024-02-06,760.0,760.0,760.0,760.0,0,1080,1
FINNIFTY06FEB2421300PE.NFO,2024-01-31,10:09:00,2024-02-06,760.0,760.0,760.0,760.0,0,1080,1
FINNIFTY06FEB2421300PE.NFO,2024-01-31,10:10:00,2024-02-06,760.0,760.0,760.0,760.0,0,1080,1
FINNIFTY06FEB2421300PE.NFO,2024-01-31,10:11:00,2024-02-06,760.0,760.0,760.0,760.0,0,1080,1
FINNIFTY06FEB2421300PE.NFO,2024-01-31,10:12:00,2024-02-06,760.0,760.0,760.0,760.0,0,1080,1
FINNIFTY06FEB2421300PE.NFO,2024-01-31,10:13:00,2024-02-06,760.0,760.0,760.0,760.0,0,1080,1
FINNIFTY06FEB2421300PE.NFO,2024-01-31,10:14:00,2024-02-06,760.0,760.0,760.0,760.0,0,1080,1
FINNIFTY06FEB2421300PE.NFO,2024-01-31,10:15:00,2024-02-06,760.0,760.0,760.0,760.0,0,1080,1
FINNIFTY06FEB2421300PE.NFO,2024-01-31,10:16:00,2024-02-06,760.0,760.0,760.0,760.0,0,1080,1
FINNIFTY06FEB2421300PE.NFO,2024-01-31,10:17:00,2024-02-06,760.0,760.0,760.0,760.0,0,1080,1
FINNIFTY06FEB2421300PE.NFO,2024-01-31,10:18:00,2024-02-06,760.0,760.0,760.0,760.0,0,1080,1
FINNIFTY06FEB2421300PE.NFO,2024-01-31,10:19:00,2024-02-06,760.0,760.0,760.0,760.0,0,1080,1
FINNIFTY06FEB2421300PE.NFO,2024-01-31,10:20:00,2024-02-06,760.0,760.0,760.0,760.0,0,1080,1
FINNIFTY06FEB2421300PE.NFO,2024-01-31,10:21:00,2024-02-06,760.0,760.0,760.0,760.0,0,1080,1
FINNIFTY06FEB2421300PE.NFO,2024-01-31,10:22:00,2024-02-06,760.0,760.0,760.0,760.0,0,1080,1
FINNIFTY06FEB2421300PE.NFO,2024-01-31,10:23:00,2024-02-06,760.0,760.0,760.0,760.0,0,1080,1
FINNIFTY06FEB2421300PE.NFO,2024-01-31,10:24:00,2024-02-06,760.0,760.0,760.0,760.0,0,1080,1
FINNIFTY06FEB2421300PE.NFO,2024-01-31,10:25:00,2024-02-06,760.0,760.0,760.0,760.0,0,1080,1
FINNIFTY06FEB2421300PE.NFO,2024-01-31,10:26:00,2024-02-06,760.0,760.0,760.0,760.0,0,1080,1
FINNIFTY06FEB2421300PE.NFO,2024-01-31,10:27:00,2024-02-06,760.0,760.0,760.0,760.0,0,1080,1
FINNIFTY06FEB2421300PE.NFO,2024-01-31,10:28:00,2024-02-06,760.0,760.0,760.0,760.0,0,1080,1
FINNIFTY06FEB2421300PE.NFO,2024-01-31,10:29:00,2024-02-06,760.0,760.0,760.0,760.0,0,1080,1
FINNIFTY06FEB2421300PE.NFO,2024-01-31,10:30:00,2024-02-06,760.0,760.0,760.0,760.0,0,1080,1
FINNIFTY06FEB2421300PE.NFO,2024-01-31,10:31:00,2024-02-06,760.0,760.0,760.0,760.0,0,1080,1
FINNIFTY06FEB2421300PE.NFO,2024-01-31,10:32:00,2024-02-06,760.0,760.0,760.0,760.0,0,1080,1
FINNIFTY06FEB2421300PE.NFO,2024-01-31,10:33:00,2024-02-06,760.0,760.0,760.0,760.0,0,1080,1
FINNIFTY06FEB2421300PE.NFO,2024-01-31,10:34:00,2024-02-06,760.0,760.0,760.0,760.0,0,1080,1
FINNIFTY06FEB2421300PE.NFO,2024-01-31,10:35:00,2024-02-06,760.0,760.0,760.0,760.0,0,1080,1
FINNIFTY06FEB2421300PE.NFO,2024-01-31,10:36:00,2024-02-06,760.0,760.0,760.0,760.0,0,1080,1
FINNIFTY06FEB2421300PE.NFO,2024-01-31,10:37:00,2024-02-06,760.0,760.0,760.0,760.0,0,1080,1
FINNIFTY06FEB2421300PE.NFO,2024-01-31,10:38:00,2024-02-06,760.0,760.0,760.0,760.0,0,1080,1
FINNIFTY06FEB2421300PE.NFO,2024-01-31,10:39:00,2024-02-06,760.0,760.0,760.0,760.0,0,1080,1
FINNIFTY06FEB2421300PE.NFO,2024-01-31,10:40:00,2024-02-06,760.0,760.0,760.0,760.0,0,1080,1
FINNIFTY06FEB2421300PE.NFO,2024-01-31,10:41:00,2024-02-06,760.0,760.0,760.0,760.0,0,1080,1
FINNIFTY06FEB2421300PE.NFO,2024-01-31,10:42:00,2024-02-06,760.0,760.0,760.0,760.0,0,1080,1
FINNIFTY06FEB2421300PE.NFO,2024-01-31,10:43:00,2024-02-06,760.0,760.0,760.0,760.0,0,1080,1
FINNIFTY06FEB2421300PE.NFO,2024-01-31,10:44:00,2024-02-06,760.0,760.0,760.0,760.0,0,1080,1
FINNIFTY06FEB2421300PE.NFO,2024-01-31,10:45:00,2024-02-06,760.0,760.0,760.0,760.0,0,1080,1
FINNIFTY06FEB2421300PE.NFO,2024-01-31,10:46:00,2024-02-06,760.0,760.0,760.0,760.0,0,1080,1
FINNIFTY06FEB2421300PE.NFO,2024-01-31,10:47:00,2024-02-06,760.0,760.0,760.0,760.0,0,1080,1
FINNIFTY06FEB2421300PE.NFO,2024-01-31,10:48:00,2024-02-06,760.0,760.0,760.0,760.0,0,1080,1
FINNIFTY06FEB2421300PE.NFO,2024-01-31,10:49:00,2024-02-06,760.0,760.0,760.0,760.0,0,1080,1
FINNIFTY06FEB2421300PE.NFO,2024-01-31,10:50:00,2024-02-06,760.0,760.0,760.0,760.0,0,1080,1
FINNIFTY06FEB2421300PE.NFO,2024-01-31,10:51:00,2024-02-06,760.0,760.0,760.0,760.0,0,1080,1
FINNIFTY06FEB2421300PE.NFO,2024-01-31,10:52:00,2024-02-06,760.0,760.0,760.0,760.0,0,1080,1
FINNIFTY06FEB2421300PE.NFO,2024-01-31,10:53:00,2024-02-06,760.0,760.0,760.0,760.0,0,1080,1
FINNIFTY06FEB2421300PE.NFO,2024-01-31,10:54:00,2024-02-06,760.0,760.0,760.0,760.0,0,1080,1
FINNIFTY06FEB2421300PE.NFO,2024-01-31,10:55:00,2024-02-06,760.0,760.0,760.0,760.0,0,1080,1
FINNIFTY06FEB2421300PE.NFO,2024-01-31,10:56:00,2024-02-06,760.0,760.0,760.0,760.0,0,1080,1
FINNIFTY06FEB2421300PE.NFO,2024-01-31,10:57:00,2024-02-06,760.0,760.0,760.0,760.0,0,1080,1
FINNIFTY06FEB2421300PE.NFO,2024-01-31,10:58:00,2024-02-06,760.0,760.0,760.0,760.0,0,1080,1
FINNIFTY06FEB2421300PE.NFO,2024-01-31,10:59:00,2024-02-06,760.0,760.0,760.0,760.0,0,1080,1
FINNIFTY06FEB2421300PE.NFO,2024-01-31,11:00:00,2024-02-06,760.0,760.0,760.0,760.0,0,1080,1
FINNIFTY06FEB2421300PE.NFO,2024-01-31,11:01:00,2024-02-06,760.0,760.0,760.0,760.0,0,1080,1
FINNIFTY06FEB2421300PE.NFO,2024-01-31,11:02:00,2024-02-06,760.0,760.0,760.0,760.0,0,1080,1
FINNIFTY06FEB2421300PE.NFO,2024-01-31,11:03:00,2024-02-06,760.0,760.0,760.0,760.0,0,1080,1
FINNIFTY06FEB2421300PE.NFO,2024-01-31,11:04:00,2024-02-06,760.0,760.0,760.0,760.0,0,1080,1
FINNIFTY06FEB2421300PE.NFO,2024-01-31,11:05:00,2024-02-06,760.0,760.0,760.0,760.0,0,1080,1
FINNIFTY06FEB2421300PE.NFO,2024-01-31,11:06:00,2024-02-06,760.0,760.0,760.0,760.0,0,1080,1
FINNIFTY06FEB2421300PE.NFO,2024-01-31,11:07:00,2024-02-06,760.0,760.0,760.0,760.0,0,1080,1
FINNIFTY06FEB2421300PE.NFO,2024-01-31,11:08:00,2024-02-06,760.0,760.0,760.0,760.0,0,1080,1
FINNIFTY06FEB2421300PE.NFO,2024-01-31,11:09:00,2024-02-06,760.0,760.0,760.0,760.0,0,1080,1
FINNIFTY06FEB2421300PE.NFO,2024-01-31,11:10:00,2024-02-06,760.0,760.0,760.0,760.0,0,1080,1
FINNIFTY06FEB2421300PE.NFO,2024-01-31,11:11:00,2024-02-06,760.0,760.0,760.0,760.0,0,1080,1
FINNIFTY06FEB2421300PE.NFO,2024-01-31,11:12:00,2024-02-06,760.0,760.0,760.0,760.0,0,1080,1
FINNIFTY06FEB2421300PE.NFO,2024-01-31,11:13:00,2024-02-06,760.0,760.0,760.0,760.0,0,1080,1
FINNIFTY06FEB2421300PE.NFO,2024-01-31,11:14:00,2024-02-06,760.0,760.0,760.0,760.0,0,1080,1
FINNIFTY06FEB2421300PE.NFO,2024-01-31,11:15:00,2024-02-06,760.0,760.0,760.0,760.0,0,1080,1
FINNIFTY06FEB2421300PE.NFO,2024-01-31,11:16:00,2024-02-06,760.0,760.0,760.0,760.0,0,1080,1
FINNIFTY06FEB2421300PE.NFO,2024-01-31,11:17:00,2024-02-06,760.0,760.0,760.0,760.0,0,1080,1
FINNIFTY06FEB2421300PE.NFO,2024-01-31,11:18:00,2024-02-06,760.0,760.0,760.0,760.0,0,1080,1
FINNIFTY06FEB2421300PE.NFO,2024-01-31,11:19:00,2024-02-06,760.0,760.0,760.0,760.0,0,1080,1
FINNIFTY06FEB2421300PE.NFO,2024-01-31,11:20:00,2024-02-06,760.0,760.0,760.0,760.0,0,1080,1
FINNIFTY06FEB2421300PE.NFO,2024-01-31,11:21:00,2024-02-06,760.0,760.0,760.0,760.0,0,1080,1
FINNIFTY06FEB2421300PE.NFO,2024-01-31,11:22:00,2024-02-06,760.0,760.0,760.0,760.0,0,1080,1
FINNIFTY06FEB2421300PE.NFO,2024-01-31,11:23:00,2024-02-06,760.0,760.0,760.0,760.0,0,1080,1
FINNIFTY06FEB2421300PE.NFO,2024-01-31,11:24:00,2024-02-06,760.0,760.0,760.0,760.0,0,1080,1
FINNIFTY06FEB2421300PE.NFO,2024-01-31,11:25:00,2024-02-06,760.0,760.0,760.0,760.0,0,1080,1
FINNIFTY06FEB2421300PE.NFO,2024-01-31,11:26:00,2024-02-06,760.0,760.0,760.0,760.0,0,1080,1
FINNIFTY06FEB2421300PE.NFO,2024-01-31,11:27:00,2024-02-06,760.0,760.0,760.0,760.0,0,1080,1
FINNIFTY06FEB2421300PE.NFO,2024-01-31,11:28:00,2024-02-06,760.0,760.0,760.0,760.0,0,1080,1
FINNIFTY06FEB2421300PE.NFO,2024-01-31,11:29:00,2024-02-06,760.0,760.0,760.0,760.0,0,1080,1
FINNIFTY06FEB2421300PE.NFO,2024-01-31,11:30:00,2024-02-06,760.0,760.0,760.0,760.0,0,1080,1
FINNIFTY06FEB2421300PE.NFO,2024-01-31,11:31:00,2024-02-06,760.0,760.0,760.0,760.0,0,1080,0
FINNIFTY06FEB2421300PE.NFO,2024-01-31,11:32:00,2024-02-06,760.0,760.0,760.0,760.0,0,1080,0
FINNIFTY06FEB2421300PE.NFO,2024-01-31,11:33:00,2024-02-06,760.0,760.0,760.0,760.0,0,1080,0
FINNIFTY06FEB2421300PE.NFO,2024-01-31,11:34:00,2024-02-06,760.0,760.0,760.0,760.0,0,1080,0
FINNIFTY06FEB2421300PE.NFO,2024-01-31,11:35:00,2024-02-06,760.0,760.0,760.0,760.0,0,1080,0
FINNIFTY06FEB2421300PE.NFO,2024-01-31,11:36:00,2024-02-06,760.0,760.0,760.0,760.0,0,1080,0
FINNIFTY06FEB2421300PE.NFO,2024-01-31,11:37:00,2024-02-06,760.0,760.0,760.0,760.0,0,1080,0
FINNIFTY06FEB2421300PE.NFO,2024-01-31,11:38:00,2024-02-06,760.0,760.0,760.0,760.0,0,1080,0
FINNIFTY06FEB2421300PE.NFO,2024-01-31,11:39:00,2024-02-06,760.0,760.0,760.0,760.0,0,1080,0
FINNIFTY06FEB2421300PE.NFO,2024-01-31,11:40:00,2024-02-06,760.0,760.0,760.0,760.0,0,1080,0
FINNIFTY06FEB2421300PE.NFO,2024-01-31,11:41:00,2024-02-06,760.0,760.0,760.0,760.0,0,1080,0
FINNIFTY06FEB2421300PE.NFO,2024-01-31,11:42:00,2024-02-06,760.0,760.0,760.0,760.0,0,1080,0
FINNIFTY06FEB2421300PE.NFO,2024-01-31,11:43:00,2024-02-06,760.0,760.0,760.0,760.0,0,1080,0
FINNIFTY06FEB2421300PE.NFO,2024-01-31,11:44:00,2024-02-06,760.0,760.0,760.0,760.0,0,1080,0
FINNIFTY06FEB2421300PE.NFO,2024-01-31,11:45:00,2024-02-06,760.0,760.0,760.0,760.0,0,1080,0
FINNIFTY06FEB2421300PE.NFO,2024-01-31,11:46:00,2024-02-06,760.0,760.0,760.0,760.0,0,1080,0
FINNIFTY06FEB2421300PE.NFO,2024-01-31,11:47:00,2024-02-06,760.0,760.0,760.0,760.0,0,1080,0
FINNIFTY06FEB2421300PE.NFO,2024-01-31,11:48:00,2024-02-06,760.0,760.0,760.0,760.0,0,1080,0
FINNIFTY06FEB2421300PE.NFO,2024-01-31,11:49:00,2024-02-06,760.0,760.0,760.0,760.0,0,1080,0
FINNIFTY06FEB2421300PE.NFO,2024-01-31,11:50:00,2024-02-06,760.0,760.0,760.0,760.0,0,1080,0
FINNIFTY06FEB2421300PE.NFO,2024-01-31,11:51:00,2024-02-06,760.0,760.0,760.0,760.0,0,1080,0
FINNIFTY06FEB2421300PE.NFO,2024-01-31,11:52:00,2024-02-06,760.0,760.0,760.0,760.0,0,1080,0
FINNIFTY06FEB2421300PE.NFO,2024-01-31,11:53:00,2024-02-06,760.0,760.0,760.0,760.0,0,1080,0
FINNIFTY06FEB2421300PE.NFO,2024-01-31,11:54:00,2024-02-06,760.0,760.0,760.0,760.0,0,1080,0
FINNIFTY06FEB2421300PE.NFO,2024-01-31,11:55:00,2024-02-06,760.0,760.0,760.0,760.0,0,1080,0
FINNIFTY06FEB2421300PE.NFO,2024-01-31,11:56:00,2024-02-06,760.0,760.0,760.0,760.0,0,1080,0
FINNIFTY06FEB2421300PE.NFO,2024-01-31,11:57:00,2024-02-06,760.0,760.0,760.0,760.0,0,1080,0
FINNIFTY06FEB2421300PE.NFO,2024-01-31,11:58:00,2024-02-06,760.0,760.0,760.0,760.0,0,1080,0
FINNIFTY06FEB2421300PE.NFO,2024-01-31,11:59:00,2024-02-06,760.0,760.0,760.0,760.0,0,1080,0
FINNIFTY06FEB2421300PE.NFO,2024-01-31,12:00:00,2024-02-06,760.0,760.0,760.0,760.0,0,1080,0
FINNIFTY06FEB2421300PE.NFO,2024-01-31,12:01:00,2024-02-06,760.0,760.0,760.0,760.0,0,1080,0
FINNIFTY06FEB2421300PE.NFO,2024-01-31,12:02:00,2024-02-06,760.0,760.0,760.0,760.0,0,1080,0
FINNIFTY06FEB2421300PE.NFO,2024-01-31,12:03:00,2024-02-06,760.0,760.0,760.0,760.0,0,1080,0
FINNIFTY06FEB2421300PE.NFO,2024-01-31,12:04:00,2024-02-06,760.0,760.0,760.0,760.0,0,1080,0
FINNIFTY06FEB2421300PE.NFO,2024-01-31,12:05:00,2024-02-06,760.0,760.0,760.0,760.0,0,1080,0
FINNIFTY06FEB2421300PE.NFO,2024-01-31,12:06:00,2024-02-06,760.0,760.0,760.0,760.0,0,1080,0
FINNIFTY06FEB2421300PE.NFO,2024-01-31,12:07:00,2024-02-06,760.0,760.0,760.0,760.0,0,1080,0
FINNIFTY06FEB2421300PE.NFO,2024-01-31,12:08:00,2024-02-06,760.0,760.0,760.0,760.0,0,1080,0
FINNIFTY06FEB2421300PE.NFO,2024-01-31,12:09:00,2024-02-06,760.0,760.0,760.0,760.0,0,1080,0
FINNIFTY06FEB2421300PE.NFO,2024-01-31,12:10:00,2024-02-06,760.0,760.0,760.0,760.0,0,1080,0
FINNIFTY06FEB2421300PE.NFO,2024-01-31,12:11:00,2024-02-06,760.0,760.0,760.0,760.0,0,1080,0
FINNIFTY06FEB2421300PE.NFO,2024-01-31,12:12:00,2024-02-06,760.0,760.0,760.0,760.0,0,1080,0
FINNIFTY06FEB2421300PE.NFO,2024-01-31,12:13:00,2024-02-06,760.0,760.0,760.0,760.0,0,1080,0
FINNIFTY06FEB2421300PE.NFO,2024-01-31,12:14:00,2024-02-06,760.0,760.0,760.0,760.0,0,1080,0
FINNIFTY06FEB2421300PE.NFO,2024-01-31,12:15:00,2024-02-06,760.0,760.0,760.0,760.0,0,1080,0
FINNIFTY06FEB2421300PE.NFO,2024-01-31,12:16:00,2024-02-06,760.0,760.0,760.0,760.0,0,1080,0
FINNIFTY06FEB2421300PE.NFO,2024-01-31,12:17:00,2024-02-06,760.0,760.0,760.0,760.0,0,1080,0
FINNIFTY06FEB2421300PE.NFO,2024-01-31,12:18:00,2024-02-06,760.0,760.0,760.0,760.0,0,1080,0
FINNIFTY06FEB2421300PE.NFO,2024-01-31,12:19:00,2024-02-06,760.0,760.0,760.0,760.0,0,1080,0
FINNIFTY06FEB2421300PE.NFO,2024-01-31,12:20:00,2024-02-06,760.0,760.0,760.0,760.0,0,1080,0
FINNIFTY06FEB2421300PE.NFO,2024-01-31,12:21:00,2024-02-06,760.0,760.0,760.0,760.0,0,1080,0
FINNIFTY06FEB2421300PE.NFO,2024-01-31,12:22:00,2024-02-06,760.0,760.0,760.0,760.0,0,1080,0
FINNIFTY06FEB2421300PE.NFO,2024-01-31,12:23:00,2024-02-06,760.0,760.0,760.0,760.0,0,1080,0
FINNIFTY06FEB2421300PE.NFO,2024-01-31,12:24:00,2024-02-06,780.0,780.0,780.0,780.0,40,1040,0
FINNIFTY06FEB2421300PE.NFO,2024-01-31,12:25:00,2024-02-06,780.0,780.0,780.0,780.0,0,1040,0
FINNIFTY06FEB2421300PE.NFO,2024-01-31,12:26:00,2024-02-06,780.0,780.0,780.0,780.0,0,1040,0
FINNIFTY06FEB2421300PE.NFO,2024-01-31,12:27:00,2024-02-06,780.0,780.0,780.0,780.0,0,1040,0
FINNIFTY06FEB2421300PE.NFO,2024-01-31,12:28:00,2024-02-06,780.0,780.0,780.0,780.0,0,1040,0
FINNIFTY06FEB2421300PE.NFO,2024-01-31,12:29:00,2024-02-06,780.0,780.0,780.0,780.0,0,1040,0
FINNIFTY06FEB2421300PE.NFO,2024-01-31,12:30:00,2024-02-06,780.0,780.0,780.0,780.0,0,1040,0
FINNIFTY06FEB2421300PE.NFO,2024-01-31,12:31:00,2024-02-06,780.0,780.0,780.0,780.0,0,1040,0
FINNIFTY06FEB2421300PE.NFO,2024-01-31,12:32:00,2024-02-06,780.0,780.0,780.0,780.0,0,1040,0
FINNIFTY06FEB2421300PE.NFO,2024-01-31,12:33:00,2024-02-06,780.0,780.0,780.0,780.0,0,1040,0
FINNIFTY06FEB2421300PE.NFO,2024-01-31,12:34:00,2024-02-06,780.0,780.0,780.0,780.0,0,1040,0
FINNIFTY06FEB2421300PE.NFO,2024-01-31,12:35:00,2024-02-06,780.0,780.0,780.0,780.0,0,1040,0
FINNIFTY06FEB2421300PE.NFO,2024-01-31,12:36:00,2024-02-06,780.0,780.0,780.0,780.0,0,1040,0
FINNIFTY06FEB2421300PE.NFO,2024-01-31,12:37:00,2024-02-06,780.0,780.0,780.0,780.0,0,1040,0
FINNIFTY06FEB2421300PE.NFO,2024-01-31,12:38:00,2024-02-06,780.0,780.0,780.0,780.0,0,1040,0
FINNIFTY06FEB2421300PE.NFO,2024-01-31,12:39:00,2024-02-06,780.0,780.0,780.0,780.0,0,1040,0
FINNIFTY06FEB2421300PE.NFO,2024-01-31,12:40:00,2024-02-06,780.0,780.0,780.0,780.0,0,1040,0
FINNIFTY06FEB2421300PE.NFO,2024-01-31,12:41:00,2024-02-06,780.0,780.0,780.0,780.0,0,1040,0
FINNIFTY06FEB2421300PE.NFO,2024-01-31,12:42:00,2024-02-06,780.0,780.0,780.0,780.0,0,1040,0
FINNIFTY06FEB2421300PE.NFO,2024-01-31,12:43:00,2024-02-06,780.0,780.0,780.0,780.0,0,1040,0
FINNIFTY06FEB2421300PE.NFO,2024-01-31,12:44:00,2024-02-06,780.0,780.0,780.0,780.0,0,1040,0
FINNIFTY06FEB2421300PE.NFO,2024-01-31,12:45:00,2024-02-06,780.0,780.0,780.0,780.0,0,1040,0
FINNIFTY06FEB2421300PE.NFO,2024-01-31,12:46:00,2024-02-06,780.0,780.0,780.0,780.0,0,1040,0
FINNIFTY06FEB2421300PE.NFO,2024-01-31,12:47:00,2024-02-06,780.0,780.0,780.0,780.0,0,1040,0
FINNIFTY06FEB2421300PE.NFO,2024-01-31,12:48:00,2024-02-06,780.0,780.0,780.0,780.0,0,1040,0
FINNIFTY06FEB2421300PE.NFO,2024-01-31,12:49:00,2024-02-06,780.0,780.0,780.0,780.0,0,1040,0
FINNIFTY06FEB2421300PE.NFO,2024-01-31,12:50:00,2024-02-06,780.0,780.0,780.0,780.0,0,1040,0
FINNIFTY06FEB2421300PE.NFO,2024-01-31,12:51:00,2024-02-06,780.0,780.0,780.0,780.0,0,1040,0
FINNIFTY06FEB2421300PE.NFO,2024-01-31,12:52:00,2024-02-06,780.0,780.0,780.0,780.0,0,1040,0
FINNIFTY06FEB2421300PE.NFO,2024-01-31,12:53:00,2024-02-06,780.0,780.0,780.0,780.0,0,1040,0
FINNIFTY06FEB2421300PE.NFO,2024-01-31,12:54:00,2024-02-06,780.0,780.0,780.0,780.0,0,1040,0
FINNIFTY06FEB2421300PE.NFO,2024-01-31,12:55:00,2024-02-06,780.0,780.0,780.0,780.0,0,1040,0
FINNIFTY06FEB2421300PE.NFO,2024-01-31,12:56:00,2024-02-06,780.0,780.0,780.0,780.0,0,1040,0
FINNIFTY06FEB2421300PE.NFO,2024-01-31,12:57:00,2024-02-06,780.0,780.0,780.0,780.0,0,1040,0
FINNIFTY06FEB2421300PE.NFO,2024-01-31,12:58:00,2024-02-06,780.0,780.0,780.0,780.0,0,1040,0
FINNIFTY06FEB2421300PE.NFO,2024-01-31,12:59:00,2024-02-06,780.0,780.0,780.0,780.0,0,1040,0
FINNIFTY06FEB2421300PE.NFO,2024-01-31,13:00:00,2024-02-06,780.0,780.0,780.0,780.0,0,1040,0
FINNIFTY06FEB2421300PE.NFO,2024-01-31,13:01:00,2024-02-06,780.0,780.0,780.0,780.0,0,1040,0
FINNIFTY06FEB2421300PE.NFO,2024-01-31,13:02:00,2024-02-06,780.0,780.0,780.0,780.0,0,1040,0
FINNIFTY06FEB2421300PE.NFO,2024-01-31,13:03:00,2024-02-06,780.0,780.0,780.0,780.0,0,1040,0
FINNIFTY06FEB2421300PE.NFO,2024-01-31,13:04:00,2024-02-06,780.0,780.0,780.0,780.0,0,1040,0
FINNIFTY06FEB2421300PE.NFO,2024-01-31,13:05:00,2024-02-06,780.0,780.0,780.0,780.0,0,1040,0
FINNIFTY06FEB2421300PE.NFO,2024-01-31,13:06:00,2024-02-06,780.0,780.0,780.0,780.0,0,1040,0
FINNIFTY06FEB2421300PE.NFO,2024-01-31,13:07:00,2024-02-06,780.0,780.0,780.0,780.0,0,1040,0
FINNIFTY06FEB2421300PE.NFO,2024-01-31,13:08:00,2024-02-06,780.0,780.0,780.0,780.0,0,1040,0
FINNIFTY06FEB2421300PE.NFO,2024-01-31,13:09:00,2024-02-06,780.0,780.0,780.0,780.0,0,1040,0
FINNIFTY06FEB2421300PE.NFO,2024-01-31,13:10:00,2024-02-06,780.0,780.0,780.0,780.0,0,1040,0
FINNIFTY06FEB2421300PE.NFO,2024-01-31,13:11:00,2024-02-06,780.0,780.0,780.0,780.0,0,1040,0
FINNIFTY06FEB2421300PE.NFO,2024-01-31,13:12:00,2024-02-06,780.0,780.0,780.0,780.0,0,1040,0
FINNIFTY06FEB2421300PE.NFO,2024-01-31,13:13:00,2024-02-06,780.0,780.0,780.0,780.0,0,1040,0
FINNIFTY06FEB2421300PE.NFO,2024-01-31,13:14:00,2024-02-06,780.0,780.0,780.0,780.0,0,1040,1
FINNIFTY06FEB2421300PE.NFO,2024-01-31,13:15:00,2024-02-06,780.0,780.0,780.0,780.0,0,1040,0
FINNIFTY06FEB2421300PE.NFO,2024-01-31,13:16:00,2024-02-06,780.0,780.0,780.0,780.0,0,1040,1
FINNIFTY06FEB2421300PE.NFO,2024-01-31,13:17:00,2024-02-06,780.0,780.0,780.0,780.0,0,1040,0
FINNIFTY06FEB2421300PE.NFO,2024-01-31,13:18:00,2024-02-06,780.0,780.0,780.0,780.0,0,1040,0
FINNIFTY06FEB2421300PE.NFO,2024-01-31,13:19:00,2024-02-06,780.0,780.0,780.0,780.0,0,1040,0
FINNIFTY06FEB2421300PE.NFO,2024-01-31,13:20:00,2024-02-06,780.0,780.0,780.0,780.0,0,1040,0
FINNIFTY06FEB2421300PE.NFO,2024-01-31,13:21:00,2024-02-06,780.0,780.0,780.0,780.0,0,1040,0
FINNIFTY06FEB2421300PE.NFO,2024-01-31,13:22:00,2024-02-06,780.0,780.0,780.0,780.0,0,1040,0
FINNIFTY06FEB2421300PE.NFO,2024-01-31,13:23:00,2024-02-06,780.0,780.0,780.0,780.0,0,1040,0
FINNIFTY06FEB2421300PE.NFO,2024-01-31,13:24:00,2024-02-06,780.0,780.0,780.0,780.0,0,1040,0
FINNIFTY06FEB2421300PE.NFO,2024-01-31,13:25:00,2024-02-06,780.0,780.0,780.0,780.0,0,1040,0
FINNIFTY06FEB2421300PE.NFO,2024-01-31,13:26:00,2024-02-06,780.0,780.0,780.0,780.0,0,1040,0
FINNIFTY06FEB2421300PE.NFO,2024-01-31,13:27:00,2024-02-06,780.0,780.0,780.0,780.0,0,1040,0
FINNIFTY06FEB2421300PE.NFO,2024-01-31,13:28:00,2024-02-06,780.0,780.0,780.0,780.0,0,1040,0
FINNIFTY06FEB2421300PE.NFO,2024-01-31,13:29:00,2024-02-06,780.0,780.0,780.0,780.0,0,1040,0
FINNIFTY06FEB2421300PE.NFO,2024-01-31,13:30:00,2024-02-06,780.0,780.0,780.0,780.0,0,1040,0
FINNIFTY06FEB2421300PE.NFO,2024-01-31,13:31:00,2024-02-06,780.0,780.0,780.0,780.0,0,1040,0
FINNIFTY06FEB2421300PE.NFO,2024-01-31,13:32:00,2024-02-06,780.0,780.0,780.0,780.0,0,1040,0
FINNIFTY06FEB2421300PE.NFO,2024-01-31,13:33:00,2024-02-06,780.0,780.0,780.0,780.0,0,1040,0
FINNIFTY06FEB2421300PE.NFO,2024-01-31,13:34:00,2024-02-06,780.0,780.0,780.0,780.0,0,1040,0
FINNIFTY06FEB2421300PE.NFO,2024-01-31,13:35:00,2024-02-06,780.0,780.0,780.0,780.0,0,1040,0
FINNIFTY06FEB2421300PE.NFO,2024-01-31,13:36:00,2024-02-06,780.0,780.0,780.0,780.0,0,1040,0
FINNIFTY06FEB2421300PE.NFO,2024-01-31,13:37:00,2024-02-06,780.0,780.0,780.0,780.0,0,1040,0
FINNIFTY06FEB2421300PE.NFO,2024-01-31,13:38:00,2024-02-06,780.0,780.0,780.0,780.0,0,1040,0
FINNIFTY06FEB2421300PE.NFO,2024-01-31,13:39:00,2024-02-06,780.0,780.0,780.0,780.0,0,1040,0
FINNIFTY06FEB2421300PE.NFO,2024-01-31,13:40:00,2024-02-06,780.0,780.0,780.0,780.0,0,1040,0
FINNIFTY06FEB2421300PE.NFO,2024-01-31,13:41:00,2024-02-06,780.0,780.0,780.0,780.0,0,1040,0
FINNIFTY06FEB2421300PE.NFO,2024-01-31,13:42:00,2024-02-06,780.0,780.0,780.0,780.0,0,1040,0
FINNIFTY06FEB2421300PE.NFO,2024-01-31,13:43:00,2024-02-06,780.0,780.0,780.0,780.0,0,1040,0
FINNIFTY06FEB2421300PE.NFO,2024-01-31,13:44:00,2024-02-06,780.0,780.0,780.0,780.0,0,1040,0
FINNIFTY06FEB2421300PE.NFO,2024-01-31,13:45:00,2024-02-06,780.0,780.0,780.0,780.0,0,1040,1
FINNIFTY06FEB2421300PE.NFO,2024-01-31,13:46:00,2024-02-06,780.0,780.0,780.0,780.0,0,1040,0
FINNIFTY06FEB2421300PE.NFO,2024-01-31,13:47:00,2024-02-06,780.0,780.0,780.0,780.0,0,1040,0
FINNIFTY06FEB2421300PE.NFO,2024-01-31,13:48:00,2024-02-06,780.0,780.0,780.0,780.0,0,1040,0
FINNIFTY06FEB2421300PE.NFO,2024-01-31,13:49:00,2024-02-06,780.0,780.0,780.0,780.0,0,1040,1
FINNIFTY06FEB2421300PE.NFO,2024-01-31,13:50:00,2024-02-06,780.0,780.0,780.0,780.0,0,1040,0
FINNIFTY06FEB2421300PE.NFO,2024-01-31,13:51:00,2024-02-06,780.0,780.0,780.0,780.0,0,1040,0
FINNIFTY06FEB2421300PE.NFO,2024-01-31,13:52:00,2024-02-06,780.0,780.0,780.0,780.0,0,1040,0
FINNIFTY06FEB2421300PE.NFO,2024-01-31,13:53:00,2024-02-06,780.0,780.0,780.0,780.0,0,1040,0
FINNIFTY06FEB2421300PE.NFO,2024-01-31,13:54:00,2024-02-06,780.0,780.0,780.0,780.0,0,1040,0
FINNIFTY06FEB2421300PE.NFO,2024-01-31,13:55:00,2024-02-06,780.0,780.0,780.0,780.0,0,1040,0
FINNIFTY06FEB2421300PE.NFO,2024-01-31,13:56:00,2024-02-06,780.0,780.0,780.0,780.0,0,1040,0
FINNIFTY06FEB2421300PE.NFO,2024-01-31,13:57:00,2024-02-06,780.0,780.0,780.0,780.0,0,1040,0
FINNIFTY06FEB2421300PE.NFO,2024-01-31,13:58:00,2024-02-06,780.0,780.0,780.0,780.0,0,1040,0
FINNIFTY06FEB2421300PE.NFO,2024-01-31,13:59:00,2024-02-06,780.0,780.0,780.0,780.0,0,1040,0
FINNIFTY06FEB2421300PE.NFO,2024-01-31,14:00:00,2024-02-06,780.0,780.0,780.0,780.0,0,1040,0
FINNIFTY06FEB2421300PE.NFO,2024-01-31,14:01:00,2024-02-06,780.0,780.0,780.0,780.0,0,1040,0
FINNIFTY06FEB2421300PE.NFO,2024-01-31,14:02:00,2024-02-06,780.0,780.0,780.0,780.0,0,1040,0
FINNIFTY06FEB2421300PE.NFO,2024-01-31,14:03:00,2024-02-06,780.0,780.0,780.0,780.0,0,1040,0
FINNIFTY06FEB2421300PE.NFO,2024-01-31,14:04:00,2024-02-06,780.0,780.0,780.0,780.0,0,1040,0
FINNIFTY06FEB2421300PE.NFO,2024-01-31,14:05:00,2024-02-06,780.0,780.0,780.0,780.0,0,1040,1
FINNIFTY06FEB2421300PE.NFO,2024-01-31,14:06:00,2024-02-06,780.0,780.0,780.0,780.0,0,1040,1
FINNIFTY06FEB2421300PE.NFO,2024-01-31,14:07:00,2024-02-06,780.0,780.0,780.0,780.0,0,1040,0
FINNIFTY06FEB2421300PE.NFO,2024-01-31,14:08:00,2024-02-06,780.0,780.0,780.0,780.0,0,1040,0
FINNIFTY06FEB2421300PE.NFO,2024-01-31,14:09:00,2024-02-06,780.0,780.0,780.0,780.0,0,1040,0
FINNIFTY06FEB2421300PE.NFO,2024-01-31,14:10:00,2024-02-06,780.0,780.0,780.0,780.0,0,1040,0
FINNIFTY06FEB2421300PE.NFO,2024-01-31,14:11:00,2024-02-06,780.0,780.0,780.0,780.0,0,1040,0
FINNIFTY06FEB2421300PE.NFO,2024-01-31,14:12:00,2024-02-06,780.0,780.0,780.0,780.0,0,1040,0
FINNIFTY06FEB2421300PE.NFO,2024-01-31,14:13:00,2024-02-06,780.0,780.0,780.0,780.0,0,1040,0
FINNIFTY06FEB2421300PE.NFO,2024-01-31,14:14:00,2024-02-06,780.0,780.0,780.0,780.0,0,1040,0
FINNIFTY06FEB2421300PE.NFO,2024-01-31,14:15:00,2024-02-06,780.0,780.0,780.0,780.0,0,1040,0
FINNIFTY06FEB2421300PE.NFO,2024-01-31,14:16:00,2024-02-06,780.0,780.0,780.0,780.0,0,1040,0
FINNIFTY06FEB2421300PE.NFO,2024-01-31,14:17:00,2024-02-06,780.0,780.0,780.0,780.0,0,1040,0
FINNIFTY06FEB2421300PE.NFO,2024-01-31,14:18:00,2024-02-06,780.0,780.0,780.0,780.0,0,1040,0
FINNIFTY06FEB2421300PE.NFO,2024-01-31,14:19:00,2024-02-06,780.0,780.0,780.0,780.0,0,1040,1
FINNIFTY06FEB2421300PE.NFO,2024-01-31,14:20:00,2024-02-06,780.0,780.0,780.0,780.0,0,1040,0
FINNIFTY06FEB2421300PE.NFO,2024-01-31,14:21:00,2024-02-06,780.0,780.0,780.0,780.0,0,1040,0
FINNIFTY06FEB2421300PE.NFO,2024-01-31,14:22:00,2024-02-06,780.0,780.0,780.0,780.0,0,1040,0
FINNIFTY06FEB2421300PE.NFO,2024-01-31,14:23:00,2024-02-06,780.0,780.0,780.0,780.0,0,1040,0
FINNIFTY06FEB2421300PE.NFO,2024-01-31,14:24:00,2024-02-06,780.0,780.0,780.0,780.0,0,1040,0
FINNIFTY06FEB2421300PE.NFO,2024-01-31,14:25:00,2024-02-06,780.0,780.0,780.0,780.0,0,1040,0
FINNIFTY06FEB2421300PE.NFO,2024-01-31,14:26:00,2024-02-06,780.0,780.0,780.0,780.0,0,1040,0
FINNIFTY06FEB2421300PE.NFO,2024-01-31,14:27:00,2024-02-06,780.0,780.0,780.0,780.0,0,1040,1
FINNIFTY06FEB2421300PE.NFO,2024-01-31,14:28:00,2024-02-06,780.0,780.0,780.0,780.0,0,1040,0
FINNIFTY06FEB2421300PE.NFO,2024-01-31,14:29:00,2024-02-06,780.0,780.0,780.0,780.0,0,1040,0
FINNIFTY06FEB2421300PE.NFO,2024-01-31,14:30:00,2024-02-06,780.0,780.0,780.0,780.0,0,1040,1
FINNIFTY06FEB2421300PE.NFO,2024-01-31,14:31:00,2024-02-06,780.0,780.0,780.0,780.0,0,1040,0
FINNIFTY06FEB2421300PE.NFO,2024-01-31,14:32:00,2024-02-06,780.0,780.0,780.0,780.0,0,1040,0
FINNIFTY06FEB2421300PE.NFO,2024-01-31,14:33:00,2024-02-06,780.0,780.0,780.0,780.0,0,1040,0
FINNIFTY06FEB2421300PE.NFO,2024-01-31,14:34:00,2024-02-06,780.0,780.0,780.0,780.0,0,1040,0
FINNIFTY06FEB2421300PE.NFO,2024-01-31,14:35:00,2024-02-06,780.0,780.0,780.0,780.0,0,1040,0
FINNIFTY06FEB2421300PE.NFO,2024-01-31,14:36:00,2024-02-06,780.0,780.0,780.0,780.0,0,1040,1
FINNIFTY06FEB2421300PE.NFO,2024-01-31,14:37:00,2024-02-06,780.0,780.0,780.0,780.0,0,1040,1
FINNIFTY06FEB2421300PE.NFO,2024-01-31,14:38:00,2024-02-06,780.0,780.0,780.0,780.0,0,1040,0
FINNIFTY06FEB2421300PE.NFO,2024-01-31,14:39:00,2024-02-06,780.0,780.0,780.0,780.0,0,1040,0
FINNIFTY06FEB2421300PE.NFO,2024-01-31,14:40:00,2024-02-06,780.0,780.0,780.0,780.0,0,1040,1
FINNIFTY06FEB2421300PE.NFO,2024-01-31,14:41:00,2024-02-06,780.0,780.0,780.0,780.0,0,1040,1
FINNIFTY06FEB2421300PE.NFO,2024-01-31,14:42:00,2024-02-06,780.0,780.0,780.0,780.0,0,1040,0
FINNIFTY06FEB2421300PE.NFO,2024-01-31,14:43:00,2024-02-06,780.0,780.0,780.0,780.0,0,1040,0
FINNIFTY06FEB2421300PE.NFO,2024-01-31,14:44:00,2024-02-06,780.0,780.0,780.0,780.0,0,1040,0
FINNIFTY06FEB2421300PE.NFO,2024-01-31,14:45:00,2024-02-06,780.0,780.0,780.0,780.0,0,1040,0
FINNIFTY06FEB2421300PE.NFO,2024-01-31,14:46:00,2024-02-06,780.0,780.0,780.0,780.0,0,1040,0
FINNIFTY06FEB2421300PE.NFO,2024-01-31,14:47:00,2024-02-06,780.0,780.0,780.0,780.0,0,1040,0
FINNIFTY06FEB2421300PE.NFO,2024-01-31,14:48:00,2024-02-06,780.0,780.0,780.0,780.0,0,1040,0
FINNIFTY06FEB2421300PE.NFO,2024-01-31,14:49:00,2024-02-06,780.0,780.0,780.0,780.0,0,1040,0
FINNIFTY06FEB2421300PE.NFO,2024-01-31,14:50:00,2024-02-06,780.0,780.0,780.0,780.0,0,1040,0
FINNIFTY06FEB2421300PE.NFO,2024-01-31,14:51:00,2024-02-06,780.0,780.0,780.0,780.0,0,1040,0
FINNIFTY06FEB2421300PE.NFO,2024-01-31,14:52:00,2024-02-06,780.0,780.0,780.0,780.0,0,1040,0
FINNIFTY06FEB2421300PE.NFO,2024-01-31,14:53:00,2024-02-06,780.0,780.0,780.0,780.0,0,1040,0
FINNIFTY06FEB2421300PE.NFO,2024-01-31,14:54:00,2024-02-06,780.0,796.0,780.0,796.0,720,1080,0
FINNIFTY06FEB2421300PE.NFO,2024-01-31,14:55:00,2024-02-06,796.0,796.0,796.0,796.0,0,1080,0
FINNIFTY06FEB2421300PE.NFO,2024-01-31,14:56:00,2024-02-06,796.0,796.0,796.0,796.0,0,1080,0
FINNIFTY06FEB2421300PE.NFO,2024-01-31,14:57:00,2024-02-06,796.0,796.0,796.0,796.0,0,1080,0
FINNIFTY06FEB2421300PE.NFO,2024-01-31,14:58:00,2024-02-06,796.0,796.0,796.0,796.0,0,1080,0
FINNIFTY06FEB2421300PE.NFO,2024-01-31,14:59:00,2024-02-06,796.0,796.0,796.0,796.0,0,1080,0
FINNIFTY06FEB2421300PE.NFO,2024-01-31,15:00:00,2024-02-06,796.0,796.0,796.0,796.0,0,1080,0
FINNIFTY06FEB2421300PE.NFO,2024-01-31,15:01:00,2024-02-06,796.0,796.0,796.0,796.0,0,1080,0
FINNIFTY06FEB2421300PE.NFO,2024-01-31,15:02:00,2024-02-06,796.0,800.55,796.0,800.55,120,1800,0
FINNIFTY06FEB2421300PE.NFO,2024-01-31,15:03:00,2024-02-06,800.55,800.55,791.8,791.8,80,1800,0
FINNIFTY06FEB2421300PE.NFO,2024-01-31,15:04:00,2024-02-06,791.8,791.8,791.8,791.8,0,1800,0
FINNIFTY06FEB2421300PE.NFO,2024-01-31,15:05:00,2024-02-06,791.8,791.8,791.8,791.8,0,1800,0
FINNIFTY06FEB2421300PE.NFO,2024-01-31,15:06:00,2024-02-06,791.8,791.8,791.8,791.8,0,1800,0
FINNIFTY06FEB2421300PE.NFO,2024-01-31,15:07:00,2024-02-06,791.8,791.8,791.8,791.8,0,1800,0
FINNIFTY06FEB2421300PE.NFO,2024-01-31,15:08:00,2024-02-06,791.8,791.8,791.8,791.8,0,1800,0
FINNIFTY06FEB2421300PE.NFO,2024-01-31,15:09:00,2024-02-06,791.8,791.8,791.8,791.8,0,1800,0
FINNIFTY06FEB2421300PE.NFO,2024-01-31,15:10:00,2024-02-06,791.8,791.8,791.8,791.8,0,1800,0
FINNIFTY06FEB2421300PE.NFO,2024-01-31,15:11:00,2024-02-06,791.8,791.8,791.8,791.8,0,1800,0
FINNIFTY06FEB2421300PE.NFO,2024-01-31,15:12:00,2024-02-06,791.8,791.8,791.8,791.8,0,1800,0
FINNIFTY06FEB2421300PE.NFO,2024-01-31,15:13:00,2024-02-06,791.8,791.8,791.8,791.8,0,1800,0
FINNIFTY06FEB2421300PE.NFO,2024-01-31,15:14:00,2024-02-06,791.8,791.8,791.8,791.8,0,1800,0
FINNIFTY06FEB2421300PE.NFO,2024-01-31,15:15:00,2024-02-06,791.8,791.8,791.8,791.8,0,1800,0
FINNIFTY06FEB2421300PE.NFO,2024-01-31,15:16:00,2024-02-06,791.8,791.8,791.8,791.8,0,1800,0
FINNIFTY06FEB2421300PE.NFO,2024-01-31,15:17:00,2024-02-06,791.8,791.8,791.8,791.8,0,1800,0
FINNIFTY06FEB2421300PE.NFO,2024-01-31,15:18:00,2024-02-06,791.8,791.8,791.8,791.8,0,1800,0
FINNIFTY06FEB2421300PE.NFO,2024-01-31,15:19:00,2024-02-06,791.8,791.8,791.8,791.8,0,1800,0
FINNIFTY06FEB2421300PE.NFO,2024-01-31,15:20:00,2024-02-06,791.8,791.8,791.8,791.8,0,1800,0
FINNIFTY06FEB2421300PE.NFO,2024-01-31,15:21:00,2024-02-06,791.8,791.8,791.8,791.8,0,1800,0
FINNIFTY06FEB2421300PE.NFO,2024-01-31,15:22:00,2024-02-06,791.8,791.8,791.8,791.8,0,1800,0
FINNIFTY06FEB2421300PE.NFO,2024-01-31,15:23:00,2024-02-06,791.8,791.8,791.8,791.8,0,1800,0
FINNIFTY06FEB2421300PE.NFO,2024-01-31,15:24:00,2024-02-06,791.8,791.8,791.8,791.8,0,1800,0
FINNIFTY06FEB2421300PE.NFO,2024-01-31,15:25:00,2024-02-06,791.8,791.8,791.8,791.8,0,1800,0
FINNIFTY06FEB2421300PE.NFO,2024-01-31,15:26:00,2024-02-06,791.8,791.8,791.8,791.8,0,1800,0
FINNIFTY06FEB2421300PE.NFO,2024-01-31,15:27:00,2024-02-06,791.8,791.8,791.8,791.8,0,1800,0
FINNIFTY06FEB2421300PE.NFO,2024-01-31,15:28:00,2024-02-06,791.8,791.8,791.8,791.8,0,1800,0
FINNIFTY06FEB2421300PE.NFO,2024-01-31,15:29:00,2024-02-06,791.8,791.8,791.8,791.8,0,1800,0
FINNIFTY06FEB2421300PE.NFO,2024-01-31,15:30:00,2024-02-06,791.8,791.8,791.8,791.8,0,1800,1
FINNIFTY06FEB2421300PE.NFO,2024-02-02,09:15:00,2024-02-06,613.55,613.55,613.55,613.55,0,0,0
FINNIFTY06FEB2421300PE.NFO,2024-02-02,09:16:00,2024-02-06,613.55,615.9,613.55,615.9,40,1800,0
FINNIFTY06FEB2421300PE.NFO,2024-02-02,09:17:00,2024-02-06,615.9,615.9,609.45,609.45,40,1800,0
FINNIFTY06FEB2421300PE.NFO,2024-02-02,09:18:00,2024-02-06,609.45,609.45,596.6,596.6,80,1800,0
FINNIFTY06FEB2421300PE.NFO,2024-02-02,09:19:00,2024-02-06,596.6,596.6,596.6,596.6,0,1800,0
FINNIFTY06FEB2421300PE.NFO,2024-02-02,09:20:00,2024-02-06,596.6,596.6,596.6,596.6,0,1800,0
FINNIFTY06FEB2421300PE.NFO,2024-02-02,09:21:00,2024-02-06,596.6,596.6,596.6,596.6,0,1800,0
FINNIFTY06FEB2421300PE.NFO,2024-02-02,09:22:00,2024-02-06,596.6,596.6,596.6,596.6,0,1800,0
FINNIFTY06FEB2421300PE.NFO,2024-02-02,09:23:00,2024-02-06,596.6,596.6,596.6,596.6,0,1800,0
FINNIFTY06FEB2421300PE.NFO,2024-02-02,09:24:00,2024-02-06,596.6,596.6,596.6,596.6,0,1800,0
FINNIFTY06FEB2421300PE.NFO,2024-02-02,09:25:00,2024-02-06,596.6,596.6,596.6,596.6,0,1800,0
FINNIFTY06FEB2421300PE.NFO,2024-02-02,09:26:00,2024-02-06,596.6,596.6,596.6,596.6,0,1800,0
FINNIFTY06FEB2421300PE.NFO,2024-02-02,09:27:00,2024-02-06,596.6,596.6,596.6,596.6,0,1800,0
FINNIFTY06FEB2421300PE.NFO,2024-02-02,09:28:00,2024-02-06,596.6,596.6,596.6,596.6,0,1800,0
FINNIFTY06FEB2421300PE.NFO,2024-02-02,09:29:00,2024-02-06,596.6,596.6,596.6,596.6,0,1800,0
FINNIFTY06FEB2421300PE.NFO,2024-02-02,09:30:00,2024-02-06,596.6,604.0,596.6,604.0,80,1880,0
FINNIFTY06FEB2421300PE.NFO,2024-02-02,09:31:00,2024-02-06,604.0,604.0,604.0,604.0,0,1880,0
FINNIFTY06FEB2421300PE.NFO,2024-02-02,09:32:00,2024-02-06,604.0,604.0,604.0,604.0,0,1880,0
FINNIFTY06FEB2421300PE.NFO,2024-02-02,09:33:00,2024-02-06,604.0,604.0,604.0,604.0,0,1880,0
FINNIFTY06FEB2421300PE.NFO,2024-02-02,09:34:00,2024-02-06,604.0,604.0,604.0,604.0,0,1880,0
FINNIFTY06FEB2421300PE.NFO,2024-02-02,09:35:00,2024-02-06,604.0,604.0,604.0,604.0,0,1880,0
FINNIFTY06FEB2421300PE.NFO,2024-02-02,09:36:00,2024-02-06,604.0,604.0,604.0,604.0,0,1880,0
FINNIFTY06FEB2421300PE.NFO,2024-02-02,09:37:00,2024-02-06,604.0,604.0,604.0,604.0,0,1880,0
FINNIFTY06FEB2421300PE.NFO,2024-02-02,09:38:00,2024-02-06,604.0,605.55,604.0,605.55,40,1960,0
FINNIFTY06FEB2421300PE.NFO,2024-02-02,09:39:00,2024-02-06,605.55,605.55,605.55,605.55,0,1960,0
FINNIFTY06FEB2421300PE.NFO,2024-02-02,09:40:00,2024-02-06,605.55,605.55,605.55,605.55,0,1960,0
FINNIFTY06FEB2421300PE.NFO,2024-02-02,09:41:00,2024-02-06,605.55,605.55,605.55,605.55,0,1960,0
FINNIFTY06FEB2421300PE.NFO,2024-02-02,09:42:00,2024-02-06,605.55,605.55,605.55,605.55,0,1960,0
FINNIFTY06FEB2421300PE.NFO,2024-02-02,09:43:00,2024-02-06,605.55,605.55,605.55,605.55,0,1960,0
FINNIFTY06FEB2421300PE.NFO,2024-02-02,09:44:00,2024-02-06,605.55,605.55,601.95,601.95,80,1920,0
FINNIFTY06FEB2421300PE.NFO,2024-02-02,09:45:00,2024-02-06,601.95,601.95,601.95,601.95,0,1920,0
FINNIFTY06FEB2421300PE.NFO,2024-02-02,09:46:00,2024-02-06,601.95,601.95,601.95,601.95,0,1920,0
FINNIFTY06FEB2421300PE.NFO,2024-02-02,09:47:00,2024-02-06,601.95,601.95,601.95,601.95,0,1920,0
FINNIFTY06FEB2421300PE.NFO,2024-02-02,09:48:00,2024-02-06,601.95,601.95,601.95,601.95,0,1920,0
FINNIFTY06FEB2421300PE.NFO,2024-02-02,09:49:00,2024-02-06,601.95,601.95,601.95,601.95,0,1920,0
FINNIFTY06FEB2421300PE.NFO,2024-02-02,09:50:00,2024-02-06,601.95,601.95,601.95,601.95,0,1920,0
FINNIFTY06FEB2421300PE.NFO,2024-02-02,09:51:00,2024-02-06,601.95,601.95,601.95,601.95,0,1920,0
FINNIFTY06FEB2421300PE.NFO,2024-02-02,09:52:00,2024-02-06,601.95,601.95,601.95,601.95,0,1920,0
FINNIFTY06FEB2421300PE.NFO,2024-02-02,09:53:00,2024-02-06,601.95,601.95,601.95,601.95,0,1920,0
FINNIFTY06FEB2421300PE.NFO,2024-02-02,09:54:00,2024-02-06,601.95,601.95,601.95,601.95,0,1920,0
FINNIFTY06FEB2421300PE.NFO,2024-02-02,09:55:00,2024-02-06,601.95,601.95,601.95,601.95,0,1920,0
FINNIFTY06FEB2421300PE.NFO,2024-02-02,09:56:00,2024-02-06,601.95,601.95,601.95,601.95,0,1920,0
FINNIFTY06FEB2421300PE.NFO,2024-02-02,09:57:00,2024-02-06,601.95,601.95,601.95,601.95,0,1920,0
FINNIFTY06FEB2421300PE.NFO,2024-02-02,09:58:00,2024-02-06,601.95,601.95,601.95,601.95,0,1920,0
FINNIFTY06FEB2421300PE.NFO,2024-02-02,09:59:00,2024-02-06,601.95,601.95,601.95,601.95,0,1920,0
FINNIFTY06FEB2421300PE.NFO,2024-02-02,10:00:00,2024-02-06,601.95,601.95,601.95,601.95,0,1920,0
FINNIFTY06FEB2421300PE.NFO,2024-02-02,10:01:00,2024-02-06,601.95,601.95,601.95,601.95,0,1920,0
FINNIFTY06FEB2421300PE.NFO,2024-02-02,10:02:00,2024-02-06,601.95,601.95,601.95,601.95,0,1920,0
FINNIFTY06FEB2421300PE.NFO,2024-02-02,10:03:00,2024-02-06,601.95,601.95,601.95,601.95,0,1920,0
FINNIFTY06FEB2421300PE.NFO,2024-02-02,10:04:00,2024-02-06,601.95,601.95,601.95,601.95,0,1920,0
FINNIFTY06FEB2421300PE.NFO,2024-02-02,10:05:00,2024-02-06,601.95,601.95,601.95,601.95,0,1920,0
FINNIFTY06FEB2421300PE.NFO,2024-02-02,10:06:00,2024-02-06,601.95,601.95,601.95,601.95,0,1920,0
FINNIFTY06FEB2421300PE.NFO,2024-02-02,10:07:00,2024-02-06,601.95,601.95,594.6,594.6,80,1920,0
FINNIFTY06FEB2421300PE.NFO,2024-02-02,10:08:00,2024-02-06,594.6,594.6,594.6,594.6,0,1920,0
FINNIFTY06FEB2421300PE.NFO,2024-02-02,10:09:00,2024-02-06,594.6,594.6,594.6,594.6,0,1920,0
FINNIFTY06FEB2421300PE.NFO,2024-02-02,10:10:00,2024-02-06,594.6,598.05,592.55,598.05,160,1840,0
FINNIFTY06FEB2421300PE.NFO,2024-02-02,10:11:00,2024-02-06,598.05,598.05,598.05,598.05,0,1840,0
FINNIFTY06FEB2421300PE.NFO,2024-02-02,10:12:00,2024-02-06,598.05,598.05,598.05,598.05,0,1840,0
FINNIFTY06FEB2421300PE.NFO,2024-02-02,10:13:00,2024-02-06,598.05,598.05,598.05,598.05,0,1840,0
FINNIFTY06FEB2421300PE.NFO,2024-02-02,10:14:00,2024-02-06,598.05,598.05,598.05,598.05,0,1840,0
FINNIFTY06FEB2421300PE.NFO,2024-02-02,10:15:00,2024-02-06,598.05,598.05,598.05,598.05,0,1840,0
FINNIFTY06FEB2421300PE.NFO,2024-02-02,10:16:00,2024-02-06,598.05,598.05,598.05,598.05,0,1840,0
FINNIFTY06FEB2421300PE.NFO,2024-02-02,10:17:00,2024-02-06,598.05,598.05,598.05,598.05,0,1840,0
FINNIFTY06FEB2421300PE.NFO,2024-02-02,10:18:00,2024-02-06,598.05,598.05,598.05,598.05,0,1840,0
FINNIFTY06FEB2421300PE.NFO,2024-02-02,10:19:00,2024-02-06,598.05,598.05,598.05,598.05,0,1840,0
FINNIFTY06FEB2421300PE.NFO,2024-02-02,10:20:00,2024-02-06,598.05,598.05,598.05,598.05,0,1840,0
FINNIFTY06FEB2421300PE.NFO,2024-02-02,10:21:00,2024-02-06,598.05,598.05,598.05,598.05,0,1840,0
FINNIFTY06FEB2421300PE.NFO,2024-02-02,10:22:00,2024-02-06,598.05,632.0,598.05,632.0,80,1840,0
FINNIFTY06FEB2421300PE.NFO,2024-02-02,10:23:00,2024-02-06,632.0,632.0,632.0,632.0,0,1840,0
FINNIFTY06FEB2421300PE.NFO,2024-02-02,10:24:00,2024-02-06,632.0,632.0,632.0,632.0,0,1840,0
FINNIFTY06FEB2421300PE.NFO,2024-02-02,10:25:00,2024-02-06,632.0,632.0,632.0,632.0,0,1840,0
FINNIFTY06FEB2421300PE.NFO,2024-02-02,10:26:00,2024-02-06,632.0,632.0,632.0,632.0,0,1840,0
FINNIFTY06FEB2421300PE.NFO,2024-02-02,10:27:00,2024-02-06,632.0,632.0,632.0,632.0,0,1840,0
FINNIFTY06FEB2421300PE.NFO,2024-02-02,10:28:00,2024-02-06,632.0,632.0,632.0,632.0,0,1840,0
FINNIFTY06FEB2421300PE.NFO,2024-02-02,10:29:00,2024-02-06,632.0,632.0,632.0,632.0,0,1840,0
FINNIFTY06FEB2421300PE.NFO,2024-02-02,10:30:00,2024-02-06,632.0,632.0,632.0,632.0,0,1840,0
FINNIFTY06FEB2421300PE.NFO,2024-02-02,10:31:00,2024-02-06,632.0,632.0,632.0,632.0,0,1840,0
FINNIFTY06FEB2421300PE.NFO,2024-02-02,10:32:00,2024-02-06,632.0,632.0,632.0,632.0,0,1840,0
FINNIFTY06FEB2421300PE.NFO,2024-02-02,10:33:00,2024-02-06,632.0,632.0,632.0,632.0,0,1840,0
FINNIFTY06FEB2421300PE.NFO,2024-02-02,10:34:00,2024-02-06,632.0,632.0,632.0,632.0,0,1840,0
FINNIFTY06FEB2421300PE.NFO,2024-02-02,10:35:00,2024-02-06,632.0,632.0,632.0,632.0,0,1840,0
FINNIFTY06FEB2421300PE.NFO,2024-02-02,10:36:00,2024-02-06,632.0,632.0,632.0,632.0,0,1840,0
FINNIFTY06FEB2421300PE.NFO,2024-02-02,10:37:00,2024-02-06,632.0,632.0,632.0,632.0,0,1840,0
FINNIFTY06FEB2421300PE.NFO,2024-02-02,10:38:00,2024-02-06,632.0,632.0,632.0,632.0,0,1840,0
FINNIFTY06FEB2421300PE.NFO,2024-02-02,10:39:00,2024-02-06,632.0,632.0,632.0,632.0,0,1840,0
FINNIFTY06FEB2421300PE.NFO,2024-02-02,10:40:00,2024-02-06,632.0,655.6,632.0,655.6,40,1920,0
FINNIFTY06FEB2421300PE.NFO,2024-02-02,10:41:00,2024-02-06,655.6,655.6,655.6,655.6,0,1920,0
FINNIFTY06FEB2421300PE.NFO,2024-02-02,10:42:00,2024-02-06,655.6,655.6,655.6,655.6,0,1920,0
FINNIFTY06FEB2421300PE.NFO,2024-02-02,10:43:00,2024-02-06,655.6,655.6,655.6,655.6,0,1920,0
FINNIFTY06FEB2421300PE.NFO,2024-02-02,10:44:00,2024-02-06,655.6,655.6,655.6,655.6,0,1920,0
FINNIFTY06FEB2421300PE.NFO,2024-02-02,10:45:00,2024-02-06,655.6,655.6,655.6,655.6,0,1920,0
FINNIFTY06FEB2421300PE.NFO,2024-02-02,10:46:00,2024-02-06,655.6,655.6,655.6,655.6,0,1920,0
FINNIFTY06FEB2421300PE.NFO,2024-02-02,10:47:00,2024-02-06,655.6,655.6,655.6,655.6,0,1920,0
FINNIFTY06FEB2421300PE.NFO,2024-02-02,10:48:00,2024-02-06,655.6,655.6,655.6,655.6,0,1920,0
FINNIFTY06FEB2421300PE.NFO,2024-02-02,10:49:00,2024-02-06,655.6,655.6,655.6,655.6,0,1920,0
FINNIFTY06FEB2421300PE.NFO,2024-02-02,10:50:00,2024-02-06,655.6,655.6,655.6,655.6,0,1920,0
FINNIFTY06FEB2421300PE.NFO,2024-02-02,10:51:00,2024-02-06,655.6,655.6,655.6,655.6,0,1920,0
FINNIFTY06FEB2421300PE.NFO,2024-02-02,10:52:00,2024-02-06,655.6,655.6,655.6,655.6,0,1920,0
FINNIFTY06FEB2421300PE.NFO,2024-02-02,10:53:00,2024-02-06,655.6,655.6,655.6,655.6,0,1920,0
FINNIFTY06FEB2421300PE.NFO,2024-02-02,10:54:00,2024-02-06,655.6,655.6,655.6,655.6,0,1920,0
FINNIFTY06FEB2421300PE.NFO,2024-02-02,10:55:00,2024-02-06,655.6,655.6,655.6,655.6,0,1920,0
FINNIFTY06FEB2421300PE.NFO,2024-02-02,10:56:00,2024-02-06,655.6,655.6,655.6,655.6,0,1920,0
FINNIFTY06FEB2421300PE.NFO,2024-02-02,10:57:00,2024-02-06,655.6,655.6,655.6,655.6,0,1920,0
FINNIFTY06FEB2421300PE.NFO,2024-02-02,10:58:00,2024-02-06,655.6,655.6,655.6,655.6,0,1920,0
FINNIFTY06FEB2421300PE.NFO,2024-02-02,10:59:00,2024-02-06,655.6,655.6,655.6,655.6,0,1920,0
FINNIFTY06FEB2421300PE.NFO,2024-02-02,11:00:00,2024-02-06,655.6,655.6,655.6,655.6,0,1920,0
FINNIFTY06FEB2421300PE.NFO,2024-02-02,11:01:00,2024-02-06,655.6,655.6,655.6,655.6,0,1920,0
FINNIFTY06FEB2421300PE.NFO,2024-02-02,11:02:00,2024-02-06,655.6,655.6,655.6,655.6,0,1920,0
FINNIFTY06FEB2421300PE.NFO,2024-02-02,11:03:00,2024-02-06,655.6,655.6,627.45,627.45,360,1960,0
FINNIFTY06FEB2421300PE.NFO,2024-02-02,11:04:00,2024-02-06,627.45,627.45,627.45,627.45,0,1960,0
FINNIFTY06FEB2421300PE.NFO,2024-02-02,11:05:00,2024-02-06,627.45,627.45,627.45,627.45,0,1960,0
FINNIFTY06FEB2421300PE.NFO,2024-02-02,11:06:00,2024-02-06,627.45,627.45,627.45,627.45,0,1960,0
FINNIFTY06FEB2421300PE.NFO,2024-02-02,11:07:00,2024-02-06,627.45,627.45,627.45,627.45,0,1960,0
FINNIFTY06FEB2421300PE.NFO,2024-02-02,11:08:00,2024-02-06,627.45,627.45,627.45,627.45,0,1960,0
FINNIFTY06FEB2421300PE.NFO,2024-02-02,11:09:00,2024-02-06,627.45,627.45,627.45,627.45,0,1960,0
FINNIFTY06FEB2421300PE.NFO,2024-02-02,11:10:00,2024-02-06,627.45,627.45,627.45,627.45,0,1960,0
FINNIFTY06FEB2421300PE.NFO,2024-02-02,11:11:00,2024-02-06,627.45,627.45,627.45,627.45,0,1960,0
FINNIFTY06FEB2421300PE.NFO,2024-02-02,11:12:00,2024-02-06,627.45,627.45,627.45,627.45,0,1960,0
FINNIFTY06FEB2421300PE.NFO,2024-02-02,11:13:00,2024-02-06,627.45,627.45,627.45,627.45,0,1960,0
FINNIFTY06FEB2421300PE.NFO,2024-02-02,11:14:00,2024-02-06,627.45,627.45,627.45,627.45,0,1960,0
FINNIFTY06FEB2421300PE.NFO,2024-02-02,11:15:00,2024-02-06,627.45,627.45,627.45,627.45,0,1960,0
FINNIFTY06FEB2421300PE.NFO,2024-02-02,11:16:00,2024-02-06,627.45,627.45,598.2,598.2,80,2000,0
FINNIFTY06FEB2421300PE.NFO,2024-02-02,11:17:00,2024-02-06,598.2,598.2,598.2,598.2,0,2000,0
FINNIFTY06FEB2421300PE.NFO,2024-02-02,11:18:00,2024-02-06,598.2,598.2,598.2,598.2,0,2000,0
FINNIFTY06FEB2421300PE.NFO,2024-02-02,11:19:00,2024-02-06,598.2,598.2,598.2,598.2,0,2000,0
FINNIFTY06FEB2421300PE.NFO,2024-02-02,11:20:00,2024-02-06,598.2,598.2,598.2,598.2,0,2000,0
FINNIFTY06FEB2421300PE.NFO,2024-02-02,11:21:00,2024-02-06,598.2,598.2,598.2,598.2,0,2000,0
FINNIFTY06FEB2421300PE.NFO,2024-02-02,11:22:00,2024-02-06,598.2,598.2,598.2,598.2,0,2000,0
FINNIFTY06FEB2421300PE.NFO,2024-02-02,11:23:00,2024-02-06,598.2,598.2,598.2,598.2,0,2000,0
FINNIFTY06FEB2421300PE.NFO,2024-02-02,11:24:00,2024-02-06,598.2,598.2,598.2,598.2,0,2000,0
FINNIFTY06FEB2421300PE.NFO,2024-02-02,11:25:00,2024-02-06,598.2,598.2,598.2,598.2,0,2000,0
FINNIFTY06FEB2421300PE.NFO,2024-02-02,11:26:00,2024-02-06,598.2,598.2,598.2,598.2,0,2000,0
FINNIFTY06FEB2421300PE.NFO,2024-02-02,11:27:00,2024-02-06,598.2,598.2,598.0,598.0,480,2000,0
FINNIFTY06FEB2421300PE.NFO,2024-02-02,11:28:00,2024-02-06,598.0,598.0,598.0,598.0,0,2000,0
FINNIFTY06FEB2421300PE.NFO,2024-02-02,11:29:00,2024-02-06,598.0,598.0,591.9,592.0,320,2000,0
FINNIFTY06FEB2421300PE.NFO,2024-02-02,11:30:00,2024-02-06,592.0,592.0,592.0,592.0,0,2000,0
FINNIFTY06FEB2421300PE.NFO,2024-02-02,11:31:00,2024-02-06,592.0,592.0,539.7,539.7,40,2440,0
FINNIFTY06FEB2421300PE.NFO,2024-02-02,11:32:00,2024-02-06,539.7,539.7,539.7,539.7,0,2440,0
FINNIFTY06FEB2421300PE.NFO,2024-02-02,11:33:00,2024-02-06,539.7,539.7,539.7,539.7,0,2440,0
FINNIFTY06FEB2421300PE.NFO,2024-02-02,11:34:00,2024-02-06,539.7,539.7,539.7,539.7,0,2440,0
FINNIFTY06FEB2421300PE.NFO,2024-02-02,11:35:00,2024-02-06,539.7,539.7,521.6,521.6,40,2480,0
FINNIFTY06FEB2421300PE.NFO,2024-02-02,11:36:00,2024-02-06,521.6,521.6,521.6,521.6,0,2480,0
FINNIFTY06FEB2421300PE.NFO,2024-02-02,11:37:00,2024-02-06,521.6,521.6,521.6,521.6,0,2480,0
FINNIFTY06FEB2421300PE.NFO,2024-02-02,11:38:00,2024-02-06,521.6,521.6,521.6,521.6,0,2480,0
FINNIFTY06FEB2421300PE.NFO,2024-02-02,11:39:00,2024-02-06,521.6,521.6,505.35,505.35,80,2440,0
FINNIFTY06FEB2421300PE.NFO,2024-02-02,11:40:00,2024-02-06,505.35,505.35,505.35,505.35,0,2440,0
FINNIFTY06FEB2421300PE.NFO,2024-02-02,11:41:00,2024-02-06,505.35,505.35,501.15,501.15,40,2440,0
FINNIFTY06FEB2421300PE.NFO,2024-02-02,11:42:00,2024-02-06,501.15,501.15,501.15,501.15,0,2440,0
FINNIFTY06FEB2421300PE.NFO,2024-02-02,11:43:00,2024-02-06,501.15,522.65,501.15,522.65,120,2440,0
FINNIFTY06FEB2421300PE.NFO,2024-02-02,11:44:00,2024-02-06,522.65,522.65,522.65,522.65,120,2360,0
FINNIFTY06FEB2421300PE.NFO,2024-02-02,11:45:00,2024-02-06,522.65,522.65,522.65,522.65,0,2360,0
FINNIFTY06FEB2421300PE.NFO,2024-02-02,11:46:00,2024-02-06,522.65,522.65,522.65,522.65,0,2360,0
FINNIFTY06FEB2421300PE.NFO,2024-02-02,11:47:00,2024-02-06,522.65,522.65,522.65,522.65,0,2360,0
FINNIFTY06FEB2421300PE.NFO,2024-02-02,11:48:00,2024-02-06,522.65,522.65,522.65,522.65,0,2360,0
FINNIFTY06FEB2421300PE.NFO,2024-02-02,11:49:00,2024-02-06,522.65,522.65,522.65,522.65,0,2360,0
FINNIFTY06FEB2421300PE.NFO,2024-02-02,11:50:00,2024-02-06,522.65,522.65,522.65,522.65,0,2360,0
FINNIFTY06FEB2421300PE.NFO,2024-02-02,11:51:00,2024-02-06,522.65,522.65,522.65,522.65,0,2360,0
FINNIFTY06FEB2421300PE.NFO,2024-02-02,11:52:00,2024-02-06,522.65,522.65,522.65,522.65,0,2360,0
FINNIFTY06FEB2421300PE.NFO,2024-02-02,11:53:00,2024-02-06,522.65,522.65,522.65,522.65,0,2360,0
FINNIFTY06FEB2421300PE.NFO,2024-02-02,11:54:00,2024-02-06,522.65,522.65,522.65,522.65,0,2360,0
FINNIFTY06FEB2421300PE.NFO,2024-02-02,11:55:00,2024-02-06,522.65,522.65,522.65,522.65,0,2360,0
FINNIFTY06FEB2421300PE.NFO,2024-02-02,11:56:00,2024-02-06,522.65,522.65,522.65,522.65,0,2360,0
FINNIFTY06FEB2421300PE.NFO,2024-02-02,11:57:00,2024-02-06,522.65,522.65,522.65,522.65,0,2360,0
FINNIFTY06FEB2421300PE.NFO,2024-02-02,11:58:00,2024-02-06,522.65,522.65,522.65,522.65,0,2360,0
FINNIFTY06FEB2421300PE.NFO,2024-02-02,11:59:00,2024-02-06,522.65,522.65,522.65,522.65,0,2360,0
FINNIFTY06FEB2421300PE.NFO,2024-02-02,12:00:00,2024-02-06,522.65,522.65,522.65,522.65,0,2360,0
FINNIFTY06FEB2421300PE.NFO,2024-02-02,12:01:00,2024-02-06,522.65,522.65,522.65,522.65,0,2360,0
FINNIFTY06FEB2421300PE.NFO,2024-02-02,12:02:00,2024-02-06,522.65,522.65,522.65,522.65,0,2360,0
FINNIFTY06FEB2421300PE.NFO,2024-02-02,12:03:00,2024-02-06,522.65,522.65,522.65,522.65,0,2360,0
FINNIFTY06FEB2421300PE.NFO,2024-02-02,12:04:00,2024-02-06,522.65,522.65,522.65,522.65,0,2360,0
FINNIFTY06FEB2421300PE.NFO,2024-02-02,12:05:00,2024-02-06,522.65,522.65,522.65,522.65,0,2360,0
FINNIFTY06FEB2421300PE.NFO,2024-02-02,12:06:00,2024-02-06,522.65,522.65,522.65,522.65,0,2360,0
FINNIFTY06FEB2421300PE.NFO,2024-02-02,12:07:00,2024-02-06,522.65,522.65,522.65,522.65,0,2360,0
FINNIFTY06FEB2421300PE.NFO,2024-02-02,12:08:00,2024-02-06,522.65,522.65,522.65,522.65,0,2360,0
FINNIFTY06FEB2421300PE.NFO,2024-02-02,12:09:00,2024-02-06,522.65,522.65,522.65,522.65,0,2360,0
FINNIFTY06FEB2421300PE.NFO,2024-02-02,12:10:00,2024-02-06,522.65,522.65,522.65,522.65,0,2360,0
FINNIFTY06FEB2421300PE.NFO,2024-02-02,12:11:00,2024-02-06,522.65,522.65,522.65,522.65,0,2360,0
FINNIFTY06FEB2421300PE.NFO,2024-02-02,12:12:00,2024-02-06,522.65,522.65,522.65,522.65,0,2360,0
FINNIFTY06FEB2421300PE.NFO,2024-02-02,12:13:00,2024-02-06,522.65,522.65,522.65,522.65,0,2360,0
FINNIFTY06FEB2421300PE.NFO,2024-02-02,12:14:00,2024-02-06,522.65,522.65,522.65,522.65,0,2360,0
FINNIFTY06FEB2421300PE.NFO,2024-02-02,12:15:00,2024-02-06,522.65,522.65,522.65,522.65,0,2360,0
FINNIFTY06FEB2421300PE.NFO,2024-02-02,12:16:00,2024-02-06,522.65,522.65,522.65,522.65,0,2360,0
FINNIFTY06FEB2421300PE.NFO,2024-02-02,12:17:00,2024-02-06,522.65,522.65,522.65,522.65,0,2360,0
FINNIFTY06FEB2421300PE.NFO,2024-02-02,12:18:00,2024-02-06,522.65,522.65,522.65,522.65,0,2360,0
FINNIFTY06FEB2421300PE.NFO,2024-02-02,12:19:00,2024-02-06,522.65,522.65,522.65,522.65,0,2360,0
FINNIFTY06FEB2421300PE.NFO,2024-02-02,12:20:00,2024-02-06,522.65,522.65,522.65,522.65,0,2360,0
FINNIFTY06FEB2421300PE.NFO,2024-02-02,12:21:00,2024-02-06,522.65,522.65,522.65,522.65,0,2360,0
FINNIFTY06FEB2421300PE.NFO,2024-02-02,12:22:00,2024-02-06,522.65,563.0,522.65,563.0,120,2360,0
FINNIFTY06FEB2421300PE.NFO,2024-02-02,12:23:00,2024-02-06,563.0,563.0,563.0,563.0,0,2360,0
FINNIFTY06FEB2421300PE.NFO,2024-02-02,12:24:00,2024-02-06,563.0,563.0,563.0,563.0,0,2360,0
FINNIFTY06FEB2421300PE.NFO,2024-02-02,12:25:00,2024-02-06,563.0,563.0,563.0,563.0,0,2360,0
FINNIFTY06FEB2421300PE.NFO,2024-02-02,12:26:00,2024-02-06,563.0,563.0,563.0,563.0,0,2360,0
FINNIFTY06FEB2421300PE.NFO,2024-02-02,12:27:00,2024-02-06,563.0,595.55,563.0,595.55,40,2240,0
FINNIFTY06FEB2421300PE.NFO,2024-02-02,12:28:00,2024-02-06,595.55,617.8,595.55,617.8,40,2240,0
FINNIFTY06FEB2421300PE.NFO,2024-02-02,12:29:00,2024-02-06,617.8,617.8,617.8,617.8,0,2240,0
FINNIFTY06FEB2421300PE.NFO,2024-02-02,12:30:00,2024-02-06,617.8,617.8,617.8,617.8,0,2240,0
FINNIFTY06FEB2421300PE.NFO,2024-02-02,12:31:00,2024-02-06,617.8,617.8,617.8,617.8,0,2240,0
FINNIFTY06FEB2421300PE.NFO,2024-02-02,12:32:00,2024-02-06,617.8,700.0,617.8,683.9,1000,2240,0
FINNIFTY06FEB2421300PE.NFO,2024-02-02,12:33:00,2024-02-06,683.9,692.25,683.9,692.25,200,2240,0
FINNIFTY06FEB2421300PE.NFO,2024-02-02,12:34:00,2024-02-06,692.25,692.25,692.25,692.25,0,2240,0
FINNIFTY06FEB2421300PE.NFO,2024-02-02,12:35:00,2024-02-06,692.25,692.25,692.25,692.25,0,2240,0
FINNIFTY06FEB2421300PE.NFO,2024-02-02,12:36:00,2024-02-06,692.25,692.25,692.25,692.25,0,2240,0
FINNIFTY06FEB2421300PE.NFO,2024-02-02,12:37:00,2024-02-06,692.25,692.25,692.25,692.25,0,2240,0
FINNIFTY06FEB2421300PE.NFO,2024-02-02,12:38:00,2024-02-06,692.25,692.25,692.25,692.25,0,2240,0
FINNIFTY06FEB2421300PE.NFO,2024-02-02,12:39:00,2024-02-06,692.25,692.25,692.25,692.25,0,2240,0
FINNIFTY06FEB2421300PE.NFO,2024-02-02,12:40:00,2024-02-06,692.25,692.25,692.25,692.25,0,2240,0
FINNIFTY06FEB2421300PE.NFO,2024-02-02,12:41:00,2024-02-06,692.25,692.25,692.25,692.25,0,2240,0
FINNIFTY06FEB2421300PE.NFO,2024-02-02,12:42:00,2024-02-06,692.25,692.25,692.25,692.25,0,2240,0
FINNIFTY06FEB2421300PE.NFO,2024-02-02,12:43:00,2024-02-06,692.25,692.25,692.25,692.25,0,2240,0
FINNIFTY06FEB2421300PE.NFO,2024-02-02,12:44:00,2024-02-06,692.25,692.25,692.25,692.25,0,2240,0
FINNIFTY06FEB2421300PE.NFO,2024-02-02,12:45:00,2024-02-06,692.25,692.25,692.25,692.25,0,2240,0
FINNIFTY06FEB2421300PE.NFO,2024-02-02,12:46:00,2024-02-06,692.25,692.25,692.25,692.25,0,2240,0
FINNIFTY06FEB2421300PE.NFO,2024-02-02,12:47:00,2024-02-06,692.25,692.25,692.25,692.25,0,2240,0
FINNIFTY06FEB2421300PE.NFO,2024-02-02,12:48:00,2024-02-06,692.25,692.25,692.25,692.25,0,2240,0
FINNIFTY06FEB2421300PE.NFO,2024-02-02,12:49:00,2024-02-06,692.25,692.25,692.25,692.25,0,2240,0
FINNIFTY06FEB2421300PE.NFO,2024-02-02,12:50:00,2024-02-06,692.25,692.25,692.25,692.25,0,2240,0
FINNIFTY06FEB2421300PE.NFO,2024-02-02,12:51:00,2024-02-06,692.25,692.25,692.25,692.25,0,2240,0
FINNIFTY06FEB2421300PE.NFO,2024-02-02,12:52:00,2024-02-06,692.25,692.25,692.25,692.25,0,2240,0
FINNIFTY06FEB2421300PE.NFO,2024-02-02,12:53:00,2024-02-06,692.25,692.25,692.25,692.25,0,2240,0
FINNIFTY06FEB2421300PE.NFO,2024-02-02,12:54:00,2024-02-06,692.25,692.25,692.25,692.25,0,2240,0
FINNIFTY06FEB2421300PE.NFO,2024-02-02,12:55:00,2024-02-06,692.25,692.25,692.25,692.25,0,2240,0
FINNIFTY06FEB2421300PE.NFO,2024-02-02,12:56:00,2024-02-06,692.25,692.25,692.25,692.25,0,2240,0
FINNIFTY06FEB2421300PE.NFO,2024-02-02,12:57:00,2024-02-06,692.25,692.25,692.25,692.25,0,2240,0
FINNIFTY06FEB2421300PE.NFO,2024-02-02,12:58:00,2024-02-06,692.25,692.25,692.25,692.25,0,2240,0
FINNIFTY06FEB2421300PE.NFO,2024-02-02,12:59:00,2024-02-06,692.25,692.25,692.25,692.25,0,2240,0
FINNIFTY06FEB2421300PE.NFO,2024-02-02,13:00:00,2024-02-06,692.25,692.25,692.25,692.25,0,2240,0
FINNIFTY06FEB2421300PE.NFO,2024-02-02,13:01:00,2024-02-06,692.25,692.25,692.25,692.25,0,2240,0
FINNIFTY06FEB2421300PE.NFO,2024-02-02,13:02:00,2024-02-06,692.25,692.25,692.25,692.25,0,2240,0
FINNIFTY06FEB2421300PE.NFO,2024-02-02,13:03:00,2024-02-06,692.25,692.25,692.25,692.25,0,2240,0
FINNIFTY06FEB2421300PE.NFO,2024-02-02,13:04:00,2024-02-06,692.25,692.25,692.25,692.25,0,2240,0
FINNIFTY06FEB2421300PE.NFO,2024-02-02,13:05:00,2024-02-06,692.25,692.25,692.25,692.25,0,2240,0
FINNIFTY06FEB2421300PE.NFO,2024-02-02,13:06:00,2024-02-06,692.25,692.25,692.25,692.25,0,2240,0
FINNIFTY06FEB2421300PE.NFO,2024-02-02,13:07:00,2024-02-06,692.25,692.25,692.25,692.25,0,2240,0
FINNIFTY06FEB2421300PE.NFO,2024-02-02,13:08:00,2024-02-06,692.25,692.25,692.25,692.25,0,2240,0
FINNIFTY06FEB2421300PE.NFO,2024-02-02,13:09:00,2024-02-06,692.25,692.25,692.25,692.25,0,2240,0
FINNIFTY06FEB2421300PE.NFO,2024-02-02,13:10:00,2024-02-06,692.25,692.25,692.25,692.25,0,2240,0
FINNIFTY06FEB2421300PE.NFO,2024-02-02,13:11:00,2024-02-06,692.25,692.25,692.25,692.25,0,2240,0
FINNIFTY06FEB2421300PE.NFO,2024-02-02,13:12:00,2024-02-06,692.25,692.25,692.25,692.25,0,2240,0
FINNIFTY06FEB2421300PE.NFO,2024-02-02,13:13:00,2024-02-06,692.25,692.25,692.25,692.25,0,2240,0
FINNIFTY06FEB2421300PE.NFO,2024-02-02,13:14:00,2024-02-06,692.25,692.25,692.25,692.25,0,2240,0
FINNIFTY06FEB2421300PE.NFO,2024-02-02,13:15:00,2024-02-06,692.25,692.25,692.25,692.25,0,2240,0
FINNIFTY06FEB2421300PE.NFO,2024-02-02,13:16:00,2024-02-06,692.25,692.25,692.25,692.25,0,2240,0
FINNIFTY06FEB2421300PE.NFO,2024-02-02,13:17:00,2024-02-06,692.25,692.25,692.25,692.25,0,2240,0
FINNIFTY06FEB2421300PE.NFO,2024-02-02,13:18:00,2024-02-06,692.25,692.25,692.25,692.25,0,2240,0
FINNIFTY06FEB2421300PE.NFO,2024-02-02,13:19:00,2024-02-06,692.25,692.25,692.25,692.25,0,2240,0
FINNIFTY06FEB2421300PE.NFO,2024-02-02,13:20:00,2024-02-06,692.25,692.25,692.25,692.25,0,2240,0
FINNIFTY06FEB2421300PE.NFO,2024-02-02,13:21:00,2024-02-06,692.25,692.25,692.25,692.25,0,2240,0
FINNIFTY06FEB2421300PE.NFO,2024-02-02,13:22:00,2024-02-06,692.25,692.25,692.25,692.25,0,2240,0
FINNIFTY06FEB2421300PE.NFO,2024-02-02,13:23:00,2024-02-06,692.25,692.25,692.25,692.25,0,2240,0
FINNIFTY06FEB2421300PE.NFO,2024-02-02,13:24:00,2024-02-06,692.25,692.25,692.25,692.25,0,2240,0
FINNIFTY06FEB2421300PE.NFO,2024-02-02,13:25:00,2024-02-06,692.25,750.0,692.25,750.0,160,2080,0
FINNIFTY06FEB2421300PE.NFO,2024-02-02,13:26:00,2024-02-06,750.0,750.0,750.0,750.0,0,2080,0
FINNIFTY06FEB2421300PE.NFO,2024-02-02,13:27:00,2024-02-06,750.0,750.0,750.0,750.0,0,2080,0
FINNIFTY06FEB2421300PE.NFO,2024-02-02,13:28:00,2024-02-06,750.0,750.0,750.0,750.0,0,2080,0
FINNIFTY06FEB2421300PE.NFO,2024-02-02,13:29:00,2024-02-06,750.0,750.0,733.05,733.05,80,2080,0
FINNIFTY06FEB2421300PE.NFO,2024-02-02,13:30:00,2024-02-06,733.05,733.05,733.05,733.05,0,2080,0
FINNIFTY06FEB2421300PE.NFO,2024-02-02,13:31:00,2024-02-06,733.05,741.05,733.05,741.05,120,2080,0
FINNIFTY06FEB2421300PE.NFO,2024-02-02,13:32:00,2024-02-06,741.05,741.05,741.05,741.05,0,2080,0
FINNIFTY06FEB2421300PE.NFO,2024-02-02,13:33:00,2024-02-06,741.05,741.05,741.05,741.05,0,2080,0
FINNIFTY06FEB2421300PE.NFO,2024-02-02,13:34:00,2024-02-06,741.05,741.05,741.05,741.05,0,2080,0
FINNIFTY06FEB2421300PE.NFO,2024-02-02,13:35:00,2024-02-06,741.05,741.05,741.05,741.05,0,2080,0
FINNIFTY06FEB2421300PE.NFO,2024-02-02,13:36:00,2024-02-06,741.05,741.05,741.05,741.05,0,2080,0
FINNIFTY06FEB2421300PE.NFO,2024-02-02,13:37:00,2024-02-06,741.05,741.05,741.05,741.05,0,2080,0
FINNIFTY06FEB2421300PE.NFO,2024-02-02,13:38:00,2024-02-06,741.05,741.05,741.05,741.05,0,2080,0
FINNIFTY06FEB2421300PE.NFO,2024-02-02,13:39:00,2024-02-06,741.05,741.05,741.05,741.05,0,2080,0
FINNIFTY06FEB2421300PE.NFO,2024-02-02,13:40:00,2024-02-06,741.05,741.05,741.05,741.05,0,2080,0
FINNIFTY06FEB2421300PE.NFO,2024-02-02,13:41:00,2024-02-06,741.05,741.05,741.05,741.05,0,2080,0
FINNIFTY06FEB2421300PE.NFO,2024-02-02,13:42:00,2024-02-06,741.05,741.05,741.05,741.05,0,2080,0
FINNIFTY06FEB2421300PE.NFO,2024-02-02,13:43:00,2024-02-06,741.05,741.05,741.05,741.05,0,2080,0
FINNIFTY06FEB2421300PE.NFO,2024-02-02,13:44:00,2024-02-06,741.05,741.05,741.05,741.05,0,2080,0
FINNIFTY06FEB2421300PE.NFO,2024-02-02,13:45:00,2024-02-06,741.05,741.05,741.05,741.05,0,2080,0
FINNIFTY06FEB2421300PE.NFO,2024-02-02,13:46:00,2024-02-06,741.05,741.05,741.05,741.05,0,2080,0
FINNIFTY06FEB2421300PE.NFO,2024-02-02,13:47:00,2024-02-06,741.05,741.05,741.05,741.05,0,2080,0
FINNIFTY06FEB2421300PE.NFO,2024-02-02,13:48:00,2024-02-06,741.05,741.05,741.05,741.05,0,2080,0
FINNIFTY06FEB2421300PE.NFO,2024-02-02,13:49:00,2024-02-06,741.05,741.05,741.05,741.05,0,2080,0
FINNIFTY06FEB2421300PE.NFO,2024-02-02,13:50:00,2024-02-06,741.05,741.05,741.05,741.05,0,2080,0
FINNIFTY06FEB2421300PE.NFO,2024-02-02,13:51:00,2024-02-06,741.05,741.05,741.05,741.05,0,2080,0
FINNIFTY06FEB2421300PE.NFO,2024-02-02,13:52:00,2024-02-06,741.05,741.05,741.05,741.05,0,2080,0
FINNIFTY06FEB2421300PE.NFO,2024-02-02,13:53:00,2024-02-06,741.05,741.05,741.05,741.05,0,2080,0
FINNIFTY06FEB2421300PE.NFO,2024-02-02,13:54:00,2024-02-06,741.05,741.05,741.05,741.05,0,2080,0
FINNIFTY06FEB2421300PE.NFO,2024-02-02,13:55:00,2024-02-06,741.05,741.05,741.05,741.05,0,2080,0
FINNIFTY06FEB2421300PE.NFO,2024-02-02,13:56:00,2024-02-06,741.05,741.05,741.05,741.05,0,2080,0
FINNIFTY06FEB2421300PE.NFO,2024-02-02,13:57:00,2024-02-06,741.05,741.05,741.05,741.05,0,2080,0
FINNIFTY06FEB2421300PE.NFO,2024-02-02,13:58:00,2024-02-06,741.05,741.05,741.05,741.05,0,2080,0
FINNIFTY06FEB2421300PE.NFO,2024-02-02,13:59:00,2024-02-06,741.05,741.05,741.05,741.05,0,2080,0
FINNIFTY06FEB2421300PE.NFO,2024-02-02,14:00:00,2024-02-06,741.05,741.05,741.05,741.05,0,2080,0
FINNIFTY06FEB2421300PE.NFO,2024-02-02,14:01:00,2024-02-06,741.05,741.05,741.05,741.05,0,2080,0
FINNIFTY06FEB2421300PE.NFO,2024-02-02,14:02:00,2024-02-06,741.05,741.05,741.05,741.05,0,2080,0
FINNIFTY06FEB2421300PE.NFO,2024-02-02,14:03:00,2024-02-06,741.05,741.05,741.05,741.05,0,2080,0
FINNIFTY06FEB2421300PE.NFO,2024-02-02,14:04:00,2024-02-06,741.05,741.05,741.05,741.05,0,2080,0
FINNIFTY06FEB2421300PE.NFO,2024-02-02,14:05:00,2024-02-06,741.05,741.05,741.05,741.05,0,2080,0
FINNIFTY06FEB2421300PE.NFO,2024-02-02,14:06:00,2024-02-06,741.05,741.05,741.05,741.05,0,2080,0
FINNIFTY06FEB2421300PE.NFO,2024-02-02,14:07:00,2024-02-06,741.05,741.05,741.05,741.05,0,2080,0
FINNIFTY06FEB2421300PE.NFO,2024-02-02,14:08:00,2024-02-06,741.05,741.05,741.05,741.05,0,2080,0
FINNIFTY06FEB2421300PE.NFO,2024-02-02,14:09:00,2024-02-06,741.05,741.05,741.05,741.05,0,2080,0
FINNIFTY06FEB2421300PE.NFO,2024-02-02,14:10:00,2024-02-06,741.05,741.05,741.05,741.05,0,2080,0
FINNIFTY06FEB2421300PE.NFO,2024-02-02,14:11:00,2024-02-06,741.05,741.05,741.05,741.05,0,2080,0
FINNIFTY06FEB2421300PE.NFO,2024-02-02,14:12:00,2024-02-06,741.05,741.05,741.05,741.05,0,2080,0
FINNIFTY06FEB2421300PE.NFO,2024-02-02,14:13:00,2024-02-06,741.05,741.05,741.05,741.05,0,2080,0
FINNIFTY06FEB2421300PE.NFO,2024-02-02,14:14:00,2024-02-06,741.05,741.05,741.05,741.05,0,2080,0
FINNIFTY06FEB2421300PE.NFO,2024-02-02,14:15:00,2024-02-06,741.05,741.05,741.05,741.05,0,2080,0
FINNIFTY06FEB2421300PE.NFO,2024-02-02,14:16:00,2024-02-06,741.05,741.05,741.05,741.05,0,2080,0
FINNIFTY06FEB2421300PE.NFO,2024-02-02,14:17:00,2024-02-06,741.05,741.05,741.05,741.05,0,2080,0
FINNIFTY06FEB2421300PE.NFO,2024-02-02,14:18:00,2024-02-06,741.05,741.05,741.05,741.05,0,2080,0
FINNIFTY06FEB2421300PE.NFO,2024-02-02,14:19:00,2024-02-06,741.05,741.05,741.05,741.05,0,2080,0
FINNIFTY06FEB2421300PE.NFO,2024-02-02,14:20:00,2024-02-06,741.05,741.05,731.05,731.05,320,2080,0
FINNIFTY06FEB2421300PE.NFO,2024-02-02,14:21:00,2024-02-06,731.05,731.05,731.05,731.05,0,2080,0
FINNIFTY06FEB2421300PE.NFO,2024-02-02,14:22:00,2024-02-06,731.05,731.05,731.05,731.05,0,2080,0
FINNIFTY06FEB2421300PE.NFO,2024-02-02,14:23:00,2024-02-06,731.05,731.05,731.05,731.05,0,2080,0
FINNIFTY06FEB2421300PE.NFO,2024-02-02,14:24:00,2024-02-06,731.05,731.05,731.05,731.05,0,2080,0
FINNIFTY06FEB2421300PE.NFO,2024-02-02,14:25:00,2024-02-06,731.05,731.05,731.05,731.05,0,2080,0
FINNIFTY06FEB2421300PE.NFO,2024-02-02,14:26:00,2024-02-06,731.05,731.05,731.05,731.05,0,2080,0
FINNIFTY06FEB2421300PE.NFO,2024-02-02,14:27:00,2024-02-06,731.05,731.05,731.05,731.05,0,2080,0
FINNIFTY06FEB2421300PE.NFO,2024-02-02,14:28:00,2024-02-06,731.05,731.05,731.05,731.05,0,2080,0
FINNIFTY06FEB2421300PE.NFO,2024-02-02,14:29:00,2024-02-06,731.05,731.05,731.05,731.05,0,2080,0
FINNIFTY06FEB2421300PE.NFO,2024-02-02,14:30:00,2024-02-06,731.05,731.05,731.05,731.05,0,2080,0
FINNIFTY06FEB2421300PE.NFO,2024-02-02,14:31:00,2024-02-06,731.05,731.05,731.05,731.05,0,2080,0
FINNIFTY06FEB2421300PE.NFO,2024-02-02,14:32:00,2024-02-06,731.05,731.05,731.05,731.05,0,2080,0
FINNIFTY06FEB2421300PE.NFO,2024-02-02,14:33:00,2024-02-06,731.05,731.05,731.05,731.05,0,2080,0
FINNIFTY06FEB2421300PE.NFO,2024-02-02,14:34:00,2024-02-06,731.05,731.05,731.05,731.05,0,2080,0
FINNIFTY06FEB2421300PE.NFO,2024-02-02,14:35:00,2024-02-06,731.05,731.05,731.05,731.05,0,2080,0
FINNIFTY06FEB2421300PE.NFO,2024-02-02,14:36:00,2024-02-06,731.05,731.05,731.05,731.05,0,2080,0
FINNIFTY06FEB2421300PE.NFO,2024-02-02,14:37:00,2024-02-06,731.05,731.05,731.05,731.05,0,2080,0
FINNIFTY06FEB2421300PE.NFO,2024-02-02,14:38:00,2024-02-06,731.05,731.05,731.05,731.05,0,2080,0
FINNIFTY06FEB2421300PE.NFO,2024-02-02,14:39:00,2024-02-06,731.05,731.05,731.05,731.05,0,2080,0
FINNIFTY06FEB2421300PE.NFO,2024-02-02,14:40:00,2024-02-06,731.05,731.05,731.05,731.05,0,2080,0
FINNIFTY06FEB2421300PE.NFO,2024-02-02,14:41:00,2024-02-06,731.05,731.05,731.05,731.05,0,2080,0
FINNIFTY06FEB2421300PE.NFO,2024-02-02,14:42:00,2024-02-06,731.05,731.05,731.05,731.05,0,2080,0
FINNIFTY06FEB2421300PE.NFO,2024-02-02,14:43:00,2024-02-06,731.05,731.05,731.05,731.05,0,2080,0
FINNIFTY06FEB2421300PE.NFO,2024-02-02,14:44:00,2024-02-06,731.05,731.05,731.05,731.05,0,2080,0
FINNIFTY06FEB2421300PE.NFO,2024-02-02,14:45:00,2024-02-06,731.05,731.05,731.05,731.05,0,2080,0
FINNIFTY06FEB2421300PE.NFO,2024-02-02,14:46:00,2024-02-06,731.05,731.05,731.05,731.05,0,2080,0
FINNIFTY06FEB2421300PE.NFO,2024-02-02,14:47:00,2024-02-06,731.05,731.05,731.05,731.05,0,2080,0
FINNIFTY06FEB2421300PE.NFO,2024-02-02,14:48:00,2024-02-06,731.05,731.05,731.05,731.05,0,2080,0
FINNIFTY06FEB2421300PE.NFO,2024-02-02,14:49:00,2024-02-06,731.05,731.05,731.05,731.05,0,2080,0
FINNIFTY06FEB2421300PE.NFO,2024-02-02,14:50:00,2024-02-06,731.05,731.05,731.05,731.05,0,2080,0
FINNIFTY06FEB2421300PE.NFO,2024-02-02,14:51:00,2024-02-06,731.05,731.05,731.05,731.05,0,2080,0
FINNIFTY06FEB2421300PE.NFO,2024-02-02,14:52:00,2024-02-06,731.05,731.05,731.05,731.05,0,2080,0
FINNIFTY06FEB2421300PE.NFO,2024-02-02,14:53:00,2024-02-06,731.05,731.05,731.05,731.05,0,2080,0
FINNIFTY06FEB2421300PE.NFO,2024-02-02,14:54:00,2024-02-06,731.05,788.0,731.05,788.0,200,2160,0
FINNIFTY06FEB2421300PE.NFO,2024-02-02,14:55:00,2024-02-06,788.0,788.0,788.0,788.0,0,2160,0
FINNIFTY06FEB2421300PE.NFO,2024-02-02,14:56:00,2024-02-06,788.0,788.0,788.0,788.0,0,2160,0
FINNIFTY06FEB2421300PE.NFO,2024-02-02,14:57:00,2024-02-06,788.0,788.0,788.0,788.0,0,2160,0
FINNIFTY06FEB2421300PE.NFO,2024-02-02,14:58:00,2024-02-06,788.0,788.0,788.0,788.0,0,2160,0
FINNIFTY06FEB2421300PE.NFO,2024-02-02,14:59:00,2024-02-06,788.0,788.0,788.0,788.0,0,2160,0
FINNIFTY06FEB2421300PE.NFO,2024-02-02,15:00:00,2024-02-06,788.0,788.0,788.0,788.0,0,2160,0
FINNIFTY06FEB2421300PE.NFO,2024-02-02,15:01:00,2024-02-06,788.0,788.0,788.0,788.0,0,2160,0
FINNIFTY06FEB2421300PE.NFO,2024-02-02,15:02:00,2024-02-06,788.0,788.0,788.0,788.0,0,2160,0
FINNIFTY06FEB2421300PE.NFO,2024-02-02,15:03:00,2024-02-06,788.0,788.0,788.0,788.0,0,2160,0
FINNIFTY06FEB2421300PE.NFO,2024-02-02,15:04:00,2024-02-06,788.0,788.0,788.0,788.0,0,2160,0
FINNIFTY06FEB2421300PE.NFO,2024-02-02,15:05:00,2024-02-06,788.0,788.0,788.0,788.0,0,2160,0
FINNIFTY06FEB2421300PE.NFO,2024-02-02,15:06:00,2024-02-06,788.0,788.0,788.0,788.0,0,2160,0
FINNIFTY06FEB2421300PE.NFO,2024-02-02,15:07:00,2024-02-06,788.0,788.0,788.0,788.0,0,2160,0
FINNIFTY06FEB2421300PE.NFO,2024-02-02,15:08:00,2024-02-06,788.0,788.0,788.0,788.0,0,2160,0
FINNIFTY06FEB2421300PE.NFO,2024-02-02,15:09:00,2024-02-06,788.0,788.0,788.0,788.0,0,2160,0
FINNIFTY06FEB2421300PE.NFO,2024-02-02,15:10:00,2024-02-06,788.0,788.0,788.0,788.0,0,2160,0
FINNIFTY06FEB2421300PE.NFO,2024-02-02,15:11:00,2024-02-06,788.0,788.0,788.0,788.0,0,2160,0
FINNIFTY06FEB2421300PE.NFO,2024-02-02,15:12:00,2024-02-06,788.0,788.0,788.0,788.0,0,2160,0
FINNIFTY06FEB2421300PE.NFO,2024-02-02,15:13:00,2024-02-06,788.0,788.0,788.0,788.0,0,2160,0
FINNIFTY06FEB2421300PE.NFO,2024-02-02,15:14:00,2024-02-06,788.0,788.0,788.0,788.0,0,2160,0
FINNIFTY06FEB2421300PE.NFO,2024-02-02,15:15:00,2024-02-06,788.0,788.0,788.0,788.0,0,2160,0
FINNIFTY06FEB2421300PE.NFO,2024-02-02,15:16:00,2024-02-06,788.0,788.0,788.0,788.0,0,2160,0
FINNIFTY06FEB2421300PE.NFO,2024-02-02,15:17:00,2024-02-06,788.0,788.0,788.0,788.0,0,2160,0
FINNIFTY06FEB2421300PE.NFO,2024-02-02,15:18:00,2024-02-06,788.0,788.0,788.0,788.0,0,2160,0
FINNIFTY06FEB2421300PE.NFO,2024-02-02,15:19:00,2024-02-06,788.0,866.4,788.0,866.4,40,2080,0
FINNIFTY06FEB2421300PE.NFO,2024-02-02,15:20:00,2024-02-06,866.4,866.4,861.6,861.6,40,2080,0
FINNIFTY06FEB2421300PE.NFO,2024-02-02,15:21:00,2024-02-06,861.6,861.6,861.6,861.6,0,2080,0
FINNIFTY06FEB2421300PE.NFO,2024-02-02,15:22:00,2024-02-06,861.6,861.6,861.6,861.6,0,2080,0
FINNIFTY06FEB2421300PE.NFO,2024-02-02,15:23:00,2024-02-06,861.6,861.6,861.6,861.6,0,2080,0
FINNIFTY06FEB2421300PE.NFO,2024-02-02,15:24:00,2024-02-06,861.6,861.6,861.6,861.6,0,2080,0
FINNIFTY06FEB2421300PE.NFO,2024-02-02,15:25:00,2024-02-06,861.6,864.75,861.6,864.75,80,2080,0
FINNIFTY06FEB2421300PE.NFO,2024-02-02,15:26:00,2024-02-06,864.75,865.95,864.75,865.95,40,2080,0
FINNIFTY06FEB2421300PE.NFO,2024-02-02,15:27:00,2024-02-06,865.95,865.95,865.95,865.95,0,2080,0
FINNIFTY06FEB2421300PE.NFO,2024-02-02,15:28:00,2024-02-06,865.95,865.95,865.95,865.95,0,2080,0
FINNIFTY06FEB2421300PE.NFO,2024-02-02,15:29:00,2024-02-06,865.95,865.95,865.95,865.95,0,2080,0
FINNIFTY06FEB2421300PE.NFO,2024-02-02,15:30:00,2024-02-06,865.95,865.95,865.95,865.95,0,2080,1
FINNIFTY06FEB2421300PE.NFO,2024-02-06,09:15:00,2024-02-06,1056.55,1056.55,1056.55,1056.55,0,2000,1
FINNIFTY06FEB2421300PE.NFO,2024-02-06,09:16:00,2024-02-06,1056.55,1056.55,1056.55,1056.55,0,2000,1
FINNIFTY06FEB2421300PE.NFO,2024-02-06,09:17:00,2024-02-06,1056.55,1056.55,1056.55,1056.55,0,2000,1
FINNIFTY06FEB2421300PE.NFO,2024-02-06,09:18:00,2024-02-06,1056.55,1056.55,1056.55,1056.55,0,2000,1
FINNIFTY06FEB2421300PE.NFO,2024-02-06,09:19:00,2024-02-06,1056.55,1056.55,1056.55,1056.55,0,2000,1
FINNIFTY06FEB2421300PE.NFO,2024-02-06,09:20:00,2024-02-06,1056.55,1056.55,1056.55,1056.55,0,2000,1
FINNIFTY06FEB2421300PE.NFO,2024-02-06,09:21:00,2024-02-06,1056.55,1056.55,1056.55,1056.55,0,2000,1
FINNIFTY06FEB2421300PE.NFO,2024-02-06,09:22:00,2024-02-06,1056.55,1056.55,1056.55,1056.55,0,2000,1
FINNIFTY06FEB2421300PE.NFO,2024-02-06,09:23:00,2024-02-06,1056.55,1056.55,1056.55,1056.55,0,2000,1
FINNIFTY06FEB2421300PE.NFO,2024-02-06,09:24:00,2024-02-06,1056.55,1056.55,1056.55,1056.55,0,2000,1
FINNIFTY06FEB2421300PE.NFO,2024-02-06,09:25:00,2024-02-06,1056.55,1056.55,1056.55,1056.55,0,2000,1
FINNIFTY06FEB2421300PE.NFO,2024-02-06,09:26:00,2024-02-06,1056.55,1056.55,1056.55,1056.55,0,2000,0
FINNIFTY06FEB2421300PE.NFO,2024-02-06,09:27:00,2024-02-06,1056.55,1056.55,1056.55,1056.55,0,2000,0
FINNIFTY06FEB2421300PE.NFO,2024-02-06,09:28:00,2024-02-06,1056.55,1056.55,1056.55,1056.55,0,2000,0
FINNIFTY06FEB2421300PE.NFO,2024-02-06,09:29:00,2024-02-06,1056.55,1056.55,1056.55,1056.55,0,2000,0
FINNIFTY06FEB2421300PE.NFO,2024-02-06,09:30:00,2024-02-06,1056.55,1056.55,1056.55,1056.55,0,2000,0
FINNIFTY06FEB2421300PE.NFO,2024-02-06,09:31:00,2024-02-06,1056.55,1056.55,1056.55,1056.55,0,2000,0
FINNIFTY06FEB2421300PE.NFO,2024-02-06,09:32:00,2024-02-06,1056.55,1056.55,1056.55,1056.55,0,2000,0
FINNIFTY06FEB2421300PE.NFO,2024-02-06,09:33:00,2024-02-06,1056.55,1056.55,1056.55,1056.55,0,2000,0
FINNIFTY06FEB2421300PE.NFO,2024-02-06,09:34:00,2024-02-06,1056.55,1056.55,1056.55,1056.55,0,2000,0
FINNIFTY06FEB2421300PE.NFO,2024-02-06,09:35:00,2024-02-06,1056.55,1056.55,1056.55,1056.55,0,2000,0
FINNIFTY06FEB2421300PE.NFO,2024-02-06,09:36:00,2024-02-06,1056.55,1056.55,1056.55,1056.55,0,2000,0
FINNIFTY06FEB2421300PE.NFO,2024-02-06,09:37:00,2024-02-06,1056.55,1056.55,1056.55,1056.55,0,2000,0
FINNIFTY06FEB2421300PE.NFO,2024-02-06,09:38:00,2024-02-06,1056.55,1056.55,1056.55,1056.55,0,2000,0
FINNIFTY06FEB2421300PE.NFO,2024-02-06,09:39:00,2024-02-06,1056.55,1056.55,1056.55,1056.55,0,2000,0
FINNIFTY06FEB2421300PE.NFO,2024-02-06,09:40:00,2024-02-06,1056.55,1056.55,1056.55,1056.55,0,2000,0
FINNIFTY06FEB2421300PE.NFO,2024-02-06,09:41:00,2024-02-06,1056.55,1056.55,1056.55,1056.55,0,2000,0
FINNIFTY06FEB2421300PE.NFO,2024-02-06,09:42:00,2024-02-06,1056.55,1056.55,1056.55,1056.55,0,2000,0
FINNIFTY06FEB2421300PE.NFO,2024-02-06,09:43:00,2024-02-06,1056.55,1056.55,1056.55,1056.55,0,2000,0
FINNIFTY06FEB2421300PE.NFO,2024-02-06,09:44:00,2024-02-06,1056.55,1056.55,1056.55,1056.55,0,2000,0
FINNIFTY06FEB2421300PE.NFO,2024-02-06,09:45:00,2024-02-06,1056.55,1056.55,1056.55,1056.55,0,2000,0
FINNIFTY06FEB2421300PE.NFO,2024-02-06,09:46:00,2024-02-06,1056.55,1056.55,1056.55,1056.55,0,2000,0
FINNIFTY06FEB2421300PE.NFO,2024-02-06,09:47:00,2024-02-06,1056.55,1056.55,1056.55,1056.55,0,2000,0
FINNIFTY06FEB2421300PE.NFO,2024-02-06,09:48:00,2024-02-06,1056.55,1056.55,1056.55,1056.55,0,2000,0
FINNIFTY06FEB2421300PE.NFO,2024-02-06,09:49:00,2024-02-06,1056.55,1056.55,1056.55,1056.55,0,2000,0
FINNIFTY06FEB2421300PE.NFO,2024-02-06,09:50:00,2024-02-06,1056.55,1056.55,1056.55,1056.55,0,2000,0
FINNIFTY06FEB2421300PE.NFO,2024-02-06,09:51:00,2024-02-06,1056.55,1056.55,1056.55,1056.55,0,2000,0
FINNIFTY06FEB2421300PE.NFO,2024-02-06,09:52:00,2024-02-06,1056.55,1056.55,1056.55,1056.55,0,2000,0
FINNIFTY06FEB2421300PE.NFO,2024-02-06,09:53:00,2024-02-06,1056.55,1056.55,1056.55,1056.55,0,2000,0
FINNIFTY06FEB2421300PE.NFO,2024-02-06,09:54:00,2024-02-06,1056.55,1056.55,1056.55,1056.55,0,2000,0
FINNIFTY06FEB2421300PE.NFO,2024-02-06,09:55:00,2024-02-06,1056.55,1056.55,1056.55,1056.55,0,2000,0
FINNIFTY06FEB2421300PE.NFO,2024-02-06,09:56:00,2024-02-06,1056.55,1056.55,1056.55,1056.55,0,2000,0
FINNIFTY06FEB2421300PE.NFO,2024-02-06,09:57:00,2024-02-06,1056.55,1056.55,1056.55,1056.55,0,2000,0
FINNIFTY06FEB2421300PE.NFO,2024-02-06,09:58:00,2024-02-06,1056.55,1056.55,1056.55,1056.55,0,2000,0
FINNIFTY06FEB2421300PE.NFO,2024-02-06,09:59:00,2024-02-06,1056.55,1056.55,1056.55,1056.55,0,2000,0
FINNIFTY06FEB2421300PE.NFO,2024-02-06,10:00:00,2024-02-06,1056.55,1056.55,1056.55,1056.55,0,2000,0
FINNIFTY06FEB2421300PE.NFO,2024-02-06,10:01:00,2024-02-06,1056.55,1056.55,1056.55,1056.55,0,2000,0
FINNIFTY06FEB2421300PE.NFO,2024-02-06,10:02:00,2024-02-06,1056.55,1056.55,1056.55,1056.55,0,2000,0
FINNIFTY06FEB2421300PE.NFO,2024-02-06,10:03:00,2024-02-06,1056.55,1056.55,1056.55,1056.55,0,2000,0
FINNIFTY06FEB2421300PE.NFO,2024-02-06,10:04:00,2024-02-06,1056.55,1056.55,1056.55,1056.55,0,2000,0
FINNIFTY06FEB2421300PE.NFO,2024-02-06,10:05:00,2024-02-06,1056.55,1056.55,1056.55,1056.55,0,2000,0
FINNIFTY06FEB2421300PE.NFO,2024-02-06,10:06:00,2024-02-06,1056.55,1056.55,1056.55,1056.55,0,2000,0
FINNIFTY06FEB2421300PE.NFO,2024-02-06,10:07:00,2024-02-06,1056.55,1056.55,1056.55,1056.55,0,2000,0
FINNIFTY06FEB2421300PE.NFO,2024-02-06,10:08:00,2024-02-06,1056.55,1056.55,1056.55,1056.55,0,2000,0
FINNIFTY06FEB2421300PE.NFO,2024-02-06,10:09:00,2024-02-06,1056.55,1056.55,1056.55,1056.55,0,2000,0
FINNIFTY06FEB2421300PE.NFO,2024-02-06,10:10:00,2024-02-06,1056.55,1056.55,1056.55,1056.55,0,2000,0
FINNIFTY06FEB2421300PE.NFO,2024-02-06,10:11:00,2024-02-06,1056.55,1056.55,1056.55,1056.55,0,2000,0
FINNIFTY06FEB2421300PE.NFO,2024-02-06,10:12:00,2024-02-06,1056.55,1056.55,1056.55,1056.55,0,2000,0
FINNIFTY06FEB2421300PE.NFO,2024-02-06,10:13:00,2024-02-06,1056.55,1056.55,1056.55,1056.55,0,2000,0
FINNIFTY06FEB2421300PE.NFO,2024-02-06,10:14:00,2024-02-06,1056.55,1056.55,1056.55,1056.55,0,2000,0
FINNIFTY06FEB2421300PE.NFO,2024-02-06,10:15:00,2024-02-06,1056.55,1056.55,1056.55,1056.55,0,2000,0
FINNIFTY06FEB2421300PE.NFO,2024-02-06,10:16:00,2024-02-06,1056.55,1056.55,1056.55,1056.55,0,2000,0
FINNIFTY06FEB2421300PE.NFO,2024-02-06,10:17:00,2024-02-06,1056.55,1056.55,1056.55,1056.55,0,2000,0
FINNIFTY06FEB2421300PE.NFO,2024-02-06,10:18:00,2024-02-06,1056.55,1056.55,1056.55,1056.55,0,2000,0
FINNIFTY06FEB2421300PE.NFO,2024-02-06,10:19:00,2024-02-06,1056.55,1056.55,1056.55,1056.55,0,2000,0
FINNIFTY06FEB2421300PE.NFO,2024-02-06,10:20:00,2024-02-06,1056.55,1056.55,1056.55,1056.55,0,2000,0
FINNIFTY06FEB2421300PE.NFO,2024-02-06,10:21:00,2024-02-06,1056.55,1056.55,1056.55,1056.55,0,2000,0
FINNIFTY06FEB2421300PE.NFO,2024-02-06,10:22:00,2024-02-06,1056.55,1056.55,1056.55,1056.55,0,2000,0
FINNIFTY06FEB2421300PE.NFO,2024-02-06,10:23:00,2024-02-06,1056.55,1056.55,1056.55,1056.55,0,2000,0
FINNIFTY06FEB2421300PE.NFO,2024-02-06,10:24:00,2024-02-06,1056.55,1056.55,1056.55,1056.55,0,2000,0
FINNIFTY06FEB2421300PE.NFO,2024-02-06,10:25:00,2024-02-06,1056.55,1056.55,1056.55,1056.55,0,2000,0
FINNIFTY06FEB2421300PE.NFO,2024-02-06,10:26:00,2024-02-06,1056.55,1056.55,1056.55,1056.55,0,2000,0
FINNIFTY06FEB2421300PE.NFO,2024-02-06,10:27:00,2024-02-06,1056.55,1056.55,1056.55,1056.55,0,2000,0
FINNIFTY06FEB2421300PE.NFO,2024-02-06,10:28:00,2024-02-06,1056.55,1056.55,1056.55,1056.55,0,2000,0
FINNIFTY06FEB2421300PE.NFO,2024-02-06,10:29:00,2024-02-06,1056.55,1056.55,1056.55,1056.55,0,2000,0
FINNIFTY06FEB2421300PE.NFO,2024-02-06,10:30:00,2024-02-06,1056.55,1056.55,1056.55,1056.55,0,2000,0
FINNIFTY06FEB2421300PE.NFO,2024-02-06,10:31:00,2024-02-06,1056.55,1056.55,1056.55,1056.55,0,2000,0
FINNIFTY06FEB2421300PE.NFO,2024-02-06,10:32:00,2024-02-06,1056.55,1056.55,1056.55,1056.55,0,2000,0
FINNIFTY06FEB2421300PE.NFO,2024-02-06,10:33:00,2024-02-06,1056.55,1056.55,1056.55,1056.55,0,2000,0
FINNIFTY06FEB2421300PE.NFO,2024-02-06,10:34:00,2024-02-06,1056.55,1056.55,1056.55,1056.55,0,2000,0
FINNIFTY06FEB2421300PE.NFO,2024-02-06,10:35:00,2024-02-06,1056.55,1056.55,1056.55,1056.55,0,2000,0
FINNIFTY06FEB2421300PE.NFO,2024-02-06,10:36:00,2024-02-06,1056.55,1056.55,1056.55,1056.55,0,2000,0
FINNIFTY06FEB2421300PE.NFO,2024-02-06,10:37:00,2024-02-06,1056.55,1056.55,1056.55,1056.55,0,2000,0
FINNIFTY06FEB2421300PE.NFO,2024-02-06,10:38:00,2024-02-06,1056.55,1056.55,1056.55,1056.55,0,2000,0
FINNIFTY06FEB2421300PE.NFO,2024-02-06,10:39:00,2024-02-06,1056.55,1056.55,1056.55,1056.55,0,2000,0
FINNIFTY06FEB2421300PE.NFO,2024-02-06,10:40:00,2024-02-06,1056.55,1056.55,1056.55,1056.55,0,2000,0
FINNIFTY06FEB2421300PE.NFO,2024-02-06,10:41:00,2024-02-06,1056.55,1056.55,1056.55,1056.55,0,2000,0
FINNIFTY06FEB2421300PE.NFO,2024-02-06,10:42:00,2024-02-06,1056.55,1056.55,1056.55,1056.55,0,2000,0
FINNIFTY06FEB2421300PE.NFO,2024-02-06,10:43:00,2024-02-06,1056.55,1056.55,1056.55,1056.55,0,2000,0
FINNIFTY06FEB2421300PE.NFO,2024-02-06,10:44:00,2024-02-06,1056.55,1056.55,1056.55,1056.55,0,2000,0
FINNIFTY06FEB2421300PE.NFO,2024-02-06,10:45:00,2024-02-06,1056.55,1056.55,1056.55,1056.55,0,2000,0
FINNIFTY06FEB2421300PE.NFO,2024-02-06,10:46:00,2024-02-06,1056.55,1056.55,1056.55,1056.55,0,2000,0
FINNIFTY06FEB2421300PE.NFO,2024-02-06,10:47:00,2024-02-06,1056.55,1056.55,1056.55,1056.55,0,2000,0
FINNIFTY06FEB2421300PE.NFO,2024-02-06,10:48:00,2024-02-06,1056.55,1056.55,1056.55,1056.55,0,2000,0
FINNIFTY06FEB2421300PE.NFO,2024-02-06,10:49:00,2024-02-06,1056.55,1056.55,1056.55,1056.55,0,2000,0
FINNIFTY06FEB2421300PE.NFO,2024-02-06,10:50:00,2024-02-06,1056.55,1056.55,1056.55,1056.55,0,2000,0
FINNIFTY06FEB2421300PE.NFO,2024-02-06,10:51:00,2024-02-06,1056.55,1056.55,1056.55,1056.55,0,2000,0
FINNIFTY06FEB2421300PE.NFO,2024-02-06,10:52:00,2024-02-06,1056.55,1056.55,1056.55,1056.55,0,2000,0
FINNIFTY06FEB2421300PE.NFO,2024-02-06,10:53:00,2024-02-06,1056.55,1056.55,1056.55,1056.55,0,2000,0
FINNIFTY06FEB2421300PE.NFO,2024-02-06,10:54:00,2024-02-06,1056.55,1056.55,1056.55,1056.55,0,2000,0
FINNIFTY06FEB2421300PE.NFO,2024-02-06,10:55:00,2024-02-06,1056.55,1056.55,1056.55,1056.55,0,2000,0
FINNIFTY06FEB2421300PE.NFO,2024-02-06,10:56:00,2024-02-06,1056.55,1056.55,1056.55,1056.55,0,2000,0
FINNIFTY06FEB2421300PE.NFO,2024-02-06,10:57:00,2024-02-06,1056.55,1056.55,1056.55,1056.55,0,2000,0
FINNIFTY06FEB2421300PE.NFO,2024-02-06,10:58:00,2024-02-06,1056.55,1056.55,1056.55,1056.55,0,2000,0
FINNIFTY06FEB2421300PE.NFO,2024-02-06,10:59:00,2024-02-06,1056.55,1056.55,1056.55,1056.55,0,2000,0
FINNIFTY06FEB2421300PE.NFO,2024-02-06,11:00:00,2024-02-06,1056.55,1056.55,1056.55,1056.55,0,2000,0
FINNIFTY06FEB2421300PE.NFO,2024-02-06,11:01:00,2024-02-06,1056.55,1056.55,1056.55,1056.55,0,2000,0
FINNIFTY06FEB2421300PE.NFO,2024-02-06,11:02:00,2024-02-06,1056.55,1056.55,1056.55,1056.55,0,2000,0
FINNIFTY06FEB2421300PE.NFO,2024-02-06,11:03:00,2024-02-06,1056.55,1056.55,1056.55,1056.55,0,2000,0
FINNIFTY06FEB2421300PE.NFO,2024-02-06,11:04:00,2024-02-06,1056.55,1056.55,1056.55,1056.55,0,2000,0
FINNIFTY06FEB2421300PE.NFO,2024-02-06,11:05:00,2024-02-06,1056.55,1056.55,1056.55,1056.55,0,2000,0
FINNIFTY06FEB2421300PE.NFO,2024-02-06,11:06:00,2024-02-06,1056.55,1056.55,1056.55,1056.55,0,2000,0
FINNIFTY06FEB2421300PE.NFO,2024-02-06,11:07:00,2024-02-06,1056.55,1056.55,1056.55,1056.55,0,2000,0
FINNIFTY06FEB2421300PE.NFO,2024-02-06,11:08:00,2024-02-06,1056.55,1056.55,1056.55,1056.55,0,2000,0
FINNIFTY06FEB2421300PE.NFO,2024-02-06,11:09:00,2024-02-06,1056.55,1056.55,1056.55,1056.55,0,2000,0
FINNIFTY06FEB2421300PE.NFO,2024-02-06,11:10:00,2024-02-06,1056.55,1056.55,1056.55,1056.55,0,2000,0
FINNIFTY06FEB2421300PE.NFO,2024-02-06,11:11:00,2024-02-06,1056.55,1056.55,1056.55,1056.55,0,2000,0
FINNIFTY06FEB2421300PE.NFO,2024-02-06,11:12:00,2024-02-06,1056.55,1056.55,1056.55,1056.55,0,2000,0
FINNIFTY06FEB2421300PE.NFO,2024-02-06,11:13:00,2024-02-06,1056.55,1056.55,992.7,992.7,160,2120,0
FINNIFTY06FEB2421300PE.NFO,2024-02-06,11:14:00,2024-02-06,992.7,992.7,992.7,992.7,0,2120,0
FINNIFTY06FEB2421300PE.NFO,2024-02-06,11:15:00,2024-02-06,992.7,992.7,992.7,992.7,0,2120,0
FINNIFTY06FEB2421300PE.NFO,2024-02-06,11:16:00,2024-02-06,992.7,992.7,992.7,992.7,0,2120,0
FINNIFTY06FEB2421300PE.NFO,2024-02-06,11:17:00,2024-02-06,992.7,992.7,992.7,992.7,0,2120,0
FINNIFTY06FEB2421300PE.NFO,2024-02-06,11:18:00,2024-02-06,992.7,992.7,992.7,992.7,0,2120,0
FINNIFTY06FEB2421300PE.NFO,2024-02-06,11:19:00,2024-02-06,992.7,992.7,992.7,992.7,0,2120,0
FINNIFTY06FEB2421300PE.NFO,2024-02-06,11:20:00,2024-02-06,992.7,992.7,992.7,992.7,0,2120,0
FINNIFTY06FEB2421300PE.NFO,2024-02-06,11:21:00,2024-02-06,992.7,992.7,992.7,992.7,0,2120,0
FINNIFTY06FEB2421300PE.NFO,2024-02-06,11:22:00,2024-02-06,992.7,992.7,992.7,992.7,0,2120,0
FINNIFTY06FEB2421300PE.NFO,2024-02-06,11:23:00,2024-02-06,992.7,992.7,992.7,992.7,0,2120,0
FINNIFTY06FEB2421300PE.NFO,2024-02-06,11:24:00,2024-02-06,992.7,992.7,992.7,992.7,0,2120,0
FINNIFTY06FEB2421300PE.NFO,2024-02-06,11:25:00,2024-02-06,992.7,992.7,992.7,992.7,0,2120,0
FINNIFTY06FEB2421300PE.NFO,2024-02-06,11:26:00,2024-02-06,992.7,992.7,992.7,992.7,0,2120,0
FINNIFTY06FEB2421300PE.NFO,2024-02-06,11:27:00,2024-02-06,992.7,992.7,992.7,992.7,0,2120,0
FINNIFTY06FEB2421300PE.NFO,2024-02-06,11:28:00,2024-02-06,992.7,992.7,992.7,992.7,0,2120,0
FINNIFTY06FEB2421300PE.NFO,2024-02-06,11:29:00,2024-02-06,992.7,992.7,992.7,992.7,0,2120,0
FINNIFTY06FEB2421300PE.NFO,2024-02-06,11:30:00,2024-02-06,992.7,999.15,992.7,999.15,200,2120,0
FINNIFTY06FEB2421300PE.NFO,2024-02-06,11:31:00,2024-02-06,999.15,999.15,999.15,999.15,0,2120,0
FINNIFTY06FEB2421300PE.NFO,2024-02-06,11:32:00,2024-02-06,999.15,999.15,999.15,999.15,0,2120,0
FINNIFTY06FEB2421300PE.NFO,2024-02-06,11:33:00,2024-02-06,999.15,999.15,980.4,980.4,200,1920,0
FINNIFTY06FEB2421300PE.NFO,2024-02-06,11:34:00,2024-02-06,980.4,980.4,937.0,937.0,80,1920,0
FINNIFTY06FEB2421300PE.NFO,2024-02-06,11:35:00,2024-02-06,937.0,937.0,937.0,937.0,0,1920,0
FINNIFTY06FEB2421300PE.NFO,2024-02-06,11:36:00,2024-02-06,937.0,937.0,937.0,937.0,0,1920,0
FINNIFTY06FEB2421300PE.NFO,2024-02-06,11:37:00,2024-02-06,937.0,937.0,937.0,937.0,0,1920,0
FINNIFTY06FEB2421300PE.NFO,2024-02-06,11:38:00,2024-02-06,937.0,937.0,937.0,937.0,0,1920,0
FINNIFTY06FEB2421300PE.NFO,2024-02-06,11:39:00,2024-02-06,937.0,937.0,937.0,937.0,0,1920,0
FINNIFTY06FEB2421300PE.NFO,2024-02-06,11:40:00,2024-02-06,937.0,937.0,937.0,937.0,0,1920,0
FINNIFTY06FEB2421300PE.NFO,2024-02-06,11:41:00,2024-02-06,937.0,937.0,937.0,937.0,0,1920,0
FINNIFTY06FEB2421300PE.NFO,2024-02-06,11:42:00,2024-02-06,937.0,937.0,937.0,937.0,0,1920,0
FINNIFTY06FEB2421300PE.NFO,2024-02-06,11:43:00,2024-02-06,937.0,937.0,937.0,937.0,0,1920,0
FINNIFTY06FEB2421300PE.NFO,2024-02-06,11:44:00,2024-02-06,937.0,937.0,937.0,937.0,0,1920,0
FINNIFTY06FEB2421300PE.NFO,2024-02-06,11:45:00,2024-02-06,937.0,937.0,937.0,937.0,0,1920,0
FINNIFTY06FEB2421300PE.NFO,2024-02-06,11:46:00,2024-02-06,937.0,937.0,937.0,937.0,0,1920,0
FINNIFTY06FEB2421300PE.NFO,2024-02-06,11:47:00,2024-02-06,937.0,937.0,937.0,937.0,0,1920,0
FINNIFTY06FEB2421300PE.NFO,2024-02-06,11:48:00,2024-02-06,937.0,937.0,937.0,937.0,0,1920,0
FINNIFTY06FEB2421300PE.NFO,2024-02-06,11:49:00,2024-02-06,937.0,937.0,937.0,937.0,0,1920,0
FINNIFTY06FEB2421300PE.NFO,2024-02-06,11:50:00,2024-02-06,937.0,937.0,937.0,937.0,0,1920,0
FINNIFTY06FEB2421300PE.NFO,2024-02-06,11:51:00,2024-02-06,937.0,937.0,937.0,937.0,0,1920,0
FINNIFTY06FEB2421300PE.NFO,2024-02-06,11:52:00,2024-02-06,937.0,937.0,937.0,937.0,0,1920,0
FINNIFTY06FEB2421300PE.NFO,2024-02-06,11:53:00,2024-02-06,937.0,937.0,937.0,937.0,0,1920,0
FINNIFTY06FEB2421300PE.NFO,2024-02-06,11:54:00,2024-02-06,937.0,937.0,937.0,937.0,0,1920,0
FINNIFTY06FEB2421300PE.NFO,2024-02-06,11:55:00,2024-02-06,937.0,937.0,937.0,937.0,0,1920,0
FINNIFTY06FEB2421300PE.NFO,2024-02-06,11:56:00,2024-02-06,937.0,937.0,937.0,937.0,0,1920,0
FINNIFTY06FEB2421300PE.NFO,2024-02-06,11:57:00,2024-02-06,937.0,937.0,937.0,937.0,0,1920,0
FINNIFTY06FEB2421300PE.NFO,2024-02-06,11:58:00,2024-02-06,937.0,937.0,937.0,937.0,0,1920,0
FINNIFTY06FEB2421300PE.NFO,2024-02-06,11:59:00,2024-02-06,937.0,937.0,937.0,937.0,0,1920,0
FINNIFTY06FEB2421300PE.NFO,2024-02-06,12:00:00,2024-02-06,937.0,937.0,937.0,937.0,0,1920,0
FINNIFTY06FEB2421300PE.NFO,2024-02-06,12:01:00,2024-02-06,937.0,937.0,937.0,937.0,0,1920,0
FINNIFTY06FEB2421300PE.NFO,2024-02-06,12:02:00,2024-02-06,937.0,937.0,937.0,937.0,0,1920,0
FINNIFTY06FEB2421300PE.NFO,2024-02-06,12:03:00,2024-02-06,937.0,937.0,937.0,937.0,0,1920,0
FINNIFTY06FEB2421300PE.NFO,2024-02-06,12:04:00,2024-02-06,937.0,937.0,937.0,937.0,0,1920,0
FINNIFTY06FEB2421300PE.NFO,2024-02-06,12:05:00,2024-02-06,937.0,937.0,937.0,937.0,0,1920,0
FINNIFTY06FEB2421300PE.NFO,2024-02-06,12:06:00,2024-02-06,937.0,937.0,937.0,937.0,0,1920,0
FINNIFTY06FEB2421300PE.NFO,2024-02-06,12:07:00,2024-02-06,937.0,937.0,937.0,937.0,0,1920,0
FINNIFTY06FEB2421300PE.NFO,2024-02-06,12:08:00,2024-02-06,937.0,937.0,937.0,937.0,0,1920,0
FINNIFTY06FEB2421300PE.NFO,2024-02-06,12:09:00,2024-02-06,937.0,937.0,937.0,937.0,0,1920,0
FINNIFTY06FEB2421300PE.NFO,2024-02-06,12:10:00,2024-02-06,937.0,937.0,937.0,937.0,0,1920,0
FINNIFTY06FEB2421300PE.NFO,2024-02-06,12:11:00,2024-02-06,937.0,937.0,937.0,937.0,0,1920,0
FINNIFTY06FEB2421300PE.NFO,2024-02-06,12:12:00,2024-02-06,937.0,937.0,937.0,937.0,0,1920,0
FINNIFTY06FEB2421300PE.NFO,2024-02-06,12:13:00,2024-02-06,937.0,937.0,937.0,937.0,0,1920,0
FINNIFTY06FEB2421300PE.NFO,2024-02-06,12:14:00,2024-02-06,937.0,937.0,937.0,937.0,0,1920,0
FINNIFTY06FEB2421300PE.NFO,2024-02-06,12:15:00,2024-02-06,937.0,937.0,937.0,937.0,0,1920,0
FINNIFTY06FEB2421300PE.NFO,2024-02-06,12:16:00,2024-02-06,937.0,937.0,937.0,937.0,0,1920,0
FINNIFTY06FEB2421300PE.NFO,2024-02-06,12:17:00,2024-02-06,937.0,937.0,937.0,937.0,0,1920,0
FINNIFTY06FEB2421300PE.NFO,2024-02-06,12:18:00,2024-02-06,937.0,937.0,937.0,937.0,0,1920,0
FINNIFTY06FEB2421300PE.NFO,2024-02-06,12:19:00,2024-02-06,937.0,937.0,937.0,937.0,0,1920,0
FINNIFTY06FEB2421300PE.NFO,2024-02-06,12:20:00,2024-02-06,937.0,937.0,937.0,937.0,0,1920,0
FINNIFTY06FEB2421300PE.NFO,2024-02-06,12:21:00,2024-02-06,937.0,937.0,937.0,937.0,0,1920,0
FINNIFTY06FEB2421300PE.NFO,2024-02-06,12:22:00,2024-02-06,937.0,937.0,937.0,937.0,0,1920,0
FINNIFTY06FEB2421300PE.NFO,2024-02-06,12:23:00,2024-02-06,937.0,937.0,937.0,937.0,0,1920,0
FINNIFTY06FEB2421300PE.NFO,2024-02-06,12:24:00,2024-02-06,937.0,937.0,937.0,937.0,0,1920,0
FINNIFTY06FEB2421300PE.NFO,2024-02-06,12:25:00,2024-02-06,937.0,937.0,937.0,937.0,0,1920,0
FINNIFTY06FEB2421300PE.NFO,2024-02-06,12:26:00,2024-02-06,937.0,937.0,937.0,937.0,0,1920,0
FINNIFTY06FEB2421300PE.NFO,2024-02-06,12:27:00,2024-02-06,937.0,937.0,937.0,937.0,0,1920,0
FINNIFTY06FEB2421300PE.NFO,2024-02-06,12:28:00,2024-02-06,937.0,937.0,937.0,937.0,0,1920,0
FINNIFTY06FEB2421300PE.NFO,2024-02-06,12:29:00,2024-02-06,937.0,956.6,937.0,956.6,40,1920,0
FINNIFTY06FEB2421300PE.NFO,2024-02-06,12:30:00,2024-02-06,956.6,956.6,956.6,956.6,0,1920,0
FINNIFTY06FEB2421300PE.NFO,2024-02-06,12:31:00,2024-02-06,956.6,956.6,956.6,956.6,0,1920,0
FINNIFTY06FEB2421300PE.NFO,2024-02-06,12:32:00,2024-02-06,956.6,956.6,956.6,956.6,0,1920,0
FINNIFTY06FEB2421300PE.NFO,2024-02-06,12:33:00,2024-02-06,956.6,956.6,953.45,953.45,40,1920,0
FINNIFTY06FEB2421300PE.NFO,2024-02-06,12:34:00,2024-02-06,953.45,953.45,953.45,953.45,0,1920,0
FINNIFTY06FEB2421300PE.NFO,2024-02-06,12:35:00,2024-02-06,953.45,953.45,953.45,953.45,0,1920,0
FINNIFTY06FEB2421300PE.NFO,2024-02-06,12:36:00,2024-02-06,953.45,953.45,953.45,953.45,0,1920,0
FINNIFTY06FEB2421300PE.NFO,2024-02-06,12:37:00,2024-02-06,953.45,953.45,953.45,953.45,0,1920,0
FINNIFTY06FEB2421300PE.NFO,2024-02-06,12:38:00,2024-02-06,953.45,953.45,953.45,953.45,0,1920,0
FINNIFTY06FEB2421300PE.NFO,2024-02-06,12:39:00,2024-02-06,953.45,953.45,953.45,953.45,0,1920,0
FINNIFTY06FEB2421300PE.NFO,2024-02-06,12:40:00,2024-02-06,953.45,953.45,953.45,953.45,0,1920,0
FINNIFTY06FEB2421300PE.NFO,2024-02-06,12:41:00,2024-02-06,953.45,953.45,953.45,953.45,0,1920,0
FINNIFTY06FEB2421300PE.NFO,2024-02-06,12:42:00,2024-02-06,953.45,953.45,953.45,953.45,0,1920,0
FINNIFTY06FEB2421300PE.NFO,2024-02-06,12:43:00,2024-02-06,953.45,953.45,953.45,953.45,0,1920,0
FINNIFTY06FEB2421300PE.NFO,2024-02-06,12:44:00,2024-02-06,953.45,953.45,953.45,953.45,0,1920,0
FINNIFTY06FEB2421300PE.NFO,2024-02-06,12:45:00,2024-02-06,953.45,953.45,953.45,953.45,0,1920,0
FINNIFTY06FEB2421300PE.NFO,2024-02-06,12:46:00,2024-02-06,953.45,953.45,953.45,953.45,0,1920,0
FINNIFTY06FEB2421300PE.NFO,2024-02-06,12:47:00,2024-02-06,953.45,953.45,953.45,953.45,0,1920,0
FINNIFTY06FEB2421300PE.NFO,2024-02-06,12:48:00,2024-02-06,953.45,953.45,953.45,953.45,0,1920,0
FINNIFTY06FEB2421300PE.NFO,2024-02-06,12:49:00,2024-02-06,953.45,953.45,953.45,953.45,0,1920,0
FINNIFTY06FEB2421300PE.NFO,2024-02-06,12:50:00,2024-02-06,953.45,953.45,953.45,953.45,0,1920,0
FINNIFTY06FEB2421300PE.NFO,2024-02-06,12:51:00,2024-02-06,953.45,953.45,953.45,953.45,0,1920,0
FINNIFTY06FEB2421300PE.NFO,2024-02-06,12:52:00,2024-02-06,953.45,953.45,953.45,953.45,0,1920,0
FINNIFTY06FEB2421300PE.NFO,2024-02-06,12:53:00,2024-02-06,953.45,953.45,953.45,953.45,0,1920,0
FINNIFTY06FEB2421300PE.NFO,2024-02-06,12:54:00,2024-02-06,953.45,953.45,953.45,953.45,0,1920,0
FINNIFTY06FEB2421300PE.NFO,2024-02-06,12:55:00,2024-02-06,953.45,953.45,953.45,953.45,0,1920,0
FINNIFTY06FEB2421300PE.NFO,2024-02-06,12:56:00,2024-02-06,953.45,953.45,953.45,953.45,0,1920,0
FINNIFTY06FEB2421300PE.NFO,2024-02-06,12:57:00,2024-02-06,953.45,953.45,953.45,953.45,0,1920,0
FINNIFTY06FEB2421300PE.NFO,2024-02-06,12:58:00,2024-02-06,953.45,953.45,953.45,953.45,0,1920,0
FINNIFTY06FEB2421300PE.NFO,2024-02-06,12:59:00,2024-02-06,953.45,953.45,953.45,953.45,0,1920,0
FINNIFTY06FEB2421300PE.NFO,2024-02-06,13:00:00,2024-02-06,953.45,953.45,953.45,953.45,0,1920,0
FINNIFTY06FEB2421300PE.NFO,2024-02-06,13:01:00,2024-02-06,953.45,953.45,953.45,953.45,0,1920,0
FINNIFTY06FEB2421300PE.NFO,2024-02-06,13:02:00,2024-02-06,953.45,953.45,953.45,953.45,0,1920,0
FINNIFTY06FEB2421300PE.NFO,2024-02-06,13:03:00,2024-02-06,953.45,953.45,953.45,953.45,0,1920,0
FINNIFTY06FEB2421300PE.NFO,2024-02-06,13:04:00,2024-02-06,953.45,953.45,953.45,953.45,0,1920,0
FINNIFTY06FEB2421300PE.NFO,2024-02-06,13:05:00,2024-02-06,953.45,953.45,953.45,953.45,0,1920,0
FINNIFTY06FEB2421300PE.NFO,2024-02-06,13:06:00,2024-02-06,953.45,953.45,953.45,953.45,0,1920,0
FINNIFTY06FEB2421300PE.NFO,2024-02-06,13:07:00,2024-02-06,953.45,953.45,953.45,953.45,0,1920,0
FINNIFTY06FEB2421300PE.NFO,2024-02-06,13:08:00,2024-02-06,953.45,953.45,953.45,953.45,0,1920,0
FINNIFTY06FEB2421300PE.NFO,2024-02-06,13:09:00,2024-02-06,953.45,953.45,953.45,953.45,0,1920,0
FINNIFTY06FEB2421300PE.NFO,2024-02-06,13:10:00,2024-02-06,953.45,953.45,953.45,953.45,0,1920,0
FINNIFTY06FEB2421300PE.NFO,2024-02-06,13:11:00,2024-02-06,953.45,953.45,953.45,953.45,0,1920,0
FINNIFTY06FEB2421300PE.NFO,2024-02-06,13:12:00,2024-02-06,953.45,953.45,953.45,953.45,0,1920,0
FINNIFTY06FEB2421300PE.NFO,2024-02-06,13:13:00,2024-02-06,953.45,953.45,953.45,953.45,0,1920,0
FINNIFTY06FEB2421300PE.NFO,2024-02-06,13:14:00,2024-02-06,953.45,953.45,953.45,953.45,0,1920,0
FINNIFTY06FEB2421300PE.NFO,2024-02-06,13:15:00,2024-02-06,953.45,953.45,953.45,953.45,0,1920,0
FINNIFTY06FEB2421300PE.NFO,2024-02-06,13:16:00,2024-02-06,953.45,953.45,953.45,953.45,0,1920,0
FINNIFTY06FEB2421300PE.NFO,2024-02-06,13:17:00,2024-02-06,953.45,953.45,953.45,953.45,0,1920,0
FINNIFTY06FEB2421300PE.NFO,2024-02-06,13:18:00,2024-02-06,953.45,953.45,953.45,953.45,0,1920,0
FINNIFTY06FEB2421300PE.NFO,2024-02-06,13:19:00,2024-02-06,953.45,953.45,953.45,953.45,0,1920,0
FINNIFTY06FEB2421300PE.NFO,2024-02-06,13:20:00,2024-02-06,953.45,953.45,953.45,953.45,0,1920,0
FINNIFTY06FEB2421300PE.NFO,2024-02-06,13:21:00,2024-02-06,953.45,953.45,953.45,953.45,0,1920,0
FINNIFTY06FEB2421300PE.NFO,2024-02-06,13:22:00,2024-02-06,953.45,953.45,953.45,953.45,0,1920,0
FINNIFTY06FEB2421300PE.NFO,2024-02-06,13:23:00,2024-02-06,953.45,953.45,953.45,953.45,0,1920,0
FINNIFTY06FEB2421300PE.NFO,2024-02-06,13:24:00,2024-02-06,953.45,953.45,953.45,953.45,0,1920,0
FINNIFTY06FEB2421300PE.NFO,2024-02-06,13:25:00,2024-02-06,953.45,953.45,953.45,953.45,0,1920,0
FINNIFTY06FEB2421300PE.NFO,2024-02-06,13:26:00,2024-02-06,953.45,953.45,953.45,953.45,0,1920,0
FINNIFTY06FEB2421300PE.NFO,2024-02-06,13:27:00,2024-02-06,953.45,953.45,953.45,953.45,0,1920,0
FINNIFTY06FEB2421300PE.NFO,2024-02-06,13:28:00,2024-02-06,953.45,953.45,953.45,953.45,0,1920,0
FINNIFTY06FEB2421300PE.NFO,2024-02-06,13:29:00,2024-02-06,953.45,953.45,953.45,953.45,0,1920,0
FINNIFTY06FEB2421300PE.NFO,2024-02-06,13:30:00,2024-02-06,953.45,953.45,953.45,953.45,0,1920,0
FINNIFTY06FEB2421300PE.NFO,2024-02-06,13:31:00,2024-02-06,953.45,953.45,953.45,953.45,0,1920,0
FINNIFTY06FEB2421300PE.NFO,2024-02-06,13:32:00,2024-02-06,953.45,953.45,953.45,953.45,0,1920,0
FINNIFTY06FEB2421300PE.NFO,2024-02-06,13:33:00,2024-02-06,953.45,953.45,953.45,953.45,0,1920,0
FINNIFTY06FEB2421300PE.NFO,2024-02-06,13:34:00,2024-02-06,953.45,953.45,953.45,953.45,0,1920,0
FINNIFTY06FEB2421300PE.NFO,2024-02-06,13:35:00,2024-02-06,953.45,953.45,953.45,953.45,0,1920,0
FINNIFTY06FEB2421300PE.NFO,2024-02-06,13:36:00,2024-02-06,953.45,953.45,953.45,953.45,0,1920,0
FINNIFTY06FEB2421300PE.NFO,2024-02-06,13:37:00,2024-02-06,953.45,953.45,953.45,953.45,0,1920,0
FINNIFTY06FEB2421300PE.NFO,2024-02-06,13:38:00,2024-02-06,953.45,953.45,953.45,953.45,0,1920,0
FINNIFTY06FEB2421300PE.NFO,2024-02-06,13:39:00,2024-02-06,953.45,953.45,953.45,953.45,0,1920,0
FINNIFTY06FEB2421300PE.NFO,2024-02-06,13:40:00,2024-02-06,953.45,953.45,953.45,953.45,0,1920,0
FINNIFTY06FEB2421300PE.NFO,2024-02-06,13:41:00,2024-02-06,953.45,953.45,953.45,953.45,0,1920,0
FINNIFTY06FEB2421300PE.NFO,2024-02-06,13:42:00,2024-02-06,953.45,953.45,953.45,953.45,0,1920,0
FINNIFTY06FEB2421300PE.NFO,2024-02-06,13:43:00,2024-02-06,953.45,953.45,953.45,953.45,0,1920,0
FINNIFTY06FEB2421300PE.NFO,2024-02-06,13:44:00,2024-02-06,953.45,953.45,953.45,953.45,0,1920,0
FINNIFTY06FEB2421300PE.NFO,2024-02-06,13:45:00,2024-02-06,953.45,953.45,953.45,953.45,0,1920,0
FINNIFTY06FEB2421300PE.NFO,2024-02-06,13:46:00,2024-02-06,953.45,953.45,953.45,953.45,0,1920,0
FINNIFTY06FEB2421300PE.NFO,2024-02-06,13:47:00,2024-02-06,953.45,953.45,953.45,953.45,0,1920,0
FINNIFTY06FEB2421300PE.NFO,2024-02-06,13:48:00,2024-02-06,953.45,953.45,953.45,953.45,0,1920,0
FINNIFTY06FEB2421300PE.NFO,2024-02-06,13:49:00,2024-02-06,953.45,953.45,953.45,953.45,0,1920,0
FINNIFTY06FEB2421300PE.NFO,2024-02-06,13:50:00,2024-02-06,953.45,953.45,953.45,953.45,0,1920,0
FINNIFTY06FEB2421300PE.NFO,2024-02-06,13:51:00,2024-02-06,953.45,953.45,953.45,953.45,0,1920,0
FINNIFTY06FEB2421300PE.NFO,2024-02-06,13:52:00,2024-02-06,953.45,953.45,953.45,953.45,0,1920,0
FINNIFTY06FEB2421300PE.NFO,2024-02-06,13:53:00,2024-02-06,953.45,953.45,953.45,953.45,0,1920,0
FINNIFTY06FEB2421300PE.NFO,2024-02-06,13:54:00,2024-02-06,953.45,953.45,953.45,953.45,0,1920,0
FINNIFTY06FEB2421300PE.NFO,2024-02-06,13:55:00,2024-02-06,953.45,953.45,953.45,953.45,0,1920,0
FINNIFTY06FEB2421300PE.NFO,2024-02-06,13:56:00,2024-02-06,953.45,953.45,953.45,953.45,0,1920,0
FINNIFTY06FEB2421300PE.NFO,2024-02-06,13:57:00,2024-02-06,953.45,953.45,953.45,953.45,0,1920,0
FINNIFTY06FEB2421300PE.NFO,2024-02-06,13:58:00,2024-02-06,953.45,953.45,953.45,953.45,0,1920,0
FINNIFTY06FEB2421300PE.NFO,2024-02-06,13:59:00,2024-02-06,953.45,953.45,953.45,953.45,0,1920,0
FINNIFTY06FEB2421300PE.NFO,2024-02-06,14:00:00,2024-02-06,953.45,953.45,953.45,953.45,0,1920,0
FINNIFTY06FEB2421300PE.NFO,2024-02-06,14:01:00,2024-02-06,953.45,953.45,953.45,953.45,0,1920,0
FINNIFTY06FEB2421300PE.NFO,2024-02-06,14:02:00,2024-02-06,953.45,953.45,953.45,953.45,0,1920,0
FINNIFTY06FEB2421300PE.NFO,2024-02-06,14:03:00,2024-02-06,953.45,953.45,953.45,953.45,0,1920,0
FINNIFTY06FEB2421300PE.NFO,2024-02-06,14:04:00,2024-02-06,953.45,953.45,953.45,953.45,0,1920,0
FINNIFTY06FEB2421300PE.NFO,2024-02-06,14:05:00,2024-02-06,953.45,953.45,950.05,950.05,720,1920,0
FINNIFTY06FEB2421300PE.NFO,2024-02-06,14:06:00,2024-02-06,950.05,950.05,950.05,950.05,0,1920,0
FINNIFTY06FEB2421300PE.NFO,2024-02-06,14:07:00,2024-02-06,950.05,950.05,950.05,950.05,0,1920,0
FINNIFTY06FEB2421300PE.NFO,2024-02-06,14:08:00,2024-02-06,950.05,950.05,950.05,950.05,0,1920,0
FINNIFTY06FEB2421300PE.NFO,2024-02-06,14:09:00,2024-02-06,950.05,950.05,950.05,950.05,0,1920,0
FINNIFTY06FEB2421300PE.NFO,2024-02-06,14:10:00,2024-02-06,950.05,950.05,950.05,950.05,0,1920,0
FINNIFTY06FEB2421300PE.NFO,2024-02-06,14:11:00,2024-02-06,950.05,950.05,950.05,950.05,0,1920,0
FINNIFTY06FEB2421300PE.NFO,2024-02-06,14:12:00,2024-02-06,950.05,950.05,950.05,950.05,0,1920,0
FINNIFTY06FEB2421300PE.NFO,2024-02-06,14:13:00,2024-02-06,950.05,950.05,950.05,950.05,0,1920,0
FINNIFTY06FEB2421300PE.NFO,2024-02-06,14:14:00,2024-02-06,950.05,950.05,950.05,950.05,0,1920,0
FINNIFTY06FEB2421300PE.NFO,2024-02-06,14:15:00,2024-02-06,950.05,950.05,950.05,950.05,0,1920,0
FINNIFTY06FEB2421300PE.NFO,2024-02-06,14:16:00,2024-02-06,950.05,950.05,950.05,950.05,0,1920,0
FINNIFTY06FEB2421300PE.NFO,2024-02-06,14:17:00,2024-02-06,950.05,950.05,950.05,950.05,0,1920,0
FINNIFTY06FEB2421300PE.NFO,2024-02-06,14:18:00,2024-02-06,950.05,950.05,950.05,950.05,0,1920,0
FINNIFTY06FEB2421300PE.NFO,2024-02-06,14:19:00,2024-02-06,950.05,950.05,950.05,950.05,0,1920,0
FINNIFTY06FEB2421300PE.NFO,2024-02-06,14:20:00,2024-02-06,950.05,950.05,950.05,950.05,0,1920,0
FINNIFTY06FEB2421300PE.NFO,2024-02-06,14:21:00,2024-02-06,950.05,950.05,950.05,950.05,0,1920,0
FINNIFTY06FEB2421300PE.NFO,2024-02-06,14:22:00,2024-02-06,950.05,950.05,950.05,950.05,0,1920,0
FINNIFTY06FEB2421300PE.NFO,2024-02-06,14:23:00,2024-02-06,950.05,950.05,950.05,950.05,0,1920,0
FINNIFTY06FEB2421300PE.NFO,2024-02-06,14:24:00,2024-02-06,950.05,950.05,950.05,950.05,0,1920,0
FINNIFTY06FEB2421300PE.NFO,2024-02-06,14:25:00,2024-02-06,950.05,950.05,950.05,950.05,0,1920,0
FINNIFTY06FEB2421300PE.NFO,2024-02-06,14:26:00,2024-02-06,950.05,950.05,950.05,950.05,0,1920,0
FINNIFTY06FEB2421300PE.NFO,2024-02-06,14:27:00,2024-02-06,950.05,950.05,950.05,950.05,0,1920,0
FINNIFTY06FEB2421300PE.NFO,2024-02-06,14:28:00,2024-02-06,950.05,950.05,950.05,950.05,0,1920,0
FINNIFTY06FEB2421300PE.NFO,2024-02-06,14:29:00,2024-02-06,950.05,950.05,950.05,950.05,0,1920,0
FINNIFTY06FEB2421300PE.NFO,2024-02-06,14:30:00,2024-02-06,950.05,950.05,950.05,950.05,0,1920,0
FINNIFTY06FEB2421300PE.NFO,2024-02-06,14:31:00,2024-02-06,950.05,950.05,950.05,950.05,0,1920,0
FINNIFTY06FEB2421300PE.NFO,2024-02-06,14:32:00,2024-02-06,950.05,950.05,950.05,950.05,0,1920,0
FINNIFTY06FEB2421300PE.NFO,2024-02-06,14:33:00,2024-02-06,950.05,950.05,950.05,950.05,0,1920,0
FINNIFTY06FEB2421300PE.NFO,2024-02-06,14:34:00,2024-02-06,950.05,950.05,950.05,950.05,0,1920,0
FINNIFTY06FEB2421300PE.NFO,2024-02-06,14:35:00,2024-02-06,950.05,950.05,950.05,950.05,0,1920,0
FINNIFTY06FEB2421300PE.NFO,2024-02-06,14:36:00,2024-02-06,950.05,950.05,950.05,950.05,0,1920,0
FINNIFTY06FEB2421300PE.NFO,2024-02-06,14:37:00,2024-02-06,950.05,950.05,950.05,950.05,0,1920,0
FINNIFTY06FEB2421300PE.NFO,2024-02-06,14:38:00,2024-02-06,950.05,950.05,950.05,950.05,0,1920,0
FINNIFTY06FEB2421300PE.NFO,2024-02-06,14:39:00,2024-02-06,950.05,950.05,950.05,950.05,0,1920,0
FINNIFTY06FEB2421300PE.NFO,2024-02-06,14:40:00,2024-02-06,950.05,950.05,950.05,950.05,0,1920,0
FINNIFTY06FEB2421300PE.NFO,2024-02-06,14:41:00,2024-02-06,950.05,950.05,950.05,950.05,0,1920,0
FINNIFTY06FEB2421300PE.NFO,2024-02-06,14:42:00,2024-02-06,950.05,950.05,950.05,950.05,0,1920,0
FINNIFTY06FEB2421300PE.NFO,2024-02-06,14:43:00,2024-02-06,950.05,950.05,950.05,950.05,0,1920,0
FINNIFTY06FEB2421300PE.NFO,2024-02-06,14:44:00,2024-02-06,950.05,950.05,950.05,950.05,0,1920,0
FINNIFTY06FEB2421300PE.NFO,2024-02-06,14:45:00,2024-02-06,950.05,950.05,950.05,950.05,0,1920,0
FINNIFTY06FEB2421300PE.NFO,2024-02-06,14:46:00,2024-02-06,950.05,950.05,950.05,950.05,0,1920,0
FINNIFTY06FEB2421300PE.NFO,2024-02-06,14:47:00,2024-02-06,950.05,950.05,950.05,950.05,0,1920,0
FINNIFTY06FEB2421300PE.NFO,2024-02-06,14:48:00,2024-02-06,950.05,950.05,950.05,950.05,0,1920,0
FINNIFTY06FEB2421300PE.NFO,2024-02-06,14:49:00,2024-02-06,950.05,950.05,950.05,950.05,0,1920,0
FINNIFTY06FEB2421300PE.NFO,2024-02-06,14:50:00,2024-02-06,950.05,950.05,950.05,950.05,0,1920,0
FINNIFTY06FEB2421300PE.NFO,2024-02-06,14:51:00,2024-02-06,950.05,950.05,950.05,950.05,0,1920,0
FINNIFTY06FEB2421300PE.NFO,2024-02-06,14:52:00,2024-02-06,950.05,950.05,950.05,950.05,0,1920,0
FINNIFTY06FEB2421300PE.NFO,2024-02-06,14:53:00,2024-02-06,950.05,950.05,950.05,950.05,0,1920,0
FINNIFTY06FEB2421300PE.NFO,2024-02-06,14:54:00,2024-02-06,950.05,950.05,950.05,950.05,0,1920,0
FINNIFTY06FEB2421300PE.NFO,2024-02-06,14:55:00,2024-02-06,950.05,950.05,950.05,950.05,0,1920,0
FINNIFTY06FEB2421300PE.NFO,2024-02-06,14:56:00,2024-02-06,950.05,950.05,950.05,950.05,0,1920,0
FINNIFTY06FEB2421300PE.NFO,2024-02-06,14:57:00,2024-02-06,950.05,950.05,950.05,950.05,0,1920,0
FINNIFTY06FEB2421300PE.NFO,2024-02-06,14:58:00,2024-02-06,950.05,950.05,950.05,950.05,0,1920,0
FINNIFTY06FEB2421300PE.NFO,2024-02-06,14:59:00,2024-02-06,950.05,950.05,950.05,950.05,0,1920,0
FINNIFTY06FEB2421300PE.NFO,2024-02-06,15:00:00,2024-02-06,950.05,950.05,950.05,950.05,0,1920,0
FINNIFTY06FEB2421300PE.NFO,2024-02-06,15:01:00,2024-02-06,950.05,950.05,950.05,950.05,0,1920,0
FINNIFTY06FEB2421300PE.NFO,2024-02-06,15:02:00,2024-02-06,950.05,950.05,950.05,950.05,0,1920,0
FINNIFTY06FEB2421300PE.NFO,2024-02-06,15:03:00,2024-02-06,950.05,950.05,950.05,950.05,0,1920,0
FINNIFTY06FEB2421300PE.NFO,2024-02-06,15:04:00,2024-02-06,950.05,950.05,950.05,950.05,0,1920,0
FINNIFTY06FEB2421300PE.NFO,2024-02-06,15:05:00,2024-02-06,950.05,950.05,950.05,950.05,0,1920,0
FINNIFTY06FEB2421300PE.NFO,2024-02-06,15:06:00,2024-02-06,950.05,950.05,950.05,950.05,0,1920,0
FINNIFTY06FEB2421300PE.NFO,2024-02-06,15:07:00,2024-02-06,950.05,950.05,950.05,950.05,0,1920,0
FINNIFTY06FEB2421300PE.NFO,2024-02-06,15:08:00,2024-02-06,950.05,950.05,950.05,950.05,0,1920,0
FINNIFTY06FEB2421300PE.NFO,2024-02-06,15:09:00,2024-02-06,950.05,950.05,950.05,950.05,0,1920,0
FINNIFTY06FEB2421300PE.NFO,2024-02-06,15:10:00,2024-02-06,950.05,950.05,950.05,950.05,0,1920,0
FINNIFTY06FEB2421300PE.NFO,2024-02-06,15:11:00,2024-02-06,950.05,950.05,950.05,950.05,0,1920,0
FINNIFTY06FEB2421300PE.NFO,2024-02-06,15:12:00,2024-02-06,950.05,950.05,950.05,950.05,0,1920,0
FINNIFTY06FEB2421300PE.NFO,2024-02-06,15:13:00,2024-02-06,950.05,950.05,950.05,950.05,0,1920,0
FINNIFTY06FEB2421300PE.NFO,2024-02-06,15:14:00,2024-02-06,950.05,950.05,950.05,950.05,0,1920,0
FINNIFTY06FEB2421300PE.NFO,2024-02-06,15:15:00,2024-02-06,950.05,950.05,950.05,950.05,0,1920,0
FINNIFTY06FEB2421300PE.NFO,2024-02-06,15:16:00,2024-02-06,950.05,950.05,950.05,950.05,0,1920,0
FINNIFTY06FEB2421300PE.NFO,2024-02-06,15:17:00,2024-02-06,950.05,950.05,950.05,950.05,0,1920,0
FINNIFTY06FEB2421300PE.NFO,2024-02-06,15:18:00,2024-02-06,950.05,950.05,950.05,950.05,0,1920,0
FINNIFTY06FEB2421300PE.NFO,2024-02-06,15:19:00,2024-02-06,950.05,950.05,950.05,950.05,0,1920,0
FINNIFTY06FEB2421300PE.NFO,2024-02-06,15:20:00,2024-02-06,950.05,950.05,950.05,950.05,0,1920,0
FINNIFTY06FEB2421300PE.NFO,2024-02-06,15:21:00,2024-02-06,950.05,950.05,950.05,950.05,0,1920,0
FINNIFTY06FEB2421300PE.NFO,2024-02-06,15:22:00,2024-02-06,950.05,950.05,950.05,950.05,0,1920,0
FINNIFTY06FEB2421300PE.NFO,2024-02-06,15:23:00,2024-02-06,950.05,950.05,950.05,950.05,0,1920,0
FINNIFTY06FEB2421300PE.NFO,2024-02-06,15:24:00,2024-02-06,950.05,950.05,938.0,938.0,0,1720,0
FINNIFTY06FEB2421300PE.NFO,2024-02-06,15:25:00,2024-02-06,938.0,938.0,938.0,938.0,80,1720,0
FINNIFTY06FEB2421300PE.NFO,2024-02-06,15:26:00,2024-02-06,938.0,938.0,938.0,938.0,0,1720,0
FINNIFTY06FEB2421300PE.NFO,2024-02-06,15:27:00,2024-02-06,938.0,938.0,938.0,938.0,0,1720,0
FINNIFTY06FEB2421300PE.NFO,2024-02-06,15:28:00,2024-02-06,938.0,938.0,938.0,938.0,0,1720,0
FINNIFTY06FEB2421300PE.NFO,2024-02-06,15:29:00,2024-02-06,938.0,938.0,938.0,938.0,0,1720,0
FINNIFTY06FEB2421300PE.NFO,2024-02-06,15:30:00,2024-02-06,938.0,938.0,938.0,938.0,0,1720,1
