Ticker,Date,Time,Expiry Date,Open,High,Low,Close,Volume,Open Interest,Padding Flag
FINNIFTY16JUL2426200CE.NFO,2024-07-04,09:15:00,2024-07-16,5.0,5.0,5.0,5.0,0,0,0
FINNIFTY16JUL2426200CE.NFO,2024-07-04,09:16:00,2024-07-16,5.0,5.0,5.0,5.0,0,0,1
FINNIFTY16JUL2426200CE.NFO,2024-07-04,09:17:00,2024-07-16,5.0,5.0,5.0,5.0,0,0,1
FINNIFTY16JUL2426200CE.NFO,2024-07-04,09:18:00,2024-07-16,5.0,5.0,5.0,5.0,0,0,1
FINNIFTY16JUL2426200CE.NFO,2024-07-04,09:19:00,2024-07-16,5.0,5.0,5.0,5.0,0,0,1
FINNIFTY16JUL2426200CE.NFO,2024-07-04,09:20:00,2024-07-16,5.0,5.0,5.0,5.0,0,0,1
FINNIFTY16JUL2426200CE.NFO,2024-07-04,09:21:00,2024-07-16,5.0,5.0,5.0,5.0,0,0,1
FINNIFTY16JUL2426200CE.NFO,2024-07-04,09:22:00,2024-07-16,5.0,5.0,5.0,5.0,0,0,1
FINNIFTY16JUL2426200CE.NFO,2024-07-04,09:23:00,2024-07-16,5.0,5.0,5.0,5.0,0,0,1
FINNIFTY16JUL2426200CE.NFO,2024-07-04,09:24:00,2024-07-16,5.0,5.0,5.0,5.0,0,0,1
FINNIFTY16JUL2426200CE.NFO,2024-07-04,09:25:00,2024-07-16,5.0,5.0,5.0,5.0,0,0,1
FINNIFTY16JUL2426200CE.NFO,2024-07-04,09:26:00,2024-07-16,5.0,5.0,5.0,5.0,0,0,1
FINNIFTY16JUL2426200CE.NFO,2024-07-04,09:27:00,2024-07-16,5.0,5.0,5.0,5.0,0,0,1
FINNIFTY16JUL2426200CE.NFO,2024-07-04,09:28:00,2024-07-16,5.0,5.0,5.0,5.0,0,0,1
FINNIFTY16JUL2426200CE.NFO,2024-07-04,09:29:00,2024-07-16,5.0,5.0,5.0,5.0,0,0,1
FINNIFTY16JUL2426200CE.NFO,2024-07-04,09:30:00,2024-07-16,5.0,5.0,5.0,5.0,0,0,1
FINNIFTY16JUL2426200CE.NFO,2024-07-04,09:31:00,2024-07-16,5.0,5.0,5.0,5.0,0,0,1
FINNIFTY16JUL2426200CE.NFO,2024-07-04,09:32:00,2024-07-16,5.0,5.0,5.0,5.0,0,0,1
FINNIFTY16JUL2426200CE.NFO,2024-07-04,09:33:00,2024-07-16,5.0,5.0,5.0,5.0,0,0,1
FINNIFTY16JUL2426200CE.NFO,2024-07-04,09:34:00,2024-07-16,5.0,5.0,5.0,5.0,0,0,1
FINNIFTY16JUL2426200CE.NFO,2024-07-04,09:35:00,2024-07-16,5.0,5.0,5.0,5.0,0,0,1
FINNIFTY16JUL2426200CE.NFO,2024-07-04,09:36:00,2024-07-16,5.0,5.0,5.0,5.0,0,0,1
FINNIFTY16JUL2426200CE.NFO,2024-07-04,09:37:00,2024-07-16,5.0,5.0,5.0,5.0,0,0,1
FINNIFTY16JUL2426200CE.NFO,2024-07-04,09:38:00,2024-07-16,5.0,5.0,5.0,5.0,0,0,1
FINNIFTY16JUL2426200CE.NFO,2024-07-04,09:39:00,2024-07-16,5.0,5.0,5.0,5.0,0,0,1
FINNIFTY16JUL2426200CE.NFO,2024-07-04,09:40:00,2024-07-16,5.0,5.0,5.0,5.0,0,0,1
FINNIFTY16JUL2426200CE.NFO,2024-07-04,09:41:00,2024-07-16,5.0,5.0,5.0,5.0,0,0,1
FINNIFTY16JUL2426200CE.NFO,2024-07-04,09:42:00,2024-07-16,5.0,5.0,5.0,5.0,0,0,1
FINNIFTY16JUL2426200CE.NFO,2024-07-04,09:43:00,2024-07-16,5.0,5.0,5.0,5.0,0,0,1
FINNIFTY16JUL2426200CE.NFO,2024-07-04,09:44:00,2024-07-16,5.0,5.0,5.0,5.0,0,0,1
FINNIFTY16JUL2426200CE.NFO,2024-07-04,09:45:00,2024-07-16,5.0,5.0,5.0,5.0,0,0,1
FINNIFTY16JUL2426200CE.NFO,2024-07-04,09:46:00,2024-07-16,5.0,5.0,5.0,5.0,0,0,1
FINNIFTY16JUL2426200CE.NFO,2024-07-04,09:47:00,2024-07-16,5.0,5.0,5.0,5.0,0,0,1
FINNIFTY16JUL2426200CE.NFO,2024-07-04,09:48:00,2024-07-16,5.0,5.0,5.0,5.0,0,0,1
FINNIFTY16JUL2426200CE.NFO,2024-07-04,09:49:00,2024-07-16,5.0,5.0,5.0,5.0,0,0,1
FINNIFTY16JUL2426200CE.NFO,2024-07-04,09:50:00,2024-07-16,5.0,5.0,5.0,5.0,0,0,1
FINNIFTY16JUL2426200CE.NFO,2024-07-04,09:51:00,2024-07-16,5.0,5.0,5.0,5.0,0,0,1
FINNIFTY16JUL2426200CE.NFO,2024-07-04,09:52:00,2024-07-16,5.0,5.0,5.0,5.0,0,0,1
FINNIFTY16JUL2426200CE.NFO,2024-07-04,09:53:00,2024-07-16,5.0,5.0,5.0,5.0,0,0,1
FINNIFTY16JUL2426200CE.NFO,2024-07-04,09:54:00,2024-07-16,5.0,5.0,5.0,5.0,0,0,1
FINNIFTY16JUL2426200CE.NFO,2024-07-04,09:55:00,2024-07-16,5.0,5.0,5.0,5.0,0,0,1
FINNIFTY16JUL2426200CE.NFO,2024-07-04,09:56:00,2024-07-16,5.0,5.0,5.0,5.0,0,0,1
FINNIFTY16JUL2426200CE.NFO,2024-07-04,09:57:00,2024-07-16,5.0,5.0,5.0,5.0,0,0,1
FINNIFTY16JUL2426200CE.NFO,2024-07-04,09:58:00,2024-07-16,5.0,5.0,5.0,5.0,0,0,1
FINNIFTY16JUL2426200CE.NFO,2024-07-04,09:59:00,2024-07-16,5.0,5.0,5.0,5.0,0,0,1
FINNIFTY16JUL2426200CE.NFO,2024-07-04,10:00:00,2024-07-16,5.0,5.0,5.0,5.0,0,0,1
FINNIFTY16JUL2426200CE.NFO,2024-07-04,10:01:00,2024-07-16,5.0,5.0,5.0,5.0,0,0,1
FINNIFTY16JUL2426200CE.NFO,2024-07-04,10:02:00,2024-07-16,5.0,5.0,5.0,5.0,0,0,1
FINNIFTY16JUL2426200CE.NFO,2024-07-04,10:03:00,2024-07-16,5.0,5.0,5.0,5.0,0,0,1
FINNIFTY16JUL2426200CE.NFO,2024-07-04,10:04:00,2024-07-16,5.0,5.0,5.0,5.0,0,0,1
FINNIFTY16JUL2426200CE.NFO,2024-07-04,10:05:00,2024-07-16,5.0,5.0,5.0,5.0,0,0,1
FINNIFTY16JUL2426200CE.NFO,2024-07-04,10:06:00,2024-07-16,5.0,5.0,5.0,5.0,0,0,1
FINNIFTY16JUL2426200CE.NFO,2024-07-04,10:07:00,2024-07-16,5.0,5.0,5.0,5.0,0,0,1
FINNIFTY16JUL2426200CE.NFO,2024-07-04,10:08:00,2024-07-16,5.0,5.0,5.0,5.0,0,0,1
FINNIFTY16JUL2426200CE.NFO,2024-07-04,10:09:00,2024-07-16,5.0,5.0,5.0,5.0,0,0,1
FINNIFTY16JUL2426200CE.NFO,2024-07-04,10:10:00,2024-07-16,5.0,5.0,5.0,5.0,0,0,1
FINNIFTY16JUL2426200CE.NFO,2024-07-04,10:11:00,2024-07-16,5.0,5.0,5.0,5.0,0,0,1
FINNIFTY16JUL2426200CE.NFO,2024-07-04,10:12:00,2024-07-16,5.0,5.0,5.0,5.0,0,0,1
FINNIFTY16JUL2426200CE.NFO,2024-07-04,10:13:00,2024-07-16,5.0,5.0,5.0,5.0,0,0,1
FINNIFTY16JUL2426200CE.NFO,2024-07-04,10:14:00,2024-07-16,5.0,5.0,5.0,5.0,0,0,1
FINNIFTY16JUL2426200CE.NFO,2024-07-04,10:15:00,2024-07-16,5.0,5.0,5.0,5.0,0,0,1
FINNIFTY16JUL2426200CE.NFO,2024-07-04,10:16:00,2024-07-16,5.0,5.0,5.0,5.0,0,0,1
FINNIFTY16JUL2426200CE.NFO,2024-07-04,10:17:00,2024-07-16,5.0,5.0,5.0,5.0,0,0,1
FINNIFTY16JUL2426200CE.NFO,2024-07-04,10:18:00,2024-07-16,5.0,5.0,5.0,5.0,0,0,1
FINNIFTY16JUL2426200CE.NFO,2024-07-04,10:19:00,2024-07-16,5.0,5.0,5.0,5.0,0,0,1
FINNIFTY16JUL2426200CE.NFO,2024-07-04,10:20:00,2024-07-16,5.0,5.0,5.0,5.0,0,0,1
FINNIFTY16JUL2426200CE.NFO,2024-07-04,10:21:00,2024-07-16,5.0,5.0,5.0,5.0,0,0,1
FINNIFTY16JUL2426200CE.NFO,2024-07-04,10:22:00,2024-07-16,5.0,5.0,5.0,5.0,0,0,1
FINNIFTY16JUL2426200CE.NFO,2024-07-04,10:23:00,2024-07-16,5.0,5.0,5.0,5.0,0,0,1
FINNIFTY16JUL2426200CE.NFO,2024-07-04,10:24:00,2024-07-16,5.0,5.0,5.0,5.0,0,0,1
FINNIFTY16JUL2426200CE.NFO,2024-07-04,10:25:00,2024-07-16,5.0,5.0,5.0,5.0,0,0,1
FINNIFTY16JUL2426200CE.NFO,2024-07-04,10:26:00,2024-07-16,5.0,5.0,5.0,5.0,0,0,1
FINNIFTY16JUL2426200CE.NFO,2024-07-04,10:27:00,2024-07-16,5.0,5.0,5.0,5.0,0,0,1
FINNIFTY16JUL2426200CE.NFO,2024-07-04,10:28:00,2024-07-16,5.0,5.0,5.0,5.0,0,0,1
FINNIFTY16JUL2426200CE.NFO,2024-07-04,10:29:00,2024-07-16,5.0,5.0,5.0,5.0,0,0,1
FINNIFTY16JUL2426200CE.NFO,2024-07-04,10:30:00,2024-07-16,5.0,5.0,5.0,5.0,0,0,1
FINNIFTY16JUL2426200CE.NFO,2024-07-04,10:31:00,2024-07-16,5.0,5.0,5.0,5.0,0,0,1
FINNIFTY16JUL2426200CE.NFO,2024-07-04,10:32:00,2024-07-16,5.0,5.0,5.0,5.0,0,0,1
FINNIFTY16JUL2426200CE.NFO,2024-07-04,10:33:00,2024-07-16,5.0,5.0,5.0,5.0,0,0,1
FINNIFTY16JUL2426200CE.NFO,2024-07-04,10:34:00,2024-07-16,5.0,5.0,5.0,5.0,0,0,1
FINNIFTY16JUL2426200CE.NFO,2024-07-04,10:35:00,2024-07-16,5.0,5.0,5.0,5.0,0,0,1
FINNIFTY16JUL2426200CE.NFO,2024-07-04,10:36:00,2024-07-16,5.0,5.0,5.0,5.0,0,0,1
FINNIFTY16JUL2426200CE.NFO,2024-07-04,10:37:00,2024-07-16,5.0,5.0,5.0,5.0,0,0,1
FINNIFTY16JUL2426200CE.NFO,2024-07-04,10:38:00,2024-07-16,5.0,5.0,5.0,5.0,0,0,1
FINNIFTY16JUL2426200CE.NFO,2024-07-04,10:39:00,2024-07-16,5.0,5.0,5.0,5.0,0,0,1
FINNIFTY16JUL2426200CE.NFO,2024-07-04,10:40:00,2024-07-16,5.0,5.0,5.0,5.0,0,0,1
FINNIFTY16JUL2426200CE.NFO,2024-07-04,10:41:00,2024-07-16,5.0,5.0,5.0,5.0,0,0,1
FINNIFTY16JUL2426200CE.NFO,2024-07-04,10:42:00,2024-07-16,5.0,5.0,5.0,5.0,0,0,1
FINNIFTY16JUL2426200CE.NFO,2024-07-04,10:43:00,2024-07-16,5.0,5.0,5.0,5.0,0,0,1
FINNIFTY16JUL2426200CE.NFO,2024-07-04,10:44:00,2024-07-16,5.0,5.0,5.0,5.0,0,0,1
FINNIFTY16JUL2426200CE.NFO,2024-07-04,10:45:00,2024-07-16,5.0,5.0,5.0,5.0,0,0,1
FINNIFTY16JUL2426200CE.NFO,2024-07-04,10:46:00,2024-07-16,5.0,5.0,5.0,5.0,0,0,1
FINNIFTY16JUL2426200CE.NFO,2024-07-04,10:47:00,2024-07-16,5.0,5.0,5.0,5.0,0,0,1
FINNIFTY16JUL2426200CE.NFO,2024-07-04,10:48:00,2024-07-16,5.0,5.0,5.0,5.0,0,0,1
FINNIFTY16JUL2426200CE.NFO,2024-07-04,10:49:00,2024-07-16,5.0,5.0,5.0,5.0,0,0,1
FINNIFTY16JUL2426200CE.NFO,2024-07-04,10:50:00,2024-07-16,5.0,5.0,5.0,5.0,0,0,1
FINNIFTY16JUL2426200CE.NFO,2024-07-04,10:51:00,2024-07-16,5.0,5.0,5.0,5.0,0,0,1
FINNIFTY16JUL2426200CE.NFO,2024-07-04,10:52:00,2024-07-16,5.0,5.0,5.0,5.0,0,0,1
FINNIFTY16JUL2426200CE.NFO,2024-07-04,10:53:00,2024-07-16,5.0,5.0,5.0,5.0,0,0,1
FINNIFTY16JUL2426200CE.NFO,2024-07-04,10:54:00,2024-07-16,5.0,5.0,5.0,5.0,0,0,1
FINNIFTY16JUL2426200CE.NFO,2024-07-04,10:55:00,2024-07-16,5.0,5.0,5.0,5.0,0,0,1
FINNIFTY16JUL2426200CE.NFO,2024-07-04,10:56:00,2024-07-16,5.0,5.0,5.0,5.0,0,0,1
FINNIFTY16JUL2426200CE.NFO,2024-07-04,10:57:00,2024-07-16,5.0,5.0,5.0,5.0,0,0,1
FINNIFTY16JUL2426200CE.NFO,2024-07-04,10:58:00,2024-07-16,5.0,5.0,5.0,5.0,0,0,1
FINNIFTY16JUL2426200CE.NFO,2024-07-04,10:59:00,2024-07-16,5.0,5.0,5.0,5.0,0,0,1
FINNIFTY16JUL2426200CE.NFO,2024-07-04,11:00:00,2024-07-16,5.0,5.0,5.0,5.0,0,0,1
FINNIFTY16JUL2426200CE.NFO,2024-07-04,11:01:00,2024-07-16,5.0,5.0,5.0,5.0,0,0,1
FINNIFTY16JUL2426200CE.NFO,2024-07-04,11:02:00,2024-07-16,5.0,5.0,5.0,5.0,0,0,1
FINNIFTY16JUL2426200CE.NFO,2024-07-04,11:03:00,2024-07-16,5.0,5.0,5.0,5.0,0,0,1
FINNIFTY16JUL2426200CE.NFO,2024-07-04,11:04:00,2024-07-16,5.0,5.0,5.0,5.0,0,0,1
FINNIFTY16JUL2426200CE.NFO,2024-07-04,11:05:00,2024-07-16,5.0,5.0,5.0,5.0,0,0,1
FINNIFTY16JUL2426200CE.NFO,2024-07-04,11:06:00,2024-07-16,5.0,5.0,5.0,5.0,0,0,1
FINNIFTY16JUL2426200CE.NFO,2024-07-04,11:07:00,2024-07-16,5.0,5.0,5.0,5.0,0,0,1
FINNIFTY16JUL2426200CE.NFO,2024-07-04,11:08:00,2024-07-16,5.0,5.0,5.0,5.0,0,0,1
FINNIFTY16JUL2426200CE.NFO,2024-07-04,11:09:00,2024-07-16,5.0,5.0,5.0,5.0,0,0,1
FINNIFTY16JUL2426200CE.NFO,2024-07-04,11:10:00,2024-07-16,5.0,5.0,5.0,5.0,0,0,1
FINNIFTY16JUL2426200CE.NFO,2024-07-04,11:11:00,2024-07-16,5.0,5.0,5.0,5.0,0,0,1
FINNIFTY16JUL2426200CE.NFO,2024-07-04,11:12:00,2024-07-16,5.0,5.0,5.0,5.0,0,0,1
FINNIFTY16JUL2426200CE.NFO,2024-07-04,11:13:00,2024-07-16,5.0,5.0,5.0,5.0,0,0,1
FINNIFTY16JUL2426200CE.NFO,2024-07-04,11:14:00,2024-07-16,5.0,5.0,5.0,5.0,0,0,1
FINNIFTY16JUL2426200CE.NFO,2024-07-04,11:15:00,2024-07-16,5.0,5.0,5.0,5.0,0,0,1
FINNIFTY16JUL2426200CE.NFO,2024-07-04,11:16:00,2024-07-16,5.0,5.0,5.0,5.0,0,0,1
FINNIFTY16JUL2426200CE.NFO,2024-07-04,11:17:00,2024-07-16,5.0,5.0,5.0,5.0,0,0,1
FINNIFTY16JUL2426200CE.NFO,2024-07-04,11:18:00,2024-07-16,5.0,5.0,5.0,5.0,0,0,1
FINNIFTY16JUL2426200CE.NFO,2024-07-04,11:19:00,2024-07-16,5.0,5.0,5.0,5.0,0,0,1
FINNIFTY16JUL2426200CE.NFO,2024-07-04,11:20:00,2024-07-16,5.0,5.0,5.0,5.0,0,0,1
FINNIFTY16JUL2426200CE.NFO,2024-07-04,11:21:00,2024-07-16,5.0,5.0,5.0,5.0,0,0,1
FINNIFTY16JUL2426200CE.NFO,2024-07-04,11:22:00,2024-07-16,5.0,5.0,5.0,5.0,0,0,1
FINNIFTY16JUL2426200CE.NFO,2024-07-04,11:23:00,2024-07-16,5.0,5.0,5.0,5.0,0,0,1
FINNIFTY16JUL2426200CE.NFO,2024-07-04,11:24:00,2024-07-16,5.0,5.0,5.0,5.0,0,0,1
FINNIFTY16JUL2426200CE.NFO,2024-07-04,11:25:00,2024-07-16,5.0,5.0,5.0,5.0,0,0,1
FINNIFTY16JUL2426200CE.NFO,2024-07-04,11:26:00,2024-07-16,5.0,5.0,5.0,5.0,0,0,1
FINNIFTY16JUL2426200CE.NFO,2024-07-04,11:27:00,2024-07-16,5.0,5.0,5.0,5.0,0,0,1
FINNIFTY16JUL2426200CE.NFO,2024-07-04,11:28:00,2024-07-16,5.0,5.0,5.0,5.0,0,0,1
FINNIFTY16JUL2426200CE.NFO,2024-07-04,11:29:00,2024-07-16,5.0,5.0,5.0,5.0,0,0,1
FINNIFTY16JUL2426200CE.NFO,2024-07-04,11:30:00,2024-07-16,5.0,5.0,5.0,5.0,0,0,1
FINNIFTY16JUL2426200CE.NFO,2024-07-04,11:31:00,2024-07-16,5.0,5.0,5.0,5.0,0,0,1
FINNIFTY16JUL2426200CE.NFO,2024-07-04,11:32:00,2024-07-16,5.0,5.0,5.0,5.0,0,0,1
FINNIFTY16JUL2426200CE.NFO,2024-07-04,11:33:00,2024-07-16,5.0,5.0,5.0,5.0,0,0,1
FINNIFTY16JUL2426200CE.NFO,2024-07-04,11:34:00,2024-07-16,5.0,5.0,5.0,5.0,0,0,1
FINNIFTY16JUL2426200CE.NFO,2024-07-04,11:35:00,2024-07-16,5.0,5.0,5.0,5.0,0,0,1
FINNIFTY16JUL2426200CE.NFO,2024-07-04,11:36:00,2024-07-16,5.0,5.0,5.0,5.0,0,0,1
FINNIFTY16JUL2426200CE.NFO,2024-07-04,11:37:00,2024-07-16,5.0,5.0,5.0,5.0,0,0,1
FINNIFTY16JUL2426200CE.NFO,2024-07-04,11:38:00,2024-07-16,5.0,5.0,5.0,5.0,0,0,1
FINNIFTY16JUL2426200CE.NFO,2024-07-04,11:39:00,2024-07-16,5.0,5.0,5.0,5.0,0,0,1
FINNIFTY16JUL2426200CE.NFO,2024-07-04,11:40:00,2024-07-16,5.0,5.0,5.0,5.0,0,0,1
FINNIFTY16JUL2426200CE.NFO,2024-07-04,11:41:00,2024-07-16,5.0,5.0,5.0,5.0,0,0,1
FINNIFTY16JUL2426200CE.NFO,2024-07-04,11:42:00,2024-07-16,5.0,5.0,5.0,5.0,0,0,1
FINNIFTY16JUL2426200CE.NFO,2024-07-04,11:43:00,2024-07-16,5.0,5.0,5.0,5.0,0,0,1
FINNIFTY16JUL2426200CE.NFO,2024-07-04,11:44:00,2024-07-16,5.0,5.0,5.0,5.0,0,0,1
FINNIFTY16JUL2426200CE.NFO,2024-07-04,11:45:00,2024-07-16,5.0,5.0,5.0,5.0,0,0,1
FINNIFTY16JUL2426200CE.NFO,2024-07-04,11:46:00,2024-07-16,5.0,5.0,5.0,5.0,0,0,1
FINNIFTY16JUL2426200CE.NFO,2024-07-04,11:47:00,2024-07-16,5.0,5.0,5.0,5.0,0,0,1
FINNIFTY16JUL2426200CE.NFO,2024-07-04,11:48:00,2024-07-16,5.0,5.0,5.0,5.0,0,0,1
FINNIFTY16JUL2426200CE.NFO,2024-07-04,11:49:00,2024-07-16,5.0,5.0,5.0,5.0,0,0,1
FINNIFTY16JUL2426200CE.NFO,2024-07-04,11:50:00,2024-07-16,5.0,5.0,5.0,5.0,0,0,1
FINNIFTY16JUL2426200CE.NFO,2024-07-04,11:51:00,2024-07-16,5.0,5.0,5.0,5.0,0,0,1
FINNIFTY16JUL2426200CE.NFO,2024-07-04,11:52:00,2024-07-16,5.0,5.0,5.0,5.0,0,0,1
FINNIFTY16JUL2426200CE.NFO,2024-07-04,11:53:00,2024-07-16,5.0,5.0,5.0,5.0,0,0,1
FINNIFTY16JUL2426200CE.NFO,2024-07-04,11:54:00,2024-07-16,5.0,5.0,5.0,5.0,0,0,1
FINNIFTY16JUL2426200CE.NFO,2024-07-04,11:55:00,2024-07-16,5.0,5.0,5.0,5.0,0,0,1
FINNIFTY16JUL2426200CE.NFO,2024-07-04,11:56:00,2024-07-16,5.0,5.0,5.0,5.0,0,0,1
FINNIFTY16JUL2426200CE.NFO,2024-07-04,11:57:00,2024-07-16,5.0,5.0,5.0,5.0,0,0,1
FINNIFTY16JUL2426200CE.NFO,2024-07-04,11:58:00,2024-07-16,5.0,5.0,5.0,5.0,0,0,1
FINNIFTY16JUL2426200CE.NFO,2024-07-04,11:59:00,2024-07-16,5.0,5.0,5.0,5.0,0,0,1
FINNIFTY16JUL2426200CE.NFO,2024-07-04,12:00:00,2024-07-16,5.0,5.0,5.0,5.0,0,0,1
FINNIFTY16JUL2426200CE.NFO,2024-07-04,12:01:00,2024-07-16,5.0,5.0,5.0,5.0,0,0,1
FINNIFTY16JUL2426200CE.NFO,2024-07-04,12:02:00,2024-07-16,5.0,5.0,5.0,5.0,0,0,1
FINNIFTY16JUL2426200CE.NFO,2024-07-04,12:03:00,2024-07-16,5.0,5.0,5.0,5.0,0,0,1
FINNIFTY16JUL2426200CE.NFO,2024-07-04,12:04:00,2024-07-16,5.0,5.0,5.0,5.0,0,0,1
FINNIFTY16JUL2426200CE.NFO,2024-07-04,12:05:00,2024-07-16,5.0,5.0,5.0,5.0,0,0,1
FINNIFTY16JUL2426200CE.NFO,2024-07-04,12:06:00,2024-07-16,5.0,5.0,5.0,5.0,0,0,1
FINNIFTY16JUL2426200CE.NFO,2024-07-04,12:07:00,2024-07-16,5.0,5.0,5.0,5.0,0,0,1
FINNIFTY16JUL2426200CE.NFO,2024-07-04,12:08:00,2024-07-16,5.0,5.0,5.0,5.0,0,0,1
FINNIFTY16JUL2426200CE.NFO,2024-07-04,12:09:00,2024-07-16,5.0,5.0,5.0,5.0,0,0,1
FINNIFTY16JUL2426200CE.NFO,2024-07-04,12:10:00,2024-07-16,5.0,5.0,5.0,5.0,0,0,1
FINNIFTY16JUL2426200CE.NFO,2024-07-04,12:11:00,2024-07-16,5.0,5.0,5.0,5.0,0,0,1
FINNIFTY16JUL2426200CE.NFO,2024-07-04,12:12:00,2024-07-16,5.0,5.0,5.0,5.0,0,0,1
FINNIFTY16JUL2426200CE.NFO,2024-07-04,12:13:00,2024-07-16,5.0,5.0,5.0,5.0,0,0,1
FINNIFTY16JUL2426200CE.NFO,2024-07-04,12:14:00,2024-07-16,5.0,5.0,5.0,5.0,0,0,1
FINNIFTY16JUL2426200CE.NFO,2024-07-04,12:15:00,2024-07-16,5.0,5.0,5.0,5.0,0,0,1
FINNIFTY16JUL2426200CE.NFO,2024-07-04,12:16:00,2024-07-16,5.0,5.0,5.0,5.0,0,0,1
FINNIFTY16JUL2426200CE.NFO,2024-07-04,12:17:00,2024-07-16,5.0,5.0,5.0,5.0,0,0,1
FINNIFTY16JUL2426200CE.NFO,2024-07-04,12:18:00,2024-07-16,5.0,5.0,5.0,5.0,0,0,1
FINNIFTY16JUL2426200CE.NFO,2024-07-04,12:19:00,2024-07-16,5.0,5.0,5.0,5.0,0,0,1
FINNIFTY16JUL2426200CE.NFO,2024-07-04,12:20:00,2024-07-16,5.0,5.0,5.0,5.0,0,0,1
FINNIFTY16JUL2426200CE.NFO,2024-07-04,12:21:00,2024-07-16,5.0,5.0,5.0,5.0,0,0,1
FINNIFTY16JUL2426200CE.NFO,2024-07-04,12:22:00,2024-07-16,5.0,5.0,5.0,5.0,0,0,1
FINNIFTY16JUL2426200CE.NFO,2024-07-04,12:23:00,2024-07-16,5.0,5.0,5.0,5.0,0,0,1
FINNIFTY16JUL2426200CE.NFO,2024-07-04,12:24:00,2024-07-16,5.0,5.0,5.0,5.0,0,0,1
FINNIFTY16JUL2426200CE.NFO,2024-07-04,12:25:00,2024-07-16,5.0,5.0,5.0,5.0,0,0,1
FINNIFTY16JUL2426200CE.NFO,2024-07-04,12:26:00,2024-07-16,5.0,5.0,5.0,5.0,0,0,1
FINNIFTY16JUL2426200CE.NFO,2024-07-04,12:27:00,2024-07-16,5.0,5.0,5.0,5.0,0,0,1
FINNIFTY16JUL2426200CE.NFO,2024-07-04,12:28:00,2024-07-16,5.0,5.0,5.0,5.0,0,0,1
FINNIFTY16JUL2426200CE.NFO,2024-07-04,12:29:00,2024-07-16,5.0,5.0,5.0,5.0,0,0,1
FINNIFTY16JUL2426200CE.NFO,2024-07-04,12:30:00,2024-07-16,5.0,5.0,5.0,5.0,0,0,1
FINNIFTY16JUL2426200CE.NFO,2024-07-04,12:31:00,2024-07-16,5.0,5.0,5.0,5.0,0,0,1
FINNIFTY16JUL2426200CE.NFO,2024-07-04,12:32:00,2024-07-16,5.0,5.0,5.0,5.0,0,0,1
FINNIFTY16JUL2426200CE.NFO,2024-07-04,12:33:00,2024-07-16,5.0,5.0,5.0,5.0,0,0,1
FINNIFTY16JUL2426200CE.NFO,2024-07-04,12:34:00,2024-07-16,5.0,5.0,5.0,5.0,0,0,1
FINNIFTY16JUL2426200CE.NFO,2024-07-04,12:35:00,2024-07-16,5.0,5.0,5.0,5.0,0,0,1
FINNIFTY16JUL2426200CE.NFO,2024-07-04,12:36:00,2024-07-16,5.0,5.0,5.0,5.0,0,0,1
FINNIFTY16JUL2426200CE.NFO,2024-07-04,12:37:00,2024-07-16,5.0,5.0,5.0,5.0,0,0,1
FINNIFTY16JUL2426200CE.NFO,2024-07-04,12:38:00,2024-07-16,5.0,5.0,5.0,5.0,0,0,1
FINNIFTY16JUL2426200CE.NFO,2024-07-04,12:39:00,2024-07-16,5.0,5.0,5.0,5.0,0,0,1
FINNIFTY16JUL2426200CE.NFO,2024-07-04,12:40:00,2024-07-16,5.0,5.0,5.0,5.0,0,0,1
FINNIFTY16JUL2426200CE.NFO,2024-07-04,12:41:00,2024-07-16,5.0,5.0,5.0,5.0,0,0,1
FINNIFTY16JUL2426200CE.NFO,2024-07-04,12:42:00,2024-07-16,5.0,5.0,5.0,5.0,0,0,1
FINNIFTY16JUL2426200CE.NFO,2024-07-04,12:43:00,2024-07-16,5.0,5.0,5.0,5.0,0,0,1
FINNIFTY16JUL2426200CE.NFO,2024-07-04,12:44:00,2024-07-16,5.0,5.0,5.0,5.0,0,0,1
FINNIFTY16JUL2426200CE.NFO,2024-07-04,12:45:00,2024-07-16,5.0,5.0,5.0,5.0,0,0,1
FINNIFTY16JUL2426200CE.NFO,2024-07-04,12:46:00,2024-07-16,5.0,5.0,5.0,5.0,0,0,1
FINNIFTY16JUL2426200CE.NFO,2024-07-04,12:47:00,2024-07-16,5.0,5.0,5.0,5.0,0,0,1
FINNIFTY16JUL2426200CE.NFO,2024-07-04,12:48:00,2024-07-16,5.0,5.0,5.0,5.0,0,0,1
FINNIFTY16JUL2426200CE.NFO,2024-07-04,12:49:00,2024-07-16,5.0,5.0,5.0,5.0,0,0,1
FINNIFTY16JUL2426200CE.NFO,2024-07-04,12:50:00,2024-07-16,5.0,5.0,5.0,5.0,0,0,1
FINNIFTY16JUL2426200CE.NFO,2024-07-04,12:51:00,2024-07-16,5.0,5.0,5.0,5.0,0,0,1
FINNIFTY16JUL2426200CE.NFO,2024-07-04,12:52:00,2024-07-16,5.0,5.0,5.0,5.0,0,0,1
FINNIFTY16JUL2426200CE.NFO,2024-07-04,12:53:00,2024-07-16,5.0,5.0,5.0,5.0,0,0,1
FINNIFTY16JUL2426200CE.NFO,2024-07-04,12:54:00,2024-07-16,5.0,5.0,5.0,5.0,0,0,1
FINNIFTY16JUL2426200CE.NFO,2024-07-04,12:55:00,2024-07-16,5.0,5.0,5.0,5.0,0,0,1
FINNIFTY16JUL2426200CE.NFO,2024-07-04,12:56:00,2024-07-16,5.0,5.0,5.0,5.0,0,0,1
FINNIFTY16JUL2426200CE.NFO,2024-07-04,12:57:00,2024-07-16,5.0,5.0,5.0,5.0,0,0,1
FINNIFTY16JUL2426200CE.NFO,2024-07-04,12:58:00,2024-07-16,5.0,5.0,5.0,5.0,0,0,1
FINNIFTY16JUL2426200CE.NFO,2024-07-04,12:59:00,2024-07-16,5.0,5.0,5.0,5.0,0,0,1
FINNIFTY16JUL2426200CE.NFO,2024-07-04,13:00:00,2024-07-16,5.0,5.0,5.0,5.0,0,0,1
FINNIFTY16JUL2426200CE.NFO,2024-07-04,13:01:00,2024-07-16,5.0,5.0,5.0,5.0,0,0,1
FINNIFTY16JUL2426200CE.NFO,2024-07-04,13:02:00,2024-07-16,5.0,5.0,5.0,5.0,0,0,1
FINNIFTY16JUL2426200CE.NFO,2024-07-04,13:03:00,2024-07-16,5.0,5.0,5.0,5.0,0,0,1
FINNIFTY16JUL2426200CE.NFO,2024-07-04,13:04:00,2024-07-16,5.0,5.0,5.0,5.0,0,0,1
FINNIFTY16JUL2426200CE.NFO,2024-07-04,13:05:00,2024-07-16,5.0,5.0,5.0,5.0,0,0,1
FINNIFTY16JUL2426200CE.NFO,2024-07-04,13:06:00,2024-07-16,5.0,5.0,5.0,5.0,0,0,1
FINNIFTY16JUL2426200CE.NFO,2024-07-04,13:07:00,2024-07-16,5.0,5.0,5.0,5.0,0,0,1
FINNIFTY16JUL2426200CE.NFO,2024-07-04,13:08:00,2024-07-16,5.0,5.0,5.0,5.0,0,0,1
FINNIFTY16JUL2426200CE.NFO,2024-07-04,13:09:00,2024-07-16,5.0,5.0,5.0,5.0,0,0,1
FINNIFTY16JUL2426200CE.NFO,2024-07-04,13:10:00,2024-07-16,5.0,5.0,5.0,5.0,0,0,1
FINNIFTY16JUL2426200CE.NFO,2024-07-04,13:11:00,2024-07-16,5.0,5.0,5.0,5.0,0,0,1
FINNIFTY16JUL2426200CE.NFO,2024-07-04,13:12:00,2024-07-16,5.0,5.0,5.0,5.0,0,0,1
FINNIFTY16JUL2426200CE.NFO,2024-07-04,13:13:00,2024-07-16,5.0,5.0,5.0,5.0,0,0,1
FINNIFTY16JUL2426200CE.NFO,2024-07-04,13:14:00,2024-07-16,5.0,5.0,5.0,5.0,0,0,1
FINNIFTY16JUL2426200CE.NFO,2024-07-04,13:15:00,2024-07-16,5.0,5.0,5.0,5.0,0,0,1
FINNIFTY16JUL2426200CE.NFO,2024-07-04,13:16:00,2024-07-16,5.0,5.0,5.0,5.0,0,0,1
FINNIFTY16JUL2426200CE.NFO,2024-07-04,13:17:00,2024-07-16,5.0,5.0,5.0,5.0,0,0,1
FINNIFTY16JUL2426200CE.NFO,2024-07-04,13:18:00,2024-07-16,5.0,5.0,5.0,5.0,0,0,1
FINNIFTY16JUL2426200CE.NFO,2024-07-04,13:19:00,2024-07-16,5.0,5.0,5.0,5.0,0,0,1
FINNIFTY16JUL2426200CE.NFO,2024-07-04,13:20:00,2024-07-16,5.0,5.0,5.0,5.0,0,0,1
FINNIFTY16JUL2426200CE.NFO,2024-07-04,13:21:00,2024-07-16,5.0,5.0,5.0,5.0,0,0,1
FINNIFTY16JUL2426200CE.NFO,2024-07-04,13:22:00,2024-07-16,5.0,5.0,5.0,5.0,0,0,1
FINNIFTY16JUL2426200CE.NFO,2024-07-04,13:23:00,2024-07-16,5.0,5.0,5.0,5.0,0,0,1
FINNIFTY16JUL2426200CE.NFO,2024-07-04,13:24:00,2024-07-16,5.0,5.0,5.0,5.0,0,0,1
FINNIFTY16JUL2426200CE.NFO,2024-07-04,13:25:00,2024-07-16,5.0,5.0,5.0,5.0,0,0,1
FINNIFTY16JUL2426200CE.NFO,2024-07-04,13:26:00,2024-07-16,5.0,5.0,5.0,5.0,0,0,1
FINNIFTY16JUL2426200CE.NFO,2024-07-04,13:27:00,2024-07-16,5.0,5.0,5.0,5.0,0,0,1
FINNIFTY16JUL2426200CE.NFO,2024-07-04,13:28:00,2024-07-16,5.0,5.0,5.0,5.0,0,0,1
FINNIFTY16JUL2426200CE.NFO,2024-07-04,13:29:00,2024-07-16,5.0,5.0,5.0,5.0,0,0,1
FINNIFTY16JUL2426200CE.NFO,2024-07-04,13:30:00,2024-07-16,5.0,5.0,5.0,5.0,0,0,1
FINNIFTY16JUL2426200CE.NFO,2024-07-04,13:31:00,2024-07-16,5.0,5.0,5.0,5.0,0,0,1
FINNIFTY16JUL2426200CE.NFO,2024-07-04,13:32:00,2024-07-16,5.0,5.0,5.0,5.0,0,0,1
FINNIFTY16JUL2426200CE.NFO,2024-07-04,13:33:00,2024-07-16,5.0,5.0,5.0,5.0,0,0,1
FINNIFTY16JUL2426200CE.NFO,2024-07-04,13:34:00,2024-07-16,5.0,5.0,5.0,5.0,0,0,1
FINNIFTY16JUL2426200CE.NFO,2024-07-04,13:35:00,2024-07-16,5.0,5.0,5.0,5.0,0,0,1
FINNIFTY16JUL2426200CE.NFO,2024-07-04,13:36:00,2024-07-16,5.0,5.0,5.0,5.0,0,0,1
FINNIFTY16JUL2426200CE.NFO,2024-07-04,13:37:00,2024-07-16,5.0,5.0,5.0,5.0,0,0,1
FINNIFTY16JUL2426200CE.NFO,2024-07-04,13:38:00,2024-07-16,5.0,5.0,5.0,5.0,0,0,1
FINNIFTY16JUL2426200CE.NFO,2024-07-04,13:39:00,2024-07-16,5.0,5.0,5.0,5.0,0,0,1
FINNIFTY16JUL2426200CE.NFO,2024-07-04,13:40:00,2024-07-16,5.0,5.0,5.0,5.0,0,0,1
FINNIFTY16JUL2426200CE.NFO,2024-07-04,13:41:00,2024-07-16,5.0,5.0,5.0,5.0,0,0,1
FINNIFTY16JUL2426200CE.NFO,2024-07-04,13:42:00,2024-07-16,5.0,5.0,5.0,5.0,0,0,1
FINNIFTY16JUL2426200CE.NFO,2024-07-04,13:43:00,2024-07-16,5.0,5.0,5.0,5.0,0,0,1
FINNIFTY16JUL2426200CE.NFO,2024-07-04,13:44:00,2024-07-16,5.0,5.0,5.0,5.0,0,0,1
FINNIFTY16JUL2426200CE.NFO,2024-07-04,13:45:00,2024-07-16,5.0,5.0,5.0,5.0,0,0,1
FINNIFTY16JUL2426200CE.NFO,2024-07-04,13:46:00,2024-07-16,5.0,5.0,5.0,5.0,0,0,1
FINNIFTY16JUL2426200CE.NFO,2024-07-04,13:47:00,2024-07-16,5.0,5.0,5.0,5.0,0,0,1
FINNIFTY16JUL2426200CE.NFO,2024-07-04,13:48:00,2024-07-16,5.0,5.0,5.0,5.0,0,0,1
FINNIFTY16JUL2426200CE.NFO,2024-07-04,13:49:00,2024-07-16,5.0,5.0,5.0,5.0,0,0,1
FINNIFTY16JUL2426200CE.NFO,2024-07-04,13:50:00,2024-07-16,5.0,5.0,5.0,5.0,0,0,1
FINNIFTY16JUL2426200CE.NFO,2024-07-04,13:51:00,2024-07-16,5.0,5.0,5.0,5.0,0,0,1
FINNIFTY16JUL2426200CE.NFO,2024-07-04,13:52:00,2024-07-16,5.0,5.0,5.0,5.0,0,0,1
FINNIFTY16JUL2426200CE.NFO,2024-07-04,13:53:00,2024-07-16,5.0,5.0,5.0,5.0,0,0,1
FINNIFTY16JUL2426200CE.NFO,2024-07-04,13:54:00,2024-07-16,5.0,5.0,5.0,5.0,0,0,1
FINNIFTY16JUL2426200CE.NFO,2024-07-04,13:55:00,2024-07-16,5.0,5.0,5.0,5.0,0,0,1
FINNIFTY16JUL2426200CE.NFO,2024-07-04,13:56:00,2024-07-16,5.0,5.0,5.0,5.0,0,0,1
FINNIFTY16JUL2426200CE.NFO,2024-07-04,13:57:00,2024-07-16,5.0,5.0,5.0,5.0,0,0,1
FINNIFTY16JUL2426200CE.NFO,2024-07-04,13:58:00,2024-07-16,5.0,5.0,5.0,5.0,0,0,1
FINNIFTY16JUL2426200CE.NFO,2024-07-04,13:59:00,2024-07-16,5.0,5.0,5.0,5.0,0,0,1
FINNIFTY16JUL2426200CE.NFO,2024-07-04,14:00:00,2024-07-16,5.0,5.0,5.0,5.0,0,0,1
FINNIFTY16JUL2426200CE.NFO,2024-07-04,14:01:00,2024-07-16,5.0,5.0,5.0,5.0,0,0,1
FINNIFTY16JUL2426200CE.NFO,2024-07-04,14:02:00,2024-07-16,5.0,5.0,5.0,5.0,0,0,1
FINNIFTY16JUL2426200CE.NFO,2024-07-04,14:03:00,2024-07-16,5.0,5.0,5.0,5.0,0,0,1
FINNIFTY16JUL2426200CE.NFO,2024-07-04,14:04:00,2024-07-16,5.0,5.0,5.0,5.0,0,0,1
FINNIFTY16JUL2426200CE.NFO,2024-07-04,14:05:00,2024-07-16,5.0,5.0,5.0,5.0,0,0,1
FINNIFTY16JUL2426200CE.NFO,2024-07-04,14:06:00,2024-07-16,5.0,5.0,5.0,5.0,0,0,1
FINNIFTY16JUL2426200CE.NFO,2024-07-04,14:07:00,2024-07-16,5.0,5.0,5.0,5.0,0,0,1
FINNIFTY16JUL2426200CE.NFO,2024-07-04,14:08:00,2024-07-16,5.0,5.0,5.0,5.0,0,0,1
FINNIFTY16JUL2426200CE.NFO,2024-07-04,14:09:00,2024-07-16,5.0,5.0,5.0,5.0,0,0,1
FINNIFTY16JUL2426200CE.NFO,2024-07-04,14:10:00,2024-07-16,5.0,5.0,5.0,5.0,0,0,1
FINNIFTY16JUL2426200CE.NFO,2024-07-04,14:11:00,2024-07-16,5.0,5.0,5.0,5.0,0,0,1
FINNIFTY16JUL2426200CE.NFO,2024-07-04,14:12:00,2024-07-16,5.0,5.0,5.0,5.0,0,0,1
FINNIFTY16JUL2426200CE.NFO,2024-07-04,14:13:00,2024-07-16,5.0,5.0,5.0,5.0,0,0,1
FINNIFTY16JUL2426200CE.NFO,2024-07-04,14:14:00,2024-07-16,5.0,5.0,5.0,5.0,0,0,1
FINNIFTY16JUL2426200CE.NFO,2024-07-04,14:15:00,2024-07-16,5.0,5.0,5.0,5.0,0,0,1
FINNIFTY16JUL2426200CE.NFO,2024-07-04,14:16:00,2024-07-16,5.0,5.0,5.0,5.0,0,0,1
FINNIFTY16JUL2426200CE.NFO,2024-07-04,14:17:00,2024-07-16,5.0,5.0,5.0,5.0,0,0,1
FINNIFTY16JUL2426200CE.NFO,2024-07-04,14:18:00,2024-07-16,5.0,5.0,5.0,5.0,0,0,1
FINNIFTY16JUL2426200CE.NFO,2024-07-04,14:19:00,2024-07-16,5.0,5.0,5.0,5.0,0,0,1
FINNIFTY16JUL2426200CE.NFO,2024-07-04,14:20:00,2024-07-16,5.0,5.0,5.0,5.0,0,0,1
FINNIFTY16JUL2426200CE.NFO,2024-07-04,14:21:00,2024-07-16,5.0,5.0,5.0,5.0,0,0,1
FINNIFTY16JUL2426200CE.NFO,2024-07-04,14:22:00,2024-07-16,5.0,5.0,5.0,5.0,0,0,1
FINNIFTY16JUL2426200CE.NFO,2024-07-04,14:23:00,2024-07-16,5.0,5.0,5.0,5.0,0,0,1
FINNIFTY16JUL2426200CE.NFO,2024-07-04,14:24:00,2024-07-16,5.0,5.0,5.0,5.0,0,0,1
FINNIFTY16JUL2426200CE.NFO,2024-07-04,14:25:00,2024-07-16,5.0,5.0,5.0,5.0,0,0,1
FINNIFTY16JUL2426200CE.NFO,2024-07-04,14:26:00,2024-07-16,5.0,5.0,5.0,5.0,0,0,1
FINNIFTY16JUL2426200CE.NFO,2024-07-04,14:27:00,2024-07-16,5.0,5.0,5.0,5.0,0,0,1
FINNIFTY16JUL2426200CE.NFO,2024-07-04,14:28:00,2024-07-16,5.0,5.0,5.0,5.0,0,0,1
FINNIFTY16JUL2426200CE.NFO,2024-07-04,14:29:00,2024-07-16,5.0,5.0,5.0,5.0,0,0,1
FINNIFTY16JUL2426200CE.NFO,2024-07-04,14:30:00,2024-07-16,5.0,5.0,5.0,5.0,0,0,1
FINNIFTY16JUL2426200CE.NFO,2024-07-04,14:31:00,2024-07-16,5.0,5.0,5.0,5.0,0,0,1
FINNIFTY16JUL2426200CE.NFO,2024-07-04,14:32:00,2024-07-16,5.0,5.0,5.0,5.0,0,0,1
FINNIFTY16JUL2426200CE.NFO,2024-07-04,14:33:00,2024-07-16,5.0,5.0,5.0,5.0,0,0,1
FINNIFTY16JUL2426200CE.NFO,2024-07-04,14:34:00,2024-07-16,5.0,5.0,5.0,5.0,0,0,1
FINNIFTY16JUL2426200CE.NFO,2024-07-04,14:35:00,2024-07-16,5.0,5.0,5.0,5.0,0,0,1
FINNIFTY16JUL2426200CE.NFO,2024-07-04,14:36:00,2024-07-16,5.0,5.0,5.0,5.0,0,0,1
FINNIFTY16JUL2426200CE.NFO,2024-07-04,14:37:00,2024-07-16,5.0,5.0,5.0,5.0,0,0,1
FINNIFTY16JUL2426200CE.NFO,2024-07-04,14:38:00,2024-07-16,5.0,5.0,5.0,5.0,0,0,1
FINNIFTY16JUL2426200CE.NFO,2024-07-04,14:39:00,2024-07-16,5.0,5.0,5.0,5.0,0,0,1
FINNIFTY16JUL2426200CE.NFO,2024-07-04,14:40:00,2024-07-16,5.0,5.0,5.0,5.0,0,0,1
FINNIFTY16JUL2426200CE.NFO,2024-07-04,14:41:00,2024-07-16,5.0,5.0,5.0,5.0,0,0,1
FINNIFTY16JUL2426200CE.NFO,2024-07-04,14:42:00,2024-07-16,5.0,5.0,5.0,5.0,0,0,1
FINNIFTY16JUL2426200CE.NFO,2024-07-04,14:43:00,2024-07-16,5.0,5.0,5.0,5.0,0,0,1
FINNIFTY16JUL2426200CE.NFO,2024-07-04,14:44:00,2024-07-16,5.0,5.0,5.0,5.0,0,0,1
FINNIFTY16JUL2426200CE.NFO,2024-07-04,14:45:00,2024-07-16,5.0,5.0,5.0,5.0,0,0,1
FINNIFTY16JUL2426200CE.NFO,2024-07-04,14:46:00,2024-07-16,5.0,5.0,5.0,5.0,0,0,1
FINNIFTY16JUL2426200CE.NFO,2024-07-04,14:47:00,2024-07-16,5.0,5.0,5.0,5.0,0,0,1
FINNIFTY16JUL2426200CE.NFO,2024-07-04,14:48:00,2024-07-16,5.0,5.0,5.0,5.0,0,0,1
FINNIFTY16JUL2426200CE.NFO,2024-07-04,14:49:00,2024-07-16,5.0,5.0,5.0,5.0,0,0,1
FINNIFTY16JUL2426200CE.NFO,2024-07-04,14:50:00,2024-07-16,5.0,5.0,5.0,5.0,0,0,1
FINNIFTY16JUL2426200CE.NFO,2024-07-04,14:51:00,2024-07-16,5.0,5.0,5.0,5.0,0,0,1
FINNIFTY16JUL2426200CE.NFO,2024-07-04,14:52:00,2024-07-16,5.0,5.0,5.0,5.0,0,0,1
FINNIFTY16JUL2426200CE.NFO,2024-07-04,14:53:00,2024-07-16,5.0,5.0,5.0,5.0,0,0,1
FINNIFTY16JUL2426200CE.NFO,2024-07-04,14:54:00,2024-07-16,5.0,5.0,5.0,5.0,0,0,1
FINNIFTY16JUL2426200CE.NFO,2024-07-04,14:55:00,2024-07-16,5.0,5.0,5.0,5.0,0,0,1
FINNIFTY16JUL2426200CE.NFO,2024-07-04,14:56:00,2024-07-16,5.0,5.0,5.0,5.0,0,0,1
FINNIFTY16JUL2426200CE.NFO,2024-07-04,14:57:00,2024-07-16,5.0,5.0,5.0,5.0,0,0,1
FINNIFTY16JUL2426200CE.NFO,2024-07-04,14:58:00,2024-07-16,5.0,5.0,5.0,5.0,0,0,1
FINNIFTY16JUL2426200CE.NFO,2024-07-04,14:59:00,2024-07-16,5.0,5.0,5.0,5.0,0,0,1
FINNIFTY16JUL2426200CE.NFO,2024-07-04,15:00:00,2024-07-16,5.0,5.0,5.0,5.0,0,0,1
FINNIFTY16JUL2426200CE.NFO,2024-07-04,15:01:00,2024-07-16,5.0,5.0,5.0,5.0,0,0,1
FINNIFTY16JUL2426200CE.NFO,2024-07-04,15:02:00,2024-07-16,5.0,5.0,5.0,5.0,0,0,1
FINNIFTY16JUL2426200CE.NFO,2024-07-04,15:03:00,2024-07-16,5.0,5.0,5.0,5.0,0,0,1
FINNIFTY16JUL2426200CE.NFO,2024-07-04,15:04:00,2024-07-16,5.0,5.0,5.0,5.0,0,0,1
FINNIFTY16JUL2426200CE.NFO,2024-07-04,15:05:00,2024-07-16,5.0,5.0,5.0,5.0,0,0,1
FINNIFTY16JUL2426200CE.NFO,2024-07-04,15:06:00,2024-07-16,5.0,5.0,5.0,5.0,0,0,1
FINNIFTY16JUL2426200CE.NFO,2024-07-04,15:07:00,2024-07-16,5.0,5.0,5.0,5.0,0,0,1
FINNIFTY16JUL2426200CE.NFO,2024-07-04,15:08:00,2024-07-16,5.0,5.0,5.0,5.0,0,0,1
FINNIFTY16JUL2426200CE.NFO,2024-07-04,15:09:00,2024-07-16,5.0,5.0,5.0,5.0,0,0,1
FINNIFTY16JUL2426200CE.NFO,2024-07-04,15:10:00,2024-07-16,5.0,5.0,5.0,5.0,0,0,1
FINNIFTY16JUL2426200CE.NFO,2024-07-04,15:11:00,2024-07-16,5.0,5.0,5.0,5.0,0,0,1
FINNIFTY16JUL2426200CE.NFO,2024-07-04,15:12:00,2024-07-16,5.0,5.0,5.0,5.0,0,0,1
FINNIFTY16JUL2426200CE.NFO,2024-07-04,15:13:00,2024-07-16,5.0,5.0,5.0,5.0,0,0,1
FINNIFTY16JUL2426200CE.NFO,2024-07-04,15:14:00,2024-07-16,5.0,5.0,5.0,5.0,0,0,1
FINNIFTY16JUL2426200CE.NFO,2024-07-04,15:15:00,2024-07-16,5.0,5.0,5.0,5.0,0,0,1
FINNIFTY16JUL2426200CE.NFO,2024-07-04,15:16:00,2024-07-16,5.0,5.0,5.0,5.0,0,0,1
FINNIFTY16JUL2426200CE.NFO,2024-07-04,15:17:00,2024-07-16,5.0,5.0,5.0,5.0,0,0,1
FINNIFTY16JUL2426200CE.NFO,2024-07-04,15:18:00,2024-07-16,5.0,5.0,5.0,5.0,0,0,1
FINNIFTY16JUL2426200CE.NFO,2024-07-04,15:19:00,2024-07-16,5.0,5.0,5.0,5.0,0,0,1
FINNIFTY16JUL2426200CE.NFO,2024-07-04,15:20:00,2024-07-16,5.0,5.0,5.0,5.0,0,0,1
FINNIFTY16JUL2426200CE.NFO,2024-07-04,15:21:00,2024-07-16,5.0,5.0,5.0,5.0,0,0,1
FINNIFTY16JUL2426200CE.NFO,2024-07-04,15:22:00,2024-07-16,5.0,5.0,5.0,5.0,0,0,1
FINNIFTY16JUL2426200CE.NFO,2024-07-04,15:23:00,2024-07-16,5.0,5.0,5.0,5.0,0,0,1
FINNIFTY16JUL2426200CE.NFO,2024-07-04,15:24:00,2024-07-16,5.0,5.0,5.0,5.0,0,0,1
FINNIFTY16JUL2426200CE.NFO,2024-07-04,15:25:00,2024-07-16,5.0,5.0,5.0,5.0,0,0,1
FINNIFTY16JUL2426200CE.NFO,2024-07-04,15:26:00,2024-07-16,5.0,5.0,5.0,5.0,0,0,1
FINNIFTY16JUL2426200CE.NFO,2024-07-04,15:27:00,2024-07-16,5.0,5.0,5.0,5.0,0,0,1
FINNIFTY16JUL2426200CE.NFO,2024-07-04,15:28:00,2024-07-16,5.0,5.0,5.0,5.0,0,0,1
FINNIFTY16JUL2426200CE.NFO,2024-07-04,15:29:00,2024-07-16,5.0,5.0,5.0,5.0,0,0,1
FINNIFTY16JUL2426200CE.NFO,2024-07-04,15:30:00,2024-07-16,5.0,5.0,5.0,5.0,0,0,1
FINNIFTY16JUL2426200CE.NFO,2024-07-09,09:15:00,2024-07-16,2.0,2.0,2.0,2.0,0,0,1
FINNIFTY16JUL2426200CE.NFO,2024-07-09,09:16:00,2024-07-16,2.0,2.0,2.0,2.0,0,0,1
FINNIFTY16JUL2426200CE.NFO,2024-07-09,09:17:00,2024-07-16,2.0,2.0,2.0,2.0,0,0,1
FINNIFTY16JUL2426200CE.NFO,2024-07-09,09:18:00,2024-07-16,2.0,2.0,2.0,2.0,0,0,1
FINNIFTY16JUL2426200CE.NFO,2024-07-09,09:19:00,2024-07-16,2.0,2.0,2.0,2.0,0,0,1
FINNIFTY16JUL2426200CE.NFO,2024-07-09,09:20:00,2024-07-16,2.0,2.0,2.0,2.0,0,0,1
FINNIFTY16JUL2426200CE.NFO,2024-07-09,09:21:00,2024-07-16,2.0,2.0,2.0,2.0,0,0,1
FINNIFTY16JUL2426200CE.NFO,2024-07-09,09:22:00,2024-07-16,2.0,2.0,2.0,2.0,0,0,1
FINNIFTY16JUL2426200CE.NFO,2024-07-09,09:23:00,2024-07-16,2.0,2.0,2.0,2.0,0,0,1
FINNIFTY16JUL2426200CE.NFO,2024-07-09,09:24:00,2024-07-16,2.0,2.0,2.0,2.0,0,0,1
FINNIFTY16JUL2426200CE.NFO,2024-07-09,09:25:00,2024-07-16,2.0,2.0,2.0,2.0,0,0,1
FINNIFTY16JUL2426200CE.NFO,2024-07-09,09:26:00,2024-07-16,2.0,2.0,2.0,2.0,0,0,1
FINNIFTY16JUL2426200CE.NFO,2024-07-09,09:27:00,2024-07-16,2.0,2.0,2.0,2.0,0,0,1
FINNIFTY16JUL2426200CE.NFO,2024-07-09,09:28:00,2024-07-16,2.0,2.0,2.0,2.0,0,0,1
FINNIFTY16JUL2426200CE.NFO,2024-07-09,09:29:00,2024-07-16,2.0,2.0,2.0,2.0,0,0,1
FINNIFTY16JUL2426200CE.NFO,2024-07-09,09:30:00,2024-07-16,2.0,2.0,2.0,2.0,0,0,1
FINNIFTY16JUL2426200CE.NFO,2024-07-09,09:31:00,2024-07-16,2.0,2.0,2.0,2.0,0,0,1
FINNIFTY16JUL2426200CE.NFO,2024-07-09,09:32:00,2024-07-16,2.0,2.0,2.0,2.0,0,0,1
FINNIFTY16JUL2426200CE.NFO,2024-07-09,09:33:00,2024-07-16,2.0,2.0,2.0,2.0,0,0,1
FINNIFTY16JUL2426200CE.NFO,2024-07-09,09:34:00,2024-07-16,2.0,2.0,2.0,2.0,0,0,1
FINNIFTY16JUL2426200CE.NFO,2024-07-09,09:35:00,2024-07-16,2.0,2.0,2.0,2.0,0,0,1
FINNIFTY16JUL2426200CE.NFO,2024-07-09,09:36:00,2024-07-16,2.0,2.0,2.0,2.0,0,0,1
FINNIFTY16JUL2426200CE.NFO,2024-07-09,09:37:00,2024-07-16,2.0,2.0,2.0,2.0,0,0,1
FINNIFTY16JUL2426200CE.NFO,2024-07-09,09:38:00,2024-07-16,2.0,2.0,2.0,2.0,0,0,1
FINNIFTY16JUL2426200CE.NFO,2024-07-09,09:39:00,2024-07-16,2.0,2.0,2.0,2.0,0,0,1
FINNIFTY16JUL2426200CE.NFO,2024-07-09,09:40:00,2024-07-16,2.0,2.0,2.0,2.0,0,0,1
FINNIFTY16JUL2426200CE.NFO,2024-07-09,09:41:00,2024-07-16,2.0,2.0,2.0,2.0,0,0,1
FINNIFTY16JUL2426200CE.NFO,2024-07-09,09:42:00,2024-07-16,2.0,2.0,2.0,2.0,0,0,1
FINNIFTY16JUL2426200CE.NFO,2024-07-09,09:43:00,2024-07-16,2.0,2.0,2.0,2.0,0,0,1
FINNIFTY16JUL2426200CE.NFO,2024-07-09,09:44:00,2024-07-16,2.0,2.0,2.0,2.0,0,0,1
FINNIFTY16JUL2426200CE.NFO,2024-07-09,09:45:00,2024-07-16,2.0,2.0,2.0,2.0,0,0,1
FINNIFTY16JUL2426200CE.NFO,2024-07-09,09:46:00,2024-07-16,2.0,2.0,2.0,2.0,0,0,1
FINNIFTY16JUL2426200CE.NFO,2024-07-09,09:47:00,2024-07-16,2.0,2.0,2.0,2.0,0,0,1
FINNIFTY16JUL2426200CE.NFO,2024-07-09,09:48:00,2024-07-16,2.0,2.0,2.0,2.0,0,0,1
FINNIFTY16JUL2426200CE.NFO,2024-07-09,09:49:00,2024-07-16,2.0,2.0,2.0,2.0,0,0,1
FINNIFTY16JUL2426200CE.NFO,2024-07-09,09:50:00,2024-07-16,2.0,2.0,2.0,2.0,0,0,1
FINNIFTY16JUL2426200CE.NFO,2024-07-09,09:51:00,2024-07-16,2.0,2.0,2.0,2.0,0,0,1
FINNIFTY16JUL2426200CE.NFO,2024-07-09,09:52:00,2024-07-16,2.0,2.0,2.0,2.0,0,0,1
FINNIFTY16JUL2426200CE.NFO,2024-07-09,09:53:00,2024-07-16,2.0,2.0,2.0,2.0,0,0,1
FINNIFTY16JUL2426200CE.NFO,2024-07-09,09:54:00,2024-07-16,2.0,2.0,2.0,2.0,0,0,1
FINNIFTY16JUL2426200CE.NFO,2024-07-09,09:55:00,2024-07-16,2.0,2.0,2.0,2.0,0,0,1
FINNIFTY16JUL2426200CE.NFO,2024-07-09,09:56:00,2024-07-16,2.0,2.0,2.0,2.0,0,0,1
FINNIFTY16JUL2426200CE.NFO,2024-07-09,09:57:00,2024-07-16,2.0,2.0,2.0,2.0,0,0,1
FINNIFTY16JUL2426200CE.NFO,2024-07-09,09:58:00,2024-07-16,2.0,2.0,2.0,2.0,0,0,1
FINNIFTY16JUL2426200CE.NFO,2024-07-09,09:59:00,2024-07-16,2.0,2.0,2.0,2.0,0,0,1
FINNIFTY16JUL2426200CE.NFO,2024-07-09,10:00:00,2024-07-16,2.0,2.0,2.0,2.0,0,0,1
FINNIFTY16JUL2426200CE.NFO,2024-07-09,10:01:00,2024-07-16,2.0,2.0,2.0,2.0,0,0,1
FINNIFTY16JUL2426200CE.NFO,2024-07-09,10:02:00,2024-07-16,2.0,2.0,2.0,2.0,0,0,1
FINNIFTY16JUL2426200CE.NFO,2024-07-09,10:03:00,2024-07-16,2.0,2.0,2.0,2.0,0,0,1
FINNIFTY16JUL2426200CE.NFO,2024-07-09,10:04:00,2024-07-16,2.0,2.0,2.0,2.0,0,0,1
FINNIFTY16JUL2426200CE.NFO,2024-07-09,10:05:00,2024-07-16,2.0,2.0,2.0,2.0,0,0,1
FINNIFTY16JUL2426200CE.NFO,2024-07-09,10:06:00,2024-07-16,2.0,2.0,2.0,2.0,0,0,1
FINNIFTY16JUL2426200CE.NFO,2024-07-09,10:07:00,2024-07-16,2.0,2.0,2.0,2.0,0,0,1
FINNIFTY16JUL2426200CE.NFO,2024-07-09,10:08:00,2024-07-16,2.0,2.0,2.0,2.0,0,0,1
FINNIFTY16JUL2426200CE.NFO,2024-07-09,10:09:00,2024-07-16,2.0,2.0,2.0,2.0,0,0,1
FINNIFTY16JUL2426200CE.NFO,2024-07-09,10:10:00,2024-07-16,2.0,2.0,2.0,2.0,0,0,1
FINNIFTY16JUL2426200CE.NFO,2024-07-09,10:11:00,2024-07-16,2.0,2.0,2.0,2.0,0,0,1
FINNIFTY16JUL2426200CE.NFO,2024-07-09,10:12:00,2024-07-16,2.0,2.0,2.0,2.0,0,0,1
FINNIFTY16JUL2426200CE.NFO,2024-07-09,10:13:00,2024-07-16,2.0,2.0,2.0,2.0,0,0,1
FINNIFTY16JUL2426200CE.NFO,2024-07-09,10:14:00,2024-07-16,2.0,2.0,2.0,2.0,0,0,1
FINNIFTY16JUL2426200CE.NFO,2024-07-09,10:15:00,2024-07-16,2.0,2.0,2.0,2.0,0,0,1
FINNIFTY16JUL2426200CE.NFO,2024-07-09,10:16:00,2024-07-16,2.0,2.0,2.0,2.0,0,0,1
FINNIFTY16JUL2426200CE.NFO,2024-07-09,10:17:00,2024-07-16,2.0,2.0,2.0,2.0,0,0,1
FINNIFTY16JUL2426200CE.NFO,2024-07-09,10:18:00,2024-07-16,2.0,2.0,2.0,2.0,0,0,1
FINNIFTY16JUL2426200CE.NFO,2024-07-09,10:19:00,2024-07-16,2.0,2.0,2.0,2.0,0,0,1
FINNIFTY16JUL2426200CE.NFO,2024-07-09,10:20:00,2024-07-16,2.0,2.0,2.0,2.0,0,0,1
FINNIFTY16JUL2426200CE.NFO,2024-07-09,10:21:00,2024-07-16,2.0,2.0,2.0,2.0,0,0,1
FINNIFTY16JUL2426200CE.NFO,2024-07-09,10:22:00,2024-07-16,2.0,2.0,2.0,2.0,0,0,1
FINNIFTY16JUL2426200CE.NFO,2024-07-09,10:23:00,2024-07-16,2.0,2.0,2.0,2.0,0,0,1
FINNIFTY16JUL2426200CE.NFO,2024-07-09,10:24:00,2024-07-16,2.0,2.0,2.0,2.0,0,0,1
FINNIFTY16JUL2426200CE.NFO,2024-07-09,10:25:00,2024-07-16,2.0,2.0,2.0,2.0,0,0,1
FINNIFTY16JUL2426200CE.NFO,2024-07-09,10:26:00,2024-07-16,2.0,2.0,2.0,2.0,0,0,1
FINNIFTY16JUL2426200CE.NFO,2024-07-09,10:27:00,2024-07-16,2.0,2.0,2.0,2.0,0,0,1
FINNIFTY16JUL2426200CE.NFO,2024-07-09,10:28:00,2024-07-16,2.0,2.0,2.0,2.0,0,0,1
FINNIFTY16JUL2426200CE.NFO,2024-07-09,10:29:00,2024-07-16,2.0,2.0,2.0,2.0,0,0,1
FINNIFTY16JUL2426200CE.NFO,2024-07-09,10:30:00,2024-07-16,2.0,2.0,2.0,2.0,0,0,1
FINNIFTY16JUL2426200CE.NFO,2024-07-09,10:31:00,2024-07-16,2.0,2.0,2.0,2.0,0,0,1
FINNIFTY16JUL2426200CE.NFO,2024-07-09,10:32:00,2024-07-16,2.0,2.0,2.0,2.0,0,0,1
FINNIFTY16JUL2426200CE.NFO,2024-07-09,10:33:00,2024-07-16,2.0,2.0,2.0,2.0,0,0,1
FINNIFTY16JUL2426200CE.NFO,2024-07-09,10:34:00,2024-07-16,2.0,2.0,2.0,2.0,0,0,1
FINNIFTY16JUL2426200CE.NFO,2024-07-09,10:35:00,2024-07-16,2.0,2.0,2.0,2.0,0,0,1
FINNIFTY16JUL2426200CE.NFO,2024-07-09,10:36:00,2024-07-16,2.0,2.0,2.0,2.0,0,0,1
FINNIFTY16JUL2426200CE.NFO,2024-07-09,10:37:00,2024-07-16,2.0,2.0,2.0,2.0,0,0,1
FINNIFTY16JUL2426200CE.NFO,2024-07-09,10:38:00,2024-07-16,2.0,2.0,2.0,2.0,0,0,1
FINNIFTY16JUL2426200CE.NFO,2024-07-09,10:39:00,2024-07-16,2.0,2.0,2.0,2.0,0,0,1
FINNIFTY16JUL2426200CE.NFO,2024-07-09,10:40:00,2024-07-16,2.0,2.0,2.0,2.0,0,0,1
FINNIFTY16JUL2426200CE.NFO,2024-07-09,10:41:00,2024-07-16,2.0,2.0,2.0,2.0,0,0,0
FINNIFTY16JUL2426200CE.NFO,2024-07-09,10:42:00,2024-07-16,2.0,2.0,2.0,2.0,0,0,0
FINNIFTY16JUL2426200CE.NFO,2024-07-09,10:43:00,2024-07-16,2.0,2.0,2.0,2.0,0,0,0
FINNIFTY16JUL2426200CE.NFO,2024-07-09,10:44:00,2024-07-16,2.0,2.0,2.0,2.0,0,0,1
FINNIFTY16JUL2426200CE.NFO,2024-07-09,10:45:00,2024-07-16,2.0,2.0,2.0,2.0,0,0,1
FINNIFTY16JUL2426200CE.NFO,2024-07-09,10:46:00,2024-07-16,2.0,2.0,2.0,2.0,0,0,1
FINNIFTY16JUL2426200CE.NFO,2024-07-09,10:47:00,2024-07-16,2.0,2.0,2.0,2.0,0,0,1
FINNIFTY16JUL2426200CE.NFO,2024-07-09,10:48:00,2024-07-16,2.0,2.0,2.0,2.0,0,0,1
FINNIFTY16JUL2426200CE.NFO,2024-07-09,10:49:00,2024-07-16,2.0,2.0,2.0,2.0,0,0,1
FINNIFTY16JUL2426200CE.NFO,2024-07-09,10:50:00,2024-07-16,2.0,2.0,2.0,2.0,0,0,0
FINNIFTY16JUL2426200CE.NFO,2024-07-09,10:51:00,2024-07-16,2.0,2.0,2.0,2.0,0,0,0
FINNIFTY16JUL2426200CE.NFO,2024-07-09,10:52:00,2024-07-16,2.0,2.0,2.0,2.0,0,0,1
FINNIFTY16JUL2426200CE.NFO,2024-07-09,10:53:00,2024-07-16,2.0,2.0,2.0,2.0,0,0,1
FINNIFTY16JUL2426200CE.NFO,2024-07-09,10:54:00,2024-07-16,2.0,2.0,2.0,2.0,0,0,1
FINNIFTY16JUL2426200CE.NFO,2024-07-09,10:55:00,2024-07-16,2.0,2.0,2.0,2.0,0,0,1
FINNIFTY16JUL2426200CE.NFO,2024-07-09,10:56:00,2024-07-16,2.0,2.0,2.0,2.0,0,0,0
FINNIFTY16JUL2426200CE.NFO,2024-07-09,10:57:00,2024-07-16,2.0,2.0,2.0,2.0,0,0,1
FINNIFTY16JUL2426200CE.NFO,2024-07-09,10:58:00,2024-07-16,2.0,2.0,2.0,2.0,0,0,0
FINNIFTY16JUL2426200CE.NFO,2024-07-09,10:59:00,2024-07-16,2.0,2.0,2.0,2.0,0,0,1
FINNIFTY16JUL2426200CE.NFO,2024-07-09,11:00:00,2024-07-16,2.0,2.0,2.0,2.0,0,0,1
FINNIFTY16JUL2426200CE.NFO,2024-07-09,11:01:00,2024-07-16,2.0,2.0,2.0,2.0,0,0,1
FINNIFTY16JUL2426200CE.NFO,2024-07-09,11:02:00,2024-07-16,2.0,2.0,2.0,2.0,0,0,1
FINNIFTY16JUL2426200CE.NFO,2024-07-09,11:03:00,2024-07-16,2.0,2.0,2.0,2.0,0,0,1
FINNIFTY16JUL2426200CE.NFO,2024-07-09,11:04:00,2024-07-16,2.0,2.0,2.0,2.0,0,0,1
FINNIFTY16JUL2426200CE.NFO,2024-07-09,11:05:00,2024-07-16,2.0,2.0,2.0,2.0,0,0,1
FINNIFTY16JUL2426200CE.NFO,2024-07-09,11:06:00,2024-07-16,2.0,2.0,2.0,2.0,0,0,1
FINNIFTY16JUL2426200CE.NFO,2024-07-09,11:07:00,2024-07-16,2.0,2.0,2.0,2.0,0,0,0
FINNIFTY16JUL2426200CE.NFO,2024-07-09,11:08:00,2024-07-16,2.0,2.0,2.0,2.0,0,0,0
FINNIFTY16JUL2426200CE.NFO,2024-07-09,11:09:00,2024-07-16,2.0,2.0,2.0,2.0,0,0,1
FINNIFTY16JUL2426200CE.NFO,2024-07-09,11:10:00,2024-07-16,2.0,2.0,2.0,2.0,0,0,1
FINNIFTY16JUL2426200CE.NFO,2024-07-09,11:11:00,2024-07-16,2.0,2.0,2.0,2.0,0,0,1
FINNIFTY16JUL2426200CE.NFO,2024-07-09,11:12:00,2024-07-16,2.0,2.0,2.0,2.0,0,0,1
FINNIFTY16JUL2426200CE.NFO,2024-07-09,11:13:00,2024-07-16,2.0,2.0,2.0,2.0,0,0,1
FINNIFTY16JUL2426200CE.NFO,2024-07-09,11:14:00,2024-07-16,2.0,2.0,2.0,2.0,0,0,1
FINNIFTY16JUL2426200CE.NFO,2024-07-09,11:15:00,2024-07-16,2.0,2.0,2.0,2.0,0,0,1
FINNIFTY16JUL2426200CE.NFO,2024-07-09,11:16:00,2024-07-16,1.5,1.5,1.5,1.5,0,40,0
FINNIFTY16JUL2426200CE.NFO,2024-07-09,11:17:00,2024-07-16,1.5,1.7,1.5,1.7,80,40,0
FINNIFTY16JUL2426200CE.NFO,2024-07-09,11:18:00,2024-07-16,1.7,1.7,1.7,1.7,80,40,1
FINNIFTY16JUL2426200CE.NFO,2024-07-09,11:19:00,2024-07-16,1.7,1.7,1.7,1.7,80,40,1
FINNIFTY16JUL2426200CE.NFO,2024-07-09,11:20:00,2024-07-16,1.7,1.7,1.7,1.7,80,40,1
FINNIFTY16JUL2426200CE.NFO,2024-07-09,11:21:00,2024-07-16,1.7,1.7,1.7,1.7,0,40,0
FINNIFTY16JUL2426200CE.NFO,2024-07-09,11:22:00,2024-07-16,1.7,1.7,1.7,1.7,0,40,0
FINNIFTY16JUL2426200CE.NFO,2024-07-09,11:23:00,2024-07-16,1.7,1.7,1.7,1.7,0,40,1
FINNIFTY16JUL2426200CE.NFO,2024-07-09,11:24:00,2024-07-16,1.7,1.7,1.7,1.7,0,40,1
FINNIFTY16JUL2426200CE.NFO,2024-07-09,11:25:00,2024-07-16,1.7,1.7,1.7,1.7,0,40,1
FINNIFTY16JUL2426200CE.NFO,2024-07-09,11:26:00,2024-07-16,1.7,1.7,1.7,1.7,0,40,1
FINNIFTY16JUL2426200CE.NFO,2024-07-09,11:27:00,2024-07-16,1.7,1.7,1.7,1.7,0,40,1
FINNIFTY16JUL2426200CE.NFO,2024-07-09,11:28:00,2024-07-16,1.7,1.7,1.7,1.7,0,40,1
FINNIFTY16JUL2426200CE.NFO,2024-07-09,11:29:00,2024-07-16,1.7,1.7,1.7,1.7,0,40,1
FINNIFTY16JUL2426200CE.NFO,2024-07-09,11:30:00,2024-07-16,1.7,1.7,1.7,1.7,0,40,1
FINNIFTY16JUL2426200CE.NFO,2024-07-09,11:31:00,2024-07-16,1.7,1.7,1.7,1.7,0,40,1
FINNIFTY16JUL2426200CE.NFO,2024-07-09,11:32:00,2024-07-16,1.7,1.7,1.7,1.7,0,40,1
FINNIFTY16JUL2426200CE.NFO,2024-07-09,11:33:00,2024-07-16,1.7,1.7,1.7,1.7,0,40,1
FINNIFTY16JUL2426200CE.NFO,2024-07-09,11:34:00,2024-07-16,1.7,1.7,1.7,1.7,0,40,1
FINNIFTY16JUL2426200CE.NFO,2024-07-09,11:35:00,2024-07-16,1.7,1.7,1.7,1.7,0,40,1
FINNIFTY16JUL2426200CE.NFO,2024-07-09,11:36:00,2024-07-16,1.7,1.7,1.7,1.7,0,40,1
FINNIFTY16JUL2426200CE.NFO,2024-07-09,11:37:00,2024-07-16,1.7,1.7,1.7,1.7,0,40,1
FINNIFTY16JUL2426200CE.NFO,2024-07-09,11:38:00,2024-07-16,1.7,1.7,1.7,1.7,0,40,1
FINNIFTY16JUL2426200CE.NFO,2024-07-09,11:39:00,2024-07-16,1.8,1.8,1.8,1.8,320,80,0
FINNIFTY16JUL2426200CE.NFO,2024-07-09,11:40:00,2024-07-16,1.8,1.8,1.8,1.8,0,80,0
FINNIFTY16JUL2426200CE.NFO,2024-07-09,11:41:00,2024-07-16,1.8,1.8,1.8,1.8,0,80,1
FINNIFTY16JUL2426200CE.NFO,2024-07-09,11:42:00,2024-07-16,1.8,1.8,1.8,1.8,0,80,1
FINNIFTY16JUL2426200CE.NFO,2024-07-09,11:43:00,2024-07-16,1.8,1.8,1.8,1.8,0,80,1
FINNIFTY16JUL2426200CE.NFO,2024-07-09,11:44:00,2024-07-16,1.8,1.8,1.8,1.8,0,80,0
FINNIFTY16JUL2426200CE.NFO,2024-07-09,11:45:00,2024-07-16,1.8,1.8,1.8,1.8,0,80,1
FINNIFTY16JUL2426200CE.NFO,2024-07-09,11:46:00,2024-07-16,1.8,1.8,1.8,1.8,0,80,1
FINNIFTY16JUL2426200CE.NFO,2024-07-09,11:47:00,2024-07-16,1.8,1.8,1.8,1.8,0,80,1
FINNIFTY16JUL2426200CE.NFO,2024-07-09,11:48:00,2024-07-16,1.8,1.8,1.8,1.8,0,80,1
FINNIFTY16JUL2426200CE.NFO,2024-07-09,11:49:00,2024-07-16,1.8,1.8,1.8,1.8,0,80,1
FINNIFTY16JUL2426200CE.NFO,2024-07-09,11:50:00,2024-07-16,1.8,1.8,1.8,1.8,0,80,1
FINNIFTY16JUL2426200CE.NFO,2024-07-09,11:51:00,2024-07-16,1.8,1.8,1.8,1.8,0,80,0
FINNIFTY16JUL2426200CE.NFO,2024-07-09,11:52:00,2024-07-16,1.8,1.8,1.8,1.8,0,80,0
FINNIFTY16JUL2426200CE.NFO,2024-07-09,11:53:00,2024-07-16,1.8,1.8,1.8,1.8,0,80,1
FINNIFTY16JUL2426200CE.NFO,2024-07-09,11:54:00,2024-07-16,1.8,1.8,1.8,1.8,0,80,0
FINNIFTY16JUL2426200CE.NFO,2024-07-09,11:55:00,2024-07-16,1.8,1.8,1.8,1.8,0,80,1
FINNIFTY16JUL2426200CE.NFO,2024-07-09,11:56:00,2024-07-16,1.8,1.8,1.8,1.8,0,80,1
FINNIFTY16JUL2426200CE.NFO,2024-07-09,11:57:00,2024-07-16,1.8,1.8,1.8,1.8,0,80,1
FINNIFTY16JUL2426200CE.NFO,2024-07-09,11:58:00,2024-07-16,1.8,1.8,1.8,1.8,0,80,1
FINNIFTY16JUL2426200CE.NFO,2024-07-09,11:59:00,2024-07-16,1.8,1.8,1.8,1.8,0,80,1
FINNIFTY16JUL2426200CE.NFO,2024-07-09,12:00:00,2024-07-16,1.8,1.8,1.8,1.8,0,80,0
FINNIFTY16JUL2426200CE.NFO,2024-07-09,12:01:00,2024-07-16,1.8,1.8,1.8,1.8,0,80,1
FINNIFTY16JUL2426200CE.NFO,2024-07-09,12:02:00,2024-07-16,1.8,1.8,1.8,1.8,0,80,1
FINNIFTY16JUL2426200CE.NFO,2024-07-09,12:03:00,2024-07-16,1.8,1.8,1.8,1.8,0,80,1
FINNIFTY16JUL2426200CE.NFO,2024-07-09,12:04:00,2024-07-16,1.8,1.8,1.8,1.8,0,80,1
FINNIFTY16JUL2426200CE.NFO,2024-07-09,12:05:00,2024-07-16,1.8,1.8,1.8,1.8,0,80,1
FINNIFTY16JUL2426200CE.NFO,2024-07-09,12:06:00,2024-07-16,1.8,1.8,1.8,1.8,0,80,1
FINNIFTY16JUL2426200CE.NFO,2024-07-09,12:07:00,2024-07-16,1.8,1.8,1.8,1.8,0,80,1
FINNIFTY16JUL2426200CE.NFO,2024-07-09,12:08:00,2024-07-16,1.8,1.8,1.8,1.8,0,80,0
FINNIFTY16JUL2426200CE.NFO,2024-07-09,12:09:00,2024-07-16,1.8,1.8,1.8,1.8,0,80,1
FINNIFTY16JUL2426200CE.NFO,2024-07-09,12:10:00,2024-07-16,1.8,1.8,1.8,1.8,0,80,1
FINNIFTY16JUL2426200CE.NFO,2024-07-09,12:11:00,2024-07-16,1.8,1.8,1.8,1.8,0,80,1
FINNIFTY16JUL2426200CE.NFO,2024-07-09,12:12:00,2024-07-16,1.8,1.8,1.8,1.8,0,80,0
FINNIFTY16JUL2426200CE.NFO,2024-07-09,12:13:00,2024-07-16,1.8,1.8,1.8,1.8,0,80,1
FINNIFTY16JUL2426200CE.NFO,2024-07-09,12:14:00,2024-07-16,1.8,1.8,1.8,1.8,0,80,1
FINNIFTY16JUL2426200CE.NFO,2024-07-09,12:15:00,2024-07-16,1.8,1.8,1.8,1.8,0,400,0
FINNIFTY16JUL2426200CE.NFO,2024-07-09,12:16:00,2024-07-16,1.8,1.8,1.8,1.8,40,400,0
FINNIFTY16JUL2426200CE.NFO,2024-07-09,12:17:00,2024-07-16,1.8,1.8,1.8,1.8,40,400,1
FINNIFTY16JUL2426200CE.NFO,2024-07-09,12:18:00,2024-07-16,1.8,1.8,1.8,1.8,40,400,1
FINNIFTY16JUL2426200CE.NFO,2024-07-09,12:19:00,2024-07-16,1.8,1.8,1.8,1.8,0,400,0
FINNIFTY16JUL2426200CE.NFO,2024-07-09,12:20:00,2024-07-16,1.8,1.8,1.8,1.8,0,400,0
FINNIFTY16JUL2426200CE.NFO,2024-07-09,12:21:00,2024-07-16,1.8,1.8,1.8,1.8,0,400,1
FINNIFTY16JUL2426200CE.NFO,2024-07-09,12:22:00,2024-07-16,1.8,1.8,1.8,1.8,0,400,1
FINNIFTY16JUL2426200CE.NFO,2024-07-09,12:23:00,2024-07-16,1.8,1.8,1.8,1.8,0,400,1
FINNIFTY16JUL2426200CE.NFO,2024-07-09,12:24:00,2024-07-16,1.8,1.8,1.8,1.8,0,400,1
FINNIFTY16JUL2426200CE.NFO,2024-07-09,12:25:00,2024-07-16,1.8,1.8,1.8,1.8,0,400,1
FINNIFTY16JUL2426200CE.NFO,2024-07-09,12:26:00,2024-07-16,1.8,1.8,1.8,1.8,0,400,1
FINNIFTY16JUL2426200CE.NFO,2024-07-09,12:27:00,2024-07-16,1.8,1.8,1.8,1.8,0,400,1
FINNIFTY16JUL2426200CE.NFO,2024-07-09,12:28:00,2024-07-16,1.8,1.8,1.8,1.8,0,400,1
FINNIFTY16JUL2426200CE.NFO,2024-07-09,12:29:00,2024-07-16,1.8,1.8,1.8,1.8,0,400,1
FINNIFTY16JUL2426200CE.NFO,2024-07-09,12:30:00,2024-07-16,1.8,1.8,1.8,1.8,0,400,1
FINNIFTY16JUL2426200CE.NFO,2024-07-09,12:31:00,2024-07-16,1.8,1.8,1.8,1.8,0,400,0
FINNIFTY16JUL2426200CE.NFO,2024-07-09,12:32:00,2024-07-16,1.8,1.8,1.8,1.8,0,400,1
FINNIFTY16JUL2426200CE.NFO,2024-07-09,12:33:00,2024-07-16,1.8,1.8,1.8,1.8,0,400,1
FINNIFTY16JUL2426200CE.NFO,2024-07-09,12:34:00,2024-07-16,1.8,1.8,1.8,1.8,0,400,1
FINNIFTY16JUL2426200CE.NFO,2024-07-09,12:35:00,2024-07-16,1.8,1.8,1.8,1.8,0,400,1
FINNIFTY16JUL2426200CE.NFO,2024-07-09,12:36:00,2024-07-16,1.8,1.8,1.8,1.8,0,400,1
FINNIFTY16JUL2426200CE.NFO,2024-07-09,12:37:00,2024-07-16,1.8,1.8,1.8,1.8,0,400,1
FINNIFTY16JUL2426200CE.NFO,2024-07-09,12:38:00,2024-07-16,1.8,1.8,1.8,1.8,0,400,1
FINNIFTY16JUL2426200CE.NFO,2024-07-09,12:39:00,2024-07-16,1.8,1.8,1.8,1.8,0,400,1
FINNIFTY16JUL2426200CE.NFO,2024-07-09,12:40:00,2024-07-16,1.8,1.8,1.8,1.8,0,400,0
FINNIFTY16JUL2426200CE.NFO,2024-07-09,12:41:00,2024-07-16,1.8,1.8,1.8,1.8,0,400,1
FINNIFTY16JUL2426200CE.NFO,2024-07-09,12:42:00,2024-07-16,1.8,1.8,1.8,1.8,0,400,1
FINNIFTY16JUL2426200CE.NFO,2024-07-09,12:43:00,2024-07-16,1.8,1.8,1.8,1.8,0,400,0
FINNIFTY16JUL2426200CE.NFO,2024-07-09,12:44:00,2024-07-16,1.8,1.8,1.8,1.8,0,400,1
FINNIFTY16JUL2426200CE.NFO,2024-07-09,12:45:00,2024-07-16,1.8,1.8,1.8,1.8,0,400,0
FINNIFTY16JUL2426200CE.NFO,2024-07-09,12:46:00,2024-07-16,1.8,1.8,1.8,1.8,0,400,0
FINNIFTY16JUL2426200CE.NFO,2024-07-09,12:47:00,2024-07-16,1.8,1.8,1.8,1.8,0,400,0
FINNIFTY16JUL2426200CE.NFO,2024-07-09,12:48:00,2024-07-16,1.8,1.8,1.8,1.8,0,400,1
FINNIFTY16JUL2426200CE.NFO,2024-07-09,12:49:00,2024-07-16,1.8,1.8,1.8,1.8,0,400,1
FINNIFTY16JUL2426200CE.NFO,2024-07-09,12:50:00,2024-07-16,1.8,1.8,1.8,1.8,0,400,1
FINNIFTY16JUL2426200CE.NFO,2024-07-09,12:51:00,2024-07-16,1.8,1.8,1.8,1.8,0,400,0
FINNIFTY16JUL2426200CE.NFO,2024-07-09,12:52:00,2024-07-16,1.8,1.8,1.8,1.8,0,400,0
FINNIFTY16JUL2426200CE.NFO,2024-07-09,12:53:00,2024-07-16,1.8,1.8,1.8,1.8,0,400,0
FINNIFTY16JUL2426200CE.NFO,2024-07-09,12:54:00,2024-07-16,1.8,1.8,1.8,1.8,0,400,0
FINNIFTY16JUL2426200CE.NFO,2024-07-09,12:55:00,2024-07-16,1.8,1.8,1.8,1.8,0,400,0
FINNIFTY16JUL2426200CE.NFO,2024-07-09,12:56:00,2024-07-16,1.8,1.8,1.8,1.8,0,400,0
FINNIFTY16JUL2426200CE.NFO,2024-07-09,12:57:00,2024-07-16,1.8,1.8,1.8,1.8,0,400,0
FINNIFTY16JUL2426200CE.NFO,2024-07-09,12:58:00,2024-07-16,1.8,1.8,1.8,1.8,0,400,0
FINNIFTY16JUL2426200CE.NFO,2024-07-09,12:59:00,2024-07-16,1.8,1.8,1.8,1.8,0,400,0
FINNIFTY16JUL2426200CE.NFO,2024-07-09,13:00:00,2024-07-16,1.8,1.8,1.8,1.8,0,400,0
FINNIFTY16JUL2426200CE.NFO,2024-07-09,13:01:00,2024-07-16,1.8,1.8,1.8,1.8,0,400,0
FINNIFTY16JUL2426200CE.NFO,2024-07-09,13:02:00,2024-07-16,1.8,1.8,1.8,1.8,0,400,1
FINNIFTY16JUL2426200CE.NFO,2024-07-09,13:03:00,2024-07-16,1.8,1.8,1.8,1.8,0,400,1
FINNIFTY16JUL2426200CE.NFO,2024-07-09,13:04:00,2024-07-16,1.8,1.8,1.8,1.8,0,400,1
FINNIFTY16JUL2426200CE.NFO,2024-07-09,13:05:00,2024-07-16,1.8,1.8,1.8,1.8,0,400,0
FINNIFTY16JUL2426200CE.NFO,2024-07-09,13:06:00,2024-07-16,1.8,1.8,1.8,1.8,0,400,0
FINNIFTY16JUL2426200CE.NFO,2024-07-09,13:07:00,2024-07-16,1.8,1.8,1.8,1.8,0,400,0
FINNIFTY16JUL2426200CE.NFO,2024-07-09,13:08:00,2024-07-16,1.8,1.8,1.8,1.8,0,400,0
FINNIFTY16JUL2426200CE.NFO,2024-07-09,13:09:00,2024-07-16,1.8,1.8,1.8,1.8,0,400,0
FINNIFTY16JUL2426200CE.NFO,2024-07-09,13:10:00,2024-07-16,1.8,1.8,1.8,1.8,0,400,0
FINNIFTY16JUL2426200CE.NFO,2024-07-09,13:11:00,2024-07-16,1.8,1.8,1.8,1.8,0,400,0
FINNIFTY16JUL2426200CE.NFO,2024-07-09,13:12:00,2024-07-16,1.8,1.8,1.8,1.8,0,400,0
FINNIFTY16JUL2426200CE.NFO,2024-07-09,13:13:00,2024-07-16,1.8,1.8,1.8,1.8,0,400,0
FINNIFTY16JUL2426200CE.NFO,2024-07-09,13:14:00,2024-07-16,1.8,1.8,1.8,1.8,0,400,0
FINNIFTY16JUL2426200CE.NFO,2024-07-09,13:15:00,2024-07-16,1.8,1.8,1.8,1.8,80,400,0
FINNIFTY16JUL2426200CE.NFO,2024-07-09,13:16:00,2024-07-16,1.8,1.8,1.8,1.8,0,400,0
FINNIFTY16JUL2426200CE.NFO,2024-07-09,13:17:00,2024-07-16,1.8,1.8,1.8,1.8,0,400,0
FINNIFTY16JUL2426200CE.NFO,2024-07-09,13:18:00,2024-07-16,1.8,1.8,1.8,1.8,0,400,0
FINNIFTY16JUL2426200CE.NFO,2024-07-09,13:19:00,2024-07-16,1.8,1.8,1.8,1.8,0,400,0
FINNIFTY16JUL2426200CE.NFO,2024-07-09,13:20:00,2024-07-16,1.8,1.8,1.8,1.8,0,400,1
FINNIFTY16JUL2426200CE.NFO,2024-07-09,13:21:00,2024-07-16,1.8,1.8,1.8,1.8,0,400,1
FINNIFTY16JUL2426200CE.NFO,2024-07-09,13:22:00,2024-07-16,1.8,1.8,1.8,1.8,0,400,1
FINNIFTY16JUL2426200CE.NFO,2024-07-09,13:23:00,2024-07-16,1.8,1.8,1.8,1.8,0,400,0
FINNIFTY16JUL2426200CE.NFO,2024-07-09,13:24:00,2024-07-16,1.8,1.8,1.8,1.8,0,400,0
FINNIFTY16JUL2426200CE.NFO,2024-07-09,13:25:00,2024-07-16,1.8,1.8,1.8,1.8,0,400,0
FINNIFTY16JUL2426200CE.NFO,2024-07-09,13:26:00,2024-07-16,1.8,1.8,1.8,1.8,0,400,0
FINNIFTY16JUL2426200CE.NFO,2024-07-09,13:27:00,2024-07-16,1.8,1.8,1.8,1.8,0,400,0
FINNIFTY16JUL2426200CE.NFO,2024-07-09,13:28:00,2024-07-16,1.8,1.8,1.8,1.8,0,400,0
FINNIFTY16JUL2426200CE.NFO,2024-07-09,13:29:00,2024-07-16,1.8,1.8,1.8,1.8,0,400,0
FINNIFTY16JUL2426200CE.NFO,2024-07-09,13:30:00,2024-07-16,1.8,1.8,1.8,1.8,0,400,0
FINNIFTY16JUL2426200CE.NFO,2024-07-09,13:31:00,2024-07-16,1.8,1.8,1.8,1.8,0,400,0
FINNIFTY16JUL2426200CE.NFO,2024-07-09,13:32:00,2024-07-16,1.8,1.8,1.8,1.8,0,400,0
FINNIFTY16JUL2426200CE.NFO,2024-07-09,13:33:00,2024-07-16,1.8,1.8,1.8,1.8,0,400,0
FINNIFTY16JUL2426200CE.NFO,2024-07-09,13:34:00,2024-07-16,1.8,1.8,1.8,1.8,0,400,0
FINNIFTY16JUL2426200CE.NFO,2024-07-09,13:35:00,2024-07-16,1.8,1.8,1.8,1.8,0,400,0
FINNIFTY16JUL2426200CE.NFO,2024-07-09,13:36:00,2024-07-16,1.8,1.8,1.8,1.8,0,400,0
FINNIFTY16JUL2426200CE.NFO,2024-07-09,13:37:00,2024-07-16,1.8,1.8,1.8,1.8,0,400,0
FINNIFTY16JUL2426200CE.NFO,2024-07-09,13:38:00,2024-07-16,1.8,1.8,1.8,1.8,0,400,0
FINNIFTY16JUL2426200CE.NFO,2024-07-09,13:39:00,2024-07-16,1.8,1.8,1.8,1.8,0,400,1
FINNIFTY16JUL2426200CE.NFO,2024-07-09,13:40:00,2024-07-16,1.8,1.8,1.8,1.8,0,400,1
FINNIFTY16JUL2426200CE.NFO,2024-07-09,13:41:00,2024-07-16,1.8,1.8,1.8,1.8,0,400,0
FINNIFTY16JUL2426200CE.NFO,2024-07-09,13:42:00,2024-07-16,1.8,1.8,1.8,1.8,0,400,1
FINNIFTY16JUL2426200CE.NFO,2024-07-09,13:43:00,2024-07-16,1.8,1.8,1.8,1.8,0,400,1
FINNIFTY16JUL2426200CE.NFO,2024-07-09,13:44:00,2024-07-16,1.8,1.8,1.8,1.8,0,400,1
FINNIFTY16JUL2426200CE.NFO,2024-07-09,13:45:00,2024-07-16,1.8,1.8,1.8,1.8,0,400,1
FINNIFTY16JUL2426200CE.NFO,2024-07-09,13:46:00,2024-07-16,1.8,1.8,1.8,1.8,0,400,0
FINNIFTY16JUL2426200CE.NFO,2024-07-09,13:47:00,2024-07-16,1.8,1.8,1.8,1.8,0,400,0
FINNIFTY16JUL2426200CE.NFO,2024-07-09,13:48:00,2024-07-16,1.8,1.8,1.8,1.8,0,400,1
FINNIFTY16JUL2426200CE.NFO,2024-07-09,13:49:00,2024-07-16,1.8,1.8,1.8,1.8,0,400,1
FINNIFTY16JUL2426200CE.NFO,2024-07-09,13:50:00,2024-07-16,1.8,1.8,1.8,1.8,0,400,1
FINNIFTY16JUL2426200CE.NFO,2024-07-09,13:51:00,2024-07-16,1.8,1.8,1.8,1.8,0,400,1
FINNIFTY16JUL2426200CE.NFO,2024-07-09,13:52:00,2024-07-16,1.8,1.8,1.8,1.8,0,400,1
FINNIFTY16JUL2426200CE.NFO,2024-07-09,13:53:00,2024-07-16,1.8,1.8,1.8,1.8,0,400,0
FINNIFTY16JUL2426200CE.NFO,2024-07-09,13:54:00,2024-07-16,1.8,1.8,1.8,1.8,0,400,1
FINNIFTY16JUL2426200CE.NFO,2024-07-09,13:55:00,2024-07-16,1.8,1.8,1.8,1.8,0,400,1
FINNIFTY16JUL2426200CE.NFO,2024-07-09,13:56:00,2024-07-16,1.8,1.8,1.8,1.8,0,400,1
FINNIFTY16JUL2426200CE.NFO,2024-07-09,13:57:00,2024-07-16,1.8,1.8,1.8,1.8,0,400,1
FINNIFTY16JUL2426200CE.NFO,2024-07-09,13:58:00,2024-07-16,1.8,1.8,1.8,1.8,0,400,1
FINNIFTY16JUL2426200CE.NFO,2024-07-09,13:59:00,2024-07-16,1.8,1.8,1.8,1.8,0,400,1
FINNIFTY16JUL2426200CE.NFO,2024-07-09,14:00:00,2024-07-16,1.8,1.8,1.8,1.8,0,400,0
FINNIFTY16JUL2426200CE.NFO,2024-07-09,14:01:00,2024-07-16,1.8,1.8,1.8,1.8,0,400,1
FINNIFTY16JUL2426200CE.NFO,2024-07-09,14:02:00,2024-07-16,1.8,1.8,1.8,1.8,0,400,0
FINNIFTY16JUL2426200CE.NFO,2024-07-09,14:03:00,2024-07-16,1.8,1.8,1.8,1.8,0,400,1
FINNIFTY16JUL2426200CE.NFO,2024-07-09,14:04:00,2024-07-16,1.8,1.8,1.8,1.8,0,400,1
FINNIFTY16JUL2426200CE.NFO,2024-07-09,14:05:00,2024-07-16,1.8,1.8,1.8,1.8,0,400,1
FINNIFTY16JUL2426200CE.NFO,2024-07-09,14:06:00,2024-07-16,1.8,1.8,1.8,1.8,0,400,0
FINNIFTY16JUL2426200CE.NFO,2024-07-09,14:07:00,2024-07-16,1.8,1.8,1.8,1.8,0,400,1
FINNIFTY16JUL2426200CE.NFO,2024-07-09,14:08:00,2024-07-16,1.8,1.8,1.8,1.8,0,400,1
FINNIFTY16JUL2426200CE.NFO,2024-07-09,14:09:00,2024-07-16,1.8,1.8,1.8,1.8,0,400,1
FINNIFTY16JUL2426200CE.NFO,2024-07-09,14:10:00,2024-07-16,1.8,1.8,1.8,1.8,0,400,1
FINNIFTY16JUL2426200CE.NFO,2024-07-09,14:11:00,2024-07-16,1.8,1.8,1.8,1.8,0,400,1
FINNIFTY16JUL2426200CE.NFO,2024-07-09,14:12:00,2024-07-16,1.8,1.8,1.8,1.8,0,400,0
FINNIFTY16JUL2426200CE.NFO,2024-07-09,14:13:00,2024-07-16,1.8,1.8,1.8,1.8,0,400,0
FINNIFTY16JUL2426200CE.NFO,2024-07-09,14:14:00,2024-07-16,1.8,1.8,1.8,1.8,0,400,1
FINNIFTY16JUL2426200CE.NFO,2024-07-09,14:15:00,2024-07-16,1.8,1.8,1.8,1.8,0,400,1
FINNIFTY16JUL2426200CE.NFO,2024-07-09,14:16:00,2024-07-16,1.8,1.8,1.8,1.8,0,400,1
FINNIFTY16JUL2426200CE.NFO,2024-07-09,14:17:00,2024-07-16,1.8,1.8,1.8,1.8,0,400,1
FINNIFTY16JUL2426200CE.NFO,2024-07-09,14:18:00,2024-07-16,1.8,1.8,1.8,1.8,0,400,0
FINNIFTY16JUL2426200CE.NFO,2024-07-09,14:19:00,2024-07-16,1.8,1.8,1.8,1.8,0,400,0
FINNIFTY16JUL2426200CE.NFO,2024-07-09,14:20:00,2024-07-16,1.8,1.8,1.8,1.8,0,400,1
FINNIFTY16JUL2426200CE.NFO,2024-07-09,14:21:00,2024-07-16,1.8,1.8,1.8,1.8,0,400,1
FINNIFTY16JUL2426200CE.NFO,2024-07-09,14:22:00,2024-07-16,1.8,1.8,1.8,1.8,0,400,0
FINNIFTY16JUL2426200CE.NFO,2024-07-09,14:23:00,2024-07-16,1.8,1.8,1.8,1.8,0,400,0
FINNIFTY16JUL2426200CE.NFO,2024-07-09,14:24:00,2024-07-16,1.8,1.8,1.8,1.8,0,400,1
FINNIFTY16JUL2426200CE.NFO,2024-07-09,14:25:00,2024-07-16,1.8,1.8,1.8,1.8,0,400,1
FINNIFTY16JUL2426200CE.NFO,2024-07-09,14:26:00,2024-07-16,1.8,1.8,1.8,1.8,0,400,1
FINNIFTY16JUL2426200CE.NFO,2024-07-09,14:27:00,2024-07-16,1.8,1.8,1.8,1.8,0,400,1
FINNIFTY16JUL2426200CE.NFO,2024-07-09,14:28:00,2024-07-16,1.8,1.8,1.8,1.8,0,400,1
FINNIFTY16JUL2426200CE.NFO,2024-07-09,14:29:00,2024-07-16,1.8,1.8,1.8,1.8,0,400,1
FINNIFTY16JUL2426200CE.NFO,2024-07-09,14:30:00,2024-07-16,1.8,1.8,1.8,1.8,0,400,0
FINNIFTY16JUL2426200CE.NFO,2024-07-09,14:31:00,2024-07-16,1.8,1.8,1.8,1.8,0,400,1
FINNIFTY16JUL2426200CE.NFO,2024-07-09,14:32:00,2024-07-16,1.8,1.8,1.8,1.8,0,400,0
FINNIFTY16JUL2426200CE.NFO,2024-07-09,14:33:00,2024-07-16,1.8,1.8,1.8,1.8,0,400,1
FINNIFTY16JUL2426200CE.NFO,2024-07-09,14:34:00,2024-07-16,1.8,1.8,1.8,1.8,0,400,1
FINNIFTY16JUL2426200CE.NFO,2024-07-09,14:35:00,2024-07-16,1.8,1.8,1.8,1.8,0,400,1
FINNIFTY16JUL2426200CE.NFO,2024-07-09,14:36:00,2024-07-16,1.8,1.8,1.8,1.8,0,400,1
FINNIFTY16JUL2426200CE.NFO,2024-07-09,14:37:00,2024-07-16,1.75,1.75,1.75,1.75,80,480,0
FINNIFTY16JUL2426200CE.NFO,2024-07-09,14:38:00,2024-07-16,1.75,1.75,1.75,1.75,0,480,0
FINNIFTY16JUL2426200CE.NFO,2024-07-09,14:39:00,2024-07-16,1.75,1.75,1.75,1.75,0,480,1
FINNIFTY16JUL2426200CE.NFO,2024-07-09,14:40:00,2024-07-16,1.75,1.75,1.75,1.75,0,480,1
FINNIFTY16JUL2426200CE.NFO,2024-07-09,14:41:00,2024-07-16,1.75,1.75,1.75,1.75,0,480,0
FINNIFTY16JUL2426200CE.NFO,2024-07-09,14:42:00,2024-07-16,1.75,1.75,1.75,1.75,0,480,1
FINNIFTY16JUL2426200CE.NFO,2024-07-09,14:43:00,2024-07-16,1.75,1.75,1.75,1.75,0,480,1
FINNIFTY16JUL2426200CE.NFO,2024-07-09,14:44:00,2024-07-16,1.75,1.75,1.75,1.75,0,480,1
FINNIFTY16JUL2426200CE.NFO,2024-07-09,14:45:00,2024-07-16,1.75,1.75,1.75,1.75,0,480,1
FINNIFTY16JUL2426200CE.NFO,2024-07-09,14:46:00,2024-07-16,1.75,1.75,1.75,1.75,0,480,1
FINNIFTY16JUL2426200CE.NFO,2024-07-09,14:47:00,2024-07-16,1.75,1.75,1.75,1.75,0,480,0
FINNIFTY16JUL2426200CE.NFO,2024-07-09,14:48:00,2024-07-16,1.75,1.75,1.75,1.75,0,480,1
FINNIFTY16JUL2426200CE.NFO,2024-07-09,14:49:00,2024-07-16,1.75,1.75,1.75,1.75,0,480,1
FINNIFTY16JUL2426200CE.NFO,2024-07-09,14:50:00,2024-07-16,1.75,1.75,1.75,1.75,0,480,0
FINNIFTY16JUL2426200CE.NFO,2024-07-09,14:51:00,2024-07-16,1.75,1.75,1.75,1.75,0,480,1
FINNIFTY16JUL2426200CE.NFO,2024-07-09,14:52:00,2024-07-16,1.75,1.75,1.75,1.75,0,480,0
FINNIFTY16JUL2426200CE.NFO,2024-07-09,14:53:00,2024-07-16,1.75,1.75,1.75,1.75,0,480,0
FINNIFTY16JUL2426200CE.NFO,2024-07-09,14:54:00,2024-07-16,1.75,1.75,1.75,1.75,0,480,1
FINNIFTY16JUL2426200CE.NFO,2024-07-09,14:55:00,2024-07-16,1.75,1.75,1.75,1.75,0,480,0
FINNIFTY16JUL2426200CE.NFO,2024-07-09,14:56:00,2024-07-16,1.75,1.75,1.75,1.75,0,480,0
FINNIFTY16JUL2426200CE.NFO,2024-07-09,14:57:00,2024-07-16,1.75,1.75,1.75,1.75,0,480,1
FINNIFTY16JUL2426200CE.NFO,2024-07-09,14:58:00,2024-07-16,1.75,1.75,1.75,1.75,0,480,1
FINNIFTY16JUL2426200CE.NFO,2024-07-09,14:59:00,2024-07-16,1.75,1.75,1.75,1.75,0,480,1
FINNIFTY16JUL2426200CE.NFO,2024-07-09,15:00:00,2024-07-16,1.75,1.75,1.75,1.75,0,480,1
FINNIFTY16JUL2426200CE.NFO,2024-07-09,15:01:00,2024-07-16,1.75,1.75,1.75,1.75,0,480,0
FINNIFTY16JUL2426200CE.NFO,2024-07-09,15:02:00,2024-07-16,1.75,1.75,1.75,1.75,0,480,0
FINNIFTY16JUL2426200CE.NFO,2024-07-09,15:03:00,2024-07-16,1.75,1.75,1.75,1.75,0,480,0
FINNIFTY16JUL2426200CE.NFO,2024-07-09,15:04:00,2024-07-16,1.75,1.75,1.75,1.75,0,480,0
FINNIFTY16JUL2426200CE.NFO,2024-07-09,15:05:00,2024-07-16,1.75,1.75,1.75,1.75,0,480,1
FINNIFTY16JUL2426200CE.NFO,2024-07-09,15:06:00,2024-07-16,1.75,1.75,1.75,1.75,0,480,1
FINNIFTY16JUL2426200CE.NFO,2024-07-09,15:07:00,2024-07-16,1.75,1.75,1.75,1.75,0,480,0
FINNIFTY16JUL2426200CE.NFO,2024-07-09,15:08:00,2024-07-16,1.75,1.75,1.75,1.75,0,480,1
FINNIFTY16JUL2426200CE.NFO,2024-07-09,15:09:00,2024-07-16,1.75,1.75,1.75,1.75,0,480,1
FINNIFTY16JUL2426200CE.NFO,2024-07-09,15:10:00,2024-07-16,1.75,1.75,1.75,1.75,0,480,1
FINNIFTY16JUL2426200CE.NFO,2024-07-09,15:11:00,2024-07-16,1.75,1.75,1.75,1.75,0,480,1
FINNIFTY16JUL2426200CE.NFO,2024-07-09,15:12:00,2024-07-16,1.75,1.75,1.75,1.75,0,480,0
FINNIFTY16JUL2426200CE.NFO,2024-07-09,15:13:00,2024-07-16,1.75,1.75,1.75,1.75,0,480,0
FINNIFTY16JUL2426200CE.NFO,2024-07-09,15:14:00,2024-07-16,1.75,1.75,1.75,1.75,0,480,0
FINNIFTY16JUL2426200CE.NFO,2024-07-09,15:15:00,2024-07-16,1.75,1.75,1.75,1.75,0,480,0
FINNIFTY16JUL2426200CE.NFO,2024-07-09,15:16:00,2024-07-16,1.75,1.75,1.75,1.75,0,480,1
FINNIFTY16JUL2426200CE.NFO,2024-07-09,15:17:00,2024-07-16,1.75,1.75,1.75,1.75,0,480,0
FINNIFTY16JUL2426200CE.NFO,2024-07-09,15:18:00,2024-07-16,1.75,1.75,1.75,1.75,0,480,1
FINNIFTY16JUL2426200CE.NFO,2024-07-09,15:19:00,2024-07-16,1.75,1.75,1.75,1.75,0,480,1
FINNIFTY16JUL2426200CE.NFO,2024-07-09,15:20:00,2024-07-16,1.75,1.75,1.75,1.75,0,480,1
FINNIFTY16JUL2426200CE.NFO,2024-07-09,15:21:00,2024-07-16,1.75,1.75,1.75,1.75,0,480,1
FINNIFTY16JUL2426200CE.NFO,2024-07-09,15:22:00,2024-07-16,1.75,1.75,1.75,1.75,0,480,0
FINNIFTY16JUL2426200CE.NFO,2024-07-09,15:23:00,2024-07-16,1.75,1.75,1.75,1.75,0,480,1
FINNIFTY16JUL2426200CE.NFO,2024-07-09,15:24:00,2024-07-16,1.75,1.75,1.75,1.75,0,480,1
FINNIFTY16JUL2426200CE.NFO,2024-07-09,15:25:00,2024-07-16,1.8,1.8,1.8,1.8,0,520,0
FINNIFTY16JUL2426200CE.NFO,2024-07-09,15:26:00,2024-07-16,1.8,1.8,1.8,1.8,80,520,0
FINNIFTY16JUL2426200CE.NFO,2024-07-09,15:27:00,2024-07-16,1.8,1.8,1.8,1.8,0,520,0
FINNIFTY16JUL2426200CE.NFO,2024-07-09,15:28:00,2024-07-16,1.8,1.8,1.8,1.8,0,520,1
FINNIFTY16JUL2426200CE.NFO,2024-07-09,15:29:00,2024-07-16,1.8,1.8,1.8,1.8,0,520,0
FINNIFTY16JUL2426200CE.NFO,2024-07-09,15:30:00,2024-07-16,1.8,1.8,1.8,1.8,0,520,1
FINNIFTY16JUL2426200CE.NFO,2024-07-10,09:15:00,2024-07-16,1.8,2.05,1.1,1.95,120,680,0
FINNIFTY16JUL2426200CE.NFO,2024-07-10,09:16:00,2024-07-16,1.95,2.35,1.55,2.0,3280,680,0
FINNIFTY16JUL2426200CE.NFO,2024-07-10,09:17:00,2024-07-16,2.0,2.15,1.5,2.15,4680,680,0
FINNIFTY16JUL2426200CE.NFO,2024-07-10,09:18:00,2024-07-16,2.15,2.15,1.8,1.8,1760,8600,0
FINNIFTY16JUL2426200CE.NFO,2024-07-10,09:19:00,2024-07-16,1.8,1.95,1.8,1.95,720,8600,0
FINNIFTY16JUL2426200CE.NFO,2024-07-10,09:20:00,2024-07-16,1.95,1.95,1.6,1.6,600,8600,0
FINNIFTY16JUL2426200CE.NFO,2024-07-10,09:21:00,2024-07-16,1.6,1.9,1.6,1.7,600,10480,0
FINNIFTY16JUL2426200CE.NFO,2024-07-10,09:22:00,2024-07-16,1.7,1.95,1.7,1.85,1000,10480,0
FINNIFTY16JUL2426200CE.NFO,2024-07-10,09:23:00,2024-07-16,1.85,1.85,1.75,1.85,800,10480,0
FINNIFTY16JUL2426200CE.NFO,2024-07-10,09:24:00,2024-07-16,1.85,1.9,1.85,1.9,440,12720,0
FINNIFTY16JUL2426200CE.NFO,2024-07-10,09:25:00,2024-07-16,1.9,1.9,1.9,1.9,0,12720,0
FINNIFTY16JUL2426200CE.NFO,2024-07-10,09:26:00,2024-07-16,1.9,1.9,1.7,1.8,1040,12720,0
FINNIFTY16JUL2426200CE.NFO,2024-07-10,09:27:00,2024-07-16,1.8,1.8,1.7,1.7,280,14640,0
FINNIFTY16JUL2426200CE.NFO,2024-07-10,09:28:00,2024-07-16,1.7,1.75,1.7,1.75,120,14640,0
FINNIFTY16JUL2426200CE.NFO,2024-07-10,09:29:00,2024-07-16,1.75,1.75,1.75,1.75,120,14640,1
FINNIFTY16JUL2426200CE.NFO,2024-07-10,09:30:00,2024-07-16,1.75,1.75,1.6,1.6,0,14640,0
FINNIFTY16JUL2426200CE.NFO,2024-07-10,09:31:00,2024-07-16,1.6,1.6,1.6,1.6,0,14640,0
FINNIFTY16JUL2426200CE.NFO,2024-07-10,09:32:00,2024-07-16,1.6,1.6,1.6,1.6,0,14640,0
FINNIFTY16JUL2426200CE.NFO,2024-07-10,09:33:00,2024-07-16,1.6,1.6,1.55,1.55,3440,15840,0
FINNIFTY16JUL2426200CE.NFO,2024-07-10,09:34:00,2024-07-16,1.55,1.55,1.45,1.5,2360,15840,0
FINNIFTY16JUL2426200CE.NFO,2024-07-10,09:35:00,2024-07-16,1.5,1.5,1.5,1.5,0,15840,0
FINNIFTY16JUL2426200CE.NFO,2024-07-10,09:36:00,2024-07-16,1.5,1.5,1.35,1.5,4640,18000,0
FINNIFTY16JUL2426200CE.NFO,2024-07-10,09:37:00,2024-07-16,1.5,1.6,1.5,1.6,0,18000,0
FINNIFTY16JUL2426200CE.NFO,2024-07-10,09:38:00,2024-07-16,1.6,1.7,1.6,1.7,1360,18000,0
FINNIFTY16JUL2426200CE.NFO,2024-07-10,09:39:00,2024-07-16,1.7,1.7,1.7,1.7,0,18000,0
FINNIFTY16JUL2426200CE.NFO,2024-07-10,09:40:00,2024-07-16,1.7,1.7,1.7,1.7,0,18000,0
FINNIFTY16JUL2426200CE.NFO,2024-07-10,09:41:00,2024-07-16,1.7,1.7,1.7,1.7,0,18000,0
FINNIFTY16JUL2426200CE.NFO,2024-07-10,09:42:00,2024-07-16,1.7,1.7,1.7,1.7,0,18000,0
FINNIFTY16JUL2426200CE.NFO,2024-07-10,09:43:00,2024-07-16,1.7,1.7,1.7,1.7,0,18000,0
FINNIFTY16JUL2426200CE.NFO,2024-07-10,09:44:00,2024-07-16,1.7,1.7,1.7,1.7,0,18000,1
FINNIFTY16JUL2426200CE.NFO,2024-07-10,09:45:00,2024-07-16,1.45,1.5,1.45,1.5,840,19480,0
FINNIFTY16JUL2426200CE.NFO,2024-07-10,09:46:00,2024-07-16,1.5,1.5,1.5,1.5,0,19480,0
FINNIFTY16JUL2426200CE.NFO,2024-07-10,09:47:00,2024-07-16,1.5,1.6,1.4,1.4,0,19880,0
FINNIFTY16JUL2426200CE.NFO,2024-07-10,09:48:00,2024-07-16,1.4,1.4,1.1,1.1,9440,19880,0
FINNIFTY16JUL2426200CE.NFO,2024-07-10,09:49:00,2024-07-16,1.1,1.4,1.1,1.4,160,17160,0
FINNIFTY16JUL2426200CE.NFO,2024-07-10,09:50:00,2024-07-16,1.4,1.4,1.4,1.4,0,17160,0
FINNIFTY16JUL2426200CE.NFO,2024-07-10,09:51:00,2024-07-16,1.4,1.4,1.4,1.4,160,17320,0
FINNIFTY16JUL2426200CE.NFO,2024-07-10,09:52:00,2024-07-16,1.4,1.4,1.4,1.4,160,17320,0
FINNIFTY16JUL2426200CE.NFO,2024-07-10,09:53:00,2024-07-16,1.4,1.4,1.4,1.4,0,17320,0
FINNIFTY16JUL2426200CE.NFO,2024-07-10,09:54:00,2024-07-16,1.4,1.4,1.4,1.4,0,17320,0
FINNIFTY16JUL2426200CE.NFO,2024-07-10,09:55:00,2024-07-16,1.4,1.4,1.4,1.4,0,17320,1
FINNIFTY16JUL2426200CE.NFO,2024-07-10,09:56:00,2024-07-16,1.4,1.4,1.4,1.4,0,17320,0
FINNIFTY16JUL2426200CE.NFO,2024-07-10,09:57:00,2024-07-16,1.4,1.4,1.3,1.3,0,15080,0
FINNIFTY16JUL2426200CE.NFO,2024-07-10,09:58:00,2024-07-16,1.3,1.3,1.3,1.3,0,15080,0
FINNIFTY16JUL2426200CE.NFO,2024-07-10,09:59:00,2024-07-16,1.3,1.35,1.3,1.35,80,15080,0
FINNIFTY16JUL2426200CE.NFO,2024-07-10,10:00:00,2024-07-16,1.35,1.35,1.3,1.3,880,14760,0
FINNIFTY16JUL2426200CE.NFO,2024-07-10,10:01:00,2024-07-16,1.3,1.35,1.3,1.35,160,14760,0
FINNIFTY16JUL2426200CE.NFO,2024-07-10,10:02:00,2024-07-16,1.35,1.35,1.35,1.35,160,14760,0
FINNIFTY16JUL2426200CE.NFO,2024-07-10,10:03:00,2024-07-16,1.35,1.35,1.35,1.35,160,14600,0
FINNIFTY16JUL2426200CE.NFO,2024-07-10,10:04:00,2024-07-16,1.35,1.35,1.25,1.25,0,14600,0
FINNIFTY16JUL2426200CE.NFO,2024-07-10,10:05:00,2024-07-16,1.25,1.25,1.25,1.25,0,14600,0
FINNIFTY16JUL2426200CE.NFO,2024-07-10,10:06:00,2024-07-16,1.25,1.35,1.25,1.35,440,14400,0
FINNIFTY16JUL2426200CE.NFO,2024-07-10,10:07:00,2024-07-16,1.35,1.35,1.25,1.25,400,14400,0
FINNIFTY16JUL2426200CE.NFO,2024-07-10,10:08:00,2024-07-16,1.25,1.3,1.2,1.2,1360,14400,0
FINNIFTY16JUL2426200CE.NFO,2024-07-10,10:09:00,2024-07-16,1.2,1.25,1.2,1.25,40,14400,0
FINNIFTY16JUL2426200CE.NFO,2024-07-10,10:10:00,2024-07-16,1.25,1.25,1.25,1.25,0,14160,0
FINNIFTY16JUL2426200CE.NFO,2024-07-10,10:11:00,2024-07-16,1.25,1.25,1.2,1.2,240,14160,0
FINNIFTY16JUL2426200CE.NFO,2024-07-10,10:12:00,2024-07-16,1.2,1.2,1.2,1.2,0,14160,0
FINNIFTY16JUL2426200CE.NFO,2024-07-10,10:13:00,2024-07-16,1.2,1.2,1.2,1.2,0,14880,0
FINNIFTY16JUL2426200CE.NFO,2024-07-10,10:14:00,2024-07-16,1.2,1.2,1.15,1.2,40,14880,0
FINNIFTY16JUL2426200CE.NFO,2024-07-10,10:15:00,2024-07-16,1.2,1.2,1.15,1.2,0,14880,0
FINNIFTY16JUL2426200CE.NFO,2024-07-10,10:16:00,2024-07-16,1.2,1.2,1.15,1.15,840,15360,0
FINNIFTY16JUL2426200CE.NFO,2024-07-10,10:17:00,2024-07-16,1.15,1.2,1.15,1.15,280,15360,0
FINNIFTY16JUL2426200CE.NFO,2024-07-10,10:18:00,2024-07-16,1.15,1.15,1.15,1.15,0,15360,0
FINNIFTY16JUL2426200CE.NFO,2024-07-10,10:19:00,2024-07-16,1.15,1.15,1.15,1.15,0,15360,0
FINNIFTY16JUL2426200CE.NFO,2024-07-10,10:20:00,2024-07-16,1.15,1.2,1.15,1.2,120,15360,0
FINNIFTY16JUL2426200CE.NFO,2024-07-10,10:21:00,2024-07-16,1.2,1.2,1.2,1.2,0,15360,0
FINNIFTY16JUL2426200CE.NFO,2024-07-10,10:22:00,2024-07-16,1.2,1.2,1.2,1.2,0,15360,0
FINNIFTY16JUL2426200CE.NFO,2024-07-10,10:23:00,2024-07-16,1.2,1.2,1.2,1.2,0,15360,0
FINNIFTY16JUL2426200CE.NFO,2024-07-10,10:24:00,2024-07-16,1.2,1.2,1.2,1.2,0,15360,0
FINNIFTY16JUL2426200CE.NFO,2024-07-10,10:25:00,2024-07-16,1.2,1.2,1.2,1.2,0,15360,0
FINNIFTY16JUL2426200CE.NFO,2024-07-10,10:26:00,2024-07-16,1.2,1.2,1.1,1.1,200,15360,0
FINNIFTY16JUL2426200CE.NFO,2024-07-10,10:27:00,2024-07-16,1.1,1.2,1.1,1.2,320,15360,0
FINNIFTY16JUL2426200CE.NFO,2024-07-10,10:28:00,2024-07-16,1.2,1.2,1.2,1.2,320,15360,1
FINNIFTY16JUL2426200CE.NFO,2024-07-10,10:29:00,2024-07-16,1.2,1.2,1.2,1.2,160,14960,0
FINNIFTY16JUL2426200CE.NFO,2024-07-10,10:30:00,2024-07-16,1.15,1.2,1.15,1.2,320,14480,0
FINNIFTY16JUL2426200CE.NFO,2024-07-10,10:31:00,2024-07-16,1.2,1.2,1.15,1.15,0,14480,0
FINNIFTY16JUL2426200CE.NFO,2024-07-10,10:32:00,2024-07-16,1.1,1.15,1.05,1.05,2640,14480,0
FINNIFTY16JUL2426200CE.NFO,2024-07-10,10:33:00,2024-07-16,1.05,1.05,1.05,1.05,0,14480,0
FINNIFTY16JUL2426200CE.NFO,2024-07-10,10:34:00,2024-07-16,1.05,1.15,1.05,1.05,920,16200,0
FINNIFTY16JUL2426200CE.NFO,2024-07-10,10:35:00,2024-07-16,1.05,1.15,1.05,1.05,2160,16200,0
FINNIFTY16JUL2426200CE.NFO,2024-07-10,10:36:00,2024-07-16,1.05,1.05,0.95,1.0,1600,15240,0
FINNIFTY16JUL2426200CE.NFO,2024-07-10,10:37:00,2024-07-16,1.0,1.0,0.95,1.0,1200,15240,0
FINNIFTY16JUL2426200CE.NFO,2024-07-10,10:38:00,2024-07-16,1.0,1.0,1.0,1.0,3680,15240,0
FINNIFTY16JUL2426200CE.NFO,2024-07-10,10:39:00,2024-07-16,1.0,1.1,1.0,1.1,400,15240,0
FINNIFTY16JUL2426200CE.NFO,2024-07-10,10:40:00,2024-07-16,1.1,1.1,1.1,1.1,80,14240,0
FINNIFTY16JUL2426200CE.NFO,2024-07-10,10:41:00,2024-07-16,1.1,1.1,1.1,1.1,0,14240,0
FINNIFTY16JUL2426200CE.NFO,2024-07-10,10:42:00,2024-07-16,1.1,1.1,1.1,1.1,0,14240,1
FINNIFTY16JUL2426200CE.NFO,2024-07-10,10:43:00,2024-07-16,1.1,1.1,1.1,1.1,0,14240,0
FINNIFTY16JUL2426200CE.NFO,2024-07-10,10:44:00,2024-07-16,1.1,1.1,1.1,1.1,0,14240,0
FINNIFTY16JUL2426200CE.NFO,2024-07-10,10:45:00,2024-07-16,1.1,1.1,1.1,1.1,800,14240,0
FINNIFTY16JUL2426200CE.NFO,2024-07-10,10:46:00,2024-07-16,1.1,1.1,1.05,1.05,680,14520,0
FINNIFTY16JUL2426200CE.NFO,2024-07-10,10:47:00,2024-07-16,1.05,1.05,1.05,1.05,0,14520,0
FINNIFTY16JUL2426200CE.NFO,2024-07-10,10:48:00,2024-07-16,1.05,1.1,1.05,1.1,760,14040,0
FINNIFTY16JUL2426200CE.NFO,2024-07-10,10:49:00,2024-07-16,1.1,1.1,1.1,1.1,1280,14040,0
FINNIFTY16JUL2426200CE.NFO,2024-07-10,10:50:00,2024-07-16,1.1,1.1,1.1,1.1,0,14040,0
FINNIFTY16JUL2426200CE.NFO,2024-07-10,10:51:00,2024-07-16,1.1,1.1,1.1,1.1,0,14040,0
FINNIFTY16JUL2426200CE.NFO,2024-07-10,10:52:00,2024-07-16,1.1,1.1,1.1,1.1,920,13680,0
FINNIFTY16JUL2426200CE.NFO,2024-07-10,10:53:00,2024-07-16,1.1,1.1,1.1,1.1,0,13680,0
FINNIFTY16JUL2426200CE.NFO,2024-07-10,10:54:00,2024-07-16,1.1,1.1,1.1,1.1,200,13680,0
FINNIFTY16JUL2426200CE.NFO,2024-07-10,10:55:00,2024-07-16,1.1,1.1,1.1,1.1,0,13680,0
FINNIFTY16JUL2426200CE.NFO,2024-07-10,10:56:00,2024-07-16,1.1,1.2,1.1,1.2,120,13840,0
FINNIFTY16JUL2426200CE.NFO,2024-07-10,10:57:00,2024-07-16,1.2,1.2,1.2,1.2,0,13840,0
FINNIFTY16JUL2426200CE.NFO,2024-07-10,10:58:00,2024-07-16,1.2,1.2,1.2,1.2,200,13960,0
FINNIFTY16JUL2426200CE.NFO,2024-07-10,10:59:00,2024-07-16,1.2,1.2,1.2,1.2,0,13960,0
FINNIFTY16JUL2426200CE.NFO,2024-07-10,11:00:00,2024-07-16,1.2,1.2,1.2,1.2,0,13960,0
FINNIFTY16JUL2426200CE.NFO,2024-07-10,11:01:00,2024-07-16,1.2,1.2,1.2,1.2,0,13960,0
FINNIFTY16JUL2426200CE.NFO,2024-07-10,11:02:00,2024-07-16,1.2,1.2,1.2,1.2,0,13960,0
FINNIFTY16JUL2426200CE.NFO,2024-07-10,11:03:00,2024-07-16,1.2,1.2,1.2,1.2,0,13960,0
FINNIFTY16JUL2426200CE.NFO,2024-07-10,11:04:00,2024-07-16,1.2,1.2,1.2,1.2,0,13960,0
FINNIFTY16JUL2426200CE.NFO,2024-07-10,11:05:00,2024-07-16,1.2,1.2,1.2,1.2,0,13960,0
FINNIFTY16JUL2426200CE.NFO,2024-07-10,11:06:00,2024-07-16,1.2,1.2,1.2,1.2,0,13960,0
FINNIFTY16JUL2426200CE.NFO,2024-07-10,11:07:00,2024-07-16,1.2,1.2,1.2,1.2,0,13960,0
FINNIFTY16JUL2426200CE.NFO,2024-07-10,11:08:00,2024-07-16,1.2,1.2,1.2,1.2,0,13960,0
FINNIFTY16JUL2426200CE.NFO,2024-07-10,11:09:00,2024-07-16,1.15,1.15,1.1,1.1,440,14200,0
FINNIFTY16JUL2426200CE.NFO,2024-07-10,11:10:00,2024-07-16,1.1,1.1,1.05,1.05,200,14040,0
FINNIFTY16JUL2426200CE.NFO,2024-07-10,11:11:00,2024-07-16,1.05,1.05,1.0,1.05,680,14040,0
FINNIFTY16JUL2426200CE.NFO,2024-07-10,11:12:00,2024-07-16,1.05,1.15,1.05,1.1,80,13320,0
FINNIFTY16JUL2426200CE.NFO,2024-07-10,11:13:00,2024-07-16,1.1,1.2,1.1,1.2,440,13320,0
FINNIFTY16JUL2426200CE.NFO,2024-07-10,11:14:00,2024-07-16,1.2,1.2,1.2,1.2,120,13320,0
FINNIFTY16JUL2426200CE.NFO,2024-07-10,11:15:00,2024-07-16,1.2,1.2,1.2,1.2,0,13320,0
FINNIFTY16JUL2426200CE.NFO,2024-07-10,11:16:00,2024-07-16,1.2,1.2,1.2,1.2,320,13560,0
FINNIFTY16JUL2426200CE.NFO,2024-07-10,11:17:00,2024-07-16,1.2,1.2,1.2,1.2,280,13560,0
FINNIFTY16JUL2426200CE.NFO,2024-07-10,11:18:00,2024-07-16,1.2,1.2,1.2,1.2,1320,13560,0
FINNIFTY16JUL2426200CE.NFO,2024-07-10,11:19:00,2024-07-16,1.2,1.2,1.2,1.2,2240,15080,0
FINNIFTY16JUL2426200CE.NFO,2024-07-10,11:20:00,2024-07-16,1.2,1.4,1.2,1.4,80,15080,0
FINNIFTY16JUL2426200CE.NFO,2024-07-10,11:21:00,2024-07-16,1.4,1.4,1.25,1.35,120,15080,0
FINNIFTY16JUL2426200CE.NFO,2024-07-10,11:22:00,2024-07-16,1.35,1.35,1.35,1.35,0,15080,0
FINNIFTY16JUL2426200CE.NFO,2024-07-10,11:23:00,2024-07-16,1.35,1.35,1.35,1.35,0,15080,0
FINNIFTY16JUL2426200CE.NFO,2024-07-10,11:24:00,2024-07-16,1.35,1.35,1.35,1.35,0,15080,0
FINNIFTY16JUL2426200CE.NFO,2024-07-10,11:25:00,2024-07-16,1.35,1.35,1.35,1.35,0,15080,0
FINNIFTY16JUL2426200CE.NFO,2024-07-10,11:26:00,2024-07-16,1.35,1.35,1.35,1.35,0,15080,0
FINNIFTY16JUL2426200CE.NFO,2024-07-10,11:27:00,2024-07-16,1.35,1.35,1.35,1.35,0,15080,0
FINNIFTY16JUL2426200CE.NFO,2024-07-10,11:28:00,2024-07-16,1.25,1.3,1.2,1.25,520,15440,0
FINNIFTY16JUL2426200CE.NFO,2024-07-10,11:29:00,2024-07-16,1.25,1.3,1.25,1.3,0,15440,0
FINNIFTY16JUL2426200CE.NFO,2024-07-10,11:30:00,2024-07-16,1.3,1.3,1.25,1.3,200,15800,0
FINNIFTY16JUL2426200CE.NFO,2024-07-10,11:31:00,2024-07-16,1.3,1.3,1.3,1.3,200,15800,1
FINNIFTY16JUL2426200CE.NFO,2024-07-10,11:32:00,2024-07-16,1.3,1.3,1.3,1.3,200,15800,1
FINNIFTY16JUL2426200CE.NFO,2024-07-10,11:33:00,2024-07-16,1.3,1.3,1.3,1.3,200,15800,1
FINNIFTY16JUL2426200CE.NFO,2024-07-10,11:34:00,2024-07-16,1.35,1.35,1.35,1.35,0,15560,0
FINNIFTY16JUL2426200CE.NFO,2024-07-10,11:35:00,2024-07-16,1.35,1.35,1.35,1.35,160,15560,0
FINNIFTY16JUL2426200CE.NFO,2024-07-10,11:36:00,2024-07-16,1.35,1.35,1.35,1.35,40,15560,0
FINNIFTY16JUL2426200CE.NFO,2024-07-10,11:37:00,2024-07-16,1.35,1.35,1.35,1.35,40,15560,1
FINNIFTY16JUL2426200CE.NFO,2024-07-10,11:38:00,2024-07-16,1.35,1.35,1.35,1.35,0,15560,0
FINNIFTY16JUL2426200CE.NFO,2024-07-10,11:39:00,2024-07-16,1.35,1.35,1.35,1.35,0,15560,0
FINNIFTY16JUL2426200CE.NFO,2024-07-10,11:40:00,2024-07-16,1.35,1.35,1.35,1.35,0,15560,0
FINNIFTY16JUL2426200CE.NFO,2024-07-10,11:41:00,2024-07-16,1.3,1.3,1.3,1.3,0,15560,0
FINNIFTY16JUL2426200CE.NFO,2024-07-10,11:42:00,2024-07-16,1.3,1.3,1.3,1.3,0,15560,1
FINNIFTY16JUL2426200CE.NFO,2024-07-10,11:43:00,2024-07-16,1.3,1.3,1.3,1.3,0,15560,0
FINNIFTY16JUL2426200CE.NFO,2024-07-10,11:44:00,2024-07-16,1.3,1.3,1.3,1.3,0,15560,0
FINNIFTY16JUL2426200CE.NFO,2024-07-10,11:45:00,2024-07-16,1.3,1.3,1.3,1.3,0,15640,0
FINNIFTY16JUL2426200CE.NFO,2024-07-10,11:46:00,2024-07-16,1.3,1.3,1.15,1.15,0,15960,0
FINNIFTY16JUL2426200CE.NFO,2024-07-10,11:47:00,2024-07-16,1.15,1.3,1.15,1.3,200,15960,0
FINNIFTY16JUL2426200CE.NFO,2024-07-10,11:48:00,2024-07-16,1.3,1.3,1.3,1.3,0,15960,0
FINNIFTY16JUL2426200CE.NFO,2024-07-10,11:49:00,2024-07-16,1.3,1.3,1.3,1.3,0,15960,0
FINNIFTY16JUL2426200CE.NFO,2024-07-10,11:50:00,2024-07-16,1.35,1.35,1.35,1.35,80,15760,0
FINNIFTY16JUL2426200CE.NFO,2024-07-10,11:51:00,2024-07-16,1.35,1.35,1.25,1.25,120,15760,0
FINNIFTY16JUL2426200CE.NFO,2024-07-10,11:52:00,2024-07-16,1.25,1.25,1.2,1.2,0,15840,0
FINNIFTY16JUL2426200CE.NFO,2024-07-10,11:53:00,2024-07-16,1.2,1.3,1.2,1.3,320,15840,0
FINNIFTY16JUL2426200CE.NFO,2024-07-10,11:54:00,2024-07-16,1.3,1.3,1.3,1.3,320,15840,1
FINNIFTY16JUL2426200CE.NFO,2024-07-10,11:55:00,2024-07-16,1.3,1.3,1.3,1.3,320,15840,1
FINNIFTY16JUL2426200CE.NFO,2024-07-10,11:56:00,2024-07-16,1.3,1.3,1.3,1.3,320,15840,1
FINNIFTY16JUL2426200CE.NFO,2024-07-10,11:57:00,2024-07-16,1.3,1.3,1.3,1.3,320,15840,1
FINNIFTY16JUL2426200CE.NFO,2024-07-10,11:58:00,2024-07-16,1.3,1.3,1.3,1.3,240,15520,0
FINNIFTY16JUL2426200CE.NFO,2024-07-10,11:59:00,2024-07-16,1.35,1.35,1.25,1.25,600,15520,0
FINNIFTY16JUL2426200CE.NFO,2024-07-10,12:00:00,2024-07-16,1.25,1.25,1.25,1.25,0,15520,0
FINNIFTY16JUL2426200CE.NFO,2024-07-10,12:01:00,2024-07-16,1.25,1.25,1.25,1.25,0,15520,0
FINNIFTY16JUL2426200CE.NFO,2024-07-10,12:02:00,2024-07-16,1.25,1.25,1.25,1.25,0,15520,1
FINNIFTY16JUL2426200CE.NFO,2024-07-10,12:03:00,2024-07-16,1.25,1.25,1.2,1.2,120,15560,0
FINNIFTY16JUL2426200CE.NFO,2024-07-10,12:04:00,2024-07-16,1.2,1.25,1.1,1.25,320,15560,0
FINNIFTY16JUL2426200CE.NFO,2024-07-10,12:05:00,2024-07-16,1.25,1.25,1.1,1.2,520,15560,0
FINNIFTY16JUL2426200CE.NFO,2024-07-10,12:06:00,2024-07-16,1.2,1.2,1.1,1.15,1000,15560,0
FINNIFTY16JUL2426200CE.NFO,2024-07-10,12:07:00,2024-07-16,1.15,1.15,1.15,1.15,1000,15560,1
FINNIFTY16JUL2426200CE.NFO,2024-07-10,12:08:00,2024-07-16,1.15,1.15,1.15,1.15,1000,15560,1
FINNIFTY16JUL2426200CE.NFO,2024-07-10,12:09:00,2024-07-16,1.15,1.15,1.15,1.15,0,15600,0
FINNIFTY16JUL2426200CE.NFO,2024-07-10,12:10:00,2024-07-16,1.15,1.15,1.15,1.15,0,15600,0
FINNIFTY16JUL2426200CE.NFO,2024-07-10,12:11:00,2024-07-16,1.15,1.15,1.15,1.15,0,15600,0
FINNIFTY16JUL2426200CE.NFO,2024-07-10,12:12:00,2024-07-16,1.2,1.2,1.2,1.2,0,15600,0
FINNIFTY16JUL2426200CE.NFO,2024-07-10,12:13:00,2024-07-16,1.2,1.2,1.2,1.2,0,15600,0
FINNIFTY16JUL2426200CE.NFO,2024-07-10,12:14:00,2024-07-16,1.2,1.2,1.2,1.2,0,15600,0
FINNIFTY16JUL2426200CE.NFO,2024-07-10,12:15:00,2024-07-16,1.3,1.3,1.3,1.3,0,15920,0
FINNIFTY16JUL2426200CE.NFO,2024-07-10,12:16:00,2024-07-16,1.3,1.3,1.2,1.2,360,16000,0
FINNIFTY16JUL2426200CE.NFO,2024-07-10,12:17:00,2024-07-16,1.2,1.2,1.05,1.2,400,16000,0
FINNIFTY16JUL2426200CE.NFO,2024-07-10,12:18:00,2024-07-16,1.2,1.2,1.2,1.2,0,16000,0
FINNIFTY16JUL2426200CE.NFO,2024-07-10,12:19:00,2024-07-16,1.2,1.2,1.15,1.15,360,15440,0
FINNIFTY16JUL2426200CE.NFO,2024-07-10,12:20:00,2024-07-16,1.15,1.15,1.15,1.15,0,15440,0
FINNIFTY16JUL2426200CE.NFO,2024-07-10,12:21:00,2024-07-16,1.15,1.15,1.15,1.15,0,15440,1
FINNIFTY16JUL2426200CE.NFO,2024-07-10,12:22:00,2024-07-16,1.15,1.15,1.15,1.15,0,15440,0
FINNIFTY16JUL2426200CE.NFO,2024-07-10,12:23:00,2024-07-16,1.15,1.15,1.15,1.15,80,15440,0
FINNIFTY16JUL2426200CE.NFO,2024-07-10,12:24:00,2024-07-16,1.15,1.2,1.15,1.15,80,15440,0
FINNIFTY16JUL2426200CE.NFO,2024-07-10,12:25:00,2024-07-16,1.15,1.15,1.15,1.15,40,15520,0
FINNIFTY16JUL2426200CE.NFO,2024-07-10,12:26:00,2024-07-16,1.2,1.25,1.15,1.15,0,15520,0
FINNIFTY16JUL2426200CE.NFO,2024-07-10,12:27:00,2024-07-16,1.15,1.2,1.15,1.2,0,15520,0
FINNIFTY16JUL2426200CE.NFO,2024-07-10,12:28:00,2024-07-16,1.2,1.2,1.2,1.2,0,15520,1
FINNIFTY16JUL2426200CE.NFO,2024-07-10,12:29:00,2024-07-16,1.2,1.2,1.2,1.2,0,15520,1
FINNIFTY16JUL2426200CE.NFO,2024-07-10,12:30:00,2024-07-16,1.2,1.2,1.2,1.2,0,15520,1
FINNIFTY16JUL2426200CE.NFO,2024-07-10,12:31:00,2024-07-16,1.2,1.2,1.2,1.2,0,15520,0
FINNIFTY16JUL2426200CE.NFO,2024-07-10,12:32:00,2024-07-16,1.2,1.2,1.2,1.2,0,15520,1
FINNIFTY16JUL2426200CE.NFO,2024-07-10,12:33:00,2024-07-16,1.2,1.2,1.2,1.2,0,15520,1
FINNIFTY16JUL2426200CE.NFO,2024-07-10,12:34:00,2024-07-16,1.2,1.2,1.2,1.2,0,15520,0
FINNIFTY16JUL2426200CE.NFO,2024-07-10,12:35:00,2024-07-16,1.2,1.2,1.2,1.2,0,15520,0
FINNIFTY16JUL2426200CE.NFO,2024-07-10,12:36:00,2024-07-16,1.2,1.2,1.2,1.2,0,15520,0
FINNIFTY16JUL2426200CE.NFO,2024-07-10,12:37:00,2024-07-16,1.2,1.2,1.05,1.15,360,15600,0
FINNIFTY16JUL2426200CE.NFO,2024-07-10,12:38:00,2024-07-16,1.15,1.2,1.15,1.2,0,15600,0
FINNIFTY16JUL2426200CE.NFO,2024-07-10,12:39:00,2024-07-16,1.2,1.2,1.1,1.2,80,15600,0
FINNIFTY16JUL2426200CE.NFO,2024-07-10,12:40:00,2024-07-16,1.2,1.2,1.2,1.2,0,15600,0
FINNIFTY16JUL2426200CE.NFO,2024-07-10,12:41:00,2024-07-16,1.1,1.1,1.1,1.1,40,15440,0
FINNIFTY16JUL2426200CE.NFO,2024-07-10,12:42:00,2024-07-16,1.15,1.2,1.15,1.2,240,15440,0
FINNIFTY16JUL2426200CE.NFO,2024-07-10,12:43:00,2024-07-16,1.2,1.2,1.15,1.15,120,15440,0
FINNIFTY16JUL2426200CE.NFO,2024-07-10,12:44:00,2024-07-16,1.15,1.2,1.15,1.2,0,15440,0
FINNIFTY16JUL2426200CE.NFO,2024-07-10,12:45:00,2024-07-16,1.2,1.3,1.1,1.1,40,15440,0
FINNIFTY16JUL2426200CE.NFO,2024-07-10,12:46:00,2024-07-16,1.1,1.25,1.1,1.25,40,15440,0
FINNIFTY16JUL2426200CE.NFO,2024-07-10,12:47:00,2024-07-16,1.25,1.25,1.25,1.25,0,15440,0
FINNIFTY16JUL2426200CE.NFO,2024-07-10,12:48:00,2024-07-16,1.25,1.25,1.2,1.2,160,15440,0
FINNIFTY16JUL2426200CE.NFO,2024-07-10,12:49:00,2024-07-16,1.2,1.3,1.2,1.3,160,15440,0
FINNIFTY16JUL2426200CE.NFO,2024-07-10,12:50:00,2024-07-16,1.3,1.35,1.25,1.25,760,15440,0
FINNIFTY16JUL2426200CE.NFO,2024-07-10,12:51:00,2024-07-16,1.25,1.35,1.25,1.35,400,15440,0
FINNIFTY16JUL2426200CE.NFO,2024-07-10,12:52:00,2024-07-16,1.35,1.4,1.35,1.4,800,15440,0
FINNIFTY16JUL2426200CE.NFO,2024-07-10,12:53:00,2024-07-16,1.4,1.4,1.4,1.4,560,15440,0
FINNIFTY16JUL2426200CE.NFO,2024-07-10,12:54:00,2024-07-16,1.4,1.4,1.4,1.4,40,15440,0
FINNIFTY16JUL2426200CE.NFO,2024-07-10,12:55:00,2024-07-16,1.4,1.45,1.35,1.35,40,15520,0
FINNIFTY16JUL2426200CE.NFO,2024-07-10,12:56:00,2024-07-16,1.35,1.45,1.35,1.45,280,15520,0
FINNIFTY16JUL2426200CE.NFO,2024-07-10,12:57:00,2024-07-16,1.45,1.45,1.25,1.25,40,15520,0
FINNIFTY16JUL2426200CE.NFO,2024-07-10,12:58:00,2024-07-16,1.25,1.3,1.25,1.3,0,15520,0
FINNIFTY16JUL2426200CE.NFO,2024-07-10,12:59:00,2024-07-16,1.3,1.3,1.3,1.3,0,15520,0
FINNIFTY16JUL2426200CE.NFO,2024-07-10,13:00:00,2024-07-16,1.3,1.3,1.3,1.3,0,15520,0
FINNIFTY16JUL2426200CE.NFO,2024-07-10,13:01:00,2024-07-16,1.15,1.2,1.15,1.15,200,15760,0
FINNIFTY16JUL2426200CE.NFO,2024-07-10,13:02:00,2024-07-16,1.15,1.2,1.15,1.2,560,15760,0
FINNIFTY16JUL2426200CE.NFO,2024-07-10,13:03:00,2024-07-16,1.2,1.2,1.2,1.2,560,15760,1
FINNIFTY16JUL2426200CE.NFO,2024-07-10,13:04:00,2024-07-16,1.2,1.2,1.15,1.15,80,15560,0
FINNIFTY16JUL2426200CE.NFO,2024-07-10,13:05:00,2024-07-16,1.15,1.15,1.15,1.15,0,15560,0
FINNIFTY16JUL2426200CE.NFO,2024-07-10,13:06:00,2024-07-16,1.15,1.2,1.15,1.15,200,15560,0
FINNIFTY16JUL2426200CE.NFO,2024-07-10,13:07:00,2024-07-16,1.15,1.25,1.15,1.2,320,15560,0
FINNIFTY16JUL2426200CE.NFO,2024-07-10,13:08:00,2024-07-16,1.2,1.4,1.2,1.35,1720,15560,0
FINNIFTY16JUL2426200CE.NFO,2024-07-10,13:09:00,2024-07-16,1.35,1.35,1.3,1.3,120,15560,0
FINNIFTY16JUL2426200CE.NFO,2024-07-10,13:10:00,2024-07-16,1.3,1.3,1.25,1.3,120,15760,0
FINNIFTY16JUL2426200CE.NFO,2024-07-10,13:11:00,2024-07-16,1.3,1.3,1.25,1.25,360,15760,0
FINNIFTY16JUL2426200CE.NFO,2024-07-10,13:12:00,2024-07-16,1.3,1.35,1.2,1.3,640,15760,0
FINNIFTY16JUL2426200CE.NFO,2024-07-10,13:13:00,2024-07-16,1.3,1.4,1.25,1.25,1000,15440,0
FINNIFTY16JUL2426200CE.NFO,2024-07-10,13:14:00,2024-07-16,1.25,1.25,1.25,1.25,160,15440,0
FINNIFTY16JUL2426200CE.NFO,2024-07-10,13:15:00,2024-07-16,1.25,1.3,1.25,1.3,120,15440,0
FINNIFTY16JUL2426200CE.NFO,2024-07-10,13:16:00,2024-07-16,1.3,1.3,1.25,1.3,200,14960,0
FINNIFTY16JUL2426200CE.NFO,2024-07-10,13:17:00,2024-07-16,1.3,1.3,1.2,1.2,0,14960,0
FINNIFTY16JUL2426200CE.NFO,2024-07-10,13:18:00,2024-07-16,1.2,1.2,1.2,1.2,120,14960,0
FINNIFTY16JUL2426200CE.NFO,2024-07-10,13:19:00,2024-07-16,1.2,1.2,1.2,1.2,120,14960,1
FINNIFTY16JUL2426200CE.NFO,2024-07-10,13:20:00,2024-07-16,1.2,1.2,1.1,1.1,880,15000,0
FINNIFTY16JUL2426200CE.NFO,2024-07-10,13:21:00,2024-07-16,1.1,1.1,1.1,1.1,0,15000,0
FINNIFTY16JUL2426200CE.NFO,2024-07-10,13:22:00,2024-07-16,1.1,1.1,1.1,1.1,0,15000,1
FINNIFTY16JUL2426200CE.NFO,2024-07-10,13:23:00,2024-07-16,1.1,1.1,1.1,1.1,0,15000,0
FINNIFTY16JUL2426200CE.NFO,2024-07-10,13:24:00,2024-07-16,1.1,1.1,1.1,1.1,0,15000,0
FINNIFTY16JUL2426200CE.NFO,2024-07-10,13:25:00,2024-07-16,1.1,1.1,1.1,1.1,0,15000,0
FINNIFTY16JUL2426200CE.NFO,2024-07-10,13:26:00,2024-07-16,1.1,1.1,1.1,1.1,0,15000,0
FINNIFTY16JUL2426200CE.NFO,2024-07-10,13:27:00,2024-07-16,1.1,1.1,1.1,1.1,0,15000,0
FINNIFTY16JUL2426200CE.NFO,2024-07-10,13:28:00,2024-07-16,1.1,1.1,1.1,1.1,0,15000,0
FINNIFTY16JUL2426200CE.NFO,2024-07-10,13:29:00,2024-07-16,1.1,1.1,1.1,1.1,0,15000,0
FINNIFTY16JUL2426200CE.NFO,2024-07-10,13:30:00,2024-07-16,1.1,1.1,1.1,1.1,0,15000,0
FINNIFTY16JUL2426200CE.NFO,2024-07-10,13:31:00,2024-07-16,1.1,1.25,1.1,1.25,360,14960,0
FINNIFTY16JUL2426200CE.NFO,2024-07-10,13:32:00,2024-07-16,1.25,1.25,1.25,1.25,0,14960,0
FINNIFTY16JUL2426200CE.NFO,2024-07-10,13:33:00,2024-07-16,1.25,1.25,1.25,1.25,0,14960,0
FINNIFTY16JUL2426200CE.NFO,2024-07-10,13:34:00,2024-07-16,1.15,1.15,1.15,1.15,120,14960,0
FINNIFTY16JUL2426200CE.NFO,2024-07-10,13:35:00,2024-07-16,1.15,1.15,1.1,1.1,0,14960,0
FINNIFTY16JUL2426200CE.NFO,2024-07-10,13:36:00,2024-07-16,1.1,1.1,1.1,1.1,0,14960,0
FINNIFTY16JUL2426200CE.NFO,2024-07-10,13:37:00,2024-07-16,1.1,1.1,1.1,1.1,0,14960,0
FINNIFTY16JUL2426200CE.NFO,2024-07-10,13:38:00,2024-07-16,1.1,1.15,1.1,1.15,80,14960,0
FINNIFTY16JUL2426200CE.NFO,2024-07-10,13:39:00,2024-07-16,1.15,1.15,1.15,1.15,0,14960,0
FINNIFTY16JUL2426200CE.NFO,2024-07-10,13:40:00,2024-07-16,1.15,1.15,1.15,1.15,0,14960,0
FINNIFTY16JUL2426200CE.NFO,2024-07-10,13:41:00,2024-07-16,1.15,1.15,1.15,1.15,0,14960,0
FINNIFTY16JUL2426200CE.NFO,2024-07-10,13:42:00,2024-07-16,1.15,1.15,1.15,1.15,0,14960,0
FINNIFTY16JUL2426200CE.NFO,2024-07-10,13:43:00,2024-07-16,1.15,1.15,1.15,1.15,0,14960,0
FINNIFTY16JUL2426200CE.NFO,2024-07-10,13:44:00,2024-07-16,1.15,1.15,1.15,1.15,0,14960,0
FINNIFTY16JUL2426200CE.NFO,2024-07-10,13:45:00,2024-07-16,1.3,1.3,1.2,1.2,0,14960,0
FINNIFTY16JUL2426200CE.NFO,2024-07-10,13:46:00,2024-07-16,1.2,1.2,1.2,1.2,0,14960,1
FINNIFTY16JUL2426200CE.NFO,2024-07-10,13:47:00,2024-07-16,1.2,1.2,1.2,1.2,0,14960,1
FINNIFTY16JUL2426200CE.NFO,2024-07-10,13:48:00,2024-07-16,1.2,1.2,1.2,1.2,0,14960,1
FINNIFTY16JUL2426200CE.NFO,2024-07-10,13:49:00,2024-07-16,1.2,1.2,1.2,1.2,0,14960,0
FINNIFTY16JUL2426200CE.NFO,2024-07-10,13:50:00,2024-07-16,1.2,1.2,1.2,1.2,0,14960,0
FINNIFTY16JUL2426200CE.NFO,2024-07-10,13:51:00,2024-07-16,1.2,1.2,1.2,1.2,0,14960,0
FINNIFTY16JUL2426200CE.NFO,2024-07-10,13:52:00,2024-07-16,1.2,1.3,1.2,1.3,0,15000,0
FINNIFTY16JUL2426200CE.NFO,2024-07-10,13:53:00,2024-07-16,1.3,1.3,1.3,1.3,0,15000,0
FINNIFTY16JUL2426200CE.NFO,2024-07-10,13:54:00,2024-07-16,1.25,1.3,1.25,1.25,360,15000,0
FINNIFTY16JUL2426200CE.NFO,2024-07-10,13:55:00,2024-07-16,1.25,1.25,1.25,1.25,0,15000,0
FINNIFTY16JUL2426200CE.NFO,2024-07-10,13:56:00,2024-07-16,1.25,1.25,1.25,1.25,0,15000,0
FINNIFTY16JUL2426200CE.NFO,2024-07-10,13:57:00,2024-07-16,1.25,1.25,1.25,1.25,0,15000,0
FINNIFTY16JUL2426200CE.NFO,2024-07-10,13:58:00,2024-07-16,1.25,1.25,1.25,1.25,0,15000,0
FINNIFTY16JUL2426200CE.NFO,2024-07-10,13:59:00,2024-07-16,1.25,1.25,1.25,1.25,0,15000,0
FINNIFTY16JUL2426200CE.NFO,2024-07-10,14:00:00,2024-07-16,1.25,1.25,1.2,1.2,40,15080,0
FINNIFTY16JUL2426200CE.NFO,2024-07-10,14:01:00,2024-07-16,1.2,1.2,1.2,1.2,40,15080,0
FINNIFTY16JUL2426200CE.NFO,2024-07-10,14:02:00,2024-07-16,1.2,1.2,1.2,1.2,0,15080,0
FINNIFTY16JUL2426200CE.NFO,2024-07-10,14:03:00,2024-07-16,1.2,1.2,1.2,1.2,0,15080,1
FINNIFTY16JUL2426200CE.NFO,2024-07-10,14:04:00,2024-07-16,1.2,1.2,1.2,1.2,0,15080,1
FINNIFTY16JUL2426200CE.NFO,2024-07-10,14:05:00,2024-07-16,1.2,1.2,1.2,1.2,200,15080,0
FINNIFTY16JUL2426200CE.NFO,2024-07-10,14:06:00,2024-07-16,1.2,1.2,1.15,1.15,0,15080,0
FINNIFTY16JUL2426200CE.NFO,2024-07-10,14:07:00,2024-07-16,1.15,1.25,1.15,1.25,280,15040,0
FINNIFTY16JUL2426200CE.NFO,2024-07-10,14:08:00,2024-07-16,1.25,1.25,1.25,1.25,0,15040,0
FINNIFTY16JUL2426200CE.NFO,2024-07-10,14:09:00,2024-07-16,1.25,1.3,1.25,1.3,160,15040,0
FINNIFTY16JUL2426200CE.NFO,2024-07-10,14:10:00,2024-07-16,1.3,1.3,1.3,1.3,0,15040,0
FINNIFTY16JUL2426200CE.NFO,2024-07-10,14:11:00,2024-07-16,1.3,1.3,1.2,1.2,160,14960,0
FINNIFTY16JUL2426200CE.NFO,2024-07-10,14:12:00,2024-07-16,1.2,1.3,1.2,1.25,160,14960,0
FINNIFTY16JUL2426200CE.NFO,2024-07-10,14:13:00,2024-07-16,1.25,1.25,1.25,1.25,0,14960,0
FINNIFTY16JUL2426200CE.NFO,2024-07-10,14:14:00,2024-07-16,1.25,1.25,1.25,1.25,0,14960,0
FINNIFTY16JUL2426200CE.NFO,2024-07-10,14:15:00,2024-07-16,1.25,1.3,1.25,1.3,40,15000,0
FINNIFTY16JUL2426200CE.NFO,2024-07-10,14:16:00,2024-07-16,1.3,1.3,1.3,1.3,40,15040,0
FINNIFTY16JUL2426200CE.NFO,2024-07-10,14:17:00,2024-07-16,1.3,1.3,1.3,1.3,0,15040,0
FINNIFTY16JUL2426200CE.NFO,2024-07-10,14:18:00,2024-07-16,1.3,1.3,1.3,1.3,0,15040,0
FINNIFTY16JUL2426200CE.NFO,2024-07-10,14:19:00,2024-07-16,1.3,1.3,1.3,1.3,0,15040,0
FINNIFTY16JUL2426200CE.NFO,2024-07-10,14:20:00,2024-07-16,1.3,1.3,1.3,1.3,0,15040,0
FINNIFTY16JUL2426200CE.NFO,2024-07-10,14:21:00,2024-07-16,1.3,1.3,1.3,1.3,0,15040,0
FINNIFTY16JUL2426200CE.NFO,2024-07-10,14:22:00,2024-07-16,1.35,1.35,1.3,1.3,400,15080,0
FINNIFTY16JUL2426200CE.NFO,2024-07-10,14:23:00,2024-07-16,1.3,1.3,1.3,1.3,40,15080,0
FINNIFTY16JUL2426200CE.NFO,2024-07-10,14:24:00,2024-07-16,1.3,1.3,1.3,1.3,0,15080,0
FINNIFTY16JUL2426200CE.NFO,2024-07-10,14:25:00,2024-07-16,1.3,1.3,1.3,1.3,0,15080,0
FINNIFTY16JUL2426200CE.NFO,2024-07-10,14:26:00,2024-07-16,1.3,1.3,1.3,1.3,0,15080,0
FINNIFTY16JUL2426200CE.NFO,2024-07-10,14:27:00,2024-07-16,1.3,1.3,1.3,1.3,0,15080,0
FINNIFTY16JUL2426200CE.NFO,2024-07-10,14:28:00,2024-07-16,1.3,1.3,1.3,1.3,0,15080,0
FINNIFTY16JUL2426200CE.NFO,2024-07-10,14:29:00,2024-07-16,1.3,1.3,1.3,1.3,0,15080,0
FINNIFTY16JUL2426200CE.NFO,2024-07-10,14:30:00,2024-07-16,1.3,1.3,1.25,1.25,160,15080,0
FINNIFTY16JUL2426200CE.NFO,2024-07-10,14:31:00,2024-07-16,1.25,1.5,1.25,1.5,240,15120,0
FINNIFTY16JUL2426200CE.NFO,2024-07-10,14:32:00,2024-07-16,1.5,1.5,1.45,1.45,80,15120,0
FINNIFTY16JUL2426200CE.NFO,2024-07-10,14:33:00,2024-07-16,1.45,1.45,1.35,1.35,200,15120,0
FINNIFTY16JUL2426200CE.NFO,2024-07-10,14:34:00,2024-07-16,1.35,1.5,1.35,1.5,120,15120,0
FINNIFTY16JUL2426200CE.NFO,2024-07-10,14:35:00,2024-07-16,1.5,1.5,1.45,1.45,520,15120,0
FINNIFTY16JUL2426200CE.NFO,2024-07-10,14:36:00,2024-07-16,1.45,1.5,1.45,1.5,160,15120,0
FINNIFTY16JUL2426200CE.NFO,2024-07-10,14:37:00,2024-07-16,1.5,1.5,1.5,1.5,400,15560,0
FINNIFTY16JUL2426200CE.NFO,2024-07-10,14:38:00,2024-07-16,1.5,1.55,1.5,1.5,2640,15560,0
FINNIFTY16JUL2426200CE.NFO,2024-07-10,14:39:00,2024-07-16,1.5,1.55,1.45,1.5,1280,15560,0
FINNIFTY16JUL2426200CE.NFO,2024-07-10,14:40:00,2024-07-16,1.5,1.6,1.5,1.6,2960,17320,0
FINNIFTY16JUL2426200CE.NFO,2024-07-10,14:41:00,2024-07-16,1.6,1.6,1.6,1.6,320,17320,0
FINNIFTY16JUL2426200CE.NFO,2024-07-10,14:42:00,2024-07-16,1.6,1.6,1.6,1.6,0,17320,0
FINNIFTY16JUL2426200CE.NFO,2024-07-10,14:43:00,2024-07-16,1.6,1.6,1.6,1.6,0,17320,0
FINNIFTY16JUL2426200CE.NFO,2024-07-10,14:44:00,2024-07-16,1.6,1.6,1.5,1.5,760,17800,0
FINNIFTY16JUL2426200CE.NFO,2024-07-10,14:45:00,2024-07-16,1.5,1.55,1.5,1.55,280,17800,0
FINNIFTY16JUL2426200CE.NFO,2024-07-10,14:46:00,2024-07-16,1.55,1.55,1.5,1.5,400,17760,0
FINNIFTY16JUL2426200CE.NFO,2024-07-10,14:47:00,2024-07-16,1.5,1.5,1.5,1.5,1600,17760,0
FINNIFTY16JUL2426200CE.NFO,2024-07-10,14:48:00,2024-07-16,1.5,1.5,1.45,1.45,1320,17760,0
FINNIFTY16JUL2426200CE.NFO,2024-07-10,14:49:00,2024-07-16,1.45,1.5,1.45,1.5,640,19680,0
FINNIFTY16JUL2426200CE.NFO,2024-07-10,14:50:00,2024-07-16,1.5,1.5,1.5,1.5,400,19680,0
FINNIFTY16JUL2426200CE.NFO,2024-07-10,14:51:00,2024-07-16,1.5,1.5,1.5,1.5,0,19680,0
FINNIFTY16JUL2426200CE.NFO,2024-07-10,14:52:00,2024-07-16,1.5,1.5,1.45,1.45,400,20000,0
FINNIFTY16JUL2426200CE.NFO,2024-07-10,14:53:00,2024-07-16,1.45,1.45,1.45,1.45,0,20000,0
FINNIFTY16JUL2426200CE.NFO,2024-07-10,14:54:00,2024-07-16,1.45,1.45,1.35,1.4,640,20000,0
FINNIFTY16JUL2426200CE.NFO,2024-07-10,14:55:00,2024-07-16,1.4,1.4,1.4,1.4,0,20000,0
FINNIFTY16JUL2426200CE.NFO,2024-07-10,14:56:00,2024-07-16,1.4,1.4,1.2,1.2,3360,20520,0
FINNIFTY16JUL2426200CE.NFO,2024-07-10,14:57:00,2024-07-16,1.2,1.2,1.2,1.2,640,20520,0
FINNIFTY16JUL2426200CE.NFO,2024-07-10,14:58:00,2024-07-16,1.2,1.2,1.1,1.1,0,19320,0
FINNIFTY16JUL2426200CE.NFO,2024-07-10,14:59:00,2024-07-16,1.1,1.3,1.1,1.3,1240,19320,0
FINNIFTY16JUL2426200CE.NFO,2024-07-10,15:00:00,2024-07-16,1.3,1.3,1.15,1.15,2280,19320,0
FINNIFTY16JUL2426200CE.NFO,2024-07-10,15:01:00,2024-07-16,1.15,1.15,1.15,1.15,0,19320,0
FINNIFTY16JUL2426200CE.NFO,2024-07-10,15:02:00,2024-07-16,1.15,1.15,1.15,1.15,0,19320,0
FINNIFTY16JUL2426200CE.NFO,2024-07-10,15:03:00,2024-07-16,1.15,1.15,1.15,1.15,0,18000,0
FINNIFTY16JUL2426200CE.NFO,2024-07-10,15:04:00,2024-07-16,1.15,1.15,1.05,1.05,0,18000,0
FINNIFTY16JUL2426200CE.NFO,2024-07-10,15:05:00,2024-07-16,1.05,1.05,1.05,1.05,0,18000,0
FINNIFTY16JUL2426200CE.NFO,2024-07-10,15:06:00,2024-07-16,1.05,1.2,1.05,1.2,240,17600,0
FINNIFTY16JUL2426200CE.NFO,2024-07-10,15:07:00,2024-07-16,1.2,1.2,1.2,1.2,0,17600,0
FINNIFTY16JUL2426200CE.NFO,2024-07-10,15:08:00,2024-07-16,1.2,1.2,1.05,1.2,40,17640,0
FINNIFTY16JUL2426200CE.NFO,2024-07-10,15:09:00,2024-07-16,1.2,1.2,1.05,1.05,80,17640,0
FINNIFTY16JUL2426200CE.NFO,2024-07-10,15:10:00,2024-07-16,1.05,1.1,1.05,1.05,360,17400,0
FINNIFTY16JUL2426200CE.NFO,2024-07-10,15:11:00,2024-07-16,1.05,1.1,1.05,1.1,0,17400,0
FINNIFTY16JUL2426200CE.NFO,2024-07-10,15:12:00,2024-07-16,1.1,1.1,1.05,1.05,280,17400,0
FINNIFTY16JUL2426200CE.NFO,2024-07-10,15:13:00,2024-07-16,1.05,1.05,1.0,1.05,520,16760,0
FINNIFTY16JUL2426200CE.NFO,2024-07-10,15:14:00,2024-07-16,1.05,1.05,1.05,1.05,320,16760,0
FINNIFTY16JUL2426200CE.NFO,2024-07-10,15:15:00,2024-07-16,1.0,1.0,0.9,0.95,4080,16760,0
FINNIFTY16JUL2426200CE.NFO,2024-07-10,15:16:00,2024-07-16,0.95,0.95,0.95,0.95,0,16760,0
FINNIFTY16JUL2426200CE.NFO,2024-07-10,15:17:00,2024-07-16,0.95,0.95,0.95,0.95,0,16920,0
FINNIFTY16JUL2426200CE.NFO,2024-07-10,15:18:00,2024-07-16,0.95,0.95,0.9,0.95,600,16920,0
FINNIFTY16JUL2426200CE.NFO,2024-07-10,15:19:00,2024-07-16,0.95,0.95,0.95,0.95,360,16680,0
FINNIFTY16JUL2426200CE.NFO,2024-07-10,15:20:00,2024-07-16,0.95,0.95,0.95,0.95,0,16680,0
FINNIFTY16JUL2426200CE.NFO,2024-07-10,15:21:00,2024-07-16,0.95,0.95,0.95,0.95,0,16680,0
FINNIFTY16JUL2426200CE.NFO,2024-07-10,15:22:00,2024-07-16,0.95,0.95,0.9,0.9,320,16680,0
FINNIFTY16JUL2426200CE.NFO,2024-07-10,15:23:00,2024-07-16,0.9,0.9,0.9,0.9,0,16680,0
FINNIFTY16JUL2426200CE.NFO,2024-07-10,15:24:00,2024-07-16,0.9,0.9,0.9,0.9,0,16680,0
FINNIFTY16JUL2426200CE.NFO,2024-07-10,15:25:00,2024-07-16,1.0,1.0,1.0,1.0,0,16680,0
FINNIFTY16JUL2426200CE.NFO,2024-07-10,15:26:00,2024-07-16,1.0,1.0,1.0,1.0,0,16680,0
FINNIFTY16JUL2426200CE.NFO,2024-07-10,15:27:00,2024-07-16,1.0,1.0,0.95,0.95,1000,16640,0
FINNIFTY16JUL2426200CE.NFO,2024-07-10,15:28:00,2024-07-16,0.95,0.95,0.9,0.9,280,16640,0
FINNIFTY16JUL2426200CE.NFO,2024-07-10,15:29:00,2024-07-16,0.9,0.9,0.9,0.9,120,16920,0
FINNIFTY16JUL2426200CE.NFO,2024-07-10,15:30:00,2024-07-16,0.9,0.9,0.9,0.9,120,16920,1
FINNIFTY16JUL2426200CE.NFO,2024-07-11,09:15:00,2024-07-16,1.0,1.0,0.75,0.95,240,16920,0
FINNIFTY16JUL2426200CE.NFO,2024-07-11,09:16:00,2024-07-16,0.95,1.2,0.9,1.05,6160,16920,0
FINNIFTY16JUL2426200CE.NFO,2024-07-11,09:17:00,2024-07-16,1.05,1.2,1.0,1.1,8440,16920,0
FINNIFTY16JUL2426200CE.NFO,2024-07-11,09:18:00,2024-07-16,1.1,1.2,1.1,1.1,2920,19000,0
FINNIFTY16JUL2426200CE.NFO,2024-07-11,09:19:00,2024-07-16,1.1,1.2,1.1,1.2,2160,19000,0
FINNIFTY16JUL2426200CE.NFO,2024-07-11,09:20:00,2024-07-16,1.2,1.25,1.15,1.15,1640,19000,0
FINNIFTY16JUL2426200CE.NFO,2024-07-11,09:21:00,2024-07-16,1.15,1.2,1.1,1.1,1120,20880,0
FINNIFTY16JUL2426200CE.NFO,2024-07-11,09:22:00,2024-07-16,1.1,1.1,1.05,1.05,1840,20880,0
FINNIFTY16JUL2426200CE.NFO,2024-07-11,09:23:00,2024-07-16,1.05,1.1,0.95,0.95,1840,20880,0
FINNIFTY16JUL2426200CE.NFO,2024-07-11,09:24:00,2024-07-16,0.95,1.05,0.85,0.85,6280,22840,0
FINNIFTY16JUL2426200CE.NFO,2024-07-11,09:25:00,2024-07-16,0.85,0.9,0.85,0.9,600,22840,0
FINNIFTY16JUL2426200CE.NFO,2024-07-11,09:26:00,2024-07-16,0.9,0.9,0.85,0.85,40,22840,0
FINNIFTY16JUL2426200CE.NFO,2024-07-11,09:27:00,2024-07-16,0.85,0.95,0.85,0.95,2440,20000,0
FINNIFTY16JUL2426200CE.NFO,2024-07-11,09:28:00,2024-07-16,0.95,0.95,0.85,0.85,2000,20000,0
FINNIFTY16JUL2426200CE.NFO,2024-07-11,09:29:00,2024-07-16,0.85,0.9,0.85,0.9,120,20000,0
FINNIFTY16JUL2426200CE.NFO,2024-07-11,09:30:00,2024-07-16,0.9,0.9,0.9,0.9,920,19640,0
FINNIFTY16JUL2426200CE.NFO,2024-07-11,09:31:00,2024-07-16,0.9,0.95,0.9,0.95,40,19640,0
FINNIFTY16JUL2426200CE.NFO,2024-07-11,09:32:00,2024-07-16,0.95,0.95,0.9,0.9,80,19640,0
FINNIFTY16JUL2426200CE.NFO,2024-07-11,09:33:00,2024-07-16,0.9,0.9,0.8,0.8,120,19960,0
FINNIFTY16JUL2426200CE.NFO,2024-07-11,09:34:00,2024-07-16,0.8,0.8,0.8,0.8,0,19960,0
FINNIFTY16JUL2426200CE.NFO,2024-07-11,09:35:00,2024-07-16,0.8,0.8,0.8,0.8,0,19960,0
FINNIFTY16JUL2426200CE.NFO,2024-07-11,09:36:00,2024-07-16,0.8,0.8,0.8,0.8,0,19960,0
FINNIFTY16JUL2426200CE.NFO,2024-07-11,09:37:00,2024-07-16,0.8,0.8,0.8,0.8,0,19960,0
FINNIFTY16JUL2426200CE.NFO,2024-07-11,09:38:00,2024-07-16,0.8,0.8,0.8,0.8,520,19960,0
FINNIFTY16JUL2426200CE.NFO,2024-07-11,09:39:00,2024-07-16,0.8,0.8,0.8,0.8,0,19960,0
FINNIFTY16JUL2426200CE.NFO,2024-07-11,09:40:00,2024-07-16,0.8,0.8,0.8,0.8,400,19960,0
FINNIFTY16JUL2426200CE.NFO,2024-07-11,09:41:00,2024-07-16,0.8,1.0,0.8,0.9,360,19960,0
FINNIFTY16JUL2426200CE.NFO,2024-07-11,09:42:00,2024-07-16,0.9,0.95,0.9,0.95,800,19880,0
FINNIFTY16JUL2426200CE.NFO,2024-07-11,09:43:00,2024-07-16,0.95,0.95,0.95,0.95,240,19880,0
FINNIFTY16JUL2426200CE.NFO,2024-07-11,09:44:00,2024-07-16,0.95,1.0,0.95,1.0,200,19880,0
FINNIFTY16JUL2426200CE.NFO,2024-07-11,09:45:00,2024-07-16,1.0,1.1,1.0,1.1,1200,21000,0
FINNIFTY16JUL2426200CE.NFO,2024-07-11,09:46:00,2024-07-16,1.1,1.15,1.05,1.05,1680,21000,0
FINNIFTY16JUL2426200CE.NFO,2024-07-11,09:47:00,2024-07-16,1.05,1.15,1.05,1.05,1280,21000,0
FINNIFTY16JUL2426200CE.NFO,2024-07-11,09:48:00,2024-07-16,1.05,1.05,1.05,1.05,640,21000,0
FINNIFTY16JUL2426200CE.NFO,2024-07-11,09:49:00,2024-07-16,1.05,1.05,1.05,1.05,40,23280,0
FINNIFTY16JUL2426200CE.NFO,2024-07-11,09:50:00,2024-07-16,1.05,1.05,1.0,1.05,40,23280,0
FINNIFTY16JUL2426200CE.NFO,2024-07-11,09:51:00,2024-07-16,1.05,1.1,1.0,1.05,1000,23360,0
FINNIFTY16JUL2426200CE.NFO,2024-07-11,09:52:00,2024-07-16,1.05,1.05,1.05,1.05,0,23360,0
FINNIFTY16JUL2426200CE.NFO,2024-07-11,09:53:00,2024-07-16,1.05,1.1,1.0,1.0,680,23360,0
FINNIFTY16JUL2426200CE.NFO,2024-07-11,09:54:00,2024-07-16,1.0,1.0,1.0,1.0,0,23360,0
FINNIFTY16JUL2426200CE.NFO,2024-07-11,09:55:00,2024-07-16,1.0,1.0,1.0,1.0,0,23360,0
FINNIFTY16JUL2426200CE.NFO,2024-07-11,09:56:00,2024-07-16,1.0,1.05,1.0,1.05,120,24600,0
FINNIFTY16JUL2426200CE.NFO,2024-07-11,09:57:00,2024-07-16,1.05,1.05,1.05,1.05,0,24600,0
FINNIFTY16JUL2426200CE.NFO,2024-07-11,09:58:00,2024-07-16,1.05,1.05,1.05,1.05,0,24800,0
FINNIFTY16JUL2426200CE.NFO,2024-07-11,09:59:00,2024-07-16,1.05,1.05,1.05,1.05,0,24800,0
FINNIFTY16JUL2426200CE.NFO,2024-07-11,10:00:00,2024-07-16,1.05,1.05,1.05,1.05,40,24800,0
FINNIFTY16JUL2426200CE.NFO,2024-07-11,10:01:00,2024-07-16,1.05,1.05,1.0,1.0,360,24880,0
FINNIFTY16JUL2426200CE.NFO,2024-07-11,10:02:00,2024-07-16,1.0,1.0,1.0,1.0,0,24880,0
FINNIFTY16JUL2426200CE.NFO,2024-07-11,10:03:00,2024-07-16,1.0,1.0,0.85,0.85,1680,24560,0
FINNIFTY16JUL2426200CE.NFO,2024-07-11,10:04:00,2024-07-16,0.85,0.9,0.85,0.9,1520,24560,0
FINNIFTY16JUL2426200CE.NFO,2024-07-11,10:05:00,2024-07-16,0.9,1.0,0.9,1.0,960,24560,0
FINNIFTY16JUL2426200CE.NFO,2024-07-11,10:06:00,2024-07-16,1.0,1.0,1.0,1.0,240,24560,0
FINNIFTY16JUL2426200CE.NFO,2024-07-11,10:07:00,2024-07-16,1.0,1.0,0.95,0.95,80,24840,0
FINNIFTY16JUL2426200CE.NFO,2024-07-11,10:08:00,2024-07-16,0.95,0.95,0.95,0.95,0,24840,0
FINNIFTY16JUL2426200CE.NFO,2024-07-11,10:09:00,2024-07-16,0.9,0.9,0.9,0.9,400,24840,0
FINNIFTY16JUL2426200CE.NFO,2024-07-11,10:10:00,2024-07-16,0.9,0.9,0.9,0.9,0,24840,0
FINNIFTY16JUL2426200CE.NFO,2024-07-11,10:11:00,2024-07-16,0.9,0.9,0.9,0.9,600,24840,0
FINNIFTY16JUL2426200CE.NFO,2024-07-11,10:12:00,2024-07-16,0.9,0.9,0.9,0.9,0,24840,0
FINNIFTY16JUL2426200CE.NFO,2024-07-11,10:13:00,2024-07-16,0.9,0.95,0.85,0.85,760,25400,0
FINNIFTY16JUL2426200CE.NFO,2024-07-11,10:14:00,2024-07-16,0.85,0.95,0.85,0.95,440,25400,0
FINNIFTY16JUL2426200CE.NFO,2024-07-11,10:15:00,2024-07-16,0.95,0.95,0.95,0.95,0,25400,0
FINNIFTY16JUL2426200CE.NFO,2024-07-11,10:16:00,2024-07-16,0.95,0.95,0.9,0.9,520,25400,0
FINNIFTY16JUL2426200CE.NFO,2024-07-11,10:17:00,2024-07-16,0.9,0.9,0.85,0.85,280,25400,0
FINNIFTY16JUL2426200CE.NFO,2024-07-11,10:18:00,2024-07-16,0.85,0.85,0.85,0.85,0,25400,0
FINNIFTY16JUL2426200CE.NFO,2024-07-11,10:19:00,2024-07-16,0.85,0.85,0.85,0.85,40,25000,0
FINNIFTY16JUL2426200CE.NFO,2024-07-11,10:20:00,2024-07-16,0.85,0.85,0.85,0.85,200,25000,0
FINNIFTY16JUL2426200CE.NFO,2024-07-11,10:21:00,2024-07-16,0.85,0.95,0.85,0.95,640,24880,0
FINNIFTY16JUL2426200CE.NFO,2024-07-11,10:22:00,2024-07-16,0.85,0.9,0.85,0.85,1160,24880,0
FINNIFTY16JUL2426200CE.NFO,2024-07-11,10:23:00,2024-07-16,0.85,1.0,0.85,1.0,2120,24880,0
FINNIFTY16JUL2426200CE.NFO,2024-07-11,10:24:00,2024-07-16,1.0,1.15,0.9,1.05,5480,25200,0
FINNIFTY16JUL2426200CE.NFO,2024-07-11,10:25:00,2024-07-16,1.05,1.05,1.05,1.05,0,25200,0
FINNIFTY16JUL2426200CE.NFO,2024-07-11,10:26:00,2024-07-16,1.0,1.15,1.0,1.15,240,25200,0
FINNIFTY16JUL2426200CE.NFO,2024-07-11,10:27:00,2024-07-16,1.15,1.15,1.05,1.05,2040,29640,0
FINNIFTY16JUL2426200CE.NFO,2024-07-11,10:28:00,2024-07-16,1.05,1.15,1.05,1.15,40,29640,0
FINNIFTY16JUL2426200CE.NFO,2024-07-11,10:29:00,2024-07-16,1.15,1.15,1.15,1.15,0,29640,0
FINNIFTY16JUL2426200CE.NFO,2024-07-11,10:30:00,2024-07-16,1.15,1.15,1.05,1.05,200,29680,0
FINNIFTY16JUL2426200CE.NFO,2024-07-11,10:31:00,2024-07-16,1.05,1.05,1.0,1.05,720,29680,0
FINNIFTY16JUL2426200CE.NFO,2024-07-11,10:32:00,2024-07-16,1.05,1.05,1.05,1.05,0,29680,0
FINNIFTY16JUL2426200CE.NFO,2024-07-11,10:33:00,2024-07-16,1.05,1.05,0.95,0.95,80,30160,0
FINNIFTY16JUL2426200CE.NFO,2024-07-11,10:34:00,2024-07-16,0.95,0.95,0.95,0.95,0,30160,0
FINNIFTY16JUL2426200CE.NFO,2024-07-11,10:35:00,2024-07-16,0.95,0.95,0.95,0.95,0,30160,0
FINNIFTY16JUL2426200CE.NFO,2024-07-11,10:36:00,2024-07-16,0.95,1.0,0.95,1.0,640,30160,0
FINNIFTY16JUL2426200CE.NFO,2024-07-11,10:37:00,2024-07-16,1.0,1.05,1.0,1.05,800,30480,0
FINNIFTY16JUL2426200CE.NFO,2024-07-11,10:38:00,2024-07-16,1.05,1.05,1.05,1.05,160,30480,0
FINNIFTY16JUL2426200CE.NFO,2024-07-11,10:39:00,2024-07-16,1.05,1.05,1.05,1.05,160,30480,0
FINNIFTY16JUL2426200CE.NFO,2024-07-11,10:40:00,2024-07-16,1.05,1.05,0.95,1.05,1640,31080,0
FINNIFTY16JUL2426200CE.NFO,2024-07-11,10:41:00,2024-07-16,1.05,1.05,0.95,0.95,600,31080,0
FINNIFTY16JUL2426200CE.NFO,2024-07-11,10:42:00,2024-07-16,0.95,0.95,0.9,0.9,2560,31080,0
FINNIFTY16JUL2426200CE.NFO,2024-07-11,10:43:00,2024-07-16,0.9,0.9,0.9,0.9,280,29160,0
FINNIFTY16JUL2426200CE.NFO,2024-07-11,10:44:00,2024-07-16,0.9,0.95,0.9,0.95,80,29160,0
FINNIFTY16JUL2426200CE.NFO,2024-07-11,10:45:00,2024-07-16,0.95,1.0,0.95,1.0,1520,28680,0
FINNIFTY16JUL2426200CE.NFO,2024-07-11,10:46:00,2024-07-16,1.0,1.0,1.0,1.0,0,28680,0
FINNIFTY16JUL2426200CE.NFO,2024-07-11,10:47:00,2024-07-16,1.0,1.0,1.0,1.0,0,28680,0
FINNIFTY16JUL2426200CE.NFO,2024-07-11,10:48:00,2024-07-16,1.0,1.0,0.9,0.9,840,28680,0
FINNIFTY16JUL2426200CE.NFO,2024-07-11,10:49:00,2024-07-16,0.9,0.9,0.9,0.9,0,28680,0
FINNIFTY16JUL2426200CE.NFO,2024-07-11,10:50:00,2024-07-16,0.9,0.9,0.9,0.9,0,28680,0
FINNIFTY16JUL2426200CE.NFO,2024-07-11,10:51:00,2024-07-16,0.9,1.0,0.9,1.0,40,28000,0
FINNIFTY16JUL2426200CE.NFO,2024-07-11,10:52:00,2024-07-16,1.0,1.0,1.0,1.0,0,28000,0
FINNIFTY16JUL2426200CE.NFO,2024-07-11,10:53:00,2024-07-16,1.0,1.0,0.95,0.95,480,28000,0
FINNIFTY16JUL2426200CE.NFO,2024-07-11,10:54:00,2024-07-16,0.95,0.95,0.9,0.9,840,28000,0
FINNIFTY16JUL2426200CE.NFO,2024-07-11,10:55:00,2024-07-16,0.9,0.95,0.9,0.95,560,28000,0
FINNIFTY16JUL2426200CE.NFO,2024-07-11,10:56:00,2024-07-16,0.95,0.95,0.95,0.95,0,28000,0
FINNIFTY16JUL2426200CE.NFO,2024-07-11,10:57:00,2024-07-16,0.95,0.95,0.95,0.95,0,28000,0
FINNIFTY16JUL2426200CE.NFO,2024-07-11,10:58:00,2024-07-16,0.95,0.95,0.95,0.95,240,28000,0
FINNIFTY16JUL2426200CE.NFO,2024-07-11,10:59:00,2024-07-16,0.95,0.95,0.95,0.95,240,28000,1
FINNIFTY16JUL2426200CE.NFO,2024-07-11,11:00:00,2024-07-16,0.95,1.15,0.95,1.1,6280,28000,0
FINNIFTY16JUL2426200CE.NFO,2024-07-11,11:01:00,2024-07-16,1.1,1.1,1.1,1.1,0,28000,0
FINNIFTY16JUL2426200CE.NFO,2024-07-11,11:02:00,2024-07-16,1.1,1.1,1.1,1.1,0,28000,0
FINNIFTY16JUL2426200CE.NFO,2024-07-11,11:03:00,2024-07-16,1.1,1.1,1.1,1.1,0,28000,0
FINNIFTY16JUL2426200CE.NFO,2024-07-11,11:04:00,2024-07-16,1.1,1.1,1.1,1.1,40,30280,0
FINNIFTY16JUL2426200CE.NFO,2024-07-11,11:05:00,2024-07-16,1.1,1.1,0.95,0.95,40,30280,0
FINNIFTY16JUL2426200CE.NFO,2024-07-11,11:06:00,2024-07-16,0.95,0.95,0.95,0.95,240,30320,0
FINNIFTY16JUL2426200CE.NFO,2024-07-11,11:07:00,2024-07-16,0.95,1.05,0.95,1.05,200,30320,0
FINNIFTY16JUL2426200CE.NFO,2024-07-11,11:08:00,2024-07-16,1.05,1.05,1.05,1.05,0,30320,0
FINNIFTY16JUL2426200CE.NFO,2024-07-11,11:09:00,2024-07-16,1.05,1.05,1.05,1.05,0,30320,0
FINNIFTY16JUL2426200CE.NFO,2024-07-11,11:10:00,2024-07-16,1.05,1.1,1.05,1.1,680,30120,0
FINNIFTY16JUL2426200CE.NFO,2024-07-11,11:11:00,2024-07-16,1.1,1.1,1.1,1.1,0,30120,0
FINNIFTY16JUL2426200CE.NFO,2024-07-11,11:12:00,2024-07-16,1.1,1.1,1.1,1.1,0,30120,0
FINNIFTY16JUL2426200CE.NFO,2024-07-11,11:13:00,2024-07-16,1.1,1.1,1.1,1.1,0,29560,0
FINNIFTY16JUL2426200CE.NFO,2024-07-11,11:14:00,2024-07-16,1.1,1.1,1.1,1.1,160,29560,0
FINNIFTY16JUL2426200CE.NFO,2024-07-11,11:15:00,2024-07-16,1.1,1.1,1.05,1.05,200,29560,0
FINNIFTY16JUL2426200CE.NFO,2024-07-11,11:16:00,2024-07-16,1.05,1.05,1.05,1.05,0,29560,0
FINNIFTY16JUL2426200CE.NFO,2024-07-11,11:17:00,2024-07-16,1.05,1.05,1.05,1.05,0,29560,0
FINNIFTY16JUL2426200CE.NFO,2024-07-11,11:18:00,2024-07-16,1.05,1.05,1.05,1.05,0,29560,0
FINNIFTY16JUL2426200CE.NFO,2024-07-11,11:19:00,2024-07-16,1.1,1.15,1.1,1.15,1080,30320,0
FINNIFTY16JUL2426200CE.NFO,2024-07-11,11:20:00,2024-07-16,1.15,1.15,1.15,1.15,0,30320,0
FINNIFTY16JUL2426200CE.NFO,2024-07-11,11:21:00,2024-07-16,1.15,1.15,1.1,1.1,40,30200,0
FINNIFTY16JUL2426200CE.NFO,2024-07-11,11:22:00,2024-07-16,1.1,1.1,1.1,1.1,0,30200,0
FINNIFTY16JUL2426200CE.NFO,2024-07-11,11:23:00,2024-07-16,1.1,1.15,1.1,1.15,480,30200,0
FINNIFTY16JUL2426200CE.NFO,2024-07-11,11:24:00,2024-07-16,1.15,1.15,1.15,1.15,920,30200,0
FINNIFTY16JUL2426200CE.NFO,2024-07-11,11:25:00,2024-07-16,1.15,1.15,1.15,1.15,0,30200,0
FINNIFTY16JUL2426200CE.NFO,2024-07-11,11:26:00,2024-07-16,1.15,1.15,1.15,1.15,0,30200,0
FINNIFTY16JUL2426200CE.NFO,2024-07-11,11:27:00,2024-07-16,1.15,1.15,1.15,1.15,0,30200,0
FINNIFTY16JUL2426200CE.NFO,2024-07-11,11:28:00,2024-07-16,1.15,1.15,1.15,1.15,0,30200,0
FINNIFTY16JUL2426200CE.NFO,2024-07-11,11:29:00,2024-07-16,1.15,1.15,1.05,1.05,520,31200,0
FINNIFTY16JUL2426200CE.NFO,2024-07-11,11:30:00,2024-07-16,1.05,1.05,1.05,1.05,0,31200,0
FINNIFTY16JUL2426200CE.NFO,2024-07-11,11:31:00,2024-07-16,1.05,1.1,1.05,1.1,200,31720,0
FINNIFTY16JUL2426200CE.NFO,2024-07-11,11:32:00,2024-07-16,1.1,1.1,1.1,1.1,0,31720,0
FINNIFTY16JUL2426200CE.NFO,2024-07-11,11:33:00,2024-07-16,1.1,1.1,1.05,1.05,120,31720,0
FINNIFTY16JUL2426200CE.NFO,2024-07-11,11:34:00,2024-07-16,1.05,1.05,1.05,1.05,0,31720,0
FINNIFTY16JUL2426200CE.NFO,2024-07-11,11:35:00,2024-07-16,1.05,1.1,1.05,1.1,0,31600,0
FINNIFTY16JUL2426200CE.NFO,2024-07-11,11:36:00,2024-07-16,1.1,1.1,1.1,1.1,0,31600,0
FINNIFTY16JUL2426200CE.NFO,2024-07-11,11:37:00,2024-07-16,1.1,1.1,1.1,1.1,200,31600,0
FINNIFTY16JUL2426200CE.NFO,2024-07-11,11:38:00,2024-07-16,1.1,1.1,1.1,1.1,200,31600,0
FINNIFTY16JUL2426200CE.NFO,2024-07-11,11:39:00,2024-07-16,1.1,1.1,1.1,1.1,0,31600,0
FINNIFTY16JUL2426200CE.NFO,2024-07-11,11:40:00,2024-07-16,1.1,1.1,1.1,1.1,80,31200,0
FINNIFTY16JUL2426200CE.NFO,2024-07-11,11:41:00,2024-07-16,1.1,1.1,1.05,1.05,40,31200,0
FINNIFTY16JUL2426200CE.NFO,2024-07-11,11:42:00,2024-07-16,1.05,1.05,1.05,1.05,0,31200,0
FINNIFTY16JUL2426200CE.NFO,2024-07-11,11:43:00,2024-07-16,1.05,1.05,1.05,1.05,0,31200,0
FINNIFTY16JUL2426200CE.NFO,2024-07-11,11:44:00,2024-07-16,1.05,1.05,1.05,1.05,240,31160,0
FINNIFTY16JUL2426200CE.NFO,2024-07-11,11:45:00,2024-07-16,1.05,1.05,1.05,1.05,0,31160,0
FINNIFTY16JUL2426200CE.NFO,2024-07-11,11:46:00,2024-07-16,1.05,1.05,1.0,1.0,1480,31160,0
FINNIFTY16JUL2426200CE.NFO,2024-07-11,11:47:00,2024-07-16,1.0,1.05,1.0,1.05,1960,31160,0
FINNIFTY16JUL2426200CE.NFO,2024-07-11,11:48:00,2024-07-16,1.05,1.05,1.05,1.05,0,31160,0
FINNIFTY16JUL2426200CE.NFO,2024-07-11,11:49:00,2024-07-16,1.05,1.05,1.05,1.05,200,33960,0
FINNIFTY16JUL2426200CE.NFO,2024-07-11,11:50:00,2024-07-16,1.05,1.05,1.05,1.05,0,33960,0
FINNIFTY16JUL2426200CE.NFO,2024-07-11,11:51:00,2024-07-16,1.05,1.05,1.05,1.05,0,33960,0
FINNIFTY16JUL2426200CE.NFO,2024-07-11,11:52:00,2024-07-16,1.05,1.05,1.05,1.05,480,34080,0
FINNIFTY16JUL2426200CE.NFO,2024-07-11,11:53:00,2024-07-16,1.05,1.05,1.0,1.0,480,34080,0
FINNIFTY16JUL2426200CE.NFO,2024-07-11,11:54:00,2024-07-16,1.0,1.0,1.0,1.0,800,34080,0
FINNIFTY16JUL2426200CE.NFO,2024-07-11,11:55:00,2024-07-16,1.0,1.05,1.0,1.0,200,35360,0
FINNIFTY16JUL2426200CE.NFO,2024-07-11,11:56:00,2024-07-16,1.0,1.05,1.0,1.05,400,35360,0
FINNIFTY16JUL2426200CE.NFO,2024-07-11,11:57:00,2024-07-16,1.0,1.05,1.0,1.0,2000,38040,0
FINNIFTY16JUL2426200CE.NFO,2024-07-11,11:58:00,2024-07-16,1.0,1.0,1.0,1.0,80,38040,0
FINNIFTY16JUL2426200CE.NFO,2024-07-11,11:59:00,2024-07-16,1.0,1.0,1.0,1.0,560,38040,0
FINNIFTY16JUL2426200CE.NFO,2024-07-11,12:00:00,2024-07-16,1.0,1.0,1.0,1.0,840,38040,0
FINNIFTY16JUL2426200CE.NFO,2024-07-11,12:01:00,2024-07-16,1.0,1.0,1.0,1.0,0,38040,0
FINNIFTY16JUL2426200CE.NFO,2024-07-11,12:02:00,2024-07-16,1.0,1.0,1.0,1.0,40,39200,0
FINNIFTY16JUL2426200CE.NFO,2024-07-11,12:03:00,2024-07-16,1.0,1.0,1.0,1.0,0,39200,0
FINNIFTY16JUL2426200CE.NFO,2024-07-11,12:04:00,2024-07-16,1.0,1.05,0.95,0.95,240,39200,0
FINNIFTY16JUL2426200CE.NFO,2024-07-11,12:05:00,2024-07-16,0.95,0.95,0.95,0.95,200,39200,0
FINNIFTY16JUL2426200CE.NFO,2024-07-11,12:06:00,2024-07-16,0.95,1.0,0.95,1.0,1200,39000,0
FINNIFTY16JUL2426200CE.NFO,2024-07-11,12:07:00,2024-07-16,1.0,1.05,1.0,1.05,200,39000,0
FINNIFTY16JUL2426200CE.NFO,2024-07-11,12:08:00,2024-07-16,1.05,1.05,1.05,1.05,0,39000,0
FINNIFTY16JUL2426200CE.NFO,2024-07-11,12:09:00,2024-07-16,1.05,1.05,1.05,1.05,200,39000,0
FINNIFTY16JUL2426200CE.NFO,2024-07-11,12:10:00,2024-07-16,1.05,1.05,1.05,1.05,0,39000,0
FINNIFTY16JUL2426200CE.NFO,2024-07-11,12:11:00,2024-07-16,1.05,1.05,1.05,1.05,0,39000,0
FINNIFTY16JUL2426200CE.NFO,2024-07-11,12:12:00,2024-07-16,1.0,1.0,0.95,0.95,1680,38080,0
FINNIFTY16JUL2426200CE.NFO,2024-07-11,12:13:00,2024-07-16,0.95,0.95,0.95,0.95,0,38080,0
FINNIFTY16JUL2426200CE.NFO,2024-07-11,12:14:00,2024-07-16,0.95,0.95,0.95,0.95,0,38080,0
FINNIFTY16JUL2426200CE.NFO,2024-07-11,12:15:00,2024-07-16,0.95,0.95,0.95,0.95,0,38080,0
FINNIFTY16JUL2426200CE.NFO,2024-07-11,12:16:00,2024-07-16,0.95,0.95,0.95,0.95,0,38080,0
FINNIFTY16JUL2426200CE.NFO,2024-07-11,12:17:00,2024-07-16,0.95,0.95,0.95,0.95,1240,38120,0
FINNIFTY16JUL2426200CE.NFO,2024-07-11,12:18:00,2024-07-16,0.95,1.0,0.95,1.0,0,38120,0
FINNIFTY16JUL2426200CE.NFO,2024-07-11,12:19:00,2024-07-16,1.0,1.0,1.0,1.0,0,37720,0
FINNIFTY16JUL2426200CE.NFO,2024-07-11,12:20:00,2024-07-16,1.0,1.0,1.0,1.0,0,37720,0
FINNIFTY16JUL2426200CE.NFO,2024-07-11,12:21:00,2024-07-16,1.0,1.0,1.0,1.0,200,37720,0
FINNIFTY16JUL2426200CE.NFO,2024-07-11,12:22:00,2024-07-16,1.0,1.0,1.0,1.0,0,37720,0
FINNIFTY16JUL2426200CE.NFO,2024-07-11,12:23:00,2024-07-16,1.0,1.0,1.0,1.0,0,37720,0
FINNIFTY16JUL2426200CE.NFO,2024-07-11,12:24:00,2024-07-16,1.0,1.0,1.0,1.0,0,37720,0
FINNIFTY16JUL2426200CE.NFO,2024-07-11,12:25:00,2024-07-16,1.0,1.0,1.0,1.0,0,37720,0
FINNIFTY16JUL2426200CE.NFO,2024-07-11,12:26:00,2024-07-16,1.0,1.0,1.0,1.0,200,37720,0
FINNIFTY16JUL2426200CE.NFO,2024-07-11,12:27:00,2024-07-16,1.0,1.0,1.0,1.0,0,37720,0
FINNIFTY16JUL2426200CE.NFO,2024-07-11,12:28:00,2024-07-16,1.0,1.0,1.0,1.0,0,37720,0
FINNIFTY16JUL2426200CE.NFO,2024-07-11,12:29:00,2024-07-16,1.0,1.0,1.0,1.0,0,37720,0
FINNIFTY16JUL2426200CE.NFO,2024-07-11,12:30:00,2024-07-16,1.0,1.0,0.9,0.95,440,37720,0
FINNIFTY16JUL2426200CE.NFO,2024-07-11,12:31:00,2024-07-16,0.95,0.95,0.95,0.95,0,37720,0
FINNIFTY16JUL2426200CE.NFO,2024-07-11,12:32:00,2024-07-16,0.95,0.95,0.95,0.95,0,37720,0
FINNIFTY16JUL2426200CE.NFO,2024-07-11,12:33:00,2024-07-16,0.95,0.95,0.9,0.9,760,37720,0
FINNIFTY16JUL2426200CE.NFO,2024-07-11,12:34:00,2024-07-16,0.9,0.9,0.9,0.9,0,37720,0
FINNIFTY16JUL2426200CE.NFO,2024-07-11,12:35:00,2024-07-16,0.9,0.9,0.9,0.9,0,37720,0
FINNIFTY16JUL2426200CE.NFO,2024-07-11,12:36:00,2024-07-16,0.9,0.9,0.9,0.9,400,39080,0
FINNIFTY16JUL2426200CE.NFO,2024-07-11,12:37:00,2024-07-16,0.9,0.9,0.9,0.9,0,39080,0
FINNIFTY16JUL2426200CE.NFO,2024-07-11,12:38:00,2024-07-16,0.9,0.9,0.9,0.9,0,39080,0
FINNIFTY16JUL2426200CE.NFO,2024-07-11,12:39:00,2024-07-16,0.9,0.9,0.9,0.9,0,39080,0
FINNIFTY16JUL2426200CE.NFO,2024-07-11,12:40:00,2024-07-16,0.9,0.9,0.9,0.9,0,39080,0
FINNIFTY16JUL2426200CE.NFO,2024-07-11,12:41:00,2024-07-16,0.9,0.9,0.9,0.9,1560,39080,0
FINNIFTY16JUL2426200CE.NFO,2024-07-11,12:42:00,2024-07-16,0.9,0.9,0.9,0.9,0,39080,0
FINNIFTY16JUL2426200CE.NFO,2024-07-11,12:43:00,2024-07-16,0.9,0.9,0.9,0.9,0,39080,0
FINNIFTY16JUL2426200CE.NFO,2024-07-11,12:44:00,2024-07-16,0.9,0.9,0.9,0.9,0,39080,0
FINNIFTY16JUL2426200CE.NFO,2024-07-11,12:45:00,2024-07-16,0.9,0.9,0.9,0.9,0,39080,0
FINNIFTY16JUL2426200CE.NFO,2024-07-11,12:46:00,2024-07-16,0.9,0.9,0.9,0.9,0,39080,0
FINNIFTY16JUL2426200CE.NFO,2024-07-11,12:47:00,2024-07-16,0.9,0.9,0.9,0.9,1120,37840,0
FINNIFTY16JUL2426200CE.NFO,2024-07-11,12:48:00,2024-07-16,0.9,0.9,0.9,0.9,0,37840,0
FINNIFTY16JUL2426200CE.NFO,2024-07-11,12:49:00,2024-07-16,0.9,0.9,0.9,0.9,0,37840,0
FINNIFTY16JUL2426200CE.NFO,2024-07-11,12:50:00,2024-07-16,0.9,0.9,0.9,0.9,1200,38120,0
FINNIFTY16JUL2426200CE.NFO,2024-07-11,12:51:00,2024-07-16,0.9,0.9,0.85,0.85,200,38120,0
FINNIFTY16JUL2426200CE.NFO,2024-07-11,12:52:00,2024-07-16,0.85,0.85,0.85,0.85,520,38760,0
FINNIFTY16JUL2426200CE.NFO,2024-07-11,12:53:00,2024-07-16,0.85,0.85,0.85,0.85,360,38760,0
FINNIFTY16JUL2426200CE.NFO,2024-07-11,12:54:00,2024-07-16,0.85,0.85,0.85,0.85,0,38760,0
FINNIFTY16JUL2426200CE.NFO,2024-07-11,12:55:00,2024-07-16,0.8,0.8,0.8,0.8,200,38760,0
FINNIFTY16JUL2426200CE.NFO,2024-07-11,12:56:00,2024-07-16,0.8,0.8,0.8,0.8,0,38760,0
FINNIFTY16JUL2426200CE.NFO,2024-07-11,12:57:00,2024-07-16,0.8,0.8,0.8,0.8,520,38760,0
FINNIFTY16JUL2426200CE.NFO,2024-07-11,12:58:00,2024-07-16,0.8,0.8,0.8,0.8,0,38760,0
FINNIFTY16JUL2426200CE.NFO,2024-07-11,12:59:00,2024-07-16,0.8,0.8,0.8,0.8,0,38760,0
FINNIFTY16JUL2426200CE.NFO,2024-07-11,13:00:00,2024-07-16,0.8,0.8,0.8,0.8,0,38760,0
FINNIFTY16JUL2426200CE.NFO,2024-07-11,13:01:00,2024-07-16,0.8,0.8,0.8,0.8,0,38760,0
FINNIFTY16JUL2426200CE.NFO,2024-07-11,13:02:00,2024-07-16,0.8,0.8,0.8,0.8,0,38760,0
FINNIFTY16JUL2426200CE.NFO,2024-07-11,13:03:00,2024-07-16,0.8,0.8,0.8,0.8,0,38760,0
FINNIFTY16JUL2426200CE.NFO,2024-07-11,13:04:00,2024-07-16,0.8,0.8,0.8,0.8,0,38760,0
FINNIFTY16JUL2426200CE.NFO,2024-07-11,13:05:00,2024-07-16,0.8,0.8,0.8,0.8,0,38760,0
FINNIFTY16JUL2426200CE.NFO,2024-07-11,13:06:00,2024-07-16,0.8,0.8,0.8,0.8,0,38760,0
FINNIFTY16JUL2426200CE.NFO,2024-07-11,13:07:00,2024-07-16,0.8,0.8,0.8,0.8,0,38760,0
FINNIFTY16JUL2426200CE.NFO,2024-07-11,13:08:00,2024-07-16,0.8,0.8,0.8,0.8,0,38760,0
FINNIFTY16JUL2426200CE.NFO,2024-07-11,13:09:00,2024-07-16,0.8,0.8,0.8,0.8,0,38760,0
FINNIFTY16JUL2426200CE.NFO,2024-07-11,13:10:00,2024-07-16,0.8,0.8,0.8,0.8,200,38320,0
FINNIFTY16JUL2426200CE.NFO,2024-07-11,13:11:00,2024-07-16,0.8,0.8,0.8,0.8,800,38320,0
FINNIFTY16JUL2426200CE.NFO,2024-07-11,13:12:00,2024-07-16,0.8,0.8,0.8,0.8,0,38320,0
FINNIFTY16JUL2426200CE.NFO,2024-07-11,13:13:00,2024-07-16,0.8,0.8,0.8,0.8,0,38320,1
FINNIFTY16JUL2426200CE.NFO,2024-07-11,13:14:00,2024-07-16,0.8,0.8,0.8,0.8,0,38320,1
FINNIFTY16JUL2426200CE.NFO,2024-07-11,13:15:00,2024-07-16,0.8,0.8,0.8,0.8,0,38320,1
FINNIFTY16JUL2426200CE.NFO,2024-07-11,13:16:00,2024-07-16,0.8,0.8,0.8,0.8,320,37040,0
FINNIFTY16JUL2426200CE.NFO,2024-07-11,13:17:00,2024-07-16,0.8,0.8,0.8,0.8,320,37040,1
FINNIFTY16JUL2426200CE.NFO,2024-07-11,13:18:00,2024-07-16,0.8,0.8,0.8,0.8,200,37040,0
FINNIFTY16JUL2426200CE.NFO,2024-07-11,13:19:00,2024-07-16,0.8,0.8,0.8,0.8,0,37040,0
FINNIFTY16JUL2426200CE.NFO,2024-07-11,13:20:00,2024-07-16,0.8,0.8,0.75,0.75,600,37040,0
FINNIFTY16JUL2426200CE.NFO,2024-07-11,13:21:00,2024-07-16,0.75,0.8,0.75,0.8,200,37040,0
FINNIFTY16JUL2426200CE.NFO,2024-07-11,13:22:00,2024-07-16,0.8,0.8,0.8,0.8,0,36320,0
FINNIFTY16JUL2426200CE.NFO,2024-07-11,13:23:00,2024-07-16,0.8,0.8,0.8,0.8,200,36320,0
FINNIFTY16JUL2426200CE.NFO,2024-07-11,13:24:00,2024-07-16,0.8,0.8,0.8,0.8,680,36320,0
FINNIFTY16JUL2426200CE.NFO,2024-07-11,13:25:00,2024-07-16,0.8,0.8,0.8,0.8,0,36320,0
FINNIFTY16JUL2426200CE.NFO,2024-07-11,13:26:00,2024-07-16,0.8,0.8,0.8,0.8,0,36320,0
FINNIFTY16JUL2426200CE.NFO,2024-07-11,13:27:00,2024-07-16,0.8,0.8,0.8,0.8,0,36320,0
FINNIFTY16JUL2426200CE.NFO,2024-07-11,13:28:00,2024-07-16,0.8,0.8,0.8,0.8,0,37240,0
FINNIFTY16JUL2426200CE.NFO,2024-07-11,13:29:00,2024-07-16,0.8,0.8,0.8,0.8,480,37240,0
FINNIFTY16JUL2426200CE.NFO,2024-07-11,13:30:00,2024-07-16,0.8,0.8,0.8,0.8,200,37240,0
FINNIFTY16JUL2426200CE.NFO,2024-07-11,13:31:00,2024-07-16,0.8,0.8,0.8,0.8,800,37240,0
FINNIFTY16JUL2426200CE.NFO,2024-07-11,13:32:00,2024-07-16,0.8,0.8,0.8,0.8,0,37240,0
FINNIFTY16JUL2426200CE.NFO,2024-07-11,13:33:00,2024-07-16,0.8,0.8,0.8,0.8,400,37240,0
FINNIFTY16JUL2426200CE.NFO,2024-07-11,13:34:00,2024-07-16,0.8,0.8,0.8,0.8,0,37240,0
FINNIFTY16JUL2426200CE.NFO,2024-07-11,13:35:00,2024-07-16,0.8,0.8,0.8,0.8,200,37240,0
FINNIFTY16JUL2426200CE.NFO,2024-07-11,13:36:00,2024-07-16,0.8,0.8,0.8,0.8,200,37240,0
FINNIFTY16JUL2426200CE.NFO,2024-07-11,13:37:00,2024-07-16,0.8,0.85,0.8,0.8,800,37440,0
FINNIFTY16JUL2426200CE.NFO,2024-07-11,13:38:00,2024-07-16,0.8,0.85,0.8,0.8,400,37440,0
FINNIFTY16JUL2426200CE.NFO,2024-07-11,13:39:00,2024-07-16,0.8,0.85,0.8,0.8,40,37440,0
FINNIFTY16JUL2426200CE.NFO,2024-07-11,13:40:00,2024-07-16,0.8,0.8,0.75,0.8,640,37760,0
FINNIFTY16JUL2426200CE.NFO,2024-07-11,13:41:00,2024-07-16,0.8,0.8,0.75,0.75,200,37760,0
FINNIFTY16JUL2426200CE.NFO,2024-07-11,13:42:00,2024-07-16,0.75,0.75,0.75,0.75,600,37760,0
FINNIFTY16JUL2426200CE.NFO,2024-07-11,13:43:00,2024-07-16,0.75,0.75,0.75,0.75,600,36960,0
FINNIFTY16JUL2426200CE.NFO,2024-07-11,13:44:00,2024-07-16,0.75,0.75,0.75,0.75,160,36960,0
FINNIFTY16JUL2426200CE.NFO,2024-07-11,13:45:00,2024-07-16,0.75,0.75,0.75,0.75,800,36960,0
FINNIFTY16JUL2426200CE.NFO,2024-07-11,13:46:00,2024-07-16,0.75,0.75,0.7,0.75,320,36960,0
FINNIFTY16JUL2426200CE.NFO,2024-07-11,13:47:00,2024-07-16,0.75,0.8,0.7,0.8,440,36960,0
FINNIFTY16JUL2426200CE.NFO,2024-07-11,13:48:00,2024-07-16,0.8,0.8,0.8,0.8,0,36960,0
FINNIFTY16JUL2426200CE.NFO,2024-07-11,13:49:00,2024-07-16,0.8,0.8,0.8,0.8,0,36960,0
FINNIFTY16JUL2426200CE.NFO,2024-07-11,13:50:00,2024-07-16,0.8,0.8,0.8,0.8,0,36960,0
FINNIFTY16JUL2426200CE.NFO,2024-07-11,13:51:00,2024-07-16,0.8,0.8,0.8,0.8,0,36960,0
FINNIFTY16JUL2426200CE.NFO,2024-07-11,13:52:00,2024-07-16,0.75,0.75,0.75,0.75,520,37120,0
FINNIFTY16JUL2426200CE.NFO,2024-07-11,13:53:00,2024-07-16,0.75,0.75,0.75,0.75,200,37120,0
FINNIFTY16JUL2426200CE.NFO,2024-07-11,13:54:00,2024-07-16,0.75,0.75,0.75,0.75,0,37120,0
FINNIFTY16JUL2426200CE.NFO,2024-07-11,13:55:00,2024-07-16,0.75,0.75,0.75,0.75,0,37120,1
FINNIFTY16JUL2426200CE.NFO,2024-07-11,13:56:00,2024-07-16,0.75,0.75,0.75,0.75,880,37120,0
FINNIFTY16JUL2426200CE.NFO,2024-07-11,13:57:00,2024-07-16,0.75,0.75,0.75,0.75,0,37120,0
FINNIFTY16JUL2426200CE.NFO,2024-07-11,13:58:00,2024-07-16,0.75,0.75,0.75,0.75,0,37120,1
FINNIFTY16JUL2426200CE.NFO,2024-07-11,13:59:00,2024-07-16,0.75,0.75,0.75,0.75,0,37120,0
FINNIFTY16JUL2426200CE.NFO,2024-07-11,14:00:00,2024-07-16,0.75,0.75,0.75,0.75,40,37120,0
FINNIFTY16JUL2426200CE.NFO,2024-07-11,14:01:00,2024-07-16,0.75,0.75,0.75,0.75,0,37120,0
FINNIFTY16JUL2426200CE.NFO,2024-07-11,14:02:00,2024-07-16,0.75,0.75,0.75,0.75,840,37120,0
FINNIFTY16JUL2426200CE.NFO,2024-07-11,14:03:00,2024-07-16,0.75,0.75,0.75,0.75,120,37120,0
FINNIFTY16JUL2426200CE.NFO,2024-07-11,14:04:00,2024-07-16,0.75,0.75,0.75,0.75,0,37120,0
FINNIFTY16JUL2426200CE.NFO,2024-07-11,14:05:00,2024-07-16,0.75,0.75,0.75,0.75,0,37120,0
FINNIFTY16JUL2426200CE.NFO,2024-07-11,14:06:00,2024-07-16,0.75,0.75,0.7,0.7,80,37120,0
FINNIFTY16JUL2426200CE.NFO,2024-07-11,14:07:00,2024-07-16,0.7,0.7,0.7,0.7,720,37120,0
FINNIFTY16JUL2426200CE.NFO,2024-07-11,14:08:00,2024-07-16,0.7,0.7,0.7,0.7,560,37120,0
FINNIFTY16JUL2426200CE.NFO,2024-07-11,14:09:00,2024-07-16,0.7,0.7,0.7,0.7,800,37120,0
FINNIFTY16JUL2426200CE.NFO,2024-07-11,14:10:00,2024-07-16,0.7,0.7,0.7,0.7,240,37120,0
FINNIFTY16JUL2426200CE.NFO,2024-07-11,14:11:00,2024-07-16,0.7,0.7,0.7,0.7,600,37120,0
FINNIFTY16JUL2426200CE.NFO,2024-07-11,14:12:00,2024-07-16,0.7,0.7,0.7,0.7,640,37120,0
FINNIFTY16JUL2426200CE.NFO,2024-07-11,14:13:00,2024-07-16,0.7,0.7,0.7,0.7,0,37720,0
FINNIFTY16JUL2426200CE.NFO,2024-07-11,14:14:00,2024-07-16,0.7,0.7,0.7,0.7,0,37720,0
FINNIFTY16JUL2426200CE.NFO,2024-07-11,14:15:00,2024-07-16,0.7,0.7,0.7,0.7,0,37720,0
FINNIFTY16JUL2426200CE.NFO,2024-07-11,14:16:00,2024-07-16,0.7,0.7,0.7,0.7,0,37720,0
FINNIFTY16JUL2426200CE.NFO,2024-07-11,14:17:00,2024-07-16,0.7,0.7,0.7,0.7,0,37720,0
FINNIFTY16JUL2426200CE.NFO,2024-07-11,14:18:00,2024-07-16,0.7,0.7,0.7,0.7,0,37720,0
FINNIFTY16JUL2426200CE.NFO,2024-07-11,14:19:00,2024-07-16,0.7,0.7,0.7,0.7,0,37720,1
FINNIFTY16JUL2426200CE.NFO,2024-07-11,14:20:00,2024-07-16,0.7,0.7,0.7,0.7,0,37720,0
FINNIFTY16JUL2426200CE.NFO,2024-07-11,14:21:00,2024-07-16,0.7,0.7,0.7,0.7,0,37720,0
FINNIFTY16JUL2426200CE.NFO,2024-07-11,14:22:00,2024-07-16,0.7,0.7,0.7,0.7,80,37720,0
FINNIFTY16JUL2426200CE.NFO,2024-07-11,14:23:00,2024-07-16,0.7,0.7,0.7,0.7,0,37720,0
FINNIFTY16JUL2426200CE.NFO,2024-07-11,14:24:00,2024-07-16,0.7,0.7,0.7,0.7,0,37720,0
FINNIFTY16JUL2426200CE.NFO,2024-07-11,14:25:00,2024-07-16,0.7,0.7,0.7,0.7,0,37720,0
FINNIFTY16JUL2426200CE.NFO,2024-07-11,14:26:00,2024-07-16,0.7,0.7,0.7,0.7,0,37720,0
FINNIFTY16JUL2426200CE.NFO,2024-07-11,14:27:00,2024-07-16,0.7,0.7,0.7,0.7,0,37720,0
FINNIFTY16JUL2426200CE.NFO,2024-07-11,14:28:00,2024-07-16,0.65,0.65,0.65,0.65,0,37720,0
FINNIFTY16JUL2426200CE.NFO,2024-07-11,14:29:00,2024-07-16,0.65,0.65,0.65,0.65,0,37720,0
FINNIFTY16JUL2426200CE.NFO,2024-07-11,14:30:00,2024-07-16,0.7,0.7,0.7,0.7,40,37720,0
FINNIFTY16JUL2426200CE.NFO,2024-07-11,14:31:00,2024-07-16,0.7,0.7,0.7,0.7,0,37720,0
FINNIFTY16JUL2426200CE.NFO,2024-07-11,14:32:00,2024-07-16,0.7,0.7,0.7,0.7,0,37720,0
FINNIFTY16JUL2426200CE.NFO,2024-07-11,14:33:00,2024-07-16,0.7,0.7,0.7,0.7,0,37720,0
FINNIFTY16JUL2426200CE.NFO,2024-07-11,14:34:00,2024-07-16,0.7,0.7,0.7,0.7,0,37720,0
FINNIFTY16JUL2426200CE.NFO,2024-07-11,14:35:00,2024-07-16,0.7,0.7,0.7,0.7,0,37720,1
FINNIFTY16JUL2426200CE.NFO,2024-07-11,14:36:00,2024-07-16,0.7,0.7,0.7,0.7,0,37720,0
FINNIFTY16JUL2426200CE.NFO,2024-07-11,14:37:00,2024-07-16,0.7,0.7,0.7,0.7,0,37720,0
FINNIFTY16JUL2426200CE.NFO,2024-07-11,14:38:00,2024-07-16,0.7,0.7,0.7,0.7,0,37720,0
FINNIFTY16JUL2426200CE.NFO,2024-07-11,14:39:00,2024-07-16,0.7,0.7,0.7,0.7,0,37720,0
FINNIFTY16JUL2426200CE.NFO,2024-07-11,14:40:00,2024-07-16,0.7,0.7,0.7,0.7,0,37720,0
FINNIFTY16JUL2426200CE.NFO,2024-07-11,14:41:00,2024-07-16,0.7,0.7,0.7,0.7,560,37720,0
FINNIFTY16JUL2426200CE.NFO,2024-07-11,14:42:00,2024-07-16,0.7,0.7,0.7,0.7,120,37720,0
FINNIFTY16JUL2426200CE.NFO,2024-07-11,14:43:00,2024-07-16,0.7,0.7,0.7,0.7,240,37880,0
FINNIFTY16JUL2426200CE.NFO,2024-07-11,14:44:00,2024-07-16,0.7,0.7,0.7,0.7,0,37880,0
FINNIFTY16JUL2426200CE.NFO,2024-07-11,14:45:00,2024-07-16,0.7,0.7,0.7,0.7,0,37880,0
FINNIFTY16JUL2426200CE.NFO,2024-07-11,14:46:00,2024-07-16,0.7,0.7,0.7,0.7,0,37880,0
FINNIFTY16JUL2426200CE.NFO,2024-07-11,14:47:00,2024-07-16,0.7,0.7,0.7,0.7,0,37880,0
FINNIFTY16JUL2426200CE.NFO,2024-07-11,14:48:00,2024-07-16,0.7,0.7,0.7,0.7,0,37880,0
FINNIFTY16JUL2426200CE.NFO,2024-07-11,14:49:00,2024-07-16,0.7,0.7,0.7,0.7,0,37880,0
FINNIFTY16JUL2426200CE.NFO,2024-07-11,14:50:00,2024-07-16,0.7,0.7,0.7,0.7,0,37880,0
FINNIFTY16JUL2426200CE.NFO,2024-07-11,14:51:00,2024-07-16,0.7,0.7,0.7,0.7,0,37880,0
FINNIFTY16JUL2426200CE.NFO,2024-07-11,14:52:00,2024-07-16,0.7,0.7,0.7,0.7,0,37880,0
FINNIFTY16JUL2426200CE.NFO,2024-07-11,14:53:00,2024-07-16,0.7,0.7,0.65,0.65,240,37720,0
FINNIFTY16JUL2426200CE.NFO,2024-07-11,14:54:00,2024-07-16,0.65,0.65,0.65,0.65,0,37720,0
FINNIFTY16JUL2426200CE.NFO,2024-07-11,14:55:00,2024-07-16,0.65,0.65,0.65,0.65,0,37720,0
FINNIFTY16JUL2426200CE.NFO,2024-07-11,14:56:00,2024-07-16,0.65,0.65,0.65,0.65,0,37720,0
FINNIFTY16JUL2426200CE.NFO,2024-07-11,14:57:00,2024-07-16,0.65,0.65,0.65,0.65,0,37720,0
FINNIFTY16JUL2426200CE.NFO,2024-07-11,14:58:00,2024-07-16,0.65,0.75,0.65,0.7,360,37480,0
FINNIFTY16JUL2426200CE.NFO,2024-07-11,14:59:00,2024-07-16,0.7,0.7,0.65,0.65,0,37480,0
FINNIFTY16JUL2426200CE.NFO,2024-07-11,15:00:00,2024-07-16,0.65,0.65,0.65,0.65,0,37480,0
FINNIFTY16JUL2426200CE.NFO,2024-07-11,15:01:00,2024-07-16,0.65,0.7,0.65,0.7,280,37480,0
FINNIFTY16JUL2426200CE.NFO,2024-07-11,15:02:00,2024-07-16,0.7,0.7,0.7,0.7,40,37480,0
FINNIFTY16JUL2426200CE.NFO,2024-07-11,15:03:00,2024-07-16,0.7,0.7,0.65,0.65,200,37480,0
FINNIFTY16JUL2426200CE.NFO,2024-07-11,15:04:00,2024-07-16,0.65,0.7,0.65,0.7,80,37480,0
FINNIFTY16JUL2426200CE.NFO,2024-07-11,15:05:00,2024-07-16,0.7,0.7,0.65,0.65,200,37480,0
FINNIFTY16JUL2426200CE.NFO,2024-07-11,15:06:00,2024-07-16,0.65,0.65,0.65,0.65,280,37480,0
FINNIFTY16JUL2426200CE.NFO,2024-07-11,15:07:00,2024-07-16,0.65,0.65,0.65,0.65,200,37480,0
FINNIFTY16JUL2426200CE.NFO,2024-07-11,15:08:00,2024-07-16,0.65,0.65,0.65,0.65,0,37480,0
FINNIFTY16JUL2426200CE.NFO,2024-07-11,15:09:00,2024-07-16,0.65,0.65,0.65,0.65,0,37480,0
FINNIFTY16JUL2426200CE.NFO,2024-07-11,15:10:00,2024-07-16,0.65,0.65,0.65,0.65,480,37480,0
FINNIFTY16JUL2426200CE.NFO,2024-07-11,15:11:00,2024-07-16,0.65,0.65,0.6,0.6,200,37480,0
FINNIFTY16JUL2426200CE.NFO,2024-07-11,15:12:00,2024-07-16,0.6,0.6,0.6,0.6,0,37480,0
FINNIFTY16JUL2426200CE.NFO,2024-07-11,15:13:00,2024-07-16,0.6,0.6,0.6,0.6,600,37480,0
FINNIFTY16JUL2426200CE.NFO,2024-07-11,15:14:00,2024-07-16,0.6,0.6,0.6,0.6,0,37480,0
FINNIFTY16JUL2426200CE.NFO,2024-07-11,15:15:00,2024-07-16,0.6,0.6,0.6,0.6,0,37480,0
FINNIFTY16JUL2426200CE.NFO,2024-07-11,15:16:00,2024-07-16,0.6,0.6,0.6,0.6,400,37160,0
FINNIFTY16JUL2426200CE.NFO,2024-07-11,15:17:00,2024-07-16,0.6,0.6,0.6,0.6,440,37160,0
FINNIFTY16JUL2426200CE.NFO,2024-07-11,15:18:00,2024-07-16,0.6,0.65,0.6,0.65,0,37160,0
FINNIFTY16JUL2426200CE.NFO,2024-07-11,15:19:00,2024-07-16,0.65,0.65,0.65,0.65,0,37160,0
FINNIFTY16JUL2426200CE.NFO,2024-07-11,15:20:00,2024-07-16,0.65,0.65,0.6,0.6,200,34120,0
FINNIFTY16JUL2426200CE.NFO,2024-07-11,15:21:00,2024-07-16,0.6,0.6,0.6,0.6,0,34120,0
FINNIFTY16JUL2426200CE.NFO,2024-07-11,15:22:00,2024-07-16,0.6,0.6,0.55,0.55,6400,33920,0
FINNIFTY16JUL2426200CE.NFO,2024-07-11,15:23:00,2024-07-16,0.55,0.55,0.55,0.55,880,33920,0
FINNIFTY16JUL2426200CE.NFO,2024-07-11,15:24:00,2024-07-16,0.55,0.55,0.55,0.55,0,33920,0
FINNIFTY16JUL2426200CE.NFO,2024-07-11,15:25:00,2024-07-16,0.55,0.55,0.55,0.55,440,33920,0
FINNIFTY16JUL2426200CE.NFO,2024-07-11,15:26:00,2024-07-16,0.55,0.6,0.55,0.6,2640,32080,0
FINNIFTY16JUL2426200CE.NFO,2024-07-11,15:27:00,2024-07-16,0.6,0.75,0.6,0.75,8440,32080,0
FINNIFTY16JUL2426200CE.NFO,2024-07-11,15:28:00,2024-07-16,0.75,0.85,0.65,0.65,6440,26240,0
FINNIFTY16JUL2426200CE.NFO,2024-07-11,15:29:00,2024-07-16,0.65,0.65,0.55,0.55,2440,26240,0
FINNIFTY16JUL2426200CE.NFO,2024-07-11,15:30:00,2024-07-16,0.55,0.55,0.55,0.55,2440,26240,1
FINNIFTY16JUL2426200CE.NFO,2024-07-12,09:15:00,2024-07-16,0.65,0.65,0.4,0.4,6800,24360,0
FINNIFTY16JUL2426200CE.NFO,2024-07-12,09:16:00,2024-07-16,0.45,0.65,0.45,0.6,12680,24360,0
FINNIFTY16JUL2426200CE.NFO,2024-07-12,09:17:00,2024-07-16,0.6,0.65,0.55,0.6,6320,24360,0
FINNIFTY16JUL2426200CE.NFO,2024-07-12,09:18:00,2024-07-16,0.6,0.6,0.5,0.5,5880,25400,0
FINNIFTY16JUL2426200CE.NFO,2024-07-12,09:19:00,2024-07-16,0.5,0.5,0.5,0.5,3440,25400,0
FINNIFTY16JUL2426200CE.NFO,2024-07-12,09:20:00,2024-07-16,0.5,0.5,0.5,0.5,520,25400,0
FINNIFTY16JUL2426200CE.NFO,2024-07-12,09:21:00,2024-07-16,0.5,0.5,0.45,0.45,6920,24840,0
FINNIFTY16JUL2426200CE.NFO,2024-07-12,09:22:00,2024-07-16,0.45,0.45,0.4,0.45,3280,24840,0
FINNIFTY16JUL2426200CE.NFO,2024-07-12,09:23:00,2024-07-16,0.45,0.45,0.4,0.4,2680,24840,0
FINNIFTY16JUL2426200CE.NFO,2024-07-12,09:24:00,2024-07-16,0.4,0.4,0.35,0.35,4120,35360,0
FINNIFTY16JUL2426200CE.NFO,2024-07-12,09:25:00,2024-07-16,0.35,0.4,0.35,0.35,2400,35360,0
FINNIFTY16JUL2426200CE.NFO,2024-07-12,09:26:00,2024-07-16,0.4,0.4,0.35,0.4,520,35360,0
FINNIFTY16JUL2426200CE.NFO,2024-07-12,09:27:00,2024-07-16,0.4,0.4,0.35,0.35,2560,35800,0
FINNIFTY16JUL2426200CE.NFO,2024-07-12,09:28:00,2024-07-16,0.35,0.35,0.35,0.35,0,35800,0
FINNIFTY16JUL2426200CE.NFO,2024-07-12,09:29:00,2024-07-16,0.35,0.35,0.35,0.35,5680,35800,0
FINNIFTY16JUL2426200CE.NFO,2024-07-12,09:30:00,2024-07-16,0.35,0.35,0.35,0.35,0,35800,0
FINNIFTY16JUL2426200CE.NFO,2024-07-12,09:31:00,2024-07-16,0.35,0.35,0.35,0.35,160,43000,0
FINNIFTY16JUL2426200CE.NFO,2024-07-12,09:32:00,2024-07-16,0.35,0.4,0.35,0.4,40,43000,0
FINNIFTY16JUL2426200CE.NFO,2024-07-12,09:33:00,2024-07-16,0.4,0.4,0.35,0.35,1000,43000,0
FINNIFTY16JUL2426200CE.NFO,2024-07-12,09:34:00,2024-07-16,0.35,0.4,0.35,0.4,480,43000,0
FINNIFTY16JUL2426200CE.NFO,2024-07-12,09:35:00,2024-07-16,0.4,0.4,0.4,0.4,1400,43000,0
FINNIFTY16JUL2426200CE.NFO,2024-07-12,09:36:00,2024-07-16,0.4,0.4,0.4,0.4,200,43000,0
FINNIFTY16JUL2426200CE.NFO,2024-07-12,09:37:00,2024-07-16,0.4,0.4,0.4,0.4,80,43200,0
FINNIFTY16JUL2426200CE.NFO,2024-07-12,09:38:00,2024-07-16,0.4,0.4,0.4,0.4,0,43200,0
FINNIFTY16JUL2426200CE.NFO,2024-07-12,09:39:00,2024-07-16,0.4,0.4,0.35,0.35,80,43200,0
FINNIFTY16JUL2426200CE.NFO,2024-07-12,09:40:00,2024-07-16,0.35,0.4,0.35,0.4,200,43200,0
FINNIFTY16JUL2426200CE.NFO,2024-07-12,09:41:00,2024-07-16,0.4,0.4,0.4,0.4,0,43200,0
FINNIFTY16JUL2426200CE.NFO,2024-07-12,09:42:00,2024-07-16,0.4,0.4,0.4,0.4,240,43200,0
FINNIFTY16JUL2426200CE.NFO,2024-07-12,09:43:00,2024-07-16,0.4,0.4,0.4,0.4,0,43200,0
FINNIFTY16JUL2426200CE.NFO,2024-07-12,09:44:00,2024-07-16,0.4,0.4,0.4,0.4,3640,43200,0
FINNIFTY16JUL2426200CE.NFO,2024-07-12,09:45:00,2024-07-16,0.4,0.4,0.4,0.4,120,43560,0
FINNIFTY16JUL2426200CE.NFO,2024-07-12,09:46:00,2024-07-16,0.4,0.4,0.4,0.4,0,43560,0
FINNIFTY16JUL2426200CE.NFO,2024-07-12,09:47:00,2024-07-16,0.4,0.4,0.4,0.4,0,43560,0
FINNIFTY16JUL2426200CE.NFO,2024-07-12,09:48:00,2024-07-16,0.4,0.4,0.4,0.4,5320,43560,0
FINNIFTY16JUL2426200CE.NFO,2024-07-12,09:49:00,2024-07-16,0.4,0.4,0.4,0.4,5800,43560,0
FINNIFTY16JUL2426200CE.NFO,2024-07-12,09:50:00,2024-07-16,0.4,0.4,0.4,0.4,0,43560,0
FINNIFTY16JUL2426200CE.NFO,2024-07-12,09:51:00,2024-07-16,0.4,0.4,0.4,0.4,3160,40360,0
FINNIFTY16JUL2426200CE.NFO,2024-07-12,09:52:00,2024-07-16,0.4,0.45,0.4,0.45,5480,40360,0
FINNIFTY16JUL2426200CE.NFO,2024-07-12,09:53:00,2024-07-16,0.45,0.5,0.45,0.5,2560,40360,0
FINNIFTY16JUL2426200CE.NFO,2024-07-12,09:54:00,2024-07-16,0.5,0.5,0.45,0.5,480,40360,0
FINNIFTY16JUL2426200CE.NFO,2024-07-12,09:55:00,2024-07-16,0.5,0.5,0.45,0.45,4120,42400,0
FINNIFTY16JUL2426200CE.NFO,2024-07-12,09:56:00,2024-07-16,0.45,0.5,0.45,0.45,200,42400,0
FINNIFTY16JUL2426200CE.NFO,2024-07-12,09:57:00,2024-07-16,0.45,0.45,0.45,0.45,0,42400,0
FINNIFTY16JUL2426200CE.NFO,2024-07-12,09:58:00,2024-07-16,0.45,0.45,0.45,0.45,3760,39400,0
FINNIFTY16JUL2426200CE.NFO,2024-07-12,09:59:00,2024-07-16,0.45,0.45,0.45,0.45,1440,39400,0
FINNIFTY16JUL2426200CE.NFO,2024-07-12,10:00:00,2024-07-16,0.45,0.45,0.45,0.45,0,39400,0
FINNIFTY16JUL2426200CE.NFO,2024-07-12,10:01:00,2024-07-16,0.45,0.45,0.45,0.45,0,39400,0
FINNIFTY16JUL2426200CE.NFO,2024-07-12,10:02:00,2024-07-16,0.45,0.45,0.45,0.45,0,39400,0
FINNIFTY16JUL2426200CE.NFO,2024-07-12,10:03:00,2024-07-16,0.45,0.45,0.45,0.45,0,39400,0
FINNIFTY16JUL2426200CE.NFO,2024-07-12,10:04:00,2024-07-16,0.45,0.45,0.45,0.45,0,39400,0
FINNIFTY16JUL2426200CE.NFO,2024-07-12,10:05:00,2024-07-16,0.45,0.45,0.45,0.45,0,39400,0
FINNIFTY16JUL2426200CE.NFO,2024-07-12,10:06:00,2024-07-16,0.45,0.45,0.45,0.45,3600,37840,0
FINNIFTY16JUL2426200CE.NFO,2024-07-12,10:07:00,2024-07-16,0.45,0.45,0.4,0.4,160,37840,0
FINNIFTY16JUL2426200CE.NFO,2024-07-12,10:08:00,2024-07-16,0.4,0.4,0.4,0.4,0,37840,0
FINNIFTY16JUL2426200CE.NFO,2024-07-12,10:09:00,2024-07-16,0.4,0.4,0.4,0.4,0,37840,0
FINNIFTY16JUL2426200CE.NFO,2024-07-12,10:10:00,2024-07-16,0.4,0.4,0.4,0.4,0,37840,0
FINNIFTY16JUL2426200CE.NFO,2024-07-12,10:11:00,2024-07-16,0.4,0.4,0.4,0.4,0,37840,0
FINNIFTY16JUL2426200CE.NFO,2024-07-12,10:12:00,2024-07-16,0.4,0.4,0.4,0.4,0,37840,0
FINNIFTY16JUL2426200CE.NFO,2024-07-12,10:13:00,2024-07-16,0.4,0.4,0.4,0.4,0,37840,0
FINNIFTY16JUL2426200CE.NFO,2024-07-12,10:14:00,2024-07-16,0.4,0.4,0.4,0.4,0,37840,0
FINNIFTY16JUL2426200CE.NFO,2024-07-12,10:15:00,2024-07-16,0.4,0.4,0.4,0.4,0,37840,0
FINNIFTY16JUL2426200CE.NFO,2024-07-12,10:16:00,2024-07-16,0.4,0.4,0.4,0.4,0,37840,0
FINNIFTY16JUL2426200CE.NFO,2024-07-12,10:17:00,2024-07-16,0.4,0.4,0.4,0.4,0,37840,0
FINNIFTY16JUL2426200CE.NFO,2024-07-12,10:18:00,2024-07-16,0.4,0.4,0.4,0.4,200,34520,0
FINNIFTY16JUL2426200CE.NFO,2024-07-12,10:19:00,2024-07-16,0.4,0.4,0.4,0.4,2040,34520,0
FINNIFTY16JUL2426200CE.NFO,2024-07-12,10:20:00,2024-07-16,0.4,0.4,0.35,0.4,2080,34520,0
FINNIFTY16JUL2426200CE.NFO,2024-07-12,10:21:00,2024-07-16,0.4,0.4,0.35,0.35,400,34280,0
FINNIFTY16JUL2426200CE.NFO,2024-07-12,10:22:00,2024-07-16,0.35,0.35,0.35,0.35,1320,34280,0
FINNIFTY16JUL2426200CE.NFO,2024-07-12,10:23:00,2024-07-16,0.35,0.4,0.35,0.4,1200,34280,0
FINNIFTY16JUL2426200CE.NFO,2024-07-12,10:24:00,2024-07-16,0.4,0.4,0.4,0.4,1920,34280,0
FINNIFTY16JUL2426200CE.NFO,2024-07-12,10:25:00,2024-07-16,0.4,0.4,0.35,0.4,1880,34280,0
FINNIFTY16JUL2426200CE.NFO,2024-07-12,10:26:00,2024-07-16,0.4,0.4,0.4,0.4,0,34280,0
FINNIFTY16JUL2426200CE.NFO,2024-07-12,10:27:00,2024-07-16,0.4,0.4,0.35,0.35,400,35880,0
FINNIFTY16JUL2426200CE.NFO,2024-07-12,10:28:00,2024-07-16,0.35,0.35,0.35,0.35,600,35880,0
FINNIFTY16JUL2426200CE.NFO,2024-07-12,10:29:00,2024-07-16,0.35,0.35,0.35,0.35,1400,35880,0
FINNIFTY16JUL2426200CE.NFO,2024-07-12,10:30:00,2024-07-16,0.35,0.35,0.35,0.35,800,35880,0
FINNIFTY16JUL2426200CE.NFO,2024-07-12,10:31:00,2024-07-16,0.35,0.35,0.35,0.35,200,35880,0
FINNIFTY16JUL2426200CE.NFO,2024-07-12,10:32:00,2024-07-16,0.35,0.35,0.35,0.35,0,35880,0
FINNIFTY16JUL2426200CE.NFO,2024-07-12,10:33:00,2024-07-16,0.35,0.35,0.35,0.35,0,35880,0
FINNIFTY16JUL2426200CE.NFO,2024-07-12,10:34:00,2024-07-16,0.35,0.4,0.35,0.4,240,35880,0
FINNIFTY16JUL2426200CE.NFO,2024-07-12,10:35:00,2024-07-16,0.4,0.4,0.4,0.4,0,35880,0
FINNIFTY16JUL2426200CE.NFO,2024-07-12,10:36:00,2024-07-16,0.4,0.4,0.4,0.4,0,35880,0
FINNIFTY16JUL2426200CE.NFO,2024-07-12,10:37:00,2024-07-16,0.4,0.4,0.4,0.4,0,35880,0
FINNIFTY16JUL2426200CE.NFO,2024-07-12,10:38:00,2024-07-16,0.4,0.4,0.35,0.35,240,35880,0
FINNIFTY16JUL2426200CE.NFO,2024-07-12,10:39:00,2024-07-16,0.35,0.35,0.35,0.35,200,35880,0
FINNIFTY16JUL2426200CE.NFO,2024-07-12,10:40:00,2024-07-16,0.35,0.35,0.35,0.35,0,35880,0
FINNIFTY16JUL2426200CE.NFO,2024-07-12,10:41:00,2024-07-16,0.35,0.4,0.35,0.4,1320,35640,0
FINNIFTY16JUL2426200CE.NFO,2024-07-12,10:42:00,2024-07-16,0.4,0.4,0.4,0.4,920,36640,0
FINNIFTY16JUL2426200CE.NFO,2024-07-12,10:43:00,2024-07-16,0.4,0.4,0.4,0.4,200,36640,0
FINNIFTY16JUL2426200CE.NFO,2024-07-12,10:44:00,2024-07-16,0.4,0.4,0.4,0.4,0,36640,0
FINNIFTY16JUL2426200CE.NFO,2024-07-12,10:45:00,2024-07-16,0.4,0.4,0.4,0.4,0,36640,0
FINNIFTY16JUL2426200CE.NFO,2024-07-12,10:46:00,2024-07-16,0.4,0.4,0.4,0.4,0,36640,0
FINNIFTY16JUL2426200CE.NFO,2024-07-12,10:47:00,2024-07-16,0.4,0.4,0.4,0.4,0,36640,0
FINNIFTY16JUL2426200CE.NFO,2024-07-12,10:48:00,2024-07-16,0.4,0.4,0.4,0.4,200,36640,0
FINNIFTY16JUL2426200CE.NFO,2024-07-12,10:49:00,2024-07-16,0.4,0.4,0.4,0.4,400,36640,0
FINNIFTY16JUL2426200CE.NFO,2024-07-12,10:50:00,2024-07-16,0.4,0.4,0.35,0.4,640,36640,0
FINNIFTY16JUL2426200CE.NFO,2024-07-12,10:51:00,2024-07-16,0.4,0.4,0.35,0.35,320,36640,0
FINNIFTY16JUL2426200CE.NFO,2024-07-12,10:52:00,2024-07-16,0.35,0.35,0.35,0.35,0,36640,0
FINNIFTY16JUL2426200CE.NFO,2024-07-12,10:53:00,2024-07-16,0.35,0.35,0.35,0.35,3360,36720,0
FINNIFTY16JUL2426200CE.NFO,2024-07-12,10:54:00,2024-07-16,0.35,0.4,0.35,0.4,1040,36720,0
FINNIFTY16JUL2426200CE.NFO,2024-07-12,10:55:00,2024-07-16,0.4,0.4,0.4,0.4,2840,36360,0
FINNIFTY16JUL2426200CE.NFO,2024-07-12,10:56:00,2024-07-16,0.4,0.4,0.4,0.4,0,36360,0
FINNIFTY16JUL2426200CE.NFO,2024-07-12,10:57:00,2024-07-16,0.4,0.4,0.4,0.4,0,36360,0
FINNIFTY16JUL2426200CE.NFO,2024-07-12,10:58:00,2024-07-16,0.4,0.4,0.4,0.4,0,36360,0
FINNIFTY16JUL2426200CE.NFO,2024-07-12,10:59:00,2024-07-16,0.4,0.4,0.4,0.4,80,36720,0
FINNIFTY16JUL2426200CE.NFO,2024-07-12,11:00:00,2024-07-16,0.4,0.4,0.4,0.4,280,36720,0
FINNIFTY16JUL2426200CE.NFO,2024-07-12,11:01:00,2024-07-16,0.4,0.4,0.35,0.35,1360,36360,0
FINNIFTY16JUL2426200CE.NFO,2024-07-12,11:02:00,2024-07-16,0.35,0.35,0.35,0.35,0,36360,0
FINNIFTY16JUL2426200CE.NFO,2024-07-12,11:03:00,2024-07-16,0.35,0.35,0.35,0.35,0,36360,0
FINNIFTY16JUL2426200CE.NFO,2024-07-12,11:04:00,2024-07-16,0.35,0.35,0.35,0.35,0,36360,0
FINNIFTY16JUL2426200CE.NFO,2024-07-12,11:05:00,2024-07-16,0.35,0.4,0.35,0.4,120,34440,0
FINNIFTY16JUL2426200CE.NFO,2024-07-12,11:06:00,2024-07-16,0.4,0.4,0.4,0.4,0,34440,0
FINNIFTY16JUL2426200CE.NFO,2024-07-12,11:07:00,2024-07-16,0.4,0.4,0.35,0.35,3280,34440,0
FINNIFTY16JUL2426200CE.NFO,2024-07-12,11:08:00,2024-07-16,0.35,0.4,0.35,0.4,1160,34440,0
FINNIFTY16JUL2426200CE.NFO,2024-07-12,11:09:00,2024-07-16,0.4,0.4,0.4,0.4,1120,34560,0
FINNIFTY16JUL2426200CE.NFO,2024-07-12,11:10:00,2024-07-16,0.4,0.4,0.4,0.4,0,34560,0
FINNIFTY16JUL2426200CE.NFO,2024-07-12,11:11:00,2024-07-16,0.4,0.4,0.4,0.4,200,34560,0
FINNIFTY16JUL2426200CE.NFO,2024-07-12,11:12:00,2024-07-16,0.4,0.4,0.4,0.4,0,34560,0
FINNIFTY16JUL2426200CE.NFO,2024-07-12,11:13:00,2024-07-16,0.4,0.4,0.4,0.4,0,34560,0
FINNIFTY16JUL2426200CE.NFO,2024-07-12,11:14:00,2024-07-16,0.4,0.4,0.4,0.4,0,34560,0
FINNIFTY16JUL2426200CE.NFO,2024-07-12,11:15:00,2024-07-16,0.4,0.4,0.4,0.4,0,34560,0
FINNIFTY16JUL2426200CE.NFO,2024-07-12,11:16:00,2024-07-16,0.4,0.4,0.4,0.4,0,34560,0
FINNIFTY16JUL2426200CE.NFO,2024-07-12,11:17:00,2024-07-16,0.4,0.4,0.4,0.4,200,34560,0
FINNIFTY16JUL2426200CE.NFO,2024-07-12,11:18:00,2024-07-16,0.4,0.4,0.4,0.4,520,34560,0
FINNIFTY16JUL2426200CE.NFO,2024-07-12,11:19:00,2024-07-16,0.4,0.4,0.4,0.4,0,34560,0
FINNIFTY16JUL2426200CE.NFO,2024-07-12,11:20:00,2024-07-16,0.4,0.4,0.4,0.4,0,34560,0
FINNIFTY16JUL2426200CE.NFO,2024-07-12,11:21:00,2024-07-16,0.4,0.4,0.4,0.4,0,34560,0
FINNIFTY16JUL2426200CE.NFO,2024-07-12,11:22:00,2024-07-16,0.4,0.4,0.35,0.35,760,34560,0
FINNIFTY16JUL2426200CE.NFO,2024-07-12,11:23:00,2024-07-16,0.35,0.35,0.35,0.35,0,34560,0
FINNIFTY16JUL2426200CE.NFO,2024-07-12,11:24:00,2024-07-16,0.35,0.4,0.35,0.4,200,34560,0
FINNIFTY16JUL2426200CE.NFO,2024-07-12,11:25:00,2024-07-16,0.4,0.4,0.4,0.4,0,34560,0
FINNIFTY16JUL2426200CE.NFO,2024-07-12,11:26:00,2024-07-16,0.4,0.4,0.4,0.4,0,34560,0
FINNIFTY16JUL2426200CE.NFO,2024-07-12,11:27:00,2024-07-16,0.4,0.4,0.4,0.4,0,34560,0
FINNIFTY16JUL2426200CE.NFO,2024-07-12,11:28:00,2024-07-16,0.4,0.4,0.4,0.4,0,34560,0
FINNIFTY16JUL2426200CE.NFO,2024-07-12,11:29:00,2024-07-16,0.4,0.4,0.4,0.4,0,34560,0
FINNIFTY16JUL2426200CE.NFO,2024-07-12,11:30:00,2024-07-16,0.4,0.4,0.4,0.4,0,34560,0
FINNIFTY16JUL2426200CE.NFO,2024-07-12,11:31:00,2024-07-16,0.4,0.4,0.4,0.4,0,34560,0
FINNIFTY16JUL2426200CE.NFO,2024-07-12,11:32:00,2024-07-16,0.4,0.4,0.4,0.4,0,34560,0
FINNIFTY16JUL2426200CE.NFO,2024-07-12,11:33:00,2024-07-16,0.4,0.4,0.4,0.4,760,34720,0
FINNIFTY16JUL2426200CE.NFO,2024-07-12,11:34:00,2024-07-16,0.4,0.4,0.35,0.35,80,35480,0
FINNIFTY16JUL2426200CE.NFO,2024-07-12,11:35:00,2024-07-16,0.35,0.35,0.35,0.35,0,35480,0
FINNIFTY16JUL2426200CE.NFO,2024-07-12,11:36:00,2024-07-16,0.35,0.35,0.35,0.35,0,35480,0
FINNIFTY16JUL2426200CE.NFO,2024-07-12,11:37:00,2024-07-16,0.35,0.35,0.35,0.35,0,35480,0
FINNIFTY16JUL2426200CE.NFO,2024-07-12,11:38:00,2024-07-16,0.35,0.4,0.35,0.4,0,35480,0
FINNIFTY16JUL2426200CE.NFO,2024-07-12,11:39:00,2024-07-16,0.4,0.4,0.35,0.4,640,35920,0
FINNIFTY16JUL2426200CE.NFO,2024-07-12,11:40:00,2024-07-16,0.4,0.4,0.4,0.4,240,35920,0
FINNIFTY16JUL2426200CE.NFO,2024-07-12,11:41:00,2024-07-16,0.4,0.4,0.4,0.4,0,35920,0
FINNIFTY16JUL2426200CE.NFO,2024-07-12,11:42:00,2024-07-16,0.4,0.4,0.4,0.4,400,36560,0
FINNIFTY16JUL2426200CE.NFO,2024-07-12,11:43:00,2024-07-16,0.4,0.4,0.4,0.4,0,36560,0
FINNIFTY16JUL2426200CE.NFO,2024-07-12,11:44:00,2024-07-16,0.4,0.4,0.4,0.4,200,36560,0
FINNIFTY16JUL2426200CE.NFO,2024-07-12,11:45:00,2024-07-16,0.4,0.4,0.35,0.4,240,37320,0
FINNIFTY16JUL2426200CE.NFO,2024-07-12,11:46:00,2024-07-16,0.4,0.4,0.4,0.4,200,37320,0
FINNIFTY16JUL2426200CE.NFO,2024-07-12,11:47:00,2024-07-16,0.4,0.4,0.4,0.4,0,37320,0
FINNIFTY16JUL2426200CE.NFO,2024-07-12,11:48:00,2024-07-16,0.4,0.4,0.4,0.4,0,37320,0
FINNIFTY16JUL2426200CE.NFO,2024-07-12,11:49:00,2024-07-16,0.4,0.4,0.4,0.4,280,37320,0
FINNIFTY16JUL2426200CE.NFO,2024-07-12,11:50:00,2024-07-16,0.4,0.4,0.4,0.4,0,37320,0
FINNIFTY16JUL2426200CE.NFO,2024-07-12,11:51:00,2024-07-16,0.4,0.4,0.4,0.4,0,37320,0
FINNIFTY16JUL2426200CE.NFO,2024-07-12,11:52:00,2024-07-16,0.4,0.4,0.4,0.4,0,37320,0
FINNIFTY16JUL2426200CE.NFO,2024-07-12,11:53:00,2024-07-16,0.4,0.4,0.4,0.4,280,37320,0
FINNIFTY16JUL2426200CE.NFO,2024-07-12,11:54:00,2024-07-16,0.4,0.4,0.4,0.4,0,37320,0
FINNIFTY16JUL2426200CE.NFO,2024-07-12,11:55:00,2024-07-16,0.4,0.4,0.4,0.4,0,37320,0
FINNIFTY16JUL2426200CE.NFO,2024-07-12,11:56:00,2024-07-16,0.4,0.4,0.4,0.4,0,37320,0
FINNIFTY16JUL2426200CE.NFO,2024-07-12,11:57:00,2024-07-16,0.4,0.4,0.4,0.4,0,37320,0
FINNIFTY16JUL2426200CE.NFO,2024-07-12,11:58:00,2024-07-16,0.4,0.4,0.4,0.4,0,37320,0
FINNIFTY16JUL2426200CE.NFO,2024-07-12,11:59:00,2024-07-16,0.4,0.4,0.4,0.4,0,37320,0
FINNIFTY16JUL2426200CE.NFO,2024-07-12,12:00:00,2024-07-16,0.4,0.4,0.4,0.4,0,37320,0
FINNIFTY16JUL2426200CE.NFO,2024-07-12,12:01:00,2024-07-16,0.4,0.4,0.4,0.4,0,37320,0
FINNIFTY16JUL2426200CE.NFO,2024-07-12,12:02:00,2024-07-16,0.4,0.4,0.4,0.4,0,37320,0
FINNIFTY16JUL2426200CE.NFO,2024-07-12,12:03:00,2024-07-16,0.4,0.4,0.4,0.4,0,37320,0
FINNIFTY16JUL2426200CE.NFO,2024-07-12,12:04:00,2024-07-16,0.4,0.4,0.4,0.4,0,37320,0
FINNIFTY16JUL2426200CE.NFO,2024-07-12,12:05:00,2024-07-16,0.4,0.4,0.4,0.4,0,37320,0
FINNIFTY16JUL2426200CE.NFO,2024-07-12,12:06:00,2024-07-16,0.4,0.4,0.4,0.4,0,37320,0
FINNIFTY16JUL2426200CE.NFO,2024-07-12,12:07:00,2024-07-16,0.4,0.4,0.4,0.4,0,37320,0
FINNIFTY16JUL2426200CE.NFO,2024-07-12,12:08:00,2024-07-16,0.4,0.4,0.4,0.4,0,37320,0
FINNIFTY16JUL2426200CE.NFO,2024-07-12,12:09:00,2024-07-16,0.4,0.4,0.4,0.4,0,37320,0
FINNIFTY16JUL2426200CE.NFO,2024-07-12,12:10:00,2024-07-16,0.4,0.4,0.4,0.4,0,37320,0
FINNIFTY16JUL2426200CE.NFO,2024-07-12,12:11:00,2024-07-16,0.4,0.4,0.4,0.4,0,37320,0
FINNIFTY16JUL2426200CE.NFO,2024-07-12,12:12:00,2024-07-16,0.4,0.4,0.4,0.4,0,37320,0
FINNIFTY16JUL2426200CE.NFO,2024-07-12,12:13:00,2024-07-16,0.4,0.4,0.4,0.4,0,37320,0
FINNIFTY16JUL2426200CE.NFO,2024-07-12,12:14:00,2024-07-16,0.4,0.4,0.4,0.4,0,37320,0
FINNIFTY16JUL2426200CE.NFO,2024-07-12,12:15:00,2024-07-16,0.4,0.4,0.4,0.4,0,37320,0
FINNIFTY16JUL2426200CE.NFO,2024-07-12,12:16:00,2024-07-16,0.4,0.4,0.4,0.4,0,37320,0
FINNIFTY16JUL2426200CE.NFO,2024-07-12,12:17:00,2024-07-16,0.4,0.4,0.4,0.4,0,37320,0
FINNIFTY16JUL2426200CE.NFO,2024-07-12,12:18:00,2024-07-16,0.4,0.4,0.4,0.4,0,37320,0
FINNIFTY16JUL2426200CE.NFO,2024-07-12,12:19:00,2024-07-16,0.4,0.4,0.4,0.4,0,37320,0
FINNIFTY16JUL2426200CE.NFO,2024-07-12,12:20:00,2024-07-16,0.4,0.4,0.4,0.4,0,37320,0
FINNIFTY16JUL2426200CE.NFO,2024-07-12,12:21:00,2024-07-16,0.4,0.4,0.4,0.4,0,37320,0
FINNIFTY16JUL2426200CE.NFO,2024-07-12,12:22:00,2024-07-16,0.4,0.4,0.4,0.4,0,37320,0
FINNIFTY16JUL2426200CE.NFO,2024-07-12,12:23:00,2024-07-16,0.4,0.4,0.4,0.4,0,37320,0
FINNIFTY16JUL2426200CE.NFO,2024-07-12,12:24:00,2024-07-16,0.4,0.4,0.4,0.4,0,37320,0
FINNIFTY16JUL2426200CE.NFO,2024-07-12,12:25:00,2024-07-16,0.4,0.4,0.4,0.4,0,37320,0
FINNIFTY16JUL2426200CE.NFO,2024-07-12,12:26:00,2024-07-16,0.4,0.4,0.4,0.4,0,37320,0
FINNIFTY16JUL2426200CE.NFO,2024-07-12,12:27:00,2024-07-16,0.4,0.4,0.4,0.4,0,37320,0
FINNIFTY16JUL2426200CE.NFO,2024-07-12,12:28:00,2024-07-16,0.4,0.4,0.4,0.4,0,37320,0
FINNIFTY16JUL2426200CE.NFO,2024-07-12,12:29:00,2024-07-16,0.4,0.4,0.4,0.4,0,37320,0
FINNIFTY16JUL2426200CE.NFO,2024-07-12,12:30:00,2024-07-16,0.4,0.4,0.4,0.4,0,37320,0
FINNIFTY16JUL2426200CE.NFO,2024-07-12,12:31:00,2024-07-16,0.4,0.4,0.4,0.4,0,37320,0
FINNIFTY16JUL2426200CE.NFO,2024-07-12,12:32:00,2024-07-16,0.4,0.4,0.4,0.4,0,37320,0
FINNIFTY16JUL2426200CE.NFO,2024-07-12,12:33:00,2024-07-16,0.4,0.4,0.4,0.4,0,37320,0
FINNIFTY16JUL2426200CE.NFO,2024-07-12,12:34:00,2024-07-16,0.4,0.4,0.4,0.4,0,37320,0
FINNIFTY16JUL2426200CE.NFO,2024-07-12,12:35:00,2024-07-16,0.4,0.4,0.4,0.4,0,37320,0
FINNIFTY16JUL2426200CE.NFO,2024-07-12,12:36:00,2024-07-16,0.4,0.4,0.4,0.4,0,37320,0
FINNIFTY16JUL2426200CE.NFO,2024-07-12,12:37:00,2024-07-16,0.4,0.4,0.4,0.4,0,37320,0
FINNIFTY16JUL2426200CE.NFO,2024-07-12,12:38:00,2024-07-16,0.4,0.4,0.4,0.4,0,37320,0
FINNIFTY16JUL2426200CE.NFO,2024-07-12,12:39:00,2024-07-16,0.4,0.4,0.4,0.4,0,37320,0
FINNIFTY16JUL2426200CE.NFO,2024-07-12,12:40:00,2024-07-16,0.4,0.4,0.4,0.4,0,37320,0
FINNIFTY16JUL2426200CE.NFO,2024-07-12,12:41:00,2024-07-16,0.4,0.4,0.4,0.4,0,37320,0
FINNIFTY16JUL2426200CE.NFO,2024-07-12,12:42:00,2024-07-16,0.4,0.4,0.4,0.4,0,37320,0
FINNIFTY16JUL2426200CE.NFO,2024-07-12,12:43:00,2024-07-16,0.4,0.4,0.4,0.4,0,37320,0
FINNIFTY16JUL2426200CE.NFO,2024-07-12,12:44:00,2024-07-16,0.4,0.4,0.4,0.4,0,37320,0
FINNIFTY16JUL2426200CE.NFO,2024-07-12,12:45:00,2024-07-16,0.4,0.4,0.4,0.4,0,37320,0
FINNIFTY16JUL2426200CE.NFO,2024-07-12,12:46:00,2024-07-16,0.4,0.4,0.4,0.4,0,37320,0
FINNIFTY16JUL2426200CE.NFO,2024-07-12,12:47:00,2024-07-16,0.4,0.4,0.4,0.4,0,37320,0
FINNIFTY16JUL2426200CE.NFO,2024-07-12,12:48:00,2024-07-16,0.4,0.4,0.4,0.4,0,37320,0
FINNIFTY16JUL2426200CE.NFO,2024-07-12,12:49:00,2024-07-16,0.4,0.4,0.4,0.4,0,37320,0
FINNIFTY16JUL2426200CE.NFO,2024-07-12,12:50:00,2024-07-16,0.4,0.4,0.4,0.4,0,37320,0
FINNIFTY16JUL2426200CE.NFO,2024-07-12,12:51:00,2024-07-16,0.4,0.4,0.4,0.4,0,37320,0
FINNIFTY16JUL2426200CE.NFO,2024-07-12,12:52:00,2024-07-16,0.4,0.4,0.35,0.35,1000,37320,0
FINNIFTY16JUL2426200CE.NFO,2024-07-12,12:53:00,2024-07-16,0.35,0.35,0.35,0.35,0,37320,0
FINNIFTY16JUL2426200CE.NFO,2024-07-12,12:54:00,2024-07-16,0.35,0.35,0.35,0.35,0,37320,0
FINNIFTY16JUL2426200CE.NFO,2024-07-12,12:55:00,2024-07-16,0.35,0.35,0.35,0.35,0,37320,0
FINNIFTY16JUL2426200CE.NFO,2024-07-12,12:56:00,2024-07-16,0.35,0.35,0.35,0.35,0,37320,0
FINNIFTY16JUL2426200CE.NFO,2024-07-12,12:57:00,2024-07-16,0.35,0.35,0.35,0.35,0,37320,0
FINNIFTY16JUL2426200CE.NFO,2024-07-12,12:58:00,2024-07-16,0.35,0.35,0.35,0.35,0,37320,0
FINNIFTY16JUL2426200CE.NFO,2024-07-12,12:59:00,2024-07-16,0.35,0.35,0.35,0.35,0,37320,0
FINNIFTY16JUL2426200CE.NFO,2024-07-12,13:00:00,2024-07-16,0.35,0.35,0.35,0.35,0,37320,0
FINNIFTY16JUL2426200CE.NFO,2024-07-12,13:01:00,2024-07-16,0.35,0.35,0.35,0.35,0,37320,0
FINNIFTY16JUL2426200CE.NFO,2024-07-12,13:02:00,2024-07-16,0.35,0.35,0.35,0.35,0,37320,0
FINNIFTY16JUL2426200CE.NFO,2024-07-12,13:03:00,2024-07-16,0.35,0.35,0.35,0.35,0,37320,0
FINNIFTY16JUL2426200CE.NFO,2024-07-12,13:04:00,2024-07-16,0.35,0.35,0.35,0.35,0,37320,0
FINNIFTY16JUL2426200CE.NFO,2024-07-12,13:05:00,2024-07-16,0.35,0.35,0.35,0.35,0,37320,0
FINNIFTY16JUL2426200CE.NFO,2024-07-12,13:06:00,2024-07-16,0.35,0.35,0.35,0.35,0,37320,0
FINNIFTY16JUL2426200CE.NFO,2024-07-12,13:07:00,2024-07-16,0.35,0.35,0.35,0.35,0,37320,0
FINNIFTY16JUL2426200CE.NFO,2024-07-12,13:08:00,2024-07-16,0.35,0.35,0.35,0.35,0,37320,0
FINNIFTY16JUL2426200CE.NFO,2024-07-12,13:09:00,2024-07-16,0.35,0.35,0.35,0.35,0,37320,0
FINNIFTY16JUL2426200CE.NFO,2024-07-12,13:10:00,2024-07-16,0.35,0.35,0.35,0.35,0,37320,0
FINNIFTY16JUL2426200CE.NFO,2024-07-12,13:11:00,2024-07-16,0.35,0.35,0.35,0.35,0,37320,0
FINNIFTY16JUL2426200CE.NFO,2024-07-12,13:12:00,2024-07-16,0.35,0.35,0.35,0.35,0,37320,0
FINNIFTY16JUL2426200CE.NFO,2024-07-12,13:13:00,2024-07-16,0.35,0.35,0.35,0.35,1400,37320,0
FINNIFTY16JUL2426200CE.NFO,2024-07-12,13:14:00,2024-07-16,0.35,0.35,0.35,0.35,0,37320,0
FINNIFTY16JUL2426200CE.NFO,2024-07-12,13:15:00,2024-07-16,0.35,0.35,0.35,0.35,0,37320,0
FINNIFTY16JUL2426200CE.NFO,2024-07-12,13:16:00,2024-07-16,0.35,0.35,0.35,0.35,0,37320,0
FINNIFTY16JUL2426200CE.NFO,2024-07-12,13:17:00,2024-07-16,0.35,0.35,0.35,0.35,0,37320,0
FINNIFTY16JUL2426200CE.NFO,2024-07-12,13:18:00,2024-07-16,0.35,0.35,0.35,0.35,280,36640,0
FINNIFTY16JUL2426200CE.NFO,2024-07-12,13:19:00,2024-07-16,0.35,0.35,0.35,0.35,0,36640,0
FINNIFTY16JUL2426200CE.NFO,2024-07-12,13:20:00,2024-07-16,0.35,0.35,0.35,0.35,0,36640,0
FINNIFTY16JUL2426200CE.NFO,2024-07-12,13:21:00,2024-07-16,0.35,0.35,0.35,0.35,0,36640,0
FINNIFTY16JUL2426200CE.NFO,2024-07-12,13:22:00,2024-07-16,0.35,0.35,0.35,0.35,0,36640,0
FINNIFTY16JUL2426200CE.NFO,2024-07-12,13:23:00,2024-07-16,0.35,0.35,0.35,0.35,0,36640,0
FINNIFTY16JUL2426200CE.NFO,2024-07-12,13:24:00,2024-07-16,0.35,0.35,0.35,0.35,0,36640,0
FINNIFTY16JUL2426200CE.NFO,2024-07-12,13:25:00,2024-07-16,0.35,0.35,0.35,0.35,0,36640,0
FINNIFTY16JUL2426200CE.NFO,2024-07-12,13:26:00,2024-07-16,0.35,0.35,0.35,0.35,0,36640,0
FINNIFTY16JUL2426200CE.NFO,2024-07-12,13:27:00,2024-07-16,0.35,0.35,0.35,0.35,0,36640,0
FINNIFTY16JUL2426200CE.NFO,2024-07-12,13:28:00,2024-07-16,0.35,0.35,0.35,0.35,200,36640,0
FINNIFTY16JUL2426200CE.NFO,2024-07-12,13:29:00,2024-07-16,0.35,0.35,0.35,0.35,0,36640,0
FINNIFTY16JUL2426200CE.NFO,2024-07-12,13:30:00,2024-07-16,0.35,0.35,0.35,0.35,0,36640,0
FINNIFTY16JUL2426200CE.NFO,2024-07-12,13:31:00,2024-07-16,0.35,0.35,0.35,0.35,0,36640,0
FINNIFTY16JUL2426200CE.NFO,2024-07-12,13:32:00,2024-07-16,0.35,0.35,0.35,0.35,0,36640,0
FINNIFTY16JUL2426200CE.NFO,2024-07-12,13:33:00,2024-07-16,0.35,0.35,0.35,0.35,0,36640,0
FINNIFTY16JUL2426200CE.NFO,2024-07-12,13:34:00,2024-07-16,0.35,0.35,0.35,0.35,0,36640,0
FINNIFTY16JUL2426200CE.NFO,2024-07-12,13:35:00,2024-07-16,0.35,0.35,0.35,0.35,0,36640,0
FINNIFTY16JUL2426200CE.NFO,2024-07-12,13:36:00,2024-07-16,0.35,0.35,0.35,0.35,0,36640,0
FINNIFTY16JUL2426200CE.NFO,2024-07-12,13:37:00,2024-07-16,0.35,0.35,0.35,0.35,0,36640,0
FINNIFTY16JUL2426200CE.NFO,2024-07-12,13:38:00,2024-07-16,0.35,0.35,0.35,0.35,0,36640,0
FINNIFTY16JUL2426200CE.NFO,2024-07-12,13:39:00,2024-07-16,0.35,0.35,0.35,0.35,0,36640,0
FINNIFTY16JUL2426200CE.NFO,2024-07-12,13:40:00,2024-07-16,0.35,0.35,0.35,0.35,0,36640,0
FINNIFTY16JUL2426200CE.NFO,2024-07-12,13:41:00,2024-07-16,0.35,0.35,0.35,0.35,0,36640,0
FINNIFTY16JUL2426200CE.NFO,2024-07-12,13:42:00,2024-07-16,0.35,0.35,0.35,0.35,0,36640,0
FINNIFTY16JUL2426200CE.NFO,2024-07-12,13:43:00,2024-07-16,0.35,0.35,0.35,0.35,0,36640,0
FINNIFTY16JUL2426200CE.NFO,2024-07-12,13:44:00,2024-07-16,0.35,0.35,0.35,0.35,0,36640,0
FINNIFTY16JUL2426200CE.NFO,2024-07-12,13:45:00,2024-07-16,0.35,0.35,0.35,0.35,0,36640,0
FINNIFTY16JUL2426200CE.NFO,2024-07-12,13:46:00,2024-07-16,0.35,0.35,0.35,0.35,0,36640,0
FINNIFTY16JUL2426200CE.NFO,2024-07-12,13:47:00,2024-07-16,0.35,0.35,0.35,0.35,0,36640,0
FINNIFTY16JUL2426200CE.NFO,2024-07-12,13:48:00,2024-07-16,0.35,0.35,0.35,0.35,0,36640,0
FINNIFTY16JUL2426200CE.NFO,2024-07-12,13:49:00,2024-07-16,0.35,0.35,0.35,0.35,0,36640,0
FINNIFTY16JUL2426200CE.NFO,2024-07-12,13:50:00,2024-07-16,0.35,0.35,0.35,0.35,0,36640,0
FINNIFTY16JUL2426200CE.NFO,2024-07-12,13:51:00,2024-07-16,0.35,0.35,0.35,0.35,0,36640,0
FINNIFTY16JUL2426200CE.NFO,2024-07-12,13:52:00,2024-07-16,0.35,0.4,0.35,0.4,80,36640,0
FINNIFTY16JUL2426200CE.NFO,2024-07-12,13:53:00,2024-07-16,0.4,0.4,0.4,0.4,0,36640,0
FINNIFTY16JUL2426200CE.NFO,2024-07-12,13:54:00,2024-07-16,0.4,0.4,0.4,0.4,0,36640,0
FINNIFTY16JUL2426200CE.NFO,2024-07-12,13:55:00,2024-07-16,0.4,0.4,0.4,0.4,0,36640,0
FINNIFTY16JUL2426200CE.NFO,2024-07-12,13:56:00,2024-07-16,0.4,0.4,0.4,0.4,0,36640,0
FINNIFTY16JUL2426200CE.NFO,2024-07-12,13:57:00,2024-07-16,0.4,0.4,0.4,0.4,0,36640,0
FINNIFTY16JUL2426200CE.NFO,2024-07-12,13:58:00,2024-07-16,0.4,0.4,0.4,0.4,80,36640,0
FINNIFTY16JUL2426200CE.NFO,2024-07-12,13:59:00,2024-07-16,0.4,0.4,0.4,0.4,80,36640,0
FINNIFTY16JUL2426200CE.NFO,2024-07-12,14:00:00,2024-07-16,0.4,0.4,0.4,0.4,0,36640,0
FINNIFTY16JUL2426200CE.NFO,2024-07-12,14:01:00,2024-07-16,0.4,0.4,0.4,0.4,1680,36640,0
FINNIFTY16JUL2426200CE.NFO,2024-07-12,14:02:00,2024-07-16,0.4,0.4,0.4,0.4,0,36640,0
FINNIFTY16JUL2426200CE.NFO,2024-07-12,14:03:00,2024-07-16,0.4,0.4,0.4,0.4,0,36640,0
FINNIFTY16JUL2426200CE.NFO,2024-07-12,14:04:00,2024-07-16,0.4,0.4,0.4,0.4,0,36640,0
FINNIFTY16JUL2426200CE.NFO,2024-07-12,14:05:00,2024-07-16,0.4,0.4,0.4,0.4,0,36640,0
FINNIFTY16JUL2426200CE.NFO,2024-07-12,14:06:00,2024-07-16,0.4,0.4,0.4,0.4,0,36640,0
FINNIFTY16JUL2426200CE.NFO,2024-07-12,14:07:00,2024-07-16,0.4,0.4,0.4,0.4,0,36640,0
FINNIFTY16JUL2426200CE.NFO,2024-07-12,14:08:00,2024-07-16,0.4,0.4,0.4,0.4,0,36640,0
FINNIFTY16JUL2426200CE.NFO,2024-07-12,14:09:00,2024-07-16,0.4,0.4,0.4,0.4,120,37520,0
FINNIFTY16JUL2426200CE.NFO,2024-07-12,14:10:00,2024-07-16,0.4,0.4,0.4,0.4,0,37520,0
FINNIFTY16JUL2426200CE.NFO,2024-07-12,14:11:00,2024-07-16,0.4,0.4,0.4,0.4,0,37520,0
FINNIFTY16JUL2426200CE.NFO,2024-07-12,14:12:00,2024-07-16,0.4,0.4,0.4,0.4,640,37520,0
FINNIFTY16JUL2426200CE.NFO,2024-07-12,14:13:00,2024-07-16,0.4,0.4,0.4,0.4,0,37520,0
FINNIFTY16JUL2426200CE.NFO,2024-07-12,14:14:00,2024-07-16,0.4,0.4,0.4,0.4,240,35480,0
FINNIFTY16JUL2426200CE.NFO,2024-07-12,14:15:00,2024-07-16,0.4,0.4,0.4,0.4,0,35480,0
FINNIFTY16JUL2426200CE.NFO,2024-07-12,14:16:00,2024-07-16,0.4,0.4,0.4,0.4,0,35480,0
FINNIFTY16JUL2426200CE.NFO,2024-07-12,14:17:00,2024-07-16,0.4,0.4,0.4,0.4,0,35480,0
FINNIFTY16JUL2426200CE.NFO,2024-07-12,14:18:00,2024-07-16,0.4,0.4,0.4,0.4,0,35480,0
FINNIFTY16JUL2426200CE.NFO,2024-07-12,14:19:00,2024-07-16,0.4,0.4,0.4,0.4,0,35480,0
FINNIFTY16JUL2426200CE.NFO,2024-07-12,14:20:00,2024-07-16,0.4,0.4,0.4,0.4,0,35480,0
FINNIFTY16JUL2426200CE.NFO,2024-07-12,14:21:00,2024-07-16,0.4,0.4,0.4,0.4,0,35480,0
FINNIFTY16JUL2426200CE.NFO,2024-07-12,14:22:00,2024-07-16,0.4,0.4,0.4,0.4,0,35480,0
FINNIFTY16JUL2426200CE.NFO,2024-07-12,14:23:00,2024-07-16,0.4,0.4,0.4,0.4,0,35480,0
FINNIFTY16JUL2426200CE.NFO,2024-07-12,14:24:00,2024-07-16,0.4,0.4,0.4,0.4,0,35480,0
FINNIFTY16JUL2426200CE.NFO,2024-07-12,14:25:00,2024-07-16,0.4,0.4,0.4,0.4,1280,35800,0
FINNIFTY16JUL2426200CE.NFO,2024-07-12,14:26:00,2024-07-16,0.4,0.4,0.4,0.4,0,35800,0
FINNIFTY16JUL2426200CE.NFO,2024-07-12,14:27:00,2024-07-16,0.4,0.4,0.4,0.4,0,35800,0
FINNIFTY16JUL2426200CE.NFO,2024-07-12,14:28:00,2024-07-16,0.4,0.4,0.4,0.4,0,35800,0
FINNIFTY16JUL2426200CE.NFO,2024-07-12,14:29:00,2024-07-16,0.4,0.4,0.4,0.4,0,35800,0
FINNIFTY16JUL2426200CE.NFO,2024-07-12,14:30:00,2024-07-16,0.4,0.4,0.4,0.4,0,35800,0
FINNIFTY16JUL2426200CE.NFO,2024-07-12,14:31:00,2024-07-16,0.4,0.4,0.4,0.4,0,35800,0
FINNIFTY16JUL2426200CE.NFO,2024-07-12,14:32:00,2024-07-16,0.4,0.4,0.4,0.4,0,35800,0
FINNIFTY16JUL2426200CE.NFO,2024-07-12,14:33:00,2024-07-16,0.4,0.4,0.4,0.4,0,35800,0
FINNIFTY16JUL2426200CE.NFO,2024-07-12,14:34:00,2024-07-16,0.4,0.4,0.4,0.4,0,35800,0
FINNIFTY16JUL2426200CE.NFO,2024-07-12,14:35:00,2024-07-16,0.4,0.4,0.4,0.4,0,35800,0
FINNIFTY16JUL2426200CE.NFO,2024-07-12,14:36:00,2024-07-16,0.4,0.4,0.4,0.4,0,35800,0
FINNIFTY16JUL2426200CE.NFO,2024-07-12,14:37:00,2024-07-16,0.4,0.4,0.4,0.4,0,35800,0
FINNIFTY16JUL2426200CE.NFO,2024-07-12,14:38:00,2024-07-16,0.4,0.4,0.4,0.4,0,35800,0
FINNIFTY16JUL2426200CE.NFO,2024-07-12,14:39:00,2024-07-16,0.4,0.4,0.4,0.4,0,35800,0
FINNIFTY16JUL2426200CE.NFO,2024-07-12,14:40:00,2024-07-16,0.4,0.4,0.4,0.4,0,35800,0
FINNIFTY16JUL2426200CE.NFO,2024-07-12,14:41:00,2024-07-16,0.4,0.4,0.35,0.35,0,36920,0
FINNIFTY16JUL2426200CE.NFO,2024-07-12,14:42:00,2024-07-16,0.35,0.35,0.35,0.35,0,36920,0
FINNIFTY16JUL2426200CE.NFO,2024-07-12,14:43:00,2024-07-16,0.35,0.4,0.35,0.4,280,36920,0
FINNIFTY16JUL2426200CE.NFO,2024-07-12,14:44:00,2024-07-16,0.4,0.4,0.4,0.4,200,36920,0
FINNIFTY16JUL2426200CE.NFO,2024-07-12,14:45:00,2024-07-16,0.4,0.4,0.4,0.4,920,36920,0
FINNIFTY16JUL2426200CE.NFO,2024-07-12,14:46:00,2024-07-16,0.4,0.45,0.4,0.4,240,37440,0
FINNIFTY16JUL2426200CE.NFO,2024-07-12,14:47:00,2024-07-16,0.4,0.4,0.4,0.4,0,37440,0
FINNIFTY16JUL2426200CE.NFO,2024-07-12,14:48:00,2024-07-16,0.4,0.4,0.4,0.4,0,37440,0
FINNIFTY16JUL2426200CE.NFO,2024-07-12,14:49:00,2024-07-16,0.4,0.4,0.4,0.4,40,37480,0
FINNIFTY16JUL2426200CE.NFO,2024-07-12,14:50:00,2024-07-16,0.4,0.4,0.4,0.4,0,37480,0
FINNIFTY16JUL2426200CE.NFO,2024-07-12,14:51:00,2024-07-16,0.4,0.4,0.4,0.4,0,37480,0
FINNIFTY16JUL2426200CE.NFO,2024-07-12,14:52:00,2024-07-16,0.4,0.45,0.4,0.45,160,37480,0
FINNIFTY16JUL2426200CE.NFO,2024-07-12,14:53:00,2024-07-16,0.45,0.45,0.4,0.4,200,37440,0
FINNIFTY16JUL2426200CE.NFO,2024-07-12,14:54:00,2024-07-16,0.4,0.4,0.4,0.4,1160,37440,0
FINNIFTY16JUL2426200CE.NFO,2024-07-12,14:55:00,2024-07-16,0.4,0.4,0.4,0.4,200,35840,0
FINNIFTY16JUL2426200CE.NFO,2024-07-12,14:56:00,2024-07-16,0.4,0.4,0.4,0.4,0,35840,0
FINNIFTY16JUL2426200CE.NFO,2024-07-12,14:57:00,2024-07-16,0.4,0.4,0.4,0.4,0,35840,0
FINNIFTY16JUL2426200CE.NFO,2024-07-12,14:58:00,2024-07-16,0.4,0.4,0.4,0.4,200,35640,0
FINNIFTY16JUL2426200CE.NFO,2024-07-12,14:59:00,2024-07-16,0.4,0.4,0.4,0.4,0,35640,0
FINNIFTY16JUL2426200CE.NFO,2024-07-12,15:00:00,2024-07-16,0.4,0.4,0.4,0.4,480,35640,0
FINNIFTY16JUL2426200CE.NFO,2024-07-12,15:01:00,2024-07-16,0.4,0.55,0.35,0.5,12880,34480,0
FINNIFTY16JUL2426200CE.NFO,2024-07-12,15:02:00,2024-07-16,0.5,0.6,0.5,0.6,1680,34480,0
FINNIFTY16JUL2426200CE.NFO,2024-07-12,15:03:00,2024-07-16,0.6,0.6,0.5,0.6,440,34480,0
FINNIFTY16JUL2426200CE.NFO,2024-07-12,15:04:00,2024-07-16,0.6,0.6,0.6,0.6,0,34480,0
FINNIFTY16JUL2426200CE.NFO,2024-07-12,15:05:00,2024-07-16,0.6,0.6,0.6,0.6,0,34480,0
FINNIFTY16JUL2426200CE.NFO,2024-07-12,15:06:00,2024-07-16,0.6,0.6,0.55,0.55,200,39240,0
FINNIFTY16JUL2426200CE.NFO,2024-07-12,15:07:00,2024-07-16,0.55,0.55,0.5,0.55,640,39040,0
FINNIFTY16JUL2426200CE.NFO,2024-07-12,15:08:00,2024-07-16,0.55,0.55,0.55,0.55,0,39040,0
FINNIFTY16JUL2426200CE.NFO,2024-07-12,15:09:00,2024-07-16,0.55,0.55,0.55,0.55,0,39040,0
FINNIFTY16JUL2426200CE.NFO,2024-07-12,15:10:00,2024-07-16,0.55,0.55,0.55,0.55,0,39040,0
FINNIFTY16JUL2426200CE.NFO,2024-07-12,15:11:00,2024-07-16,0.55,0.55,0.55,0.55,0,39040,0
FINNIFTY16JUL2426200CE.NFO,2024-07-12,15:12:00,2024-07-16,0.55,0.55,0.55,0.55,0,39040,0
FINNIFTY16JUL2426200CE.NFO,2024-07-12,15:13:00,2024-07-16,0.55,0.55,0.55,0.55,200,38520,0
FINNIFTY16JUL2426200CE.NFO,2024-07-12,15:14:00,2024-07-16,0.55,0.55,0.55,0.55,0,38520,0
FINNIFTY16JUL2426200CE.NFO,2024-07-12,15:15:00,2024-07-16,0.55,0.55,0.55,0.55,320,38520,0
FINNIFTY16JUL2426200CE.NFO,2024-07-12,15:16:00,2024-07-16,0.55,0.55,0.55,0.55,640,38000,0
FINNIFTY16JUL2426200CE.NFO,2024-07-12,15:17:00,2024-07-16,0.55,0.55,0.55,0.55,200,38000,0
FINNIFTY16JUL2426200CE.NFO,2024-07-12,15:18:00,2024-07-16,0.55,0.55,0.55,0.55,0,38000,0
FINNIFTY16JUL2426200CE.NFO,2024-07-12,15:19:00,2024-07-16,0.55,0.55,0.5,0.5,1520,37160,0
FINNIFTY16JUL2426200CE.NFO,2024-07-12,15:20:00,2024-07-16,0.5,0.55,0.5,0.55,640,37160,0
FINNIFTY16JUL2426200CE.NFO,2024-07-12,15:21:00,2024-07-16,0.55,0.55,0.55,0.55,160,37160,0
FINNIFTY16JUL2426200CE.NFO,2024-07-12,15:22:00,2024-07-16,0.5,0.5,0.45,0.45,5320,35040,0
FINNIFTY16JUL2426200CE.NFO,2024-07-12,15:23:00,2024-07-16,0.45,0.45,0.45,0.45,0,35040,0
FINNIFTY16JUL2426200CE.NFO,2024-07-12,15:24:00,2024-07-16,0.45,0.45,0.45,0.45,600,35040,0
FINNIFTY16JUL2426200CE.NFO,2024-07-12,15:25:00,2024-07-16,0.4,0.4,0.4,0.4,0,35040,0
FINNIFTY16JUL2426200CE.NFO,2024-07-12,15:26:00,2024-07-16,0.4,0.45,0.4,0.45,1400,35080,0
FINNIFTY16JUL2426200CE.NFO,2024-07-12,15:27:00,2024-07-16,0.45,0.45,0.45,0.45,80,35080,0
FINNIFTY16JUL2426200CE.NFO,2024-07-12,15:28:00,2024-07-16,0.45,0.45,0.4,0.4,1120,35000,0
FINNIFTY16JUL2426200CE.NFO,2024-07-12,15:29:00,2024-07-16,0.4,0.4,0.3,0.3,1200,35000,0
FINNIFTY16JUL2426200CE.NFO,2024-07-12,15:30:00,2024-07-16,0.3,0.3,0.3,0.3,1200,35000,1
FINNIFTY16JUL2426200CE.NFO,2024-07-15,09:15:00,2024-07-16,0.3,0.35,0.3,0.35,3360,34640,0
FINNIFTY16JUL2426200CE.NFO,2024-07-15,09:16:00,2024-07-16,0.35,0.35,0.35,0.35,3160,34640,0
FINNIFTY16JUL2426200CE.NFO,2024-07-15,09:17:00,2024-07-16,0.35,0.35,0.35,0.35,320,34640,0
FINNIFTY16JUL2426200CE.NFO,2024-07-15,09:18:00,2024-07-16,0.35,0.35,0.35,0.35,1600,35160,0
FINNIFTY16JUL2426200CE.NFO,2024-07-15,09:19:00,2024-07-16,0.35,0.4,0.3,0.4,1400,35160,0
FINNIFTY16JUL2426200CE.NFO,2024-07-15,09:20:00,2024-07-16,0.4,0.4,0.35,0.35,1960,35160,0
FINNIFTY16JUL2426200CE.NFO,2024-07-15,09:21:00,2024-07-16,0.35,0.4,0.35,0.4,400,35160,0
FINNIFTY16JUL2426200CE.NFO,2024-07-15,09:22:00,2024-07-16,0.4,0.4,0.4,0.4,960,34800,0
FINNIFTY16JUL2426200CE.NFO,2024-07-15,09:23:00,2024-07-16,0.4,0.45,0.35,0.4,7760,34800,0
FINNIFTY16JUL2426200CE.NFO,2024-07-15,09:24:00,2024-07-16,0.4,0.45,0.4,0.45,680,36360,0
FINNIFTY16JUL2426200CE.NFO,2024-07-15,09:25:00,2024-07-16,0.45,0.45,0.4,0.4,360,36360,0
FINNIFTY16JUL2426200CE.NFO,2024-07-15,09:26:00,2024-07-16,0.4,0.4,0.4,0.4,0,36360,0
FINNIFTY16JUL2426200CE.NFO,2024-07-15,09:27:00,2024-07-16,0.4,0.4,0.35,0.35,160,36360,0
FINNIFTY16JUL2426200CE.NFO,2024-07-15,09:28:00,2024-07-16,0.35,0.35,0.35,0.35,0,36360,0
FINNIFTY16JUL2426200CE.NFO,2024-07-15,09:29:00,2024-07-16,0.35,0.35,0.35,0.35,0,36360,0
FINNIFTY16JUL2426200CE.NFO,2024-07-15,09:30:00,2024-07-16,0.35,0.4,0.35,0.35,240,36360,0
FINNIFTY16JUL2426200CE.NFO,2024-07-15,09:31:00,2024-07-16,0.35,0.35,0.35,0.35,320,36360,0
FINNIFTY16JUL2426200CE.NFO,2024-07-15,09:32:00,2024-07-16,0.35,0.35,0.3,0.35,4560,36360,0
FINNIFTY16JUL2426200CE.NFO,2024-07-15,09:33:00,2024-07-16,0.35,0.4,0.35,0.4,2120,36360,0
FINNIFTY16JUL2426200CE.NFO,2024-07-15,09:34:00,2024-07-16,0.4,0.4,0.3,0.3,8280,35000,0
FINNIFTY16JUL2426200CE.NFO,2024-07-15,09:35:00,2024-07-16,0.3,0.3,0.3,0.3,3760,35000,0
FINNIFTY16JUL2426200CE.NFO,2024-07-15,09:36:00,2024-07-16,0.3,0.3,0.3,0.3,1800,34640,0
FINNIFTY16JUL2426200CE.NFO,2024-07-15,09:37:00,2024-07-16,0.3,0.35,0.3,0.35,240,34640,0
FINNIFTY16JUL2426200CE.NFO,2024-07-15,09:38:00,2024-07-16,0.35,0.35,0.35,0.35,720,34640,0
FINNIFTY16JUL2426200CE.NFO,2024-07-15,09:39:00,2024-07-16,0.35,0.35,0.35,0.35,440,34640,0
FINNIFTY16JUL2426200CE.NFO,2024-07-15,09:40:00,2024-07-16,0.35,0.35,0.35,0.35,1080,34640,0
FINNIFTY16JUL2426200CE.NFO,2024-07-15,09:41:00,2024-07-16,0.35,0.35,0.3,0.3,880,34640,0
FINNIFTY16JUL2426200CE.NFO,2024-07-15,09:42:00,2024-07-16,0.3,0.3,0.3,0.3,0,34640,0
FINNIFTY16JUL2426200CE.NFO,2024-07-15,09:43:00,2024-07-16,0.3,0.3,0.3,0.3,0,34640,0
FINNIFTY16JUL2426200CE.NFO,2024-07-15,09:44:00,2024-07-16,0.3,0.3,0.3,0.3,0,34640,0
FINNIFTY16JUL2426200CE.NFO,2024-07-15,09:45:00,2024-07-16,0.3,0.3,0.3,0.3,0,34640,1
FINNIFTY16JUL2426200CE.NFO,2024-07-15,09:46:00,2024-07-16,0.3,0.3,0.3,0.3,0,34640,0
FINNIFTY16JUL2426200CE.NFO,2024-07-15,09:47:00,2024-07-16,0.3,0.3,0.3,0.3,0,34640,0
FINNIFTY16JUL2426200CE.NFO,2024-07-15,09:48:00,2024-07-16,0.3,0.3,0.3,0.3,0,34640,0
FINNIFTY16JUL2426200CE.NFO,2024-07-15,09:49:00,2024-07-16,0.3,0.3,0.3,0.3,0,34640,0
FINNIFTY16JUL2426200CE.NFO,2024-07-15,09:50:00,2024-07-16,0.3,0.3,0.3,0.3,0,34640,0
FINNIFTY16JUL2426200CE.NFO,2024-07-15,09:51:00,2024-07-16,0.3,0.3,0.3,0.3,0,34880,0
FINNIFTY16JUL2426200CE.NFO,2024-07-15,09:52:00,2024-07-16,0.3,0.3,0.3,0.3,0,34880,0
FINNIFTY16JUL2426200CE.NFO,2024-07-15,09:53:00,2024-07-16,0.3,0.3,0.3,0.3,0,34880,0
FINNIFTY16JUL2426200CE.NFO,2024-07-15,09:54:00,2024-07-16,0.3,0.3,0.3,0.3,0,34880,0
FINNIFTY16JUL2426200CE.NFO,2024-07-15,09:55:00,2024-07-16,0.3,0.3,0.3,0.3,40,34840,0
FINNIFTY16JUL2426200CE.NFO,2024-07-15,09:56:00,2024-07-16,0.3,0.3,0.25,0.25,520,34840,0
FINNIFTY16JUL2426200CE.NFO,2024-07-15,09:57:00,2024-07-16,0.25,0.25,0.25,0.25,1040,34640,0
FINNIFTY16JUL2426200CE.NFO,2024-07-15,09:58:00,2024-07-16,0.25,0.3,0.25,0.3,800,34640,0
FINNIFTY16JUL2426200CE.NFO,2024-07-15,09:59:00,2024-07-16,0.3,0.3,0.3,0.3,0,34640,0
FINNIFTY16JUL2426200CE.NFO,2024-07-15,10:00:00,2024-07-16,0.3,0.3,0.25,0.25,80,34640,0
FINNIFTY16JUL2426200CE.NFO,2024-07-15,10:01:00,2024-07-16,0.25,0.3,0.25,0.3,1720,34640,0
FINNIFTY16JUL2426200CE.NFO,2024-07-15,10:02:00,2024-07-16,0.3,0.3,0.3,0.3,0,34640,0
FINNIFTY16JUL2426200CE.NFO,2024-07-15,10:03:00,2024-07-16,0.3,0.3,0.3,0.3,0,34640,0
FINNIFTY16JUL2426200CE.NFO,2024-07-15,10:04:00,2024-07-16,0.3,0.3,0.3,0.3,480,34920,0
FINNIFTY16JUL2426200CE.NFO,2024-07-15,10:05:00,2024-07-16,0.3,0.3,0.3,0.3,0,34920,0
FINNIFTY16JUL2426200CE.NFO,2024-07-15,10:06:00,2024-07-16,0.3,0.3,0.3,0.3,0,34920,0
FINNIFTY16JUL2426200CE.NFO,2024-07-15,10:07:00,2024-07-16,0.3,0.3,0.3,0.3,0,34920,0
FINNIFTY16JUL2426200CE.NFO,2024-07-15,10:08:00,2024-07-16,0.3,0.3,0.3,0.3,200,35280,0
FINNIFTY16JUL2426200CE.NFO,2024-07-15,10:09:00,2024-07-16,0.3,0.3,0.3,0.3,720,35280,0
FINNIFTY16JUL2426200CE.NFO,2024-07-15,10:10:00,2024-07-16,0.3,0.3,0.3,0.3,1920,35280,0
FINNIFTY16JUL2426200CE.NFO,2024-07-15,10:11:00,2024-07-16,0.3,0.3,0.3,0.3,0,35280,0
FINNIFTY16JUL2426200CE.NFO,2024-07-15,10:12:00,2024-07-16,0.3,0.3,0.3,0.3,0,35280,0
FINNIFTY16JUL2426200CE.NFO,2024-07-15,10:13:00,2024-07-16,0.3,0.3,0.3,0.3,0,35280,0
FINNIFTY16JUL2426200CE.NFO,2024-07-15,10:14:00,2024-07-16,0.3,0.3,0.3,0.3,0,35280,0
FINNIFTY16JUL2426200CE.NFO,2024-07-15,10:15:00,2024-07-16,0.3,0.3,0.3,0.3,0,35600,0
FINNIFTY16JUL2426200CE.NFO,2024-07-15,10:16:00,2024-07-16,0.3,0.3,0.3,0.3,0,35600,0
FINNIFTY16JUL2426200CE.NFO,2024-07-15,10:17:00,2024-07-16,0.3,0.3,0.3,0.3,0,35600,0
FINNIFTY16JUL2426200CE.NFO,2024-07-15,10:18:00,2024-07-16,0.3,0.3,0.3,0.3,0,35600,0
FINNIFTY16JUL2426200CE.NFO,2024-07-15,10:19:00,2024-07-16,0.3,0.3,0.3,0.3,0,35600,0
FINNIFTY16JUL2426200CE.NFO,2024-07-15,10:20:00,2024-07-16,0.3,0.3,0.3,0.3,0,35600,0
FINNIFTY16JUL2426200CE.NFO,2024-07-15,10:21:00,2024-07-16,0.3,0.3,0.3,0.3,0,35600,0
FINNIFTY16JUL2426200CE.NFO,2024-07-15,10:22:00,2024-07-16,0.3,0.3,0.3,0.3,0,35600,0
FINNIFTY16JUL2426200CE.NFO,2024-07-15,10:23:00,2024-07-16,0.3,0.3,0.3,0.3,800,35600,0
FINNIFTY16JUL2426200CE.NFO,2024-07-15,10:24:00,2024-07-16,0.3,0.3,0.3,0.3,0,35600,0
FINNIFTY16JUL2426200CE.NFO,2024-07-15,10:25:00,2024-07-16,0.3,0.3,0.3,0.3,0,35600,0
FINNIFTY16JUL2426200CE.NFO,2024-07-15,10:26:00,2024-07-16,0.3,0.3,0.3,0.3,480,35600,0
FINNIFTY16JUL2426200CE.NFO,2024-07-15,10:27:00,2024-07-16,0.3,0.3,0.3,0.3,280,35600,0
FINNIFTY16JUL2426200CE.NFO,2024-07-15,10:28:00,2024-07-16,0.3,0.35,0.3,0.35,80,34960,0
FINNIFTY16JUL2426200CE.NFO,2024-07-15,10:29:00,2024-07-16,0.35,0.35,0.35,0.35,0,34960,0
FINNIFTY16JUL2426200CE.NFO,2024-07-15,10:30:00,2024-07-16,0.35,0.35,0.25,0.25,1440,34640,0
FINNIFTY16JUL2426200CE.NFO,2024-07-15,10:31:00,2024-07-16,0.25,0.25,0.25,0.25,800,34640,0
FINNIFTY16JUL2426200CE.NFO,2024-07-15,10:32:00,2024-07-16,0.25,0.25,0.25,0.25,0,34640,0
FINNIFTY16JUL2426200CE.NFO,2024-07-15,10:33:00,2024-07-16,0.25,0.25,0.25,0.25,0,34640,0
FINNIFTY16JUL2426200CE.NFO,2024-07-15,10:34:00,2024-07-16,0.25,0.25,0.25,0.25,0,34640,0
FINNIFTY16JUL2426200CE.NFO,2024-07-15,10:35:00,2024-07-16,0.25,0.25,0.25,0.25,0,34640,0
FINNIFTY16JUL2426200CE.NFO,2024-07-15,10:36:00,2024-07-16,0.25,0.25,0.25,0.25,0,34640,0
FINNIFTY16JUL2426200CE.NFO,2024-07-15,10:37:00,2024-07-16,0.25,0.25,0.25,0.25,0,34640,0
FINNIFTY16JUL2426200CE.NFO,2024-07-15,10:38:00,2024-07-16,0.25,0.25,0.25,0.25,0,34640,1
FINNIFTY16JUL2426200CE.NFO,2024-07-15,10:39:00,2024-07-16,0.25,0.3,0.25,0.3,520,34640,0
FINNIFTY16JUL2426200CE.NFO,2024-07-15,10:40:00,2024-07-16,0.3,0.3,0.3,0.3,520,34640,0
FINNIFTY16JUL2426200CE.NFO,2024-07-15,10:41:00,2024-07-16,0.3,0.3,0.3,0.3,0,34640,0
FINNIFTY16JUL2426200CE.NFO,2024-07-15,10:42:00,2024-07-16,0.3,0.3,0.3,0.3,0,34640,0
FINNIFTY16JUL2426200CE.NFO,2024-07-15,10:43:00,2024-07-16,0.3,0.3,0.3,0.3,0,34640,0
FINNIFTY16JUL2426200CE.NFO,2024-07-15,10:44:00,2024-07-16,0.3,0.3,0.3,0.3,0,34640,0
FINNIFTY16JUL2426200CE.NFO,2024-07-15,10:45:00,2024-07-16,0.3,0.3,0.3,0.3,0,34640,0
FINNIFTY16JUL2426200CE.NFO,2024-07-15,10:46:00,2024-07-16,0.3,0.3,0.3,0.3,0,34640,0
FINNIFTY16JUL2426200CE.NFO,2024-07-15,10:47:00,2024-07-16,0.3,0.3,0.3,0.3,0,34640,1
FINNIFTY16JUL2426200CE.NFO,2024-07-15,10:48:00,2024-07-16,0.3,0.3,0.3,0.3,0,34640,0
FINNIFTY16JUL2426200CE.NFO,2024-07-15,10:49:00,2024-07-16,0.3,0.3,0.3,0.3,0,34640,0
FINNIFTY16JUL2426200CE.NFO,2024-07-15,10:50:00,2024-07-16,0.3,0.3,0.25,0.25,6360,35440,0
FINNIFTY16JUL2426200CE.NFO,2024-07-15,10:51:00,2024-07-16,0.25,0.25,0.25,0.25,0,35440,0
FINNIFTY16JUL2426200CE.NFO,2024-07-15,10:52:00,2024-07-16,0.25,0.25,0.25,0.25,1760,39040,0
FINNIFTY16JUL2426200CE.NFO,2024-07-15,10:53:00,2024-07-16,0.25,0.3,0.25,0.3,120,39040,0
FINNIFTY16JUL2426200CE.NFO,2024-07-15,10:54:00,2024-07-16,0.3,0.3,0.3,0.3,0,39040,0
FINNIFTY16JUL2426200CE.NFO,2024-07-15,10:55:00,2024-07-16,0.3,0.3,0.3,0.3,80,39000,0
FINNIFTY16JUL2426200CE.NFO,2024-07-15,10:56:00,2024-07-16,0.3,0.3,0.3,0.3,0,39000,0
FINNIFTY16JUL2426200CE.NFO,2024-07-15,10:57:00,2024-07-16,0.3,0.3,0.25,0.25,1800,38400,0
FINNIFTY16JUL2426200CE.NFO,2024-07-15,10:58:00,2024-07-16,0.25,0.3,0.25,0.3,0,38400,0
FINNIFTY16JUL2426200CE.NFO,2024-07-15,10:59:00,2024-07-16,0.3,0.3,0.3,0.3,0,38400,0
FINNIFTY16JUL2426200CE.NFO,2024-07-15,11:00:00,2024-07-16,0.3,0.3,0.3,0.3,80,38400,0
FINNIFTY16JUL2426200CE.NFO,2024-07-15,11:01:00,2024-07-16,0.3,0.3,0.3,0.3,440,38400,0
FINNIFTY16JUL2426200CE.NFO,2024-07-15,11:02:00,2024-07-16,0.3,0.3,0.25,0.25,960,38400,0
FINNIFTY16JUL2426200CE.NFO,2024-07-15,11:03:00,2024-07-16,0.25,0.25,0.25,0.25,0,38400,0
FINNIFTY16JUL2426200CE.NFO,2024-07-15,11:04:00,2024-07-16,0.25,0.25,0.25,0.25,0,38400,0
FINNIFTY16JUL2426200CE.NFO,2024-07-15,11:05:00,2024-07-16,0.25,0.25,0.25,0.25,0,38400,0
FINNIFTY16JUL2426200CE.NFO,2024-07-15,11:06:00,2024-07-16,0.25,0.25,0.25,0.25,0,38400,0
FINNIFTY16JUL2426200CE.NFO,2024-07-15,11:07:00,2024-07-16,0.25,0.25,0.25,0.25,0,38400,0
FINNIFTY16JUL2426200CE.NFO,2024-07-15,11:08:00,2024-07-16,0.25,0.25,0.25,0.25,1800,38400,0
FINNIFTY16JUL2426200CE.NFO,2024-07-15,11:09:00,2024-07-16,0.25,0.25,0.25,0.25,0,38400,0
FINNIFTY16JUL2426200CE.NFO,2024-07-15,11:10:00,2024-07-16,0.25,0.25,0.25,0.25,0,38400,0
FINNIFTY16JUL2426200CE.NFO,2024-07-15,11:11:00,2024-07-16,0.25,0.25,0.25,0.25,0,38400,0
FINNIFTY16JUL2426200CE.NFO,2024-07-15,11:12:00,2024-07-16,0.25,0.25,0.25,0.25,0,38400,0
FINNIFTY16JUL2426200CE.NFO,2024-07-15,11:13:00,2024-07-16,0.25,0.25,0.25,0.25,0,38400,0
FINNIFTY16JUL2426200CE.NFO,2024-07-15,11:14:00,2024-07-16,0.25,0.25,0.2,0.2,200,38200,0
FINNIFTY16JUL2426200CE.NFO,2024-07-15,11:15:00,2024-07-16,0.2,0.2,0.2,0.2,0,38200,0
FINNIFTY16JUL2426200CE.NFO,2024-07-15,11:16:00,2024-07-16,0.2,0.2,0.2,0.2,0,38200,0
FINNIFTY16JUL2426200CE.NFO,2024-07-15,11:17:00,2024-07-16,0.2,0.2,0.2,0.2,0,38200,0
FINNIFTY16JUL2426200CE.NFO,2024-07-15,11:18:00,2024-07-16,0.2,0.2,0.2,0.2,0,38200,0
FINNIFTY16JUL2426200CE.NFO,2024-07-15,11:19:00,2024-07-16,0.2,0.2,0.2,0.2,0,38200,0
FINNIFTY16JUL2426200CE.NFO,2024-07-15,11:20:00,2024-07-16,0.2,0.2,0.2,0.2,320,38200,0
FINNIFTY16JUL2426200CE.NFO,2024-07-15,11:21:00,2024-07-16,0.2,0.2,0.2,0.2,0,38200,0
FINNIFTY16JUL2426200CE.NFO,2024-07-15,11:22:00,2024-07-16,0.2,0.2,0.2,0.2,0,38200,0
FINNIFTY16JUL2426200CE.NFO,2024-07-15,11:23:00,2024-07-16,0.2,0.2,0.2,0.2,0,38200,0
FINNIFTY16JUL2426200CE.NFO,2024-07-15,11:24:00,2024-07-16,0.2,0.25,0.2,0.25,40,38200,0
FINNIFTY16JUL2426200CE.NFO,2024-07-15,11:25:00,2024-07-16,0.25,0.25,0.25,0.25,0,38200,0
FINNIFTY16JUL2426200CE.NFO,2024-07-15,11:26:00,2024-07-16,0.25,0.25,0.25,0.25,0,38200,0
FINNIFTY16JUL2426200CE.NFO,2024-07-15,11:27:00,2024-07-16,0.25,0.25,0.25,0.25,0,38200,0
FINNIFTY16JUL2426200CE.NFO,2024-07-15,11:28:00,2024-07-16,0.25,0.25,0.25,0.25,0,38200,0
FINNIFTY16JUL2426200CE.NFO,2024-07-15,11:29:00,2024-07-16,0.25,0.25,0.25,0.25,0,38200,0
FINNIFTY16JUL2426200CE.NFO,2024-07-15,11:30:00,2024-07-16,0.25,0.25,0.25,0.25,0,38200,0
FINNIFTY16JUL2426200CE.NFO,2024-07-15,11:31:00,2024-07-16,0.25,0.25,0.25,0.25,0,38200,0
FINNIFTY16JUL2426200CE.NFO,2024-07-15,11:32:00,2024-07-16,0.2,0.2,0.2,0.2,0,38200,0
FINNIFTY16JUL2426200CE.NFO,2024-07-15,11:33:00,2024-07-16,0.2,0.2,0.2,0.2,0,38200,0
FINNIFTY16JUL2426200CE.NFO,2024-07-15,11:34:00,2024-07-16,0.2,0.2,0.2,0.2,0,38200,0
FINNIFTY16JUL2426200CE.NFO,2024-07-15,11:35:00,2024-07-16,0.2,0.2,0.2,0.2,0,38200,0
FINNIFTY16JUL2426200CE.NFO,2024-07-15,11:36:00,2024-07-16,0.2,0.2,0.2,0.2,0,38200,0
FINNIFTY16JUL2426200CE.NFO,2024-07-15,11:37:00,2024-07-16,0.2,0.2,0.2,0.2,0,38200,0
FINNIFTY16JUL2426200CE.NFO,2024-07-15,11:38:00,2024-07-16,0.2,0.2,0.2,0.2,0,38200,1
FINNIFTY16JUL2426200CE.NFO,2024-07-15,11:39:00,2024-07-16,0.2,0.2,0.2,0.2,0,38200,1
FINNIFTY16JUL2426200CE.NFO,2024-07-15,11:40:00,2024-07-16,0.2,0.2,0.2,0.2,0,38200,1
FINNIFTY16JUL2426200CE.NFO,2024-07-15,11:41:00,2024-07-16,0.2,0.2,0.2,0.2,0,38200,1
FINNIFTY16JUL2426200CE.NFO,2024-07-15,11:42:00,2024-07-16,0.2,0.2,0.2,0.2,0,38200,1
FINNIFTY16JUL2426200CE.NFO,2024-07-15,11:43:00,2024-07-16,0.2,0.2,0.2,0.2,0,38200,1
FINNIFTY16JUL2426200CE.NFO,2024-07-15,11:44:00,2024-07-16,0.2,0.2,0.2,0.2,0,38200,1
FINNIFTY16JUL2426200CE.NFO,2024-07-15,11:45:00,2024-07-16,0.2,0.2,0.2,0.2,0,38200,1
FINNIFTY16JUL2426200CE.NFO,2024-07-15,11:46:00,2024-07-16,0.2,0.2,0.2,0.2,0,38200,1
FINNIFTY16JUL2426200CE.NFO,2024-07-15,11:47:00,2024-07-16,0.2,0.2,0.2,0.2,0,38200,1
FINNIFTY16JUL2426200CE.NFO,2024-07-15,11:48:00,2024-07-16,0.2,0.2,0.2,0.2,0,38200,0
FINNIFTY16JUL2426200CE.NFO,2024-07-15,11:49:00,2024-07-16,0.2,0.2,0.2,0.2,0,38200,0
FINNIFTY16JUL2426200CE.NFO,2024-07-15,11:50:00,2024-07-16,0.2,0.2,0.2,0.2,0,38200,0
FINNIFTY16JUL2426200CE.NFO,2024-07-15,11:51:00,2024-07-16,0.2,0.2,0.2,0.2,0,38200,1
FINNIFTY16JUL2426200CE.NFO,2024-07-15,11:52:00,2024-07-16,0.2,0.2,0.2,0.2,0,38200,1
FINNIFTY16JUL2426200CE.NFO,2024-07-15,11:53:00,2024-07-16,0.2,0.2,0.2,0.2,0,38200,1
FINNIFTY16JUL2426200CE.NFO,2024-07-15,11:54:00,2024-07-16,0.2,0.2,0.2,0.2,0,38200,0
FINNIFTY16JUL2426200CE.NFO,2024-07-15,11:55:00,2024-07-16,0.2,0.25,0.2,0.25,40,38200,0
FINNIFTY16JUL2426200CE.NFO,2024-07-15,11:56:00,2024-07-16,0.2,0.2,0.2,0.2,200,38200,0
FINNIFTY16JUL2426200CE.NFO,2024-07-15,11:57:00,2024-07-16,0.2,0.25,0.2,0.2,480,38200,0
FINNIFTY16JUL2426200CE.NFO,2024-07-15,11:58:00,2024-07-16,0.2,0.2,0.2,0.2,0,38320,0
FINNIFTY16JUL2426200CE.NFO,2024-07-15,11:59:00,2024-07-16,0.2,0.2,0.2,0.2,0,38320,0
FINNIFTY16JUL2426200CE.NFO,2024-07-15,12:00:00,2024-07-16,0.25,0.25,0.25,0.25,40,38320,0
FINNIFTY16JUL2426200CE.NFO,2024-07-15,12:01:00,2024-07-16,0.2,0.2,0.2,0.2,40,38360,0
FINNIFTY16JUL2426200CE.NFO,2024-07-15,12:02:00,2024-07-16,0.2,0.2,0.2,0.2,0,38360,0
FINNIFTY16JUL2426200CE.NFO,2024-07-15,12:03:00,2024-07-16,0.2,0.2,0.2,0.2,0,38360,1
FINNIFTY16JUL2426200CE.NFO,2024-07-15,12:04:00,2024-07-16,0.2,0.2,0.2,0.2,0,38360,0
FINNIFTY16JUL2426200CE.NFO,2024-07-15,12:05:00,2024-07-16,0.2,0.2,0.2,0.2,0,38360,0
FINNIFTY16JUL2426200CE.NFO,2024-07-15,12:06:00,2024-07-16,0.2,0.25,0.2,0.25,40,38360,0
FINNIFTY16JUL2426200CE.NFO,2024-07-15,12:07:00,2024-07-16,0.25,0.25,0.25,0.25,0,38360,0
FINNIFTY16JUL2426200CE.NFO,2024-07-15,12:08:00,2024-07-16,0.25,0.25,0.25,0.25,0,38360,0
FINNIFTY16JUL2426200CE.NFO,2024-07-15,12:09:00,2024-07-16,0.25,0.25,0.25,0.25,0,38360,0
FINNIFTY16JUL2426200CE.NFO,2024-07-15,12:10:00,2024-07-16,0.25,0.25,0.25,0.25,40,38400,0
FINNIFTY16JUL2426200CE.NFO,2024-07-15,12:11:00,2024-07-16,0.25,0.25,0.25,0.25,0,38400,0
FINNIFTY16JUL2426200CE.NFO,2024-07-15,12:12:00,2024-07-16,0.25,0.25,0.25,0.25,0,38400,0
FINNIFTY16JUL2426200CE.NFO,2024-07-15,12:13:00,2024-07-16,0.25,0.25,0.25,0.25,0,38400,0
FINNIFTY16JUL2426200CE.NFO,2024-07-15,12:14:00,2024-07-16,0.2,0.2,0.2,0.2,40,38440,0
FINNIFTY16JUL2426200CE.NFO,2024-07-15,12:15:00,2024-07-16,0.2,0.2,0.2,0.2,0,38440,0
FINNIFTY16JUL2426200CE.NFO,2024-07-15,12:16:00,2024-07-16,0.2,0.2,0.2,0.2,0,38440,0
FINNIFTY16JUL2426200CE.NFO,2024-07-15,12:17:00,2024-07-16,0.2,0.2,0.2,0.2,0,38440,0
FINNIFTY16JUL2426200CE.NFO,2024-07-15,12:18:00,2024-07-16,0.2,0.2,0.2,0.2,40,38440,0
FINNIFTY16JUL2426200CE.NFO,2024-07-15,12:19:00,2024-07-16,0.2,0.2,0.2,0.2,0,38440,0
FINNIFTY16JUL2426200CE.NFO,2024-07-15,12:20:00,2024-07-16,0.2,0.2,0.2,0.2,0,38440,0
FINNIFTY16JUL2426200CE.NFO,2024-07-15,12:21:00,2024-07-16,0.2,0.2,0.2,0.2,0,38440,0
FINNIFTY16JUL2426200CE.NFO,2024-07-15,12:22:00,2024-07-16,0.2,0.2,0.2,0.2,0,38440,0
FINNIFTY16JUL2426200CE.NFO,2024-07-15,12:23:00,2024-07-16,0.2,0.25,0.2,0.25,0,38400,0
FINNIFTY16JUL2426200CE.NFO,2024-07-15,12:24:00,2024-07-16,0.25,0.25,0.25,0.25,0,38400,0
FINNIFTY16JUL2426200CE.NFO,2024-07-15,12:25:00,2024-07-16,0.25,0.25,0.25,0.25,0,38400,0
FINNIFTY16JUL2426200CE.NFO,2024-07-15,12:26:00,2024-07-16,0.25,0.25,0.25,0.25,0,38400,0
FINNIFTY16JUL2426200CE.NFO,2024-07-15,12:27:00,2024-07-16,0.25,0.25,0.25,0.25,0,38400,0
FINNIFTY16JUL2426200CE.NFO,2024-07-15,12:28:00,2024-07-16,0.25,0.25,0.2,0.2,0,38480,0
FINNIFTY16JUL2426200CE.NFO,2024-07-15,12:29:00,2024-07-16,0.2,0.2,0.2,0.2,0,38480,1
FINNIFTY16JUL2426200CE.NFO,2024-07-15,12:30:00,2024-07-16,0.2,0.2,0.2,0.2,0,38480,0
FINNIFTY16JUL2426200CE.NFO,2024-07-15,12:31:00,2024-07-16,0.2,0.2,0.2,0.2,0,38480,0
FINNIFTY16JUL2426200CE.NFO,2024-07-15,12:32:00,2024-07-16,0.2,0.2,0.2,0.2,0,38480,0
FINNIFTY16JUL2426200CE.NFO,2024-07-15,12:33:00,2024-07-16,0.2,0.2,0.2,0.2,0,38480,0
FINNIFTY16JUL2426200CE.NFO,2024-07-15,12:34:00,2024-07-16,0.2,0.25,0.2,0.25,80,38400,0
FINNIFTY16JUL2426200CE.NFO,2024-07-15,12:35:00,2024-07-16,0.25,0.25,0.25,0.25,0,38400,0
FINNIFTY16JUL2426200CE.NFO,2024-07-15,12:36:00,2024-07-16,0.25,0.25,0.25,0.25,0,38400,0
FINNIFTY16JUL2426200CE.NFO,2024-07-15,12:37:00,2024-07-16,0.25,0.25,0.25,0.25,0,38400,0
FINNIFTY16JUL2426200CE.NFO,2024-07-15,12:38:00,2024-07-16,0.25,0.25,0.25,0.25,0,38400,0
FINNIFTY16JUL2426200CE.NFO,2024-07-15,12:39:00,2024-07-16,0.25,0.25,0.25,0.25,0,38400,0
FINNIFTY16JUL2426200CE.NFO,2024-07-15,12:40:00,2024-07-16,0.25,0.25,0.25,0.25,0,38480,0
FINNIFTY16JUL2426200CE.NFO,2024-07-15,12:41:00,2024-07-16,0.25,0.25,0.25,0.25,0,38480,0
FINNIFTY16JUL2426200CE.NFO,2024-07-15,12:42:00,2024-07-16,0.25,0.25,0.25,0.25,0,38480,0
FINNIFTY16JUL2426200CE.NFO,2024-07-15,12:43:00,2024-07-16,0.25,0.25,0.25,0.25,0,38480,0
FINNIFTY16JUL2426200CE.NFO,2024-07-15,12:44:00,2024-07-16,0.25,0.25,0.25,0.25,0,38480,0
FINNIFTY16JUL2426200CE.NFO,2024-07-15,12:45:00,2024-07-16,0.25,0.25,0.25,0.25,0,38480,0
FINNIFTY16JUL2426200CE.NFO,2024-07-15,12:46:00,2024-07-16,0.25,0.25,0.25,0.25,0,38480,0
FINNIFTY16JUL2426200CE.NFO,2024-07-15,12:47:00,2024-07-16,0.25,0.25,0.25,0.25,0,38480,0
FINNIFTY16JUL2426200CE.NFO,2024-07-15,12:48:00,2024-07-16,0.25,0.25,0.25,0.25,80,38520,0
FINNIFTY16JUL2426200CE.NFO,2024-07-15,12:49:00,2024-07-16,0.25,0.25,0.25,0.25,0,38520,0
FINNIFTY16JUL2426200CE.NFO,2024-07-15,12:50:00,2024-07-16,0.25,0.25,0.25,0.25,0,38520,0
FINNIFTY16JUL2426200CE.NFO,2024-07-15,12:51:00,2024-07-16,0.25,0.25,0.25,0.25,0,38520,0
FINNIFTY16JUL2426200CE.NFO,2024-07-15,12:52:00,2024-07-16,0.2,0.2,0.2,0.2,280,38680,0
FINNIFTY16JUL2426200CE.NFO,2024-07-15,12:53:00,2024-07-16,0.2,0.2,0.2,0.2,0,38680,0
FINNIFTY16JUL2426200CE.NFO,2024-07-15,12:54:00,2024-07-16,0.2,0.2,0.2,0.2,0,38680,0
FINNIFTY16JUL2426200CE.NFO,2024-07-15,12:55:00,2024-07-16,0.2,0.2,0.2,0.2,0,38680,0
FINNIFTY16JUL2426200CE.NFO,2024-07-15,12:56:00,2024-07-16,0.2,0.2,0.2,0.2,0,38680,0
FINNIFTY16JUL2426200CE.NFO,2024-07-15,12:57:00,2024-07-16,0.2,0.2,0.2,0.2,0,38680,0
FINNIFTY16JUL2426200CE.NFO,2024-07-15,12:58:00,2024-07-16,0.2,0.2,0.2,0.2,0,38680,0
FINNIFTY16JUL2426200CE.NFO,2024-07-15,12:59:00,2024-07-16,0.2,0.2,0.2,0.2,0,38680,1
FINNIFTY16JUL2426200CE.NFO,2024-07-15,13:00:00,2024-07-16,0.2,0.2,0.2,0.2,0,38680,1
FINNIFTY16JUL2426200CE.NFO,2024-07-15,13:01:00,2024-07-16,0.2,0.2,0.2,0.2,0,38680,0
FINNIFTY16JUL2426200CE.NFO,2024-07-15,13:02:00,2024-07-16,0.2,0.2,0.2,0.2,0,38680,1
FINNIFTY16JUL2426200CE.NFO,2024-07-15,13:03:00,2024-07-16,0.2,0.2,0.2,0.2,0,38680,1
FINNIFTY16JUL2426200CE.NFO,2024-07-15,13:04:00,2024-07-16,0.2,0.2,0.2,0.2,0,38680,0
FINNIFTY16JUL2426200CE.NFO,2024-07-15,13:05:00,2024-07-16,0.2,0.2,0.2,0.2,0,38680,0
FINNIFTY16JUL2426200CE.NFO,2024-07-15,13:06:00,2024-07-16,0.2,0.2,0.2,0.2,0,38400,0
FINNIFTY16JUL2426200CE.NFO,2024-07-15,13:07:00,2024-07-16,0.2,0.2,0.2,0.2,840,37520,0
FINNIFTY16JUL2426200CE.NFO,2024-07-15,13:08:00,2024-07-16,0.2,0.2,0.2,0.2,840,37520,0
FINNIFTY16JUL2426200CE.NFO,2024-07-15,13:09:00,2024-07-16,0.2,0.2,0.2,0.2,2880,37520,0
FINNIFTY16JUL2426200CE.NFO,2024-07-15,13:10:00,2024-07-16,0.2,0.2,0.2,0.2,0,37520,0
FINNIFTY16JUL2426200CE.NFO,2024-07-15,13:11:00,2024-07-16,0.2,0.2,0.2,0.2,0,37520,0
FINNIFTY16JUL2426200CE.NFO,2024-07-15,13:12:00,2024-07-16,0.2,0.2,0.2,0.2,200,37520,0
FINNIFTY16JUL2426200CE.NFO,2024-07-15,13:13:00,2024-07-16,0.2,0.2,0.2,0.2,0,37520,0
FINNIFTY16JUL2426200CE.NFO,2024-07-15,13:14:00,2024-07-16,0.2,0.2,0.2,0.2,920,37520,0
FINNIFTY16JUL2426200CE.NFO,2024-07-15,13:15:00,2024-07-16,0.2,0.2,0.2,0.2,520,37520,0
FINNIFTY16JUL2426200CE.NFO,2024-07-15,13:16:00,2024-07-16,0.2,0.2,0.2,0.2,0,37520,0
FINNIFTY16JUL2426200CE.NFO,2024-07-15,13:17:00,2024-07-16,0.2,0.2,0.2,0.2,0,37520,0
FINNIFTY16JUL2426200CE.NFO,2024-07-15,13:18:00,2024-07-16,0.2,0.2,0.2,0.2,0,37520,0
FINNIFTY16JUL2426200CE.NFO,2024-07-15,13:19:00,2024-07-16,0.2,0.2,0.2,0.2,0,37520,1
FINNIFTY16JUL2426200CE.NFO,2024-07-15,13:20:00,2024-07-16,0.2,0.2,0.2,0.2,0,37520,1
FINNIFTY16JUL2426200CE.NFO,2024-07-15,13:21:00,2024-07-16,0.2,0.2,0.2,0.2,0,37520,1
FINNIFTY16JUL2426200CE.NFO,2024-07-15,13:22:00,2024-07-16,0.2,0.2,0.2,0.2,0,37520,1
FINNIFTY16JUL2426200CE.NFO,2024-07-15,13:23:00,2024-07-16,0.2,0.2,0.2,0.2,0,37520,1
FINNIFTY16JUL2426200CE.NFO,2024-07-15,13:24:00,2024-07-16,0.2,0.2,0.2,0.2,0,37520,1
FINNIFTY16JUL2426200CE.NFO,2024-07-15,13:25:00,2024-07-16,0.2,0.2,0.2,0.2,0,37520,1
FINNIFTY16JUL2426200CE.NFO,2024-07-15,13:26:00,2024-07-16,0.2,0.2,0.2,0.2,0,37520,1
FINNIFTY16JUL2426200CE.NFO,2024-07-15,13:27:00,2024-07-16,0.2,0.2,0.2,0.2,0,37520,1
FINNIFTY16JUL2426200CE.NFO,2024-07-15,13:28:00,2024-07-16,0.2,0.2,0.2,0.2,0,37520,1
FINNIFTY16JUL2426200CE.NFO,2024-07-15,13:29:00,2024-07-16,0.2,0.2,0.2,0.2,0,37520,1
FINNIFTY16JUL2426200CE.NFO,2024-07-15,13:30:00,2024-07-16,0.2,0.2,0.2,0.2,0,37520,1
FINNIFTY16JUL2426200CE.NFO,2024-07-15,13:31:00,2024-07-16,0.2,0.2,0.15,0.15,0,37040,0
FINNIFTY16JUL2426200CE.NFO,2024-07-15,13:32:00,2024-07-16,0.15,0.15,0.15,0.15,0,37040,0
FINNIFTY16JUL2426200CE.NFO,2024-07-15,13:33:00,2024-07-16,0.15,0.15,0.15,0.15,0,37040,0
FINNIFTY16JUL2426200CE.NFO,2024-07-15,13:34:00,2024-07-16,0.15,0.15,0.15,0.15,0,37040,0
FINNIFTY16JUL2426200CE.NFO,2024-07-15,13:35:00,2024-07-16,0.15,0.15,0.15,0.15,0,37040,1
FINNIFTY16JUL2426200CE.NFO,2024-07-15,13:36:00,2024-07-16,0.15,0.15,0.15,0.15,0,37040,1
FINNIFTY16JUL2426200CE.NFO,2024-07-15,13:37:00,2024-07-16,0.15,0.15,0.15,0.15,0,37040,1
FINNIFTY16JUL2426200CE.NFO,2024-07-15,13:38:00,2024-07-16,0.15,0.15,0.15,0.15,0,37040,1
FINNIFTY16JUL2426200CE.NFO,2024-07-15,13:39:00,2024-07-16,0.15,0.15,0.15,0.15,0,37040,0
FINNIFTY16JUL2426200CE.NFO,2024-07-15,13:40:00,2024-07-16,0.15,0.15,0.15,0.15,0,37040,0
FINNIFTY16JUL2426200CE.NFO,2024-07-15,13:41:00,2024-07-16,0.15,0.15,0.15,0.15,0,37040,1
FINNIFTY16JUL2426200CE.NFO,2024-07-15,13:42:00,2024-07-16,0.15,0.15,0.15,0.15,0,37040,1
FINNIFTY16JUL2426200CE.NFO,2024-07-15,13:43:00,2024-07-16,0.15,0.15,0.15,0.15,0,37040,1
FINNIFTY16JUL2426200CE.NFO,2024-07-15,13:44:00,2024-07-16,0.15,0.15,0.15,0.15,0,37040,0
FINNIFTY16JUL2426200CE.NFO,2024-07-15,13:45:00,2024-07-16,0.15,0.15,0.15,0.15,0,37040,0
FINNIFTY16JUL2426200CE.NFO,2024-07-15,13:46:00,2024-07-16,0.15,0.15,0.15,0.15,0,37040,0
FINNIFTY16JUL2426200CE.NFO,2024-07-15,13:47:00,2024-07-16,0.15,0.15,0.15,0.15,0,37040,0
FINNIFTY16JUL2426200CE.NFO,2024-07-15,13:48:00,2024-07-16,0.15,0.15,0.15,0.15,0,37040,0
FINNIFTY16JUL2426200CE.NFO,2024-07-15,13:49:00,2024-07-16,0.15,0.15,0.15,0.15,0,37040,0
FINNIFTY16JUL2426200CE.NFO,2024-07-15,13:50:00,2024-07-16,0.15,0.15,0.15,0.15,0,37040,0
FINNIFTY16JUL2426200CE.NFO,2024-07-15,13:51:00,2024-07-16,0.15,0.15,0.15,0.15,0,37040,0
FINNIFTY16JUL2426200CE.NFO,2024-07-15,13:52:00,2024-07-16,0.15,0.15,0.15,0.15,0,37040,1
FINNIFTY16JUL2426200CE.NFO,2024-07-15,13:53:00,2024-07-16,0.15,0.15,0.15,0.15,0,37040,1
FINNIFTY16JUL2426200CE.NFO,2024-07-15,13:54:00,2024-07-16,0.15,0.15,0.15,0.15,0,37040,1
FINNIFTY16JUL2426200CE.NFO,2024-07-15,13:55:00,2024-07-16,0.15,0.15,0.15,0.15,200,37040,0
FINNIFTY16JUL2426200CE.NFO,2024-07-15,13:56:00,2024-07-16,0.15,0.15,0.15,0.15,0,37040,0
FINNIFTY16JUL2426200CE.NFO,2024-07-15,13:57:00,2024-07-16,0.15,0.15,0.15,0.15,400,37040,0
FINNIFTY16JUL2426200CE.NFO,2024-07-15,13:58:00,2024-07-16,0.15,0.15,0.15,0.15,0,37040,0
FINNIFTY16JUL2426200CE.NFO,2024-07-15,13:59:00,2024-07-16,0.15,0.15,0.15,0.15,0,37040,0
FINNIFTY16JUL2426200CE.NFO,2024-07-15,14:00:00,2024-07-16,0.15,0.15,0.15,0.15,0,37040,0
FINNIFTY16JUL2426200CE.NFO,2024-07-15,14:01:00,2024-07-16,0.15,0.15,0.15,0.15,0,37040,0
FINNIFTY16JUL2426200CE.NFO,2024-07-15,14:02:00,2024-07-16,0.15,0.15,0.15,0.15,0,37040,0
FINNIFTY16JUL2426200CE.NFO,2024-07-15,14:03:00,2024-07-16,0.15,0.15,0.15,0.15,0,37040,0
FINNIFTY16JUL2426200CE.NFO,2024-07-15,14:04:00,2024-07-16,0.15,0.15,0.15,0.15,0,37040,1
FINNIFTY16JUL2426200CE.NFO,2024-07-15,14:05:00,2024-07-16,0.15,0.15,0.15,0.15,0,37040,1
FINNIFTY16JUL2426200CE.NFO,2024-07-15,14:06:00,2024-07-16,0.2,0.2,0.2,0.2,560,37040,0
FINNIFTY16JUL2426200CE.NFO,2024-07-15,14:07:00,2024-07-16,0.2,0.2,0.2,0.2,80,37040,0
FINNIFTY16JUL2426200CE.NFO,2024-07-15,14:08:00,2024-07-16,0.2,0.2,0.2,0.2,360,37040,0
FINNIFTY16JUL2426200CE.NFO,2024-07-15,14:09:00,2024-07-16,0.2,0.2,0.2,0.2,0,37040,0
FINNIFTY16JUL2426200CE.NFO,2024-07-15,14:10:00,2024-07-16,0.2,0.2,0.2,0.2,520,37040,0
FINNIFTY16JUL2426200CE.NFO,2024-07-15,14:11:00,2024-07-16,0.2,0.2,0.2,0.2,200,37040,0
FINNIFTY16JUL2426200CE.NFO,2024-07-15,14:12:00,2024-07-16,0.2,0.2,0.2,0.2,200,37040,1
FINNIFTY16JUL2426200CE.NFO,2024-07-15,14:13:00,2024-07-16,0.2,0.2,0.2,0.2,200,37040,1
FINNIFTY16JUL2426200CE.NFO,2024-07-15,14:14:00,2024-07-16,0.2,0.2,0.2,0.2,200,37040,1
FINNIFTY16JUL2426200CE.NFO,2024-07-15,14:15:00,2024-07-16,0.2,0.2,0.2,0.2,0,37040,0
FINNIFTY16JUL2426200CE.NFO,2024-07-15,14:16:00,2024-07-16,0.15,0.15,0.15,0.15,880,37240,0
FINNIFTY16JUL2426200CE.NFO,2024-07-15,14:17:00,2024-07-16,0.15,0.15,0.15,0.15,880,37240,1
FINNIFTY16JUL2426200CE.NFO,2024-07-15,14:18:00,2024-07-16,0.15,0.15,0.15,0.15,0,37240,0
FINNIFTY16JUL2426200CE.NFO,2024-07-15,14:19:00,2024-07-16,0.15,0.15,0.15,0.15,0,37240,1
FINNIFTY16JUL2426200CE.NFO,2024-07-15,14:20:00,2024-07-16,0.15,0.15,0.15,0.15,0,37240,1
FINNIFTY16JUL2426200CE.NFO,2024-07-15,14:21:00,2024-07-16,0.15,0.15,0.15,0.15,0,37240,1
FINNIFTY16JUL2426200CE.NFO,2024-07-15,14:22:00,2024-07-16,0.15,0.15,0.15,0.15,0,37240,1
FINNIFTY16JUL2426200CE.NFO,2024-07-15,14:23:00,2024-07-16,0.15,0.15,0.15,0.15,0,37240,1
FINNIFTY16JUL2426200CE.NFO,2024-07-15,14:24:00,2024-07-16,0.15,0.15,0.15,0.15,0,37240,1
FINNIFTY16JUL2426200CE.NFO,2024-07-15,14:25:00,2024-07-16,0.15,0.15,0.15,0.15,0,37240,0
FINNIFTY16JUL2426200CE.NFO,2024-07-15,14:26:00,2024-07-16,0.15,0.15,0.15,0.15,0,37240,1
FINNIFTY16JUL2426200CE.NFO,2024-07-15,14:27:00,2024-07-16,0.15,0.15,0.15,0.15,0,37240,1
FINNIFTY16JUL2426200CE.NFO,2024-07-15,14:28:00,2024-07-16,0.15,0.15,0.15,0.15,0,37240,1
FINNIFTY16JUL2426200CE.NFO,2024-07-15,14:29:00,2024-07-16,0.15,0.15,0.15,0.15,0,37240,1
FINNIFTY16JUL2426200CE.NFO,2024-07-15,14:30:00,2024-07-16,0.15,0.15,0.15,0.15,0,37240,1
FINNIFTY16JUL2426200CE.NFO,2024-07-15,14:31:00,2024-07-16,0.15,0.15,0.15,0.15,0,37240,0
FINNIFTY16JUL2426200CE.NFO,2024-07-15,14:32:00,2024-07-16,0.15,0.15,0.15,0.15,0,37240,0
FINNIFTY16JUL2426200CE.NFO,2024-07-15,14:33:00,2024-07-16,0.15,0.15,0.15,0.15,0,37240,0
FINNIFTY16JUL2426200CE.NFO,2024-07-15,14:34:00,2024-07-16,0.15,0.15,0.15,0.15,0,37240,1
FINNIFTY16JUL2426200CE.NFO,2024-07-15,14:35:00,2024-07-16,0.15,0.15,0.15,0.15,0,37240,1
FINNIFTY16JUL2426200CE.NFO,2024-07-15,14:36:00,2024-07-16,0.15,0.2,0.15,0.2,0,37240,0
FINNIFTY16JUL2426200CE.NFO,2024-07-15,14:37:00,2024-07-16,0.2,0.2,0.2,0.2,0,37240,1
FINNIFTY16JUL2426200CE.NFO,2024-07-15,14:38:00,2024-07-16,0.2,0.2,0.2,0.2,0,37240,1
FINNIFTY16JUL2426200CE.NFO,2024-07-15,14:39:00,2024-07-16,0.2,0.2,0.2,0.2,0,37240,0
FINNIFTY16JUL2426200CE.NFO,2024-07-15,14:40:00,2024-07-16,0.2,0.2,0.2,0.2,0,37240,0
FINNIFTY16JUL2426200CE.NFO,2024-07-15,14:41:00,2024-07-16,0.15,0.15,0.15,0.15,0,37280,0
FINNIFTY16JUL2426200CE.NFO,2024-07-15,14:42:00,2024-07-16,0.15,0.15,0.15,0.15,0,37280,0
FINNIFTY16JUL2426200CE.NFO,2024-07-15,14:43:00,2024-07-16,0.15,0.15,0.15,0.15,0,37280,0
FINNIFTY16JUL2426200CE.NFO,2024-07-15,14:44:00,2024-07-16,0.15,0.15,0.15,0.15,0,37280,0
FINNIFTY16JUL2426200CE.NFO,2024-07-15,14:45:00,2024-07-16,0.15,0.15,0.15,0.15,400,37280,0
FINNIFTY16JUL2426200CE.NFO,2024-07-15,14:46:00,2024-07-16,0.15,0.15,0.15,0.15,0,37280,0
FINNIFTY16JUL2426200CE.NFO,2024-07-15,14:47:00,2024-07-16,0.15,0.15,0.15,0.15,0,37280,1
FINNIFTY16JUL2426200CE.NFO,2024-07-15,14:48:00,2024-07-16,0.15,0.15,0.15,0.15,0,37280,1
FINNIFTY16JUL2426200CE.NFO,2024-07-15,14:49:00,2024-07-16,0.15,0.15,0.15,0.15,0,37280,0
FINNIFTY16JUL2426200CE.NFO,2024-07-15,14:50:00,2024-07-16,0.15,0.15,0.15,0.15,0,37280,0
FINNIFTY16JUL2426200CE.NFO,2024-07-15,14:51:00,2024-07-16,0.15,0.15,0.15,0.15,0,37280,1
FINNIFTY16JUL2426200CE.NFO,2024-07-15,14:52:00,2024-07-16,0.15,0.15,0.15,0.15,0,37280,1
FINNIFTY16JUL2426200CE.NFO,2024-07-15,14:53:00,2024-07-16,0.15,0.15,0.15,0.15,520,37280,0
FINNIFTY16JUL2426200CE.NFO,2024-07-15,14:54:00,2024-07-16,0.15,0.15,0.15,0.15,400,37280,0
FINNIFTY16JUL2426200CE.NFO,2024-07-15,14:55:00,2024-07-16,0.15,0.15,0.15,0.15,400,37280,0
FINNIFTY16JUL2426200CE.NFO,2024-07-15,14:56:00,2024-07-16,0.15,0.2,0.15,0.2,0,37280,0
FINNIFTY16JUL2426200CE.NFO,2024-07-15,14:57:00,2024-07-16,0.15,0.15,0.15,0.15,0,37280,0
FINNIFTY16JUL2426200CE.NFO,2024-07-15,14:58:00,2024-07-16,0.15,0.2,0.15,0.2,200,37320,0
FINNIFTY16JUL2426200CE.NFO,2024-07-15,14:59:00,2024-07-16,0.2,0.2,0.2,0.2,0,37320,0
FINNIFTY16JUL2426200CE.NFO,2024-07-15,15:00:00,2024-07-16,0.15,0.15,0.15,0.15,0,37320,0
FINNIFTY16JUL2426200CE.NFO,2024-07-15,15:01:00,2024-07-16,0.15,0.15,0.15,0.15,0,37320,1
FINNIFTY16JUL2426200CE.NFO,2024-07-15,15:02:00,2024-07-16,0.2,0.2,0.2,0.2,680,37360,0
FINNIFTY16JUL2426200CE.NFO,2024-07-15,15:03:00,2024-07-16,0.2,0.2,0.2,0.2,0,37360,0
FINNIFTY16JUL2426200CE.NFO,2024-07-15,15:04:00,2024-07-16,0.2,0.2,0.2,0.2,0,37360,1
FINNIFTY16JUL2426200CE.NFO,2024-07-15,15:05:00,2024-07-16,0.2,0.2,0.2,0.2,80,37640,0
FINNIFTY16JUL2426200CE.NFO,2024-07-15,15:06:00,2024-07-16,0.15,0.2,0.15,0.2,80,37640,0
FINNIFTY16JUL2426200CE.NFO,2024-07-15,15:07:00,2024-07-16,0.2,0.2,0.2,0.2,480,37640,0
FINNIFTY16JUL2426200CE.NFO,2024-07-15,15:08:00,2024-07-16,0.2,0.2,0.2,0.2,0,37640,0
FINNIFTY16JUL2426200CE.NFO,2024-07-15,15:09:00,2024-07-16,0.2,0.2,0.2,0.2,0,37640,1
FINNIFTY16JUL2426200CE.NFO,2024-07-15,15:10:00,2024-07-16,0.2,0.2,0.2,0.2,0,37640,0
FINNIFTY16JUL2426200CE.NFO,2024-07-15,15:11:00,2024-07-16,0.2,0.2,0.2,0.2,0,37640,0
FINNIFTY16JUL2426200CE.NFO,2024-07-15,15:12:00,2024-07-16,0.2,0.2,0.2,0.2,0,37640,0
FINNIFTY16JUL2426200CE.NFO,2024-07-15,15:13:00,2024-07-16,0.2,0.2,0.2,0.2,0,37640,0
FINNIFTY16JUL2426200CE.NFO,2024-07-15,15:14:00,2024-07-16,0.2,0.2,0.15,0.15,0,37640,0
FINNIFTY16JUL2426200CE.NFO,2024-07-15,15:15:00,2024-07-16,0.15,0.15,0.15,0.15,600,37640,0
FINNIFTY16JUL2426200CE.NFO,2024-07-15,15:16:00,2024-07-16,0.15,0.15,0.15,0.15,960,37640,0
FINNIFTY16JUL2426200CE.NFO,2024-07-15,15:17:00,2024-07-16,0.15,0.15,0.15,0.15,0,37640,0
FINNIFTY16JUL2426200CE.NFO,2024-07-15,15:18:00,2024-07-16,0.15,0.15,0.15,0.15,0,37640,0
FINNIFTY16JUL2426200CE.NFO,2024-07-15,15:19:00,2024-07-16,0.15,0.15,0.1,0.1,3600,36840,0
FINNIFTY16JUL2426200CE.NFO,2024-07-15,15:20:00,2024-07-16,0.1,0.1,0.1,0.1,0,36840,0
FINNIFTY16JUL2426200CE.NFO,2024-07-15,15:21:00,2024-07-16,0.1,0.1,0.1,0.1,0,36840,0
FINNIFTY16JUL2426200CE.NFO,2024-07-15,15:22:00,2024-07-16,0.1,0.1,0.1,0.1,480,36840,0
FINNIFTY16JUL2426200CE.NFO,2024-07-15,15:23:00,2024-07-16,0.15,0.15,0.15,0.15,0,36840,0
FINNIFTY16JUL2426200CE.NFO,2024-07-15,15:24:00,2024-07-16,0.15,0.15,0.15,0.15,0,36840,0
FINNIFTY16JUL2426200CE.NFO,2024-07-15,15:25:00,2024-07-16,0.1,0.1,0.1,0.1,0,36840,0
FINNIFTY16JUL2426200CE.NFO,2024-07-15,15:26:00,2024-07-16,0.1,0.1,0.1,0.1,0,36840,0
FINNIFTY16JUL2426200CE.NFO,2024-07-15,15:27:00,2024-07-16,0.1,0.1,0.1,0.1,0,36840,1
FINNIFTY16JUL2426200CE.NFO,2024-07-15,15:28:00,2024-07-16,0.1,0.1,0.1,0.1,3000,36840,0
FINNIFTY16JUL2426200CE.NFO,2024-07-15,15:29:00,2024-07-16,0.1,0.1,0.1,0.1,0,36840,0
FINNIFTY16JUL2426200CE.NFO,2024-07-15,15:30:00,2024-07-16,0.1,0.1,0.1,0.1,0,36840,1
FINNIFTY16JUL2426200CE.NFO,2024-07-16,09:15:00,2024-07-16,0.1,0.15,0.1,0.15,7440,42680,0
FINNIFTY16JUL2426200CE.NFO,2024-07-16,09:16:00,2024-07-16,0.15,0.15,0.15,0.15,1800,42680,0
FINNIFTY16JUL2426200CE.NFO,2024-07-16,09:17:00,2024-07-16,0.15,0.15,0.15,0.15,3120,42680,0
FINNIFTY16JUL2426200CE.NFO,2024-07-16,09:18:00,2024-07-16,0.15,0.15,0.15,0.15,7400,46080,0
FINNIFTY16JUL2426200CE.NFO,2024-07-16,09:19:00,2024-07-16,0.15,0.25,0.1,0.25,40840,46080,0
FINNIFTY16JUL2426200CE.NFO,2024-07-16,09:20:00,2024-07-16,0.25,0.35,0.2,0.2,23680,46080,0
FINNIFTY16JUL2426200CE.NFO,2024-07-16,09:21:00,2024-07-16,0.2,0.25,0.2,0.25,8640,42240,0
FINNIFTY16JUL2426200CE.NFO,2024-07-16,09:22:00,2024-07-16,0.25,0.25,0.25,0.25,2560,42240,0
FINNIFTY16JUL2426200CE.NFO,2024-07-16,09:23:00,2024-07-16,0.25,0.25,0.25,0.25,0,42240,0
FINNIFTY16JUL2426200CE.NFO,2024-07-16,09:24:00,2024-07-16,0.25,0.25,0.25,0.25,0,42240,0
FINNIFTY16JUL2426200CE.NFO,2024-07-16,09:25:00,2024-07-16,0.25,0.25,0.2,0.2,2440,42440,0
FINNIFTY16JUL2426200CE.NFO,2024-07-16,09:26:00,2024-07-16,0.2,0.2,0.2,0.2,0,42440,0
FINNIFTY16JUL2426200CE.NFO,2024-07-16,09:27:00,2024-07-16,0.2,0.2,0.2,0.2,0,42440,0
FINNIFTY16JUL2426200CE.NFO,2024-07-16,09:28:00,2024-07-16,0.2,0.25,0.2,0.25,80,42560,0
FINNIFTY16JUL2426200CE.NFO,2024-07-16,09:29:00,2024-07-16,0.25,0.3,0.25,0.3,11600,42560,0
FINNIFTY16JUL2426200CE.NFO,2024-07-16,09:30:00,2024-07-16,0.3,0.35,0.25,0.35,12480,50520,0
FINNIFTY16JUL2426200CE.NFO,2024-07-16,09:31:00,2024-07-16,0.35,0.35,0.3,0.3,440,50520,0
FINNIFTY16JUL2426200CE.NFO,2024-07-16,09:32:00,2024-07-16,0.3,0.3,0.25,0.25,0,50520,0
FINNIFTY16JUL2426200CE.NFO,2024-07-16,09:33:00,2024-07-16,0.25,0.3,0.25,0.3,0,50520,0
FINNIFTY16JUL2426200CE.NFO,2024-07-16,09:34:00,2024-07-16,0.3,0.3,0.3,0.3,240,57000,0
FINNIFTY16JUL2426200CE.NFO,2024-07-16,09:35:00,2024-07-16,0.3,0.3,0.25,0.25,40,57000,0
FINNIFTY16JUL2426200CE.NFO,2024-07-16,09:36:00,2024-07-16,0.25,0.3,0.25,0.3,40,57160,0
FINNIFTY16JUL2426200CE.NFO,2024-07-16,09:37:00,2024-07-16,0.3,0.3,0.3,0.3,0,57160,0
FINNIFTY16JUL2426200CE.NFO,2024-07-16,09:38:00,2024-07-16,0.3,0.3,0.3,0.3,0,57160,0
FINNIFTY16JUL2426200CE.NFO,2024-07-16,09:39:00,2024-07-16,0.3,0.3,0.3,0.3,3440,57160,0
FINNIFTY16JUL2426200CE.NFO,2024-07-16,09:40:00,2024-07-16,0.3,0.3,0.3,0.3,0,57160,0
FINNIFTY16JUL2426200CE.NFO,2024-07-16,09:41:00,2024-07-16,0.3,0.3,0.3,0.3,0,57160,0
FINNIFTY16JUL2426200CE.NFO,2024-07-16,09:42:00,2024-07-16,0.3,0.3,0.3,0.3,0,57160,0
FINNIFTY16JUL2426200CE.NFO,2024-07-16,09:43:00,2024-07-16,0.3,0.3,0.3,0.3,0,57160,0
FINNIFTY16JUL2426200CE.NFO,2024-07-16,09:44:00,2024-07-16,0.3,0.3,0.3,0.3,0,57160,0
FINNIFTY16JUL2426200CE.NFO,2024-07-16,09:45:00,2024-07-16,0.3,0.3,0.25,0.25,3120,60680,0
FINNIFTY16JUL2426200CE.NFO,2024-07-16,09:46:00,2024-07-16,0.25,0.25,0.25,0.25,0,60680,0
FINNIFTY16JUL2426200CE.NFO,2024-07-16,09:47:00,2024-07-16,0.25,0.25,0.2,0.2,0,57560,0
FINNIFTY16JUL2426200CE.NFO,2024-07-16,09:48:00,2024-07-16,0.2,0.2,0.2,0.2,0,57560,0
FINNIFTY16JUL2426200CE.NFO,2024-07-16,09:49:00,2024-07-16,0.2,0.2,0.2,0.2,200,55480,0
FINNIFTY16JUL2426200CE.NFO,2024-07-16,09:50:00,2024-07-16,0.2,0.2,0.2,0.2,0,55480,0
FINNIFTY16JUL2426200CE.NFO,2024-07-16,09:51:00,2024-07-16,0.2,0.3,0.2,0.3,1800,55480,0
FINNIFTY16JUL2426200CE.NFO,2024-07-16,09:52:00,2024-07-16,0.3,0.3,0.3,0.3,0,55480,0
FINNIFTY16JUL2426200CE.NFO,2024-07-16,09:53:00,2024-07-16,0.3,0.3,0.3,0.3,0,55480,0
FINNIFTY16JUL2426200CE.NFO,2024-07-16,09:54:00,2024-07-16,0.3,0.3,0.3,0.3,200,55280,0
FINNIFTY16JUL2426200CE.NFO,2024-07-16,09:55:00,2024-07-16,0.3,0.3,0.2,0.2,1920,55280,0
FINNIFTY16JUL2426200CE.NFO,2024-07-16,09:56:00,2024-07-16,0.2,0.2,0.2,0.2,0,55280,0
FINNIFTY16JUL2426200CE.NFO,2024-07-16,09:57:00,2024-07-16,0.2,0.2,0.2,0.2,40,55280,0
FINNIFTY16JUL2426200CE.NFO,2024-07-16,09:58:00,2024-07-16,0.2,0.2,0.2,0.2,0,55280,0
FINNIFTY16JUL2426200CE.NFO,2024-07-16,09:59:00,2024-07-16,0.2,0.2,0.2,0.2,0,55280,0
FINNIFTY16JUL2426200CE.NFO,2024-07-16,10:00:00,2024-07-16,0.2,0.2,0.2,0.2,0,55280,0
FINNIFTY16JUL2426200CE.NFO,2024-07-16,10:01:00,2024-07-16,0.2,0.2,0.2,0.2,0,55280,0
FINNIFTY16JUL2426200CE.NFO,2024-07-16,10:02:00,2024-07-16,0.2,0.3,0.2,0.3,200,55280,0
FINNIFTY16JUL2426200CE.NFO,2024-07-16,10:03:00,2024-07-16,0.3,0.3,0.3,0.3,0,55280,0
FINNIFTY16JUL2426200CE.NFO,2024-07-16,10:04:00,2024-07-16,0.3,0.3,0.3,0.3,0,55280,0
FINNIFTY16JUL2426200CE.NFO,2024-07-16,10:05:00,2024-07-16,0.3,0.3,0.3,0.3,0,55280,0
FINNIFTY16JUL2426200CE.NFO,2024-07-16,10:06:00,2024-07-16,0.3,0.3,0.3,0.3,560,55480,0
FINNIFTY16JUL2426200CE.NFO,2024-07-16,10:07:00,2024-07-16,0.3,0.3,0.3,0.3,0,55480,0
FINNIFTY16JUL2426200CE.NFO,2024-07-16,10:08:00,2024-07-16,0.3,0.3,0.3,0.3,0,55480,0
FINNIFTY16JUL2426200CE.NFO,2024-07-16,10:09:00,2024-07-16,0.3,0.3,0.25,0.3,40,56120,0
FINNIFTY16JUL2426200CE.NFO,2024-07-16,10:10:00,2024-07-16,0.3,0.3,0.25,0.3,2800,56120,0
FINNIFTY16JUL2426200CE.NFO,2024-07-16,10:11:00,2024-07-16,0.3,0.3,0.25,0.25,0,56120,0
FINNIFTY16JUL2426200CE.NFO,2024-07-16,10:12:00,2024-07-16,0.25,0.3,0.25,0.3,7120,52400,0
FINNIFTY16JUL2426200CE.NFO,2024-07-16,10:13:00,2024-07-16,0.3,0.3,0.25,0.3,520,52400,0
FINNIFTY16JUL2426200CE.NFO,2024-07-16,10:14:00,2024-07-16,0.3,0.3,0.3,0.3,120,52400,0
FINNIFTY16JUL2426200CE.NFO,2024-07-16,10:15:00,2024-07-16,0.3,0.35,0.3,0.35,560,54480,0
FINNIFTY16JUL2426200CE.NFO,2024-07-16,10:16:00,2024-07-16,0.35,0.35,0.3,0.3,1200,54480,0
FINNIFTY16JUL2426200CE.NFO,2024-07-16,10:17:00,2024-07-16,0.3,0.3,0.3,0.3,0,54480,0
FINNIFTY16JUL2426200CE.NFO,2024-07-16,10:18:00,2024-07-16,0.3,0.3,0.3,0.3,0,54480,0
FINNIFTY16JUL2426200CE.NFO,2024-07-16,10:19:00,2024-07-16,0.3,0.3,0.3,0.3,0,53800,0
FINNIFTY16JUL2426200CE.NFO,2024-07-16,10:20:00,2024-07-16,0.3,0.3,0.3,0.3,0,53800,0
FINNIFTY16JUL2426200CE.NFO,2024-07-16,10:21:00,2024-07-16,0.3,0.35,0.3,0.35,0,53800,0
FINNIFTY16JUL2426200CE.NFO,2024-07-16,10:22:00,2024-07-16,0.35,0.35,0.35,0.35,0,53800,0
FINNIFTY16JUL2426200CE.NFO,2024-07-16,10:23:00,2024-07-16,0.35,0.35,0.3,0.3,2000,53800,0
FINNIFTY16JUL2426200CE.NFO,2024-07-16,10:24:00,2024-07-16,0.3,0.35,0.3,0.35,1800,51800,0
FINNIFTY16JUL2426200CE.NFO,2024-07-16,10:25:00,2024-07-16,0.35,0.35,0.35,0.35,0,51800,0
FINNIFTY16JUL2426200CE.NFO,2024-07-16,10:26:00,2024-07-16,0.35,0.35,0.35,0.35,0,51800,0
FINNIFTY16JUL2426200CE.NFO,2024-07-16,10:27:00,2024-07-16,0.35,0.35,0.35,0.35,0,51800,0
FINNIFTY16JUL2426200CE.NFO,2024-07-16,10:28:00,2024-07-16,0.35,0.35,0.35,0.35,0,51800,0
FINNIFTY16JUL2426200CE.NFO,2024-07-16,10:29:00,2024-07-16,0.35,0.35,0.3,0.3,0,51800,0
FINNIFTY16JUL2426200CE.NFO,2024-07-16,10:30:00,2024-07-16,0.3,0.3,0.3,0.3,0,51800,0
FINNIFTY16JUL2426200CE.NFO,2024-07-16,10:31:00,2024-07-16,0.3,0.3,0.3,0.3,0,51800,0
FINNIFTY16JUL2426200CE.NFO,2024-07-16,10:32:00,2024-07-16,0.3,0.3,0.3,0.3,0,51800,0
FINNIFTY16JUL2426200CE.NFO,2024-07-16,10:33:00,2024-07-16,0.3,0.3,0.3,0.3,0,51800,0
FINNIFTY16JUL2426200CE.NFO,2024-07-16,10:34:00,2024-07-16,0.3,0.3,0.3,0.3,0,51800,0
FINNIFTY16JUL2426200CE.NFO,2024-07-16,10:35:00,2024-07-16,0.3,0.3,0.3,0.3,0,51800,0
FINNIFTY16JUL2426200CE.NFO,2024-07-16,10:36:00,2024-07-16,0.3,0.3,0.3,0.3,2200,51320,0
FINNIFTY16JUL2426200CE.NFO,2024-07-16,10:37:00,2024-07-16,0.3,0.3,0.3,0.3,0,51320,0
FINNIFTY16JUL2426200CE.NFO,2024-07-16,10:38:00,2024-07-16,0.3,0.35,0.3,0.35,0,49120,0
FINNIFTY16JUL2426200CE.NFO,2024-07-16,10:39:00,2024-07-16,0.35,0.35,0.35,0.35,0,49120,0
FINNIFTY16JUL2426200CE.NFO,2024-07-16,10:40:00,2024-07-16,0.35,0.35,0.35,0.35,320,49400,0
FINNIFTY16JUL2426200CE.NFO,2024-07-16,10:41:00,2024-07-16,0.35,0.35,0.35,0.35,0,49400,0
FINNIFTY16JUL2426200CE.NFO,2024-07-16,10:42:00,2024-07-16,0.35,0.35,0.35,0.35,1800,49400,0
FINNIFTY16JUL2426200CE.NFO,2024-07-16,10:43:00,2024-07-16,0.35,0.35,0.35,0.35,0,49400,0
FINNIFTY16JUL2426200CE.NFO,2024-07-16,10:44:00,2024-07-16,0.35,0.35,0.35,0.35,0,49240,0
FINNIFTY16JUL2426200CE.NFO,2024-07-16,10:45:00,2024-07-16,0.35,0.35,0.35,0.35,0,49240,0
FINNIFTY16JUL2426200CE.NFO,2024-07-16,10:46:00,2024-07-16,0.35,0.35,0.35,0.35,0,49240,0
FINNIFTY16JUL2426200CE.NFO,2024-07-16,10:47:00,2024-07-16,0.35,0.35,0.35,0.35,0,49240,0
FINNIFTY16JUL2426200CE.NFO,2024-07-16,10:48:00,2024-07-16,0.35,0.35,0.35,0.35,0,49240,0
FINNIFTY16JUL2426200CE.NFO,2024-07-16,10:49:00,2024-07-16,0.35,0.35,0.35,0.35,0,49280,0
FINNIFTY16JUL2426200CE.NFO,2024-07-16,10:50:00,2024-07-16,0.35,0.35,0.35,0.35,0,49280,0
FINNIFTY16JUL2426200CE.NFO,2024-07-16,10:51:00,2024-07-16,0.35,0.35,0.35,0.35,0,49280,0
FINNIFTY16JUL2426200CE.NFO,2024-07-16,10:52:00,2024-07-16,0.35,0.35,0.35,0.35,0,49280,0
FINNIFTY16JUL2426200CE.NFO,2024-07-16,10:53:00,2024-07-16,0.35,0.35,0.35,0.35,320,49280,0
FINNIFTY16JUL2426200CE.NFO,2024-07-16,10:54:00,2024-07-16,0.35,0.35,0.35,0.35,0,49280,0
FINNIFTY16JUL2426200CE.NFO,2024-07-16,10:55:00,2024-07-16,0.35,0.35,0.35,0.35,800,49280,0
FINNIFTY16JUL2426200CE.NFO,2024-07-16,10:56:00,2024-07-16,0.35,0.35,0.35,0.35,0,49280,0
FINNIFTY16JUL2426200CE.NFO,2024-07-16,10:57:00,2024-07-16,0.35,0.35,0.35,0.35,0,49280,0
FINNIFTY16JUL2426200CE.NFO,2024-07-16,10:58:00,2024-07-16,0.35,0.35,0.35,0.35,160,49280,0
FINNIFTY16JUL2426200CE.NFO,2024-07-16,10:59:00,2024-07-16,0.35,0.35,0.35,0.35,800,49280,0
FINNIFTY16JUL2426200CE.NFO,2024-07-16,11:00:00,2024-07-16,0.35,0.35,0.35,0.35,360,45880,0
FINNIFTY16JUL2426200CE.NFO,2024-07-16,11:01:00,2024-07-16,0.35,0.35,0.35,0.35,0,45880,0
FINNIFTY16JUL2426200CE.NFO,2024-07-16,11:02:00,2024-07-16,0.35,0.35,0.35,0.35,3880,45880,0
FINNIFTY16JUL2426200CE.NFO,2024-07-16,11:03:00,2024-07-16,0.35,0.35,0.3,0.3,1600,46480,0
FINNIFTY16JUL2426200CE.NFO,2024-07-16,11:04:00,2024-07-16,0.3,0.3,0.3,0.3,0,46480,0
FINNIFTY16JUL2426200CE.NFO,2024-07-16,11:05:00,2024-07-16,0.3,0.3,0.3,0.3,0,46480,0
FINNIFTY16JUL2426200CE.NFO,2024-07-16,11:06:00,2024-07-16,0.3,0.3,0.3,0.3,0,46480,0
FINNIFTY16JUL2426200CE.NFO,2024-07-16,11:07:00,2024-07-16,0.3,0.35,0.3,0.35,200,46480,0
FINNIFTY16JUL2426200CE.NFO,2024-07-16,11:08:00,2024-07-16,0.35,0.35,0.35,0.35,0,46480,0
FINNIFTY16JUL2426200CE.NFO,2024-07-16,11:09:00,2024-07-16,0.35,0.35,0.35,0.35,0,46480,0
FINNIFTY16JUL2426200CE.NFO,2024-07-16,11:10:00,2024-07-16,0.35,0.35,0.3,0.3,440,46280,0
FINNIFTY16JUL2426200CE.NFO,2024-07-16,11:11:00,2024-07-16,0.3,0.3,0.3,0.3,40,46280,0
FINNIFTY16JUL2426200CE.NFO,2024-07-16,11:12:00,2024-07-16,0.3,0.35,0.3,0.3,440,46240,0
FINNIFTY16JUL2426200CE.NFO,2024-07-16,11:13:00,2024-07-16,0.3,0.3,0.3,0.3,0,46240,0
FINNIFTY16JUL2426200CE.NFO,2024-07-16,11:14:00,2024-07-16,0.3,0.3,0.3,0.3,0,46240,0
FINNIFTY16JUL2426200CE.NFO,2024-07-16,11:15:00,2024-07-16,0.3,0.3,0.3,0.3,0,46240,0
FINNIFTY16JUL2426200CE.NFO,2024-07-16,11:16:00,2024-07-16,0.3,0.3,0.3,0.3,0,46240,0
FINNIFTY16JUL2426200CE.NFO,2024-07-16,11:17:00,2024-07-16,0.3,0.35,0.3,0.35,160,46280,0
FINNIFTY16JUL2426200CE.NFO,2024-07-16,11:18:00,2024-07-16,0.35,0.35,0.35,0.35,480,46280,0
FINNIFTY16JUL2426200CE.NFO,2024-07-16,11:19:00,2024-07-16,0.35,0.35,0.35,0.35,0,46280,0
FINNIFTY16JUL2426200CE.NFO,2024-07-16,11:20:00,2024-07-16,0.35,0.35,0.35,0.35,0,46280,0
FINNIFTY16JUL2426200CE.NFO,2024-07-16,11:21:00,2024-07-16,0.35,0.35,0.3,0.3,120,45640,0
FINNIFTY16JUL2426200CE.NFO,2024-07-16,11:22:00,2024-07-16,0.3,0.3,0.3,0.3,0,45640,0
FINNIFTY16JUL2426200CE.NFO,2024-07-16,11:23:00,2024-07-16,0.3,0.3,0.3,0.3,0,45640,0
FINNIFTY16JUL2426200CE.NFO,2024-07-16,11:24:00,2024-07-16,0.3,0.3,0.3,0.3,0,45640,0
FINNIFTY16JUL2426200CE.NFO,2024-07-16,11:25:00,2024-07-16,0.3,0.3,0.3,0.3,0,45640,0
FINNIFTY16JUL2426200CE.NFO,2024-07-16,11:26:00,2024-07-16,0.3,0.3,0.3,0.3,0,45640,0
FINNIFTY16JUL2426200CE.NFO,2024-07-16,11:27:00,2024-07-16,0.3,0.3,0.3,0.3,0,45640,0
FINNIFTY16JUL2426200CE.NFO,2024-07-16,11:28:00,2024-07-16,0.3,0.3,0.3,0.3,0,45640,0
FINNIFTY16JUL2426200CE.NFO,2024-07-16,11:29:00,2024-07-16,0.3,0.3,0.3,0.3,0,45640,0
FINNIFTY16JUL2426200CE.NFO,2024-07-16,11:30:00,2024-07-16,0.3,0.3,0.25,0.25,40,44680,0
FINNIFTY16JUL2426200CE.NFO,2024-07-16,11:31:00,2024-07-16,0.25,0.3,0.25,0.3,400,44680,0
FINNIFTY16JUL2426200CE.NFO,2024-07-16,11:32:00,2024-07-16,0.3,0.3,0.3,0.3,0,44680,0
FINNIFTY16JUL2426200CE.NFO,2024-07-16,11:33:00,2024-07-16,0.3,0.3,0.3,0.3,0,44680,0
FINNIFTY16JUL2426200CE.NFO,2024-07-16,11:34:00,2024-07-16,0.3,0.3,0.3,0.3,0,44680,0
FINNIFTY16JUL2426200CE.NFO,2024-07-16,11:35:00,2024-07-16,0.3,0.3,0.3,0.3,0,44680,0
FINNIFTY16JUL2426200CE.NFO,2024-07-16,11:36:00,2024-07-16,0.3,0.3,0.3,0.3,0,44680,0
FINNIFTY16JUL2426200CE.NFO,2024-07-16,11:37:00,2024-07-16,0.3,0.3,0.3,0.3,0,44680,0
FINNIFTY16JUL2426200CE.NFO,2024-07-16,11:38:00,2024-07-16,0.3,0.3,0.25,0.25,120,44680,0
FINNIFTY16JUL2426200CE.NFO,2024-07-16,11:39:00,2024-07-16,0.25,0.25,0.25,0.25,0,44680,0
FINNIFTY16JUL2426200CE.NFO,2024-07-16,11:40:00,2024-07-16,0.25,0.3,0.25,0.3,3280,44680,0
FINNIFTY16JUL2426200CE.NFO,2024-07-16,11:41:00,2024-07-16,0.3,0.3,0.3,0.3,5360,44680,0
FINNIFTY16JUL2426200CE.NFO,2024-07-16,11:42:00,2024-07-16,0.3,0.3,0.25,0.25,1000,44680,0
FINNIFTY16JUL2426200CE.NFO,2024-07-16,11:43:00,2024-07-16,0.25,0.3,0.25,0.3,1200,42000,0
FINNIFTY16JUL2426200CE.NFO,2024-07-16,11:44:00,2024-07-16,0.3,0.3,0.3,0.3,0,42000,0
FINNIFTY16JUL2426200CE.NFO,2024-07-16,11:45:00,2024-07-16,0.3,0.3,0.3,0.3,0,42000,0
FINNIFTY16JUL2426200CE.NFO,2024-07-16,11:46:00,2024-07-16,0.3,0.3,0.25,0.25,1120,43800,0
FINNIFTY16JUL2426200CE.NFO,2024-07-16,11:47:00,2024-07-16,0.25,0.25,0.2,0.25,2200,43800,0
FINNIFTY16JUL2426200CE.NFO,2024-07-16,11:48:00,2024-07-16,0.25,0.25,0.2,0.2,4200,39160,0
FINNIFTY16JUL2426200CE.NFO,2024-07-16,11:49:00,2024-07-16,0.2,0.2,0.2,0.2,2800,39160,0
FINNIFTY16JUL2426200CE.NFO,2024-07-16,11:50:00,2024-07-16,0.2,0.2,0.2,0.2,3600,39160,0
FINNIFTY16JUL2426200CE.NFO,2024-07-16,11:51:00,2024-07-16,0.2,0.2,0.15,0.15,5160,37280,0
FINNIFTY16JUL2426200CE.NFO,2024-07-16,11:52:00,2024-07-16,0.15,0.15,0.15,0.15,1720,37280,0
FINNIFTY16JUL2426200CE.NFO,2024-07-16,11:53:00,2024-07-16,0.15,0.15,0.15,0.15,80,37280,0
FINNIFTY16JUL2426200CE.NFO,2024-07-16,11:54:00,2024-07-16,0.15,0.15,0.15,0.15,0,37280,0
FINNIFTY16JUL2426200CE.NFO,2024-07-16,11:55:00,2024-07-16,0.15,0.15,0.15,0.15,80,37040,0
FINNIFTY16JUL2426200CE.NFO,2024-07-16,11:56:00,2024-07-16,0.15,0.15,0.15,0.15,0,37040,0
FINNIFTY16JUL2426200CE.NFO,2024-07-16,11:57:00,2024-07-16,0.15,0.15,0.15,0.15,0,37040,0
FINNIFTY16JUL2426200CE.NFO,2024-07-16,11:58:00,2024-07-16,0.15,0.15,0.15,0.15,0,37040,0
FINNIFTY16JUL2426200CE.NFO,2024-07-16,11:59:00,2024-07-16,0.15,0.2,0.15,0.2,400,36960,0
FINNIFTY16JUL2426200CE.NFO,2024-07-16,12:00:00,2024-07-16,0.2,0.2,0.2,0.2,1160,36960,0
FINNIFTY16JUL2426200CE.NFO,2024-07-16,12:01:00,2024-07-16,0.2,0.2,0.15,0.2,6360,36920,0
FINNIFTY16JUL2426200CE.NFO,2024-07-16,12:02:00,2024-07-16,0.2,0.25,0.2,0.25,6520,36920,0
FINNIFTY16JUL2426200CE.NFO,2024-07-16,12:03:00,2024-07-16,0.25,0.25,0.25,0.25,2000,48800,0
FINNIFTY16JUL2426200CE.NFO,2024-07-16,12:04:00,2024-07-16,0.25,0.25,0.25,0.25,2320,48800,0
FINNIFTY16JUL2426200CE.NFO,2024-07-16,12:05:00,2024-07-16,0.25,0.25,0.25,0.25,0,48800,0
FINNIFTY16JUL2426200CE.NFO,2024-07-16,12:06:00,2024-07-16,0.25,0.25,0.25,0.25,0,48800,0
FINNIFTY16JUL2426200CE.NFO,2024-07-16,12:07:00,2024-07-16,0.25,0.25,0.25,0.25,120,49600,0
FINNIFTY16JUL2426200CE.NFO,2024-07-16,12:08:00,2024-07-16,0.25,0.25,0.25,0.25,120,49600,0
FINNIFTY16JUL2426200CE.NFO,2024-07-16,12:09:00,2024-07-16,0.25,0.25,0.25,0.25,0,49600,0
FINNIFTY16JUL2426200CE.NFO,2024-07-16,12:10:00,2024-07-16,0.25,0.25,0.25,0.25,120,49600,0
FINNIFTY16JUL2426200CE.NFO,2024-07-16,12:11:00,2024-07-16,0.25,0.25,0.25,0.25,0,49600,0
FINNIFTY16JUL2426200CE.NFO,2024-07-16,12:12:00,2024-07-16,0.25,0.25,0.25,0.25,120,49600,0
FINNIFTY16JUL2426200CE.NFO,2024-07-16,12:13:00,2024-07-16,0.25,0.25,0.25,0.25,0,49600,0
FINNIFTY16JUL2426200CE.NFO,2024-07-16,12:14:00,2024-07-16,0.25,0.25,0.25,0.25,0,49600,0
FINNIFTY16JUL2426200CE.NFO,2024-07-16,12:15:00,2024-07-16,0.25,0.25,0.25,0.25,0,49600,0
FINNIFTY16JUL2426200CE.NFO,2024-07-16,12:16:00,2024-07-16,0.25,0.25,0.25,0.25,120,49600,0
FINNIFTY16JUL2426200CE.NFO,2024-07-16,12:17:00,2024-07-16,0.25,0.25,0.25,0.25,0,49600,0
FINNIFTY16JUL2426200CE.NFO,2024-07-16,12:18:00,2024-07-16,0.25,0.25,0.2,0.2,1160,49080,0
FINNIFTY16JUL2426200CE.NFO,2024-07-16,12:19:00,2024-07-16,0.2,0.2,0.2,0.2,6560,49080,0
FINNIFTY16JUL2426200CE.NFO,2024-07-16,12:20:00,2024-07-16,0.2,0.2,0.15,0.15,1640,49080,0
FINNIFTY16JUL2426200CE.NFO,2024-07-16,12:21:00,2024-07-16,0.15,0.2,0.15,0.2,2000,49080,0
FINNIFTY16JUL2426200CE.NFO,2024-07-16,12:22:00,2024-07-16,0.2,0.2,0.2,0.2,840,38040,0
FINNIFTY16JUL2426200CE.NFO,2024-07-16,12:23:00,2024-07-16,0.2,0.25,0.2,0.25,7280,38040,0
FINNIFTY16JUL2426200CE.NFO,2024-07-16,12:24:00,2024-07-16,0.25,0.25,0.2,0.25,4160,46360,0
FINNIFTY16JUL2426200CE.NFO,2024-07-16,12:25:00,2024-07-16,0.25,0.25,0.25,0.25,4480,46360,0
FINNIFTY16JUL2426200CE.NFO,2024-07-16,12:26:00,2024-07-16,0.25,0.25,0.25,0.25,40,46360,0
FINNIFTY16JUL2426200CE.NFO,2024-07-16,12:27:00,2024-07-16,0.25,0.25,0.25,0.25,1000,46360,0
FINNIFTY16JUL2426200CE.NFO,2024-07-16,12:28:00,2024-07-16,0.2,0.2,0.2,0.2,200,47160,0
FINNIFTY16JUL2426200CE.NFO,2024-07-16,12:29:00,2024-07-16,0.2,0.2,0.2,0.2,0,47160,0
FINNIFTY16JUL2426200CE.NFO,2024-07-16,12:30:00,2024-07-16,0.2,0.2,0.2,0.2,40,47160,0
FINNIFTY16JUL2426200CE.NFO,2024-07-16,12:31:00,2024-07-16,0.2,0.2,0.2,0.2,120,47000,0
FINNIFTY16JUL2426200CE.NFO,2024-07-16,12:32:00,2024-07-16,0.2,0.2,0.2,0.2,120,47000,0
FINNIFTY16JUL2426200CE.NFO,2024-07-16,12:33:00,2024-07-16,0.2,0.2,0.2,0.2,80,47000,0
FINNIFTY16JUL2426200CE.NFO,2024-07-16,12:34:00,2024-07-16,0.2,0.2,0.2,0.2,0,47000,0
FINNIFTY16JUL2426200CE.NFO,2024-07-16,12:35:00,2024-07-16,0.2,0.2,0.2,0.2,0,47000,0
FINNIFTY16JUL2426200CE.NFO,2024-07-16,12:36:00,2024-07-16,0.2,0.2,0.2,0.2,0,47000,0
FINNIFTY16JUL2426200CE.NFO,2024-07-16,12:37:00,2024-07-16,0.2,0.2,0.2,0.2,0,47000,0
FINNIFTY16JUL2426200CE.NFO,2024-07-16,12:38:00,2024-07-16,0.2,0.25,0.2,0.25,120,47000,0
FINNIFTY16JUL2426200CE.NFO,2024-07-16,12:39:00,2024-07-16,0.25,0.25,0.25,0.25,0,47000,0
FINNIFTY16JUL2426200CE.NFO,2024-07-16,12:40:00,2024-07-16,0.25,0.25,0.25,0.25,0,47000,0
FINNIFTY16JUL2426200CE.NFO,2024-07-16,12:41:00,2024-07-16,0.25,0.25,0.25,0.25,0,47000,0
FINNIFTY16JUL2426200CE.NFO,2024-07-16,12:42:00,2024-07-16,0.25,0.25,0.2,0.2,680,46560,0
FINNIFTY16JUL2426200CE.NFO,2024-07-16,12:43:00,2024-07-16,0.2,0.2,0.2,0.2,0,46560,0
FINNIFTY16JUL2426200CE.NFO,2024-07-16,12:44:00,2024-07-16,0.2,0.2,0.2,0.2,0,46560,0
FINNIFTY16JUL2426200CE.NFO,2024-07-16,12:45:00,2024-07-16,0.2,0.2,0.2,0.2,0,46560,0
FINNIFTY16JUL2426200CE.NFO,2024-07-16,12:46:00,2024-07-16,0.25,0.25,0.25,0.25,120,45880,0
FINNIFTY16JUL2426200CE.NFO,2024-07-16,12:47:00,2024-07-16,0.25,0.25,0.2,0.2,0,45880,0
FINNIFTY16JUL2426200CE.NFO,2024-07-16,12:48:00,2024-07-16,0.2,0.2,0.2,0.2,0,45880,0
FINNIFTY16JUL2426200CE.NFO,2024-07-16,12:49:00,2024-07-16,0.2,0.2,0.2,0.2,0,45880,0
FINNIFTY16JUL2426200CE.NFO,2024-07-16,12:50:00,2024-07-16,0.25,0.25,0.25,0.25,40,45880,0
FINNIFTY16JUL2426200CE.NFO,2024-07-16,12:51:00,2024-07-16,0.25,0.25,0.25,0.25,80,45880,0
FINNIFTY16JUL2426200CE.NFO,2024-07-16,12:52:00,2024-07-16,0.25,0.25,0.25,0.25,0,45880,0
FINNIFTY16JUL2426200CE.NFO,2024-07-16,12:53:00,2024-07-16,0.25,0.25,0.25,0.25,0,45880,0
FINNIFTY16JUL2426200CE.NFO,2024-07-16,12:54:00,2024-07-16,0.25,0.25,0.25,0.25,0,46000,0
FINNIFTY16JUL2426200CE.NFO,2024-07-16,12:55:00,2024-07-16,0.25,0.25,0.25,0.25,0,46000,0
FINNIFTY16JUL2426200CE.NFO,2024-07-16,12:56:00,2024-07-16,0.2,0.2,0.2,0.2,40,46040,0
FINNIFTY16JUL2426200CE.NFO,2024-07-16,12:57:00,2024-07-16,0.2,0.2,0.2,0.2,0,46040,0
FINNIFTY16JUL2426200CE.NFO,2024-07-16,12:58:00,2024-07-16,0.2,0.2,0.2,0.2,0,46040,0
FINNIFTY16JUL2426200CE.NFO,2024-07-16,12:59:00,2024-07-16,0.2,0.2,0.2,0.2,0,46040,0
FINNIFTY16JUL2426200CE.NFO,2024-07-16,13:00:00,2024-07-16,0.2,0.2,0.2,0.2,0,46040,0
FINNIFTY16JUL2426200CE.NFO,2024-07-16,13:01:00,2024-07-16,0.2,0.2,0.2,0.2,0,46040,0
FINNIFTY16JUL2426200CE.NFO,2024-07-16,13:02:00,2024-07-16,0.2,0.2,0.2,0.2,280,46000,0
FINNIFTY16JUL2426200CE.NFO,2024-07-16,13:03:00,2024-07-16,0.2,0.2,0.2,0.2,0,46000,0
FINNIFTY16JUL2426200CE.NFO,2024-07-16,13:04:00,2024-07-16,0.2,0.2,0.2,0.2,0,46000,0
FINNIFTY16JUL2426200CE.NFO,2024-07-16,13:05:00,2024-07-16,0.2,0.2,0.2,0.2,0,46000,1
FINNIFTY16JUL2426200CE.NFO,2024-07-16,13:06:00,2024-07-16,0.2,0.2,0.2,0.2,0,46000,0
FINNIFTY16JUL2426200CE.NFO,2024-07-16,13:07:00,2024-07-16,0.2,0.2,0.2,0.2,0,46000,0
FINNIFTY16JUL2426200CE.NFO,2024-07-16,13:08:00,2024-07-16,0.2,0.2,0.2,0.2,0,46000,0
FINNIFTY16JUL2426200CE.NFO,2024-07-16,13:09:00,2024-07-16,0.2,0.2,0.2,0.2,0,46000,0
FINNIFTY16JUL2426200CE.NFO,2024-07-16,13:10:00,2024-07-16,0.2,0.25,0.2,0.25,0,43920,0
FINNIFTY16JUL2426200CE.NFO,2024-07-16,13:11:00,2024-07-16,0.25,0.25,0.25,0.25,0,43920,0
FINNIFTY16JUL2426200CE.NFO,2024-07-16,13:12:00,2024-07-16,0.25,0.25,0.25,0.25,0,43920,0
FINNIFTY16JUL2426200CE.NFO,2024-07-16,13:13:00,2024-07-16,0.25,0.25,0.2,0.2,40,44040,0
FINNIFTY16JUL2426200CE.NFO,2024-07-16,13:14:00,2024-07-16,0.2,0.2,0.2,0.2,0,44040,0
FINNIFTY16JUL2426200CE.NFO,2024-07-16,13:15:00,2024-07-16,0.2,0.2,0.2,0.2,0,44040,0
FINNIFTY16JUL2426200CE.NFO,2024-07-16,13:16:00,2024-07-16,0.2,0.2,0.2,0.2,0,44040,0
FINNIFTY16JUL2426200CE.NFO,2024-07-16,13:17:00,2024-07-16,0.2,0.2,0.2,0.2,40,44000,0
FINNIFTY16JUL2426200CE.NFO,2024-07-16,13:18:00,2024-07-16,0.2,0.2,0.2,0.2,0,44000,0
FINNIFTY16JUL2426200CE.NFO,2024-07-16,13:19:00,2024-07-16,0.2,0.2,0.2,0.2,0,44000,0
FINNIFTY16JUL2426200CE.NFO,2024-07-16,13:20:00,2024-07-16,0.2,0.2,0.2,0.2,0,44000,0
FINNIFTY16JUL2426200CE.NFO,2024-07-16,13:21:00,2024-07-16,0.2,0.2,0.2,0.2,0,44000,0
FINNIFTY16JUL2426200CE.NFO,2024-07-16,13:22:00,2024-07-16,0.2,0.25,0.2,0.25,600,43960,0
FINNIFTY16JUL2426200CE.NFO,2024-07-16,13:23:00,2024-07-16,0.25,0.25,0.25,0.25,0,43960,0
FINNIFTY16JUL2426200CE.NFO,2024-07-16,13:24:00,2024-07-16,0.25,0.25,0.25,0.25,0,43960,0
FINNIFTY16JUL2426200CE.NFO,2024-07-16,13:25:00,2024-07-16,0.25,0.25,0.2,0.2,720,44560,0
FINNIFTY16JUL2426200CE.NFO,2024-07-16,13:26:00,2024-07-16,0.2,0.25,0.2,0.25,2160,44560,0
FINNIFTY16JUL2426200CE.NFO,2024-07-16,13:27:00,2024-07-16,0.25,0.25,0.2,0.2,0,44560,0
FINNIFTY16JUL2426200CE.NFO,2024-07-16,13:28:00,2024-07-16,0.2,0.2,0.2,0.2,1000,45440,0
FINNIFTY16JUL2426200CE.NFO,2024-07-16,13:29:00,2024-07-16,0.2,0.2,0.2,0.2,0,45440,0
FINNIFTY16JUL2426200CE.NFO,2024-07-16,13:30:00,2024-07-16,0.25,0.3,0.25,0.3,3320,45440,0
FINNIFTY16JUL2426200CE.NFO,2024-07-16,13:31:00,2024-07-16,0.3,0.3,0.3,0.3,0,45440,0
FINNIFTY16JUL2426200CE.NFO,2024-07-16,13:32:00,2024-07-16,0.3,0.3,0.3,0.3,0,45440,0
FINNIFTY16JUL2426200CE.NFO,2024-07-16,13:33:00,2024-07-16,0.2,0.2,0.2,0.2,2440,45960,0
FINNIFTY16JUL2426200CE.NFO,2024-07-16,13:34:00,2024-07-16,0.2,0.2,0.2,0.2,1840,42520,0
FINNIFTY16JUL2426200CE.NFO,2024-07-16,13:35:00,2024-07-16,0.15,0.15,0.15,0.15,3120,42520,0
FINNIFTY16JUL2426200CE.NFO,2024-07-16,13:36:00,2024-07-16,0.2,0.2,0.2,0.2,3120,42520,0
FINNIFTY16JUL2426200CE.NFO,2024-07-16,13:37:00,2024-07-16,0.2,0.2,0.15,0.2,3040,42520,0
FINNIFTY16JUL2426200CE.NFO,2024-07-16,13:38:00,2024-07-16,0.2,0.25,0.2,0.25,4880,42520,0
FINNIFTY16JUL2426200CE.NFO,2024-07-16,13:39:00,2024-07-16,0.25,0.25,0.2,0.2,320,42520,0
FINNIFTY16JUL2426200CE.NFO,2024-07-16,13:40:00,2024-07-16,0.2,0.2,0.2,0.2,320,46440,0
FINNIFTY16JUL2426200CE.NFO,2024-07-16,13:41:00,2024-07-16,0.2,0.2,0.2,0.2,3280,46440,0
FINNIFTY16JUL2426200CE.NFO,2024-07-16,13:42:00,2024-07-16,0.2,0.2,0.2,0.2,2240,46440,0
FINNIFTY16JUL2426200CE.NFO,2024-07-16,13:43:00,2024-07-16,0.2,0.2,0.15,0.15,1320,43760,0
FINNIFTY16JUL2426200CE.NFO,2024-07-16,13:44:00,2024-07-16,0.2,0.2,0.2,0.2,2280,43760,0
FINNIFTY16JUL2426200CE.NFO,2024-07-16,13:45:00,2024-07-16,0.2,0.2,0.15,0.15,1080,43760,0
FINNIFTY16JUL2426200CE.NFO,2024-07-16,13:46:00,2024-07-16,0.15,0.2,0.15,0.2,2240,43400,0
FINNIFTY16JUL2426200CE.NFO,2024-07-16,13:47:00,2024-07-16,0.2,0.2,0.2,0.2,2760,43400,0
FINNIFTY16JUL2426200CE.NFO,2024-07-16,13:48:00,2024-07-16,0.2,0.2,0.2,0.2,3440,43400,0
FINNIFTY16JUL2426200CE.NFO,2024-07-16,13:49:00,2024-07-16,0.2,0.2,0.2,0.2,280,45280,0
FINNIFTY16JUL2426200CE.NFO,2024-07-16,13:50:00,2024-07-16,0.2,0.2,0.2,0.2,0,45280,0
FINNIFTY16JUL2426200CE.NFO,2024-07-16,13:51:00,2024-07-16,0.2,0.2,0.2,0.2,0,45280,0
FINNIFTY16JUL2426200CE.NFO,2024-07-16,13:52:00,2024-07-16,0.2,0.2,0.2,0.2,0,45280,0
FINNIFTY16JUL2426200CE.NFO,2024-07-16,13:53:00,2024-07-16,0.2,0.2,0.15,0.15,0,45560,0
FINNIFTY16JUL2426200CE.NFO,2024-07-16,13:54:00,2024-07-16,0.15,0.2,0.15,0.2,80,45560,0
FINNIFTY16JUL2426200CE.NFO,2024-07-16,13:55:00,2024-07-16,0.2,0.2,0.2,0.2,0,45560,0
FINNIFTY16JUL2426200CE.NFO,2024-07-16,13:56:00,2024-07-16,0.2,0.2,0.2,0.2,0,45560,0
FINNIFTY16JUL2426200CE.NFO,2024-07-16,13:57:00,2024-07-16,0.2,0.2,0.2,0.2,0,45560,0
FINNIFTY16JUL2426200CE.NFO,2024-07-16,13:58:00,2024-07-16,0.2,0.2,0.2,0.2,0,45440,0
FINNIFTY16JUL2426200CE.NFO,2024-07-16,13:59:00,2024-07-16,0.2,0.2,0.2,0.2,0,45440,0
FINNIFTY16JUL2426200CE.NFO,2024-07-16,14:00:00,2024-07-16,0.2,0.2,0.2,0.2,0,45440,0
FINNIFTY16JUL2426200CE.NFO,2024-07-16,14:01:00,2024-07-16,0.2,0.2,0.2,0.2,0,45440,0
FINNIFTY16JUL2426200CE.NFO,2024-07-16,14:02:00,2024-07-16,0.2,0.2,0.2,0.2,0,45440,0
FINNIFTY16JUL2426200CE.NFO,2024-07-16,14:03:00,2024-07-16,0.2,0.2,0.2,0.2,0,45440,0
FINNIFTY16JUL2426200CE.NFO,2024-07-16,14:04:00,2024-07-16,0.2,0.2,0.2,0.2,0,45440,0
FINNIFTY16JUL2426200CE.NFO,2024-07-16,14:05:00,2024-07-16,0.2,0.2,0.15,0.15,0,44040,0
FINNIFTY16JUL2426200CE.NFO,2024-07-16,14:06:00,2024-07-16,0.15,0.15,0.15,0.15,0,44040,0
FINNIFTY16JUL2426200CE.NFO,2024-07-16,14:07:00,2024-07-16,0.15,0.15,0.15,0.15,0,44040,0
FINNIFTY16JUL2426200CE.NFO,2024-07-16,14:08:00,2024-07-16,0.15,0.15,0.15,0.15,6400,43920,0
FINNIFTY16JUL2426200CE.NFO,2024-07-16,14:09:00,2024-07-16,0.15,0.15,0.15,0.15,0,43920,0
FINNIFTY16JUL2426200CE.NFO,2024-07-16,14:10:00,2024-07-16,0.15,0.15,0.15,0.15,0,43920,0
FINNIFTY16JUL2426200CE.NFO,2024-07-16,14:11:00,2024-07-16,0.15,0.15,0.15,0.15,0,43920,0
FINNIFTY16JUL2426200CE.NFO,2024-07-16,14:12:00,2024-07-16,0.15,0.15,0.15,0.15,0,43920,0
FINNIFTY16JUL2426200CE.NFO,2024-07-16,14:13:00,2024-07-16,0.15,0.15,0.15,0.15,0,43920,0
FINNIFTY16JUL2426200CE.NFO,2024-07-16,14:14:00,2024-07-16,0.15,0.15,0.15,0.15,0,43920,0
FINNIFTY16JUL2426200CE.NFO,2024-07-16,14:15:00,2024-07-16,0.15,0.15,0.15,0.15,0,43920,0
FINNIFTY16JUL2426200CE.NFO,2024-07-16,14:16:00,2024-07-16,0.15,0.15,0.15,0.15,0,43920,0
FINNIFTY16JUL2426200CE.NFO,2024-07-16,14:17:00,2024-07-16,0.15,0.15,0.15,0.15,0,43920,0
FINNIFTY16JUL2426200CE.NFO,2024-07-16,14:18:00,2024-07-16,0.15,0.15,0.15,0.15,0,43920,1
FINNIFTY16JUL2426200CE.NFO,2024-07-16,14:19:00,2024-07-16,0.15,0.15,0.15,0.15,0,43920,0
FINNIFTY16JUL2426200CE.NFO,2024-07-16,14:20:00,2024-07-16,0.15,0.15,0.15,0.15,0,43920,0
FINNIFTY16JUL2426200CE.NFO,2024-07-16,14:21:00,2024-07-16,0.15,0.15,0.15,0.15,0,43920,0
FINNIFTY16JUL2426200CE.NFO,2024-07-16,14:22:00,2024-07-16,0.15,0.15,0.15,0.15,0,43920,1
FINNIFTY16JUL2426200CE.NFO,2024-07-16,14:23:00,2024-07-16,0.15,0.15,0.15,0.15,0,43920,0
FINNIFTY16JUL2426200CE.NFO,2024-07-16,14:24:00,2024-07-16,0.15,0.15,0.15,0.15,0,43920,0
FINNIFTY16JUL2426200CE.NFO,2024-07-16,14:25:00,2024-07-16,0.15,0.15,0.15,0.15,0,43920,0
FINNIFTY16JUL2426200CE.NFO,2024-07-16,14:26:00,2024-07-16,0.15,0.15,0.15,0.15,0,43920,0
FINNIFTY16JUL2426200CE.NFO,2024-07-16,14:27:00,2024-07-16,0.15,0.15,0.15,0.15,0,43920,0
FINNIFTY16JUL2426200CE.NFO,2024-07-16,14:28:00,2024-07-16,0.15,0.15,0.1,0.1,4680,44640,0
FINNIFTY16JUL2426200CE.NFO,2024-07-16,14:29:00,2024-07-16,0.1,0.1,0.1,0.1,1720,44640,0
FINNIFTY16JUL2426200CE.NFO,2024-07-16,14:30:00,2024-07-16,0.1,0.1,0.05,0.05,5480,44640,0
FINNIFTY16JUL2426200CE.NFO,2024-07-16,14:31:00,2024-07-16,0.05,0.05,0.05,0.05,1080,41600,0
FINNIFTY16JUL2426200CE.NFO,2024-07-16,14:32:00,2024-07-16,0.05,0.05,0.05,0.05,400,41600,0
FINNIFTY16JUL2426200CE.NFO,2024-07-16,14:33:00,2024-07-16,0.05,0.1,0.05,0.05,3680,41600,0
FINNIFTY16JUL2426200CE.NFO,2024-07-16,14:34:00,2024-07-16,0.05,0.05,0.05,0.05,960,41400,0
FINNIFTY16JUL2426200CE.NFO,2024-07-16,14:35:00,2024-07-16,0.05,0.05,0.05,0.05,0,41400,0
FINNIFTY16JUL2426200CE.NFO,2024-07-16,14:36:00,2024-07-16,0.05,0.1,0.05,0.1,600,41400,0
FINNIFTY16JUL2426200CE.NFO,2024-07-16,14:37:00,2024-07-16,0.1,0.1,0.1,0.1,2440,40640,0
FINNIFTY16JUL2426200CE.NFO,2024-07-16,14:38:00,2024-07-16,0.1,0.1,0.1,0.1,1360,40640,0
FINNIFTY16JUL2426200CE.NFO,2024-07-16,14:39:00,2024-07-16,0.1,0.1,0.1,0.1,1520,40640,0
FINNIFTY16JUL2426200CE.NFO,2024-07-16,14:40:00,2024-07-16,0.1,0.1,0.1,0.1,640,41880,0
FINNIFTY16JUL2426200CE.NFO,2024-07-16,14:41:00,2024-07-16,0.1,0.1,0.1,0.1,0,41880,0
FINNIFTY16JUL2426200CE.NFO,2024-07-16,14:42:00,2024-07-16,0.1,0.1,0.1,0.1,0,41880,0
FINNIFTY16JUL2426200CE.NFO,2024-07-16,14:43:00,2024-07-16,0.1,0.1,0.1,0.1,0,41880,0
FINNIFTY16JUL2426200CE.NFO,2024-07-16,14:44:00,2024-07-16,0.1,0.1,0.1,0.1,0,41880,0
FINNIFTY16JUL2426200CE.NFO,2024-07-16,14:45:00,2024-07-16,0.1,0.1,0.1,0.1,0,41880,0
FINNIFTY16JUL2426200CE.NFO,2024-07-16,14:46:00,2024-07-16,0.1,0.1,0.1,0.1,0,41880,0
FINNIFTY16JUL2426200CE.NFO,2024-07-16,14:47:00,2024-07-16,0.1,0.1,0.1,0.1,520,42040,0
FINNIFTY16JUL2426200CE.NFO,2024-07-16,14:48:00,2024-07-16,0.1,0.1,0.1,0.1,0,42040,0
FINNIFTY16JUL2426200CE.NFO,2024-07-16,14:49:00,2024-07-16,0.1,0.1,0.1,0.1,0,42040,0
FINNIFTY16JUL2426200CE.NFO,2024-07-16,14:50:00,2024-07-16,0.1,0.1,0.1,0.1,0,42040,0
FINNIFTY16JUL2426200CE.NFO,2024-07-16,14:51:00,2024-07-16,0.1,0.1,0.1,0.1,0,42040,0
FINNIFTY16JUL2426200CE.NFO,2024-07-16,14:52:00,2024-07-16,0.1,0.1,0.1,0.1,0,42040,0
FINNIFTY16JUL2426200CE.NFO,2024-07-16,14:53:00,2024-07-16,0.1,0.1,0.1,0.1,0,42040,0
FINNIFTY16JUL2426200CE.NFO,2024-07-16,14:54:00,2024-07-16,0.1,0.1,0.1,0.1,0,42040,0
FINNIFTY16JUL2426200CE.NFO,2024-07-16,14:55:00,2024-07-16,0.1,0.1,0.05,0.05,40,42440,0
FINNIFTY16JUL2426200CE.NFO,2024-07-16,14:56:00,2024-07-16,0.05,0.05,0.05,0.05,0,42440,0
FINNIFTY16JUL2426200CE.NFO,2024-07-16,14:57:00,2024-07-16,0.05,0.05,0.05,0.05,0,42440,0
FINNIFTY16JUL2426200CE.NFO,2024-07-16,14:58:00,2024-07-16,0.05,0.05,0.05,0.05,40,42480,0
FINNIFTY16JUL2426200CE.NFO,2024-07-16,14:59:00,2024-07-16,0.1,0.1,0.1,0.1,200,42480,0
FINNIFTY16JUL2426200CE.NFO,2024-07-16,15:00:00,2024-07-16,0.1,0.1,0.1,0.1,0,42480,0
FINNIFTY16JUL2426200CE.NFO,2024-07-16,15:01:00,2024-07-16,0.1,0.1,0.05,0.1,240,40520,0
FINNIFTY16JUL2426200CE.NFO,2024-07-16,15:02:00,2024-07-16,0.1,0.1,0.05,0.05,240,40520,0
FINNIFTY16JUL2426200CE.NFO,2024-07-16,15:03:00,2024-07-16,0.05,0.05,0.05,0.05,3360,40520,0
FINNIFTY16JUL2426200CE.NFO,2024-07-16,15:04:00,2024-07-16,0.05,0.05,0.05,0.05,1960,40520,0
FINNIFTY16JUL2426200CE.NFO,2024-07-16,15:05:00,2024-07-16,0.05,0.05,0.05,0.05,0,40520,0
FINNIFTY16JUL2426200CE.NFO,2024-07-16,15:06:00,2024-07-16,0.05,0.05,0.05,0.05,0,40520,0
FINNIFTY16JUL2426200CE.NFO,2024-07-16,15:07:00,2024-07-16,0.05,0.05,0.05,0.05,0,40520,0
FINNIFTY16JUL2426200CE.NFO,2024-07-16,15:08:00,2024-07-16,0.05,0.1,0.05,0.1,1200,45720,0
FINNIFTY16JUL2426200CE.NFO,2024-07-16,15:09:00,2024-07-16,0.05,0.05,0.05,0.05,1200,45720,0
FINNIFTY16JUL2426200CE.NFO,2024-07-16,15:10:00,2024-07-16,0.05,0.05,0.05,0.05,0,45720,0
FINNIFTY16JUL2426200CE.NFO,2024-07-16,15:11:00,2024-07-16,0.05,0.05,0.05,0.05,0,45720,0
FINNIFTY16JUL2426200CE.NFO,2024-07-16,15:12:00,2024-07-16,0.05,0.05,0.05,0.05,560,45000,0
FINNIFTY16JUL2426200CE.NFO,2024-07-16,15:13:00,2024-07-16,0.1,0.1,0.05,0.05,80,45000,0
FINNIFTY16JUL2426200CE.NFO,2024-07-16,15:14:00,2024-07-16,0.05,0.05,0.05,0.05,0,45000,0
FINNIFTY16JUL2426200CE.NFO,2024-07-16,15:15:00,2024-07-16,0.05,0.05,0.05,0.05,2560,45000,0
FINNIFTY16JUL2426200CE.NFO,2024-07-16,15:16:00,2024-07-16,0.05,0.05,0.05,0.05,0,45000,0
FINNIFTY16JUL2426200CE.NFO,2024-07-16,15:17:00,2024-07-16,0.05,0.05,0.05,0.05,0,45000,0
FINNIFTY16JUL2426200CE.NFO,2024-07-16,15:18:00,2024-07-16,0.05,0.05,0.05,0.05,0,45000,0
FINNIFTY16JUL2426200CE.NFO,2024-07-16,15:19:00,2024-07-16,0.05,0.05,0.05,0.05,0,45000,0
FINNIFTY16JUL2426200CE.NFO,2024-07-16,15:20:00,2024-07-16,0.05,0.05,0.05,0.05,0,45000,0
FINNIFTY16JUL2426200CE.NFO,2024-07-16,15:21:00,2024-07-16,0.05,0.05,0.05,0.05,0,45000,0
FINNIFTY16JUL2426200CE.NFO,2024-07-16,15:22:00,2024-07-16,0.05,0.05,0.05,0.05,0,45000,0
FINNIFTY16JUL2426200CE.NFO,2024-07-16,15:23:00,2024-07-16,0.05,0.05,0.05,0.05,0,45000,0
FINNIFTY16JUL2426200CE.NFO,2024-07-16,15:24:00,2024-07-16,0.05,0.05,0.05,0.05,0,45000,1
FINNIFTY16JUL2426200CE.NFO,2024-07-16,15:25:00,2024-07-16,0.05,0.05,0.05,0.05,0,45000,0
FINNIFTY16JUL2426200CE.NFO,2024-07-16,15:26:00,2024-07-16,0.05,0.05,0.05,0.05,0,45000,0
FINNIFTY16JUL2426200CE.NFO,2024-07-16,15:27:00,2024-07-16,0.05,0.05,0.05,0.05,0,45000,0
FINNIFTY16JUL2426200CE.NFO,2024-07-16,15:28:00,2024-07-16,0.05,0.05,0.05,0.05,0,45000,1
FINNIFTY16JUL2426200CE.NFO,2024-07-16,15:29:00,2024-07-16,0.05,0.05,0.05,0.05,0,45000,0
FINNIFTY16JUL2426200CE.NFO,2024-07-16,15:30:00,2024-07-16,0.05,0.05,0.05,0.05,0,45000,1
