Ticker,Date,Time,Expiry Date,Open,High,Low,Close,Volume,Open Interest,Padding Flag
FINNIFTY27MAR2525050PE.NFO,2025-03-24,09:15:00,2025-03-27,389.9,389.9,389.9,389.9,0,0,1
FINNIFTY27MAR2525050PE.NFO,2025-03-24,09:16:00,2025-03-27,389.9,389.9,389.9,389.9,0,0,1
FINNIFTY27MAR2525050PE.NFO,2025-03-24,09:17:00,2025-03-27,389.9,389.9,389.9,389.9,0,0,1
FINNIFTY27MAR2525050PE.NFO,2025-03-24,09:18:00,2025-03-27,389.9,389.9,389.9,389.9,0,0,1
FINNIFTY27MAR2525050PE.NFO,2025-03-24,09:19:00,2025-03-27,389.9,389.9,389.9,389.9,0,0,0
FINNIFTY27MAR2525050PE.NFO,2025-03-24,09:20:00,2025-03-27,389.9,389.9,389.9,389.9,0,0,0
FINNIFTY27MAR2525050PE.NFO,2025-03-24,09:21:00,2025-03-27,389.9,389.9,389.9,389.9,0,0,0
FINNIFTY27MAR2525050PE.NFO,2025-03-24,09:22:00,2025-03-27,389.9,389.9,389.9,389.9,0,0,0
FINNIFTY27MAR2525050PE.NFO,2025-03-24,09:23:00,2025-03-27,389.9,389.9,389.9,389.9,0,0,0
FINNIFTY27MAR2525050PE.NFO,2025-03-24,09:24:00,2025-03-27,389.9,389.9,332.2,332.2,65,65,0
FINNIFTY27MAR2525050PE.NFO,2025-03-24,09:25:00,2025-03-27,332.2,332.2,332.2,332.2,0,65,0
FINNIFTY27MAR2525050PE.NFO,2025-03-24,09:26:00,2025-03-27,332.2,332.2,332.2,332.2,0,65,0
FINNIFTY27MAR2525050PE.NFO,2025-03-24,09:27:00,2025-03-27,332.2,332.2,332.2,332.2,0,65,0
FINNIFTY27MAR2525050PE.NFO,2025-03-24,09:28:00,2025-03-27,332.2,332.2,332.2,332.2,0,65,0
FINNIFTY27MAR2525050PE.NFO,2025-03-24,09:29:00,2025-03-27,332.2,332.2,332.2,332.2,0,65,0
FINNIFTY27MAR2525050PE.NFO,2025-03-24,09:30:00,2025-03-27,332.2,332.2,332.2,332.2,0,65,0
FINNIFTY27MAR2525050PE.NFO,2025-03-24,09:31:00,2025-03-27,332.2,332.2,332.2,332.2,0,65,0
FINNIFTY27MAR2525050PE.NFO,2025-03-24,09:32:00,2025-03-27,332.2,332.2,332.2,332.2,0,65,0
FINNIFTY27MAR2525050PE.NFO,2025-03-24,09:33:00,2025-03-27,332.2,332.2,332.2,332.2,0,65,0
FINNIFTY27MAR2525050PE.NFO,2025-03-24,09:34:00,2025-03-27,332.2,332.2,332.2,332.2,0,65,0
FINNIFTY27MAR2525050PE.NFO,2025-03-24,09:35:00,2025-03-27,332.2,332.2,332.2,332.2,0,65,0
FINNIFTY27MAR2525050PE.NFO,2025-03-24,09:36:00,2025-03-27,332.2,332.2,332.2,332.2,0,65,0
FINNIFTY27MAR2525050PE.NFO,2025-03-24,09:37:00,2025-03-27,332.2,332.2,332.2,332.2,0,65,0
FINNIFTY27MAR2525050PE.NFO,2025-03-24,09:38:00,2025-03-27,332.2,332.2,332.2,332.2,0,65,0
FINNIFTY27MAR2525050PE.NFO,2025-03-24,09:39:00,2025-03-27,332.2,332.2,332.2,332.2,0,65,0
FINNIFTY27MAR2525050PE.NFO,2025-03-24,09:40:00,2025-03-27,332.2,332.2,332.2,332.2,0,65,0
FINNIFTY27MAR2525050PE.NFO,2025-03-24,09:41:00,2025-03-27,332.2,332.2,322.7,322.7,65,65,0
FINNIFTY27MAR2525050PE.NFO,2025-03-24,09:42:00,2025-03-27,322.7,322.7,322.7,322.7,0,65,0
FINNIFTY27MAR2525050PE.NFO,2025-03-24,09:43:00,2025-03-27,322.7,322.7,311.5,313.0,195,65,0
FINNIFTY27MAR2525050PE.NFO,2025-03-24,09:44:00,2025-03-27,313.0,313.0,312.05,312.05,130,65,0
FINNIFTY27MAR2525050PE.NFO,2025-03-24,09:45:00,2025-03-27,312.05,312.05,312.05,312.05,0,65,0
FINNIFTY27MAR2525050PE.NFO,2025-03-24,09:46:00,2025-03-27,312.05,312.05,298.0,298.0,130,390,0
FINNIFTY27MAR2525050PE.NFO,2025-03-24,09:47:00,2025-03-27,298.0,298.0,289.9,289.9,130,390,0
FINNIFTY27MAR2525050PE.NFO,2025-03-24,09:48:00,2025-03-27,289.9,289.9,289.9,289.9,0,390,0
FINNIFTY27MAR2525050PE.NFO,2025-03-24,09:49:00,2025-03-27,289.9,289.9,276.6,280.1,260,520,0
FINNIFTY27MAR2525050PE.NFO,2025-03-24,09:50:00,2025-03-27,280.1,280.1,271.3,271.3,260,520,0
FINNIFTY27MAR2525050PE.NFO,2025-03-24,09:51:00,2025-03-27,271.3,271.3,271.3,271.3,0,520,0
FINNIFTY27MAR2525050PE.NFO,2025-03-24,09:52:00,2025-03-27,271.3,271.3,266.3,266.3,130,1040,0
FINNIFTY27MAR2525050PE.NFO,2025-03-24,09:53:00,2025-03-27,266.3,270.6,265.5,265.5,390,1040,0
FINNIFTY27MAR2525050PE.NFO,2025-03-24,09:54:00,2025-03-27,265.5,265.5,261.85,261.85,130,1040,0
FINNIFTY27MAR2525050PE.NFO,2025-03-24,09:55:00,2025-03-27,261.85,261.85,261.85,261.85,0,1040,0
FINNIFTY27MAR2525050PE.NFO,2025-03-24,09:56:00,2025-03-27,261.85,261.85,250.05,250.05,520,1560,0
FINNIFTY27MAR2525050PE.NFO,2025-03-24,09:57:00,2025-03-27,250.05,250.8,246.0,246.3,455,1560,0
FINNIFTY27MAR2525050PE.NFO,2025-03-24,09:58:00,2025-03-27,246.3,246.3,237.7,237.7,585,1885,0
FINNIFTY27MAR2525050PE.NFO,2025-03-24,09:59:00,2025-03-27,237.7,237.7,237.7,237.7,0,1885,0
FINNIFTY27MAR2525050PE.NFO,2025-03-24,10:00:00,2025-03-27,237.7,243.2,237.7,242.75,390,1885,0
FINNIFTY27MAR2525050PE.NFO,2025-03-24,10:01:00,2025-03-27,242.75,242.75,236.35,237.15,325,2860,0
FINNIFTY27MAR2525050PE.NFO,2025-03-24,10:02:00,2025-03-27,237.15,242.2,237.15,242.2,130,2860,0
FINNIFTY27MAR2525050PE.NFO,2025-03-24,10:03:00,2025-03-27,242.2,242.2,238.0,238.0,260,2860,0
FINNIFTY27MAR2525050PE.NFO,2025-03-24,10:04:00,2025-03-27,238.0,245.7,238.0,245.7,195,3510,0
FINNIFTY27MAR2525050PE.NFO,2025-03-24,10:05:00,2025-03-27,245.7,245.7,239.15,239.15,455,3510,0
FINNIFTY27MAR2525050PE.NFO,2025-03-24,10:06:00,2025-03-27,239.15,239.15,239.15,239.15,0,3510,0
FINNIFTY27MAR2525050PE.NFO,2025-03-24,10:07:00,2025-03-27,239.15,239.15,239.15,239.15,0,3510,0
FINNIFTY27MAR2525050PE.NFO,2025-03-24,10:08:00,2025-03-27,239.15,241.45,236.55,236.55,650,4160,0
FINNIFTY27MAR2525050PE.NFO,2025-03-24,10:09:00,2025-03-27,236.55,245.75,236.55,245.15,130,4615,0
FINNIFTY27MAR2525050PE.NFO,2025-03-24,10:10:00,2025-03-27,245.15,245.15,244.35,244.35,195,4615,0
FINNIFTY27MAR2525050PE.NFO,2025-03-24,10:11:00,2025-03-27,244.35,244.35,241.55,241.55,260,4615,0
FINNIFTY27MAR2525050PE.NFO,2025-03-24,10:12:00,2025-03-27,241.55,244.15,241.55,242.8,130,4615,0
FINNIFTY27MAR2525050PE.NFO,2025-03-24,10:13:00,2025-03-27,242.8,242.8,236.85,236.85,260,5005,0
FINNIFTY27MAR2525050PE.NFO,2025-03-24,10:14:00,2025-03-27,236.85,236.85,236.85,236.85,0,5005,0
FINNIFTY27MAR2525050PE.NFO,2025-03-24,10:15:00,2025-03-27,236.85,236.85,236.85,236.85,0,5005,0
FINNIFTY27MAR2525050PE.NFO,2025-03-24,10:16:00,2025-03-27,236.85,236.85,236.85,236.85,0,5005,0
FINNIFTY27MAR2525050PE.NFO,2025-03-24,10:17:00,2025-03-27,236.85,236.85,236.35,236.35,65,5265,0
FINNIFTY27MAR2525050PE.NFO,2025-03-24,10:18:00,2025-03-27,236.35,236.35,229.05,229.2,130,5265,0
FINNIFTY27MAR2525050PE.NFO,2025-03-24,10:19:00,2025-03-27,229.2,229.2,225.0,225.0,65,5265,0
FINNIFTY27MAR2525050PE.NFO,2025-03-24,10:20:00,2025-03-27,225.0,225.0,225.0,225.0,0,5265,0
FINNIFTY27MAR2525050PE.NFO,2025-03-24,10:21:00,2025-03-27,225.0,227.0,225.0,227.0,65,5265,0
FINNIFTY27MAR2525050PE.NFO,2025-03-24,10:22:00,2025-03-27,227.0,227.0,227.0,227.0,0,5265,0
FINNIFTY27MAR2525050PE.NFO,2025-03-24,10:23:00,2025-03-27,227.0,231.35,227.0,230.2,130,5330,0
FINNIFTY27MAR2525050PE.NFO,2025-03-24,10:24:00,2025-03-27,230.2,232.45,230.2,232.45,130,5330,0
FINNIFTY27MAR2525050PE.NFO,2025-03-24,10:25:00,2025-03-27,232.45,232.45,232.45,232.45,0,5330,0
FINNIFTY27MAR2525050PE.NFO,2025-03-24,10:26:00,2025-03-27,232.45,232.45,227.7,227.7,130,5330,0
FINNIFTY27MAR2525050PE.NFO,2025-03-24,10:27:00,2025-03-27,227.7,227.7,227.7,227.7,0,5330,0
FINNIFTY27MAR2525050PE.NFO,2025-03-24,10:28:00,2025-03-27,227.7,227.7,220.9,220.9,65,5265,0
FINNIFTY27MAR2525050PE.NFO,2025-03-24,10:29:00,2025-03-27,220.9,220.9,220.9,220.9,0,5265,0
FINNIFTY27MAR2525050PE.NFO,2025-03-24,10:30:00,2025-03-27,220.9,220.9,220.9,220.9,0,5265,0
FINNIFTY27MAR2525050PE.NFO,2025-03-24,10:31:00,2025-03-27,220.9,220.9,215.5,217.75,1495,5330,0
FINNIFTY27MAR2525050PE.NFO,2025-03-24,10:32:00,2025-03-27,217.75,217.75,214.4,216.05,1040,5330,0
FINNIFTY27MAR2525050PE.NFO,2025-03-24,10:33:00,2025-03-27,216.05,216.1,216.05,216.1,1105,5330,0
FINNIFTY27MAR2525050PE.NFO,2025-03-24,10:34:00,2025-03-27,216.1,216.1,210.45,212.15,195,7085,0
FINNIFTY27MAR2525050PE.NFO,2025-03-24,10:35:00,2025-03-27,212.15,212.15,208.0,210.2,520,7085,0
FINNIFTY27MAR2525050PE.NFO,2025-03-24,10:36:00,2025-03-27,210.2,210.2,196.15,196.15,3055,7085,0
FINNIFTY27MAR2525050PE.NFO,2025-03-24,10:37:00,2025-03-27,196.15,202.1,190.65,202.1,4680,8450,0
FINNIFTY27MAR2525050PE.NFO,2025-03-24,10:38:00,2025-03-27,202.1,202.1,196.3,199.0,1170,8450,0
FINNIFTY27MAR2525050PE.NFO,2025-03-24,10:39:00,2025-03-27,199.0,205.25,199.0,205.25,975,8450,0
FINNIFTY27MAR2525050PE.NFO,2025-03-24,10:40:00,2025-03-27,205.25,206.25,199.75,199.75,2340,12025,0
FINNIFTY27MAR2525050PE.NFO,2025-03-24,10:41:00,2025-03-27,199.75,201.0,191.8,196.7,3055,12025,0
FINNIFTY27MAR2525050PE.NFO,2025-03-24,10:42:00,2025-03-27,196.7,199.25,196.65,197.55,260,12025,0
FINNIFTY27MAR2525050PE.NFO,2025-03-24,10:43:00,2025-03-27,197.55,197.55,195.0,195.25,1235,14105,0
FINNIFTY27MAR2525050PE.NFO,2025-03-24,10:44:00,2025-03-27,195.25,198.0,193.7,198.0,1040,14105,0
FINNIFTY27MAR2525050PE.NFO,2025-03-24,10:45:00,2025-03-27,198.0,201.0,196.65,200.0,2405,14105,0
FINNIFTY27MAR2525050PE.NFO,2025-03-24,10:46:00,2025-03-27,200.0,202.5,199.0,201.35,1105,13975,0
FINNIFTY27MAR2525050PE.NFO,2025-03-24,10:47:00,2025-03-27,201.35,201.35,197.35,197.35,1300,13975,0
FINNIFTY27MAR2525050PE.NFO,2025-03-24,10:48:00,2025-03-27,197.35,200.15,197.35,199.65,1300,13975,0
FINNIFTY27MAR2525050PE.NFO,2025-03-24,10:49:00,2025-03-27,199.65,203.75,195.0,195.0,1365,15600,0
FINNIFTY27MAR2525050PE.NFO,2025-03-24,10:50:00,2025-03-27,195.0,197.5,195.0,196.2,780,15600,0
FINNIFTY27MAR2525050PE.NFO,2025-03-24,10:51:00,2025-03-27,196.2,196.2,194.45,194.9,1300,15600,0
FINNIFTY27MAR2525050PE.NFO,2025-03-24,10:52:00,2025-03-27,194.9,194.9,191.5,194.0,1170,15860,0
FINNIFTY27MAR2525050PE.NFO,2025-03-24,10:53:00,2025-03-27,194.0,194.0,189.25,189.9,1690,15860,0
FINNIFTY27MAR2525050PE.NFO,2025-03-24,10:54:00,2025-03-27,189.9,196.35,189.9,191.4,1885,15860,0
FINNIFTY27MAR2525050PE.NFO,2025-03-24,10:55:00,2025-03-27,191.4,191.4,187.5,187.5,1105,16055,0
FINNIFTY27MAR2525050PE.NFO,2025-03-24,10:56:00,2025-03-27,187.5,188.35,181.6,183.65,2990,16055,0
FINNIFTY27MAR2525050PE.NFO,2025-03-24,10:57:00,2025-03-27,183.65,183.65,174.85,179.6,5655,16055,0
FINNIFTY27MAR2525050PE.NFO,2025-03-24,10:58:00,2025-03-27,179.6,180.5,174.05,179.1,4355,19825,0
FINNIFTY27MAR2525050PE.NFO,2025-03-24,10:59:00,2025-03-27,180.65,181.7,172.2,172.2,7410,19825,0
FINNIFTY27MAR2525050PE.NFO,2025-03-24,11:00:00,2025-03-27,172.0,180.55,172.0,177.6,3965,19825,0
FINNIFTY27MAR2525050PE.NFO,2025-03-24,11:01:00,2025-03-27,177.6,182.5,177.45,177.45,3315,26325,0
FINNIFTY27MAR2525050PE.NFO,2025-03-24,11:02:00,2025-03-27,177.45,179.25,175.55,178.4,2080,26325,0
FINNIFTY27MAR2525050PE.NFO,2025-03-24,11:03:00,2025-03-27,178.4,179.05,170.0,170.0,1950,26325,0
FINNIFTY27MAR2525050PE.NFO,2025-03-24,11:04:00,2025-03-27,170.0,170.5,161.5,169.25,4355,29055,0
FINNIFTY27MAR2525050PE.NFO,2025-03-24,11:05:00,2025-03-27,169.25,185.1,169.25,184.0,6760,29055,0
FINNIFTY27MAR2525050PE.NFO,2025-03-24,11:06:00,2025-03-27,182.65,190.55,181.35,181.8,10920,29055,0
FINNIFTY27MAR2525050PE.NFO,2025-03-24,11:07:00,2025-03-27,181.8,183.0,176.25,182.8,3575,34320,0
FINNIFTY27MAR2525050PE.NFO,2025-03-24,11:08:00,2025-03-27,182.8,185.5,180.65,181.4,2990,34320,0
FINNIFTY27MAR2525050PE.NFO,2025-03-24,11:09:00,2025-03-27,181.4,187.0,178.4,186.15,2795,34320,0
FINNIFTY27MAR2525050PE.NFO,2025-03-24,11:10:00,2025-03-27,186.15,186.15,182.2,185.3,3055,33670,0
FINNIFTY27MAR2525050PE.NFO,2025-03-24,11:11:00,2025-03-27,185.3,190.3,185.3,188.65,4095,33670,0
FINNIFTY27MAR2525050PE.NFO,2025-03-24,11:12:00,2025-03-27,188.65,189.8,185.25,186.15,1170,33670,0
FINNIFTY27MAR2525050PE.NFO,2025-03-24,11:13:00,2025-03-27,186.15,186.15,177.6,177.6,2210,33540,0
FINNIFTY27MAR2525050PE.NFO,2025-03-24,11:14:00,2025-03-27,179.65,185.3,178.45,180.7,3055,33540,0
FINNIFTY27MAR2525050PE.NFO,2025-03-24,11:15:00,2025-03-27,180.7,188.35,180.7,187.55,4290,33540,0
FINNIFTY27MAR2525050PE.NFO,2025-03-24,11:16:00,2025-03-27,187.55,196.45,187.55,196.0,4550,33865,0
FINNIFTY27MAR2525050PE.NFO,2025-03-24,11:17:00,2025-03-27,196.0,199.75,195.0,195.0,1560,33865,0
FINNIFTY27MAR2525050PE.NFO,2025-03-24,11:18:00,2025-03-27,195.0,199.15,195.0,195.45,715,33865,0
FINNIFTY27MAR2525050PE.NFO,2025-03-24,11:19:00,2025-03-27,195.45,197.0,195.3,195.55,585,32825,0
FINNIFTY27MAR2525050PE.NFO,2025-03-24,11:20:00,2025-03-27,195.55,196.0,191.25,193.2,2015,32825,0
FINNIFTY27MAR2525050PE.NFO,2025-03-24,11:21:00,2025-03-27,193.2,193.2,187.55,189.55,1885,32825,0
FINNIFTY27MAR2525050PE.NFO,2025-03-24,11:22:00,2025-03-27,189.55,194.55,189.55,194.4,260,32500,0
FINNIFTY27MAR2525050PE.NFO,2025-03-24,11:23:00,2025-03-27,194.4,194.4,190.6,192.6,195,32500,0
FINNIFTY27MAR2525050PE.NFO,2025-03-24,11:24:00,2025-03-27,192.6,198.85,192.6,198.0,650,32500,0
FINNIFTY27MAR2525050PE.NFO,2025-03-24,11:25:00,2025-03-27,198.0,199.75,195.85,199.75,1235,32695,0
FINNIFTY27MAR2525050PE.NFO,2025-03-24,11:26:00,2025-03-27,199.75,199.75,191.85,195.0,390,32695,0
FINNIFTY27MAR2525050PE.NFO,2025-03-24,11:27:00,2025-03-27,195.0,196.8,195.0,195.0,585,32695,0
FINNIFTY27MAR2525050PE.NFO,2025-03-24,11:28:00,2025-03-27,198.6,199.15,189.55,189.55,1300,32240,0
FINNIFTY27MAR2525050PE.NFO,2025-03-24,11:29:00,2025-03-27,189.55,190.0,189.55,190.0,65,32240,0
FINNIFTY27MAR2525050PE.NFO,2025-03-24,11:30:00,2025-03-27,190.0,198.15,190.0,198.15,780,32240,0
FINNIFTY27MAR2525050PE.NFO,2025-03-24,11:31:00,2025-03-27,198.15,198.45,193.0,193.0,715,31720,0
FINNIFTY27MAR2525050PE.NFO,2025-03-24,11:32:00,2025-03-27,193.0,197.0,193.0,197.0,260,31720,0
FINNIFTY27MAR2525050PE.NFO,2025-03-24,11:33:00,2025-03-27,197.0,198.3,195.9,198.3,260,31720,0
FINNIFTY27MAR2525050PE.NFO,2025-03-24,11:34:00,2025-03-27,199.85,199.85,197.95,197.95,195,31265,0
FINNIFTY27MAR2525050PE.NFO,2025-03-24,11:35:00,2025-03-27,197.95,197.95,197.0,197.0,65,31265,0
FINNIFTY27MAR2525050PE.NFO,2025-03-24,11:36:00,2025-03-27,197.0,199.25,194.2,198.4,3055,31265,0
FINNIFTY27MAR2525050PE.NFO,2025-03-24,11:37:00,2025-03-27,198.4,201.9,196.45,198.7,4420,31850,0
FINNIFTY27MAR2525050PE.NFO,2025-03-24,11:38:00,2025-03-27,198.7,209.0,198.7,202.8,6435,31850,0
FINNIFTY27MAR2525050PE.NFO,2025-03-24,11:39:00,2025-03-27,202.8,208.0,202.8,203.8,5330,31850,0
FINNIFTY27MAR2525050PE.NFO,2025-03-24,11:40:00,2025-03-27,203.8,203.8,190.25,190.75,4810,30680,0
FINNIFTY27MAR2525050PE.NFO,2025-03-24,11:41:00,2025-03-27,190.75,195.15,190.75,193.0,3770,30680,0
FINNIFTY27MAR2525050PE.NFO,2025-03-24,11:42:00,2025-03-27,193.0,202.55,193.0,202.55,2990,30680,0
FINNIFTY27MAR2525050PE.NFO,2025-03-24,11:43:00,2025-03-27,202.55,211.15,201.15,211.0,5330,31200,0
FINNIFTY27MAR2525050PE.NFO,2025-03-24,11:44:00,2025-03-27,211.0,211.0,197.9,197.9,3575,31200,0
FINNIFTY27MAR2525050PE.NFO,2025-03-24,11:45:00,2025-03-27,197.9,198.8,188.95,189.65,3835,31200,0
FINNIFTY27MAR2525050PE.NFO,2025-03-24,11:46:00,2025-03-27,189.65,189.65,184.3,186.65,1625,31720,0
FINNIFTY27MAR2525050PE.NFO,2025-03-24,11:47:00,2025-03-27,186.65,186.65,182.85,186.5,1235,31720,0
FINNIFTY27MAR2525050PE.NFO,2025-03-24,11:48:00,2025-03-27,186.5,188.0,185.25,187.0,1235,31720,0
FINNIFTY27MAR2525050PE.NFO,2025-03-24,11:49:00,2025-03-27,187.0,190.2,187.0,190.2,845,31720,0
FINNIFTY27MAR2525050PE.NFO,2025-03-24,11:50:00,2025-03-27,190.2,191.15,187.55,189.9,1885,31720,0
FINNIFTY27MAR2525050PE.NFO,2025-03-24,11:51:00,2025-03-27,189.9,191.9,188.0,188.0,1235,31720,0
FINNIFTY27MAR2525050PE.NFO,2025-03-24,11:52:00,2025-03-27,188.0,188.4,186.0,188.4,325,31135,0
FINNIFTY27MAR2525050PE.NFO,2025-03-24,11:53:00,2025-03-27,188.4,188.7,188.25,188.7,325,31135,0
FINNIFTY27MAR2525050PE.NFO,2025-03-24,11:54:00,2025-03-27,188.7,189.35,187.3,187.3,845,31135,0
FINNIFTY27MAR2525050PE.NFO,2025-03-24,11:55:00,2025-03-27,187.3,188.45,187.3,188.45,455,31265,0
FINNIFTY27MAR2525050PE.NFO,2025-03-24,11:56:00,2025-03-27,188.45,190.0,188.45,189.25,195,31265,0
FINNIFTY27MAR2525050PE.NFO,2025-03-24,11:57:00,2025-03-27,189.25,189.25,187.7,187.7,65,31265,0
FINNIFTY27MAR2525050PE.NFO,2025-03-24,11:58:00,2025-03-27,187.7,188.4,185.75,188.4,195,31265,0
FINNIFTY27MAR2525050PE.NFO,2025-03-24,11:59:00,2025-03-27,188.4,188.4,188.4,188.4,0,31265,0
FINNIFTY27MAR2525050PE.NFO,2025-03-24,12:00:00,2025-03-27,188.4,188.4,185.0,185.0,1105,31265,0
FINNIFTY27MAR2525050PE.NFO,2025-03-24,12:01:00,2025-03-27,185.0,185.0,183.0,183.05,975,31265,0
FINNIFTY27MAR2525050PE.NFO,2025-03-24,12:02:00,2025-03-27,183.05,191.9,183.05,191.9,455,31070,0
FINNIFTY27MAR2525050PE.NFO,2025-03-24,12:03:00,2025-03-27,191.9,198.4,191.9,198.4,325,31070,0
FINNIFTY27MAR2525050PE.NFO,2025-03-24,12:04:00,2025-03-27,198.4,198.4,198.4,198.4,0,31070,0
FINNIFTY27MAR2525050PE.NFO,2025-03-24,12:05:00,2025-03-27,198.4,200.75,198.4,200.65,520,30875,0
FINNIFTY27MAR2525050PE.NFO,2025-03-24,12:06:00,2025-03-27,200.65,200.75,198.4,200.75,520,30875,0
FINNIFTY27MAR2525050PE.NFO,2025-03-24,12:07:00,2025-03-27,200.75,200.75,192.75,192.75,65,31265,0
FINNIFTY27MAR2525050PE.NFO,2025-03-24,12:08:00,2025-03-27,192.75,192.75,186.4,186.4,325,31265,0
FINNIFTY27MAR2525050PE.NFO,2025-03-24,12:09:00,2025-03-27,186.4,186.95,185.45,186.95,260,31265,0
FINNIFTY27MAR2525050PE.NFO,2025-03-24,12:10:00,2025-03-27,186.95,186.95,186.95,186.95,0,31265,0
FINNIFTY27MAR2525050PE.NFO,2025-03-24,12:11:00,2025-03-27,186.95,186.95,182.6,183.15,975,31395,0
FINNIFTY27MAR2525050PE.NFO,2025-03-24,12:12:00,2025-03-27,183.15,187.95,183.15,187.95,325,31395,0
FINNIFTY27MAR2525050PE.NFO,2025-03-24,12:13:00,2025-03-27,187.95,187.95,184.9,184.9,390,30550,0
FINNIFTY27MAR2525050PE.NFO,2025-03-24,12:14:00,2025-03-27,184.9,188.6,184.9,188.6,455,30550,0
FINNIFTY27MAR2525050PE.NFO,2025-03-24,12:15:00,2025-03-27,188.6,188.6,186.6,186.6,130,30550,0
FINNIFTY27MAR2525050PE.NFO,2025-03-24,12:16:00,2025-03-27,186.6,190.05,186.6,188.65,2730,30680,0
FINNIFTY27MAR2525050PE.NFO,2025-03-24,12:17:00,2025-03-27,188.55,188.55,180.45,185.25,4030,30680,0
FINNIFTY27MAR2525050PE.NFO,2025-03-24,12:18:00,2025-03-27,186.75,187.0,185.0,185.0,1365,30680,0
FINNIFTY27MAR2525050PE.NFO,2025-03-24,12:19:00,2025-03-27,185.0,186.65,185.0,185.0,520,28860,0
FINNIFTY27MAR2525050PE.NFO,2025-03-24,12:20:00,2025-03-27,185.0,185.0,181.55,181.55,1040,28860,0
FINNIFTY27MAR2525050PE.NFO,2025-03-24,12:21:00,2025-03-27,181.55,187.05,181.55,185.5,910,28860,0
FINNIFTY27MAR2525050PE.NFO,2025-03-24,12:22:00,2025-03-27,185.5,188.6,185.5,186.8,910,29055,0
FINNIFTY27MAR2525050PE.NFO,2025-03-24,12:23:00,2025-03-27,186.8,189.1,186.8,187.55,325,29055,0
FINNIFTY27MAR2525050PE.NFO,2025-03-24,12:24:00,2025-03-27,187.55,187.55,185.55,185.55,1040,29055,0
FINNIFTY27MAR2525050PE.NFO,2025-03-24,12:25:00,2025-03-27,185.55,185.55,178.0,178.0,390,29445,0
FINNIFTY27MAR2525050PE.NFO,2025-03-24,12:26:00,2025-03-27,178.0,178.0,169.4,169.95,4420,29445,0
FINNIFTY27MAR2525050PE.NFO,2025-03-24,12:27:00,2025-03-27,169.95,173.05,169.95,170.85,1365,29445,0
FINNIFTY27MAR2525050PE.NFO,2025-03-24,12:28:00,2025-03-27,170.85,173.25,170.85,172.6,390,30225,0
FINNIFTY27MAR2525050PE.NFO,2025-03-24,12:29:00,2025-03-27,172.6,172.6,170.0,170.0,845,30225,0
FINNIFTY27MAR2525050PE.NFO,2025-03-24,12:30:00,2025-03-27,168.3,168.8,166.0,166.1,3055,30225,0
FINNIFTY27MAR2525050PE.NFO,2025-03-24,12:31:00,2025-03-27,166.1,171.65,166.1,171.55,780,30420,0
FINNIFTY27MAR2525050PE.NFO,2025-03-24,12:32:00,2025-03-27,171.55,172.3,170.35,172.3,585,30420,0
FINNIFTY27MAR2525050PE.NFO,2025-03-24,12:33:00,2025-03-27,172.3,172.8,169.0,171.65,845,30420,0
FINNIFTY27MAR2525050PE.NFO,2025-03-24,12:34:00,2025-03-27,172.45,174.35,170.4,174.15,1300,31265,0
FINNIFTY27MAR2525050PE.NFO,2025-03-24,12:35:00,2025-03-27,174.15,174.15,172.15,172.75,325,31265,0
FINNIFTY27MAR2525050PE.NFO,2025-03-24,12:36:00,2025-03-27,172.75,173.7,170.0,170.0,845,31265,0
FINNIFTY27MAR2525050PE.NFO,2025-03-24,12:37:00,2025-03-27,170.0,170.7,165.7,165.7,520,32240,0
FINNIFTY27MAR2525050PE.NFO,2025-03-24,12:38:00,2025-03-27,165.7,169.0,164.95,169.0,1430,32240,0
FINNIFTY27MAR2525050PE.NFO,2025-03-24,12:39:00,2025-03-27,169.0,178.2,169.0,178.0,975,32240,0
FINNIFTY27MAR2525050PE.NFO,2025-03-24,12:40:00,2025-03-27,178.0,181.5,178.0,181.0,5785,30680,0
FINNIFTY27MAR2525050PE.NFO,2025-03-24,12:41:00,2025-03-27,181.3,181.3,176.55,176.6,1560,30680,0
FINNIFTY27MAR2525050PE.NFO,2025-03-24,12:42:00,2025-03-27,176.6,176.6,174.0,176.1,715,30680,0
FINNIFTY27MAR2525050PE.NFO,2025-03-24,12:43:00,2025-03-27,176.1,176.1,174.05,174.05,585,31655,0
FINNIFTY27MAR2525050PE.NFO,2025-03-24,12:44:00,2025-03-27,174.05,175.65,173.55,173.55,1040,31655,0
FINNIFTY27MAR2525050PE.NFO,2025-03-24,12:45:00,2025-03-27,173.55,178.0,173.55,177.8,1235,31655,0
FINNIFTY27MAR2525050PE.NFO,2025-03-24,12:46:00,2025-03-27,177.8,183.35,177.15,182.6,1495,31005,0
FINNIFTY27MAR2525050PE.NFO,2025-03-24,12:47:00,2025-03-27,182.6,182.6,178.95,178.95,1950,31005,0
FINNIFTY27MAR2525050PE.NFO,2025-03-24,12:48:00,2025-03-27,178.95,178.95,176.3,176.3,2015,31005,0
FINNIFTY27MAR2525050PE.NFO,2025-03-24,12:49:00,2025-03-27,176.3,176.3,172.0,172.0,1300,33020,0
FINNIFTY27MAR2525050PE.NFO,2025-03-24,12:50:00,2025-03-27,170.75,174.35,170.75,174.35,1625,33020,0
FINNIFTY27MAR2525050PE.NFO,2025-03-24,12:51:00,2025-03-27,174.35,174.85,172.0,174.6,1235,33020,0
FINNIFTY27MAR2525050PE.NFO,2025-03-24,12:52:00,2025-03-27,174.6,176.0,174.35,175.8,585,33020,0
FINNIFTY27MAR2525050PE.NFO,2025-03-24,12:53:00,2025-03-27,175.8,178.0,175.8,177.8,910,32825,0
FINNIFTY27MAR2525050PE.NFO,2025-03-24,12:54:00,2025-03-27,177.8,179.15,176.55,176.55,650,32825,0
FINNIFTY27MAR2525050PE.NFO,2025-03-24,12:55:00,2025-03-27,176.55,176.55,174.35,174.35,130,32760,0
FINNIFTY27MAR2525050PE.NFO,2025-03-24,12:56:00,2025-03-27,174.35,178.3,174.35,178.3,650,32760,0
FINNIFTY27MAR2525050PE.NFO,2025-03-24,12:57:00,2025-03-27,178.3,190.1,178.3,189.0,2730,32760,0
FINNIFTY27MAR2525050PE.NFO,2025-03-24,12:58:00,2025-03-27,189.0,191.6,189.0,191.4,260,32760,0
FINNIFTY27MAR2525050PE.NFO,2025-03-24,12:59:00,2025-03-27,191.4,191.4,182.7,184.2,455,32435,0
FINNIFTY27MAR2525050PE.NFO,2025-03-24,13:00:00,2025-03-27,184.2,184.2,180.0,180.0,1170,32435,0
FINNIFTY27MAR2525050PE.NFO,2025-03-24,13:01:00,2025-03-27,180.0,183.65,179.8,183.1,1365,31850,0
FINNIFTY27MAR2525050PE.NFO,2025-03-24,13:02:00,2025-03-27,183.1,187.05,182.65,184.35,1105,31850,0
FINNIFTY27MAR2525050PE.NFO,2025-03-24,13:03:00,2025-03-27,184.35,184.35,182.65,182.65,260,31850,0
FINNIFTY27MAR2525050PE.NFO,2025-03-24,13:04:00,2025-03-27,182.65,182.65,177.4,179.7,1690,32435,0
FINNIFTY27MAR2525050PE.NFO,2025-03-24,13:05:00,2025-03-27,179.7,179.7,175.4,176.55,1365,32435,0
FINNIFTY27MAR2525050PE.NFO,2025-03-24,13:06:00,2025-03-27,176.75,178.0,175.1,175.1,1170,32435,0
FINNIFTY27MAR2525050PE.NFO,2025-03-24,13:07:00,2025-03-27,175.1,175.1,170.0,170.75,2080,32695,0
FINNIFTY27MAR2525050PE.NFO,2025-03-24,13:08:00,2025-03-27,170.75,173.05,169.65,172.25,1365,32695,0
FINNIFTY27MAR2525050PE.NFO,2025-03-24,13:09:00,2025-03-27,172.25,174.9,171.9,172.7,2600,32695,0
FINNIFTY27MAR2525050PE.NFO,2025-03-24,13:10:00,2025-03-27,172.7,173.95,171.0,173.95,1950,33345,0
FINNIFTY27MAR2525050PE.NFO,2025-03-24,13:11:00,2025-03-27,173.95,174.35,169.55,169.55,2665,33345,0
FINNIFTY27MAR2525050PE.NFO,2025-03-24,13:12:00,2025-03-27,170.0,171.15,169.8,171.15,1300,33345,0
FINNIFTY27MAR2525050PE.NFO,2025-03-24,13:13:00,2025-03-27,171.15,172.1,169.5,170.65,975,35555,0
FINNIFTY27MAR2525050PE.NFO,2025-03-24,13:14:00,2025-03-27,170.65,172.1,170.65,172.1,585,35555,0
FINNIFTY27MAR2525050PE.NFO,2025-03-24,13:15:00,2025-03-27,172.1,172.1,168.0,168.0,5590,35555,0
FINNIFTY27MAR2525050PE.NFO,2025-03-24,13:16:00,2025-03-27,168.0,169.0,166.0,166.0,1495,37895,0
FINNIFTY27MAR2525050PE.NFO,2025-03-24,13:17:00,2025-03-27,166.0,169.35,166.0,169.35,325,37895,0
FINNIFTY27MAR2525050PE.NFO,2025-03-24,13:18:00,2025-03-27,169.35,176.15,169.35,174.95,2990,37895,0
FINNIFTY27MAR2525050PE.NFO,2025-03-24,13:19:00,2025-03-27,174.95,179.2,174.95,177.65,4550,37440,0
FINNIFTY27MAR2525050PE.NFO,2025-03-24,13:20:00,2025-03-27,177.65,179.4,174.5,178.75,1040,37440,0
FINNIFTY27MAR2525050PE.NFO,2025-03-24,13:21:00,2025-03-27,178.75,180.45,178.75,179.1,780,37440,0
FINNIFTY27MAR2525050PE.NFO,2025-03-24,13:22:00,2025-03-27,179.1,182.15,179.1,181.5,3510,39325,0
FINNIFTY27MAR2525050PE.NFO,2025-03-24,13:23:00,2025-03-27,181.5,182.55,180.05,181.65,2600,39325,0
FINNIFTY27MAR2525050PE.NFO,2025-03-24,13:24:00,2025-03-27,181.65,185.1,181.65,184.05,3185,39325,0
FINNIFTY27MAR2525050PE.NFO,2025-03-24,13:25:00,2025-03-27,184.05,184.2,181.85,181.85,585,37245,0
FINNIFTY27MAR2525050PE.NFO,2025-03-24,13:26:00,2025-03-27,181.85,183.3,180.85,181.9,715,37245,0
FINNIFTY27MAR2525050PE.NFO,2025-03-24,13:27:00,2025-03-27,181.9,183.0,180.0,180.0,325,37245,0
FINNIFTY27MAR2525050PE.NFO,2025-03-24,13:28:00,2025-03-27,180.0,180.15,180.0,180.15,65,37245,0
FINNIFTY27MAR2525050PE.NFO,2025-03-24,13:29:00,2025-03-27,180.15,180.15,180.15,180.15,0,37245,0
FINNIFTY27MAR2525050PE.NFO,2025-03-24,13:30:00,2025-03-27,180.15,180.5,178.35,180.5,520,37440,0
FINNIFTY27MAR2525050PE.NFO,2025-03-24,13:31:00,2025-03-27,180.5,182.5,180.5,182.5,65,37050,0
FINNIFTY27MAR2525050PE.NFO,2025-03-24,13:32:00,2025-03-27,182.5,183.0,182.0,183.0,325,37050,0
FINNIFTY27MAR2525050PE.NFO,2025-03-24,13:33:00,2025-03-27,183.0,184.7,183.0,184.7,390,37050,0
FINNIFTY27MAR2525050PE.NFO,2025-03-24,13:34:00,2025-03-27,184.7,186.6,182.7,182.7,3185,37180,0
FINNIFTY27MAR2525050PE.NFO,2025-03-24,13:35:00,2025-03-27,182.7,184.4,181.75,181.75,455,37180,0
FINNIFTY27MAR2525050PE.NFO,2025-03-24,13:36:00,2025-03-27,181.75,181.75,176.6,178.1,3055,37180,0
FINNIFTY27MAR2525050PE.NFO,2025-03-24,13:37:00,2025-03-27,178.1,179.95,178.1,179.6,1430,38805,0
FINNIFTY27MAR2525050PE.NFO,2025-03-24,13:38:00,2025-03-27,179.6,181.25,179.6,181.25,65,38805,0
FINNIFTY27MAR2525050PE.NFO,2025-03-24,13:39:00,2025-03-27,181.25,181.25,180.35,181.2,910,38805,0
FINNIFTY27MAR2525050PE.NFO,2025-03-24,13:40:00,2025-03-27,181.2,181.2,173.0,175.3,1170,38220,0
FINNIFTY27MAR2525050PE.NFO,2025-03-24,13:41:00,2025-03-27,175.3,175.4,174.05,175.4,1105,38220,0
FINNIFTY27MAR2525050PE.NFO,2025-03-24,13:42:00,2025-03-27,175.4,177.7,174.2,176.25,520,38220,0
FINNIFTY27MAR2525050PE.NFO,2025-03-24,13:43:00,2025-03-27,176.25,178.6,176.25,178.6,650,37830,0
FINNIFTY27MAR2525050PE.NFO,2025-03-24,13:44:00,2025-03-27,178.6,184.35,178.6,184.35,1495,37830,0
FINNIFTY27MAR2525050PE.NFO,2025-03-24,13:45:00,2025-03-27,184.35,192.75,184.35,192.35,4680,37830,0
FINNIFTY27MAR2525050PE.NFO,2025-03-24,13:46:00,2025-03-27,192.35,194.45,191.5,194.45,2210,40170,0
FINNIFTY27MAR2525050PE.NFO,2025-03-24,13:47:00,2025-03-27,194.45,194.45,190.55,190.55,1170,40170,0
FINNIFTY27MAR2525050PE.NFO,2025-03-24,13:48:00,2025-03-27,190.55,192.25,189.9,189.9,1040,40170,0
FINNIFTY27MAR2525050PE.NFO,2025-03-24,13:49:00,2025-03-27,189.9,192.0,189.9,190.0,260,40170,0
FINNIFTY27MAR2525050PE.NFO,2025-03-24,13:50:00,2025-03-27,190.0,190.05,187.7,187.7,2210,39390,0
FINNIFTY27MAR2525050PE.NFO,2025-03-24,13:51:00,2025-03-27,187.7,188.0,184.3,184.3,390,39390,0
FINNIFTY27MAR2525050PE.NFO,2025-03-24,13:52:00,2025-03-27,184.3,184.3,178.7,178.7,1105,37765,0
FINNIFTY27MAR2525050PE.NFO,2025-03-24,13:53:00,2025-03-27,178.7,178.7,176.3,176.3,1495,37765,0
FINNIFTY27MAR2525050PE.NFO,2025-03-24,13:54:00,2025-03-27,176.3,178.6,174.35,178.6,1365,37765,0
FINNIFTY27MAR2525050PE.NFO,2025-03-24,13:55:00,2025-03-27,178.6,178.6,175.8,175.8,520,37700,0
FINNIFTY27MAR2525050PE.NFO,2025-03-24,13:56:00,2025-03-27,175.8,179.0,175.8,178.25,1170,37700,0
FINNIFTY27MAR2525050PE.NFO,2025-03-24,13:57:00,2025-03-27,178.25,178.25,173.7,174.4,1105,37700,0
FINNIFTY27MAR2525050PE.NFO,2025-03-24,13:58:00,2025-03-27,174.4,174.4,171.75,172.2,650,38415,0
FINNIFTY27MAR2525050PE.NFO,2025-03-24,13:59:00,2025-03-27,172.2,172.2,165.15,165.15,3705,38415,0
FINNIFTY27MAR2525050PE.NFO,2025-03-24,14:00:00,2025-03-27,165.15,167.5,164.0,164.0,2730,38415,0
FINNIFTY27MAR2525050PE.NFO,2025-03-24,14:01:00,2025-03-27,164.0,167.2,164.0,166.05,1170,39715,0
FINNIFTY27MAR2525050PE.NFO,2025-03-24,14:02:00,2025-03-27,166.05,171.0,166.05,168.45,845,39715,0
FINNIFTY27MAR2525050PE.NFO,2025-03-24,14:03:00,2025-03-27,168.45,169.85,168.45,169.85,130,39715,0
FINNIFTY27MAR2525050PE.NFO,2025-03-24,14:04:00,2025-03-27,169.85,170.85,169.85,170.85,1625,39715,0
FINNIFTY27MAR2525050PE.NFO,2025-03-24,14:05:00,2025-03-27,170.85,170.85,168.95,168.95,130,38740,0
FINNIFTY27MAR2525050PE.NFO,2025-03-24,14:06:00,2025-03-27,168.95,168.95,168.5,168.9,650,38740,0
FINNIFTY27MAR2525050PE.NFO,2025-03-24,14:07:00,2025-03-27,168.9,168.9,166.1,166.95,520,39065,0
FINNIFTY27MAR2525050PE.NFO,2025-03-24,14:08:00,2025-03-27,166.95,168.7,166.95,168.7,130,39065,0
FINNIFTY27MAR2525050PE.NFO,2025-03-24,14:09:00,2025-03-27,171.5,171.65,170.8,170.8,585,39065,0
FINNIFTY27MAR2525050PE.NFO,2025-03-24,14:10:00,2025-03-27,170.8,171.3,170.15,170.8,3185,40300,0
FINNIFTY27MAR2525050PE.NFO,2025-03-24,14:11:00,2025-03-27,170.8,170.8,160.85,162.2,5655,40300,0
FINNIFTY27MAR2525050PE.NFO,2025-03-24,14:12:00,2025-03-27,162.2,162.45,156.1,156.1,5395,40300,0
FINNIFTY27MAR2525050PE.NFO,2025-03-24,14:13:00,2025-03-27,156.3,156.3,149.0,150.15,7280,45045,0
FINNIFTY27MAR2525050PE.NFO,2025-03-24,14:14:00,2025-03-27,150.15,150.85,147.0,150.85,5200,45045,0
FINNIFTY27MAR2525050PE.NFO,2025-03-24,14:15:00,2025-03-27,150.85,152.7,148.7,152.05,6955,45045,0
FINNIFTY27MAR2525050PE.NFO,2025-03-24,14:16:00,2025-03-27,152.05,154.7,152.05,154.45,2535,52975,0
FINNIFTY27MAR2525050PE.NFO,2025-03-24,14:17:00,2025-03-27,154.45,154.5,153.15,153.15,715,52975,0
FINNIFTY27MAR2525050PE.NFO,2025-03-24,14:18:00,2025-03-27,153.15,153.45,151.65,152.55,1560,52975,0
FINNIFTY27MAR2525050PE.NFO,2025-03-24,14:19:00,2025-03-27,152.55,152.55,148.2,148.2,2470,53690,0
FINNIFTY27MAR2525050PE.NFO,2025-03-24,14:20:00,2025-03-27,148.2,151.65,148.2,151.65,455,53690,0
FINNIFTY27MAR2525050PE.NFO,2025-03-24,14:21:00,2025-03-27,151.65,151.65,149.95,149.95,2860,53690,0
FINNIFTY27MAR2525050PE.NFO,2025-03-24,14:22:00,2025-03-27,150.0,151.75,149.65,149.7,1560,53040,0
FINNIFTY27MAR2525050PE.NFO,2025-03-24,14:23:00,2025-03-27,149.7,149.7,147.2,149.6,1495,53040,0
FINNIFTY27MAR2525050PE.NFO,2025-03-24,14:24:00,2025-03-27,149.6,149.6,145.5,145.6,2210,53040,0
FINNIFTY27MAR2525050PE.NFO,2025-03-24,14:25:00,2025-03-27,145.6,147.45,143.0,143.0,3705,53300,0
FINNIFTY27MAR2525050PE.NFO,2025-03-24,14:26:00,2025-03-27,144.0,144.25,139.25,140.0,3185,53300,0
FINNIFTY27MAR2525050PE.NFO,2025-03-24,14:27:00,2025-03-27,140.0,142.0,139.5,141.45,4810,53300,0
FINNIFTY27MAR2525050PE.NFO,2025-03-24,14:28:00,2025-03-27,141.45,144.15,141.45,144.15,780,54730,0
FINNIFTY27MAR2525050PE.NFO,2025-03-24,14:29:00,2025-03-27,144.15,147.0,143.8,147.0,780,54730,0
FINNIFTY27MAR2525050PE.NFO,2025-03-24,14:30:00,2025-03-27,147.0,152.0,146.55,151.35,3250,54730,0
FINNIFTY27MAR2525050PE.NFO,2025-03-24,14:31:00,2025-03-27,151.35,152.95,150.5,150.65,5720,54665,0
FINNIFTY27MAR2525050PE.NFO,2025-03-24,14:32:00,2025-03-27,150.65,151.65,147.95,149.45,3640,54665,0
FINNIFTY27MAR2525050PE.NFO,2025-03-24,14:33:00,2025-03-27,149.45,153.15,149.45,151.0,1950,54665,0
FINNIFTY27MAR2525050PE.NFO,2025-03-24,14:34:00,2025-03-27,151.0,156.0,149.8,153.1,3965,57915,0
FINNIFTY27MAR2525050PE.NFO,2025-03-24,14:35:00,2025-03-27,153.1,154.45,152.0,152.0,1170,57915,0
FINNIFTY27MAR2525050PE.NFO,2025-03-24,14:36:00,2025-03-27,152.0,153.9,151.5,151.5,1300,57915,0
FINNIFTY27MAR2525050PE.NFO,2025-03-24,14:37:00,2025-03-27,151.5,151.95,149.8,149.8,1560,58760,0
FINNIFTY27MAR2525050PE.NFO,2025-03-24,14:38:00,2025-03-27,149.8,150.0,141.1,141.1,2665,58760,0
FINNIFTY27MAR2525050PE.NFO,2025-03-24,14:39:00,2025-03-27,141.1,144.5,139.0,142.1,3835,58760,0
FINNIFTY27MAR2525050PE.NFO,2025-03-24,14:40:00,2025-03-27,142.1,150.8,141.2,150.8,6695,60255,0
FINNIFTY27MAR2525050PE.NFO,2025-03-24,14:41:00,2025-03-27,150.8,156.85,150.0,156.0,3770,60255,0
FINNIFTY27MAR2525050PE.NFO,2025-03-24,14:42:00,2025-03-27,156.0,156.55,153.35,154.5,3965,60255,0
FINNIFTY27MAR2525050PE.NFO,2025-03-24,14:43:00,2025-03-27,154.5,156.0,153.7,154.75,3965,61035,0
FINNIFTY27MAR2525050PE.NFO,2025-03-24,14:44:00,2025-03-27,154.75,157.3,154.25,156.85,1235,61035,0
FINNIFTY27MAR2525050PE.NFO,2025-03-24,14:45:00,2025-03-27,156.85,159.0,155.6,159.0,2015,61035,0
FINNIFTY27MAR2525050PE.NFO,2025-03-24,14:46:00,2025-03-27,159.0,160.2,155.4,155.9,3120,61685,0
FINNIFTY27MAR2525050PE.NFO,2025-03-24,14:47:00,2025-03-27,155.9,155.9,151.55,152.0,2925,61685,0
FINNIFTY27MAR2525050PE.NFO,2025-03-24,14:48:00,2025-03-27,152.0,152.5,151.2,151.2,845,61685,0
FINNIFTY27MAR2525050PE.NFO,2025-03-24,14:49:00,2025-03-27,151.2,151.2,147.35,147.5,3315,59475,0
FINNIFTY27MAR2525050PE.NFO,2025-03-24,14:50:00,2025-03-27,147.5,148.5,145.9,145.9,1105,59475,0
FINNIFTY27MAR2525050PE.NFO,2025-03-24,14:51:00,2025-03-27,145.9,147.1,143.65,146.3,2405,59475,0
FINNIFTY27MAR2525050PE.NFO,2025-03-24,14:52:00,2025-03-27,146.3,147.9,146.3,147.9,1235,59475,0
FINNIFTY27MAR2525050PE.NFO,2025-03-24,14:53:00,2025-03-27,147.9,148.9,144.8,148.9,2275,58825,0
FINNIFTY27MAR2525050PE.NFO,2025-03-24,14:54:00,2025-03-27,147.7,149.3,146.45,147.6,2405,58825,0
FINNIFTY27MAR2525050PE.NFO,2025-03-24,14:55:00,2025-03-27,147.6,147.6,145.8,146.75,1170,60125,0
FINNIFTY27MAR2525050PE.NFO,2025-03-24,14:56:00,2025-03-27,146.75,148.1,143.95,144.2,3315,60125,0
FINNIFTY27MAR2525050PE.NFO,2025-03-24,14:57:00,2025-03-27,144.2,151.35,144.2,151.35,520,60125,0
FINNIFTY27MAR2525050PE.NFO,2025-03-24,14:58:00,2025-03-27,151.35,153.0,151.35,151.6,520,60645,0
FINNIFTY27MAR2525050PE.NFO,2025-03-24,14:59:00,2025-03-27,151.6,152.25,149.1,150.2,2470,60645,0
FINNIFTY27MAR2525050PE.NFO,2025-03-24,15:00:00,2025-03-27,150.7,158.95,150.2,158.0,8970,60645,0
FINNIFTY27MAR2525050PE.NFO,2025-03-24,15:01:00,2025-03-27,158.0,168.8,158.0,167.8,12350,57720,0
FINNIFTY27MAR2525050PE.NFO,2025-03-24,15:02:00,2025-03-27,167.8,175.75,167.8,171.7,7540,57720,0
FINNIFTY27MAR2525050PE.NFO,2025-03-24,15:03:00,2025-03-27,171.7,172.3,162.6,166.65,5915,57720,0
FINNIFTY27MAR2525050PE.NFO,2025-03-24,15:04:00,2025-03-27,166.65,170.55,166.15,168.65,3770,57265,0
FINNIFTY27MAR2525050PE.NFO,2025-03-24,15:05:00,2025-03-27,168.65,169.4,160.0,161.45,3835,57265,0
FINNIFTY27MAR2525050PE.NFO,2025-03-24,15:06:00,2025-03-27,161.45,161.45,153.6,156.0,6045,57265,0
FINNIFTY27MAR2525050PE.NFO,2025-03-24,15:07:00,2025-03-27,156.0,161.4,154.8,159.95,2470,54925,0
FINNIFTY27MAR2525050PE.NFO,2025-03-24,15:08:00,2025-03-27,159.95,162.65,159.1,162.2,2535,54925,0
FINNIFTY27MAR2525050PE.NFO,2025-03-24,15:09:00,2025-03-27,162.2,167.75,161.8,162.8,6825,54925,0
FINNIFTY27MAR2525050PE.NFO,2025-03-24,15:10:00,2025-03-27,162.0,164.05,159.2,163.6,6305,50895,0
FINNIFTY27MAR2525050PE.NFO,2025-03-24,15:11:00,2025-03-27,163.6,164.15,161.75,164.05,1170,50895,0
FINNIFTY27MAR2525050PE.NFO,2025-03-24,15:12:00,2025-03-27,164.05,166.25,163.5,163.5,2535,50895,0
FINNIFTY27MAR2525050PE.NFO,2025-03-24,15:13:00,2025-03-27,163.5,163.5,160.6,163.0,3185,52065,0
FINNIFTY27MAR2525050PE.NFO,2025-03-24,15:14:00,2025-03-27,163.0,163.9,162.15,162.15,1820,52065,0
FINNIFTY27MAR2525050PE.NFO,2025-03-24,15:15:00,2025-03-27,162.15,163.75,153.0,153.0,4290,52065,0
FINNIFTY27MAR2525050PE.NFO,2025-03-24,15:16:00,2025-03-27,153.0,156.25,151.5,152.45,4615,53430,0
FINNIFTY27MAR2525050PE.NFO,2025-03-24,15:17:00,2025-03-27,152.45,153.9,152.25,152.25,2860,53430,0
FINNIFTY27MAR2525050PE.NFO,2025-03-24,15:18:00,2025-03-27,152.25,153.0,150.0,152.5,7670,53430,0
FINNIFTY27MAR2525050PE.NFO,2025-03-24,15:19:00,2025-03-27,152.5,152.5,150.0,151.35,2795,54990,0
FINNIFTY27MAR2525050PE.NFO,2025-03-24,15:20:00,2025-03-27,151.35,152.0,149.55,150.1,6370,54990,0
FINNIFTY27MAR2525050PE.NFO,2025-03-24,15:21:00,2025-03-27,150.2,150.2,146.0,146.0,4550,54990,0
FINNIFTY27MAR2525050PE.NFO,2025-03-24,15:22:00,2025-03-27,146.0,146.85,143.0,144.45,8970,53105,0
FINNIFTY27MAR2525050PE.NFO,2025-03-24,15:23:00,2025-03-27,144.45,146.85,143.95,143.95,3120,53105,0
FINNIFTY27MAR2525050PE.NFO,2025-03-24,15:24:00,2025-03-27,143.95,144.55,141.15,141.55,2990,53105,0
FINNIFTY27MAR2525050PE.NFO,2025-03-24,15:25:00,2025-03-27,141.75,142.5,140.6,141.1,2275,51610,0
FINNIFTY27MAR2525050PE.NFO,2025-03-24,15:26:00,2025-03-27,141.1,141.15,137.5,137.5,3120,51610,0
FINNIFTY27MAR2525050PE.NFO,2025-03-24,15:27:00,2025-03-27,137.5,142.95,137.5,138.3,4745,51610,0
FINNIFTY27MAR2525050PE.NFO,2025-03-24,15:28:00,2025-03-27,138.3,139.95,133.35,135.95,5200,51740,0
FINNIFTY27MAR2525050PE.NFO,2025-03-24,15:29:00,2025-03-27,135.95,138.0,131.0,131.0,2990,51740,0
FINNIFTY27MAR2525050PE.NFO,2025-03-24,15:30:00,2025-03-27,131.0,131.0,131.0,131.0,2990,51740,1
FINNIFTY27MAR2525050PE.NFO,2025-03-25,09:15:00,2025-03-27,129.95,129.95,94.2,97.3,5330,51090,0
FINNIFTY27MAR2525050PE.NFO,2025-03-25,09:16:00,2025-03-27,97.3,113.85,93.8,112.3,9880,51090,0
FINNIFTY27MAR2525050PE.NFO,2025-03-25,09:17:00,2025-03-27,112.3,126.85,112.3,126.85,5200,51090,0
FINNIFTY27MAR2525050PE.NFO,2025-03-25,09:18:00,2025-03-27,126.85,128.15,125.1,128.0,2080,53105,0
FINNIFTY27MAR2525050PE.NFO,2025-03-25,09:19:00,2025-03-27,128.0,138.15,128.0,136.2,4225,53105,0
FINNIFTY27MAR2525050PE.NFO,2025-03-25,09:20:00,2025-03-27,136.2,141.45,133.95,141.35,5525,53105,0
FINNIFTY27MAR2525050PE.NFO,2025-03-25,09:21:00,2025-03-27,141.75,159.6,140.65,157.5,7475,55185,0
FINNIFTY27MAR2525050PE.NFO,2025-03-25,09:22:00,2025-03-27,157.5,167.85,149.3,151.25,8060,55185,0
FINNIFTY27MAR2525050PE.NFO,2025-03-25,09:23:00,2025-03-27,151.25,158.8,151.25,157.0,4615,55185,0
FINNIFTY27MAR2525050PE.NFO,2025-03-25,09:24:00,2025-03-27,157.0,165.0,156.2,160.15,9165,58240,0
FINNIFTY27MAR2525050PE.NFO,2025-03-25,09:25:00,2025-03-27,160.5,160.5,154.25,156.65,6890,58240,0
FINNIFTY27MAR2525050PE.NFO,2025-03-25,09:26:00,2025-03-27,155.45,169.8,155.45,169.65,7475,58240,0
FINNIFTY27MAR2525050PE.NFO,2025-03-25,09:27:00,2025-03-27,169.65,173.0,163.75,166.1,9360,61685,0
FINNIFTY27MAR2525050PE.NFO,2025-03-25,09:28:00,2025-03-27,166.1,166.15,157.0,158.2,7995,61685,0
FINNIFTY27MAR2525050PE.NFO,2025-03-25,09:29:00,2025-03-27,158.2,158.2,137.5,138.5,16835,61685,0
FINNIFTY27MAR2525050PE.NFO,2025-03-25,09:30:00,2025-03-27,138.35,138.6,126.25,126.25,9165,65195,0
FINNIFTY27MAR2525050PE.NFO,2025-03-25,09:31:00,2025-03-27,126.25,126.25,118.0,120.85,4680,65195,0
FINNIFTY27MAR2525050PE.NFO,2025-03-25,09:32:00,2025-03-27,120.85,124.4,116.75,116.8,5720,65195,0
FINNIFTY27MAR2525050PE.NFO,2025-03-25,09:33:00,2025-03-27,116.8,117.2,111.25,117.2,4875,68900,0
FINNIFTY27MAR2525050PE.NFO,2025-03-25,09:34:00,2025-03-27,117.2,117.2,108.1,108.1,2600,68900,0
FINNIFTY27MAR2525050PE.NFO,2025-03-25,09:35:00,2025-03-27,108.1,110.15,106.2,107.05,2990,68900,0
FINNIFTY27MAR2525050PE.NFO,2025-03-25,09:36:00,2025-03-27,105.3,105.95,101.75,101.75,2600,68835,0
FINNIFTY27MAR2525050PE.NFO,2025-03-25,09:37:00,2025-03-27,101.75,105.0,99.8,104.95,3380,68835,0
FINNIFTY27MAR2525050PE.NFO,2025-03-25,09:38:00,2025-03-27,104.95,104.95,95.25,95.25,3185,68835,0
FINNIFTY27MAR2525050PE.NFO,2025-03-25,09:39:00,2025-03-27,95.4,95.75,91.35,91.75,6630,66495,0
FINNIFTY27MAR2525050PE.NFO,2025-03-25,09:40:00,2025-03-27,91.75,95.35,88.95,90.05,7345,66495,0
FINNIFTY27MAR2525050PE.NFO,2025-03-25,09:41:00,2025-03-27,90.05,90.85,87.8,89.55,2080,66495,0
FINNIFTY27MAR2525050PE.NFO,2025-03-25,09:42:00,2025-03-27,89.55,91.1,87.05,89.0,910,65455,0
FINNIFTY27MAR2525050PE.NFO,2025-03-25,09:43:00,2025-03-27,89.0,90.3,88.65,89.55,520,65455,0
FINNIFTY27MAR2525050PE.NFO,2025-03-25,09:44:00,2025-03-27,89.4,92.35,88.4,89.55,2730,65455,0
FINNIFTY27MAR2525050PE.NFO,2025-03-25,09:45:00,2025-03-27,89.55,92.65,89.55,91.05,325,65650,0
FINNIFTY27MAR2525050PE.NFO,2025-03-25,09:46:00,2025-03-27,91.05,92.55,88.75,89.0,4095,65650,0
FINNIFTY27MAR2525050PE.NFO,2025-03-25,09:47:00,2025-03-27,89.0,89.15,84.95,84.95,2405,65650,0
FINNIFTY27MAR2525050PE.NFO,2025-03-25,09:48:00,2025-03-27,84.95,85.5,82.55,83.35,4420,65650,0
FINNIFTY27MAR2525050PE.NFO,2025-03-25,09:49:00,2025-03-27,83.35,86.25,81.0,81.65,6695,66105,0
FINNIFTY27MAR2525050PE.NFO,2025-03-25,09:50:00,2025-03-27,81.4,82.4,77.45,78.5,9165,66105,0
FINNIFTY27MAR2525050PE.NFO,2025-03-25,09:51:00,2025-03-27,78.5,79.15,75.25,78.75,7150,64740,0
FINNIFTY27MAR2525050PE.NFO,2025-03-25,09:52:00,2025-03-27,78.75,82.65,78.6,79.95,8190,64740,0
FINNIFTY27MAR2525050PE.NFO,2025-03-25,09:53:00,2025-03-27,79.95,82.5,79.95,81.8,1625,64740,0
FINNIFTY27MAR2525050PE.NFO,2025-03-25,09:54:00,2025-03-27,81.8,82.8,79.75,79.75,585,61165,0
FINNIFTY27MAR2525050PE.NFO,2025-03-25,09:55:00,2025-03-27,79.75,80.5,79.7,80.2,1365,61165,0
FINNIFTY27MAR2525050PE.NFO,2025-03-25,09:56:00,2025-03-27,80.2,80.2,77.0,79.15,1105,61165,0
FINNIFTY27MAR2525050PE.NFO,2025-03-25,09:57:00,2025-03-27,79.15,79.15,77.05,77.05,390,61230,0
FINNIFTY27MAR2525050PE.NFO,2025-03-25,09:58:00,2025-03-27,77.05,77.05,75.15,75.6,3120,61230,0
FINNIFTY27MAR2525050PE.NFO,2025-03-25,09:59:00,2025-03-27,75.0,77.1,74.6,76.7,3315,61230,0
FINNIFTY27MAR2525050PE.NFO,2025-03-25,10:00:00,2025-03-27,76.7,79.45,76.5,79.25,4095,61815,0
FINNIFTY27MAR2525050PE.NFO,2025-03-25,10:01:00,2025-03-27,79.25,81.85,79.25,79.5,2015,61815,0
FINNIFTY27MAR2525050PE.NFO,2025-03-25,10:02:00,2025-03-27,79.5,82.7,79.5,82.7,2795,61815,0
FINNIFTY27MAR2525050PE.NFO,2025-03-25,10:03:00,2025-03-27,83.7,84.0,81.75,84.0,2470,61035,0
FINNIFTY27MAR2525050PE.NFO,2025-03-25,10:04:00,2025-03-27,84.0,84.0,80.35,82.0,520,61035,0
FINNIFTY27MAR2525050PE.NFO,2025-03-25,10:05:00,2025-03-27,82.0,83.25,81.0,82.2,4420,61035,0
FINNIFTY27MAR2525050PE.NFO,2025-03-25,10:06:00,2025-03-27,82.2,82.2,77.7,78.05,845,61035,0
FINNIFTY27MAR2525050PE.NFO,2025-03-25,10:07:00,2025-03-27,78.05,79.7,76.7,78.3,1625,60060,0
FINNIFTY27MAR2525050PE.NFO,2025-03-25,10:08:00,2025-03-27,78.3,78.65,76.95,76.95,2665,60060,0
FINNIFTY27MAR2525050PE.NFO,2025-03-25,10:09:00,2025-03-27,76.95,83.3,76.95,81.2,4030,61490,0
FINNIFTY27MAR2525050PE.NFO,2025-03-25,10:10:00,2025-03-27,81.2,85.6,81.2,85.6,5720,61490,0
FINNIFTY27MAR2525050PE.NFO,2025-03-25,10:11:00,2025-03-27,86.1,86.1,81.5,81.5,1495,61490,0
FINNIFTY27MAR2525050PE.NFO,2025-03-25,10:12:00,2025-03-27,81.5,82.7,80.6,82.6,2340,61880,0
FINNIFTY27MAR2525050PE.NFO,2025-03-25,10:13:00,2025-03-27,82.6,84.1,82.5,84.1,1950,61880,0
FINNIFTY27MAR2525050PE.NFO,2025-03-25,10:14:00,2025-03-27,84.1,90.75,84.0,90.2,3315,61880,0
FINNIFTY27MAR2525050PE.NFO,2025-03-25,10:15:00,2025-03-27,90.9,95.0,90.55,90.55,3055,61880,0
FINNIFTY27MAR2525050PE.NFO,2025-03-25,10:16:00,2025-03-27,90.55,92.85,82.75,84.25,1560,61035,0
FINNIFTY27MAR2525050PE.NFO,2025-03-25,10:17:00,2025-03-27,84.25,89.4,84.25,85.1,3510,61035,0
FINNIFTY27MAR2525050PE.NFO,2025-03-25,10:18:00,2025-03-27,85.1,86.3,85.0,85.65,845,62010,0
FINNIFTY27MAR2525050PE.NFO,2025-03-25,10:19:00,2025-03-27,85.65,86.5,83.55,84.0,845,62010,0
FINNIFTY27MAR2525050PE.NFO,2025-03-25,10:20:00,2025-03-27,84.0,84.0,77.7,78.0,2470,62010,0
FINNIFTY27MAR2525050PE.NFO,2025-03-25,10:21:00,2025-03-27,78.0,79.25,76.45,76.45,910,62010,0
FINNIFTY27MAR2525050PE.NFO,2025-03-25,10:22:00,2025-03-27,76.45,76.45,74.7,75.2,1170,60255,0
FINNIFTY27MAR2525050PE.NFO,2025-03-25,10:23:00,2025-03-27,75.2,76.75,74.2,76.75,1885,60255,0
FINNIFTY27MAR2525050PE.NFO,2025-03-25,10:24:00,2025-03-27,76.75,78.0,76.75,77.65,975,61035,0
FINNIFTY27MAR2525050PE.NFO,2025-03-25,10:25:00,2025-03-27,77.65,78.45,77.65,78.15,260,61035,0
FINNIFTY27MAR2525050PE.NFO,2025-03-25,10:26:00,2025-03-27,78.15,78.75,76.45,77.55,1300,61035,0
FINNIFTY27MAR2525050PE.NFO,2025-03-25,10:27:00,2025-03-27,77.55,78.6,74.3,74.55,4030,62400,0
FINNIFTY27MAR2525050PE.NFO,2025-03-25,10:28:00,2025-03-27,74.55,74.9,72.15,72.6,4095,62400,0
FINNIFTY27MAR2525050PE.NFO,2025-03-25,10:29:00,2025-03-27,72.6,76.3,72.6,76.05,260,62400,0
FINNIFTY27MAR2525050PE.NFO,2025-03-25,10:30:00,2025-03-27,76.05,77.65,75.3,77.4,2275,61945,0
FINNIFTY27MAR2525050PE.NFO,2025-03-25,10:31:00,2025-03-27,77.4,79.3,76.5,77.45,5265,61945,0
FINNIFTY27MAR2525050PE.NFO,2025-03-25,10:32:00,2025-03-27,77.45,77.45,74.3,74.75,2210,61945,0
FINNIFTY27MAR2525050PE.NFO,2025-03-25,10:33:00,2025-03-27,74.75,77.5,74.75,77.2,975,64025,0
FINNIFTY27MAR2525050PE.NFO,2025-03-25,10:34:00,2025-03-27,77.2,79.5,77.2,79.25,1430,64025,0
FINNIFTY27MAR2525050PE.NFO,2025-03-25,10:35:00,2025-03-27,79.25,82.3,79.25,79.8,3315,64025,0
FINNIFTY27MAR2525050PE.NFO,2025-03-25,10:36:00,2025-03-27,81.7,89.8,81.25,89.8,5265,64740,0
FINNIFTY27MAR2525050PE.NFO,2025-03-25,10:37:00,2025-03-27,89.9,96.9,89.1,95.1,8710,64740,0
FINNIFTY27MAR2525050PE.NFO,2025-03-25,10:38:00,2025-03-27,95.1,102.0,95.1,100.05,4420,64740,0
FINNIFTY27MAR2525050PE.NFO,2025-03-25,10:39:00,2025-03-27,100.05,103.15,91.2,91.2,4485,64025,0
FINNIFTY27MAR2525050PE.NFO,2025-03-25,10:40:00,2025-03-27,91.2,95.0,90.8,94.25,2145,64025,0
FINNIFTY27MAR2525050PE.NFO,2025-03-25,10:41:00,2025-03-27,93.15,95.0,92.05,94.0,2730,64025,0
FINNIFTY27MAR2525050PE.NFO,2025-03-25,10:42:00,2025-03-27,94.0,94.0,84.9,85.1,3185,63635,0
FINNIFTY27MAR2525050PE.NFO,2025-03-25,10:43:00,2025-03-27,85.1,85.1,77.65,78.55,4095,63635,0
FINNIFTY27MAR2525050PE.NFO,2025-03-25,10:44:00,2025-03-27,78.55,80.95,78.1,80.2,1170,63635,0
FINNIFTY27MAR2525050PE.NFO,2025-03-25,10:45:00,2025-03-27,80.2,85.05,78.4,83.45,975,63635,0
FINNIFTY27MAR2525050PE.NFO,2025-03-25,10:46:00,2025-03-27,83.45,85.7,83.1,85.55,845,63570,0
FINNIFTY27MAR2525050PE.NFO,2025-03-25,10:47:00,2025-03-27,85.55,85.55,82.85,82.85,975,63570,0
FINNIFTY27MAR2525050PE.NFO,2025-03-25,10:48:00,2025-03-27,82.85,84.75,79.0,79.55,2730,64090,0
FINNIFTY27MAR2525050PE.NFO,2025-03-25,10:49:00,2025-03-27,79.55,79.65,77.65,78.15,1495,64090,0
FINNIFTY27MAR2525050PE.NFO,2025-03-25,10:50:00,2025-03-27,78.15,78.25,75.0,78.25,2990,64090,0
FINNIFTY27MAR2525050PE.NFO,2025-03-25,10:51:00,2025-03-27,78.25,80.05,78.2,79.5,3120,64090,0
FINNIFTY27MAR2525050PE.NFO,2025-03-25,10:52:00,2025-03-27,79.5,81.25,77.85,80.75,5460,64610,0
FINNIFTY27MAR2525050PE.NFO,2025-03-25,10:53:00,2025-03-27,80.75,82.8,79.6,82.3,4290,64610,0
FINNIFTY27MAR2525050PE.NFO,2025-03-25,10:54:00,2025-03-27,82.75,82.75,80.3,81.5,2470,64610,0
FINNIFTY27MAR2525050PE.NFO,2025-03-25,10:55:00,2025-03-27,81.5,88.4,81.5,88.4,2860,66495,0
FINNIFTY27MAR2525050PE.NFO,2025-03-25,10:56:00,2025-03-27,88.4,89.6,86.35,88.6,6825,66495,0
FINNIFTY27MAR2525050PE.NFO,2025-03-25,10:57:00,2025-03-27,88.6,96.0,88.6,96.0,5070,66950,0
FINNIFTY27MAR2525050PE.NFO,2025-03-25,10:58:00,2025-03-27,96.0,99.3,93.0,93.0,2210,66950,0
FINNIFTY27MAR2525050PE.NFO,2025-03-25,10:59:00,2025-03-27,93.0,93.0,85.45,87.15,5330,66950,0
FINNIFTY27MAR2525050PE.NFO,2025-03-25,11:00:00,2025-03-27,87.15,92.15,87.15,91.65,1365,65975,0
FINNIFTY27MAR2525050PE.NFO,2025-03-25,11:01:00,2025-03-27,91.65,94.2,91.65,92.85,260,65975,0
FINNIFTY27MAR2525050PE.NFO,2025-03-25,11:02:00,2025-03-27,92.85,94.9,90.0,90.0,715,65975,0
FINNIFTY27MAR2525050PE.NFO,2025-03-25,11:03:00,2025-03-27,90.0,95.0,90.0,94.0,260,65975,0
FINNIFTY27MAR2525050PE.NFO,2025-03-25,11:04:00,2025-03-27,94.0,94.0,88.0,88.0,1755,66365,0
FINNIFTY27MAR2525050PE.NFO,2025-03-25,11:05:00,2025-03-27,88.0,88.0,81.0,81.0,3575,66365,0
FINNIFTY27MAR2525050PE.NFO,2025-03-25,11:06:00,2025-03-27,80.95,82.6,80.0,81.5,4160,66365,0
FINNIFTY27MAR2525050PE.NFO,2025-03-25,11:07:00,2025-03-27,81.5,84.75,81.5,83.85,3770,65390,0
FINNIFTY27MAR2525050PE.NFO,2025-03-25,11:08:00,2025-03-27,83.85,85.55,83.1,85.45,2730,65390,0
FINNIFTY27MAR2525050PE.NFO,2025-03-25,11:09:00,2025-03-27,85.45,91.8,85.45,90.9,4290,65390,0
FINNIFTY27MAR2525050PE.NFO,2025-03-25,11:10:00,2025-03-27,90.9,92.3,88.5,88.65,3770,65065,0
FINNIFTY27MAR2525050PE.NFO,2025-03-25,11:11:00,2025-03-27,88.65,88.65,85.1,85.1,2730,65065,0
FINNIFTY27MAR2525050PE.NFO,2025-03-25,11:12:00,2025-03-27,85.1,86.65,85.1,85.9,325,65065,0
FINNIFTY27MAR2525050PE.NFO,2025-03-25,11:13:00,2025-03-27,85.9,89.6,85.9,88.5,1170,64155,0
FINNIFTY27MAR2525050PE.NFO,2025-03-25,11:14:00,2025-03-27,88.5,89.4,87.6,88.05,1950,64155,0
FINNIFTY27MAR2525050PE.NFO,2025-03-25,11:15:00,2025-03-27,88.05,88.05,84.7,85.0,1105,64155,0
FINNIFTY27MAR2525050PE.NFO,2025-03-25,11:16:00,2025-03-27,85.0,85.4,82.95,82.95,520,64675,0
FINNIFTY27MAR2525050PE.NFO,2025-03-25,11:17:00,2025-03-27,82.95,88.45,82.95,88.45,650,64675,0
FINNIFTY27MAR2525050PE.NFO,2025-03-25,11:18:00,2025-03-27,88.45,93.3,88.45,92.0,1495,64675,0
FINNIFTY27MAR2525050PE.NFO,2025-03-25,11:19:00,2025-03-27,92.0,92.0,87.4,87.95,650,63765,0
FINNIFTY27MAR2525050PE.NFO,2025-03-25,11:20:00,2025-03-27,87.95,87.95,84.95,84.95,1885,63765,0
FINNIFTY27MAR2525050PE.NFO,2025-03-25,11:21:00,2025-03-27,84.95,90.15,84.85,90.15,715,63765,0
FINNIFTY27MAR2525050PE.NFO,2025-03-25,11:22:00,2025-03-27,90.15,93.75,90.0,92.2,1235,64090,0
FINNIFTY27MAR2525050PE.NFO,2025-03-25,11:23:00,2025-03-27,92.2,96.0,91.7,95.1,780,64090,0
FINNIFTY27MAR2525050PE.NFO,2025-03-25,11:24:00,2025-03-27,95.1,100.05,95.1,99.9,2795,64090,0
FINNIFTY27MAR2525050PE.NFO,2025-03-25,11:25:00,2025-03-27,99.9,100.6,96.0,98.1,4810,63895,0
FINNIFTY27MAR2525050PE.NFO,2025-03-25,11:26:00,2025-03-27,98.1,99.35,95.65,97.55,2210,63895,0
FINNIFTY27MAR2525050PE.NFO,2025-03-25,11:27:00,2025-03-27,97.55,97.55,94.6,96.15,1625,63895,0
FINNIFTY27MAR2525050PE.NFO,2025-03-25,11:28:00,2025-03-27,96.15,104.65,96.15,104.35,3770,64415,0
FINNIFTY27MAR2525050PE.NFO,2025-03-25,11:29:00,2025-03-27,104.35,106.0,100.0,100.15,4095,64415,0
FINNIFTY27MAR2525050PE.NFO,2025-03-25,11:30:00,2025-03-27,100.15,100.15,96.05,98.9,1885,64415,0
FINNIFTY27MAR2525050PE.NFO,2025-03-25,11:31:00,2025-03-27,98.9,101.1,98.0,98.0,1495,66105,0
FINNIFTY27MAR2525050PE.NFO,2025-03-25,11:32:00,2025-03-27,97.5,98.05,95.0,96.95,4680,66105,0
FINNIFTY27MAR2525050PE.NFO,2025-03-25,11:33:00,2025-03-27,97.2,97.2,91.8,91.8,12870,66105,0
FINNIFTY27MAR2525050PE.NFO,2025-03-25,11:34:00,2025-03-27,91.8,91.95,88.8,89.7,8515,74425,0
FINNIFTY27MAR2525050PE.NFO,2025-03-25,11:35:00,2025-03-27,89.7,93.75,88.45,93.75,2470,74425,0
FINNIFTY27MAR2525050PE.NFO,2025-03-25,11:36:00,2025-03-27,93.75,95.6,92.05,95.6,1950,74425,0
FINNIFTY27MAR2525050PE.NFO,2025-03-25,11:37:00,2025-03-27,95.6,97.45,93.65,96.85,7020,79560,0
FINNIFTY27MAR2525050PE.NFO,2025-03-25,11:38:00,2025-03-27,96.85,100.25,96.65,99.85,22295,79560,0
FINNIFTY27MAR2525050PE.NFO,2025-03-25,11:39:00,2025-03-27,99.85,106.35,98.7,106.35,6435,79560,0
FINNIFTY27MAR2525050PE.NFO,2025-03-25,11:40:00,2025-03-27,106.35,106.35,102.75,105.75,4680,73710,0
FINNIFTY27MAR2525050PE.NFO,2025-03-25,11:41:00,2025-03-27,106.0,112.4,103.65,112.4,6370,73710,0
FINNIFTY27MAR2525050PE.NFO,2025-03-25,11:42:00,2025-03-27,112.4,117.2,109.9,111.3,9555,73710,0
FINNIFTY27MAR2525050PE.NFO,2025-03-25,11:43:00,2025-03-27,111.1,122.55,110.9,118.85,8840,74685,0
FINNIFTY27MAR2525050PE.NFO,2025-03-25,11:44:00,2025-03-27,119.0,120.55,112.25,115.55,9360,74685,0
FINNIFTY27MAR2525050PE.NFO,2025-03-25,11:45:00,2025-03-27,112.35,113.75,100.75,101.1,7735,74685,0
FINNIFTY27MAR2525050PE.NFO,2025-03-25,11:46:00,2025-03-27,101.1,105.5,99.2,105.3,6175,73840,0
FINNIFTY27MAR2525050PE.NFO,2025-03-25,11:47:00,2025-03-27,105.3,107.0,103.9,107.0,585,73840,0
FINNIFTY27MAR2525050PE.NFO,2025-03-25,11:48:00,2025-03-27,107.0,107.0,103.95,104.05,975,73840,0
FINNIFTY27MAR2525050PE.NFO,2025-03-25,11:49:00,2025-03-27,104.05,105.5,101.6,105.5,6110,73580,0
FINNIFTY27MAR2525050PE.NFO,2025-03-25,11:50:00,2025-03-27,105.5,109.0,105.5,106.75,2730,73580,0
FINNIFTY27MAR2525050PE.NFO,2025-03-25,11:51:00,2025-03-27,107.7,109.7,102.65,103.15,7475,73580,0
FINNIFTY27MAR2525050PE.NFO,2025-03-25,11:52:00,2025-03-27,103.15,103.15,95.0,95.0,5915,74425,0
FINNIFTY27MAR2525050PE.NFO,2025-03-25,11:53:00,2025-03-27,95.0,95.0,90.05,91.1,11310,74425,0
FINNIFTY27MAR2525050PE.NFO,2025-03-25,11:54:00,2025-03-27,89.95,94.95,89.95,93.75,1430,74425,0
FINNIFTY27MAR2525050PE.NFO,2025-03-25,11:55:00,2025-03-27,93.75,94.4,92.6,93.5,1040,73255,0
FINNIFTY27MAR2525050PE.NFO,2025-03-25,11:56:00,2025-03-27,93.5,94.7,90.6,93.6,1495,73255,0
FINNIFTY27MAR2525050PE.NFO,2025-03-25,11:57:00,2025-03-27,93.6,96.2,91.9,91.9,2405,73255,0
FINNIFTY27MAR2525050PE.NFO,2025-03-25,11:58:00,2025-03-27,91.9,91.9,87.9,89.2,1625,73255,0
FINNIFTY27MAR2525050PE.NFO,2025-03-25,11:59:00,2025-03-27,89.2,90.0,83.55,83.55,2210,73255,0
FINNIFTY27MAR2525050PE.NFO,2025-03-25,12:00:00,2025-03-27,83.55,84.15,82.0,83.65,3835,73255,0
FINNIFTY27MAR2525050PE.NFO,2025-03-25,12:01:00,2025-03-27,83.65,85.15,83.3,85.15,1430,72865,0
FINNIFTY27MAR2525050PE.NFO,2025-03-25,12:02:00,2025-03-27,85.15,88.85,85.15,88.0,3120,72865,0
FINNIFTY27MAR2525050PE.NFO,2025-03-25,12:03:00,2025-03-27,88.0,91.9,88.0,91.9,4550,72865,0
FINNIFTY27MAR2525050PE.NFO,2025-03-25,12:04:00,2025-03-27,91.9,91.9,88.3,89.1,3315,73125,0
FINNIFTY27MAR2525050PE.NFO,2025-03-25,12:05:00,2025-03-27,89.1,90.7,87.65,90.7,1885,73125,0
FINNIFTY27MAR2525050PE.NFO,2025-03-25,12:06:00,2025-03-27,90.7,91.75,88.8,91.0,1885,73125,0
FINNIFTY27MAR2525050PE.NFO,2025-03-25,12:07:00,2025-03-27,91.0,91.0,85.2,87.05,3055,71500,0
FINNIFTY27MAR2525050PE.NFO,2025-03-25,12:08:00,2025-03-27,87.05,87.05,80.0,80.0,5005,71500,0
FINNIFTY27MAR2525050PE.NFO,2025-03-25,12:09:00,2025-03-27,79.95,81.9,79.3,81.4,1365,71500,0
FINNIFTY27MAR2525050PE.NFO,2025-03-25,12:10:00,2025-03-27,81.4,84.1,81.4,83.55,1495,70590,0
FINNIFTY27MAR2525050PE.NFO,2025-03-25,12:11:00,2025-03-27,83.55,89.6,83.55,89.6,2925,70590,0
FINNIFTY27MAR2525050PE.NFO,2025-03-25,12:12:00,2025-03-27,89.6,95.5,89.25,95.5,2535,70590,0
FINNIFTY27MAR2525050PE.NFO,2025-03-25,12:13:00,2025-03-27,95.5,95.5,92.45,94.2,455,70135,0
FINNIFTY27MAR2525050PE.NFO,2025-03-25,12:14:00,2025-03-27,95.0,95.0,91.0,92.6,3900,70135,0
FINNIFTY27MAR2525050PE.NFO,2025-03-25,12:15:00,2025-03-27,92.6,92.65,89.4,91.85,3510,70135,0
FINNIFTY27MAR2525050PE.NFO,2025-03-25,12:16:00,2025-03-27,91.85,93.05,91.7,93.05,1625,69290,0
FINNIFTY27MAR2525050PE.NFO,2025-03-25,12:17:00,2025-03-27,93.05,99.2,93.05,99.2,2405,69290,0
FINNIFTY27MAR2525050PE.NFO,2025-03-25,12:18:00,2025-03-27,99.2,108.0,99.2,108.0,2470,69290,0
FINNIFTY27MAR2525050PE.NFO,2025-03-25,12:19:00,2025-03-27,108.0,112.55,108.0,112.5,7150,69745,0
FINNIFTY27MAR2525050PE.NFO,2025-03-25,12:20:00,2025-03-27,112.5,124.6,112.1,123.1,8970,69745,0
FINNIFTY27MAR2525050PE.NFO,2025-03-25,12:21:00,2025-03-27,123.1,125.1,116.6,122.6,9360,69745,0
FINNIFTY27MAR2525050PE.NFO,2025-03-25,12:22:00,2025-03-27,122.6,122.6,109.05,109.25,6370,71370,0
FINNIFTY27MAR2525050PE.NFO,2025-03-25,12:23:00,2025-03-27,107.05,108.45,101.5,101.6,4810,71370,0
FINNIFTY27MAR2525050PE.NFO,2025-03-25,12:24:00,2025-03-27,101.75,105.6,100.0,100.0,7085,71370,0
FINNIFTY27MAR2525050PE.NFO,2025-03-25,12:25:00,2025-03-27,100.3,105.7,100.3,105.7,1495,74620,0
FINNIFTY27MAR2525050PE.NFO,2025-03-25,12:26:00,2025-03-27,105.7,109.55,105.7,109.55,1885,74620,0
FINNIFTY27MAR2525050PE.NFO,2025-03-25,12:27:00,2025-03-27,110.8,112.9,108.95,112.8,3575,74620,0
FINNIFTY27MAR2525050PE.NFO,2025-03-25,12:28:00,2025-03-27,112.8,112.8,106.75,109.0,2470,75270,0
FINNIFTY27MAR2525050PE.NFO,2025-03-25,12:29:00,2025-03-27,109.0,109.0,106.3,107.3,2340,75270,0
FINNIFTY27MAR2525050PE.NFO,2025-03-25,12:30:00,2025-03-27,107.3,107.3,102.9,102.9,585,75270,0
FINNIFTY27MAR2525050PE.NFO,2025-03-25,12:31:00,2025-03-27,102.9,102.9,99.25,101.35,3120,76050,0
FINNIFTY27MAR2525050PE.NFO,2025-03-25,12:32:00,2025-03-27,101.35,104.3,101.1,103.65,585,76050,0
FINNIFTY27MAR2525050PE.NFO,2025-03-25,12:33:00,2025-03-27,103.65,108.45,103.65,108.45,2275,76050,0
FINNIFTY27MAR2525050PE.NFO,2025-03-25,12:34:00,2025-03-27,108.45,114.4,108.45,114.15,1040,77025,0
FINNIFTY27MAR2525050PE.NFO,2025-03-25,12:35:00,2025-03-27,114.15,118.0,113.85,118.0,1885,77025,0
FINNIFTY27MAR2525050PE.NFO,2025-03-25,12:36:00,2025-03-27,118.0,118.0,111.5,111.5,2730,77025,0
FINNIFTY27MAR2525050PE.NFO,2025-03-25,12:37:00,2025-03-27,111.5,111.5,103.4,103.7,1885,76375,0
FINNIFTY27MAR2525050PE.NFO,2025-03-25,12:38:00,2025-03-27,103.7,105.25,103.7,105.0,1235,76375,0
FINNIFTY27MAR2525050PE.NFO,2025-03-25,12:39:00,2025-03-27,105.0,106.5,104.6,105.2,910,76375,0
FINNIFTY27MAR2525050PE.NFO,2025-03-25,12:40:00,2025-03-27,105.2,113.3,105.2,113.3,2405,75010,0
FINNIFTY27MAR2525050PE.NFO,2025-03-25,12:41:00,2025-03-27,113.3,114.15,111.55,111.6,1495,75010,0
FINNIFTY27MAR2525050PE.NFO,2025-03-25,12:42:00,2025-03-27,111.6,112.5,108.85,109.25,2405,75010,0
FINNIFTY27MAR2525050PE.NFO,2025-03-25,12:43:00,2025-03-27,110.5,110.5,107.1,107.45,1365,77415,0
FINNIFTY27MAR2525050PE.NFO,2025-03-25,12:44:00,2025-03-27,107.45,107.45,101.5,103.0,1625,77415,0
FINNIFTY27MAR2525050PE.NFO,2025-03-25,12:45:00,2025-03-27,103.0,107.3,102.2,107.3,1755,77415,0
FINNIFTY27MAR2525050PE.NFO,2025-03-25,12:46:00,2025-03-27,107.3,108.3,105.8,105.8,1300,76180,0
FINNIFTY27MAR2525050PE.NFO,2025-03-25,12:47:00,2025-03-27,105.55,107.05,102.85,106.6,2535,76180,0
FINNIFTY27MAR2525050PE.NFO,2025-03-25,12:48:00,2025-03-27,106.6,108.95,104.85,104.85,1820,76180,0
FINNIFTY27MAR2525050PE.NFO,2025-03-25,12:49:00,2025-03-27,104.85,106.55,104.85,105.75,715,76115,0
FINNIFTY27MAR2525050PE.NFO,2025-03-25,12:50:00,2025-03-27,105.75,106.05,105.0,106.05,520,76115,0
FINNIFTY27MAR2525050PE.NFO,2025-03-25,12:51:00,2025-03-27,106.05,108.95,106.05,108.2,390,76115,0
FINNIFTY27MAR2525050PE.NFO,2025-03-25,12:52:00,2025-03-27,108.2,110.95,105.8,110.95,910,75725,0
FINNIFTY27MAR2525050PE.NFO,2025-03-25,12:53:00,2025-03-27,111.0,113.45,110.6,113.25,3380,75725,0
FINNIFTY27MAR2525050PE.NFO,2025-03-25,12:54:00,2025-03-27,113.9,113.9,111.85,112.1,1820,75725,0
FINNIFTY27MAR2525050PE.NFO,2025-03-25,12:55:00,2025-03-27,112.1,112.1,109.55,110.25,2080,75985,0
FINNIFTY27MAR2525050PE.NFO,2025-03-25,12:56:00,2025-03-27,110.25,115.45,109.7,115.45,715,75985,0
FINNIFTY27MAR2525050PE.NFO,2025-03-25,12:57:00,2025-03-27,114.85,116.9,113.75,113.75,5330,75985,0
FINNIFTY27MAR2525050PE.NFO,2025-03-25,12:58:00,2025-03-27,113.75,114.65,111.6,113.95,3575,76635,0
FINNIFTY27MAR2525050PE.NFO,2025-03-25,12:59:00,2025-03-27,112.6,112.95,110.0,110.0,3510,76635,0
FINNIFTY27MAR2525050PE.NFO,2025-03-25,13:00:00,2025-03-27,110.0,111.45,106.7,106.8,2535,76635,0
FINNIFTY27MAR2525050PE.NFO,2025-03-25,13:01:00,2025-03-27,106.35,111.0,105.85,111.0,3250,82550,0
FINNIFTY27MAR2525050PE.NFO,2025-03-25,13:02:00,2025-03-27,111.0,114.2,110.0,110.15,1755,82550,0
FINNIFTY27MAR2525050PE.NFO,2025-03-25,13:03:00,2025-03-27,110.15,112.75,110.15,110.85,2600,82550,0
FINNIFTY27MAR2525050PE.NFO,2025-03-25,13:04:00,2025-03-27,110.85,110.85,108.0,108.0,5655,84760,0
FINNIFTY27MAR2525050PE.NFO,2025-03-25,13:05:00,2025-03-27,108.0,111.4,108.0,110.75,1430,84760,0
FINNIFTY27MAR2525050PE.NFO,2025-03-25,13:06:00,2025-03-27,110.75,111.5,106.65,106.65,3900,84760,0
FINNIFTY27MAR2525050PE.NFO,2025-03-25,13:07:00,2025-03-27,106.65,106.65,102.8,103.6,2340,86060,0
FINNIFTY27MAR2525050PE.NFO,2025-03-25,13:08:00,2025-03-27,102.0,103.55,101.4,102.75,1820,86060,0
FINNIFTY27MAR2525050PE.NFO,2025-03-25,13:09:00,2025-03-27,102.75,105.7,102.75,104.55,2535,86060,0
FINNIFTY27MAR2525050PE.NFO,2025-03-25,13:10:00,2025-03-27,104.55,105.05,103.3,104.2,1755,83980,0
FINNIFTY27MAR2525050PE.NFO,2025-03-25,13:11:00,2025-03-27,104.2,106.4,104.2,105.0,325,83980,0
FINNIFTY27MAR2525050PE.NFO,2025-03-25,13:12:00,2025-03-27,105.0,107.5,105.0,107.0,650,83980,0
FINNIFTY27MAR2525050PE.NFO,2025-03-25,13:13:00,2025-03-27,107.0,107.0,103.85,104.85,390,84110,0
FINNIFTY27MAR2525050PE.NFO,2025-03-25,13:14:00,2025-03-27,104.85,105.75,102.8,105.75,2340,84110,0
FINNIFTY27MAR2525050PE.NFO,2025-03-25,13:15:00,2025-03-27,105.75,108.75,105.1,108.75,2795,84110,0
FINNIFTY27MAR2525050PE.NFO,2025-03-25,13:16:00,2025-03-27,108.75,117.1,108.2,117.1,11310,85735,0
FINNIFTY27MAR2525050PE.NFO,2025-03-25,13:17:00,2025-03-27,117.1,126.25,115.7,123.2,14625,85735,0
FINNIFTY27MAR2525050PE.NFO,2025-03-25,13:18:00,2025-03-27,123.2,124.15,119.6,121.7,8580,85735,0
FINNIFTY27MAR2525050PE.NFO,2025-03-25,13:19:00,2025-03-27,121.7,126.4,121.0,126.4,4030,77740,0
FINNIFTY27MAR2525050PE.NFO,2025-03-25,13:20:00,2025-03-27,126.7,126.7,121.0,121.9,8515,77740,0
FINNIFTY27MAR2525050PE.NFO,2025-03-25,13:21:00,2025-03-27,121.9,122.15,117.3,117.4,4875,77740,0
FINNIFTY27MAR2525050PE.NFO,2025-03-25,13:22:00,2025-03-27,117.4,117.4,111.55,112.6,5720,83655,0
FINNIFTY27MAR2525050PE.NFO,2025-03-25,13:23:00,2025-03-27,112.05,112.05,107.4,108.9,16120,83655,0
FINNIFTY27MAR2525050PE.NFO,2025-03-25,13:24:00,2025-03-27,108.9,108.9,108.5,108.5,585,83655,0
FINNIFTY27MAR2525050PE.NFO,2025-03-25,13:25:00,2025-03-27,108.5,109.35,107.65,107.65,1755,77350,0
FINNIFTY27MAR2525050PE.NFO,2025-03-25,13:26:00,2025-03-27,107.65,109.9,106.85,109.9,3705,77350,0
FINNIFTY27MAR2525050PE.NFO,2025-03-25,13:27:00,2025-03-27,109.9,110.1,108.85,109.95,910,77350,0
FINNIFTY27MAR2525050PE.NFO,2025-03-25,13:28:00,2025-03-27,109.95,117.95,109.95,117.95,4875,77480,0
FINNIFTY27MAR2525050PE.NFO,2025-03-25,13:29:00,2025-03-27,117.95,120.15,116.4,119.4,3770,77480,0
FINNIFTY27MAR2525050PE.NFO,2025-03-25,13:30:00,2025-03-27,119.4,119.4,115.6,116.0,8060,77480,0
FINNIFTY27MAR2525050PE.NFO,2025-03-25,13:31:00,2025-03-27,116.0,116.0,110.0,110.0,2145,82095,0
FINNIFTY27MAR2525050PE.NFO,2025-03-25,13:32:00,2025-03-27,110.0,112.3,108.7,110.2,2015,82095,0
FINNIFTY27MAR2525050PE.NFO,2025-03-25,13:33:00,2025-03-27,110.2,110.2,108.9,110.2,585,82095,0
FINNIFTY27MAR2525050PE.NFO,2025-03-25,13:34:00,2025-03-27,110.2,110.2,107.4,108.8,1950,80405,0
FINNIFTY27MAR2525050PE.NFO,2025-03-25,13:35:00,2025-03-27,108.8,108.8,104.85,105.2,8255,80405,0
FINNIFTY27MAR2525050PE.NFO,2025-03-25,13:36:00,2025-03-27,105.35,105.35,102.05,102.25,3640,80405,0
FINNIFTY27MAR2525050PE.NFO,2025-03-25,13:37:00,2025-03-27,99.9,99.9,94.2,97.3,8710,76375,0
FINNIFTY27MAR2525050PE.NFO,2025-03-25,13:38:00,2025-03-27,97.3,98.5,97.3,98.1,2145,76375,0
FINNIFTY27MAR2525050PE.NFO,2025-03-25,13:39:00,2025-03-27,98.1,98.1,94.65,96.1,1300,76375,0
FINNIFTY27MAR2525050PE.NFO,2025-03-25,13:40:00,2025-03-27,96.1,96.3,95.4,96.15,1365,75595,0
FINNIFTY27MAR2525050PE.NFO,2025-03-25,13:41:00,2025-03-27,96.15,99.6,96.15,97.25,2080,75595,0
FINNIFTY27MAR2525050PE.NFO,2025-03-25,13:42:00,2025-03-27,97.25,101.85,97.1,100.6,3380,75595,0
FINNIFTY27MAR2525050PE.NFO,2025-03-25,13:43:00,2025-03-27,100.6,100.6,93.6,94.35,3315,75985,0
FINNIFTY27MAR2525050PE.NFO,2025-03-25,13:44:00,2025-03-27,94.35,96.3,94.0,95.05,1885,75985,0
FINNIFTY27MAR2525050PE.NFO,2025-03-25,13:45:00,2025-03-27,95.05,100.0,95.05,98.9,3575,75985,0
FINNIFTY27MAR2525050PE.NFO,2025-03-25,13:46:00,2025-03-27,98.9,100.2,96.6,99.25,4745,76570,0
FINNIFTY27MAR2525050PE.NFO,2025-03-25,13:47:00,2025-03-27,99.25,99.25,95.2,96.75,4160,76570,0
FINNIFTY27MAR2525050PE.NFO,2025-03-25,13:48:00,2025-03-27,96.75,96.75,90.8,91.6,3445,76570,0
FINNIFTY27MAR2525050PE.NFO,2025-03-25,13:49:00,2025-03-27,91.6,91.6,85.25,85.65,2340,77350,0
FINNIFTY27MAR2525050PE.NFO,2025-03-25,13:50:00,2025-03-27,85.65,86.4,82.95,85.6,5590,77350,0
FINNIFTY27MAR2525050PE.NFO,2025-03-25,13:51:00,2025-03-27,85.6,87.6,85.05,86.45,1755,77350,0
FINNIFTY27MAR2525050PE.NFO,2025-03-25,13:52:00,2025-03-27,86.45,91.9,86.45,91.9,1950,75985,0
FINNIFTY27MAR2525050PE.NFO,2025-03-25,13:53:00,2025-03-27,91.9,91.9,90.6,90.8,1300,75985,0
FINNIFTY27MAR2525050PE.NFO,2025-03-25,13:54:00,2025-03-27,90.8,91.75,89.9,91.15,2730,75985,0
FINNIFTY27MAR2525050PE.NFO,2025-03-25,13:55:00,2025-03-27,91.15,91.15,87.15,87.15,4680,77025,0
FINNIFTY27MAR2525050PE.NFO,2025-03-25,13:56:00,2025-03-27,87.15,87.5,85.95,86.3,2210,77025,0
FINNIFTY27MAR2525050PE.NFO,2025-03-25,13:57:00,2025-03-27,86.3,86.3,83.4,85.0,2535,77025,0
FINNIFTY27MAR2525050PE.NFO,2025-03-25,13:58:00,2025-03-27,85.0,86.85,84.8,86.15,1300,76960,0
FINNIFTY27MAR2525050PE.NFO,2025-03-25,13:59:00,2025-03-27,86.15,87.75,86.15,86.95,455,76960,0
FINNIFTY27MAR2525050PE.NFO,2025-03-25,14:00:00,2025-03-27,86.95,89.7,86.15,89.0,910,76960,0
FINNIFTY27MAR2525050PE.NFO,2025-03-25,14:01:00,2025-03-27,89.0,89.0,87.7,87.7,1820,76765,0
FINNIFTY27MAR2525050PE.NFO,2025-03-25,14:02:00,2025-03-27,87.7,92.65,87.7,91.95,5330,76765,0
FINNIFTY27MAR2525050PE.NFO,2025-03-25,14:03:00,2025-03-27,91.95,93.65,91.9,92.85,1560,76765,0
FINNIFTY27MAR2525050PE.NFO,2025-03-25,14:04:00,2025-03-27,92.85,92.85,90.0,90.1,1430,76960,0
FINNIFTY27MAR2525050PE.NFO,2025-03-25,14:05:00,2025-03-27,90.1,92.6,90.1,91.5,2340,76960,0
FINNIFTY27MAR2525050PE.NFO,2025-03-25,14:06:00,2025-03-27,91.5,91.5,88.1,88.95,715,76960,0
FINNIFTY27MAR2525050PE.NFO,2025-03-25,14:07:00,2025-03-27,88.95,89.5,87.2,87.2,3250,78260,0
FINNIFTY27MAR2525050PE.NFO,2025-03-25,14:08:00,2025-03-27,87.2,89.0,87.2,88.5,1235,78260,0
FINNIFTY27MAR2525050PE.NFO,2025-03-25,14:09:00,2025-03-27,88.5,89.65,86.95,86.95,2080,78260,0
FINNIFTY27MAR2525050PE.NFO,2025-03-25,14:10:00,2025-03-27,86.95,87.95,86.45,87.95,520,77545,0
FINNIFTY27MAR2525050PE.NFO,2025-03-25,14:11:00,2025-03-27,87.95,87.95,84.75,85.1,2470,77545,0
FINNIFTY27MAR2525050PE.NFO,2025-03-25,14:12:00,2025-03-27,85.1,85.1,79.05,79.2,3185,77545,0
FINNIFTY27MAR2525050PE.NFO,2025-03-25,14:13:00,2025-03-27,79.2,80.05,77.4,80.05,1755,76830,0
FINNIFTY27MAR2525050PE.NFO,2025-03-25,14:14:00,2025-03-27,80.05,80.65,78.5,78.5,1235,76830,0
FINNIFTY27MAR2525050PE.NFO,2025-03-25,14:15:00,2025-03-27,78.5,78.5,77.1,77.1,1495,76830,0
FINNIFTY27MAR2525050PE.NFO,2025-03-25,14:16:00,2025-03-27,77.1,80.6,77.1,80.6,1560,77545,0
FINNIFTY27MAR2525050PE.NFO,2025-03-25,14:17:00,2025-03-27,80.7,80.7,78.8,78.8,1690,77545,0
FINNIFTY27MAR2525050PE.NFO,2025-03-25,14:18:00,2025-03-27,78.8,82.4,78.8,81.4,2405,77545,0
FINNIFTY27MAR2525050PE.NFO,2025-03-25,14:19:00,2025-03-27,81.4,85.75,81.4,85.75,2340,77545,0
FINNIFTY27MAR2525050PE.NFO,2025-03-25,14:20:00,2025-03-27,86.15,86.8,83.05,86.65,2535,77545,0
FINNIFTY27MAR2525050PE.NFO,2025-03-25,14:21:00,2025-03-27,86.65,88.1,85.8,86.9,1820,77545,0
FINNIFTY27MAR2525050PE.NFO,2025-03-25,14:22:00,2025-03-27,86.9,87.15,85.7,85.9,585,82420,0
FINNIFTY27MAR2525050PE.NFO,2025-03-25,14:23:00,2025-03-27,85.9,85.9,82.25,83.45,1040,82420,0
FINNIFTY27MAR2525050PE.NFO,2025-03-25,14:24:00,2025-03-27,83.45,86.65,83.45,86.65,780,82420,0
FINNIFTY27MAR2525050PE.NFO,2025-03-25,14:25:00,2025-03-27,86.65,91.3,86.5,90.75,1885,82485,0
FINNIFTY27MAR2525050PE.NFO,2025-03-25,14:26:00,2025-03-27,90.75,92.2,88.1,88.1,4420,82485,0
FINNIFTY27MAR2525050PE.NFO,2025-03-25,14:27:00,2025-03-27,88.1,89.3,87.15,89.3,2145,82485,0
FINNIFTY27MAR2525050PE.NFO,2025-03-25,14:28:00,2025-03-27,89.3,92.0,88.3,92.0,1690,83915,0
FINNIFTY27MAR2525050PE.NFO,2025-03-25,14:29:00,2025-03-27,92.0,92.85,90.25,92.8,2145,83915,0
FINNIFTY27MAR2525050PE.NFO,2025-03-25,14:30:00,2025-03-27,92.8,93.4,91.0,91.0,1950,83915,0
FINNIFTY27MAR2525050PE.NFO,2025-03-25,14:31:00,2025-03-27,91.0,91.0,88.2,90.0,1430,85020,0
FINNIFTY27MAR2525050PE.NFO,2025-03-25,14:32:00,2025-03-27,90.0,90.75,89.25,89.25,1365,85020,0
FINNIFTY27MAR2525050PE.NFO,2025-03-25,14:33:00,2025-03-27,89.25,89.25,82.7,82.75,1430,85020,0
FINNIFTY27MAR2525050PE.NFO,2025-03-25,14:34:00,2025-03-27,82.75,82.9,79.3,79.3,1625,84435,0
FINNIFTY27MAR2525050PE.NFO,2025-03-25,14:35:00,2025-03-27,79.4,81.5,79.4,80.85,1300,84435,0
FINNIFTY27MAR2525050PE.NFO,2025-03-25,14:36:00,2025-03-27,80.85,84.8,80.85,84.8,845,84435,0
FINNIFTY27MAR2525050PE.NFO,2025-03-25,14:37:00,2025-03-27,84.8,84.8,83.25,83.25,260,84890,0
FINNIFTY27MAR2525050PE.NFO,2025-03-25,14:38:00,2025-03-27,83.25,85.1,83.25,83.85,585,84890,0
FINNIFTY27MAR2525050PE.NFO,2025-03-25,14:39:00,2025-03-27,83.85,84.05,83.5,84.05,1040,84890,0
FINNIFTY27MAR2525050PE.NFO,2025-03-25,14:40:00,2025-03-27,84.05,84.6,82.6,82.6,4550,85800,0
FINNIFTY27MAR2525050PE.NFO,2025-03-25,14:41:00,2025-03-27,82.6,83.75,81.85,83.5,2210,85800,0
FINNIFTY27MAR2525050PE.NFO,2025-03-25,14:42:00,2025-03-27,83.5,84.0,82.95,82.95,1690,85800,0
FINNIFTY27MAR2525050PE.NFO,2025-03-25,14:43:00,2025-03-27,82.95,85.2,82.75,82.85,3835,84370,0
FINNIFTY27MAR2525050PE.NFO,2025-03-25,14:44:00,2025-03-27,82.85,87.05,82.85,87.05,1690,84370,0
FINNIFTY27MAR2525050PE.NFO,2025-03-25,14:45:00,2025-03-27,87.05,89.75,87.0,89.75,2990,84370,0
FINNIFTY27MAR2525050PE.NFO,2025-03-25,14:46:00,2025-03-27,89.75,89.75,86.2,86.65,780,85215,0
FINNIFTY27MAR2525050PE.NFO,2025-03-25,14:47:00,2025-03-27,86.65,86.65,84.9,85.1,2925,85215,0
FINNIFTY27MAR2525050PE.NFO,2025-03-25,14:48:00,2025-03-27,84.45,85.3,83.95,85.0,1690,85215,0
FINNIFTY27MAR2525050PE.NFO,2025-03-25,14:49:00,2025-03-27,85.0,86.3,84.8,86.15,1365,84305,0
FINNIFTY27MAR2525050PE.NFO,2025-03-25,14:50:00,2025-03-27,86.15,86.3,85.55,85.55,585,84305,0
FINNIFTY27MAR2525050PE.NFO,2025-03-25,14:51:00,2025-03-27,85.55,88.0,84.9,88.0,585,84305,0
FINNIFTY27MAR2525050PE.NFO,2025-03-25,14:52:00,2025-03-27,88.0,91.35,88.0,91.35,3315,85280,0
FINNIFTY27MAR2525050PE.NFO,2025-03-25,14:53:00,2025-03-27,91.35,95.4,91.35,94.75,6825,85280,0
FINNIFTY27MAR2525050PE.NFO,2025-03-25,14:54:00,2025-03-27,94.75,98.9,94.75,98.9,3445,85280,0
FINNIFTY27MAR2525050PE.NFO,2025-03-25,14:55:00,2025-03-27,98.1,98.1,94.65,95.55,5200,85800,0
FINNIFTY27MAR2525050PE.NFO,2025-03-25,14:56:00,2025-03-27,95.55,95.65,92.95,93.55,2600,85800,0
FINNIFTY27MAR2525050PE.NFO,2025-03-25,14:57:00,2025-03-27,93.55,93.55,81.15,81.8,9360,85800,0
FINNIFTY27MAR2525050PE.NFO,2025-03-25,14:58:00,2025-03-27,81.4,87.35,81.4,87.35,2405,84500,0
FINNIFTY27MAR2525050PE.NFO,2025-03-25,14:59:00,2025-03-27,87.35,92.0,87.35,90.8,3120,84500,0
FINNIFTY27MAR2525050PE.NFO,2025-03-25,15:00:00,2025-03-27,90.7,90.7,85.3,87.1,7540,84500,0
FINNIFTY27MAR2525050PE.NFO,2025-03-25,15:01:00,2025-03-27,88.1,88.1,84.25,84.25,2405,84175,0
FINNIFTY27MAR2525050PE.NFO,2025-03-25,15:02:00,2025-03-27,84.25,85.85,83.5,83.5,1105,84175,0
FINNIFTY27MAR2525050PE.NFO,2025-03-25,15:03:00,2025-03-27,83.5,85.15,83.4,85.15,780,84175,0
FINNIFTY27MAR2525050PE.NFO,2025-03-25,15:04:00,2025-03-27,85.15,86.1,85.15,86.05,3445,85085,0
FINNIFTY27MAR2525050PE.NFO,2025-03-25,15:05:00,2025-03-27,86.05,88.45,84.9,87.2,1950,85085,0
FINNIFTY27MAR2525050PE.NFO,2025-03-25,15:06:00,2025-03-27,87.2,88.15,86.15,87.8,4485,85085,0
FINNIFTY27MAR2525050PE.NFO,2025-03-25,15:07:00,2025-03-27,87.8,89.75,87.65,89.35,2990,82225,0
FINNIFTY27MAR2525050PE.NFO,2025-03-25,15:08:00,2025-03-27,89.45,92.2,88.45,90.7,7865,82225,0
FINNIFTY27MAR2525050PE.NFO,2025-03-25,15:09:00,2025-03-27,90.7,92.65,90.0,90.0,4745,82225,0
FINNIFTY27MAR2525050PE.NFO,2025-03-25,15:10:00,2025-03-27,90.0,93.0,89.95,91.55,2990,79105,0
FINNIFTY27MAR2525050PE.NFO,2025-03-25,15:11:00,2025-03-27,91.55,94.45,91.55,94.45,3510,79105,0
FINNIFTY27MAR2525050PE.NFO,2025-03-25,15:12:00,2025-03-27,94.45,94.45,90.35,90.35,3705,79105,0
FINNIFTY27MAR2525050PE.NFO,2025-03-25,15:13:00,2025-03-27,90.35,92.55,90.35,92.5,1560,78130,0
FINNIFTY27MAR2525050PE.NFO,2025-03-25,15:14:00,2025-03-27,93.6,94.8,92.8,93.6,4485,78130,0
FINNIFTY27MAR2525050PE.NFO,2025-03-25,15:15:00,2025-03-27,94.35,96.8,91.15,96.5,8060,78130,0
FINNIFTY27MAR2525050PE.NFO,2025-03-25,15:16:00,2025-03-27,97.0,97.4,94.95,96.5,3510,73190,0
FINNIFTY27MAR2525050PE.NFO,2025-03-25,15:17:00,2025-03-27,96.5,99.0,96.5,98.5,2080,73190,0
FINNIFTY27MAR2525050PE.NFO,2025-03-25,15:18:00,2025-03-27,98.5,98.5,92.5,92.5,10465,73190,0
FINNIFTY27MAR2525050PE.NFO,2025-03-25,15:19:00,2025-03-27,91.8,93.0,91.75,91.9,2080,68510,0
FINNIFTY27MAR2525050PE.NFO,2025-03-25,15:20:00,2025-03-27,91.9,96.6,91.3,96.0,6175,68510,0
FINNIFTY27MAR2525050PE.NFO,2025-03-25,15:21:00,2025-03-27,96.2,97.95,94.75,95.0,7540,68510,0
FINNIFTY27MAR2525050PE.NFO,2025-03-25,15:22:00,2025-03-27,95.0,96.6,94.8,95.6,7800,60775,0
FINNIFTY27MAR2525050PE.NFO,2025-03-25,15:23:00,2025-03-27,95.6,99.0,95.2,97.4,3770,60775,0
FINNIFTY27MAR2525050PE.NFO,2025-03-25,15:24:00,2025-03-27,97.4,99.5,96.9,99.15,6565,60775,0
FINNIFTY27MAR2525050PE.NFO,2025-03-25,15:25:00,2025-03-27,99.15,105.0,99.15,103.65,2535,59280,0
FINNIFTY27MAR2525050PE.NFO,2025-03-25,15:26:00,2025-03-27,103.5,106.75,103.35,105.3,5135,59280,0
FINNIFTY27MAR2525050PE.NFO,2025-03-25,15:27:00,2025-03-27,105.3,111.45,105.3,110.9,8060,59280,0
FINNIFTY27MAR2525050PE.NFO,2025-03-25,15:28:00,2025-03-27,110.9,118.0,110.9,117.9,4615,59020,0
FINNIFTY27MAR2525050PE.NFO,2025-03-25,15:29:00,2025-03-27,117.9,120.0,115.3,116.55,5395,59020,0
FINNIFTY27MAR2525050PE.NFO,2025-03-25,15:30:00,2025-03-27,116.55,116.55,116.55,116.55,5395,59020,1
FINNIFTY27MAR2525050PE.NFO,2025-03-26,09:15:00,2025-03-27,89.95,103.3,83.05,99.1,23920,63440,0
FINNIFTY27MAR2525050PE.NFO,2025-03-26,09:16:00,2025-03-27,99.1,100.6,79.75,87.7,50895,63440,0
FINNIFTY27MAR2525050PE.NFO,2025-03-26,09:17:00,2025-03-27,87.8,94.45,84.8,92.75,18655,63440,0
FINNIFTY27MAR2525050PE.NFO,2025-03-26,09:18:00,2025-03-27,92.75,103.0,90.05,103.0,9685,70265,0
FINNIFTY27MAR2525050PE.NFO,2025-03-26,09:19:00,2025-03-27,103.0,103.0,94.65,94.65,20020,70265,0
FINNIFTY27MAR2525050PE.NFO,2025-03-26,09:20:00,2025-03-27,94.65,96.6,88.2,88.2,36205,70265,0
FINNIFTY27MAR2525050PE.NFO,2025-03-26,09:21:00,2025-03-27,88.55,105.25,88.55,103.55,10855,74165,0
FINNIFTY27MAR2525050PE.NFO,2025-03-26,09:22:00,2025-03-27,102.5,104.0,90.35,96.5,18265,74165,0
FINNIFTY27MAR2525050PE.NFO,2025-03-26,09:23:00,2025-03-27,97.1,101.4,94.55,96.5,16705,74165,0
FINNIFTY27MAR2525050PE.NFO,2025-03-26,09:24:00,2025-03-27,96.5,98.45,87.95,88.75,24960,89895,0
FINNIFTY27MAR2525050PE.NFO,2025-03-26,09:25:00,2025-03-27,89.2,91.5,83.75,89.45,20475,89895,0
FINNIFTY27MAR2525050PE.NFO,2025-03-26,09:26:00,2025-03-27,89.45,92.5,85.15,88.8,13715,89895,0
FINNIFTY27MAR2525050PE.NFO,2025-03-26,09:27:00,2025-03-27,88.8,89.4,85.05,86.4,7930,96980,0
FINNIFTY27MAR2525050PE.NFO,2025-03-26,09:28:00,2025-03-27,86.6,90.65,85.25,90.4,7280,96980,0
FINNIFTY27MAR2525050PE.NFO,2025-03-26,09:29:00,2025-03-27,90.4,100.2,90.25,95.0,27625,96980,0
FINNIFTY27MAR2525050PE.NFO,2025-03-26,09:30:00,2025-03-27,95.0,107.65,93.4,99.45,26715,99125,0
FINNIFTY27MAR2525050PE.NFO,2025-03-26,09:31:00,2025-03-27,99.45,99.45,83.4,94.8,33670,99125,0
FINNIFTY27MAR2525050PE.NFO,2025-03-26,09:32:00,2025-03-27,94.8,100.3,94.8,97.35,24440,99125,0
FINNIFTY27MAR2525050PE.NFO,2025-03-26,09:33:00,2025-03-27,98.0,106.2,96.8,103.0,20735,111475,0
FINNIFTY27MAR2525050PE.NFO,2025-03-26,09:34:00,2025-03-27,103.0,104.7,96.7,102.15,16120,111475,0
FINNIFTY27MAR2525050PE.NFO,2025-03-26,09:35:00,2025-03-27,102.15,109.8,100.5,108.05,35100,111475,0
FINNIFTY27MAR2525050PE.NFO,2025-03-26,09:36:00,2025-03-27,108.05,112.4,99.5,101.8,58760,126490,0
FINNIFTY27MAR2525050PE.NFO,2025-03-26,09:37:00,2025-03-27,102.8,104.2,93.35,100.8,28795,126490,0
FINNIFTY27MAR2525050PE.NFO,2025-03-26,09:38:00,2025-03-27,100.8,107.35,100.75,106.35,24375,126490,0
FINNIFTY27MAR2525050PE.NFO,2025-03-26,09:39:00,2025-03-27,106.35,109.35,104.1,108.7,26780,142610,0
FINNIFTY27MAR2525050PE.NFO,2025-03-26,09:40:00,2025-03-27,108.7,112.75,106.9,107.95,22295,142610,0
FINNIFTY27MAR2525050PE.NFO,2025-03-26,09:41:00,2025-03-27,108.95,108.95,103.65,103.65,15795,142610,0
FINNIFTY27MAR2525050PE.NFO,2025-03-26,09:42:00,2025-03-27,103.65,103.65,96.6,98.4,17940,149240,0
FINNIFTY27MAR2525050PE.NFO,2025-03-26,09:43:00,2025-03-27,98.4,102.9,95.3,100.15,16250,149240,0
FINNIFTY27MAR2525050PE.NFO,2025-03-26,09:44:00,2025-03-27,99.9,102.65,95.0,102.3,11310,149240,0
FINNIFTY27MAR2525050PE.NFO,2025-03-26,09:45:00,2025-03-27,102.65,116.0,102.15,111.0,45630,149045,0
FINNIFTY27MAR2525050PE.NFO,2025-03-26,09:46:00,2025-03-27,111.15,112.35,102.15,103.5,28990,149045,0
FINNIFTY27MAR2525050PE.NFO,2025-03-26,09:47:00,2025-03-27,103.5,103.8,97.95,99.95,24960,149045,0
FINNIFTY27MAR2525050PE.NFO,2025-03-26,09:48:00,2025-03-27,99.95,100.65,88.2,89.8,23205,153530,0
FINNIFTY27MAR2525050PE.NFO,2025-03-26,09:49:00,2025-03-27,89.8,90.95,86.9,90.55,24180,153530,0
FINNIFTY27MAR2525050PE.NFO,2025-03-26,09:50:00,2025-03-27,90.55,96.95,90.45,95.1,18590,153530,0
FINNIFTY27MAR2525050PE.NFO,2025-03-26,09:51:00,2025-03-27,95.1,99.0,89.55,93.15,20865,163865,0
FINNIFTY27MAR2525050PE.NFO,2025-03-26,09:52:00,2025-03-27,93.15,99.4,92.8,97.0,13780,163865,0
FINNIFTY27MAR2525050PE.NFO,2025-03-26,09:53:00,2025-03-27,97.0,103.75,95.75,99.35,14170,163865,0
FINNIFTY27MAR2525050PE.NFO,2025-03-26,09:54:00,2025-03-27,99.35,99.35,94.0,94.0,18265,161590,0
FINNIFTY27MAR2525050PE.NFO,2025-03-26,09:55:00,2025-03-27,94.0,95.2,87.15,93.0,19630,161590,0
FINNIFTY27MAR2525050PE.NFO,2025-03-26,09:56:00,2025-03-27,93.0,93.0,85.0,90.0,13260,161590,0
FINNIFTY27MAR2525050PE.NFO,2025-03-26,09:57:00,2025-03-27,90.0,92.8,85.05,86.0,14820,163800,0
FINNIFTY27MAR2525050PE.NFO,2025-03-26,09:58:00,2025-03-27,86.0,87.8,75.95,78.0,29445,163800,0
FINNIFTY27MAR2525050PE.NFO,2025-03-26,09:59:00,2025-03-27,77.55,83.45,77.55,82.75,10920,163800,0
FINNIFTY27MAR2525050PE.NFO,2025-03-26,10:00:00,2025-03-27,82.75,86.5,81.55,84.4,5915,161200,0
FINNIFTY27MAR2525050PE.NFO,2025-03-26,10:01:00,2025-03-27,84.4,91.0,84.3,90.25,13195,161200,0
FINNIFTY27MAR2525050PE.NFO,2025-03-26,10:02:00,2025-03-27,90.25,90.35,82.75,85.5,20735,161200,0
FINNIFTY27MAR2525050PE.NFO,2025-03-26,10:03:00,2025-03-27,85.5,85.5,80.0,82.55,8580,170105,0
FINNIFTY27MAR2525050PE.NFO,2025-03-26,10:04:00,2025-03-27,82.55,83.95,79.75,82.2,15535,170105,0
FINNIFTY27MAR2525050PE.NFO,2025-03-26,10:05:00,2025-03-27,82.2,90.0,81.6,90.0,14170,170105,0
FINNIFTY27MAR2525050PE.NFO,2025-03-26,10:06:00,2025-03-27,90.0,92.0,85.95,91.85,18395,165490,0
FINNIFTY27MAR2525050PE.NFO,2025-03-26,10:07:00,2025-03-27,91.85,95.0,86.5,87.0,17160,165490,0
FINNIFTY27MAR2525050PE.NFO,2025-03-26,10:08:00,2025-03-27,87.0,91.15,83.8,90.75,12090,165490,0
FINNIFTY27MAR2525050PE.NFO,2025-03-26,10:09:00,2025-03-27,89.35,89.35,85.0,85.8,8190,166660,0
FINNIFTY27MAR2525050PE.NFO,2025-03-26,10:10:00,2025-03-27,85.8,88.25,83.5,88.25,4615,166660,0
FINNIFTY27MAR2525050PE.NFO,2025-03-26,10:11:00,2025-03-27,88.25,91.7,85.5,86.15,8840,166660,0
FINNIFTY27MAR2525050PE.NFO,2025-03-26,10:12:00,2025-03-27,86.15,89.7,84.5,85.0,7800,168220,0
FINNIFTY27MAR2525050PE.NFO,2025-03-26,10:13:00,2025-03-27,84.7,85.05,80.55,83.05,10790,168220,0
FINNIFTY27MAR2525050PE.NFO,2025-03-26,10:14:00,2025-03-27,83.05,83.6,79.55,81.75,12545,168220,0
FINNIFTY27MAR2525050PE.NFO,2025-03-26,10:15:00,2025-03-27,81.75,86.75,79.5,86.5,8385,172185,0
FINNIFTY27MAR2525050PE.NFO,2025-03-26,10:16:00,2025-03-27,86.5,86.95,81.3,85.15,7995,172185,0
FINNIFTY27MAR2525050PE.NFO,2025-03-26,10:17:00,2025-03-27,85.15,85.15,78.95,79.75,8450,172185,0
FINNIFTY27MAR2525050PE.NFO,2025-03-26,10:18:00,2025-03-27,79.75,82.4,79.25,80.7,8060,171275,0
FINNIFTY27MAR2525050PE.NFO,2025-03-26,10:19:00,2025-03-27,80.7,80.7,75.3,76.2,12805,171275,0
FINNIFTY27MAR2525050PE.NFO,2025-03-26,10:20:00,2025-03-27,76.2,78.4,76.0,78.15,3250,171275,0
FINNIFTY27MAR2525050PE.NFO,2025-03-26,10:21:00,2025-03-27,78.15,82.5,77.0,77.0,5915,168610,0
FINNIFTY27MAR2525050PE.NFO,2025-03-26,10:22:00,2025-03-27,77.0,85.1,77.0,85.1,10855,168610,0
FINNIFTY27MAR2525050PE.NFO,2025-03-26,10:23:00,2025-03-27,85.35,86.25,83.25,85.15,9945,168610,0
FINNIFTY27MAR2525050PE.NFO,2025-03-26,10:24:00,2025-03-27,85.15,85.15,82.35,82.75,5200,169325,0
FINNIFTY27MAR2525050PE.NFO,2025-03-26,10:25:00,2025-03-27,82.75,84.8,81.0,81.0,8385,169325,0
FINNIFTY27MAR2525050PE.NFO,2025-03-26,10:26:00,2025-03-27,81.0,81.8,79.0,80.95,10790,169325,0
FINNIFTY27MAR2525050PE.NFO,2025-03-26,10:27:00,2025-03-27,80.95,82.1,77.25,79.05,6370,173355,0
FINNIFTY27MAR2525050PE.NFO,2025-03-26,10:28:00,2025-03-27,78.95,80.2,78.0,79.0,6045,173355,0
FINNIFTY27MAR2525050PE.NFO,2025-03-26,10:29:00,2025-03-27,79.75,83.95,77.05,83.95,11245,173355,0
FINNIFTY27MAR2525050PE.NFO,2025-03-26,10:30:00,2025-03-27,83.35,85.0,80.8,81.8,5980,171860,0
FINNIFTY27MAR2525050PE.NFO,2025-03-26,10:31:00,2025-03-27,81.8,82.55,78.65,81.9,4615,171860,0
FINNIFTY27MAR2525050PE.NFO,2025-03-26,10:32:00,2025-03-27,81.9,81.9,77.0,77.7,4810,171860,0
FINNIFTY27MAR2525050PE.NFO,2025-03-26,10:33:00,2025-03-27,77.7,78.8,74.6,75.5,7865,171470,0
FINNIFTY27MAR2525050PE.NFO,2025-03-26,10:34:00,2025-03-27,75.5,75.9,69.85,70.3,31850,171470,0
FINNIFTY27MAR2525050PE.NFO,2025-03-26,10:35:00,2025-03-27,70.3,71.4,64.8,66.95,28860,171470,0
FINNIFTY27MAR2525050PE.NFO,2025-03-26,10:36:00,2025-03-27,66.95,67.55,62.75,67.05,13910,167505,0
FINNIFTY27MAR2525050PE.NFO,2025-03-26,10:37:00,2025-03-27,67.05,69.35,67.05,68.25,7020,167505,0
FINNIFTY27MAR2525050PE.NFO,2025-03-26,10:38:00,2025-03-27,68.25,71.5,67.35,70.8,15015,167505,0
FINNIFTY27MAR2525050PE.NFO,2025-03-26,10:39:00,2025-03-27,70.8,77.8,70.8,76.2,11050,160485,0
FINNIFTY27MAR2525050PE.NFO,2025-03-26,10:40:00,2025-03-27,76.2,76.75,73.8,73.8,7800,160485,0
FINNIFTY27MAR2525050PE.NFO,2025-03-26,10:41:00,2025-03-27,73.8,80.25,73.05,79.0,9230,160485,0
FINNIFTY27MAR2525050PE.NFO,2025-03-26,10:42:00,2025-03-27,79.0,79.15,76.65,77.65,7930,159770,0
FINNIFTY27MAR2525050PE.NFO,2025-03-26,10:43:00,2025-03-27,77.65,77.65,75.0,77.65,6240,159770,0
FINNIFTY27MAR2525050PE.NFO,2025-03-26,10:44:00,2025-03-27,77.65,87.0,76.85,83.8,16185,159770,0
FINNIFTY27MAR2525050PE.NFO,2025-03-26,10:45:00,2025-03-27,83.8,83.8,78.35,80.35,13000,160875,0
FINNIFTY27MAR2525050PE.NFO,2025-03-26,10:46:00,2025-03-27,80.3,84.75,79.0,79.0,11115,160875,0
FINNIFTY27MAR2525050PE.NFO,2025-03-26,10:47:00,2025-03-27,79.0,81.55,77.65,81.55,6565,160875,0
FINNIFTY27MAR2525050PE.NFO,2025-03-26,10:48:00,2025-03-27,81.55,84.3,81.1,83.2,11700,160355,0
FINNIFTY27MAR2525050PE.NFO,2025-03-26,10:49:00,2025-03-27,83.2,88.05,81.75,87.0,14300,160355,0
FINNIFTY27MAR2525050PE.NFO,2025-03-26,10:50:00,2025-03-27,87.0,89.15,85.0,85.0,14495,160355,0
FINNIFTY27MAR2525050PE.NFO,2025-03-26,10:51:00,2025-03-27,85.0,86.15,82.45,83.6,12870,161330,0
FINNIFTY27MAR2525050PE.NFO,2025-03-26,10:52:00,2025-03-27,83.6,86.45,83.0,84.15,8905,161330,0
FINNIFTY27MAR2525050PE.NFO,2025-03-26,10:53:00,2025-03-27,84.15,86.25,83.7,84.55,7540,161330,0
FINNIFTY27MAR2525050PE.NFO,2025-03-26,10:54:00,2025-03-27,84.55,94.9,84.0,92.7,24375,158405,0
FINNIFTY27MAR2525050PE.NFO,2025-03-26,10:55:00,2025-03-27,92.7,98.7,90.55,94.55,22490,158405,0
FINNIFTY27MAR2525050PE.NFO,2025-03-26,10:56:00,2025-03-27,96.05,104.1,94.0,104.1,26585,158405,0
FINNIFTY27MAR2525050PE.NFO,2025-03-26,10:57:00,2025-03-27,104.1,111.75,103.35,108.5,50180,143520,0
FINNIFTY27MAR2525050PE.NFO,2025-03-26,10:58:00,2025-03-27,108.5,109.9,98.0,102.45,21255,143520,0
FINNIFTY27MAR2525050PE.NFO,2025-03-26,10:59:00,2025-03-27,102.45,103.7,100.0,101.5,11505,143520,0
FINNIFTY27MAR2525050PE.NFO,2025-03-26,11:00:00,2025-03-27,102.15,111.0,102.15,104.15,16055,147420,0
FINNIFTY27MAR2525050PE.NFO,2025-03-26,11:01:00,2025-03-27,104.15,110.0,103.45,107.0,8385,147420,0
FINNIFTY27MAR2525050PE.NFO,2025-03-26,11:02:00,2025-03-27,107.7,125.4,107.2,121.25,37765,147420,0
FINNIFTY27MAR2525050PE.NFO,2025-03-26,11:03:00,2025-03-27,123.1,135.0,118.0,119.0,45305,129935,0
FINNIFTY27MAR2525050PE.NFO,2025-03-26,11:04:00,2025-03-27,121.15,122.05,115.0,121.8,19305,129935,0
FINNIFTY27MAR2525050PE.NFO,2025-03-26,11:05:00,2025-03-27,122.75,127.3,118.45,121.1,13910,129935,0
FINNIFTY27MAR2525050PE.NFO,2025-03-26,11:06:00,2025-03-27,121.1,121.1,116.8,119.65,8320,129935,0
FINNIFTY27MAR2525050PE.NFO,2025-03-26,11:07:00,2025-03-27,119.65,119.7,112.1,116.0,10790,122785,0
FINNIFTY27MAR2525050PE.NFO,2025-03-26,11:08:00,2025-03-27,116.55,117.0,109.7,113.05,8645,122785,0
FINNIFTY27MAR2525050PE.NFO,2025-03-26,11:09:00,2025-03-27,113.05,118.0,111.9,111.9,8385,123110,0
FINNIFTY27MAR2525050PE.NFO,2025-03-26,11:10:00,2025-03-27,111.9,121.6,110.9,121.6,17290,123110,0
FINNIFTY27MAR2525050PE.NFO,2025-03-26,11:11:00,2025-03-27,121.6,124.8,117.3,124.5,14365,123110,0
FINNIFTY27MAR2525050PE.NFO,2025-03-26,11:12:00,2025-03-27,124.5,125.95,113.1,114.3,8970,123110,0
FINNIFTY27MAR2525050PE.NFO,2025-03-26,11:13:00,2025-03-27,114.4,117.35,112.25,115.85,8385,120575,0
FINNIFTY27MAR2525050PE.NFO,2025-03-26,11:14:00,2025-03-27,114.05,114.05,109.7,113.25,5655,120575,0
FINNIFTY27MAR2525050PE.NFO,2025-03-26,11:15:00,2025-03-27,113.25,113.25,103.9,108.0,18070,120575,0
FINNIFTY27MAR2525050PE.NFO,2025-03-26,11:16:00,2025-03-27,108.0,120.0,107.6,120.0,14105,121355,0
FINNIFTY27MAR2525050PE.NFO,2025-03-26,11:17:00,2025-03-27,120.0,122.15,114.2,115.4,11440,121355,0
FINNIFTY27MAR2525050PE.NFO,2025-03-26,11:18:00,2025-03-27,115.4,116.0,111.0,113.65,6110,121355,0
FINNIFTY27MAR2525050PE.NFO,2025-03-26,11:19:00,2025-03-27,113.65,121.45,113.65,121.2,5265,125450,0
FINNIFTY27MAR2525050PE.NFO,2025-03-26,11:20:00,2025-03-27,121.2,123.1,117.9,122.2,8450,125450,0
FINNIFTY27MAR2525050PE.NFO,2025-03-26,11:21:00,2025-03-27,124.2,126.6,119.35,119.35,9490,125450,0
FINNIFTY27MAR2525050PE.NFO,2025-03-26,11:22:00,2025-03-27,119.35,119.35,113.8,115.0,6630,123110,0
FINNIFTY27MAR2525050PE.NFO,2025-03-26,11:23:00,2025-03-27,115.0,120.4,113.0,120.4,5590,123110,0
FINNIFTY27MAR2525050PE.NFO,2025-03-26,11:24:00,2025-03-27,121.65,123.4,116.4,117.25,4940,123110,0
FINNIFTY27MAR2525050PE.NFO,2025-03-26,11:25:00,2025-03-27,117.25,122.85,116.95,120.0,5590,124085,0
FINNIFTY27MAR2525050PE.NFO,2025-03-26,11:26:00,2025-03-27,120.0,120.0,111.5,113.5,9165,124085,0
FINNIFTY27MAR2525050PE.NFO,2025-03-26,11:27:00,2025-03-27,113.5,114.2,107.0,107.25,9880,124085,0
FINNIFTY27MAR2525050PE.NFO,2025-03-26,11:28:00,2025-03-27,107.25,108.7,102.9,104.15,14365,125450,0
FINNIFTY27MAR2525050PE.NFO,2025-03-26,11:29:00,2025-03-27,105.35,110.2,105.3,106.95,6370,125450,0
FINNIFTY27MAR2525050PE.NFO,2025-03-26,11:30:00,2025-03-27,106.95,111.55,106.95,110.6,8710,125450,0
FINNIFTY27MAR2525050PE.NFO,2025-03-26,11:31:00,2025-03-27,110.6,113.0,103.55,106.3,7995,125385,0
FINNIFTY27MAR2525050PE.NFO,2025-03-26,11:32:00,2025-03-27,106.3,112.85,106.3,112.65,8125,125385,0
FINNIFTY27MAR2525050PE.NFO,2025-03-26,11:33:00,2025-03-27,113.0,118.1,111.3,116.85,11310,125385,0
FINNIFTY27MAR2525050PE.NFO,2025-03-26,11:34:00,2025-03-27,116.85,118.0,112.9,114.3,6240,122915,0
FINNIFTY27MAR2525050PE.NFO,2025-03-26,11:35:00,2025-03-27,114.3,120.75,113.0,113.85,11050,122915,0
FINNIFTY27MAR2525050PE.NFO,2025-03-26,11:36:00,2025-03-27,114.45,114.45,108.6,110.35,7735,122915,0
FINNIFTY27MAR2525050PE.NFO,2025-03-26,11:37:00,2025-03-27,110.35,114.65,109.1,114.55,3510,125060,0
FINNIFTY27MAR2525050PE.NFO,2025-03-26,11:38:00,2025-03-27,114.55,116.1,113.1,115.85,6695,125060,0
FINNIFTY27MAR2525050PE.NFO,2025-03-26,11:39:00,2025-03-27,115.85,124.0,115.85,123.75,9360,125060,0
FINNIFTY27MAR2525050PE.NFO,2025-03-26,11:40:00,2025-03-27,124.65,132.05,121.0,129.1,17030,121550,0
FINNIFTY27MAR2525050PE.NFO,2025-03-26,11:41:00,2025-03-27,129.1,140.65,126.9,129.0,21970,121550,0
FINNIFTY27MAR2525050PE.NFO,2025-03-26,11:42:00,2025-03-27,128.4,132.6,126.0,131.65,8255,121550,0
FINNIFTY27MAR2525050PE.NFO,2025-03-26,11:43:00,2025-03-27,131.65,134.0,124.0,127.0,11115,113945,0
FINNIFTY27MAR2525050PE.NFO,2025-03-26,11:44:00,2025-03-27,127.0,129.25,120.8,124.7,4550,113945,0
FINNIFTY27MAR2525050PE.NFO,2025-03-26,11:45:00,2025-03-27,124.7,132.85,124.7,128.65,11960,113945,0
FINNIFTY27MAR2525050PE.NFO,2025-03-26,11:46:00,2025-03-27,128.65,132.35,124.8,125.0,10985,112255,0
FINNIFTY27MAR2525050PE.NFO,2025-03-26,11:47:00,2025-03-27,125.0,127.35,122.1,126.0,4680,112255,0
FINNIFTY27MAR2525050PE.NFO,2025-03-26,11:48:00,2025-03-27,126.0,133.9,126.0,133.9,7280,112255,0
FINNIFTY27MAR2525050PE.NFO,2025-03-26,11:49:00,2025-03-27,133.9,133.9,126.25,133.5,5980,109525,0
FINNIFTY27MAR2525050PE.NFO,2025-03-26,11:50:00,2025-03-27,133.5,135.0,126.0,126.0,5525,109525,0
FINNIFTY27MAR2525050PE.NFO,2025-03-26,11:51:00,2025-03-27,126.0,137.4,125.6,136.75,11635,109525,0
FINNIFTY27MAR2525050PE.NFO,2025-03-26,11:52:00,2025-03-27,136.75,137.95,130.4,130.6,7800,106730,0
FINNIFTY27MAR2525050PE.NFO,2025-03-26,11:53:00,2025-03-27,130.4,130.4,126.0,126.65,2860,106730,0
FINNIFTY27MAR2525050PE.NFO,2025-03-26,11:54:00,2025-03-27,126.65,126.65,122.5,126.35,2730,106730,0
FINNIFTY27MAR2525050PE.NFO,2025-03-26,11:55:00,2025-03-27,126.4,131.65,126.1,131.65,3575,107510,0
FINNIFTY27MAR2525050PE.NFO,2025-03-26,11:56:00,2025-03-27,131.65,131.65,126.8,128.65,1430,107510,0
FINNIFTY27MAR2525050PE.NFO,2025-03-26,11:57:00,2025-03-27,128.65,132.55,127.0,130.55,2015,107510,0
FINNIFTY27MAR2525050PE.NFO,2025-03-26,11:58:00,2025-03-27,130.55,147.4,130.55,146.85,25415,106665,0
FINNIFTY27MAR2525050PE.NFO,2025-03-26,11:59:00,2025-03-27,147.3,156.2,142.8,154.8,18265,106665,0
FINNIFTY27MAR2525050PE.NFO,2025-03-26,12:00:00,2025-03-27,155.25,155.25,147.05,152.9,9360,106665,0
FINNIFTY27MAR2525050PE.NFO,2025-03-26,12:01:00,2025-03-27,152.9,155.8,145.5,154.05,6500,96980,0
FINNIFTY27MAR2525050PE.NFO,2025-03-26,12:02:00,2025-03-27,154.05,164.7,154.05,161.2,11115,96980,0
FINNIFTY27MAR2525050PE.NFO,2025-03-26,12:03:00,2025-03-27,161.2,165.0,153.85,157.2,5005,96980,0
FINNIFTY27MAR2525050PE.NFO,2025-03-26,12:04:00,2025-03-27,155.0,159.95,149.95,157.25,6760,93015,0
FINNIFTY27MAR2525050PE.NFO,2025-03-26,12:05:00,2025-03-27,157.25,159.45,149.15,151.65,5330,93015,0
FINNIFTY27MAR2525050PE.NFO,2025-03-26,12:06:00,2025-03-27,151.65,152.1,146.25,147.25,3705,93015,0
FINNIFTY27MAR2525050PE.NFO,2025-03-26,12:07:00,2025-03-27,147.25,151.45,147.25,148.15,1365,94055,0
FINNIFTY27MAR2525050PE.NFO,2025-03-26,12:08:00,2025-03-27,147.15,150.35,145.9,148.05,1755,94055,0
FINNIFTY27MAR2525050PE.NFO,2025-03-26,12:09:00,2025-03-27,148.05,156.3,146.75,146.75,4160,94055,0
FINNIFTY27MAR2525050PE.NFO,2025-03-26,12:10:00,2025-03-27,146.75,146.75,142.1,146.0,4615,93730,0
FINNIFTY27MAR2525050PE.NFO,2025-03-26,12:11:00,2025-03-27,146.0,154.3,146.0,152.1,3445,93730,0
FINNIFTY27MAR2525050PE.NFO,2025-03-26,12:12:00,2025-03-27,151.5,151.95,142.8,146.4,3120,93730,0
FINNIFTY27MAR2525050PE.NFO,2025-03-26,12:13:00,2025-03-27,146.4,146.65,138.0,139.3,3510,91195,0
FINNIFTY27MAR2525050PE.NFO,2025-03-26,12:14:00,2025-03-27,139.3,142.0,135.2,142.0,3705,91195,0
FINNIFTY27MAR2525050PE.NFO,2025-03-26,12:15:00,2025-03-27,142.0,150.0,142.0,149.85,4290,91195,0
FINNIFTY27MAR2525050PE.NFO,2025-03-26,12:16:00,2025-03-27,149.85,152.55,142.3,142.3,2080,89375,0
FINNIFTY27MAR2525050PE.NFO,2025-03-26,12:17:00,2025-03-27,142.3,150.35,142.3,150.35,455,89375,0
FINNIFTY27MAR2525050PE.NFO,2025-03-26,12:18:00,2025-03-27,150.35,154.1,149.1,154.1,2730,89375,0
FINNIFTY27MAR2525050PE.NFO,2025-03-26,12:19:00,2025-03-27,154.1,154.1,148.95,151.9,3575,90740,0
FINNIFTY27MAR2525050PE.NFO,2025-03-26,12:20:00,2025-03-27,151.9,159.2,149.6,159.1,2665,90740,0
FINNIFTY27MAR2525050PE.NFO,2025-03-26,12:21:00,2025-03-27,159.1,159.1,145.65,145.65,3705,90740,0
FINNIFTY27MAR2525050PE.NFO,2025-03-26,12:22:00,2025-03-27,145.65,148.65,145.65,147.0,1365,90870,0
FINNIFTY27MAR2525050PE.NFO,2025-03-26,12:23:00,2025-03-27,147.0,150.5,144.6,148.1,2535,90870,0
FINNIFTY27MAR2525050PE.NFO,2025-03-26,12:24:00,2025-03-27,148.1,148.1,143.25,143.25,910,90870,0
FINNIFTY27MAR2525050PE.NFO,2025-03-26,12:25:00,2025-03-27,143.25,154.15,143.25,151.95,1885,90090,0
FINNIFTY27MAR2525050PE.NFO,2025-03-26,12:26:00,2025-03-27,151.95,151.95,145.25,145.25,2925,90090,0
FINNIFTY27MAR2525050PE.NFO,2025-03-26,12:27:00,2025-03-27,145.25,145.25,141.5,144.1,780,90090,0
FINNIFTY27MAR2525050PE.NFO,2025-03-26,12:28:00,2025-03-27,144.1,146.65,144.1,145.3,780,90610,0
FINNIFTY27MAR2525050PE.NFO,2025-03-26,12:29:00,2025-03-27,145.3,150.15,145.3,149.65,715,90610,0
FINNIFTY27MAR2525050PE.NFO,2025-03-26,12:30:00,2025-03-27,152.75,153.8,150.15,150.4,2340,90610,0
FINNIFTY27MAR2525050PE.NFO,2025-03-26,12:31:00,2025-03-27,150.4,150.4,146.8,147.95,650,89245,0
FINNIFTY27MAR2525050PE.NFO,2025-03-26,12:32:00,2025-03-27,147.95,147.95,140.4,145.35,2600,89245,0
FINNIFTY27MAR2525050PE.NFO,2025-03-26,12:33:00,2025-03-27,145.35,148.0,143.35,143.35,1170,89245,0
FINNIFTY27MAR2525050PE.NFO,2025-03-26,12:34:00,2025-03-27,143.35,143.35,141.45,142.45,1170,89830,0
FINNIFTY27MAR2525050PE.NFO,2025-03-26,12:35:00,2025-03-27,142.45,143.65,140.75,142.35,5265,89830,0
FINNIFTY27MAR2525050PE.NFO,2025-03-26,12:36:00,2025-03-27,142.35,144.25,140.8,144.0,1300,89830,0
FINNIFTY27MAR2525050PE.NFO,2025-03-26,12:37:00,2025-03-27,144.0,146.15,142.6,144.0,1040,90805,0
FINNIFTY27MAR2525050PE.NFO,2025-03-26,12:38:00,2025-03-27,144.0,153.0,144.0,147.0,4875,90805,0
FINNIFTY27MAR2525050PE.NFO,2025-03-26,12:39:00,2025-03-27,147.0,151.0,144.9,151.0,715,90805,0
FINNIFTY27MAR2525050PE.NFO,2025-03-26,12:40:00,2025-03-27,151.0,157.65,150.2,154.65,4030,89310,0
FINNIFTY27MAR2525050PE.NFO,2025-03-26,12:41:00,2025-03-27,154.65,154.65,149.15,149.15,325,89310,0
FINNIFTY27MAR2525050PE.NFO,2025-03-26,12:42:00,2025-03-27,149.15,149.25,147.25,147.25,715,89310,0
FINNIFTY27MAR2525050PE.NFO,2025-03-26,12:43:00,2025-03-27,147.25,149.8,145.45,149.8,390,89310,0
FINNIFTY27MAR2525050PE.NFO,2025-03-26,12:44:00,2025-03-27,149.8,152.0,147.9,148.35,1430,89310,0
FINNIFTY27MAR2525050PE.NFO,2025-03-26,12:45:00,2025-03-27,148.35,148.65,146.1,146.7,2340,89310,0
FINNIFTY27MAR2525050PE.NFO,2025-03-26,12:46:00,2025-03-27,146.7,154.1,146.7,150.95,780,88075,0
FINNIFTY27MAR2525050PE.NFO,2025-03-26,12:47:00,2025-03-27,150.95,156.0,150.95,151.45,1365,88075,0
FINNIFTY27MAR2525050PE.NFO,2025-03-26,12:48:00,2025-03-27,151.45,151.45,137.75,137.75,2145,88075,0
FINNIFTY27MAR2525050PE.NFO,2025-03-26,12:49:00,2025-03-27,137.75,143.15,137.75,141.3,2275,89050,0
FINNIFTY27MAR2525050PE.NFO,2025-03-26,12:50:00,2025-03-27,141.3,145.7,141.3,145.05,1950,89050,0
FINNIFTY27MAR2525050PE.NFO,2025-03-26,12:51:00,2025-03-27,145.05,150.7,143.0,150.35,2470,89050,0
FINNIFTY27MAR2525050PE.NFO,2025-03-26,12:52:00,2025-03-27,150.35,151.05,145.05,145.05,845,85800,0
FINNIFTY27MAR2525050PE.NFO,2025-03-26,12:53:00,2025-03-27,145.05,145.05,145.05,145.05,0,85800,0
FINNIFTY27MAR2525050PE.NFO,2025-03-26,12:54:00,2025-03-27,145.05,149.2,145.05,148.0,1495,85800,0
FINNIFTY27MAR2525050PE.NFO,2025-03-26,12:55:00,2025-03-27,148.0,159.7,148.0,153.7,2015,85605,0
FINNIFTY27MAR2525050PE.NFO,2025-03-26,12:56:00,2025-03-27,153.7,154.35,151.55,151.55,4095,85605,0
FINNIFTY27MAR2525050PE.NFO,2025-03-26,12:57:00,2025-03-27,151.55,158.65,151.55,158.65,845,85605,0
FINNIFTY27MAR2525050PE.NFO,2025-03-26,12:58:00,2025-03-27,158.65,161.7,157.85,161.7,3185,85605,0
FINNIFTY27MAR2525050PE.NFO,2025-03-26,12:59:00,2025-03-27,161.25,162.35,158.1,160.4,3445,85605,0
FINNIFTY27MAR2525050PE.NFO,2025-03-26,13:00:00,2025-03-27,160.4,162.55,158.65,160.65,1235,85605,0
FINNIFTY27MAR2525050PE.NFO,2025-03-26,13:01:00,2025-03-27,160.65,164.5,160.0,164.5,1950,85670,0
FINNIFTY27MAR2525050PE.NFO,2025-03-26,13:02:00,2025-03-27,164.5,175.25,163.75,171.8,5005,85670,0
FINNIFTY27MAR2525050PE.NFO,2025-03-26,13:03:00,2025-03-27,171.8,180.0,169.25,173.4,7410,85670,0
FINNIFTY27MAR2525050PE.NFO,2025-03-26,13:04:00,2025-03-27,173.4,180.95,170.65,178.8,5655,84955,0
FINNIFTY27MAR2525050PE.NFO,2025-03-26,13:05:00,2025-03-27,185.7,207.55,183.5,205.35,13065,84955,0
FINNIFTY27MAR2525050PE.NFO,2025-03-26,13:06:00,2025-03-27,205.35,223.75,205.35,218.4,9880,84955,0
FINNIFTY27MAR2525050PE.NFO,2025-03-26,13:07:00,2025-03-27,218.95,221.95,214.65,218.95,2730,85735,0
FINNIFTY27MAR2525050PE.NFO,2025-03-26,13:08:00,2025-03-27,218.95,220.1,209.25,209.25,2275,85735,0
FINNIFTY27MAR2525050PE.NFO,2025-03-26,13:09:00,2025-03-27,209.25,220.0,209.25,219.5,2665,85735,0
FINNIFTY27MAR2525050PE.NFO,2025-03-26,13:10:00,2025-03-27,219.5,225.75,217.65,225.35,1820,82940,0
FINNIFTY27MAR2525050PE.NFO,2025-03-26,13:11:00,2025-03-27,225.35,225.35,215.8,216.7,910,82940,0
FINNIFTY27MAR2525050PE.NFO,2025-03-26,13:12:00,2025-03-27,216.7,216.7,206.35,206.35,3705,82940,0
FINNIFTY27MAR2525050PE.NFO,2025-03-26,13:13:00,2025-03-27,206.35,207.0,202.6,206.75,3250,81055,0
FINNIFTY27MAR2525050PE.NFO,2025-03-26,13:14:00,2025-03-27,206.75,210.0,204.6,207.9,455,81055,0
FINNIFTY27MAR2525050PE.NFO,2025-03-26,13:15:00,2025-03-27,207.9,212.85,207.9,212.5,1690,81055,0
FINNIFTY27MAR2525050PE.NFO,2025-03-26,13:16:00,2025-03-27,212.5,216.8,207.85,216.8,455,79300,0
FINNIFTY27MAR2525050PE.NFO,2025-03-26,13:17:00,2025-03-27,216.8,232.05,216.8,229.45,2795,79300,0
FINNIFTY27MAR2525050PE.NFO,2025-03-26,13:18:00,2025-03-27,229.45,249.5,229.45,248.2,2860,79300,0
FINNIFTY27MAR2525050PE.NFO,2025-03-26,13:19:00,2025-03-27,248.2,250.65,237.05,241.5,2340,78455,0
FINNIFTY27MAR2525050PE.NFO,2025-03-26,13:20:00,2025-03-27,241.5,241.5,230.95,232.1,1170,78455,0
FINNIFTY27MAR2525050PE.NFO,2025-03-26,13:21:00,2025-03-27,232.1,232.1,213.15,214.9,1560,78455,0
FINNIFTY27MAR2525050PE.NFO,2025-03-26,13:22:00,2025-03-27,214.9,221.45,214.9,220.75,3575,76180,0
FINNIFTY27MAR2525050PE.NFO,2025-03-26,13:23:00,2025-03-27,220.75,225.3,220.75,225.3,780,76180,0
FINNIFTY27MAR2525050PE.NFO,2025-03-26,13:24:00,2025-03-27,225.3,225.45,214.95,214.95,390,76180,0
FINNIFTY27MAR2525050PE.NFO,2025-03-26,13:25:00,2025-03-27,214.95,214.95,207.35,207.35,260,74945,0
FINNIFTY27MAR2525050PE.NFO,2025-03-26,13:26:00,2025-03-27,207.35,219.25,207.35,216.75,260,74945,0
FINNIFTY27MAR2525050PE.NFO,2025-03-26,13:27:00,2025-03-27,216.75,216.75,211.05,211.05,260,74945,0
FINNIFTY27MAR2525050PE.NFO,2025-03-26,13:28:00,2025-03-27,211.05,218.05,211.05,218.0,325,74815,0
FINNIFTY27MAR2525050PE.NFO,2025-03-26,13:29:00,2025-03-27,218.0,220.9,215.0,215.5,1430,74815,0
FINNIFTY27MAR2525050PE.NFO,2025-03-26,13:30:00,2025-03-27,219.6,222.0,215.0,215.0,1235,74815,0
FINNIFTY27MAR2525050PE.NFO,2025-03-26,13:31:00,2025-03-27,215.0,218.3,214.45,218.3,130,75920,0
FINNIFTY27MAR2525050PE.NFO,2025-03-26,13:32:00,2025-03-27,218.3,225.0,218.3,219.9,1300,75920,0
FINNIFTY27MAR2525050PE.NFO,2025-03-26,13:33:00,2025-03-27,219.9,226.0,217.65,224.2,1690,75920,0
FINNIFTY27MAR2525050PE.NFO,2025-03-26,13:34:00,2025-03-27,224.2,230.0,224.2,228.2,1105,75465,0
FINNIFTY27MAR2525050PE.NFO,2025-03-26,13:35:00,2025-03-27,228.2,232.1,228.0,229.8,1235,75465,0
FINNIFTY27MAR2525050PE.NFO,2025-03-26,13:36:00,2025-03-27,229.8,233.15,223.9,228.05,4680,75465,0
FINNIFTY27MAR2525050PE.NFO,2025-03-26,13:37:00,2025-03-27,228.05,228.05,226.85,226.85,65,75465,0
FINNIFTY27MAR2525050PE.NFO,2025-03-26,13:38:00,2025-03-27,226.85,226.85,217.85,217.85,195,72085,0
FINNIFTY27MAR2525050PE.NFO,2025-03-26,13:39:00,2025-03-27,217.85,217.85,217.85,217.85,0,72085,0
FINNIFTY27MAR2525050PE.NFO,2025-03-26,13:40:00,2025-03-27,217.85,225.6,217.85,225.6,195,72150,0
FINNIFTY27MAR2525050PE.NFO,2025-03-26,13:41:00,2025-03-27,225.6,225.6,219.85,222.6,260,72150,0
FINNIFTY27MAR2525050PE.NFO,2025-03-26,13:42:00,2025-03-27,222.6,236.05,222.6,230.8,1040,72150,0
FINNIFTY27MAR2525050PE.NFO,2025-03-26,13:43:00,2025-03-27,230.8,230.8,230.8,230.8,0,72150,0
FINNIFTY27MAR2525050PE.NFO,2025-03-26,13:44:00,2025-03-27,230.8,233.7,225.35,233.7,1170,71890,0
FINNIFTY27MAR2525050PE.NFO,2025-03-26,13:45:00,2025-03-27,233.7,235.95,228.25,228.25,650,71890,0
FINNIFTY27MAR2525050PE.NFO,2025-03-26,13:46:00,2025-03-27,228.25,233.2,228.05,232.8,780,71630,0
FINNIFTY27MAR2525050PE.NFO,2025-03-26,13:47:00,2025-03-27,232.8,232.8,228.95,228.95,65,71630,0
FINNIFTY27MAR2525050PE.NFO,2025-03-26,13:48:00,2025-03-27,228.95,233.0,225.7,233.0,650,71630,0
FINNIFTY27MAR2525050PE.NFO,2025-03-26,13:49:00,2025-03-27,236.0,242.0,236.0,242.0,1820,71435,0
FINNIFTY27MAR2525050PE.NFO,2025-03-26,13:50:00,2025-03-27,246.0,246.0,236.5,239.15,650,71435,0
FINNIFTY27MAR2525050PE.NFO,2025-03-26,13:51:00,2025-03-27,239.15,239.15,230.9,231.35,1105,71435,0
FINNIFTY27MAR2525050PE.NFO,2025-03-26,13:52:00,2025-03-27,231.35,231.35,219.0,219.4,1950,70460,0
FINNIFTY27MAR2525050PE.NFO,2025-03-26,13:53:00,2025-03-27,219.4,222.05,219.1,222.05,650,70460,0
FINNIFTY27MAR2525050PE.NFO,2025-03-26,13:54:00,2025-03-27,222.05,222.05,215.0,220.15,2275,70460,0
FINNIFTY27MAR2525050PE.NFO,2025-03-26,13:55:00,2025-03-27,220.15,221.85,210.6,210.6,195,71500,0
FINNIFTY27MAR2525050PE.NFO,2025-03-26,13:56:00,2025-03-27,210.6,217.8,210.6,217.8,390,71500,0
FINNIFTY27MAR2525050PE.NFO,2025-03-26,13:57:00,2025-03-27,218.7,230.0,218.7,221.2,2730,71500,0
FINNIFTY27MAR2525050PE.NFO,2025-03-26,13:58:00,2025-03-27,221.2,221.2,215.65,217.6,260,70525,0
FINNIFTY27MAR2525050PE.NFO,2025-03-26,13:59:00,2025-03-27,217.6,217.7,211.0,212.2,1560,70525,0
FINNIFTY27MAR2525050PE.NFO,2025-03-26,14:00:00,2025-03-27,212.2,212.2,207.4,207.9,650,70525,0
FINNIFTY27MAR2525050PE.NFO,2025-03-26,14:01:00,2025-03-27,207.9,218.0,207.9,212.0,1365,71630,0
FINNIFTY27MAR2525050PE.NFO,2025-03-26,14:02:00,2025-03-27,212.0,224.0,212.0,223.6,3185,71630,0
FINNIFTY27MAR2525050PE.NFO,2025-03-26,14:03:00,2025-03-27,223.6,223.6,207.85,209.3,780,71630,0
FINNIFTY27MAR2525050PE.NFO,2025-03-26,14:04:00,2025-03-27,209.3,209.4,203.85,206.8,1495,71435,0
FINNIFTY27MAR2525050PE.NFO,2025-03-26,14:05:00,2025-03-27,206.8,206.8,197.6,197.6,1625,71435,0
FINNIFTY27MAR2525050PE.NFO,2025-03-26,14:06:00,2025-03-27,197.6,203.55,197.6,203.55,390,71435,0
FINNIFTY27MAR2525050PE.NFO,2025-03-26,14:07:00,2025-03-27,203.55,210.8,203.55,210.8,780,72540,0
FINNIFTY27MAR2525050PE.NFO,2025-03-26,14:08:00,2025-03-27,210.8,210.8,203.05,203.05,520,72540,0
FINNIFTY27MAR2525050PE.NFO,2025-03-26,14:09:00,2025-03-27,203.05,204.85,203.05,204.85,195,72540,0
FINNIFTY27MAR2525050PE.NFO,2025-03-26,14:10:00,2025-03-27,204.85,208.7,204.85,208.7,1365,73450,0
FINNIFTY27MAR2525050PE.NFO,2025-03-26,14:11:00,2025-03-27,208.7,218.0,208.6,216.7,1300,73450,0
FINNIFTY27MAR2525050PE.NFO,2025-03-26,14:12:00,2025-03-27,216.7,216.7,210.85,210.85,1365,73450,0
FINNIFTY27MAR2525050PE.NFO,2025-03-26,14:13:00,2025-03-27,210.85,214.0,210.85,214.0,65,71565,0
FINNIFTY27MAR2525050PE.NFO,2025-03-26,14:14:00,2025-03-27,214.0,215.55,212.1,212.1,390,71565,0
FINNIFTY27MAR2525050PE.NFO,2025-03-26,14:15:00,2025-03-27,212.1,215.65,212.1,215.65,325,71565,0
FINNIFTY27MAR2525050PE.NFO,2025-03-26,14:16:00,2025-03-27,215.65,215.65,200.7,200.7,2340,72280,0
FINNIFTY27MAR2525050PE.NFO,2025-03-26,14:17:00,2025-03-27,199.35,209.95,199.35,209.95,1300,72280,0
FINNIFTY27MAR2525050PE.NFO,2025-03-26,14:18:00,2025-03-27,209.95,226.0,209.95,226.0,1885,72280,0
FINNIFTY27MAR2525050PE.NFO,2025-03-26,14:19:00,2025-03-27,225.15,230.0,222.7,230.0,2145,72085,0
FINNIFTY27MAR2525050PE.NFO,2025-03-26,14:20:00,2025-03-27,230.0,230.0,224.7,226.75,3835,72085,0
FINNIFTY27MAR2525050PE.NFO,2025-03-26,14:21:00,2025-03-27,226.75,226.75,215.0,215.0,4095,72085,0
FINNIFTY27MAR2525050PE.NFO,2025-03-26,14:22:00,2025-03-27,215.0,218.3,213.0,214.4,3445,76375,0
FINNIFTY27MAR2525050PE.NFO,2025-03-26,14:23:00,2025-03-27,214.4,214.4,208.8,212.05,1040,76375,0
FINNIFTY27MAR2525050PE.NFO,2025-03-26,14:24:00,2025-03-27,208.0,208.0,208.0,208.0,780,76375,0
FINNIFTY27MAR2525050PE.NFO,2025-03-26,14:25:00,2025-03-27,208.0,211.7,205.1,211.7,1495,79105,0
FINNIFTY27MAR2525050PE.NFO,2025-03-26,14:26:00,2025-03-27,211.7,211.7,205.25,205.25,65,79105,0
FINNIFTY27MAR2525050PE.NFO,2025-03-26,14:27:00,2025-03-27,205.25,208.25,204.45,208.25,455,79105,0
FINNIFTY27MAR2525050PE.NFO,2025-03-26,14:28:00,2025-03-27,208.25,208.25,197.85,199.45,1235,78780,0
FINNIFTY27MAR2525050PE.NFO,2025-03-26,14:29:00,2025-03-27,199.45,202.6,199.45,201.25,2145,78780,0
FINNIFTY27MAR2525050PE.NFO,2025-03-26,14:30:00,2025-03-27,201.25,221.45,201.25,218.6,585,78780,0
FINNIFTY27MAR2525050PE.NFO,2025-03-26,14:31:00,2025-03-27,218.8,225.3,215.95,215.95,3055,75855,0
FINNIFTY27MAR2525050PE.NFO,2025-03-26,14:32:00,2025-03-27,215.95,215.95,215.65,215.65,65,75855,0
FINNIFTY27MAR2525050PE.NFO,2025-03-26,14:33:00,2025-03-27,215.65,215.65,215.65,215.65,0,75855,0
FINNIFTY27MAR2525050PE.NFO,2025-03-26,14:34:00,2025-03-27,215.65,223.3,215.65,217.2,1625,74685,0
FINNIFTY27MAR2525050PE.NFO,2025-03-26,14:35:00,2025-03-27,221.55,224.35,220.45,223.05,1560,74685,0
FINNIFTY27MAR2525050PE.NFO,2025-03-26,14:36:00,2025-03-27,223.05,226.5,220.15,220.15,1040,74685,0
FINNIFTY27MAR2525050PE.NFO,2025-03-26,14:37:00,2025-03-27,220.15,220.15,216.0,217.6,2145,73580,0
FINNIFTY27MAR2525050PE.NFO,2025-03-26,14:38:00,2025-03-27,217.6,217.6,217.6,217.6,0,73580,0
FINNIFTY27MAR2525050PE.NFO,2025-03-26,14:39:00,2025-03-27,217.6,217.6,210.8,211.15,260,73580,0
FINNIFTY27MAR2525050PE.NFO,2025-03-26,14:40:00,2025-03-27,211.15,211.15,208.6,210.7,1430,75075,0
FINNIFTY27MAR2525050PE.NFO,2025-03-26,14:41:00,2025-03-27,210.7,213.85,210.7,213.85,65,75075,0
FINNIFTY27MAR2525050PE.NFO,2025-03-26,14:42:00,2025-03-27,213.85,222.0,213.85,222.0,650,75075,0
FINNIFTY27MAR2525050PE.NFO,2025-03-26,14:43:00,2025-03-27,222.0,225.15,221.5,224.55,2470,74360,0
FINNIFTY27MAR2525050PE.NFO,2025-03-26,14:44:00,2025-03-27,226.5,226.5,222.5,224.6,780,74360,0
FINNIFTY27MAR2525050PE.NFO,2025-03-26,14:45:00,2025-03-27,224.6,224.6,222.5,224.6,260,74360,0
FINNIFTY27MAR2525050PE.NFO,2025-03-26,14:46:00,2025-03-27,224.6,224.6,224.6,224.6,0,74360,0
FINNIFTY27MAR2525050PE.NFO,2025-03-26,14:47:00,2025-03-27,224.6,224.6,213.2,213.2,1495,72800,0
FINNIFTY27MAR2525050PE.NFO,2025-03-26,14:48:00,2025-03-27,213.2,216.25,210.95,215.85,585,72800,0
FINNIFTY27MAR2525050PE.NFO,2025-03-26,14:49:00,2025-03-27,215.85,215.85,213.5,213.5,130,73710,0
FINNIFTY27MAR2525050PE.NFO,2025-03-26,14:50:00,2025-03-27,213.5,230.0,213.5,229.2,390,73710,0
FINNIFTY27MAR2525050PE.NFO,2025-03-26,14:51:00,2025-03-27,229.2,235.0,228.85,234.3,3315,73710,0
FINNIFTY27MAR2525050PE.NFO,2025-03-26,14:52:00,2025-03-27,234.3,234.3,230.35,231.95,845,70850,0
FINNIFTY27MAR2525050PE.NFO,2025-03-26,14:53:00,2025-03-27,231.95,241.55,231.95,239.4,4095,70850,0
FINNIFTY27MAR2525050PE.NFO,2025-03-26,14:54:00,2025-03-27,239.4,242.5,237.75,242.5,845,70850,0
FINNIFTY27MAR2525050PE.NFO,2025-03-26,14:55:00,2025-03-27,242.5,242.5,235.3,242.0,2730,70850,0
FINNIFTY27MAR2525050PE.NFO,2025-03-26,14:56:00,2025-03-27,242.0,242.95,233.65,233.65,1300,68315,0
FINNIFTY27MAR2525050PE.NFO,2025-03-26,14:57:00,2025-03-27,233.65,246.4,233.65,246.4,2405,68315,0
FINNIFTY27MAR2525050PE.NFO,2025-03-26,14:58:00,2025-03-27,246.4,257.2,246.4,252.45,2730,66820,0
FINNIFTY27MAR2525050PE.NFO,2025-03-26,14:59:00,2025-03-27,252.45,252.45,230.3,230.3,2210,66820,0
FINNIFTY27MAR2525050PE.NFO,2025-03-26,15:00:00,2025-03-27,229.0,242.25,224.25,242.25,5265,66820,0
FINNIFTY27MAR2525050PE.NFO,2025-03-26,15:01:00,2025-03-27,242.25,242.25,234.35,235.65,2210,66820,0
FINNIFTY27MAR2525050PE.NFO,2025-03-26,15:02:00,2025-03-27,235.65,251.05,235.65,237.8,845,62660,0
FINNIFTY27MAR2525050PE.NFO,2025-03-26,15:03:00,2025-03-27,234.55,234.55,234.55,234.55,130,62660,0
FINNIFTY27MAR2525050PE.NFO,2025-03-26,15:04:00,2025-03-27,230.0,231.65,226.45,228.4,1040,62400,0
FINNIFTY27MAR2525050PE.NFO,2025-03-26,15:05:00,2025-03-27,228.4,234.55,228.4,231.95,1235,62400,0
FINNIFTY27MAR2525050PE.NFO,2025-03-26,15:06:00,2025-03-27,231.95,237.9,226.45,226.45,1040,62400,0
FINNIFTY27MAR2525050PE.NFO,2025-03-26,15:07:00,2025-03-27,226.45,226.45,221.55,221.55,715,63180,0
FINNIFTY27MAR2525050PE.NFO,2025-03-26,15:08:00,2025-03-27,220.05,226.8,220.05,225.05,1430,63180,0
FINNIFTY27MAR2525050PE.NFO,2025-03-26,15:09:00,2025-03-27,225.05,225.05,215.0,215.0,260,63180,0
FINNIFTY27MAR2525050PE.NFO,2025-03-26,15:10:00,2025-03-27,215.0,218.4,200.7,200.7,1105,63180,0
FINNIFTY27MAR2525050PE.NFO,2025-03-26,15:11:00,2025-03-27,200.7,208.15,194.55,205.85,2795,63180,0
FINNIFTY27MAR2525050PE.NFO,2025-03-26,15:12:00,2025-03-27,205.85,210.8,205.85,206.75,1235,63180,0
FINNIFTY27MAR2525050PE.NFO,2025-03-26,15:13:00,2025-03-27,206.75,212.65,206.75,208.65,1170,63830,0
FINNIFTY27MAR2525050PE.NFO,2025-03-26,15:14:00,2025-03-27,208.65,210.6,204.8,204.8,1950,63830,0
FINNIFTY27MAR2525050PE.NFO,2025-03-26,15:15:00,2025-03-27,207.2,209.3,207.15,209.3,2470,63830,0
FINNIFTY27MAR2525050PE.NFO,2025-03-26,15:16:00,2025-03-27,209.3,216.2,209.3,215.6,2470,62790,0
FINNIFTY27MAR2525050PE.NFO,2025-03-26,15:17:00,2025-03-27,215.6,215.6,215.6,215.6,0,62790,0
FINNIFTY27MAR2525050PE.NFO,2025-03-26,15:18:00,2025-03-27,215.6,216.2,211.45,214.0,1885,62790,0
FINNIFTY27MAR2525050PE.NFO,2025-03-26,15:19:00,2025-03-27,214.0,219.0,214.0,219.0,65,62335,0
FINNIFTY27MAR2525050PE.NFO,2025-03-26,15:20:00,2025-03-27,219.0,224.05,218.5,218.65,2795,62335,0
FINNIFTY27MAR2525050PE.NFO,2025-03-26,15:21:00,2025-03-27,218.1,218.55,216.5,218.15,1950,62335,0
FINNIFTY27MAR2525050PE.NFO,2025-03-26,15:22:00,2025-03-27,218.15,219.8,218.15,219.8,325,62335,0
FINNIFTY27MAR2525050PE.NFO,2025-03-26,15:23:00,2025-03-27,219.8,224.7,219.8,224.7,1690,61035,0
FINNIFTY27MAR2525050PE.NFO,2025-03-26,15:24:00,2025-03-27,224.7,224.7,221.75,221.75,195,61035,0
FINNIFTY27MAR2525050PE.NFO,2025-03-26,15:25:00,2025-03-27,221.95,222.85,216.0,216.0,2210,59800,0
FINNIFTY27MAR2525050PE.NFO,2025-03-26,15:26:00,2025-03-27,216.0,218.7,216.0,218.7,975,59800,0
FINNIFTY27MAR2525050PE.NFO,2025-03-26,15:27:00,2025-03-27,218.7,219.45,215.5,219.45,520,59800,0
FINNIFTY27MAR2525050PE.NFO,2025-03-26,15:28:00,2025-03-27,219.45,222.5,219.45,220.95,520,58045,0
FINNIFTY27MAR2525050PE.NFO,2025-03-26,15:29:00,2025-03-27,220.95,227.75,215.6,227.75,1235,58045,0
FINNIFTY27MAR2525050PE.NFO,2025-03-26,15:30:00,2025-03-27,227.75,227.75,227.75,227.75,1235,58045,1
FINNIFTY27MAR2525050PE.NFO,2025-03-27,09:15:00,2025-03-27,253.3,287.25,235.0,267.05,2210,57525,0
FINNIFTY27MAR2525050PE.NFO,2025-03-27,09:16:00,2025-03-27,267.05,267.7,252.85,260.85,1105,57525,0
FINNIFTY27MAR2525050PE.NFO,2025-03-27,09:17:00,2025-03-27,260.85,271.4,251.85,251.85,715,57525,0
FINNIFTY27MAR2525050PE.NFO,2025-03-27,09:18:00,2025-03-27,251.85,251.85,225.9,236.75,975,57135,0
FINNIFTY27MAR2525050PE.NFO,2025-03-27,09:19:00,2025-03-27,236.75,236.75,165.45,166.45,4940,57135,0
FINNIFTY27MAR2525050PE.NFO,2025-03-27,09:20:00,2025-03-27,165.45,181.85,154.75,160.5,9035,57135,0
FINNIFTY27MAR2525050PE.NFO,2025-03-27,09:21:00,2025-03-27,164.45,182.85,161.85,172.8,5330,58500,0
FINNIFTY27MAR2525050PE.NFO,2025-03-27,09:22:00,2025-03-27,172.8,175.3,157.8,167.95,7345,58500,0
FINNIFTY27MAR2525050PE.NFO,2025-03-27,09:23:00,2025-03-27,167.95,169.2,149.05,153.0,6435,58500,0
FINNIFTY27MAR2525050PE.NFO,2025-03-27,09:24:00,2025-03-27,153.0,160.95,149.2,155.8,6110,58500,0
FINNIFTY27MAR2525050PE.NFO,2025-03-27,09:25:00,2025-03-27,155.8,173.55,147.55,148.3,7605,59410,0
FINNIFTY27MAR2525050PE.NFO,2025-03-27,09:26:00,2025-03-27,148.3,169.45,143.65,161.55,10985,59410,0
FINNIFTY27MAR2525050PE.NFO,2025-03-27,09:27:00,2025-03-27,161.55,172.6,136.3,140.0,21645,55640,0
FINNIFTY27MAR2525050PE.NFO,2025-03-27,09:28:00,2025-03-27,136.3,150.45,132.55,134.65,13065,55640,0
FINNIFTY27MAR2525050PE.NFO,2025-03-27,09:29:00,2025-03-27,134.65,146.9,128.6,146.9,17940,55640,0
FINNIFTY27MAR2525050PE.NFO,2025-03-27,09:30:00,2025-03-27,146.9,152.85,132.2,148.0,19240,56030,0
FINNIFTY27MAR2525050PE.NFO,2025-03-27,09:31:00,2025-03-27,148.0,148.0,130.5,141.35,13130,56030,0
FINNIFTY27MAR2525050PE.NFO,2025-03-27,09:32:00,2025-03-27,141.35,142.6,130.95,131.75,15015,56030,0
FINNIFTY27MAR2525050PE.NFO,2025-03-27,09:33:00,2025-03-27,131.75,154.35,129.05,140.05,14235,55575,0
FINNIFTY27MAR2525050PE.NFO,2025-03-27,09:34:00,2025-03-27,140.05,142.3,120.3,134.8,18785,55575,0
FINNIFTY27MAR2525050PE.NFO,2025-03-27,09:35:00,2025-03-27,134.8,142.4,127.6,127.6,18460,55575,0
FINNIFTY27MAR2525050PE.NFO,2025-03-27,09:36:00,2025-03-27,127.6,135.4,123.0,126.9,14365,61620,0
FINNIFTY27MAR2525050PE.NFO,2025-03-27,09:37:00,2025-03-27,126.9,139.4,116.0,139.05,16965,61620,0
FINNIFTY27MAR2525050PE.NFO,2025-03-27,09:38:00,2025-03-27,139.05,142.7,129.0,136.45,12740,61620,0
FINNIFTY27MAR2525050PE.NFO,2025-03-27,09:39:00,2025-03-27,136.45,150.95,129.5,146.0,11635,61620,0
FINNIFTY27MAR2525050PE.NFO,2025-03-27,09:40:00,2025-03-27,146.0,146.0,124.0,125.9,11960,60775,0
FINNIFTY27MAR2525050PE.NFO,2025-03-27,09:41:00,2025-03-27,125.9,129.05,118.0,124.45,8515,60775,0
FINNIFTY27MAR2525050PE.NFO,2025-03-27,09:42:00,2025-03-27,124.45,127.65,119.0,124.2,10595,60775,0
FINNIFTY27MAR2525050PE.NFO,2025-03-27,09:43:00,2025-03-27,124.2,127.0,111.15,112.0,4420,61295,0
FINNIFTY27MAR2525050PE.NFO,2025-03-27,09:44:00,2025-03-27,112.0,117.2,108.45,108.45,8190,61295,0
FINNIFTY27MAR2525050PE.NFO,2025-03-27,09:45:00,2025-03-27,107.0,109.05,99.4,100.9,17810,61295,0
FINNIFTY27MAR2525050PE.NFO,2025-03-27,09:46:00,2025-03-27,100.9,100.9,89.25,99.0,27820,57980,0
FINNIFTY27MAR2525050PE.NFO,2025-03-27,09:47:00,2025-03-27,101.0,105.2,95.7,103.05,16185,57980,0
FINNIFTY27MAR2525050PE.NFO,2025-03-27,09:48:00,2025-03-27,103.05,112.9,100.1,105.3,15730,57980,0
FINNIFTY27MAR2525050PE.NFO,2025-03-27,09:49:00,2025-03-27,105.3,113.55,101.75,108.6,17485,63115,0
FINNIFTY27MAR2525050PE.NFO,2025-03-27,09:50:00,2025-03-27,108.6,112.9,104.15,111.3,10530,63115,0
FINNIFTY27MAR2525050PE.NFO,2025-03-27,09:51:00,2025-03-27,111.3,116.95,107.1,112.55,10725,63115,0
FINNIFTY27MAR2525050PE.NFO,2025-03-27,09:52:00,2025-03-27,112.55,112.55,98.8,99.2,11180,64610,0
FINNIFTY27MAR2525050PE.NFO,2025-03-27,09:53:00,2025-03-27,99.2,100.05,86.15,87.25,26325,64610,0
FINNIFTY27MAR2525050PE.NFO,2025-03-27,09:54:00,2025-03-27,87.1,93.3,82.2,85.0,16900,64610,0
FINNIFTY27MAR2525050PE.NFO,2025-03-27,09:55:00,2025-03-27,85.0,88.65,82.35,87.75,10855,71305,0
FINNIFTY27MAR2525050PE.NFO,2025-03-27,09:56:00,2025-03-27,85.7,88.85,78.85,86.3,23985,71305,0
FINNIFTY27MAR2525050PE.NFO,2025-03-27,09:57:00,2025-03-27,86.3,86.5,79.0,81.1,15210,71305,0
FINNIFTY27MAR2525050PE.NFO,2025-03-27,09:58:00,2025-03-27,81.1,83.85,74.0,76.05,16705,74360,0
FINNIFTY27MAR2525050PE.NFO,2025-03-27,09:59:00,2025-03-27,76.55,78.3,71.0,72.55,20410,74360,0
FINNIFTY27MAR2525050PE.NFO,2025-03-27,10:00:00,2025-03-27,73.75,78.55,71.55,75.35,25870,74360,0
FINNIFTY27MAR2525050PE.NFO,2025-03-27,10:01:00,2025-03-27,76.7,80.3,73.3,77.05,22620,85475,0
FINNIFTY27MAR2525050PE.NFO,2025-03-27,10:02:00,2025-03-27,78.3,78.3,74.0,74.9,17095,85475,0
FINNIFTY27MAR2525050PE.NFO,2025-03-27,10:03:00,2025-03-27,74.9,81.25,74.9,76.0,44525,85475,0
FINNIFTY27MAR2525050PE.NFO,2025-03-27,10:04:00,2025-03-27,75.15,75.15,63.75,64.95,42055,104000,0
FINNIFTY27MAR2525050PE.NFO,2025-03-27,10:05:00,2025-03-27,65.05,69.2,60.65,61.75,46995,104000,0
FINNIFTY27MAR2525050PE.NFO,2025-03-27,10:06:00,2025-03-27,61.95,68.05,60.8,66.4,44135,104000,0
FINNIFTY27MAR2525050PE.NFO,2025-03-27,10:07:00,2025-03-27,66.4,72.75,66.25,71.05,35685,128960,0
FINNIFTY27MAR2525050PE.NFO,2025-03-27,10:08:00,2025-03-27,71.1,72.5,67.55,68.75,32500,128960,0
FINNIFTY27MAR2525050PE.NFO,2025-03-27,10:09:00,2025-03-27,68.75,68.75,55.75,62.15,64155,128960,0
FINNIFTY27MAR2525050PE.NFO,2025-03-27,10:10:00,2025-03-27,62.15,68.6,57.9,64.8,56550,116025,0
FINNIFTY27MAR2525050PE.NFO,2025-03-27,10:11:00,2025-03-27,64.8,66.55,61.0,61.95,38090,116025,0
FINNIFTY27MAR2525050PE.NFO,2025-03-27,10:12:00,2025-03-27,61.95,64.4,56.75,63.75,58045,116025,0
FINNIFTY27MAR2525050PE.NFO,2025-03-27,10:13:00,2025-03-27,63.95,64.7,60.8,64.7,29315,148395,0
FINNIFTY27MAR2525050PE.NFO,2025-03-27,10:14:00,2025-03-27,64.7,69.8,64.55,65.95,40235,148395,0
FINNIFTY27MAR2525050PE.NFO,2025-03-27,10:15:00,2025-03-27,65.95,72.0,62.25,62.6,47515,148395,0
FINNIFTY27MAR2525050PE.NFO,2025-03-27,10:16:00,2025-03-27,61.8,63.0,58.35,62.7,38350,152750,0
FINNIFTY27MAR2525050PE.NFO,2025-03-27,10:17:00,2025-03-27,61.6,64.45,54.8,64.45,55770,152750,0
FINNIFTY27MAR2525050PE.NFO,2025-03-27,10:18:00,2025-03-27,64.4,69.2,63.8,68.4,51480,152750,0
FINNIFTY27MAR2525050PE.NFO,2025-03-27,10:19:00,2025-03-27,68.4,76.5,67.1,73.15,54145,151710,0
FINNIFTY27MAR2525050PE.NFO,2025-03-27,10:20:00,2025-03-27,72.75,75.5,68.6,72.55,42185,151710,0
FINNIFTY27MAR2525050PE.NFO,2025-03-27,10:21:00,2025-03-27,72.55,72.55,65.25,67.3,30680,151710,0
FINNIFTY27MAR2525050PE.NFO,2025-03-27,10:22:00,2025-03-27,67.3,67.55,62.6,64.35,28470,153530,0
FINNIFTY27MAR2525050PE.NFO,2025-03-27,10:23:00,2025-03-27,64.35,65.0,55.95,56.35,57200,153530,0
FINNIFTY27MAR2525050PE.NFO,2025-03-27,10:24:00,2025-03-27,56.1,60.6,55.2,56.6,35945,153530,0
FINNIFTY27MAR2525050PE.NFO,2025-03-27,10:25:00,2025-03-27,56.4,59.55,53.35,56.65,46475,168935,0
FINNIFTY27MAR2525050PE.NFO,2025-03-27,10:26:00,2025-03-27,56.65,59.9,54.9,58.9,38805,168935,0
FINNIFTY27MAR2525050PE.NFO,2025-03-27,10:27:00,2025-03-27,58.9,60.6,55.4,59.95,31785,168935,0
FINNIFTY27MAR2525050PE.NFO,2025-03-27,10:28:00,2025-03-27,59.7,60.2,51.75,51.75,55900,195260,0
FINNIFTY27MAR2525050PE.NFO,2025-03-27,10:29:00,2025-03-27,51.75,53.0,48.95,50.7,68250,195260,0
FINNIFTY27MAR2525050PE.NFO,2025-03-27,10:30:00,2025-03-27,50.7,50.7,46.0,50.2,86320,195260,0
FINNIFTY27MAR2525050PE.NFO,2025-03-27,10:31:00,2025-03-27,50.2,56.7,48.6,55.9,78650,238875,0
FINNIFTY27MAR2525050PE.NFO,2025-03-27,10:32:00,2025-03-27,55.9,59.1,52.0,59.1,55445,238875,0
FINNIFTY27MAR2525050PE.NFO,2025-03-27,10:33:00,2025-03-27,59.1,62.0,55.75,60.75,48620,238875,0
FINNIFTY27MAR2525050PE.NFO,2025-03-27,10:34:00,2025-03-27,61.0,63.55,55.65,58.6,38025,237185,0
FINNIFTY27MAR2525050PE.NFO,2025-03-27,10:35:00,2025-03-27,58.6,64.45,57.15,62.0,29835,237185,0
FINNIFTY27MAR2525050PE.NFO,2025-03-27,10:36:00,2025-03-27,62.0,62.0,53.9,54.3,55510,237185,0
FINNIFTY27MAR2525050PE.NFO,2025-03-27,10:37:00,2025-03-27,54.3,63.4,52.9,63.2,58500,242905,0
FINNIFTY27MAR2525050PE.NFO,2025-03-27,10:38:00,2025-03-27,63.2,73.45,63.2,66.4,76440,242905,0
FINNIFTY27MAR2525050PE.NFO,2025-03-27,10:39:00,2025-03-27,66.4,67.5,60.15,66.15,31005,242905,0
FINNIFTY27MAR2525050PE.NFO,2025-03-27,10:40:00,2025-03-27,66.0,68.0,62.8,63.4,37570,221130,0
FINNIFTY27MAR2525050PE.NFO,2025-03-27,10:41:00,2025-03-27,63.4,68.3,62.3,66.2,27430,221130,0
FINNIFTY27MAR2525050PE.NFO,2025-03-27,10:42:00,2025-03-27,66.2,68.6,60.0,60.0,26650,221130,0
FINNIFTY27MAR2525050PE.NFO,2025-03-27,10:43:00,2025-03-27,60.0,63.4,59.4,60.95,25220,217295,0
FINNIFTY27MAR2525050PE.NFO,2025-03-27,10:44:00,2025-03-27,60.95,69.9,60.6,65.55,25805,217295,0
FINNIFTY27MAR2525050PE.NFO,2025-03-27,10:45:00,2025-03-27,65.55,66.45,62.45,64.3,16185,217295,0
FINNIFTY27MAR2525050PE.NFO,2025-03-27,10:46:00,2025-03-27,64.3,66.05,59.7,61.4,18785,219310,0
FINNIFTY27MAR2525050PE.NFO,2025-03-27,10:47:00,2025-03-27,61.4,66.6,58.9,63.7,16315,219310,0
FINNIFTY27MAR2525050PE.NFO,2025-03-27,10:48:00,2025-03-27,63.7,66.75,59.95,66.0,24635,219310,0
FINNIFTY27MAR2525050PE.NFO,2025-03-27,10:49:00,2025-03-27,66.0,70.0,64.2,70.0,23140,222365,0
FINNIFTY27MAR2525050PE.NFO,2025-03-27,10:50:00,2025-03-27,70.0,72.8,66.15,72.8,33995,222365,0
FINNIFTY27MAR2525050PE.NFO,2025-03-27,10:51:00,2025-03-27,73.0,80.0,70.1,74.0,68380,222365,0
FINNIFTY27MAR2525050PE.NFO,2025-03-27,10:52:00,2025-03-27,74.0,75.0,54.45,58.2,86385,206050,0
FINNIFTY27MAR2525050PE.NFO,2025-03-27,10:53:00,2025-03-27,58.2,61.7,57.35,60.35,39650,206050,0
FINNIFTY27MAR2525050PE.NFO,2025-03-27,10:54:00,2025-03-27,60.35,64.45,56.6,58.1,47450,206050,0
FINNIFTY27MAR2525050PE.NFO,2025-03-27,10:55:00,2025-03-27,58.1,60.85,57.05,58.75,35945,207935,0
FINNIFTY27MAR2525050PE.NFO,2025-03-27,10:56:00,2025-03-27,58.75,61.25,57.05,58.95,48100,207935,0
FINNIFTY27MAR2525050PE.NFO,2025-03-27,10:57:00,2025-03-27,58.95,59.3,55.25,55.25,25675,207935,0
FINNIFTY27MAR2525050PE.NFO,2025-03-27,10:58:00,2025-03-27,55.25,58.6,53.45,57.45,31135,228020,0
FINNIFTY27MAR2525050PE.NFO,2025-03-27,10:59:00,2025-03-27,57.45,57.45,52.0,56.05,65130,228020,0
FINNIFTY27MAR2525050PE.NFO,2025-03-27,11:00:00,2025-03-27,56.05,56.05,41.6,41.6,124605,228020,0
FINNIFTY27MAR2525050PE.NFO,2025-03-27,11:01:00,2025-03-27,41.55,43.5,40.3,40.55,84370,252655,0
FINNIFTY27MAR2525050PE.NFO,2025-03-27,11:02:00,2025-03-27,40.7,44.0,39.3,40.5,95225,252655,0
FINNIFTY27MAR2525050PE.NFO,2025-03-27,11:03:00,2025-03-27,40.5,43.65,40.05,40.95,78325,252655,0
FINNIFTY27MAR2525050PE.NFO,2025-03-27,11:04:00,2025-03-27,40.95,42.45,39.85,41.0,65260,289770,0
FINNIFTY27MAR2525050PE.NFO,2025-03-27,11:05:00,2025-03-27,41.3,42.2,36.0,38.5,85865,289770,0
FINNIFTY27MAR2525050PE.NFO,2025-03-27,11:06:00,2025-03-27,38.5,42.3,38.15,42.0,89830,289770,0
FINNIFTY27MAR2525050PE.NFO,2025-03-27,11:07:00,2025-03-27,42.0,42.0,39.0,39.5,53365,333970,0
FINNIFTY27MAR2525050PE.NFO,2025-03-27,11:08:00,2025-03-27,39.5,39.5,36.75,37.9,89050,333970,0
FINNIFTY27MAR2525050PE.NFO,2025-03-27,11:09:00,2025-03-27,37.85,40.9,37.75,39.0,88725,333970,0
FINNIFTY27MAR2525050PE.NFO,2025-03-27,11:10:00,2025-03-27,39.0,39.05,37.05,37.6,65585,357045,0
FINNIFTY27MAR2525050PE.NFO,2025-03-27,11:11:00,2025-03-27,37.5,39.3,36.5,37.4,69095,357045,0
FINNIFTY27MAR2525050PE.NFO,2025-03-27,11:12:00,2025-03-27,37.4,39.3,36.85,39.2,64220,357045,0
FINNIFTY27MAR2525050PE.NFO,2025-03-27,11:13:00,2025-03-27,38.95,39.25,36.9,37.1,46020,387400,0
FINNIFTY27MAR2525050PE.NFO,2025-03-27,11:14:00,2025-03-27,37.6,38.9,35.45,37.15,63440,387400,0
FINNIFTY27MAR2525050PE.NFO,2025-03-27,11:15:00,2025-03-27,37.0,37.35,35.35,35.35,44525,387400,0
FINNIFTY27MAR2525050PE.NFO,2025-03-27,11:16:00,2025-03-27,35.5,36.55,31.45,33.6,142350,422630,0
FINNIFTY27MAR2525050PE.NFO,2025-03-27,11:17:00,2025-03-27,33.65,36.15,31.55,35.6,148590,422630,0
FINNIFTY27MAR2525050PE.NFO,2025-03-27,11:18:00,2025-03-27,35.9,36.2,33.15,35.25,86255,422630,0
FINNIFTY27MAR2525050PE.NFO,2025-03-27,11:19:00,2025-03-27,35.05,35.3,31.75,32.6,115700,448305,0
FINNIFTY27MAR2525050PE.NFO,2025-03-27,11:20:00,2025-03-27,32.1,36.2,31.9,36.2,98735,448305,0
FINNIFTY27MAR2525050PE.NFO,2025-03-27,11:21:00,2025-03-27,36.2,39.55,35.75,38.15,131690,448305,0
FINNIFTY27MAR2525050PE.NFO,2025-03-27,11:22:00,2025-03-27,38.15,41.1,38.15,40.45,132340,458705,0
FINNIFTY27MAR2525050PE.NFO,2025-03-27,11:23:00,2025-03-27,40.45,40.75,38.6,40.6,70395,458705,0
FINNIFTY27MAR2525050PE.NFO,2025-03-27,11:24:00,2025-03-27,40.6,40.6,36.1,37.6,67080,458705,0
FINNIFTY27MAR2525050PE.NFO,2025-03-27,11:25:00,2025-03-27,37.6,39.2,36.9,36.9,69680,464360,0
FINNIFTY27MAR2525050PE.NFO,2025-03-27,11:26:00,2025-03-27,36.9,37.2,35.0,35.85,62725,464360,0
FINNIFTY27MAR2525050PE.NFO,2025-03-27,11:27:00,2025-03-27,36.35,37.35,32.1,32.55,89700,464360,0
FINNIFTY27MAR2525050PE.NFO,2025-03-27,11:28:00,2025-03-27,32.55,37.05,31.4,36.8,102700,474240,0
FINNIFTY27MAR2525050PE.NFO,2025-03-27,11:29:00,2025-03-27,36.8,36.8,34.45,36.3,72995,474240,0
FINNIFTY27MAR2525050PE.NFO,2025-03-27,11:30:00,2025-03-27,35.55,35.55,30.2,31.9,120380,474240,0
FINNIFTY27MAR2525050PE.NFO,2025-03-27,11:31:00,2025-03-27,31.85,34.65,30.0,34.6,81250,488345,0
FINNIFTY27MAR2525050PE.NFO,2025-03-27,11:32:00,2025-03-27,34.25,34.55,32.4,34.15,46930,488345,0
FINNIFTY27MAR2525050PE.NFO,2025-03-27,11:33:00,2025-03-27,34.15,34.5,31.5,32.75,54405,488345,0
FINNIFTY27MAR2525050PE.NFO,2025-03-27,11:34:00,2025-03-27,32.75,33.55,30.2,30.35,76830,513825,0
FINNIFTY27MAR2525050PE.NFO,2025-03-27,11:35:00,2025-03-27,30.2,31.15,27.85,30.1,126620,513825,0
FINNIFTY27MAR2525050PE.NFO,2025-03-27,11:36:00,2025-03-27,29.95,30.35,28.95,29.85,82095,513825,0
FINNIFTY27MAR2525050PE.NFO,2025-03-27,11:37:00,2025-03-27,29.95,31.55,28.4,29.05,90350,550940,0
FINNIFTY27MAR2525050PE.NFO,2025-03-27,11:38:00,2025-03-27,29.25,31.15,28.55,29.3,88270,550940,0
FINNIFTY27MAR2525050PE.NFO,2025-03-27,11:39:00,2025-03-27,29.3,29.3,26.6,26.85,105820,550940,0
FINNIFTY27MAR2525050PE.NFO,2025-03-27,11:40:00,2025-03-27,27.25,27.7,25.3,26.65,117715,571285,0
FINNIFTY27MAR2525050PE.NFO,2025-03-27,11:41:00,2025-03-27,26.55,27.7,25.1,26.25,94640,571285,0
FINNIFTY27MAR2525050PE.NFO,2025-03-27,11:42:00,2025-03-27,26.25,26.25,22.15,22.3,166855,571285,0
FINNIFTY27MAR2525050PE.NFO,2025-03-27,11:43:00,2025-03-27,22.1,22.75,21.25,22.25,154570,623480,0
FINNIFTY27MAR2525050PE.NFO,2025-03-27,11:44:00,2025-03-27,22.0,22.6,21.15,22.5,85410,623480,0
FINNIFTY27MAR2525050PE.NFO,2025-03-27,11:45:00,2025-03-27,22.55,24.15,21.0,23.4,104650,623480,0
FINNIFTY27MAR2525050PE.NFO,2025-03-27,11:46:00,2025-03-27,23.4,23.4,22.35,22.6,75660,653510,0
FINNIFTY27MAR2525050PE.NFO,2025-03-27,11:47:00,2025-03-27,22.7,23.35,21.65,22.55,102960,653510,0
FINNIFTY27MAR2525050PE.NFO,2025-03-27,11:48:00,2025-03-27,22.45,24.1,22.0,23.0,73580,653510,0
FINNIFTY27MAR2525050PE.NFO,2025-03-27,11:49:00,2025-03-27,23.0,23.0,21.6,22.25,89765,705575,0
FINNIFTY27MAR2525050PE.NFO,2025-03-27,11:50:00,2025-03-27,22.25,23.05,21.75,22.85,101465,705575,0
FINNIFTY27MAR2525050PE.NFO,2025-03-27,11:51:00,2025-03-27,22.5,24.7,22.2,23.85,158730,705575,0
FINNIFTY27MAR2525050PE.NFO,2025-03-27,11:52:00,2025-03-27,23.85,24.75,21.95,22.55,119600,744575,0
FINNIFTY27MAR2525050PE.NFO,2025-03-27,11:53:00,2025-03-27,22.55,23.5,20.6,22.7,153920,744575,0
FINNIFTY27MAR2525050PE.NFO,2025-03-27,11:54:00,2025-03-27,22.7,24.0,22.3,23.6,82225,744575,0
FINNIFTY27MAR2525050PE.NFO,2025-03-27,11:55:00,2025-03-27,23.6,23.95,22.65,23.5,99840,781625,0
FINNIFTY27MAR2525050PE.NFO,2025-03-27,11:56:00,2025-03-27,23.5,23.7,21.65,22.2,77415,781625,0
FINNIFTY27MAR2525050PE.NFO,2025-03-27,11:57:00,2025-03-27,22.3,23.1,21.4,22.25,74620,781625,0
FINNIFTY27MAR2525050PE.NFO,2025-03-27,11:58:00,2025-03-27,22.25,23.6,21.55,22.7,91780,798720,0
FINNIFTY27MAR2525050PE.NFO,2025-03-27,11:59:00,2025-03-27,22.7,23.5,21.85,22.05,94900,798720,0
FINNIFTY27MAR2525050PE.NFO,2025-03-27,12:00:00,2025-03-27,21.85,23.4,21.5,23.35,85150,798720,0
FINNIFTY27MAR2525050PE.NFO,2025-03-27,12:01:00,2025-03-27,23.35,24.15,23.0,23.45,121550,825370,0
FINNIFTY27MAR2525050PE.NFO,2025-03-27,12:02:00,2025-03-27,23.65,27.25,23.1,27.1,204035,825370,0
FINNIFTY27MAR2525050PE.NFO,2025-03-27,12:03:00,2025-03-27,26.75,29.6,25.9,27.6,211055,825370,0
FINNIFTY27MAR2525050PE.NFO,2025-03-27,12:04:00,2025-03-27,27.75,29.1,25.0,26.25,159445,820105,0
FINNIFTY27MAR2525050PE.NFO,2025-03-27,12:05:00,2025-03-27,26.15,28.45,24.4,25.55,93990,820105,0
FINNIFTY27MAR2525050PE.NFO,2025-03-27,12:06:00,2025-03-27,25.55,25.55,23.3,24.4,100945,820105,0
FINNIFTY27MAR2525050PE.NFO,2025-03-27,12:07:00,2025-03-27,24.05,25.0,23.05,23.25,95030,828815,0
FINNIFTY27MAR2525050PE.NFO,2025-03-27,12:08:00,2025-03-27,23.5,24.5,22.5,24.45,74945,828815,0
FINNIFTY27MAR2525050PE.NFO,2025-03-27,12:09:00,2025-03-27,24.45,26.15,22.75,24.15,101790,828815,0
FINNIFTY27MAR2525050PE.NFO,2025-03-27,12:10:00,2025-03-27,24.3,24.8,23.1,23.75,68185,824265,0
FINNIFTY27MAR2525050PE.NFO,2025-03-27,12:11:00,2025-03-27,24.0,24.2,22.7,23.5,63895,824265,0
FINNIFTY27MAR2525050PE.NFO,2025-03-27,12:12:00,2025-03-27,23.45,23.45,20.55,21.35,128700,824265,0
FINNIFTY27MAR2525050PE.NFO,2025-03-27,12:13:00,2025-03-27,21.4,22.3,19.15,19.75,134290,868790,0
FINNIFTY27MAR2525050PE.NFO,2025-03-27,12:14:00,2025-03-27,19.7,21.8,19.55,21.8,83005,868790,0
FINNIFTY27MAR2525050PE.NFO,2025-03-27,12:15:00,2025-03-27,21.45,22.3,20.25,21.55,79885,868790,0
FINNIFTY27MAR2525050PE.NFO,2025-03-27,12:16:00,2025-03-27,21.5,23.45,21.05,23.0,87360,900510,0
FINNIFTY27MAR2525050PE.NFO,2025-03-27,12:17:00,2025-03-27,23.15,24.55,22.5,24.55,114465,900510,0
FINNIFTY27MAR2525050PE.NFO,2025-03-27,12:18:00,2025-03-27,24.7,28.35,23.9,26.75,192725,900510,0
FINNIFTY27MAR2525050PE.NFO,2025-03-27,12:19:00,2025-03-27,26.75,29.7,26.75,29.3,166140,882635,0
FINNIFTY27MAR2525050PE.NFO,2025-03-27,12:20:00,2025-03-27,29.35,31.4,26.6,28.35,208780,882635,0
FINNIFTY27MAR2525050PE.NFO,2025-03-27,12:21:00,2025-03-27,28.35,31.45,27.35,28.65,161785,882635,0
FINNIFTY27MAR2525050PE.NFO,2025-03-27,12:22:00,2025-03-27,28.4,28.65,24.8,26.25,203580,909805,0
FINNIFTY27MAR2525050PE.NFO,2025-03-27,12:23:00,2025-03-27,26.85,29.1,25.45,28.65,82550,909805,0
FINNIFTY27MAR2525050PE.NFO,2025-03-27,12:24:00,2025-03-27,28.5,28.5,24.05,24.4,147225,909805,0
FINNIFTY27MAR2525050PE.NFO,2025-03-27,12:25:00,2025-03-27,24.4,29.95,24.4,29.15,157690,911170,0
FINNIFTY27MAR2525050PE.NFO,2025-03-27,12:26:00,2025-03-27,29.15,29.6,25.45,26.3,121810,911170,0
FINNIFTY27MAR2525050PE.NFO,2025-03-27,12:27:00,2025-03-27,26.3,28.35,25.9,27.0,78065,911170,0
FINNIFTY27MAR2525050PE.NFO,2025-03-27,12:28:00,2025-03-27,27.0,27.85,26.0,26.8,89895,912535,0
FINNIFTY27MAR2525050PE.NFO,2025-03-27,12:29:00,2025-03-27,26.75,27.5,24.55,27.3,128375,912535,0
FINNIFTY27MAR2525050PE.NFO,2025-03-27,12:30:00,2025-03-27,27.3,30.3,27.1,28.45,189280,912535,0
FINNIFTY27MAR2525050PE.NFO,2025-03-27,12:31:00,2025-03-27,28.8,30.6,28.15,30.4,143065,913965,0
FINNIFTY27MAR2525050PE.NFO,2025-03-27,12:32:00,2025-03-27,30.85,31.3,27.0,29.35,195780,913965,0
FINNIFTY27MAR2525050PE.NFO,2025-03-27,12:33:00,2025-03-27,29.4,30.55,27.55,28.6,90545,913965,0
FINNIFTY27MAR2525050PE.NFO,2025-03-27,12:34:00,2025-03-27,28.15,30.7,26.05,29.9,110760,912405,0
FINNIFTY27MAR2525050PE.NFO,2025-03-27,12:35:00,2025-03-27,29.9,30.5,28.15,30.3,86450,912405,0
FINNIFTY27MAR2525050PE.NFO,2025-03-27,12:36:00,2025-03-27,30.4,33.7,26.95,26.95,205270,912405,0
FINNIFTY27MAR2525050PE.NFO,2025-03-27,12:37:00,2025-03-27,26.85,29.15,22.2,23.7,275665,895180,0
FINNIFTY27MAR2525050PE.NFO,2025-03-27,12:38:00,2025-03-27,24.05,24.35,21.3,22.35,159770,895180,0
FINNIFTY27MAR2525050PE.NFO,2025-03-27,12:39:00,2025-03-27,22.65,22.65,20.0,22.5,198185,895180,0
FINNIFTY27MAR2525050PE.NFO,2025-03-27,12:40:00,2025-03-27,22.3,23.35,22.0,22.5,91910,954200,0
FINNIFTY27MAR2525050PE.NFO,2025-03-27,12:41:00,2025-03-27,22.7,23.0,19.45,19.45,168480,954200,0
FINNIFTY27MAR2525050PE.NFO,2025-03-27,12:42:00,2025-03-27,19.65,20.85,18.75,20.35,165035,954200,0
FINNIFTY27MAR2525050PE.NFO,2025-03-27,12:43:00,2025-03-27,20.35,21.9,19.45,19.55,121420,1010230,0
FINNIFTY27MAR2525050PE.NFO,2025-03-27,12:44:00,2025-03-27,20.0,20.8,19.0,19.05,128960,1010230,0
FINNIFTY27MAR2525050PE.NFO,2025-03-27,12:45:00,2025-03-27,19.1,20.4,17.85,18.2,135200,1010230,0
FINNIFTY27MAR2525050PE.NFO,2025-03-27,12:46:00,2025-03-27,18.2,18.8,17.15,18.45,141115,1043185,0
FINNIFTY27MAR2525050PE.NFO,2025-03-27,12:47:00,2025-03-27,18.45,19.75,18.05,18.9,78975,1043185,0
FINNIFTY27MAR2525050PE.NFO,2025-03-27,12:48:00,2025-03-27,18.9,19.2,18.0,19.1,80470,1043185,0
FINNIFTY27MAR2525050PE.NFO,2025-03-27,12:49:00,2025-03-27,19.1,19.5,17.5,18.3,108810,1067300,0
FINNIFTY27MAR2525050PE.NFO,2025-03-27,12:50:00,2025-03-27,18.4,19.3,18.2,18.9,95810,1067300,0
FINNIFTY27MAR2525050PE.NFO,2025-03-27,12:51:00,2025-03-27,19.1,21.35,18.6,20.95,180505,1067300,0
FINNIFTY27MAR2525050PE.NFO,2025-03-27,12:52:00,2025-03-27,21.25,23.55,20.4,21.85,205335,1092130,0
FINNIFTY27MAR2525050PE.NFO,2025-03-27,12:53:00,2025-03-27,21.8,22.45,20.5,21.05,128635,1092130,0
FINNIFTY27MAR2525050PE.NFO,2025-03-27,12:54:00,2025-03-27,21.05,23.2,21.05,23.0,94445,1092130,0
FINNIFTY27MAR2525050PE.NFO,2025-03-27,12:55:00,2025-03-27,23.15,23.2,20.9,22.0,99840,1088360,0
FINNIFTY27MAR2525050PE.NFO,2025-03-27,12:56:00,2025-03-27,22.0,22.7,20.7,22.05,107835,1088360,0
FINNIFTY27MAR2525050PE.NFO,2025-03-27,12:57:00,2025-03-27,22.05,22.05,18.7,19.45,173355,1088360,0
FINNIFTY27MAR2525050PE.NFO,2025-03-27,12:58:00,2025-03-27,19.45,20.2,17.85,18.0,122200,1110135,0
FINNIFTY27MAR2525050PE.NFO,2025-03-27,12:59:00,2025-03-27,17.65,18.1,16.85,17.85,149565,1110135,0
FINNIFTY27MAR2525050PE.NFO,2025-03-27,13:00:00,2025-03-27,17.95,17.95,16.0,16.4,228995,1110135,0
FINNIFTY27MAR2525050PE.NFO,2025-03-27,13:01:00,2025-03-27,16.4,17.4,15.85,16.1,319670,1162720,0
FINNIFTY27MAR2525050PE.NFO,2025-03-27,13:02:00,2025-03-27,16.35,17.75,15.75,17.45,246870,1162720,0
FINNIFTY27MAR2525050PE.NFO,2025-03-27,13:03:00,2025-03-27,17.35,17.65,16.85,17.45,154765,1162720,0
FINNIFTY27MAR2525050PE.NFO,2025-03-27,13:04:00,2025-03-27,17.5,18.9,16.95,17.3,239330,1180790,0
FINNIFTY27MAR2525050PE.NFO,2025-03-27,13:05:00,2025-03-27,17.1,18.2,16.75,17.6,134615,1180790,0
FINNIFTY27MAR2525050PE.NFO,2025-03-27,13:06:00,2025-03-27,17.6,17.75,16.55,17.5,98735,1180790,0
FINNIFTY27MAR2525050PE.NFO,2025-03-27,13:07:00,2025-03-27,17.5,18.95,17.25,18.05,123305,1230905,0
FINNIFTY27MAR2525050PE.NFO,2025-03-27,13:08:00,2025-03-27,17.65,19.3,17.65,19.05,233090,1230905,0
FINNIFTY27MAR2525050PE.NFO,2025-03-27,13:09:00,2025-03-27,19.15,20.4,18.55,18.6,219245,1230905,0
FINNIFTY27MAR2525050PE.NFO,2025-03-27,13:10:00,2025-03-27,18.8,20.8,16.75,17.85,435175,1227720,0
FINNIFTY27MAR2525050PE.NFO,2025-03-27,13:11:00,2025-03-27,17.85,19.2,17.5,18.0,134680,1227720,0
FINNIFTY27MAR2525050PE.NFO,2025-03-27,13:12:00,2025-03-27,17.75,18.45,16.65,17.1,176735,1227720,0
FINNIFTY27MAR2525050PE.NFO,2025-03-27,13:13:00,2025-03-27,17.1,17.4,15.0,16.5,251355,1274000,0
FINNIFTY27MAR2525050PE.NFO,2025-03-27,13:14:00,2025-03-27,16.5,18.95,16.2,18.15,200330,1274000,0
FINNIFTY27MAR2525050PE.NFO,2025-03-27,13:15:00,2025-03-27,18.15,18.85,16.25,17.2,242775,1274000,0
FINNIFTY27MAR2525050PE.NFO,2025-03-27,13:16:00,2025-03-27,17.2,17.6,14.55,14.55,170105,1228760,0
FINNIFTY27MAR2525050PE.NFO,2025-03-27,13:17:00,2025-03-27,14.7,16.8,14.5,16.45,149240,1228760,0
FINNIFTY27MAR2525050PE.NFO,2025-03-27,13:18:00,2025-03-27,16.5,17.6,15.95,16.7,157430,1228760,0
FINNIFTY27MAR2525050PE.NFO,2025-03-27,13:19:00,2025-03-27,16.45,17.25,15.7,16.95,112775,1217515,0
FINNIFTY27MAR2525050PE.NFO,2025-03-27,13:20:00,2025-03-27,16.95,17.7,15.8,17.0,172965,1217515,0
FINNIFTY27MAR2525050PE.NFO,2025-03-27,13:21:00,2025-03-27,17.1,17.15,14.65,16.3,187005,1217515,0
FINNIFTY27MAR2525050PE.NFO,2025-03-27,13:22:00,2025-03-27,16.3,16.3,14.9,15.45,102570,1268800,0
FINNIFTY27MAR2525050PE.NFO,2025-03-27,13:23:00,2025-03-27,15.6,15.6,13.5,14.7,244465,1268800,0
FINNIFTY27MAR2525050PE.NFO,2025-03-27,13:24:00,2025-03-27,14.7,14.8,12.65,13.4,344565,1268800,0
FINNIFTY27MAR2525050PE.NFO,2025-03-27,13:25:00,2025-03-27,13.4,15.65,12.5,13.5,443560,1293045,0
FINNIFTY27MAR2525050PE.NFO,2025-03-27,13:26:00,2025-03-27,13.5,14.45,12.6,13.15,217360,1293045,0
FINNIFTY27MAR2525050PE.NFO,2025-03-27,13:27:00,2025-03-27,13.15,13.6,12.7,13.25,165360,1293045,0
FINNIFTY27MAR2525050PE.NFO,2025-03-27,13:28:00,2025-03-27,13.25,14.0,12.2,13.6,250965,1365910,0
FINNIFTY27MAR2525050PE.NFO,2025-03-27,13:29:00,2025-03-27,13.6,13.65,11.0,11.75,355290,1365910,0
FINNIFTY27MAR2525050PE.NFO,2025-03-27,13:30:00,2025-03-27,11.75,12.85,11.75,12.0,214825,1365910,0
FINNIFTY27MAR2525050PE.NFO,2025-03-27,13:31:00,2025-03-27,11.95,12.55,11.55,12.15,184990,1436110,0
FINNIFTY27MAR2525050PE.NFO,2025-03-27,13:32:00,2025-03-27,12.1,12.15,11.05,11.75,157300,1436110,0
FINNIFTY27MAR2525050PE.NFO,2025-03-27,13:33:00,2025-03-27,11.95,13.1,11.15,11.2,200135,1436110,0
FINNIFTY27MAR2525050PE.NFO,2025-03-27,13:34:00,2025-03-27,11.4,11.9,10.85,11.4,153465,1476020,0
FINNIFTY27MAR2525050PE.NFO,2025-03-27,13:35:00,2025-03-27,11.4,12.45,11.25,11.65,138645,1476020,0
FINNIFTY27MAR2525050PE.NFO,2025-03-27,13:36:00,2025-03-27,11.7,12.45,11.55,12.1,122915,1476020,0
FINNIFTY27MAR2525050PE.NFO,2025-03-27,13:37:00,2025-03-27,12.15,12.65,11.7,12.25,177580,1459055,0
FINNIFTY27MAR2525050PE.NFO,2025-03-27,13:38:00,2025-03-27,12.2,13.95,12.1,13.05,259545,1459055,0
FINNIFTY27MAR2525050PE.NFO,2025-03-27,13:39:00,2025-03-27,13.0,13.05,11.15,11.65,167115,1459055,0
FINNIFTY27MAR2525050PE.NFO,2025-03-27,13:40:00,2025-03-27,11.6,11.95,10.4,11.1,212095,1501825,0
FINNIFTY27MAR2525050PE.NFO,2025-03-27,13:41:00,2025-03-27,11.1,11.7,10.35,11.25,183105,1501825,0
FINNIFTY27MAR2525050PE.NFO,2025-03-27,13:42:00,2025-03-27,11.25,11.75,10.15,10.25,155415,1501825,0
FINNIFTY27MAR2525050PE.NFO,2025-03-27,13:43:00,2025-03-27,10.15,11.15,10.0,10.45,164905,1461005,0
FINNIFTY27MAR2525050PE.NFO,2025-03-27,13:44:00,2025-03-27,10.45,10.85,10.25,10.3,119795,1461005,0
FINNIFTY27MAR2525050PE.NFO,2025-03-27,13:45:00,2025-03-27,10.35,10.45,9.8,9.9,224510,1461005,0
FINNIFTY27MAR2525050PE.NFO,2025-03-27,13:46:00,2025-03-27,9.95,10.65,9.85,10.6,99320,1421745,0
FINNIFTY27MAR2525050PE.NFO,2025-03-27,13:47:00,2025-03-27,10.6,11.5,10.4,10.55,195910,1421745,0
FINNIFTY27MAR2525050PE.NFO,2025-03-27,13:48:00,2025-03-27,10.55,11.0,10.3,10.55,127010,1421745,0
FINNIFTY27MAR2525050PE.NFO,2025-03-27,13:49:00,2025-03-27,10.55,10.85,9.4,9.4,170430,1457235,0
FINNIFTY27MAR2525050PE.NFO,2025-03-27,13:50:00,2025-03-27,9.45,10.0,8.0,8.0,324675,1457235,0
FINNIFTY27MAR2525050PE.NFO,2025-03-27,13:51:00,2025-03-27,8.7,9.4,8.35,9.05,326625,1457235,0
FINNIFTY27MAR2525050PE.NFO,2025-03-27,13:52:00,2025-03-27,9.05,9.25,8.4,8.85,176800,1398280,0
FINNIFTY27MAR2525050PE.NFO,2025-03-27,13:53:00,2025-03-27,8.85,9.1,8.45,9.0,143195,1398280,0
FINNIFTY27MAR2525050PE.NFO,2025-03-27,13:54:00,2025-03-27,9.0,9.7,8.95,9.55,165165,1398280,0
FINNIFTY27MAR2525050PE.NFO,2025-03-27,13:55:00,2025-03-27,9.55,9.8,8.9,9.75,172055,1371695,0
FINNIFTY27MAR2525050PE.NFO,2025-03-27,13:56:00,2025-03-27,9.75,10.8,9.75,10.45,179920,1371695,0
FINNIFTY27MAR2525050PE.NFO,2025-03-27,13:57:00,2025-03-27,10.5,10.9,10.1,10.85,233155,1371695,0
FINNIFTY27MAR2525050PE.NFO,2025-03-27,13:58:00,2025-03-27,10.85,11.2,10.5,10.8,180050,1371110,0
FINNIFTY27MAR2525050PE.NFO,2025-03-27,13:59:00,2025-03-27,10.65,10.85,9.1,9.35,235430,1371110,0
FINNIFTY27MAR2525050PE.NFO,2025-03-27,14:00:00,2025-03-27,9.15,9.55,8.85,9.35,238615,1371110,0
FINNIFTY27MAR2525050PE.NFO,2025-03-27,14:01:00,2025-03-27,9.3,9.6,8.85,9.1,173485,1424020,0
FINNIFTY27MAR2525050PE.NFO,2025-03-27,14:02:00,2025-03-27,9.15,9.35,8.4,8.45,164320,1424020,0
FINNIFTY27MAR2525050PE.NFO,2025-03-27,14:03:00,2025-03-27,8.5,9.2,7.6,7.85,227305,1424020,0
FINNIFTY27MAR2525050PE.NFO,2025-03-27,14:04:00,2025-03-27,7.85,8.4,7.8,7.95,194805,1403610,0
FINNIFTY27MAR2525050PE.NFO,2025-03-27,14:05:00,2025-03-27,7.8,8.15,7.45,8.05,157820,1403610,0
FINNIFTY27MAR2525050PE.NFO,2025-03-27,14:06:00,2025-03-27,8.0,8.55,7.85,8.55,178360,1403610,0
FINNIFTY27MAR2525050PE.NFO,2025-03-27,14:07:00,2025-03-27,8.45,8.85,8.4,8.65,135005,1392950,0
FINNIFTY27MAR2525050PE.NFO,2025-03-27,14:08:00,2025-03-27,8.7,9.25,8.4,8.45,159250,1392950,0
FINNIFTY27MAR2525050PE.NFO,2025-03-27,14:09:00,2025-03-27,8.35,8.9,7.8,8.65,165100,1392950,0
FINNIFTY27MAR2525050PE.NFO,2025-03-27,14:10:00,2025-03-27,8.65,9.7,8.6,8.9,120900,1417715,0
FINNIFTY27MAR2525050PE.NFO,2025-03-27,14:11:00,2025-03-27,8.9,10.4,8.85,10.3,273715,1417715,0
FINNIFTY27MAR2525050PE.NFO,2025-03-27,14:12:00,2025-03-27,10.3,11.95,9.2,9.8,397735,1417715,0
FINNIFTY27MAR2525050PE.NFO,2025-03-27,14:13:00,2025-03-27,9.9,10.35,8.9,9.45,271635,1423695,0
FINNIFTY27MAR2525050PE.NFO,2025-03-27,14:14:00,2025-03-27,9.45,9.45,8.15,9.0,153335,1423695,0
FINNIFTY27MAR2525050PE.NFO,2025-03-27,14:15:00,2025-03-27,9.0,10.3,8.75,9.55,188890,1423695,0
FINNIFTY27MAR2525050PE.NFO,2025-03-27,14:16:00,2025-03-27,9.55,9.85,9.25,9.4,107380,1402635,0
FINNIFTY27MAR2525050PE.NFO,2025-03-27,14:17:00,2025-03-27,9.4,10.0,8.4,8.4,113100,1402635,0
FINNIFTY27MAR2525050PE.NFO,2025-03-27,14:18:00,2025-03-27,8.4,8.4,6.4,7.4,358410,1402635,0
FINNIFTY27MAR2525050PE.NFO,2025-03-27,14:19:00,2025-03-27,7.35,8.3,7.35,8.1,158145,1428635,0
FINNIFTY27MAR2525050PE.NFO,2025-03-27,14:20:00,2025-03-27,8.1,8.75,7.9,8.5,113750,1428635,0
FINNIFTY27MAR2525050PE.NFO,2025-03-27,14:21:00,2025-03-27,8.5,9.0,8.15,8.5,137215,1428635,0
FINNIFTY27MAR2525050PE.NFO,2025-03-27,14:22:00,2025-03-27,8.5,8.9,7.95,7.95,122135,1430715,0
FINNIFTY27MAR2525050PE.NFO,2025-03-27,14:23:00,2025-03-27,7.95,8.8,7.8,8.5,128960,1430715,0
FINNIFTY27MAR2525050PE.NFO,2025-03-27,14:24:00,2025-03-27,8.5,8.8,7.5,8.15,183300,1430715,0
FINNIFTY27MAR2525050PE.NFO,2025-03-27,14:25:00,2025-03-27,8.25,8.45,7.75,8.4,152425,1401400,0
FINNIFTY27MAR2525050PE.NFO,2025-03-27,14:26:00,2025-03-27,8.5,10.7,8.1,9.6,494390,1401400,0
FINNIFTY27MAR2525050PE.NFO,2025-03-27,14:27:00,2025-03-27,9.6,10.25,8.4,8.4,275470,1401400,0
FINNIFTY27MAR2525050PE.NFO,2025-03-27,14:28:00,2025-03-27,8.45,11.15,8.4,9.95,276120,1442025,0
FINNIFTY27MAR2525050PE.NFO,2025-03-27,14:29:00,2025-03-27,10.25,11.0,9.75,11.0,329550,1442025,0
FINNIFTY27MAR2525050PE.NFO,2025-03-27,14:30:00,2025-03-27,11.2,15.85,10.2,10.5,926315,1442025,0
FINNIFTY27MAR2525050PE.NFO,2025-03-27,14:31:00,2025-03-27,10.45,14.95,10.0,14.0,763750,1415570,0
FINNIFTY27MAR2525050PE.NFO,2025-03-27,14:32:00,2025-03-27,14.2,15.35,11.8,12.0,527995,1415570,0
FINNIFTY27MAR2525050PE.NFO,2025-03-27,14:33:00,2025-03-27,12.05,13.5,9.2,10.4,531765,1415570,0
FINNIFTY27MAR2525050PE.NFO,2025-03-27,14:34:00,2025-03-27,10.5,12.0,9.75,10.3,394225,1384175,0
FINNIFTY27MAR2525050PE.NFO,2025-03-27,14:35:00,2025-03-27,10.4,15.95,9.95,15.4,682695,1384175,0
FINNIFTY27MAR2525050PE.NFO,2025-03-27,14:36:00,2025-03-27,16.05,16.5,11.45,13.4,633945,1384175,0
FINNIFTY27MAR2525050PE.NFO,2025-03-27,14:37:00,2025-03-27,13.0,14.45,10.0,11.05,498550,1360450,0
FINNIFTY27MAR2525050PE.NFO,2025-03-27,14:38:00,2025-03-27,10.9,12.95,10.8,11.7,335985,1360450,0
FINNIFTY27MAR2525050PE.NFO,2025-03-27,14:39:00,2025-03-27,11.15,13.45,11.1,12.1,284050,1360450,0
FINNIFTY27MAR2525050PE.NFO,2025-03-27,14:40:00,2025-03-27,12.15,13.3,11.65,13.3,268840,1354340,0
FINNIFTY27MAR2525050PE.NFO,2025-03-27,14:41:00,2025-03-27,13.1,14.95,12.2,12.3,319215,1354340,0
FINNIFTY27MAR2525050PE.NFO,2025-03-27,14:42:00,2025-03-27,12.35,12.35,7.85,8.7,621725,1354340,0
FINNIFTY27MAR2525050PE.NFO,2025-03-27,14:43:00,2025-03-27,8.8,9.15,7.7,8.3,458705,1408875,0
FINNIFTY27MAR2525050PE.NFO,2025-03-27,14:44:00,2025-03-27,8.35,8.7,7.5,7.95,407485,1408875,0
FINNIFTY27MAR2525050PE.NFO,2025-03-27,14:45:00,2025-03-27,7.6,8.8,7.25,8.3,393575,1408875,0
FINNIFTY27MAR2525050PE.NFO,2025-03-27,14:46:00,2025-03-27,8.3,9.0,7.85,8.7,184340,1363245,0
FINNIFTY27MAR2525050PE.NFO,2025-03-27,14:47:00,2025-03-27,8.7,12.0,8.3,10.45,482755,1363245,0
FINNIFTY27MAR2525050PE.NFO,2025-03-27,14:48:00,2025-03-27,10.55,11.2,9.5,10.7,343850,1363245,0
FINNIFTY27MAR2525050PE.NFO,2025-03-27,14:49:00,2025-03-27,10.7,10.7,9.0,9.35,299325,1345045,0
FINNIFTY27MAR2525050PE.NFO,2025-03-27,14:50:00,2025-03-27,9.35,10.55,9.25,9.85,196365,1345045,0
FINNIFTY27MAR2525050PE.NFO,2025-03-27,14:51:00,2025-03-27,9.85,15.4,9.55,11.7,649935,1345045,0
FINNIFTY27MAR2525050PE.NFO,2025-03-27,14:52:00,2025-03-27,11.65,12.05,9.5,10.65,373815,1306825,0
FINNIFTY27MAR2525050PE.NFO,2025-03-27,14:53:00,2025-03-27,10.65,11.75,9.65,10.6,434005,1306825,0
FINNIFTY27MAR2525050PE.NFO,2025-03-27,14:54:00,2025-03-27,10.8,11.0,9.05,9.65,327405,1306825,0
FINNIFTY27MAR2525050PE.NFO,2025-03-27,14:55:00,2025-03-27,9.7,9.7,5.3,7.0,780910,1374425,0
FINNIFTY27MAR2525050PE.NFO,2025-03-27,14:56:00,2025-03-27,7.0,8.35,6.8,7.5,520520,1374425,0
FINNIFTY27MAR2525050PE.NFO,2025-03-27,14:57:00,2025-03-27,7.65,7.7,6.65,7.15,374985,1374425,0
FINNIFTY27MAR2525050PE.NFO,2025-03-27,14:58:00,2025-03-27,7.25,7.25,1.8,4.8,1137370,1449825,0
FINNIFTY27MAR2525050PE.NFO,2025-03-27,14:59:00,2025-03-27,4.9,5.2,3.75,4.7,841750,1449825,0
FINNIFTY27MAR2525050PE.NFO,2025-03-27,15:00:00,2025-03-27,4.65,12.15,3.75,7.1,1562080,1449825,0
FINNIFTY27MAR2525050PE.NFO,2025-03-27,15:01:00,2025-03-27,7.55,12.85,6.8,12.05,1551355,1351935,0
FINNIFTY27MAR2525050PE.NFO,2025-03-27,15:02:00,2025-03-27,11.35,23.2,10.85,12.4,1739790,1351935,0
FINNIFTY27MAR2525050PE.NFO,2025-03-27,15:03:00,2025-03-27,13.35,21.85,12.4,19.35,1033045,1351935,0
FINNIFTY27MAR2525050PE.NFO,2025-03-27,15:04:00,2025-03-27,20.6,26.1,12.85,16.5,1133535,1231165,0
FINNIFTY27MAR2525050PE.NFO,2025-03-27,15:05:00,2025-03-27,18.6,42.05,18.6,34.1,1465490,1231165,0
FINNIFTY27MAR2525050PE.NFO,2025-03-27,15:06:00,2025-03-27,38.8,44.0,29.6,36.0,666445,1231165,0
FINNIFTY27MAR2525050PE.NFO,2025-03-27,15:07:00,2025-03-27,36.0,40.55,31.25,37.0,704795,924365,0
FINNIFTY27MAR2525050PE.NFO,2025-03-27,15:08:00,2025-03-27,38.55,45.05,35.7,44.5,723060,924365,0
FINNIFTY27MAR2525050PE.NFO,2025-03-27,15:09:00,2025-03-27,44.5,46.9,34.1,39.65,488800,924365,0
FINNIFTY27MAR2525050PE.NFO,2025-03-27,15:10:00,2025-03-27,39.35,50.95,35.5,43.3,585975,804830,0
FINNIFTY27MAR2525050PE.NFO,2025-03-27,15:11:00,2025-03-27,43.9,47.05,40.05,40.55,328185,804830,0
FINNIFTY27MAR2525050PE.NFO,2025-03-27,15:12:00,2025-03-27,40.55,48.4,40.55,44.9,293345,804830,0
FINNIFTY27MAR2525050PE.NFO,2025-03-27,15:13:00,2025-03-27,45.0,49.5,44.55,47.5,250250,746070,0
FINNIFTY27MAR2525050PE.NFO,2025-03-27,15:14:00,2025-03-27,47.55,50.0,44.1,45.75,281840,746070,0
FINNIFTY27MAR2525050PE.NFO,2025-03-27,15:15:00,2025-03-27,45.75,47.75,41.35,43.25,302510,746070,0
FINNIFTY27MAR2525050PE.NFO,2025-03-27,15:16:00,2025-03-27,43.25,49.75,40.9,40.9,321750,726440,0
FINNIFTY27MAR2525050PE.NFO,2025-03-27,15:17:00,2025-03-27,41.25,48.75,41.05,45.65,274885,726440,0
FINNIFTY27MAR2525050PE.NFO,2025-03-27,15:18:00,2025-03-27,45.65,48.5,43.05,45.0,216450,726440,0
FINNIFTY27MAR2525050PE.NFO,2025-03-27,15:19:00,2025-03-27,45.0,47.15,44.4,45.35,76375,730665,0
FINNIFTY27MAR2525050PE.NFO,2025-03-27,15:20:00,2025-03-27,45.35,45.5,42.0,43.2,117845,730665,0
FINNIFTY27MAR2525050PE.NFO,2025-03-27,15:21:00,2025-03-27,43.2,44.35,39.8,39.8,198445,730665,0
FINNIFTY27MAR2525050PE.NFO,2025-03-27,15:22:00,2025-03-27,39.55,42.5,38.3,40.15,221000,721175,0
FINNIFTY27MAR2525050PE.NFO,2025-03-27,15:23:00,2025-03-27,40.15,42.0,40.1,40.25,90675,721175,0
FINNIFTY27MAR2525050PE.NFO,2025-03-27,15:24:00,2025-03-27,40.1,40.7,37.45,37.6,153985,721175,0
FINNIFTY27MAR2525050PE.NFO,2025-03-27,15:25:00,2025-03-27,37.45,39.6,35.8,37.15,249340,694915,0
FINNIFTY27MAR2525050PE.NFO,2025-03-27,15:26:00,2025-03-27,37.8,40.5,36.55,37.8,277940,694915,0
FINNIFTY27MAR2525050PE.NFO,2025-03-27,15:27:00,2025-03-27,37.35,38.4,35.8,37.0,366600,694915,0
FINNIFTY27MAR2525050PE.NFO,2025-03-27,15:28:00,2025-03-27,37.0,38.2,36.8,37.9,164970,641745,0
FINNIFTY27MAR2525050PE.NFO,2025-03-27,15:29:00,2025-03-27,38.05,39.1,37.5,38.8,111150,641745,0
FINNIFTY27MAR2525050PE.NFO,2025-03-27,15:30:00,2025-03-27,38.8,38.8,38.8,38.8,111150,641745,1
