Ticker,Date,Time,Expiry Date,Open,High,Low,Close,Volume,Open Interest,Padding Flag
FINNIFTY13AUG2421250PE.NFO,2024-08-07,09:15:00,2024-08-13,16.25,16.25,16.25,16.25,300,4350,1
FINNIFTY13AUG2421250PE.NFO,2024-08-07,09:16:00,2024-08-13,16.25,16.25,16.25,16.25,300,4350,1
FINNIFTY13AUG2421250PE.NFO,2024-08-07,09:17:00,2024-08-13,16.25,16.25,16.25,16.25,300,4350,1
FINNIFTY13AUG2421250PE.NFO,2024-08-07,09:18:00,2024-08-13,16.25,16.25,16.25,16.25,300,4350,1
FINNIFTY13AUG2421250PE.NFO,2024-08-07,09:19:00,2024-08-13,16.25,16.25,16.25,16.25,300,4350,1
FINNIFTY13AUG2421250PE.NFO,2024-08-07,09:20:00,2024-08-13,16.25,16.25,16.25,16.25,300,4350,1
FINNIFTY13AUG2421250PE.NFO,2024-08-07,09:21:00,2024-08-13,16.25,16.25,16.25,16.25,300,4350,1
FINNIFTY13AUG2421250PE.NFO,2024-08-07,09:22:00,2024-08-13,16.25,16.25,16.25,16.25,300,4350,1
FINNIFTY13AUG2421250PE.NFO,2024-08-07,09:23:00,2024-08-13,16.25,16.25,16.25,16.25,300,4350,1
FINNIFTY13AUG2421250PE.NFO,2024-08-07,09:24:00,2024-08-13,16.25,16.25,16.25,16.25,300,4350,1
FINNIFTY13AUG2421250PE.NFO,2024-08-07,09:25:00,2024-08-13,16.25,16.25,16.25,16.25,300,4350,1
FINNIFTY13AUG2421250PE.NFO,2024-08-07,09:26:00,2024-08-13,16.25,16.25,16.25,16.25,300,4350,1
FINNIFTY13AUG2421250PE.NFO,2024-08-07,09:27:00,2024-08-13,16.25,16.25,16.25,16.25,300,4350,1
FINNIFTY13AUG2421250PE.NFO,2024-08-07,09:28:00,2024-08-13,21.85,21.85,11.25,16.25,300,4350,0
FINNIFTY13AUG2421250PE.NFO,2024-08-07,09:29:00,2024-08-13,16.25,16.25,16.25,16.25,0,4350,0
FINNIFTY13AUG2421250PE.NFO,2024-08-07,09:30:00,2024-08-13,16.25,16.25,10.55,10.55,225,4350,0
FINNIFTY13AUG2421250PE.NFO,2024-08-07,09:31:00,2024-08-13,10.55,11.0,10.55,11.0,525,550,0
FINNIFTY13AUG2421250PE.NFO,2024-08-07,09:32:00,2024-08-13,11.0,11.0,11.0,11.0,400,550,0
FINNIFTY13AUG2421250PE.NFO,2024-08-07,09:33:00,2024-08-13,11.0,12.9,11.0,12.9,25,550,0
FINNIFTY13AUG2421250PE.NFO,2024-08-07,09:34:00,2024-08-13,12.9,12.9,11.35,12.75,200,1575,0
FINNIFTY13AUG2421250PE.NFO,2024-08-07,09:35:00,2024-08-13,12.75,12.75,11.35,11.35,75,1575,0
FINNIFTY13AUG2421250PE.NFO,2024-08-07,09:36:00,2024-08-13,11.35,11.35,11.35,11.35,0,1575,0
FINNIFTY13AUG2421250PE.NFO,2024-08-07,09:37:00,2024-08-13,11.35,12.4,10.95,10.95,50,1600,0
FINNIFTY13AUG2421250PE.NFO,2024-08-07,09:38:00,2024-08-13,10.95,10.95,10.95,10.95,0,1600,0
FINNIFTY13AUG2421250PE.NFO,2024-08-07,09:39:00,2024-08-13,10.95,10.95,10.95,10.95,0,1600,0
FINNIFTY13AUG2421250PE.NFO,2024-08-07,09:40:00,2024-08-13,10.95,11.3,10.95,11.3,25,1600,0
FINNIFTY13AUG2421250PE.NFO,2024-08-07,09:41:00,2024-08-13,11.3,11.3,11.3,11.3,0,1600,0
FINNIFTY13AUG2421250PE.NFO,2024-08-07,09:42:00,2024-08-13,11.3,11.3,11.3,11.3,0,1600,0
FINNIFTY13AUG2421250PE.NFO,2024-08-07,09:43:00,2024-08-13,11.3,11.5,11.15,11.5,100,1625,0
FINNIFTY13AUG2421250PE.NFO,2024-08-07,09:44:00,2024-08-13,11.5,11.7,11.5,11.7,25,1625,0
FINNIFTY13AUG2421250PE.NFO,2024-08-07,09:45:00,2024-08-13,11.7,11.7,11.7,11.7,0,1625,0
FINNIFTY13AUG2421250PE.NFO,2024-08-07,09:46:00,2024-08-13,11.7,11.7,11.7,11.7,0,1625,0
FINNIFTY13AUG2421250PE.NFO,2024-08-07,09:47:00,2024-08-13,11.7,11.7,11.7,11.7,0,1625,0
FINNIFTY13AUG2421250PE.NFO,2024-08-07,09:48:00,2024-08-13,11.7,12.6,11.7,12.6,375,1675,0
FINNIFTY13AUG2421250PE.NFO,2024-08-07,09:49:00,2024-08-13,12.6,12.6,11.7,11.7,450,1925,0
FINNIFTY13AUG2421250PE.NFO,2024-08-07,09:50:00,2024-08-13,11.7,11.95,11.7,11.85,175,1925,0
FINNIFTY13AUG2421250PE.NFO,2024-08-07,09:51:00,2024-08-13,11.85,11.85,11.8,11.8,25,1925,0
FINNIFTY13AUG2421250PE.NFO,2024-08-07,09:52:00,2024-08-13,11.8,12.1,11.75,11.75,125,2350,0
FINNIFTY13AUG2421250PE.NFO,2024-08-07,09:53:00,2024-08-13,11.75,11.75,11.3,11.3,375,2350,0
FINNIFTY13AUG2421250PE.NFO,2024-08-07,09:54:00,2024-08-13,11.3,11.65,11.3,11.65,200,2350,0
FINNIFTY13AUG2421250PE.NFO,2024-08-07,09:55:00,2024-08-13,11.65,11.65,11.65,11.65,0,2350,0
FINNIFTY13AUG2421250PE.NFO,2024-08-07,09:56:00,2024-08-13,11.65,11.65,11.55,11.65,50,2450,0
FINNIFTY13AUG2421250PE.NFO,2024-08-07,09:57:00,2024-08-13,11.65,11.7,11.65,11.7,50,2450,0
FINNIFTY13AUG2421250PE.NFO,2024-08-07,09:58:00,2024-08-13,11.7,11.95,11.7,11.75,150,2150,0
FINNIFTY13AUG2421250PE.NFO,2024-08-07,09:59:00,2024-08-13,11.75,11.75,11.6,11.6,25,2150,0
FINNIFTY13AUG2421250PE.NFO,2024-08-07,10:00:00,2024-08-13,11.6,11.65,11.3,11.45,425,2150,0
FINNIFTY13AUG2421250PE.NFO,2024-08-07,10:01:00,2024-08-13,11.45,11.5,11.35,11.45,175,2600,0
FINNIFTY13AUG2421250PE.NFO,2024-08-07,10:02:00,2024-08-13,11.45,11.85,11.45,11.85,75,2600,0
FINNIFTY13AUG2421250PE.NFO,2024-08-07,10:03:00,2024-08-13,11.85,11.95,11.65,11.85,450,2600,0
FINNIFTY13AUG2421250PE.NFO,2024-08-07,10:04:00,2024-08-13,11.85,11.85,11.8,11.8,25,3000,0
FINNIFTY13AUG2421250PE.NFO,2024-08-07,10:05:00,2024-08-13,11.8,13.65,11.8,13.65,125,3000,0
FINNIFTY13AUG2421250PE.NFO,2024-08-07,10:06:00,2024-08-13,13.65,14.4,13.55,13.55,1925,3000,0
FINNIFTY13AUG2421250PE.NFO,2024-08-07,10:07:00,2024-08-13,13.55,14.4,12.85,14.25,1425,3850,0
FINNIFTY13AUG2421250PE.NFO,2024-08-07,10:08:00,2024-08-13,14.25,14.25,13.85,14.05,325,3850,0
FINNIFTY13AUG2421250PE.NFO,2024-08-07,10:09:00,2024-08-13,14.05,14.55,13.85,13.9,1225,3850,0
FINNIFTY13AUG2421250PE.NFO,2024-08-07,10:10:00,2024-08-13,13.9,14.3,13.7,13.75,4175,4000,0
FINNIFTY13AUG2421250PE.NFO,2024-08-07,10:11:00,2024-08-13,13.75,13.85,13.35,13.35,3575,4000,0
FINNIFTY13AUG2421250PE.NFO,2024-08-07,10:12:00,2024-08-13,13.35,13.45,13.15,13.15,2475,4000,0
FINNIFTY13AUG2421250PE.NFO,2024-08-07,10:13:00,2024-08-13,13.15,13.95,13.15,13.45,1375,11000,0
FINNIFTY13AUG2421250PE.NFO,2024-08-07,10:14:00,2024-08-13,13.45,13.9,13.35,13.75,1975,11000,0
FINNIFTY13AUG2421250PE.NFO,2024-08-07,10:15:00,2024-08-13,13.75,13.75,13.4,13.55,425,11000,0
FINNIFTY13AUG2421250PE.NFO,2024-08-07,10:16:00,2024-08-13,13.55,13.55,13.55,13.55,0,11000,0
FINNIFTY13AUG2421250PE.NFO,2024-08-07,10:17:00,2024-08-13,13.55,13.9,13.2,13.3,3325,13500,0
FINNIFTY13AUG2421250PE.NFO,2024-08-07,10:18:00,2024-08-13,13.3,13.3,13.1,13.25,1875,13500,0
FINNIFTY13AUG2421250PE.NFO,2024-08-07,10:19:00,2024-08-13,13.25,13.25,12.6,12.7,150,14225,0
FINNIFTY13AUG2421250PE.NFO,2024-08-07,10:20:00,2024-08-13,12.7,12.7,12.55,12.55,100,14225,0
FINNIFTY13AUG2421250PE.NFO,2024-08-07,10:21:00,2024-08-13,12.55,12.85,12.55,12.85,75,14225,0
FINNIFTY13AUG2421250PE.NFO,2024-08-07,10:22:00,2024-08-13,12.85,12.95,12.65,12.75,725,13900,0
FINNIFTY13AUG2421250PE.NFO,2024-08-07,10:23:00,2024-08-13,12.75,12.75,12.3,12.4,775,13900,0
FINNIFTY13AUG2421250PE.NFO,2024-08-07,10:24:00,2024-08-13,12.4,12.45,12.35,12.45,275,13900,0
FINNIFTY13AUG2421250PE.NFO,2024-08-07,10:25:00,2024-08-13,12.45,12.45,12.45,12.45,75,13025,0
FINNIFTY13AUG2421250PE.NFO,2024-08-07,10:26:00,2024-08-13,12.45,12.9,12.45,12.9,175,13025,0
FINNIFTY13AUG2421250PE.NFO,2024-08-07,10:27:00,2024-08-13,12.9,12.9,12.1,12.35,850,13025,0
FINNIFTY13AUG2421250PE.NFO,2024-08-07,10:28:00,2024-08-13,12.35,12.35,12.0,12.1,250,13325,0
FINNIFTY13AUG2421250PE.NFO,2024-08-07,10:29:00,2024-08-13,12.1,12.1,11.2,11.2,50,13325,0
FINNIFTY13AUG2421250PE.NFO,2024-08-07,10:30:00,2024-08-13,11.2,11.2,9.7,9.7,1650,13325,0
FINNIFTY13AUG2421250PE.NFO,2024-08-07,10:31:00,2024-08-13,9.65,10.25,9.45,10.25,1150,13225,0
FINNIFTY13AUG2421250PE.NFO,2024-08-07,10:32:00,2024-08-13,10.25,10.35,10.1,10.35,500,13225,0
FINNIFTY13AUG2421250PE.NFO,2024-08-07,10:33:00,2024-08-13,10.35,10.45,10.35,10.4,50,13225,0
FINNIFTY13AUG2421250PE.NFO,2024-08-07,10:34:00,2024-08-13,10.4,10.45,10.35,10.35,75,13725,0
FINNIFTY13AUG2421250PE.NFO,2024-08-07,10:35:00,2024-08-13,10.35,10.35,10.0,10.0,50,13725,0
FINNIFTY13AUG2421250PE.NFO,2024-08-07,10:36:00,2024-08-13,10.0,10.0,9.2,9.25,1500,13725,0
FINNIFTY13AUG2421250PE.NFO,2024-08-07,10:37:00,2024-08-13,9.25,9.25,8.95,8.95,1075,13650,0
FINNIFTY13AUG2421250PE.NFO,2024-08-07,10:38:00,2024-08-13,8.9,9.3,8.7,9.3,500,13650,0
FINNIFTY13AUG2421250PE.NFO,2024-08-07,10:39:00,2024-08-13,9.3,9.3,8.95,9.05,275,13650,0
FINNIFTY13AUG2421250PE.NFO,2024-08-07,10:40:00,2024-08-13,9.05,9.65,8.9,9.65,625,12200,0
FINNIFTY13AUG2421250PE.NFO,2024-08-07,10:41:00,2024-08-13,9.65,9.8,9.6,9.8,1050,12200,0
FINNIFTY13AUG2421250PE.NFO,2024-08-07,10:42:00,2024-08-13,9.8,9.85,9.5,9.5,425,12200,0
FINNIFTY13AUG2421250PE.NFO,2024-08-07,10:43:00,2024-08-13,9.5,9.7,9.25,9.55,650,12000,0
FINNIFTY13AUG2421250PE.NFO,2024-08-07,10:44:00,2024-08-13,9.55,9.55,9.55,9.55,0,12000,0
FINNIFTY13AUG2421250PE.NFO,2024-08-07,10:45:00,2024-08-13,9.55,9.55,9.15,9.15,325,12000,0
FINNIFTY13AUG2421250PE.NFO,2024-08-07,10:46:00,2024-08-13,9.15,9.5,9.15,9.5,175,11250,0
FINNIFTY13AUG2421250PE.NFO,2024-08-07,10:47:00,2024-08-13,9.5,9.6,9.4,9.4,125,11250,0
FINNIFTY13AUG2421250PE.NFO,2024-08-07,10:48:00,2024-08-13,9.4,9.55,9.4,9.4,275,11250,0
FINNIFTY13AUG2421250PE.NFO,2024-08-07,10:49:00,2024-08-13,9.4,9.4,9.4,9.4,0,11250,0
FINNIFTY13AUG2421250PE.NFO,2024-08-07,10:50:00,2024-08-13,9.4,9.8,9.4,9.8,775,10500,0
FINNIFTY13AUG2421250PE.NFO,2024-08-07,10:51:00,2024-08-13,9.65,9.65,9.3,9.4,1025,10500,0
FINNIFTY13AUG2421250PE.NFO,2024-08-07,10:52:00,2024-08-13,9.4,9.65,9.4,9.6,600,10200,0
FINNIFTY13AUG2421250PE.NFO,2024-08-07,10:53:00,2024-08-13,9.6,9.6,9.55,9.55,275,10200,0
FINNIFTY13AUG2421250PE.NFO,2024-08-07,10:54:00,2024-08-13,9.55,9.55,9.15,9.2,925,10200,0
FINNIFTY13AUG2421250PE.NFO,2024-08-07,10:55:00,2024-08-13,9.2,9.25,9.1,9.1,75,10750,0
FINNIFTY13AUG2421250PE.NFO,2024-08-07,10:56:00,2024-08-13,9.1,9.1,9.05,9.05,425,10750,0
FINNIFTY13AUG2421250PE.NFO,2024-08-07,10:57:00,2024-08-13,9.05,9.25,9.05,9.15,225,10750,0
FINNIFTY13AUG2421250PE.NFO,2024-08-07,10:58:00,2024-08-13,9.15,9.15,9.05,9.05,150,10525,0
FINNIFTY13AUG2421250PE.NFO,2024-08-07,10:59:00,2024-08-13,9.05,9.05,9.0,9.0,50,10525,0
FINNIFTY13AUG2421250PE.NFO,2024-08-07,11:00:00,2024-08-13,9.0,9.1,8.95,9.0,400,10525,0
FINNIFTY13AUG2421250PE.NFO,2024-08-07,11:01:00,2024-08-13,9.0,9.05,9.0,9.05,175,10150,0
FINNIFTY13AUG2421250PE.NFO,2024-08-07,11:02:00,2024-08-13,9.0,9.05,8.95,8.95,450,10150,0
FINNIFTY13AUG2421250PE.NFO,2024-08-07,11:03:00,2024-08-13,8.95,9.95,8.95,9.95,1500,10150,0
FINNIFTY13AUG2421250PE.NFO,2024-08-07,11:04:00,2024-08-13,9.8,9.85,9.6,9.7,625,9225,0
FINNIFTY13AUG2421250PE.NFO,2024-08-07,11:05:00,2024-08-13,9.7,9.75,9.5,9.75,750,9225,0
FINNIFTY13AUG2421250PE.NFO,2024-08-07,11:06:00,2024-08-13,9.75,10.3,9.75,10.3,150,9225,0
FINNIFTY13AUG2421250PE.NFO,2024-08-07,11:07:00,2024-08-13,10.3,10.3,10.3,10.3,0,9225,0
FINNIFTY13AUG2421250PE.NFO,2024-08-07,11:08:00,2024-08-13,10.3,10.7,10.3,10.7,25,9300,0
FINNIFTY13AUG2421250PE.NFO,2024-08-07,11:09:00,2024-08-13,10.7,11.2,10.7,10.8,150,9300,0
FINNIFTY13AUG2421250PE.NFO,2024-08-07,11:10:00,2024-08-13,10.8,11.0,10.7,11.0,450,9300,0
FINNIFTY13AUG2421250PE.NFO,2024-08-07,11:11:00,2024-08-13,11.0,11.0,10.75,10.75,25,9300,0
FINNIFTY13AUG2421250PE.NFO,2024-08-07,11:12:00,2024-08-13,10.75,10.75,10.4,10.4,200,9300,0
FINNIFTY13AUG2421250PE.NFO,2024-08-07,11:13:00,2024-08-13,10.4,10.4,10.4,10.4,0,9300,0
FINNIFTY13AUG2421250PE.NFO,2024-08-07,11:14:00,2024-08-13,10.4,10.5,10.25,10.25,100,9075,0
FINNIFTY13AUG2421250PE.NFO,2024-08-07,11:15:00,2024-08-13,10.25,10.25,10.25,10.25,75,9075,0
FINNIFTY13AUG2421250PE.NFO,2024-08-07,11:16:00,2024-08-13,10.25,10.5,10.25,10.5,25,9075,0
FINNIFTY13AUG2421250PE.NFO,2024-08-07,11:17:00,2024-08-13,10.5,10.6,10.5,10.6,100,9175,0
FINNIFTY13AUG2421250PE.NFO,2024-08-07,11:18:00,2024-08-13,10.6,10.6,10.6,10.6,0,9175,0
FINNIFTY13AUG2421250PE.NFO,2024-08-07,11:19:00,2024-08-13,10.6,10.7,10.6,10.7,50,8900,0
FINNIFTY13AUG2421250PE.NFO,2024-08-07,11:20:00,2024-08-13,10.7,10.7,10.5,10.5,50,8900,0
FINNIFTY13AUG2421250PE.NFO,2024-08-07,11:21:00,2024-08-13,10.5,10.5,10.35,10.35,200,8900,0
FINNIFTY13AUG2421250PE.NFO,2024-08-07,11:22:00,2024-08-13,10.35,10.35,10.35,10.35,0,8900,0
FINNIFTY13AUG2421250PE.NFO,2024-08-07,11:23:00,2024-08-13,10.35,10.55,10.35,10.5,50,8875,0
FINNIFTY13AUG2421250PE.NFO,2024-08-07,11:24:00,2024-08-13,10.5,10.5,10.5,10.5,0,8875,0
FINNIFTY13AUG2421250PE.NFO,2024-08-07,11:25:00,2024-08-13,10.5,10.5,9.9,9.9,175,8825,0
FINNIFTY13AUG2421250PE.NFO,2024-08-07,11:26:00,2024-08-13,9.9,10.05,9.9,10.05,125,8825,0
FINNIFTY13AUG2421250PE.NFO,2024-08-07,11:27:00,2024-08-13,10.05,10.05,10.0,10.05,75,8825,0
FINNIFTY13AUG2421250PE.NFO,2024-08-07,11:28:00,2024-08-13,10.05,10.15,9.6,9.7,100,8500,0
FINNIFTY13AUG2421250PE.NFO,2024-08-07,11:29:00,2024-08-13,9.7,9.7,9.7,9.7,0,8500,0
FINNIFTY13AUG2421250PE.NFO,2024-08-07,11:30:00,2024-08-13,9.7,9.8,9.7,9.8,25,8500,0
FINNIFTY13AUG2421250PE.NFO,2024-08-07,11:31:00,2024-08-13,9.8,9.8,9.35,9.55,575,8550,0
FINNIFTY13AUG2421250PE.NFO,2024-08-07,11:32:00,2024-08-13,9.55,9.55,9.55,9.55,0,8550,0
FINNIFTY13AUG2421250PE.NFO,2024-08-07,11:33:00,2024-08-13,9.55,9.85,9.5,9.85,450,8550,0
FINNIFTY13AUG2421250PE.NFO,2024-08-07,11:34:00,2024-08-13,9.85,9.95,9.8,9.95,150,8775,0
FINNIFTY13AUG2421250PE.NFO,2024-08-07,11:35:00,2024-08-13,9.95,9.95,9.65,9.65,25,8775,0
FINNIFTY13AUG2421250PE.NFO,2024-08-07,11:36:00,2024-08-13,9.5,9.5,9.0,9.0,475,8775,0
FINNIFTY13AUG2421250PE.NFO,2024-08-07,11:37:00,2024-08-13,9.0,9.45,9.0,9.45,100,8875,0
FINNIFTY13AUG2421250PE.NFO,2024-08-07,11:38:00,2024-08-13,9.45,9.5,9.4,9.45,100,8875,0
FINNIFTY13AUG2421250PE.NFO,2024-08-07,11:39:00,2024-08-13,9.45,9.55,9.45,9.55,50,8875,0
FINNIFTY13AUG2421250PE.NFO,2024-08-07,11:40:00,2024-08-13,9.55,9.75,9.55,9.7,50,8975,0
FINNIFTY13AUG2421250PE.NFO,2024-08-07,11:41:00,2024-08-13,9.7,9.75,9.7,9.75,25,8975,0
FINNIFTY13AUG2421250PE.NFO,2024-08-07,11:42:00,2024-08-13,9.75,9.75,9.7,9.75,100,8975,0
FINNIFTY13AUG2421250PE.NFO,2024-08-07,11:43:00,2024-08-13,9.75,9.75,9.5,9.5,50,8775,0
FINNIFTY13AUG2421250PE.NFO,2024-08-07,11:44:00,2024-08-13,9.5,9.55,9.4,9.4,375,8775,0
FINNIFTY13AUG2421250PE.NFO,2024-08-07,11:45:00,2024-08-13,9.4,9.5,9.35,9.35,225,8775,0
FINNIFTY13AUG2421250PE.NFO,2024-08-07,11:46:00,2024-08-13,9.35,9.5,9.35,9.5,175,9100,0
FINNIFTY13AUG2421250PE.NFO,2024-08-07,11:47:00,2024-08-13,9.5,9.65,9.5,9.65,50,9100,0
FINNIFTY13AUG2421250PE.NFO,2024-08-07,11:48:00,2024-08-13,9.65,9.65,9.65,9.65,0,9100,0
FINNIFTY13AUG2421250PE.NFO,2024-08-07,11:49:00,2024-08-13,9.65,10.1,9.65,10.1,150,9225,0
FINNIFTY13AUG2421250PE.NFO,2024-08-07,11:50:00,2024-08-13,10.1,10.1,9.75,9.75,25,9225,0
FINNIFTY13AUG2421250PE.NFO,2024-08-07,11:51:00,2024-08-13,9.75,9.75,9.6,9.65,275,9225,0
FINNIFTY13AUG2421250PE.NFO,2024-08-07,11:52:00,2024-08-13,9.65,9.75,9.65,9.75,25,8550,0
FINNIFTY13AUG2421250PE.NFO,2024-08-07,11:53:00,2024-08-13,9.75,9.75,9.45,9.45,375,8550,0
FINNIFTY13AUG2421250PE.NFO,2024-08-07,11:54:00,2024-08-13,9.4,9.45,9.4,9.45,175,8550,0
FINNIFTY13AUG2421250PE.NFO,2024-08-07,11:55:00,2024-08-13,9.45,9.45,9.1,9.15,325,8575,0
FINNIFTY13AUG2421250PE.NFO,2024-08-07,11:56:00,2024-08-13,9.15,9.15,9.0,9.05,350,8575,0
FINNIFTY13AUG2421250PE.NFO,2024-08-07,11:57:00,2024-08-13,9.05,9.05,8.95,8.95,175,8575,0
FINNIFTY13AUG2421250PE.NFO,2024-08-07,11:58:00,2024-08-13,8.95,9.1,8.95,9.1,175,8600,0
FINNIFTY13AUG2421250PE.NFO,2024-08-07,11:59:00,2024-08-13,9.1,9.25,9.1,9.25,50,8600,0
FINNIFTY13AUG2421250PE.NFO,2024-08-07,12:00:00,2024-08-13,9.25,9.25,9.2,9.2,225,8600,0
FINNIFTY13AUG2421250PE.NFO,2024-08-07,12:01:00,2024-08-13,9.2,9.2,9.2,9.2,25,8600,0
FINNIFTY13AUG2421250PE.NFO,2024-08-07,12:02:00,2024-08-13,9.2,9.2,8.85,8.85,50,8825,0
FINNIFTY13AUG2421250PE.NFO,2024-08-07,12:03:00,2024-08-13,8.85,8.85,8.85,8.85,0,8825,0
FINNIFTY13AUG2421250PE.NFO,2024-08-07,12:04:00,2024-08-13,8.85,8.85,8.7,8.75,125,9000,0
FINNIFTY13AUG2421250PE.NFO,2024-08-07,12:05:00,2024-08-13,8.75,8.95,8.75,8.95,250,9000,0
FINNIFTY13AUG2421250PE.NFO,2024-08-07,12:06:00,2024-08-13,8.95,8.95,8.95,8.95,0,9000,0
FINNIFTY13AUG2421250PE.NFO,2024-08-07,12:07:00,2024-08-13,8.95,8.95,8.6,8.7,250,9175,0
FINNIFTY13AUG2421250PE.NFO,2024-08-07,12:08:00,2024-08-13,8.7,8.85,8.7,8.85,25,9175,0
FINNIFTY13AUG2421250PE.NFO,2024-08-07,12:09:00,2024-08-13,8.85,9.05,8.85,9.0,100,9175,0
FINNIFTY13AUG2421250PE.NFO,2024-08-07,12:10:00,2024-08-13,9.0,9.1,9.0,9.1,75,9175,0
FINNIFTY13AUG2421250PE.NFO,2024-08-07,12:11:00,2024-08-13,9.1,9.1,9.1,9.1,25,9175,0
FINNIFTY13AUG2421250PE.NFO,2024-08-07,12:12:00,2024-08-13,9.1,9.15,9.05,9.15,75,9175,0
FINNIFTY13AUG2421250PE.NFO,2024-08-07,12:13:00,2024-08-13,9.15,9.45,9.15,9.45,200,9325,0
FINNIFTY13AUG2421250PE.NFO,2024-08-07,12:14:00,2024-08-13,9.45,9.45,9.25,9.3,175,9325,0
FINNIFTY13AUG2421250PE.NFO,2024-08-07,12:15:00,2024-08-13,9.3,9.3,8.75,8.85,100,9325,0
FINNIFTY13AUG2421250PE.NFO,2024-08-07,12:16:00,2024-08-13,8.85,8.85,8.6,8.6,75,9325,0
FINNIFTY13AUG2421250PE.NFO,2024-08-07,12:17:00,2024-08-13,8.6,8.75,8.6,8.75,25,9125,0
FINNIFTY13AUG2421250PE.NFO,2024-08-07,12:18:00,2024-08-13,8.75,8.75,8.6,8.65,25,9125,0
FINNIFTY13AUG2421250PE.NFO,2024-08-07,12:19:00,2024-08-13,8.65,8.65,8.45,8.45,175,9075,0
FINNIFTY13AUG2421250PE.NFO,2024-08-07,12:20:00,2024-08-13,8.4,8.4,8.0,8.0,425,9075,0
FINNIFTY13AUG2421250PE.NFO,2024-08-07,12:21:00,2024-08-13,8.0,8.0,7.75,7.8,450,9075,0
FINNIFTY13AUG2421250PE.NFO,2024-08-07,12:22:00,2024-08-13,7.8,7.9,7.8,7.9,150,8800,0
FINNIFTY13AUG2421250PE.NFO,2024-08-07,12:23:00,2024-08-13,7.9,7.9,7.85,7.85,300,8800,0
FINNIFTY13AUG2421250PE.NFO,2024-08-07,12:24:00,2024-08-13,7.85,8.0,7.6,7.6,150,8800,0
FINNIFTY13AUG2421250PE.NFO,2024-08-07,12:25:00,2024-08-13,7.6,7.6,7.3,7.6,175,8975,0
FINNIFTY13AUG2421250PE.NFO,2024-08-07,12:26:00,2024-08-13,7.6,7.9,7.6,7.85,325,8975,0
FINNIFTY13AUG2421250PE.NFO,2024-08-07,12:27:00,2024-08-13,7.85,7.95,7.85,7.95,125,8975,0
FINNIFTY13AUG2421250PE.NFO,2024-08-07,12:28:00,2024-08-13,7.95,8.05,7.95,8.05,250,8925,0
FINNIFTY13AUG2421250PE.NFO,2024-08-07,12:29:00,2024-08-13,8.05,8.05,7.85,8.0,75,8925,0
FINNIFTY13AUG2421250PE.NFO,2024-08-07,12:30:00,2024-08-13,8.0,8.05,7.9,8.0,275,8925,0
FINNIFTY13AUG2421250PE.NFO,2024-08-07,12:31:00,2024-08-13,8.0,8.05,7.8,7.8,700,9150,0
FINNIFTY13AUG2421250PE.NFO,2024-08-07,12:32:00,2024-08-13,7.8,7.95,7.75,7.95,725,9150,0
FINNIFTY13AUG2421250PE.NFO,2024-08-07,12:33:00,2024-08-13,7.95,8.05,7.95,8.05,200,9150,0
FINNIFTY13AUG2421250PE.NFO,2024-08-07,12:34:00,2024-08-13,8.05,8.05,7.9,7.9,500,9325,0
FINNIFTY13AUG2421250PE.NFO,2024-08-07,12:35:00,2024-08-13,7.9,8.0,7.9,7.95,500,9325,0
FINNIFTY13AUG2421250PE.NFO,2024-08-07,12:36:00,2024-08-13,7.95,7.95,7.6,7.75,600,9325,0
FINNIFTY13AUG2421250PE.NFO,2024-08-07,12:37:00,2024-08-13,7.75,7.85,7.65,7.85,150,9175,0
FINNIFTY13AUG2421250PE.NFO,2024-08-07,12:38:00,2024-08-13,7.85,7.85,7.8,7.8,100,9175,0
FINNIFTY13AUG2421250PE.NFO,2024-08-07,12:39:00,2024-08-13,7.8,7.8,7.6,7.6,75,9175,0
FINNIFTY13AUG2421250PE.NFO,2024-08-07,12:40:00,2024-08-13,7.6,7.6,7.6,7.6,0,9175,0
FINNIFTY13AUG2421250PE.NFO,2024-08-07,12:41:00,2024-08-13,7.6,7.75,7.55,7.75,400,9000,0
FINNIFTY13AUG2421250PE.NFO,2024-08-07,12:42:00,2024-08-13,7.75,7.8,7.75,7.8,100,9000,0
FINNIFTY13AUG2421250PE.NFO,2024-08-07,12:43:00,2024-08-13,7.8,7.8,7.8,7.8,0,9000,0
FINNIFTY13AUG2421250PE.NFO,2024-08-07,12:44:00,2024-08-13,7.8,7.8,7.8,7.8,0,9000,0
FINNIFTY13AUG2421250PE.NFO,2024-08-07,12:45:00,2024-08-13,7.8,7.8,7.7,7.7,50,8625,0
FINNIFTY13AUG2421250PE.NFO,2024-08-07,12:46:00,2024-08-13,7.7,7.7,7.65,7.65,225,8800,0
FINNIFTY13AUG2421250PE.NFO,2024-08-07,12:47:00,2024-08-13,7.65,7.65,7.65,7.65,0,8800,0
FINNIFTY13AUG2421250PE.NFO,2024-08-07,12:48:00,2024-08-13,7.65,7.65,7.5,7.55,125,8800,0
FINNIFTY13AUG2421250PE.NFO,2024-08-07,12:49:00,2024-08-13,7.55,7.55,7.35,7.35,25,8800,0
FINNIFTY13AUG2421250PE.NFO,2024-08-07,12:50:00,2024-08-13,7.35,7.65,7.35,7.65,25,7750,0
FINNIFTY13AUG2421250PE.NFO,2024-08-07,12:51:00,2024-08-13,7.65,7.65,7.65,7.65,0,7750,0
FINNIFTY13AUG2421250PE.NFO,2024-08-07,12:52:00,2024-08-13,7.65,7.65,7.65,7.65,25,7675,0
FINNIFTY13AUG2421250PE.NFO,2024-08-07,12:53:00,2024-08-13,7.65,7.95,7.65,7.95,25,7675,0
FINNIFTY13AUG2421250PE.NFO,2024-08-07,12:54:00,2024-08-13,7.95,8.2,7.9,8.1,425,7675,0
FINNIFTY13AUG2421250PE.NFO,2024-08-07,12:55:00,2024-08-13,8.1,8.1,7.95,7.95,25,7950,0
FINNIFTY13AUG2421250PE.NFO,2024-08-07,12:56:00,2024-08-13,7.95,7.95,7.95,7.95,0,7950,0
FINNIFTY13AUG2421250PE.NFO,2024-08-07,12:57:00,2024-08-13,7.95,8.2,7.95,8.2,75,7950,0
FINNIFTY13AUG2421250PE.NFO,2024-08-07,12:58:00,2024-08-13,8.2,8.2,8.2,8.2,0,7950,0
FINNIFTY13AUG2421250PE.NFO,2024-08-07,12:59:00,2024-08-13,8.2,8.2,8.2,8.2,0,7950,0
FINNIFTY13AUG2421250PE.NFO,2024-08-07,13:00:00,2024-08-13,8.2,8.25,8.2,8.25,175,7950,0
FINNIFTY13AUG2421250PE.NFO,2024-08-07,13:01:00,2024-08-13,8.25,8.45,8.25,8.45,0,8025,0
FINNIFTY13AUG2421250PE.NFO,2024-08-07,13:02:00,2024-08-13,8.45,8.45,8.45,8.45,0,8025,0
FINNIFTY13AUG2421250PE.NFO,2024-08-07,13:03:00,2024-08-13,8.45,8.45,8.25,8.25,225,8025,0
FINNIFTY13AUG2421250PE.NFO,2024-08-07,13:04:00,2024-08-13,8.25,8.3,8.25,8.25,75,7800,0
FINNIFTY13AUG2421250PE.NFO,2024-08-07,13:05:00,2024-08-13,8.25,8.25,8.15,8.15,25,7800,0
FINNIFTY13AUG2421250PE.NFO,2024-08-07,13:06:00,2024-08-13,8.15,8.15,8.1,8.1,25,7800,0
FINNIFTY13AUG2421250PE.NFO,2024-08-07,13:07:00,2024-08-13,8.1,8.15,7.95,8.15,150,7775,0
FINNIFTY13AUG2421250PE.NFO,2024-08-07,13:08:00,2024-08-13,8.15,8.25,8.15,8.25,50,7775,0
FINNIFTY13AUG2421250PE.NFO,2024-08-07,13:09:00,2024-08-13,8.25,8.65,8.2,8.45,250,7775,0
FINNIFTY13AUG2421250PE.NFO,2024-08-07,13:10:00,2024-08-13,8.45,8.45,8.3,8.3,50,7775,0
FINNIFTY13AUG2421250PE.NFO,2024-08-07,13:11:00,2024-08-13,8.3,8.35,8.25,8.3,150,7975,0
FINNIFTY13AUG2421250PE.NFO,2024-08-07,13:12:00,2024-08-13,8.3,8.3,8.3,8.3,75,7975,0
FINNIFTY13AUG2421250PE.NFO,2024-08-07,13:13:00,2024-08-13,8.3,8.3,8.15,8.15,125,7875,0
FINNIFTY13AUG2421250PE.NFO,2024-08-07,13:14:00,2024-08-13,8.15,8.15,8.1,8.1,0,7875,0
FINNIFTY13AUG2421250PE.NFO,2024-08-07,13:15:00,2024-08-13,8.1,8.35,8.1,8.35,250,7875,0
FINNIFTY13AUG2421250PE.NFO,2024-08-07,13:16:00,2024-08-13,8.35,8.35,8.25,8.35,125,7775,0
FINNIFTY13AUG2421250PE.NFO,2024-08-07,13:17:00,2024-08-13,8.35,8.35,8.25,8.25,125,7775,0
FINNIFTY13AUG2421250PE.NFO,2024-08-07,13:18:00,2024-08-13,8.25,8.35,8.2,8.35,75,7775,0
FINNIFTY13AUG2421250PE.NFO,2024-08-07,13:19:00,2024-08-13,8.35,8.35,8.35,8.35,100,7825,0
FINNIFTY13AUG2421250PE.NFO,2024-08-07,13:20:00,2024-08-13,8.35,8.5,8.35,8.45,225,7825,0
FINNIFTY13AUG2421250PE.NFO,2024-08-07,13:21:00,2024-08-13,8.45,8.45,8.0,8.1,675,7825,0
FINNIFTY13AUG2421250PE.NFO,2024-08-07,13:22:00,2024-08-13,8.1,8.1,8.05,8.1,225,7825,0
FINNIFTY13AUG2421250PE.NFO,2024-08-07,13:23:00,2024-08-13,8.1,8.5,8.1,8.45,150,7750,0
FINNIFTY13AUG2421250PE.NFO,2024-08-07,13:24:00,2024-08-13,8.45,8.45,8.4,8.4,50,7750,0
FINNIFTY13AUG2421250PE.NFO,2024-08-07,13:25:00,2024-08-13,8.4,8.4,8.4,8.4,0,7750,0
FINNIFTY13AUG2421250PE.NFO,2024-08-07,13:26:00,2024-08-13,8.4,8.4,8.4,8.4,0,7750,0
FINNIFTY13AUG2421250PE.NFO,2024-08-07,13:27:00,2024-08-13,8.4,8.6,8.4,8.6,75,7900,0
FINNIFTY13AUG2421250PE.NFO,2024-08-07,13:28:00,2024-08-13,8.6,8.6,8.45,8.5,150,7950,0
FINNIFTY13AUG2421250PE.NFO,2024-08-07,13:29:00,2024-08-13,8.5,8.6,8.5,8.55,75,7950,0
FINNIFTY13AUG2421250PE.NFO,2024-08-07,13:30:00,2024-08-13,8.55,8.55,8.5,8.5,75,7950,0
FINNIFTY13AUG2421250PE.NFO,2024-08-07,13:31:00,2024-08-13,8.5,8.5,8.35,8.35,150,8075,0
FINNIFTY13AUG2421250PE.NFO,2024-08-07,13:32:00,2024-08-13,8.35,8.35,8.35,8.35,100,8075,0
FINNIFTY13AUG2421250PE.NFO,2024-08-07,13:33:00,2024-08-13,8.35,8.35,8.35,8.35,0,8075,0
FINNIFTY13AUG2421250PE.NFO,2024-08-07,13:34:00,2024-08-13,8.35,8.35,8.35,8.35,75,8075,0
FINNIFTY13AUG2421250PE.NFO,2024-08-07,13:35:00,2024-08-13,8.35,8.35,8.1,8.1,75,7925,0
FINNIFTY13AUG2421250PE.NFO,2024-08-07,13:36:00,2024-08-13,8.1,8.1,7.8,7.85,200,7925,0
FINNIFTY13AUG2421250PE.NFO,2024-08-07,13:37:00,2024-08-13,7.85,7.85,7.85,7.85,0,7925,0
FINNIFTY13AUG2421250PE.NFO,2024-08-07,13:38:00,2024-08-13,7.85,7.95,7.85,7.95,75,7950,0
FINNIFTY13AUG2421250PE.NFO,2024-08-07,13:39:00,2024-08-13,7.95,7.95,7.6,7.6,275,7950,0
FINNIFTY13AUG2421250PE.NFO,2024-08-07,13:40:00,2024-08-13,7.6,7.75,7.6,7.75,125,7950,0
FINNIFTY13AUG2421250PE.NFO,2024-08-07,13:41:00,2024-08-13,7.75,7.75,7.35,7.4,600,7825,0
FINNIFTY13AUG2421250PE.NFO,2024-08-07,13:42:00,2024-08-13,7.4,7.5,7.4,7.45,525,7825,0
FINNIFTY13AUG2421250PE.NFO,2024-08-07,13:43:00,2024-08-13,7.45,7.55,7.4,7.5,875,7475,0
FINNIFTY13AUG2421250PE.NFO,2024-08-07,13:44:00,2024-08-13,7.5,7.55,7.45,7.55,250,7475,0
FINNIFTY13AUG2421250PE.NFO,2024-08-07,13:45:00,2024-08-13,7.55,7.55,7.45,7.45,175,7475,0
FINNIFTY13AUG2421250PE.NFO,2024-08-07,13:46:00,2024-08-13,7.45,7.45,7.45,7.45,25,7475,0
FINNIFTY13AUG2421250PE.NFO,2024-08-07,13:47:00,2024-08-13,7.45,7.45,7.25,7.25,125,7275,0
FINNIFTY13AUG2421250PE.NFO,2024-08-07,13:48:00,2024-08-13,7.25,7.35,7.25,7.35,75,7275,0
FINNIFTY13AUG2421250PE.NFO,2024-08-07,13:49:00,2024-08-13,7.35,7.35,7.35,7.35,0,7275,0
FINNIFTY13AUG2421250PE.NFO,2024-08-07,13:50:00,2024-08-13,7.35,7.35,7.2,7.2,600,7475,0
FINNIFTY13AUG2421250PE.NFO,2024-08-07,13:51:00,2024-08-13,7.2,7.4,7.2,7.25,250,7475,0
FINNIFTY13AUG2421250PE.NFO,2024-08-07,13:52:00,2024-08-13,7.25,7.3,7.25,7.3,25,6875,0
FINNIFTY13AUG2421250PE.NFO,2024-08-07,13:53:00,2024-08-13,7.3,7.3,7.25,7.25,0,6875,0
FINNIFTY13AUG2421250PE.NFO,2024-08-07,13:54:00,2024-08-13,7.25,7.25,7.25,7.25,0,6875,0
FINNIFTY13AUG2421250PE.NFO,2024-08-07,13:55:00,2024-08-13,7.25,7.25,7.05,7.05,175,6850,0
FINNIFTY13AUG2421250PE.NFO,2024-08-07,13:56:00,2024-08-13,7.05,7.15,7.05,7.15,350,6850,0
FINNIFTY13AUG2421250PE.NFO,2024-08-07,13:57:00,2024-08-13,7.2,7.2,7.2,7.2,50,6850,0
FINNIFTY13AUG2421250PE.NFO,2024-08-07,13:58:00,2024-08-13,7.2,7.45,7.2,7.35,1425,6700,0
FINNIFTY13AUG2421250PE.NFO,2024-08-07,13:59:00,2024-08-13,7.35,7.45,7.1,7.25,2425,6700,0
FINNIFTY13AUG2421250PE.NFO,2024-08-07,14:00:00,2024-08-13,7.25,7.55,7.25,7.55,625,6700,0
FINNIFTY13AUG2421250PE.NFO,2024-08-07,14:01:00,2024-08-13,7.55,7.55,7.5,7.55,75,6700,0
FINNIFTY13AUG2421250PE.NFO,2024-08-07,14:02:00,2024-08-13,7.55,7.65,7.55,7.65,25,6775,0
FINNIFTY13AUG2421250PE.NFO,2024-08-07,14:03:00,2024-08-13,7.65,7.7,7.45,7.45,150,6775,0
FINNIFTY13AUG2421250PE.NFO,2024-08-07,14:04:00,2024-08-13,7.45,7.6,7.45,7.6,175,6950,0
FINNIFTY13AUG2421250PE.NFO,2024-08-07,14:05:00,2024-08-13,7.6,7.75,7.6,7.7,800,6950,0
FINNIFTY13AUG2421250PE.NFO,2024-08-07,14:06:00,2024-08-13,7.7,7.7,7.6,7.65,225,6950,0
FINNIFTY13AUG2421250PE.NFO,2024-08-07,14:07:00,2024-08-13,7.65,7.65,7.6,7.6,200,7525,0
FINNIFTY13AUG2421250PE.NFO,2024-08-07,14:08:00,2024-08-13,7.6,7.6,7.5,7.5,350,7525,0
FINNIFTY13AUG2421250PE.NFO,2024-08-07,14:09:00,2024-08-13,7.45,7.45,7.4,7.4,50,7525,0
FINNIFTY13AUG2421250PE.NFO,2024-08-07,14:10:00,2024-08-13,7.4,7.4,7.35,7.35,25,7525,0
FINNIFTY13AUG2421250PE.NFO,2024-08-07,14:11:00,2024-08-13,7.35,7.4,7.35,7.4,50,7600,0
FINNIFTY13AUG2421250PE.NFO,2024-08-07,14:12:00,2024-08-13,7.4,7.4,7.4,7.4,125,7600,0
FINNIFTY13AUG2421250PE.NFO,2024-08-07,14:13:00,2024-08-13,7.4,7.4,7.4,7.4,0,7600,0
FINNIFTY13AUG2421250PE.NFO,2024-08-07,14:14:00,2024-08-13,7.4,7.4,7.3,7.3,75,5350,0
FINNIFTY13AUG2421250PE.NFO,2024-08-07,14:15:00,2024-08-13,7.3,7.3,7.0,7.0,125,5350,0
FINNIFTY13AUG2421250PE.NFO,2024-08-07,14:16:00,2024-08-13,7.0,7.0,6.95,6.95,50,5350,0
FINNIFTY13AUG2421250PE.NFO,2024-08-07,14:17:00,2024-08-13,6.95,6.95,6.95,6.95,0,5350,0
FINNIFTY13AUG2421250PE.NFO,2024-08-07,14:18:00,2024-08-13,6.95,6.95,6.6,6.6,0,5400,0
FINNIFTY13AUG2421250PE.NFO,2024-08-07,14:19:00,2024-08-13,6.6,6.6,6.6,6.6,0,5400,0
FINNIFTY13AUG2421250PE.NFO,2024-08-07,14:20:00,2024-08-13,6.6,6.6,6.6,6.6,0,5400,0
FINNIFTY13AUG2421250PE.NFO,2024-08-07,14:21:00,2024-08-13,6.6,6.65,6.35,6.4,275,5400,0
FINNIFTY13AUG2421250PE.NFO,2024-08-07,14:22:00,2024-08-13,6.4,6.4,6.4,6.4,0,5400,0
FINNIFTY13AUG2421250PE.NFO,2024-08-07,14:23:00,2024-08-13,6.4,6.7,6.4,6.65,125,5750,0
FINNIFTY13AUG2421250PE.NFO,2024-08-07,14:24:00,2024-08-13,6.65,6.65,6.65,6.65,100,5750,0
FINNIFTY13AUG2421250PE.NFO,2024-08-07,14:25:00,2024-08-13,6.65,6.65,6.35,6.35,325,5750,0
FINNIFTY13AUG2421250PE.NFO,2024-08-07,14:26:00,2024-08-13,6.35,6.35,6.35,6.35,0,5750,0
FINNIFTY13AUG2421250PE.NFO,2024-08-07,14:27:00,2024-08-13,6.35,6.4,6.35,6.4,175,5500,0
FINNIFTY13AUG2421250PE.NFO,2024-08-07,14:28:00,2024-08-13,6.4,6.4,6.4,6.4,0,5500,0
FINNIFTY13AUG2421250PE.NFO,2024-08-07,14:29:00,2024-08-13,6.4,6.4,6.4,6.4,125,5325,0
FINNIFTY13AUG2421250PE.NFO,2024-08-07,14:30:00,2024-08-13,6.4,6.55,6.4,6.55,125,5325,0
FINNIFTY13AUG2421250PE.NFO,2024-08-07,14:31:00,2024-08-13,6.55,6.55,6.55,6.55,0,5325,0
FINNIFTY13AUG2421250PE.NFO,2024-08-07,14:32:00,2024-08-13,6.55,6.55,6.55,6.55,0,5325,0
FINNIFTY13AUG2421250PE.NFO,2024-08-07,14:33:00,2024-08-13,6.55,6.7,6.55,6.7,0,5325,0
FINNIFTY13AUG2421250PE.NFO,2024-08-07,14:34:00,2024-08-13,6.7,6.7,6.7,6.7,0,5325,0
FINNIFTY13AUG2421250PE.NFO,2024-08-07,14:35:00,2024-08-13,6.7,6.7,6.7,6.7,0,5325,0
FINNIFTY13AUG2421250PE.NFO,2024-08-07,14:36:00,2024-08-13,6.7,6.7,6.7,6.7,0,5325,0
FINNIFTY13AUG2421250PE.NFO,2024-08-07,14:37:00,2024-08-13,6.7,6.7,6.7,6.7,0,5325,0
FINNIFTY13AUG2421250PE.NFO,2024-08-07,14:38:00,2024-08-13,6.7,6.7,6.7,6.7,0,5325,0
FINNIFTY13AUG2421250PE.NFO,2024-08-07,14:39:00,2024-08-13,6.7,7.2,6.7,7.2,125,5050,0
FINNIFTY13AUG2421250PE.NFO,2024-08-07,14:40:00,2024-08-13,7.2,7.2,7.15,7.15,25,5050,0
FINNIFTY13AUG2421250PE.NFO,2024-08-07,14:41:00,2024-08-13,7.15,7.15,7.0,7.05,50,5075,0
FINNIFTY13AUG2421250PE.NFO,2024-08-07,14:42:00,2024-08-13,7.05,7.25,7.05,7.25,125,5075,0
FINNIFTY13AUG2421250PE.NFO,2024-08-07,14:43:00,2024-08-13,7.25,7.25,7.25,7.25,0,5075,0
FINNIFTY13AUG2421250PE.NFO,2024-08-07,14:44:00,2024-08-13,7.25,7.25,7.2,7.2,150,5125,0
FINNIFTY13AUG2421250PE.NFO,2024-08-07,14:45:00,2024-08-13,7.2,7.25,7.2,7.25,50,5125,0
FINNIFTY13AUG2421250PE.NFO,2024-08-07,14:46:00,2024-08-13,7.25,7.25,7.25,7.25,0,5125,0
FINNIFTY13AUG2421250PE.NFO,2024-08-07,14:47:00,2024-08-13,7.25,7.25,7.1,7.1,25,5225,0
FINNIFTY13AUG2421250PE.NFO,2024-08-07,14:48:00,2024-08-13,7.1,7.1,6.8,6.8,25,5225,0
FINNIFTY13AUG2421250PE.NFO,2024-08-07,14:49:00,2024-08-13,6.8,6.8,6.55,6.55,225,5225,0
FINNIFTY13AUG2421250PE.NFO,2024-08-07,14:50:00,2024-08-13,6.55,6.55,6.5,6.5,75,5200,0
FINNIFTY13AUG2421250PE.NFO,2024-08-07,14:51:00,2024-08-13,6.5,6.5,6.5,6.5,0,5200,0
FINNIFTY13AUG2421250PE.NFO,2024-08-07,14:52:00,2024-08-13,6.5,6.5,6.5,6.5,0,5200,0
FINNIFTY13AUG2421250PE.NFO,2024-08-07,14:53:00,2024-08-13,6.5,6.5,6.5,6.5,0,5200,0
FINNIFTY13AUG2421250PE.NFO,2024-08-07,14:54:00,2024-08-13,6.5,6.5,6.5,6.5,0,5200,0
FINNIFTY13AUG2421250PE.NFO,2024-08-07,14:55:00,2024-08-13,6.5,6.65,6.5,6.65,25,5125,0
FINNIFTY13AUG2421250PE.NFO,2024-08-07,14:56:00,2024-08-13,6.65,6.65,6.65,6.65,0,5125,0
FINNIFTY13AUG2421250PE.NFO,2024-08-07,14:57:00,2024-08-13,6.65,6.8,6.65,6.7,200,5125,0
FINNIFTY13AUG2421250PE.NFO,2024-08-07,14:58:00,2024-08-13,6.7,6.9,6.7,6.9,275,5125,0
FINNIFTY13AUG2421250PE.NFO,2024-08-07,14:59:00,2024-08-13,6.9,7.0,6.9,7.0,25,5450,0
FINNIFTY13AUG2421250PE.NFO,2024-08-07,15:00:00,2024-08-13,7.0,7.0,6.6,6.65,75,5450,0
FINNIFTY13AUG2421250PE.NFO,2024-08-07,15:01:00,2024-08-13,6.65,6.65,6.65,6.65,25,5450,0
FINNIFTY13AUG2421250PE.NFO,2024-08-07,15:02:00,2024-08-13,6.65,6.7,6.65,6.7,25,5475,0
FINNIFTY13AUG2421250PE.NFO,2024-08-07,15:03:00,2024-08-13,6.7,6.7,6.55,6.55,50,5475,0
FINNIFTY13AUG2421250PE.NFO,2024-08-07,15:04:00,2024-08-13,6.55,6.55,6.55,6.55,0,5475,0
FINNIFTY13AUG2421250PE.NFO,2024-08-07,15:05:00,2024-08-13,6.55,6.55,6.55,6.55,0,5475,0
FINNIFTY13AUG2421250PE.NFO,2024-08-07,15:06:00,2024-08-13,6.55,6.55,6.55,6.55,0,5475,0
FINNIFTY13AUG2421250PE.NFO,2024-08-07,15:07:00,2024-08-13,6.55,6.55,6.55,6.55,0,5475,0
FINNIFTY13AUG2421250PE.NFO,2024-08-07,15:08:00,2024-08-13,6.55,6.55,5.95,5.95,225,5550,0
FINNIFTY13AUG2421250PE.NFO,2024-08-07,15:09:00,2024-08-13,5.95,6.1,5.95,6.1,0,5550,0
FINNIFTY13AUG2421250PE.NFO,2024-08-07,15:10:00,2024-08-13,6.1,6.1,5.8,5.8,300,5550,0
FINNIFTY13AUG2421250PE.NFO,2024-08-07,15:11:00,2024-08-13,5.8,5.8,5.8,5.8,25,5525,0
FINNIFTY13AUG2421250PE.NFO,2024-08-07,15:12:00,2024-08-13,5.8,5.85,5.8,5.85,75,5525,0
FINNIFTY13AUG2421250PE.NFO,2024-08-07,15:13:00,2024-08-13,5.85,5.95,5.85,5.95,25,5525,0
FINNIFTY13AUG2421250PE.NFO,2024-08-07,15:14:00,2024-08-13,5.95,5.95,5.95,5.95,0,5525,0
FINNIFTY13AUG2421250PE.NFO,2024-08-07,15:15:00,2024-08-13,5.95,6.1,5.95,6.1,325,5450,0
FINNIFTY13AUG2421250PE.NFO,2024-08-07,15:16:00,2024-08-13,6.1,6.25,6.1,6.25,100,5450,0
FINNIFTY13AUG2421250PE.NFO,2024-08-07,15:17:00,2024-08-13,6.25,6.3,6.05,6.05,775,4950,0
FINNIFTY13AUG2421250PE.NFO,2024-08-07,15:18:00,2024-08-13,6.05,6.3,6.05,6.3,200,4950,0
FINNIFTY13AUG2421250PE.NFO,2024-08-07,15:19:00,2024-08-13,6.3,6.45,6.3,6.35,100,4950,0
FINNIFTY13AUG2421250PE.NFO,2024-08-07,15:20:00,2024-08-13,6.35,6.35,6.3,6.3,125,5100,0
FINNIFTY13AUG2421250PE.NFO,2024-08-07,15:21:00,2024-08-13,6.3,6.65,6.3,6.65,475,5100,0
FINNIFTY13AUG2421250PE.NFO,2024-08-07,15:22:00,2024-08-13,6.65,6.65,6.65,6.65,0,5100,0
FINNIFTY13AUG2421250PE.NFO,2024-08-07,15:23:00,2024-08-13,6.65,6.65,6.65,6.65,0,5100,0
FINNIFTY13AUG2421250PE.NFO,2024-08-07,15:24:00,2024-08-13,6.65,6.65,6.65,6.65,0,5100,0
FINNIFTY13AUG2421250PE.NFO,2024-08-07,15:25:00,2024-08-13,6.65,6.65,6.65,6.65,0,5100,0
FINNIFTY13AUG2421250PE.NFO,2024-08-07,15:26:00,2024-08-13,6.65,6.65,6.5,6.55,300,4725,0
FINNIFTY13AUG2421250PE.NFO,2024-08-07,15:27:00,2024-08-13,6.55,6.6,6.5,6.6,625,4725,0
FINNIFTY13AUG2421250PE.NFO,2024-08-07,15:28:00,2024-08-13,6.6,6.6,6.25,6.6,250,4725,0
FINNIFTY13AUG2421250PE.NFO,2024-08-07,15:29:00,2024-08-13,6.6,6.8,6.6,6.8,125,4900,0
FINNIFTY13AUG2421250PE.NFO,2024-08-07,15:30:00,2024-08-13,6.8,6.8,6.8,6.8,125,4900,1
FINNIFTY13AUG2421250PE.NFO,2024-08-08,09:15:00,2024-08-13,7.35,7.35,7.35,7.35,0,0,0
FINNIFTY13AUG2421250PE.NFO,2024-08-08,09:16:00,2024-08-13,7.35,7.35,7.35,7.35,0,0,1
FINNIFTY13AUG2421250PE.NFO,2024-08-08,09:17:00,2024-08-13,7.35,7.35,7.35,7.35,0,0,1
FINNIFTY13AUG2421250PE.NFO,2024-08-08,09:18:00,2024-08-13,7.35,7.35,4.95,5.95,1725,4875,0
FINNIFTY13AUG2421250PE.NFO,2024-08-08,09:19:00,2024-08-13,5.95,6.3,5.8,6.3,150,6275,0
FINNIFTY13AUG2421250PE.NFO,2024-08-08,09:20:00,2024-08-13,6.3,6.3,6.3,6.3,0,6275,0
FINNIFTY13AUG2421250PE.NFO,2024-08-08,09:21:00,2024-08-13,6.3,6.3,6.1,6.15,225,6225,0
FINNIFTY13AUG2421250PE.NFO,2024-08-08,09:22:00,2024-08-13,6.15,6.2,6.15,6.2,50,6225,0
FINNIFTY13AUG2421250PE.NFO,2024-08-08,09:23:00,2024-08-13,6.2,6.2,6.1,6.1,150,6225,0
FINNIFTY13AUG2421250PE.NFO,2024-08-08,09:24:00,2024-08-13,6.1,6.1,5.8,5.8,150,6225,0
FINNIFTY13AUG2421250PE.NFO,2024-08-08,09:25:00,2024-08-13,5.8,5.8,5.5,5.5,25,6225,0
FINNIFTY13AUG2421250PE.NFO,2024-08-08,09:26:00,2024-08-13,5.5,5.85,5.5,5.85,250,6225,0
FINNIFTY13AUG2421250PE.NFO,2024-08-08,09:27:00,2024-08-13,5.85,6.05,5.85,5.95,150,6300,0
FINNIFTY13AUG2421250PE.NFO,2024-08-08,09:28:00,2024-08-13,5.95,6.1,5.95,6.1,50,6300,0
FINNIFTY13AUG2421250PE.NFO,2024-08-08,09:29:00,2024-08-13,6.1,6.55,6.1,6.45,100,6300,0
FINNIFTY13AUG2421250PE.NFO,2024-08-08,09:30:00,2024-08-13,6.45,6.45,6.1,6.1,750,6300,0
FINNIFTY13AUG2421250PE.NFO,2024-08-08,09:31:00,2024-08-13,6.1,6.1,6.1,6.1,0,6300,0
FINNIFTY13AUG2421250PE.NFO,2024-08-08,09:32:00,2024-08-13,6.1,6.1,5.7,5.95,350,6500,0
FINNIFTY13AUG2421250PE.NFO,2024-08-08,09:33:00,2024-08-13,5.95,5.95,5.95,5.95,0,6500,0
FINNIFTY13AUG2421250PE.NFO,2024-08-08,09:34:00,2024-08-13,5.95,5.95,5.75,5.75,100,6600,0
FINNIFTY13AUG2421250PE.NFO,2024-08-08,09:35:00,2024-08-13,5.75,6.0,5.75,6.0,125,6600,0
FINNIFTY13AUG2421250PE.NFO,2024-08-08,09:36:00,2024-08-13,6.0,6.0,5.85,5.85,100,6600,0
FINNIFTY13AUG2421250PE.NFO,2024-08-08,09:37:00,2024-08-13,5.85,5.85,5.7,5.8,1700,6575,0
FINNIFTY13AUG2421250PE.NFO,2024-08-08,09:38:00,2024-08-13,5.8,5.85,5.75,5.8,1925,6575,0
FINNIFTY13AUG2421250PE.NFO,2024-08-08,09:39:00,2024-08-13,5.8,5.8,5.6,5.6,625,6575,0
FINNIFTY13AUG2421250PE.NFO,2024-08-08,09:40:00,2024-08-13,5.6,5.6,5.6,5.6,50,7350,0
FINNIFTY13AUG2421250PE.NFO,2024-08-08,09:41:00,2024-08-13,5.6,5.7,5.55,5.7,75,7350,0
FINNIFTY13AUG2421250PE.NFO,2024-08-08,09:42:00,2024-08-13,5.7,5.95,5.7,5.95,25,7350,0
FINNIFTY13AUG2421250PE.NFO,2024-08-08,09:43:00,2024-08-13,5.95,5.95,5.9,5.9,100,7350,0
FINNIFTY13AUG2421250PE.NFO,2024-08-08,09:44:00,2024-08-13,5.9,6.05,5.9,6.05,100,7350,0
FINNIFTY13AUG2421250PE.NFO,2024-08-08,09:45:00,2024-08-13,6.05,6.05,5.9,5.9,50,7350,0
FINNIFTY13AUG2421250PE.NFO,2024-08-08,09:46:00,2024-08-13,5.9,5.9,5.9,5.9,25,7375,0
FINNIFTY13AUG2421250PE.NFO,2024-08-08,09:47:00,2024-08-13,5.9,5.9,5.85,5.85,150,7375,0
FINNIFTY13AUG2421250PE.NFO,2024-08-08,09:48:00,2024-08-13,5.85,5.85,5.45,5.45,25,7375,0
FINNIFTY13AUG2421250PE.NFO,2024-08-08,09:49:00,2024-08-13,5.45,5.7,5.45,5.6,375,7375,0
FINNIFTY13AUG2421250PE.NFO,2024-08-08,09:50:00,2024-08-13,5.6,5.6,5.6,5.6,0,7375,0
FINNIFTY13AUG2421250PE.NFO,2024-08-08,09:51:00,2024-08-13,5.6,5.75,5.6,5.75,150,7375,0
FINNIFTY13AUG2421250PE.NFO,2024-08-08,09:52:00,2024-08-13,5.75,5.75,5.25,5.75,3250,6725,0
FINNIFTY13AUG2421250PE.NFO,2024-08-08,09:53:00,2024-08-13,5.75,5.75,5.55,5.65,250,6725,0
FINNIFTY13AUG2421250PE.NFO,2024-08-08,09:54:00,2024-08-13,5.65,5.7,5.6,5.6,150,9475,0
FINNIFTY13AUG2421250PE.NFO,2024-08-08,09:55:00,2024-08-13,5.6,5.6,5.55,5.55,50,9475,0
FINNIFTY13AUG2421250PE.NFO,2024-08-08,09:56:00,2024-08-13,5.55,5.55,5.55,5.55,0,9475,0
FINNIFTY13AUG2421250PE.NFO,2024-08-08,09:57:00,2024-08-13,5.65,5.8,5.6,5.65,400,9475,0
FINNIFTY13AUG2421250PE.NFO,2024-08-08,09:58:00,2024-08-13,5.65,5.7,5.65,5.7,50,9400,0
FINNIFTY13AUG2421250PE.NFO,2024-08-08,09:59:00,2024-08-13,5.7,5.75,5.7,5.75,150,9400,0
FINNIFTY13AUG2421250PE.NFO,2024-08-08,10:00:00,2024-08-13,5.75,5.95,5.75,5.9,900,9400,0
FINNIFTY13AUG2421250PE.NFO,2024-08-08,10:01:00,2024-08-13,5.9,5.9,5.8,5.8,300,9400,0
FINNIFTY13AUG2421250PE.NFO,2024-08-08,10:02:00,2024-08-13,5.8,5.9,5.8,5.9,400,9400,0
FINNIFTY13AUG2421250PE.NFO,2024-08-08,10:03:00,2024-08-13,5.9,5.9,5.75,5.75,25,9375,0
FINNIFTY13AUG2421250PE.NFO,2024-08-08,10:04:00,2024-08-13,5.75,5.75,5.55,5.55,175,9375,0
FINNIFTY13AUG2421250PE.NFO,2024-08-08,10:05:00,2024-08-13,5.55,5.65,5.55,5.6,75,9375,0
FINNIFTY13AUG2421250PE.NFO,2024-08-08,10:06:00,2024-08-13,5.6,5.6,5.6,5.6,150,9375,0
FINNIFTY13AUG2421250PE.NFO,2024-08-08,10:07:00,2024-08-13,5.65,5.7,5.2,5.45,625,9375,0
FINNIFTY13AUG2421250PE.NFO,2024-08-08,10:08:00,2024-08-13,5.45,5.5,5.15,5.4,725,9375,0
FINNIFTY13AUG2421250PE.NFO,2024-08-08,10:09:00,2024-08-13,5.5,6.2,5.45,6.2,925,9300,0
FINNIFTY13AUG2421250PE.NFO,2024-08-08,10:10:00,2024-08-13,6.2,6.2,5.45,5.6,4225,9300,0
FINNIFTY13AUG2421250PE.NFO,2024-08-08,10:11:00,2024-08-13,5.6,5.75,5.6,5.65,175,9300,0
FINNIFTY13AUG2421250PE.NFO,2024-08-08,10:12:00,2024-08-13,5.65,5.65,5.4,5.4,75,9300,0
FINNIFTY13AUG2421250PE.NFO,2024-08-08,10:13:00,2024-08-13,5.4,5.65,5.4,5.65,50,12675,0
FINNIFTY13AUG2421250PE.NFO,2024-08-08,10:14:00,2024-08-13,5.65,5.65,5.05,5.35,475,12675,0
FINNIFTY13AUG2421250PE.NFO,2024-08-08,10:15:00,2024-08-13,5.35,5.35,5.0,5.1,100,12475,0
FINNIFTY13AUG2421250PE.NFO,2024-08-08,10:16:00,2024-08-13,5.1,5.4,5.1,5.1,275,12475,0
FINNIFTY13AUG2421250PE.NFO,2024-08-08,10:17:00,2024-08-13,5.1,5.25,5.1,5.2,375,12475,0
FINNIFTY13AUG2421250PE.NFO,2024-08-08,10:18:00,2024-08-13,5.2,5.3,5.15,5.2,175,12475,0
FINNIFTY13AUG2421250PE.NFO,2024-08-08,10:19:00,2024-08-13,5.2,5.25,5.1,5.2,575,12475,0
FINNIFTY13AUG2421250PE.NFO,2024-08-08,10:20:00,2024-08-13,5.2,5.3,4.95,5.25,6425,12475,0
FINNIFTY13AUG2421250PE.NFO,2024-08-08,10:21:00,2024-08-13,5.25,5.25,5.05,5.1,1800,12975,0
FINNIFTY13AUG2421250PE.NFO,2024-08-08,10:22:00,2024-08-13,5.1,5.1,4.9,4.95,75,12975,0
FINNIFTY13AUG2421250PE.NFO,2024-08-08,10:23:00,2024-08-13,4.95,5.05,4.95,5.05,750,12975,0
FINNIFTY13AUG2421250PE.NFO,2024-08-08,10:24:00,2024-08-13,5.05,5.05,4.8,4.8,25,12975,0
FINNIFTY13AUG2421250PE.NFO,2024-08-08,10:25:00,2024-08-13,4.8,4.9,4.65,4.9,1400,12800,0
FINNIFTY13AUG2421250PE.NFO,2024-08-08,10:26:00,2024-08-13,4.9,4.9,4.7,4.75,1850,12800,0
FINNIFTY13AUG2421250PE.NFO,2024-08-08,10:27:00,2024-08-13,4.75,4.9,4.5,4.65,375,14900,0
FINNIFTY13AUG2421250PE.NFO,2024-08-08,10:28:00,2024-08-13,4.65,4.8,4.6,4.8,1000,14900,0
FINNIFTY13AUG2421250PE.NFO,2024-08-08,10:29:00,2024-08-13,4.8,4.8,4.5,4.6,675,14900,0
FINNIFTY13AUG2421250PE.NFO,2024-08-08,10:30:00,2024-08-13,4.6,4.8,4.6,4.8,350,15300,0
FINNIFTY13AUG2421250PE.NFO,2024-08-08,10:31:00,2024-08-13,4.8,4.85,4.8,4.8,150,15300,0
FINNIFTY13AUG2421250PE.NFO,2024-08-08,10:32:00,2024-08-13,4.8,4.8,4.75,4.75,25,15300,0
FINNIFTY13AUG2421250PE.NFO,2024-08-08,10:33:00,2024-08-13,4.75,4.95,4.7,4.95,75,15300,0
FINNIFTY13AUG2421250PE.NFO,2024-08-08,10:34:00,2024-08-13,4.95,5.0,4.9,4.9,275,15300,0
FINNIFTY13AUG2421250PE.NFO,2024-08-08,10:35:00,2024-08-13,4.9,4.9,4.9,4.9,0,15300,0
FINNIFTY13AUG2421250PE.NFO,2024-08-08,10:36:00,2024-08-13,4.9,4.9,4.55,4.6,275,15300,0
FINNIFTY13AUG2421250PE.NFO,2024-08-08,10:37:00,2024-08-13,4.6,4.6,4.45,4.45,375,15325,0
FINNIFTY13AUG2421250PE.NFO,2024-08-08,10:38:00,2024-08-13,4.45,4.45,4.35,4.4,150,15325,0
FINNIFTY13AUG2421250PE.NFO,2024-08-08,10:39:00,2024-08-13,4.4,4.45,4.3,4.4,600,15325,0
FINNIFTY13AUG2421250PE.NFO,2024-08-08,10:40:00,2024-08-13,4.4,4.45,4.4,4.45,300,15375,0
FINNIFTY13AUG2421250PE.NFO,2024-08-08,10:41:00,2024-08-13,4.45,4.45,4.35,4.4,175,15375,0
FINNIFTY13AUG2421250PE.NFO,2024-08-08,10:42:00,2024-08-13,4.4,4.4,4.35,4.35,0,15400,0
FINNIFTY13AUG2421250PE.NFO,2024-08-08,10:43:00,2024-08-13,4.35,4.35,4.2,4.2,450,15400,0
FINNIFTY13AUG2421250PE.NFO,2024-08-08,10:44:00,2024-08-13,4.2,4.35,4.2,4.35,475,15400,0
FINNIFTY13AUG2421250PE.NFO,2024-08-08,10:45:00,2024-08-13,4.35,4.35,4.35,4.35,0,15400,0
FINNIFTY13AUG2421250PE.NFO,2024-08-08,10:46:00,2024-08-13,4.35,4.35,4.2,4.25,500,16050,0
FINNIFTY13AUG2421250PE.NFO,2024-08-08,10:47:00,2024-08-13,4.25,4.25,4.15,4.15,0,16050,0
FINNIFTY13AUG2421250PE.NFO,2024-08-08,10:48:00,2024-08-13,4.15,4.15,4.15,4.15,0,16050,0
FINNIFTY13AUG2421250PE.NFO,2024-08-08,10:49:00,2024-08-13,4.15,4.4,4.15,4.3,400,16400,0
FINNIFTY13AUG2421250PE.NFO,2024-08-08,10:50:00,2024-08-13,4.3,4.35,4.25,4.35,525,16400,0
FINNIFTY13AUG2421250PE.NFO,2024-08-08,10:51:00,2024-08-13,4.35,4.35,4.05,4.05,1225,16400,0
FINNIFTY13AUG2421250PE.NFO,2024-08-08,10:52:00,2024-08-13,4.05,4.15,4.05,4.15,1875,16825,0
FINNIFTY13AUG2421250PE.NFO,2024-08-08,10:53:00,2024-08-13,4.15,4.15,4.05,4.05,450,16825,0
FINNIFTY13AUG2421250PE.NFO,2024-08-08,10:54:00,2024-08-13,4.05,4.25,4.05,4.2,1400,16825,0
FINNIFTY13AUG2421250PE.NFO,2024-08-08,10:55:00,2024-08-13,4.2,4.2,4.2,4.2,250,15900,0
FINNIFTY13AUG2421250PE.NFO,2024-08-08,10:56:00,2024-08-13,4.2,4.4,4.2,4.4,300,15900,0
FINNIFTY13AUG2421250PE.NFO,2024-08-08,10:57:00,2024-08-13,4.4,4.6,4.4,4.55,325,15900,0
FINNIFTY13AUG2421250PE.NFO,2024-08-08,10:58:00,2024-08-13,4.55,4.55,4.3,4.3,200,15550,0
FINNIFTY13AUG2421250PE.NFO,2024-08-08,10:59:00,2024-08-13,4.3,4.45,4.3,4.45,150,15550,0
FINNIFTY13AUG2421250PE.NFO,2024-08-08,11:00:00,2024-08-13,4.45,4.45,4.2,4.3,200,15550,0
FINNIFTY13AUG2421250PE.NFO,2024-08-08,11:01:00,2024-08-13,4.3,4.3,4.3,4.3,0,15550,0
FINNIFTY13AUG2421250PE.NFO,2024-08-08,11:02:00,2024-08-13,4.3,4.3,4.3,4.3,500,15375,0
FINNIFTY13AUG2421250PE.NFO,2024-08-08,11:03:00,2024-08-13,4.3,4.4,4.15,4.15,1125,15375,0
FINNIFTY13AUG2421250PE.NFO,2024-08-08,11:04:00,2024-08-13,4.15,4.15,3.9,3.9,175,15350,0
FINNIFTY13AUG2421250PE.NFO,2024-08-08,11:05:00,2024-08-13,3.9,4.0,3.9,3.9,275,15350,0
FINNIFTY13AUG2421250PE.NFO,2024-08-08,11:06:00,2024-08-13,3.9,3.9,3.85,3.85,900,15350,0
FINNIFTY13AUG2421250PE.NFO,2024-08-08,11:07:00,2024-08-13,3.85,3.9,3.85,3.85,125,14675,0
FINNIFTY13AUG2421250PE.NFO,2024-08-08,11:08:00,2024-08-13,3.85,3.85,3.85,3.85,0,14675,0
FINNIFTY13AUG2421250PE.NFO,2024-08-08,11:09:00,2024-08-13,3.85,3.85,3.8,3.8,125,14675,0
FINNIFTY13AUG2421250PE.NFO,2024-08-08,11:10:00,2024-08-13,3.8,3.95,3.8,3.95,325,14575,0
FINNIFTY13AUG2421250PE.NFO,2024-08-08,11:11:00,2024-08-13,3.95,4.05,3.85,4.05,300,14575,0
FINNIFTY13AUG2421250PE.NFO,2024-08-08,11:12:00,2024-08-13,4.05,4.05,4.05,4.05,0,14575,0
FINNIFTY13AUG2421250PE.NFO,2024-08-08,11:13:00,2024-08-13,4.05,4.1,4.05,4.1,0,14575,0
FINNIFTY13AUG2421250PE.NFO,2024-08-08,11:14:00,2024-08-13,4.1,4.15,4.1,4.15,0,14575,0
FINNIFTY13AUG2421250PE.NFO,2024-08-08,11:15:00,2024-08-13,4.15,4.15,4.1,4.1,50,14575,0
FINNIFTY13AUG2421250PE.NFO,2024-08-08,11:16:00,2024-08-13,4.1,4.1,4.05,4.05,25,14675,0
FINNIFTY13AUG2421250PE.NFO,2024-08-08,11:17:00,2024-08-13,4.05,4.1,3.85,3.85,1000,14675,0
FINNIFTY13AUG2421250PE.NFO,2024-08-08,11:18:00,2024-08-13,3.85,3.95,3.8,3.95,275,14675,0
FINNIFTY13AUG2421250PE.NFO,2024-08-08,11:19:00,2024-08-13,3.95,4.1,3.95,4.05,550,14950,0
FINNIFTY13AUG2421250PE.NFO,2024-08-08,11:20:00,2024-08-13,4.05,4.05,3.95,3.95,50,14950,0
FINNIFTY13AUG2421250PE.NFO,2024-08-08,11:21:00,2024-08-13,3.95,3.95,3.95,3.95,900,14950,0
FINNIFTY13AUG2421250PE.NFO,2024-08-08,11:22:00,2024-08-13,3.95,3.95,3.8,3.8,2425,14750,0
FINNIFTY13AUG2421250PE.NFO,2024-08-08,11:23:00,2024-08-13,3.8,3.8,3.75,3.75,4875,14750,0
FINNIFTY13AUG2421250PE.NFO,2024-08-08,11:24:00,2024-08-13,3.75,3.75,3.75,3.75,0,14750,0
FINNIFTY13AUG2421250PE.NFO,2024-08-08,11:25:00,2024-08-13,3.75,3.75,3.55,3.55,2925,15575,0
FINNIFTY13AUG2421250PE.NFO,2024-08-08,11:26:00,2024-08-13,3.55,3.6,3.55,3.55,900,15575,0
FINNIFTY13AUG2421250PE.NFO,2024-08-08,11:27:00,2024-08-13,3.55,3.55,3.55,3.55,0,15575,0
FINNIFTY13AUG2421250PE.NFO,2024-08-08,11:28:00,2024-08-13,3.55,3.55,3.45,3.45,50,15200,0
FINNIFTY13AUG2421250PE.NFO,2024-08-08,11:29:00,2024-08-13,3.45,3.45,3.45,3.45,0,15200,0
FINNIFTY13AUG2421250PE.NFO,2024-08-08,11:30:00,2024-08-13,3.45,3.5,3.4,3.5,425,15200,0
FINNIFTY13AUG2421250PE.NFO,2024-08-08,11:31:00,2024-08-13,3.5,3.55,3.45,3.5,300,15600,0
FINNIFTY13AUG2421250PE.NFO,2024-08-08,11:32:00,2024-08-13,3.5,3.5,3.45,3.45,550,15600,0
FINNIFTY13AUG2421250PE.NFO,2024-08-08,11:33:00,2024-08-13,3.45,3.45,3.45,3.45,0,15600,0
FINNIFTY13AUG2421250PE.NFO,2024-08-08,11:34:00,2024-08-13,3.45,3.45,3.45,3.45,50,15475,0
FINNIFTY13AUG2421250PE.NFO,2024-08-08,11:35:00,2024-08-13,3.45,3.45,3.45,3.45,0,15475,0
FINNIFTY13AUG2421250PE.NFO,2024-08-08,11:36:00,2024-08-13,3.45,3.45,3.4,3.4,50,15475,0
FINNIFTY13AUG2421250PE.NFO,2024-08-08,11:37:00,2024-08-13,3.4,3.4,3.2,3.25,650,15575,0
FINNIFTY13AUG2421250PE.NFO,2024-08-08,11:38:00,2024-08-13,3.25,3.25,3.15,3.25,275,15575,0
FINNIFTY13AUG2421250PE.NFO,2024-08-08,11:39:00,2024-08-13,3.25,3.25,3.2,3.2,275,15575,0
FINNIFTY13AUG2421250PE.NFO,2024-08-08,11:40:00,2024-08-13,3.2,3.2,3.2,3.2,0,15575,0
FINNIFTY13AUG2421250PE.NFO,2024-08-08,11:41:00,2024-08-13,3.2,3.2,3.15,3.15,50,16125,0
FINNIFTY13AUG2421250PE.NFO,2024-08-08,11:42:00,2024-08-13,3.15,3.15,3.15,3.15,550,16125,0
FINNIFTY13AUG2421250PE.NFO,2024-08-08,11:43:00,2024-08-13,3.15,3.15,3.1,3.1,250,16825,0
FINNIFTY13AUG2421250PE.NFO,2024-08-08,11:44:00,2024-08-13,3.1,3.15,3.1,3.15,1700,16825,0
FINNIFTY13AUG2421250PE.NFO,2024-08-08,11:45:00,2024-08-13,3.15,3.15,3.05,3.05,550,16825,0
FINNIFTY13AUG2421250PE.NFO,2024-08-08,11:46:00,2024-08-13,3.05,3.1,3.05,3.1,700,18700,0
FINNIFTY13AUG2421250PE.NFO,2024-08-08,11:47:00,2024-08-13,3.1,3.1,3.1,3.1,0,18700,0
FINNIFTY13AUG2421250PE.NFO,2024-08-08,11:48:00,2024-08-13,3.1,3.1,3.05,3.1,600,18700,0
FINNIFTY13AUG2421250PE.NFO,2024-08-08,11:49:00,2024-08-13,3.1,3.1,3.1,3.1,100,19400,0
FINNIFTY13AUG2421250PE.NFO,2024-08-08,11:50:00,2024-08-13,3.1,3.1,3.1,3.1,50,19400,0
FINNIFTY13AUG2421250PE.NFO,2024-08-08,11:51:00,2024-08-13,3.1,3.1,3.05,3.1,125,19400,0
FINNIFTY13AUG2421250PE.NFO,2024-08-08,11:52:00,2024-08-13,3.1,3.1,3.05,3.05,125,19625,0
FINNIFTY13AUG2421250PE.NFO,2024-08-08,11:53:00,2024-08-13,3.05,3.1,3.05,3.1,1075,19625,0
FINNIFTY13AUG2421250PE.NFO,2024-08-08,11:54:00,2024-08-13,3.1,3.1,3.05,3.05,200,19625,0
FINNIFTY13AUG2421250PE.NFO,2024-08-08,11:55:00,2024-08-13,3.05,3.05,3.05,3.05,125,19625,0
FINNIFTY13AUG2421250PE.NFO,2024-08-08,11:56:00,2024-08-13,3.05,3.1,3.05,3.05,650,19625,0
FINNIFTY13AUG2421250PE.NFO,2024-08-08,11:57:00,2024-08-13,3.05,3.05,3.05,3.05,675,19625,0
FINNIFTY13AUG2421250PE.NFO,2024-08-08,11:58:00,2024-08-13,3.05,3.05,3.05,3.05,0,19625,0
FINNIFTY13AUG2421250PE.NFO,2024-08-08,11:59:00,2024-08-13,3.05,3.05,3.05,3.05,0,19625,0
FINNIFTY13AUG2421250PE.NFO,2024-08-08,12:00:00,2024-08-13,3.05,3.05,2.9,2.9,100,19675,0
FINNIFTY13AUG2421250PE.NFO,2024-08-08,12:01:00,2024-08-13,2.9,2.9,2.8,2.8,250,19650,0
FINNIFTY13AUG2421250PE.NFO,2024-08-08,12:02:00,2024-08-13,2.8,2.95,2.65,2.7,825,19650,0
FINNIFTY13AUG2421250PE.NFO,2024-08-08,12:03:00,2024-08-13,2.7,2.75,2.7,2.7,150,19650,0
FINNIFTY13AUG2421250PE.NFO,2024-08-08,12:04:00,2024-08-13,2.7,2.75,2.7,2.7,300,19575,0
FINNIFTY13AUG2421250PE.NFO,2024-08-08,12:05:00,2024-08-13,2.7,2.7,2.7,2.7,0,19575,0
FINNIFTY13AUG2421250PE.NFO,2024-08-08,12:06:00,2024-08-13,2.7,2.7,2.7,2.7,0,19575,0
FINNIFTY13AUG2421250PE.NFO,2024-08-08,12:07:00,2024-08-13,2.7,2.7,2.65,2.7,250,19375,0
FINNIFTY13AUG2421250PE.NFO,2024-08-08,12:08:00,2024-08-13,2.7,2.75,2.7,2.75,275,19375,0
FINNIFTY13AUG2421250PE.NFO,2024-08-08,12:09:00,2024-08-13,2.75,2.75,2.75,2.75,0,19375,0
FINNIFTY13AUG2421250PE.NFO,2024-08-08,12:10:00,2024-08-13,2.75,2.75,2.75,2.75,125,19350,0
FINNIFTY13AUG2421250PE.NFO,2024-08-08,12:11:00,2024-08-13,2.85,2.9,2.85,2.9,175,19350,0
FINNIFTY13AUG2421250PE.NFO,2024-08-08,12:12:00,2024-08-13,2.9,2.9,2.9,2.9,0,19350,0
FINNIFTY13AUG2421250PE.NFO,2024-08-08,12:13:00,2024-08-13,2.9,2.9,2.9,2.9,0,19350,0
FINNIFTY13AUG2421250PE.NFO,2024-08-08,12:14:00,2024-08-13,2.9,2.9,2.55,2.55,0,19450,0
FINNIFTY13AUG2421250PE.NFO,2024-08-08,12:15:00,2024-08-13,2.55,2.8,2.55,2.8,750,19450,0
FINNIFTY13AUG2421250PE.NFO,2024-08-08,12:16:00,2024-08-13,2.75,2.75,2.75,2.75,1100,19475,0
FINNIFTY13AUG2421250PE.NFO,2024-08-08,12:17:00,2024-08-13,2.75,2.75,2.75,2.75,0,19475,0
FINNIFTY13AUG2421250PE.NFO,2024-08-08,12:18:00,2024-08-13,2.75,2.75,2.75,2.75,0,19475,0
FINNIFTY13AUG2421250PE.NFO,2024-08-08,12:19:00,2024-08-13,2.75,2.75,2.65,2.75,525,20300,0
FINNIFTY13AUG2421250PE.NFO,2024-08-08,12:20:00,2024-08-13,2.75,2.75,2.75,2.75,575,20300,0
FINNIFTY13AUG2421250PE.NFO,2024-08-08,12:21:00,2024-08-13,2.75,2.8,2.75,2.8,275,20300,0
FINNIFTY13AUG2421250PE.NFO,2024-08-08,12:22:00,2024-08-13,2.8,2.8,2.65,2.65,100,20300,0
FINNIFTY13AUG2421250PE.NFO,2024-08-08,12:23:00,2024-08-13,2.65,2.65,2.65,2.65,325,21425,0
FINNIFTY13AUG2421250PE.NFO,2024-08-08,12:24:00,2024-08-13,2.65,2.7,2.65,2.7,850,21425,0
FINNIFTY13AUG2421250PE.NFO,2024-08-08,12:25:00,2024-08-13,2.7,2.7,2.7,2.7,475,21850,0
FINNIFTY13AUG2421250PE.NFO,2024-08-08,12:26:00,2024-08-13,2.7,2.7,2.7,2.7,0,21850,0
FINNIFTY13AUG2421250PE.NFO,2024-08-08,12:27:00,2024-08-13,2.7,2.7,2.6,2.65,2850,21850,0
FINNIFTY13AUG2421250PE.NFO,2024-08-08,12:28:00,2024-08-13,2.65,2.7,2.65,2.65,1250,23900,0
FINNIFTY13AUG2421250PE.NFO,2024-08-08,12:29:00,2024-08-13,2.65,2.65,2.6,2.6,275,23900,0
FINNIFTY13AUG2421250PE.NFO,2024-08-08,12:30:00,2024-08-13,2.6,2.65,2.6,2.65,200,23900,0
FINNIFTY13AUG2421250PE.NFO,2024-08-08,12:31:00,2024-08-13,2.65,2.65,2.6,2.6,1125,23500,0
FINNIFTY13AUG2421250PE.NFO,2024-08-08,12:32:00,2024-08-13,2.6,2.6,2.55,2.6,75,23500,0
FINNIFTY13AUG2421250PE.NFO,2024-08-08,12:33:00,2024-08-13,2.6,2.6,2.55,2.55,825,23500,0
FINNIFTY13AUG2421250PE.NFO,2024-08-08,12:34:00,2024-08-13,2.55,2.55,2.55,2.55,0,23500,0
FINNIFTY13AUG2421250PE.NFO,2024-08-08,12:35:00,2024-08-13,2.55,2.55,2.45,2.5,150,24100,0
FINNIFTY13AUG2421250PE.NFO,2024-08-08,12:36:00,2024-08-13,2.5,2.5,2.5,2.5,0,24100,0
FINNIFTY13AUG2421250PE.NFO,2024-08-08,12:37:00,2024-08-13,2.5,2.55,2.4,2.4,300,24100,0
FINNIFTY13AUG2421250PE.NFO,2024-08-08,12:38:00,2024-08-13,2.4,2.55,2.4,2.55,125,24100,0
FINNIFTY13AUG2421250PE.NFO,2024-08-08,12:39:00,2024-08-13,2.55,2.55,2.55,2.55,0,24100,0
FINNIFTY13AUG2421250PE.NFO,2024-08-08,12:40:00,2024-08-13,2.55,2.55,2.4,2.5,1250,24650,0
FINNIFTY13AUG2421250PE.NFO,2024-08-08,12:41:00,2024-08-13,2.5,2.55,2.5,2.55,450,24650,0
FINNIFTY13AUG2421250PE.NFO,2024-08-08,12:42:00,2024-08-13,2.55,2.55,2.55,2.55,200,24650,0
FINNIFTY13AUG2421250PE.NFO,2024-08-08,12:43:00,2024-08-13,2.55,2.55,2.55,2.55,675,25350,0
FINNIFTY13AUG2421250PE.NFO,2024-08-08,12:44:00,2024-08-13,2.55,2.6,2.55,2.6,50,25350,0
FINNIFTY13AUG2421250PE.NFO,2024-08-08,12:45:00,2024-08-13,2.6,2.6,2.6,2.6,0,25350,0
FINNIFTY13AUG2421250PE.NFO,2024-08-08,12:46:00,2024-08-13,2.6,2.6,2.55,2.6,225,25550,0
FINNIFTY13AUG2421250PE.NFO,2024-08-08,12:47:00,2024-08-13,2.6,2.6,2.6,2.6,0,25550,0
FINNIFTY13AUG2421250PE.NFO,2024-08-08,12:48:00,2024-08-13,2.6,2.65,2.6,2.65,100,25550,0
FINNIFTY13AUG2421250PE.NFO,2024-08-08,12:49:00,2024-08-13,2.65,2.65,2.6,2.6,375,25575,0
FINNIFTY13AUG2421250PE.NFO,2024-08-08,12:50:00,2024-08-13,2.6,2.6,2.6,2.6,200,25575,0
FINNIFTY13AUG2421250PE.NFO,2024-08-08,12:51:00,2024-08-13,2.6,2.6,2.6,2.6,0,25575,0
FINNIFTY13AUG2421250PE.NFO,2024-08-08,12:52:00,2024-08-13,2.6,2.6,2.55,2.55,25,25575,0
FINNIFTY13AUG2421250PE.NFO,2024-08-08,12:53:00,2024-08-13,2.55,2.55,2.55,2.55,0,25575,0
FINNIFTY13AUG2421250PE.NFO,2024-08-08,12:54:00,2024-08-13,2.55,2.6,2.55,2.6,750,25600,0
FINNIFTY13AUG2421250PE.NFO,2024-08-08,12:55:00,2024-08-13,2.6,2.6,2.45,2.5,750,24900,0
FINNIFTY13AUG2421250PE.NFO,2024-08-08,12:56:00,2024-08-13,2.5,2.5,2.45,2.45,100,24900,0
FINNIFTY13AUG2421250PE.NFO,2024-08-08,12:57:00,2024-08-13,2.45,2.45,2.4,2.4,100,24900,0
FINNIFTY13AUG2421250PE.NFO,2024-08-08,12:58:00,2024-08-13,2.4,2.45,2.4,2.4,450,24900,0
FINNIFTY13AUG2421250PE.NFO,2024-08-08,12:59:00,2024-08-13,2.4,2.4,2.3,2.35,875,24900,0
FINNIFTY13AUG2421250PE.NFO,2024-08-08,13:00:00,2024-08-13,2.35,2.35,2.3,2.3,500,24900,0
FINNIFTY13AUG2421250PE.NFO,2024-08-08,13:01:00,2024-08-13,2.3,2.35,2.25,2.3,475,24600,0
FINNIFTY13AUG2421250PE.NFO,2024-08-08,13:02:00,2024-08-13,2.3,2.35,2.25,2.3,1600,24600,0
FINNIFTY13AUG2421250PE.NFO,2024-08-08,13:03:00,2024-08-13,2.3,2.3,2.2,2.2,2550,24600,0
FINNIFTY13AUG2421250PE.NFO,2024-08-08,13:04:00,2024-08-13,2.2,2.25,2.15,2.15,1700,24600,0
FINNIFTY13AUG2421250PE.NFO,2024-08-08,13:05:00,2024-08-13,2.15,2.15,2.15,2.15,1450,24600,0
FINNIFTY13AUG2421250PE.NFO,2024-08-08,13:06:00,2024-08-13,2.15,2.25,2.15,2.25,550,24600,0
FINNIFTY13AUG2421250PE.NFO,2024-08-08,13:07:00,2024-08-13,2.25,2.3,2.25,2.25,350,22850,0
FINNIFTY13AUG2421250PE.NFO,2024-08-08,13:08:00,2024-08-13,2.25,2.35,2.25,2.25,1200,22850,0
FINNIFTY13AUG2421250PE.NFO,2024-08-08,13:09:00,2024-08-13,2.25,2.25,2.15,2.15,3625,22850,0
FINNIFTY13AUG2421250PE.NFO,2024-08-08,13:10:00,2024-08-13,2.15,2.2,2.15,2.2,2600,17075,0
FINNIFTY13AUG2421250PE.NFO,2024-08-08,13:11:00,2024-08-13,2.2,2.35,2.2,2.35,2675,17075,0
FINNIFTY13AUG2421250PE.NFO,2024-08-08,13:12:00,2024-08-13,2.35,2.35,2.05,2.05,5525,17075,0
FINNIFTY13AUG2421250PE.NFO,2024-08-08,13:13:00,2024-08-13,2.05,2.15,2.05,2.15,275,17075,0
FINNIFTY13AUG2421250PE.NFO,2024-08-08,13:14:00,2024-08-13,2.15,2.2,2.1,2.2,75,11225,0
FINNIFTY13AUG2421250PE.NFO,2024-08-08,13:15:00,2024-08-13,2.2,2.25,2.2,2.25,100,11225,0
FINNIFTY13AUG2421250PE.NFO,2024-08-08,13:16:00,2024-08-13,2.25,2.25,2.2,2.2,225,11600,0
FINNIFTY13AUG2421250PE.NFO,2024-08-08,13:17:00,2024-08-13,2.2,2.2,2.2,2.2,275,11600,0
FINNIFTY13AUG2421250PE.NFO,2024-08-08,13:18:00,2024-08-13,2.2,2.2,2.2,2.2,375,11600,0
FINNIFTY13AUG2421250PE.NFO,2024-08-08,13:19:00,2024-08-13,2.2,2.2,2.15,2.15,675,12525,0
FINNIFTY13AUG2421250PE.NFO,2024-08-08,13:20:00,2024-08-13,2.15,2.15,2.15,2.15,0,12525,0
FINNIFTY13AUG2421250PE.NFO,2024-08-08,13:21:00,2024-08-13,2.15,2.15,2.15,2.15,0,12525,0
FINNIFTY13AUG2421250PE.NFO,2024-08-08,13:22:00,2024-08-13,2.15,2.25,2.15,2.25,200,12525,0
FINNIFTY13AUG2421250PE.NFO,2024-08-08,13:23:00,2024-08-13,2.25,2.3,2.25,2.25,125,12525,0
FINNIFTY13AUG2421250PE.NFO,2024-08-08,13:24:00,2024-08-13,2.25,2.3,2.25,2.3,275,12525,0
FINNIFTY13AUG2421250PE.NFO,2024-08-08,13:25:00,2024-08-13,2.3,2.45,2.3,2.45,175,12525,0
FINNIFTY13AUG2421250PE.NFO,2024-08-08,13:26:00,2024-08-13,2.45,2.45,2.45,2.45,0,12525,0
FINNIFTY13AUG2421250PE.NFO,2024-08-08,13:27:00,2024-08-13,2.45,2.5,2.45,2.5,450,12400,0
FINNIFTY13AUG2421250PE.NFO,2024-08-08,13:28:00,2024-08-13,2.5,2.5,2.5,2.5,25,12400,0
FINNIFTY13AUG2421250PE.NFO,2024-08-08,13:29:00,2024-08-13,2.5,2.55,2.4,2.45,550,11975,0
FINNIFTY13AUG2421250PE.NFO,2024-08-08,13:30:00,2024-08-13,2.45,2.5,2.45,2.5,25,11975,0
FINNIFTY13AUG2421250PE.NFO,2024-08-08,13:31:00,2024-08-13,2.5,2.5,2.5,2.5,0,11975,0
FINNIFTY13AUG2421250PE.NFO,2024-08-08,13:32:00,2024-08-13,2.5,2.5,2.5,2.5,0,11975,0
FINNIFTY13AUG2421250PE.NFO,2024-08-08,13:33:00,2024-08-13,2.5,2.5,2.3,2.3,225,11525,0
FINNIFTY13AUG2421250PE.NFO,2024-08-08,13:34:00,2024-08-13,2.3,2.35,2.3,2.35,100,11350,0
FINNIFTY13AUG2421250PE.NFO,2024-08-08,13:35:00,2024-08-13,2.35,2.4,2.25,2.4,625,11350,0
FINNIFTY13AUG2421250PE.NFO,2024-08-08,13:36:00,2024-08-13,2.4,2.4,2.35,2.35,50,11350,0
FINNIFTY13AUG2421250PE.NFO,2024-08-08,13:37:00,2024-08-13,2.35,2.35,2.35,2.35,0,11350,0
FINNIFTY13AUG2421250PE.NFO,2024-08-08,13:38:00,2024-08-13,2.35,2.4,2.35,2.4,25,11100,0
FINNIFTY13AUG2421250PE.NFO,2024-08-08,13:39:00,2024-08-13,2.4,2.4,2.35,2.35,1025,11100,0
FINNIFTY13AUG2421250PE.NFO,2024-08-08,13:40:00,2024-08-13,2.35,2.35,2.3,2.3,1125,12150,0
FINNIFTY13AUG2421250PE.NFO,2024-08-08,13:41:00,2024-08-13,2.3,2.4,2.3,2.4,2925,12150,0
FINNIFTY13AUG2421250PE.NFO,2024-08-08,13:42:00,2024-08-13,2.4,2.5,2.4,2.45,3350,12150,0
FINNIFTY13AUG2421250PE.NFO,2024-08-08,13:43:00,2024-08-13,2.45,2.45,2.35,2.35,350,11400,0
FINNIFTY13AUG2421250PE.NFO,2024-08-08,13:44:00,2024-08-13,2.35,2.35,2.35,2.35,0,11400,0
FINNIFTY13AUG2421250PE.NFO,2024-08-08,13:45:00,2024-08-13,2.35,2.35,2.25,2.25,175,11400,0
FINNIFTY13AUG2421250PE.NFO,2024-08-08,13:46:00,2024-08-13,2.25,2.25,2.25,2.25,0,11400,0
FINNIFTY13AUG2421250PE.NFO,2024-08-08,13:47:00,2024-08-13,2.25,2.25,2.25,2.25,0,11400,0
FINNIFTY13AUG2421250PE.NFO,2024-08-08,13:48:00,2024-08-13,2.25,2.3,2.25,2.3,200,11075,0
FINNIFTY13AUG2421250PE.NFO,2024-08-08,13:49:00,2024-08-13,2.3,2.3,2.3,2.3,0,11075,0
FINNIFTY13AUG2421250PE.NFO,2024-08-08,13:50:00,2024-08-13,2.3,2.35,2.3,2.35,75,11100,0
FINNIFTY13AUG2421250PE.NFO,2024-08-08,13:51:00,2024-08-13,2.35,2.5,2.35,2.5,1525,11100,0
FINNIFTY13AUG2421250PE.NFO,2024-08-08,13:52:00,2024-08-13,2.5,2.5,2.45,2.45,125,11100,0
FINNIFTY13AUG2421250PE.NFO,2024-08-08,13:53:00,2024-08-13,2.45,2.45,2.3,2.3,2525,10550,0
FINNIFTY13AUG2421250PE.NFO,2024-08-08,13:54:00,2024-08-13,2.3,2.3,2.3,2.3,0,10550,0
FINNIFTY13AUG2421250PE.NFO,2024-08-08,13:55:00,2024-08-13,2.3,2.35,2.3,2.3,100,11625,0
FINNIFTY13AUG2421250PE.NFO,2024-08-08,13:56:00,2024-08-13,2.3,2.3,2.2,2.2,2600,11625,0
FINNIFTY13AUG2421250PE.NFO,2024-08-08,13:57:00,2024-08-13,2.2,2.2,2.2,2.2,0,11625,0
FINNIFTY13AUG2421250PE.NFO,2024-08-08,13:58:00,2024-08-13,2.2,2.35,2.2,2.35,100,13300,0
FINNIFTY13AUG2421250PE.NFO,2024-08-08,13:59:00,2024-08-13,2.35,2.35,2.35,2.35,100,13300,0
FINNIFTY13AUG2421250PE.NFO,2024-08-08,14:00:00,2024-08-13,2.35,2.35,2.35,2.35,0,13300,0
FINNIFTY13AUG2421250PE.NFO,2024-08-08,14:01:00,2024-08-13,2.35,2.35,2.35,2.35,25,13300,0
FINNIFTY13AUG2421250PE.NFO,2024-08-08,14:02:00,2024-08-13,2.35,2.35,2.3,2.3,50,13425,0
FINNIFTY13AUG2421250PE.NFO,2024-08-08,14:03:00,2024-08-13,2.3,2.3,2.3,2.3,0,13425,0
FINNIFTY13AUG2421250PE.NFO,2024-08-08,14:04:00,2024-08-13,2.3,2.3,2.3,2.3,0,13425,0
FINNIFTY13AUG2421250PE.NFO,2024-08-08,14:05:00,2024-08-13,2.3,2.3,2.3,2.3,0,13425,0
FINNIFTY13AUG2421250PE.NFO,2024-08-08,14:06:00,2024-08-13,2.3,2.35,2.3,2.35,0,13375,0
FINNIFTY13AUG2421250PE.NFO,2024-08-08,14:07:00,2024-08-13,2.35,2.35,2.35,2.35,50,13350,0
FINNIFTY13AUG2421250PE.NFO,2024-08-08,14:08:00,2024-08-13,2.35,2.35,2.35,2.35,225,13350,0
FINNIFTY13AUG2421250PE.NFO,2024-08-08,14:09:00,2024-08-13,2.35,2.35,2.35,2.35,0,13350,0
FINNIFTY13AUG2421250PE.NFO,2024-08-08,14:10:00,2024-08-13,2.35,2.35,2.3,2.3,125,13050,0
FINNIFTY13AUG2421250PE.NFO,2024-08-08,14:11:00,2024-08-13,2.3,2.3,2.3,2.3,0,13050,0
FINNIFTY13AUG2421250PE.NFO,2024-08-08,14:12:00,2024-08-13,2.3,2.3,2.3,2.3,0,13050,0
FINNIFTY13AUG2421250PE.NFO,2024-08-08,14:13:00,2024-08-13,2.3,2.3,2.3,2.3,0,13050,0
FINNIFTY13AUG2421250PE.NFO,2024-08-08,14:14:00,2024-08-13,2.3,2.3,2.3,2.3,0,13050,0
FINNIFTY13AUG2421250PE.NFO,2024-08-08,14:15:00,2024-08-13,2.3,2.3,2.3,2.3,0,13050,0
FINNIFTY13AUG2421250PE.NFO,2024-08-08,14:16:00,2024-08-13,2.3,2.3,2.3,2.3,0,13050,0
FINNIFTY13AUG2421250PE.NFO,2024-08-08,14:17:00,2024-08-13,2.3,2.3,2.3,2.3,0,13050,0
FINNIFTY13AUG2421250PE.NFO,2024-08-08,14:18:00,2024-08-13,2.3,2.3,2.3,2.3,0,13050,0
FINNIFTY13AUG2421250PE.NFO,2024-08-08,14:19:00,2024-08-13,2.3,2.3,2.25,2.25,50,12875,0
FINNIFTY13AUG2421250PE.NFO,2024-08-08,14:20:00,2024-08-13,2.25,2.25,2.25,2.25,350,12900,0
FINNIFTY13AUG2421250PE.NFO,2024-08-08,14:21:00,2024-08-13,2.25,2.25,2.25,2.25,0,12900,0
FINNIFTY13AUG2421250PE.NFO,2024-08-08,14:22:00,2024-08-13,2.25,2.25,2.25,2.25,0,12900,0
FINNIFTY13AUG2421250PE.NFO,2024-08-08,14:23:00,2024-08-13,2.25,2.25,2.25,2.25,0,12900,0
FINNIFTY13AUG2421250PE.NFO,2024-08-08,14:24:00,2024-08-13,2.25,2.25,2.1,2.15,2675,13250,0
FINNIFTY13AUG2421250PE.NFO,2024-08-08,14:25:00,2024-08-13,2.15,2.15,2.15,2.15,500,12775,0
FINNIFTY13AUG2421250PE.NFO,2024-08-08,14:26:00,2024-08-13,2.15,2.15,2.15,2.15,0,12775,0
FINNIFTY13AUG2421250PE.NFO,2024-08-08,14:27:00,2024-08-13,2.15,2.15,2.15,2.15,100,12775,0
FINNIFTY13AUG2421250PE.NFO,2024-08-08,14:28:00,2024-08-13,2.15,2.15,2.15,2.15,0,12775,0
FINNIFTY13AUG2421250PE.NFO,2024-08-08,14:29:00,2024-08-13,2.15,2.15,2.15,2.15,0,12775,0
FINNIFTY13AUG2421250PE.NFO,2024-08-08,14:30:00,2024-08-13,2.15,2.15,2.15,2.15,0,12775,0
FINNIFTY13AUG2421250PE.NFO,2024-08-08,14:31:00,2024-08-13,2.15,2.15,2.15,2.15,0,12775,0
FINNIFTY13AUG2421250PE.NFO,2024-08-08,14:32:00,2024-08-13,2.15,2.2,2.15,2.2,50,12775,0
FINNIFTY13AUG2421250PE.NFO,2024-08-08,14:33:00,2024-08-13,2.2,2.2,2.2,2.2,25,12775,0
FINNIFTY13AUG2421250PE.NFO,2024-08-08,14:34:00,2024-08-13,2.2,2.2,2.2,2.2,0,12775,0
FINNIFTY13AUG2421250PE.NFO,2024-08-08,14:35:00,2024-08-13,2.2,2.2,2.2,2.2,425,12775,0
FINNIFTY13AUG2421250PE.NFO,2024-08-08,14:36:00,2024-08-13,2.2,2.2,2.2,2.2,0,12775,0
FINNIFTY13AUG2421250PE.NFO,2024-08-08,14:37:00,2024-08-13,2.2,2.2,2.2,2.2,0,12775,0
FINNIFTY13AUG2421250PE.NFO,2024-08-08,14:38:00,2024-08-13,2.2,2.2,2.15,2.2,100,12725,0
FINNIFTY13AUG2421250PE.NFO,2024-08-08,14:39:00,2024-08-13,2.2,2.2,2.2,2.2,175,12725,0
FINNIFTY13AUG2421250PE.NFO,2024-08-08,14:40:00,2024-08-13,2.2,2.2,2.2,2.2,100,12725,0
FINNIFTY13AUG2421250PE.NFO,2024-08-08,14:41:00,2024-08-13,2.2,2.2,2.2,2.2,0,12725,0
FINNIFTY13AUG2421250PE.NFO,2024-08-08,14:42:00,2024-08-13,2.2,2.35,2.2,2.35,500,12725,0
FINNIFTY13AUG2421250PE.NFO,2024-08-08,14:43:00,2024-08-13,2.35,2.35,2.3,2.3,150,12725,0
FINNIFTY13AUG2421250PE.NFO,2024-08-08,14:44:00,2024-08-13,2.3,2.3,2.3,2.3,0,12725,0
FINNIFTY13AUG2421250PE.NFO,2024-08-08,14:45:00,2024-08-13,2.3,2.4,2.3,2.4,25,12775,0
FINNIFTY13AUG2421250PE.NFO,2024-08-08,14:46:00,2024-08-13,2.4,2.45,2.4,2.45,25,12775,0
FINNIFTY13AUG2421250PE.NFO,2024-08-08,14:47:00,2024-08-13,2.45,2.65,2.45,2.65,25,12725,0
FINNIFTY13AUG2421250PE.NFO,2024-08-08,14:48:00,2024-08-13,2.65,2.65,2.6,2.6,50,12725,0
FINNIFTY13AUG2421250PE.NFO,2024-08-08,14:49:00,2024-08-13,2.6,2.6,2.6,2.6,75,12725,0
FINNIFTY13AUG2421250PE.NFO,2024-08-08,14:50:00,2024-08-13,2.6,2.6,2.6,2.6,0,12725,0
FINNIFTY13AUG2421250PE.NFO,2024-08-08,14:51:00,2024-08-13,2.6,2.6,2.6,2.6,0,12725,0
FINNIFTY13AUG2421250PE.NFO,2024-08-08,14:52:00,2024-08-13,2.6,2.6,2.55,2.55,775,12725,0
FINNIFTY13AUG2421250PE.NFO,2024-08-08,14:53:00,2024-08-13,2.55,2.55,2.45,2.5,1675,12725,0
FINNIFTY13AUG2421250PE.NFO,2024-08-08,14:54:00,2024-08-13,2.5,2.5,2.45,2.45,450,12725,0
FINNIFTY13AUG2421250PE.NFO,2024-08-08,14:55:00,2024-08-13,2.45,2.45,2.45,2.45,0,12725,0
FINNIFTY13AUG2421250PE.NFO,2024-08-08,14:56:00,2024-08-13,2.45,2.55,2.4,2.55,3500,14250,0
FINNIFTY13AUG2421250PE.NFO,2024-08-08,14:57:00,2024-08-13,2.55,2.55,2.5,2.5,150,14250,0
FINNIFTY13AUG2421250PE.NFO,2024-08-08,14:58:00,2024-08-13,2.5,2.55,2.5,2.55,350,14250,0
FINNIFTY13AUG2421250PE.NFO,2024-08-08,14:59:00,2024-08-13,2.55,2.6,2.55,2.55,675,17225,0
FINNIFTY13AUG2421250PE.NFO,2024-08-08,15:00:00,2024-08-13,2.55,2.7,2.55,2.6,400,17225,0
FINNIFTY13AUG2421250PE.NFO,2024-08-08,15:01:00,2024-08-13,2.6,2.6,2.55,2.55,125,17225,0
FINNIFTY13AUG2421250PE.NFO,2024-08-08,15:02:00,2024-08-13,2.55,2.6,2.55,2.55,75,17225,0
FINNIFTY13AUG2421250PE.NFO,2024-08-08,15:03:00,2024-08-13,2.55,2.7,2.55,2.7,100,17225,0
FINNIFTY13AUG2421250PE.NFO,2024-08-08,15:04:00,2024-08-13,2.7,2.7,2.55,2.55,375,17225,0
FINNIFTY13AUG2421250PE.NFO,2024-08-08,15:05:00,2024-08-13,2.55,2.6,2.55,2.6,25,17300,0
FINNIFTY13AUG2421250PE.NFO,2024-08-08,15:06:00,2024-08-13,2.55,2.65,2.55,2.65,625,17300,0
FINNIFTY13AUG2421250PE.NFO,2024-08-08,15:07:00,2024-08-13,2.65,2.65,2.6,2.6,250,17350,0
FINNIFTY13AUG2421250PE.NFO,2024-08-08,15:08:00,2024-08-13,2.6,2.6,2.6,2.6,675,17350,0
FINNIFTY13AUG2421250PE.NFO,2024-08-08,15:09:00,2024-08-13,2.6,2.6,2.55,2.55,3900,17350,0
FINNIFTY13AUG2421250PE.NFO,2024-08-08,15:10:00,2024-08-13,2.55,2.7,2.5,2.7,225,22025,0
FINNIFTY13AUG2421250PE.NFO,2024-08-08,15:11:00,2024-08-13,2.7,2.9,2.7,2.9,275,22025,0
FINNIFTY13AUG2421250PE.NFO,2024-08-08,15:12:00,2024-08-13,2.9,2.9,2.75,2.8,1475,22025,0
FINNIFTY13AUG2421250PE.NFO,2024-08-08,15:13:00,2024-08-13,2.8,3.2,2.8,3.05,750,23625,0
FINNIFTY13AUG2421250PE.NFO,2024-08-08,15:14:00,2024-08-13,3.05,3.2,3.0,3.05,1050,23625,0
FINNIFTY13AUG2421250PE.NFO,2024-08-08,15:15:00,2024-08-13,3.05,3.05,2.9,2.9,5975,23625,0
FINNIFTY13AUG2421250PE.NFO,2024-08-08,15:16:00,2024-08-13,2.9,3.0,2.9,3.0,1200,23625,0
FINNIFTY13AUG2421250PE.NFO,2024-08-08,15:17:00,2024-08-13,3.0,3.25,3.0,3.25,500,28925,0
FINNIFTY13AUG2421250PE.NFO,2024-08-08,15:18:00,2024-08-13,3.25,3.35,3.2,3.35,4350,28925,0
FINNIFTY13AUG2421250PE.NFO,2024-08-08,15:19:00,2024-08-13,3.35,3.5,3.35,3.5,650,28925,0
FINNIFTY13AUG2421250PE.NFO,2024-08-08,15:20:00,2024-08-13,3.5,3.65,3.45,3.65,1225,32725,0
FINNIFTY13AUG2421250PE.NFO,2024-08-08,15:21:00,2024-08-13,3.65,3.85,3.65,3.8,6550,32725,0
FINNIFTY13AUG2421250PE.NFO,2024-08-08,15:22:00,2024-08-13,3.8,3.95,3.7,3.8,1900,32725,0
FINNIFTY13AUG2421250PE.NFO,2024-08-08,15:23:00,2024-08-13,3.8,3.85,3.8,3.85,900,32775,0
FINNIFTY13AUG2421250PE.NFO,2024-08-08,15:24:00,2024-08-13,3.85,3.85,3.85,3.85,950,32775,0
FINNIFTY13AUG2421250PE.NFO,2024-08-08,15:25:00,2024-08-13,3.85,4.25,3.85,4.15,1425,32775,0
FINNIFTY13AUG2421250PE.NFO,2024-08-08,15:26:00,2024-08-13,4.15,4.6,4.15,4.45,525,32775,0
FINNIFTY13AUG2421250PE.NFO,2024-08-08,15:27:00,2024-08-13,4.45,4.45,4.3,4.3,2000,32775,0
FINNIFTY13AUG2421250PE.NFO,2024-08-08,15:28:00,2024-08-13,4.3,4.3,4.2,4.2,550,32775,0
FINNIFTY13AUG2421250PE.NFO,2024-08-08,15:29:00,2024-08-13,4.2,4.35,3.8,4.15,850,34100,0
FINNIFTY13AUG2421250PE.NFO,2024-08-08,15:30:00,2024-08-13,4.15,4.15,4.15,4.15,850,34100,1
FINNIFTY13AUG2421250PE.NFO,2024-08-09,09:15:00,2024-08-13,1.9,1.9,1.85,1.85,0,34100,0
FINNIFTY13AUG2421250PE.NFO,2024-08-09,09:16:00,2024-08-13,1.85,2.35,1.85,1.85,200,34100,0
FINNIFTY13AUG2421250PE.NFO,2024-08-09,09:17:00,2024-08-13,1.85,2.15,1.85,2.1,425,34100,0
FINNIFTY13AUG2421250PE.NFO,2024-08-09,09:18:00,2024-08-13,2.1,2.1,1.85,1.9,625,34100,0
FINNIFTY13AUG2421250PE.NFO,2024-08-09,09:19:00,2024-08-13,1.9,1.9,1.7,1.9,625,34100,0
FINNIFTY13AUG2421250PE.NFO,2024-08-09,09:20:00,2024-08-13,1.9,1.9,1.75,1.9,450,34100,0
FINNIFTY13AUG2421250PE.NFO,2024-08-09,09:21:00,2024-08-13,1.9,1.95,1.85,1.9,4000,34200,0
FINNIFTY13AUG2421250PE.NFO,2024-08-09,09:22:00,2024-08-13,1.9,1.9,1.7,1.75,6625,34200,0
FINNIFTY13AUG2421250PE.NFO,2024-08-09,09:23:00,2024-08-13,1.75,1.85,1.75,1.85,1475,34200,0
FINNIFTY13AUG2421250PE.NFO,2024-08-09,09:24:00,2024-08-13,1.85,1.9,1.85,1.9,1475,31050,0
FINNIFTY13AUG2421250PE.NFO,2024-08-09,09:25:00,2024-08-13,1.9,2.1,1.85,1.9,2125,31050,0
FINNIFTY13AUG2421250PE.NFO,2024-08-09,09:26:00,2024-08-13,1.9,2.0,1.8,1.8,750,31050,0
FINNIFTY13AUG2421250PE.NFO,2024-08-09,09:27:00,2024-08-13,1.8,1.85,1.75,1.8,1575,30675,0
FINNIFTY13AUG2421250PE.NFO,2024-08-09,09:28:00,2024-08-13,1.8,1.85,1.8,1.8,1125,30675,0
FINNIFTY13AUG2421250PE.NFO,2024-08-09,09:29:00,2024-08-13,1.8,1.8,1.8,1.8,225,30675,0
FINNIFTY13AUG2421250PE.NFO,2024-08-09,09:30:00,2024-08-13,1.8,1.85,1.8,1.8,2550,30900,0
FINNIFTY13AUG2421250PE.NFO,2024-08-09,09:31:00,2024-08-13,1.8,1.8,1.7,1.7,2225,30900,0
FINNIFTY13AUG2421250PE.NFO,2024-08-09,09:32:00,2024-08-13,1.7,1.8,1.65,1.65,1550,30900,0
FINNIFTY13AUG2421250PE.NFO,2024-08-09,09:33:00,2024-08-13,1.65,1.65,1.65,1.65,0,30900,0
FINNIFTY13AUG2421250PE.NFO,2024-08-09,09:34:00,2024-08-13,1.65,1.65,1.65,1.65,0,30900,0
FINNIFTY13AUG2421250PE.NFO,2024-08-09,09:35:00,2024-08-13,1.65,1.65,1.65,1.65,0,30900,0
FINNIFTY13AUG2421250PE.NFO,2024-08-09,09:36:00,2024-08-13,1.65,1.7,1.65,1.7,2050,28475,0
FINNIFTY13AUG2421250PE.NFO,2024-08-09,09:37:00,2024-08-13,1.7,1.75,1.7,1.75,2250,28475,0
FINNIFTY13AUG2421250PE.NFO,2024-08-09,09:38:00,2024-08-13,1.75,1.75,1.75,1.75,50,28475,0
FINNIFTY13AUG2421250PE.NFO,2024-08-09,09:39:00,2024-08-13,1.75,1.75,1.75,1.75,200,28475,0
FINNIFTY13AUG2421250PE.NFO,2024-08-09,09:40:00,2024-08-13,1.75,1.75,1.75,1.75,150,29200,0
FINNIFTY13AUG2421250PE.NFO,2024-08-09,09:41:00,2024-08-13,1.75,1.75,1.7,1.7,400,29200,0
FINNIFTY13AUG2421250PE.NFO,2024-08-09,09:42:00,2024-08-13,1.7,1.7,1.65,1.7,1200,28725,0
FINNIFTY13AUG2421250PE.NFO,2024-08-09,09:43:00,2024-08-13,1.7,1.7,1.65,1.65,250,28725,0
FINNIFTY13AUG2421250PE.NFO,2024-08-09,09:44:00,2024-08-13,1.65,1.65,1.65,1.65,0,28725,0
FINNIFTY13AUG2421250PE.NFO,2024-08-09,09:45:00,2024-08-13,1.65,1.7,1.65,1.7,1525,27325,0
FINNIFTY13AUG2421250PE.NFO,2024-08-09,09:46:00,2024-08-13,1.7,1.7,1.65,1.7,175,27325,0
FINNIFTY13AUG2421250PE.NFO,2024-08-09,09:47:00,2024-08-13,1.7,1.7,1.7,1.7,25,27325,0
FINNIFTY13AUG2421250PE.NFO,2024-08-09,09:48:00,2024-08-13,1.7,1.7,1.7,1.7,25,28300,0
FINNIFTY13AUG2421250PE.NFO,2024-08-09,09:49:00,2024-08-13,1.7,1.7,1.7,1.7,0,28300,0
FINNIFTY13AUG2421250PE.NFO,2024-08-09,09:50:00,2024-08-13,1.7,1.7,1.7,1.7,300,28300,0
FINNIFTY13AUG2421250PE.NFO,2024-08-09,09:51:00,2024-08-13,1.7,1.75,1.7,1.75,150,28300,0
FINNIFTY13AUG2421250PE.NFO,2024-08-09,09:52:00,2024-08-13,1.75,1.75,1.75,1.75,0,28300,0
FINNIFTY13AUG2421250PE.NFO,2024-08-09,09:53:00,2024-08-13,1.75,2.0,1.75,2.0,850,27900,0
FINNIFTY13AUG2421250PE.NFO,2024-08-09,09:54:00,2024-08-13,2.0,2.05,1.95,2.05,5075,28925,0
FINNIFTY13AUG2421250PE.NFO,2024-08-09,09:55:00,2024-08-13,2.05,2.05,1.95,1.95,125,28925,0
FINNIFTY13AUG2421250PE.NFO,2024-08-09,09:56:00,2024-08-13,1.95,1.95,1.95,1.95,475,28925,0
FINNIFTY13AUG2421250PE.NFO,2024-08-09,09:57:00,2024-08-13,1.95,1.95,1.8,1.8,750,26075,0
FINNIFTY13AUG2421250PE.NFO,2024-08-09,09:58:00,2024-08-13,1.8,1.85,1.75,1.85,425,26075,0
FINNIFTY13AUG2421250PE.NFO,2024-08-09,09:59:00,2024-08-13,1.85,1.85,1.75,1.75,100,26075,0
FINNIFTY13AUG2421250PE.NFO,2024-08-09,10:00:00,2024-08-13,1.75,1.8,1.75,1.75,425,25250,0
FINNIFTY13AUG2421250PE.NFO,2024-08-09,10:01:00,2024-08-13,1.75,1.75,1.7,1.7,525,25250,0
FINNIFTY13AUG2421250PE.NFO,2024-08-09,10:02:00,2024-08-13,1.7,1.75,1.7,1.75,275,25250,0
FINNIFTY13AUG2421250PE.NFO,2024-08-09,10:03:00,2024-08-13,1.75,1.75,1.7,1.7,75,25250,0
FINNIFTY13AUG2421250PE.NFO,2024-08-09,10:04:00,2024-08-13,1.7,1.7,1.7,1.7,0,25250,0
FINNIFTY13AUG2421250PE.NFO,2024-08-09,10:05:00,2024-08-13,1.7,1.7,1.7,1.7,200,25250,0
FINNIFTY13AUG2421250PE.NFO,2024-08-09,10:06:00,2024-08-13,1.7,1.75,1.7,1.7,75,25250,0
FINNIFTY13AUG2421250PE.NFO,2024-08-09,10:07:00,2024-08-13,1.7,1.7,1.7,1.7,25,25250,0
FINNIFTY13AUG2421250PE.NFO,2024-08-09,10:08:00,2024-08-13,1.7,1.7,1.7,1.7,0,25250,0
FINNIFTY13AUG2421250PE.NFO,2024-08-09,10:09:00,2024-08-13,1.7,1.7,1.65,1.65,275,25300,0
FINNIFTY13AUG2421250PE.NFO,2024-08-09,10:10:00,2024-08-13,1.7,1.7,1.7,1.7,0,25300,0
FINNIFTY13AUG2421250PE.NFO,2024-08-09,10:11:00,2024-08-13,1.7,1.7,1.7,1.7,0,25300,0
FINNIFTY13AUG2421250PE.NFO,2024-08-09,10:12:00,2024-08-13,1.7,1.7,1.7,1.7,0,25300,0
FINNIFTY13AUG2421250PE.NFO,2024-08-09,10:13:00,2024-08-13,1.7,1.7,1.7,1.7,0,25300,0
FINNIFTY13AUG2421250PE.NFO,2024-08-09,10:14:00,2024-08-13,1.7,1.7,1.7,1.7,0,25300,0
FINNIFTY13AUG2421250PE.NFO,2024-08-09,10:15:00,2024-08-13,1.7,1.7,1.7,1.7,0,25300,0
FINNIFTY13AUG2421250PE.NFO,2024-08-09,10:16:00,2024-08-13,1.7,1.7,1.7,1.7,0,25300,0
FINNIFTY13AUG2421250PE.NFO,2024-08-09,10:17:00,2024-08-13,1.7,1.7,1.7,1.7,0,25300,0
FINNIFTY13AUG2421250PE.NFO,2024-08-09,10:18:00,2024-08-13,1.7,1.7,1.7,1.7,0,25300,0
FINNIFTY13AUG2421250PE.NFO,2024-08-09,10:19:00,2024-08-13,1.7,1.7,1.6,1.65,50,25300,0
FINNIFTY13AUG2421250PE.NFO,2024-08-09,10:20:00,2024-08-13,1.65,1.7,1.65,1.7,50,25300,0
FINNIFTY13AUG2421250PE.NFO,2024-08-09,10:21:00,2024-08-13,1.7,1.7,1.65,1.65,250,25325,0
FINNIFTY13AUG2421250PE.NFO,2024-08-09,10:22:00,2024-08-13,1.65,1.65,1.6,1.6,225,25325,0
FINNIFTY13AUG2421250PE.NFO,2024-08-09,10:23:00,2024-08-13,1.6,1.65,1.6,1.65,25,25325,0
FINNIFTY13AUG2421250PE.NFO,2024-08-09,10:24:00,2024-08-13,1.65,1.65,1.65,1.65,25,25325,0
FINNIFTY13AUG2421250PE.NFO,2024-08-09,10:25:00,2024-08-13,1.65,1.75,1.65,1.75,50,25300,0
FINNIFTY13AUG2421250PE.NFO,2024-08-09,10:26:00,2024-08-13,1.75,1.75,1.75,1.75,0,25300,0
FINNIFTY13AUG2421250PE.NFO,2024-08-09,10:27:00,2024-08-13,1.75,1.75,1.75,1.75,0,25300,0
FINNIFTY13AUG2421250PE.NFO,2024-08-09,10:28:00,2024-08-13,1.75,1.75,1.75,1.75,0,25300,0
FINNIFTY13AUG2421250PE.NFO,2024-08-09,10:29:00,2024-08-13,1.75,1.8,1.75,1.8,0,25300,0
FINNIFTY13AUG2421250PE.NFO,2024-08-09,10:30:00,2024-08-13,1.8,1.8,1.7,1.7,1275,25300,0
FINNIFTY13AUG2421250PE.NFO,2024-08-09,10:31:00,2024-08-13,1.7,1.7,1.7,1.7,0,25300,0
FINNIFTY13AUG2421250PE.NFO,2024-08-09,10:32:00,2024-08-13,1.7,1.7,1.7,1.7,0,25300,0
FINNIFTY13AUG2421250PE.NFO,2024-08-09,10:33:00,2024-08-13,1.7,1.7,1.7,1.7,0,25300,0
FINNIFTY13AUG2421250PE.NFO,2024-08-09,10:34:00,2024-08-13,1.7,1.7,1.65,1.65,150,25225,0
FINNIFTY13AUG2421250PE.NFO,2024-08-09,10:35:00,2024-08-13,1.65,1.65,1.6,1.6,1100,25225,0
FINNIFTY13AUG2421250PE.NFO,2024-08-09,10:36:00,2024-08-13,1.6,1.75,1.6,1.75,50,25225,0
FINNIFTY13AUG2421250PE.NFO,2024-08-09,10:37:00,2024-08-13,1.75,1.75,1.7,1.7,50,25225,0
FINNIFTY13AUG2421250PE.NFO,2024-08-09,10:38:00,2024-08-13,1.7,1.7,1.7,1.7,200,25225,0
FINNIFTY13AUG2421250PE.NFO,2024-08-09,10:39:00,2024-08-13,1.7,1.7,1.7,1.7,0,25225,0
FINNIFTY13AUG2421250PE.NFO,2024-08-09,10:40:00,2024-08-13,1.7,1.7,1.7,1.7,0,25225,0
FINNIFTY13AUG2421250PE.NFO,2024-08-09,10:41:00,2024-08-13,1.7,1.75,1.7,1.75,50,25225,0
FINNIFTY13AUG2421250PE.NFO,2024-08-09,10:42:00,2024-08-13,1.75,1.8,1.75,1.8,325,25225,0
FINNIFTY13AUG2421250PE.NFO,2024-08-09,10:43:00,2024-08-13,1.8,1.8,1.6,1.6,125,24975,0
FINNIFTY13AUG2421250PE.NFO,2024-08-09,10:44:00,2024-08-13,1.6,1.6,1.6,1.6,0,24975,0
FINNIFTY13AUG2421250PE.NFO,2024-08-09,10:45:00,2024-08-13,1.6,1.6,1.6,1.6,0,24975,0
FINNIFTY13AUG2421250PE.NFO,2024-08-09,10:46:00,2024-08-13,1.6,1.6,1.6,1.6,0,24975,0
FINNIFTY13AUG2421250PE.NFO,2024-08-09,10:47:00,2024-08-13,1.6,1.6,1.6,1.6,0,24975,0
FINNIFTY13AUG2421250PE.NFO,2024-08-09,10:48:00,2024-08-13,1.6,1.6,1.6,1.6,0,24975,0
FINNIFTY13AUG2421250PE.NFO,2024-08-09,10:49:00,2024-08-13,1.6,1.6,1.6,1.6,0,24975,0
FINNIFTY13AUG2421250PE.NFO,2024-08-09,10:50:00,2024-08-13,1.6,1.6,1.6,1.6,0,24975,0
FINNIFTY13AUG2421250PE.NFO,2024-08-09,10:51:00,2024-08-13,1.6,1.6,1.6,1.6,0,24975,0
FINNIFTY13AUG2421250PE.NFO,2024-08-09,10:52:00,2024-08-13,1.6,1.6,1.55,1.55,25,24975,0
FINNIFTY13AUG2421250PE.NFO,2024-08-09,10:53:00,2024-08-13,1.55,1.55,1.55,1.55,25,24975,0
FINNIFTY13AUG2421250PE.NFO,2024-08-09,10:54:00,2024-08-13,1.55,1.55,1.55,1.55,0,24975,0
FINNIFTY13AUG2421250PE.NFO,2024-08-09,10:55:00,2024-08-13,1.55,1.55,1.55,1.55,0,24975,0
FINNIFTY13AUG2421250PE.NFO,2024-08-09,10:56:00,2024-08-13,1.55,1.55,1.55,1.55,25,24975,0
FINNIFTY13AUG2421250PE.NFO,2024-08-09,10:57:00,2024-08-13,1.55,1.55,1.55,1.55,50,24975,0
FINNIFTY13AUG2421250PE.NFO,2024-08-09,10:58:00,2024-08-13,1.55,1.55,1.55,1.55,100,24975,0
FINNIFTY13AUG2421250PE.NFO,2024-08-09,10:59:00,2024-08-13,1.55,1.6,1.55,1.6,325,24975,0
FINNIFTY13AUG2421250PE.NFO,2024-08-09,11:00:00,2024-08-13,1.6,1.6,1.5,1.5,175,24725,0
FINNIFTY13AUG2421250PE.NFO,2024-08-09,11:01:00,2024-08-13,1.5,1.5,1.5,1.5,0,24725,0
FINNIFTY13AUG2421250PE.NFO,2024-08-09,11:02:00,2024-08-13,1.5,1.5,1.5,1.5,0,24725,0
FINNIFTY13AUG2421250PE.NFO,2024-08-09,11:03:00,2024-08-13,1.5,1.5,1.5,1.5,0,24725,0
FINNIFTY13AUG2421250PE.NFO,2024-08-09,11:04:00,2024-08-13,1.5,1.55,1.5,1.55,225,24600,0
FINNIFTY13AUG2421250PE.NFO,2024-08-09,11:05:00,2024-08-13,1.55,1.55,1.5,1.5,800,24600,0
FINNIFTY13AUG2421250PE.NFO,2024-08-09,11:06:00,2024-08-13,1.5,1.5,1.5,1.5,525,24600,0
FINNIFTY13AUG2421250PE.NFO,2024-08-09,11:07:00,2024-08-13,1.5,1.5,1.5,1.5,0,24600,0
FINNIFTY13AUG2421250PE.NFO,2024-08-09,11:08:00,2024-08-13,1.5,1.5,1.5,1.5,0,24600,0
FINNIFTY13AUG2421250PE.NFO,2024-08-09,11:09:00,2024-08-13,1.5,1.5,1.5,1.5,0,24600,0
FINNIFTY13AUG2421250PE.NFO,2024-08-09,11:10:00,2024-08-13,1.5,1.6,1.5,1.6,25,24600,0
FINNIFTY13AUG2421250PE.NFO,2024-08-09,11:11:00,2024-08-13,1.6,1.6,1.6,1.6,25,24600,0
FINNIFTY13AUG2421250PE.NFO,2024-08-09,11:12:00,2024-08-13,1.6,1.6,1.6,1.6,0,24600,0
FINNIFTY13AUG2421250PE.NFO,2024-08-09,11:13:00,2024-08-13,1.6,1.6,1.6,1.6,0,24600,0
FINNIFTY13AUG2421250PE.NFO,2024-08-09,11:14:00,2024-08-13,1.6,1.6,1.55,1.55,200,24600,0
FINNIFTY13AUG2421250PE.NFO,2024-08-09,11:15:00,2024-08-13,1.55,1.55,1.55,1.55,0,24600,0
FINNIFTY13AUG2421250PE.NFO,2024-08-09,11:16:00,2024-08-13,1.55,1.55,1.55,1.55,100,24600,0
FINNIFTY13AUG2421250PE.NFO,2024-08-09,11:17:00,2024-08-13,1.55,1.55,1.55,1.55,0,24600,0
FINNIFTY13AUG2421250PE.NFO,2024-08-09,11:18:00,2024-08-13,1.55,1.55,1.5,1.55,675,23775,0
FINNIFTY13AUG2421250PE.NFO,2024-08-09,11:19:00,2024-08-13,1.55,1.55,1.55,1.55,75,23775,0
FINNIFTY13AUG2421250PE.NFO,2024-08-09,11:20:00,2024-08-13,1.55,1.55,1.55,1.55,0,23775,0
FINNIFTY13AUG2421250PE.NFO,2024-08-09,11:21:00,2024-08-13,1.55,1.55,1.55,1.55,0,23775,0
FINNIFTY13AUG2421250PE.NFO,2024-08-09,11:22:00,2024-08-13,1.55,1.55,1.55,1.55,0,23775,0
FINNIFTY13AUG2421250PE.NFO,2024-08-09,11:23:00,2024-08-13,1.55,1.55,1.55,1.55,0,23775,0
FINNIFTY13AUG2421250PE.NFO,2024-08-09,11:24:00,2024-08-13,1.55,1.55,1.55,1.55,0,23775,0
FINNIFTY13AUG2421250PE.NFO,2024-08-09,11:25:00,2024-08-13,1.55,1.55,1.55,1.55,125,23400,0
FINNIFTY13AUG2421250PE.NFO,2024-08-09,11:26:00,2024-08-13,1.55,1.55,1.55,1.55,0,23400,0
FINNIFTY13AUG2421250PE.NFO,2024-08-09,11:27:00,2024-08-13,1.6,1.6,1.6,1.6,25,23400,0
FINNIFTY13AUG2421250PE.NFO,2024-08-09,11:28:00,2024-08-13,1.6,1.6,1.6,1.6,0,23400,0
FINNIFTY13AUG2421250PE.NFO,2024-08-09,11:29:00,2024-08-13,1.6,1.6,1.6,1.6,0,23400,0
FINNIFTY13AUG2421250PE.NFO,2024-08-09,11:30:00,2024-08-13,1.6,1.6,1.6,1.6,25,23400,0
FINNIFTY13AUG2421250PE.NFO,2024-08-09,11:31:00,2024-08-13,1.6,1.6,1.55,1.55,550,23400,0
FINNIFTY13AUG2421250PE.NFO,2024-08-09,11:32:00,2024-08-13,1.55,1.55,1.55,1.55,0,23400,0
FINNIFTY13AUG2421250PE.NFO,2024-08-09,11:33:00,2024-08-13,1.55,1.55,1.55,1.55,0,23400,0
FINNIFTY13AUG2421250PE.NFO,2024-08-09,11:34:00,2024-08-13,1.55,1.55,1.55,1.55,0,23400,0
FINNIFTY13AUG2421250PE.NFO,2024-08-09,11:35:00,2024-08-13,1.55,1.55,1.55,1.55,0,23400,0
FINNIFTY13AUG2421250PE.NFO,2024-08-09,11:36:00,2024-08-13,1.55,1.55,1.55,1.55,0,23400,0
FINNIFTY13AUG2421250PE.NFO,2024-08-09,11:37:00,2024-08-13,1.55,1.55,1.55,1.55,0,23400,0
FINNIFTY13AUG2421250PE.NFO,2024-08-09,11:38:00,2024-08-13,1.55,1.6,1.55,1.6,200,23400,0
FINNIFTY13AUG2421250PE.NFO,2024-08-09,11:39:00,2024-08-13,1.6,1.6,1.6,1.6,0,23400,0
FINNIFTY13AUG2421250PE.NFO,2024-08-09,11:40:00,2024-08-13,1.6,1.6,1.6,1.6,0,23400,0
FINNIFTY13AUG2421250PE.NFO,2024-08-09,11:41:00,2024-08-13,1.6,1.6,1.6,1.6,0,23400,0
FINNIFTY13AUG2421250PE.NFO,2024-08-09,11:42:00,2024-08-13,1.6,1.6,1.6,1.6,0,23400,0
FINNIFTY13AUG2421250PE.NFO,2024-08-09,11:43:00,2024-08-13,1.6,1.6,1.6,1.6,0,23400,0
FINNIFTY13AUG2421250PE.NFO,2024-08-09,11:44:00,2024-08-13,1.6,1.6,1.55,1.55,0,23400,0
FINNIFTY13AUG2421250PE.NFO,2024-08-09,11:45:00,2024-08-13,1.55,1.55,1.55,1.55,0,23400,0
FINNIFTY13AUG2421250PE.NFO,2024-08-09,11:46:00,2024-08-13,1.55,1.55,1.55,1.55,250,23400,0
FINNIFTY13AUG2421250PE.NFO,2024-08-09,11:47:00,2024-08-13,1.55,1.55,1.55,1.55,100,23400,0
FINNIFTY13AUG2421250PE.NFO,2024-08-09,11:48:00,2024-08-13,1.55,1.55,1.55,1.55,0,23400,0
FINNIFTY13AUG2421250PE.NFO,2024-08-09,11:49:00,2024-08-13,1.55,1.55,1.55,1.55,0,23400,0
FINNIFTY13AUG2421250PE.NFO,2024-08-09,11:50:00,2024-08-13,1.55,1.55,1.55,1.55,0,23400,0
FINNIFTY13AUG2421250PE.NFO,2024-08-09,11:51:00,2024-08-13,1.55,1.55,1.55,1.55,0,23400,0
FINNIFTY13AUG2421250PE.NFO,2024-08-09,11:52:00,2024-08-13,1.55,1.55,1.55,1.55,0,23400,0
FINNIFTY13AUG2421250PE.NFO,2024-08-09,11:53:00,2024-08-13,1.55,1.55,1.55,1.55,0,23400,0
FINNIFTY13AUG2421250PE.NFO,2024-08-09,11:54:00,2024-08-13,1.55,1.55,1.55,1.55,400,23400,0
FINNIFTY13AUG2421250PE.NFO,2024-08-09,11:55:00,2024-08-13,1.55,1.55,1.55,1.55,0,23400,0
FINNIFTY13AUG2421250PE.NFO,2024-08-09,11:56:00,2024-08-13,1.55,1.55,1.55,1.55,625,23400,0
FINNIFTY13AUG2421250PE.NFO,2024-08-09,11:57:00,2024-08-13,1.55,1.55,1.55,1.55,0,23400,0
FINNIFTY13AUG2421250PE.NFO,2024-08-09,11:58:00,2024-08-13,1.55,1.55,1.55,1.55,0,23400,0
FINNIFTY13AUG2421250PE.NFO,2024-08-09,11:59:00,2024-08-13,1.55,1.55,1.55,1.55,0,23400,0
FINNIFTY13AUG2421250PE.NFO,2024-08-09,12:00:00,2024-08-13,1.55,1.55,1.55,1.55,0,23400,0
FINNIFTY13AUG2421250PE.NFO,2024-08-09,12:01:00,2024-08-13,1.55,1.55,1.55,1.55,25,23175,0
FINNIFTY13AUG2421250PE.NFO,2024-08-09,12:02:00,2024-08-13,1.55,1.55,1.55,1.55,0,23175,0
FINNIFTY13AUG2421250PE.NFO,2024-08-09,12:03:00,2024-08-13,1.55,1.55,1.55,1.55,0,23175,0
FINNIFTY13AUG2421250PE.NFO,2024-08-09,12:04:00,2024-08-13,1.55,1.55,1.55,1.55,0,23175,0
FINNIFTY13AUG2421250PE.NFO,2024-08-09,12:05:00,2024-08-13,1.55,1.55,1.55,1.55,0,23175,0
FINNIFTY13AUG2421250PE.NFO,2024-08-09,12:06:00,2024-08-13,1.55,1.55,1.55,1.55,0,23175,0
FINNIFTY13AUG2421250PE.NFO,2024-08-09,12:07:00,2024-08-13,1.55,1.55,1.55,1.55,50,23175,0
FINNIFTY13AUG2421250PE.NFO,2024-08-09,12:08:00,2024-08-13,1.55,1.55,1.45,1.45,25,23175,0
FINNIFTY13AUG2421250PE.NFO,2024-08-09,12:09:00,2024-08-13,1.45,1.45,1.4,1.4,150,23175,0
FINNIFTY13AUG2421250PE.NFO,2024-08-09,12:10:00,2024-08-13,1.45,1.45,1.45,1.45,0,23175,0
FINNIFTY13AUG2421250PE.NFO,2024-08-09,12:11:00,2024-08-13,1.45,1.45,1.45,1.45,0,23175,0
FINNIFTY13AUG2421250PE.NFO,2024-08-09,12:12:00,2024-08-13,1.45,1.45,1.45,1.45,0,23175,0
FINNIFTY13AUG2421250PE.NFO,2024-08-09,12:13:00,2024-08-13,1.45,1.45,1.45,1.45,0,23175,0
FINNIFTY13AUG2421250PE.NFO,2024-08-09,12:14:00,2024-08-13,1.45,1.45,1.45,1.45,0,23175,0
FINNIFTY13AUG2421250PE.NFO,2024-08-09,12:15:00,2024-08-13,1.45,1.45,1.45,1.45,0,23175,0
FINNIFTY13AUG2421250PE.NFO,2024-08-09,12:16:00,2024-08-13,1.45,1.45,1.45,1.45,0,23175,0
FINNIFTY13AUG2421250PE.NFO,2024-08-09,12:17:00,2024-08-13,1.45,1.45,1.45,1.45,0,23175,0
FINNIFTY13AUG2421250PE.NFO,2024-08-09,12:18:00,2024-08-13,1.45,1.45,1.45,1.45,600,23175,0
FINNIFTY13AUG2421250PE.NFO,2024-08-09,12:19:00,2024-08-13,1.45,1.45,1.4,1.4,0,23175,0
FINNIFTY13AUG2421250PE.NFO,2024-08-09,12:20:00,2024-08-13,1.4,1.4,1.4,1.4,0,23175,0
FINNIFTY13AUG2421250PE.NFO,2024-08-09,12:21:00,2024-08-13,1.4,1.4,1.4,1.4,0,23175,0
FINNIFTY13AUG2421250PE.NFO,2024-08-09,12:22:00,2024-08-13,1.4,1.4,1.4,1.4,0,23175,0
FINNIFTY13AUG2421250PE.NFO,2024-08-09,12:23:00,2024-08-13,1.4,1.4,1.4,1.4,0,23175,0
FINNIFTY13AUG2421250PE.NFO,2024-08-09,12:24:00,2024-08-13,1.4,1.4,1.4,1.4,0,23175,0
FINNIFTY13AUG2421250PE.NFO,2024-08-09,12:25:00,2024-08-13,1.4,1.4,1.4,1.4,0,23175,0
FINNIFTY13AUG2421250PE.NFO,2024-08-09,12:26:00,2024-08-13,1.4,1.4,1.4,1.4,0,23175,0
FINNIFTY13AUG2421250PE.NFO,2024-08-09,12:27:00,2024-08-13,1.4,1.4,1.4,1.4,0,23175,0
FINNIFTY13AUG2421250PE.NFO,2024-08-09,12:28:00,2024-08-13,1.4,1.4,1.4,1.4,0,23175,0
FINNIFTY13AUG2421250PE.NFO,2024-08-09,12:29:00,2024-08-13,1.4,1.4,1.35,1.4,100,23175,0
FINNIFTY13AUG2421250PE.NFO,2024-08-09,12:30:00,2024-08-13,1.4,1.4,1.35,1.35,100,23175,0
FINNIFTY13AUG2421250PE.NFO,2024-08-09,12:31:00,2024-08-13,1.35,1.35,1.35,1.35,0,23175,0
FINNIFTY13AUG2421250PE.NFO,2024-08-09,12:32:00,2024-08-13,1.35,1.35,1.3,1.35,225,23175,0
FINNIFTY13AUG2421250PE.NFO,2024-08-09,12:33:00,2024-08-13,1.35,1.35,1.3,1.3,0,23175,0
FINNIFTY13AUG2421250PE.NFO,2024-08-09,12:34:00,2024-08-13,1.3,1.3,1.3,1.3,0,23175,0
FINNIFTY13AUG2421250PE.NFO,2024-08-09,12:35:00,2024-08-13,1.3,1.3,1.3,1.3,0,23175,0
FINNIFTY13AUG2421250PE.NFO,2024-08-09,12:36:00,2024-08-13,1.3,1.35,1.3,1.35,0,23175,0
FINNIFTY13AUG2421250PE.NFO,2024-08-09,12:37:00,2024-08-13,1.35,1.35,1.35,1.35,75,23175,0
FINNIFTY13AUG2421250PE.NFO,2024-08-09,12:38:00,2024-08-13,1.35,1.4,1.35,1.4,1000,23175,0
FINNIFTY13AUG2421250PE.NFO,2024-08-09,12:39:00,2024-08-13,1.4,1.4,1.4,1.4,0,23175,0
FINNIFTY13AUG2421250PE.NFO,2024-08-09,12:40:00,2024-08-13,1.4,1.4,1.4,1.4,0,23175,0
FINNIFTY13AUG2421250PE.NFO,2024-08-09,12:41:00,2024-08-13,1.4,1.4,1.4,1.4,0,23175,0
FINNIFTY13AUG2421250PE.NFO,2024-08-09,12:42:00,2024-08-13,1.4,1.4,1.4,1.4,0,23175,0
FINNIFTY13AUG2421250PE.NFO,2024-08-09,12:43:00,2024-08-13,1.4,1.4,1.4,1.4,0,23175,0
FINNIFTY13AUG2421250PE.NFO,2024-08-09,12:44:00,2024-08-13,1.4,1.4,1.4,1.4,0,23175,0
FINNIFTY13AUG2421250PE.NFO,2024-08-09,12:45:00,2024-08-13,1.4,1.4,1.4,1.4,50,21675,0
FINNIFTY13AUG2421250PE.NFO,2024-08-09,12:46:00,2024-08-13,1.4,1.4,1.4,1.4,0,21675,0
FINNIFTY13AUG2421250PE.NFO,2024-08-09,12:47:00,2024-08-13,1.4,1.4,1.4,1.4,0,21675,0
FINNIFTY13AUG2421250PE.NFO,2024-08-09,12:48:00,2024-08-13,1.4,1.4,1.4,1.4,0,21675,0
FINNIFTY13AUG2421250PE.NFO,2024-08-09,12:49:00,2024-08-13,1.4,1.4,1.4,1.4,0,21675,0
FINNIFTY13AUG2421250PE.NFO,2024-08-09,12:50:00,2024-08-13,1.4,1.4,1.4,1.4,50,21675,0
FINNIFTY13AUG2421250PE.NFO,2024-08-09,12:51:00,2024-08-13,1.4,1.4,1.4,1.4,0,21675,0
FINNIFTY13AUG2421250PE.NFO,2024-08-09,12:52:00,2024-08-13,1.4,1.4,1.4,1.4,0,21675,0
FINNIFTY13AUG2421250PE.NFO,2024-08-09,12:53:00,2024-08-13,1.4,1.4,1.4,1.4,0,21675,0
FINNIFTY13AUG2421250PE.NFO,2024-08-09,12:54:00,2024-08-13,1.4,1.4,1.4,1.4,0,21675,0
FINNIFTY13AUG2421250PE.NFO,2024-08-09,12:55:00,2024-08-13,1.4,1.4,1.4,1.4,0,21675,0
FINNIFTY13AUG2421250PE.NFO,2024-08-09,12:56:00,2024-08-13,1.4,1.4,1.4,1.4,0,21675,0
FINNIFTY13AUG2421250PE.NFO,2024-08-09,12:57:00,2024-08-13,1.4,1.4,1.4,1.4,0,21675,0
FINNIFTY13AUG2421250PE.NFO,2024-08-09,12:58:00,2024-08-13,1.4,1.4,1.4,1.4,0,21675,0
FINNIFTY13AUG2421250PE.NFO,2024-08-09,12:59:00,2024-08-13,1.4,1.4,1.35,1.4,25,21675,0
FINNIFTY13AUG2421250PE.NFO,2024-08-09,13:00:00,2024-08-13,1.4,1.4,1.4,1.4,0,21675,0
FINNIFTY13AUG2421250PE.NFO,2024-08-09,13:01:00,2024-08-13,1.4,1.4,1.4,1.4,50,21675,0
FINNIFTY13AUG2421250PE.NFO,2024-08-09,13:02:00,2024-08-13,1.4,1.4,1.4,1.4,0,21675,0
FINNIFTY13AUG2421250PE.NFO,2024-08-09,13:03:00,2024-08-13,1.4,1.4,1.4,1.4,0,21675,0
FINNIFTY13AUG2421250PE.NFO,2024-08-09,13:04:00,2024-08-13,1.4,1.4,1.4,1.4,0,21675,0
FINNIFTY13AUG2421250PE.NFO,2024-08-09,13:05:00,2024-08-13,1.4,1.4,1.4,1.4,0,21675,0
FINNIFTY13AUG2421250PE.NFO,2024-08-09,13:06:00,2024-08-13,1.4,1.4,1.4,1.4,0,21675,0
FINNIFTY13AUG2421250PE.NFO,2024-08-09,13:07:00,2024-08-13,1.4,1.45,1.4,1.45,0,21675,0
FINNIFTY13AUG2421250PE.NFO,2024-08-09,13:08:00,2024-08-13,1.4,1.4,1.4,1.4,0,21675,0
FINNIFTY13AUG2421250PE.NFO,2024-08-09,13:09:00,2024-08-13,1.4,1.45,1.4,1.45,100,21675,0
FINNIFTY13AUG2421250PE.NFO,2024-08-09,13:10:00,2024-08-13,1.45,1.45,1.45,1.45,0,21675,0
FINNIFTY13AUG2421250PE.NFO,2024-08-09,13:11:00,2024-08-13,1.45,1.45,1.45,1.45,0,21675,0
FINNIFTY13AUG2421250PE.NFO,2024-08-09,13:12:00,2024-08-13,1.45,1.45,1.45,1.45,0,21675,0
FINNIFTY13AUG2421250PE.NFO,2024-08-09,13:13:00,2024-08-13,1.45,1.45,1.4,1.45,100,21675,0
FINNIFTY13AUG2421250PE.NFO,2024-08-09,13:14:00,2024-08-13,1.45,1.45,1.45,1.45,0,21675,0
FINNIFTY13AUG2421250PE.NFO,2024-08-09,13:15:00,2024-08-13,1.45,1.45,1.45,1.45,0,21675,0
FINNIFTY13AUG2421250PE.NFO,2024-08-09,13:16:00,2024-08-13,1.45,1.45,1.45,1.45,0,21675,0
FINNIFTY13AUG2421250PE.NFO,2024-08-09,13:17:00,2024-08-13,1.45,1.45,1.45,1.45,0,21675,0
FINNIFTY13AUG2421250PE.NFO,2024-08-09,13:18:00,2024-08-13,1.45,1.45,1.45,1.45,0,21675,0
FINNIFTY13AUG2421250PE.NFO,2024-08-09,13:19:00,2024-08-13,1.45,1.45,1.4,1.4,225,21675,0
FINNIFTY13AUG2421250PE.NFO,2024-08-09,13:20:00,2024-08-13,1.4,1.4,1.4,1.4,0,21675,0
FINNIFTY13AUG2421250PE.NFO,2024-08-09,13:21:00,2024-08-13,1.4,1.4,1.4,1.4,0,21675,0
FINNIFTY13AUG2421250PE.NFO,2024-08-09,13:22:00,2024-08-13,1.4,1.4,1.4,1.4,0,21675,0
FINNIFTY13AUG2421250PE.NFO,2024-08-09,13:23:00,2024-08-13,1.4,1.4,1.4,1.4,0,21675,0
FINNIFTY13AUG2421250PE.NFO,2024-08-09,13:24:00,2024-08-13,1.4,1.4,1.35,1.35,200,21675,0
FINNIFTY13AUG2421250PE.NFO,2024-08-09,13:25:00,2024-08-13,1.35,1.35,1.35,1.35,0,21675,0
FINNIFTY13AUG2421250PE.NFO,2024-08-09,13:26:00,2024-08-13,1.35,1.35,1.35,1.35,0,21675,0
FINNIFTY13AUG2421250PE.NFO,2024-08-09,13:27:00,2024-08-13,1.35,1.4,1.35,1.4,325,21675,0
FINNIFTY13AUG2421250PE.NFO,2024-08-09,13:28:00,2024-08-13,1.4,1.4,1.4,1.4,0,21675,0
FINNIFTY13AUG2421250PE.NFO,2024-08-09,13:29:00,2024-08-13,1.4,1.4,1.4,1.4,0,21675,0
FINNIFTY13AUG2421250PE.NFO,2024-08-09,13:30:00,2024-08-13,1.4,1.4,1.4,1.4,0,21675,0
FINNIFTY13AUG2421250PE.NFO,2024-08-09,13:31:00,2024-08-13,1.4,1.4,1.4,1.4,0,21675,0
FINNIFTY13AUG2421250PE.NFO,2024-08-09,13:32:00,2024-08-13,1.4,1.4,1.4,1.4,0,21675,0
FINNIFTY13AUG2421250PE.NFO,2024-08-09,13:33:00,2024-08-13,1.4,1.4,1.4,1.4,0,21675,0
FINNIFTY13AUG2421250PE.NFO,2024-08-09,13:34:00,2024-08-13,1.4,1.4,1.4,1.4,0,21675,0
FINNIFTY13AUG2421250PE.NFO,2024-08-09,13:35:00,2024-08-13,1.4,1.4,1.4,1.4,275,21675,0
FINNIFTY13AUG2421250PE.NFO,2024-08-09,13:36:00,2024-08-13,1.4,1.4,1.4,1.4,0,21675,0
FINNIFTY13AUG2421250PE.NFO,2024-08-09,13:37:00,2024-08-13,1.4,1.4,1.4,1.4,0,21675,0
FINNIFTY13AUG2421250PE.NFO,2024-08-09,13:38:00,2024-08-13,1.4,1.45,1.4,1.45,0,21875,0
FINNIFTY13AUG2421250PE.NFO,2024-08-09,13:39:00,2024-08-13,1.45,1.45,1.45,1.45,150,21875,0
FINNIFTY13AUG2421250PE.NFO,2024-08-09,13:40:00,2024-08-13,1.45,1.45,1.45,1.45,0,21875,0
FINNIFTY13AUG2421250PE.NFO,2024-08-09,13:41:00,2024-08-13,1.45,1.45,1.45,1.45,0,21875,0
FINNIFTY13AUG2421250PE.NFO,2024-08-09,13:42:00,2024-08-13,1.45,1.45,1.35,1.35,0,21875,0
FINNIFTY13AUG2421250PE.NFO,2024-08-09,13:43:00,2024-08-13,1.35,1.35,1.35,1.35,0,21875,0
FINNIFTY13AUG2421250PE.NFO,2024-08-09,13:44:00,2024-08-13,1.35,1.35,1.35,1.35,0,21875,0
FINNIFTY13AUG2421250PE.NFO,2024-08-09,13:45:00,2024-08-13,1.35,1.35,1.35,1.35,0,21875,0
FINNIFTY13AUG2421250PE.NFO,2024-08-09,13:46:00,2024-08-13,1.35,1.35,1.35,1.35,0,21875,0
FINNIFTY13AUG2421250PE.NFO,2024-08-09,13:47:00,2024-08-13,1.35,1.45,1.35,1.45,75,22575,0
FINNIFTY13AUG2421250PE.NFO,2024-08-09,13:48:00,2024-08-13,1.45,1.45,1.45,1.45,75,22575,0
FINNIFTY13AUG2421250PE.NFO,2024-08-09,13:49:00,2024-08-13,1.45,1.5,1.45,1.5,175,22575,0
FINNIFTY13AUG2421250PE.NFO,2024-08-09,13:50:00,2024-08-13,1.45,1.5,1.45,1.5,900,22575,0
FINNIFTY13AUG2421250PE.NFO,2024-08-09,13:51:00,2024-08-13,1.5,1.5,1.5,1.5,300,22575,0
FINNIFTY13AUG2421250PE.NFO,2024-08-09,13:52:00,2024-08-13,1.5,1.5,1.5,1.5,25,23525,0
FINNIFTY13AUG2421250PE.NFO,2024-08-09,13:53:00,2024-08-13,1.5,1.5,1.5,1.5,0,23525,0
FINNIFTY13AUG2421250PE.NFO,2024-08-09,13:54:00,2024-08-13,1.5,1.5,1.5,1.5,150,23525,0
FINNIFTY13AUG2421250PE.NFO,2024-08-09,13:55:00,2024-08-13,1.5,1.5,1.5,1.5,0,23525,0
FINNIFTY13AUG2421250PE.NFO,2024-08-09,13:56:00,2024-08-13,1.5,1.5,1.5,1.5,0,23525,0
FINNIFTY13AUG2421250PE.NFO,2024-08-09,13:57:00,2024-08-13,1.5,1.5,1.5,1.5,0,23525,0
FINNIFTY13AUG2421250PE.NFO,2024-08-09,13:58:00,2024-08-13,1.5,1.5,1.5,1.5,0,23525,0
FINNIFTY13AUG2421250PE.NFO,2024-08-09,13:59:00,2024-08-13,1.5,1.5,1.5,1.5,200,23325,0
FINNIFTY13AUG2421250PE.NFO,2024-08-09,14:00:00,2024-08-13,1.5,1.5,1.5,1.5,0,23325,0
FINNIFTY13AUG2421250PE.NFO,2024-08-09,14:01:00,2024-08-13,1.5,1.5,1.5,1.5,25,23175,0
FINNIFTY13AUG2421250PE.NFO,2024-08-09,14:02:00,2024-08-13,1.5,1.5,1.5,1.5,200,23175,0
FINNIFTY13AUG2421250PE.NFO,2024-08-09,14:03:00,2024-08-13,1.5,1.5,1.5,1.5,0,23175,0
FINNIFTY13AUG2421250PE.NFO,2024-08-09,14:04:00,2024-08-13,1.5,1.5,1.5,1.5,0,23175,0
FINNIFTY13AUG2421250PE.NFO,2024-08-09,14:05:00,2024-08-13,1.5,1.5,1.5,1.5,0,23175,0
FINNIFTY13AUG2421250PE.NFO,2024-08-09,14:06:00,2024-08-13,1.5,1.5,1.45,1.45,50,23175,0
FINNIFTY13AUG2421250PE.NFO,2024-08-09,14:07:00,2024-08-13,1.45,1.45,1.45,1.45,0,23175,0
FINNIFTY13AUG2421250PE.NFO,2024-08-09,14:08:00,2024-08-13,1.45,1.45,1.45,1.45,0,23175,0
FINNIFTY13AUG2421250PE.NFO,2024-08-09,14:09:00,2024-08-13,1.45,1.5,1.45,1.5,75,23175,0
FINNIFTY13AUG2421250PE.NFO,2024-08-09,14:10:00,2024-08-13,1.5,1.5,1.45,1.45,100,23175,0
FINNIFTY13AUG2421250PE.NFO,2024-08-09,14:11:00,2024-08-13,1.45,1.45,1.45,1.45,0,23175,0
FINNIFTY13AUG2421250PE.NFO,2024-08-09,14:12:00,2024-08-13,1.45,1.45,1.45,1.45,0,23175,0
FINNIFTY13AUG2421250PE.NFO,2024-08-09,14:13:00,2024-08-13,1.45,1.45,1.45,1.45,0,23175,0
FINNIFTY13AUG2421250PE.NFO,2024-08-09,14:14:00,2024-08-13,1.45,1.45,1.45,1.45,0,23175,0
FINNIFTY13AUG2421250PE.NFO,2024-08-09,14:15:00,2024-08-13,1.45,1.45,1.45,1.45,0,23175,0
FINNIFTY13AUG2421250PE.NFO,2024-08-09,14:16:00,2024-08-13,1.45,1.45,1.45,1.45,0,23175,0
FINNIFTY13AUG2421250PE.NFO,2024-08-09,14:17:00,2024-08-13,1.45,1.45,1.45,1.45,0,23175,0
FINNIFTY13AUG2421250PE.NFO,2024-08-09,14:18:00,2024-08-13,1.45,1.45,1.4,1.4,0,23275,0
FINNIFTY13AUG2421250PE.NFO,2024-08-09,14:19:00,2024-08-13,1.4,1.4,1.4,1.4,0,23275,0
FINNIFTY13AUG2421250PE.NFO,2024-08-09,14:20:00,2024-08-13,1.4,1.4,1.4,1.4,0,23275,0
FINNIFTY13AUG2421250PE.NFO,2024-08-09,14:21:00,2024-08-13,1.4,1.4,1.4,1.4,0,23275,0
FINNIFTY13AUG2421250PE.NFO,2024-08-09,14:22:00,2024-08-13,1.4,1.4,1.4,1.4,0,23275,0
FINNIFTY13AUG2421250PE.NFO,2024-08-09,14:23:00,2024-08-13,1.4,1.4,1.4,1.4,150,23275,0
FINNIFTY13AUG2421250PE.NFO,2024-08-09,14:24:00,2024-08-13,1.4,1.4,1.4,1.4,0,23275,0
FINNIFTY13AUG2421250PE.NFO,2024-08-09,14:25:00,2024-08-13,1.4,1.4,1.4,1.4,0,23275,0
FINNIFTY13AUG2421250PE.NFO,2024-08-09,14:26:00,2024-08-13,1.4,1.4,1.4,1.4,250,23275,0
FINNIFTY13AUG2421250PE.NFO,2024-08-09,14:27:00,2024-08-13,1.4,1.4,1.4,1.4,0,23275,0
FINNIFTY13AUG2421250PE.NFO,2024-08-09,14:28:00,2024-08-13,1.4,1.4,1.4,1.4,75,23275,0
FINNIFTY13AUG2421250PE.NFO,2024-08-09,14:29:00,2024-08-13,1.4,1.4,1.4,1.4,50,23275,0
FINNIFTY13AUG2421250PE.NFO,2024-08-09,14:30:00,2024-08-13,1.4,1.4,1.4,1.4,0,23275,0
FINNIFTY13AUG2421250PE.NFO,2024-08-09,14:31:00,2024-08-13,1.4,1.4,1.4,1.4,0,23275,0
FINNIFTY13AUG2421250PE.NFO,2024-08-09,14:32:00,2024-08-13,1.4,1.4,1.35,1.35,25,23275,0
FINNIFTY13AUG2421250PE.NFO,2024-08-09,14:33:00,2024-08-13,1.35,1.35,1.35,1.35,0,23275,0
FINNIFTY13AUG2421250PE.NFO,2024-08-09,14:34:00,2024-08-13,1.35,1.35,1.35,1.35,0,23275,0
FINNIFTY13AUG2421250PE.NFO,2024-08-09,14:35:00,2024-08-13,1.35,1.35,1.35,1.35,0,23275,0
FINNIFTY13AUG2421250PE.NFO,2024-08-09,14:36:00,2024-08-13,1.35,1.45,1.35,1.45,100,23275,0
FINNIFTY13AUG2421250PE.NFO,2024-08-09,14:37:00,2024-08-13,1.45,1.45,1.45,1.45,0,23275,0
FINNIFTY13AUG2421250PE.NFO,2024-08-09,14:38:00,2024-08-13,1.45,1.45,1.45,1.45,0,23275,0
FINNIFTY13AUG2421250PE.NFO,2024-08-09,14:39:00,2024-08-13,1.45,1.45,1.45,1.45,0,23275,0
FINNIFTY13AUG2421250PE.NFO,2024-08-09,14:40:00,2024-08-13,1.35,1.35,1.35,1.35,25,23175,0
FINNIFTY13AUG2421250PE.NFO,2024-08-09,14:41:00,2024-08-13,1.35,1.35,1.35,1.35,0,23175,0
FINNIFTY13AUG2421250PE.NFO,2024-08-09,14:42:00,2024-08-13,1.35,1.45,1.35,1.45,50,23175,0
FINNIFTY13AUG2421250PE.NFO,2024-08-09,14:43:00,2024-08-13,1.45,1.45,1.45,1.45,625,23175,0
FINNIFTY13AUG2421250PE.NFO,2024-08-09,14:44:00,2024-08-13,1.45,1.45,1.45,1.45,50,23175,0
FINNIFTY13AUG2421250PE.NFO,2024-08-09,14:45:00,2024-08-13,1.45,1.45,1.45,1.45,0,23175,0
FINNIFTY13AUG2421250PE.NFO,2024-08-09,14:46:00,2024-08-13,1.45,1.45,1.35,1.35,125,23175,0
FINNIFTY13AUG2421250PE.NFO,2024-08-09,14:47:00,2024-08-13,1.35,1.35,1.35,1.35,0,23175,0
FINNIFTY13AUG2421250PE.NFO,2024-08-09,14:48:00,2024-08-13,1.35,1.35,1.35,1.35,0,23175,0
FINNIFTY13AUG2421250PE.NFO,2024-08-09,14:49:00,2024-08-13,1.35,1.45,1.35,1.45,275,23175,0
FINNIFTY13AUG2421250PE.NFO,2024-08-09,14:50:00,2024-08-13,1.45,1.45,1.45,1.45,0,23175,0
FINNIFTY13AUG2421250PE.NFO,2024-08-09,14:51:00,2024-08-13,1.45,1.45,1.45,1.45,0,23175,0
FINNIFTY13AUG2421250PE.NFO,2024-08-09,14:52:00,2024-08-13,1.45,1.45,1.45,1.45,0,23175,0
FINNIFTY13AUG2421250PE.NFO,2024-08-09,14:53:00,2024-08-13,1.45,1.45,1.45,1.45,0,23175,0
FINNIFTY13AUG2421250PE.NFO,2024-08-09,14:54:00,2024-08-13,1.45,1.45,1.45,1.45,0,23175,0
FINNIFTY13AUG2421250PE.NFO,2024-08-09,14:55:00,2024-08-13,1.45,1.45,1.45,1.45,0,23175,0
FINNIFTY13AUG2421250PE.NFO,2024-08-09,14:56:00,2024-08-13,1.45,1.45,1.45,1.45,0,23175,0
FINNIFTY13AUG2421250PE.NFO,2024-08-09,14:57:00,2024-08-13,1.45,1.45,1.45,1.45,0,23175,0
FINNIFTY13AUG2421250PE.NFO,2024-08-09,14:58:00,2024-08-13,1.45,1.45,1.45,1.45,0,23175,0
FINNIFTY13AUG2421250PE.NFO,2024-08-09,14:59:00,2024-08-13,1.45,1.45,1.45,1.45,0,23175,0
FINNIFTY13AUG2421250PE.NFO,2024-08-09,15:00:00,2024-08-13,1.45,1.45,1.45,1.45,0,23175,0
FINNIFTY13AUG2421250PE.NFO,2024-08-09,15:01:00,2024-08-13,1.45,1.45,1.45,1.45,0,23175,0
FINNIFTY13AUG2421250PE.NFO,2024-08-09,15:02:00,2024-08-13,1.45,1.45,1.45,1.45,0,23175,0
FINNIFTY13AUG2421250PE.NFO,2024-08-09,15:03:00,2024-08-13,1.45,1.45,1.45,1.45,0,23175,0
FINNIFTY13AUG2421250PE.NFO,2024-08-09,15:04:00,2024-08-13,1.45,1.45,1.35,1.35,0,23175,0
FINNIFTY13AUG2421250PE.NFO,2024-08-09,15:05:00,2024-08-13,1.35,1.35,1.35,1.35,0,23175,0
FINNIFTY13AUG2421250PE.NFO,2024-08-09,15:06:00,2024-08-13,1.35,1.35,1.35,1.35,0,23175,0
FINNIFTY13AUG2421250PE.NFO,2024-08-09,15:07:00,2024-08-13,1.35,1.35,1.35,1.35,0,23175,0
FINNIFTY13AUG2421250PE.NFO,2024-08-09,15:08:00,2024-08-13,1.35,1.35,1.35,1.35,0,23175,0
FINNIFTY13AUG2421250PE.NFO,2024-08-09,15:09:00,2024-08-13,1.35,1.4,1.35,1.4,50,23075,0
FINNIFTY13AUG2421250PE.NFO,2024-08-09,15:10:00,2024-08-13,1.4,1.4,1.4,1.4,0,23075,0
FINNIFTY13AUG2421250PE.NFO,2024-08-09,15:11:00,2024-08-13,1.4,1.4,1.4,1.4,0,23075,0
FINNIFTY13AUG2421250PE.NFO,2024-08-09,15:12:00,2024-08-13,1.4,1.4,1.35,1.35,100,23100,0
FINNIFTY13AUG2421250PE.NFO,2024-08-09,15:13:00,2024-08-13,1.35,1.35,1.35,1.35,0,22925,0
FINNIFTY13AUG2421250PE.NFO,2024-08-09,15:14:00,2024-08-13,1.35,1.35,1.3,1.35,1575,22925,0
FINNIFTY13AUG2421250PE.NFO,2024-08-09,15:15:00,2024-08-13,1.35,1.35,1.3,1.3,1300,22925,0
FINNIFTY13AUG2421250PE.NFO,2024-08-09,15:16:00,2024-08-13,1.3,1.3,1.25,1.25,3400,15625,0
FINNIFTY13AUG2421250PE.NFO,2024-08-09,15:17:00,2024-08-13,1.25,1.35,1.25,1.35,250,15625,0
FINNIFTY13AUG2421250PE.NFO,2024-08-09,15:18:00,2024-08-13,1.35,1.35,1.35,1.35,250,15625,0
FINNIFTY13AUG2421250PE.NFO,2024-08-09,15:19:00,2024-08-13,1.35,1.35,1.25,1.25,25,14550,0
FINNIFTY13AUG2421250PE.NFO,2024-08-09,15:20:00,2024-08-13,1.25,1.4,1.25,1.4,1050,14550,0
FINNIFTY13AUG2421250PE.NFO,2024-08-09,15:21:00,2024-08-13,1.4,1.4,1.3,1.3,500,14550,0
FINNIFTY13AUG2421250PE.NFO,2024-08-09,15:22:00,2024-08-13,1.3,1.3,1.25,1.25,150,14550,0
FINNIFTY13AUG2421250PE.NFO,2024-08-09,15:23:00,2024-08-13,1.25,1.25,1.25,1.25,0,13675,0
FINNIFTY13AUG2421250PE.NFO,2024-08-09,15:24:00,2024-08-13,1.25,1.25,1.25,1.25,0,13675,0
FINNIFTY13AUG2421250PE.NFO,2024-08-09,15:25:00,2024-08-13,1.25,1.25,1.15,1.15,50,13150,0
FINNIFTY13AUG2421250PE.NFO,2024-08-09,15:26:00,2024-08-13,1.15,1.15,1.15,1.15,850,13150,0
FINNIFTY13AUG2421250PE.NFO,2024-08-09,15:27:00,2024-08-13,1.15,1.15,1.0,1.0,925,13150,0
FINNIFTY13AUG2421250PE.NFO,2024-08-09,15:28:00,2024-08-13,1.0,1.0,1.0,1.0,100,12675,0
FINNIFTY13AUG2421250PE.NFO,2024-08-09,15:29:00,2024-08-13,1.0,1.0,0.85,0.85,0,12675,0
FINNIFTY13AUG2421250PE.NFO,2024-08-09,15:30:00,2024-08-13,0.85,0.85,0.85,0.85,0,12675,1
FINNIFTY13AUG2421250PE.NFO,2024-08-12,09:15:00,2024-08-13,1.3,1.3,0.9,0.9,975,12625,0
FINNIFTY13AUG2421250PE.NFO,2024-08-12,09:16:00,2024-08-13,0.9,0.9,0.9,0.9,0,12625,0
FINNIFTY13AUG2421250PE.NFO,2024-08-12,09:17:00,2024-08-13,0.9,0.9,0.75,0.75,2275,13575,0
FINNIFTY13AUG2421250PE.NFO,2024-08-12,09:18:00,2024-08-13,0.75,0.75,0.75,0.75,0,13575,0
FINNIFTY13AUG2421250PE.NFO,2024-08-12,09:19:00,2024-08-13,0.75,0.75,0.75,0.75,0,13575,0
FINNIFTY13AUG2421250PE.NFO,2024-08-12,09:20:00,2024-08-13,0.75,0.9,0.65,0.9,375,15300,0
FINNIFTY13AUG2421250PE.NFO,2024-08-12,09:21:00,2024-08-13,0.9,0.9,0.9,0.9,0,15300,0
FINNIFTY13AUG2421250PE.NFO,2024-08-12,09:22:00,2024-08-13,0.9,0.9,0.9,0.9,0,15300,0
FINNIFTY13AUG2421250PE.NFO,2024-08-12,09:23:00,2024-08-13,0.9,0.9,0.9,0.9,0,15300,0
FINNIFTY13AUG2421250PE.NFO,2024-08-12,09:24:00,2024-08-13,0.9,0.9,0.9,0.9,0,15300,0
FINNIFTY13AUG2421250PE.NFO,2024-08-12,09:25:00,2024-08-13,0.9,0.9,0.9,0.9,0,15300,0
FINNIFTY13AUG2421250PE.NFO,2024-08-12,09:26:00,2024-08-13,0.9,0.9,0.9,0.9,0,15300,0
FINNIFTY13AUG2421250PE.NFO,2024-08-12,09:27:00,2024-08-13,0.9,0.9,0.85,0.85,400,15200,0
FINNIFTY13AUG2421250PE.NFO,2024-08-12,09:28:00,2024-08-13,0.85,0.85,0.8,0.8,350,15200,0
FINNIFTY13AUG2421250PE.NFO,2024-08-12,09:29:00,2024-08-13,0.8,0.8,0.55,0.55,75,15200,0
FINNIFTY13AUG2421250PE.NFO,2024-08-12,09:30:00,2024-08-13,0.55,0.6,0.5,0.6,125,15225,0
FINNIFTY13AUG2421250PE.NFO,2024-08-12,09:31:00,2024-08-13,0.6,0.6,0.6,0.6,0,15225,0
FINNIFTY13AUG2421250PE.NFO,2024-08-12,09:32:00,2024-08-13,0.6,0.6,0.6,0.6,0,15225,0
FINNIFTY13AUG2421250PE.NFO,2024-08-12,09:33:00,2024-08-13,0.6,0.6,0.6,0.6,0,15225,0
FINNIFTY13AUG2421250PE.NFO,2024-08-12,09:34:00,2024-08-13,0.6,0.6,0.6,0.6,0,15225,1
FINNIFTY13AUG2421250PE.NFO,2024-08-12,09:35:00,2024-08-13,0.45,0.55,0.45,0.55,2550,15200,0
FINNIFTY13AUG2421250PE.NFO,2024-08-12,09:36:00,2024-08-13,0.55,0.55,0.55,0.55,0,15200,0
FINNIFTY13AUG2421250PE.NFO,2024-08-12,09:37:00,2024-08-13,0.55,0.55,0.55,0.55,0,15200,0
FINNIFTY13AUG2421250PE.NFO,2024-08-12,09:38:00,2024-08-13,0.6,0.65,0.55,0.65,1350,14275,0
FINNIFTY13AUG2421250PE.NFO,2024-08-12,09:39:00,2024-08-13,0.65,0.65,0.55,0.55,900,14275,0
FINNIFTY13AUG2421250PE.NFO,2024-08-12,09:40:00,2024-08-13,0.55,0.55,0.45,0.45,25,13825,0
FINNIFTY13AUG2421250PE.NFO,2024-08-12,09:41:00,2024-08-13,0.45,0.5,0.45,0.5,75,13825,0
FINNIFTY13AUG2421250PE.NFO,2024-08-12,09:42:00,2024-08-13,0.5,0.55,0.5,0.55,25,13825,0
FINNIFTY13AUG2421250PE.NFO,2024-08-12,09:43:00,2024-08-13,0.45,0.5,0.4,0.5,325,13925,0
FINNIFTY13AUG2421250PE.NFO,2024-08-12,09:44:00,2024-08-13,0.5,0.5,0.5,0.5,0,13925,0
FINNIFTY13AUG2421250PE.NFO,2024-08-12,09:45:00,2024-08-13,0.5,0.5,0.5,0.5,0,13925,0
FINNIFTY13AUG2421250PE.NFO,2024-08-12,09:46:00,2024-08-13,0.5,0.5,0.5,0.5,0,13925,0
FINNIFTY13AUG2421250PE.NFO,2024-08-12,09:47:00,2024-08-13,0.5,0.65,0.5,0.65,525,13775,0
FINNIFTY13AUG2421250PE.NFO,2024-08-12,09:48:00,2024-08-13,0.65,0.65,0.65,0.65,0,13775,0
FINNIFTY13AUG2421250PE.NFO,2024-08-12,09:49:00,2024-08-13,0.65,0.65,0.5,0.5,175,14025,0
FINNIFTY13AUG2421250PE.NFO,2024-08-12,09:50:00,2024-08-13,0.5,0.5,0.5,0.5,0,14025,0
FINNIFTY13AUG2421250PE.NFO,2024-08-12,09:51:00,2024-08-13,0.5,0.6,0.45,0.45,250,14025,0
FINNIFTY13AUG2421250PE.NFO,2024-08-12,09:52:00,2024-08-13,0.45,0.45,0.45,0.45,0,14025,0
FINNIFTY13AUG2421250PE.NFO,2024-08-12,09:53:00,2024-08-13,0.45,0.6,0.45,0.6,50,14025,0
FINNIFTY13AUG2421250PE.NFO,2024-08-12,09:54:00,2024-08-13,0.6,0.6,0.55,0.55,275,13925,0
FINNIFTY13AUG2421250PE.NFO,2024-08-12,09:55:00,2024-08-13,0.55,0.55,0.5,0.5,75,13925,0
FINNIFTY13AUG2421250PE.NFO,2024-08-12,09:56:00,2024-08-13,0.5,0.5,0.5,0.5,25,13925,0
FINNIFTY13AUG2421250PE.NFO,2024-08-12,09:57:00,2024-08-13,0.5,0.5,0.5,0.5,0,13925,0
FINNIFTY13AUG2421250PE.NFO,2024-08-12,09:58:00,2024-08-13,0.5,0.55,0.45,0.55,575,13800,0
FINNIFTY13AUG2421250PE.NFO,2024-08-12,09:59:00,2024-08-13,0.55,0.55,0.55,0.55,400,13800,0
FINNIFTY13AUG2421250PE.NFO,2024-08-12,10:00:00,2024-08-13,0.55,0.55,0.55,0.55,0,13800,0
FINNIFTY13AUG2421250PE.NFO,2024-08-12,10:01:00,2024-08-13,0.55,0.55,0.55,0.55,0,13800,0
FINNIFTY13AUG2421250PE.NFO,2024-08-12,10:02:00,2024-08-13,0.55,0.55,0.55,0.55,0,13800,0
FINNIFTY13AUG2421250PE.NFO,2024-08-12,10:03:00,2024-08-13,0.55,0.55,0.55,0.55,1725,13425,0
FINNIFTY13AUG2421250PE.NFO,2024-08-12,10:04:00,2024-08-13,0.55,0.55,0.55,0.55,0,13425,0
FINNIFTY13AUG2421250PE.NFO,2024-08-12,10:05:00,2024-08-13,0.55,0.55,0.55,0.55,0,13425,0
FINNIFTY13AUG2421250PE.NFO,2024-08-12,10:06:00,2024-08-13,0.55,0.55,0.55,0.55,0,13425,0
FINNIFTY13AUG2421250PE.NFO,2024-08-12,10:07:00,2024-08-13,0.55,0.55,0.55,0.55,75,13450,0
FINNIFTY13AUG2421250PE.NFO,2024-08-12,10:08:00,2024-08-13,0.55,0.55,0.55,0.55,0,13450,0
FINNIFTY13AUG2421250PE.NFO,2024-08-12,10:09:00,2024-08-13,0.55,0.6,0.55,0.6,25,13450,0
FINNIFTY13AUG2421250PE.NFO,2024-08-12,10:10:00,2024-08-13,0.6,0.6,0.6,0.6,0,13450,0
FINNIFTY13AUG2421250PE.NFO,2024-08-12,10:11:00,2024-08-13,0.6,0.6,0.6,0.6,25,13525,0
FINNIFTY13AUG2421250PE.NFO,2024-08-12,10:12:00,2024-08-13,0.65,0.65,0.65,0.65,150,13525,0
FINNIFTY13AUG2421250PE.NFO,2024-08-12,10:13:00,2024-08-13,0.65,0.65,0.55,0.55,25,13600,0
FINNIFTY13AUG2421250PE.NFO,2024-08-12,10:14:00,2024-08-13,0.55,0.55,0.55,0.55,0,13600,0
FINNIFTY13AUG2421250PE.NFO,2024-08-12,10:15:00,2024-08-13,0.55,0.55,0.55,0.55,0,13600,0
FINNIFTY13AUG2421250PE.NFO,2024-08-12,10:16:00,2024-08-13,0.55,0.55,0.55,0.55,0,13600,0
FINNIFTY13AUG2421250PE.NFO,2024-08-12,10:17:00,2024-08-13,0.55,0.55,0.55,0.55,0,13600,0
FINNIFTY13AUG2421250PE.NFO,2024-08-12,10:18:00,2024-08-13,0.55,0.55,0.55,0.55,0,13600,0
FINNIFTY13AUG2421250PE.NFO,2024-08-12,10:19:00,2024-08-13,0.55,0.55,0.55,0.55,0,13600,0
FINNIFTY13AUG2421250PE.NFO,2024-08-12,10:20:00,2024-08-13,0.55,0.55,0.55,0.55,0,13600,0
FINNIFTY13AUG2421250PE.NFO,2024-08-12,10:21:00,2024-08-13,0.55,0.55,0.55,0.55,0,13600,0
FINNIFTY13AUG2421250PE.NFO,2024-08-12,10:22:00,2024-08-13,0.55,0.55,0.5,0.5,25,13600,0
FINNIFTY13AUG2421250PE.NFO,2024-08-12,10:23:00,2024-08-13,0.5,0.5,0.5,0.5,0,13600,0
FINNIFTY13AUG2421250PE.NFO,2024-08-12,10:24:00,2024-08-13,0.45,0.45,0.45,0.45,500,13600,0
FINNIFTY13AUG2421250PE.NFO,2024-08-12,10:25:00,2024-08-13,0.45,0.65,0.45,0.65,25,13550,0
FINNIFTY13AUG2421250PE.NFO,2024-08-12,10:26:00,2024-08-13,0.65,0.65,0.65,0.65,0,13550,0
FINNIFTY13AUG2421250PE.NFO,2024-08-12,10:27:00,2024-08-13,0.65,0.65,0.6,0.6,250,13550,0
FINNIFTY13AUG2421250PE.NFO,2024-08-12,10:28:00,2024-08-13,0.6,0.6,0.6,0.6,0,13550,0
FINNIFTY13AUG2421250PE.NFO,2024-08-12,10:29:00,2024-08-13,0.6,0.6,0.6,0.6,0,13550,0
FINNIFTY13AUG2421250PE.NFO,2024-08-12,10:30:00,2024-08-13,0.6,0.6,0.6,0.6,0,13550,0
FINNIFTY13AUG2421250PE.NFO,2024-08-12,10:31:00,2024-08-13,0.6,0.6,0.6,0.6,0,13550,1
FINNIFTY13AUG2421250PE.NFO,2024-08-12,10:32:00,2024-08-13,0.6,0.6,0.55,0.55,1075,13275,0
FINNIFTY13AUG2421250PE.NFO,2024-08-12,10:33:00,2024-08-13,0.55,0.55,0.55,0.55,0,13275,0
FINNIFTY13AUG2421250PE.NFO,2024-08-12,10:34:00,2024-08-13,0.55,0.55,0.55,0.55,0,13275,0
FINNIFTY13AUG2421250PE.NFO,2024-08-12,10:35:00,2024-08-13,0.55,0.55,0.55,0.55,0,13275,0
FINNIFTY13AUG2421250PE.NFO,2024-08-12,10:36:00,2024-08-13,0.55,0.55,0.55,0.55,0,13275,0
FINNIFTY13AUG2421250PE.NFO,2024-08-12,10:37:00,2024-08-13,0.55,0.55,0.55,0.55,0,13275,0
FINNIFTY13AUG2421250PE.NFO,2024-08-12,10:38:00,2024-08-13,0.55,0.55,0.55,0.55,0,13275,0
FINNIFTY13AUG2421250PE.NFO,2024-08-12,10:39:00,2024-08-13,0.55,0.55,0.55,0.55,0,13275,0
FINNIFTY13AUG2421250PE.NFO,2024-08-12,10:40:00,2024-08-13,0.55,0.55,0.55,0.55,0,13275,0
FINNIFTY13AUG2421250PE.NFO,2024-08-12,10:41:00,2024-08-13,0.55,0.55,0.5,0.5,225,13475,0
FINNIFTY13AUG2421250PE.NFO,2024-08-12,10:42:00,2024-08-13,0.5,0.5,0.5,0.5,0,13475,0
FINNIFTY13AUG2421250PE.NFO,2024-08-12,10:43:00,2024-08-13,0.5,0.5,0.5,0.5,0,13475,0
FINNIFTY13AUG2421250PE.NFO,2024-08-12,10:44:00,2024-08-13,0.5,0.5,0.5,0.5,0,13475,0
FINNIFTY13AUG2421250PE.NFO,2024-08-12,10:45:00,2024-08-13,0.5,0.5,0.5,0.5,0,13475,0
FINNIFTY13AUG2421250PE.NFO,2024-08-12,10:46:00,2024-08-13,0.5,0.5,0.5,0.5,0,13475,0
FINNIFTY13AUG2421250PE.NFO,2024-08-12,10:47:00,2024-08-13,0.5,0.5,0.5,0.5,0,13475,0
FINNIFTY13AUG2421250PE.NFO,2024-08-12,10:48:00,2024-08-13,0.5,0.5,0.5,0.5,0,13475,0
FINNIFTY13AUG2421250PE.NFO,2024-08-12,10:49:00,2024-08-13,0.5,0.5,0.5,0.5,1350,13525,0
FINNIFTY13AUG2421250PE.NFO,2024-08-12,10:50:00,2024-08-13,0.5,0.5,0.5,0.5,525,13525,0
FINNIFTY13AUG2421250PE.NFO,2024-08-12,10:51:00,2024-08-13,0.5,0.5,0.5,0.5,125,13525,0
FINNIFTY13AUG2421250PE.NFO,2024-08-12,10:52:00,2024-08-13,0.5,0.5,0.5,0.5,250,14225,0
FINNIFTY13AUG2421250PE.NFO,2024-08-12,10:53:00,2024-08-13,0.5,0.5,0.5,0.5,0,14225,0
FINNIFTY13AUG2421250PE.NFO,2024-08-12,10:54:00,2024-08-13,0.5,0.5,0.5,0.5,0,14225,0
FINNIFTY13AUG2421250PE.NFO,2024-08-12,10:55:00,2024-08-13,0.5,0.5,0.5,0.5,0,14225,0
FINNIFTY13AUG2421250PE.NFO,2024-08-12,10:56:00,2024-08-13,0.5,0.5,0.5,0.5,0,14225,0
FINNIFTY13AUG2421250PE.NFO,2024-08-12,10:57:00,2024-08-13,0.5,0.5,0.5,0.5,0,14225,0
FINNIFTY13AUG2421250PE.NFO,2024-08-12,10:58:00,2024-08-13,0.5,0.5,0.5,0.5,25,14425,0
FINNIFTY13AUG2421250PE.NFO,2024-08-12,10:59:00,2024-08-13,0.5,0.5,0.5,0.5,500,14425,0
FINNIFTY13AUG2421250PE.NFO,2024-08-12,11:00:00,2024-08-13,0.5,0.5,0.5,0.5,0,14425,0
FINNIFTY13AUG2421250PE.NFO,2024-08-12,11:01:00,2024-08-13,0.5,0.5,0.5,0.5,25,14525,0
FINNIFTY13AUG2421250PE.NFO,2024-08-12,11:02:00,2024-08-13,0.5,0.5,0.5,0.5,0,14525,0
FINNIFTY13AUG2421250PE.NFO,2024-08-12,11:03:00,2024-08-13,0.5,0.55,0.5,0.55,125,14525,0
FINNIFTY13AUG2421250PE.NFO,2024-08-12,11:04:00,2024-08-13,0.55,0.55,0.5,0.5,600,14625,0
FINNIFTY13AUG2421250PE.NFO,2024-08-12,11:05:00,2024-08-13,0.5,0.5,0.5,0.5,0,14625,0
FINNIFTY13AUG2421250PE.NFO,2024-08-12,11:06:00,2024-08-13,0.5,0.5,0.5,0.5,25,14625,0
FINNIFTY13AUG2421250PE.NFO,2024-08-12,11:07:00,2024-08-13,0.5,0.5,0.5,0.5,0,14625,0
FINNIFTY13AUG2421250PE.NFO,2024-08-12,11:08:00,2024-08-13,0.5,0.5,0.5,0.5,0,14625,1
FINNIFTY13AUG2421250PE.NFO,2024-08-12,11:09:00,2024-08-13,0.5,0.5,0.5,0.5,0,14625,1
FINNIFTY13AUG2421250PE.NFO,2024-08-12,11:10:00,2024-08-13,0.5,0.5,0.5,0.5,0,14625,1
FINNIFTY13AUG2421250PE.NFO,2024-08-12,11:11:00,2024-08-13,0.5,0.5,0.5,0.5,0,14625,0
FINNIFTY13AUG2421250PE.NFO,2024-08-12,11:12:00,2024-08-13,0.55,0.55,0.55,0.55,25,14875,0
FINNIFTY13AUG2421250PE.NFO,2024-08-12,11:13:00,2024-08-13,0.55,0.55,0.55,0.55,0,14875,0
FINNIFTY13AUG2421250PE.NFO,2024-08-12,11:14:00,2024-08-13,0.55,0.55,0.55,0.55,0,14875,0
FINNIFTY13AUG2421250PE.NFO,2024-08-12,11:15:00,2024-08-13,0.55,0.55,0.55,0.55,1000,14875,0
FINNIFTY13AUG2421250PE.NFO,2024-08-12,11:16:00,2024-08-13,0.55,0.55,0.55,0.55,0,14875,0
FINNIFTY13AUG2421250PE.NFO,2024-08-12,11:17:00,2024-08-13,0.55,0.55,0.55,0.55,550,15150,0
FINNIFTY13AUG2421250PE.NFO,2024-08-12,11:18:00,2024-08-13,0.55,0.65,0.55,0.65,575,15150,0
FINNIFTY13AUG2421250PE.NFO,2024-08-12,11:19:00,2024-08-13,0.65,0.65,0.6,0.6,50,15550,0
FINNIFTY13AUG2421250PE.NFO,2024-08-12,11:20:00,2024-08-13,0.6,0.6,0.6,0.6,425,15550,0
FINNIFTY13AUG2421250PE.NFO,2024-08-12,11:21:00,2024-08-13,0.6,0.6,0.6,0.6,0,15550,0
FINNIFTY13AUG2421250PE.NFO,2024-08-12,11:22:00,2024-08-13,0.6,0.6,0.6,0.6,0,15550,0
FINNIFTY13AUG2421250PE.NFO,2024-08-12,11:23:00,2024-08-13,0.6,0.6,0.6,0.6,0,15550,0
FINNIFTY13AUG2421250PE.NFO,2024-08-12,11:24:00,2024-08-13,0.6,0.6,0.6,0.6,0,15550,0
FINNIFTY13AUG2421250PE.NFO,2024-08-12,11:25:00,2024-08-13,0.6,0.6,0.6,0.6,275,15075,0
FINNIFTY13AUG2421250PE.NFO,2024-08-12,11:26:00,2024-08-13,0.6,0.6,0.6,0.6,0,15075,0
FINNIFTY13AUG2421250PE.NFO,2024-08-12,11:27:00,2024-08-13,0.6,0.6,0.6,0.6,75,15075,0
FINNIFTY13AUG2421250PE.NFO,2024-08-12,11:28:00,2024-08-13,0.6,0.6,0.55,0.55,300,14825,0
FINNIFTY13AUG2421250PE.NFO,2024-08-12,11:29:00,2024-08-13,0.55,0.55,0.55,0.55,75,14825,0
FINNIFTY13AUG2421250PE.NFO,2024-08-12,11:30:00,2024-08-13,0.55,0.55,0.5,0.5,525,14825,0
FINNIFTY13AUG2421250PE.NFO,2024-08-12,11:31:00,2024-08-13,0.5,0.5,0.45,0.45,800,14575,0
FINNIFTY13AUG2421250PE.NFO,2024-08-12,11:32:00,2024-08-13,0.45,0.45,0.45,0.45,0,14575,0
FINNIFTY13AUG2421250PE.NFO,2024-08-12,11:33:00,2024-08-13,0.45,0.45,0.45,0.45,0,14575,0
FINNIFTY13AUG2421250PE.NFO,2024-08-12,11:34:00,2024-08-13,0.45,0.55,0.45,0.55,600,14575,0
FINNIFTY13AUG2421250PE.NFO,2024-08-12,11:35:00,2024-08-13,0.55,0.55,0.55,0.55,0,14575,0
FINNIFTY13AUG2421250PE.NFO,2024-08-12,11:36:00,2024-08-13,0.55,0.55,0.55,0.55,0,14575,1
FINNIFTY13AUG2421250PE.NFO,2024-08-12,11:37:00,2024-08-13,0.55,0.55,0.55,0.55,0,14575,0
FINNIFTY13AUG2421250PE.NFO,2024-08-12,11:38:00,2024-08-13,0.55,0.55,0.55,0.55,0,14575,0
FINNIFTY13AUG2421250PE.NFO,2024-08-12,11:39:00,2024-08-13,0.55,0.55,0.55,0.55,0,14575,0
FINNIFTY13AUG2421250PE.NFO,2024-08-12,11:40:00,2024-08-13,0.55,0.55,0.55,0.55,0,14575,0
FINNIFTY13AUG2421250PE.NFO,2024-08-12,11:41:00,2024-08-13,0.55,0.55,0.55,0.55,0,14575,0
FINNIFTY13AUG2421250PE.NFO,2024-08-12,11:42:00,2024-08-13,0.55,0.55,0.55,0.55,0,14575,0
FINNIFTY13AUG2421250PE.NFO,2024-08-12,11:43:00,2024-08-13,0.55,0.55,0.5,0.5,200,14400,0
FINNIFTY13AUG2421250PE.NFO,2024-08-12,11:44:00,2024-08-13,0.5,0.5,0.5,0.5,0,14400,0
FINNIFTY13AUG2421250PE.NFO,2024-08-12,11:45:00,2024-08-13,0.5,0.5,0.5,0.5,0,14400,0
FINNIFTY13AUG2421250PE.NFO,2024-08-12,11:46:00,2024-08-13,0.5,0.5,0.5,0.5,0,14400,0
FINNIFTY13AUG2421250PE.NFO,2024-08-12,11:47:00,2024-08-13,0.5,0.5,0.5,0.5,0,14400,1
FINNIFTY13AUG2421250PE.NFO,2024-08-12,11:48:00,2024-08-13,0.5,0.5,0.5,0.5,0,14400,0
FINNIFTY13AUG2421250PE.NFO,2024-08-12,11:49:00,2024-08-13,0.5,0.5,0.5,0.5,0,14400,0
FINNIFTY13AUG2421250PE.NFO,2024-08-12,11:50:00,2024-08-13,0.5,0.5,0.5,0.5,0,14400,0
FINNIFTY13AUG2421250PE.NFO,2024-08-12,11:51:00,2024-08-13,0.5,0.5,0.5,0.5,0,14400,0
FINNIFTY13AUG2421250PE.NFO,2024-08-12,11:52:00,2024-08-13,0.5,0.5,0.5,0.5,0,14400,0
FINNIFTY13AUG2421250PE.NFO,2024-08-12,11:53:00,2024-08-13,0.5,0.5,0.5,0.5,0,14400,0
FINNIFTY13AUG2421250PE.NFO,2024-08-12,11:54:00,2024-08-13,0.65,0.65,0.65,0.65,950,14225,0
FINNIFTY13AUG2421250PE.NFO,2024-08-12,11:55:00,2024-08-13,0.65,0.65,0.55,0.65,4150,15125,0
FINNIFTY13AUG2421250PE.NFO,2024-08-12,11:56:00,2024-08-13,0.65,0.65,0.65,0.65,0,15125,0
FINNIFTY13AUG2421250PE.NFO,2024-08-12,11:57:00,2024-08-13,0.65,0.65,0.65,0.65,0,15125,0
FINNIFTY13AUG2421250PE.NFO,2024-08-12,11:58:00,2024-08-13,0.65,0.65,0.65,0.65,0,15125,0
FINNIFTY13AUG2421250PE.NFO,2024-08-12,11:59:00,2024-08-13,0.65,0.65,0.65,0.65,0,15125,0
FINNIFTY13AUG2421250PE.NFO,2024-08-12,12:00:00,2024-08-13,0.65,0.65,0.65,0.65,0,15125,0
FINNIFTY13AUG2421250PE.NFO,2024-08-12,12:01:00,2024-08-13,0.65,0.65,0.6,0.6,50,15525,0
FINNIFTY13AUG2421250PE.NFO,2024-08-12,12:02:00,2024-08-13,0.6,0.6,0.6,0.6,0,15525,0
FINNIFTY13AUG2421250PE.NFO,2024-08-12,12:03:00,2024-08-13,0.6,0.6,0.6,0.6,0,15525,0
FINNIFTY13AUG2421250PE.NFO,2024-08-12,12:04:00,2024-08-13,0.6,0.6,0.6,0.6,25,15525,0
FINNIFTY13AUG2421250PE.NFO,2024-08-12,12:05:00,2024-08-13,0.6,0.6,0.6,0.6,0,15525,0
FINNIFTY13AUG2421250PE.NFO,2024-08-12,12:06:00,2024-08-13,0.6,0.6,0.6,0.6,0,15525,0
FINNIFTY13AUG2421250PE.NFO,2024-08-12,12:07:00,2024-08-13,0.6,0.6,0.6,0.6,0,15525,1
FINNIFTY13AUG2421250PE.NFO,2024-08-12,12:08:00,2024-08-13,0.6,0.6,0.6,0.6,0,15525,1
FINNIFTY13AUG2421250PE.NFO,2024-08-12,12:09:00,2024-08-13,0.6,0.6,0.6,0.6,100,15500,0
FINNIFTY13AUG2421250PE.NFO,2024-08-12,12:10:00,2024-08-13,0.6,0.6,0.6,0.6,450,15500,0
FINNIFTY13AUG2421250PE.NFO,2024-08-12,12:11:00,2024-08-13,0.6,0.6,0.6,0.6,0,15500,0
FINNIFTY13AUG2421250PE.NFO,2024-08-12,12:12:00,2024-08-13,0.6,0.6,0.6,0.6,0,15500,0
FINNIFTY13AUG2421250PE.NFO,2024-08-12,12:13:00,2024-08-13,0.6,0.6,0.6,0.6,0,15500,0
FINNIFTY13AUG2421250PE.NFO,2024-08-12,12:14:00,2024-08-13,0.6,0.6,0.6,0.6,0,15500,0
FINNIFTY13AUG2421250PE.NFO,2024-08-12,12:15:00,2024-08-13,0.6,0.6,0.6,0.6,0,15500,1
FINNIFTY13AUG2421250PE.NFO,2024-08-12,12:16:00,2024-08-13,0.6,0.6,0.6,0.6,0,15500,0
FINNIFTY13AUG2421250PE.NFO,2024-08-12,12:17:00,2024-08-13,0.6,0.6,0.6,0.6,0,15500,0
FINNIFTY13AUG2421250PE.NFO,2024-08-12,12:18:00,2024-08-13,0.6,0.6,0.6,0.6,725,15325,0
FINNIFTY13AUG2421250PE.NFO,2024-08-12,12:19:00,2024-08-13,0.6,0.6,0.6,0.6,0,15325,0
FINNIFTY13AUG2421250PE.NFO,2024-08-12,12:20:00,2024-08-13,0.6,0.6,0.6,0.6,0,15325,0
FINNIFTY13AUG2421250PE.NFO,2024-08-12,12:21:00,2024-08-13,0.6,0.6,0.6,0.6,0,15325,0
FINNIFTY13AUG2421250PE.NFO,2024-08-12,12:22:00,2024-08-13,0.6,0.6,0.6,0.6,0,15325,0
FINNIFTY13AUG2421250PE.NFO,2024-08-12,12:23:00,2024-08-13,0.6,0.6,0.6,0.6,0,15325,0
FINNIFTY13AUG2421250PE.NFO,2024-08-12,12:24:00,2024-08-13,0.6,0.6,0.6,0.6,0,15325,0
FINNIFTY13AUG2421250PE.NFO,2024-08-12,12:25:00,2024-08-13,0.6,0.6,0.6,0.6,0,15325,0
FINNIFTY13AUG2421250PE.NFO,2024-08-12,12:26:00,2024-08-13,0.6,0.6,0.6,0.6,1250,15725,0
FINNIFTY13AUG2421250PE.NFO,2024-08-12,12:27:00,2024-08-13,0.6,0.6,0.6,0.6,100,15725,0
FINNIFTY13AUG2421250PE.NFO,2024-08-12,12:28:00,2024-08-13,0.6,0.6,0.6,0.6,475,16400,0
FINNIFTY13AUG2421250PE.NFO,2024-08-12,12:29:00,2024-08-13,0.6,0.6,0.6,0.6,0,16400,0
FINNIFTY13AUG2421250PE.NFO,2024-08-12,12:30:00,2024-08-13,0.65,0.65,0.6,0.6,700,16400,0
FINNIFTY13AUG2421250PE.NFO,2024-08-12,12:31:00,2024-08-13,0.6,0.6,0.6,0.6,0,16400,0
FINNIFTY13AUG2421250PE.NFO,2024-08-12,12:32:00,2024-08-13,0.6,0.6,0.6,0.6,0,16400,1
FINNIFTY13AUG2421250PE.NFO,2024-08-12,12:33:00,2024-08-13,0.6,0.6,0.6,0.6,0,16400,0
FINNIFTY13AUG2421250PE.NFO,2024-08-12,12:34:00,2024-08-13,0.6,0.6,0.6,0.6,0,16400,0
FINNIFTY13AUG2421250PE.NFO,2024-08-12,12:35:00,2024-08-13,0.6,0.6,0.6,0.6,0,16400,0
FINNIFTY13AUG2421250PE.NFO,2024-08-12,12:36:00,2024-08-13,0.6,0.6,0.6,0.6,150,16825,0
FINNIFTY13AUG2421250PE.NFO,2024-08-12,12:37:00,2024-08-13,0.6,0.6,0.6,0.6,0,16825,0
FINNIFTY13AUG2421250PE.NFO,2024-08-12,12:38:00,2024-08-13,0.6,0.6,0.6,0.6,0,16825,0
FINNIFTY13AUG2421250PE.NFO,2024-08-12,12:39:00,2024-08-13,0.6,0.6,0.6,0.6,0,16825,0
FINNIFTY13AUG2421250PE.NFO,2024-08-12,12:40:00,2024-08-13,0.6,0.6,0.6,0.6,0,16825,0
FINNIFTY13AUG2421250PE.NFO,2024-08-12,12:41:00,2024-08-13,0.6,0.6,0.6,0.6,0,16825,0
FINNIFTY13AUG2421250PE.NFO,2024-08-12,12:42:00,2024-08-13,0.6,0.6,0.6,0.6,0,16825,0
FINNIFTY13AUG2421250PE.NFO,2024-08-12,12:43:00,2024-08-13,0.6,0.6,0.55,0.55,50,16825,0
FINNIFTY13AUG2421250PE.NFO,2024-08-12,12:44:00,2024-08-13,0.55,0.55,0.55,0.55,0,16825,0
FINNIFTY13AUG2421250PE.NFO,2024-08-12,12:45:00,2024-08-13,0.55,0.55,0.55,0.55,25,16825,0
FINNIFTY13AUG2421250PE.NFO,2024-08-12,12:46:00,2024-08-13,0.55,0.55,0.55,0.55,0,16825,0
FINNIFTY13AUG2421250PE.NFO,2024-08-12,12:47:00,2024-08-13,0.55,0.55,0.55,0.55,0,16825,1
FINNIFTY13AUG2421250PE.NFO,2024-08-12,12:48:00,2024-08-13,0.55,0.55,0.55,0.55,0,16825,0
FINNIFTY13AUG2421250PE.NFO,2024-08-12,12:49:00,2024-08-13,0.55,0.65,0.55,0.65,500,16800,0
FINNIFTY13AUG2421250PE.NFO,2024-08-12,12:50:00,2024-08-13,0.65,0.65,0.65,0.65,0,16800,0
FINNIFTY13AUG2421250PE.NFO,2024-08-12,12:51:00,2024-08-13,0.65,0.65,0.65,0.65,0,16800,1
FINNIFTY13AUG2421250PE.NFO,2024-08-12,12:52:00,2024-08-13,0.7,0.7,0.7,0.7,525,17300,0
FINNIFTY13AUG2421250PE.NFO,2024-08-12,12:53:00,2024-08-13,0.7,0.7,0.7,0.7,0,17300,0
FINNIFTY13AUG2421250PE.NFO,2024-08-12,12:54:00,2024-08-13,0.7,0.7,0.7,0.7,0,17300,0
FINNIFTY13AUG2421250PE.NFO,2024-08-12,12:55:00,2024-08-13,0.7,0.7,0.7,0.7,0,17300,0
FINNIFTY13AUG2421250PE.NFO,2024-08-12,12:56:00,2024-08-13,0.7,0.7,0.7,0.7,0,17300,0
FINNIFTY13AUG2421250PE.NFO,2024-08-12,12:57:00,2024-08-13,0.7,0.7,0.7,0.7,0,17300,0
FINNIFTY13AUG2421250PE.NFO,2024-08-12,12:58:00,2024-08-13,0.7,0.7,0.65,0.65,1375,16975,0
FINNIFTY13AUG2421250PE.NFO,2024-08-12,12:59:00,2024-08-13,0.65,0.65,0.65,0.65,1375,16975,1
FINNIFTY13AUG2421250PE.NFO,2024-08-12,13:00:00,2024-08-13,0.65,0.65,0.65,0.65,1375,16975,1
FINNIFTY13AUG2421250PE.NFO,2024-08-12,13:01:00,2024-08-13,0.65,0.65,0.65,0.65,0,16975,0
FINNIFTY13AUG2421250PE.NFO,2024-08-12,13:02:00,2024-08-13,0.65,0.65,0.65,0.65,0,16975,0
FINNIFTY13AUG2421250PE.NFO,2024-08-12,13:03:00,2024-08-13,0.65,0.65,0.65,0.65,0,16975,0
FINNIFTY13AUG2421250PE.NFO,2024-08-12,13:04:00,2024-08-13,0.65,0.65,0.65,0.65,0,16975,0
FINNIFTY13AUG2421250PE.NFO,2024-08-12,13:05:00,2024-08-13,0.65,0.65,0.65,0.65,0,16975,0
FINNIFTY13AUG2421250PE.NFO,2024-08-12,13:06:00,2024-08-13,0.65,0.65,0.65,0.65,0,16975,0
FINNIFTY13AUG2421250PE.NFO,2024-08-12,13:07:00,2024-08-13,0.65,0.65,0.65,0.65,0,16975,0
FINNIFTY13AUG2421250PE.NFO,2024-08-12,13:08:00,2024-08-13,0.65,0.65,0.65,0.65,0,16975,0
FINNIFTY13AUG2421250PE.NFO,2024-08-12,13:09:00,2024-08-13,0.65,0.65,0.65,0.65,0,16975,0
FINNIFTY13AUG2421250PE.NFO,2024-08-12,13:10:00,2024-08-13,0.65,0.65,0.65,0.65,0,16975,0
FINNIFTY13AUG2421250PE.NFO,2024-08-12,13:11:00,2024-08-13,0.65,0.65,0.65,0.65,0,16975,0
FINNIFTY13AUG2421250PE.NFO,2024-08-12,13:12:00,2024-08-13,0.65,0.65,0.65,0.65,0,16975,0
FINNIFTY13AUG2421250PE.NFO,2024-08-12,13:13:00,2024-08-13,0.65,0.65,0.65,0.65,0,16975,0
FINNIFTY13AUG2421250PE.NFO,2024-08-12,13:14:00,2024-08-13,0.65,0.65,0.65,0.65,0,16975,0
FINNIFTY13AUG2421250PE.NFO,2024-08-12,13:15:00,2024-08-13,0.65,0.65,0.65,0.65,0,16975,0
FINNIFTY13AUG2421250PE.NFO,2024-08-12,13:16:00,2024-08-13,0.65,0.65,0.65,0.65,0,16975,0
FINNIFTY13AUG2421250PE.NFO,2024-08-12,13:17:00,2024-08-13,0.65,0.65,0.65,0.65,0,16975,0
FINNIFTY13AUG2421250PE.NFO,2024-08-12,13:18:00,2024-08-13,0.65,0.65,0.65,0.65,0,16975,0
FINNIFTY13AUG2421250PE.NFO,2024-08-12,13:19:00,2024-08-13,0.65,0.65,0.65,0.65,0,16975,0
FINNIFTY13AUG2421250PE.NFO,2024-08-12,13:20:00,2024-08-13,0.65,0.65,0.65,0.65,0,16975,0
FINNIFTY13AUG2421250PE.NFO,2024-08-12,13:21:00,2024-08-13,0.65,0.65,0.65,0.65,0,16975,0
FINNIFTY13AUG2421250PE.NFO,2024-08-12,13:22:00,2024-08-13,0.65,0.65,0.65,0.65,0,16975,0
FINNIFTY13AUG2421250PE.NFO,2024-08-12,13:23:00,2024-08-13,0.65,0.65,0.65,0.65,0,16975,0
FINNIFTY13AUG2421250PE.NFO,2024-08-12,13:24:00,2024-08-13,0.65,0.65,0.65,0.65,0,16975,0
FINNIFTY13AUG2421250PE.NFO,2024-08-12,13:25:00,2024-08-13,0.65,0.65,0.65,0.65,0,16975,0
FINNIFTY13AUG2421250PE.NFO,2024-08-12,13:26:00,2024-08-13,0.65,0.65,0.65,0.65,0,16975,0
FINNIFTY13AUG2421250PE.NFO,2024-08-12,13:27:00,2024-08-13,0.65,0.65,0.65,0.65,0,16975,0
FINNIFTY13AUG2421250PE.NFO,2024-08-12,13:28:00,2024-08-13,0.65,0.65,0.65,0.65,0,16975,0
FINNIFTY13AUG2421250PE.NFO,2024-08-12,13:29:00,2024-08-13,0.65,0.65,0.5,0.5,5400,16150,0
FINNIFTY13AUG2421250PE.NFO,2024-08-12,13:30:00,2024-08-13,0.5,0.5,0.5,0.5,3600,16150,0
FINNIFTY13AUG2421250PE.NFO,2024-08-12,13:31:00,2024-08-13,0.5,0.5,0.5,0.5,0,16150,0
FINNIFTY13AUG2421250PE.NFO,2024-08-12,13:32:00,2024-08-13,0.5,0.6,0.5,0.6,300,25100,0
FINNIFTY13AUG2421250PE.NFO,2024-08-12,13:33:00,2024-08-13,0.6,0.6,0.55,0.55,500,25100,0
FINNIFTY13AUG2421250PE.NFO,2024-08-12,13:34:00,2024-08-13,0.55,0.55,0.55,0.55,0,25100,0
FINNIFTY13AUG2421250PE.NFO,2024-08-12,13:35:00,2024-08-13,0.55,0.55,0.55,0.55,0,25100,0
FINNIFTY13AUG2421250PE.NFO,2024-08-12,13:36:00,2024-08-13,0.55,0.55,0.55,0.55,0,25100,0
FINNIFTY13AUG2421250PE.NFO,2024-08-12,13:37:00,2024-08-13,0.55,0.55,0.55,0.55,0,25100,0
FINNIFTY13AUG2421250PE.NFO,2024-08-12,13:38:00,2024-08-13,0.55,0.55,0.55,0.55,100,24800,0
FINNIFTY13AUG2421250PE.NFO,2024-08-12,13:39:00,2024-08-13,0.55,0.55,0.55,0.55,0,24800,0
FINNIFTY13AUG2421250PE.NFO,2024-08-12,13:40:00,2024-08-13,0.55,0.55,0.55,0.55,0,24800,0
FINNIFTY13AUG2421250PE.NFO,2024-08-12,13:41:00,2024-08-13,0.55,0.55,0.55,0.55,0,24800,0
FINNIFTY13AUG2421250PE.NFO,2024-08-12,13:42:00,2024-08-13,0.55,0.55,0.55,0.55,0,24800,0
FINNIFTY13AUG2421250PE.NFO,2024-08-12,13:43:00,2024-08-13,0.55,0.55,0.55,0.55,0,24800,0
FINNIFTY13AUG2421250PE.NFO,2024-08-12,13:44:00,2024-08-13,0.55,0.55,0.55,0.55,0,24800,0
FINNIFTY13AUG2421250PE.NFO,2024-08-12,13:45:00,2024-08-13,0.55,0.55,0.5,0.5,25,24875,0
FINNIFTY13AUG2421250PE.NFO,2024-08-12,13:46:00,2024-08-13,0.5,0.5,0.45,0.45,1200,24900,0
FINNIFTY13AUG2421250PE.NFO,2024-08-12,13:47:00,2024-08-13,0.45,0.45,0.45,0.45,0,24900,0
FINNIFTY13AUG2421250PE.NFO,2024-08-12,13:48:00,2024-08-13,0.45,0.45,0.45,0.45,0,24900,0
FINNIFTY13AUG2421250PE.NFO,2024-08-12,13:49:00,2024-08-13,0.45,0.45,0.45,0.45,0,24900,0
FINNIFTY13AUG2421250PE.NFO,2024-08-12,13:50:00,2024-08-13,0.45,0.45,0.45,0.45,0,24900,0
FINNIFTY13AUG2421250PE.NFO,2024-08-12,13:51:00,2024-08-13,0.45,0.45,0.45,0.45,100,26100,0
FINNIFTY13AUG2421250PE.NFO,2024-08-12,13:52:00,2024-08-13,0.45,0.45,0.45,0.45,2375,26300,0
FINNIFTY13AUG2421250PE.NFO,2024-08-12,13:53:00,2024-08-13,0.45,0.45,0.45,0.45,0,26300,0
FINNIFTY13AUG2421250PE.NFO,2024-08-12,13:54:00,2024-08-13,0.45,0.45,0.45,0.45,0,26300,0
FINNIFTY13AUG2421250PE.NFO,2024-08-12,13:55:00,2024-08-13,0.45,0.45,0.45,0.45,0,26300,0
FINNIFTY13AUG2421250PE.NFO,2024-08-12,13:56:00,2024-08-13,0.45,0.45,0.45,0.45,0,26300,0
FINNIFTY13AUG2421250PE.NFO,2024-08-12,13:57:00,2024-08-13,0.45,0.45,0.45,0.45,0,26300,0
FINNIFTY13AUG2421250PE.NFO,2024-08-12,13:58:00,2024-08-13,0.5,0.5,0.5,0.5,25,28425,0
FINNIFTY13AUG2421250PE.NFO,2024-08-12,13:59:00,2024-08-13,0.5,0.5,0.5,0.5,0,28425,0
FINNIFTY13AUG2421250PE.NFO,2024-08-12,14:00:00,2024-08-13,0.5,0.5,0.5,0.5,0,28425,0
FINNIFTY13AUG2421250PE.NFO,2024-08-12,14:01:00,2024-08-13,0.5,0.5,0.5,0.5,0,28425,0
FINNIFTY13AUG2421250PE.NFO,2024-08-12,14:02:00,2024-08-13,0.5,0.5,0.5,0.5,900,28400,0
FINNIFTY13AUG2421250PE.NFO,2024-08-12,14:03:00,2024-08-13,0.5,0.5,0.5,0.5,0,28400,0
FINNIFTY13AUG2421250PE.NFO,2024-08-12,14:04:00,2024-08-13,0.5,0.5,0.5,0.5,0,28400,0
FINNIFTY13AUG2421250PE.NFO,2024-08-12,14:05:00,2024-08-13,0.5,0.5,0.5,0.5,0,28400,0
FINNIFTY13AUG2421250PE.NFO,2024-08-12,14:06:00,2024-08-13,0.5,0.5,0.45,0.45,50,27900,0
FINNIFTY13AUG2421250PE.NFO,2024-08-12,14:07:00,2024-08-13,0.45,0.45,0.45,0.45,0,27900,0
FINNIFTY13AUG2421250PE.NFO,2024-08-12,14:08:00,2024-08-13,0.45,0.45,0.45,0.45,250,27900,0
FINNIFTY13AUG2421250PE.NFO,2024-08-12,14:09:00,2024-08-13,0.45,0.45,0.45,0.45,0,27900,0
FINNIFTY13AUG2421250PE.NFO,2024-08-12,14:10:00,2024-08-13,0.45,0.45,0.45,0.45,0,27900,0
FINNIFTY13AUG2421250PE.NFO,2024-08-12,14:11:00,2024-08-13,0.45,0.45,0.45,0.45,0,27900,0
FINNIFTY13AUG2421250PE.NFO,2024-08-12,14:12:00,2024-08-13,0.45,0.45,0.45,0.45,2000,27900,0
FINNIFTY13AUG2421250PE.NFO,2024-08-12,14:13:00,2024-08-13,0.45,0.45,0.45,0.45,225,27900,0
FINNIFTY13AUG2421250PE.NFO,2024-08-12,14:14:00,2024-08-13,0.45,0.45,0.45,0.45,0,27900,0
FINNIFTY13AUG2421250PE.NFO,2024-08-12,14:15:00,2024-08-13,0.45,0.45,0.45,0.45,0,27900,0
FINNIFTY13AUG2421250PE.NFO,2024-08-12,14:16:00,2024-08-13,0.45,0.45,0.45,0.45,0,27900,0
FINNIFTY13AUG2421250PE.NFO,2024-08-12,14:17:00,2024-08-13,0.45,0.45,0.45,0.45,0,27900,1
FINNIFTY13AUG2421250PE.NFO,2024-08-12,14:18:00,2024-08-13,0.45,0.45,0.45,0.45,0,27900,0
FINNIFTY13AUG2421250PE.NFO,2024-08-12,14:19:00,2024-08-13,0.45,0.45,0.45,0.45,0,27900,0
FINNIFTY13AUG2421250PE.NFO,2024-08-12,14:20:00,2024-08-13,0.45,0.45,0.45,0.45,0,27900,0
FINNIFTY13AUG2421250PE.NFO,2024-08-12,14:21:00,2024-08-13,0.45,0.45,0.45,0.45,0,27900,0
FINNIFTY13AUG2421250PE.NFO,2024-08-12,14:22:00,2024-08-13,0.45,0.5,0.45,0.5,600,29900,0
FINNIFTY13AUG2421250PE.NFO,2024-08-12,14:23:00,2024-08-13,0.5,0.5,0.5,0.5,0,29900,0
FINNIFTY13AUG2421250PE.NFO,2024-08-12,14:24:00,2024-08-13,0.5,0.5,0.5,0.5,100,29900,0
FINNIFTY13AUG2421250PE.NFO,2024-08-12,14:25:00,2024-08-13,0.5,0.5,0.5,0.5,0,29900,0
FINNIFTY13AUG2421250PE.NFO,2024-08-12,14:26:00,2024-08-13,0.5,0.5,0.5,0.5,0,29900,0
FINNIFTY13AUG2421250PE.NFO,2024-08-12,14:27:00,2024-08-13,0.5,0.5,0.5,0.5,0,29900,0
FINNIFTY13AUG2421250PE.NFO,2024-08-12,14:28:00,2024-08-13,0.5,0.5,0.5,0.5,0,29900,0
FINNIFTY13AUG2421250PE.NFO,2024-08-12,14:29:00,2024-08-13,0.5,0.5,0.5,0.5,0,29900,0
FINNIFTY13AUG2421250PE.NFO,2024-08-12,14:30:00,2024-08-13,0.5,0.5,0.5,0.5,0,29900,0
FINNIFTY13AUG2421250PE.NFO,2024-08-12,14:31:00,2024-08-13,0.5,0.5,0.5,0.5,0,29900,0
FINNIFTY13AUG2421250PE.NFO,2024-08-12,14:32:00,2024-08-13,0.5,0.5,0.5,0.5,0,29900,0
FINNIFTY13AUG2421250PE.NFO,2024-08-12,14:33:00,2024-08-13,0.5,0.5,0.5,0.5,0,29900,0
FINNIFTY13AUG2421250PE.NFO,2024-08-12,14:34:00,2024-08-13,0.5,0.5,0.5,0.5,0,29900,0
FINNIFTY13AUG2421250PE.NFO,2024-08-12,14:35:00,2024-08-13,0.5,0.5,0.45,0.45,25,29900,0
FINNIFTY13AUG2421250PE.NFO,2024-08-12,14:36:00,2024-08-13,0.45,0.45,0.45,0.45,0,29900,0
FINNIFTY13AUG2421250PE.NFO,2024-08-12,14:37:00,2024-08-13,0.45,0.45,0.45,0.45,0,29900,0
FINNIFTY13AUG2421250PE.NFO,2024-08-12,14:38:00,2024-08-13,0.45,0.45,0.45,0.45,0,29900,0
FINNIFTY13AUG2421250PE.NFO,2024-08-12,14:39:00,2024-08-13,0.45,0.45,0.45,0.45,200,29900,0
FINNIFTY13AUG2421250PE.NFO,2024-08-12,14:40:00,2024-08-13,0.5,0.5,0.45,0.45,400,29925,0
FINNIFTY13AUG2421250PE.NFO,2024-08-12,14:41:00,2024-08-13,0.45,0.5,0.45,0.5,500,29925,0
FINNIFTY13AUG2421250PE.NFO,2024-08-12,14:42:00,2024-08-13,0.5,0.5,0.5,0.5,0,29925,0
FINNIFTY13AUG2421250PE.NFO,2024-08-12,14:43:00,2024-08-13,0.5,0.5,0.5,0.5,0,29925,0
FINNIFTY13AUG2421250PE.NFO,2024-08-12,14:44:00,2024-08-13,0.5,0.5,0.5,0.5,0,29925,0
FINNIFTY13AUG2421250PE.NFO,2024-08-12,14:45:00,2024-08-13,0.5,0.5,0.5,0.5,0,29925,0
FINNIFTY13AUG2421250PE.NFO,2024-08-12,14:46:00,2024-08-13,0.5,0.5,0.5,0.5,0,29925,0
FINNIFTY13AUG2421250PE.NFO,2024-08-12,14:47:00,2024-08-13,0.5,0.5,0.5,0.5,0,29925,0
FINNIFTY13AUG2421250PE.NFO,2024-08-12,14:48:00,2024-08-13,0.5,0.5,0.5,0.5,0,29925,0
FINNIFTY13AUG2421250PE.NFO,2024-08-12,14:49:00,2024-08-13,0.5,0.5,0.5,0.5,0,29925,0
FINNIFTY13AUG2421250PE.NFO,2024-08-12,14:50:00,2024-08-13,0.5,0.5,0.5,0.5,0,29925,0
FINNIFTY13AUG2421250PE.NFO,2024-08-12,14:51:00,2024-08-13,0.5,0.5,0.5,0.5,0,29925,0
FINNIFTY13AUG2421250PE.NFO,2024-08-12,14:52:00,2024-08-13,0.5,0.5,0.5,0.5,0,29925,0
FINNIFTY13AUG2421250PE.NFO,2024-08-12,14:53:00,2024-08-13,0.5,0.5,0.5,0.5,0,29925,0
FINNIFTY13AUG2421250PE.NFO,2024-08-12,14:54:00,2024-08-13,0.5,0.55,0.5,0.55,300,30050,0
FINNIFTY13AUG2421250PE.NFO,2024-08-12,14:55:00,2024-08-13,0.55,0.55,0.55,0.55,0,30050,0
FINNIFTY13AUG2421250PE.NFO,2024-08-12,14:56:00,2024-08-13,0.55,0.55,0.55,0.55,0,30050,0
FINNIFTY13AUG2421250PE.NFO,2024-08-12,14:57:00,2024-08-13,0.55,0.55,0.55,0.55,0,30050,0
FINNIFTY13AUG2421250PE.NFO,2024-08-12,14:58:00,2024-08-13,0.45,0.45,0.45,0.45,625,30350,0
FINNIFTY13AUG2421250PE.NFO,2024-08-12,14:59:00,2024-08-13,0.45,0.45,0.4,0.4,450,30350,0
FINNIFTY13AUG2421250PE.NFO,2024-08-12,15:00:00,2024-08-13,0.4,0.4,0.4,0.4,0,30350,0
FINNIFTY13AUG2421250PE.NFO,2024-08-12,15:01:00,2024-08-13,0.4,0.45,0.4,0.45,50,30350,0
FINNIFTY13AUG2421250PE.NFO,2024-08-12,15:02:00,2024-08-13,0.45,0.45,0.45,0.45,0,30350,0
FINNIFTY13AUG2421250PE.NFO,2024-08-12,15:03:00,2024-08-13,0.45,0.45,0.45,0.45,0,30350,0
FINNIFTY13AUG2421250PE.NFO,2024-08-12,15:04:00,2024-08-13,0.4,0.45,0.4,0.45,200,30475,0
FINNIFTY13AUG2421250PE.NFO,2024-08-12,15:05:00,2024-08-13,0.45,0.45,0.35,0.35,250,30475,0
FINNIFTY13AUG2421250PE.NFO,2024-08-12,15:06:00,2024-08-13,0.35,0.35,0.35,0.35,0,30475,0
FINNIFTY13AUG2421250PE.NFO,2024-08-12,15:07:00,2024-08-13,0.35,0.35,0.35,0.35,0,30475,0
FINNIFTY13AUG2421250PE.NFO,2024-08-12,15:08:00,2024-08-13,0.35,0.35,0.35,0.35,0,30475,0
FINNIFTY13AUG2421250PE.NFO,2024-08-12,15:09:00,2024-08-13,0.35,0.35,0.35,0.35,0,30475,1
FINNIFTY13AUG2421250PE.NFO,2024-08-12,15:10:00,2024-08-13,0.35,0.35,0.35,0.35,575,30500,0
FINNIFTY13AUG2421250PE.NFO,2024-08-12,15:11:00,2024-08-13,0.3,0.3,0.3,0.3,800,30500,0
FINNIFTY13AUG2421250PE.NFO,2024-08-12,15:12:00,2024-08-13,0.3,0.3,0.3,0.3,0,30500,0
FINNIFTY13AUG2421250PE.NFO,2024-08-12,15:13:00,2024-08-13,0.3,0.35,0.3,0.35,200,30500,0
FINNIFTY13AUG2421250PE.NFO,2024-08-12,15:14:00,2024-08-13,0.35,0.35,0.35,0.35,200,30500,0
FINNIFTY13AUG2421250PE.NFO,2024-08-12,15:15:00,2024-08-13,0.35,0.35,0.35,0.35,0,30500,0
FINNIFTY13AUG2421250PE.NFO,2024-08-12,15:16:00,2024-08-13,0.35,0.35,0.3,0.35,6000,31600,0
FINNIFTY13AUG2421250PE.NFO,2024-08-12,15:17:00,2024-08-13,0.35,0.35,0.35,0.35,1100,31600,0
FINNIFTY13AUG2421250PE.NFO,2024-08-12,15:18:00,2024-08-13,0.35,0.35,0.35,0.35,0,31600,0
FINNIFTY13AUG2421250PE.NFO,2024-08-12,15:19:00,2024-08-13,0.35,0.4,0.35,0.4,100,29200,0
FINNIFTY13AUG2421250PE.NFO,2024-08-12,15:20:00,2024-08-13,0.4,0.4,0.4,0.4,100,29200,0
FINNIFTY13AUG2421250PE.NFO,2024-08-12,15:21:00,2024-08-13,0.4,0.4,0.4,0.4,0,29200,0
FINNIFTY13AUG2421250PE.NFO,2024-08-12,15:22:00,2024-08-13,0.4,0.4,0.4,0.4,25,29200,0
FINNIFTY13AUG2421250PE.NFO,2024-08-12,15:23:00,2024-08-13,0.4,0.4,0.35,0.4,1900,29275,0
FINNIFTY13AUG2421250PE.NFO,2024-08-12,15:24:00,2024-08-13,0.4,0.4,0.35,0.4,475,29275,0
FINNIFTY13AUG2421250PE.NFO,2024-08-12,15:25:00,2024-08-13,0.4,0.4,0.35,0.35,800,30575,0
FINNIFTY13AUG2421250PE.NFO,2024-08-12,15:26:00,2024-08-13,0.35,0.35,0.35,0.35,0,30575,0
FINNIFTY13AUG2421250PE.NFO,2024-08-12,15:27:00,2024-08-13,0.35,0.35,0.35,0.35,0,30575,0
FINNIFTY13AUG2421250PE.NFO,2024-08-12,15:28:00,2024-08-13,0.35,0.45,0.35,0.45,125,30575,0
FINNIFTY13AUG2421250PE.NFO,2024-08-12,15:29:00,2024-08-13,0.45,0.45,0.3,0.3,550,30150,0
FINNIFTY13AUG2421250PE.NFO,2024-08-12,15:30:00,2024-08-13,0.3,0.3,0.3,0.3,550,30150,1
FINNIFTY13AUG2421250PE.NFO,2024-08-13,09:15:00,2024-08-13,0.35,0.5,0.15,0.15,9875,29925,0
FINNIFTY13AUG2421250PE.NFO,2024-08-13,09:16:00,2024-08-13,0.15,0.15,0.15,0.15,750,38025,0
FINNIFTY13AUG2421250PE.NFO,2024-08-13,09:17:00,2024-08-13,0.15,0.15,0.1,0.15,7650,38025,0
FINNIFTY13AUG2421250PE.NFO,2024-08-13,09:18:00,2024-08-13,0.15,0.15,0.15,0.15,1800,38025,0
FINNIFTY13AUG2421250PE.NFO,2024-08-13,09:19:00,2024-08-13,0.15,0.15,0.15,0.15,0,38025,0
FINNIFTY13AUG2421250PE.NFO,2024-08-13,09:20:00,2024-08-13,0.15,0.15,0.15,0.15,0,37050,0
FINNIFTY13AUG2421250PE.NFO,2024-08-13,09:21:00,2024-08-13,0.15,0.15,0.15,0.15,0,37050,0
FINNIFTY13AUG2421250PE.NFO,2024-08-13,09:22:00,2024-08-13,0.15,0.15,0.15,0.15,0,37050,0
FINNIFTY13AUG2421250PE.NFO,2024-08-13,09:23:00,2024-08-13,0.1,0.15,0.1,0.15,0,37050,0
FINNIFTY13AUG2421250PE.NFO,2024-08-13,09:24:00,2024-08-13,0.15,0.15,0.15,0.15,0,37050,0
FINNIFTY13AUG2421250PE.NFO,2024-08-13,09:25:00,2024-08-13,0.15,0.15,0.15,0.15,0,37050,0
FINNIFTY13AUG2421250PE.NFO,2024-08-13,09:26:00,2024-08-13,0.15,0.15,0.15,0.15,0,37050,0
FINNIFTY13AUG2421250PE.NFO,2024-08-13,09:27:00,2024-08-13,0.15,0.15,0.15,0.15,0,37050,0
FINNIFTY13AUG2421250PE.NFO,2024-08-13,09:28:00,2024-08-13,0.15,0.15,0.15,0.15,0,37050,0
FINNIFTY13AUG2421250PE.NFO,2024-08-13,09:29:00,2024-08-13,0.15,0.15,0.15,0.15,250,37050,0
FINNIFTY13AUG2421250PE.NFO,2024-08-13,09:30:00,2024-08-13,0.15,0.15,0.15,0.15,25,37050,0
FINNIFTY13AUG2421250PE.NFO,2024-08-13,09:31:00,2024-08-13,0.15,0.15,0.15,0.15,0,37050,0
FINNIFTY13AUG2421250PE.NFO,2024-08-13,09:32:00,2024-08-13,0.15,0.15,0.15,0.15,0,37050,0
FINNIFTY13AUG2421250PE.NFO,2024-08-13,09:33:00,2024-08-13,0.15,0.15,0.15,0.15,0,37050,0
FINNIFTY13AUG2421250PE.NFO,2024-08-13,09:34:00,2024-08-13,0.15,0.15,0.15,0.15,0,37050,0
FINNIFTY13AUG2421250PE.NFO,2024-08-13,09:35:00,2024-08-13,0.15,0.15,0.15,0.15,1000,37075,0
FINNIFTY13AUG2421250PE.NFO,2024-08-13,09:36:00,2024-08-13,0.15,0.15,0.1,0.1,1000,37075,0
FINNIFTY13AUG2421250PE.NFO,2024-08-13,09:37:00,2024-08-13,0.1,0.1,0.1,0.1,0,37075,0
FINNIFTY13AUG2421250PE.NFO,2024-08-13,09:38:00,2024-08-13,0.1,0.1,0.1,0.1,0,37075,0
FINNIFTY13AUG2421250PE.NFO,2024-08-13,09:39:00,2024-08-13,0.1,0.1,0.1,0.1,0,37075,0
FINNIFTY13AUG2421250PE.NFO,2024-08-13,09:40:00,2024-08-13,0.15,0.15,0.15,0.15,0,39075,0
FINNIFTY13AUG2421250PE.NFO,2024-08-13,09:41:00,2024-08-13,0.15,0.15,0.15,0.15,0,39075,0
FINNIFTY13AUG2421250PE.NFO,2024-08-13,09:42:00,2024-08-13,0.15,0.15,0.15,0.15,0,39075,0
FINNIFTY13AUG2421250PE.NFO,2024-08-13,09:43:00,2024-08-13,0.15,0.15,0.15,0.15,0,39075,0
FINNIFTY13AUG2421250PE.NFO,2024-08-13,09:44:00,2024-08-13,0.15,0.15,0.15,0.15,525,39175,0
FINNIFTY13AUG2421250PE.NFO,2024-08-13,09:45:00,2024-08-13,0.15,0.15,0.15,0.15,0,39175,0
FINNIFTY13AUG2421250PE.NFO,2024-08-13,09:46:00,2024-08-13,0.15,0.15,0.15,0.15,0,39175,0
FINNIFTY13AUG2421250PE.NFO,2024-08-13,09:47:00,2024-08-13,0.15,0.15,0.15,0.15,0,39175,0
FINNIFTY13AUG2421250PE.NFO,2024-08-13,09:48:00,2024-08-13,0.15,0.15,0.15,0.15,0,39175,0
FINNIFTY13AUG2421250PE.NFO,2024-08-13,09:49:00,2024-08-13,0.15,0.15,0.15,0.15,0,39175,0
FINNIFTY13AUG2421250PE.NFO,2024-08-13,09:50:00,2024-08-13,0.15,0.15,0.15,0.15,0,39175,0
FINNIFTY13AUG2421250PE.NFO,2024-08-13,09:51:00,2024-08-13,0.15,0.15,0.15,0.15,1000,39175,0
FINNIFTY13AUG2421250PE.NFO,2024-08-13,09:52:00,2024-08-13,0.15,0.15,0.15,0.15,250,40175,0
FINNIFTY13AUG2421250PE.NFO,2024-08-13,09:53:00,2024-08-13,0.15,0.15,0.15,0.15,0,40175,0
FINNIFTY13AUG2421250PE.NFO,2024-08-13,09:54:00,2024-08-13,0.15,0.15,0.15,0.15,0,40175,0
FINNIFTY13AUG2421250PE.NFO,2024-08-13,09:55:00,2024-08-13,0.15,0.15,0.15,0.15,0,40175,0
FINNIFTY13AUG2421250PE.NFO,2024-08-13,09:56:00,2024-08-13,0.15,0.15,0.15,0.15,0,40175,0
FINNIFTY13AUG2421250PE.NFO,2024-08-13,09:57:00,2024-08-13,0.15,0.15,0.15,0.15,550,40650,0
FINNIFTY13AUG2421250PE.NFO,2024-08-13,09:58:00,2024-08-13,0.15,0.15,0.15,0.15,0,40650,0
FINNIFTY13AUG2421250PE.NFO,2024-08-13,09:59:00,2024-08-13,0.15,0.15,0.15,0.15,0,40650,0
FINNIFTY13AUG2421250PE.NFO,2024-08-13,10:00:00,2024-08-13,0.15,0.15,0.1,0.1,150,41100,0
FINNIFTY13AUG2421250PE.NFO,2024-08-13,10:01:00,2024-08-13,0.1,0.1,0.1,0.1,0,41100,0
FINNIFTY13AUG2421250PE.NFO,2024-08-13,10:02:00,2024-08-13,0.1,0.1,0.1,0.1,0,41100,0
FINNIFTY13AUG2421250PE.NFO,2024-08-13,10:03:00,2024-08-13,0.1,0.1,0.1,0.1,0,41100,0
FINNIFTY13AUG2421250PE.NFO,2024-08-13,10:04:00,2024-08-13,0.1,0.15,0.1,0.15,0,41100,0
FINNIFTY13AUG2421250PE.NFO,2024-08-13,10:05:00,2024-08-13,0.15,0.15,0.15,0.15,0,41100,0
FINNIFTY13AUG2421250PE.NFO,2024-08-13,10:06:00,2024-08-13,0.15,0.15,0.15,0.15,0,41100,0
FINNIFTY13AUG2421250PE.NFO,2024-08-13,10:07:00,2024-08-13,0.15,0.15,0.15,0.15,0,41100,0
FINNIFTY13AUG2421250PE.NFO,2024-08-13,10:08:00,2024-08-13,0.15,0.15,0.15,0.15,0,41100,0
FINNIFTY13AUG2421250PE.NFO,2024-08-13,10:09:00,2024-08-13,0.15,0.15,0.15,0.15,0,41100,0
FINNIFTY13AUG2421250PE.NFO,2024-08-13,10:10:00,2024-08-13,0.15,0.15,0.15,0.15,0,41100,0
FINNIFTY13AUG2421250PE.NFO,2024-08-13,10:11:00,2024-08-13,0.15,0.15,0.15,0.15,0,41100,0
FINNIFTY13AUG2421250PE.NFO,2024-08-13,10:12:00,2024-08-13,0.15,0.15,0.15,0.15,0,41100,0
FINNIFTY13AUG2421250PE.NFO,2024-08-13,10:13:00,2024-08-13,0.15,0.15,0.15,0.15,0,41100,0
FINNIFTY13AUG2421250PE.NFO,2024-08-13,10:14:00,2024-08-13,0.15,0.15,0.15,0.15,0,41100,0
FINNIFTY13AUG2421250PE.NFO,2024-08-13,10:15:00,2024-08-13,0.15,0.15,0.15,0.15,0,41100,0
FINNIFTY13AUG2421250PE.NFO,2024-08-13,10:16:00,2024-08-13,0.15,0.15,0.15,0.15,0,41100,0
FINNIFTY13AUG2421250PE.NFO,2024-08-13,10:17:00,2024-08-13,0.15,0.15,0.15,0.15,0,41100,0
FINNIFTY13AUG2421250PE.NFO,2024-08-13,10:18:00,2024-08-13,0.15,0.15,0.15,0.15,0,41100,0
FINNIFTY13AUG2421250PE.NFO,2024-08-13,10:19:00,2024-08-13,0.15,0.15,0.15,0.15,0,41100,0
FINNIFTY13AUG2421250PE.NFO,2024-08-13,10:20:00,2024-08-13,0.15,0.15,0.15,0.15,0,41100,0
FINNIFTY13AUG2421250PE.NFO,2024-08-13,10:21:00,2024-08-13,0.15,0.15,0.15,0.15,0,41100,0
FINNIFTY13AUG2421250PE.NFO,2024-08-13,10:22:00,2024-08-13,0.15,0.15,0.15,0.15,1800,40100,0
FINNIFTY13AUG2421250PE.NFO,2024-08-13,10:23:00,2024-08-13,0.15,0.15,0.15,0.15,0,40100,0
FINNIFTY13AUG2421250PE.NFO,2024-08-13,10:24:00,2024-08-13,0.15,0.15,0.15,0.15,0,40100,0
FINNIFTY13AUG2421250PE.NFO,2024-08-13,10:25:00,2024-08-13,0.15,0.15,0.15,0.15,0,40100,0
FINNIFTY13AUG2421250PE.NFO,2024-08-13,10:26:00,2024-08-13,0.15,0.15,0.15,0.15,0,40100,0
FINNIFTY13AUG2421250PE.NFO,2024-08-13,10:27:00,2024-08-13,0.15,0.15,0.15,0.15,0,40100,0
FINNIFTY13AUG2421250PE.NFO,2024-08-13,10:28:00,2024-08-13,0.15,0.15,0.15,0.15,0,40100,0
FINNIFTY13AUG2421250PE.NFO,2024-08-13,10:29:00,2024-08-13,0.15,0.15,0.15,0.15,0,40100,0
FINNIFTY13AUG2421250PE.NFO,2024-08-13,10:30:00,2024-08-13,0.15,0.15,0.15,0.15,0,40100,0
FINNIFTY13AUG2421250PE.NFO,2024-08-13,10:31:00,2024-08-13,0.15,0.15,0.15,0.15,0,40100,0
FINNIFTY13AUG2421250PE.NFO,2024-08-13,10:32:00,2024-08-13,0.15,0.15,0.15,0.15,0,40100,0
FINNIFTY13AUG2421250PE.NFO,2024-08-13,10:33:00,2024-08-13,0.15,0.15,0.15,0.15,0,40100,0
FINNIFTY13AUG2421250PE.NFO,2024-08-13,10:34:00,2024-08-13,0.15,0.15,0.15,0.15,1800,38300,0
FINNIFTY13AUG2421250PE.NFO,2024-08-13,10:35:00,2024-08-13,0.15,0.15,0.1,0.1,0,38300,0
FINNIFTY13AUG2421250PE.NFO,2024-08-13,10:36:00,2024-08-13,0.1,0.1,0.1,0.1,0,38300,0
FINNIFTY13AUG2421250PE.NFO,2024-08-13,10:37:00,2024-08-13,0.1,0.1,0.1,0.1,0,38300,0
FINNIFTY13AUG2421250PE.NFO,2024-08-13,10:38:00,2024-08-13,0.1,0.1,0.1,0.1,0,38300,0
FINNIFTY13AUG2421250PE.NFO,2024-08-13,10:39:00,2024-08-13,0.1,0.1,0.1,0.1,0,38300,0
FINNIFTY13AUG2421250PE.NFO,2024-08-13,10:40:00,2024-08-13,0.1,0.15,0.1,0.15,0,38450,0
FINNIFTY13AUG2421250PE.NFO,2024-08-13,10:41:00,2024-08-13,0.15,0.15,0.15,0.15,0,38450,0
FINNIFTY13AUG2421250PE.NFO,2024-08-13,10:42:00,2024-08-13,0.15,0.15,0.15,0.15,1200,38450,0
FINNIFTY13AUG2421250PE.NFO,2024-08-13,10:43:00,2024-08-13,0.15,0.15,0.15,0.15,0,38450,0
FINNIFTY13AUG2421250PE.NFO,2024-08-13,10:44:00,2024-08-13,0.15,0.15,0.15,0.15,0,38450,0
FINNIFTY13AUG2421250PE.NFO,2024-08-13,10:45:00,2024-08-13,0.15,0.15,0.15,0.15,0,38450,0
FINNIFTY13AUG2421250PE.NFO,2024-08-13,10:46:00,2024-08-13,0.15,0.15,0.15,0.15,0,38450,0
FINNIFTY13AUG2421250PE.NFO,2024-08-13,10:47:00,2024-08-13,0.15,0.15,0.15,0.15,0,38450,0
FINNIFTY13AUG2421250PE.NFO,2024-08-13,10:48:00,2024-08-13,0.15,0.15,0.15,0.15,0,38450,0
FINNIFTY13AUG2421250PE.NFO,2024-08-13,10:49:00,2024-08-13,0.15,0.15,0.15,0.15,0,38450,0
FINNIFTY13AUG2421250PE.NFO,2024-08-13,10:50:00,2024-08-13,0.15,0.15,0.15,0.15,0,38450,0
FINNIFTY13AUG2421250PE.NFO,2024-08-13,10:51:00,2024-08-13,0.15,0.15,0.15,0.15,0,38450,0
FINNIFTY13AUG2421250PE.NFO,2024-08-13,10:52:00,2024-08-13,0.15,0.15,0.15,0.15,0,38450,0
FINNIFTY13AUG2421250PE.NFO,2024-08-13,10:53:00,2024-08-13,0.15,0.15,0.15,0.15,0,38450,0
FINNIFTY13AUG2421250PE.NFO,2024-08-13,10:54:00,2024-08-13,0.15,0.15,0.15,0.15,0,38450,0
FINNIFTY13AUG2421250PE.NFO,2024-08-13,10:55:00,2024-08-13,0.15,0.15,0.15,0.15,0,38450,0
FINNIFTY13AUG2421250PE.NFO,2024-08-13,10:56:00,2024-08-13,0.15,0.15,0.15,0.15,0,38450,0
FINNIFTY13AUG2421250PE.NFO,2024-08-13,10:57:00,2024-08-13,0.15,0.15,0.15,0.15,0,39675,0
FINNIFTY13AUG2421250PE.NFO,2024-08-13,10:58:00,2024-08-13,0.15,0.15,0.15,0.15,75,39925,0
FINNIFTY13AUG2421250PE.NFO,2024-08-13,10:59:00,2024-08-13,0.15,0.15,0.15,0.15,25,39925,0
FINNIFTY13AUG2421250PE.NFO,2024-08-13,11:00:00,2024-08-13,0.15,0.15,0.15,0.15,0,39925,0
FINNIFTY13AUG2421250PE.NFO,2024-08-13,11:01:00,2024-08-13,0.15,0.15,0.15,0.15,125,40025,0
FINNIFTY13AUG2421250PE.NFO,2024-08-13,11:02:00,2024-08-13,0.15,0.15,0.15,0.15,0,40025,0
FINNIFTY13AUG2421250PE.NFO,2024-08-13,11:03:00,2024-08-13,0.15,0.15,0.15,0.15,0,40025,0
FINNIFTY13AUG2421250PE.NFO,2024-08-13,11:04:00,2024-08-13,0.15,0.15,0.15,0.15,0,40025,0
FINNIFTY13AUG2421250PE.NFO,2024-08-13,11:05:00,2024-08-13,0.15,0.15,0.15,0.15,0,40025,0
FINNIFTY13AUG2421250PE.NFO,2024-08-13,11:06:00,2024-08-13,0.15,0.15,0.15,0.15,0,40025,0
FINNIFTY13AUG2421250PE.NFO,2024-08-13,11:07:00,2024-08-13,0.15,0.15,0.15,0.15,0,40025,0
FINNIFTY13AUG2421250PE.NFO,2024-08-13,11:08:00,2024-08-13,0.15,0.15,0.15,0.15,0,40025,0
FINNIFTY13AUG2421250PE.NFO,2024-08-13,11:09:00,2024-08-13,0.15,0.15,0.15,0.15,0,40025,0
FINNIFTY13AUG2421250PE.NFO,2024-08-13,11:10:00,2024-08-13,0.15,0.15,0.15,0.15,0,40025,0
FINNIFTY13AUG2421250PE.NFO,2024-08-13,11:11:00,2024-08-13,0.15,0.15,0.15,0.15,0,40025,0
FINNIFTY13AUG2421250PE.NFO,2024-08-13,11:12:00,2024-08-13,0.15,0.15,0.15,0.15,3175,40150,0
FINNIFTY13AUG2421250PE.NFO,2024-08-13,11:13:00,2024-08-13,0.15,0.15,0.15,0.15,0,40150,0
FINNIFTY13AUG2421250PE.NFO,2024-08-13,11:14:00,2024-08-13,0.15,0.15,0.15,0.15,0,40150,0
FINNIFTY13AUG2421250PE.NFO,2024-08-13,11:15:00,2024-08-13,0.15,0.15,0.15,0.15,0,40150,0
FINNIFTY13AUG2421250PE.NFO,2024-08-13,11:16:00,2024-08-13,0.15,0.15,0.15,0.15,0,40175,0
FINNIFTY13AUG2421250PE.NFO,2024-08-13,11:17:00,2024-08-13,0.15,0.15,0.15,0.15,0,40175,0
FINNIFTY13AUG2421250PE.NFO,2024-08-13,11:18:00,2024-08-13,0.15,0.15,0.15,0.15,0,40175,0
FINNIFTY13AUG2421250PE.NFO,2024-08-13,11:19:00,2024-08-13,0.15,0.15,0.15,0.15,0,40175,0
FINNIFTY13AUG2421250PE.NFO,2024-08-13,11:20:00,2024-08-13,0.15,0.15,0.15,0.15,0,40175,0
FINNIFTY13AUG2421250PE.NFO,2024-08-13,11:21:00,2024-08-13,0.15,0.15,0.15,0.15,0,40175,0
FINNIFTY13AUG2421250PE.NFO,2024-08-13,11:22:00,2024-08-13,0.15,0.15,0.15,0.15,0,40175,0
FINNIFTY13AUG2421250PE.NFO,2024-08-13,11:23:00,2024-08-13,0.15,0.15,0.15,0.15,0,40175,0
FINNIFTY13AUG2421250PE.NFO,2024-08-13,11:24:00,2024-08-13,0.15,0.15,0.15,0.15,0,40175,0
FINNIFTY13AUG2421250PE.NFO,2024-08-13,11:25:00,2024-08-13,0.15,0.15,0.15,0.15,0,40175,0
FINNIFTY13AUG2421250PE.NFO,2024-08-13,11:26:00,2024-08-13,0.15,0.15,0.15,0.15,0,40175,0
FINNIFTY13AUG2421250PE.NFO,2024-08-13,11:27:00,2024-08-13,0.15,0.15,0.15,0.15,0,40175,0
FINNIFTY13AUG2421250PE.NFO,2024-08-13,11:28:00,2024-08-13,0.15,0.15,0.15,0.15,0,40175,0
FINNIFTY13AUG2421250PE.NFO,2024-08-13,11:29:00,2024-08-13,0.15,0.15,0.15,0.15,0,40175,0
FINNIFTY13AUG2421250PE.NFO,2024-08-13,11:30:00,2024-08-13,0.15,0.15,0.15,0.15,0,40175,0
FINNIFTY13AUG2421250PE.NFO,2024-08-13,11:31:00,2024-08-13,0.15,0.15,0.15,0.15,0,40175,0
FINNIFTY13AUG2421250PE.NFO,2024-08-13,11:32:00,2024-08-13,0.15,0.15,0.15,0.15,0,40175,0
FINNIFTY13AUG2421250PE.NFO,2024-08-13,11:33:00,2024-08-13,0.15,0.15,0.15,0.15,0,39175,0
FINNIFTY13AUG2421250PE.NFO,2024-08-13,11:34:00,2024-08-13,0.15,0.15,0.15,0.15,0,39175,0
FINNIFTY13AUG2421250PE.NFO,2024-08-13,11:35:00,2024-08-13,0.15,0.15,0.15,0.15,0,39175,0
FINNIFTY13AUG2421250PE.NFO,2024-08-13,11:36:00,2024-08-13,0.15,0.15,0.15,0.15,0,39175,0
FINNIFTY13AUG2421250PE.NFO,2024-08-13,11:37:00,2024-08-13,0.15,0.15,0.15,0.15,0,39175,0
FINNIFTY13AUG2421250PE.NFO,2024-08-13,11:38:00,2024-08-13,0.15,0.15,0.15,0.15,0,39175,0
FINNIFTY13AUG2421250PE.NFO,2024-08-13,11:39:00,2024-08-13,0.15,0.15,0.15,0.15,0,39175,0
FINNIFTY13AUG2421250PE.NFO,2024-08-13,11:40:00,2024-08-13,0.15,0.15,0.15,0.15,0,39175,0
FINNIFTY13AUG2421250PE.NFO,2024-08-13,11:41:00,2024-08-13,0.15,0.15,0.15,0.15,0,39175,0
FINNIFTY13AUG2421250PE.NFO,2024-08-13,11:42:00,2024-08-13,0.15,0.15,0.15,0.15,0,39175,0
FINNIFTY13AUG2421250PE.NFO,2024-08-13,11:43:00,2024-08-13,0.15,0.15,0.15,0.15,0,39175,0
FINNIFTY13AUG2421250PE.NFO,2024-08-13,11:44:00,2024-08-13,0.15,0.15,0.15,0.15,0,39175,0
FINNIFTY13AUG2421250PE.NFO,2024-08-13,11:45:00,2024-08-13,0.15,0.15,0.15,0.15,0,37525,0
FINNIFTY13AUG2421250PE.NFO,2024-08-13,11:46:00,2024-08-13,0.15,0.15,0.15,0.15,25,37525,0
FINNIFTY13AUG2421250PE.NFO,2024-08-13,11:47:00,2024-08-13,0.15,0.15,0.15,0.15,0,37525,0
FINNIFTY13AUG2421250PE.NFO,2024-08-13,11:48:00,2024-08-13,0.15,0.15,0.15,0.15,0,37525,0
FINNIFTY13AUG2421250PE.NFO,2024-08-13,11:49:00,2024-08-13,0.15,0.15,0.15,0.15,0,37525,0
FINNIFTY13AUG2421250PE.NFO,2024-08-13,11:50:00,2024-08-13,0.15,0.15,0.15,0.15,0,37525,0
FINNIFTY13AUG2421250PE.NFO,2024-08-13,11:51:00,2024-08-13,0.15,0.15,0.15,0.15,0,39050,0
FINNIFTY13AUG2421250PE.NFO,2024-08-13,11:52:00,2024-08-13,0.15,0.15,0.15,0.15,0,39050,0
FINNIFTY13AUG2421250PE.NFO,2024-08-13,11:53:00,2024-08-13,0.15,0.15,0.15,0.15,0,39050,0
FINNIFTY13AUG2421250PE.NFO,2024-08-13,11:54:00,2024-08-13,0.15,0.15,0.15,0.15,25,37750,0
FINNIFTY13AUG2421250PE.NFO,2024-08-13,11:55:00,2024-08-13,0.15,0.15,0.15,0.15,0,37750,0
FINNIFTY13AUG2421250PE.NFO,2024-08-13,11:56:00,2024-08-13,0.15,0.15,0.15,0.15,0,37750,0
FINNIFTY13AUG2421250PE.NFO,2024-08-13,11:57:00,2024-08-13,0.15,0.15,0.1,0.1,400,37750,0
FINNIFTY13AUG2421250PE.NFO,2024-08-13,11:58:00,2024-08-13,0.1,0.1,0.1,0.1,200,37750,0
FINNIFTY13AUG2421250PE.NFO,2024-08-13,11:59:00,2024-08-13,0.1,0.1,0.1,0.1,0,37750,0
FINNIFTY13AUG2421250PE.NFO,2024-08-13,12:00:00,2024-08-13,0.1,0.1,0.1,0.1,0,37750,0
FINNIFTY13AUG2421250PE.NFO,2024-08-13,12:01:00,2024-08-13,0.1,0.1,0.1,0.1,0,37750,0
FINNIFTY13AUG2421250PE.NFO,2024-08-13,12:02:00,2024-08-13,0.1,0.1,0.1,0.1,0,37750,0
FINNIFTY13AUG2421250PE.NFO,2024-08-13,12:03:00,2024-08-13,0.1,0.1,0.1,0.1,1875,37750,0
FINNIFTY13AUG2421250PE.NFO,2024-08-13,12:04:00,2024-08-13,0.1,0.1,0.1,0.1,1800,35875,0
FINNIFTY13AUG2421250PE.NFO,2024-08-13,12:05:00,2024-08-13,0.1,0.1,0.1,0.1,0,35875,0
FINNIFTY13AUG2421250PE.NFO,2024-08-13,12:06:00,2024-08-13,0.1,0.1,0.1,0.1,0,35875,0
FINNIFTY13AUG2421250PE.NFO,2024-08-13,12:07:00,2024-08-13,0.1,0.1,0.1,0.1,0,35875,0
FINNIFTY13AUG2421250PE.NFO,2024-08-13,12:08:00,2024-08-13,0.1,0.1,0.1,0.1,300,28650,0
FINNIFTY13AUG2421250PE.NFO,2024-08-13,12:09:00,2024-08-13,0.1,0.1,0.1,0.1,0,28650,0
FINNIFTY13AUG2421250PE.NFO,2024-08-13,12:10:00,2024-08-13,0.1,0.1,0.1,0.1,0,28650,0
FINNIFTY13AUG2421250PE.NFO,2024-08-13,12:11:00,2024-08-13,0.1,0.1,0.1,0.1,0,28650,0
FINNIFTY13AUG2421250PE.NFO,2024-08-13,12:12:00,2024-08-13,0.1,0.1,0.1,0.1,0,28650,0
FINNIFTY13AUG2421250PE.NFO,2024-08-13,12:13:00,2024-08-13,0.1,0.1,0.1,0.1,0,28650,0
FINNIFTY13AUG2421250PE.NFO,2024-08-13,12:14:00,2024-08-13,0.1,0.1,0.1,0.1,0,28650,0
FINNIFTY13AUG2421250PE.NFO,2024-08-13,12:15:00,2024-08-13,0.1,0.1,0.1,0.1,0,28350,0
FINNIFTY13AUG2421250PE.NFO,2024-08-13,12:16:00,2024-08-13,0.1,0.1,0.1,0.1,5025,25350,0
FINNIFTY13AUG2421250PE.NFO,2024-08-13,12:17:00,2024-08-13,0.1,0.1,0.1,0.1,0,25350,0
FINNIFTY13AUG2421250PE.NFO,2024-08-13,12:18:00,2024-08-13,0.1,0.1,0.1,0.1,0,25350,0
FINNIFTY13AUG2421250PE.NFO,2024-08-13,12:19:00,2024-08-13,0.1,0.1,0.05,0.1,25,20425,0
FINNIFTY13AUG2421250PE.NFO,2024-08-13,12:20:00,2024-08-13,0.1,0.1,0.1,0.1,3225,20425,0
FINNIFTY13AUG2421250PE.NFO,2024-08-13,12:21:00,2024-08-13,0.1,0.1,0.1,0.1,775,20425,0
FINNIFTY13AUG2421250PE.NFO,2024-08-13,12:22:00,2024-08-13,0.1,0.1,0.1,0.1,0,20425,0
FINNIFTY13AUG2421250PE.NFO,2024-08-13,12:23:00,2024-08-13,0.1,0.15,0.1,0.1,125,22325,0
FINNIFTY13AUG2421250PE.NFO,2024-08-13,12:24:00,2024-08-13,0.1,0.1,0.1,0.1,300,22325,0
FINNIFTY13AUG2421250PE.NFO,2024-08-13,12:25:00,2024-08-13,0.1,0.1,0.05,0.1,1925,24275,0
FINNIFTY13AUG2421250PE.NFO,2024-08-13,12:26:00,2024-08-13,0.1,0.1,0.05,0.1,3275,24275,0
FINNIFTY13AUG2421250PE.NFO,2024-08-13,12:27:00,2024-08-13,0.1,0.1,0.1,0.1,0,24275,0
FINNIFTY13AUG2421250PE.NFO,2024-08-13,12:28:00,2024-08-13,0.1,0.1,0.1,0.1,0,24275,0
FINNIFTY13AUG2421250PE.NFO,2024-08-13,12:29:00,2024-08-13,0.1,0.1,0.1,0.1,0,24275,0
FINNIFTY13AUG2421250PE.NFO,2024-08-13,12:30:00,2024-08-13,0.1,0.1,0.1,0.1,0,24275,0
FINNIFTY13AUG2421250PE.NFO,2024-08-13,12:31:00,2024-08-13,0.1,0.1,0.1,0.1,0,24275,0
FINNIFTY13AUG2421250PE.NFO,2024-08-13,12:32:00,2024-08-13,0.1,0.1,0.1,0.1,0,24275,0
FINNIFTY13AUG2421250PE.NFO,2024-08-13,12:33:00,2024-08-13,0.1,0.1,0.1,0.1,0,24275,0
FINNIFTY13AUG2421250PE.NFO,2024-08-13,12:34:00,2024-08-13,0.1,0.1,0.1,0.1,0,24275,0
FINNIFTY13AUG2421250PE.NFO,2024-08-13,12:35:00,2024-08-13,0.1,0.1,0.1,0.1,0,24275,0
FINNIFTY13AUG2421250PE.NFO,2024-08-13,12:36:00,2024-08-13,0.1,0.1,0.1,0.1,0,24275,0
FINNIFTY13AUG2421250PE.NFO,2024-08-13,12:37:00,2024-08-13,0.1,0.1,0.1,0.1,2850,22025,0
FINNIFTY13AUG2421250PE.NFO,2024-08-13,12:38:00,2024-08-13,0.1,0.1,0.1,0.1,0,22025,0
FINNIFTY13AUG2421250PE.NFO,2024-08-13,12:39:00,2024-08-13,0.1,0.1,0.1,0.1,0,22025,0
FINNIFTY13AUG2421250PE.NFO,2024-08-13,12:40:00,2024-08-13,0.1,0.1,0.1,0.1,0,22025,0
FINNIFTY13AUG2421250PE.NFO,2024-08-13,12:41:00,2024-08-13,0.1,0.1,0.1,0.1,0,22025,0
FINNIFTY13AUG2421250PE.NFO,2024-08-13,12:42:00,2024-08-13,0.1,0.1,0.1,0.1,0,22025,0
FINNIFTY13AUG2421250PE.NFO,2024-08-13,12:43:00,2024-08-13,0.1,0.1,0.1,0.1,0,22025,0
FINNIFTY13AUG2421250PE.NFO,2024-08-13,12:44:00,2024-08-13,0.1,0.15,0.1,0.15,900,25175,0
FINNIFTY13AUG2421250PE.NFO,2024-08-13,12:45:00,2024-08-13,0.15,0.15,0.15,0.15,0,25175,0
FINNIFTY13AUG2421250PE.NFO,2024-08-13,12:46:00,2024-08-13,0.15,0.15,0.1,0.15,25,26100,0
FINNIFTY13AUG2421250PE.NFO,2024-08-13,12:47:00,2024-08-13,0.15,0.15,0.1,0.1,5650,26100,0
FINNIFTY13AUG2421250PE.NFO,2024-08-13,12:48:00,2024-08-13,0.1,0.1,0.1,0.1,4250,26100,0
FINNIFTY13AUG2421250PE.NFO,2024-08-13,12:49:00,2024-08-13,0.1,0.1,0.1,0.1,0,26100,0
FINNIFTY13AUG2421250PE.NFO,2024-08-13,12:50:00,2024-08-13,0.1,0.1,0.1,0.1,300,29600,0
FINNIFTY13AUG2421250PE.NFO,2024-08-13,12:51:00,2024-08-13,0.1,0.1,0.1,0.1,25,29600,0
FINNIFTY13AUG2421250PE.NFO,2024-08-13,12:52:00,2024-08-13,0.1,0.1,0.1,0.1,0,29600,0
FINNIFTY13AUG2421250PE.NFO,2024-08-13,12:53:00,2024-08-13,0.1,0.1,0.1,0.1,550,29650,0
FINNIFTY13AUG2421250PE.NFO,2024-08-13,12:54:00,2024-08-13,0.1,0.1,0.1,0.1,0,29650,0
FINNIFTY13AUG2421250PE.NFO,2024-08-13,12:55:00,2024-08-13,0.1,0.1,0.1,0.1,0,29650,0
FINNIFTY13AUG2421250PE.NFO,2024-08-13,12:56:00,2024-08-13,0.1,0.1,0.1,0.1,0,29650,0
FINNIFTY13AUG2421250PE.NFO,2024-08-13,12:57:00,2024-08-13,0.1,0.1,0.1,0.1,0,29650,0
FINNIFTY13AUG2421250PE.NFO,2024-08-13,12:58:00,2024-08-13,0.1,0.1,0.1,0.1,0,29650,0
FINNIFTY13AUG2421250PE.NFO,2024-08-13,12:59:00,2024-08-13,0.1,0.1,0.1,0.1,0,29650,0
FINNIFTY13AUG2421250PE.NFO,2024-08-13,13:00:00,2024-08-13,0.1,0.1,0.1,0.1,200,30100,0
FINNIFTY13AUG2421250PE.NFO,2024-08-13,13:01:00,2024-08-13,0.1,0.1,0.1,0.1,0,30100,0
FINNIFTY13AUG2421250PE.NFO,2024-08-13,13:02:00,2024-08-13,0.05,0.05,0.05,0.05,25,30125,0
FINNIFTY13AUG2421250PE.NFO,2024-08-13,13:03:00,2024-08-13,0.05,0.05,0.05,0.05,0,30125,0
FINNIFTY13AUG2421250PE.NFO,2024-08-13,13:04:00,2024-08-13,0.05,0.05,0.05,0.05,0,30125,0
FINNIFTY13AUG2421250PE.NFO,2024-08-13,13:05:00,2024-08-13,0.05,0.05,0.05,0.05,0,30125,0
FINNIFTY13AUG2421250PE.NFO,2024-08-13,13:06:00,2024-08-13,0.1,0.1,0.1,0.1,0,30125,0
FINNIFTY13AUG2421250PE.NFO,2024-08-13,13:07:00,2024-08-13,0.1,0.1,0.1,0.1,0,30125,0
FINNIFTY13AUG2421250PE.NFO,2024-08-13,13:08:00,2024-08-13,0.1,0.1,0.1,0.1,0,30125,0
FINNIFTY13AUG2421250PE.NFO,2024-08-13,13:09:00,2024-08-13,0.05,0.05,0.05,0.05,25,30150,0
FINNIFTY13AUG2421250PE.NFO,2024-08-13,13:10:00,2024-08-13,0.05,0.05,0.05,0.05,25,30150,0
FINNIFTY13AUG2421250PE.NFO,2024-08-13,13:11:00,2024-08-13,0.1,0.1,0.1,0.1,50,30150,0
FINNIFTY13AUG2421250PE.NFO,2024-08-13,13:12:00,2024-08-13,0.1,0.1,0.1,0.1,0,30150,0
FINNIFTY13AUG2421250PE.NFO,2024-08-13,13:13:00,2024-08-13,0.1,0.1,0.1,0.1,0,30150,0
FINNIFTY13AUG2421250PE.NFO,2024-08-13,13:14:00,2024-08-13,0.1,0.1,0.1,0.1,0,30150,0
FINNIFTY13AUG2421250PE.NFO,2024-08-13,13:15:00,2024-08-13,0.1,0.1,0.1,0.1,0,30200,0
FINNIFTY13AUG2421250PE.NFO,2024-08-13,13:16:00,2024-08-13,0.1,0.1,0.1,0.1,50,30275,0
FINNIFTY13AUG2421250PE.NFO,2024-08-13,13:17:00,2024-08-13,0.1,0.1,0.1,0.1,50,30275,0
FINNIFTY13AUG2421250PE.NFO,2024-08-13,13:18:00,2024-08-13,0.1,0.1,0.1,0.1,25,30275,0
FINNIFTY13AUG2421250PE.NFO,2024-08-13,13:19:00,2024-08-13,0.1,0.1,0.05,0.1,300,30800,0
FINNIFTY13AUG2421250PE.NFO,2024-08-13,13:20:00,2024-08-13,0.1,0.1,0.1,0.1,75,30800,0
FINNIFTY13AUG2421250PE.NFO,2024-08-13,13:21:00,2024-08-13,0.1,0.1,0.1,0.1,50,30800,0
FINNIFTY13AUG2421250PE.NFO,2024-08-13,13:22:00,2024-08-13,0.1,0.1,0.1,0.1,50,31125,0
FINNIFTY13AUG2421250PE.NFO,2024-08-13,13:23:00,2024-08-13,0.1,0.1,0.1,0.1,50,31125,0
FINNIFTY13AUG2421250PE.NFO,2024-08-13,13:24:00,2024-08-13,0.1,0.1,0.1,0.1,25,31125,0
FINNIFTY13AUG2421250PE.NFO,2024-08-13,13:25:00,2024-08-13,0.1,0.1,0.05,0.05,75,31300,0
FINNIFTY13AUG2421250PE.NFO,2024-08-13,13:26:00,2024-08-13,0.05,0.1,0.05,0.05,25,31300,0
FINNIFTY13AUG2421250PE.NFO,2024-08-13,13:27:00,2024-08-13,0.05,0.05,0.05,0.05,525,31300,0
FINNIFTY13AUG2421250PE.NFO,2024-08-13,13:28:00,2024-08-13,0.05,0.05,0.05,0.05,0,31300,0
FINNIFTY13AUG2421250PE.NFO,2024-08-13,13:29:00,2024-08-13,0.05,0.05,0.05,0.05,0,31300,0
FINNIFTY13AUG2421250PE.NFO,2024-08-13,13:30:00,2024-08-13,0.1,0.1,0.1,0.1,100,31325,0
FINNIFTY13AUG2421250PE.NFO,2024-08-13,13:31:00,2024-08-13,0.1,0.1,0.1,0.1,0,31325,0
FINNIFTY13AUG2421250PE.NFO,2024-08-13,13:32:00,2024-08-13,0.1,0.1,0.05,0.1,25,31425,0
FINNIFTY13AUG2421250PE.NFO,2024-08-13,13:33:00,2024-08-13,0.1,0.1,0.05,0.05,25,31425,0
FINNIFTY13AUG2421250PE.NFO,2024-08-13,13:34:00,2024-08-13,0.05,0.05,0.05,0.05,0,31425,0
FINNIFTY13AUG2421250PE.NFO,2024-08-13,13:35:00,2024-08-13,0.05,0.05,0.05,0.05,0,31425,0
FINNIFTY13AUG2421250PE.NFO,2024-08-13,13:36:00,2024-08-13,0.05,0.1,0.05,0.1,25,31450,0
FINNIFTY13AUG2421250PE.NFO,2024-08-13,13:37:00,2024-08-13,0.1,0.1,0.1,0.1,0,31450,0
FINNIFTY13AUG2421250PE.NFO,2024-08-13,13:38:00,2024-08-13,0.1,0.1,0.1,0.1,0,31450,0
FINNIFTY13AUG2421250PE.NFO,2024-08-13,13:39:00,2024-08-13,0.1,0.1,0.1,0.1,0,31450,0
FINNIFTY13AUG2421250PE.NFO,2024-08-13,13:40:00,2024-08-13,0.1,0.1,0.1,0.1,0,31450,0
FINNIFTY13AUG2421250PE.NFO,2024-08-13,13:41:00,2024-08-13,0.1,0.1,0.1,0.1,0,31450,0
FINNIFTY13AUG2421250PE.NFO,2024-08-13,13:42:00,2024-08-13,0.1,0.1,0.1,0.1,0,31450,0
FINNIFTY13AUG2421250PE.NFO,2024-08-13,13:43:00,2024-08-13,0.1,0.1,0.1,0.1,0,31450,0
FINNIFTY13AUG2421250PE.NFO,2024-08-13,13:44:00,2024-08-13,0.1,0.1,0.1,0.1,25,31475,0
FINNIFTY13AUG2421250PE.NFO,2024-08-13,13:45:00,2024-08-13,0.1,0.1,0.1,0.1,0,31475,0
FINNIFTY13AUG2421250PE.NFO,2024-08-13,13:46:00,2024-08-13,0.1,0.1,0.1,0.1,25,31500,0
FINNIFTY13AUG2421250PE.NFO,2024-08-13,13:47:00,2024-08-13,0.1,0.1,0.05,0.05,0,31500,0
FINNIFTY13AUG2421250PE.NFO,2024-08-13,13:48:00,2024-08-13,0.05,0.05,0.05,0.05,0,31500,0
FINNIFTY13AUG2421250PE.NFO,2024-08-13,13:49:00,2024-08-13,0.05,0.05,0.05,0.05,0,31500,0
FINNIFTY13AUG2421250PE.NFO,2024-08-13,13:50:00,2024-08-13,0.05,0.05,0.05,0.05,0,31500,0
FINNIFTY13AUG2421250PE.NFO,2024-08-13,13:51:00,2024-08-13,0.05,0.05,0.05,0.05,0,31500,0
FINNIFTY13AUG2421250PE.NFO,2024-08-13,13:52:00,2024-08-13,0.05,0.05,0.05,0.05,25,31525,0
FINNIFTY13AUG2421250PE.NFO,2024-08-13,13:53:00,2024-08-13,0.05,0.05,0.05,0.05,0,31525,0
FINNIFTY13AUG2421250PE.NFO,2024-08-13,13:54:00,2024-08-13,0.05,0.05,0.05,0.05,0,31525,0
FINNIFTY13AUG2421250PE.NFO,2024-08-13,13:55:00,2024-08-13,0.05,0.05,0.05,0.05,0,31525,0
FINNIFTY13AUG2421250PE.NFO,2024-08-13,13:56:00,2024-08-13,0.05,0.05,0.05,0.05,0,31525,0
FINNIFTY13AUG2421250PE.NFO,2024-08-13,13:57:00,2024-08-13,0.05,0.05,0.05,0.05,0,31525,0
FINNIFTY13AUG2421250PE.NFO,2024-08-13,13:58:00,2024-08-13,0.05,0.05,0.05,0.05,0,31525,0
FINNIFTY13AUG2421250PE.NFO,2024-08-13,13:59:00,2024-08-13,0.05,0.05,0.05,0.05,0,31525,0
FINNIFTY13AUG2421250PE.NFO,2024-08-13,14:00:00,2024-08-13,0.05,0.05,0.05,0.05,0,31525,0
FINNIFTY13AUG2421250PE.NFO,2024-08-13,14:01:00,2024-08-13,0.05,0.05,0.05,0.05,0,31525,0
FINNIFTY13AUG2421250PE.NFO,2024-08-13,14:02:00,2024-08-13,0.05,0.05,0.05,0.05,0,31525,0
FINNIFTY13AUG2421250PE.NFO,2024-08-13,14:03:00,2024-08-13,0.05,0.05,0.05,0.05,0,31525,0
FINNIFTY13AUG2421250PE.NFO,2024-08-13,14:04:00,2024-08-13,0.05,0.05,0.05,0.05,0,31525,0
FINNIFTY13AUG2421250PE.NFO,2024-08-13,14:05:00,2024-08-13,0.05,0.05,0.05,0.05,0,31525,0
FINNIFTY13AUG2421250PE.NFO,2024-08-13,14:06:00,2024-08-13,0.05,0.05,0.05,0.05,225,31525,0
FINNIFTY13AUG2421250PE.NFO,2024-08-13,14:07:00,2024-08-13,0.05,0.05,0.05,0.05,25,32275,0
FINNIFTY13AUG2421250PE.NFO,2024-08-13,14:08:00,2024-08-13,0.05,0.05,0.05,0.05,0,32275,0
FINNIFTY13AUG2421250PE.NFO,2024-08-13,14:09:00,2024-08-13,0.05,0.05,0.05,0.05,0,32275,0
FINNIFTY13AUG2421250PE.NFO,2024-08-13,14:10:00,2024-08-13,0.05,0.05,0.05,0.05,25,32275,0
FINNIFTY13AUG2421250PE.NFO,2024-08-13,14:11:00,2024-08-13,0.1,0.1,0.1,0.1,25,32275,0
FINNIFTY13AUG2421250PE.NFO,2024-08-13,14:12:00,2024-08-13,0.1,0.1,0.1,0.1,0,32275,0
FINNIFTY13AUG2421250PE.NFO,2024-08-13,14:13:00,2024-08-13,0.1,0.1,0.1,0.1,0,32275,0
FINNIFTY13AUG2421250PE.NFO,2024-08-13,14:14:00,2024-08-13,0.1,0.1,0.1,0.1,0,32275,0
FINNIFTY13AUG2421250PE.NFO,2024-08-13,14:15:00,2024-08-13,0.1,0.1,0.1,0.1,0,32275,0
FINNIFTY13AUG2421250PE.NFO,2024-08-13,14:16:00,2024-08-13,0.1,0.1,0.1,0.1,25,32300,0
FINNIFTY13AUG2421250PE.NFO,2024-08-13,14:17:00,2024-08-13,0.1,0.1,0.1,0.1,0,32300,0
FINNIFTY13AUG2421250PE.NFO,2024-08-13,14:18:00,2024-08-13,0.1,0.1,0.1,0.1,0,32300,0
FINNIFTY13AUG2421250PE.NFO,2024-08-13,14:19:00,2024-08-13,0.1,0.1,0.1,0.1,0,32300,0
FINNIFTY13AUG2421250PE.NFO,2024-08-13,14:20:00,2024-08-13,0.1,0.1,0.1,0.1,0,32300,0
FINNIFTY13AUG2421250PE.NFO,2024-08-13,14:21:00,2024-08-13,0.1,0.1,0.1,0.1,1800,32325,0
FINNIFTY13AUG2421250PE.NFO,2024-08-13,14:22:00,2024-08-13,0.1,0.1,0.1,0.1,0,32325,0
FINNIFTY13AUG2421250PE.NFO,2024-08-13,14:23:00,2024-08-13,0.1,0.1,0.1,0.1,0,32325,0
FINNIFTY13AUG2421250PE.NFO,2024-08-13,14:24:00,2024-08-13,0.1,0.1,0.1,0.1,0,32325,0
FINNIFTY13AUG2421250PE.NFO,2024-08-13,14:25:00,2024-08-13,0.1,0.1,0.1,0.1,0,32325,0
FINNIFTY13AUG2421250PE.NFO,2024-08-13,14:26:00,2024-08-13,0.1,0.1,0.1,0.1,0,32325,0
FINNIFTY13AUG2421250PE.NFO,2024-08-13,14:27:00,2024-08-13,0.1,0.1,0.1,0.1,0,32325,0
FINNIFTY13AUG2421250PE.NFO,2024-08-13,14:28:00,2024-08-13,0.05,0.05,0.05,0.05,0,30975,0
FINNIFTY13AUG2421250PE.NFO,2024-08-13,14:29:00,2024-08-13,0.05,0.05,0.05,0.05,0,30975,0
FINNIFTY13AUG2421250PE.NFO,2024-08-13,14:30:00,2024-08-13,0.05,0.05,0.05,0.05,0,30975,0
FINNIFTY13AUG2421250PE.NFO,2024-08-13,14:31:00,2024-08-13,0.05,0.1,0.05,0.1,0,30975,0
FINNIFTY13AUG2421250PE.NFO,2024-08-13,14:32:00,2024-08-13,0.1,0.1,0.1,0.1,0,30975,0
FINNIFTY13AUG2421250PE.NFO,2024-08-13,14:33:00,2024-08-13,0.1,0.1,0.1,0.1,0,30975,0
FINNIFTY13AUG2421250PE.NFO,2024-08-13,14:34:00,2024-08-13,0.1,0.1,0.1,0.1,0,30975,0
FINNIFTY13AUG2421250PE.NFO,2024-08-13,14:35:00,2024-08-13,0.1,0.1,0.1,0.1,0,30975,0
FINNIFTY13AUG2421250PE.NFO,2024-08-13,14:36:00,2024-08-13,0.1,0.1,0.1,0.1,0,30975,0
FINNIFTY13AUG2421250PE.NFO,2024-08-13,14:37:00,2024-08-13,0.1,0.1,0.1,0.1,0,30975,0
FINNIFTY13AUG2421250PE.NFO,2024-08-13,14:38:00,2024-08-13,0.1,0.1,0.1,0.1,0,30975,0
FINNIFTY13AUG2421250PE.NFO,2024-08-13,14:39:00,2024-08-13,0.1,0.1,0.1,0.1,0,30975,0
FINNIFTY13AUG2421250PE.NFO,2024-08-13,14:40:00,2024-08-13,0.1,0.1,0.1,0.1,2275,30175,0
FINNIFTY13AUG2421250PE.NFO,2024-08-13,14:41:00,2024-08-13,0.1,0.1,0.1,0.1,25,31000,0
FINNIFTY13AUG2421250PE.NFO,2024-08-13,14:42:00,2024-08-13,0.1,0.1,0.1,0.1,0,31000,0
FINNIFTY13AUG2421250PE.NFO,2024-08-13,14:43:00,2024-08-13,0.1,0.1,0.1,0.1,300,31000,0
FINNIFTY13AUG2421250PE.NFO,2024-08-13,14:44:00,2024-08-13,0.1,0.1,0.1,0.1,0,31025,0
FINNIFTY13AUG2421250PE.NFO,2024-08-13,14:45:00,2024-08-13,0.1,0.1,0.1,0.1,0,31025,0
FINNIFTY13AUG2421250PE.NFO,2024-08-13,14:46:00,2024-08-13,0.1,0.1,0.1,0.1,0,31025,0
FINNIFTY13AUG2421250PE.NFO,2024-08-13,14:47:00,2024-08-13,0.05,0.05,0.05,0.05,50,31025,0
FINNIFTY13AUG2421250PE.NFO,2024-08-13,14:48:00,2024-08-13,0.05,0.05,0.05,0.05,0,31025,0
FINNIFTY13AUG2421250PE.NFO,2024-08-13,14:49:00,2024-08-13,0.05,0.05,0.05,0.05,1200,31025,0
FINNIFTY13AUG2421250PE.NFO,2024-08-13,14:50:00,2024-08-13,0.05,0.1,0.05,0.1,100,31025,0
FINNIFTY13AUG2421250PE.NFO,2024-08-13,14:51:00,2024-08-13,0.1,0.1,0.1,0.1,2475,31025,0
FINNIFTY13AUG2421250PE.NFO,2024-08-13,14:52:00,2024-08-13,0.1,0.15,0.1,0.15,6800,36325,0
FINNIFTY13AUG2421250PE.NFO,2024-08-13,14:53:00,2024-08-13,0.15,0.15,0.1,0.1,1525,36325,0
FINNIFTY13AUG2421250PE.NFO,2024-08-13,14:54:00,2024-08-13,0.1,0.1,0.1,0.1,0,36325,0
FINNIFTY13AUG2421250PE.NFO,2024-08-13,14:55:00,2024-08-13,0.1,0.1,0.1,0.1,125,36075,0
FINNIFTY13AUG2421250PE.NFO,2024-08-13,14:56:00,2024-08-13,0.1,0.1,0.1,0.1,925,36075,0
FINNIFTY13AUG2421250PE.NFO,2024-08-13,14:57:00,2024-08-13,0.1,0.1,0.1,0.1,1350,36075,0
FINNIFTY13AUG2421250PE.NFO,2024-08-13,14:58:00,2024-08-13,0.1,0.1,0.1,0.1,0,36075,0
FINNIFTY13AUG2421250PE.NFO,2024-08-13,14:59:00,2024-08-13,0.1,0.1,0.1,0.1,25,34650,0
FINNIFTY13AUG2421250PE.NFO,2024-08-13,15:00:00,2024-08-13,0.1,0.1,0.1,0.1,0,34650,0
FINNIFTY13AUG2421250PE.NFO,2024-08-13,15:01:00,2024-08-13,0.1,0.1,0.1,0.1,50,34650,0
FINNIFTY13AUG2421250PE.NFO,2024-08-13,15:02:00,2024-08-13,0.1,0.1,0.1,0.1,25,34375,0
FINNIFTY13AUG2421250PE.NFO,2024-08-13,15:03:00,2024-08-13,0.1,0.1,0.1,0.1,0,34375,0
FINNIFTY13AUG2421250PE.NFO,2024-08-13,15:04:00,2024-08-13,0.1,0.1,0.1,0.1,0,34375,0
FINNIFTY13AUG2421250PE.NFO,2024-08-13,15:05:00,2024-08-13,0.1,0.1,0.05,0.05,500,33675,0
FINNIFTY13AUG2421250PE.NFO,2024-08-13,15:06:00,2024-08-13,0.05,0.1,0.05,0.1,0,33675,0
FINNIFTY13AUG2421250PE.NFO,2024-08-13,15:07:00,2024-08-13,0.1,0.1,0.1,0.1,0,33675,0
FINNIFTY13AUG2421250PE.NFO,2024-08-13,15:08:00,2024-08-13,0.1,0.1,0.1,0.1,0,33675,0
FINNIFTY13AUG2421250PE.NFO,2024-08-13,15:09:00,2024-08-13,0.1,0.1,0.1,0.1,1925,33675,0
FINNIFTY13AUG2421250PE.NFO,2024-08-13,15:10:00,2024-08-13,0.1,0.1,0.1,0.1,5325,33675,0
FINNIFTY13AUG2421250PE.NFO,2024-08-13,15:11:00,2024-08-13,0.05,0.1,0.05,0.05,400,29500,0
FINNIFTY13AUG2421250PE.NFO,2024-08-13,15:12:00,2024-08-13,0.05,0.1,0.05,0.1,3500,29500,0
FINNIFTY13AUG2421250PE.NFO,2024-08-13,15:13:00,2024-08-13,0.1,0.1,0.1,0.1,0,29500,0
FINNIFTY13AUG2421250PE.NFO,2024-08-13,15:14:00,2024-08-13,0.1,0.1,0.1,0.1,0,29500,0
FINNIFTY13AUG2421250PE.NFO,2024-08-13,15:15:00,2024-08-13,0.1,0.1,0.05,0.05,50,30450,0
FINNIFTY13AUG2421250PE.NFO,2024-08-13,15:16:00,2024-08-13,0.05,0.05,0.05,0.05,0,30450,0
FINNIFTY13AUG2421250PE.NFO,2024-08-13,15:17:00,2024-08-13,0.05,0.1,0.05,0.1,1800,30550,0
FINNIFTY13AUG2421250PE.NFO,2024-08-13,15:18:00,2024-08-13,0.1,0.1,0.05,0.05,1725,30550,0
FINNIFTY13AUG2421250PE.NFO,2024-08-13,15:19:00,2024-08-13,0.05,0.05,0.05,0.05,15500,32775,0
FINNIFTY13AUG2421250PE.NFO,2024-08-13,15:20:00,2024-08-13,0.05,0.05,0.05,0.05,0,32775,0
FINNIFTY13AUG2421250PE.NFO,2024-08-13,15:21:00,2024-08-13,0.05,0.05,0.05,0.05,6075,32775,0
FINNIFTY13AUG2421250PE.NFO,2024-08-13,15:22:00,2024-08-13,0.05,0.05,0.05,0.05,1950,32775,0
FINNIFTY13AUG2421250PE.NFO,2024-08-13,15:23:00,2024-08-13,0.05,0.05,0.05,0.05,0,37700,0
FINNIFTY13AUG2421250PE.NFO,2024-08-13,15:24:00,2024-08-13,0.05,0.05,0.05,0.05,3400,37700,0
FINNIFTY13AUG2421250PE.NFO,2024-08-13,15:25:00,2024-08-13,0.05,0.1,0.05,0.1,25,37700,0
FINNIFTY13AUG2421250PE.NFO,2024-08-13,15:26:00,2024-08-13,0.1,0.1,0.05,0.05,200,39475,0
FINNIFTY13AUG2421250PE.NFO,2024-08-13,15:27:00,2024-08-13,0.05,0.05,0.05,0.05,0,39475,0
FINNIFTY13AUG2421250PE.NFO,2024-08-13,15:28:00,2024-08-13,0.1,0.1,0.1,0.1,300,39475,0
FINNIFTY13AUG2421250PE.NFO,2024-08-13,15:29:00,2024-08-13,0.1,0.1,0.05,0.05,75,39475,0
FINNIFTY13AUG2421250PE.NFO,2024-08-13,15:30:00,2024-08-13,0.05,0.05,0.05,0.05,75,39475,1
