Ticker,Date,Time,Expiry Date,Open,High,Low,Close,Volume,Open Interest,Padding Flag
FINNIFTY05MAR2418800PE.NFO,2024-01-24,09:15:00,2024-03-05,1.4,1.4,1.4,1.4,0,0,0
FINNIFTY05MAR2418800PE.NFO,2024-01-24,09:16:00,2024-03-05,1.4,1.4,1.4,1.4,0,0,1
FINNIFTY05MAR2418800PE.NFO,2024-01-24,09:17:00,2024-03-05,1.4,1.4,1.4,1.4,0,0,1
FINNIFTY05MAR2418800PE.NFO,2024-01-24,09:18:00,2024-03-05,1.4,1.4,1.4,1.4,0,0,1
FINNIFTY05MAR2418800PE.NFO,2024-01-24,09:19:00,2024-03-05,1.4,1.4,1.4,1.4,0,0,1
FINNIFTY05MAR2418800PE.NFO,2024-01-24,09:20:00,2024-03-05,1.4,1.4,1.4,1.4,0,0,1
FINNIFTY05MAR2418800PE.NFO,2024-01-24,09:21:00,2024-03-05,1.4,1.4,1.4,1.4,0,0,1
FINNIFTY05MAR2418800PE.NFO,2024-01-24,09:22:00,2024-03-05,1.4,1.4,1.4,1.4,0,0,1
FINNIFTY05MAR2418800PE.NFO,2024-01-24,09:23:00,2024-03-05,1.4,1.4,1.4,1.4,0,0,1
FINNIFTY05MAR2418800PE.NFO,2024-01-24,09:24:00,2024-03-05,1.4,1.4,1.4,1.4,0,0,1
FINNIFTY05MAR2418800PE.NFO,2024-01-24,09:25:00,2024-03-05,1.4,1.4,1.4,1.4,0,0,1
FINNIFTY05MAR2418800PE.NFO,2024-01-24,09:26:00,2024-03-05,1.4,1.4,1.4,1.4,0,0,1
FINNIFTY05MAR2418800PE.NFO,2024-01-24,09:27:00,2024-03-05,1.4,1.4,1.4,1.4,0,0,1
FINNIFTY05MAR2418800PE.NFO,2024-01-24,09:28:00,2024-03-05,1.4,1.4,1.4,1.4,0,0,1
FINNIFTY05MAR2418800PE.NFO,2024-01-24,09:29:00,2024-03-05,1.4,1.4,1.4,1.4,0,0,1
FINNIFTY05MAR2418800PE.NFO,2024-01-24,09:30:00,2024-03-05,1.4,1.4,1.4,1.4,0,0,1
FINNIFTY05MAR2418800PE.NFO,2024-01-24,09:31:00,2024-03-05,1.4,1.4,1.4,1.4,0,0,1
FINNIFTY05MAR2418800PE.NFO,2024-01-24,09:32:00,2024-03-05,1.4,1.4,1.4,1.4,0,0,1
FINNIFTY05MAR2418800PE.NFO,2024-01-24,09:33:00,2024-03-05,1.4,1.4,1.4,1.4,0,0,1
FINNIFTY05MAR2418800PE.NFO,2024-01-24,09:34:00,2024-03-05,1.4,1.4,1.4,1.4,0,0,1
FINNIFTY05MAR2418800PE.NFO,2024-01-24,09:35:00,2024-03-05,1.4,1.4,1.4,1.4,0,0,1
FINNIFTY05MAR2418800PE.NFO,2024-01-24,09:36:00,2024-03-05,1.4,1.4,1.4,1.4,0,0,1
FINNIFTY05MAR2418800PE.NFO,2024-01-24,09:37:00,2024-03-05,1.4,1.4,1.4,1.4,0,0,1
FINNIFTY05MAR2418800PE.NFO,2024-01-24,09:38:00,2024-03-05,1.4,1.4,1.4,1.4,0,0,1
FINNIFTY05MAR2418800PE.NFO,2024-01-24,09:39:00,2024-03-05,1.4,1.4,1.4,1.4,0,0,1
FINNIFTY05MAR2418800PE.NFO,2024-01-24,09:40:00,2024-03-05,1.4,1.4,1.4,1.4,0,0,1
FINNIFTY05MAR2418800PE.NFO,2024-01-24,09:41:00,2024-03-05,1.4,1.4,1.4,1.4,0,0,1
FINNIFTY05MAR2418800PE.NFO,2024-01-24,09:42:00,2024-03-05,1.4,1.4,1.4,1.4,0,0,1
FINNIFTY05MAR2418800PE.NFO,2024-01-24,09:43:00,2024-03-05,1.4,1.4,1.4,1.4,0,0,1
FINNIFTY05MAR2418800PE.NFO,2024-01-24,09:44:00,2024-03-05,1.4,1.4,1.4,1.4,0,0,1
FINNIFTY05MAR2418800PE.NFO,2024-01-24,09:45:00,2024-03-05,1.4,1.4,1.4,1.4,0,0,1
FINNIFTY05MAR2418800PE.NFO,2024-01-24,09:46:00,2024-03-05,1.4,1.4,1.4,1.4,0,0,1
FINNIFTY05MAR2418800PE.NFO,2024-01-24,09:47:00,2024-03-05,1.4,1.4,1.4,1.4,0,0,1
FINNIFTY05MAR2418800PE.NFO,2024-01-24,09:48:00,2024-03-05,1.4,1.4,1.4,1.4,0,0,1
FINNIFTY05MAR2418800PE.NFO,2024-01-24,09:49:00,2024-03-05,1.4,1.4,1.4,1.4,0,0,1
FINNIFTY05MAR2418800PE.NFO,2024-01-24,09:50:00,2024-03-05,1.4,1.4,1.4,1.4,0,0,1
FINNIFTY05MAR2418800PE.NFO,2024-01-24,09:51:00,2024-03-05,1.4,1.4,1.4,1.4,0,0,1
FINNIFTY05MAR2418800PE.NFO,2024-01-24,09:52:00,2024-03-05,1.4,1.4,1.4,1.4,0,0,1
FINNIFTY05MAR2418800PE.NFO,2024-01-24,09:53:00,2024-03-05,1.4,1.4,1.4,1.4,0,0,1
FINNIFTY05MAR2418800PE.NFO,2024-01-24,09:54:00,2024-03-05,1.4,1.4,1.4,1.4,0,0,1
FINNIFTY05MAR2418800PE.NFO,2024-01-24,09:55:00,2024-03-05,1.4,1.4,1.4,1.4,0,0,1
FINNIFTY05MAR2418800PE.NFO,2024-01-24,09:56:00,2024-03-05,1.4,1.4,1.4,1.4,0,0,1
FINNIFTY05MAR2418800PE.NFO,2024-01-24,09:57:00,2024-03-05,1.4,1.4,1.4,1.4,0,0,1
FINNIFTY05MAR2418800PE.NFO,2024-01-24,09:58:00,2024-03-05,1.4,1.4,1.4,1.4,0,0,1
FINNIFTY05MAR2418800PE.NFO,2024-01-24,09:59:00,2024-03-05,1.4,1.4,1.4,1.4,0,0,1
FINNIFTY05MAR2418800PE.NFO,2024-01-24,10:00:00,2024-03-05,1.4,1.4,1.4,1.4,0,0,1
FINNIFTY05MAR2418800PE.NFO,2024-01-24,10:01:00,2024-03-05,1.4,1.4,1.4,1.4,0,0,1
FINNIFTY05MAR2418800PE.NFO,2024-01-24,10:02:00,2024-03-05,1.4,1.4,1.4,1.4,0,0,1
FINNIFTY05MAR2418800PE.NFO,2024-01-24,10:03:00,2024-03-05,1.4,1.4,1.4,1.4,0,0,1
FINNIFTY05MAR2418800PE.NFO,2024-01-24,10:04:00,2024-03-05,1.4,1.4,1.4,1.4,0,0,1
FINNIFTY05MAR2418800PE.NFO,2024-01-24,10:05:00,2024-03-05,1.4,1.4,1.4,1.4,0,0,1
FINNIFTY05MAR2418800PE.NFO,2024-01-24,10:06:00,2024-03-05,1.4,1.4,1.4,1.4,0,0,1
FINNIFTY05MAR2418800PE.NFO,2024-01-24,10:07:00,2024-03-05,1.4,1.4,1.4,1.4,0,0,1
FINNIFTY05MAR2418800PE.NFO,2024-01-24,10:08:00,2024-03-05,1.4,1.4,1.4,1.4,0,0,1
FINNIFTY05MAR2418800PE.NFO,2024-01-24,10:09:00,2024-03-05,1.4,1.4,1.4,1.4,0,0,1
FINNIFTY05MAR2418800PE.NFO,2024-01-24,10:10:00,2024-03-05,1.4,1.4,1.4,1.4,0,0,1
FINNIFTY05MAR2418800PE.NFO,2024-01-24,10:11:00,2024-03-05,1.4,1.4,1.4,1.4,0,0,1
FINNIFTY05MAR2418800PE.NFO,2024-01-24,10:12:00,2024-03-05,1.4,1.4,1.4,1.4,0,0,1
FINNIFTY05MAR2418800PE.NFO,2024-01-24,10:13:00,2024-03-05,1.4,1.4,1.4,1.4,0,0,1
FINNIFTY05MAR2418800PE.NFO,2024-01-24,10:14:00,2024-03-05,1.4,1.4,1.4,1.4,0,0,1
FINNIFTY05MAR2418800PE.NFO,2024-01-24,10:15:00,2024-03-05,1.4,1.4,1.4,1.4,0,0,1
FINNIFTY05MAR2418800PE.NFO,2024-01-24,10:16:00,2024-03-05,1.4,1.4,1.4,1.4,0,0,1
FINNIFTY05MAR2418800PE.NFO,2024-01-24,10:17:00,2024-03-05,1.4,1.4,1.4,1.4,0,0,1
FINNIFTY05MAR2418800PE.NFO,2024-01-24,10:18:00,2024-03-05,1.4,1.4,1.4,1.4,0,0,1
FINNIFTY05MAR2418800PE.NFO,2024-01-24,10:19:00,2024-03-05,1.4,1.4,1.4,1.4,0,0,1
FINNIFTY05MAR2418800PE.NFO,2024-01-24,10:20:00,2024-03-05,1.4,1.4,1.4,1.4,0,0,1
FINNIFTY05MAR2418800PE.NFO,2024-01-24,10:21:00,2024-03-05,1.4,1.4,1.4,1.4,0,0,1
FINNIFTY05MAR2418800PE.NFO,2024-01-24,10:22:00,2024-03-05,1.4,1.4,1.4,1.4,0,0,1
FINNIFTY05MAR2418800PE.NFO,2024-01-24,10:23:00,2024-03-05,1.4,1.4,1.4,1.4,0,0,1
FINNIFTY05MAR2418800PE.NFO,2024-01-24,10:24:00,2024-03-05,1.4,1.4,1.4,1.4,0,0,1
FINNIFTY05MAR2418800PE.NFO,2024-01-24,10:25:00,2024-03-05,1.4,1.4,1.4,1.4,0,0,1
FINNIFTY05MAR2418800PE.NFO,2024-01-24,10:26:00,2024-03-05,1.4,1.4,1.4,1.4,0,0,1
FINNIFTY05MAR2418800PE.NFO,2024-01-24,10:27:00,2024-03-05,1.4,1.4,1.4,1.4,0,0,1
FINNIFTY05MAR2418800PE.NFO,2024-01-24,10:28:00,2024-03-05,1.4,1.4,1.4,1.4,0,0,1
FINNIFTY05MAR2418800PE.NFO,2024-01-24,10:29:00,2024-03-05,1.4,1.4,1.4,1.4,0,0,1
FINNIFTY05MAR2418800PE.NFO,2024-01-24,10:30:00,2024-03-05,1.4,1.4,1.4,1.4,0,0,1
FINNIFTY05MAR2418800PE.NFO,2024-01-24,10:31:00,2024-03-05,1.4,1.4,1.4,1.4,0,0,1
FINNIFTY05MAR2418800PE.NFO,2024-01-24,10:32:00,2024-03-05,1.4,1.4,1.4,1.4,0,0,1
FINNIFTY05MAR2418800PE.NFO,2024-01-24,10:33:00,2024-03-05,1.4,1.4,1.4,1.4,0,0,1
FINNIFTY05MAR2418800PE.NFO,2024-01-24,10:34:00,2024-03-05,1.4,1.4,1.4,1.4,0,0,1
FINNIFTY05MAR2418800PE.NFO,2024-01-24,10:35:00,2024-03-05,1.4,1.4,1.4,1.4,0,0,1
FINNIFTY05MAR2418800PE.NFO,2024-01-24,10:36:00,2024-03-05,1.4,1.4,1.4,1.4,0,0,1
FINNIFTY05MAR2418800PE.NFO,2024-01-24,10:37:00,2024-03-05,1.4,1.4,1.4,1.4,0,0,1
FINNIFTY05MAR2418800PE.NFO,2024-01-24,10:38:00,2024-03-05,1.4,1.4,1.4,1.4,0,0,1
FINNIFTY05MAR2418800PE.NFO,2024-01-24,10:39:00,2024-03-05,1.4,1.4,1.4,1.4,0,0,1
FINNIFTY05MAR2418800PE.NFO,2024-01-24,10:40:00,2024-03-05,1.4,1.4,1.4,1.4,0,0,1
FINNIFTY05MAR2418800PE.NFO,2024-01-24,10:41:00,2024-03-05,1.4,1.4,1.4,1.4,0,0,1
FINNIFTY05MAR2418800PE.NFO,2024-01-24,10:42:00,2024-03-05,1.4,1.4,1.4,1.4,0,0,1
FINNIFTY05MAR2418800PE.NFO,2024-01-24,10:43:00,2024-03-05,1.4,1.4,1.4,1.4,0,0,1
FINNIFTY05MAR2418800PE.NFO,2024-01-24,10:44:00,2024-03-05,1.4,1.4,1.4,1.4,0,0,1
FINNIFTY05MAR2418800PE.NFO,2024-01-24,10:45:00,2024-03-05,1.4,1.4,1.4,1.4,0,0,1
FINNIFTY05MAR2418800PE.NFO,2024-01-24,10:46:00,2024-03-05,1.4,1.4,1.4,1.4,0,0,1
FINNIFTY05MAR2418800PE.NFO,2024-01-24,10:47:00,2024-03-05,1.4,1.4,1.4,1.4,0,0,1
FINNIFTY05MAR2418800PE.NFO,2024-01-24,10:48:00,2024-03-05,1.4,1.4,1.4,1.4,0,0,1
FINNIFTY05MAR2418800PE.NFO,2024-01-24,10:49:00,2024-03-05,1.4,1.4,1.4,1.4,0,0,1
FINNIFTY05MAR2418800PE.NFO,2024-01-24,10:50:00,2024-03-05,1.4,1.4,1.4,1.4,0,0,1
FINNIFTY05MAR2418800PE.NFO,2024-01-24,10:51:00,2024-03-05,1.4,1.4,1.4,1.4,0,0,1
FINNIFTY05MAR2418800PE.NFO,2024-01-24,10:52:00,2024-03-05,1.4,1.4,1.4,1.4,0,0,1
FINNIFTY05MAR2418800PE.NFO,2024-01-24,10:53:00,2024-03-05,1.4,1.4,1.4,1.4,0,0,1
FINNIFTY05MAR2418800PE.NFO,2024-01-24,10:54:00,2024-03-05,1.4,1.4,1.4,1.4,0,0,1
FINNIFTY05MAR2418800PE.NFO,2024-01-24,10:55:00,2024-03-05,1.4,1.4,1.4,1.4,0,0,1
FINNIFTY05MAR2418800PE.NFO,2024-01-24,10:56:00,2024-03-05,1.4,1.4,1.4,1.4,0,0,1
FINNIFTY05MAR2418800PE.NFO,2024-01-24,10:57:00,2024-03-05,1.4,1.4,1.4,1.4,0,0,1
FINNIFTY05MAR2418800PE.NFO,2024-01-24,10:58:00,2024-03-05,1.4,1.4,1.4,1.4,0,0,1
FINNIFTY05MAR2418800PE.NFO,2024-01-24,10:59:00,2024-03-05,1.4,1.4,1.4,1.4,0,0,1
FINNIFTY05MAR2418800PE.NFO,2024-01-24,11:00:00,2024-03-05,1.4,1.4,1.4,1.4,0,0,1
FINNIFTY05MAR2418800PE.NFO,2024-01-24,11:01:00,2024-03-05,1.4,1.4,1.4,1.4,0,0,1
FINNIFTY05MAR2418800PE.NFO,2024-01-24,11:02:00,2024-03-05,1.4,1.4,1.4,1.4,0,0,1
FINNIFTY05MAR2418800PE.NFO,2024-01-24,11:03:00,2024-03-05,1.4,1.4,1.4,1.4,0,0,1
FINNIFTY05MAR2418800PE.NFO,2024-01-24,11:04:00,2024-03-05,1.4,1.4,1.4,1.4,0,0,1
FINNIFTY05MAR2418800PE.NFO,2024-01-24,11:05:00,2024-03-05,1.4,1.4,1.4,1.4,0,0,1
FINNIFTY05MAR2418800PE.NFO,2024-01-24,11:06:00,2024-03-05,1.4,1.4,1.4,1.4,0,0,1
FINNIFTY05MAR2418800PE.NFO,2024-01-24,11:07:00,2024-03-05,1.4,1.4,1.4,1.4,0,0,1
FINNIFTY05MAR2418800PE.NFO,2024-01-24,11:08:00,2024-03-05,1.4,1.4,1.4,1.4,0,0,1
FINNIFTY05MAR2418800PE.NFO,2024-01-24,11:09:00,2024-03-05,1.4,1.4,1.4,1.4,0,0,1
FINNIFTY05MAR2418800PE.NFO,2024-01-24,11:10:00,2024-03-05,1.4,1.4,1.4,1.4,0,0,1
FINNIFTY05MAR2418800PE.NFO,2024-01-24,11:11:00,2024-03-05,1.4,1.4,1.4,1.4,0,0,1
FINNIFTY05MAR2418800PE.NFO,2024-01-24,11:12:00,2024-03-05,1.4,1.4,1.4,1.4,0,0,1
FINNIFTY05MAR2418800PE.NFO,2024-01-24,11:13:00,2024-03-05,1.4,1.4,1.4,1.4,0,0,1
FINNIFTY05MAR2418800PE.NFO,2024-01-24,11:14:00,2024-03-05,1.4,1.4,1.4,1.4,0,0,1
FINNIFTY05MAR2418800PE.NFO,2024-01-24,11:15:00,2024-03-05,1.4,1.4,1.4,1.4,0,0,1
FINNIFTY05MAR2418800PE.NFO,2024-01-24,11:16:00,2024-03-05,1.4,1.4,1.4,1.4,0,0,1
FINNIFTY05MAR2418800PE.NFO,2024-01-24,11:17:00,2024-03-05,1.4,1.4,1.4,1.4,0,0,1
FINNIFTY05MAR2418800PE.NFO,2024-01-24,11:18:00,2024-03-05,1.4,1.4,1.4,1.4,0,0,1
FINNIFTY05MAR2418800PE.NFO,2024-01-24,11:19:00,2024-03-05,1.4,1.4,1.4,1.4,0,0,1
FINNIFTY05MAR2418800PE.NFO,2024-01-24,11:20:00,2024-03-05,1.4,1.4,1.4,1.4,0,0,1
FINNIFTY05MAR2418800PE.NFO,2024-01-24,11:21:00,2024-03-05,1.4,1.4,1.4,1.4,0,0,1
FINNIFTY05MAR2418800PE.NFO,2024-01-24,11:22:00,2024-03-05,1.4,1.4,1.4,1.4,0,0,1
FINNIFTY05MAR2418800PE.NFO,2024-01-24,11:23:00,2024-03-05,1.4,1.4,1.4,1.4,0,0,1
FINNIFTY05MAR2418800PE.NFO,2024-01-24,11:24:00,2024-03-05,1.4,1.4,1.4,1.4,0,0,1
FINNIFTY05MAR2418800PE.NFO,2024-01-24,11:25:00,2024-03-05,1.4,1.4,1.4,1.4,0,0,1
FINNIFTY05MAR2418800PE.NFO,2024-01-24,11:26:00,2024-03-05,1.4,1.4,1.4,1.4,0,0,1
FINNIFTY05MAR2418800PE.NFO,2024-01-24,11:27:00,2024-03-05,1.4,1.4,1.4,1.4,0,0,1
FINNIFTY05MAR2418800PE.NFO,2024-01-24,11:28:00,2024-03-05,1.4,1.4,1.4,1.4,0,0,1
FINNIFTY05MAR2418800PE.NFO,2024-01-24,11:29:00,2024-03-05,1.4,1.4,1.4,1.4,0,0,1
FINNIFTY05MAR2418800PE.NFO,2024-01-24,11:30:00,2024-03-05,1.4,1.4,1.4,1.4,0,0,1
FINNIFTY05MAR2418800PE.NFO,2024-01-24,11:31:00,2024-03-05,1.4,1.4,1.4,1.4,0,0,1
FINNIFTY05MAR2418800PE.NFO,2024-01-24,11:32:00,2024-03-05,1.4,1.4,1.4,1.4,0,0,1
FINNIFTY05MAR2418800PE.NFO,2024-01-24,11:33:00,2024-03-05,1.4,1.4,1.4,1.4,0,0,1
FINNIFTY05MAR2418800PE.NFO,2024-01-24,11:34:00,2024-03-05,1.4,1.4,1.4,1.4,0,0,1
FINNIFTY05MAR2418800PE.NFO,2024-01-24,11:35:00,2024-03-05,1.4,1.4,1.4,1.4,0,0,1
FINNIFTY05MAR2418800PE.NFO,2024-01-24,11:36:00,2024-03-05,1.4,1.4,1.4,1.4,0,0,1
FINNIFTY05MAR2418800PE.NFO,2024-01-24,11:37:00,2024-03-05,1.4,1.4,1.4,1.4,0,0,1
FINNIFTY05MAR2418800PE.NFO,2024-01-24,11:38:00,2024-03-05,1.4,1.4,1.4,1.4,0,0,1
FINNIFTY05MAR2418800PE.NFO,2024-01-24,11:39:00,2024-03-05,1.4,1.4,1.4,1.4,0,0,1
FINNIFTY05MAR2418800PE.NFO,2024-01-24,11:40:00,2024-03-05,1.4,1.4,1.4,1.4,0,0,1
FINNIFTY05MAR2418800PE.NFO,2024-01-24,11:41:00,2024-03-05,1.4,1.4,1.4,1.4,0,0,1
FINNIFTY05MAR2418800PE.NFO,2024-01-24,11:42:00,2024-03-05,1.4,1.4,1.4,1.4,0,0,1
FINNIFTY05MAR2418800PE.NFO,2024-01-24,11:43:00,2024-03-05,1.4,1.4,1.4,1.4,0,0,1
FINNIFTY05MAR2418800PE.NFO,2024-01-24,11:44:00,2024-03-05,1.4,1.4,1.4,1.4,0,0,1
FINNIFTY05MAR2418800PE.NFO,2024-01-24,11:45:00,2024-03-05,1.4,1.4,1.4,1.4,0,0,1
FINNIFTY05MAR2418800PE.NFO,2024-01-24,11:46:00,2024-03-05,1.4,1.4,1.4,1.4,0,0,1
FINNIFTY05MAR2418800PE.NFO,2024-01-24,11:47:00,2024-03-05,1.4,1.4,1.4,1.4,0,0,1
FINNIFTY05MAR2418800PE.NFO,2024-01-24,11:48:00,2024-03-05,1.4,1.4,1.4,1.4,0,0,1
FINNIFTY05MAR2418800PE.NFO,2024-01-24,11:49:00,2024-03-05,1.4,1.4,1.4,1.4,0,0,1
FINNIFTY05MAR2418800PE.NFO,2024-01-24,11:50:00,2024-03-05,1.4,1.4,1.4,1.4,0,0,1
FINNIFTY05MAR2418800PE.NFO,2024-01-24,11:51:00,2024-03-05,1.4,1.4,1.4,1.4,0,0,1
FINNIFTY05MAR2418800PE.NFO,2024-01-24,11:52:00,2024-03-05,1.4,1.4,1.4,1.4,0,0,1
FINNIFTY05MAR2418800PE.NFO,2024-01-24,11:53:00,2024-03-05,1.4,1.4,1.4,1.4,0,0,1
FINNIFTY05MAR2418800PE.NFO,2024-01-24,11:54:00,2024-03-05,1.4,1.4,1.4,1.4,0,0,1
FINNIFTY05MAR2418800PE.NFO,2024-01-24,11:55:00,2024-03-05,1.4,1.4,1.4,1.4,0,0,1
FINNIFTY05MAR2418800PE.NFO,2024-01-24,11:56:00,2024-03-05,1.4,1.4,1.4,1.4,0,0,1
FINNIFTY05MAR2418800PE.NFO,2024-01-24,11:57:00,2024-03-05,1.4,1.4,1.4,1.4,0,0,1
FINNIFTY05MAR2418800PE.NFO,2024-01-24,11:58:00,2024-03-05,1.4,1.4,1.4,1.4,0,0,1
FINNIFTY05MAR2418800PE.NFO,2024-01-24,11:59:00,2024-03-05,1.4,1.4,1.4,1.4,0,0,1
FINNIFTY05MAR2418800PE.NFO,2024-01-24,12:00:00,2024-03-05,1.4,1.4,1.4,1.4,0,0,1
FINNIFTY05MAR2418800PE.NFO,2024-01-24,12:01:00,2024-03-05,1.4,1.4,1.4,1.4,0,0,1
FINNIFTY05MAR2418800PE.NFO,2024-01-24,12:02:00,2024-03-05,1.4,1.4,1.4,1.4,0,0,1
FINNIFTY05MAR2418800PE.NFO,2024-01-24,12:03:00,2024-03-05,1.4,1.4,1.4,1.4,0,0,1
FINNIFTY05MAR2418800PE.NFO,2024-01-24,12:04:00,2024-03-05,1.4,1.4,1.4,1.4,0,0,1
FINNIFTY05MAR2418800PE.NFO,2024-01-24,12:05:00,2024-03-05,1.4,1.4,1.4,1.4,0,0,1
FINNIFTY05MAR2418800PE.NFO,2024-01-24,12:06:00,2024-03-05,1.4,1.4,1.4,1.4,0,0,1
FINNIFTY05MAR2418800PE.NFO,2024-01-24,12:07:00,2024-03-05,1.4,1.4,1.4,1.4,0,0,1
FINNIFTY05MAR2418800PE.NFO,2024-01-24,12:08:00,2024-03-05,1.4,1.4,1.4,1.4,0,0,1
FINNIFTY05MAR2418800PE.NFO,2024-01-24,12:09:00,2024-03-05,1.4,1.4,1.4,1.4,0,0,1
FINNIFTY05MAR2418800PE.NFO,2024-01-24,12:10:00,2024-03-05,1.4,1.4,1.4,1.4,0,0,1
FINNIFTY05MAR2418800PE.NFO,2024-01-24,12:11:00,2024-03-05,1.4,1.4,1.4,1.4,0,0,1
FINNIFTY05MAR2418800PE.NFO,2024-01-24,12:12:00,2024-03-05,1.4,1.4,1.4,1.4,0,0,1
FINNIFTY05MAR2418800PE.NFO,2024-01-24,12:13:00,2024-03-05,1.4,1.4,1.4,1.4,0,0,1
FINNIFTY05MAR2418800PE.NFO,2024-01-24,12:14:00,2024-03-05,1.4,1.4,1.4,1.4,0,0,1
FINNIFTY05MAR2418800PE.NFO,2024-01-24,12:15:00,2024-03-05,1.4,1.4,1.4,1.4,0,0,1
FINNIFTY05MAR2418800PE.NFO,2024-01-24,12:16:00,2024-03-05,1.4,1.4,1.4,1.4,0,0,1
FINNIFTY05MAR2418800PE.NFO,2024-01-24,12:17:00,2024-03-05,1.4,1.4,1.4,1.4,0,0,1
FINNIFTY05MAR2418800PE.NFO,2024-01-24,12:18:00,2024-03-05,1.4,1.4,1.4,1.4,0,0,1
FINNIFTY05MAR2418800PE.NFO,2024-01-24,12:19:00,2024-03-05,1.4,1.4,1.4,1.4,0,0,1
FINNIFTY05MAR2418800PE.NFO,2024-01-24,12:20:00,2024-03-05,1.4,1.4,1.4,1.4,0,0,1
FINNIFTY05MAR2418800PE.NFO,2024-01-24,12:21:00,2024-03-05,1.4,1.4,1.4,1.4,0,0,1
FINNIFTY05MAR2418800PE.NFO,2024-01-24,12:22:00,2024-03-05,1.4,1.4,1.4,1.4,0,0,1
FINNIFTY05MAR2418800PE.NFO,2024-01-24,12:23:00,2024-03-05,1.4,1.4,1.4,1.4,0,0,1
FINNIFTY05MAR2418800PE.NFO,2024-01-24,12:24:00,2024-03-05,1.4,1.4,1.4,1.4,0,0,1
FINNIFTY05MAR2418800PE.NFO,2024-01-24,12:25:00,2024-03-05,1.4,1.4,1.4,1.4,0,0,1
FINNIFTY05MAR2418800PE.NFO,2024-01-24,12:26:00,2024-03-05,1.4,1.4,1.4,1.4,0,0,1
FINNIFTY05MAR2418800PE.NFO,2024-01-24,12:27:00,2024-03-05,1.4,1.4,1.4,1.4,0,0,1
FINNIFTY05MAR2418800PE.NFO,2024-01-24,12:28:00,2024-03-05,1.4,1.4,1.4,1.4,0,0,1
FINNIFTY05MAR2418800PE.NFO,2024-01-24,12:29:00,2024-03-05,1.4,1.4,1.4,1.4,0,0,1
FINNIFTY05MAR2418800PE.NFO,2024-01-24,12:30:00,2024-03-05,1.4,1.4,1.4,1.4,0,0,1
FINNIFTY05MAR2418800PE.NFO,2024-01-24,12:31:00,2024-03-05,1.4,1.4,1.4,1.4,0,0,1
FINNIFTY05MAR2418800PE.NFO,2024-01-24,12:32:00,2024-03-05,1.4,1.4,1.4,1.4,0,0,1
FINNIFTY05MAR2418800PE.NFO,2024-01-24,12:33:00,2024-03-05,1.4,1.4,1.4,1.4,0,0,1
FINNIFTY05MAR2418800PE.NFO,2024-01-24,12:34:00,2024-03-05,1.4,1.4,1.4,1.4,0,0,1
FINNIFTY05MAR2418800PE.NFO,2024-01-24,12:35:00,2024-03-05,1.4,1.4,1.4,1.4,0,0,1
FINNIFTY05MAR2418800PE.NFO,2024-01-24,12:36:00,2024-03-05,1.4,1.4,1.4,1.4,0,0,1
FINNIFTY05MAR2418800PE.NFO,2024-01-24,12:37:00,2024-03-05,1.4,1.4,1.4,1.4,0,0,1
FINNIFTY05MAR2418800PE.NFO,2024-01-24,12:38:00,2024-03-05,1.4,1.4,1.4,1.4,0,0,1
FINNIFTY05MAR2418800PE.NFO,2024-01-24,12:39:00,2024-03-05,1.4,1.4,1.4,1.4,0,0,1
FINNIFTY05MAR2418800PE.NFO,2024-01-24,12:40:00,2024-03-05,1.4,1.4,1.4,1.4,0,0,1
FINNIFTY05MAR2418800PE.NFO,2024-01-24,12:41:00,2024-03-05,1.4,1.4,1.4,1.4,0,0,1
FINNIFTY05MAR2418800PE.NFO,2024-01-24,12:42:00,2024-03-05,1.4,1.4,1.4,1.4,0,0,1
FINNIFTY05MAR2418800PE.NFO,2024-01-24,12:43:00,2024-03-05,1.4,1.4,1.4,1.4,0,0,1
FINNIFTY05MAR2418800PE.NFO,2024-01-24,12:44:00,2024-03-05,1.4,1.4,1.4,1.4,0,0,1
FINNIFTY05MAR2418800PE.NFO,2024-01-24,12:45:00,2024-03-05,1.4,1.4,1.4,1.4,0,0,1
FINNIFTY05MAR2418800PE.NFO,2024-01-24,12:46:00,2024-03-05,1.4,1.4,1.4,1.4,0,0,1
FINNIFTY05MAR2418800PE.NFO,2024-01-24,12:47:00,2024-03-05,1.4,1.4,1.4,1.4,0,0,1
FINNIFTY05MAR2418800PE.NFO,2024-01-24,12:48:00,2024-03-05,1.4,1.4,1.4,1.4,0,0,1
FINNIFTY05MAR2418800PE.NFO,2024-01-24,12:49:00,2024-03-05,1.4,1.4,1.4,1.4,0,0,1
FINNIFTY05MAR2418800PE.NFO,2024-01-24,12:50:00,2024-03-05,1.4,1.4,1.4,1.4,0,0,1
FINNIFTY05MAR2418800PE.NFO,2024-01-24,12:51:00,2024-03-05,1.4,1.4,1.4,1.4,0,0,1
FINNIFTY05MAR2418800PE.NFO,2024-01-24,12:52:00,2024-03-05,1.4,1.4,1.4,1.4,0,0,1
FINNIFTY05MAR2418800PE.NFO,2024-01-24,12:53:00,2024-03-05,1.4,1.4,1.4,1.4,0,0,1
FINNIFTY05MAR2418800PE.NFO,2024-01-24,12:54:00,2024-03-05,1.4,1.4,1.4,1.4,0,0,1
FINNIFTY05MAR2418800PE.NFO,2024-01-24,12:55:00,2024-03-05,1.4,1.4,1.4,1.4,0,0,1
FINNIFTY05MAR2418800PE.NFO,2024-01-24,12:56:00,2024-03-05,1.4,1.4,1.4,1.4,0,0,1
FINNIFTY05MAR2418800PE.NFO,2024-01-24,12:57:00,2024-03-05,1.4,1.4,1.4,1.4,0,0,1
FINNIFTY05MAR2418800PE.NFO,2024-01-24,12:58:00,2024-03-05,1.4,1.4,1.4,1.4,0,0,1
FINNIFTY05MAR2418800PE.NFO,2024-01-24,12:59:00,2024-03-05,1.4,1.4,1.4,1.4,0,0,1
FINNIFTY05MAR2418800PE.NFO,2024-01-24,13:00:00,2024-03-05,1.4,1.4,1.4,1.4,0,0,1
FINNIFTY05MAR2418800PE.NFO,2024-01-24,13:01:00,2024-03-05,1.4,1.4,1.4,1.4,0,0,1
FINNIFTY05MAR2418800PE.NFO,2024-01-24,13:02:00,2024-03-05,1.4,1.4,1.4,1.4,0,0,1
FINNIFTY05MAR2418800PE.NFO,2024-01-24,13:03:00,2024-03-05,1.4,1.4,1.4,1.4,0,0,1
FINNIFTY05MAR2418800PE.NFO,2024-01-24,13:04:00,2024-03-05,1.4,1.4,1.4,1.4,0,0,1
FINNIFTY05MAR2418800PE.NFO,2024-01-24,13:05:00,2024-03-05,1.4,1.4,1.4,1.4,0,0,1
FINNIFTY05MAR2418800PE.NFO,2024-01-24,13:06:00,2024-03-05,1.4,1.4,1.4,1.4,0,0,1
FINNIFTY05MAR2418800PE.NFO,2024-01-24,13:07:00,2024-03-05,1.4,1.4,1.4,1.4,0,0,1
FINNIFTY05MAR2418800PE.NFO,2024-01-24,13:08:00,2024-03-05,1.4,1.4,1.4,1.4,0,0,1
FINNIFTY05MAR2418800PE.NFO,2024-01-24,13:09:00,2024-03-05,1.4,1.4,1.4,1.4,0,0,1
FINNIFTY05MAR2418800PE.NFO,2024-01-24,13:10:00,2024-03-05,1.4,1.4,1.4,1.4,0,0,1
FINNIFTY05MAR2418800PE.NFO,2024-01-24,13:11:00,2024-03-05,1.4,1.4,1.4,1.4,0,0,1
FINNIFTY05MAR2418800PE.NFO,2024-01-24,13:12:00,2024-03-05,1.4,1.4,1.4,1.4,0,0,1
FINNIFTY05MAR2418800PE.NFO,2024-01-24,13:13:00,2024-03-05,1.4,1.4,1.4,1.4,0,0,1
FINNIFTY05MAR2418800PE.NFO,2024-01-24,13:14:00,2024-03-05,1.4,1.4,1.4,1.4,0,0,1
FINNIFTY05MAR2418800PE.NFO,2024-01-24,13:15:00,2024-03-05,1.4,1.4,1.4,1.4,0,0,1
FINNIFTY05MAR2418800PE.NFO,2024-01-24,13:16:00,2024-03-05,1.4,1.4,1.4,1.4,0,0,1
FINNIFTY05MAR2418800PE.NFO,2024-01-24,13:17:00,2024-03-05,1.4,1.4,1.4,1.4,0,0,1
FINNIFTY05MAR2418800PE.NFO,2024-01-24,13:18:00,2024-03-05,1.4,1.4,1.4,1.4,0,0,1
FINNIFTY05MAR2418800PE.NFO,2024-01-24,13:19:00,2024-03-05,1.4,1.4,1.4,1.4,0,0,1
FINNIFTY05MAR2418800PE.NFO,2024-01-24,13:20:00,2024-03-05,1.4,1.4,1.4,1.4,0,0,1
FINNIFTY05MAR2418800PE.NFO,2024-01-24,13:21:00,2024-03-05,1.4,1.4,1.4,1.4,0,0,1
FINNIFTY05MAR2418800PE.NFO,2024-01-24,13:22:00,2024-03-05,1.4,1.4,1.4,1.4,0,0,1
FINNIFTY05MAR2418800PE.NFO,2024-01-24,13:23:00,2024-03-05,1.4,1.4,1.4,1.4,0,0,1
FINNIFTY05MAR2418800PE.NFO,2024-01-24,13:24:00,2024-03-05,1.4,1.4,1.4,1.4,0,0,1
FINNIFTY05MAR2418800PE.NFO,2024-01-24,13:25:00,2024-03-05,1.4,1.4,1.4,1.4,0,0,1
FINNIFTY05MAR2418800PE.NFO,2024-01-24,13:26:00,2024-03-05,1.4,1.4,1.4,1.4,0,0,1
FINNIFTY05MAR2418800PE.NFO,2024-01-24,13:27:00,2024-03-05,1.4,1.4,1.4,1.4,0,0,1
FINNIFTY05MAR2418800PE.NFO,2024-01-24,13:28:00,2024-03-05,1.4,1.4,1.4,1.4,0,0,1
FINNIFTY05MAR2418800PE.NFO,2024-01-24,13:29:00,2024-03-05,1.4,1.4,1.4,1.4,0,0,1
FINNIFTY05MAR2418800PE.NFO,2024-01-24,13:30:00,2024-03-05,1.4,1.4,1.4,1.4,0,0,1
FINNIFTY05MAR2418800PE.NFO,2024-01-24,13:31:00,2024-03-05,1.4,1.4,1.4,1.4,0,0,1
FINNIFTY05MAR2418800PE.NFO,2024-01-24,13:32:00,2024-03-05,1.4,1.4,1.4,1.4,0,0,1
FINNIFTY05MAR2418800PE.NFO,2024-01-24,13:33:00,2024-03-05,1.4,1.4,1.4,1.4,0,0,1
FINNIFTY05MAR2418800PE.NFO,2024-01-24,13:34:00,2024-03-05,1.4,1.4,1.4,1.4,0,0,1
FINNIFTY05MAR2418800PE.NFO,2024-01-24,13:35:00,2024-03-05,1.4,1.4,1.4,1.4,0,0,1
FINNIFTY05MAR2418800PE.NFO,2024-01-24,13:36:00,2024-03-05,1.4,1.4,1.4,1.4,0,0,1
FINNIFTY05MAR2418800PE.NFO,2024-01-24,13:37:00,2024-03-05,1.4,1.4,1.4,1.4,0,0,1
FINNIFTY05MAR2418800PE.NFO,2024-01-24,13:38:00,2024-03-05,1.4,1.4,1.4,1.4,0,0,1
FINNIFTY05MAR2418800PE.NFO,2024-01-24,13:39:00,2024-03-05,1.4,1.4,1.4,1.4,0,0,1
FINNIFTY05MAR2418800PE.NFO,2024-01-24,13:40:00,2024-03-05,1.4,1.4,1.4,1.4,0,0,1
FINNIFTY05MAR2418800PE.NFO,2024-01-24,13:41:00,2024-03-05,1.4,1.4,1.4,1.4,0,0,1
FINNIFTY05MAR2418800PE.NFO,2024-01-24,13:42:00,2024-03-05,1.4,1.4,1.4,1.4,0,0,1
FINNIFTY05MAR2418800PE.NFO,2024-01-24,13:43:00,2024-03-05,1.4,1.4,1.4,1.4,0,0,1
FINNIFTY05MAR2418800PE.NFO,2024-01-24,13:44:00,2024-03-05,1.4,1.4,1.4,1.4,0,0,1
FINNIFTY05MAR2418800PE.NFO,2024-01-24,13:45:00,2024-03-05,1.4,1.4,1.4,1.4,0,0,1
FINNIFTY05MAR2418800PE.NFO,2024-01-24,13:46:00,2024-03-05,1.4,1.4,1.4,1.4,0,0,1
FINNIFTY05MAR2418800PE.NFO,2024-01-24,13:47:00,2024-03-05,1.4,1.4,1.4,1.4,0,0,1
FINNIFTY05MAR2418800PE.NFO,2024-01-24,13:48:00,2024-03-05,1.4,1.4,1.4,1.4,0,0,1
FINNIFTY05MAR2418800PE.NFO,2024-01-24,13:49:00,2024-03-05,1.4,1.4,1.4,1.4,0,0,1
FINNIFTY05MAR2418800PE.NFO,2024-01-24,13:50:00,2024-03-05,1.4,1.4,1.4,1.4,0,0,1
FINNIFTY05MAR2418800PE.NFO,2024-01-24,13:51:00,2024-03-05,1.4,1.4,1.4,1.4,0,0,1
FINNIFTY05MAR2418800PE.NFO,2024-01-24,13:52:00,2024-03-05,1.4,1.4,1.4,1.4,0,0,1
FINNIFTY05MAR2418800PE.NFO,2024-01-24,13:53:00,2024-03-05,1.4,1.4,1.4,1.4,0,0,1
FINNIFTY05MAR2418800PE.NFO,2024-01-24,13:54:00,2024-03-05,1.4,1.4,1.4,1.4,0,0,1
FINNIFTY05MAR2418800PE.NFO,2024-01-24,13:55:00,2024-03-05,1.4,1.4,1.4,1.4,0,0,1
FINNIFTY05MAR2418800PE.NFO,2024-01-24,13:56:00,2024-03-05,1.4,1.4,1.4,1.4,0,0,1
FINNIFTY05MAR2418800PE.NFO,2024-01-24,13:57:00,2024-03-05,1.4,1.4,1.4,1.4,0,0,1
FINNIFTY05MAR2418800PE.NFO,2024-01-24,13:58:00,2024-03-05,1.4,1.4,1.4,1.4,0,0,1
FINNIFTY05MAR2418800PE.NFO,2024-01-24,13:59:00,2024-03-05,1.4,1.4,1.4,1.4,0,0,1
FINNIFTY05MAR2418800PE.NFO,2024-01-24,14:00:00,2024-03-05,1.4,1.4,1.4,1.4,0,0,1
FINNIFTY05MAR2418800PE.NFO,2024-01-24,14:01:00,2024-03-05,1.4,1.4,1.4,1.4,0,0,1
FINNIFTY05MAR2418800PE.NFO,2024-01-24,14:02:00,2024-03-05,1.4,1.4,1.4,1.4,0,0,1
FINNIFTY05MAR2418800PE.NFO,2024-01-24,14:03:00,2024-03-05,1.4,1.4,1.4,1.4,0,0,1
FINNIFTY05MAR2418800PE.NFO,2024-01-24,14:04:00,2024-03-05,1.4,1.4,1.4,1.4,0,0,1
FINNIFTY05MAR2418800PE.NFO,2024-01-24,14:05:00,2024-03-05,1.4,1.4,1.4,1.4,0,0,1
FINNIFTY05MAR2418800PE.NFO,2024-01-24,14:06:00,2024-03-05,1.4,1.4,1.4,1.4,0,0,1
FINNIFTY05MAR2418800PE.NFO,2024-01-24,14:07:00,2024-03-05,1.4,1.4,1.4,1.4,0,0,1
FINNIFTY05MAR2418800PE.NFO,2024-01-24,14:08:00,2024-03-05,1.4,1.4,1.4,1.4,0,0,1
FINNIFTY05MAR2418800PE.NFO,2024-01-24,14:09:00,2024-03-05,1.4,1.4,1.4,1.4,0,0,1
FINNIFTY05MAR2418800PE.NFO,2024-01-24,14:10:00,2024-03-05,1.4,1.4,1.4,1.4,0,0,1
FINNIFTY05MAR2418800PE.NFO,2024-01-24,14:11:00,2024-03-05,1.4,1.4,1.4,1.4,0,0,1
FINNIFTY05MAR2418800PE.NFO,2024-01-24,14:12:00,2024-03-05,1.4,1.4,1.4,1.4,0,0,1
FINNIFTY05MAR2418800PE.NFO,2024-01-24,14:13:00,2024-03-05,1.4,1.4,1.4,1.4,0,0,1
FINNIFTY05MAR2418800PE.NFO,2024-01-24,14:14:00,2024-03-05,1.4,1.4,1.4,1.4,0,0,1
FINNIFTY05MAR2418800PE.NFO,2024-01-24,14:15:00,2024-03-05,1.4,1.4,1.4,1.4,0,0,1
FINNIFTY05MAR2418800PE.NFO,2024-01-24,14:16:00,2024-03-05,1.4,1.4,1.4,1.4,0,0,1
FINNIFTY05MAR2418800PE.NFO,2024-01-24,14:17:00,2024-03-05,1.4,1.4,1.4,1.4,0,0,1
FINNIFTY05MAR2418800PE.NFO,2024-01-24,14:18:00,2024-03-05,1.4,1.4,1.4,1.4,0,0,1
FINNIFTY05MAR2418800PE.NFO,2024-01-24,14:19:00,2024-03-05,1.4,1.4,1.4,1.4,0,0,1
FINNIFTY05MAR2418800PE.NFO,2024-01-24,14:20:00,2024-03-05,1.4,1.4,1.4,1.4,0,0,1
FINNIFTY05MAR2418800PE.NFO,2024-01-24,14:21:00,2024-03-05,1.4,1.4,1.4,1.4,0,0,1
FINNIFTY05MAR2418800PE.NFO,2024-01-24,14:22:00,2024-03-05,1.4,1.4,1.4,1.4,0,0,1
FINNIFTY05MAR2418800PE.NFO,2024-01-24,14:23:00,2024-03-05,1.4,1.4,1.4,1.4,0,0,1
FINNIFTY05MAR2418800PE.NFO,2024-01-24,14:24:00,2024-03-05,1.4,1.4,1.4,1.4,0,0,1
FINNIFTY05MAR2418800PE.NFO,2024-01-24,14:25:00,2024-03-05,1.4,1.4,1.4,1.4,0,0,1
FINNIFTY05MAR2418800PE.NFO,2024-01-24,14:26:00,2024-03-05,1.4,1.4,1.4,1.4,0,0,1
FINNIFTY05MAR2418800PE.NFO,2024-01-24,14:27:00,2024-03-05,1.4,1.4,1.4,1.4,0,0,1
FINNIFTY05MAR2418800PE.NFO,2024-01-24,14:28:00,2024-03-05,1.4,1.4,1.4,1.4,0,0,1
FINNIFTY05MAR2418800PE.NFO,2024-01-24,14:29:00,2024-03-05,1.4,1.4,1.4,1.4,0,0,1
FINNIFTY05MAR2418800PE.NFO,2024-01-24,14:30:00,2024-03-05,1.4,1.4,1.4,1.4,0,0,1
FINNIFTY05MAR2418800PE.NFO,2024-01-24,14:31:00,2024-03-05,1.4,1.4,1.4,1.4,0,0,1
FINNIFTY05MAR2418800PE.NFO,2024-01-24,14:32:00,2024-03-05,1.4,1.4,1.4,1.4,0,0,1
FINNIFTY05MAR2418800PE.NFO,2024-01-24,14:33:00,2024-03-05,1.4,1.4,1.4,1.4,0,0,1
FINNIFTY05MAR2418800PE.NFO,2024-01-24,14:34:00,2024-03-05,1.4,1.4,1.4,1.4,0,0,1
FINNIFTY05MAR2418800PE.NFO,2024-01-24,14:35:00,2024-03-05,1.4,1.4,1.4,1.4,0,0,1
FINNIFTY05MAR2418800PE.NFO,2024-01-24,14:36:00,2024-03-05,1.4,1.4,1.4,1.4,0,0,1
FINNIFTY05MAR2418800PE.NFO,2024-01-24,14:37:00,2024-03-05,1.4,1.4,1.4,1.4,0,0,1
FINNIFTY05MAR2418800PE.NFO,2024-01-24,14:38:00,2024-03-05,1.4,1.4,1.4,1.4,0,0,1
FINNIFTY05MAR2418800PE.NFO,2024-01-24,14:39:00,2024-03-05,1.4,1.4,1.4,1.4,0,0,1
FINNIFTY05MAR2418800PE.NFO,2024-01-24,14:40:00,2024-03-05,1.4,1.4,1.4,1.4,0,0,1
FINNIFTY05MAR2418800PE.NFO,2024-01-24,14:41:00,2024-03-05,1.4,1.4,1.4,1.4,0,0,1
FINNIFTY05MAR2418800PE.NFO,2024-01-24,14:42:00,2024-03-05,1.4,1.4,1.4,1.4,0,0,1
FINNIFTY05MAR2418800PE.NFO,2024-01-24,14:43:00,2024-03-05,1.4,1.4,1.4,1.4,0,0,1
FINNIFTY05MAR2418800PE.NFO,2024-01-24,14:44:00,2024-03-05,1.4,1.4,1.4,1.4,0,0,1
FINNIFTY05MAR2418800PE.NFO,2024-01-24,14:45:00,2024-03-05,1.4,1.4,1.4,1.4,0,0,1
FINNIFTY05MAR2418800PE.NFO,2024-01-24,14:46:00,2024-03-05,1.4,1.4,1.4,1.4,0,0,1
FINNIFTY05MAR2418800PE.NFO,2024-01-24,14:47:00,2024-03-05,1.4,1.4,1.4,1.4,0,0,1
FINNIFTY05MAR2418800PE.NFO,2024-01-24,14:48:00,2024-03-05,1.4,1.4,1.4,1.4,0,0,1
FINNIFTY05MAR2418800PE.NFO,2024-01-24,14:49:00,2024-03-05,1.4,1.4,1.4,1.4,0,0,1
FINNIFTY05MAR2418800PE.NFO,2024-01-24,14:50:00,2024-03-05,1.4,1.4,1.4,1.4,0,0,1
FINNIFTY05MAR2418800PE.NFO,2024-01-24,14:51:00,2024-03-05,1.4,1.4,1.4,1.4,0,0,1
FINNIFTY05MAR2418800PE.NFO,2024-01-24,14:52:00,2024-03-05,1.4,1.4,1.4,1.4,0,0,1
FINNIFTY05MAR2418800PE.NFO,2024-01-24,14:53:00,2024-03-05,1.4,1.4,1.4,1.4,0,0,1
FINNIFTY05MAR2418800PE.NFO,2024-01-24,14:54:00,2024-03-05,1.4,1.4,1.4,1.4,0,0,1
FINNIFTY05MAR2418800PE.NFO,2024-01-24,14:55:00,2024-03-05,1.4,1.4,1.4,1.4,0,0,1
FINNIFTY05MAR2418800PE.NFO,2024-01-24,14:56:00,2024-03-05,1.4,1.4,1.4,1.4,0,0,1
FINNIFTY05MAR2418800PE.NFO,2024-01-24,14:57:00,2024-03-05,1.4,1.4,1.4,1.4,0,0,1
FINNIFTY05MAR2418800PE.NFO,2024-01-24,14:58:00,2024-03-05,1.4,1.4,1.4,1.4,0,0,1
FINNIFTY05MAR2418800PE.NFO,2024-01-24,14:59:00,2024-03-05,1.4,1.4,1.4,1.4,0,0,1
FINNIFTY05MAR2418800PE.NFO,2024-01-24,15:00:00,2024-03-05,1.4,1.4,1.4,1.4,0,0,1
FINNIFTY05MAR2418800PE.NFO,2024-01-24,15:01:00,2024-03-05,1.4,1.4,1.4,1.4,0,0,1
FINNIFTY05MAR2418800PE.NFO,2024-01-24,15:02:00,2024-03-05,1.4,1.4,1.4,1.4,0,0,1
FINNIFTY05MAR2418800PE.NFO,2024-01-24,15:03:00,2024-03-05,1.4,1.4,1.4,1.4,0,0,1
FINNIFTY05MAR2418800PE.NFO,2024-01-24,15:04:00,2024-03-05,1.4,1.4,1.4,1.4,0,0,1
FINNIFTY05MAR2418800PE.NFO,2024-01-24,15:05:00,2024-03-05,1.4,1.4,1.4,1.4,0,0,1
FINNIFTY05MAR2418800PE.NFO,2024-01-24,15:06:00,2024-03-05,1.4,1.4,1.4,1.4,0,0,1
FINNIFTY05MAR2418800PE.NFO,2024-01-24,15:07:00,2024-03-05,1.4,1.4,1.4,1.4,0,0,1
FINNIFTY05MAR2418800PE.NFO,2024-01-24,15:08:00,2024-03-05,1.4,1.4,1.4,1.4,0,0,1
FINNIFTY05MAR2418800PE.NFO,2024-01-24,15:09:00,2024-03-05,1.4,1.4,1.4,1.4,0,0,1
FINNIFTY05MAR2418800PE.NFO,2024-01-24,15:10:00,2024-03-05,1.4,1.4,1.4,1.4,0,0,1
FINNIFTY05MAR2418800PE.NFO,2024-01-24,15:11:00,2024-03-05,1.4,1.4,1.4,1.4,0,0,1
FINNIFTY05MAR2418800PE.NFO,2024-01-24,15:12:00,2024-03-05,1.4,1.4,1.4,1.4,0,0,1
FINNIFTY05MAR2418800PE.NFO,2024-01-24,15:13:00,2024-03-05,1.4,1.4,1.4,1.4,0,0,1
FINNIFTY05MAR2418800PE.NFO,2024-01-24,15:14:00,2024-03-05,1.4,1.4,1.4,1.4,0,0,1
FINNIFTY05MAR2418800PE.NFO,2024-01-24,15:15:00,2024-03-05,1.4,1.4,1.4,1.4,0,0,1
FINNIFTY05MAR2418800PE.NFO,2024-01-24,15:16:00,2024-03-05,1.4,1.4,1.4,1.4,0,0,1
FINNIFTY05MAR2418800PE.NFO,2024-01-24,15:17:00,2024-03-05,1.4,1.4,1.4,1.4,0,0,1
FINNIFTY05MAR2418800PE.NFO,2024-01-24,15:18:00,2024-03-05,1.4,1.4,1.4,1.4,0,0,1
FINNIFTY05MAR2418800PE.NFO,2024-01-24,15:19:00,2024-03-05,1.4,1.4,1.4,1.4,0,0,1
FINNIFTY05MAR2418800PE.NFO,2024-01-24,15:20:00,2024-03-05,1.4,1.4,1.4,1.4,0,0,1
FINNIFTY05MAR2418800PE.NFO,2024-01-24,15:21:00,2024-03-05,1.4,1.4,1.4,1.4,0,0,1
FINNIFTY05MAR2418800PE.NFO,2024-01-24,15:22:00,2024-03-05,1.4,1.4,1.4,1.4,0,0,1
FINNIFTY05MAR2418800PE.NFO,2024-01-24,15:23:00,2024-03-05,1.4,1.4,1.4,1.4,0,0,1
FINNIFTY05MAR2418800PE.NFO,2024-01-24,15:24:00,2024-03-05,1.4,1.4,1.4,1.4,0,0,1
FINNIFTY05MAR2418800PE.NFO,2024-01-24,15:25:00,2024-03-05,1.4,1.4,1.4,1.4,0,0,1
FINNIFTY05MAR2418800PE.NFO,2024-01-24,15:26:00,2024-03-05,1.4,1.4,1.4,1.4,0,0,1
FINNIFTY05MAR2418800PE.NFO,2024-01-24,15:27:00,2024-03-05,1.4,1.4,1.4,1.4,0,0,1
FINNIFTY05MAR2418800PE.NFO,2024-01-24,15:28:00,2024-03-05,1.4,1.4,1.4,1.4,0,0,1
FINNIFTY05MAR2418800PE.NFO,2024-01-24,15:29:00,2024-03-05,1.4,1.4,1.4,1.4,0,0,1
FINNIFTY05MAR2418800PE.NFO,2024-01-24,15:30:00,2024-03-05,1.4,1.4,1.4,1.4,0,0,1
FINNIFTY05MAR2418800PE.NFO,2024-01-25,09:15:00,2024-03-05,1.4,1.4,1.4,1.4,0,0,0
FINNIFTY05MAR2418800PE.NFO,2024-01-25,09:16:00,2024-03-05,1.4,1.4,1.4,1.4,0,0,1
FINNIFTY05MAR2418800PE.NFO,2024-01-25,09:17:00,2024-03-05,1.4,1.4,1.4,1.4,0,0,1
FINNIFTY05MAR2418800PE.NFO,2024-01-25,09:18:00,2024-03-05,1.4,1.4,1.4,1.4,0,0,1
FINNIFTY05MAR2418800PE.NFO,2024-01-25,09:19:00,2024-03-05,1.4,1.4,1.4,1.4,0,0,1
FINNIFTY05MAR2418800PE.NFO,2024-01-25,09:20:00,2024-03-05,1.4,1.4,1.4,1.4,0,0,1
FINNIFTY05MAR2418800PE.NFO,2024-01-25,09:21:00,2024-03-05,1.4,1.4,1.4,1.4,0,0,1
FINNIFTY05MAR2418800PE.NFO,2024-01-25,09:22:00,2024-03-05,1.4,1.4,1.4,1.4,0,0,1
FINNIFTY05MAR2418800PE.NFO,2024-01-25,09:23:00,2024-03-05,1.4,1.4,1.4,1.4,0,0,1
FINNIFTY05MAR2418800PE.NFO,2024-01-25,09:24:00,2024-03-05,1.4,1.4,1.4,1.4,0,0,1
FINNIFTY05MAR2418800PE.NFO,2024-01-25,09:25:00,2024-03-05,1.4,1.4,1.4,1.4,0,0,1
FINNIFTY05MAR2418800PE.NFO,2024-01-25,09:26:00,2024-03-05,1.4,1.4,1.4,1.4,0,0,1
FINNIFTY05MAR2418800PE.NFO,2024-01-25,09:27:00,2024-03-05,1.4,1.4,1.4,1.4,0,0,1
FINNIFTY05MAR2418800PE.NFO,2024-01-25,09:28:00,2024-03-05,1.4,1.4,1.4,1.4,0,0,1
FINNIFTY05MAR2418800PE.NFO,2024-01-25,09:29:00,2024-03-05,1.4,1.4,1.4,1.4,0,0,1
FINNIFTY05MAR2418800PE.NFO,2024-01-25,09:30:00,2024-03-05,1.4,1.4,1.4,1.4,0,0,1
FINNIFTY05MAR2418800PE.NFO,2024-01-25,09:31:00,2024-03-05,1.4,1.4,1.4,1.4,0,0,1
FINNIFTY05MAR2418800PE.NFO,2024-01-25,09:32:00,2024-03-05,1.4,1.4,1.4,1.4,0,0,1
FINNIFTY05MAR2418800PE.NFO,2024-01-25,09:33:00,2024-03-05,1.4,1.4,1.4,1.4,0,0,1
FINNIFTY05MAR2418800PE.NFO,2024-01-25,09:34:00,2024-03-05,1.4,1.4,1.4,1.4,0,0,1
FINNIFTY05MAR2418800PE.NFO,2024-01-25,09:35:00,2024-03-05,1.4,1.4,1.4,1.4,0,0,1
FINNIFTY05MAR2418800PE.NFO,2024-01-25,09:36:00,2024-03-05,1.4,1.4,1.4,1.4,0,0,1
FINNIFTY05MAR2418800PE.NFO,2024-01-25,09:37:00,2024-03-05,1.4,1.4,1.4,1.4,0,0,1
FINNIFTY05MAR2418800PE.NFO,2024-01-25,09:38:00,2024-03-05,1.4,1.4,1.4,1.4,0,0,1
FINNIFTY05MAR2418800PE.NFO,2024-01-25,09:39:00,2024-03-05,1.4,1.4,1.4,1.4,0,0,1
FINNIFTY05MAR2418800PE.NFO,2024-01-25,09:40:00,2024-03-05,1.4,1.4,1.4,1.4,0,0,1
FINNIFTY05MAR2418800PE.NFO,2024-01-25,09:41:00,2024-03-05,1.4,1.4,1.4,1.4,0,0,1
FINNIFTY05MAR2418800PE.NFO,2024-01-25,09:42:00,2024-03-05,1.4,1.4,1.4,1.4,0,0,1
FINNIFTY05MAR2418800PE.NFO,2024-01-25,09:43:00,2024-03-05,1.4,1.4,1.4,1.4,0,0,1
FINNIFTY05MAR2418800PE.NFO,2024-01-25,09:44:00,2024-03-05,1.4,1.4,1.4,1.4,0,0,1
FINNIFTY05MAR2418800PE.NFO,2024-01-25,09:45:00,2024-03-05,1.4,1.4,1.4,1.4,0,0,1
FINNIFTY05MAR2418800PE.NFO,2024-01-25,09:46:00,2024-03-05,1.4,1.4,1.4,1.4,0,0,1
FINNIFTY05MAR2418800PE.NFO,2024-01-25,09:47:00,2024-03-05,1.4,1.4,1.4,1.4,0,0,1
FINNIFTY05MAR2418800PE.NFO,2024-01-25,09:48:00,2024-03-05,1.4,1.4,1.4,1.4,0,0,1
FINNIFTY05MAR2418800PE.NFO,2024-01-25,09:49:00,2024-03-05,1.4,1.4,1.4,1.4,0,0,1
FINNIFTY05MAR2418800PE.NFO,2024-01-25,09:50:00,2024-03-05,1.4,1.4,1.4,1.4,0,0,1
FINNIFTY05MAR2418800PE.NFO,2024-01-25,09:51:00,2024-03-05,1.4,1.4,1.4,1.4,0,0,1
FINNIFTY05MAR2418800PE.NFO,2024-01-25,09:52:00,2024-03-05,1.4,1.4,1.4,1.4,0,0,1
FINNIFTY05MAR2418800PE.NFO,2024-01-25,09:53:00,2024-03-05,1.4,1.4,1.4,1.4,0,0,1
FINNIFTY05MAR2418800PE.NFO,2024-01-25,09:54:00,2024-03-05,1.4,1.4,1.4,1.4,0,0,1
FINNIFTY05MAR2418800PE.NFO,2024-01-25,09:55:00,2024-03-05,1.4,1.4,1.4,1.4,0,0,1
FINNIFTY05MAR2418800PE.NFO,2024-01-25,09:56:00,2024-03-05,1.4,1.4,1.4,1.4,0,0,1
FINNIFTY05MAR2418800PE.NFO,2024-01-25,09:57:00,2024-03-05,1.4,1.4,1.4,1.4,0,0,1
FINNIFTY05MAR2418800PE.NFO,2024-01-25,09:58:00,2024-03-05,1.4,1.4,1.4,1.4,0,0,1
FINNIFTY05MAR2418800PE.NFO,2024-01-25,09:59:00,2024-03-05,1.4,1.4,1.4,1.4,0,0,1
FINNIFTY05MAR2418800PE.NFO,2024-01-25,10:00:00,2024-03-05,1.4,1.4,1.4,1.4,0,0,1
FINNIFTY05MAR2418800PE.NFO,2024-01-25,10:01:00,2024-03-05,1.4,1.4,1.4,1.4,0,0,1
FINNIFTY05MAR2418800PE.NFO,2024-01-25,10:02:00,2024-03-05,1.4,1.4,1.4,1.4,0,0,1
FINNIFTY05MAR2418800PE.NFO,2024-01-25,10:03:00,2024-03-05,1.4,1.4,1.4,1.4,0,0,1
FINNIFTY05MAR2418800PE.NFO,2024-01-25,10:04:00,2024-03-05,1.4,1.4,1.4,1.4,0,0,1
FINNIFTY05MAR2418800PE.NFO,2024-01-25,10:05:00,2024-03-05,1.4,1.4,1.4,1.4,0,0,1
FINNIFTY05MAR2418800PE.NFO,2024-01-25,10:06:00,2024-03-05,1.4,1.4,1.4,1.4,0,0,1
FINNIFTY05MAR2418800PE.NFO,2024-01-25,10:07:00,2024-03-05,1.4,1.4,1.4,1.4,0,0,1
FINNIFTY05MAR2418800PE.NFO,2024-01-25,10:08:00,2024-03-05,1.4,1.4,1.4,1.4,0,0,1
FINNIFTY05MAR2418800PE.NFO,2024-01-25,10:09:00,2024-03-05,1.4,1.4,1.4,1.4,0,0,1
FINNIFTY05MAR2418800PE.NFO,2024-01-25,10:10:00,2024-03-05,1.4,1.4,1.4,1.4,0,0,1
FINNIFTY05MAR2418800PE.NFO,2024-01-25,10:11:00,2024-03-05,1.4,1.4,1.4,1.4,0,0,1
FINNIFTY05MAR2418800PE.NFO,2024-01-25,10:12:00,2024-03-05,1.4,1.4,1.4,1.4,0,0,1
FINNIFTY05MAR2418800PE.NFO,2024-01-25,10:13:00,2024-03-05,1.4,1.4,1.4,1.4,0,0,1
FINNIFTY05MAR2418800PE.NFO,2024-01-25,10:14:00,2024-03-05,1.4,1.4,1.4,1.4,0,0,1
FINNIFTY05MAR2418800PE.NFO,2024-01-25,10:15:00,2024-03-05,1.4,1.4,1.4,1.4,0,0,1
FINNIFTY05MAR2418800PE.NFO,2024-01-25,10:16:00,2024-03-05,1.4,1.4,1.4,1.4,0,0,1
FINNIFTY05MAR2418800PE.NFO,2024-01-25,10:17:00,2024-03-05,1.4,1.4,1.4,1.4,0,0,1
FINNIFTY05MAR2418800PE.NFO,2024-01-25,10:18:00,2024-03-05,1.4,1.4,1.4,1.4,0,0,1
FINNIFTY05MAR2418800PE.NFO,2024-01-25,10:19:00,2024-03-05,1.4,1.4,1.4,1.4,0,0,1
FINNIFTY05MAR2418800PE.NFO,2024-01-25,10:20:00,2024-03-05,1.4,1.4,1.4,1.4,0,0,1
FINNIFTY05MAR2418800PE.NFO,2024-01-25,10:21:00,2024-03-05,1.4,1.4,1.4,1.4,0,0,1
FINNIFTY05MAR2418800PE.NFO,2024-01-25,10:22:00,2024-03-05,1.4,1.4,1.4,1.4,0,0,1
FINNIFTY05MAR2418800PE.NFO,2024-01-25,10:23:00,2024-03-05,1.4,1.4,1.4,1.4,0,0,1
FINNIFTY05MAR2418800PE.NFO,2024-01-25,10:24:00,2024-03-05,1.4,1.4,1.4,1.4,0,0,1
FINNIFTY05MAR2418800PE.NFO,2024-01-25,10:25:00,2024-03-05,1.4,1.4,1.4,1.4,0,0,1
FINNIFTY05MAR2418800PE.NFO,2024-01-25,10:26:00,2024-03-05,1.4,1.4,1.4,1.4,0,0,1
FINNIFTY05MAR2418800PE.NFO,2024-01-25,10:27:00,2024-03-05,1.4,1.4,1.4,1.4,0,0,1
FINNIFTY05MAR2418800PE.NFO,2024-01-25,10:28:00,2024-03-05,1.4,1.4,1.4,1.4,0,0,1
FINNIFTY05MAR2418800PE.NFO,2024-01-25,10:29:00,2024-03-05,1.4,1.4,1.4,1.4,0,0,1
FINNIFTY05MAR2418800PE.NFO,2024-01-25,10:30:00,2024-03-05,1.4,1.4,1.4,1.4,0,0,1
FINNIFTY05MAR2418800PE.NFO,2024-01-25,10:31:00,2024-03-05,1.4,1.4,1.4,1.4,0,0,1
FINNIFTY05MAR2418800PE.NFO,2024-01-25,10:32:00,2024-03-05,1.4,1.4,1.4,1.4,0,0,1
FINNIFTY05MAR2418800PE.NFO,2024-01-25,10:33:00,2024-03-05,1.4,1.4,1.4,1.4,0,0,1
FINNIFTY05MAR2418800PE.NFO,2024-01-25,10:34:00,2024-03-05,1.4,1.4,1.4,1.4,0,0,1
FINNIFTY05MAR2418800PE.NFO,2024-01-25,10:35:00,2024-03-05,1.4,1.4,1.4,1.4,0,0,1
FINNIFTY05MAR2418800PE.NFO,2024-01-25,10:36:00,2024-03-05,1.4,1.4,1.4,1.4,0,0,1
FINNIFTY05MAR2418800PE.NFO,2024-01-25,10:37:00,2024-03-05,1.4,1.4,1.4,1.4,0,0,1
FINNIFTY05MAR2418800PE.NFO,2024-01-25,10:38:00,2024-03-05,1.4,1.4,1.4,1.4,0,0,1
FINNIFTY05MAR2418800PE.NFO,2024-01-25,10:39:00,2024-03-05,1.4,1.4,1.4,1.4,0,0,1
FINNIFTY05MAR2418800PE.NFO,2024-01-25,10:40:00,2024-03-05,1.4,1.4,1.4,1.4,0,0,1
FINNIFTY05MAR2418800PE.NFO,2024-01-25,10:41:00,2024-03-05,1.4,1.4,1.4,1.4,0,0,1
FINNIFTY05MAR2418800PE.NFO,2024-01-25,10:42:00,2024-03-05,1.4,1.4,1.4,1.4,0,0,1
FINNIFTY05MAR2418800PE.NFO,2024-01-25,10:43:00,2024-03-05,1.4,1.4,1.4,1.4,0,0,1
FINNIFTY05MAR2418800PE.NFO,2024-01-25,10:44:00,2024-03-05,1.4,1.4,1.4,1.4,0,0,1
FINNIFTY05MAR2418800PE.NFO,2024-01-25,10:45:00,2024-03-05,1.4,1.4,1.4,1.4,0,0,1
FINNIFTY05MAR2418800PE.NFO,2024-01-25,10:46:00,2024-03-05,1.4,1.4,1.4,1.4,0,0,1
FINNIFTY05MAR2418800PE.NFO,2024-01-25,10:47:00,2024-03-05,1.4,1.4,1.4,1.4,0,0,1
FINNIFTY05MAR2418800PE.NFO,2024-01-25,10:48:00,2024-03-05,1.4,1.4,1.4,1.4,0,0,1
FINNIFTY05MAR2418800PE.NFO,2024-01-25,10:49:00,2024-03-05,1.4,1.4,1.4,1.4,0,0,1
FINNIFTY05MAR2418800PE.NFO,2024-01-25,10:50:00,2024-03-05,1.4,1.4,1.4,1.4,0,0,1
FINNIFTY05MAR2418800PE.NFO,2024-01-25,10:51:00,2024-03-05,1.4,1.4,1.4,1.4,0,0,1
FINNIFTY05MAR2418800PE.NFO,2024-01-25,10:52:00,2024-03-05,1.4,1.4,1.4,1.4,0,0,1
FINNIFTY05MAR2418800PE.NFO,2024-01-25,10:53:00,2024-03-05,1.4,1.4,1.4,1.4,0,0,1
FINNIFTY05MAR2418800PE.NFO,2024-01-25,10:54:00,2024-03-05,1.4,1.4,1.4,1.4,0,0,1
FINNIFTY05MAR2418800PE.NFO,2024-01-25,10:55:00,2024-03-05,1.4,1.4,1.4,1.4,0,0,1
FINNIFTY05MAR2418800PE.NFO,2024-01-25,10:56:00,2024-03-05,1.4,1.4,1.4,1.4,0,0,1
FINNIFTY05MAR2418800PE.NFO,2024-01-25,10:57:00,2024-03-05,1.4,1.4,1.4,1.4,0,0,1
FINNIFTY05MAR2418800PE.NFO,2024-01-25,10:58:00,2024-03-05,1.4,1.4,1.4,1.4,0,0,1
FINNIFTY05MAR2418800PE.NFO,2024-01-25,10:59:00,2024-03-05,1.4,1.4,1.4,1.4,0,0,1
FINNIFTY05MAR2418800PE.NFO,2024-01-25,11:00:00,2024-03-05,1.4,1.4,1.4,1.4,0,0,1
FINNIFTY05MAR2418800PE.NFO,2024-01-25,11:01:00,2024-03-05,1.4,1.4,1.4,1.4,0,0,1
FINNIFTY05MAR2418800PE.NFO,2024-01-25,11:02:00,2024-03-05,1.4,1.4,1.4,1.4,0,0,1
FINNIFTY05MAR2418800PE.NFO,2024-01-25,11:03:00,2024-03-05,1.4,1.4,1.4,1.4,0,0,1
FINNIFTY05MAR2418800PE.NFO,2024-01-25,11:04:00,2024-03-05,1.4,1.4,1.4,1.4,0,0,1
FINNIFTY05MAR2418800PE.NFO,2024-01-25,11:05:00,2024-03-05,1.4,1.4,1.4,1.4,0,0,1
FINNIFTY05MAR2418800PE.NFO,2024-01-25,11:06:00,2024-03-05,1.4,1.4,1.4,1.4,0,0,1
FINNIFTY05MAR2418800PE.NFO,2024-01-25,11:07:00,2024-03-05,1.4,1.4,1.4,1.4,0,0,1
FINNIFTY05MAR2418800PE.NFO,2024-01-25,11:08:00,2024-03-05,1.4,1.4,1.4,1.4,0,0,1
FINNIFTY05MAR2418800PE.NFO,2024-01-25,11:09:00,2024-03-05,1.4,1.4,1.4,1.4,0,0,1
FINNIFTY05MAR2418800PE.NFO,2024-01-25,11:10:00,2024-03-05,1.4,1.4,1.4,1.4,0,0,1
FINNIFTY05MAR2418800PE.NFO,2024-01-25,11:11:00,2024-03-05,1.4,1.4,1.4,1.4,0,0,1
FINNIFTY05MAR2418800PE.NFO,2024-01-25,11:12:00,2024-03-05,1.4,1.4,1.4,1.4,0,0,1
FINNIFTY05MAR2418800PE.NFO,2024-01-25,11:13:00,2024-03-05,1.4,1.4,1.4,1.4,0,0,1
FINNIFTY05MAR2418800PE.NFO,2024-01-25,11:14:00,2024-03-05,1.4,1.4,1.4,1.4,0,0,1
FINNIFTY05MAR2418800PE.NFO,2024-01-25,11:15:00,2024-03-05,1.4,1.4,1.4,1.4,0,0,1
FINNIFTY05MAR2418800PE.NFO,2024-01-25,11:16:00,2024-03-05,1.4,1.4,1.4,1.4,0,0,1
FINNIFTY05MAR2418800PE.NFO,2024-01-25,11:17:00,2024-03-05,1.4,1.4,1.4,1.4,0,0,1
FINNIFTY05MAR2418800PE.NFO,2024-01-25,11:18:00,2024-03-05,1.4,1.4,1.4,1.4,0,0,1
FINNIFTY05MAR2418800PE.NFO,2024-01-25,11:19:00,2024-03-05,1.4,1.4,1.4,1.4,0,0,1
FINNIFTY05MAR2418800PE.NFO,2024-01-25,11:20:00,2024-03-05,1.4,1.4,1.4,1.4,0,0,1
FINNIFTY05MAR2418800PE.NFO,2024-01-25,11:21:00,2024-03-05,1.4,1.4,1.4,1.4,0,0,1
FINNIFTY05MAR2418800PE.NFO,2024-01-25,11:22:00,2024-03-05,1.4,1.4,1.4,1.4,0,0,1
FINNIFTY05MAR2418800PE.NFO,2024-01-25,11:23:00,2024-03-05,1.4,1.4,1.4,1.4,0,0,1
FINNIFTY05MAR2418800PE.NFO,2024-01-25,11:24:00,2024-03-05,1.4,1.4,1.4,1.4,0,0,1
FINNIFTY05MAR2418800PE.NFO,2024-01-25,11:25:00,2024-03-05,1.4,1.4,1.4,1.4,0,0,1
FINNIFTY05MAR2418800PE.NFO,2024-01-25,11:26:00,2024-03-05,1.4,1.4,1.4,1.4,0,0,1
FINNIFTY05MAR2418800PE.NFO,2024-01-25,11:27:00,2024-03-05,1.4,1.4,1.4,1.4,0,0,1
FINNIFTY05MAR2418800PE.NFO,2024-01-25,11:28:00,2024-03-05,1.4,1.4,1.4,1.4,0,0,1
FINNIFTY05MAR2418800PE.NFO,2024-01-25,11:29:00,2024-03-05,1.4,1.4,1.4,1.4,0,0,1
FINNIFTY05MAR2418800PE.NFO,2024-01-25,11:30:00,2024-03-05,1.4,1.4,1.4,1.4,0,0,1
FINNIFTY05MAR2418800PE.NFO,2024-01-25,11:31:00,2024-03-05,1.4,1.4,1.4,1.4,0,0,1
FINNIFTY05MAR2418800PE.NFO,2024-01-25,11:32:00,2024-03-05,1.4,1.4,1.4,1.4,0,0,1
FINNIFTY05MAR2418800PE.NFO,2024-01-25,11:33:00,2024-03-05,1.4,1.4,1.4,1.4,0,0,1
FINNIFTY05MAR2418800PE.NFO,2024-01-25,11:34:00,2024-03-05,1.4,1.4,1.4,1.4,0,0,1
FINNIFTY05MAR2418800PE.NFO,2024-01-25,11:35:00,2024-03-05,1.4,1.4,1.4,1.4,0,0,1
FINNIFTY05MAR2418800PE.NFO,2024-01-25,11:36:00,2024-03-05,1.4,1.4,1.4,1.4,0,0,1
FINNIFTY05MAR2418800PE.NFO,2024-01-25,11:37:00,2024-03-05,1.4,1.4,1.4,1.4,0,0,1
FINNIFTY05MAR2418800PE.NFO,2024-01-25,11:38:00,2024-03-05,1.4,1.4,1.4,1.4,0,0,1
FINNIFTY05MAR2418800PE.NFO,2024-01-25,11:39:00,2024-03-05,1.4,1.4,1.4,1.4,0,0,1
FINNIFTY05MAR2418800PE.NFO,2024-01-25,11:40:00,2024-03-05,1.4,1.4,1.4,1.4,0,0,1
FINNIFTY05MAR2418800PE.NFO,2024-01-25,11:41:00,2024-03-05,1.4,1.4,1.4,1.4,0,0,1
FINNIFTY05MAR2418800PE.NFO,2024-01-25,11:42:00,2024-03-05,1.4,1.4,1.4,1.4,0,0,1
FINNIFTY05MAR2418800PE.NFO,2024-01-25,11:43:00,2024-03-05,1.4,1.4,1.4,1.4,0,0,1
FINNIFTY05MAR2418800PE.NFO,2024-01-25,11:44:00,2024-03-05,1.4,1.4,1.4,1.4,0,0,1
FINNIFTY05MAR2418800PE.NFO,2024-01-25,11:45:00,2024-03-05,1.4,1.4,1.4,1.4,0,0,1
FINNIFTY05MAR2418800PE.NFO,2024-01-25,11:46:00,2024-03-05,1.4,1.4,1.4,1.4,0,0,1
FINNIFTY05MAR2418800PE.NFO,2024-01-25,11:47:00,2024-03-05,1.4,1.4,1.4,1.4,0,0,1
FINNIFTY05MAR2418800PE.NFO,2024-01-25,11:48:00,2024-03-05,1.4,1.4,1.4,1.4,0,0,1
FINNIFTY05MAR2418800PE.NFO,2024-01-25,11:49:00,2024-03-05,1.4,1.4,1.4,1.4,0,0,1
FINNIFTY05MAR2418800PE.NFO,2024-01-25,11:50:00,2024-03-05,1.4,1.4,1.4,1.4,0,0,1
FINNIFTY05MAR2418800PE.NFO,2024-01-25,11:51:00,2024-03-05,1.4,1.4,1.4,1.4,0,0,1
FINNIFTY05MAR2418800PE.NFO,2024-01-25,11:52:00,2024-03-05,1.4,1.4,1.4,1.4,0,0,1
FINNIFTY05MAR2418800PE.NFO,2024-01-25,11:53:00,2024-03-05,1.4,1.4,1.4,1.4,0,0,1
FINNIFTY05MAR2418800PE.NFO,2024-01-25,11:54:00,2024-03-05,1.4,1.4,1.4,1.4,0,0,1
FINNIFTY05MAR2418800PE.NFO,2024-01-25,11:55:00,2024-03-05,1.4,1.4,1.4,1.4,0,0,1
FINNIFTY05MAR2418800PE.NFO,2024-01-25,11:56:00,2024-03-05,1.4,1.4,1.4,1.4,0,0,1
FINNIFTY05MAR2418800PE.NFO,2024-01-25,11:57:00,2024-03-05,1.4,1.4,1.4,1.4,0,0,1
FINNIFTY05MAR2418800PE.NFO,2024-01-25,11:58:00,2024-03-05,1.4,1.4,1.4,1.4,0,0,1
FINNIFTY05MAR2418800PE.NFO,2024-01-25,11:59:00,2024-03-05,1.4,1.4,1.4,1.4,0,0,1
FINNIFTY05MAR2418800PE.NFO,2024-01-25,12:00:00,2024-03-05,1.4,1.4,1.4,1.4,0,0,1
FINNIFTY05MAR2418800PE.NFO,2024-01-25,12:01:00,2024-03-05,1.4,1.4,1.4,1.4,0,0,1
FINNIFTY05MAR2418800PE.NFO,2024-01-25,12:02:00,2024-03-05,1.4,1.4,1.4,1.4,0,0,1
FINNIFTY05MAR2418800PE.NFO,2024-01-25,12:03:00,2024-03-05,1.4,1.4,1.4,1.4,0,0,1
FINNIFTY05MAR2418800PE.NFO,2024-01-25,12:04:00,2024-03-05,1.4,1.4,1.4,1.4,0,0,1
FINNIFTY05MAR2418800PE.NFO,2024-01-25,12:05:00,2024-03-05,1.4,1.4,1.4,1.4,0,0,1
FINNIFTY05MAR2418800PE.NFO,2024-01-25,12:06:00,2024-03-05,1.4,1.4,1.4,1.4,0,0,1
FINNIFTY05MAR2418800PE.NFO,2024-01-25,12:07:00,2024-03-05,1.4,1.4,1.4,1.4,0,0,1
FINNIFTY05MAR2418800PE.NFO,2024-01-25,12:08:00,2024-03-05,1.4,1.4,1.4,1.4,0,0,1
FINNIFTY05MAR2418800PE.NFO,2024-01-25,12:09:00,2024-03-05,1.4,1.4,1.4,1.4,0,0,1
FINNIFTY05MAR2418800PE.NFO,2024-01-25,12:10:00,2024-03-05,1.4,1.4,1.4,1.4,0,0,1
FINNIFTY05MAR2418800PE.NFO,2024-01-25,12:11:00,2024-03-05,1.4,1.4,1.4,1.4,0,0,1
FINNIFTY05MAR2418800PE.NFO,2024-01-25,12:12:00,2024-03-05,1.4,1.4,1.4,1.4,0,0,1
FINNIFTY05MAR2418800PE.NFO,2024-01-25,12:13:00,2024-03-05,1.4,1.4,1.4,1.4,0,0,1
FINNIFTY05MAR2418800PE.NFO,2024-01-25,12:14:00,2024-03-05,1.4,1.4,1.4,1.4,0,0,1
FINNIFTY05MAR2418800PE.NFO,2024-01-25,12:15:00,2024-03-05,1.4,1.4,1.4,1.4,0,0,1
FINNIFTY05MAR2418800PE.NFO,2024-01-25,12:16:00,2024-03-05,1.4,1.4,1.4,1.4,0,0,1
FINNIFTY05MAR2418800PE.NFO,2024-01-25,12:17:00,2024-03-05,1.4,1.4,1.4,1.4,0,0,1
FINNIFTY05MAR2418800PE.NFO,2024-01-25,12:18:00,2024-03-05,1.4,1.4,1.4,1.4,0,0,1
FINNIFTY05MAR2418800PE.NFO,2024-01-25,12:19:00,2024-03-05,1.4,1.4,1.4,1.4,0,0,1
FINNIFTY05MAR2418800PE.NFO,2024-01-25,12:20:00,2024-03-05,1.4,1.4,1.4,1.4,0,0,1
FINNIFTY05MAR2418800PE.NFO,2024-01-25,12:21:00,2024-03-05,1.4,1.4,1.4,1.4,0,0,1
FINNIFTY05MAR2418800PE.NFO,2024-01-25,12:22:00,2024-03-05,1.4,1.4,1.4,1.4,0,0,1
FINNIFTY05MAR2418800PE.NFO,2024-01-25,12:23:00,2024-03-05,1.4,1.4,1.4,1.4,0,0,1
FINNIFTY05MAR2418800PE.NFO,2024-01-25,12:24:00,2024-03-05,1.4,1.4,1.4,1.4,0,0,1
FINNIFTY05MAR2418800PE.NFO,2024-01-25,12:25:00,2024-03-05,1.4,1.4,1.4,1.4,0,0,1
FINNIFTY05MAR2418800PE.NFO,2024-01-25,12:26:00,2024-03-05,1.4,1.4,1.4,1.4,0,0,1
FINNIFTY05MAR2418800PE.NFO,2024-01-25,12:27:00,2024-03-05,1.4,1.4,1.4,1.4,0,0,1
FINNIFTY05MAR2418800PE.NFO,2024-01-25,12:28:00,2024-03-05,1.4,1.4,1.4,1.4,0,0,1
FINNIFTY05MAR2418800PE.NFO,2024-01-25,12:29:00,2024-03-05,1.4,1.4,1.4,1.4,0,0,1
FINNIFTY05MAR2418800PE.NFO,2024-01-25,12:30:00,2024-03-05,1.4,1.4,1.4,1.4,0,0,1
FINNIFTY05MAR2418800PE.NFO,2024-01-25,12:31:00,2024-03-05,1.4,1.4,1.4,1.4,0,0,1
FINNIFTY05MAR2418800PE.NFO,2024-01-25,12:32:00,2024-03-05,1.4,1.4,1.4,1.4,0,0,1
FINNIFTY05MAR2418800PE.NFO,2024-01-25,12:33:00,2024-03-05,1.4,1.4,1.4,1.4,0,0,1
FINNIFTY05MAR2418800PE.NFO,2024-01-25,12:34:00,2024-03-05,1.4,1.4,1.4,1.4,0,0,1
FINNIFTY05MAR2418800PE.NFO,2024-01-25,12:35:00,2024-03-05,1.4,1.4,1.4,1.4,0,0,1
FINNIFTY05MAR2418800PE.NFO,2024-01-25,12:36:00,2024-03-05,1.4,1.4,1.4,1.4,0,0,1
FINNIFTY05MAR2418800PE.NFO,2024-01-25,12:37:00,2024-03-05,1.4,1.4,1.4,1.4,0,0,1
FINNIFTY05MAR2418800PE.NFO,2024-01-25,12:38:00,2024-03-05,1.4,1.4,1.4,1.4,0,0,1
FINNIFTY05MAR2418800PE.NFO,2024-01-25,12:39:00,2024-03-05,1.4,1.4,1.4,1.4,0,0,1
FINNIFTY05MAR2418800PE.NFO,2024-01-25,12:40:00,2024-03-05,1.4,1.4,1.4,1.4,0,0,1
FINNIFTY05MAR2418800PE.NFO,2024-01-25,12:41:00,2024-03-05,1.4,1.4,1.4,1.4,0,0,1
FINNIFTY05MAR2418800PE.NFO,2024-01-25,12:42:00,2024-03-05,1.4,1.4,1.4,1.4,0,0,1
FINNIFTY05MAR2418800PE.NFO,2024-01-25,12:43:00,2024-03-05,1.4,1.4,1.4,1.4,0,0,1
FINNIFTY05MAR2418800PE.NFO,2024-01-25,12:44:00,2024-03-05,1.4,1.4,1.4,1.4,0,0,1
FINNIFTY05MAR2418800PE.NFO,2024-01-25,12:45:00,2024-03-05,1.4,1.4,1.4,1.4,0,0,1
FINNIFTY05MAR2418800PE.NFO,2024-01-25,12:46:00,2024-03-05,1.4,1.4,1.4,1.4,0,0,1
FINNIFTY05MAR2418800PE.NFO,2024-01-25,12:47:00,2024-03-05,1.4,1.4,1.4,1.4,0,0,1
FINNIFTY05MAR2418800PE.NFO,2024-01-25,12:48:00,2024-03-05,1.4,1.4,1.4,1.4,0,0,1
FINNIFTY05MAR2418800PE.NFO,2024-01-25,12:49:00,2024-03-05,1.4,1.4,1.4,1.4,0,0,1
FINNIFTY05MAR2418800PE.NFO,2024-01-25,12:50:00,2024-03-05,1.4,1.4,1.4,1.4,0,0,1
FINNIFTY05MAR2418800PE.NFO,2024-01-25,12:51:00,2024-03-05,1.4,1.4,1.4,1.4,0,0,1
FINNIFTY05MAR2418800PE.NFO,2024-01-25,12:52:00,2024-03-05,1.4,1.4,1.4,1.4,0,0,1
FINNIFTY05MAR2418800PE.NFO,2024-01-25,12:53:00,2024-03-05,1.4,1.4,1.4,1.4,0,0,1
FINNIFTY05MAR2418800PE.NFO,2024-01-25,12:54:00,2024-03-05,1.4,1.4,1.4,1.4,0,0,1
FINNIFTY05MAR2418800PE.NFO,2024-01-25,12:55:00,2024-03-05,1.4,1.4,1.4,1.4,0,0,1
FINNIFTY05MAR2418800PE.NFO,2024-01-25,12:56:00,2024-03-05,1.4,1.4,1.4,1.4,0,0,1
FINNIFTY05MAR2418800PE.NFO,2024-01-25,12:57:00,2024-03-05,1.4,1.4,1.4,1.4,0,0,1
FINNIFTY05MAR2418800PE.NFO,2024-01-25,12:58:00,2024-03-05,1.4,1.4,1.4,1.4,0,0,1
FINNIFTY05MAR2418800PE.NFO,2024-01-25,12:59:00,2024-03-05,1.4,1.4,1.4,1.4,0,0,1
FINNIFTY05MAR2418800PE.NFO,2024-01-25,13:00:00,2024-03-05,1.4,1.4,1.4,1.4,0,0,1
FINNIFTY05MAR2418800PE.NFO,2024-01-25,13:01:00,2024-03-05,1.4,1.4,1.4,1.4,0,0,1
FINNIFTY05MAR2418800PE.NFO,2024-01-25,13:02:00,2024-03-05,1.4,1.4,1.4,1.4,0,0,1
FINNIFTY05MAR2418800PE.NFO,2024-01-25,13:03:00,2024-03-05,1.4,1.4,1.4,1.4,0,0,1
FINNIFTY05MAR2418800PE.NFO,2024-01-25,13:04:00,2024-03-05,1.4,1.4,1.4,1.4,0,0,1
FINNIFTY05MAR2418800PE.NFO,2024-01-25,13:05:00,2024-03-05,1.4,1.4,1.4,1.4,0,0,1
FINNIFTY05MAR2418800PE.NFO,2024-01-25,13:06:00,2024-03-05,1.4,1.4,1.4,1.4,0,0,1
FINNIFTY05MAR2418800PE.NFO,2024-01-25,13:07:00,2024-03-05,1.4,1.4,1.4,1.4,0,0,1
FINNIFTY05MAR2418800PE.NFO,2024-01-25,13:08:00,2024-03-05,1.4,1.4,1.4,1.4,0,0,1
FINNIFTY05MAR2418800PE.NFO,2024-01-25,13:09:00,2024-03-05,1.4,1.4,1.4,1.4,0,0,1
FINNIFTY05MAR2418800PE.NFO,2024-01-25,13:10:00,2024-03-05,1.4,1.4,1.4,1.4,0,0,1
FINNIFTY05MAR2418800PE.NFO,2024-01-25,13:11:00,2024-03-05,1.4,1.4,1.4,1.4,0,0,1
FINNIFTY05MAR2418800PE.NFO,2024-01-25,13:12:00,2024-03-05,1.4,1.4,1.4,1.4,0,0,1
FINNIFTY05MAR2418800PE.NFO,2024-01-25,13:13:00,2024-03-05,1.4,1.4,1.4,1.4,0,0,1
FINNIFTY05MAR2418800PE.NFO,2024-01-25,13:14:00,2024-03-05,1.4,1.4,1.4,1.4,0,0,1
FINNIFTY05MAR2418800PE.NFO,2024-01-25,13:15:00,2024-03-05,1.4,1.4,1.4,1.4,0,0,1
FINNIFTY05MAR2418800PE.NFO,2024-01-25,13:16:00,2024-03-05,1.4,1.4,1.4,1.4,0,0,1
FINNIFTY05MAR2418800PE.NFO,2024-01-25,13:17:00,2024-03-05,1.4,1.4,1.4,1.4,0,0,1
FINNIFTY05MAR2418800PE.NFO,2024-01-25,13:18:00,2024-03-05,1.4,1.4,1.4,1.4,0,0,1
FINNIFTY05MAR2418800PE.NFO,2024-01-25,13:19:00,2024-03-05,1.4,1.4,1.4,1.4,0,0,1
FINNIFTY05MAR2418800PE.NFO,2024-01-25,13:20:00,2024-03-05,1.4,1.4,1.4,1.4,0,0,1
FINNIFTY05MAR2418800PE.NFO,2024-01-25,13:21:00,2024-03-05,1.4,1.4,1.4,1.4,0,0,1
FINNIFTY05MAR2418800PE.NFO,2024-01-25,13:22:00,2024-03-05,1.4,1.4,1.4,1.4,0,0,1
FINNIFTY05MAR2418800PE.NFO,2024-01-25,13:23:00,2024-03-05,1.4,1.4,1.4,1.4,0,0,1
FINNIFTY05MAR2418800PE.NFO,2024-01-25,13:24:00,2024-03-05,1.4,1.4,1.4,1.4,0,0,1
FINNIFTY05MAR2418800PE.NFO,2024-01-25,13:25:00,2024-03-05,1.4,1.4,1.4,1.4,0,0,1
FINNIFTY05MAR2418800PE.NFO,2024-01-25,13:26:00,2024-03-05,1.4,1.4,1.4,1.4,0,0,1
FINNIFTY05MAR2418800PE.NFO,2024-01-25,13:27:00,2024-03-05,1.4,1.4,1.4,1.4,0,0,1
FINNIFTY05MAR2418800PE.NFO,2024-01-25,13:28:00,2024-03-05,1.4,1.4,1.4,1.4,0,0,1
FINNIFTY05MAR2418800PE.NFO,2024-01-25,13:29:00,2024-03-05,1.4,1.4,1.4,1.4,0,0,1
FINNIFTY05MAR2418800PE.NFO,2024-01-25,13:30:00,2024-03-05,1.4,1.4,1.4,1.4,0,0,1
FINNIFTY05MAR2418800PE.NFO,2024-01-25,13:31:00,2024-03-05,1.4,1.4,1.4,1.4,0,0,1
FINNIFTY05MAR2418800PE.NFO,2024-01-25,13:32:00,2024-03-05,1.4,1.4,1.4,1.4,0,0,1
FINNIFTY05MAR2418800PE.NFO,2024-01-25,13:33:00,2024-03-05,1.4,1.4,1.4,1.4,0,0,1
FINNIFTY05MAR2418800PE.NFO,2024-01-25,13:34:00,2024-03-05,1.4,1.4,1.4,1.4,0,0,1
FINNIFTY05MAR2418800PE.NFO,2024-01-25,13:35:00,2024-03-05,1.4,1.4,1.4,1.4,0,0,1
FINNIFTY05MAR2418800PE.NFO,2024-01-25,13:36:00,2024-03-05,1.4,1.4,1.4,1.4,0,0,1
FINNIFTY05MAR2418800PE.NFO,2024-01-25,13:37:00,2024-03-05,1.4,1.4,1.4,1.4,0,0,1
FINNIFTY05MAR2418800PE.NFO,2024-01-25,13:38:00,2024-03-05,1.4,1.4,1.4,1.4,0,0,1
FINNIFTY05MAR2418800PE.NFO,2024-01-25,13:39:00,2024-03-05,1.4,1.4,1.4,1.4,0,0,1
FINNIFTY05MAR2418800PE.NFO,2024-01-25,13:40:00,2024-03-05,1.4,1.4,1.4,1.4,0,0,1
FINNIFTY05MAR2418800PE.NFO,2024-01-25,13:41:00,2024-03-05,1.4,1.4,1.4,1.4,0,0,1
FINNIFTY05MAR2418800PE.NFO,2024-01-25,13:42:00,2024-03-05,1.4,1.4,1.4,1.4,0,0,1
FINNIFTY05MAR2418800PE.NFO,2024-01-25,13:43:00,2024-03-05,1.4,1.4,1.4,1.4,0,0,1
FINNIFTY05MAR2418800PE.NFO,2024-01-25,13:44:00,2024-03-05,1.4,1.4,1.4,1.4,0,0,1
FINNIFTY05MAR2418800PE.NFO,2024-01-25,13:45:00,2024-03-05,1.4,1.4,1.4,1.4,0,0,1
FINNIFTY05MAR2418800PE.NFO,2024-01-25,13:46:00,2024-03-05,1.4,1.4,1.4,1.4,0,0,1
FINNIFTY05MAR2418800PE.NFO,2024-01-25,13:47:00,2024-03-05,1.4,1.4,1.4,1.4,0,0,1
FINNIFTY05MAR2418800PE.NFO,2024-01-25,13:48:00,2024-03-05,1.4,1.4,1.4,1.4,0,0,1
FINNIFTY05MAR2418800PE.NFO,2024-01-25,13:49:00,2024-03-05,1.4,1.4,1.4,1.4,0,0,1
FINNIFTY05MAR2418800PE.NFO,2024-01-25,13:50:00,2024-03-05,1.4,1.4,1.4,1.4,0,0,1
FINNIFTY05MAR2418800PE.NFO,2024-01-25,13:51:00,2024-03-05,1.4,1.4,1.4,1.4,0,0,1
FINNIFTY05MAR2418800PE.NFO,2024-01-25,13:52:00,2024-03-05,1.4,1.4,1.4,1.4,0,0,1
FINNIFTY05MAR2418800PE.NFO,2024-01-25,13:53:00,2024-03-05,1.4,1.4,1.4,1.4,0,0,1
FINNIFTY05MAR2418800PE.NFO,2024-01-25,13:54:00,2024-03-05,1.4,1.4,1.4,1.4,0,0,1
FINNIFTY05MAR2418800PE.NFO,2024-01-25,13:55:00,2024-03-05,1.4,1.4,1.4,1.4,0,0,1
FINNIFTY05MAR2418800PE.NFO,2024-01-25,13:56:00,2024-03-05,1.4,1.4,1.4,1.4,0,0,1
FINNIFTY05MAR2418800PE.NFO,2024-01-25,13:57:00,2024-03-05,1.4,1.4,1.4,1.4,0,0,1
FINNIFTY05MAR2418800PE.NFO,2024-01-25,13:58:00,2024-03-05,1.4,1.4,1.4,1.4,0,0,1
FINNIFTY05MAR2418800PE.NFO,2024-01-25,13:59:00,2024-03-05,1.4,1.4,1.4,1.4,0,0,1
FINNIFTY05MAR2418800PE.NFO,2024-01-25,14:00:00,2024-03-05,1.4,1.4,1.4,1.4,0,0,1
FINNIFTY05MAR2418800PE.NFO,2024-01-25,14:01:00,2024-03-05,1.4,1.4,1.4,1.4,0,0,1
FINNIFTY05MAR2418800PE.NFO,2024-01-25,14:02:00,2024-03-05,1.4,1.4,1.4,1.4,0,0,1
FINNIFTY05MAR2418800PE.NFO,2024-01-25,14:03:00,2024-03-05,1.4,1.4,1.4,1.4,0,0,1
FINNIFTY05MAR2418800PE.NFO,2024-01-25,14:04:00,2024-03-05,1.4,1.4,1.4,1.4,0,0,1
FINNIFTY05MAR2418800PE.NFO,2024-01-25,14:05:00,2024-03-05,1.4,1.4,1.4,1.4,0,0,1
FINNIFTY05MAR2418800PE.NFO,2024-01-25,14:06:00,2024-03-05,1.4,1.4,1.4,1.4,0,0,1
FINNIFTY05MAR2418800PE.NFO,2024-01-25,14:07:00,2024-03-05,1.4,1.4,1.4,1.4,0,0,1
FINNIFTY05MAR2418800PE.NFO,2024-01-25,14:08:00,2024-03-05,1.4,1.4,1.4,1.4,0,0,1
FINNIFTY05MAR2418800PE.NFO,2024-01-25,14:09:00,2024-03-05,1.4,1.4,1.4,1.4,0,0,1
FINNIFTY05MAR2418800PE.NFO,2024-01-25,14:10:00,2024-03-05,1.4,1.4,1.4,1.4,0,0,1
FINNIFTY05MAR2418800PE.NFO,2024-01-25,14:11:00,2024-03-05,1.4,1.4,1.4,1.4,0,0,1
FINNIFTY05MAR2418800PE.NFO,2024-01-25,14:12:00,2024-03-05,1.4,1.4,1.4,1.4,0,0,1
FINNIFTY05MAR2418800PE.NFO,2024-01-25,14:13:00,2024-03-05,1.4,1.4,1.4,1.4,0,0,1
FINNIFTY05MAR2418800PE.NFO,2024-01-25,14:14:00,2024-03-05,1.4,1.4,1.4,1.4,0,0,1
FINNIFTY05MAR2418800PE.NFO,2024-01-25,14:15:00,2024-03-05,1.4,1.4,1.4,1.4,0,0,1
FINNIFTY05MAR2418800PE.NFO,2024-01-25,14:16:00,2024-03-05,1.4,1.4,1.4,1.4,0,0,1
FINNIFTY05MAR2418800PE.NFO,2024-01-25,14:17:00,2024-03-05,1.4,1.4,1.4,1.4,0,0,1
FINNIFTY05MAR2418800PE.NFO,2024-01-25,14:18:00,2024-03-05,1.4,1.4,1.4,1.4,0,0,1
FINNIFTY05MAR2418800PE.NFO,2024-01-25,14:19:00,2024-03-05,1.4,1.4,1.4,1.4,0,0,1
FINNIFTY05MAR2418800PE.NFO,2024-01-25,14:20:00,2024-03-05,1.4,1.4,1.4,1.4,0,0,1
FINNIFTY05MAR2418800PE.NFO,2024-01-25,14:21:00,2024-03-05,1.4,1.4,1.4,1.4,0,0,1
FINNIFTY05MAR2418800PE.NFO,2024-01-25,14:22:00,2024-03-05,1.4,1.4,1.4,1.4,0,0,1
FINNIFTY05MAR2418800PE.NFO,2024-01-25,14:23:00,2024-03-05,1.4,1.4,1.4,1.4,0,0,1
FINNIFTY05MAR2418800PE.NFO,2024-01-25,14:24:00,2024-03-05,1.4,1.4,1.4,1.4,0,0,1
FINNIFTY05MAR2418800PE.NFO,2024-01-25,14:25:00,2024-03-05,1.4,1.4,1.4,1.4,0,0,1
FINNIFTY05MAR2418800PE.NFO,2024-01-25,14:26:00,2024-03-05,1.4,1.4,1.4,1.4,0,0,1
FINNIFTY05MAR2418800PE.NFO,2024-01-25,14:27:00,2024-03-05,1.4,1.4,1.4,1.4,0,0,1
FINNIFTY05MAR2418800PE.NFO,2024-01-25,14:28:00,2024-03-05,1.4,1.4,1.4,1.4,0,0,1
FINNIFTY05MAR2418800PE.NFO,2024-01-25,14:29:00,2024-03-05,1.4,1.4,1.4,1.4,0,0,1
FINNIFTY05MAR2418800PE.NFO,2024-01-25,14:30:00,2024-03-05,1.4,1.4,1.4,1.4,0,0,1
FINNIFTY05MAR2418800PE.NFO,2024-01-25,14:31:00,2024-03-05,1.4,1.4,1.4,1.4,0,0,1
FINNIFTY05MAR2418800PE.NFO,2024-01-25,14:32:00,2024-03-05,1.4,1.4,1.4,1.4,0,0,1
FINNIFTY05MAR2418800PE.NFO,2024-01-25,14:33:00,2024-03-05,1.4,1.4,1.4,1.4,0,0,1
FINNIFTY05MAR2418800PE.NFO,2024-01-25,14:34:00,2024-03-05,1.4,1.4,1.4,1.4,0,0,1
FINNIFTY05MAR2418800PE.NFO,2024-01-25,14:35:00,2024-03-05,1.4,1.4,1.4,1.4,0,0,1
FINNIFTY05MAR2418800PE.NFO,2024-01-25,14:36:00,2024-03-05,1.4,1.4,1.4,1.4,0,0,1
FINNIFTY05MAR2418800PE.NFO,2024-01-25,14:37:00,2024-03-05,1.4,1.4,1.4,1.4,0,0,1
FINNIFTY05MAR2418800PE.NFO,2024-01-25,14:38:00,2024-03-05,1.4,1.4,1.4,1.4,0,0,1
FINNIFTY05MAR2418800PE.NFO,2024-01-25,14:39:00,2024-03-05,1.4,1.4,1.4,1.4,0,0,1
FINNIFTY05MAR2418800PE.NFO,2024-01-25,14:40:00,2024-03-05,1.4,1.4,1.4,1.4,0,0,1
FINNIFTY05MAR2418800PE.NFO,2024-01-25,14:41:00,2024-03-05,1.4,1.4,1.4,1.4,0,0,1
FINNIFTY05MAR2418800PE.NFO,2024-01-25,14:42:00,2024-03-05,1.4,1.4,1.4,1.4,0,0,1
FINNIFTY05MAR2418800PE.NFO,2024-01-25,14:43:00,2024-03-05,1.4,1.4,1.4,1.4,0,0,1
FINNIFTY05MAR2418800PE.NFO,2024-01-25,14:44:00,2024-03-05,1.4,1.4,1.4,1.4,0,0,1
FINNIFTY05MAR2418800PE.NFO,2024-01-25,14:45:00,2024-03-05,1.4,1.4,1.4,1.4,0,0,1
FINNIFTY05MAR2418800PE.NFO,2024-01-25,14:46:00,2024-03-05,1.4,1.4,1.4,1.4,0,0,1
FINNIFTY05MAR2418800PE.NFO,2024-01-25,14:47:00,2024-03-05,1.4,1.4,1.4,1.4,0,0,1
FINNIFTY05MAR2418800PE.NFO,2024-01-25,14:48:00,2024-03-05,1.4,1.4,1.4,1.4,0,0,1
FINNIFTY05MAR2418800PE.NFO,2024-01-25,14:49:00,2024-03-05,1.4,1.4,1.4,1.4,0,0,1
FINNIFTY05MAR2418800PE.NFO,2024-01-25,14:50:00,2024-03-05,1.4,1.4,1.4,1.4,0,0,1
FINNIFTY05MAR2418800PE.NFO,2024-01-25,14:51:00,2024-03-05,1.4,1.4,1.4,1.4,0,0,1
FINNIFTY05MAR2418800PE.NFO,2024-01-25,14:52:00,2024-03-05,1.4,1.4,1.4,1.4,0,0,1
FINNIFTY05MAR2418800PE.NFO,2024-01-25,14:53:00,2024-03-05,1.4,1.4,1.4,1.4,0,0,1
FINNIFTY05MAR2418800PE.NFO,2024-01-25,14:54:00,2024-03-05,1.4,1.4,1.4,1.4,0,0,1
FINNIFTY05MAR2418800PE.NFO,2024-01-25,14:55:00,2024-03-05,1.4,1.4,1.4,1.4,0,0,1
FINNIFTY05MAR2418800PE.NFO,2024-01-25,14:56:00,2024-03-05,1.4,1.4,1.4,1.4,0,0,1
FINNIFTY05MAR2418800PE.NFO,2024-01-25,14:57:00,2024-03-05,1.4,1.4,1.4,1.4,0,0,1
FINNIFTY05MAR2418800PE.NFO,2024-01-25,14:58:00,2024-03-05,1.4,1.4,1.4,1.4,0,0,1
FINNIFTY05MAR2418800PE.NFO,2024-01-25,14:59:00,2024-03-05,1.4,1.4,1.4,1.4,0,0,1
FINNIFTY05MAR2418800PE.NFO,2024-01-25,15:00:00,2024-03-05,1.4,1.4,1.4,1.4,0,0,1
FINNIFTY05MAR2418800PE.NFO,2024-01-25,15:01:00,2024-03-05,1.4,1.4,1.4,1.4,0,0,1
FINNIFTY05MAR2418800PE.NFO,2024-01-25,15:02:00,2024-03-05,1.4,1.4,1.4,1.4,0,0,1
FINNIFTY05MAR2418800PE.NFO,2024-01-25,15:03:00,2024-03-05,1.4,1.4,1.4,1.4,0,0,1
FINNIFTY05MAR2418800PE.NFO,2024-01-25,15:04:00,2024-03-05,1.4,1.4,1.4,1.4,0,0,1
FINNIFTY05MAR2418800PE.NFO,2024-01-25,15:05:00,2024-03-05,1.4,1.4,1.4,1.4,0,0,1
FINNIFTY05MAR2418800PE.NFO,2024-01-25,15:06:00,2024-03-05,1.4,1.4,1.4,1.4,0,0,1
FINNIFTY05MAR2418800PE.NFO,2024-01-25,15:07:00,2024-03-05,1.4,1.4,1.4,1.4,0,0,1
FINNIFTY05MAR2418800PE.NFO,2024-01-25,15:08:00,2024-03-05,1.4,1.4,1.4,1.4,0,0,1
FINNIFTY05MAR2418800PE.NFO,2024-01-25,15:09:00,2024-03-05,1.4,1.4,1.4,1.4,0,0,1
FINNIFTY05MAR2418800PE.NFO,2024-01-25,15:10:00,2024-03-05,1.4,1.4,1.4,1.4,0,0,1
FINNIFTY05MAR2418800PE.NFO,2024-01-25,15:11:00,2024-03-05,1.4,1.4,1.4,1.4,0,0,1
FINNIFTY05MAR2418800PE.NFO,2024-01-25,15:12:00,2024-03-05,1.4,1.4,1.4,1.4,0,0,1
FINNIFTY05MAR2418800PE.NFO,2024-01-25,15:13:00,2024-03-05,1.4,1.4,1.4,1.4,0,0,1
FINNIFTY05MAR2418800PE.NFO,2024-01-25,15:14:00,2024-03-05,1.4,1.4,1.4,1.4,0,0,1
FINNIFTY05MAR2418800PE.NFO,2024-01-25,15:15:00,2024-03-05,1.4,1.4,1.4,1.4,0,0,1
FINNIFTY05MAR2418800PE.NFO,2024-01-25,15:16:00,2024-03-05,1.4,1.4,1.4,1.4,0,0,1
FINNIFTY05MAR2418800PE.NFO,2024-01-25,15:17:00,2024-03-05,1.4,1.4,1.4,1.4,0,0,1
FINNIFTY05MAR2418800PE.NFO,2024-01-25,15:18:00,2024-03-05,1.4,1.4,1.4,1.4,0,0,1
FINNIFTY05MAR2418800PE.NFO,2024-01-25,15:19:00,2024-03-05,1.4,1.4,1.4,1.4,0,0,1
FINNIFTY05MAR2418800PE.NFO,2024-01-25,15:20:00,2024-03-05,1.4,1.4,1.4,1.4,0,0,1
FINNIFTY05MAR2418800PE.NFO,2024-01-25,15:21:00,2024-03-05,1.4,1.4,1.4,1.4,0,0,1
FINNIFTY05MAR2418800PE.NFO,2024-01-25,15:22:00,2024-03-05,1.4,1.4,1.4,1.4,0,0,1
FINNIFTY05MAR2418800PE.NFO,2024-01-25,15:23:00,2024-03-05,1.4,1.4,1.4,1.4,0,0,1
FINNIFTY05MAR2418800PE.NFO,2024-01-25,15:24:00,2024-03-05,1.4,1.4,1.4,1.4,0,0,1
FINNIFTY05MAR2418800PE.NFO,2024-01-25,15:25:00,2024-03-05,1.4,1.4,1.4,1.4,0,0,1
FINNIFTY05MAR2418800PE.NFO,2024-01-25,15:26:00,2024-03-05,1.4,1.4,1.4,1.4,0,0,1
FINNIFTY05MAR2418800PE.NFO,2024-01-25,15:27:00,2024-03-05,1.4,1.4,1.4,1.4,0,0,1
FINNIFTY05MAR2418800PE.NFO,2024-01-25,15:28:00,2024-03-05,1.4,1.4,1.4,1.4,0,0,1
FINNIFTY05MAR2418800PE.NFO,2024-01-25,15:29:00,2024-03-05,1.4,1.4,1.4,1.4,0,0,1
FINNIFTY05MAR2418800PE.NFO,2024-01-25,15:30:00,2024-03-05,1.4,1.4,1.4,1.4,0,0,1
FINNIFTY05MAR2418800PE.NFO,2024-01-29,09:15:00,2024-03-05,1.4,1.4,1.4,1.4,0,0,0
FINNIFTY05MAR2418800PE.NFO,2024-01-29,09:16:00,2024-03-05,1.4,1.4,1.4,1.4,0,0,1
FINNIFTY05MAR2418800PE.NFO,2024-01-29,09:17:00,2024-03-05,1.4,1.4,1.4,1.4,0,0,1
FINNIFTY05MAR2418800PE.NFO,2024-01-29,09:18:00,2024-03-05,1.4,1.4,1.4,1.4,0,0,1
FINNIFTY05MAR2418800PE.NFO,2024-01-29,09:19:00,2024-03-05,1.4,1.4,1.4,1.4,0,0,1
FINNIFTY05MAR2418800PE.NFO,2024-01-29,09:20:00,2024-03-05,1.4,1.4,1.4,1.4,0,0,1
FINNIFTY05MAR2418800PE.NFO,2024-01-29,09:21:00,2024-03-05,1.4,1.4,1.4,1.4,0,0,1
FINNIFTY05MAR2418800PE.NFO,2024-01-29,09:22:00,2024-03-05,1.4,1.4,1.4,1.4,0,0,1
FINNIFTY05MAR2418800PE.NFO,2024-01-29,09:23:00,2024-03-05,1.4,1.4,1.4,1.4,0,0,1
FINNIFTY05MAR2418800PE.NFO,2024-01-29,09:24:00,2024-03-05,1.4,1.4,1.4,1.4,0,0,1
FINNIFTY05MAR2418800PE.NFO,2024-01-29,09:25:00,2024-03-05,1.4,1.4,1.4,1.4,0,0,1
FINNIFTY05MAR2418800PE.NFO,2024-01-29,09:26:00,2024-03-05,1.4,1.4,1.4,1.4,0,0,1
FINNIFTY05MAR2418800PE.NFO,2024-01-29,09:27:00,2024-03-05,1.4,1.4,1.4,1.4,0,0,1
FINNIFTY05MAR2418800PE.NFO,2024-01-29,09:28:00,2024-03-05,1.4,1.4,1.4,1.4,0,0,1
FINNIFTY05MAR2418800PE.NFO,2024-01-29,09:29:00,2024-03-05,1.4,1.4,1.4,1.4,0,0,1
FINNIFTY05MAR2418800PE.NFO,2024-01-29,09:30:00,2024-03-05,1.4,1.4,1.4,1.4,0,0,1
FINNIFTY05MAR2418800PE.NFO,2024-01-29,09:31:00,2024-03-05,1.4,1.4,1.4,1.4,0,0,1
FINNIFTY05MAR2418800PE.NFO,2024-01-29,09:32:00,2024-03-05,1.4,1.4,1.4,1.4,0,0,1
FINNIFTY05MAR2418800PE.NFO,2024-01-29,09:33:00,2024-03-05,1.4,1.4,1.4,1.4,0,0,1
FINNIFTY05MAR2418800PE.NFO,2024-01-29,09:34:00,2024-03-05,1.4,1.4,1.4,1.4,0,0,1
FINNIFTY05MAR2418800PE.NFO,2024-01-29,09:35:00,2024-03-05,1.4,1.4,1.4,1.4,0,0,1
FINNIFTY05MAR2418800PE.NFO,2024-01-29,09:36:00,2024-03-05,1.4,1.4,1.4,1.4,0,0,1
FINNIFTY05MAR2418800PE.NFO,2024-01-29,09:37:00,2024-03-05,1.4,1.4,1.4,1.4,0,0,1
FINNIFTY05MAR2418800PE.NFO,2024-01-29,09:38:00,2024-03-05,1.4,1.4,1.4,1.4,0,0,1
FINNIFTY05MAR2418800PE.NFO,2024-01-29,09:39:00,2024-03-05,1.4,1.4,1.4,1.4,0,0,1
FINNIFTY05MAR2418800PE.NFO,2024-01-29,09:40:00,2024-03-05,1.4,1.4,1.4,1.4,0,0,1
FINNIFTY05MAR2418800PE.NFO,2024-01-29,09:41:00,2024-03-05,1.4,1.4,1.4,1.4,0,0,1
FINNIFTY05MAR2418800PE.NFO,2024-01-29,09:42:00,2024-03-05,1.4,1.4,1.4,1.4,0,0,1
FINNIFTY05MAR2418800PE.NFO,2024-01-29,09:43:00,2024-03-05,1.4,1.4,1.4,1.4,0,0,1
FINNIFTY05MAR2418800PE.NFO,2024-01-29,09:44:00,2024-03-05,1.4,1.4,1.4,1.4,0,0,1
FINNIFTY05MAR2418800PE.NFO,2024-01-29,09:45:00,2024-03-05,1.4,1.4,1.4,1.4,0,0,1
FINNIFTY05MAR2418800PE.NFO,2024-01-29,09:46:00,2024-03-05,1.4,1.4,1.4,1.4,0,0,1
FINNIFTY05MAR2418800PE.NFO,2024-01-29,09:47:00,2024-03-05,1.4,1.4,1.4,1.4,0,0,1
FINNIFTY05MAR2418800PE.NFO,2024-01-29,09:48:00,2024-03-05,1.4,1.4,1.4,1.4,0,0,1
FINNIFTY05MAR2418800PE.NFO,2024-01-29,09:49:00,2024-03-05,1.4,1.4,1.4,1.4,0,0,1
FINNIFTY05MAR2418800PE.NFO,2024-01-29,09:50:00,2024-03-05,1.4,1.4,1.4,1.4,0,0,1
FINNIFTY05MAR2418800PE.NFO,2024-01-29,09:51:00,2024-03-05,1.4,1.4,1.4,1.4,0,0,1
FINNIFTY05MAR2418800PE.NFO,2024-01-29,09:52:00,2024-03-05,1.4,1.4,1.4,1.4,0,0,1
FINNIFTY05MAR2418800PE.NFO,2024-01-29,09:53:00,2024-03-05,1.4,1.4,1.4,1.4,0,0,1
FINNIFTY05MAR2418800PE.NFO,2024-01-29,09:54:00,2024-03-05,1.4,1.4,1.4,1.4,0,0,1
FINNIFTY05MAR2418800PE.NFO,2024-01-29,09:55:00,2024-03-05,1.4,1.4,1.4,1.4,0,0,1
FINNIFTY05MAR2418800PE.NFO,2024-01-29,09:56:00,2024-03-05,1.4,1.4,1.4,1.4,0,0,1
FINNIFTY05MAR2418800PE.NFO,2024-01-29,09:57:00,2024-03-05,1.4,1.4,1.4,1.4,0,0,1
FINNIFTY05MAR2418800PE.NFO,2024-01-29,09:58:00,2024-03-05,1.4,1.4,1.4,1.4,0,0,1
FINNIFTY05MAR2418800PE.NFO,2024-01-29,09:59:00,2024-03-05,1.4,1.4,1.4,1.4,0,0,1
FINNIFTY05MAR2418800PE.NFO,2024-01-29,10:00:00,2024-03-05,1.4,1.4,1.4,1.4,0,0,1
FINNIFTY05MAR2418800PE.NFO,2024-01-29,10:01:00,2024-03-05,1.4,1.4,1.4,1.4,0,0,1
FINNIFTY05MAR2418800PE.NFO,2024-01-29,10:02:00,2024-03-05,1.4,1.4,1.4,1.4,0,0,1
FINNIFTY05MAR2418800PE.NFO,2024-01-29,10:03:00,2024-03-05,1.4,1.4,1.4,1.4,0,0,1
FINNIFTY05MAR2418800PE.NFO,2024-01-29,10:04:00,2024-03-05,1.4,1.4,1.4,1.4,0,0,1
FINNIFTY05MAR2418800PE.NFO,2024-01-29,10:05:00,2024-03-05,1.4,1.4,1.4,1.4,0,0,1
FINNIFTY05MAR2418800PE.NFO,2024-01-29,10:06:00,2024-03-05,1.4,1.4,1.4,1.4,0,0,1
FINNIFTY05MAR2418800PE.NFO,2024-01-29,10:07:00,2024-03-05,1.4,1.4,1.4,1.4,0,0,1
FINNIFTY05MAR2418800PE.NFO,2024-01-29,10:08:00,2024-03-05,1.4,1.4,1.4,1.4,0,0,1
FINNIFTY05MAR2418800PE.NFO,2024-01-29,10:09:00,2024-03-05,1.4,1.4,1.4,1.4,0,0,1
FINNIFTY05MAR2418800PE.NFO,2024-01-29,10:10:00,2024-03-05,1.4,1.4,1.4,1.4,0,0,1
FINNIFTY05MAR2418800PE.NFO,2024-01-29,10:11:00,2024-03-05,1.4,1.4,1.4,1.4,0,0,1
FINNIFTY05MAR2418800PE.NFO,2024-01-29,10:12:00,2024-03-05,1.4,1.4,1.4,1.4,0,0,1
FINNIFTY05MAR2418800PE.NFO,2024-01-29,10:13:00,2024-03-05,1.4,1.4,1.4,1.4,0,0,1
FINNIFTY05MAR2418800PE.NFO,2024-01-29,10:14:00,2024-03-05,1.4,1.4,1.4,1.4,0,0,1
FINNIFTY05MAR2418800PE.NFO,2024-01-29,10:15:00,2024-03-05,1.4,1.4,1.4,1.4,0,0,1
FINNIFTY05MAR2418800PE.NFO,2024-01-29,10:16:00,2024-03-05,1.4,1.4,1.4,1.4,0,0,1
FINNIFTY05MAR2418800PE.NFO,2024-01-29,10:17:00,2024-03-05,1.4,1.4,1.4,1.4,0,0,1
FINNIFTY05MAR2418800PE.NFO,2024-01-29,10:18:00,2024-03-05,1.4,1.4,1.4,1.4,0,0,1
FINNIFTY05MAR2418800PE.NFO,2024-01-29,10:19:00,2024-03-05,1.4,1.4,1.4,1.4,0,0,1
FINNIFTY05MAR2418800PE.NFO,2024-01-29,10:20:00,2024-03-05,1.4,1.4,1.4,1.4,0,0,1
FINNIFTY05MAR2418800PE.NFO,2024-01-29,10:21:00,2024-03-05,1.4,1.4,1.4,1.4,0,0,1
FINNIFTY05MAR2418800PE.NFO,2024-01-29,10:22:00,2024-03-05,1.4,1.4,1.4,1.4,0,0,1
FINNIFTY05MAR2418800PE.NFO,2024-01-29,10:23:00,2024-03-05,1.4,1.4,1.4,1.4,0,0,1
FINNIFTY05MAR2418800PE.NFO,2024-01-29,10:24:00,2024-03-05,1.4,1.4,1.4,1.4,0,0,1
FINNIFTY05MAR2418800PE.NFO,2024-01-29,10:25:00,2024-03-05,1.4,1.4,1.4,1.4,0,0,1
FINNIFTY05MAR2418800PE.NFO,2024-01-29,10:26:00,2024-03-05,1.4,1.4,1.4,1.4,0,0,1
FINNIFTY05MAR2418800PE.NFO,2024-01-29,10:27:00,2024-03-05,1.4,1.4,1.4,1.4,0,0,1
FINNIFTY05MAR2418800PE.NFO,2024-01-29,10:28:00,2024-03-05,1.4,1.4,1.4,1.4,0,0,1
FINNIFTY05MAR2418800PE.NFO,2024-01-29,10:29:00,2024-03-05,1.4,1.4,1.4,1.4,0,0,1
FINNIFTY05MAR2418800PE.NFO,2024-01-29,10:30:00,2024-03-05,1.4,1.4,1.4,1.4,0,0,1
FINNIFTY05MAR2418800PE.NFO,2024-01-29,10:31:00,2024-03-05,1.4,1.4,1.4,1.4,0,0,1
FINNIFTY05MAR2418800PE.NFO,2024-01-29,10:32:00,2024-03-05,1.4,1.4,1.4,1.4,0,0,1
FINNIFTY05MAR2418800PE.NFO,2024-01-29,10:33:00,2024-03-05,1.4,1.4,1.4,1.4,0,0,1
FINNIFTY05MAR2418800PE.NFO,2024-01-29,10:34:00,2024-03-05,1.4,1.4,1.4,1.4,0,0,1
FINNIFTY05MAR2418800PE.NFO,2024-01-29,10:35:00,2024-03-05,1.4,1.4,1.4,1.4,0,0,1
FINNIFTY05MAR2418800PE.NFO,2024-01-29,10:36:00,2024-03-05,1.4,1.4,1.4,1.4,0,0,1
FINNIFTY05MAR2418800PE.NFO,2024-01-29,10:37:00,2024-03-05,1.4,1.4,1.4,1.4,0,0,1
FINNIFTY05MAR2418800PE.NFO,2024-01-29,10:38:00,2024-03-05,1.4,1.4,1.4,1.4,0,0,1
FINNIFTY05MAR2418800PE.NFO,2024-01-29,10:39:00,2024-03-05,1.4,1.4,1.4,1.4,0,0,1
FINNIFTY05MAR2418800PE.NFO,2024-01-29,10:40:00,2024-03-05,1.4,1.4,1.4,1.4,0,0,1
FINNIFTY05MAR2418800PE.NFO,2024-01-29,10:41:00,2024-03-05,1.4,1.4,1.4,1.4,0,0,1
FINNIFTY05MAR2418800PE.NFO,2024-01-29,10:42:00,2024-03-05,1.4,1.4,1.4,1.4,0,0,1
FINNIFTY05MAR2418800PE.NFO,2024-01-29,10:43:00,2024-03-05,1.4,1.4,1.4,1.4,0,0,1
FINNIFTY05MAR2418800PE.NFO,2024-01-29,10:44:00,2024-03-05,1.4,1.4,1.4,1.4,0,0,1
FINNIFTY05MAR2418800PE.NFO,2024-01-29,10:45:00,2024-03-05,1.4,1.4,1.4,1.4,0,0,1
FINNIFTY05MAR2418800PE.NFO,2024-01-29,10:46:00,2024-03-05,1.4,1.4,1.4,1.4,0,0,1
FINNIFTY05MAR2418800PE.NFO,2024-01-29,10:47:00,2024-03-05,1.4,1.4,1.4,1.4,0,0,1
FINNIFTY05MAR2418800PE.NFO,2024-01-29,10:48:00,2024-03-05,1.4,1.4,1.4,1.4,0,0,1
FINNIFTY05MAR2418800PE.NFO,2024-01-29,10:49:00,2024-03-05,1.4,1.4,1.4,1.4,0,0,1
FINNIFTY05MAR2418800PE.NFO,2024-01-29,10:50:00,2024-03-05,1.4,1.4,1.4,1.4,0,0,1
FINNIFTY05MAR2418800PE.NFO,2024-01-29,10:51:00,2024-03-05,1.4,1.4,1.4,1.4,0,0,1
FINNIFTY05MAR2418800PE.NFO,2024-01-29,10:52:00,2024-03-05,1.4,1.4,1.4,1.4,0,0,1
FINNIFTY05MAR2418800PE.NFO,2024-01-29,10:53:00,2024-03-05,1.4,1.4,1.4,1.4,0,0,1
FINNIFTY05MAR2418800PE.NFO,2024-01-29,10:54:00,2024-03-05,1.4,1.4,1.4,1.4,0,0,1
FINNIFTY05MAR2418800PE.NFO,2024-01-29,10:55:00,2024-03-05,1.4,1.4,1.4,1.4,0,0,1
FINNIFTY05MAR2418800PE.NFO,2024-01-29,10:56:00,2024-03-05,1.4,1.4,1.4,1.4,0,0,1
FINNIFTY05MAR2418800PE.NFO,2024-01-29,10:57:00,2024-03-05,1.4,1.4,1.4,1.4,0,0,1
FINNIFTY05MAR2418800PE.NFO,2024-01-29,10:58:00,2024-03-05,1.4,1.4,1.4,1.4,0,0,1
FINNIFTY05MAR2418800PE.NFO,2024-01-29,10:59:00,2024-03-05,1.4,1.4,1.4,1.4,0,0,1
FINNIFTY05MAR2418800PE.NFO,2024-01-29,11:00:00,2024-03-05,1.4,1.4,1.4,1.4,0,0,1
FINNIFTY05MAR2418800PE.NFO,2024-01-29,11:01:00,2024-03-05,1.4,1.4,1.4,1.4,0,0,1
FINNIFTY05MAR2418800PE.NFO,2024-01-29,11:02:00,2024-03-05,1.4,1.4,1.4,1.4,0,0,1
FINNIFTY05MAR2418800PE.NFO,2024-01-29,11:03:00,2024-03-05,1.4,1.4,1.4,1.4,0,0,1
FINNIFTY05MAR2418800PE.NFO,2024-01-29,11:04:00,2024-03-05,1.4,1.4,1.4,1.4,0,0,1
FINNIFTY05MAR2418800PE.NFO,2024-01-29,11:05:00,2024-03-05,1.4,1.4,1.4,1.4,0,0,1
FINNIFTY05MAR2418800PE.NFO,2024-01-29,11:06:00,2024-03-05,1.4,1.4,1.4,1.4,0,0,1
FINNIFTY05MAR2418800PE.NFO,2024-01-29,11:07:00,2024-03-05,1.4,1.4,1.4,1.4,0,0,1
FINNIFTY05MAR2418800PE.NFO,2024-01-29,11:08:00,2024-03-05,1.4,1.4,1.4,1.4,0,0,1
FINNIFTY05MAR2418800PE.NFO,2024-01-29,11:09:00,2024-03-05,1.4,1.4,1.4,1.4,0,0,1
FINNIFTY05MAR2418800PE.NFO,2024-01-29,11:10:00,2024-03-05,1.4,1.4,1.4,1.4,0,0,1
FINNIFTY05MAR2418800PE.NFO,2024-01-29,11:11:00,2024-03-05,1.4,1.4,1.4,1.4,0,0,1
FINNIFTY05MAR2418800PE.NFO,2024-01-29,11:12:00,2024-03-05,1.4,1.4,1.4,1.4,0,0,1
FINNIFTY05MAR2418800PE.NFO,2024-01-29,11:13:00,2024-03-05,1.4,1.4,1.4,1.4,0,0,1
FINNIFTY05MAR2418800PE.NFO,2024-01-29,11:14:00,2024-03-05,1.4,1.4,1.4,1.4,0,0,1
FINNIFTY05MAR2418800PE.NFO,2024-01-29,11:15:00,2024-03-05,1.4,1.4,1.4,1.4,0,0,1
FINNIFTY05MAR2418800PE.NFO,2024-01-29,11:16:00,2024-03-05,1.4,1.4,1.4,1.4,0,0,1
FINNIFTY05MAR2418800PE.NFO,2024-01-29,11:17:00,2024-03-05,1.4,1.4,1.4,1.4,0,0,1
FINNIFTY05MAR2418800PE.NFO,2024-01-29,11:18:00,2024-03-05,1.4,1.4,1.4,1.4,0,0,1
FINNIFTY05MAR2418800PE.NFO,2024-01-29,11:19:00,2024-03-05,1.4,1.4,1.4,1.4,0,0,1
FINNIFTY05MAR2418800PE.NFO,2024-01-29,11:20:00,2024-03-05,1.4,1.4,1.4,1.4,0,0,1
FINNIFTY05MAR2418800PE.NFO,2024-01-29,11:21:00,2024-03-05,1.4,1.4,1.4,1.4,0,0,1
FINNIFTY05MAR2418800PE.NFO,2024-01-29,11:22:00,2024-03-05,1.4,1.4,1.4,1.4,0,0,1
FINNIFTY05MAR2418800PE.NFO,2024-01-29,11:23:00,2024-03-05,1.4,1.4,1.4,1.4,0,0,1
FINNIFTY05MAR2418800PE.NFO,2024-01-29,11:24:00,2024-03-05,1.4,1.4,1.4,1.4,0,0,1
FINNIFTY05MAR2418800PE.NFO,2024-01-29,11:25:00,2024-03-05,1.4,1.4,1.4,1.4,0,0,1
FINNIFTY05MAR2418800PE.NFO,2024-01-29,11:26:00,2024-03-05,1.4,1.4,1.4,1.4,0,0,1
FINNIFTY05MAR2418800PE.NFO,2024-01-29,11:27:00,2024-03-05,1.4,1.4,1.4,1.4,0,0,1
FINNIFTY05MAR2418800PE.NFO,2024-01-29,11:28:00,2024-03-05,1.4,1.4,1.4,1.4,0,0,1
FINNIFTY05MAR2418800PE.NFO,2024-01-29,11:29:00,2024-03-05,1.4,1.4,1.4,1.4,0,0,1
FINNIFTY05MAR2418800PE.NFO,2024-01-29,11:30:00,2024-03-05,1.4,1.4,1.4,1.4,0,0,1
FINNIFTY05MAR2418800PE.NFO,2024-01-29,11:31:00,2024-03-05,1.4,1.4,1.4,1.4,0,0,1
FINNIFTY05MAR2418800PE.NFO,2024-01-29,11:32:00,2024-03-05,1.4,1.4,1.4,1.4,0,0,1
FINNIFTY05MAR2418800PE.NFO,2024-01-29,11:33:00,2024-03-05,1.4,1.4,1.4,1.4,0,0,1
FINNIFTY05MAR2418800PE.NFO,2024-01-29,11:34:00,2024-03-05,1.4,1.4,1.4,1.4,0,0,1
FINNIFTY05MAR2418800PE.NFO,2024-01-29,11:35:00,2024-03-05,1.4,1.4,1.4,1.4,0,0,1
FINNIFTY05MAR2418800PE.NFO,2024-01-29,11:36:00,2024-03-05,1.4,1.4,1.4,1.4,0,0,1
FINNIFTY05MAR2418800PE.NFO,2024-01-29,11:37:00,2024-03-05,1.4,1.4,1.4,1.4,0,0,1
FINNIFTY05MAR2418800PE.NFO,2024-01-29,11:38:00,2024-03-05,1.4,1.4,1.4,1.4,0,0,1
FINNIFTY05MAR2418800PE.NFO,2024-01-29,11:39:00,2024-03-05,1.4,1.4,1.4,1.4,0,0,1
FINNIFTY05MAR2418800PE.NFO,2024-01-29,11:40:00,2024-03-05,1.4,1.4,1.4,1.4,0,0,1
FINNIFTY05MAR2418800PE.NFO,2024-01-29,11:41:00,2024-03-05,1.4,1.4,1.4,1.4,0,0,1
FINNIFTY05MAR2418800PE.NFO,2024-01-29,11:42:00,2024-03-05,1.4,1.4,1.4,1.4,0,0,1
FINNIFTY05MAR2418800PE.NFO,2024-01-29,11:43:00,2024-03-05,1.4,1.4,1.4,1.4,0,0,1
FINNIFTY05MAR2418800PE.NFO,2024-01-29,11:44:00,2024-03-05,1.4,1.4,1.4,1.4,0,0,1
FINNIFTY05MAR2418800PE.NFO,2024-01-29,11:45:00,2024-03-05,1.4,1.4,1.4,1.4,0,0,1
FINNIFTY05MAR2418800PE.NFO,2024-01-29,11:46:00,2024-03-05,1.4,1.4,1.4,1.4,0,0,1
FINNIFTY05MAR2418800PE.NFO,2024-01-29,11:47:00,2024-03-05,1.4,1.4,1.4,1.4,0,0,1
FINNIFTY05MAR2418800PE.NFO,2024-01-29,11:48:00,2024-03-05,1.4,1.4,1.4,1.4,0,0,1
FINNIFTY05MAR2418800PE.NFO,2024-01-29,11:49:00,2024-03-05,1.4,1.4,1.4,1.4,0,0,1
FINNIFTY05MAR2418800PE.NFO,2024-01-29,11:50:00,2024-03-05,1.4,1.4,1.4,1.4,0,0,1
FINNIFTY05MAR2418800PE.NFO,2024-01-29,11:51:00,2024-03-05,1.4,1.4,1.4,1.4,0,0,1
FINNIFTY05MAR2418800PE.NFO,2024-01-29,11:52:00,2024-03-05,1.4,1.4,1.4,1.4,0,0,1
FINNIFTY05MAR2418800PE.NFO,2024-01-29,11:53:00,2024-03-05,1.4,1.4,1.4,1.4,0,0,1
FINNIFTY05MAR2418800PE.NFO,2024-01-29,11:54:00,2024-03-05,1.4,1.4,1.4,1.4,0,0,1
FINNIFTY05MAR2418800PE.NFO,2024-01-29,11:55:00,2024-03-05,1.4,1.4,1.4,1.4,0,0,1
FINNIFTY05MAR2418800PE.NFO,2024-01-29,11:56:00,2024-03-05,1.4,1.4,1.4,1.4,0,0,1
FINNIFTY05MAR2418800PE.NFO,2024-01-29,11:57:00,2024-03-05,1.4,1.4,1.4,1.4,0,0,1
FINNIFTY05MAR2418800PE.NFO,2024-01-29,11:58:00,2024-03-05,1.4,1.4,1.4,1.4,0,0,1
FINNIFTY05MAR2418800PE.NFO,2024-01-29,11:59:00,2024-03-05,1.4,1.4,1.4,1.4,0,0,1
FINNIFTY05MAR2418800PE.NFO,2024-01-29,12:00:00,2024-03-05,1.4,1.4,1.4,1.4,0,0,1
FINNIFTY05MAR2418800PE.NFO,2024-01-29,12:01:00,2024-03-05,1.4,1.4,1.4,1.4,0,0,1
FINNIFTY05MAR2418800PE.NFO,2024-01-29,12:02:00,2024-03-05,1.4,1.4,1.4,1.4,0,0,1
FINNIFTY05MAR2418800PE.NFO,2024-01-29,12:03:00,2024-03-05,1.4,1.4,1.4,1.4,0,0,1
FINNIFTY05MAR2418800PE.NFO,2024-01-29,12:04:00,2024-03-05,1.4,1.4,1.4,1.4,0,0,1
FINNIFTY05MAR2418800PE.NFO,2024-01-29,12:05:00,2024-03-05,1.4,1.4,1.4,1.4,0,0,1
FINNIFTY05MAR2418800PE.NFO,2024-01-29,12:06:00,2024-03-05,1.4,1.4,1.4,1.4,0,0,1
FINNIFTY05MAR2418800PE.NFO,2024-01-29,12:07:00,2024-03-05,1.4,1.4,1.4,1.4,0,0,1
FINNIFTY05MAR2418800PE.NFO,2024-01-29,12:08:00,2024-03-05,1.4,1.4,1.4,1.4,0,0,1
FINNIFTY05MAR2418800PE.NFO,2024-01-29,12:09:00,2024-03-05,1.4,1.4,1.4,1.4,0,0,1
FINNIFTY05MAR2418800PE.NFO,2024-01-29,12:10:00,2024-03-05,1.4,1.4,1.4,1.4,0,0,1
FINNIFTY05MAR2418800PE.NFO,2024-01-29,12:11:00,2024-03-05,1.4,1.4,1.4,1.4,0,0,1
FINNIFTY05MAR2418800PE.NFO,2024-01-29,12:12:00,2024-03-05,1.4,1.4,1.4,1.4,0,0,1
FINNIFTY05MAR2418800PE.NFO,2024-01-29,12:13:00,2024-03-05,1.4,1.4,1.4,1.4,0,0,1
FINNIFTY05MAR2418800PE.NFO,2024-01-29,12:14:00,2024-03-05,1.4,1.4,1.4,1.4,0,0,1
FINNIFTY05MAR2418800PE.NFO,2024-01-29,12:15:00,2024-03-05,1.4,1.4,1.4,1.4,0,0,1
FINNIFTY05MAR2418800PE.NFO,2024-01-29,12:16:00,2024-03-05,1.4,1.4,1.4,1.4,0,0,1
FINNIFTY05MAR2418800PE.NFO,2024-01-29,12:17:00,2024-03-05,1.4,1.4,1.4,1.4,0,0,1
FINNIFTY05MAR2418800PE.NFO,2024-01-29,12:18:00,2024-03-05,1.4,1.4,1.4,1.4,0,0,1
FINNIFTY05MAR2418800PE.NFO,2024-01-29,12:19:00,2024-03-05,1.4,1.4,1.4,1.4,0,0,1
FINNIFTY05MAR2418800PE.NFO,2024-01-29,12:20:00,2024-03-05,1.4,1.4,1.4,1.4,0,0,1
FINNIFTY05MAR2418800PE.NFO,2024-01-29,12:21:00,2024-03-05,1.4,1.4,1.4,1.4,0,0,1
FINNIFTY05MAR2418800PE.NFO,2024-01-29,12:22:00,2024-03-05,1.4,1.4,1.4,1.4,0,0,1
FINNIFTY05MAR2418800PE.NFO,2024-01-29,12:23:00,2024-03-05,1.4,1.4,1.4,1.4,0,0,1
FINNIFTY05MAR2418800PE.NFO,2024-01-29,12:24:00,2024-03-05,1.4,1.4,1.4,1.4,0,0,1
FINNIFTY05MAR2418800PE.NFO,2024-01-29,12:25:00,2024-03-05,1.4,1.4,1.4,1.4,0,0,1
FINNIFTY05MAR2418800PE.NFO,2024-01-29,12:26:00,2024-03-05,1.4,1.4,1.4,1.4,0,0,1
FINNIFTY05MAR2418800PE.NFO,2024-01-29,12:27:00,2024-03-05,1.4,1.4,1.4,1.4,0,0,1
FINNIFTY05MAR2418800PE.NFO,2024-01-29,12:28:00,2024-03-05,1.4,1.4,1.4,1.4,0,0,1
FINNIFTY05MAR2418800PE.NFO,2024-01-29,12:29:00,2024-03-05,1.4,1.4,1.4,1.4,0,0,1
FINNIFTY05MAR2418800PE.NFO,2024-01-29,12:30:00,2024-03-05,1.4,1.4,1.4,1.4,0,0,1
FINNIFTY05MAR2418800PE.NFO,2024-01-29,12:31:00,2024-03-05,1.4,1.4,1.4,1.4,0,0,1
FINNIFTY05MAR2418800PE.NFO,2024-01-29,12:32:00,2024-03-05,1.4,1.4,1.4,1.4,0,0,1
FINNIFTY05MAR2418800PE.NFO,2024-01-29,12:33:00,2024-03-05,1.4,1.4,1.4,1.4,0,0,1
FINNIFTY05MAR2418800PE.NFO,2024-01-29,12:34:00,2024-03-05,1.4,1.4,1.4,1.4,0,0,1
FINNIFTY05MAR2418800PE.NFO,2024-01-29,12:35:00,2024-03-05,1.4,1.4,1.4,1.4,0,0,1
FINNIFTY05MAR2418800PE.NFO,2024-01-29,12:36:00,2024-03-05,1.4,1.4,1.4,1.4,0,0,1
FINNIFTY05MAR2418800PE.NFO,2024-01-29,12:37:00,2024-03-05,1.4,1.4,1.4,1.4,0,0,1
FINNIFTY05MAR2418800PE.NFO,2024-01-29,12:38:00,2024-03-05,1.4,1.4,1.4,1.4,0,0,1
FINNIFTY05MAR2418800PE.NFO,2024-01-29,12:39:00,2024-03-05,1.4,1.4,1.4,1.4,0,0,1
FINNIFTY05MAR2418800PE.NFO,2024-01-29,12:40:00,2024-03-05,1.4,1.4,1.4,1.4,0,0,1
FINNIFTY05MAR2418800PE.NFO,2024-01-29,12:41:00,2024-03-05,1.4,1.4,1.4,1.4,0,0,1
FINNIFTY05MAR2418800PE.NFO,2024-01-29,12:42:00,2024-03-05,1.4,1.4,1.4,1.4,0,0,1
FINNIFTY05MAR2418800PE.NFO,2024-01-29,12:43:00,2024-03-05,1.4,1.4,1.4,1.4,0,0,1
FINNIFTY05MAR2418800PE.NFO,2024-01-29,12:44:00,2024-03-05,1.4,1.4,1.4,1.4,0,0,1
FINNIFTY05MAR2418800PE.NFO,2024-01-29,12:45:00,2024-03-05,1.4,1.4,1.4,1.4,0,0,1
FINNIFTY05MAR2418800PE.NFO,2024-01-29,12:46:00,2024-03-05,1.4,1.4,1.4,1.4,0,0,1
FINNIFTY05MAR2418800PE.NFO,2024-01-29,12:47:00,2024-03-05,1.4,1.4,1.4,1.4,0,0,1
FINNIFTY05MAR2418800PE.NFO,2024-01-29,12:48:00,2024-03-05,1.4,1.4,1.4,1.4,0,0,1
FINNIFTY05MAR2418800PE.NFO,2024-01-29,12:49:00,2024-03-05,1.4,1.4,1.4,1.4,0,0,1
FINNIFTY05MAR2418800PE.NFO,2024-01-29,12:50:00,2024-03-05,1.4,1.4,1.4,1.4,0,0,1
FINNIFTY05MAR2418800PE.NFO,2024-01-29,12:51:00,2024-03-05,1.4,1.4,1.4,1.4,0,0,1
FINNIFTY05MAR2418800PE.NFO,2024-01-29,12:52:00,2024-03-05,1.4,1.4,1.4,1.4,0,0,1
FINNIFTY05MAR2418800PE.NFO,2024-01-29,12:53:00,2024-03-05,1.4,1.4,1.4,1.4,0,0,1
FINNIFTY05MAR2418800PE.NFO,2024-01-29,12:54:00,2024-03-05,1.4,1.4,1.4,1.4,0,0,1
FINNIFTY05MAR2418800PE.NFO,2024-01-29,12:55:00,2024-03-05,1.4,1.4,1.4,1.4,0,0,1
FINNIFTY05MAR2418800PE.NFO,2024-01-29,12:56:00,2024-03-05,1.4,1.4,1.4,1.4,0,0,1
FINNIFTY05MAR2418800PE.NFO,2024-01-29,12:57:00,2024-03-05,1.4,1.4,1.4,1.4,0,0,1
FINNIFTY05MAR2418800PE.NFO,2024-01-29,12:58:00,2024-03-05,1.4,1.4,1.4,1.4,0,0,1
FINNIFTY05MAR2418800PE.NFO,2024-01-29,12:59:00,2024-03-05,1.4,1.4,1.4,1.4,0,0,1
FINNIFTY05MAR2418800PE.NFO,2024-01-29,13:00:00,2024-03-05,1.4,1.4,1.4,1.4,0,0,1
FINNIFTY05MAR2418800PE.NFO,2024-01-29,13:01:00,2024-03-05,1.4,1.4,1.4,1.4,0,0,1
FINNIFTY05MAR2418800PE.NFO,2024-01-29,13:02:00,2024-03-05,1.4,1.4,1.4,1.4,0,0,1
FINNIFTY05MAR2418800PE.NFO,2024-01-29,13:03:00,2024-03-05,1.4,1.4,1.4,1.4,0,0,1
FINNIFTY05MAR2418800PE.NFO,2024-01-29,13:04:00,2024-03-05,1.4,1.4,1.4,1.4,0,0,1
FINNIFTY05MAR2418800PE.NFO,2024-01-29,13:05:00,2024-03-05,1.4,1.4,1.4,1.4,0,0,1
FINNIFTY05MAR2418800PE.NFO,2024-01-29,13:06:00,2024-03-05,1.4,1.4,1.4,1.4,0,0,1
FINNIFTY05MAR2418800PE.NFO,2024-01-29,13:07:00,2024-03-05,1.4,1.4,1.4,1.4,0,0,1
FINNIFTY05MAR2418800PE.NFO,2024-01-29,13:08:00,2024-03-05,1.4,1.4,1.4,1.4,0,0,1
FINNIFTY05MAR2418800PE.NFO,2024-01-29,13:09:00,2024-03-05,1.4,1.4,1.4,1.4,0,0,1
FINNIFTY05MAR2418800PE.NFO,2024-01-29,13:10:00,2024-03-05,1.4,1.4,1.4,1.4,0,0,1
FINNIFTY05MAR2418800PE.NFO,2024-01-29,13:11:00,2024-03-05,1.4,1.4,1.4,1.4,0,0,1
FINNIFTY05MAR2418800PE.NFO,2024-01-29,13:12:00,2024-03-05,1.4,1.4,1.4,1.4,0,0,1
FINNIFTY05MAR2418800PE.NFO,2024-01-29,13:13:00,2024-03-05,1.4,1.4,1.4,1.4,0,0,1
FINNIFTY05MAR2418800PE.NFO,2024-01-29,13:14:00,2024-03-05,1.4,1.4,1.4,1.4,0,0,1
FINNIFTY05MAR2418800PE.NFO,2024-01-29,13:15:00,2024-03-05,1.4,1.4,1.4,1.4,0,0,1
FINNIFTY05MAR2418800PE.NFO,2024-01-29,13:16:00,2024-03-05,1.4,1.4,1.4,1.4,0,0,1
FINNIFTY05MAR2418800PE.NFO,2024-01-29,13:17:00,2024-03-05,1.4,1.4,1.4,1.4,0,0,1
FINNIFTY05MAR2418800PE.NFO,2024-01-29,13:18:00,2024-03-05,1.4,1.4,1.4,1.4,0,0,1
FINNIFTY05MAR2418800PE.NFO,2024-01-29,13:19:00,2024-03-05,1.4,1.4,1.4,1.4,0,0,1
FINNIFTY05MAR2418800PE.NFO,2024-01-29,13:20:00,2024-03-05,1.4,1.4,1.4,1.4,0,0,1
FINNIFTY05MAR2418800PE.NFO,2024-01-29,13:21:00,2024-03-05,1.4,1.4,1.4,1.4,0,0,1
FINNIFTY05MAR2418800PE.NFO,2024-01-29,13:22:00,2024-03-05,1.4,1.4,1.4,1.4,0,0,1
FINNIFTY05MAR2418800PE.NFO,2024-01-29,13:23:00,2024-03-05,1.4,1.4,1.4,1.4,0,0,1
FINNIFTY05MAR2418800PE.NFO,2024-01-29,13:24:00,2024-03-05,1.4,1.4,1.4,1.4,0,0,1
FINNIFTY05MAR2418800PE.NFO,2024-01-29,13:25:00,2024-03-05,1.4,1.4,1.4,1.4,0,0,1
FINNIFTY05MAR2418800PE.NFO,2024-01-29,13:26:00,2024-03-05,1.4,1.4,1.4,1.4,0,0,1
FINNIFTY05MAR2418800PE.NFO,2024-01-29,13:27:00,2024-03-05,1.4,1.4,1.4,1.4,0,0,1
FINNIFTY05MAR2418800PE.NFO,2024-01-29,13:28:00,2024-03-05,1.4,1.4,1.4,1.4,0,0,1
FINNIFTY05MAR2418800PE.NFO,2024-01-29,13:29:00,2024-03-05,1.4,1.4,1.4,1.4,0,0,1
FINNIFTY05MAR2418800PE.NFO,2024-01-29,13:30:00,2024-03-05,1.4,1.4,1.4,1.4,0,0,1
FINNIFTY05MAR2418800PE.NFO,2024-01-29,13:31:00,2024-03-05,1.4,1.4,1.4,1.4,0,0,1
FINNIFTY05MAR2418800PE.NFO,2024-01-29,13:32:00,2024-03-05,1.4,1.4,1.4,1.4,0,0,1
FINNIFTY05MAR2418800PE.NFO,2024-01-29,13:33:00,2024-03-05,1.4,1.4,1.4,1.4,0,0,1
FINNIFTY05MAR2418800PE.NFO,2024-01-29,13:34:00,2024-03-05,1.4,1.4,1.4,1.4,0,0,1
FINNIFTY05MAR2418800PE.NFO,2024-01-29,13:35:00,2024-03-05,1.4,1.4,1.4,1.4,0,0,1
FINNIFTY05MAR2418800PE.NFO,2024-01-29,13:36:00,2024-03-05,1.4,1.4,1.4,1.4,0,0,1
FINNIFTY05MAR2418800PE.NFO,2024-01-29,13:37:00,2024-03-05,1.4,1.4,1.4,1.4,0,0,1
FINNIFTY05MAR2418800PE.NFO,2024-01-29,13:38:00,2024-03-05,1.4,1.4,1.4,1.4,0,0,1
FINNIFTY05MAR2418800PE.NFO,2024-01-29,13:39:00,2024-03-05,1.4,1.4,1.4,1.4,0,0,1
FINNIFTY05MAR2418800PE.NFO,2024-01-29,13:40:00,2024-03-05,1.4,1.4,1.4,1.4,0,0,1
FINNIFTY05MAR2418800PE.NFO,2024-01-29,13:41:00,2024-03-05,1.4,1.4,1.4,1.4,0,0,1
FINNIFTY05MAR2418800PE.NFO,2024-01-29,13:42:00,2024-03-05,1.4,1.4,1.4,1.4,0,0,1
FINNIFTY05MAR2418800PE.NFO,2024-01-29,13:43:00,2024-03-05,1.4,1.4,1.4,1.4,0,0,1
FINNIFTY05MAR2418800PE.NFO,2024-01-29,13:44:00,2024-03-05,1.4,1.4,1.4,1.4,0,0,1
FINNIFTY05MAR2418800PE.NFO,2024-01-29,13:45:00,2024-03-05,1.4,1.4,1.4,1.4,0,0,1
FINNIFTY05MAR2418800PE.NFO,2024-01-29,13:46:00,2024-03-05,1.4,1.4,1.4,1.4,0,0,1
FINNIFTY05MAR2418800PE.NFO,2024-01-29,13:47:00,2024-03-05,1.4,1.4,1.4,1.4,0,0,1
FINNIFTY05MAR2418800PE.NFO,2024-01-29,13:48:00,2024-03-05,1.4,1.4,1.4,1.4,0,0,1
FINNIFTY05MAR2418800PE.NFO,2024-01-29,13:49:00,2024-03-05,1.4,1.4,1.4,1.4,0,0,1
FINNIFTY05MAR2418800PE.NFO,2024-01-29,13:50:00,2024-03-05,1.4,1.4,1.4,1.4,0,0,1
FINNIFTY05MAR2418800PE.NFO,2024-01-29,13:51:00,2024-03-05,1.4,1.4,1.4,1.4,0,0,1
FINNIFTY05MAR2418800PE.NFO,2024-01-29,13:52:00,2024-03-05,1.4,1.4,1.4,1.4,0,0,1
FINNIFTY05MAR2418800PE.NFO,2024-01-29,13:53:00,2024-03-05,1.4,1.4,1.4,1.4,0,0,1
FINNIFTY05MAR2418800PE.NFO,2024-01-29,13:54:00,2024-03-05,1.4,1.4,1.4,1.4,0,0,1
FINNIFTY05MAR2418800PE.NFO,2024-01-29,13:55:00,2024-03-05,1.4,1.4,1.4,1.4,0,0,1
FINNIFTY05MAR2418800PE.NFO,2024-01-29,13:56:00,2024-03-05,1.4,1.4,1.4,1.4,0,0,1
FINNIFTY05MAR2418800PE.NFO,2024-01-29,13:57:00,2024-03-05,1.4,1.4,1.4,1.4,0,0,1
FINNIFTY05MAR2418800PE.NFO,2024-01-29,13:58:00,2024-03-05,1.4,1.4,1.4,1.4,0,0,1
FINNIFTY05MAR2418800PE.NFO,2024-01-29,13:59:00,2024-03-05,1.4,1.4,1.4,1.4,0,0,1
FINNIFTY05MAR2418800PE.NFO,2024-01-29,14:00:00,2024-03-05,1.4,1.4,1.4,1.4,0,0,1
FINNIFTY05MAR2418800PE.NFO,2024-01-29,14:01:00,2024-03-05,1.4,1.4,1.4,1.4,0,0,1
FINNIFTY05MAR2418800PE.NFO,2024-01-29,14:02:00,2024-03-05,1.4,1.4,1.4,1.4,0,0,1
FINNIFTY05MAR2418800PE.NFO,2024-01-29,14:03:00,2024-03-05,1.4,1.4,1.4,1.4,0,0,1
FINNIFTY05MAR2418800PE.NFO,2024-01-29,14:04:00,2024-03-05,1.4,1.4,1.4,1.4,0,0,1
FINNIFTY05MAR2418800PE.NFO,2024-01-29,14:05:00,2024-03-05,1.4,1.4,1.4,1.4,0,0,1
FINNIFTY05MAR2418800PE.NFO,2024-01-29,14:06:00,2024-03-05,1.4,1.4,1.4,1.4,0,0,1
FINNIFTY05MAR2418800PE.NFO,2024-01-29,14:07:00,2024-03-05,1.4,1.4,1.4,1.4,0,0,1
FINNIFTY05MAR2418800PE.NFO,2024-01-29,14:08:00,2024-03-05,1.4,1.4,1.4,1.4,0,0,1
FINNIFTY05MAR2418800PE.NFO,2024-01-29,14:09:00,2024-03-05,1.4,1.4,1.4,1.4,0,0,1
FINNIFTY05MAR2418800PE.NFO,2024-01-29,14:10:00,2024-03-05,1.4,1.4,1.4,1.4,0,0,1
FINNIFTY05MAR2418800PE.NFO,2024-01-29,14:11:00,2024-03-05,1.4,1.4,1.4,1.4,0,0,1
FINNIFTY05MAR2418800PE.NFO,2024-01-29,14:12:00,2024-03-05,1.4,1.4,1.4,1.4,0,0,1
FINNIFTY05MAR2418800PE.NFO,2024-01-29,14:13:00,2024-03-05,1.4,1.4,1.4,1.4,0,0,1
FINNIFTY05MAR2418800PE.NFO,2024-01-29,14:14:00,2024-03-05,1.4,1.4,1.4,1.4,0,0,1
FINNIFTY05MAR2418800PE.NFO,2024-01-29,14:15:00,2024-03-05,1.4,1.4,1.4,1.4,0,0,1
FINNIFTY05MAR2418800PE.NFO,2024-01-29,14:16:00,2024-03-05,1.4,1.4,1.4,1.4,0,0,1
FINNIFTY05MAR2418800PE.NFO,2024-01-29,14:17:00,2024-03-05,1.4,1.4,1.4,1.4,0,0,1
FINNIFTY05MAR2418800PE.NFO,2024-01-29,14:18:00,2024-03-05,1.4,1.4,1.4,1.4,0,0,1
FINNIFTY05MAR2418800PE.NFO,2024-01-29,14:19:00,2024-03-05,1.4,1.4,1.4,1.4,0,0,1
FINNIFTY05MAR2418800PE.NFO,2024-01-29,14:20:00,2024-03-05,1.4,1.4,1.4,1.4,0,0,1
FINNIFTY05MAR2418800PE.NFO,2024-01-29,14:21:00,2024-03-05,1.4,1.4,1.4,1.4,0,0,1
FINNIFTY05MAR2418800PE.NFO,2024-01-29,14:22:00,2024-03-05,1.4,1.4,1.4,1.4,0,0,1
FINNIFTY05MAR2418800PE.NFO,2024-01-29,14:23:00,2024-03-05,1.4,1.4,1.4,1.4,0,0,1
FINNIFTY05MAR2418800PE.NFO,2024-01-29,14:24:00,2024-03-05,1.4,1.4,1.4,1.4,0,0,1
FINNIFTY05MAR2418800PE.NFO,2024-01-29,14:25:00,2024-03-05,1.4,1.4,1.4,1.4,0,0,1
FINNIFTY05MAR2418800PE.NFO,2024-01-29,14:26:00,2024-03-05,1.4,1.4,1.4,1.4,0,0,1
FINNIFTY05MAR2418800PE.NFO,2024-01-29,14:27:00,2024-03-05,1.4,1.4,1.4,1.4,0,0,1
FINNIFTY05MAR2418800PE.NFO,2024-01-29,14:28:00,2024-03-05,1.4,1.4,1.4,1.4,0,0,1
FINNIFTY05MAR2418800PE.NFO,2024-01-29,14:29:00,2024-03-05,1.4,1.4,1.4,1.4,0,0,1
FINNIFTY05MAR2418800PE.NFO,2024-01-29,14:30:00,2024-03-05,1.4,1.4,1.4,1.4,0,0,1
FINNIFTY05MAR2418800PE.NFO,2024-01-29,14:31:00,2024-03-05,1.4,1.4,1.4,1.4,0,0,1
FINNIFTY05MAR2418800PE.NFO,2024-01-29,14:32:00,2024-03-05,1.4,1.4,1.4,1.4,0,0,1
FINNIFTY05MAR2418800PE.NFO,2024-01-29,14:33:00,2024-03-05,1.4,1.4,1.4,1.4,0,0,1
FINNIFTY05MAR2418800PE.NFO,2024-01-29,14:34:00,2024-03-05,1.4,1.4,1.4,1.4,0,0,1
FINNIFTY05MAR2418800PE.NFO,2024-01-29,14:35:00,2024-03-05,1.4,1.4,1.4,1.4,0,0,1
FINNIFTY05MAR2418800PE.NFO,2024-01-29,14:36:00,2024-03-05,1.4,1.4,1.4,1.4,0,0,1
FINNIFTY05MAR2418800PE.NFO,2024-01-29,14:37:00,2024-03-05,1.4,1.4,1.4,1.4,0,0,1
FINNIFTY05MAR2418800PE.NFO,2024-01-29,14:38:00,2024-03-05,1.4,1.4,1.4,1.4,0,0,1
FINNIFTY05MAR2418800PE.NFO,2024-01-29,14:39:00,2024-03-05,1.4,1.4,1.4,1.4,0,0,1
FINNIFTY05MAR2418800PE.NFO,2024-01-29,14:40:00,2024-03-05,1.4,1.4,1.4,1.4,0,0,1
FINNIFTY05MAR2418800PE.NFO,2024-01-29,14:41:00,2024-03-05,1.4,1.4,1.4,1.4,0,0,1
FINNIFTY05MAR2418800PE.NFO,2024-01-29,14:42:00,2024-03-05,1.4,1.4,1.4,1.4,0,0,1
FINNIFTY05MAR2418800PE.NFO,2024-01-29,14:43:00,2024-03-05,1.4,1.4,1.4,1.4,0,0,1
FINNIFTY05MAR2418800PE.NFO,2024-01-29,14:44:00,2024-03-05,1.4,1.4,1.4,1.4,0,0,1
FINNIFTY05MAR2418800PE.NFO,2024-01-29,14:45:00,2024-03-05,1.4,1.4,1.4,1.4,0,0,1
FINNIFTY05MAR2418800PE.NFO,2024-01-29,14:46:00,2024-03-05,1.4,1.4,1.4,1.4,0,0,1
FINNIFTY05MAR2418800PE.NFO,2024-01-29,14:47:00,2024-03-05,1.4,1.4,1.4,1.4,0,0,1
FINNIFTY05MAR2418800PE.NFO,2024-01-29,14:48:00,2024-03-05,1.4,1.4,1.4,1.4,0,0,1
FINNIFTY05MAR2418800PE.NFO,2024-01-29,14:49:00,2024-03-05,1.4,1.4,1.4,1.4,0,0,1
FINNIFTY05MAR2418800PE.NFO,2024-01-29,14:50:00,2024-03-05,1.4,1.4,1.4,1.4,0,0,1
FINNIFTY05MAR2418800PE.NFO,2024-01-29,14:51:00,2024-03-05,1.4,1.4,1.4,1.4,0,0,1
FINNIFTY05MAR2418800PE.NFO,2024-01-29,14:52:00,2024-03-05,1.4,1.4,1.4,1.4,0,0,1
FINNIFTY05MAR2418800PE.NFO,2024-01-29,14:53:00,2024-03-05,1.4,1.4,1.4,1.4,0,0,1
FINNIFTY05MAR2418800PE.NFO,2024-01-29,14:54:00,2024-03-05,1.4,1.4,1.4,1.4,0,0,1
FINNIFTY05MAR2418800PE.NFO,2024-01-29,14:55:00,2024-03-05,1.4,1.4,1.4,1.4,0,0,1
FINNIFTY05MAR2418800PE.NFO,2024-01-29,14:56:00,2024-03-05,1.4,1.4,1.4,1.4,0,0,1
FINNIFTY05MAR2418800PE.NFO,2024-01-29,14:57:00,2024-03-05,1.4,1.4,1.4,1.4,0,0,1
FINNIFTY05MAR2418800PE.NFO,2024-01-29,14:58:00,2024-03-05,1.4,1.4,1.4,1.4,0,0,1
FINNIFTY05MAR2418800PE.NFO,2024-01-29,14:59:00,2024-03-05,1.4,1.4,1.4,1.4,0,0,1
FINNIFTY05MAR2418800PE.NFO,2024-01-29,15:00:00,2024-03-05,1.4,1.4,1.4,1.4,0,0,1
FINNIFTY05MAR2418800PE.NFO,2024-01-29,15:01:00,2024-03-05,1.4,1.4,1.4,1.4,0,0,1
FINNIFTY05MAR2418800PE.NFO,2024-01-29,15:02:00,2024-03-05,1.4,1.4,1.4,1.4,0,0,1
FINNIFTY05MAR2418800PE.NFO,2024-01-29,15:03:00,2024-03-05,1.4,1.4,1.4,1.4,0,0,1
FINNIFTY05MAR2418800PE.NFO,2024-01-29,15:04:00,2024-03-05,1.4,1.4,1.4,1.4,0,0,1
FINNIFTY05MAR2418800PE.NFO,2024-01-29,15:05:00,2024-03-05,1.4,1.4,1.4,1.4,0,0,1
FINNIFTY05MAR2418800PE.NFO,2024-01-29,15:06:00,2024-03-05,1.4,1.4,1.4,1.4,0,0,1
FINNIFTY05MAR2418800PE.NFO,2024-01-29,15:07:00,2024-03-05,1.4,1.4,1.4,1.4,0,0,1
FINNIFTY05MAR2418800PE.NFO,2024-01-29,15:08:00,2024-03-05,1.4,1.4,1.4,1.4,0,0,1
FINNIFTY05MAR2418800PE.NFO,2024-01-29,15:09:00,2024-03-05,1.4,1.4,1.4,1.4,0,0,1
FINNIFTY05MAR2418800PE.NFO,2024-01-29,15:10:00,2024-03-05,1.4,1.4,1.4,1.4,0,0,1
FINNIFTY05MAR2418800PE.NFO,2024-01-29,15:11:00,2024-03-05,1.4,1.4,1.4,1.4,0,0,1
FINNIFTY05MAR2418800PE.NFO,2024-01-29,15:12:00,2024-03-05,1.4,1.4,1.4,1.4,0,0,1
FINNIFTY05MAR2418800PE.NFO,2024-01-29,15:13:00,2024-03-05,1.4,1.4,1.4,1.4,0,0,1
FINNIFTY05MAR2418800PE.NFO,2024-01-29,15:14:00,2024-03-05,1.4,1.4,1.4,1.4,0,0,1
FINNIFTY05MAR2418800PE.NFO,2024-01-29,15:15:00,2024-03-05,1.4,1.4,1.4,1.4,0,0,1
FINNIFTY05MAR2418800PE.NFO,2024-01-29,15:16:00,2024-03-05,1.4,1.4,1.4,1.4,0,0,1
FINNIFTY05MAR2418800PE.NFO,2024-01-29,15:17:00,2024-03-05,1.4,1.4,1.4,1.4,0,0,1
FINNIFTY05MAR2418800PE.NFO,2024-01-29,15:18:00,2024-03-05,1.4,1.4,1.4,1.4,0,0,1
FINNIFTY05MAR2418800PE.NFO,2024-01-29,15:19:00,2024-03-05,1.4,1.4,1.4,1.4,0,0,1
FINNIFTY05MAR2418800PE.NFO,2024-01-29,15:20:00,2024-03-05,1.4,1.4,1.4,1.4,0,0,1
FINNIFTY05MAR2418800PE.NFO,2024-01-29,15:21:00,2024-03-05,1.4,1.4,1.4,1.4,0,0,1
FINNIFTY05MAR2418800PE.NFO,2024-01-29,15:22:00,2024-03-05,1.4,1.4,1.4,1.4,0,0,1
FINNIFTY05MAR2418800PE.NFO,2024-01-29,15:23:00,2024-03-05,1.4,1.4,1.4,1.4,0,0,1
FINNIFTY05MAR2418800PE.NFO,2024-01-29,15:24:00,2024-03-05,1.4,1.4,1.4,1.4,0,0,1
FINNIFTY05MAR2418800PE.NFO,2024-01-29,15:25:00,2024-03-05,1.4,1.4,1.4,1.4,0,0,1
FINNIFTY05MAR2418800PE.NFO,2024-01-29,15:26:00,2024-03-05,1.4,1.4,1.4,1.4,0,0,1
FINNIFTY05MAR2418800PE.NFO,2024-01-29,15:27:00,2024-03-05,1.4,1.4,1.4,1.4,0,0,1
FINNIFTY05MAR2418800PE.NFO,2024-01-29,15:28:00,2024-03-05,1.4,1.4,1.4,1.4,0,0,1
FINNIFTY05MAR2418800PE.NFO,2024-01-29,15:29:00,2024-03-05,1.4,1.4,1.4,1.4,0,0,1
FINNIFTY05MAR2418800PE.NFO,2024-01-29,15:30:00,2024-03-05,1.4,1.4,1.4,1.4,0,0,1
FINNIFTY05MAR2418800PE.NFO,2024-01-30,09:15:00,2024-03-05,1.4,1.4,1.4,1.4,0,0,0
FINNIFTY05MAR2418800PE.NFO,2024-01-30,09:16:00,2024-03-05,1.4,1.4,1.4,1.4,0,0,1
FINNIFTY05MAR2418800PE.NFO,2024-01-30,09:17:00,2024-03-05,1.4,1.4,1.4,1.4,0,0,1
FINNIFTY05MAR2418800PE.NFO,2024-01-30,09:18:00,2024-03-05,1.4,1.4,1.4,1.4,0,0,1
FINNIFTY05MAR2418800PE.NFO,2024-01-30,09:19:00,2024-03-05,1.4,1.4,1.4,1.4,0,0,1
FINNIFTY05MAR2418800PE.NFO,2024-01-30,09:20:00,2024-03-05,1.4,1.4,1.4,1.4,0,0,1
FINNIFTY05MAR2418800PE.NFO,2024-01-30,09:21:00,2024-03-05,1.4,1.4,1.4,1.4,0,0,1
FINNIFTY05MAR2418800PE.NFO,2024-01-30,09:22:00,2024-03-05,1.4,1.4,1.4,1.4,0,0,1
FINNIFTY05MAR2418800PE.NFO,2024-01-30,09:23:00,2024-03-05,1.4,1.4,1.4,1.4,0,0,1
FINNIFTY05MAR2418800PE.NFO,2024-01-30,09:24:00,2024-03-05,1.4,1.4,1.4,1.4,0,0,1
FINNIFTY05MAR2418800PE.NFO,2024-01-30,09:25:00,2024-03-05,1.4,1.4,1.4,1.4,0,0,1
FINNIFTY05MAR2418800PE.NFO,2024-01-30,09:26:00,2024-03-05,1.4,1.4,1.4,1.4,0,0,1
FINNIFTY05MAR2418800PE.NFO,2024-01-30,09:27:00,2024-03-05,1.4,1.4,1.4,1.4,0,0,1
FINNIFTY05MAR2418800PE.NFO,2024-01-30,09:28:00,2024-03-05,1.4,1.4,1.4,1.4,0,0,1
FINNIFTY05MAR2418800PE.NFO,2024-01-30,09:29:00,2024-03-05,1.4,1.4,1.4,1.4,0,0,1
FINNIFTY05MAR2418800PE.NFO,2024-01-30,09:30:00,2024-03-05,1.4,1.4,1.4,1.4,0,0,1
FINNIFTY05MAR2418800PE.NFO,2024-01-30,09:31:00,2024-03-05,1.4,1.4,1.4,1.4,0,0,1
FINNIFTY05MAR2418800PE.NFO,2024-01-30,09:32:00,2024-03-05,1.4,1.4,1.4,1.4,0,0,1
FINNIFTY05MAR2418800PE.NFO,2024-01-30,09:33:00,2024-03-05,1.4,1.4,1.4,1.4,0,0,1
FINNIFTY05MAR2418800PE.NFO,2024-01-30,09:34:00,2024-03-05,1.4,1.4,1.4,1.4,0,0,1
FINNIFTY05MAR2418800PE.NFO,2024-01-30,09:35:00,2024-03-05,1.4,1.4,1.4,1.4,0,0,1
FINNIFTY05MAR2418800PE.NFO,2024-01-30,09:36:00,2024-03-05,1.4,1.4,1.4,1.4,0,0,1
FINNIFTY05MAR2418800PE.NFO,2024-01-30,09:37:00,2024-03-05,1.4,1.4,1.4,1.4,0,0,1
FINNIFTY05MAR2418800PE.NFO,2024-01-30,09:38:00,2024-03-05,1.4,1.4,1.4,1.4,0,0,1
FINNIFTY05MAR2418800PE.NFO,2024-01-30,09:39:00,2024-03-05,1.4,1.4,1.4,1.4,0,0,1
FINNIFTY05MAR2418800PE.NFO,2024-01-30,09:40:00,2024-03-05,1.4,1.4,1.4,1.4,0,0,1
FINNIFTY05MAR2418800PE.NFO,2024-01-30,09:41:00,2024-03-05,1.4,1.4,1.4,1.4,0,0,1
FINNIFTY05MAR2418800PE.NFO,2024-01-30,09:42:00,2024-03-05,1.4,1.4,1.4,1.4,0,0,1
FINNIFTY05MAR2418800PE.NFO,2024-01-30,09:43:00,2024-03-05,1.4,1.4,1.4,1.4,0,0,1
FINNIFTY05MAR2418800PE.NFO,2024-01-30,09:44:00,2024-03-05,1.4,1.4,1.4,1.4,0,0,1
FINNIFTY05MAR2418800PE.NFO,2024-01-30,09:45:00,2024-03-05,1.4,1.4,1.4,1.4,0,0,1
FINNIFTY05MAR2418800PE.NFO,2024-01-30,09:46:00,2024-03-05,1.4,1.4,1.4,1.4,0,0,1
FINNIFTY05MAR2418800PE.NFO,2024-01-30,09:47:00,2024-03-05,1.4,1.4,1.4,1.4,0,0,1
FINNIFTY05MAR2418800PE.NFO,2024-01-30,09:48:00,2024-03-05,1.4,1.4,1.4,1.4,0,0,1
FINNIFTY05MAR2418800PE.NFO,2024-01-30,09:49:00,2024-03-05,1.4,1.4,1.4,1.4,0,0,1
FINNIFTY05MAR2418800PE.NFO,2024-01-30,09:50:00,2024-03-05,1.4,1.4,1.4,1.4,0,0,1
FINNIFTY05MAR2418800PE.NFO,2024-01-30,09:51:00,2024-03-05,1.4,1.4,1.4,1.4,0,0,1
FINNIFTY05MAR2418800PE.NFO,2024-01-30,09:52:00,2024-03-05,1.4,1.4,1.4,1.4,0,0,1
FINNIFTY05MAR2418800PE.NFO,2024-01-30,09:53:00,2024-03-05,1.4,1.4,1.4,1.4,0,0,1
FINNIFTY05MAR2418800PE.NFO,2024-01-30,09:54:00,2024-03-05,1.4,1.4,1.4,1.4,0,0,1
FINNIFTY05MAR2418800PE.NFO,2024-01-30,09:55:00,2024-03-05,1.4,1.4,1.4,1.4,0,0,1
FINNIFTY05MAR2418800PE.NFO,2024-01-30,09:56:00,2024-03-05,1.4,1.4,1.4,1.4,0,0,1
FINNIFTY05MAR2418800PE.NFO,2024-01-30,09:57:00,2024-03-05,1.4,1.4,1.4,1.4,0,0,1
FINNIFTY05MAR2418800PE.NFO,2024-01-30,09:58:00,2024-03-05,1.4,1.4,1.4,1.4,0,0,1
FINNIFTY05MAR2418800PE.NFO,2024-01-30,09:59:00,2024-03-05,1.4,1.4,1.4,1.4,0,0,1
FINNIFTY05MAR2418800PE.NFO,2024-01-30,10:00:00,2024-03-05,1.4,1.4,1.4,1.4,0,0,1
FINNIFTY05MAR2418800PE.NFO,2024-01-30,10:01:00,2024-03-05,1.4,1.4,1.4,1.4,0,0,1
FINNIFTY05MAR2418800PE.NFO,2024-01-30,10:02:00,2024-03-05,1.4,1.4,1.4,1.4,0,0,1
FINNIFTY05MAR2418800PE.NFO,2024-01-30,10:03:00,2024-03-05,1.4,1.4,1.4,1.4,0,0,1
FINNIFTY05MAR2418800PE.NFO,2024-01-30,10:04:00,2024-03-05,1.4,1.4,1.4,1.4,0,0,1
FINNIFTY05MAR2418800PE.NFO,2024-01-30,10:05:00,2024-03-05,1.4,1.4,1.4,1.4,0,0,1
FINNIFTY05MAR2418800PE.NFO,2024-01-30,10:06:00,2024-03-05,1.4,1.4,1.4,1.4,0,0,1
FINNIFTY05MAR2418800PE.NFO,2024-01-30,10:07:00,2024-03-05,1.4,1.4,1.4,1.4,0,0,1
FINNIFTY05MAR2418800PE.NFO,2024-01-30,10:08:00,2024-03-05,1.4,1.4,1.4,1.4,0,0,1
FINNIFTY05MAR2418800PE.NFO,2024-01-30,10:09:00,2024-03-05,1.4,1.4,1.4,1.4,0,0,1
FINNIFTY05MAR2418800PE.NFO,2024-01-30,10:10:00,2024-03-05,1.4,1.4,1.4,1.4,0,0,1
FINNIFTY05MAR2418800PE.NFO,2024-01-30,10:11:00,2024-03-05,1.4,1.4,1.4,1.4,0,0,1
FINNIFTY05MAR2418800PE.NFO,2024-01-30,10:12:00,2024-03-05,1.4,1.4,1.4,1.4,0,0,1
FINNIFTY05MAR2418800PE.NFO,2024-01-30,10:13:00,2024-03-05,1.4,1.4,1.4,1.4,0,0,1
FINNIFTY05MAR2418800PE.NFO,2024-01-30,10:14:00,2024-03-05,1.4,1.4,1.4,1.4,0,0,1
FINNIFTY05MAR2418800PE.NFO,2024-01-30,10:15:00,2024-03-05,1.4,1.4,1.4,1.4,0,0,1
FINNIFTY05MAR2418800PE.NFO,2024-01-30,10:16:00,2024-03-05,1.4,1.4,1.4,1.4,0,0,1
FINNIFTY05MAR2418800PE.NFO,2024-01-30,10:17:00,2024-03-05,1.4,1.4,1.4,1.4,0,0,1
FINNIFTY05MAR2418800PE.NFO,2024-01-30,10:18:00,2024-03-05,1.4,1.4,1.4,1.4,0,0,1
FINNIFTY05MAR2418800PE.NFO,2024-01-30,10:19:00,2024-03-05,1.4,1.4,1.4,1.4,0,0,1
FINNIFTY05MAR2418800PE.NFO,2024-01-30,10:20:00,2024-03-05,1.4,1.4,1.4,1.4,0,0,1
FINNIFTY05MAR2418800PE.NFO,2024-01-30,10:21:00,2024-03-05,1.4,1.4,1.4,1.4,0,0,1
FINNIFTY05MAR2418800PE.NFO,2024-01-30,10:22:00,2024-03-05,1.4,1.4,1.4,1.4,0,0,1
FINNIFTY05MAR2418800PE.NFO,2024-01-30,10:23:00,2024-03-05,1.4,1.4,1.4,1.4,0,0,1
FINNIFTY05MAR2418800PE.NFO,2024-01-30,10:24:00,2024-03-05,1.4,1.4,1.4,1.4,0,0,1
FINNIFTY05MAR2418800PE.NFO,2024-01-30,10:25:00,2024-03-05,1.4,1.4,1.4,1.4,0,0,1
FINNIFTY05MAR2418800PE.NFO,2024-01-30,10:26:00,2024-03-05,1.4,1.4,1.4,1.4,0,0,1
FINNIFTY05MAR2418800PE.NFO,2024-01-30,10:27:00,2024-03-05,1.4,1.4,1.4,1.4,0,0,1
FINNIFTY05MAR2418800PE.NFO,2024-01-30,10:28:00,2024-03-05,1.4,1.4,1.4,1.4,0,0,1
FINNIFTY05MAR2418800PE.NFO,2024-01-30,10:29:00,2024-03-05,1.4,1.4,1.4,1.4,0,0,1
FINNIFTY05MAR2418800PE.NFO,2024-01-30,10:30:00,2024-03-05,1.4,1.4,1.4,1.4,0,0,1
FINNIFTY05MAR2418800PE.NFO,2024-01-30,10:31:00,2024-03-05,1.4,1.4,1.4,1.4,0,0,1
FINNIFTY05MAR2418800PE.NFO,2024-01-30,10:32:00,2024-03-05,1.4,1.4,1.4,1.4,0,0,1
FINNIFTY05MAR2418800PE.NFO,2024-01-30,10:33:00,2024-03-05,1.4,1.4,1.4,1.4,0,0,1
FINNIFTY05MAR2418800PE.NFO,2024-01-30,10:34:00,2024-03-05,1.4,1.4,1.4,1.4,0,0,1
FINNIFTY05MAR2418800PE.NFO,2024-01-30,10:35:00,2024-03-05,1.4,1.4,1.4,1.4,0,0,1
FINNIFTY05MAR2418800PE.NFO,2024-01-30,10:36:00,2024-03-05,1.4,1.4,1.4,1.4,0,0,1
FINNIFTY05MAR2418800PE.NFO,2024-01-30,10:37:00,2024-03-05,1.4,1.4,1.4,1.4,0,0,1
FINNIFTY05MAR2418800PE.NFO,2024-01-30,10:38:00,2024-03-05,1.4,1.4,1.4,1.4,0,0,1
FINNIFTY05MAR2418800PE.NFO,2024-01-30,10:39:00,2024-03-05,1.4,1.4,1.4,1.4,0,0,1
FINNIFTY05MAR2418800PE.NFO,2024-01-30,10:40:00,2024-03-05,1.4,1.4,1.4,1.4,0,0,1
FINNIFTY05MAR2418800PE.NFO,2024-01-30,10:41:00,2024-03-05,1.4,1.4,1.4,1.4,0,0,1
FINNIFTY05MAR2418800PE.NFO,2024-01-30,10:42:00,2024-03-05,1.4,1.4,1.4,1.4,0,0,1
FINNIFTY05MAR2418800PE.NFO,2024-01-30,10:43:00,2024-03-05,1.4,1.4,1.4,1.4,0,0,1
FINNIFTY05MAR2418800PE.NFO,2024-01-30,10:44:00,2024-03-05,1.4,1.4,1.4,1.4,0,0,1
FINNIFTY05MAR2418800PE.NFO,2024-01-30,10:45:00,2024-03-05,1.4,1.4,1.4,1.4,0,0,1
FINNIFTY05MAR2418800PE.NFO,2024-01-30,10:46:00,2024-03-05,1.4,1.4,1.4,1.4,0,0,1
FINNIFTY05MAR2418800PE.NFO,2024-01-30,10:47:00,2024-03-05,1.4,1.4,1.4,1.4,0,0,1
FINNIFTY05MAR2418800PE.NFO,2024-01-30,10:48:00,2024-03-05,1.4,1.4,1.4,1.4,0,0,1
FINNIFTY05MAR2418800PE.NFO,2024-01-30,10:49:00,2024-03-05,1.4,1.4,1.4,1.4,0,0,1
FINNIFTY05MAR2418800PE.NFO,2024-01-30,10:50:00,2024-03-05,1.4,1.4,1.4,1.4,0,0,1
FINNIFTY05MAR2418800PE.NFO,2024-01-30,10:51:00,2024-03-05,1.4,1.4,1.4,1.4,0,0,1
FINNIFTY05MAR2418800PE.NFO,2024-01-30,10:52:00,2024-03-05,1.4,1.4,1.4,1.4,0,0,1
FINNIFTY05MAR2418800PE.NFO,2024-01-30,10:53:00,2024-03-05,1.4,1.4,1.4,1.4,0,0,1
FINNIFTY05MAR2418800PE.NFO,2024-01-30,10:54:00,2024-03-05,1.4,1.4,1.4,1.4,0,0,1
FINNIFTY05MAR2418800PE.NFO,2024-01-30,10:55:00,2024-03-05,1.4,1.4,1.4,1.4,0,0,1
FINNIFTY05MAR2418800PE.NFO,2024-01-30,10:56:00,2024-03-05,1.4,1.4,1.4,1.4,0,0,1
FINNIFTY05MAR2418800PE.NFO,2024-01-30,10:57:00,2024-03-05,1.4,1.4,1.4,1.4,0,0,1
FINNIFTY05MAR2418800PE.NFO,2024-01-30,10:58:00,2024-03-05,1.4,1.4,1.4,1.4,0,0,1
FINNIFTY05MAR2418800PE.NFO,2024-01-30,10:59:00,2024-03-05,1.4,1.4,1.4,1.4,0,0,1
FINNIFTY05MAR2418800PE.NFO,2024-01-30,11:00:00,2024-03-05,1.4,1.4,1.4,1.4,0,0,1
FINNIFTY05MAR2418800PE.NFO,2024-01-30,11:01:00,2024-03-05,1.4,1.4,1.4,1.4,0,0,1
FINNIFTY05MAR2418800PE.NFO,2024-01-30,11:02:00,2024-03-05,1.4,1.4,1.4,1.4,0,0,1
FINNIFTY05MAR2418800PE.NFO,2024-01-30,11:03:00,2024-03-05,1.4,1.4,1.4,1.4,0,0,1
FINNIFTY05MAR2418800PE.NFO,2024-01-30,11:04:00,2024-03-05,1.4,1.4,1.4,1.4,0,0,1
FINNIFTY05MAR2418800PE.NFO,2024-01-30,11:05:00,2024-03-05,1.4,1.4,1.4,1.4,0,0,1
FINNIFTY05MAR2418800PE.NFO,2024-01-30,11:06:00,2024-03-05,1.4,1.4,1.4,1.4,0,0,1
FINNIFTY05MAR2418800PE.NFO,2024-01-30,11:07:00,2024-03-05,1.4,1.4,1.4,1.4,0,0,1
FINNIFTY05MAR2418800PE.NFO,2024-01-30,11:08:00,2024-03-05,1.4,1.4,1.4,1.4,0,0,1
FINNIFTY05MAR2418800PE.NFO,2024-01-30,11:09:00,2024-03-05,1.4,1.4,1.4,1.4,0,0,1
FINNIFTY05MAR2418800PE.NFO,2024-01-30,11:10:00,2024-03-05,1.4,1.4,1.4,1.4,0,0,1
FINNIFTY05MAR2418800PE.NFO,2024-01-30,11:11:00,2024-03-05,1.4,1.4,1.4,1.4,0,0,1
FINNIFTY05MAR2418800PE.NFO,2024-01-30,11:12:00,2024-03-05,1.4,1.4,1.4,1.4,0,0,1
FINNIFTY05MAR2418800PE.NFO,2024-01-30,11:13:00,2024-03-05,1.4,1.4,1.4,1.4,0,0,1
FINNIFTY05MAR2418800PE.NFO,2024-01-30,11:14:00,2024-03-05,1.4,1.4,1.4,1.4,0,0,1
FINNIFTY05MAR2418800PE.NFO,2024-01-30,11:15:00,2024-03-05,1.4,1.4,1.4,1.4,0,0,1
FINNIFTY05MAR2418800PE.NFO,2024-01-30,11:16:00,2024-03-05,1.4,1.4,1.4,1.4,0,0,1
FINNIFTY05MAR2418800PE.NFO,2024-01-30,11:17:00,2024-03-05,1.4,1.4,1.4,1.4,0,0,1
FINNIFTY05MAR2418800PE.NFO,2024-01-30,11:18:00,2024-03-05,1.4,1.4,1.4,1.4,0,0,1
FINNIFTY05MAR2418800PE.NFO,2024-01-30,11:19:00,2024-03-05,1.4,1.4,1.4,1.4,0,0,1
FINNIFTY05MAR2418800PE.NFO,2024-01-30,11:20:00,2024-03-05,1.4,1.4,1.4,1.4,0,0,1
FINNIFTY05MAR2418800PE.NFO,2024-01-30,11:21:00,2024-03-05,1.4,1.4,1.4,1.4,0,0,1
FINNIFTY05MAR2418800PE.NFO,2024-01-30,11:22:00,2024-03-05,1.4,1.4,1.4,1.4,0,0,1
FINNIFTY05MAR2418800PE.NFO,2024-01-30,11:23:00,2024-03-05,1.4,1.4,1.4,1.4,0,0,1
FINNIFTY05MAR2418800PE.NFO,2024-01-30,11:24:00,2024-03-05,1.4,1.4,1.4,1.4,0,0,1
FINNIFTY05MAR2418800PE.NFO,2024-01-30,11:25:00,2024-03-05,1.4,1.4,1.4,1.4,0,0,1
FINNIFTY05MAR2418800PE.NFO,2024-01-30,11:26:00,2024-03-05,1.4,1.4,1.4,1.4,0,0,1
FINNIFTY05MAR2418800PE.NFO,2024-01-30,11:27:00,2024-03-05,1.4,1.4,1.4,1.4,0,0,1
FINNIFTY05MAR2418800PE.NFO,2024-01-30,11:28:00,2024-03-05,1.4,1.4,1.4,1.4,0,0,1
FINNIFTY05MAR2418800PE.NFO,2024-01-30,11:29:00,2024-03-05,1.4,1.4,1.4,1.4,0,0,1
FINNIFTY05MAR2418800PE.NFO,2024-01-30,11:30:00,2024-03-05,1.4,1.4,1.4,1.4,0,0,1
FINNIFTY05MAR2418800PE.NFO,2024-01-30,11:31:00,2024-03-05,1.4,1.4,1.4,1.4,0,0,1
FINNIFTY05MAR2418800PE.NFO,2024-01-30,11:32:00,2024-03-05,1.4,1.4,1.4,1.4,0,0,1
FINNIFTY05MAR2418800PE.NFO,2024-01-30,11:33:00,2024-03-05,1.4,1.4,1.4,1.4,0,0,1
FINNIFTY05MAR2418800PE.NFO,2024-01-30,11:34:00,2024-03-05,1.4,1.4,1.4,1.4,0,0,1
FINNIFTY05MAR2418800PE.NFO,2024-01-30,11:35:00,2024-03-05,1.4,1.4,1.4,1.4,0,0,1
FINNIFTY05MAR2418800PE.NFO,2024-01-30,11:36:00,2024-03-05,1.4,1.4,1.4,1.4,0,0,1
FINNIFTY05MAR2418800PE.NFO,2024-01-30,11:37:00,2024-03-05,1.4,1.4,1.4,1.4,0,0,1
FINNIFTY05MAR2418800PE.NFO,2024-01-30,11:38:00,2024-03-05,1.4,1.4,1.4,1.4,0,0,1
FINNIFTY05MAR2418800PE.NFO,2024-01-30,11:39:00,2024-03-05,1.4,1.4,1.4,1.4,0,0,1
FINNIFTY05MAR2418800PE.NFO,2024-01-30,11:40:00,2024-03-05,1.4,1.4,1.4,1.4,0,0,1
FINNIFTY05MAR2418800PE.NFO,2024-01-30,11:41:00,2024-03-05,1.4,1.4,1.4,1.4,0,0,1
FINNIFTY05MAR2418800PE.NFO,2024-01-30,11:42:00,2024-03-05,1.4,1.4,1.4,1.4,0,0,1
FINNIFTY05MAR2418800PE.NFO,2024-01-30,11:43:00,2024-03-05,1.4,1.4,1.4,1.4,0,0,1
FINNIFTY05MAR2418800PE.NFO,2024-01-30,11:44:00,2024-03-05,1.4,1.4,1.4,1.4,0,0,1
FINNIFTY05MAR2418800PE.NFO,2024-01-30,11:45:00,2024-03-05,1.4,1.4,1.4,1.4,0,0,1
FINNIFTY05MAR2418800PE.NFO,2024-01-30,11:46:00,2024-03-05,1.4,1.4,1.4,1.4,0,0,1
FINNIFTY05MAR2418800PE.NFO,2024-01-30,11:47:00,2024-03-05,1.4,1.4,1.4,1.4,0,0,1
FINNIFTY05MAR2418800PE.NFO,2024-01-30,11:48:00,2024-03-05,1.4,1.4,1.4,1.4,0,0,1
FINNIFTY05MAR2418800PE.NFO,2024-01-30,11:49:00,2024-03-05,1.4,1.4,1.4,1.4,0,0,1
FINNIFTY05MAR2418800PE.NFO,2024-01-30,11:50:00,2024-03-05,1.4,1.4,1.4,1.4,0,0,1
FINNIFTY05MAR2418800PE.NFO,2024-01-30,11:51:00,2024-03-05,1.4,1.4,1.4,1.4,0,0,1
FINNIFTY05MAR2418800PE.NFO,2024-01-30,11:52:00,2024-03-05,1.4,1.4,1.4,1.4,0,0,1
FINNIFTY05MAR2418800PE.NFO,2024-01-30,11:53:00,2024-03-05,1.4,1.4,1.4,1.4,0,0,1
FINNIFTY05MAR2418800PE.NFO,2024-01-30,11:54:00,2024-03-05,1.4,1.4,1.4,1.4,0,0,1
FINNIFTY05MAR2418800PE.NFO,2024-01-30,11:55:00,2024-03-05,1.4,1.4,1.4,1.4,0,0,1
FINNIFTY05MAR2418800PE.NFO,2024-01-30,11:56:00,2024-03-05,1.4,1.4,1.4,1.4,0,0,1
FINNIFTY05MAR2418800PE.NFO,2024-01-30,11:57:00,2024-03-05,1.4,1.4,1.4,1.4,0,0,1
FINNIFTY05MAR2418800PE.NFO,2024-01-30,11:58:00,2024-03-05,1.4,1.4,1.4,1.4,0,0,1
FINNIFTY05MAR2418800PE.NFO,2024-01-30,11:59:00,2024-03-05,1.4,1.4,1.4,1.4,0,0,1
FINNIFTY05MAR2418800PE.NFO,2024-01-30,12:00:00,2024-03-05,1.4,1.4,1.4,1.4,0,0,1
FINNIFTY05MAR2418800PE.NFO,2024-01-30,12:01:00,2024-03-05,1.4,1.4,1.4,1.4,0,0,1
FINNIFTY05MAR2418800PE.NFO,2024-01-30,12:02:00,2024-03-05,1.4,1.4,1.4,1.4,0,0,1
FINNIFTY05MAR2418800PE.NFO,2024-01-30,12:03:00,2024-03-05,1.4,1.4,1.4,1.4,0,0,1
FINNIFTY05MAR2418800PE.NFO,2024-01-30,12:04:00,2024-03-05,1.4,1.4,1.4,1.4,0,0,1
FINNIFTY05MAR2418800PE.NFO,2024-01-30,12:05:00,2024-03-05,1.4,1.4,1.4,1.4,0,0,1
FINNIFTY05MAR2418800PE.NFO,2024-01-30,12:06:00,2024-03-05,1.4,1.4,1.4,1.4,0,0,1
FINNIFTY05MAR2418800PE.NFO,2024-01-30,12:07:00,2024-03-05,1.4,1.4,1.4,1.4,0,0,1
FINNIFTY05MAR2418800PE.NFO,2024-01-30,12:08:00,2024-03-05,1.4,1.4,1.4,1.4,0,0,1
FINNIFTY05MAR2418800PE.NFO,2024-01-30,12:09:00,2024-03-05,1.4,1.4,1.4,1.4,0,0,1
FINNIFTY05MAR2418800PE.NFO,2024-01-30,12:10:00,2024-03-05,1.4,1.4,1.4,1.4,0,0,1
FINNIFTY05MAR2418800PE.NFO,2024-01-30,12:11:00,2024-03-05,1.4,1.4,1.4,1.4,0,0,1
FINNIFTY05MAR2418800PE.NFO,2024-01-30,12:12:00,2024-03-05,1.4,1.4,1.4,1.4,0,0,1
FINNIFTY05MAR2418800PE.NFO,2024-01-30,12:13:00,2024-03-05,1.4,1.4,1.4,1.4,0,0,1
FINNIFTY05MAR2418800PE.NFO,2024-01-30,12:14:00,2024-03-05,1.4,1.4,1.4,1.4,0,0,1
FINNIFTY05MAR2418800PE.NFO,2024-01-30,12:15:00,2024-03-05,1.4,1.4,1.4,1.4,0,0,1
FINNIFTY05MAR2418800PE.NFO,2024-01-30,12:16:00,2024-03-05,1.4,1.4,1.4,1.4,0,0,1
FINNIFTY05MAR2418800PE.NFO,2024-01-30,12:17:00,2024-03-05,1.4,1.4,1.4,1.4,0,0,1
FINNIFTY05MAR2418800PE.NFO,2024-01-30,12:18:00,2024-03-05,1.4,1.4,1.4,1.4,0,0,1
FINNIFTY05MAR2418800PE.NFO,2024-01-30,12:19:00,2024-03-05,1.4,1.4,1.4,1.4,0,0,1
FINNIFTY05MAR2418800PE.NFO,2024-01-30,12:20:00,2024-03-05,1.4,1.4,1.4,1.4,0,0,1
FINNIFTY05MAR2418800PE.NFO,2024-01-30,12:21:00,2024-03-05,1.4,1.4,1.4,1.4,0,0,1
FINNIFTY05MAR2418800PE.NFO,2024-01-30,12:22:00,2024-03-05,1.4,1.4,1.4,1.4,0,0,1
FINNIFTY05MAR2418800PE.NFO,2024-01-30,12:23:00,2024-03-05,1.4,1.4,1.4,1.4,0,0,1
FINNIFTY05MAR2418800PE.NFO,2024-01-30,12:24:00,2024-03-05,1.4,1.4,1.4,1.4,0,0,1
FINNIFTY05MAR2418800PE.NFO,2024-01-30,12:25:00,2024-03-05,1.4,1.4,1.4,1.4,0,0,1
FINNIFTY05MAR2418800PE.NFO,2024-01-30,12:26:00,2024-03-05,1.4,1.4,1.4,1.4,0,0,1
FINNIFTY05MAR2418800PE.NFO,2024-01-30,12:27:00,2024-03-05,1.4,1.4,1.4,1.4,0,0,1
FINNIFTY05MAR2418800PE.NFO,2024-01-30,12:28:00,2024-03-05,1.4,1.4,1.4,1.4,0,0,1
FINNIFTY05MAR2418800PE.NFO,2024-01-30,12:29:00,2024-03-05,1.4,1.4,1.4,1.4,0,0,1
FINNIFTY05MAR2418800PE.NFO,2024-01-30,12:30:00,2024-03-05,1.4,1.4,1.4,1.4,0,0,1
FINNIFTY05MAR2418800PE.NFO,2024-01-30,12:31:00,2024-03-05,1.4,1.4,1.4,1.4,0,0,1
FINNIFTY05MAR2418800PE.NFO,2024-01-30,12:32:00,2024-03-05,1.4,1.4,1.4,1.4,0,0,1
FINNIFTY05MAR2418800PE.NFO,2024-01-30,12:33:00,2024-03-05,1.4,1.4,1.4,1.4,0,0,1
FINNIFTY05MAR2418800PE.NFO,2024-01-30,12:34:00,2024-03-05,1.4,1.4,1.4,1.4,0,0,1
FINNIFTY05MAR2418800PE.NFO,2024-01-30,12:35:00,2024-03-05,1.4,1.4,1.4,1.4,0,0,1
FINNIFTY05MAR2418800PE.NFO,2024-01-30,12:36:00,2024-03-05,1.4,1.4,1.4,1.4,0,0,1
FINNIFTY05MAR2418800PE.NFO,2024-01-30,12:37:00,2024-03-05,1.4,1.4,1.4,1.4,0,0,1
FINNIFTY05MAR2418800PE.NFO,2024-01-30,12:38:00,2024-03-05,1.4,1.4,1.4,1.4,0,0,1
FINNIFTY05MAR2418800PE.NFO,2024-01-30,12:39:00,2024-03-05,1.4,1.4,1.4,1.4,0,0,1
FINNIFTY05MAR2418800PE.NFO,2024-01-30,12:40:00,2024-03-05,1.4,1.4,1.4,1.4,0,0,1
FINNIFTY05MAR2418800PE.NFO,2024-01-30,12:41:00,2024-03-05,1.4,1.4,1.4,1.4,0,0,1
FINNIFTY05MAR2418800PE.NFO,2024-01-30,12:42:00,2024-03-05,1.4,1.4,1.4,1.4,0,0,1
FINNIFTY05MAR2418800PE.NFO,2024-01-30,12:43:00,2024-03-05,1.4,1.4,1.4,1.4,0,0,1
FINNIFTY05MAR2418800PE.NFO,2024-01-30,12:44:00,2024-03-05,1.4,1.4,1.4,1.4,0,0,1
FINNIFTY05MAR2418800PE.NFO,2024-01-30,12:45:00,2024-03-05,1.4,1.4,1.4,1.4,0,0,1
FINNIFTY05MAR2418800PE.NFO,2024-01-30,12:46:00,2024-03-05,1.4,1.4,1.4,1.4,0,0,1
FINNIFTY05MAR2418800PE.NFO,2024-01-30,12:47:00,2024-03-05,1.4,1.4,1.4,1.4,0,0,1
FINNIFTY05MAR2418800PE.NFO,2024-01-30,12:48:00,2024-03-05,1.4,1.4,1.4,1.4,0,0,1
FINNIFTY05MAR2418800PE.NFO,2024-01-30,12:49:00,2024-03-05,1.4,1.4,1.4,1.4,0,0,1
FINNIFTY05MAR2418800PE.NFO,2024-01-30,12:50:00,2024-03-05,1.4,1.4,1.4,1.4,0,0,1
FINNIFTY05MAR2418800PE.NFO,2024-01-30,12:51:00,2024-03-05,1.4,1.4,1.4,1.4,0,0,1
FINNIFTY05MAR2418800PE.NFO,2024-01-30,12:52:00,2024-03-05,1.4,1.4,1.4,1.4,0,0,1
FINNIFTY05MAR2418800PE.NFO,2024-01-30,12:53:00,2024-03-05,1.4,1.4,1.4,1.4,0,0,1
FINNIFTY05MAR2418800PE.NFO,2024-01-30,12:54:00,2024-03-05,1.4,1.4,1.4,1.4,0,0,1
FINNIFTY05MAR2418800PE.NFO,2024-01-30,12:55:00,2024-03-05,1.4,1.4,1.4,1.4,0,0,1
FINNIFTY05MAR2418800PE.NFO,2024-01-30,12:56:00,2024-03-05,1.4,1.4,1.4,1.4,0,0,1
FINNIFTY05MAR2418800PE.NFO,2024-01-30,12:57:00,2024-03-05,1.4,1.4,1.4,1.4,0,0,1
FINNIFTY05MAR2418800PE.NFO,2024-01-30,12:58:00,2024-03-05,1.4,1.4,1.4,1.4,0,0,1
FINNIFTY05MAR2418800PE.NFO,2024-01-30,12:59:00,2024-03-05,1.4,1.4,1.4,1.4,0,0,1
FINNIFTY05MAR2418800PE.NFO,2024-01-30,13:00:00,2024-03-05,1.4,1.4,1.4,1.4,0,0,1
FINNIFTY05MAR2418800PE.NFO,2024-01-30,13:01:00,2024-03-05,1.4,1.4,1.4,1.4,0,0,1
FINNIFTY05MAR2418800PE.NFO,2024-01-30,13:02:00,2024-03-05,1.4,1.4,1.4,1.4,0,0,1
FINNIFTY05MAR2418800PE.NFO,2024-01-30,13:03:00,2024-03-05,1.4,1.4,1.4,1.4,0,0,1
FINNIFTY05MAR2418800PE.NFO,2024-01-30,13:04:00,2024-03-05,1.4,1.4,1.4,1.4,0,0,1
FINNIFTY05MAR2418800PE.NFO,2024-01-30,13:05:00,2024-03-05,1.4,1.4,1.4,1.4,0,0,1
FINNIFTY05MAR2418800PE.NFO,2024-01-30,13:06:00,2024-03-05,1.4,1.4,1.4,1.4,0,0,1
FINNIFTY05MAR2418800PE.NFO,2024-01-30,13:07:00,2024-03-05,1.4,1.4,1.4,1.4,0,0,1
FINNIFTY05MAR2418800PE.NFO,2024-01-30,13:08:00,2024-03-05,1.4,1.4,1.4,1.4,0,0,1
FINNIFTY05MAR2418800PE.NFO,2024-01-30,13:09:00,2024-03-05,1.4,1.4,1.4,1.4,0,0,1
FINNIFTY05MAR2418800PE.NFO,2024-01-30,13:10:00,2024-03-05,1.4,1.4,1.4,1.4,0,0,1
FINNIFTY05MAR2418800PE.NFO,2024-01-30,13:11:00,2024-03-05,1.4,1.4,1.4,1.4,0,0,1
FINNIFTY05MAR2418800PE.NFO,2024-01-30,13:12:00,2024-03-05,1.4,1.4,1.4,1.4,0,0,1
FINNIFTY05MAR2418800PE.NFO,2024-01-30,13:13:00,2024-03-05,1.4,1.4,1.4,1.4,0,0,1
FINNIFTY05MAR2418800PE.NFO,2024-01-30,13:14:00,2024-03-05,1.4,1.4,1.4,1.4,0,0,1
FINNIFTY05MAR2418800PE.NFO,2024-01-30,13:15:00,2024-03-05,1.4,1.4,1.4,1.4,0,0,1
FINNIFTY05MAR2418800PE.NFO,2024-01-30,13:16:00,2024-03-05,1.4,1.4,1.4,1.4,0,0,1
FINNIFTY05MAR2418800PE.NFO,2024-01-30,13:17:00,2024-03-05,1.4,1.4,1.4,1.4,0,0,1
FINNIFTY05MAR2418800PE.NFO,2024-01-30,13:18:00,2024-03-05,1.4,1.4,1.4,1.4,0,0,1
FINNIFTY05MAR2418800PE.NFO,2024-01-30,13:19:00,2024-03-05,1.4,1.4,1.4,1.4,0,0,1
FINNIFTY05MAR2418800PE.NFO,2024-01-30,13:20:00,2024-03-05,1.4,1.4,1.4,1.4,0,0,1
FINNIFTY05MAR2418800PE.NFO,2024-01-30,13:21:00,2024-03-05,1.4,1.4,1.4,1.4,0,0,1
FINNIFTY05MAR2418800PE.NFO,2024-01-30,13:22:00,2024-03-05,1.4,1.4,1.4,1.4,0,0,1
FINNIFTY05MAR2418800PE.NFO,2024-01-30,13:23:00,2024-03-05,1.4,1.4,1.4,1.4,0,0,1
FINNIFTY05MAR2418800PE.NFO,2024-01-30,13:24:00,2024-03-05,1.4,1.4,1.4,1.4,0,0,1
FINNIFTY05MAR2418800PE.NFO,2024-01-30,13:25:00,2024-03-05,1.4,1.4,1.4,1.4,0,0,1
FINNIFTY05MAR2418800PE.NFO,2024-01-30,13:26:00,2024-03-05,1.4,1.4,1.4,1.4,0,0,1
FINNIFTY05MAR2418800PE.NFO,2024-01-30,13:27:00,2024-03-05,1.4,1.4,1.4,1.4,0,0,1
FINNIFTY05MAR2418800PE.NFO,2024-01-30,13:28:00,2024-03-05,1.4,1.4,1.4,1.4,0,0,1
FINNIFTY05MAR2418800PE.NFO,2024-01-30,13:29:00,2024-03-05,1.4,1.4,1.4,1.4,0,0,1
FINNIFTY05MAR2418800PE.NFO,2024-01-30,13:30:00,2024-03-05,1.4,1.4,1.4,1.4,0,0,1
FINNIFTY05MAR2418800PE.NFO,2024-01-30,13:31:00,2024-03-05,1.4,1.4,1.4,1.4,0,0,1
FINNIFTY05MAR2418800PE.NFO,2024-01-30,13:32:00,2024-03-05,1.4,1.4,1.4,1.4,0,0,1
FINNIFTY05MAR2418800PE.NFO,2024-01-30,13:33:00,2024-03-05,1.4,1.4,1.4,1.4,0,0,1
FINNIFTY05MAR2418800PE.NFO,2024-01-30,13:34:00,2024-03-05,1.4,1.4,1.4,1.4,0,0,1
FINNIFTY05MAR2418800PE.NFO,2024-01-30,13:35:00,2024-03-05,1.4,1.4,1.4,1.4,0,0,1
FINNIFTY05MAR2418800PE.NFO,2024-01-30,13:36:00,2024-03-05,1.4,1.4,1.4,1.4,0,0,1
FINNIFTY05MAR2418800PE.NFO,2024-01-30,13:37:00,2024-03-05,1.4,1.4,1.4,1.4,0,0,1
FINNIFTY05MAR2418800PE.NFO,2024-01-30,13:38:00,2024-03-05,1.4,1.4,1.4,1.4,0,0,1
FINNIFTY05MAR2418800PE.NFO,2024-01-30,13:39:00,2024-03-05,1.4,1.4,1.4,1.4,0,0,1
FINNIFTY05MAR2418800PE.NFO,2024-01-30,13:40:00,2024-03-05,1.4,1.4,1.4,1.4,0,0,1
FINNIFTY05MAR2418800PE.NFO,2024-01-30,13:41:00,2024-03-05,1.4,1.4,1.4,1.4,0,0,1
FINNIFTY05MAR2418800PE.NFO,2024-01-30,13:42:00,2024-03-05,1.4,1.4,1.4,1.4,0,0,1
FINNIFTY05MAR2418800PE.NFO,2024-01-30,13:43:00,2024-03-05,1.4,1.4,1.4,1.4,0,0,1
FINNIFTY05MAR2418800PE.NFO,2024-01-30,13:44:00,2024-03-05,1.4,1.4,1.4,1.4,0,0,1
FINNIFTY05MAR2418800PE.NFO,2024-01-30,13:45:00,2024-03-05,1.4,1.4,1.4,1.4,0,0,1
FINNIFTY05MAR2418800PE.NFO,2024-01-30,13:46:00,2024-03-05,1.4,1.4,1.4,1.4,0,0,1
FINNIFTY05MAR2418800PE.NFO,2024-01-30,13:47:00,2024-03-05,1.4,1.4,1.4,1.4,0,0,1
FINNIFTY05MAR2418800PE.NFO,2024-01-30,13:48:00,2024-03-05,1.4,1.4,1.4,1.4,0,0,1
FINNIFTY05MAR2418800PE.NFO,2024-01-30,13:49:00,2024-03-05,1.4,1.4,1.4,1.4,0,0,1
FINNIFTY05MAR2418800PE.NFO,2024-01-30,13:50:00,2024-03-05,1.4,1.4,1.4,1.4,0,0,1
FINNIFTY05MAR2418800PE.NFO,2024-01-30,13:51:00,2024-03-05,1.4,1.4,1.4,1.4,0,0,1
FINNIFTY05MAR2418800PE.NFO,2024-01-30,13:52:00,2024-03-05,1.4,1.4,1.4,1.4,0,0,1
FINNIFTY05MAR2418800PE.NFO,2024-01-30,13:53:00,2024-03-05,1.4,1.4,1.4,1.4,0,0,1
FINNIFTY05MAR2418800PE.NFO,2024-01-30,13:54:00,2024-03-05,1.4,1.4,1.4,1.4,0,0,1
FINNIFTY05MAR2418800PE.NFO,2024-01-30,13:55:00,2024-03-05,1.4,1.4,1.4,1.4,0,0,1
FINNIFTY05MAR2418800PE.NFO,2024-01-30,13:56:00,2024-03-05,1.4,1.4,1.4,1.4,0,0,1
FINNIFTY05MAR2418800PE.NFO,2024-01-30,13:57:00,2024-03-05,1.4,1.4,1.4,1.4,0,0,1
FINNIFTY05MAR2418800PE.NFO,2024-01-30,13:58:00,2024-03-05,1.4,1.4,1.4,1.4,0,0,1
FINNIFTY05MAR2418800PE.NFO,2024-01-30,13:59:00,2024-03-05,1.4,1.4,1.4,1.4,0,0,1
FINNIFTY05MAR2418800PE.NFO,2024-01-30,14:00:00,2024-03-05,1.4,1.4,1.4,1.4,0,0,1
FINNIFTY05MAR2418800PE.NFO,2024-01-30,14:01:00,2024-03-05,1.4,1.4,1.4,1.4,0,0,1
FINNIFTY05MAR2418800PE.NFO,2024-01-30,14:02:00,2024-03-05,1.4,1.4,1.4,1.4,0,0,1
FINNIFTY05MAR2418800PE.NFO,2024-01-30,14:03:00,2024-03-05,1.4,1.4,1.4,1.4,0,0,1
FINNIFTY05MAR2418800PE.NFO,2024-01-30,14:04:00,2024-03-05,1.4,1.4,1.4,1.4,0,0,1
FINNIFTY05MAR2418800PE.NFO,2024-01-30,14:05:00,2024-03-05,1.4,1.4,1.4,1.4,0,0,1
FINNIFTY05MAR2418800PE.NFO,2024-01-30,14:06:00,2024-03-05,1.4,1.4,1.4,1.4,0,0,1
FINNIFTY05MAR2418800PE.NFO,2024-01-30,14:07:00,2024-03-05,1.4,1.4,1.4,1.4,0,0,1
FINNIFTY05MAR2418800PE.NFO,2024-01-30,14:08:00,2024-03-05,1.4,1.4,1.4,1.4,0,0,1
FINNIFTY05MAR2418800PE.NFO,2024-01-30,14:09:00,2024-03-05,1.4,1.4,1.4,1.4,0,0,1
FINNIFTY05MAR2418800PE.NFO,2024-01-30,14:10:00,2024-03-05,1.4,1.4,1.4,1.4,0,0,1
FINNIFTY05MAR2418800PE.NFO,2024-01-30,14:11:00,2024-03-05,1.4,1.4,1.4,1.4,0,0,1
FINNIFTY05MAR2418800PE.NFO,2024-01-30,14:12:00,2024-03-05,1.4,1.4,1.4,1.4,0,0,1
FINNIFTY05MAR2418800PE.NFO,2024-01-30,14:13:00,2024-03-05,1.4,1.4,1.4,1.4,0,0,1
FINNIFTY05MAR2418800PE.NFO,2024-01-30,14:14:00,2024-03-05,1.4,1.4,1.4,1.4,0,0,1
FINNIFTY05MAR2418800PE.NFO,2024-01-30,14:15:00,2024-03-05,1.4,1.4,1.4,1.4,0,0,1
FINNIFTY05MAR2418800PE.NFO,2024-01-30,14:16:00,2024-03-05,1.4,1.4,1.4,1.4,0,0,1
FINNIFTY05MAR2418800PE.NFO,2024-01-30,14:17:00,2024-03-05,1.4,1.4,1.4,1.4,0,0,1
FINNIFTY05MAR2418800PE.NFO,2024-01-30,14:18:00,2024-03-05,1.4,1.4,1.4,1.4,0,0,1
FINNIFTY05MAR2418800PE.NFO,2024-01-30,14:19:00,2024-03-05,1.4,1.4,1.4,1.4,0,0,1
FINNIFTY05MAR2418800PE.NFO,2024-01-30,14:20:00,2024-03-05,1.4,1.4,1.4,1.4,0,0,1
FINNIFTY05MAR2418800PE.NFO,2024-01-30,14:21:00,2024-03-05,1.4,1.4,1.4,1.4,0,0,1
FINNIFTY05MAR2418800PE.NFO,2024-01-30,14:22:00,2024-03-05,1.4,1.4,1.4,1.4,0,0,1
FINNIFTY05MAR2418800PE.NFO,2024-01-30,14:23:00,2024-03-05,1.4,1.4,1.4,1.4,0,0,1
FINNIFTY05MAR2418800PE.NFO,2024-01-30,14:24:00,2024-03-05,1.4,1.4,1.4,1.4,0,0,1
FINNIFTY05MAR2418800PE.NFO,2024-01-30,14:25:00,2024-03-05,1.4,1.4,1.4,1.4,0,0,1
FINNIFTY05MAR2418800PE.NFO,2024-01-30,14:26:00,2024-03-05,1.4,1.4,1.4,1.4,0,0,1
FINNIFTY05MAR2418800PE.NFO,2024-01-30,14:27:00,2024-03-05,1.4,1.4,1.4,1.4,0,0,1
FINNIFTY05MAR2418800PE.NFO,2024-01-30,14:28:00,2024-03-05,1.4,1.4,1.4,1.4,0,0,1
FINNIFTY05MAR2418800PE.NFO,2024-01-30,14:29:00,2024-03-05,1.4,1.4,1.4,1.4,0,0,1
FINNIFTY05MAR2418800PE.NFO,2024-01-30,14:30:00,2024-03-05,1.4,1.4,1.4,1.4,0,0,1
FINNIFTY05MAR2418800PE.NFO,2024-01-30,14:31:00,2024-03-05,1.4,1.4,1.4,1.4,0,0,1
FINNIFTY05MAR2418800PE.NFO,2024-01-30,14:32:00,2024-03-05,1.4,1.4,1.4,1.4,0,0,1
FINNIFTY05MAR2418800PE.NFO,2024-01-30,14:33:00,2024-03-05,1.4,1.4,1.4,1.4,0,0,1
FINNIFTY05MAR2418800PE.NFO,2024-01-30,14:34:00,2024-03-05,1.4,1.4,1.4,1.4,0,0,1
FINNIFTY05MAR2418800PE.NFO,2024-01-30,14:35:00,2024-03-05,1.4,1.4,1.4,1.4,0,0,1
FINNIFTY05MAR2418800PE.NFO,2024-01-30,14:36:00,2024-03-05,1.4,1.4,1.4,1.4,0,0,1
FINNIFTY05MAR2418800PE.NFO,2024-01-30,14:37:00,2024-03-05,1.4,1.4,1.4,1.4,0,0,1
FINNIFTY05MAR2418800PE.NFO,2024-01-30,14:38:00,2024-03-05,1.4,1.4,1.4,1.4,0,0,1
FINNIFTY05MAR2418800PE.NFO,2024-01-30,14:39:00,2024-03-05,1.4,1.4,1.4,1.4,0,0,1
FINNIFTY05MAR2418800PE.NFO,2024-01-30,14:40:00,2024-03-05,1.4,1.4,1.4,1.4,0,0,1
FINNIFTY05MAR2418800PE.NFO,2024-01-30,14:41:00,2024-03-05,1.4,1.4,1.4,1.4,0,0,1
FINNIFTY05MAR2418800PE.NFO,2024-01-30,14:42:00,2024-03-05,1.4,1.4,1.4,1.4,0,0,1
FINNIFTY05MAR2418800PE.NFO,2024-01-30,14:43:00,2024-03-05,1.4,1.4,1.4,1.4,0,0,1
FINNIFTY05MAR2418800PE.NFO,2024-01-30,14:44:00,2024-03-05,1.4,1.4,1.4,1.4,0,0,1
FINNIFTY05MAR2418800PE.NFO,2024-01-30,14:45:00,2024-03-05,1.4,1.4,1.4,1.4,0,0,1
FINNIFTY05MAR2418800PE.NFO,2024-01-30,14:46:00,2024-03-05,1.4,1.4,1.4,1.4,0,0,1
FINNIFTY05MAR2418800PE.NFO,2024-01-30,14:47:00,2024-03-05,1.4,1.4,1.4,1.4,0,0,1
FINNIFTY05MAR2418800PE.NFO,2024-01-30,14:48:00,2024-03-05,1.4,1.4,1.4,1.4,0,0,1
FINNIFTY05MAR2418800PE.NFO,2024-01-30,14:49:00,2024-03-05,1.4,1.4,1.4,1.4,0,0,1
FINNIFTY05MAR2418800PE.NFO,2024-01-30,14:50:00,2024-03-05,1.4,1.4,1.4,1.4,0,0,1
FINNIFTY05MAR2418800PE.NFO,2024-01-30,14:51:00,2024-03-05,1.4,1.4,1.4,1.4,0,0,1
FINNIFTY05MAR2418800PE.NFO,2024-01-30,14:52:00,2024-03-05,1.4,1.4,1.4,1.4,0,0,1
FINNIFTY05MAR2418800PE.NFO,2024-01-30,14:53:00,2024-03-05,1.4,1.4,1.4,1.4,0,0,1
FINNIFTY05MAR2418800PE.NFO,2024-01-30,14:54:00,2024-03-05,1.4,1.4,1.4,1.4,0,0,1
FINNIFTY05MAR2418800PE.NFO,2024-01-30,14:55:00,2024-03-05,1.4,1.4,1.4,1.4,0,0,1
FINNIFTY05MAR2418800PE.NFO,2024-01-30,14:56:00,2024-03-05,1.4,1.4,1.4,1.4,0,0,1
FINNIFTY05MAR2418800PE.NFO,2024-01-30,14:57:00,2024-03-05,1.4,1.4,1.4,1.4,0,0,1
FINNIFTY05MAR2418800PE.NFO,2024-01-30,14:58:00,2024-03-05,1.4,1.4,1.4,1.4,0,0,1
FINNIFTY05MAR2418800PE.NFO,2024-01-30,14:59:00,2024-03-05,1.4,1.4,1.4,1.4,0,0,1
FINNIFTY05MAR2418800PE.NFO,2024-01-30,15:00:00,2024-03-05,1.4,1.4,1.4,1.4,0,0,1
FINNIFTY05MAR2418800PE.NFO,2024-01-30,15:01:00,2024-03-05,1.4,1.4,1.4,1.4,0,0,1
FINNIFTY05MAR2418800PE.NFO,2024-01-30,15:02:00,2024-03-05,1.4,1.4,1.4,1.4,0,0,1
FINNIFTY05MAR2418800PE.NFO,2024-01-30,15:03:00,2024-03-05,1.4,1.4,1.4,1.4,0,0,1
FINNIFTY05MAR2418800PE.NFO,2024-01-30,15:04:00,2024-03-05,1.4,1.4,1.4,1.4,0,0,1
FINNIFTY05MAR2418800PE.NFO,2024-01-30,15:05:00,2024-03-05,1.4,1.4,1.4,1.4,0,0,1
FINNIFTY05MAR2418800PE.NFO,2024-01-30,15:06:00,2024-03-05,1.4,1.4,1.4,1.4,0,0,1
FINNIFTY05MAR2418800PE.NFO,2024-01-30,15:07:00,2024-03-05,1.4,1.4,1.4,1.4,0,0,1
FINNIFTY05MAR2418800PE.NFO,2024-01-30,15:08:00,2024-03-05,1.4,1.4,1.4,1.4,0,0,1
FINNIFTY05MAR2418800PE.NFO,2024-01-30,15:09:00,2024-03-05,1.4,1.4,1.4,1.4,0,0,1
FINNIFTY05MAR2418800PE.NFO,2024-01-30,15:10:00,2024-03-05,1.4,1.4,1.4,1.4,0,0,1
FINNIFTY05MAR2418800PE.NFO,2024-01-30,15:11:00,2024-03-05,1.4,1.4,1.4,1.4,0,0,1
FINNIFTY05MAR2418800PE.NFO,2024-01-30,15:12:00,2024-03-05,1.4,1.4,1.4,1.4,0,0,1
FINNIFTY05MAR2418800PE.NFO,2024-01-30,15:13:00,2024-03-05,1.4,1.4,1.4,1.4,0,0,1
FINNIFTY05MAR2418800PE.NFO,2024-01-30,15:14:00,2024-03-05,1.4,1.4,1.4,1.4,0,0,1
FINNIFTY05MAR2418800PE.NFO,2024-01-30,15:15:00,2024-03-05,1.4,1.4,1.4,1.4,0,0,1
FINNIFTY05MAR2418800PE.NFO,2024-01-30,15:16:00,2024-03-05,1.4,1.4,1.4,1.4,0,0,1
FINNIFTY05MAR2418800PE.NFO,2024-01-30,15:17:00,2024-03-05,1.4,1.4,1.4,1.4,0,0,1
FINNIFTY05MAR2418800PE.NFO,2024-01-30,15:18:00,2024-03-05,1.4,1.4,1.4,1.4,0,0,1
FINNIFTY05MAR2418800PE.NFO,2024-01-30,15:19:00,2024-03-05,1.4,1.4,1.4,1.4,0,0,1
FINNIFTY05MAR2418800PE.NFO,2024-01-30,15:20:00,2024-03-05,1.4,1.4,1.4,1.4,0,0,1
FINNIFTY05MAR2418800PE.NFO,2024-01-30,15:21:00,2024-03-05,1.4,1.4,1.4,1.4,0,0,1
FINNIFTY05MAR2418800PE.NFO,2024-01-30,15:22:00,2024-03-05,1.4,1.4,1.4,1.4,0,0,1
FINNIFTY05MAR2418800PE.NFO,2024-01-30,15:23:00,2024-03-05,1.4,1.4,1.4,1.4,0,0,1
FINNIFTY05MAR2418800PE.NFO,2024-01-30,15:24:00,2024-03-05,1.4,1.4,1.4,1.4,0,0,1
FINNIFTY05MAR2418800PE.NFO,2024-01-30,15:25:00,2024-03-05,1.4,1.4,1.4,1.4,0,0,1
FINNIFTY05MAR2418800PE.NFO,2024-01-30,15:26:00,2024-03-05,1.4,1.4,1.4,1.4,0,0,1
FINNIFTY05MAR2418800PE.NFO,2024-01-30,15:27:00,2024-03-05,1.4,1.4,1.4,1.4,0,0,1
FINNIFTY05MAR2418800PE.NFO,2024-01-30,15:28:00,2024-03-05,1.4,1.4,1.4,1.4,0,0,1
FINNIFTY05MAR2418800PE.NFO,2024-01-30,15:29:00,2024-03-05,1.4,1.4,1.4,1.4,0,0,1
FINNIFTY05MAR2418800PE.NFO,2024-01-30,15:30:00,2024-03-05,1.4,1.4,1.4,1.4,0,0,1
FINNIFTY05MAR2418800PE.NFO,2024-01-31,09:15:00,2024-03-05,1.4,1.4,1.4,1.4,0,0,0
FINNIFTY05MAR2418800PE.NFO,2024-01-31,09:16:00,2024-03-05,1.4,1.4,1.4,1.4,0,0,1
FINNIFTY05MAR2418800PE.NFO,2024-01-31,09:17:00,2024-03-05,1.4,1.4,1.4,1.4,0,0,1
FINNIFTY05MAR2418800PE.NFO,2024-01-31,09:18:00,2024-03-05,1.4,1.4,1.4,1.4,0,0,1
FINNIFTY05MAR2418800PE.NFO,2024-01-31,09:19:00,2024-03-05,1.4,1.4,1.4,1.4,0,0,1
FINNIFTY05MAR2418800PE.NFO,2024-01-31,09:20:00,2024-03-05,1.4,1.4,1.4,1.4,0,0,1
FINNIFTY05MAR2418800PE.NFO,2024-01-31,09:21:00,2024-03-05,1.4,1.4,1.4,1.4,0,0,1
FINNIFTY05MAR2418800PE.NFO,2024-01-31,09:22:00,2024-03-05,1.4,1.4,1.4,1.4,0,0,1
FINNIFTY05MAR2418800PE.NFO,2024-01-31,09:23:00,2024-03-05,1.4,1.4,1.4,1.4,0,0,1
FINNIFTY05MAR2418800PE.NFO,2024-01-31,09:24:00,2024-03-05,1.4,1.4,1.4,1.4,0,0,1
FINNIFTY05MAR2418800PE.NFO,2024-01-31,09:25:00,2024-03-05,1.4,1.4,1.4,1.4,0,0,1
FINNIFTY05MAR2418800PE.NFO,2024-01-31,09:26:00,2024-03-05,1.4,1.4,1.4,1.4,0,0,1
FINNIFTY05MAR2418800PE.NFO,2024-01-31,09:27:00,2024-03-05,1.4,1.4,1.4,1.4,0,0,1
FINNIFTY05MAR2418800PE.NFO,2024-01-31,09:28:00,2024-03-05,1.4,1.4,1.4,1.4,0,0,1
FINNIFTY05MAR2418800PE.NFO,2024-01-31,09:29:00,2024-03-05,1.4,1.4,1.4,1.4,0,0,1
FINNIFTY05MAR2418800PE.NFO,2024-01-31,09:30:00,2024-03-05,1.4,1.4,1.4,1.4,0,0,1
FINNIFTY05MAR2418800PE.NFO,2024-01-31,09:31:00,2024-03-05,1.4,1.4,1.4,1.4,0,0,1
FINNIFTY05MAR2418800PE.NFO,2024-01-31,09:32:00,2024-03-05,1.4,1.4,1.4,1.4,0,0,1
FINNIFTY05MAR2418800PE.NFO,2024-01-31,09:33:00,2024-03-05,1.4,1.4,1.4,1.4,0,0,1
FINNIFTY05MAR2418800PE.NFO,2024-01-31,09:34:00,2024-03-05,1.4,1.4,1.4,1.4,0,0,1
FINNIFTY05MAR2418800PE.NFO,2024-01-31,09:35:00,2024-03-05,1.4,1.4,1.4,1.4,0,0,1
FINNIFTY05MAR2418800PE.NFO,2024-01-31,09:36:00,2024-03-05,1.4,1.4,1.4,1.4,0,0,1
FINNIFTY05MAR2418800PE.NFO,2024-01-31,09:37:00,2024-03-05,1.4,1.4,1.4,1.4,0,0,1
FINNIFTY05MAR2418800PE.NFO,2024-01-31,09:38:00,2024-03-05,1.4,1.4,1.4,1.4,0,0,1
FINNIFTY05MAR2418800PE.NFO,2024-01-31,09:39:00,2024-03-05,1.4,1.4,1.4,1.4,0,0,1
FINNIFTY05MAR2418800PE.NFO,2024-01-31,09:40:00,2024-03-05,1.4,1.4,1.4,1.4,0,0,1
FINNIFTY05MAR2418800PE.NFO,2024-01-31,09:41:00,2024-03-05,1.4,1.4,1.4,1.4,0,0,1
FINNIFTY05MAR2418800PE.NFO,2024-01-31,09:42:00,2024-03-05,1.4,1.4,1.4,1.4,0,0,1
FINNIFTY05MAR2418800PE.NFO,2024-01-31,09:43:00,2024-03-05,1.4,1.4,1.4,1.4,0,0,1
FINNIFTY05MAR2418800PE.NFO,2024-01-31,09:44:00,2024-03-05,1.4,1.4,1.4,1.4,0,0,1
FINNIFTY05MAR2418800PE.NFO,2024-01-31,09:45:00,2024-03-05,1.4,1.4,1.4,1.4,0,0,1
FINNIFTY05MAR2418800PE.NFO,2024-01-31,09:46:00,2024-03-05,1.4,1.4,1.4,1.4,0,0,1
FINNIFTY05MAR2418800PE.NFO,2024-01-31,09:47:00,2024-03-05,1.4,1.4,1.4,1.4,0,0,1
FINNIFTY05MAR2418800PE.NFO,2024-01-31,09:48:00,2024-03-05,1.4,1.4,1.4,1.4,0,0,1
FINNIFTY05MAR2418800PE.NFO,2024-01-31,09:49:00,2024-03-05,1.4,1.4,1.4,1.4,0,0,1
FINNIFTY05MAR2418800PE.NFO,2024-01-31,09:50:00,2024-03-05,1.4,1.4,1.4,1.4,0,0,1
FINNIFTY05MAR2418800PE.NFO,2024-01-31,09:51:00,2024-03-05,1.4,1.4,1.4,1.4,0,0,1
FINNIFTY05MAR2418800PE.NFO,2024-01-31,09:52:00,2024-03-05,1.4,1.4,1.4,1.4,0,0,1
FINNIFTY05MAR2418800PE.NFO,2024-01-31,09:53:00,2024-03-05,1.4,1.4,1.4,1.4,0,0,1
FINNIFTY05MAR2418800PE.NFO,2024-01-31,09:54:00,2024-03-05,1.4,1.4,1.4,1.4,0,0,1
FINNIFTY05MAR2418800PE.NFO,2024-01-31,09:55:00,2024-03-05,1.4,1.4,1.4,1.4,0,0,1
FINNIFTY05MAR2418800PE.NFO,2024-01-31,09:56:00,2024-03-05,1.4,1.4,1.4,1.4,0,0,1
FINNIFTY05MAR2418800PE.NFO,2024-01-31,09:57:00,2024-03-05,1.4,1.4,1.4,1.4,0,0,1
FINNIFTY05MAR2418800PE.NFO,2024-01-31,09:58:00,2024-03-05,1.4,1.4,1.4,1.4,0,0,1
FINNIFTY05MAR2418800PE.NFO,2024-01-31,09:59:00,2024-03-05,1.4,1.4,1.4,1.4,0,0,1
FINNIFTY05MAR2418800PE.NFO,2024-01-31,10:00:00,2024-03-05,1.4,1.4,1.4,1.4,0,0,1
FINNIFTY05MAR2418800PE.NFO,2024-01-31,10:01:00,2024-03-05,1.4,1.4,1.4,1.4,0,0,1
FINNIFTY05MAR2418800PE.NFO,2024-01-31,10:02:00,2024-03-05,1.4,1.4,1.4,1.4,0,0,1
FINNIFTY05MAR2418800PE.NFO,2024-01-31,10:03:00,2024-03-05,1.4,1.4,1.4,1.4,0,0,1
FINNIFTY05MAR2418800PE.NFO,2024-01-31,10:04:00,2024-03-05,1.4,1.4,1.4,1.4,0,0,1
FINNIFTY05MAR2418800PE.NFO,2024-01-31,10:05:00,2024-03-05,1.4,1.4,1.4,1.4,0,0,1
FINNIFTY05MAR2418800PE.NFO,2024-01-31,10:06:00,2024-03-05,1.4,1.4,1.4,1.4,0,0,1
FINNIFTY05MAR2418800PE.NFO,2024-01-31,10:07:00,2024-03-05,1.4,1.4,1.4,1.4,0,0,1
FINNIFTY05MAR2418800PE.NFO,2024-01-31,10:08:00,2024-03-05,1.4,1.4,1.4,1.4,0,0,1
FINNIFTY05MAR2418800PE.NFO,2024-01-31,10:09:00,2024-03-05,1.4,1.4,1.4,1.4,0,0,1
FINNIFTY05MAR2418800PE.NFO,2024-01-31,10:10:00,2024-03-05,1.4,1.4,1.4,1.4,0,0,1
FINNIFTY05MAR2418800PE.NFO,2024-01-31,10:11:00,2024-03-05,1.4,1.4,1.4,1.4,0,0,1
FINNIFTY05MAR2418800PE.NFO,2024-01-31,10:12:00,2024-03-05,1.4,1.4,1.4,1.4,0,0,1
FINNIFTY05MAR2418800PE.NFO,2024-01-31,10:13:00,2024-03-05,1.4,1.4,1.4,1.4,0,0,1
FINNIFTY05MAR2418800PE.NFO,2024-01-31,10:14:00,2024-03-05,1.4,1.4,1.4,1.4,0,0,1
FINNIFTY05MAR2418800PE.NFO,2024-01-31,10:15:00,2024-03-05,1.4,1.4,1.4,1.4,0,0,1
FINNIFTY05MAR2418800PE.NFO,2024-01-31,10:16:00,2024-03-05,1.4,1.4,1.4,1.4,0,0,1
FINNIFTY05MAR2418800PE.NFO,2024-01-31,10:17:00,2024-03-05,1.4,1.4,1.4,1.4,0,0,1
FINNIFTY05MAR2418800PE.NFO,2024-01-31,10:18:00,2024-03-05,1.4,1.4,1.4,1.4,0,0,1
FINNIFTY05MAR2418800PE.NFO,2024-01-31,10:19:00,2024-03-05,1.4,1.4,1.4,1.4,0,0,1
FINNIFTY05MAR2418800PE.NFO,2024-01-31,10:20:00,2024-03-05,1.4,1.4,1.4,1.4,0,0,1
FINNIFTY05MAR2418800PE.NFO,2024-01-31,10:21:00,2024-03-05,1.4,1.4,1.4,1.4,0,0,1
FINNIFTY05MAR2418800PE.NFO,2024-01-31,10:22:00,2024-03-05,1.4,1.4,1.4,1.4,0,0,1
FINNIFTY05MAR2418800PE.NFO,2024-01-31,10:23:00,2024-03-05,1.4,1.4,1.4,1.4,0,0,1
FINNIFTY05MAR2418800PE.NFO,2024-01-31,10:24:00,2024-03-05,1.4,1.4,1.4,1.4,0,0,1
FINNIFTY05MAR2418800PE.NFO,2024-01-31,10:25:00,2024-03-05,1.4,1.4,1.4,1.4,0,0,1
FINNIFTY05MAR2418800PE.NFO,2024-01-31,10:26:00,2024-03-05,1.4,1.4,1.4,1.4,0,0,1
FINNIFTY05MAR2418800PE.NFO,2024-01-31,10:27:00,2024-03-05,1.4,1.4,1.4,1.4,0,0,1
FINNIFTY05MAR2418800PE.NFO,2024-01-31,10:28:00,2024-03-05,1.4,1.4,1.4,1.4,0,0,1
FINNIFTY05MAR2418800PE.NFO,2024-01-31,10:29:00,2024-03-05,1.4,1.4,1.4,1.4,0,0,1
FINNIFTY05MAR2418800PE.NFO,2024-01-31,10:30:00,2024-03-05,1.4,1.4,1.4,1.4,0,0,1
FINNIFTY05MAR2418800PE.NFO,2024-01-31,10:31:00,2024-03-05,1.4,1.4,1.4,1.4,0,0,1
FINNIFTY05MAR2418800PE.NFO,2024-01-31,10:32:00,2024-03-05,1.4,1.4,1.4,1.4,0,0,1
FINNIFTY05MAR2418800PE.NFO,2024-01-31,10:33:00,2024-03-05,1.4,1.4,1.4,1.4,0,0,1
FINNIFTY05MAR2418800PE.NFO,2024-01-31,10:34:00,2024-03-05,1.4,1.4,1.4,1.4,0,0,1
FINNIFTY05MAR2418800PE.NFO,2024-01-31,10:35:00,2024-03-05,1.4,1.4,1.4,1.4,0,0,1
FINNIFTY05MAR2418800PE.NFO,2024-01-31,10:36:00,2024-03-05,1.4,1.4,1.4,1.4,0,0,1
FINNIFTY05MAR2418800PE.NFO,2024-01-31,10:37:00,2024-03-05,1.4,1.4,1.4,1.4,0,0,1
FINNIFTY05MAR2418800PE.NFO,2024-01-31,10:38:00,2024-03-05,1.4,1.4,1.4,1.4,0,0,1
FINNIFTY05MAR2418800PE.NFO,2024-01-31,10:39:00,2024-03-05,1.4,1.4,1.4,1.4,0,0,1
FINNIFTY05MAR2418800PE.NFO,2024-01-31,10:40:00,2024-03-05,1.4,1.4,1.4,1.4,0,0,1
FINNIFTY05MAR2418800PE.NFO,2024-01-31,10:41:00,2024-03-05,1.4,1.4,1.4,1.4,0,0,1
FINNIFTY05MAR2418800PE.NFO,2024-01-31,10:42:00,2024-03-05,1.4,1.4,1.4,1.4,0,0,1
FINNIFTY05MAR2418800PE.NFO,2024-01-31,10:43:00,2024-03-05,1.4,1.4,1.4,1.4,0,0,1
FINNIFTY05MAR2418800PE.NFO,2024-01-31,10:44:00,2024-03-05,1.4,1.4,1.4,1.4,0,0,1
FINNIFTY05MAR2418800PE.NFO,2024-01-31,10:45:00,2024-03-05,1.4,1.4,1.4,1.4,0,0,1
FINNIFTY05MAR2418800PE.NFO,2024-01-31,10:46:00,2024-03-05,1.4,1.4,1.4,1.4,0,0,1
FINNIFTY05MAR2418800PE.NFO,2024-01-31,10:47:00,2024-03-05,1.4,1.4,1.4,1.4,0,0,1
FINNIFTY05MAR2418800PE.NFO,2024-01-31,10:48:00,2024-03-05,1.4,1.4,1.4,1.4,0,0,1
FINNIFTY05MAR2418800PE.NFO,2024-01-31,10:49:00,2024-03-05,1.4,1.4,1.4,1.4,0,0,1
FINNIFTY05MAR2418800PE.NFO,2024-01-31,10:50:00,2024-03-05,1.4,1.4,1.4,1.4,0,0,1
FINNIFTY05MAR2418800PE.NFO,2024-01-31,10:51:00,2024-03-05,1.4,1.4,1.4,1.4,0,0,1
FINNIFTY05MAR2418800PE.NFO,2024-01-31,10:52:00,2024-03-05,1.4,1.4,1.4,1.4,0,0,1
FINNIFTY05MAR2418800PE.NFO,2024-01-31,10:53:00,2024-03-05,1.4,1.4,1.4,1.4,0,0,1
FINNIFTY05MAR2418800PE.NFO,2024-01-31,10:54:00,2024-03-05,1.4,1.4,1.4,1.4,0,0,1
FINNIFTY05MAR2418800PE.NFO,2024-01-31,10:55:00,2024-03-05,1.4,1.4,1.4,1.4,0,0,1
FINNIFTY05MAR2418800PE.NFO,2024-01-31,10:56:00,2024-03-05,1.4,1.4,1.4,1.4,0,0,1
FINNIFTY05MAR2418800PE.NFO,2024-01-31,10:57:00,2024-03-05,1.4,1.4,1.4,1.4,0,0,1
FINNIFTY05MAR2418800PE.NFO,2024-01-31,10:58:00,2024-03-05,1.4,1.4,1.4,1.4,0,0,1
FINNIFTY05MAR2418800PE.NFO,2024-01-31,10:59:00,2024-03-05,1.4,1.4,1.4,1.4,0,0,1
FINNIFTY05MAR2418800PE.NFO,2024-01-31,11:00:00,2024-03-05,1.4,1.4,1.4,1.4,0,0,1
FINNIFTY05MAR2418800PE.NFO,2024-01-31,11:01:00,2024-03-05,1.4,1.4,1.4,1.4,0,0,1
FINNIFTY05MAR2418800PE.NFO,2024-01-31,11:02:00,2024-03-05,1.4,1.4,1.4,1.4,0,0,1
FINNIFTY05MAR2418800PE.NFO,2024-01-31,11:03:00,2024-03-05,1.4,1.4,1.4,1.4,0,0,1
FINNIFTY05MAR2418800PE.NFO,2024-01-31,11:04:00,2024-03-05,1.4,1.4,1.4,1.4,0,0,1
FINNIFTY05MAR2418800PE.NFO,2024-01-31,11:05:00,2024-03-05,1.4,1.4,1.4,1.4,0,0,1
FINNIFTY05MAR2418800PE.NFO,2024-01-31,11:06:00,2024-03-05,1.4,1.4,1.4,1.4,0,0,1
FINNIFTY05MAR2418800PE.NFO,2024-01-31,11:07:00,2024-03-05,1.4,1.4,1.4,1.4,0,0,1
FINNIFTY05MAR2418800PE.NFO,2024-01-31,11:08:00,2024-03-05,1.4,1.4,1.4,1.4,0,0,1
FINNIFTY05MAR2418800PE.NFO,2024-01-31,11:09:00,2024-03-05,1.4,1.4,1.4,1.4,0,0,1
FINNIFTY05MAR2418800PE.NFO,2024-01-31,11:10:00,2024-03-05,1.4,1.4,1.4,1.4,0,0,1
FINNIFTY05MAR2418800PE.NFO,2024-01-31,11:11:00,2024-03-05,1.4,1.4,1.4,1.4,0,0,1
FINNIFTY05MAR2418800PE.NFO,2024-01-31,11:12:00,2024-03-05,1.4,1.4,1.4,1.4,0,0,1
FINNIFTY05MAR2418800PE.NFO,2024-01-31,11:13:00,2024-03-05,1.4,1.4,1.4,1.4,0,0,1
FINNIFTY05MAR2418800PE.NFO,2024-01-31,11:14:00,2024-03-05,1.4,1.4,1.4,1.4,0,0,1
FINNIFTY05MAR2418800PE.NFO,2024-01-31,11:15:00,2024-03-05,1.4,1.4,1.4,1.4,0,0,1
FINNIFTY05MAR2418800PE.NFO,2024-01-31,11:16:00,2024-03-05,1.4,1.4,1.4,1.4,0,0,1
FINNIFTY05MAR2418800PE.NFO,2024-01-31,11:17:00,2024-03-05,1.4,1.4,1.4,1.4,0,0,1
FINNIFTY05MAR2418800PE.NFO,2024-01-31,11:18:00,2024-03-05,1.4,1.4,1.4,1.4,0,0,1
FINNIFTY05MAR2418800PE.NFO,2024-01-31,11:19:00,2024-03-05,1.4,1.4,1.4,1.4,0,0,1
FINNIFTY05MAR2418800PE.NFO,2024-01-31,11:20:00,2024-03-05,1.4,1.4,1.4,1.4,0,0,1
FINNIFTY05MAR2418800PE.NFO,2024-01-31,11:21:00,2024-03-05,1.4,1.4,1.4,1.4,0,0,1
FINNIFTY05MAR2418800PE.NFO,2024-01-31,11:22:00,2024-03-05,1.4,1.4,1.4,1.4,0,0,1
FINNIFTY05MAR2418800PE.NFO,2024-01-31,11:23:00,2024-03-05,1.4,1.4,1.4,1.4,0,0,1
FINNIFTY05MAR2418800PE.NFO,2024-01-31,11:24:00,2024-03-05,1.4,1.4,1.4,1.4,0,0,1
FINNIFTY05MAR2418800PE.NFO,2024-01-31,11:25:00,2024-03-05,1.4,1.4,1.4,1.4,0,0,1
FINNIFTY05MAR2418800PE.NFO,2024-01-31,11:26:00,2024-03-05,1.4,1.4,1.4,1.4,0,0,1
FINNIFTY05MAR2418800PE.NFO,2024-01-31,11:27:00,2024-03-05,1.4,1.4,1.4,1.4,0,0,1
FINNIFTY05MAR2418800PE.NFO,2024-01-31,11:28:00,2024-03-05,1.4,1.4,1.4,1.4,0,0,1
FINNIFTY05MAR2418800PE.NFO,2024-01-31,11:29:00,2024-03-05,1.4,1.4,1.4,1.4,0,0,1
FINNIFTY05MAR2418800PE.NFO,2024-01-31,11:30:00,2024-03-05,1.4,1.4,1.4,1.4,0,0,1
FINNIFTY05MAR2418800PE.NFO,2024-01-31,11:31:00,2024-03-05,1.4,1.4,1.4,1.4,0,0,1
FINNIFTY05MAR2418800PE.NFO,2024-01-31,11:32:00,2024-03-05,1.4,1.4,1.4,1.4,0,0,1
FINNIFTY05MAR2418800PE.NFO,2024-01-31,11:33:00,2024-03-05,1.4,1.4,1.4,1.4,0,0,1
FINNIFTY05MAR2418800PE.NFO,2024-01-31,11:34:00,2024-03-05,1.4,1.4,1.4,1.4,0,0,1
FINNIFTY05MAR2418800PE.NFO,2024-01-31,11:35:00,2024-03-05,1.4,1.4,1.4,1.4,0,0,1
FINNIFTY05MAR2418800PE.NFO,2024-01-31,11:36:00,2024-03-05,1.4,1.4,1.4,1.4,0,0,1
FINNIFTY05MAR2418800PE.NFO,2024-01-31,11:37:00,2024-03-05,1.4,1.4,1.4,1.4,0,0,1
FINNIFTY05MAR2418800PE.NFO,2024-01-31,11:38:00,2024-03-05,1.4,1.4,1.4,1.4,0,0,1
FINNIFTY05MAR2418800PE.NFO,2024-01-31,11:39:00,2024-03-05,1.4,1.4,1.4,1.4,0,0,1
FINNIFTY05MAR2418800PE.NFO,2024-01-31,11:40:00,2024-03-05,1.4,1.4,1.4,1.4,0,0,1
FINNIFTY05MAR2418800PE.NFO,2024-01-31,11:41:00,2024-03-05,1.4,1.4,1.4,1.4,0,0,1
FINNIFTY05MAR2418800PE.NFO,2024-01-31,11:42:00,2024-03-05,1.4,1.4,1.4,1.4,0,0,1
FINNIFTY05MAR2418800PE.NFO,2024-01-31,11:43:00,2024-03-05,1.4,1.4,1.4,1.4,0,0,1
FINNIFTY05MAR2418800PE.NFO,2024-01-31,11:44:00,2024-03-05,1.4,1.4,1.4,1.4,0,0,1
FINNIFTY05MAR2418800PE.NFO,2024-01-31,11:45:00,2024-03-05,1.4,1.4,1.4,1.4,0,0,1
FINNIFTY05MAR2418800PE.NFO,2024-01-31,11:46:00,2024-03-05,1.4,1.4,1.4,1.4,0,0,1
FINNIFTY05MAR2418800PE.NFO,2024-01-31,11:47:00,2024-03-05,1.4,1.4,1.4,1.4,0,0,1
FINNIFTY05MAR2418800PE.NFO,2024-01-31,11:48:00,2024-03-05,1.4,1.4,1.4,1.4,0,0,1
FINNIFTY05MAR2418800PE.NFO,2024-01-31,11:49:00,2024-03-05,1.4,1.4,1.4,1.4,0,0,1
FINNIFTY05MAR2418800PE.NFO,2024-01-31,11:50:00,2024-03-05,1.4,1.4,1.4,1.4,0,0,1
FINNIFTY05MAR2418800PE.NFO,2024-01-31,11:51:00,2024-03-05,1.4,1.4,1.4,1.4,0,0,1
FINNIFTY05MAR2418800PE.NFO,2024-01-31,11:52:00,2024-03-05,1.4,1.4,1.4,1.4,0,0,1
FINNIFTY05MAR2418800PE.NFO,2024-01-31,11:53:00,2024-03-05,1.4,1.4,1.4,1.4,0,0,1
FINNIFTY05MAR2418800PE.NFO,2024-01-31,11:54:00,2024-03-05,1.4,1.4,1.4,1.4,0,0,1
FINNIFTY05MAR2418800PE.NFO,2024-01-31,11:55:00,2024-03-05,1.4,1.4,1.4,1.4,0,0,1
FINNIFTY05MAR2418800PE.NFO,2024-01-31,11:56:00,2024-03-05,1.4,1.4,1.4,1.4,0,0,1
FINNIFTY05MAR2418800PE.NFO,2024-01-31,11:57:00,2024-03-05,1.4,1.4,1.4,1.4,0,0,1
FINNIFTY05MAR2418800PE.NFO,2024-01-31,11:58:00,2024-03-05,1.4,1.4,1.4,1.4,0,0,1
FINNIFTY05MAR2418800PE.NFO,2024-01-31,11:59:00,2024-03-05,1.4,1.4,1.4,1.4,0,0,1
FINNIFTY05MAR2418800PE.NFO,2024-01-31,12:00:00,2024-03-05,1.4,1.4,1.4,1.4,0,0,1
FINNIFTY05MAR2418800PE.NFO,2024-01-31,12:01:00,2024-03-05,1.4,1.4,1.4,1.4,0,0,1
FINNIFTY05MAR2418800PE.NFO,2024-01-31,12:02:00,2024-03-05,1.4,1.4,1.4,1.4,0,0,1
FINNIFTY05MAR2418800PE.NFO,2024-01-31,12:03:00,2024-03-05,1.4,1.4,1.4,1.4,0,0,1
FINNIFTY05MAR2418800PE.NFO,2024-01-31,12:04:00,2024-03-05,1.4,1.4,1.4,1.4,0,0,1
FINNIFTY05MAR2418800PE.NFO,2024-01-31,12:05:00,2024-03-05,1.4,1.4,1.4,1.4,0,0,1
FINNIFTY05MAR2418800PE.NFO,2024-01-31,12:06:00,2024-03-05,1.4,1.4,1.4,1.4,0,0,1
FINNIFTY05MAR2418800PE.NFO,2024-01-31,12:07:00,2024-03-05,1.4,1.4,1.4,1.4,0,0,1
FINNIFTY05MAR2418800PE.NFO,2024-01-31,12:08:00,2024-03-05,1.4,1.4,1.4,1.4,0,0,1
FINNIFTY05MAR2418800PE.NFO,2024-01-31,12:09:00,2024-03-05,1.4,1.4,1.4,1.4,0,0,1
FINNIFTY05MAR2418800PE.NFO,2024-01-31,12:10:00,2024-03-05,1.4,1.4,1.4,1.4,0,0,1
FINNIFTY05MAR2418800PE.NFO,2024-01-31,12:11:00,2024-03-05,1.4,1.4,1.4,1.4,0,0,1
FINNIFTY05MAR2418800PE.NFO,2024-01-31,12:12:00,2024-03-05,1.4,1.4,1.4,1.4,0,0,1
FINNIFTY05MAR2418800PE.NFO,2024-01-31,12:13:00,2024-03-05,1.4,1.4,1.4,1.4,0,0,1
FINNIFTY05MAR2418800PE.NFO,2024-01-31,12:14:00,2024-03-05,1.4,1.4,1.4,1.4,0,0,1
FINNIFTY05MAR2418800PE.NFO,2024-01-31,12:15:00,2024-03-05,1.4,1.4,1.4,1.4,0,0,1
FINNIFTY05MAR2418800PE.NFO,2024-01-31,12:16:00,2024-03-05,1.4,1.4,1.4,1.4,0,0,1
FINNIFTY05MAR2418800PE.NFO,2024-01-31,12:17:00,2024-03-05,1.4,1.4,1.4,1.4,0,0,1
FINNIFTY05MAR2418800PE.NFO,2024-01-31,12:18:00,2024-03-05,1.4,1.4,1.4,1.4,0,0,1
FINNIFTY05MAR2418800PE.NFO,2024-01-31,12:19:00,2024-03-05,1.4,1.4,1.4,1.4,0,0,1
FINNIFTY05MAR2418800PE.NFO,2024-01-31,12:20:00,2024-03-05,1.4,1.4,1.4,1.4,0,0,1
FINNIFTY05MAR2418800PE.NFO,2024-01-31,12:21:00,2024-03-05,1.4,1.4,1.4,1.4,0,0,1
FINNIFTY05MAR2418800PE.NFO,2024-01-31,12:22:00,2024-03-05,1.4,1.4,1.4,1.4,0,0,1
FINNIFTY05MAR2418800PE.NFO,2024-01-31,12:23:00,2024-03-05,1.4,1.4,1.4,1.4,0,0,1
FINNIFTY05MAR2418800PE.NFO,2024-01-31,12:24:00,2024-03-05,1.4,1.4,1.4,1.4,0,0,1
FINNIFTY05MAR2418800PE.NFO,2024-01-31,12:25:00,2024-03-05,1.4,1.4,1.4,1.4,0,0,1
FINNIFTY05MAR2418800PE.NFO,2024-01-31,12:26:00,2024-03-05,1.4,1.4,1.4,1.4,0,0,1
FINNIFTY05MAR2418800PE.NFO,2024-01-31,12:27:00,2024-03-05,1.4,1.4,1.4,1.4,0,0,1
FINNIFTY05MAR2418800PE.NFO,2024-01-31,12:28:00,2024-03-05,1.4,1.4,1.4,1.4,0,0,1
FINNIFTY05MAR2418800PE.NFO,2024-01-31,12:29:00,2024-03-05,1.4,1.4,1.4,1.4,0,0,1
FINNIFTY05MAR2418800PE.NFO,2024-01-31,12:30:00,2024-03-05,1.4,1.4,1.4,1.4,0,0,1
FINNIFTY05MAR2418800PE.NFO,2024-01-31,12:31:00,2024-03-05,1.4,1.4,1.4,1.4,0,0,1
FINNIFTY05MAR2418800PE.NFO,2024-01-31,12:32:00,2024-03-05,1.4,1.4,1.4,1.4,0,0,1
FINNIFTY05MAR2418800PE.NFO,2024-01-31,12:33:00,2024-03-05,1.4,1.4,1.4,1.4,0,0,1
FINNIFTY05MAR2418800PE.NFO,2024-01-31,12:34:00,2024-03-05,1.4,1.4,1.4,1.4,0,0,1
FINNIFTY05MAR2418800PE.NFO,2024-01-31,12:35:00,2024-03-05,1.4,1.4,1.4,1.4,0,0,1
FINNIFTY05MAR2418800PE.NFO,2024-01-31,12:36:00,2024-03-05,1.4,1.4,1.4,1.4,0,0,1
FINNIFTY05MAR2418800PE.NFO,2024-01-31,12:37:00,2024-03-05,1.4,1.4,1.4,1.4,0,0,1
FINNIFTY05MAR2418800PE.NFO,2024-01-31,12:38:00,2024-03-05,1.4,1.4,1.4,1.4,0,0,1
FINNIFTY05MAR2418800PE.NFO,2024-01-31,12:39:00,2024-03-05,1.4,1.4,1.4,1.4,0,0,1
FINNIFTY05MAR2418800PE.NFO,2024-01-31,12:40:00,2024-03-05,1.4,1.4,1.4,1.4,0,0,1
FINNIFTY05MAR2418800PE.NFO,2024-01-31,12:41:00,2024-03-05,1.4,1.4,1.4,1.4,0,0,1
FINNIFTY05MAR2418800PE.NFO,2024-01-31,12:42:00,2024-03-05,1.4,1.4,1.4,1.4,0,0,1
FINNIFTY05MAR2418800PE.NFO,2024-01-31,12:43:00,2024-03-05,1.4,1.4,1.4,1.4,0,0,1
FINNIFTY05MAR2418800PE.NFO,2024-01-31,12:44:00,2024-03-05,1.4,1.4,1.4,1.4,0,0,1
FINNIFTY05MAR2418800PE.NFO,2024-01-31,12:45:00,2024-03-05,1.4,1.4,1.4,1.4,0,0,1
FINNIFTY05MAR2418800PE.NFO,2024-01-31,12:46:00,2024-03-05,1.4,1.4,1.4,1.4,0,0,1
FINNIFTY05MAR2418800PE.NFO,2024-01-31,12:47:00,2024-03-05,1.4,1.4,1.4,1.4,0,0,1
FINNIFTY05MAR2418800PE.NFO,2024-01-31,12:48:00,2024-03-05,1.4,1.4,1.4,1.4,0,0,1
FINNIFTY05MAR2418800PE.NFO,2024-01-31,12:49:00,2024-03-05,1.4,1.4,1.4,1.4,0,0,1
FINNIFTY05MAR2418800PE.NFO,2024-01-31,12:50:00,2024-03-05,1.4,1.4,1.4,1.4,0,0,1
FINNIFTY05MAR2418800PE.NFO,2024-01-31,12:51:00,2024-03-05,1.4,1.4,1.4,1.4,0,0,1
FINNIFTY05MAR2418800PE.NFO,2024-01-31,12:52:00,2024-03-05,1.4,1.4,1.4,1.4,0,0,1
FINNIFTY05MAR2418800PE.NFO,2024-01-31,12:53:00,2024-03-05,1.4,1.4,1.4,1.4,0,0,1
FINNIFTY05MAR2418800PE.NFO,2024-01-31,12:54:00,2024-03-05,1.4,1.4,1.4,1.4,0,0,1
FINNIFTY05MAR2418800PE.NFO,2024-01-31,12:55:00,2024-03-05,1.4,1.4,1.4,1.4,0,0,1
FINNIFTY05MAR2418800PE.NFO,2024-01-31,12:56:00,2024-03-05,1.4,1.4,1.4,1.4,0,0,1
FINNIFTY05MAR2418800PE.NFO,2024-01-31,12:57:00,2024-03-05,1.4,1.4,1.4,1.4,0,0,1
FINNIFTY05MAR2418800PE.NFO,2024-01-31,12:58:00,2024-03-05,1.4,1.4,1.4,1.4,0,0,1
FINNIFTY05MAR2418800PE.NFO,2024-01-31,12:59:00,2024-03-05,1.4,1.4,1.4,1.4,0,0,1
FINNIFTY05MAR2418800PE.NFO,2024-01-31,13:00:00,2024-03-05,1.4,1.4,1.4,1.4,0,0,1
FINNIFTY05MAR2418800PE.NFO,2024-01-31,13:01:00,2024-03-05,1.4,1.4,1.4,1.4,0,0,1
FINNIFTY05MAR2418800PE.NFO,2024-01-31,13:02:00,2024-03-05,1.4,1.4,1.4,1.4,0,0,1
FINNIFTY05MAR2418800PE.NFO,2024-01-31,13:03:00,2024-03-05,1.4,1.4,1.4,1.4,0,0,1
FINNIFTY05MAR2418800PE.NFO,2024-01-31,13:04:00,2024-03-05,1.4,1.4,1.4,1.4,0,0,1
FINNIFTY05MAR2418800PE.NFO,2024-01-31,13:05:00,2024-03-05,1.4,1.4,1.4,1.4,0,0,1
FINNIFTY05MAR2418800PE.NFO,2024-01-31,13:06:00,2024-03-05,1.4,1.4,1.4,1.4,0,0,1
FINNIFTY05MAR2418800PE.NFO,2024-01-31,13:07:00,2024-03-05,1.4,1.4,1.4,1.4,0,0,1
FINNIFTY05MAR2418800PE.NFO,2024-01-31,13:08:00,2024-03-05,1.4,1.4,1.4,1.4,0,0,1
FINNIFTY05MAR2418800PE.NFO,2024-01-31,13:09:00,2024-03-05,1.4,1.4,1.4,1.4,0,0,1
FINNIFTY05MAR2418800PE.NFO,2024-01-31,13:10:00,2024-03-05,1.4,1.4,1.4,1.4,0,0,1
FINNIFTY05MAR2418800PE.NFO,2024-01-31,13:11:00,2024-03-05,1.4,1.4,1.4,1.4,0,0,1
FINNIFTY05MAR2418800PE.NFO,2024-01-31,13:12:00,2024-03-05,1.4,1.4,1.4,1.4,0,0,1
FINNIFTY05MAR2418800PE.NFO,2024-01-31,13:13:00,2024-03-05,1.4,1.4,1.4,1.4,0,0,1
FINNIFTY05MAR2418800PE.NFO,2024-01-31,13:14:00,2024-03-05,1.4,1.4,1.4,1.4,0,0,1
FINNIFTY05MAR2418800PE.NFO,2024-01-31,13:15:00,2024-03-05,1.4,1.4,1.4,1.4,0,0,1
FINNIFTY05MAR2418800PE.NFO,2024-01-31,13:16:00,2024-03-05,1.4,1.4,1.4,1.4,0,0,1
FINNIFTY05MAR2418800PE.NFO,2024-01-31,13:17:00,2024-03-05,1.4,1.4,1.4,1.4,0,0,1
FINNIFTY05MAR2418800PE.NFO,2024-01-31,13:18:00,2024-03-05,1.4,1.4,1.4,1.4,0,0,1
FINNIFTY05MAR2418800PE.NFO,2024-01-31,13:19:00,2024-03-05,1.4,1.4,1.4,1.4,0,0,1
FINNIFTY05MAR2418800PE.NFO,2024-01-31,13:20:00,2024-03-05,1.4,1.4,1.4,1.4,0,0,1
FINNIFTY05MAR2418800PE.NFO,2024-01-31,13:21:00,2024-03-05,1.4,1.4,1.4,1.4,0,0,1
FINNIFTY05MAR2418800PE.NFO,2024-01-31,13:22:00,2024-03-05,1.4,1.4,1.4,1.4,0,0,1
FINNIFTY05MAR2418800PE.NFO,2024-01-31,13:23:00,2024-03-05,1.4,1.4,1.4,1.4,0,0,1
FINNIFTY05MAR2418800PE.NFO,2024-01-31,13:24:00,2024-03-05,1.4,1.4,1.4,1.4,0,0,1
FINNIFTY05MAR2418800PE.NFO,2024-01-31,13:25:00,2024-03-05,1.4,1.4,1.4,1.4,0,0,1
FINNIFTY05MAR2418800PE.NFO,2024-01-31,13:26:00,2024-03-05,1.4,1.4,1.4,1.4,0,0,1
FINNIFTY05MAR2418800PE.NFO,2024-01-31,13:27:00,2024-03-05,1.4,1.4,1.4,1.4,0,0,1
FINNIFTY05MAR2418800PE.NFO,2024-01-31,13:28:00,2024-03-05,1.4,1.4,1.4,1.4,0,0,1
FINNIFTY05MAR2418800PE.NFO,2024-01-31,13:29:00,2024-03-05,1.4,1.4,1.4,1.4,0,0,1
FINNIFTY05MAR2418800PE.NFO,2024-01-31,13:30:00,2024-03-05,1.4,1.4,1.4,1.4,0,0,1
FINNIFTY05MAR2418800PE.NFO,2024-01-31,13:31:00,2024-03-05,1.4,1.4,1.4,1.4,0,0,1
FINNIFTY05MAR2418800PE.NFO,2024-01-31,13:32:00,2024-03-05,1.4,1.4,1.4,1.4,0,0,1
FINNIFTY05MAR2418800PE.NFO,2024-01-31,13:33:00,2024-03-05,1.4,1.4,1.4,1.4,0,0,1
FINNIFTY05MAR2418800PE.NFO,2024-01-31,13:34:00,2024-03-05,1.4,1.4,1.4,1.4,0,0,1
FINNIFTY05MAR2418800PE.NFO,2024-01-31,13:35:00,2024-03-05,1.4,1.4,1.4,1.4,0,0,1
FINNIFTY05MAR2418800PE.NFO,2024-01-31,13:36:00,2024-03-05,1.4,1.4,1.4,1.4,0,0,1
FINNIFTY05MAR2418800PE.NFO,2024-01-31,13:37:00,2024-03-05,1.4,1.4,1.4,1.4,0,0,1
FINNIFTY05MAR2418800PE.NFO,2024-01-31,13:38:00,2024-03-05,1.4,1.4,1.4,1.4,0,0,1
FINNIFTY05MAR2418800PE.NFO,2024-01-31,13:39:00,2024-03-05,1.4,1.4,1.4,1.4,0,0,1
FINNIFTY05MAR2418800PE.NFO,2024-01-31,13:40:00,2024-03-05,1.4,1.4,1.4,1.4,0,0,1
FINNIFTY05MAR2418800PE.NFO,2024-01-31,13:41:00,2024-03-05,1.4,1.4,1.4,1.4,0,0,1
FINNIFTY05MAR2418800PE.NFO,2024-01-31,13:42:00,2024-03-05,1.4,1.4,1.4,1.4,0,0,1
FINNIFTY05MAR2418800PE.NFO,2024-01-31,13:43:00,2024-03-05,1.4,1.4,1.4,1.4,0,0,1
FINNIFTY05MAR2418800PE.NFO,2024-01-31,13:44:00,2024-03-05,1.4,1.4,1.4,1.4,0,0,1
FINNIFTY05MAR2418800PE.NFO,2024-01-31,13:45:00,2024-03-05,1.4,1.4,1.4,1.4,0,0,1
FINNIFTY05MAR2418800PE.NFO,2024-01-31,13:46:00,2024-03-05,1.4,1.4,1.4,1.4,0,0,1
FINNIFTY05MAR2418800PE.NFO,2024-01-31,13:47:00,2024-03-05,1.4,1.4,1.4,1.4,0,0,1
FINNIFTY05MAR2418800PE.NFO,2024-01-31,13:48:00,2024-03-05,1.4,1.4,1.4,1.4,0,0,1
FINNIFTY05MAR2418800PE.NFO,2024-01-31,13:49:00,2024-03-05,1.4,1.4,1.4,1.4,0,0,1
FINNIFTY05MAR2418800PE.NFO,2024-01-31,13:50:00,2024-03-05,1.4,1.4,1.4,1.4,0,0,1
FINNIFTY05MAR2418800PE.NFO,2024-01-31,13:51:00,2024-03-05,1.4,1.4,1.4,1.4,0,0,1
FINNIFTY05MAR2418800PE.NFO,2024-01-31,13:52:00,2024-03-05,1.4,1.4,1.4,1.4,0,0,1
FINNIFTY05MAR2418800PE.NFO,2024-01-31,13:53:00,2024-03-05,1.4,1.4,1.4,1.4,0,0,1
FINNIFTY05MAR2418800PE.NFO,2024-01-31,13:54:00,2024-03-05,1.4,1.4,1.4,1.4,0,0,1
FINNIFTY05MAR2418800PE.NFO,2024-01-31,13:55:00,2024-03-05,1.4,1.4,1.4,1.4,0,0,1
FINNIFTY05MAR2418800PE.NFO,2024-01-31,13:56:00,2024-03-05,1.4,1.4,1.4,1.4,0,0,1
FINNIFTY05MAR2418800PE.NFO,2024-01-31,13:57:00,2024-03-05,1.4,1.4,1.4,1.4,0,0,1
FINNIFTY05MAR2418800PE.NFO,2024-01-31,13:58:00,2024-03-05,1.4,1.4,1.4,1.4,0,0,1
FINNIFTY05MAR2418800PE.NFO,2024-01-31,13:59:00,2024-03-05,1.4,1.4,1.4,1.4,0,0,1
FINNIFTY05MAR2418800PE.NFO,2024-01-31,14:00:00,2024-03-05,1.4,1.4,1.4,1.4,0,0,1
FINNIFTY05MAR2418800PE.NFO,2024-01-31,14:01:00,2024-03-05,1.4,1.4,1.4,1.4,0,0,1
FINNIFTY05MAR2418800PE.NFO,2024-01-31,14:02:00,2024-03-05,1.4,1.4,1.4,1.4,0,0,1
FINNIFTY05MAR2418800PE.NFO,2024-01-31,14:03:00,2024-03-05,1.4,1.4,1.4,1.4,0,0,1
FINNIFTY05MAR2418800PE.NFO,2024-01-31,14:04:00,2024-03-05,1.4,1.4,1.4,1.4,0,0,1
FINNIFTY05MAR2418800PE.NFO,2024-01-31,14:05:00,2024-03-05,1.4,1.4,1.4,1.4,0,0,1
FINNIFTY05MAR2418800PE.NFO,2024-01-31,14:06:00,2024-03-05,1.4,1.4,1.4,1.4,0,0,1
FINNIFTY05MAR2418800PE.NFO,2024-01-31,14:07:00,2024-03-05,1.4,1.4,1.4,1.4,0,0,1
FINNIFTY05MAR2418800PE.NFO,2024-01-31,14:08:00,2024-03-05,1.4,1.4,1.4,1.4,0,0,1
FINNIFTY05MAR2418800PE.NFO,2024-01-31,14:09:00,2024-03-05,1.4,1.4,1.4,1.4,0,0,1
FINNIFTY05MAR2418800PE.NFO,2024-01-31,14:10:00,2024-03-05,1.4,1.4,1.4,1.4,0,0,1
FINNIFTY05MAR2418800PE.NFO,2024-01-31,14:11:00,2024-03-05,1.4,1.4,1.4,1.4,0,0,1
FINNIFTY05MAR2418800PE.NFO,2024-01-31,14:12:00,2024-03-05,1.4,1.4,1.4,1.4,0,0,1
FINNIFTY05MAR2418800PE.NFO,2024-01-31,14:13:00,2024-03-05,1.4,1.4,1.4,1.4,0,0,1
FINNIFTY05MAR2418800PE.NFO,2024-01-31,14:14:00,2024-03-05,1.4,1.4,1.4,1.4,0,0,1
FINNIFTY05MAR2418800PE.NFO,2024-01-31,14:15:00,2024-03-05,1.4,1.4,1.4,1.4,0,0,1
FINNIFTY05MAR2418800PE.NFO,2024-01-31,14:16:00,2024-03-05,1.4,1.4,1.4,1.4,0,0,1
FINNIFTY05MAR2418800PE.NFO,2024-01-31,14:17:00,2024-03-05,1.4,1.4,1.4,1.4,0,0,1
FINNIFTY05MAR2418800PE.NFO,2024-01-31,14:18:00,2024-03-05,1.4,1.4,1.4,1.4,0,0,1
FINNIFTY05MAR2418800PE.NFO,2024-01-31,14:19:00,2024-03-05,1.4,1.4,1.4,1.4,0,0,1
FINNIFTY05MAR2418800PE.NFO,2024-01-31,14:20:00,2024-03-05,1.4,1.4,1.4,1.4,0,0,1
FINNIFTY05MAR2418800PE.NFO,2024-01-31,14:21:00,2024-03-05,1.4,1.4,1.4,1.4,0,0,1
FINNIFTY05MAR2418800PE.NFO,2024-01-31,14:22:00,2024-03-05,1.4,1.4,1.4,1.4,0,0,1
FINNIFTY05MAR2418800PE.NFO,2024-01-31,14:23:00,2024-03-05,1.4,1.4,1.4,1.4,0,0,1
FINNIFTY05MAR2418800PE.NFO,2024-01-31,14:24:00,2024-03-05,1.4,1.4,1.4,1.4,0,0,1
FINNIFTY05MAR2418800PE.NFO,2024-01-31,14:25:00,2024-03-05,1.4,1.4,1.4,1.4,0,0,1
FINNIFTY05MAR2418800PE.NFO,2024-01-31,14:26:00,2024-03-05,1.4,1.4,1.4,1.4,0,0,1
FINNIFTY05MAR2418800PE.NFO,2024-01-31,14:27:00,2024-03-05,1.4,1.4,1.4,1.4,0,0,1
FINNIFTY05MAR2418800PE.NFO,2024-01-31,14:28:00,2024-03-05,1.4,1.4,1.4,1.4,0,0,1
FINNIFTY05MAR2418800PE.NFO,2024-01-31,14:29:00,2024-03-05,1.4,1.4,1.4,1.4,0,0,1
FINNIFTY05MAR2418800PE.NFO,2024-01-31,14:30:00,2024-03-05,1.4,1.4,1.4,1.4,0,0,1
FINNIFTY05MAR2418800PE.NFO,2024-01-31,14:31:00,2024-03-05,1.4,1.4,1.4,1.4,0,0,1
FINNIFTY05MAR2418800PE.NFO,2024-01-31,14:32:00,2024-03-05,1.4,1.4,1.4,1.4,0,0,1
FINNIFTY05MAR2418800PE.NFO,2024-01-31,14:33:00,2024-03-05,1.4,1.4,1.4,1.4,0,0,1
FINNIFTY05MAR2418800PE.NFO,2024-01-31,14:34:00,2024-03-05,1.4,1.4,1.4,1.4,0,0,1
FINNIFTY05MAR2418800PE.NFO,2024-01-31,14:35:00,2024-03-05,1.4,1.4,1.4,1.4,0,0,1
FINNIFTY05MAR2418800PE.NFO,2024-01-31,14:36:00,2024-03-05,1.4,1.4,1.4,1.4,0,0,1
FINNIFTY05MAR2418800PE.NFO,2024-01-31,14:37:00,2024-03-05,1.4,1.4,1.4,1.4,0,0,1
FINNIFTY05MAR2418800PE.NFO,2024-01-31,14:38:00,2024-03-05,1.4,1.4,1.4,1.4,0,0,1
FINNIFTY05MAR2418800PE.NFO,2024-01-31,14:39:00,2024-03-05,1.4,1.4,1.4,1.4,0,0,1
FINNIFTY05MAR2418800PE.NFO,2024-01-31,14:40:00,2024-03-05,1.4,1.4,1.4,1.4,0,0,1
FINNIFTY05MAR2418800PE.NFO,2024-01-31,14:41:00,2024-03-05,1.4,1.4,1.4,1.4,0,0,1
FINNIFTY05MAR2418800PE.NFO,2024-01-31,14:42:00,2024-03-05,1.4,1.4,1.4,1.4,0,0,1
FINNIFTY05MAR2418800PE.NFO,2024-01-31,14:43:00,2024-03-05,1.4,1.4,1.4,1.4,0,0,1
FINNIFTY05MAR2418800PE.NFO,2024-01-31,14:44:00,2024-03-05,1.4,1.4,1.4,1.4,0,0,1
FINNIFTY05MAR2418800PE.NFO,2024-01-31,14:45:00,2024-03-05,1.4,1.4,1.4,1.4,0,0,1
FINNIFTY05MAR2418800PE.NFO,2024-01-31,14:46:00,2024-03-05,1.4,1.4,1.4,1.4,0,0,1
FINNIFTY05MAR2418800PE.NFO,2024-01-31,14:47:00,2024-03-05,1.4,1.4,1.4,1.4,0,0,1
FINNIFTY05MAR2418800PE.NFO,2024-01-31,14:48:00,2024-03-05,1.4,1.4,1.4,1.4,0,0,1
FINNIFTY05MAR2418800PE.NFO,2024-01-31,14:49:00,2024-03-05,1.4,1.4,1.4,1.4,0,0,1
FINNIFTY05MAR2418800PE.NFO,2024-01-31,14:50:00,2024-03-05,1.4,1.4,1.4,1.4,0,0,1
FINNIFTY05MAR2418800PE.NFO,2024-01-31,14:51:00,2024-03-05,1.4,1.4,1.4,1.4,0,0,1
FINNIFTY05MAR2418800PE.NFO,2024-01-31,14:52:00,2024-03-05,1.4,1.4,1.4,1.4,0,0,1
FINNIFTY05MAR2418800PE.NFO,2024-01-31,14:53:00,2024-03-05,1.4,1.4,1.4,1.4,0,0,1
FINNIFTY05MAR2418800PE.NFO,2024-01-31,14:54:00,2024-03-05,1.4,1.4,1.4,1.4,0,0,1
FINNIFTY05MAR2418800PE.NFO,2024-01-31,14:55:00,2024-03-05,1.4,1.4,1.4,1.4,0,0,1
FINNIFTY05MAR2418800PE.NFO,2024-01-31,14:56:00,2024-03-05,1.4,1.4,1.4,1.4,0,0,1
FINNIFTY05MAR2418800PE.NFO,2024-01-31,14:57:00,2024-03-05,1.4,1.4,1.4,1.4,0,0,1
FINNIFTY05MAR2418800PE.NFO,2024-01-31,14:58:00,2024-03-05,1.4,1.4,1.4,1.4,0,0,1
FINNIFTY05MAR2418800PE.NFO,2024-01-31,14:59:00,2024-03-05,1.4,1.4,1.4,1.4,0,0,1
FINNIFTY05MAR2418800PE.NFO,2024-01-31,15:00:00,2024-03-05,1.4,1.4,1.4,1.4,0,0,1
FINNIFTY05MAR2418800PE.NFO,2024-01-31,15:01:00,2024-03-05,1.4,1.4,1.4,1.4,0,0,1
FINNIFTY05MAR2418800PE.NFO,2024-01-31,15:02:00,2024-03-05,1.4,1.4,1.4,1.4,0,0,1
FINNIFTY05MAR2418800PE.NFO,2024-01-31,15:03:00,2024-03-05,1.4,1.4,1.4,1.4,0,0,1
FINNIFTY05MAR2418800PE.NFO,2024-01-31,15:04:00,2024-03-05,1.4,1.4,1.4,1.4,0,0,1
FINNIFTY05MAR2418800PE.NFO,2024-01-31,15:05:00,2024-03-05,1.4,1.4,1.4,1.4,0,0,1
FINNIFTY05MAR2418800PE.NFO,2024-01-31,15:06:00,2024-03-05,1.4,1.4,1.4,1.4,0,0,1
FINNIFTY05MAR2418800PE.NFO,2024-01-31,15:07:00,2024-03-05,1.4,1.4,1.4,1.4,0,0,1
FINNIFTY05MAR2418800PE.NFO,2024-01-31,15:08:00,2024-03-05,1.4,1.4,1.4,1.4,0,0,1
FINNIFTY05MAR2418800PE.NFO,2024-01-31,15:09:00,2024-03-05,1.4,1.4,1.4,1.4,0,0,1
FINNIFTY05MAR2418800PE.NFO,2024-01-31,15:10:00,2024-03-05,1.4,1.4,1.4,1.4,0,0,1
FINNIFTY05MAR2418800PE.NFO,2024-01-31,15:11:00,2024-03-05,1.4,1.4,1.4,1.4,0,0,1
FINNIFTY05MAR2418800PE.NFO,2024-01-31,15:12:00,2024-03-05,1.4,1.4,1.4,1.4,0,0,1
FINNIFTY05MAR2418800PE.NFO,2024-01-31,15:13:00,2024-03-05,1.4,1.4,1.4,1.4,0,0,1
FINNIFTY05MAR2418800PE.NFO,2024-01-31,15:14:00,2024-03-05,1.4,1.4,1.4,1.4,0,0,1
FINNIFTY05MAR2418800PE.NFO,2024-01-31,15:15:00,2024-03-05,1.4,1.4,1.4,1.4,0,0,1
FINNIFTY05MAR2418800PE.NFO,2024-01-31,15:16:00,2024-03-05,1.4,1.4,1.4,1.4,0,0,1
FINNIFTY05MAR2418800PE.NFO,2024-01-31,15:17:00,2024-03-05,1.4,1.4,1.4,1.4,0,0,1
FINNIFTY05MAR2418800PE.NFO,2024-01-31,15:18:00,2024-03-05,1.4,1.4,1.4,1.4,0,0,1
FINNIFTY05MAR2418800PE.NFO,2024-01-31,15:19:00,2024-03-05,1.4,1.4,1.4,1.4,0,0,1
FINNIFTY05MAR2418800PE.NFO,2024-01-31,15:20:00,2024-03-05,1.4,1.4,1.4,1.4,0,0,1
FINNIFTY05MAR2418800PE.NFO,2024-01-31,15:21:00,2024-03-05,1.4,1.4,1.4,1.4,0,0,1
FINNIFTY05MAR2418800PE.NFO,2024-01-31,15:22:00,2024-03-05,1.4,1.4,1.4,1.4,0,0,1
FINNIFTY05MAR2418800PE.NFO,2024-01-31,15:23:00,2024-03-05,1.4,1.4,1.4,1.4,0,0,1
FINNIFTY05MAR2418800PE.NFO,2024-01-31,15:24:00,2024-03-05,1.4,1.4,1.4,1.4,0,0,1
FINNIFTY05MAR2418800PE.NFO,2024-01-31,15:25:00,2024-03-05,1.4,1.4,1.4,1.4,0,0,1
FINNIFTY05MAR2418800PE.NFO,2024-01-31,15:26:00,2024-03-05,1.4,1.4,1.4,1.4,0,0,1
FINNIFTY05MAR2418800PE.NFO,2024-01-31,15:27:00,2024-03-05,1.4,1.4,1.4,1.4,0,0,1
FINNIFTY05MAR2418800PE.NFO,2024-01-31,15:28:00,2024-03-05,1.4,1.4,1.4,1.4,0,0,1
FINNIFTY05MAR2418800PE.NFO,2024-01-31,15:29:00,2024-03-05,1.4,1.4,1.4,1.4,0,0,1
FINNIFTY05MAR2418800PE.NFO,2024-01-31,15:30:00,2024-03-05,1.4,1.4,1.4,1.4,0,0,1
FINNIFTY05MAR2418800PE.NFO,2024-02-01,09:15:00,2024-03-05,1.4,1.4,1.4,1.4,0,0,0
FINNIFTY05MAR2418800PE.NFO,2024-02-01,09:16:00,2024-03-05,1.4,1.4,1.4,1.4,0,0,1
FINNIFTY05MAR2418800PE.NFO,2024-02-01,09:17:00,2024-03-05,1.4,1.4,1.4,1.4,0,0,1
FINNIFTY05MAR2418800PE.NFO,2024-02-01,09:18:00,2024-03-05,1.4,1.4,1.4,1.4,0,0,1
FINNIFTY05MAR2418800PE.NFO,2024-02-01,09:19:00,2024-03-05,1.4,1.4,1.4,1.4,0,0,1
FINNIFTY05MAR2418800PE.NFO,2024-02-01,09:20:00,2024-03-05,1.4,1.4,1.4,1.4,0,0,1
FINNIFTY05MAR2418800PE.NFO,2024-02-01,09:21:00,2024-03-05,1.4,1.4,1.4,1.4,0,0,1
FINNIFTY05MAR2418800PE.NFO,2024-02-01,09:22:00,2024-03-05,1.4,1.4,1.4,1.4,0,0,1
FINNIFTY05MAR2418800PE.NFO,2024-02-01,09:23:00,2024-03-05,1.4,1.4,1.4,1.4,0,0,1
FINNIFTY05MAR2418800PE.NFO,2024-02-01,09:24:00,2024-03-05,1.4,1.4,1.4,1.4,0,0,1
FINNIFTY05MAR2418800PE.NFO,2024-02-01,09:25:00,2024-03-05,1.4,1.4,1.4,1.4,0,0,1
FINNIFTY05MAR2418800PE.NFO,2024-02-01,09:26:00,2024-03-05,1.4,1.4,1.4,1.4,0,0,1
FINNIFTY05MAR2418800PE.NFO,2024-02-01,09:27:00,2024-03-05,1.4,1.4,1.4,1.4,0,0,1
FINNIFTY05MAR2418800PE.NFO,2024-02-01,09:28:00,2024-03-05,1.4,1.4,1.4,1.4,0,0,1
FINNIFTY05MAR2418800PE.NFO,2024-02-01,09:29:00,2024-03-05,1.4,1.4,1.4,1.4,0,0,1
FINNIFTY05MAR2418800PE.NFO,2024-02-01,09:30:00,2024-03-05,1.4,1.4,1.4,1.4,0,0,1
FINNIFTY05MAR2418800PE.NFO,2024-02-01,09:31:00,2024-03-05,1.4,1.4,1.4,1.4,0,0,1
FINNIFTY05MAR2418800PE.NFO,2024-02-01,09:32:00,2024-03-05,1.4,1.4,1.4,1.4,0,0,1
FINNIFTY05MAR2418800PE.NFO,2024-02-01,09:33:00,2024-03-05,1.4,1.4,1.4,1.4,0,0,1
FINNIFTY05MAR2418800PE.NFO,2024-02-01,09:34:00,2024-03-05,1.4,1.4,1.4,1.4,0,0,1
FINNIFTY05MAR2418800PE.NFO,2024-02-01,09:35:00,2024-03-05,1.4,1.4,1.4,1.4,0,0,1
FINNIFTY05MAR2418800PE.NFO,2024-02-01,09:36:00,2024-03-05,1.4,1.4,1.4,1.4,0,0,1
FINNIFTY05MAR2418800PE.NFO,2024-02-01,09:37:00,2024-03-05,1.4,1.4,1.4,1.4,0,0,1
FINNIFTY05MAR2418800PE.NFO,2024-02-01,09:38:00,2024-03-05,1.4,1.4,1.4,1.4,0,0,1
FINNIFTY05MAR2418800PE.NFO,2024-02-01,09:39:00,2024-03-05,1.4,1.4,1.4,1.4,0,0,1
FINNIFTY05MAR2418800PE.NFO,2024-02-01,09:40:00,2024-03-05,1.4,1.4,1.4,1.4,0,0,1
FINNIFTY05MAR2418800PE.NFO,2024-02-01,09:41:00,2024-03-05,1.4,1.4,1.4,1.4,0,0,1
FINNIFTY05MAR2418800PE.NFO,2024-02-01,09:42:00,2024-03-05,1.4,1.4,1.4,1.4,0,0,1
FINNIFTY05MAR2418800PE.NFO,2024-02-01,09:43:00,2024-03-05,1.4,1.4,1.4,1.4,0,0,1
FINNIFTY05MAR2418800PE.NFO,2024-02-01,09:44:00,2024-03-05,1.4,1.4,1.4,1.4,0,0,1
FINNIFTY05MAR2418800PE.NFO,2024-02-01,09:45:00,2024-03-05,1.4,1.4,1.4,1.4,0,0,1
FINNIFTY05MAR2418800PE.NFO,2024-02-01,09:46:00,2024-03-05,1.4,1.4,1.4,1.4,0,0,1
FINNIFTY05MAR2418800PE.NFO,2024-02-01,09:47:00,2024-03-05,1.4,1.4,1.4,1.4,0,0,1
FINNIFTY05MAR2418800PE.NFO,2024-02-01,09:48:00,2024-03-05,1.4,1.4,1.4,1.4,0,0,1
FINNIFTY05MAR2418800PE.NFO,2024-02-01,09:49:00,2024-03-05,1.4,1.4,1.4,1.4,0,0,1
FINNIFTY05MAR2418800PE.NFO,2024-02-01,09:50:00,2024-03-05,1.4,1.4,1.4,1.4,0,0,1
FINNIFTY05MAR2418800PE.NFO,2024-02-01,09:51:00,2024-03-05,1.4,1.4,1.4,1.4,0,0,1
FINNIFTY05MAR2418800PE.NFO,2024-02-01,09:52:00,2024-03-05,1.4,1.4,1.4,1.4,0,0,1
FINNIFTY05MAR2418800PE.NFO,2024-02-01,09:53:00,2024-03-05,1.4,1.4,1.4,1.4,0,0,1
FINNIFTY05MAR2418800PE.NFO,2024-02-01,09:54:00,2024-03-05,1.4,1.4,1.4,1.4,0,0,1
FINNIFTY05MAR2418800PE.NFO,2024-02-01,09:55:00,2024-03-05,1.4,1.4,1.4,1.4,0,0,1
FINNIFTY05MAR2418800PE.NFO,2024-02-01,09:56:00,2024-03-05,1.4,1.4,1.4,1.4,0,0,1
FINNIFTY05MAR2418800PE.NFO,2024-02-01,09:57:00,2024-03-05,1.4,1.4,1.4,1.4,0,0,1
FINNIFTY05MAR2418800PE.NFO,2024-02-01,09:58:00,2024-03-05,1.4,1.4,1.4,1.4,0,0,1
FINNIFTY05MAR2418800PE.NFO,2024-02-01,09:59:00,2024-03-05,1.4,1.4,1.4,1.4,0,0,1
FINNIFTY05MAR2418800PE.NFO,2024-02-01,10:00:00,2024-03-05,1.4,1.4,1.4,1.4,0,0,1
FINNIFTY05MAR2418800PE.NFO,2024-02-01,10:01:00,2024-03-05,1.4,1.4,1.4,1.4,0,0,1
FINNIFTY05MAR2418800PE.NFO,2024-02-01,10:02:00,2024-03-05,1.4,1.4,1.4,1.4,0,0,1
FINNIFTY05MAR2418800PE.NFO,2024-02-01,10:03:00,2024-03-05,1.4,1.4,1.4,1.4,0,0,1
FINNIFTY05MAR2418800PE.NFO,2024-02-01,10:04:00,2024-03-05,1.4,1.4,1.4,1.4,0,0,1
FINNIFTY05MAR2418800PE.NFO,2024-02-01,10:05:00,2024-03-05,1.4,1.4,1.4,1.4,0,0,1
FINNIFTY05MAR2418800PE.NFO,2024-02-01,10:06:00,2024-03-05,1.4,1.4,1.4,1.4,0,0,1
FINNIFTY05MAR2418800PE.NFO,2024-02-01,10:07:00,2024-03-05,1.4,1.4,1.4,1.4,0,0,1
FINNIFTY05MAR2418800PE.NFO,2024-02-01,10:08:00,2024-03-05,1.4,1.4,1.4,1.4,0,0,1
FINNIFTY05MAR2418800PE.NFO,2024-02-01,10:09:00,2024-03-05,1.4,1.4,1.4,1.4,0,0,1
FINNIFTY05MAR2418800PE.NFO,2024-02-01,10:10:00,2024-03-05,1.4,1.4,1.4,1.4,0,0,1
FINNIFTY05MAR2418800PE.NFO,2024-02-01,10:11:00,2024-03-05,1.4,1.4,1.4,1.4,0,0,1
FINNIFTY05MAR2418800PE.NFO,2024-02-01,10:12:00,2024-03-05,1.4,1.4,1.4,1.4,0,0,1
FINNIFTY05MAR2418800PE.NFO,2024-02-01,10:13:00,2024-03-05,1.4,1.4,1.4,1.4,0,0,1
FINNIFTY05MAR2418800PE.NFO,2024-02-01,10:14:00,2024-03-05,1.4,1.4,1.4,1.4,0,0,1
FINNIFTY05MAR2418800PE.NFO,2024-02-01,10:15:00,2024-03-05,1.4,1.4,1.4,1.4,0,0,1
FINNIFTY05MAR2418800PE.NFO,2024-02-01,10:16:00,2024-03-05,1.4,1.4,1.4,1.4,0,0,1
FINNIFTY05MAR2418800PE.NFO,2024-02-01,10:17:00,2024-03-05,1.4,1.4,1.4,1.4,0,0,1
FINNIFTY05MAR2418800PE.NFO,2024-02-01,10:18:00,2024-03-05,1.4,1.4,1.4,1.4,0,0,1
FINNIFTY05MAR2418800PE.NFO,2024-02-01,10:19:00,2024-03-05,1.4,1.4,1.4,1.4,0,0,1
FINNIFTY05MAR2418800PE.NFO,2024-02-01,10:20:00,2024-03-05,1.4,1.4,1.4,1.4,0,0,1
FINNIFTY05MAR2418800PE.NFO,2024-02-01,10:21:00,2024-03-05,1.4,1.4,1.4,1.4,0,0,1
FINNIFTY05MAR2418800PE.NFO,2024-02-01,10:22:00,2024-03-05,1.4,1.4,1.4,1.4,0,0,1
FINNIFTY05MAR2418800PE.NFO,2024-02-01,10:23:00,2024-03-05,1.4,1.4,1.4,1.4,0,0,1
FINNIFTY05MAR2418800PE.NFO,2024-02-01,10:24:00,2024-03-05,1.4,1.4,1.4,1.4,0,0,1
FINNIFTY05MAR2418800PE.NFO,2024-02-01,10:25:00,2024-03-05,1.4,1.4,1.4,1.4,0,0,1
FINNIFTY05MAR2418800PE.NFO,2024-02-01,10:26:00,2024-03-05,1.4,1.4,1.4,1.4,0,0,1
FINNIFTY05MAR2418800PE.NFO,2024-02-01,10:27:00,2024-03-05,1.4,1.4,1.4,1.4,0,0,1
FINNIFTY05MAR2418800PE.NFO,2024-02-01,10:28:00,2024-03-05,1.4,1.4,1.4,1.4,0,0,1
FINNIFTY05MAR2418800PE.NFO,2024-02-01,10:29:00,2024-03-05,1.4,1.4,1.4,1.4,0,0,1
FINNIFTY05MAR2418800PE.NFO,2024-02-01,10:30:00,2024-03-05,1.4,1.4,1.4,1.4,0,0,1
FINNIFTY05MAR2418800PE.NFO,2024-02-01,10:31:00,2024-03-05,1.4,1.4,1.4,1.4,0,0,1
FINNIFTY05MAR2418800PE.NFO,2024-02-01,10:32:00,2024-03-05,1.4,1.4,1.4,1.4,0,0,1
FINNIFTY05MAR2418800PE.NFO,2024-02-01,10:33:00,2024-03-05,1.4,1.4,1.4,1.4,0,0,1
FINNIFTY05MAR2418800PE.NFO,2024-02-01,10:34:00,2024-03-05,1.4,1.4,1.4,1.4,0,0,1
FINNIFTY05MAR2418800PE.NFO,2024-02-01,10:35:00,2024-03-05,1.4,1.4,1.4,1.4,0,0,1
FINNIFTY05MAR2418800PE.NFO,2024-02-01,10:36:00,2024-03-05,1.4,1.4,1.4,1.4,0,0,1
FINNIFTY05MAR2418800PE.NFO,2024-02-01,10:37:00,2024-03-05,1.4,1.4,1.4,1.4,0,0,1
FINNIFTY05MAR2418800PE.NFO,2024-02-01,10:38:00,2024-03-05,1.4,1.4,1.4,1.4,0,0,1
FINNIFTY05MAR2418800PE.NFO,2024-02-01,10:39:00,2024-03-05,1.4,1.4,1.4,1.4,0,0,1
FINNIFTY05MAR2418800PE.NFO,2024-02-01,10:40:00,2024-03-05,1.4,1.4,1.4,1.4,0,0,1
FINNIFTY05MAR2418800PE.NFO,2024-02-01,10:41:00,2024-03-05,1.4,1.4,1.4,1.4,0,0,1
FINNIFTY05MAR2418800PE.NFO,2024-02-01,10:42:00,2024-03-05,1.4,1.4,1.4,1.4,0,0,1
FINNIFTY05MAR2418800PE.NFO,2024-02-01,10:43:00,2024-03-05,1.4,1.4,1.4,1.4,0,0,1
FINNIFTY05MAR2418800PE.NFO,2024-02-01,10:44:00,2024-03-05,1.4,1.4,1.4,1.4,0,0,1
FINNIFTY05MAR2418800PE.NFO,2024-02-01,10:45:00,2024-03-05,1.4,1.4,1.4,1.4,0,0,1
FINNIFTY05MAR2418800PE.NFO,2024-02-01,10:46:00,2024-03-05,1.4,1.4,1.4,1.4,0,0,1
FINNIFTY05MAR2418800PE.NFO,2024-02-01,10:47:00,2024-03-05,1.4,1.4,1.4,1.4,0,0,1
FINNIFTY05MAR2418800PE.NFO,2024-02-01,10:48:00,2024-03-05,1.4,1.4,1.4,1.4,0,0,1
FINNIFTY05MAR2418800PE.NFO,2024-02-01,10:49:00,2024-03-05,1.4,1.4,1.4,1.4,0,0,1
FINNIFTY05MAR2418800PE.NFO,2024-02-01,10:50:00,2024-03-05,1.4,1.4,1.4,1.4,0,0,1
FINNIFTY05MAR2418800PE.NFO,2024-02-01,10:51:00,2024-03-05,1.4,1.4,1.4,1.4,0,0,1
FINNIFTY05MAR2418800PE.NFO,2024-02-01,10:52:00,2024-03-05,1.4,1.4,1.4,1.4,0,0,1
FINNIFTY05MAR2418800PE.NFO,2024-02-01,10:53:00,2024-03-05,1.4,1.4,1.4,1.4,0,0,1
FINNIFTY05MAR2418800PE.NFO,2024-02-01,10:54:00,2024-03-05,1.4,1.4,1.4,1.4,0,0,1
FINNIFTY05MAR2418800PE.NFO,2024-02-01,10:55:00,2024-03-05,1.4,1.4,1.4,1.4,0,0,1
FINNIFTY05MAR2418800PE.NFO,2024-02-01,10:56:00,2024-03-05,1.4,1.4,1.4,1.4,0,0,1
FINNIFTY05MAR2418800PE.NFO,2024-02-01,10:57:00,2024-03-05,1.4,1.4,1.4,1.4,0,0,1
FINNIFTY05MAR2418800PE.NFO,2024-02-01,10:58:00,2024-03-05,1.4,1.4,1.4,1.4,0,0,1
FINNIFTY05MAR2418800PE.NFO,2024-02-01,10:59:00,2024-03-05,1.4,1.4,1.4,1.4,0,0,1
FINNIFTY05MAR2418800PE.NFO,2024-02-01,11:00:00,2024-03-05,1.4,1.4,1.4,1.4,0,0,1
FINNIFTY05MAR2418800PE.NFO,2024-02-01,11:01:00,2024-03-05,1.4,1.4,1.4,1.4,0,0,1
FINNIFTY05MAR2418800PE.NFO,2024-02-01,11:02:00,2024-03-05,1.4,1.4,1.4,1.4,0,0,1
FINNIFTY05MAR2418800PE.NFO,2024-02-01,11:03:00,2024-03-05,1.4,1.4,1.4,1.4,0,0,1
FINNIFTY05MAR2418800PE.NFO,2024-02-01,11:04:00,2024-03-05,1.4,1.4,1.4,1.4,0,0,1
FINNIFTY05MAR2418800PE.NFO,2024-02-01,11:05:00,2024-03-05,1.4,1.4,1.4,1.4,0,0,1
FINNIFTY05MAR2418800PE.NFO,2024-02-01,11:06:00,2024-03-05,1.4,1.4,1.4,1.4,0,0,1
FINNIFTY05MAR2418800PE.NFO,2024-02-01,11:07:00,2024-03-05,1.4,1.4,1.4,1.4,0,0,1
FINNIFTY05MAR2418800PE.NFO,2024-02-01,11:08:00,2024-03-05,1.4,1.4,1.4,1.4,0,0,1
FINNIFTY05MAR2418800PE.NFO,2024-02-01,11:09:00,2024-03-05,1.4,1.4,1.4,1.4,0,0,1
FINNIFTY05MAR2418800PE.NFO,2024-02-01,11:10:00,2024-03-05,1.4,1.4,1.4,1.4,0,0,1
FINNIFTY05MAR2418800PE.NFO,2024-02-01,11:11:00,2024-03-05,1.4,1.4,1.4,1.4,0,0,1
FINNIFTY05MAR2418800PE.NFO,2024-02-01,11:12:00,2024-03-05,1.4,1.4,1.4,1.4,0,0,1
FINNIFTY05MAR2418800PE.NFO,2024-02-01,11:13:00,2024-03-05,1.4,1.4,1.4,1.4,0,0,1
FINNIFTY05MAR2418800PE.NFO,2024-02-01,11:14:00,2024-03-05,1.4,1.4,1.4,1.4,0,0,1
FINNIFTY05MAR2418800PE.NFO,2024-02-01,11:15:00,2024-03-05,1.4,1.4,1.4,1.4,0,0,1
FINNIFTY05MAR2418800PE.NFO,2024-02-01,11:16:00,2024-03-05,1.4,1.4,1.4,1.4,0,0,1
FINNIFTY05MAR2418800PE.NFO,2024-02-01,11:17:00,2024-03-05,1.4,1.4,1.4,1.4,0,0,1
FINNIFTY05MAR2418800PE.NFO,2024-02-01,11:18:00,2024-03-05,1.4,1.4,1.4,1.4,0,0,1
FINNIFTY05MAR2418800PE.NFO,2024-02-01,11:19:00,2024-03-05,1.4,1.4,1.4,1.4,0,0,1
FINNIFTY05MAR2418800PE.NFO,2024-02-01,11:20:00,2024-03-05,1.4,1.4,1.4,1.4,0,0,1
FINNIFTY05MAR2418800PE.NFO,2024-02-01,11:21:00,2024-03-05,1.4,1.4,1.4,1.4,0,0,1
FINNIFTY05MAR2418800PE.NFO,2024-02-01,11:22:00,2024-03-05,1.4,1.4,1.4,1.4,0,0,1
FINNIFTY05MAR2418800PE.NFO,2024-02-01,11:23:00,2024-03-05,1.4,1.4,1.4,1.4,0,0,1
FINNIFTY05MAR2418800PE.NFO,2024-02-01,11:24:00,2024-03-05,1.4,1.4,1.4,1.4,0,0,1
FINNIFTY05MAR2418800PE.NFO,2024-02-01,11:25:00,2024-03-05,1.4,1.4,1.4,1.4,0,0,1
FINNIFTY05MAR2418800PE.NFO,2024-02-01,11:26:00,2024-03-05,1.4,1.4,1.4,1.4,0,0,1
FINNIFTY05MAR2418800PE.NFO,2024-02-01,11:27:00,2024-03-05,1.4,1.4,1.4,1.4,0,0,1
FINNIFTY05MAR2418800PE.NFO,2024-02-01,11:28:00,2024-03-05,1.4,1.4,1.4,1.4,0,0,1
FINNIFTY05MAR2418800PE.NFO,2024-02-01,11:29:00,2024-03-05,1.4,1.4,1.4,1.4,0,0,1
FINNIFTY05MAR2418800PE.NFO,2024-02-01,11:30:00,2024-03-05,1.4,1.4,1.4,1.4,0,0,1
FINNIFTY05MAR2418800PE.NFO,2024-02-01,11:31:00,2024-03-05,1.4,1.4,1.4,1.4,0,0,1
FINNIFTY05MAR2418800PE.NFO,2024-02-01,11:32:00,2024-03-05,1.4,1.4,1.4,1.4,0,0,1
FINNIFTY05MAR2418800PE.NFO,2024-02-01,11:33:00,2024-03-05,1.4,1.4,1.4,1.4,0,0,1
FINNIFTY05MAR2418800PE.NFO,2024-02-01,11:34:00,2024-03-05,1.4,1.4,1.4,1.4,0,0,1
FINNIFTY05MAR2418800PE.NFO,2024-02-01,11:35:00,2024-03-05,1.4,1.4,1.4,1.4,0,0,1
FINNIFTY05MAR2418800PE.NFO,2024-02-01,11:36:00,2024-03-05,1.4,1.4,1.4,1.4,0,0,1
FINNIFTY05MAR2418800PE.NFO,2024-02-01,11:37:00,2024-03-05,1.4,1.4,1.4,1.4,0,0,1
FINNIFTY05MAR2418800PE.NFO,2024-02-01,11:38:00,2024-03-05,1.4,1.4,1.4,1.4,0,0,1
FINNIFTY05MAR2418800PE.NFO,2024-02-01,11:39:00,2024-03-05,1.4,1.4,1.4,1.4,0,0,1
FINNIFTY05MAR2418800PE.NFO,2024-02-01,11:40:00,2024-03-05,1.4,1.4,1.4,1.4,0,0,1
FINNIFTY05MAR2418800PE.NFO,2024-02-01,11:41:00,2024-03-05,1.4,1.4,1.4,1.4,0,0,1
FINNIFTY05MAR2418800PE.NFO,2024-02-01,11:42:00,2024-03-05,1.4,1.4,1.4,1.4,0,0,1
FINNIFTY05MAR2418800PE.NFO,2024-02-01,11:43:00,2024-03-05,1.4,1.4,1.4,1.4,0,0,1
FINNIFTY05MAR2418800PE.NFO,2024-02-01,11:44:00,2024-03-05,1.4,1.4,1.4,1.4,0,0,1
FINNIFTY05MAR2418800PE.NFO,2024-02-01,11:45:00,2024-03-05,1.4,1.4,1.4,1.4,0,0,1
FINNIFTY05MAR2418800PE.NFO,2024-02-01,11:46:00,2024-03-05,1.4,1.4,1.4,1.4,0,0,1
FINNIFTY05MAR2418800PE.NFO,2024-02-01,11:47:00,2024-03-05,1.4,1.4,1.4,1.4,0,0,1
FINNIFTY05MAR2418800PE.NFO,2024-02-01,11:48:00,2024-03-05,1.4,1.4,1.4,1.4,0,0,1
FINNIFTY05MAR2418800PE.NFO,2024-02-01,11:49:00,2024-03-05,1.4,1.4,1.4,1.4,0,0,1
FINNIFTY05MAR2418800PE.NFO,2024-02-01,11:50:00,2024-03-05,1.4,1.4,1.4,1.4,0,0,1
FINNIFTY05MAR2418800PE.NFO,2024-02-01,11:51:00,2024-03-05,1.4,1.4,1.4,1.4,0,0,1
FINNIFTY05MAR2418800PE.NFO,2024-02-01,11:52:00,2024-03-05,1.4,1.4,1.4,1.4,0,0,1
FINNIFTY05MAR2418800PE.NFO,2024-02-01,11:53:00,2024-03-05,1.4,1.4,1.4,1.4,0,0,1
FINNIFTY05MAR2418800PE.NFO,2024-02-01,11:54:00,2024-03-05,1.4,1.4,1.4,1.4,0,0,1
FINNIFTY05MAR2418800PE.NFO,2024-02-01,11:55:00,2024-03-05,1.4,1.4,1.4,1.4,0,0,1
FINNIFTY05MAR2418800PE.NFO,2024-02-01,11:56:00,2024-03-05,1.4,1.4,1.4,1.4,0,0,1
FINNIFTY05MAR2418800PE.NFO,2024-02-01,11:57:00,2024-03-05,1.4,1.4,1.4,1.4,0,0,1
FINNIFTY05MAR2418800PE.NFO,2024-02-01,11:58:00,2024-03-05,1.4,1.4,1.4,1.4,0,0,1
FINNIFTY05MAR2418800PE.NFO,2024-02-01,11:59:00,2024-03-05,1.4,1.4,1.4,1.4,0,0,1
FINNIFTY05MAR2418800PE.NFO,2024-02-01,12:00:00,2024-03-05,1.4,1.4,1.4,1.4,0,0,1
FINNIFTY05MAR2418800PE.NFO,2024-02-01,12:01:00,2024-03-05,1.4,1.4,1.4,1.4,0,0,1
FINNIFTY05MAR2418800PE.NFO,2024-02-01,12:02:00,2024-03-05,1.4,1.4,1.4,1.4,0,0,1
FINNIFTY05MAR2418800PE.NFO,2024-02-01,12:03:00,2024-03-05,1.4,1.4,1.4,1.4,0,0,1
FINNIFTY05MAR2418800PE.NFO,2024-02-01,12:04:00,2024-03-05,1.4,1.4,1.4,1.4,0,0,1
FINNIFTY05MAR2418800PE.NFO,2024-02-01,12:05:00,2024-03-05,1.4,1.4,1.4,1.4,0,0,1
FINNIFTY05MAR2418800PE.NFO,2024-02-01,12:06:00,2024-03-05,1.4,1.4,1.4,1.4,0,0,1
FINNIFTY05MAR2418800PE.NFO,2024-02-01,12:07:00,2024-03-05,1.4,1.4,1.4,1.4,0,0,1
FINNIFTY05MAR2418800PE.NFO,2024-02-01,12:08:00,2024-03-05,1.4,1.4,1.4,1.4,0,0,1
FINNIFTY05MAR2418800PE.NFO,2024-02-01,12:09:00,2024-03-05,1.4,1.4,1.4,1.4,0,0,1
FINNIFTY05MAR2418800PE.NFO,2024-02-01,12:10:00,2024-03-05,1.4,1.4,1.4,1.4,0,0,1
FINNIFTY05MAR2418800PE.NFO,2024-02-01,12:11:00,2024-03-05,1.4,1.4,1.4,1.4,0,0,1
FINNIFTY05MAR2418800PE.NFO,2024-02-01,12:12:00,2024-03-05,1.4,1.4,1.4,1.4,0,0,1
FINNIFTY05MAR2418800PE.NFO,2024-02-01,12:13:00,2024-03-05,1.4,1.4,1.4,1.4,0,0,1
FINNIFTY05MAR2418800PE.NFO,2024-02-01,12:14:00,2024-03-05,1.4,1.4,1.4,1.4,0,0,1
FINNIFTY05MAR2418800PE.NFO,2024-02-01,12:15:00,2024-03-05,1.4,1.4,1.4,1.4,0,0,1
FINNIFTY05MAR2418800PE.NFO,2024-02-01,12:16:00,2024-03-05,1.4,1.4,1.4,1.4,0,0,1
FINNIFTY05MAR2418800PE.NFO,2024-02-01,12:17:00,2024-03-05,1.4,1.4,1.4,1.4,0,0,1
FINNIFTY05MAR2418800PE.NFO,2024-02-01,12:18:00,2024-03-05,1.4,1.4,1.4,1.4,0,0,1
FINNIFTY05MAR2418800PE.NFO,2024-02-01,12:19:00,2024-03-05,1.4,1.4,1.4,1.4,0,0,1
FINNIFTY05MAR2418800PE.NFO,2024-02-01,12:20:00,2024-03-05,1.4,1.4,1.4,1.4,0,0,1
FINNIFTY05MAR2418800PE.NFO,2024-02-01,12:21:00,2024-03-05,1.4,1.4,1.4,1.4,0,0,1
FINNIFTY05MAR2418800PE.NFO,2024-02-01,12:22:00,2024-03-05,1.4,1.4,1.4,1.4,0,0,1
FINNIFTY05MAR2418800PE.NFO,2024-02-01,12:23:00,2024-03-05,1.4,1.4,1.4,1.4,0,0,1
FINNIFTY05MAR2418800PE.NFO,2024-02-01,12:24:00,2024-03-05,1.4,1.4,1.4,1.4,0,0,1
FINNIFTY05MAR2418800PE.NFO,2024-02-01,12:25:00,2024-03-05,1.4,1.4,1.4,1.4,0,0,1
FINNIFTY05MAR2418800PE.NFO,2024-02-01,12:26:00,2024-03-05,1.4,1.4,1.4,1.4,0,0,1
FINNIFTY05MAR2418800PE.NFO,2024-02-01,12:27:00,2024-03-05,1.4,1.4,1.4,1.4,0,0,1
FINNIFTY05MAR2418800PE.NFO,2024-02-01,12:28:00,2024-03-05,1.4,1.4,1.4,1.4,0,0,1
FINNIFTY05MAR2418800PE.NFO,2024-02-01,12:29:00,2024-03-05,1.4,1.4,1.4,1.4,0,0,1
FINNIFTY05MAR2418800PE.NFO,2024-02-01,12:30:00,2024-03-05,1.4,1.4,1.4,1.4,0,0,1
FINNIFTY05MAR2418800PE.NFO,2024-02-01,12:31:00,2024-03-05,1.4,1.4,1.4,1.4,0,0,1
FINNIFTY05MAR2418800PE.NFO,2024-02-01,12:32:00,2024-03-05,1.4,1.4,1.4,1.4,0,0,1
FINNIFTY05MAR2418800PE.NFO,2024-02-01,12:33:00,2024-03-05,1.4,1.4,1.4,1.4,0,0,1
FINNIFTY05MAR2418800PE.NFO,2024-02-01,12:34:00,2024-03-05,1.4,1.4,1.4,1.4,0,0,1
FINNIFTY05MAR2418800PE.NFO,2024-02-01,12:35:00,2024-03-05,1.4,1.4,1.4,1.4,0,0,1
FINNIFTY05MAR2418800PE.NFO,2024-02-01,12:36:00,2024-03-05,1.4,1.4,1.4,1.4,0,0,1
FINNIFTY05MAR2418800PE.NFO,2024-02-01,12:37:00,2024-03-05,1.4,1.4,1.4,1.4,0,0,1
FINNIFTY05MAR2418800PE.NFO,2024-02-01,12:38:00,2024-03-05,1.4,1.4,1.4,1.4,0,0,1
FINNIFTY05MAR2418800PE.NFO,2024-02-01,12:39:00,2024-03-05,1.4,1.4,1.4,1.4,0,0,1
FINNIFTY05MAR2418800PE.NFO,2024-02-01,12:40:00,2024-03-05,1.4,1.4,1.4,1.4,0,0,1
FINNIFTY05MAR2418800PE.NFO,2024-02-01,12:41:00,2024-03-05,1.4,1.4,1.4,1.4,0,0,1
FINNIFTY05MAR2418800PE.NFO,2024-02-01,12:42:00,2024-03-05,1.4,1.4,1.4,1.4,0,0,1
FINNIFTY05MAR2418800PE.NFO,2024-02-01,12:43:00,2024-03-05,1.4,1.4,1.4,1.4,0,0,1
FINNIFTY05MAR2418800PE.NFO,2024-02-01,12:44:00,2024-03-05,1.4,1.4,1.4,1.4,0,0,1
FINNIFTY05MAR2418800PE.NFO,2024-02-01,12:45:00,2024-03-05,1.4,1.4,1.4,1.4,0,0,1
FINNIFTY05MAR2418800PE.NFO,2024-02-01,12:46:00,2024-03-05,1.4,1.4,1.4,1.4,0,0,1
FINNIFTY05MAR2418800PE.NFO,2024-02-01,12:47:00,2024-03-05,1.4,1.4,1.4,1.4,0,0,1
FINNIFTY05MAR2418800PE.NFO,2024-02-01,12:48:00,2024-03-05,1.4,1.4,1.4,1.4,0,0,1
FINNIFTY05MAR2418800PE.NFO,2024-02-01,12:49:00,2024-03-05,1.4,1.4,1.4,1.4,0,0,1
FINNIFTY05MAR2418800PE.NFO,2024-02-01,12:50:00,2024-03-05,1.4,1.4,1.4,1.4,0,0,1
FINNIFTY05MAR2418800PE.NFO,2024-02-01,12:51:00,2024-03-05,1.4,1.4,1.4,1.4,0,0,1
FINNIFTY05MAR2418800PE.NFO,2024-02-01,12:52:00,2024-03-05,1.4,1.4,1.4,1.4,0,0,1
FINNIFTY05MAR2418800PE.NFO,2024-02-01,12:53:00,2024-03-05,1.4,1.4,1.4,1.4,0,0,1
FINNIFTY05MAR2418800PE.NFO,2024-02-01,12:54:00,2024-03-05,1.4,1.4,1.4,1.4,0,0,1
FINNIFTY05MAR2418800PE.NFO,2024-02-01,12:55:00,2024-03-05,1.4,1.4,1.4,1.4,0,0,1
FINNIFTY05MAR2418800PE.NFO,2024-02-01,12:56:00,2024-03-05,1.4,1.4,1.4,1.4,0,0,1
FINNIFTY05MAR2418800PE.NFO,2024-02-01,12:57:00,2024-03-05,1.4,1.4,1.4,1.4,0,0,1
FINNIFTY05MAR2418800PE.NFO,2024-02-01,12:58:00,2024-03-05,1.4,1.4,1.4,1.4,0,0,1
FINNIFTY05MAR2418800PE.NFO,2024-02-01,12:59:00,2024-03-05,1.4,1.4,1.4,1.4,0,0,1
FINNIFTY05MAR2418800PE.NFO,2024-02-01,13:00:00,2024-03-05,1.4,1.4,1.4,1.4,0,0,1
FINNIFTY05MAR2418800PE.NFO,2024-02-01,13:01:00,2024-03-05,1.4,1.4,1.4,1.4,0,0,1
FINNIFTY05MAR2418800PE.NFO,2024-02-01,13:02:00,2024-03-05,1.4,1.4,1.4,1.4,0,0,1
FINNIFTY05MAR2418800PE.NFO,2024-02-01,13:03:00,2024-03-05,1.4,1.4,1.4,1.4,0,0,1
FINNIFTY05MAR2418800PE.NFO,2024-02-01,13:04:00,2024-03-05,1.4,1.4,1.4,1.4,0,0,1
FINNIFTY05MAR2418800PE.NFO,2024-02-01,13:05:00,2024-03-05,1.4,1.4,1.4,1.4,0,0,1
FINNIFTY05MAR2418800PE.NFO,2024-02-01,13:06:00,2024-03-05,1.4,1.4,1.4,1.4,0,0,1
FINNIFTY05MAR2418800PE.NFO,2024-02-01,13:07:00,2024-03-05,1.4,1.4,1.4,1.4,0,0,1
FINNIFTY05MAR2418800PE.NFO,2024-02-01,13:08:00,2024-03-05,1.4,1.4,1.4,1.4,0,0,1
FINNIFTY05MAR2418800PE.NFO,2024-02-01,13:09:00,2024-03-05,1.4,1.4,1.4,1.4,0,0,1
FINNIFTY05MAR2418800PE.NFO,2024-02-01,13:10:00,2024-03-05,1.4,1.4,1.4,1.4,0,0,1
FINNIFTY05MAR2418800PE.NFO,2024-02-01,13:11:00,2024-03-05,1.4,1.4,1.4,1.4,0,0,1
FINNIFTY05MAR2418800PE.NFO,2024-02-01,13:12:00,2024-03-05,1.4,1.4,1.4,1.4,0,0,1
FINNIFTY05MAR2418800PE.NFO,2024-02-01,13:13:00,2024-03-05,1.4,1.4,1.4,1.4,0,0,1
FINNIFTY05MAR2418800PE.NFO,2024-02-01,13:14:00,2024-03-05,1.4,1.4,1.4,1.4,0,0,1
FINNIFTY05MAR2418800PE.NFO,2024-02-01,13:15:00,2024-03-05,1.4,1.4,1.4,1.4,0,0,1
FINNIFTY05MAR2418800PE.NFO,2024-02-01,13:16:00,2024-03-05,1.4,1.4,1.4,1.4,0,0,1
FINNIFTY05MAR2418800PE.NFO,2024-02-01,13:17:00,2024-03-05,1.4,1.4,1.4,1.4,0,0,1
FINNIFTY05MAR2418800PE.NFO,2024-02-01,13:18:00,2024-03-05,1.4,1.4,1.4,1.4,0,0,1
FINNIFTY05MAR2418800PE.NFO,2024-02-01,13:19:00,2024-03-05,1.4,1.4,1.4,1.4,0,0,1
FINNIFTY05MAR2418800PE.NFO,2024-02-01,13:20:00,2024-03-05,1.4,1.4,1.4,1.4,0,0,1
FINNIFTY05MAR2418800PE.NFO,2024-02-01,13:21:00,2024-03-05,1.4,1.4,1.4,1.4,0,0,1
FINNIFTY05MAR2418800PE.NFO,2024-02-01,13:22:00,2024-03-05,1.4,1.4,1.4,1.4,0,0,1
FINNIFTY05MAR2418800PE.NFO,2024-02-01,13:23:00,2024-03-05,1.4,1.4,1.4,1.4,0,0,1
FINNIFTY05MAR2418800PE.NFO,2024-02-01,13:24:00,2024-03-05,1.4,1.4,1.4,1.4,0,0,1
FINNIFTY05MAR2418800PE.NFO,2024-02-01,13:25:00,2024-03-05,1.4,1.4,1.4,1.4,0,0,1
FINNIFTY05MAR2418800PE.NFO,2024-02-01,13:26:00,2024-03-05,1.4,1.4,1.4,1.4,0,0,1
FINNIFTY05MAR2418800PE.NFO,2024-02-01,13:27:00,2024-03-05,1.4,1.4,1.4,1.4,0,0,1
FINNIFTY05MAR2418800PE.NFO,2024-02-01,13:28:00,2024-03-05,1.4,1.4,1.4,1.4,0,0,1
FINNIFTY05MAR2418800PE.NFO,2024-02-01,13:29:00,2024-03-05,1.4,1.4,1.4,1.4,0,0,1
FINNIFTY05MAR2418800PE.NFO,2024-02-01,13:30:00,2024-03-05,1.4,1.4,1.4,1.4,0,0,1
FINNIFTY05MAR2418800PE.NFO,2024-02-01,13:31:00,2024-03-05,1.4,1.4,1.4,1.4,0,0,1
FINNIFTY05MAR2418800PE.NFO,2024-02-01,13:32:00,2024-03-05,1.4,1.4,1.4,1.4,0,0,1
FINNIFTY05MAR2418800PE.NFO,2024-02-01,13:33:00,2024-03-05,1.4,1.4,1.4,1.4,0,0,1
FINNIFTY05MAR2418800PE.NFO,2024-02-01,13:34:00,2024-03-05,1.4,1.4,1.4,1.4,0,0,1
FINNIFTY05MAR2418800PE.NFO,2024-02-01,13:35:00,2024-03-05,1.4,1.4,1.4,1.4,0,0,1
FINNIFTY05MAR2418800PE.NFO,2024-02-01,13:36:00,2024-03-05,1.4,1.4,1.4,1.4,0,0,1
FINNIFTY05MAR2418800PE.NFO,2024-02-01,13:37:00,2024-03-05,1.4,1.4,1.4,1.4,0,0,1
FINNIFTY05MAR2418800PE.NFO,2024-02-01,13:38:00,2024-03-05,1.4,1.4,1.4,1.4,0,0,1
FINNIFTY05MAR2418800PE.NFO,2024-02-01,13:39:00,2024-03-05,1.4,1.4,1.4,1.4,0,0,1
FINNIFTY05MAR2418800PE.NFO,2024-02-01,13:40:00,2024-03-05,1.4,1.4,1.4,1.4,0,0,1
FINNIFTY05MAR2418800PE.NFO,2024-02-01,13:41:00,2024-03-05,1.4,1.4,1.4,1.4,0,0,1
FINNIFTY05MAR2418800PE.NFO,2024-02-01,13:42:00,2024-03-05,1.4,1.4,1.4,1.4,0,0,1
FINNIFTY05MAR2418800PE.NFO,2024-02-01,13:43:00,2024-03-05,1.4,1.4,1.4,1.4,0,0,1
FINNIFTY05MAR2418800PE.NFO,2024-02-01,13:44:00,2024-03-05,1.4,1.4,1.4,1.4,0,0,1
FINNIFTY05MAR2418800PE.NFO,2024-02-01,13:45:00,2024-03-05,1.4,1.4,1.4,1.4,0,0,1
FINNIFTY05MAR2418800PE.NFO,2024-02-01,13:46:00,2024-03-05,1.4,1.4,1.4,1.4,0,0,1
FINNIFTY05MAR2418800PE.NFO,2024-02-01,13:47:00,2024-03-05,1.4,1.4,1.4,1.4,0,0,1
FINNIFTY05MAR2418800PE.NFO,2024-02-01,13:48:00,2024-03-05,1.4,1.4,1.4,1.4,0,0,1
FINNIFTY05MAR2418800PE.NFO,2024-02-01,13:49:00,2024-03-05,1.4,1.4,1.4,1.4,0,0,1
FINNIFTY05MAR2418800PE.NFO,2024-02-01,13:50:00,2024-03-05,1.4,1.4,1.4,1.4,0,0,1
FINNIFTY05MAR2418800PE.NFO,2024-02-01,13:51:00,2024-03-05,1.4,1.4,1.4,1.4,0,0,1
FINNIFTY05MAR2418800PE.NFO,2024-02-01,13:52:00,2024-03-05,1.4,1.4,1.4,1.4,0,0,1
FINNIFTY05MAR2418800PE.NFO,2024-02-01,13:53:00,2024-03-05,1.4,1.4,1.4,1.4,0,0,1
FINNIFTY05MAR2418800PE.NFO,2024-02-01,13:54:00,2024-03-05,1.4,1.4,1.4,1.4,0,0,1
FINNIFTY05MAR2418800PE.NFO,2024-02-01,13:55:00,2024-03-05,1.4,1.4,1.4,1.4,0,0,1
FINNIFTY05MAR2418800PE.NFO,2024-02-01,13:56:00,2024-03-05,1.4,1.4,1.4,1.4,0,0,1
FINNIFTY05MAR2418800PE.NFO,2024-02-01,13:57:00,2024-03-05,1.4,1.4,1.4,1.4,0,0,1
FINNIFTY05MAR2418800PE.NFO,2024-02-01,13:58:00,2024-03-05,1.4,1.4,1.4,1.4,0,0,1
FINNIFTY05MAR2418800PE.NFO,2024-02-01,13:59:00,2024-03-05,1.4,1.4,1.4,1.4,0,0,1
FINNIFTY05MAR2418800PE.NFO,2024-02-01,14:00:00,2024-03-05,1.4,1.4,1.4,1.4,0,0,1
FINNIFTY05MAR2418800PE.NFO,2024-02-01,14:01:00,2024-03-05,1.4,1.4,1.4,1.4,0,0,1
FINNIFTY05MAR2418800PE.NFO,2024-02-01,14:02:00,2024-03-05,1.4,1.4,1.4,1.4,0,0,1
FINNIFTY05MAR2418800PE.NFO,2024-02-01,14:03:00,2024-03-05,1.4,1.4,1.4,1.4,0,0,1
FINNIFTY05MAR2418800PE.NFO,2024-02-01,14:04:00,2024-03-05,1.4,1.4,1.4,1.4,0,0,1
FINNIFTY05MAR2418800PE.NFO,2024-02-01,14:05:00,2024-03-05,1.4,1.4,1.4,1.4,0,0,1
FINNIFTY05MAR2418800PE.NFO,2024-02-01,14:06:00,2024-03-05,1.4,1.4,1.4,1.4,0,0,1
FINNIFTY05MAR2418800PE.NFO,2024-02-01,14:07:00,2024-03-05,1.4,1.4,1.4,1.4,0,0,1
FINNIFTY05MAR2418800PE.NFO,2024-02-01,14:08:00,2024-03-05,1.4,1.4,1.4,1.4,0,0,1
FINNIFTY05MAR2418800PE.NFO,2024-02-01,14:09:00,2024-03-05,1.4,1.4,1.4,1.4,0,0,1
FINNIFTY05MAR2418800PE.NFO,2024-02-01,14:10:00,2024-03-05,1.4,1.4,1.4,1.4,0,0,1
FINNIFTY05MAR2418800PE.NFO,2024-02-01,14:11:00,2024-03-05,1.4,1.4,1.4,1.4,0,0,1
FINNIFTY05MAR2418800PE.NFO,2024-02-01,14:12:00,2024-03-05,1.4,1.4,1.4,1.4,0,0,1
FINNIFTY05MAR2418800PE.NFO,2024-02-01,14:13:00,2024-03-05,1.4,1.4,1.4,1.4,0,0,1
FINNIFTY05MAR2418800PE.NFO,2024-02-01,14:14:00,2024-03-05,1.4,1.4,1.4,1.4,0,0,1
FINNIFTY05MAR2418800PE.NFO,2024-02-01,14:15:00,2024-03-05,1.4,1.4,1.4,1.4,0,0,1
FINNIFTY05MAR2418800PE.NFO,2024-02-01,14:16:00,2024-03-05,1.4,1.4,1.4,1.4,0,0,1
FINNIFTY05MAR2418800PE.NFO,2024-02-01,14:17:00,2024-03-05,1.4,1.4,1.4,1.4,0,0,1
FINNIFTY05MAR2418800PE.NFO,2024-02-01,14:18:00,2024-03-05,1.4,1.4,1.4,1.4,0,0,1
FINNIFTY05MAR2418800PE.NFO,2024-02-01,14:19:00,2024-03-05,1.4,1.4,1.4,1.4,0,0,1
FINNIFTY05MAR2418800PE.NFO,2024-02-01,14:20:00,2024-03-05,1.4,1.4,1.4,1.4,0,0,1
FINNIFTY05MAR2418800PE.NFO,2024-02-01,14:21:00,2024-03-05,1.4,1.4,1.4,1.4,0,0,1
FINNIFTY05MAR2418800PE.NFO,2024-02-01,14:22:00,2024-03-05,1.4,1.4,1.4,1.4,0,0,1
FINNIFTY05MAR2418800PE.NFO,2024-02-01,14:23:00,2024-03-05,1.4,1.4,1.4,1.4,0,0,1
FINNIFTY05MAR2418800PE.NFO,2024-02-01,14:24:00,2024-03-05,1.4,1.4,1.4,1.4,0,0,1
FINNIFTY05MAR2418800PE.NFO,2024-02-01,14:25:00,2024-03-05,1.4,1.4,1.4,1.4,0,0,1
FINNIFTY05MAR2418800PE.NFO,2024-02-01,14:26:00,2024-03-05,1.4,1.4,1.4,1.4,0,0,1
FINNIFTY05MAR2418800PE.NFO,2024-02-01,14:27:00,2024-03-05,1.4,1.4,1.4,1.4,0,0,1
FINNIFTY05MAR2418800PE.NFO,2024-02-01,14:28:00,2024-03-05,1.4,1.4,1.4,1.4,0,0,1
FINNIFTY05MAR2418800PE.NFO,2024-02-01,14:29:00,2024-03-05,1.4,1.4,1.4,1.4,0,0,1
FINNIFTY05MAR2418800PE.NFO,2024-02-01,14:30:00,2024-03-05,1.4,1.4,1.4,1.4,0,0,1
FINNIFTY05MAR2418800PE.NFO,2024-02-01,14:31:00,2024-03-05,1.4,1.4,1.4,1.4,0,0,1
FINNIFTY05MAR2418800PE.NFO,2024-02-01,14:32:00,2024-03-05,1.4,1.4,1.4,1.4,0,0,1
FINNIFTY05MAR2418800PE.NFO,2024-02-01,14:33:00,2024-03-05,1.4,1.4,1.4,1.4,0,0,1
FINNIFTY05MAR2418800PE.NFO,2024-02-01,14:34:00,2024-03-05,1.4,1.4,1.4,1.4,0,0,1
FINNIFTY05MAR2418800PE.NFO,2024-02-01,14:35:00,2024-03-05,1.4,1.4,1.4,1.4,0,0,1
FINNIFTY05MAR2418800PE.NFO,2024-02-01,14:36:00,2024-03-05,1.4,1.4,1.4,1.4,0,0,1
FINNIFTY05MAR2418800PE.NFO,2024-02-01,14:37:00,2024-03-05,1.4,1.4,1.4,1.4,0,0,1
FINNIFTY05MAR2418800PE.NFO,2024-02-01,14:38:00,2024-03-05,1.4,1.4,1.4,1.4,0,0,1
FINNIFTY05MAR2418800PE.NFO,2024-02-01,14:39:00,2024-03-05,1.4,1.4,1.4,1.4,0,0,1
FINNIFTY05MAR2418800PE.NFO,2024-02-01,14:40:00,2024-03-05,1.4,1.4,1.4,1.4,0,0,1
FINNIFTY05MAR2418800PE.NFO,2024-02-01,14:41:00,2024-03-05,1.4,1.4,1.4,1.4,0,0,1
FINNIFTY05MAR2418800PE.NFO,2024-02-01,14:42:00,2024-03-05,1.4,1.4,1.4,1.4,0,0,1
FINNIFTY05MAR2418800PE.NFO,2024-02-01,14:43:00,2024-03-05,1.4,1.4,1.4,1.4,0,0,1
FINNIFTY05MAR2418800PE.NFO,2024-02-01,14:44:00,2024-03-05,1.4,1.4,1.4,1.4,0,0,1
FINNIFTY05MAR2418800PE.NFO,2024-02-01,14:45:00,2024-03-05,1.4,1.4,1.4,1.4,0,0,1
FINNIFTY05MAR2418800PE.NFO,2024-02-01,14:46:00,2024-03-05,1.4,1.4,1.4,1.4,0,0,1
FINNIFTY05MAR2418800PE.NFO,2024-02-01,14:47:00,2024-03-05,1.4,1.4,1.4,1.4,0,0,1
FINNIFTY05MAR2418800PE.NFO,2024-02-01,14:48:00,2024-03-05,1.4,1.4,1.4,1.4,0,0,1
FINNIFTY05MAR2418800PE.NFO,2024-02-01,14:49:00,2024-03-05,1.4,1.4,1.4,1.4,0,0,1
FINNIFTY05MAR2418800PE.NFO,2024-02-01,14:50:00,2024-03-05,1.4,1.4,1.4,1.4,0,0,1
FINNIFTY05MAR2418800PE.NFO,2024-02-01,14:51:00,2024-03-05,1.4,1.4,1.4,1.4,0,0,1
FINNIFTY05MAR2418800PE.NFO,2024-02-01,14:52:00,2024-03-05,1.4,1.4,1.4,1.4,0,0,1
FINNIFTY05MAR2418800PE.NFO,2024-02-01,14:53:00,2024-03-05,1.4,1.4,1.4,1.4,0,0,1
FINNIFTY05MAR2418800PE.NFO,2024-02-01,14:54:00,2024-03-05,1.4,1.4,1.4,1.4,0,0,1
FINNIFTY05MAR2418800PE.NFO,2024-02-01,14:55:00,2024-03-05,1.4,1.4,1.4,1.4,0,0,1
FINNIFTY05MAR2418800PE.NFO,2024-02-01,14:56:00,2024-03-05,1.4,1.4,1.4,1.4,0,0,1
FINNIFTY05MAR2418800PE.NFO,2024-02-01,14:57:00,2024-03-05,1.4,1.4,1.4,1.4,0,0,1
FINNIFTY05MAR2418800PE.NFO,2024-02-01,14:58:00,2024-03-05,1.4,1.4,1.4,1.4,0,0,1
FINNIFTY05MAR2418800PE.NFO,2024-02-01,14:59:00,2024-03-05,1.4,1.4,1.4,1.4,0,0,1
FINNIFTY05MAR2418800PE.NFO,2024-02-01,15:00:00,2024-03-05,1.4,1.4,1.4,1.4,0,0,1
FINNIFTY05MAR2418800PE.NFO,2024-02-01,15:01:00,2024-03-05,1.4,1.4,1.4,1.4,0,0,1
FINNIFTY05MAR2418800PE.NFO,2024-02-01,15:02:00,2024-03-05,1.4,1.4,1.4,1.4,0,0,1
FINNIFTY05MAR2418800PE.NFO,2024-02-01,15:03:00,2024-03-05,1.4,1.4,1.4,1.4,0,0,1
FINNIFTY05MAR2418800PE.NFO,2024-02-01,15:04:00,2024-03-05,1.4,1.4,1.4,1.4,0,0,1
FINNIFTY05MAR2418800PE.NFO,2024-02-01,15:05:00,2024-03-05,1.4,1.4,1.4,1.4,0,0,1
FINNIFTY05MAR2418800PE.NFO,2024-02-01,15:06:00,2024-03-05,1.4,1.4,1.4,1.4,0,0,1
FINNIFTY05MAR2418800PE.NFO,2024-02-01,15:07:00,2024-03-05,1.4,1.4,1.4,1.4,0,0,1
FINNIFTY05MAR2418800PE.NFO,2024-02-01,15:08:00,2024-03-05,1.4,1.4,1.4,1.4,0,0,1
FINNIFTY05MAR2418800PE.NFO,2024-02-01,15:09:00,2024-03-05,1.4,1.4,1.4,1.4,0,0,1
FINNIFTY05MAR2418800PE.NFO,2024-02-01,15:10:00,2024-03-05,1.4,1.4,1.4,1.4,0,0,1
FINNIFTY05MAR2418800PE.NFO,2024-02-01,15:11:00,2024-03-05,1.4,1.4,1.4,1.4,0,0,1
FINNIFTY05MAR2418800PE.NFO,2024-02-01,15:12:00,2024-03-05,1.4,1.4,1.4,1.4,0,0,1
FINNIFTY05MAR2418800PE.NFO,2024-02-01,15:13:00,2024-03-05,1.4,1.4,1.4,1.4,0,0,1
FINNIFTY05MAR2418800PE.NFO,2024-02-01,15:14:00,2024-03-05,1.4,1.4,1.4,1.4,0,0,1
FINNIFTY05MAR2418800PE.NFO,2024-02-01,15:15:00,2024-03-05,1.4,1.4,1.4,1.4,0,0,1
FINNIFTY05MAR2418800PE.NFO,2024-02-01,15:16:00,2024-03-05,1.4,1.4,1.4,1.4,0,0,1
FINNIFTY05MAR2418800PE.NFO,2024-02-01,15:17:00,2024-03-05,1.4,1.4,1.4,1.4,0,0,1
FINNIFTY05MAR2418800PE.NFO,2024-02-01,15:18:00,2024-03-05,1.4,1.4,1.4,1.4,0,0,1
FINNIFTY05MAR2418800PE.NFO,2024-02-01,15:19:00,2024-03-05,1.4,1.4,1.4,1.4,0,0,1
FINNIFTY05MAR2418800PE.NFO,2024-02-01,15:20:00,2024-03-05,1.4,1.4,1.4,1.4,0,0,1
FINNIFTY05MAR2418800PE.NFO,2024-02-01,15:21:00,2024-03-05,1.4,1.4,1.4,1.4,0,0,1
FINNIFTY05MAR2418800PE.NFO,2024-02-01,15:22:00,2024-03-05,1.4,1.4,1.4,1.4,0,0,1
FINNIFTY05MAR2418800PE.NFO,2024-02-01,15:23:00,2024-03-05,1.4,1.4,1.4,1.4,0,0,1
FINNIFTY05MAR2418800PE.NFO,2024-02-01,15:24:00,2024-03-05,1.4,1.4,1.4,1.4,0,0,1
FINNIFTY05MAR2418800PE.NFO,2024-02-01,15:25:00,2024-03-05,1.4,1.4,1.4,1.4,0,0,1
FINNIFTY05MAR2418800PE.NFO,2024-02-01,15:26:00,2024-03-05,1.4,1.4,1.4,1.4,0,0,1
FINNIFTY05MAR2418800PE.NFO,2024-02-01,15:27:00,2024-03-05,1.4,1.4,1.4,1.4,0,0,1
FINNIFTY05MAR2418800PE.NFO,2024-02-01,15:28:00,2024-03-05,1.4,1.4,1.4,1.4,0,0,1
FINNIFTY05MAR2418800PE.NFO,2024-02-01,15:29:00,2024-03-05,1.4,1.4,1.4,1.4,0,0,1
FINNIFTY05MAR2418800PE.NFO,2024-02-01,15:30:00,2024-03-05,1.4,1.4,1.4,1.4,0,0,1
FINNIFTY05MAR2418800PE.NFO,2024-02-02,09:15:00,2024-03-05,1.4,1.4,1.4,1.4,0,0,0
FINNIFTY05MAR2418800PE.NFO,2024-02-02,09:16:00,2024-03-05,1.4,1.4,1.4,1.4,0,0,1
FINNIFTY05MAR2418800PE.NFO,2024-02-02,09:17:00,2024-03-05,1.4,1.4,1.4,1.4,0,0,1
FINNIFTY05MAR2418800PE.NFO,2024-02-02,09:18:00,2024-03-05,1.4,1.4,1.4,1.4,0,0,1
FINNIFTY05MAR2418800PE.NFO,2024-02-02,09:19:00,2024-03-05,1.4,1.4,1.4,1.4,0,0,1
FINNIFTY05MAR2418800PE.NFO,2024-02-02,09:20:00,2024-03-05,1.4,1.4,1.4,1.4,0,0,1
FINNIFTY05MAR2418800PE.NFO,2024-02-02,09:21:00,2024-03-05,1.4,1.4,1.4,1.4,0,0,1
FINNIFTY05MAR2418800PE.NFO,2024-02-02,09:22:00,2024-03-05,1.4,1.4,1.4,1.4,0,0,1
FINNIFTY05MAR2418800PE.NFO,2024-02-02,09:23:00,2024-03-05,1.4,1.4,1.4,1.4,0,0,1
FINNIFTY05MAR2418800PE.NFO,2024-02-02,09:24:00,2024-03-05,1.4,1.4,1.4,1.4,0,0,1
FINNIFTY05MAR2418800PE.NFO,2024-02-02,09:25:00,2024-03-05,1.4,1.4,1.4,1.4,0,0,1
FINNIFTY05MAR2418800PE.NFO,2024-02-02,09:26:00,2024-03-05,1.4,1.4,1.4,1.4,0,0,1
FINNIFTY05MAR2418800PE.NFO,2024-02-02,09:27:00,2024-03-05,1.4,1.4,1.4,1.4,0,0,1
FINNIFTY05MAR2418800PE.NFO,2024-02-02,09:28:00,2024-03-05,1.4,1.4,1.4,1.4,0,0,1
FINNIFTY05MAR2418800PE.NFO,2024-02-02,09:29:00,2024-03-05,1.4,1.4,1.4,1.4,0,0,1
FINNIFTY05MAR2418800PE.NFO,2024-02-02,09:30:00,2024-03-05,1.4,1.4,1.4,1.4,0,0,1
FINNIFTY05MAR2418800PE.NFO,2024-02-02,09:31:00,2024-03-05,1.4,1.4,1.4,1.4,0,0,1
FINNIFTY05MAR2418800PE.NFO,2024-02-02,09:32:00,2024-03-05,1.4,1.4,1.4,1.4,0,0,1
FINNIFTY05MAR2418800PE.NFO,2024-02-02,09:33:00,2024-03-05,1.4,1.4,1.4,1.4,0,0,1
FINNIFTY05MAR2418800PE.NFO,2024-02-02,09:34:00,2024-03-05,1.4,1.4,1.4,1.4,0,0,1
FINNIFTY05MAR2418800PE.NFO,2024-02-02,09:35:00,2024-03-05,1.4,1.4,1.4,1.4,0,0,1
FINNIFTY05MAR2418800PE.NFO,2024-02-02,09:36:00,2024-03-05,1.4,1.4,1.4,1.4,0,0,1
FINNIFTY05MAR2418800PE.NFO,2024-02-02,09:37:00,2024-03-05,1.4,1.4,1.4,1.4,0,0,1
FINNIFTY05MAR2418800PE.NFO,2024-02-02,09:38:00,2024-03-05,1.4,1.4,1.4,1.4,0,0,1
FINNIFTY05MAR2418800PE.NFO,2024-02-02,09:39:00,2024-03-05,1.4,1.4,1.4,1.4,0,0,1
FINNIFTY05MAR2418800PE.NFO,2024-02-02,09:40:00,2024-03-05,1.4,1.4,1.4,1.4,0,0,1
FINNIFTY05MAR2418800PE.NFO,2024-02-02,09:41:00,2024-03-05,1.4,1.4,1.4,1.4,0,0,1
FINNIFTY05MAR2418800PE.NFO,2024-02-02,09:42:00,2024-03-05,1.4,1.4,1.4,1.4,0,0,1
FINNIFTY05MAR2418800PE.NFO,2024-02-02,09:43:00,2024-03-05,1.4,1.4,1.4,1.4,0,0,1
FINNIFTY05MAR2418800PE.NFO,2024-02-02,09:44:00,2024-03-05,1.4,1.4,1.4,1.4,0,0,1
FINNIFTY05MAR2418800PE.NFO,2024-02-02,09:45:00,2024-03-05,1.4,1.4,1.4,1.4,0,0,1
FINNIFTY05MAR2418800PE.NFO,2024-02-02,09:46:00,2024-03-05,1.4,1.4,1.4,1.4,0,0,1
FINNIFTY05MAR2418800PE.NFO,2024-02-02,09:47:00,2024-03-05,1.4,1.4,1.4,1.4,0,0,1
FINNIFTY05MAR2418800PE.NFO,2024-02-02,09:48:00,2024-03-05,1.4,1.4,1.4,1.4,0,0,1
FINNIFTY05MAR2418800PE.NFO,2024-02-02,09:49:00,2024-03-05,1.4,1.4,1.4,1.4,0,0,1
FINNIFTY05MAR2418800PE.NFO,2024-02-02,09:50:00,2024-03-05,1.4,1.4,1.4,1.4,0,0,1
FINNIFTY05MAR2418800PE.NFO,2024-02-02,09:51:00,2024-03-05,1.4,1.4,1.4,1.4,0,0,1
FINNIFTY05MAR2418800PE.NFO,2024-02-02,09:52:00,2024-03-05,1.4,1.4,1.4,1.4,0,0,1
FINNIFTY05MAR2418800PE.NFO,2024-02-02,09:53:00,2024-03-05,1.4,1.4,1.4,1.4,0,0,1
FINNIFTY05MAR2418800PE.NFO,2024-02-02,09:54:00,2024-03-05,1.4,1.4,1.4,1.4,0,0,1
FINNIFTY05MAR2418800PE.NFO,2024-02-02,09:55:00,2024-03-05,1.4,1.4,1.4,1.4,0,0,1
FINNIFTY05MAR2418800PE.NFO,2024-02-02,09:56:00,2024-03-05,1.4,1.4,1.4,1.4,0,0,1
FINNIFTY05MAR2418800PE.NFO,2024-02-02,09:57:00,2024-03-05,1.4,1.4,1.4,1.4,0,0,1
FINNIFTY05MAR2418800PE.NFO,2024-02-02,09:58:00,2024-03-05,1.4,1.4,1.4,1.4,0,0,1
FINNIFTY05MAR2418800PE.NFO,2024-02-02,09:59:00,2024-03-05,1.4,1.4,1.4,1.4,0,0,1
FINNIFTY05MAR2418800PE.NFO,2024-02-02,10:00:00,2024-03-05,1.4,1.4,1.4,1.4,0,0,1
FINNIFTY05MAR2418800PE.NFO,2024-02-02,10:01:00,2024-03-05,1.4,1.4,1.4,1.4,0,0,1
FINNIFTY05MAR2418800PE.NFO,2024-02-02,10:02:00,2024-03-05,1.4,1.4,1.4,1.4,0,0,1
FINNIFTY05MAR2418800PE.NFO,2024-02-02,10:03:00,2024-03-05,1.4,1.4,1.4,1.4,0,0,1
FINNIFTY05MAR2418800PE.NFO,2024-02-02,10:04:00,2024-03-05,1.4,1.4,1.4,1.4,0,0,1
FINNIFTY05MAR2418800PE.NFO,2024-02-02,10:05:00,2024-03-05,1.4,1.4,1.4,1.4,0,0,1
FINNIFTY05MAR2418800PE.NFO,2024-02-02,10:06:00,2024-03-05,1.4,1.4,1.4,1.4,0,0,1
FINNIFTY05MAR2418800PE.NFO,2024-02-02,10:07:00,2024-03-05,1.4,1.4,1.4,1.4,0,0,1
FINNIFTY05MAR2418800PE.NFO,2024-02-02,10:08:00,2024-03-05,1.4,1.4,1.4,1.4,0,0,1
FINNIFTY05MAR2418800PE.NFO,2024-02-02,10:09:00,2024-03-05,1.4,1.4,1.4,1.4,0,0,1
FINNIFTY05MAR2418800PE.NFO,2024-02-02,10:10:00,2024-03-05,1.4,1.4,1.4,1.4,0,0,1
FINNIFTY05MAR2418800PE.NFO,2024-02-02,10:11:00,2024-03-05,1.4,1.4,1.4,1.4,0,0,1
FINNIFTY05MAR2418800PE.NFO,2024-02-02,10:12:00,2024-03-05,1.4,1.4,1.4,1.4,0,0,1
FINNIFTY05MAR2418800PE.NFO,2024-02-02,10:13:00,2024-03-05,1.4,1.4,1.4,1.4,0,0,1
FINNIFTY05MAR2418800PE.NFO,2024-02-02,10:14:00,2024-03-05,1.4,1.4,1.4,1.4,0,0,1
FINNIFTY05MAR2418800PE.NFO,2024-02-02,10:15:00,2024-03-05,1.4,1.4,1.4,1.4,0,0,1
FINNIFTY05MAR2418800PE.NFO,2024-02-02,10:16:00,2024-03-05,1.4,1.4,1.4,1.4,0,0,1
FINNIFTY05MAR2418800PE.NFO,2024-02-02,10:17:00,2024-03-05,1.4,1.4,1.4,1.4,0,0,1
FINNIFTY05MAR2418800PE.NFO,2024-02-02,10:18:00,2024-03-05,1.4,1.4,1.4,1.4,0,0,1
FINNIFTY05MAR2418800PE.NFO,2024-02-02,10:19:00,2024-03-05,1.4,1.4,1.4,1.4,0,0,1
FINNIFTY05MAR2418800PE.NFO,2024-02-02,10:20:00,2024-03-05,1.4,1.4,1.4,1.4,0,0,1
FINNIFTY05MAR2418800PE.NFO,2024-02-02,10:21:00,2024-03-05,1.4,1.4,1.4,1.4,0,0,1
FINNIFTY05MAR2418800PE.NFO,2024-02-02,10:22:00,2024-03-05,1.4,1.4,1.4,1.4,0,0,1
FINNIFTY05MAR2418800PE.NFO,2024-02-02,10:23:00,2024-03-05,1.4,1.4,1.4,1.4,0,0,1
FINNIFTY05MAR2418800PE.NFO,2024-02-02,10:24:00,2024-03-05,1.4,1.4,1.4,1.4,0,0,1
FINNIFTY05MAR2418800PE.NFO,2024-02-02,10:25:00,2024-03-05,1.4,1.4,1.4,1.4,0,0,1
FINNIFTY05MAR2418800PE.NFO,2024-02-02,10:26:00,2024-03-05,1.4,1.4,1.4,1.4,0,0,1
FINNIFTY05MAR2418800PE.NFO,2024-02-02,10:27:00,2024-03-05,1.4,1.4,1.4,1.4,0,0,1
FINNIFTY05MAR2418800PE.NFO,2024-02-02,10:28:00,2024-03-05,1.4,1.4,1.4,1.4,0,0,1
FINNIFTY05MAR2418800PE.NFO,2024-02-02,10:29:00,2024-03-05,1.4,1.4,1.4,1.4,0,0,1
FINNIFTY05MAR2418800PE.NFO,2024-02-02,10:30:00,2024-03-05,1.4,1.4,1.4,1.4,0,0,1
FINNIFTY05MAR2418800PE.NFO,2024-02-02,10:31:00,2024-03-05,1.4,1.4,1.4,1.4,0,0,1
FINNIFTY05MAR2418800PE.NFO,2024-02-02,10:32:00,2024-03-05,1.4,1.4,1.4,1.4,0,0,1
FINNIFTY05MAR2418800PE.NFO,2024-02-02,10:33:00,2024-03-05,1.4,1.4,1.4,1.4,0,0,1
FINNIFTY05MAR2418800PE.NFO,2024-02-02,10:34:00,2024-03-05,1.4,1.4,1.4,1.4,0,0,1
FINNIFTY05MAR2418800PE.NFO,2024-02-02,10:35:00,2024-03-05,1.4,1.4,1.4,1.4,0,0,1
FINNIFTY05MAR2418800PE.NFO,2024-02-02,10:36:00,2024-03-05,1.4,1.4,1.4,1.4,0,0,1
FINNIFTY05MAR2418800PE.NFO,2024-02-02,10:37:00,2024-03-05,1.4,1.4,1.4,1.4,0,0,1
FINNIFTY05MAR2418800PE.NFO,2024-02-02,10:38:00,2024-03-05,1.4,1.4,1.4,1.4,0,0,1
FINNIFTY05MAR2418800PE.NFO,2024-02-02,10:39:00,2024-03-05,1.4,1.4,1.4,1.4,0,0,1
FINNIFTY05MAR2418800PE.NFO,2024-02-02,10:40:00,2024-03-05,1.4,1.4,1.4,1.4,0,0,1
FINNIFTY05MAR2418800PE.NFO,2024-02-02,10:41:00,2024-03-05,1.4,1.4,1.4,1.4,0,0,1
FINNIFTY05MAR2418800PE.NFO,2024-02-02,10:42:00,2024-03-05,1.4,1.4,1.4,1.4,0,0,1
FINNIFTY05MAR2418800PE.NFO,2024-02-02,10:43:00,2024-03-05,1.4,1.4,1.4,1.4,0,0,1
FINNIFTY05MAR2418800PE.NFO,2024-02-02,10:44:00,2024-03-05,1.4,1.4,1.4,1.4,0,0,1
FINNIFTY05MAR2418800PE.NFO,2024-02-02,10:45:00,2024-03-05,1.4,1.4,1.4,1.4,0,0,1
FINNIFTY05MAR2418800PE.NFO,2024-02-02,10:46:00,2024-03-05,1.4,1.4,1.4,1.4,0,0,1
FINNIFTY05MAR2418800PE.NFO,2024-02-02,10:47:00,2024-03-05,1.4,1.4,1.4,1.4,0,0,1
FINNIFTY05MAR2418800PE.NFO,2024-02-02,10:48:00,2024-03-05,1.4,1.4,1.4,1.4,0,0,1
FINNIFTY05MAR2418800PE.NFO,2024-02-02,10:49:00,2024-03-05,1.4,1.4,1.4,1.4,0,0,1
FINNIFTY05MAR2418800PE.NFO,2024-02-02,10:50:00,2024-03-05,1.4,1.4,1.4,1.4,0,0,1
FINNIFTY05MAR2418800PE.NFO,2024-02-02,10:51:00,2024-03-05,1.4,1.4,1.4,1.4,0,0,1
FINNIFTY05MAR2418800PE.NFO,2024-02-02,10:52:00,2024-03-05,1.4,1.4,1.4,1.4,0,0,1
FINNIFTY05MAR2418800PE.NFO,2024-02-02,10:53:00,2024-03-05,1.4,1.4,1.4,1.4,0,0,1
FINNIFTY05MAR2418800PE.NFO,2024-02-02,10:54:00,2024-03-05,1.4,1.4,1.4,1.4,0,0,1
FINNIFTY05MAR2418800PE.NFO,2024-02-02,10:55:00,2024-03-05,1.4,1.4,1.4,1.4,0,0,1
FINNIFTY05MAR2418800PE.NFO,2024-02-02,10:56:00,2024-03-05,1.4,1.4,1.4,1.4,0,0,1
FINNIFTY05MAR2418800PE.NFO,2024-02-02,10:57:00,2024-03-05,1.4,1.4,1.4,1.4,0,0,1
FINNIFTY05MAR2418800PE.NFO,2024-02-02,10:58:00,2024-03-05,1.4,1.4,1.4,1.4,0,0,1
FINNIFTY05MAR2418800PE.NFO,2024-02-02,10:59:00,2024-03-05,1.4,1.4,1.4,1.4,0,0,1
FINNIFTY05MAR2418800PE.NFO,2024-02-02,11:00:00,2024-03-05,1.4,1.4,1.4,1.4,0,0,1
FINNIFTY05MAR2418800PE.NFO,2024-02-02,11:01:00,2024-03-05,1.4,1.4,1.4,1.4,0,0,1
FINNIFTY05MAR2418800PE.NFO,2024-02-02,11:02:00,2024-03-05,1.4,1.4,1.4,1.4,0,0,1
FINNIFTY05MAR2418800PE.NFO,2024-02-02,11:03:00,2024-03-05,1.4,1.4,1.4,1.4,0,0,1
FINNIFTY05MAR2418800PE.NFO,2024-02-02,11:04:00,2024-03-05,1.4,1.4,1.4,1.4,0,0,1
FINNIFTY05MAR2418800PE.NFO,2024-02-02,11:05:00,2024-03-05,1.4,1.4,1.4,1.4,0,0,1
FINNIFTY05MAR2418800PE.NFO,2024-02-02,11:06:00,2024-03-05,1.4,1.4,1.4,1.4,0,0,1
FINNIFTY05MAR2418800PE.NFO,2024-02-02,11:07:00,2024-03-05,1.4,1.4,1.4,1.4,0,0,1
FINNIFTY05MAR2418800PE.NFO,2024-02-02,11:08:00,2024-03-05,1.4,1.4,1.4,1.4,0,0,1
FINNIFTY05MAR2418800PE.NFO,2024-02-02,11:09:00,2024-03-05,1.4,1.4,1.4,1.4,0,0,1
FINNIFTY05MAR2418800PE.NFO,2024-02-02,11:10:00,2024-03-05,1.4,1.4,1.4,1.4,0,0,1
FINNIFTY05MAR2418800PE.NFO,2024-02-02,11:11:00,2024-03-05,1.4,1.4,1.4,1.4,0,0,1
FINNIFTY05MAR2418800PE.NFO,2024-02-02,11:12:00,2024-03-05,1.4,1.4,1.4,1.4,0,0,1
FINNIFTY05MAR2418800PE.NFO,2024-02-02,11:13:00,2024-03-05,1.4,1.4,1.4,1.4,0,0,1
FINNIFTY05MAR2418800PE.NFO,2024-02-02,11:14:00,2024-03-05,1.4,1.4,1.4,1.4,0,0,1
FINNIFTY05MAR2418800PE.NFO,2024-02-02,11:15:00,2024-03-05,1.4,1.4,1.4,1.4,0,0,1
FINNIFTY05MAR2418800PE.NFO,2024-02-02,11:16:00,2024-03-05,1.4,1.4,1.4,1.4,0,0,1
FINNIFTY05MAR2418800PE.NFO,2024-02-02,11:17:00,2024-03-05,1.4,1.4,1.4,1.4,0,0,1
FINNIFTY05MAR2418800PE.NFO,2024-02-02,11:18:00,2024-03-05,1.4,1.4,1.4,1.4,0,0,1
FINNIFTY05MAR2418800PE.NFO,2024-02-02,11:19:00,2024-03-05,1.4,1.4,1.4,1.4,0,0,1
FINNIFTY05MAR2418800PE.NFO,2024-02-02,11:20:00,2024-03-05,1.4,1.4,1.4,1.4,0,0,1
FINNIFTY05MAR2418800PE.NFO,2024-02-02,11:21:00,2024-03-05,1.4,1.4,1.4,1.4,0,0,1
FINNIFTY05MAR2418800PE.NFO,2024-02-02,11:22:00,2024-03-05,1.4,1.4,1.4,1.4,0,0,1
FINNIFTY05MAR2418800PE.NFO,2024-02-02,11:23:00,2024-03-05,1.4,1.4,1.4,1.4,0,0,1
FINNIFTY05MAR2418800PE.NFO,2024-02-02,11:24:00,2024-03-05,1.4,1.4,1.4,1.4,0,0,1
FINNIFTY05MAR2418800PE.NFO,2024-02-02,11:25:00,2024-03-05,1.4,1.4,1.4,1.4,0,0,1
FINNIFTY05MAR2418800PE.NFO,2024-02-02,11:26:00,2024-03-05,1.4,1.4,1.4,1.4,0,0,1
FINNIFTY05MAR2418800PE.NFO,2024-02-02,11:27:00,2024-03-05,1.4,1.4,1.4,1.4,0,0,1
FINNIFTY05MAR2418800PE.NFO,2024-02-02,11:28:00,2024-03-05,1.4,1.4,1.4,1.4,0,0,1
FINNIFTY05MAR2418800PE.NFO,2024-02-02,11:29:00,2024-03-05,1.4,1.4,1.4,1.4,0,0,1
FINNIFTY05MAR2418800PE.NFO,2024-02-02,11:30:00,2024-03-05,1.4,1.4,1.4,1.4,0,0,1
FINNIFTY05MAR2418800PE.NFO,2024-02-02,11:31:00,2024-03-05,1.4,1.4,1.4,1.4,0,0,1
FINNIFTY05MAR2418800PE.NFO,2024-02-02,11:32:00,2024-03-05,1.4,1.4,1.4,1.4,0,0,1
FINNIFTY05MAR2418800PE.NFO,2024-02-02,11:33:00,2024-03-05,1.4,1.4,1.4,1.4,0,0,1
FINNIFTY05MAR2418800PE.NFO,2024-02-02,11:34:00,2024-03-05,1.4,1.4,1.4,1.4,0,0,1
FINNIFTY05MAR2418800PE.NFO,2024-02-02,11:35:00,2024-03-05,1.4,1.4,1.4,1.4,0,0,1
FINNIFTY05MAR2418800PE.NFO,2024-02-02,11:36:00,2024-03-05,1.4,1.4,1.4,1.4,0,0,1
FINNIFTY05MAR2418800PE.NFO,2024-02-02,11:37:00,2024-03-05,1.4,1.4,1.4,1.4,0,0,1
FINNIFTY05MAR2418800PE.NFO,2024-02-02,11:38:00,2024-03-05,1.4,1.4,1.4,1.4,0,0,1
FINNIFTY05MAR2418800PE.NFO,2024-02-02,11:39:00,2024-03-05,1.4,1.4,1.4,1.4,0,0,1
FINNIFTY05MAR2418800PE.NFO,2024-02-02,11:40:00,2024-03-05,1.4,1.4,1.4,1.4,0,0,1
FINNIFTY05MAR2418800PE.NFO,2024-02-02,11:41:00,2024-03-05,1.4,1.4,1.4,1.4,0,0,1
FINNIFTY05MAR2418800PE.NFO,2024-02-02,11:42:00,2024-03-05,1.4,1.4,1.4,1.4,0,0,1
FINNIFTY05MAR2418800PE.NFO,2024-02-02,11:43:00,2024-03-05,1.4,1.4,1.4,1.4,0,0,1
FINNIFTY05MAR2418800PE.NFO,2024-02-02,11:44:00,2024-03-05,1.4,1.4,1.4,1.4,0,0,1
FINNIFTY05MAR2418800PE.NFO,2024-02-02,11:45:00,2024-03-05,1.4,1.4,1.4,1.4,0,0,1
FINNIFTY05MAR2418800PE.NFO,2024-02-02,11:46:00,2024-03-05,1.4,1.4,1.4,1.4,0,0,1
FINNIFTY05MAR2418800PE.NFO,2024-02-02,11:47:00,2024-03-05,1.4,1.4,1.4,1.4,0,0,1
FINNIFTY05MAR2418800PE.NFO,2024-02-02,11:48:00,2024-03-05,1.4,1.4,1.4,1.4,0,0,1
FINNIFTY05MAR2418800PE.NFO,2024-02-02,11:49:00,2024-03-05,1.4,1.4,1.4,1.4,0,0,1
FINNIFTY05MAR2418800PE.NFO,2024-02-02,11:50:00,2024-03-05,1.4,1.4,1.4,1.4,0,0,1
FINNIFTY05MAR2418800PE.NFO,2024-02-02,11:51:00,2024-03-05,1.4,1.4,1.4,1.4,0,0,1
FINNIFTY05MAR2418800PE.NFO,2024-02-02,11:52:00,2024-03-05,1.4,1.4,1.4,1.4,0,0,1
FINNIFTY05MAR2418800PE.NFO,2024-02-02,11:53:00,2024-03-05,1.4,1.4,1.4,1.4,0,0,1
FINNIFTY05MAR2418800PE.NFO,2024-02-02,11:54:00,2024-03-05,1.4,1.4,1.4,1.4,0,0,1
FINNIFTY05MAR2418800PE.NFO,2024-02-02,11:55:00,2024-03-05,1.4,1.4,1.4,1.4,0,0,1
FINNIFTY05MAR2418800PE.NFO,2024-02-02,11:56:00,2024-03-05,1.4,1.4,1.4,1.4,0,0,1
FINNIFTY05MAR2418800PE.NFO,2024-02-02,11:57:00,2024-03-05,1.4,1.4,1.4,1.4,0,0,1
FINNIFTY05MAR2418800PE.NFO,2024-02-02,11:58:00,2024-03-05,1.4,1.4,1.4,1.4,0,0,1
FINNIFTY05MAR2418800PE.NFO,2024-02-02,11:59:00,2024-03-05,1.4,1.4,1.4,1.4,0,0,1
FINNIFTY05MAR2418800PE.NFO,2024-02-02,12:00:00,2024-03-05,1.4,1.4,1.4,1.4,0,0,1
FINNIFTY05MAR2418800PE.NFO,2024-02-02,12:01:00,2024-03-05,1.4,1.4,1.4,1.4,0,0,1
FINNIFTY05MAR2418800PE.NFO,2024-02-02,12:02:00,2024-03-05,1.4,1.4,1.4,1.4,0,0,1
FINNIFTY05MAR2418800PE.NFO,2024-02-02,12:03:00,2024-03-05,1.4,1.4,1.4,1.4,0,0,1
FINNIFTY05MAR2418800PE.NFO,2024-02-02,12:04:00,2024-03-05,1.4,1.4,1.4,1.4,0,0,1
FINNIFTY05MAR2418800PE.NFO,2024-02-02,12:05:00,2024-03-05,1.4,1.4,1.4,1.4,0,0,1
FINNIFTY05MAR2418800PE.NFO,2024-02-02,12:06:00,2024-03-05,1.4,1.4,1.4,1.4,0,0,1
FINNIFTY05MAR2418800PE.NFO,2024-02-02,12:07:00,2024-03-05,1.4,1.4,1.4,1.4,0,0,1
FINNIFTY05MAR2418800PE.NFO,2024-02-02,12:08:00,2024-03-05,1.4,1.4,1.4,1.4,0,0,1
FINNIFTY05MAR2418800PE.NFO,2024-02-02,12:09:00,2024-03-05,1.4,1.4,1.4,1.4,0,0,1
FINNIFTY05MAR2418800PE.NFO,2024-02-02,12:10:00,2024-03-05,1.4,1.4,1.4,1.4,0,0,1
FINNIFTY05MAR2418800PE.NFO,2024-02-02,12:11:00,2024-03-05,1.4,1.4,1.4,1.4,0,0,1
FINNIFTY05MAR2418800PE.NFO,2024-02-02,12:12:00,2024-03-05,1.4,1.4,1.4,1.4,0,0,1
FINNIFTY05MAR2418800PE.NFO,2024-02-02,12:13:00,2024-03-05,1.4,1.4,1.4,1.4,0,0,1
FINNIFTY05MAR2418800PE.NFO,2024-02-02,12:14:00,2024-03-05,1.4,1.4,1.4,1.4,0,0,1
FINNIFTY05MAR2418800PE.NFO,2024-02-02,12:15:00,2024-03-05,1.4,1.4,1.4,1.4,0,0,1
FINNIFTY05MAR2418800PE.NFO,2024-02-02,12:16:00,2024-03-05,1.4,1.4,1.4,1.4,0,0,1
FINNIFTY05MAR2418800PE.NFO,2024-02-02,12:17:00,2024-03-05,1.4,1.4,1.4,1.4,0,0,1
FINNIFTY05MAR2418800PE.NFO,2024-02-02,12:18:00,2024-03-05,1.4,1.4,1.4,1.4,0,0,1
FINNIFTY05MAR2418800PE.NFO,2024-02-02,12:19:00,2024-03-05,1.4,1.4,1.4,1.4,0,0,1
FINNIFTY05MAR2418800PE.NFO,2024-02-02,12:20:00,2024-03-05,1.4,1.4,1.4,1.4,0,0,1
FINNIFTY05MAR2418800PE.NFO,2024-02-02,12:21:00,2024-03-05,1.4,1.4,1.4,1.4,0,0,1
FINNIFTY05MAR2418800PE.NFO,2024-02-02,12:22:00,2024-03-05,1.4,1.4,1.4,1.4,0,0,1
FINNIFTY05MAR2418800PE.NFO,2024-02-02,12:23:00,2024-03-05,1.4,1.4,1.4,1.4,0,0,1
FINNIFTY05MAR2418800PE.NFO,2024-02-02,12:24:00,2024-03-05,1.4,1.4,1.4,1.4,0,0,1
FINNIFTY05MAR2418800PE.NFO,2024-02-02,12:25:00,2024-03-05,1.4,1.4,1.4,1.4,0,0,1
FINNIFTY05MAR2418800PE.NFO,2024-02-02,12:26:00,2024-03-05,1.4,1.4,1.4,1.4,0,0,1
FINNIFTY05MAR2418800PE.NFO,2024-02-02,12:27:00,2024-03-05,1.4,1.4,1.4,1.4,0,0,1
FINNIFTY05MAR2418800PE.NFO,2024-02-02,12:28:00,2024-03-05,1.4,1.4,1.4,1.4,0,0,1
FINNIFTY05MAR2418800PE.NFO,2024-02-02,12:29:00,2024-03-05,1.4,1.4,1.4,1.4,0,0,1
FINNIFTY05MAR2418800PE.NFO,2024-02-02,12:30:00,2024-03-05,1.4,1.4,1.4,1.4,0,0,1
FINNIFTY05MAR2418800PE.NFO,2024-02-02,12:31:00,2024-03-05,1.4,1.4,1.4,1.4,0,0,1
FINNIFTY05MAR2418800PE.NFO,2024-02-02,12:32:00,2024-03-05,1.4,1.4,1.4,1.4,0,0,1
FINNIFTY05MAR2418800PE.NFO,2024-02-02,12:33:00,2024-03-05,1.4,1.4,1.4,1.4,0,0,1
FINNIFTY05MAR2418800PE.NFO,2024-02-02,12:34:00,2024-03-05,1.4,1.4,1.4,1.4,0,0,1
FINNIFTY05MAR2418800PE.NFO,2024-02-02,12:35:00,2024-03-05,1.4,1.4,1.4,1.4,0,0,1
FINNIFTY05MAR2418800PE.NFO,2024-02-02,12:36:00,2024-03-05,1.4,1.4,1.4,1.4,0,0,1
FINNIFTY05MAR2418800PE.NFO,2024-02-02,12:37:00,2024-03-05,1.4,1.4,1.4,1.4,0,0,1
FINNIFTY05MAR2418800PE.NFO,2024-02-02,12:38:00,2024-03-05,1.4,1.4,1.4,1.4,0,0,1
FINNIFTY05MAR2418800PE.NFO,2024-02-02,12:39:00,2024-03-05,1.4,1.4,1.4,1.4,0,0,1
FINNIFTY05MAR2418800PE.NFO,2024-02-02,12:40:00,2024-03-05,1.4,1.4,1.4,1.4,0,0,1
FINNIFTY05MAR2418800PE.NFO,2024-02-02,12:41:00,2024-03-05,1.4,1.4,1.4,1.4,0,0,1
FINNIFTY05MAR2418800PE.NFO,2024-02-02,12:42:00,2024-03-05,1.4,1.4,1.4,1.4,0,0,1
FINNIFTY05MAR2418800PE.NFO,2024-02-02,12:43:00,2024-03-05,1.4,1.4,1.4,1.4,0,0,1
FINNIFTY05MAR2418800PE.NFO,2024-02-02,12:44:00,2024-03-05,1.4,1.4,1.4,1.4,0,0,1
FINNIFTY05MAR2418800PE.NFO,2024-02-02,12:45:00,2024-03-05,1.4,1.4,1.4,1.4,0,0,1
FINNIFTY05MAR2418800PE.NFO,2024-02-02,12:46:00,2024-03-05,1.4,1.4,1.4,1.4,0,0,1
FINNIFTY05MAR2418800PE.NFO,2024-02-02,12:47:00,2024-03-05,1.4,1.4,1.4,1.4,0,0,1
FINNIFTY05MAR2418800PE.NFO,2024-02-02,12:48:00,2024-03-05,1.4,1.4,1.4,1.4,0,0,1
FINNIFTY05MAR2418800PE.NFO,2024-02-02,12:49:00,2024-03-05,1.4,1.4,1.4,1.4,0,0,1
FINNIFTY05MAR2418800PE.NFO,2024-02-02,12:50:00,2024-03-05,1.4,1.4,1.4,1.4,0,0,1
FINNIFTY05MAR2418800PE.NFO,2024-02-02,12:51:00,2024-03-05,1.4,1.4,1.4,1.4,0,0,1
FINNIFTY05MAR2418800PE.NFO,2024-02-02,12:52:00,2024-03-05,1.4,1.4,1.4,1.4,0,0,1
FINNIFTY05MAR2418800PE.NFO,2024-02-02,12:53:00,2024-03-05,1.4,1.4,1.4,1.4,0,0,1
FINNIFTY05MAR2418800PE.NFO,2024-02-02,12:54:00,2024-03-05,1.4,1.4,1.4,1.4,0,0,1
FINNIFTY05MAR2418800PE.NFO,2024-02-02,12:55:00,2024-03-05,1.4,1.4,1.4,1.4,0,0,1
FINNIFTY05MAR2418800PE.NFO,2024-02-02,12:56:00,2024-03-05,1.4,1.4,1.4,1.4,0,0,1
FINNIFTY05MAR2418800PE.NFO,2024-02-02,12:57:00,2024-03-05,1.4,1.4,1.4,1.4,0,0,1
FINNIFTY05MAR2418800PE.NFO,2024-02-02,12:58:00,2024-03-05,1.4,1.4,1.4,1.4,0,0,1
FINNIFTY05MAR2418800PE.NFO,2024-02-02,12:59:00,2024-03-05,1.4,1.4,1.4,1.4,0,0,1
FINNIFTY05MAR2418800PE.NFO,2024-02-02,13:00:00,2024-03-05,1.4,1.4,1.4,1.4,0,0,1
FINNIFTY05MAR2418800PE.NFO,2024-02-02,13:01:00,2024-03-05,1.4,1.4,1.4,1.4,0,0,1
FINNIFTY05MAR2418800PE.NFO,2024-02-02,13:02:00,2024-03-05,1.4,1.4,1.4,1.4,0,0,1
FINNIFTY05MAR2418800PE.NFO,2024-02-02,13:03:00,2024-03-05,1.4,1.4,1.4,1.4,0,0,1
FINNIFTY05MAR2418800PE.NFO,2024-02-02,13:04:00,2024-03-05,1.4,1.4,1.4,1.4,0,0,1
FINNIFTY05MAR2418800PE.NFO,2024-02-02,13:05:00,2024-03-05,1.4,1.4,1.4,1.4,0,0,1
FINNIFTY05MAR2418800PE.NFO,2024-02-02,13:06:00,2024-03-05,1.4,1.4,1.4,1.4,0,0,1
FINNIFTY05MAR2418800PE.NFO,2024-02-02,13:07:00,2024-03-05,1.4,1.4,1.4,1.4,0,0,1
FINNIFTY05MAR2418800PE.NFO,2024-02-02,13:08:00,2024-03-05,1.4,1.4,1.4,1.4,0,0,1
FINNIFTY05MAR2418800PE.NFO,2024-02-02,13:09:00,2024-03-05,1.4,1.4,1.4,1.4,0,0,1
FINNIFTY05MAR2418800PE.NFO,2024-02-02,13:10:00,2024-03-05,1.4,1.4,1.4,1.4,0,0,1
FINNIFTY05MAR2418800PE.NFO,2024-02-02,13:11:00,2024-03-05,1.4,1.4,1.4,1.4,0,0,1
FINNIFTY05MAR2418800PE.NFO,2024-02-02,13:12:00,2024-03-05,1.4,1.4,1.4,1.4,0,0,1
FINNIFTY05MAR2418800PE.NFO,2024-02-02,13:13:00,2024-03-05,1.4,1.4,1.4,1.4,0,0,1
FINNIFTY05MAR2418800PE.NFO,2024-02-02,13:14:00,2024-03-05,1.4,1.4,1.4,1.4,0,0,1
FINNIFTY05MAR2418800PE.NFO,2024-02-02,13:15:00,2024-03-05,1.4,1.4,1.4,1.4,0,0,1
FINNIFTY05MAR2418800PE.NFO,2024-02-02,13:16:00,2024-03-05,1.4,1.4,1.4,1.4,0,0,1
FINNIFTY05MAR2418800PE.NFO,2024-02-02,13:17:00,2024-03-05,1.4,1.4,1.4,1.4,0,0,1
FINNIFTY05MAR2418800PE.NFO,2024-02-02,13:18:00,2024-03-05,1.4,1.4,1.4,1.4,0,0,1
FINNIFTY05MAR2418800PE.NFO,2024-02-02,13:19:00,2024-03-05,1.4,1.4,1.4,1.4,0,0,1
FINNIFTY05MAR2418800PE.NFO,2024-02-02,13:20:00,2024-03-05,1.4,1.4,1.4,1.4,0,0,1
FINNIFTY05MAR2418800PE.NFO,2024-02-02,13:21:00,2024-03-05,1.4,1.4,1.4,1.4,0,0,1
FINNIFTY05MAR2418800PE.NFO,2024-02-02,13:22:00,2024-03-05,1.4,1.4,1.4,1.4,0,0,1
FINNIFTY05MAR2418800PE.NFO,2024-02-02,13:23:00,2024-03-05,1.4,1.4,1.4,1.4,0,0,1
FINNIFTY05MAR2418800PE.NFO,2024-02-02,13:24:00,2024-03-05,1.4,1.4,1.4,1.4,0,0,1
FINNIFTY05MAR2418800PE.NFO,2024-02-02,13:25:00,2024-03-05,1.4,1.4,1.4,1.4,0,0,1
FINNIFTY05MAR2418800PE.NFO,2024-02-02,13:26:00,2024-03-05,1.4,1.4,1.4,1.4,0,0,1
FINNIFTY05MAR2418800PE.NFO,2024-02-02,13:27:00,2024-03-05,1.4,1.4,1.4,1.4,0,0,1
FINNIFTY05MAR2418800PE.NFO,2024-02-02,13:28:00,2024-03-05,1.4,1.4,1.4,1.4,0,0,1
FINNIFTY05MAR2418800PE.NFO,2024-02-02,13:29:00,2024-03-05,1.4,1.4,1.4,1.4,0,0,1
FINNIFTY05MAR2418800PE.NFO,2024-02-02,13:30:00,2024-03-05,1.4,1.4,1.4,1.4,0,0,1
FINNIFTY05MAR2418800PE.NFO,2024-02-02,13:31:00,2024-03-05,1.4,1.4,1.4,1.4,0,0,1
FINNIFTY05MAR2418800PE.NFO,2024-02-02,13:32:00,2024-03-05,1.4,1.4,1.4,1.4,0,0,1
FINNIFTY05MAR2418800PE.NFO,2024-02-02,13:33:00,2024-03-05,1.4,1.4,1.4,1.4,0,0,1
FINNIFTY05MAR2418800PE.NFO,2024-02-02,13:34:00,2024-03-05,1.4,1.4,1.4,1.4,0,0,1
FINNIFTY05MAR2418800PE.NFO,2024-02-02,13:35:00,2024-03-05,1.4,1.4,1.4,1.4,0,0,1
FINNIFTY05MAR2418800PE.NFO,2024-02-02,13:36:00,2024-03-05,1.4,1.4,1.4,1.4,0,0,1
FINNIFTY05MAR2418800PE.NFO,2024-02-02,13:37:00,2024-03-05,1.4,1.4,1.4,1.4,0,0,1
FINNIFTY05MAR2418800PE.NFO,2024-02-02,13:38:00,2024-03-05,1.4,1.4,1.4,1.4,0,0,1
FINNIFTY05MAR2418800PE.NFO,2024-02-02,13:39:00,2024-03-05,1.4,1.4,1.4,1.4,0,0,1
FINNIFTY05MAR2418800PE.NFO,2024-02-02,13:40:00,2024-03-05,1.4,1.4,1.4,1.4,0,0,1
FINNIFTY05MAR2418800PE.NFO,2024-02-02,13:41:00,2024-03-05,1.4,1.4,1.4,1.4,0,0,1
FINNIFTY05MAR2418800PE.NFO,2024-02-02,13:42:00,2024-03-05,1.4,1.4,1.4,1.4,0,0,1
FINNIFTY05MAR2418800PE.NFO,2024-02-02,13:43:00,2024-03-05,1.4,1.4,1.4,1.4,0,0,1
FINNIFTY05MAR2418800PE.NFO,2024-02-02,13:44:00,2024-03-05,1.4,1.4,1.4,1.4,0,0,1
FINNIFTY05MAR2418800PE.NFO,2024-02-02,13:45:00,2024-03-05,1.4,1.4,1.4,1.4,0,0,1
FINNIFTY05MAR2418800PE.NFO,2024-02-02,13:46:00,2024-03-05,1.4,1.4,1.4,1.4,0,0,1
FINNIFTY05MAR2418800PE.NFO,2024-02-02,13:47:00,2024-03-05,1.4,1.4,1.4,1.4,0,0,1
FINNIFTY05MAR2418800PE.NFO,2024-02-02,13:48:00,2024-03-05,1.4,1.4,1.4,1.4,0,0,1
FINNIFTY05MAR2418800PE.NFO,2024-02-02,13:49:00,2024-03-05,1.4,1.4,1.4,1.4,0,0,1
FINNIFTY05MAR2418800PE.NFO,2024-02-02,13:50:00,2024-03-05,1.4,1.4,1.4,1.4,0,0,1
FINNIFTY05MAR2418800PE.NFO,2024-02-02,13:51:00,2024-03-05,1.4,1.4,1.4,1.4,0,0,1
FINNIFTY05MAR2418800PE.NFO,2024-02-02,13:52:00,2024-03-05,1.4,1.4,1.4,1.4,0,0,1
FINNIFTY05MAR2418800PE.NFO,2024-02-02,13:53:00,2024-03-05,1.4,1.4,1.4,1.4,0,0,1
FINNIFTY05MAR2418800PE.NFO,2024-02-02,13:54:00,2024-03-05,1.4,1.4,1.4,1.4,0,0,1
FINNIFTY05MAR2418800PE.NFO,2024-02-02,13:55:00,2024-03-05,1.4,1.4,1.4,1.4,0,0,1
FINNIFTY05MAR2418800PE.NFO,2024-02-02,13:56:00,2024-03-05,1.4,1.4,1.4,1.4,0,0,1
FINNIFTY05MAR2418800PE.NFO,2024-02-02,13:57:00,2024-03-05,1.4,1.4,1.4,1.4,0,0,1
FINNIFTY05MAR2418800PE.NFO,2024-02-02,13:58:00,2024-03-05,1.4,1.4,1.4,1.4,0,0,1
FINNIFTY05MAR2418800PE.NFO,2024-02-02,13:59:00,2024-03-05,1.4,1.4,1.4,1.4,0,0,1
FINNIFTY05MAR2418800PE.NFO,2024-02-02,14:00:00,2024-03-05,1.4,1.4,1.4,1.4,0,0,1
FINNIFTY05MAR2418800PE.NFO,2024-02-02,14:01:00,2024-03-05,1.4,1.4,1.4,1.4,0,0,1
FINNIFTY05MAR2418800PE.NFO,2024-02-02,14:02:00,2024-03-05,1.4,1.4,1.4,1.4,0,0,1
FINNIFTY05MAR2418800PE.NFO,2024-02-02,14:03:00,2024-03-05,1.4,1.4,1.4,1.4,0,0,1
FINNIFTY05MAR2418800PE.NFO,2024-02-02,14:04:00,2024-03-05,1.4,1.4,1.4,1.4,0,0,1
FINNIFTY05MAR2418800PE.NFO,2024-02-02,14:05:00,2024-03-05,1.4,1.4,1.4,1.4,0,0,1
FINNIFTY05MAR2418800PE.NFO,2024-02-02,14:06:00,2024-03-05,1.4,1.4,1.4,1.4,0,0,1
FINNIFTY05MAR2418800PE.NFO,2024-02-02,14:07:00,2024-03-05,1.4,1.4,1.4,1.4,0,0,1
FINNIFTY05MAR2418800PE.NFO,2024-02-02,14:08:00,2024-03-05,1.4,1.4,1.4,1.4,0,0,1
FINNIFTY05MAR2418800PE.NFO,2024-02-02,14:09:00,2024-03-05,1.4,1.4,1.4,1.4,0,0,1
FINNIFTY05MAR2418800PE.NFO,2024-02-02,14:10:00,2024-03-05,1.4,1.4,1.4,1.4,0,0,1
FINNIFTY05MAR2418800PE.NFO,2024-02-02,14:11:00,2024-03-05,1.4,1.4,1.4,1.4,0,0,1
FINNIFTY05MAR2418800PE.NFO,2024-02-02,14:12:00,2024-03-05,1.4,1.4,1.4,1.4,0,0,1
FINNIFTY05MAR2418800PE.NFO,2024-02-02,14:13:00,2024-03-05,1.4,1.4,1.4,1.4,0,0,1
FINNIFTY05MAR2418800PE.NFO,2024-02-02,14:14:00,2024-03-05,1.4,1.4,1.4,1.4,0,0,1
FINNIFTY05MAR2418800PE.NFO,2024-02-02,14:15:00,2024-03-05,1.4,1.4,1.4,1.4,0,0,1
FINNIFTY05MAR2418800PE.NFO,2024-02-02,14:16:00,2024-03-05,1.4,1.4,1.4,1.4,0,0,1
FINNIFTY05MAR2418800PE.NFO,2024-02-02,14:17:00,2024-03-05,1.4,1.4,1.4,1.4,0,0,1
FINNIFTY05MAR2418800PE.NFO,2024-02-02,14:18:00,2024-03-05,1.4,1.4,1.4,1.4,0,0,1
FINNIFTY05MAR2418800PE.NFO,2024-02-02,14:19:00,2024-03-05,1.4,1.4,1.4,1.4,0,0,1
FINNIFTY05MAR2418800PE.NFO,2024-02-02,14:20:00,2024-03-05,1.4,1.4,1.4,1.4,0,0,1
FINNIFTY05MAR2418800PE.NFO,2024-02-02,14:21:00,2024-03-05,1.4,1.4,1.4,1.4,0,0,1
FINNIFTY05MAR2418800PE.NFO,2024-02-02,14:22:00,2024-03-05,1.4,1.4,1.4,1.4,0,0,1
FINNIFTY05MAR2418800PE.NFO,2024-02-02,14:23:00,2024-03-05,1.4,1.4,1.4,1.4,0,0,1
FINNIFTY05MAR2418800PE.NFO,2024-02-02,14:24:00,2024-03-05,1.4,1.4,1.4,1.4,0,0,1
FINNIFTY05MAR2418800PE.NFO,2024-02-02,14:25:00,2024-03-05,1.4,1.4,1.4,1.4,0,0,1
FINNIFTY05MAR2418800PE.NFO,2024-02-02,14:26:00,2024-03-05,1.4,1.4,1.4,1.4,0,0,1
FINNIFTY05MAR2418800PE.NFO,2024-02-02,14:27:00,2024-03-05,1.4,1.4,1.4,1.4,0,0,1
FINNIFTY05MAR2418800PE.NFO,2024-02-02,14:28:00,2024-03-05,1.4,1.4,1.4,1.4,0,0,1
FINNIFTY05MAR2418800PE.NFO,2024-02-02,14:29:00,2024-03-05,1.4,1.4,1.4,1.4,0,0,1
FINNIFTY05MAR2418800PE.NFO,2024-02-02,14:30:00,2024-03-05,1.4,1.4,1.4,1.4,0,0,1
FINNIFTY05MAR2418800PE.NFO,2024-02-02,14:31:00,2024-03-05,1.4,1.4,1.4,1.4,0,0,1
FINNIFTY05MAR2418800PE.NFO,2024-02-02,14:32:00,2024-03-05,1.4,1.4,1.4,1.4,0,0,1
FINNIFTY05MAR2418800PE.NFO,2024-02-02,14:33:00,2024-03-05,1.4,1.4,1.4,1.4,0,0,1
FINNIFTY05MAR2418800PE.NFO,2024-02-02,14:34:00,2024-03-05,1.4,1.4,1.4,1.4,0,0,1
FINNIFTY05MAR2418800PE.NFO,2024-02-02,14:35:00,2024-03-05,1.4,1.4,1.4,1.4,0,0,1
FINNIFTY05MAR2418800PE.NFO,2024-02-02,14:36:00,2024-03-05,1.4,1.4,1.4,1.4,0,0,1
FINNIFTY05MAR2418800PE.NFO,2024-02-02,14:37:00,2024-03-05,1.4,1.4,1.4,1.4,0,0,1
FINNIFTY05MAR2418800PE.NFO,2024-02-02,14:38:00,2024-03-05,1.4,1.4,1.4,1.4,0,0,1
FINNIFTY05MAR2418800PE.NFO,2024-02-02,14:39:00,2024-03-05,1.4,1.4,1.4,1.4,0,0,1
FINNIFTY05MAR2418800PE.NFO,2024-02-02,14:40:00,2024-03-05,1.4,1.4,1.4,1.4,0,0,1
FINNIFTY05MAR2418800PE.NFO,2024-02-02,14:41:00,2024-03-05,1.4,1.4,1.4,1.4,0,0,1
FINNIFTY05MAR2418800PE.NFO,2024-02-02,14:42:00,2024-03-05,1.4,1.4,1.4,1.4,0,0,1
FINNIFTY05MAR2418800PE.NFO,2024-02-02,14:43:00,2024-03-05,1.4,1.4,1.4,1.4,0,0,1
FINNIFTY05MAR2418800PE.NFO,2024-02-02,14:44:00,2024-03-05,1.4,1.4,1.4,1.4,0,0,1
FINNIFTY05MAR2418800PE.NFO,2024-02-02,14:45:00,2024-03-05,1.4,1.4,1.4,1.4,0,0,1
FINNIFTY05MAR2418800PE.NFO,2024-02-02,14:46:00,2024-03-05,1.4,1.4,1.4,1.4,0,0,1
FINNIFTY05MAR2418800PE.NFO,2024-02-02,14:47:00,2024-03-05,1.4,1.4,1.4,1.4,0,0,1
FINNIFTY05MAR2418800PE.NFO,2024-02-02,14:48:00,2024-03-05,1.4,1.4,1.4,1.4,0,0,1
FINNIFTY05MAR2418800PE.NFO,2024-02-02,14:49:00,2024-03-05,1.4,1.4,1.4,1.4,0,0,1
FINNIFTY05MAR2418800PE.NFO,2024-02-02,14:50:00,2024-03-05,1.4,1.4,1.4,1.4,0,0,1
FINNIFTY05MAR2418800PE.NFO,2024-02-02,14:51:00,2024-03-05,1.4,1.4,1.4,1.4,0,0,1
FINNIFTY05MAR2418800PE.NFO,2024-02-02,14:52:00,2024-03-05,1.4,1.4,1.4,1.4,0,0,1
FINNIFTY05MAR2418800PE.NFO,2024-02-02,14:53:00,2024-03-05,1.4,1.4,1.4,1.4,0,0,1
FINNIFTY05MAR2418800PE.NFO,2024-02-02,14:54:00,2024-03-05,1.4,1.4,1.4,1.4,0,0,1
FINNIFTY05MAR2418800PE.NFO,2024-02-02,14:55:00,2024-03-05,1.4,1.4,1.4,1.4,0,0,1
FINNIFTY05MAR2418800PE.NFO,2024-02-02,14:56:00,2024-03-05,1.4,1.4,1.4,1.4,0,0,1
FINNIFTY05MAR2418800PE.NFO,2024-02-02,14:57:00,2024-03-05,1.4,1.4,1.4,1.4,0,0,1
FINNIFTY05MAR2418800PE.NFO,2024-02-02,14:58:00,2024-03-05,1.4,1.4,1.4,1.4,0,0,1
FINNIFTY05MAR2418800PE.NFO,2024-02-02,14:59:00,2024-03-05,1.4,1.4,1.4,1.4,0,0,1
FINNIFTY05MAR2418800PE.NFO,2024-02-02,15:00:00,2024-03-05,1.4,1.4,1.4,1.4,0,0,1
FINNIFTY05MAR2418800PE.NFO,2024-02-02,15:01:00,2024-03-05,1.4,1.4,1.4,1.4,0,0,1
FINNIFTY05MAR2418800PE.NFO,2024-02-02,15:02:00,2024-03-05,1.4,1.4,1.4,1.4,0,0,1
FINNIFTY05MAR2418800PE.NFO,2024-02-02,15:03:00,2024-03-05,1.4,1.4,1.4,1.4,0,0,1
FINNIFTY05MAR2418800PE.NFO,2024-02-02,15:04:00,2024-03-05,1.4,1.4,1.4,1.4,0,0,1
FINNIFTY05MAR2418800PE.NFO,2024-02-02,15:05:00,2024-03-05,1.4,1.4,1.4,1.4,0,0,1
FINNIFTY05MAR2418800PE.NFO,2024-02-02,15:06:00,2024-03-05,1.4,1.4,1.4,1.4,0,0,1
FINNIFTY05MAR2418800PE.NFO,2024-02-02,15:07:00,2024-03-05,1.4,1.4,1.4,1.4,0,0,1
FINNIFTY05MAR2418800PE.NFO,2024-02-02,15:08:00,2024-03-05,1.4,1.4,1.4,1.4,0,0,1
FINNIFTY05MAR2418800PE.NFO,2024-02-02,15:09:00,2024-03-05,1.4,1.4,1.4,1.4,0,0,1
FINNIFTY05MAR2418800PE.NFO,2024-02-02,15:10:00,2024-03-05,1.4,1.4,1.4,1.4,0,0,1
FINNIFTY05MAR2418800PE.NFO,2024-02-02,15:11:00,2024-03-05,1.4,1.4,1.4,1.4,0,0,1
FINNIFTY05MAR2418800PE.NFO,2024-02-02,15:12:00,2024-03-05,1.4,1.4,1.4,1.4,0,0,1
FINNIFTY05MAR2418800PE.NFO,2024-02-02,15:13:00,2024-03-05,1.4,1.4,1.4,1.4,0,0,1
FINNIFTY05MAR2418800PE.NFO,2024-02-02,15:14:00,2024-03-05,1.4,1.4,1.4,1.4,0,0,1
FINNIFTY05MAR2418800PE.NFO,2024-02-02,15:15:00,2024-03-05,1.4,1.4,1.4,1.4,0,0,1
FINNIFTY05MAR2418800PE.NFO,2024-02-02,15:16:00,2024-03-05,1.4,1.4,1.4,1.4,0,0,1
FINNIFTY05MAR2418800PE.NFO,2024-02-02,15:17:00,2024-03-05,1.4,1.4,1.4,1.4,0,0,1
FINNIFTY05MAR2418800PE.NFO,2024-02-02,15:18:00,2024-03-05,1.4,1.4,1.4,1.4,0,0,1
FINNIFTY05MAR2418800PE.NFO,2024-02-02,15:19:00,2024-03-05,1.4,1.4,1.4,1.4,0,0,1
FINNIFTY05MAR2418800PE.NFO,2024-02-02,15:20:00,2024-03-05,1.4,1.4,1.4,1.4,0,0,1
FINNIFTY05MAR2418800PE.NFO,2024-02-02,15:21:00,2024-03-05,1.4,1.4,1.4,1.4,0,0,1
FINNIFTY05MAR2418800PE.NFO,2024-02-02,15:22:00,2024-03-05,1.4,1.4,1.4,1.4,0,0,1
FINNIFTY05MAR2418800PE.NFO,2024-02-02,15:23:00,2024-03-05,1.4,1.4,1.4,1.4,0,0,1
FINNIFTY05MAR2418800PE.NFO,2024-02-02,15:24:00,2024-03-05,1.4,1.4,1.4,1.4,0,0,1
FINNIFTY05MAR2418800PE.NFO,2024-02-02,15:25:00,2024-03-05,1.4,1.4,1.4,1.4,0,0,1
FINNIFTY05MAR2418800PE.NFO,2024-02-02,15:26:00,2024-03-05,1.4,1.4,1.4,1.4,0,0,1
FINNIFTY05MAR2418800PE.NFO,2024-02-02,15:27:00,2024-03-05,1.4,1.4,1.4,1.4,0,0,1
FINNIFTY05MAR2418800PE.NFO,2024-02-02,15:28:00,2024-03-05,1.4,1.4,1.4,1.4,0,0,1
FINNIFTY05MAR2418800PE.NFO,2024-02-02,15:29:00,2024-03-05,1.4,1.4,1.4,1.4,0,0,1
FINNIFTY05MAR2418800PE.NFO,2024-02-02,15:30:00,2024-03-05,1.4,1.4,1.4,1.4,0,0,1
FINNIFTY05MAR2418800PE.NFO,2024-02-06,09:15:00,2024-03-05,1.4,1.4,1.4,1.4,0,0,0
FINNIFTY05MAR2418800PE.NFO,2024-02-06,09:16:00,2024-03-05,1.4,1.4,1.4,1.4,0,0,1
FINNIFTY05MAR2418800PE.NFO,2024-02-06,09:17:00,2024-03-05,1.4,1.4,1.4,1.4,0,0,1
FINNIFTY05MAR2418800PE.NFO,2024-02-06,09:18:00,2024-03-05,1.4,1.4,1.4,1.4,0,0,1
FINNIFTY05MAR2418800PE.NFO,2024-02-06,09:19:00,2024-03-05,1.4,1.4,1.4,1.4,0,0,1
FINNIFTY05MAR2418800PE.NFO,2024-02-06,09:20:00,2024-03-05,1.4,1.4,1.4,1.4,0,0,1
FINNIFTY05MAR2418800PE.NFO,2024-02-06,09:21:00,2024-03-05,1.4,1.4,1.4,1.4,0,0,1
FINNIFTY05MAR2418800PE.NFO,2024-02-06,09:22:00,2024-03-05,1.4,1.4,1.4,1.4,0,0,1
FINNIFTY05MAR2418800PE.NFO,2024-02-06,09:23:00,2024-03-05,1.4,1.4,1.4,1.4,0,0,1
FINNIFTY05MAR2418800PE.NFO,2024-02-06,09:24:00,2024-03-05,1.4,1.4,1.4,1.4,0,0,1
FINNIFTY05MAR2418800PE.NFO,2024-02-06,09:25:00,2024-03-05,1.4,1.4,1.4,1.4,0,0,1
FINNIFTY05MAR2418800PE.NFO,2024-02-06,09:26:00,2024-03-05,1.4,1.4,1.4,1.4,0,0,1
FINNIFTY05MAR2418800PE.NFO,2024-02-06,09:27:00,2024-03-05,1.4,1.4,1.4,1.4,0,0,1
FINNIFTY05MAR2418800PE.NFO,2024-02-06,09:28:00,2024-03-05,1.4,1.4,1.4,1.4,0,0,1
FINNIFTY05MAR2418800PE.NFO,2024-02-06,09:29:00,2024-03-05,1.4,1.4,1.4,1.4,0,0,1
FINNIFTY05MAR2418800PE.NFO,2024-02-06,09:30:00,2024-03-05,1.4,1.4,1.4,1.4,0,0,1
FINNIFTY05MAR2418800PE.NFO,2024-02-06,09:31:00,2024-03-05,1.4,1.4,1.4,1.4,0,0,1
FINNIFTY05MAR2418800PE.NFO,2024-02-06,09:32:00,2024-03-05,1.4,1.4,1.4,1.4,0,0,1
FINNIFTY05MAR2418800PE.NFO,2024-02-06,09:33:00,2024-03-05,1.4,1.4,1.4,1.4,0,0,1
FINNIFTY05MAR2418800PE.NFO,2024-02-06,09:34:00,2024-03-05,1.4,1.4,1.4,1.4,0,0,1
FINNIFTY05MAR2418800PE.NFO,2024-02-06,09:35:00,2024-03-05,1.4,1.4,1.4,1.4,0,0,1
FINNIFTY05MAR2418800PE.NFO,2024-02-06,09:36:00,2024-03-05,1.4,1.4,1.4,1.4,0,0,1
FINNIFTY05MAR2418800PE.NFO,2024-02-06,09:37:00,2024-03-05,1.4,1.4,1.4,1.4,0,0,1
FINNIFTY05MAR2418800PE.NFO,2024-02-06,09:38:00,2024-03-05,1.4,1.4,1.4,1.4,0,0,1
FINNIFTY05MAR2418800PE.NFO,2024-02-06,09:39:00,2024-03-05,1.4,1.4,1.4,1.4,0,0,1
FINNIFTY05MAR2418800PE.NFO,2024-02-06,09:40:00,2024-03-05,1.4,1.4,1.4,1.4,0,0,1
FINNIFTY05MAR2418800PE.NFO,2024-02-06,09:41:00,2024-03-05,1.4,1.4,1.4,1.4,0,0,1
FINNIFTY05MAR2418800PE.NFO,2024-02-06,09:42:00,2024-03-05,1.4,1.4,1.4,1.4,0,0,1
FINNIFTY05MAR2418800PE.NFO,2024-02-06,09:43:00,2024-03-05,1.4,1.4,1.4,1.4,0,0,1
FINNIFTY05MAR2418800PE.NFO,2024-02-06,09:44:00,2024-03-05,1.4,1.4,1.4,1.4,0,0,1
FINNIFTY05MAR2418800PE.NFO,2024-02-06,09:45:00,2024-03-05,1.4,1.4,1.4,1.4,0,0,1
FINNIFTY05MAR2418800PE.NFO,2024-02-06,09:46:00,2024-03-05,1.4,1.4,1.4,1.4,0,0,1
FINNIFTY05MAR2418800PE.NFO,2024-02-06,09:47:00,2024-03-05,1.4,1.4,1.4,1.4,0,0,1
FINNIFTY05MAR2418800PE.NFO,2024-02-06,09:48:00,2024-03-05,1.4,1.4,1.4,1.4,0,0,1
FINNIFTY05MAR2418800PE.NFO,2024-02-06,09:49:00,2024-03-05,1.4,1.4,1.4,1.4,0,0,1
FINNIFTY05MAR2418800PE.NFO,2024-02-06,09:50:00,2024-03-05,1.4,1.4,1.4,1.4,0,0,1
FINNIFTY05MAR2418800PE.NFO,2024-02-06,09:51:00,2024-03-05,1.4,1.4,1.4,1.4,0,0,1
FINNIFTY05MAR2418800PE.NFO,2024-02-06,09:52:00,2024-03-05,1.4,1.4,1.4,1.4,0,0,1
FINNIFTY05MAR2418800PE.NFO,2024-02-06,09:53:00,2024-03-05,1.4,1.4,1.4,1.4,0,0,1
FINNIFTY05MAR2418800PE.NFO,2024-02-06,09:54:00,2024-03-05,1.4,1.4,1.4,1.4,0,0,1
FINNIFTY05MAR2418800PE.NFO,2024-02-06,09:55:00,2024-03-05,1.4,1.4,1.4,1.4,0,0,1
FINNIFTY05MAR2418800PE.NFO,2024-02-06,09:56:00,2024-03-05,1.4,1.4,1.4,1.4,0,0,1
FINNIFTY05MAR2418800PE.NFO,2024-02-06,09:57:00,2024-03-05,1.4,1.4,1.4,1.4,0,0,1
FINNIFTY05MAR2418800PE.NFO,2024-02-06,09:58:00,2024-03-05,1.4,1.4,1.4,1.4,0,0,1
FINNIFTY05MAR2418800PE.NFO,2024-02-06,09:59:00,2024-03-05,1.4,1.4,1.4,1.4,0,0,1
FINNIFTY05MAR2418800PE.NFO,2024-02-06,10:00:00,2024-03-05,1.4,1.4,1.4,1.4,0,0,1
FINNIFTY05MAR2418800PE.NFO,2024-02-06,10:01:00,2024-03-05,1.4,1.4,1.4,1.4,0,0,1
FINNIFTY05MAR2418800PE.NFO,2024-02-06,10:02:00,2024-03-05,1.4,1.4,1.4,1.4,0,0,1
FINNIFTY05MAR2418800PE.NFO,2024-02-06,10:03:00,2024-03-05,1.4,1.4,1.4,1.4,0,0,1
FINNIFTY05MAR2418800PE.NFO,2024-02-06,10:04:00,2024-03-05,1.4,1.4,1.4,1.4,0,0,1
FINNIFTY05MAR2418800PE.NFO,2024-02-06,10:05:00,2024-03-05,1.4,1.4,1.4,1.4,0,0,1
FINNIFTY05MAR2418800PE.NFO,2024-02-06,10:06:00,2024-03-05,1.4,1.4,1.4,1.4,0,0,1
FINNIFTY05MAR2418800PE.NFO,2024-02-06,10:07:00,2024-03-05,1.4,1.4,1.4,1.4,0,0,1
FINNIFTY05MAR2418800PE.NFO,2024-02-06,10:08:00,2024-03-05,1.4,1.4,1.4,1.4,0,0,1
FINNIFTY05MAR2418800PE.NFO,2024-02-06,10:09:00,2024-03-05,1.4,1.4,1.4,1.4,0,0,1
FINNIFTY05MAR2418800PE.NFO,2024-02-06,10:10:00,2024-03-05,1.4,1.4,1.4,1.4,0,0,1
FINNIFTY05MAR2418800PE.NFO,2024-02-06,10:11:00,2024-03-05,1.4,1.4,1.4,1.4,0,0,1
FINNIFTY05MAR2418800PE.NFO,2024-02-06,10:12:00,2024-03-05,1.4,1.4,1.4,1.4,0,0,1
FINNIFTY05MAR2418800PE.NFO,2024-02-06,10:13:00,2024-03-05,1.4,1.4,1.4,1.4,0,0,1
FINNIFTY05MAR2418800PE.NFO,2024-02-06,10:14:00,2024-03-05,1.4,1.4,1.4,1.4,0,0,1
FINNIFTY05MAR2418800PE.NFO,2024-02-06,10:15:00,2024-03-05,1.4,1.4,1.4,1.4,0,0,1
FINNIFTY05MAR2418800PE.NFO,2024-02-06,10:16:00,2024-03-05,1.4,1.4,1.4,1.4,0,0,1
FINNIFTY05MAR2418800PE.NFO,2024-02-06,10:17:00,2024-03-05,1.4,1.4,1.4,1.4,0,0,1
FINNIFTY05MAR2418800PE.NFO,2024-02-06,10:18:00,2024-03-05,1.4,1.4,1.4,1.4,0,0,1
FINNIFTY05MAR2418800PE.NFO,2024-02-06,10:19:00,2024-03-05,1.4,1.4,1.4,1.4,0,0,1
FINNIFTY05MAR2418800PE.NFO,2024-02-06,10:20:00,2024-03-05,1.4,1.4,1.4,1.4,0,0,1
FINNIFTY05MAR2418800PE.NFO,2024-02-06,10:21:00,2024-03-05,1.4,1.4,1.4,1.4,0,0,1
FINNIFTY05MAR2418800PE.NFO,2024-02-06,10:22:00,2024-03-05,1.4,1.4,1.4,1.4,0,0,1
FINNIFTY05MAR2418800PE.NFO,2024-02-06,10:23:00,2024-03-05,1.4,1.4,1.4,1.4,0,0,1
FINNIFTY05MAR2418800PE.NFO,2024-02-06,10:24:00,2024-03-05,1.4,1.4,1.4,1.4,0,0,1
FINNIFTY05MAR2418800PE.NFO,2024-02-06,10:25:00,2024-03-05,1.4,1.4,1.4,1.4,0,0,1
FINNIFTY05MAR2418800PE.NFO,2024-02-06,10:26:00,2024-03-05,1.4,1.4,1.4,1.4,0,0,1
FINNIFTY05MAR2418800PE.NFO,2024-02-06,10:27:00,2024-03-05,1.4,1.4,1.4,1.4,0,0,1
FINNIFTY05MAR2418800PE.NFO,2024-02-06,10:28:00,2024-03-05,1.4,1.4,1.4,1.4,0,0,1
FINNIFTY05MAR2418800PE.NFO,2024-02-06,10:29:00,2024-03-05,1.4,1.4,1.4,1.4,0,0,1
FINNIFTY05MAR2418800PE.NFO,2024-02-06,10:30:00,2024-03-05,1.4,1.4,1.4,1.4,0,0,1
FINNIFTY05MAR2418800PE.NFO,2024-02-06,10:31:00,2024-03-05,1.4,1.4,1.4,1.4,0,0,1
FINNIFTY05MAR2418800PE.NFO,2024-02-06,10:32:00,2024-03-05,1.4,1.4,1.4,1.4,0,0,1
FINNIFTY05MAR2418800PE.NFO,2024-02-06,10:33:00,2024-03-05,1.4,1.4,1.4,1.4,0,0,1
FINNIFTY05MAR2418800PE.NFO,2024-02-06,10:34:00,2024-03-05,1.4,1.4,1.4,1.4,0,0,1
FINNIFTY05MAR2418800PE.NFO,2024-02-06,10:35:00,2024-03-05,1.4,1.4,1.4,1.4,0,0,1
FINNIFTY05MAR2418800PE.NFO,2024-02-06,10:36:00,2024-03-05,1.4,1.4,1.4,1.4,0,0,1
FINNIFTY05MAR2418800PE.NFO,2024-02-06,10:37:00,2024-03-05,1.4,1.4,1.4,1.4,0,0,1
FINNIFTY05MAR2418800PE.NFO,2024-02-06,10:38:00,2024-03-05,1.4,1.4,1.4,1.4,0,0,1
FINNIFTY05MAR2418800PE.NFO,2024-02-06,10:39:00,2024-03-05,1.4,1.4,1.4,1.4,0,0,1
FINNIFTY05MAR2418800PE.NFO,2024-02-06,10:40:00,2024-03-05,1.4,1.4,1.4,1.4,0,0,1
FINNIFTY05MAR2418800PE.NFO,2024-02-06,10:41:00,2024-03-05,1.4,1.4,1.4,1.4,0,0,1
FINNIFTY05MAR2418800PE.NFO,2024-02-06,10:42:00,2024-03-05,1.4,1.4,1.4,1.4,0,0,1
FINNIFTY05MAR2418800PE.NFO,2024-02-06,10:43:00,2024-03-05,1.4,1.4,1.4,1.4,0,0,1
FINNIFTY05MAR2418800PE.NFO,2024-02-06,10:44:00,2024-03-05,1.4,1.4,1.4,1.4,0,0,1
FINNIFTY05MAR2418800PE.NFO,2024-02-06,10:45:00,2024-03-05,1.4,1.4,1.4,1.4,0,0,1
FINNIFTY05MAR2418800PE.NFO,2024-02-06,10:46:00,2024-03-05,1.4,1.4,1.4,1.4,0,0,1
FINNIFTY05MAR2418800PE.NFO,2024-02-06,10:47:00,2024-03-05,1.4,1.4,1.4,1.4,0,0,1
FINNIFTY05MAR2418800PE.NFO,2024-02-06,10:48:00,2024-03-05,1.4,1.4,1.4,1.4,0,0,1
FINNIFTY05MAR2418800PE.NFO,2024-02-06,10:49:00,2024-03-05,1.4,1.4,1.4,1.4,0,0,1
FINNIFTY05MAR2418800PE.NFO,2024-02-06,10:50:00,2024-03-05,1.4,1.4,1.4,1.4,0,0,1
FINNIFTY05MAR2418800PE.NFO,2024-02-06,10:51:00,2024-03-05,1.4,1.4,1.4,1.4,0,0,1
FINNIFTY05MAR2418800PE.NFO,2024-02-06,10:52:00,2024-03-05,1.4,1.4,1.4,1.4,0,0,1
FINNIFTY05MAR2418800PE.NFO,2024-02-06,10:53:00,2024-03-05,1.4,1.4,1.4,1.4,0,0,1
FINNIFTY05MAR2418800PE.NFO,2024-02-06,10:54:00,2024-03-05,1.4,1.4,1.4,1.4,0,0,1
FINNIFTY05MAR2418800PE.NFO,2024-02-06,10:55:00,2024-03-05,1.4,1.4,1.4,1.4,0,0,1
FINNIFTY05MAR2418800PE.NFO,2024-02-06,10:56:00,2024-03-05,1.4,1.4,1.4,1.4,0,0,1
FINNIFTY05MAR2418800PE.NFO,2024-02-06,10:57:00,2024-03-05,1.4,1.4,1.4,1.4,0,0,1
FINNIFTY05MAR2418800PE.NFO,2024-02-06,10:58:00,2024-03-05,1.4,1.4,1.4,1.4,0,0,1
FINNIFTY05MAR2418800PE.NFO,2024-02-06,10:59:00,2024-03-05,1.4,1.4,1.4,1.4,0,0,1
FINNIFTY05MAR2418800PE.NFO,2024-02-06,11:00:00,2024-03-05,1.4,1.4,1.4,1.4,0,0,1
FINNIFTY05MAR2418800PE.NFO,2024-02-06,11:01:00,2024-03-05,1.4,1.4,1.4,1.4,0,0,1
FINNIFTY05MAR2418800PE.NFO,2024-02-06,11:02:00,2024-03-05,1.4,1.4,1.4,1.4,0,0,1
FINNIFTY05MAR2418800PE.NFO,2024-02-06,11:03:00,2024-03-05,1.4,1.4,1.4,1.4,0,0,1
FINNIFTY05MAR2418800PE.NFO,2024-02-06,11:04:00,2024-03-05,1.4,1.4,1.4,1.4,0,0,1
FINNIFTY05MAR2418800PE.NFO,2024-02-06,11:05:00,2024-03-05,1.4,1.4,1.4,1.4,0,0,1
FINNIFTY05MAR2418800PE.NFO,2024-02-06,11:06:00,2024-03-05,1.4,1.4,1.4,1.4,0,0,1
FINNIFTY05MAR2418800PE.NFO,2024-02-06,11:07:00,2024-03-05,1.4,1.4,1.4,1.4,0,0,1
FINNIFTY05MAR2418800PE.NFO,2024-02-06,11:08:00,2024-03-05,1.4,1.4,1.4,1.4,0,0,1
FINNIFTY05MAR2418800PE.NFO,2024-02-06,11:09:00,2024-03-05,1.4,1.4,1.4,1.4,0,0,1
FINNIFTY05MAR2418800PE.NFO,2024-02-06,11:10:00,2024-03-05,1.4,1.4,1.4,1.4,0,0,1
FINNIFTY05MAR2418800PE.NFO,2024-02-06,11:11:00,2024-03-05,1.4,1.4,1.4,1.4,0,0,1
FINNIFTY05MAR2418800PE.NFO,2024-02-06,11:12:00,2024-03-05,1.4,1.4,1.4,1.4,0,0,1
FINNIFTY05MAR2418800PE.NFO,2024-02-06,11:13:00,2024-03-05,1.4,1.4,1.4,1.4,0,0,1
FINNIFTY05MAR2418800PE.NFO,2024-02-06,11:14:00,2024-03-05,1.4,1.4,1.4,1.4,0,0,1
FINNIFTY05MAR2418800PE.NFO,2024-02-06,11:15:00,2024-03-05,1.4,1.4,1.4,1.4,0,0,1
FINNIFTY05MAR2418800PE.NFO,2024-02-06,11:16:00,2024-03-05,1.4,1.4,1.4,1.4,0,0,1
FINNIFTY05MAR2418800PE.NFO,2024-02-06,11:17:00,2024-03-05,1.4,1.4,1.4,1.4,0,0,1
FINNIFTY05MAR2418800PE.NFO,2024-02-06,11:18:00,2024-03-05,1.4,1.4,1.4,1.4,0,0,1
FINNIFTY05MAR2418800PE.NFO,2024-02-06,11:19:00,2024-03-05,1.4,1.4,1.4,1.4,0,0,1
FINNIFTY05MAR2418800PE.NFO,2024-02-06,11:20:00,2024-03-05,1.4,1.4,1.4,1.4,0,0,1
FINNIFTY05MAR2418800PE.NFO,2024-02-06,11:21:00,2024-03-05,1.4,1.4,1.4,1.4,0,0,1
FINNIFTY05MAR2418800PE.NFO,2024-02-06,11:22:00,2024-03-05,1.4,1.4,1.4,1.4,0,0,1
FINNIFTY05MAR2418800PE.NFO,2024-02-06,11:23:00,2024-03-05,1.4,1.4,1.4,1.4,0,0,1
FINNIFTY05MAR2418800PE.NFO,2024-02-06,11:24:00,2024-03-05,1.4,1.4,1.4,1.4,0,0,1
FINNIFTY05MAR2418800PE.NFO,2024-02-06,11:25:00,2024-03-05,1.4,1.4,1.4,1.4,0,0,1
FINNIFTY05MAR2418800PE.NFO,2024-02-06,11:26:00,2024-03-05,1.4,1.4,1.4,1.4,0,0,1
FINNIFTY05MAR2418800PE.NFO,2024-02-06,11:27:00,2024-03-05,1.4,1.4,1.4,1.4,0,0,1
FINNIFTY05MAR2418800PE.NFO,2024-02-06,11:28:00,2024-03-05,1.4,1.4,1.4,1.4,0,0,1
FINNIFTY05MAR2418800PE.NFO,2024-02-06,11:29:00,2024-03-05,1.4,1.4,1.4,1.4,0,0,1
FINNIFTY05MAR2418800PE.NFO,2024-02-06,11:30:00,2024-03-05,1.4,1.4,1.4,1.4,0,0,1
FINNIFTY05MAR2418800PE.NFO,2024-02-06,11:31:00,2024-03-05,1.4,1.4,1.4,1.4,0,0,1
FINNIFTY05MAR2418800PE.NFO,2024-02-06,11:32:00,2024-03-05,1.4,1.4,1.4,1.4,0,0,1
FINNIFTY05MAR2418800PE.NFO,2024-02-06,11:33:00,2024-03-05,1.4,1.4,1.4,1.4,0,0,1
FINNIFTY05MAR2418800PE.NFO,2024-02-06,11:34:00,2024-03-05,1.4,1.4,1.4,1.4,0,0,1
FINNIFTY05MAR2418800PE.NFO,2024-02-06,11:35:00,2024-03-05,1.4,1.4,1.4,1.4,0,0,1
FINNIFTY05MAR2418800PE.NFO,2024-02-06,11:36:00,2024-03-05,1.4,1.4,1.4,1.4,0,0,1
FINNIFTY05MAR2418800PE.NFO,2024-02-06,11:37:00,2024-03-05,1.4,1.4,1.4,1.4,0,0,1
FINNIFTY05MAR2418800PE.NFO,2024-02-06,11:38:00,2024-03-05,1.4,1.4,1.4,1.4,0,0,1
FINNIFTY05MAR2418800PE.NFO,2024-02-06,11:39:00,2024-03-05,1.4,1.4,1.4,1.4,0,0,1
FINNIFTY05MAR2418800PE.NFO,2024-02-06,11:40:00,2024-03-05,1.4,1.4,1.4,1.4,0,0,1
FINNIFTY05MAR2418800PE.NFO,2024-02-06,11:41:00,2024-03-05,1.4,1.4,1.4,1.4,0,0,1
FINNIFTY05MAR2418800PE.NFO,2024-02-06,11:42:00,2024-03-05,1.4,1.4,1.4,1.4,0,0,1
FINNIFTY05MAR2418800PE.NFO,2024-02-06,11:43:00,2024-03-05,1.4,1.4,1.4,1.4,0,0,1
FINNIFTY05MAR2418800PE.NFO,2024-02-06,11:44:00,2024-03-05,1.4,1.4,1.4,1.4,0,0,1
FINNIFTY05MAR2418800PE.NFO,2024-02-06,11:45:00,2024-03-05,1.4,1.4,1.4,1.4,0,0,1
FINNIFTY05MAR2418800PE.NFO,2024-02-06,11:46:00,2024-03-05,1.4,1.4,1.4,1.4,0,0,1
FINNIFTY05MAR2418800PE.NFO,2024-02-06,11:47:00,2024-03-05,1.4,1.4,1.4,1.4,0,0,1
FINNIFTY05MAR2418800PE.NFO,2024-02-06,11:48:00,2024-03-05,1.4,1.4,1.4,1.4,0,0,1
FINNIFTY05MAR2418800PE.NFO,2024-02-06,11:49:00,2024-03-05,1.4,1.4,1.4,1.4,0,0,1
FINNIFTY05MAR2418800PE.NFO,2024-02-06,11:50:00,2024-03-05,1.4,1.4,1.4,1.4,0,0,1
FINNIFTY05MAR2418800PE.NFO,2024-02-06,11:51:00,2024-03-05,1.4,1.4,1.4,1.4,0,0,1
FINNIFTY05MAR2418800PE.NFO,2024-02-06,11:52:00,2024-03-05,1.4,1.4,1.4,1.4,0,0,1
FINNIFTY05MAR2418800PE.NFO,2024-02-06,11:53:00,2024-03-05,1.4,1.4,1.4,1.4,0,0,1
FINNIFTY05MAR2418800PE.NFO,2024-02-06,11:54:00,2024-03-05,1.4,1.4,1.4,1.4,0,0,1
FINNIFTY05MAR2418800PE.NFO,2024-02-06,11:55:00,2024-03-05,1.4,1.4,1.4,1.4,0,0,1
FINNIFTY05MAR2418800PE.NFO,2024-02-06,11:56:00,2024-03-05,1.4,1.4,1.4,1.4,0,0,1
FINNIFTY05MAR2418800PE.NFO,2024-02-06,11:57:00,2024-03-05,1.4,1.4,1.4,1.4,0,0,1
FINNIFTY05MAR2418800PE.NFO,2024-02-06,11:58:00,2024-03-05,1.4,1.4,1.4,1.4,0,0,1
FINNIFTY05MAR2418800PE.NFO,2024-02-06,11:59:00,2024-03-05,1.4,1.4,1.4,1.4,0,0,1
FINNIFTY05MAR2418800PE.NFO,2024-02-06,12:00:00,2024-03-05,1.4,1.4,1.4,1.4,0,0,1
FINNIFTY05MAR2418800PE.NFO,2024-02-06,12:01:00,2024-03-05,1.4,1.4,1.4,1.4,0,0,1
FINNIFTY05MAR2418800PE.NFO,2024-02-06,12:02:00,2024-03-05,1.4,1.4,1.4,1.4,0,0,1
FINNIFTY05MAR2418800PE.NFO,2024-02-06,12:03:00,2024-03-05,1.4,1.4,1.4,1.4,0,0,1
FINNIFTY05MAR2418800PE.NFO,2024-02-06,12:04:00,2024-03-05,1.4,1.4,1.4,1.4,0,0,1
FINNIFTY05MAR2418800PE.NFO,2024-02-06,12:05:00,2024-03-05,1.4,1.4,1.4,1.4,0,0,1
FINNIFTY05MAR2418800PE.NFO,2024-02-06,12:06:00,2024-03-05,1.4,1.4,1.4,1.4,0,0,1
FINNIFTY05MAR2418800PE.NFO,2024-02-06,12:07:00,2024-03-05,1.4,1.4,1.4,1.4,0,0,1
FINNIFTY05MAR2418800PE.NFO,2024-02-06,12:08:00,2024-03-05,1.4,1.4,1.4,1.4,0,0,1
FINNIFTY05MAR2418800PE.NFO,2024-02-06,12:09:00,2024-03-05,1.4,1.4,1.4,1.4,0,0,1
FINNIFTY05MAR2418800PE.NFO,2024-02-06,12:10:00,2024-03-05,1.4,1.4,1.4,1.4,0,0,1
FINNIFTY05MAR2418800PE.NFO,2024-02-06,12:11:00,2024-03-05,1.4,1.4,1.4,1.4,0,0,1
FINNIFTY05MAR2418800PE.NFO,2024-02-06,12:12:00,2024-03-05,1.4,1.4,1.4,1.4,0,0,1
FINNIFTY05MAR2418800PE.NFO,2024-02-06,12:13:00,2024-03-05,1.4,1.4,1.4,1.4,0,0,1
FINNIFTY05MAR2418800PE.NFO,2024-02-06,12:14:00,2024-03-05,1.4,1.4,1.4,1.4,0,0,1
FINNIFTY05MAR2418800PE.NFO,2024-02-06,12:15:00,2024-03-05,1.4,1.4,1.4,1.4,0,0,1
FINNIFTY05MAR2418800PE.NFO,2024-02-06,12:16:00,2024-03-05,1.4,1.4,1.4,1.4,0,0,1
FINNIFTY05MAR2418800PE.NFO,2024-02-06,12:17:00,2024-03-05,1.4,1.4,1.4,1.4,0,0,1
FINNIFTY05MAR2418800PE.NFO,2024-02-06,12:18:00,2024-03-05,1.4,1.4,1.4,1.4,0,0,1
FINNIFTY05MAR2418800PE.NFO,2024-02-06,12:19:00,2024-03-05,1.4,1.4,1.4,1.4,0,0,1
FINNIFTY05MAR2418800PE.NFO,2024-02-06,12:20:00,2024-03-05,1.4,1.4,1.4,1.4,0,0,1
FINNIFTY05MAR2418800PE.NFO,2024-02-06,12:21:00,2024-03-05,1.4,1.4,1.4,1.4,0,0,1
FINNIFTY05MAR2418800PE.NFO,2024-02-06,12:22:00,2024-03-05,1.4,1.4,1.4,1.4,0,0,1
FINNIFTY05MAR2418800PE.NFO,2024-02-06,12:23:00,2024-03-05,1.4,1.4,1.4,1.4,0,0,1
FINNIFTY05MAR2418800PE.NFO,2024-02-06,12:24:00,2024-03-05,1.4,1.4,1.4,1.4,0,0,1
FINNIFTY05MAR2418800PE.NFO,2024-02-06,12:25:00,2024-03-05,1.4,1.4,1.4,1.4,0,0,1
FINNIFTY05MAR2418800PE.NFO,2024-02-06,12:26:00,2024-03-05,1.4,1.4,1.4,1.4,0,0,1
FINNIFTY05MAR2418800PE.NFO,2024-02-06,12:27:00,2024-03-05,1.4,1.4,1.4,1.4,0,0,1
FINNIFTY05MAR2418800PE.NFO,2024-02-06,12:28:00,2024-03-05,1.4,1.4,1.4,1.4,0,0,1
FINNIFTY05MAR2418800PE.NFO,2024-02-06,12:29:00,2024-03-05,1.4,1.4,1.4,1.4,0,0,1
FINNIFTY05MAR2418800PE.NFO,2024-02-06,12:30:00,2024-03-05,1.4,1.4,1.4,1.4,0,0,1
FINNIFTY05MAR2418800PE.NFO,2024-02-06,12:31:00,2024-03-05,1.4,1.4,1.4,1.4,0,0,1
FINNIFTY05MAR2418800PE.NFO,2024-02-06,12:32:00,2024-03-05,1.4,1.4,1.4,1.4,0,0,1
FINNIFTY05MAR2418800PE.NFO,2024-02-06,12:33:00,2024-03-05,1.4,1.4,1.4,1.4,0,0,1
FINNIFTY05MAR2418800PE.NFO,2024-02-06,12:34:00,2024-03-05,1.4,1.4,1.4,1.4,0,0,1
FINNIFTY05MAR2418800PE.NFO,2024-02-06,12:35:00,2024-03-05,1.4,1.4,1.4,1.4,0,0,1
FINNIFTY05MAR2418800PE.NFO,2024-02-06,12:36:00,2024-03-05,1.4,1.4,1.4,1.4,0,0,1
FINNIFTY05MAR2418800PE.NFO,2024-02-06,12:37:00,2024-03-05,1.4,1.4,1.4,1.4,0,0,1
FINNIFTY05MAR2418800PE.NFO,2024-02-06,12:38:00,2024-03-05,1.4,1.4,1.4,1.4,0,0,1
FINNIFTY05MAR2418800PE.NFO,2024-02-06,12:39:00,2024-03-05,1.4,1.4,1.4,1.4,0,0,1
FINNIFTY05MAR2418800PE.NFO,2024-02-06,12:40:00,2024-03-05,1.4,1.4,1.4,1.4,0,0,1
FINNIFTY05MAR2418800PE.NFO,2024-02-06,12:41:00,2024-03-05,1.4,1.4,1.4,1.4,0,0,1
FINNIFTY05MAR2418800PE.NFO,2024-02-06,12:42:00,2024-03-05,1.4,1.4,1.4,1.4,0,0,1
FINNIFTY05MAR2418800PE.NFO,2024-02-06,12:43:00,2024-03-05,1.4,1.4,1.4,1.4,0,0,1
FINNIFTY05MAR2418800PE.NFO,2024-02-06,12:44:00,2024-03-05,1.4,1.4,1.4,1.4,0,0,1
FINNIFTY05MAR2418800PE.NFO,2024-02-06,12:45:00,2024-03-05,1.4,1.4,1.4,1.4,0,0,1
FINNIFTY05MAR2418800PE.NFO,2024-02-06,12:46:00,2024-03-05,1.4,1.4,1.4,1.4,0,0,1
FINNIFTY05MAR2418800PE.NFO,2024-02-06,12:47:00,2024-03-05,1.4,1.4,1.4,1.4,0,0,1
FINNIFTY05MAR2418800PE.NFO,2024-02-06,12:48:00,2024-03-05,1.4,1.4,1.4,1.4,0,0,1
FINNIFTY05MAR2418800PE.NFO,2024-02-06,12:49:00,2024-03-05,1.4,1.4,1.4,1.4,0,0,1
FINNIFTY05MAR2418800PE.NFO,2024-02-06,12:50:00,2024-03-05,1.4,1.4,1.4,1.4,0,0,1
FINNIFTY05MAR2418800PE.NFO,2024-02-06,12:51:00,2024-03-05,1.4,1.4,1.4,1.4,0,0,1
FINNIFTY05MAR2418800PE.NFO,2024-02-06,12:52:00,2024-03-05,1.4,1.4,1.4,1.4,0,0,1
FINNIFTY05MAR2418800PE.NFO,2024-02-06,12:53:00,2024-03-05,1.4,1.4,1.4,1.4,0,0,1
FINNIFTY05MAR2418800PE.NFO,2024-02-06,12:54:00,2024-03-05,1.4,1.4,1.4,1.4,0,0,1
FINNIFTY05MAR2418800PE.NFO,2024-02-06,12:55:00,2024-03-05,1.4,1.4,1.4,1.4,0,0,1
FINNIFTY05MAR2418800PE.NFO,2024-02-06,12:56:00,2024-03-05,1.4,1.4,1.4,1.4,0,0,1
FINNIFTY05MAR2418800PE.NFO,2024-02-06,12:57:00,2024-03-05,1.4,1.4,1.4,1.4,0,0,1
FINNIFTY05MAR2418800PE.NFO,2024-02-06,12:58:00,2024-03-05,1.4,1.4,1.4,1.4,0,0,1
FINNIFTY05MAR2418800PE.NFO,2024-02-06,12:59:00,2024-03-05,1.4,1.4,1.4,1.4,0,0,1
FINNIFTY05MAR2418800PE.NFO,2024-02-06,13:00:00,2024-03-05,1.4,1.4,1.4,1.4,0,0,1
FINNIFTY05MAR2418800PE.NFO,2024-02-06,13:01:00,2024-03-05,1.4,1.4,1.4,1.4,0,0,1
FINNIFTY05MAR2418800PE.NFO,2024-02-06,13:02:00,2024-03-05,1.4,1.4,1.4,1.4,0,0,1
FINNIFTY05MAR2418800PE.NFO,2024-02-06,13:03:00,2024-03-05,1.4,1.4,1.4,1.4,0,0,1
FINNIFTY05MAR2418800PE.NFO,2024-02-06,13:04:00,2024-03-05,1.4,1.4,1.4,1.4,0,0,1
FINNIFTY05MAR2418800PE.NFO,2024-02-06,13:05:00,2024-03-05,1.4,1.4,1.4,1.4,0,0,1
FINNIFTY05MAR2418800PE.NFO,2024-02-06,13:06:00,2024-03-05,1.4,1.4,1.4,1.4,0,0,1
FINNIFTY05MAR2418800PE.NFO,2024-02-06,13:07:00,2024-03-05,1.4,1.4,1.4,1.4,0,0,1
FINNIFTY05MAR2418800PE.NFO,2024-02-06,13:08:00,2024-03-05,1.4,1.4,1.4,1.4,0,0,1
FINNIFTY05MAR2418800PE.NFO,2024-02-06,13:09:00,2024-03-05,1.4,1.4,1.4,1.4,0,0,1
FINNIFTY05MAR2418800PE.NFO,2024-02-06,13:10:00,2024-03-05,1.4,1.4,1.4,1.4,0,0,1
FINNIFTY05MAR2418800PE.NFO,2024-02-06,13:11:00,2024-03-05,1.4,1.4,1.4,1.4,0,0,1
FINNIFTY05MAR2418800PE.NFO,2024-02-06,13:12:00,2024-03-05,1.4,1.4,1.4,1.4,0,0,1
FINNIFTY05MAR2418800PE.NFO,2024-02-06,13:13:00,2024-03-05,1.4,1.4,1.4,1.4,0,0,1
FINNIFTY05MAR2418800PE.NFO,2024-02-06,13:14:00,2024-03-05,1.4,1.4,1.4,1.4,0,0,1
FINNIFTY05MAR2418800PE.NFO,2024-02-06,13:15:00,2024-03-05,1.4,1.4,1.4,1.4,0,0,1
FINNIFTY05MAR2418800PE.NFO,2024-02-06,13:16:00,2024-03-05,1.4,1.4,1.4,1.4,0,0,1
FINNIFTY05MAR2418800PE.NFO,2024-02-06,13:17:00,2024-03-05,1.4,1.4,1.4,1.4,0,0,1
FINNIFTY05MAR2418800PE.NFO,2024-02-06,13:18:00,2024-03-05,1.4,1.4,1.4,1.4,0,0,1
FINNIFTY05MAR2418800PE.NFO,2024-02-06,13:19:00,2024-03-05,1.4,1.4,1.4,1.4,0,0,1
FINNIFTY05MAR2418800PE.NFO,2024-02-06,13:20:00,2024-03-05,1.4,1.4,1.4,1.4,0,0,1
FINNIFTY05MAR2418800PE.NFO,2024-02-06,13:21:00,2024-03-05,1.4,1.4,1.4,1.4,0,0,1
FINNIFTY05MAR2418800PE.NFO,2024-02-06,13:22:00,2024-03-05,1.4,1.4,1.4,1.4,0,0,1
FINNIFTY05MAR2418800PE.NFO,2024-02-06,13:23:00,2024-03-05,1.4,1.4,1.4,1.4,0,0,1
FINNIFTY05MAR2418800PE.NFO,2024-02-06,13:24:00,2024-03-05,1.4,1.4,1.4,1.4,0,0,1
FINNIFTY05MAR2418800PE.NFO,2024-02-06,13:25:00,2024-03-05,1.4,1.4,1.4,1.4,0,0,1
FINNIFTY05MAR2418800PE.NFO,2024-02-06,13:26:00,2024-03-05,1.4,1.4,1.4,1.4,0,0,1
FINNIFTY05MAR2418800PE.NFO,2024-02-06,13:27:00,2024-03-05,1.4,1.4,1.4,1.4,0,0,1
FINNIFTY05MAR2418800PE.NFO,2024-02-06,13:28:00,2024-03-05,1.4,1.4,1.4,1.4,0,0,1
FINNIFTY05MAR2418800PE.NFO,2024-02-06,13:29:00,2024-03-05,1.4,1.4,1.4,1.4,0,0,1
FINNIFTY05MAR2418800PE.NFO,2024-02-06,13:30:00,2024-03-05,1.4,1.4,1.4,1.4,0,0,1
FINNIFTY05MAR2418800PE.NFO,2024-02-06,13:31:00,2024-03-05,1.4,1.4,1.4,1.4,0,0,1
FINNIFTY05MAR2418800PE.NFO,2024-02-06,13:32:00,2024-03-05,1.4,1.4,1.4,1.4,0,0,1
FINNIFTY05MAR2418800PE.NFO,2024-02-06,13:33:00,2024-03-05,1.4,1.4,1.4,1.4,0,0,1
FINNIFTY05MAR2418800PE.NFO,2024-02-06,13:34:00,2024-03-05,1.4,1.4,1.4,1.4,0,0,1
FINNIFTY05MAR2418800PE.NFO,2024-02-06,13:35:00,2024-03-05,1.4,1.4,1.4,1.4,0,0,1
FINNIFTY05MAR2418800PE.NFO,2024-02-06,13:36:00,2024-03-05,1.4,1.4,1.4,1.4,0,0,1
FINNIFTY05MAR2418800PE.NFO,2024-02-06,13:37:00,2024-03-05,1.4,1.4,1.4,1.4,0,0,1
FINNIFTY05MAR2418800PE.NFO,2024-02-06,13:38:00,2024-03-05,1.4,1.4,1.4,1.4,0,0,1
FINNIFTY05MAR2418800PE.NFO,2024-02-06,13:39:00,2024-03-05,1.4,1.4,1.4,1.4,0,0,1
FINNIFTY05MAR2418800PE.NFO,2024-02-06,13:40:00,2024-03-05,1.4,1.4,1.4,1.4,0,0,1
FINNIFTY05MAR2418800PE.NFO,2024-02-06,13:41:00,2024-03-05,1.4,1.4,1.4,1.4,0,0,1
FINNIFTY05MAR2418800PE.NFO,2024-02-06,13:42:00,2024-03-05,1.4,1.4,1.4,1.4,0,0,1
FINNIFTY05MAR2418800PE.NFO,2024-02-06,13:43:00,2024-03-05,1.4,1.4,1.4,1.4,0,0,1
FINNIFTY05MAR2418800PE.NFO,2024-02-06,13:44:00,2024-03-05,1.4,1.4,1.4,1.4,0,0,1
FINNIFTY05MAR2418800PE.NFO,2024-02-06,13:45:00,2024-03-05,1.4,1.4,1.4,1.4,0,0,1
FINNIFTY05MAR2418800PE.NFO,2024-02-06,13:46:00,2024-03-05,1.4,1.4,1.4,1.4,0,0,1
FINNIFTY05MAR2418800PE.NFO,2024-02-06,13:47:00,2024-03-05,1.4,1.4,1.4,1.4,0,0,1
FINNIFTY05MAR2418800PE.NFO,2024-02-06,13:48:00,2024-03-05,1.4,1.4,1.4,1.4,0,0,1
FINNIFTY05MAR2418800PE.NFO,2024-02-06,13:49:00,2024-03-05,1.4,1.4,1.4,1.4,0,0,1
FINNIFTY05MAR2418800PE.NFO,2024-02-06,13:50:00,2024-03-05,1.4,1.4,1.4,1.4,0,0,1
FINNIFTY05MAR2418800PE.NFO,2024-02-06,13:51:00,2024-03-05,1.4,1.4,1.4,1.4,0,0,1
FINNIFTY05MAR2418800PE.NFO,2024-02-06,13:52:00,2024-03-05,1.4,1.4,1.4,1.4,0,0,1
FINNIFTY05MAR2418800PE.NFO,2024-02-06,13:53:00,2024-03-05,1.4,1.4,1.4,1.4,0,0,1
FINNIFTY05MAR2418800PE.NFO,2024-02-06,13:54:00,2024-03-05,1.4,1.4,1.4,1.4,0,0,1
FINNIFTY05MAR2418800PE.NFO,2024-02-06,13:55:00,2024-03-05,1.4,1.4,1.4,1.4,0,0,1
FINNIFTY05MAR2418800PE.NFO,2024-02-06,13:56:00,2024-03-05,1.4,1.4,1.4,1.4,0,0,1
FINNIFTY05MAR2418800PE.NFO,2024-02-06,13:57:00,2024-03-05,1.4,1.4,1.4,1.4,0,0,1
FINNIFTY05MAR2418800PE.NFO,2024-02-06,13:58:00,2024-03-05,1.4,1.4,1.4,1.4,0,0,1
FINNIFTY05MAR2418800PE.NFO,2024-02-06,13:59:00,2024-03-05,1.4,1.4,1.4,1.4,0,0,1
FINNIFTY05MAR2418800PE.NFO,2024-02-06,14:00:00,2024-03-05,1.4,1.4,1.4,1.4,0,0,1
FINNIFTY05MAR2418800PE.NFO,2024-02-06,14:01:00,2024-03-05,1.4,1.4,1.4,1.4,0,0,1
FINNIFTY05MAR2418800PE.NFO,2024-02-06,14:02:00,2024-03-05,1.4,1.4,1.4,1.4,0,0,1
FINNIFTY05MAR2418800PE.NFO,2024-02-06,14:03:00,2024-03-05,1.4,1.4,1.4,1.4,0,0,1
FINNIFTY05MAR2418800PE.NFO,2024-02-06,14:04:00,2024-03-05,1.4,1.4,1.4,1.4,0,0,1
FINNIFTY05MAR2418800PE.NFO,2024-02-06,14:05:00,2024-03-05,1.4,1.4,1.4,1.4,0,0,1
FINNIFTY05MAR2418800PE.NFO,2024-02-06,14:06:00,2024-03-05,1.4,1.4,1.4,1.4,0,0,1
FINNIFTY05MAR2418800PE.NFO,2024-02-06,14:07:00,2024-03-05,1.4,1.4,1.4,1.4,0,0,1
FINNIFTY05MAR2418800PE.NFO,2024-02-06,14:08:00,2024-03-05,1.4,1.4,1.4,1.4,0,0,1
FINNIFTY05MAR2418800PE.NFO,2024-02-06,14:09:00,2024-03-05,1.4,1.4,1.4,1.4,0,0,1
FINNIFTY05MAR2418800PE.NFO,2024-02-06,14:10:00,2024-03-05,1.4,1.4,1.4,1.4,0,0,1
FINNIFTY05MAR2418800PE.NFO,2024-02-06,14:11:00,2024-03-05,1.4,1.4,1.4,1.4,0,0,1
FINNIFTY05MAR2418800PE.NFO,2024-02-06,14:12:00,2024-03-05,1.4,1.4,1.4,1.4,0,0,1
FINNIFTY05MAR2418800PE.NFO,2024-02-06,14:13:00,2024-03-05,1.4,1.4,1.4,1.4,0,0,1
FINNIFTY05MAR2418800PE.NFO,2024-02-06,14:14:00,2024-03-05,1.4,1.4,1.4,1.4,0,0,1
FINNIFTY05MAR2418800PE.NFO,2024-02-06,14:15:00,2024-03-05,1.4,1.4,1.4,1.4,0,0,1
FINNIFTY05MAR2418800PE.NFO,2024-02-06,14:16:00,2024-03-05,1.4,1.4,1.4,1.4,0,0,1
FINNIFTY05MAR2418800PE.NFO,2024-02-06,14:17:00,2024-03-05,1.4,1.4,1.4,1.4,0,0,1
FINNIFTY05MAR2418800PE.NFO,2024-02-06,14:18:00,2024-03-05,1.4,1.4,1.4,1.4,0,0,1
FINNIFTY05MAR2418800PE.NFO,2024-02-06,14:19:00,2024-03-05,1.4,1.4,1.4,1.4,0,0,1
FINNIFTY05MAR2418800PE.NFO,2024-02-06,14:20:00,2024-03-05,1.4,1.4,1.4,1.4,0,0,1
FINNIFTY05MAR2418800PE.NFO,2024-02-06,14:21:00,2024-03-05,1.4,1.4,1.4,1.4,0,0,1
FINNIFTY05MAR2418800PE.NFO,2024-02-06,14:22:00,2024-03-05,1.4,1.4,1.4,1.4,0,0,1
FINNIFTY05MAR2418800PE.NFO,2024-02-06,14:23:00,2024-03-05,1.4,1.4,1.4,1.4,0,0,1
FINNIFTY05MAR2418800PE.NFO,2024-02-06,14:24:00,2024-03-05,1.4,1.4,1.4,1.4,0,0,1
FINNIFTY05MAR2418800PE.NFO,2024-02-06,14:25:00,2024-03-05,1.4,1.4,1.4,1.4,0,0,1
FINNIFTY05MAR2418800PE.NFO,2024-02-06,14:26:00,2024-03-05,1.4,1.4,1.4,1.4,0,0,1
FINNIFTY05MAR2418800PE.NFO,2024-02-06,14:27:00,2024-03-05,1.4,1.4,1.4,1.4,0,0,1
FINNIFTY05MAR2418800PE.NFO,2024-02-06,14:28:00,2024-03-05,1.4,1.4,1.4,1.4,0,0,1
FINNIFTY05MAR2418800PE.NFO,2024-02-06,14:29:00,2024-03-05,1.4,1.4,1.4,1.4,0,0,1
FINNIFTY05MAR2418800PE.NFO,2024-02-06,14:30:00,2024-03-05,1.4,1.4,1.4,1.4,0,0,1
FINNIFTY05MAR2418800PE.NFO,2024-02-06,14:31:00,2024-03-05,1.4,1.4,1.4,1.4,0,0,1
FINNIFTY05MAR2418800PE.NFO,2024-02-06,14:32:00,2024-03-05,1.4,1.4,1.4,1.4,0,0,1
FINNIFTY05MAR2418800PE.NFO,2024-02-06,14:33:00,2024-03-05,1.4,1.4,1.4,1.4,0,0,1
FINNIFTY05MAR2418800PE.NFO,2024-02-06,14:34:00,2024-03-05,1.4,1.4,1.4,1.4,0,0,1
FINNIFTY05MAR2418800PE.NFO,2024-02-06,14:35:00,2024-03-05,1.4,1.4,1.4,1.4,0,0,1
FINNIFTY05MAR2418800PE.NFO,2024-02-06,14:36:00,2024-03-05,1.4,1.4,1.4,1.4,0,0,1
FINNIFTY05MAR2418800PE.NFO,2024-02-06,14:37:00,2024-03-05,1.4,1.4,1.4,1.4,0,0,1
FINNIFTY05MAR2418800PE.NFO,2024-02-06,14:38:00,2024-03-05,1.4,1.4,1.4,1.4,0,0,1
FINNIFTY05MAR2418800PE.NFO,2024-02-06,14:39:00,2024-03-05,1.4,1.4,1.4,1.4,0,0,1
FINNIFTY05MAR2418800PE.NFO,2024-02-06,14:40:00,2024-03-05,1.4,1.4,1.4,1.4,0,0,1
FINNIFTY05MAR2418800PE.NFO,2024-02-06,14:41:00,2024-03-05,1.4,1.4,1.4,1.4,0,0,1
FINNIFTY05MAR2418800PE.NFO,2024-02-06,14:42:00,2024-03-05,1.4,1.4,1.4,1.4,0,0,1
FINNIFTY05MAR2418800PE.NFO,2024-02-06,14:43:00,2024-03-05,1.4,1.4,1.4,1.4,0,0,1
FINNIFTY05MAR2418800PE.NFO,2024-02-06,14:44:00,2024-03-05,1.4,1.4,1.4,1.4,0,0,1
FINNIFTY05MAR2418800PE.NFO,2024-02-06,14:45:00,2024-03-05,1.4,1.4,1.4,1.4,0,0,1
FINNIFTY05MAR2418800PE.NFO,2024-02-06,14:46:00,2024-03-05,1.4,1.4,1.4,1.4,0,0,1
FINNIFTY05MAR2418800PE.NFO,2024-02-06,14:47:00,2024-03-05,1.4,1.4,1.4,1.4,0,0,1
FINNIFTY05MAR2418800PE.NFO,2024-02-06,14:48:00,2024-03-05,1.4,1.4,1.4,1.4,0,0,1
FINNIFTY05MAR2418800PE.NFO,2024-02-06,14:49:00,2024-03-05,1.4,1.4,1.4,1.4,0,0,1
FINNIFTY05MAR2418800PE.NFO,2024-02-06,14:50:00,2024-03-05,1.4,1.4,1.4,1.4,0,0,1
FINNIFTY05MAR2418800PE.NFO,2024-02-06,14:51:00,2024-03-05,1.4,1.4,1.4,1.4,0,0,1
FINNIFTY05MAR2418800PE.NFO,2024-02-06,14:52:00,2024-03-05,1.4,1.4,1.4,1.4,0,0,1
FINNIFTY05MAR2418800PE.NFO,2024-02-06,14:53:00,2024-03-05,1.4,1.4,1.4,1.4,0,0,1
FINNIFTY05MAR2418800PE.NFO,2024-02-06,14:54:00,2024-03-05,1.4,1.4,1.4,1.4,0,0,1
FINNIFTY05MAR2418800PE.NFO,2024-02-06,14:55:00,2024-03-05,1.4,1.4,1.4,1.4,0,0,1
FINNIFTY05MAR2418800PE.NFO,2024-02-06,14:56:00,2024-03-05,1.4,1.4,1.4,1.4,0,0,1
FINNIFTY05MAR2418800PE.NFO,2024-02-06,14:57:00,2024-03-05,1.4,1.4,1.4,1.4,0,0,1
FINNIFTY05MAR2418800PE.NFO,2024-02-06,14:58:00,2024-03-05,1.4,1.4,1.4,1.4,0,0,1
FINNIFTY05MAR2418800PE.NFO,2024-02-06,14:59:00,2024-03-05,1.4,1.4,1.4,1.4,0,0,1
FINNIFTY05MAR2418800PE.NFO,2024-02-06,15:00:00,2024-03-05,1.4,1.4,1.4,1.4,0,0,1
FINNIFTY05MAR2418800PE.NFO,2024-02-06,15:01:00,2024-03-05,1.4,1.4,1.4,1.4,0,0,1
FINNIFTY05MAR2418800PE.NFO,2024-02-06,15:02:00,2024-03-05,1.4,1.4,1.4,1.4,0,0,1
FINNIFTY05MAR2418800PE.NFO,2024-02-06,15:03:00,2024-03-05,1.4,1.4,1.4,1.4,0,0,1
FINNIFTY05MAR2418800PE.NFO,2024-02-06,15:04:00,2024-03-05,1.4,1.4,1.4,1.4,0,0,1
FINNIFTY05MAR2418800PE.NFO,2024-02-06,15:05:00,2024-03-05,1.4,1.4,1.4,1.4,0,0,1
FINNIFTY05MAR2418800PE.NFO,2024-02-06,15:06:00,2024-03-05,1.4,1.4,1.4,1.4,0,0,1
FINNIFTY05MAR2418800PE.NFO,2024-02-06,15:07:00,2024-03-05,1.4,1.4,1.4,1.4,0,0,1
FINNIFTY05MAR2418800PE.NFO,2024-02-06,15:08:00,2024-03-05,1.4,1.4,1.4,1.4,0,0,1
FINNIFTY05MAR2418800PE.NFO,2024-02-06,15:09:00,2024-03-05,1.4,1.4,1.4,1.4,0,0,1
FINNIFTY05MAR2418800PE.NFO,2024-02-06,15:10:00,2024-03-05,1.4,1.4,1.4,1.4,0,0,1
FINNIFTY05MAR2418800PE.NFO,2024-02-06,15:11:00,2024-03-05,1.4,1.4,1.4,1.4,0,0,1
FINNIFTY05MAR2418800PE.NFO,2024-02-06,15:12:00,2024-03-05,1.4,1.4,1.4,1.4,0,0,1
FINNIFTY05MAR2418800PE.NFO,2024-02-06,15:13:00,2024-03-05,1.4,1.4,1.4,1.4,0,0,1
FINNIFTY05MAR2418800PE.NFO,2024-02-06,15:14:00,2024-03-05,1.4,1.4,1.4,1.4,0,0,1
FINNIFTY05MAR2418800PE.NFO,2024-02-06,15:15:00,2024-03-05,1.4,1.4,1.4,1.4,0,0,1
FINNIFTY05MAR2418800PE.NFO,2024-02-06,15:16:00,2024-03-05,1.4,1.4,1.4,1.4,0,0,1
FINNIFTY05MAR2418800PE.NFO,2024-02-06,15:17:00,2024-03-05,1.4,1.4,1.4,1.4,0,0,1
FINNIFTY05MAR2418800PE.NFO,2024-02-06,15:18:00,2024-03-05,1.4,1.4,1.4,1.4,0,0,1
FINNIFTY05MAR2418800PE.NFO,2024-02-06,15:19:00,2024-03-05,1.4,1.4,1.4,1.4,0,0,1
FINNIFTY05MAR2418800PE.NFO,2024-02-06,15:20:00,2024-03-05,1.4,1.4,1.4,1.4,0,0,1
FINNIFTY05MAR2418800PE.NFO,2024-02-06,15:21:00,2024-03-05,1.4,1.4,1.4,1.4,0,0,1
FINNIFTY05MAR2418800PE.NFO,2024-02-06,15:22:00,2024-03-05,1.4,1.4,1.4,1.4,0,0,1
FINNIFTY05MAR2418800PE.NFO,2024-02-06,15:23:00,2024-03-05,1.4,1.4,1.4,1.4,0,0,1
FINNIFTY05MAR2418800PE.NFO,2024-02-06,15:24:00,2024-03-05,1.4,1.4,1.4,1.4,0,0,1
FINNIFTY05MAR2418800PE.NFO,2024-02-06,15:25:00,2024-03-05,1.4,1.4,1.4,1.4,0,0,1
FINNIFTY05MAR2418800PE.NFO,2024-02-06,15:26:00,2024-03-05,1.4,1.4,1.4,1.4,0,0,1
FINNIFTY05MAR2418800PE.NFO,2024-02-06,15:27:00,2024-03-05,1.4,1.4,1.4,1.4,0,0,1
FINNIFTY05MAR2418800PE.NFO,2024-02-06,15:28:00,2024-03-05,1.4,1.4,1.4,1.4,0,0,1
FINNIFTY05MAR2418800PE.NFO,2024-02-06,15:29:00,2024-03-05,1.4,1.4,1.4,1.4,0,0,1
FINNIFTY05MAR2418800PE.NFO,2024-02-06,15:30:00,2024-03-05,1.4,1.4,1.4,1.4,0,0,1
FINNIFTY05MAR2418800PE.NFO,2024-02-07,09:15:00,2024-03-05,1.4,1.4,1.4,1.4,0,0,0
FINNIFTY05MAR2418800PE.NFO,2024-02-07,09:16:00,2024-03-05,1.4,1.4,1.4,1.4,0,0,1
FINNIFTY05MAR2418800PE.NFO,2024-02-07,09:17:00,2024-03-05,1.4,1.4,1.4,1.4,0,0,1
FINNIFTY05MAR2418800PE.NFO,2024-02-07,09:18:00,2024-03-05,1.4,1.4,1.4,1.4,0,0,1
FINNIFTY05MAR2418800PE.NFO,2024-02-07,09:19:00,2024-03-05,1.4,1.4,1.4,1.4,0,0,1
FINNIFTY05MAR2418800PE.NFO,2024-02-07,09:20:00,2024-03-05,1.4,1.4,1.4,1.4,0,0,1
FINNIFTY05MAR2418800PE.NFO,2024-02-07,09:21:00,2024-03-05,1.4,1.4,1.4,1.4,0,0,1
FINNIFTY05MAR2418800PE.NFO,2024-02-07,09:22:00,2024-03-05,1.4,1.4,1.4,1.4,0,0,1
FINNIFTY05MAR2418800PE.NFO,2024-02-07,09:23:00,2024-03-05,1.4,1.4,1.4,1.4,0,0,1
FINNIFTY05MAR2418800PE.NFO,2024-02-07,09:24:00,2024-03-05,1.4,1.4,1.4,1.4,0,0,1
FINNIFTY05MAR2418800PE.NFO,2024-02-07,09:25:00,2024-03-05,1.4,1.4,1.4,1.4,0,0,1
FINNIFTY05MAR2418800PE.NFO,2024-02-07,09:26:00,2024-03-05,1.4,1.4,1.4,1.4,0,0,1
FINNIFTY05MAR2418800PE.NFO,2024-02-07,09:27:00,2024-03-05,1.4,1.4,1.4,1.4,0,0,1
FINNIFTY05MAR2418800PE.NFO,2024-02-07,09:28:00,2024-03-05,1.4,1.4,1.4,1.4,0,0,1
FINNIFTY05MAR2418800PE.NFO,2024-02-07,09:29:00,2024-03-05,1.4,1.4,1.4,1.4,0,0,1
FINNIFTY05MAR2418800PE.NFO,2024-02-07,09:30:00,2024-03-05,1.4,1.4,1.4,1.4,0,0,1
FINNIFTY05MAR2418800PE.NFO,2024-02-07,09:31:00,2024-03-05,1.4,1.4,1.4,1.4,0,0,1
FINNIFTY05MAR2418800PE.NFO,2024-02-07,09:32:00,2024-03-05,1.4,1.4,1.4,1.4,0,0,1
FINNIFTY05MAR2418800PE.NFO,2024-02-07,09:33:00,2024-03-05,1.4,1.4,1.4,1.4,0,0,1
FINNIFTY05MAR2418800PE.NFO,2024-02-07,09:34:00,2024-03-05,1.4,1.4,1.4,1.4,0,0,1
FINNIFTY05MAR2418800PE.NFO,2024-02-07,09:35:00,2024-03-05,1.4,1.4,1.4,1.4,0,0,1
FINNIFTY05MAR2418800PE.NFO,2024-02-07,09:36:00,2024-03-05,1.4,1.4,1.4,1.4,0,0,1
FINNIFTY05MAR2418800PE.NFO,2024-02-07,09:37:00,2024-03-05,1.4,1.4,1.4,1.4,0,0,1
FINNIFTY05MAR2418800PE.NFO,2024-02-07,09:38:00,2024-03-05,1.4,1.4,1.4,1.4,0,0,1
FINNIFTY05MAR2418800PE.NFO,2024-02-07,09:39:00,2024-03-05,1.4,1.4,1.4,1.4,0,0,1
FINNIFTY05MAR2418800PE.NFO,2024-02-07,09:40:00,2024-03-05,1.4,1.4,1.4,1.4,0,0,1
FINNIFTY05MAR2418800PE.NFO,2024-02-07,09:41:00,2024-03-05,1.4,1.4,1.4,1.4,0,0,1
FINNIFTY05MAR2418800PE.NFO,2024-02-07,09:42:00,2024-03-05,1.4,1.4,1.4,1.4,0,0,1
FINNIFTY05MAR2418800PE.NFO,2024-02-07,09:43:00,2024-03-05,1.4,1.4,1.4,1.4,0,0,1
FINNIFTY05MAR2418800PE.NFO,2024-02-07,09:44:00,2024-03-05,1.4,1.4,1.4,1.4,0,0,1
FINNIFTY05MAR2418800PE.NFO,2024-02-07,09:45:00,2024-03-05,1.4,1.4,1.4,1.4,0,0,1
FINNIFTY05MAR2418800PE.NFO,2024-02-07,09:46:00,2024-03-05,1.4,1.4,1.4,1.4,0,0,1
FINNIFTY05MAR2418800PE.NFO,2024-02-07,09:47:00,2024-03-05,1.4,1.4,1.4,1.4,0,0,1
FINNIFTY05MAR2418800PE.NFO,2024-02-07,09:48:00,2024-03-05,1.4,1.4,1.4,1.4,0,0,1
FINNIFTY05MAR2418800PE.NFO,2024-02-07,09:49:00,2024-03-05,1.4,1.4,1.4,1.4,0,0,1
FINNIFTY05MAR2418800PE.NFO,2024-02-07,09:50:00,2024-03-05,1.4,1.4,1.4,1.4,0,0,1
FINNIFTY05MAR2418800PE.NFO,2024-02-07,09:51:00,2024-03-05,1.4,1.4,1.4,1.4,0,0,1
FINNIFTY05MAR2418800PE.NFO,2024-02-07,09:52:00,2024-03-05,1.4,1.4,1.4,1.4,0,0,1
FINNIFTY05MAR2418800PE.NFO,2024-02-07,09:53:00,2024-03-05,1.4,1.4,1.4,1.4,0,0,1
FINNIFTY05MAR2418800PE.NFO,2024-02-07,09:54:00,2024-03-05,1.4,1.4,1.4,1.4,0,0,1
FINNIFTY05MAR2418800PE.NFO,2024-02-07,09:55:00,2024-03-05,1.4,1.4,1.4,1.4,0,0,1
FINNIFTY05MAR2418800PE.NFO,2024-02-07,09:56:00,2024-03-05,1.4,1.4,1.4,1.4,0,0,1
FINNIFTY05MAR2418800PE.NFO,2024-02-07,09:57:00,2024-03-05,1.4,1.4,1.4,1.4,0,0,1
FINNIFTY05MAR2418800PE.NFO,2024-02-07,09:58:00,2024-03-05,1.4,1.4,1.4,1.4,0,0,1
FINNIFTY05MAR2418800PE.NFO,2024-02-07,09:59:00,2024-03-05,1.4,1.4,1.4,1.4,0,0,1
FINNIFTY05MAR2418800PE.NFO,2024-02-07,10:00:00,2024-03-05,1.4,1.4,1.4,1.4,0,0,1
FINNIFTY05MAR2418800PE.NFO,2024-02-07,10:01:00,2024-03-05,1.4,1.4,1.4,1.4,0,0,1
FINNIFTY05MAR2418800PE.NFO,2024-02-07,10:02:00,2024-03-05,1.4,1.4,1.4,1.4,0,0,1
FINNIFTY05MAR2418800PE.NFO,2024-02-07,10:03:00,2024-03-05,1.4,1.4,1.4,1.4,0,0,1
FINNIFTY05MAR2418800PE.NFO,2024-02-07,10:04:00,2024-03-05,1.4,1.4,1.4,1.4,0,0,1
FINNIFTY05MAR2418800PE.NFO,2024-02-07,10:05:00,2024-03-05,1.4,1.4,1.4,1.4,0,0,1
FINNIFTY05MAR2418800PE.NFO,2024-02-07,10:06:00,2024-03-05,1.4,1.4,1.4,1.4,0,0,1
FINNIFTY05MAR2418800PE.NFO,2024-02-07,10:07:00,2024-03-05,1.4,1.4,1.4,1.4,0,0,1
FINNIFTY05MAR2418800PE.NFO,2024-02-07,10:08:00,2024-03-05,1.4,1.4,1.4,1.4,0,0,1
FINNIFTY05MAR2418800PE.NFO,2024-02-07,10:09:00,2024-03-05,1.4,1.4,1.4,1.4,0,0,1
FINNIFTY05MAR2418800PE.NFO,2024-02-07,10:10:00,2024-03-05,1.4,1.4,1.4,1.4,0,0,1
FINNIFTY05MAR2418800PE.NFO,2024-02-07,10:11:00,2024-03-05,1.4,1.4,1.4,1.4,0,0,1
FINNIFTY05MAR2418800PE.NFO,2024-02-07,10:12:00,2024-03-05,1.4,1.4,1.4,1.4,0,0,1
FINNIFTY05MAR2418800PE.NFO,2024-02-07,10:13:00,2024-03-05,1.4,1.4,1.4,1.4,0,0,1
FINNIFTY05MAR2418800PE.NFO,2024-02-07,10:14:00,2024-03-05,1.4,1.4,1.4,1.4,0,0,1
FINNIFTY05MAR2418800PE.NFO,2024-02-07,10:15:00,2024-03-05,1.4,1.4,1.4,1.4,0,0,1
FINNIFTY05MAR2418800PE.NFO,2024-02-07,10:16:00,2024-03-05,1.4,1.4,1.4,1.4,0,0,1
FINNIFTY05MAR2418800PE.NFO,2024-02-07,10:17:00,2024-03-05,1.4,1.4,1.4,1.4,0,0,1
FINNIFTY05MAR2418800PE.NFO,2024-02-07,10:18:00,2024-03-05,1.4,1.4,1.4,1.4,0,0,1
FINNIFTY05MAR2418800PE.NFO,2024-02-07,10:19:00,2024-03-05,1.4,1.4,1.4,1.4,0,0,1
FINNIFTY05MAR2418800PE.NFO,2024-02-07,10:20:00,2024-03-05,1.4,1.4,1.4,1.4,0,0,1
FINNIFTY05MAR2418800PE.NFO,2024-02-07,10:21:00,2024-03-05,1.4,1.4,1.4,1.4,0,0,1
FINNIFTY05MAR2418800PE.NFO,2024-02-07,10:22:00,2024-03-05,1.4,1.4,1.4,1.4,0,0,1
FINNIFTY05MAR2418800PE.NFO,2024-02-07,10:23:00,2024-03-05,1.4,1.4,1.4,1.4,0,0,1
FINNIFTY05MAR2418800PE.NFO,2024-02-07,10:24:00,2024-03-05,1.4,1.4,1.4,1.4,0,0,1
FINNIFTY05MAR2418800PE.NFO,2024-02-07,10:25:00,2024-03-05,1.4,1.4,1.4,1.4,0,0,1
FINNIFTY05MAR2418800PE.NFO,2024-02-07,10:26:00,2024-03-05,1.4,1.4,1.4,1.4,0,0,1
FINNIFTY05MAR2418800PE.NFO,2024-02-07,10:27:00,2024-03-05,1.4,1.4,1.4,1.4,0,0,1
FINNIFTY05MAR2418800PE.NFO,2024-02-07,10:28:00,2024-03-05,1.4,1.4,1.4,1.4,0,0,1
FINNIFTY05MAR2418800PE.NFO,2024-02-07,10:29:00,2024-03-05,1.4,1.4,1.4,1.4,0,0,1
FINNIFTY05MAR2418800PE.NFO,2024-02-07,10:30:00,2024-03-05,1.4,1.4,1.4,1.4,0,0,1
FINNIFTY05MAR2418800PE.NFO,2024-02-07,10:31:00,2024-03-05,1.4,1.4,1.4,1.4,0,0,1
FINNIFTY05MAR2418800PE.NFO,2024-02-07,10:32:00,2024-03-05,1.4,1.4,1.4,1.4,0,0,1
FINNIFTY05MAR2418800PE.NFO,2024-02-07,10:33:00,2024-03-05,1.4,1.4,1.4,1.4,0,0,1
FINNIFTY05MAR2418800PE.NFO,2024-02-07,10:34:00,2024-03-05,1.4,1.4,1.4,1.4,0,0,1
FINNIFTY05MAR2418800PE.NFO,2024-02-07,10:35:00,2024-03-05,1.4,1.4,1.4,1.4,0,0,1
FINNIFTY05MAR2418800PE.NFO,2024-02-07,10:36:00,2024-03-05,1.4,1.4,1.4,1.4,0,0,1
FINNIFTY05MAR2418800PE.NFO,2024-02-07,10:37:00,2024-03-05,1.4,1.4,1.4,1.4,0,0,1
FINNIFTY05MAR2418800PE.NFO,2024-02-07,10:38:00,2024-03-05,1.4,1.4,1.4,1.4,0,0,1
FINNIFTY05MAR2418800PE.NFO,2024-02-07,10:39:00,2024-03-05,1.4,1.4,1.4,1.4,0,0,1
FINNIFTY05MAR2418800PE.NFO,2024-02-07,10:40:00,2024-03-05,1.4,1.4,1.4,1.4,0,0,1
FINNIFTY05MAR2418800PE.NFO,2024-02-07,10:41:00,2024-03-05,1.4,1.4,1.4,1.4,0,0,1
FINNIFTY05MAR2418800PE.NFO,2024-02-07,10:42:00,2024-03-05,1.4,1.4,1.4,1.4,0,0,1
FINNIFTY05MAR2418800PE.NFO,2024-02-07,10:43:00,2024-03-05,1.4,1.4,1.4,1.4,0,0,1
FINNIFTY05MAR2418800PE.NFO,2024-02-07,10:44:00,2024-03-05,1.4,1.4,1.4,1.4,0,0,1
FINNIFTY05MAR2418800PE.NFO,2024-02-07,10:45:00,2024-03-05,1.4,1.4,1.4,1.4,0,0,1
FINNIFTY05MAR2418800PE.NFO,2024-02-07,10:46:00,2024-03-05,1.4,1.4,1.4,1.4,0,0,1
FINNIFTY05MAR2418800PE.NFO,2024-02-07,10:47:00,2024-03-05,1.4,1.4,1.4,1.4,0,0,1
FINNIFTY05MAR2418800PE.NFO,2024-02-07,10:48:00,2024-03-05,1.4,1.4,1.4,1.4,0,0,1
FINNIFTY05MAR2418800PE.NFO,2024-02-07,10:49:00,2024-03-05,1.4,1.4,1.4,1.4,0,0,1
FINNIFTY05MAR2418800PE.NFO,2024-02-07,10:50:00,2024-03-05,1.4,1.4,1.4,1.4,0,0,1
FINNIFTY05MAR2418800PE.NFO,2024-02-07,10:51:00,2024-03-05,1.4,1.4,1.4,1.4,0,0,1
FINNIFTY05MAR2418800PE.NFO,2024-02-07,10:52:00,2024-03-05,1.4,1.4,1.4,1.4,0,0,1
FINNIFTY05MAR2418800PE.NFO,2024-02-07,10:53:00,2024-03-05,1.4,1.4,1.4,1.4,0,0,1
FINNIFTY05MAR2418800PE.NFO,2024-02-07,10:54:00,2024-03-05,1.4,1.4,1.4,1.4,0,0,1
FINNIFTY05MAR2418800PE.NFO,2024-02-07,10:55:00,2024-03-05,1.4,1.4,1.4,1.4,0,0,1
FINNIFTY05MAR2418800PE.NFO,2024-02-07,10:56:00,2024-03-05,1.4,1.4,1.4,1.4,0,0,1
FINNIFTY05MAR2418800PE.NFO,2024-02-07,10:57:00,2024-03-05,1.4,1.4,1.4,1.4,0,0,1
FINNIFTY05MAR2418800PE.NFO,2024-02-07,10:58:00,2024-03-05,1.4,1.4,1.4,1.4,0,0,1
FINNIFTY05MAR2418800PE.NFO,2024-02-07,10:59:00,2024-03-05,1.4,1.4,1.4,1.4,0,0,1
FINNIFTY05MAR2418800PE.NFO,2024-02-07,11:00:00,2024-03-05,1.4,1.4,1.4,1.4,0,0,1
FINNIFTY05MAR2418800PE.NFO,2024-02-07,11:01:00,2024-03-05,1.4,1.4,1.4,1.4,0,0,1
FINNIFTY05MAR2418800PE.NFO,2024-02-07,11:02:00,2024-03-05,1.4,1.4,1.4,1.4,0,0,1
FINNIFTY05MAR2418800PE.NFO,2024-02-07,11:03:00,2024-03-05,1.4,1.4,1.4,1.4,0,0,1
FINNIFTY05MAR2418800PE.NFO,2024-02-07,11:04:00,2024-03-05,1.4,1.4,1.4,1.4,0,0,1
FINNIFTY05MAR2418800PE.NFO,2024-02-07,11:05:00,2024-03-05,1.4,1.4,1.4,1.4,0,0,1
FINNIFTY05MAR2418800PE.NFO,2024-02-07,11:06:00,2024-03-05,1.4,1.4,1.4,1.4,0,0,1
FINNIFTY05MAR2418800PE.NFO,2024-02-07,11:07:00,2024-03-05,1.4,1.4,1.4,1.4,0,0,1
FINNIFTY05MAR2418800PE.NFO,2024-02-07,11:08:00,2024-03-05,1.4,1.4,1.4,1.4,0,0,1
FINNIFTY05MAR2418800PE.NFO,2024-02-07,11:09:00,2024-03-05,1.4,1.4,1.4,1.4,0,0,1
FINNIFTY05MAR2418800PE.NFO,2024-02-07,11:10:00,2024-03-05,1.4,1.4,1.4,1.4,0,0,1
FINNIFTY05MAR2418800PE.NFO,2024-02-07,11:11:00,2024-03-05,1.4,1.4,1.4,1.4,0,0,1
FINNIFTY05MAR2418800PE.NFO,2024-02-07,11:12:00,2024-03-05,1.4,1.4,1.4,1.4,0,0,1
FINNIFTY05MAR2418800PE.NFO,2024-02-07,11:13:00,2024-03-05,1.4,1.4,1.4,1.4,0,0,1
FINNIFTY05MAR2418800PE.NFO,2024-02-07,11:14:00,2024-03-05,1.4,1.4,1.4,1.4,0,0,1
FINNIFTY05MAR2418800PE.NFO,2024-02-07,11:15:00,2024-03-05,1.4,1.4,1.4,1.4,0,0,1
FINNIFTY05MAR2418800PE.NFO,2024-02-07,11:16:00,2024-03-05,1.4,1.4,1.4,1.4,0,0,1
FINNIFTY05MAR2418800PE.NFO,2024-02-07,11:17:00,2024-03-05,1.4,1.4,1.4,1.4,0,0,1
FINNIFTY05MAR2418800PE.NFO,2024-02-07,11:18:00,2024-03-05,1.4,1.4,1.4,1.4,0,0,1
FINNIFTY05MAR2418800PE.NFO,2024-02-07,11:19:00,2024-03-05,1.4,1.4,1.4,1.4,0,0,1
FINNIFTY05MAR2418800PE.NFO,2024-02-07,11:20:00,2024-03-05,1.4,1.4,1.4,1.4,0,0,1
FINNIFTY05MAR2418800PE.NFO,2024-02-07,11:21:00,2024-03-05,1.4,1.4,1.4,1.4,0,0,1
FINNIFTY05MAR2418800PE.NFO,2024-02-07,11:22:00,2024-03-05,1.4,1.4,1.4,1.4,0,0,1
FINNIFTY05MAR2418800PE.NFO,2024-02-07,11:23:00,2024-03-05,1.4,1.4,1.4,1.4,0,0,1
FINNIFTY05MAR2418800PE.NFO,2024-02-07,11:24:00,2024-03-05,1.4,1.4,1.4,1.4,0,0,1
FINNIFTY05MAR2418800PE.NFO,2024-02-07,11:25:00,2024-03-05,1.4,1.4,1.4,1.4,0,0,1
FINNIFTY05MAR2418800PE.NFO,2024-02-07,11:26:00,2024-03-05,1.4,1.4,1.4,1.4,0,0,1
FINNIFTY05MAR2418800PE.NFO,2024-02-07,11:27:00,2024-03-05,1.4,1.4,1.4,1.4,0,0,1
FINNIFTY05MAR2418800PE.NFO,2024-02-07,11:28:00,2024-03-05,1.4,1.4,1.4,1.4,0,0,1
FINNIFTY05MAR2418800PE.NFO,2024-02-07,11:29:00,2024-03-05,1.4,1.4,1.4,1.4,0,0,1
FINNIFTY05MAR2418800PE.NFO,2024-02-07,11:30:00,2024-03-05,1.4,1.4,1.4,1.4,0,0,1
FINNIFTY05MAR2418800PE.NFO,2024-02-07,11:31:00,2024-03-05,1.4,1.4,1.4,1.4,0,0,1
FINNIFTY05MAR2418800PE.NFO,2024-02-07,11:32:00,2024-03-05,1.4,1.4,1.4,1.4,0,0,1
FINNIFTY05MAR2418800PE.NFO,2024-02-07,11:33:00,2024-03-05,1.4,1.4,1.4,1.4,0,0,1
FINNIFTY05MAR2418800PE.NFO,2024-02-07,11:34:00,2024-03-05,1.4,1.4,1.4,1.4,0,0,1
FINNIFTY05MAR2418800PE.NFO,2024-02-07,11:35:00,2024-03-05,1.4,1.4,1.4,1.4,0,0,1
FINNIFTY05MAR2418800PE.NFO,2024-02-07,11:36:00,2024-03-05,1.4,1.4,1.4,1.4,0,0,1
FINNIFTY05MAR2418800PE.NFO,2024-02-07,11:37:00,2024-03-05,1.4,1.4,1.4,1.4,0,0,1
FINNIFTY05MAR2418800PE.NFO,2024-02-07,11:38:00,2024-03-05,1.4,1.4,1.4,1.4,0,0,1
FINNIFTY05MAR2418800PE.NFO,2024-02-07,11:39:00,2024-03-05,1.4,1.4,1.4,1.4,0,0,1
FINNIFTY05MAR2418800PE.NFO,2024-02-07,11:40:00,2024-03-05,1.4,1.4,1.4,1.4,0,0,1
FINNIFTY05MAR2418800PE.NFO,2024-02-07,11:41:00,2024-03-05,1.4,1.4,1.4,1.4,0,0,1
FINNIFTY05MAR2418800PE.NFO,2024-02-07,11:42:00,2024-03-05,1.4,1.4,1.4,1.4,0,0,1
FINNIFTY05MAR2418800PE.NFO,2024-02-07,11:43:00,2024-03-05,1.4,1.4,1.4,1.4,0,0,1
FINNIFTY05MAR2418800PE.NFO,2024-02-07,11:44:00,2024-03-05,1.4,1.4,1.4,1.4,0,0,1
FINNIFTY05MAR2418800PE.NFO,2024-02-07,11:45:00,2024-03-05,1.4,1.4,1.4,1.4,0,0,1
FINNIFTY05MAR2418800PE.NFO,2024-02-07,11:46:00,2024-03-05,1.4,1.4,1.4,1.4,0,0,1
FINNIFTY05MAR2418800PE.NFO,2024-02-07,11:47:00,2024-03-05,1.4,1.4,1.4,1.4,0,0,1
FINNIFTY05MAR2418800PE.NFO,2024-02-07,11:48:00,2024-03-05,1.4,1.4,1.4,1.4,0,0,1
FINNIFTY05MAR2418800PE.NFO,2024-02-07,11:49:00,2024-03-05,1.4,1.4,1.4,1.4,0,0,1
FINNIFTY05MAR2418800PE.NFO,2024-02-07,11:50:00,2024-03-05,1.4,1.4,1.4,1.4,0,0,1
FINNIFTY05MAR2418800PE.NFO,2024-02-07,11:51:00,2024-03-05,1.4,1.4,1.4,1.4,0,0,1
FINNIFTY05MAR2418800PE.NFO,2024-02-07,11:52:00,2024-03-05,1.4,1.4,1.4,1.4,0,0,1
FINNIFTY05MAR2418800PE.NFO,2024-02-07,11:53:00,2024-03-05,1.4,1.4,1.4,1.4,0,0,1
FINNIFTY05MAR2418800PE.NFO,2024-02-07,11:54:00,2024-03-05,1.4,1.4,1.4,1.4,0,0,1
FINNIFTY05MAR2418800PE.NFO,2024-02-07,11:55:00,2024-03-05,1.4,1.4,1.4,1.4,0,0,1
FINNIFTY05MAR2418800PE.NFO,2024-02-07,11:56:00,2024-03-05,1.4,1.4,1.4,1.4,0,0,1
FINNIFTY05MAR2418800PE.NFO,2024-02-07,11:57:00,2024-03-05,1.4,1.4,1.4,1.4,0,0,1
FINNIFTY05MAR2418800PE.NFO,2024-02-07,11:58:00,2024-03-05,1.4,1.4,1.4,1.4,0,0,1
FINNIFTY05MAR2418800PE.NFO,2024-02-07,11:59:00,2024-03-05,1.4,1.4,1.4,1.4,0,0,1
FINNIFTY05MAR2418800PE.NFO,2024-02-07,12:00:00,2024-03-05,1.4,1.4,1.4,1.4,0,0,1
FINNIFTY05MAR2418800PE.NFO,2024-02-07,12:01:00,2024-03-05,1.4,1.4,1.4,1.4,0,0,1
FINNIFTY05MAR2418800PE.NFO,2024-02-07,12:02:00,2024-03-05,1.4,1.4,1.4,1.4,0,0,1
FINNIFTY05MAR2418800PE.NFO,2024-02-07,12:03:00,2024-03-05,1.4,1.4,1.4,1.4,0,0,1
FINNIFTY05MAR2418800PE.NFO,2024-02-07,12:04:00,2024-03-05,1.4,1.4,1.4,1.4,0,0,1
FINNIFTY05MAR2418800PE.NFO,2024-02-07,12:05:00,2024-03-05,1.4,1.4,1.4,1.4,0,0,1
FINNIFTY05MAR2418800PE.NFO,2024-02-07,12:06:00,2024-03-05,1.4,1.4,1.4,1.4,0,0,1
FINNIFTY05MAR2418800PE.NFO,2024-02-07,12:07:00,2024-03-05,1.4,1.4,1.4,1.4,0,0,1
FINNIFTY05MAR2418800PE.NFO,2024-02-07,12:08:00,2024-03-05,1.4,1.4,1.4,1.4,0,0,1
FINNIFTY05MAR2418800PE.NFO,2024-02-07,12:09:00,2024-03-05,1.4,1.4,1.4,1.4,0,0,1
FINNIFTY05MAR2418800PE.NFO,2024-02-07,12:10:00,2024-03-05,1.4,1.4,1.4,1.4,0,0,1
FINNIFTY05MAR2418800PE.NFO,2024-02-07,12:11:00,2024-03-05,1.4,1.4,1.4,1.4,0,0,1
FINNIFTY05MAR2418800PE.NFO,2024-02-07,12:12:00,2024-03-05,1.4,1.4,1.4,1.4,0,0,1
FINNIFTY05MAR2418800PE.NFO,2024-02-07,12:13:00,2024-03-05,1.4,1.4,1.4,1.4,0,0,1
FINNIFTY05MAR2418800PE.NFO,2024-02-07,12:14:00,2024-03-05,1.4,1.4,1.4,1.4,0,0,1
FINNIFTY05MAR2418800PE.NFO,2024-02-07,12:15:00,2024-03-05,1.4,1.4,1.4,1.4,0,0,1
FINNIFTY05MAR2418800PE.NFO,2024-02-07,12:16:00,2024-03-05,1.4,1.4,1.4,1.4,0,0,1
FINNIFTY05MAR2418800PE.NFO,2024-02-07,12:17:00,2024-03-05,1.4,1.4,1.4,1.4,0,0,1
FINNIFTY05MAR2418800PE.NFO,2024-02-07,12:18:00,2024-03-05,1.4,1.4,1.4,1.4,0,0,1
FINNIFTY05MAR2418800PE.NFO,2024-02-07,12:19:00,2024-03-05,1.4,1.4,1.4,1.4,0,0,1
FINNIFTY05MAR2418800PE.NFO,2024-02-07,12:20:00,2024-03-05,1.4,1.4,1.4,1.4,0,0,1
FINNIFTY05MAR2418800PE.NFO,2024-02-07,12:21:00,2024-03-05,1.4,1.4,1.4,1.4,0,0,1
FINNIFTY05MAR2418800PE.NFO,2024-02-07,12:22:00,2024-03-05,1.4,1.4,1.4,1.4,0,0,1
FINNIFTY05MAR2418800PE.NFO,2024-02-07,12:23:00,2024-03-05,1.4,1.4,1.4,1.4,0,0,1
FINNIFTY05MAR2418800PE.NFO,2024-02-07,12:24:00,2024-03-05,1.4,1.4,1.4,1.4,0,0,1
FINNIFTY05MAR2418800PE.NFO,2024-02-07,12:25:00,2024-03-05,1.4,1.4,1.4,1.4,0,0,1
FINNIFTY05MAR2418800PE.NFO,2024-02-07,12:26:00,2024-03-05,1.4,1.4,1.4,1.4,0,0,1
FINNIFTY05MAR2418800PE.NFO,2024-02-07,12:27:00,2024-03-05,1.4,1.4,1.4,1.4,0,0,1
FINNIFTY05MAR2418800PE.NFO,2024-02-07,12:28:00,2024-03-05,1.4,1.4,1.4,1.4,0,0,1
FINNIFTY05MAR2418800PE.NFO,2024-02-07,12:29:00,2024-03-05,1.4,1.4,1.4,1.4,0,0,1
FINNIFTY05MAR2418800PE.NFO,2024-02-07,12:30:00,2024-03-05,1.4,1.4,1.4,1.4,0,0,1
FINNIFTY05MAR2418800PE.NFO,2024-02-07,12:31:00,2024-03-05,1.4,1.4,1.4,1.4,0,0,1
FINNIFTY05MAR2418800PE.NFO,2024-02-07,12:32:00,2024-03-05,1.4,1.4,1.4,1.4,0,0,1
FINNIFTY05MAR2418800PE.NFO,2024-02-07,12:33:00,2024-03-05,1.4,1.4,1.4,1.4,0,0,1
FINNIFTY05MAR2418800PE.NFO,2024-02-07,12:34:00,2024-03-05,1.4,1.4,1.4,1.4,0,0,1
FINNIFTY05MAR2418800PE.NFO,2024-02-07,12:35:00,2024-03-05,1.4,1.4,1.4,1.4,0,0,1
FINNIFTY05MAR2418800PE.NFO,2024-02-07,12:36:00,2024-03-05,1.4,1.4,1.4,1.4,0,0,1
FINNIFTY05MAR2418800PE.NFO,2024-02-07,12:37:00,2024-03-05,1.4,1.4,1.4,1.4,0,0,1
FINNIFTY05MAR2418800PE.NFO,2024-02-07,12:38:00,2024-03-05,1.4,1.4,1.4,1.4,0,0,1
FINNIFTY05MAR2418800PE.NFO,2024-02-07,12:39:00,2024-03-05,1.4,1.4,1.4,1.4,0,0,1
FINNIFTY05MAR2418800PE.NFO,2024-02-07,12:40:00,2024-03-05,1.4,1.4,1.4,1.4,0,0,1
FINNIFTY05MAR2418800PE.NFO,2024-02-07,12:41:00,2024-03-05,1.4,1.4,1.4,1.4,0,0,1
FINNIFTY05MAR2418800PE.NFO,2024-02-07,12:42:00,2024-03-05,1.4,1.4,1.4,1.4,0,0,1
FINNIFTY05MAR2418800PE.NFO,2024-02-07,12:43:00,2024-03-05,1.4,1.4,1.4,1.4,0,0,1
FINNIFTY05MAR2418800PE.NFO,2024-02-07,12:44:00,2024-03-05,1.4,1.4,1.4,1.4,0,0,1
FINNIFTY05MAR2418800PE.NFO,2024-02-07,12:45:00,2024-03-05,1.4,1.4,1.4,1.4,0,0,1
FINNIFTY05MAR2418800PE.NFO,2024-02-07,12:46:00,2024-03-05,1.4,1.4,1.4,1.4,0,0,1
FINNIFTY05MAR2418800PE.NFO,2024-02-07,12:47:00,2024-03-05,1.4,1.4,1.4,1.4,0,0,1
FINNIFTY05MAR2418800PE.NFO,2024-02-07,12:48:00,2024-03-05,1.4,1.4,1.4,1.4,0,0,1
FINNIFTY05MAR2418800PE.NFO,2024-02-07,12:49:00,2024-03-05,1.4,1.4,1.4,1.4,0,0,1
FINNIFTY05MAR2418800PE.NFO,2024-02-07,12:50:00,2024-03-05,1.4,1.4,1.4,1.4,0,0,1
FINNIFTY05MAR2418800PE.NFO,2024-02-07,12:51:00,2024-03-05,1.4,1.4,1.4,1.4,0,0,1
FINNIFTY05MAR2418800PE.NFO,2024-02-07,12:52:00,2024-03-05,1.4,1.4,1.4,1.4,0,0,1
FINNIFTY05MAR2418800PE.NFO,2024-02-07,12:53:00,2024-03-05,1.4,1.4,1.4,1.4,0,0,1
FINNIFTY05MAR2418800PE.NFO,2024-02-07,12:54:00,2024-03-05,1.4,1.4,1.4,1.4,0,0,1
FINNIFTY05MAR2418800PE.NFO,2024-02-07,12:55:00,2024-03-05,1.4,1.4,1.4,1.4,0,0,1
FINNIFTY05MAR2418800PE.NFO,2024-02-07,12:56:00,2024-03-05,1.4,1.4,1.4,1.4,0,0,1
FINNIFTY05MAR2418800PE.NFO,2024-02-07,12:57:00,2024-03-05,1.4,1.4,1.4,1.4,0,0,1
FINNIFTY05MAR2418800PE.NFO,2024-02-07,12:58:00,2024-03-05,1.4,1.4,1.4,1.4,0,0,1
FINNIFTY05MAR2418800PE.NFO,2024-02-07,12:59:00,2024-03-05,1.4,1.4,1.4,1.4,0,0,1
FINNIFTY05MAR2418800PE.NFO,2024-02-07,13:00:00,2024-03-05,1.4,1.4,1.4,1.4,0,0,1
FINNIFTY05MAR2418800PE.NFO,2024-02-07,13:01:00,2024-03-05,1.4,1.4,1.4,1.4,0,0,1
FINNIFTY05MAR2418800PE.NFO,2024-02-07,13:02:00,2024-03-05,1.4,1.4,1.4,1.4,0,0,1
FINNIFTY05MAR2418800PE.NFO,2024-02-07,13:03:00,2024-03-05,1.4,1.4,1.4,1.4,0,0,1
FINNIFTY05MAR2418800PE.NFO,2024-02-07,13:04:00,2024-03-05,1.4,1.4,1.4,1.4,0,0,1
FINNIFTY05MAR2418800PE.NFO,2024-02-07,13:05:00,2024-03-05,1.4,1.4,1.4,1.4,0,0,1
FINNIFTY05MAR2418800PE.NFO,2024-02-07,13:06:00,2024-03-05,1.4,1.4,1.4,1.4,0,0,1
FINNIFTY05MAR2418800PE.NFO,2024-02-07,13:07:00,2024-03-05,1.4,1.4,1.4,1.4,0,0,1
FINNIFTY05MAR2418800PE.NFO,2024-02-07,13:08:00,2024-03-05,1.4,1.4,1.4,1.4,0,0,1
FINNIFTY05MAR2418800PE.NFO,2024-02-07,13:09:00,2024-03-05,1.4,1.4,1.4,1.4,0,0,1
FINNIFTY05MAR2418800PE.NFO,2024-02-07,13:10:00,2024-03-05,1.4,1.4,1.4,1.4,0,0,1
FINNIFTY05MAR2418800PE.NFO,2024-02-07,13:11:00,2024-03-05,1.4,1.4,1.4,1.4,0,0,1
FINNIFTY05MAR2418800PE.NFO,2024-02-07,13:12:00,2024-03-05,1.4,1.4,1.4,1.4,0,0,1
FINNIFTY05MAR2418800PE.NFO,2024-02-07,13:13:00,2024-03-05,1.4,1.4,1.4,1.4,0,0,1
FINNIFTY05MAR2418800PE.NFO,2024-02-07,13:14:00,2024-03-05,1.4,1.4,1.4,1.4,0,0,1
FINNIFTY05MAR2418800PE.NFO,2024-02-07,13:15:00,2024-03-05,1.4,1.4,1.4,1.4,0,0,1
FINNIFTY05MAR2418800PE.NFO,2024-02-07,13:16:00,2024-03-05,1.4,1.4,1.4,1.4,0,0,1
FINNIFTY05MAR2418800PE.NFO,2024-02-07,13:17:00,2024-03-05,1.4,1.4,1.4,1.4,0,0,1
FINNIFTY05MAR2418800PE.NFO,2024-02-07,13:18:00,2024-03-05,1.4,1.4,1.4,1.4,0,0,1
FINNIFTY05MAR2418800PE.NFO,2024-02-07,13:19:00,2024-03-05,1.4,1.4,1.4,1.4,0,0,1
FINNIFTY05MAR2418800PE.NFO,2024-02-07,13:20:00,2024-03-05,1.4,1.4,1.4,1.4,0,0,1
FINNIFTY05MAR2418800PE.NFO,2024-02-07,13:21:00,2024-03-05,1.4,1.4,1.4,1.4,0,0,1
FINNIFTY05MAR2418800PE.NFO,2024-02-07,13:22:00,2024-03-05,1.4,1.4,1.4,1.4,0,0,1
FINNIFTY05MAR2418800PE.NFO,2024-02-07,13:23:00,2024-03-05,1.4,1.4,1.4,1.4,0,0,1
FINNIFTY05MAR2418800PE.NFO,2024-02-07,13:24:00,2024-03-05,1.4,1.4,1.4,1.4,0,0,1
FINNIFTY05MAR2418800PE.NFO,2024-02-07,13:25:00,2024-03-05,1.4,1.4,1.4,1.4,0,0,1
FINNIFTY05MAR2418800PE.NFO,2024-02-07,13:26:00,2024-03-05,1.4,1.4,1.4,1.4,0,0,1
FINNIFTY05MAR2418800PE.NFO,2024-02-07,13:27:00,2024-03-05,1.4,1.4,1.4,1.4,0,0,1
FINNIFTY05MAR2418800PE.NFO,2024-02-07,13:28:00,2024-03-05,1.4,1.4,1.4,1.4,0,0,1
FINNIFTY05MAR2418800PE.NFO,2024-02-07,13:29:00,2024-03-05,1.4,1.4,1.4,1.4,0,0,1
FINNIFTY05MAR2418800PE.NFO,2024-02-07,13:30:00,2024-03-05,1.4,1.4,1.4,1.4,0,0,1
FINNIFTY05MAR2418800PE.NFO,2024-02-07,13:31:00,2024-03-05,1.4,1.4,1.4,1.4,0,0,1
FINNIFTY05MAR2418800PE.NFO,2024-02-07,13:32:00,2024-03-05,1.4,1.4,1.4,1.4,0,0,1
FINNIFTY05MAR2418800PE.NFO,2024-02-07,13:33:00,2024-03-05,1.4,1.4,1.4,1.4,0,0,1
FINNIFTY05MAR2418800PE.NFO,2024-02-07,13:34:00,2024-03-05,1.4,1.4,1.4,1.4,0,0,1
FINNIFTY05MAR2418800PE.NFO,2024-02-07,13:35:00,2024-03-05,1.4,1.4,1.4,1.4,0,0,1
FINNIFTY05MAR2418800PE.NFO,2024-02-07,13:36:00,2024-03-05,1.4,1.4,1.4,1.4,0,0,1
FINNIFTY05MAR2418800PE.NFO,2024-02-07,13:37:00,2024-03-05,1.4,1.4,1.4,1.4,0,0,1
FINNIFTY05MAR2418800PE.NFO,2024-02-07,13:38:00,2024-03-05,1.4,1.4,1.4,1.4,0,0,1
FINNIFTY05MAR2418800PE.NFO,2024-02-07,13:39:00,2024-03-05,1.4,1.4,1.4,1.4,0,0,1
FINNIFTY05MAR2418800PE.NFO,2024-02-07,13:40:00,2024-03-05,1.4,1.4,1.4,1.4,0,0,1
FINNIFTY05MAR2418800PE.NFO,2024-02-07,13:41:00,2024-03-05,1.4,1.4,1.4,1.4,0,0,1
FINNIFTY05MAR2418800PE.NFO,2024-02-07,13:42:00,2024-03-05,1.4,1.4,1.4,1.4,0,0,1
FINNIFTY05MAR2418800PE.NFO,2024-02-07,13:43:00,2024-03-05,1.4,1.4,1.4,1.4,0,0,1
FINNIFTY05MAR2418800PE.NFO,2024-02-07,13:44:00,2024-03-05,1.4,1.4,1.4,1.4,0,0,1
FINNIFTY05MAR2418800PE.NFO,2024-02-07,13:45:00,2024-03-05,1.4,1.4,1.4,1.4,0,0,1
FINNIFTY05MAR2418800PE.NFO,2024-02-07,13:46:00,2024-03-05,1.4,1.4,1.4,1.4,0,0,1
FINNIFTY05MAR2418800PE.NFO,2024-02-07,13:47:00,2024-03-05,1.4,1.4,1.4,1.4,0,0,1
FINNIFTY05MAR2418800PE.NFO,2024-02-07,13:48:00,2024-03-05,1.4,1.4,1.4,1.4,0,0,1
FINNIFTY05MAR2418800PE.NFO,2024-02-07,13:49:00,2024-03-05,1.4,1.4,1.4,1.4,0,0,1
FINNIFTY05MAR2418800PE.NFO,2024-02-07,13:50:00,2024-03-05,1.4,1.4,1.4,1.4,0,0,1
FINNIFTY05MAR2418800PE.NFO,2024-02-07,13:51:00,2024-03-05,1.4,1.4,1.4,1.4,0,0,1
FINNIFTY05MAR2418800PE.NFO,2024-02-07,13:52:00,2024-03-05,1.4,1.4,1.4,1.4,0,0,1
FINNIFTY05MAR2418800PE.NFO,2024-02-07,13:53:00,2024-03-05,1.4,1.4,1.4,1.4,0,0,1
FINNIFTY05MAR2418800PE.NFO,2024-02-07,13:54:00,2024-03-05,1.4,1.4,1.4,1.4,0,0,1
FINNIFTY05MAR2418800PE.NFO,2024-02-07,13:55:00,2024-03-05,1.4,1.4,1.4,1.4,0,0,1
FINNIFTY05MAR2418800PE.NFO,2024-02-07,13:56:00,2024-03-05,1.4,1.4,1.4,1.4,0,0,1
FINNIFTY05MAR2418800PE.NFO,2024-02-07,13:57:00,2024-03-05,1.4,1.4,1.4,1.4,0,0,1
FINNIFTY05MAR2418800PE.NFO,2024-02-07,13:58:00,2024-03-05,1.4,1.4,1.4,1.4,0,0,1
FINNIFTY05MAR2418800PE.NFO,2024-02-07,13:59:00,2024-03-05,1.4,1.4,1.4,1.4,0,0,1
FINNIFTY05MAR2418800PE.NFO,2024-02-07,14:00:00,2024-03-05,1.4,1.4,1.4,1.4,0,0,1
FINNIFTY05MAR2418800PE.NFO,2024-02-07,14:01:00,2024-03-05,1.4,1.4,1.4,1.4,0,0,1
FINNIFTY05MAR2418800PE.NFO,2024-02-07,14:02:00,2024-03-05,1.4,1.4,1.4,1.4,0,0,1
FINNIFTY05MAR2418800PE.NFO,2024-02-07,14:03:00,2024-03-05,1.4,1.4,1.4,1.4,0,0,1
FINNIFTY05MAR2418800PE.NFO,2024-02-07,14:04:00,2024-03-05,1.4,1.4,1.4,1.4,0,0,1
FINNIFTY05MAR2418800PE.NFO,2024-02-07,14:05:00,2024-03-05,1.4,1.4,1.4,1.4,0,0,1
FINNIFTY05MAR2418800PE.NFO,2024-02-07,14:06:00,2024-03-05,1.4,1.4,1.4,1.4,0,0,1
FINNIFTY05MAR2418800PE.NFO,2024-02-07,14:07:00,2024-03-05,1.4,1.4,1.4,1.4,0,0,1
FINNIFTY05MAR2418800PE.NFO,2024-02-07,14:08:00,2024-03-05,1.4,1.4,1.4,1.4,0,0,1
FINNIFTY05MAR2418800PE.NFO,2024-02-07,14:09:00,2024-03-05,1.4,1.4,1.4,1.4,0,0,1
FINNIFTY05MAR2418800PE.NFO,2024-02-07,14:10:00,2024-03-05,1.4,1.4,1.4,1.4,0,0,1
FINNIFTY05MAR2418800PE.NFO,2024-02-07,14:11:00,2024-03-05,1.4,1.4,1.4,1.4,0,0,1
FINNIFTY05MAR2418800PE.NFO,2024-02-07,14:12:00,2024-03-05,1.4,1.4,1.4,1.4,0,0,1
FINNIFTY05MAR2418800PE.NFO,2024-02-07,14:13:00,2024-03-05,1.4,1.4,1.4,1.4,0,0,1
FINNIFTY05MAR2418800PE.NFO,2024-02-07,14:14:00,2024-03-05,1.4,1.4,1.4,1.4,0,0,1
FINNIFTY05MAR2418800PE.NFO,2024-02-07,14:15:00,2024-03-05,1.4,1.4,1.4,1.4,0,0,1
FINNIFTY05MAR2418800PE.NFO,2024-02-07,14:16:00,2024-03-05,1.4,1.4,1.4,1.4,0,0,1
FINNIFTY05MAR2418800PE.NFO,2024-02-07,14:17:00,2024-03-05,1.4,1.4,1.4,1.4,0,0,1
FINNIFTY05MAR2418800PE.NFO,2024-02-07,14:18:00,2024-03-05,1.4,1.4,1.4,1.4,0,0,1
FINNIFTY05MAR2418800PE.NFO,2024-02-07,14:19:00,2024-03-05,1.4,1.4,1.4,1.4,0,0,1
FINNIFTY05MAR2418800PE.NFO,2024-02-07,14:20:00,2024-03-05,1.4,1.4,1.4,1.4,0,0,1
FINNIFTY05MAR2418800PE.NFO,2024-02-07,14:21:00,2024-03-05,1.4,1.4,1.4,1.4,0,0,1
FINNIFTY05MAR2418800PE.NFO,2024-02-07,14:22:00,2024-03-05,1.4,1.4,1.4,1.4,0,0,1
FINNIFTY05MAR2418800PE.NFO,2024-02-07,14:23:00,2024-03-05,1.4,1.4,1.4,1.4,0,0,1
FINNIFTY05MAR2418800PE.NFO,2024-02-07,14:24:00,2024-03-05,1.4,1.4,1.4,1.4,0,0,1
FINNIFTY05MAR2418800PE.NFO,2024-02-07,14:25:00,2024-03-05,1.4,1.4,1.4,1.4,0,0,1
FINNIFTY05MAR2418800PE.NFO,2024-02-07,14:26:00,2024-03-05,1.4,1.4,1.4,1.4,0,0,1
FINNIFTY05MAR2418800PE.NFO,2024-02-07,14:27:00,2024-03-05,1.4,1.4,1.4,1.4,0,0,1
FINNIFTY05MAR2418800PE.NFO,2024-02-07,14:28:00,2024-03-05,1.4,1.4,1.4,1.4,0,0,1
FINNIFTY05MAR2418800PE.NFO,2024-02-07,14:29:00,2024-03-05,1.4,1.4,1.4,1.4,0,0,1
FINNIFTY05MAR2418800PE.NFO,2024-02-07,14:30:00,2024-03-05,1.4,1.4,1.4,1.4,0,0,1
FINNIFTY05MAR2418800PE.NFO,2024-02-07,14:31:00,2024-03-05,1.4,1.4,1.4,1.4,0,0,1
FINNIFTY05MAR2418800PE.NFO,2024-02-07,14:32:00,2024-03-05,1.4,1.4,1.4,1.4,0,0,1
FINNIFTY05MAR2418800PE.NFO,2024-02-07,14:33:00,2024-03-05,1.4,1.4,1.4,1.4,0,0,1
FINNIFTY05MAR2418800PE.NFO,2024-02-07,14:34:00,2024-03-05,1.4,1.4,1.4,1.4,0,0,1
FINNIFTY05MAR2418800PE.NFO,2024-02-07,14:35:00,2024-03-05,1.4,1.4,1.4,1.4,0,0,1
FINNIFTY05MAR2418800PE.NFO,2024-02-07,14:36:00,2024-03-05,1.4,1.4,1.4,1.4,0,0,1
FINNIFTY05MAR2418800PE.NFO,2024-02-07,14:37:00,2024-03-05,1.4,1.4,1.4,1.4,0,0,1
FINNIFTY05MAR2418800PE.NFO,2024-02-07,14:38:00,2024-03-05,1.4,1.4,1.4,1.4,0,0,1
FINNIFTY05MAR2418800PE.NFO,2024-02-07,14:39:00,2024-03-05,1.4,1.4,1.4,1.4,0,0,1
FINNIFTY05MAR2418800PE.NFO,2024-02-07,14:40:00,2024-03-05,1.4,1.4,1.4,1.4,0,0,1
FINNIFTY05MAR2418800PE.NFO,2024-02-07,14:41:00,2024-03-05,1.4,1.4,1.4,1.4,0,0,1
FINNIFTY05MAR2418800PE.NFO,2024-02-07,14:42:00,2024-03-05,1.4,1.4,1.4,1.4,0,0,1
FINNIFTY05MAR2418800PE.NFO,2024-02-07,14:43:00,2024-03-05,1.4,1.4,1.4,1.4,0,0,1
FINNIFTY05MAR2418800PE.NFO,2024-02-07,14:44:00,2024-03-05,1.4,1.4,1.4,1.4,0,0,1
FINNIFTY05MAR2418800PE.NFO,2024-02-07,14:45:00,2024-03-05,1.4,1.4,1.4,1.4,0,0,1
FINNIFTY05MAR2418800PE.NFO,2024-02-07,14:46:00,2024-03-05,1.4,1.4,1.4,1.4,0,0,1
FINNIFTY05MAR2418800PE.NFO,2024-02-07,14:47:00,2024-03-05,1.4,1.4,1.4,1.4,0,0,1
FINNIFTY05MAR2418800PE.NFO,2024-02-07,14:48:00,2024-03-05,1.4,1.4,1.4,1.4,0,0,1
FINNIFTY05MAR2418800PE.NFO,2024-02-07,14:49:00,2024-03-05,1.4,1.4,1.4,1.4,0,0,1
FINNIFTY05MAR2418800PE.NFO,2024-02-07,14:50:00,2024-03-05,1.4,1.4,1.4,1.4,0,0,1
FINNIFTY05MAR2418800PE.NFO,2024-02-07,14:51:00,2024-03-05,1.4,1.4,1.4,1.4,0,0,1
FINNIFTY05MAR2418800PE.NFO,2024-02-07,14:52:00,2024-03-05,1.4,1.4,1.4,1.4,0,0,1
FINNIFTY05MAR2418800PE.NFO,2024-02-07,14:53:00,2024-03-05,1.4,1.4,1.4,1.4,0,0,1
FINNIFTY05MAR2418800PE.NFO,2024-02-07,14:54:00,2024-03-05,1.4,1.4,1.4,1.4,0,0,1
FINNIFTY05MAR2418800PE.NFO,2024-02-07,14:55:00,2024-03-05,1.4,1.4,1.4,1.4,0,0,1
FINNIFTY05MAR2418800PE.NFO,2024-02-07,14:56:00,2024-03-05,1.4,1.4,1.4,1.4,0,0,1
FINNIFTY05MAR2418800PE.NFO,2024-02-07,14:57:00,2024-03-05,1.4,1.4,1.4,1.4,0,0,1
FINNIFTY05MAR2418800PE.NFO,2024-02-07,14:58:00,2024-03-05,1.4,1.4,1.4,1.4,0,0,1
FINNIFTY05MAR2418800PE.NFO,2024-02-07,14:59:00,2024-03-05,1.4,1.4,1.4,1.4,0,0,1
FINNIFTY05MAR2418800PE.NFO,2024-02-07,15:00:00,2024-03-05,1.4,1.4,1.4,1.4,0,0,1
FINNIFTY05MAR2418800PE.NFO,2024-02-07,15:01:00,2024-03-05,1.4,1.4,1.4,1.4,0,0,1
FINNIFTY05MAR2418800PE.NFO,2024-02-07,15:02:00,2024-03-05,1.4,1.4,1.4,1.4,0,0,1
FINNIFTY05MAR2418800PE.NFO,2024-02-07,15:03:00,2024-03-05,1.4,1.4,1.4,1.4,0,0,1
FINNIFTY05MAR2418800PE.NFO,2024-02-07,15:04:00,2024-03-05,1.4,1.4,1.4,1.4,0,0,1
FINNIFTY05MAR2418800PE.NFO,2024-02-07,15:05:00,2024-03-05,1.4,1.4,1.4,1.4,0,0,1
FINNIFTY05MAR2418800PE.NFO,2024-02-07,15:06:00,2024-03-05,1.4,1.4,1.4,1.4,0,0,1
FINNIFTY05MAR2418800PE.NFO,2024-02-07,15:07:00,2024-03-05,1.4,1.4,1.4,1.4,0,0,1
FINNIFTY05MAR2418800PE.NFO,2024-02-07,15:08:00,2024-03-05,1.4,1.4,1.4,1.4,0,0,1
FINNIFTY05MAR2418800PE.NFO,2024-02-07,15:09:00,2024-03-05,1.4,1.4,1.4,1.4,0,0,1
FINNIFTY05MAR2418800PE.NFO,2024-02-07,15:10:00,2024-03-05,1.4,1.4,1.4,1.4,0,0,1
FINNIFTY05MAR2418800PE.NFO,2024-02-07,15:11:00,2024-03-05,1.4,1.4,1.4,1.4,0,0,1
FINNIFTY05MAR2418800PE.NFO,2024-02-07,15:12:00,2024-03-05,1.4,1.4,1.4,1.4,0,0,1
FINNIFTY05MAR2418800PE.NFO,2024-02-07,15:13:00,2024-03-05,1.4,1.4,1.4,1.4,0,0,1
FINNIFTY05MAR2418800PE.NFO,2024-02-07,15:14:00,2024-03-05,1.4,1.4,1.4,1.4,0,0,1
FINNIFTY05MAR2418800PE.NFO,2024-02-07,15:15:00,2024-03-05,1.4,1.4,1.4,1.4,0,0,1
FINNIFTY05MAR2418800PE.NFO,2024-02-07,15:16:00,2024-03-05,1.4,1.4,1.4,1.4,0,0,1
FINNIFTY05MAR2418800PE.NFO,2024-02-07,15:17:00,2024-03-05,1.4,1.4,1.4,1.4,0,0,1
FINNIFTY05MAR2418800PE.NFO,2024-02-07,15:18:00,2024-03-05,1.4,1.4,1.4,1.4,0,0,1
FINNIFTY05MAR2418800PE.NFO,2024-02-07,15:19:00,2024-03-05,1.4,1.4,1.4,1.4,0,0,1
FINNIFTY05MAR2418800PE.NFO,2024-02-07,15:20:00,2024-03-05,1.4,1.4,1.4,1.4,0,0,1
FINNIFTY05MAR2418800PE.NFO,2024-02-07,15:21:00,2024-03-05,1.4,1.4,1.4,1.4,0,0,1
FINNIFTY05MAR2418800PE.NFO,2024-02-07,15:22:00,2024-03-05,1.4,1.4,1.4,1.4,0,0,1
FINNIFTY05MAR2418800PE.NFO,2024-02-07,15:23:00,2024-03-05,1.4,1.4,1.4,1.4,0,0,1
FINNIFTY05MAR2418800PE.NFO,2024-02-07,15:24:00,2024-03-05,1.4,1.4,1.4,1.4,0,0,1
FINNIFTY05MAR2418800PE.NFO,2024-02-07,15:25:00,2024-03-05,1.4,1.4,1.4,1.4,0,0,1
FINNIFTY05MAR2418800PE.NFO,2024-02-07,15:26:00,2024-03-05,1.4,1.4,1.4,1.4,0,0,1
FINNIFTY05MAR2418800PE.NFO,2024-02-07,15:27:00,2024-03-05,1.4,1.4,1.4,1.4,0,0,1
FINNIFTY05MAR2418800PE.NFO,2024-02-07,15:28:00,2024-03-05,1.4,1.4,1.4,1.4,0,0,1
FINNIFTY05MAR2418800PE.NFO,2024-02-07,15:29:00,2024-03-05,1.4,1.4,1.4,1.4,0,0,1
FINNIFTY05MAR2418800PE.NFO,2024-02-07,15:30:00,2024-03-05,1.4,1.4,1.4,1.4,0,0,1
FINNIFTY05MAR2418800PE.NFO,2024-02-08,09:15:00,2024-03-05,1.4,1.4,1.4,1.4,0,0,0
FINNIFTY05MAR2418800PE.NFO,2024-02-08,09:16:00,2024-03-05,1.4,1.4,1.4,1.4,0,0,1
FINNIFTY05MAR2418800PE.NFO,2024-02-08,09:17:00,2024-03-05,1.4,1.4,1.4,1.4,0,0,1
FINNIFTY05MAR2418800PE.NFO,2024-02-08,09:18:00,2024-03-05,1.4,1.4,1.4,1.4,0,0,1
FINNIFTY05MAR2418800PE.NFO,2024-02-08,09:19:00,2024-03-05,1.4,1.4,1.4,1.4,0,0,1
FINNIFTY05MAR2418800PE.NFO,2024-02-08,09:20:00,2024-03-05,1.4,1.4,1.4,1.4,0,0,1
FINNIFTY05MAR2418800PE.NFO,2024-02-08,09:21:00,2024-03-05,1.4,1.4,1.4,1.4,0,0,1
FINNIFTY05MAR2418800PE.NFO,2024-02-08,09:22:00,2024-03-05,1.4,1.4,1.4,1.4,0,0,1
FINNIFTY05MAR2418800PE.NFO,2024-02-08,09:23:00,2024-03-05,1.4,1.4,1.4,1.4,0,0,1
FINNIFTY05MAR2418800PE.NFO,2024-02-08,09:24:00,2024-03-05,1.4,1.4,1.4,1.4,0,0,1
FINNIFTY05MAR2418800PE.NFO,2024-02-08,09:25:00,2024-03-05,1.4,1.4,1.4,1.4,0,0,1
FINNIFTY05MAR2418800PE.NFO,2024-02-08,09:26:00,2024-03-05,1.4,1.4,1.4,1.4,0,0,1
FINNIFTY05MAR2418800PE.NFO,2024-02-08,09:27:00,2024-03-05,1.4,1.4,1.4,1.4,0,0,1
FINNIFTY05MAR2418800PE.NFO,2024-02-08,09:28:00,2024-03-05,1.4,1.4,1.4,1.4,0,0,1
FINNIFTY05MAR2418800PE.NFO,2024-02-08,09:29:00,2024-03-05,1.4,1.4,1.4,1.4,0,0,1
FINNIFTY05MAR2418800PE.NFO,2024-02-08,09:30:00,2024-03-05,1.4,1.4,1.4,1.4,0,0,1
FINNIFTY05MAR2418800PE.NFO,2024-02-08,09:31:00,2024-03-05,1.4,1.4,1.4,1.4,0,0,1
FINNIFTY05MAR2418800PE.NFO,2024-02-08,09:32:00,2024-03-05,1.4,1.4,1.4,1.4,0,0,1
FINNIFTY05MAR2418800PE.NFO,2024-02-08,09:33:00,2024-03-05,1.4,1.4,1.4,1.4,0,0,1
FINNIFTY05MAR2418800PE.NFO,2024-02-08,09:34:00,2024-03-05,1.4,1.4,1.4,1.4,0,0,1
FINNIFTY05MAR2418800PE.NFO,2024-02-08,09:35:00,2024-03-05,1.4,1.4,1.4,1.4,0,0,1
FINNIFTY05MAR2418800PE.NFO,2024-02-08,09:36:00,2024-03-05,1.4,1.4,1.4,1.4,0,0,1
FINNIFTY05MAR2418800PE.NFO,2024-02-08,09:37:00,2024-03-05,1.4,1.4,1.4,1.4,0,0,1
FINNIFTY05MAR2418800PE.NFO,2024-02-08,09:38:00,2024-03-05,1.4,1.4,1.4,1.4,0,0,1
FINNIFTY05MAR2418800PE.NFO,2024-02-08,09:39:00,2024-03-05,1.4,1.4,1.4,1.4,0,0,1
FINNIFTY05MAR2418800PE.NFO,2024-02-08,09:40:00,2024-03-05,1.4,1.4,1.4,1.4,0,0,1
FINNIFTY05MAR2418800PE.NFO,2024-02-08,09:41:00,2024-03-05,1.4,1.4,1.4,1.4,0,0,1
FINNIFTY05MAR2418800PE.NFO,2024-02-08,09:42:00,2024-03-05,1.4,1.4,1.4,1.4,0,0,1
FINNIFTY05MAR2418800PE.NFO,2024-02-08,09:43:00,2024-03-05,1.4,1.4,1.4,1.4,0,0,1
FINNIFTY05MAR2418800PE.NFO,2024-02-08,09:44:00,2024-03-05,1.4,1.4,1.4,1.4,0,0,1
FINNIFTY05MAR2418800PE.NFO,2024-02-08,09:45:00,2024-03-05,1.4,1.4,1.4,1.4,0,0,1
FINNIFTY05MAR2418800PE.NFO,2024-02-08,09:46:00,2024-03-05,1.4,1.4,1.4,1.4,0,0,1
FINNIFTY05MAR2418800PE.NFO,2024-02-08,09:47:00,2024-03-05,1.4,1.4,1.4,1.4,0,0,1
FINNIFTY05MAR2418800PE.NFO,2024-02-08,09:48:00,2024-03-05,1.4,1.4,1.4,1.4,0,0,1
FINNIFTY05MAR2418800PE.NFO,2024-02-08,09:49:00,2024-03-05,1.4,1.4,1.4,1.4,0,0,1
FINNIFTY05MAR2418800PE.NFO,2024-02-08,09:50:00,2024-03-05,1.4,1.4,1.4,1.4,0,0,1
FINNIFTY05MAR2418800PE.NFO,2024-02-08,09:51:00,2024-03-05,1.4,1.4,1.4,1.4,0,0,1
FINNIFTY05MAR2418800PE.NFO,2024-02-08,09:52:00,2024-03-05,1.4,1.4,1.4,1.4,0,0,1
FINNIFTY05MAR2418800PE.NFO,2024-02-08,09:53:00,2024-03-05,1.4,1.4,1.4,1.4,0,0,1
FINNIFTY05MAR2418800PE.NFO,2024-02-08,09:54:00,2024-03-05,1.4,1.4,1.4,1.4,0,0,1
FINNIFTY05MAR2418800PE.NFO,2024-02-08,09:55:00,2024-03-05,1.4,1.4,1.4,1.4,0,0,1
FINNIFTY05MAR2418800PE.NFO,2024-02-08,09:56:00,2024-03-05,1.4,1.4,1.4,1.4,0,0,1
FINNIFTY05MAR2418800PE.NFO,2024-02-08,09:57:00,2024-03-05,1.4,1.4,1.4,1.4,0,0,1
FINNIFTY05MAR2418800PE.NFO,2024-02-08,09:58:00,2024-03-05,1.4,1.4,1.4,1.4,0,0,1
FINNIFTY05MAR2418800PE.NFO,2024-02-08,09:59:00,2024-03-05,1.4,1.4,1.4,1.4,0,0,1
FINNIFTY05MAR2418800PE.NFO,2024-02-08,10:00:00,2024-03-05,1.4,1.4,1.4,1.4,0,0,1
FINNIFTY05MAR2418800PE.NFO,2024-02-08,10:01:00,2024-03-05,1.4,1.4,1.4,1.4,0,0,1
FINNIFTY05MAR2418800PE.NFO,2024-02-08,10:02:00,2024-03-05,1.4,1.4,1.4,1.4,0,0,1
FINNIFTY05MAR2418800PE.NFO,2024-02-08,10:03:00,2024-03-05,1.4,1.4,1.4,1.4,0,0,1
FINNIFTY05MAR2418800PE.NFO,2024-02-08,10:04:00,2024-03-05,1.4,1.4,1.4,1.4,0,0,1
FINNIFTY05MAR2418800PE.NFO,2024-02-08,10:05:00,2024-03-05,1.4,1.4,1.4,1.4,0,0,1
FINNIFTY05MAR2418800PE.NFO,2024-02-08,10:06:00,2024-03-05,1.4,1.4,1.4,1.4,0,0,1
FINNIFTY05MAR2418800PE.NFO,2024-02-08,10:07:00,2024-03-05,1.4,1.4,1.4,1.4,0,0,1
FINNIFTY05MAR2418800PE.NFO,2024-02-08,10:08:00,2024-03-05,1.4,1.4,1.4,1.4,0,0,1
FINNIFTY05MAR2418800PE.NFO,2024-02-08,10:09:00,2024-03-05,1.4,1.4,1.4,1.4,0,0,1
FINNIFTY05MAR2418800PE.NFO,2024-02-08,10:10:00,2024-03-05,1.4,1.4,1.4,1.4,0,0,1
FINNIFTY05MAR2418800PE.NFO,2024-02-08,10:11:00,2024-03-05,1.4,1.4,1.4,1.4,0,0,1
FINNIFTY05MAR2418800PE.NFO,2024-02-08,10:12:00,2024-03-05,1.4,1.4,1.4,1.4,0,0,1
FINNIFTY05MAR2418800PE.NFO,2024-02-08,10:13:00,2024-03-05,1.4,1.4,1.4,1.4,0,0,1
FINNIFTY05MAR2418800PE.NFO,2024-02-08,10:14:00,2024-03-05,1.4,1.4,1.4,1.4,0,0,1
FINNIFTY05MAR2418800PE.NFO,2024-02-08,10:15:00,2024-03-05,1.4,1.4,1.4,1.4,0,0,1
FINNIFTY05MAR2418800PE.NFO,2024-02-08,10:16:00,2024-03-05,1.4,1.4,1.4,1.4,0,0,1
FINNIFTY05MAR2418800PE.NFO,2024-02-08,10:17:00,2024-03-05,1.4,1.4,1.4,1.4,0,0,1
FINNIFTY05MAR2418800PE.NFO,2024-02-08,10:18:00,2024-03-05,1.4,1.4,1.4,1.4,0,0,1
FINNIFTY05MAR2418800PE.NFO,2024-02-08,10:19:00,2024-03-05,1.4,1.4,1.4,1.4,0,0,1
FINNIFTY05MAR2418800PE.NFO,2024-02-08,10:20:00,2024-03-05,1.4,1.4,1.4,1.4,0,0,1
FINNIFTY05MAR2418800PE.NFO,2024-02-08,10:21:00,2024-03-05,1.4,1.4,1.4,1.4,0,0,1
FINNIFTY05MAR2418800PE.NFO,2024-02-08,10:22:00,2024-03-05,1.4,1.4,1.4,1.4,0,0,1
FINNIFTY05MAR2418800PE.NFO,2024-02-08,10:23:00,2024-03-05,1.4,1.4,1.4,1.4,0,0,1
FINNIFTY05MAR2418800PE.NFO,2024-02-08,10:24:00,2024-03-05,1.4,1.4,1.4,1.4,0,0,1
FINNIFTY05MAR2418800PE.NFO,2024-02-08,10:25:00,2024-03-05,1.4,1.4,1.4,1.4,0,0,1
FINNIFTY05MAR2418800PE.NFO,2024-02-08,10:26:00,2024-03-05,1.4,1.4,1.4,1.4,0,0,1
FINNIFTY05MAR2418800PE.NFO,2024-02-08,10:27:00,2024-03-05,1.4,1.4,1.4,1.4,0,0,1
FINNIFTY05MAR2418800PE.NFO,2024-02-08,10:28:00,2024-03-05,1.4,1.4,1.4,1.4,0,0,1
FINNIFTY05MAR2418800PE.NFO,2024-02-08,10:29:00,2024-03-05,1.4,1.4,1.4,1.4,0,0,1
FINNIFTY05MAR2418800PE.NFO,2024-02-08,10:30:00,2024-03-05,1.4,1.4,1.4,1.4,0,0,1
FINNIFTY05MAR2418800PE.NFO,2024-02-08,10:31:00,2024-03-05,1.4,1.4,1.4,1.4,0,0,1
FINNIFTY05MAR2418800PE.NFO,2024-02-08,10:32:00,2024-03-05,1.4,1.4,1.4,1.4,0,0,1
FINNIFTY05MAR2418800PE.NFO,2024-02-08,10:33:00,2024-03-05,1.4,1.4,1.4,1.4,0,0,1
FINNIFTY05MAR2418800PE.NFO,2024-02-08,10:34:00,2024-03-05,1.4,1.4,1.4,1.4,0,0,1
FINNIFTY05MAR2418800PE.NFO,2024-02-08,10:35:00,2024-03-05,1.4,1.4,1.4,1.4,0,0,1
FINNIFTY05MAR2418800PE.NFO,2024-02-08,10:36:00,2024-03-05,1.4,1.4,1.4,1.4,0,0,1
FINNIFTY05MAR2418800PE.NFO,2024-02-08,10:37:00,2024-03-05,1.4,1.4,1.4,1.4,0,0,1
FINNIFTY05MAR2418800PE.NFO,2024-02-08,10:38:00,2024-03-05,1.4,1.4,1.4,1.4,0,0,1
FINNIFTY05MAR2418800PE.NFO,2024-02-08,10:39:00,2024-03-05,1.4,1.4,1.4,1.4,0,0,1
FINNIFTY05MAR2418800PE.NFO,2024-02-08,10:40:00,2024-03-05,1.4,1.4,1.4,1.4,0,0,1
FINNIFTY05MAR2418800PE.NFO,2024-02-08,10:41:00,2024-03-05,1.4,1.4,1.4,1.4,0,0,1
FINNIFTY05MAR2418800PE.NFO,2024-02-08,10:42:00,2024-03-05,1.4,1.4,1.4,1.4,0,0,1
FINNIFTY05MAR2418800PE.NFO,2024-02-08,10:43:00,2024-03-05,1.4,1.4,1.4,1.4,0,0,1
FINNIFTY05MAR2418800PE.NFO,2024-02-08,10:44:00,2024-03-05,1.4,1.4,1.4,1.4,0,0,1
FINNIFTY05MAR2418800PE.NFO,2024-02-08,10:45:00,2024-03-05,1.4,1.4,1.4,1.4,0,0,1
FINNIFTY05MAR2418800PE.NFO,2024-02-08,10:46:00,2024-03-05,1.4,1.4,1.4,1.4,0,0,1
FINNIFTY05MAR2418800PE.NFO,2024-02-08,10:47:00,2024-03-05,1.4,1.4,1.4,1.4,0,0,1
FINNIFTY05MAR2418800PE.NFO,2024-02-08,10:48:00,2024-03-05,1.4,1.4,1.4,1.4,0,0,1
FINNIFTY05MAR2418800PE.NFO,2024-02-08,10:49:00,2024-03-05,1.4,1.4,1.4,1.4,0,0,1
FINNIFTY05MAR2418800PE.NFO,2024-02-08,10:50:00,2024-03-05,1.4,1.4,1.4,1.4,0,0,1
FINNIFTY05MAR2418800PE.NFO,2024-02-08,10:51:00,2024-03-05,1.4,1.4,1.4,1.4,0,0,1
FINNIFTY05MAR2418800PE.NFO,2024-02-08,10:52:00,2024-03-05,1.4,1.4,1.4,1.4,0,0,1
FINNIFTY05MAR2418800PE.NFO,2024-02-08,10:53:00,2024-03-05,1.4,1.4,1.4,1.4,0,0,1
FINNIFTY05MAR2418800PE.NFO,2024-02-08,10:54:00,2024-03-05,1.4,1.4,1.4,1.4,0,0,1
FINNIFTY05MAR2418800PE.NFO,2024-02-08,10:55:00,2024-03-05,1.4,1.4,1.4,1.4,0,0,1
FINNIFTY05MAR2418800PE.NFO,2024-02-08,10:56:00,2024-03-05,1.4,1.4,1.4,1.4,0,0,1
FINNIFTY05MAR2418800PE.NFO,2024-02-08,10:57:00,2024-03-05,1.4,1.4,1.4,1.4,0,0,1
FINNIFTY05MAR2418800PE.NFO,2024-02-08,10:58:00,2024-03-05,1.4,1.4,1.4,1.4,0,0,1
FINNIFTY05MAR2418800PE.NFO,2024-02-08,10:59:00,2024-03-05,1.4,1.4,1.4,1.4,0,0,1
FINNIFTY05MAR2418800PE.NFO,2024-02-08,11:00:00,2024-03-05,1.4,1.4,1.4,1.4,0,0,1
FINNIFTY05MAR2418800PE.NFO,2024-02-08,11:01:00,2024-03-05,1.4,1.4,1.4,1.4,0,0,1
FINNIFTY05MAR2418800PE.NFO,2024-02-08,11:02:00,2024-03-05,1.4,1.4,1.4,1.4,0,0,1
FINNIFTY05MAR2418800PE.NFO,2024-02-08,11:03:00,2024-03-05,1.4,1.4,1.4,1.4,0,0,1
FINNIFTY05MAR2418800PE.NFO,2024-02-08,11:04:00,2024-03-05,1.4,1.4,1.4,1.4,0,0,1
FINNIFTY05MAR2418800PE.NFO,2024-02-08,11:05:00,2024-03-05,1.4,1.4,1.4,1.4,0,0,1
FINNIFTY05MAR2418800PE.NFO,2024-02-08,11:06:00,2024-03-05,1.4,1.4,1.4,1.4,0,0,1
FINNIFTY05MAR2418800PE.NFO,2024-02-08,11:07:00,2024-03-05,1.4,1.4,1.4,1.4,0,0,1
FINNIFTY05MAR2418800PE.NFO,2024-02-08,11:08:00,2024-03-05,1.4,1.4,1.4,1.4,0,0,1
FINNIFTY05MAR2418800PE.NFO,2024-02-08,11:09:00,2024-03-05,1.4,1.4,1.4,1.4,0,0,1
FINNIFTY05MAR2418800PE.NFO,2024-02-08,11:10:00,2024-03-05,1.4,1.4,1.4,1.4,0,0,1
FINNIFTY05MAR2418800PE.NFO,2024-02-08,11:11:00,2024-03-05,1.4,1.4,1.4,1.4,0,0,1
FINNIFTY05MAR2418800PE.NFO,2024-02-08,11:12:00,2024-03-05,1.4,1.4,1.4,1.4,0,0,1
FINNIFTY05MAR2418800PE.NFO,2024-02-08,11:13:00,2024-03-05,1.4,1.4,1.4,1.4,0,0,1
FINNIFTY05MAR2418800PE.NFO,2024-02-08,11:14:00,2024-03-05,1.4,1.4,1.4,1.4,0,0,1
FINNIFTY05MAR2418800PE.NFO,2024-02-08,11:15:00,2024-03-05,1.4,1.4,1.4,1.4,0,0,1
FINNIFTY05MAR2418800PE.NFO,2024-02-08,11:16:00,2024-03-05,1.4,1.4,1.4,1.4,0,0,1
FINNIFTY05MAR2418800PE.NFO,2024-02-08,11:17:00,2024-03-05,1.4,1.4,1.4,1.4,0,0,1
FINNIFTY05MAR2418800PE.NFO,2024-02-08,11:18:00,2024-03-05,1.4,1.4,1.4,1.4,0,0,1
FINNIFTY05MAR2418800PE.NFO,2024-02-08,11:19:00,2024-03-05,1.4,1.4,1.4,1.4,0,0,1
FINNIFTY05MAR2418800PE.NFO,2024-02-08,11:20:00,2024-03-05,1.4,1.4,1.4,1.4,0,0,1
FINNIFTY05MAR2418800PE.NFO,2024-02-08,11:21:00,2024-03-05,1.4,1.4,1.4,1.4,0,0,1
FINNIFTY05MAR2418800PE.NFO,2024-02-08,11:22:00,2024-03-05,1.4,1.4,1.4,1.4,0,0,1
FINNIFTY05MAR2418800PE.NFO,2024-02-08,11:23:00,2024-03-05,1.4,1.4,1.4,1.4,0,0,1
FINNIFTY05MAR2418800PE.NFO,2024-02-08,11:24:00,2024-03-05,1.4,1.4,1.4,1.4,0,0,1
FINNIFTY05MAR2418800PE.NFO,2024-02-08,11:25:00,2024-03-05,1.4,1.4,1.4,1.4,0,0,1
FINNIFTY05MAR2418800PE.NFO,2024-02-08,11:26:00,2024-03-05,1.4,1.4,1.4,1.4,0,0,1
FINNIFTY05MAR2418800PE.NFO,2024-02-08,11:27:00,2024-03-05,1.4,1.4,1.4,1.4,0,0,1
FINNIFTY05MAR2418800PE.NFO,2024-02-08,11:28:00,2024-03-05,1.4,1.4,1.4,1.4,0,0,1
FINNIFTY05MAR2418800PE.NFO,2024-02-08,11:29:00,2024-03-05,1.4,1.4,1.4,1.4,0,0,1
FINNIFTY05MAR2418800PE.NFO,2024-02-08,11:30:00,2024-03-05,1.4,1.4,1.4,1.4,0,0,1
FINNIFTY05MAR2418800PE.NFO,2024-02-08,11:31:00,2024-03-05,1.4,1.4,1.4,1.4,0,0,1
FINNIFTY05MAR2418800PE.NFO,2024-02-08,11:32:00,2024-03-05,1.4,1.4,1.4,1.4,0,0,1
FINNIFTY05MAR2418800PE.NFO,2024-02-08,11:33:00,2024-03-05,1.4,1.4,1.4,1.4,0,0,1
FINNIFTY05MAR2418800PE.NFO,2024-02-08,11:34:00,2024-03-05,1.4,1.4,1.4,1.4,0,0,1
FINNIFTY05MAR2418800PE.NFO,2024-02-08,11:35:00,2024-03-05,1.4,1.4,1.4,1.4,0,0,1
FINNIFTY05MAR2418800PE.NFO,2024-02-08,11:36:00,2024-03-05,1.4,1.4,1.4,1.4,0,0,1
FINNIFTY05MAR2418800PE.NFO,2024-02-08,11:37:00,2024-03-05,1.4,1.4,1.4,1.4,0,0,1
FINNIFTY05MAR2418800PE.NFO,2024-02-08,11:38:00,2024-03-05,1.4,1.4,1.4,1.4,0,0,1
FINNIFTY05MAR2418800PE.NFO,2024-02-08,11:39:00,2024-03-05,1.4,1.4,1.4,1.4,0,0,1
FINNIFTY05MAR2418800PE.NFO,2024-02-08,11:40:00,2024-03-05,1.4,1.4,1.4,1.4,0,0,1
FINNIFTY05MAR2418800PE.NFO,2024-02-08,11:41:00,2024-03-05,1.4,1.4,1.4,1.4,0,0,1
FINNIFTY05MAR2418800PE.NFO,2024-02-08,11:42:00,2024-03-05,1.4,1.4,1.4,1.4,0,0,1
FINNIFTY05MAR2418800PE.NFO,2024-02-08,11:43:00,2024-03-05,1.4,1.4,1.4,1.4,0,0,1
FINNIFTY05MAR2418800PE.NFO,2024-02-08,11:44:00,2024-03-05,1.4,1.4,1.4,1.4,0,0,1
FINNIFTY05MAR2418800PE.NFO,2024-02-08,11:45:00,2024-03-05,1.4,1.4,1.4,1.4,0,0,1
FINNIFTY05MAR2418800PE.NFO,2024-02-08,11:46:00,2024-03-05,1.4,1.4,1.4,1.4,0,0,1
FINNIFTY05MAR2418800PE.NFO,2024-02-08,11:47:00,2024-03-05,1.4,1.4,1.4,1.4,0,0,1
FINNIFTY05MAR2418800PE.NFO,2024-02-08,11:48:00,2024-03-05,1.4,1.4,1.4,1.4,0,0,1
FINNIFTY05MAR2418800PE.NFO,2024-02-08,11:49:00,2024-03-05,1.4,1.4,1.4,1.4,0,0,1
FINNIFTY05MAR2418800PE.NFO,2024-02-08,11:50:00,2024-03-05,1.4,1.4,1.4,1.4,0,0,1
FINNIFTY05MAR2418800PE.NFO,2024-02-08,11:51:00,2024-03-05,1.4,1.4,1.4,1.4,0,0,1
FINNIFTY05MAR2418800PE.NFO,2024-02-08,11:52:00,2024-03-05,1.4,1.4,1.4,1.4,0,0,1
FINNIFTY05MAR2418800PE.NFO,2024-02-08,11:53:00,2024-03-05,1.4,1.4,1.4,1.4,0,0,1
FINNIFTY05MAR2418800PE.NFO,2024-02-08,11:54:00,2024-03-05,1.4,1.4,1.4,1.4,0,0,1
FINNIFTY05MAR2418800PE.NFO,2024-02-08,11:55:00,2024-03-05,1.4,1.4,1.4,1.4,0,0,1
FINNIFTY05MAR2418800PE.NFO,2024-02-08,11:56:00,2024-03-05,1.4,1.4,1.4,1.4,0,0,1
FINNIFTY05MAR2418800PE.NFO,2024-02-08,11:57:00,2024-03-05,1.4,1.4,1.4,1.4,0,0,1
FINNIFTY05MAR2418800PE.NFO,2024-02-08,11:58:00,2024-03-05,1.4,1.4,1.4,1.4,0,0,1
FINNIFTY05MAR2418800PE.NFO,2024-02-08,11:59:00,2024-03-05,1.4,1.4,1.4,1.4,0,0,1
FINNIFTY05MAR2418800PE.NFO,2024-02-08,12:00:00,2024-03-05,1.4,1.4,1.4,1.4,0,0,1
FINNIFTY05MAR2418800PE.NFO,2024-02-08,12:01:00,2024-03-05,1.4,1.4,1.4,1.4,0,0,1
FINNIFTY05MAR2418800PE.NFO,2024-02-08,12:02:00,2024-03-05,1.4,1.4,1.4,1.4,0,0,1
FINNIFTY05MAR2418800PE.NFO,2024-02-08,12:03:00,2024-03-05,1.4,1.4,1.4,1.4,0,0,1
FINNIFTY05MAR2418800PE.NFO,2024-02-08,12:04:00,2024-03-05,1.4,1.4,1.4,1.4,0,0,1
FINNIFTY05MAR2418800PE.NFO,2024-02-08,12:05:00,2024-03-05,1.4,1.4,1.4,1.4,0,0,1
FINNIFTY05MAR2418800PE.NFO,2024-02-08,12:06:00,2024-03-05,1.4,1.4,1.4,1.4,0,0,1
FINNIFTY05MAR2418800PE.NFO,2024-02-08,12:07:00,2024-03-05,1.4,1.4,1.4,1.4,0,0,1
FINNIFTY05MAR2418800PE.NFO,2024-02-08,12:08:00,2024-03-05,1.4,1.4,1.4,1.4,0,0,1
FINNIFTY05MAR2418800PE.NFO,2024-02-08,12:09:00,2024-03-05,1.4,1.4,1.4,1.4,0,0,1
FINNIFTY05MAR2418800PE.NFO,2024-02-08,12:10:00,2024-03-05,1.4,1.4,1.4,1.4,0,0,1
FINNIFTY05MAR2418800PE.NFO,2024-02-08,12:11:00,2024-03-05,1.4,1.4,1.4,1.4,0,0,1
FINNIFTY05MAR2418800PE.NFO,2024-02-08,12:12:00,2024-03-05,1.4,1.4,1.4,1.4,0,0,1
FINNIFTY05MAR2418800PE.NFO,2024-02-08,12:13:00,2024-03-05,1.4,1.4,1.4,1.4,0,0,1
FINNIFTY05MAR2418800PE.NFO,2024-02-08,12:14:00,2024-03-05,1.4,1.4,1.4,1.4,0,0,1
FINNIFTY05MAR2418800PE.NFO,2024-02-08,12:15:00,2024-03-05,1.4,1.4,1.4,1.4,0,0,1
FINNIFTY05MAR2418800PE.NFO,2024-02-08,12:16:00,2024-03-05,1.4,1.4,1.4,1.4,0,0,1
FINNIFTY05MAR2418800PE.NFO,2024-02-08,12:17:00,2024-03-05,1.4,1.4,1.4,1.4,0,0,1
FINNIFTY05MAR2418800PE.NFO,2024-02-08,12:18:00,2024-03-05,1.4,1.4,1.4,1.4,0,0,1
FINNIFTY05MAR2418800PE.NFO,2024-02-08,12:19:00,2024-03-05,1.4,1.4,1.4,1.4,0,0,1
FINNIFTY05MAR2418800PE.NFO,2024-02-08,12:20:00,2024-03-05,1.4,1.4,1.4,1.4,0,0,1
FINNIFTY05MAR2418800PE.NFO,2024-02-08,12:21:00,2024-03-05,1.4,1.4,1.4,1.4,0,0,1
FINNIFTY05MAR2418800PE.NFO,2024-02-08,12:22:00,2024-03-05,1.4,1.4,1.4,1.4,0,0,1
FINNIFTY05MAR2418800PE.NFO,2024-02-08,12:23:00,2024-03-05,1.4,1.4,1.4,1.4,0,0,1
FINNIFTY05MAR2418800PE.NFO,2024-02-08,12:24:00,2024-03-05,1.4,1.4,1.4,1.4,0,0,1
FINNIFTY05MAR2418800PE.NFO,2024-02-08,12:25:00,2024-03-05,1.4,1.4,1.4,1.4,0,0,1
FINNIFTY05MAR2418800PE.NFO,2024-02-08,12:26:00,2024-03-05,1.4,1.4,1.4,1.4,0,0,1
FINNIFTY05MAR2418800PE.NFO,2024-02-08,12:27:00,2024-03-05,1.4,1.4,1.4,1.4,0,0,1
FINNIFTY05MAR2418800PE.NFO,2024-02-08,12:28:00,2024-03-05,1.4,1.4,1.4,1.4,0,0,1
FINNIFTY05MAR2418800PE.NFO,2024-02-08,12:29:00,2024-03-05,1.4,1.4,1.4,1.4,0,0,1
FINNIFTY05MAR2418800PE.NFO,2024-02-08,12:30:00,2024-03-05,1.4,1.4,1.4,1.4,0,0,1
FINNIFTY05MAR2418800PE.NFO,2024-02-08,12:31:00,2024-03-05,1.4,1.4,1.4,1.4,0,0,1
FINNIFTY05MAR2418800PE.NFO,2024-02-08,12:32:00,2024-03-05,1.4,1.4,1.4,1.4,0,0,1
FINNIFTY05MAR2418800PE.NFO,2024-02-08,12:33:00,2024-03-05,1.4,1.4,1.4,1.4,0,0,1
FINNIFTY05MAR2418800PE.NFO,2024-02-08,12:34:00,2024-03-05,1.4,1.4,1.4,1.4,0,0,1
FINNIFTY05MAR2418800PE.NFO,2024-02-08,12:35:00,2024-03-05,1.4,1.4,1.4,1.4,0,0,1
FINNIFTY05MAR2418800PE.NFO,2024-02-08,12:36:00,2024-03-05,1.4,1.4,1.4,1.4,0,0,1
FINNIFTY05MAR2418800PE.NFO,2024-02-08,12:37:00,2024-03-05,1.4,1.4,1.4,1.4,0,0,1
FINNIFTY05MAR2418800PE.NFO,2024-02-08,12:38:00,2024-03-05,1.4,1.4,1.4,1.4,0,0,1
FINNIFTY05MAR2418800PE.NFO,2024-02-08,12:39:00,2024-03-05,1.4,1.4,1.4,1.4,0,0,1
FINNIFTY05MAR2418800PE.NFO,2024-02-08,12:40:00,2024-03-05,1.4,1.4,1.4,1.4,0,0,1
FINNIFTY05MAR2418800PE.NFO,2024-02-08,12:41:00,2024-03-05,1.4,1.4,1.4,1.4,0,0,1
FINNIFTY05MAR2418800PE.NFO,2024-02-08,12:42:00,2024-03-05,1.4,1.4,1.4,1.4,0,0,1
FINNIFTY05MAR2418800PE.NFO,2024-02-08,12:43:00,2024-03-05,1.4,1.4,1.4,1.4,0,0,1
FINNIFTY05MAR2418800PE.NFO,2024-02-08,12:44:00,2024-03-05,1.4,1.4,1.4,1.4,0,0,1
FINNIFTY05MAR2418800PE.NFO,2024-02-08,12:45:00,2024-03-05,1.4,1.4,1.4,1.4,0,0,1
FINNIFTY05MAR2418800PE.NFO,2024-02-08,12:46:00,2024-03-05,1.4,1.4,1.4,1.4,0,0,1
FINNIFTY05MAR2418800PE.NFO,2024-02-08,12:47:00,2024-03-05,1.4,1.4,1.4,1.4,0,0,1
FINNIFTY05MAR2418800PE.NFO,2024-02-08,12:48:00,2024-03-05,1.4,1.4,1.4,1.4,0,0,1
FINNIFTY05MAR2418800PE.NFO,2024-02-08,12:49:00,2024-03-05,1.4,1.4,1.4,1.4,0,0,1
FINNIFTY05MAR2418800PE.NFO,2024-02-08,12:50:00,2024-03-05,1.4,1.4,1.4,1.4,0,0,1
FINNIFTY05MAR2418800PE.NFO,2024-02-08,12:51:00,2024-03-05,1.4,1.4,1.4,1.4,0,0,1
FINNIFTY05MAR2418800PE.NFO,2024-02-08,12:52:00,2024-03-05,1.4,1.4,1.4,1.4,0,0,1
FINNIFTY05MAR2418800PE.NFO,2024-02-08,12:53:00,2024-03-05,1.4,1.4,1.4,1.4,0,0,1
FINNIFTY05MAR2418800PE.NFO,2024-02-08,12:54:00,2024-03-05,1.4,1.4,1.4,1.4,0,0,1
FINNIFTY05MAR2418800PE.NFO,2024-02-08,12:55:00,2024-03-05,1.4,1.4,1.4,1.4,0,0,1
FINNIFTY05MAR2418800PE.NFO,2024-02-08,12:56:00,2024-03-05,1.4,1.4,1.4,1.4,0,0,1
FINNIFTY05MAR2418800PE.NFO,2024-02-08,12:57:00,2024-03-05,1.4,1.4,1.4,1.4,0,0,1
FINNIFTY05MAR2418800PE.NFO,2024-02-08,12:58:00,2024-03-05,1.4,1.4,1.4,1.4,0,0,1
FINNIFTY05MAR2418800PE.NFO,2024-02-08,12:59:00,2024-03-05,1.4,1.4,1.4,1.4,0,0,1
FINNIFTY05MAR2418800PE.NFO,2024-02-08,13:00:00,2024-03-05,1.4,1.4,1.4,1.4,0,0,1
FINNIFTY05MAR2418800PE.NFO,2024-02-08,13:01:00,2024-03-05,1.4,1.4,1.4,1.4,0,0,1
FINNIFTY05MAR2418800PE.NFO,2024-02-08,13:02:00,2024-03-05,1.4,1.4,1.4,1.4,0,0,1
FINNIFTY05MAR2418800PE.NFO,2024-02-08,13:03:00,2024-03-05,1.4,1.4,1.4,1.4,0,0,1
FINNIFTY05MAR2418800PE.NFO,2024-02-08,13:04:00,2024-03-05,1.4,1.4,1.4,1.4,0,0,1
FINNIFTY05MAR2418800PE.NFO,2024-02-08,13:05:00,2024-03-05,1.4,1.4,1.4,1.4,0,0,1
FINNIFTY05MAR2418800PE.NFO,2024-02-08,13:06:00,2024-03-05,1.4,1.4,1.4,1.4,0,0,1
FINNIFTY05MAR2418800PE.NFO,2024-02-08,13:07:00,2024-03-05,1.4,1.4,1.4,1.4,0,0,1
FINNIFTY05MAR2418800PE.NFO,2024-02-08,13:08:00,2024-03-05,1.4,1.4,1.4,1.4,0,0,1
FINNIFTY05MAR2418800PE.NFO,2024-02-08,13:09:00,2024-03-05,1.4,1.4,1.4,1.4,0,0,1
FINNIFTY05MAR2418800PE.NFO,2024-02-08,13:10:00,2024-03-05,1.4,1.4,1.4,1.4,0,0,1
FINNIFTY05MAR2418800PE.NFO,2024-02-08,13:11:00,2024-03-05,1.4,1.4,1.4,1.4,0,0,1
FINNIFTY05MAR2418800PE.NFO,2024-02-08,13:12:00,2024-03-05,1.4,1.4,1.4,1.4,0,0,1
FINNIFTY05MAR2418800PE.NFO,2024-02-08,13:13:00,2024-03-05,1.4,1.4,1.4,1.4,0,0,1
FINNIFTY05MAR2418800PE.NFO,2024-02-08,13:14:00,2024-03-05,1.4,1.4,1.4,1.4,0,0,1
FINNIFTY05MAR2418800PE.NFO,2024-02-08,13:15:00,2024-03-05,1.4,1.4,1.4,1.4,0,0,1
FINNIFTY05MAR2418800PE.NFO,2024-02-08,13:16:00,2024-03-05,1.4,1.4,1.4,1.4,0,0,1
FINNIFTY05MAR2418800PE.NFO,2024-02-08,13:17:00,2024-03-05,1.4,1.4,1.4,1.4,0,0,1
FINNIFTY05MAR2418800PE.NFO,2024-02-08,13:18:00,2024-03-05,1.4,1.4,1.4,1.4,0,0,1
FINNIFTY05MAR2418800PE.NFO,2024-02-08,13:19:00,2024-03-05,1.4,1.4,1.4,1.4,0,0,1
FINNIFTY05MAR2418800PE.NFO,2024-02-08,13:20:00,2024-03-05,1.4,1.4,1.4,1.4,0,0,1
FINNIFTY05MAR2418800PE.NFO,2024-02-08,13:21:00,2024-03-05,1.4,1.4,1.4,1.4,0,0,1
FINNIFTY05MAR2418800PE.NFO,2024-02-08,13:22:00,2024-03-05,1.4,1.4,1.4,1.4,0,0,1
FINNIFTY05MAR2418800PE.NFO,2024-02-08,13:23:00,2024-03-05,1.4,1.4,1.4,1.4,0,0,1
FINNIFTY05MAR2418800PE.NFO,2024-02-08,13:24:00,2024-03-05,1.4,1.4,1.4,1.4,0,0,1
FINNIFTY05MAR2418800PE.NFO,2024-02-08,13:25:00,2024-03-05,1.4,1.4,1.4,1.4,0,0,1
FINNIFTY05MAR2418800PE.NFO,2024-02-08,13:26:00,2024-03-05,1.4,1.4,1.4,1.4,0,0,1
FINNIFTY05MAR2418800PE.NFO,2024-02-08,13:27:00,2024-03-05,1.4,1.4,1.4,1.4,0,0,1
FINNIFTY05MAR2418800PE.NFO,2024-02-08,13:28:00,2024-03-05,1.4,1.4,1.4,1.4,0,0,1
FINNIFTY05MAR2418800PE.NFO,2024-02-08,13:29:00,2024-03-05,1.4,1.4,1.4,1.4,0,0,1
FINNIFTY05MAR2418800PE.NFO,2024-02-08,13:30:00,2024-03-05,1.4,1.4,1.4,1.4,0,0,1
FINNIFTY05MAR2418800PE.NFO,2024-02-08,13:31:00,2024-03-05,1.4,1.4,1.4,1.4,0,0,1
FINNIFTY05MAR2418800PE.NFO,2024-02-08,13:32:00,2024-03-05,1.4,1.4,1.4,1.4,0,0,1
FINNIFTY05MAR2418800PE.NFO,2024-02-08,13:33:00,2024-03-05,1.4,1.4,1.4,1.4,0,0,1
FINNIFTY05MAR2418800PE.NFO,2024-02-08,13:34:00,2024-03-05,1.4,1.4,1.4,1.4,0,0,1
FINNIFTY05MAR2418800PE.NFO,2024-02-08,13:35:00,2024-03-05,1.4,1.4,1.4,1.4,0,0,1
FINNIFTY05MAR2418800PE.NFO,2024-02-08,13:36:00,2024-03-05,1.4,1.4,1.4,1.4,0,0,1
FINNIFTY05MAR2418800PE.NFO,2024-02-08,13:37:00,2024-03-05,1.4,1.4,1.4,1.4,0,0,1
FINNIFTY05MAR2418800PE.NFO,2024-02-08,13:38:00,2024-03-05,1.4,1.4,1.4,1.4,0,0,1
FINNIFTY05MAR2418800PE.NFO,2024-02-08,13:39:00,2024-03-05,1.4,1.4,1.4,1.4,0,0,1
FINNIFTY05MAR2418800PE.NFO,2024-02-08,13:40:00,2024-03-05,1.4,1.4,1.4,1.4,0,0,1
FINNIFTY05MAR2418800PE.NFO,2024-02-08,13:41:00,2024-03-05,1.4,1.4,1.4,1.4,0,0,1
FINNIFTY05MAR2418800PE.NFO,2024-02-08,13:42:00,2024-03-05,1.4,1.4,1.4,1.4,0,0,1
FINNIFTY05MAR2418800PE.NFO,2024-02-08,13:43:00,2024-03-05,1.4,1.4,1.4,1.4,0,0,1
FINNIFTY05MAR2418800PE.NFO,2024-02-08,13:44:00,2024-03-05,1.4,1.4,1.4,1.4,0,0,1
FINNIFTY05MAR2418800PE.NFO,2024-02-08,13:45:00,2024-03-05,1.4,1.4,1.4,1.4,0,0,1
FINNIFTY05MAR2418800PE.NFO,2024-02-08,13:46:00,2024-03-05,1.4,1.4,1.4,1.4,0,0,1
FINNIFTY05MAR2418800PE.NFO,2024-02-08,13:47:00,2024-03-05,1.4,1.4,1.4,1.4,0,0,1
FINNIFTY05MAR2418800PE.NFO,2024-02-08,13:48:00,2024-03-05,1.4,1.4,1.4,1.4,0,0,1
FINNIFTY05MAR2418800PE.NFO,2024-02-08,13:49:00,2024-03-05,1.4,1.4,1.4,1.4,0,0,1
FINNIFTY05MAR2418800PE.NFO,2024-02-08,13:50:00,2024-03-05,1.4,1.4,1.4,1.4,0,0,1
FINNIFTY05MAR2418800PE.NFO,2024-02-08,13:51:00,2024-03-05,1.4,1.4,1.4,1.4,0,0,1
FINNIFTY05MAR2418800PE.NFO,2024-02-08,13:52:00,2024-03-05,1.4,1.4,1.4,1.4,0,0,1
FINNIFTY05MAR2418800PE.NFO,2024-02-08,13:53:00,2024-03-05,1.4,1.4,1.4,1.4,0,0,1
FINNIFTY05MAR2418800PE.NFO,2024-02-08,13:54:00,2024-03-05,1.4,1.4,1.4,1.4,0,0,1
FINNIFTY05MAR2418800PE.NFO,2024-02-08,13:55:00,2024-03-05,1.4,1.4,1.4,1.4,0,0,1
FINNIFTY05MAR2418800PE.NFO,2024-02-08,13:56:00,2024-03-05,1.4,1.4,1.4,1.4,0,0,1
FINNIFTY05MAR2418800PE.NFO,2024-02-08,13:57:00,2024-03-05,1.4,1.4,1.4,1.4,0,0,1
FINNIFTY05MAR2418800PE.NFO,2024-02-08,13:58:00,2024-03-05,1.4,1.4,1.4,1.4,0,0,1
FINNIFTY05MAR2418800PE.NFO,2024-02-08,13:59:00,2024-03-05,1.4,1.4,1.4,1.4,0,0,1
FINNIFTY05MAR2418800PE.NFO,2024-02-08,14:00:00,2024-03-05,1.4,1.4,1.4,1.4,0,0,1
FINNIFTY05MAR2418800PE.NFO,2024-02-08,14:01:00,2024-03-05,1.4,1.4,1.4,1.4,0,0,1
FINNIFTY05MAR2418800PE.NFO,2024-02-08,14:02:00,2024-03-05,1.4,1.4,1.4,1.4,0,0,1
FINNIFTY05MAR2418800PE.NFO,2024-02-08,14:03:00,2024-03-05,1.4,1.4,1.4,1.4,0,0,1
FINNIFTY05MAR2418800PE.NFO,2024-02-08,14:04:00,2024-03-05,1.4,1.4,1.4,1.4,0,0,1
FINNIFTY05MAR2418800PE.NFO,2024-02-08,14:05:00,2024-03-05,1.4,1.4,1.4,1.4,0,0,1
FINNIFTY05MAR2418800PE.NFO,2024-02-08,14:06:00,2024-03-05,1.4,1.4,1.4,1.4,0,0,1
FINNIFTY05MAR2418800PE.NFO,2024-02-08,14:07:00,2024-03-05,1.4,1.4,1.4,1.4,0,0,1
FINNIFTY05MAR2418800PE.NFO,2024-02-08,14:08:00,2024-03-05,1.4,1.4,1.4,1.4,0,0,1
FINNIFTY05MAR2418800PE.NFO,2024-02-08,14:09:00,2024-03-05,1.4,1.4,1.4,1.4,0,0,1
FINNIFTY05MAR2418800PE.NFO,2024-02-08,14:10:00,2024-03-05,1.4,1.4,1.4,1.4,0,0,1
FINNIFTY05MAR2418800PE.NFO,2024-02-08,14:11:00,2024-03-05,1.4,1.4,1.4,1.4,0,0,1
FINNIFTY05MAR2418800PE.NFO,2024-02-08,14:12:00,2024-03-05,1.4,1.4,1.4,1.4,0,0,1
FINNIFTY05MAR2418800PE.NFO,2024-02-08,14:13:00,2024-03-05,1.4,1.4,1.4,1.4,0,0,1
FINNIFTY05MAR2418800PE.NFO,2024-02-08,14:14:00,2024-03-05,1.4,1.4,1.4,1.4,0,0,1
FINNIFTY05MAR2418800PE.NFO,2024-02-08,14:15:00,2024-03-05,1.4,1.4,1.4,1.4,0,0,1
FINNIFTY05MAR2418800PE.NFO,2024-02-08,14:16:00,2024-03-05,1.4,1.4,1.4,1.4,0,0,1
FINNIFTY05MAR2418800PE.NFO,2024-02-08,14:17:00,2024-03-05,1.4,1.4,1.4,1.4,0,0,1
FINNIFTY05MAR2418800PE.NFO,2024-02-08,14:18:00,2024-03-05,1.4,1.4,1.4,1.4,0,0,1
FINNIFTY05MAR2418800PE.NFO,2024-02-08,14:19:00,2024-03-05,1.4,1.4,1.4,1.4,0,0,1
FINNIFTY05MAR2418800PE.NFO,2024-02-08,14:20:00,2024-03-05,1.4,1.4,1.4,1.4,0,0,1
FINNIFTY05MAR2418800PE.NFO,2024-02-08,14:21:00,2024-03-05,1.4,1.4,1.4,1.4,0,0,1
FINNIFTY05MAR2418800PE.NFO,2024-02-08,14:22:00,2024-03-05,1.4,1.4,1.4,1.4,0,0,1
FINNIFTY05MAR2418800PE.NFO,2024-02-08,14:23:00,2024-03-05,1.4,1.4,1.4,1.4,0,0,1
FINNIFTY05MAR2418800PE.NFO,2024-02-08,14:24:00,2024-03-05,1.4,1.4,1.4,1.4,0,0,1
FINNIFTY05MAR2418800PE.NFO,2024-02-08,14:25:00,2024-03-05,1.4,1.4,1.4,1.4,0,0,1
FINNIFTY05MAR2418800PE.NFO,2024-02-08,14:26:00,2024-03-05,1.4,1.4,1.4,1.4,0,0,1
FINNIFTY05MAR2418800PE.NFO,2024-02-08,14:27:00,2024-03-05,1.4,1.4,1.4,1.4,0,0,1
FINNIFTY05MAR2418800PE.NFO,2024-02-08,14:28:00,2024-03-05,1.4,1.4,1.4,1.4,0,0,1
FINNIFTY05MAR2418800PE.NFO,2024-02-08,14:29:00,2024-03-05,1.4,1.4,1.4,1.4,0,0,1
FINNIFTY05MAR2418800PE.NFO,2024-02-08,14:30:00,2024-03-05,1.4,1.4,1.4,1.4,0,0,1
FINNIFTY05MAR2418800PE.NFO,2024-02-08,14:31:00,2024-03-05,1.4,1.4,1.4,1.4,0,0,1
FINNIFTY05MAR2418800PE.NFO,2024-02-08,14:32:00,2024-03-05,1.4,1.4,1.4,1.4,0,0,1
FINNIFTY05MAR2418800PE.NFO,2024-02-08,14:33:00,2024-03-05,1.4,1.4,1.4,1.4,0,0,1
FINNIFTY05MAR2418800PE.NFO,2024-02-08,14:34:00,2024-03-05,1.4,1.4,1.4,1.4,0,0,1
FINNIFTY05MAR2418800PE.NFO,2024-02-08,14:35:00,2024-03-05,1.4,1.4,1.4,1.4,0,0,1
FINNIFTY05MAR2418800PE.NFO,2024-02-08,14:36:00,2024-03-05,1.4,1.4,1.4,1.4,0,0,1
FINNIFTY05MAR2418800PE.NFO,2024-02-08,14:37:00,2024-03-05,1.4,1.4,1.4,1.4,0,0,1
FINNIFTY05MAR2418800PE.NFO,2024-02-08,14:38:00,2024-03-05,1.4,1.4,1.4,1.4,0,0,1
FINNIFTY05MAR2418800PE.NFO,2024-02-08,14:39:00,2024-03-05,1.4,1.4,1.4,1.4,0,0,1
FINNIFTY05MAR2418800PE.NFO,2024-02-08,14:40:00,2024-03-05,1.4,1.4,1.4,1.4,0,0,1
FINNIFTY05MAR2418800PE.NFO,2024-02-08,14:41:00,2024-03-05,1.4,1.4,1.4,1.4,0,0,1
FINNIFTY05MAR2418800PE.NFO,2024-02-08,14:42:00,2024-03-05,1.4,1.4,1.4,1.4,0,0,1
FINNIFTY05MAR2418800PE.NFO,2024-02-08,14:43:00,2024-03-05,1.4,1.4,1.4,1.4,0,0,1
FINNIFTY05MAR2418800PE.NFO,2024-02-08,14:44:00,2024-03-05,1.4,1.4,1.4,1.4,0,0,1
FINNIFTY05MAR2418800PE.NFO,2024-02-08,14:45:00,2024-03-05,1.4,1.4,1.4,1.4,0,0,1
FINNIFTY05MAR2418800PE.NFO,2024-02-08,14:46:00,2024-03-05,1.4,1.4,1.4,1.4,0,0,1
FINNIFTY05MAR2418800PE.NFO,2024-02-08,14:47:00,2024-03-05,1.4,1.4,1.4,1.4,0,0,1
FINNIFTY05MAR2418800PE.NFO,2024-02-08,14:48:00,2024-03-05,1.4,1.4,1.4,1.4,0,0,1
FINNIFTY05MAR2418800PE.NFO,2024-02-08,14:49:00,2024-03-05,1.4,1.4,1.4,1.4,0,0,1
FINNIFTY05MAR2418800PE.NFO,2024-02-08,14:50:00,2024-03-05,1.4,1.4,1.4,1.4,0,0,1
FINNIFTY05MAR2418800PE.NFO,2024-02-08,14:51:00,2024-03-05,1.4,1.4,1.4,1.4,0,0,1
FINNIFTY05MAR2418800PE.NFO,2024-02-08,14:52:00,2024-03-05,1.4,1.4,1.4,1.4,0,0,1
FINNIFTY05MAR2418800PE.NFO,2024-02-08,14:53:00,2024-03-05,1.4,1.4,1.4,1.4,0,0,1
FINNIFTY05MAR2418800PE.NFO,2024-02-08,14:54:00,2024-03-05,1.4,1.4,1.4,1.4,0,0,1
FINNIFTY05MAR2418800PE.NFO,2024-02-08,14:55:00,2024-03-05,1.4,1.4,1.4,1.4,0,0,1
FINNIFTY05MAR2418800PE.NFO,2024-02-08,14:56:00,2024-03-05,1.4,1.4,1.4,1.4,0,0,1
FINNIFTY05MAR2418800PE.NFO,2024-02-08,14:57:00,2024-03-05,1.4,1.4,1.4,1.4,0,0,1
FINNIFTY05MAR2418800PE.NFO,2024-02-08,14:58:00,2024-03-05,1.4,1.4,1.4,1.4,0,0,1
FINNIFTY05MAR2418800PE.NFO,2024-02-08,14:59:00,2024-03-05,1.4,1.4,1.4,1.4,0,0,1
FINNIFTY05MAR2418800PE.NFO,2024-02-08,15:00:00,2024-03-05,1.4,1.4,1.4,1.4,0,0,1
FINNIFTY05MAR2418800PE.NFO,2024-02-08,15:01:00,2024-03-05,1.4,1.4,1.4,1.4,0,0,1
FINNIFTY05MAR2418800PE.NFO,2024-02-08,15:02:00,2024-03-05,1.4,1.4,1.4,1.4,0,0,1
FINNIFTY05MAR2418800PE.NFO,2024-02-08,15:03:00,2024-03-05,1.4,1.4,1.4,1.4,0,0,1
FINNIFTY05MAR2418800PE.NFO,2024-02-08,15:04:00,2024-03-05,1.4,1.4,1.4,1.4,0,0,1
FINNIFTY05MAR2418800PE.NFO,2024-02-08,15:05:00,2024-03-05,1.4,1.4,1.4,1.4,0,0,1
FINNIFTY05MAR2418800PE.NFO,2024-02-08,15:06:00,2024-03-05,1.4,1.4,1.4,1.4,0,0,1
FINNIFTY05MAR2418800PE.NFO,2024-02-08,15:07:00,2024-03-05,1.4,1.4,1.4,1.4,0,0,1
FINNIFTY05MAR2418800PE.NFO,2024-02-08,15:08:00,2024-03-05,1.4,1.4,1.4,1.4,0,0,1
FINNIFTY05MAR2418800PE.NFO,2024-02-08,15:09:00,2024-03-05,1.4,1.4,1.4,1.4,0,0,1
FINNIFTY05MAR2418800PE.NFO,2024-02-08,15:10:00,2024-03-05,1.4,1.4,1.4,1.4,0,0,1
FINNIFTY05MAR2418800PE.NFO,2024-02-08,15:11:00,2024-03-05,1.4,1.4,1.4,1.4,0,0,1
FINNIFTY05MAR2418800PE.NFO,2024-02-08,15:12:00,2024-03-05,1.4,1.4,1.4,1.4,0,0,1
FINNIFTY05MAR2418800PE.NFO,2024-02-08,15:13:00,2024-03-05,1.4,1.4,1.4,1.4,0,0,1
FINNIFTY05MAR2418800PE.NFO,2024-02-08,15:14:00,2024-03-05,1.4,1.4,1.4,1.4,0,0,1
FINNIFTY05MAR2418800PE.NFO,2024-02-08,15:15:00,2024-03-05,1.4,1.4,1.4,1.4,0,0,1
FINNIFTY05MAR2418800PE.NFO,2024-02-08,15:16:00,2024-03-05,1.4,1.4,1.4,1.4,0,0,1
FINNIFTY05MAR2418800PE.NFO,2024-02-08,15:17:00,2024-03-05,1.4,1.4,1.4,1.4,0,0,1
FINNIFTY05MAR2418800PE.NFO,2024-02-08,15:18:00,2024-03-05,1.4,1.4,1.4,1.4,0,0,1
FINNIFTY05MAR2418800PE.NFO,2024-02-08,15:19:00,2024-03-05,1.4,1.4,1.4,1.4,0,0,1
FINNIFTY05MAR2418800PE.NFO,2024-02-08,15:20:00,2024-03-05,1.4,1.4,1.4,1.4,0,0,1
FINNIFTY05MAR2418800PE.NFO,2024-02-08,15:21:00,2024-03-05,1.4,1.4,1.4,1.4,0,0,1
FINNIFTY05MAR2418800PE.NFO,2024-02-08,15:22:00,2024-03-05,1.4,1.4,1.4,1.4,0,0,1
FINNIFTY05MAR2418800PE.NFO,2024-02-08,15:23:00,2024-03-05,1.4,1.4,1.4,1.4,0,0,1
FINNIFTY05MAR2418800PE.NFO,2024-02-08,15:24:00,2024-03-05,1.4,1.4,1.4,1.4,0,0,1
FINNIFTY05MAR2418800PE.NFO,2024-02-08,15:25:00,2024-03-05,1.4,1.4,1.4,1.4,0,0,1
FINNIFTY05MAR2418800PE.NFO,2024-02-08,15:26:00,2024-03-05,1.4,1.4,1.4,1.4,0,0,1
FINNIFTY05MAR2418800PE.NFO,2024-02-08,15:27:00,2024-03-05,1.4,1.4,1.4,1.4,0,0,1
FINNIFTY05MAR2418800PE.NFO,2024-02-08,15:28:00,2024-03-05,1.4,1.4,1.4,1.4,0,0,1
FINNIFTY05MAR2418800PE.NFO,2024-02-08,15:29:00,2024-03-05,1.4,1.4,1.4,1.4,0,0,1
FINNIFTY05MAR2418800PE.NFO,2024-02-08,15:30:00,2024-03-05,1.4,1.4,1.4,1.4,0,0,1
FINNIFTY05MAR2418800PE.NFO,2024-02-09,09:15:00,2024-03-05,1.4,1.4,1.4,1.4,0,0,0
FINNIFTY05MAR2418800PE.NFO,2024-02-09,09:16:00,2024-03-05,1.4,1.4,1.4,1.4,0,0,1
FINNIFTY05MAR2418800PE.NFO,2024-02-09,09:17:00,2024-03-05,1.4,1.4,1.4,1.4,0,0,1
FINNIFTY05MAR2418800PE.NFO,2024-02-09,09:18:00,2024-03-05,1.4,1.4,1.4,1.4,0,0,1
FINNIFTY05MAR2418800PE.NFO,2024-02-09,09:19:00,2024-03-05,1.4,1.4,1.4,1.4,0,0,1
FINNIFTY05MAR2418800PE.NFO,2024-02-09,09:20:00,2024-03-05,1.4,1.4,1.4,1.4,0,0,1
FINNIFTY05MAR2418800PE.NFO,2024-02-09,09:21:00,2024-03-05,1.4,1.4,1.4,1.4,0,0,1
FINNIFTY05MAR2418800PE.NFO,2024-02-09,09:22:00,2024-03-05,1.4,1.4,1.4,1.4,0,0,1
FINNIFTY05MAR2418800PE.NFO,2024-02-09,09:23:00,2024-03-05,1.4,1.4,1.4,1.4,0,0,1
FINNIFTY05MAR2418800PE.NFO,2024-02-09,09:24:00,2024-03-05,1.4,1.4,1.4,1.4,0,0,1
FINNIFTY05MAR2418800PE.NFO,2024-02-09,09:25:00,2024-03-05,1.4,1.4,1.4,1.4,0,0,1
FINNIFTY05MAR2418800PE.NFO,2024-02-09,09:26:00,2024-03-05,1.4,1.4,1.4,1.4,0,0,1
FINNIFTY05MAR2418800PE.NFO,2024-02-09,09:27:00,2024-03-05,1.4,1.4,1.4,1.4,0,0,1
FINNIFTY05MAR2418800PE.NFO,2024-02-09,09:28:00,2024-03-05,1.4,1.4,1.4,1.4,0,0,1
FINNIFTY05MAR2418800PE.NFO,2024-02-09,09:29:00,2024-03-05,1.4,1.4,1.4,1.4,0,0,1
FINNIFTY05MAR2418800PE.NFO,2024-02-09,09:30:00,2024-03-05,1.4,1.4,1.4,1.4,0,0,1
FINNIFTY05MAR2418800PE.NFO,2024-02-09,09:31:00,2024-03-05,1.4,1.4,1.4,1.4,0,0,1
FINNIFTY05MAR2418800PE.NFO,2024-02-09,09:32:00,2024-03-05,1.4,1.4,1.4,1.4,0,0,1
FINNIFTY05MAR2418800PE.NFO,2024-02-09,09:33:00,2024-03-05,1.4,1.4,1.4,1.4,0,0,1
FINNIFTY05MAR2418800PE.NFO,2024-02-09,09:34:00,2024-03-05,1.4,1.4,1.4,1.4,0,0,1
FINNIFTY05MAR2418800PE.NFO,2024-02-09,09:35:00,2024-03-05,1.4,1.4,1.4,1.4,0,0,1
FINNIFTY05MAR2418800PE.NFO,2024-02-09,09:36:00,2024-03-05,1.4,1.4,1.4,1.4,0,0,1
FINNIFTY05MAR2418800PE.NFO,2024-02-09,09:37:00,2024-03-05,1.4,1.4,1.4,1.4,0,0,1
FINNIFTY05MAR2418800PE.NFO,2024-02-09,09:38:00,2024-03-05,1.4,1.4,1.4,1.4,0,0,1
FINNIFTY05MAR2418800PE.NFO,2024-02-09,09:39:00,2024-03-05,1.4,1.4,1.4,1.4,0,0,1
FINNIFTY05MAR2418800PE.NFO,2024-02-09,09:40:00,2024-03-05,1.4,1.4,1.4,1.4,0,0,1
FINNIFTY05MAR2418800PE.NFO,2024-02-09,09:41:00,2024-03-05,1.4,1.4,1.4,1.4,0,0,1
FINNIFTY05MAR2418800PE.NFO,2024-02-09,09:42:00,2024-03-05,1.4,1.4,1.4,1.4,0,0,1
FINNIFTY05MAR2418800PE.NFO,2024-02-09,09:43:00,2024-03-05,1.4,1.4,1.4,1.4,0,0,1
FINNIFTY05MAR2418800PE.NFO,2024-02-09,09:44:00,2024-03-05,1.4,1.4,1.4,1.4,0,0,1
FINNIFTY05MAR2418800PE.NFO,2024-02-09,09:45:00,2024-03-05,1.4,1.4,1.4,1.4,0,0,1
FINNIFTY05MAR2418800PE.NFO,2024-02-09,09:46:00,2024-03-05,1.4,1.4,1.4,1.4,0,0,1
FINNIFTY05MAR2418800PE.NFO,2024-02-09,09:47:00,2024-03-05,1.4,1.4,1.4,1.4,0,0,1
FINNIFTY05MAR2418800PE.NFO,2024-02-09,09:48:00,2024-03-05,1.4,1.4,1.4,1.4,0,0,1
FINNIFTY05MAR2418800PE.NFO,2024-02-09,09:49:00,2024-03-05,1.4,1.4,1.4,1.4,0,0,1
FINNIFTY05MAR2418800PE.NFO,2024-02-09,09:50:00,2024-03-05,1.4,1.4,1.4,1.4,0,0,1
FINNIFTY05MAR2418800PE.NFO,2024-02-09,09:51:00,2024-03-05,1.4,1.4,1.4,1.4,0,0,1
FINNIFTY05MAR2418800PE.NFO,2024-02-09,09:52:00,2024-03-05,1.4,1.4,1.4,1.4,0,0,1
FINNIFTY05MAR2418800PE.NFO,2024-02-09,09:53:00,2024-03-05,1.4,1.4,1.4,1.4,0,0,1
FINNIFTY05MAR2418800PE.NFO,2024-02-09,09:54:00,2024-03-05,1.4,1.4,1.4,1.4,0,0,1
FINNIFTY05MAR2418800PE.NFO,2024-02-09,09:55:00,2024-03-05,1.4,1.4,1.4,1.4,0,0,1
FINNIFTY05MAR2418800PE.NFO,2024-02-09,09:56:00,2024-03-05,1.4,1.4,1.4,1.4,0,0,1
FINNIFTY05MAR2418800PE.NFO,2024-02-09,09:57:00,2024-03-05,1.4,1.4,1.4,1.4,0,0,1
FINNIFTY05MAR2418800PE.NFO,2024-02-09,09:58:00,2024-03-05,1.4,1.4,1.4,1.4,0,0,1
FINNIFTY05MAR2418800PE.NFO,2024-02-09,09:59:00,2024-03-05,1.4,1.4,1.4,1.4,0,0,1
FINNIFTY05MAR2418800PE.NFO,2024-02-09,10:00:00,2024-03-05,1.4,1.4,1.4,1.4,0,0,1
FINNIFTY05MAR2418800PE.NFO,2024-02-09,10:01:00,2024-03-05,1.4,1.4,1.4,1.4,0,0,1
FINNIFTY05MAR2418800PE.NFO,2024-02-09,10:02:00,2024-03-05,1.4,1.4,1.4,1.4,0,0,1
FINNIFTY05MAR2418800PE.NFO,2024-02-09,10:03:00,2024-03-05,1.4,1.4,1.4,1.4,0,0,1
FINNIFTY05MAR2418800PE.NFO,2024-02-09,10:04:00,2024-03-05,1.4,1.4,1.4,1.4,0,0,1
FINNIFTY05MAR2418800PE.NFO,2024-02-09,10:05:00,2024-03-05,1.4,1.4,1.4,1.4,0,0,1
FINNIFTY05MAR2418800PE.NFO,2024-02-09,10:06:00,2024-03-05,1.4,1.4,1.4,1.4,0,0,1
FINNIFTY05MAR2418800PE.NFO,2024-02-09,10:07:00,2024-03-05,1.4,1.4,1.4,1.4,0,0,1
FINNIFTY05MAR2418800PE.NFO,2024-02-09,10:08:00,2024-03-05,1.4,1.4,1.4,1.4,0,0,1
FINNIFTY05MAR2418800PE.NFO,2024-02-09,10:09:00,2024-03-05,1.4,1.4,1.4,1.4,0,0,1
FINNIFTY05MAR2418800PE.NFO,2024-02-09,10:10:00,2024-03-05,1.4,1.4,1.4,1.4,0,0,1
FINNIFTY05MAR2418800PE.NFO,2024-02-09,10:11:00,2024-03-05,1.4,1.4,1.4,1.4,0,0,1
FINNIFTY05MAR2418800PE.NFO,2024-02-09,10:12:00,2024-03-05,1.4,1.4,1.4,1.4,0,0,1
FINNIFTY05MAR2418800PE.NFO,2024-02-09,10:13:00,2024-03-05,1.4,1.4,1.4,1.4,0,0,1
FINNIFTY05MAR2418800PE.NFO,2024-02-09,10:14:00,2024-03-05,1.4,1.4,1.4,1.4,0,0,1
FINNIFTY05MAR2418800PE.NFO,2024-02-09,10:15:00,2024-03-05,1.4,1.4,1.4,1.4,0,0,1
FINNIFTY05MAR2418800PE.NFO,2024-02-09,10:16:00,2024-03-05,1.4,1.4,1.4,1.4,0,0,1
FINNIFTY05MAR2418800PE.NFO,2024-02-09,10:17:00,2024-03-05,1.4,1.4,1.4,1.4,0,0,1
FINNIFTY05MAR2418800PE.NFO,2024-02-09,10:18:00,2024-03-05,1.4,1.4,1.4,1.4,0,0,1
FINNIFTY05MAR2418800PE.NFO,2024-02-09,10:19:00,2024-03-05,1.4,1.4,1.4,1.4,0,0,1
FINNIFTY05MAR2418800PE.NFO,2024-02-09,10:20:00,2024-03-05,1.4,1.4,1.4,1.4,0,0,1
FINNIFTY05MAR2418800PE.NFO,2024-02-09,10:21:00,2024-03-05,1.4,1.4,1.4,1.4,0,0,1
FINNIFTY05MAR2418800PE.NFO,2024-02-09,10:22:00,2024-03-05,1.4,1.4,1.4,1.4,0,0,1
FINNIFTY05MAR2418800PE.NFO,2024-02-09,10:23:00,2024-03-05,1.4,1.4,1.4,1.4,0,0,1
FINNIFTY05MAR2418800PE.NFO,2024-02-09,10:24:00,2024-03-05,1.4,1.4,1.4,1.4,0,0,1
FINNIFTY05MAR2418800PE.NFO,2024-02-09,10:25:00,2024-03-05,1.4,1.4,1.4,1.4,0,0,1
FINNIFTY05MAR2418800PE.NFO,2024-02-09,10:26:00,2024-03-05,1.4,1.4,1.4,1.4,0,0,1
FINNIFTY05MAR2418800PE.NFO,2024-02-09,10:27:00,2024-03-05,1.4,1.4,1.4,1.4,0,0,1
FINNIFTY05MAR2418800PE.NFO,2024-02-09,10:28:00,2024-03-05,1.4,1.4,1.4,1.4,0,0,1
FINNIFTY05MAR2418800PE.NFO,2024-02-09,10:29:00,2024-03-05,1.4,1.4,1.4,1.4,0,0,1
FINNIFTY05MAR2418800PE.NFO,2024-02-09,10:30:00,2024-03-05,1.4,1.4,1.4,1.4,0,0,1
FINNIFTY05MAR2418800PE.NFO,2024-02-09,10:31:00,2024-03-05,1.4,1.4,1.4,1.4,0,0,1
FINNIFTY05MAR2418800PE.NFO,2024-02-09,10:32:00,2024-03-05,1.4,1.4,1.4,1.4,0,0,1
FINNIFTY05MAR2418800PE.NFO,2024-02-09,10:33:00,2024-03-05,1.4,1.4,1.4,1.4,0,0,1
FINNIFTY05MAR2418800PE.NFO,2024-02-09,10:34:00,2024-03-05,1.4,1.4,1.4,1.4,0,0,1
FINNIFTY05MAR2418800PE.NFO,2024-02-09,10:35:00,2024-03-05,1.4,1.4,1.4,1.4,0,0,1
FINNIFTY05MAR2418800PE.NFO,2024-02-09,10:36:00,2024-03-05,1.4,1.4,1.4,1.4,0,0,1
FINNIFTY05MAR2418800PE.NFO,2024-02-09,10:37:00,2024-03-05,1.4,1.4,1.4,1.4,0,0,1
FINNIFTY05MAR2418800PE.NFO,2024-02-09,10:38:00,2024-03-05,1.4,1.4,1.4,1.4,0,0,1
FINNIFTY05MAR2418800PE.NFO,2024-02-09,10:39:00,2024-03-05,1.4,1.4,1.4,1.4,0,0,1
FINNIFTY05MAR2418800PE.NFO,2024-02-09,10:40:00,2024-03-05,1.4,1.4,1.4,1.4,0,0,1
FINNIFTY05MAR2418800PE.NFO,2024-02-09,10:41:00,2024-03-05,1.4,1.4,1.4,1.4,0,0,1
FINNIFTY05MAR2418800PE.NFO,2024-02-09,10:42:00,2024-03-05,1.4,1.4,1.4,1.4,0,0,1
FINNIFTY05MAR2418800PE.NFO,2024-02-09,10:43:00,2024-03-05,1.4,1.4,1.4,1.4,0,0,1
FINNIFTY05MAR2418800PE.NFO,2024-02-09,10:44:00,2024-03-05,1.4,1.4,1.4,1.4,0,0,1
FINNIFTY05MAR2418800PE.NFO,2024-02-09,10:45:00,2024-03-05,1.4,1.4,1.4,1.4,0,0,1
FINNIFTY05MAR2418800PE.NFO,2024-02-09,10:46:00,2024-03-05,1.4,1.4,1.4,1.4,0,0,1
FINNIFTY05MAR2418800PE.NFO,2024-02-09,10:47:00,2024-03-05,1.4,1.4,1.4,1.4,0,0,1
FINNIFTY05MAR2418800PE.NFO,2024-02-09,10:48:00,2024-03-05,1.4,1.4,1.4,1.4,0,0,1
FINNIFTY05MAR2418800PE.NFO,2024-02-09,10:49:00,2024-03-05,1.4,1.4,1.4,1.4,0,0,1
FINNIFTY05MAR2418800PE.NFO,2024-02-09,10:50:00,2024-03-05,1.4,1.4,1.4,1.4,0,0,1
FINNIFTY05MAR2418800PE.NFO,2024-02-09,10:51:00,2024-03-05,1.4,1.4,1.4,1.4,0,0,1
FINNIFTY05MAR2418800PE.NFO,2024-02-09,10:52:00,2024-03-05,1.4,1.4,1.4,1.4,0,0,1
FINNIFTY05MAR2418800PE.NFO,2024-02-09,10:53:00,2024-03-05,1.4,1.4,1.4,1.4,0,0,1
FINNIFTY05MAR2418800PE.NFO,2024-02-09,10:54:00,2024-03-05,1.4,1.4,1.4,1.4,0,0,1
FINNIFTY05MAR2418800PE.NFO,2024-02-09,10:55:00,2024-03-05,1.4,1.4,1.4,1.4,0,0,1
FINNIFTY05MAR2418800PE.NFO,2024-02-09,10:56:00,2024-03-05,1.4,1.4,1.4,1.4,0,0,1
FINNIFTY05MAR2418800PE.NFO,2024-02-09,10:57:00,2024-03-05,1.4,1.4,1.4,1.4,0,0,1
FINNIFTY05MAR2418800PE.NFO,2024-02-09,10:58:00,2024-03-05,1.4,1.4,1.4,1.4,0,0,1
FINNIFTY05MAR2418800PE.NFO,2024-02-09,10:59:00,2024-03-05,1.4,1.4,1.4,1.4,0,0,1
FINNIFTY05MAR2418800PE.NFO,2024-02-09,11:00:00,2024-03-05,1.4,1.4,1.4,1.4,0,0,1
FINNIFTY05MAR2418800PE.NFO,2024-02-09,11:01:00,2024-03-05,1.4,1.4,1.4,1.4,0,0,1
FINNIFTY05MAR2418800PE.NFO,2024-02-09,11:02:00,2024-03-05,1.4,1.4,1.4,1.4,0,0,1
FINNIFTY05MAR2418800PE.NFO,2024-02-09,11:03:00,2024-03-05,1.4,1.4,1.4,1.4,0,0,1
FINNIFTY05MAR2418800PE.NFO,2024-02-09,11:04:00,2024-03-05,1.4,1.4,1.4,1.4,0,0,1
FINNIFTY05MAR2418800PE.NFO,2024-02-09,11:05:00,2024-03-05,1.4,1.4,1.4,1.4,0,0,1
FINNIFTY05MAR2418800PE.NFO,2024-02-09,11:06:00,2024-03-05,1.4,1.4,1.4,1.4,0,0,1
FINNIFTY05MAR2418800PE.NFO,2024-02-09,11:07:00,2024-03-05,1.4,1.4,1.4,1.4,0,0,1
FINNIFTY05MAR2418800PE.NFO,2024-02-09,11:08:00,2024-03-05,1.4,1.4,1.4,1.4,0,0,1
FINNIFTY05MAR2418800PE.NFO,2024-02-09,11:09:00,2024-03-05,1.4,1.4,1.4,1.4,0,0,1
FINNIFTY05MAR2418800PE.NFO,2024-02-09,11:10:00,2024-03-05,1.4,1.4,1.4,1.4,0,0,1
FINNIFTY05MAR2418800PE.NFO,2024-02-09,11:11:00,2024-03-05,1.4,1.4,1.4,1.4,0,0,1
FINNIFTY05MAR2418800PE.NFO,2024-02-09,11:12:00,2024-03-05,1.4,1.4,1.4,1.4,0,0,1
FINNIFTY05MAR2418800PE.NFO,2024-02-09,11:13:00,2024-03-05,1.4,1.4,1.4,1.4,0,0,1
FINNIFTY05MAR2418800PE.NFO,2024-02-09,11:14:00,2024-03-05,1.4,1.4,1.4,1.4,0,0,1
FINNIFTY05MAR2418800PE.NFO,2024-02-09,11:15:00,2024-03-05,1.4,1.4,1.4,1.4,0,0,1
FINNIFTY05MAR2418800PE.NFO,2024-02-09,11:16:00,2024-03-05,1.4,1.4,1.4,1.4,0,0,1
FINNIFTY05MAR2418800PE.NFO,2024-02-09,11:17:00,2024-03-05,1.4,1.4,1.4,1.4,0,0,1
FINNIFTY05MAR2418800PE.NFO,2024-02-09,11:18:00,2024-03-05,1.4,1.4,1.4,1.4,0,0,1
FINNIFTY05MAR2418800PE.NFO,2024-02-09,11:19:00,2024-03-05,1.4,1.4,1.4,1.4,0,0,1
FINNIFTY05MAR2418800PE.NFO,2024-02-09,11:20:00,2024-03-05,1.4,1.4,1.4,1.4,0,0,1
FINNIFTY05MAR2418800PE.NFO,2024-02-09,11:21:00,2024-03-05,1.4,1.4,1.4,1.4,0,0,1
FINNIFTY05MAR2418800PE.NFO,2024-02-09,11:22:00,2024-03-05,1.4,1.4,1.4,1.4,0,0,1
FINNIFTY05MAR2418800PE.NFO,2024-02-09,11:23:00,2024-03-05,1.4,1.4,1.4,1.4,0,0,1
FINNIFTY05MAR2418800PE.NFO,2024-02-09,11:24:00,2024-03-05,1.4,1.4,1.4,1.4,0,0,1
FINNIFTY05MAR2418800PE.NFO,2024-02-09,11:25:00,2024-03-05,1.4,1.4,1.4,1.4,0,0,1
FINNIFTY05MAR2418800PE.NFO,2024-02-09,11:26:00,2024-03-05,1.4,1.4,1.4,1.4,0,0,1
FINNIFTY05MAR2418800PE.NFO,2024-02-09,11:27:00,2024-03-05,1.4,1.4,1.4,1.4,0,0,1
FINNIFTY05MAR2418800PE.NFO,2024-02-09,11:28:00,2024-03-05,1.4,1.4,1.4,1.4,0,0,1
FINNIFTY05MAR2418800PE.NFO,2024-02-09,11:29:00,2024-03-05,1.4,1.4,1.4,1.4,0,0,1
FINNIFTY05MAR2418800PE.NFO,2024-02-09,11:30:00,2024-03-05,1.4,1.4,1.4,1.4,0,0,1
FINNIFTY05MAR2418800PE.NFO,2024-02-09,11:31:00,2024-03-05,1.4,1.4,1.4,1.4,0,0,1
FINNIFTY05MAR2418800PE.NFO,2024-02-09,11:32:00,2024-03-05,1.4,1.4,1.4,1.4,0,0,1
FINNIFTY05MAR2418800PE.NFO,2024-02-09,11:33:00,2024-03-05,1.4,1.4,1.4,1.4,0,0,1
FINNIFTY05MAR2418800PE.NFO,2024-02-09,11:34:00,2024-03-05,1.4,1.4,1.4,1.4,0,0,1
FINNIFTY05MAR2418800PE.NFO,2024-02-09,11:35:00,2024-03-05,1.4,1.4,1.4,1.4,0,0,1
FINNIFTY05MAR2418800PE.NFO,2024-02-09,11:36:00,2024-03-05,1.4,1.4,1.4,1.4,0,0,1
FINNIFTY05MAR2418800PE.NFO,2024-02-09,11:37:00,2024-03-05,1.4,1.4,1.4,1.4,0,0,1
FINNIFTY05MAR2418800PE.NFO,2024-02-09,11:38:00,2024-03-05,1.4,1.4,1.4,1.4,0,0,1
FINNIFTY05MAR2418800PE.NFO,2024-02-09,11:39:00,2024-03-05,1.4,1.4,1.4,1.4,0,0,1
FINNIFTY05MAR2418800PE.NFO,2024-02-09,11:40:00,2024-03-05,1.4,1.4,1.4,1.4,0,0,1
FINNIFTY05MAR2418800PE.NFO,2024-02-09,11:41:00,2024-03-05,1.4,1.4,1.4,1.4,0,0,1
FINNIFTY05MAR2418800PE.NFO,2024-02-09,11:42:00,2024-03-05,1.4,1.4,1.4,1.4,0,0,1
FINNIFTY05MAR2418800PE.NFO,2024-02-09,11:43:00,2024-03-05,1.4,1.4,1.4,1.4,0,0,1
FINNIFTY05MAR2418800PE.NFO,2024-02-09,11:44:00,2024-03-05,1.4,1.4,1.4,1.4,0,0,1
FINNIFTY05MAR2418800PE.NFO,2024-02-09,11:45:00,2024-03-05,1.4,1.4,1.4,1.4,0,0,1
FINNIFTY05MAR2418800PE.NFO,2024-02-09,11:46:00,2024-03-05,1.4,1.4,1.4,1.4,0,0,1
FINNIFTY05MAR2418800PE.NFO,2024-02-09,11:47:00,2024-03-05,1.4,1.4,1.4,1.4,0,0,1
FINNIFTY05MAR2418800PE.NFO,2024-02-09,11:48:00,2024-03-05,1.4,1.4,1.4,1.4,0,0,1
FINNIFTY05MAR2418800PE.NFO,2024-02-09,11:49:00,2024-03-05,1.4,1.4,1.4,1.4,0,0,1
FINNIFTY05MAR2418800PE.NFO,2024-02-09,11:50:00,2024-03-05,1.4,1.4,1.4,1.4,0,0,1
FINNIFTY05MAR2418800PE.NFO,2024-02-09,11:51:00,2024-03-05,1.4,1.4,1.4,1.4,0,0,1
FINNIFTY05MAR2418800PE.NFO,2024-02-09,11:52:00,2024-03-05,1.4,1.4,1.4,1.4,0,0,1
FINNIFTY05MAR2418800PE.NFO,2024-02-09,11:53:00,2024-03-05,1.4,1.4,1.4,1.4,0,0,1
FINNIFTY05MAR2418800PE.NFO,2024-02-09,11:54:00,2024-03-05,1.4,1.4,1.4,1.4,0,0,1
FINNIFTY05MAR2418800PE.NFO,2024-02-09,11:55:00,2024-03-05,1.4,1.4,1.4,1.4,0,0,1
FINNIFTY05MAR2418800PE.NFO,2024-02-09,11:56:00,2024-03-05,1.4,1.4,1.4,1.4,0,0,1
FINNIFTY05MAR2418800PE.NFO,2024-02-09,11:57:00,2024-03-05,1.4,1.4,1.4,1.4,0,0,1
FINNIFTY05MAR2418800PE.NFO,2024-02-09,11:58:00,2024-03-05,1.4,1.4,1.4,1.4,0,0,1
FINNIFTY05MAR2418800PE.NFO,2024-02-09,11:59:00,2024-03-05,1.4,1.4,1.4,1.4,0,0,1
FINNIFTY05MAR2418800PE.NFO,2024-02-09,12:00:00,2024-03-05,1.4,1.4,1.4,1.4,0,0,1
FINNIFTY05MAR2418800PE.NFO,2024-02-09,12:01:00,2024-03-05,1.4,1.4,1.4,1.4,0,0,1
FINNIFTY05MAR2418800PE.NFO,2024-02-09,12:02:00,2024-03-05,1.4,1.4,1.4,1.4,0,0,1
FINNIFTY05MAR2418800PE.NFO,2024-02-09,12:03:00,2024-03-05,1.4,1.4,1.4,1.4,0,0,1
FINNIFTY05MAR2418800PE.NFO,2024-02-09,12:04:00,2024-03-05,1.4,1.4,1.4,1.4,0,0,1
FINNIFTY05MAR2418800PE.NFO,2024-02-09,12:05:00,2024-03-05,1.4,1.4,1.4,1.4,0,0,1
FINNIFTY05MAR2418800PE.NFO,2024-02-09,12:06:00,2024-03-05,1.4,1.4,1.4,1.4,0,0,1
FINNIFTY05MAR2418800PE.NFO,2024-02-09,12:07:00,2024-03-05,1.4,1.4,1.4,1.4,0,0,1
FINNIFTY05MAR2418800PE.NFO,2024-02-09,12:08:00,2024-03-05,1.4,1.4,1.4,1.4,0,0,1
FINNIFTY05MAR2418800PE.NFO,2024-02-09,12:09:00,2024-03-05,1.4,1.4,1.4,1.4,0,0,1
FINNIFTY05MAR2418800PE.NFO,2024-02-09,12:10:00,2024-03-05,1.4,1.4,1.4,1.4,0,0,1
FINNIFTY05MAR2418800PE.NFO,2024-02-09,12:11:00,2024-03-05,1.4,1.4,1.4,1.4,0,0,1
FINNIFTY05MAR2418800PE.NFO,2024-02-09,12:12:00,2024-03-05,1.4,1.4,1.4,1.4,0,0,1
FINNIFTY05MAR2418800PE.NFO,2024-02-09,12:13:00,2024-03-05,1.4,1.4,1.4,1.4,0,0,1
FINNIFTY05MAR2418800PE.NFO,2024-02-09,12:14:00,2024-03-05,1.4,1.4,1.4,1.4,0,0,1
FINNIFTY05MAR2418800PE.NFO,2024-02-09,12:15:00,2024-03-05,1.4,1.4,1.4,1.4,0,0,1
FINNIFTY05MAR2418800PE.NFO,2024-02-09,12:16:00,2024-03-05,1.4,1.4,1.4,1.4,0,0,1
FINNIFTY05MAR2418800PE.NFO,2024-02-09,12:17:00,2024-03-05,1.4,1.4,1.4,1.4,0,0,1
FINNIFTY05MAR2418800PE.NFO,2024-02-09,12:18:00,2024-03-05,1.4,1.4,1.4,1.4,0,0,1
FINNIFTY05MAR2418800PE.NFO,2024-02-09,12:19:00,2024-03-05,1.4,1.4,1.4,1.4,0,0,1
FINNIFTY05MAR2418800PE.NFO,2024-02-09,12:20:00,2024-03-05,1.4,1.4,1.4,1.4,0,0,1
FINNIFTY05MAR2418800PE.NFO,2024-02-09,12:21:00,2024-03-05,1.4,1.4,1.4,1.4,0,0,1
FINNIFTY05MAR2418800PE.NFO,2024-02-09,12:22:00,2024-03-05,1.4,1.4,1.4,1.4,0,0,1
FINNIFTY05MAR2418800PE.NFO,2024-02-09,12:23:00,2024-03-05,1.4,1.4,1.4,1.4,0,0,1
FINNIFTY05MAR2418800PE.NFO,2024-02-09,12:24:00,2024-03-05,1.4,1.4,1.4,1.4,0,0,1
FINNIFTY05MAR2418800PE.NFO,2024-02-09,12:25:00,2024-03-05,1.4,1.4,1.4,1.4,0,0,1
FINNIFTY05MAR2418800PE.NFO,2024-02-09,12:26:00,2024-03-05,1.4,1.4,1.4,1.4,0,0,1
FINNIFTY05MAR2418800PE.NFO,2024-02-09,12:27:00,2024-03-05,1.4,1.4,1.4,1.4,0,0,1
FINNIFTY05MAR2418800PE.NFO,2024-02-09,12:28:00,2024-03-05,1.4,1.4,1.4,1.4,0,0,1
FINNIFTY05MAR2418800PE.NFO,2024-02-09,12:29:00,2024-03-05,1.4,1.4,1.4,1.4,0,0,1
FINNIFTY05MAR2418800PE.NFO,2024-02-09,12:30:00,2024-03-05,1.4,1.4,1.4,1.4,0,0,1
FINNIFTY05MAR2418800PE.NFO,2024-02-09,12:31:00,2024-03-05,1.4,1.4,1.4,1.4,0,0,1
FINNIFTY05MAR2418800PE.NFO,2024-02-09,12:32:00,2024-03-05,1.4,1.4,1.4,1.4,0,0,1
FINNIFTY05MAR2418800PE.NFO,2024-02-09,12:33:00,2024-03-05,1.4,1.4,1.4,1.4,0,0,1
FINNIFTY05MAR2418800PE.NFO,2024-02-09,12:34:00,2024-03-05,1.4,1.4,1.4,1.4,0,0,1
FINNIFTY05MAR2418800PE.NFO,2024-02-09,12:35:00,2024-03-05,1.4,1.4,1.4,1.4,0,0,1
FINNIFTY05MAR2418800PE.NFO,2024-02-09,12:36:00,2024-03-05,1.4,1.4,1.4,1.4,0,0,1
FINNIFTY05MAR2418800PE.NFO,2024-02-09,12:37:00,2024-03-05,1.4,1.4,1.4,1.4,0,0,1
FINNIFTY05MAR2418800PE.NFO,2024-02-09,12:38:00,2024-03-05,1.4,1.4,1.4,1.4,0,0,1
FINNIFTY05MAR2418800PE.NFO,2024-02-09,12:39:00,2024-03-05,1.4,1.4,1.4,1.4,0,0,1
FINNIFTY05MAR2418800PE.NFO,2024-02-09,12:40:00,2024-03-05,1.4,1.4,1.4,1.4,0,0,1
FINNIFTY05MAR2418800PE.NFO,2024-02-09,12:41:00,2024-03-05,1.4,1.4,1.4,1.4,0,0,1
FINNIFTY05MAR2418800PE.NFO,2024-02-09,12:42:00,2024-03-05,1.4,1.4,1.4,1.4,0,0,1
FINNIFTY05MAR2418800PE.NFO,2024-02-09,12:43:00,2024-03-05,1.4,1.4,1.4,1.4,0,0,1
FINNIFTY05MAR2418800PE.NFO,2024-02-09,12:44:00,2024-03-05,1.4,1.4,1.4,1.4,0,0,1
FINNIFTY05MAR2418800PE.NFO,2024-02-09,12:45:00,2024-03-05,1.4,1.4,1.4,1.4,0,0,1
FINNIFTY05MAR2418800PE.NFO,2024-02-09,12:46:00,2024-03-05,1.4,1.4,1.4,1.4,0,0,1
FINNIFTY05MAR2418800PE.NFO,2024-02-09,12:47:00,2024-03-05,1.4,1.4,1.4,1.4,0,0,1
FINNIFTY05MAR2418800PE.NFO,2024-02-09,12:48:00,2024-03-05,1.4,1.4,1.4,1.4,0,0,1
FINNIFTY05MAR2418800PE.NFO,2024-02-09,12:49:00,2024-03-05,1.4,1.4,1.4,1.4,0,0,1
FINNIFTY05MAR2418800PE.NFO,2024-02-09,12:50:00,2024-03-05,1.4,1.4,1.4,1.4,0,0,1
FINNIFTY05MAR2418800PE.NFO,2024-02-09,12:51:00,2024-03-05,1.4,1.4,1.4,1.4,0,0,1
FINNIFTY05MAR2418800PE.NFO,2024-02-09,12:52:00,2024-03-05,1.4,1.4,1.4,1.4,0,0,1
FINNIFTY05MAR2418800PE.NFO,2024-02-09,12:53:00,2024-03-05,1.4,1.4,1.4,1.4,0,0,1
FINNIFTY05MAR2418800PE.NFO,2024-02-09,12:54:00,2024-03-05,1.4,1.4,1.4,1.4,0,0,1
FINNIFTY05MAR2418800PE.NFO,2024-02-09,12:55:00,2024-03-05,1.4,1.4,1.4,1.4,0,0,1
FINNIFTY05MAR2418800PE.NFO,2024-02-09,12:56:00,2024-03-05,1.4,1.4,1.4,1.4,0,0,1
FINNIFTY05MAR2418800PE.NFO,2024-02-09,12:57:00,2024-03-05,1.4,1.4,1.4,1.4,0,0,1
FINNIFTY05MAR2418800PE.NFO,2024-02-09,12:58:00,2024-03-05,1.4,1.4,1.4,1.4,0,0,1
FINNIFTY05MAR2418800PE.NFO,2024-02-09,12:59:00,2024-03-05,1.4,1.4,1.4,1.4,0,0,1
FINNIFTY05MAR2418800PE.NFO,2024-02-09,13:00:00,2024-03-05,1.4,1.4,1.4,1.4,0,0,1
FINNIFTY05MAR2418800PE.NFO,2024-02-09,13:01:00,2024-03-05,1.4,1.4,1.4,1.4,0,0,1
FINNIFTY05MAR2418800PE.NFO,2024-02-09,13:02:00,2024-03-05,1.4,1.4,1.4,1.4,0,0,1
FINNIFTY05MAR2418800PE.NFO,2024-02-09,13:03:00,2024-03-05,1.4,1.4,1.4,1.4,0,0,1
FINNIFTY05MAR2418800PE.NFO,2024-02-09,13:04:00,2024-03-05,1.4,1.4,1.4,1.4,0,0,1
FINNIFTY05MAR2418800PE.NFO,2024-02-09,13:05:00,2024-03-05,1.4,1.4,1.4,1.4,0,0,1
FINNIFTY05MAR2418800PE.NFO,2024-02-09,13:06:00,2024-03-05,1.4,1.4,1.4,1.4,0,0,1
FINNIFTY05MAR2418800PE.NFO,2024-02-09,13:07:00,2024-03-05,1.4,1.4,1.4,1.4,0,0,1
FINNIFTY05MAR2418800PE.NFO,2024-02-09,13:08:00,2024-03-05,1.4,1.4,1.4,1.4,0,0,1
FINNIFTY05MAR2418800PE.NFO,2024-02-09,13:09:00,2024-03-05,1.4,1.4,1.4,1.4,0,0,1
FINNIFTY05MAR2418800PE.NFO,2024-02-09,13:10:00,2024-03-05,1.4,1.4,1.4,1.4,0,0,1
FINNIFTY05MAR2418800PE.NFO,2024-02-09,13:11:00,2024-03-05,1.4,1.4,1.4,1.4,0,0,1
FINNIFTY05MAR2418800PE.NFO,2024-02-09,13:12:00,2024-03-05,1.4,1.4,1.4,1.4,0,0,1
FINNIFTY05MAR2418800PE.NFO,2024-02-09,13:13:00,2024-03-05,1.4,1.4,1.4,1.4,0,0,1
FINNIFTY05MAR2418800PE.NFO,2024-02-09,13:14:00,2024-03-05,1.4,1.4,1.4,1.4,0,0,1
FINNIFTY05MAR2418800PE.NFO,2024-02-09,13:15:00,2024-03-05,1.4,1.4,1.4,1.4,0,0,1
FINNIFTY05MAR2418800PE.NFO,2024-02-09,13:16:00,2024-03-05,1.4,1.4,1.4,1.4,0,0,1
FINNIFTY05MAR2418800PE.NFO,2024-02-09,13:17:00,2024-03-05,1.4,1.4,1.4,1.4,0,0,1
FINNIFTY05MAR2418800PE.NFO,2024-02-09,13:18:00,2024-03-05,1.4,1.4,1.4,1.4,0,0,1
FINNIFTY05MAR2418800PE.NFO,2024-02-09,13:19:00,2024-03-05,1.4,1.4,1.4,1.4,0,0,1
FINNIFTY05MAR2418800PE.NFO,2024-02-09,13:20:00,2024-03-05,1.4,1.4,1.4,1.4,0,0,1
FINNIFTY05MAR2418800PE.NFO,2024-02-09,13:21:00,2024-03-05,1.4,1.4,1.4,1.4,0,0,1
FINNIFTY05MAR2418800PE.NFO,2024-02-09,13:22:00,2024-03-05,1.4,1.4,1.4,1.4,0,0,1
FINNIFTY05MAR2418800PE.NFO,2024-02-09,13:23:00,2024-03-05,1.4,1.4,1.4,1.4,0,0,1
FINNIFTY05MAR2418800PE.NFO,2024-02-09,13:24:00,2024-03-05,1.4,1.4,1.4,1.4,0,0,1
FINNIFTY05MAR2418800PE.NFO,2024-02-09,13:25:00,2024-03-05,1.4,1.4,1.4,1.4,0,0,1
FINNIFTY05MAR2418800PE.NFO,2024-02-09,13:26:00,2024-03-05,1.4,1.4,1.4,1.4,0,0,1
FINNIFTY05MAR2418800PE.NFO,2024-02-09,13:27:00,2024-03-05,1.4,1.4,1.4,1.4,0,0,1
FINNIFTY05MAR2418800PE.NFO,2024-02-09,13:28:00,2024-03-05,1.4,1.4,1.4,1.4,0,0,1
FINNIFTY05MAR2418800PE.NFO,2024-02-09,13:29:00,2024-03-05,1.4,1.4,1.4,1.4,0,0,1
FINNIFTY05MAR2418800PE.NFO,2024-02-09,13:30:00,2024-03-05,1.4,1.4,1.4,1.4,0,0,1
FINNIFTY05MAR2418800PE.NFO,2024-02-09,13:31:00,2024-03-05,1.4,1.4,1.4,1.4,0,0,1
FINNIFTY05MAR2418800PE.NFO,2024-02-09,13:32:00,2024-03-05,1.4,1.4,1.4,1.4,0,0,1
FINNIFTY05MAR2418800PE.NFO,2024-02-09,13:33:00,2024-03-05,1.4,1.4,1.4,1.4,0,0,1
FINNIFTY05MAR2418800PE.NFO,2024-02-09,13:34:00,2024-03-05,1.4,1.4,1.4,1.4,0,0,1
FINNIFTY05MAR2418800PE.NFO,2024-02-09,13:35:00,2024-03-05,1.4,1.4,1.4,1.4,0,0,1
FINNIFTY05MAR2418800PE.NFO,2024-02-09,13:36:00,2024-03-05,1.4,1.4,1.4,1.4,0,0,1
FINNIFTY05MAR2418800PE.NFO,2024-02-09,13:37:00,2024-03-05,1.4,1.4,1.4,1.4,0,0,1
FINNIFTY05MAR2418800PE.NFO,2024-02-09,13:38:00,2024-03-05,1.4,1.4,1.4,1.4,0,0,1
FINNIFTY05MAR2418800PE.NFO,2024-02-09,13:39:00,2024-03-05,1.4,1.4,1.4,1.4,0,0,1
FINNIFTY05MAR2418800PE.NFO,2024-02-09,13:40:00,2024-03-05,1.4,1.4,1.4,1.4,0,0,1
FINNIFTY05MAR2418800PE.NFO,2024-02-09,13:41:00,2024-03-05,1.4,1.4,1.4,1.4,0,0,1
FINNIFTY05MAR2418800PE.NFO,2024-02-09,13:42:00,2024-03-05,1.4,1.4,1.4,1.4,0,0,1
FINNIFTY05MAR2418800PE.NFO,2024-02-09,13:43:00,2024-03-05,1.4,1.4,1.4,1.4,0,0,1
FINNIFTY05MAR2418800PE.NFO,2024-02-09,13:44:00,2024-03-05,1.4,1.4,1.4,1.4,0,0,1
FINNIFTY05MAR2418800PE.NFO,2024-02-09,13:45:00,2024-03-05,1.4,1.4,1.4,1.4,0,0,1
FINNIFTY05MAR2418800PE.NFO,2024-02-09,13:46:00,2024-03-05,1.4,1.4,1.4,1.4,0,0,1
FINNIFTY05MAR2418800PE.NFO,2024-02-09,13:47:00,2024-03-05,1.4,1.4,1.4,1.4,0,0,1
FINNIFTY05MAR2418800PE.NFO,2024-02-09,13:48:00,2024-03-05,1.4,1.4,1.4,1.4,0,0,1
FINNIFTY05MAR2418800PE.NFO,2024-02-09,13:49:00,2024-03-05,1.4,1.4,1.4,1.4,0,0,1
FINNIFTY05MAR2418800PE.NFO,2024-02-09,13:50:00,2024-03-05,1.4,1.4,1.4,1.4,0,0,1
FINNIFTY05MAR2418800PE.NFO,2024-02-09,13:51:00,2024-03-05,1.4,1.4,1.4,1.4,0,0,1
FINNIFTY05MAR2418800PE.NFO,2024-02-09,13:52:00,2024-03-05,1.4,1.4,1.4,1.4,0,0,1
FINNIFTY05MAR2418800PE.NFO,2024-02-09,13:53:00,2024-03-05,1.4,1.4,1.4,1.4,0,0,1
FINNIFTY05MAR2418800PE.NFO,2024-02-09,13:54:00,2024-03-05,1.4,1.4,1.4,1.4,0,0,1
FINNIFTY05MAR2418800PE.NFO,2024-02-09,13:55:00,2024-03-05,1.4,1.4,1.4,1.4,0,0,1
FINNIFTY05MAR2418800PE.NFO,2024-02-09,13:56:00,2024-03-05,1.4,1.4,1.4,1.4,0,0,1
FINNIFTY05MAR2418800PE.NFO,2024-02-09,13:57:00,2024-03-05,1.4,1.4,1.4,1.4,0,0,1
FINNIFTY05MAR2418800PE.NFO,2024-02-09,13:58:00,2024-03-05,1.4,1.4,1.4,1.4,0,0,1
FINNIFTY05MAR2418800PE.NFO,2024-02-09,13:59:00,2024-03-05,1.4,1.4,1.4,1.4,0,0,1
FINNIFTY05MAR2418800PE.NFO,2024-02-09,14:00:00,2024-03-05,1.4,1.4,1.4,1.4,0,0,1
FINNIFTY05MAR2418800PE.NFO,2024-02-09,14:01:00,2024-03-05,1.4,1.4,1.4,1.4,0,0,1
FINNIFTY05MAR2418800PE.NFO,2024-02-09,14:02:00,2024-03-05,1.4,1.4,1.4,1.4,0,0,1
FINNIFTY05MAR2418800PE.NFO,2024-02-09,14:03:00,2024-03-05,1.4,1.4,1.4,1.4,0,0,1
FINNIFTY05MAR2418800PE.NFO,2024-02-09,14:04:00,2024-03-05,1.4,1.4,1.4,1.4,0,0,1
FINNIFTY05MAR2418800PE.NFO,2024-02-09,14:05:00,2024-03-05,1.4,1.4,1.4,1.4,0,0,1
FINNIFTY05MAR2418800PE.NFO,2024-02-09,14:06:00,2024-03-05,1.4,1.4,1.4,1.4,0,0,1
FINNIFTY05MAR2418800PE.NFO,2024-02-09,14:07:00,2024-03-05,1.4,1.4,1.4,1.4,0,0,1
FINNIFTY05MAR2418800PE.NFO,2024-02-09,14:08:00,2024-03-05,1.4,1.4,1.4,1.4,0,0,1
FINNIFTY05MAR2418800PE.NFO,2024-02-09,14:09:00,2024-03-05,1.4,1.4,1.4,1.4,0,0,1
FINNIFTY05MAR2418800PE.NFO,2024-02-09,14:10:00,2024-03-05,1.4,1.4,1.4,1.4,0,0,1
FINNIFTY05MAR2418800PE.NFO,2024-02-09,14:11:00,2024-03-05,1.4,1.4,1.4,1.4,0,0,1
FINNIFTY05MAR2418800PE.NFO,2024-02-09,14:12:00,2024-03-05,1.4,1.4,1.4,1.4,0,0,1
FINNIFTY05MAR2418800PE.NFO,2024-02-09,14:13:00,2024-03-05,1.4,1.4,1.4,1.4,0,0,1
FINNIFTY05MAR2418800PE.NFO,2024-02-09,14:14:00,2024-03-05,1.4,1.4,1.4,1.4,0,0,1
FINNIFTY05MAR2418800PE.NFO,2024-02-09,14:15:00,2024-03-05,1.4,1.4,1.4,1.4,0,0,1
FINNIFTY05MAR2418800PE.NFO,2024-02-09,14:16:00,2024-03-05,1.4,1.4,1.4,1.4,0,0,1
FINNIFTY05MAR2418800PE.NFO,2024-02-09,14:17:00,2024-03-05,1.4,1.4,1.4,1.4,0,0,1
FINNIFTY05MAR2418800PE.NFO,2024-02-09,14:18:00,2024-03-05,1.4,1.4,1.4,1.4,0,0,1
FINNIFTY05MAR2418800PE.NFO,2024-02-09,14:19:00,2024-03-05,1.4,1.4,1.4,1.4,0,0,1
FINNIFTY05MAR2418800PE.NFO,2024-02-09,14:20:00,2024-03-05,1.4,1.4,1.4,1.4,0,0,1
FINNIFTY05MAR2418800PE.NFO,2024-02-09,14:21:00,2024-03-05,1.4,1.4,1.4,1.4,0,0,1
FINNIFTY05MAR2418800PE.NFO,2024-02-09,14:22:00,2024-03-05,1.4,1.4,1.4,1.4,0,0,1
FINNIFTY05MAR2418800PE.NFO,2024-02-09,14:23:00,2024-03-05,1.4,1.4,1.4,1.4,0,0,1
FINNIFTY05MAR2418800PE.NFO,2024-02-09,14:24:00,2024-03-05,1.4,1.4,1.4,1.4,0,0,1
FINNIFTY05MAR2418800PE.NFO,2024-02-09,14:25:00,2024-03-05,1.4,1.4,1.4,1.4,0,0,1
FINNIFTY05MAR2418800PE.NFO,2024-02-09,14:26:00,2024-03-05,1.4,1.4,1.4,1.4,0,0,1
FINNIFTY05MAR2418800PE.NFO,2024-02-09,14:27:00,2024-03-05,1.4,1.4,1.4,1.4,0,0,1
FINNIFTY05MAR2418800PE.NFO,2024-02-09,14:28:00,2024-03-05,1.4,1.4,1.4,1.4,0,0,1
FINNIFTY05MAR2418800PE.NFO,2024-02-09,14:29:00,2024-03-05,1.4,1.4,1.4,1.4,0,0,1
FINNIFTY05MAR2418800PE.NFO,2024-02-09,14:30:00,2024-03-05,1.4,1.4,1.4,1.4,0,0,1
FINNIFTY05MAR2418800PE.NFO,2024-02-09,14:31:00,2024-03-05,1.4,1.4,1.4,1.4,0,0,1
FINNIFTY05MAR2418800PE.NFO,2024-02-09,14:32:00,2024-03-05,1.4,1.4,1.4,1.4,0,0,1
FINNIFTY05MAR2418800PE.NFO,2024-02-09,14:33:00,2024-03-05,1.4,1.4,1.4,1.4,0,0,1
FINNIFTY05MAR2418800PE.NFO,2024-02-09,14:34:00,2024-03-05,1.4,1.4,1.4,1.4,0,0,1
FINNIFTY05MAR2418800PE.NFO,2024-02-09,14:35:00,2024-03-05,1.4,1.4,1.4,1.4,0,0,1
FINNIFTY05MAR2418800PE.NFO,2024-02-09,14:36:00,2024-03-05,1.4,1.4,1.4,1.4,0,0,1
FINNIFTY05MAR2418800PE.NFO,2024-02-09,14:37:00,2024-03-05,1.4,1.4,1.4,1.4,0,0,1
FINNIFTY05MAR2418800PE.NFO,2024-02-09,14:38:00,2024-03-05,1.4,1.4,1.4,1.4,0,0,1
FINNIFTY05MAR2418800PE.NFO,2024-02-09,14:39:00,2024-03-05,1.4,1.4,1.4,1.4,0,0,1
FINNIFTY05MAR2418800PE.NFO,2024-02-09,14:40:00,2024-03-05,1.4,1.4,1.4,1.4,0,0,1
FINNIFTY05MAR2418800PE.NFO,2024-02-09,14:41:00,2024-03-05,1.4,1.4,1.4,1.4,0,0,1
FINNIFTY05MAR2418800PE.NFO,2024-02-09,14:42:00,2024-03-05,1.4,1.4,1.4,1.4,0,0,1
FINNIFTY05MAR2418800PE.NFO,2024-02-09,14:43:00,2024-03-05,1.4,1.4,1.4,1.4,0,0,1
FINNIFTY05MAR2418800PE.NFO,2024-02-09,14:44:00,2024-03-05,1.4,1.4,1.4,1.4,0,0,1
FINNIFTY05MAR2418800PE.NFO,2024-02-09,14:45:00,2024-03-05,1.4,1.4,1.4,1.4,0,0,1
FINNIFTY05MAR2418800PE.NFO,2024-02-09,14:46:00,2024-03-05,1.4,1.4,1.4,1.4,0,0,1
FINNIFTY05MAR2418800PE.NFO,2024-02-09,14:47:00,2024-03-05,1.4,1.4,1.4,1.4,0,0,1
FINNIFTY05MAR2418800PE.NFO,2024-02-09,14:48:00,2024-03-05,1.4,1.4,1.4,1.4,0,0,1
FINNIFTY05MAR2418800PE.NFO,2024-02-09,14:49:00,2024-03-05,1.4,1.4,1.4,1.4,0,0,1
FINNIFTY05MAR2418800PE.NFO,2024-02-09,14:50:00,2024-03-05,1.4,1.4,1.4,1.4,0,0,1
FINNIFTY05MAR2418800PE.NFO,2024-02-09,14:51:00,2024-03-05,1.4,1.4,1.4,1.4,0,0,1
FINNIFTY05MAR2418800PE.NFO,2024-02-09,14:52:00,2024-03-05,1.4,1.4,1.4,1.4,0,0,1
FINNIFTY05MAR2418800PE.NFO,2024-02-09,14:53:00,2024-03-05,1.4,1.4,1.4,1.4,0,0,1
FINNIFTY05MAR2418800PE.NFO,2024-02-09,14:54:00,2024-03-05,1.4,1.4,1.4,1.4,0,0,1
FINNIFTY05MAR2418800PE.NFO,2024-02-09,14:55:00,2024-03-05,1.4,1.4,1.4,1.4,0,0,1
FINNIFTY05MAR2418800PE.NFO,2024-02-09,14:56:00,2024-03-05,1.4,1.4,1.4,1.4,0,0,1
FINNIFTY05MAR2418800PE.NFO,2024-02-09,14:57:00,2024-03-05,1.4,1.4,1.4,1.4,0,0,1
FINNIFTY05MAR2418800PE.NFO,2024-02-09,14:58:00,2024-03-05,1.4,1.4,1.4,1.4,0,0,1
FINNIFTY05MAR2418800PE.NFO,2024-02-09,14:59:00,2024-03-05,1.4,1.4,1.4,1.4,0,0,1
FINNIFTY05MAR2418800PE.NFO,2024-02-09,15:00:00,2024-03-05,1.4,1.4,1.4,1.4,0,0,1
FINNIFTY05MAR2418800PE.NFO,2024-02-09,15:01:00,2024-03-05,1.4,1.4,1.4,1.4,0,0,1
FINNIFTY05MAR2418800PE.NFO,2024-02-09,15:02:00,2024-03-05,1.4,1.4,1.4,1.4,0,0,1
FINNIFTY05MAR2418800PE.NFO,2024-02-09,15:03:00,2024-03-05,1.4,1.4,1.4,1.4,0,0,1
FINNIFTY05MAR2418800PE.NFO,2024-02-09,15:04:00,2024-03-05,1.4,1.4,1.4,1.4,0,0,1
FINNIFTY05MAR2418800PE.NFO,2024-02-09,15:05:00,2024-03-05,1.4,1.4,1.4,1.4,0,0,1
FINNIFTY05MAR2418800PE.NFO,2024-02-09,15:06:00,2024-03-05,1.4,1.4,1.4,1.4,0,0,1
FINNIFTY05MAR2418800PE.NFO,2024-02-09,15:07:00,2024-03-05,1.4,1.4,1.4,1.4,0,0,1
FINNIFTY05MAR2418800PE.NFO,2024-02-09,15:08:00,2024-03-05,1.4,1.4,1.4,1.4,0,0,1
FINNIFTY05MAR2418800PE.NFO,2024-02-09,15:09:00,2024-03-05,1.4,1.4,1.4,1.4,0,0,1
FINNIFTY05MAR2418800PE.NFO,2024-02-09,15:10:00,2024-03-05,1.4,1.4,1.4,1.4,0,0,1
FINNIFTY05MAR2418800PE.NFO,2024-02-09,15:11:00,2024-03-05,1.4,1.4,1.4,1.4,0,0,1
FINNIFTY05MAR2418800PE.NFO,2024-02-09,15:12:00,2024-03-05,1.4,1.4,1.4,1.4,0,0,1
FINNIFTY05MAR2418800PE.NFO,2024-02-09,15:13:00,2024-03-05,1.4,1.4,1.4,1.4,0,0,1
FINNIFTY05MAR2418800PE.NFO,2024-02-09,15:14:00,2024-03-05,1.4,1.4,1.4,1.4,0,0,1
FINNIFTY05MAR2418800PE.NFO,2024-02-09,15:15:00,2024-03-05,1.4,1.4,1.4,1.4,0,0,1
FINNIFTY05MAR2418800PE.NFO,2024-02-09,15:16:00,2024-03-05,1.4,1.4,1.4,1.4,0,0,1
FINNIFTY05MAR2418800PE.NFO,2024-02-09,15:17:00,2024-03-05,1.4,1.4,1.4,1.4,0,0,1
FINNIFTY05MAR2418800PE.NFO,2024-02-09,15:18:00,2024-03-05,1.4,1.4,1.4,1.4,0,0,1
FINNIFTY05MAR2418800PE.NFO,2024-02-09,15:19:00,2024-03-05,1.4,1.4,1.4,1.4,0,0,1
FINNIFTY05MAR2418800PE.NFO,2024-02-09,15:20:00,2024-03-05,1.4,1.4,1.4,1.4,0,0,1
FINNIFTY05MAR2418800PE.NFO,2024-02-09,15:21:00,2024-03-05,1.4,1.4,1.4,1.4,0,0,1
FINNIFTY05MAR2418800PE.NFO,2024-02-09,15:22:00,2024-03-05,1.4,1.4,1.4,1.4,0,0,1
FINNIFTY05MAR2418800PE.NFO,2024-02-09,15:23:00,2024-03-05,1.4,1.4,1.4,1.4,0,0,1
FINNIFTY05MAR2418800PE.NFO,2024-02-09,15:24:00,2024-03-05,1.4,1.4,1.4,1.4,0,0,1
FINNIFTY05MAR2418800PE.NFO,2024-02-09,15:25:00,2024-03-05,1.4,1.4,1.4,1.4,0,0,1
FINNIFTY05MAR2418800PE.NFO,2024-02-09,15:26:00,2024-03-05,1.4,1.4,1.4,1.4,0,0,1
FINNIFTY05MAR2418800PE.NFO,2024-02-09,15:27:00,2024-03-05,1.4,1.4,1.4,1.4,0,0,1
FINNIFTY05MAR2418800PE.NFO,2024-02-09,15:28:00,2024-03-05,1.4,1.4,1.4,1.4,0,0,1
FINNIFTY05MAR2418800PE.NFO,2024-02-09,15:29:00,2024-03-05,1.4,1.4,1.4,1.4,0,0,1
FINNIFTY05MAR2418800PE.NFO,2024-02-09,15:30:00,2024-03-05,1.4,1.4,1.4,1.4,0,0,1
FINNIFTY05MAR2418800PE.NFO,2024-02-12,09:15:00,2024-03-05,1.4,1.4,1.4,1.4,0,0,0
FINNIFTY05MAR2418800PE.NFO,2024-02-12,09:16:00,2024-03-05,1.4,1.4,1.4,1.4,0,0,1
FINNIFTY05MAR2418800PE.NFO,2024-02-12,09:17:00,2024-03-05,1.4,1.4,1.4,1.4,0,0,1
FINNIFTY05MAR2418800PE.NFO,2024-02-12,09:18:00,2024-03-05,1.4,1.4,1.4,1.4,0,0,1
FINNIFTY05MAR2418800PE.NFO,2024-02-12,09:19:00,2024-03-05,1.4,1.4,1.4,1.4,0,0,1
FINNIFTY05MAR2418800PE.NFO,2024-02-12,09:20:00,2024-03-05,1.4,1.4,1.4,1.4,0,0,1
FINNIFTY05MAR2418800PE.NFO,2024-02-12,09:21:00,2024-03-05,1.4,1.4,1.4,1.4,0,0,1
FINNIFTY05MAR2418800PE.NFO,2024-02-12,09:22:00,2024-03-05,1.4,1.4,1.4,1.4,0,0,1
FINNIFTY05MAR2418800PE.NFO,2024-02-12,09:23:00,2024-03-05,1.4,1.4,1.4,1.4,0,0,1
FINNIFTY05MAR2418800PE.NFO,2024-02-12,09:24:00,2024-03-05,1.4,1.4,1.4,1.4,0,0,1
FINNIFTY05MAR2418800PE.NFO,2024-02-12,09:25:00,2024-03-05,1.4,1.4,1.4,1.4,0,0,1
FINNIFTY05MAR2418800PE.NFO,2024-02-12,09:26:00,2024-03-05,1.4,1.4,1.4,1.4,0,0,1
FINNIFTY05MAR2418800PE.NFO,2024-02-12,09:27:00,2024-03-05,1.4,1.4,1.4,1.4,0,0,1
FINNIFTY05MAR2418800PE.NFO,2024-02-12,09:28:00,2024-03-05,1.4,1.4,1.4,1.4,0,0,1
FINNIFTY05MAR2418800PE.NFO,2024-02-12,09:29:00,2024-03-05,1.4,1.4,1.4,1.4,0,0,1
FINNIFTY05MAR2418800PE.NFO,2024-02-12,09:30:00,2024-03-05,1.4,1.4,1.4,1.4,0,0,1
FINNIFTY05MAR2418800PE.NFO,2024-02-12,09:31:00,2024-03-05,1.4,1.4,1.4,1.4,0,0,1
FINNIFTY05MAR2418800PE.NFO,2024-02-12,09:32:00,2024-03-05,1.4,1.4,1.4,1.4,0,0,1
FINNIFTY05MAR2418800PE.NFO,2024-02-12,09:33:00,2024-03-05,1.4,1.4,1.4,1.4,0,0,1
FINNIFTY05MAR2418800PE.NFO,2024-02-12,09:34:00,2024-03-05,1.4,1.4,1.4,1.4,0,0,1
FINNIFTY05MAR2418800PE.NFO,2024-02-12,09:35:00,2024-03-05,1.4,1.4,1.4,1.4,0,0,1
FINNIFTY05MAR2418800PE.NFO,2024-02-12,09:36:00,2024-03-05,1.4,1.4,1.4,1.4,0,0,1
FINNIFTY05MAR2418800PE.NFO,2024-02-12,09:37:00,2024-03-05,1.4,1.4,1.4,1.4,0,0,1
FINNIFTY05MAR2418800PE.NFO,2024-02-12,09:38:00,2024-03-05,1.4,1.4,1.4,1.4,0,0,1
FINNIFTY05MAR2418800PE.NFO,2024-02-12,09:39:00,2024-03-05,1.4,1.4,1.4,1.4,0,0,1
FINNIFTY05MAR2418800PE.NFO,2024-02-12,09:40:00,2024-03-05,1.4,1.4,1.4,1.4,0,0,1
FINNIFTY05MAR2418800PE.NFO,2024-02-12,09:41:00,2024-03-05,1.4,1.4,1.4,1.4,0,0,1
FINNIFTY05MAR2418800PE.NFO,2024-02-12,09:42:00,2024-03-05,1.4,1.4,1.4,1.4,0,0,1
FINNIFTY05MAR2418800PE.NFO,2024-02-12,09:43:00,2024-03-05,1.4,1.4,1.4,1.4,0,0,1
FINNIFTY05MAR2418800PE.NFO,2024-02-12,09:44:00,2024-03-05,1.4,1.4,1.4,1.4,0,0,1
FINNIFTY05MAR2418800PE.NFO,2024-02-12,09:45:00,2024-03-05,1.4,1.4,1.4,1.4,0,0,1
FINNIFTY05MAR2418800PE.NFO,2024-02-12,09:46:00,2024-03-05,1.4,1.4,1.4,1.4,0,0,1
FINNIFTY05MAR2418800PE.NFO,2024-02-12,09:47:00,2024-03-05,1.4,1.4,1.4,1.4,0,0,1
FINNIFTY05MAR2418800PE.NFO,2024-02-12,09:48:00,2024-03-05,1.4,1.4,1.4,1.4,0,0,1
FINNIFTY05MAR2418800PE.NFO,2024-02-12,09:49:00,2024-03-05,1.4,1.4,1.4,1.4,0,0,1
FINNIFTY05MAR2418800PE.NFO,2024-02-12,09:50:00,2024-03-05,1.4,1.4,1.4,1.4,0,0,1
FINNIFTY05MAR2418800PE.NFO,2024-02-12,09:51:00,2024-03-05,1.4,1.4,1.4,1.4,0,0,1
FINNIFTY05MAR2418800PE.NFO,2024-02-12,09:52:00,2024-03-05,1.4,1.4,1.4,1.4,0,0,1
FINNIFTY05MAR2418800PE.NFO,2024-02-12,09:53:00,2024-03-05,1.4,1.4,1.4,1.4,0,0,1
FINNIFTY05MAR2418800PE.NFO,2024-02-12,09:54:00,2024-03-05,1.4,1.4,1.4,1.4,0,0,1
FINNIFTY05MAR2418800PE.NFO,2024-02-12,09:55:00,2024-03-05,1.4,1.4,1.4,1.4,0,0,1
FINNIFTY05MAR2418800PE.NFO,2024-02-12,09:56:00,2024-03-05,1.4,1.4,1.4,1.4,0,0,1
FINNIFTY05MAR2418800PE.NFO,2024-02-12,09:57:00,2024-03-05,1.4,1.4,1.4,1.4,0,0,1
FINNIFTY05MAR2418800PE.NFO,2024-02-12,09:58:00,2024-03-05,1.4,1.4,1.4,1.4,0,0,1
FINNIFTY05MAR2418800PE.NFO,2024-02-12,09:59:00,2024-03-05,1.4,1.4,1.4,1.4,0,0,1
FINNIFTY05MAR2418800PE.NFO,2024-02-12,10:00:00,2024-03-05,1.4,1.4,1.4,1.4,0,0,1
FINNIFTY05MAR2418800PE.NFO,2024-02-12,10:01:00,2024-03-05,1.4,1.4,1.4,1.4,0,0,1
FINNIFTY05MAR2418800PE.NFO,2024-02-12,10:02:00,2024-03-05,1.4,1.4,1.4,1.4,0,0,1
FINNIFTY05MAR2418800PE.NFO,2024-02-12,10:03:00,2024-03-05,1.4,1.4,1.4,1.4,0,0,1
FINNIFTY05MAR2418800PE.NFO,2024-02-12,10:04:00,2024-03-05,1.4,1.4,1.4,1.4,0,0,1
FINNIFTY05MAR2418800PE.NFO,2024-02-12,10:05:00,2024-03-05,1.4,1.4,1.4,1.4,0,0,1
FINNIFTY05MAR2418800PE.NFO,2024-02-12,10:06:00,2024-03-05,1.4,1.4,1.4,1.4,0,0,1
FINNIFTY05MAR2418800PE.NFO,2024-02-12,10:07:00,2024-03-05,1.4,1.4,1.4,1.4,0,0,1
FINNIFTY05MAR2418800PE.NFO,2024-02-12,10:08:00,2024-03-05,1.4,1.4,1.4,1.4,0,0,1
FINNIFTY05MAR2418800PE.NFO,2024-02-12,10:09:00,2024-03-05,1.4,1.4,1.4,1.4,0,0,1
FINNIFTY05MAR2418800PE.NFO,2024-02-12,10:10:00,2024-03-05,1.4,1.4,1.4,1.4,0,0,1
FINNIFTY05MAR2418800PE.NFO,2024-02-12,10:11:00,2024-03-05,1.4,1.4,1.4,1.4,0,0,1
FINNIFTY05MAR2418800PE.NFO,2024-02-12,10:12:00,2024-03-05,1.4,1.4,1.4,1.4,0,0,1
FINNIFTY05MAR2418800PE.NFO,2024-02-12,10:13:00,2024-03-05,1.4,1.4,1.4,1.4,0,0,1
FINNIFTY05MAR2418800PE.NFO,2024-02-12,10:14:00,2024-03-05,1.4,1.4,1.4,1.4,0,0,1
FINNIFTY05MAR2418800PE.NFO,2024-02-12,10:15:00,2024-03-05,1.4,1.4,1.4,1.4,0,0,1
FINNIFTY05MAR2418800PE.NFO,2024-02-12,10:16:00,2024-03-05,1.4,1.4,1.4,1.4,0,0,1
FINNIFTY05MAR2418800PE.NFO,2024-02-12,10:17:00,2024-03-05,1.4,1.4,1.4,1.4,0,0,1
FINNIFTY05MAR2418800PE.NFO,2024-02-12,10:18:00,2024-03-05,1.4,1.4,1.4,1.4,0,0,1
FINNIFTY05MAR2418800PE.NFO,2024-02-12,10:19:00,2024-03-05,1.4,1.4,1.4,1.4,0,0,1
FINNIFTY05MAR2418800PE.NFO,2024-02-12,10:20:00,2024-03-05,1.4,1.4,1.4,1.4,0,0,1
FINNIFTY05MAR2418800PE.NFO,2024-02-12,10:21:00,2024-03-05,1.4,1.4,1.4,1.4,0,0,1
FINNIFTY05MAR2418800PE.NFO,2024-02-12,10:22:00,2024-03-05,1.4,1.4,1.4,1.4,0,0,1
FINNIFTY05MAR2418800PE.NFO,2024-02-12,10:23:00,2024-03-05,1.4,1.4,1.4,1.4,0,0,1
FINNIFTY05MAR2418800PE.NFO,2024-02-12,10:24:00,2024-03-05,1.4,1.4,1.4,1.4,0,0,1
FINNIFTY05MAR2418800PE.NFO,2024-02-12,10:25:00,2024-03-05,1.4,1.4,1.4,1.4,0,0,1
FINNIFTY05MAR2418800PE.NFO,2024-02-12,10:26:00,2024-03-05,1.4,1.4,1.4,1.4,0,0,1
FINNIFTY05MAR2418800PE.NFO,2024-02-12,10:27:00,2024-03-05,1.4,1.4,1.4,1.4,0,0,1
FINNIFTY05MAR2418800PE.NFO,2024-02-12,10:28:00,2024-03-05,1.4,1.4,1.4,1.4,0,0,1
FINNIFTY05MAR2418800PE.NFO,2024-02-12,10:29:00,2024-03-05,1.4,1.4,1.4,1.4,0,0,1
FINNIFTY05MAR2418800PE.NFO,2024-02-12,10:30:00,2024-03-05,1.4,1.4,1.4,1.4,0,0,1
FINNIFTY05MAR2418800PE.NFO,2024-02-12,10:31:00,2024-03-05,1.4,1.4,1.4,1.4,0,0,1
FINNIFTY05MAR2418800PE.NFO,2024-02-12,10:32:00,2024-03-05,1.4,1.4,1.4,1.4,0,0,1
FINNIFTY05MAR2418800PE.NFO,2024-02-12,10:33:00,2024-03-05,1.4,1.4,1.4,1.4,0,0,1
FINNIFTY05MAR2418800PE.NFO,2024-02-12,10:34:00,2024-03-05,1.4,1.4,1.4,1.4,0,0,1
FINNIFTY05MAR2418800PE.NFO,2024-02-12,10:35:00,2024-03-05,1.4,1.4,1.4,1.4,0,0,1
FINNIFTY05MAR2418800PE.NFO,2024-02-12,10:36:00,2024-03-05,1.4,1.4,1.4,1.4,0,0,1
FINNIFTY05MAR2418800PE.NFO,2024-02-12,10:37:00,2024-03-05,1.4,1.4,1.4,1.4,0,0,1
FINNIFTY05MAR2418800PE.NFO,2024-02-12,10:38:00,2024-03-05,1.4,1.4,1.4,1.4,0,0,1
FINNIFTY05MAR2418800PE.NFO,2024-02-12,10:39:00,2024-03-05,1.4,1.4,1.4,1.4,0,0,1
FINNIFTY05MAR2418800PE.NFO,2024-02-12,10:40:00,2024-03-05,1.4,1.4,1.4,1.4,0,0,1
FINNIFTY05MAR2418800PE.NFO,2024-02-12,10:41:00,2024-03-05,1.4,1.4,1.4,1.4,0,0,1
FINNIFTY05MAR2418800PE.NFO,2024-02-12,10:42:00,2024-03-05,1.4,1.4,1.4,1.4,0,0,1
FINNIFTY05MAR2418800PE.NFO,2024-02-12,10:43:00,2024-03-05,1.4,1.4,1.4,1.4,0,0,1
FINNIFTY05MAR2418800PE.NFO,2024-02-12,10:44:00,2024-03-05,1.4,1.4,1.4,1.4,0,0,1
FINNIFTY05MAR2418800PE.NFO,2024-02-12,10:45:00,2024-03-05,1.4,1.4,1.4,1.4,0,0,1
FINNIFTY05MAR2418800PE.NFO,2024-02-12,10:46:00,2024-03-05,1.4,1.4,1.4,1.4,0,0,1
FINNIFTY05MAR2418800PE.NFO,2024-02-12,10:47:00,2024-03-05,1.4,1.4,1.4,1.4,0,0,1
FINNIFTY05MAR2418800PE.NFO,2024-02-12,10:48:00,2024-03-05,1.4,1.4,1.4,1.4,0,0,1
FINNIFTY05MAR2418800PE.NFO,2024-02-12,10:49:00,2024-03-05,1.4,1.4,1.4,1.4,0,0,1
FINNIFTY05MAR2418800PE.NFO,2024-02-12,10:50:00,2024-03-05,1.4,1.4,1.4,1.4,0,0,1
FINNIFTY05MAR2418800PE.NFO,2024-02-12,10:51:00,2024-03-05,1.4,1.4,1.4,1.4,0,0,1
FINNIFTY05MAR2418800PE.NFO,2024-02-12,10:52:00,2024-03-05,1.4,1.4,1.4,1.4,0,0,1
FINNIFTY05MAR2418800PE.NFO,2024-02-12,10:53:00,2024-03-05,1.4,1.4,1.4,1.4,0,0,1
FINNIFTY05MAR2418800PE.NFO,2024-02-12,10:54:00,2024-03-05,1.4,1.4,1.4,1.4,0,0,1
FINNIFTY05MAR2418800PE.NFO,2024-02-12,10:55:00,2024-03-05,1.4,1.4,1.4,1.4,0,0,1
FINNIFTY05MAR2418800PE.NFO,2024-02-12,10:56:00,2024-03-05,1.4,1.4,1.4,1.4,0,0,1
FINNIFTY05MAR2418800PE.NFO,2024-02-12,10:57:00,2024-03-05,1.4,1.4,1.4,1.4,0,0,1
FINNIFTY05MAR2418800PE.NFO,2024-02-12,10:58:00,2024-03-05,1.4,1.4,1.4,1.4,0,0,1
FINNIFTY05MAR2418800PE.NFO,2024-02-12,10:59:00,2024-03-05,1.4,1.4,1.4,1.4,0,0,1
FINNIFTY05MAR2418800PE.NFO,2024-02-12,11:00:00,2024-03-05,1.4,1.4,1.4,1.4,0,0,1
FINNIFTY05MAR2418800PE.NFO,2024-02-12,11:01:00,2024-03-05,1.4,1.4,1.4,1.4,0,0,1
FINNIFTY05MAR2418800PE.NFO,2024-02-12,11:02:00,2024-03-05,1.4,1.4,1.4,1.4,0,0,1
FINNIFTY05MAR2418800PE.NFO,2024-02-12,11:03:00,2024-03-05,1.4,1.4,1.4,1.4,0,0,1
FINNIFTY05MAR2418800PE.NFO,2024-02-12,11:04:00,2024-03-05,1.4,1.4,1.4,1.4,0,0,1
FINNIFTY05MAR2418800PE.NFO,2024-02-12,11:05:00,2024-03-05,1.4,1.4,1.4,1.4,0,0,1
FINNIFTY05MAR2418800PE.NFO,2024-02-12,11:06:00,2024-03-05,1.4,1.4,1.4,1.4,0,0,1
FINNIFTY05MAR2418800PE.NFO,2024-02-12,11:07:00,2024-03-05,1.4,1.4,1.4,1.4,0,0,1
FINNIFTY05MAR2418800PE.NFO,2024-02-12,11:08:00,2024-03-05,1.4,1.4,1.4,1.4,0,0,1
FINNIFTY05MAR2418800PE.NFO,2024-02-12,11:09:00,2024-03-05,1.4,1.4,1.4,1.4,0,0,1
FINNIFTY05MAR2418800PE.NFO,2024-02-12,11:10:00,2024-03-05,1.4,1.4,1.4,1.4,0,0,1
FINNIFTY05MAR2418800PE.NFO,2024-02-12,11:11:00,2024-03-05,1.4,1.4,1.4,1.4,0,0,1
FINNIFTY05MAR2418800PE.NFO,2024-02-12,11:12:00,2024-03-05,1.4,1.4,1.4,1.4,0,0,1
FINNIFTY05MAR2418800PE.NFO,2024-02-12,11:13:00,2024-03-05,1.4,1.4,1.4,1.4,0,0,1
FINNIFTY05MAR2418800PE.NFO,2024-02-12,11:14:00,2024-03-05,1.4,1.4,1.4,1.4,0,0,1
FINNIFTY05MAR2418800PE.NFO,2024-02-12,11:15:00,2024-03-05,1.4,1.4,1.4,1.4,0,0,1
FINNIFTY05MAR2418800PE.NFO,2024-02-12,11:16:00,2024-03-05,1.4,1.4,1.4,1.4,0,0,1
FINNIFTY05MAR2418800PE.NFO,2024-02-12,11:17:00,2024-03-05,1.4,1.4,1.4,1.4,0,0,1
FINNIFTY05MAR2418800PE.NFO,2024-02-12,11:18:00,2024-03-05,1.4,1.4,1.4,1.4,0,0,1
FINNIFTY05MAR2418800PE.NFO,2024-02-12,11:19:00,2024-03-05,1.4,1.4,1.4,1.4,0,0,1
FINNIFTY05MAR2418800PE.NFO,2024-02-12,11:20:00,2024-03-05,1.4,1.4,1.4,1.4,0,0,1
FINNIFTY05MAR2418800PE.NFO,2024-02-12,11:21:00,2024-03-05,1.4,1.4,1.4,1.4,0,0,1
FINNIFTY05MAR2418800PE.NFO,2024-02-12,11:22:00,2024-03-05,1.4,1.4,1.4,1.4,0,0,1
FINNIFTY05MAR2418800PE.NFO,2024-02-12,11:23:00,2024-03-05,1.4,1.4,1.4,1.4,0,0,1
FINNIFTY05MAR2418800PE.NFO,2024-02-12,11:24:00,2024-03-05,1.4,1.4,1.4,1.4,0,0,1
FINNIFTY05MAR2418800PE.NFO,2024-02-12,11:25:00,2024-03-05,1.4,1.4,1.4,1.4,0,0,1
FINNIFTY05MAR2418800PE.NFO,2024-02-12,11:26:00,2024-03-05,1.4,1.4,1.4,1.4,0,0,1
FINNIFTY05MAR2418800PE.NFO,2024-02-12,11:27:00,2024-03-05,1.4,1.4,1.4,1.4,0,0,1
FINNIFTY05MAR2418800PE.NFO,2024-02-12,11:28:00,2024-03-05,1.4,1.4,1.4,1.4,0,0,1
FINNIFTY05MAR2418800PE.NFO,2024-02-12,11:29:00,2024-03-05,1.4,1.4,1.4,1.4,0,0,1
FINNIFTY05MAR2418800PE.NFO,2024-02-12,11:30:00,2024-03-05,1.4,1.4,1.4,1.4,0,0,1
FINNIFTY05MAR2418800PE.NFO,2024-02-12,11:31:00,2024-03-05,1.4,1.4,1.4,1.4,0,0,1
FINNIFTY05MAR2418800PE.NFO,2024-02-12,11:32:00,2024-03-05,1.4,1.4,1.4,1.4,0,0,1
FINNIFTY05MAR2418800PE.NFO,2024-02-12,11:33:00,2024-03-05,1.4,1.4,1.4,1.4,0,0,1
FINNIFTY05MAR2418800PE.NFO,2024-02-12,11:34:00,2024-03-05,1.4,1.4,1.4,1.4,0,0,1
FINNIFTY05MAR2418800PE.NFO,2024-02-12,11:35:00,2024-03-05,1.4,1.4,1.4,1.4,0,0,1
FINNIFTY05MAR2418800PE.NFO,2024-02-12,11:36:00,2024-03-05,1.4,1.4,1.4,1.4,0,0,1
FINNIFTY05MAR2418800PE.NFO,2024-02-12,11:37:00,2024-03-05,1.4,1.4,1.4,1.4,0,0,1
FINNIFTY05MAR2418800PE.NFO,2024-02-12,11:38:00,2024-03-05,1.4,1.4,1.4,1.4,0,0,1
FINNIFTY05MAR2418800PE.NFO,2024-02-12,11:39:00,2024-03-05,1.4,1.4,1.4,1.4,0,0,1
FINNIFTY05MAR2418800PE.NFO,2024-02-12,11:40:00,2024-03-05,1.4,1.4,1.4,1.4,0,0,1
FINNIFTY05MAR2418800PE.NFO,2024-02-12,11:41:00,2024-03-05,1.4,1.4,1.4,1.4,0,0,1
FINNIFTY05MAR2418800PE.NFO,2024-02-12,11:42:00,2024-03-05,1.4,1.4,1.4,1.4,0,0,1
FINNIFTY05MAR2418800PE.NFO,2024-02-12,11:43:00,2024-03-05,1.4,1.4,1.4,1.4,0,0,1
FINNIFTY05MAR2418800PE.NFO,2024-02-12,11:44:00,2024-03-05,1.4,1.4,1.4,1.4,0,0,1
FINNIFTY05MAR2418800PE.NFO,2024-02-12,11:45:00,2024-03-05,1.4,1.4,1.4,1.4,0,0,1
FINNIFTY05MAR2418800PE.NFO,2024-02-12,11:46:00,2024-03-05,1.4,1.4,1.4,1.4,0,0,1
FINNIFTY05MAR2418800PE.NFO,2024-02-12,11:47:00,2024-03-05,1.4,1.4,1.4,1.4,0,0,1
FINNIFTY05MAR2418800PE.NFO,2024-02-12,11:48:00,2024-03-05,1.4,1.4,1.4,1.4,0,0,1
FINNIFTY05MAR2418800PE.NFO,2024-02-12,11:49:00,2024-03-05,1.4,1.4,1.4,1.4,0,0,1
FINNIFTY05MAR2418800PE.NFO,2024-02-12,11:50:00,2024-03-05,1.4,1.4,1.4,1.4,0,0,1
FINNIFTY05MAR2418800PE.NFO,2024-02-12,11:51:00,2024-03-05,1.4,1.4,1.4,1.4,0,0,1
FINNIFTY05MAR2418800PE.NFO,2024-02-12,11:52:00,2024-03-05,1.4,1.4,1.4,1.4,0,0,1
FINNIFTY05MAR2418800PE.NFO,2024-02-12,11:53:00,2024-03-05,1.4,1.4,1.4,1.4,0,0,1
FINNIFTY05MAR2418800PE.NFO,2024-02-12,11:54:00,2024-03-05,1.4,1.4,1.4,1.4,0,0,1
FINNIFTY05MAR2418800PE.NFO,2024-02-12,11:55:00,2024-03-05,1.4,1.4,1.4,1.4,0,0,1
FINNIFTY05MAR2418800PE.NFO,2024-02-12,11:56:00,2024-03-05,1.4,1.4,1.4,1.4,0,0,1
FINNIFTY05MAR2418800PE.NFO,2024-02-12,11:57:00,2024-03-05,1.4,1.4,1.4,1.4,0,0,1
FINNIFTY05MAR2418800PE.NFO,2024-02-12,11:58:00,2024-03-05,1.4,1.4,1.4,1.4,0,0,1
FINNIFTY05MAR2418800PE.NFO,2024-02-12,11:59:00,2024-03-05,1.4,1.4,1.4,1.4,0,0,1
FINNIFTY05MAR2418800PE.NFO,2024-02-12,12:00:00,2024-03-05,1.4,1.4,1.4,1.4,0,0,1
FINNIFTY05MAR2418800PE.NFO,2024-02-12,12:01:00,2024-03-05,1.4,1.4,1.4,1.4,0,0,1
FINNIFTY05MAR2418800PE.NFO,2024-02-12,12:02:00,2024-03-05,1.4,1.4,1.4,1.4,0,0,1
FINNIFTY05MAR2418800PE.NFO,2024-02-12,12:03:00,2024-03-05,1.4,1.4,1.4,1.4,0,0,1
FINNIFTY05MAR2418800PE.NFO,2024-02-12,12:04:00,2024-03-05,1.4,1.4,1.4,1.4,0,0,1
FINNIFTY05MAR2418800PE.NFO,2024-02-12,12:05:00,2024-03-05,1.4,1.4,1.4,1.4,0,0,1
FINNIFTY05MAR2418800PE.NFO,2024-02-12,12:06:00,2024-03-05,1.4,1.4,1.4,1.4,0,0,1
FINNIFTY05MAR2418800PE.NFO,2024-02-12,12:07:00,2024-03-05,1.4,1.4,1.4,1.4,0,0,1
FINNIFTY05MAR2418800PE.NFO,2024-02-12,12:08:00,2024-03-05,1.4,1.4,1.4,1.4,0,0,1
FINNIFTY05MAR2418800PE.NFO,2024-02-12,12:09:00,2024-03-05,1.4,1.4,1.4,1.4,0,0,1
FINNIFTY05MAR2418800PE.NFO,2024-02-12,12:10:00,2024-03-05,1.4,1.4,1.4,1.4,0,0,1
FINNIFTY05MAR2418800PE.NFO,2024-02-12,12:11:00,2024-03-05,1.4,1.4,1.4,1.4,0,0,1
FINNIFTY05MAR2418800PE.NFO,2024-02-12,12:12:00,2024-03-05,1.4,1.4,1.4,1.4,0,0,1
FINNIFTY05MAR2418800PE.NFO,2024-02-12,12:13:00,2024-03-05,1.4,1.4,1.4,1.4,0,0,1
FINNIFTY05MAR2418800PE.NFO,2024-02-12,12:14:00,2024-03-05,1.4,1.4,1.4,1.4,0,0,1
FINNIFTY05MAR2418800PE.NFO,2024-02-12,12:15:00,2024-03-05,1.4,1.4,1.4,1.4,0,0,1
FINNIFTY05MAR2418800PE.NFO,2024-02-12,12:16:00,2024-03-05,1.4,1.4,1.4,1.4,0,0,1
FINNIFTY05MAR2418800PE.NFO,2024-02-12,12:17:00,2024-03-05,1.4,1.4,1.4,1.4,0,0,1
FINNIFTY05MAR2418800PE.NFO,2024-02-12,12:18:00,2024-03-05,1.4,1.4,1.4,1.4,0,0,1
FINNIFTY05MAR2418800PE.NFO,2024-02-12,12:19:00,2024-03-05,1.4,1.4,1.4,1.4,0,0,1
FINNIFTY05MAR2418800PE.NFO,2024-02-12,12:20:00,2024-03-05,1.4,1.4,1.4,1.4,0,0,1
FINNIFTY05MAR2418800PE.NFO,2024-02-12,12:21:00,2024-03-05,1.4,1.4,1.4,1.4,0,0,1
FINNIFTY05MAR2418800PE.NFO,2024-02-12,12:22:00,2024-03-05,1.4,1.4,1.4,1.4,0,0,1
FINNIFTY05MAR2418800PE.NFO,2024-02-12,12:23:00,2024-03-05,1.4,1.4,1.4,1.4,0,0,1
FINNIFTY05MAR2418800PE.NFO,2024-02-12,12:24:00,2024-03-05,1.4,1.4,1.4,1.4,0,0,1
FINNIFTY05MAR2418800PE.NFO,2024-02-12,12:25:00,2024-03-05,1.4,1.4,1.4,1.4,0,0,1
FINNIFTY05MAR2418800PE.NFO,2024-02-12,12:26:00,2024-03-05,1.4,1.4,1.4,1.4,0,0,1
FINNIFTY05MAR2418800PE.NFO,2024-02-12,12:27:00,2024-03-05,1.4,1.4,1.4,1.4,0,0,1
FINNIFTY05MAR2418800PE.NFO,2024-02-12,12:28:00,2024-03-05,1.4,1.4,1.4,1.4,0,0,1
FINNIFTY05MAR2418800PE.NFO,2024-02-12,12:29:00,2024-03-05,1.4,1.4,1.4,1.4,0,0,1
FINNIFTY05MAR2418800PE.NFO,2024-02-12,12:30:00,2024-03-05,1.4,1.4,1.4,1.4,0,0,1
FINNIFTY05MAR2418800PE.NFO,2024-02-12,12:31:00,2024-03-05,1.4,1.4,1.4,1.4,0,0,1
FINNIFTY05MAR2418800PE.NFO,2024-02-12,12:32:00,2024-03-05,1.4,1.4,1.4,1.4,0,0,1
FINNIFTY05MAR2418800PE.NFO,2024-02-12,12:33:00,2024-03-05,1.4,1.4,1.4,1.4,0,0,1
FINNIFTY05MAR2418800PE.NFO,2024-02-12,12:34:00,2024-03-05,1.4,1.4,1.4,1.4,0,0,1
FINNIFTY05MAR2418800PE.NFO,2024-02-12,12:35:00,2024-03-05,1.4,1.4,1.4,1.4,0,0,1
FINNIFTY05MAR2418800PE.NFO,2024-02-12,12:36:00,2024-03-05,1.4,1.4,1.4,1.4,0,0,1
FINNIFTY05MAR2418800PE.NFO,2024-02-12,12:37:00,2024-03-05,1.4,1.4,1.4,1.4,0,0,1
FINNIFTY05MAR2418800PE.NFO,2024-02-12,12:38:00,2024-03-05,1.4,1.4,1.4,1.4,0,0,1
FINNIFTY05MAR2418800PE.NFO,2024-02-12,12:39:00,2024-03-05,1.4,1.4,1.4,1.4,0,0,1
FINNIFTY05MAR2418800PE.NFO,2024-02-12,12:40:00,2024-03-05,1.4,1.4,1.4,1.4,0,0,1
FINNIFTY05MAR2418800PE.NFO,2024-02-12,12:41:00,2024-03-05,1.4,1.4,1.4,1.4,0,0,1
FINNIFTY05MAR2418800PE.NFO,2024-02-12,12:42:00,2024-03-05,1.4,1.4,1.4,1.4,0,0,1
FINNIFTY05MAR2418800PE.NFO,2024-02-12,12:43:00,2024-03-05,1.4,1.4,1.4,1.4,0,0,1
FINNIFTY05MAR2418800PE.NFO,2024-02-12,12:44:00,2024-03-05,1.4,1.4,1.4,1.4,0,0,1
FINNIFTY05MAR2418800PE.NFO,2024-02-12,12:45:00,2024-03-05,1.4,1.4,1.4,1.4,0,0,1
FINNIFTY05MAR2418800PE.NFO,2024-02-12,12:46:00,2024-03-05,1.4,1.4,1.4,1.4,0,0,1
FINNIFTY05MAR2418800PE.NFO,2024-02-12,12:47:00,2024-03-05,1.4,1.4,1.4,1.4,0,0,1
FINNIFTY05MAR2418800PE.NFO,2024-02-12,12:48:00,2024-03-05,1.4,1.4,1.4,1.4,0,0,1
FINNIFTY05MAR2418800PE.NFO,2024-02-12,12:49:00,2024-03-05,1.4,1.4,1.4,1.4,0,0,1
FINNIFTY05MAR2418800PE.NFO,2024-02-12,12:50:00,2024-03-05,1.4,1.4,1.4,1.4,0,0,1
FINNIFTY05MAR2418800PE.NFO,2024-02-12,12:51:00,2024-03-05,1.4,1.4,1.4,1.4,0,0,1
FINNIFTY05MAR2418800PE.NFO,2024-02-12,12:52:00,2024-03-05,1.4,1.4,1.4,1.4,0,0,1
FINNIFTY05MAR2418800PE.NFO,2024-02-12,12:53:00,2024-03-05,1.4,1.4,1.4,1.4,0,0,1
FINNIFTY05MAR2418800PE.NFO,2024-02-12,12:54:00,2024-03-05,1.4,1.4,1.4,1.4,0,0,1
FINNIFTY05MAR2418800PE.NFO,2024-02-12,12:55:00,2024-03-05,1.4,1.4,1.4,1.4,0,0,1
FINNIFTY05MAR2418800PE.NFO,2024-02-12,12:56:00,2024-03-05,1.4,1.4,1.4,1.4,0,0,1
FINNIFTY05MAR2418800PE.NFO,2024-02-12,12:57:00,2024-03-05,1.4,1.4,1.4,1.4,0,0,1
FINNIFTY05MAR2418800PE.NFO,2024-02-12,12:58:00,2024-03-05,1.4,1.4,1.4,1.4,0,0,1
FINNIFTY05MAR2418800PE.NFO,2024-02-12,12:59:00,2024-03-05,1.4,1.4,1.4,1.4,0,0,1
FINNIFTY05MAR2418800PE.NFO,2024-02-12,13:00:00,2024-03-05,1.4,1.4,1.4,1.4,0,0,1
FINNIFTY05MAR2418800PE.NFO,2024-02-12,13:01:00,2024-03-05,1.4,1.4,1.4,1.4,0,0,1
FINNIFTY05MAR2418800PE.NFO,2024-02-12,13:02:00,2024-03-05,1.4,1.4,1.4,1.4,0,0,1
FINNIFTY05MAR2418800PE.NFO,2024-02-12,13:03:00,2024-03-05,1.4,1.4,1.4,1.4,0,0,1
FINNIFTY05MAR2418800PE.NFO,2024-02-12,13:04:00,2024-03-05,1.4,1.4,1.4,1.4,0,0,1
FINNIFTY05MAR2418800PE.NFO,2024-02-12,13:05:00,2024-03-05,1.4,1.4,1.4,1.4,0,0,1
FINNIFTY05MAR2418800PE.NFO,2024-02-12,13:06:00,2024-03-05,1.4,1.4,1.4,1.4,0,0,1
FINNIFTY05MAR2418800PE.NFO,2024-02-12,13:07:00,2024-03-05,1.4,1.4,1.4,1.4,0,0,1
FINNIFTY05MAR2418800PE.NFO,2024-02-12,13:08:00,2024-03-05,1.4,1.4,1.4,1.4,0,0,1
FINNIFTY05MAR2418800PE.NFO,2024-02-12,13:09:00,2024-03-05,1.4,1.4,1.4,1.4,0,0,1
FINNIFTY05MAR2418800PE.NFO,2024-02-12,13:10:00,2024-03-05,1.4,1.4,1.4,1.4,0,0,1
FINNIFTY05MAR2418800PE.NFO,2024-02-12,13:11:00,2024-03-05,1.4,1.4,1.4,1.4,0,0,1
FINNIFTY05MAR2418800PE.NFO,2024-02-12,13:12:00,2024-03-05,1.4,1.4,1.4,1.4,0,0,1
FINNIFTY05MAR2418800PE.NFO,2024-02-12,13:13:00,2024-03-05,1.4,1.4,1.4,1.4,0,0,1
FINNIFTY05MAR2418800PE.NFO,2024-02-12,13:14:00,2024-03-05,1.4,1.4,1.4,1.4,0,0,1
FINNIFTY05MAR2418800PE.NFO,2024-02-12,13:15:00,2024-03-05,1.4,1.4,1.4,1.4,0,0,1
FINNIFTY05MAR2418800PE.NFO,2024-02-12,13:16:00,2024-03-05,1.4,1.4,1.4,1.4,0,0,1
FINNIFTY05MAR2418800PE.NFO,2024-02-12,13:17:00,2024-03-05,1.4,1.4,1.4,1.4,0,0,1
FINNIFTY05MAR2418800PE.NFO,2024-02-12,13:18:00,2024-03-05,1.4,1.4,1.4,1.4,0,0,1
FINNIFTY05MAR2418800PE.NFO,2024-02-12,13:19:00,2024-03-05,1.4,1.4,1.4,1.4,0,0,1
FINNIFTY05MAR2418800PE.NFO,2024-02-12,13:20:00,2024-03-05,1.4,1.4,1.4,1.4,0,0,1
FINNIFTY05MAR2418800PE.NFO,2024-02-12,13:21:00,2024-03-05,1.4,1.4,1.4,1.4,0,0,1
FINNIFTY05MAR2418800PE.NFO,2024-02-12,13:22:00,2024-03-05,1.4,1.4,1.4,1.4,0,0,1
FINNIFTY05MAR2418800PE.NFO,2024-02-12,13:23:00,2024-03-05,1.4,1.4,1.4,1.4,0,0,1
FINNIFTY05MAR2418800PE.NFO,2024-02-12,13:24:00,2024-03-05,1.4,1.4,1.4,1.4,0,0,1
FINNIFTY05MAR2418800PE.NFO,2024-02-12,13:25:00,2024-03-05,1.4,1.4,1.4,1.4,0,0,1
FINNIFTY05MAR2418800PE.NFO,2024-02-12,13:26:00,2024-03-05,1.4,1.4,1.4,1.4,0,0,1
FINNIFTY05MAR2418800PE.NFO,2024-02-12,13:27:00,2024-03-05,1.4,1.4,1.4,1.4,0,0,1
FINNIFTY05MAR2418800PE.NFO,2024-02-12,13:28:00,2024-03-05,1.4,1.4,1.4,1.4,0,0,1
FINNIFTY05MAR2418800PE.NFO,2024-02-12,13:29:00,2024-03-05,1.4,1.4,1.4,1.4,0,0,1
FINNIFTY05MAR2418800PE.NFO,2024-02-12,13:30:00,2024-03-05,1.4,1.4,1.4,1.4,0,0,1
FINNIFTY05MAR2418800PE.NFO,2024-02-12,13:31:00,2024-03-05,1.4,1.4,1.4,1.4,0,0,1
FINNIFTY05MAR2418800PE.NFO,2024-02-12,13:32:00,2024-03-05,1.4,1.4,1.4,1.4,0,0,1
FINNIFTY05MAR2418800PE.NFO,2024-02-12,13:33:00,2024-03-05,1.4,1.4,1.4,1.4,0,0,1
FINNIFTY05MAR2418800PE.NFO,2024-02-12,13:34:00,2024-03-05,1.4,1.4,1.4,1.4,0,0,1
FINNIFTY05MAR2418800PE.NFO,2024-02-12,13:35:00,2024-03-05,1.4,1.4,1.4,1.4,0,0,1
FINNIFTY05MAR2418800PE.NFO,2024-02-12,13:36:00,2024-03-05,1.4,1.4,1.4,1.4,0,0,1
FINNIFTY05MAR2418800PE.NFO,2024-02-12,13:37:00,2024-03-05,1.4,1.4,1.4,1.4,0,0,1
FINNIFTY05MAR2418800PE.NFO,2024-02-12,13:38:00,2024-03-05,1.4,1.4,1.4,1.4,0,0,1
FINNIFTY05MAR2418800PE.NFO,2024-02-12,13:39:00,2024-03-05,1.4,1.4,1.4,1.4,0,0,1
FINNIFTY05MAR2418800PE.NFO,2024-02-12,13:40:00,2024-03-05,1.4,1.4,1.4,1.4,0,0,1
FINNIFTY05MAR2418800PE.NFO,2024-02-12,13:41:00,2024-03-05,1.4,1.4,1.4,1.4,0,0,1
FINNIFTY05MAR2418800PE.NFO,2024-02-12,13:42:00,2024-03-05,1.4,1.4,1.4,1.4,0,0,1
FINNIFTY05MAR2418800PE.NFO,2024-02-12,13:43:00,2024-03-05,1.4,1.4,1.4,1.4,0,0,1
FINNIFTY05MAR2418800PE.NFO,2024-02-12,13:44:00,2024-03-05,1.4,1.4,1.4,1.4,0,0,1
FINNIFTY05MAR2418800PE.NFO,2024-02-12,13:45:00,2024-03-05,1.4,1.4,1.4,1.4,0,0,1
FINNIFTY05MAR2418800PE.NFO,2024-02-12,13:46:00,2024-03-05,1.4,1.4,1.4,1.4,0,0,1
FINNIFTY05MAR2418800PE.NFO,2024-02-12,13:47:00,2024-03-05,1.4,1.4,1.4,1.4,0,0,1
FINNIFTY05MAR2418800PE.NFO,2024-02-12,13:48:00,2024-03-05,1.4,1.4,1.4,1.4,0,0,1
FINNIFTY05MAR2418800PE.NFO,2024-02-12,13:49:00,2024-03-05,1.4,1.4,1.4,1.4,0,0,1
FINNIFTY05MAR2418800PE.NFO,2024-02-12,13:50:00,2024-03-05,1.4,1.4,1.4,1.4,0,0,1
FINNIFTY05MAR2418800PE.NFO,2024-02-12,13:51:00,2024-03-05,1.4,1.4,1.4,1.4,0,0,1
FINNIFTY05MAR2418800PE.NFO,2024-02-12,13:52:00,2024-03-05,1.4,1.4,1.4,1.4,0,0,1
FINNIFTY05MAR2418800PE.NFO,2024-02-12,13:53:00,2024-03-05,1.4,1.4,1.4,1.4,0,0,1
FINNIFTY05MAR2418800PE.NFO,2024-02-12,13:54:00,2024-03-05,1.4,1.4,1.4,1.4,0,0,1
FINNIFTY05MAR2418800PE.NFO,2024-02-12,13:55:00,2024-03-05,1.4,1.4,1.4,1.4,0,0,1
FINNIFTY05MAR2418800PE.NFO,2024-02-12,13:56:00,2024-03-05,1.4,1.4,1.4,1.4,0,0,1
FINNIFTY05MAR2418800PE.NFO,2024-02-12,13:57:00,2024-03-05,1.4,1.4,1.4,1.4,0,0,1
FINNIFTY05MAR2418800PE.NFO,2024-02-12,13:58:00,2024-03-05,1.4,1.4,1.4,1.4,0,0,1
FINNIFTY05MAR2418800PE.NFO,2024-02-12,13:59:00,2024-03-05,1.4,1.4,1.4,1.4,0,0,1
FINNIFTY05MAR2418800PE.NFO,2024-02-12,14:00:00,2024-03-05,1.4,1.4,1.4,1.4,0,0,1
FINNIFTY05MAR2418800PE.NFO,2024-02-12,14:01:00,2024-03-05,1.4,1.4,1.4,1.4,0,0,1
FINNIFTY05MAR2418800PE.NFO,2024-02-12,14:02:00,2024-03-05,1.4,1.4,1.4,1.4,0,0,1
FINNIFTY05MAR2418800PE.NFO,2024-02-12,14:03:00,2024-03-05,1.4,1.4,1.4,1.4,0,0,1
FINNIFTY05MAR2418800PE.NFO,2024-02-12,14:04:00,2024-03-05,1.4,1.4,1.4,1.4,0,0,1
FINNIFTY05MAR2418800PE.NFO,2024-02-12,14:05:00,2024-03-05,1.4,1.4,1.4,1.4,0,0,1
FINNIFTY05MAR2418800PE.NFO,2024-02-12,14:06:00,2024-03-05,1.4,1.4,1.4,1.4,0,0,1
FINNIFTY05MAR2418800PE.NFO,2024-02-12,14:07:00,2024-03-05,1.4,1.4,1.4,1.4,0,0,1
FINNIFTY05MAR2418800PE.NFO,2024-02-12,14:08:00,2024-03-05,1.4,1.4,1.4,1.4,0,0,1
FINNIFTY05MAR2418800PE.NFO,2024-02-12,14:09:00,2024-03-05,1.4,1.4,1.4,1.4,0,0,1
FINNIFTY05MAR2418800PE.NFO,2024-02-12,14:10:00,2024-03-05,1.4,1.4,1.4,1.4,0,0,1
FINNIFTY05MAR2418800PE.NFO,2024-02-12,14:11:00,2024-03-05,1.4,1.4,1.4,1.4,0,0,1
FINNIFTY05MAR2418800PE.NFO,2024-02-12,14:12:00,2024-03-05,1.4,1.4,1.4,1.4,0,0,1
FINNIFTY05MAR2418800PE.NFO,2024-02-12,14:13:00,2024-03-05,1.4,1.4,1.4,1.4,0,0,1
FINNIFTY05MAR2418800PE.NFO,2024-02-12,14:14:00,2024-03-05,1.4,1.4,1.4,1.4,0,0,1
FINNIFTY05MAR2418800PE.NFO,2024-02-12,14:15:00,2024-03-05,1.4,1.4,1.4,1.4,0,0,1
FINNIFTY05MAR2418800PE.NFO,2024-02-12,14:16:00,2024-03-05,1.4,1.4,1.4,1.4,0,0,1
FINNIFTY05MAR2418800PE.NFO,2024-02-12,14:17:00,2024-03-05,1.4,1.4,1.4,1.4,0,0,1
FINNIFTY05MAR2418800PE.NFO,2024-02-12,14:18:00,2024-03-05,1.4,1.4,1.4,1.4,0,0,1
FINNIFTY05MAR2418800PE.NFO,2024-02-12,14:19:00,2024-03-05,1.4,1.4,1.4,1.4,0,0,1
FINNIFTY05MAR2418800PE.NFO,2024-02-12,14:20:00,2024-03-05,1.4,1.4,1.4,1.4,0,0,1
FINNIFTY05MAR2418800PE.NFO,2024-02-12,14:21:00,2024-03-05,1.4,1.4,1.4,1.4,0,0,1
FINNIFTY05MAR2418800PE.NFO,2024-02-12,14:22:00,2024-03-05,1.4,1.4,1.4,1.4,0,0,1
FINNIFTY05MAR2418800PE.NFO,2024-02-12,14:23:00,2024-03-05,1.4,1.4,1.4,1.4,0,0,1
FINNIFTY05MAR2418800PE.NFO,2024-02-12,14:24:00,2024-03-05,1.4,1.4,1.4,1.4,0,0,1
FINNIFTY05MAR2418800PE.NFO,2024-02-12,14:25:00,2024-03-05,1.4,1.4,1.4,1.4,0,0,1
FINNIFTY05MAR2418800PE.NFO,2024-02-12,14:26:00,2024-03-05,1.4,1.4,1.4,1.4,0,0,1
FINNIFTY05MAR2418800PE.NFO,2024-02-12,14:27:00,2024-03-05,1.4,1.4,1.4,1.4,0,0,1
FINNIFTY05MAR2418800PE.NFO,2024-02-12,14:28:00,2024-03-05,1.4,1.4,1.4,1.4,0,0,1
FINNIFTY05MAR2418800PE.NFO,2024-02-12,14:29:00,2024-03-05,1.4,1.4,1.4,1.4,0,0,1
FINNIFTY05MAR2418800PE.NFO,2024-02-12,14:30:00,2024-03-05,1.4,1.4,1.4,1.4,0,0,1
FINNIFTY05MAR2418800PE.NFO,2024-02-12,14:31:00,2024-03-05,1.4,1.4,1.4,1.4,0,0,1
FINNIFTY05MAR2418800PE.NFO,2024-02-12,14:32:00,2024-03-05,1.4,1.4,1.4,1.4,0,0,1
FINNIFTY05MAR2418800PE.NFO,2024-02-12,14:33:00,2024-03-05,1.4,1.4,1.4,1.4,0,0,1
FINNIFTY05MAR2418800PE.NFO,2024-02-12,14:34:00,2024-03-05,1.4,1.4,1.4,1.4,0,0,1
FINNIFTY05MAR2418800PE.NFO,2024-02-12,14:35:00,2024-03-05,1.4,1.4,1.4,1.4,0,0,1
FINNIFTY05MAR2418800PE.NFO,2024-02-12,14:36:00,2024-03-05,1.4,1.4,1.4,1.4,0,0,1
FINNIFTY05MAR2418800PE.NFO,2024-02-12,14:37:00,2024-03-05,1.4,1.4,1.4,1.4,0,0,1
FINNIFTY05MAR2418800PE.NFO,2024-02-12,14:38:00,2024-03-05,1.4,1.4,1.4,1.4,0,0,1
FINNIFTY05MAR2418800PE.NFO,2024-02-12,14:39:00,2024-03-05,1.4,1.4,1.4,1.4,0,0,1
FINNIFTY05MAR2418800PE.NFO,2024-02-12,14:40:00,2024-03-05,1.4,1.4,1.4,1.4,0,0,1
FINNIFTY05MAR2418800PE.NFO,2024-02-12,14:41:00,2024-03-05,1.4,1.4,1.4,1.4,0,0,1
FINNIFTY05MAR2418800PE.NFO,2024-02-12,14:42:00,2024-03-05,1.4,1.4,1.4,1.4,0,0,1
FINNIFTY05MAR2418800PE.NFO,2024-02-12,14:43:00,2024-03-05,1.4,1.4,1.4,1.4,0,0,1
FINNIFTY05MAR2418800PE.NFO,2024-02-12,14:44:00,2024-03-05,1.4,1.4,1.4,1.4,0,0,1
FINNIFTY05MAR2418800PE.NFO,2024-02-12,14:45:00,2024-03-05,1.4,1.4,1.4,1.4,0,0,1
FINNIFTY05MAR2418800PE.NFO,2024-02-12,14:46:00,2024-03-05,1.4,1.4,1.4,1.4,0,0,1
FINNIFTY05MAR2418800PE.NFO,2024-02-12,14:47:00,2024-03-05,1.4,1.4,1.4,1.4,0,0,1
FINNIFTY05MAR2418800PE.NFO,2024-02-12,14:48:00,2024-03-05,1.4,1.4,1.4,1.4,0,0,1
FINNIFTY05MAR2418800PE.NFO,2024-02-12,14:49:00,2024-03-05,1.4,1.4,1.4,1.4,0,0,1
FINNIFTY05MAR2418800PE.NFO,2024-02-12,14:50:00,2024-03-05,1.4,1.4,1.4,1.4,0,0,1
FINNIFTY05MAR2418800PE.NFO,2024-02-12,14:51:00,2024-03-05,1.4,1.4,1.4,1.4,0,0,1
FINNIFTY05MAR2418800PE.NFO,2024-02-12,14:52:00,2024-03-05,1.4,1.4,1.4,1.4,0,0,1
FINNIFTY05MAR2418800PE.NFO,2024-02-12,14:53:00,2024-03-05,1.4,1.4,1.4,1.4,0,0,1
FINNIFTY05MAR2418800PE.NFO,2024-02-12,14:54:00,2024-03-05,1.4,1.4,1.4,1.4,0,0,1
FINNIFTY05MAR2418800PE.NFO,2024-02-12,14:55:00,2024-03-05,1.4,1.4,1.4,1.4,0,0,1
FINNIFTY05MAR2418800PE.NFO,2024-02-12,14:56:00,2024-03-05,1.4,1.4,1.4,1.4,0,0,1
FINNIFTY05MAR2418800PE.NFO,2024-02-12,14:57:00,2024-03-05,1.4,1.4,1.4,1.4,0,0,1
FINNIFTY05MAR2418800PE.NFO,2024-02-12,14:58:00,2024-03-05,1.4,1.4,1.4,1.4,0,0,1
FINNIFTY05MAR2418800PE.NFO,2024-02-12,14:59:00,2024-03-05,1.4,1.4,1.4,1.4,0,0,1
FINNIFTY05MAR2418800PE.NFO,2024-02-12,15:00:00,2024-03-05,1.4,1.4,1.4,1.4,0,0,1
FINNIFTY05MAR2418800PE.NFO,2024-02-12,15:01:00,2024-03-05,1.4,1.4,1.4,1.4,0,0,1
FINNIFTY05MAR2418800PE.NFO,2024-02-12,15:02:00,2024-03-05,1.4,1.4,1.4,1.4,0,0,1
FINNIFTY05MAR2418800PE.NFO,2024-02-12,15:03:00,2024-03-05,1.4,1.4,1.4,1.4,0,0,1
FINNIFTY05MAR2418800PE.NFO,2024-02-12,15:04:00,2024-03-05,1.4,1.4,1.4,1.4,0,0,1
FINNIFTY05MAR2418800PE.NFO,2024-02-12,15:05:00,2024-03-05,1.4,1.4,1.4,1.4,0,0,1
FINNIFTY05MAR2418800PE.NFO,2024-02-12,15:06:00,2024-03-05,1.4,1.4,1.4,1.4,0,0,1
FINNIFTY05MAR2418800PE.NFO,2024-02-12,15:07:00,2024-03-05,1.4,1.4,1.4,1.4,0,0,1
FINNIFTY05MAR2418800PE.NFO,2024-02-12,15:08:00,2024-03-05,1.4,1.4,1.4,1.4,0,0,1
FINNIFTY05MAR2418800PE.NFO,2024-02-12,15:09:00,2024-03-05,1.4,1.4,1.4,1.4,0,0,1
FINNIFTY05MAR2418800PE.NFO,2024-02-12,15:10:00,2024-03-05,1.4,1.4,1.4,1.4,0,0,1
FINNIFTY05MAR2418800PE.NFO,2024-02-12,15:11:00,2024-03-05,1.4,1.4,1.4,1.4,0,0,1
FINNIFTY05MAR2418800PE.NFO,2024-02-12,15:12:00,2024-03-05,1.4,1.4,1.4,1.4,0,0,1
FINNIFTY05MAR2418800PE.NFO,2024-02-12,15:13:00,2024-03-05,1.4,1.4,1.4,1.4,0,0,1
FINNIFTY05MAR2418800PE.NFO,2024-02-12,15:14:00,2024-03-05,1.4,1.4,1.4,1.4,0,0,1
FINNIFTY05MAR2418800PE.NFO,2024-02-12,15:15:00,2024-03-05,1.4,1.4,1.4,1.4,0,0,1
FINNIFTY05MAR2418800PE.NFO,2024-02-12,15:16:00,2024-03-05,1.4,1.4,1.4,1.4,0,0,1
FINNIFTY05MAR2418800PE.NFO,2024-02-12,15:17:00,2024-03-05,1.4,1.4,1.4,1.4,0,0,1
FINNIFTY05MAR2418800PE.NFO,2024-02-12,15:18:00,2024-03-05,1.4,1.4,1.4,1.4,0,0,1
FINNIFTY05MAR2418800PE.NFO,2024-02-12,15:19:00,2024-03-05,1.4,1.4,1.4,1.4,0,0,1
FINNIFTY05MAR2418800PE.NFO,2024-02-12,15:20:00,2024-03-05,1.4,1.4,1.4,1.4,0,0,1
FINNIFTY05MAR2418800PE.NFO,2024-02-12,15:21:00,2024-03-05,1.4,1.4,1.4,1.4,0,0,1
FINNIFTY05MAR2418800PE.NFO,2024-02-12,15:22:00,2024-03-05,1.4,1.4,1.4,1.4,0,0,1
FINNIFTY05MAR2418800PE.NFO,2024-02-12,15:23:00,2024-03-05,1.4,1.4,1.4,1.4,0,0,1
FINNIFTY05MAR2418800PE.NFO,2024-02-12,15:24:00,2024-03-05,1.4,1.4,1.4,1.4,0,0,1
FINNIFTY05MAR2418800PE.NFO,2024-02-12,15:25:00,2024-03-05,1.4,1.4,1.4,1.4,0,0,1
FINNIFTY05MAR2418800PE.NFO,2024-02-12,15:26:00,2024-03-05,1.4,1.4,1.4,1.4,0,0,1
FINNIFTY05MAR2418800PE.NFO,2024-02-12,15:27:00,2024-03-05,1.4,1.4,1.4,1.4,0,0,1
FINNIFTY05MAR2418800PE.NFO,2024-02-12,15:28:00,2024-03-05,1.4,1.4,1.4,1.4,0,0,1
FINNIFTY05MAR2418800PE.NFO,2024-02-12,15:29:00,2024-03-05,1.4,1.4,1.4,1.4,0,0,1
FINNIFTY05MAR2418800PE.NFO,2024-02-12,15:30:00,2024-03-05,1.4,1.4,1.4,1.4,0,0,1
FINNIFTY05MAR2418800PE.NFO,2024-02-13,09:15:00,2024-03-05,1.4,1.4,1.4,1.4,0,0,0
FINNIFTY05MAR2418800PE.NFO,2024-02-13,09:16:00,2024-03-05,1.4,1.4,1.4,1.4,0,0,1
FINNIFTY05MAR2418800PE.NFO,2024-02-13,09:17:00,2024-03-05,1.4,1.4,1.4,1.4,0,0,1
FINNIFTY05MAR2418800PE.NFO,2024-02-13,09:18:00,2024-03-05,1.4,1.4,1.4,1.4,0,0,1
FINNIFTY05MAR2418800PE.NFO,2024-02-13,09:19:00,2024-03-05,1.4,1.4,1.4,1.4,0,0,1
FINNIFTY05MAR2418800PE.NFO,2024-02-13,09:20:00,2024-03-05,1.4,1.4,1.4,1.4,0,0,1
FINNIFTY05MAR2418800PE.NFO,2024-02-13,09:21:00,2024-03-05,1.4,1.4,1.4,1.4,0,0,1
FINNIFTY05MAR2418800PE.NFO,2024-02-13,09:22:00,2024-03-05,1.4,1.4,1.4,1.4,0,0,1
FINNIFTY05MAR2418800PE.NFO,2024-02-13,09:23:00,2024-03-05,1.4,1.4,1.4,1.4,0,0,1
FINNIFTY05MAR2418800PE.NFO,2024-02-13,09:24:00,2024-03-05,1.4,1.4,1.4,1.4,0,0,1
FINNIFTY05MAR2418800PE.NFO,2024-02-13,09:25:00,2024-03-05,1.4,1.4,1.4,1.4,0,0,1
FINNIFTY05MAR2418800PE.NFO,2024-02-13,09:26:00,2024-03-05,1.4,1.4,1.4,1.4,0,0,1
FINNIFTY05MAR2418800PE.NFO,2024-02-13,09:27:00,2024-03-05,1.4,1.4,1.4,1.4,0,0,1
FINNIFTY05MAR2418800PE.NFO,2024-02-13,09:28:00,2024-03-05,1.4,1.4,1.4,1.4,0,0,1
FINNIFTY05MAR2418800PE.NFO,2024-02-13,09:29:00,2024-03-05,1.4,1.4,1.4,1.4,0,0,1
FINNIFTY05MAR2418800PE.NFO,2024-02-13,09:30:00,2024-03-05,1.4,1.4,1.4,1.4,0,0,1
FINNIFTY05MAR2418800PE.NFO,2024-02-13,09:31:00,2024-03-05,1.4,1.4,1.4,1.4,0,0,1
FINNIFTY05MAR2418800PE.NFO,2024-02-13,09:32:00,2024-03-05,1.4,1.4,1.4,1.4,0,0,1
FINNIFTY05MAR2418800PE.NFO,2024-02-13,09:33:00,2024-03-05,1.4,1.4,1.4,1.4,0,0,1
FINNIFTY05MAR2418800PE.NFO,2024-02-13,09:34:00,2024-03-05,1.4,1.4,1.4,1.4,0,0,1
FINNIFTY05MAR2418800PE.NFO,2024-02-13,09:35:00,2024-03-05,1.4,1.4,1.4,1.4,0,0,1
FINNIFTY05MAR2418800PE.NFO,2024-02-13,09:36:00,2024-03-05,1.4,1.4,1.4,1.4,0,0,1
FINNIFTY05MAR2418800PE.NFO,2024-02-13,09:37:00,2024-03-05,1.4,1.4,1.4,1.4,0,0,1
FINNIFTY05MAR2418800PE.NFO,2024-02-13,09:38:00,2024-03-05,1.4,1.4,1.4,1.4,0,0,1
FINNIFTY05MAR2418800PE.NFO,2024-02-13,09:39:00,2024-03-05,1.4,1.4,1.4,1.4,0,0,1
FINNIFTY05MAR2418800PE.NFO,2024-02-13,09:40:00,2024-03-05,1.4,1.4,1.4,1.4,0,0,1
FINNIFTY05MAR2418800PE.NFO,2024-02-13,09:41:00,2024-03-05,1.4,1.4,1.4,1.4,0,0,1
FINNIFTY05MAR2418800PE.NFO,2024-02-13,09:42:00,2024-03-05,1.4,1.4,1.4,1.4,0,0,1
FINNIFTY05MAR2418800PE.NFO,2024-02-13,09:43:00,2024-03-05,1.4,1.4,1.4,1.4,0,0,1
FINNIFTY05MAR2418800PE.NFO,2024-02-13,09:44:00,2024-03-05,1.4,1.4,1.4,1.4,0,0,1
FINNIFTY05MAR2418800PE.NFO,2024-02-13,09:45:00,2024-03-05,1.4,1.4,1.4,1.4,0,0,1
FINNIFTY05MAR2418800PE.NFO,2024-02-13,09:46:00,2024-03-05,1.4,1.4,1.4,1.4,0,0,1
FINNIFTY05MAR2418800PE.NFO,2024-02-13,09:47:00,2024-03-05,1.4,1.4,1.4,1.4,0,0,1
FINNIFTY05MAR2418800PE.NFO,2024-02-13,09:48:00,2024-03-05,1.4,1.4,1.4,1.4,0,0,1
FINNIFTY05MAR2418800PE.NFO,2024-02-13,09:49:00,2024-03-05,1.4,1.4,1.4,1.4,0,0,1
FINNIFTY05MAR2418800PE.NFO,2024-02-13,09:50:00,2024-03-05,1.4,1.4,1.4,1.4,0,0,1
FINNIFTY05MAR2418800PE.NFO,2024-02-13,09:51:00,2024-03-05,1.4,1.4,1.4,1.4,0,0,1
FINNIFTY05MAR2418800PE.NFO,2024-02-13,09:52:00,2024-03-05,1.4,1.4,1.4,1.4,0,0,1
FINNIFTY05MAR2418800PE.NFO,2024-02-13,09:53:00,2024-03-05,1.4,1.4,1.4,1.4,0,0,1
FINNIFTY05MAR2418800PE.NFO,2024-02-13,09:54:00,2024-03-05,1.4,1.4,1.4,1.4,0,0,1
FINNIFTY05MAR2418800PE.NFO,2024-02-13,09:55:00,2024-03-05,1.4,1.4,1.4,1.4,0,0,1
FINNIFTY05MAR2418800PE.NFO,2024-02-13,09:56:00,2024-03-05,1.4,1.4,1.4,1.4,0,0,1
FINNIFTY05MAR2418800PE.NFO,2024-02-13,09:57:00,2024-03-05,1.4,1.4,1.4,1.4,0,0,1
FINNIFTY05MAR2418800PE.NFO,2024-02-13,09:58:00,2024-03-05,1.4,1.4,1.4,1.4,0,0,1
FINNIFTY05MAR2418800PE.NFO,2024-02-13,09:59:00,2024-03-05,1.4,1.4,1.4,1.4,0,0,1
FINNIFTY05MAR2418800PE.NFO,2024-02-13,10:00:00,2024-03-05,1.4,1.4,1.4,1.4,0,0,1
FINNIFTY05MAR2418800PE.NFO,2024-02-13,10:01:00,2024-03-05,1.4,1.4,1.4,1.4,0,0,1
FINNIFTY05MAR2418800PE.NFO,2024-02-13,10:02:00,2024-03-05,1.4,1.4,1.4,1.4,0,0,1
FINNIFTY05MAR2418800PE.NFO,2024-02-13,10:03:00,2024-03-05,1.4,1.4,1.4,1.4,0,0,1
FINNIFTY05MAR2418800PE.NFO,2024-02-13,10:04:00,2024-03-05,1.4,1.4,1.4,1.4,0,0,1
FINNIFTY05MAR2418800PE.NFO,2024-02-13,10:05:00,2024-03-05,1.4,1.4,1.4,1.4,0,0,1
FINNIFTY05MAR2418800PE.NFO,2024-02-13,10:06:00,2024-03-05,1.4,1.4,1.4,1.4,0,0,1
FINNIFTY05MAR2418800PE.NFO,2024-02-13,10:07:00,2024-03-05,1.4,1.4,1.4,1.4,0,0,1
FINNIFTY05MAR2418800PE.NFO,2024-02-13,10:08:00,2024-03-05,1.4,1.4,1.4,1.4,0,0,1
FINNIFTY05MAR2418800PE.NFO,2024-02-13,10:09:00,2024-03-05,1.4,1.4,1.4,1.4,0,0,1
FINNIFTY05MAR2418800PE.NFO,2024-02-13,10:10:00,2024-03-05,1.4,1.4,1.4,1.4,0,0,1
FINNIFTY05MAR2418800PE.NFO,2024-02-13,10:11:00,2024-03-05,1.4,1.4,1.4,1.4,0,0,1
FINNIFTY05MAR2418800PE.NFO,2024-02-13,10:12:00,2024-03-05,1.4,1.4,1.4,1.4,0,0,1
FINNIFTY05MAR2418800PE.NFO,2024-02-13,10:13:00,2024-03-05,1.4,1.4,1.4,1.4,0,0,1
FINNIFTY05MAR2418800PE.NFO,2024-02-13,10:14:00,2024-03-05,1.4,1.4,1.4,1.4,0,0,1
FINNIFTY05MAR2418800PE.NFO,2024-02-13,10:15:00,2024-03-05,1.4,1.4,1.4,1.4,0,0,1
FINNIFTY05MAR2418800PE.NFO,2024-02-13,10:16:00,2024-03-05,1.4,1.4,1.4,1.4,0,0,1
FINNIFTY05MAR2418800PE.NFO,2024-02-13,10:17:00,2024-03-05,1.4,1.4,1.4,1.4,0,0,1
FINNIFTY05MAR2418800PE.NFO,2024-02-13,10:18:00,2024-03-05,1.4,1.4,1.4,1.4,0,0,1
FINNIFTY05MAR2418800PE.NFO,2024-02-13,10:19:00,2024-03-05,1.4,1.4,1.4,1.4,0,0,1
FINNIFTY05MAR2418800PE.NFO,2024-02-13,10:20:00,2024-03-05,1.4,1.4,1.4,1.4,0,0,1
FINNIFTY05MAR2418800PE.NFO,2024-02-13,10:21:00,2024-03-05,1.4,1.4,1.4,1.4,0,0,1
FINNIFTY05MAR2418800PE.NFO,2024-02-13,10:22:00,2024-03-05,1.4,1.4,1.4,1.4,0,0,1
FINNIFTY05MAR2418800PE.NFO,2024-02-13,10:23:00,2024-03-05,1.4,1.4,1.4,1.4,0,0,1
FINNIFTY05MAR2418800PE.NFO,2024-02-13,10:24:00,2024-03-05,1.4,1.4,1.4,1.4,0,0,1
FINNIFTY05MAR2418800PE.NFO,2024-02-13,10:25:00,2024-03-05,1.4,1.4,1.4,1.4,0,0,1
FINNIFTY05MAR2418800PE.NFO,2024-02-13,10:26:00,2024-03-05,1.4,1.4,1.4,1.4,0,0,1
FINNIFTY05MAR2418800PE.NFO,2024-02-13,10:27:00,2024-03-05,1.4,1.4,1.4,1.4,0,0,1
FINNIFTY05MAR2418800PE.NFO,2024-02-13,10:28:00,2024-03-05,1.4,1.4,1.4,1.4,0,0,1
FINNIFTY05MAR2418800PE.NFO,2024-02-13,10:29:00,2024-03-05,1.4,1.4,1.4,1.4,0,0,1
FINNIFTY05MAR2418800PE.NFO,2024-02-13,10:30:00,2024-03-05,1.4,1.4,1.4,1.4,0,0,1
FINNIFTY05MAR2418800PE.NFO,2024-02-13,10:31:00,2024-03-05,1.4,1.4,1.4,1.4,0,0,1
FINNIFTY05MAR2418800PE.NFO,2024-02-13,10:32:00,2024-03-05,1.4,1.4,1.4,1.4,0,0,1
FINNIFTY05MAR2418800PE.NFO,2024-02-13,10:33:00,2024-03-05,1.4,1.4,1.4,1.4,0,0,1
FINNIFTY05MAR2418800PE.NFO,2024-02-13,10:34:00,2024-03-05,1.4,1.4,1.4,1.4,0,0,1
FINNIFTY05MAR2418800PE.NFO,2024-02-13,10:35:00,2024-03-05,1.4,1.4,1.4,1.4,0,0,1
FINNIFTY05MAR2418800PE.NFO,2024-02-13,10:36:00,2024-03-05,1.4,1.4,1.4,1.4,0,0,1
FINNIFTY05MAR2418800PE.NFO,2024-02-13,10:37:00,2024-03-05,1.4,1.4,1.4,1.4,0,0,1
FINNIFTY05MAR2418800PE.NFO,2024-02-13,10:38:00,2024-03-05,1.4,1.4,1.4,1.4,0,0,1
FINNIFTY05MAR2418800PE.NFO,2024-02-13,10:39:00,2024-03-05,1.4,1.4,1.4,1.4,0,0,1
FINNIFTY05MAR2418800PE.NFO,2024-02-13,10:40:00,2024-03-05,1.4,1.4,1.4,1.4,0,0,1
FINNIFTY05MAR2418800PE.NFO,2024-02-13,10:41:00,2024-03-05,1.4,1.4,1.4,1.4,0,0,1
FINNIFTY05MAR2418800PE.NFO,2024-02-13,10:42:00,2024-03-05,1.4,1.4,1.4,1.4,0,0,1
FINNIFTY05MAR2418800PE.NFO,2024-02-13,10:43:00,2024-03-05,1.4,1.4,1.4,1.4,0,0,1
FINNIFTY05MAR2418800PE.NFO,2024-02-13,10:44:00,2024-03-05,1.4,1.4,1.4,1.4,0,0,1
FINNIFTY05MAR2418800PE.NFO,2024-02-13,10:45:00,2024-03-05,1.4,1.4,1.4,1.4,0,0,1
FINNIFTY05MAR2418800PE.NFO,2024-02-13,10:46:00,2024-03-05,1.4,1.4,1.4,1.4,0,0,1
FINNIFTY05MAR2418800PE.NFO,2024-02-13,10:47:00,2024-03-05,1.4,1.4,1.4,1.4,0,0,1
FINNIFTY05MAR2418800PE.NFO,2024-02-13,10:48:00,2024-03-05,1.4,1.4,1.4,1.4,0,0,1
FINNIFTY05MAR2418800PE.NFO,2024-02-13,10:49:00,2024-03-05,1.4,1.4,1.4,1.4,0,0,1
FINNIFTY05MAR2418800PE.NFO,2024-02-13,10:50:00,2024-03-05,1.4,1.4,1.4,1.4,0,0,1
FINNIFTY05MAR2418800PE.NFO,2024-02-13,10:51:00,2024-03-05,1.4,1.4,1.4,1.4,0,0,1
FINNIFTY05MAR2418800PE.NFO,2024-02-13,10:52:00,2024-03-05,1.4,1.4,1.4,1.4,0,0,1
FINNIFTY05MAR2418800PE.NFO,2024-02-13,10:53:00,2024-03-05,1.4,1.4,1.4,1.4,0,0,1
FINNIFTY05MAR2418800PE.NFO,2024-02-13,10:54:00,2024-03-05,1.4,1.4,1.4,1.4,0,0,1
FINNIFTY05MAR2418800PE.NFO,2024-02-13,10:55:00,2024-03-05,1.4,1.4,1.4,1.4,0,0,1
FINNIFTY05MAR2418800PE.NFO,2024-02-13,10:56:00,2024-03-05,1.4,1.4,1.4,1.4,0,0,1
FINNIFTY05MAR2418800PE.NFO,2024-02-13,10:57:00,2024-03-05,1.4,1.4,1.4,1.4,0,0,1
FINNIFTY05MAR2418800PE.NFO,2024-02-13,10:58:00,2024-03-05,1.4,1.4,1.4,1.4,0,0,1
FINNIFTY05MAR2418800PE.NFO,2024-02-13,10:59:00,2024-03-05,1.4,1.4,1.4,1.4,0,0,1
FINNIFTY05MAR2418800PE.NFO,2024-02-13,11:00:00,2024-03-05,1.4,1.4,1.4,1.4,0,0,1
FINNIFTY05MAR2418800PE.NFO,2024-02-13,11:01:00,2024-03-05,1.4,1.4,1.4,1.4,0,0,1
FINNIFTY05MAR2418800PE.NFO,2024-02-13,11:02:00,2024-03-05,1.4,1.4,1.4,1.4,0,0,1
FINNIFTY05MAR2418800PE.NFO,2024-02-13,11:03:00,2024-03-05,1.4,1.4,1.4,1.4,0,0,1
FINNIFTY05MAR2418800PE.NFO,2024-02-13,11:04:00,2024-03-05,1.4,1.4,1.4,1.4,0,0,1
FINNIFTY05MAR2418800PE.NFO,2024-02-13,11:05:00,2024-03-05,1.4,1.4,1.4,1.4,0,0,1
FINNIFTY05MAR2418800PE.NFO,2024-02-13,11:06:00,2024-03-05,1.4,1.4,1.4,1.4,0,0,1
FINNIFTY05MAR2418800PE.NFO,2024-02-13,11:07:00,2024-03-05,1.4,1.4,1.4,1.4,0,0,1
FINNIFTY05MAR2418800PE.NFO,2024-02-13,11:08:00,2024-03-05,1.4,1.4,1.4,1.4,0,0,1
FINNIFTY05MAR2418800PE.NFO,2024-02-13,11:09:00,2024-03-05,1.4,1.4,1.4,1.4,0,0,1
FINNIFTY05MAR2418800PE.NFO,2024-02-13,11:10:00,2024-03-05,1.4,1.4,1.4,1.4,0,0,1
FINNIFTY05MAR2418800PE.NFO,2024-02-13,11:11:00,2024-03-05,1.4,1.4,1.4,1.4,0,0,1
FINNIFTY05MAR2418800PE.NFO,2024-02-13,11:12:00,2024-03-05,1.4,1.4,1.4,1.4,0,0,1
FINNIFTY05MAR2418800PE.NFO,2024-02-13,11:13:00,2024-03-05,1.4,1.4,1.4,1.4,0,0,1
FINNIFTY05MAR2418800PE.NFO,2024-02-13,11:14:00,2024-03-05,1.4,1.4,1.4,1.4,0,0,1
FINNIFTY05MAR2418800PE.NFO,2024-02-13,11:15:00,2024-03-05,1.4,1.4,1.4,1.4,0,0,1
FINNIFTY05MAR2418800PE.NFO,2024-02-13,11:16:00,2024-03-05,1.4,1.4,1.4,1.4,0,0,1
FINNIFTY05MAR2418800PE.NFO,2024-02-13,11:17:00,2024-03-05,1.4,1.4,1.4,1.4,0,0,1
FINNIFTY05MAR2418800PE.NFO,2024-02-13,11:18:00,2024-03-05,1.4,1.4,1.4,1.4,0,0,1
FINNIFTY05MAR2418800PE.NFO,2024-02-13,11:19:00,2024-03-05,1.4,1.4,1.4,1.4,0,0,1
FINNIFTY05MAR2418800PE.NFO,2024-02-13,11:20:00,2024-03-05,1.4,1.4,1.4,1.4,0,0,1
FINNIFTY05MAR2418800PE.NFO,2024-02-13,11:21:00,2024-03-05,1.4,1.4,1.4,1.4,0,0,1
FINNIFTY05MAR2418800PE.NFO,2024-02-13,11:22:00,2024-03-05,1.4,1.4,1.4,1.4,0,0,1
FINNIFTY05MAR2418800PE.NFO,2024-02-13,11:23:00,2024-03-05,1.4,1.4,1.4,1.4,0,0,1
FINNIFTY05MAR2418800PE.NFO,2024-02-13,11:24:00,2024-03-05,1.4,1.4,1.4,1.4,0,0,1
FINNIFTY05MAR2418800PE.NFO,2024-02-13,11:25:00,2024-03-05,1.4,1.4,1.4,1.4,0,0,1
FINNIFTY05MAR2418800PE.NFO,2024-02-13,11:26:00,2024-03-05,1.4,1.4,1.4,1.4,0,0,1
FINNIFTY05MAR2418800PE.NFO,2024-02-13,11:27:00,2024-03-05,1.4,1.4,1.4,1.4,0,0,1
FINNIFTY05MAR2418800PE.NFO,2024-02-13,11:28:00,2024-03-05,1.4,1.4,1.4,1.4,0,0,1
FINNIFTY05MAR2418800PE.NFO,2024-02-13,11:29:00,2024-03-05,1.4,1.4,1.4,1.4,0,0,1
FINNIFTY05MAR2418800PE.NFO,2024-02-13,11:30:00,2024-03-05,1.4,1.4,1.4,1.4,0,0,1
FINNIFTY05MAR2418800PE.NFO,2024-02-13,11:31:00,2024-03-05,1.4,1.4,1.4,1.4,0,0,1
FINNIFTY05MAR2418800PE.NFO,2024-02-13,11:32:00,2024-03-05,1.4,1.4,1.4,1.4,0,0,1
FINNIFTY05MAR2418800PE.NFO,2024-02-13,11:33:00,2024-03-05,1.4,1.4,1.4,1.4,0,0,1
FINNIFTY05MAR2418800PE.NFO,2024-02-13,11:34:00,2024-03-05,1.4,1.4,1.4,1.4,0,0,1
FINNIFTY05MAR2418800PE.NFO,2024-02-13,11:35:00,2024-03-05,1.4,1.4,1.4,1.4,0,0,1
FINNIFTY05MAR2418800PE.NFO,2024-02-13,11:36:00,2024-03-05,1.4,1.4,1.4,1.4,0,0,1
FINNIFTY05MAR2418800PE.NFO,2024-02-13,11:37:00,2024-03-05,1.4,1.4,1.4,1.4,0,0,1
FINNIFTY05MAR2418800PE.NFO,2024-02-13,11:38:00,2024-03-05,1.4,1.4,1.4,1.4,0,0,1
FINNIFTY05MAR2418800PE.NFO,2024-02-13,11:39:00,2024-03-05,1.4,1.4,1.4,1.4,0,0,1
FINNIFTY05MAR2418800PE.NFO,2024-02-13,11:40:00,2024-03-05,1.4,1.4,1.4,1.4,0,0,1
FINNIFTY05MAR2418800PE.NFO,2024-02-13,11:41:00,2024-03-05,1.4,1.4,1.4,1.4,0,0,1
FINNIFTY05MAR2418800PE.NFO,2024-02-13,11:42:00,2024-03-05,1.4,1.4,1.4,1.4,0,0,1
FINNIFTY05MAR2418800PE.NFO,2024-02-13,11:43:00,2024-03-05,1.4,1.4,1.4,1.4,0,0,1
FINNIFTY05MAR2418800PE.NFO,2024-02-13,11:44:00,2024-03-05,1.4,1.4,1.4,1.4,0,0,1
FINNIFTY05MAR2418800PE.NFO,2024-02-13,11:45:00,2024-03-05,1.4,1.4,1.4,1.4,0,0,1
FINNIFTY05MAR2418800PE.NFO,2024-02-13,11:46:00,2024-03-05,1.4,1.4,1.4,1.4,0,0,1
FINNIFTY05MAR2418800PE.NFO,2024-02-13,11:47:00,2024-03-05,1.4,1.4,1.4,1.4,0,0,1
FINNIFTY05MAR2418800PE.NFO,2024-02-13,11:48:00,2024-03-05,1.4,1.4,1.4,1.4,0,0,1
FINNIFTY05MAR2418800PE.NFO,2024-02-13,11:49:00,2024-03-05,1.4,1.4,1.4,1.4,0,0,1
FINNIFTY05MAR2418800PE.NFO,2024-02-13,11:50:00,2024-03-05,1.4,1.4,1.4,1.4,0,0,1
FINNIFTY05MAR2418800PE.NFO,2024-02-13,11:51:00,2024-03-05,1.4,1.4,1.4,1.4,0,0,1
FINNIFTY05MAR2418800PE.NFO,2024-02-13,11:52:00,2024-03-05,1.4,1.4,1.4,1.4,0,0,1
FINNIFTY05MAR2418800PE.NFO,2024-02-13,11:53:00,2024-03-05,1.4,1.4,1.4,1.4,0,0,1
FINNIFTY05MAR2418800PE.NFO,2024-02-13,11:54:00,2024-03-05,1.4,1.4,1.4,1.4,0,0,1
FINNIFTY05MAR2418800PE.NFO,2024-02-13,11:55:00,2024-03-05,1.4,1.4,1.4,1.4,0,0,1
FINNIFTY05MAR2418800PE.NFO,2024-02-13,11:56:00,2024-03-05,1.4,1.4,1.4,1.4,0,0,1
FINNIFTY05MAR2418800PE.NFO,2024-02-13,11:57:00,2024-03-05,1.4,1.4,1.4,1.4,0,0,1
FINNIFTY05MAR2418800PE.NFO,2024-02-13,11:58:00,2024-03-05,1.4,1.4,1.4,1.4,0,0,1
FINNIFTY05MAR2418800PE.NFO,2024-02-13,11:59:00,2024-03-05,1.4,1.4,1.4,1.4,0,0,1
FINNIFTY05MAR2418800PE.NFO,2024-02-13,12:00:00,2024-03-05,1.4,1.4,1.4,1.4,0,0,1
FINNIFTY05MAR2418800PE.NFO,2024-02-13,12:01:00,2024-03-05,1.4,1.4,1.4,1.4,0,0,1
FINNIFTY05MAR2418800PE.NFO,2024-02-13,12:02:00,2024-03-05,1.4,1.4,1.4,1.4,0,0,1
FINNIFTY05MAR2418800PE.NFO,2024-02-13,12:03:00,2024-03-05,1.4,1.4,1.4,1.4,0,0,1
FINNIFTY05MAR2418800PE.NFO,2024-02-13,12:04:00,2024-03-05,1.4,1.4,1.4,1.4,0,0,1
FINNIFTY05MAR2418800PE.NFO,2024-02-13,12:05:00,2024-03-05,1.4,1.4,1.4,1.4,0,0,1
FINNIFTY05MAR2418800PE.NFO,2024-02-13,12:06:00,2024-03-05,1.4,1.4,1.4,1.4,0,0,1
FINNIFTY05MAR2418800PE.NFO,2024-02-13,12:07:00,2024-03-05,1.4,1.4,1.4,1.4,0,0,1
FINNIFTY05MAR2418800PE.NFO,2024-02-13,12:08:00,2024-03-05,1.4,1.4,1.4,1.4,0,0,1
FINNIFTY05MAR2418800PE.NFO,2024-02-13,12:09:00,2024-03-05,1.4,1.4,1.4,1.4,0,0,1
FINNIFTY05MAR2418800PE.NFO,2024-02-13,12:10:00,2024-03-05,1.4,1.4,1.4,1.4,0,0,1
FINNIFTY05MAR2418800PE.NFO,2024-02-13,12:11:00,2024-03-05,1.4,1.4,1.4,1.4,0,0,1
FINNIFTY05MAR2418800PE.NFO,2024-02-13,12:12:00,2024-03-05,1.4,1.4,1.4,1.4,0,0,1
FINNIFTY05MAR2418800PE.NFO,2024-02-13,12:13:00,2024-03-05,1.4,1.4,1.4,1.4,0,0,1
FINNIFTY05MAR2418800PE.NFO,2024-02-13,12:14:00,2024-03-05,1.4,1.4,1.4,1.4,0,0,1
FINNIFTY05MAR2418800PE.NFO,2024-02-13,12:15:00,2024-03-05,1.4,1.4,1.4,1.4,0,0,1
FINNIFTY05MAR2418800PE.NFO,2024-02-13,12:16:00,2024-03-05,1.4,1.4,1.4,1.4,0,0,1
FINNIFTY05MAR2418800PE.NFO,2024-02-13,12:17:00,2024-03-05,1.4,1.4,1.4,1.4,0,0,1
FINNIFTY05MAR2418800PE.NFO,2024-02-13,12:18:00,2024-03-05,1.4,1.4,1.4,1.4,0,0,1
FINNIFTY05MAR2418800PE.NFO,2024-02-13,12:19:00,2024-03-05,1.4,1.4,1.4,1.4,0,0,1
FINNIFTY05MAR2418800PE.NFO,2024-02-13,12:20:00,2024-03-05,1.4,1.4,1.4,1.4,0,0,1
FINNIFTY05MAR2418800PE.NFO,2024-02-13,12:21:00,2024-03-05,1.4,1.4,1.4,1.4,0,0,1
FINNIFTY05MAR2418800PE.NFO,2024-02-13,12:22:00,2024-03-05,1.4,1.4,1.4,1.4,0,0,1
FINNIFTY05MAR2418800PE.NFO,2024-02-13,12:23:00,2024-03-05,1.4,1.4,1.4,1.4,0,0,1
FINNIFTY05MAR2418800PE.NFO,2024-02-13,12:24:00,2024-03-05,1.4,1.4,1.4,1.4,0,0,1
FINNIFTY05MAR2418800PE.NFO,2024-02-13,12:25:00,2024-03-05,1.4,1.4,1.4,1.4,0,0,1
FINNIFTY05MAR2418800PE.NFO,2024-02-13,12:26:00,2024-03-05,1.4,1.4,1.4,1.4,0,0,1
FINNIFTY05MAR2418800PE.NFO,2024-02-13,12:27:00,2024-03-05,1.4,1.4,1.4,1.4,0,0,1
FINNIFTY05MAR2418800PE.NFO,2024-02-13,12:28:00,2024-03-05,1.4,1.4,1.4,1.4,0,0,1
FINNIFTY05MAR2418800PE.NFO,2024-02-13,12:29:00,2024-03-05,1.4,1.4,1.4,1.4,0,0,1
FINNIFTY05MAR2418800PE.NFO,2024-02-13,12:30:00,2024-03-05,1.4,1.4,1.4,1.4,0,0,1
FINNIFTY05MAR2418800PE.NFO,2024-02-13,12:31:00,2024-03-05,1.4,1.4,1.4,1.4,0,0,1
FINNIFTY05MAR2418800PE.NFO,2024-02-13,12:32:00,2024-03-05,1.4,1.4,1.4,1.4,0,0,1
FINNIFTY05MAR2418800PE.NFO,2024-02-13,12:33:00,2024-03-05,1.4,1.4,1.4,1.4,0,0,1
FINNIFTY05MAR2418800PE.NFO,2024-02-13,12:34:00,2024-03-05,1.4,1.4,1.4,1.4,0,0,1
FINNIFTY05MAR2418800PE.NFO,2024-02-13,12:35:00,2024-03-05,1.4,1.4,1.4,1.4,0,0,1
FINNIFTY05MAR2418800PE.NFO,2024-02-13,12:36:00,2024-03-05,1.4,1.4,1.4,1.4,0,0,1
FINNIFTY05MAR2418800PE.NFO,2024-02-13,12:37:00,2024-03-05,1.4,1.4,1.4,1.4,0,0,1
FINNIFTY05MAR2418800PE.NFO,2024-02-13,12:38:00,2024-03-05,1.4,1.4,1.4,1.4,0,0,1
FINNIFTY05MAR2418800PE.NFO,2024-02-13,12:39:00,2024-03-05,1.4,1.4,1.4,1.4,0,0,1
FINNIFTY05MAR2418800PE.NFO,2024-02-13,12:40:00,2024-03-05,1.4,1.4,1.4,1.4,0,0,1
FINNIFTY05MAR2418800PE.NFO,2024-02-13,12:41:00,2024-03-05,1.4,1.4,1.4,1.4,0,0,1
FINNIFTY05MAR2418800PE.NFO,2024-02-13,12:42:00,2024-03-05,1.4,1.4,1.4,1.4,0,0,1
FINNIFTY05MAR2418800PE.NFO,2024-02-13,12:43:00,2024-03-05,1.4,1.4,1.4,1.4,0,0,1
FINNIFTY05MAR2418800PE.NFO,2024-02-13,12:44:00,2024-03-05,1.4,1.4,1.4,1.4,0,0,1
FINNIFTY05MAR2418800PE.NFO,2024-02-13,12:45:00,2024-03-05,1.4,1.4,1.4,1.4,0,0,1
FINNIFTY05MAR2418800PE.NFO,2024-02-13,12:46:00,2024-03-05,1.4,1.4,1.4,1.4,0,0,1
FINNIFTY05MAR2418800PE.NFO,2024-02-13,12:47:00,2024-03-05,1.4,1.4,1.4,1.4,0,0,1
FINNIFTY05MAR2418800PE.NFO,2024-02-13,12:48:00,2024-03-05,1.4,1.4,1.4,1.4,0,0,1
FINNIFTY05MAR2418800PE.NFO,2024-02-13,12:49:00,2024-03-05,1.4,1.4,1.4,1.4,0,0,1
FINNIFTY05MAR2418800PE.NFO,2024-02-13,12:50:00,2024-03-05,1.4,1.4,1.4,1.4,0,0,1
FINNIFTY05MAR2418800PE.NFO,2024-02-13,12:51:00,2024-03-05,1.4,1.4,1.4,1.4,0,0,1
FINNIFTY05MAR2418800PE.NFO,2024-02-13,12:52:00,2024-03-05,1.4,1.4,1.4,1.4,0,0,1
FINNIFTY05MAR2418800PE.NFO,2024-02-13,12:53:00,2024-03-05,1.4,1.4,1.4,1.4,0,0,1
FINNIFTY05MAR2418800PE.NFO,2024-02-13,12:54:00,2024-03-05,1.4,1.4,1.4,1.4,0,0,1
FINNIFTY05MAR2418800PE.NFO,2024-02-13,12:55:00,2024-03-05,1.4,1.4,1.4,1.4,0,0,1
FINNIFTY05MAR2418800PE.NFO,2024-02-13,12:56:00,2024-03-05,1.4,1.4,1.4,1.4,0,0,1
FINNIFTY05MAR2418800PE.NFO,2024-02-13,12:57:00,2024-03-05,1.4,1.4,1.4,1.4,0,0,1
FINNIFTY05MAR2418800PE.NFO,2024-02-13,12:58:00,2024-03-05,1.4,1.4,1.4,1.4,0,0,1
FINNIFTY05MAR2418800PE.NFO,2024-02-13,12:59:00,2024-03-05,1.4,1.4,1.4,1.4,0,0,1
FINNIFTY05MAR2418800PE.NFO,2024-02-13,13:00:00,2024-03-05,1.4,1.4,1.4,1.4,0,0,1
FINNIFTY05MAR2418800PE.NFO,2024-02-13,13:01:00,2024-03-05,1.4,1.4,1.4,1.4,0,0,1
FINNIFTY05MAR2418800PE.NFO,2024-02-13,13:02:00,2024-03-05,1.4,1.4,1.4,1.4,0,0,1
FINNIFTY05MAR2418800PE.NFO,2024-02-13,13:03:00,2024-03-05,1.4,1.4,1.4,1.4,0,0,1
FINNIFTY05MAR2418800PE.NFO,2024-02-13,13:04:00,2024-03-05,1.4,1.4,1.4,1.4,0,0,1
FINNIFTY05MAR2418800PE.NFO,2024-02-13,13:05:00,2024-03-05,1.4,1.4,1.4,1.4,0,0,1
FINNIFTY05MAR2418800PE.NFO,2024-02-13,13:06:00,2024-03-05,1.4,1.4,1.4,1.4,0,0,1
FINNIFTY05MAR2418800PE.NFO,2024-02-13,13:07:00,2024-03-05,1.4,1.4,1.4,1.4,0,0,1
FINNIFTY05MAR2418800PE.NFO,2024-02-13,13:08:00,2024-03-05,1.4,1.4,1.4,1.4,0,0,1
FINNIFTY05MAR2418800PE.NFO,2024-02-13,13:09:00,2024-03-05,1.4,1.4,1.4,1.4,0,0,1
FINNIFTY05MAR2418800PE.NFO,2024-02-13,13:10:00,2024-03-05,1.4,1.4,1.4,1.4,0,0,1
FINNIFTY05MAR2418800PE.NFO,2024-02-13,13:11:00,2024-03-05,1.4,1.4,1.4,1.4,0,0,1
FINNIFTY05MAR2418800PE.NFO,2024-02-13,13:12:00,2024-03-05,1.4,1.4,1.4,1.4,0,0,1
FINNIFTY05MAR2418800PE.NFO,2024-02-13,13:13:00,2024-03-05,1.4,1.4,1.4,1.4,0,0,1
FINNIFTY05MAR2418800PE.NFO,2024-02-13,13:14:00,2024-03-05,1.4,1.4,1.4,1.4,0,0,1
FINNIFTY05MAR2418800PE.NFO,2024-02-13,13:15:00,2024-03-05,1.4,1.4,1.4,1.4,0,0,1
FINNIFTY05MAR2418800PE.NFO,2024-02-13,13:16:00,2024-03-05,1.4,1.4,1.4,1.4,0,0,1
FINNIFTY05MAR2418800PE.NFO,2024-02-13,13:17:00,2024-03-05,1.4,1.4,1.4,1.4,0,0,1
FINNIFTY05MAR2418800PE.NFO,2024-02-13,13:18:00,2024-03-05,1.4,1.4,1.4,1.4,0,0,1
FINNIFTY05MAR2418800PE.NFO,2024-02-13,13:19:00,2024-03-05,1.4,1.4,1.4,1.4,0,0,1
FINNIFTY05MAR2418800PE.NFO,2024-02-13,13:20:00,2024-03-05,1.4,1.4,1.4,1.4,0,0,1
FINNIFTY05MAR2418800PE.NFO,2024-02-13,13:21:00,2024-03-05,1.4,1.4,1.4,1.4,0,0,1
FINNIFTY05MAR2418800PE.NFO,2024-02-13,13:22:00,2024-03-05,1.4,1.4,1.4,1.4,0,0,1
FINNIFTY05MAR2418800PE.NFO,2024-02-13,13:23:00,2024-03-05,1.4,1.4,1.4,1.4,0,0,1
FINNIFTY05MAR2418800PE.NFO,2024-02-13,13:24:00,2024-03-05,1.4,1.4,1.4,1.4,0,0,1
FINNIFTY05MAR2418800PE.NFO,2024-02-13,13:25:00,2024-03-05,1.4,1.4,1.4,1.4,0,0,1
FINNIFTY05MAR2418800PE.NFO,2024-02-13,13:26:00,2024-03-05,1.4,1.4,1.4,1.4,0,0,1
FINNIFTY05MAR2418800PE.NFO,2024-02-13,13:27:00,2024-03-05,1.4,1.4,1.4,1.4,0,0,1
FINNIFTY05MAR2418800PE.NFO,2024-02-13,13:28:00,2024-03-05,1.4,1.4,1.4,1.4,0,0,1
FINNIFTY05MAR2418800PE.NFO,2024-02-13,13:29:00,2024-03-05,1.4,1.4,1.4,1.4,0,0,1
FINNIFTY05MAR2418800PE.NFO,2024-02-13,13:30:00,2024-03-05,1.4,1.4,1.4,1.4,0,0,1
FINNIFTY05MAR2418800PE.NFO,2024-02-13,13:31:00,2024-03-05,1.4,1.4,1.4,1.4,0,0,1
FINNIFTY05MAR2418800PE.NFO,2024-02-13,13:32:00,2024-03-05,1.4,1.4,1.4,1.4,0,0,1
FINNIFTY05MAR2418800PE.NFO,2024-02-13,13:33:00,2024-03-05,1.4,1.4,1.4,1.4,0,0,1
FINNIFTY05MAR2418800PE.NFO,2024-02-13,13:34:00,2024-03-05,1.4,1.4,1.4,1.4,0,0,1
FINNIFTY05MAR2418800PE.NFO,2024-02-13,13:35:00,2024-03-05,1.4,1.4,1.4,1.4,0,0,1
FINNIFTY05MAR2418800PE.NFO,2024-02-13,13:36:00,2024-03-05,1.4,1.4,1.4,1.4,0,0,1
FINNIFTY05MAR2418800PE.NFO,2024-02-13,13:37:00,2024-03-05,1.4,1.4,1.4,1.4,0,0,1
FINNIFTY05MAR2418800PE.NFO,2024-02-13,13:38:00,2024-03-05,1.4,1.4,1.4,1.4,0,0,1
FINNIFTY05MAR2418800PE.NFO,2024-02-13,13:39:00,2024-03-05,1.4,1.4,1.4,1.4,0,0,1
FINNIFTY05MAR2418800PE.NFO,2024-02-13,13:40:00,2024-03-05,1.4,1.4,1.4,1.4,0,0,1
FINNIFTY05MAR2418800PE.NFO,2024-02-13,13:41:00,2024-03-05,1.4,1.4,1.4,1.4,0,0,1
FINNIFTY05MAR2418800PE.NFO,2024-02-13,13:42:00,2024-03-05,1.4,1.4,1.4,1.4,0,0,1
FINNIFTY05MAR2418800PE.NFO,2024-02-13,13:43:00,2024-03-05,1.4,1.4,1.4,1.4,0,0,1
FINNIFTY05MAR2418800PE.NFO,2024-02-13,13:44:00,2024-03-05,1.4,1.4,1.4,1.4,0,0,1
FINNIFTY05MAR2418800PE.NFO,2024-02-13,13:45:00,2024-03-05,1.4,1.4,1.4,1.4,0,0,1
FINNIFTY05MAR2418800PE.NFO,2024-02-13,13:46:00,2024-03-05,1.4,1.4,1.4,1.4,0,0,1
FINNIFTY05MAR2418800PE.NFO,2024-02-13,13:47:00,2024-03-05,1.4,1.4,1.4,1.4,0,0,1
FINNIFTY05MAR2418800PE.NFO,2024-02-13,13:48:00,2024-03-05,1.4,1.4,1.4,1.4,0,0,1
FINNIFTY05MAR2418800PE.NFO,2024-02-13,13:49:00,2024-03-05,1.4,1.4,1.4,1.4,0,0,1
FINNIFTY05MAR2418800PE.NFO,2024-02-13,13:50:00,2024-03-05,1.4,1.4,1.4,1.4,0,0,1
FINNIFTY05MAR2418800PE.NFO,2024-02-13,13:51:00,2024-03-05,1.4,1.4,1.4,1.4,0,0,1
FINNIFTY05MAR2418800PE.NFO,2024-02-13,13:52:00,2024-03-05,1.4,1.4,1.4,1.4,0,0,1
FINNIFTY05MAR2418800PE.NFO,2024-02-13,13:53:00,2024-03-05,1.4,1.4,1.4,1.4,0,0,1
FINNIFTY05MAR2418800PE.NFO,2024-02-13,13:54:00,2024-03-05,1.4,1.4,1.4,1.4,0,0,1
FINNIFTY05MAR2418800PE.NFO,2024-02-13,13:55:00,2024-03-05,1.4,1.4,1.4,1.4,0,0,1
FINNIFTY05MAR2418800PE.NFO,2024-02-13,13:56:00,2024-03-05,1.4,1.4,1.4,1.4,0,0,1
FINNIFTY05MAR2418800PE.NFO,2024-02-13,13:57:00,2024-03-05,1.4,1.4,1.4,1.4,0,0,1
FINNIFTY05MAR2418800PE.NFO,2024-02-13,13:58:00,2024-03-05,1.4,1.4,1.4,1.4,0,0,1
FINNIFTY05MAR2418800PE.NFO,2024-02-13,13:59:00,2024-03-05,1.4,1.4,1.4,1.4,0,0,1
FINNIFTY05MAR2418800PE.NFO,2024-02-13,14:00:00,2024-03-05,1.4,1.4,1.4,1.4,0,0,1
FINNIFTY05MAR2418800PE.NFO,2024-02-13,14:01:00,2024-03-05,1.4,1.4,1.4,1.4,0,0,1
FINNIFTY05MAR2418800PE.NFO,2024-02-13,14:02:00,2024-03-05,1.4,1.4,1.4,1.4,0,0,1
FINNIFTY05MAR2418800PE.NFO,2024-02-13,14:03:00,2024-03-05,1.4,1.4,1.4,1.4,0,0,1
FINNIFTY05MAR2418800PE.NFO,2024-02-13,14:04:00,2024-03-05,1.4,1.4,1.4,1.4,0,0,1
FINNIFTY05MAR2418800PE.NFO,2024-02-13,14:05:00,2024-03-05,1.4,1.4,1.4,1.4,0,0,1
FINNIFTY05MAR2418800PE.NFO,2024-02-13,14:06:00,2024-03-05,1.4,1.4,1.4,1.4,0,0,1
FINNIFTY05MAR2418800PE.NFO,2024-02-13,14:07:00,2024-03-05,1.4,1.4,1.4,1.4,0,0,1
FINNIFTY05MAR2418800PE.NFO,2024-02-13,14:08:00,2024-03-05,1.4,1.4,1.4,1.4,0,0,1
FINNIFTY05MAR2418800PE.NFO,2024-02-13,14:09:00,2024-03-05,1.4,1.4,1.4,1.4,0,0,1
FINNIFTY05MAR2418800PE.NFO,2024-02-13,14:10:00,2024-03-05,1.4,1.4,1.4,1.4,0,0,1
FINNIFTY05MAR2418800PE.NFO,2024-02-13,14:11:00,2024-03-05,1.4,1.4,1.4,1.4,0,0,1
FINNIFTY05MAR2418800PE.NFO,2024-02-13,14:12:00,2024-03-05,1.4,1.4,1.4,1.4,0,0,1
FINNIFTY05MAR2418800PE.NFO,2024-02-13,14:13:00,2024-03-05,1.4,1.4,1.4,1.4,0,0,1
FINNIFTY05MAR2418800PE.NFO,2024-02-13,14:14:00,2024-03-05,1.4,1.4,1.4,1.4,0,0,1
FINNIFTY05MAR2418800PE.NFO,2024-02-13,14:15:00,2024-03-05,1.4,1.4,1.4,1.4,0,0,1
FINNIFTY05MAR2418800PE.NFO,2024-02-13,14:16:00,2024-03-05,1.4,1.4,1.4,1.4,0,0,1
FINNIFTY05MAR2418800PE.NFO,2024-02-13,14:17:00,2024-03-05,1.4,1.4,1.4,1.4,0,0,1
FINNIFTY05MAR2418800PE.NFO,2024-02-13,14:18:00,2024-03-05,1.4,1.4,1.4,1.4,0,0,1
FINNIFTY05MAR2418800PE.NFO,2024-02-13,14:19:00,2024-03-05,1.4,1.4,1.4,1.4,0,0,1
FINNIFTY05MAR2418800PE.NFO,2024-02-13,14:20:00,2024-03-05,1.4,1.4,1.4,1.4,0,0,1
FINNIFTY05MAR2418800PE.NFO,2024-02-13,14:21:00,2024-03-05,1.4,1.4,1.4,1.4,0,0,1
FINNIFTY05MAR2418800PE.NFO,2024-02-13,14:22:00,2024-03-05,1.4,1.4,1.4,1.4,0,0,1
FINNIFTY05MAR2418800PE.NFO,2024-02-13,14:23:00,2024-03-05,1.4,1.4,1.4,1.4,0,0,1
FINNIFTY05MAR2418800PE.NFO,2024-02-13,14:24:00,2024-03-05,1.4,1.4,1.4,1.4,0,0,1
FINNIFTY05MAR2418800PE.NFO,2024-02-13,14:25:00,2024-03-05,1.4,1.4,1.4,1.4,0,0,1
FINNIFTY05MAR2418800PE.NFO,2024-02-13,14:26:00,2024-03-05,1.4,1.4,1.4,1.4,0,0,1
FINNIFTY05MAR2418800PE.NFO,2024-02-13,14:27:00,2024-03-05,1.4,1.4,1.4,1.4,0,0,1
FINNIFTY05MAR2418800PE.NFO,2024-02-13,14:28:00,2024-03-05,1.4,1.4,1.4,1.4,0,0,1
FINNIFTY05MAR2418800PE.NFO,2024-02-13,14:29:00,2024-03-05,1.4,1.4,1.4,1.4,0,0,1
FINNIFTY05MAR2418800PE.NFO,2024-02-13,14:30:00,2024-03-05,1.4,1.4,1.4,1.4,0,0,1
FINNIFTY05MAR2418800PE.NFO,2024-02-13,14:31:00,2024-03-05,1.4,1.4,1.4,1.4,0,0,1
FINNIFTY05MAR2418800PE.NFO,2024-02-13,14:32:00,2024-03-05,1.4,1.4,1.4,1.4,0,0,1
FINNIFTY05MAR2418800PE.NFO,2024-02-13,14:33:00,2024-03-05,1.4,1.4,1.4,1.4,0,0,1
FINNIFTY05MAR2418800PE.NFO,2024-02-13,14:34:00,2024-03-05,1.4,1.4,1.4,1.4,0,0,1
FINNIFTY05MAR2418800PE.NFO,2024-02-13,14:35:00,2024-03-05,1.4,1.4,1.4,1.4,0,0,1
FINNIFTY05MAR2418800PE.NFO,2024-02-13,14:36:00,2024-03-05,1.4,1.4,1.4,1.4,0,0,1
FINNIFTY05MAR2418800PE.NFO,2024-02-13,14:37:00,2024-03-05,1.4,1.4,1.4,1.4,0,0,1
FINNIFTY05MAR2418800PE.NFO,2024-02-13,14:38:00,2024-03-05,1.4,1.4,1.4,1.4,0,0,1
FINNIFTY05MAR2418800PE.NFO,2024-02-13,14:39:00,2024-03-05,1.4,1.4,1.4,1.4,0,0,1
FINNIFTY05MAR2418800PE.NFO,2024-02-13,14:40:00,2024-03-05,1.4,1.4,1.4,1.4,0,0,1
FINNIFTY05MAR2418800PE.NFO,2024-02-13,14:41:00,2024-03-05,1.4,1.4,1.4,1.4,0,0,1
FINNIFTY05MAR2418800PE.NFO,2024-02-13,14:42:00,2024-03-05,1.4,1.4,1.4,1.4,0,0,1
FINNIFTY05MAR2418800PE.NFO,2024-02-13,14:43:00,2024-03-05,1.4,1.4,1.4,1.4,0,0,1
FINNIFTY05MAR2418800PE.NFO,2024-02-13,14:44:00,2024-03-05,1.4,1.4,1.4,1.4,0,0,1
FINNIFTY05MAR2418800PE.NFO,2024-02-13,14:45:00,2024-03-05,1.4,1.4,1.4,1.4,0,0,1
FINNIFTY05MAR2418800PE.NFO,2024-02-13,14:46:00,2024-03-05,1.4,1.4,1.4,1.4,0,0,1
FINNIFTY05MAR2418800PE.NFO,2024-02-13,14:47:00,2024-03-05,1.4,1.4,1.4,1.4,0,0,1
FINNIFTY05MAR2418800PE.NFO,2024-02-13,14:48:00,2024-03-05,1.4,1.4,1.4,1.4,0,0,1
FINNIFTY05MAR2418800PE.NFO,2024-02-13,14:49:00,2024-03-05,1.4,1.4,1.4,1.4,0,0,1
FINNIFTY05MAR2418800PE.NFO,2024-02-13,14:50:00,2024-03-05,1.4,1.4,1.4,1.4,0,0,1
FINNIFTY05MAR2418800PE.NFO,2024-02-13,14:51:00,2024-03-05,1.4,1.4,1.4,1.4,0,0,1
FINNIFTY05MAR2418800PE.NFO,2024-02-13,14:52:00,2024-03-05,1.4,1.4,1.4,1.4,0,0,1
FINNIFTY05MAR2418800PE.NFO,2024-02-13,14:53:00,2024-03-05,1.4,1.4,1.4,1.4,0,0,1
FINNIFTY05MAR2418800PE.NFO,2024-02-13,14:54:00,2024-03-05,1.4,1.4,1.4,1.4,0,0,1
FINNIFTY05MAR2418800PE.NFO,2024-02-13,14:55:00,2024-03-05,1.4,1.4,1.4,1.4,0,0,1
FINNIFTY05MAR2418800PE.NFO,2024-02-13,14:56:00,2024-03-05,1.4,1.4,1.4,1.4,0,0,1
FINNIFTY05MAR2418800PE.NFO,2024-02-13,14:57:00,2024-03-05,1.4,1.4,1.4,1.4,0,0,1
FINNIFTY05MAR2418800PE.NFO,2024-02-13,14:58:00,2024-03-05,1.4,1.4,1.4,1.4,0,0,1
FINNIFTY05MAR2418800PE.NFO,2024-02-13,14:59:00,2024-03-05,1.4,1.4,1.4,1.4,0,0,1
FINNIFTY05MAR2418800PE.NFO,2024-02-13,15:00:00,2024-03-05,1.4,1.4,1.4,1.4,0,0,1
FINNIFTY05MAR2418800PE.NFO,2024-02-13,15:01:00,2024-03-05,1.4,1.4,1.4,1.4,0,0,1
FINNIFTY05MAR2418800PE.NFO,2024-02-13,15:02:00,2024-03-05,1.4,1.4,1.4,1.4,0,0,1
FINNIFTY05MAR2418800PE.NFO,2024-02-13,15:03:00,2024-03-05,1.4,1.4,1.4,1.4,0,0,1
FINNIFTY05MAR2418800PE.NFO,2024-02-13,15:04:00,2024-03-05,1.4,1.4,1.4,1.4,0,0,1
FINNIFTY05MAR2418800PE.NFO,2024-02-13,15:05:00,2024-03-05,1.4,1.4,1.4,1.4,0,0,1
FINNIFTY05MAR2418800PE.NFO,2024-02-13,15:06:00,2024-03-05,1.4,1.4,1.4,1.4,0,0,1
FINNIFTY05MAR2418800PE.NFO,2024-02-13,15:07:00,2024-03-05,1.4,1.4,1.4,1.4,0,0,1
FINNIFTY05MAR2418800PE.NFO,2024-02-13,15:08:00,2024-03-05,1.4,1.4,1.4,1.4,0,0,1
FINNIFTY05MAR2418800PE.NFO,2024-02-13,15:09:00,2024-03-05,1.4,1.4,1.4,1.4,0,0,1
FINNIFTY05MAR2418800PE.NFO,2024-02-13,15:10:00,2024-03-05,1.4,1.4,1.4,1.4,0,0,1
FINNIFTY05MAR2418800PE.NFO,2024-02-13,15:11:00,2024-03-05,1.4,1.4,1.4,1.4,0,0,1
FINNIFTY05MAR2418800PE.NFO,2024-02-13,15:12:00,2024-03-05,1.4,1.4,1.4,1.4,0,0,1
FINNIFTY05MAR2418800PE.NFO,2024-02-13,15:13:00,2024-03-05,1.4,1.4,1.4,1.4,0,0,1
FINNIFTY05MAR2418800PE.NFO,2024-02-13,15:14:00,2024-03-05,1.4,1.4,1.4,1.4,0,0,1
FINNIFTY05MAR2418800PE.NFO,2024-02-13,15:15:00,2024-03-05,1.4,1.4,1.4,1.4,0,0,1
FINNIFTY05MAR2418800PE.NFO,2024-02-13,15:16:00,2024-03-05,1.4,1.4,1.4,1.4,0,0,1
FINNIFTY05MAR2418800PE.NFO,2024-02-13,15:17:00,2024-03-05,1.4,1.4,1.4,1.4,0,0,1
FINNIFTY05MAR2418800PE.NFO,2024-02-13,15:18:00,2024-03-05,1.4,1.4,1.4,1.4,0,0,1
FINNIFTY05MAR2418800PE.NFO,2024-02-13,15:19:00,2024-03-05,1.4,1.4,1.4,1.4,0,0,1
FINNIFTY05MAR2418800PE.NFO,2024-02-13,15:20:00,2024-03-05,1.4,1.4,1.4,1.4,0,0,1
FINNIFTY05MAR2418800PE.NFO,2024-02-13,15:21:00,2024-03-05,1.4,1.4,1.4,1.4,0,0,1
FINNIFTY05MAR2418800PE.NFO,2024-02-13,15:22:00,2024-03-05,1.4,1.4,1.4,1.4,0,0,1
FINNIFTY05MAR2418800PE.NFO,2024-02-13,15:23:00,2024-03-05,1.4,1.4,1.4,1.4,0,0,1
FINNIFTY05MAR2418800PE.NFO,2024-02-13,15:24:00,2024-03-05,1.4,1.4,1.4,1.4,0,0,1
FINNIFTY05MAR2418800PE.NFO,2024-02-13,15:25:00,2024-03-05,1.4,1.4,1.4,1.4,0,0,1
FINNIFTY05MAR2418800PE.NFO,2024-02-13,15:26:00,2024-03-05,1.4,1.4,1.4,1.4,0,0,1
FINNIFTY05MAR2418800PE.NFO,2024-02-13,15:27:00,2024-03-05,1.4,1.4,1.4,1.4,0,0,1
FINNIFTY05MAR2418800PE.NFO,2024-02-13,15:28:00,2024-03-05,1.4,1.4,1.4,1.4,0,0,1
FINNIFTY05MAR2418800PE.NFO,2024-02-13,15:29:00,2024-03-05,1.4,1.4,1.4,1.4,0,0,1
FINNIFTY05MAR2418800PE.NFO,2024-02-13,15:30:00,2024-03-05,1.4,1.4,1.4,1.4,0,0,1
FINNIFTY05MAR2418800PE.NFO,2024-02-14,09:15:00,2024-03-05,1.4,1.4,1.4,1.4,0,0,0
FINNIFTY05MAR2418800PE.NFO,2024-02-14,09:16:00,2024-03-05,1.4,1.4,1.4,1.4,0,0,1
FINNIFTY05MAR2418800PE.NFO,2024-02-14,09:17:00,2024-03-05,1.4,1.4,1.4,1.4,0,0,1
FINNIFTY05MAR2418800PE.NFO,2024-02-14,09:18:00,2024-03-05,1.4,1.4,1.4,1.4,0,0,1
FINNIFTY05MAR2418800PE.NFO,2024-02-14,09:19:00,2024-03-05,1.4,1.4,1.4,1.4,0,0,1
FINNIFTY05MAR2418800PE.NFO,2024-02-14,09:20:00,2024-03-05,1.4,1.4,1.4,1.4,0,0,1
FINNIFTY05MAR2418800PE.NFO,2024-02-14,09:21:00,2024-03-05,1.4,1.4,1.4,1.4,0,0,1
FINNIFTY05MAR2418800PE.NFO,2024-02-14,09:22:00,2024-03-05,1.4,1.4,1.4,1.4,0,0,1
FINNIFTY05MAR2418800PE.NFO,2024-02-14,09:23:00,2024-03-05,1.4,1.4,1.4,1.4,0,0,1
FINNIFTY05MAR2418800PE.NFO,2024-02-14,09:24:00,2024-03-05,1.4,1.4,1.4,1.4,0,0,1
FINNIFTY05MAR2418800PE.NFO,2024-02-14,09:25:00,2024-03-05,1.4,1.4,1.4,1.4,0,0,1
FINNIFTY05MAR2418800PE.NFO,2024-02-14,09:26:00,2024-03-05,1.4,1.4,1.4,1.4,0,0,1
FINNIFTY05MAR2418800PE.NFO,2024-02-14,09:27:00,2024-03-05,1.4,1.4,1.4,1.4,0,0,1
FINNIFTY05MAR2418800PE.NFO,2024-02-14,09:28:00,2024-03-05,1.4,1.4,1.4,1.4,0,0,1
FINNIFTY05MAR2418800PE.NFO,2024-02-14,09:29:00,2024-03-05,1.4,1.4,1.4,1.4,0,0,1
FINNIFTY05MAR2418800PE.NFO,2024-02-14,09:30:00,2024-03-05,1.4,1.4,1.4,1.4,0,0,1
FINNIFTY05MAR2418800PE.NFO,2024-02-14,09:31:00,2024-03-05,1.4,1.4,1.4,1.4,0,0,1
FINNIFTY05MAR2418800PE.NFO,2024-02-14,09:32:00,2024-03-05,1.4,1.4,1.4,1.4,0,0,1
FINNIFTY05MAR2418800PE.NFO,2024-02-14,09:33:00,2024-03-05,1.4,1.4,1.4,1.4,0,0,1
FINNIFTY05MAR2418800PE.NFO,2024-02-14,09:34:00,2024-03-05,1.4,1.4,1.4,1.4,0,0,1
FINNIFTY05MAR2418800PE.NFO,2024-02-14,09:35:00,2024-03-05,1.4,1.4,1.4,1.4,0,0,1
FINNIFTY05MAR2418800PE.NFO,2024-02-14,09:36:00,2024-03-05,1.4,1.4,1.4,1.4,0,0,1
FINNIFTY05MAR2418800PE.NFO,2024-02-14,09:37:00,2024-03-05,1.4,1.4,1.4,1.4,0,0,1
FINNIFTY05MAR2418800PE.NFO,2024-02-14,09:38:00,2024-03-05,1.4,1.4,1.4,1.4,0,0,1
FINNIFTY05MAR2418800PE.NFO,2024-02-14,09:39:00,2024-03-05,1.4,1.4,1.4,1.4,0,0,1
FINNIFTY05MAR2418800PE.NFO,2024-02-14,09:40:00,2024-03-05,1.4,1.4,1.4,1.4,0,0,1
FINNIFTY05MAR2418800PE.NFO,2024-02-14,09:41:00,2024-03-05,1.4,1.4,1.4,1.4,0,0,1
FINNIFTY05MAR2418800PE.NFO,2024-02-14,09:42:00,2024-03-05,1.4,1.4,1.4,1.4,0,0,1
FINNIFTY05MAR2418800PE.NFO,2024-02-14,09:43:00,2024-03-05,1.4,1.4,1.4,1.4,0,0,1
FINNIFTY05MAR2418800PE.NFO,2024-02-14,09:44:00,2024-03-05,1.4,1.4,1.4,1.4,0,0,1
FINNIFTY05MAR2418800PE.NFO,2024-02-14,09:45:00,2024-03-05,1.4,1.4,1.4,1.4,0,0,1
FINNIFTY05MAR2418800PE.NFO,2024-02-14,09:46:00,2024-03-05,1.4,1.4,1.4,1.4,0,0,1
FINNIFTY05MAR2418800PE.NFO,2024-02-14,09:47:00,2024-03-05,1.4,1.4,1.4,1.4,0,0,1
FINNIFTY05MAR2418800PE.NFO,2024-02-14,09:48:00,2024-03-05,1.4,1.4,1.4,1.4,0,0,1
FINNIFTY05MAR2418800PE.NFO,2024-02-14,09:49:00,2024-03-05,1.4,1.4,1.4,1.4,0,0,1
FINNIFTY05MAR2418800PE.NFO,2024-02-14,09:50:00,2024-03-05,1.4,1.4,1.4,1.4,0,0,1
FINNIFTY05MAR2418800PE.NFO,2024-02-14,09:51:00,2024-03-05,1.4,1.4,1.4,1.4,0,0,1
FINNIFTY05MAR2418800PE.NFO,2024-02-14,09:52:00,2024-03-05,1.4,1.4,1.4,1.4,0,0,1
FINNIFTY05MAR2418800PE.NFO,2024-02-14,09:53:00,2024-03-05,1.4,1.4,1.4,1.4,0,0,1
FINNIFTY05MAR2418800PE.NFO,2024-02-14,09:54:00,2024-03-05,1.4,1.4,1.4,1.4,0,0,1
FINNIFTY05MAR2418800PE.NFO,2024-02-14,09:55:00,2024-03-05,1.4,1.4,1.4,1.4,0,0,1
FINNIFTY05MAR2418800PE.NFO,2024-02-14,09:56:00,2024-03-05,1.4,1.4,1.4,1.4,0,0,1
FINNIFTY05MAR2418800PE.NFO,2024-02-14,09:57:00,2024-03-05,1.4,1.4,1.4,1.4,0,0,1
FINNIFTY05MAR2418800PE.NFO,2024-02-14,09:58:00,2024-03-05,1.4,1.4,1.4,1.4,0,0,1
FINNIFTY05MAR2418800PE.NFO,2024-02-14,09:59:00,2024-03-05,1.4,1.4,1.4,1.4,0,0,1
FINNIFTY05MAR2418800PE.NFO,2024-02-14,10:00:00,2024-03-05,1.4,1.4,1.4,1.4,0,0,1
FINNIFTY05MAR2418800PE.NFO,2024-02-14,10:01:00,2024-03-05,1.4,1.4,1.4,1.4,0,0,1
FINNIFTY05MAR2418800PE.NFO,2024-02-14,10:02:00,2024-03-05,1.4,1.4,1.4,1.4,0,0,1
FINNIFTY05MAR2418800PE.NFO,2024-02-14,10:03:00,2024-03-05,1.4,1.4,1.4,1.4,0,0,1
FINNIFTY05MAR2418800PE.NFO,2024-02-14,10:04:00,2024-03-05,1.4,1.4,1.4,1.4,0,0,1
FINNIFTY05MAR2418800PE.NFO,2024-02-14,10:05:00,2024-03-05,1.4,1.4,1.4,1.4,0,0,1
FINNIFTY05MAR2418800PE.NFO,2024-02-14,10:06:00,2024-03-05,1.4,1.4,1.4,1.4,0,0,1
FINNIFTY05MAR2418800PE.NFO,2024-02-14,10:07:00,2024-03-05,1.4,1.4,1.4,1.4,0,0,1
FINNIFTY05MAR2418800PE.NFO,2024-02-14,10:08:00,2024-03-05,1.4,1.4,1.4,1.4,0,0,1
FINNIFTY05MAR2418800PE.NFO,2024-02-14,10:09:00,2024-03-05,1.4,1.4,1.4,1.4,0,0,1
FINNIFTY05MAR2418800PE.NFO,2024-02-14,10:10:00,2024-03-05,1.4,1.4,1.4,1.4,0,0,1
FINNIFTY05MAR2418800PE.NFO,2024-02-14,10:11:00,2024-03-05,1.4,1.4,1.4,1.4,0,0,1
FINNIFTY05MAR2418800PE.NFO,2024-02-14,10:12:00,2024-03-05,1.4,1.4,1.4,1.4,0,0,1
FINNIFTY05MAR2418800PE.NFO,2024-02-14,10:13:00,2024-03-05,1.4,1.4,1.4,1.4,0,0,1
FINNIFTY05MAR2418800PE.NFO,2024-02-14,10:14:00,2024-03-05,1.4,1.4,1.4,1.4,0,0,1
FINNIFTY05MAR2418800PE.NFO,2024-02-14,10:15:00,2024-03-05,1.4,1.4,1.4,1.4,0,0,1
FINNIFTY05MAR2418800PE.NFO,2024-02-14,10:16:00,2024-03-05,1.4,1.4,1.4,1.4,0,0,1
FINNIFTY05MAR2418800PE.NFO,2024-02-14,10:17:00,2024-03-05,1.4,1.4,1.4,1.4,0,0,1
FINNIFTY05MAR2418800PE.NFO,2024-02-14,10:18:00,2024-03-05,1.4,1.4,1.4,1.4,0,0,1
FINNIFTY05MAR2418800PE.NFO,2024-02-14,10:19:00,2024-03-05,1.4,1.4,1.4,1.4,0,0,1
FINNIFTY05MAR2418800PE.NFO,2024-02-14,10:20:00,2024-03-05,1.4,1.4,1.4,1.4,0,0,1
FINNIFTY05MAR2418800PE.NFO,2024-02-14,10:21:00,2024-03-05,1.4,1.4,1.4,1.4,0,0,1
FINNIFTY05MAR2418800PE.NFO,2024-02-14,10:22:00,2024-03-05,1.4,1.4,1.4,1.4,0,0,1
FINNIFTY05MAR2418800PE.NFO,2024-02-14,10:23:00,2024-03-05,1.4,1.4,1.4,1.4,0,0,1
FINNIFTY05MAR2418800PE.NFO,2024-02-14,10:24:00,2024-03-05,1.4,1.4,1.4,1.4,0,0,1
FINNIFTY05MAR2418800PE.NFO,2024-02-14,10:25:00,2024-03-05,1.4,1.4,1.4,1.4,0,0,1
FINNIFTY05MAR2418800PE.NFO,2024-02-14,10:26:00,2024-03-05,1.4,1.4,1.4,1.4,0,0,1
FINNIFTY05MAR2418800PE.NFO,2024-02-14,10:27:00,2024-03-05,1.4,1.4,1.4,1.4,0,0,1
FINNIFTY05MAR2418800PE.NFO,2024-02-14,10:28:00,2024-03-05,1.4,1.4,1.4,1.4,0,0,1
FINNIFTY05MAR2418800PE.NFO,2024-02-14,10:29:00,2024-03-05,1.4,1.4,1.4,1.4,0,0,1
FINNIFTY05MAR2418800PE.NFO,2024-02-14,10:30:00,2024-03-05,1.4,1.4,1.4,1.4,0,0,1
FINNIFTY05MAR2418800PE.NFO,2024-02-14,10:31:00,2024-03-05,1.4,1.4,1.4,1.4,0,0,1
FINNIFTY05MAR2418800PE.NFO,2024-02-14,10:32:00,2024-03-05,1.4,1.4,1.4,1.4,0,0,1
FINNIFTY05MAR2418800PE.NFO,2024-02-14,10:33:00,2024-03-05,1.4,1.4,1.4,1.4,0,0,1
FINNIFTY05MAR2418800PE.NFO,2024-02-14,10:34:00,2024-03-05,1.4,1.4,1.4,1.4,0,0,1
FINNIFTY05MAR2418800PE.NFO,2024-02-14,10:35:00,2024-03-05,1.4,1.4,1.4,1.4,0,0,1
FINNIFTY05MAR2418800PE.NFO,2024-02-14,10:36:00,2024-03-05,1.4,1.4,1.4,1.4,0,0,1
FINNIFTY05MAR2418800PE.NFO,2024-02-14,10:37:00,2024-03-05,1.4,1.4,1.4,1.4,0,0,1
FINNIFTY05MAR2418800PE.NFO,2024-02-14,10:38:00,2024-03-05,1.4,1.4,1.4,1.4,0,0,1
FINNIFTY05MAR2418800PE.NFO,2024-02-14,10:39:00,2024-03-05,1.4,1.4,1.4,1.4,0,0,1
FINNIFTY05MAR2418800PE.NFO,2024-02-14,10:40:00,2024-03-05,1.4,1.4,1.4,1.4,0,0,1
FINNIFTY05MAR2418800PE.NFO,2024-02-14,10:41:00,2024-03-05,1.4,1.4,1.4,1.4,0,0,1
FINNIFTY05MAR2418800PE.NFO,2024-02-14,10:42:00,2024-03-05,1.4,1.4,1.4,1.4,0,0,1
FINNIFTY05MAR2418800PE.NFO,2024-02-14,10:43:00,2024-03-05,1.4,1.4,1.4,1.4,0,0,1
FINNIFTY05MAR2418800PE.NFO,2024-02-14,10:44:00,2024-03-05,1.4,1.4,1.4,1.4,0,0,1
FINNIFTY05MAR2418800PE.NFO,2024-02-14,10:45:00,2024-03-05,1.4,1.4,1.4,1.4,0,0,1
FINNIFTY05MAR2418800PE.NFO,2024-02-14,10:46:00,2024-03-05,1.4,1.4,1.4,1.4,0,0,1
FINNIFTY05MAR2418800PE.NFO,2024-02-14,10:47:00,2024-03-05,1.4,1.4,1.4,1.4,0,0,1
FINNIFTY05MAR2418800PE.NFO,2024-02-14,10:48:00,2024-03-05,1.4,1.4,1.4,1.4,0,0,1
FINNIFTY05MAR2418800PE.NFO,2024-02-14,10:49:00,2024-03-05,1.4,1.4,1.4,1.4,0,0,1
FINNIFTY05MAR2418800PE.NFO,2024-02-14,10:50:00,2024-03-05,1.4,1.4,1.4,1.4,0,0,1
FINNIFTY05MAR2418800PE.NFO,2024-02-14,10:51:00,2024-03-05,1.4,1.4,1.4,1.4,0,0,1
FINNIFTY05MAR2418800PE.NFO,2024-02-14,10:52:00,2024-03-05,1.4,1.4,1.4,1.4,0,0,1
FINNIFTY05MAR2418800PE.NFO,2024-02-14,10:53:00,2024-03-05,1.4,1.4,1.4,1.4,0,0,1
FINNIFTY05MAR2418800PE.NFO,2024-02-14,10:54:00,2024-03-05,1.4,1.4,1.4,1.4,0,0,1
FINNIFTY05MAR2418800PE.NFO,2024-02-14,10:55:00,2024-03-05,1.4,1.4,1.4,1.4,0,0,1
FINNIFTY05MAR2418800PE.NFO,2024-02-14,10:56:00,2024-03-05,1.4,1.4,1.4,1.4,0,0,1
FINNIFTY05MAR2418800PE.NFO,2024-02-14,10:57:00,2024-03-05,1.4,1.4,1.4,1.4,0,0,1
FINNIFTY05MAR2418800PE.NFO,2024-02-14,10:58:00,2024-03-05,1.4,1.4,1.4,1.4,0,0,1
FINNIFTY05MAR2418800PE.NFO,2024-02-14,10:59:00,2024-03-05,1.4,1.4,1.4,1.4,0,0,1
FINNIFTY05MAR2418800PE.NFO,2024-02-14,11:00:00,2024-03-05,1.4,1.4,1.4,1.4,0,0,1
FINNIFTY05MAR2418800PE.NFO,2024-02-14,11:01:00,2024-03-05,1.4,1.4,1.4,1.4,0,0,1
FINNIFTY05MAR2418800PE.NFO,2024-02-14,11:02:00,2024-03-05,1.4,1.4,1.4,1.4,0,0,1
FINNIFTY05MAR2418800PE.NFO,2024-02-14,11:03:00,2024-03-05,1.4,1.4,1.4,1.4,0,0,1
FINNIFTY05MAR2418800PE.NFO,2024-02-14,11:04:00,2024-03-05,1.4,1.4,1.4,1.4,0,0,1
FINNIFTY05MAR2418800PE.NFO,2024-02-14,11:05:00,2024-03-05,1.4,1.4,1.4,1.4,0,0,1
FINNIFTY05MAR2418800PE.NFO,2024-02-14,11:06:00,2024-03-05,1.4,1.4,1.4,1.4,0,0,1
FINNIFTY05MAR2418800PE.NFO,2024-02-14,11:07:00,2024-03-05,1.4,1.4,1.4,1.4,0,0,1
FINNIFTY05MAR2418800PE.NFO,2024-02-14,11:08:00,2024-03-05,1.4,1.4,1.4,1.4,0,0,1
FINNIFTY05MAR2418800PE.NFO,2024-02-14,11:09:00,2024-03-05,1.4,1.4,1.4,1.4,0,0,1
FINNIFTY05MAR2418800PE.NFO,2024-02-14,11:10:00,2024-03-05,1.4,1.4,1.4,1.4,0,0,1
FINNIFTY05MAR2418800PE.NFO,2024-02-14,11:11:00,2024-03-05,1.4,1.4,1.4,1.4,0,0,1
FINNIFTY05MAR2418800PE.NFO,2024-02-14,11:12:00,2024-03-05,1.4,1.4,1.4,1.4,0,0,1
FINNIFTY05MAR2418800PE.NFO,2024-02-14,11:13:00,2024-03-05,1.4,1.4,1.4,1.4,0,0,1
FINNIFTY05MAR2418800PE.NFO,2024-02-14,11:14:00,2024-03-05,1.4,1.4,1.4,1.4,0,0,1
FINNIFTY05MAR2418800PE.NFO,2024-02-14,11:15:00,2024-03-05,1.4,1.4,1.4,1.4,0,0,1
FINNIFTY05MAR2418800PE.NFO,2024-02-14,11:16:00,2024-03-05,1.4,1.4,1.4,1.4,0,0,1
FINNIFTY05MAR2418800PE.NFO,2024-02-14,11:17:00,2024-03-05,1.4,1.4,1.4,1.4,0,0,1
FINNIFTY05MAR2418800PE.NFO,2024-02-14,11:18:00,2024-03-05,1.4,1.4,1.4,1.4,0,0,1
FINNIFTY05MAR2418800PE.NFO,2024-02-14,11:19:00,2024-03-05,1.4,1.4,1.4,1.4,0,0,1
FINNIFTY05MAR2418800PE.NFO,2024-02-14,11:20:00,2024-03-05,1.4,1.4,1.4,1.4,0,0,1
FINNIFTY05MAR2418800PE.NFO,2024-02-14,11:21:00,2024-03-05,1.4,1.4,1.4,1.4,0,0,1
FINNIFTY05MAR2418800PE.NFO,2024-02-14,11:22:00,2024-03-05,1.4,1.4,1.4,1.4,0,0,1
FINNIFTY05MAR2418800PE.NFO,2024-02-14,11:23:00,2024-03-05,1.4,1.4,1.4,1.4,0,0,1
FINNIFTY05MAR2418800PE.NFO,2024-02-14,11:24:00,2024-03-05,1.4,1.4,1.4,1.4,0,0,1
FINNIFTY05MAR2418800PE.NFO,2024-02-14,11:25:00,2024-03-05,1.4,1.4,1.4,1.4,0,0,1
FINNIFTY05MAR2418800PE.NFO,2024-02-14,11:26:00,2024-03-05,1.4,1.4,1.4,1.4,0,0,1
FINNIFTY05MAR2418800PE.NFO,2024-02-14,11:27:00,2024-03-05,1.4,1.4,1.4,1.4,0,0,1
FINNIFTY05MAR2418800PE.NFO,2024-02-14,11:28:00,2024-03-05,1.4,1.4,1.4,1.4,0,0,1
FINNIFTY05MAR2418800PE.NFO,2024-02-14,11:29:00,2024-03-05,1.4,1.4,1.4,1.4,0,0,1
FINNIFTY05MAR2418800PE.NFO,2024-02-14,11:30:00,2024-03-05,1.4,1.4,1.4,1.4,0,0,1
FINNIFTY05MAR2418800PE.NFO,2024-02-14,11:31:00,2024-03-05,1.4,1.4,1.4,1.4,0,0,1
FINNIFTY05MAR2418800PE.NFO,2024-02-14,11:32:00,2024-03-05,1.4,1.4,1.4,1.4,0,0,1
FINNIFTY05MAR2418800PE.NFO,2024-02-14,11:33:00,2024-03-05,1.4,1.4,1.4,1.4,0,0,1
FINNIFTY05MAR2418800PE.NFO,2024-02-14,11:34:00,2024-03-05,1.4,1.4,1.4,1.4,0,0,1
FINNIFTY05MAR2418800PE.NFO,2024-02-14,11:35:00,2024-03-05,1.4,1.4,1.4,1.4,0,0,1
FINNIFTY05MAR2418800PE.NFO,2024-02-14,11:36:00,2024-03-05,1.4,1.4,1.4,1.4,0,0,1
FINNIFTY05MAR2418800PE.NFO,2024-02-14,11:37:00,2024-03-05,1.4,1.4,1.4,1.4,0,0,1
FINNIFTY05MAR2418800PE.NFO,2024-02-14,11:38:00,2024-03-05,1.4,1.4,1.4,1.4,0,0,1
FINNIFTY05MAR2418800PE.NFO,2024-02-14,11:39:00,2024-03-05,1.4,1.4,1.4,1.4,0,0,1
FINNIFTY05MAR2418800PE.NFO,2024-02-14,11:40:00,2024-03-05,1.4,1.4,1.4,1.4,0,0,1
FINNIFTY05MAR2418800PE.NFO,2024-02-14,11:41:00,2024-03-05,1.4,1.4,1.4,1.4,0,0,1
FINNIFTY05MAR2418800PE.NFO,2024-02-14,11:42:00,2024-03-05,1.4,1.4,1.4,1.4,0,0,1
FINNIFTY05MAR2418800PE.NFO,2024-02-14,11:43:00,2024-03-05,1.4,1.4,1.4,1.4,0,0,1
FINNIFTY05MAR2418800PE.NFO,2024-02-14,11:44:00,2024-03-05,1.4,1.4,1.4,1.4,0,0,1
FINNIFTY05MAR2418800PE.NFO,2024-02-14,11:45:00,2024-03-05,1.4,1.4,1.4,1.4,0,0,1
FINNIFTY05MAR2418800PE.NFO,2024-02-14,11:46:00,2024-03-05,1.4,1.4,1.4,1.4,0,0,1
FINNIFTY05MAR2418800PE.NFO,2024-02-14,11:47:00,2024-03-05,1.4,1.4,1.4,1.4,0,0,1
FINNIFTY05MAR2418800PE.NFO,2024-02-14,11:48:00,2024-03-05,1.4,1.4,1.4,1.4,0,0,1
FINNIFTY05MAR2418800PE.NFO,2024-02-14,11:49:00,2024-03-05,1.4,1.4,1.4,1.4,0,0,1
FINNIFTY05MAR2418800PE.NFO,2024-02-14,11:50:00,2024-03-05,1.4,1.4,1.4,1.4,0,0,1
FINNIFTY05MAR2418800PE.NFO,2024-02-14,11:51:00,2024-03-05,1.4,1.4,1.4,1.4,0,0,1
FINNIFTY05MAR2418800PE.NFO,2024-02-14,11:52:00,2024-03-05,1.4,1.4,1.4,1.4,0,0,1
FINNIFTY05MAR2418800PE.NFO,2024-02-14,11:53:00,2024-03-05,1.4,1.4,1.4,1.4,0,0,1
FINNIFTY05MAR2418800PE.NFO,2024-02-14,11:54:00,2024-03-05,1.4,1.4,1.4,1.4,0,0,1
FINNIFTY05MAR2418800PE.NFO,2024-02-14,11:55:00,2024-03-05,1.4,1.4,1.4,1.4,0,0,1
FINNIFTY05MAR2418800PE.NFO,2024-02-14,11:56:00,2024-03-05,1.4,1.4,1.4,1.4,0,0,1
FINNIFTY05MAR2418800PE.NFO,2024-02-14,11:57:00,2024-03-05,1.4,1.4,1.4,1.4,0,0,1
FINNIFTY05MAR2418800PE.NFO,2024-02-14,11:58:00,2024-03-05,1.4,1.4,1.4,1.4,0,0,1
FINNIFTY05MAR2418800PE.NFO,2024-02-14,11:59:00,2024-03-05,1.4,1.4,1.4,1.4,0,0,1
FINNIFTY05MAR2418800PE.NFO,2024-02-14,12:00:00,2024-03-05,1.4,1.4,1.4,1.4,0,0,1
FINNIFTY05MAR2418800PE.NFO,2024-02-14,12:01:00,2024-03-05,1.4,1.4,1.4,1.4,0,0,1
FINNIFTY05MAR2418800PE.NFO,2024-02-14,12:02:00,2024-03-05,1.4,1.4,1.4,1.4,0,0,1
FINNIFTY05MAR2418800PE.NFO,2024-02-14,12:03:00,2024-03-05,1.4,1.4,1.4,1.4,0,0,1
FINNIFTY05MAR2418800PE.NFO,2024-02-14,12:04:00,2024-03-05,1.4,1.4,1.4,1.4,0,0,1
FINNIFTY05MAR2418800PE.NFO,2024-02-14,12:05:00,2024-03-05,1.4,1.4,1.4,1.4,0,0,1
FINNIFTY05MAR2418800PE.NFO,2024-02-14,12:06:00,2024-03-05,1.4,1.4,1.4,1.4,0,0,1
FINNIFTY05MAR2418800PE.NFO,2024-02-14,12:07:00,2024-03-05,1.4,1.4,1.4,1.4,0,0,1
FINNIFTY05MAR2418800PE.NFO,2024-02-14,12:08:00,2024-03-05,1.4,1.4,1.4,1.4,0,0,1
FINNIFTY05MAR2418800PE.NFO,2024-02-14,12:09:00,2024-03-05,1.4,1.4,1.4,1.4,0,0,1
FINNIFTY05MAR2418800PE.NFO,2024-02-14,12:10:00,2024-03-05,1.4,1.4,1.4,1.4,0,0,1
FINNIFTY05MAR2418800PE.NFO,2024-02-14,12:11:00,2024-03-05,1.4,1.4,1.4,1.4,0,0,1
FINNIFTY05MAR2418800PE.NFO,2024-02-14,12:12:00,2024-03-05,1.4,1.4,1.4,1.4,0,0,1
FINNIFTY05MAR2418800PE.NFO,2024-02-14,12:13:00,2024-03-05,1.4,1.4,1.4,1.4,0,0,1
FINNIFTY05MAR2418800PE.NFO,2024-02-14,12:14:00,2024-03-05,1.4,1.4,1.4,1.4,0,0,1
FINNIFTY05MAR2418800PE.NFO,2024-02-14,12:15:00,2024-03-05,1.4,1.4,1.4,1.4,0,0,1
FINNIFTY05MAR2418800PE.NFO,2024-02-14,12:16:00,2024-03-05,1.4,1.4,1.4,1.4,0,0,1
FINNIFTY05MAR2418800PE.NFO,2024-02-14,12:17:00,2024-03-05,1.4,1.4,1.4,1.4,0,0,1
FINNIFTY05MAR2418800PE.NFO,2024-02-14,12:18:00,2024-03-05,1.4,1.4,1.4,1.4,0,0,1
FINNIFTY05MAR2418800PE.NFO,2024-02-14,12:19:00,2024-03-05,1.4,1.4,1.4,1.4,0,0,1
FINNIFTY05MAR2418800PE.NFO,2024-02-14,12:20:00,2024-03-05,1.4,1.4,1.4,1.4,0,0,1
FINNIFTY05MAR2418800PE.NFO,2024-02-14,12:21:00,2024-03-05,1.4,1.4,1.4,1.4,0,0,1
FINNIFTY05MAR2418800PE.NFO,2024-02-14,12:22:00,2024-03-05,1.4,1.4,1.4,1.4,0,0,1
FINNIFTY05MAR2418800PE.NFO,2024-02-14,12:23:00,2024-03-05,1.4,1.4,1.4,1.4,0,0,1
FINNIFTY05MAR2418800PE.NFO,2024-02-14,12:24:00,2024-03-05,1.4,1.4,1.4,1.4,0,0,1
FINNIFTY05MAR2418800PE.NFO,2024-02-14,12:25:00,2024-03-05,1.4,1.4,1.4,1.4,0,0,1
FINNIFTY05MAR2418800PE.NFO,2024-02-14,12:26:00,2024-03-05,1.4,1.4,1.4,1.4,0,0,1
FINNIFTY05MAR2418800PE.NFO,2024-02-14,12:27:00,2024-03-05,1.4,1.4,1.4,1.4,0,0,1
FINNIFTY05MAR2418800PE.NFO,2024-02-14,12:28:00,2024-03-05,1.4,1.4,1.4,1.4,0,0,1
FINNIFTY05MAR2418800PE.NFO,2024-02-14,12:29:00,2024-03-05,1.4,1.4,1.4,1.4,0,0,1
FINNIFTY05MAR2418800PE.NFO,2024-02-14,12:30:00,2024-03-05,1.4,1.4,1.4,1.4,0,0,1
FINNIFTY05MAR2418800PE.NFO,2024-02-14,12:31:00,2024-03-05,1.4,1.4,1.4,1.4,0,0,1
FINNIFTY05MAR2418800PE.NFO,2024-02-14,12:32:00,2024-03-05,1.4,1.4,1.4,1.4,0,0,1
FINNIFTY05MAR2418800PE.NFO,2024-02-14,12:33:00,2024-03-05,1.4,1.4,1.4,1.4,0,0,1
FINNIFTY05MAR2418800PE.NFO,2024-02-14,12:34:00,2024-03-05,1.4,1.4,1.4,1.4,0,0,1
FINNIFTY05MAR2418800PE.NFO,2024-02-14,12:35:00,2024-03-05,1.4,1.4,1.4,1.4,0,0,1
FINNIFTY05MAR2418800PE.NFO,2024-02-14,12:36:00,2024-03-05,1.4,1.4,1.4,1.4,0,0,1
FINNIFTY05MAR2418800PE.NFO,2024-02-14,12:37:00,2024-03-05,1.4,1.4,1.4,1.4,0,0,1
FINNIFTY05MAR2418800PE.NFO,2024-02-14,12:38:00,2024-03-05,1.4,1.4,1.4,1.4,0,0,1
FINNIFTY05MAR2418800PE.NFO,2024-02-14,12:39:00,2024-03-05,1.4,1.4,1.4,1.4,0,0,1
FINNIFTY05MAR2418800PE.NFO,2024-02-14,12:40:00,2024-03-05,1.4,1.4,1.4,1.4,0,0,1
FINNIFTY05MAR2418800PE.NFO,2024-02-14,12:41:00,2024-03-05,1.4,1.4,1.4,1.4,0,0,1
FINNIFTY05MAR2418800PE.NFO,2024-02-14,12:42:00,2024-03-05,1.4,1.4,1.4,1.4,0,0,1
FINNIFTY05MAR2418800PE.NFO,2024-02-14,12:43:00,2024-03-05,1.4,1.4,1.4,1.4,0,0,1
FINNIFTY05MAR2418800PE.NFO,2024-02-14,12:44:00,2024-03-05,1.4,1.4,1.4,1.4,0,0,1
FINNIFTY05MAR2418800PE.NFO,2024-02-14,12:45:00,2024-03-05,1.4,1.4,1.4,1.4,0,0,1
FINNIFTY05MAR2418800PE.NFO,2024-02-14,12:46:00,2024-03-05,1.4,1.4,1.4,1.4,0,0,1
FINNIFTY05MAR2418800PE.NFO,2024-02-14,12:47:00,2024-03-05,1.4,1.4,1.4,1.4,0,0,1
FINNIFTY05MAR2418800PE.NFO,2024-02-14,12:48:00,2024-03-05,1.4,1.4,1.4,1.4,0,0,1
FINNIFTY05MAR2418800PE.NFO,2024-02-14,12:49:00,2024-03-05,1.4,1.4,1.4,1.4,0,0,1
FINNIFTY05MAR2418800PE.NFO,2024-02-14,12:50:00,2024-03-05,1.4,1.4,1.4,1.4,0,0,1
FINNIFTY05MAR2418800PE.NFO,2024-02-14,12:51:00,2024-03-05,1.4,1.4,1.4,1.4,0,0,1
FINNIFTY05MAR2418800PE.NFO,2024-02-14,12:52:00,2024-03-05,1.4,1.4,1.4,1.4,0,0,1
FINNIFTY05MAR2418800PE.NFO,2024-02-14,12:53:00,2024-03-05,1.4,1.4,1.4,1.4,0,0,1
FINNIFTY05MAR2418800PE.NFO,2024-02-14,12:54:00,2024-03-05,1.4,1.4,1.4,1.4,0,0,1
FINNIFTY05MAR2418800PE.NFO,2024-02-14,12:55:00,2024-03-05,1.4,1.4,1.4,1.4,0,0,1
FINNIFTY05MAR2418800PE.NFO,2024-02-14,12:56:00,2024-03-05,1.4,1.4,1.4,1.4,0,0,1
FINNIFTY05MAR2418800PE.NFO,2024-02-14,12:57:00,2024-03-05,1.4,1.4,1.4,1.4,0,0,1
FINNIFTY05MAR2418800PE.NFO,2024-02-14,12:58:00,2024-03-05,1.4,1.4,1.4,1.4,0,0,1
FINNIFTY05MAR2418800PE.NFO,2024-02-14,12:59:00,2024-03-05,1.4,1.4,1.4,1.4,0,0,1
FINNIFTY05MAR2418800PE.NFO,2024-02-14,13:00:00,2024-03-05,1.4,1.4,1.4,1.4,0,0,1
FINNIFTY05MAR2418800PE.NFO,2024-02-14,13:01:00,2024-03-05,1.4,1.4,1.4,1.4,0,0,1
FINNIFTY05MAR2418800PE.NFO,2024-02-14,13:02:00,2024-03-05,1.4,1.4,1.4,1.4,0,0,1
FINNIFTY05MAR2418800PE.NFO,2024-02-14,13:03:00,2024-03-05,1.4,1.4,1.4,1.4,0,0,1
FINNIFTY05MAR2418800PE.NFO,2024-02-14,13:04:00,2024-03-05,1.4,1.4,1.4,1.4,0,0,1
FINNIFTY05MAR2418800PE.NFO,2024-02-14,13:05:00,2024-03-05,1.4,1.4,1.4,1.4,0,0,1
FINNIFTY05MAR2418800PE.NFO,2024-02-14,13:06:00,2024-03-05,1.4,1.4,1.4,1.4,0,0,1
FINNIFTY05MAR2418800PE.NFO,2024-02-14,13:07:00,2024-03-05,1.4,1.4,1.4,1.4,0,0,1
FINNIFTY05MAR2418800PE.NFO,2024-02-14,13:08:00,2024-03-05,1.4,1.4,1.4,1.4,0,0,1
FINNIFTY05MAR2418800PE.NFO,2024-02-14,13:09:00,2024-03-05,1.4,1.4,1.4,1.4,0,0,1
FINNIFTY05MAR2418800PE.NFO,2024-02-14,13:10:00,2024-03-05,1.4,1.4,1.4,1.4,0,0,1
FINNIFTY05MAR2418800PE.NFO,2024-02-14,13:11:00,2024-03-05,1.4,1.4,1.4,1.4,0,0,1
FINNIFTY05MAR2418800PE.NFO,2024-02-14,13:12:00,2024-03-05,1.4,1.4,1.4,1.4,0,0,1
FINNIFTY05MAR2418800PE.NFO,2024-02-14,13:13:00,2024-03-05,1.4,1.4,1.4,1.4,0,0,1
FINNIFTY05MAR2418800PE.NFO,2024-02-14,13:14:00,2024-03-05,1.4,1.4,1.4,1.4,0,0,1
FINNIFTY05MAR2418800PE.NFO,2024-02-14,13:15:00,2024-03-05,1.4,1.4,1.4,1.4,0,0,1
FINNIFTY05MAR2418800PE.NFO,2024-02-14,13:16:00,2024-03-05,1.4,1.4,1.4,1.4,0,0,1
FINNIFTY05MAR2418800PE.NFO,2024-02-14,13:17:00,2024-03-05,1.4,1.4,1.4,1.4,0,0,1
FINNIFTY05MAR2418800PE.NFO,2024-02-14,13:18:00,2024-03-05,1.4,1.4,1.4,1.4,0,0,1
FINNIFTY05MAR2418800PE.NFO,2024-02-14,13:19:00,2024-03-05,1.4,1.4,1.4,1.4,0,0,1
FINNIFTY05MAR2418800PE.NFO,2024-02-14,13:20:00,2024-03-05,1.4,1.4,1.4,1.4,0,0,1
FINNIFTY05MAR2418800PE.NFO,2024-02-14,13:21:00,2024-03-05,1.4,1.4,1.4,1.4,0,0,1
FINNIFTY05MAR2418800PE.NFO,2024-02-14,13:22:00,2024-03-05,1.4,1.4,1.4,1.4,0,0,1
FINNIFTY05MAR2418800PE.NFO,2024-02-14,13:23:00,2024-03-05,1.4,1.4,1.4,1.4,0,0,1
FINNIFTY05MAR2418800PE.NFO,2024-02-14,13:24:00,2024-03-05,1.4,1.4,1.4,1.4,0,0,1
FINNIFTY05MAR2418800PE.NFO,2024-02-14,13:25:00,2024-03-05,1.4,1.4,1.4,1.4,0,0,1
FINNIFTY05MAR2418800PE.NFO,2024-02-14,13:26:00,2024-03-05,1.4,1.4,1.4,1.4,0,0,1
FINNIFTY05MAR2418800PE.NFO,2024-02-14,13:27:00,2024-03-05,1.4,1.4,1.4,1.4,0,0,1
FINNIFTY05MAR2418800PE.NFO,2024-02-14,13:28:00,2024-03-05,1.4,1.4,1.4,1.4,0,0,1
FINNIFTY05MAR2418800PE.NFO,2024-02-14,13:29:00,2024-03-05,1.4,1.4,1.4,1.4,0,0,1
FINNIFTY05MAR2418800PE.NFO,2024-02-14,13:30:00,2024-03-05,1.4,1.4,1.4,1.4,0,0,1
FINNIFTY05MAR2418800PE.NFO,2024-02-14,13:31:00,2024-03-05,1.4,1.4,1.4,1.4,0,0,1
FINNIFTY05MAR2418800PE.NFO,2024-02-14,13:32:00,2024-03-05,1.4,1.4,1.4,1.4,0,0,1
FINNIFTY05MAR2418800PE.NFO,2024-02-14,13:33:00,2024-03-05,1.4,1.4,1.4,1.4,0,0,1
FINNIFTY05MAR2418800PE.NFO,2024-02-14,13:34:00,2024-03-05,1.4,1.4,1.4,1.4,0,0,1
FINNIFTY05MAR2418800PE.NFO,2024-02-14,13:35:00,2024-03-05,1.4,1.4,1.4,1.4,0,0,1
FINNIFTY05MAR2418800PE.NFO,2024-02-14,13:36:00,2024-03-05,1.4,1.4,1.4,1.4,0,0,1
FINNIFTY05MAR2418800PE.NFO,2024-02-14,13:37:00,2024-03-05,1.4,1.4,1.4,1.4,0,0,1
FINNIFTY05MAR2418800PE.NFO,2024-02-14,13:38:00,2024-03-05,1.4,1.4,1.4,1.4,0,0,1
FINNIFTY05MAR2418800PE.NFO,2024-02-14,13:39:00,2024-03-05,1.4,1.4,1.4,1.4,0,0,1
FINNIFTY05MAR2418800PE.NFO,2024-02-14,13:40:00,2024-03-05,1.4,1.4,1.4,1.4,0,0,1
FINNIFTY05MAR2418800PE.NFO,2024-02-14,13:41:00,2024-03-05,1.4,1.4,1.4,1.4,0,0,1
FINNIFTY05MAR2418800PE.NFO,2024-02-14,13:42:00,2024-03-05,1.4,1.4,1.4,1.4,0,0,1
FINNIFTY05MAR2418800PE.NFO,2024-02-14,13:43:00,2024-03-05,1.4,1.4,1.4,1.4,0,0,1
FINNIFTY05MAR2418800PE.NFO,2024-02-14,13:44:00,2024-03-05,1.4,1.4,1.4,1.4,0,0,1
FINNIFTY05MAR2418800PE.NFO,2024-02-14,13:45:00,2024-03-05,1.4,1.4,1.4,1.4,0,0,1
FINNIFTY05MAR2418800PE.NFO,2024-02-14,13:46:00,2024-03-05,1.4,1.4,1.4,1.4,0,0,1
FINNIFTY05MAR2418800PE.NFO,2024-02-14,13:47:00,2024-03-05,1.4,1.4,1.4,1.4,0,0,1
FINNIFTY05MAR2418800PE.NFO,2024-02-14,13:48:00,2024-03-05,1.4,1.4,1.4,1.4,0,0,1
FINNIFTY05MAR2418800PE.NFO,2024-02-14,13:49:00,2024-03-05,1.4,1.4,1.4,1.4,0,0,1
FINNIFTY05MAR2418800PE.NFO,2024-02-14,13:50:00,2024-03-05,1.4,1.4,1.4,1.4,0,0,1
FINNIFTY05MAR2418800PE.NFO,2024-02-14,13:51:00,2024-03-05,1.4,1.4,1.4,1.4,0,0,1
FINNIFTY05MAR2418800PE.NFO,2024-02-14,13:52:00,2024-03-05,1.4,1.4,1.4,1.4,0,0,1
FINNIFTY05MAR2418800PE.NFO,2024-02-14,13:53:00,2024-03-05,1.4,1.4,1.4,1.4,0,0,1
FINNIFTY05MAR2418800PE.NFO,2024-02-14,13:54:00,2024-03-05,1.4,1.4,1.4,1.4,0,0,1
FINNIFTY05MAR2418800PE.NFO,2024-02-14,13:55:00,2024-03-05,1.4,1.4,1.4,1.4,0,0,1
FINNIFTY05MAR2418800PE.NFO,2024-02-14,13:56:00,2024-03-05,1.4,1.4,1.4,1.4,0,0,1
FINNIFTY05MAR2418800PE.NFO,2024-02-14,13:57:00,2024-03-05,1.4,1.4,1.4,1.4,0,0,1
FINNIFTY05MAR2418800PE.NFO,2024-02-14,13:58:00,2024-03-05,1.4,1.4,1.4,1.4,0,0,1
FINNIFTY05MAR2418800PE.NFO,2024-02-14,13:59:00,2024-03-05,1.4,1.4,1.4,1.4,0,0,1
FINNIFTY05MAR2418800PE.NFO,2024-02-14,14:00:00,2024-03-05,1.4,1.4,1.4,1.4,0,0,1
FINNIFTY05MAR2418800PE.NFO,2024-02-14,14:01:00,2024-03-05,1.4,1.4,1.4,1.4,0,0,1
FINNIFTY05MAR2418800PE.NFO,2024-02-14,14:02:00,2024-03-05,1.4,1.4,1.4,1.4,0,0,1
FINNIFTY05MAR2418800PE.NFO,2024-02-14,14:03:00,2024-03-05,1.4,1.4,1.4,1.4,0,0,1
FINNIFTY05MAR2418800PE.NFO,2024-02-14,14:04:00,2024-03-05,1.4,1.4,1.4,1.4,0,0,1
FINNIFTY05MAR2418800PE.NFO,2024-02-14,14:05:00,2024-03-05,1.4,1.4,1.4,1.4,0,0,1
FINNIFTY05MAR2418800PE.NFO,2024-02-14,14:06:00,2024-03-05,1.4,1.4,1.4,1.4,0,0,1
FINNIFTY05MAR2418800PE.NFO,2024-02-14,14:07:00,2024-03-05,1.4,1.4,1.4,1.4,0,0,1
FINNIFTY05MAR2418800PE.NFO,2024-02-14,14:08:00,2024-03-05,1.4,1.4,1.4,1.4,0,0,1
FINNIFTY05MAR2418800PE.NFO,2024-02-14,14:09:00,2024-03-05,1.4,1.4,1.4,1.4,0,0,1
FINNIFTY05MAR2418800PE.NFO,2024-02-14,14:10:00,2024-03-05,1.4,1.4,1.4,1.4,0,0,1
FINNIFTY05MAR2418800PE.NFO,2024-02-14,14:11:00,2024-03-05,1.4,1.4,1.4,1.4,0,0,1
FINNIFTY05MAR2418800PE.NFO,2024-02-14,14:12:00,2024-03-05,1.4,1.4,1.4,1.4,0,0,1
FINNIFTY05MAR2418800PE.NFO,2024-02-14,14:13:00,2024-03-05,1.4,1.4,1.4,1.4,0,0,1
FINNIFTY05MAR2418800PE.NFO,2024-02-14,14:14:00,2024-03-05,1.4,1.4,1.4,1.4,0,0,1
FINNIFTY05MAR2418800PE.NFO,2024-02-14,14:15:00,2024-03-05,1.4,1.4,1.4,1.4,0,0,1
FINNIFTY05MAR2418800PE.NFO,2024-02-14,14:16:00,2024-03-05,1.4,1.4,1.4,1.4,0,0,1
FINNIFTY05MAR2418800PE.NFO,2024-02-14,14:17:00,2024-03-05,1.4,1.4,1.4,1.4,0,0,1
FINNIFTY05MAR2418800PE.NFO,2024-02-14,14:18:00,2024-03-05,1.4,1.4,1.4,1.4,0,0,1
FINNIFTY05MAR2418800PE.NFO,2024-02-14,14:19:00,2024-03-05,1.4,1.4,1.4,1.4,0,0,1
FINNIFTY05MAR2418800PE.NFO,2024-02-14,14:20:00,2024-03-05,1.4,1.4,1.4,1.4,0,0,1
FINNIFTY05MAR2418800PE.NFO,2024-02-14,14:21:00,2024-03-05,1.4,1.4,1.4,1.4,0,0,1
FINNIFTY05MAR2418800PE.NFO,2024-02-14,14:22:00,2024-03-05,1.4,1.4,1.4,1.4,0,0,1
FINNIFTY05MAR2418800PE.NFO,2024-02-14,14:23:00,2024-03-05,1.4,1.4,1.4,1.4,0,0,1
FINNIFTY05MAR2418800PE.NFO,2024-02-14,14:24:00,2024-03-05,1.4,1.4,1.4,1.4,0,0,1
FINNIFTY05MAR2418800PE.NFO,2024-02-14,14:25:00,2024-03-05,1.4,1.4,1.4,1.4,0,0,1
FINNIFTY05MAR2418800PE.NFO,2024-02-14,14:26:00,2024-03-05,1.4,1.4,1.4,1.4,0,0,1
FINNIFTY05MAR2418800PE.NFO,2024-02-14,14:27:00,2024-03-05,1.4,1.4,1.4,1.4,0,0,1
FINNIFTY05MAR2418800PE.NFO,2024-02-14,14:28:00,2024-03-05,1.4,1.4,1.4,1.4,0,0,1
FINNIFTY05MAR2418800PE.NFO,2024-02-14,14:29:00,2024-03-05,1.4,1.4,1.4,1.4,0,0,1
FINNIFTY05MAR2418800PE.NFO,2024-02-14,14:30:00,2024-03-05,1.4,1.4,1.4,1.4,0,0,1
FINNIFTY05MAR2418800PE.NFO,2024-02-14,14:31:00,2024-03-05,1.4,1.4,1.4,1.4,0,0,1
FINNIFTY05MAR2418800PE.NFO,2024-02-14,14:32:00,2024-03-05,1.4,1.4,1.4,1.4,0,0,1
FINNIFTY05MAR2418800PE.NFO,2024-02-14,14:33:00,2024-03-05,1.4,1.4,1.4,1.4,0,0,1
FINNIFTY05MAR2418800PE.NFO,2024-02-14,14:34:00,2024-03-05,1.4,1.4,1.4,1.4,0,0,1
FINNIFTY05MAR2418800PE.NFO,2024-02-14,14:35:00,2024-03-05,1.4,1.4,1.4,1.4,0,0,1
FINNIFTY05MAR2418800PE.NFO,2024-02-14,14:36:00,2024-03-05,1.4,1.4,1.4,1.4,0,0,1
FINNIFTY05MAR2418800PE.NFO,2024-02-14,14:37:00,2024-03-05,1.4,1.4,1.4,1.4,0,0,1
FINNIFTY05MAR2418800PE.NFO,2024-02-14,14:38:00,2024-03-05,1.4,1.4,1.4,1.4,0,0,1
FINNIFTY05MAR2418800PE.NFO,2024-02-14,14:39:00,2024-03-05,1.4,1.4,1.4,1.4,0,0,1
FINNIFTY05MAR2418800PE.NFO,2024-02-14,14:40:00,2024-03-05,1.4,1.4,1.4,1.4,0,0,1
FINNIFTY05MAR2418800PE.NFO,2024-02-14,14:41:00,2024-03-05,1.4,1.4,1.4,1.4,0,0,1
FINNIFTY05MAR2418800PE.NFO,2024-02-14,14:42:00,2024-03-05,1.4,1.4,1.4,1.4,0,0,1
FINNIFTY05MAR2418800PE.NFO,2024-02-14,14:43:00,2024-03-05,1.4,1.4,1.4,1.4,0,0,1
FINNIFTY05MAR2418800PE.NFO,2024-02-14,14:44:00,2024-03-05,1.4,1.4,1.4,1.4,0,0,1
FINNIFTY05MAR2418800PE.NFO,2024-02-14,14:45:00,2024-03-05,1.4,1.4,1.4,1.4,0,0,1
FINNIFTY05MAR2418800PE.NFO,2024-02-14,14:46:00,2024-03-05,1.4,1.4,1.4,1.4,0,0,1
FINNIFTY05MAR2418800PE.NFO,2024-02-14,14:47:00,2024-03-05,1.4,1.4,1.4,1.4,0,0,1
FINNIFTY05MAR2418800PE.NFO,2024-02-14,14:48:00,2024-03-05,1.4,1.4,1.4,1.4,0,0,1
FINNIFTY05MAR2418800PE.NFO,2024-02-14,14:49:00,2024-03-05,1.4,1.4,1.4,1.4,0,0,1
FINNIFTY05MAR2418800PE.NFO,2024-02-14,14:50:00,2024-03-05,1.4,1.4,1.4,1.4,0,0,1
FINNIFTY05MAR2418800PE.NFO,2024-02-14,14:51:00,2024-03-05,1.4,1.4,1.4,1.4,0,0,1
FINNIFTY05MAR2418800PE.NFO,2024-02-14,14:52:00,2024-03-05,1.4,1.4,1.4,1.4,0,0,1
FINNIFTY05MAR2418800PE.NFO,2024-02-14,14:53:00,2024-03-05,1.4,1.4,1.4,1.4,0,0,1
FINNIFTY05MAR2418800PE.NFO,2024-02-14,14:54:00,2024-03-05,1.4,1.4,1.4,1.4,0,0,1
FINNIFTY05MAR2418800PE.NFO,2024-02-14,14:55:00,2024-03-05,1.4,1.4,1.4,1.4,0,0,1
FINNIFTY05MAR2418800PE.NFO,2024-02-14,14:56:00,2024-03-05,1.4,1.4,1.4,1.4,0,0,1
FINNIFTY05MAR2418800PE.NFO,2024-02-14,14:57:00,2024-03-05,1.4,1.4,1.4,1.4,0,0,1
FINNIFTY05MAR2418800PE.NFO,2024-02-14,14:58:00,2024-03-05,1.4,1.4,1.4,1.4,0,0,1
FINNIFTY05MAR2418800PE.NFO,2024-02-14,14:59:00,2024-03-05,1.4,1.4,1.4,1.4,0,0,1
FINNIFTY05MAR2418800PE.NFO,2024-02-14,15:00:00,2024-03-05,1.4,1.4,1.4,1.4,0,0,1
FINNIFTY05MAR2418800PE.NFO,2024-02-14,15:01:00,2024-03-05,1.4,1.4,1.4,1.4,0,0,1
FINNIFTY05MAR2418800PE.NFO,2024-02-14,15:02:00,2024-03-05,1.4,1.4,1.4,1.4,0,0,1
FINNIFTY05MAR2418800PE.NFO,2024-02-14,15:03:00,2024-03-05,1.4,1.4,1.4,1.4,0,0,1
FINNIFTY05MAR2418800PE.NFO,2024-02-14,15:04:00,2024-03-05,1.4,1.4,1.4,1.4,0,0,1
FINNIFTY05MAR2418800PE.NFO,2024-02-14,15:05:00,2024-03-05,1.4,1.4,1.4,1.4,0,0,1
FINNIFTY05MAR2418800PE.NFO,2024-02-14,15:06:00,2024-03-05,1.4,1.4,1.4,1.4,0,0,1
FINNIFTY05MAR2418800PE.NFO,2024-02-14,15:07:00,2024-03-05,1.4,1.4,1.4,1.4,0,0,1
FINNIFTY05MAR2418800PE.NFO,2024-02-14,15:08:00,2024-03-05,1.4,1.4,1.4,1.4,0,0,1
FINNIFTY05MAR2418800PE.NFO,2024-02-14,15:09:00,2024-03-05,1.4,1.4,1.4,1.4,0,0,1
FINNIFTY05MAR2418800PE.NFO,2024-02-14,15:10:00,2024-03-05,1.4,1.4,1.4,1.4,0,0,1
FINNIFTY05MAR2418800PE.NFO,2024-02-14,15:11:00,2024-03-05,1.4,1.4,1.4,1.4,0,0,1
FINNIFTY05MAR2418800PE.NFO,2024-02-14,15:12:00,2024-03-05,1.4,1.4,1.4,1.4,0,0,1
FINNIFTY05MAR2418800PE.NFO,2024-02-14,15:13:00,2024-03-05,1.4,1.4,1.4,1.4,0,0,1
FINNIFTY05MAR2418800PE.NFO,2024-02-14,15:14:00,2024-03-05,1.4,1.4,1.4,1.4,0,0,1
FINNIFTY05MAR2418800PE.NFO,2024-02-14,15:15:00,2024-03-05,1.4,1.4,1.4,1.4,0,0,1
FINNIFTY05MAR2418800PE.NFO,2024-02-14,15:16:00,2024-03-05,1.4,1.4,1.4,1.4,0,0,1
FINNIFTY05MAR2418800PE.NFO,2024-02-14,15:17:00,2024-03-05,1.4,1.4,1.4,1.4,0,0,1
FINNIFTY05MAR2418800PE.NFO,2024-02-14,15:18:00,2024-03-05,1.4,1.4,1.4,1.4,0,0,1
FINNIFTY05MAR2418800PE.NFO,2024-02-14,15:19:00,2024-03-05,1.4,1.4,1.4,1.4,0,0,1
FINNIFTY05MAR2418800PE.NFO,2024-02-14,15:20:00,2024-03-05,1.4,1.4,1.4,1.4,0,0,1
FINNIFTY05MAR2418800PE.NFO,2024-02-14,15:21:00,2024-03-05,1.4,1.4,1.4,1.4,0,0,1
FINNIFTY05MAR2418800PE.NFO,2024-02-14,15:22:00,2024-03-05,1.4,1.4,1.4,1.4,0,0,1
FINNIFTY05MAR2418800PE.NFO,2024-02-14,15:23:00,2024-03-05,1.4,1.4,1.4,1.4,0,0,1
FINNIFTY05MAR2418800PE.NFO,2024-02-14,15:24:00,2024-03-05,1.4,1.4,1.4,1.4,0,0,1
FINNIFTY05MAR2418800PE.NFO,2024-02-14,15:25:00,2024-03-05,1.4,1.4,1.4,1.4,0,0,1
FINNIFTY05MAR2418800PE.NFO,2024-02-14,15:26:00,2024-03-05,1.4,1.4,1.4,1.4,0,0,1
FINNIFTY05MAR2418800PE.NFO,2024-02-14,15:27:00,2024-03-05,1.4,1.4,1.4,1.4,0,0,1
FINNIFTY05MAR2418800PE.NFO,2024-02-14,15:28:00,2024-03-05,1.4,1.4,1.4,1.4,0,0,1
FINNIFTY05MAR2418800PE.NFO,2024-02-14,15:29:00,2024-03-05,1.4,1.4,1.4,1.4,0,0,1
FINNIFTY05MAR2418800PE.NFO,2024-02-14,15:30:00,2024-03-05,1.4,1.4,1.4,1.4,0,0,1
FINNIFTY05MAR2418800PE.NFO,2024-02-15,09:15:00,2024-03-05,1.4,1.4,1.4,1.4,0,0,0
FINNIFTY05MAR2418800PE.NFO,2024-02-15,09:16:00,2024-03-05,1.4,1.4,1.4,1.4,0,0,1
FINNIFTY05MAR2418800PE.NFO,2024-02-15,09:17:00,2024-03-05,1.4,1.4,1.4,1.4,0,0,1
FINNIFTY05MAR2418800PE.NFO,2024-02-15,09:18:00,2024-03-05,1.4,1.4,1.4,1.4,0,0,1
FINNIFTY05MAR2418800PE.NFO,2024-02-15,09:19:00,2024-03-05,1.4,1.4,1.4,1.4,0,0,1
FINNIFTY05MAR2418800PE.NFO,2024-02-15,09:20:00,2024-03-05,1.4,1.4,1.4,1.4,0,0,1
FINNIFTY05MAR2418800PE.NFO,2024-02-15,09:21:00,2024-03-05,1.4,1.4,1.4,1.4,0,0,1
FINNIFTY05MAR2418800PE.NFO,2024-02-15,09:22:00,2024-03-05,1.4,1.4,1.4,1.4,0,0,1
FINNIFTY05MAR2418800PE.NFO,2024-02-15,09:23:00,2024-03-05,1.4,1.4,1.4,1.4,0,0,1
FINNIFTY05MAR2418800PE.NFO,2024-02-15,09:24:00,2024-03-05,1.4,1.4,1.4,1.4,0,0,1
FINNIFTY05MAR2418800PE.NFO,2024-02-15,09:25:00,2024-03-05,1.4,1.4,1.4,1.4,0,0,1
FINNIFTY05MAR2418800PE.NFO,2024-02-15,09:26:00,2024-03-05,1.4,1.4,1.4,1.4,0,0,1
FINNIFTY05MAR2418800PE.NFO,2024-02-15,09:27:00,2024-03-05,1.4,1.4,1.4,1.4,0,0,1
FINNIFTY05MAR2418800PE.NFO,2024-02-15,09:28:00,2024-03-05,1.4,1.4,1.4,1.4,0,0,1
FINNIFTY05MAR2418800PE.NFO,2024-02-15,09:29:00,2024-03-05,1.4,1.4,1.4,1.4,0,0,1
FINNIFTY05MAR2418800PE.NFO,2024-02-15,09:30:00,2024-03-05,1.4,1.4,1.4,1.4,0,0,1
FINNIFTY05MAR2418800PE.NFO,2024-02-15,09:31:00,2024-03-05,1.4,1.4,1.4,1.4,0,0,1
FINNIFTY05MAR2418800PE.NFO,2024-02-15,09:32:00,2024-03-05,1.4,1.4,1.4,1.4,0,0,1
FINNIFTY05MAR2418800PE.NFO,2024-02-15,09:33:00,2024-03-05,1.4,1.4,1.4,1.4,0,0,1
FINNIFTY05MAR2418800PE.NFO,2024-02-15,09:34:00,2024-03-05,1.4,1.4,1.4,1.4,0,0,1
FINNIFTY05MAR2418800PE.NFO,2024-02-15,09:35:00,2024-03-05,1.4,1.4,1.4,1.4,0,0,1
FINNIFTY05MAR2418800PE.NFO,2024-02-15,09:36:00,2024-03-05,1.4,1.4,1.4,1.4,0,0,1
FINNIFTY05MAR2418800PE.NFO,2024-02-15,09:37:00,2024-03-05,1.4,1.4,1.4,1.4,0,0,1
FINNIFTY05MAR2418800PE.NFO,2024-02-15,09:38:00,2024-03-05,1.4,1.4,1.4,1.4,0,0,1
FINNIFTY05MAR2418800PE.NFO,2024-02-15,09:39:00,2024-03-05,1.4,1.4,1.4,1.4,0,0,1
FINNIFTY05MAR2418800PE.NFO,2024-02-15,09:40:00,2024-03-05,1.4,1.4,1.4,1.4,0,0,1
FINNIFTY05MAR2418800PE.NFO,2024-02-15,09:41:00,2024-03-05,1.4,1.4,1.4,1.4,0,0,1
FINNIFTY05MAR2418800PE.NFO,2024-02-15,09:42:00,2024-03-05,1.4,1.4,1.4,1.4,0,0,1
FINNIFTY05MAR2418800PE.NFO,2024-02-15,09:43:00,2024-03-05,1.4,1.4,1.4,1.4,0,0,1
FINNIFTY05MAR2418800PE.NFO,2024-02-15,09:44:00,2024-03-05,1.4,1.4,1.4,1.4,0,0,1
FINNIFTY05MAR2418800PE.NFO,2024-02-15,09:45:00,2024-03-05,1.4,1.4,1.4,1.4,0,0,1
FINNIFTY05MAR2418800PE.NFO,2024-02-15,09:46:00,2024-03-05,1.4,1.4,1.4,1.4,0,0,1
FINNIFTY05MAR2418800PE.NFO,2024-02-15,09:47:00,2024-03-05,1.4,1.4,1.4,1.4,0,0,1
FINNIFTY05MAR2418800PE.NFO,2024-02-15,09:48:00,2024-03-05,1.4,1.4,1.4,1.4,0,0,1
FINNIFTY05MAR2418800PE.NFO,2024-02-15,09:49:00,2024-03-05,1.4,1.4,1.4,1.4,0,0,1
FINNIFTY05MAR2418800PE.NFO,2024-02-15,09:50:00,2024-03-05,1.4,1.4,1.4,1.4,0,0,1
FINNIFTY05MAR2418800PE.NFO,2024-02-15,09:51:00,2024-03-05,1.4,1.4,1.4,1.4,0,0,1
FINNIFTY05MAR2418800PE.NFO,2024-02-15,09:52:00,2024-03-05,1.4,1.4,1.4,1.4,0,0,1
FINNIFTY05MAR2418800PE.NFO,2024-02-15,09:53:00,2024-03-05,1.4,1.4,1.4,1.4,0,0,1
FINNIFTY05MAR2418800PE.NFO,2024-02-15,09:54:00,2024-03-05,1.4,1.4,1.4,1.4,0,0,1
FINNIFTY05MAR2418800PE.NFO,2024-02-15,09:55:00,2024-03-05,1.4,1.4,1.4,1.4,0,0,1
FINNIFTY05MAR2418800PE.NFO,2024-02-15,09:56:00,2024-03-05,1.4,1.4,1.4,1.4,0,0,1
FINNIFTY05MAR2418800PE.NFO,2024-02-15,09:57:00,2024-03-05,1.4,1.4,1.4,1.4,0,0,1
FINNIFTY05MAR2418800PE.NFO,2024-02-15,09:58:00,2024-03-05,1.4,1.4,1.4,1.4,0,0,1
FINNIFTY05MAR2418800PE.NFO,2024-02-15,09:59:00,2024-03-05,1.4,1.4,1.4,1.4,0,0,1
FINNIFTY05MAR2418800PE.NFO,2024-02-15,10:00:00,2024-03-05,1.4,1.4,1.4,1.4,0,0,1
FINNIFTY05MAR2418800PE.NFO,2024-02-15,10:01:00,2024-03-05,1.4,1.4,1.4,1.4,0,0,1
FINNIFTY05MAR2418800PE.NFO,2024-02-15,10:02:00,2024-03-05,1.4,1.4,1.4,1.4,0,0,1
FINNIFTY05MAR2418800PE.NFO,2024-02-15,10:03:00,2024-03-05,1.4,1.4,1.4,1.4,0,0,1
FINNIFTY05MAR2418800PE.NFO,2024-02-15,10:04:00,2024-03-05,1.4,1.4,1.4,1.4,0,0,1
FINNIFTY05MAR2418800PE.NFO,2024-02-15,10:05:00,2024-03-05,1.4,1.4,1.4,1.4,0,0,1
FINNIFTY05MAR2418800PE.NFO,2024-02-15,10:06:00,2024-03-05,1.4,1.4,1.4,1.4,0,0,1
FINNIFTY05MAR2418800PE.NFO,2024-02-15,10:07:00,2024-03-05,1.4,1.4,1.4,1.4,0,0,1
FINNIFTY05MAR2418800PE.NFO,2024-02-15,10:08:00,2024-03-05,1.4,1.4,1.4,1.4,0,0,1
FINNIFTY05MAR2418800PE.NFO,2024-02-15,10:09:00,2024-03-05,1.4,1.4,1.4,1.4,0,0,1
FINNIFTY05MAR2418800PE.NFO,2024-02-15,10:10:00,2024-03-05,1.4,1.4,1.4,1.4,0,0,1
FINNIFTY05MAR2418800PE.NFO,2024-02-15,10:11:00,2024-03-05,1.4,1.4,1.4,1.4,0,0,1
FINNIFTY05MAR2418800PE.NFO,2024-02-15,10:12:00,2024-03-05,1.4,1.4,1.4,1.4,0,0,1
FINNIFTY05MAR2418800PE.NFO,2024-02-15,10:13:00,2024-03-05,1.4,1.4,1.4,1.4,0,0,1
FINNIFTY05MAR2418800PE.NFO,2024-02-15,10:14:00,2024-03-05,1.4,1.4,1.4,1.4,0,0,1
FINNIFTY05MAR2418800PE.NFO,2024-02-15,10:15:00,2024-03-05,1.4,1.4,1.4,1.4,0,0,1
FINNIFTY05MAR2418800PE.NFO,2024-02-15,10:16:00,2024-03-05,1.4,1.4,1.4,1.4,0,0,1
FINNIFTY05MAR2418800PE.NFO,2024-02-15,10:17:00,2024-03-05,1.4,1.4,1.4,1.4,0,0,1
FINNIFTY05MAR2418800PE.NFO,2024-02-15,10:18:00,2024-03-05,1.4,1.4,1.4,1.4,0,0,1
FINNIFTY05MAR2418800PE.NFO,2024-02-15,10:19:00,2024-03-05,1.4,1.4,1.4,1.4,0,0,1
FINNIFTY05MAR2418800PE.NFO,2024-02-15,10:20:00,2024-03-05,1.4,1.4,1.4,1.4,0,0,1
FINNIFTY05MAR2418800PE.NFO,2024-02-15,10:21:00,2024-03-05,1.4,1.4,1.4,1.4,0,0,1
FINNIFTY05MAR2418800PE.NFO,2024-02-15,10:22:00,2024-03-05,1.4,1.4,1.4,1.4,0,0,1
FINNIFTY05MAR2418800PE.NFO,2024-02-15,10:23:00,2024-03-05,1.4,1.4,1.4,1.4,0,0,1
FINNIFTY05MAR2418800PE.NFO,2024-02-15,10:24:00,2024-03-05,1.4,1.4,1.4,1.4,0,0,1
FINNIFTY05MAR2418800PE.NFO,2024-02-15,10:25:00,2024-03-05,1.4,1.4,1.4,1.4,0,0,1
FINNIFTY05MAR2418800PE.NFO,2024-02-15,10:26:00,2024-03-05,1.4,1.4,1.4,1.4,0,0,1
FINNIFTY05MAR2418800PE.NFO,2024-02-15,10:27:00,2024-03-05,1.4,1.4,1.4,1.4,0,0,1
FINNIFTY05MAR2418800PE.NFO,2024-02-15,10:28:00,2024-03-05,1.4,1.4,1.4,1.4,0,0,1
FINNIFTY05MAR2418800PE.NFO,2024-02-15,10:29:00,2024-03-05,1.4,1.4,1.4,1.4,0,0,1
FINNIFTY05MAR2418800PE.NFO,2024-02-15,10:30:00,2024-03-05,1.4,1.4,1.4,1.4,0,0,1
FINNIFTY05MAR2418800PE.NFO,2024-02-15,10:31:00,2024-03-05,1.4,1.4,1.4,1.4,0,0,1
FINNIFTY05MAR2418800PE.NFO,2024-02-15,10:32:00,2024-03-05,1.4,1.4,1.4,1.4,0,0,1
FINNIFTY05MAR2418800PE.NFO,2024-02-15,10:33:00,2024-03-05,1.4,1.4,1.4,1.4,0,0,1
FINNIFTY05MAR2418800PE.NFO,2024-02-15,10:34:00,2024-03-05,1.4,1.4,1.4,1.4,0,0,1
FINNIFTY05MAR2418800PE.NFO,2024-02-15,10:35:00,2024-03-05,1.4,1.4,1.4,1.4,0,0,1
FINNIFTY05MAR2418800PE.NFO,2024-02-15,10:36:00,2024-03-05,1.4,1.4,1.4,1.4,0,0,1
FINNIFTY05MAR2418800PE.NFO,2024-02-15,10:37:00,2024-03-05,1.4,1.4,1.4,1.4,0,0,1
FINNIFTY05MAR2418800PE.NFO,2024-02-15,10:38:00,2024-03-05,1.4,1.4,1.4,1.4,0,0,1
FINNIFTY05MAR2418800PE.NFO,2024-02-15,10:39:00,2024-03-05,1.4,1.4,1.4,1.4,0,0,1
FINNIFTY05MAR2418800PE.NFO,2024-02-15,10:40:00,2024-03-05,1.4,1.4,1.4,1.4,0,0,1
FINNIFTY05MAR2418800PE.NFO,2024-02-15,10:41:00,2024-03-05,1.4,1.4,1.4,1.4,0,0,1
FINNIFTY05MAR2418800PE.NFO,2024-02-15,10:42:00,2024-03-05,1.4,1.4,1.4,1.4,0,0,1
FINNIFTY05MAR2418800PE.NFO,2024-02-15,10:43:00,2024-03-05,1.4,1.4,1.4,1.4,0,0,1
FINNIFTY05MAR2418800PE.NFO,2024-02-15,10:44:00,2024-03-05,1.4,1.4,1.4,1.4,0,0,1
FINNIFTY05MAR2418800PE.NFO,2024-02-15,10:45:00,2024-03-05,1.4,1.4,1.4,1.4,0,0,1
FINNIFTY05MAR2418800PE.NFO,2024-02-15,10:46:00,2024-03-05,1.4,1.4,1.4,1.4,0,0,1
FINNIFTY05MAR2418800PE.NFO,2024-02-15,10:47:00,2024-03-05,1.4,1.4,1.4,1.4,0,0,1
FINNIFTY05MAR2418800PE.NFO,2024-02-15,10:48:00,2024-03-05,1.4,1.4,1.4,1.4,0,0,1
FINNIFTY05MAR2418800PE.NFO,2024-02-15,10:49:00,2024-03-05,1.4,1.4,1.4,1.4,0,0,1
FINNIFTY05MAR2418800PE.NFO,2024-02-15,10:50:00,2024-03-05,1.4,1.4,1.4,1.4,0,0,1
FINNIFTY05MAR2418800PE.NFO,2024-02-15,10:51:00,2024-03-05,1.4,1.4,1.4,1.4,0,0,1
FINNIFTY05MAR2418800PE.NFO,2024-02-15,10:52:00,2024-03-05,1.4,1.4,1.4,1.4,0,0,1
FINNIFTY05MAR2418800PE.NFO,2024-02-15,10:53:00,2024-03-05,1.4,1.4,1.4,1.4,0,0,1
FINNIFTY05MAR2418800PE.NFO,2024-02-15,10:54:00,2024-03-05,1.4,1.4,1.4,1.4,0,0,1
FINNIFTY05MAR2418800PE.NFO,2024-02-15,10:55:00,2024-03-05,1.4,1.4,1.4,1.4,0,0,1
FINNIFTY05MAR2418800PE.NFO,2024-02-15,10:56:00,2024-03-05,1.4,1.4,1.4,1.4,0,0,1
FINNIFTY05MAR2418800PE.NFO,2024-02-15,10:57:00,2024-03-05,1.4,1.4,1.4,1.4,0,0,1
FINNIFTY05MAR2418800PE.NFO,2024-02-15,10:58:00,2024-03-05,1.4,1.4,1.4,1.4,0,0,1
FINNIFTY05MAR2418800PE.NFO,2024-02-15,10:59:00,2024-03-05,1.4,1.4,1.4,1.4,0,0,1
FINNIFTY05MAR2418800PE.NFO,2024-02-15,11:00:00,2024-03-05,1.4,1.4,1.4,1.4,0,0,1
FINNIFTY05MAR2418800PE.NFO,2024-02-15,11:01:00,2024-03-05,1.4,1.4,1.4,1.4,0,0,1
FINNIFTY05MAR2418800PE.NFO,2024-02-15,11:02:00,2024-03-05,1.4,1.4,1.4,1.4,0,0,1
FINNIFTY05MAR2418800PE.NFO,2024-02-15,11:03:00,2024-03-05,1.4,1.4,1.4,1.4,0,0,1
FINNIFTY05MAR2418800PE.NFO,2024-02-15,11:04:00,2024-03-05,1.4,1.4,1.4,1.4,0,0,1
FINNIFTY05MAR2418800PE.NFO,2024-02-15,11:05:00,2024-03-05,1.4,1.4,1.4,1.4,0,0,1
FINNIFTY05MAR2418800PE.NFO,2024-02-15,11:06:00,2024-03-05,1.4,1.4,1.4,1.4,0,0,1
FINNIFTY05MAR2418800PE.NFO,2024-02-15,11:07:00,2024-03-05,1.4,1.4,1.4,1.4,0,0,1
FINNIFTY05MAR2418800PE.NFO,2024-02-15,11:08:00,2024-03-05,1.4,1.4,1.4,1.4,0,0,1
FINNIFTY05MAR2418800PE.NFO,2024-02-15,11:09:00,2024-03-05,1.4,1.4,1.4,1.4,0,0,1
FINNIFTY05MAR2418800PE.NFO,2024-02-15,11:10:00,2024-03-05,1.4,1.4,1.4,1.4,0,0,1
FINNIFTY05MAR2418800PE.NFO,2024-02-15,11:11:00,2024-03-05,1.4,1.4,1.4,1.4,0,0,1
FINNIFTY05MAR2418800PE.NFO,2024-02-15,11:12:00,2024-03-05,1.4,1.4,1.4,1.4,0,0,1
FINNIFTY05MAR2418800PE.NFO,2024-02-15,11:13:00,2024-03-05,1.4,1.4,1.4,1.4,0,0,1
FINNIFTY05MAR2418800PE.NFO,2024-02-15,11:14:00,2024-03-05,1.4,1.4,1.4,1.4,0,0,1
FINNIFTY05MAR2418800PE.NFO,2024-02-15,11:15:00,2024-03-05,1.4,1.4,1.4,1.4,0,0,1
FINNIFTY05MAR2418800PE.NFO,2024-02-15,11:16:00,2024-03-05,1.4,1.4,1.4,1.4,0,0,1
FINNIFTY05MAR2418800PE.NFO,2024-02-15,11:17:00,2024-03-05,1.4,1.4,1.4,1.4,0,0,1
FINNIFTY05MAR2418800PE.NFO,2024-02-15,11:18:00,2024-03-05,1.4,1.4,1.4,1.4,0,0,1
FINNIFTY05MAR2418800PE.NFO,2024-02-15,11:19:00,2024-03-05,1.4,1.4,1.4,1.4,0,0,1
FINNIFTY05MAR2418800PE.NFO,2024-02-15,11:20:00,2024-03-05,1.4,1.4,1.4,1.4,0,0,1
FINNIFTY05MAR2418800PE.NFO,2024-02-15,11:21:00,2024-03-05,1.4,1.4,1.4,1.4,0,0,1
FINNIFTY05MAR2418800PE.NFO,2024-02-15,11:22:00,2024-03-05,1.4,1.4,1.4,1.4,0,0,1
FINNIFTY05MAR2418800PE.NFO,2024-02-15,11:23:00,2024-03-05,1.4,1.4,1.4,1.4,0,0,1
FINNIFTY05MAR2418800PE.NFO,2024-02-15,11:24:00,2024-03-05,1.4,1.4,1.4,1.4,0,0,1
FINNIFTY05MAR2418800PE.NFO,2024-02-15,11:25:00,2024-03-05,1.4,1.4,1.4,1.4,0,0,1
FINNIFTY05MAR2418800PE.NFO,2024-02-15,11:26:00,2024-03-05,1.4,1.4,1.4,1.4,0,0,1
FINNIFTY05MAR2418800PE.NFO,2024-02-15,11:27:00,2024-03-05,1.4,1.4,1.4,1.4,0,0,1
FINNIFTY05MAR2418800PE.NFO,2024-02-15,11:28:00,2024-03-05,1.4,1.4,1.4,1.4,0,0,1
FINNIFTY05MAR2418800PE.NFO,2024-02-15,11:29:00,2024-03-05,1.4,1.4,1.4,1.4,0,0,1
FINNIFTY05MAR2418800PE.NFO,2024-02-15,11:30:00,2024-03-05,1.4,1.4,1.4,1.4,0,0,1
FINNIFTY05MAR2418800PE.NFO,2024-02-15,11:31:00,2024-03-05,1.4,1.4,1.4,1.4,0,0,1
FINNIFTY05MAR2418800PE.NFO,2024-02-15,11:32:00,2024-03-05,1.4,1.4,1.4,1.4,0,0,1
FINNIFTY05MAR2418800PE.NFO,2024-02-15,11:33:00,2024-03-05,1.4,1.4,1.4,1.4,0,0,1
FINNIFTY05MAR2418800PE.NFO,2024-02-15,11:34:00,2024-03-05,1.4,1.4,1.4,1.4,0,0,1
FINNIFTY05MAR2418800PE.NFO,2024-02-15,11:35:00,2024-03-05,1.4,1.4,1.4,1.4,0,0,1
FINNIFTY05MAR2418800PE.NFO,2024-02-15,11:36:00,2024-03-05,1.4,1.4,1.4,1.4,0,0,1
FINNIFTY05MAR2418800PE.NFO,2024-02-15,11:37:00,2024-03-05,1.4,1.4,1.4,1.4,0,0,1
FINNIFTY05MAR2418800PE.NFO,2024-02-15,11:38:00,2024-03-05,1.4,1.4,1.4,1.4,0,0,1
FINNIFTY05MAR2418800PE.NFO,2024-02-15,11:39:00,2024-03-05,1.4,1.4,1.4,1.4,0,0,1
FINNIFTY05MAR2418800PE.NFO,2024-02-15,11:40:00,2024-03-05,1.4,1.4,1.4,1.4,0,0,1
FINNIFTY05MAR2418800PE.NFO,2024-02-15,11:41:00,2024-03-05,1.4,1.4,1.4,1.4,0,0,1
FINNIFTY05MAR2418800PE.NFO,2024-02-15,11:42:00,2024-03-05,1.4,1.4,1.4,1.4,0,0,1
FINNIFTY05MAR2418800PE.NFO,2024-02-15,11:43:00,2024-03-05,1.4,1.4,1.4,1.4,0,0,1
FINNIFTY05MAR2418800PE.NFO,2024-02-15,11:44:00,2024-03-05,1.4,1.4,1.4,1.4,0,0,1
FINNIFTY05MAR2418800PE.NFO,2024-02-15,11:45:00,2024-03-05,1.4,1.4,1.4,1.4,0,0,1
FINNIFTY05MAR2418800PE.NFO,2024-02-15,11:46:00,2024-03-05,1.4,1.4,1.4,1.4,0,0,1
FINNIFTY05MAR2418800PE.NFO,2024-02-15,11:47:00,2024-03-05,1.4,1.4,1.4,1.4,0,0,1
FINNIFTY05MAR2418800PE.NFO,2024-02-15,11:48:00,2024-03-05,1.4,1.4,1.4,1.4,0,0,1
FINNIFTY05MAR2418800PE.NFO,2024-02-15,11:49:00,2024-03-05,1.4,1.4,1.4,1.4,0,0,1
FINNIFTY05MAR2418800PE.NFO,2024-02-15,11:50:00,2024-03-05,1.4,1.4,1.4,1.4,0,0,1
FINNIFTY05MAR2418800PE.NFO,2024-02-15,11:51:00,2024-03-05,1.4,1.4,1.4,1.4,0,0,1
FINNIFTY05MAR2418800PE.NFO,2024-02-15,11:52:00,2024-03-05,1.4,1.4,1.4,1.4,0,0,1
FINNIFTY05MAR2418800PE.NFO,2024-02-15,11:53:00,2024-03-05,1.4,1.4,1.4,1.4,0,0,1
FINNIFTY05MAR2418800PE.NFO,2024-02-15,11:54:00,2024-03-05,1.4,1.4,1.4,1.4,0,0,1
FINNIFTY05MAR2418800PE.NFO,2024-02-15,11:55:00,2024-03-05,1.4,1.4,1.4,1.4,0,0,1
FINNIFTY05MAR2418800PE.NFO,2024-02-15,11:56:00,2024-03-05,1.4,1.4,1.4,1.4,0,0,1
FINNIFTY05MAR2418800PE.NFO,2024-02-15,11:57:00,2024-03-05,1.4,1.4,1.4,1.4,0,0,1
FINNIFTY05MAR2418800PE.NFO,2024-02-15,11:58:00,2024-03-05,1.4,1.4,1.4,1.4,0,0,1
FINNIFTY05MAR2418800PE.NFO,2024-02-15,11:59:00,2024-03-05,1.4,1.4,1.4,1.4,0,0,1
FINNIFTY05MAR2418800PE.NFO,2024-02-15,12:00:00,2024-03-05,1.4,1.4,1.4,1.4,0,0,1
FINNIFTY05MAR2418800PE.NFO,2024-02-15,12:01:00,2024-03-05,1.4,1.4,1.4,1.4,0,0,1
FINNIFTY05MAR2418800PE.NFO,2024-02-15,12:02:00,2024-03-05,1.4,1.4,1.4,1.4,0,0,1
FINNIFTY05MAR2418800PE.NFO,2024-02-15,12:03:00,2024-03-05,1.4,1.4,1.4,1.4,0,0,1
FINNIFTY05MAR2418800PE.NFO,2024-02-15,12:04:00,2024-03-05,1.4,1.4,1.4,1.4,0,0,1
FINNIFTY05MAR2418800PE.NFO,2024-02-15,12:05:00,2024-03-05,1.4,1.4,1.4,1.4,0,0,1
FINNIFTY05MAR2418800PE.NFO,2024-02-15,12:06:00,2024-03-05,1.4,1.4,1.4,1.4,0,0,1
FINNIFTY05MAR2418800PE.NFO,2024-02-15,12:07:00,2024-03-05,1.4,1.4,1.4,1.4,0,0,1
FINNIFTY05MAR2418800PE.NFO,2024-02-15,12:08:00,2024-03-05,1.4,1.4,1.4,1.4,0,0,1
FINNIFTY05MAR2418800PE.NFO,2024-02-15,12:09:00,2024-03-05,1.4,1.4,1.4,1.4,0,0,1
FINNIFTY05MAR2418800PE.NFO,2024-02-15,12:10:00,2024-03-05,1.4,1.4,1.4,1.4,0,0,1
FINNIFTY05MAR2418800PE.NFO,2024-02-15,12:11:00,2024-03-05,1.4,1.4,1.4,1.4,0,0,1
FINNIFTY05MAR2418800PE.NFO,2024-02-15,12:12:00,2024-03-05,1.4,1.4,1.4,1.4,0,0,1
FINNIFTY05MAR2418800PE.NFO,2024-02-15,12:13:00,2024-03-05,1.4,1.4,1.4,1.4,0,0,1
FINNIFTY05MAR2418800PE.NFO,2024-02-15,12:14:00,2024-03-05,1.4,1.4,1.4,1.4,0,0,1
FINNIFTY05MAR2418800PE.NFO,2024-02-15,12:15:00,2024-03-05,1.4,1.4,1.4,1.4,0,0,1
FINNIFTY05MAR2418800PE.NFO,2024-02-15,12:16:00,2024-03-05,1.4,1.4,1.4,1.4,0,0,1
FINNIFTY05MAR2418800PE.NFO,2024-02-15,12:17:00,2024-03-05,1.4,1.4,1.4,1.4,0,0,1
FINNIFTY05MAR2418800PE.NFO,2024-02-15,12:18:00,2024-03-05,1.4,1.4,1.4,1.4,0,0,1
FINNIFTY05MAR2418800PE.NFO,2024-02-15,12:19:00,2024-03-05,1.4,1.4,1.4,1.4,0,0,1
FINNIFTY05MAR2418800PE.NFO,2024-02-15,12:20:00,2024-03-05,1.4,1.4,1.4,1.4,0,0,1
FINNIFTY05MAR2418800PE.NFO,2024-02-15,12:21:00,2024-03-05,1.4,1.4,1.4,1.4,0,0,1
FINNIFTY05MAR2418800PE.NFO,2024-02-15,12:22:00,2024-03-05,1.4,1.4,1.4,1.4,0,0,1
FINNIFTY05MAR2418800PE.NFO,2024-02-15,12:23:00,2024-03-05,1.4,1.4,1.4,1.4,0,0,1
FINNIFTY05MAR2418800PE.NFO,2024-02-15,12:24:00,2024-03-05,1.4,1.4,1.4,1.4,0,0,1
FINNIFTY05MAR2418800PE.NFO,2024-02-15,12:25:00,2024-03-05,1.4,1.4,1.4,1.4,0,0,1
FINNIFTY05MAR2418800PE.NFO,2024-02-15,12:26:00,2024-03-05,1.4,1.4,1.4,1.4,0,0,1
FINNIFTY05MAR2418800PE.NFO,2024-02-15,12:27:00,2024-03-05,1.4,1.4,1.4,1.4,0,0,1
FINNIFTY05MAR2418800PE.NFO,2024-02-15,12:28:00,2024-03-05,1.4,1.4,1.4,1.4,0,0,1
FINNIFTY05MAR2418800PE.NFO,2024-02-15,12:29:00,2024-03-05,1.4,1.4,1.4,1.4,0,0,1
FINNIFTY05MAR2418800PE.NFO,2024-02-15,12:30:00,2024-03-05,1.4,1.4,1.4,1.4,0,0,1
FINNIFTY05MAR2418800PE.NFO,2024-02-15,12:31:00,2024-03-05,1.4,1.4,1.4,1.4,0,0,1
FINNIFTY05MAR2418800PE.NFO,2024-02-15,12:32:00,2024-03-05,1.4,1.4,1.4,1.4,0,0,1
FINNIFTY05MAR2418800PE.NFO,2024-02-15,12:33:00,2024-03-05,1.4,1.4,1.4,1.4,0,0,1
FINNIFTY05MAR2418800PE.NFO,2024-02-15,12:34:00,2024-03-05,1.4,1.4,1.4,1.4,0,0,1
FINNIFTY05MAR2418800PE.NFO,2024-02-15,12:35:00,2024-03-05,1.4,1.4,1.4,1.4,0,0,1
FINNIFTY05MAR2418800PE.NFO,2024-02-15,12:36:00,2024-03-05,1.4,1.4,1.4,1.4,0,0,1
FINNIFTY05MAR2418800PE.NFO,2024-02-15,12:37:00,2024-03-05,1.4,1.4,1.4,1.4,0,0,1
FINNIFTY05MAR2418800PE.NFO,2024-02-15,12:38:00,2024-03-05,1.4,1.4,1.4,1.4,0,0,1
FINNIFTY05MAR2418800PE.NFO,2024-02-15,12:39:00,2024-03-05,1.4,1.4,1.4,1.4,0,0,1
FINNIFTY05MAR2418800PE.NFO,2024-02-15,12:40:00,2024-03-05,1.4,1.4,1.4,1.4,0,0,1
FINNIFTY05MAR2418800PE.NFO,2024-02-15,12:41:00,2024-03-05,1.4,1.4,1.4,1.4,0,0,1
FINNIFTY05MAR2418800PE.NFO,2024-02-15,12:42:00,2024-03-05,1.4,1.4,1.4,1.4,0,0,1
FINNIFTY05MAR2418800PE.NFO,2024-02-15,12:43:00,2024-03-05,1.4,1.4,1.4,1.4,0,0,1
FINNIFTY05MAR2418800PE.NFO,2024-02-15,12:44:00,2024-03-05,1.4,1.4,1.4,1.4,0,0,1
FINNIFTY05MAR2418800PE.NFO,2024-02-15,12:45:00,2024-03-05,1.4,1.4,1.4,1.4,0,0,1
FINNIFTY05MAR2418800PE.NFO,2024-02-15,12:46:00,2024-03-05,1.4,1.4,1.4,1.4,0,0,1
FINNIFTY05MAR2418800PE.NFO,2024-02-15,12:47:00,2024-03-05,1.4,1.4,1.4,1.4,0,0,1
FINNIFTY05MAR2418800PE.NFO,2024-02-15,12:48:00,2024-03-05,1.4,1.4,1.4,1.4,0,0,1
FINNIFTY05MAR2418800PE.NFO,2024-02-15,12:49:00,2024-03-05,1.4,1.4,1.4,1.4,0,0,1
FINNIFTY05MAR2418800PE.NFO,2024-02-15,12:50:00,2024-03-05,1.4,1.4,1.4,1.4,0,0,1
FINNIFTY05MAR2418800PE.NFO,2024-02-15,12:51:00,2024-03-05,1.4,1.4,1.4,1.4,0,0,1
FINNIFTY05MAR2418800PE.NFO,2024-02-15,12:52:00,2024-03-05,1.4,1.4,1.4,1.4,0,0,1
FINNIFTY05MAR2418800PE.NFO,2024-02-15,12:53:00,2024-03-05,1.4,1.4,1.4,1.4,0,0,1
FINNIFTY05MAR2418800PE.NFO,2024-02-15,12:54:00,2024-03-05,1.4,1.4,1.4,1.4,0,0,1
FINNIFTY05MAR2418800PE.NFO,2024-02-15,12:55:00,2024-03-05,1.4,1.4,1.4,1.4,0,0,1
FINNIFTY05MAR2418800PE.NFO,2024-02-15,12:56:00,2024-03-05,1.4,1.4,1.4,1.4,0,0,1
FINNIFTY05MAR2418800PE.NFO,2024-02-15,12:57:00,2024-03-05,1.4,1.4,1.4,1.4,0,0,1
FINNIFTY05MAR2418800PE.NFO,2024-02-15,12:58:00,2024-03-05,1.4,1.4,1.4,1.4,0,0,1
FINNIFTY05MAR2418800PE.NFO,2024-02-15,12:59:00,2024-03-05,1.4,1.4,1.4,1.4,0,0,1
FINNIFTY05MAR2418800PE.NFO,2024-02-15,13:00:00,2024-03-05,1.4,1.4,1.4,1.4,0,0,1
FINNIFTY05MAR2418800PE.NFO,2024-02-15,13:01:00,2024-03-05,1.4,1.4,1.4,1.4,0,0,1
FINNIFTY05MAR2418800PE.NFO,2024-02-15,13:02:00,2024-03-05,1.4,1.4,1.4,1.4,0,0,1
FINNIFTY05MAR2418800PE.NFO,2024-02-15,13:03:00,2024-03-05,1.4,1.4,1.4,1.4,0,0,1
FINNIFTY05MAR2418800PE.NFO,2024-02-15,13:04:00,2024-03-05,1.4,1.4,1.4,1.4,0,0,1
FINNIFTY05MAR2418800PE.NFO,2024-02-15,13:05:00,2024-03-05,1.4,1.4,1.4,1.4,0,0,1
FINNIFTY05MAR2418800PE.NFO,2024-02-15,13:06:00,2024-03-05,1.4,1.4,1.4,1.4,0,0,1
FINNIFTY05MAR2418800PE.NFO,2024-02-15,13:07:00,2024-03-05,1.4,1.4,1.4,1.4,0,0,1
FINNIFTY05MAR2418800PE.NFO,2024-02-15,13:08:00,2024-03-05,1.4,1.4,1.4,1.4,0,0,1
FINNIFTY05MAR2418800PE.NFO,2024-02-15,13:09:00,2024-03-05,1.4,1.4,1.4,1.4,0,0,1
FINNIFTY05MAR2418800PE.NFO,2024-02-15,13:10:00,2024-03-05,1.4,1.4,1.4,1.4,0,0,1
FINNIFTY05MAR2418800PE.NFO,2024-02-15,13:11:00,2024-03-05,1.4,1.4,1.4,1.4,0,0,1
FINNIFTY05MAR2418800PE.NFO,2024-02-15,13:12:00,2024-03-05,1.4,1.4,1.4,1.4,0,0,1
FINNIFTY05MAR2418800PE.NFO,2024-02-15,13:13:00,2024-03-05,1.4,1.4,1.4,1.4,0,0,1
FINNIFTY05MAR2418800PE.NFO,2024-02-15,13:14:00,2024-03-05,1.4,1.4,1.4,1.4,0,0,1
FINNIFTY05MAR2418800PE.NFO,2024-02-15,13:15:00,2024-03-05,1.4,1.4,1.4,1.4,0,0,1
FINNIFTY05MAR2418800PE.NFO,2024-02-15,13:16:00,2024-03-05,1.4,1.4,1.4,1.4,0,0,1
FINNIFTY05MAR2418800PE.NFO,2024-02-15,13:17:00,2024-03-05,1.4,1.4,1.4,1.4,0,0,1
FINNIFTY05MAR2418800PE.NFO,2024-02-15,13:18:00,2024-03-05,1.4,1.4,1.4,1.4,0,0,1
FINNIFTY05MAR2418800PE.NFO,2024-02-15,13:19:00,2024-03-05,1.4,1.4,1.4,1.4,0,0,1
FINNIFTY05MAR2418800PE.NFO,2024-02-15,13:20:00,2024-03-05,1.4,1.4,1.4,1.4,0,0,1
FINNIFTY05MAR2418800PE.NFO,2024-02-15,13:21:00,2024-03-05,1.4,1.4,1.4,1.4,0,0,1
FINNIFTY05MAR2418800PE.NFO,2024-02-15,13:22:00,2024-03-05,1.4,1.4,1.4,1.4,0,0,1
FINNIFTY05MAR2418800PE.NFO,2024-02-15,13:23:00,2024-03-05,1.4,1.4,1.4,1.4,0,0,1
FINNIFTY05MAR2418800PE.NFO,2024-02-15,13:24:00,2024-03-05,1.4,1.4,1.4,1.4,0,0,1
FINNIFTY05MAR2418800PE.NFO,2024-02-15,13:25:00,2024-03-05,1.4,1.4,1.4,1.4,0,0,1
FINNIFTY05MAR2418800PE.NFO,2024-02-15,13:26:00,2024-03-05,1.4,1.4,1.4,1.4,0,0,1
FINNIFTY05MAR2418800PE.NFO,2024-02-15,13:27:00,2024-03-05,1.4,1.4,1.4,1.4,0,0,1
FINNIFTY05MAR2418800PE.NFO,2024-02-15,13:28:00,2024-03-05,1.4,1.4,1.4,1.4,0,0,1
FINNIFTY05MAR2418800PE.NFO,2024-02-15,13:29:00,2024-03-05,1.4,1.4,1.4,1.4,0,0,1
FINNIFTY05MAR2418800PE.NFO,2024-02-15,13:30:00,2024-03-05,1.4,1.4,1.4,1.4,0,0,1
FINNIFTY05MAR2418800PE.NFO,2024-02-15,13:31:00,2024-03-05,1.4,1.4,1.4,1.4,0,0,1
FINNIFTY05MAR2418800PE.NFO,2024-02-15,13:32:00,2024-03-05,1.4,1.4,1.4,1.4,0,0,1
FINNIFTY05MAR2418800PE.NFO,2024-02-15,13:33:00,2024-03-05,1.4,1.4,1.4,1.4,0,0,1
FINNIFTY05MAR2418800PE.NFO,2024-02-15,13:34:00,2024-03-05,1.4,1.4,1.4,1.4,0,0,1
FINNIFTY05MAR2418800PE.NFO,2024-02-15,13:35:00,2024-03-05,1.4,1.4,1.4,1.4,0,0,1
FINNIFTY05MAR2418800PE.NFO,2024-02-15,13:36:00,2024-03-05,1.4,1.4,1.4,1.4,0,0,1
FINNIFTY05MAR2418800PE.NFO,2024-02-15,13:37:00,2024-03-05,1.4,1.4,1.4,1.4,0,0,1
FINNIFTY05MAR2418800PE.NFO,2024-02-15,13:38:00,2024-03-05,1.4,1.4,1.4,1.4,0,0,1
FINNIFTY05MAR2418800PE.NFO,2024-02-15,13:39:00,2024-03-05,1.4,1.4,1.4,1.4,0,0,1
FINNIFTY05MAR2418800PE.NFO,2024-02-15,13:40:00,2024-03-05,1.4,1.4,1.4,1.4,0,0,1
FINNIFTY05MAR2418800PE.NFO,2024-02-15,13:41:00,2024-03-05,1.4,1.4,1.4,1.4,0,0,1
FINNIFTY05MAR2418800PE.NFO,2024-02-15,13:42:00,2024-03-05,1.4,1.4,1.4,1.4,0,0,1
FINNIFTY05MAR2418800PE.NFO,2024-02-15,13:43:00,2024-03-05,1.4,1.4,1.4,1.4,0,0,1
FINNIFTY05MAR2418800PE.NFO,2024-02-15,13:44:00,2024-03-05,1.4,1.4,1.4,1.4,0,0,1
FINNIFTY05MAR2418800PE.NFO,2024-02-15,13:45:00,2024-03-05,1.4,1.4,1.4,1.4,0,0,1
FINNIFTY05MAR2418800PE.NFO,2024-02-15,13:46:00,2024-03-05,1.4,1.4,1.4,1.4,0,0,1
FINNIFTY05MAR2418800PE.NFO,2024-02-15,13:47:00,2024-03-05,1.4,1.4,1.4,1.4,0,0,1
FINNIFTY05MAR2418800PE.NFO,2024-02-15,13:48:00,2024-03-05,1.4,1.4,1.4,1.4,0,0,1
FINNIFTY05MAR2418800PE.NFO,2024-02-15,13:49:00,2024-03-05,1.4,1.4,1.4,1.4,0,0,1
FINNIFTY05MAR2418800PE.NFO,2024-02-15,13:50:00,2024-03-05,1.4,1.4,1.4,1.4,0,0,1
FINNIFTY05MAR2418800PE.NFO,2024-02-15,13:51:00,2024-03-05,1.4,1.4,1.4,1.4,0,0,1
FINNIFTY05MAR2418800PE.NFO,2024-02-15,13:52:00,2024-03-05,1.4,1.4,1.4,1.4,0,0,1
FINNIFTY05MAR2418800PE.NFO,2024-02-15,13:53:00,2024-03-05,1.4,1.4,1.4,1.4,0,0,1
FINNIFTY05MAR2418800PE.NFO,2024-02-15,13:54:00,2024-03-05,1.4,1.4,1.4,1.4,0,0,1
FINNIFTY05MAR2418800PE.NFO,2024-02-15,13:55:00,2024-03-05,1.4,1.4,1.4,1.4,0,0,1
FINNIFTY05MAR2418800PE.NFO,2024-02-15,13:56:00,2024-03-05,1.4,1.4,1.4,1.4,0,0,1
FINNIFTY05MAR2418800PE.NFO,2024-02-15,13:57:00,2024-03-05,1.4,1.4,1.4,1.4,0,0,1
FINNIFTY05MAR2418800PE.NFO,2024-02-15,13:58:00,2024-03-05,1.4,1.4,1.4,1.4,0,0,1
FINNIFTY05MAR2418800PE.NFO,2024-02-15,13:59:00,2024-03-05,1.4,1.4,1.4,1.4,0,0,1
FINNIFTY05MAR2418800PE.NFO,2024-02-15,14:00:00,2024-03-05,1.4,1.4,1.4,1.4,0,0,1
FINNIFTY05MAR2418800PE.NFO,2024-02-15,14:01:00,2024-03-05,1.4,1.4,1.4,1.4,0,0,1
FINNIFTY05MAR2418800PE.NFO,2024-02-15,14:02:00,2024-03-05,1.4,1.4,1.4,1.4,0,0,1
FINNIFTY05MAR2418800PE.NFO,2024-02-15,14:03:00,2024-03-05,1.4,1.4,1.4,1.4,0,0,1
FINNIFTY05MAR2418800PE.NFO,2024-02-15,14:04:00,2024-03-05,1.4,1.4,1.4,1.4,0,0,1
FINNIFTY05MAR2418800PE.NFO,2024-02-15,14:05:00,2024-03-05,1.4,1.4,1.4,1.4,0,0,1
FINNIFTY05MAR2418800PE.NFO,2024-02-15,14:06:00,2024-03-05,1.4,1.4,1.4,1.4,0,0,1
FINNIFTY05MAR2418800PE.NFO,2024-02-15,14:07:00,2024-03-05,1.4,1.4,1.4,1.4,0,0,1
FINNIFTY05MAR2418800PE.NFO,2024-02-15,14:08:00,2024-03-05,1.4,1.4,1.4,1.4,0,0,1
FINNIFTY05MAR2418800PE.NFO,2024-02-15,14:09:00,2024-03-05,1.4,1.4,1.4,1.4,0,0,1
FINNIFTY05MAR2418800PE.NFO,2024-02-15,14:10:00,2024-03-05,1.4,1.4,1.4,1.4,0,0,1
FINNIFTY05MAR2418800PE.NFO,2024-02-15,14:11:00,2024-03-05,1.4,1.4,1.4,1.4,0,0,1
FINNIFTY05MAR2418800PE.NFO,2024-02-15,14:12:00,2024-03-05,1.4,1.4,1.4,1.4,0,0,1
FINNIFTY05MAR2418800PE.NFO,2024-02-15,14:13:00,2024-03-05,1.4,1.4,1.4,1.4,0,0,1
FINNIFTY05MAR2418800PE.NFO,2024-02-15,14:14:00,2024-03-05,1.4,1.4,1.4,1.4,0,0,1
FINNIFTY05MAR2418800PE.NFO,2024-02-15,14:15:00,2024-03-05,1.4,1.4,1.4,1.4,0,0,1
FINNIFTY05MAR2418800PE.NFO,2024-02-15,14:16:00,2024-03-05,1.4,1.4,1.4,1.4,0,0,1
FINNIFTY05MAR2418800PE.NFO,2024-02-15,14:17:00,2024-03-05,1.4,1.4,1.4,1.4,0,0,1
FINNIFTY05MAR2418800PE.NFO,2024-02-15,14:18:00,2024-03-05,1.4,1.4,1.4,1.4,0,0,1
FINNIFTY05MAR2418800PE.NFO,2024-02-15,14:19:00,2024-03-05,1.4,1.4,1.4,1.4,0,0,1
FINNIFTY05MAR2418800PE.NFO,2024-02-15,14:20:00,2024-03-05,1.4,1.4,1.4,1.4,0,0,1
FINNIFTY05MAR2418800PE.NFO,2024-02-15,14:21:00,2024-03-05,1.4,1.4,1.4,1.4,0,0,1
FINNIFTY05MAR2418800PE.NFO,2024-02-15,14:22:00,2024-03-05,1.4,1.4,1.4,1.4,0,0,1
FINNIFTY05MAR2418800PE.NFO,2024-02-15,14:23:00,2024-03-05,1.4,1.4,1.4,1.4,0,0,1
FINNIFTY05MAR2418800PE.NFO,2024-02-15,14:24:00,2024-03-05,1.4,1.4,1.4,1.4,0,0,1
FINNIFTY05MAR2418800PE.NFO,2024-02-15,14:25:00,2024-03-05,1.4,1.4,1.4,1.4,0,0,1
FINNIFTY05MAR2418800PE.NFO,2024-02-15,14:26:00,2024-03-05,1.4,1.4,1.4,1.4,0,0,1
FINNIFTY05MAR2418800PE.NFO,2024-02-15,14:27:00,2024-03-05,1.4,1.4,1.4,1.4,0,0,1
FINNIFTY05MAR2418800PE.NFO,2024-02-15,14:28:00,2024-03-05,1.4,1.4,1.4,1.4,0,0,1
FINNIFTY05MAR2418800PE.NFO,2024-02-15,14:29:00,2024-03-05,1.4,1.4,1.4,1.4,0,0,1
FINNIFTY05MAR2418800PE.NFO,2024-02-15,14:30:00,2024-03-05,1.4,1.4,1.4,1.4,0,0,1
FINNIFTY05MAR2418800PE.NFO,2024-02-15,14:31:00,2024-03-05,1.4,1.4,1.4,1.4,0,0,1
FINNIFTY05MAR2418800PE.NFO,2024-02-15,14:32:00,2024-03-05,1.4,1.4,1.4,1.4,0,0,1
FINNIFTY05MAR2418800PE.NFO,2024-02-15,14:33:00,2024-03-05,1.4,1.4,1.4,1.4,0,0,1
FINNIFTY05MAR2418800PE.NFO,2024-02-15,14:34:00,2024-03-05,1.4,1.4,1.4,1.4,0,0,1
FINNIFTY05MAR2418800PE.NFO,2024-02-15,14:35:00,2024-03-05,1.4,1.4,1.4,1.4,0,0,1
FINNIFTY05MAR2418800PE.NFO,2024-02-15,14:36:00,2024-03-05,1.4,1.4,1.4,1.4,0,0,1
FINNIFTY05MAR2418800PE.NFO,2024-02-15,14:37:00,2024-03-05,1.4,1.4,1.4,1.4,0,0,1
FINNIFTY05MAR2418800PE.NFO,2024-02-15,14:38:00,2024-03-05,1.4,1.4,1.4,1.4,0,0,1
FINNIFTY05MAR2418800PE.NFO,2024-02-15,14:39:00,2024-03-05,1.4,1.4,1.4,1.4,0,0,1
FINNIFTY05MAR2418800PE.NFO,2024-02-15,14:40:00,2024-03-05,1.4,1.4,1.4,1.4,0,0,1
FINNIFTY05MAR2418800PE.NFO,2024-02-15,14:41:00,2024-03-05,1.4,1.4,1.4,1.4,0,0,1
FINNIFTY05MAR2418800PE.NFO,2024-02-15,14:42:00,2024-03-05,1.4,1.4,1.4,1.4,0,0,1
FINNIFTY05MAR2418800PE.NFO,2024-02-15,14:43:00,2024-03-05,1.4,1.4,1.4,1.4,0,0,1
FINNIFTY05MAR2418800PE.NFO,2024-02-15,14:44:00,2024-03-05,1.4,1.4,1.4,1.4,0,0,1
FINNIFTY05MAR2418800PE.NFO,2024-02-15,14:45:00,2024-03-05,1.4,1.4,1.4,1.4,0,0,1
FINNIFTY05MAR2418800PE.NFO,2024-02-15,14:46:00,2024-03-05,1.4,1.4,1.4,1.4,0,0,1
FINNIFTY05MAR2418800PE.NFO,2024-02-15,14:47:00,2024-03-05,1.4,1.4,1.4,1.4,0,0,1
FINNIFTY05MAR2418800PE.NFO,2024-02-15,14:48:00,2024-03-05,1.4,1.4,1.4,1.4,0,0,1
FINNIFTY05MAR2418800PE.NFO,2024-02-15,14:49:00,2024-03-05,1.4,1.4,1.4,1.4,0,0,1
FINNIFTY05MAR2418800PE.NFO,2024-02-15,14:50:00,2024-03-05,1.4,1.4,1.4,1.4,0,0,1
FINNIFTY05MAR2418800PE.NFO,2024-02-15,14:51:00,2024-03-05,1.4,1.4,1.4,1.4,0,0,1
FINNIFTY05MAR2418800PE.NFO,2024-02-15,14:52:00,2024-03-05,1.4,1.4,1.4,1.4,0,0,1
FINNIFTY05MAR2418800PE.NFO,2024-02-15,14:53:00,2024-03-05,1.4,1.4,1.4,1.4,0,0,1
FINNIFTY05MAR2418800PE.NFO,2024-02-15,14:54:00,2024-03-05,1.4,1.4,1.4,1.4,0,0,1
FINNIFTY05MAR2418800PE.NFO,2024-02-15,14:55:00,2024-03-05,1.4,1.4,1.4,1.4,0,0,1
FINNIFTY05MAR2418800PE.NFO,2024-02-15,14:56:00,2024-03-05,1.4,1.4,1.4,1.4,0,0,1
FINNIFTY05MAR2418800PE.NFO,2024-02-15,14:57:00,2024-03-05,1.4,1.4,1.4,1.4,0,0,1
FINNIFTY05MAR2418800PE.NFO,2024-02-15,14:58:00,2024-03-05,1.4,1.4,1.4,1.4,0,0,1
FINNIFTY05MAR2418800PE.NFO,2024-02-15,14:59:00,2024-03-05,1.4,1.4,1.4,1.4,0,0,1
FINNIFTY05MAR2418800PE.NFO,2024-02-15,15:00:00,2024-03-05,1.4,1.4,1.4,1.4,0,0,1
FINNIFTY05MAR2418800PE.NFO,2024-02-15,15:01:00,2024-03-05,1.4,1.4,1.4,1.4,0,0,1
FINNIFTY05MAR2418800PE.NFO,2024-02-15,15:02:00,2024-03-05,1.4,1.4,1.4,1.4,0,0,1
FINNIFTY05MAR2418800PE.NFO,2024-02-15,15:03:00,2024-03-05,1.4,1.4,1.4,1.4,0,0,1
FINNIFTY05MAR2418800PE.NFO,2024-02-15,15:04:00,2024-03-05,1.4,1.4,1.4,1.4,0,0,1
FINNIFTY05MAR2418800PE.NFO,2024-02-15,15:05:00,2024-03-05,1.4,1.4,1.4,1.4,0,0,1
FINNIFTY05MAR2418800PE.NFO,2024-02-15,15:06:00,2024-03-05,1.4,1.4,1.4,1.4,0,0,1
FINNIFTY05MAR2418800PE.NFO,2024-02-15,15:07:00,2024-03-05,1.4,1.4,1.4,1.4,0,0,1
FINNIFTY05MAR2418800PE.NFO,2024-02-15,15:08:00,2024-03-05,1.4,1.4,1.4,1.4,0,0,1
FINNIFTY05MAR2418800PE.NFO,2024-02-15,15:09:00,2024-03-05,1.4,1.4,1.4,1.4,0,0,1
FINNIFTY05MAR2418800PE.NFO,2024-02-15,15:10:00,2024-03-05,1.4,1.4,1.4,1.4,0,0,1
FINNIFTY05MAR2418800PE.NFO,2024-02-15,15:11:00,2024-03-05,1.4,1.4,1.4,1.4,0,0,1
FINNIFTY05MAR2418800PE.NFO,2024-02-15,15:12:00,2024-03-05,1.4,1.4,1.4,1.4,0,0,1
FINNIFTY05MAR2418800PE.NFO,2024-02-15,15:13:00,2024-03-05,1.4,1.4,1.4,1.4,0,0,1
FINNIFTY05MAR2418800PE.NFO,2024-02-15,15:14:00,2024-03-05,1.4,1.4,1.4,1.4,0,0,1
FINNIFTY05MAR2418800PE.NFO,2024-02-15,15:15:00,2024-03-05,1.4,1.4,1.4,1.4,0,0,1
FINNIFTY05MAR2418800PE.NFO,2024-02-15,15:16:00,2024-03-05,1.4,1.4,1.4,1.4,0,0,1
FINNIFTY05MAR2418800PE.NFO,2024-02-15,15:17:00,2024-03-05,1.4,1.4,1.4,1.4,0,0,1
FINNIFTY05MAR2418800PE.NFO,2024-02-15,15:18:00,2024-03-05,1.4,1.4,1.4,1.4,0,0,1
FINNIFTY05MAR2418800PE.NFO,2024-02-15,15:19:00,2024-03-05,1.4,1.4,1.4,1.4,0,0,1
FINNIFTY05MAR2418800PE.NFO,2024-02-15,15:20:00,2024-03-05,1.4,1.4,1.4,1.4,0,0,1
FINNIFTY05MAR2418800PE.NFO,2024-02-15,15:21:00,2024-03-05,1.4,1.4,1.4,1.4,0,0,1
FINNIFTY05MAR2418800PE.NFO,2024-02-15,15:22:00,2024-03-05,1.4,1.4,1.4,1.4,0,0,1
FINNIFTY05MAR2418800PE.NFO,2024-02-15,15:23:00,2024-03-05,1.4,1.4,1.4,1.4,0,0,1
FINNIFTY05MAR2418800PE.NFO,2024-02-15,15:24:00,2024-03-05,1.4,1.4,1.4,1.4,0,0,1
FINNIFTY05MAR2418800PE.NFO,2024-02-15,15:25:00,2024-03-05,1.4,1.4,1.4,1.4,0,0,1
FINNIFTY05MAR2418800PE.NFO,2024-02-15,15:26:00,2024-03-05,1.4,1.4,1.4,1.4,0,0,1
FINNIFTY05MAR2418800PE.NFO,2024-02-15,15:27:00,2024-03-05,1.4,1.4,1.4,1.4,0,0,1
FINNIFTY05MAR2418800PE.NFO,2024-02-15,15:28:00,2024-03-05,1.4,1.4,1.4,1.4,0,0,1
FINNIFTY05MAR2418800PE.NFO,2024-02-15,15:29:00,2024-03-05,1.4,1.4,1.4,1.4,0,0,1
FINNIFTY05MAR2418800PE.NFO,2024-02-15,15:30:00,2024-03-05,1.4,1.4,1.4,1.4,0,0,1
FINNIFTY05MAR2418800PE.NFO,2024-02-26,09:15:00,2024-03-05,2.0,2.0,2.0,2.0,0,0,1
FINNIFTY05MAR2418800PE.NFO,2024-02-26,09:16:00,2024-03-05,2.0,2.0,2.0,2.0,0,0,1
FINNIFTY05MAR2418800PE.NFO,2024-02-26,09:17:00,2024-03-05,2.0,2.0,2.0,2.0,0,0,1
FINNIFTY05MAR2418800PE.NFO,2024-02-26,09:18:00,2024-03-05,2.0,2.0,2.0,2.0,0,0,1
FINNIFTY05MAR2418800PE.NFO,2024-02-26,09:19:00,2024-03-05,2.0,2.0,2.0,2.0,0,0,1
FINNIFTY05MAR2418800PE.NFO,2024-02-26,09:20:00,2024-03-05,2.0,2.0,2.0,2.0,0,0,1
FINNIFTY05MAR2418800PE.NFO,2024-02-26,09:21:00,2024-03-05,2.0,2.0,2.0,2.0,0,0,1
FINNIFTY05MAR2418800PE.NFO,2024-02-26,09:22:00,2024-03-05,2.0,2.0,2.0,2.0,0,0,1
FINNIFTY05MAR2418800PE.NFO,2024-02-26,09:23:00,2024-03-05,2.0,2.0,2.0,2.0,0,0,1
FINNIFTY05MAR2418800PE.NFO,2024-02-26,09:24:00,2024-03-05,2.0,2.0,2.0,2.0,0,0,1
FINNIFTY05MAR2418800PE.NFO,2024-02-26,09:25:00,2024-03-05,2.0,2.0,2.0,2.0,0,0,1
FINNIFTY05MAR2418800PE.NFO,2024-02-26,09:26:00,2024-03-05,2.0,2.0,2.0,2.0,0,0,1
FINNIFTY05MAR2418800PE.NFO,2024-02-26,09:27:00,2024-03-05,2.0,2.0,2.0,2.0,0,0,1
FINNIFTY05MAR2418800PE.NFO,2024-02-26,09:28:00,2024-03-05,2.0,2.0,2.0,2.0,0,0,1
FINNIFTY05MAR2418800PE.NFO,2024-02-26,09:29:00,2024-03-05,2.0,2.0,2.0,2.0,0,0,1
FINNIFTY05MAR2418800PE.NFO,2024-02-26,09:30:00,2024-03-05,2.0,2.0,2.0,2.0,0,0,1
FINNIFTY05MAR2418800PE.NFO,2024-02-26,09:31:00,2024-03-05,2.0,2.0,2.0,2.0,0,0,1
FINNIFTY05MAR2418800PE.NFO,2024-02-26,09:32:00,2024-03-05,2.0,2.0,2.0,2.0,0,0,1
FINNIFTY05MAR2418800PE.NFO,2024-02-26,09:33:00,2024-03-05,2.0,2.0,2.0,2.0,0,0,1
FINNIFTY05MAR2418800PE.NFO,2024-02-26,09:34:00,2024-03-05,2.0,2.0,2.0,2.0,0,0,1
FINNIFTY05MAR2418800PE.NFO,2024-02-26,09:35:00,2024-03-05,2.0,2.0,2.0,2.0,0,0,1
FINNIFTY05MAR2418800PE.NFO,2024-02-26,09:36:00,2024-03-05,2.0,2.0,2.0,2.0,0,0,1
FINNIFTY05MAR2418800PE.NFO,2024-02-26,09:37:00,2024-03-05,2.0,2.0,2.0,2.0,0,0,1
FINNIFTY05MAR2418800PE.NFO,2024-02-26,09:38:00,2024-03-05,2.0,2.0,2.0,2.0,0,0,1
FINNIFTY05MAR2418800PE.NFO,2024-02-26,09:39:00,2024-03-05,2.0,2.0,2.0,2.0,0,0,1
FINNIFTY05MAR2418800PE.NFO,2024-02-26,09:40:00,2024-03-05,2.0,2.0,2.0,2.0,0,0,1
FINNIFTY05MAR2418800PE.NFO,2024-02-26,09:41:00,2024-03-05,2.0,2.0,2.0,2.0,0,0,1
FINNIFTY05MAR2418800PE.NFO,2024-02-26,09:42:00,2024-03-05,2.0,2.0,2.0,2.0,0,0,1
FINNIFTY05MAR2418800PE.NFO,2024-02-26,09:43:00,2024-03-05,2.0,2.0,2.0,2.0,0,0,1
FINNIFTY05MAR2418800PE.NFO,2024-02-26,09:44:00,2024-03-05,2.0,2.0,2.0,2.0,0,0,1
FINNIFTY05MAR2418800PE.NFO,2024-02-26,09:45:00,2024-03-05,2.0,2.0,2.0,2.0,0,0,1
FINNIFTY05MAR2418800PE.NFO,2024-02-26,09:46:00,2024-03-05,2.0,2.0,2.0,2.0,0,0,1
FINNIFTY05MAR2418800PE.NFO,2024-02-26,09:47:00,2024-03-05,2.0,2.0,2.0,2.0,0,0,1
FINNIFTY05MAR2418800PE.NFO,2024-02-26,09:48:00,2024-03-05,2.0,2.0,2.0,2.0,0,0,1
FINNIFTY05MAR2418800PE.NFO,2024-02-26,09:49:00,2024-03-05,2.0,2.0,2.0,2.0,0,0,1
FINNIFTY05MAR2418800PE.NFO,2024-02-26,09:50:00,2024-03-05,2.0,2.0,2.0,2.0,0,0,1
FINNIFTY05MAR2418800PE.NFO,2024-02-26,09:51:00,2024-03-05,2.0,2.0,2.0,2.0,0,0,1
FINNIFTY05MAR2418800PE.NFO,2024-02-26,09:52:00,2024-03-05,2.0,2.0,2.0,2.0,0,0,1
FINNIFTY05MAR2418800PE.NFO,2024-02-26,09:53:00,2024-03-05,2.0,2.0,2.0,2.0,0,0,1
FINNIFTY05MAR2418800PE.NFO,2024-02-26,09:54:00,2024-03-05,2.0,2.0,2.0,2.0,0,0,1
FINNIFTY05MAR2418800PE.NFO,2024-02-26,09:55:00,2024-03-05,2.0,2.0,2.0,2.0,0,0,1
FINNIFTY05MAR2418800PE.NFO,2024-02-26,09:56:00,2024-03-05,2.0,2.0,2.0,2.0,0,0,1
FINNIFTY05MAR2418800PE.NFO,2024-02-26,09:57:00,2024-03-05,2.0,2.0,2.0,2.0,0,0,1
FINNIFTY05MAR2418800PE.NFO,2024-02-26,09:58:00,2024-03-05,2.0,2.0,2.0,2.0,0,0,1
FINNIFTY05MAR2418800PE.NFO,2024-02-26,09:59:00,2024-03-05,2.0,2.0,2.0,2.0,0,0,1
FINNIFTY05MAR2418800PE.NFO,2024-02-26,10:00:00,2024-03-05,2.0,2.0,2.0,2.0,0,0,1
FINNIFTY05MAR2418800PE.NFO,2024-02-26,10:01:00,2024-03-05,2.0,2.0,2.0,2.0,0,0,1
FINNIFTY05MAR2418800PE.NFO,2024-02-26,10:02:00,2024-03-05,2.0,2.0,2.0,2.0,0,0,1
FINNIFTY05MAR2418800PE.NFO,2024-02-26,10:03:00,2024-03-05,2.0,2.0,2.0,2.0,0,0,1
FINNIFTY05MAR2418800PE.NFO,2024-02-26,10:04:00,2024-03-05,2.0,2.0,2.0,2.0,0,0,1
FINNIFTY05MAR2418800PE.NFO,2024-02-26,10:05:00,2024-03-05,2.0,2.0,2.0,2.0,0,0,1
FINNIFTY05MAR2418800PE.NFO,2024-02-26,10:06:00,2024-03-05,2.0,2.0,2.0,2.0,0,0,1
FINNIFTY05MAR2418800PE.NFO,2024-02-26,10:07:00,2024-03-05,2.0,2.0,2.0,2.0,0,0,1
FINNIFTY05MAR2418800PE.NFO,2024-02-26,10:08:00,2024-03-05,2.0,2.0,2.0,2.0,0,0,1
FINNIFTY05MAR2418800PE.NFO,2024-02-26,10:09:00,2024-03-05,2.0,2.0,2.0,2.0,0,0,1
FINNIFTY05MAR2418800PE.NFO,2024-02-26,10:10:00,2024-03-05,2.0,2.0,2.0,2.0,0,0,1
FINNIFTY05MAR2418800PE.NFO,2024-02-26,10:11:00,2024-03-05,2.0,2.0,2.0,2.0,0,0,1
FINNIFTY05MAR2418800PE.NFO,2024-02-26,10:12:00,2024-03-05,2.0,2.0,2.0,2.0,0,0,1
FINNIFTY05MAR2418800PE.NFO,2024-02-26,10:13:00,2024-03-05,2.0,2.0,2.0,2.0,0,0,1
FINNIFTY05MAR2418800PE.NFO,2024-02-26,10:14:00,2024-03-05,2.0,2.0,2.0,2.0,0,0,1
FINNIFTY05MAR2418800PE.NFO,2024-02-26,10:15:00,2024-03-05,2.0,2.0,2.0,2.0,0,0,1
FINNIFTY05MAR2418800PE.NFO,2024-02-26,10:16:00,2024-03-05,2.0,2.0,2.0,2.0,0,0,1
FINNIFTY05MAR2418800PE.NFO,2024-02-26,10:17:00,2024-03-05,2.0,2.0,2.0,2.0,0,0,1
FINNIFTY05MAR2418800PE.NFO,2024-02-26,10:18:00,2024-03-05,2.0,2.0,2.0,2.0,0,0,1
FINNIFTY05MAR2418800PE.NFO,2024-02-26,10:19:00,2024-03-05,2.0,2.0,2.0,2.0,0,0,1
FINNIFTY05MAR2418800PE.NFO,2024-02-26,10:20:00,2024-03-05,2.0,2.0,2.0,2.0,0,0,1
FINNIFTY05MAR2418800PE.NFO,2024-02-26,10:21:00,2024-03-05,2.0,2.0,2.0,2.0,0,0,1
FINNIFTY05MAR2418800PE.NFO,2024-02-26,10:22:00,2024-03-05,2.0,2.0,2.0,2.0,0,0,1
FINNIFTY05MAR2418800PE.NFO,2024-02-26,10:23:00,2024-03-05,2.0,2.0,2.0,2.0,0,0,1
FINNIFTY05MAR2418800PE.NFO,2024-02-26,10:24:00,2024-03-05,2.0,2.0,2.0,2.0,0,0,1
FINNIFTY05MAR2418800PE.NFO,2024-02-26,10:25:00,2024-03-05,2.0,2.0,2.0,2.0,0,0,1
FINNIFTY05MAR2418800PE.NFO,2024-02-26,10:26:00,2024-03-05,2.0,2.0,2.0,2.0,0,0,1
FINNIFTY05MAR2418800PE.NFO,2024-02-26,10:27:00,2024-03-05,2.0,2.0,2.0,2.0,0,0,1
FINNIFTY05MAR2418800PE.NFO,2024-02-26,10:28:00,2024-03-05,2.0,2.0,2.0,2.0,0,0,1
FINNIFTY05MAR2418800PE.NFO,2024-02-26,10:29:00,2024-03-05,2.0,2.0,2.0,2.0,0,0,1
FINNIFTY05MAR2418800PE.NFO,2024-02-26,10:30:00,2024-03-05,2.0,2.0,2.0,2.0,0,0,1
FINNIFTY05MAR2418800PE.NFO,2024-02-26,10:31:00,2024-03-05,2.0,2.0,2.0,2.0,0,0,1
FINNIFTY05MAR2418800PE.NFO,2024-02-26,10:32:00,2024-03-05,2.0,2.0,2.0,2.0,0,0,1
FINNIFTY05MAR2418800PE.NFO,2024-02-26,10:33:00,2024-03-05,2.0,2.0,2.0,2.0,0,0,1
FINNIFTY05MAR2418800PE.NFO,2024-02-26,10:34:00,2024-03-05,2.0,2.0,2.0,2.0,0,0,1
FINNIFTY05MAR2418800PE.NFO,2024-02-26,10:35:00,2024-03-05,2.0,2.0,2.0,2.0,0,0,1
FINNIFTY05MAR2418800PE.NFO,2024-02-26,10:36:00,2024-03-05,2.0,2.0,2.0,2.0,0,0,1
FINNIFTY05MAR2418800PE.NFO,2024-02-26,10:37:00,2024-03-05,2.0,2.0,2.0,2.0,0,0,1
FINNIFTY05MAR2418800PE.NFO,2024-02-26,10:38:00,2024-03-05,2.0,2.0,2.0,2.0,0,0,1
FINNIFTY05MAR2418800PE.NFO,2024-02-26,10:39:00,2024-03-05,2.0,2.0,2.0,2.0,0,0,1
FINNIFTY05MAR2418800PE.NFO,2024-02-26,10:40:00,2024-03-05,2.0,2.0,2.0,2.0,0,0,1
FINNIFTY05MAR2418800PE.NFO,2024-02-26,10:41:00,2024-03-05,2.0,2.0,2.0,2.0,0,0,1
FINNIFTY05MAR2418800PE.NFO,2024-02-26,10:42:00,2024-03-05,2.0,2.0,2.0,2.0,0,0,1
FINNIFTY05MAR2418800PE.NFO,2024-02-26,10:43:00,2024-03-05,2.0,2.0,2.0,2.0,0,0,1
FINNIFTY05MAR2418800PE.NFO,2024-02-26,10:44:00,2024-03-05,2.0,2.0,2.0,2.0,0,0,1
FINNIFTY05MAR2418800PE.NFO,2024-02-26,10:45:00,2024-03-05,2.0,2.0,2.0,2.0,0,0,1
FINNIFTY05MAR2418800PE.NFO,2024-02-26,10:46:00,2024-03-05,2.0,2.0,2.0,2.0,0,0,1
FINNIFTY05MAR2418800PE.NFO,2024-02-26,10:47:00,2024-03-05,2.0,2.0,2.0,2.0,0,0,1
FINNIFTY05MAR2418800PE.NFO,2024-02-26,10:48:00,2024-03-05,2.0,2.0,2.0,2.0,0,0,1
FINNIFTY05MAR2418800PE.NFO,2024-02-26,10:49:00,2024-03-05,2.0,2.0,2.0,2.0,0,0,1
FINNIFTY05MAR2418800PE.NFO,2024-02-26,10:50:00,2024-03-05,2.0,2.0,2.0,2.0,0,0,1
FINNIFTY05MAR2418800PE.NFO,2024-02-26,10:51:00,2024-03-05,2.0,2.0,2.0,2.0,0,0,1
FINNIFTY05MAR2418800PE.NFO,2024-02-26,10:52:00,2024-03-05,2.0,2.0,2.0,2.0,0,0,1
FINNIFTY05MAR2418800PE.NFO,2024-02-26,10:53:00,2024-03-05,2.0,2.0,2.0,2.0,0,0,1
FINNIFTY05MAR2418800PE.NFO,2024-02-26,10:54:00,2024-03-05,2.0,2.0,2.0,2.0,0,0,1
FINNIFTY05MAR2418800PE.NFO,2024-02-26,10:55:00,2024-03-05,2.0,2.0,2.0,2.0,0,0,1
FINNIFTY05MAR2418800PE.NFO,2024-02-26,10:56:00,2024-03-05,2.0,2.0,2.0,2.0,0,0,1
FINNIFTY05MAR2418800PE.NFO,2024-02-26,10:57:00,2024-03-05,2.0,2.0,2.0,2.0,0,0,1
FINNIFTY05MAR2418800PE.NFO,2024-02-26,10:58:00,2024-03-05,2.0,2.0,2.0,2.0,0,0,1
FINNIFTY05MAR2418800PE.NFO,2024-02-26,10:59:00,2024-03-05,2.0,2.0,2.0,2.0,0,0,1
FINNIFTY05MAR2418800PE.NFO,2024-02-26,11:00:00,2024-03-05,2.0,2.0,2.0,2.0,0,0,1
FINNIFTY05MAR2418800PE.NFO,2024-02-26,11:01:00,2024-03-05,2.0,2.0,2.0,2.0,0,0,1
FINNIFTY05MAR2418800PE.NFO,2024-02-26,11:02:00,2024-03-05,2.0,2.0,2.0,2.0,0,0,1
FINNIFTY05MAR2418800PE.NFO,2024-02-26,11:03:00,2024-03-05,2.0,2.0,2.0,2.0,0,0,1
FINNIFTY05MAR2418800PE.NFO,2024-02-26,11:04:00,2024-03-05,2.0,2.0,2.0,2.0,0,0,1
FINNIFTY05MAR2418800PE.NFO,2024-02-26,11:05:00,2024-03-05,2.0,2.0,2.0,2.0,0,0,1
FINNIFTY05MAR2418800PE.NFO,2024-02-26,11:06:00,2024-03-05,2.0,2.0,2.0,2.0,0,0,1
FINNIFTY05MAR2418800PE.NFO,2024-02-26,11:07:00,2024-03-05,2.0,2.0,2.0,2.0,0,0,1
FINNIFTY05MAR2418800PE.NFO,2024-02-26,11:08:00,2024-03-05,2.0,2.0,2.0,2.0,0,0,1
FINNIFTY05MAR2418800PE.NFO,2024-02-26,11:09:00,2024-03-05,2.0,2.0,2.0,2.0,0,0,1
FINNIFTY05MAR2418800PE.NFO,2024-02-26,11:10:00,2024-03-05,2.0,2.0,2.0,2.0,0,0,1
FINNIFTY05MAR2418800PE.NFO,2024-02-26,11:11:00,2024-03-05,2.0,2.0,2.0,2.0,0,0,1
FINNIFTY05MAR2418800PE.NFO,2024-02-26,11:12:00,2024-03-05,2.0,2.0,2.0,2.0,0,0,1
FINNIFTY05MAR2418800PE.NFO,2024-02-26,11:13:00,2024-03-05,2.0,2.0,2.0,2.0,0,0,1
FINNIFTY05MAR2418800PE.NFO,2024-02-26,11:14:00,2024-03-05,2.0,2.0,2.0,2.0,0,0,1
FINNIFTY05MAR2418800PE.NFO,2024-02-26,11:15:00,2024-03-05,2.0,2.0,2.0,2.0,0,0,1
FINNIFTY05MAR2418800PE.NFO,2024-02-26,11:16:00,2024-03-05,2.0,2.0,2.0,2.0,0,0,1
FINNIFTY05MAR2418800PE.NFO,2024-02-26,11:17:00,2024-03-05,2.0,2.0,2.0,2.0,0,0,1
FINNIFTY05MAR2418800PE.NFO,2024-02-26,11:18:00,2024-03-05,2.0,2.0,2.0,2.0,0,0,1
FINNIFTY05MAR2418800PE.NFO,2024-02-26,11:19:00,2024-03-05,2.0,2.0,2.0,2.0,0,0,1
FINNIFTY05MAR2418800PE.NFO,2024-02-26,11:20:00,2024-03-05,2.0,2.0,2.0,2.0,0,0,1
FINNIFTY05MAR2418800PE.NFO,2024-02-26,11:21:00,2024-03-05,2.0,2.0,2.0,2.0,0,0,1
FINNIFTY05MAR2418800PE.NFO,2024-02-26,11:22:00,2024-03-05,2.0,2.0,2.0,2.0,0,0,1
FINNIFTY05MAR2418800PE.NFO,2024-02-26,11:23:00,2024-03-05,2.0,2.0,2.0,2.0,0,0,1
FINNIFTY05MAR2418800PE.NFO,2024-02-26,11:24:00,2024-03-05,2.0,2.0,2.0,2.0,0,0,1
FINNIFTY05MAR2418800PE.NFO,2024-02-26,11:25:00,2024-03-05,2.0,2.0,2.0,2.0,0,0,1
FINNIFTY05MAR2418800PE.NFO,2024-02-26,11:26:00,2024-03-05,2.0,2.0,2.0,2.0,0,0,1
FINNIFTY05MAR2418800PE.NFO,2024-02-26,11:27:00,2024-03-05,2.0,2.0,2.0,2.0,0,0,1
FINNIFTY05MAR2418800PE.NFO,2024-02-26,11:28:00,2024-03-05,2.0,2.0,2.0,2.0,0,0,1
FINNIFTY05MAR2418800PE.NFO,2024-02-26,11:29:00,2024-03-05,2.0,2.0,2.0,2.0,0,0,1
FINNIFTY05MAR2418800PE.NFO,2024-02-26,11:30:00,2024-03-05,2.0,2.0,2.0,2.0,0,0,1
FINNIFTY05MAR2418800PE.NFO,2024-02-26,11:31:00,2024-03-05,2.0,2.0,2.0,2.0,0,0,1
FINNIFTY05MAR2418800PE.NFO,2024-02-26,11:32:00,2024-03-05,2.0,2.0,2.0,2.0,0,0,1
FINNIFTY05MAR2418800PE.NFO,2024-02-26,11:33:00,2024-03-05,2.0,2.0,2.0,2.0,0,0,1
FINNIFTY05MAR2418800PE.NFO,2024-02-26,11:34:00,2024-03-05,2.0,2.0,2.0,2.0,0,0,1
FINNIFTY05MAR2418800PE.NFO,2024-02-26,11:35:00,2024-03-05,2.0,2.0,2.0,2.0,0,0,1
FINNIFTY05MAR2418800PE.NFO,2024-02-26,11:36:00,2024-03-05,2.0,2.0,2.0,2.0,0,0,1
FINNIFTY05MAR2418800PE.NFO,2024-02-26,11:37:00,2024-03-05,2.0,2.0,2.0,2.0,0,0,1
FINNIFTY05MAR2418800PE.NFO,2024-02-26,11:38:00,2024-03-05,2.0,2.0,2.0,2.0,0,0,1
FINNIFTY05MAR2418800PE.NFO,2024-02-26,11:39:00,2024-03-05,2.0,2.0,2.0,2.0,0,0,1
FINNIFTY05MAR2418800PE.NFO,2024-02-26,11:40:00,2024-03-05,2.0,2.0,2.0,2.0,0,0,1
FINNIFTY05MAR2418800PE.NFO,2024-02-26,11:41:00,2024-03-05,2.0,2.0,2.0,2.0,0,0,1
FINNIFTY05MAR2418800PE.NFO,2024-02-26,11:42:00,2024-03-05,2.0,2.0,2.0,2.0,0,0,1
FINNIFTY05MAR2418800PE.NFO,2024-02-26,11:43:00,2024-03-05,2.0,2.0,2.0,2.0,0,0,1
FINNIFTY05MAR2418800PE.NFO,2024-02-26,11:44:00,2024-03-05,2.0,2.0,2.0,2.0,0,0,1
FINNIFTY05MAR2418800PE.NFO,2024-02-26,11:45:00,2024-03-05,2.0,2.0,2.0,2.0,0,0,1
FINNIFTY05MAR2418800PE.NFO,2024-02-26,11:46:00,2024-03-05,2.0,2.0,2.0,2.0,0,0,1
FINNIFTY05MAR2418800PE.NFO,2024-02-26,11:47:00,2024-03-05,2.0,2.0,2.0,2.0,0,0,1
FINNIFTY05MAR2418800PE.NFO,2024-02-26,11:48:00,2024-03-05,2.0,2.0,2.0,2.0,0,0,1
FINNIFTY05MAR2418800PE.NFO,2024-02-26,11:49:00,2024-03-05,2.0,2.0,2.0,2.0,0,0,1
FINNIFTY05MAR2418800PE.NFO,2024-02-26,11:50:00,2024-03-05,2.0,2.0,2.0,2.0,0,0,1
FINNIFTY05MAR2418800PE.NFO,2024-02-26,11:51:00,2024-03-05,2.0,2.0,2.0,2.0,0,0,1
FINNIFTY05MAR2418800PE.NFO,2024-02-26,11:52:00,2024-03-05,2.0,2.0,2.0,2.0,0,0,1
FINNIFTY05MAR2418800PE.NFO,2024-02-26,11:53:00,2024-03-05,2.0,2.0,2.0,2.0,0,0,1
FINNIFTY05MAR2418800PE.NFO,2024-02-26,11:54:00,2024-03-05,2.0,2.0,2.0,2.0,0,0,1
FINNIFTY05MAR2418800PE.NFO,2024-02-26,11:55:00,2024-03-05,2.0,2.0,2.0,2.0,0,0,1
FINNIFTY05MAR2418800PE.NFO,2024-02-26,11:56:00,2024-03-05,2.0,2.0,2.0,2.0,0,0,1
FINNIFTY05MAR2418800PE.NFO,2024-02-26,11:57:00,2024-03-05,2.0,2.0,2.0,2.0,0,0,1
FINNIFTY05MAR2418800PE.NFO,2024-02-26,11:58:00,2024-03-05,2.0,2.0,2.0,2.0,0,0,1
FINNIFTY05MAR2418800PE.NFO,2024-02-26,11:59:00,2024-03-05,2.0,2.0,2.0,2.0,0,0,1
FINNIFTY05MAR2418800PE.NFO,2024-02-26,12:00:00,2024-03-05,2.0,2.0,2.0,2.0,0,0,1
FINNIFTY05MAR2418800PE.NFO,2024-02-26,12:01:00,2024-03-05,2.0,2.0,2.0,2.0,0,0,1
FINNIFTY05MAR2418800PE.NFO,2024-02-26,12:02:00,2024-03-05,2.0,2.0,2.0,2.0,0,0,1
FINNIFTY05MAR2418800PE.NFO,2024-02-26,12:03:00,2024-03-05,2.0,2.0,2.0,2.0,0,0,1
FINNIFTY05MAR2418800PE.NFO,2024-02-26,12:04:00,2024-03-05,2.0,2.0,2.0,2.0,0,0,1
FINNIFTY05MAR2418800PE.NFO,2024-02-26,12:05:00,2024-03-05,2.0,2.0,2.0,2.0,0,0,1
FINNIFTY05MAR2418800PE.NFO,2024-02-26,12:06:00,2024-03-05,2.0,2.0,2.0,2.0,0,0,1
FINNIFTY05MAR2418800PE.NFO,2024-02-26,12:07:00,2024-03-05,2.0,2.0,2.0,2.0,0,0,1
FINNIFTY05MAR2418800PE.NFO,2024-02-26,12:08:00,2024-03-05,2.0,2.0,2.0,2.0,0,0,1
FINNIFTY05MAR2418800PE.NFO,2024-02-26,12:09:00,2024-03-05,2.0,2.0,2.0,2.0,0,0,1
FINNIFTY05MAR2418800PE.NFO,2024-02-26,12:10:00,2024-03-05,2.0,2.0,2.0,2.0,0,0,1
FINNIFTY05MAR2418800PE.NFO,2024-02-26,12:11:00,2024-03-05,2.0,2.0,2.0,2.0,0,0,1
FINNIFTY05MAR2418800PE.NFO,2024-02-26,12:12:00,2024-03-05,2.0,2.0,2.0,2.0,0,0,1
FINNIFTY05MAR2418800PE.NFO,2024-02-26,12:13:00,2024-03-05,2.0,2.0,2.0,2.0,0,0,1
FINNIFTY05MAR2418800PE.NFO,2024-02-26,12:14:00,2024-03-05,2.0,2.0,2.0,2.0,0,0,1
FINNIFTY05MAR2418800PE.NFO,2024-02-26,12:15:00,2024-03-05,2.0,2.0,2.0,2.0,0,0,1
FINNIFTY05MAR2418800PE.NFO,2024-02-26,12:16:00,2024-03-05,2.0,2.0,2.0,2.0,0,0,1
FINNIFTY05MAR2418800PE.NFO,2024-02-26,12:17:00,2024-03-05,2.0,2.0,2.0,2.0,0,0,1
FINNIFTY05MAR2418800PE.NFO,2024-02-26,12:18:00,2024-03-05,2.0,2.0,2.0,2.0,0,0,1
FINNIFTY05MAR2418800PE.NFO,2024-02-26,12:19:00,2024-03-05,2.0,2.0,2.0,2.0,0,0,1
FINNIFTY05MAR2418800PE.NFO,2024-02-26,12:20:00,2024-03-05,2.0,2.0,2.0,2.0,0,0,1
FINNIFTY05MAR2418800PE.NFO,2024-02-26,12:21:00,2024-03-05,2.0,2.0,2.0,2.0,0,0,1
FINNIFTY05MAR2418800PE.NFO,2024-02-26,12:22:00,2024-03-05,2.0,2.0,2.0,2.0,0,0,1
FINNIFTY05MAR2418800PE.NFO,2024-02-26,12:23:00,2024-03-05,2.0,2.0,2.0,2.0,0,0,1
FINNIFTY05MAR2418800PE.NFO,2024-02-26,12:24:00,2024-03-05,2.0,2.0,2.0,2.0,0,0,1
FINNIFTY05MAR2418800PE.NFO,2024-02-26,12:25:00,2024-03-05,2.0,2.0,2.0,2.0,0,0,1
FINNIFTY05MAR2418800PE.NFO,2024-02-26,12:26:00,2024-03-05,2.0,2.0,2.0,2.0,0,0,1
FINNIFTY05MAR2418800PE.NFO,2024-02-26,12:27:00,2024-03-05,2.0,2.0,2.0,2.0,0,0,1
FINNIFTY05MAR2418800PE.NFO,2024-02-26,12:28:00,2024-03-05,2.0,2.0,2.0,2.0,0,0,1
FINNIFTY05MAR2418800PE.NFO,2024-02-26,12:29:00,2024-03-05,2.0,2.0,2.0,2.0,0,0,1
FINNIFTY05MAR2418800PE.NFO,2024-02-26,12:30:00,2024-03-05,2.0,2.0,2.0,2.0,0,0,1
FINNIFTY05MAR2418800PE.NFO,2024-02-26,12:31:00,2024-03-05,2.0,2.0,2.0,2.0,0,0,1
FINNIFTY05MAR2418800PE.NFO,2024-02-26,12:32:00,2024-03-05,2.0,2.0,2.0,2.0,0,0,1
FINNIFTY05MAR2418800PE.NFO,2024-02-26,12:33:00,2024-03-05,2.0,2.0,2.0,2.0,0,0,1
FINNIFTY05MAR2418800PE.NFO,2024-02-26,12:34:00,2024-03-05,2.0,2.0,2.0,2.0,0,0,1
FINNIFTY05MAR2418800PE.NFO,2024-02-26,12:35:00,2024-03-05,2.0,2.0,2.0,2.0,0,0,1
FINNIFTY05MAR2418800PE.NFO,2024-02-26,12:36:00,2024-03-05,2.0,2.0,2.0,2.0,0,0,1
FINNIFTY05MAR2418800PE.NFO,2024-02-26,12:37:00,2024-03-05,2.0,2.0,2.0,2.0,0,0,1
FINNIFTY05MAR2418800PE.NFO,2024-02-26,12:38:00,2024-03-05,2.0,2.0,2.0,2.0,0,0,1
FINNIFTY05MAR2418800PE.NFO,2024-02-26,12:39:00,2024-03-05,2.0,2.0,2.0,2.0,0,0,1
FINNIFTY05MAR2418800PE.NFO,2024-02-26,12:40:00,2024-03-05,2.0,2.0,2.0,2.0,0,0,1
FINNIFTY05MAR2418800PE.NFO,2024-02-26,12:41:00,2024-03-05,2.0,2.0,2.0,2.0,0,0,1
FINNIFTY05MAR2418800PE.NFO,2024-02-26,12:42:00,2024-03-05,2.0,2.0,2.0,2.0,0,0,1
FINNIFTY05MAR2418800PE.NFO,2024-02-26,12:43:00,2024-03-05,2.0,2.0,2.0,2.0,0,0,1
FINNIFTY05MAR2418800PE.NFO,2024-02-26,12:44:00,2024-03-05,2.0,2.0,2.0,2.0,0,0,1
FINNIFTY05MAR2418800PE.NFO,2024-02-26,12:45:00,2024-03-05,2.0,2.0,2.0,2.0,0,0,1
FINNIFTY05MAR2418800PE.NFO,2024-02-26,12:46:00,2024-03-05,2.0,2.0,2.0,2.0,0,0,1
FINNIFTY05MAR2418800PE.NFO,2024-02-26,12:47:00,2024-03-05,2.0,2.0,2.0,2.0,0,0,1
FINNIFTY05MAR2418800PE.NFO,2024-02-26,12:48:00,2024-03-05,2.0,2.0,2.0,2.0,0,0,1
FINNIFTY05MAR2418800PE.NFO,2024-02-26,12:49:00,2024-03-05,2.0,2.0,2.0,2.0,0,0,1
FINNIFTY05MAR2418800PE.NFO,2024-02-26,12:50:00,2024-03-05,2.0,2.0,2.0,2.0,0,0,1
FINNIFTY05MAR2418800PE.NFO,2024-02-26,12:51:00,2024-03-05,2.0,2.0,2.0,2.0,0,0,1
FINNIFTY05MAR2418800PE.NFO,2024-02-26,12:52:00,2024-03-05,2.0,2.0,2.0,2.0,0,0,1
FINNIFTY05MAR2418800PE.NFO,2024-02-26,12:53:00,2024-03-05,2.0,2.0,2.0,2.0,0,0,1
FINNIFTY05MAR2418800PE.NFO,2024-02-26,12:54:00,2024-03-05,2.0,2.0,2.0,2.0,0,0,1
FINNIFTY05MAR2418800PE.NFO,2024-02-26,12:55:00,2024-03-05,2.0,2.0,2.0,2.0,0,0,1
FINNIFTY05MAR2418800PE.NFO,2024-02-26,12:56:00,2024-03-05,2.0,2.0,2.0,2.0,0,0,1
FINNIFTY05MAR2418800PE.NFO,2024-02-26,12:57:00,2024-03-05,2.0,2.0,2.0,2.0,0,0,1
FINNIFTY05MAR2418800PE.NFO,2024-02-26,12:58:00,2024-03-05,2.0,2.0,2.0,2.0,0,0,1
FINNIFTY05MAR2418800PE.NFO,2024-02-26,12:59:00,2024-03-05,2.0,2.0,2.0,2.0,0,0,1
FINNIFTY05MAR2418800PE.NFO,2024-02-26,13:00:00,2024-03-05,2.0,2.0,2.0,2.0,0,0,1
FINNIFTY05MAR2418800PE.NFO,2024-02-26,13:01:00,2024-03-05,2.0,2.0,2.0,2.0,0,0,1
FINNIFTY05MAR2418800PE.NFO,2024-02-26,13:02:00,2024-03-05,2.0,2.0,2.0,2.0,0,0,1
FINNIFTY05MAR2418800PE.NFO,2024-02-26,13:03:00,2024-03-05,2.0,2.0,2.0,2.0,0,0,1
FINNIFTY05MAR2418800PE.NFO,2024-02-26,13:04:00,2024-03-05,2.0,2.0,2.0,2.0,0,0,1
FINNIFTY05MAR2418800PE.NFO,2024-02-26,13:05:00,2024-03-05,2.0,2.0,2.0,2.0,0,0,1
FINNIFTY05MAR2418800PE.NFO,2024-02-26,13:06:00,2024-03-05,2.0,2.0,2.0,2.0,0,0,1
FINNIFTY05MAR2418800PE.NFO,2024-02-26,13:07:00,2024-03-05,2.0,2.0,2.0,2.0,0,0,1
FINNIFTY05MAR2418800PE.NFO,2024-02-26,13:08:00,2024-03-05,2.0,2.0,2.0,2.0,0,0,1
FINNIFTY05MAR2418800PE.NFO,2024-02-26,13:09:00,2024-03-05,2.0,2.0,2.0,2.0,0,0,1
FINNIFTY05MAR2418800PE.NFO,2024-02-26,13:10:00,2024-03-05,2.0,2.0,2.0,2.0,0,0,1
FINNIFTY05MAR2418800PE.NFO,2024-02-26,13:11:00,2024-03-05,2.0,2.0,2.0,2.0,0,0,1
FINNIFTY05MAR2418800PE.NFO,2024-02-26,13:12:00,2024-03-05,2.0,2.0,2.0,2.0,0,0,1
FINNIFTY05MAR2418800PE.NFO,2024-02-26,13:13:00,2024-03-05,2.0,2.0,2.0,2.0,0,0,1
FINNIFTY05MAR2418800PE.NFO,2024-02-26,13:14:00,2024-03-05,2.0,2.0,2.0,2.0,0,0,1
FINNIFTY05MAR2418800PE.NFO,2024-02-26,13:15:00,2024-03-05,2.0,2.0,2.0,2.0,0,0,1
FINNIFTY05MAR2418800PE.NFO,2024-02-26,13:16:00,2024-03-05,2.0,2.0,2.0,2.0,0,0,1
FINNIFTY05MAR2418800PE.NFO,2024-02-26,13:17:00,2024-03-05,2.0,2.0,2.0,2.0,0,0,1
FINNIFTY05MAR2418800PE.NFO,2024-02-26,13:18:00,2024-03-05,2.0,2.0,2.0,2.0,0,0,1
FINNIFTY05MAR2418800PE.NFO,2024-02-26,13:19:00,2024-03-05,2.0,2.0,2.0,2.0,0,0,1
FINNIFTY05MAR2418800PE.NFO,2024-02-26,13:20:00,2024-03-05,2.0,2.0,2.0,2.0,0,0,1
FINNIFTY05MAR2418800PE.NFO,2024-02-26,13:21:00,2024-03-05,2.0,2.0,2.0,2.0,0,0,1
FINNIFTY05MAR2418800PE.NFO,2024-02-26,13:22:00,2024-03-05,2.0,2.0,2.0,2.0,0,0,1
FINNIFTY05MAR2418800PE.NFO,2024-02-26,13:23:00,2024-03-05,2.0,2.0,2.0,2.0,0,0,1
FINNIFTY05MAR2418800PE.NFO,2024-02-26,13:24:00,2024-03-05,2.0,2.0,2.0,2.0,0,0,1
FINNIFTY05MAR2418800PE.NFO,2024-02-26,13:25:00,2024-03-05,2.0,2.0,2.0,2.0,0,0,1
FINNIFTY05MAR2418800PE.NFO,2024-02-26,13:26:00,2024-03-05,2.0,2.0,2.0,2.0,0,0,1
FINNIFTY05MAR2418800PE.NFO,2024-02-26,13:27:00,2024-03-05,2.0,2.0,2.0,2.0,0,0,1
FINNIFTY05MAR2418800PE.NFO,2024-02-26,13:28:00,2024-03-05,2.0,2.0,2.0,2.0,0,0,1
FINNIFTY05MAR2418800PE.NFO,2024-02-26,13:29:00,2024-03-05,2.0,2.0,2.0,2.0,0,0,1
FINNIFTY05MAR2418800PE.NFO,2024-02-26,13:30:00,2024-03-05,2.0,2.0,2.0,2.0,0,0,1
FINNIFTY05MAR2418800PE.NFO,2024-02-26,13:31:00,2024-03-05,2.0,2.0,2.0,2.0,0,0,1
FINNIFTY05MAR2418800PE.NFO,2024-02-26,13:32:00,2024-03-05,2.0,2.0,2.0,2.0,0,0,1
FINNIFTY05MAR2418800PE.NFO,2024-02-26,13:33:00,2024-03-05,2.0,2.0,2.0,2.0,0,0,1
FINNIFTY05MAR2418800PE.NFO,2024-02-26,13:34:00,2024-03-05,2.0,2.0,2.0,2.0,0,0,1
FINNIFTY05MAR2418800PE.NFO,2024-02-26,13:35:00,2024-03-05,2.0,2.0,2.0,2.0,0,0,1
FINNIFTY05MAR2418800PE.NFO,2024-02-26,13:36:00,2024-03-05,2.0,2.0,2.0,2.0,0,0,1
FINNIFTY05MAR2418800PE.NFO,2024-02-26,13:37:00,2024-03-05,2.0,2.0,2.0,2.0,0,0,1
FINNIFTY05MAR2418800PE.NFO,2024-02-26,13:38:00,2024-03-05,2.0,2.0,2.0,2.0,0,0,1
FINNIFTY05MAR2418800PE.NFO,2024-02-26,13:39:00,2024-03-05,2.0,2.0,2.0,2.0,0,0,1
FINNIFTY05MAR2418800PE.NFO,2024-02-26,13:40:00,2024-03-05,2.0,2.0,2.0,2.0,0,0,1
FINNIFTY05MAR2418800PE.NFO,2024-02-26,13:41:00,2024-03-05,2.0,2.0,2.0,2.0,0,0,1
FINNIFTY05MAR2418800PE.NFO,2024-02-26,13:42:00,2024-03-05,2.0,2.0,2.0,2.0,0,0,1
FINNIFTY05MAR2418800PE.NFO,2024-02-26,13:43:00,2024-03-05,2.0,2.0,2.0,2.0,0,0,1
FINNIFTY05MAR2418800PE.NFO,2024-02-26,13:44:00,2024-03-05,2.0,2.0,2.0,2.0,0,0,1
FINNIFTY05MAR2418800PE.NFO,2024-02-26,13:45:00,2024-03-05,2.0,2.0,2.0,2.0,0,0,1
FINNIFTY05MAR2418800PE.NFO,2024-02-26,13:46:00,2024-03-05,2.0,2.0,2.0,2.0,0,0,1
FINNIFTY05MAR2418800PE.NFO,2024-02-26,13:47:00,2024-03-05,2.0,2.0,2.0,2.0,0,0,1
FINNIFTY05MAR2418800PE.NFO,2024-02-26,13:48:00,2024-03-05,2.0,2.0,2.0,2.0,0,0,1
FINNIFTY05MAR2418800PE.NFO,2024-02-26,13:49:00,2024-03-05,2.0,2.0,2.0,2.0,0,0,1
FINNIFTY05MAR2418800PE.NFO,2024-02-26,13:50:00,2024-03-05,2.0,2.0,2.0,2.0,0,0,1
FINNIFTY05MAR2418800PE.NFO,2024-02-26,13:51:00,2024-03-05,2.0,2.0,2.0,2.0,0,0,1
FINNIFTY05MAR2418800PE.NFO,2024-02-26,13:52:00,2024-03-05,2.0,2.0,2.0,2.0,0,0,1
FINNIFTY05MAR2418800PE.NFO,2024-02-26,13:53:00,2024-03-05,2.0,2.0,2.0,2.0,0,0,1
FINNIFTY05MAR2418800PE.NFO,2024-02-26,13:54:00,2024-03-05,2.0,2.0,2.0,2.0,0,0,1
FINNIFTY05MAR2418800PE.NFO,2024-02-26,13:55:00,2024-03-05,2.0,2.0,2.0,2.0,0,0,1
FINNIFTY05MAR2418800PE.NFO,2024-02-26,13:56:00,2024-03-05,2.0,2.0,2.0,2.0,0,0,0
FINNIFTY05MAR2418800PE.NFO,2024-02-26,13:57:00,2024-03-05,2.55,2.55,2.55,2.55,40,0,0
FINNIFTY05MAR2418800PE.NFO,2024-02-26,13:58:00,2024-03-05,2.55,2.55,2.55,2.55,40,0,1
FINNIFTY05MAR2418800PE.NFO,2024-02-26,13:59:00,2024-03-05,2.55,2.55,2.55,2.55,40,0,1
FINNIFTY05MAR2418800PE.NFO,2024-02-26,14:00:00,2024-03-05,2.55,2.55,2.55,2.55,0,0,0
FINNIFTY05MAR2418800PE.NFO,2024-02-26,14:01:00,2024-03-05,2.55,2.55,2.55,2.55,0,0,0
FINNIFTY05MAR2418800PE.NFO,2024-02-26,14:02:00,2024-03-05,2.55,2.55,2.55,2.55,0,0,0
FINNIFTY05MAR2418800PE.NFO,2024-02-26,14:03:00,2024-03-05,2.55,2.55,2.55,2.55,0,0,1
FINNIFTY05MAR2418800PE.NFO,2024-02-26,14:04:00,2024-03-05,2.55,2.55,2.55,2.55,0,0,1
FINNIFTY05MAR2418800PE.NFO,2024-02-26,14:05:00,2024-03-05,2.55,2.55,2.55,2.55,0,0,1
FINNIFTY05MAR2418800PE.NFO,2024-02-26,14:06:00,2024-03-05,2.55,2.55,2.55,2.55,0,0,1
FINNIFTY05MAR2418800PE.NFO,2024-02-26,14:07:00,2024-03-05,2.55,2.55,2.55,2.55,0,0,1
FINNIFTY05MAR2418800PE.NFO,2024-02-26,14:08:00,2024-03-05,2.55,2.55,2.55,2.55,0,0,1
FINNIFTY05MAR2418800PE.NFO,2024-02-26,14:09:00,2024-03-05,2.55,2.55,2.55,2.55,0,0,0
FINNIFTY05MAR2418800PE.NFO,2024-02-26,14:10:00,2024-03-05,2.55,2.55,2.55,2.55,0,0,1
FINNIFTY05MAR2418800PE.NFO,2024-02-26,14:11:00,2024-03-05,2.55,2.55,2.55,2.55,0,0,1
FINNIFTY05MAR2418800PE.NFO,2024-02-26,14:12:00,2024-03-05,2.55,2.55,2.55,2.55,0,0,0
FINNIFTY05MAR2418800PE.NFO,2024-02-26,14:13:00,2024-03-05,2.55,2.55,2.55,2.55,0,0,1
FINNIFTY05MAR2418800PE.NFO,2024-02-26,14:14:00,2024-03-05,2.55,2.55,2.55,2.55,0,0,1
FINNIFTY05MAR2418800PE.NFO,2024-02-26,14:15:00,2024-03-05,2.55,2.55,2.55,2.55,0,0,1
FINNIFTY05MAR2418800PE.NFO,2024-02-26,14:16:00,2024-03-05,2.55,2.55,2.55,2.55,0,0,0
FINNIFTY05MAR2418800PE.NFO,2024-02-26,14:17:00,2024-03-05,2.55,2.55,2.55,2.55,0,0,0
FINNIFTY05MAR2418800PE.NFO,2024-02-26,14:18:00,2024-03-05,2.55,2.55,2.55,2.55,0,0,1
FINNIFTY05MAR2418800PE.NFO,2024-02-26,14:19:00,2024-03-05,2.55,2.55,2.55,2.55,0,0,1
FINNIFTY05MAR2418800PE.NFO,2024-02-26,14:20:00,2024-03-05,2.55,2.55,2.55,2.55,0,0,1
FINNIFTY05MAR2418800PE.NFO,2024-02-26,14:21:00,2024-03-05,2.55,2.55,2.55,2.55,0,0,1
FINNIFTY05MAR2418800PE.NFO,2024-02-26,14:22:00,2024-03-05,2.55,2.55,2.55,2.55,0,0,1
FINNIFTY05MAR2418800PE.NFO,2024-02-26,14:23:00,2024-03-05,2.55,2.55,2.55,2.55,0,0,1
FINNIFTY05MAR2418800PE.NFO,2024-02-26,14:24:00,2024-03-05,2.55,2.55,2.55,2.55,0,0,1
FINNIFTY05MAR2418800PE.NFO,2024-02-26,14:25:00,2024-03-05,2.55,2.55,2.55,2.55,0,0,1
FINNIFTY05MAR2418800PE.NFO,2024-02-26,14:26:00,2024-03-05,2.55,2.55,2.55,2.55,0,0,1
FINNIFTY05MAR2418800PE.NFO,2024-02-26,14:27:00,2024-03-05,2.55,2.55,2.55,2.55,0,0,0
FINNIFTY05MAR2418800PE.NFO,2024-02-26,14:28:00,2024-03-05,2.55,2.55,2.55,2.55,0,0,0
FINNIFTY05MAR2418800PE.NFO,2024-02-26,14:29:00,2024-03-05,2.55,2.55,2.55,2.55,0,0,1
FINNIFTY05MAR2418800PE.NFO,2024-02-26,14:30:00,2024-03-05,2.55,2.55,2.55,2.55,0,0,1
FINNIFTY05MAR2418800PE.NFO,2024-02-26,14:31:00,2024-03-05,2.55,2.55,2.55,2.55,0,0,1
FINNIFTY05MAR2418800PE.NFO,2024-02-26,14:32:00,2024-03-05,2.55,2.55,2.55,2.55,0,0,1
FINNIFTY05MAR2418800PE.NFO,2024-02-26,14:33:00,2024-03-05,2.55,2.55,2.55,2.55,0,0,1
FINNIFTY05MAR2418800PE.NFO,2024-02-26,14:34:00,2024-03-05,2.55,2.55,2.55,2.55,0,0,1
FINNIFTY05MAR2418800PE.NFO,2024-02-26,14:35:00,2024-03-05,2.55,2.55,2.55,2.55,0,0,1
FINNIFTY05MAR2418800PE.NFO,2024-02-26,14:36:00,2024-03-05,2.55,2.55,2.55,2.55,0,0,1
FINNIFTY05MAR2418800PE.NFO,2024-02-26,14:37:00,2024-03-05,2.55,2.55,2.55,2.55,0,0,1
FINNIFTY05MAR2418800PE.NFO,2024-02-26,14:38:00,2024-03-05,2.55,2.55,2.55,2.55,0,0,1
FINNIFTY05MAR2418800PE.NFO,2024-02-26,14:39:00,2024-03-05,2.55,2.55,2.55,2.55,0,0,1
FINNIFTY05MAR2418800PE.NFO,2024-02-26,14:40:00,2024-03-05,2.55,2.55,2.55,2.55,0,0,1
FINNIFTY05MAR2418800PE.NFO,2024-02-26,14:41:00,2024-03-05,2.55,2.55,2.55,2.55,0,0,1
FINNIFTY05MAR2418800PE.NFO,2024-02-26,14:42:00,2024-03-05,2.55,2.55,2.55,2.55,0,0,0
FINNIFTY05MAR2418800PE.NFO,2024-02-26,14:43:00,2024-03-05,2.55,2.55,2.55,2.55,0,0,1
FINNIFTY05MAR2418800PE.NFO,2024-02-26,14:44:00,2024-03-05,2.55,2.55,2.55,2.55,0,0,1
FINNIFTY05MAR2418800PE.NFO,2024-02-26,14:45:00,2024-03-05,2.55,2.55,2.55,2.55,0,0,1
FINNIFTY05MAR2418800PE.NFO,2024-02-26,14:46:00,2024-03-05,2.55,2.55,2.55,2.55,0,0,1
FINNIFTY05MAR2418800PE.NFO,2024-02-26,14:47:00,2024-03-05,2.55,2.55,2.55,2.55,0,0,1
FINNIFTY05MAR2418800PE.NFO,2024-02-26,14:48:00,2024-03-05,2.55,2.55,2.55,2.55,0,0,1
FINNIFTY05MAR2418800PE.NFO,2024-02-26,14:49:00,2024-03-05,2.55,2.55,2.55,2.55,0,0,1
FINNIFTY05MAR2418800PE.NFO,2024-02-26,14:50:00,2024-03-05,2.55,2.55,2.55,2.55,0,0,1
FINNIFTY05MAR2418800PE.NFO,2024-02-26,14:51:00,2024-03-05,2.55,2.55,2.55,2.55,0,0,1
FINNIFTY05MAR2418800PE.NFO,2024-02-26,14:52:00,2024-03-05,2.55,2.55,2.55,2.55,0,0,1
FINNIFTY05MAR2418800PE.NFO,2024-02-26,14:53:00,2024-03-05,2.55,2.55,2.55,2.55,0,0,1
FINNIFTY05MAR2418800PE.NFO,2024-02-26,14:54:00,2024-03-05,2.55,2.55,2.55,2.55,0,0,1
FINNIFTY05MAR2418800PE.NFO,2024-02-26,14:55:00,2024-03-05,2.55,2.55,2.55,2.55,0,0,1
FINNIFTY05MAR2418800PE.NFO,2024-02-26,14:56:00,2024-03-05,2.55,2.55,2.55,2.55,0,0,1
FINNIFTY05MAR2418800PE.NFO,2024-02-26,14:57:00,2024-03-05,2.55,2.55,2.55,2.55,0,0,0
FINNIFTY05MAR2418800PE.NFO,2024-02-26,14:58:00,2024-03-05,2.55,2.55,2.55,2.55,0,0,1
FINNIFTY05MAR2418800PE.NFO,2024-02-26,14:59:00,2024-03-05,2.55,2.55,2.55,2.55,0,0,1
FINNIFTY05MAR2418800PE.NFO,2024-02-26,15:00:00,2024-03-05,2.55,2.55,2.55,2.55,0,0,1
FINNIFTY05MAR2418800PE.NFO,2024-02-26,15:01:00,2024-03-05,2.55,2.55,2.55,2.55,0,0,1
FINNIFTY05MAR2418800PE.NFO,2024-02-26,15:02:00,2024-03-05,2.55,2.55,2.55,2.55,0,0,1
FINNIFTY05MAR2418800PE.NFO,2024-02-26,15:03:00,2024-03-05,2.55,2.55,2.55,2.55,0,0,1
FINNIFTY05MAR2418800PE.NFO,2024-02-26,15:04:00,2024-03-05,2.55,2.55,2.55,2.55,0,0,1
FINNIFTY05MAR2418800PE.NFO,2024-02-26,15:05:00,2024-03-05,2.55,2.55,2.55,2.55,0,0,1
FINNIFTY05MAR2418800PE.NFO,2024-02-26,15:06:00,2024-03-05,2.55,2.55,2.55,2.55,0,0,1
FINNIFTY05MAR2418800PE.NFO,2024-02-26,15:07:00,2024-03-05,2.55,2.55,2.55,2.55,0,0,1
FINNIFTY05MAR2418800PE.NFO,2024-02-26,15:08:00,2024-03-05,2.55,2.55,2.55,2.55,0,0,1
FINNIFTY05MAR2418800PE.NFO,2024-02-26,15:09:00,2024-03-05,2.55,2.55,2.55,2.55,0,0,1
FINNIFTY05MAR2418800PE.NFO,2024-02-26,15:10:00,2024-03-05,2.55,2.55,2.55,2.55,0,0,1
FINNIFTY05MAR2418800PE.NFO,2024-02-26,15:11:00,2024-03-05,2.55,2.55,2.55,2.55,0,0,1
FINNIFTY05MAR2418800PE.NFO,2024-02-26,15:12:00,2024-03-05,2.55,2.55,2.55,2.55,0,0,0
FINNIFTY05MAR2418800PE.NFO,2024-02-26,15:13:00,2024-03-05,2.55,2.55,2.55,2.55,0,0,1
FINNIFTY05MAR2418800PE.NFO,2024-02-26,15:14:00,2024-03-05,2.55,2.55,2.55,2.55,0,0,1
FINNIFTY05MAR2418800PE.NFO,2024-02-26,15:15:00,2024-03-05,2.55,2.55,2.55,2.55,0,0,1
FINNIFTY05MAR2418800PE.NFO,2024-02-26,15:16:00,2024-03-05,2.55,2.55,2.55,2.55,0,0,1
FINNIFTY05MAR2418800PE.NFO,2024-02-26,15:17:00,2024-03-05,2.55,2.55,2.55,2.55,0,0,1
FINNIFTY05MAR2418800PE.NFO,2024-02-26,15:18:00,2024-03-05,2.55,2.55,2.55,2.55,0,0,1
FINNIFTY05MAR2418800PE.NFO,2024-02-26,15:19:00,2024-03-05,2.55,2.55,2.55,2.55,0,0,1
FINNIFTY05MAR2418800PE.NFO,2024-02-26,15:20:00,2024-03-05,2.55,2.55,2.55,2.55,0,0,1
FINNIFTY05MAR2418800PE.NFO,2024-02-26,15:21:00,2024-03-05,2.55,2.55,2.55,2.55,0,0,1
FINNIFTY05MAR2418800PE.NFO,2024-02-26,15:22:00,2024-03-05,2.55,2.55,2.55,2.55,0,0,1
FINNIFTY05MAR2418800PE.NFO,2024-02-26,15:23:00,2024-03-05,2.55,2.55,2.55,2.55,0,0,1
FINNIFTY05MAR2418800PE.NFO,2024-02-26,15:24:00,2024-03-05,2.55,2.55,2.55,2.55,0,0,1
FINNIFTY05MAR2418800PE.NFO,2024-02-26,15:25:00,2024-03-05,2.55,2.55,2.55,2.55,0,0,1
FINNIFTY05MAR2418800PE.NFO,2024-02-26,15:26:00,2024-03-05,2.55,2.55,2.55,2.55,0,0,1
FINNIFTY05MAR2418800PE.NFO,2024-02-26,15:27:00,2024-03-05,2.55,2.55,2.55,2.55,0,0,1
FINNIFTY05MAR2418800PE.NFO,2024-02-26,15:28:00,2024-03-05,2.55,2.55,2.55,2.55,0,0,1
FINNIFTY05MAR2418800PE.NFO,2024-02-26,15:29:00,2024-03-05,2.55,2.55,2.55,2.55,0,0,1
FINNIFTY05MAR2418800PE.NFO,2024-02-26,15:30:00,2024-03-05,2.55,2.55,2.55,2.55,0,0,1
FINNIFTY05MAR2418800PE.NFO,2024-02-27,09:15:00,2024-03-05,2.0,2.0,2.0,2.0,0,0,0
FINNIFTY05MAR2418800PE.NFO,2024-02-27,09:16:00,2024-03-05,2.0,2.0,2.0,2.0,0,0,1
FINNIFTY05MAR2418800PE.NFO,2024-02-27,09:17:00,2024-03-05,2.0,2.0,2.0,2.0,0,0,1
FINNIFTY05MAR2418800PE.NFO,2024-02-27,09:18:00,2024-03-05,2.0,2.0,2.0,2.0,0,0,1
FINNIFTY05MAR2418800PE.NFO,2024-02-27,09:19:00,2024-03-05,2.0,2.0,2.0,2.0,0,0,1
FINNIFTY05MAR2418800PE.NFO,2024-02-27,09:20:00,2024-03-05,2.0,2.0,2.0,2.0,0,0,1
FINNIFTY05MAR2418800PE.NFO,2024-02-27,09:21:00,2024-03-05,2.0,2.0,2.0,2.0,0,0,1
FINNIFTY05MAR2418800PE.NFO,2024-02-27,09:22:00,2024-03-05,2.0,2.0,2.0,2.0,0,0,1
FINNIFTY05MAR2418800PE.NFO,2024-02-27,09:23:00,2024-03-05,2.0,2.0,2.0,2.0,0,0,1
FINNIFTY05MAR2418800PE.NFO,2024-02-27,09:24:00,2024-03-05,2.0,2.0,2.0,2.0,0,0,1
FINNIFTY05MAR2418800PE.NFO,2024-02-27,09:25:00,2024-03-05,2.0,2.0,2.0,2.0,0,0,1
FINNIFTY05MAR2418800PE.NFO,2024-02-27,09:26:00,2024-03-05,2.0,2.0,2.0,2.0,0,0,1
FINNIFTY05MAR2418800PE.NFO,2024-02-27,09:27:00,2024-03-05,2.0,2.0,2.0,2.0,0,0,1
FINNIFTY05MAR2418800PE.NFO,2024-02-27,09:28:00,2024-03-05,2.0,2.0,2.0,2.0,0,0,1
FINNIFTY05MAR2418800PE.NFO,2024-02-27,09:29:00,2024-03-05,2.0,2.0,2.0,2.0,0,0,1
FINNIFTY05MAR2418800PE.NFO,2024-02-27,09:30:00,2024-03-05,2.0,2.0,2.0,2.0,0,0,1
FINNIFTY05MAR2418800PE.NFO,2024-02-27,09:31:00,2024-03-05,2.0,2.0,2.0,2.0,0,0,1
FINNIFTY05MAR2418800PE.NFO,2024-02-27,09:32:00,2024-03-05,2.0,2.0,2.0,2.0,0,0,1
FINNIFTY05MAR2418800PE.NFO,2024-02-27,09:33:00,2024-03-05,2.0,2.0,2.0,2.0,0,0,1
FINNIFTY05MAR2418800PE.NFO,2024-02-27,09:34:00,2024-03-05,2.0,2.0,2.0,2.0,0,0,1
FINNIFTY05MAR2418800PE.NFO,2024-02-27,09:35:00,2024-03-05,2.0,2.0,2.0,2.0,0,0,1
FINNIFTY05MAR2418800PE.NFO,2024-02-27,09:36:00,2024-03-05,2.0,2.0,2.0,2.0,0,0,1
FINNIFTY05MAR2418800PE.NFO,2024-02-27,09:37:00,2024-03-05,2.0,2.0,2.0,2.0,0,0,1
FINNIFTY05MAR2418800PE.NFO,2024-02-27,09:38:00,2024-03-05,2.0,2.0,2.0,2.0,0,0,1
FINNIFTY05MAR2418800PE.NFO,2024-02-27,09:39:00,2024-03-05,2.0,2.0,2.0,2.0,0,0,1
FINNIFTY05MAR2418800PE.NFO,2024-02-27,09:40:00,2024-03-05,2.0,2.0,2.0,2.0,0,0,1
FINNIFTY05MAR2418800PE.NFO,2024-02-27,09:41:00,2024-03-05,2.0,2.0,2.0,2.0,0,0,1
FINNIFTY05MAR2418800PE.NFO,2024-02-27,09:42:00,2024-03-05,2.0,2.0,2.0,2.0,0,0,1
FINNIFTY05MAR2418800PE.NFO,2024-02-27,09:43:00,2024-03-05,2.0,2.0,2.0,2.0,0,0,1
FINNIFTY05MAR2418800PE.NFO,2024-02-27,09:44:00,2024-03-05,2.0,2.0,2.0,2.0,0,0,1
FINNIFTY05MAR2418800PE.NFO,2024-02-27,09:45:00,2024-03-05,2.0,2.0,2.0,2.0,0,0,1
FINNIFTY05MAR2418800PE.NFO,2024-02-27,09:46:00,2024-03-05,2.0,2.0,2.0,2.0,0,0,1
FINNIFTY05MAR2418800PE.NFO,2024-02-27,09:47:00,2024-03-05,2.0,2.0,2.0,2.0,0,0,1
FINNIFTY05MAR2418800PE.NFO,2024-02-27,09:48:00,2024-03-05,2.0,2.0,2.0,2.0,0,0,1
FINNIFTY05MAR2418800PE.NFO,2024-02-27,09:49:00,2024-03-05,2.0,2.0,2.0,2.0,0,0,1
FINNIFTY05MAR2418800PE.NFO,2024-02-27,09:50:00,2024-03-05,2.0,2.0,2.0,2.0,0,0,1
FINNIFTY05MAR2418800PE.NFO,2024-02-27,09:51:00,2024-03-05,2.0,2.0,2.0,2.0,0,0,1
FINNIFTY05MAR2418800PE.NFO,2024-02-27,09:52:00,2024-03-05,2.0,2.0,2.0,2.0,0,0,1
FINNIFTY05MAR2418800PE.NFO,2024-02-27,09:53:00,2024-03-05,2.0,2.0,2.0,2.0,0,0,1
FINNIFTY05MAR2418800PE.NFO,2024-02-27,09:54:00,2024-03-05,2.0,2.0,2.0,2.0,0,0,1
FINNIFTY05MAR2418800PE.NFO,2024-02-27,09:55:00,2024-03-05,2.2,2.2,2.2,2.2,40,40,0
FINNIFTY05MAR2418800PE.NFO,2024-02-27,09:56:00,2024-03-05,2.2,2.35,2.2,2.35,40,40,0
FINNIFTY05MAR2418800PE.NFO,2024-02-27,09:57:00,2024-03-05,2.35,2.35,2.35,2.35,0,40,0
FINNIFTY05MAR2418800PE.NFO,2024-02-27,09:58:00,2024-03-05,2.35,2.35,2.35,2.35,0,40,0
FINNIFTY05MAR2418800PE.NFO,2024-02-27,09:59:00,2024-03-05,2.35,2.35,2.35,2.35,0,40,0
FINNIFTY05MAR2418800PE.NFO,2024-02-27,10:00:00,2024-03-05,2.35,2.35,2.35,2.35,0,40,1
FINNIFTY05MAR2418800PE.NFO,2024-02-27,10:01:00,2024-03-05,2.35,2.35,2.35,2.35,0,40,1
FINNIFTY05MAR2418800PE.NFO,2024-02-27,10:02:00,2024-03-05,2.35,2.35,2.35,2.35,0,40,1
FINNIFTY05MAR2418800PE.NFO,2024-02-27,10:03:00,2024-03-05,2.35,2.35,2.35,2.35,0,40,0
FINNIFTY05MAR2418800PE.NFO,2024-02-27,10:04:00,2024-03-05,2.35,2.35,2.35,2.35,0,40,1
FINNIFTY05MAR2418800PE.NFO,2024-02-27,10:05:00,2024-03-05,2.35,2.35,2.35,2.35,0,40,0
FINNIFTY05MAR2418800PE.NFO,2024-02-27,10:06:00,2024-03-05,2.35,2.35,2.35,2.35,0,40,0
FINNIFTY05MAR2418800PE.NFO,2024-02-27,10:07:00,2024-03-05,2.35,2.35,2.35,2.35,0,40,1
FINNIFTY05MAR2418800PE.NFO,2024-02-27,10:08:00,2024-03-05,2.35,2.35,2.35,2.35,0,40,0
FINNIFTY05MAR2418800PE.NFO,2024-02-27,10:09:00,2024-03-05,2.35,2.35,2.35,2.35,0,40,1
FINNIFTY05MAR2418800PE.NFO,2024-02-27,10:10:00,2024-03-05,2.35,2.35,2.35,2.35,0,40,1
FINNIFTY05MAR2418800PE.NFO,2024-02-27,10:11:00,2024-03-05,2.35,2.35,2.35,2.35,0,40,0
FINNIFTY05MAR2418800PE.NFO,2024-02-27,10:12:00,2024-03-05,2.35,2.35,2.35,2.35,0,40,1
FINNIFTY05MAR2418800PE.NFO,2024-02-27,10:13:00,2024-03-05,2.35,2.35,2.35,2.35,0,40,0
FINNIFTY05MAR2418800PE.NFO,2024-02-27,10:14:00,2024-03-05,2.35,2.35,2.35,2.35,0,40,1
FINNIFTY05MAR2418800PE.NFO,2024-02-27,10:15:00,2024-03-05,2.35,2.35,2.35,2.35,0,40,1
FINNIFTY05MAR2418800PE.NFO,2024-02-27,10:16:00,2024-03-05,2.35,2.35,2.35,2.35,0,40,1
FINNIFTY05MAR2418800PE.NFO,2024-02-27,10:17:00,2024-03-05,3.05,3.05,3.05,3.05,80,160,0
FINNIFTY05MAR2418800PE.NFO,2024-02-27,10:18:00,2024-03-05,3.05,3.05,3.05,3.05,0,160,0
FINNIFTY05MAR2418800PE.NFO,2024-02-27,10:19:00,2024-03-05,3.05,3.05,3.05,3.05,0,160,1
FINNIFTY05MAR2418800PE.NFO,2024-02-27,10:20:00,2024-03-05,3.05,3.05,3.05,3.05,200,240,0
FINNIFTY05MAR2418800PE.NFO,2024-02-27,10:21:00,2024-03-05,3.05,3.05,3.05,3.05,200,240,1
FINNIFTY05MAR2418800PE.NFO,2024-02-27,10:22:00,2024-03-05,3.05,3.05,3.05,3.05,200,240,1
FINNIFTY05MAR2418800PE.NFO,2024-02-27,10:23:00,2024-03-05,3.05,3.05,3.05,3.05,200,240,1
FINNIFTY05MAR2418800PE.NFO,2024-02-27,10:24:00,2024-03-05,3.05,3.05,3.05,3.05,200,240,1
FINNIFTY05MAR2418800PE.NFO,2024-02-27,10:25:00,2024-03-05,3.05,3.05,3.05,3.05,0,240,0
FINNIFTY05MAR2418800PE.NFO,2024-02-27,10:26:00,2024-03-05,3.05,3.05,3.05,3.05,0,240,1
FINNIFTY05MAR2418800PE.NFO,2024-02-27,10:27:00,2024-03-05,3.05,3.05,3.05,3.05,0,240,0
FINNIFTY05MAR2418800PE.NFO,2024-02-27,10:28:00,2024-03-05,3.05,3.05,3.05,3.05,0,240,1
FINNIFTY05MAR2418800PE.NFO,2024-02-27,10:29:00,2024-03-05,3.05,3.05,3.05,3.05,80,320,0
FINNIFTY05MAR2418800PE.NFO,2024-02-27,10:30:00,2024-03-05,3.05,3.05,3.05,3.05,80,320,1
FINNIFTY05MAR2418800PE.NFO,2024-02-27,10:31:00,2024-03-05,3.05,3.05,3.05,3.05,80,320,1
FINNIFTY05MAR2418800PE.NFO,2024-02-27,10:32:00,2024-03-05,3.05,3.05,3.05,3.05,80,400,0
FINNIFTY05MAR2418800PE.NFO,2024-02-27,10:33:00,2024-03-05,3.05,3.05,3.05,3.05,80,400,1
FINNIFTY05MAR2418800PE.NFO,2024-02-27,10:34:00,2024-03-05,3.05,3.05,3.05,3.05,80,400,1
FINNIFTY05MAR2418800PE.NFO,2024-02-27,10:35:00,2024-03-05,3.05,3.05,3.05,3.05,80,400,1
FINNIFTY05MAR2418800PE.NFO,2024-02-27,10:36:00,2024-03-05,3.05,3.05,3.05,3.05,80,400,1
FINNIFTY05MAR2418800PE.NFO,2024-02-27,10:37:00,2024-03-05,3.05,3.05,3.05,3.05,80,400,1
FINNIFTY05MAR2418800PE.NFO,2024-02-27,10:38:00,2024-03-05,3.05,3.05,3.05,3.05,80,400,1
FINNIFTY05MAR2418800PE.NFO,2024-02-27,10:39:00,2024-03-05,3.05,3.05,3.05,3.05,80,400,1
FINNIFTY05MAR2418800PE.NFO,2024-02-27,10:40:00,2024-03-05,3.05,3.05,3.05,3.05,80,400,1
FINNIFTY05MAR2418800PE.NFO,2024-02-27,10:41:00,2024-03-05,3.05,3.05,3.05,3.05,0,400,0
FINNIFTY05MAR2418800PE.NFO,2024-02-27,10:42:00,2024-03-05,3.05,3.05,3.05,3.05,0,400,1
FINNIFTY05MAR2418800PE.NFO,2024-02-27,10:43:00,2024-03-05,3.05,3.05,3.05,3.05,0,400,1
FINNIFTY05MAR2418800PE.NFO,2024-02-27,10:44:00,2024-03-05,3.05,3.05,2.95,2.95,160,480,0
FINNIFTY05MAR2418800PE.NFO,2024-02-27,10:45:00,2024-03-05,2.95,2.95,2.95,2.95,0,480,0
FINNIFTY05MAR2418800PE.NFO,2024-02-27,10:46:00,2024-03-05,2.95,2.95,2.95,2.95,0,480,1
FINNIFTY05MAR2418800PE.NFO,2024-02-27,10:47:00,2024-03-05,2.95,2.95,2.95,2.95,0,480,1
FINNIFTY05MAR2418800PE.NFO,2024-02-27,10:48:00,2024-03-05,2.95,2.95,2.95,2.95,0,480,0
FINNIFTY05MAR2418800PE.NFO,2024-02-27,10:49:00,2024-03-05,2.95,2.95,2.95,2.95,0,480,1
FINNIFTY05MAR2418800PE.NFO,2024-02-27,10:50:00,2024-03-05,2.8,2.8,2.8,2.8,200,640,0
FINNIFTY05MAR2418800PE.NFO,2024-02-27,10:51:00,2024-03-05,2.8,2.8,2.8,2.8,0,640,0
FINNIFTY05MAR2418800PE.NFO,2024-02-27,10:52:00,2024-03-05,2.8,2.8,2.8,2.8,320,840,0
FINNIFTY05MAR2418800PE.NFO,2024-02-27,10:53:00,2024-03-05,2.8,2.8,2.8,2.8,200,840,0
FINNIFTY05MAR2418800PE.NFO,2024-02-27,10:54:00,2024-03-05,2.8,2.8,2.8,2.8,0,840,0
FINNIFTY05MAR2418800PE.NFO,2024-02-27,10:55:00,2024-03-05,2.8,2.8,2.8,2.8,0,840,1
FINNIFTY05MAR2418800PE.NFO,2024-02-27,10:56:00,2024-03-05,2.8,2.8,2.8,2.8,0,840,1
FINNIFTY05MAR2418800PE.NFO,2024-02-27,10:57:00,2024-03-05,2.8,2.8,2.8,2.8,0,840,1
FINNIFTY05MAR2418800PE.NFO,2024-02-27,10:58:00,2024-03-05,2.8,2.8,2.8,2.8,0,840,0
FINNIFTY05MAR2418800PE.NFO,2024-02-27,10:59:00,2024-03-05,2.8,2.8,2.8,2.8,0,840,0
FINNIFTY05MAR2418800PE.NFO,2024-02-27,11:00:00,2024-03-05,2.8,2.8,2.8,2.8,0,840,1
FINNIFTY05MAR2418800PE.NFO,2024-02-27,11:01:00,2024-03-05,2.8,2.8,2.8,2.8,0,840,0
FINNIFTY05MAR2418800PE.NFO,2024-02-27,11:02:00,2024-03-05,2.8,2.8,2.8,2.8,0,840,1
FINNIFTY05MAR2418800PE.NFO,2024-02-27,11:03:00,2024-03-05,2.8,2.8,2.8,2.8,0,840,1
FINNIFTY05MAR2418800PE.NFO,2024-02-27,11:04:00,2024-03-05,2.8,2.8,2.8,2.8,0,840,1
FINNIFTY05MAR2418800PE.NFO,2024-02-27,11:05:00,2024-03-05,2.8,2.8,2.8,2.8,0,840,1
FINNIFTY05MAR2418800PE.NFO,2024-02-27,11:06:00,2024-03-05,2.8,2.8,2.8,2.8,0,840,1
FINNIFTY05MAR2418800PE.NFO,2024-02-27,11:07:00,2024-03-05,2.8,2.8,2.8,2.8,0,840,1
FINNIFTY05MAR2418800PE.NFO,2024-02-27,11:08:00,2024-03-05,2.8,2.8,2.8,2.8,0,840,1
FINNIFTY05MAR2418800PE.NFO,2024-02-27,11:09:00,2024-03-05,2.8,2.8,2.8,2.8,0,840,0
FINNIFTY05MAR2418800PE.NFO,2024-02-27,11:10:00,2024-03-05,2.8,2.8,2.8,2.8,0,840,1
FINNIFTY05MAR2418800PE.NFO,2024-02-27,11:11:00,2024-03-05,2.8,2.8,2.8,2.8,0,840,1
FINNIFTY05MAR2418800PE.NFO,2024-02-27,11:12:00,2024-03-05,2.8,2.8,2.8,2.8,0,840,0
FINNIFTY05MAR2418800PE.NFO,2024-02-27,11:13:00,2024-03-05,2.8,2.8,2.8,2.8,0,840,1
FINNIFTY05MAR2418800PE.NFO,2024-02-27,11:14:00,2024-03-05,2.8,2.8,2.8,2.8,0,840,1
FINNIFTY05MAR2418800PE.NFO,2024-02-27,11:15:00,2024-03-05,2.8,2.8,2.8,2.8,0,840,1
FINNIFTY05MAR2418800PE.NFO,2024-02-27,11:16:00,2024-03-05,2.8,2.8,2.8,2.8,0,840,1
FINNIFTY05MAR2418800PE.NFO,2024-02-27,11:17:00,2024-03-05,2.8,2.8,2.8,2.8,0,840,0
FINNIFTY05MAR2418800PE.NFO,2024-02-27,11:18:00,2024-03-05,2.8,2.8,2.8,2.8,0,840,1
FINNIFTY05MAR2418800PE.NFO,2024-02-27,11:19:00,2024-03-05,2.8,2.8,2.8,2.8,0,840,0
FINNIFTY05MAR2418800PE.NFO,2024-02-27,11:20:00,2024-03-05,2.8,2.8,2.8,2.8,0,840,1
FINNIFTY05MAR2418800PE.NFO,2024-02-27,11:21:00,2024-03-05,2.8,2.8,2.8,2.8,0,840,1
FINNIFTY05MAR2418800PE.NFO,2024-02-27,11:22:00,2024-03-05,2.8,2.8,2.8,2.8,0,840,1
FINNIFTY05MAR2418800PE.NFO,2024-02-27,11:23:00,2024-03-05,2.8,2.8,2.8,2.8,0,840,1
FINNIFTY05MAR2418800PE.NFO,2024-02-27,11:24:00,2024-03-05,2.8,2.8,2.8,2.8,0,840,0
FINNIFTY05MAR2418800PE.NFO,2024-02-27,11:25:00,2024-03-05,2.8,2.8,2.8,2.8,0,840,1
FINNIFTY05MAR2418800PE.NFO,2024-02-27,11:26:00,2024-03-05,2.8,2.8,2.8,2.8,0,840,1
FINNIFTY05MAR2418800PE.NFO,2024-02-27,11:27:00,2024-03-05,2.8,2.8,2.8,2.8,0,840,1
FINNIFTY05MAR2418800PE.NFO,2024-02-27,11:28:00,2024-03-05,2.8,2.8,2.8,2.8,0,840,1
FINNIFTY05MAR2418800PE.NFO,2024-02-27,11:29:00,2024-03-05,2.8,2.8,2.8,2.8,0,840,1
FINNIFTY05MAR2418800PE.NFO,2024-02-27,11:30:00,2024-03-05,2.8,2.8,2.8,2.8,0,840,1
FINNIFTY05MAR2418800PE.NFO,2024-02-27,11:31:00,2024-03-05,2.8,2.8,2.8,2.8,0,840,1
FINNIFTY05MAR2418800PE.NFO,2024-02-27,11:32:00,2024-03-05,2.8,2.8,2.8,2.8,0,840,1
FINNIFTY05MAR2418800PE.NFO,2024-02-27,11:33:00,2024-03-05,2.8,2.8,2.8,2.8,0,840,1
FINNIFTY05MAR2418800PE.NFO,2024-02-27,11:34:00,2024-03-05,2.8,2.8,2.8,2.8,0,840,1
FINNIFTY05MAR2418800PE.NFO,2024-02-27,11:35:00,2024-03-05,2.8,2.8,2.8,2.8,0,840,1
FINNIFTY05MAR2418800PE.NFO,2024-02-27,11:36:00,2024-03-05,2.8,2.8,2.8,2.8,0,840,0
FINNIFTY05MAR2418800PE.NFO,2024-02-27,11:37:00,2024-03-05,2.8,2.8,2.8,2.8,0,840,1
FINNIFTY05MAR2418800PE.NFO,2024-02-27,11:38:00,2024-03-05,2.8,2.8,2.8,2.8,0,840,1
FINNIFTY05MAR2418800PE.NFO,2024-02-27,11:39:00,2024-03-05,2.8,2.8,2.8,2.8,0,840,1
FINNIFTY05MAR2418800PE.NFO,2024-02-27,11:40:00,2024-03-05,2.8,2.8,2.8,2.8,0,840,1
FINNIFTY05MAR2418800PE.NFO,2024-02-27,11:41:00,2024-03-05,2.8,2.8,2.8,2.8,0,840,1
FINNIFTY05MAR2418800PE.NFO,2024-02-27,11:42:00,2024-03-05,2.8,2.8,2.8,2.8,0,840,1
FINNIFTY05MAR2418800PE.NFO,2024-02-27,11:43:00,2024-03-05,2.8,2.8,2.8,2.8,0,840,1
FINNIFTY05MAR2418800PE.NFO,2024-02-27,11:44:00,2024-03-05,2.8,2.8,2.8,2.8,0,840,1
FINNIFTY05MAR2418800PE.NFO,2024-02-27,11:45:00,2024-03-05,2.8,2.8,2.8,2.8,0,840,1
FINNIFTY05MAR2418800PE.NFO,2024-02-27,11:46:00,2024-03-05,2.8,2.8,2.8,2.8,0,840,1
FINNIFTY05MAR2418800PE.NFO,2024-02-27,11:47:00,2024-03-05,2.8,2.8,2.8,2.8,0,840,0
FINNIFTY05MAR2418800PE.NFO,2024-02-27,11:48:00,2024-03-05,2.8,2.8,2.8,2.8,0,840,1
FINNIFTY05MAR2418800PE.NFO,2024-02-27,11:49:00,2024-03-05,2.8,2.8,2.8,2.8,0,840,1
FINNIFTY05MAR2418800PE.NFO,2024-02-27,11:50:00,2024-03-05,2.8,2.8,2.8,2.8,0,840,1
FINNIFTY05MAR2418800PE.NFO,2024-02-27,11:51:00,2024-03-05,2.8,2.8,2.8,2.8,0,840,0
FINNIFTY05MAR2418800PE.NFO,2024-02-27,11:52:00,2024-03-05,2.8,2.8,2.8,2.8,0,840,1
FINNIFTY05MAR2418800PE.NFO,2024-02-27,11:53:00,2024-03-05,2.8,2.8,2.8,2.8,0,840,1
FINNIFTY05MAR2418800PE.NFO,2024-02-27,11:54:00,2024-03-05,2.8,2.8,2.8,2.8,0,840,0
FINNIFTY05MAR2418800PE.NFO,2024-02-27,11:55:00,2024-03-05,2.8,2.8,2.8,2.8,0,840,1
FINNIFTY05MAR2418800PE.NFO,2024-02-27,11:56:00,2024-03-05,2.8,2.8,2.8,2.8,0,840,1
FINNIFTY05MAR2418800PE.NFO,2024-02-27,11:57:00,2024-03-05,2.8,2.8,2.8,2.8,0,840,1
FINNIFTY05MAR2418800PE.NFO,2024-02-27,11:58:00,2024-03-05,2.8,2.8,2.8,2.8,0,840,1
FINNIFTY05MAR2418800PE.NFO,2024-02-27,11:59:00,2024-03-05,2.8,2.8,2.8,2.8,0,840,0
FINNIFTY05MAR2418800PE.NFO,2024-02-27,12:00:00,2024-03-05,2.8,2.8,2.8,2.8,0,840,1
FINNIFTY05MAR2418800PE.NFO,2024-02-27,12:01:00,2024-03-05,2.8,2.8,2.8,2.8,0,840,1
FINNIFTY05MAR2418800PE.NFO,2024-02-27,12:02:00,2024-03-05,2.8,2.8,2.8,2.8,0,840,1
FINNIFTY05MAR2418800PE.NFO,2024-02-27,12:03:00,2024-03-05,2.8,2.8,2.8,2.8,0,840,1
FINNIFTY05MAR2418800PE.NFO,2024-02-27,12:04:00,2024-03-05,2.8,2.8,2.8,2.8,0,840,1
FINNIFTY05MAR2418800PE.NFO,2024-02-27,12:05:00,2024-03-05,2.8,2.8,2.8,2.8,0,840,1
FINNIFTY05MAR2418800PE.NFO,2024-02-27,12:06:00,2024-03-05,2.8,2.8,2.8,2.8,0,840,1
FINNIFTY05MAR2418800PE.NFO,2024-02-27,12:07:00,2024-03-05,2.8,2.8,2.8,2.8,0,840,1
FINNIFTY05MAR2418800PE.NFO,2024-02-27,12:08:00,2024-03-05,2.8,2.8,2.8,2.8,0,840,1
FINNIFTY05MAR2418800PE.NFO,2024-02-27,12:09:00,2024-03-05,2.8,2.8,2.8,2.8,0,840,0
FINNIFTY05MAR2418800PE.NFO,2024-02-27,12:10:00,2024-03-05,2.8,2.8,2.8,2.8,0,840,1
FINNIFTY05MAR2418800PE.NFO,2024-02-27,12:11:00,2024-03-05,2.8,2.9,2.8,2.9,40,1240,0
FINNIFTY05MAR2418800PE.NFO,2024-02-27,12:12:00,2024-03-05,2.9,2.9,2.9,2.9,40,1240,1
FINNIFTY05MAR2418800PE.NFO,2024-02-27,12:13:00,2024-03-05,2.9,2.9,2.9,2.9,0,1240,0
FINNIFTY05MAR2418800PE.NFO,2024-02-27,12:14:00,2024-03-05,2.9,2.9,2.9,2.9,0,1240,1
FINNIFTY05MAR2418800PE.NFO,2024-02-27,12:15:00,2024-03-05,2.9,2.9,2.9,2.9,0,1240,1
FINNIFTY05MAR2418800PE.NFO,2024-02-27,12:16:00,2024-03-05,2.9,2.9,2.9,2.9,0,1240,1
FINNIFTY05MAR2418800PE.NFO,2024-02-27,12:17:00,2024-03-05,2.9,2.9,2.9,2.9,0,1240,1
FINNIFTY05MAR2418800PE.NFO,2024-02-27,12:18:00,2024-03-05,2.9,2.9,2.9,2.9,0,1240,1
FINNIFTY05MAR2418800PE.NFO,2024-02-27,12:19:00,2024-03-05,2.9,2.9,2.9,2.9,0,1240,1
FINNIFTY05MAR2418800PE.NFO,2024-02-27,12:20:00,2024-03-05,2.9,2.9,2.9,2.9,0,1240,1
FINNIFTY05MAR2418800PE.NFO,2024-02-27,12:21:00,2024-03-05,2.9,2.9,2.9,2.9,0,1240,1
FINNIFTY05MAR2418800PE.NFO,2024-02-27,12:22:00,2024-03-05,2.9,2.9,2.9,2.9,0,1240,1
FINNIFTY05MAR2418800PE.NFO,2024-02-27,12:23:00,2024-03-05,2.9,2.9,2.9,2.9,0,1240,0
FINNIFTY05MAR2418800PE.NFO,2024-02-27,12:24:00,2024-03-05,2.9,2.9,2.9,2.9,0,1240,1
FINNIFTY05MAR2418800PE.NFO,2024-02-27,12:25:00,2024-03-05,2.9,2.9,2.9,2.9,0,1240,1
FINNIFTY05MAR2418800PE.NFO,2024-02-27,12:26:00,2024-03-05,2.9,2.9,2.9,2.9,0,1240,0
FINNIFTY05MAR2418800PE.NFO,2024-02-27,12:27:00,2024-03-05,2.9,2.9,2.9,2.9,0,1240,1
FINNIFTY05MAR2418800PE.NFO,2024-02-27,12:28:00,2024-03-05,2.9,2.9,2.9,2.9,0,1240,1
FINNIFTY05MAR2418800PE.NFO,2024-02-27,12:29:00,2024-03-05,2.9,2.9,2.9,2.9,0,1240,1
FINNIFTY05MAR2418800PE.NFO,2024-02-27,12:30:00,2024-03-05,2.9,2.9,2.9,2.9,0,1240,1
FINNIFTY05MAR2418800PE.NFO,2024-02-27,12:31:00,2024-03-05,2.9,2.9,2.9,2.9,0,1240,1
FINNIFTY05MAR2418800PE.NFO,2024-02-27,12:32:00,2024-03-05,2.9,2.9,2.9,2.9,0,1240,1
FINNIFTY05MAR2418800PE.NFO,2024-02-27,12:33:00,2024-03-05,2.9,2.9,2.9,2.9,0,1240,1
FINNIFTY05MAR2418800PE.NFO,2024-02-27,12:34:00,2024-03-05,2.9,2.9,2.9,2.9,0,1240,1
FINNIFTY05MAR2418800PE.NFO,2024-02-27,12:35:00,2024-03-05,2.9,2.9,2.9,2.9,0,1240,0
FINNIFTY05MAR2418800PE.NFO,2024-02-27,12:36:00,2024-03-05,2.9,2.9,2.9,2.9,0,1240,1
FINNIFTY05MAR2418800PE.NFO,2024-02-27,12:37:00,2024-03-05,2.9,2.9,2.9,2.9,0,1240,1
FINNIFTY05MAR2418800PE.NFO,2024-02-27,12:38:00,2024-03-05,2.9,2.9,2.9,2.9,0,1240,1
FINNIFTY05MAR2418800PE.NFO,2024-02-27,12:39:00,2024-03-05,2.9,2.9,2.9,2.9,0,1240,1
FINNIFTY05MAR2418800PE.NFO,2024-02-27,12:40:00,2024-03-05,2.9,2.9,2.9,2.9,0,1240,1
FINNIFTY05MAR2418800PE.NFO,2024-02-27,12:41:00,2024-03-05,2.9,2.9,2.9,2.9,0,1240,0
FINNIFTY05MAR2418800PE.NFO,2024-02-27,12:42:00,2024-03-05,2.9,2.9,2.9,2.9,0,1240,1
FINNIFTY05MAR2418800PE.NFO,2024-02-27,12:43:00,2024-03-05,2.9,2.9,2.9,2.9,0,1240,1
FINNIFTY05MAR2418800PE.NFO,2024-02-27,12:44:00,2024-03-05,2.9,2.9,2.9,2.9,0,1240,1
FINNIFTY05MAR2418800PE.NFO,2024-02-27,12:45:00,2024-03-05,2.9,2.9,2.9,2.9,0,1240,1
FINNIFTY05MAR2418800PE.NFO,2024-02-27,12:46:00,2024-03-05,2.9,2.9,2.9,2.9,0,1240,1
FINNIFTY05MAR2418800PE.NFO,2024-02-27,12:47:00,2024-03-05,2.9,2.9,2.9,2.9,0,1240,0
FINNIFTY05MAR2418800PE.NFO,2024-02-27,12:48:00,2024-03-05,2.9,2.9,2.9,2.9,0,1240,1
FINNIFTY05MAR2418800PE.NFO,2024-02-27,12:49:00,2024-03-05,2.9,2.9,2.9,2.9,0,1240,1
FINNIFTY05MAR2418800PE.NFO,2024-02-27,12:50:00,2024-03-05,2.9,2.9,2.9,2.9,0,1240,0
FINNIFTY05MAR2418800PE.NFO,2024-02-27,12:51:00,2024-03-05,2.9,2.9,2.9,2.9,0,1240,0
FINNIFTY05MAR2418800PE.NFO,2024-02-27,12:52:00,2024-03-05,2.9,2.9,2.9,2.9,0,1240,1
FINNIFTY05MAR2418800PE.NFO,2024-02-27,12:53:00,2024-03-05,2.9,2.9,2.9,2.9,0,1240,1
FINNIFTY05MAR2418800PE.NFO,2024-02-27,12:54:00,2024-03-05,2.9,2.9,2.9,2.9,0,1240,1
FINNIFTY05MAR2418800PE.NFO,2024-02-27,12:55:00,2024-03-05,2.9,2.9,2.9,2.9,0,1240,1
FINNIFTY05MAR2418800PE.NFO,2024-02-27,12:56:00,2024-03-05,2.9,2.9,2.9,2.9,0,1240,0
FINNIFTY05MAR2418800PE.NFO,2024-02-27,12:57:00,2024-03-05,2.9,2.9,2.9,2.9,0,1240,1
FINNIFTY05MAR2418800PE.NFO,2024-02-27,12:58:00,2024-03-05,2.9,2.9,2.9,2.9,0,1240,0
FINNIFTY05MAR2418800PE.NFO,2024-02-27,12:59:00,2024-03-05,2.9,2.9,2.9,2.9,0,1240,1
FINNIFTY05MAR2418800PE.NFO,2024-02-27,13:00:00,2024-03-05,2.9,2.9,2.9,2.9,0,1240,0
FINNIFTY05MAR2418800PE.NFO,2024-02-27,13:01:00,2024-03-05,2.9,2.9,2.9,2.9,0,1240,0
FINNIFTY05MAR2418800PE.NFO,2024-02-27,13:02:00,2024-03-05,2.9,2.9,2.9,2.9,0,1240,1
FINNIFTY05MAR2418800PE.NFO,2024-02-27,13:03:00,2024-03-05,2.9,2.9,2.9,2.9,0,1240,0
FINNIFTY05MAR2418800PE.NFO,2024-02-27,13:04:00,2024-03-05,2.9,2.9,2.9,2.9,0,1240,1
FINNIFTY05MAR2418800PE.NFO,2024-02-27,13:05:00,2024-03-05,2.9,2.9,2.9,2.9,0,1240,1
FINNIFTY05MAR2418800PE.NFO,2024-02-27,13:06:00,2024-03-05,2.9,2.9,2.9,2.9,0,1240,1
FINNIFTY05MAR2418800PE.NFO,2024-02-27,13:07:00,2024-03-05,2.9,2.9,2.9,2.9,0,1240,1
FINNIFTY05MAR2418800PE.NFO,2024-02-27,13:08:00,2024-03-05,2.9,2.9,2.9,2.9,0,1240,1
FINNIFTY05MAR2418800PE.NFO,2024-02-27,13:09:00,2024-03-05,2.9,2.9,2.9,2.9,0,1240,1
FINNIFTY05MAR2418800PE.NFO,2024-02-27,13:10:00,2024-03-05,2.9,2.9,2.9,2.9,0,1240,1
FINNIFTY05MAR2418800PE.NFO,2024-02-27,13:11:00,2024-03-05,2.9,2.9,2.9,2.9,0,1240,0
FINNIFTY05MAR2418800PE.NFO,2024-02-27,13:12:00,2024-03-05,2.9,2.9,2.9,2.9,0,1240,0
FINNIFTY05MAR2418800PE.NFO,2024-02-27,13:13:00,2024-03-05,2.9,2.9,2.9,2.9,0,1240,1
FINNIFTY05MAR2418800PE.NFO,2024-02-27,13:14:00,2024-03-05,2.9,2.9,2.9,2.9,0,1240,1
FINNIFTY05MAR2418800PE.NFO,2024-02-27,13:15:00,2024-03-05,2.9,2.9,2.9,2.9,0,1240,1
FINNIFTY05MAR2418800PE.NFO,2024-02-27,13:16:00,2024-03-05,2.9,2.9,2.9,2.9,0,1240,1
FINNIFTY05MAR2418800PE.NFO,2024-02-27,13:17:00,2024-03-05,2.9,2.9,2.9,2.9,0,1240,1
FINNIFTY05MAR2418800PE.NFO,2024-02-27,13:18:00,2024-03-05,2.9,2.9,2.9,2.9,0,1240,1
FINNIFTY05MAR2418800PE.NFO,2024-02-27,13:19:00,2024-03-05,2.9,2.9,2.9,2.9,0,1240,1
FINNIFTY05MAR2418800PE.NFO,2024-02-27,13:20:00,2024-03-05,2.9,2.9,2.9,2.9,0,1240,1
FINNIFTY05MAR2418800PE.NFO,2024-02-27,13:21:00,2024-03-05,2.9,2.9,2.9,2.9,0,1240,1
FINNIFTY05MAR2418800PE.NFO,2024-02-27,13:22:00,2024-03-05,2.9,2.9,2.9,2.9,0,1240,1
FINNIFTY05MAR2418800PE.NFO,2024-02-27,13:23:00,2024-03-05,2.9,2.9,2.9,2.9,0,1240,1
FINNIFTY05MAR2418800PE.NFO,2024-02-27,13:24:00,2024-03-05,2.9,2.9,2.9,2.9,0,1240,1
FINNIFTY05MAR2418800PE.NFO,2024-02-27,13:25:00,2024-03-05,2.9,2.9,2.9,2.9,0,1240,1
FINNIFTY05MAR2418800PE.NFO,2024-02-27,13:26:00,2024-03-05,2.9,2.9,2.9,2.9,0,1240,0
FINNIFTY05MAR2418800PE.NFO,2024-02-27,13:27:00,2024-03-05,2.9,2.9,2.9,2.9,0,1240,1
FINNIFTY05MAR2418800PE.NFO,2024-02-27,13:28:00,2024-03-05,2.9,2.9,2.9,2.9,0,1240,0
FINNIFTY05MAR2418800PE.NFO,2024-02-27,13:29:00,2024-03-05,2.9,2.9,2.9,2.9,0,1240,1
FINNIFTY05MAR2418800PE.NFO,2024-02-27,13:30:00,2024-03-05,2.5,2.5,2.5,2.5,40,1280,0
FINNIFTY05MAR2418800PE.NFO,2024-02-27,13:31:00,2024-03-05,2.5,2.5,2.5,2.5,40,1280,1
FINNIFTY05MAR2418800PE.NFO,2024-02-27,13:32:00,2024-03-05,2.5,2.5,2.5,2.5,0,1280,0
FINNIFTY05MAR2418800PE.NFO,2024-02-27,13:33:00,2024-03-05,2.5,2.5,2.5,2.5,0,1280,0
FINNIFTY05MAR2418800PE.NFO,2024-02-27,13:34:00,2024-03-05,2.5,2.5,2.5,2.5,0,1280,1
FINNIFTY05MAR2418800PE.NFO,2024-02-27,13:35:00,2024-03-05,2.5,2.5,2.5,2.5,0,1280,1
FINNIFTY05MAR2418800PE.NFO,2024-02-27,13:36:00,2024-03-05,2.5,2.5,2.5,2.5,0,1280,0
FINNIFTY05MAR2418800PE.NFO,2024-02-27,13:37:00,2024-03-05,2.5,2.5,2.5,2.5,0,1280,1
FINNIFTY05MAR2418800PE.NFO,2024-02-27,13:38:00,2024-03-05,2.5,2.5,2.5,2.5,0,1280,1
FINNIFTY05MAR2418800PE.NFO,2024-02-27,13:39:00,2024-03-05,2.5,2.5,2.5,2.5,0,1280,1
FINNIFTY05MAR2418800PE.NFO,2024-02-27,13:40:00,2024-03-05,2.5,2.5,2.5,2.5,0,1280,1
FINNIFTY05MAR2418800PE.NFO,2024-02-27,13:41:00,2024-03-05,2.5,2.5,2.5,2.5,0,1280,1
FINNIFTY05MAR2418800PE.NFO,2024-02-27,13:42:00,2024-03-05,2.5,2.5,2.5,2.5,0,1280,1
FINNIFTY05MAR2418800PE.NFO,2024-02-27,13:43:00,2024-03-05,2.5,2.5,2.5,2.5,0,1280,1
FINNIFTY05MAR2418800PE.NFO,2024-02-27,13:44:00,2024-03-05,2.5,2.5,2.5,2.5,0,1280,1
FINNIFTY05MAR2418800PE.NFO,2024-02-27,13:45:00,2024-03-05,2.5,2.5,2.5,2.5,0,1280,0
FINNIFTY05MAR2418800PE.NFO,2024-02-27,13:46:00,2024-03-05,2.5,2.5,2.5,2.5,0,1280,0
FINNIFTY05MAR2418800PE.NFO,2024-02-27,13:47:00,2024-03-05,2.5,2.5,2.5,2.5,0,1280,0
FINNIFTY05MAR2418800PE.NFO,2024-02-27,13:48:00,2024-03-05,2.5,2.5,2.5,2.5,0,1280,1
FINNIFTY05MAR2418800PE.NFO,2024-02-27,13:49:00,2024-03-05,2.5,2.5,2.5,2.5,0,1280,1
FINNIFTY05MAR2418800PE.NFO,2024-02-27,13:50:00,2024-03-05,2.5,2.5,2.5,2.5,0,1280,1
FINNIFTY05MAR2418800PE.NFO,2024-02-27,13:51:00,2024-03-05,2.5,2.5,2.5,2.5,0,1280,1
FINNIFTY05MAR2418800PE.NFO,2024-02-27,13:52:00,2024-03-05,2.5,2.5,2.5,2.5,0,1280,1
FINNIFTY05MAR2418800PE.NFO,2024-02-27,13:53:00,2024-03-05,2.5,2.5,2.5,2.5,0,1280,0
FINNIFTY05MAR2418800PE.NFO,2024-02-27,13:54:00,2024-03-05,2.5,2.5,2.5,2.5,0,1280,0
FINNIFTY05MAR2418800PE.NFO,2024-02-27,13:55:00,2024-03-05,2.5,2.5,2.5,2.5,0,1280,1
FINNIFTY05MAR2418800PE.NFO,2024-02-27,13:56:00,2024-03-05,2.5,2.5,2.5,2.5,0,1280,0
FINNIFTY05MAR2418800PE.NFO,2024-02-27,13:57:00,2024-03-05,2.5,2.5,2.5,2.5,0,1280,1
FINNIFTY05MAR2418800PE.NFO,2024-02-27,13:58:00,2024-03-05,2.5,2.5,2.5,2.5,0,1280,1
FINNIFTY05MAR2418800PE.NFO,2024-02-27,13:59:00,2024-03-05,2.5,2.5,2.5,2.5,0,1280,1
FINNIFTY05MAR2418800PE.NFO,2024-02-27,14:00:00,2024-03-05,2.5,2.5,2.5,2.5,0,1280,0
FINNIFTY05MAR2418800PE.NFO,2024-02-27,14:01:00,2024-03-05,2.5,2.5,2.5,2.5,0,1280,1
FINNIFTY05MAR2418800PE.NFO,2024-02-27,14:02:00,2024-03-05,2.5,2.5,2.5,2.5,0,1280,1
FINNIFTY05MAR2418800PE.NFO,2024-02-27,14:03:00,2024-03-05,2.5,2.5,2.5,2.5,0,1280,1
FINNIFTY05MAR2418800PE.NFO,2024-02-27,14:04:00,2024-03-05,2.5,2.5,2.5,2.5,0,1280,1
FINNIFTY05MAR2418800PE.NFO,2024-02-27,14:05:00,2024-03-05,2.5,2.5,2.5,2.5,0,1280,0
FINNIFTY05MAR2418800PE.NFO,2024-02-27,14:06:00,2024-03-05,2.5,2.5,2.5,2.5,0,1280,0
FINNIFTY05MAR2418800PE.NFO,2024-02-27,14:07:00,2024-03-05,2.5,2.5,2.5,2.5,0,1280,1
FINNIFTY05MAR2418800PE.NFO,2024-02-27,14:08:00,2024-03-05,2.5,2.5,2.5,2.5,0,1280,1
FINNIFTY05MAR2418800PE.NFO,2024-02-27,14:09:00,2024-03-05,2.5,2.5,2.5,2.5,0,1280,1
FINNIFTY05MAR2418800PE.NFO,2024-02-27,14:10:00,2024-03-05,2.5,2.5,2.5,2.5,0,1280,1
FINNIFTY05MAR2418800PE.NFO,2024-02-27,14:11:00,2024-03-05,2.5,2.5,2.5,2.5,0,1280,1
FINNIFTY05MAR2418800PE.NFO,2024-02-27,14:12:00,2024-03-05,2.5,2.5,2.5,2.5,0,1280,1
FINNIFTY05MAR2418800PE.NFO,2024-02-27,14:13:00,2024-03-05,2.5,2.5,2.5,2.5,0,1280,1
FINNIFTY05MAR2418800PE.NFO,2024-02-27,14:14:00,2024-03-05,2.5,2.5,2.5,2.5,0,1280,1
FINNIFTY05MAR2418800PE.NFO,2024-02-27,14:15:00,2024-03-05,2.5,2.5,2.5,2.5,0,1280,0
FINNIFTY05MAR2418800PE.NFO,2024-02-27,14:16:00,2024-03-05,2.5,2.5,2.5,2.5,0,1280,1
FINNIFTY05MAR2418800PE.NFO,2024-02-27,14:17:00,2024-03-05,2.5,2.5,2.5,2.5,0,1280,1
FINNIFTY05MAR2418800PE.NFO,2024-02-27,14:18:00,2024-03-05,2.5,2.5,2.5,2.5,0,1280,0
FINNIFTY05MAR2418800PE.NFO,2024-02-27,14:19:00,2024-03-05,2.5,2.5,2.5,2.5,0,1280,1
FINNIFTY05MAR2418800PE.NFO,2024-02-27,14:20:00,2024-03-05,2.5,2.5,2.5,2.5,0,1280,1
FINNIFTY05MAR2418800PE.NFO,2024-02-27,14:21:00,2024-03-05,2.5,2.5,2.5,2.5,0,1280,1
FINNIFTY05MAR2418800PE.NFO,2024-02-27,14:22:00,2024-03-05,2.5,2.5,2.5,2.5,0,1280,1
FINNIFTY05MAR2418800PE.NFO,2024-02-27,14:23:00,2024-03-05,2.5,2.5,2.5,2.5,0,1280,0
FINNIFTY05MAR2418800PE.NFO,2024-02-27,14:24:00,2024-03-05,2.5,2.5,2.5,2.5,0,1280,0
FINNIFTY05MAR2418800PE.NFO,2024-02-27,14:25:00,2024-03-05,2.5,2.5,2.5,2.5,0,1280,1
FINNIFTY05MAR2418800PE.NFO,2024-02-27,14:26:00,2024-03-05,2.5,2.5,2.5,2.5,0,1280,0
FINNIFTY05MAR2418800PE.NFO,2024-02-27,14:27:00,2024-03-05,2.5,2.5,2.5,2.5,0,1280,1
FINNIFTY05MAR2418800PE.NFO,2024-02-27,14:28:00,2024-03-05,2.5,2.5,2.5,2.5,0,1280,1
FINNIFTY05MAR2418800PE.NFO,2024-02-27,14:29:00,2024-03-05,2.5,2.5,2.5,2.5,0,1280,1
FINNIFTY05MAR2418800PE.NFO,2024-02-27,14:30:00,2024-03-05,2.5,2.5,2.5,2.5,0,1280,0
FINNIFTY05MAR2418800PE.NFO,2024-02-27,14:31:00,2024-03-05,2.5,2.5,2.5,2.5,0,1280,1
FINNIFTY05MAR2418800PE.NFO,2024-02-27,14:32:00,2024-03-05,2.5,2.5,2.5,2.5,0,1280,1
FINNIFTY05MAR2418800PE.NFO,2024-02-27,14:33:00,2024-03-05,2.5,2.5,2.5,2.5,0,1280,1
FINNIFTY05MAR2418800PE.NFO,2024-02-27,14:34:00,2024-03-05,2.5,2.5,2.5,2.5,0,1280,0
FINNIFTY05MAR2418800PE.NFO,2024-02-27,14:35:00,2024-03-05,2.5,2.5,2.5,2.5,0,1280,1
FINNIFTY05MAR2418800PE.NFO,2024-02-27,14:36:00,2024-03-05,2.5,2.5,2.5,2.5,0,1280,1
FINNIFTY05MAR2418800PE.NFO,2024-02-27,14:37:00,2024-03-05,2.5,2.5,2.5,2.5,0,1280,1
FINNIFTY05MAR2418800PE.NFO,2024-02-27,14:38:00,2024-03-05,2.5,2.5,2.5,2.5,0,1280,1
FINNIFTY05MAR2418800PE.NFO,2024-02-27,14:39:00,2024-03-05,2.5,2.5,2.5,2.5,0,1280,0
FINNIFTY05MAR2418800PE.NFO,2024-02-27,14:40:00,2024-03-05,2.5,2.5,2.5,2.5,0,1280,1
FINNIFTY05MAR2418800PE.NFO,2024-02-27,14:41:00,2024-03-05,2.5,2.5,2.5,2.5,0,1280,1
FINNIFTY05MAR2418800PE.NFO,2024-02-27,14:42:00,2024-03-05,2.5,2.5,2.5,2.5,0,1280,1
FINNIFTY05MAR2418800PE.NFO,2024-02-27,14:43:00,2024-03-05,2.5,2.5,2.5,2.5,0,1280,1
FINNIFTY05MAR2418800PE.NFO,2024-02-27,14:44:00,2024-03-05,2.5,2.5,2.5,2.5,0,1280,1
FINNIFTY05MAR2418800PE.NFO,2024-02-27,14:45:00,2024-03-05,2.5,2.5,2.5,2.5,0,1280,0
FINNIFTY05MAR2418800PE.NFO,2024-02-27,14:46:00,2024-03-05,2.5,2.5,2.5,2.5,0,1280,1
FINNIFTY05MAR2418800PE.NFO,2024-02-27,14:47:00,2024-03-05,2.5,2.5,2.5,2.5,0,1280,1
FINNIFTY05MAR2418800PE.NFO,2024-02-27,14:48:00,2024-03-05,2.5,2.5,2.5,2.5,0,1280,0
FINNIFTY05MAR2418800PE.NFO,2024-02-27,14:49:00,2024-03-05,2.5,2.5,2.5,2.5,0,1280,1
FINNIFTY05MAR2418800PE.NFO,2024-02-27,14:50:00,2024-03-05,2.5,2.5,2.5,2.5,0,1280,1
FINNIFTY05MAR2418800PE.NFO,2024-02-27,14:51:00,2024-03-05,2.5,2.5,2.5,2.5,0,1280,1
FINNIFTY05MAR2418800PE.NFO,2024-02-27,14:52:00,2024-03-05,2.5,2.5,2.5,2.5,0,1280,1
FINNIFTY05MAR2418800PE.NFO,2024-02-27,14:53:00,2024-03-05,2.5,2.5,2.5,2.5,0,1280,1
FINNIFTY05MAR2418800PE.NFO,2024-02-27,14:54:00,2024-03-05,2.5,2.5,2.5,2.5,0,1280,1
FINNIFTY05MAR2418800PE.NFO,2024-02-27,14:55:00,2024-03-05,2.5,2.5,2.5,2.5,0,1280,1
FINNIFTY05MAR2418800PE.NFO,2024-02-27,14:56:00,2024-03-05,2.5,2.5,2.5,2.5,0,1280,1
FINNIFTY05MAR2418800PE.NFO,2024-02-27,14:57:00,2024-03-05,2.5,2.5,2.5,2.5,0,1280,0
FINNIFTY05MAR2418800PE.NFO,2024-02-27,14:58:00,2024-03-05,2.5,2.5,2.5,2.5,0,1280,1
FINNIFTY05MAR2418800PE.NFO,2024-02-27,14:59:00,2024-03-05,2.5,2.5,2.5,2.5,0,1280,1
FINNIFTY05MAR2418800PE.NFO,2024-02-27,15:00:00,2024-03-05,2.5,2.5,2.2,2.2,80,1280,0
FINNIFTY05MAR2418800PE.NFO,2024-02-27,15:01:00,2024-03-05,2.2,2.2,2.2,2.2,720,1280,0
FINNIFTY05MAR2418800PE.NFO,2024-02-27,15:02:00,2024-03-05,2.2,2.2,2.2,2.2,0,1280,0
FINNIFTY05MAR2418800PE.NFO,2024-02-27,15:03:00,2024-03-05,2.2,2.2,2.2,2.2,0,1280,0
FINNIFTY05MAR2418800PE.NFO,2024-02-27,15:04:00,2024-03-05,2.2,2.2,2.2,2.2,0,1280,0
FINNIFTY05MAR2418800PE.NFO,2024-02-27,15:05:00,2024-03-05,2.2,2.2,2.2,2.2,0,1280,1
FINNIFTY05MAR2418800PE.NFO,2024-02-27,15:06:00,2024-03-05,2.2,2.2,2.2,2.2,0,1280,1
FINNIFTY05MAR2418800PE.NFO,2024-02-27,15:07:00,2024-03-05,2.2,2.2,2.2,2.2,0,1280,1
FINNIFTY05MAR2418800PE.NFO,2024-02-27,15:08:00,2024-03-05,2.2,2.2,2.2,2.2,0,1280,1
FINNIFTY05MAR2418800PE.NFO,2024-02-27,15:09:00,2024-03-05,2.2,2.2,2.2,2.2,0,1280,0
FINNIFTY05MAR2418800PE.NFO,2024-02-27,15:10:00,2024-03-05,2.2,2.2,2.2,2.2,0,1280,1
FINNIFTY05MAR2418800PE.NFO,2024-02-27,15:11:00,2024-03-05,2.2,2.2,2.2,2.2,0,1280,0
FINNIFTY05MAR2418800PE.NFO,2024-02-27,15:12:00,2024-03-05,2.2,2.2,2.2,2.2,0,1280,1
FINNIFTY05MAR2418800PE.NFO,2024-02-27,15:13:00,2024-03-05,2.2,2.2,2.2,2.2,0,1280,1
FINNIFTY05MAR2418800PE.NFO,2024-02-27,15:14:00,2024-03-05,2.2,2.2,2.2,2.2,0,1280,0
FINNIFTY05MAR2418800PE.NFO,2024-02-27,15:15:00,2024-03-05,2.2,2.2,2.2,2.2,0,1280,1
FINNIFTY05MAR2418800PE.NFO,2024-02-27,15:16:00,2024-03-05,2.2,2.2,2.2,2.2,0,1280,0
FINNIFTY05MAR2418800PE.NFO,2024-02-27,15:17:00,2024-03-05,2.2,2.2,2.2,2.2,0,1280,1
FINNIFTY05MAR2418800PE.NFO,2024-02-27,15:18:00,2024-03-05,2.25,2.25,2.25,2.25,800,2080,0
FINNIFTY05MAR2418800PE.NFO,2024-02-27,15:19:00,2024-03-05,2.25,2.25,2.25,2.25,1080,2080,0
FINNIFTY05MAR2418800PE.NFO,2024-02-27,15:20:00,2024-03-05,2.2,2.2,2.2,2.2,2560,3880,0
FINNIFTY05MAR2418800PE.NFO,2024-02-27,15:21:00,2024-03-05,2.15,2.15,2.0,2.0,640,3880,0
FINNIFTY05MAR2418800PE.NFO,2024-02-27,15:22:00,2024-03-05,2.0,2.0,1.95,1.95,1280,3880,0
FINNIFTY05MAR2418800PE.NFO,2024-02-27,15:23:00,2024-03-05,1.95,1.95,1.95,1.95,0,3880,0
FINNIFTY05MAR2418800PE.NFO,2024-02-27,15:24:00,2024-03-05,1.95,1.95,1.95,1.95,0,3880,1
FINNIFTY05MAR2418800PE.NFO,2024-02-27,15:25:00,2024-03-05,2.05,2.1,2.05,2.1,880,7480,0
FINNIFTY05MAR2418800PE.NFO,2024-02-27,15:26:00,2024-03-05,2.1,2.1,2.1,2.1,0,7480,0
FINNIFTY05MAR2418800PE.NFO,2024-02-27,15:27:00,2024-03-05,2.1,2.1,2.1,2.1,0,7480,0
FINNIFTY05MAR2418800PE.NFO,2024-02-27,15:28:00,2024-03-05,2.0,2.0,1.75,1.75,320,6600,0
FINNIFTY05MAR2418800PE.NFO,2024-02-27,15:29:00,2024-03-05,1.75,1.75,1.75,1.75,0,6600,0
FINNIFTY05MAR2418800PE.NFO,2024-02-27,15:30:00,2024-03-05,1.75,1.75,1.75,1.75,0,6600,1
FINNIFTY05MAR2418800PE.NFO,2024-02-28,09:15:00,2024-03-05,2.2,2.2,2.1,2.1,120,6560,0
FINNIFTY05MAR2418800PE.NFO,2024-02-28,09:16:00,2024-03-05,2.1,2.1,1.95,1.95,120,6640,0
FINNIFTY05MAR2418800PE.NFO,2024-02-28,09:17:00,2024-03-05,1.95,1.95,1.9,1.95,160,6640,0
FINNIFTY05MAR2418800PE.NFO,2024-02-28,09:18:00,2024-03-05,1.95,2.1,1.95,2.1,880,6640,0
FINNIFTY05MAR2418800PE.NFO,2024-02-28,09:19:00,2024-03-05,2.1,2.4,2.1,2.35,2000,6880,0
FINNIFTY05MAR2418800PE.NFO,2024-02-28,09:20:00,2024-03-05,2.35,2.35,2.35,2.35,360,6880,0
FINNIFTY05MAR2418800PE.NFO,2024-02-28,09:21:00,2024-03-05,2.35,2.35,2.2,2.2,720,6880,0
FINNIFTY05MAR2418800PE.NFO,2024-02-28,09:22:00,2024-03-05,2.2,2.2,2.2,2.2,40,6880,0
FINNIFTY05MAR2418800PE.NFO,2024-02-28,09:23:00,2024-03-05,2.2,2.25,2.2,2.25,200,7720,0
FINNIFTY05MAR2418800PE.NFO,2024-02-28,09:24:00,2024-03-05,2.25,2.35,2.25,2.35,1280,7720,0
FINNIFTY05MAR2418800PE.NFO,2024-02-28,09:25:00,2024-03-05,2.35,2.35,2.25,2.3,360,8800,0
FINNIFTY05MAR2418800PE.NFO,2024-02-28,09:26:00,2024-03-05,2.3,2.3,2.15,2.15,1120,8800,0
FINNIFTY05MAR2418800PE.NFO,2024-02-28,09:27:00,2024-03-05,2.15,2.15,2.15,2.15,200,8800,0
FINNIFTY05MAR2418800PE.NFO,2024-02-28,09:28:00,2024-03-05,2.15,2.15,1.9,2.0,2760,9400,0
FINNIFTY05MAR2418800PE.NFO,2024-02-28,09:29:00,2024-03-05,2.0,2.0,1.9,1.95,280,9400,0
FINNIFTY05MAR2418800PE.NFO,2024-02-28,09:30:00,2024-03-05,1.9,1.9,1.9,1.9,160,9400,0
FINNIFTY05MAR2418800PE.NFO,2024-02-28,09:31:00,2024-03-05,1.9,2.0,1.9,2.0,160,9600,0
FINNIFTY05MAR2418800PE.NFO,2024-02-28,09:32:00,2024-03-05,2.0,2.0,1.95,1.95,160,9600,0
FINNIFTY05MAR2418800PE.NFO,2024-02-28,09:33:00,2024-03-05,1.95,1.95,1.95,1.95,40,9600,0
FINNIFTY05MAR2418800PE.NFO,2024-02-28,09:34:00,2024-03-05,1.95,1.95,1.9,1.9,40,9600,0
FINNIFTY05MAR2418800PE.NFO,2024-02-28,09:35:00,2024-03-05,1.85,1.95,1.85,1.85,360,9520,0
FINNIFTY05MAR2418800PE.NFO,2024-02-28,09:36:00,2024-03-05,1.85,1.85,1.85,1.85,40,9520,0
FINNIFTY05MAR2418800PE.NFO,2024-02-28,09:37:00,2024-03-05,1.85,1.85,1.85,1.85,0,9760,0
FINNIFTY05MAR2418800PE.NFO,2024-02-28,09:38:00,2024-03-05,1.85,1.85,1.85,1.85,160,9760,0
FINNIFTY05MAR2418800PE.NFO,2024-02-28,09:39:00,2024-03-05,1.85,1.85,1.75,1.75,2120,9760,0
FINNIFTY05MAR2418800PE.NFO,2024-02-28,09:40:00,2024-03-05,1.75,1.9,1.75,1.9,920,9760,0
FINNIFTY05MAR2418800PE.NFO,2024-02-28,09:41:00,2024-03-05,1.9,1.9,1.8,1.8,600,9200,0
FINNIFTY05MAR2418800PE.NFO,2024-02-28,09:42:00,2024-03-05,1.8,1.8,1.8,1.8,40,9200,0
FINNIFTY05MAR2418800PE.NFO,2024-02-28,09:43:00,2024-03-05,1.8,1.8,1.8,1.8,0,9200,0
FINNIFTY05MAR2418800PE.NFO,2024-02-28,09:44:00,2024-03-05,1.8,1.8,1.8,1.8,0,9200,0
FINNIFTY05MAR2418800PE.NFO,2024-02-28,09:45:00,2024-03-05,1.8,1.8,1.65,1.65,680,8880,0
FINNIFTY05MAR2418800PE.NFO,2024-02-28,09:46:00,2024-03-05,1.65,1.65,1.65,1.65,40,9080,0
FINNIFTY05MAR2418800PE.NFO,2024-02-28,09:47:00,2024-03-05,1.65,1.75,1.65,1.75,600,9080,0
FINNIFTY05MAR2418800PE.NFO,2024-02-28,09:48:00,2024-03-05,1.75,1.75,1.75,1.75,0,9080,0
FINNIFTY05MAR2418800PE.NFO,2024-02-28,09:49:00,2024-03-05,1.75,1.85,1.75,1.8,840,9320,0
FINNIFTY05MAR2418800PE.NFO,2024-02-28,09:50:00,2024-03-05,1.8,1.85,1.75,1.85,680,9320,0
FINNIFTY05MAR2418800PE.NFO,2024-02-28,09:51:00,2024-03-05,1.85,1.85,1.85,1.85,160,9320,0
FINNIFTY05MAR2418800PE.NFO,2024-02-28,09:52:00,2024-03-05,1.85,1.85,1.85,1.85,40,9440,0
FINNIFTY05MAR2418800PE.NFO,2024-02-28,09:53:00,2024-03-05,1.85,1.85,1.85,1.85,0,9440,0
FINNIFTY05MAR2418800PE.NFO,2024-02-28,09:54:00,2024-03-05,1.85,1.95,1.85,1.85,1080,9440,0
FINNIFTY05MAR2418800PE.NFO,2024-02-28,09:55:00,2024-03-05,1.85,1.85,1.8,1.8,160,10080,0
FINNIFTY05MAR2418800PE.NFO,2024-02-28,09:56:00,2024-03-05,1.8,1.95,1.8,1.95,320,10080,0
FINNIFTY05MAR2418800PE.NFO,2024-02-28,09:57:00,2024-03-05,1.95,1.95,1.95,1.95,0,10080,0
FINNIFTY05MAR2418800PE.NFO,2024-02-28,09:58:00,2024-03-05,1.95,1.95,1.9,1.9,200,10240,0
FINNIFTY05MAR2418800PE.NFO,2024-02-28,09:59:00,2024-03-05,1.9,2.0,1.9,2.0,640,10240,0
FINNIFTY05MAR2418800PE.NFO,2024-02-28,10:00:00,2024-03-05,2.0,2.05,2.0,2.05,1640,10240,0
FINNIFTY05MAR2418800PE.NFO,2024-02-28,10:01:00,2024-03-05,2.05,2.1,2.05,2.05,1280,12080,0
FINNIFTY05MAR2418800PE.NFO,2024-02-28,10:02:00,2024-03-05,2.05,2.1,2.05,2.1,0,12080,0
FINNIFTY05MAR2418800PE.NFO,2024-02-28,10:03:00,2024-03-05,2.1,2.1,2.1,2.1,240,12080,0
FINNIFTY05MAR2418800PE.NFO,2024-02-28,10:04:00,2024-03-05,2.1,2.15,2.1,2.1,720,12880,0
FINNIFTY05MAR2418800PE.NFO,2024-02-28,10:05:00,2024-03-05,2.1,2.2,1.95,1.95,3280,12880,0
FINNIFTY05MAR2418800PE.NFO,2024-02-28,10:06:00,2024-03-05,1.95,2.0,1.95,1.95,960,12880,0
FINNIFTY05MAR2418800PE.NFO,2024-02-28,10:07:00,2024-03-05,1.95,1.95,1.9,1.9,160,13120,0
FINNIFTY05MAR2418800PE.NFO,2024-02-28,10:08:00,2024-03-05,1.9,2.05,1.9,2.05,640,13120,0
FINNIFTY05MAR2418800PE.NFO,2024-02-28,10:09:00,2024-03-05,2.05,2.05,2.05,2.05,0,13120,0
FINNIFTY05MAR2418800PE.NFO,2024-02-28,10:10:00,2024-03-05,2.05,2.05,1.95,1.95,720,13920,0
FINNIFTY05MAR2418800PE.NFO,2024-02-28,10:11:00,2024-03-05,1.95,2.0,1.95,1.95,600,13920,0
FINNIFTY05MAR2418800PE.NFO,2024-02-28,10:12:00,2024-03-05,1.95,1.95,1.95,1.95,240,13920,0
FINNIFTY05MAR2418800PE.NFO,2024-02-28,10:13:00,2024-03-05,1.95,1.95,1.9,1.95,1160,14040,0
FINNIFTY05MAR2418800PE.NFO,2024-02-28,10:14:00,2024-03-05,1.95,1.95,1.85,1.9,1920,14040,0
FINNIFTY05MAR2418800PE.NFO,2024-02-28,10:15:00,2024-03-05,1.95,1.95,1.75,1.8,2040,14040,0
FINNIFTY05MAR2418800PE.NFO,2024-02-28,10:16:00,2024-03-05,1.8,1.8,1.7,1.75,280,13600,0
FINNIFTY05MAR2418800PE.NFO,2024-02-28,10:17:00,2024-03-05,1.75,1.75,1.75,1.75,480,13600,0
FINNIFTY05MAR2418800PE.NFO,2024-02-28,10:18:00,2024-03-05,1.75,1.75,1.75,1.75,0,13600,0
FINNIFTY05MAR2418800PE.NFO,2024-02-28,10:19:00,2024-03-05,1.75,1.75,1.75,1.75,280,13400,0
FINNIFTY05MAR2418800PE.NFO,2024-02-28,10:20:00,2024-03-05,1.8,1.8,1.7,1.75,120,13400,0
FINNIFTY05MAR2418800PE.NFO,2024-02-28,10:21:00,2024-03-05,1.75,1.75,1.75,1.75,720,13400,0
FINNIFTY05MAR2418800PE.NFO,2024-02-28,10:22:00,2024-03-05,1.75,1.75,1.7,1.75,200,13320,0
FINNIFTY05MAR2418800PE.NFO,2024-02-28,10:23:00,2024-03-05,1.75,1.75,1.7,1.7,360,13320,0
FINNIFTY05MAR2418800PE.NFO,2024-02-28,10:24:00,2024-03-05,1.7,1.75,1.7,1.75,40,13320,0
FINNIFTY05MAR2418800PE.NFO,2024-02-28,10:25:00,2024-03-05,1.75,1.85,1.7,1.85,3640,13360,0
FINNIFTY05MAR2418800PE.NFO,2024-02-28,10:26:00,2024-03-05,1.85,1.85,1.85,1.85,360,13360,0
FINNIFTY05MAR2418800PE.NFO,2024-02-28,10:27:00,2024-03-05,1.85,1.85,1.85,1.85,40,13360,0
FINNIFTY05MAR2418800PE.NFO,2024-02-28,10:28:00,2024-03-05,1.85,1.85,1.85,1.85,0,13360,0
FINNIFTY05MAR2418800PE.NFO,2024-02-28,10:29:00,2024-03-05,1.85,1.85,1.85,1.85,0,13360,0
FINNIFTY05MAR2418800PE.NFO,2024-02-28,10:30:00,2024-03-05,1.85,1.85,1.85,1.85,0,13360,0
FINNIFTY05MAR2418800PE.NFO,2024-02-28,10:31:00,2024-03-05,1.85,1.85,1.85,1.85,0,13360,0
FINNIFTY05MAR2418800PE.NFO,2024-02-28,10:32:00,2024-03-05,1.85,1.85,1.85,1.85,0,13360,0
FINNIFTY05MAR2418800PE.NFO,2024-02-28,10:33:00,2024-03-05,1.85,1.85,1.8,1.8,760,14800,0
FINNIFTY05MAR2418800PE.NFO,2024-02-28,10:34:00,2024-03-05,1.8,1.8,1.75,1.75,1960,15080,0
FINNIFTY05MAR2418800PE.NFO,2024-02-28,10:35:00,2024-03-05,1.75,1.75,1.75,1.75,200,15080,0
FINNIFTY05MAR2418800PE.NFO,2024-02-28,10:36:00,2024-03-05,1.75,1.75,1.75,1.75,40,15080,0
FINNIFTY05MAR2418800PE.NFO,2024-02-28,10:37:00,2024-03-05,1.75,1.75,1.75,1.75,0,15080,0
FINNIFTY05MAR2418800PE.NFO,2024-02-28,10:38:00,2024-03-05,1.75,1.8,1.75,1.8,360,15360,0
FINNIFTY05MAR2418800PE.NFO,2024-02-28,10:39:00,2024-03-05,1.8,1.85,1.8,1.85,80,15360,0
FINNIFTY05MAR2418800PE.NFO,2024-02-28,10:40:00,2024-03-05,1.85,1.85,1.85,1.85,0,15360,0
FINNIFTY05MAR2418800PE.NFO,2024-02-28,10:41:00,2024-03-05,1.85,1.85,1.85,1.85,0,15360,0
FINNIFTY05MAR2418800PE.NFO,2024-02-28,10:42:00,2024-03-05,1.8,1.8,1.8,1.8,600,15520,0
FINNIFTY05MAR2418800PE.NFO,2024-02-28,10:43:00,2024-03-05,1.8,1.8,1.75,1.75,560,15520,0
FINNIFTY05MAR2418800PE.NFO,2024-02-28,10:44:00,2024-03-05,1.75,1.8,1.75,1.75,600,15520,0
FINNIFTY05MAR2418800PE.NFO,2024-02-28,10:45:00,2024-03-05,1.75,1.75,1.75,1.75,0,15520,0
FINNIFTY05MAR2418800PE.NFO,2024-02-28,10:46:00,2024-03-05,1.75,1.75,1.75,1.75,0,15520,0
FINNIFTY05MAR2418800PE.NFO,2024-02-28,10:47:00,2024-03-05,1.75,1.75,1.75,1.75,1040,15600,0
FINNIFTY05MAR2418800PE.NFO,2024-02-28,10:48:00,2024-03-05,1.75,1.75,1.75,1.75,0,15600,0
FINNIFTY05MAR2418800PE.NFO,2024-02-28,10:49:00,2024-03-05,1.75,1.75,1.75,1.75,0,15600,0
FINNIFTY05MAR2418800PE.NFO,2024-02-28,10:50:00,2024-03-05,1.75,1.75,1.75,1.75,0,15600,0
FINNIFTY05MAR2418800PE.NFO,2024-02-28,10:51:00,2024-03-05,1.75,1.8,1.75,1.8,760,14560,0
FINNIFTY05MAR2418800PE.NFO,2024-02-28,10:52:00,2024-03-05,1.8,1.85,1.8,1.85,400,14400,0
FINNIFTY05MAR2418800PE.NFO,2024-02-28,10:53:00,2024-03-05,1.85,1.85,1.75,1.8,200,14400,0
FINNIFTY05MAR2418800PE.NFO,2024-02-28,10:54:00,2024-03-05,1.85,1.9,1.65,1.65,1000,14400,0
FINNIFTY05MAR2418800PE.NFO,2024-02-28,10:55:00,2024-03-05,1.75,1.8,1.75,1.75,6640,18520,0
FINNIFTY05MAR2418800PE.NFO,2024-02-28,10:56:00,2024-03-05,1.75,1.75,1.75,1.75,520,18520,0
FINNIFTY05MAR2418800PE.NFO,2024-02-28,10:57:00,2024-03-05,1.75,2.0,1.75,2.0,3920,18520,0
FINNIFTY05MAR2418800PE.NFO,2024-02-28,10:58:00,2024-03-05,2.0,2.1,1.95,2.05,320,19120,0
FINNIFTY05MAR2418800PE.NFO,2024-02-28,10:59:00,2024-03-05,2.05,2.3,2.05,2.1,1360,19120,0
FINNIFTY05MAR2418800PE.NFO,2024-02-28,11:00:00,2024-03-05,2.15,2.4,2.15,2.3,2680,19120,0
FINNIFTY05MAR2418800PE.NFO,2024-02-28,11:01:00,2024-03-05,2.3,2.4,2.25,2.25,1080,19880,0
FINNIFTY05MAR2418800PE.NFO,2024-02-28,11:02:00,2024-03-05,2.25,2.25,2.15,2.15,320,19880,0
FINNIFTY05MAR2418800PE.NFO,2024-02-28,11:03:00,2024-03-05,2.15,2.15,1.95,2.0,5280,19880,0
FINNIFTY05MAR2418800PE.NFO,2024-02-28,11:04:00,2024-03-05,2.0,2.05,1.9,2.05,3800,21000,0
FINNIFTY05MAR2418800PE.NFO,2024-02-28,11:05:00,2024-03-05,2.05,2.1,2.05,2.05,2160,21000,0
FINNIFTY05MAR2418800PE.NFO,2024-02-28,11:06:00,2024-03-05,2.0,2.05,1.95,2.0,720,21000,0
FINNIFTY05MAR2418800PE.NFO,2024-02-28,11:07:00,2024-03-05,2.0,2.0,2.0,2.0,0,21000,0
FINNIFTY05MAR2418800PE.NFO,2024-02-28,11:08:00,2024-03-05,2.0,2.1,1.85,1.85,4320,21600,0
FINNIFTY05MAR2418800PE.NFO,2024-02-28,11:09:00,2024-03-05,1.85,1.85,1.85,1.85,80,21600,0
FINNIFTY05MAR2418800PE.NFO,2024-02-28,11:10:00,2024-03-05,1.85,1.85,1.85,1.85,0,21600,0
FINNIFTY05MAR2418800PE.NFO,2024-02-28,11:11:00,2024-03-05,1.85,1.85,1.7,1.75,600,24520,0
FINNIFTY05MAR2418800PE.NFO,2024-02-28,11:12:00,2024-03-05,1.75,1.75,1.5,1.65,1160,24520,0
FINNIFTY05MAR2418800PE.NFO,2024-02-28,11:13:00,2024-03-05,1.65,1.65,1.6,1.6,120,24480,0
FINNIFTY05MAR2418800PE.NFO,2024-02-28,11:14:00,2024-03-05,1.6,1.6,1.6,1.6,240,24480,0
FINNIFTY05MAR2418800PE.NFO,2024-02-28,11:15:00,2024-03-05,1.6,1.6,1.6,1.6,0,24480,0
FINNIFTY05MAR2418800PE.NFO,2024-02-28,11:16:00,2024-03-05,1.6,1.6,1.5,1.6,1560,24480,0
FINNIFTY05MAR2418800PE.NFO,2024-02-28,11:17:00,2024-03-05,1.6,1.6,1.5,1.5,1760,24480,0
FINNIFTY05MAR2418800PE.NFO,2024-02-28,11:18:00,2024-03-05,1.5,1.55,1.5,1.55,1200,24480,0
FINNIFTY05MAR2418800PE.NFO,2024-02-28,11:19:00,2024-03-05,1.55,1.55,1.55,1.55,0,24480,0
FINNIFTY05MAR2418800PE.NFO,2024-02-28,11:20:00,2024-03-05,1.55,1.65,1.55,1.6,720,25160,0
FINNIFTY05MAR2418800PE.NFO,2024-02-28,11:21:00,2024-03-05,1.6,1.6,1.6,1.6,360,25160,0
FINNIFTY05MAR2418800PE.NFO,2024-02-28,11:22:00,2024-03-05,1.65,1.7,1.6,1.6,2200,26440,0
FINNIFTY05MAR2418800PE.NFO,2024-02-28,11:23:00,2024-03-05,1.6,1.6,1.6,1.6,280,26440,0
FINNIFTY05MAR2418800PE.NFO,2024-02-28,11:24:00,2024-03-05,1.6,1.6,1.6,1.6,160,26440,0
FINNIFTY05MAR2418800PE.NFO,2024-02-28,11:25:00,2024-03-05,1.6,1.6,1.6,1.6,0,26440,0
FINNIFTY05MAR2418800PE.NFO,2024-02-28,11:26:00,2024-03-05,1.7,1.7,1.7,1.7,80,25920,0
FINNIFTY05MAR2418800PE.NFO,2024-02-28,11:27:00,2024-03-05,1.7,1.7,1.7,1.7,0,25920,0
FINNIFTY05MAR2418800PE.NFO,2024-02-28,11:28:00,2024-03-05,1.7,1.7,1.6,1.6,80,25920,0
FINNIFTY05MAR2418800PE.NFO,2024-02-28,11:29:00,2024-03-05,1.6,1.6,1.55,1.55,80,25920,0
FINNIFTY05MAR2418800PE.NFO,2024-02-28,11:30:00,2024-03-05,1.55,1.55,1.55,1.55,400,25920,0
FINNIFTY05MAR2418800PE.NFO,2024-02-28,11:31:00,2024-03-05,1.55,1.55,1.4,1.45,6320,26120,0
FINNIFTY05MAR2418800PE.NFO,2024-02-28,11:32:00,2024-03-05,1.45,1.45,1.45,1.45,0,26120,0
FINNIFTY05MAR2418800PE.NFO,2024-02-28,11:33:00,2024-03-05,1.45,1.45,1.45,1.45,40,26120,0
FINNIFTY05MAR2418800PE.NFO,2024-02-28,11:34:00,2024-03-05,1.45,1.45,1.45,1.45,0,26120,0
FINNIFTY05MAR2418800PE.NFO,2024-02-28,11:35:00,2024-03-05,1.45,1.45,1.45,1.45,0,26120,0
FINNIFTY05MAR2418800PE.NFO,2024-02-28,11:36:00,2024-03-05,1.5,1.5,1.4,1.4,400,28400,0
FINNIFTY05MAR2418800PE.NFO,2024-02-28,11:37:00,2024-03-05,1.4,1.4,1.4,1.4,0,28400,0
FINNIFTY05MAR2418800PE.NFO,2024-02-28,11:38:00,2024-03-05,1.4,1.4,1.4,1.4,0,28400,0
FINNIFTY05MAR2418800PE.NFO,2024-02-28,11:39:00,2024-03-05,1.4,1.4,1.35,1.4,360,28400,0
FINNIFTY05MAR2418800PE.NFO,2024-02-28,11:40:00,2024-03-05,1.4,1.4,1.35,1.35,80,28400,0
FINNIFTY05MAR2418800PE.NFO,2024-02-28,11:41:00,2024-03-05,1.35,1.35,1.35,1.35,0,28400,0
FINNIFTY05MAR2418800PE.NFO,2024-02-28,11:42:00,2024-03-05,1.35,1.4,1.35,1.4,40,28400,0
FINNIFTY05MAR2418800PE.NFO,2024-02-28,11:43:00,2024-03-05,1.4,1.45,1.4,1.45,120,28400,0
FINNIFTY05MAR2418800PE.NFO,2024-02-28,11:44:00,2024-03-05,1.45,1.55,1.35,1.55,1880,28400,0
FINNIFTY05MAR2418800PE.NFO,2024-02-28,11:45:00,2024-03-05,1.5,1.55,1.45,1.55,400,28400,0
FINNIFTY05MAR2418800PE.NFO,2024-02-28,11:46:00,2024-03-05,1.55,1.55,1.55,1.55,40,28640,0
FINNIFTY05MAR2418800PE.NFO,2024-02-28,11:47:00,2024-03-05,1.55,1.65,1.55,1.6,2480,28640,0
FINNIFTY05MAR2418800PE.NFO,2024-02-28,11:48:00,2024-03-05,1.6,1.6,1.5,1.55,800,28640,0
FINNIFTY05MAR2418800PE.NFO,2024-02-28,11:49:00,2024-03-05,1.55,1.55,1.55,1.55,160,29160,0
FINNIFTY05MAR2418800PE.NFO,2024-02-28,11:50:00,2024-03-05,1.55,1.55,1.5,1.5,40,29160,0
FINNIFTY05MAR2418800PE.NFO,2024-02-28,11:51:00,2024-03-05,1.5,1.55,1.5,1.55,240,29160,0
FINNIFTY05MAR2418800PE.NFO,2024-02-28,11:52:00,2024-03-05,1.55,1.55,1.55,1.55,40,29160,0
FINNIFTY05MAR2418800PE.NFO,2024-02-28,11:53:00,2024-03-05,1.55,1.55,1.55,1.55,0,29160,0
FINNIFTY05MAR2418800PE.NFO,2024-02-28,11:54:00,2024-03-05,1.55,1.55,1.55,1.55,0,29160,0
FINNIFTY05MAR2418800PE.NFO,2024-02-28,11:55:00,2024-03-05,1.55,1.55,1.55,1.55,0,29160,0
FINNIFTY05MAR2418800PE.NFO,2024-02-28,11:56:00,2024-03-05,1.65,1.65,1.6,1.65,2240,29120,0
FINNIFTY05MAR2418800PE.NFO,2024-02-28,11:57:00,2024-03-05,1.65,1.65,1.65,1.65,80,29120,0
FINNIFTY05MAR2418800PE.NFO,2024-02-28,11:58:00,2024-03-05,1.65,1.65,1.65,1.65,120,30080,0
FINNIFTY05MAR2418800PE.NFO,2024-02-28,11:59:00,2024-03-05,1.7,1.7,1.65,1.65,520,30080,0
FINNIFTY05MAR2418800PE.NFO,2024-02-28,12:00:00,2024-03-05,1.65,1.65,1.65,1.65,320,30080,0
FINNIFTY05MAR2418800PE.NFO,2024-02-28,12:01:00,2024-03-05,1.65,1.7,1.65,1.7,520,30080,0
FINNIFTY05MAR2418800PE.NFO,2024-02-28,12:02:00,2024-03-05,1.7,1.75,1.7,1.75,600,30120,0
FINNIFTY05MAR2418800PE.NFO,2024-02-28,12:03:00,2024-03-05,1.75,1.75,1.75,1.75,0,30120,0
FINNIFTY05MAR2418800PE.NFO,2024-02-28,12:04:00,2024-03-05,1.75,1.75,1.75,1.75,160,29560,0
FINNIFTY05MAR2418800PE.NFO,2024-02-28,12:05:00,2024-03-05,1.75,1.75,1.75,1.75,320,29560,0
FINNIFTY05MAR2418800PE.NFO,2024-02-28,12:06:00,2024-03-05,1.75,1.75,1.75,1.75,0,29560,0
FINNIFTY05MAR2418800PE.NFO,2024-02-28,12:07:00,2024-03-05,1.75,1.75,1.75,1.75,0,29560,0
FINNIFTY05MAR2418800PE.NFO,2024-02-28,12:08:00,2024-03-05,1.75,1.75,1.7,1.7,120,29560,0
FINNIFTY05MAR2418800PE.NFO,2024-02-28,12:09:00,2024-03-05,1.7,1.7,1.7,1.7,160,29560,0
FINNIFTY05MAR2418800PE.NFO,2024-02-28,12:10:00,2024-03-05,1.7,1.7,1.65,1.65,120,29600,0
FINNIFTY05MAR2418800PE.NFO,2024-02-28,12:11:00,2024-03-05,1.65,1.65,1.65,1.65,0,29600,0
FINNIFTY05MAR2418800PE.NFO,2024-02-28,12:12:00,2024-03-05,1.65,1.7,1.65,1.65,520,29600,0
FINNIFTY05MAR2418800PE.NFO,2024-02-28,12:13:00,2024-03-05,1.65,1.7,1.65,1.7,200,29440,0
FINNIFTY05MAR2418800PE.NFO,2024-02-28,12:14:00,2024-03-05,1.7,1.7,1.65,1.65,240,29440,0
FINNIFTY05MAR2418800PE.NFO,2024-02-28,12:15:00,2024-03-05,1.65,1.65,1.65,1.65,0,29440,0
FINNIFTY05MAR2418800PE.NFO,2024-02-28,12:16:00,2024-03-05,1.65,1.65,1.65,1.65,40,29440,0
FINNIFTY05MAR2418800PE.NFO,2024-02-28,12:17:00,2024-03-05,1.65,1.65,1.65,1.65,0,29440,0
FINNIFTY05MAR2418800PE.NFO,2024-02-28,12:18:00,2024-03-05,1.65,1.65,1.65,1.65,0,29440,0
FINNIFTY05MAR2418800PE.NFO,2024-02-28,12:19:00,2024-03-05,1.65,1.65,1.65,1.65,0,29440,0
FINNIFTY05MAR2418800PE.NFO,2024-02-28,12:20:00,2024-03-05,1.65,1.65,1.65,1.65,0,29440,0
FINNIFTY05MAR2418800PE.NFO,2024-02-28,12:21:00,2024-03-05,1.65,1.65,1.65,1.65,0,29440,0
FINNIFTY05MAR2418800PE.NFO,2024-02-28,12:22:00,2024-03-05,1.65,1.65,1.65,1.65,0,29440,0
FINNIFTY05MAR2418800PE.NFO,2024-02-28,12:23:00,2024-03-05,1.65,1.65,1.65,1.65,0,29440,0
FINNIFTY05MAR2418800PE.NFO,2024-02-28,12:24:00,2024-03-05,1.65,1.7,1.65,1.7,40,29440,0
FINNIFTY05MAR2418800PE.NFO,2024-02-28,12:25:00,2024-03-05,1.7,1.7,1.7,1.7,0,29440,0
FINNIFTY05MAR2418800PE.NFO,2024-02-28,12:26:00,2024-03-05,1.7,1.7,1.7,1.7,0,29440,0
FINNIFTY05MAR2418800PE.NFO,2024-02-28,12:27:00,2024-03-05,1.7,1.7,1.7,1.7,0,29440,0
FINNIFTY05MAR2418800PE.NFO,2024-02-28,12:28:00,2024-03-05,1.7,1.7,1.7,1.7,0,29440,0
FINNIFTY05MAR2418800PE.NFO,2024-02-28,12:29:00,2024-03-05,1.7,1.7,1.7,1.7,0,29440,0
FINNIFTY05MAR2418800PE.NFO,2024-02-28,12:30:00,2024-03-05,1.7,1.8,1.7,1.8,160,29440,0
FINNIFTY05MAR2418800PE.NFO,2024-02-28,12:31:00,2024-03-05,1.8,1.8,1.75,1.75,40,29440,0
FINNIFTY05MAR2418800PE.NFO,2024-02-28,12:32:00,2024-03-05,1.75,1.8,1.75,1.75,280,29440,0
FINNIFTY05MAR2418800PE.NFO,2024-02-28,12:33:00,2024-03-05,1.75,1.75,1.75,1.75,0,29440,0
FINNIFTY05MAR2418800PE.NFO,2024-02-28,12:34:00,2024-03-05,1.75,1.85,1.75,1.8,960,30120,0
FINNIFTY05MAR2418800PE.NFO,2024-02-28,12:35:00,2024-03-05,1.8,1.85,1.75,1.85,720,30120,0
FINNIFTY05MAR2418800PE.NFO,2024-02-28,12:36:00,2024-03-05,1.85,1.85,1.85,1.85,360,30120,0
FINNIFTY05MAR2418800PE.NFO,2024-02-28,12:37:00,2024-03-05,1.85,1.85,1.8,1.8,240,29920,0
FINNIFTY05MAR2418800PE.NFO,2024-02-28,12:38:00,2024-03-05,1.8,1.8,1.8,1.8,80,29920,0
FINNIFTY05MAR2418800PE.NFO,2024-02-28,12:39:00,2024-03-05,1.8,1.8,1.8,1.8,160,29920,0
FINNIFTY05MAR2418800PE.NFO,2024-02-28,12:40:00,2024-03-05,1.8,1.85,1.75,1.75,600,29920,0
FINNIFTY05MAR2418800PE.NFO,2024-02-28,12:41:00,2024-03-05,1.75,1.75,1.7,1.75,320,29920,0
FINNIFTY05MAR2418800PE.NFO,2024-02-28,12:42:00,2024-03-05,1.75,1.75,1.7,1.7,280,29920,0
FINNIFTY05MAR2418800PE.NFO,2024-02-28,12:43:00,2024-03-05,1.7,1.75,1.7,1.7,880,30720,0
FINNIFTY05MAR2418800PE.NFO,2024-02-28,12:44:00,2024-03-05,1.7,1.7,1.7,1.7,40,30720,0
FINNIFTY05MAR2418800PE.NFO,2024-02-28,12:45:00,2024-03-05,1.7,1.7,1.65,1.65,240,30720,0
FINNIFTY05MAR2418800PE.NFO,2024-02-28,12:46:00,2024-03-05,1.65,1.75,1.65,1.75,80,30720,0
FINNIFTY05MAR2418800PE.NFO,2024-02-28,12:47:00,2024-03-05,1.75,1.75,1.75,1.75,120,30720,0
FINNIFTY05MAR2418800PE.NFO,2024-02-28,12:48:00,2024-03-05,1.75,1.75,1.7,1.75,120,30720,0
FINNIFTY05MAR2418800PE.NFO,2024-02-28,12:49:00,2024-03-05,1.75,1.75,1.75,1.75,0,30720,0
FINNIFTY05MAR2418800PE.NFO,2024-02-28,12:50:00,2024-03-05,1.75,1.75,1.7,1.75,520,30720,0
FINNIFTY05MAR2418800PE.NFO,2024-02-28,12:51:00,2024-03-05,1.75,1.75,1.75,1.75,40,30720,0
FINNIFTY05MAR2418800PE.NFO,2024-02-28,12:52:00,2024-03-05,1.75,1.75,1.75,1.75,0,30720,0
FINNIFTY05MAR2418800PE.NFO,2024-02-28,12:53:00,2024-03-05,1.75,1.75,1.75,1.75,0,30720,0
FINNIFTY05MAR2418800PE.NFO,2024-02-28,12:54:00,2024-03-05,1.75,1.9,1.75,1.9,2560,30680,0
FINNIFTY05MAR2418800PE.NFO,2024-02-28,12:55:00,2024-03-05,1.9,1.95,1.9,1.9,1080,30680,0
FINNIFTY05MAR2418800PE.NFO,2024-02-28,12:56:00,2024-03-05,1.95,1.95,1.9,1.9,760,32240,0
FINNIFTY05MAR2418800PE.NFO,2024-02-28,12:57:00,2024-03-05,1.9,1.95,1.9,1.95,40,32240,0
FINNIFTY05MAR2418800PE.NFO,2024-02-28,12:58:00,2024-03-05,1.95,2.0,1.95,2.0,120,31560,0
FINNIFTY05MAR2418800PE.NFO,2024-02-28,12:59:00,2024-03-05,2.0,2.1,1.95,1.95,1080,31560,0
FINNIFTY05MAR2418800PE.NFO,2024-02-28,13:00:00,2024-03-05,1.95,1.95,1.9,1.9,360,31560,0
FINNIFTY05MAR2418800PE.NFO,2024-02-28,13:01:00,2024-03-05,1.9,1.95,1.9,1.95,160,31600,0
FINNIFTY05MAR2418800PE.NFO,2024-02-28,13:02:00,2024-03-05,1.95,2.0,1.95,1.95,320,31600,0
FINNIFTY05MAR2418800PE.NFO,2024-02-28,13:03:00,2024-03-05,1.95,1.95,1.95,1.95,0,31600,0
FINNIFTY05MAR2418800PE.NFO,2024-02-28,13:04:00,2024-03-05,1.95,1.95,1.9,1.9,40,31600,0
FINNIFTY05MAR2418800PE.NFO,2024-02-28,13:05:00,2024-03-05,1.9,1.9,1.85,1.85,40,31520,0
FINNIFTY05MAR2418800PE.NFO,2024-02-28,13:06:00,2024-03-05,1.85,1.9,1.85,1.9,200,31520,0
FINNIFTY05MAR2418800PE.NFO,2024-02-28,13:07:00,2024-03-05,1.9,2.1,1.8,2.1,800,31520,0
FINNIFTY05MAR2418800PE.NFO,2024-02-28,13:08:00,2024-03-05,2.1,2.1,2.05,2.1,240,31520,0
FINNIFTY05MAR2418800PE.NFO,2024-02-28,13:09:00,2024-03-05,2.1,2.1,2.1,2.1,120,31520,0
FINNIFTY05MAR2418800PE.NFO,2024-02-28,13:10:00,2024-03-05,2.1,2.1,2.0,2.0,40,31520,0
FINNIFTY05MAR2418800PE.NFO,2024-02-28,13:11:00,2024-03-05,2.0,2.1,2.0,2.05,360,31560,0
FINNIFTY05MAR2418800PE.NFO,2024-02-28,13:12:00,2024-03-05,2.05,2.1,2.05,2.1,2080,31560,0
FINNIFTY05MAR2418800PE.NFO,2024-02-28,13:13:00,2024-03-05,2.1,2.65,2.1,2.65,5360,33720,0
FINNIFTY05MAR2418800PE.NFO,2024-02-28,13:14:00,2024-03-05,2.65,3.0,2.65,2.95,2200,33720,0
FINNIFTY05MAR2418800PE.NFO,2024-02-28,13:15:00,2024-03-05,2.85,3.0,2.8,2.8,2200,33720,0
FINNIFTY05MAR2418800PE.NFO,2024-02-28,13:16:00,2024-03-05,2.85,2.9,2.7,2.75,2360,34520,0
FINNIFTY05MAR2418800PE.NFO,2024-02-28,13:17:00,2024-03-05,2.7,2.75,2.5,2.5,560,34520,0
FINNIFTY05MAR2418800PE.NFO,2024-02-28,13:18:00,2024-03-05,2.5,2.5,2.3,2.35,1880,34520,0
FINNIFTY05MAR2418800PE.NFO,2024-02-28,13:19:00,2024-03-05,2.35,2.35,2.2,2.2,960,35280,0
FINNIFTY05MAR2418800PE.NFO,2024-02-28,13:20:00,2024-03-05,2.2,2.2,2.05,2.05,880,35280,0
FINNIFTY05MAR2418800PE.NFO,2024-02-28,13:21:00,2024-03-05,2.05,2.05,2.05,2.05,440,35280,0
FINNIFTY05MAR2418800PE.NFO,2024-02-28,13:22:00,2024-03-05,2.05,2.1,2.0,2.1,560,35280,0
FINNIFTY05MAR2418800PE.NFO,2024-02-28,13:23:00,2024-03-05,2.1,2.1,2.0,2.0,1440,35120,0
FINNIFTY05MAR2418800PE.NFO,2024-02-28,13:24:00,2024-03-05,2.0,2.0,1.9,1.9,160,35120,0
FINNIFTY05MAR2418800PE.NFO,2024-02-28,13:25:00,2024-03-05,1.9,1.9,1.9,1.9,600,34800,0
FINNIFTY05MAR2418800PE.NFO,2024-02-28,13:26:00,2024-03-05,1.9,2.05,1.9,2.05,480,34800,0
FINNIFTY05MAR2418800PE.NFO,2024-02-28,13:27:00,2024-03-05,2.05,2.05,2.05,2.05,600,34800,0
FINNIFTY05MAR2418800PE.NFO,2024-02-28,13:28:00,2024-03-05,2.05,2.05,2.05,2.05,0,34800,0
FINNIFTY05MAR2418800PE.NFO,2024-02-28,13:29:00,2024-03-05,1.95,1.95,1.85,1.85,480,35000,0
FINNIFTY05MAR2418800PE.NFO,2024-02-28,13:30:00,2024-03-05,1.85,1.9,1.8,1.9,1840,35000,0
FINNIFTY05MAR2418800PE.NFO,2024-02-28,13:31:00,2024-03-05,1.9,1.9,1.75,1.75,440,35000,0
FINNIFTY05MAR2418800PE.NFO,2024-02-28,13:32:00,2024-03-05,1.75,1.8,1.75,1.75,800,35040,0
FINNIFTY05MAR2418800PE.NFO,2024-02-28,13:33:00,2024-03-05,1.75,1.85,1.75,1.85,600,35040,0
FINNIFTY05MAR2418800PE.NFO,2024-02-28,13:34:00,2024-03-05,1.85,1.85,1.8,1.85,640,35880,0
FINNIFTY05MAR2418800PE.NFO,2024-02-28,13:35:00,2024-03-05,1.85,1.85,1.8,1.85,480,35880,0
FINNIFTY05MAR2418800PE.NFO,2024-02-28,13:36:00,2024-03-05,1.85,1.85,1.85,1.85,80,35880,0
FINNIFTY05MAR2418800PE.NFO,2024-02-28,13:37:00,2024-03-05,1.8,1.8,1.8,1.8,40,35880,0
FINNIFTY05MAR2418800PE.NFO,2024-02-28,13:38:00,2024-03-05,1.8,1.8,1.8,1.8,0,35880,0
FINNIFTY05MAR2418800PE.NFO,2024-02-28,13:39:00,2024-03-05,1.8,1.8,1.8,1.8,0,35880,0
FINNIFTY05MAR2418800PE.NFO,2024-02-28,13:40:00,2024-03-05,1.8,1.8,1.8,1.8,0,35880,0
FINNIFTY05MAR2418800PE.NFO,2024-02-28,13:41:00,2024-03-05,1.8,1.8,1.8,1.8,0,35880,0
FINNIFTY05MAR2418800PE.NFO,2024-02-28,13:42:00,2024-03-05,1.8,1.8,1.8,1.8,0,35880,0
FINNIFTY05MAR2418800PE.NFO,2024-02-28,13:43:00,2024-03-05,1.8,1.8,1.8,1.8,80,35720,0
FINNIFTY05MAR2418800PE.NFO,2024-02-28,13:44:00,2024-03-05,1.8,1.85,1.8,1.85,280,35640,0
FINNIFTY05MAR2418800PE.NFO,2024-02-28,13:45:00,2024-03-05,1.85,1.85,1.85,1.85,0,35640,0
FINNIFTY05MAR2418800PE.NFO,2024-02-28,13:46:00,2024-03-05,1.85,1.85,1.85,1.85,0,35640,0
FINNIFTY05MAR2418800PE.NFO,2024-02-28,13:47:00,2024-03-05,1.85,1.85,1.85,1.85,0,35640,0
FINNIFTY05MAR2418800PE.NFO,2024-02-28,13:48:00,2024-03-05,1.85,1.85,1.85,1.85,0,35640,0
FINNIFTY05MAR2418800PE.NFO,2024-02-28,13:49:00,2024-03-05,1.85,1.9,1.85,1.9,200,35440,0
FINNIFTY05MAR2418800PE.NFO,2024-02-28,13:50:00,2024-03-05,1.9,1.9,1.9,1.9,80,35440,0
FINNIFTY05MAR2418800PE.NFO,2024-02-28,13:51:00,2024-03-05,1.9,1.9,1.9,1.9,40,35440,0
FINNIFTY05MAR2418800PE.NFO,2024-02-28,13:52:00,2024-03-05,1.9,1.9,1.9,1.9,0,35440,0
FINNIFTY05MAR2418800PE.NFO,2024-02-28,13:53:00,2024-03-05,1.9,1.9,1.85,1.85,360,35240,0
FINNIFTY05MAR2418800PE.NFO,2024-02-28,13:54:00,2024-03-05,1.85,1.85,1.85,1.85,80,35240,0
FINNIFTY05MAR2418800PE.NFO,2024-02-28,13:55:00,2024-03-05,1.85,1.85,1.85,1.85,80,35240,0
FINNIFTY05MAR2418800PE.NFO,2024-02-28,13:56:00,2024-03-05,1.85,1.85,1.8,1.8,40,35280,0
FINNIFTY05MAR2418800PE.NFO,2024-02-28,13:57:00,2024-03-05,1.8,1.85,1.75,1.75,960,35280,0
FINNIFTY05MAR2418800PE.NFO,2024-02-28,13:58:00,2024-03-05,1.75,1.75,1.75,1.75,160,35280,0
FINNIFTY05MAR2418800PE.NFO,2024-02-28,13:59:00,2024-03-05,1.75,1.75,1.75,1.75,80,34520,0
FINNIFTY05MAR2418800PE.NFO,2024-02-28,14:00:00,2024-03-05,1.75,1.75,1.75,1.75,80,34520,0
FINNIFTY05MAR2418800PE.NFO,2024-02-28,14:01:00,2024-03-05,1.75,1.8,1.75,1.75,360,34520,0
FINNIFTY05MAR2418800PE.NFO,2024-02-28,14:02:00,2024-03-05,1.75,1.75,1.75,1.75,0,34520,0
FINNIFTY05MAR2418800PE.NFO,2024-02-28,14:03:00,2024-03-05,1.75,1.75,1.75,1.75,0,34520,0
FINNIFTY05MAR2418800PE.NFO,2024-02-28,14:04:00,2024-03-05,1.75,1.8,1.75,1.8,80,34600,0
FINNIFTY05MAR2418800PE.NFO,2024-02-28,14:05:00,2024-03-05,1.8,1.8,1.8,1.8,0,34600,0
FINNIFTY05MAR2418800PE.NFO,2024-02-28,14:06:00,2024-03-05,1.8,1.8,1.75,1.75,40,34560,0
FINNIFTY05MAR2418800PE.NFO,2024-02-28,14:07:00,2024-03-05,1.75,1.8,1.75,1.8,80,34600,0
FINNIFTY05MAR2418800PE.NFO,2024-02-28,14:08:00,2024-03-05,1.8,1.8,1.75,1.75,160,34600,0
FINNIFTY05MAR2418800PE.NFO,2024-02-28,14:09:00,2024-03-05,1.75,1.75,1.75,1.75,0,34600,0
FINNIFTY05MAR2418800PE.NFO,2024-02-28,14:10:00,2024-03-05,1.75,1.75,1.75,1.75,160,34600,0
FINNIFTY05MAR2418800PE.NFO,2024-02-28,14:11:00,2024-03-05,1.75,1.75,1.75,1.75,0,34600,0
FINNIFTY05MAR2418800PE.NFO,2024-02-28,14:12:00,2024-03-05,1.75,1.75,1.7,1.7,80,34600,0
FINNIFTY05MAR2418800PE.NFO,2024-02-28,14:13:00,2024-03-05,1.7,1.7,1.65,1.65,600,34600,0
FINNIFTY05MAR2418800PE.NFO,2024-02-28,14:14:00,2024-03-05,1.65,1.65,1.65,1.65,0,34600,0
FINNIFTY05MAR2418800PE.NFO,2024-02-28,14:15:00,2024-03-05,1.65,1.65,1.65,1.65,0,34600,0
FINNIFTY05MAR2418800PE.NFO,2024-02-28,14:16:00,2024-03-05,1.65,1.75,1.65,1.75,200,34160,0
FINNIFTY05MAR2418800PE.NFO,2024-02-28,14:17:00,2024-03-05,1.75,1.75,1.75,1.75,40,34320,0
FINNIFTY05MAR2418800PE.NFO,2024-02-28,14:18:00,2024-03-05,1.75,1.75,1.75,1.75,0,34320,0
FINNIFTY05MAR2418800PE.NFO,2024-02-28,14:19:00,2024-03-05,1.75,1.75,1.75,1.75,240,34320,0
FINNIFTY05MAR2418800PE.NFO,2024-02-28,14:20:00,2024-03-05,1.75,1.75,1.75,1.75,80,34440,0
FINNIFTY05MAR2418800PE.NFO,2024-02-28,14:21:00,2024-03-05,1.75,1.75,1.75,1.75,0,34440,0
FINNIFTY05MAR2418800PE.NFO,2024-02-28,14:22:00,2024-03-05,1.75,1.75,1.75,1.75,0,34440,0
FINNIFTY05MAR2418800PE.NFO,2024-02-28,14:23:00,2024-03-05,1.75,1.8,1.75,1.8,160,34400,0
FINNIFTY05MAR2418800PE.NFO,2024-02-28,14:24:00,2024-03-05,1.8,1.8,1.75,1.8,200,34400,0
FINNIFTY05MAR2418800PE.NFO,2024-02-28,14:25:00,2024-03-05,1.8,1.8,1.8,1.8,0,34400,0
FINNIFTY05MAR2418800PE.NFO,2024-02-28,14:26:00,2024-03-05,1.8,1.8,1.8,1.8,0,34400,0
FINNIFTY05MAR2418800PE.NFO,2024-02-28,14:27:00,2024-03-05,1.8,1.8,1.8,1.8,0,34400,0
FINNIFTY05MAR2418800PE.NFO,2024-02-28,14:28:00,2024-03-05,1.8,1.8,1.7,1.7,40,34560,0
FINNIFTY05MAR2418800PE.NFO,2024-02-28,14:29:00,2024-03-05,1.7,1.7,1.7,1.7,0,34560,0
FINNIFTY05MAR2418800PE.NFO,2024-02-28,14:30:00,2024-03-05,1.7,1.7,1.7,1.7,0,34560,0
FINNIFTY05MAR2418800PE.NFO,2024-02-28,14:31:00,2024-03-05,1.75,1.85,1.75,1.75,1160,34560,0
FINNIFTY05MAR2418800PE.NFO,2024-02-28,14:32:00,2024-03-05,1.75,1.75,1.75,1.75,40,35000,0
FINNIFTY05MAR2418800PE.NFO,2024-02-28,14:33:00,2024-03-05,1.75,2.05,1.75,2.0,200,35000,0
FINNIFTY05MAR2418800PE.NFO,2024-02-28,14:34:00,2024-03-05,2.0,2.0,1.95,1.95,200,35000,0
FINNIFTY05MAR2418800PE.NFO,2024-02-28,14:35:00,2024-03-05,1.95,1.95,1.9,1.9,40,34680,0
FINNIFTY05MAR2418800PE.NFO,2024-02-28,14:36:00,2024-03-05,1.9,1.9,1.9,1.9,120,34680,0
FINNIFTY05MAR2418800PE.NFO,2024-02-28,14:37:00,2024-03-05,1.9,1.9,1.9,1.9,0,34680,0
FINNIFTY05MAR2418800PE.NFO,2024-02-28,14:38:00,2024-03-05,1.9,2.0,1.9,2.0,440,34800,0
FINNIFTY05MAR2418800PE.NFO,2024-02-28,14:39:00,2024-03-05,2.0,2.0,1.9,1.9,160,34800,0
FINNIFTY05MAR2418800PE.NFO,2024-02-28,14:40:00,2024-03-05,1.85,1.85,1.85,1.85,280,34800,0
FINNIFTY05MAR2418800PE.NFO,2024-02-28,14:41:00,2024-03-05,1.85,1.85,1.8,1.85,640,34640,0
FINNIFTY05MAR2418800PE.NFO,2024-02-28,14:42:00,2024-03-05,1.85,1.85,1.85,1.85,120,34640,0
FINNIFTY05MAR2418800PE.NFO,2024-02-28,14:43:00,2024-03-05,1.85,2.05,1.85,2.05,680,34640,0
FINNIFTY05MAR2418800PE.NFO,2024-02-28,14:44:00,2024-03-05,2.05,2.05,2.05,2.05,80,34640,0
FINNIFTY05MAR2418800PE.NFO,2024-02-28,14:45:00,2024-03-05,2.05,2.05,1.85,1.85,160,34640,0
FINNIFTY05MAR2418800PE.NFO,2024-02-28,14:46:00,2024-03-05,1.85,1.85,1.85,1.85,360,34640,0
FINNIFTY05MAR2418800PE.NFO,2024-02-28,14:47:00,2024-03-05,1.85,1.85,1.8,1.8,120,34640,0
FINNIFTY05MAR2418800PE.NFO,2024-02-28,14:48:00,2024-03-05,1.8,1.8,1.8,1.8,0,34640,0
FINNIFTY05MAR2418800PE.NFO,2024-02-28,14:49:00,2024-03-05,1.8,1.85,1.8,1.85,600,34640,0
FINNIFTY05MAR2418800PE.NFO,2024-02-28,14:50:00,2024-03-05,1.85,1.85,1.8,1.8,440,34480,0
FINNIFTY05MAR2418800PE.NFO,2024-02-28,14:51:00,2024-03-05,1.8,1.8,1.8,1.8,120,34480,0
FINNIFTY05MAR2418800PE.NFO,2024-02-28,14:52:00,2024-03-05,1.8,1.8,1.8,1.8,520,34480,0
FINNIFTY05MAR2418800PE.NFO,2024-02-28,14:53:00,2024-03-05,1.8,1.95,1.8,1.95,240,34040,0
FINNIFTY05MAR2418800PE.NFO,2024-02-28,14:54:00,2024-03-05,1.95,2.0,1.95,2.0,400,34040,0
FINNIFTY05MAR2418800PE.NFO,2024-02-28,14:55:00,2024-03-05,2.0,2.05,2.0,2.05,160,34040,0
FINNIFTY05MAR2418800PE.NFO,2024-02-28,14:56:00,2024-03-05,2.05,2.15,1.95,2.15,160,34000,0
FINNIFTY05MAR2418800PE.NFO,2024-02-28,14:57:00,2024-03-05,2.15,2.15,2.05,2.05,760,34000,0
FINNIFTY05MAR2418800PE.NFO,2024-02-28,14:58:00,2024-03-05,2.05,2.05,2.0,2.05,360,34000,0
FINNIFTY05MAR2418800PE.NFO,2024-02-28,14:59:00,2024-03-05,2.05,2.05,2.0,2.05,760,33640,0
FINNIFTY05MAR2418800PE.NFO,2024-02-28,15:00:00,2024-03-05,2.05,2.05,2.05,2.05,40,33640,0
FINNIFTY05MAR2418800PE.NFO,2024-02-28,15:01:00,2024-03-05,2.05,2.05,1.85,1.85,40,33640,0
FINNIFTY05MAR2418800PE.NFO,2024-02-28,15:02:00,2024-03-05,1.85,1.95,1.85,1.95,640,33880,0
FINNIFTY05MAR2418800PE.NFO,2024-02-28,15:03:00,2024-03-05,1.95,1.95,1.9,1.9,40,33880,0
FINNIFTY05MAR2418800PE.NFO,2024-02-28,15:04:00,2024-03-05,1.9,1.9,1.9,1.9,400,33880,0
FINNIFTY05MAR2418800PE.NFO,2024-02-28,15:05:00,2024-03-05,1.9,1.95,1.9,1.95,160,34120,0
FINNIFTY05MAR2418800PE.NFO,2024-02-28,15:06:00,2024-03-05,1.95,1.95,1.9,1.9,80,34120,0
FINNIFTY05MAR2418800PE.NFO,2024-02-28,15:07:00,2024-03-05,1.9,1.95,1.9,1.95,200,34120,0
FINNIFTY05MAR2418800PE.NFO,2024-02-28,15:08:00,2024-03-05,1.95,2.05,1.95,2.05,280,33840,0
FINNIFTY05MAR2418800PE.NFO,2024-02-28,15:09:00,2024-03-05,2.05,2.1,2.05,2.1,160,33840,0
FINNIFTY05MAR2418800PE.NFO,2024-02-28,15:10:00,2024-03-05,2.15,2.3,2.15,2.3,840,33840,0
FINNIFTY05MAR2418800PE.NFO,2024-02-28,15:11:00,2024-03-05,2.35,2.45,2.25,2.45,1400,34440,0
FINNIFTY05MAR2418800PE.NFO,2024-02-28,15:12:00,2024-03-05,2.45,2.5,2.4,2.5,1080,34440,0
FINNIFTY05MAR2418800PE.NFO,2024-02-28,15:13:00,2024-03-05,2.5,2.6,2.5,2.5,7080,34440,0
FINNIFTY05MAR2418800PE.NFO,2024-02-28,15:14:00,2024-03-05,2.5,2.5,2.35,2.35,720,34000,0
FINNIFTY05MAR2418800PE.NFO,2024-02-28,15:15:00,2024-03-05,2.35,2.35,2.25,2.3,1680,34000,0
FINNIFTY05MAR2418800PE.NFO,2024-02-28,15:16:00,2024-03-05,2.3,2.55,2.3,2.55,240,34000,0
FINNIFTY05MAR2418800PE.NFO,2024-02-28,15:17:00,2024-03-05,2.55,2.55,2.4,2.4,680,33920,0
FINNIFTY05MAR2418800PE.NFO,2024-02-28,15:18:00,2024-03-05,2.4,2.4,2.4,2.4,0,33920,0
FINNIFTY05MAR2418800PE.NFO,2024-02-28,15:19:00,2024-03-05,2.4,2.5,2.4,2.5,160,33920,0
FINNIFTY05MAR2418800PE.NFO,2024-02-28,15:20:00,2024-03-05,2.5,2.5,2.3,2.45,1560,34160,0
FINNIFTY05MAR2418800PE.NFO,2024-02-28,15:21:00,2024-03-05,2.45,2.5,2.45,2.45,4040,34160,0
FINNIFTY05MAR2418800PE.NFO,2024-02-28,15:22:00,2024-03-05,2.45,2.5,2.45,2.5,5840,34160,0
FINNIFTY05MAR2418800PE.NFO,2024-02-28,15:23:00,2024-03-05,2.5,2.5,2.4,2.4,1040,34880,0
FINNIFTY05MAR2418800PE.NFO,2024-02-28,15:24:00,2024-03-05,2.4,2.4,2.35,2.4,2800,34880,0
FINNIFTY05MAR2418800PE.NFO,2024-02-28,15:25:00,2024-03-05,2.4,2.45,2.1,2.3,3480,34880,0
FINNIFTY05MAR2418800PE.NFO,2024-02-28,15:26:00,2024-03-05,2.3,2.3,2.2,2.3,520,33400,0
FINNIFTY05MAR2418800PE.NFO,2024-02-28,15:27:00,2024-03-05,2.25,2.55,2.15,2.5,3880,33400,0
FINNIFTY05MAR2418800PE.NFO,2024-02-28,15:28:00,2024-03-05,2.5,2.6,2.35,2.35,1640,33400,0
FINNIFTY05MAR2418800PE.NFO,2024-02-28,15:29:00,2024-03-05,2.35,2.65,1.6,2.45,2360,34400,0
FINNIFTY05MAR2418800PE.NFO,2024-02-28,15:30:00,2024-03-05,2.45,2.45,2.45,2.45,2360,34400,1
FINNIFTY05MAR2418800PE.NFO,2024-02-29,09:15:00,2024-03-05,2.35,2.75,2.1,2.75,2520,33440,0
FINNIFTY05MAR2418800PE.NFO,2024-02-29,09:16:00,2024-03-05,2.35,2.8,2.3,2.6,3360,33480,0
FINNIFTY05MAR2418800PE.NFO,2024-02-29,09:17:00,2024-03-05,2.6,2.6,2.35,2.35,4600,33480,0
FINNIFTY05MAR2418800PE.NFO,2024-02-29,09:18:00,2024-03-05,2.35,2.35,2.05,2.05,3920,33480,0
FINNIFTY05MAR2418800PE.NFO,2024-02-29,09:19:00,2024-03-05,2.05,2.25,2.05,2.2,2880,33400,0
FINNIFTY05MAR2418800PE.NFO,2024-02-29,09:20:00,2024-03-05,2.2,2.4,2.15,2.4,2800,33400,0
FINNIFTY05MAR2418800PE.NFO,2024-02-29,09:21:00,2024-03-05,2.3,2.4,2.25,2.3,4640,33400,0
FINNIFTY05MAR2418800PE.NFO,2024-02-29,09:22:00,2024-03-05,2.4,2.65,2.4,2.65,2480,31360,0
FINNIFTY05MAR2418800PE.NFO,2024-02-29,09:23:00,2024-03-05,2.65,2.8,2.6,2.7,800,31360,0
FINNIFTY05MAR2418800PE.NFO,2024-02-29,09:24:00,2024-03-05,2.7,2.7,2.6,2.6,360,31360,0
FINNIFTY05MAR2418800PE.NFO,2024-02-29,09:25:00,2024-03-05,2.6,2.6,2.5,2.55,2000,30200,0
FINNIFTY05MAR2418800PE.NFO,2024-02-29,09:26:00,2024-03-05,2.55,2.55,2.45,2.45,880,30200,0
FINNIFTY05MAR2418800PE.NFO,2024-02-29,09:27:00,2024-03-05,2.45,2.5,2.45,2.45,800,30200,0
FINNIFTY05MAR2418800PE.NFO,2024-02-29,09:28:00,2024-03-05,2.45,2.45,2.35,2.35,400,31320,0
FINNIFTY05MAR2418800PE.NFO,2024-02-29,09:29:00,2024-03-05,2.35,2.35,2.35,2.35,320,31320,0
FINNIFTY05MAR2418800PE.NFO,2024-02-29,09:30:00,2024-03-05,2.35,2.35,2.25,2.3,1760,31320,0
FINNIFTY05MAR2418800PE.NFO,2024-02-29,09:31:00,2024-03-05,2.3,2.5,2.3,2.45,3560,32440,0
FINNIFTY05MAR2418800PE.NFO,2024-02-29,09:32:00,2024-03-05,2.45,2.45,2.4,2.4,280,32440,0
FINNIFTY05MAR2418800PE.NFO,2024-02-29,09:33:00,2024-03-05,2.45,2.55,2.4,2.4,1680,32440,0
FINNIFTY05MAR2418800PE.NFO,2024-02-29,09:34:00,2024-03-05,2.45,2.55,2.4,2.55,2920,32120,0
FINNIFTY05MAR2418800PE.NFO,2024-02-29,09:35:00,2024-03-05,2.55,2.6,2.45,2.6,3760,32120,0
FINNIFTY05MAR2418800PE.NFO,2024-02-29,09:36:00,2024-03-05,2.55,2.6,2.45,2.5,2200,32120,0
FINNIFTY05MAR2418800PE.NFO,2024-02-29,09:37:00,2024-03-05,2.5,2.75,2.5,2.7,2880,32040,0
FINNIFTY05MAR2418800PE.NFO,2024-02-29,09:38:00,2024-03-05,2.7,2.9,2.6,2.75,1360,32040,0
FINNIFTY05MAR2418800PE.NFO,2024-02-29,09:39:00,2024-03-05,2.75,2.9,2.7,2.8,8280,32040,0
FINNIFTY05MAR2418800PE.NFO,2024-02-29,09:40:00,2024-03-05,2.8,2.85,2.75,2.85,1080,34880,0
FINNIFTY05MAR2418800PE.NFO,2024-02-29,09:41:00,2024-03-05,2.8,2.9,2.75,2.8,760,34880,0
FINNIFTY05MAR2418800PE.NFO,2024-02-29,09:42:00,2024-03-05,2.8,2.85,2.7,2.7,3000,34880,0
FINNIFTY05MAR2418800PE.NFO,2024-02-29,09:43:00,2024-03-05,2.75,2.8,2.75,2.8,5800,34760,0
FINNIFTY05MAR2418800PE.NFO,2024-02-29,09:44:00,2024-03-05,2.8,2.8,2.75,2.75,160,34760,0
FINNIFTY05MAR2418800PE.NFO,2024-02-29,09:45:00,2024-03-05,2.85,2.85,2.75,2.75,800,34760,0
FINNIFTY05MAR2418800PE.NFO,2024-02-29,09:46:00,2024-03-05,2.75,2.8,2.75,2.8,0,35680,0
FINNIFTY05MAR2418800PE.NFO,2024-02-29,09:47:00,2024-03-05,2.8,2.8,2.75,2.8,560,35680,0
FINNIFTY05MAR2418800PE.NFO,2024-02-29,09:48:00,2024-03-05,2.8,2.8,2.7,2.7,4000,35680,0
FINNIFTY05MAR2418800PE.NFO,2024-02-29,09:49:00,2024-03-05,2.7,2.7,2.7,2.7,280,35680,0
FINNIFTY05MAR2418800PE.NFO,2024-02-29,09:50:00,2024-03-05,2.7,2.7,2.7,2.7,1640,38440,0
FINNIFTY05MAR2418800PE.NFO,2024-02-29,09:51:00,2024-03-05,2.7,2.7,2.65,2.7,2960,38440,0
FINNIFTY05MAR2418800PE.NFO,2024-02-29,09:52:00,2024-03-05,2.7,2.7,2.65,2.65,1760,40240,0
FINNIFTY05MAR2418800PE.NFO,2024-02-29,09:53:00,2024-03-05,2.65,2.65,2.4,2.4,640,40240,0
FINNIFTY05MAR2418800PE.NFO,2024-02-29,09:54:00,2024-03-05,2.6,2.6,2.4,2.5,10080,40240,0
FINNIFTY05MAR2418800PE.NFO,2024-02-29,09:55:00,2024-03-05,2.5,2.5,2.45,2.45,8840,51960,0
FINNIFTY05MAR2418800PE.NFO,2024-02-29,09:56:00,2024-03-05,2.45,2.6,2.4,2.4,3040,51960,0
FINNIFTY05MAR2418800PE.NFO,2024-02-29,09:57:00,2024-03-05,2.4,2.45,2.35,2.35,2480,51960,0
FINNIFTY05MAR2418800PE.NFO,2024-02-29,09:58:00,2024-03-05,2.35,2.35,2.25,2.3,1480,53440,0
FINNIFTY05MAR2418800PE.NFO,2024-02-29,09:59:00,2024-03-05,2.3,2.3,2.2,2.25,1600,53440,0
FINNIFTY05MAR2418800PE.NFO,2024-02-29,10:00:00,2024-03-05,2.25,2.25,2.1,2.2,920,53440,0
FINNIFTY05MAR2418800PE.NFO,2024-02-29,10:01:00,2024-03-05,2.2,2.35,2.2,2.2,2200,53480,0
FINNIFTY05MAR2418800PE.NFO,2024-02-29,10:02:00,2024-03-05,2.2,2.25,2.2,2.2,680,53480,0
FINNIFTY05MAR2418800PE.NFO,2024-02-29,10:03:00,2024-03-05,2.2,2.2,2.2,2.2,120,53480,0
FINNIFTY05MAR2418800PE.NFO,2024-02-29,10:04:00,2024-03-05,2.2,2.25,2.2,2.25,400,53160,0
FINNIFTY05MAR2418800PE.NFO,2024-02-29,10:05:00,2024-03-05,2.25,2.3,2.25,2.25,320,53160,0
FINNIFTY05MAR2418800PE.NFO,2024-02-29,10:06:00,2024-03-05,2.25,2.25,2.15,2.2,560,53160,0
FINNIFTY05MAR2418800PE.NFO,2024-02-29,10:07:00,2024-03-05,2.2,2.35,2.15,2.35,960,53280,0
FINNIFTY05MAR2418800PE.NFO,2024-02-29,10:08:00,2024-03-05,2.35,2.55,2.35,2.55,1800,53280,0
FINNIFTY05MAR2418800PE.NFO,2024-02-29,10:09:00,2024-03-05,2.5,2.8,2.5,2.7,4920,53280,0
FINNIFTY05MAR2418800PE.NFO,2024-02-29,10:10:00,2024-03-05,2.7,2.95,2.7,2.9,4160,54880,0
FINNIFTY05MAR2418800PE.NFO,2024-02-29,10:11:00,2024-03-05,2.9,2.9,2.7,2.7,920,54880,0
FINNIFTY05MAR2418800PE.NFO,2024-02-29,10:12:00,2024-03-05,2.7,2.75,2.65,2.7,2320,54880,0
FINNIFTY05MAR2418800PE.NFO,2024-02-29,10:13:00,2024-03-05,2.7,2.95,2.65,2.85,5280,56200,0
FINNIFTY05MAR2418800PE.NFO,2024-02-29,10:14:00,2024-03-05,2.85,2.85,2.65,2.75,2600,56200,0
FINNIFTY05MAR2418800PE.NFO,2024-02-29,10:15:00,2024-03-05,2.7,2.75,2.6,2.7,1800,56200,0
FINNIFTY05MAR2418800PE.NFO,2024-02-29,10:16:00,2024-03-05,2.7,3.0,2.7,2.95,3160,60480,0
FINNIFTY05MAR2418800PE.NFO,2024-02-29,10:17:00,2024-03-05,2.9,2.95,2.8,2.9,3480,60480,0
FINNIFTY05MAR2418800PE.NFO,2024-02-29,10:18:00,2024-03-05,2.9,2.95,2.9,2.9,1600,60480,0
FINNIFTY05MAR2418800PE.NFO,2024-02-29,10:19:00,2024-03-05,2.9,3.0,2.9,3.0,1520,61640,0
FINNIFTY05MAR2418800PE.NFO,2024-02-29,10:20:00,2024-03-05,3.0,3.0,2.9,3.0,1840,61640,0
FINNIFTY05MAR2418800PE.NFO,2024-02-29,10:21:00,2024-03-05,3.0,3.05,2.9,2.9,1800,61640,0
FINNIFTY05MAR2418800PE.NFO,2024-02-29,10:22:00,2024-03-05,2.9,2.95,2.9,2.9,1600,62160,0
FINNIFTY05MAR2418800PE.NFO,2024-02-29,10:23:00,2024-03-05,2.9,2.9,2.6,2.6,760,62160,0
FINNIFTY05MAR2418800PE.NFO,2024-02-29,10:24:00,2024-03-05,2.6,2.65,2.55,2.6,1680,62160,0
FINNIFTY05MAR2418800PE.NFO,2024-02-29,10:25:00,2024-03-05,2.6,2.6,2.55,2.6,2080,63560,0
FINNIFTY05MAR2418800PE.NFO,2024-02-29,10:26:00,2024-03-05,2.55,2.7,2.55,2.7,320,63560,0
FINNIFTY05MAR2418800PE.NFO,2024-02-29,10:27:00,2024-03-05,2.7,2.7,2.65,2.7,1880,63560,0
FINNIFTY05MAR2418800PE.NFO,2024-02-29,10:28:00,2024-03-05,2.7,2.75,2.6,2.6,4400,63520,0
FINNIFTY05MAR2418800PE.NFO,2024-02-29,10:29:00,2024-03-05,2.6,2.6,2.5,2.5,840,63520,0
FINNIFTY05MAR2418800PE.NFO,2024-02-29,10:30:00,2024-03-05,2.55,2.55,2.45,2.45,1320,63520,0
FINNIFTY05MAR2418800PE.NFO,2024-02-29,10:31:00,2024-03-05,2.45,2.55,2.45,2.5,640,65560,0
FINNIFTY05MAR2418800PE.NFO,2024-02-29,10:32:00,2024-03-05,2.5,2.5,2.45,2.45,520,65560,0
FINNIFTY05MAR2418800PE.NFO,2024-02-29,10:33:00,2024-03-05,2.45,2.5,2.45,2.5,1000,65560,0
FINNIFTY05MAR2418800PE.NFO,2024-02-29,10:34:00,2024-03-05,2.5,2.5,2.5,2.5,0,65560,0
FINNIFTY05MAR2418800PE.NFO,2024-02-29,10:35:00,2024-03-05,2.5,2.5,2.5,2.5,40,65840,0
FINNIFTY05MAR2418800PE.NFO,2024-02-29,10:36:00,2024-03-05,2.5,2.5,2.45,2.45,320,65840,0
FINNIFTY05MAR2418800PE.NFO,2024-02-29,10:37:00,2024-03-05,2.45,2.45,2.45,2.45,0,65840,0
FINNIFTY05MAR2418800PE.NFO,2024-02-29,10:38:00,2024-03-05,2.45,2.7,2.45,2.7,3240,65880,0
FINNIFTY05MAR2418800PE.NFO,2024-02-29,10:39:00,2024-03-05,2.7,2.7,2.45,2.5,600,65880,0
FINNIFTY05MAR2418800PE.NFO,2024-02-29,10:40:00,2024-03-05,2.55,2.55,2.5,2.55,960,66400,0
FINNIFTY05MAR2418800PE.NFO,2024-02-29,10:41:00,2024-03-05,2.55,2.6,2.55,2.6,120,66400,0
FINNIFTY05MAR2418800PE.NFO,2024-02-29,10:42:00,2024-03-05,2.6,2.6,2.5,2.5,800,66400,0
FINNIFTY05MAR2418800PE.NFO,2024-02-29,10:43:00,2024-03-05,2.5,2.5,2.35,2.35,240,65720,0
FINNIFTY05MAR2418800PE.NFO,2024-02-29,10:44:00,2024-03-05,2.35,2.4,2.25,2.25,1880,65720,0
FINNIFTY05MAR2418800PE.NFO,2024-02-29,10:45:00,2024-03-05,2.3,2.35,2.3,2.35,560,65720,0
FINNIFTY05MAR2418800PE.NFO,2024-02-29,10:46:00,2024-03-05,2.35,2.35,2.25,2.3,4000,67320,0
FINNIFTY05MAR2418800PE.NFO,2024-02-29,10:47:00,2024-03-05,2.3,2.35,2.2,2.2,2480,67320,0
FINNIFTY05MAR2418800PE.NFO,2024-02-29,10:48:00,2024-03-05,2.2,2.2,2.2,2.2,0,67320,0
FINNIFTY05MAR2418800PE.NFO,2024-02-29,10:49:00,2024-03-05,2.2,2.2,2.2,2.2,80,67320,0
FINNIFTY05MAR2418800PE.NFO,2024-02-29,10:50:00,2024-03-05,2.2,2.2,2.15,2.2,80,67800,0
FINNIFTY05MAR2418800PE.NFO,2024-02-29,10:51:00,2024-03-05,2.2,2.2,2.2,2.2,360,67800,0
FINNIFTY05MAR2418800PE.NFO,2024-02-29,10:52:00,2024-03-05,2.15,2.15,2.15,2.15,480,67800,0
FINNIFTY05MAR2418800PE.NFO,2024-02-29,10:53:00,2024-03-05,2.15,2.15,2.1,2.1,1160,67800,0
FINNIFTY05MAR2418800PE.NFO,2024-02-29,10:54:00,2024-03-05,2.1,2.25,2.05,2.25,1680,67800,0
FINNIFTY05MAR2418800PE.NFO,2024-02-29,10:55:00,2024-03-05,2.25,2.25,2.15,2.2,2000,66800,0
FINNIFTY05MAR2418800PE.NFO,2024-02-29,10:56:00,2024-03-05,2.2,2.2,2.15,2.15,2080,66800,0
FINNIFTY05MAR2418800PE.NFO,2024-02-29,10:57:00,2024-03-05,2.15,2.2,2.05,2.15,1000,66800,0
FINNIFTY05MAR2418800PE.NFO,2024-02-29,10:58:00,2024-03-05,2.15,2.15,2.05,2.15,360,66120,0
FINNIFTY05MAR2418800PE.NFO,2024-02-29,10:59:00,2024-03-05,2.15,2.2,2.1,2.15,560,66120,0
FINNIFTY05MAR2418800PE.NFO,2024-02-29,11:00:00,2024-03-05,2.1,2.2,2.1,2.2,2120,66120,0
FINNIFTY05MAR2418800PE.NFO,2024-02-29,11:01:00,2024-03-05,2.2,2.2,2.0,2.0,4240,69800,0
FINNIFTY05MAR2418800PE.NFO,2024-02-29,11:02:00,2024-03-05,2.0,2.1,2.0,2.1,480,69800,0
FINNIFTY05MAR2418800PE.NFO,2024-02-29,11:03:00,2024-03-05,2.1,2.15,2.1,2.1,120,69800,0
FINNIFTY05MAR2418800PE.NFO,2024-02-29,11:04:00,2024-03-05,2.1,2.2,2.1,2.15,2160,69000,0
FINNIFTY05MAR2418800PE.NFO,2024-02-29,11:05:00,2024-03-05,2.15,2.2,2.05,2.15,5280,69000,0
FINNIFTY05MAR2418800PE.NFO,2024-02-29,11:06:00,2024-03-05,2.15,2.15,2.05,2.05,560,69000,0
FINNIFTY05MAR2418800PE.NFO,2024-02-29,11:07:00,2024-03-05,2.05,2.15,2.05,2.15,520,73040,0
FINNIFTY05MAR2418800PE.NFO,2024-02-29,11:08:00,2024-03-05,2.15,2.15,2.15,2.15,0,73040,0
FINNIFTY05MAR2418800PE.NFO,2024-02-29,11:09:00,2024-03-05,2.15,2.2,2.15,2.15,1040,73040,0
FINNIFTY05MAR2418800PE.NFO,2024-02-29,11:10:00,2024-03-05,2.15,2.15,2.15,2.15,1360,73040,0
FINNIFTY05MAR2418800PE.NFO,2024-02-29,11:11:00,2024-03-05,2.05,2.15,2.05,2.15,1160,73040,0
FINNIFTY05MAR2418800PE.NFO,2024-02-29,11:12:00,2024-03-05,2.15,2.15,2.1,2.1,160,73040,0
FINNIFTY05MAR2418800PE.NFO,2024-02-29,11:13:00,2024-03-05,2.1,2.15,2.05,2.05,1080,73040,0
FINNIFTY05MAR2418800PE.NFO,2024-02-29,11:14:00,2024-03-05,2.05,2.15,2.05,2.1,4040,73040,0
FINNIFTY05MAR2418800PE.NFO,2024-02-29,11:15:00,2024-03-05,2.1,2.1,1.9,1.95,2160,73040,0
FINNIFTY05MAR2418800PE.NFO,2024-02-29,11:16:00,2024-03-05,1.95,2.0,1.95,1.95,400,73040,0
FINNIFTY05MAR2418800PE.NFO,2024-02-29,11:17:00,2024-03-05,1.95,1.95,1.95,1.95,0,73040,0
FINNIFTY05MAR2418800PE.NFO,2024-02-29,11:18:00,2024-03-05,1.95,2.05,1.95,2.05,240,73400,0
FINNIFTY05MAR2418800PE.NFO,2024-02-29,11:19:00,2024-03-05,2.05,2.05,2.0,2.05,1960,73280,0
FINNIFTY05MAR2418800PE.NFO,2024-02-29,11:20:00,2024-03-05,2.05,2.05,2.0,2.0,320,73280,0
FINNIFTY05MAR2418800PE.NFO,2024-02-29,11:21:00,2024-03-05,2.0,2.0,2.0,2.0,0,73280,0
FINNIFTY05MAR2418800PE.NFO,2024-02-29,11:22:00,2024-03-05,2.0,2.0,2.0,2.0,80,73280,0
FINNIFTY05MAR2418800PE.NFO,2024-02-29,11:23:00,2024-03-05,2.0,2.0,2.0,2.0,360,73280,0
FINNIFTY05MAR2418800PE.NFO,2024-02-29,11:24:00,2024-03-05,2.05,2.05,2.05,2.05,40,73280,0
FINNIFTY05MAR2418800PE.NFO,2024-02-29,11:25:00,2024-03-05,2.05,2.05,1.95,1.95,40,73200,0
FINNIFTY05MAR2418800PE.NFO,2024-02-29,11:26:00,2024-03-05,1.95,1.95,1.95,1.95,1600,73200,0
FINNIFTY05MAR2418800PE.NFO,2024-02-29,11:27:00,2024-03-05,1.95,1.95,1.95,1.95,400,73200,0
FINNIFTY05MAR2418800PE.NFO,2024-02-29,11:28:00,2024-03-05,1.95,2.0,1.95,2.0,1520,73000,0
FINNIFTY05MAR2418800PE.NFO,2024-02-29,11:29:00,2024-03-05,2.0,2.0,1.95,2.0,1760,73000,0
FINNIFTY05MAR2418800PE.NFO,2024-02-29,11:30:00,2024-03-05,2.0,2.0,2.0,2.0,0,73000,0
FINNIFTY05MAR2418800PE.NFO,2024-02-29,11:31:00,2024-03-05,2.0,2.0,1.9,1.9,320,73000,0
FINNIFTY05MAR2418800PE.NFO,2024-02-29,11:32:00,2024-03-05,1.95,1.95,1.9,1.9,600,73440,0
FINNIFTY05MAR2418800PE.NFO,2024-02-29,11:33:00,2024-03-05,1.9,1.9,1.9,1.9,2520,73440,0
FINNIFTY05MAR2418800PE.NFO,2024-02-29,11:34:00,2024-03-05,1.9,1.9,1.8,1.85,1400,73440,0
FINNIFTY05MAR2418800PE.NFO,2024-02-29,11:35:00,2024-03-05,1.85,1.85,1.85,1.85,40,75320,0
FINNIFTY05MAR2418800PE.NFO,2024-02-29,11:36:00,2024-03-05,1.85,1.9,1.85,1.9,720,75320,0
FINNIFTY05MAR2418800PE.NFO,2024-02-29,11:37:00,2024-03-05,1.9,1.95,1.9,1.95,480,75320,0
FINNIFTY05MAR2418800PE.NFO,2024-02-29,11:38:00,2024-03-05,1.95,1.95,1.9,1.9,480,75320,0
FINNIFTY05MAR2418800PE.NFO,2024-02-29,11:39:00,2024-03-05,1.9,1.9,1.9,1.9,40,75320,0
FINNIFTY05MAR2418800PE.NFO,2024-02-29,11:40:00,2024-03-05,1.9,1.9,1.9,1.9,0,75320,0
FINNIFTY05MAR2418800PE.NFO,2024-02-29,11:41:00,2024-03-05,1.9,1.9,1.9,1.9,320,75480,0
FINNIFTY05MAR2418800PE.NFO,2024-02-29,11:42:00,2024-03-05,1.9,1.9,1.9,1.9,240,75480,0
FINNIFTY05MAR2418800PE.NFO,2024-02-29,11:43:00,2024-03-05,1.9,1.9,1.9,1.9,0,75480,0
FINNIFTY05MAR2418800PE.NFO,2024-02-29,11:44:00,2024-03-05,1.9,1.9,1.8,1.8,4200,75720,0
FINNIFTY05MAR2418800PE.NFO,2024-02-29,11:45:00,2024-03-05,1.8,1.85,1.8,1.85,120,75720,0
FINNIFTY05MAR2418800PE.NFO,2024-02-29,11:46:00,2024-03-05,1.85,1.85,1.75,1.75,720,77520,0
FINNIFTY05MAR2418800PE.NFO,2024-02-29,11:47:00,2024-03-05,1.75,1.75,1.75,1.75,360,77520,0
FINNIFTY05MAR2418800PE.NFO,2024-02-29,11:48:00,2024-03-05,1.75,1.85,1.75,1.85,120,77520,0
FINNIFTY05MAR2418800PE.NFO,2024-02-29,11:49:00,2024-03-05,1.85,1.85,1.75,1.75,600,77520,0
FINNIFTY05MAR2418800PE.NFO,2024-02-29,11:50:00,2024-03-05,1.75,1.75,1.75,1.75,0,77520,0
FINNIFTY05MAR2418800PE.NFO,2024-02-29,11:51:00,2024-03-05,1.75,1.75,1.75,1.75,0,77520,0
FINNIFTY05MAR2418800PE.NFO,2024-02-29,11:52:00,2024-03-05,1.75,1.85,1.75,1.8,360,77520,0
FINNIFTY05MAR2418800PE.NFO,2024-02-29,11:53:00,2024-03-05,1.8,1.8,1.8,1.8,280,77520,0
FINNIFTY05MAR2418800PE.NFO,2024-02-29,11:54:00,2024-03-05,1.8,1.85,1.8,1.85,1480,77520,0
FINNIFTY05MAR2418800PE.NFO,2024-02-29,11:55:00,2024-03-05,1.8,1.85,1.75,1.8,680,77520,0
FINNIFTY05MAR2418800PE.NFO,2024-02-29,11:56:00,2024-03-05,1.8,1.8,1.75,1.75,440,77520,0
FINNIFTY05MAR2418800PE.NFO,2024-02-29,11:57:00,2024-03-05,1.75,1.75,1.7,1.7,360,77520,0
FINNIFTY05MAR2418800PE.NFO,2024-02-29,11:58:00,2024-03-05,1.7,1.8,1.7,1.8,80,77520,0
FINNIFTY05MAR2418800PE.NFO,2024-02-29,11:59:00,2024-03-05,1.8,1.8,1.8,1.8,240,77520,0
FINNIFTY05MAR2418800PE.NFO,2024-02-29,12:00:00,2024-03-05,1.75,1.85,1.75,1.8,2640,77520,0
FINNIFTY05MAR2418800PE.NFO,2024-02-29,12:01:00,2024-03-05,1.8,1.85,1.8,1.85,160,75320,0
FINNIFTY05MAR2418800PE.NFO,2024-02-29,12:02:00,2024-03-05,1.85,1.9,1.85,1.9,2640,75320,0
FINNIFTY05MAR2418800PE.NFO,2024-02-29,12:03:00,2024-03-05,1.9,1.95,1.9,1.95,2680,75320,0
FINNIFTY05MAR2418800PE.NFO,2024-02-29,12:04:00,2024-03-05,2.0,2.05,1.95,2.05,1960,73040,0
FINNIFTY05MAR2418800PE.NFO,2024-02-29,12:05:00,2024-03-05,2.05,2.05,1.95,2.0,4840,73040,0
FINNIFTY05MAR2418800PE.NFO,2024-02-29,12:06:00,2024-03-05,2.0,2.0,2.0,2.0,240,73040,0
FINNIFTY05MAR2418800PE.NFO,2024-02-29,12:07:00,2024-03-05,2.0,2.0,1.85,1.85,960,70200,0
FINNIFTY05MAR2418800PE.NFO,2024-02-29,12:08:00,2024-03-05,1.85,1.9,1.85,1.85,1200,70200,0
FINNIFTY05MAR2418800PE.NFO,2024-02-29,12:09:00,2024-03-05,1.85,1.9,1.85,1.85,360,70200,0
FINNIFTY05MAR2418800PE.NFO,2024-02-29,12:10:00,2024-03-05,1.85,1.9,1.8,1.9,4040,67360,0
FINNIFTY05MAR2418800PE.NFO,2024-02-29,12:11:00,2024-03-05,1.9,1.9,1.9,1.9,80,67360,0
FINNIFTY05MAR2418800PE.NFO,2024-02-29,12:12:00,2024-03-05,1.9,1.9,1.9,1.9,40,67360,0
FINNIFTY05MAR2418800PE.NFO,2024-02-29,12:13:00,2024-03-05,1.9,1.9,1.85,1.85,80,67360,0
FINNIFTY05MAR2418800PE.NFO,2024-02-29,12:14:00,2024-03-05,1.85,1.85,1.85,1.85,0,67360,0
FINNIFTY05MAR2418800PE.NFO,2024-02-29,12:15:00,2024-03-05,1.85,1.85,1.85,1.85,0,67360,0
FINNIFTY05MAR2418800PE.NFO,2024-02-29,12:16:00,2024-03-05,1.85,1.85,1.85,1.85,0,67360,0
FINNIFTY05MAR2418800PE.NFO,2024-02-29,12:17:00,2024-03-05,1.85,1.85,1.85,1.85,0,67360,0
FINNIFTY05MAR2418800PE.NFO,2024-02-29,12:18:00,2024-03-05,1.85,1.85,1.85,1.85,0,67360,0
FINNIFTY05MAR2418800PE.NFO,2024-02-29,12:19:00,2024-03-05,1.85,1.85,1.85,1.85,0,67360,0
FINNIFTY05MAR2418800PE.NFO,2024-02-29,12:20:00,2024-03-05,1.85,1.85,1.85,1.85,80,66160,0
FINNIFTY05MAR2418800PE.NFO,2024-02-29,12:21:00,2024-03-05,1.85,1.85,1.85,1.85,0,66160,0
FINNIFTY05MAR2418800PE.NFO,2024-02-29,12:22:00,2024-03-05,1.85,1.85,1.85,1.85,0,66160,0
FINNIFTY05MAR2418800PE.NFO,2024-02-29,12:23:00,2024-03-05,1.85,1.85,1.85,1.85,0,66160,0
FINNIFTY05MAR2418800PE.NFO,2024-02-29,12:24:00,2024-03-05,1.85,1.9,1.85,1.9,2200,66160,0
FINNIFTY05MAR2418800PE.NFO,2024-02-29,12:25:00,2024-03-05,1.9,1.95,1.9,1.9,1840,66160,0
FINNIFTY05MAR2418800PE.NFO,2024-02-29,12:26:00,2024-03-05,1.9,2.0,1.9,1.95,3440,65560,0
FINNIFTY05MAR2418800PE.NFO,2024-02-29,12:27:00,2024-03-05,2.0,2.1,2.0,2.05,2440,65560,0
FINNIFTY05MAR2418800PE.NFO,2024-02-29,12:28:00,2024-03-05,2.05,2.05,2.05,2.05,0,65560,0
FINNIFTY05MAR2418800PE.NFO,2024-02-29,12:29:00,2024-03-05,2.05,2.05,2.05,2.05,1320,66080,0
FINNIFTY05MAR2418800PE.NFO,2024-02-29,12:30:00,2024-03-05,2.05,2.1,2.05,2.1,480,66080,0
FINNIFTY05MAR2418800PE.NFO,2024-02-29,12:31:00,2024-03-05,2.1,2.1,2.1,2.1,0,66080,0
FINNIFTY05MAR2418800PE.NFO,2024-02-29,12:32:00,2024-03-05,2.1,2.1,2.05,2.05,880,66200,0
FINNIFTY05MAR2418800PE.NFO,2024-02-29,12:33:00,2024-03-05,2.05,2.05,2.0,2.0,0,66200,0
FINNIFTY05MAR2418800PE.NFO,2024-02-29,12:34:00,2024-03-05,2.0,2.0,2.0,2.0,2000,66200,0
FINNIFTY05MAR2418800PE.NFO,2024-02-29,12:35:00,2024-03-05,2.0,2.0,1.9,1.95,2720,67080,0
FINNIFTY05MAR2418800PE.NFO,2024-02-29,12:36:00,2024-03-05,1.95,1.95,1.95,1.95,1240,67080,0
FINNIFTY05MAR2418800PE.NFO,2024-02-29,12:37:00,2024-03-05,1.95,1.95,1.9,1.9,0,67320,0
FINNIFTY05MAR2418800PE.NFO,2024-02-29,12:38:00,2024-03-05,1.9,1.9,1.9,1.9,200,67320,0
FINNIFTY05MAR2418800PE.NFO,2024-02-29,12:39:00,2024-03-05,1.9,1.9,1.9,1.9,0,67320,0
FINNIFTY05MAR2418800PE.NFO,2024-02-29,12:40:00,2024-03-05,1.9,1.95,1.9,1.95,40,67320,0
FINNIFTY05MAR2418800PE.NFO,2024-02-29,12:41:00,2024-03-05,1.95,1.95,1.95,1.95,0,67320,0
FINNIFTY05MAR2418800PE.NFO,2024-02-29,12:42:00,2024-03-05,1.95,1.95,1.95,1.95,0,67320,0
FINNIFTY05MAR2418800PE.NFO,2024-02-29,12:43:00,2024-03-05,1.95,1.95,1.9,1.9,80,67240,0
FINNIFTY05MAR2418800PE.NFO,2024-02-29,12:44:00,2024-03-05,1.9,1.9,1.85,1.85,4120,67240,0
FINNIFTY05MAR2418800PE.NFO,2024-02-29,12:45:00,2024-03-05,1.85,1.95,1.85,1.95,600,67240,0
FINNIFTY05MAR2418800PE.NFO,2024-02-29,12:46:00,2024-03-05,1.95,2.05,1.95,2.0,3040,66120,0
FINNIFTY05MAR2418800PE.NFO,2024-02-29,12:47:00,2024-03-05,2.0,2.05,1.95,1.95,2320,66120,0
FINNIFTY05MAR2418800PE.NFO,2024-02-29,12:48:00,2024-03-05,1.95,2.05,1.95,2.05,80,66120,0
FINNIFTY05MAR2418800PE.NFO,2024-02-29,12:49:00,2024-03-05,2.05,2.05,2.0,2.05,520,66000,0
FINNIFTY05MAR2418800PE.NFO,2024-02-29,12:50:00,2024-03-05,2.05,2.1,2.0,2.1,4480,66000,0
FINNIFTY05MAR2418800PE.NFO,2024-02-29,12:51:00,2024-03-05,2.1,2.1,2.0,2.05,5120,66000,0
FINNIFTY05MAR2418800PE.NFO,2024-02-29,12:52:00,2024-03-05,2.05,2.1,1.95,1.95,5080,66000,0
FINNIFTY05MAR2418800PE.NFO,2024-02-29,12:53:00,2024-03-05,1.95,1.95,1.85,1.85,2880,67120,0
FINNIFTY05MAR2418800PE.NFO,2024-02-29,12:54:00,2024-03-05,1.85,1.9,1.8,1.9,1520,67120,0
FINNIFTY05MAR2418800PE.NFO,2024-02-29,12:55:00,2024-03-05,1.9,1.9,1.9,1.9,80,67120,0
FINNIFTY05MAR2418800PE.NFO,2024-02-29,12:56:00,2024-03-05,1.9,1.9,1.9,1.9,0,67120,0
FINNIFTY05MAR2418800PE.NFO,2024-02-29,12:57:00,2024-03-05,1.9,1.9,1.9,1.9,80,66840,0
FINNIFTY05MAR2418800PE.NFO,2024-02-29,12:58:00,2024-03-05,1.9,1.9,1.9,1.9,0,66840,0
FINNIFTY05MAR2418800PE.NFO,2024-02-29,12:59:00,2024-03-05,1.9,1.95,1.9,1.9,240,66920,0
FINNIFTY05MAR2418800PE.NFO,2024-02-29,13:00:00,2024-03-05,1.9,1.9,1.9,1.9,160,66920,0
FINNIFTY05MAR2418800PE.NFO,2024-02-29,13:01:00,2024-03-05,1.9,1.95,1.9,1.95,40,66920,0
FINNIFTY05MAR2418800PE.NFO,2024-02-29,13:02:00,2024-03-05,1.95,1.95,1.8,1.8,360,66920,0
FINNIFTY05MAR2418800PE.NFO,2024-02-29,13:03:00,2024-03-05,1.8,1.8,1.8,1.8,0,66920,0
FINNIFTY05MAR2418800PE.NFO,2024-02-29,13:04:00,2024-03-05,1.8,1.8,1.8,1.8,0,66920,0
FINNIFTY05MAR2418800PE.NFO,2024-02-29,13:05:00,2024-03-05,1.8,1.8,1.8,1.8,40,67200,0
FINNIFTY05MAR2418800PE.NFO,2024-02-29,13:06:00,2024-03-05,1.8,1.8,1.8,1.8,0,67200,0
FINNIFTY05MAR2418800PE.NFO,2024-02-29,13:07:00,2024-03-05,1.8,1.8,1.8,1.8,0,67200,0
FINNIFTY05MAR2418800PE.NFO,2024-02-29,13:08:00,2024-03-05,1.8,1.8,1.8,1.8,120,67200,0
FINNIFTY05MAR2418800PE.NFO,2024-02-29,13:09:00,2024-03-05,1.8,1.8,1.8,1.8,160,67200,0
FINNIFTY05MAR2418800PE.NFO,2024-02-29,13:10:00,2024-03-05,1.8,1.8,1.8,1.8,160,67200,0
FINNIFTY05MAR2418800PE.NFO,2024-02-29,13:11:00,2024-03-05,1.8,1.8,1.8,1.8,0,67200,0
FINNIFTY05MAR2418800PE.NFO,2024-02-29,13:12:00,2024-03-05,1.8,1.8,1.75,1.75,0,67240,0
FINNIFTY05MAR2418800PE.NFO,2024-02-29,13:13:00,2024-03-05,1.75,1.75,1.75,1.75,240,67240,0
FINNIFTY05MAR2418800PE.NFO,2024-02-29,13:14:00,2024-03-05,1.75,1.8,1.75,1.75,80,67160,0
FINNIFTY05MAR2418800PE.NFO,2024-02-29,13:15:00,2024-03-05,1.75,1.8,1.75,1.8,840,67160,0
FINNIFTY05MAR2418800PE.NFO,2024-02-29,13:16:00,2024-03-05,1.8,1.8,1.75,1.75,600,67160,0
FINNIFTY05MAR2418800PE.NFO,2024-02-29,13:17:00,2024-03-05,1.75,1.8,1.75,1.8,480,67120,0
FINNIFTY05MAR2418800PE.NFO,2024-02-29,13:18:00,2024-03-05,1.8,1.8,1.8,1.8,480,67120,0
FINNIFTY05MAR2418800PE.NFO,2024-02-29,13:19:00,2024-03-05,1.8,1.8,1.75,1.75,1680,67120,0
FINNIFTY05MAR2418800PE.NFO,2024-02-29,13:20:00,2024-03-05,1.75,1.75,1.75,1.75,520,66600,0
FINNIFTY05MAR2418800PE.NFO,2024-02-29,13:21:00,2024-03-05,1.75,1.75,1.75,1.75,80,66600,0
FINNIFTY05MAR2418800PE.NFO,2024-02-29,13:22:00,2024-03-05,1.75,1.85,1.75,1.85,2040,66600,0
FINNIFTY05MAR2418800PE.NFO,2024-02-29,13:23:00,2024-03-05,1.85,1.85,1.75,1.8,80,67040,0
FINNIFTY05MAR2418800PE.NFO,2024-02-29,13:24:00,2024-03-05,1.8,1.8,1.75,1.75,80,67040,0
FINNIFTY05MAR2418800PE.NFO,2024-02-29,13:25:00,2024-03-05,1.75,1.85,1.75,1.85,760,67040,0
FINNIFTY05MAR2418800PE.NFO,2024-02-29,13:26:00,2024-03-05,1.85,1.85,1.8,1.8,200,66800,0
FINNIFTY05MAR2418800PE.NFO,2024-02-29,13:27:00,2024-03-05,1.8,1.8,1.75,1.75,240,66800,0
FINNIFTY05MAR2418800PE.NFO,2024-02-29,13:28:00,2024-03-05,1.75,1.75,1.75,1.75,0,66800,0
FINNIFTY05MAR2418800PE.NFO,2024-02-29,13:29:00,2024-03-05,1.75,1.8,1.75,1.8,400,66760,0
FINNIFTY05MAR2418800PE.NFO,2024-02-29,13:30:00,2024-03-05,1.8,1.85,1.8,1.85,240,66760,0
FINNIFTY05MAR2418800PE.NFO,2024-02-29,13:31:00,2024-03-05,1.85,1.85,1.8,1.8,1000,66760,0
FINNIFTY05MAR2418800PE.NFO,2024-02-29,13:32:00,2024-03-05,1.8,1.8,1.8,1.8,0,66760,0
FINNIFTY05MAR2418800PE.NFO,2024-02-29,13:33:00,2024-03-05,1.8,1.8,1.75,1.75,1280,66520,0
FINNIFTY05MAR2418800PE.NFO,2024-02-29,13:34:00,2024-03-05,1.75,1.75,1.75,1.75,2320,66520,0
FINNIFTY05MAR2418800PE.NFO,2024-02-29,13:35:00,2024-03-05,1.75,1.75,1.75,1.75,1120,64800,0
FINNIFTY05MAR2418800PE.NFO,2024-02-29,13:36:00,2024-03-05,1.75,1.75,1.75,1.75,1320,64800,0
FINNIFTY05MAR2418800PE.NFO,2024-02-29,13:37:00,2024-03-05,1.75,1.75,1.75,1.75,640,64800,0
FINNIFTY05MAR2418800PE.NFO,2024-02-29,13:38:00,2024-03-05,1.75,1.75,1.75,1.75,0,64800,0
FINNIFTY05MAR2418800PE.NFO,2024-02-29,13:39:00,2024-03-05,1.75,1.75,1.75,1.75,680,63800,0
FINNIFTY05MAR2418800PE.NFO,2024-02-29,13:40:00,2024-03-05,1.75,1.75,1.75,1.75,960,63800,0
FINNIFTY05MAR2418800PE.NFO,2024-02-29,13:41:00,2024-03-05,1.75,1.75,1.75,1.75,1840,63840,0
FINNIFTY05MAR2418800PE.NFO,2024-02-29,13:42:00,2024-03-05,1.75,1.8,1.75,1.75,640,63840,0
FINNIFTY05MAR2418800PE.NFO,2024-02-29,13:43:00,2024-03-05,1.75,1.75,1.75,1.75,0,63840,0
FINNIFTY05MAR2418800PE.NFO,2024-02-29,13:44:00,2024-03-05,1.8,1.85,1.75,1.8,1360,63840,0
FINNIFTY05MAR2418800PE.NFO,2024-02-29,13:45:00,2024-03-05,1.8,1.8,1.65,1.7,4040,63840,0
FINNIFTY05MAR2418800PE.NFO,2024-02-29,13:46:00,2024-03-05,1.7,1.7,1.7,1.7,1200,63840,0
FINNIFTY05MAR2418800PE.NFO,2024-02-29,13:47:00,2024-03-05,1.7,1.75,1.7,1.75,120,61320,0
FINNIFTY05MAR2418800PE.NFO,2024-02-29,13:48:00,2024-03-05,1.75,1.75,1.65,1.7,960,61320,0
FINNIFTY05MAR2418800PE.NFO,2024-02-29,13:49:00,2024-03-05,1.75,1.75,1.65,1.65,1600,61320,0
FINNIFTY05MAR2418800PE.NFO,2024-02-29,13:50:00,2024-03-05,1.65,1.65,1.65,1.65,640,61480,0
FINNIFTY05MAR2418800PE.NFO,2024-02-29,13:51:00,2024-03-05,1.65,1.7,1.65,1.7,800,61480,0
FINNIFTY05MAR2418800PE.NFO,2024-02-29,13:52:00,2024-03-05,1.7,1.7,1.55,1.7,5240,61480,0
FINNIFTY05MAR2418800PE.NFO,2024-02-29,13:53:00,2024-03-05,1.7,1.7,1.6,1.6,1840,58800,0
FINNIFTY05MAR2418800PE.NFO,2024-02-29,13:54:00,2024-03-05,1.6,1.6,1.5,1.5,2080,58800,0
FINNIFTY05MAR2418800PE.NFO,2024-02-29,13:55:00,2024-03-05,1.5,1.5,1.5,1.5,0,58800,0
FINNIFTY05MAR2418800PE.NFO,2024-02-29,13:56:00,2024-03-05,1.5,1.55,1.45,1.5,1400,58800,0
FINNIFTY05MAR2418800PE.NFO,2024-02-29,13:57:00,2024-03-05,1.5,1.5,1.4,1.4,2360,58800,0
FINNIFTY05MAR2418800PE.NFO,2024-02-29,13:58:00,2024-03-05,1.35,1.4,1.3,1.3,6120,58800,0
FINNIFTY05MAR2418800PE.NFO,2024-02-29,13:59:00,2024-03-05,1.35,1.35,1.25,1.25,1000,57960,0
FINNIFTY05MAR2418800PE.NFO,2024-02-29,14:00:00,2024-03-05,1.25,1.3,1.2,1.25,1480,57960,0
FINNIFTY05MAR2418800PE.NFO,2024-02-29,14:01:00,2024-03-05,1.25,1.25,1.25,1.25,440,57960,0
FINNIFTY05MAR2418800PE.NFO,2024-02-29,14:02:00,2024-03-05,1.25,1.3,1.25,1.3,320,57680,0
FINNIFTY05MAR2418800PE.NFO,2024-02-29,14:03:00,2024-03-05,1.3,1.3,1.25,1.25,40,57680,0
FINNIFTY05MAR2418800PE.NFO,2024-02-29,14:04:00,2024-03-05,1.25,1.25,1.2,1.25,400,57680,0
FINNIFTY05MAR2418800PE.NFO,2024-02-29,14:05:00,2024-03-05,1.25,1.25,1.25,1.25,0,57680,0
FINNIFTY05MAR2418800PE.NFO,2024-02-29,14:06:00,2024-03-05,1.25,1.25,1.25,1.25,240,57720,0
FINNIFTY05MAR2418800PE.NFO,2024-02-29,14:07:00,2024-03-05,1.25,1.25,1.25,1.25,1360,57720,0
FINNIFTY05MAR2418800PE.NFO,2024-02-29,14:08:00,2024-03-05,1.25,1.25,1.2,1.25,360,57840,0
FINNIFTY05MAR2418800PE.NFO,2024-02-29,14:09:00,2024-03-05,1.25,1.25,1.25,1.25,1160,57840,0
FINNIFTY05MAR2418800PE.NFO,2024-02-29,14:10:00,2024-03-05,1.25,1.25,1.2,1.2,6440,57840,0
FINNIFTY05MAR2418800PE.NFO,2024-02-29,14:11:00,2024-03-05,1.2,1.25,1.2,1.25,720,57400,0
FINNIFTY05MAR2418800PE.NFO,2024-02-29,14:12:00,2024-03-05,1.25,1.25,1.25,1.25,800,57400,0
FINNIFTY05MAR2418800PE.NFO,2024-02-29,14:13:00,2024-03-05,1.25,1.25,1.25,1.25,480,57400,0
FINNIFTY05MAR2418800PE.NFO,2024-02-29,14:14:00,2024-03-05,1.25,1.25,1.2,1.2,1320,57400,0
FINNIFTY05MAR2418800PE.NFO,2024-02-29,14:15:00,2024-03-05,1.2,1.2,1.2,1.2,240,57400,0
FINNIFTY05MAR2418800PE.NFO,2024-02-29,14:16:00,2024-03-05,1.2,1.2,1.2,1.2,0,57400,0
FINNIFTY05MAR2418800PE.NFO,2024-02-29,14:17:00,2024-03-05,1.2,1.2,1.2,1.2,0,57400,0
FINNIFTY05MAR2418800PE.NFO,2024-02-29,14:18:00,2024-03-05,1.2,1.2,1.15,1.2,800,57400,0
FINNIFTY05MAR2418800PE.NFO,2024-02-29,14:19:00,2024-03-05,1.2,1.2,1.15,1.2,3320,57400,0
FINNIFTY05MAR2418800PE.NFO,2024-02-29,14:20:00,2024-03-05,1.2,1.25,1.2,1.25,1200,58200,0
FINNIFTY05MAR2418800PE.NFO,2024-02-29,14:21:00,2024-03-05,1.25,1.25,1.25,1.25,0,58200,0
FINNIFTY05MAR2418800PE.NFO,2024-02-29,14:22:00,2024-03-05,1.25,1.25,1.2,1.2,3360,58200,0
FINNIFTY05MAR2418800PE.NFO,2024-02-29,14:23:00,2024-03-05,1.2,1.2,1.15,1.15,600,57400,0
FINNIFTY05MAR2418800PE.NFO,2024-02-29,14:24:00,2024-03-05,1.15,1.2,1.15,1.2,5080,57400,0
FINNIFTY05MAR2418800PE.NFO,2024-02-29,14:25:00,2024-03-05,1.15,1.2,1.15,1.2,4200,57400,0
FINNIFTY05MAR2418800PE.NFO,2024-02-29,14:26:00,2024-03-05,1.2,1.25,1.2,1.25,1520,56400,0
FINNIFTY05MAR2418800PE.NFO,2024-02-29,14:27:00,2024-03-05,1.25,1.25,1.2,1.25,2840,56400,0
FINNIFTY05MAR2418800PE.NFO,2024-02-29,14:28:00,2024-03-05,1.25,1.25,1.25,1.25,480,56400,0
FINNIFTY05MAR2418800PE.NFO,2024-02-29,14:29:00,2024-03-05,1.25,1.25,1.25,1.25,0,56400,0
FINNIFTY05MAR2418800PE.NFO,2024-02-29,14:30:00,2024-03-05,1.25,1.25,1.25,1.25,0,56400,0
FINNIFTY05MAR2418800PE.NFO,2024-02-29,14:31:00,2024-03-05,1.25,1.25,1.25,1.25,0,56400,0
FINNIFTY05MAR2418800PE.NFO,2024-02-29,14:32:00,2024-03-05,1.25,1.25,1.25,1.25,0,56400,0
FINNIFTY05MAR2418800PE.NFO,2024-02-29,14:33:00,2024-03-05,1.25,1.3,1.25,1.3,360,55000,0
FINNIFTY05MAR2418800PE.NFO,2024-02-29,14:34:00,2024-03-05,1.3,1.35,1.3,1.35,1800,55000,0
FINNIFTY05MAR2418800PE.NFO,2024-02-29,14:35:00,2024-03-05,1.35,1.35,1.3,1.35,200,55000,0
FINNIFTY05MAR2418800PE.NFO,2024-02-29,14:36:00,2024-03-05,1.35,1.35,1.3,1.35,160,55000,0
FINNIFTY05MAR2418800PE.NFO,2024-02-29,14:37:00,2024-03-05,1.35,1.4,1.35,1.35,2680,55000,0
FINNIFTY05MAR2418800PE.NFO,2024-02-29,14:38:00,2024-03-05,1.35,1.4,1.35,1.35,560,54800,0
FINNIFTY05MAR2418800PE.NFO,2024-02-29,14:39:00,2024-03-05,1.35,1.35,1.25,1.25,0,54800,0
FINNIFTY05MAR2418800PE.NFO,2024-02-29,14:40:00,2024-03-05,1.25,1.25,1.25,1.25,2480,54800,0
FINNIFTY05MAR2418800PE.NFO,2024-02-29,14:41:00,2024-03-05,1.25,1.25,1.25,1.25,80,54800,0
FINNIFTY05MAR2418800PE.NFO,2024-02-29,14:42:00,2024-03-05,1.25,1.3,1.2,1.25,3040,54800,0
FINNIFTY05MAR2418800PE.NFO,2024-02-29,14:43:00,2024-03-05,1.2,1.3,1.2,1.3,3880,54800,0
FINNIFTY05MAR2418800PE.NFO,2024-02-29,14:44:00,2024-03-05,1.3,1.3,1.25,1.25,80,54600,0
FINNIFTY05MAR2418800PE.NFO,2024-02-29,14:45:00,2024-03-05,1.25,1.3,1.25,1.3,5880,54600,0
FINNIFTY05MAR2418800PE.NFO,2024-02-29,14:46:00,2024-03-05,1.3,1.3,1.25,1.3,2640,54600,0
FINNIFTY05MAR2418800PE.NFO,2024-02-29,14:47:00,2024-03-05,1.3,1.3,1.25,1.25,1720,53320,0
FINNIFTY05MAR2418800PE.NFO,2024-02-29,14:48:00,2024-03-05,1.25,1.3,1.25,1.25,3480,53320,0
FINNIFTY05MAR2418800PE.NFO,2024-02-29,14:49:00,2024-03-05,1.25,1.25,1.15,1.2,4160,53320,0
FINNIFTY05MAR2418800PE.NFO,2024-02-29,14:50:00,2024-03-05,1.2,1.25,1.15,1.25,2040,46440,0
FINNIFTY05MAR2418800PE.NFO,2024-02-29,14:51:00,2024-03-05,1.25,1.3,1.25,1.25,8200,46440,0
FINNIFTY05MAR2418800PE.NFO,2024-02-29,14:52:00,2024-03-05,1.25,1.35,1.25,1.3,1600,46440,0
FINNIFTY05MAR2418800PE.NFO,2024-02-29,14:53:00,2024-03-05,1.3,1.3,1.25,1.25,440,43000,0
FINNIFTY05MAR2418800PE.NFO,2024-02-29,14:54:00,2024-03-05,1.25,1.3,1.25,1.25,560,43000,0
FINNIFTY05MAR2418800PE.NFO,2024-02-29,14:55:00,2024-03-05,1.3,1.3,1.25,1.3,680,43000,0
FINNIFTY05MAR2418800PE.NFO,2024-02-29,14:56:00,2024-03-05,1.35,1.35,1.3,1.35,320,42720,0
FINNIFTY05MAR2418800PE.NFO,2024-02-29,14:57:00,2024-03-05,1.35,1.4,1.25,1.4,4520,42720,0
FINNIFTY05MAR2418800PE.NFO,2024-02-29,14:58:00,2024-03-05,1.35,1.4,1.25,1.4,2880,42720,0
FINNIFTY05MAR2418800PE.NFO,2024-02-29,14:59:00,2024-03-05,1.4,1.4,1.25,1.3,1960,43520,0
FINNIFTY05MAR2418800PE.NFO,2024-02-29,15:00:00,2024-03-05,1.25,1.35,1.25,1.3,1760,43520,0
FINNIFTY05MAR2418800PE.NFO,2024-02-29,15:01:00,2024-03-05,1.3,1.3,1.2,1.2,40,43520,0
FINNIFTY05MAR2418800PE.NFO,2024-02-29,15:02:00,2024-03-05,1.2,1.2,1.2,1.2,920,43040,0
FINNIFTY05MAR2418800PE.NFO,2024-02-29,15:03:00,2024-03-05,1.2,1.2,1.2,1.2,0,43040,0
FINNIFTY05MAR2418800PE.NFO,2024-02-29,15:04:00,2024-03-05,1.2,1.2,1.2,1.2,0,43040,0
FINNIFTY05MAR2418800PE.NFO,2024-02-29,15:05:00,2024-03-05,1.2,1.2,1.1,1.1,640,42760,0
FINNIFTY05MAR2418800PE.NFO,2024-02-29,15:06:00,2024-03-05,1.1,1.2,1.1,1.15,520,42760,0
FINNIFTY05MAR2418800PE.NFO,2024-02-29,15:07:00,2024-03-05,1.15,1.15,1.15,1.15,720,42760,0
FINNIFTY05MAR2418800PE.NFO,2024-02-29,15:08:00,2024-03-05,1.15,1.15,1.15,1.15,0,42760,0
FINNIFTY05MAR2418800PE.NFO,2024-02-29,15:09:00,2024-03-05,1.15,1.15,1.1,1.1,1280,43320,0
FINNIFTY05MAR2418800PE.NFO,2024-02-29,15:10:00,2024-03-05,1.1,1.1,1.05,1.1,400,43320,0
FINNIFTY05MAR2418800PE.NFO,2024-02-29,15:11:00,2024-03-05,1.1,1.1,1.1,1.1,240,43880,0
FINNIFTY05MAR2418800PE.NFO,2024-02-29,15:12:00,2024-03-05,1.05,1.1,1.05,1.05,600,43880,0
FINNIFTY05MAR2418800PE.NFO,2024-02-29,15:13:00,2024-03-05,1.05,1.05,1.05,1.05,200,43880,0
FINNIFTY05MAR2418800PE.NFO,2024-02-29,15:14:00,2024-03-05,1.05,1.05,1.05,1.05,400,43840,0
FINNIFTY05MAR2418800PE.NFO,2024-02-29,15:15:00,2024-03-05,1.0,1.05,1.0,1.05,1600,43840,0
FINNIFTY05MAR2418800PE.NFO,2024-02-29,15:16:00,2024-03-05,1.05,1.05,1.05,1.05,0,43840,0
FINNIFTY05MAR2418800PE.NFO,2024-02-29,15:17:00,2024-03-05,1.05,1.1,1.05,1.05,640,44040,0
FINNIFTY05MAR2418800PE.NFO,2024-02-29,15:18:00,2024-03-05,1.05,1.05,1.05,1.05,0,44040,0
FINNIFTY05MAR2418800PE.NFO,2024-02-29,15:19:00,2024-03-05,1.05,1.1,1.05,1.1,1440,44040,0
FINNIFTY05MAR2418800PE.NFO,2024-02-29,15:20:00,2024-03-05,1.05,1.25,1.05,1.2,6520,45560,0
FINNIFTY05MAR2418800PE.NFO,2024-02-29,15:21:00,2024-03-05,1.2,1.2,1.15,1.15,320,45560,0
FINNIFTY05MAR2418800PE.NFO,2024-02-29,15:22:00,2024-03-05,1.15,1.2,1.15,1.2,160,45560,0
FINNIFTY05MAR2418800PE.NFO,2024-02-29,15:23:00,2024-03-05,1.2,1.2,1.15,1.15,800,45280,0
FINNIFTY05MAR2418800PE.NFO,2024-02-29,15:24:00,2024-03-05,1.15,1.35,0.95,1.3,9760,45280,0
FINNIFTY05MAR2418800PE.NFO,2024-02-29,15:25:00,2024-03-05,1.2,1.35,1.2,1.2,3160,45280,0
FINNIFTY05MAR2418800PE.NFO,2024-02-29,15:26:00,2024-03-05,1.2,1.35,1.2,1.35,1080,44960,0
FINNIFTY05MAR2418800PE.NFO,2024-02-29,15:27:00,2024-03-05,1.35,1.35,1.3,1.35,1720,44960,0
FINNIFTY05MAR2418800PE.NFO,2024-02-29,15:28:00,2024-03-05,1.35,1.45,1.2,1.2,2960,44960,0
FINNIFTY05MAR2418800PE.NFO,2024-02-29,15:29:00,2024-03-05,1.2,1.25,1.2,1.2,1200,43560,0
FINNIFTY05MAR2418800PE.NFO,2024-02-29,15:30:00,2024-03-05,1.2,1.2,1.2,1.2,1200,43560,1
FINNIFTY05MAR2418800PE.NFO,2024-03-01,09:15:00,2024-03-05,1.2,1.2,0.8,0.8,2960,43800,0
FINNIFTY05MAR2418800PE.NFO,2024-03-01,09:16:00,2024-03-05,0.8,1.0,0.8,1.0,2200,43800,0
FINNIFTY05MAR2418800PE.NFO,2024-03-01,09:17:00,2024-03-05,1.0,1.0,0.8,0.8,2840,43800,0
FINNIFTY05MAR2418800PE.NFO,2024-03-01,09:18:00,2024-03-05,0.8,0.85,0.8,0.8,1760,43800,0
FINNIFTY05MAR2418800PE.NFO,2024-03-01,09:19:00,2024-03-05,0.8,0.8,0.8,0.8,160,45680,0
FINNIFTY05MAR2418800PE.NFO,2024-03-01,09:20:00,2024-03-05,0.8,0.9,0.7,0.75,4760,45680,0
FINNIFTY05MAR2418800PE.NFO,2024-03-01,09:21:00,2024-03-05,0.7,0.7,0.7,0.7,1560,45680,0
FINNIFTY05MAR2418800PE.NFO,2024-03-01,09:22:00,2024-03-05,0.7,0.7,0.7,0.7,240,45680,0
FINNIFTY05MAR2418800PE.NFO,2024-03-01,09:23:00,2024-03-05,0.7,0.75,0.7,0.75,880,45680,0
FINNIFTY05MAR2418800PE.NFO,2024-03-01,09:24:00,2024-03-05,0.75,0.75,0.7,0.7,280,44560,0
FINNIFTY05MAR2418800PE.NFO,2024-03-01,09:25:00,2024-03-05,0.7,0.75,0.7,0.7,2200,44560,0
FINNIFTY05MAR2418800PE.NFO,2024-03-01,09:26:00,2024-03-05,0.7,0.7,0.7,0.7,0,44560,0
FINNIFTY05MAR2418800PE.NFO,2024-03-01,09:27:00,2024-03-05,0.7,0.75,0.7,0.75,600,44560,0
FINNIFTY05MAR2418800PE.NFO,2024-03-01,09:28:00,2024-03-05,0.75,0.75,0.75,0.75,600,42480,0
FINNIFTY05MAR2418800PE.NFO,2024-03-01,09:29:00,2024-03-05,0.75,0.75,0.75,0.75,0,42480,0
FINNIFTY05MAR2418800PE.NFO,2024-03-01,09:30:00,2024-03-05,0.7,0.7,0.7,0.7,440,42480,0
FINNIFTY05MAR2418800PE.NFO,2024-03-01,09:31:00,2024-03-05,0.7,0.75,0.65,0.75,3360,42440,0
FINNIFTY05MAR2418800PE.NFO,2024-03-01,09:32:00,2024-03-05,0.7,0.7,0.7,0.7,880,42440,0
FINNIFTY05MAR2418800PE.NFO,2024-03-01,09:33:00,2024-03-05,0.7,0.7,0.7,0.7,80,42440,0
FINNIFTY05MAR2418800PE.NFO,2024-03-01,09:34:00,2024-03-05,0.7,0.7,0.7,0.7,0,42440,0
FINNIFTY05MAR2418800PE.NFO,2024-03-01,09:35:00,2024-03-05,0.7,0.75,0.7,0.75,0,41360,0
FINNIFTY05MAR2418800PE.NFO,2024-03-01,09:36:00,2024-03-05,0.75,0.75,0.75,0.75,40,41360,0
FINNIFTY05MAR2418800PE.NFO,2024-03-01,09:37:00,2024-03-05,0.75,0.75,0.75,0.75,760,41360,0
FINNIFTY05MAR2418800PE.NFO,2024-03-01,09:38:00,2024-03-05,0.7,0.7,0.7,0.7,800,41360,0
FINNIFTY05MAR2418800PE.NFO,2024-03-01,09:39:00,2024-03-05,0.7,0.7,0.7,0.7,0,41360,0
FINNIFTY05MAR2418800PE.NFO,2024-03-01,09:40:00,2024-03-05,0.7,0.75,0.7,0.75,1240,40800,0
FINNIFTY05MAR2418800PE.NFO,2024-03-01,09:41:00,2024-03-05,0.75,0.75,0.75,0.75,0,40800,0
FINNIFTY05MAR2418800PE.NFO,2024-03-01,09:42:00,2024-03-05,0.75,0.75,0.75,0.75,0,40800,0
FINNIFTY05MAR2418800PE.NFO,2024-03-01,09:43:00,2024-03-05,0.75,0.75,0.75,0.75,0,40800,0
FINNIFTY05MAR2418800PE.NFO,2024-03-01,09:44:00,2024-03-05,0.75,0.75,0.75,0.75,480,41720,0
FINNIFTY05MAR2418800PE.NFO,2024-03-01,09:45:00,2024-03-05,0.75,0.75,0.75,0.75,200,41720,0
FINNIFTY05MAR2418800PE.NFO,2024-03-01,09:46:00,2024-03-05,0.75,0.8,0.75,0.8,80,42040,0
FINNIFTY05MAR2418800PE.NFO,2024-03-01,09:47:00,2024-03-05,0.8,0.8,0.8,0.8,0,42040,0
FINNIFTY05MAR2418800PE.NFO,2024-03-01,09:48:00,2024-03-05,0.8,0.8,0.75,0.75,0,42120,0
FINNIFTY05MAR2418800PE.NFO,2024-03-01,09:49:00,2024-03-05,0.75,0.75,0.75,0.75,720,42120,0
FINNIFTY05MAR2418800PE.NFO,2024-03-01,09:50:00,2024-03-05,0.75,0.75,0.75,0.75,480,42120,0
FINNIFTY05MAR2418800PE.NFO,2024-03-01,09:51:00,2024-03-05,0.75,0.8,0.75,0.8,360,41000,0
FINNIFTY05MAR2418800PE.NFO,2024-03-01,09:52:00,2024-03-05,0.8,0.8,0.75,0.75,1120,41000,0
FINNIFTY05MAR2418800PE.NFO,2024-03-01,09:53:00,2024-03-05,0.75,0.75,0.7,0.7,1320,41000,0
FINNIFTY05MAR2418800PE.NFO,2024-03-01,09:54:00,2024-03-05,0.7,0.7,0.7,0.7,1440,41000,0
FINNIFTY05MAR2418800PE.NFO,2024-03-01,09:55:00,2024-03-05,0.7,0.7,0.7,0.7,1440,41000,1
FINNIFTY05MAR2418800PE.NFO,2024-03-01,09:56:00,2024-03-05,0.7,0.7,0.7,0.7,1440,41000,1
FINNIFTY05MAR2418800PE.NFO,2024-03-01,09:57:00,2024-03-05,0.7,0.75,0.65,0.65,1840,39240,0
FINNIFTY05MAR2418800PE.NFO,2024-03-01,09:58:00,2024-03-05,0.65,0.65,0.65,0.65,2880,39240,0
FINNIFTY05MAR2418800PE.NFO,2024-03-01,09:59:00,2024-03-05,0.65,0.65,0.65,0.65,0,39240,0
FINNIFTY05MAR2418800PE.NFO,2024-03-01,10:00:00,2024-03-05,0.65,0.65,0.65,0.65,0,39240,0
FINNIFTY05MAR2418800PE.NFO,2024-03-01,10:01:00,2024-03-05,0.65,0.65,0.65,0.65,0,39240,0
FINNIFTY05MAR2418800PE.NFO,2024-03-01,10:02:00,2024-03-05,0.7,0.7,0.7,0.7,480,38440,0
FINNIFTY05MAR2418800PE.NFO,2024-03-01,10:03:00,2024-03-05,0.7,0.7,0.65,0.7,1640,38440,0
FINNIFTY05MAR2418800PE.NFO,2024-03-01,10:04:00,2024-03-05,0.7,0.7,0.7,0.7,1120,38440,0
FINNIFTY05MAR2418800PE.NFO,2024-03-01,10:05:00,2024-03-05,0.7,0.75,0.7,0.75,800,38440,0
FINNIFTY05MAR2418800PE.NFO,2024-03-01,10:06:00,2024-03-05,0.75,0.75,0.75,0.75,800,38440,1
FINNIFTY05MAR2418800PE.NFO,2024-03-01,10:07:00,2024-03-05,0.7,0.7,0.7,0.7,600,37320,0
FINNIFTY05MAR2418800PE.NFO,2024-03-01,10:08:00,2024-03-05,0.7,0.7,0.7,0.7,0,37320,0
FINNIFTY05MAR2418800PE.NFO,2024-03-01,10:09:00,2024-03-05,0.7,0.7,0.7,0.7,1800,37320,0
FINNIFTY05MAR2418800PE.NFO,2024-03-01,10:10:00,2024-03-05,0.7,0.7,0.7,0.7,0,37320,0
FINNIFTY05MAR2418800PE.NFO,2024-03-01,10:11:00,2024-03-05,0.7,0.7,0.7,0.7,0,37320,1
FINNIFTY05MAR2418800PE.NFO,2024-03-01,10:12:00,2024-03-05,0.7,0.75,0.7,0.7,960,38520,0
FINNIFTY05MAR2418800PE.NFO,2024-03-01,10:13:00,2024-03-05,0.7,0.75,0.7,0.75,0,38520,0
FINNIFTY05MAR2418800PE.NFO,2024-03-01,10:14:00,2024-03-05,0.75,0.75,0.75,0.75,240,38520,0
FINNIFTY05MAR2418800PE.NFO,2024-03-01,10:15:00,2024-03-05,0.75,0.75,0.75,0.75,680,38520,0
FINNIFTY05MAR2418800PE.NFO,2024-03-01,10:16:00,2024-03-05,0.75,0.75,0.7,0.7,600,38120,0
FINNIFTY05MAR2418800PE.NFO,2024-03-01,10:17:00,2024-03-05,0.7,0.75,0.7,0.75,1240,38120,0
FINNIFTY05MAR2418800PE.NFO,2024-03-01,10:18:00,2024-03-05,0.75,0.75,0.7,0.75,2440,38000,0
FINNIFTY05MAR2418800PE.NFO,2024-03-01,10:19:00,2024-03-05,0.75,0.75,0.75,0.75,3960,38000,0
FINNIFTY05MAR2418800PE.NFO,2024-03-01,10:20:00,2024-03-05,0.75,0.75,0.7,0.7,360,38000,0
FINNIFTY05MAR2418800PE.NFO,2024-03-01,10:21:00,2024-03-05,0.7,0.7,0.7,0.7,0,38000,0
FINNIFTY05MAR2418800PE.NFO,2024-03-01,10:22:00,2024-03-05,0.7,0.7,0.7,0.7,0,38000,0
FINNIFTY05MAR2418800PE.NFO,2024-03-01,10:23:00,2024-03-05,0.7,0.7,0.7,0.7,5120,37320,0
FINNIFTY05MAR2418800PE.NFO,2024-03-01,10:24:00,2024-03-05,0.7,0.75,0.7,0.75,200,36720,0
FINNIFTY05MAR2418800PE.NFO,2024-03-01,10:25:00,2024-03-05,0.75,0.75,0.7,0.75,4560,36720,0
FINNIFTY05MAR2418800PE.NFO,2024-03-01,10:26:00,2024-03-05,0.7,0.7,0.7,0.7,880,36720,0
FINNIFTY05MAR2418800PE.NFO,2024-03-01,10:27:00,2024-03-05,0.7,0.7,0.7,0.7,0,36720,0
FINNIFTY05MAR2418800PE.NFO,2024-03-01,10:28:00,2024-03-05,0.7,0.7,0.7,0.7,120,37720,0
FINNIFTY05MAR2418800PE.NFO,2024-03-01,10:29:00,2024-03-05,0.7,0.7,0.7,0.7,0,37720,0
FINNIFTY05MAR2418800PE.NFO,2024-03-01,10:30:00,2024-03-05,0.7,0.7,0.7,0.7,0,37720,0
FINNIFTY05MAR2418800PE.NFO,2024-03-01,10:31:00,2024-03-05,0.7,0.7,0.7,0.7,0,37720,1
FINNIFTY05MAR2418800PE.NFO,2024-03-01,10:32:00,2024-03-05,0.7,0.7,0.7,0.7,0,37720,0
FINNIFTY05MAR2418800PE.NFO,2024-03-01,10:33:00,2024-03-05,0.7,0.75,0.7,0.75,160,37760,0
FINNIFTY05MAR2418800PE.NFO,2024-03-01,10:34:00,2024-03-05,0.75,0.75,0.7,0.7,4480,37760,0
FINNIFTY05MAR2418800PE.NFO,2024-03-01,10:35:00,2024-03-05,0.7,0.7,0.65,0.65,3880,37760,0
FINNIFTY05MAR2418800PE.NFO,2024-03-01,10:36:00,2024-03-05,0.65,0.7,0.65,0.7,40,37120,0
FINNIFTY05MAR2418800PE.NFO,2024-03-01,10:37:00,2024-03-05,0.7,0.7,0.7,0.7,80,37120,0
FINNIFTY05MAR2418800PE.NFO,2024-03-01,10:38:00,2024-03-05,0.7,0.7,0.65,0.65,480,37120,0
FINNIFTY05MAR2418800PE.NFO,2024-03-01,10:39:00,2024-03-05,0.65,0.65,0.65,0.65,0,37120,0
FINNIFTY05MAR2418800PE.NFO,2024-03-01,10:40:00,2024-03-05,0.65,0.7,0.65,0.7,200,36840,0
FINNIFTY05MAR2418800PE.NFO,2024-03-01,10:41:00,2024-03-05,0.7,0.7,0.7,0.7,120,36840,0
FINNIFTY05MAR2418800PE.NFO,2024-03-01,10:42:00,2024-03-05,0.7,0.7,0.7,0.7,1200,36720,0
FINNIFTY05MAR2418800PE.NFO,2024-03-01,10:43:00,2024-03-05,0.7,0.7,0.7,0.7,80,36720,0
FINNIFTY05MAR2418800PE.NFO,2024-03-01,10:44:00,2024-03-05,0.7,0.75,0.7,0.75,400,36720,0
FINNIFTY05MAR2418800PE.NFO,2024-03-01,10:45:00,2024-03-05,0.75,0.75,0.7,0.7,200,36720,0
FINNIFTY05MAR2418800PE.NFO,2024-03-01,10:46:00,2024-03-05,0.7,0.7,0.7,0.7,0,36720,0
FINNIFTY05MAR2418800PE.NFO,2024-03-01,10:47:00,2024-03-05,0.7,0.7,0.7,0.7,240,37040,0
FINNIFTY05MAR2418800PE.NFO,2024-03-01,10:48:00,2024-03-05,0.7,0.7,0.7,0.7,0,37040,0
FINNIFTY05MAR2418800PE.NFO,2024-03-01,10:49:00,2024-03-05,0.7,0.7,0.7,0.7,680,36840,0
FINNIFTY05MAR2418800PE.NFO,2024-03-01,10:50:00,2024-03-05,0.7,0.7,0.7,0.7,680,36840,1
FINNIFTY05MAR2418800PE.NFO,2024-03-01,10:51:00,2024-03-05,0.7,0.7,0.7,0.7,0,36960,0
FINNIFTY05MAR2418800PE.NFO,2024-03-01,10:52:00,2024-03-05,0.7,0.7,0.7,0.7,1160,36960,0
FINNIFTY05MAR2418800PE.NFO,2024-03-01,10:53:00,2024-03-05,0.7,0.7,0.7,0.7,120,36960,0
FINNIFTY05MAR2418800PE.NFO,2024-03-01,10:54:00,2024-03-05,0.7,0.7,0.7,0.7,0,36960,0
FINNIFTY05MAR2418800PE.NFO,2024-03-01,10:55:00,2024-03-05,0.7,0.7,0.7,0.7,440,37480,0
FINNIFTY05MAR2418800PE.NFO,2024-03-01,10:56:00,2024-03-05,0.7,0.7,0.7,0.7,840,37480,0
FINNIFTY05MAR2418800PE.NFO,2024-03-01,10:57:00,2024-03-05,0.7,0.7,0.7,0.7,40,36720,0
FINNIFTY05MAR2418800PE.NFO,2024-03-01,10:58:00,2024-03-05,0.7,0.7,0.7,0.7,0,36720,0
FINNIFTY05MAR2418800PE.NFO,2024-03-01,10:59:00,2024-03-05,0.7,0.7,0.7,0.7,0,36720,0
FINNIFTY05MAR2418800PE.NFO,2024-03-01,11:00:00,2024-03-05,0.7,0.7,0.7,0.7,2480,36720,0
FINNIFTY05MAR2418800PE.NFO,2024-03-01,11:01:00,2024-03-05,0.7,0.7,0.65,0.65,80,35880,0
FINNIFTY05MAR2418800PE.NFO,2024-03-01,11:02:00,2024-03-05,0.65,0.65,0.65,0.65,0,35880,0
FINNIFTY05MAR2418800PE.NFO,2024-03-01,11:03:00,2024-03-05,0.65,0.65,0.65,0.65,80,35880,0
FINNIFTY05MAR2418800PE.NFO,2024-03-01,11:04:00,2024-03-05,0.65,0.65,0.65,0.65,0,35880,0
FINNIFTY05MAR2418800PE.NFO,2024-03-01,11:05:00,2024-03-05,0.65,0.65,0.65,0.65,0,35880,1
FINNIFTY05MAR2418800PE.NFO,2024-03-01,11:06:00,2024-03-05,0.65,0.65,0.65,0.65,0,35880,0
FINNIFTY05MAR2418800PE.NFO,2024-03-01,11:07:00,2024-03-05,0.65,0.65,0.65,0.65,0,35880,1
FINNIFTY05MAR2418800PE.NFO,2024-03-01,11:08:00,2024-03-05,0.65,0.65,0.65,0.65,0,35880,1
FINNIFTY05MAR2418800PE.NFO,2024-03-01,11:09:00,2024-03-05,0.65,0.65,0.65,0.65,0,35880,0
FINNIFTY05MAR2418800PE.NFO,2024-03-01,11:10:00,2024-03-05,0.65,0.65,0.65,0.65,0,35880,1
FINNIFTY05MAR2418800PE.NFO,2024-03-01,11:11:00,2024-03-05,0.65,0.65,0.65,0.65,0,35880,1
FINNIFTY05MAR2418800PE.NFO,2024-03-01,11:12:00,2024-03-05,0.65,0.65,0.65,0.65,0,35880,0
FINNIFTY05MAR2418800PE.NFO,2024-03-01,11:13:00,2024-03-05,0.65,0.65,0.65,0.65,0,35880,0
FINNIFTY05MAR2418800PE.NFO,2024-03-01,11:14:00,2024-03-05,0.65,0.65,0.65,0.65,0,35880,1
FINNIFTY05MAR2418800PE.NFO,2024-03-01,11:15:00,2024-03-05,0.65,0.65,0.65,0.65,0,35880,0
FINNIFTY05MAR2418800PE.NFO,2024-03-01,11:16:00,2024-03-05,0.65,0.65,0.65,0.65,0,35880,0
FINNIFTY05MAR2418800PE.NFO,2024-03-01,11:17:00,2024-03-05,0.65,0.65,0.65,0.65,0,35880,1
FINNIFTY05MAR2418800PE.NFO,2024-03-01,11:18:00,2024-03-05,0.65,0.7,0.65,0.7,0,35880,0
FINNIFTY05MAR2418800PE.NFO,2024-03-01,11:19:00,2024-03-05,0.7,0.7,0.7,0.7,1040,35880,0
FINNIFTY05MAR2418800PE.NFO,2024-03-01,11:20:00,2024-03-05,0.7,0.7,0.7,0.7,1040,35880,1
FINNIFTY05MAR2418800PE.NFO,2024-03-01,11:21:00,2024-03-05,0.7,0.7,0.7,0.7,240,35880,0
FINNIFTY05MAR2418800PE.NFO,2024-03-01,11:22:00,2024-03-05,0.7,0.75,0.7,0.75,840,35920,0
FINNIFTY05MAR2418800PE.NFO,2024-03-01,11:23:00,2024-03-05,0.75,0.75,0.75,0.75,3680,35920,0
FINNIFTY05MAR2418800PE.NFO,2024-03-01,11:24:00,2024-03-05,0.7,0.75,0.7,0.75,920,35920,0
FINNIFTY05MAR2418800PE.NFO,2024-03-01,11:25:00,2024-03-05,0.75,0.8,0.75,0.75,2200,36760,0
FINNIFTY05MAR2418800PE.NFO,2024-03-01,11:26:00,2024-03-05,0.75,0.75,0.75,0.75,3640,36760,0
FINNIFTY05MAR2418800PE.NFO,2024-03-01,11:27:00,2024-03-05,0.75,0.75,0.75,0.75,0,36760,0
FINNIFTY05MAR2418800PE.NFO,2024-03-01,11:28:00,2024-03-05,0.75,0.75,0.75,0.75,560,38200,0
FINNIFTY05MAR2418800PE.NFO,2024-03-01,11:29:00,2024-03-05,0.75,0.75,0.75,0.75,0,38200,0
FINNIFTY05MAR2418800PE.NFO,2024-03-01,11:30:00,2024-03-05,0.75,0.75,0.75,0.75,2240,38200,0
FINNIFTY05MAR2418800PE.NFO,2024-03-01,11:31:00,2024-03-05,0.75,0.75,0.75,0.75,0,38200,0
FINNIFTY05MAR2418800PE.NFO,2024-03-01,11:32:00,2024-03-05,0.75,0.8,0.75,0.8,40,38600,0
FINNIFTY05MAR2418800PE.NFO,2024-03-01,11:33:00,2024-03-05,0.8,0.8,0.8,0.8,120,38600,0
FINNIFTY05MAR2418800PE.NFO,2024-03-01,11:34:00,2024-03-05,0.8,0.8,0.8,0.8,0,38600,0
FINNIFTY05MAR2418800PE.NFO,2024-03-01,11:35:00,2024-03-05,0.75,0.8,0.75,0.8,480,38760,0
FINNIFTY05MAR2418800PE.NFO,2024-03-01,11:36:00,2024-03-05,0.8,0.8,0.8,0.8,0,38760,0
FINNIFTY05MAR2418800PE.NFO,2024-03-01,11:37:00,2024-03-05,0.8,0.9,0.8,0.9,14840,39080,0
FINNIFTY05MAR2418800PE.NFO,2024-03-01,11:38:00,2024-03-05,0.9,0.9,0.85,0.9,1400,39080,0
FINNIFTY05MAR2418800PE.NFO,2024-03-01,11:39:00,2024-03-05,0.9,0.9,0.9,0.9,1040,42000,0
FINNIFTY05MAR2418800PE.NFO,2024-03-01,11:40:00,2024-03-05,0.95,1.0,0.95,1.0,640,42000,0
FINNIFTY05MAR2418800PE.NFO,2024-03-01,11:41:00,2024-03-05,1.0,1.0,0.9,0.9,560,42000,0
FINNIFTY05MAR2418800PE.NFO,2024-03-01,11:42:00,2024-03-05,0.9,0.95,0.9,0.95,320,42000,0
FINNIFTY05MAR2418800PE.NFO,2024-03-01,11:43:00,2024-03-05,0.95,0.95,0.9,0.9,200,41360,0
FINNIFTY05MAR2418800PE.NFO,2024-03-01,11:44:00,2024-03-05,0.9,0.9,0.9,0.9,200,41360,0
FINNIFTY05MAR2418800PE.NFO,2024-03-01,11:45:00,2024-03-05,0.9,0.9,0.9,0.9,0,41360,0
FINNIFTY05MAR2418800PE.NFO,2024-03-01,11:46:00,2024-03-05,0.9,0.9,0.9,0.9,1840,40960,0
FINNIFTY05MAR2418800PE.NFO,2024-03-01,11:47:00,2024-03-05,0.9,0.9,0.9,0.9,560,40960,0
FINNIFTY05MAR2418800PE.NFO,2024-03-01,11:48:00,2024-03-05,0.9,0.9,0.85,0.85,1160,40960,0
FINNIFTY05MAR2418800PE.NFO,2024-03-01,11:49:00,2024-03-05,0.85,0.85,0.85,0.85,40,39960,0
FINNIFTY05MAR2418800PE.NFO,2024-03-01,11:50:00,2024-03-05,0.85,0.85,0.85,0.85,0,39960,0
FINNIFTY05MAR2418800PE.NFO,2024-03-01,11:51:00,2024-03-05,0.85,0.85,0.85,0.85,200,39960,0
FINNIFTY05MAR2418800PE.NFO,2024-03-01,11:52:00,2024-03-05,0.85,0.85,0.85,0.85,200,39960,1
FINNIFTY05MAR2418800PE.NFO,2024-03-01,11:53:00,2024-03-05,0.9,0.95,0.9,0.95,3120,39680,0
FINNIFTY05MAR2418800PE.NFO,2024-03-01,11:54:00,2024-03-05,0.95,1.0,0.95,0.95,3880,39680,0
FINNIFTY05MAR2418800PE.NFO,2024-03-01,11:55:00,2024-03-05,0.95,0.95,0.95,0.95,920,38800,0
FINNIFTY05MAR2418800PE.NFO,2024-03-01,11:56:00,2024-03-05,0.95,0.95,0.95,0.95,0,38800,0
FINNIFTY05MAR2418800PE.NFO,2024-03-01,11:57:00,2024-03-05,0.95,1.0,0.95,0.95,680,38800,0
FINNIFTY05MAR2418800PE.NFO,2024-03-01,11:58:00,2024-03-05,0.95,1.0,0.95,0.95,1920,37800,0
FINNIFTY05MAR2418800PE.NFO,2024-03-01,11:59:00,2024-03-05,0.95,0.95,0.95,0.95,0,37800,0
FINNIFTY05MAR2418800PE.NFO,2024-03-01,12:00:00,2024-03-05,0.95,0.95,0.95,0.95,2200,37800,0
FINNIFTY05MAR2418800PE.NFO,2024-03-01,12:01:00,2024-03-05,0.95,0.95,0.95,0.95,1760,38000,0
FINNIFTY05MAR2418800PE.NFO,2024-03-01,12:02:00,2024-03-05,0.95,0.95,0.9,0.9,840,38000,0
FINNIFTY05MAR2418800PE.NFO,2024-03-01,12:03:00,2024-03-05,0.9,0.9,0.85,0.85,320,38000,0
FINNIFTY05MAR2418800PE.NFO,2024-03-01,12:04:00,2024-03-05,0.85,0.85,0.85,0.85,600,37480,0
FINNIFTY05MAR2418800PE.NFO,2024-03-01,12:05:00,2024-03-05,0.85,0.85,0.85,0.85,0,37480,0
FINNIFTY05MAR2418800PE.NFO,2024-03-01,12:06:00,2024-03-05,0.85,0.85,0.85,0.85,1960,37480,0
FINNIFTY05MAR2418800PE.NFO,2024-03-01,12:07:00,2024-03-05,0.8,0.8,0.8,0.8,80,39920,0
FINNIFTY05MAR2418800PE.NFO,2024-03-01,12:08:00,2024-03-05,0.85,0.85,0.85,0.85,6320,39920,0
FINNIFTY05MAR2418800PE.NFO,2024-03-01,12:09:00,2024-03-05,0.85,0.85,0.85,0.85,0,39920,0
FINNIFTY05MAR2418800PE.NFO,2024-03-01,12:10:00,2024-03-05,0.85,0.85,0.85,0.85,0,39920,0
FINNIFTY05MAR2418800PE.NFO,2024-03-01,12:11:00,2024-03-05,0.85,0.85,0.85,0.85,160,46000,0
FINNIFTY05MAR2418800PE.NFO,2024-03-01,12:12:00,2024-03-05,0.85,0.85,0.85,0.85,0,46000,0
FINNIFTY05MAR2418800PE.NFO,2024-03-01,12:13:00,2024-03-05,0.85,0.85,0.85,0.85,0,46000,0
FINNIFTY05MAR2418800PE.NFO,2024-03-01,12:14:00,2024-03-05,0.9,0.9,0.9,0.9,80,45840,0
FINNIFTY05MAR2418800PE.NFO,2024-03-01,12:15:00,2024-03-05,0.9,0.9,0.9,0.9,0,45840,0
FINNIFTY05MAR2418800PE.NFO,2024-03-01,12:16:00,2024-03-05,0.9,0.9,0.9,0.9,0,45840,1
FINNIFTY05MAR2418800PE.NFO,2024-03-01,12:17:00,2024-03-05,0.85,0.85,0.85,0.85,720,45920,0
FINNIFTY05MAR2418800PE.NFO,2024-03-01,12:18:00,2024-03-05,0.85,0.85,0.85,0.85,0,45920,0
FINNIFTY05MAR2418800PE.NFO,2024-03-01,12:19:00,2024-03-05,0.9,0.9,0.85,0.85,9600,45360,0
FINNIFTY05MAR2418800PE.NFO,2024-03-01,12:20:00,2024-03-05,0.85,0.85,0.8,0.8,11760,45360,0
FINNIFTY05MAR2418800PE.NFO,2024-03-01,12:21:00,2024-03-05,0.8,0.8,0.8,0.8,40,45360,0
FINNIFTY05MAR2418800PE.NFO,2024-03-01,12:22:00,2024-03-05,0.8,0.8,0.8,0.8,0,45360,0
FINNIFTY05MAR2418800PE.NFO,2024-03-01,12:23:00,2024-03-05,0.8,0.8,0.8,0.8,0,45360,1
FINNIFTY05MAR2418800PE.NFO,2024-03-01,12:24:00,2024-03-05,0.8,0.9,0.8,0.9,800,32880,0
FINNIFTY05MAR2418800PE.NFO,2024-03-01,12:25:00,2024-03-05,0.9,0.9,0.9,0.9,400,33480,0
FINNIFTY05MAR2418800PE.NFO,2024-03-01,12:26:00,2024-03-05,0.9,0.9,0.9,0.9,0,33480,0
FINNIFTY05MAR2418800PE.NFO,2024-03-01,12:27:00,2024-03-05,0.9,0.9,0.9,0.9,0,33480,0
FINNIFTY05MAR2418800PE.NFO,2024-03-01,12:28:00,2024-03-05,0.9,0.9,0.9,0.9,0,33480,0
FINNIFTY05MAR2418800PE.NFO,2024-03-01,12:29:00,2024-03-05,0.9,0.9,0.9,0.9,0,33480,0
FINNIFTY05MAR2418800PE.NFO,2024-03-01,12:30:00,2024-03-05,0.9,0.9,0.9,0.9,0,33480,1
FINNIFTY05MAR2418800PE.NFO,2024-03-01,12:31:00,2024-03-05,0.9,0.9,0.9,0.9,0,33480,0
FINNIFTY05MAR2418800PE.NFO,2024-03-01,12:32:00,2024-03-05,0.9,0.9,0.9,0.9,1360,33520,0
FINNIFTY05MAR2418800PE.NFO,2024-03-01,12:33:00,2024-03-05,0.9,0.95,0.9,0.95,200,33520,0
FINNIFTY05MAR2418800PE.NFO,2024-03-01,12:34:00,2024-03-05,0.95,1.0,0.95,1.0,1120,34480,0
FINNIFTY05MAR2418800PE.NFO,2024-03-01,12:35:00,2024-03-05,1.0,1.0,0.95,0.95,3560,34480,0
FINNIFTY05MAR2418800PE.NFO,2024-03-01,12:36:00,2024-03-05,0.95,0.95,0.95,0.95,0,34480,0
FINNIFTY05MAR2418800PE.NFO,2024-03-01,12:37:00,2024-03-05,0.95,0.95,0.95,0.95,0,34480,0
FINNIFTY05MAR2418800PE.NFO,2024-03-01,12:38:00,2024-03-05,0.95,0.95,0.95,0.95,0,34480,1
FINNIFTY05MAR2418800PE.NFO,2024-03-01,12:39:00,2024-03-05,0.95,0.95,0.95,0.95,40,34520,0
FINNIFTY05MAR2418800PE.NFO,2024-03-01,12:40:00,2024-03-05,0.95,0.95,0.95,0.95,80,34520,0
FINNIFTY05MAR2418800PE.NFO,2024-03-01,12:41:00,2024-03-05,0.95,0.95,0.95,0.95,960,34520,0
FINNIFTY05MAR2418800PE.NFO,2024-03-01,12:42:00,2024-03-05,0.95,0.95,0.95,0.95,0,34520,0
FINNIFTY05MAR2418800PE.NFO,2024-03-01,12:43:00,2024-03-05,0.95,0.95,0.95,0.95,0,34520,0
FINNIFTY05MAR2418800PE.NFO,2024-03-01,12:44:00,2024-03-05,0.95,0.95,0.95,0.95,0,34520,0
FINNIFTY05MAR2418800PE.NFO,2024-03-01,12:45:00,2024-03-05,0.95,0.95,0.95,0.95,0,34520,1
FINNIFTY05MAR2418800PE.NFO,2024-03-01,12:46:00,2024-03-05,0.95,0.95,0.95,0.95,0,34520,1
FINNIFTY05MAR2418800PE.NFO,2024-03-01,12:47:00,2024-03-05,0.95,0.95,0.95,0.95,0,34520,1
FINNIFTY05MAR2418800PE.NFO,2024-03-01,12:48:00,2024-03-05,0.95,0.95,0.95,0.95,0,34520,0
FINNIFTY05MAR2418800PE.NFO,2024-03-01,12:49:00,2024-03-05,0.95,0.95,0.95,0.95,0,34520,0
FINNIFTY05MAR2418800PE.NFO,2024-03-01,12:50:00,2024-03-05,0.95,0.95,0.95,0.95,0,34520,1
FINNIFTY05MAR2418800PE.NFO,2024-03-01,12:51:00,2024-03-05,0.95,0.95,0.95,0.95,0,34520,0
FINNIFTY05MAR2418800PE.NFO,2024-03-01,12:52:00,2024-03-05,0.95,0.95,0.95,0.95,40,34920,0
FINNIFTY05MAR2418800PE.NFO,2024-03-01,12:53:00,2024-03-05,0.95,0.95,0.95,0.95,40,34920,1
FINNIFTY05MAR2418800PE.NFO,2024-03-01,12:54:00,2024-03-05,0.95,0.95,0.95,0.95,40,34920,0
FINNIFTY05MAR2418800PE.NFO,2024-03-01,12:55:00,2024-03-05,0.95,0.95,0.95,0.95,0,34920,0
FINNIFTY05MAR2418800PE.NFO,2024-03-01,12:56:00,2024-03-05,0.95,0.95,0.95,0.95,440,34960,0
FINNIFTY05MAR2418800PE.NFO,2024-03-01,12:57:00,2024-03-05,0.95,0.95,0.95,0.95,1000,34960,0
FINNIFTY05MAR2418800PE.NFO,2024-03-01,12:58:00,2024-03-05,0.95,0.95,0.95,0.95,0,34960,0
FINNIFTY05MAR2418800PE.NFO,2024-03-01,12:59:00,2024-03-05,0.95,0.95,0.95,0.95,0,34960,0
FINNIFTY05MAR2418800PE.NFO,2024-03-01,13:00:00,2024-03-05,0.95,0.95,0.95,0.95,0,34960,0
FINNIFTY05MAR2418800PE.NFO,2024-03-01,13:01:00,2024-03-05,0.95,0.95,0.95,0.95,0,34960,0
FINNIFTY05MAR2418800PE.NFO,2024-03-01,13:02:00,2024-03-05,0.95,0.95,0.95,0.95,0,34960,0
FINNIFTY05MAR2418800PE.NFO,2024-03-01,13:03:00,2024-03-05,1.0,1.0,0.95,0.95,440,35280,0
FINNIFTY05MAR2418800PE.NFO,2024-03-01,13:04:00,2024-03-05,0.95,1.0,0.95,1.0,2040,35600,0
FINNIFTY05MAR2418800PE.NFO,2024-03-01,13:05:00,2024-03-05,1.0,1.0,1.0,1.0,3280,35600,0
FINNIFTY05MAR2418800PE.NFO,2024-03-01,13:06:00,2024-03-05,0.95,0.95,0.95,0.95,320,35600,0
FINNIFTY05MAR2418800PE.NFO,2024-03-01,13:07:00,2024-03-05,0.95,0.95,0.95,0.95,320,35600,1
FINNIFTY05MAR2418800PE.NFO,2024-03-01,13:08:00,2024-03-05,0.95,0.95,0.95,0.95,40,36720,0
FINNIFTY05MAR2418800PE.NFO,2024-03-01,13:09:00,2024-03-05,0.95,0.95,0.95,0.95,40,36720,0
FINNIFTY05MAR2418800PE.NFO,2024-03-01,13:10:00,2024-03-05,0.95,0.95,0.95,0.95,0,36720,0
FINNIFTY05MAR2418800PE.NFO,2024-03-01,13:11:00,2024-03-05,0.95,0.95,0.95,0.95,0,36720,0
FINNIFTY05MAR2418800PE.NFO,2024-03-01,13:12:00,2024-03-05,0.95,1.0,0.95,1.0,40,36640,0
FINNIFTY05MAR2418800PE.NFO,2024-03-01,13:13:00,2024-03-05,1.0,1.0,0.95,0.95,40,36640,0
FINNIFTY05MAR2418800PE.NFO,2024-03-01,13:14:00,2024-03-05,0.95,0.95,0.95,0.95,0,36640,0
FINNIFTY05MAR2418800PE.NFO,2024-03-01,13:15:00,2024-03-05,0.95,0.95,0.95,0.95,0,36640,0
FINNIFTY05MAR2418800PE.NFO,2024-03-01,13:16:00,2024-03-05,0.95,0.95,0.95,0.95,0,36640,1
FINNIFTY05MAR2418800PE.NFO,2024-03-01,13:17:00,2024-03-05,0.95,0.95,0.95,0.95,600,36600,0
FINNIFTY05MAR2418800PE.NFO,2024-03-01,13:18:00,2024-03-05,0.95,1.05,0.95,1.05,7520,36600,0
FINNIFTY05MAR2418800PE.NFO,2024-03-01,13:19:00,2024-03-05,1.0,1.0,0.95,0.95,5160,39640,0
FINNIFTY05MAR2418800PE.NFO,2024-03-01,13:20:00,2024-03-05,0.95,0.95,0.95,0.95,1640,39640,0
FINNIFTY05MAR2418800PE.NFO,2024-03-01,13:21:00,2024-03-05,0.95,0.95,0.95,0.95,640,39640,0
FINNIFTY05MAR2418800PE.NFO,2024-03-01,13:22:00,2024-03-05,0.95,0.95,0.9,0.95,560,37400,0
FINNIFTY05MAR2418800PE.NFO,2024-03-01,13:23:00,2024-03-05,0.95,0.95,0.95,0.95,0,37400,0
FINNIFTY05MAR2418800PE.NFO,2024-03-01,13:24:00,2024-03-05,0.95,0.95,0.9,0.9,280,37400,0
FINNIFTY05MAR2418800PE.NFO,2024-03-01,13:25:00,2024-03-05,0.95,0.95,0.95,0.95,120,37760,0
FINNIFTY05MAR2418800PE.NFO,2024-03-01,13:26:00,2024-03-05,0.95,1.0,0.95,1.0,2800,37760,0
FINNIFTY05MAR2418800PE.NFO,2024-03-01,13:27:00,2024-03-05,1.0,1.0,1.0,1.0,200,37760,0
FINNIFTY05MAR2418800PE.NFO,2024-03-01,13:28:00,2024-03-05,1.0,1.0,0.95,0.95,1480,37080,0
FINNIFTY05MAR2418800PE.NFO,2024-03-01,13:29:00,2024-03-05,0.95,0.95,0.95,0.95,0,37080,0
FINNIFTY05MAR2418800PE.NFO,2024-03-01,13:30:00,2024-03-05,0.95,1.0,0.95,1.0,6120,37080,0
FINNIFTY05MAR2418800PE.NFO,2024-03-01,13:31:00,2024-03-05,1.0,1.0,1.0,1.0,440,37560,0
FINNIFTY05MAR2418800PE.NFO,2024-03-01,13:32:00,2024-03-05,1.0,1.0,1.0,1.0,0,37560,0
FINNIFTY05MAR2418800PE.NFO,2024-03-01,13:33:00,2024-03-05,1.0,1.0,1.0,1.0,0,37560,0
FINNIFTY05MAR2418800PE.NFO,2024-03-01,13:34:00,2024-03-05,1.0,1.0,1.0,1.0,680,37400,0
FINNIFTY05MAR2418800PE.NFO,2024-03-01,13:35:00,2024-03-05,1.0,1.0,1.0,1.0,40,37400,0
FINNIFTY05MAR2418800PE.NFO,2024-03-01,13:36:00,2024-03-05,1.0,1.0,1.0,1.0,0,37400,0
FINNIFTY05MAR2418800PE.NFO,2024-03-01,13:37:00,2024-03-05,1.0,1.0,1.0,1.0,1520,36680,0
FINNIFTY05MAR2418800PE.NFO,2024-03-01,13:38:00,2024-03-05,1.0,1.0,1.0,1.0,0,36680,0
FINNIFTY05MAR2418800PE.NFO,2024-03-01,13:39:00,2024-03-05,1.0,1.0,1.0,1.0,0,36680,0
FINNIFTY05MAR2418800PE.NFO,2024-03-01,13:40:00,2024-03-05,1.0,1.0,1.0,1.0,880,36680,0
FINNIFTY05MAR2418800PE.NFO,2024-03-01,13:41:00,2024-03-05,1.0,1.0,1.0,1.0,0,36680,0
FINNIFTY05MAR2418800PE.NFO,2024-03-01,13:42:00,2024-03-05,1.0,1.0,1.0,1.0,0,36680,1
FINNIFTY05MAR2418800PE.NFO,2024-03-01,13:43:00,2024-03-05,1.0,1.0,1.0,1.0,0,36680,1
FINNIFTY05MAR2418800PE.NFO,2024-03-01,13:44:00,2024-03-05,1.0,1.0,1.0,1.0,0,36680,1
FINNIFTY05MAR2418800PE.NFO,2024-03-01,13:45:00,2024-03-05,1.0,1.0,1.0,1.0,0,36680,0
FINNIFTY05MAR2418800PE.NFO,2024-03-01,13:46:00,2024-03-05,1.0,1.0,1.0,1.0,0,36680,0
FINNIFTY05MAR2418800PE.NFO,2024-03-01,13:47:00,2024-03-05,1.0,1.0,1.0,1.0,0,36680,1
FINNIFTY05MAR2418800PE.NFO,2024-03-01,13:48:00,2024-03-05,1.0,1.0,1.0,1.0,0,36680,1
FINNIFTY05MAR2418800PE.NFO,2024-03-01,13:49:00,2024-03-05,1.0,1.0,1.0,1.0,0,36680,0
FINNIFTY05MAR2418800PE.NFO,2024-03-01,13:50:00,2024-03-05,1.0,1.0,0.95,0.95,1800,35640,0
FINNIFTY05MAR2418800PE.NFO,2024-03-01,13:51:00,2024-03-05,0.95,0.95,0.95,0.95,0,35640,0
FINNIFTY05MAR2418800PE.NFO,2024-03-01,13:52:00,2024-03-05,0.95,0.95,0.95,0.95,240,34920,0
FINNIFTY05MAR2418800PE.NFO,2024-03-01,13:53:00,2024-03-05,0.95,0.95,0.95,0.95,2480,34920,0
FINNIFTY05MAR2418800PE.NFO,2024-03-01,13:54:00,2024-03-05,0.95,0.95,0.95,0.95,440,34920,0
FINNIFTY05MAR2418800PE.NFO,2024-03-01,13:55:00,2024-03-05,0.9,0.9,0.9,0.9,800,33320,0
FINNIFTY05MAR2418800PE.NFO,2024-03-01,13:56:00,2024-03-05,0.9,0.9,0.9,0.9,1440,33320,0
FINNIFTY05MAR2418800PE.NFO,2024-03-01,13:57:00,2024-03-05,0.9,0.9,0.9,0.9,0,33320,0
FINNIFTY05MAR2418800PE.NFO,2024-03-01,13:58:00,2024-03-05,0.9,0.95,0.9,0.95,40,32160,0
FINNIFTY05MAR2418800PE.NFO,2024-03-01,13:59:00,2024-03-05,0.95,0.95,0.95,0.95,0,32160,0
FINNIFTY05MAR2418800PE.NFO,2024-03-01,14:00:00,2024-03-05,0.95,0.95,0.95,0.95,0,32160,1
FINNIFTY05MAR2418800PE.NFO,2024-03-01,14:01:00,2024-03-05,0.95,0.95,0.95,0.95,4200,32200,0
FINNIFTY05MAR2418800PE.NFO,2024-03-01,14:02:00,2024-03-05,0.95,0.95,0.95,0.95,1320,32200,0
FINNIFTY05MAR2418800PE.NFO,2024-03-01,14:03:00,2024-03-05,0.95,0.95,0.95,0.95,0,32200,0
FINNIFTY05MAR2418800PE.NFO,2024-03-01,14:04:00,2024-03-05,0.95,0.95,0.9,0.9,5920,35480,0
FINNIFTY05MAR2418800PE.NFO,2024-03-01,14:05:00,2024-03-05,0.9,0.9,0.9,0.9,0,35480,0
FINNIFTY05MAR2418800PE.NFO,2024-03-01,14:06:00,2024-03-05,0.9,0.9,0.9,0.9,280,35480,0
FINNIFTY05MAR2418800PE.NFO,2024-03-01,14:07:00,2024-03-05,0.9,0.9,0.9,0.9,280,35480,1
FINNIFTY05MAR2418800PE.NFO,2024-03-01,14:08:00,2024-03-05,0.9,0.9,0.9,0.9,960,35440,0
FINNIFTY05MAR2418800PE.NFO,2024-03-01,14:09:00,2024-03-05,0.9,0.9,0.9,0.9,0,35440,0
FINNIFTY05MAR2418800PE.NFO,2024-03-01,14:10:00,2024-03-05,0.9,0.9,0.9,0.9,3640,35560,0
FINNIFTY05MAR2418800PE.NFO,2024-03-01,14:11:00,2024-03-05,0.9,0.9,0.9,0.9,880,35560,0
FINNIFTY05MAR2418800PE.NFO,2024-03-01,14:12:00,2024-03-05,0.9,0.9,0.9,0.9,200,35560,0
FINNIFTY05MAR2418800PE.NFO,2024-03-01,14:13:00,2024-03-05,0.95,0.95,0.95,0.95,1640,33600,0
FINNIFTY05MAR2418800PE.NFO,2024-03-01,14:14:00,2024-03-05,0.95,0.95,0.9,0.9,200,33600,0
FINNIFTY05MAR2418800PE.NFO,2024-03-01,14:15:00,2024-03-05,0.9,0.9,0.9,0.9,0,33600,0
FINNIFTY05MAR2418800PE.NFO,2024-03-01,14:16:00,2024-03-05,0.95,0.95,0.95,0.95,200,34240,0
FINNIFTY05MAR2418800PE.NFO,2024-03-01,14:17:00,2024-03-05,0.95,0.95,0.95,0.95,0,34240,0
FINNIFTY05MAR2418800PE.NFO,2024-03-01,14:18:00,2024-03-05,0.95,0.95,0.95,0.95,0,34240,0
FINNIFTY05MAR2418800PE.NFO,2024-03-01,14:19:00,2024-03-05,0.95,1.0,0.95,0.95,1040,34440,0
FINNIFTY05MAR2418800PE.NFO,2024-03-01,14:20:00,2024-03-05,0.95,1.0,0.95,0.95,1160,34440,0
FINNIFTY05MAR2418800PE.NFO,2024-03-01,14:21:00,2024-03-05,0.95,0.95,0.95,0.95,440,34440,0
FINNIFTY05MAR2418800PE.NFO,2024-03-01,14:22:00,2024-03-05,0.95,0.95,0.95,0.95,640,34400,0
FINNIFTY05MAR2418800PE.NFO,2024-03-01,14:23:00,2024-03-05,0.95,0.95,0.95,0.95,0,34400,0
FINNIFTY05MAR2418800PE.NFO,2024-03-01,14:24:00,2024-03-05,0.95,0.95,0.95,0.95,0,34400,0
FINNIFTY05MAR2418800PE.NFO,2024-03-01,14:25:00,2024-03-05,0.95,0.95,0.95,0.95,0,34400,0
FINNIFTY05MAR2418800PE.NFO,2024-03-01,14:26:00,2024-03-05,0.95,0.95,0.9,0.9,480,33760,0
FINNIFTY05MAR2418800PE.NFO,2024-03-01,14:27:00,2024-03-05,0.9,0.9,0.85,0.9,2840,33760,0
FINNIFTY05MAR2418800PE.NFO,2024-03-01,14:28:00,2024-03-05,0.9,0.95,0.9,0.9,3160,34120,0
FINNIFTY05MAR2418800PE.NFO,2024-03-01,14:29:00,2024-03-05,0.9,0.9,0.85,0.85,3000,34120,0
FINNIFTY05MAR2418800PE.NFO,2024-03-01,14:30:00,2024-03-05,0.85,0.9,0.85,0.9,440,34120,0
FINNIFTY05MAR2418800PE.NFO,2024-03-01,14:31:00,2024-03-05,0.9,0.9,0.9,0.9,280,32520,0
FINNIFTY05MAR2418800PE.NFO,2024-03-01,14:32:00,2024-03-05,0.9,0.9,0.9,0.9,2040,32520,0
FINNIFTY05MAR2418800PE.NFO,2024-03-01,14:33:00,2024-03-05,0.9,0.95,0.9,0.95,800,32520,0
FINNIFTY05MAR2418800PE.NFO,2024-03-01,14:34:00,2024-03-05,0.95,0.95,0.9,0.9,4200,34720,0
FINNIFTY05MAR2418800PE.NFO,2024-03-01,14:35:00,2024-03-05,0.9,0.9,0.85,0.85,1360,34720,0
FINNIFTY05MAR2418800PE.NFO,2024-03-01,14:36:00,2024-03-05,0.85,0.85,0.85,0.85,0,34720,0
FINNIFTY05MAR2418800PE.NFO,2024-03-01,14:37:00,2024-03-05,0.85,0.85,0.85,0.85,0,34720,0
FINNIFTY05MAR2418800PE.NFO,2024-03-01,14:38:00,2024-03-05,0.85,0.85,0.85,0.85,0,34720,1
FINNIFTY05MAR2418800PE.NFO,2024-03-01,14:39:00,2024-03-05,0.9,0.9,0.9,0.9,3200,30600,0
FINNIFTY05MAR2418800PE.NFO,2024-03-01,14:40:00,2024-03-05,0.9,0.9,0.9,0.9,1600,30600,0
FINNIFTY05MAR2418800PE.NFO,2024-03-01,14:41:00,2024-03-05,0.9,0.9,0.9,0.9,0,30600,0
FINNIFTY05MAR2418800PE.NFO,2024-03-01,14:42:00,2024-03-05,0.9,0.9,0.9,0.9,0,30600,0
FINNIFTY05MAR2418800PE.NFO,2024-03-01,14:43:00,2024-03-05,0.9,0.9,0.9,0.9,0,30600,0
FINNIFTY05MAR2418800PE.NFO,2024-03-01,14:44:00,2024-03-05,0.9,0.9,0.9,0.9,0,30600,0
FINNIFTY05MAR2418800PE.NFO,2024-03-01,14:45:00,2024-03-05,0.9,0.9,0.9,0.9,920,35400,0
FINNIFTY05MAR2418800PE.NFO,2024-03-01,14:46:00,2024-03-05,0.9,0.9,0.9,0.9,400,35400,0
FINNIFTY05MAR2418800PE.NFO,2024-03-01,14:47:00,2024-03-05,0.9,0.9,0.9,0.9,0,35400,0
FINNIFTY05MAR2418800PE.NFO,2024-03-01,14:48:00,2024-03-05,0.9,0.9,0.9,0.9,40,34600,0
FINNIFTY05MAR2418800PE.NFO,2024-03-01,14:49:00,2024-03-05,0.9,0.9,0.9,0.9,40,34600,1
FINNIFTY05MAR2418800PE.NFO,2024-03-01,14:50:00,2024-03-05,0.9,0.9,0.9,0.9,0,34600,0
FINNIFTY05MAR2418800PE.NFO,2024-03-01,14:51:00,2024-03-05,0.9,0.9,0.9,0.9,0,34600,1
FINNIFTY05MAR2418800PE.NFO,2024-03-01,14:52:00,2024-03-05,0.9,0.9,0.9,0.9,480,34120,0
FINNIFTY05MAR2418800PE.NFO,2024-03-01,14:53:00,2024-03-05,0.9,0.9,0.9,0.9,40,34120,0
FINNIFTY05MAR2418800PE.NFO,2024-03-01,14:54:00,2024-03-05,0.9,0.9,0.9,0.9,280,34120,0
FINNIFTY05MAR2418800PE.NFO,2024-03-01,14:55:00,2024-03-05,0.95,0.95,0.95,0.95,680,34120,0
FINNIFTY05MAR2418800PE.NFO,2024-03-01,14:56:00,2024-03-05,0.95,0.95,0.9,0.9,1840,34440,0
FINNIFTY05MAR2418800PE.NFO,2024-03-01,14:57:00,2024-03-05,0.9,0.9,0.9,0.9,80,34440,0
FINNIFTY05MAR2418800PE.NFO,2024-03-01,14:58:00,2024-03-05,0.9,0.9,0.9,0.9,40,32760,0
FINNIFTY05MAR2418800PE.NFO,2024-03-01,14:59:00,2024-03-05,0.9,0.9,0.9,0.9,0,32760,0
FINNIFTY05MAR2418800PE.NFO,2024-03-01,15:00:00,2024-03-05,0.95,0.95,0.9,0.9,160,32760,0
FINNIFTY05MAR2418800PE.NFO,2024-03-01,15:01:00,2024-03-05,0.9,0.95,0.9,0.9,280,32720,0
FINNIFTY05MAR2418800PE.NFO,2024-03-01,15:02:00,2024-03-05,0.9,0.95,0.9,0.9,1280,32720,0
FINNIFTY05MAR2418800PE.NFO,2024-03-01,15:03:00,2024-03-05,0.9,0.9,0.9,0.9,0,32720,0
FINNIFTY05MAR2418800PE.NFO,2024-03-01,15:04:00,2024-03-05,0.9,0.9,0.9,0.9,0,32720,1
FINNIFTY05MAR2418800PE.NFO,2024-03-01,15:05:00,2024-03-05,0.9,0.9,0.9,0.9,0,32720,0
FINNIFTY05MAR2418800PE.NFO,2024-03-01,15:06:00,2024-03-05,0.95,1.0,0.95,0.95,2880,32640,0
FINNIFTY05MAR2418800PE.NFO,2024-03-01,15:07:00,2024-03-05,0.95,0.95,0.95,0.95,0,32640,0
FINNIFTY05MAR2418800PE.NFO,2024-03-01,15:08:00,2024-03-05,0.95,0.95,0.95,0.95,0,33360,0
FINNIFTY05MAR2418800PE.NFO,2024-03-01,15:09:00,2024-03-05,0.95,0.95,0.95,0.95,1000,33360,0
FINNIFTY05MAR2418800PE.NFO,2024-03-01,15:10:00,2024-03-05,0.95,0.95,0.9,0.9,1880,32360,0
FINNIFTY05MAR2418800PE.NFO,2024-03-01,15:11:00,2024-03-05,0.9,0.9,0.9,0.9,0,32360,0
FINNIFTY05MAR2418800PE.NFO,2024-03-01,15:12:00,2024-03-05,0.9,0.9,0.9,0.9,0,32360,1
FINNIFTY05MAR2418800PE.NFO,2024-03-01,15:13:00,2024-03-05,0.9,0.95,0.9,0.95,2040,32080,0
FINNIFTY05MAR2418800PE.NFO,2024-03-01,15:14:00,2024-03-05,0.95,0.95,0.95,0.95,0,32080,0
FINNIFTY05MAR2418800PE.NFO,2024-03-01,15:15:00,2024-03-05,0.95,0.95,0.95,0.95,440,32080,0
FINNIFTY05MAR2418800PE.NFO,2024-03-01,15:16:00,2024-03-05,0.95,0.95,0.95,0.95,720,32800,0
FINNIFTY05MAR2418800PE.NFO,2024-03-01,15:17:00,2024-03-05,0.95,0.95,0.95,0.95,400,32800,0
FINNIFTY05MAR2418800PE.NFO,2024-03-01,15:18:00,2024-03-05,0.95,0.95,0.95,0.95,0,32800,0
FINNIFTY05MAR2418800PE.NFO,2024-03-01,15:19:00,2024-03-05,0.95,0.95,0.9,0.9,2160,32160,0
FINNIFTY05MAR2418800PE.NFO,2024-03-01,15:20:00,2024-03-05,0.9,0.9,0.85,0.9,1160,32160,0
FINNIFTY05MAR2418800PE.NFO,2024-03-01,15:21:00,2024-03-05,0.9,0.95,0.85,0.85,2880,32160,0
FINNIFTY05MAR2418800PE.NFO,2024-03-01,15:22:00,2024-03-05,0.85,0.95,0.85,0.95,1600,30640,0
FINNIFTY05MAR2418800PE.NFO,2024-03-01,15:23:00,2024-03-05,0.95,0.95,0.95,0.95,0,30640,0
FINNIFTY05MAR2418800PE.NFO,2024-03-01,15:24:00,2024-03-05,0.95,0.95,0.95,0.95,720,30640,0
FINNIFTY05MAR2418800PE.NFO,2024-03-01,15:25:00,2024-03-05,0.95,0.95,0.9,0.95,800,31080,0
FINNIFTY05MAR2418800PE.NFO,2024-03-01,15:26:00,2024-03-05,0.95,0.95,0.75,0.8,5440,31080,0
FINNIFTY05MAR2418800PE.NFO,2024-03-01,15:27:00,2024-03-05,0.9,0.95,0.8,0.95,2480,31080,0
FINNIFTY05MAR2418800PE.NFO,2024-03-01,15:28:00,2024-03-05,0.95,0.95,0.95,0.95,320,31080,0
FINNIFTY05MAR2418800PE.NFO,2024-03-01,15:29:00,2024-03-05,0.95,1.35,0.95,1.1,3080,32080,0
FINNIFTY05MAR2418800PE.NFO,2024-03-01,15:30:00,2024-03-05,1.1,1.1,1.1,1.1,3080,32080,1
FINNIFTY05MAR2418800PE.NFO,2024-03-02,09:15:00,2024-03-05,1.1,1.1,0.7,1.0,1600,29960,0
FINNIFTY05MAR2418800PE.NFO,2024-03-02,09:16:00,2024-03-05,1.0,1.0,0.7,0.7,880,29960,0
FINNIFTY05MAR2418800PE.NFO,2024-03-02,09:17:00,2024-03-05,0.7,0.7,0.7,0.7,4920,29960,0
FINNIFTY05MAR2418800PE.NFO,2024-03-02,09:18:00,2024-03-05,0.65,0.7,0.6,0.65,2000,34320,0
FINNIFTY05MAR2418800PE.NFO,2024-03-02,09:19:00,2024-03-05,0.6,0.6,0.55,0.6,2800,34320,0
FINNIFTY05MAR2418800PE.NFO,2024-03-02,09:20:00,2024-03-05,0.6,0.6,0.5,0.5,4880,34320,0
FINNIFTY05MAR2418800PE.NFO,2024-03-02,09:21:00,2024-03-05,0.55,0.55,0.5,0.55,320,33560,0
FINNIFTY05MAR2418800PE.NFO,2024-03-02,09:22:00,2024-03-05,0.55,0.55,0.5,0.5,1240,33560,0
FINNIFTY05MAR2418800PE.NFO,2024-03-02,09:23:00,2024-03-05,0.5,0.5,0.5,0.5,1240,33560,1
FINNIFTY05MAR2418800PE.NFO,2024-03-02,09:24:00,2024-03-05,0.55,0.55,0.55,0.55,680,33560,0
FINNIFTY05MAR2418800PE.NFO,2024-03-02,09:25:00,2024-03-05,0.55,0.55,0.5,0.5,240,33320,0
FINNIFTY05MAR2418800PE.NFO,2024-03-02,09:26:00,2024-03-05,0.6,0.6,0.6,0.6,3840,33320,0
FINNIFTY05MAR2418800PE.NFO,2024-03-02,09:27:00,2024-03-05,0.6,0.6,0.6,0.6,400,34320,0
FINNIFTY05MAR2418800PE.NFO,2024-03-02,09:28:00,2024-03-05,0.6,0.6,0.6,0.6,240,34320,0
FINNIFTY05MAR2418800PE.NFO,2024-03-02,09:29:00,2024-03-05,0.6,0.6,0.55,0.55,200,34320,0
FINNIFTY05MAR2418800PE.NFO,2024-03-02,09:30:00,2024-03-05,0.5,0.55,0.5,0.55,1560,35400,0
FINNIFTY05MAR2418800PE.NFO,2024-03-02,09:31:00,2024-03-05,0.55,0.55,0.5,0.5,160,35400,0
FINNIFTY05MAR2418800PE.NFO,2024-03-02,09:32:00,2024-03-05,0.5,0.5,0.5,0.5,0,35400,0
FINNIFTY05MAR2418800PE.NFO,2024-03-02,09:33:00,2024-03-05,0.5,0.5,0.5,0.5,0,35400,1
FINNIFTY05MAR2418800PE.NFO,2024-03-02,09:34:00,2024-03-05,0.55,0.55,0.55,0.55,0,35600,0
FINNIFTY05MAR2418800PE.NFO,2024-03-02,09:35:00,2024-03-05,0.55,0.55,0.55,0.55,6720,35600,0
FINNIFTY05MAR2418800PE.NFO,2024-03-02,09:36:00,2024-03-05,0.55,0.55,0.55,0.55,200,34360,0
FINNIFTY05MAR2418800PE.NFO,2024-03-02,09:37:00,2024-03-05,0.55,0.55,0.55,0.55,880,34360,0
FINNIFTY05MAR2418800PE.NFO,2024-03-02,09:38:00,2024-03-05,0.55,0.55,0.55,0.55,0,34360,0
FINNIFTY05MAR2418800PE.NFO,2024-03-02,09:39:00,2024-03-05,0.55,0.55,0.55,0.55,0,34360,0
FINNIFTY05MAR2418800PE.NFO,2024-03-02,09:40:00,2024-03-05,0.55,0.55,0.55,0.55,0,34360,0
FINNIFTY05MAR2418800PE.NFO,2024-03-02,09:41:00,2024-03-05,0.55,0.55,0.55,0.55,0,34360,0
FINNIFTY05MAR2418800PE.NFO,2024-03-02,09:42:00,2024-03-05,0.6,0.6,0.6,0.6,1320,33280,0
FINNIFTY05MAR2418800PE.NFO,2024-03-02,09:43:00,2024-03-05,0.6,0.6,0.6,0.6,40,33280,0
FINNIFTY05MAR2418800PE.NFO,2024-03-02,09:44:00,2024-03-05,0.6,0.6,0.6,0.6,40,33280,1
FINNIFTY05MAR2418800PE.NFO,2024-03-02,09:45:00,2024-03-05,0.6,0.6,0.6,0.6,40,33280,1
FINNIFTY05MAR2418800PE.NFO,2024-03-02,09:46:00,2024-03-05,0.6,0.6,0.6,0.6,40,33280,1
FINNIFTY05MAR2418800PE.NFO,2024-03-02,09:47:00,2024-03-05,0.6,0.6,0.6,0.6,40,33280,1
FINNIFTY05MAR2418800PE.NFO,2024-03-02,09:48:00,2024-03-05,0.6,0.6,0.6,0.6,80,34600,0
FINNIFTY05MAR2418800PE.NFO,2024-03-02,09:49:00,2024-03-05,0.6,0.6,0.6,0.6,80,34600,1
FINNIFTY05MAR2418800PE.NFO,2024-03-02,09:50:00,2024-03-05,0.6,0.6,0.6,0.6,0,34600,0
FINNIFTY05MAR2418800PE.NFO,2024-03-02,09:51:00,2024-03-05,0.6,0.6,0.6,0.6,0,34600,0
FINNIFTY05MAR2418800PE.NFO,2024-03-02,09:52:00,2024-03-05,0.6,0.6,0.6,0.6,0,34600,0
FINNIFTY05MAR2418800PE.NFO,2024-03-02,09:53:00,2024-03-05,0.6,0.6,0.6,0.6,40,34600,0
FINNIFTY05MAR2418800PE.NFO,2024-03-02,09:54:00,2024-03-05,0.6,0.6,0.6,0.6,0,34600,0
FINNIFTY05MAR2418800PE.NFO,2024-03-02,09:55:00,2024-03-05,0.6,0.6,0.6,0.6,0,34600,0
FINNIFTY05MAR2418800PE.NFO,2024-03-02,09:56:00,2024-03-05,0.6,0.6,0.55,0.55,280,34600,0
FINNIFTY05MAR2418800PE.NFO,2024-03-02,09:57:00,2024-03-05,0.55,0.6,0.55,0.6,680,34880,0
FINNIFTY05MAR2418800PE.NFO,2024-03-02,09:58:00,2024-03-05,0.55,0.65,0.55,0.55,1800,34880,0
FINNIFTY05MAR2418800PE.NFO,2024-03-02,09:59:00,2024-03-05,0.55,0.65,0.55,0.65,360,34880,0
FINNIFTY05MAR2418800PE.NFO,2024-03-02,10:00:00,2024-03-05,0.65,0.65,0.65,0.65,360,34880,1
FINNIFTY05MAR2418800PE.NFO,2024-03-02,10:01:00,2024-03-05,0.65,0.65,0.65,0.65,360,34880,1
FINNIFTY05MAR2418800PE.NFO,2024-03-02,10:02:00,2024-03-05,0.65,0.65,0.65,0.65,360,34880,1
FINNIFTY05MAR2418800PE.NFO,2024-03-02,10:03:00,2024-03-05,0.65,0.65,0.65,0.65,360,34880,1
FINNIFTY05MAR2418800PE.NFO,2024-03-02,10:04:00,2024-03-05,0.65,0.65,0.65,0.65,360,34880,1
FINNIFTY05MAR2418800PE.NFO,2024-03-02,10:05:00,2024-03-05,0.65,0.65,0.65,0.65,360,34880,1
FINNIFTY05MAR2418800PE.NFO,2024-03-02,10:06:00,2024-03-05,0.65,0.65,0.65,0.65,360,34880,1
FINNIFTY05MAR2418800PE.NFO,2024-03-02,10:07:00,2024-03-05,0.65,0.65,0.65,0.65,360,34880,1
FINNIFTY05MAR2418800PE.NFO,2024-03-02,10:08:00,2024-03-05,0.65,0.65,0.65,0.65,360,34880,1
FINNIFTY05MAR2418800PE.NFO,2024-03-02,10:09:00,2024-03-05,0.65,0.65,0.65,0.65,360,34880,1
FINNIFTY05MAR2418800PE.NFO,2024-03-02,10:10:00,2024-03-05,0.65,0.65,0.65,0.65,360,34880,1
FINNIFTY05MAR2418800PE.NFO,2024-03-02,10:11:00,2024-03-05,0.65,0.65,0.65,0.65,360,34880,1
FINNIFTY05MAR2418800PE.NFO,2024-03-02,10:12:00,2024-03-05,0.65,0.65,0.65,0.65,360,34880,1
FINNIFTY05MAR2418800PE.NFO,2024-03-02,10:13:00,2024-03-05,0.65,0.65,0.65,0.65,360,34880,1
FINNIFTY05MAR2418800PE.NFO,2024-03-02,10:14:00,2024-03-05,0.65,0.65,0.65,0.65,360,34880,1
FINNIFTY05MAR2418800PE.NFO,2024-03-02,10:15:00,2024-03-05,0.65,0.65,0.65,0.65,360,34880,1
FINNIFTY05MAR2418800PE.NFO,2024-03-02,10:16:00,2024-03-05,0.65,0.65,0.65,0.65,360,34880,1
FINNIFTY05MAR2418800PE.NFO,2024-03-02,10:17:00,2024-03-05,0.65,0.65,0.65,0.65,360,34880,1
FINNIFTY05MAR2418800PE.NFO,2024-03-02,10:18:00,2024-03-05,0.65,0.65,0.65,0.65,360,34880,1
FINNIFTY05MAR2418800PE.NFO,2024-03-02,10:19:00,2024-03-05,0.65,0.65,0.65,0.65,360,34880,1
FINNIFTY05MAR2418800PE.NFO,2024-03-02,10:20:00,2024-03-05,0.65,0.65,0.65,0.65,360,34880,1
FINNIFTY05MAR2418800PE.NFO,2024-03-02,10:21:00,2024-03-05,0.65,0.65,0.65,0.65,360,34880,1
FINNIFTY05MAR2418800PE.NFO,2024-03-02,10:22:00,2024-03-05,0.65,0.65,0.65,0.65,360,34880,1
FINNIFTY05MAR2418800PE.NFO,2024-03-02,10:23:00,2024-03-05,0.65,0.65,0.65,0.65,360,34880,1
FINNIFTY05MAR2418800PE.NFO,2024-03-02,10:24:00,2024-03-05,0.65,0.65,0.65,0.65,360,34880,1
FINNIFTY05MAR2418800PE.NFO,2024-03-02,10:25:00,2024-03-05,0.65,0.65,0.65,0.65,360,34880,1
FINNIFTY05MAR2418800PE.NFO,2024-03-02,10:26:00,2024-03-05,0.65,0.65,0.65,0.65,360,34880,1
FINNIFTY05MAR2418800PE.NFO,2024-03-02,10:27:00,2024-03-05,0.65,0.65,0.65,0.65,360,34880,1
FINNIFTY05MAR2418800PE.NFO,2024-03-02,10:28:00,2024-03-05,0.65,0.65,0.65,0.65,360,34880,1
FINNIFTY05MAR2418800PE.NFO,2024-03-02,10:29:00,2024-03-05,0.65,0.65,0.65,0.65,360,34880,1
FINNIFTY05MAR2418800PE.NFO,2024-03-02,10:30:00,2024-03-05,0.65,0.65,0.65,0.65,360,34880,1
FINNIFTY05MAR2418800PE.NFO,2024-03-02,10:31:00,2024-03-05,0.65,0.65,0.65,0.65,360,34880,1
FINNIFTY05MAR2418800PE.NFO,2024-03-02,10:32:00,2024-03-05,0.65,0.65,0.65,0.65,360,34880,1
FINNIFTY05MAR2418800PE.NFO,2024-03-02,10:33:00,2024-03-05,0.65,0.65,0.65,0.65,360,34880,1
FINNIFTY05MAR2418800PE.NFO,2024-03-02,10:34:00,2024-03-05,0.65,0.65,0.65,0.65,360,34880,1
FINNIFTY05MAR2418800PE.NFO,2024-03-02,10:35:00,2024-03-05,0.65,0.65,0.65,0.65,360,34880,1
FINNIFTY05MAR2418800PE.NFO,2024-03-02,10:36:00,2024-03-05,0.65,0.65,0.65,0.65,360,34880,1
FINNIFTY05MAR2418800PE.NFO,2024-03-02,10:37:00,2024-03-05,0.65,0.65,0.65,0.65,360,34880,1
FINNIFTY05MAR2418800PE.NFO,2024-03-02,10:38:00,2024-03-05,0.65,0.65,0.65,0.65,360,34880,1
FINNIFTY05MAR2418800PE.NFO,2024-03-02,10:39:00,2024-03-05,0.65,0.65,0.65,0.65,360,34880,1
FINNIFTY05MAR2418800PE.NFO,2024-03-02,10:40:00,2024-03-05,0.65,0.65,0.65,0.65,360,34880,1
FINNIFTY05MAR2418800PE.NFO,2024-03-02,10:41:00,2024-03-05,0.65,0.65,0.65,0.65,360,34880,1
FINNIFTY05MAR2418800PE.NFO,2024-03-02,10:42:00,2024-03-05,0.65,0.65,0.65,0.65,360,34880,1
FINNIFTY05MAR2418800PE.NFO,2024-03-02,10:43:00,2024-03-05,0.65,0.65,0.65,0.65,360,34880,1
FINNIFTY05MAR2418800PE.NFO,2024-03-02,10:44:00,2024-03-05,0.65,0.65,0.65,0.65,360,34880,1
FINNIFTY05MAR2418800PE.NFO,2024-03-02,10:45:00,2024-03-05,0.65,0.65,0.65,0.65,360,34880,1
FINNIFTY05MAR2418800PE.NFO,2024-03-02,10:46:00,2024-03-05,0.65,0.65,0.65,0.65,360,34880,1
FINNIFTY05MAR2418800PE.NFO,2024-03-02,10:47:00,2024-03-05,0.65,0.65,0.65,0.65,360,34880,1
FINNIFTY05MAR2418800PE.NFO,2024-03-02,10:48:00,2024-03-05,0.65,0.65,0.65,0.65,360,34880,1
FINNIFTY05MAR2418800PE.NFO,2024-03-02,10:49:00,2024-03-05,0.65,0.65,0.65,0.65,360,34880,1
FINNIFTY05MAR2418800PE.NFO,2024-03-02,10:50:00,2024-03-05,0.65,0.65,0.65,0.65,360,34880,1
FINNIFTY05MAR2418800PE.NFO,2024-03-02,10:51:00,2024-03-05,0.65,0.65,0.65,0.65,360,34880,1
FINNIFTY05MAR2418800PE.NFO,2024-03-02,10:52:00,2024-03-05,0.65,0.65,0.65,0.65,360,34880,1
FINNIFTY05MAR2418800PE.NFO,2024-03-02,10:53:00,2024-03-05,0.65,0.65,0.65,0.65,360,34880,1
FINNIFTY05MAR2418800PE.NFO,2024-03-02,10:54:00,2024-03-05,0.65,0.65,0.65,0.65,360,34880,1
FINNIFTY05MAR2418800PE.NFO,2024-03-02,10:55:00,2024-03-05,0.65,0.65,0.65,0.65,360,34880,1
FINNIFTY05MAR2418800PE.NFO,2024-03-02,10:56:00,2024-03-05,0.65,0.65,0.65,0.65,360,34880,1
FINNIFTY05MAR2418800PE.NFO,2024-03-02,10:57:00,2024-03-05,0.65,0.65,0.65,0.65,360,34880,1
FINNIFTY05MAR2418800PE.NFO,2024-03-02,10:58:00,2024-03-05,0.65,0.65,0.65,0.65,360,34880,1
FINNIFTY05MAR2418800PE.NFO,2024-03-02,10:59:00,2024-03-05,0.65,0.65,0.65,0.65,360,34880,1
FINNIFTY05MAR2418800PE.NFO,2024-03-02,11:00:00,2024-03-05,0.65,0.65,0.65,0.65,360,34880,1
FINNIFTY05MAR2418800PE.NFO,2024-03-02,11:01:00,2024-03-05,0.65,0.65,0.65,0.65,360,34880,1
FINNIFTY05MAR2418800PE.NFO,2024-03-02,11:02:00,2024-03-05,0.65,0.65,0.65,0.65,360,34880,1
FINNIFTY05MAR2418800PE.NFO,2024-03-02,11:03:00,2024-03-05,0.65,0.65,0.65,0.65,360,34880,1
FINNIFTY05MAR2418800PE.NFO,2024-03-02,11:04:00,2024-03-05,0.65,0.65,0.65,0.65,360,34880,1
FINNIFTY05MAR2418800PE.NFO,2024-03-02,11:05:00,2024-03-05,0.65,0.65,0.65,0.65,360,34880,1
FINNIFTY05MAR2418800PE.NFO,2024-03-02,11:06:00,2024-03-05,0.65,0.65,0.65,0.65,360,34880,1
FINNIFTY05MAR2418800PE.NFO,2024-03-02,11:07:00,2024-03-05,0.65,0.65,0.65,0.65,360,34880,1
FINNIFTY05MAR2418800PE.NFO,2024-03-02,11:08:00,2024-03-05,0.65,0.65,0.65,0.65,360,34880,1
FINNIFTY05MAR2418800PE.NFO,2024-03-02,11:09:00,2024-03-05,0.65,0.65,0.65,0.65,360,34880,1
FINNIFTY05MAR2418800PE.NFO,2024-03-02,11:10:00,2024-03-05,0.65,0.65,0.65,0.65,360,34880,1
FINNIFTY05MAR2418800PE.NFO,2024-03-02,11:11:00,2024-03-05,0.65,0.65,0.65,0.65,360,34880,1
FINNIFTY05MAR2418800PE.NFO,2024-03-02,11:12:00,2024-03-05,0.65,0.65,0.65,0.65,360,34880,1
FINNIFTY05MAR2418800PE.NFO,2024-03-02,11:13:00,2024-03-05,0.65,0.65,0.65,0.65,360,34880,1
FINNIFTY05MAR2418800PE.NFO,2024-03-02,11:14:00,2024-03-05,0.65,0.65,0.65,0.65,360,34880,1
FINNIFTY05MAR2418800PE.NFO,2024-03-02,11:15:00,2024-03-05,0.65,0.65,0.65,0.65,360,34880,1
FINNIFTY05MAR2418800PE.NFO,2024-03-02,11:16:00,2024-03-05,0.65,0.65,0.65,0.65,360,34880,1
FINNIFTY05MAR2418800PE.NFO,2024-03-02,11:17:00,2024-03-05,0.65,0.65,0.65,0.65,360,34880,1
FINNIFTY05MAR2418800PE.NFO,2024-03-02,11:18:00,2024-03-05,0.65,0.65,0.65,0.65,360,34880,1
FINNIFTY05MAR2418800PE.NFO,2024-03-02,11:19:00,2024-03-05,0.65,0.65,0.65,0.65,360,34880,1
FINNIFTY05MAR2418800PE.NFO,2024-03-02,11:20:00,2024-03-05,0.65,0.65,0.65,0.65,360,34880,1
FINNIFTY05MAR2418800PE.NFO,2024-03-02,11:21:00,2024-03-05,0.65,0.65,0.65,0.65,360,34880,1
FINNIFTY05MAR2418800PE.NFO,2024-03-02,11:22:00,2024-03-05,0.65,0.65,0.65,0.65,360,34880,1
FINNIFTY05MAR2418800PE.NFO,2024-03-02,11:23:00,2024-03-05,0.65,0.65,0.65,0.65,360,34880,1
FINNIFTY05MAR2418800PE.NFO,2024-03-02,11:24:00,2024-03-05,0.65,0.65,0.65,0.65,360,34880,1
FINNIFTY05MAR2418800PE.NFO,2024-03-02,11:25:00,2024-03-05,0.65,0.65,0.65,0.65,360,34880,1
FINNIFTY05MAR2418800PE.NFO,2024-03-02,11:26:00,2024-03-05,0.65,0.65,0.65,0.65,360,34880,1
FINNIFTY05MAR2418800PE.NFO,2024-03-02,11:27:00,2024-03-05,0.65,0.65,0.65,0.65,360,34880,1
FINNIFTY05MAR2418800PE.NFO,2024-03-02,11:28:00,2024-03-05,0.65,0.65,0.65,0.65,360,34880,1
FINNIFTY05MAR2418800PE.NFO,2024-03-02,11:29:00,2024-03-05,0.65,0.65,0.65,0.65,360,34880,1
FINNIFTY05MAR2418800PE.NFO,2024-03-02,11:30:00,2024-03-05,0.65,0.65,0.65,0.65,0,34880,0
FINNIFTY05MAR2418800PE.NFO,2024-03-02,11:31:00,2024-03-05,0.65,0.65,0.65,0.65,0,34880,0
FINNIFTY05MAR2418800PE.NFO,2024-03-02,11:32:00,2024-03-05,0.65,0.65,0.65,0.65,0,34880,0
FINNIFTY05MAR2418800PE.NFO,2024-03-02,11:33:00,2024-03-05,0.65,0.65,0.5,0.65,80,33680,0
FINNIFTY05MAR2418800PE.NFO,2024-03-02,11:34:00,2024-03-05,0.65,0.65,0.6,0.6,520,33320,0
FINNIFTY05MAR2418800PE.NFO,2024-03-02,11:35:00,2024-03-05,0.65,0.65,0.5,0.5,80,33320,0
FINNIFTY05MAR2418800PE.NFO,2024-03-02,11:36:00,2024-03-05,0.5,0.5,0.5,0.5,0,33320,0
FINNIFTY05MAR2418800PE.NFO,2024-03-02,11:37:00,2024-03-05,0.5,0.5,0.5,0.5,0,33320,0
FINNIFTY05MAR2418800PE.NFO,2024-03-02,11:38:00,2024-03-05,0.5,0.5,0.5,0.5,0,33320,0
FINNIFTY05MAR2418800PE.NFO,2024-03-02,11:39:00,2024-03-05,0.65,0.65,0.65,0.65,1000,33080,0
FINNIFTY05MAR2418800PE.NFO,2024-03-02,11:40:00,2024-03-05,0.65,0.65,0.65,0.65,0,33080,0
FINNIFTY05MAR2418800PE.NFO,2024-03-02,11:41:00,2024-03-05,0.65,0.65,0.5,0.5,120,33080,0
FINNIFTY05MAR2418800PE.NFO,2024-03-02,11:42:00,2024-03-05,0.5,0.5,0.5,0.5,40,33080,0
FINNIFTY05MAR2418800PE.NFO,2024-03-02,11:43:00,2024-03-05,0.5,0.5,0.5,0.5,0,33080,0
FINNIFTY05MAR2418800PE.NFO,2024-03-02,11:44:00,2024-03-05,0.5,0.5,0.5,0.5,0,33080,0
FINNIFTY05MAR2418800PE.NFO,2024-03-02,11:45:00,2024-03-05,0.5,0.5,0.5,0.5,0,33080,0
FINNIFTY05MAR2418800PE.NFO,2024-03-02,11:46:00,2024-03-05,0.5,0.5,0.5,0.5,0,33080,0
FINNIFTY05MAR2418800PE.NFO,2024-03-02,11:47:00,2024-03-05,0.5,0.5,0.5,0.5,0,33080,0
FINNIFTY05MAR2418800PE.NFO,2024-03-02,11:48:00,2024-03-05,0.5,0.5,0.5,0.5,0,33080,0
FINNIFTY05MAR2418800PE.NFO,2024-03-02,11:49:00,2024-03-05,0.5,0.5,0.5,0.5,0,33080,0
FINNIFTY05MAR2418800PE.NFO,2024-03-02,11:50:00,2024-03-05,0.5,0.5,0.5,0.5,160,33040,0
FINNIFTY05MAR2418800PE.NFO,2024-03-02,11:51:00,2024-03-05,0.5,0.5,0.5,0.5,1000,33040,0
FINNIFTY05MAR2418800PE.NFO,2024-03-02,11:52:00,2024-03-05,0.5,0.5,0.5,0.5,0,33040,0
FINNIFTY05MAR2418800PE.NFO,2024-03-02,11:53:00,2024-03-05,0.5,0.5,0.5,0.5,0,33040,0
FINNIFTY05MAR2418800PE.NFO,2024-03-02,11:54:00,2024-03-05,0.5,0.65,0.5,0.65,200,33040,0
FINNIFTY05MAR2418800PE.NFO,2024-03-02,11:55:00,2024-03-05,0.65,0.65,0.5,0.65,440,32840,0
FINNIFTY05MAR2418800PE.NFO,2024-03-02,11:56:00,2024-03-05,0.65,0.65,0.65,0.65,80,32840,0
FINNIFTY05MAR2418800PE.NFO,2024-03-02,11:57:00,2024-03-05,0.65,0.65,0.65,0.65,0,32840,0
FINNIFTY05MAR2418800PE.NFO,2024-03-02,11:58:00,2024-03-05,0.65,0.65,0.65,0.65,0,32840,0
FINNIFTY05MAR2418800PE.NFO,2024-03-02,11:59:00,2024-03-05,0.65,0.65,0.65,0.65,0,32840,0
FINNIFTY05MAR2418800PE.NFO,2024-03-02,12:00:00,2024-03-05,0.65,0.65,0.65,0.65,40,32760,0
FINNIFTY05MAR2418800PE.NFO,2024-03-02,12:01:00,2024-03-05,0.65,0.65,0.5,0.65,3680,32640,0
FINNIFTY05MAR2418800PE.NFO,2024-03-02,12:02:00,2024-03-05,0.65,0.65,0.5,0.6,480,32640,0
FINNIFTY05MAR2418800PE.NFO,2024-03-02,12:03:00,2024-03-05,0.6,0.6,0.6,0.6,0,32640,0
FINNIFTY05MAR2418800PE.NFO,2024-03-02,12:04:00,2024-03-05,0.55,0.6,0.55,0.6,80,32640,0
FINNIFTY05MAR2418800PE.NFO,2024-03-02,12:05:00,2024-03-05,0.6,0.6,0.6,0.6,0,32640,0
FINNIFTY05MAR2418800PE.NFO,2024-03-02,12:06:00,2024-03-05,0.6,0.6,0.5,0.6,3320,32640,0
FINNIFTY05MAR2418800PE.NFO,2024-03-02,12:07:00,2024-03-05,0.6,0.6,0.5,0.5,320,32280,0
FINNIFTY05MAR2418800PE.NFO,2024-03-02,12:08:00,2024-03-05,0.5,0.5,0.5,0.5,800,32280,0
FINNIFTY05MAR2418800PE.NFO,2024-03-02,12:09:00,2024-03-05,0.5,0.5,0.5,0.5,200,32280,0
FINNIFTY05MAR2418800PE.NFO,2024-03-02,12:10:00,2024-03-05,0.55,0.55,0.55,0.55,160,32240,0
FINNIFTY05MAR2418800PE.NFO,2024-03-02,12:11:00,2024-03-05,0.55,0.55,0.55,0.55,0,32240,0
FINNIFTY05MAR2418800PE.NFO,2024-03-02,12:12:00,2024-03-05,0.55,0.55,0.55,0.55,0,32240,1
FINNIFTY05MAR2418800PE.NFO,2024-03-02,12:13:00,2024-03-05,0.55,0.55,0.55,0.55,0,32240,1
FINNIFTY05MAR2418800PE.NFO,2024-03-02,12:14:00,2024-03-05,0.55,0.55,0.55,0.55,0,32240,0
FINNIFTY05MAR2418800PE.NFO,2024-03-02,12:15:00,2024-03-05,0.55,0.6,0.55,0.55,440,32200,0
FINNIFTY05MAR2418800PE.NFO,2024-03-02,12:16:00,2024-03-05,0.55,0.6,0.5,0.5,2040,31960,0
FINNIFTY05MAR2418800PE.NFO,2024-03-02,12:17:00,2024-03-05,0.5,0.6,0.5,0.5,120,31960,0
FINNIFTY05MAR2418800PE.NFO,2024-03-02,12:18:00,2024-03-05,0.5,0.5,0.5,0.5,0,31960,0
FINNIFTY05MAR2418800PE.NFO,2024-03-02,12:19:00,2024-03-05,0.5,0.6,0.5,0.6,0,31840,0
FINNIFTY05MAR2418800PE.NFO,2024-03-02,12:20:00,2024-03-05,0.6,0.6,0.5,0.5,440,31840,0
FINNIFTY05MAR2418800PE.NFO,2024-03-02,12:21:00,2024-03-05,0.5,0.5,0.5,0.5,320,31840,0
FINNIFTY05MAR2418800PE.NFO,2024-03-02,12:22:00,2024-03-05,0.5,0.6,0.5,0.6,960,31800,0
FINNIFTY05MAR2418800PE.NFO,2024-03-02,12:23:00,2024-03-05,0.6,0.6,0.6,0.6,2600,31800,0
FINNIFTY05MAR2418800PE.NFO,2024-03-02,12:24:00,2024-03-05,0.5,0.5,0.5,0.5,200,31800,0
FINNIFTY05MAR2418800PE.NFO,2024-03-02,12:25:00,2024-03-05,0.5,0.6,0.5,0.6,80,31800,0
FINNIFTY05MAR2418800PE.NFO,2024-03-02,12:26:00,2024-03-05,0.6,0.6,0.6,0.6,0,31800,0
FINNIFTY05MAR2418800PE.NFO,2024-03-02,12:27:00,2024-03-05,0.6,0.6,0.6,0.6,120,31760,0
FINNIFTY05MAR2418800PE.NFO,2024-03-02,12:28:00,2024-03-05,0.6,0.65,0.5,0.65,920,31760,0
FINNIFTY05MAR2418800PE.NFO,2024-03-02,12:29:00,2024-03-05,0.65,0.65,0.55,0.55,160,31760,0
FINNIFTY05MAR2418800PE.NFO,2024-03-02,12:30:00,2024-03-05,0.55,0.55,0.55,0.55,160,31760,1
FINNIFTY05MAR2418800PE.NFO,2024-03-02,12:31:00,2024-03-05,0.55,0.55,0.55,0.55,160,31760,1
FINNIFTY05MAR2418800PE.NFO,2024-03-02,12:32:00,2024-03-05,0.55,0.55,0.55,0.55,160,31760,1
FINNIFTY05MAR2418800PE.NFO,2024-03-02,12:33:00,2024-03-05,0.55,0.55,0.55,0.55,160,31760,1
FINNIFTY05MAR2418800PE.NFO,2024-03-02,12:34:00,2024-03-05,0.55,0.55,0.55,0.55,160,31760,1
FINNIFTY05MAR2418800PE.NFO,2024-03-02,12:35:00,2024-03-05,0.55,0.55,0.55,0.55,160,31760,1
FINNIFTY05MAR2418800PE.NFO,2024-03-02,12:36:00,2024-03-05,0.55,0.55,0.55,0.55,160,31760,1
FINNIFTY05MAR2418800PE.NFO,2024-03-02,12:37:00,2024-03-05,0.55,0.55,0.55,0.55,160,31760,1
FINNIFTY05MAR2418800PE.NFO,2024-03-02,12:38:00,2024-03-05,0.55,0.55,0.55,0.55,160,31760,1
FINNIFTY05MAR2418800PE.NFO,2024-03-02,12:39:00,2024-03-05,0.55,0.55,0.55,0.55,160,31760,1
FINNIFTY05MAR2418800PE.NFO,2024-03-02,12:40:00,2024-03-05,0.55,0.55,0.55,0.55,160,31760,1
FINNIFTY05MAR2418800PE.NFO,2024-03-02,12:41:00,2024-03-05,0.55,0.55,0.55,0.55,160,31760,1
FINNIFTY05MAR2418800PE.NFO,2024-03-02,12:42:00,2024-03-05,0.55,0.55,0.55,0.55,160,31760,1
FINNIFTY05MAR2418800PE.NFO,2024-03-02,12:43:00,2024-03-05,0.55,0.55,0.55,0.55,160,31760,1
FINNIFTY05MAR2418800PE.NFO,2024-03-02,12:44:00,2024-03-05,0.55,0.55,0.55,0.55,160,31760,1
FINNIFTY05MAR2418800PE.NFO,2024-03-02,12:45:00,2024-03-05,0.55,0.55,0.55,0.55,160,31760,1
FINNIFTY05MAR2418800PE.NFO,2024-03-02,12:46:00,2024-03-05,0.55,0.55,0.55,0.55,160,31760,1
FINNIFTY05MAR2418800PE.NFO,2024-03-02,12:47:00,2024-03-05,0.55,0.55,0.55,0.55,160,31760,1
FINNIFTY05MAR2418800PE.NFO,2024-03-02,12:48:00,2024-03-05,0.55,0.55,0.55,0.55,160,31760,1
FINNIFTY05MAR2418800PE.NFO,2024-03-02,12:49:00,2024-03-05,0.55,0.55,0.55,0.55,160,31760,1
FINNIFTY05MAR2418800PE.NFO,2024-03-02,12:50:00,2024-03-05,0.55,0.55,0.55,0.55,160,31760,1
FINNIFTY05MAR2418800PE.NFO,2024-03-02,12:51:00,2024-03-05,0.55,0.55,0.55,0.55,160,31760,1
FINNIFTY05MAR2418800PE.NFO,2024-03-02,12:52:00,2024-03-05,0.55,0.55,0.55,0.55,160,31760,1
FINNIFTY05MAR2418800PE.NFO,2024-03-02,12:53:00,2024-03-05,0.55,0.55,0.55,0.55,160,31760,1
FINNIFTY05MAR2418800PE.NFO,2024-03-02,12:54:00,2024-03-05,0.55,0.55,0.55,0.55,160,31760,1
FINNIFTY05MAR2418800PE.NFO,2024-03-02,12:55:00,2024-03-05,0.55,0.55,0.55,0.55,160,31760,1
FINNIFTY05MAR2418800PE.NFO,2024-03-02,12:56:00,2024-03-05,0.55,0.55,0.55,0.55,160,31760,1
FINNIFTY05MAR2418800PE.NFO,2024-03-02,12:57:00,2024-03-05,0.55,0.55,0.55,0.55,160,31760,1
FINNIFTY05MAR2418800PE.NFO,2024-03-02,12:58:00,2024-03-05,0.55,0.55,0.55,0.55,160,31760,1
FINNIFTY05MAR2418800PE.NFO,2024-03-02,12:59:00,2024-03-05,0.55,0.55,0.55,0.55,160,31760,1
FINNIFTY05MAR2418800PE.NFO,2024-03-02,13:00:00,2024-03-05,0.55,0.55,0.55,0.55,160,31760,1
FINNIFTY05MAR2418800PE.NFO,2024-03-02,13:01:00,2024-03-05,0.55,0.55,0.55,0.55,160,31760,1
FINNIFTY05MAR2418800PE.NFO,2024-03-02,13:02:00,2024-03-05,0.55,0.55,0.55,0.55,160,31760,1
FINNIFTY05MAR2418800PE.NFO,2024-03-02,13:03:00,2024-03-05,0.55,0.55,0.55,0.55,160,31760,1
FINNIFTY05MAR2418800PE.NFO,2024-03-02,13:04:00,2024-03-05,0.55,0.55,0.55,0.55,160,31760,1
FINNIFTY05MAR2418800PE.NFO,2024-03-02,13:05:00,2024-03-05,0.55,0.55,0.55,0.55,160,31760,1
FINNIFTY05MAR2418800PE.NFO,2024-03-02,13:06:00,2024-03-05,0.55,0.55,0.55,0.55,160,31760,1
FINNIFTY05MAR2418800PE.NFO,2024-03-02,13:07:00,2024-03-05,0.55,0.55,0.55,0.55,160,31760,1
FINNIFTY05MAR2418800PE.NFO,2024-03-02,13:08:00,2024-03-05,0.55,0.55,0.55,0.55,160,31760,1
FINNIFTY05MAR2418800PE.NFO,2024-03-02,13:09:00,2024-03-05,0.55,0.55,0.55,0.55,160,31760,1
FINNIFTY05MAR2418800PE.NFO,2024-03-02,13:10:00,2024-03-05,0.55,0.55,0.55,0.55,160,31760,1
FINNIFTY05MAR2418800PE.NFO,2024-03-02,13:11:00,2024-03-05,0.55,0.55,0.55,0.55,160,31760,1
FINNIFTY05MAR2418800PE.NFO,2024-03-02,13:12:00,2024-03-05,0.55,0.55,0.55,0.55,160,31760,1
FINNIFTY05MAR2418800PE.NFO,2024-03-02,13:13:00,2024-03-05,0.55,0.55,0.55,0.55,160,31760,1
FINNIFTY05MAR2418800PE.NFO,2024-03-02,13:14:00,2024-03-05,0.55,0.55,0.55,0.55,160,31760,1
FINNIFTY05MAR2418800PE.NFO,2024-03-02,13:15:00,2024-03-05,0.55,0.55,0.55,0.55,160,31760,1
FINNIFTY05MAR2418800PE.NFO,2024-03-02,13:16:00,2024-03-05,0.55,0.55,0.55,0.55,160,31760,1
FINNIFTY05MAR2418800PE.NFO,2024-03-02,13:17:00,2024-03-05,0.55,0.55,0.55,0.55,160,31760,1
FINNIFTY05MAR2418800PE.NFO,2024-03-02,13:18:00,2024-03-05,0.55,0.55,0.55,0.55,160,31760,1
FINNIFTY05MAR2418800PE.NFO,2024-03-02,13:19:00,2024-03-05,0.55,0.55,0.55,0.55,160,31760,1
FINNIFTY05MAR2418800PE.NFO,2024-03-02,13:20:00,2024-03-05,0.55,0.55,0.55,0.55,160,31760,1
FINNIFTY05MAR2418800PE.NFO,2024-03-02,13:21:00,2024-03-05,0.55,0.55,0.55,0.55,160,31760,1
FINNIFTY05MAR2418800PE.NFO,2024-03-02,13:22:00,2024-03-05,0.55,0.55,0.55,0.55,160,31760,1
FINNIFTY05MAR2418800PE.NFO,2024-03-02,13:23:00,2024-03-05,0.55,0.55,0.55,0.55,160,31760,1
FINNIFTY05MAR2418800PE.NFO,2024-03-02,13:24:00,2024-03-05,0.55,0.55,0.55,0.55,160,31760,1
FINNIFTY05MAR2418800PE.NFO,2024-03-02,13:25:00,2024-03-05,0.55,0.55,0.55,0.55,160,31760,1
FINNIFTY05MAR2418800PE.NFO,2024-03-02,13:26:00,2024-03-05,0.55,0.55,0.55,0.55,160,31760,1
FINNIFTY05MAR2418800PE.NFO,2024-03-02,13:27:00,2024-03-05,0.55,0.55,0.55,0.55,160,31760,1
FINNIFTY05MAR2418800PE.NFO,2024-03-02,13:28:00,2024-03-05,0.55,0.55,0.55,0.55,160,31760,1
FINNIFTY05MAR2418800PE.NFO,2024-03-02,13:29:00,2024-03-05,0.55,0.55,0.55,0.55,160,31760,1
FINNIFTY05MAR2418800PE.NFO,2024-03-02,13:30:00,2024-03-05,0.55,0.55,0.55,0.55,160,31760,1
FINNIFTY05MAR2418800PE.NFO,2024-03-02,13:31:00,2024-03-05,0.55,0.55,0.55,0.55,160,31760,1
FINNIFTY05MAR2418800PE.NFO,2024-03-02,13:32:00,2024-03-05,0.55,0.55,0.55,0.55,160,31760,1
FINNIFTY05MAR2418800PE.NFO,2024-03-02,13:33:00,2024-03-05,0.55,0.55,0.55,0.55,160,31760,1
FINNIFTY05MAR2418800PE.NFO,2024-03-02,13:34:00,2024-03-05,0.55,0.55,0.55,0.55,160,31760,1
FINNIFTY05MAR2418800PE.NFO,2024-03-02,13:35:00,2024-03-05,0.55,0.55,0.55,0.55,160,31760,1
FINNIFTY05MAR2418800PE.NFO,2024-03-02,13:36:00,2024-03-05,0.55,0.55,0.55,0.55,160,31760,1
FINNIFTY05MAR2418800PE.NFO,2024-03-02,13:37:00,2024-03-05,0.55,0.55,0.55,0.55,160,31760,1
FINNIFTY05MAR2418800PE.NFO,2024-03-02,13:38:00,2024-03-05,0.55,0.55,0.55,0.55,160,31760,1
FINNIFTY05MAR2418800PE.NFO,2024-03-02,13:39:00,2024-03-05,0.55,0.55,0.55,0.55,160,31760,1
FINNIFTY05MAR2418800PE.NFO,2024-03-02,13:40:00,2024-03-05,0.55,0.55,0.55,0.55,160,31760,1
FINNIFTY05MAR2418800PE.NFO,2024-03-02,13:41:00,2024-03-05,0.55,0.55,0.55,0.55,160,31760,1
FINNIFTY05MAR2418800PE.NFO,2024-03-02,13:42:00,2024-03-05,0.55,0.55,0.55,0.55,160,31760,1
FINNIFTY05MAR2418800PE.NFO,2024-03-02,13:43:00,2024-03-05,0.55,0.55,0.55,0.55,160,31760,1
FINNIFTY05MAR2418800PE.NFO,2024-03-02,13:44:00,2024-03-05,0.55,0.55,0.55,0.55,160,31760,1
FINNIFTY05MAR2418800PE.NFO,2024-03-02,13:45:00,2024-03-05,0.55,0.55,0.55,0.55,160,31760,1
FINNIFTY05MAR2418800PE.NFO,2024-03-02,13:46:00,2024-03-05,0.55,0.55,0.55,0.55,160,31760,1
FINNIFTY05MAR2418800PE.NFO,2024-03-02,13:47:00,2024-03-05,0.55,0.55,0.55,0.55,160,31760,1
FINNIFTY05MAR2418800PE.NFO,2024-03-02,13:48:00,2024-03-05,0.55,0.55,0.55,0.55,160,31760,1
FINNIFTY05MAR2418800PE.NFO,2024-03-02,13:49:00,2024-03-05,0.55,0.55,0.55,0.55,160,31760,1
FINNIFTY05MAR2418800PE.NFO,2024-03-02,13:50:00,2024-03-05,0.55,0.55,0.55,0.55,160,31760,1
FINNIFTY05MAR2418800PE.NFO,2024-03-02,13:51:00,2024-03-05,0.55,0.55,0.55,0.55,160,31760,1
FINNIFTY05MAR2418800PE.NFO,2024-03-02,13:52:00,2024-03-05,0.55,0.55,0.55,0.55,160,31760,1
FINNIFTY05MAR2418800PE.NFO,2024-03-02,13:53:00,2024-03-05,0.55,0.55,0.55,0.55,160,31760,1
FINNIFTY05MAR2418800PE.NFO,2024-03-02,13:54:00,2024-03-05,0.55,0.55,0.55,0.55,160,31760,1
FINNIFTY05MAR2418800PE.NFO,2024-03-02,13:55:00,2024-03-05,0.55,0.55,0.55,0.55,160,31760,1
FINNIFTY05MAR2418800PE.NFO,2024-03-02,13:56:00,2024-03-05,0.55,0.55,0.55,0.55,160,31760,1
FINNIFTY05MAR2418800PE.NFO,2024-03-02,13:57:00,2024-03-05,0.55,0.55,0.55,0.55,160,31760,1
FINNIFTY05MAR2418800PE.NFO,2024-03-02,13:58:00,2024-03-05,0.55,0.55,0.55,0.55,160,31760,1
FINNIFTY05MAR2418800PE.NFO,2024-03-02,13:59:00,2024-03-05,0.55,0.55,0.55,0.55,160,31760,1
FINNIFTY05MAR2418800PE.NFO,2024-03-02,14:00:00,2024-03-05,0.55,0.55,0.55,0.55,160,31760,1
FINNIFTY05MAR2418800PE.NFO,2024-03-02,14:01:00,2024-03-05,0.55,0.55,0.55,0.55,160,31760,1
FINNIFTY05MAR2418800PE.NFO,2024-03-02,14:02:00,2024-03-05,0.55,0.55,0.55,0.55,160,31760,1
FINNIFTY05MAR2418800PE.NFO,2024-03-02,14:03:00,2024-03-05,0.55,0.55,0.55,0.55,160,31760,1
FINNIFTY05MAR2418800PE.NFO,2024-03-02,14:04:00,2024-03-05,0.55,0.55,0.55,0.55,160,31760,1
FINNIFTY05MAR2418800PE.NFO,2024-03-02,14:05:00,2024-03-05,0.55,0.55,0.55,0.55,160,31760,1
FINNIFTY05MAR2418800PE.NFO,2024-03-02,14:06:00,2024-03-05,0.55,0.55,0.55,0.55,160,31760,1
FINNIFTY05MAR2418800PE.NFO,2024-03-02,14:07:00,2024-03-05,0.55,0.55,0.55,0.55,160,31760,1
FINNIFTY05MAR2418800PE.NFO,2024-03-02,14:08:00,2024-03-05,0.55,0.55,0.55,0.55,160,31760,1
FINNIFTY05MAR2418800PE.NFO,2024-03-02,14:09:00,2024-03-05,0.55,0.55,0.55,0.55,160,31760,1
FINNIFTY05MAR2418800PE.NFO,2024-03-02,14:10:00,2024-03-05,0.55,0.55,0.55,0.55,160,31760,1
FINNIFTY05MAR2418800PE.NFO,2024-03-02,14:11:00,2024-03-05,0.55,0.55,0.55,0.55,160,31760,1
FINNIFTY05MAR2418800PE.NFO,2024-03-02,14:12:00,2024-03-05,0.55,0.55,0.55,0.55,160,31760,1
FINNIFTY05MAR2418800PE.NFO,2024-03-02,14:13:00,2024-03-05,0.55,0.55,0.55,0.55,160,31760,1
FINNIFTY05MAR2418800PE.NFO,2024-03-02,14:14:00,2024-03-05,0.55,0.55,0.55,0.55,160,31760,1
FINNIFTY05MAR2418800PE.NFO,2024-03-02,14:15:00,2024-03-05,0.55,0.55,0.55,0.55,160,31760,1
FINNIFTY05MAR2418800PE.NFO,2024-03-02,14:16:00,2024-03-05,0.55,0.55,0.55,0.55,160,31760,1
FINNIFTY05MAR2418800PE.NFO,2024-03-02,14:17:00,2024-03-05,0.55,0.55,0.55,0.55,160,31760,1
FINNIFTY05MAR2418800PE.NFO,2024-03-02,14:18:00,2024-03-05,0.55,0.55,0.55,0.55,160,31760,1
FINNIFTY05MAR2418800PE.NFO,2024-03-02,14:19:00,2024-03-05,0.55,0.55,0.55,0.55,160,31760,1
FINNIFTY05MAR2418800PE.NFO,2024-03-02,14:20:00,2024-03-05,0.55,0.55,0.55,0.55,160,31760,1
FINNIFTY05MAR2418800PE.NFO,2024-03-02,14:21:00,2024-03-05,0.55,0.55,0.55,0.55,160,31760,1
FINNIFTY05MAR2418800PE.NFO,2024-03-02,14:22:00,2024-03-05,0.55,0.55,0.55,0.55,160,31760,1
FINNIFTY05MAR2418800PE.NFO,2024-03-02,14:23:00,2024-03-05,0.55,0.55,0.55,0.55,160,31760,1
FINNIFTY05MAR2418800PE.NFO,2024-03-02,14:24:00,2024-03-05,0.55,0.55,0.55,0.55,160,31760,1
FINNIFTY05MAR2418800PE.NFO,2024-03-02,14:25:00,2024-03-05,0.55,0.55,0.55,0.55,160,31760,1
FINNIFTY05MAR2418800PE.NFO,2024-03-02,14:26:00,2024-03-05,0.55,0.55,0.55,0.55,160,31760,1
FINNIFTY05MAR2418800PE.NFO,2024-03-02,14:27:00,2024-03-05,0.55,0.55,0.55,0.55,160,31760,1
FINNIFTY05MAR2418800PE.NFO,2024-03-02,14:28:00,2024-03-05,0.55,0.55,0.55,0.55,160,31760,1
FINNIFTY05MAR2418800PE.NFO,2024-03-02,14:29:00,2024-03-05,0.55,0.55,0.55,0.55,160,31760,1
FINNIFTY05MAR2418800PE.NFO,2024-03-02,14:30:00,2024-03-05,0.55,0.55,0.55,0.55,160,31760,1
FINNIFTY05MAR2418800PE.NFO,2024-03-02,14:31:00,2024-03-05,0.55,0.55,0.55,0.55,160,31760,1
FINNIFTY05MAR2418800PE.NFO,2024-03-02,14:32:00,2024-03-05,0.55,0.55,0.55,0.55,160,31760,1
FINNIFTY05MAR2418800PE.NFO,2024-03-02,14:33:00,2024-03-05,0.55,0.55,0.55,0.55,160,31760,1
FINNIFTY05MAR2418800PE.NFO,2024-03-02,14:34:00,2024-03-05,0.55,0.55,0.55,0.55,160,31760,1
FINNIFTY05MAR2418800PE.NFO,2024-03-02,14:35:00,2024-03-05,0.55,0.55,0.55,0.55,160,31760,1
FINNIFTY05MAR2418800PE.NFO,2024-03-02,14:36:00,2024-03-05,0.55,0.55,0.55,0.55,160,31760,1
FINNIFTY05MAR2418800PE.NFO,2024-03-02,14:37:00,2024-03-05,0.55,0.55,0.55,0.55,160,31760,1
FINNIFTY05MAR2418800PE.NFO,2024-03-02,14:38:00,2024-03-05,0.55,0.55,0.55,0.55,160,31760,1
FINNIFTY05MAR2418800PE.NFO,2024-03-02,14:39:00,2024-03-05,0.55,0.55,0.55,0.55,160,31760,1
FINNIFTY05MAR2418800PE.NFO,2024-03-02,14:40:00,2024-03-05,0.55,0.55,0.55,0.55,160,31760,1
FINNIFTY05MAR2418800PE.NFO,2024-03-02,14:41:00,2024-03-05,0.55,0.55,0.55,0.55,160,31760,1
FINNIFTY05MAR2418800PE.NFO,2024-03-02,14:42:00,2024-03-05,0.55,0.55,0.55,0.55,160,31760,1
FINNIFTY05MAR2418800PE.NFO,2024-03-02,14:43:00,2024-03-05,0.55,0.55,0.55,0.55,160,31760,1
FINNIFTY05MAR2418800PE.NFO,2024-03-02,14:44:00,2024-03-05,0.55,0.55,0.55,0.55,160,31760,1
FINNIFTY05MAR2418800PE.NFO,2024-03-02,14:45:00,2024-03-05,0.55,0.55,0.55,0.55,160,31760,1
FINNIFTY05MAR2418800PE.NFO,2024-03-02,14:46:00,2024-03-05,0.55,0.55,0.55,0.55,160,31760,1
FINNIFTY05MAR2418800PE.NFO,2024-03-02,14:47:00,2024-03-05,0.55,0.55,0.55,0.55,160,31760,1
FINNIFTY05MAR2418800PE.NFO,2024-03-02,14:48:00,2024-03-05,0.55,0.55,0.55,0.55,160,31760,1
FINNIFTY05MAR2418800PE.NFO,2024-03-02,14:49:00,2024-03-05,0.55,0.55,0.55,0.55,160,31760,1
FINNIFTY05MAR2418800PE.NFO,2024-03-02,14:50:00,2024-03-05,0.55,0.55,0.55,0.55,160,31760,1
FINNIFTY05MAR2418800PE.NFO,2024-03-02,14:51:00,2024-03-05,0.55,0.55,0.55,0.55,160,31760,1
FINNIFTY05MAR2418800PE.NFO,2024-03-02,14:52:00,2024-03-05,0.55,0.55,0.55,0.55,160,31760,1
FINNIFTY05MAR2418800PE.NFO,2024-03-02,14:53:00,2024-03-05,0.55,0.55,0.55,0.55,160,31760,1
FINNIFTY05MAR2418800PE.NFO,2024-03-02,14:54:00,2024-03-05,0.55,0.55,0.55,0.55,160,31760,1
FINNIFTY05MAR2418800PE.NFO,2024-03-02,14:55:00,2024-03-05,0.55,0.55,0.55,0.55,160,31760,1
FINNIFTY05MAR2418800PE.NFO,2024-03-02,14:56:00,2024-03-05,0.55,0.55,0.55,0.55,160,31760,1
FINNIFTY05MAR2418800PE.NFO,2024-03-02,14:57:00,2024-03-05,0.55,0.55,0.55,0.55,160,31760,1
FINNIFTY05MAR2418800PE.NFO,2024-03-02,14:58:00,2024-03-05,0.55,0.55,0.55,0.55,160,31760,1
FINNIFTY05MAR2418800PE.NFO,2024-03-02,14:59:00,2024-03-05,0.55,0.55,0.55,0.55,160,31760,1
FINNIFTY05MAR2418800PE.NFO,2024-03-02,15:00:00,2024-03-05,0.55,0.55,0.55,0.55,160,31760,1
FINNIFTY05MAR2418800PE.NFO,2024-03-02,15:01:00,2024-03-05,0.55,0.55,0.55,0.55,160,31760,1
FINNIFTY05MAR2418800PE.NFO,2024-03-02,15:02:00,2024-03-05,0.55,0.55,0.55,0.55,160,31760,1
FINNIFTY05MAR2418800PE.NFO,2024-03-02,15:03:00,2024-03-05,0.55,0.55,0.55,0.55,160,31760,1
FINNIFTY05MAR2418800PE.NFO,2024-03-02,15:04:00,2024-03-05,0.55,0.55,0.55,0.55,160,31760,1
FINNIFTY05MAR2418800PE.NFO,2024-03-02,15:05:00,2024-03-05,0.55,0.55,0.55,0.55,160,31760,1
FINNIFTY05MAR2418800PE.NFO,2024-03-02,15:06:00,2024-03-05,0.55,0.55,0.55,0.55,160,31760,1
FINNIFTY05MAR2418800PE.NFO,2024-03-02,15:07:00,2024-03-05,0.55,0.55,0.55,0.55,160,31760,1
FINNIFTY05MAR2418800PE.NFO,2024-03-02,15:08:00,2024-03-05,0.55,0.55,0.55,0.55,160,31760,1
FINNIFTY05MAR2418800PE.NFO,2024-03-02,15:09:00,2024-03-05,0.55,0.55,0.55,0.55,160,31760,1
FINNIFTY05MAR2418800PE.NFO,2024-03-02,15:10:00,2024-03-05,0.55,0.55,0.55,0.55,160,31760,1
FINNIFTY05MAR2418800PE.NFO,2024-03-02,15:11:00,2024-03-05,0.55,0.55,0.55,0.55,160,31760,1
FINNIFTY05MAR2418800PE.NFO,2024-03-02,15:12:00,2024-03-05,0.55,0.55,0.55,0.55,160,31760,1
FINNIFTY05MAR2418800PE.NFO,2024-03-02,15:13:00,2024-03-05,0.55,0.55,0.55,0.55,160,31760,1
FINNIFTY05MAR2418800PE.NFO,2024-03-02,15:14:00,2024-03-05,0.55,0.55,0.55,0.55,160,31760,1
FINNIFTY05MAR2418800PE.NFO,2024-03-02,15:15:00,2024-03-05,0.55,0.55,0.55,0.55,160,31760,1
FINNIFTY05MAR2418800PE.NFO,2024-03-02,15:16:00,2024-03-05,0.55,0.55,0.55,0.55,160,31760,1
FINNIFTY05MAR2418800PE.NFO,2024-03-02,15:17:00,2024-03-05,0.55,0.55,0.55,0.55,160,31760,1
FINNIFTY05MAR2418800PE.NFO,2024-03-02,15:18:00,2024-03-05,0.55,0.55,0.55,0.55,160,31760,1
FINNIFTY05MAR2418800PE.NFO,2024-03-02,15:19:00,2024-03-05,0.55,0.55,0.55,0.55,160,31760,1
FINNIFTY05MAR2418800PE.NFO,2024-03-02,15:20:00,2024-03-05,0.55,0.55,0.55,0.55,160,31760,1
FINNIFTY05MAR2418800PE.NFO,2024-03-02,15:21:00,2024-03-05,0.55,0.55,0.55,0.55,160,31760,1
FINNIFTY05MAR2418800PE.NFO,2024-03-02,15:22:00,2024-03-05,0.55,0.55,0.55,0.55,160,31760,1
FINNIFTY05MAR2418800PE.NFO,2024-03-02,15:23:00,2024-03-05,0.55,0.55,0.55,0.55,160,31760,1
FINNIFTY05MAR2418800PE.NFO,2024-03-02,15:24:00,2024-03-05,0.55,0.55,0.55,0.55,160,31760,1
FINNIFTY05MAR2418800PE.NFO,2024-03-02,15:25:00,2024-03-05,0.55,0.55,0.55,0.55,160,31760,1
FINNIFTY05MAR2418800PE.NFO,2024-03-02,15:26:00,2024-03-05,0.55,0.55,0.55,0.55,160,31760,1
FINNIFTY05MAR2418800PE.NFO,2024-03-02,15:27:00,2024-03-05,0.55,0.55,0.55,0.55,160,31760,1
FINNIFTY05MAR2418800PE.NFO,2024-03-02,15:28:00,2024-03-05,0.55,0.55,0.55,0.55,160,31760,1
FINNIFTY05MAR2418800PE.NFO,2024-03-02,15:29:00,2024-03-05,0.55,0.55,0.55,0.55,160,31760,1
FINNIFTY05MAR2418800PE.NFO,2024-03-02,15:30:00,2024-03-05,0.55,0.55,0.55,0.55,160,31760,1
FINNIFTY05MAR2418800PE.NFO,2024-03-04,09:15:00,2024-03-05,0.4,0.45,0.4,0.4,0,31760,0
FINNIFTY05MAR2418800PE.NFO,2024-03-04,09:16:00,2024-03-05,0.5,0.55,0.4,0.55,4000,31960,0
FINNIFTY05MAR2418800PE.NFO,2024-03-04,09:17:00,2024-03-05,0.55,0.55,0.55,0.55,0,31960,0
FINNIFTY05MAR2418800PE.NFO,2024-03-04,09:18:00,2024-03-05,0.45,0.55,0.45,0.55,2480,31960,0
FINNIFTY05MAR2418800PE.NFO,2024-03-04,09:19:00,2024-03-05,0.55,0.55,0.55,0.55,0,31960,0
FINNIFTY05MAR2418800PE.NFO,2024-03-04,09:20:00,2024-03-05,0.55,0.55,0.55,0.55,0,31960,0
FINNIFTY05MAR2418800PE.NFO,2024-03-04,09:21:00,2024-03-05,0.55,0.55,0.55,0.55,0,31960,0
FINNIFTY05MAR2418800PE.NFO,2024-03-04,09:22:00,2024-03-05,0.45,0.55,0.45,0.45,2840,33360,0
FINNIFTY05MAR2418800PE.NFO,2024-03-04,09:23:00,2024-03-05,0.45,0.45,0.45,0.45,2840,33360,1
FINNIFTY05MAR2418800PE.NFO,2024-03-04,09:24:00,2024-03-05,0.45,0.45,0.45,0.45,2840,33360,1
FINNIFTY05MAR2418800PE.NFO,2024-03-04,09:25:00,2024-03-05,0.55,0.55,0.55,0.55,1200,34600,0
FINNIFTY05MAR2418800PE.NFO,2024-03-04,09:26:00,2024-03-05,0.55,0.55,0.45,0.5,2240,34600,0
FINNIFTY05MAR2418800PE.NFO,2024-03-04,09:27:00,2024-03-05,0.5,0.5,0.45,0.45,80,34600,0
FINNIFTY05MAR2418800PE.NFO,2024-03-04,09:28:00,2024-03-05,0.45,0.45,0.45,0.45,80,34600,1
FINNIFTY05MAR2418800PE.NFO,2024-03-04,09:29:00,2024-03-05,0.45,0.5,0.45,0.5,120,36680,0
FINNIFTY05MAR2418800PE.NFO,2024-03-04,09:30:00,2024-03-05,0.5,0.5,0.5,0.5,0,36680,0
FINNIFTY05MAR2418800PE.NFO,2024-03-04,09:31:00,2024-03-05,0.5,0.5,0.5,0.5,0,36680,0
FINNIFTY05MAR2418800PE.NFO,2024-03-04,09:32:00,2024-03-05,0.5,0.5,0.5,0.5,200,36560,0
FINNIFTY05MAR2418800PE.NFO,2024-03-04,09:33:00,2024-03-05,0.5,0.5,0.5,0.5,80,36360,0
FINNIFTY05MAR2418800PE.NFO,2024-03-04,09:34:00,2024-03-05,0.5,0.5,0.5,0.5,0,36360,0
FINNIFTY05MAR2418800PE.NFO,2024-03-04,09:35:00,2024-03-05,0.5,0.5,0.5,0.5,0,36360,1
FINNIFTY05MAR2418800PE.NFO,2024-03-04,09:36:00,2024-03-05,0.5,0.5,0.5,0.5,0,36360,0
FINNIFTY05MAR2418800PE.NFO,2024-03-04,09:37:00,2024-03-05,0.5,0.5,0.5,0.5,400,36360,0
FINNIFTY05MAR2418800PE.NFO,2024-03-04,09:38:00,2024-03-05,0.45,0.45,0.45,0.45,200,36360,0
FINNIFTY05MAR2418800PE.NFO,2024-03-04,09:39:00,2024-03-05,0.45,0.5,0.45,0.5,800,36360,0
FINNIFTY05MAR2418800PE.NFO,2024-03-04,09:40:00,2024-03-05,0.5,0.5,0.5,0.5,0,36360,0
FINNIFTY05MAR2418800PE.NFO,2024-03-04,09:41:00,2024-03-05,0.5,0.5,0.5,0.5,0,36360,1
FINNIFTY05MAR2418800PE.NFO,2024-03-04,09:42:00,2024-03-05,0.5,0.5,0.5,0.5,0,36360,1
FINNIFTY05MAR2418800PE.NFO,2024-03-04,09:43:00,2024-03-05,0.5,0.5,0.5,0.5,0,36360,1
FINNIFTY05MAR2418800PE.NFO,2024-03-04,09:44:00,2024-03-05,0.5,0.5,0.5,0.5,0,36360,1
FINNIFTY05MAR2418800PE.NFO,2024-03-04,09:45:00,2024-03-05,0.5,0.5,0.45,0.5,4120,35200,0
FINNIFTY05MAR2418800PE.NFO,2024-03-04,09:46:00,2024-03-05,0.5,0.5,0.5,0.5,160,35200,0
FINNIFTY05MAR2418800PE.NFO,2024-03-04,09:47:00,2024-03-05,0.5,0.5,0.4,0.4,320,35200,0
FINNIFTY05MAR2418800PE.NFO,2024-03-04,09:48:00,2024-03-05,0.4,0.45,0.4,0.45,0,35200,0
FINNIFTY05MAR2418800PE.NFO,2024-03-04,09:49:00,2024-03-05,0.45,0.45,0.45,0.45,320,35200,0
FINNIFTY05MAR2418800PE.NFO,2024-03-04,09:50:00,2024-03-05,0.45,0.5,0.45,0.5,1640,35200,0
FINNIFTY05MAR2418800PE.NFO,2024-03-04,09:51:00,2024-03-05,0.45,0.45,0.4,0.4,1600,34240,0
FINNIFTY05MAR2418800PE.NFO,2024-03-04,09:52:00,2024-03-05,0.4,0.45,0.4,0.45,560,34240,0
FINNIFTY05MAR2418800PE.NFO,2024-03-04,09:53:00,2024-03-05,0.45,0.45,0.45,0.45,560,34240,1
FINNIFTY05MAR2418800PE.NFO,2024-03-04,09:54:00,2024-03-05,0.4,0.4,0.4,0.4,120,34240,0
FINNIFTY05MAR2418800PE.NFO,2024-03-04,09:55:00,2024-03-05,0.4,0.4,0.4,0.4,0,34240,0
FINNIFTY05MAR2418800PE.NFO,2024-03-04,09:56:00,2024-03-05,0.45,0.45,0.45,0.45,1200,33880,0
FINNIFTY05MAR2418800PE.NFO,2024-03-04,09:57:00,2024-03-05,0.45,0.45,0.45,0.45,1200,33880,1
FINNIFTY05MAR2418800PE.NFO,2024-03-04,09:58:00,2024-03-05,0.45,0.45,0.45,0.45,0,33880,0
FINNIFTY05MAR2418800PE.NFO,2024-03-04,09:59:00,2024-03-05,0.4,0.4,0.4,0.4,40,33520,0
FINNIFTY05MAR2418800PE.NFO,2024-03-04,10:00:00,2024-03-05,0.4,0.4,0.4,0.4,0,33520,0
FINNIFTY05MAR2418800PE.NFO,2024-03-04,10:01:00,2024-03-05,0.4,0.5,0.4,0.5,80,33520,0
FINNIFTY05MAR2418800PE.NFO,2024-03-04,10:02:00,2024-03-05,0.5,0.5,0.5,0.5,0,33520,0
FINNIFTY05MAR2418800PE.NFO,2024-03-04,10:03:00,2024-03-05,0.5,0.5,0.5,0.5,0,33520,1
FINNIFTY05MAR2418800PE.NFO,2024-03-04,10:04:00,2024-03-05,0.5,0.5,0.5,0.5,0,33520,1
FINNIFTY05MAR2418800PE.NFO,2024-03-04,10:05:00,2024-03-05,0.5,0.5,0.5,0.5,0,33520,1
FINNIFTY05MAR2418800PE.NFO,2024-03-04,10:06:00,2024-03-05,0.5,0.5,0.5,0.5,0,33520,0
FINNIFTY05MAR2418800PE.NFO,2024-03-04,10:07:00,2024-03-05,0.5,0.5,0.5,0.5,0,33520,0
FINNIFTY05MAR2418800PE.NFO,2024-03-04,10:08:00,2024-03-05,0.5,0.5,0.4,0.4,1800,33520,0
FINNIFTY05MAR2418800PE.NFO,2024-03-04,10:09:00,2024-03-05,0.4,0.4,0.4,0.4,0,33520,0
FINNIFTY05MAR2418800PE.NFO,2024-03-04,10:10:00,2024-03-05,0.4,0.4,0.4,0.4,0,33520,1
FINNIFTY05MAR2418800PE.NFO,2024-03-04,10:11:00,2024-03-05,0.4,0.4,0.4,0.4,0,33520,1
FINNIFTY05MAR2418800PE.NFO,2024-03-04,10:12:00,2024-03-05,0.4,0.4,0.4,0.4,0,33520,0
FINNIFTY05MAR2418800PE.NFO,2024-03-04,10:13:00,2024-03-05,0.4,0.4,0.4,0.4,0,33520,1
FINNIFTY05MAR2418800PE.NFO,2024-03-04,10:14:00,2024-03-05,0.4,0.4,0.4,0.4,0,33520,1
FINNIFTY05MAR2418800PE.NFO,2024-03-04,10:15:00,2024-03-05,0.4,0.4,0.4,0.4,0,33520,1
FINNIFTY05MAR2418800PE.NFO,2024-03-04,10:16:00,2024-03-05,0.4,0.4,0.4,0.4,0,33520,1
FINNIFTY05MAR2418800PE.NFO,2024-03-04,10:17:00,2024-03-05,0.4,0.45,0.4,0.45,240,33520,0
FINNIFTY05MAR2418800PE.NFO,2024-03-04,10:18:00,2024-03-05,0.45,0.45,0.45,0.45,240,33520,1
FINNIFTY05MAR2418800PE.NFO,2024-03-04,10:19:00,2024-03-05,0.45,0.45,0.45,0.45,240,33520,1
FINNIFTY05MAR2418800PE.NFO,2024-03-04,10:20:00,2024-03-05,0.45,0.45,0.45,0.45,240,33520,1
FINNIFTY05MAR2418800PE.NFO,2024-03-04,10:21:00,2024-03-05,0.45,0.45,0.45,0.45,240,33520,1
FINNIFTY05MAR2418800PE.NFO,2024-03-04,10:22:00,2024-03-05,0.45,0.45,0.45,0.45,0,33520,0
FINNIFTY05MAR2418800PE.NFO,2024-03-04,10:23:00,2024-03-05,0.45,0.45,0.45,0.45,200,33520,0
FINNIFTY05MAR2418800PE.NFO,2024-03-04,10:24:00,2024-03-05,0.45,0.45,0.45,0.45,200,33520,1
FINNIFTY05MAR2418800PE.NFO,2024-03-04,10:25:00,2024-03-05,0.45,0.45,0.45,0.45,200,33520,1
FINNIFTY05MAR2418800PE.NFO,2024-03-04,10:26:00,2024-03-05,0.45,0.45,0.45,0.45,200,33520,1
FINNIFTY05MAR2418800PE.NFO,2024-03-04,10:27:00,2024-03-05,0.45,0.45,0.45,0.45,200,33520,1
FINNIFTY05MAR2418800PE.NFO,2024-03-04,10:28:00,2024-03-05,0.45,0.45,0.45,0.45,200,33520,1
FINNIFTY05MAR2418800PE.NFO,2024-03-04,10:29:00,2024-03-05,0.45,0.45,0.45,0.45,0,33520,0
FINNIFTY05MAR2418800PE.NFO,2024-03-04,10:30:00,2024-03-05,0.45,0.45,0.45,0.45,0,33520,0
FINNIFTY05MAR2418800PE.NFO,2024-03-04,10:31:00,2024-03-05,0.45,0.45,0.45,0.45,0,33520,1
FINNIFTY05MAR2418800PE.NFO,2024-03-04,10:32:00,2024-03-05,0.45,0.45,0.45,0.45,0,33520,1
FINNIFTY05MAR2418800PE.NFO,2024-03-04,10:33:00,2024-03-05,0.45,0.45,0.45,0.45,400,33440,0
FINNIFTY05MAR2418800PE.NFO,2024-03-04,10:34:00,2024-03-05,0.45,0.45,0.45,0.45,400,33440,1
FINNIFTY05MAR2418800PE.NFO,2024-03-04,10:35:00,2024-03-05,0.45,0.45,0.45,0.45,400,33440,1
FINNIFTY05MAR2418800PE.NFO,2024-03-04,10:36:00,2024-03-05,0.4,0.4,0.4,0.4,80,33040,0
FINNIFTY05MAR2418800PE.NFO,2024-03-04,10:37:00,2024-03-05,0.4,0.4,0.4,0.4,0,33040,0
FINNIFTY05MAR2418800PE.NFO,2024-03-04,10:38:00,2024-03-05,0.4,0.4,0.4,0.4,0,33040,0
FINNIFTY05MAR2418800PE.NFO,2024-03-04,10:39:00,2024-03-05,0.4,0.4,0.4,0.4,0,33040,0
FINNIFTY05MAR2418800PE.NFO,2024-03-04,10:40:00,2024-03-05,0.4,0.4,0.4,0.4,0,33040,1
FINNIFTY05MAR2418800PE.NFO,2024-03-04,10:41:00,2024-03-05,0.4,0.4,0.4,0.4,0,33040,1
FINNIFTY05MAR2418800PE.NFO,2024-03-04,10:42:00,2024-03-05,0.4,0.4,0.4,0.4,0,33040,1
FINNIFTY05MAR2418800PE.NFO,2024-03-04,10:43:00,2024-03-05,0.45,0.45,0.45,0.45,1760,33040,0
FINNIFTY05MAR2418800PE.NFO,2024-03-04,10:44:00,2024-03-05,0.45,0.45,0.45,0.45,0,33040,0
FINNIFTY05MAR2418800PE.NFO,2024-03-04,10:45:00,2024-03-05,0.45,0.45,0.45,0.45,480,33040,0
FINNIFTY05MAR2418800PE.NFO,2024-03-04,10:46:00,2024-03-05,0.45,0.45,0.45,0.45,480,33040,1
FINNIFTY05MAR2418800PE.NFO,2024-03-04,10:47:00,2024-03-05,0.45,0.45,0.45,0.45,0,33040,0
FINNIFTY05MAR2418800PE.NFO,2024-03-04,10:48:00,2024-03-05,0.4,0.4,0.4,0.4,160,33320,0
FINNIFTY05MAR2418800PE.NFO,2024-03-04,10:49:00,2024-03-05,0.4,0.4,0.4,0.4,0,33320,0
FINNIFTY05MAR2418800PE.NFO,2024-03-04,10:50:00,2024-03-05,0.4,0.4,0.4,0.4,0,33320,0
FINNIFTY05MAR2418800PE.NFO,2024-03-04,10:51:00,2024-03-05,0.4,0.4,0.4,0.4,0,33320,1
FINNIFTY05MAR2418800PE.NFO,2024-03-04,10:52:00,2024-03-05,0.4,0.4,0.4,0.4,320,33480,0
FINNIFTY05MAR2418800PE.NFO,2024-03-04,10:53:00,2024-03-05,0.4,0.4,0.4,0.4,0,33480,0
FINNIFTY05MAR2418800PE.NFO,2024-03-04,10:54:00,2024-03-05,0.4,0.4,0.4,0.4,120,33480,0
FINNIFTY05MAR2418800PE.NFO,2024-03-04,10:55:00,2024-03-05,0.4,0.4,0.4,0.4,920,33520,0
FINNIFTY05MAR2418800PE.NFO,2024-03-04,10:56:00,2024-03-05,0.4,0.4,0.35,0.4,1600,33520,0
FINNIFTY05MAR2418800PE.NFO,2024-03-04,10:57:00,2024-03-05,0.4,0.4,0.4,0.4,160,33520,0
FINNIFTY05MAR2418800PE.NFO,2024-03-04,10:58:00,2024-03-05,0.4,0.4,0.4,0.4,0,33520,0
FINNIFTY05MAR2418800PE.NFO,2024-03-04,10:59:00,2024-03-05,0.4,0.4,0.4,0.4,40,32200,0
FINNIFTY05MAR2418800PE.NFO,2024-03-04,11:00:00,2024-03-05,0.4,0.4,0.4,0.4,80,32200,0
FINNIFTY05MAR2418800PE.NFO,2024-03-04,11:01:00,2024-03-05,0.4,0.4,0.4,0.4,80,32200,1
FINNIFTY05MAR2418800PE.NFO,2024-03-04,11:02:00,2024-03-05,0.4,0.4,0.4,0.4,80,32200,1
FINNIFTY05MAR2418800PE.NFO,2024-03-04,11:03:00,2024-03-05,0.4,0.4,0.4,0.4,80,32200,1
FINNIFTY05MAR2418800PE.NFO,2024-03-04,11:04:00,2024-03-05,0.4,0.4,0.35,0.4,440,32200,0
FINNIFTY05MAR2418800PE.NFO,2024-03-04,11:05:00,2024-03-05,0.4,0.4,0.4,0.4,0,32200,0
FINNIFTY05MAR2418800PE.NFO,2024-03-04,11:06:00,2024-03-05,0.4,0.4,0.4,0.4,0,32200,1
FINNIFTY05MAR2418800PE.NFO,2024-03-04,11:07:00,2024-03-05,0.35,0.35,0.35,0.35,4760,31600,0
FINNIFTY05MAR2418800PE.NFO,2024-03-04,11:08:00,2024-03-05,0.35,0.35,0.35,0.35,400,31600,0
FINNIFTY05MAR2418800PE.NFO,2024-03-04,11:09:00,2024-03-05,0.35,0.35,0.35,0.35,400,31600,1
FINNIFTY05MAR2418800PE.NFO,2024-03-04,11:10:00,2024-03-05,0.35,0.35,0.35,0.35,400,31600,1
FINNIFTY05MAR2418800PE.NFO,2024-03-04,11:11:00,2024-03-05,0.35,0.35,0.35,0.35,400,31600,1
FINNIFTY05MAR2418800PE.NFO,2024-03-04,11:12:00,2024-03-05,0.35,0.35,0.35,0.35,0,31600,0
FINNIFTY05MAR2418800PE.NFO,2024-03-04,11:13:00,2024-03-05,0.35,0.35,0.35,0.35,0,31600,1
FINNIFTY05MAR2418800PE.NFO,2024-03-04,11:14:00,2024-03-05,0.35,0.35,0.35,0.35,40,30680,0
FINNIFTY05MAR2418800PE.NFO,2024-03-04,11:15:00,2024-03-05,0.35,0.35,0.35,0.35,40,30680,0
FINNIFTY05MAR2418800PE.NFO,2024-03-04,11:16:00,2024-03-05,0.35,0.35,0.35,0.35,40,30680,1
FINNIFTY05MAR2418800PE.NFO,2024-03-04,11:17:00,2024-03-05,0.35,0.35,0.35,0.35,40,30680,1
FINNIFTY05MAR2418800PE.NFO,2024-03-04,11:18:00,2024-03-05,0.35,0.35,0.35,0.35,0,30680,0
FINNIFTY05MAR2418800PE.NFO,2024-03-04,11:19:00,2024-03-05,0.35,0.35,0.35,0.35,0,30680,1
FINNIFTY05MAR2418800PE.NFO,2024-03-04,11:20:00,2024-03-05,0.35,0.35,0.35,0.35,0,30680,1
FINNIFTY05MAR2418800PE.NFO,2024-03-04,11:21:00,2024-03-05,0.35,0.35,0.35,0.35,0,30680,1
FINNIFTY05MAR2418800PE.NFO,2024-03-04,11:22:00,2024-03-05,0.35,0.35,0.35,0.35,0,30680,1
FINNIFTY05MAR2418800PE.NFO,2024-03-04,11:23:00,2024-03-05,0.35,0.35,0.35,0.35,40,30680,0
FINNIFTY05MAR2418800PE.NFO,2024-03-04,11:24:00,2024-03-05,0.35,0.35,0.35,0.35,3680,30680,0
FINNIFTY05MAR2418800PE.NFO,2024-03-04,11:25:00,2024-03-05,0.35,0.35,0.35,0.35,0,30680,0
FINNIFTY05MAR2418800PE.NFO,2024-03-04,11:26:00,2024-03-05,0.35,0.35,0.35,0.35,1000,29520,0
FINNIFTY05MAR2418800PE.NFO,2024-03-04,11:27:00,2024-03-05,0.35,0.35,0.35,0.35,200,29520,0
FINNIFTY05MAR2418800PE.NFO,2024-03-04,11:28:00,2024-03-05,0.35,0.35,0.35,0.35,200,29520,1
FINNIFTY05MAR2418800PE.NFO,2024-03-04,11:29:00,2024-03-05,0.35,0.35,0.35,0.35,200,29520,1
FINNIFTY05MAR2418800PE.NFO,2024-03-04,11:30:00,2024-03-05,0.35,0.35,0.35,0.35,200,29520,1
FINNIFTY05MAR2418800PE.NFO,2024-03-04,11:31:00,2024-03-05,0.35,0.35,0.35,0.35,200,29520,1
FINNIFTY05MAR2418800PE.NFO,2024-03-04,11:32:00,2024-03-05,0.35,0.35,0.35,0.35,200,29520,1
FINNIFTY05MAR2418800PE.NFO,2024-03-04,11:33:00,2024-03-05,0.35,0.35,0.35,0.35,80,29520,0
FINNIFTY05MAR2418800PE.NFO,2024-03-04,11:34:00,2024-03-05,0.35,0.35,0.35,0.35,80,29520,1
FINNIFTY05MAR2418800PE.NFO,2024-03-04,11:35:00,2024-03-05,0.35,0.35,0.35,0.35,80,29520,1
FINNIFTY05MAR2418800PE.NFO,2024-03-04,11:36:00,2024-03-05,0.35,0.35,0.35,0.35,80,29520,1
FINNIFTY05MAR2418800PE.NFO,2024-03-04,11:37:00,2024-03-05,0.35,0.35,0.35,0.35,80,29520,1
FINNIFTY05MAR2418800PE.NFO,2024-03-04,11:38:00,2024-03-05,0.35,0.35,0.35,0.35,80,29520,1
FINNIFTY05MAR2418800PE.NFO,2024-03-04,11:39:00,2024-03-05,0.35,0.35,0.35,0.35,80,29520,1
FINNIFTY05MAR2418800PE.NFO,2024-03-04,11:40:00,2024-03-05,0.35,0.35,0.35,0.35,0,29520,0
FINNIFTY05MAR2418800PE.NFO,2024-03-04,11:41:00,2024-03-05,0.35,0.35,0.35,0.35,0,29520,1
FINNIFTY05MAR2418800PE.NFO,2024-03-04,11:42:00,2024-03-05,0.35,0.35,0.35,0.35,0,29520,1
FINNIFTY05MAR2418800PE.NFO,2024-03-04,11:43:00,2024-03-05,0.35,0.35,0.35,0.35,1000,29520,0
FINNIFTY05MAR2418800PE.NFO,2024-03-04,11:44:00,2024-03-05,0.35,0.35,0.35,0.35,1000,29520,1
FINNIFTY05MAR2418800PE.NFO,2024-03-04,11:45:00,2024-03-05,0.35,0.35,0.35,0.35,1000,29520,1
FINNIFTY05MAR2418800PE.NFO,2024-03-04,11:46:00,2024-03-05,0.35,0.35,0.35,0.35,40,29520,0
FINNIFTY05MAR2418800PE.NFO,2024-03-04,11:47:00,2024-03-05,0.35,0.35,0.35,0.35,160,29520,0
FINNIFTY05MAR2418800PE.NFO,2024-03-04,11:48:00,2024-03-05,0.35,0.35,0.35,0.35,160,29520,1
FINNIFTY05MAR2418800PE.NFO,2024-03-04,11:49:00,2024-03-05,0.35,0.35,0.35,0.35,160,29520,1
FINNIFTY05MAR2418800PE.NFO,2024-03-04,11:50:00,2024-03-05,0.35,0.35,0.35,0.35,160,29520,1
FINNIFTY05MAR2418800PE.NFO,2024-03-04,11:51:00,2024-03-05,0.35,0.35,0.35,0.35,160,29520,1
FINNIFTY05MAR2418800PE.NFO,2024-03-04,11:52:00,2024-03-05,0.35,0.35,0.35,0.35,80,29520,0
FINNIFTY05MAR2418800PE.NFO,2024-03-04,11:53:00,2024-03-05,0.35,0.35,0.35,0.35,80,29520,1
FINNIFTY05MAR2418800PE.NFO,2024-03-04,11:54:00,2024-03-05,0.35,0.35,0.35,0.35,80,29520,1
FINNIFTY05MAR2418800PE.NFO,2024-03-04,11:55:00,2024-03-05,0.35,0.35,0.35,0.35,80,29520,1
FINNIFTY05MAR2418800PE.NFO,2024-03-04,11:56:00,2024-03-05,0.35,0.35,0.35,0.35,80,29520,1
FINNIFTY05MAR2418800PE.NFO,2024-03-04,11:57:00,2024-03-05,0.35,0.35,0.35,0.35,80,29520,1
FINNIFTY05MAR2418800PE.NFO,2024-03-04,11:58:00,2024-03-05,0.35,0.35,0.35,0.35,80,29520,1
FINNIFTY05MAR2418800PE.NFO,2024-03-04,11:59:00,2024-03-05,0.35,0.35,0.35,0.35,80,29520,1
FINNIFTY05MAR2418800PE.NFO,2024-03-04,12:00:00,2024-03-05,0.35,0.35,0.35,0.35,80,29520,1
FINNIFTY05MAR2418800PE.NFO,2024-03-04,12:01:00,2024-03-05,0.35,0.35,0.35,0.35,80,29520,1
FINNIFTY05MAR2418800PE.NFO,2024-03-04,12:02:00,2024-03-05,0.35,0.35,0.35,0.35,80,29520,1
FINNIFTY05MAR2418800PE.NFO,2024-03-04,12:03:00,2024-03-05,0.35,0.35,0.35,0.35,80,29520,0
FINNIFTY05MAR2418800PE.NFO,2024-03-04,12:04:00,2024-03-05,0.35,0.35,0.35,0.35,80,29520,1
FINNIFTY05MAR2418800PE.NFO,2024-03-04,12:05:00,2024-03-05,0.35,0.35,0.35,0.35,80,29520,1
FINNIFTY05MAR2418800PE.NFO,2024-03-04,12:06:00,2024-03-05,0.35,0.35,0.35,0.35,80,29520,1
FINNIFTY05MAR2418800PE.NFO,2024-03-04,12:07:00,2024-03-05,0.35,0.35,0.35,0.35,40,29520,0
FINNIFTY05MAR2418800PE.NFO,2024-03-04,12:08:00,2024-03-05,0.35,0.35,0.35,0.35,120,29520,0
FINNIFTY05MAR2418800PE.NFO,2024-03-04,12:09:00,2024-03-05,0.35,0.35,0.35,0.35,0,29520,0
FINNIFTY05MAR2418800PE.NFO,2024-03-04,12:10:00,2024-03-05,0.35,0.35,0.35,0.35,0,29520,1
FINNIFTY05MAR2418800PE.NFO,2024-03-04,12:11:00,2024-03-05,0.35,0.35,0.35,0.35,480,29520,0
FINNIFTY05MAR2418800PE.NFO,2024-03-04,12:12:00,2024-03-05,0.35,0.35,0.35,0.35,1160,29520,0
FINNIFTY05MAR2418800PE.NFO,2024-03-04,12:13:00,2024-03-05,0.35,0.35,0.35,0.35,0,29520,0
FINNIFTY05MAR2418800PE.NFO,2024-03-04,12:14:00,2024-03-05,0.35,0.35,0.35,0.35,0,29520,1
FINNIFTY05MAR2418800PE.NFO,2024-03-04,12:15:00,2024-03-05,0.35,0.35,0.35,0.35,480,30280,0
FINNIFTY05MAR2418800PE.NFO,2024-03-04,12:16:00,2024-03-05,0.35,0.35,0.35,0.35,480,30280,1
FINNIFTY05MAR2418800PE.NFO,2024-03-04,12:17:00,2024-03-05,0.35,0.35,0.35,0.35,0,30280,0
FINNIFTY05MAR2418800PE.NFO,2024-03-04,12:18:00,2024-03-05,0.35,0.35,0.35,0.35,0,30280,0
FINNIFTY05MAR2418800PE.NFO,2024-03-04,12:19:00,2024-03-05,0.35,0.35,0.35,0.35,0,30280,1
FINNIFTY05MAR2418800PE.NFO,2024-03-04,12:20:00,2024-03-05,0.35,0.35,0.35,0.35,0,30280,1
FINNIFTY05MAR2418800PE.NFO,2024-03-04,12:21:00,2024-03-05,0.35,0.35,0.35,0.35,0,30280,1
FINNIFTY05MAR2418800PE.NFO,2024-03-04,12:22:00,2024-03-05,0.35,0.35,0.35,0.35,0,30280,1
FINNIFTY05MAR2418800PE.NFO,2024-03-04,12:23:00,2024-03-05,0.35,0.35,0.35,0.35,0,30280,0
FINNIFTY05MAR2418800PE.NFO,2024-03-04,12:24:00,2024-03-05,0.35,0.35,0.35,0.35,0,30280,1
FINNIFTY05MAR2418800PE.NFO,2024-03-04,12:25:00,2024-03-05,0.35,0.35,0.35,0.35,0,30280,1
FINNIFTY05MAR2418800PE.NFO,2024-03-04,12:26:00,2024-03-05,0.35,0.35,0.35,0.35,0,30280,0
FINNIFTY05MAR2418800PE.NFO,2024-03-04,12:27:00,2024-03-05,0.35,0.35,0.35,0.35,0,30280,1
FINNIFTY05MAR2418800PE.NFO,2024-03-04,12:28:00,2024-03-05,0.35,0.35,0.35,0.35,0,30280,1
FINNIFTY05MAR2418800PE.NFO,2024-03-04,12:29:00,2024-03-05,0.35,0.35,0.35,0.35,0,30280,1
FINNIFTY05MAR2418800PE.NFO,2024-03-04,12:30:00,2024-03-05,0.35,0.35,0.35,0.35,0,30280,1
FINNIFTY05MAR2418800PE.NFO,2024-03-04,12:31:00,2024-03-05,0.35,0.35,0.35,0.35,0,30280,1
FINNIFTY05MAR2418800PE.NFO,2024-03-04,12:32:00,2024-03-05,0.35,0.35,0.35,0.35,0,30280,0
FINNIFTY05MAR2418800PE.NFO,2024-03-04,12:33:00,2024-03-05,0.3,0.35,0.3,0.35,240,30640,0
FINNIFTY05MAR2418800PE.NFO,2024-03-04,12:34:00,2024-03-05,0.35,0.35,0.35,0.35,240,30640,1
FINNIFTY05MAR2418800PE.NFO,2024-03-04,12:35:00,2024-03-05,0.35,0.35,0.35,0.35,240,30640,1
FINNIFTY05MAR2418800PE.NFO,2024-03-04,12:36:00,2024-03-05,0.35,0.35,0.35,0.35,240,30640,1
FINNIFTY05MAR2418800PE.NFO,2024-03-04,12:37:00,2024-03-05,0.35,0.35,0.35,0.35,0,30640,0
FINNIFTY05MAR2418800PE.NFO,2024-03-04,12:38:00,2024-03-05,0.35,0.35,0.35,0.35,0,30640,1
FINNIFTY05MAR2418800PE.NFO,2024-03-04,12:39:00,2024-03-05,0.35,0.35,0.35,0.35,440,30680,0
FINNIFTY05MAR2418800PE.NFO,2024-03-04,12:40:00,2024-03-05,0.35,0.4,0.35,0.4,160,30680,0
FINNIFTY05MAR2418800PE.NFO,2024-03-04,12:41:00,2024-03-05,0.4,0.4,0.4,0.4,40,30400,0
FINNIFTY05MAR2418800PE.NFO,2024-03-04,12:42:00,2024-03-05,0.4,0.4,0.35,0.35,1040,30400,0
FINNIFTY05MAR2418800PE.NFO,2024-03-04,12:43:00,2024-03-05,0.35,0.35,0.35,0.35,0,30400,0
FINNIFTY05MAR2418800PE.NFO,2024-03-04,12:44:00,2024-03-05,0.35,0.35,0.35,0.35,0,30400,1
FINNIFTY05MAR2418800PE.NFO,2024-03-04,12:45:00,2024-03-05,0.35,0.35,0.35,0.35,0,30400,1
FINNIFTY05MAR2418800PE.NFO,2024-03-04,12:46:00,2024-03-05,0.35,0.35,0.35,0.35,0,30400,0
FINNIFTY05MAR2418800PE.NFO,2024-03-04,12:47:00,2024-03-05,0.35,0.4,0.35,0.4,40,29480,0
FINNIFTY05MAR2418800PE.NFO,2024-03-04,12:48:00,2024-03-05,0.4,0.4,0.4,0.4,0,29480,0
FINNIFTY05MAR2418800PE.NFO,2024-03-04,12:49:00,2024-03-05,0.4,0.4,0.4,0.4,0,29480,1
FINNIFTY05MAR2418800PE.NFO,2024-03-04,12:50:00,2024-03-05,0.4,0.4,0.4,0.4,0,29480,1
FINNIFTY05MAR2418800PE.NFO,2024-03-04,12:51:00,2024-03-05,0.4,0.4,0.4,0.4,0,29480,1
FINNIFTY05MAR2418800PE.NFO,2024-03-04,12:52:00,2024-03-05,0.35,0.35,0.3,0.35,1400,29520,0
FINNIFTY05MAR2418800PE.NFO,2024-03-04,12:53:00,2024-03-05,0.35,0.35,0.35,0.35,1400,29520,1
FINNIFTY05MAR2418800PE.NFO,2024-03-04,12:54:00,2024-03-05,0.3,0.3,0.3,0.3,120,29520,0
FINNIFTY05MAR2418800PE.NFO,2024-03-04,12:55:00,2024-03-05,0.3,0.3,0.3,0.3,120,29520,1
FINNIFTY05MAR2418800PE.NFO,2024-03-04,12:56:00,2024-03-05,0.3,0.3,0.3,0.3,120,29520,1
FINNIFTY05MAR2418800PE.NFO,2024-03-04,12:57:00,2024-03-05,0.3,0.3,0.3,0.3,120,29520,1
FINNIFTY05MAR2418800PE.NFO,2024-03-04,12:58:00,2024-03-05,0.3,0.3,0.3,0.3,120,29520,1
FINNIFTY05MAR2418800PE.NFO,2024-03-04,12:59:00,2024-03-05,0.3,0.3,0.3,0.3,120,29520,1
FINNIFTY05MAR2418800PE.NFO,2024-03-04,13:00:00,2024-03-05,0.3,0.3,0.3,0.3,40,29920,0
FINNIFTY05MAR2418800PE.NFO,2024-03-04,13:01:00,2024-03-05,0.3,0.3,0.3,0.3,40,29920,1
FINNIFTY05MAR2418800PE.NFO,2024-03-04,13:02:00,2024-03-05,0.35,0.35,0.35,0.35,560,29920,0
FINNIFTY05MAR2418800PE.NFO,2024-03-04,13:03:00,2024-03-05,0.3,0.3,0.3,0.3,1600,29920,0
FINNIFTY05MAR2418800PE.NFO,2024-03-04,13:04:00,2024-03-05,0.3,0.3,0.3,0.3,120,29600,0
FINNIFTY05MAR2418800PE.NFO,2024-03-04,13:05:00,2024-03-05,0.3,0.3,0.3,0.3,120,29600,1
FINNIFTY05MAR2418800PE.NFO,2024-03-04,13:06:00,2024-03-05,0.3,0.35,0.3,0.35,760,29600,0
FINNIFTY05MAR2418800PE.NFO,2024-03-04,13:07:00,2024-03-05,0.35,0.35,0.35,0.35,0,29600,0
FINNIFTY05MAR2418800PE.NFO,2024-03-04,13:08:00,2024-03-05,0.35,0.35,0.35,0.35,0,29600,1
FINNIFTY05MAR2418800PE.NFO,2024-03-04,13:09:00,2024-03-05,0.35,0.35,0.35,0.35,0,29600,1
FINNIFTY05MAR2418800PE.NFO,2024-03-04,13:10:00,2024-03-05,0.35,0.35,0.35,0.35,320,28880,0
FINNIFTY05MAR2418800PE.NFO,2024-03-04,13:11:00,2024-03-05,0.35,0.35,0.35,0.35,280,28880,0
FINNIFTY05MAR2418800PE.NFO,2024-03-04,13:12:00,2024-03-05,0.35,0.35,0.35,0.35,280,28880,1
FINNIFTY05MAR2418800PE.NFO,2024-03-04,13:13:00,2024-03-05,0.35,0.35,0.35,0.35,400,28880,0
FINNIFTY05MAR2418800PE.NFO,2024-03-04,13:14:00,2024-03-05,0.35,0.35,0.35,0.35,360,28600,0
FINNIFTY05MAR2418800PE.NFO,2024-03-04,13:15:00,2024-03-05,0.35,0.35,0.35,0.35,360,28600,1
FINNIFTY05MAR2418800PE.NFO,2024-03-04,13:16:00,2024-03-05,0.4,0.4,0.4,0.4,560,28600,0
FINNIFTY05MAR2418800PE.NFO,2024-03-04,13:17:00,2024-03-05,0.4,0.4,0.4,0.4,0,28600,0
FINNIFTY05MAR2418800PE.NFO,2024-03-04,13:18:00,2024-03-05,0.4,0.4,0.4,0.4,0,28600,1
FINNIFTY05MAR2418800PE.NFO,2024-03-04,13:19:00,2024-03-05,0.4,0.4,0.4,0.4,0,28600,1
FINNIFTY05MAR2418800PE.NFO,2024-03-04,13:20:00,2024-03-05,0.4,0.4,0.4,0.4,0,28600,1
FINNIFTY05MAR2418800PE.NFO,2024-03-04,13:21:00,2024-03-05,0.4,0.4,0.4,0.4,0,28600,1
FINNIFTY05MAR2418800PE.NFO,2024-03-04,13:22:00,2024-03-05,0.4,0.4,0.4,0.4,0,28600,1
FINNIFTY05MAR2418800PE.NFO,2024-03-04,13:23:00,2024-03-05,0.4,0.4,0.4,0.4,0,28600,0
FINNIFTY05MAR2418800PE.NFO,2024-03-04,13:24:00,2024-03-05,0.4,0.4,0.4,0.4,0,28600,0
FINNIFTY05MAR2418800PE.NFO,2024-03-04,13:25:00,2024-03-05,0.4,0.4,0.4,0.4,0,28600,1
FINNIFTY05MAR2418800PE.NFO,2024-03-04,13:26:00,2024-03-05,0.4,0.4,0.4,0.4,0,28600,1
FINNIFTY05MAR2418800PE.NFO,2024-03-04,13:27:00,2024-03-05,0.4,0.4,0.4,0.4,0,28600,1
FINNIFTY05MAR2418800PE.NFO,2024-03-04,13:28:00,2024-03-05,0.4,0.4,0.4,0.4,0,28600,1
FINNIFTY05MAR2418800PE.NFO,2024-03-04,13:29:00,2024-03-05,0.4,0.4,0.4,0.4,0,28600,1
FINNIFTY05MAR2418800PE.NFO,2024-03-04,13:30:00,2024-03-05,0.4,0.4,0.4,0.4,0,28600,1
FINNIFTY05MAR2418800PE.NFO,2024-03-04,13:31:00,2024-03-05,0.4,0.4,0.4,0.4,0,28600,1
FINNIFTY05MAR2418800PE.NFO,2024-03-04,13:32:00,2024-03-05,0.4,0.4,0.4,0.4,0,28600,1
FINNIFTY05MAR2418800PE.NFO,2024-03-04,13:33:00,2024-03-05,0.4,0.4,0.4,0.4,0,28600,1
FINNIFTY05MAR2418800PE.NFO,2024-03-04,13:34:00,2024-03-05,0.4,0.4,0.4,0.4,0,28600,1
FINNIFTY05MAR2418800PE.NFO,2024-03-04,13:35:00,2024-03-05,0.4,0.4,0.4,0.4,0,28600,1
FINNIFTY05MAR2418800PE.NFO,2024-03-04,13:36:00,2024-03-05,0.4,0.4,0.4,0.4,0,28600,1
FINNIFTY05MAR2418800PE.NFO,2024-03-04,13:37:00,2024-03-05,0.4,0.4,0.4,0.4,0,28600,1
FINNIFTY05MAR2418800PE.NFO,2024-03-04,13:38:00,2024-03-05,0.4,0.4,0.4,0.4,0,28600,1
FINNIFTY05MAR2418800PE.NFO,2024-03-04,13:39:00,2024-03-05,0.4,0.4,0.4,0.4,0,28600,1
FINNIFTY05MAR2418800PE.NFO,2024-03-04,13:40:00,2024-03-05,0.4,0.4,0.4,0.4,0,28600,1
FINNIFTY05MAR2418800PE.NFO,2024-03-04,13:41:00,2024-03-05,0.4,0.4,0.4,0.4,0,28600,1
FINNIFTY05MAR2418800PE.NFO,2024-03-04,13:42:00,2024-03-05,0.4,0.4,0.4,0.4,0,28600,0
FINNIFTY05MAR2418800PE.NFO,2024-03-04,13:43:00,2024-03-05,0.35,0.35,0.35,0.35,40,28240,0
FINNIFTY05MAR2418800PE.NFO,2024-03-04,13:44:00,2024-03-05,0.35,0.35,0.35,0.35,40,28240,1
FINNIFTY05MAR2418800PE.NFO,2024-03-04,13:45:00,2024-03-05,0.35,0.35,0.35,0.35,40,28240,1
FINNIFTY05MAR2418800PE.NFO,2024-03-04,13:46:00,2024-03-05,0.35,0.35,0.35,0.35,40,28240,1
FINNIFTY05MAR2418800PE.NFO,2024-03-04,13:47:00,2024-03-05,0.35,0.35,0.35,0.35,40,28240,1
FINNIFTY05MAR2418800PE.NFO,2024-03-04,13:48:00,2024-03-05,0.35,0.35,0.35,0.35,40,28240,1
FINNIFTY05MAR2418800PE.NFO,2024-03-04,13:49:00,2024-03-05,0.3,0.3,0.3,0.3,280,28240,0
FINNIFTY05MAR2418800PE.NFO,2024-03-04,13:50:00,2024-03-05,0.3,0.3,0.3,0.3,0,28240,0
FINNIFTY05MAR2418800PE.NFO,2024-03-04,13:51:00,2024-03-05,0.3,0.3,0.3,0.3,0,28240,0
FINNIFTY05MAR2418800PE.NFO,2024-03-04,13:52:00,2024-03-05,0.3,0.3,0.3,0.3,0,28240,1
FINNIFTY05MAR2418800PE.NFO,2024-03-04,13:53:00,2024-03-05,0.3,0.3,0.3,0.3,0,28240,0
FINNIFTY05MAR2418800PE.NFO,2024-03-04,13:54:00,2024-03-05,0.3,0.3,0.3,0.3,0,28240,1
FINNIFTY05MAR2418800PE.NFO,2024-03-04,13:55:00,2024-03-05,0.3,0.3,0.3,0.3,0,28240,1
FINNIFTY05MAR2418800PE.NFO,2024-03-04,13:56:00,2024-03-05,0.3,0.3,0.3,0.3,12480,28240,0
FINNIFTY05MAR2418800PE.NFO,2024-03-04,13:57:00,2024-03-05,0.3,0.3,0.25,0.25,1520,28240,0
FINNIFTY05MAR2418800PE.NFO,2024-03-04,13:58:00,2024-03-05,0.25,0.25,0.25,0.25,40,30960,0
FINNIFTY05MAR2418800PE.NFO,2024-03-04,13:59:00,2024-03-05,0.25,0.25,0.25,0.25,40,30960,0
FINNIFTY05MAR2418800PE.NFO,2024-03-04,14:00:00,2024-03-05,0.25,0.25,0.25,0.25,40,30960,1
FINNIFTY05MAR2418800PE.NFO,2024-03-04,14:01:00,2024-03-05,0.25,0.25,0.25,0.25,0,30960,0
FINNIFTY05MAR2418800PE.NFO,2024-03-04,14:02:00,2024-03-05,0.25,0.25,0.25,0.25,0,30960,0
FINNIFTY05MAR2418800PE.NFO,2024-03-04,14:03:00,2024-03-05,0.25,0.25,0.25,0.25,0,30960,1
FINNIFTY05MAR2418800PE.NFO,2024-03-04,14:04:00,2024-03-05,0.25,0.25,0.25,0.25,0,30960,1
FINNIFTY05MAR2418800PE.NFO,2024-03-04,14:05:00,2024-03-05,0.25,0.25,0.25,0.25,280,31000,0
FINNIFTY05MAR2418800PE.NFO,2024-03-04,14:06:00,2024-03-05,0.25,0.25,0.25,0.25,120,31000,0
FINNIFTY05MAR2418800PE.NFO,2024-03-04,14:07:00,2024-03-05,0.3,0.3,0.25,0.25,480,31000,0
FINNIFTY05MAR2418800PE.NFO,2024-03-04,14:08:00,2024-03-05,0.25,0.25,0.25,0.25,80,31000,0
FINNIFTY05MAR2418800PE.NFO,2024-03-04,14:09:00,2024-03-05,0.25,0.25,0.25,0.25,0,31000,0
FINNIFTY05MAR2418800PE.NFO,2024-03-04,14:10:00,2024-03-05,0.25,0.25,0.25,0.25,0,31000,0
FINNIFTY05MAR2418800PE.NFO,2024-03-04,14:11:00,2024-03-05,0.25,0.25,0.25,0.25,0,31000,1
FINNIFTY05MAR2418800PE.NFO,2024-03-04,14:12:00,2024-03-05,0.25,0.25,0.25,0.25,0,31000,1
FINNIFTY05MAR2418800PE.NFO,2024-03-04,14:13:00,2024-03-05,0.25,0.25,0.25,0.25,0,31000,0
FINNIFTY05MAR2418800PE.NFO,2024-03-04,14:14:00,2024-03-05,0.3,0.3,0.25,0.3,1600,31080,0
FINNIFTY05MAR2418800PE.NFO,2024-03-04,14:15:00,2024-03-05,0.3,0.3,0.3,0.3,0,31080,0
FINNIFTY05MAR2418800PE.NFO,2024-03-04,14:16:00,2024-03-05,0.25,0.3,0.25,0.3,2920,31080,0
FINNIFTY05MAR2418800PE.NFO,2024-03-04,14:17:00,2024-03-05,0.3,0.3,0.25,0.25,600,31080,0
FINNIFTY05MAR2418800PE.NFO,2024-03-04,14:18:00,2024-03-05,0.25,0.25,0.25,0.25,0,31080,0
FINNIFTY05MAR2418800PE.NFO,2024-03-04,14:19:00,2024-03-05,0.25,0.25,0.25,0.25,440,31080,0
FINNIFTY05MAR2418800PE.NFO,2024-03-04,14:20:00,2024-03-05,0.25,0.25,0.25,0.25,320,31080,0
FINNIFTY05MAR2418800PE.NFO,2024-03-04,14:21:00,2024-03-05,0.3,0.3,0.3,0.3,560,31080,0
FINNIFTY05MAR2418800PE.NFO,2024-03-04,14:22:00,2024-03-05,0.3,0.3,0.25,0.25,600,31080,0
FINNIFTY05MAR2418800PE.NFO,2024-03-04,14:23:00,2024-03-05,0.25,0.25,0.25,0.25,0,31080,0
FINNIFTY05MAR2418800PE.NFO,2024-03-04,14:24:00,2024-03-05,0.25,0.25,0.25,0.25,0,31080,1
FINNIFTY05MAR2418800PE.NFO,2024-03-04,14:25:00,2024-03-05,0.25,0.25,0.25,0.25,0,31080,1
FINNIFTY05MAR2418800PE.NFO,2024-03-04,14:26:00,2024-03-05,0.25,0.25,0.25,0.25,0,31080,1
FINNIFTY05MAR2418800PE.NFO,2024-03-04,14:27:00,2024-03-05,0.25,0.25,0.25,0.25,0,31080,1
FINNIFTY05MAR2418800PE.NFO,2024-03-04,14:28:00,2024-03-05,0.25,0.25,0.25,0.25,0,31080,1
FINNIFTY05MAR2418800PE.NFO,2024-03-04,14:29:00,2024-03-05,0.3,0.3,0.3,0.3,200,31080,0
FINNIFTY05MAR2418800PE.NFO,2024-03-04,14:30:00,2024-03-05,0.3,0.3,0.3,0.3,800,31080,0
FINNIFTY05MAR2418800PE.NFO,2024-03-04,14:31:00,2024-03-05,0.3,0.3,0.3,0.3,0,31080,0
FINNIFTY05MAR2418800PE.NFO,2024-03-04,14:32:00,2024-03-05,0.3,0.3,0.3,0.3,600,31080,0
FINNIFTY05MAR2418800PE.NFO,2024-03-04,14:33:00,2024-03-05,0.3,0.3,0.3,0.3,0,31080,0
FINNIFTY05MAR2418800PE.NFO,2024-03-04,14:34:00,2024-03-05,0.3,0.3,0.3,0.3,0,31080,0
FINNIFTY05MAR2418800PE.NFO,2024-03-04,14:35:00,2024-03-05,0.3,0.3,0.3,0.3,0,31080,1
FINNIFTY05MAR2418800PE.NFO,2024-03-04,14:36:00,2024-03-05,0.3,0.3,0.3,0.3,0,31080,1
FINNIFTY05MAR2418800PE.NFO,2024-03-04,14:37:00,2024-03-05,0.3,0.3,0.3,0.3,0,31080,0
FINNIFTY05MAR2418800PE.NFO,2024-03-04,14:38:00,2024-03-05,0.3,0.3,0.25,0.25,1520,30480,0
FINNIFTY05MAR2418800PE.NFO,2024-03-04,14:39:00,2024-03-05,0.25,0.3,0.25,0.3,720,30480,0
FINNIFTY05MAR2418800PE.NFO,2024-03-04,14:40:00,2024-03-05,0.3,0.3,0.3,0.3,720,30480,1
FINNIFTY05MAR2418800PE.NFO,2024-03-04,14:41:00,2024-03-05,0.25,0.25,0.25,0.25,600,30440,0
FINNIFTY05MAR2418800PE.NFO,2024-03-04,14:42:00,2024-03-05,0.25,0.25,0.25,0.25,600,30440,1
FINNIFTY05MAR2418800PE.NFO,2024-03-04,14:43:00,2024-03-05,0.25,0.25,0.25,0.25,0,30440,0
FINNIFTY05MAR2418800PE.NFO,2024-03-04,14:44:00,2024-03-05,0.25,0.25,0.25,0.25,0,30440,1
FINNIFTY05MAR2418800PE.NFO,2024-03-04,14:45:00,2024-03-05,0.25,0.25,0.25,0.25,0,30440,0
FINNIFTY05MAR2418800PE.NFO,2024-03-04,14:46:00,2024-03-05,0.2,0.2,0.2,0.2,200,30360,0
FINNIFTY05MAR2418800PE.NFO,2024-03-04,14:47:00,2024-03-05,0.2,0.2,0.2,0.2,40,30360,0
FINNIFTY05MAR2418800PE.NFO,2024-03-04,14:48:00,2024-03-05,0.2,0.2,0.2,0.2,0,30360,0
FINNIFTY05MAR2418800PE.NFO,2024-03-04,14:49:00,2024-03-05,0.2,0.2,0.2,0.2,0,30360,0
FINNIFTY05MAR2418800PE.NFO,2024-03-04,14:50:00,2024-03-05,0.2,0.2,0.2,0.2,600,30400,0
FINNIFTY05MAR2418800PE.NFO,2024-03-04,14:51:00,2024-03-05,0.2,0.2,0.2,0.2,40,30400,0
FINNIFTY05MAR2418800PE.NFO,2024-03-04,14:52:00,2024-03-05,0.2,0.2,0.2,0.2,0,30400,0
FINNIFTY05MAR2418800PE.NFO,2024-03-04,14:53:00,2024-03-05,0.2,0.2,0.2,0.2,0,30400,1
FINNIFTY05MAR2418800PE.NFO,2024-03-04,14:54:00,2024-03-05,0.2,0.2,0.2,0.2,0,30400,0
FINNIFTY05MAR2418800PE.NFO,2024-03-04,14:55:00,2024-03-05,0.2,0.2,0.2,0.2,200,30440,0
FINNIFTY05MAR2418800PE.NFO,2024-03-04,14:56:00,2024-03-05,0.2,0.2,0.2,0.2,200,30440,1
FINNIFTY05MAR2418800PE.NFO,2024-03-04,14:57:00,2024-03-05,0.2,0.2,0.2,0.2,200,30440,0
FINNIFTY05MAR2418800PE.NFO,2024-03-04,14:58:00,2024-03-05,0.2,0.25,0.2,0.25,200,30440,0
FINNIFTY05MAR2418800PE.NFO,2024-03-04,14:59:00,2024-03-05,0.2,0.25,0.2,0.25,400,30440,0
FINNIFTY05MAR2418800PE.NFO,2024-03-04,15:00:00,2024-03-05,0.25,0.25,0.2,0.2,1480,30440,0
FINNIFTY05MAR2418800PE.NFO,2024-03-04,15:01:00,2024-03-05,0.2,0.2,0.2,0.2,0,30440,0
FINNIFTY05MAR2418800PE.NFO,2024-03-04,15:02:00,2024-03-05,0.2,0.2,0.2,0.2,200,30440,0
FINNIFTY05MAR2418800PE.NFO,2024-03-04,15:03:00,2024-03-05,0.2,0.2,0.2,0.2,0,30440,0
FINNIFTY05MAR2418800PE.NFO,2024-03-04,15:04:00,2024-03-05,0.2,0.25,0.2,0.25,1480,30440,0
FINNIFTY05MAR2418800PE.NFO,2024-03-04,15:05:00,2024-03-05,0.25,0.25,0.25,0.25,1320,30440,0
FINNIFTY05MAR2418800PE.NFO,2024-03-04,15:06:00,2024-03-05,0.25,0.25,0.25,0.25,840,30440,0
FINNIFTY05MAR2418800PE.NFO,2024-03-04,15:07:00,2024-03-05,0.25,0.25,0.25,0.25,0,30440,0
FINNIFTY05MAR2418800PE.NFO,2024-03-04,15:08:00,2024-03-05,0.2,0.2,0.2,0.2,320,30280,0
FINNIFTY05MAR2418800PE.NFO,2024-03-04,15:09:00,2024-03-05,0.25,0.25,0.25,0.25,200,30280,0
FINNIFTY05MAR2418800PE.NFO,2024-03-04,15:10:00,2024-03-05,0.2,0.25,0.2,0.25,280,30280,0
FINNIFTY05MAR2418800PE.NFO,2024-03-04,15:11:00,2024-03-05,0.25,0.25,0.25,0.25,0,30280,0
FINNIFTY05MAR2418800PE.NFO,2024-03-04,15:12:00,2024-03-05,0.25,0.25,0.25,0.25,0,30280,0
FINNIFTY05MAR2418800PE.NFO,2024-03-04,15:13:00,2024-03-05,0.25,0.25,0.25,0.25,0,30280,0
FINNIFTY05MAR2418800PE.NFO,2024-03-04,15:14:00,2024-03-05,0.25,0.25,0.25,0.25,0,30280,1
FINNIFTY05MAR2418800PE.NFO,2024-03-04,15:15:00,2024-03-05,0.2,0.25,0.2,0.2,4160,30280,0
FINNIFTY05MAR2418800PE.NFO,2024-03-04,15:16:00,2024-03-05,0.2,0.2,0.2,0.2,400,30280,0
FINNIFTY05MAR2418800PE.NFO,2024-03-04,15:17:00,2024-03-05,0.2,0.2,0.2,0.2,0,30280,0
FINNIFTY05MAR2418800PE.NFO,2024-03-04,15:18:00,2024-03-05,0.2,0.2,0.2,0.2,0,30280,0
FINNIFTY05MAR2418800PE.NFO,2024-03-04,15:19:00,2024-03-05,0.2,0.2,0.2,0.2,0,30280,0
FINNIFTY05MAR2418800PE.NFO,2024-03-04,15:20:00,2024-03-05,0.2,0.2,0.2,0.2,0,30280,0
FINNIFTY05MAR2418800PE.NFO,2024-03-04,15:21:00,2024-03-05,0.2,0.2,0.2,0.2,0,30280,1
FINNIFTY05MAR2418800PE.NFO,2024-03-04,15:22:00,2024-03-05,0.2,0.2,0.2,0.2,0,30280,1
FINNIFTY05MAR2418800PE.NFO,2024-03-04,15:23:00,2024-03-05,0.25,0.25,0.25,0.25,200,28360,0
FINNIFTY05MAR2418800PE.NFO,2024-03-04,15:24:00,2024-03-05,0.25,0.25,0.25,0.25,400,28360,0
FINNIFTY05MAR2418800PE.NFO,2024-03-04,15:25:00,2024-03-05,0.25,0.25,0.25,0.25,400,28360,1
FINNIFTY05MAR2418800PE.NFO,2024-03-04,15:26:00,2024-03-05,0.25,0.25,0.25,0.25,800,27800,0
FINNIFTY05MAR2418800PE.NFO,2024-03-04,15:27:00,2024-03-05,0.25,0.25,0.25,0.25,600,27800,0
FINNIFTY05MAR2418800PE.NFO,2024-03-04,15:28:00,2024-03-05,0.25,0.25,0.25,0.25,1080,27800,0
FINNIFTY05MAR2418800PE.NFO,2024-03-04,15:29:00,2024-03-05,0.25,0.25,0.2,0.2,2960,27160,0
FINNIFTY05MAR2418800PE.NFO,2024-03-04,15:30:00,2024-03-05,0.2,0.2,0.2,0.2,2960,27160,1
FINNIFTY05MAR2418800PE.NFO,2024-03-05,09:15:00,2024-03-05,0.25,0.25,0.15,0.15,200,26440,0
FINNIFTY05MAR2418800PE.NFO,2024-03-05,09:16:00,2024-03-05,0.15,0.2,0.15,0.2,1400,26800,0
FINNIFTY05MAR2418800PE.NFO,2024-03-05,09:17:00,2024-03-05,0.2,0.2,0.15,0.15,960,26800,0
FINNIFTY05MAR2418800PE.NFO,2024-03-05,09:18:00,2024-03-05,0.15,0.2,0.15,0.2,3720,27240,0
FINNIFTY05MAR2418800PE.NFO,2024-03-05,09:19:00,2024-03-05,0.2,0.2,0.2,0.2,2600,27240,0
FINNIFTY05MAR2418800PE.NFO,2024-03-05,09:20:00,2024-03-05,0.2,0.2,0.2,0.2,2600,27240,0
FINNIFTY05MAR2418800PE.NFO,2024-03-05,09:21:00,2024-03-05,0.2,0.2,0.2,0.2,1680,28440,0
FINNIFTY05MAR2418800PE.NFO,2024-03-05,09:22:00,2024-03-05,0.2,0.2,0.2,0.2,40,28440,0
FINNIFTY05MAR2418800PE.NFO,2024-03-05,09:23:00,2024-03-05,0.2,0.2,0.2,0.2,400,28440,0
FINNIFTY05MAR2418800PE.NFO,2024-03-05,09:24:00,2024-03-05,0.2,0.2,0.2,0.2,0,28440,0
FINNIFTY05MAR2418800PE.NFO,2024-03-05,09:25:00,2024-03-05,0.2,0.2,0.2,0.2,280,28440,0
FINNIFTY05MAR2418800PE.NFO,2024-03-05,09:26:00,2024-03-05,0.2,0.2,0.2,0.2,0,28440,0
FINNIFTY05MAR2418800PE.NFO,2024-03-05,09:27:00,2024-03-05,0.2,0.2,0.2,0.2,200,28440,0
FINNIFTY05MAR2418800PE.NFO,2024-03-05,09:28:00,2024-03-05,0.2,0.2,0.2,0.2,0,28440,0
FINNIFTY05MAR2418800PE.NFO,2024-03-05,09:29:00,2024-03-05,0.2,0.2,0.2,0.2,0,28440,0
FINNIFTY05MAR2418800PE.NFO,2024-03-05,09:30:00,2024-03-05,0.2,0.2,0.2,0.2,0,28440,0
FINNIFTY05MAR2418800PE.NFO,2024-03-05,09:31:00,2024-03-05,0.2,0.2,0.2,0.2,0,28440,0
FINNIFTY05MAR2418800PE.NFO,2024-03-05,09:32:00,2024-03-05,0.2,0.2,0.2,0.2,0,28440,0
FINNIFTY05MAR2418800PE.NFO,2024-03-05,09:33:00,2024-03-05,0.2,0.2,0.15,0.2,3920,28560,0
FINNIFTY05MAR2418800PE.NFO,2024-03-05,09:34:00,2024-03-05,0.2,0.2,0.2,0.2,840,28560,0
FINNIFTY05MAR2418800PE.NFO,2024-03-05,09:35:00,2024-03-05,0.2,0.2,0.2,0.2,0,28560,0
FINNIFTY05MAR2418800PE.NFO,2024-03-05,09:36:00,2024-03-05,0.2,0.2,0.2,0.2,0,28560,0
FINNIFTY05MAR2418800PE.NFO,2024-03-05,09:37:00,2024-03-05,0.2,0.2,0.2,0.2,0,28560,0
FINNIFTY05MAR2418800PE.NFO,2024-03-05,09:38:00,2024-03-05,0.2,0.2,0.15,0.15,40,30440,0
FINNIFTY05MAR2418800PE.NFO,2024-03-05,09:39:00,2024-03-05,0.15,0.15,0.15,0.15,0,30440,0
FINNIFTY05MAR2418800PE.NFO,2024-03-05,09:40:00,2024-03-05,0.15,0.15,0.15,0.15,0,30440,0
FINNIFTY05MAR2418800PE.NFO,2024-03-05,09:41:00,2024-03-05,0.15,0.15,0.15,0.15,0,30440,0
FINNIFTY05MAR2418800PE.NFO,2024-03-05,09:42:00,2024-03-05,0.15,0.15,0.15,0.15,280,30480,0
FINNIFTY05MAR2418800PE.NFO,2024-03-05,09:43:00,2024-03-05,0.15,0.2,0.15,0.2,40,30480,0
FINNIFTY05MAR2418800PE.NFO,2024-03-05,09:44:00,2024-03-05,0.2,0.2,0.2,0.2,0,30480,0
FINNIFTY05MAR2418800PE.NFO,2024-03-05,09:45:00,2024-03-05,0.2,0.2,0.2,0.2,360,30480,0
FINNIFTY05MAR2418800PE.NFO,2024-03-05,09:46:00,2024-03-05,0.2,0.2,0.2,0.2,720,30480,0
FINNIFTY05MAR2418800PE.NFO,2024-03-05,09:47:00,2024-03-05,0.2,0.2,0.15,0.15,1640,30480,0
FINNIFTY05MAR2418800PE.NFO,2024-03-05,09:48:00,2024-03-05,0.15,0.2,0.15,0.15,360,30840,0
FINNIFTY05MAR2418800PE.NFO,2024-03-05,09:49:00,2024-03-05,0.15,0.2,0.15,0.2,360,30840,0
FINNIFTY05MAR2418800PE.NFO,2024-03-05,09:50:00,2024-03-05,0.2,0.2,0.15,0.15,1640,30840,0
FINNIFTY05MAR2418800PE.NFO,2024-03-05,09:51:00,2024-03-05,0.2,0.2,0.2,0.2,440,31400,0
FINNIFTY05MAR2418800PE.NFO,2024-03-05,09:52:00,2024-03-05,0.2,0.2,0.2,0.2,40,31400,0
FINNIFTY05MAR2418800PE.NFO,2024-03-05,09:53:00,2024-03-05,0.2,0.2,0.15,0.15,320,31400,0
FINNIFTY05MAR2418800PE.NFO,2024-03-05,09:54:00,2024-03-05,0.15,0.2,0.15,0.15,160,31400,0
FINNIFTY05MAR2418800PE.NFO,2024-03-05,09:55:00,2024-03-05,0.15,0.15,0.15,0.15,0,31400,0
FINNIFTY05MAR2418800PE.NFO,2024-03-05,09:56:00,2024-03-05,0.15,0.15,0.15,0.15,0,31400,0
FINNIFTY05MAR2418800PE.NFO,2024-03-05,09:57:00,2024-03-05,0.15,0.15,0.15,0.15,0,31400,0
FINNIFTY05MAR2418800PE.NFO,2024-03-05,09:58:00,2024-03-05,0.2,0.2,0.2,0.2,360,31400,0
FINNIFTY05MAR2418800PE.NFO,2024-03-05,09:59:00,2024-03-05,0.2,0.2,0.2,0.2,440,31400,0
FINNIFTY05MAR2418800PE.NFO,2024-03-05,10:00:00,2024-03-05,0.2,0.2,0.15,0.2,1000,31400,0
FINNIFTY05MAR2418800PE.NFO,2024-03-05,10:01:00,2024-03-05,0.2,0.2,0.2,0.2,1560,31400,0
FINNIFTY05MAR2418800PE.NFO,2024-03-05,10:02:00,2024-03-05,0.2,0.2,0.2,0.2,1240,31400,0
FINNIFTY05MAR2418800PE.NFO,2024-03-05,10:03:00,2024-03-05,0.2,0.2,0.2,0.2,240,31400,0
FINNIFTY05MAR2418800PE.NFO,2024-03-05,10:04:00,2024-03-05,0.2,0.2,0.2,0.2,0,31400,0
FINNIFTY05MAR2418800PE.NFO,2024-03-05,10:05:00,2024-03-05,0.15,0.15,0.15,0.15,4440,32040,0
FINNIFTY05MAR2418800PE.NFO,2024-03-05,10:06:00,2024-03-05,0.2,0.2,0.15,0.15,240,32040,0
FINNIFTY05MAR2418800PE.NFO,2024-03-05,10:07:00,2024-03-05,0.15,0.15,0.15,0.15,0,32040,0
FINNIFTY05MAR2418800PE.NFO,2024-03-05,10:08:00,2024-03-05,0.2,0.2,0.15,0.15,9480,32040,0
FINNIFTY05MAR2418800PE.NFO,2024-03-05,10:09:00,2024-03-05,0.15,0.2,0.15,0.2,1320,32480,0
FINNIFTY05MAR2418800PE.NFO,2024-03-05,10:10:00,2024-03-05,0.2,0.2,0.15,0.15,1440,32480,0
FINNIFTY05MAR2418800PE.NFO,2024-03-05,10:11:00,2024-03-05,0.15,0.2,0.15,0.15,520,32480,0
FINNIFTY05MAR2418800PE.NFO,2024-03-05,10:12:00,2024-03-05,0.15,0.2,0.15,0.2,4280,32480,0
FINNIFTY05MAR2418800PE.NFO,2024-03-05,10:13:00,2024-03-05,0.2,0.2,0.15,0.15,4040,35960,0
FINNIFTY05MAR2418800PE.NFO,2024-03-05,10:14:00,2024-03-05,0.15,0.15,0.15,0.15,600,35960,0
FINNIFTY05MAR2418800PE.NFO,2024-03-05,10:15:00,2024-03-05,0.15,0.15,0.15,0.15,240,35960,0
FINNIFTY05MAR2418800PE.NFO,2024-03-05,10:16:00,2024-03-05,0.15,0.15,0.15,0.15,1120,37960,0
FINNIFTY05MAR2418800PE.NFO,2024-03-05,10:17:00,2024-03-05,0.15,0.15,0.15,0.15,0,37960,0
FINNIFTY05MAR2418800PE.NFO,2024-03-05,10:18:00,2024-03-05,0.15,0.15,0.15,0.15,0,37960,0
FINNIFTY05MAR2418800PE.NFO,2024-03-05,10:19:00,2024-03-05,0.15,0.15,0.15,0.15,0,37960,0
FINNIFTY05MAR2418800PE.NFO,2024-03-05,10:20:00,2024-03-05,0.2,0.2,0.15,0.15,1040,36840,0
FINNIFTY05MAR2418800PE.NFO,2024-03-05,10:21:00,2024-03-05,0.15,0.2,0.15,0.2,1120,36840,0
FINNIFTY05MAR2418800PE.NFO,2024-03-05,10:22:00,2024-03-05,0.2,0.2,0.2,0.2,0,36840,0
FINNIFTY05MAR2418800PE.NFO,2024-03-05,10:23:00,2024-03-05,0.2,0.2,0.15,0.15,560,36320,0
FINNIFTY05MAR2418800PE.NFO,2024-03-05,10:24:00,2024-03-05,0.15,0.15,0.15,0.15,1000,36320,0
FINNIFTY05MAR2418800PE.NFO,2024-03-05,10:25:00,2024-03-05,0.15,0.15,0.15,0.15,0,36320,0
FINNIFTY05MAR2418800PE.NFO,2024-03-05,10:26:00,2024-03-05,0.15,0.15,0.15,0.15,0,36320,0
FINNIFTY05MAR2418800PE.NFO,2024-03-05,10:27:00,2024-03-05,0.15,0.15,0.15,0.15,0,36320,0
FINNIFTY05MAR2418800PE.NFO,2024-03-05,10:28:00,2024-03-05,0.15,0.15,0.15,0.15,0,36320,1
FINNIFTY05MAR2418800PE.NFO,2024-03-05,10:29:00,2024-03-05,0.15,0.2,0.15,0.2,600,35320,0
FINNIFTY05MAR2418800PE.NFO,2024-03-05,10:30:00,2024-03-05,0.2,0.2,0.2,0.2,0,35320,0
FINNIFTY05MAR2418800PE.NFO,2024-03-05,10:31:00,2024-03-05,0.2,0.2,0.2,0.2,0,35320,0
FINNIFTY05MAR2418800PE.NFO,2024-03-05,10:32:00,2024-03-05,0.2,0.2,0.15,0.15,320,35320,0
FINNIFTY05MAR2418800PE.NFO,2024-03-05,10:33:00,2024-03-05,0.15,0.15,0.15,0.15,0,35320,0
FINNIFTY05MAR2418800PE.NFO,2024-03-05,10:34:00,2024-03-05,0.2,0.2,0.2,0.2,240,35320,0
FINNIFTY05MAR2418800PE.NFO,2024-03-05,10:35:00,2024-03-05,0.2,0.2,0.2,0.2,360,35320,0
FINNIFTY05MAR2418800PE.NFO,2024-03-05,10:36:00,2024-03-05,0.2,0.2,0.2,0.2,0,35320,0
FINNIFTY05MAR2418800PE.NFO,2024-03-05,10:37:00,2024-03-05,0.2,0.2,0.2,0.2,680,35320,0
FINNIFTY05MAR2418800PE.NFO,2024-03-05,10:38:00,2024-03-05,0.2,0.2,0.2,0.2,0,35320,0
FINNIFTY05MAR2418800PE.NFO,2024-03-05,10:39:00,2024-03-05,0.2,0.2,0.2,0.2,240,35320,0
FINNIFTY05MAR2418800PE.NFO,2024-03-05,10:40:00,2024-03-05,0.2,0.2,0.2,0.2,240,35320,0
FINNIFTY05MAR2418800PE.NFO,2024-03-05,10:41:00,2024-03-05,0.15,0.2,0.15,0.15,2000,35320,0
FINNIFTY05MAR2418800PE.NFO,2024-03-05,10:42:00,2024-03-05,0.15,0.15,0.15,0.15,1000,35320,0
FINNIFTY05MAR2418800PE.NFO,2024-03-05,10:43:00,2024-03-05,0.15,0.15,0.15,0.15,0,35320,0
FINNIFTY05MAR2418800PE.NFO,2024-03-05,10:44:00,2024-03-05,0.15,0.2,0.15,0.2,80,33480,0
FINNIFTY05MAR2418800PE.NFO,2024-03-05,10:45:00,2024-03-05,0.2,0.2,0.2,0.2,1800,33480,0
FINNIFTY05MAR2418800PE.NFO,2024-03-05,10:46:00,2024-03-05,0.15,0.2,0.15,0.2,11080,31600,0
FINNIFTY05MAR2418800PE.NFO,2024-03-05,10:47:00,2024-03-05,0.2,0.2,0.2,0.2,5400,31600,0
FINNIFTY05MAR2418800PE.NFO,2024-03-05,10:48:00,2024-03-05,0.2,0.2,0.2,0.2,3000,18880,0
FINNIFTY05MAR2418800PE.NFO,2024-03-05,10:49:00,2024-03-05,0.2,0.2,0.2,0.2,600,18880,0
FINNIFTY05MAR2418800PE.NFO,2024-03-05,10:50:00,2024-03-05,0.2,0.2,0.2,0.2,0,18880,0
FINNIFTY05MAR2418800PE.NFO,2024-03-05,10:51:00,2024-03-05,0.2,0.2,0.2,0.2,0,18880,0
FINNIFTY05MAR2418800PE.NFO,2024-03-05,10:52:00,2024-03-05,0.2,0.2,0.2,0.2,0,18880,0
FINNIFTY05MAR2418800PE.NFO,2024-03-05,10:53:00,2024-03-05,0.2,0.2,0.2,0.2,0,18880,0
FINNIFTY05MAR2418800PE.NFO,2024-03-05,10:54:00,2024-03-05,0.2,0.2,0.2,0.2,40,19280,0
FINNIFTY05MAR2418800PE.NFO,2024-03-05,10:55:00,2024-03-05,0.2,0.2,0.15,0.15,600,19280,0
FINNIFTY05MAR2418800PE.NFO,2024-03-05,10:56:00,2024-03-05,0.15,0.15,0.15,0.15,5040,19280,0
FINNIFTY05MAR2418800PE.NFO,2024-03-05,10:57:00,2024-03-05,0.15,0.15,0.15,0.15,1280,19280,0
FINNIFTY05MAR2418800PE.NFO,2024-03-05,10:58:00,2024-03-05,0.15,0.15,0.15,0.15,0,19280,0
FINNIFTY05MAR2418800PE.NFO,2024-03-05,10:59:00,2024-03-05,0.15,0.15,0.15,0.15,0,19280,0
FINNIFTY05MAR2418800PE.NFO,2024-03-05,11:00:00,2024-03-05,0.15,0.15,0.15,0.15,0,19280,0
FINNIFTY05MAR2418800PE.NFO,2024-03-05,11:01:00,2024-03-05,0.15,0.15,0.15,0.15,2400,20360,0
FINNIFTY05MAR2418800PE.NFO,2024-03-05,11:02:00,2024-03-05,0.15,0.15,0.15,0.15,4120,20360,0
FINNIFTY05MAR2418800PE.NFO,2024-03-05,11:03:00,2024-03-05,0.15,0.2,0.15,0.2,1880,20360,0
FINNIFTY05MAR2418800PE.NFO,2024-03-05,11:04:00,2024-03-05,0.2,0.2,0.2,0.2,400,27040,0
FINNIFTY05MAR2418800PE.NFO,2024-03-05,11:05:00,2024-03-05,0.2,0.2,0.2,0.2,2240,27040,0
FINNIFTY05MAR2418800PE.NFO,2024-03-05,11:06:00,2024-03-05,0.2,0.2,0.15,0.2,1760,27040,0
FINNIFTY05MAR2418800PE.NFO,2024-03-05,11:07:00,2024-03-05,0.2,0.2,0.15,0.2,1680,28240,0
FINNIFTY05MAR2418800PE.NFO,2024-03-05,11:08:00,2024-03-05,0.2,0.2,0.2,0.2,1000,28240,0
FINNIFTY05MAR2418800PE.NFO,2024-03-05,11:09:00,2024-03-05,0.2,0.2,0.2,0.2,400,28240,0
FINNIFTY05MAR2418800PE.NFO,2024-03-05,11:10:00,2024-03-05,0.2,0.2,0.2,0.2,280,29440,0
FINNIFTY05MAR2418800PE.NFO,2024-03-05,11:11:00,2024-03-05,0.2,0.2,0.2,0.2,240,29440,0
FINNIFTY05MAR2418800PE.NFO,2024-03-05,11:12:00,2024-03-05,0.2,0.2,0.2,0.2,480,29440,0
FINNIFTY05MAR2418800PE.NFO,2024-03-05,11:13:00,2024-03-05,0.2,0.2,0.2,0.2,120,29440,0
FINNIFTY05MAR2418800PE.NFO,2024-03-05,11:14:00,2024-03-05,0.2,0.2,0.2,0.2,480,29440,0
FINNIFTY05MAR2418800PE.NFO,2024-03-05,11:15:00,2024-03-05,0.2,0.2,0.15,0.2,280,29440,0
FINNIFTY05MAR2418800PE.NFO,2024-03-05,11:16:00,2024-03-05,0.2,0.2,0.2,0.2,0,29440,0
FINNIFTY05MAR2418800PE.NFO,2024-03-05,11:17:00,2024-03-05,0.2,0.2,0.2,0.2,280,29480,0
FINNIFTY05MAR2418800PE.NFO,2024-03-05,11:18:00,2024-03-05,0.2,0.2,0.2,0.2,520,29080,0
FINNIFTY05MAR2418800PE.NFO,2024-03-05,11:19:00,2024-03-05,0.2,0.2,0.2,0.2,320,29080,0
FINNIFTY05MAR2418800PE.NFO,2024-03-05,11:20:00,2024-03-05,0.2,0.2,0.2,0.2,0,29080,0
FINNIFTY05MAR2418800PE.NFO,2024-03-05,11:21:00,2024-03-05,0.2,0.2,0.2,0.2,0,29080,0
FINNIFTY05MAR2418800PE.NFO,2024-03-05,11:22:00,2024-03-05,0.2,0.2,0.2,0.2,0,29080,0
FINNIFTY05MAR2418800PE.NFO,2024-03-05,11:23:00,2024-03-05,0.2,0.2,0.2,0.2,0,28760,0
FINNIFTY05MAR2418800PE.NFO,2024-03-05,11:24:00,2024-03-05,0.2,0.2,0.1,0.15,5440,29680,0
FINNIFTY05MAR2418800PE.NFO,2024-03-05,11:25:00,2024-03-05,0.15,0.15,0.1,0.1,4000,29680,0
FINNIFTY05MAR2418800PE.NFO,2024-03-05,11:26:00,2024-03-05,0.1,0.15,0.1,0.15,3600,29680,0
FINNIFTY05MAR2418800PE.NFO,2024-03-05,11:27:00,2024-03-05,0.15,0.15,0.15,0.15,960,29680,0
FINNIFTY05MAR2418800PE.NFO,2024-03-05,11:28:00,2024-03-05,0.15,0.15,0.15,0.15,1720,26880,0
FINNIFTY05MAR2418800PE.NFO,2024-03-05,11:29:00,2024-03-05,0.15,0.15,0.15,0.15,1920,26880,0
FINNIFTY05MAR2418800PE.NFO,2024-03-05,11:30:00,2024-03-05,0.15,0.15,0.15,0.15,40,26880,0
FINNIFTY05MAR2418800PE.NFO,2024-03-05,11:31:00,2024-03-05,0.15,0.15,0.15,0.15,0,26880,0
FINNIFTY05MAR2418800PE.NFO,2024-03-05,11:32:00,2024-03-05,0.15,0.15,0.15,0.15,360,25960,0
FINNIFTY05MAR2418800PE.NFO,2024-03-05,11:33:00,2024-03-05,0.15,0.15,0.15,0.15,0,25960,0
FINNIFTY05MAR2418800PE.NFO,2024-03-05,11:34:00,2024-03-05,0.15,0.15,0.15,0.15,0,25960,0
FINNIFTY05MAR2418800PE.NFO,2024-03-05,11:35:00,2024-03-05,0.1,0.1,0.1,0.1,80,25960,0
FINNIFTY05MAR2418800PE.NFO,2024-03-05,11:36:00,2024-03-05,0.1,0.1,0.1,0.1,0,25960,0
FINNIFTY05MAR2418800PE.NFO,2024-03-05,11:37:00,2024-03-05,0.1,0.1,0.1,0.1,400,26040,0
FINNIFTY05MAR2418800PE.NFO,2024-03-05,11:38:00,2024-03-05,0.1,0.1,0.1,0.1,0,26040,0
FINNIFTY05MAR2418800PE.NFO,2024-03-05,11:39:00,2024-03-05,0.1,0.1,0.1,0.1,0,26040,0
FINNIFTY05MAR2418800PE.NFO,2024-03-05,11:40:00,2024-03-05,0.1,0.15,0.1,0.15,320,26040,0
FINNIFTY05MAR2418800PE.NFO,2024-03-05,11:41:00,2024-03-05,0.15,0.15,0.15,0.15,2400,26040,0
FINNIFTY05MAR2418800PE.NFO,2024-03-05,11:42:00,2024-03-05,0.15,0.15,0.15,0.15,0,26040,0
FINNIFTY05MAR2418800PE.NFO,2024-03-05,11:43:00,2024-03-05,0.15,0.15,0.15,0.15,0,26240,0
FINNIFTY05MAR2418800PE.NFO,2024-03-05,11:44:00,2024-03-05,0.15,0.15,0.15,0.15,520,26240,0
FINNIFTY05MAR2418800PE.NFO,2024-03-05,11:45:00,2024-03-05,0.15,0.15,0.1,0.1,560,26240,0
FINNIFTY05MAR2418800PE.NFO,2024-03-05,11:46:00,2024-03-05,0.1,0.1,0.1,0.1,0,26240,0
FINNIFTY05MAR2418800PE.NFO,2024-03-05,11:47:00,2024-03-05,0.1,0.1,0.1,0.1,80,26920,0
FINNIFTY05MAR2418800PE.NFO,2024-03-05,11:48:00,2024-03-05,0.1,0.1,0.1,0.1,0,26920,0
FINNIFTY05MAR2418800PE.NFO,2024-03-05,11:49:00,2024-03-05,0.1,0.1,0.1,0.1,600,26920,0
FINNIFTY05MAR2418800PE.NFO,2024-03-05,11:50:00,2024-03-05,0.1,0.1,0.1,0.1,0,26920,0
FINNIFTY05MAR2418800PE.NFO,2024-03-05,11:51:00,2024-03-05,0.15,0.15,0.15,0.15,1040,26920,0
FINNIFTY05MAR2418800PE.NFO,2024-03-05,11:52:00,2024-03-05,0.15,0.15,0.15,0.15,0,26920,0
FINNIFTY05MAR2418800PE.NFO,2024-03-05,11:53:00,2024-03-05,0.15,0.15,0.15,0.15,840,26920,0
FINNIFTY05MAR2418800PE.NFO,2024-03-05,11:54:00,2024-03-05,0.15,0.15,0.15,0.15,0,26920,0
FINNIFTY05MAR2418800PE.NFO,2024-03-05,11:55:00,2024-03-05,0.15,0.15,0.15,0.15,0,26920,0
FINNIFTY05MAR2418800PE.NFO,2024-03-05,11:56:00,2024-03-05,0.15,0.15,0.15,0.15,120,26920,0
FINNIFTY05MAR2418800PE.NFO,2024-03-05,11:57:00,2024-03-05,0.15,0.15,0.15,0.15,0,26920,0
FINNIFTY05MAR2418800PE.NFO,2024-03-05,11:58:00,2024-03-05,0.15,0.15,0.15,0.15,120,26920,0
FINNIFTY05MAR2418800PE.NFO,2024-03-05,11:59:00,2024-03-05,0.15,0.15,0.15,0.15,0,26920,0
FINNIFTY05MAR2418800PE.NFO,2024-03-05,12:00:00,2024-03-05,0.15,0.15,0.15,0.15,0,26920,0
FINNIFTY05MAR2418800PE.NFO,2024-03-05,12:01:00,2024-03-05,0.15,0.15,0.15,0.15,0,26920,1
FINNIFTY05MAR2418800PE.NFO,2024-03-05,12:02:00,2024-03-05,0.15,0.15,0.15,0.15,120,26920,0
FINNIFTY05MAR2418800PE.NFO,2024-03-05,12:03:00,2024-03-05,0.15,0.15,0.15,0.15,0,26920,0
FINNIFTY05MAR2418800PE.NFO,2024-03-05,12:04:00,2024-03-05,0.15,0.15,0.15,0.15,0,26920,0
FINNIFTY05MAR2418800PE.NFO,2024-03-05,12:05:00,2024-03-05,0.15,0.15,0.15,0.15,120,26920,0
FINNIFTY05MAR2418800PE.NFO,2024-03-05,12:06:00,2024-03-05,0.15,0.15,0.15,0.15,120,26920,0
FINNIFTY05MAR2418800PE.NFO,2024-03-05,12:07:00,2024-03-05,0.15,0.15,0.15,0.15,0,26920,0
FINNIFTY05MAR2418800PE.NFO,2024-03-05,12:08:00,2024-03-05,0.15,0.15,0.15,0.15,0,26920,0
FINNIFTY05MAR2418800PE.NFO,2024-03-05,12:09:00,2024-03-05,0.15,0.15,0.15,0.15,240,26920,0
FINNIFTY05MAR2418800PE.NFO,2024-03-05,12:10:00,2024-03-05,0.15,0.15,0.15,0.15,0,26920,0
FINNIFTY05MAR2418800PE.NFO,2024-03-05,12:11:00,2024-03-05,0.15,0.15,0.15,0.15,120,26920,0
FINNIFTY05MAR2418800PE.NFO,2024-03-05,12:12:00,2024-03-05,0.15,0.15,0.15,0.15,120,26920,0
FINNIFTY05MAR2418800PE.NFO,2024-03-05,12:13:00,2024-03-05,0.15,0.15,0.15,0.15,0,26920,0
FINNIFTY05MAR2418800PE.NFO,2024-03-05,12:14:00,2024-03-05,0.15,0.15,0.15,0.15,0,26920,0
FINNIFTY05MAR2418800PE.NFO,2024-03-05,12:15:00,2024-03-05,0.15,0.15,0.15,0.15,120,26920,0
FINNIFTY05MAR2418800PE.NFO,2024-03-05,12:16:00,2024-03-05,0.15,0.15,0.15,0.15,0,26920,0
FINNIFTY05MAR2418800PE.NFO,2024-03-05,12:17:00,2024-03-05,0.15,0.15,0.15,0.15,120,26920,0
FINNIFTY05MAR2418800PE.NFO,2024-03-05,12:18:00,2024-03-05,0.15,0.15,0.15,0.15,0,26920,0
FINNIFTY05MAR2418800PE.NFO,2024-03-05,12:19:00,2024-03-05,0.15,0.15,0.15,0.15,0,26920,0
FINNIFTY05MAR2418800PE.NFO,2024-03-05,12:20:00,2024-03-05,0.15,0.15,0.15,0.15,800,26920,0
FINNIFTY05MAR2418800PE.NFO,2024-03-05,12:21:00,2024-03-05,0.2,0.2,0.2,0.2,40,26920,0
FINNIFTY05MAR2418800PE.NFO,2024-03-05,12:22:00,2024-03-05,0.2,0.2,0.2,0.2,0,26920,0
FINNIFTY05MAR2418800PE.NFO,2024-03-05,12:23:00,2024-03-05,0.2,0.2,0.2,0.2,0,26920,0
FINNIFTY05MAR2418800PE.NFO,2024-03-05,12:24:00,2024-03-05,0.2,0.2,0.15,0.15,120,26920,0
FINNIFTY05MAR2418800PE.NFO,2024-03-05,12:25:00,2024-03-05,0.15,0.15,0.15,0.15,0,26920,0
FINNIFTY05MAR2418800PE.NFO,2024-03-05,12:26:00,2024-03-05,0.15,0.15,0.15,0.15,0,26920,0
FINNIFTY05MAR2418800PE.NFO,2024-03-05,12:27:00,2024-03-05,0.15,0.15,0.15,0.15,0,26920,0
FINNIFTY05MAR2418800PE.NFO,2024-03-05,12:28:00,2024-03-05,0.15,0.15,0.15,0.15,0,26920,0
FINNIFTY05MAR2418800PE.NFO,2024-03-05,12:29:00,2024-03-05,0.15,0.15,0.15,0.15,0,26920,0
FINNIFTY05MAR2418800PE.NFO,2024-03-05,12:30:00,2024-03-05,0.15,0.15,0.15,0.15,0,26920,0
FINNIFTY05MAR2418800PE.NFO,2024-03-05,12:31:00,2024-03-05,0.15,0.15,0.15,0.15,280,26920,0
FINNIFTY05MAR2418800PE.NFO,2024-03-05,12:32:00,2024-03-05,0.15,0.15,0.15,0.15,0,26920,0
FINNIFTY05MAR2418800PE.NFO,2024-03-05,12:33:00,2024-03-05,0.15,0.15,0.15,0.15,0,26920,0
FINNIFTY05MAR2418800PE.NFO,2024-03-05,12:34:00,2024-03-05,0.15,0.15,0.15,0.15,0,26920,0
FINNIFTY05MAR2418800PE.NFO,2024-03-05,12:35:00,2024-03-05,0.15,0.15,0.15,0.15,0,26920,0
FINNIFTY05MAR2418800PE.NFO,2024-03-05,12:36:00,2024-03-05,0.15,0.15,0.15,0.15,0,26920,0
FINNIFTY05MAR2418800PE.NFO,2024-03-05,12:37:00,2024-03-05,0.15,0.15,0.15,0.15,0,26920,0
FINNIFTY05MAR2418800PE.NFO,2024-03-05,12:38:00,2024-03-05,0.15,0.15,0.15,0.15,0,26920,0
FINNIFTY05MAR2418800PE.NFO,2024-03-05,12:39:00,2024-03-05,0.1,0.1,0.1,0.1,2800,26920,0
FINNIFTY05MAR2418800PE.NFO,2024-03-05,12:40:00,2024-03-05,0.1,0.1,0.1,0.1,3880,26920,0
FINNIFTY05MAR2418800PE.NFO,2024-03-05,12:41:00,2024-03-05,0.1,0.1,0.1,0.1,0,26920,0
FINNIFTY05MAR2418800PE.NFO,2024-03-05,12:42:00,2024-03-05,0.1,0.1,0.1,0.1,0,26920,0
FINNIFTY05MAR2418800PE.NFO,2024-03-05,12:43:00,2024-03-05,0.1,0.1,0.1,0.1,40,26920,0
FINNIFTY05MAR2418800PE.NFO,2024-03-05,12:44:00,2024-03-05,0.1,0.1,0.1,0.1,0,26920,0
FINNIFTY05MAR2418800PE.NFO,2024-03-05,12:45:00,2024-03-05,0.1,0.1,0.1,0.1,0,26920,0
FINNIFTY05MAR2418800PE.NFO,2024-03-05,12:46:00,2024-03-05,0.1,0.1,0.1,0.1,0,26920,0
FINNIFTY05MAR2418800PE.NFO,2024-03-05,12:47:00,2024-03-05,0.1,0.1,0.1,0.1,0,26920,1
FINNIFTY05MAR2418800PE.NFO,2024-03-05,12:48:00,2024-03-05,0.1,0.1,0.1,0.1,0,26920,0
FINNIFTY05MAR2418800PE.NFO,2024-03-05,12:49:00,2024-03-05,0.1,0.1,0.1,0.1,2160,26920,0
FINNIFTY05MAR2418800PE.NFO,2024-03-05,12:50:00,2024-03-05,0.1,0.1,0.1,0.1,360,26920,0
FINNIFTY05MAR2418800PE.NFO,2024-03-05,12:51:00,2024-03-05,0.1,0.1,0.1,0.1,0,26920,0
FINNIFTY05MAR2418800PE.NFO,2024-03-05,12:52:00,2024-03-05,0.1,0.1,0.1,0.1,0,26920,0
FINNIFTY05MAR2418800PE.NFO,2024-03-05,12:53:00,2024-03-05,0.1,0.15,0.1,0.15,4960,29440,0
FINNIFTY05MAR2418800PE.NFO,2024-03-05,12:54:00,2024-03-05,0.15,0.15,0.15,0.15,4280,29440,0
FINNIFTY05MAR2418800PE.NFO,2024-03-05,12:55:00,2024-03-05,0.15,0.15,0.15,0.15,1040,30800,0
FINNIFTY05MAR2418800PE.NFO,2024-03-05,12:56:00,2024-03-05,0.15,0.15,0.15,0.15,1040,30800,0
FINNIFTY05MAR2418800PE.NFO,2024-03-05,12:57:00,2024-03-05,0.15,0.15,0.15,0.15,0,30800,0
FINNIFTY05MAR2418800PE.NFO,2024-03-05,12:58:00,2024-03-05,0.15,0.15,0.15,0.15,0,30800,0
FINNIFTY05MAR2418800PE.NFO,2024-03-05,12:59:00,2024-03-05,0.15,0.15,0.15,0.15,0,30800,0
FINNIFTY05MAR2418800PE.NFO,2024-03-05,13:00:00,2024-03-05,0.15,0.15,0.1,0.1,40,31320,0
FINNIFTY05MAR2418800PE.NFO,2024-03-05,13:01:00,2024-03-05,0.1,0.1,0.1,0.1,0,31320,0
FINNIFTY05MAR2418800PE.NFO,2024-03-05,13:02:00,2024-03-05,0.1,0.1,0.1,0.1,0,31320,0
FINNIFTY05MAR2418800PE.NFO,2024-03-05,13:03:00,2024-03-05,0.1,0.1,0.1,0.1,0,31320,0
FINNIFTY05MAR2418800PE.NFO,2024-03-05,13:04:00,2024-03-05,0.1,0.1,0.1,0.1,0,31320,0
FINNIFTY05MAR2418800PE.NFO,2024-03-05,13:05:00,2024-03-05,0.1,0.1,0.1,0.1,0,31320,0
FINNIFTY05MAR2418800PE.NFO,2024-03-05,13:06:00,2024-03-05,0.1,0.1,0.1,0.1,0,31320,1
FINNIFTY05MAR2418800PE.NFO,2024-03-05,13:07:00,2024-03-05,0.1,0.1,0.1,0.1,0,31320,0
FINNIFTY05MAR2418800PE.NFO,2024-03-05,13:08:00,2024-03-05,0.1,0.1,0.1,0.1,0,31320,0
FINNIFTY05MAR2418800PE.NFO,2024-03-05,13:09:00,2024-03-05,0.1,0.1,0.1,0.1,0,31320,0
FINNIFTY05MAR2418800PE.NFO,2024-03-05,13:10:00,2024-03-05,0.1,0.1,0.1,0.1,0,31320,0
FINNIFTY05MAR2418800PE.NFO,2024-03-05,13:11:00,2024-03-05,0.1,0.1,0.1,0.1,0,31320,0
FINNIFTY05MAR2418800PE.NFO,2024-03-05,13:12:00,2024-03-05,0.15,0.15,0.15,0.15,40,31280,0
FINNIFTY05MAR2418800PE.NFO,2024-03-05,13:13:00,2024-03-05,0.15,0.15,0.1,0.1,3280,31320,0
FINNIFTY05MAR2418800PE.NFO,2024-03-05,13:14:00,2024-03-05,0.1,0.1,0.1,0.1,2600,31320,0
FINNIFTY05MAR2418800PE.NFO,2024-03-05,13:15:00,2024-03-05,0.1,0.1,0.1,0.1,5440,31320,0
FINNIFTY05MAR2418800PE.NFO,2024-03-05,13:16:00,2024-03-05,0.1,0.1,0.1,0.1,0,31320,0
FINNIFTY05MAR2418800PE.NFO,2024-03-05,13:17:00,2024-03-05,0.1,0.1,0.1,0.1,0,31320,0
FINNIFTY05MAR2418800PE.NFO,2024-03-05,13:18:00,2024-03-05,0.1,0.1,0.1,0.1,80,30800,0
FINNIFTY05MAR2418800PE.NFO,2024-03-05,13:19:00,2024-03-05,0.1,0.1,0.1,0.1,0,30800,0
FINNIFTY05MAR2418800PE.NFO,2024-03-05,13:20:00,2024-03-05,0.1,0.1,0.1,0.1,0,30800,0
FINNIFTY05MAR2418800PE.NFO,2024-03-05,13:21:00,2024-03-05,0.1,0.1,0.1,0.1,0,30800,0
FINNIFTY05MAR2418800PE.NFO,2024-03-05,13:22:00,2024-03-05,0.1,0.1,0.1,0.1,0,30800,0
FINNIFTY05MAR2418800PE.NFO,2024-03-05,13:23:00,2024-03-05,0.1,0.1,0.1,0.1,0,30800,0
FINNIFTY05MAR2418800PE.NFO,2024-03-05,13:24:00,2024-03-05,0.1,0.1,0.1,0.1,0,30800,0
FINNIFTY05MAR2418800PE.NFO,2024-03-05,13:25:00,2024-03-05,0.1,0.1,0.1,0.1,0,30800,1
FINNIFTY05MAR2418800PE.NFO,2024-03-05,13:26:00,2024-03-05,0.1,0.1,0.1,0.1,0,30800,0
FINNIFTY05MAR2418800PE.NFO,2024-03-05,13:27:00,2024-03-05,0.1,0.1,0.1,0.1,0,30800,0
FINNIFTY05MAR2418800PE.NFO,2024-03-05,13:28:00,2024-03-05,0.1,0.1,0.1,0.1,0,30800,0
FINNIFTY05MAR2418800PE.NFO,2024-03-05,13:29:00,2024-03-05,0.1,0.1,0.1,0.1,400,30880,0
FINNIFTY05MAR2418800PE.NFO,2024-03-05,13:30:00,2024-03-05,0.1,0.1,0.1,0.1,0,30880,0
FINNIFTY05MAR2418800PE.NFO,2024-03-05,13:31:00,2024-03-05,0.1,0.1,0.1,0.1,1600,31280,0
FINNIFTY05MAR2418800PE.NFO,2024-03-05,13:32:00,2024-03-05,0.1,0.1,0.1,0.1,1560,31280,0
FINNIFTY05MAR2418800PE.NFO,2024-03-05,13:33:00,2024-03-05,0.1,0.1,0.1,0.1,0,31280,0
FINNIFTY05MAR2418800PE.NFO,2024-03-05,13:34:00,2024-03-05,0.1,0.1,0.1,0.1,0,31280,0
FINNIFTY05MAR2418800PE.NFO,2024-03-05,13:35:00,2024-03-05,0.1,0.1,0.1,0.1,0,31280,0
FINNIFTY05MAR2418800PE.NFO,2024-03-05,13:36:00,2024-03-05,0.1,0.1,0.05,0.05,1920,31440,0
FINNIFTY05MAR2418800PE.NFO,2024-03-05,13:37:00,2024-03-05,0.05,0.05,0.05,0.05,0,31440,0
FINNIFTY05MAR2418800PE.NFO,2024-03-05,13:38:00,2024-03-05,0.05,0.05,0.05,0.05,0,31440,0
FINNIFTY05MAR2418800PE.NFO,2024-03-05,13:39:00,2024-03-05,0.05,0.05,0.05,0.05,0,31440,0
FINNIFTY05MAR2418800PE.NFO,2024-03-05,13:40:00,2024-03-05,0.05,0.05,0.05,0.05,0,31440,0
FINNIFTY05MAR2418800PE.NFO,2024-03-05,13:41:00,2024-03-05,0.05,0.05,0.05,0.05,0,31440,0
FINNIFTY05MAR2418800PE.NFO,2024-03-05,13:42:00,2024-03-05,0.05,0.1,0.05,0.1,40,31440,0
FINNIFTY05MAR2418800PE.NFO,2024-03-05,13:43:00,2024-03-05,0.1,0.1,0.1,0.1,0,31440,0
FINNIFTY05MAR2418800PE.NFO,2024-03-05,13:44:00,2024-03-05,0.1,0.1,0.1,0.1,0,31440,0
FINNIFTY05MAR2418800PE.NFO,2024-03-05,13:45:00,2024-03-05,0.1,0.1,0.05,0.05,720,31440,0
FINNIFTY05MAR2418800PE.NFO,2024-03-05,13:46:00,2024-03-05,0.05,0.05,0.05,0.05,0,31440,0
FINNIFTY05MAR2418800PE.NFO,2024-03-05,13:47:00,2024-03-05,0.05,0.1,0.05,0.1,40,31440,0
FINNIFTY05MAR2418800PE.NFO,2024-03-05,13:48:00,2024-03-05,0.05,0.05,0.05,0.05,40,31440,0
FINNIFTY05MAR2418800PE.NFO,2024-03-05,13:49:00,2024-03-05,0.05,0.05,0.05,0.05,0,31440,0
FINNIFTY05MAR2418800PE.NFO,2024-03-05,13:50:00,2024-03-05,0.1,0.1,0.1,0.1,1440,31440,0
FINNIFTY05MAR2418800PE.NFO,2024-03-05,13:51:00,2024-03-05,0.1,0.1,0.05,0.05,560,31440,0
FINNIFTY05MAR2418800PE.NFO,2024-03-05,13:52:00,2024-03-05,0.05,0.1,0.05,0.1,2360,28240,0
FINNIFTY05MAR2418800PE.NFO,2024-03-05,13:53:00,2024-03-05,0.1,0.1,0.1,0.1,0,28240,0
FINNIFTY05MAR2418800PE.NFO,2024-03-05,13:54:00,2024-03-05,0.1,0.1,0.1,0.1,0,28240,0
FINNIFTY05MAR2418800PE.NFO,2024-03-05,13:55:00,2024-03-05,0.1,0.1,0.1,0.1,0,28240,0
FINNIFTY05MAR2418800PE.NFO,2024-03-05,13:56:00,2024-03-05,0.1,0.1,0.1,0.1,0,28240,1
FINNIFTY05MAR2418800PE.NFO,2024-03-05,13:57:00,2024-03-05,0.1,0.1,0.1,0.1,0,28240,0
FINNIFTY05MAR2418800PE.NFO,2024-03-05,13:58:00,2024-03-05,0.1,0.1,0.1,0.1,0,28240,0
FINNIFTY05MAR2418800PE.NFO,2024-03-05,13:59:00,2024-03-05,0.1,0.1,0.1,0.1,0,28240,0
FINNIFTY05MAR2418800PE.NFO,2024-03-05,14:00:00,2024-03-05,0.1,0.1,0.1,0.1,0,28240,0
FINNIFTY05MAR2418800PE.NFO,2024-03-05,14:01:00,2024-03-05,0.1,0.1,0.1,0.1,0,28240,1
FINNIFTY05MAR2418800PE.NFO,2024-03-05,14:02:00,2024-03-05,0.1,0.1,0.1,0.1,0,28240,1
FINNIFTY05MAR2418800PE.NFO,2024-03-05,14:03:00,2024-03-05,0.1,0.1,0.1,0.1,0,28240,0
FINNIFTY05MAR2418800PE.NFO,2024-03-05,14:04:00,2024-03-05,0.1,0.1,0.1,0.1,0,28240,1
FINNIFTY05MAR2418800PE.NFO,2024-03-05,14:05:00,2024-03-05,0.1,0.1,0.1,0.1,0,28240,0
FINNIFTY05MAR2418800PE.NFO,2024-03-05,14:06:00,2024-03-05,0.1,0.1,0.1,0.1,0,28240,0
FINNIFTY05MAR2418800PE.NFO,2024-03-05,14:07:00,2024-03-05,0.1,0.1,0.05,0.05,800,28240,0
FINNIFTY05MAR2418800PE.NFO,2024-03-05,14:08:00,2024-03-05,0.05,0.05,0.05,0.05,0,28240,0
FINNIFTY05MAR2418800PE.NFO,2024-03-05,14:09:00,2024-03-05,0.05,0.05,0.05,0.05,0,28240,0
FINNIFTY05MAR2418800PE.NFO,2024-03-05,14:10:00,2024-03-05,0.05,0.05,0.05,0.05,0,28240,0
FINNIFTY05MAR2418800PE.NFO,2024-03-05,14:11:00,2024-03-05,0.05,0.05,0.05,0.05,0,28240,0
FINNIFTY05MAR2418800PE.NFO,2024-03-05,14:12:00,2024-03-05,0.05,0.05,0.05,0.05,0,28240,0
FINNIFTY05MAR2418800PE.NFO,2024-03-05,14:13:00,2024-03-05,0.05,0.05,0.05,0.05,0,28240,0
FINNIFTY05MAR2418800PE.NFO,2024-03-05,14:14:00,2024-03-05,0.05,0.05,0.05,0.05,0,28240,0
FINNIFTY05MAR2418800PE.NFO,2024-03-05,14:15:00,2024-03-05,0.05,0.05,0.05,0.05,0,28240,0
FINNIFTY05MAR2418800PE.NFO,2024-03-05,14:16:00,2024-03-05,0.05,0.05,0.05,0.05,0,28240,0
FINNIFTY05MAR2418800PE.NFO,2024-03-05,14:17:00,2024-03-05,0.05,0.05,0.05,0.05,0,28240,0
FINNIFTY05MAR2418800PE.NFO,2024-03-05,14:18:00,2024-03-05,0.05,0.05,0.05,0.05,0,28240,0
FINNIFTY05MAR2418800PE.NFO,2024-03-05,14:19:00,2024-03-05,0.05,0.05,0.05,0.05,0,28240,0
FINNIFTY05MAR2418800PE.NFO,2024-03-05,14:20:00,2024-03-05,0.05,0.05,0.05,0.05,0,28240,0
FINNIFTY05MAR2418800PE.NFO,2024-03-05,14:21:00,2024-03-05,0.05,0.05,0.05,0.05,0,28240,0
FINNIFTY05MAR2418800PE.NFO,2024-03-05,14:22:00,2024-03-05,0.1,0.1,0.05,0.1,11440,28920,0
FINNIFTY05MAR2418800PE.NFO,2024-03-05,14:23:00,2024-03-05,0.1,0.1,0.1,0.1,4560,28920,0
FINNIFTY05MAR2418800PE.NFO,2024-03-05,14:24:00,2024-03-05,0.1,0.1,0.1,0.1,240,28920,0
FINNIFTY05MAR2418800PE.NFO,2024-03-05,14:25:00,2024-03-05,0.1,0.1,0.1,0.1,680,35960,0
FINNIFTY05MAR2418800PE.NFO,2024-03-05,14:26:00,2024-03-05,0.1,0.1,0.1,0.1,800,35960,0
FINNIFTY05MAR2418800PE.NFO,2024-03-05,14:27:00,2024-03-05,0.1,0.1,0.05,0.05,160,35960,0
FINNIFTY05MAR2418800PE.NFO,2024-03-05,14:28:00,2024-03-05,0.05,0.05,0.05,0.05,10040,37080,0
FINNIFTY05MAR2418800PE.NFO,2024-03-05,14:29:00,2024-03-05,0.05,0.05,0.05,0.05,23520,37080,0
FINNIFTY05MAR2418800PE.NFO,2024-03-05,14:30:00,2024-03-05,0.05,0.1,0.05,0.1,1400,37080,0
FINNIFTY05MAR2418800PE.NFO,2024-03-05,14:31:00,2024-03-05,0.05,0.05,0.05,0.05,1720,30320,0
FINNIFTY05MAR2418800PE.NFO,2024-03-05,14:32:00,2024-03-05,0.05,0.05,0.05,0.05,0,30320,0
FINNIFTY05MAR2418800PE.NFO,2024-03-05,14:33:00,2024-03-05,0.05,0.05,0.05,0.05,0,30320,0
FINNIFTY05MAR2418800PE.NFO,2024-03-05,14:34:00,2024-03-05,0.05,0.05,0.05,0.05,0,30320,0
FINNIFTY05MAR2418800PE.NFO,2024-03-05,14:35:00,2024-03-05,0.05,0.05,0.05,0.05,0,30320,0
FINNIFTY05MAR2418800PE.NFO,2024-03-05,14:36:00,2024-03-05,0.05,0.05,0.05,0.05,0,30320,0
FINNIFTY05MAR2418800PE.NFO,2024-03-05,14:37:00,2024-03-05,0.05,0.05,0.05,0.05,160,30320,0
FINNIFTY05MAR2418800PE.NFO,2024-03-05,14:38:00,2024-03-05,0.05,0.05,0.05,0.05,0,30320,0
FINNIFTY05MAR2418800PE.NFO,2024-03-05,14:39:00,2024-03-05,0.05,0.05,0.05,0.05,0,30320,0
FINNIFTY05MAR2418800PE.NFO,2024-03-05,14:40:00,2024-03-05,0.05,0.05,0.05,0.05,4040,30320,0
FINNIFTY05MAR2418800PE.NFO,2024-03-05,14:41:00,2024-03-05,0.05,0.05,0.05,0.05,0,30320,0
FINNIFTY05MAR2418800PE.NFO,2024-03-05,14:42:00,2024-03-05,0.05,0.05,0.05,0.05,0,30320,1
FINNIFTY05MAR2418800PE.NFO,2024-03-05,14:43:00,2024-03-05,0.05,0.05,0.05,0.05,0,30320,1
FINNIFTY05MAR2418800PE.NFO,2024-03-05,14:44:00,2024-03-05,0.05,0.05,0.05,0.05,0,30320,1
FINNIFTY05MAR2418800PE.NFO,2024-03-05,14:45:00,2024-03-05,0.05,0.05,0.05,0.05,1320,32440,0
FINNIFTY05MAR2418800PE.NFO,2024-03-05,14:46:00,2024-03-05,0.05,0.05,0.05,0.05,0,32440,0
FINNIFTY05MAR2418800PE.NFO,2024-03-05,14:47:00,2024-03-05,0.05,0.05,0.05,0.05,0,32440,1
FINNIFTY05MAR2418800PE.NFO,2024-03-05,14:48:00,2024-03-05,0.05,0.1,0.05,0.1,40,32080,0
FINNIFTY05MAR2418800PE.NFO,2024-03-05,14:49:00,2024-03-05,0.1,0.1,0.1,0.1,0,32080,0
FINNIFTY05MAR2418800PE.NFO,2024-03-05,14:50:00,2024-03-05,0.1,0.1,0.05,0.05,680,32080,0
FINNIFTY05MAR2418800PE.NFO,2024-03-05,14:51:00,2024-03-05,0.05,0.05,0.05,0.05,680,32080,1
FINNIFTY05MAR2418800PE.NFO,2024-03-05,14:52:00,2024-03-05,0.05,0.05,0.05,0.05,0,32080,0
FINNIFTY05MAR2418800PE.NFO,2024-03-05,14:53:00,2024-03-05,0.05,0.05,0.05,0.05,0,32080,1
FINNIFTY05MAR2418800PE.NFO,2024-03-05,14:54:00,2024-03-05,0.05,0.05,0.05,0.05,0,32080,0
FINNIFTY05MAR2418800PE.NFO,2024-03-05,14:55:00,2024-03-05,0.05,0.05,0.05,0.05,0,32080,0
FINNIFTY05MAR2418800PE.NFO,2024-03-05,14:56:00,2024-03-05,0.05,0.05,0.05,0.05,0,32080,1
FINNIFTY05MAR2418800PE.NFO,2024-03-05,14:57:00,2024-03-05,0.05,0.05,0.05,0.05,0,32080,1
FINNIFTY05MAR2418800PE.NFO,2024-03-05,14:58:00,2024-03-05,0.1,0.1,0.1,0.1,40,32240,0
FINNIFTY05MAR2418800PE.NFO,2024-03-05,14:59:00,2024-03-05,0.1,0.1,0.1,0.1,0,32240,0
FINNIFTY05MAR2418800PE.NFO,2024-03-05,15:00:00,2024-03-05,0.1,0.1,0.1,0.1,0,32240,0
FINNIFTY05MAR2418800PE.NFO,2024-03-05,15:01:00,2024-03-05,0.1,0.1,0.1,0.1,0,32240,1
FINNIFTY05MAR2418800PE.NFO,2024-03-05,15:02:00,2024-03-05,0.1,0.1,0.1,0.1,0,32240,1
FINNIFTY05MAR2418800PE.NFO,2024-03-05,15:03:00,2024-03-05,0.1,0.1,0.1,0.1,0,32240,1
FINNIFTY05MAR2418800PE.NFO,2024-03-05,15:04:00,2024-03-05,0.05,0.05,0.05,0.05,2520,32240,0
FINNIFTY05MAR2418800PE.NFO,2024-03-05,15:05:00,2024-03-05,0.05,0.05,0.05,0.05,0,32240,0
FINNIFTY05MAR2418800PE.NFO,2024-03-05,15:06:00,2024-03-05,0.05,0.05,0.05,0.05,0,32240,0
FINNIFTY05MAR2418800PE.NFO,2024-03-05,15:07:00,2024-03-05,0.05,0.05,0.05,0.05,0,32240,0
FINNIFTY05MAR2418800PE.NFO,2024-03-05,15:08:00,2024-03-05,0.05,0.05,0.05,0.05,0,32240,0
FINNIFTY05MAR2418800PE.NFO,2024-03-05,15:09:00,2024-03-05,0.05,0.05,0.05,0.05,0,32240,0
FINNIFTY05MAR2418800PE.NFO,2024-03-05,15:10:00,2024-03-05,0.05,0.05,0.05,0.05,0,32240,0
FINNIFTY05MAR2418800PE.NFO,2024-03-05,15:11:00,2024-03-05,0.05,0.05,0.05,0.05,0,32240,0
FINNIFTY05MAR2418800PE.NFO,2024-03-05,15:12:00,2024-03-05,0.05,0.05,0.05,0.05,0,32240,0
FINNIFTY05MAR2418800PE.NFO,2024-03-05,15:13:00,2024-03-05,0.05,0.05,0.05,0.05,0,32240,0
FINNIFTY05MAR2418800PE.NFO,2024-03-05,15:14:00,2024-03-05,0.05,0.05,0.05,0.05,0,32240,0
FINNIFTY05MAR2418800PE.NFO,2024-03-05,15:15:00,2024-03-05,0.05,0.05,0.05,0.05,0,32240,0
FINNIFTY05MAR2418800PE.NFO,2024-03-05,15:16:00,2024-03-05,0.05,0.05,0.05,0.05,0,32240,0
FINNIFTY05MAR2418800PE.NFO,2024-03-05,15:17:00,2024-03-05,0.05,0.05,0.05,0.05,0,32240,0
FINNIFTY05MAR2418800PE.NFO,2024-03-05,15:18:00,2024-03-05,0.05,0.05,0.05,0.05,0,32240,0
FINNIFTY05MAR2418800PE.NFO,2024-03-05,15:19:00,2024-03-05,0.05,0.05,0.05,0.05,0,32240,0
FINNIFTY05MAR2418800PE.NFO,2024-03-05,15:20:00,2024-03-05,0.05,0.05,0.05,0.05,0,32240,1
FINNIFTY05MAR2418800PE.NFO,2024-03-05,15:21:00,2024-03-05,0.05,0.05,0.05,0.05,0,32240,0
FINNIFTY05MAR2418800PE.NFO,2024-03-05,15:22:00,2024-03-05,0.05,0.05,0.05,0.05,0,32240,0
FINNIFTY05MAR2418800PE.NFO,2024-03-05,15:23:00,2024-03-05,0.05,0.05,0.05,0.05,0,32240,0
FINNIFTY05MAR2418800PE.NFO,2024-03-05,15:24:00,2024-03-05,0.05,0.05,0.05,0.05,0,32240,0
FINNIFTY05MAR2418800PE.NFO,2024-03-05,15:25:00,2024-03-05,0.05,0.05,0.05,0.05,0,32240,0
FINNIFTY05MAR2418800PE.NFO,2024-03-05,15:26:00,2024-03-05,0.05,0.05,0.05,0.05,0,32240,1
FINNIFTY05MAR2418800PE.NFO,2024-03-05,15:27:00,2024-03-05,0.05,0.05,0.05,0.05,1040,29720,0
FINNIFTY05MAR2418800PE.NFO,2024-03-05,15:28:00,2024-03-05,0.05,0.05,0.05,0.05,0,29720,0
FINNIFTY05MAR2418800PE.NFO,2024-03-05,15:29:00,2024-03-05,0.05,0.05,0.05,0.05,360,29720,0
FINNIFTY05MAR2418800PE.NFO,2024-03-05,15:30:00,2024-03-05,0.05,0.05,0.05,0.05,360,29720,1
