Ticker,Date,Time,Expiry Date,Open,High,Low,Close,Volume,Open Interest,Padding Flag
FINNIFTY21NOV2320600PE.NFO,2023-10-18,09:15:00,2023-11-21,132.65,132.65,132.65,132.65,0,0,0
FINNIFTY21NOV2320600PE.NFO,2023-10-18,09:16:00,2023-11-21,132.65,132.65,132.65,132.65,0,0,1
FINNIFTY21NOV2320600PE.NFO,2023-10-18,09:17:00,2023-11-21,132.65,132.65,132.65,132.65,0,0,1
FINNIFTY21NOV2320600PE.NFO,2023-10-18,09:18:00,2023-11-21,132.65,132.65,132.65,132.65,0,0,1
FINNIFTY21NOV2320600PE.NFO,2023-10-18,09:19:00,2023-11-21,132.65,132.65,132.65,132.65,0,0,1
FINNIFTY21NOV2320600PE.NFO,2023-10-18,09:20:00,2023-11-21,132.65,132.65,132.65,132.65,0,0,1
FINNIFTY21NOV2320600PE.NFO,2023-10-18,09:21:00,2023-11-21,132.65,132.65,132.65,132.65,0,0,1
FINNIFTY21NOV2320600PE.NFO,2023-10-18,09:22:00,2023-11-21,132.65,132.65,132.65,132.65,0,0,1
FINNIFTY21NOV2320600PE.NFO,2023-10-18,09:23:00,2023-11-21,132.65,132.65,132.65,132.65,0,0,1
FINNIFTY21NOV2320600PE.NFO,2023-10-18,09:24:00,2023-11-21,132.65,132.65,132.65,132.65,0,0,1
FINNIFTY21NOV2320600PE.NFO,2023-10-18,09:25:00,2023-11-21,132.65,132.65,132.65,132.65,0,0,1
FINNIFTY21NOV2320600PE.NFO,2023-10-18,09:26:00,2023-11-21,132.65,132.65,132.65,132.65,0,0,1
FINNIFTY21NOV2320600PE.NFO,2023-10-18,09:27:00,2023-11-21,132.65,132.65,132.65,132.65,0,0,1
FINNIFTY21NOV2320600PE.NFO,2023-10-18,09:28:00,2023-11-21,132.65,132.65,132.65,132.65,0,0,1
FINNIFTY21NOV2320600PE.NFO,2023-10-18,09:29:00,2023-11-21,132.65,132.65,132.65,132.65,0,0,1
FINNIFTY21NOV2320600PE.NFO,2023-10-18,09:30:00,2023-11-21,132.65,132.65,132.65,132.65,0,0,1
FINNIFTY21NOV2320600PE.NFO,2023-10-18,09:31:00,2023-11-21,132.65,132.65,132.65,132.65,0,0,1
FINNIFTY21NOV2320600PE.NFO,2023-10-18,09:32:00,2023-11-21,132.65,132.65,132.65,132.65,0,0,1
FINNIFTY21NOV2320600PE.NFO,2023-10-18,09:33:00,2023-11-21,132.65,132.65,132.65,132.65,0,0,1
FINNIFTY21NOV2320600PE.NFO,2023-10-18,09:34:00,2023-11-21,132.65,132.65,132.65,132.65,0,0,1
FINNIFTY21NOV2320600PE.NFO,2023-10-18,09:35:00,2023-11-21,132.65,132.65,132.65,132.65,0,0,1
FINNIFTY21NOV2320600PE.NFO,2023-10-18,09:36:00,2023-11-21,132.65,132.65,132.65,132.65,0,0,1
FINNIFTY21NOV2320600PE.NFO,2023-10-18,09:37:00,2023-11-21,132.65,132.65,132.65,132.65,0,0,1
FINNIFTY21NOV2320600PE.NFO,2023-10-18,09:38:00,2023-11-21,132.65,132.65,132.65,132.65,0,0,1
FINNIFTY21NOV2320600PE.NFO,2023-10-18,09:39:00,2023-11-21,132.65,132.65,132.65,132.65,0,0,1
FINNIFTY21NOV2320600PE.NFO,2023-10-18,09:40:00,2023-11-21,132.65,132.65,132.65,132.65,0,0,1
FINNIFTY21NOV2320600PE.NFO,2023-10-18,09:41:00,2023-11-21,132.65,132.65,132.65,132.65,0,0,1
FINNIFTY21NOV2320600PE.NFO,2023-10-18,09:42:00,2023-11-21,132.65,132.65,132.65,132.65,0,0,1
FINNIFTY21NOV2320600PE.NFO,2023-10-18,09:43:00,2023-11-21,132.65,132.65,132.65,132.65,0,0,1
FINNIFTY21NOV2320600PE.NFO,2023-10-18,09:44:00,2023-11-21,132.65,132.65,132.65,132.65,0,0,1
FINNIFTY21NOV2320600PE.NFO,2023-10-18,09:45:00,2023-11-21,132.65,132.65,132.65,132.65,0,0,1
FINNIFTY21NOV2320600PE.NFO,2023-10-18,09:46:00,2023-11-21,132.65,132.65,132.65,132.65,0,0,1
FINNIFTY21NOV2320600PE.NFO,2023-10-18,09:47:00,2023-11-21,132.65,132.65,132.65,132.65,0,0,1
FINNIFTY21NOV2320600PE.NFO,2023-10-18,09:48:00,2023-11-21,132.65,132.65,132.65,132.65,0,0,1
FINNIFTY21NOV2320600PE.NFO,2023-10-18,09:49:00,2023-11-21,132.65,132.65,132.65,132.65,0,0,1
FINNIFTY21NOV2320600PE.NFO,2023-10-18,09:50:00,2023-11-21,132.65,132.65,132.65,132.65,0,0,1
FINNIFTY21NOV2320600PE.NFO,2023-10-18,09:51:00,2023-11-21,132.65,132.65,132.65,132.65,0,0,1
FINNIFTY21NOV2320600PE.NFO,2023-10-18,09:52:00,2023-11-21,132.65,132.65,132.65,132.65,0,0,1
FINNIFTY21NOV2320600PE.NFO,2023-10-18,09:53:00,2023-11-21,132.65,132.65,132.65,132.65,0,0,1
FINNIFTY21NOV2320600PE.NFO,2023-10-18,09:54:00,2023-11-21,132.65,132.65,132.65,132.65,0,0,1
FINNIFTY21NOV2320600PE.NFO,2023-10-18,09:55:00,2023-11-21,132.65,132.65,132.65,132.65,0,0,1
FINNIFTY21NOV2320600PE.NFO,2023-10-18,09:56:00,2023-11-21,132.65,132.65,132.65,132.65,0,0,1
FINNIFTY21NOV2320600PE.NFO,2023-10-18,09:57:00,2023-11-21,132.65,132.65,132.65,132.65,0,0,1
FINNIFTY21NOV2320600PE.NFO,2023-10-18,09:58:00,2023-11-21,132.65,132.65,132.65,132.65,0,0,1
FINNIFTY21NOV2320600PE.NFO,2023-10-18,09:59:00,2023-11-21,132.65,132.65,132.65,132.65,0,0,1
FINNIFTY21NOV2320600PE.NFO,2023-10-18,10:00:00,2023-11-21,132.65,132.65,132.65,132.65,0,0,1
FINNIFTY21NOV2320600PE.NFO,2023-10-18,10:01:00,2023-11-21,132.65,132.65,132.65,132.65,0,0,1
FINNIFTY21NOV2320600PE.NFO,2023-10-18,10:02:00,2023-11-21,132.65,132.65,132.65,132.65,0,0,1
FINNIFTY21NOV2320600PE.NFO,2023-10-18,10:03:00,2023-11-21,132.65,132.65,132.65,132.65,0,0,1
FINNIFTY21NOV2320600PE.NFO,2023-10-18,10:04:00,2023-11-21,132.65,132.65,132.65,132.65,0,0,1
FINNIFTY21NOV2320600PE.NFO,2023-10-18,10:05:00,2023-11-21,132.65,132.65,132.65,132.65,0,0,1
FINNIFTY21NOV2320600PE.NFO,2023-10-18,10:06:00,2023-11-21,132.65,132.65,132.65,132.65,0,0,1
FINNIFTY21NOV2320600PE.NFO,2023-10-18,10:07:00,2023-11-21,132.65,132.65,132.65,132.65,0,0,1
FINNIFTY21NOV2320600PE.NFO,2023-10-18,10:08:00,2023-11-21,132.65,132.65,132.65,132.65,0,0,1
FINNIFTY21NOV2320600PE.NFO,2023-10-18,10:09:00,2023-11-21,132.65,132.65,132.65,132.65,0,0,1
FINNIFTY21NOV2320600PE.NFO,2023-10-18,10:10:00,2023-11-21,132.65,132.65,132.65,132.65,0,0,1
FINNIFTY21NOV2320600PE.NFO,2023-10-18,10:11:00,2023-11-21,132.65,132.65,132.65,132.65,0,0,1
FINNIFTY21NOV2320600PE.NFO,2023-10-18,10:12:00,2023-11-21,132.65,132.65,132.65,132.65,0,0,1
FINNIFTY21NOV2320600PE.NFO,2023-10-18,10:13:00,2023-11-21,132.65,132.65,132.65,132.65,0,0,1
FINNIFTY21NOV2320600PE.NFO,2023-10-18,10:14:00,2023-11-21,132.65,132.65,132.65,132.65,0,0,1
FINNIFTY21NOV2320600PE.NFO,2023-10-18,10:15:00,2023-11-21,132.65,132.65,132.65,132.65,0,0,1
FINNIFTY21NOV2320600PE.NFO,2023-10-18,10:16:00,2023-11-21,132.65,132.65,132.65,132.65,0,0,1
FINNIFTY21NOV2320600PE.NFO,2023-10-18,10:17:00,2023-11-21,132.65,132.65,132.65,132.65,0,0,1
FINNIFTY21NOV2320600PE.NFO,2023-10-18,10:18:00,2023-11-21,132.65,132.65,132.65,132.65,0,0,1
FINNIFTY21NOV2320600PE.NFO,2023-10-18,10:19:00,2023-11-21,132.65,132.65,132.65,132.65,0,0,1
FINNIFTY21NOV2320600PE.NFO,2023-10-18,10:20:00,2023-11-21,132.65,132.65,132.65,132.65,0,0,1
FINNIFTY21NOV2320600PE.NFO,2023-10-18,10:21:00,2023-11-21,132.65,132.65,132.65,132.65,0,0,1
FINNIFTY21NOV2320600PE.NFO,2023-10-18,10:22:00,2023-11-21,132.65,132.65,132.65,132.65,0,0,1
FINNIFTY21NOV2320600PE.NFO,2023-10-18,10:23:00,2023-11-21,132.65,132.65,132.65,132.65,0,0,1
FINNIFTY21NOV2320600PE.NFO,2023-10-18,10:24:00,2023-11-21,132.65,132.65,132.65,132.65,0,0,1
FINNIFTY21NOV2320600PE.NFO,2023-10-18,10:25:00,2023-11-21,132.65,132.65,132.65,132.65,0,0,1
FINNIFTY21NOV2320600PE.NFO,2023-10-18,10:26:00,2023-11-21,132.65,132.65,132.65,132.65,0,0,1
FINNIFTY21NOV2320600PE.NFO,2023-10-18,10:27:00,2023-11-21,132.65,132.65,132.65,132.65,0,0,1
FINNIFTY21NOV2320600PE.NFO,2023-10-18,10:28:00,2023-11-21,132.65,132.65,132.65,132.65,0,0,1
FINNIFTY21NOV2320600PE.NFO,2023-10-18,10:29:00,2023-11-21,132.65,132.65,132.65,132.65,0,0,1
FINNIFTY21NOV2320600PE.NFO,2023-10-18,10:30:00,2023-11-21,132.65,132.65,132.65,132.65,0,0,1
FINNIFTY21NOV2320600PE.NFO,2023-10-18,10:31:00,2023-11-21,132.65,132.65,132.65,132.65,0,0,1
FINNIFTY21NOV2320600PE.NFO,2023-10-18,10:32:00,2023-11-21,132.65,132.65,132.65,132.65,0,0,1
FINNIFTY21NOV2320600PE.NFO,2023-10-18,10:33:00,2023-11-21,132.65,132.65,132.65,132.65,0,0,1
FINNIFTY21NOV2320600PE.NFO,2023-10-18,10:34:00,2023-11-21,132.65,132.65,132.65,132.65,0,0,1
FINNIFTY21NOV2320600PE.NFO,2023-10-18,10:35:00,2023-11-21,132.65,132.65,132.65,132.65,0,0,1
FINNIFTY21NOV2320600PE.NFO,2023-10-18,10:36:00,2023-11-21,132.65,132.65,132.65,132.65,0,0,1
FINNIFTY21NOV2320600PE.NFO,2023-10-18,10:37:00,2023-11-21,132.65,132.65,132.65,132.65,0,0,1
FINNIFTY21NOV2320600PE.NFO,2023-10-18,10:38:00,2023-11-21,132.65,132.65,132.65,132.65,0,0,1
FINNIFTY21NOV2320600PE.NFO,2023-10-18,10:39:00,2023-11-21,132.65,132.65,132.65,132.65,0,0,1
FINNIFTY21NOV2320600PE.NFO,2023-10-18,10:40:00,2023-11-21,132.65,132.65,132.65,132.65,0,0,1
FINNIFTY21NOV2320600PE.NFO,2023-10-18,10:41:00,2023-11-21,132.65,132.65,132.65,132.65,0,0,1
FINNIFTY21NOV2320600PE.NFO,2023-10-18,10:42:00,2023-11-21,132.65,132.65,132.65,132.65,0,0,1
FINNIFTY21NOV2320600PE.NFO,2023-10-18,10:43:00,2023-11-21,132.65,132.65,132.65,132.65,0,0,1
FINNIFTY21NOV2320600PE.NFO,2023-10-18,10:44:00,2023-11-21,132.65,132.65,132.65,132.65,0,0,1
FINNIFTY21NOV2320600PE.NFO,2023-10-18,10:45:00,2023-11-21,132.65,132.65,132.65,132.65,0,0,1
FINNIFTY21NOV2320600PE.NFO,2023-10-18,10:46:00,2023-11-21,132.65,132.65,132.65,132.65,0,0,1
FINNIFTY21NOV2320600PE.NFO,2023-10-18,10:47:00,2023-11-21,132.65,132.65,132.65,132.65,0,0,1
FINNIFTY21NOV2320600PE.NFO,2023-10-18,10:48:00,2023-11-21,132.65,132.65,132.65,132.65,0,0,1
FINNIFTY21NOV2320600PE.NFO,2023-10-18,10:49:00,2023-11-21,132.65,132.65,132.65,132.65,0,0,1
FINNIFTY21NOV2320600PE.NFO,2023-10-18,10:50:00,2023-11-21,132.65,132.65,132.65,132.65,0,0,1
FINNIFTY21NOV2320600PE.NFO,2023-10-18,10:51:00,2023-11-21,132.65,132.65,132.65,132.65,0,0,1
FINNIFTY21NOV2320600PE.NFO,2023-10-18,10:52:00,2023-11-21,132.65,132.65,132.65,132.65,0,0,1
FINNIFTY21NOV2320600PE.NFO,2023-10-18,10:53:00,2023-11-21,132.65,132.65,132.65,132.65,0,0,1
FINNIFTY21NOV2320600PE.NFO,2023-10-18,10:54:00,2023-11-21,132.65,132.65,132.65,132.65,0,0,1
FINNIFTY21NOV2320600PE.NFO,2023-10-18,10:55:00,2023-11-21,132.65,132.65,132.65,132.65,0,0,1
FINNIFTY21NOV2320600PE.NFO,2023-10-18,10:56:00,2023-11-21,132.65,132.65,132.65,132.65,0,0,1
FINNIFTY21NOV2320600PE.NFO,2023-10-18,10:57:00,2023-11-21,132.65,132.65,132.65,132.65,0,0,1
FINNIFTY21NOV2320600PE.NFO,2023-10-18,10:58:00,2023-11-21,132.65,132.65,132.65,132.65,0,0,1
FINNIFTY21NOV2320600PE.NFO,2023-10-18,10:59:00,2023-11-21,132.65,132.65,132.65,132.65,0,0,1
FINNIFTY21NOV2320600PE.NFO,2023-10-18,11:00:00,2023-11-21,132.65,132.65,132.65,132.65,0,0,1
FINNIFTY21NOV2320600PE.NFO,2023-10-18,11:01:00,2023-11-21,132.65,132.65,132.65,132.65,0,0,1
FINNIFTY21NOV2320600PE.NFO,2023-10-18,11:02:00,2023-11-21,132.65,132.65,132.65,132.65,0,0,1
FINNIFTY21NOV2320600PE.NFO,2023-10-18,11:03:00,2023-11-21,132.65,132.65,132.65,132.65,0,0,1
FINNIFTY21NOV2320600PE.NFO,2023-10-18,11:04:00,2023-11-21,132.65,132.65,132.65,132.65,0,0,1
FINNIFTY21NOV2320600PE.NFO,2023-10-18,11:05:00,2023-11-21,132.65,132.65,132.65,132.65,0,0,1
FINNIFTY21NOV2320600PE.NFO,2023-10-18,11:06:00,2023-11-21,132.65,132.65,132.65,132.65,0,0,1
FINNIFTY21NOV2320600PE.NFO,2023-10-18,11:07:00,2023-11-21,132.65,132.65,132.65,132.65,0,0,1
FINNIFTY21NOV2320600PE.NFO,2023-10-18,11:08:00,2023-11-21,132.65,132.65,132.65,132.65,0,0,1
FINNIFTY21NOV2320600PE.NFO,2023-10-18,11:09:00,2023-11-21,132.65,132.65,132.65,132.65,0,0,1
FINNIFTY21NOV2320600PE.NFO,2023-10-18,11:10:00,2023-11-21,132.65,132.65,132.65,132.65,0,0,1
FINNIFTY21NOV2320600PE.NFO,2023-10-18,11:11:00,2023-11-21,132.65,132.65,132.65,132.65,0,0,1
FINNIFTY21NOV2320600PE.NFO,2023-10-18,11:12:00,2023-11-21,132.65,132.65,132.65,132.65,0,0,1
FINNIFTY21NOV2320600PE.NFO,2023-10-18,11:13:00,2023-11-21,132.65,132.65,132.65,132.65,0,0,1
FINNIFTY21NOV2320600PE.NFO,2023-10-18,11:14:00,2023-11-21,132.65,132.65,132.65,132.65,0,0,1
FINNIFTY21NOV2320600PE.NFO,2023-10-18,11:15:00,2023-11-21,132.65,132.65,132.65,132.65,0,0,1
FINNIFTY21NOV2320600PE.NFO,2023-10-18,11:16:00,2023-11-21,132.65,132.65,132.65,132.65,0,0,1
FINNIFTY21NOV2320600PE.NFO,2023-10-18,11:17:00,2023-11-21,132.65,132.65,132.65,132.65,0,0,1
FINNIFTY21NOV2320600PE.NFO,2023-10-18,11:18:00,2023-11-21,132.65,132.65,132.65,132.65,0,0,1
FINNIFTY21NOV2320600PE.NFO,2023-10-18,11:19:00,2023-11-21,132.65,132.65,132.65,132.65,0,0,1
FINNIFTY21NOV2320600PE.NFO,2023-10-18,11:20:00,2023-11-21,132.65,132.65,132.65,132.65,0,0,1
FINNIFTY21NOV2320600PE.NFO,2023-10-18,11:21:00,2023-11-21,132.65,132.65,132.65,132.65,0,0,1
FINNIFTY21NOV2320600PE.NFO,2023-10-18,11:22:00,2023-11-21,132.65,132.65,132.65,132.65,0,0,1
FINNIFTY21NOV2320600PE.NFO,2023-10-18,11:23:00,2023-11-21,132.65,132.65,132.65,132.65,0,0,1
FINNIFTY21NOV2320600PE.NFO,2023-10-18,11:24:00,2023-11-21,132.65,132.65,132.65,132.65,0,0,1
FINNIFTY21NOV2320600PE.NFO,2023-10-18,11:25:00,2023-11-21,132.65,132.65,132.65,132.65,0,0,1
FINNIFTY21NOV2320600PE.NFO,2023-10-18,11:26:00,2023-11-21,132.65,132.65,132.65,132.65,0,0,1
FINNIFTY21NOV2320600PE.NFO,2023-10-18,11:27:00,2023-11-21,132.65,132.65,132.65,132.65,0,0,1
FINNIFTY21NOV2320600PE.NFO,2023-10-18,11:28:00,2023-11-21,132.65,132.65,132.65,132.65,0,0,1
FINNIFTY21NOV2320600PE.NFO,2023-10-18,11:29:00,2023-11-21,132.65,132.65,132.65,132.65,0,0,1
FINNIFTY21NOV2320600PE.NFO,2023-10-18,11:30:00,2023-11-21,132.65,132.65,132.65,132.65,0,0,1
FINNIFTY21NOV2320600PE.NFO,2023-10-18,11:31:00,2023-11-21,132.65,132.65,132.65,132.65,0,0,1
FINNIFTY21NOV2320600PE.NFO,2023-10-18,11:32:00,2023-11-21,132.65,132.65,132.65,132.65,0,0,1
FINNIFTY21NOV2320600PE.NFO,2023-10-18,11:33:00,2023-11-21,132.65,132.65,132.65,132.65,0,0,1
FINNIFTY21NOV2320600PE.NFO,2023-10-18,11:34:00,2023-11-21,132.65,132.65,132.65,132.65,0,0,1
FINNIFTY21NOV2320600PE.NFO,2023-10-18,11:35:00,2023-11-21,132.65,132.65,132.65,132.65,0,0,1
FINNIFTY21NOV2320600PE.NFO,2023-10-18,11:36:00,2023-11-21,132.65,132.65,132.65,132.65,0,0,1
FINNIFTY21NOV2320600PE.NFO,2023-10-18,11:37:00,2023-11-21,132.65,132.65,132.65,132.65,0,0,1
FINNIFTY21NOV2320600PE.NFO,2023-10-18,11:38:00,2023-11-21,132.65,132.65,132.65,132.65,0,0,1
FINNIFTY21NOV2320600PE.NFO,2023-10-18,11:39:00,2023-11-21,132.65,132.65,132.65,132.65,0,0,1
FINNIFTY21NOV2320600PE.NFO,2023-10-18,11:40:00,2023-11-21,132.65,132.65,132.65,132.65,0,0,1
FINNIFTY21NOV2320600PE.NFO,2023-10-18,11:41:00,2023-11-21,132.65,132.65,132.65,132.65,0,0,1
FINNIFTY21NOV2320600PE.NFO,2023-10-18,11:42:00,2023-11-21,132.65,132.65,132.65,132.65,0,0,1
FINNIFTY21NOV2320600PE.NFO,2023-10-18,11:43:00,2023-11-21,132.65,132.65,132.65,132.65,0,0,1
FINNIFTY21NOV2320600PE.NFO,2023-10-18,11:44:00,2023-11-21,132.65,132.65,132.65,132.65,0,0,1
FINNIFTY21NOV2320600PE.NFO,2023-10-18,11:45:00,2023-11-21,132.65,132.65,132.65,132.65,0,0,1
FINNIFTY21NOV2320600PE.NFO,2023-10-18,11:46:00,2023-11-21,132.65,132.65,132.65,132.65,0,0,1
FINNIFTY21NOV2320600PE.NFO,2023-10-18,11:47:00,2023-11-21,132.65,132.65,132.65,132.65,0,0,1
FINNIFTY21NOV2320600PE.NFO,2023-10-18,11:48:00,2023-11-21,132.65,132.65,132.65,132.65,0,0,1
FINNIFTY21NOV2320600PE.NFO,2023-10-18,11:49:00,2023-11-21,132.65,132.65,132.65,132.65,0,0,1
FINNIFTY21NOV2320600PE.NFO,2023-10-18,11:50:00,2023-11-21,132.65,132.65,132.65,132.65,0,0,1
FINNIFTY21NOV2320600PE.NFO,2023-10-18,11:51:00,2023-11-21,132.65,132.65,132.65,132.65,0,0,1
FINNIFTY21NOV2320600PE.NFO,2023-10-18,11:52:00,2023-11-21,132.65,132.65,132.65,132.65,0,0,1
FINNIFTY21NOV2320600PE.NFO,2023-10-18,11:53:00,2023-11-21,132.65,132.65,132.65,132.65,0,0,1
FINNIFTY21NOV2320600PE.NFO,2023-10-18,11:54:00,2023-11-21,132.65,132.65,132.65,132.65,0,0,1
FINNIFTY21NOV2320600PE.NFO,2023-10-18,11:55:00,2023-11-21,132.65,132.65,132.65,132.65,0,0,1
FINNIFTY21NOV2320600PE.NFO,2023-10-18,11:56:00,2023-11-21,132.65,132.65,132.65,132.65,0,0,1
FINNIFTY21NOV2320600PE.NFO,2023-10-18,11:57:00,2023-11-21,132.65,132.65,132.65,132.65,0,0,1
FINNIFTY21NOV2320600PE.NFO,2023-10-18,11:58:00,2023-11-21,132.65,132.65,132.65,132.65,0,0,1
FINNIFTY21NOV2320600PE.NFO,2023-10-18,11:59:00,2023-11-21,132.65,132.65,132.65,132.65,0,0,1
FINNIFTY21NOV2320600PE.NFO,2023-10-18,12:00:00,2023-11-21,132.65,132.65,132.65,132.65,0,0,1
FINNIFTY21NOV2320600PE.NFO,2023-10-18,12:01:00,2023-11-21,132.65,132.65,132.65,132.65,0,0,1
FINNIFTY21NOV2320600PE.NFO,2023-10-18,12:02:00,2023-11-21,132.65,132.65,132.65,132.65,0,0,1
FINNIFTY21NOV2320600PE.NFO,2023-10-18,12:03:00,2023-11-21,132.65,132.65,132.65,132.65,0,0,1
FINNIFTY21NOV2320600PE.NFO,2023-10-18,12:04:00,2023-11-21,132.65,132.65,132.65,132.65,0,0,1
FINNIFTY21NOV2320600PE.NFO,2023-10-18,12:05:00,2023-11-21,132.65,132.65,132.65,132.65,0,0,1
FINNIFTY21NOV2320600PE.NFO,2023-10-18,12:06:00,2023-11-21,132.65,132.65,132.65,132.65,0,0,1
FINNIFTY21NOV2320600PE.NFO,2023-10-18,12:07:00,2023-11-21,132.65,132.65,132.65,132.65,0,0,1
FINNIFTY21NOV2320600PE.NFO,2023-10-18,12:08:00,2023-11-21,132.65,132.65,132.65,132.65,0,0,1
FINNIFTY21NOV2320600PE.NFO,2023-10-18,12:09:00,2023-11-21,132.65,132.65,132.65,132.65,0,0,1
FINNIFTY21NOV2320600PE.NFO,2023-10-18,12:10:00,2023-11-21,132.65,132.65,132.65,132.65,0,0,1
FINNIFTY21NOV2320600PE.NFO,2023-10-18,12:11:00,2023-11-21,132.65,132.65,132.65,132.65,0,0,1
FINNIFTY21NOV2320600PE.NFO,2023-10-18,12:12:00,2023-11-21,132.65,132.65,132.65,132.65,0,0,1
FINNIFTY21NOV2320600PE.NFO,2023-10-18,12:13:00,2023-11-21,132.65,132.65,132.65,132.65,0,0,1
FINNIFTY21NOV2320600PE.NFO,2023-10-18,12:14:00,2023-11-21,132.65,132.65,132.65,132.65,0,0,1
FINNIFTY21NOV2320600PE.NFO,2023-10-18,12:15:00,2023-11-21,132.65,132.65,132.65,132.65,0,0,1
FINNIFTY21NOV2320600PE.NFO,2023-10-18,12:16:00,2023-11-21,132.65,132.65,132.65,132.65,0,0,1
FINNIFTY21NOV2320600PE.NFO,2023-10-18,12:17:00,2023-11-21,132.65,132.65,132.65,132.65,0,0,1
FINNIFTY21NOV2320600PE.NFO,2023-10-18,12:18:00,2023-11-21,132.65,132.65,132.65,132.65,0,0,1
FINNIFTY21NOV2320600PE.NFO,2023-10-18,12:19:00,2023-11-21,132.65,132.65,132.65,132.65,0,0,1
FINNIFTY21NOV2320600PE.NFO,2023-10-18,12:20:00,2023-11-21,132.65,132.65,132.65,132.65,0,0,1
FINNIFTY21NOV2320600PE.NFO,2023-10-18,12:21:00,2023-11-21,132.65,132.65,132.65,132.65,0,0,1
FINNIFTY21NOV2320600PE.NFO,2023-10-18,12:22:00,2023-11-21,132.65,132.65,132.65,132.65,0,0,1
FINNIFTY21NOV2320600PE.NFO,2023-10-18,12:23:00,2023-11-21,132.65,132.65,132.65,132.65,0,0,1
FINNIFTY21NOV2320600PE.NFO,2023-10-18,12:24:00,2023-11-21,132.65,132.65,132.65,132.65,0,0,1
FINNIFTY21NOV2320600PE.NFO,2023-10-18,12:25:00,2023-11-21,132.65,132.65,132.65,132.65,0,0,1
FINNIFTY21NOV2320600PE.NFO,2023-10-18,12:26:00,2023-11-21,132.65,132.65,132.65,132.65,0,0,1
FINNIFTY21NOV2320600PE.NFO,2023-10-18,12:27:00,2023-11-21,132.65,132.65,132.65,132.65,0,0,1
FINNIFTY21NOV2320600PE.NFO,2023-10-18,12:28:00,2023-11-21,132.65,132.65,132.65,132.65,0,0,1
FINNIFTY21NOV2320600PE.NFO,2023-10-18,12:29:00,2023-11-21,132.65,132.65,132.65,132.65,0,0,1
FINNIFTY21NOV2320600PE.NFO,2023-10-18,12:30:00,2023-11-21,132.65,132.65,132.65,132.65,0,0,1
FINNIFTY21NOV2320600PE.NFO,2023-10-18,12:31:00,2023-11-21,132.65,132.65,132.65,132.65,0,0,1
FINNIFTY21NOV2320600PE.NFO,2023-10-18,12:32:00,2023-11-21,132.65,132.65,132.65,132.65,0,0,1
FINNIFTY21NOV2320600PE.NFO,2023-10-18,12:33:00,2023-11-21,132.65,132.65,132.65,132.65,0,0,1
FINNIFTY21NOV2320600PE.NFO,2023-10-18,12:34:00,2023-11-21,132.65,132.65,132.65,132.65,0,0,1
FINNIFTY21NOV2320600PE.NFO,2023-10-18,12:35:00,2023-11-21,132.65,132.65,132.65,132.65,0,0,1
FINNIFTY21NOV2320600PE.NFO,2023-10-18,12:36:00,2023-11-21,132.65,132.65,132.65,132.65,0,0,1
FINNIFTY21NOV2320600PE.NFO,2023-10-18,12:37:00,2023-11-21,132.65,132.65,132.65,132.65,0,0,1
FINNIFTY21NOV2320600PE.NFO,2023-10-18,12:38:00,2023-11-21,132.65,132.65,132.65,132.65,0,0,1
FINNIFTY21NOV2320600PE.NFO,2023-10-18,12:39:00,2023-11-21,132.65,132.65,132.65,132.65,0,0,1
FINNIFTY21NOV2320600PE.NFO,2023-10-18,12:40:00,2023-11-21,132.65,132.65,132.65,132.65,0,0,1
FINNIFTY21NOV2320600PE.NFO,2023-10-18,12:41:00,2023-11-21,132.65,132.65,132.65,132.65,0,0,1
FINNIFTY21NOV2320600PE.NFO,2023-10-18,12:42:00,2023-11-21,132.65,132.65,132.65,132.65,0,0,1
FINNIFTY21NOV2320600PE.NFO,2023-10-18,12:43:00,2023-11-21,132.65,132.65,132.65,132.65,0,0,1
FINNIFTY21NOV2320600PE.NFO,2023-10-18,12:44:00,2023-11-21,132.65,132.65,132.65,132.65,0,0,1
FINNIFTY21NOV2320600PE.NFO,2023-10-18,12:45:00,2023-11-21,132.65,132.65,132.65,132.65,0,0,1
FINNIFTY21NOV2320600PE.NFO,2023-10-18,12:46:00,2023-11-21,132.65,132.65,132.65,132.65,0,0,1
FINNIFTY21NOV2320600PE.NFO,2023-10-18,12:47:00,2023-11-21,132.65,132.65,132.65,132.65,0,0,1
FINNIFTY21NOV2320600PE.NFO,2023-10-18,12:48:00,2023-11-21,132.65,132.65,132.65,132.65,0,0,1
FINNIFTY21NOV2320600PE.NFO,2023-10-18,12:49:00,2023-11-21,132.65,132.65,132.65,132.65,0,0,1
FINNIFTY21NOV2320600PE.NFO,2023-10-18,12:50:00,2023-11-21,132.65,132.65,132.65,132.65,0,0,1
FINNIFTY21NOV2320600PE.NFO,2023-10-18,12:51:00,2023-11-21,132.65,132.65,132.65,132.65,0,0,1
FINNIFTY21NOV2320600PE.NFO,2023-10-18,12:52:00,2023-11-21,132.65,132.65,132.65,132.65,0,0,1
FINNIFTY21NOV2320600PE.NFO,2023-10-18,12:53:00,2023-11-21,132.65,132.65,132.65,132.65,0,0,1
FINNIFTY21NOV2320600PE.NFO,2023-10-18,12:54:00,2023-11-21,132.65,132.65,132.65,132.65,0,0,1
FINNIFTY21NOV2320600PE.NFO,2023-10-18,12:55:00,2023-11-21,132.65,132.65,132.65,132.65,0,0,1
FINNIFTY21NOV2320600PE.NFO,2023-10-18,12:56:00,2023-11-21,132.65,132.65,132.65,132.65,0,0,1
FINNIFTY21NOV2320600PE.NFO,2023-10-18,12:57:00,2023-11-21,132.65,132.65,132.65,132.65,0,0,1
FINNIFTY21NOV2320600PE.NFO,2023-10-18,12:58:00,2023-11-21,132.65,132.65,132.65,132.65,0,0,1
FINNIFTY21NOV2320600PE.NFO,2023-10-18,12:59:00,2023-11-21,132.65,132.65,132.65,132.65,0,0,1
FINNIFTY21NOV2320600PE.NFO,2023-10-18,13:00:00,2023-11-21,132.65,132.65,132.65,132.65,0,0,1
FINNIFTY21NOV2320600PE.NFO,2023-10-18,13:01:00,2023-11-21,132.65,132.65,132.65,132.65,0,0,1
FINNIFTY21NOV2320600PE.NFO,2023-10-18,13:02:00,2023-11-21,132.65,132.65,132.65,132.65,0,0,1
FINNIFTY21NOV2320600PE.NFO,2023-10-18,13:03:00,2023-11-21,132.65,132.65,132.65,132.65,0,0,1
FINNIFTY21NOV2320600PE.NFO,2023-10-18,13:04:00,2023-11-21,132.65,132.65,132.65,132.65,0,0,1
FINNIFTY21NOV2320600PE.NFO,2023-10-18,13:05:00,2023-11-21,132.65,132.65,132.65,132.65,0,0,1
FINNIFTY21NOV2320600PE.NFO,2023-10-18,13:06:00,2023-11-21,132.65,132.65,132.65,132.65,0,0,1
FINNIFTY21NOV2320600PE.NFO,2023-10-18,13:07:00,2023-11-21,132.65,132.65,132.65,132.65,0,0,1
FINNIFTY21NOV2320600PE.NFO,2023-10-18,13:08:00,2023-11-21,132.65,132.65,132.65,132.65,0,0,1
FINNIFTY21NOV2320600PE.NFO,2023-10-18,13:09:00,2023-11-21,132.65,132.65,132.65,132.65,0,0,1
FINNIFTY21NOV2320600PE.NFO,2023-10-18,13:10:00,2023-11-21,132.65,132.65,132.65,132.65,0,0,1
FINNIFTY21NOV2320600PE.NFO,2023-10-18,13:11:00,2023-11-21,132.65,132.65,132.65,132.65,0,0,1
FINNIFTY21NOV2320600PE.NFO,2023-10-18,13:12:00,2023-11-21,132.65,132.65,132.65,132.65,0,0,1
FINNIFTY21NOV2320600PE.NFO,2023-10-18,13:13:00,2023-11-21,132.65,132.65,132.65,132.65,0,0,1
FINNIFTY21NOV2320600PE.NFO,2023-10-18,13:14:00,2023-11-21,132.65,132.65,132.65,132.65,0,0,1
FINNIFTY21NOV2320600PE.NFO,2023-10-18,13:15:00,2023-11-21,132.65,132.65,132.65,132.65,0,0,1
FINNIFTY21NOV2320600PE.NFO,2023-10-18,13:16:00,2023-11-21,132.65,132.65,132.65,132.65,0,0,1
FINNIFTY21NOV2320600PE.NFO,2023-10-18,13:17:00,2023-11-21,132.65,132.65,132.65,132.65,0,0,1
FINNIFTY21NOV2320600PE.NFO,2023-10-18,13:18:00,2023-11-21,132.65,132.65,132.65,132.65,0,0,1
FINNIFTY21NOV2320600PE.NFO,2023-10-18,13:19:00,2023-11-21,132.65,132.65,132.65,132.65,0,0,1
FINNIFTY21NOV2320600PE.NFO,2023-10-18,13:20:00,2023-11-21,132.65,132.65,132.65,132.65,0,0,1
FINNIFTY21NOV2320600PE.NFO,2023-10-18,13:21:00,2023-11-21,132.65,132.65,132.65,132.65,0,0,1
FINNIFTY21NOV2320600PE.NFO,2023-10-18,13:22:00,2023-11-21,132.65,132.65,132.65,132.65,0,0,1
FINNIFTY21NOV2320600PE.NFO,2023-10-18,13:23:00,2023-11-21,132.65,132.65,132.65,132.65,0,0,1
FINNIFTY21NOV2320600PE.NFO,2023-10-18,13:24:00,2023-11-21,132.65,132.65,132.65,132.65,0,0,1
FINNIFTY21NOV2320600PE.NFO,2023-10-18,13:25:00,2023-11-21,132.65,132.65,132.65,132.65,0,0,1
FINNIFTY21NOV2320600PE.NFO,2023-10-18,13:26:00,2023-11-21,132.65,132.65,132.65,132.65,0,0,1
FINNIFTY21NOV2320600PE.NFO,2023-10-18,13:27:00,2023-11-21,132.65,132.65,132.65,132.65,0,0,1
FINNIFTY21NOV2320600PE.NFO,2023-10-18,13:28:00,2023-11-21,132.65,132.65,132.65,132.65,0,0,1
FINNIFTY21NOV2320600PE.NFO,2023-10-18,13:29:00,2023-11-21,132.65,132.65,132.65,132.65,0,0,1
FINNIFTY21NOV2320600PE.NFO,2023-10-18,13:30:00,2023-11-21,132.65,132.65,132.65,132.65,0,0,1
FINNIFTY21NOV2320600PE.NFO,2023-10-18,13:31:00,2023-11-21,132.65,132.65,132.65,132.65,0,0,1
FINNIFTY21NOV2320600PE.NFO,2023-10-18,13:32:00,2023-11-21,132.65,132.65,132.65,132.65,0,0,1
FINNIFTY21NOV2320600PE.NFO,2023-10-18,13:33:00,2023-11-21,132.65,132.65,132.65,132.65,0,0,1
FINNIFTY21NOV2320600PE.NFO,2023-10-18,13:34:00,2023-11-21,132.65,132.65,132.65,132.65,0,0,1
FINNIFTY21NOV2320600PE.NFO,2023-10-18,13:35:00,2023-11-21,132.65,132.65,132.65,132.65,0,0,1
FINNIFTY21NOV2320600PE.NFO,2023-10-18,13:36:00,2023-11-21,132.65,132.65,132.65,132.65,0,0,1
FINNIFTY21NOV2320600PE.NFO,2023-10-18,13:37:00,2023-11-21,132.65,132.65,132.65,132.65,0,0,1
FINNIFTY21NOV2320600PE.NFO,2023-10-18,13:38:00,2023-11-21,132.65,132.65,132.65,132.65,0,0,1
FINNIFTY21NOV2320600PE.NFO,2023-10-18,13:39:00,2023-11-21,132.65,132.65,132.65,132.65,0,0,1
FINNIFTY21NOV2320600PE.NFO,2023-10-18,13:40:00,2023-11-21,132.65,132.65,132.65,132.65,0,0,1
FINNIFTY21NOV2320600PE.NFO,2023-10-18,13:41:00,2023-11-21,132.65,132.65,132.65,132.65,0,0,1
FINNIFTY21NOV2320600PE.NFO,2023-10-18,13:42:00,2023-11-21,132.65,132.65,132.65,132.65,0,0,1
FINNIFTY21NOV2320600PE.NFO,2023-10-18,13:43:00,2023-11-21,132.65,132.65,132.65,132.65,0,0,1
FINNIFTY21NOV2320600PE.NFO,2023-10-18,13:44:00,2023-11-21,132.65,132.65,132.65,132.65,0,0,1
FINNIFTY21NOV2320600PE.NFO,2023-10-18,13:45:00,2023-11-21,132.65,132.65,132.65,132.65,0,0,1
FINNIFTY21NOV2320600PE.NFO,2023-10-18,13:46:00,2023-11-21,132.65,132.65,132.65,132.65,0,0,1
FINNIFTY21NOV2320600PE.NFO,2023-10-18,13:47:00,2023-11-21,132.65,132.65,132.65,132.65,0,0,1
FINNIFTY21NOV2320600PE.NFO,2023-10-18,13:48:00,2023-11-21,132.65,132.65,132.65,132.65,0,0,1
FINNIFTY21NOV2320600PE.NFO,2023-10-18,13:49:00,2023-11-21,132.65,132.65,132.65,132.65,0,0,1
FINNIFTY21NOV2320600PE.NFO,2023-10-18,13:50:00,2023-11-21,132.65,132.65,132.65,132.65,0,0,1
FINNIFTY21NOV2320600PE.NFO,2023-10-18,13:51:00,2023-11-21,132.65,132.65,132.65,132.65,0,0,1
FINNIFTY21NOV2320600PE.NFO,2023-10-18,13:52:00,2023-11-21,132.65,132.65,132.65,132.65,0,0,1
FINNIFTY21NOV2320600PE.NFO,2023-10-18,13:53:00,2023-11-21,132.65,132.65,132.65,132.65,0,0,1
FINNIFTY21NOV2320600PE.NFO,2023-10-18,13:54:00,2023-11-21,132.65,132.65,132.65,132.65,0,0,1
FINNIFTY21NOV2320600PE.NFO,2023-10-18,13:55:00,2023-11-21,132.65,132.65,132.65,132.65,0,0,1
FINNIFTY21NOV2320600PE.NFO,2023-10-18,13:56:00,2023-11-21,132.65,132.65,132.65,132.65,0,0,1
FINNIFTY21NOV2320600PE.NFO,2023-10-18,13:57:00,2023-11-21,132.65,132.65,132.65,132.65,0,0,1
FINNIFTY21NOV2320600PE.NFO,2023-10-18,13:58:00,2023-11-21,132.65,132.65,132.65,132.65,0,0,1
FINNIFTY21NOV2320600PE.NFO,2023-10-18,13:59:00,2023-11-21,132.65,132.65,132.65,132.65,0,0,1
FINNIFTY21NOV2320600PE.NFO,2023-10-18,14:00:00,2023-11-21,132.65,132.65,132.65,132.65,0,0,1
FINNIFTY21NOV2320600PE.NFO,2023-10-18,14:01:00,2023-11-21,132.65,132.65,132.65,132.65,0,0,1
FINNIFTY21NOV2320600PE.NFO,2023-10-18,14:02:00,2023-11-21,132.65,132.65,132.65,132.65,0,0,1
FINNIFTY21NOV2320600PE.NFO,2023-10-18,14:03:00,2023-11-21,132.65,132.65,132.65,132.65,0,0,1
FINNIFTY21NOV2320600PE.NFO,2023-10-18,14:04:00,2023-11-21,132.65,132.65,132.65,132.65,0,0,1
FINNIFTY21NOV2320600PE.NFO,2023-10-18,14:05:00,2023-11-21,132.65,132.65,132.65,132.65,0,0,1
FINNIFTY21NOV2320600PE.NFO,2023-10-18,14:06:00,2023-11-21,132.65,132.65,132.65,132.65,0,0,1
FINNIFTY21NOV2320600PE.NFO,2023-10-18,14:07:00,2023-11-21,132.65,132.65,132.65,132.65,0,0,1
FINNIFTY21NOV2320600PE.NFO,2023-10-18,14:08:00,2023-11-21,132.65,132.65,132.65,132.65,0,0,1
FINNIFTY21NOV2320600PE.NFO,2023-10-18,14:09:00,2023-11-21,132.65,132.65,132.65,132.65,0,0,1
FINNIFTY21NOV2320600PE.NFO,2023-10-18,14:10:00,2023-11-21,132.65,132.65,132.65,132.65,0,0,1
FINNIFTY21NOV2320600PE.NFO,2023-10-18,14:11:00,2023-11-21,132.65,132.65,132.65,132.65,0,0,1
FINNIFTY21NOV2320600PE.NFO,2023-10-18,14:12:00,2023-11-21,132.65,132.65,132.65,132.65,0,0,1
FINNIFTY21NOV2320600PE.NFO,2023-10-18,14:13:00,2023-11-21,132.65,132.65,132.65,132.65,0,0,1
FINNIFTY21NOV2320600PE.NFO,2023-10-18,14:14:00,2023-11-21,132.65,132.65,132.65,132.65,0,0,1
FINNIFTY21NOV2320600PE.NFO,2023-10-18,14:15:00,2023-11-21,132.65,132.65,132.65,132.65,0,0,1
FINNIFTY21NOV2320600PE.NFO,2023-10-18,14:16:00,2023-11-21,132.65,132.65,132.65,132.65,0,0,1
FINNIFTY21NOV2320600PE.NFO,2023-10-18,14:17:00,2023-11-21,132.65,132.65,132.65,132.65,0,0,1
FINNIFTY21NOV2320600PE.NFO,2023-10-18,14:18:00,2023-11-21,132.65,132.65,132.65,132.65,0,0,1
FINNIFTY21NOV2320600PE.NFO,2023-10-18,14:19:00,2023-11-21,132.65,132.65,132.65,132.65,0,0,1
FINNIFTY21NOV2320600PE.NFO,2023-10-18,14:20:00,2023-11-21,132.65,132.65,132.65,132.65,0,0,1
FINNIFTY21NOV2320600PE.NFO,2023-10-18,14:21:00,2023-11-21,132.65,132.65,132.65,132.65,0,0,1
FINNIFTY21NOV2320600PE.NFO,2023-10-18,14:22:00,2023-11-21,132.65,132.65,132.65,132.65,0,0,1
FINNIFTY21NOV2320600PE.NFO,2023-10-18,14:23:00,2023-11-21,132.65,132.65,132.65,132.65,0,0,1
FINNIFTY21NOV2320600PE.NFO,2023-10-18,14:24:00,2023-11-21,132.65,132.65,132.65,132.65,0,0,1
FINNIFTY21NOV2320600PE.NFO,2023-10-18,14:25:00,2023-11-21,132.65,132.65,132.65,132.65,0,0,1
FINNIFTY21NOV2320600PE.NFO,2023-10-18,14:26:00,2023-11-21,132.65,132.65,132.65,132.65,0,0,1
FINNIFTY21NOV2320600PE.NFO,2023-10-18,14:27:00,2023-11-21,132.65,132.65,132.65,132.65,0,0,1
FINNIFTY21NOV2320600PE.NFO,2023-10-18,14:28:00,2023-11-21,132.65,132.65,132.65,132.65,0,0,1
FINNIFTY21NOV2320600PE.NFO,2023-10-18,14:29:00,2023-11-21,132.65,132.65,132.65,132.65,0,0,1
FINNIFTY21NOV2320600PE.NFO,2023-10-18,14:30:00,2023-11-21,132.65,132.65,132.65,132.65,0,0,1
FINNIFTY21NOV2320600PE.NFO,2023-10-18,14:31:00,2023-11-21,132.65,132.65,132.65,132.65,0,0,1
FINNIFTY21NOV2320600PE.NFO,2023-10-18,14:32:00,2023-11-21,132.65,132.65,132.65,132.65,0,0,1
FINNIFTY21NOV2320600PE.NFO,2023-10-18,14:33:00,2023-11-21,132.65,132.65,132.65,132.65,0,0,1
FINNIFTY21NOV2320600PE.NFO,2023-10-18,14:34:00,2023-11-21,132.65,132.65,132.65,132.65,0,0,1
FINNIFTY21NOV2320600PE.NFO,2023-10-18,14:35:00,2023-11-21,132.65,132.65,132.65,132.65,0,0,1
FINNIFTY21NOV2320600PE.NFO,2023-10-18,14:36:00,2023-11-21,132.65,132.65,132.65,132.65,0,0,1
FINNIFTY21NOV2320600PE.NFO,2023-10-18,14:37:00,2023-11-21,132.65,132.65,132.65,132.65,0,0,1
FINNIFTY21NOV2320600PE.NFO,2023-10-18,14:38:00,2023-11-21,132.65,132.65,132.65,132.65,0,0,1
FINNIFTY21NOV2320600PE.NFO,2023-10-18,14:39:00,2023-11-21,132.65,132.65,132.65,132.65,0,0,1
FINNIFTY21NOV2320600PE.NFO,2023-10-18,14:40:00,2023-11-21,132.65,132.65,132.65,132.65,0,0,1
FINNIFTY21NOV2320600PE.NFO,2023-10-18,14:41:00,2023-11-21,132.65,132.65,132.65,132.65,0,0,1
FINNIFTY21NOV2320600PE.NFO,2023-10-18,14:42:00,2023-11-21,132.65,132.65,132.65,132.65,0,0,1
FINNIFTY21NOV2320600PE.NFO,2023-10-18,14:43:00,2023-11-21,132.65,132.65,132.65,132.65,0,0,1
FINNIFTY21NOV2320600PE.NFO,2023-10-18,14:44:00,2023-11-21,132.65,132.65,132.65,132.65,0,0,1
FINNIFTY21NOV2320600PE.NFO,2023-10-18,14:45:00,2023-11-21,132.65,132.65,132.65,132.65,0,0,1
FINNIFTY21NOV2320600PE.NFO,2023-10-18,14:46:00,2023-11-21,132.65,132.65,132.65,132.65,0,0,1
FINNIFTY21NOV2320600PE.NFO,2023-10-18,14:47:00,2023-11-21,132.65,132.65,132.65,132.65,0,0,1
FINNIFTY21NOV2320600PE.NFO,2023-10-18,14:48:00,2023-11-21,132.65,132.65,132.65,132.65,0,0,1
FINNIFTY21NOV2320600PE.NFO,2023-10-18,14:49:00,2023-11-21,132.65,132.65,132.65,132.65,0,0,1
FINNIFTY21NOV2320600PE.NFO,2023-10-18,14:50:00,2023-11-21,132.65,132.65,132.65,132.65,0,0,1
FINNIFTY21NOV2320600PE.NFO,2023-10-18,14:51:00,2023-11-21,132.65,132.65,132.65,132.65,0,0,1
FINNIFTY21NOV2320600PE.NFO,2023-10-18,14:52:00,2023-11-21,132.65,132.65,132.65,132.65,0,0,1
FINNIFTY21NOV2320600PE.NFO,2023-10-18,14:53:00,2023-11-21,132.65,132.65,132.65,132.65,0,0,1
FINNIFTY21NOV2320600PE.NFO,2023-10-18,14:54:00,2023-11-21,132.65,132.65,132.65,132.65,0,0,1
FINNIFTY21NOV2320600PE.NFO,2023-10-18,14:55:00,2023-11-21,132.65,132.65,132.65,132.65,0,0,1
FINNIFTY21NOV2320600PE.NFO,2023-10-18,14:56:00,2023-11-21,132.65,132.65,132.65,132.65,0,0,1
FINNIFTY21NOV2320600PE.NFO,2023-10-18,14:57:00,2023-11-21,132.65,132.65,132.65,132.65,0,0,1
FINNIFTY21NOV2320600PE.NFO,2023-10-18,14:58:00,2023-11-21,132.65,132.65,132.65,132.65,0,0,1
FINNIFTY21NOV2320600PE.NFO,2023-10-18,14:59:00,2023-11-21,132.65,132.65,132.65,132.65,0,0,1
FINNIFTY21NOV2320600PE.NFO,2023-10-18,15:00:00,2023-11-21,132.65,132.65,132.65,132.65,0,0,1
FINNIFTY21NOV2320600PE.NFO,2023-10-18,15:01:00,2023-11-21,132.65,132.65,132.65,132.65,0,0,1
FINNIFTY21NOV2320600PE.NFO,2023-10-18,15:02:00,2023-11-21,132.65,132.65,132.65,132.65,0,0,1
FINNIFTY21NOV2320600PE.NFO,2023-10-18,15:03:00,2023-11-21,132.65,132.65,132.65,132.65,0,0,1
FINNIFTY21NOV2320600PE.NFO,2023-10-18,15:04:00,2023-11-21,132.65,132.65,132.65,132.65,0,0,1
FINNIFTY21NOV2320600PE.NFO,2023-10-18,15:05:00,2023-11-21,132.65,132.65,132.65,132.65,0,0,1
FINNIFTY21NOV2320600PE.NFO,2023-10-18,15:06:00,2023-11-21,132.65,132.65,132.65,132.65,0,0,1
FINNIFTY21NOV2320600PE.NFO,2023-10-18,15:07:00,2023-11-21,132.65,132.65,132.65,132.65,0,0,1
FINNIFTY21NOV2320600PE.NFO,2023-10-18,15:08:00,2023-11-21,132.65,132.65,132.65,132.65,0,0,1
FINNIFTY21NOV2320600PE.NFO,2023-10-18,15:09:00,2023-11-21,132.65,132.65,132.65,132.65,0,0,1
FINNIFTY21NOV2320600PE.NFO,2023-10-18,15:10:00,2023-11-21,132.65,132.65,132.65,132.65,0,0,1
FINNIFTY21NOV2320600PE.NFO,2023-10-18,15:11:00,2023-11-21,132.65,132.65,132.65,132.65,0,0,1
FINNIFTY21NOV2320600PE.NFO,2023-10-18,15:12:00,2023-11-21,132.65,132.65,132.65,132.65,0,0,1
FINNIFTY21NOV2320600PE.NFO,2023-10-18,15:13:00,2023-11-21,132.65,132.65,132.65,132.65,0,0,1
FINNIFTY21NOV2320600PE.NFO,2023-10-18,15:14:00,2023-11-21,132.65,132.65,132.65,132.65,0,0,1
FINNIFTY21NOV2320600PE.NFO,2023-10-18,15:15:00,2023-11-21,132.65,132.65,132.65,132.65,0,0,1
FINNIFTY21NOV2320600PE.NFO,2023-10-18,15:16:00,2023-11-21,132.65,132.65,132.65,132.65,0,0,1
FINNIFTY21NOV2320600PE.NFO,2023-10-18,15:17:00,2023-11-21,132.65,132.65,132.65,132.65,0,0,1
FINNIFTY21NOV2320600PE.NFO,2023-10-18,15:18:00,2023-11-21,132.65,132.65,132.65,132.65,0,0,1
FINNIFTY21NOV2320600PE.NFO,2023-10-18,15:19:00,2023-11-21,132.65,132.65,132.65,132.65,0,0,1
FINNIFTY21NOV2320600PE.NFO,2023-10-18,15:20:00,2023-11-21,132.65,132.65,132.65,132.65,0,0,1
FINNIFTY21NOV2320600PE.NFO,2023-10-18,15:21:00,2023-11-21,132.65,132.65,132.65,132.65,0,0,1
FINNIFTY21NOV2320600PE.NFO,2023-10-18,15:22:00,2023-11-21,132.65,132.65,132.65,132.65,0,0,1
FINNIFTY21NOV2320600PE.NFO,2023-10-18,15:23:00,2023-11-21,132.65,132.65,132.65,132.65,0,0,1
FINNIFTY21NOV2320600PE.NFO,2023-10-18,15:24:00,2023-11-21,132.65,132.65,132.65,132.65,0,0,1
FINNIFTY21NOV2320600PE.NFO,2023-10-18,15:25:00,2023-11-21,132.65,132.65,132.65,132.65,0,0,1
FINNIFTY21NOV2320600PE.NFO,2023-10-18,15:26:00,2023-11-21,132.65,132.65,132.65,132.65,0,0,1
FINNIFTY21NOV2320600PE.NFO,2023-10-18,15:27:00,2023-11-21,132.65,132.65,132.65,132.65,0,0,1
FINNIFTY21NOV2320600PE.NFO,2023-10-18,15:28:00,2023-11-21,132.65,132.65,132.65,132.65,0,0,1
FINNIFTY21NOV2320600PE.NFO,2023-10-18,15:29:00,2023-11-21,132.65,132.65,132.65,132.65,0,0,1
FINNIFTY21NOV2320600PE.NFO,2023-10-18,15:30:00,2023-11-21,132.65,132.65,132.65,132.65,0,0,1
FINNIFTY21NOV2320600PE.NFO,2023-10-19,09:15:00,2023-11-21,132.65,132.65,132.65,132.65,0,0,0
FINNIFTY21NOV2320600PE.NFO,2023-10-19,09:16:00,2023-11-21,132.65,132.65,132.65,132.65,0,0,1
FINNIFTY21NOV2320600PE.NFO,2023-10-19,09:17:00,2023-11-21,132.65,132.65,132.65,132.65,0,0,1
FINNIFTY21NOV2320600PE.NFO,2023-10-19,09:18:00,2023-11-21,132.65,132.65,132.65,132.65,0,0,1
FINNIFTY21NOV2320600PE.NFO,2023-10-19,09:19:00,2023-11-21,132.65,132.65,132.65,132.65,0,0,1
FINNIFTY21NOV2320600PE.NFO,2023-10-19,09:20:00,2023-11-21,132.65,132.65,132.65,132.65,0,0,1
FINNIFTY21NOV2320600PE.NFO,2023-10-19,09:21:00,2023-11-21,132.65,132.65,132.65,132.65,0,0,1
FINNIFTY21NOV2320600PE.NFO,2023-10-19,09:22:00,2023-11-21,132.65,132.65,132.65,132.65,0,0,1
FINNIFTY21NOV2320600PE.NFO,2023-10-19,09:23:00,2023-11-21,132.65,132.65,132.65,132.65,0,0,1
FINNIFTY21NOV2320600PE.NFO,2023-10-19,09:24:00,2023-11-21,132.65,132.65,132.65,132.65,0,0,1
FINNIFTY21NOV2320600PE.NFO,2023-10-19,09:25:00,2023-11-21,132.65,132.65,132.65,132.65,0,0,1
FINNIFTY21NOV2320600PE.NFO,2023-10-19,09:26:00,2023-11-21,132.65,132.65,132.65,132.65,0,0,1
FINNIFTY21NOV2320600PE.NFO,2023-10-19,09:27:00,2023-11-21,132.65,132.65,132.65,132.65,0,0,1
FINNIFTY21NOV2320600PE.NFO,2023-10-19,09:28:00,2023-11-21,132.65,132.65,132.65,132.65,0,0,1
FINNIFTY21NOV2320600PE.NFO,2023-10-19,09:29:00,2023-11-21,132.65,132.65,132.65,132.65,0,0,1
FINNIFTY21NOV2320600PE.NFO,2023-10-19,09:30:00,2023-11-21,132.65,132.65,132.65,132.65,0,0,1
FINNIFTY21NOV2320600PE.NFO,2023-10-19,09:31:00,2023-11-21,132.65,132.65,132.65,132.65,0,0,1
FINNIFTY21NOV2320600PE.NFO,2023-10-19,09:32:00,2023-11-21,132.65,132.65,132.65,132.65,0,0,1
FINNIFTY21NOV2320600PE.NFO,2023-10-19,09:33:00,2023-11-21,132.65,132.65,132.65,132.65,0,0,1
FINNIFTY21NOV2320600PE.NFO,2023-10-19,09:34:00,2023-11-21,132.65,132.65,132.65,132.65,0,0,1
FINNIFTY21NOV2320600PE.NFO,2023-10-19,09:35:00,2023-11-21,132.65,132.65,132.65,132.65,0,0,1
FINNIFTY21NOV2320600PE.NFO,2023-10-19,09:36:00,2023-11-21,132.65,132.65,132.65,132.65,0,0,1
FINNIFTY21NOV2320600PE.NFO,2023-10-19,09:37:00,2023-11-21,132.65,132.65,132.65,132.65,0,0,1
FINNIFTY21NOV2320600PE.NFO,2023-10-19,09:38:00,2023-11-21,132.65,132.65,132.65,132.65,0,0,1
FINNIFTY21NOV2320600PE.NFO,2023-10-19,09:39:00,2023-11-21,132.65,132.65,132.65,132.65,0,0,1
FINNIFTY21NOV2320600PE.NFO,2023-10-19,09:40:00,2023-11-21,132.65,132.65,132.65,132.65,0,0,1
FINNIFTY21NOV2320600PE.NFO,2023-10-19,09:41:00,2023-11-21,132.65,132.65,132.65,132.65,0,0,1
FINNIFTY21NOV2320600PE.NFO,2023-10-19,09:42:00,2023-11-21,132.65,132.65,132.65,132.65,0,0,1
FINNIFTY21NOV2320600PE.NFO,2023-10-19,09:43:00,2023-11-21,132.65,132.65,132.65,132.65,0,0,1
FINNIFTY21NOV2320600PE.NFO,2023-10-19,09:44:00,2023-11-21,132.65,132.65,132.65,132.65,0,0,1
FINNIFTY21NOV2320600PE.NFO,2023-10-19,09:45:00,2023-11-21,132.65,132.65,132.65,132.65,0,0,1
FINNIFTY21NOV2320600PE.NFO,2023-10-19,09:46:00,2023-11-21,132.65,132.65,132.65,132.65,0,0,1
FINNIFTY21NOV2320600PE.NFO,2023-10-19,09:47:00,2023-11-21,132.65,132.65,132.65,132.65,0,0,1
FINNIFTY21NOV2320600PE.NFO,2023-10-19,09:48:00,2023-11-21,132.65,132.65,132.65,132.65,0,0,1
FINNIFTY21NOV2320600PE.NFO,2023-10-19,09:49:00,2023-11-21,132.65,132.65,132.65,132.65,0,0,1
FINNIFTY21NOV2320600PE.NFO,2023-10-19,09:50:00,2023-11-21,132.65,132.65,132.65,132.65,0,0,1
FINNIFTY21NOV2320600PE.NFO,2023-10-19,09:51:00,2023-11-21,132.65,132.65,132.65,132.65,0,0,1
FINNIFTY21NOV2320600PE.NFO,2023-10-19,09:52:00,2023-11-21,132.65,132.65,132.65,132.65,0,0,1
FINNIFTY21NOV2320600PE.NFO,2023-10-19,09:53:00,2023-11-21,132.65,132.65,132.65,132.65,0,0,1
FINNIFTY21NOV2320600PE.NFO,2023-10-19,09:54:00,2023-11-21,132.65,132.65,132.65,132.65,0,0,1
FINNIFTY21NOV2320600PE.NFO,2023-10-19,09:55:00,2023-11-21,132.65,132.65,132.65,132.65,0,0,1
FINNIFTY21NOV2320600PE.NFO,2023-10-19,09:56:00,2023-11-21,132.65,132.65,132.65,132.65,0,0,1
FINNIFTY21NOV2320600PE.NFO,2023-10-19,09:57:00,2023-11-21,132.65,132.65,132.65,132.65,0,0,1
FINNIFTY21NOV2320600PE.NFO,2023-10-19,09:58:00,2023-11-21,132.65,132.65,132.65,132.65,0,0,1
FINNIFTY21NOV2320600PE.NFO,2023-10-19,09:59:00,2023-11-21,132.65,132.65,132.65,132.65,0,0,1
FINNIFTY21NOV2320600PE.NFO,2023-10-19,10:00:00,2023-11-21,132.65,132.65,132.65,132.65,0,0,1
FINNIFTY21NOV2320600PE.NFO,2023-10-19,10:01:00,2023-11-21,132.65,132.65,132.65,132.65,0,0,1
FINNIFTY21NOV2320600PE.NFO,2023-10-19,10:02:00,2023-11-21,132.65,132.65,132.65,132.65,0,0,1
FINNIFTY21NOV2320600PE.NFO,2023-10-19,10:03:00,2023-11-21,132.65,132.65,132.65,132.65,0,0,1
FINNIFTY21NOV2320600PE.NFO,2023-10-19,10:04:00,2023-11-21,132.65,132.65,132.65,132.65,0,0,1
FINNIFTY21NOV2320600PE.NFO,2023-10-19,10:05:00,2023-11-21,132.65,132.65,132.65,132.65,0,0,1
FINNIFTY21NOV2320600PE.NFO,2023-10-19,10:06:00,2023-11-21,132.65,132.65,132.65,132.65,0,0,1
FINNIFTY21NOV2320600PE.NFO,2023-10-19,10:07:00,2023-11-21,132.65,132.65,132.65,132.65,0,0,1
FINNIFTY21NOV2320600PE.NFO,2023-10-19,10:08:00,2023-11-21,132.65,132.65,132.65,132.65,0,0,1
FINNIFTY21NOV2320600PE.NFO,2023-10-19,10:09:00,2023-11-21,132.65,132.65,132.65,132.65,0,0,1
FINNIFTY21NOV2320600PE.NFO,2023-10-19,10:10:00,2023-11-21,132.65,132.65,132.65,132.65,0,0,1
FINNIFTY21NOV2320600PE.NFO,2023-10-19,10:11:00,2023-11-21,132.65,132.65,132.65,132.65,0,0,1
FINNIFTY21NOV2320600PE.NFO,2023-10-19,10:12:00,2023-11-21,132.65,132.65,132.65,132.65,0,0,1
FINNIFTY21NOV2320600PE.NFO,2023-10-19,10:13:00,2023-11-21,132.65,132.65,132.65,132.65,0,0,1
FINNIFTY21NOV2320600PE.NFO,2023-10-19,10:14:00,2023-11-21,132.65,132.65,132.65,132.65,0,0,1
FINNIFTY21NOV2320600PE.NFO,2023-10-19,10:15:00,2023-11-21,132.65,132.65,132.65,132.65,0,0,1
FINNIFTY21NOV2320600PE.NFO,2023-10-19,10:16:00,2023-11-21,132.65,132.65,132.65,132.65,0,0,1
FINNIFTY21NOV2320600PE.NFO,2023-10-19,10:17:00,2023-11-21,132.65,132.65,132.65,132.65,0,0,1
FINNIFTY21NOV2320600PE.NFO,2023-10-19,10:18:00,2023-11-21,132.65,132.65,132.65,132.65,0,0,1
FINNIFTY21NOV2320600PE.NFO,2023-10-19,10:19:00,2023-11-21,132.65,132.65,132.65,132.65,0,0,1
FINNIFTY21NOV2320600PE.NFO,2023-10-19,10:20:00,2023-11-21,132.65,132.65,132.65,132.65,0,0,1
FINNIFTY21NOV2320600PE.NFO,2023-10-19,10:21:00,2023-11-21,132.65,132.65,132.65,132.65,0,0,1
FINNIFTY21NOV2320600PE.NFO,2023-10-19,10:22:00,2023-11-21,132.65,132.65,132.65,132.65,0,0,1
FINNIFTY21NOV2320600PE.NFO,2023-10-19,10:23:00,2023-11-21,132.65,132.65,132.65,132.65,0,0,1
FINNIFTY21NOV2320600PE.NFO,2023-10-19,10:24:00,2023-11-21,132.65,132.65,132.65,132.65,0,0,1
FINNIFTY21NOV2320600PE.NFO,2023-10-19,10:25:00,2023-11-21,132.65,132.65,132.65,132.65,0,0,1
FINNIFTY21NOV2320600PE.NFO,2023-10-19,10:26:00,2023-11-21,132.65,132.65,132.65,132.65,0,0,1
FINNIFTY21NOV2320600PE.NFO,2023-10-19,10:27:00,2023-11-21,132.65,132.65,132.65,132.65,0,0,1
FINNIFTY21NOV2320600PE.NFO,2023-10-19,10:28:00,2023-11-21,132.65,132.65,132.65,132.65,0,0,1
FINNIFTY21NOV2320600PE.NFO,2023-10-19,10:29:00,2023-11-21,132.65,132.65,132.65,132.65,0,0,1
FINNIFTY21NOV2320600PE.NFO,2023-10-19,10:30:00,2023-11-21,132.65,132.65,132.65,132.65,0,0,1
FINNIFTY21NOV2320600PE.NFO,2023-10-19,10:31:00,2023-11-21,132.65,132.65,132.65,132.65,0,0,1
FINNIFTY21NOV2320600PE.NFO,2023-10-19,10:32:00,2023-11-21,132.65,132.65,132.65,132.65,0,0,1
FINNIFTY21NOV2320600PE.NFO,2023-10-19,10:33:00,2023-11-21,132.65,132.65,132.65,132.65,0,0,1
FINNIFTY21NOV2320600PE.NFO,2023-10-19,10:34:00,2023-11-21,132.65,132.65,132.65,132.65,0,0,1
FINNIFTY21NOV2320600PE.NFO,2023-10-19,10:35:00,2023-11-21,132.65,132.65,132.65,132.65,0,0,1
FINNIFTY21NOV2320600PE.NFO,2023-10-19,10:36:00,2023-11-21,132.65,132.65,132.65,132.65,0,0,1
FINNIFTY21NOV2320600PE.NFO,2023-10-19,10:37:00,2023-11-21,132.65,132.65,132.65,132.65,0,0,1
FINNIFTY21NOV2320600PE.NFO,2023-10-19,10:38:00,2023-11-21,132.65,132.65,132.65,132.65,0,0,1
FINNIFTY21NOV2320600PE.NFO,2023-10-19,10:39:00,2023-11-21,132.65,132.65,132.65,132.65,0,0,1
FINNIFTY21NOV2320600PE.NFO,2023-10-19,10:40:00,2023-11-21,132.65,132.65,132.65,132.65,0,0,1
FINNIFTY21NOV2320600PE.NFO,2023-10-19,10:41:00,2023-11-21,132.65,132.65,132.65,132.65,0,0,1
FINNIFTY21NOV2320600PE.NFO,2023-10-19,10:42:00,2023-11-21,132.65,132.65,132.65,132.65,0,0,1
FINNIFTY21NOV2320600PE.NFO,2023-10-19,10:43:00,2023-11-21,132.65,132.65,132.65,132.65,0,0,1
FINNIFTY21NOV2320600PE.NFO,2023-10-19,10:44:00,2023-11-21,132.65,132.65,132.65,132.65,0,0,1
FINNIFTY21NOV2320600PE.NFO,2023-10-19,10:45:00,2023-11-21,132.65,132.65,132.65,132.65,0,0,1
FINNIFTY21NOV2320600PE.NFO,2023-10-19,10:46:00,2023-11-21,132.65,132.65,132.65,132.65,0,0,1
FINNIFTY21NOV2320600PE.NFO,2023-10-19,10:47:00,2023-11-21,132.65,132.65,132.65,132.65,0,0,1
FINNIFTY21NOV2320600PE.NFO,2023-10-19,10:48:00,2023-11-21,132.65,132.65,132.65,132.65,0,0,1
FINNIFTY21NOV2320600PE.NFO,2023-10-19,10:49:00,2023-11-21,132.65,132.65,132.65,132.65,0,0,1
FINNIFTY21NOV2320600PE.NFO,2023-10-19,10:50:00,2023-11-21,132.65,132.65,132.65,132.65,0,0,1
FINNIFTY21NOV2320600PE.NFO,2023-10-19,10:51:00,2023-11-21,132.65,132.65,132.65,132.65,0,0,1
FINNIFTY21NOV2320600PE.NFO,2023-10-19,10:52:00,2023-11-21,132.65,132.65,132.65,132.65,0,0,1
FINNIFTY21NOV2320600PE.NFO,2023-10-19,10:53:00,2023-11-21,132.65,132.65,132.65,132.65,0,0,1
FINNIFTY21NOV2320600PE.NFO,2023-10-19,10:54:00,2023-11-21,132.65,132.65,132.65,132.65,0,0,1
FINNIFTY21NOV2320600PE.NFO,2023-10-19,10:55:00,2023-11-21,132.65,132.65,132.65,132.65,0,0,1
FINNIFTY21NOV2320600PE.NFO,2023-10-19,10:56:00,2023-11-21,132.65,132.65,132.65,132.65,0,0,1
FINNIFTY21NOV2320600PE.NFO,2023-10-19,10:57:00,2023-11-21,132.65,132.65,132.65,132.65,0,0,1
FINNIFTY21NOV2320600PE.NFO,2023-10-19,10:58:00,2023-11-21,132.65,132.65,132.65,132.65,0,0,1
FINNIFTY21NOV2320600PE.NFO,2023-10-19,10:59:00,2023-11-21,132.65,132.65,132.65,132.65,0,0,1
FINNIFTY21NOV2320600PE.NFO,2023-10-19,11:00:00,2023-11-21,132.65,132.65,132.65,132.65,0,0,1
FINNIFTY21NOV2320600PE.NFO,2023-10-19,11:01:00,2023-11-21,132.65,132.65,132.65,132.65,0,0,1
FINNIFTY21NOV2320600PE.NFO,2023-10-19,11:02:00,2023-11-21,132.65,132.65,132.65,132.65,0,0,1
FINNIFTY21NOV2320600PE.NFO,2023-10-19,11:03:00,2023-11-21,132.65,132.65,132.65,132.65,0,0,1
FINNIFTY21NOV2320600PE.NFO,2023-10-19,11:04:00,2023-11-21,132.65,132.65,132.65,132.65,0,0,1
FINNIFTY21NOV2320600PE.NFO,2023-10-19,11:05:00,2023-11-21,132.65,132.65,132.65,132.65,0,0,1
FINNIFTY21NOV2320600PE.NFO,2023-10-19,11:06:00,2023-11-21,132.65,132.65,132.65,132.65,0,0,1
FINNIFTY21NOV2320600PE.NFO,2023-10-19,11:07:00,2023-11-21,132.65,132.65,132.65,132.65,0,0,1
FINNIFTY21NOV2320600PE.NFO,2023-10-19,11:08:00,2023-11-21,132.65,132.65,132.65,132.65,0,0,1
FINNIFTY21NOV2320600PE.NFO,2023-10-19,11:09:00,2023-11-21,132.65,132.65,132.65,132.65,0,0,1
FINNIFTY21NOV2320600PE.NFO,2023-10-19,11:10:00,2023-11-21,132.65,132.65,132.65,132.65,0,0,1
FINNIFTY21NOV2320600PE.NFO,2023-10-19,11:11:00,2023-11-21,132.65,132.65,132.65,132.65,0,0,1
FINNIFTY21NOV2320600PE.NFO,2023-10-19,11:12:00,2023-11-21,132.65,132.65,132.65,132.65,0,0,1
FINNIFTY21NOV2320600PE.NFO,2023-10-19,11:13:00,2023-11-21,132.65,132.65,132.65,132.65,0,0,1
FINNIFTY21NOV2320600PE.NFO,2023-10-19,11:14:00,2023-11-21,132.65,132.65,132.65,132.65,0,0,1
FINNIFTY21NOV2320600PE.NFO,2023-10-19,11:15:00,2023-11-21,132.65,132.65,132.65,132.65,0,0,1
FINNIFTY21NOV2320600PE.NFO,2023-10-19,11:16:00,2023-11-21,132.65,132.65,132.65,132.65,0,0,1
FINNIFTY21NOV2320600PE.NFO,2023-10-19,11:17:00,2023-11-21,132.65,132.65,132.65,132.65,0,0,1
FINNIFTY21NOV2320600PE.NFO,2023-10-19,11:18:00,2023-11-21,132.65,132.65,132.65,132.65,0,0,1
FINNIFTY21NOV2320600PE.NFO,2023-10-19,11:19:00,2023-11-21,132.65,132.65,132.65,132.65,0,0,1
FINNIFTY21NOV2320600PE.NFO,2023-10-19,11:20:00,2023-11-21,132.65,132.65,132.65,132.65,0,0,1
FINNIFTY21NOV2320600PE.NFO,2023-10-19,11:21:00,2023-11-21,132.65,132.65,132.65,132.65,0,0,1
FINNIFTY21NOV2320600PE.NFO,2023-10-19,11:22:00,2023-11-21,132.65,132.65,132.65,132.65,0,0,1
FINNIFTY21NOV2320600PE.NFO,2023-10-19,11:23:00,2023-11-21,132.65,132.65,132.65,132.65,0,0,1
FINNIFTY21NOV2320600PE.NFO,2023-10-19,11:24:00,2023-11-21,132.65,132.65,132.65,132.65,0,0,1
FINNIFTY21NOV2320600PE.NFO,2023-10-19,11:25:00,2023-11-21,132.65,132.65,132.65,132.65,0,0,1
FINNIFTY21NOV2320600PE.NFO,2023-10-19,11:26:00,2023-11-21,132.65,132.65,132.65,132.65,0,0,1
FINNIFTY21NOV2320600PE.NFO,2023-10-19,11:27:00,2023-11-21,132.65,132.65,132.65,132.65,0,0,1
FINNIFTY21NOV2320600PE.NFO,2023-10-19,11:28:00,2023-11-21,132.65,132.65,132.65,132.65,0,0,1
FINNIFTY21NOV2320600PE.NFO,2023-10-19,11:29:00,2023-11-21,132.65,132.65,132.65,132.65,0,0,1
FINNIFTY21NOV2320600PE.NFO,2023-10-19,11:30:00,2023-11-21,132.65,132.65,132.65,132.65,0,0,1
FINNIFTY21NOV2320600PE.NFO,2023-10-19,11:31:00,2023-11-21,132.65,132.65,132.65,132.65,0,0,1
FINNIFTY21NOV2320600PE.NFO,2023-10-19,11:32:00,2023-11-21,132.65,132.65,132.65,132.65,0,0,1
FINNIFTY21NOV2320600PE.NFO,2023-10-19,11:33:00,2023-11-21,132.65,132.65,132.65,132.65,0,0,1
FINNIFTY21NOV2320600PE.NFO,2023-10-19,11:34:00,2023-11-21,132.65,132.65,132.65,132.65,0,0,1
FINNIFTY21NOV2320600PE.NFO,2023-10-19,11:35:00,2023-11-21,132.65,132.65,132.65,132.65,0,0,1
FINNIFTY21NOV2320600PE.NFO,2023-10-19,11:36:00,2023-11-21,132.65,132.65,132.65,132.65,0,0,1
FINNIFTY21NOV2320600PE.NFO,2023-10-19,11:37:00,2023-11-21,132.65,132.65,132.65,132.65,0,0,1
FINNIFTY21NOV2320600PE.NFO,2023-10-19,11:38:00,2023-11-21,132.65,132.65,132.65,132.65,0,0,1
FINNIFTY21NOV2320600PE.NFO,2023-10-19,11:39:00,2023-11-21,132.65,132.65,132.65,132.65,0,0,1
FINNIFTY21NOV2320600PE.NFO,2023-10-19,11:40:00,2023-11-21,132.65,132.65,132.65,132.65,0,0,1
FINNIFTY21NOV2320600PE.NFO,2023-10-19,11:41:00,2023-11-21,132.65,132.65,132.65,132.65,0,0,1
FINNIFTY21NOV2320600PE.NFO,2023-10-19,11:42:00,2023-11-21,132.65,132.65,132.65,132.65,0,0,1
FINNIFTY21NOV2320600PE.NFO,2023-10-19,11:43:00,2023-11-21,132.65,132.65,132.65,132.65,0,0,1
FINNIFTY21NOV2320600PE.NFO,2023-10-19,11:44:00,2023-11-21,132.65,132.65,132.65,132.65,0,0,1
FINNIFTY21NOV2320600PE.NFO,2023-10-19,11:45:00,2023-11-21,132.65,132.65,132.65,132.65,0,0,1
FINNIFTY21NOV2320600PE.NFO,2023-10-19,11:46:00,2023-11-21,132.65,132.65,132.65,132.65,0,0,1
FINNIFTY21NOV2320600PE.NFO,2023-10-19,11:47:00,2023-11-21,132.65,132.65,132.65,132.65,0,0,1
FINNIFTY21NOV2320600PE.NFO,2023-10-19,11:48:00,2023-11-21,132.65,132.65,132.65,132.65,0,0,1
FINNIFTY21NOV2320600PE.NFO,2023-10-19,11:49:00,2023-11-21,132.65,132.65,132.65,132.65,0,0,1
FINNIFTY21NOV2320600PE.NFO,2023-10-19,11:50:00,2023-11-21,132.65,132.65,132.65,132.65,0,0,1
FINNIFTY21NOV2320600PE.NFO,2023-10-19,11:51:00,2023-11-21,132.65,132.65,132.65,132.65,0,0,1
FINNIFTY21NOV2320600PE.NFO,2023-10-19,11:52:00,2023-11-21,132.65,132.65,132.65,132.65,0,0,1
FINNIFTY21NOV2320600PE.NFO,2023-10-19,11:53:00,2023-11-21,132.65,132.65,132.65,132.65,0,0,1
FINNIFTY21NOV2320600PE.NFO,2023-10-19,11:54:00,2023-11-21,132.65,132.65,132.65,132.65,0,0,1
FINNIFTY21NOV2320600PE.NFO,2023-10-19,11:55:00,2023-11-21,132.65,132.65,132.65,132.65,0,0,1
FINNIFTY21NOV2320600PE.NFO,2023-10-19,11:56:00,2023-11-21,132.65,132.65,132.65,132.65,0,0,1
FINNIFTY21NOV2320600PE.NFO,2023-10-19,11:57:00,2023-11-21,132.65,132.65,132.65,132.65,0,0,1
FINNIFTY21NOV2320600PE.NFO,2023-10-19,11:58:00,2023-11-21,132.65,132.65,132.65,132.65,0,0,1
FINNIFTY21NOV2320600PE.NFO,2023-10-19,11:59:00,2023-11-21,132.65,132.65,132.65,132.65,0,0,1
FINNIFTY21NOV2320600PE.NFO,2023-10-19,12:00:00,2023-11-21,132.65,132.65,132.65,132.65,0,0,1
FINNIFTY21NOV2320600PE.NFO,2023-10-19,12:01:00,2023-11-21,132.65,132.65,132.65,132.65,0,0,1
FINNIFTY21NOV2320600PE.NFO,2023-10-19,12:02:00,2023-11-21,132.65,132.65,132.65,132.65,0,0,1
FINNIFTY21NOV2320600PE.NFO,2023-10-19,12:03:00,2023-11-21,132.65,132.65,132.65,132.65,0,0,1
FINNIFTY21NOV2320600PE.NFO,2023-10-19,12:04:00,2023-11-21,132.65,132.65,132.65,132.65,0,0,1
FINNIFTY21NOV2320600PE.NFO,2023-10-19,12:05:00,2023-11-21,132.65,132.65,132.65,132.65,0,0,1
FINNIFTY21NOV2320600PE.NFO,2023-10-19,12:06:00,2023-11-21,132.65,132.65,132.65,132.65,0,0,1
FINNIFTY21NOV2320600PE.NFO,2023-10-19,12:07:00,2023-11-21,132.65,132.65,132.65,132.65,0,0,1
FINNIFTY21NOV2320600PE.NFO,2023-10-19,12:08:00,2023-11-21,132.65,132.65,132.65,132.65,0,0,1
FINNIFTY21NOV2320600PE.NFO,2023-10-19,12:09:00,2023-11-21,132.65,132.65,132.65,132.65,0,0,1
FINNIFTY21NOV2320600PE.NFO,2023-10-19,12:10:00,2023-11-21,132.65,132.65,132.65,132.65,0,0,1
FINNIFTY21NOV2320600PE.NFO,2023-10-19,12:11:00,2023-11-21,132.65,132.65,132.65,132.65,0,0,1
FINNIFTY21NOV2320600PE.NFO,2023-10-19,12:12:00,2023-11-21,132.65,132.65,132.65,132.65,0,0,1
FINNIFTY21NOV2320600PE.NFO,2023-10-19,12:13:00,2023-11-21,132.65,132.65,132.65,132.65,0,0,1
FINNIFTY21NOV2320600PE.NFO,2023-10-19,12:14:00,2023-11-21,132.65,132.65,132.65,132.65,0,0,1
FINNIFTY21NOV2320600PE.NFO,2023-10-19,12:15:00,2023-11-21,132.65,132.65,132.65,132.65,0,0,1
FINNIFTY21NOV2320600PE.NFO,2023-10-19,12:16:00,2023-11-21,132.65,132.65,132.65,132.65,0,0,1
FINNIFTY21NOV2320600PE.NFO,2023-10-19,12:17:00,2023-11-21,132.65,132.65,132.65,132.65,0,0,1
FINNIFTY21NOV2320600PE.NFO,2023-10-19,12:18:00,2023-11-21,132.65,132.65,132.65,132.65,0,0,1
FINNIFTY21NOV2320600PE.NFO,2023-10-19,12:19:00,2023-11-21,132.65,132.65,132.65,132.65,0,0,1
FINNIFTY21NOV2320600PE.NFO,2023-10-19,12:20:00,2023-11-21,132.65,132.65,132.65,132.65,0,0,1
FINNIFTY21NOV2320600PE.NFO,2023-10-19,12:21:00,2023-11-21,132.65,132.65,132.65,132.65,0,0,1
FINNIFTY21NOV2320600PE.NFO,2023-10-19,12:22:00,2023-11-21,132.65,132.65,132.65,132.65,0,0,1
FINNIFTY21NOV2320600PE.NFO,2023-10-19,12:23:00,2023-11-21,132.65,132.65,132.65,132.65,0,0,1
FINNIFTY21NOV2320600PE.NFO,2023-10-19,12:24:00,2023-11-21,132.65,132.65,132.65,132.65,0,0,1
FINNIFTY21NOV2320600PE.NFO,2023-10-19,12:25:00,2023-11-21,132.65,132.65,132.65,132.65,0,0,1
FINNIFTY21NOV2320600PE.NFO,2023-10-19,12:26:00,2023-11-21,132.65,132.65,132.65,132.65,0,0,1
FINNIFTY21NOV2320600PE.NFO,2023-10-19,12:27:00,2023-11-21,132.65,132.65,132.65,132.65,0,0,1
FINNIFTY21NOV2320600PE.NFO,2023-10-19,12:28:00,2023-11-21,132.65,132.65,132.65,132.65,0,0,1
FINNIFTY21NOV2320600PE.NFO,2023-10-19,12:29:00,2023-11-21,132.65,132.65,132.65,132.65,0,0,1
FINNIFTY21NOV2320600PE.NFO,2023-10-19,12:30:00,2023-11-21,132.65,132.65,132.65,132.65,0,0,1
FINNIFTY21NOV2320600PE.NFO,2023-10-19,12:31:00,2023-11-21,132.65,132.65,132.65,132.65,0,0,1
FINNIFTY21NOV2320600PE.NFO,2023-10-19,12:32:00,2023-11-21,132.65,132.65,132.65,132.65,0,0,1
FINNIFTY21NOV2320600PE.NFO,2023-10-19,12:33:00,2023-11-21,132.65,132.65,132.65,132.65,0,0,1
FINNIFTY21NOV2320600PE.NFO,2023-10-19,12:34:00,2023-11-21,132.65,132.65,132.65,132.65,0,0,1
FINNIFTY21NOV2320600PE.NFO,2023-10-19,12:35:00,2023-11-21,132.65,132.65,132.65,132.65,0,0,1
FINNIFTY21NOV2320600PE.NFO,2023-10-19,12:36:00,2023-11-21,132.65,132.65,132.65,132.65,0,0,1
FINNIFTY21NOV2320600PE.NFO,2023-10-19,12:37:00,2023-11-21,132.65,132.65,132.65,132.65,0,0,1
FINNIFTY21NOV2320600PE.NFO,2023-10-19,12:38:00,2023-11-21,132.65,132.65,132.65,132.65,0,0,1
FINNIFTY21NOV2320600PE.NFO,2023-10-19,12:39:00,2023-11-21,132.65,132.65,132.65,132.65,0,0,1
FINNIFTY21NOV2320600PE.NFO,2023-10-19,12:40:00,2023-11-21,132.65,132.65,132.65,132.65,0,0,1
FINNIFTY21NOV2320600PE.NFO,2023-10-19,12:41:00,2023-11-21,132.65,132.65,132.65,132.65,0,0,1
FINNIFTY21NOV2320600PE.NFO,2023-10-19,12:42:00,2023-11-21,132.65,132.65,132.65,132.65,0,0,1
FINNIFTY21NOV2320600PE.NFO,2023-10-19,12:43:00,2023-11-21,132.65,132.65,132.65,132.65,0,0,1
FINNIFTY21NOV2320600PE.NFO,2023-10-19,12:44:00,2023-11-21,132.65,132.65,132.65,132.65,0,0,1
FINNIFTY21NOV2320600PE.NFO,2023-10-19,12:45:00,2023-11-21,132.65,132.65,132.65,132.65,0,0,1
FINNIFTY21NOV2320600PE.NFO,2023-10-19,12:46:00,2023-11-21,132.65,132.65,132.65,132.65,0,0,1
FINNIFTY21NOV2320600PE.NFO,2023-10-19,12:47:00,2023-11-21,132.65,132.65,132.65,132.65,0,0,1
FINNIFTY21NOV2320600PE.NFO,2023-10-19,12:48:00,2023-11-21,132.65,132.65,132.65,132.65,0,0,1
FINNIFTY21NOV2320600PE.NFO,2023-10-19,12:49:00,2023-11-21,132.65,132.65,132.65,132.65,0,0,1
FINNIFTY21NOV2320600PE.NFO,2023-10-19,12:50:00,2023-11-21,132.65,132.65,132.65,132.65,0,0,1
FINNIFTY21NOV2320600PE.NFO,2023-10-19,12:51:00,2023-11-21,132.65,132.65,132.65,132.65,0,0,1
FINNIFTY21NOV2320600PE.NFO,2023-10-19,12:52:00,2023-11-21,132.65,132.65,132.65,132.65,0,0,1
FINNIFTY21NOV2320600PE.NFO,2023-10-19,12:53:00,2023-11-21,132.65,132.65,132.65,132.65,0,0,1
FINNIFTY21NOV2320600PE.NFO,2023-10-19,12:54:00,2023-11-21,132.65,132.65,132.65,132.65,0,0,1
FINNIFTY21NOV2320600PE.NFO,2023-10-19,12:55:00,2023-11-21,132.65,132.65,132.65,132.65,0,0,1
FINNIFTY21NOV2320600PE.NFO,2023-10-19,12:56:00,2023-11-21,132.65,132.65,132.65,132.65,0,0,1
FINNIFTY21NOV2320600PE.NFO,2023-10-19,12:57:00,2023-11-21,132.65,132.65,132.65,132.65,0,0,1
FINNIFTY21NOV2320600PE.NFO,2023-10-19,12:58:00,2023-11-21,132.65,132.65,132.65,132.65,0,0,1
FINNIFTY21NOV2320600PE.NFO,2023-10-19,12:59:00,2023-11-21,132.65,132.65,132.65,132.65,0,0,1
FINNIFTY21NOV2320600PE.NFO,2023-10-19,13:00:00,2023-11-21,132.65,132.65,132.65,132.65,0,0,1
FINNIFTY21NOV2320600PE.NFO,2023-10-19,13:01:00,2023-11-21,132.65,132.65,132.65,132.65,0,0,1
FINNIFTY21NOV2320600PE.NFO,2023-10-19,13:02:00,2023-11-21,132.65,132.65,132.65,132.65,0,0,1
FINNIFTY21NOV2320600PE.NFO,2023-10-19,13:03:00,2023-11-21,132.65,132.65,132.65,132.65,0,0,1
FINNIFTY21NOV2320600PE.NFO,2023-10-19,13:04:00,2023-11-21,132.65,132.65,132.65,132.65,0,0,1
FINNIFTY21NOV2320600PE.NFO,2023-10-19,13:05:00,2023-11-21,132.65,132.65,132.65,132.65,0,0,1
FINNIFTY21NOV2320600PE.NFO,2023-10-19,13:06:00,2023-11-21,132.65,132.65,132.65,132.65,0,0,1
FINNIFTY21NOV2320600PE.NFO,2023-10-19,13:07:00,2023-11-21,132.65,132.65,132.65,132.65,0,0,1
FINNIFTY21NOV2320600PE.NFO,2023-10-19,13:08:00,2023-11-21,132.65,132.65,132.65,132.65,0,0,1
FINNIFTY21NOV2320600PE.NFO,2023-10-19,13:09:00,2023-11-21,132.65,132.65,132.65,132.65,0,0,1
FINNIFTY21NOV2320600PE.NFO,2023-10-19,13:10:00,2023-11-21,132.65,132.65,132.65,132.65,0,0,1
FINNIFTY21NOV2320600PE.NFO,2023-10-19,13:11:00,2023-11-21,132.65,132.65,132.65,132.65,0,0,1
FINNIFTY21NOV2320600PE.NFO,2023-10-19,13:12:00,2023-11-21,132.65,132.65,132.65,132.65,0,0,1
FINNIFTY21NOV2320600PE.NFO,2023-10-19,13:13:00,2023-11-21,132.65,132.65,132.65,132.65,0,0,1
FINNIFTY21NOV2320600PE.NFO,2023-10-19,13:14:00,2023-11-21,132.65,132.65,132.65,132.65,0,0,1
FINNIFTY21NOV2320600PE.NFO,2023-10-19,13:15:00,2023-11-21,132.65,132.65,132.65,132.65,0,0,1
FINNIFTY21NOV2320600PE.NFO,2023-10-19,13:16:00,2023-11-21,132.65,132.65,132.65,132.65,0,0,1
FINNIFTY21NOV2320600PE.NFO,2023-10-19,13:17:00,2023-11-21,132.65,132.65,132.65,132.65,0,0,1
FINNIFTY21NOV2320600PE.NFO,2023-10-19,13:18:00,2023-11-21,132.65,132.65,132.65,132.65,0,0,1
FINNIFTY21NOV2320600PE.NFO,2023-10-19,13:19:00,2023-11-21,132.65,132.65,132.65,132.65,0,0,1
FINNIFTY21NOV2320600PE.NFO,2023-10-19,13:20:00,2023-11-21,132.65,132.65,132.65,132.65,0,0,1
FINNIFTY21NOV2320600PE.NFO,2023-10-19,13:21:00,2023-11-21,132.65,132.65,132.65,132.65,0,0,1
FINNIFTY21NOV2320600PE.NFO,2023-10-19,13:22:00,2023-11-21,132.65,132.65,132.65,132.65,0,0,1
FINNIFTY21NOV2320600PE.NFO,2023-10-19,13:23:00,2023-11-21,132.65,132.65,132.65,132.65,0,0,1
FINNIFTY21NOV2320600PE.NFO,2023-10-19,13:24:00,2023-11-21,132.65,132.65,132.65,132.65,0,0,1
FINNIFTY21NOV2320600PE.NFO,2023-10-19,13:25:00,2023-11-21,132.65,132.65,132.65,132.65,0,0,1
FINNIFTY21NOV2320600PE.NFO,2023-10-19,13:26:00,2023-11-21,132.65,132.65,132.65,132.65,0,0,1
FINNIFTY21NOV2320600PE.NFO,2023-10-19,13:27:00,2023-11-21,132.65,132.65,132.65,132.65,0,0,1
FINNIFTY21NOV2320600PE.NFO,2023-10-19,13:28:00,2023-11-21,132.65,132.65,132.65,132.65,0,0,1
FINNIFTY21NOV2320600PE.NFO,2023-10-19,13:29:00,2023-11-21,132.65,132.65,132.65,132.65,0,0,1
FINNIFTY21NOV2320600PE.NFO,2023-10-19,13:30:00,2023-11-21,132.65,132.65,132.65,132.65,0,0,1
FINNIFTY21NOV2320600PE.NFO,2023-10-19,13:31:00,2023-11-21,132.65,132.65,132.65,132.65,0,0,1
FINNIFTY21NOV2320600PE.NFO,2023-10-19,13:32:00,2023-11-21,132.65,132.65,132.65,132.65,0,0,1
FINNIFTY21NOV2320600PE.NFO,2023-10-19,13:33:00,2023-11-21,132.65,132.65,132.65,132.65,0,0,1
FINNIFTY21NOV2320600PE.NFO,2023-10-19,13:34:00,2023-11-21,132.65,132.65,132.65,132.65,0,0,1
FINNIFTY21NOV2320600PE.NFO,2023-10-19,13:35:00,2023-11-21,132.65,132.65,132.65,132.65,0,0,1
FINNIFTY21NOV2320600PE.NFO,2023-10-19,13:36:00,2023-11-21,132.65,132.65,132.65,132.65,0,0,1
FINNIFTY21NOV2320600PE.NFO,2023-10-19,13:37:00,2023-11-21,132.65,132.65,132.65,132.65,0,0,1
FINNIFTY21NOV2320600PE.NFO,2023-10-19,13:38:00,2023-11-21,132.65,132.65,132.65,132.65,0,0,1
FINNIFTY21NOV2320600PE.NFO,2023-10-19,13:39:00,2023-11-21,132.65,132.65,132.65,132.65,0,0,1
FINNIFTY21NOV2320600PE.NFO,2023-10-19,13:40:00,2023-11-21,132.65,132.65,132.65,132.65,0,0,1
FINNIFTY21NOV2320600PE.NFO,2023-10-19,13:41:00,2023-11-21,132.65,132.65,132.65,132.65,0,0,1
FINNIFTY21NOV2320600PE.NFO,2023-10-19,13:42:00,2023-11-21,132.65,132.65,132.65,132.65,0,0,1
FINNIFTY21NOV2320600PE.NFO,2023-10-19,13:43:00,2023-11-21,132.65,132.65,132.65,132.65,0,0,1
FINNIFTY21NOV2320600PE.NFO,2023-10-19,13:44:00,2023-11-21,132.65,132.65,132.65,132.65,0,0,1
FINNIFTY21NOV2320600PE.NFO,2023-10-19,13:45:00,2023-11-21,132.65,132.65,132.65,132.65,0,0,1
FINNIFTY21NOV2320600PE.NFO,2023-10-19,13:46:00,2023-11-21,132.65,132.65,132.65,132.65,0,0,1
FINNIFTY21NOV2320600PE.NFO,2023-10-19,13:47:00,2023-11-21,132.65,132.65,132.65,132.65,0,0,1
FINNIFTY21NOV2320600PE.NFO,2023-10-19,13:48:00,2023-11-21,132.65,132.65,132.65,132.65,0,0,1
FINNIFTY21NOV2320600PE.NFO,2023-10-19,13:49:00,2023-11-21,132.65,132.65,132.65,132.65,0,0,1
FINNIFTY21NOV2320600PE.NFO,2023-10-19,13:50:00,2023-11-21,132.65,132.65,132.65,132.65,0,0,1
FINNIFTY21NOV2320600PE.NFO,2023-10-19,13:51:00,2023-11-21,132.65,132.65,132.65,132.65,0,0,1
FINNIFTY21NOV2320600PE.NFO,2023-10-19,13:52:00,2023-11-21,132.65,132.65,132.65,132.65,0,0,1
FINNIFTY21NOV2320600PE.NFO,2023-10-19,13:53:00,2023-11-21,132.65,132.65,132.65,132.65,0,0,1
FINNIFTY21NOV2320600PE.NFO,2023-10-19,13:54:00,2023-11-21,132.65,132.65,132.65,132.65,0,0,1
FINNIFTY21NOV2320600PE.NFO,2023-10-19,13:55:00,2023-11-21,132.65,132.65,132.65,132.65,0,0,1
FINNIFTY21NOV2320600PE.NFO,2023-10-19,13:56:00,2023-11-21,132.65,132.65,132.65,132.65,0,0,1
FINNIFTY21NOV2320600PE.NFO,2023-10-19,13:57:00,2023-11-21,132.65,132.65,132.65,132.65,0,0,1
FINNIFTY21NOV2320600PE.NFO,2023-10-19,13:58:00,2023-11-21,132.65,132.65,132.65,132.65,0,0,1
FINNIFTY21NOV2320600PE.NFO,2023-10-19,13:59:00,2023-11-21,132.65,132.65,132.65,132.65,0,0,1
FINNIFTY21NOV2320600PE.NFO,2023-10-19,14:00:00,2023-11-21,132.65,132.65,132.65,132.65,0,0,1
FINNIFTY21NOV2320600PE.NFO,2023-10-19,14:01:00,2023-11-21,132.65,132.65,132.65,132.65,0,0,1
FINNIFTY21NOV2320600PE.NFO,2023-10-19,14:02:00,2023-11-21,132.65,132.65,132.65,132.65,0,0,1
FINNIFTY21NOV2320600PE.NFO,2023-10-19,14:03:00,2023-11-21,132.65,132.65,132.65,132.65,0,0,1
FINNIFTY21NOV2320600PE.NFO,2023-10-19,14:04:00,2023-11-21,132.65,132.65,132.65,132.65,0,0,1
FINNIFTY21NOV2320600PE.NFO,2023-10-19,14:05:00,2023-11-21,132.65,132.65,132.65,132.65,0,0,1
FINNIFTY21NOV2320600PE.NFO,2023-10-19,14:06:00,2023-11-21,132.65,132.65,132.65,132.65,0,0,1
FINNIFTY21NOV2320600PE.NFO,2023-10-19,14:07:00,2023-11-21,132.65,132.65,132.65,132.65,0,0,1
FINNIFTY21NOV2320600PE.NFO,2023-10-19,14:08:00,2023-11-21,132.65,132.65,132.65,132.65,0,0,1
FINNIFTY21NOV2320600PE.NFO,2023-10-19,14:09:00,2023-11-21,132.65,132.65,132.65,132.65,0,0,1
FINNIFTY21NOV2320600PE.NFO,2023-10-19,14:10:00,2023-11-21,132.65,132.65,132.65,132.65,0,0,1
FINNIFTY21NOV2320600PE.NFO,2023-10-19,14:11:00,2023-11-21,132.65,132.65,132.65,132.65,0,0,1
FINNIFTY21NOV2320600PE.NFO,2023-10-19,14:12:00,2023-11-21,132.65,132.65,132.65,132.65,0,0,1
FINNIFTY21NOV2320600PE.NFO,2023-10-19,14:13:00,2023-11-21,132.65,132.65,132.65,132.65,0,0,1
FINNIFTY21NOV2320600PE.NFO,2023-10-19,14:14:00,2023-11-21,132.65,132.65,132.65,132.65,0,0,1
FINNIFTY21NOV2320600PE.NFO,2023-10-19,14:15:00,2023-11-21,132.65,132.65,132.65,132.65,0,0,1
FINNIFTY21NOV2320600PE.NFO,2023-10-19,14:16:00,2023-11-21,132.65,132.65,132.65,132.65,0,0,1
FINNIFTY21NOV2320600PE.NFO,2023-10-19,14:17:00,2023-11-21,132.65,132.65,132.65,132.65,0,0,1
FINNIFTY21NOV2320600PE.NFO,2023-10-19,14:18:00,2023-11-21,132.65,132.65,132.65,132.65,0,0,1
FINNIFTY21NOV2320600PE.NFO,2023-10-19,14:19:00,2023-11-21,132.65,132.65,132.65,132.65,0,0,1
FINNIFTY21NOV2320600PE.NFO,2023-10-19,14:20:00,2023-11-21,132.65,132.65,132.65,132.65,0,0,1
FINNIFTY21NOV2320600PE.NFO,2023-10-19,14:21:00,2023-11-21,132.65,132.65,132.65,132.65,0,0,1
FINNIFTY21NOV2320600PE.NFO,2023-10-19,14:22:00,2023-11-21,132.65,132.65,132.65,132.65,0,0,1
FINNIFTY21NOV2320600PE.NFO,2023-10-19,14:23:00,2023-11-21,132.65,132.65,132.65,132.65,0,0,1
FINNIFTY21NOV2320600PE.NFO,2023-10-19,14:24:00,2023-11-21,132.65,132.65,132.65,132.65,0,0,1
FINNIFTY21NOV2320600PE.NFO,2023-10-19,14:25:00,2023-11-21,132.65,132.65,132.65,132.65,0,0,1
FINNIFTY21NOV2320600PE.NFO,2023-10-19,14:26:00,2023-11-21,132.65,132.65,132.65,132.65,0,0,1
FINNIFTY21NOV2320600PE.NFO,2023-10-19,14:27:00,2023-11-21,132.65,132.65,132.65,132.65,0,0,1
FINNIFTY21NOV2320600PE.NFO,2023-10-19,14:28:00,2023-11-21,132.65,132.65,132.65,132.65,0,0,1
FINNIFTY21NOV2320600PE.NFO,2023-10-19,14:29:00,2023-11-21,132.65,132.65,132.65,132.65,0,0,1
FINNIFTY21NOV2320600PE.NFO,2023-10-19,14:30:00,2023-11-21,132.65,132.65,132.65,132.65,0,0,1
FINNIFTY21NOV2320600PE.NFO,2023-10-19,14:31:00,2023-11-21,132.65,132.65,132.65,132.65,0,0,1
FINNIFTY21NOV2320600PE.NFO,2023-10-19,14:32:00,2023-11-21,132.65,132.65,132.65,132.65,0,0,1
FINNIFTY21NOV2320600PE.NFO,2023-10-19,14:33:00,2023-11-21,132.65,132.65,132.65,132.65,0,0,1
FINNIFTY21NOV2320600PE.NFO,2023-10-19,14:34:00,2023-11-21,132.65,132.65,132.65,132.65,0,0,1
FINNIFTY21NOV2320600PE.NFO,2023-10-19,14:35:00,2023-11-21,132.65,132.65,132.65,132.65,0,0,1
FINNIFTY21NOV2320600PE.NFO,2023-10-19,14:36:00,2023-11-21,132.65,132.65,132.65,132.65,0,0,1
FINNIFTY21NOV2320600PE.NFO,2023-10-19,14:37:00,2023-11-21,132.65,132.65,132.65,132.65,0,0,1
FINNIFTY21NOV2320600PE.NFO,2023-10-19,14:38:00,2023-11-21,132.65,132.65,132.65,132.65,0,0,1
FINNIFTY21NOV2320600PE.NFO,2023-10-19,14:39:00,2023-11-21,132.65,132.65,132.65,132.65,0,0,1
FINNIFTY21NOV2320600PE.NFO,2023-10-19,14:40:00,2023-11-21,132.65,132.65,132.65,132.65,0,0,1
FINNIFTY21NOV2320600PE.NFO,2023-10-19,14:41:00,2023-11-21,132.65,132.65,132.65,132.65,0,0,1
FINNIFTY21NOV2320600PE.NFO,2023-10-19,14:42:00,2023-11-21,132.65,132.65,132.65,132.65,0,0,1
FINNIFTY21NOV2320600PE.NFO,2023-10-19,14:43:00,2023-11-21,132.65,132.65,132.65,132.65,0,0,1
FINNIFTY21NOV2320600PE.NFO,2023-10-19,14:44:00,2023-11-21,132.65,132.65,132.65,132.65,0,0,1
FINNIFTY21NOV2320600PE.NFO,2023-10-19,14:45:00,2023-11-21,132.65,132.65,132.65,132.65,0,0,1
FINNIFTY21NOV2320600PE.NFO,2023-10-19,14:46:00,2023-11-21,132.65,132.65,132.65,132.65,0,0,1
FINNIFTY21NOV2320600PE.NFO,2023-10-19,14:47:00,2023-11-21,132.65,132.65,132.65,132.65,0,0,1
FINNIFTY21NOV2320600PE.NFO,2023-10-19,14:48:00,2023-11-21,132.65,132.65,132.65,132.65,0,0,1
FINNIFTY21NOV2320600PE.NFO,2023-10-19,14:49:00,2023-11-21,132.65,132.65,132.65,132.65,0,0,1
FINNIFTY21NOV2320600PE.NFO,2023-10-19,14:50:00,2023-11-21,132.65,132.65,132.65,132.65,0,0,1
FINNIFTY21NOV2320600PE.NFO,2023-10-19,14:51:00,2023-11-21,132.65,132.65,132.65,132.65,0,0,1
FINNIFTY21NOV2320600PE.NFO,2023-10-19,14:52:00,2023-11-21,132.65,132.65,132.65,132.65,0,0,1
FINNIFTY21NOV2320600PE.NFO,2023-10-19,14:53:00,2023-11-21,132.65,132.65,132.65,132.65,0,0,1
FINNIFTY21NOV2320600PE.NFO,2023-10-19,14:54:00,2023-11-21,132.65,132.65,132.65,132.65,0,0,1
FINNIFTY21NOV2320600PE.NFO,2023-10-19,14:55:00,2023-11-21,132.65,132.65,132.65,132.65,0,0,1
FINNIFTY21NOV2320600PE.NFO,2023-10-19,14:56:00,2023-11-21,132.65,132.65,132.65,132.65,0,0,1
FINNIFTY21NOV2320600PE.NFO,2023-10-19,14:57:00,2023-11-21,132.65,132.65,132.65,132.65,0,0,1
FINNIFTY21NOV2320600PE.NFO,2023-10-19,14:58:00,2023-11-21,132.65,132.65,132.65,132.65,0,0,1
FINNIFTY21NOV2320600PE.NFO,2023-10-19,14:59:00,2023-11-21,132.65,132.65,132.65,132.65,0,0,1
FINNIFTY21NOV2320600PE.NFO,2023-10-19,15:00:00,2023-11-21,132.65,132.65,132.65,132.65,0,0,1
FINNIFTY21NOV2320600PE.NFO,2023-10-19,15:01:00,2023-11-21,132.65,132.65,132.65,132.65,0,0,1
FINNIFTY21NOV2320600PE.NFO,2023-10-19,15:02:00,2023-11-21,132.65,132.65,132.65,132.65,0,0,1
FINNIFTY21NOV2320600PE.NFO,2023-10-19,15:03:00,2023-11-21,132.65,132.65,132.65,132.65,0,0,1
FINNIFTY21NOV2320600PE.NFO,2023-10-19,15:04:00,2023-11-21,132.65,132.65,132.65,132.65,0,0,1
FINNIFTY21NOV2320600PE.NFO,2023-10-19,15:05:00,2023-11-21,132.65,132.65,132.65,132.65,0,0,1
FINNIFTY21NOV2320600PE.NFO,2023-10-19,15:06:00,2023-11-21,132.65,132.65,132.65,132.65,0,0,1
FINNIFTY21NOV2320600PE.NFO,2023-10-19,15:07:00,2023-11-21,132.65,132.65,132.65,132.65,0,0,1
FINNIFTY21NOV2320600PE.NFO,2023-10-19,15:08:00,2023-11-21,132.65,132.65,132.65,132.65,0,0,1
FINNIFTY21NOV2320600PE.NFO,2023-10-19,15:09:00,2023-11-21,132.65,132.65,132.65,132.65,0,0,1
FINNIFTY21NOV2320600PE.NFO,2023-10-19,15:10:00,2023-11-21,132.65,132.65,132.65,132.65,0,0,1
FINNIFTY21NOV2320600PE.NFO,2023-10-19,15:11:00,2023-11-21,132.65,132.65,132.65,132.65,0,0,1
FINNIFTY21NOV2320600PE.NFO,2023-10-19,15:12:00,2023-11-21,132.65,132.65,132.65,132.65,0,0,1
FINNIFTY21NOV2320600PE.NFO,2023-10-19,15:13:00,2023-11-21,132.65,132.65,132.65,132.65,0,0,1
FINNIFTY21NOV2320600PE.NFO,2023-10-19,15:14:00,2023-11-21,132.65,132.65,132.65,132.65,0,0,1
FINNIFTY21NOV2320600PE.NFO,2023-10-19,15:15:00,2023-11-21,132.65,132.65,132.65,132.65,0,0,1
FINNIFTY21NOV2320600PE.NFO,2023-10-19,15:16:00,2023-11-21,132.65,132.65,132.65,132.65,0,0,1
FINNIFTY21NOV2320600PE.NFO,2023-10-19,15:17:00,2023-11-21,132.65,132.65,132.65,132.65,0,0,1
FINNIFTY21NOV2320600PE.NFO,2023-10-19,15:18:00,2023-11-21,132.65,132.65,132.65,132.65,0,0,1
FINNIFTY21NOV2320600PE.NFO,2023-10-19,15:19:00,2023-11-21,132.65,132.65,132.65,132.65,0,0,1
FINNIFTY21NOV2320600PE.NFO,2023-10-19,15:20:00,2023-11-21,132.65,132.65,132.65,132.65,0,0,1
FINNIFTY21NOV2320600PE.NFO,2023-10-19,15:21:00,2023-11-21,132.65,132.65,132.65,132.65,0,0,1
FINNIFTY21NOV2320600PE.NFO,2023-10-19,15:22:00,2023-11-21,132.65,132.65,132.65,132.65,0,0,1
FINNIFTY21NOV2320600PE.NFO,2023-10-19,15:23:00,2023-11-21,132.65,132.65,132.65,132.65,0,0,1
FINNIFTY21NOV2320600PE.NFO,2023-10-19,15:24:00,2023-11-21,132.65,132.65,132.65,132.65,0,0,1
FINNIFTY21NOV2320600PE.NFO,2023-10-19,15:25:00,2023-11-21,132.65,132.65,132.65,132.65,0,0,1
FINNIFTY21NOV2320600PE.NFO,2023-10-19,15:26:00,2023-11-21,132.65,132.65,132.65,132.65,0,0,1
FINNIFTY21NOV2320600PE.NFO,2023-10-19,15:27:00,2023-11-21,132.65,132.65,132.65,132.65,0,0,1
FINNIFTY21NOV2320600PE.NFO,2023-10-19,15:28:00,2023-11-21,132.65,132.65,132.65,132.65,0,0,1
FINNIFTY21NOV2320600PE.NFO,2023-10-19,15:29:00,2023-11-21,132.65,132.65,132.65,132.65,0,0,1
FINNIFTY21NOV2320600PE.NFO,2023-10-19,15:30:00,2023-11-21,132.65,132.65,132.65,132.65,0,0,1
FINNIFTY21NOV2320600PE.NFO,2023-10-20,09:15:00,2023-11-21,132.65,132.65,132.65,132.65,0,0,0
FINNIFTY21NOV2320600PE.NFO,2023-10-20,09:16:00,2023-11-21,132.65,132.65,132.65,132.65,0,0,1
FINNIFTY21NOV2320600PE.NFO,2023-10-20,09:17:00,2023-11-21,132.65,132.65,132.65,132.65,0,0,1
FINNIFTY21NOV2320600PE.NFO,2023-10-20,09:18:00,2023-11-21,132.65,132.65,132.65,132.65,0,0,1
FINNIFTY21NOV2320600PE.NFO,2023-10-20,09:19:00,2023-11-21,132.65,132.65,132.65,132.65,0,0,1
FINNIFTY21NOV2320600PE.NFO,2023-10-20,09:20:00,2023-11-21,132.65,132.65,132.65,132.65,0,0,1
FINNIFTY21NOV2320600PE.NFO,2023-10-20,09:21:00,2023-11-21,132.65,132.65,132.65,132.65,0,0,1
FINNIFTY21NOV2320600PE.NFO,2023-10-20,09:22:00,2023-11-21,132.65,132.65,132.65,132.65,0,0,1
FINNIFTY21NOV2320600PE.NFO,2023-10-20,09:23:00,2023-11-21,132.65,132.65,132.65,132.65,0,0,1
FINNIFTY21NOV2320600PE.NFO,2023-10-20,09:24:00,2023-11-21,132.65,132.65,132.65,132.65,0,0,1
FINNIFTY21NOV2320600PE.NFO,2023-10-20,09:25:00,2023-11-21,132.65,132.65,132.65,132.65,0,0,1
FINNIFTY21NOV2320600PE.NFO,2023-10-20,09:26:00,2023-11-21,132.65,132.65,132.65,132.65,0,0,1
FINNIFTY21NOV2320600PE.NFO,2023-10-20,09:27:00,2023-11-21,132.65,132.65,132.65,132.65,0,0,1
FINNIFTY21NOV2320600PE.NFO,2023-10-20,09:28:00,2023-11-21,132.65,132.65,132.65,132.65,0,0,1
FINNIFTY21NOV2320600PE.NFO,2023-10-20,09:29:00,2023-11-21,132.65,132.65,132.65,132.65,0,0,1
FINNIFTY21NOV2320600PE.NFO,2023-10-20,09:30:00,2023-11-21,132.65,132.65,132.65,132.65,0,0,1
FINNIFTY21NOV2320600PE.NFO,2023-10-20,09:31:00,2023-11-21,132.65,132.65,132.65,132.65,0,0,1
FINNIFTY21NOV2320600PE.NFO,2023-10-20,09:32:00,2023-11-21,132.65,132.65,132.65,132.65,0,0,1
FINNIFTY21NOV2320600PE.NFO,2023-10-20,09:33:00,2023-11-21,132.65,132.65,132.65,132.65,0,0,1
FINNIFTY21NOV2320600PE.NFO,2023-10-20,09:34:00,2023-11-21,132.65,132.65,132.65,132.65,0,0,1
FINNIFTY21NOV2320600PE.NFO,2023-10-20,09:35:00,2023-11-21,132.65,132.65,132.65,132.65,0,0,1
FINNIFTY21NOV2320600PE.NFO,2023-10-20,09:36:00,2023-11-21,132.65,132.65,132.65,132.65,0,0,1
FINNIFTY21NOV2320600PE.NFO,2023-10-20,09:37:00,2023-11-21,132.65,132.65,132.65,132.65,0,0,1
FINNIFTY21NOV2320600PE.NFO,2023-10-20,09:38:00,2023-11-21,132.65,132.65,132.65,132.65,0,0,1
FINNIFTY21NOV2320600PE.NFO,2023-10-20,09:39:00,2023-11-21,132.65,132.65,132.65,132.65,0,0,1
FINNIFTY21NOV2320600PE.NFO,2023-10-20,09:40:00,2023-11-21,132.65,132.65,132.65,132.65,0,0,1
FINNIFTY21NOV2320600PE.NFO,2023-10-20,09:41:00,2023-11-21,132.65,132.65,132.65,132.65,0,0,1
FINNIFTY21NOV2320600PE.NFO,2023-10-20,09:42:00,2023-11-21,132.65,132.65,132.65,132.65,0,0,1
FINNIFTY21NOV2320600PE.NFO,2023-10-20,09:43:00,2023-11-21,132.65,132.65,132.65,132.65,0,0,1
FINNIFTY21NOV2320600PE.NFO,2023-10-20,09:44:00,2023-11-21,132.65,132.65,132.65,132.65,0,0,1
FINNIFTY21NOV2320600PE.NFO,2023-10-20,09:45:00,2023-11-21,132.65,132.65,132.65,132.65,0,0,1
FINNIFTY21NOV2320600PE.NFO,2023-10-20,09:46:00,2023-11-21,132.65,132.65,132.65,132.65,0,0,1
FINNIFTY21NOV2320600PE.NFO,2023-10-20,09:47:00,2023-11-21,132.65,132.65,132.65,132.65,0,0,1
FINNIFTY21NOV2320600PE.NFO,2023-10-20,09:48:00,2023-11-21,132.65,132.65,132.65,132.65,0,0,1
FINNIFTY21NOV2320600PE.NFO,2023-10-20,09:49:00,2023-11-21,132.65,132.65,132.65,132.65,0,0,1
FINNIFTY21NOV2320600PE.NFO,2023-10-20,09:50:00,2023-11-21,132.65,132.65,132.65,132.65,0,0,1
FINNIFTY21NOV2320600PE.NFO,2023-10-20,09:51:00,2023-11-21,132.65,132.65,132.65,132.65,0,0,1
FINNIFTY21NOV2320600PE.NFO,2023-10-20,09:52:00,2023-11-21,132.65,132.65,132.65,132.65,0,0,1
FINNIFTY21NOV2320600PE.NFO,2023-10-20,09:53:00,2023-11-21,132.65,132.65,132.65,132.65,0,0,1
FINNIFTY21NOV2320600PE.NFO,2023-10-20,09:54:00,2023-11-21,132.65,132.65,132.65,132.65,0,0,1
FINNIFTY21NOV2320600PE.NFO,2023-10-20,09:55:00,2023-11-21,132.65,132.65,132.65,132.65,0,0,1
FINNIFTY21NOV2320600PE.NFO,2023-10-20,09:56:00,2023-11-21,132.65,132.65,132.65,132.65,0,0,1
FINNIFTY21NOV2320600PE.NFO,2023-10-20,09:57:00,2023-11-21,132.65,132.65,132.65,132.65,0,0,1
FINNIFTY21NOV2320600PE.NFO,2023-10-20,09:58:00,2023-11-21,132.65,132.65,132.65,132.65,0,0,1
FINNIFTY21NOV2320600PE.NFO,2023-10-20,09:59:00,2023-11-21,132.65,132.65,132.65,132.65,0,0,1
FINNIFTY21NOV2320600PE.NFO,2023-10-20,10:00:00,2023-11-21,132.65,132.65,132.65,132.65,0,0,1
FINNIFTY21NOV2320600PE.NFO,2023-10-20,10:01:00,2023-11-21,132.65,132.65,132.65,132.65,0,0,1
FINNIFTY21NOV2320600PE.NFO,2023-10-20,10:02:00,2023-11-21,132.65,132.65,132.65,132.65,0,0,1
FINNIFTY21NOV2320600PE.NFO,2023-10-20,10:03:00,2023-11-21,132.65,132.65,132.65,132.65,0,0,1
FINNIFTY21NOV2320600PE.NFO,2023-10-20,10:04:00,2023-11-21,132.65,132.65,132.65,132.65,0,0,1
FINNIFTY21NOV2320600PE.NFO,2023-10-20,10:05:00,2023-11-21,132.65,132.65,132.65,132.65,0,0,1
FINNIFTY21NOV2320600PE.NFO,2023-10-20,10:06:00,2023-11-21,132.65,132.65,132.65,132.65,0,0,1
FINNIFTY21NOV2320600PE.NFO,2023-10-20,10:07:00,2023-11-21,132.65,132.65,132.65,132.65,0,0,1
FINNIFTY21NOV2320600PE.NFO,2023-10-20,10:08:00,2023-11-21,132.65,132.65,132.65,132.65,0,0,1
FINNIFTY21NOV2320600PE.NFO,2023-10-20,10:09:00,2023-11-21,132.65,132.65,132.65,132.65,0,0,1
FINNIFTY21NOV2320600PE.NFO,2023-10-20,10:10:00,2023-11-21,132.65,132.65,132.65,132.65,0,0,1
FINNIFTY21NOV2320600PE.NFO,2023-10-20,10:11:00,2023-11-21,132.65,132.65,132.65,132.65,0,0,1
FINNIFTY21NOV2320600PE.NFO,2023-10-20,10:12:00,2023-11-21,132.65,132.65,132.65,132.65,0,0,1
FINNIFTY21NOV2320600PE.NFO,2023-10-20,10:13:00,2023-11-21,132.65,132.65,132.65,132.65,0,0,1
FINNIFTY21NOV2320600PE.NFO,2023-10-20,10:14:00,2023-11-21,132.65,132.65,132.65,132.65,0,0,1
FINNIFTY21NOV2320600PE.NFO,2023-10-20,10:15:00,2023-11-21,132.65,132.65,132.65,132.65,0,0,1
FINNIFTY21NOV2320600PE.NFO,2023-10-20,10:16:00,2023-11-21,132.65,132.65,132.65,132.65,0,0,1
FINNIFTY21NOV2320600PE.NFO,2023-10-20,10:17:00,2023-11-21,132.65,132.65,132.65,132.65,0,0,1
FINNIFTY21NOV2320600PE.NFO,2023-10-20,10:18:00,2023-11-21,132.65,132.65,132.65,132.65,0,0,1
FINNIFTY21NOV2320600PE.NFO,2023-10-20,10:19:00,2023-11-21,132.65,132.65,132.65,132.65,0,0,1
FINNIFTY21NOV2320600PE.NFO,2023-10-20,10:20:00,2023-11-21,132.65,132.65,132.65,132.65,0,0,1
FINNIFTY21NOV2320600PE.NFO,2023-10-20,10:21:00,2023-11-21,132.65,132.65,132.65,132.65,0,0,1
FINNIFTY21NOV2320600PE.NFO,2023-10-20,10:22:00,2023-11-21,132.65,132.65,132.65,132.65,0,0,1
FINNIFTY21NOV2320600PE.NFO,2023-10-20,10:23:00,2023-11-21,132.65,132.65,132.65,132.65,0,0,1
FINNIFTY21NOV2320600PE.NFO,2023-10-20,10:24:00,2023-11-21,132.65,132.65,132.65,132.65,0,0,1
FINNIFTY21NOV2320600PE.NFO,2023-10-20,10:25:00,2023-11-21,132.65,132.65,132.65,132.65,0,0,1
FINNIFTY21NOV2320600PE.NFO,2023-10-20,10:26:00,2023-11-21,132.65,132.65,132.65,132.65,0,0,1
FINNIFTY21NOV2320600PE.NFO,2023-10-20,10:27:00,2023-11-21,132.65,132.65,132.65,132.65,0,0,1
FINNIFTY21NOV2320600PE.NFO,2023-10-20,10:28:00,2023-11-21,132.65,132.65,132.65,132.65,0,0,1
FINNIFTY21NOV2320600PE.NFO,2023-10-20,10:29:00,2023-11-21,132.65,132.65,132.65,132.65,0,0,1
FINNIFTY21NOV2320600PE.NFO,2023-10-20,10:30:00,2023-11-21,132.65,132.65,132.65,132.65,0,0,1
FINNIFTY21NOV2320600PE.NFO,2023-10-20,10:31:00,2023-11-21,132.65,132.65,132.65,132.65,0,0,1
FINNIFTY21NOV2320600PE.NFO,2023-10-20,10:32:00,2023-11-21,132.65,132.65,132.65,132.65,0,0,1
FINNIFTY21NOV2320600PE.NFO,2023-10-20,10:33:00,2023-11-21,132.65,132.65,132.65,132.65,0,0,1
FINNIFTY21NOV2320600PE.NFO,2023-10-20,10:34:00,2023-11-21,132.65,132.65,132.65,132.65,0,0,1
FINNIFTY21NOV2320600PE.NFO,2023-10-20,10:35:00,2023-11-21,132.65,132.65,132.65,132.65,0,0,1
FINNIFTY21NOV2320600PE.NFO,2023-10-20,10:36:00,2023-11-21,132.65,132.65,132.65,132.65,0,0,1
FINNIFTY21NOV2320600PE.NFO,2023-10-20,10:37:00,2023-11-21,132.65,132.65,132.65,132.65,0,0,1
FINNIFTY21NOV2320600PE.NFO,2023-10-20,10:38:00,2023-11-21,132.65,132.65,132.65,132.65,0,0,1
FINNIFTY21NOV2320600PE.NFO,2023-10-20,10:39:00,2023-11-21,132.65,132.65,132.65,132.65,0,0,1
FINNIFTY21NOV2320600PE.NFO,2023-10-20,10:40:00,2023-11-21,132.65,132.65,132.65,132.65,0,0,1
FINNIFTY21NOV2320600PE.NFO,2023-10-20,10:41:00,2023-11-21,132.65,132.65,132.65,132.65,0,0,1
FINNIFTY21NOV2320600PE.NFO,2023-10-20,10:42:00,2023-11-21,132.65,132.65,132.65,132.65,0,0,1
FINNIFTY21NOV2320600PE.NFO,2023-10-20,10:43:00,2023-11-21,132.65,132.65,132.65,132.65,0,0,1
FINNIFTY21NOV2320600PE.NFO,2023-10-20,10:44:00,2023-11-21,132.65,132.65,132.65,132.65,0,0,1
FINNIFTY21NOV2320600PE.NFO,2023-10-20,10:45:00,2023-11-21,132.65,132.65,132.65,132.65,0,0,1
FINNIFTY21NOV2320600PE.NFO,2023-10-20,10:46:00,2023-11-21,132.65,132.65,132.65,132.65,0,0,1
FINNIFTY21NOV2320600PE.NFO,2023-10-20,10:47:00,2023-11-21,132.65,132.65,132.65,132.65,0,0,1
FINNIFTY21NOV2320600PE.NFO,2023-10-20,10:48:00,2023-11-21,132.65,132.65,132.65,132.65,0,0,1
FINNIFTY21NOV2320600PE.NFO,2023-10-20,10:49:00,2023-11-21,132.65,132.65,132.65,132.65,0,0,1
FINNIFTY21NOV2320600PE.NFO,2023-10-20,10:50:00,2023-11-21,132.65,132.65,132.65,132.65,0,0,1
FINNIFTY21NOV2320600PE.NFO,2023-10-20,10:51:00,2023-11-21,132.65,132.65,132.65,132.65,0,0,1
FINNIFTY21NOV2320600PE.NFO,2023-10-20,10:52:00,2023-11-21,132.65,132.65,132.65,132.65,0,0,1
FINNIFTY21NOV2320600PE.NFO,2023-10-20,10:53:00,2023-11-21,132.65,132.65,132.65,132.65,0,0,1
FINNIFTY21NOV2320600PE.NFO,2023-10-20,10:54:00,2023-11-21,132.65,132.65,132.65,132.65,0,0,1
FINNIFTY21NOV2320600PE.NFO,2023-10-20,10:55:00,2023-11-21,132.65,132.65,132.65,132.65,0,0,1
FINNIFTY21NOV2320600PE.NFO,2023-10-20,10:56:00,2023-11-21,132.65,132.65,132.65,132.65,0,0,1
FINNIFTY21NOV2320600PE.NFO,2023-10-20,10:57:00,2023-11-21,132.65,132.65,132.65,132.65,0,0,1
FINNIFTY21NOV2320600PE.NFO,2023-10-20,10:58:00,2023-11-21,132.65,132.65,132.65,132.65,0,0,1
FINNIFTY21NOV2320600PE.NFO,2023-10-20,10:59:00,2023-11-21,132.65,132.65,132.65,132.65,0,0,1
FINNIFTY21NOV2320600PE.NFO,2023-10-20,11:00:00,2023-11-21,132.65,132.65,132.65,132.65,0,0,1
FINNIFTY21NOV2320600PE.NFO,2023-10-20,11:01:00,2023-11-21,132.65,132.65,132.65,132.65,0,0,1
FINNIFTY21NOV2320600PE.NFO,2023-10-20,11:02:00,2023-11-21,132.65,132.65,132.65,132.65,0,0,1
FINNIFTY21NOV2320600PE.NFO,2023-10-20,11:03:00,2023-11-21,132.65,132.65,132.65,132.65,0,0,1
FINNIFTY21NOV2320600PE.NFO,2023-10-20,11:04:00,2023-11-21,132.65,132.65,132.65,132.65,0,0,1
FINNIFTY21NOV2320600PE.NFO,2023-10-20,11:05:00,2023-11-21,132.65,132.65,132.65,132.65,0,0,1
FINNIFTY21NOV2320600PE.NFO,2023-10-20,11:06:00,2023-11-21,132.65,132.65,132.65,132.65,0,0,1
FINNIFTY21NOV2320600PE.NFO,2023-10-20,11:07:00,2023-11-21,132.65,132.65,132.65,132.65,0,0,1
FINNIFTY21NOV2320600PE.NFO,2023-10-20,11:08:00,2023-11-21,132.65,132.65,132.65,132.65,0,0,1
FINNIFTY21NOV2320600PE.NFO,2023-10-20,11:09:00,2023-11-21,132.65,132.65,132.65,132.65,0,0,1
FINNIFTY21NOV2320600PE.NFO,2023-10-20,11:10:00,2023-11-21,132.65,132.65,132.65,132.65,0,0,1
FINNIFTY21NOV2320600PE.NFO,2023-10-20,11:11:00,2023-11-21,132.65,132.65,132.65,132.65,0,0,1
FINNIFTY21NOV2320600PE.NFO,2023-10-20,11:12:00,2023-11-21,132.65,132.65,132.65,132.65,0,0,1
FINNIFTY21NOV2320600PE.NFO,2023-10-20,11:13:00,2023-11-21,132.65,132.65,132.65,132.65,0,0,1
FINNIFTY21NOV2320600PE.NFO,2023-10-20,11:14:00,2023-11-21,132.65,132.65,132.65,132.65,0,0,1
FINNIFTY21NOV2320600PE.NFO,2023-10-20,11:15:00,2023-11-21,132.65,132.65,132.65,132.65,0,0,1
FINNIFTY21NOV2320600PE.NFO,2023-10-20,11:16:00,2023-11-21,132.65,132.65,132.65,132.65,0,0,1
FINNIFTY21NOV2320600PE.NFO,2023-10-20,11:17:00,2023-11-21,132.65,132.65,132.65,132.65,0,0,1
FINNIFTY21NOV2320600PE.NFO,2023-10-20,11:18:00,2023-11-21,132.65,132.65,132.65,132.65,0,0,1
FINNIFTY21NOV2320600PE.NFO,2023-10-20,11:19:00,2023-11-21,132.65,132.65,132.65,132.65,0,0,1
FINNIFTY21NOV2320600PE.NFO,2023-10-20,11:20:00,2023-11-21,132.65,132.65,132.65,132.65,0,0,1
FINNIFTY21NOV2320600PE.NFO,2023-10-20,11:21:00,2023-11-21,132.65,132.65,132.65,132.65,0,0,1
FINNIFTY21NOV2320600PE.NFO,2023-10-20,11:22:00,2023-11-21,132.65,132.65,132.65,132.65,0,0,1
FINNIFTY21NOV2320600PE.NFO,2023-10-20,11:23:00,2023-11-21,132.65,132.65,132.65,132.65,0,0,1
FINNIFTY21NOV2320600PE.NFO,2023-10-20,11:24:00,2023-11-21,132.65,132.65,132.65,132.65,0,0,1
FINNIFTY21NOV2320600PE.NFO,2023-10-20,11:25:00,2023-11-21,132.65,132.65,132.65,132.65,0,0,1
FINNIFTY21NOV2320600PE.NFO,2023-10-20,11:26:00,2023-11-21,132.65,132.65,132.65,132.65,0,0,1
FINNIFTY21NOV2320600PE.NFO,2023-10-20,11:27:00,2023-11-21,132.65,132.65,132.65,132.65,0,0,1
FINNIFTY21NOV2320600PE.NFO,2023-10-20,11:28:00,2023-11-21,132.65,132.65,132.65,132.65,0,0,1
FINNIFTY21NOV2320600PE.NFO,2023-10-20,11:29:00,2023-11-21,132.65,132.65,132.65,132.65,0,0,1
FINNIFTY21NOV2320600PE.NFO,2023-10-20,11:30:00,2023-11-21,132.65,132.65,132.65,132.65,0,0,1
FINNIFTY21NOV2320600PE.NFO,2023-10-20,11:31:00,2023-11-21,132.65,132.65,132.65,132.65,0,0,1
FINNIFTY21NOV2320600PE.NFO,2023-10-20,11:32:00,2023-11-21,132.65,132.65,132.65,132.65,0,0,1
FINNIFTY21NOV2320600PE.NFO,2023-10-20,11:33:00,2023-11-21,132.65,132.65,132.65,132.65,0,0,1
FINNIFTY21NOV2320600PE.NFO,2023-10-20,11:34:00,2023-11-21,132.65,132.65,132.65,132.65,0,0,1
FINNIFTY21NOV2320600PE.NFO,2023-10-20,11:35:00,2023-11-21,132.65,132.65,132.65,132.65,0,0,1
FINNIFTY21NOV2320600PE.NFO,2023-10-20,11:36:00,2023-11-21,132.65,132.65,132.65,132.65,0,0,1
FINNIFTY21NOV2320600PE.NFO,2023-10-20,11:37:00,2023-11-21,132.65,132.65,132.65,132.65,0,0,1
FINNIFTY21NOV2320600PE.NFO,2023-10-20,11:38:00,2023-11-21,132.65,132.65,132.65,132.65,0,0,1
FINNIFTY21NOV2320600PE.NFO,2023-10-20,11:39:00,2023-11-21,132.65,132.65,132.65,132.65,0,0,1
FINNIFTY21NOV2320600PE.NFO,2023-10-20,11:40:00,2023-11-21,132.65,132.65,132.65,132.65,0,0,1
FINNIFTY21NOV2320600PE.NFO,2023-10-20,11:41:00,2023-11-21,132.65,132.65,132.65,132.65,0,0,1
FINNIFTY21NOV2320600PE.NFO,2023-10-20,11:42:00,2023-11-21,132.65,132.65,132.65,132.65,0,0,1
FINNIFTY21NOV2320600PE.NFO,2023-10-20,11:43:00,2023-11-21,132.65,132.65,132.65,132.65,0,0,1
FINNIFTY21NOV2320600PE.NFO,2023-10-20,11:44:00,2023-11-21,132.65,132.65,132.65,132.65,0,0,1
FINNIFTY21NOV2320600PE.NFO,2023-10-20,11:45:00,2023-11-21,132.65,132.65,132.65,132.65,0,0,1
FINNIFTY21NOV2320600PE.NFO,2023-10-20,11:46:00,2023-11-21,132.65,132.65,132.65,132.65,0,0,1
FINNIFTY21NOV2320600PE.NFO,2023-10-20,11:47:00,2023-11-21,132.65,132.65,132.65,132.65,0,0,1
FINNIFTY21NOV2320600PE.NFO,2023-10-20,11:48:00,2023-11-21,132.65,132.65,132.65,132.65,0,0,1
FINNIFTY21NOV2320600PE.NFO,2023-10-20,11:49:00,2023-11-21,132.65,132.65,132.65,132.65,0,0,1
FINNIFTY21NOV2320600PE.NFO,2023-10-20,11:50:00,2023-11-21,132.65,132.65,132.65,132.65,0,0,1
FINNIFTY21NOV2320600PE.NFO,2023-10-20,11:51:00,2023-11-21,132.65,132.65,132.65,132.65,0,0,1
FINNIFTY21NOV2320600PE.NFO,2023-10-20,11:52:00,2023-11-21,132.65,132.65,132.65,132.65,0,0,1
FINNIFTY21NOV2320600PE.NFO,2023-10-20,11:53:00,2023-11-21,132.65,132.65,132.65,132.65,0,0,1
FINNIFTY21NOV2320600PE.NFO,2023-10-20,11:54:00,2023-11-21,132.65,132.65,132.65,132.65,0,0,1
FINNIFTY21NOV2320600PE.NFO,2023-10-20,11:55:00,2023-11-21,132.65,132.65,132.65,132.65,0,0,1
FINNIFTY21NOV2320600PE.NFO,2023-10-20,11:56:00,2023-11-21,132.65,132.65,132.65,132.65,0,0,1
FINNIFTY21NOV2320600PE.NFO,2023-10-20,11:57:00,2023-11-21,132.65,132.65,132.65,132.65,0,0,1
FINNIFTY21NOV2320600PE.NFO,2023-10-20,11:58:00,2023-11-21,132.65,132.65,132.65,132.65,0,0,1
FINNIFTY21NOV2320600PE.NFO,2023-10-20,11:59:00,2023-11-21,132.65,132.65,132.65,132.65,0,0,1
FINNIFTY21NOV2320600PE.NFO,2023-10-20,12:00:00,2023-11-21,132.65,132.65,132.65,132.65,0,0,1
FINNIFTY21NOV2320600PE.NFO,2023-10-20,12:01:00,2023-11-21,132.65,132.65,132.65,132.65,0,0,1
FINNIFTY21NOV2320600PE.NFO,2023-10-20,12:02:00,2023-11-21,132.65,132.65,132.65,132.65,0,0,1
FINNIFTY21NOV2320600PE.NFO,2023-10-20,12:03:00,2023-11-21,132.65,132.65,132.65,132.65,0,0,1
FINNIFTY21NOV2320600PE.NFO,2023-10-20,12:04:00,2023-11-21,132.65,132.65,132.65,132.65,0,0,1
FINNIFTY21NOV2320600PE.NFO,2023-10-20,12:05:00,2023-11-21,132.65,132.65,132.65,132.65,0,0,1
FINNIFTY21NOV2320600PE.NFO,2023-10-20,12:06:00,2023-11-21,132.65,132.65,132.65,132.65,0,0,1
FINNIFTY21NOV2320600PE.NFO,2023-10-20,12:07:00,2023-11-21,132.65,132.65,132.65,132.65,0,0,1
FINNIFTY21NOV2320600PE.NFO,2023-10-20,12:08:00,2023-11-21,132.65,132.65,132.65,132.65,0,0,1
FINNIFTY21NOV2320600PE.NFO,2023-10-20,12:09:00,2023-11-21,132.65,132.65,132.65,132.65,0,0,1
FINNIFTY21NOV2320600PE.NFO,2023-10-20,12:10:00,2023-11-21,132.65,132.65,132.65,132.65,0,0,1
FINNIFTY21NOV2320600PE.NFO,2023-10-20,12:11:00,2023-11-21,132.65,132.65,132.65,132.65,0,0,1
FINNIFTY21NOV2320600PE.NFO,2023-10-20,12:12:00,2023-11-21,132.65,132.65,132.65,132.65,0,0,1
FINNIFTY21NOV2320600PE.NFO,2023-10-20,12:13:00,2023-11-21,132.65,132.65,132.65,132.65,0,0,1
FINNIFTY21NOV2320600PE.NFO,2023-10-20,12:14:00,2023-11-21,132.65,132.65,132.65,132.65,0,0,1
FINNIFTY21NOV2320600PE.NFO,2023-10-20,12:15:00,2023-11-21,132.65,132.65,132.65,132.65,0,0,1
FINNIFTY21NOV2320600PE.NFO,2023-10-20,12:16:00,2023-11-21,132.65,132.65,132.65,132.65,0,0,1
FINNIFTY21NOV2320600PE.NFO,2023-10-20,12:17:00,2023-11-21,132.65,132.65,132.65,132.65,0,0,1
FINNIFTY21NOV2320600PE.NFO,2023-10-20,12:18:00,2023-11-21,132.65,132.65,132.65,132.65,0,0,1
FINNIFTY21NOV2320600PE.NFO,2023-10-20,12:19:00,2023-11-21,132.65,132.65,132.65,132.65,0,0,1
FINNIFTY21NOV2320600PE.NFO,2023-10-20,12:20:00,2023-11-21,132.65,132.65,132.65,132.65,0,0,1
FINNIFTY21NOV2320600PE.NFO,2023-10-20,12:21:00,2023-11-21,132.65,132.65,132.65,132.65,0,0,1
FINNIFTY21NOV2320600PE.NFO,2023-10-20,12:22:00,2023-11-21,132.65,132.65,132.65,132.65,0,0,1
FINNIFTY21NOV2320600PE.NFO,2023-10-20,12:23:00,2023-11-21,132.65,132.65,132.65,132.65,0,0,1
FINNIFTY21NOV2320600PE.NFO,2023-10-20,12:24:00,2023-11-21,132.65,132.65,132.65,132.65,0,0,1
FINNIFTY21NOV2320600PE.NFO,2023-10-20,12:25:00,2023-11-21,132.65,132.65,132.65,132.65,0,0,1
FINNIFTY21NOV2320600PE.NFO,2023-10-20,12:26:00,2023-11-21,132.65,132.65,132.65,132.65,0,0,1
FINNIFTY21NOV2320600PE.NFO,2023-10-20,12:27:00,2023-11-21,132.65,132.65,132.65,132.65,0,0,1
FINNIFTY21NOV2320600PE.NFO,2023-10-20,12:28:00,2023-11-21,132.65,132.65,132.65,132.65,0,0,1
FINNIFTY21NOV2320600PE.NFO,2023-10-20,12:29:00,2023-11-21,132.65,132.65,132.65,132.65,0,0,1
FINNIFTY21NOV2320600PE.NFO,2023-10-20,12:30:00,2023-11-21,132.65,132.65,132.65,132.65,0,0,1
FINNIFTY21NOV2320600PE.NFO,2023-10-20,12:31:00,2023-11-21,132.65,132.65,132.65,132.65,0,0,1
FINNIFTY21NOV2320600PE.NFO,2023-10-20,12:32:00,2023-11-21,132.65,132.65,132.65,132.65,0,0,1
FINNIFTY21NOV2320600PE.NFO,2023-10-20,12:33:00,2023-11-21,132.65,132.65,132.65,132.65,0,0,1
FINNIFTY21NOV2320600PE.NFO,2023-10-20,12:34:00,2023-11-21,132.65,132.65,132.65,132.65,0,0,1
FINNIFTY21NOV2320600PE.NFO,2023-10-20,12:35:00,2023-11-21,132.65,132.65,132.65,132.65,0,0,1
FINNIFTY21NOV2320600PE.NFO,2023-10-20,12:36:00,2023-11-21,132.65,132.65,132.65,132.65,0,0,1
FINNIFTY21NOV2320600PE.NFO,2023-10-20,12:37:00,2023-11-21,132.65,132.65,132.65,132.65,0,0,1
FINNIFTY21NOV2320600PE.NFO,2023-10-20,12:38:00,2023-11-21,132.65,132.65,132.65,132.65,0,0,1
FINNIFTY21NOV2320600PE.NFO,2023-10-20,12:39:00,2023-11-21,132.65,132.65,132.65,132.65,0,0,1
FINNIFTY21NOV2320600PE.NFO,2023-10-20,12:40:00,2023-11-21,132.65,132.65,132.65,132.65,0,0,1
FINNIFTY21NOV2320600PE.NFO,2023-10-20,12:41:00,2023-11-21,132.65,132.65,132.65,132.65,0,0,1
FINNIFTY21NOV2320600PE.NFO,2023-10-20,12:42:00,2023-11-21,132.65,132.65,132.65,132.65,0,0,1
FINNIFTY21NOV2320600PE.NFO,2023-10-20,12:43:00,2023-11-21,132.65,132.65,132.65,132.65,0,0,1
FINNIFTY21NOV2320600PE.NFO,2023-10-20,12:44:00,2023-11-21,132.65,132.65,132.65,132.65,0,0,1
FINNIFTY21NOV2320600PE.NFO,2023-10-20,12:45:00,2023-11-21,132.65,132.65,132.65,132.65,0,0,1
FINNIFTY21NOV2320600PE.NFO,2023-10-20,12:46:00,2023-11-21,132.65,132.65,132.65,132.65,0,0,1
FINNIFTY21NOV2320600PE.NFO,2023-10-20,12:47:00,2023-11-21,132.65,132.65,132.65,132.65,0,0,1
FINNIFTY21NOV2320600PE.NFO,2023-10-20,12:48:00,2023-11-21,132.65,132.65,132.65,132.65,0,0,1
FINNIFTY21NOV2320600PE.NFO,2023-10-20,12:49:00,2023-11-21,132.65,132.65,132.65,132.65,0,0,1
FINNIFTY21NOV2320600PE.NFO,2023-10-20,12:50:00,2023-11-21,132.65,132.65,132.65,132.65,0,0,1
FINNIFTY21NOV2320600PE.NFO,2023-10-20,12:51:00,2023-11-21,132.65,132.65,132.65,132.65,0,0,1
FINNIFTY21NOV2320600PE.NFO,2023-10-20,12:52:00,2023-11-21,132.65,132.65,132.65,132.65,0,0,1
FINNIFTY21NOV2320600PE.NFO,2023-10-20,12:53:00,2023-11-21,132.65,132.65,132.65,132.65,0,0,1
FINNIFTY21NOV2320600PE.NFO,2023-10-20,12:54:00,2023-11-21,132.65,132.65,132.65,132.65,0,0,1
FINNIFTY21NOV2320600PE.NFO,2023-10-20,12:55:00,2023-11-21,132.65,132.65,132.65,132.65,0,0,1
FINNIFTY21NOV2320600PE.NFO,2023-10-20,12:56:00,2023-11-21,132.65,132.65,132.65,132.65,0,0,1
FINNIFTY21NOV2320600PE.NFO,2023-10-20,12:57:00,2023-11-21,132.65,132.65,132.65,132.65,0,0,1
FINNIFTY21NOV2320600PE.NFO,2023-10-20,12:58:00,2023-11-21,132.65,132.65,132.65,132.65,0,0,1
FINNIFTY21NOV2320600PE.NFO,2023-10-20,12:59:00,2023-11-21,132.65,132.65,132.65,132.65,0,0,1
FINNIFTY21NOV2320600PE.NFO,2023-10-20,13:00:00,2023-11-21,132.65,132.65,132.65,132.65,0,0,1
FINNIFTY21NOV2320600PE.NFO,2023-10-20,13:01:00,2023-11-21,132.65,132.65,132.65,132.65,0,0,1
FINNIFTY21NOV2320600PE.NFO,2023-10-20,13:02:00,2023-11-21,132.65,132.65,132.65,132.65,0,0,1
FINNIFTY21NOV2320600PE.NFO,2023-10-20,13:03:00,2023-11-21,132.65,132.65,132.65,132.65,0,0,1
FINNIFTY21NOV2320600PE.NFO,2023-10-20,13:04:00,2023-11-21,132.65,132.65,132.65,132.65,0,0,1
FINNIFTY21NOV2320600PE.NFO,2023-10-20,13:05:00,2023-11-21,132.65,132.65,132.65,132.65,0,0,1
FINNIFTY21NOV2320600PE.NFO,2023-10-20,13:06:00,2023-11-21,132.65,132.65,132.65,132.65,0,0,1
FINNIFTY21NOV2320600PE.NFO,2023-10-20,13:07:00,2023-11-21,132.65,132.65,132.65,132.65,0,0,1
FINNIFTY21NOV2320600PE.NFO,2023-10-20,13:08:00,2023-11-21,132.65,132.65,132.65,132.65,0,0,1
FINNIFTY21NOV2320600PE.NFO,2023-10-20,13:09:00,2023-11-21,132.65,132.65,132.65,132.65,0,0,1
FINNIFTY21NOV2320600PE.NFO,2023-10-20,13:10:00,2023-11-21,132.65,132.65,132.65,132.65,0,0,1
FINNIFTY21NOV2320600PE.NFO,2023-10-20,13:11:00,2023-11-21,132.65,132.65,132.65,132.65,0,0,1
FINNIFTY21NOV2320600PE.NFO,2023-10-20,13:12:00,2023-11-21,132.65,132.65,132.65,132.65,0,0,1
FINNIFTY21NOV2320600PE.NFO,2023-10-20,13:13:00,2023-11-21,132.65,132.65,132.65,132.65,0,0,1
FINNIFTY21NOV2320600PE.NFO,2023-10-20,13:14:00,2023-11-21,132.65,132.65,132.65,132.65,0,0,1
FINNIFTY21NOV2320600PE.NFO,2023-10-20,13:15:00,2023-11-21,132.65,132.65,132.65,132.65,0,0,1
FINNIFTY21NOV2320600PE.NFO,2023-10-20,13:16:00,2023-11-21,132.65,132.65,132.65,132.65,0,0,1
FINNIFTY21NOV2320600PE.NFO,2023-10-20,13:17:00,2023-11-21,132.65,132.65,132.65,132.65,0,0,1
FINNIFTY21NOV2320600PE.NFO,2023-10-20,13:18:00,2023-11-21,132.65,132.65,132.65,132.65,0,0,1
FINNIFTY21NOV2320600PE.NFO,2023-10-20,13:19:00,2023-11-21,132.65,132.65,132.65,132.65,0,0,1
FINNIFTY21NOV2320600PE.NFO,2023-10-20,13:20:00,2023-11-21,132.65,132.65,132.65,132.65,0,0,1
FINNIFTY21NOV2320600PE.NFO,2023-10-20,13:21:00,2023-11-21,132.65,132.65,132.65,132.65,0,0,1
FINNIFTY21NOV2320600PE.NFO,2023-10-20,13:22:00,2023-11-21,132.65,132.65,132.65,132.65,0,0,1
FINNIFTY21NOV2320600PE.NFO,2023-10-20,13:23:00,2023-11-21,132.65,132.65,132.65,132.65,0,0,1
FINNIFTY21NOV2320600PE.NFO,2023-10-20,13:24:00,2023-11-21,132.65,132.65,132.65,132.65,0,0,1
FINNIFTY21NOV2320600PE.NFO,2023-10-20,13:25:00,2023-11-21,132.65,132.65,132.65,132.65,0,0,1
FINNIFTY21NOV2320600PE.NFO,2023-10-20,13:26:00,2023-11-21,132.65,132.65,132.65,132.65,0,0,1
FINNIFTY21NOV2320600PE.NFO,2023-10-20,13:27:00,2023-11-21,132.65,132.65,132.65,132.65,0,0,1
FINNIFTY21NOV2320600PE.NFO,2023-10-20,13:28:00,2023-11-21,132.65,132.65,132.65,132.65,0,0,1
FINNIFTY21NOV2320600PE.NFO,2023-10-20,13:29:00,2023-11-21,132.65,132.65,132.65,132.65,0,0,1
FINNIFTY21NOV2320600PE.NFO,2023-10-20,13:30:00,2023-11-21,132.65,132.65,132.65,132.65,0,0,1
FINNIFTY21NOV2320600PE.NFO,2023-10-20,13:31:00,2023-11-21,132.65,132.65,132.65,132.65,0,0,1
FINNIFTY21NOV2320600PE.NFO,2023-10-20,13:32:00,2023-11-21,132.65,132.65,132.65,132.65,0,0,1
FINNIFTY21NOV2320600PE.NFO,2023-10-20,13:33:00,2023-11-21,132.65,132.65,132.65,132.65,0,0,1
FINNIFTY21NOV2320600PE.NFO,2023-10-20,13:34:00,2023-11-21,132.65,132.65,132.65,132.65,0,0,1
FINNIFTY21NOV2320600PE.NFO,2023-10-20,13:35:00,2023-11-21,132.65,132.65,132.65,132.65,0,0,1
FINNIFTY21NOV2320600PE.NFO,2023-10-20,13:36:00,2023-11-21,132.65,132.65,132.65,132.65,0,0,1
FINNIFTY21NOV2320600PE.NFO,2023-10-20,13:37:00,2023-11-21,132.65,132.65,132.65,132.65,0,0,1
FINNIFTY21NOV2320600PE.NFO,2023-10-20,13:38:00,2023-11-21,132.65,132.65,132.65,132.65,0,0,1
FINNIFTY21NOV2320600PE.NFO,2023-10-20,13:39:00,2023-11-21,132.65,132.65,132.65,132.65,0,0,1
FINNIFTY21NOV2320600PE.NFO,2023-10-20,13:40:00,2023-11-21,132.65,132.65,132.65,132.65,0,0,1
FINNIFTY21NOV2320600PE.NFO,2023-10-20,13:41:00,2023-11-21,132.65,132.65,132.65,132.65,0,0,1
FINNIFTY21NOV2320600PE.NFO,2023-10-20,13:42:00,2023-11-21,132.65,132.65,132.65,132.65,0,0,1
FINNIFTY21NOV2320600PE.NFO,2023-10-20,13:43:00,2023-11-21,132.65,132.65,132.65,132.65,0,0,1
FINNIFTY21NOV2320600PE.NFO,2023-10-20,13:44:00,2023-11-21,132.65,132.65,132.65,132.65,0,0,1
FINNIFTY21NOV2320600PE.NFO,2023-10-20,13:45:00,2023-11-21,132.65,132.65,132.65,132.65,0,0,1
FINNIFTY21NOV2320600PE.NFO,2023-10-20,13:46:00,2023-11-21,132.65,132.65,132.65,132.65,0,0,1
FINNIFTY21NOV2320600PE.NFO,2023-10-20,13:47:00,2023-11-21,132.65,132.65,132.65,132.65,0,0,1
FINNIFTY21NOV2320600PE.NFO,2023-10-20,13:48:00,2023-11-21,132.65,132.65,132.65,132.65,0,0,1
FINNIFTY21NOV2320600PE.NFO,2023-10-20,13:49:00,2023-11-21,132.65,132.65,132.65,132.65,0,0,1
FINNIFTY21NOV2320600PE.NFO,2023-10-20,13:50:00,2023-11-21,132.65,132.65,132.65,132.65,0,0,1
FINNIFTY21NOV2320600PE.NFO,2023-10-20,13:51:00,2023-11-21,132.65,132.65,132.65,132.65,0,0,1
FINNIFTY21NOV2320600PE.NFO,2023-10-20,13:52:00,2023-11-21,132.65,132.65,132.65,132.65,0,0,1
FINNIFTY21NOV2320600PE.NFO,2023-10-20,13:53:00,2023-11-21,132.65,132.65,132.65,132.65,0,0,1
FINNIFTY21NOV2320600PE.NFO,2023-10-20,13:54:00,2023-11-21,132.65,132.65,132.65,132.65,0,0,1
FINNIFTY21NOV2320600PE.NFO,2023-10-20,13:55:00,2023-11-21,132.65,132.65,132.65,132.65,0,0,1
FINNIFTY21NOV2320600PE.NFO,2023-10-20,13:56:00,2023-11-21,132.65,132.65,132.65,132.65,0,0,1
FINNIFTY21NOV2320600PE.NFO,2023-10-20,13:57:00,2023-11-21,132.65,132.65,132.65,132.65,0,0,1
FINNIFTY21NOV2320600PE.NFO,2023-10-20,13:58:00,2023-11-21,132.65,132.65,132.65,132.65,0,0,1
FINNIFTY21NOV2320600PE.NFO,2023-10-20,13:59:00,2023-11-21,132.65,132.65,132.65,132.65,0,0,1
FINNIFTY21NOV2320600PE.NFO,2023-10-20,14:00:00,2023-11-21,132.65,132.65,132.65,132.65,0,0,1
FINNIFTY21NOV2320600PE.NFO,2023-10-20,14:01:00,2023-11-21,132.65,132.65,132.65,132.65,0,0,1
FINNIFTY21NOV2320600PE.NFO,2023-10-20,14:02:00,2023-11-21,132.65,132.65,132.65,132.65,0,0,1
FINNIFTY21NOV2320600PE.NFO,2023-10-20,14:03:00,2023-11-21,132.65,132.65,132.65,132.65,0,0,1
FINNIFTY21NOV2320600PE.NFO,2023-10-20,14:04:00,2023-11-21,132.65,132.65,132.65,132.65,0,0,1
FINNIFTY21NOV2320600PE.NFO,2023-10-20,14:05:00,2023-11-21,132.65,132.65,132.65,132.65,0,0,1
FINNIFTY21NOV2320600PE.NFO,2023-10-20,14:06:00,2023-11-21,132.65,132.65,132.65,132.65,0,0,1
FINNIFTY21NOV2320600PE.NFO,2023-10-20,14:07:00,2023-11-21,132.65,132.65,132.65,132.65,0,0,1
FINNIFTY21NOV2320600PE.NFO,2023-10-20,14:08:00,2023-11-21,132.65,132.65,132.65,132.65,0,0,1
FINNIFTY21NOV2320600PE.NFO,2023-10-20,14:09:00,2023-11-21,132.65,132.65,132.65,132.65,0,0,1
FINNIFTY21NOV2320600PE.NFO,2023-10-20,14:10:00,2023-11-21,132.65,132.65,132.65,132.65,0,0,1
FINNIFTY21NOV2320600PE.NFO,2023-10-20,14:11:00,2023-11-21,132.65,132.65,132.65,132.65,0,0,1
FINNIFTY21NOV2320600PE.NFO,2023-10-20,14:12:00,2023-11-21,132.65,132.65,132.65,132.65,0,0,1
FINNIFTY21NOV2320600PE.NFO,2023-10-20,14:13:00,2023-11-21,132.65,132.65,132.65,132.65,0,0,1
FINNIFTY21NOV2320600PE.NFO,2023-10-20,14:14:00,2023-11-21,132.65,132.65,132.65,132.65,0,0,1
FINNIFTY21NOV2320600PE.NFO,2023-10-20,14:15:00,2023-11-21,132.65,132.65,132.65,132.65,0,0,1
FINNIFTY21NOV2320600PE.NFO,2023-10-20,14:16:00,2023-11-21,132.65,132.65,132.65,132.65,0,0,1
FINNIFTY21NOV2320600PE.NFO,2023-10-20,14:17:00,2023-11-21,132.65,132.65,132.65,132.65,0,0,1
FINNIFTY21NOV2320600PE.NFO,2023-10-20,14:18:00,2023-11-21,132.65,132.65,132.65,132.65,0,0,1
FINNIFTY21NOV2320600PE.NFO,2023-10-20,14:19:00,2023-11-21,132.65,132.65,132.65,132.65,0,0,1
FINNIFTY21NOV2320600PE.NFO,2023-10-20,14:20:00,2023-11-21,132.65,132.65,132.65,132.65,0,0,1
FINNIFTY21NOV2320600PE.NFO,2023-10-20,14:21:00,2023-11-21,132.65,132.65,132.65,132.65,0,0,1
FINNIFTY21NOV2320600PE.NFO,2023-10-20,14:22:00,2023-11-21,132.65,132.65,132.65,132.65,0,0,1
FINNIFTY21NOV2320600PE.NFO,2023-10-20,14:23:00,2023-11-21,132.65,132.65,132.65,132.65,0,0,1
FINNIFTY21NOV2320600PE.NFO,2023-10-20,14:24:00,2023-11-21,132.65,132.65,132.65,132.65,0,0,1
FINNIFTY21NOV2320600PE.NFO,2023-10-20,14:25:00,2023-11-21,132.65,132.65,132.65,132.65,0,0,1
FINNIFTY21NOV2320600PE.NFO,2023-10-20,14:26:00,2023-11-21,132.65,132.65,132.65,132.65,0,0,1
FINNIFTY21NOV2320600PE.NFO,2023-10-20,14:27:00,2023-11-21,132.65,132.65,132.65,132.65,0,0,1
FINNIFTY21NOV2320600PE.NFO,2023-10-20,14:28:00,2023-11-21,132.65,132.65,132.65,132.65,0,0,1
FINNIFTY21NOV2320600PE.NFO,2023-10-20,14:29:00,2023-11-21,132.65,132.65,132.65,132.65,0,0,1
FINNIFTY21NOV2320600PE.NFO,2023-10-20,14:30:00,2023-11-21,132.65,132.65,132.65,132.65,0,0,1
FINNIFTY21NOV2320600PE.NFO,2023-10-20,14:31:00,2023-11-21,132.65,132.65,132.65,132.65,0,0,1
FINNIFTY21NOV2320600PE.NFO,2023-10-20,14:32:00,2023-11-21,132.65,132.65,132.65,132.65,0,0,1
FINNIFTY21NOV2320600PE.NFO,2023-10-20,14:33:00,2023-11-21,132.65,132.65,132.65,132.65,0,0,1
FINNIFTY21NOV2320600PE.NFO,2023-10-20,14:34:00,2023-11-21,132.65,132.65,132.65,132.65,0,0,1
FINNIFTY21NOV2320600PE.NFO,2023-10-20,14:35:00,2023-11-21,132.65,132.65,132.65,132.65,0,0,1
FINNIFTY21NOV2320600PE.NFO,2023-10-20,14:36:00,2023-11-21,132.65,132.65,132.65,132.65,0,0,1
FINNIFTY21NOV2320600PE.NFO,2023-10-20,14:37:00,2023-11-21,132.65,132.65,132.65,132.65,0,0,1
FINNIFTY21NOV2320600PE.NFO,2023-10-20,14:38:00,2023-11-21,132.65,132.65,132.65,132.65,0,0,1
FINNIFTY21NOV2320600PE.NFO,2023-10-20,14:39:00,2023-11-21,132.65,132.65,132.65,132.65,0,0,1
FINNIFTY21NOV2320600PE.NFO,2023-10-20,14:40:00,2023-11-21,132.65,132.65,132.65,132.65,0,0,1
FINNIFTY21NOV2320600PE.NFO,2023-10-20,14:41:00,2023-11-21,132.65,132.65,132.65,132.65,0,0,1
FINNIFTY21NOV2320600PE.NFO,2023-10-20,14:42:00,2023-11-21,132.65,132.65,132.65,132.65,0,0,1
FINNIFTY21NOV2320600PE.NFO,2023-10-20,14:43:00,2023-11-21,132.65,132.65,132.65,132.65,0,0,1
FINNIFTY21NOV2320600PE.NFO,2023-10-20,14:44:00,2023-11-21,132.65,132.65,132.65,132.65,0,0,1
FINNIFTY21NOV2320600PE.NFO,2023-10-20,14:45:00,2023-11-21,132.65,132.65,132.65,132.65,0,0,1
FINNIFTY21NOV2320600PE.NFO,2023-10-20,14:46:00,2023-11-21,132.65,132.65,132.65,132.65,0,0,1
FINNIFTY21NOV2320600PE.NFO,2023-10-20,14:47:00,2023-11-21,132.65,132.65,132.65,132.65,0,0,1
FINNIFTY21NOV2320600PE.NFO,2023-10-20,14:48:00,2023-11-21,132.65,132.65,132.65,132.65,0,0,1
FINNIFTY21NOV2320600PE.NFO,2023-10-20,14:49:00,2023-11-21,132.65,132.65,132.65,132.65,0,0,1
FINNIFTY21NOV2320600PE.NFO,2023-10-20,14:50:00,2023-11-21,132.65,132.65,132.65,132.65,0,0,1
FINNIFTY21NOV2320600PE.NFO,2023-10-20,14:51:00,2023-11-21,132.65,132.65,132.65,132.65,0,0,1
FINNIFTY21NOV2320600PE.NFO,2023-10-20,14:52:00,2023-11-21,132.65,132.65,132.65,132.65,0,0,1
FINNIFTY21NOV2320600PE.NFO,2023-10-20,14:53:00,2023-11-21,132.65,132.65,132.65,132.65,0,0,1
FINNIFTY21NOV2320600PE.NFO,2023-10-20,14:54:00,2023-11-21,132.65,132.65,132.65,132.65,0,0,1
FINNIFTY21NOV2320600PE.NFO,2023-10-20,14:55:00,2023-11-21,132.65,132.65,132.65,132.65,0,0,1
FINNIFTY21NOV2320600PE.NFO,2023-10-20,14:56:00,2023-11-21,132.65,132.65,132.65,132.65,0,0,1
FINNIFTY21NOV2320600PE.NFO,2023-10-20,14:57:00,2023-11-21,132.65,132.65,132.65,132.65,0,0,1
FINNIFTY21NOV2320600PE.NFO,2023-10-20,14:58:00,2023-11-21,132.65,132.65,132.65,132.65,0,0,1
FINNIFTY21NOV2320600PE.NFO,2023-10-20,14:59:00,2023-11-21,132.65,132.65,132.65,132.65,0,0,1
FINNIFTY21NOV2320600PE.NFO,2023-10-20,15:00:00,2023-11-21,132.65,132.65,132.65,132.65,0,0,1
FINNIFTY21NOV2320600PE.NFO,2023-10-20,15:01:00,2023-11-21,132.65,132.65,132.65,132.65,0,0,1
FINNIFTY21NOV2320600PE.NFO,2023-10-20,15:02:00,2023-11-21,132.65,132.65,132.65,132.65,0,0,1
FINNIFTY21NOV2320600PE.NFO,2023-10-20,15:03:00,2023-11-21,132.65,132.65,132.65,132.65,0,0,1
FINNIFTY21NOV2320600PE.NFO,2023-10-20,15:04:00,2023-11-21,132.65,132.65,132.65,132.65,0,0,1
FINNIFTY21NOV2320600PE.NFO,2023-10-20,15:05:00,2023-11-21,132.65,132.65,132.65,132.65,0,0,1
FINNIFTY21NOV2320600PE.NFO,2023-10-20,15:06:00,2023-11-21,132.65,132.65,132.65,132.65,0,0,1
FINNIFTY21NOV2320600PE.NFO,2023-10-20,15:07:00,2023-11-21,132.65,132.65,132.65,132.65,0,0,1
FINNIFTY21NOV2320600PE.NFO,2023-10-20,15:08:00,2023-11-21,132.65,132.65,132.65,132.65,0,0,1
FINNIFTY21NOV2320600PE.NFO,2023-10-20,15:09:00,2023-11-21,132.65,132.65,132.65,132.65,0,0,1
FINNIFTY21NOV2320600PE.NFO,2023-10-20,15:10:00,2023-11-21,132.65,132.65,132.65,132.65,0,0,1
FINNIFTY21NOV2320600PE.NFO,2023-10-20,15:11:00,2023-11-21,132.65,132.65,132.65,132.65,0,0,1
FINNIFTY21NOV2320600PE.NFO,2023-10-20,15:12:00,2023-11-21,132.65,132.65,132.65,132.65,0,0,1
FINNIFTY21NOV2320600PE.NFO,2023-10-20,15:13:00,2023-11-21,132.65,132.65,132.65,132.65,0,0,1
FINNIFTY21NOV2320600PE.NFO,2023-10-20,15:14:00,2023-11-21,132.65,132.65,132.65,132.65,0,0,1
FINNIFTY21NOV2320600PE.NFO,2023-10-20,15:15:00,2023-11-21,132.65,132.65,132.65,132.65,0,0,1
FINNIFTY21NOV2320600PE.NFO,2023-10-20,15:16:00,2023-11-21,132.65,132.65,132.65,132.65,0,0,1
FINNIFTY21NOV2320600PE.NFO,2023-10-20,15:17:00,2023-11-21,132.65,132.65,132.65,132.65,0,0,1
FINNIFTY21NOV2320600PE.NFO,2023-10-20,15:18:00,2023-11-21,132.65,132.65,132.65,132.65,0,0,1
FINNIFTY21NOV2320600PE.NFO,2023-10-20,15:19:00,2023-11-21,132.65,132.65,132.65,132.65,0,0,1
FINNIFTY21NOV2320600PE.NFO,2023-10-20,15:20:00,2023-11-21,132.65,132.65,132.65,132.65,0,0,1
FINNIFTY21NOV2320600PE.NFO,2023-10-20,15:21:00,2023-11-21,132.65,132.65,132.65,132.65,0,0,1
FINNIFTY21NOV2320600PE.NFO,2023-10-20,15:22:00,2023-11-21,132.65,132.65,132.65,132.65,0,0,1
FINNIFTY21NOV2320600PE.NFO,2023-10-20,15:23:00,2023-11-21,132.65,132.65,132.65,132.65,0,0,1
FINNIFTY21NOV2320600PE.NFO,2023-10-20,15:24:00,2023-11-21,132.65,132.65,132.65,132.65,0,0,1
FINNIFTY21NOV2320600PE.NFO,2023-10-20,15:25:00,2023-11-21,132.65,132.65,132.65,132.65,0,0,1
FINNIFTY21NOV2320600PE.NFO,2023-10-20,15:26:00,2023-11-21,132.65,132.65,132.65,132.65,0,0,1
FINNIFTY21NOV2320600PE.NFO,2023-10-20,15:27:00,2023-11-21,132.65,132.65,132.65,132.65,0,0,1
FINNIFTY21NOV2320600PE.NFO,2023-10-20,15:28:00,2023-11-21,132.65,132.65,132.65,132.65,0,0,1
FINNIFTY21NOV2320600PE.NFO,2023-10-20,15:29:00,2023-11-21,132.65,132.65,132.65,132.65,0,0,1
FINNIFTY21NOV2320600PE.NFO,2023-10-20,15:30:00,2023-11-21,132.65,132.65,132.65,132.65,0,0,1
FINNIFTY21NOV2320600PE.NFO,2023-10-23,09:15:00,2023-11-21,132.65,132.65,132.65,132.65,0,0,0
FINNIFTY21NOV2320600PE.NFO,2023-10-23,09:16:00,2023-11-21,132.65,132.65,132.65,132.65,0,0,1
FINNIFTY21NOV2320600PE.NFO,2023-10-23,09:17:00,2023-11-21,132.65,132.65,132.65,132.65,0,0,1
FINNIFTY21NOV2320600PE.NFO,2023-10-23,09:18:00,2023-11-21,132.65,132.65,132.65,132.65,0,0,1
FINNIFTY21NOV2320600PE.NFO,2023-10-23,09:19:00,2023-11-21,132.65,132.65,132.65,132.65,0,0,1
FINNIFTY21NOV2320600PE.NFO,2023-10-23,09:20:00,2023-11-21,132.65,132.65,132.65,132.65,0,0,1
FINNIFTY21NOV2320600PE.NFO,2023-10-23,09:21:00,2023-11-21,132.65,132.65,132.65,132.65,0,0,1
FINNIFTY21NOV2320600PE.NFO,2023-10-23,09:22:00,2023-11-21,132.65,132.65,132.65,132.65,0,0,1
FINNIFTY21NOV2320600PE.NFO,2023-10-23,09:23:00,2023-11-21,132.65,132.65,132.65,132.65,0,0,1
FINNIFTY21NOV2320600PE.NFO,2023-10-23,09:24:00,2023-11-21,132.65,132.65,132.65,132.65,0,0,1
FINNIFTY21NOV2320600PE.NFO,2023-10-23,09:25:00,2023-11-21,132.65,132.65,132.65,132.65,0,0,1
FINNIFTY21NOV2320600PE.NFO,2023-10-23,09:26:00,2023-11-21,132.65,132.65,132.65,132.65,0,0,1
FINNIFTY21NOV2320600PE.NFO,2023-10-23,09:27:00,2023-11-21,132.65,132.65,132.65,132.65,0,0,1
FINNIFTY21NOV2320600PE.NFO,2023-10-23,09:28:00,2023-11-21,132.65,132.65,132.65,132.65,0,0,1
FINNIFTY21NOV2320600PE.NFO,2023-10-23,09:29:00,2023-11-21,132.65,132.65,132.65,132.65,0,0,1
FINNIFTY21NOV2320600PE.NFO,2023-10-23,09:30:00,2023-11-21,132.65,132.65,132.65,132.65,0,0,1
FINNIFTY21NOV2320600PE.NFO,2023-10-23,09:31:00,2023-11-21,132.65,132.65,132.65,132.65,0,0,1
FINNIFTY21NOV2320600PE.NFO,2023-10-23,09:32:00,2023-11-21,132.65,132.65,132.65,132.65,0,0,1
FINNIFTY21NOV2320600PE.NFO,2023-10-23,09:33:00,2023-11-21,132.65,132.65,132.65,132.65,0,0,1
FINNIFTY21NOV2320600PE.NFO,2023-10-23,09:34:00,2023-11-21,132.65,132.65,132.65,132.65,0,0,1
FINNIFTY21NOV2320600PE.NFO,2023-10-23,09:35:00,2023-11-21,132.65,132.65,132.65,132.65,0,0,1
FINNIFTY21NOV2320600PE.NFO,2023-10-23,09:36:00,2023-11-21,132.65,132.65,132.65,132.65,0,0,1
FINNIFTY21NOV2320600PE.NFO,2023-10-23,09:37:00,2023-11-21,132.65,132.65,132.65,132.65,0,0,1
FINNIFTY21NOV2320600PE.NFO,2023-10-23,09:38:00,2023-11-21,132.65,132.65,132.65,132.65,0,0,1
FINNIFTY21NOV2320600PE.NFO,2023-10-23,09:39:00,2023-11-21,132.65,132.65,132.65,132.65,0,0,1
FINNIFTY21NOV2320600PE.NFO,2023-10-23,09:40:00,2023-11-21,132.65,132.65,132.65,132.65,0,0,1
FINNIFTY21NOV2320600PE.NFO,2023-10-23,09:41:00,2023-11-21,132.65,132.65,132.65,132.65,0,0,1
FINNIFTY21NOV2320600PE.NFO,2023-10-23,09:42:00,2023-11-21,132.65,132.65,132.65,132.65,0,0,1
FINNIFTY21NOV2320600PE.NFO,2023-10-23,09:43:00,2023-11-21,132.65,132.65,132.65,132.65,0,0,1
FINNIFTY21NOV2320600PE.NFO,2023-10-23,09:44:00,2023-11-21,132.65,132.65,132.65,132.65,0,0,1
FINNIFTY21NOV2320600PE.NFO,2023-10-23,09:45:00,2023-11-21,132.65,132.65,132.65,132.65,0,0,1
FINNIFTY21NOV2320600PE.NFO,2023-10-23,09:46:00,2023-11-21,132.65,132.65,132.65,132.65,0,0,1
FINNIFTY21NOV2320600PE.NFO,2023-10-23,09:47:00,2023-11-21,132.65,132.65,132.65,132.65,0,0,1
FINNIFTY21NOV2320600PE.NFO,2023-10-23,09:48:00,2023-11-21,132.65,132.65,132.65,132.65,0,0,1
FINNIFTY21NOV2320600PE.NFO,2023-10-23,09:49:00,2023-11-21,132.65,132.65,132.65,132.65,0,0,1
FINNIFTY21NOV2320600PE.NFO,2023-10-23,09:50:00,2023-11-21,132.65,132.65,132.65,132.65,0,0,1
FINNIFTY21NOV2320600PE.NFO,2023-10-23,09:51:00,2023-11-21,132.65,132.65,132.65,132.65,0,0,1
FINNIFTY21NOV2320600PE.NFO,2023-10-23,09:52:00,2023-11-21,132.65,132.65,132.65,132.65,0,0,1
FINNIFTY21NOV2320600PE.NFO,2023-10-23,09:53:00,2023-11-21,132.65,132.65,132.65,132.65,0,0,1
FINNIFTY21NOV2320600PE.NFO,2023-10-23,09:54:00,2023-11-21,132.65,132.65,132.65,132.65,0,0,1
FINNIFTY21NOV2320600PE.NFO,2023-10-23,09:55:00,2023-11-21,132.65,132.65,132.65,132.65,0,0,1
FINNIFTY21NOV2320600PE.NFO,2023-10-23,09:56:00,2023-11-21,132.65,132.65,132.65,132.65,0,0,1
FINNIFTY21NOV2320600PE.NFO,2023-10-23,09:57:00,2023-11-21,132.65,132.65,132.65,132.65,0,0,1
FINNIFTY21NOV2320600PE.NFO,2023-10-23,09:58:00,2023-11-21,132.65,132.65,132.65,132.65,0,0,1
FINNIFTY21NOV2320600PE.NFO,2023-10-23,09:59:00,2023-11-21,132.65,132.65,132.65,132.65,0,0,1
FINNIFTY21NOV2320600PE.NFO,2023-10-23,10:00:00,2023-11-21,132.65,132.65,132.65,132.65,0,0,1
FINNIFTY21NOV2320600PE.NFO,2023-10-23,10:01:00,2023-11-21,132.65,132.65,132.65,132.65,0,0,1
FINNIFTY21NOV2320600PE.NFO,2023-10-23,10:02:00,2023-11-21,132.65,132.65,132.65,132.65,0,0,1
FINNIFTY21NOV2320600PE.NFO,2023-10-23,10:03:00,2023-11-21,132.65,132.65,132.65,132.65,0,0,1
FINNIFTY21NOV2320600PE.NFO,2023-10-23,10:04:00,2023-11-21,132.65,132.65,132.65,132.65,0,0,1
FINNIFTY21NOV2320600PE.NFO,2023-10-23,10:05:00,2023-11-21,132.65,132.65,132.65,132.65,0,0,1
FINNIFTY21NOV2320600PE.NFO,2023-10-23,10:06:00,2023-11-21,132.65,132.65,132.65,132.65,0,0,1
FINNIFTY21NOV2320600PE.NFO,2023-10-23,10:07:00,2023-11-21,132.65,132.65,132.65,132.65,0,0,1
FINNIFTY21NOV2320600PE.NFO,2023-10-23,10:08:00,2023-11-21,132.65,132.65,132.65,132.65,0,0,1
FINNIFTY21NOV2320600PE.NFO,2023-10-23,10:09:00,2023-11-21,132.65,132.65,132.65,132.65,0,0,1
FINNIFTY21NOV2320600PE.NFO,2023-10-23,10:10:00,2023-11-21,132.65,132.65,132.65,132.65,0,0,1
FINNIFTY21NOV2320600PE.NFO,2023-10-23,10:11:00,2023-11-21,132.65,132.65,132.65,132.65,0,0,1
FINNIFTY21NOV2320600PE.NFO,2023-10-23,10:12:00,2023-11-21,132.65,132.65,132.65,132.65,0,0,1
FINNIFTY21NOV2320600PE.NFO,2023-10-23,10:13:00,2023-11-21,132.65,132.65,132.65,132.65,0,0,1
FINNIFTY21NOV2320600PE.NFO,2023-10-23,10:14:00,2023-11-21,132.65,132.65,132.65,132.65,0,0,1
FINNIFTY21NOV2320600PE.NFO,2023-10-23,10:15:00,2023-11-21,132.65,132.65,132.65,132.65,0,0,1
FINNIFTY21NOV2320600PE.NFO,2023-10-23,10:16:00,2023-11-21,132.65,132.65,132.65,132.65,0,0,1
FINNIFTY21NOV2320600PE.NFO,2023-10-23,10:17:00,2023-11-21,132.65,132.65,132.65,132.65,0,0,1
FINNIFTY21NOV2320600PE.NFO,2023-10-23,10:18:00,2023-11-21,132.65,132.65,132.65,132.65,0,0,1
FINNIFTY21NOV2320600PE.NFO,2023-10-23,10:19:00,2023-11-21,132.65,132.65,132.65,132.65,0,0,1
FINNIFTY21NOV2320600PE.NFO,2023-10-23,10:20:00,2023-11-21,132.65,132.65,132.65,132.65,0,0,1
FINNIFTY21NOV2320600PE.NFO,2023-10-23,10:21:00,2023-11-21,132.65,132.65,132.65,132.65,0,0,1
FINNIFTY21NOV2320600PE.NFO,2023-10-23,10:22:00,2023-11-21,132.65,132.65,132.65,132.65,0,0,1
FINNIFTY21NOV2320600PE.NFO,2023-10-23,10:23:00,2023-11-21,132.65,132.65,132.65,132.65,0,0,1
FINNIFTY21NOV2320600PE.NFO,2023-10-23,10:24:00,2023-11-21,132.65,132.65,132.65,132.65,0,0,1
FINNIFTY21NOV2320600PE.NFO,2023-10-23,10:25:00,2023-11-21,132.65,132.65,132.65,132.65,0,0,1
FINNIFTY21NOV2320600PE.NFO,2023-10-23,10:26:00,2023-11-21,132.65,132.65,132.65,132.65,0,0,1
FINNIFTY21NOV2320600PE.NFO,2023-10-23,10:27:00,2023-11-21,132.65,132.65,132.65,132.65,0,0,1
FINNIFTY21NOV2320600PE.NFO,2023-10-23,10:28:00,2023-11-21,132.65,132.65,132.65,132.65,0,0,1
FINNIFTY21NOV2320600PE.NFO,2023-10-23,10:29:00,2023-11-21,132.65,132.65,132.65,132.65,0,0,1
FINNIFTY21NOV2320600PE.NFO,2023-10-23,10:30:00,2023-11-21,132.65,132.65,132.65,132.65,0,0,1
FINNIFTY21NOV2320600PE.NFO,2023-10-23,10:31:00,2023-11-21,132.65,132.65,132.65,132.65,0,0,1
FINNIFTY21NOV2320600PE.NFO,2023-10-23,10:32:00,2023-11-21,132.65,132.65,132.65,132.65,0,0,1
FINNIFTY21NOV2320600PE.NFO,2023-10-23,10:33:00,2023-11-21,132.65,132.65,132.65,132.65,0,0,1
FINNIFTY21NOV2320600PE.NFO,2023-10-23,10:34:00,2023-11-21,132.65,132.65,132.65,132.65,0,0,1
FINNIFTY21NOV2320600PE.NFO,2023-10-23,10:35:00,2023-11-21,132.65,132.65,132.65,132.65,0,0,1
FINNIFTY21NOV2320600PE.NFO,2023-10-23,10:36:00,2023-11-21,132.65,132.65,132.65,132.65,0,0,1
FINNIFTY21NOV2320600PE.NFO,2023-10-23,10:37:00,2023-11-21,132.65,132.65,132.65,132.65,0,0,1
FINNIFTY21NOV2320600PE.NFO,2023-10-23,10:38:00,2023-11-21,132.65,132.65,132.65,132.65,0,0,1
FINNIFTY21NOV2320600PE.NFO,2023-10-23,10:39:00,2023-11-21,132.65,132.65,132.65,132.65,0,0,1
FINNIFTY21NOV2320600PE.NFO,2023-10-23,10:40:00,2023-11-21,132.65,132.65,132.65,132.65,0,0,1
FINNIFTY21NOV2320600PE.NFO,2023-10-23,10:41:00,2023-11-21,132.65,132.65,132.65,132.65,0,0,1
FINNIFTY21NOV2320600PE.NFO,2023-10-23,10:42:00,2023-11-21,132.65,132.65,132.65,132.65,0,0,1
FINNIFTY21NOV2320600PE.NFO,2023-10-23,10:43:00,2023-11-21,132.65,132.65,132.65,132.65,0,0,1
FINNIFTY21NOV2320600PE.NFO,2023-10-23,10:44:00,2023-11-21,132.65,132.65,132.65,132.65,0,0,1
FINNIFTY21NOV2320600PE.NFO,2023-10-23,10:45:00,2023-11-21,132.65,132.65,132.65,132.65,0,0,1
FINNIFTY21NOV2320600PE.NFO,2023-10-23,10:46:00,2023-11-21,132.65,132.65,132.65,132.65,0,0,1
FINNIFTY21NOV2320600PE.NFO,2023-10-23,10:47:00,2023-11-21,132.65,132.65,132.65,132.65,0,0,1
FINNIFTY21NOV2320600PE.NFO,2023-10-23,10:48:00,2023-11-21,132.65,132.65,132.65,132.65,0,0,1
FINNIFTY21NOV2320600PE.NFO,2023-10-23,10:49:00,2023-11-21,132.65,132.65,132.65,132.65,0,0,1
FINNIFTY21NOV2320600PE.NFO,2023-10-23,10:50:00,2023-11-21,132.65,132.65,132.65,132.65,0,0,1
FINNIFTY21NOV2320600PE.NFO,2023-10-23,10:51:00,2023-11-21,132.65,132.65,132.65,132.65,0,0,1
FINNIFTY21NOV2320600PE.NFO,2023-10-23,10:52:00,2023-11-21,132.65,132.65,132.65,132.65,0,0,1
FINNIFTY21NOV2320600PE.NFO,2023-10-23,10:53:00,2023-11-21,132.65,132.65,132.65,132.65,0,0,1
FINNIFTY21NOV2320600PE.NFO,2023-10-23,10:54:00,2023-11-21,132.65,132.65,132.65,132.65,0,0,1
FINNIFTY21NOV2320600PE.NFO,2023-10-23,10:55:00,2023-11-21,132.65,132.65,132.65,132.65,0,0,1
FINNIFTY21NOV2320600PE.NFO,2023-10-23,10:56:00,2023-11-21,132.65,132.65,132.65,132.65,0,0,1
FINNIFTY21NOV2320600PE.NFO,2023-10-23,10:57:00,2023-11-21,132.65,132.65,132.65,132.65,0,0,1
FINNIFTY21NOV2320600PE.NFO,2023-10-23,10:58:00,2023-11-21,132.65,132.65,132.65,132.65,0,0,1
FINNIFTY21NOV2320600PE.NFO,2023-10-23,10:59:00,2023-11-21,132.65,132.65,132.65,132.65,0,0,1
FINNIFTY21NOV2320600PE.NFO,2023-10-23,11:00:00,2023-11-21,132.65,132.65,132.65,132.65,0,0,1
FINNIFTY21NOV2320600PE.NFO,2023-10-23,11:01:00,2023-11-21,132.65,132.65,132.65,132.65,0,0,1
FINNIFTY21NOV2320600PE.NFO,2023-10-23,11:02:00,2023-11-21,132.65,132.65,132.65,132.65,0,0,1
FINNIFTY21NOV2320600PE.NFO,2023-10-23,11:03:00,2023-11-21,132.65,132.65,132.65,132.65,0,0,1
FINNIFTY21NOV2320600PE.NFO,2023-10-23,11:04:00,2023-11-21,132.65,132.65,132.65,132.65,0,0,1
FINNIFTY21NOV2320600PE.NFO,2023-10-23,11:05:00,2023-11-21,132.65,132.65,132.65,132.65,0,0,1
FINNIFTY21NOV2320600PE.NFO,2023-10-23,11:06:00,2023-11-21,132.65,132.65,132.65,132.65,0,0,1
FINNIFTY21NOV2320600PE.NFO,2023-10-23,11:07:00,2023-11-21,132.65,132.65,132.65,132.65,0,0,1
FINNIFTY21NOV2320600PE.NFO,2023-10-23,11:08:00,2023-11-21,132.65,132.65,132.65,132.65,0,0,1
FINNIFTY21NOV2320600PE.NFO,2023-10-23,11:09:00,2023-11-21,132.65,132.65,132.65,132.65,0,0,1
FINNIFTY21NOV2320600PE.NFO,2023-10-23,11:10:00,2023-11-21,132.65,132.65,132.65,132.65,0,0,1
FINNIFTY21NOV2320600PE.NFO,2023-10-23,11:11:00,2023-11-21,132.65,132.65,132.65,132.65,0,0,1
FINNIFTY21NOV2320600PE.NFO,2023-10-23,11:12:00,2023-11-21,132.65,132.65,132.65,132.65,0,0,1
FINNIFTY21NOV2320600PE.NFO,2023-10-23,11:13:00,2023-11-21,132.65,132.65,132.65,132.65,0,0,1
FINNIFTY21NOV2320600PE.NFO,2023-10-23,11:14:00,2023-11-21,132.65,132.65,132.65,132.65,0,0,1
FINNIFTY21NOV2320600PE.NFO,2023-10-23,11:15:00,2023-11-21,132.65,132.65,132.65,132.65,0,0,1
FINNIFTY21NOV2320600PE.NFO,2023-10-23,11:16:00,2023-11-21,132.65,132.65,132.65,132.65,0,0,1
FINNIFTY21NOV2320600PE.NFO,2023-10-23,11:17:00,2023-11-21,132.65,132.65,132.65,132.65,0,0,1
FINNIFTY21NOV2320600PE.NFO,2023-10-23,11:18:00,2023-11-21,132.65,132.65,132.65,132.65,0,0,1
FINNIFTY21NOV2320600PE.NFO,2023-10-23,11:19:00,2023-11-21,132.65,132.65,132.65,132.65,0,0,1
FINNIFTY21NOV2320600PE.NFO,2023-10-23,11:20:00,2023-11-21,132.65,132.65,132.65,132.65,0,0,1
FINNIFTY21NOV2320600PE.NFO,2023-10-23,11:21:00,2023-11-21,132.65,132.65,132.65,132.65,0,0,1
FINNIFTY21NOV2320600PE.NFO,2023-10-23,11:22:00,2023-11-21,132.65,132.65,132.65,132.65,0,0,1
FINNIFTY21NOV2320600PE.NFO,2023-10-23,11:23:00,2023-11-21,132.65,132.65,132.65,132.65,0,0,1
FINNIFTY21NOV2320600PE.NFO,2023-10-23,11:24:00,2023-11-21,132.65,132.65,132.65,132.65,0,0,1
FINNIFTY21NOV2320600PE.NFO,2023-10-23,11:25:00,2023-11-21,132.65,132.65,132.65,132.65,0,0,1
FINNIFTY21NOV2320600PE.NFO,2023-10-23,11:26:00,2023-11-21,132.65,132.65,132.65,132.65,0,0,1
FINNIFTY21NOV2320600PE.NFO,2023-10-23,11:27:00,2023-11-21,132.65,132.65,132.65,132.65,0,0,1
FINNIFTY21NOV2320600PE.NFO,2023-10-23,11:28:00,2023-11-21,132.65,132.65,132.65,132.65,0,0,1
FINNIFTY21NOV2320600PE.NFO,2023-10-23,11:29:00,2023-11-21,132.65,132.65,132.65,132.65,0,0,1
FINNIFTY21NOV2320600PE.NFO,2023-10-23,11:30:00,2023-11-21,132.65,132.65,132.65,132.65,0,0,1
FINNIFTY21NOV2320600PE.NFO,2023-10-23,11:31:00,2023-11-21,132.65,132.65,132.65,132.65,0,0,1
FINNIFTY21NOV2320600PE.NFO,2023-10-23,11:32:00,2023-11-21,132.65,132.65,132.65,132.65,0,0,1
FINNIFTY21NOV2320600PE.NFO,2023-10-23,11:33:00,2023-11-21,132.65,132.65,132.65,132.65,0,0,1
FINNIFTY21NOV2320600PE.NFO,2023-10-23,11:34:00,2023-11-21,132.65,132.65,132.65,132.65,0,0,1
FINNIFTY21NOV2320600PE.NFO,2023-10-23,11:35:00,2023-11-21,132.65,132.65,132.65,132.65,0,0,1
FINNIFTY21NOV2320600PE.NFO,2023-10-23,11:36:00,2023-11-21,132.65,132.65,132.65,132.65,0,0,1
FINNIFTY21NOV2320600PE.NFO,2023-10-23,11:37:00,2023-11-21,132.65,132.65,132.65,132.65,0,0,1
FINNIFTY21NOV2320600PE.NFO,2023-10-23,11:38:00,2023-11-21,132.65,132.65,132.65,132.65,0,0,1
FINNIFTY21NOV2320600PE.NFO,2023-10-23,11:39:00,2023-11-21,132.65,132.65,132.65,132.65,0,0,1
FINNIFTY21NOV2320600PE.NFO,2023-10-23,11:40:00,2023-11-21,132.65,132.65,132.65,132.65,0,0,1
FINNIFTY21NOV2320600PE.NFO,2023-10-23,11:41:00,2023-11-21,132.65,132.65,132.65,132.65,0,0,1
FINNIFTY21NOV2320600PE.NFO,2023-10-23,11:42:00,2023-11-21,132.65,132.65,132.65,132.65,0,0,1
FINNIFTY21NOV2320600PE.NFO,2023-10-23,11:43:00,2023-11-21,132.65,132.65,132.65,132.65,0,0,1
FINNIFTY21NOV2320600PE.NFO,2023-10-23,11:44:00,2023-11-21,132.65,132.65,132.65,132.65,0,0,1
FINNIFTY21NOV2320600PE.NFO,2023-10-23,11:45:00,2023-11-21,132.65,132.65,132.65,132.65,0,0,1
FINNIFTY21NOV2320600PE.NFO,2023-10-23,11:46:00,2023-11-21,132.65,132.65,132.65,132.65,0,0,1
FINNIFTY21NOV2320600PE.NFO,2023-10-23,11:47:00,2023-11-21,132.65,132.65,132.65,132.65,0,0,1
FINNIFTY21NOV2320600PE.NFO,2023-10-23,11:48:00,2023-11-21,132.65,132.65,132.65,132.65,0,0,1
FINNIFTY21NOV2320600PE.NFO,2023-10-23,11:49:00,2023-11-21,132.65,132.65,132.65,132.65,0,0,1
FINNIFTY21NOV2320600PE.NFO,2023-10-23,11:50:00,2023-11-21,132.65,132.65,132.65,132.65,0,0,1
FINNIFTY21NOV2320600PE.NFO,2023-10-23,11:51:00,2023-11-21,132.65,132.65,132.65,132.65,0,0,1
FINNIFTY21NOV2320600PE.NFO,2023-10-23,11:52:00,2023-11-21,132.65,132.65,132.65,132.65,0,0,1
FINNIFTY21NOV2320600PE.NFO,2023-10-23,11:53:00,2023-11-21,132.65,132.65,132.65,132.65,0,0,1
FINNIFTY21NOV2320600PE.NFO,2023-10-23,11:54:00,2023-11-21,132.65,132.65,132.65,132.65,0,0,1
FINNIFTY21NOV2320600PE.NFO,2023-10-23,11:55:00,2023-11-21,132.65,132.65,132.65,132.65,0,0,1
FINNIFTY21NOV2320600PE.NFO,2023-10-23,11:56:00,2023-11-21,132.65,132.65,132.65,132.65,0,0,1
FINNIFTY21NOV2320600PE.NFO,2023-10-23,11:57:00,2023-11-21,132.65,132.65,132.65,132.65,0,0,1
FINNIFTY21NOV2320600PE.NFO,2023-10-23,11:58:00,2023-11-21,132.65,132.65,132.65,132.65,0,0,1
FINNIFTY21NOV2320600PE.NFO,2023-10-23,11:59:00,2023-11-21,132.65,132.65,132.65,132.65,0,0,1
FINNIFTY21NOV2320600PE.NFO,2023-10-23,12:00:00,2023-11-21,132.65,132.65,132.65,132.65,0,0,1
FINNIFTY21NOV2320600PE.NFO,2023-10-23,12:01:00,2023-11-21,132.65,132.65,132.65,132.65,0,0,1
FINNIFTY21NOV2320600PE.NFO,2023-10-23,12:02:00,2023-11-21,132.65,132.65,132.65,132.65,0,0,1
FINNIFTY21NOV2320600PE.NFO,2023-10-23,12:03:00,2023-11-21,132.65,132.65,132.65,132.65,0,0,1
FINNIFTY21NOV2320600PE.NFO,2023-10-23,12:04:00,2023-11-21,132.65,132.65,132.65,132.65,0,0,1
FINNIFTY21NOV2320600PE.NFO,2023-10-23,12:05:00,2023-11-21,132.65,132.65,132.65,132.65,0,0,1
FINNIFTY21NOV2320600PE.NFO,2023-10-23,12:06:00,2023-11-21,132.65,132.65,132.65,132.65,0,0,1
FINNIFTY21NOV2320600PE.NFO,2023-10-23,12:07:00,2023-11-21,132.65,132.65,132.65,132.65,0,0,1
FINNIFTY21NOV2320600PE.NFO,2023-10-23,12:08:00,2023-11-21,132.65,132.65,132.65,132.65,0,0,1
FINNIFTY21NOV2320600PE.NFO,2023-10-23,12:09:00,2023-11-21,132.65,132.65,132.65,132.65,0,0,1
FINNIFTY21NOV2320600PE.NFO,2023-10-23,12:10:00,2023-11-21,132.65,132.65,132.65,132.65,0,0,1
FINNIFTY21NOV2320600PE.NFO,2023-10-23,12:11:00,2023-11-21,132.65,132.65,132.65,132.65,0,0,1
FINNIFTY21NOV2320600PE.NFO,2023-10-23,12:12:00,2023-11-21,132.65,132.65,132.65,132.65,0,0,1
FINNIFTY21NOV2320600PE.NFO,2023-10-23,12:13:00,2023-11-21,132.65,132.65,132.65,132.65,0,0,1
FINNIFTY21NOV2320600PE.NFO,2023-10-23,12:14:00,2023-11-21,132.65,132.65,132.65,132.65,0,0,1
FINNIFTY21NOV2320600PE.NFO,2023-10-23,12:15:00,2023-11-21,132.65,132.65,132.65,132.65,0,0,1
FINNIFTY21NOV2320600PE.NFO,2023-10-23,12:16:00,2023-11-21,132.65,132.65,132.65,132.65,0,0,1
FINNIFTY21NOV2320600PE.NFO,2023-10-23,12:17:00,2023-11-21,132.65,132.65,132.65,132.65,0,0,1
FINNIFTY21NOV2320600PE.NFO,2023-10-23,12:18:00,2023-11-21,132.65,132.65,132.65,132.65,0,0,1
FINNIFTY21NOV2320600PE.NFO,2023-10-23,12:19:00,2023-11-21,132.65,132.65,132.65,132.65,0,0,1
FINNIFTY21NOV2320600PE.NFO,2023-10-23,12:20:00,2023-11-21,132.65,132.65,132.65,132.65,0,0,1
FINNIFTY21NOV2320600PE.NFO,2023-10-23,12:21:00,2023-11-21,132.65,132.65,132.65,132.65,0,0,1
FINNIFTY21NOV2320600PE.NFO,2023-10-23,12:22:00,2023-11-21,132.65,132.65,132.65,132.65,0,0,1
FINNIFTY21NOV2320600PE.NFO,2023-10-23,12:23:00,2023-11-21,132.65,132.65,132.65,132.65,0,0,1
FINNIFTY21NOV2320600PE.NFO,2023-10-23,12:24:00,2023-11-21,132.65,132.65,132.65,132.65,0,0,1
FINNIFTY21NOV2320600PE.NFO,2023-10-23,12:25:00,2023-11-21,132.65,132.65,132.65,132.65,0,0,1
FINNIFTY21NOV2320600PE.NFO,2023-10-23,12:26:00,2023-11-21,132.65,132.65,132.65,132.65,0,0,1
FINNIFTY21NOV2320600PE.NFO,2023-10-23,12:27:00,2023-11-21,132.65,132.65,132.65,132.65,0,0,1
FINNIFTY21NOV2320600PE.NFO,2023-10-23,12:28:00,2023-11-21,132.65,132.65,132.65,132.65,0,0,1
FINNIFTY21NOV2320600PE.NFO,2023-10-23,12:29:00,2023-11-21,132.65,132.65,132.65,132.65,0,0,1
FINNIFTY21NOV2320600PE.NFO,2023-10-23,12:30:00,2023-11-21,132.65,132.65,132.65,132.65,0,0,1
FINNIFTY21NOV2320600PE.NFO,2023-10-23,12:31:00,2023-11-21,132.65,132.65,132.65,132.65,0,0,1
FINNIFTY21NOV2320600PE.NFO,2023-10-23,12:32:00,2023-11-21,132.65,132.65,132.65,132.65,0,0,1
FINNIFTY21NOV2320600PE.NFO,2023-10-23,12:33:00,2023-11-21,132.65,132.65,132.65,132.65,0,0,1
FINNIFTY21NOV2320600PE.NFO,2023-10-23,12:34:00,2023-11-21,132.65,132.65,132.65,132.65,0,0,1
FINNIFTY21NOV2320600PE.NFO,2023-10-23,12:35:00,2023-11-21,132.65,132.65,132.65,132.65,0,0,1
FINNIFTY21NOV2320600PE.NFO,2023-10-23,12:36:00,2023-11-21,132.65,132.65,132.65,132.65,0,0,1
FINNIFTY21NOV2320600PE.NFO,2023-10-23,12:37:00,2023-11-21,132.65,132.65,132.65,132.65,0,0,1
FINNIFTY21NOV2320600PE.NFO,2023-10-23,12:38:00,2023-11-21,132.65,132.65,132.65,132.65,0,0,1
FINNIFTY21NOV2320600PE.NFO,2023-10-23,12:39:00,2023-11-21,132.65,132.65,132.65,132.65,0,0,1
FINNIFTY21NOV2320600PE.NFO,2023-10-23,12:40:00,2023-11-21,132.65,132.65,132.65,132.65,0,0,1
FINNIFTY21NOV2320600PE.NFO,2023-10-23,12:41:00,2023-11-21,132.65,132.65,132.65,132.65,0,0,1
FINNIFTY21NOV2320600PE.NFO,2023-10-23,12:42:00,2023-11-21,132.65,132.65,132.65,132.65,0,0,1
FINNIFTY21NOV2320600PE.NFO,2023-10-23,12:43:00,2023-11-21,132.65,132.65,132.65,132.65,0,0,1
FINNIFTY21NOV2320600PE.NFO,2023-10-23,12:44:00,2023-11-21,132.65,132.65,132.65,132.65,0,0,1
FINNIFTY21NOV2320600PE.NFO,2023-10-23,12:45:00,2023-11-21,132.65,132.65,132.65,132.65,0,0,1
FINNIFTY21NOV2320600PE.NFO,2023-10-23,12:46:00,2023-11-21,132.65,132.65,132.65,132.65,0,0,1
FINNIFTY21NOV2320600PE.NFO,2023-10-23,12:47:00,2023-11-21,132.65,132.65,132.65,132.65,0,0,1
FINNIFTY21NOV2320600PE.NFO,2023-10-23,12:48:00,2023-11-21,132.65,132.65,132.65,132.65,0,0,1
FINNIFTY21NOV2320600PE.NFO,2023-10-23,12:49:00,2023-11-21,132.65,132.65,132.65,132.65,0,0,1
FINNIFTY21NOV2320600PE.NFO,2023-10-23,12:50:00,2023-11-21,132.65,132.65,132.65,132.65,0,0,1
FINNIFTY21NOV2320600PE.NFO,2023-10-23,12:51:00,2023-11-21,132.65,132.65,132.65,132.65,0,0,1
FINNIFTY21NOV2320600PE.NFO,2023-10-23,12:52:00,2023-11-21,132.65,132.65,132.65,132.65,0,0,1
FINNIFTY21NOV2320600PE.NFO,2023-10-23,12:53:00,2023-11-21,132.65,132.65,132.65,132.65,0,0,1
FINNIFTY21NOV2320600PE.NFO,2023-10-23,12:54:00,2023-11-21,132.65,132.65,132.65,132.65,0,0,1
FINNIFTY21NOV2320600PE.NFO,2023-10-23,12:55:00,2023-11-21,132.65,132.65,132.65,132.65,0,0,1
FINNIFTY21NOV2320600PE.NFO,2023-10-23,12:56:00,2023-11-21,132.65,132.65,132.65,132.65,0,0,1
FINNIFTY21NOV2320600PE.NFO,2023-10-23,12:57:00,2023-11-21,132.65,132.65,132.65,132.65,0,0,1
FINNIFTY21NOV2320600PE.NFO,2023-10-23,12:58:00,2023-11-21,132.65,132.65,132.65,132.65,0,0,1
FINNIFTY21NOV2320600PE.NFO,2023-10-23,12:59:00,2023-11-21,132.65,132.65,132.65,132.65,0,0,1
FINNIFTY21NOV2320600PE.NFO,2023-10-23,13:00:00,2023-11-21,132.65,132.65,132.65,132.65,0,0,1
FINNIFTY21NOV2320600PE.NFO,2023-10-23,13:01:00,2023-11-21,132.65,132.65,132.65,132.65,0,0,1
FINNIFTY21NOV2320600PE.NFO,2023-10-23,13:02:00,2023-11-21,132.65,132.65,132.65,132.65,0,0,1
FINNIFTY21NOV2320600PE.NFO,2023-10-23,13:03:00,2023-11-21,132.65,132.65,132.65,132.65,0,0,1
FINNIFTY21NOV2320600PE.NFO,2023-10-23,13:04:00,2023-11-21,132.65,132.65,132.65,132.65,0,0,1
FINNIFTY21NOV2320600PE.NFO,2023-10-23,13:05:00,2023-11-21,132.65,132.65,132.65,132.65,0,0,1
FINNIFTY21NOV2320600PE.NFO,2023-10-23,13:06:00,2023-11-21,132.65,132.65,132.65,132.65,0,0,1
FINNIFTY21NOV2320600PE.NFO,2023-10-23,13:07:00,2023-11-21,132.65,132.65,132.65,132.65,0,0,1
FINNIFTY21NOV2320600PE.NFO,2023-10-23,13:08:00,2023-11-21,132.65,132.65,132.65,132.65,0,0,1
FINNIFTY21NOV2320600PE.NFO,2023-10-23,13:09:00,2023-11-21,132.65,132.65,132.65,132.65,0,0,1
FINNIFTY21NOV2320600PE.NFO,2023-10-23,13:10:00,2023-11-21,132.65,132.65,132.65,132.65,0,0,1
FINNIFTY21NOV2320600PE.NFO,2023-10-23,13:11:00,2023-11-21,132.65,132.65,132.65,132.65,0,0,1
FINNIFTY21NOV2320600PE.NFO,2023-10-23,13:12:00,2023-11-21,132.65,132.65,132.65,132.65,0,0,1
FINNIFTY21NOV2320600PE.NFO,2023-10-23,13:13:00,2023-11-21,132.65,132.65,132.65,132.65,0,0,1
FINNIFTY21NOV2320600PE.NFO,2023-10-23,13:14:00,2023-11-21,132.65,132.65,132.65,132.65,0,0,1
FINNIFTY21NOV2320600PE.NFO,2023-10-23,13:15:00,2023-11-21,132.65,132.65,132.65,132.65,0,0,1
FINNIFTY21NOV2320600PE.NFO,2023-10-23,13:16:00,2023-11-21,132.65,132.65,132.65,132.65,0,0,1
FINNIFTY21NOV2320600PE.NFO,2023-10-23,13:17:00,2023-11-21,132.65,132.65,132.65,132.65,0,0,1
FINNIFTY21NOV2320600PE.NFO,2023-10-23,13:18:00,2023-11-21,132.65,132.65,132.65,132.65,0,0,1
FINNIFTY21NOV2320600PE.NFO,2023-10-23,13:19:00,2023-11-21,132.65,132.65,132.65,132.65,0,0,1
FINNIFTY21NOV2320600PE.NFO,2023-10-23,13:20:00,2023-11-21,132.65,132.65,132.65,132.65,0,0,1
FINNIFTY21NOV2320600PE.NFO,2023-10-23,13:21:00,2023-11-21,132.65,132.65,132.65,132.65,0,0,1
FINNIFTY21NOV2320600PE.NFO,2023-10-23,13:22:00,2023-11-21,132.65,132.65,132.65,132.65,0,0,1
FINNIFTY21NOV2320600PE.NFO,2023-10-23,13:23:00,2023-11-21,132.65,132.65,132.65,132.65,0,0,1
FINNIFTY21NOV2320600PE.NFO,2023-10-23,13:24:00,2023-11-21,132.65,132.65,132.65,132.65,0,0,1
FINNIFTY21NOV2320600PE.NFO,2023-10-23,13:25:00,2023-11-21,132.65,132.65,132.65,132.65,0,0,1
FINNIFTY21NOV2320600PE.NFO,2023-10-23,13:26:00,2023-11-21,132.65,132.65,132.65,132.65,0,0,1
FINNIFTY21NOV2320600PE.NFO,2023-10-23,13:27:00,2023-11-21,132.65,132.65,132.65,132.65,0,0,1
FINNIFTY21NOV2320600PE.NFO,2023-10-23,13:28:00,2023-11-21,132.65,132.65,132.65,132.65,0,0,1
FINNIFTY21NOV2320600PE.NFO,2023-10-23,13:29:00,2023-11-21,132.65,132.65,132.65,132.65,0,0,1
FINNIFTY21NOV2320600PE.NFO,2023-10-23,13:30:00,2023-11-21,132.65,132.65,132.65,132.65,0,0,1
FINNIFTY21NOV2320600PE.NFO,2023-10-23,13:31:00,2023-11-21,132.65,132.65,132.65,132.65,0,0,1
FINNIFTY21NOV2320600PE.NFO,2023-10-23,13:32:00,2023-11-21,132.65,132.65,132.65,132.65,0,0,1
FINNIFTY21NOV2320600PE.NFO,2023-10-23,13:33:00,2023-11-21,132.65,132.65,132.65,132.65,0,0,1
FINNIFTY21NOV2320600PE.NFO,2023-10-23,13:34:00,2023-11-21,132.65,132.65,132.65,132.65,0,0,1
FINNIFTY21NOV2320600PE.NFO,2023-10-23,13:35:00,2023-11-21,132.65,132.65,132.65,132.65,0,0,1
FINNIFTY21NOV2320600PE.NFO,2023-10-23,13:36:00,2023-11-21,132.65,132.65,132.65,132.65,0,0,1
FINNIFTY21NOV2320600PE.NFO,2023-10-23,13:37:00,2023-11-21,132.65,132.65,132.65,132.65,0,0,1
FINNIFTY21NOV2320600PE.NFO,2023-10-23,13:38:00,2023-11-21,132.65,132.65,132.65,132.65,0,0,1
FINNIFTY21NOV2320600PE.NFO,2023-10-23,13:39:00,2023-11-21,132.65,132.65,132.65,132.65,0,0,1
FINNIFTY21NOV2320600PE.NFO,2023-10-23,13:40:00,2023-11-21,132.65,132.65,132.65,132.65,0,0,1
FINNIFTY21NOV2320600PE.NFO,2023-10-23,13:41:00,2023-11-21,132.65,132.65,132.65,132.65,0,0,1
FINNIFTY21NOV2320600PE.NFO,2023-10-23,13:42:00,2023-11-21,132.65,132.65,132.65,132.65,0,0,1
FINNIFTY21NOV2320600PE.NFO,2023-10-23,13:43:00,2023-11-21,132.65,132.65,132.65,132.65,0,0,1
FINNIFTY21NOV2320600PE.NFO,2023-10-23,13:44:00,2023-11-21,132.65,132.65,132.65,132.65,0,0,1
FINNIFTY21NOV2320600PE.NFO,2023-10-23,13:45:00,2023-11-21,132.65,132.65,132.65,132.65,0,0,1
FINNIFTY21NOV2320600PE.NFO,2023-10-23,13:46:00,2023-11-21,132.65,132.65,132.65,132.65,0,0,1
FINNIFTY21NOV2320600PE.NFO,2023-10-23,13:47:00,2023-11-21,132.65,132.65,132.65,132.65,0,0,1
FINNIFTY21NOV2320600PE.NFO,2023-10-23,13:48:00,2023-11-21,132.65,132.65,132.65,132.65,0,0,1
FINNIFTY21NOV2320600PE.NFO,2023-10-23,13:49:00,2023-11-21,132.65,132.65,132.65,132.65,0,0,1
FINNIFTY21NOV2320600PE.NFO,2023-10-23,13:50:00,2023-11-21,132.65,132.65,132.65,132.65,0,0,1
FINNIFTY21NOV2320600PE.NFO,2023-10-23,13:51:00,2023-11-21,132.65,132.65,132.65,132.65,0,0,1
FINNIFTY21NOV2320600PE.NFO,2023-10-23,13:52:00,2023-11-21,132.65,132.65,132.65,132.65,0,0,1
FINNIFTY21NOV2320600PE.NFO,2023-10-23,13:53:00,2023-11-21,132.65,132.65,132.65,132.65,0,0,1
FINNIFTY21NOV2320600PE.NFO,2023-10-23,13:54:00,2023-11-21,132.65,132.65,132.65,132.65,0,0,1
FINNIFTY21NOV2320600PE.NFO,2023-10-23,13:55:00,2023-11-21,132.65,132.65,132.65,132.65,0,0,1
FINNIFTY21NOV2320600PE.NFO,2023-10-23,13:56:00,2023-11-21,132.65,132.65,132.65,132.65,0,0,1
FINNIFTY21NOV2320600PE.NFO,2023-10-23,13:57:00,2023-11-21,132.65,132.65,132.65,132.65,0,0,1
FINNIFTY21NOV2320600PE.NFO,2023-10-23,13:58:00,2023-11-21,132.65,132.65,132.65,132.65,0,0,1
FINNIFTY21NOV2320600PE.NFO,2023-10-23,13:59:00,2023-11-21,132.65,132.65,132.65,132.65,0,0,1
FINNIFTY21NOV2320600PE.NFO,2023-10-23,14:00:00,2023-11-21,132.65,132.65,132.65,132.65,0,0,1
FINNIFTY21NOV2320600PE.NFO,2023-10-23,14:01:00,2023-11-21,132.65,132.65,132.65,132.65,0,0,1
FINNIFTY21NOV2320600PE.NFO,2023-10-23,14:02:00,2023-11-21,132.65,132.65,132.65,132.65,0,0,1
FINNIFTY21NOV2320600PE.NFO,2023-10-23,14:03:00,2023-11-21,132.65,132.65,132.65,132.65,0,0,1
FINNIFTY21NOV2320600PE.NFO,2023-10-23,14:04:00,2023-11-21,132.65,132.65,132.65,132.65,0,0,1
FINNIFTY21NOV2320600PE.NFO,2023-10-23,14:05:00,2023-11-21,132.65,132.65,132.65,132.65,0,0,1
FINNIFTY21NOV2320600PE.NFO,2023-10-23,14:06:00,2023-11-21,132.65,132.65,132.65,132.65,0,0,1
FINNIFTY21NOV2320600PE.NFO,2023-10-23,14:07:00,2023-11-21,132.65,132.65,132.65,132.65,0,0,1
FINNIFTY21NOV2320600PE.NFO,2023-10-23,14:08:00,2023-11-21,132.65,132.65,132.65,132.65,0,0,1
FINNIFTY21NOV2320600PE.NFO,2023-10-23,14:09:00,2023-11-21,132.65,132.65,132.65,132.65,0,0,1
FINNIFTY21NOV2320600PE.NFO,2023-10-23,14:10:00,2023-11-21,132.65,132.65,132.65,132.65,0,0,1
FINNIFTY21NOV2320600PE.NFO,2023-10-23,14:11:00,2023-11-21,132.65,132.65,132.65,132.65,0,0,1
FINNIFTY21NOV2320600PE.NFO,2023-10-23,14:12:00,2023-11-21,132.65,132.65,132.65,132.65,0,0,1
FINNIFTY21NOV2320600PE.NFO,2023-10-23,14:13:00,2023-11-21,132.65,132.65,132.65,132.65,0,0,1
FINNIFTY21NOV2320600PE.NFO,2023-10-23,14:14:00,2023-11-21,132.65,132.65,132.65,132.65,0,0,1
FINNIFTY21NOV2320600PE.NFO,2023-10-23,14:15:00,2023-11-21,132.65,132.65,132.65,132.65,0,0,1
FINNIFTY21NOV2320600PE.NFO,2023-10-23,14:16:00,2023-11-21,132.65,132.65,132.65,132.65,0,0,1
FINNIFTY21NOV2320600PE.NFO,2023-10-23,14:17:00,2023-11-21,132.65,132.65,132.65,132.65,0,0,1
FINNIFTY21NOV2320600PE.NFO,2023-10-23,14:18:00,2023-11-21,132.65,132.65,132.65,132.65,0,0,1
FINNIFTY21NOV2320600PE.NFO,2023-10-23,14:19:00,2023-11-21,132.65,132.65,132.65,132.65,0,0,1
FINNIFTY21NOV2320600PE.NFO,2023-10-23,14:20:00,2023-11-21,132.65,132.65,132.65,132.65,0,0,1
FINNIFTY21NOV2320600PE.NFO,2023-10-23,14:21:00,2023-11-21,132.65,132.65,132.65,132.65,0,0,1
FINNIFTY21NOV2320600PE.NFO,2023-10-23,14:22:00,2023-11-21,132.65,132.65,132.65,132.65,0,0,1
FINNIFTY21NOV2320600PE.NFO,2023-10-23,14:23:00,2023-11-21,132.65,132.65,132.65,132.65,0,0,1
FINNIFTY21NOV2320600PE.NFO,2023-10-23,14:24:00,2023-11-21,132.65,132.65,132.65,132.65,0,0,1
FINNIFTY21NOV2320600PE.NFO,2023-10-23,14:25:00,2023-11-21,132.65,132.65,132.65,132.65,0,0,1
FINNIFTY21NOV2320600PE.NFO,2023-10-23,14:26:00,2023-11-21,132.65,132.65,132.65,132.65,0,0,1
FINNIFTY21NOV2320600PE.NFO,2023-10-23,14:27:00,2023-11-21,132.65,132.65,132.65,132.65,0,0,1
FINNIFTY21NOV2320600PE.NFO,2023-10-23,14:28:00,2023-11-21,132.65,132.65,132.65,132.65,0,0,1
FINNIFTY21NOV2320600PE.NFO,2023-10-23,14:29:00,2023-11-21,132.65,132.65,132.65,132.65,0,0,1
FINNIFTY21NOV2320600PE.NFO,2023-10-23,14:30:00,2023-11-21,132.65,132.65,132.65,132.65,0,0,1
FINNIFTY21NOV2320600PE.NFO,2023-10-23,14:31:00,2023-11-21,132.65,132.65,132.65,132.65,0,0,1
FINNIFTY21NOV2320600PE.NFO,2023-10-23,14:32:00,2023-11-21,132.65,132.65,132.65,132.65,0,0,1
FINNIFTY21NOV2320600PE.NFO,2023-10-23,14:33:00,2023-11-21,132.65,132.65,132.65,132.65,0,0,1
FINNIFTY21NOV2320600PE.NFO,2023-10-23,14:34:00,2023-11-21,132.65,132.65,132.65,132.65,0,0,1
FINNIFTY21NOV2320600PE.NFO,2023-10-23,14:35:00,2023-11-21,132.65,132.65,132.65,132.65,0,0,1
FINNIFTY21NOV2320600PE.NFO,2023-10-23,14:36:00,2023-11-21,132.65,132.65,132.65,132.65,0,0,1
FINNIFTY21NOV2320600PE.NFO,2023-10-23,14:37:00,2023-11-21,132.65,132.65,132.65,132.65,0,0,1
FINNIFTY21NOV2320600PE.NFO,2023-10-23,14:38:00,2023-11-21,132.65,132.65,132.65,132.65,0,0,1
FINNIFTY21NOV2320600PE.NFO,2023-10-23,14:39:00,2023-11-21,132.65,132.65,132.65,132.65,0,0,1
FINNIFTY21NOV2320600PE.NFO,2023-10-23,14:40:00,2023-11-21,132.65,132.65,132.65,132.65,0,0,1
FINNIFTY21NOV2320600PE.NFO,2023-10-23,14:41:00,2023-11-21,132.65,132.65,132.65,132.65,0,0,1
FINNIFTY21NOV2320600PE.NFO,2023-10-23,14:42:00,2023-11-21,132.65,132.65,132.65,132.65,0,0,1
FINNIFTY21NOV2320600PE.NFO,2023-10-23,14:43:00,2023-11-21,132.65,132.65,132.65,132.65,0,0,1
FINNIFTY21NOV2320600PE.NFO,2023-10-23,14:44:00,2023-11-21,132.65,132.65,132.65,132.65,0,0,1
FINNIFTY21NOV2320600PE.NFO,2023-10-23,14:45:00,2023-11-21,132.65,132.65,132.65,132.65,0,0,1
FINNIFTY21NOV2320600PE.NFO,2023-10-23,14:46:00,2023-11-21,132.65,132.65,132.65,132.65,0,0,1
FINNIFTY21NOV2320600PE.NFO,2023-10-23,14:47:00,2023-11-21,132.65,132.65,132.65,132.65,0,0,1
FINNIFTY21NOV2320600PE.NFO,2023-10-23,14:48:00,2023-11-21,132.65,132.65,132.65,132.65,0,0,1
FINNIFTY21NOV2320600PE.NFO,2023-10-23,14:49:00,2023-11-21,132.65,132.65,132.65,132.65,0,0,1
FINNIFTY21NOV2320600PE.NFO,2023-10-23,14:50:00,2023-11-21,132.65,132.65,132.65,132.65,0,0,1
FINNIFTY21NOV2320600PE.NFO,2023-10-23,14:51:00,2023-11-21,132.65,132.65,132.65,132.65,0,0,1
FINNIFTY21NOV2320600PE.NFO,2023-10-23,14:52:00,2023-11-21,132.65,132.65,132.65,132.65,0,0,1
FINNIFTY21NOV2320600PE.NFO,2023-10-23,14:53:00,2023-11-21,132.65,132.65,132.65,132.65,0,0,1
FINNIFTY21NOV2320600PE.NFO,2023-10-23,14:54:00,2023-11-21,132.65,132.65,132.65,132.65,0,0,1
FINNIFTY21NOV2320600PE.NFO,2023-10-23,14:55:00,2023-11-21,132.65,132.65,132.65,132.65,0,0,1
FINNIFTY21NOV2320600PE.NFO,2023-10-23,14:56:00,2023-11-21,132.65,132.65,132.65,132.65,0,0,1
FINNIFTY21NOV2320600PE.NFO,2023-10-23,14:57:00,2023-11-21,132.65,132.65,132.65,132.65,0,0,1
FINNIFTY21NOV2320600PE.NFO,2023-10-23,14:58:00,2023-11-21,132.65,132.65,132.65,132.65,0,0,1
FINNIFTY21NOV2320600PE.NFO,2023-10-23,14:59:00,2023-11-21,132.65,132.65,132.65,132.65,0,0,1
FINNIFTY21NOV2320600PE.NFO,2023-10-23,15:00:00,2023-11-21,132.65,132.65,132.65,132.65,0,0,1
FINNIFTY21NOV2320600PE.NFO,2023-10-23,15:01:00,2023-11-21,132.65,132.65,132.65,132.65,0,0,1
FINNIFTY21NOV2320600PE.NFO,2023-10-23,15:02:00,2023-11-21,132.65,132.65,132.65,132.65,0,0,1
FINNIFTY21NOV2320600PE.NFO,2023-10-23,15:03:00,2023-11-21,132.65,132.65,132.65,132.65,0,0,1
FINNIFTY21NOV2320600PE.NFO,2023-10-23,15:04:00,2023-11-21,132.65,132.65,132.65,132.65,0,0,1
FINNIFTY21NOV2320600PE.NFO,2023-10-23,15:05:00,2023-11-21,132.65,132.65,132.65,132.65,0,0,1
FINNIFTY21NOV2320600PE.NFO,2023-10-23,15:06:00,2023-11-21,132.65,132.65,132.65,132.65,0,0,1
FINNIFTY21NOV2320600PE.NFO,2023-10-23,15:07:00,2023-11-21,132.65,132.65,132.65,132.65,0,0,1
FINNIFTY21NOV2320600PE.NFO,2023-10-23,15:08:00,2023-11-21,132.65,132.65,132.65,132.65,0,0,1
FINNIFTY21NOV2320600PE.NFO,2023-10-23,15:09:00,2023-11-21,132.65,132.65,132.65,132.65,0,0,1
FINNIFTY21NOV2320600PE.NFO,2023-10-23,15:10:00,2023-11-21,132.65,132.65,132.65,132.65,0,0,1
FINNIFTY21NOV2320600PE.NFO,2023-10-23,15:11:00,2023-11-21,132.65,132.65,132.65,132.65,0,0,1
FINNIFTY21NOV2320600PE.NFO,2023-10-23,15:12:00,2023-11-21,132.65,132.65,132.65,132.65,0,0,1
FINNIFTY21NOV2320600PE.NFO,2023-10-23,15:13:00,2023-11-21,132.65,132.65,132.65,132.65,0,0,1
FINNIFTY21NOV2320600PE.NFO,2023-10-23,15:14:00,2023-11-21,132.65,132.65,132.65,132.65,0,0,1
FINNIFTY21NOV2320600PE.NFO,2023-10-23,15:15:00,2023-11-21,132.65,132.65,132.65,132.65,0,0,1
FINNIFTY21NOV2320600PE.NFO,2023-10-23,15:16:00,2023-11-21,132.65,132.65,132.65,132.65,0,0,1
FINNIFTY21NOV2320600PE.NFO,2023-10-23,15:17:00,2023-11-21,132.65,132.65,132.65,132.65,0,0,1
FINNIFTY21NOV2320600PE.NFO,2023-10-23,15:18:00,2023-11-21,132.65,132.65,132.65,132.65,0,0,1
FINNIFTY21NOV2320600PE.NFO,2023-10-23,15:19:00,2023-11-21,132.65,132.65,132.65,132.65,0,0,1
FINNIFTY21NOV2320600PE.NFO,2023-10-23,15:20:00,2023-11-21,132.65,132.65,132.65,132.65,0,0,1
FINNIFTY21NOV2320600PE.NFO,2023-10-23,15:21:00,2023-11-21,132.65,132.65,132.65,132.65,0,0,1
FINNIFTY21NOV2320600PE.NFO,2023-10-23,15:22:00,2023-11-21,132.65,132.65,132.65,132.65,0,0,1
FINNIFTY21NOV2320600PE.NFO,2023-10-23,15:23:00,2023-11-21,132.65,132.65,132.65,132.65,0,0,1
FINNIFTY21NOV2320600PE.NFO,2023-10-23,15:24:00,2023-11-21,132.65,132.65,132.65,132.65,0,0,1
FINNIFTY21NOV2320600PE.NFO,2023-10-23,15:25:00,2023-11-21,132.65,132.65,132.65,132.65,0,0,1
FINNIFTY21NOV2320600PE.NFO,2023-10-23,15:26:00,2023-11-21,132.65,132.65,132.65,132.65,0,0,1
FINNIFTY21NOV2320600PE.NFO,2023-10-23,15:27:00,2023-11-21,132.65,132.65,132.65,132.65,0,0,1
FINNIFTY21NOV2320600PE.NFO,2023-10-23,15:28:00,2023-11-21,132.65,132.65,132.65,132.65,0,0,1
FINNIFTY21NOV2320600PE.NFO,2023-10-23,15:29:00,2023-11-21,132.65,132.65,132.65,132.65,0,0,1
FINNIFTY21NOV2320600PE.NFO,2023-10-23,15:30:00,2023-11-21,132.65,132.65,132.65,132.65,0,0,1
FINNIFTY21NOV2320600PE.NFO,2023-10-25,09:15:00,2023-11-21,132.65,132.65,132.65,132.65,0,0,0
FINNIFTY21NOV2320600PE.NFO,2023-10-25,09:16:00,2023-11-21,132.65,132.65,132.65,132.65,0,0,1
FINNIFTY21NOV2320600PE.NFO,2023-10-25,09:17:00,2023-11-21,132.65,132.65,132.65,132.65,0,0,1
FINNIFTY21NOV2320600PE.NFO,2023-10-25,09:18:00,2023-11-21,132.65,132.65,132.65,132.65,0,0,1
FINNIFTY21NOV2320600PE.NFO,2023-10-25,09:19:00,2023-11-21,132.65,132.65,132.65,132.65,0,0,1
FINNIFTY21NOV2320600PE.NFO,2023-10-25,09:20:00,2023-11-21,132.65,132.65,132.65,132.65,0,0,1
FINNIFTY21NOV2320600PE.NFO,2023-10-25,09:21:00,2023-11-21,132.65,132.65,132.65,132.65,0,0,1
FINNIFTY21NOV2320600PE.NFO,2023-10-25,09:22:00,2023-11-21,132.65,132.65,132.65,132.65,0,0,1
FINNIFTY21NOV2320600PE.NFO,2023-10-25,09:23:00,2023-11-21,132.65,132.65,132.65,132.65,0,0,1
FINNIFTY21NOV2320600PE.NFO,2023-10-25,09:24:00,2023-11-21,132.65,132.65,132.65,132.65,0,0,1
FINNIFTY21NOV2320600PE.NFO,2023-10-25,09:25:00,2023-11-21,132.65,132.65,132.65,132.65,0,0,1
FINNIFTY21NOV2320600PE.NFO,2023-10-25,09:26:00,2023-11-21,132.65,132.65,132.65,132.65,0,0,1
FINNIFTY21NOV2320600PE.NFO,2023-10-25,09:27:00,2023-11-21,132.65,132.65,132.65,132.65,0,0,1
FINNIFTY21NOV2320600PE.NFO,2023-10-25,09:28:00,2023-11-21,132.65,132.65,132.65,132.65,0,0,1
FINNIFTY21NOV2320600PE.NFO,2023-10-25,09:29:00,2023-11-21,132.65,132.65,132.65,132.65,0,0,1
FINNIFTY21NOV2320600PE.NFO,2023-10-25,09:30:00,2023-11-21,132.65,132.65,132.65,132.65,0,0,1
FINNIFTY21NOV2320600PE.NFO,2023-10-25,09:31:00,2023-11-21,132.65,132.65,132.65,132.65,0,0,1
FINNIFTY21NOV2320600PE.NFO,2023-10-25,09:32:00,2023-11-21,132.65,132.65,132.65,132.65,0,0,1
FINNIFTY21NOV2320600PE.NFO,2023-10-25,09:33:00,2023-11-21,132.65,132.65,132.65,132.65,0,0,1
FINNIFTY21NOV2320600PE.NFO,2023-10-25,09:34:00,2023-11-21,132.65,132.65,132.65,132.65,0,0,1
FINNIFTY21NOV2320600PE.NFO,2023-10-25,09:35:00,2023-11-21,132.65,132.65,132.65,132.65,0,0,1
FINNIFTY21NOV2320600PE.NFO,2023-10-25,09:36:00,2023-11-21,132.65,132.65,132.65,132.65,0,0,1
FINNIFTY21NOV2320600PE.NFO,2023-10-25,09:37:00,2023-11-21,132.65,132.65,132.65,132.65,0,0,1
FINNIFTY21NOV2320600PE.NFO,2023-10-25,09:38:00,2023-11-21,132.65,132.65,132.65,132.65,0,0,1
FINNIFTY21NOV2320600PE.NFO,2023-10-25,09:39:00,2023-11-21,132.65,132.65,132.65,132.65,0,0,1
FINNIFTY21NOV2320600PE.NFO,2023-10-25,09:40:00,2023-11-21,132.65,132.65,132.65,132.65,0,0,1
FINNIFTY21NOV2320600PE.NFO,2023-10-25,09:41:00,2023-11-21,132.65,132.65,132.65,132.65,0,0,1
FINNIFTY21NOV2320600PE.NFO,2023-10-25,09:42:00,2023-11-21,132.65,132.65,132.65,132.65,0,0,1
FINNIFTY21NOV2320600PE.NFO,2023-10-25,09:43:00,2023-11-21,132.65,132.65,132.65,132.65,0,0,1
FINNIFTY21NOV2320600PE.NFO,2023-10-25,09:44:00,2023-11-21,132.65,132.65,132.65,132.65,0,0,1
FINNIFTY21NOV2320600PE.NFO,2023-10-25,09:45:00,2023-11-21,132.65,132.65,132.65,132.65,0,0,1
FINNIFTY21NOV2320600PE.NFO,2023-10-25,09:46:00,2023-11-21,132.65,132.65,132.65,132.65,0,0,1
FINNIFTY21NOV2320600PE.NFO,2023-10-25,09:47:00,2023-11-21,132.65,132.65,132.65,132.65,0,0,1
FINNIFTY21NOV2320600PE.NFO,2023-10-25,09:48:00,2023-11-21,132.65,132.65,132.65,132.65,0,0,1
FINNIFTY21NOV2320600PE.NFO,2023-10-25,09:49:00,2023-11-21,132.65,132.65,132.65,132.65,0,0,1
FINNIFTY21NOV2320600PE.NFO,2023-10-25,09:50:00,2023-11-21,132.65,132.65,132.65,132.65,0,0,1
FINNIFTY21NOV2320600PE.NFO,2023-10-25,09:51:00,2023-11-21,132.65,132.65,132.65,132.65,0,0,1
FINNIFTY21NOV2320600PE.NFO,2023-10-25,09:52:00,2023-11-21,132.65,132.65,132.65,132.65,0,0,1
FINNIFTY21NOV2320600PE.NFO,2023-10-25,09:53:00,2023-11-21,132.65,132.65,132.65,132.65,0,0,1
FINNIFTY21NOV2320600PE.NFO,2023-10-25,09:54:00,2023-11-21,132.65,132.65,132.65,132.65,0,0,1
FINNIFTY21NOV2320600PE.NFO,2023-10-25,09:55:00,2023-11-21,132.65,132.65,132.65,132.65,0,0,1
FINNIFTY21NOV2320600PE.NFO,2023-10-25,09:56:00,2023-11-21,132.65,132.65,132.65,132.65,0,0,1
FINNIFTY21NOV2320600PE.NFO,2023-10-25,09:57:00,2023-11-21,132.65,132.65,132.65,132.65,0,0,1
FINNIFTY21NOV2320600PE.NFO,2023-10-25,09:58:00,2023-11-21,132.65,132.65,132.65,132.65,0,0,1
FINNIFTY21NOV2320600PE.NFO,2023-10-25,09:59:00,2023-11-21,132.65,132.65,132.65,132.65,0,0,1
FINNIFTY21NOV2320600PE.NFO,2023-10-25,10:00:00,2023-11-21,132.65,132.65,132.65,132.65,0,0,1
FINNIFTY21NOV2320600PE.NFO,2023-10-25,10:01:00,2023-11-21,132.65,132.65,132.65,132.65,0,0,1
FINNIFTY21NOV2320600PE.NFO,2023-10-25,10:02:00,2023-11-21,132.65,132.65,132.65,132.65,0,0,1
FINNIFTY21NOV2320600PE.NFO,2023-10-25,10:03:00,2023-11-21,132.65,132.65,132.65,132.65,0,0,1
FINNIFTY21NOV2320600PE.NFO,2023-10-25,10:04:00,2023-11-21,132.65,132.65,132.65,132.65,0,0,1
FINNIFTY21NOV2320600PE.NFO,2023-10-25,10:05:00,2023-11-21,132.65,132.65,132.65,132.65,0,0,1
FINNIFTY21NOV2320600PE.NFO,2023-10-25,10:06:00,2023-11-21,132.65,132.65,132.65,132.65,0,0,1
FINNIFTY21NOV2320600PE.NFO,2023-10-25,10:07:00,2023-11-21,132.65,132.65,132.65,132.65,0,0,1
FINNIFTY21NOV2320600PE.NFO,2023-10-25,10:08:00,2023-11-21,132.65,132.65,132.65,132.65,0,0,1
FINNIFTY21NOV2320600PE.NFO,2023-10-25,10:09:00,2023-11-21,132.65,132.65,132.65,132.65,0,0,1
FINNIFTY21NOV2320600PE.NFO,2023-10-25,10:10:00,2023-11-21,132.65,132.65,132.65,132.65,0,0,1
FINNIFTY21NOV2320600PE.NFO,2023-10-25,10:11:00,2023-11-21,132.65,132.65,132.65,132.65,0,0,1
FINNIFTY21NOV2320600PE.NFO,2023-10-25,10:12:00,2023-11-21,132.65,132.65,132.65,132.65,0,0,1
FINNIFTY21NOV2320600PE.NFO,2023-10-25,10:13:00,2023-11-21,132.65,132.65,132.65,132.65,0,0,1
FINNIFTY21NOV2320600PE.NFO,2023-10-25,10:14:00,2023-11-21,132.65,132.65,132.65,132.65,0,0,1
FINNIFTY21NOV2320600PE.NFO,2023-10-25,10:15:00,2023-11-21,132.65,132.65,132.65,132.65,0,0,1
FINNIFTY21NOV2320600PE.NFO,2023-10-25,10:16:00,2023-11-21,132.65,132.65,132.65,132.65,0,0,1
FINNIFTY21NOV2320600PE.NFO,2023-10-25,10:17:00,2023-11-21,132.65,132.65,132.65,132.65,0,0,1
FINNIFTY21NOV2320600PE.NFO,2023-10-25,10:18:00,2023-11-21,132.65,132.65,132.65,132.65,0,0,1
FINNIFTY21NOV2320600PE.NFO,2023-10-25,10:19:00,2023-11-21,132.65,132.65,132.65,132.65,0,0,1
FINNIFTY21NOV2320600PE.NFO,2023-10-25,10:20:00,2023-11-21,132.65,132.65,132.65,132.65,0,0,1
FINNIFTY21NOV2320600PE.NFO,2023-10-25,10:21:00,2023-11-21,132.65,132.65,132.65,132.65,0,0,1
FINNIFTY21NOV2320600PE.NFO,2023-10-25,10:22:00,2023-11-21,132.65,132.65,132.65,132.65,0,0,1
FINNIFTY21NOV2320600PE.NFO,2023-10-25,10:23:00,2023-11-21,132.65,132.65,132.65,132.65,0,0,1
FINNIFTY21NOV2320600PE.NFO,2023-10-25,10:24:00,2023-11-21,132.65,132.65,132.65,132.65,0,0,1
FINNIFTY21NOV2320600PE.NFO,2023-10-25,10:25:00,2023-11-21,132.65,132.65,132.65,132.65,0,0,1
FINNIFTY21NOV2320600PE.NFO,2023-10-25,10:26:00,2023-11-21,132.65,132.65,132.65,132.65,0,0,1
FINNIFTY21NOV2320600PE.NFO,2023-10-25,10:27:00,2023-11-21,132.65,132.65,132.65,132.65,0,0,1
FINNIFTY21NOV2320600PE.NFO,2023-10-25,10:28:00,2023-11-21,132.65,132.65,132.65,132.65,0,0,1
FINNIFTY21NOV2320600PE.NFO,2023-10-25,10:29:00,2023-11-21,132.65,132.65,132.65,132.65,0,0,1
FINNIFTY21NOV2320600PE.NFO,2023-10-25,10:30:00,2023-11-21,132.65,132.65,132.65,132.65,0,0,1
FINNIFTY21NOV2320600PE.NFO,2023-10-25,10:31:00,2023-11-21,132.65,132.65,132.65,132.65,0,0,1
FINNIFTY21NOV2320600PE.NFO,2023-10-25,10:32:00,2023-11-21,132.65,132.65,132.65,132.65,0,0,1
FINNIFTY21NOV2320600PE.NFO,2023-10-25,10:33:00,2023-11-21,132.65,132.65,132.65,132.65,0,0,1
FINNIFTY21NOV2320600PE.NFO,2023-10-25,10:34:00,2023-11-21,132.65,132.65,132.65,132.65,0,0,1
FINNIFTY21NOV2320600PE.NFO,2023-10-25,10:35:00,2023-11-21,132.65,132.65,132.65,132.65,0,0,1
FINNIFTY21NOV2320600PE.NFO,2023-10-25,10:36:00,2023-11-21,132.65,132.65,132.65,132.65,0,0,1
FINNIFTY21NOV2320600PE.NFO,2023-10-25,10:37:00,2023-11-21,132.65,132.65,132.65,132.65,0,0,1
FINNIFTY21NOV2320600PE.NFO,2023-10-25,10:38:00,2023-11-21,132.65,132.65,132.65,132.65,0,0,1
FINNIFTY21NOV2320600PE.NFO,2023-10-25,10:39:00,2023-11-21,132.65,132.65,132.65,132.65,0,0,1
FINNIFTY21NOV2320600PE.NFO,2023-10-25,10:40:00,2023-11-21,132.65,132.65,132.65,132.65,0,0,1
FINNIFTY21NOV2320600PE.NFO,2023-10-25,10:41:00,2023-11-21,132.65,132.65,132.65,132.65,0,0,1
FINNIFTY21NOV2320600PE.NFO,2023-10-25,10:42:00,2023-11-21,132.65,132.65,132.65,132.65,0,0,1
FINNIFTY21NOV2320600PE.NFO,2023-10-25,10:43:00,2023-11-21,132.65,132.65,132.65,132.65,0,0,1
FINNIFTY21NOV2320600PE.NFO,2023-10-25,10:44:00,2023-11-21,132.65,132.65,132.65,132.65,0,0,1
FINNIFTY21NOV2320600PE.NFO,2023-10-25,10:45:00,2023-11-21,132.65,132.65,132.65,132.65,0,0,1
FINNIFTY21NOV2320600PE.NFO,2023-10-25,10:46:00,2023-11-21,132.65,132.65,132.65,132.65,0,0,1
FINNIFTY21NOV2320600PE.NFO,2023-10-25,10:47:00,2023-11-21,132.65,132.65,132.65,132.65,0,0,1
FINNIFTY21NOV2320600PE.NFO,2023-10-25,10:48:00,2023-11-21,132.65,132.65,132.65,132.65,0,0,1
FINNIFTY21NOV2320600PE.NFO,2023-10-25,10:49:00,2023-11-21,132.65,132.65,132.65,132.65,0,0,1
FINNIFTY21NOV2320600PE.NFO,2023-10-25,10:50:00,2023-11-21,132.65,132.65,132.65,132.65,0,0,1
FINNIFTY21NOV2320600PE.NFO,2023-10-25,10:51:00,2023-11-21,132.65,132.65,132.65,132.65,0,0,1
FINNIFTY21NOV2320600PE.NFO,2023-10-25,10:52:00,2023-11-21,132.65,132.65,132.65,132.65,0,0,1
FINNIFTY21NOV2320600PE.NFO,2023-10-25,10:53:00,2023-11-21,132.65,132.65,132.65,132.65,0,0,1
FINNIFTY21NOV2320600PE.NFO,2023-10-25,10:54:00,2023-11-21,132.65,132.65,132.65,132.65,0,0,1
FINNIFTY21NOV2320600PE.NFO,2023-10-25,10:55:00,2023-11-21,132.65,132.65,132.65,132.65,0,0,1
FINNIFTY21NOV2320600PE.NFO,2023-10-25,10:56:00,2023-11-21,132.65,132.65,132.65,132.65,0,0,1
FINNIFTY21NOV2320600PE.NFO,2023-10-25,10:57:00,2023-11-21,132.65,132.65,132.65,132.65,0,0,1
FINNIFTY21NOV2320600PE.NFO,2023-10-25,10:58:00,2023-11-21,132.65,132.65,132.65,132.65,0,0,1
FINNIFTY21NOV2320600PE.NFO,2023-10-25,10:59:00,2023-11-21,132.65,132.65,132.65,132.65,0,0,1
FINNIFTY21NOV2320600PE.NFO,2023-10-25,11:00:00,2023-11-21,132.65,132.65,132.65,132.65,0,0,1
FINNIFTY21NOV2320600PE.NFO,2023-10-25,11:01:00,2023-11-21,132.65,132.65,132.65,132.65,0,0,1
FINNIFTY21NOV2320600PE.NFO,2023-10-25,11:02:00,2023-11-21,132.65,132.65,132.65,132.65,0,0,1
FINNIFTY21NOV2320600PE.NFO,2023-10-25,11:03:00,2023-11-21,132.65,132.65,132.65,132.65,0,0,1
FINNIFTY21NOV2320600PE.NFO,2023-10-25,11:04:00,2023-11-21,132.65,132.65,132.65,132.65,0,0,1
FINNIFTY21NOV2320600PE.NFO,2023-10-25,11:05:00,2023-11-21,132.65,132.65,132.65,132.65,0,0,1
FINNIFTY21NOV2320600PE.NFO,2023-10-25,11:06:00,2023-11-21,132.65,132.65,132.65,132.65,0,0,1
FINNIFTY21NOV2320600PE.NFO,2023-10-25,11:07:00,2023-11-21,132.65,132.65,132.65,132.65,0,0,1
FINNIFTY21NOV2320600PE.NFO,2023-10-25,11:08:00,2023-11-21,132.65,132.65,132.65,132.65,0,0,1
FINNIFTY21NOV2320600PE.NFO,2023-10-25,11:09:00,2023-11-21,132.65,132.65,132.65,132.65,0,0,1
FINNIFTY21NOV2320600PE.NFO,2023-10-25,11:10:00,2023-11-21,132.65,132.65,132.65,132.65,0,0,1
FINNIFTY21NOV2320600PE.NFO,2023-10-25,11:11:00,2023-11-21,132.65,132.65,132.65,132.65,0,0,1
FINNIFTY21NOV2320600PE.NFO,2023-10-25,11:12:00,2023-11-21,132.65,132.65,132.65,132.65,0,0,1
FINNIFTY21NOV2320600PE.NFO,2023-10-25,11:13:00,2023-11-21,132.65,132.65,132.65,132.65,0,0,1
FINNIFTY21NOV2320600PE.NFO,2023-10-25,11:14:00,2023-11-21,132.65,132.65,132.65,132.65,0,0,1
FINNIFTY21NOV2320600PE.NFO,2023-10-25,11:15:00,2023-11-21,132.65,132.65,132.65,132.65,0,0,1
FINNIFTY21NOV2320600PE.NFO,2023-10-25,11:16:00,2023-11-21,132.65,132.65,132.65,132.65,0,0,1
FINNIFTY21NOV2320600PE.NFO,2023-10-25,11:17:00,2023-11-21,132.65,132.65,132.65,132.65,0,0,1
FINNIFTY21NOV2320600PE.NFO,2023-10-25,11:18:00,2023-11-21,132.65,132.65,132.65,132.65,0,0,1
FINNIFTY21NOV2320600PE.NFO,2023-10-25,11:19:00,2023-11-21,132.65,132.65,132.65,132.65,0,0,1
FINNIFTY21NOV2320600PE.NFO,2023-10-25,11:20:00,2023-11-21,132.65,132.65,132.65,132.65,0,0,1
FINNIFTY21NOV2320600PE.NFO,2023-10-25,11:21:00,2023-11-21,132.65,132.65,132.65,132.65,0,0,1
FINNIFTY21NOV2320600PE.NFO,2023-10-25,11:22:00,2023-11-21,132.65,132.65,132.65,132.65,0,0,1
FINNIFTY21NOV2320600PE.NFO,2023-10-25,11:23:00,2023-11-21,132.65,132.65,132.65,132.65,0,0,1
FINNIFTY21NOV2320600PE.NFO,2023-10-25,11:24:00,2023-11-21,132.65,132.65,132.65,132.65,0,0,1
FINNIFTY21NOV2320600PE.NFO,2023-10-25,11:25:00,2023-11-21,132.65,132.65,132.65,132.65,0,0,1
FINNIFTY21NOV2320600PE.NFO,2023-10-25,11:26:00,2023-11-21,132.65,132.65,132.65,132.65,0,0,1
FINNIFTY21NOV2320600PE.NFO,2023-10-25,11:27:00,2023-11-21,132.65,132.65,132.65,132.65,0,0,1
FINNIFTY21NOV2320600PE.NFO,2023-10-25,11:28:00,2023-11-21,132.65,132.65,132.65,132.65,0,0,1
FINNIFTY21NOV2320600PE.NFO,2023-10-25,11:29:00,2023-11-21,132.65,132.65,132.65,132.65,0,0,1
FINNIFTY21NOV2320600PE.NFO,2023-10-25,11:30:00,2023-11-21,132.65,132.65,132.65,132.65,0,0,1
FINNIFTY21NOV2320600PE.NFO,2023-10-25,11:31:00,2023-11-21,132.65,132.65,132.65,132.65,0,0,1
FINNIFTY21NOV2320600PE.NFO,2023-10-25,11:32:00,2023-11-21,132.65,132.65,132.65,132.65,0,0,1
FINNIFTY21NOV2320600PE.NFO,2023-10-25,11:33:00,2023-11-21,132.65,132.65,132.65,132.65,0,0,1
FINNIFTY21NOV2320600PE.NFO,2023-10-25,11:34:00,2023-11-21,132.65,132.65,132.65,132.65,0,0,1
FINNIFTY21NOV2320600PE.NFO,2023-10-25,11:35:00,2023-11-21,132.65,132.65,132.65,132.65,0,0,1
FINNIFTY21NOV2320600PE.NFO,2023-10-25,11:36:00,2023-11-21,132.65,132.65,132.65,132.65,0,0,1
FINNIFTY21NOV2320600PE.NFO,2023-10-25,11:37:00,2023-11-21,132.65,132.65,132.65,132.65,0,0,1
FINNIFTY21NOV2320600PE.NFO,2023-10-25,11:38:00,2023-11-21,132.65,132.65,132.65,132.65,0,0,1
FINNIFTY21NOV2320600PE.NFO,2023-10-25,11:39:00,2023-11-21,132.65,132.65,132.65,132.65,0,0,1
FINNIFTY21NOV2320600PE.NFO,2023-10-25,11:40:00,2023-11-21,132.65,132.65,132.65,132.65,0,0,1
FINNIFTY21NOV2320600PE.NFO,2023-10-25,11:41:00,2023-11-21,132.65,132.65,132.65,132.65,0,0,1
FINNIFTY21NOV2320600PE.NFO,2023-10-25,11:42:00,2023-11-21,132.65,132.65,132.65,132.65,0,0,1
FINNIFTY21NOV2320600PE.NFO,2023-10-25,11:43:00,2023-11-21,132.65,132.65,132.65,132.65,0,0,1
FINNIFTY21NOV2320600PE.NFO,2023-10-25,11:44:00,2023-11-21,132.65,132.65,132.65,132.65,0,0,1
FINNIFTY21NOV2320600PE.NFO,2023-10-25,11:45:00,2023-11-21,132.65,132.65,132.65,132.65,0,0,1
FINNIFTY21NOV2320600PE.NFO,2023-10-25,11:46:00,2023-11-21,132.65,132.65,132.65,132.65,0,0,1
FINNIFTY21NOV2320600PE.NFO,2023-10-25,11:47:00,2023-11-21,132.65,132.65,132.65,132.65,0,0,1
FINNIFTY21NOV2320600PE.NFO,2023-10-25,11:48:00,2023-11-21,132.65,132.65,132.65,132.65,0,0,1
FINNIFTY21NOV2320600PE.NFO,2023-10-25,11:49:00,2023-11-21,132.65,132.65,132.65,132.65,0,0,1
FINNIFTY21NOV2320600PE.NFO,2023-10-25,11:50:00,2023-11-21,132.65,132.65,132.65,132.65,0,0,1
FINNIFTY21NOV2320600PE.NFO,2023-10-25,11:51:00,2023-11-21,132.65,132.65,132.65,132.65,0,0,1
FINNIFTY21NOV2320600PE.NFO,2023-10-25,11:52:00,2023-11-21,132.65,132.65,132.65,132.65,0,0,1
FINNIFTY21NOV2320600PE.NFO,2023-10-25,11:53:00,2023-11-21,132.65,132.65,132.65,132.65,0,0,1
FINNIFTY21NOV2320600PE.NFO,2023-10-25,11:54:00,2023-11-21,132.65,132.65,132.65,132.65,0,0,1
FINNIFTY21NOV2320600PE.NFO,2023-10-25,11:55:00,2023-11-21,132.65,132.65,132.65,132.65,0,0,1
FINNIFTY21NOV2320600PE.NFO,2023-10-25,11:56:00,2023-11-21,132.65,132.65,132.65,132.65,0,0,1
FINNIFTY21NOV2320600PE.NFO,2023-10-25,11:57:00,2023-11-21,132.65,132.65,132.65,132.65,0,0,1
FINNIFTY21NOV2320600PE.NFO,2023-10-25,11:58:00,2023-11-21,132.65,132.65,132.65,132.65,0,0,1
FINNIFTY21NOV2320600PE.NFO,2023-10-25,11:59:00,2023-11-21,132.65,132.65,132.65,132.65,0,0,1
FINNIFTY21NOV2320600PE.NFO,2023-10-25,12:00:00,2023-11-21,132.65,132.65,132.65,132.65,0,0,1
FINNIFTY21NOV2320600PE.NFO,2023-10-25,12:01:00,2023-11-21,132.65,132.65,132.65,132.65,0,0,1
FINNIFTY21NOV2320600PE.NFO,2023-10-25,12:02:00,2023-11-21,132.65,132.65,132.65,132.65,0,0,1
FINNIFTY21NOV2320600PE.NFO,2023-10-25,12:03:00,2023-11-21,132.65,132.65,132.65,132.65,0,0,1
FINNIFTY21NOV2320600PE.NFO,2023-10-25,12:04:00,2023-11-21,132.65,132.65,132.65,132.65,0,0,1
FINNIFTY21NOV2320600PE.NFO,2023-10-25,12:05:00,2023-11-21,132.65,132.65,132.65,132.65,0,0,1
FINNIFTY21NOV2320600PE.NFO,2023-10-25,12:06:00,2023-11-21,132.65,132.65,132.65,132.65,0,0,1
FINNIFTY21NOV2320600PE.NFO,2023-10-25,12:07:00,2023-11-21,132.65,132.65,132.65,132.65,0,0,1
FINNIFTY21NOV2320600PE.NFO,2023-10-25,12:08:00,2023-11-21,132.65,132.65,132.65,132.65,0,0,1
FINNIFTY21NOV2320600PE.NFO,2023-10-25,12:09:00,2023-11-21,132.65,132.65,132.65,132.65,0,0,1
FINNIFTY21NOV2320600PE.NFO,2023-10-25,12:10:00,2023-11-21,132.65,132.65,132.65,132.65,0,0,1
FINNIFTY21NOV2320600PE.NFO,2023-10-25,12:11:00,2023-11-21,132.65,132.65,132.65,132.65,0,0,1
FINNIFTY21NOV2320600PE.NFO,2023-10-25,12:12:00,2023-11-21,132.65,132.65,132.65,132.65,0,0,1
FINNIFTY21NOV2320600PE.NFO,2023-10-25,12:13:00,2023-11-21,132.65,132.65,132.65,132.65,0,0,1
FINNIFTY21NOV2320600PE.NFO,2023-10-25,12:14:00,2023-11-21,132.65,132.65,132.65,132.65,0,0,1
FINNIFTY21NOV2320600PE.NFO,2023-10-25,12:15:00,2023-11-21,132.65,132.65,132.65,132.65,0,0,1
FINNIFTY21NOV2320600PE.NFO,2023-10-25,12:16:00,2023-11-21,132.65,132.65,132.65,132.65,0,0,1
FINNIFTY21NOV2320600PE.NFO,2023-10-25,12:17:00,2023-11-21,132.65,132.65,132.65,132.65,0,0,1
FINNIFTY21NOV2320600PE.NFO,2023-10-25,12:18:00,2023-11-21,132.65,132.65,132.65,132.65,0,0,1
FINNIFTY21NOV2320600PE.NFO,2023-10-25,12:19:00,2023-11-21,132.65,132.65,132.65,132.65,0,0,1
FINNIFTY21NOV2320600PE.NFO,2023-10-25,12:20:00,2023-11-21,132.65,132.65,132.65,132.65,0,0,1
FINNIFTY21NOV2320600PE.NFO,2023-10-25,12:21:00,2023-11-21,132.65,132.65,132.65,132.65,0,0,1
FINNIFTY21NOV2320600PE.NFO,2023-10-25,12:22:00,2023-11-21,132.65,132.65,132.65,132.65,0,0,1
FINNIFTY21NOV2320600PE.NFO,2023-10-25,12:23:00,2023-11-21,132.65,132.65,132.65,132.65,0,0,1
FINNIFTY21NOV2320600PE.NFO,2023-10-25,12:24:00,2023-11-21,132.65,132.65,132.65,132.65,0,0,1
FINNIFTY21NOV2320600PE.NFO,2023-10-25,12:25:00,2023-11-21,132.65,132.65,132.65,132.65,0,0,1
FINNIFTY21NOV2320600PE.NFO,2023-10-25,12:26:00,2023-11-21,132.65,132.65,132.65,132.65,0,0,1
FINNIFTY21NOV2320600PE.NFO,2023-10-25,12:27:00,2023-11-21,132.65,132.65,132.65,132.65,0,0,1
FINNIFTY21NOV2320600PE.NFO,2023-10-25,12:28:00,2023-11-21,132.65,132.65,132.65,132.65,0,0,1
FINNIFTY21NOV2320600PE.NFO,2023-10-25,12:29:00,2023-11-21,132.65,132.65,132.65,132.65,0,0,1
FINNIFTY21NOV2320600PE.NFO,2023-10-25,12:30:00,2023-11-21,132.65,132.65,132.65,132.65,0,0,1
FINNIFTY21NOV2320600PE.NFO,2023-10-25,12:31:00,2023-11-21,132.65,132.65,132.65,132.65,0,0,1
FINNIFTY21NOV2320600PE.NFO,2023-10-25,12:32:00,2023-11-21,132.65,132.65,132.65,132.65,0,0,1
FINNIFTY21NOV2320600PE.NFO,2023-10-25,12:33:00,2023-11-21,132.65,132.65,132.65,132.65,0,0,1
FINNIFTY21NOV2320600PE.NFO,2023-10-25,12:34:00,2023-11-21,132.65,132.65,132.65,132.65,0,0,1
FINNIFTY21NOV2320600PE.NFO,2023-10-25,12:35:00,2023-11-21,132.65,132.65,132.65,132.65,0,0,1
FINNIFTY21NOV2320600PE.NFO,2023-10-25,12:36:00,2023-11-21,132.65,132.65,132.65,132.65,0,0,1
FINNIFTY21NOV2320600PE.NFO,2023-10-25,12:37:00,2023-11-21,132.65,132.65,132.65,132.65,0,0,1
FINNIFTY21NOV2320600PE.NFO,2023-10-25,12:38:00,2023-11-21,132.65,132.65,132.65,132.65,0,0,1
FINNIFTY21NOV2320600PE.NFO,2023-10-25,12:39:00,2023-11-21,132.65,132.65,132.65,132.65,0,0,1
FINNIFTY21NOV2320600PE.NFO,2023-10-25,12:40:00,2023-11-21,132.65,132.65,132.65,132.65,0,0,1
FINNIFTY21NOV2320600PE.NFO,2023-10-25,12:41:00,2023-11-21,132.65,132.65,132.65,132.65,0,0,1
FINNIFTY21NOV2320600PE.NFO,2023-10-25,12:42:00,2023-11-21,132.65,132.65,132.65,132.65,0,0,1
FINNIFTY21NOV2320600PE.NFO,2023-10-25,12:43:00,2023-11-21,132.65,132.65,132.65,132.65,0,0,1
FINNIFTY21NOV2320600PE.NFO,2023-10-25,12:44:00,2023-11-21,132.65,132.65,132.65,132.65,0,0,1
FINNIFTY21NOV2320600PE.NFO,2023-10-25,12:45:00,2023-11-21,132.65,132.65,132.65,132.65,0,0,1
FINNIFTY21NOV2320600PE.NFO,2023-10-25,12:46:00,2023-11-21,132.65,132.65,132.65,132.65,0,0,1
FINNIFTY21NOV2320600PE.NFO,2023-10-25,12:47:00,2023-11-21,132.65,132.65,132.65,132.65,0,0,1
FINNIFTY21NOV2320600PE.NFO,2023-10-25,12:48:00,2023-11-21,132.65,132.65,132.65,132.65,0,0,1
FINNIFTY21NOV2320600PE.NFO,2023-10-25,12:49:00,2023-11-21,132.65,132.65,132.65,132.65,0,0,1
FINNIFTY21NOV2320600PE.NFO,2023-10-25,12:50:00,2023-11-21,132.65,132.65,132.65,132.65,0,0,1
FINNIFTY21NOV2320600PE.NFO,2023-10-25,12:51:00,2023-11-21,132.65,132.65,132.65,132.65,0,0,1
FINNIFTY21NOV2320600PE.NFO,2023-10-25,12:52:00,2023-11-21,132.65,132.65,132.65,132.65,0,0,1
FINNIFTY21NOV2320600PE.NFO,2023-10-25,12:53:00,2023-11-21,132.65,132.65,132.65,132.65,0,0,1
FINNIFTY21NOV2320600PE.NFO,2023-10-25,12:54:00,2023-11-21,132.65,132.65,132.65,132.65,0,0,1
FINNIFTY21NOV2320600PE.NFO,2023-10-25,12:55:00,2023-11-21,132.65,132.65,132.65,132.65,0,0,1
FINNIFTY21NOV2320600PE.NFO,2023-10-25,12:56:00,2023-11-21,132.65,132.65,132.65,132.65,0,0,1
FINNIFTY21NOV2320600PE.NFO,2023-10-25,12:57:00,2023-11-21,132.65,132.65,132.65,132.65,0,0,1
FINNIFTY21NOV2320600PE.NFO,2023-10-25,12:58:00,2023-11-21,132.65,132.65,132.65,132.65,0,0,1
FINNIFTY21NOV2320600PE.NFO,2023-10-25,12:59:00,2023-11-21,132.65,132.65,132.65,132.65,0,0,1
FINNIFTY21NOV2320600PE.NFO,2023-10-25,13:00:00,2023-11-21,132.65,132.65,132.65,132.65,0,0,1
FINNIFTY21NOV2320600PE.NFO,2023-10-25,13:01:00,2023-11-21,132.65,132.65,132.65,132.65,0,0,1
FINNIFTY21NOV2320600PE.NFO,2023-10-25,13:02:00,2023-11-21,132.65,132.65,132.65,132.65,0,0,1
FINNIFTY21NOV2320600PE.NFO,2023-10-25,13:03:00,2023-11-21,132.65,132.65,132.65,132.65,0,0,1
FINNIFTY21NOV2320600PE.NFO,2023-10-25,13:04:00,2023-11-21,132.65,132.65,132.65,132.65,0,0,1
FINNIFTY21NOV2320600PE.NFO,2023-10-25,13:05:00,2023-11-21,132.65,132.65,132.65,132.65,0,0,1
FINNIFTY21NOV2320600PE.NFO,2023-10-25,13:06:00,2023-11-21,132.65,132.65,132.65,132.65,0,0,1
FINNIFTY21NOV2320600PE.NFO,2023-10-25,13:07:00,2023-11-21,132.65,132.65,132.65,132.65,0,0,1
FINNIFTY21NOV2320600PE.NFO,2023-10-25,13:08:00,2023-11-21,132.65,132.65,132.65,132.65,0,0,1
FINNIFTY21NOV2320600PE.NFO,2023-10-25,13:09:00,2023-11-21,132.65,132.65,132.65,132.65,0,0,1
FINNIFTY21NOV2320600PE.NFO,2023-10-25,13:10:00,2023-11-21,132.65,132.65,132.65,132.65,0,0,1
FINNIFTY21NOV2320600PE.NFO,2023-10-25,13:11:00,2023-11-21,132.65,132.65,132.65,132.65,0,0,1
FINNIFTY21NOV2320600PE.NFO,2023-10-25,13:12:00,2023-11-21,132.65,132.65,132.65,132.65,0,0,1
FINNIFTY21NOV2320600PE.NFO,2023-10-25,13:13:00,2023-11-21,132.65,132.65,132.65,132.65,0,0,1
FINNIFTY21NOV2320600PE.NFO,2023-10-25,13:14:00,2023-11-21,132.65,132.65,132.65,132.65,0,0,1
FINNIFTY21NOV2320600PE.NFO,2023-10-25,13:15:00,2023-11-21,132.65,132.65,132.65,132.65,0,0,1
FINNIFTY21NOV2320600PE.NFO,2023-10-25,13:16:00,2023-11-21,132.65,132.65,132.65,132.65,0,0,1
FINNIFTY21NOV2320600PE.NFO,2023-10-25,13:17:00,2023-11-21,132.65,132.65,132.65,132.65,0,0,1
FINNIFTY21NOV2320600PE.NFO,2023-10-25,13:18:00,2023-11-21,132.65,132.65,132.65,132.65,0,0,1
FINNIFTY21NOV2320600PE.NFO,2023-10-25,13:19:00,2023-11-21,132.65,132.65,132.65,132.65,0,0,1
FINNIFTY21NOV2320600PE.NFO,2023-10-25,13:20:00,2023-11-21,132.65,132.65,132.65,132.65,0,0,1
FINNIFTY21NOV2320600PE.NFO,2023-10-25,13:21:00,2023-11-21,132.65,132.65,132.65,132.65,0,0,1
FINNIFTY21NOV2320600PE.NFO,2023-10-25,13:22:00,2023-11-21,132.65,132.65,132.65,132.65,0,0,1
FINNIFTY21NOV2320600PE.NFO,2023-10-25,13:23:00,2023-11-21,132.65,132.65,132.65,132.65,0,0,1
FINNIFTY21NOV2320600PE.NFO,2023-10-25,13:24:00,2023-11-21,132.65,132.65,132.65,132.65,0,0,1
FINNIFTY21NOV2320600PE.NFO,2023-10-25,13:25:00,2023-11-21,132.65,132.65,132.65,132.65,0,0,1
FINNIFTY21NOV2320600PE.NFO,2023-10-25,13:26:00,2023-11-21,132.65,132.65,132.65,132.65,0,0,1
FINNIFTY21NOV2320600PE.NFO,2023-10-25,13:27:00,2023-11-21,132.65,132.65,132.65,132.65,0,0,1
FINNIFTY21NOV2320600PE.NFO,2023-10-25,13:28:00,2023-11-21,132.65,132.65,132.65,132.65,0,0,1
FINNIFTY21NOV2320600PE.NFO,2023-10-25,13:29:00,2023-11-21,132.65,132.65,132.65,132.65,0,0,1
FINNIFTY21NOV2320600PE.NFO,2023-10-25,13:30:00,2023-11-21,132.65,132.65,132.65,132.65,0,0,1
FINNIFTY21NOV2320600PE.NFO,2023-10-25,13:31:00,2023-11-21,132.65,132.65,132.65,132.65,0,0,1
FINNIFTY21NOV2320600PE.NFO,2023-10-25,13:32:00,2023-11-21,132.65,132.65,132.65,132.65,0,0,1
FINNIFTY21NOV2320600PE.NFO,2023-10-25,13:33:00,2023-11-21,132.65,132.65,132.65,132.65,0,0,1
FINNIFTY21NOV2320600PE.NFO,2023-10-25,13:34:00,2023-11-21,132.65,132.65,132.65,132.65,0,0,1
FINNIFTY21NOV2320600PE.NFO,2023-10-25,13:35:00,2023-11-21,132.65,132.65,132.65,132.65,0,0,1
FINNIFTY21NOV2320600PE.NFO,2023-10-25,13:36:00,2023-11-21,132.65,132.65,132.65,132.65,0,0,1
FINNIFTY21NOV2320600PE.NFO,2023-10-25,13:37:00,2023-11-21,132.65,132.65,132.65,132.65,0,0,1
FINNIFTY21NOV2320600PE.NFO,2023-10-25,13:38:00,2023-11-21,132.65,132.65,132.65,132.65,0,0,1
FINNIFTY21NOV2320600PE.NFO,2023-10-25,13:39:00,2023-11-21,132.65,132.65,132.65,132.65,0,0,1
FINNIFTY21NOV2320600PE.NFO,2023-10-25,13:40:00,2023-11-21,132.65,132.65,132.65,132.65,0,0,1
FINNIFTY21NOV2320600PE.NFO,2023-10-25,13:41:00,2023-11-21,132.65,132.65,132.65,132.65,0,0,1
FINNIFTY21NOV2320600PE.NFO,2023-10-25,13:42:00,2023-11-21,132.65,132.65,132.65,132.65,0,0,1
FINNIFTY21NOV2320600PE.NFO,2023-10-25,13:43:00,2023-11-21,132.65,132.65,132.65,132.65,0,0,1
FINNIFTY21NOV2320600PE.NFO,2023-10-25,13:44:00,2023-11-21,132.65,132.65,132.65,132.65,0,0,1
FINNIFTY21NOV2320600PE.NFO,2023-10-25,13:45:00,2023-11-21,132.65,132.65,132.65,132.65,0,0,1
FINNIFTY21NOV2320600PE.NFO,2023-10-25,13:46:00,2023-11-21,132.65,132.65,132.65,132.65,0,0,1
FINNIFTY21NOV2320600PE.NFO,2023-10-25,13:47:00,2023-11-21,132.65,132.65,132.65,132.65,0,0,1
FINNIFTY21NOV2320600PE.NFO,2023-10-25,13:48:00,2023-11-21,132.65,132.65,132.65,132.65,0,0,1
FINNIFTY21NOV2320600PE.NFO,2023-10-25,13:49:00,2023-11-21,132.65,132.65,132.65,132.65,0,0,1
FINNIFTY21NOV2320600PE.NFO,2023-10-25,13:50:00,2023-11-21,132.65,132.65,132.65,132.65,0,0,1
FINNIFTY21NOV2320600PE.NFO,2023-10-25,13:51:00,2023-11-21,132.65,132.65,132.65,132.65,0,0,1
FINNIFTY21NOV2320600PE.NFO,2023-10-25,13:52:00,2023-11-21,132.65,132.65,132.65,132.65,0,0,1
FINNIFTY21NOV2320600PE.NFO,2023-10-25,13:53:00,2023-11-21,132.65,132.65,132.65,132.65,0,0,1
FINNIFTY21NOV2320600PE.NFO,2023-10-25,13:54:00,2023-11-21,132.65,132.65,132.65,132.65,0,0,1
FINNIFTY21NOV2320600PE.NFO,2023-10-25,13:55:00,2023-11-21,132.65,132.65,132.65,132.65,0,0,1
FINNIFTY21NOV2320600PE.NFO,2023-10-25,13:56:00,2023-11-21,132.65,132.65,132.65,132.65,0,0,1
FINNIFTY21NOV2320600PE.NFO,2023-10-25,13:57:00,2023-11-21,132.65,132.65,132.65,132.65,0,0,1
FINNIFTY21NOV2320600PE.NFO,2023-10-25,13:58:00,2023-11-21,132.65,132.65,132.65,132.65,0,0,1
FINNIFTY21NOV2320600PE.NFO,2023-10-25,13:59:00,2023-11-21,132.65,132.65,132.65,132.65,0,0,1
FINNIFTY21NOV2320600PE.NFO,2023-10-25,14:00:00,2023-11-21,132.65,132.65,132.65,132.65,0,0,1
FINNIFTY21NOV2320600PE.NFO,2023-10-25,14:01:00,2023-11-21,132.65,132.65,132.65,132.65,0,0,1
FINNIFTY21NOV2320600PE.NFO,2023-10-25,14:02:00,2023-11-21,132.65,132.65,132.65,132.65,0,0,1
FINNIFTY21NOV2320600PE.NFO,2023-10-25,14:03:00,2023-11-21,132.65,132.65,132.65,132.65,0,0,1
FINNIFTY21NOV2320600PE.NFO,2023-10-25,14:04:00,2023-11-21,132.65,132.65,132.65,132.65,0,0,1
FINNIFTY21NOV2320600PE.NFO,2023-10-25,14:05:00,2023-11-21,132.65,132.65,132.65,132.65,0,0,1
FINNIFTY21NOV2320600PE.NFO,2023-10-25,14:06:00,2023-11-21,132.65,132.65,132.65,132.65,0,0,1
FINNIFTY21NOV2320600PE.NFO,2023-10-25,14:07:00,2023-11-21,132.65,132.65,132.65,132.65,0,0,1
FINNIFTY21NOV2320600PE.NFO,2023-10-25,14:08:00,2023-11-21,132.65,132.65,132.65,132.65,0,0,1
FINNIFTY21NOV2320600PE.NFO,2023-10-25,14:09:00,2023-11-21,132.65,132.65,132.65,132.65,0,0,1
FINNIFTY21NOV2320600PE.NFO,2023-10-25,14:10:00,2023-11-21,132.65,132.65,132.65,132.65,0,0,1
FINNIFTY21NOV2320600PE.NFO,2023-10-25,14:11:00,2023-11-21,132.65,132.65,132.65,132.65,0,0,1
FINNIFTY21NOV2320600PE.NFO,2023-10-25,14:12:00,2023-11-21,132.65,132.65,132.65,132.65,0,0,1
FINNIFTY21NOV2320600PE.NFO,2023-10-25,14:13:00,2023-11-21,132.65,132.65,132.65,132.65,0,0,1
FINNIFTY21NOV2320600PE.NFO,2023-10-25,14:14:00,2023-11-21,132.65,132.65,132.65,132.65,0,0,1
FINNIFTY21NOV2320600PE.NFO,2023-10-25,14:15:00,2023-11-21,132.65,132.65,132.65,132.65,0,0,1
FINNIFTY21NOV2320600PE.NFO,2023-10-25,14:16:00,2023-11-21,132.65,132.65,132.65,132.65,0,0,1
FINNIFTY21NOV2320600PE.NFO,2023-10-25,14:17:00,2023-11-21,132.65,132.65,132.65,132.65,0,0,1
FINNIFTY21NOV2320600PE.NFO,2023-10-25,14:18:00,2023-11-21,132.65,132.65,132.65,132.65,0,0,1
FINNIFTY21NOV2320600PE.NFO,2023-10-25,14:19:00,2023-11-21,132.65,132.65,132.65,132.65,0,0,1
FINNIFTY21NOV2320600PE.NFO,2023-10-25,14:20:00,2023-11-21,132.65,132.65,132.65,132.65,0,0,1
FINNIFTY21NOV2320600PE.NFO,2023-10-25,14:21:00,2023-11-21,132.65,132.65,132.65,132.65,0,0,1
FINNIFTY21NOV2320600PE.NFO,2023-10-25,14:22:00,2023-11-21,132.65,132.65,132.65,132.65,0,0,1
FINNIFTY21NOV2320600PE.NFO,2023-10-25,14:23:00,2023-11-21,132.65,132.65,132.65,132.65,0,0,1
FINNIFTY21NOV2320600PE.NFO,2023-10-25,14:24:00,2023-11-21,132.65,132.65,132.65,132.65,0,0,1
FINNIFTY21NOV2320600PE.NFO,2023-10-25,14:25:00,2023-11-21,132.65,132.65,132.65,132.65,0,0,1
FINNIFTY21NOV2320600PE.NFO,2023-10-25,14:26:00,2023-11-21,132.65,132.65,132.65,132.65,0,0,1
FINNIFTY21NOV2320600PE.NFO,2023-10-25,14:27:00,2023-11-21,132.65,132.65,132.65,132.65,0,0,1
FINNIFTY21NOV2320600PE.NFO,2023-10-25,14:28:00,2023-11-21,132.65,132.65,132.65,132.65,0,0,1
FINNIFTY21NOV2320600PE.NFO,2023-10-25,14:29:00,2023-11-21,132.65,132.65,132.65,132.65,0,0,1
FINNIFTY21NOV2320600PE.NFO,2023-10-25,14:30:00,2023-11-21,132.65,132.65,132.65,132.65,0,0,1
FINNIFTY21NOV2320600PE.NFO,2023-10-25,14:31:00,2023-11-21,132.65,132.65,132.65,132.65,0,0,1
FINNIFTY21NOV2320600PE.NFO,2023-10-25,14:32:00,2023-11-21,132.65,132.65,132.65,132.65,0,0,1
FINNIFTY21NOV2320600PE.NFO,2023-10-25,14:33:00,2023-11-21,132.65,132.65,132.65,132.65,0,0,1
FINNIFTY21NOV2320600PE.NFO,2023-10-25,14:34:00,2023-11-21,132.65,132.65,132.65,132.65,0,0,1
FINNIFTY21NOV2320600PE.NFO,2023-10-25,14:35:00,2023-11-21,132.65,132.65,132.65,132.65,0,0,1
FINNIFTY21NOV2320600PE.NFO,2023-10-25,14:36:00,2023-11-21,132.65,132.65,132.65,132.65,0,0,1
FINNIFTY21NOV2320600PE.NFO,2023-10-25,14:37:00,2023-11-21,132.65,132.65,132.65,132.65,0,0,1
FINNIFTY21NOV2320600PE.NFO,2023-10-25,14:38:00,2023-11-21,132.65,132.65,132.65,132.65,0,0,1
FINNIFTY21NOV2320600PE.NFO,2023-10-25,14:39:00,2023-11-21,132.65,132.65,132.65,132.65,0,0,1
FINNIFTY21NOV2320600PE.NFO,2023-10-25,14:40:00,2023-11-21,132.65,132.65,132.65,132.65,0,0,1
FINNIFTY21NOV2320600PE.NFO,2023-10-25,14:41:00,2023-11-21,132.65,132.65,132.65,132.65,0,0,1
FINNIFTY21NOV2320600PE.NFO,2023-10-25,14:42:00,2023-11-21,132.65,132.65,132.65,132.65,0,0,1
FINNIFTY21NOV2320600PE.NFO,2023-10-25,14:43:00,2023-11-21,132.65,132.65,132.65,132.65,0,0,1
FINNIFTY21NOV2320600PE.NFO,2023-10-25,14:44:00,2023-11-21,132.65,132.65,132.65,132.65,0,0,1
FINNIFTY21NOV2320600PE.NFO,2023-10-25,14:45:00,2023-11-21,132.65,132.65,132.65,132.65,0,0,1
FINNIFTY21NOV2320600PE.NFO,2023-10-25,14:46:00,2023-11-21,132.65,132.65,132.65,132.65,0,0,1
FINNIFTY21NOV2320600PE.NFO,2023-10-25,14:47:00,2023-11-21,132.65,132.65,132.65,132.65,0,0,1
FINNIFTY21NOV2320600PE.NFO,2023-10-25,14:48:00,2023-11-21,132.65,132.65,132.65,132.65,0,0,1
FINNIFTY21NOV2320600PE.NFO,2023-10-25,14:49:00,2023-11-21,132.65,132.65,132.65,132.65,0,0,1
FINNIFTY21NOV2320600PE.NFO,2023-10-25,14:50:00,2023-11-21,132.65,132.65,132.65,132.65,0,0,1
FINNIFTY21NOV2320600PE.NFO,2023-10-25,14:51:00,2023-11-21,132.65,132.65,132.65,132.65,0,0,1
FINNIFTY21NOV2320600PE.NFO,2023-10-25,14:52:00,2023-11-21,132.65,132.65,132.65,132.65,0,0,1
FINNIFTY21NOV2320600PE.NFO,2023-10-25,14:53:00,2023-11-21,132.65,132.65,132.65,132.65,0,0,1
FINNIFTY21NOV2320600PE.NFO,2023-10-25,14:54:00,2023-11-21,132.65,132.65,132.65,132.65,0,0,1
FINNIFTY21NOV2320600PE.NFO,2023-10-25,14:55:00,2023-11-21,132.65,132.65,132.65,132.65,0,0,1
FINNIFTY21NOV2320600PE.NFO,2023-10-25,14:56:00,2023-11-21,132.65,132.65,132.65,132.65,0,0,1
FINNIFTY21NOV2320600PE.NFO,2023-10-25,14:57:00,2023-11-21,132.65,132.65,132.65,132.65,0,0,1
FINNIFTY21NOV2320600PE.NFO,2023-10-25,14:58:00,2023-11-21,132.65,132.65,132.65,132.65,0,0,1
FINNIFTY21NOV2320600PE.NFO,2023-10-25,14:59:00,2023-11-21,132.65,132.65,132.65,132.65,0,0,1
FINNIFTY21NOV2320600PE.NFO,2023-10-25,15:00:00,2023-11-21,132.65,132.65,132.65,132.65,0,0,1
FINNIFTY21NOV2320600PE.NFO,2023-10-25,15:01:00,2023-11-21,132.65,132.65,132.65,132.65,0,0,1
FINNIFTY21NOV2320600PE.NFO,2023-10-25,15:02:00,2023-11-21,132.65,132.65,132.65,132.65,0,0,1
FINNIFTY21NOV2320600PE.NFO,2023-10-25,15:03:00,2023-11-21,132.65,132.65,132.65,132.65,0,0,1
FINNIFTY21NOV2320600PE.NFO,2023-10-25,15:04:00,2023-11-21,132.65,132.65,132.65,132.65,0,0,1
FINNIFTY21NOV2320600PE.NFO,2023-10-25,15:05:00,2023-11-21,132.65,132.65,132.65,132.65,0,0,1
FINNIFTY21NOV2320600PE.NFO,2023-10-25,15:06:00,2023-11-21,132.65,132.65,132.65,132.65,0,0,1
FINNIFTY21NOV2320600PE.NFO,2023-10-25,15:07:00,2023-11-21,132.65,132.65,132.65,132.65,0,0,1
FINNIFTY21NOV2320600PE.NFO,2023-10-25,15:08:00,2023-11-21,132.65,132.65,132.65,132.65,0,0,1
FINNIFTY21NOV2320600PE.NFO,2023-10-25,15:09:00,2023-11-21,132.65,132.65,132.65,132.65,0,0,1
FINNIFTY21NOV2320600PE.NFO,2023-10-25,15:10:00,2023-11-21,132.65,132.65,132.65,132.65,0,0,1
FINNIFTY21NOV2320600PE.NFO,2023-10-25,15:11:00,2023-11-21,132.65,132.65,132.65,132.65,0,0,1
FINNIFTY21NOV2320600PE.NFO,2023-10-25,15:12:00,2023-11-21,132.65,132.65,132.65,132.65,0,0,1
FINNIFTY21NOV2320600PE.NFO,2023-10-25,15:13:00,2023-11-21,132.65,132.65,132.65,132.65,0,0,1
FINNIFTY21NOV2320600PE.NFO,2023-10-25,15:14:00,2023-11-21,132.65,132.65,132.65,132.65,0,0,1
FINNIFTY21NOV2320600PE.NFO,2023-10-25,15:15:00,2023-11-21,132.65,132.65,132.65,132.65,0,0,1
FINNIFTY21NOV2320600PE.NFO,2023-10-25,15:16:00,2023-11-21,132.65,132.65,132.65,132.65,0,0,1
FINNIFTY21NOV2320600PE.NFO,2023-10-25,15:17:00,2023-11-21,132.65,132.65,132.65,132.65,0,0,1
FINNIFTY21NOV2320600PE.NFO,2023-10-25,15:18:00,2023-11-21,132.65,132.65,132.65,132.65,0,0,1
FINNIFTY21NOV2320600PE.NFO,2023-10-25,15:19:00,2023-11-21,132.65,132.65,132.65,132.65,0,0,1
FINNIFTY21NOV2320600PE.NFO,2023-10-25,15:20:00,2023-11-21,132.65,132.65,132.65,132.65,0,0,1
FINNIFTY21NOV2320600PE.NFO,2023-10-25,15:21:00,2023-11-21,132.65,132.65,132.65,132.65,0,0,1
FINNIFTY21NOV2320600PE.NFO,2023-10-25,15:22:00,2023-11-21,132.65,132.65,132.65,132.65,0,0,1
FINNIFTY21NOV2320600PE.NFO,2023-10-25,15:23:00,2023-11-21,132.65,132.65,132.65,132.65,0,0,1
FINNIFTY21NOV2320600PE.NFO,2023-10-25,15:24:00,2023-11-21,132.65,132.65,132.65,132.65,0,0,1
FINNIFTY21NOV2320600PE.NFO,2023-10-25,15:25:00,2023-11-21,132.65,132.65,132.65,132.65,0,0,1
FINNIFTY21NOV2320600PE.NFO,2023-10-25,15:26:00,2023-11-21,132.65,132.65,132.65,132.65,0,0,1
FINNIFTY21NOV2320600PE.NFO,2023-10-25,15:27:00,2023-11-21,132.65,132.65,132.65,132.65,0,0,1
FINNIFTY21NOV2320600PE.NFO,2023-10-25,15:28:00,2023-11-21,132.65,132.65,132.65,132.65,0,0,1
FINNIFTY21NOV2320600PE.NFO,2023-10-25,15:29:00,2023-11-21,132.65,132.65,132.65,132.65,0,0,1
FINNIFTY21NOV2320600PE.NFO,2023-10-25,15:30:00,2023-11-21,132.65,132.65,132.65,132.65,0,0,1
FINNIFTY21NOV2320600PE.NFO,2023-10-26,09:15:00,2023-11-21,132.65,132.65,132.65,132.65,0,0,0
FINNIFTY21NOV2320600PE.NFO,2023-10-26,09:16:00,2023-11-21,132.65,132.65,132.65,132.65,0,0,1
FINNIFTY21NOV2320600PE.NFO,2023-10-26,09:17:00,2023-11-21,132.65,132.65,132.65,132.65,0,0,1
FINNIFTY21NOV2320600PE.NFO,2023-10-26,09:18:00,2023-11-21,132.65,132.65,132.65,132.65,0,0,1
FINNIFTY21NOV2320600PE.NFO,2023-10-26,09:19:00,2023-11-21,132.65,132.65,132.65,132.65,0,0,1
FINNIFTY21NOV2320600PE.NFO,2023-10-26,09:20:00,2023-11-21,132.65,132.65,132.65,132.65,0,0,1
FINNIFTY21NOV2320600PE.NFO,2023-10-26,09:21:00,2023-11-21,132.65,132.65,132.65,132.65,0,0,1
FINNIFTY21NOV2320600PE.NFO,2023-10-26,09:22:00,2023-11-21,132.65,132.65,132.65,132.65,0,0,1
FINNIFTY21NOV2320600PE.NFO,2023-10-26,09:23:00,2023-11-21,132.65,132.65,132.65,132.65,0,0,1
FINNIFTY21NOV2320600PE.NFO,2023-10-26,09:24:00,2023-11-21,132.65,132.65,132.65,132.65,0,0,1
FINNIFTY21NOV2320600PE.NFO,2023-10-26,09:25:00,2023-11-21,132.65,132.65,132.65,132.65,0,0,1
FINNIFTY21NOV2320600PE.NFO,2023-10-26,09:26:00,2023-11-21,132.65,132.65,132.65,132.65,0,0,1
FINNIFTY21NOV2320600PE.NFO,2023-10-26,09:27:00,2023-11-21,132.65,132.65,132.65,132.65,0,0,1
FINNIFTY21NOV2320600PE.NFO,2023-10-26,09:28:00,2023-11-21,132.65,132.65,132.65,132.65,0,0,1
FINNIFTY21NOV2320600PE.NFO,2023-10-26,09:29:00,2023-11-21,132.65,132.65,132.65,132.65,0,0,1
FINNIFTY21NOV2320600PE.NFO,2023-10-26,09:30:00,2023-11-21,132.65,132.65,132.65,132.65,0,0,1
FINNIFTY21NOV2320600PE.NFO,2023-10-26,09:31:00,2023-11-21,132.65,132.65,132.65,132.65,0,0,1
FINNIFTY21NOV2320600PE.NFO,2023-10-26,09:32:00,2023-11-21,132.65,132.65,132.65,132.65,0,0,1
FINNIFTY21NOV2320600PE.NFO,2023-10-26,09:33:00,2023-11-21,132.65,132.65,132.65,132.65,0,0,1
FINNIFTY21NOV2320600PE.NFO,2023-10-26,09:34:00,2023-11-21,132.65,132.65,132.65,132.65,0,0,1
FINNIFTY21NOV2320600PE.NFO,2023-10-26,09:35:00,2023-11-21,132.65,132.65,132.65,132.65,0,0,1
FINNIFTY21NOV2320600PE.NFO,2023-10-26,09:36:00,2023-11-21,132.65,132.65,132.65,132.65,0,0,1
FINNIFTY21NOV2320600PE.NFO,2023-10-26,09:37:00,2023-11-21,132.65,132.65,132.65,132.65,0,0,1
FINNIFTY21NOV2320600PE.NFO,2023-10-26,09:38:00,2023-11-21,132.65,132.65,132.65,132.65,0,0,1
FINNIFTY21NOV2320600PE.NFO,2023-10-26,09:39:00,2023-11-21,132.65,132.65,132.65,132.65,0,0,1
FINNIFTY21NOV2320600PE.NFO,2023-10-26,09:40:00,2023-11-21,132.65,132.65,132.65,132.65,0,0,1
FINNIFTY21NOV2320600PE.NFO,2023-10-26,09:41:00,2023-11-21,132.65,132.65,132.65,132.65,0,0,1
FINNIFTY21NOV2320600PE.NFO,2023-10-26,09:42:00,2023-11-21,132.65,132.65,132.65,132.65,0,0,1
FINNIFTY21NOV2320600PE.NFO,2023-10-26,09:43:00,2023-11-21,132.65,132.65,132.65,132.65,0,0,1
FINNIFTY21NOV2320600PE.NFO,2023-10-26,09:44:00,2023-11-21,132.65,132.65,132.65,132.65,0,0,1
FINNIFTY21NOV2320600PE.NFO,2023-10-26,09:45:00,2023-11-21,132.65,132.65,132.65,132.65,0,0,1
FINNIFTY21NOV2320600PE.NFO,2023-10-26,09:46:00,2023-11-21,132.65,132.65,132.65,132.65,0,0,1
FINNIFTY21NOV2320600PE.NFO,2023-10-26,09:47:00,2023-11-21,132.65,132.65,132.65,132.65,0,0,1
FINNIFTY21NOV2320600PE.NFO,2023-10-26,09:48:00,2023-11-21,132.65,132.65,132.65,132.65,0,0,1
FINNIFTY21NOV2320600PE.NFO,2023-10-26,09:49:00,2023-11-21,132.65,132.65,132.65,132.65,0,0,1
FINNIFTY21NOV2320600PE.NFO,2023-10-26,09:50:00,2023-11-21,132.65,132.65,132.65,132.65,0,0,1
FINNIFTY21NOV2320600PE.NFO,2023-10-26,09:51:00,2023-11-21,132.65,132.65,132.65,132.65,0,0,1
FINNIFTY21NOV2320600PE.NFO,2023-10-26,09:52:00,2023-11-21,132.65,132.65,132.65,132.65,0,0,1
FINNIFTY21NOV2320600PE.NFO,2023-10-26,09:53:00,2023-11-21,132.65,132.65,132.65,132.65,0,0,1
FINNIFTY21NOV2320600PE.NFO,2023-10-26,09:54:00,2023-11-21,132.65,132.65,132.65,132.65,0,0,1
FINNIFTY21NOV2320600PE.NFO,2023-10-26,09:55:00,2023-11-21,132.65,132.65,132.65,132.65,0,0,1
FINNIFTY21NOV2320600PE.NFO,2023-10-26,09:56:00,2023-11-21,132.65,132.65,132.65,132.65,0,0,1
FINNIFTY21NOV2320600PE.NFO,2023-10-26,09:57:00,2023-11-21,132.65,132.65,132.65,132.65,0,0,1
FINNIFTY21NOV2320600PE.NFO,2023-10-26,09:58:00,2023-11-21,132.65,132.65,132.65,132.65,0,0,1
FINNIFTY21NOV2320600PE.NFO,2023-10-26,09:59:00,2023-11-21,132.65,132.65,132.65,132.65,0,0,1
FINNIFTY21NOV2320600PE.NFO,2023-10-26,10:00:00,2023-11-21,132.65,132.65,132.65,132.65,0,0,1
FINNIFTY21NOV2320600PE.NFO,2023-10-26,10:01:00,2023-11-21,132.65,132.65,132.65,132.65,0,0,1
FINNIFTY21NOV2320600PE.NFO,2023-10-26,10:02:00,2023-11-21,132.65,132.65,132.65,132.65,0,0,1
FINNIFTY21NOV2320600PE.NFO,2023-10-26,10:03:00,2023-11-21,132.65,132.65,132.65,132.65,0,0,1
FINNIFTY21NOV2320600PE.NFO,2023-10-26,10:04:00,2023-11-21,132.65,132.65,132.65,132.65,0,0,1
FINNIFTY21NOV2320600PE.NFO,2023-10-26,10:05:00,2023-11-21,132.65,132.65,132.65,132.65,0,0,1
FINNIFTY21NOV2320600PE.NFO,2023-10-26,10:06:00,2023-11-21,132.65,132.65,132.65,132.65,0,0,1
FINNIFTY21NOV2320600PE.NFO,2023-10-26,10:07:00,2023-11-21,132.65,132.65,132.65,132.65,0,0,1
FINNIFTY21NOV2320600PE.NFO,2023-10-26,10:08:00,2023-11-21,132.65,132.65,132.65,132.65,0,0,1
FINNIFTY21NOV2320600PE.NFO,2023-10-26,10:09:00,2023-11-21,132.65,132.65,132.65,132.65,0,0,1
FINNIFTY21NOV2320600PE.NFO,2023-10-26,10:10:00,2023-11-21,132.65,132.65,132.65,132.65,0,0,1
FINNIFTY21NOV2320600PE.NFO,2023-10-26,10:11:00,2023-11-21,132.65,132.65,132.65,132.65,0,0,1
FINNIFTY21NOV2320600PE.NFO,2023-10-26,10:12:00,2023-11-21,132.65,132.65,132.65,132.65,0,0,1
FINNIFTY21NOV2320600PE.NFO,2023-10-26,10:13:00,2023-11-21,132.65,132.65,132.65,132.65,0,0,1
FINNIFTY21NOV2320600PE.NFO,2023-10-26,10:14:00,2023-11-21,132.65,132.65,132.65,132.65,0,0,1
FINNIFTY21NOV2320600PE.NFO,2023-10-26,10:15:00,2023-11-21,132.65,132.65,132.65,132.65,0,0,1
FINNIFTY21NOV2320600PE.NFO,2023-10-26,10:16:00,2023-11-21,132.65,132.65,132.65,132.65,0,0,1
FINNIFTY21NOV2320600PE.NFO,2023-10-26,10:17:00,2023-11-21,132.65,132.65,132.65,132.65,0,0,1
FINNIFTY21NOV2320600PE.NFO,2023-10-26,10:18:00,2023-11-21,132.65,132.65,132.65,132.65,0,0,1
FINNIFTY21NOV2320600PE.NFO,2023-10-26,10:19:00,2023-11-21,132.65,132.65,132.65,132.65,0,0,1
FINNIFTY21NOV2320600PE.NFO,2023-10-26,10:20:00,2023-11-21,132.65,132.65,132.65,132.65,0,0,1
FINNIFTY21NOV2320600PE.NFO,2023-10-26,10:21:00,2023-11-21,132.65,132.65,132.65,132.65,0,0,1
FINNIFTY21NOV2320600PE.NFO,2023-10-26,10:22:00,2023-11-21,132.65,132.65,132.65,132.65,0,0,1
FINNIFTY21NOV2320600PE.NFO,2023-10-26,10:23:00,2023-11-21,132.65,132.65,132.65,132.65,0,0,1
FINNIFTY21NOV2320600PE.NFO,2023-10-26,10:24:00,2023-11-21,132.65,132.65,132.65,132.65,0,0,1
FINNIFTY21NOV2320600PE.NFO,2023-10-26,10:25:00,2023-11-21,132.65,132.65,132.65,132.65,0,0,1
FINNIFTY21NOV2320600PE.NFO,2023-10-26,10:26:00,2023-11-21,132.65,132.65,132.65,132.65,0,0,1
FINNIFTY21NOV2320600PE.NFO,2023-10-26,10:27:00,2023-11-21,132.65,132.65,132.65,132.65,0,0,1
FINNIFTY21NOV2320600PE.NFO,2023-10-26,10:28:00,2023-11-21,132.65,132.65,132.65,132.65,0,0,1
FINNIFTY21NOV2320600PE.NFO,2023-10-26,10:29:00,2023-11-21,132.65,132.65,132.65,132.65,0,0,1
FINNIFTY21NOV2320600PE.NFO,2023-10-26,10:30:00,2023-11-21,132.65,132.65,132.65,132.65,0,0,1
FINNIFTY21NOV2320600PE.NFO,2023-10-26,10:31:00,2023-11-21,132.65,132.65,132.65,132.65,0,0,1
FINNIFTY21NOV2320600PE.NFO,2023-10-26,10:32:00,2023-11-21,132.65,132.65,132.65,132.65,0,0,1
FINNIFTY21NOV2320600PE.NFO,2023-10-26,10:33:00,2023-11-21,132.65,132.65,132.65,132.65,0,0,1
FINNIFTY21NOV2320600PE.NFO,2023-10-26,10:34:00,2023-11-21,132.65,132.65,132.65,132.65,0,0,1
FINNIFTY21NOV2320600PE.NFO,2023-10-26,10:35:00,2023-11-21,132.65,132.65,132.65,132.65,0,0,1
FINNIFTY21NOV2320600PE.NFO,2023-10-26,10:36:00,2023-11-21,132.65,132.65,132.65,132.65,0,0,1
FINNIFTY21NOV2320600PE.NFO,2023-10-26,10:37:00,2023-11-21,132.65,132.65,132.65,132.65,0,0,1
FINNIFTY21NOV2320600PE.NFO,2023-10-26,10:38:00,2023-11-21,132.65,132.65,132.65,132.65,0,0,1
FINNIFTY21NOV2320600PE.NFO,2023-10-26,10:39:00,2023-11-21,132.65,132.65,132.65,132.65,0,0,1
FINNIFTY21NOV2320600PE.NFO,2023-10-26,10:40:00,2023-11-21,132.65,132.65,132.65,132.65,0,0,1
FINNIFTY21NOV2320600PE.NFO,2023-10-26,10:41:00,2023-11-21,132.65,132.65,132.65,132.65,0,0,1
FINNIFTY21NOV2320600PE.NFO,2023-10-26,10:42:00,2023-11-21,132.65,132.65,132.65,132.65,0,0,1
FINNIFTY21NOV2320600PE.NFO,2023-10-26,10:43:00,2023-11-21,132.65,132.65,132.65,132.65,0,0,1
FINNIFTY21NOV2320600PE.NFO,2023-10-26,10:44:00,2023-11-21,132.65,132.65,132.65,132.65,0,0,1
FINNIFTY21NOV2320600PE.NFO,2023-10-26,10:45:00,2023-11-21,132.65,132.65,132.65,132.65,0,0,1
FINNIFTY21NOV2320600PE.NFO,2023-10-26,10:46:00,2023-11-21,132.65,132.65,132.65,132.65,0,0,1
FINNIFTY21NOV2320600PE.NFO,2023-10-26,10:47:00,2023-11-21,132.65,132.65,132.65,132.65,0,0,1
FINNIFTY21NOV2320600PE.NFO,2023-10-26,10:48:00,2023-11-21,132.65,132.65,132.65,132.65,0,0,1
FINNIFTY21NOV2320600PE.NFO,2023-10-26,10:49:00,2023-11-21,132.65,132.65,132.65,132.65,0,0,1
FINNIFTY21NOV2320600PE.NFO,2023-10-26,10:50:00,2023-11-21,132.65,132.65,132.65,132.65,0,0,1
FINNIFTY21NOV2320600PE.NFO,2023-10-26,10:51:00,2023-11-21,132.65,132.65,132.65,132.65,0,0,1
FINNIFTY21NOV2320600PE.NFO,2023-10-26,10:52:00,2023-11-21,132.65,132.65,132.65,132.65,0,0,1
FINNIFTY21NOV2320600PE.NFO,2023-10-26,10:53:00,2023-11-21,132.65,132.65,132.65,132.65,0,0,1
FINNIFTY21NOV2320600PE.NFO,2023-10-26,10:54:00,2023-11-21,132.65,132.65,132.65,132.65,0,0,1
FINNIFTY21NOV2320600PE.NFO,2023-10-26,10:55:00,2023-11-21,132.65,132.65,132.65,132.65,0,0,1
FINNIFTY21NOV2320600PE.NFO,2023-10-26,10:56:00,2023-11-21,132.65,132.65,132.65,132.65,0,0,1
FINNIFTY21NOV2320600PE.NFO,2023-10-26,10:57:00,2023-11-21,132.65,132.65,132.65,132.65,0,0,1
FINNIFTY21NOV2320600PE.NFO,2023-10-26,10:58:00,2023-11-21,132.65,132.65,132.65,132.65,0,0,1
FINNIFTY21NOV2320600PE.NFO,2023-10-26,10:59:00,2023-11-21,132.65,132.65,132.65,132.65,0,0,1
FINNIFTY21NOV2320600PE.NFO,2023-10-26,11:00:00,2023-11-21,132.65,132.65,132.65,132.65,0,0,1
FINNIFTY21NOV2320600PE.NFO,2023-10-26,11:01:00,2023-11-21,132.65,132.65,132.65,132.65,0,0,1
FINNIFTY21NOV2320600PE.NFO,2023-10-26,11:02:00,2023-11-21,132.65,132.65,132.65,132.65,0,0,1
FINNIFTY21NOV2320600PE.NFO,2023-10-26,11:03:00,2023-11-21,132.65,132.65,132.65,132.65,0,0,1
FINNIFTY21NOV2320600PE.NFO,2023-10-26,11:04:00,2023-11-21,132.65,132.65,132.65,132.65,0,0,1
FINNIFTY21NOV2320600PE.NFO,2023-10-26,11:05:00,2023-11-21,132.65,132.65,132.65,132.65,0,0,1
FINNIFTY21NOV2320600PE.NFO,2023-10-26,11:06:00,2023-11-21,132.65,132.65,132.65,132.65,0,0,1
FINNIFTY21NOV2320600PE.NFO,2023-10-26,11:07:00,2023-11-21,132.65,132.65,132.65,132.65,0,0,1
FINNIFTY21NOV2320600PE.NFO,2023-10-26,11:08:00,2023-11-21,132.65,132.65,132.65,132.65,0,0,1
FINNIFTY21NOV2320600PE.NFO,2023-10-26,11:09:00,2023-11-21,132.65,132.65,132.65,132.65,0,0,1
FINNIFTY21NOV2320600PE.NFO,2023-10-26,11:10:00,2023-11-21,132.65,132.65,132.65,132.65,0,0,1
FINNIFTY21NOV2320600PE.NFO,2023-10-26,11:11:00,2023-11-21,132.65,132.65,132.65,132.65,0,0,1
FINNIFTY21NOV2320600PE.NFO,2023-10-26,11:12:00,2023-11-21,132.65,132.65,132.65,132.65,0,0,1
FINNIFTY21NOV2320600PE.NFO,2023-10-26,11:13:00,2023-11-21,132.65,132.65,132.65,132.65,0,0,1
FINNIFTY21NOV2320600PE.NFO,2023-10-26,11:14:00,2023-11-21,132.65,132.65,132.65,132.65,0,0,1
FINNIFTY21NOV2320600PE.NFO,2023-10-26,11:15:00,2023-11-21,132.65,132.65,132.65,132.65,0,0,1
FINNIFTY21NOV2320600PE.NFO,2023-10-26,11:16:00,2023-11-21,132.65,132.65,132.65,132.65,0,0,1
FINNIFTY21NOV2320600PE.NFO,2023-10-26,11:17:00,2023-11-21,132.65,132.65,132.65,132.65,0,0,1
FINNIFTY21NOV2320600PE.NFO,2023-10-26,11:18:00,2023-11-21,132.65,132.65,132.65,132.65,0,0,1
FINNIFTY21NOV2320600PE.NFO,2023-10-26,11:19:00,2023-11-21,132.65,132.65,132.65,132.65,0,0,1
FINNIFTY21NOV2320600PE.NFO,2023-10-26,11:20:00,2023-11-21,132.65,132.65,132.65,132.65,0,0,1
FINNIFTY21NOV2320600PE.NFO,2023-10-26,11:21:00,2023-11-21,132.65,132.65,132.65,132.65,0,0,1
FINNIFTY21NOV2320600PE.NFO,2023-10-26,11:22:00,2023-11-21,132.65,132.65,132.65,132.65,0,0,1
FINNIFTY21NOV2320600PE.NFO,2023-10-26,11:23:00,2023-11-21,132.65,132.65,132.65,132.65,0,0,1
FINNIFTY21NOV2320600PE.NFO,2023-10-26,11:24:00,2023-11-21,132.65,132.65,132.65,132.65,0,0,1
FINNIFTY21NOV2320600PE.NFO,2023-10-26,11:25:00,2023-11-21,132.65,132.65,132.65,132.65,0,0,1
FINNIFTY21NOV2320600PE.NFO,2023-10-26,11:26:00,2023-11-21,132.65,132.65,132.65,132.65,0,0,1
FINNIFTY21NOV2320600PE.NFO,2023-10-26,11:27:00,2023-11-21,132.65,132.65,132.65,132.65,0,0,1
FINNIFTY21NOV2320600PE.NFO,2023-10-26,11:28:00,2023-11-21,132.65,132.65,132.65,132.65,0,0,1
FINNIFTY21NOV2320600PE.NFO,2023-10-26,11:29:00,2023-11-21,132.65,132.65,132.65,132.65,0,0,1
FINNIFTY21NOV2320600PE.NFO,2023-10-26,11:30:00,2023-11-21,132.65,132.65,132.65,132.65,0,0,1
FINNIFTY21NOV2320600PE.NFO,2023-10-26,11:31:00,2023-11-21,132.65,132.65,132.65,132.65,0,0,1
FINNIFTY21NOV2320600PE.NFO,2023-10-26,11:32:00,2023-11-21,132.65,132.65,132.65,132.65,0,0,1
FINNIFTY21NOV2320600PE.NFO,2023-10-26,11:33:00,2023-11-21,132.65,132.65,132.65,132.65,0,0,1
FINNIFTY21NOV2320600PE.NFO,2023-10-26,11:34:00,2023-11-21,132.65,132.65,132.65,132.65,0,0,1
FINNIFTY21NOV2320600PE.NFO,2023-10-26,11:35:00,2023-11-21,132.65,132.65,132.65,132.65,0,0,1
FINNIFTY21NOV2320600PE.NFO,2023-10-26,11:36:00,2023-11-21,132.65,132.65,132.65,132.65,0,0,1
FINNIFTY21NOV2320600PE.NFO,2023-10-26,11:37:00,2023-11-21,132.65,132.65,132.65,132.65,0,0,1
FINNIFTY21NOV2320600PE.NFO,2023-10-26,11:38:00,2023-11-21,132.65,132.65,132.65,132.65,0,0,1
FINNIFTY21NOV2320600PE.NFO,2023-10-26,11:39:00,2023-11-21,132.65,132.65,132.65,132.65,0,0,1
FINNIFTY21NOV2320600PE.NFO,2023-10-26,11:40:00,2023-11-21,132.65,132.65,132.65,132.65,0,0,1
FINNIFTY21NOV2320600PE.NFO,2023-10-26,11:41:00,2023-11-21,132.65,132.65,132.65,132.65,0,0,1
FINNIFTY21NOV2320600PE.NFO,2023-10-26,11:42:00,2023-11-21,132.65,132.65,132.65,132.65,0,0,1
FINNIFTY21NOV2320600PE.NFO,2023-10-26,11:43:00,2023-11-21,132.65,132.65,132.65,132.65,0,0,1
FINNIFTY21NOV2320600PE.NFO,2023-10-26,11:44:00,2023-11-21,132.65,132.65,132.65,132.65,0,0,1
FINNIFTY21NOV2320600PE.NFO,2023-10-26,11:45:00,2023-11-21,132.65,132.65,132.65,132.65,0,0,1
FINNIFTY21NOV2320600PE.NFO,2023-10-26,11:46:00,2023-11-21,132.65,132.65,132.65,132.65,0,0,1
FINNIFTY21NOV2320600PE.NFO,2023-10-26,11:47:00,2023-11-21,132.65,132.65,132.65,132.65,0,0,1
FINNIFTY21NOV2320600PE.NFO,2023-10-26,11:48:00,2023-11-21,132.65,132.65,132.65,132.65,0,0,1
FINNIFTY21NOV2320600PE.NFO,2023-10-26,11:49:00,2023-11-21,132.65,132.65,132.65,132.65,0,0,1
FINNIFTY21NOV2320600PE.NFO,2023-10-26,11:50:00,2023-11-21,132.65,132.65,132.65,132.65,0,0,1
FINNIFTY21NOV2320600PE.NFO,2023-10-26,11:51:00,2023-11-21,132.65,132.65,132.65,132.65,0,0,1
FINNIFTY21NOV2320600PE.NFO,2023-10-26,11:52:00,2023-11-21,132.65,132.65,132.65,132.65,0,0,1
FINNIFTY21NOV2320600PE.NFO,2023-10-26,11:53:00,2023-11-21,132.65,132.65,132.65,132.65,0,0,1
FINNIFTY21NOV2320600PE.NFO,2023-10-26,11:54:00,2023-11-21,132.65,132.65,132.65,132.65,0,0,1
FINNIFTY21NOV2320600PE.NFO,2023-10-26,11:55:00,2023-11-21,132.65,132.65,132.65,132.65,0,0,1
FINNIFTY21NOV2320600PE.NFO,2023-10-26,11:56:00,2023-11-21,132.65,132.65,132.65,132.65,0,0,1
FINNIFTY21NOV2320600PE.NFO,2023-10-26,11:57:00,2023-11-21,132.65,132.65,132.65,132.65,0,0,1
FINNIFTY21NOV2320600PE.NFO,2023-10-26,11:58:00,2023-11-21,132.65,132.65,132.65,132.65,0,0,1
FINNIFTY21NOV2320600PE.NFO,2023-10-26,11:59:00,2023-11-21,132.65,132.65,132.65,132.65,0,0,1
FINNIFTY21NOV2320600PE.NFO,2023-10-26,12:00:00,2023-11-21,132.65,132.65,132.65,132.65,0,0,1
FINNIFTY21NOV2320600PE.NFO,2023-10-26,12:01:00,2023-11-21,132.65,132.65,132.65,132.65,0,0,1
FINNIFTY21NOV2320600PE.NFO,2023-10-26,12:02:00,2023-11-21,132.65,132.65,132.65,132.65,0,0,1
FINNIFTY21NOV2320600PE.NFO,2023-10-26,12:03:00,2023-11-21,132.65,132.65,132.65,132.65,0,0,1
FINNIFTY21NOV2320600PE.NFO,2023-10-26,12:04:00,2023-11-21,132.65,132.65,132.65,132.65,0,0,1
FINNIFTY21NOV2320600PE.NFO,2023-10-26,12:05:00,2023-11-21,132.65,132.65,132.65,132.65,0,0,1
FINNIFTY21NOV2320600PE.NFO,2023-10-26,12:06:00,2023-11-21,132.65,132.65,132.65,132.65,0,0,1
FINNIFTY21NOV2320600PE.NFO,2023-10-26,12:07:00,2023-11-21,132.65,132.65,132.65,132.65,0,0,1
FINNIFTY21NOV2320600PE.NFO,2023-10-26,12:08:00,2023-11-21,132.65,132.65,132.65,132.65,0,0,1
FINNIFTY21NOV2320600PE.NFO,2023-10-26,12:09:00,2023-11-21,132.65,132.65,132.65,132.65,0,0,1
FINNIFTY21NOV2320600PE.NFO,2023-10-26,12:10:00,2023-11-21,132.65,132.65,132.65,132.65,0,0,1
FINNIFTY21NOV2320600PE.NFO,2023-10-26,12:11:00,2023-11-21,132.65,132.65,132.65,132.65,0,0,1
FINNIFTY21NOV2320600PE.NFO,2023-10-26,12:12:00,2023-11-21,132.65,132.65,132.65,132.65,0,0,1
FINNIFTY21NOV2320600PE.NFO,2023-10-26,12:13:00,2023-11-21,132.65,132.65,132.65,132.65,0,0,1
FINNIFTY21NOV2320600PE.NFO,2023-10-26,12:14:00,2023-11-21,132.65,132.65,132.65,132.65,0,0,1
FINNIFTY21NOV2320600PE.NFO,2023-10-26,12:15:00,2023-11-21,132.65,132.65,132.65,132.65,0,0,1
FINNIFTY21NOV2320600PE.NFO,2023-10-26,12:16:00,2023-11-21,132.65,132.65,132.65,132.65,0,0,1
FINNIFTY21NOV2320600PE.NFO,2023-10-26,12:17:00,2023-11-21,132.65,132.65,132.65,132.65,0,0,1
FINNIFTY21NOV2320600PE.NFO,2023-10-26,12:18:00,2023-11-21,132.65,132.65,132.65,132.65,0,0,1
FINNIFTY21NOV2320600PE.NFO,2023-10-26,12:19:00,2023-11-21,132.65,132.65,132.65,132.65,0,0,1
FINNIFTY21NOV2320600PE.NFO,2023-10-26,12:20:00,2023-11-21,132.65,132.65,132.65,132.65,0,0,1
FINNIFTY21NOV2320600PE.NFO,2023-10-26,12:21:00,2023-11-21,132.65,132.65,132.65,132.65,0,0,1
FINNIFTY21NOV2320600PE.NFO,2023-10-26,12:22:00,2023-11-21,132.65,132.65,132.65,132.65,0,0,1
FINNIFTY21NOV2320600PE.NFO,2023-10-26,12:23:00,2023-11-21,132.65,132.65,132.65,132.65,0,0,1
FINNIFTY21NOV2320600PE.NFO,2023-10-26,12:24:00,2023-11-21,132.65,132.65,132.65,132.65,0,0,1
FINNIFTY21NOV2320600PE.NFO,2023-10-26,12:25:00,2023-11-21,132.65,132.65,132.65,132.65,0,0,1
FINNIFTY21NOV2320600PE.NFO,2023-10-26,12:26:00,2023-11-21,132.65,132.65,132.65,132.65,0,0,1
FINNIFTY21NOV2320600PE.NFO,2023-10-26,12:27:00,2023-11-21,132.65,132.65,132.65,132.65,0,0,1
FINNIFTY21NOV2320600PE.NFO,2023-10-26,12:28:00,2023-11-21,132.65,132.65,132.65,132.65,0,0,1
FINNIFTY21NOV2320600PE.NFO,2023-10-26,12:29:00,2023-11-21,132.65,132.65,132.65,132.65,0,0,1
FINNIFTY21NOV2320600PE.NFO,2023-10-26,12:30:00,2023-11-21,132.65,132.65,132.65,132.65,0,0,1
FINNIFTY21NOV2320600PE.NFO,2023-10-26,12:31:00,2023-11-21,132.65,132.65,132.65,132.65,0,0,1
FINNIFTY21NOV2320600PE.NFO,2023-10-26,12:32:00,2023-11-21,132.65,132.65,132.65,132.65,0,0,1
FINNIFTY21NOV2320600PE.NFO,2023-10-26,12:33:00,2023-11-21,132.65,132.65,132.65,132.65,0,0,1
FINNIFTY21NOV2320600PE.NFO,2023-10-26,12:34:00,2023-11-21,132.65,132.65,132.65,132.65,0,0,1
FINNIFTY21NOV2320600PE.NFO,2023-10-26,12:35:00,2023-11-21,132.65,132.65,132.65,132.65,0,0,1
FINNIFTY21NOV2320600PE.NFO,2023-10-26,12:36:00,2023-11-21,132.65,132.65,132.65,132.65,0,0,1
FINNIFTY21NOV2320600PE.NFO,2023-10-26,12:37:00,2023-11-21,132.65,132.65,132.65,132.65,0,0,1
FINNIFTY21NOV2320600PE.NFO,2023-10-26,12:38:00,2023-11-21,132.65,132.65,132.65,132.65,0,0,1
FINNIFTY21NOV2320600PE.NFO,2023-10-26,12:39:00,2023-11-21,132.65,132.65,132.65,132.65,0,0,1
FINNIFTY21NOV2320600PE.NFO,2023-10-26,12:40:00,2023-11-21,132.65,132.65,132.65,132.65,0,0,1
FINNIFTY21NOV2320600PE.NFO,2023-10-26,12:41:00,2023-11-21,132.65,132.65,132.65,132.65,0,0,1
FINNIFTY21NOV2320600PE.NFO,2023-10-26,12:42:00,2023-11-21,132.65,132.65,132.65,132.65,0,0,1
FINNIFTY21NOV2320600PE.NFO,2023-10-26,12:43:00,2023-11-21,132.65,132.65,132.65,132.65,0,0,1
FINNIFTY21NOV2320600PE.NFO,2023-10-26,12:44:00,2023-11-21,132.65,132.65,132.65,132.65,0,0,1
FINNIFTY21NOV2320600PE.NFO,2023-10-26,12:45:00,2023-11-21,132.65,132.65,132.65,132.65,0,0,1
FINNIFTY21NOV2320600PE.NFO,2023-10-26,12:46:00,2023-11-21,132.65,132.65,132.65,132.65,0,0,1
FINNIFTY21NOV2320600PE.NFO,2023-10-26,12:47:00,2023-11-21,132.65,132.65,132.65,132.65,0,0,1
FINNIFTY21NOV2320600PE.NFO,2023-10-26,12:48:00,2023-11-21,132.65,132.65,132.65,132.65,0,0,1
FINNIFTY21NOV2320600PE.NFO,2023-10-26,12:49:00,2023-11-21,132.65,132.65,132.65,132.65,0,0,1
FINNIFTY21NOV2320600PE.NFO,2023-10-26,12:50:00,2023-11-21,132.65,132.65,132.65,132.65,0,0,1
FINNIFTY21NOV2320600PE.NFO,2023-10-26,12:51:00,2023-11-21,132.65,132.65,132.65,132.65,0,0,1
FINNIFTY21NOV2320600PE.NFO,2023-10-26,12:52:00,2023-11-21,132.65,132.65,132.65,132.65,0,0,1
FINNIFTY21NOV2320600PE.NFO,2023-10-26,12:53:00,2023-11-21,132.65,132.65,132.65,132.65,0,0,1
FINNIFTY21NOV2320600PE.NFO,2023-10-26,12:54:00,2023-11-21,132.65,132.65,132.65,132.65,0,0,1
FINNIFTY21NOV2320600PE.NFO,2023-10-26,12:55:00,2023-11-21,132.65,132.65,132.65,132.65,0,0,1
FINNIFTY21NOV2320600PE.NFO,2023-10-26,12:56:00,2023-11-21,132.65,132.65,132.65,132.65,0,0,1
FINNIFTY21NOV2320600PE.NFO,2023-10-26,12:57:00,2023-11-21,132.65,132.65,132.65,132.65,0,0,1
FINNIFTY21NOV2320600PE.NFO,2023-10-26,12:58:00,2023-11-21,132.65,132.65,132.65,132.65,0,0,1
FINNIFTY21NOV2320600PE.NFO,2023-10-26,12:59:00,2023-11-21,132.65,132.65,132.65,132.65,0,0,1
FINNIFTY21NOV2320600PE.NFO,2023-10-26,13:00:00,2023-11-21,132.65,132.65,132.65,132.65,0,0,1
FINNIFTY21NOV2320600PE.NFO,2023-10-26,13:01:00,2023-11-21,132.65,132.65,132.65,132.65,0,0,1
FINNIFTY21NOV2320600PE.NFO,2023-10-26,13:02:00,2023-11-21,132.65,132.65,132.65,132.65,0,0,1
FINNIFTY21NOV2320600PE.NFO,2023-10-26,13:03:00,2023-11-21,132.65,132.65,132.65,132.65,0,0,1
FINNIFTY21NOV2320600PE.NFO,2023-10-26,13:04:00,2023-11-21,132.65,132.65,132.65,132.65,0,0,1
FINNIFTY21NOV2320600PE.NFO,2023-10-26,13:05:00,2023-11-21,132.65,132.65,132.65,132.65,0,0,1
FINNIFTY21NOV2320600PE.NFO,2023-10-26,13:06:00,2023-11-21,132.65,132.65,132.65,132.65,0,0,1
FINNIFTY21NOV2320600PE.NFO,2023-10-26,13:07:00,2023-11-21,132.65,132.65,132.65,132.65,0,0,1
FINNIFTY21NOV2320600PE.NFO,2023-10-26,13:08:00,2023-11-21,132.65,132.65,132.65,132.65,0,0,1
FINNIFTY21NOV2320600PE.NFO,2023-10-26,13:09:00,2023-11-21,132.65,132.65,132.65,132.65,0,0,1
FINNIFTY21NOV2320600PE.NFO,2023-10-26,13:10:00,2023-11-21,132.65,132.65,132.65,132.65,0,0,1
FINNIFTY21NOV2320600PE.NFO,2023-10-26,13:11:00,2023-11-21,132.65,132.65,132.65,132.65,0,0,1
FINNIFTY21NOV2320600PE.NFO,2023-10-26,13:12:00,2023-11-21,132.65,132.65,132.65,132.65,0,0,1
FINNIFTY21NOV2320600PE.NFO,2023-10-26,13:13:00,2023-11-21,132.65,132.65,132.65,132.65,0,0,1
FINNIFTY21NOV2320600PE.NFO,2023-10-26,13:14:00,2023-11-21,132.65,132.65,132.65,132.65,0,0,1
FINNIFTY21NOV2320600PE.NFO,2023-10-26,13:15:00,2023-11-21,132.65,132.65,132.65,132.65,0,0,1
FINNIFTY21NOV2320600PE.NFO,2023-10-26,13:16:00,2023-11-21,132.65,132.65,132.65,132.65,0,0,1
FINNIFTY21NOV2320600PE.NFO,2023-10-26,13:17:00,2023-11-21,132.65,132.65,132.65,132.65,0,0,1
FINNIFTY21NOV2320600PE.NFO,2023-10-26,13:18:00,2023-11-21,132.65,132.65,132.65,132.65,0,0,1
FINNIFTY21NOV2320600PE.NFO,2023-10-26,13:19:00,2023-11-21,132.65,132.65,132.65,132.65,0,0,1
FINNIFTY21NOV2320600PE.NFO,2023-10-26,13:20:00,2023-11-21,132.65,132.65,132.65,132.65,0,0,1
FINNIFTY21NOV2320600PE.NFO,2023-10-26,13:21:00,2023-11-21,132.65,132.65,132.65,132.65,0,0,1
FINNIFTY21NOV2320600PE.NFO,2023-10-26,13:22:00,2023-11-21,132.65,132.65,132.65,132.65,0,0,1
FINNIFTY21NOV2320600PE.NFO,2023-10-26,13:23:00,2023-11-21,132.65,132.65,132.65,132.65,0,0,1
FINNIFTY21NOV2320600PE.NFO,2023-10-26,13:24:00,2023-11-21,132.65,132.65,132.65,132.65,0,0,1
FINNIFTY21NOV2320600PE.NFO,2023-10-26,13:25:00,2023-11-21,132.65,132.65,132.65,132.65,0,0,1
FINNIFTY21NOV2320600PE.NFO,2023-10-26,13:26:00,2023-11-21,132.65,132.65,132.65,132.65,0,0,1
FINNIFTY21NOV2320600PE.NFO,2023-10-26,13:27:00,2023-11-21,132.65,132.65,132.65,132.65,0,0,1
FINNIFTY21NOV2320600PE.NFO,2023-10-26,13:28:00,2023-11-21,132.65,132.65,132.65,132.65,0,0,1
FINNIFTY21NOV2320600PE.NFO,2023-10-26,13:29:00,2023-11-21,132.65,132.65,132.65,132.65,0,0,1
FINNIFTY21NOV2320600PE.NFO,2023-10-26,13:30:00,2023-11-21,132.65,132.65,132.65,132.65,0,0,1
FINNIFTY21NOV2320600PE.NFO,2023-10-26,13:31:00,2023-11-21,132.65,132.65,132.65,132.65,0,0,1
FINNIFTY21NOV2320600PE.NFO,2023-10-26,13:32:00,2023-11-21,132.65,132.65,132.65,132.65,0,0,1
FINNIFTY21NOV2320600PE.NFO,2023-10-26,13:33:00,2023-11-21,132.65,132.65,132.65,132.65,0,0,1
FINNIFTY21NOV2320600PE.NFO,2023-10-26,13:34:00,2023-11-21,132.65,132.65,132.65,132.65,0,0,1
FINNIFTY21NOV2320600PE.NFO,2023-10-26,13:35:00,2023-11-21,132.65,132.65,132.65,132.65,0,0,1
FINNIFTY21NOV2320600PE.NFO,2023-10-26,13:36:00,2023-11-21,132.65,132.65,132.65,132.65,0,0,1
FINNIFTY21NOV2320600PE.NFO,2023-10-26,13:37:00,2023-11-21,132.65,132.65,132.65,132.65,0,0,1
FINNIFTY21NOV2320600PE.NFO,2023-10-26,13:38:00,2023-11-21,132.65,132.65,132.65,132.65,0,0,1
FINNIFTY21NOV2320600PE.NFO,2023-10-26,13:39:00,2023-11-21,132.65,132.65,132.65,132.65,0,0,1
FINNIFTY21NOV2320600PE.NFO,2023-10-26,13:40:00,2023-11-21,132.65,132.65,132.65,132.65,0,0,1
FINNIFTY21NOV2320600PE.NFO,2023-10-26,13:41:00,2023-11-21,132.65,132.65,132.65,132.65,0,0,1
FINNIFTY21NOV2320600PE.NFO,2023-10-26,13:42:00,2023-11-21,132.65,132.65,132.65,132.65,0,0,1
FINNIFTY21NOV2320600PE.NFO,2023-10-26,13:43:00,2023-11-21,132.65,132.65,132.65,132.65,0,0,1
FINNIFTY21NOV2320600PE.NFO,2023-10-26,13:44:00,2023-11-21,132.65,132.65,132.65,132.65,0,0,1
FINNIFTY21NOV2320600PE.NFO,2023-10-26,13:45:00,2023-11-21,132.65,132.65,132.65,132.65,0,0,1
FINNIFTY21NOV2320600PE.NFO,2023-10-26,13:46:00,2023-11-21,132.65,132.65,132.65,132.65,0,0,1
FINNIFTY21NOV2320600PE.NFO,2023-10-26,13:47:00,2023-11-21,132.65,132.65,132.65,132.65,0,0,1
FINNIFTY21NOV2320600PE.NFO,2023-10-26,13:48:00,2023-11-21,132.65,132.65,132.65,132.65,0,0,1
FINNIFTY21NOV2320600PE.NFO,2023-10-26,13:49:00,2023-11-21,132.65,132.65,132.65,132.65,0,0,1
FINNIFTY21NOV2320600PE.NFO,2023-10-26,13:50:00,2023-11-21,132.65,132.65,132.65,132.65,0,0,1
FINNIFTY21NOV2320600PE.NFO,2023-10-26,13:51:00,2023-11-21,132.65,132.65,132.65,132.65,0,0,1
FINNIFTY21NOV2320600PE.NFO,2023-10-26,13:52:00,2023-11-21,132.65,132.65,132.65,132.65,0,0,1
FINNIFTY21NOV2320600PE.NFO,2023-10-26,13:53:00,2023-11-21,132.65,132.65,132.65,132.65,0,0,1
FINNIFTY21NOV2320600PE.NFO,2023-10-26,13:54:00,2023-11-21,132.65,132.65,132.65,132.65,0,0,1
FINNIFTY21NOV2320600PE.NFO,2023-10-26,13:55:00,2023-11-21,132.65,132.65,132.65,132.65,0,0,1
FINNIFTY21NOV2320600PE.NFO,2023-10-26,13:56:00,2023-11-21,132.65,132.65,132.65,132.65,0,0,1
FINNIFTY21NOV2320600PE.NFO,2023-10-26,13:57:00,2023-11-21,132.65,132.65,132.65,132.65,0,0,1
FINNIFTY21NOV2320600PE.NFO,2023-10-26,13:58:00,2023-11-21,132.65,132.65,132.65,132.65,0,0,1
FINNIFTY21NOV2320600PE.NFO,2023-10-26,13:59:00,2023-11-21,132.65,132.65,132.65,132.65,0,0,1
FINNIFTY21NOV2320600PE.NFO,2023-10-26,14:00:00,2023-11-21,132.65,132.65,132.65,132.65,0,0,1
FINNIFTY21NOV2320600PE.NFO,2023-10-26,14:01:00,2023-11-21,132.65,132.65,132.65,132.65,0,0,1
FINNIFTY21NOV2320600PE.NFO,2023-10-26,14:02:00,2023-11-21,132.65,132.65,132.65,132.65,0,0,1
FINNIFTY21NOV2320600PE.NFO,2023-10-26,14:03:00,2023-11-21,132.65,132.65,132.65,132.65,0,0,1
FINNIFTY21NOV2320600PE.NFO,2023-10-26,14:04:00,2023-11-21,132.65,132.65,132.65,132.65,0,0,1
FINNIFTY21NOV2320600PE.NFO,2023-10-26,14:05:00,2023-11-21,132.65,132.65,132.65,132.65,0,0,1
FINNIFTY21NOV2320600PE.NFO,2023-10-26,14:06:00,2023-11-21,132.65,132.65,132.65,132.65,0,0,1
FINNIFTY21NOV2320600PE.NFO,2023-10-26,14:07:00,2023-11-21,132.65,132.65,132.65,132.65,0,0,1
FINNIFTY21NOV2320600PE.NFO,2023-10-26,14:08:00,2023-11-21,132.65,132.65,132.65,132.65,0,0,1
FINNIFTY21NOV2320600PE.NFO,2023-10-26,14:09:00,2023-11-21,132.65,132.65,132.65,132.65,0,0,1
FINNIFTY21NOV2320600PE.NFO,2023-10-26,14:10:00,2023-11-21,132.65,132.65,132.65,132.65,0,0,1
FINNIFTY21NOV2320600PE.NFO,2023-10-26,14:11:00,2023-11-21,132.65,132.65,132.65,132.65,0,0,1
FINNIFTY21NOV2320600PE.NFO,2023-10-26,14:12:00,2023-11-21,132.65,132.65,132.65,132.65,0,0,1
FINNIFTY21NOV2320600PE.NFO,2023-10-26,14:13:00,2023-11-21,132.65,132.65,132.65,132.65,0,0,1
FINNIFTY21NOV2320600PE.NFO,2023-10-26,14:14:00,2023-11-21,132.65,132.65,132.65,132.65,0,0,1
FINNIFTY21NOV2320600PE.NFO,2023-10-26,14:15:00,2023-11-21,132.65,132.65,132.65,132.65,0,0,1
FINNIFTY21NOV2320600PE.NFO,2023-10-26,14:16:00,2023-11-21,132.65,132.65,132.65,132.65,0,0,1
FINNIFTY21NOV2320600PE.NFO,2023-10-26,14:17:00,2023-11-21,132.65,132.65,132.65,132.65,0,0,1
FINNIFTY21NOV2320600PE.NFO,2023-10-26,14:18:00,2023-11-21,132.65,132.65,132.65,132.65,0,0,1
FINNIFTY21NOV2320600PE.NFO,2023-10-26,14:19:00,2023-11-21,132.65,132.65,132.65,132.65,0,0,1
FINNIFTY21NOV2320600PE.NFO,2023-10-26,14:20:00,2023-11-21,132.65,132.65,132.65,132.65,0,0,1
FINNIFTY21NOV2320600PE.NFO,2023-10-26,14:21:00,2023-11-21,132.65,132.65,132.65,132.65,0,0,1
FINNIFTY21NOV2320600PE.NFO,2023-10-26,14:22:00,2023-11-21,132.65,132.65,132.65,132.65,0,0,1
FINNIFTY21NOV2320600PE.NFO,2023-10-26,14:23:00,2023-11-21,132.65,132.65,132.65,132.65,0,0,1
FINNIFTY21NOV2320600PE.NFO,2023-10-26,14:24:00,2023-11-21,132.65,132.65,132.65,132.65,0,0,1
FINNIFTY21NOV2320600PE.NFO,2023-10-26,14:25:00,2023-11-21,132.65,132.65,132.65,132.65,0,0,1
FINNIFTY21NOV2320600PE.NFO,2023-10-26,14:26:00,2023-11-21,132.65,132.65,132.65,132.65,0,0,1
FINNIFTY21NOV2320600PE.NFO,2023-10-26,14:27:00,2023-11-21,132.65,132.65,132.65,132.65,0,0,1
FINNIFTY21NOV2320600PE.NFO,2023-10-26,14:28:00,2023-11-21,132.65,132.65,132.65,132.65,0,0,1
FINNIFTY21NOV2320600PE.NFO,2023-10-26,14:29:00,2023-11-21,132.65,132.65,132.65,132.65,0,0,1
FINNIFTY21NOV2320600PE.NFO,2023-10-26,14:30:00,2023-11-21,132.65,132.65,132.65,132.65,0,0,1
FINNIFTY21NOV2320600PE.NFO,2023-10-26,14:31:00,2023-11-21,132.65,132.65,132.65,132.65,0,0,1
FINNIFTY21NOV2320600PE.NFO,2023-10-26,14:32:00,2023-11-21,132.65,132.65,132.65,132.65,0,0,1
FINNIFTY21NOV2320600PE.NFO,2023-10-26,14:33:00,2023-11-21,132.65,132.65,132.65,132.65,0,0,1
FINNIFTY21NOV2320600PE.NFO,2023-10-26,14:34:00,2023-11-21,132.65,132.65,132.65,132.65,0,0,1
FINNIFTY21NOV2320600PE.NFO,2023-10-26,14:35:00,2023-11-21,132.65,132.65,132.65,132.65,0,0,1
FINNIFTY21NOV2320600PE.NFO,2023-10-26,14:36:00,2023-11-21,132.65,132.65,132.65,132.65,0,0,1
FINNIFTY21NOV2320600PE.NFO,2023-10-26,14:37:00,2023-11-21,132.65,132.65,132.65,132.65,0,0,1
FINNIFTY21NOV2320600PE.NFO,2023-10-26,14:38:00,2023-11-21,132.65,132.65,132.65,132.65,0,0,1
FINNIFTY21NOV2320600PE.NFO,2023-10-26,14:39:00,2023-11-21,132.65,132.65,132.65,132.65,0,0,1
FINNIFTY21NOV2320600PE.NFO,2023-10-26,14:40:00,2023-11-21,132.65,132.65,132.65,132.65,0,0,1
FINNIFTY21NOV2320600PE.NFO,2023-10-26,14:41:00,2023-11-21,132.65,132.65,132.65,132.65,0,0,1
FINNIFTY21NOV2320600PE.NFO,2023-10-26,14:42:00,2023-11-21,132.65,132.65,132.65,132.65,0,0,1
FINNIFTY21NOV2320600PE.NFO,2023-10-26,14:43:00,2023-11-21,132.65,132.65,132.65,132.65,0,0,1
FINNIFTY21NOV2320600PE.NFO,2023-10-26,14:44:00,2023-11-21,132.65,132.65,132.65,132.65,0,0,1
FINNIFTY21NOV2320600PE.NFO,2023-10-26,14:45:00,2023-11-21,132.65,132.65,132.65,132.65,0,0,1
FINNIFTY21NOV2320600PE.NFO,2023-10-26,14:46:00,2023-11-21,132.65,132.65,132.65,132.65,0,0,1
FINNIFTY21NOV2320600PE.NFO,2023-10-26,14:47:00,2023-11-21,132.65,132.65,132.65,132.65,0,0,1
FINNIFTY21NOV2320600PE.NFO,2023-10-26,14:48:00,2023-11-21,132.65,132.65,132.65,132.65,0,0,1
FINNIFTY21NOV2320600PE.NFO,2023-10-26,14:49:00,2023-11-21,132.65,132.65,132.65,132.65,0,0,1
FINNIFTY21NOV2320600PE.NFO,2023-10-26,14:50:00,2023-11-21,132.65,132.65,132.65,132.65,0,0,1
FINNIFTY21NOV2320600PE.NFO,2023-10-26,14:51:00,2023-11-21,132.65,132.65,132.65,132.65,0,0,1
FINNIFTY21NOV2320600PE.NFO,2023-10-26,14:52:00,2023-11-21,132.65,132.65,132.65,132.65,0,0,1
FINNIFTY21NOV2320600PE.NFO,2023-10-26,14:53:00,2023-11-21,132.65,132.65,132.65,132.65,0,0,1
FINNIFTY21NOV2320600PE.NFO,2023-10-26,14:54:00,2023-11-21,132.65,132.65,132.65,132.65,0,0,1
FINNIFTY21NOV2320600PE.NFO,2023-10-26,14:55:00,2023-11-21,132.65,132.65,132.65,132.65,0,0,1
FINNIFTY21NOV2320600PE.NFO,2023-10-26,14:56:00,2023-11-21,132.65,132.65,132.65,132.65,0,0,1
FINNIFTY21NOV2320600PE.NFO,2023-10-26,14:57:00,2023-11-21,132.65,132.65,132.65,132.65,0,0,1
FINNIFTY21NOV2320600PE.NFO,2023-10-26,14:58:00,2023-11-21,132.65,132.65,132.65,132.65,0,0,1
FINNIFTY21NOV2320600PE.NFO,2023-10-26,14:59:00,2023-11-21,132.65,132.65,132.65,132.65,0,0,1
FINNIFTY21NOV2320600PE.NFO,2023-10-26,15:00:00,2023-11-21,132.65,132.65,132.65,132.65,0,0,1
FINNIFTY21NOV2320600PE.NFO,2023-10-26,15:01:00,2023-11-21,132.65,132.65,132.65,132.65,0,0,1
FINNIFTY21NOV2320600PE.NFO,2023-10-26,15:02:00,2023-11-21,132.65,132.65,132.65,132.65,0,0,1
FINNIFTY21NOV2320600PE.NFO,2023-10-26,15:03:00,2023-11-21,132.65,132.65,132.65,132.65,0,0,1
FINNIFTY21NOV2320600PE.NFO,2023-10-26,15:04:00,2023-11-21,132.65,132.65,132.65,132.65,0,0,1
FINNIFTY21NOV2320600PE.NFO,2023-10-26,15:05:00,2023-11-21,132.65,132.65,132.65,132.65,0,0,1
FINNIFTY21NOV2320600PE.NFO,2023-10-26,15:06:00,2023-11-21,132.65,132.65,132.65,132.65,0,0,1
FINNIFTY21NOV2320600PE.NFO,2023-10-26,15:07:00,2023-11-21,132.65,132.65,132.65,132.65,0,0,1
FINNIFTY21NOV2320600PE.NFO,2023-10-26,15:08:00,2023-11-21,132.65,132.65,132.65,132.65,0,0,1
FINNIFTY21NOV2320600PE.NFO,2023-10-26,15:09:00,2023-11-21,132.65,132.65,132.65,132.65,0,0,1
FINNIFTY21NOV2320600PE.NFO,2023-10-26,15:10:00,2023-11-21,132.65,132.65,132.65,132.65,0,0,1
FINNIFTY21NOV2320600PE.NFO,2023-10-26,15:11:00,2023-11-21,132.65,132.65,132.65,132.65,0,0,1
FINNIFTY21NOV2320600PE.NFO,2023-10-26,15:12:00,2023-11-21,132.65,132.65,132.65,132.65,0,0,1
FINNIFTY21NOV2320600PE.NFO,2023-10-26,15:13:00,2023-11-21,132.65,132.65,132.65,132.65,0,0,1
FINNIFTY21NOV2320600PE.NFO,2023-10-26,15:14:00,2023-11-21,132.65,132.65,132.65,132.65,0,0,1
FINNIFTY21NOV2320600PE.NFO,2023-10-26,15:15:00,2023-11-21,132.65,132.65,132.65,132.65,0,0,1
FINNIFTY21NOV2320600PE.NFO,2023-10-26,15:16:00,2023-11-21,132.65,132.65,132.65,132.65,0,0,1
FINNIFTY21NOV2320600PE.NFO,2023-10-26,15:17:00,2023-11-21,132.65,132.65,132.65,132.65,0,0,1
FINNIFTY21NOV2320600PE.NFO,2023-10-26,15:18:00,2023-11-21,132.65,132.65,132.65,132.65,0,0,1
FINNIFTY21NOV2320600PE.NFO,2023-10-26,15:19:00,2023-11-21,132.65,132.65,132.65,132.65,0,0,1
FINNIFTY21NOV2320600PE.NFO,2023-10-26,15:20:00,2023-11-21,132.65,132.65,132.65,132.65,0,0,1
FINNIFTY21NOV2320600PE.NFO,2023-10-26,15:21:00,2023-11-21,132.65,132.65,132.65,132.65,0,0,1
FINNIFTY21NOV2320600PE.NFO,2023-10-26,15:22:00,2023-11-21,132.65,132.65,132.65,132.65,0,0,1
FINNIFTY21NOV2320600PE.NFO,2023-10-26,15:23:00,2023-11-21,132.65,132.65,132.65,132.65,0,0,1
FINNIFTY21NOV2320600PE.NFO,2023-10-26,15:24:00,2023-11-21,132.65,132.65,132.65,132.65,0,0,1
FINNIFTY21NOV2320600PE.NFO,2023-10-26,15:25:00,2023-11-21,132.65,132.65,132.65,132.65,0,0,1
FINNIFTY21NOV2320600PE.NFO,2023-10-26,15:26:00,2023-11-21,132.65,132.65,132.65,132.65,0,0,1
FINNIFTY21NOV2320600PE.NFO,2023-10-26,15:27:00,2023-11-21,132.65,132.65,132.65,132.65,0,0,1
FINNIFTY21NOV2320600PE.NFO,2023-10-26,15:28:00,2023-11-21,132.65,132.65,132.65,132.65,0,0,1
FINNIFTY21NOV2320600PE.NFO,2023-10-26,15:29:00,2023-11-21,132.65,132.65,132.65,132.65,0,0,1
FINNIFTY21NOV2320600PE.NFO,2023-10-26,15:30:00,2023-11-21,132.65,132.65,132.65,132.65,0,0,1
FINNIFTY21NOV2320600PE.NFO,2023-10-27,09:15:00,2023-11-21,132.65,132.65,132.65,132.65,0,0,0
FINNIFTY21NOV2320600PE.NFO,2023-10-27,09:16:00,2023-11-21,132.65,132.65,132.65,132.65,0,0,1
FINNIFTY21NOV2320600PE.NFO,2023-10-27,09:17:00,2023-11-21,132.65,132.65,132.65,132.65,0,0,1
FINNIFTY21NOV2320600PE.NFO,2023-10-27,09:18:00,2023-11-21,132.65,132.65,132.65,132.65,0,0,1
FINNIFTY21NOV2320600PE.NFO,2023-10-27,09:19:00,2023-11-21,132.65,132.65,132.65,132.65,0,0,1
FINNIFTY21NOV2320600PE.NFO,2023-10-27,09:20:00,2023-11-21,132.65,132.65,132.65,132.65,0,0,1
FINNIFTY21NOV2320600PE.NFO,2023-10-27,09:21:00,2023-11-21,132.65,132.65,132.65,132.65,0,0,1
FINNIFTY21NOV2320600PE.NFO,2023-10-27,09:22:00,2023-11-21,132.65,132.65,132.65,132.65,0,0,1
FINNIFTY21NOV2320600PE.NFO,2023-10-27,09:23:00,2023-11-21,132.65,132.65,132.65,132.65,0,0,1
FINNIFTY21NOV2320600PE.NFO,2023-10-27,09:24:00,2023-11-21,132.65,132.65,132.65,132.65,0,0,1
FINNIFTY21NOV2320600PE.NFO,2023-10-27,09:25:00,2023-11-21,132.65,132.65,132.65,132.65,0,0,1
FINNIFTY21NOV2320600PE.NFO,2023-10-27,09:26:00,2023-11-21,132.65,132.65,132.65,132.65,0,0,1
FINNIFTY21NOV2320600PE.NFO,2023-10-27,09:27:00,2023-11-21,132.65,132.65,132.65,132.65,0,0,1
FINNIFTY21NOV2320600PE.NFO,2023-10-27,09:28:00,2023-11-21,132.65,132.65,132.65,132.65,0,0,1
FINNIFTY21NOV2320600PE.NFO,2023-10-27,09:29:00,2023-11-21,132.65,132.65,132.65,132.65,0,0,1
FINNIFTY21NOV2320600PE.NFO,2023-10-27,09:30:00,2023-11-21,132.65,132.65,132.65,132.65,0,0,1
FINNIFTY21NOV2320600PE.NFO,2023-10-27,09:31:00,2023-11-21,132.65,132.65,132.65,132.65,0,0,1
FINNIFTY21NOV2320600PE.NFO,2023-10-27,09:32:00,2023-11-21,132.65,132.65,132.65,132.65,0,0,1
FINNIFTY21NOV2320600PE.NFO,2023-10-27,09:33:00,2023-11-21,132.65,132.65,132.65,132.65,0,0,1
FINNIFTY21NOV2320600PE.NFO,2023-10-27,09:34:00,2023-11-21,132.65,132.65,132.65,132.65,0,0,1
FINNIFTY21NOV2320600PE.NFO,2023-10-27,09:35:00,2023-11-21,132.65,132.65,132.65,132.65,0,0,1
FINNIFTY21NOV2320600PE.NFO,2023-10-27,09:36:00,2023-11-21,132.65,132.65,132.65,132.65,0,0,1
FINNIFTY21NOV2320600PE.NFO,2023-10-27,09:37:00,2023-11-21,132.65,132.65,132.65,132.65,0,0,1
FINNIFTY21NOV2320600PE.NFO,2023-10-27,09:38:00,2023-11-21,132.65,132.65,132.65,132.65,0,0,1
FINNIFTY21NOV2320600PE.NFO,2023-10-27,09:39:00,2023-11-21,132.65,132.65,132.65,132.65,0,0,1
FINNIFTY21NOV2320600PE.NFO,2023-10-27,09:40:00,2023-11-21,132.65,132.65,132.65,132.65,0,0,1
FINNIFTY21NOV2320600PE.NFO,2023-10-27,09:41:00,2023-11-21,132.65,132.65,132.65,132.65,0,0,1
FINNIFTY21NOV2320600PE.NFO,2023-10-27,09:42:00,2023-11-21,132.65,132.65,132.65,132.65,0,0,1
FINNIFTY21NOV2320600PE.NFO,2023-10-27,09:43:00,2023-11-21,132.65,132.65,132.65,132.65,0,0,1
FINNIFTY21NOV2320600PE.NFO,2023-10-27,09:44:00,2023-11-21,132.65,132.65,132.65,132.65,0,0,1
FINNIFTY21NOV2320600PE.NFO,2023-10-27,09:45:00,2023-11-21,132.65,132.65,132.65,132.65,0,0,1
FINNIFTY21NOV2320600PE.NFO,2023-10-27,09:46:00,2023-11-21,132.65,132.65,132.65,132.65,0,0,1
FINNIFTY21NOV2320600PE.NFO,2023-10-27,09:47:00,2023-11-21,132.65,132.65,132.65,132.65,0,0,1
FINNIFTY21NOV2320600PE.NFO,2023-10-27,09:48:00,2023-11-21,132.65,132.65,132.65,132.65,0,0,1
FINNIFTY21NOV2320600PE.NFO,2023-10-27,09:49:00,2023-11-21,132.65,132.65,132.65,132.65,0,0,1
FINNIFTY21NOV2320600PE.NFO,2023-10-27,09:50:00,2023-11-21,132.65,132.65,132.65,132.65,0,0,1
FINNIFTY21NOV2320600PE.NFO,2023-10-27,09:51:00,2023-11-21,132.65,132.65,132.65,132.65,0,0,1
FINNIFTY21NOV2320600PE.NFO,2023-10-27,09:52:00,2023-11-21,132.65,132.65,132.65,132.65,0,0,1
FINNIFTY21NOV2320600PE.NFO,2023-10-27,09:53:00,2023-11-21,132.65,132.65,132.65,132.65,0,0,1
FINNIFTY21NOV2320600PE.NFO,2023-10-27,09:54:00,2023-11-21,132.65,132.65,132.65,132.65,0,0,1
FINNIFTY21NOV2320600PE.NFO,2023-10-27,09:55:00,2023-11-21,132.65,132.65,132.65,132.65,0,0,1
FINNIFTY21NOV2320600PE.NFO,2023-10-27,09:56:00,2023-11-21,132.65,132.65,132.65,132.65,0,0,1
FINNIFTY21NOV2320600PE.NFO,2023-10-27,09:57:00,2023-11-21,132.65,132.65,132.65,132.65,0,0,1
FINNIFTY21NOV2320600PE.NFO,2023-10-27,09:58:00,2023-11-21,132.65,132.65,132.65,132.65,0,0,1
FINNIFTY21NOV2320600PE.NFO,2023-10-27,09:59:00,2023-11-21,132.65,132.65,132.65,132.65,0,0,1
FINNIFTY21NOV2320600PE.NFO,2023-10-27,10:00:00,2023-11-21,132.65,132.65,132.65,132.65,0,0,1
FINNIFTY21NOV2320600PE.NFO,2023-10-27,10:01:00,2023-11-21,132.65,132.65,132.65,132.65,0,0,1
FINNIFTY21NOV2320600PE.NFO,2023-10-27,10:02:00,2023-11-21,132.65,132.65,132.65,132.65,0,0,1
FINNIFTY21NOV2320600PE.NFO,2023-10-27,10:03:00,2023-11-21,132.65,132.65,132.65,132.65,0,0,1
FINNIFTY21NOV2320600PE.NFO,2023-10-27,10:04:00,2023-11-21,132.65,132.65,132.65,132.65,0,0,1
FINNIFTY21NOV2320600PE.NFO,2023-10-27,10:05:00,2023-11-21,132.65,132.65,132.65,132.65,0,0,1
FINNIFTY21NOV2320600PE.NFO,2023-10-27,10:06:00,2023-11-21,132.65,132.65,132.65,132.65,0,0,1
FINNIFTY21NOV2320600PE.NFO,2023-10-27,10:07:00,2023-11-21,132.65,132.65,132.65,132.65,0,0,1
FINNIFTY21NOV2320600PE.NFO,2023-10-27,10:08:00,2023-11-21,132.65,132.65,132.65,132.65,0,0,1
FINNIFTY21NOV2320600PE.NFO,2023-10-27,10:09:00,2023-11-21,132.65,132.65,132.65,132.65,0,0,1
FINNIFTY21NOV2320600PE.NFO,2023-10-27,10:10:00,2023-11-21,132.65,132.65,132.65,132.65,0,0,1
FINNIFTY21NOV2320600PE.NFO,2023-10-27,10:11:00,2023-11-21,132.65,132.65,132.65,132.65,0,0,1
FINNIFTY21NOV2320600PE.NFO,2023-10-27,10:12:00,2023-11-21,132.65,132.65,132.65,132.65,0,0,1
FINNIFTY21NOV2320600PE.NFO,2023-10-27,10:13:00,2023-11-21,132.65,132.65,132.65,132.65,0,0,1
FINNIFTY21NOV2320600PE.NFO,2023-10-27,10:14:00,2023-11-21,132.65,132.65,132.65,132.65,0,0,1
FINNIFTY21NOV2320600PE.NFO,2023-10-27,10:15:00,2023-11-21,132.65,132.65,132.65,132.65,0,0,1
FINNIFTY21NOV2320600PE.NFO,2023-10-27,10:16:00,2023-11-21,132.65,132.65,132.65,132.65,0,0,1
FINNIFTY21NOV2320600PE.NFO,2023-10-27,10:17:00,2023-11-21,132.65,132.65,132.65,132.65,0,0,1
FINNIFTY21NOV2320600PE.NFO,2023-10-27,10:18:00,2023-11-21,132.65,132.65,132.65,132.65,0,0,1
FINNIFTY21NOV2320600PE.NFO,2023-10-27,10:19:00,2023-11-21,132.65,132.65,132.65,132.65,0,0,1
FINNIFTY21NOV2320600PE.NFO,2023-10-27,10:20:00,2023-11-21,132.65,132.65,132.65,132.65,0,0,1
FINNIFTY21NOV2320600PE.NFO,2023-10-27,10:21:00,2023-11-21,132.65,132.65,132.65,132.65,0,0,1
FINNIFTY21NOV2320600PE.NFO,2023-10-27,10:22:00,2023-11-21,132.65,132.65,132.65,132.65,0,0,1
FINNIFTY21NOV2320600PE.NFO,2023-10-27,10:23:00,2023-11-21,132.65,132.65,132.65,132.65,0,0,1
FINNIFTY21NOV2320600PE.NFO,2023-10-27,10:24:00,2023-11-21,132.65,132.65,132.65,132.65,0,0,1
FINNIFTY21NOV2320600PE.NFO,2023-10-27,10:25:00,2023-11-21,132.65,132.65,132.65,132.65,0,0,1
FINNIFTY21NOV2320600PE.NFO,2023-10-27,10:26:00,2023-11-21,132.65,132.65,132.65,132.65,0,0,1
FINNIFTY21NOV2320600PE.NFO,2023-10-27,10:27:00,2023-11-21,132.65,132.65,132.65,132.65,0,0,1
FINNIFTY21NOV2320600PE.NFO,2023-10-27,10:28:00,2023-11-21,132.65,132.65,132.65,132.65,0,0,1
FINNIFTY21NOV2320600PE.NFO,2023-10-27,10:29:00,2023-11-21,132.65,132.65,132.65,132.65,0,0,1
FINNIFTY21NOV2320600PE.NFO,2023-10-27,10:30:00,2023-11-21,132.65,132.65,132.65,132.65,0,0,1
FINNIFTY21NOV2320600PE.NFO,2023-10-27,10:31:00,2023-11-21,132.65,132.65,132.65,132.65,0,0,1
FINNIFTY21NOV2320600PE.NFO,2023-10-27,10:32:00,2023-11-21,132.65,132.65,132.65,132.65,0,0,1
FINNIFTY21NOV2320600PE.NFO,2023-10-27,10:33:00,2023-11-21,132.65,132.65,132.65,132.65,0,0,1
FINNIFTY21NOV2320600PE.NFO,2023-10-27,10:34:00,2023-11-21,132.65,132.65,132.65,132.65,0,0,1
FINNIFTY21NOV2320600PE.NFO,2023-10-27,10:35:00,2023-11-21,132.65,132.65,132.65,132.65,0,0,1
FINNIFTY21NOV2320600PE.NFO,2023-10-27,10:36:00,2023-11-21,132.65,132.65,132.65,132.65,0,0,1
FINNIFTY21NOV2320600PE.NFO,2023-10-27,10:37:00,2023-11-21,132.65,132.65,132.65,132.65,0,0,1
FINNIFTY21NOV2320600PE.NFO,2023-10-27,10:38:00,2023-11-21,132.65,132.65,132.65,132.65,0,0,1
FINNIFTY21NOV2320600PE.NFO,2023-10-27,10:39:00,2023-11-21,132.65,132.65,132.65,132.65,0,0,1
FINNIFTY21NOV2320600PE.NFO,2023-10-27,10:40:00,2023-11-21,132.65,132.65,132.65,132.65,0,0,1
FINNIFTY21NOV2320600PE.NFO,2023-10-27,10:41:00,2023-11-21,132.65,132.65,132.65,132.65,0,0,1
FINNIFTY21NOV2320600PE.NFO,2023-10-27,10:42:00,2023-11-21,132.65,132.65,132.65,132.65,0,0,1
FINNIFTY21NOV2320600PE.NFO,2023-10-27,10:43:00,2023-11-21,132.65,132.65,132.65,132.65,0,0,1
FINNIFTY21NOV2320600PE.NFO,2023-10-27,10:44:00,2023-11-21,132.65,132.65,132.65,132.65,0,0,1
FINNIFTY21NOV2320600PE.NFO,2023-10-27,10:45:00,2023-11-21,132.65,132.65,132.65,132.65,0,0,1
FINNIFTY21NOV2320600PE.NFO,2023-10-27,10:46:00,2023-11-21,132.65,132.65,132.65,132.65,0,0,1
FINNIFTY21NOV2320600PE.NFO,2023-10-27,10:47:00,2023-11-21,132.65,132.65,132.65,132.65,0,0,1
FINNIFTY21NOV2320600PE.NFO,2023-10-27,10:48:00,2023-11-21,132.65,132.65,132.65,132.65,0,0,1
FINNIFTY21NOV2320600PE.NFO,2023-10-27,10:49:00,2023-11-21,132.65,132.65,132.65,132.65,0,0,1
FINNIFTY21NOV2320600PE.NFO,2023-10-27,10:50:00,2023-11-21,132.65,132.65,132.65,132.65,0,0,1
FINNIFTY21NOV2320600PE.NFO,2023-10-27,10:51:00,2023-11-21,132.65,132.65,132.65,132.65,0,0,1
FINNIFTY21NOV2320600PE.NFO,2023-10-27,10:52:00,2023-11-21,132.65,132.65,132.65,132.65,0,0,1
FINNIFTY21NOV2320600PE.NFO,2023-10-27,10:53:00,2023-11-21,132.65,132.65,132.65,132.65,0,0,1
FINNIFTY21NOV2320600PE.NFO,2023-10-27,10:54:00,2023-11-21,132.65,132.65,132.65,132.65,0,0,1
FINNIFTY21NOV2320600PE.NFO,2023-10-27,10:55:00,2023-11-21,132.65,132.65,132.65,132.65,0,0,1
FINNIFTY21NOV2320600PE.NFO,2023-10-27,10:56:00,2023-11-21,132.65,132.65,132.65,132.65,0,0,1
FINNIFTY21NOV2320600PE.NFO,2023-10-27,10:57:00,2023-11-21,132.65,132.65,132.65,132.65,0,0,1
FINNIFTY21NOV2320600PE.NFO,2023-10-27,10:58:00,2023-11-21,132.65,132.65,132.65,132.65,0,0,1
FINNIFTY21NOV2320600PE.NFO,2023-10-27,10:59:00,2023-11-21,132.65,132.65,132.65,132.65,0,0,1
FINNIFTY21NOV2320600PE.NFO,2023-10-27,11:00:00,2023-11-21,132.65,132.65,132.65,132.65,0,0,1
FINNIFTY21NOV2320600PE.NFO,2023-10-27,11:01:00,2023-11-21,132.65,132.65,132.65,132.65,0,0,1
FINNIFTY21NOV2320600PE.NFO,2023-10-27,11:02:00,2023-11-21,132.65,132.65,132.65,132.65,0,0,1
FINNIFTY21NOV2320600PE.NFO,2023-10-27,11:03:00,2023-11-21,132.65,132.65,132.65,132.65,0,0,1
FINNIFTY21NOV2320600PE.NFO,2023-10-27,11:04:00,2023-11-21,132.65,132.65,132.65,132.65,0,0,1
FINNIFTY21NOV2320600PE.NFO,2023-10-27,11:05:00,2023-11-21,132.65,132.65,132.65,132.65,0,0,1
FINNIFTY21NOV2320600PE.NFO,2023-10-27,11:06:00,2023-11-21,132.65,132.65,132.65,132.65,0,0,1
FINNIFTY21NOV2320600PE.NFO,2023-10-27,11:07:00,2023-11-21,132.65,132.65,132.65,132.65,0,0,1
FINNIFTY21NOV2320600PE.NFO,2023-10-27,11:08:00,2023-11-21,132.65,132.65,132.65,132.65,0,0,1
FINNIFTY21NOV2320600PE.NFO,2023-10-27,11:09:00,2023-11-21,132.65,132.65,132.65,132.65,0,0,1
FINNIFTY21NOV2320600PE.NFO,2023-10-27,11:10:00,2023-11-21,132.65,132.65,132.65,132.65,0,0,1
FINNIFTY21NOV2320600PE.NFO,2023-10-27,11:11:00,2023-11-21,132.65,132.65,132.65,132.65,0,0,1
FINNIFTY21NOV2320600PE.NFO,2023-10-27,11:12:00,2023-11-21,132.65,132.65,132.65,132.65,0,0,1
FINNIFTY21NOV2320600PE.NFO,2023-10-27,11:13:00,2023-11-21,132.65,132.65,132.65,132.65,0,0,1
FINNIFTY21NOV2320600PE.NFO,2023-10-27,11:14:00,2023-11-21,132.65,132.65,132.65,132.65,0,0,1
FINNIFTY21NOV2320600PE.NFO,2023-10-27,11:15:00,2023-11-21,132.65,132.65,132.65,132.65,0,0,1
FINNIFTY21NOV2320600PE.NFO,2023-10-27,11:16:00,2023-11-21,132.65,132.65,132.65,132.65,0,0,1
FINNIFTY21NOV2320600PE.NFO,2023-10-27,11:17:00,2023-11-21,132.65,132.65,132.65,132.65,0,0,1
FINNIFTY21NOV2320600PE.NFO,2023-10-27,11:18:00,2023-11-21,132.65,132.65,132.65,132.65,0,0,1
FINNIFTY21NOV2320600PE.NFO,2023-10-27,11:19:00,2023-11-21,132.65,132.65,132.65,132.65,0,0,1
FINNIFTY21NOV2320600PE.NFO,2023-10-27,11:20:00,2023-11-21,132.65,132.65,132.65,132.65,0,0,1
FINNIFTY21NOV2320600PE.NFO,2023-10-27,11:21:00,2023-11-21,132.65,132.65,132.65,132.65,0,0,1
FINNIFTY21NOV2320600PE.NFO,2023-10-27,11:22:00,2023-11-21,132.65,132.65,132.65,132.65,0,0,1
FINNIFTY21NOV2320600PE.NFO,2023-10-27,11:23:00,2023-11-21,132.65,132.65,132.65,132.65,0,0,1
FINNIFTY21NOV2320600PE.NFO,2023-10-27,11:24:00,2023-11-21,132.65,132.65,132.65,132.65,0,0,1
FINNIFTY21NOV2320600PE.NFO,2023-10-27,11:25:00,2023-11-21,132.65,132.65,132.65,132.65,0,0,1
FINNIFTY21NOV2320600PE.NFO,2023-10-27,11:26:00,2023-11-21,132.65,132.65,132.65,132.65,0,0,1
FINNIFTY21NOV2320600PE.NFO,2023-10-27,11:27:00,2023-11-21,132.65,132.65,132.65,132.65,0,0,1
FINNIFTY21NOV2320600PE.NFO,2023-10-27,11:28:00,2023-11-21,132.65,132.65,132.65,132.65,0,0,1
FINNIFTY21NOV2320600PE.NFO,2023-10-27,11:29:00,2023-11-21,132.65,132.65,132.65,132.65,0,0,1
FINNIFTY21NOV2320600PE.NFO,2023-10-27,11:30:00,2023-11-21,132.65,132.65,132.65,132.65,0,0,1
FINNIFTY21NOV2320600PE.NFO,2023-10-27,11:31:00,2023-11-21,132.65,132.65,132.65,132.65,0,0,1
FINNIFTY21NOV2320600PE.NFO,2023-10-27,11:32:00,2023-11-21,132.65,132.65,132.65,132.65,0,0,1
FINNIFTY21NOV2320600PE.NFO,2023-10-27,11:33:00,2023-11-21,132.65,132.65,132.65,132.65,0,0,1
FINNIFTY21NOV2320600PE.NFO,2023-10-27,11:34:00,2023-11-21,132.65,132.65,132.65,132.65,0,0,1
FINNIFTY21NOV2320600PE.NFO,2023-10-27,11:35:00,2023-11-21,132.65,132.65,132.65,132.65,0,0,1
FINNIFTY21NOV2320600PE.NFO,2023-10-27,11:36:00,2023-11-21,132.65,132.65,132.65,132.65,0,0,1
FINNIFTY21NOV2320600PE.NFO,2023-10-27,11:37:00,2023-11-21,132.65,132.65,132.65,132.65,0,0,1
FINNIFTY21NOV2320600PE.NFO,2023-10-27,11:38:00,2023-11-21,132.65,132.65,132.65,132.65,0,0,1
FINNIFTY21NOV2320600PE.NFO,2023-10-27,11:39:00,2023-11-21,132.65,132.65,132.65,132.65,0,0,1
FINNIFTY21NOV2320600PE.NFO,2023-10-27,11:40:00,2023-11-21,132.65,132.65,132.65,132.65,0,0,1
FINNIFTY21NOV2320600PE.NFO,2023-10-27,11:41:00,2023-11-21,132.65,132.65,132.65,132.65,0,0,1
FINNIFTY21NOV2320600PE.NFO,2023-10-27,11:42:00,2023-11-21,132.65,132.65,132.65,132.65,0,0,1
FINNIFTY21NOV2320600PE.NFO,2023-10-27,11:43:00,2023-11-21,132.65,132.65,132.65,132.65,0,0,1
FINNIFTY21NOV2320600PE.NFO,2023-10-27,11:44:00,2023-11-21,132.65,132.65,132.65,132.65,0,0,1
FINNIFTY21NOV2320600PE.NFO,2023-10-27,11:45:00,2023-11-21,132.65,132.65,132.65,132.65,0,0,1
FINNIFTY21NOV2320600PE.NFO,2023-10-27,11:46:00,2023-11-21,132.65,132.65,132.65,132.65,0,0,1
FINNIFTY21NOV2320600PE.NFO,2023-10-27,11:47:00,2023-11-21,132.65,132.65,132.65,132.65,0,0,1
FINNIFTY21NOV2320600PE.NFO,2023-10-27,11:48:00,2023-11-21,132.65,132.65,132.65,132.65,0,0,1
FINNIFTY21NOV2320600PE.NFO,2023-10-27,11:49:00,2023-11-21,132.65,132.65,132.65,132.65,0,0,1
FINNIFTY21NOV2320600PE.NFO,2023-10-27,11:50:00,2023-11-21,132.65,132.65,132.65,132.65,0,0,1
FINNIFTY21NOV2320600PE.NFO,2023-10-27,11:51:00,2023-11-21,132.65,132.65,132.65,132.65,0,0,1
FINNIFTY21NOV2320600PE.NFO,2023-10-27,11:52:00,2023-11-21,132.65,132.65,132.65,132.65,0,0,1
FINNIFTY21NOV2320600PE.NFO,2023-10-27,11:53:00,2023-11-21,132.65,132.65,132.65,132.65,0,0,1
FINNIFTY21NOV2320600PE.NFO,2023-10-27,11:54:00,2023-11-21,132.65,132.65,132.65,132.65,0,0,1
FINNIFTY21NOV2320600PE.NFO,2023-10-27,11:55:00,2023-11-21,132.65,132.65,132.65,132.65,0,0,1
FINNIFTY21NOV2320600PE.NFO,2023-10-27,11:56:00,2023-11-21,132.65,132.65,132.65,132.65,0,0,1
FINNIFTY21NOV2320600PE.NFO,2023-10-27,11:57:00,2023-11-21,132.65,132.65,132.65,132.65,0,0,1
FINNIFTY21NOV2320600PE.NFO,2023-10-27,11:58:00,2023-11-21,132.65,132.65,132.65,132.65,0,0,1
FINNIFTY21NOV2320600PE.NFO,2023-10-27,11:59:00,2023-11-21,132.65,132.65,132.65,132.65,0,0,1
FINNIFTY21NOV2320600PE.NFO,2023-10-27,12:00:00,2023-11-21,132.65,132.65,132.65,132.65,0,0,1
FINNIFTY21NOV2320600PE.NFO,2023-10-27,12:01:00,2023-11-21,132.65,132.65,132.65,132.65,0,0,1
FINNIFTY21NOV2320600PE.NFO,2023-10-27,12:02:00,2023-11-21,132.65,132.65,132.65,132.65,0,0,1
FINNIFTY21NOV2320600PE.NFO,2023-10-27,12:03:00,2023-11-21,132.65,132.65,132.65,132.65,0,0,1
FINNIFTY21NOV2320600PE.NFO,2023-10-27,12:04:00,2023-11-21,132.65,132.65,132.65,132.65,0,0,1
FINNIFTY21NOV2320600PE.NFO,2023-10-27,12:05:00,2023-11-21,132.65,132.65,132.65,132.65,0,0,1
FINNIFTY21NOV2320600PE.NFO,2023-10-27,12:06:00,2023-11-21,132.65,132.65,132.65,132.65,0,0,1
FINNIFTY21NOV2320600PE.NFO,2023-10-27,12:07:00,2023-11-21,132.65,132.65,132.65,132.65,0,0,1
FINNIFTY21NOV2320600PE.NFO,2023-10-27,12:08:00,2023-11-21,132.65,132.65,132.65,132.65,0,0,1
FINNIFTY21NOV2320600PE.NFO,2023-10-27,12:09:00,2023-11-21,132.65,132.65,132.65,132.65,0,0,1
FINNIFTY21NOV2320600PE.NFO,2023-10-27,12:10:00,2023-11-21,132.65,132.65,132.65,132.65,0,0,1
FINNIFTY21NOV2320600PE.NFO,2023-10-27,12:11:00,2023-11-21,132.65,132.65,132.65,132.65,0,0,1
FINNIFTY21NOV2320600PE.NFO,2023-10-27,12:12:00,2023-11-21,132.65,132.65,132.65,132.65,0,0,1
FINNIFTY21NOV2320600PE.NFO,2023-10-27,12:13:00,2023-11-21,132.65,132.65,132.65,132.65,0,0,1
FINNIFTY21NOV2320600PE.NFO,2023-10-27,12:14:00,2023-11-21,132.65,132.65,132.65,132.65,0,0,1
FINNIFTY21NOV2320600PE.NFO,2023-10-27,12:15:00,2023-11-21,132.65,132.65,132.65,132.65,0,0,1
FINNIFTY21NOV2320600PE.NFO,2023-10-27,12:16:00,2023-11-21,132.65,132.65,132.65,132.65,0,0,1
FINNIFTY21NOV2320600PE.NFO,2023-10-27,12:17:00,2023-11-21,132.65,132.65,132.65,132.65,0,0,1
FINNIFTY21NOV2320600PE.NFO,2023-10-27,12:18:00,2023-11-21,132.65,132.65,132.65,132.65,0,0,1
FINNIFTY21NOV2320600PE.NFO,2023-10-27,12:19:00,2023-11-21,132.65,132.65,132.65,132.65,0,0,1
FINNIFTY21NOV2320600PE.NFO,2023-10-27,12:20:00,2023-11-21,132.65,132.65,132.65,132.65,0,0,1
FINNIFTY21NOV2320600PE.NFO,2023-10-27,12:21:00,2023-11-21,132.65,132.65,132.65,132.65,0,0,1
FINNIFTY21NOV2320600PE.NFO,2023-10-27,12:22:00,2023-11-21,132.65,132.65,132.65,132.65,0,0,1
FINNIFTY21NOV2320600PE.NFO,2023-10-27,12:23:00,2023-11-21,132.65,132.65,132.65,132.65,0,0,1
FINNIFTY21NOV2320600PE.NFO,2023-10-27,12:24:00,2023-11-21,132.65,132.65,132.65,132.65,0,0,1
FINNIFTY21NOV2320600PE.NFO,2023-10-27,12:25:00,2023-11-21,132.65,132.65,132.65,132.65,0,0,1
FINNIFTY21NOV2320600PE.NFO,2023-10-27,12:26:00,2023-11-21,132.65,132.65,132.65,132.65,0,0,1
FINNIFTY21NOV2320600PE.NFO,2023-10-27,12:27:00,2023-11-21,132.65,132.65,132.65,132.65,0,0,1
FINNIFTY21NOV2320600PE.NFO,2023-10-27,12:28:00,2023-11-21,132.65,132.65,132.65,132.65,0,0,1
FINNIFTY21NOV2320600PE.NFO,2023-10-27,12:29:00,2023-11-21,132.65,132.65,132.65,132.65,0,0,1
FINNIFTY21NOV2320600PE.NFO,2023-10-27,12:30:00,2023-11-21,132.65,132.65,132.65,132.65,0,0,1
FINNIFTY21NOV2320600PE.NFO,2023-10-27,12:31:00,2023-11-21,132.65,132.65,132.65,132.65,0,0,1
FINNIFTY21NOV2320600PE.NFO,2023-10-27,12:32:00,2023-11-21,132.65,132.65,132.65,132.65,0,0,1
FINNIFTY21NOV2320600PE.NFO,2023-10-27,12:33:00,2023-11-21,132.65,132.65,132.65,132.65,0,0,1
FINNIFTY21NOV2320600PE.NFO,2023-10-27,12:34:00,2023-11-21,132.65,132.65,132.65,132.65,0,0,1
FINNIFTY21NOV2320600PE.NFO,2023-10-27,12:35:00,2023-11-21,132.65,132.65,132.65,132.65,0,0,1
FINNIFTY21NOV2320600PE.NFO,2023-10-27,12:36:00,2023-11-21,132.65,132.65,132.65,132.65,0,0,1
FINNIFTY21NOV2320600PE.NFO,2023-10-27,12:37:00,2023-11-21,132.65,132.65,132.65,132.65,0,0,1
FINNIFTY21NOV2320600PE.NFO,2023-10-27,12:38:00,2023-11-21,132.65,132.65,132.65,132.65,0,0,1
FINNIFTY21NOV2320600PE.NFO,2023-10-27,12:39:00,2023-11-21,132.65,132.65,132.65,132.65,0,0,1
FINNIFTY21NOV2320600PE.NFO,2023-10-27,12:40:00,2023-11-21,132.65,132.65,132.65,132.65,0,0,1
FINNIFTY21NOV2320600PE.NFO,2023-10-27,12:41:00,2023-11-21,132.65,132.65,132.65,132.65,0,0,1
FINNIFTY21NOV2320600PE.NFO,2023-10-27,12:42:00,2023-11-21,132.65,132.65,132.65,132.65,0,0,1
FINNIFTY21NOV2320600PE.NFO,2023-10-27,12:43:00,2023-11-21,132.65,132.65,132.65,132.65,0,0,1
FINNIFTY21NOV2320600PE.NFO,2023-10-27,12:44:00,2023-11-21,132.65,132.65,132.65,132.65,0,0,1
FINNIFTY21NOV2320600PE.NFO,2023-10-27,12:45:00,2023-11-21,132.65,132.65,132.65,132.65,0,0,1
FINNIFTY21NOV2320600PE.NFO,2023-10-27,12:46:00,2023-11-21,132.65,132.65,132.65,132.65,0,0,1
FINNIFTY21NOV2320600PE.NFO,2023-10-27,12:47:00,2023-11-21,132.65,132.65,132.65,132.65,0,0,1
FINNIFTY21NOV2320600PE.NFO,2023-10-27,12:48:00,2023-11-21,132.65,132.65,132.65,132.65,0,0,1
FINNIFTY21NOV2320600PE.NFO,2023-10-27,12:49:00,2023-11-21,132.65,132.65,132.65,132.65,0,0,1
FINNIFTY21NOV2320600PE.NFO,2023-10-27,12:50:00,2023-11-21,132.65,132.65,132.65,132.65,0,0,1
FINNIFTY21NOV2320600PE.NFO,2023-10-27,12:51:00,2023-11-21,132.65,132.65,132.65,132.65,0,0,1
FINNIFTY21NOV2320600PE.NFO,2023-10-27,12:52:00,2023-11-21,132.65,132.65,132.65,132.65,0,0,1
FINNIFTY21NOV2320600PE.NFO,2023-10-27,12:53:00,2023-11-21,132.65,132.65,132.65,132.65,0,0,1
FINNIFTY21NOV2320600PE.NFO,2023-10-27,12:54:00,2023-11-21,132.65,132.65,132.65,132.65,0,0,1
FINNIFTY21NOV2320600PE.NFO,2023-10-27,12:55:00,2023-11-21,132.65,132.65,132.65,132.65,0,0,1
FINNIFTY21NOV2320600PE.NFO,2023-10-27,12:56:00,2023-11-21,132.65,132.65,132.65,132.65,0,0,1
FINNIFTY21NOV2320600PE.NFO,2023-10-27,12:57:00,2023-11-21,132.65,132.65,132.65,132.65,0,0,1
FINNIFTY21NOV2320600PE.NFO,2023-10-27,12:58:00,2023-11-21,132.65,132.65,132.65,132.65,0,0,1
FINNIFTY21NOV2320600PE.NFO,2023-10-27,12:59:00,2023-11-21,132.65,132.65,132.65,132.65,0,0,1
FINNIFTY21NOV2320600PE.NFO,2023-10-27,13:00:00,2023-11-21,132.65,132.65,132.65,132.65,0,0,1
FINNIFTY21NOV2320600PE.NFO,2023-10-27,13:01:00,2023-11-21,132.65,132.65,132.65,132.65,0,0,1
FINNIFTY21NOV2320600PE.NFO,2023-10-27,13:02:00,2023-11-21,132.65,132.65,132.65,132.65,0,0,1
FINNIFTY21NOV2320600PE.NFO,2023-10-27,13:03:00,2023-11-21,132.65,132.65,132.65,132.65,0,0,1
FINNIFTY21NOV2320600PE.NFO,2023-10-27,13:04:00,2023-11-21,132.65,132.65,132.65,132.65,0,0,1
FINNIFTY21NOV2320600PE.NFO,2023-10-27,13:05:00,2023-11-21,132.65,132.65,132.65,132.65,0,0,1
FINNIFTY21NOV2320600PE.NFO,2023-10-27,13:06:00,2023-11-21,132.65,132.65,132.65,132.65,0,0,1
FINNIFTY21NOV2320600PE.NFO,2023-10-27,13:07:00,2023-11-21,132.65,132.65,132.65,132.65,0,0,1
FINNIFTY21NOV2320600PE.NFO,2023-10-27,13:08:00,2023-11-21,132.65,132.65,132.65,132.65,0,0,1
FINNIFTY21NOV2320600PE.NFO,2023-10-27,13:09:00,2023-11-21,132.65,132.65,132.65,132.65,0,0,1
FINNIFTY21NOV2320600PE.NFO,2023-10-27,13:10:00,2023-11-21,132.65,132.65,132.65,132.65,0,0,1
FINNIFTY21NOV2320600PE.NFO,2023-10-27,13:11:00,2023-11-21,132.65,132.65,132.65,132.65,0,0,1
FINNIFTY21NOV2320600PE.NFO,2023-10-27,13:12:00,2023-11-21,132.65,132.65,132.65,132.65,0,0,1
FINNIFTY21NOV2320600PE.NFO,2023-10-27,13:13:00,2023-11-21,132.65,132.65,132.65,132.65,0,0,1
FINNIFTY21NOV2320600PE.NFO,2023-10-27,13:14:00,2023-11-21,132.65,132.65,132.65,132.65,0,0,1
FINNIFTY21NOV2320600PE.NFO,2023-10-27,13:15:00,2023-11-21,132.65,132.65,132.65,132.65,0,0,1
FINNIFTY21NOV2320600PE.NFO,2023-10-27,13:16:00,2023-11-21,132.65,132.65,132.65,132.65,0,0,1
FINNIFTY21NOV2320600PE.NFO,2023-10-27,13:17:00,2023-11-21,132.65,132.65,132.65,132.65,0,0,1
FINNIFTY21NOV2320600PE.NFO,2023-10-27,13:18:00,2023-11-21,132.65,132.65,132.65,132.65,0,0,1
FINNIFTY21NOV2320600PE.NFO,2023-10-27,13:19:00,2023-11-21,132.65,132.65,132.65,132.65,0,0,1
FINNIFTY21NOV2320600PE.NFO,2023-10-27,13:20:00,2023-11-21,132.65,132.65,132.65,132.65,0,0,1
FINNIFTY21NOV2320600PE.NFO,2023-10-27,13:21:00,2023-11-21,132.65,132.65,132.65,132.65,0,0,1
FINNIFTY21NOV2320600PE.NFO,2023-10-27,13:22:00,2023-11-21,132.65,132.65,132.65,132.65,0,0,1
FINNIFTY21NOV2320600PE.NFO,2023-10-27,13:23:00,2023-11-21,132.65,132.65,132.65,132.65,0,0,1
FINNIFTY21NOV2320600PE.NFO,2023-10-27,13:24:00,2023-11-21,132.65,132.65,132.65,132.65,0,0,1
FINNIFTY21NOV2320600PE.NFO,2023-10-27,13:25:00,2023-11-21,132.65,132.65,132.65,132.65,0,0,1
FINNIFTY21NOV2320600PE.NFO,2023-10-27,13:26:00,2023-11-21,132.65,132.65,132.65,132.65,0,0,1
FINNIFTY21NOV2320600PE.NFO,2023-10-27,13:27:00,2023-11-21,132.65,132.65,132.65,132.65,0,0,1
FINNIFTY21NOV2320600PE.NFO,2023-10-27,13:28:00,2023-11-21,132.65,132.65,132.65,132.65,0,0,1
FINNIFTY21NOV2320600PE.NFO,2023-10-27,13:29:00,2023-11-21,132.65,132.65,132.65,132.65,0,0,1
FINNIFTY21NOV2320600PE.NFO,2023-10-27,13:30:00,2023-11-21,132.65,132.65,132.65,132.65,0,0,1
FINNIFTY21NOV2320600PE.NFO,2023-10-27,13:31:00,2023-11-21,132.65,132.65,132.65,132.65,0,0,1
FINNIFTY21NOV2320600PE.NFO,2023-10-27,13:32:00,2023-11-21,132.65,132.65,132.65,132.65,0,0,1
FINNIFTY21NOV2320600PE.NFO,2023-10-27,13:33:00,2023-11-21,132.65,132.65,132.65,132.65,0,0,1
FINNIFTY21NOV2320600PE.NFO,2023-10-27,13:34:00,2023-11-21,132.65,132.65,132.65,132.65,0,0,1
FINNIFTY21NOV2320600PE.NFO,2023-10-27,13:35:00,2023-11-21,132.65,132.65,132.65,132.65,0,0,1
FINNIFTY21NOV2320600PE.NFO,2023-10-27,13:36:00,2023-11-21,132.65,132.65,132.65,132.65,0,0,1
FINNIFTY21NOV2320600PE.NFO,2023-10-27,13:37:00,2023-11-21,132.65,132.65,132.65,132.65,0,0,1
FINNIFTY21NOV2320600PE.NFO,2023-10-27,13:38:00,2023-11-21,132.65,132.65,132.65,132.65,0,0,1
FINNIFTY21NOV2320600PE.NFO,2023-10-27,13:39:00,2023-11-21,132.65,132.65,132.65,132.65,0,0,1
FINNIFTY21NOV2320600PE.NFO,2023-10-27,13:40:00,2023-11-21,132.65,132.65,132.65,132.65,0,0,1
FINNIFTY21NOV2320600PE.NFO,2023-10-27,13:41:00,2023-11-21,132.65,132.65,132.65,132.65,0,0,1
FINNIFTY21NOV2320600PE.NFO,2023-10-27,13:42:00,2023-11-21,132.65,132.65,132.65,132.65,0,0,1
FINNIFTY21NOV2320600PE.NFO,2023-10-27,13:43:00,2023-11-21,132.65,132.65,132.65,132.65,0,0,1
FINNIFTY21NOV2320600PE.NFO,2023-10-27,13:44:00,2023-11-21,132.65,132.65,132.65,132.65,0,0,1
FINNIFTY21NOV2320600PE.NFO,2023-10-27,13:45:00,2023-11-21,132.65,132.65,132.65,132.65,0,0,1
FINNIFTY21NOV2320600PE.NFO,2023-10-27,13:46:00,2023-11-21,132.65,132.65,132.65,132.65,0,0,1
FINNIFTY21NOV2320600PE.NFO,2023-10-27,13:47:00,2023-11-21,132.65,132.65,132.65,132.65,0,0,1
FINNIFTY21NOV2320600PE.NFO,2023-10-27,13:48:00,2023-11-21,132.65,132.65,132.65,132.65,0,0,1
FINNIFTY21NOV2320600PE.NFO,2023-10-27,13:49:00,2023-11-21,132.65,132.65,132.65,132.65,0,0,1
FINNIFTY21NOV2320600PE.NFO,2023-10-27,13:50:00,2023-11-21,132.65,132.65,132.65,132.65,0,0,1
FINNIFTY21NOV2320600PE.NFO,2023-10-27,13:51:00,2023-11-21,132.65,132.65,132.65,132.65,0,0,1
FINNIFTY21NOV2320600PE.NFO,2023-10-27,13:52:00,2023-11-21,132.65,132.65,132.65,132.65,0,0,1
FINNIFTY21NOV2320600PE.NFO,2023-10-27,13:53:00,2023-11-21,132.65,132.65,132.65,132.65,0,0,1
FINNIFTY21NOV2320600PE.NFO,2023-10-27,13:54:00,2023-11-21,132.65,132.65,132.65,132.65,0,0,1
FINNIFTY21NOV2320600PE.NFO,2023-10-27,13:55:00,2023-11-21,132.65,132.65,132.65,132.65,0,0,1
FINNIFTY21NOV2320600PE.NFO,2023-10-27,13:56:00,2023-11-21,132.65,132.65,132.65,132.65,0,0,1
FINNIFTY21NOV2320600PE.NFO,2023-10-27,13:57:00,2023-11-21,132.65,132.65,132.65,132.65,0,0,1
FINNIFTY21NOV2320600PE.NFO,2023-10-27,13:58:00,2023-11-21,132.65,132.65,132.65,132.65,0,0,1
FINNIFTY21NOV2320600PE.NFO,2023-10-27,13:59:00,2023-11-21,132.65,132.65,132.65,132.65,0,0,1
FINNIFTY21NOV2320600PE.NFO,2023-10-27,14:00:00,2023-11-21,132.65,132.65,132.65,132.65,0,0,1
FINNIFTY21NOV2320600PE.NFO,2023-10-27,14:01:00,2023-11-21,132.65,132.65,132.65,132.65,0,0,1
FINNIFTY21NOV2320600PE.NFO,2023-10-27,14:02:00,2023-11-21,132.65,132.65,132.65,132.65,0,0,1
FINNIFTY21NOV2320600PE.NFO,2023-10-27,14:03:00,2023-11-21,132.65,132.65,132.65,132.65,0,0,1
FINNIFTY21NOV2320600PE.NFO,2023-10-27,14:04:00,2023-11-21,132.65,132.65,132.65,132.65,0,0,1
FINNIFTY21NOV2320600PE.NFO,2023-10-27,14:05:00,2023-11-21,132.65,132.65,132.65,132.65,0,0,1
FINNIFTY21NOV2320600PE.NFO,2023-10-27,14:06:00,2023-11-21,132.65,132.65,132.65,132.65,0,0,1
FINNIFTY21NOV2320600PE.NFO,2023-10-27,14:07:00,2023-11-21,132.65,132.65,132.65,132.65,0,0,1
FINNIFTY21NOV2320600PE.NFO,2023-10-27,14:08:00,2023-11-21,132.65,132.65,132.65,132.65,0,0,1
FINNIFTY21NOV2320600PE.NFO,2023-10-27,14:09:00,2023-11-21,132.65,132.65,132.65,132.65,0,0,1
FINNIFTY21NOV2320600PE.NFO,2023-10-27,14:10:00,2023-11-21,132.65,132.65,132.65,132.65,0,0,1
FINNIFTY21NOV2320600PE.NFO,2023-10-27,14:11:00,2023-11-21,132.65,132.65,132.65,132.65,0,0,1
FINNIFTY21NOV2320600PE.NFO,2023-10-27,14:12:00,2023-11-21,132.65,132.65,132.65,132.65,0,0,1
FINNIFTY21NOV2320600PE.NFO,2023-10-27,14:13:00,2023-11-21,132.65,132.65,132.65,132.65,0,0,1
FINNIFTY21NOV2320600PE.NFO,2023-10-27,14:14:00,2023-11-21,132.65,132.65,132.65,132.65,0,0,1
FINNIFTY21NOV2320600PE.NFO,2023-10-27,14:15:00,2023-11-21,132.65,132.65,132.65,132.65,0,0,1
FINNIFTY21NOV2320600PE.NFO,2023-10-27,14:16:00,2023-11-21,132.65,132.65,132.65,132.65,0,0,1
FINNIFTY21NOV2320600PE.NFO,2023-10-27,14:17:00,2023-11-21,132.65,132.65,132.65,132.65,0,0,1
FINNIFTY21NOV2320600PE.NFO,2023-10-27,14:18:00,2023-11-21,132.65,132.65,132.65,132.65,0,0,1
FINNIFTY21NOV2320600PE.NFO,2023-10-27,14:19:00,2023-11-21,132.65,132.65,132.65,132.65,0,0,1
FINNIFTY21NOV2320600PE.NFO,2023-10-27,14:20:00,2023-11-21,132.65,132.65,132.65,132.65,0,0,1
FINNIFTY21NOV2320600PE.NFO,2023-10-27,14:21:00,2023-11-21,132.65,132.65,132.65,132.65,0,0,1
FINNIFTY21NOV2320600PE.NFO,2023-10-27,14:22:00,2023-11-21,132.65,132.65,132.65,132.65,0,0,1
FINNIFTY21NOV2320600PE.NFO,2023-10-27,14:23:00,2023-11-21,132.65,132.65,132.65,132.65,0,0,1
FINNIFTY21NOV2320600PE.NFO,2023-10-27,14:24:00,2023-11-21,132.65,132.65,132.65,132.65,0,0,1
FINNIFTY21NOV2320600PE.NFO,2023-10-27,14:25:00,2023-11-21,132.65,132.65,132.65,132.65,0,0,1
FINNIFTY21NOV2320600PE.NFO,2023-10-27,14:26:00,2023-11-21,132.65,132.65,132.65,132.65,0,0,1
FINNIFTY21NOV2320600PE.NFO,2023-10-27,14:27:00,2023-11-21,132.65,132.65,132.65,132.65,0,0,1
FINNIFTY21NOV2320600PE.NFO,2023-10-27,14:28:00,2023-11-21,132.65,132.65,132.65,132.65,0,0,1
FINNIFTY21NOV2320600PE.NFO,2023-10-27,14:29:00,2023-11-21,132.65,132.65,132.65,132.65,0,0,1
FINNIFTY21NOV2320600PE.NFO,2023-10-27,14:30:00,2023-11-21,132.65,132.65,132.65,132.65,0,0,1
FINNIFTY21NOV2320600PE.NFO,2023-10-27,14:31:00,2023-11-21,132.65,132.65,132.65,132.65,0,0,1
FINNIFTY21NOV2320600PE.NFO,2023-10-27,14:32:00,2023-11-21,132.65,132.65,132.65,132.65,0,0,1
FINNIFTY21NOV2320600PE.NFO,2023-10-27,14:33:00,2023-11-21,132.65,132.65,132.65,132.65,0,0,1
FINNIFTY21NOV2320600PE.NFO,2023-10-27,14:34:00,2023-11-21,132.65,132.65,132.65,132.65,0,0,1
FINNIFTY21NOV2320600PE.NFO,2023-10-27,14:35:00,2023-11-21,132.65,132.65,132.65,132.65,0,0,1
FINNIFTY21NOV2320600PE.NFO,2023-10-27,14:36:00,2023-11-21,132.65,132.65,132.65,132.65,0,0,1
FINNIFTY21NOV2320600PE.NFO,2023-10-27,14:37:00,2023-11-21,132.65,132.65,132.65,132.65,0,0,1
FINNIFTY21NOV2320600PE.NFO,2023-10-27,14:38:00,2023-11-21,132.65,132.65,132.65,132.65,0,0,1
FINNIFTY21NOV2320600PE.NFO,2023-10-27,14:39:00,2023-11-21,132.65,132.65,132.65,132.65,0,0,1
FINNIFTY21NOV2320600PE.NFO,2023-10-27,14:40:00,2023-11-21,132.65,132.65,132.65,132.65,0,0,1
FINNIFTY21NOV2320600PE.NFO,2023-10-27,14:41:00,2023-11-21,132.65,132.65,132.65,132.65,0,0,1
FINNIFTY21NOV2320600PE.NFO,2023-10-27,14:42:00,2023-11-21,132.65,132.65,132.65,132.65,0,0,1
FINNIFTY21NOV2320600PE.NFO,2023-10-27,14:43:00,2023-11-21,132.65,132.65,132.65,132.65,0,0,1
FINNIFTY21NOV2320600PE.NFO,2023-10-27,14:44:00,2023-11-21,132.65,132.65,132.65,132.65,0,0,1
FINNIFTY21NOV2320600PE.NFO,2023-10-27,14:45:00,2023-11-21,132.65,132.65,132.65,132.65,0,0,1
FINNIFTY21NOV2320600PE.NFO,2023-10-27,14:46:00,2023-11-21,132.65,132.65,132.65,132.65,0,0,1
FINNIFTY21NOV2320600PE.NFO,2023-10-27,14:47:00,2023-11-21,132.65,132.65,132.65,132.65,0,0,1
FINNIFTY21NOV2320600PE.NFO,2023-10-27,14:48:00,2023-11-21,132.65,132.65,132.65,132.65,0,0,1
FINNIFTY21NOV2320600PE.NFO,2023-10-27,14:49:00,2023-11-21,132.65,132.65,132.65,132.65,0,0,1
FINNIFTY21NOV2320600PE.NFO,2023-10-27,14:50:00,2023-11-21,132.65,132.65,132.65,132.65,0,0,1
FINNIFTY21NOV2320600PE.NFO,2023-10-27,14:51:00,2023-11-21,132.65,132.65,132.65,132.65,0,0,1
FINNIFTY21NOV2320600PE.NFO,2023-10-27,14:52:00,2023-11-21,132.65,132.65,132.65,132.65,0,0,1
FINNIFTY21NOV2320600PE.NFO,2023-10-27,14:53:00,2023-11-21,132.65,132.65,132.65,132.65,0,0,1
FINNIFTY21NOV2320600PE.NFO,2023-10-27,14:54:00,2023-11-21,132.65,132.65,132.65,132.65,0,0,1
FINNIFTY21NOV2320600PE.NFO,2023-10-27,14:55:00,2023-11-21,132.65,132.65,132.65,132.65,0,0,1
FINNIFTY21NOV2320600PE.NFO,2023-10-27,14:56:00,2023-11-21,132.65,132.65,132.65,132.65,0,0,1
FINNIFTY21NOV2320600PE.NFO,2023-10-27,14:57:00,2023-11-21,132.65,132.65,132.65,132.65,0,0,1
FINNIFTY21NOV2320600PE.NFO,2023-10-27,14:58:00,2023-11-21,132.65,132.65,132.65,132.65,0,0,1
FINNIFTY21NOV2320600PE.NFO,2023-10-27,14:59:00,2023-11-21,132.65,132.65,132.65,132.65,0,0,1
FINNIFTY21NOV2320600PE.NFO,2023-10-27,15:00:00,2023-11-21,132.65,132.65,132.65,132.65,0,0,1
FINNIFTY21NOV2320600PE.NFO,2023-10-27,15:01:00,2023-11-21,132.65,132.65,132.65,132.65,0,0,1
FINNIFTY21NOV2320600PE.NFO,2023-10-27,15:02:00,2023-11-21,132.65,132.65,132.65,132.65,0,0,1
FINNIFTY21NOV2320600PE.NFO,2023-10-27,15:03:00,2023-11-21,132.65,132.65,132.65,132.65,0,0,1
FINNIFTY21NOV2320600PE.NFO,2023-10-27,15:04:00,2023-11-21,132.65,132.65,132.65,132.65,0,0,1
FINNIFTY21NOV2320600PE.NFO,2023-10-27,15:05:00,2023-11-21,132.65,132.65,132.65,132.65,0,0,1
FINNIFTY21NOV2320600PE.NFO,2023-10-27,15:06:00,2023-11-21,132.65,132.65,132.65,132.65,0,0,1
FINNIFTY21NOV2320600PE.NFO,2023-10-27,15:07:00,2023-11-21,132.65,132.65,132.65,132.65,0,0,1
FINNIFTY21NOV2320600PE.NFO,2023-10-27,15:08:00,2023-11-21,132.65,132.65,132.65,132.65,0,0,1
FINNIFTY21NOV2320600PE.NFO,2023-10-27,15:09:00,2023-11-21,132.65,132.65,132.65,132.65,0,0,1
FINNIFTY21NOV2320600PE.NFO,2023-10-27,15:10:00,2023-11-21,132.65,132.65,132.65,132.65,0,0,1
FINNIFTY21NOV2320600PE.NFO,2023-10-27,15:11:00,2023-11-21,132.65,132.65,132.65,132.65,0,0,1
FINNIFTY21NOV2320600PE.NFO,2023-10-27,15:12:00,2023-11-21,132.65,132.65,132.65,132.65,0,0,1
FINNIFTY21NOV2320600PE.NFO,2023-10-27,15:13:00,2023-11-21,132.65,132.65,132.65,132.65,0,0,1
FINNIFTY21NOV2320600PE.NFO,2023-10-27,15:14:00,2023-11-21,132.65,132.65,132.65,132.65,0,0,1
FINNIFTY21NOV2320600PE.NFO,2023-10-27,15:15:00,2023-11-21,132.65,132.65,132.65,132.65,0,0,1
FINNIFTY21NOV2320600PE.NFO,2023-10-27,15:16:00,2023-11-21,132.65,132.65,132.65,132.65,0,0,1
FINNIFTY21NOV2320600PE.NFO,2023-10-27,15:17:00,2023-11-21,132.65,132.65,132.65,132.65,0,0,1
FINNIFTY21NOV2320600PE.NFO,2023-10-27,15:18:00,2023-11-21,132.65,132.65,132.65,132.65,0,0,1
FINNIFTY21NOV2320600PE.NFO,2023-10-27,15:19:00,2023-11-21,132.65,132.65,132.65,132.65,0,0,1
FINNIFTY21NOV2320600PE.NFO,2023-10-27,15:20:00,2023-11-21,132.65,132.65,132.65,132.65,0,0,1
FINNIFTY21NOV2320600PE.NFO,2023-10-27,15:21:00,2023-11-21,132.65,132.65,132.65,132.65,0,0,1
FINNIFTY21NOV2320600PE.NFO,2023-10-27,15:22:00,2023-11-21,132.65,132.65,132.65,132.65,0,0,1
FINNIFTY21NOV2320600PE.NFO,2023-10-27,15:23:00,2023-11-21,132.65,132.65,132.65,132.65,0,0,1
FINNIFTY21NOV2320600PE.NFO,2023-10-27,15:24:00,2023-11-21,132.65,132.65,132.65,132.65,0,0,1
FINNIFTY21NOV2320600PE.NFO,2023-10-27,15:25:00,2023-11-21,132.65,132.65,132.65,132.65,0,0,1
FINNIFTY21NOV2320600PE.NFO,2023-10-27,15:26:00,2023-11-21,132.65,132.65,132.65,132.65,0,0,1
FINNIFTY21NOV2320600PE.NFO,2023-10-27,15:27:00,2023-11-21,132.65,132.65,132.65,132.65,0,0,1
FINNIFTY21NOV2320600PE.NFO,2023-10-27,15:28:00,2023-11-21,132.65,132.65,132.65,132.65,0,0,1
FINNIFTY21NOV2320600PE.NFO,2023-10-27,15:29:00,2023-11-21,132.65,132.65,132.65,132.65,0,0,1
FINNIFTY21NOV2320600PE.NFO,2023-10-27,15:30:00,2023-11-21,132.65,132.65,132.65,132.65,0,0,1
FINNIFTY21NOV2320600PE.NFO,2023-10-30,09:15:00,2023-11-21,132.65,132.65,132.65,132.65,0,0,0
FINNIFTY21NOV2320600PE.NFO,2023-10-30,09:16:00,2023-11-21,132.65,132.65,132.65,132.65,0,0,1
FINNIFTY21NOV2320600PE.NFO,2023-10-30,09:17:00,2023-11-21,132.65,132.65,132.65,132.65,0,0,1
FINNIFTY21NOV2320600PE.NFO,2023-10-30,09:18:00,2023-11-21,132.65,132.65,132.65,132.65,0,0,1
FINNIFTY21NOV2320600PE.NFO,2023-10-30,09:19:00,2023-11-21,132.65,132.65,132.65,132.65,0,0,1
FINNIFTY21NOV2320600PE.NFO,2023-10-30,09:20:00,2023-11-21,132.65,132.65,132.65,132.65,0,0,1
FINNIFTY21NOV2320600PE.NFO,2023-10-30,09:21:00,2023-11-21,132.65,132.65,132.65,132.65,0,0,1
FINNIFTY21NOV2320600PE.NFO,2023-10-30,09:22:00,2023-11-21,132.65,132.65,132.65,132.65,0,0,1
FINNIFTY21NOV2320600PE.NFO,2023-10-30,09:23:00,2023-11-21,132.65,132.65,132.65,132.65,0,0,1
FINNIFTY21NOV2320600PE.NFO,2023-10-30,09:24:00,2023-11-21,132.65,132.65,132.65,132.65,0,0,1
FINNIFTY21NOV2320600PE.NFO,2023-10-30,09:25:00,2023-11-21,132.65,132.65,132.65,132.65,0,0,1
FINNIFTY21NOV2320600PE.NFO,2023-10-30,09:26:00,2023-11-21,132.65,132.65,132.65,132.65,0,0,1
FINNIFTY21NOV2320600PE.NFO,2023-10-30,09:27:00,2023-11-21,132.65,132.65,132.65,132.65,0,0,1
FINNIFTY21NOV2320600PE.NFO,2023-10-30,09:28:00,2023-11-21,132.65,132.65,132.65,132.65,0,0,1
FINNIFTY21NOV2320600PE.NFO,2023-10-30,09:29:00,2023-11-21,132.65,132.65,132.65,132.65,0,0,1
FINNIFTY21NOV2320600PE.NFO,2023-10-30,09:30:00,2023-11-21,132.65,132.65,132.65,132.65,0,0,1
FINNIFTY21NOV2320600PE.NFO,2023-10-30,09:31:00,2023-11-21,132.65,132.65,132.65,132.65,0,0,1
FINNIFTY21NOV2320600PE.NFO,2023-10-30,09:32:00,2023-11-21,132.65,132.65,132.65,132.65,0,0,1
FINNIFTY21NOV2320600PE.NFO,2023-10-30,09:33:00,2023-11-21,132.65,132.65,132.65,132.65,0,0,1
FINNIFTY21NOV2320600PE.NFO,2023-10-30,09:34:00,2023-11-21,132.65,132.65,132.65,132.65,0,0,1
FINNIFTY21NOV2320600PE.NFO,2023-10-30,09:35:00,2023-11-21,132.65,132.65,132.65,132.65,0,0,1
FINNIFTY21NOV2320600PE.NFO,2023-10-30,09:36:00,2023-11-21,132.65,132.65,132.65,132.65,0,0,1
FINNIFTY21NOV2320600PE.NFO,2023-10-30,09:37:00,2023-11-21,132.65,132.65,132.65,132.65,0,0,1
FINNIFTY21NOV2320600PE.NFO,2023-10-30,09:38:00,2023-11-21,132.65,132.65,132.65,132.65,0,0,1
FINNIFTY21NOV2320600PE.NFO,2023-10-30,09:39:00,2023-11-21,132.65,132.65,132.65,132.65,0,0,1
FINNIFTY21NOV2320600PE.NFO,2023-10-30,09:40:00,2023-11-21,132.65,132.65,132.65,132.65,0,0,1
FINNIFTY21NOV2320600PE.NFO,2023-10-30,09:41:00,2023-11-21,132.65,132.65,132.65,132.65,0,0,1
FINNIFTY21NOV2320600PE.NFO,2023-10-30,09:42:00,2023-11-21,132.65,132.65,132.65,132.65,0,0,1
FINNIFTY21NOV2320600PE.NFO,2023-10-30,09:43:00,2023-11-21,132.65,132.65,132.65,132.65,0,0,1
FINNIFTY21NOV2320600PE.NFO,2023-10-30,09:44:00,2023-11-21,132.65,132.65,132.65,132.65,0,0,1
FINNIFTY21NOV2320600PE.NFO,2023-10-30,09:45:00,2023-11-21,132.65,132.65,132.65,132.65,0,0,1
FINNIFTY21NOV2320600PE.NFO,2023-10-30,09:46:00,2023-11-21,132.65,132.65,132.65,132.65,0,0,1
FINNIFTY21NOV2320600PE.NFO,2023-10-30,09:47:00,2023-11-21,132.65,132.65,132.65,132.65,0,0,1
FINNIFTY21NOV2320600PE.NFO,2023-10-30,09:48:00,2023-11-21,132.65,132.65,132.65,132.65,0,0,1
FINNIFTY21NOV2320600PE.NFO,2023-10-30,09:49:00,2023-11-21,132.65,132.65,132.65,132.65,0,0,1
FINNIFTY21NOV2320600PE.NFO,2023-10-30,09:50:00,2023-11-21,132.65,132.65,132.65,132.65,0,0,1
FINNIFTY21NOV2320600PE.NFO,2023-10-30,09:51:00,2023-11-21,132.65,132.65,132.65,132.65,0,0,1
FINNIFTY21NOV2320600PE.NFO,2023-10-30,09:52:00,2023-11-21,132.65,132.65,132.65,132.65,0,0,1
FINNIFTY21NOV2320600PE.NFO,2023-10-30,09:53:00,2023-11-21,132.65,132.65,132.65,132.65,0,0,1
FINNIFTY21NOV2320600PE.NFO,2023-10-30,09:54:00,2023-11-21,132.65,132.65,132.65,132.65,0,0,1
FINNIFTY21NOV2320600PE.NFO,2023-10-30,09:55:00,2023-11-21,132.65,132.65,132.65,132.65,0,0,1
FINNIFTY21NOV2320600PE.NFO,2023-10-30,09:56:00,2023-11-21,132.65,132.65,132.65,132.65,0,0,1
FINNIFTY21NOV2320600PE.NFO,2023-10-30,09:57:00,2023-11-21,132.65,132.65,132.65,132.65,0,0,1
FINNIFTY21NOV2320600PE.NFO,2023-10-30,09:58:00,2023-11-21,132.65,132.65,132.65,132.65,0,0,1
FINNIFTY21NOV2320600PE.NFO,2023-10-30,09:59:00,2023-11-21,132.65,132.65,132.65,132.65,0,0,1
FINNIFTY21NOV2320600PE.NFO,2023-10-30,10:00:00,2023-11-21,132.65,132.65,132.65,132.65,0,0,1
FINNIFTY21NOV2320600PE.NFO,2023-10-30,10:01:00,2023-11-21,132.65,132.65,132.65,132.65,0,0,1
FINNIFTY21NOV2320600PE.NFO,2023-10-30,10:02:00,2023-11-21,132.65,132.65,132.65,132.65,0,0,1
FINNIFTY21NOV2320600PE.NFO,2023-10-30,10:03:00,2023-11-21,132.65,132.65,132.65,132.65,0,0,1
FINNIFTY21NOV2320600PE.NFO,2023-10-30,10:04:00,2023-11-21,132.65,132.65,132.65,132.65,0,0,1
FINNIFTY21NOV2320600PE.NFO,2023-10-30,10:05:00,2023-11-21,132.65,132.65,132.65,132.65,0,0,1
FINNIFTY21NOV2320600PE.NFO,2023-10-30,10:06:00,2023-11-21,132.65,132.65,132.65,132.65,0,0,1
FINNIFTY21NOV2320600PE.NFO,2023-10-30,10:07:00,2023-11-21,132.65,132.65,132.65,132.65,0,0,1
FINNIFTY21NOV2320600PE.NFO,2023-10-30,10:08:00,2023-11-21,132.65,132.65,132.65,132.65,0,0,1
FINNIFTY21NOV2320600PE.NFO,2023-10-30,10:09:00,2023-11-21,132.65,132.65,132.65,132.65,0,0,1
FINNIFTY21NOV2320600PE.NFO,2023-10-30,10:10:00,2023-11-21,132.65,132.65,132.65,132.65,0,0,1
FINNIFTY21NOV2320600PE.NFO,2023-10-30,10:11:00,2023-11-21,132.65,132.65,132.65,132.65,0,0,1
FINNIFTY21NOV2320600PE.NFO,2023-10-30,10:12:00,2023-11-21,132.65,132.65,132.65,132.65,0,0,1
FINNIFTY21NOV2320600PE.NFO,2023-10-30,10:13:00,2023-11-21,132.65,132.65,132.65,132.65,0,0,1
FINNIFTY21NOV2320600PE.NFO,2023-10-30,10:14:00,2023-11-21,132.65,132.65,132.65,132.65,0,0,1
FINNIFTY21NOV2320600PE.NFO,2023-10-30,10:15:00,2023-11-21,132.65,132.65,132.65,132.65,0,0,1
FINNIFTY21NOV2320600PE.NFO,2023-10-30,10:16:00,2023-11-21,132.65,132.65,132.65,132.65,0,0,1
FINNIFTY21NOV2320600PE.NFO,2023-10-30,10:17:00,2023-11-21,132.65,132.65,132.65,132.65,0,0,1
FINNIFTY21NOV2320600PE.NFO,2023-10-30,10:18:00,2023-11-21,132.65,132.65,132.65,132.65,0,0,1
FINNIFTY21NOV2320600PE.NFO,2023-10-30,10:19:00,2023-11-21,132.65,132.65,132.65,132.65,0,0,1
FINNIFTY21NOV2320600PE.NFO,2023-10-30,10:20:00,2023-11-21,132.65,132.65,132.65,132.65,0,0,1
FINNIFTY21NOV2320600PE.NFO,2023-10-30,10:21:00,2023-11-21,132.65,132.65,132.65,132.65,0,0,1
FINNIFTY21NOV2320600PE.NFO,2023-10-30,10:22:00,2023-11-21,132.65,132.65,132.65,132.65,0,0,1
FINNIFTY21NOV2320600PE.NFO,2023-10-30,10:23:00,2023-11-21,132.65,132.65,132.65,132.65,0,0,1
FINNIFTY21NOV2320600PE.NFO,2023-10-30,10:24:00,2023-11-21,132.65,132.65,132.65,132.65,0,0,1
FINNIFTY21NOV2320600PE.NFO,2023-10-30,10:25:00,2023-11-21,132.65,132.65,132.65,132.65,0,0,1
FINNIFTY21NOV2320600PE.NFO,2023-10-30,10:26:00,2023-11-21,132.65,132.65,132.65,132.65,0,0,1
FINNIFTY21NOV2320600PE.NFO,2023-10-30,10:27:00,2023-11-21,132.65,132.65,132.65,132.65,0,0,1
FINNIFTY21NOV2320600PE.NFO,2023-10-30,10:28:00,2023-11-21,132.65,132.65,132.65,132.65,0,0,1
FINNIFTY21NOV2320600PE.NFO,2023-10-30,10:29:00,2023-11-21,132.65,132.65,132.65,132.65,0,0,1
FINNIFTY21NOV2320600PE.NFO,2023-10-30,10:30:00,2023-11-21,132.65,132.65,132.65,132.65,0,0,1
FINNIFTY21NOV2320600PE.NFO,2023-10-30,10:31:00,2023-11-21,132.65,132.65,132.65,132.65,0,0,1
FINNIFTY21NOV2320600PE.NFO,2023-10-30,10:32:00,2023-11-21,132.65,132.65,132.65,132.65,0,0,1
FINNIFTY21NOV2320600PE.NFO,2023-10-30,10:33:00,2023-11-21,132.65,132.65,132.65,132.65,0,0,1
FINNIFTY21NOV2320600PE.NFO,2023-10-30,10:34:00,2023-11-21,132.65,132.65,132.65,132.65,0,0,1
FINNIFTY21NOV2320600PE.NFO,2023-10-30,10:35:00,2023-11-21,132.65,132.65,132.65,132.65,0,0,1
FINNIFTY21NOV2320600PE.NFO,2023-10-30,10:36:00,2023-11-21,132.65,132.65,132.65,132.65,0,0,1
FINNIFTY21NOV2320600PE.NFO,2023-10-30,10:37:00,2023-11-21,132.65,132.65,132.65,132.65,0,0,1
FINNIFTY21NOV2320600PE.NFO,2023-10-30,10:38:00,2023-11-21,132.65,132.65,132.65,132.65,0,0,1
FINNIFTY21NOV2320600PE.NFO,2023-10-30,10:39:00,2023-11-21,132.65,132.65,132.65,132.65,0,0,1
FINNIFTY21NOV2320600PE.NFO,2023-10-30,10:40:00,2023-11-21,132.65,132.65,132.65,132.65,0,0,1
FINNIFTY21NOV2320600PE.NFO,2023-10-30,10:41:00,2023-11-21,132.65,132.65,132.65,132.65,0,0,1
FINNIFTY21NOV2320600PE.NFO,2023-10-30,10:42:00,2023-11-21,132.65,132.65,132.65,132.65,0,0,1
FINNIFTY21NOV2320600PE.NFO,2023-10-30,10:43:00,2023-11-21,132.65,132.65,132.65,132.65,0,0,1
FINNIFTY21NOV2320600PE.NFO,2023-10-30,10:44:00,2023-11-21,132.65,132.65,132.65,132.65,0,0,1
FINNIFTY21NOV2320600PE.NFO,2023-10-30,10:45:00,2023-11-21,132.65,132.65,132.65,132.65,0,0,1
FINNIFTY21NOV2320600PE.NFO,2023-10-30,10:46:00,2023-11-21,132.65,132.65,132.65,132.65,0,0,1
FINNIFTY21NOV2320600PE.NFO,2023-10-30,10:47:00,2023-11-21,132.65,132.65,132.65,132.65,0,0,1
FINNIFTY21NOV2320600PE.NFO,2023-10-30,10:48:00,2023-11-21,132.65,132.65,132.65,132.65,0,0,1
FINNIFTY21NOV2320600PE.NFO,2023-10-30,10:49:00,2023-11-21,132.65,132.65,132.65,132.65,0,0,1
FINNIFTY21NOV2320600PE.NFO,2023-10-30,10:50:00,2023-11-21,132.65,132.65,132.65,132.65,0,0,1
FINNIFTY21NOV2320600PE.NFO,2023-10-30,10:51:00,2023-11-21,132.65,132.65,132.65,132.65,0,0,1
FINNIFTY21NOV2320600PE.NFO,2023-10-30,10:52:00,2023-11-21,132.65,132.65,132.65,132.65,0,0,1
FINNIFTY21NOV2320600PE.NFO,2023-10-30,10:53:00,2023-11-21,132.65,132.65,132.65,132.65,0,0,1
FINNIFTY21NOV2320600PE.NFO,2023-10-30,10:54:00,2023-11-21,132.65,132.65,132.65,132.65,0,0,1
FINNIFTY21NOV2320600PE.NFO,2023-10-30,10:55:00,2023-11-21,132.65,132.65,132.65,132.65,0,0,1
FINNIFTY21NOV2320600PE.NFO,2023-10-30,10:56:00,2023-11-21,132.65,132.65,132.65,132.65,0,0,1
FINNIFTY21NOV2320600PE.NFO,2023-10-30,10:57:00,2023-11-21,132.65,132.65,132.65,132.65,0,0,1
FINNIFTY21NOV2320600PE.NFO,2023-10-30,10:58:00,2023-11-21,132.65,132.65,132.65,132.65,0,0,1
FINNIFTY21NOV2320600PE.NFO,2023-10-30,10:59:00,2023-11-21,132.65,132.65,132.65,132.65,0,0,1
FINNIFTY21NOV2320600PE.NFO,2023-10-30,11:00:00,2023-11-21,132.65,132.65,132.65,132.65,0,0,1
FINNIFTY21NOV2320600PE.NFO,2023-10-30,11:01:00,2023-11-21,132.65,132.65,132.65,132.65,0,0,1
FINNIFTY21NOV2320600PE.NFO,2023-10-30,11:02:00,2023-11-21,132.65,132.65,132.65,132.65,0,0,1
FINNIFTY21NOV2320600PE.NFO,2023-10-30,11:03:00,2023-11-21,132.65,132.65,132.65,132.65,0,0,1
FINNIFTY21NOV2320600PE.NFO,2023-10-30,11:04:00,2023-11-21,132.65,132.65,132.65,132.65,0,0,1
FINNIFTY21NOV2320600PE.NFO,2023-10-30,11:05:00,2023-11-21,132.65,132.65,132.65,132.65,0,0,1
FINNIFTY21NOV2320600PE.NFO,2023-10-30,11:06:00,2023-11-21,132.65,132.65,132.65,132.65,0,0,1
FINNIFTY21NOV2320600PE.NFO,2023-10-30,11:07:00,2023-11-21,132.65,132.65,132.65,132.65,0,0,1
FINNIFTY21NOV2320600PE.NFO,2023-10-30,11:08:00,2023-11-21,132.65,132.65,132.65,132.65,0,0,1
FINNIFTY21NOV2320600PE.NFO,2023-10-30,11:09:00,2023-11-21,132.65,132.65,132.65,132.65,0,0,1
FINNIFTY21NOV2320600PE.NFO,2023-10-30,11:10:00,2023-11-21,132.65,132.65,132.65,132.65,0,0,1
FINNIFTY21NOV2320600PE.NFO,2023-10-30,11:11:00,2023-11-21,132.65,132.65,132.65,132.65,0,0,1
FINNIFTY21NOV2320600PE.NFO,2023-10-30,11:12:00,2023-11-21,132.65,132.65,132.65,132.65,0,0,1
FINNIFTY21NOV2320600PE.NFO,2023-10-30,11:13:00,2023-11-21,132.65,132.65,132.65,132.65,0,0,1
FINNIFTY21NOV2320600PE.NFO,2023-10-30,11:14:00,2023-11-21,132.65,132.65,132.65,132.65,0,0,1
FINNIFTY21NOV2320600PE.NFO,2023-10-30,11:15:00,2023-11-21,132.65,132.65,132.65,132.65,0,0,1
FINNIFTY21NOV2320600PE.NFO,2023-10-30,11:16:00,2023-11-21,132.65,132.65,132.65,132.65,0,0,1
FINNIFTY21NOV2320600PE.NFO,2023-10-30,11:17:00,2023-11-21,132.65,132.65,132.65,132.65,0,0,1
FINNIFTY21NOV2320600PE.NFO,2023-10-30,11:18:00,2023-11-21,132.65,132.65,132.65,132.65,0,0,1
FINNIFTY21NOV2320600PE.NFO,2023-10-30,11:19:00,2023-11-21,132.65,132.65,132.65,132.65,0,0,1
FINNIFTY21NOV2320600PE.NFO,2023-10-30,11:20:00,2023-11-21,132.65,132.65,132.65,132.65,0,0,1
FINNIFTY21NOV2320600PE.NFO,2023-10-30,11:21:00,2023-11-21,132.65,132.65,132.65,132.65,0,0,1
FINNIFTY21NOV2320600PE.NFO,2023-10-30,11:22:00,2023-11-21,132.65,132.65,132.65,132.65,0,0,1
FINNIFTY21NOV2320600PE.NFO,2023-10-30,11:23:00,2023-11-21,132.65,132.65,132.65,132.65,0,0,1
FINNIFTY21NOV2320600PE.NFO,2023-10-30,11:24:00,2023-11-21,132.65,132.65,132.65,132.65,0,0,1
FINNIFTY21NOV2320600PE.NFO,2023-10-30,11:25:00,2023-11-21,132.65,132.65,132.65,132.65,0,0,1
FINNIFTY21NOV2320600PE.NFO,2023-10-30,11:26:00,2023-11-21,132.65,132.65,132.65,132.65,0,0,1
FINNIFTY21NOV2320600PE.NFO,2023-10-30,11:27:00,2023-11-21,132.65,132.65,132.65,132.65,0,0,1
FINNIFTY21NOV2320600PE.NFO,2023-10-30,11:28:00,2023-11-21,132.65,132.65,132.65,132.65,0,0,1
FINNIFTY21NOV2320600PE.NFO,2023-10-30,11:29:00,2023-11-21,132.65,132.65,132.65,132.65,0,0,1
FINNIFTY21NOV2320600PE.NFO,2023-10-30,11:30:00,2023-11-21,132.65,132.65,132.65,132.65,0,0,1
FINNIFTY21NOV2320600PE.NFO,2023-10-30,11:31:00,2023-11-21,132.65,132.65,132.65,132.65,0,0,1
FINNIFTY21NOV2320600PE.NFO,2023-10-30,11:32:00,2023-11-21,132.65,132.65,132.65,132.65,0,0,1
FINNIFTY21NOV2320600PE.NFO,2023-10-30,11:33:00,2023-11-21,132.65,132.65,132.65,132.65,0,0,1
FINNIFTY21NOV2320600PE.NFO,2023-10-30,11:34:00,2023-11-21,132.65,132.65,132.65,132.65,0,0,1
FINNIFTY21NOV2320600PE.NFO,2023-10-30,11:35:00,2023-11-21,132.65,132.65,132.65,132.65,0,0,1
FINNIFTY21NOV2320600PE.NFO,2023-10-30,11:36:00,2023-11-21,132.65,132.65,132.65,132.65,0,0,1
FINNIFTY21NOV2320600PE.NFO,2023-10-30,11:37:00,2023-11-21,132.65,132.65,132.65,132.65,0,0,1
FINNIFTY21NOV2320600PE.NFO,2023-10-30,11:38:00,2023-11-21,132.65,132.65,132.65,132.65,0,0,1
FINNIFTY21NOV2320600PE.NFO,2023-10-30,11:39:00,2023-11-21,132.65,132.65,132.65,132.65,0,0,1
FINNIFTY21NOV2320600PE.NFO,2023-10-30,11:40:00,2023-11-21,132.65,132.65,132.65,132.65,0,0,1
FINNIFTY21NOV2320600PE.NFO,2023-10-30,11:41:00,2023-11-21,132.65,132.65,132.65,132.65,0,0,1
FINNIFTY21NOV2320600PE.NFO,2023-10-30,11:42:00,2023-11-21,132.65,132.65,132.65,132.65,0,0,1
FINNIFTY21NOV2320600PE.NFO,2023-10-30,11:43:00,2023-11-21,132.65,132.65,132.65,132.65,0,0,1
FINNIFTY21NOV2320600PE.NFO,2023-10-30,11:44:00,2023-11-21,132.65,132.65,132.65,132.65,0,0,1
FINNIFTY21NOV2320600PE.NFO,2023-10-30,11:45:00,2023-11-21,132.65,132.65,132.65,132.65,0,0,1
FINNIFTY21NOV2320600PE.NFO,2023-10-30,11:46:00,2023-11-21,132.65,132.65,132.65,132.65,0,0,1
FINNIFTY21NOV2320600PE.NFO,2023-10-30,11:47:00,2023-11-21,132.65,132.65,132.65,132.65,0,0,1
FINNIFTY21NOV2320600PE.NFO,2023-10-30,11:48:00,2023-11-21,132.65,132.65,132.65,132.65,0,0,1
FINNIFTY21NOV2320600PE.NFO,2023-10-30,11:49:00,2023-11-21,132.65,132.65,132.65,132.65,0,0,1
FINNIFTY21NOV2320600PE.NFO,2023-10-30,11:50:00,2023-11-21,132.65,132.65,132.65,132.65,0,0,1
FINNIFTY21NOV2320600PE.NFO,2023-10-30,11:51:00,2023-11-21,132.65,132.65,132.65,132.65,0,0,1
FINNIFTY21NOV2320600PE.NFO,2023-10-30,11:52:00,2023-11-21,132.65,132.65,132.65,132.65,0,0,1
FINNIFTY21NOV2320600PE.NFO,2023-10-30,11:53:00,2023-11-21,132.65,132.65,132.65,132.65,0,0,1
FINNIFTY21NOV2320600PE.NFO,2023-10-30,11:54:00,2023-11-21,132.65,132.65,132.65,132.65,0,0,1
FINNIFTY21NOV2320600PE.NFO,2023-10-30,11:55:00,2023-11-21,132.65,132.65,132.65,132.65,0,0,1
FINNIFTY21NOV2320600PE.NFO,2023-10-30,11:56:00,2023-11-21,132.65,132.65,132.65,132.65,0,0,1
FINNIFTY21NOV2320600PE.NFO,2023-10-30,11:57:00,2023-11-21,132.65,132.65,132.65,132.65,0,0,1
FINNIFTY21NOV2320600PE.NFO,2023-10-30,11:58:00,2023-11-21,132.65,132.65,132.65,132.65,0,0,1
FINNIFTY21NOV2320600PE.NFO,2023-10-30,11:59:00,2023-11-21,132.65,132.65,132.65,132.65,0,0,1
FINNIFTY21NOV2320600PE.NFO,2023-10-30,12:00:00,2023-11-21,132.65,132.65,132.65,132.65,0,0,1
FINNIFTY21NOV2320600PE.NFO,2023-10-30,12:01:00,2023-11-21,132.65,132.65,132.65,132.65,0,0,1
FINNIFTY21NOV2320600PE.NFO,2023-10-30,12:02:00,2023-11-21,132.65,132.65,132.65,132.65,0,0,1
FINNIFTY21NOV2320600PE.NFO,2023-10-30,12:03:00,2023-11-21,132.65,132.65,132.65,132.65,0,0,1
FINNIFTY21NOV2320600PE.NFO,2023-10-30,12:04:00,2023-11-21,132.65,132.65,132.65,132.65,0,0,1
FINNIFTY21NOV2320600PE.NFO,2023-10-30,12:05:00,2023-11-21,132.65,132.65,132.65,132.65,0,0,1
FINNIFTY21NOV2320600PE.NFO,2023-10-30,12:06:00,2023-11-21,132.65,132.65,132.65,132.65,0,0,1
FINNIFTY21NOV2320600PE.NFO,2023-10-30,12:07:00,2023-11-21,132.65,132.65,132.65,132.65,0,0,1
FINNIFTY21NOV2320600PE.NFO,2023-10-30,12:08:00,2023-11-21,132.65,132.65,132.65,132.65,0,0,1
FINNIFTY21NOV2320600PE.NFO,2023-10-30,12:09:00,2023-11-21,132.65,132.65,132.65,132.65,0,0,1
FINNIFTY21NOV2320600PE.NFO,2023-10-30,12:10:00,2023-11-21,132.65,132.65,132.65,132.65,0,0,1
FINNIFTY21NOV2320600PE.NFO,2023-10-30,12:11:00,2023-11-21,132.65,132.65,132.65,132.65,0,0,1
FINNIFTY21NOV2320600PE.NFO,2023-10-30,12:12:00,2023-11-21,132.65,132.65,132.65,132.65,0,0,1
FINNIFTY21NOV2320600PE.NFO,2023-10-30,12:13:00,2023-11-21,132.65,132.65,132.65,132.65,0,0,1
FINNIFTY21NOV2320600PE.NFO,2023-10-30,12:14:00,2023-11-21,132.65,132.65,132.65,132.65,0,0,1
FINNIFTY21NOV2320600PE.NFO,2023-10-30,12:15:00,2023-11-21,132.65,132.65,132.65,132.65,0,0,1
FINNIFTY21NOV2320600PE.NFO,2023-10-30,12:16:00,2023-11-21,132.65,132.65,132.65,132.65,0,0,1
FINNIFTY21NOV2320600PE.NFO,2023-10-30,12:17:00,2023-11-21,132.65,132.65,132.65,132.65,0,0,1
FINNIFTY21NOV2320600PE.NFO,2023-10-30,12:18:00,2023-11-21,132.65,132.65,132.65,132.65,0,0,1
FINNIFTY21NOV2320600PE.NFO,2023-10-30,12:19:00,2023-11-21,132.65,132.65,132.65,132.65,0,0,1
FINNIFTY21NOV2320600PE.NFO,2023-10-30,12:20:00,2023-11-21,132.65,132.65,132.65,132.65,0,0,1
FINNIFTY21NOV2320600PE.NFO,2023-10-30,12:21:00,2023-11-21,132.65,132.65,132.65,132.65,0,0,1
FINNIFTY21NOV2320600PE.NFO,2023-10-30,12:22:00,2023-11-21,132.65,132.65,132.65,132.65,0,0,1
FINNIFTY21NOV2320600PE.NFO,2023-10-30,12:23:00,2023-11-21,132.65,132.65,132.65,132.65,0,0,1
FINNIFTY21NOV2320600PE.NFO,2023-10-30,12:24:00,2023-11-21,132.65,132.65,132.65,132.65,0,0,1
FINNIFTY21NOV2320600PE.NFO,2023-10-30,12:25:00,2023-11-21,132.65,132.65,132.65,132.65,0,0,1
FINNIFTY21NOV2320600PE.NFO,2023-10-30,12:26:00,2023-11-21,132.65,132.65,132.65,132.65,0,0,1
FINNIFTY21NOV2320600PE.NFO,2023-10-30,12:27:00,2023-11-21,132.65,132.65,132.65,132.65,0,0,1
FINNIFTY21NOV2320600PE.NFO,2023-10-30,12:28:00,2023-11-21,132.65,132.65,132.65,132.65,0,0,1
FINNIFTY21NOV2320600PE.NFO,2023-10-30,12:29:00,2023-11-21,132.65,132.65,132.65,132.65,0,0,1
FINNIFTY21NOV2320600PE.NFO,2023-10-30,12:30:00,2023-11-21,132.65,132.65,132.65,132.65,0,0,1
FINNIFTY21NOV2320600PE.NFO,2023-10-30,12:31:00,2023-11-21,132.65,132.65,132.65,132.65,0,0,1
FINNIFTY21NOV2320600PE.NFO,2023-10-30,12:32:00,2023-11-21,132.65,132.65,132.65,132.65,0,0,1
FINNIFTY21NOV2320600PE.NFO,2023-10-30,12:33:00,2023-11-21,132.65,132.65,132.65,132.65,0,0,1
FINNIFTY21NOV2320600PE.NFO,2023-10-30,12:34:00,2023-11-21,132.65,132.65,132.65,132.65,0,0,1
FINNIFTY21NOV2320600PE.NFO,2023-10-30,12:35:00,2023-11-21,132.65,132.65,132.65,132.65,0,0,1
FINNIFTY21NOV2320600PE.NFO,2023-10-30,12:36:00,2023-11-21,132.65,132.65,132.65,132.65,0,0,1
FINNIFTY21NOV2320600PE.NFO,2023-10-30,12:37:00,2023-11-21,132.65,132.65,132.65,132.65,0,0,1
FINNIFTY21NOV2320600PE.NFO,2023-10-30,12:38:00,2023-11-21,132.65,132.65,132.65,132.65,0,0,1
FINNIFTY21NOV2320600PE.NFO,2023-10-30,12:39:00,2023-11-21,132.65,132.65,132.65,132.65,0,0,1
FINNIFTY21NOV2320600PE.NFO,2023-10-30,12:40:00,2023-11-21,132.65,132.65,132.65,132.65,0,0,1
FINNIFTY21NOV2320600PE.NFO,2023-10-30,12:41:00,2023-11-21,132.65,132.65,132.65,132.65,0,0,1
FINNIFTY21NOV2320600PE.NFO,2023-10-30,12:42:00,2023-11-21,132.65,132.65,132.65,132.65,0,0,1
FINNIFTY21NOV2320600PE.NFO,2023-10-30,12:43:00,2023-11-21,132.65,132.65,132.65,132.65,0,0,1
FINNIFTY21NOV2320600PE.NFO,2023-10-30,12:44:00,2023-11-21,132.65,132.65,132.65,132.65,0,0,1
FINNIFTY21NOV2320600PE.NFO,2023-10-30,12:45:00,2023-11-21,132.65,132.65,132.65,132.65,0,0,1
FINNIFTY21NOV2320600PE.NFO,2023-10-30,12:46:00,2023-11-21,132.65,132.65,132.65,132.65,0,0,1
FINNIFTY21NOV2320600PE.NFO,2023-10-30,12:47:00,2023-11-21,132.65,132.65,132.65,132.65,0,0,1
FINNIFTY21NOV2320600PE.NFO,2023-10-30,12:48:00,2023-11-21,132.65,132.65,132.65,132.65,0,0,1
FINNIFTY21NOV2320600PE.NFO,2023-10-30,12:49:00,2023-11-21,132.65,132.65,132.65,132.65,0,0,1
FINNIFTY21NOV2320600PE.NFO,2023-10-30,12:50:00,2023-11-21,132.65,132.65,132.65,132.65,0,0,1
FINNIFTY21NOV2320600PE.NFO,2023-10-30,12:51:00,2023-11-21,132.65,132.65,132.65,132.65,0,0,1
FINNIFTY21NOV2320600PE.NFO,2023-10-30,12:52:00,2023-11-21,132.65,132.65,132.65,132.65,0,0,1
FINNIFTY21NOV2320600PE.NFO,2023-10-30,12:53:00,2023-11-21,132.65,132.65,132.65,132.65,0,0,1
FINNIFTY21NOV2320600PE.NFO,2023-10-30,12:54:00,2023-11-21,132.65,132.65,132.65,132.65,0,0,1
FINNIFTY21NOV2320600PE.NFO,2023-10-30,12:55:00,2023-11-21,132.65,132.65,132.65,132.65,0,0,1
FINNIFTY21NOV2320600PE.NFO,2023-10-30,12:56:00,2023-11-21,132.65,132.65,132.65,132.65,0,0,1
FINNIFTY21NOV2320600PE.NFO,2023-10-30,12:57:00,2023-11-21,132.65,132.65,132.65,132.65,0,0,1
FINNIFTY21NOV2320600PE.NFO,2023-10-30,12:58:00,2023-11-21,132.65,132.65,132.65,132.65,0,0,1
FINNIFTY21NOV2320600PE.NFO,2023-10-30,12:59:00,2023-11-21,132.65,132.65,132.65,132.65,0,0,1
FINNIFTY21NOV2320600PE.NFO,2023-10-30,13:00:00,2023-11-21,132.65,132.65,132.65,132.65,0,0,1
FINNIFTY21NOV2320600PE.NFO,2023-10-30,13:01:00,2023-11-21,132.65,132.65,132.65,132.65,0,0,1
FINNIFTY21NOV2320600PE.NFO,2023-10-30,13:02:00,2023-11-21,132.65,132.65,132.65,132.65,0,0,1
FINNIFTY21NOV2320600PE.NFO,2023-10-30,13:03:00,2023-11-21,132.65,132.65,132.65,132.65,0,0,1
FINNIFTY21NOV2320600PE.NFO,2023-10-30,13:04:00,2023-11-21,132.65,132.65,132.65,132.65,0,0,1
FINNIFTY21NOV2320600PE.NFO,2023-10-30,13:05:00,2023-11-21,132.65,132.65,132.65,132.65,0,0,1
FINNIFTY21NOV2320600PE.NFO,2023-10-30,13:06:00,2023-11-21,132.65,132.65,132.65,132.65,0,0,1
FINNIFTY21NOV2320600PE.NFO,2023-10-30,13:07:00,2023-11-21,132.65,132.65,132.65,132.65,0,0,1
FINNIFTY21NOV2320600PE.NFO,2023-10-30,13:08:00,2023-11-21,132.65,132.65,132.65,132.65,0,0,1
FINNIFTY21NOV2320600PE.NFO,2023-10-30,13:09:00,2023-11-21,132.65,132.65,132.65,132.65,0,0,1
FINNIFTY21NOV2320600PE.NFO,2023-10-30,13:10:00,2023-11-21,132.65,132.65,132.65,132.65,0,0,1
FINNIFTY21NOV2320600PE.NFO,2023-10-30,13:11:00,2023-11-21,132.65,132.65,132.65,132.65,0,0,1
FINNIFTY21NOV2320600PE.NFO,2023-10-30,13:12:00,2023-11-21,132.65,132.65,132.65,132.65,0,0,1
FINNIFTY21NOV2320600PE.NFO,2023-10-30,13:13:00,2023-11-21,132.65,132.65,132.65,132.65,0,0,1
FINNIFTY21NOV2320600PE.NFO,2023-10-30,13:14:00,2023-11-21,132.65,132.65,132.65,132.65,0,0,1
FINNIFTY21NOV2320600PE.NFO,2023-10-30,13:15:00,2023-11-21,132.65,132.65,132.65,132.65,0,0,1
FINNIFTY21NOV2320600PE.NFO,2023-10-30,13:16:00,2023-11-21,132.65,132.65,132.65,132.65,0,0,1
FINNIFTY21NOV2320600PE.NFO,2023-10-30,13:17:00,2023-11-21,132.65,132.65,132.65,132.65,0,0,1
FINNIFTY21NOV2320600PE.NFO,2023-10-30,13:18:00,2023-11-21,132.65,132.65,132.65,132.65,0,0,1
FINNIFTY21NOV2320600PE.NFO,2023-10-30,13:19:00,2023-11-21,132.65,132.65,132.65,132.65,0,0,1
FINNIFTY21NOV2320600PE.NFO,2023-10-30,13:20:00,2023-11-21,132.65,132.65,132.65,132.65,0,0,1
FINNIFTY21NOV2320600PE.NFO,2023-10-30,13:21:00,2023-11-21,132.65,132.65,132.65,132.65,0,0,1
FINNIFTY21NOV2320600PE.NFO,2023-10-30,13:22:00,2023-11-21,132.65,132.65,132.65,132.65,0,0,1
FINNIFTY21NOV2320600PE.NFO,2023-10-30,13:23:00,2023-11-21,132.65,132.65,132.65,132.65,0,0,1
FINNIFTY21NOV2320600PE.NFO,2023-10-30,13:24:00,2023-11-21,132.65,132.65,132.65,132.65,0,0,1
FINNIFTY21NOV2320600PE.NFO,2023-10-30,13:25:00,2023-11-21,132.65,132.65,132.65,132.65,0,0,1
FINNIFTY21NOV2320600PE.NFO,2023-10-30,13:26:00,2023-11-21,132.65,132.65,132.65,132.65,0,0,1
FINNIFTY21NOV2320600PE.NFO,2023-10-30,13:27:00,2023-11-21,132.65,132.65,132.65,132.65,0,0,1
FINNIFTY21NOV2320600PE.NFO,2023-10-30,13:28:00,2023-11-21,132.65,132.65,132.65,132.65,0,0,1
FINNIFTY21NOV2320600PE.NFO,2023-10-30,13:29:00,2023-11-21,132.65,132.65,132.65,132.65,0,0,1
FINNIFTY21NOV2320600PE.NFO,2023-10-30,13:30:00,2023-11-21,132.65,132.65,132.65,132.65,0,0,1
FINNIFTY21NOV2320600PE.NFO,2023-10-30,13:31:00,2023-11-21,132.65,132.65,132.65,132.65,0,0,1
FINNIFTY21NOV2320600PE.NFO,2023-10-30,13:32:00,2023-11-21,132.65,132.65,132.65,132.65,0,0,1
FINNIFTY21NOV2320600PE.NFO,2023-10-30,13:33:00,2023-11-21,132.65,132.65,132.65,132.65,0,0,1
FINNIFTY21NOV2320600PE.NFO,2023-10-30,13:34:00,2023-11-21,132.65,132.65,132.65,132.65,0,0,1
FINNIFTY21NOV2320600PE.NFO,2023-10-30,13:35:00,2023-11-21,132.65,132.65,132.65,132.65,0,0,1
FINNIFTY21NOV2320600PE.NFO,2023-10-30,13:36:00,2023-11-21,132.65,132.65,132.65,132.65,0,0,1
FINNIFTY21NOV2320600PE.NFO,2023-10-30,13:37:00,2023-11-21,132.65,132.65,132.65,132.65,0,0,1
FINNIFTY21NOV2320600PE.NFO,2023-10-30,13:38:00,2023-11-21,132.65,132.65,132.65,132.65,0,0,1
FINNIFTY21NOV2320600PE.NFO,2023-10-30,13:39:00,2023-11-21,132.65,132.65,132.65,132.65,0,0,1
FINNIFTY21NOV2320600PE.NFO,2023-10-30,13:40:00,2023-11-21,132.65,132.65,132.65,132.65,0,0,1
FINNIFTY21NOV2320600PE.NFO,2023-10-30,13:41:00,2023-11-21,132.65,132.65,132.65,132.65,0,0,1
FINNIFTY21NOV2320600PE.NFO,2023-10-30,13:42:00,2023-11-21,132.65,132.65,132.65,132.65,0,0,1
FINNIFTY21NOV2320600PE.NFO,2023-10-30,13:43:00,2023-11-21,132.65,132.65,132.65,132.65,0,0,1
FINNIFTY21NOV2320600PE.NFO,2023-10-30,13:44:00,2023-11-21,132.65,132.65,132.65,132.65,0,0,1
FINNIFTY21NOV2320600PE.NFO,2023-10-30,13:45:00,2023-11-21,132.65,132.65,132.65,132.65,0,0,1
FINNIFTY21NOV2320600PE.NFO,2023-10-30,13:46:00,2023-11-21,132.65,132.65,132.65,132.65,0,0,1
FINNIFTY21NOV2320600PE.NFO,2023-10-30,13:47:00,2023-11-21,132.65,132.65,132.65,132.65,0,0,1
FINNIFTY21NOV2320600PE.NFO,2023-10-30,13:48:00,2023-11-21,132.65,132.65,132.65,132.65,0,0,1
FINNIFTY21NOV2320600PE.NFO,2023-10-30,13:49:00,2023-11-21,132.65,132.65,132.65,132.65,0,0,1
FINNIFTY21NOV2320600PE.NFO,2023-10-30,13:50:00,2023-11-21,132.65,132.65,132.65,132.65,0,0,1
FINNIFTY21NOV2320600PE.NFO,2023-10-30,13:51:00,2023-11-21,132.65,132.65,132.65,132.65,0,0,1
FINNIFTY21NOV2320600PE.NFO,2023-10-30,13:52:00,2023-11-21,132.65,132.65,132.65,132.65,0,0,1
FINNIFTY21NOV2320600PE.NFO,2023-10-30,13:53:00,2023-11-21,132.65,132.65,132.65,132.65,0,0,1
FINNIFTY21NOV2320600PE.NFO,2023-10-30,13:54:00,2023-11-21,132.65,132.65,132.65,132.65,0,0,1
FINNIFTY21NOV2320600PE.NFO,2023-10-30,13:55:00,2023-11-21,132.65,132.65,132.65,132.65,0,0,1
FINNIFTY21NOV2320600PE.NFO,2023-10-30,13:56:00,2023-11-21,132.65,132.65,132.65,132.65,0,0,1
FINNIFTY21NOV2320600PE.NFO,2023-10-30,13:57:00,2023-11-21,132.65,132.65,132.65,132.65,0,0,1
FINNIFTY21NOV2320600PE.NFO,2023-10-30,13:58:00,2023-11-21,132.65,132.65,132.65,132.65,0,0,1
FINNIFTY21NOV2320600PE.NFO,2023-10-30,13:59:00,2023-11-21,132.65,132.65,132.65,132.65,0,0,1
FINNIFTY21NOV2320600PE.NFO,2023-10-30,14:00:00,2023-11-21,132.65,132.65,132.65,132.65,0,0,1
FINNIFTY21NOV2320600PE.NFO,2023-10-30,14:01:00,2023-11-21,132.65,132.65,132.65,132.65,0,0,1
FINNIFTY21NOV2320600PE.NFO,2023-10-30,14:02:00,2023-11-21,132.65,132.65,132.65,132.65,0,0,1
FINNIFTY21NOV2320600PE.NFO,2023-10-30,14:03:00,2023-11-21,132.65,132.65,132.65,132.65,0,0,1
FINNIFTY21NOV2320600PE.NFO,2023-10-30,14:04:00,2023-11-21,132.65,132.65,132.65,132.65,0,0,1
FINNIFTY21NOV2320600PE.NFO,2023-10-30,14:05:00,2023-11-21,132.65,132.65,132.65,132.65,0,0,1
FINNIFTY21NOV2320600PE.NFO,2023-10-30,14:06:00,2023-11-21,132.65,132.65,132.65,132.65,0,0,1
FINNIFTY21NOV2320600PE.NFO,2023-10-30,14:07:00,2023-11-21,132.65,132.65,132.65,132.65,0,0,1
FINNIFTY21NOV2320600PE.NFO,2023-10-30,14:08:00,2023-11-21,132.65,132.65,132.65,132.65,0,0,1
FINNIFTY21NOV2320600PE.NFO,2023-10-30,14:09:00,2023-11-21,132.65,132.65,132.65,132.65,0,0,1
FINNIFTY21NOV2320600PE.NFO,2023-10-30,14:10:00,2023-11-21,132.65,132.65,132.65,132.65,0,0,1
FINNIFTY21NOV2320600PE.NFO,2023-10-30,14:11:00,2023-11-21,132.65,132.65,132.65,132.65,0,0,1
FINNIFTY21NOV2320600PE.NFO,2023-10-30,14:12:00,2023-11-21,132.65,132.65,132.65,132.65,0,0,1
FINNIFTY21NOV2320600PE.NFO,2023-10-30,14:13:00,2023-11-21,132.65,132.65,132.65,132.65,0,0,1
FINNIFTY21NOV2320600PE.NFO,2023-10-30,14:14:00,2023-11-21,132.65,132.65,132.65,132.65,0,0,1
FINNIFTY21NOV2320600PE.NFO,2023-10-30,14:15:00,2023-11-21,132.65,132.65,132.65,132.65,0,0,1
FINNIFTY21NOV2320600PE.NFO,2023-10-30,14:16:00,2023-11-21,132.65,132.65,132.65,132.65,0,0,1
FINNIFTY21NOV2320600PE.NFO,2023-10-30,14:17:00,2023-11-21,132.65,132.65,132.65,132.65,0,0,1
FINNIFTY21NOV2320600PE.NFO,2023-10-30,14:18:00,2023-11-21,132.65,132.65,132.65,132.65,0,0,1
FINNIFTY21NOV2320600PE.NFO,2023-10-30,14:19:00,2023-11-21,132.65,132.65,132.65,132.65,0,0,1
FINNIFTY21NOV2320600PE.NFO,2023-10-30,14:20:00,2023-11-21,132.65,132.65,132.65,132.65,0,0,1
FINNIFTY21NOV2320600PE.NFO,2023-10-30,14:21:00,2023-11-21,132.65,132.65,132.65,132.65,0,0,1
FINNIFTY21NOV2320600PE.NFO,2023-10-30,14:22:00,2023-11-21,132.65,132.65,132.65,132.65,0,0,1
FINNIFTY21NOV2320600PE.NFO,2023-10-30,14:23:00,2023-11-21,132.65,132.65,132.65,132.65,0,0,1
FINNIFTY21NOV2320600PE.NFO,2023-10-30,14:24:00,2023-11-21,132.65,132.65,132.65,132.65,0,0,1
FINNIFTY21NOV2320600PE.NFO,2023-10-30,14:25:00,2023-11-21,132.65,132.65,132.65,132.65,0,0,1
FINNIFTY21NOV2320600PE.NFO,2023-10-30,14:26:00,2023-11-21,132.65,132.65,132.65,132.65,0,0,1
FINNIFTY21NOV2320600PE.NFO,2023-10-30,14:27:00,2023-11-21,132.65,132.65,132.65,132.65,0,0,1
FINNIFTY21NOV2320600PE.NFO,2023-10-30,14:28:00,2023-11-21,132.65,132.65,132.65,132.65,0,0,1
FINNIFTY21NOV2320600PE.NFO,2023-10-30,14:29:00,2023-11-21,132.65,132.65,132.65,132.65,0,0,1
FINNIFTY21NOV2320600PE.NFO,2023-10-30,14:30:00,2023-11-21,132.65,132.65,132.65,132.65,0,0,1
FINNIFTY21NOV2320600PE.NFO,2023-10-30,14:31:00,2023-11-21,132.65,132.65,132.65,132.65,0,0,1
FINNIFTY21NOV2320600PE.NFO,2023-10-30,14:32:00,2023-11-21,132.65,132.65,132.65,132.65,0,0,1
FINNIFTY21NOV2320600PE.NFO,2023-10-30,14:33:00,2023-11-21,132.65,132.65,132.65,132.65,0,0,1
FINNIFTY21NOV2320600PE.NFO,2023-10-30,14:34:00,2023-11-21,132.65,132.65,132.65,132.65,0,0,1
FINNIFTY21NOV2320600PE.NFO,2023-10-30,14:35:00,2023-11-21,132.65,132.65,132.65,132.65,0,0,1
FINNIFTY21NOV2320600PE.NFO,2023-10-30,14:36:00,2023-11-21,132.65,132.65,132.65,132.65,0,0,1
FINNIFTY21NOV2320600PE.NFO,2023-10-30,14:37:00,2023-11-21,132.65,132.65,132.65,132.65,0,0,1
FINNIFTY21NOV2320600PE.NFO,2023-10-30,14:38:00,2023-11-21,132.65,132.65,132.65,132.65,0,0,1
FINNIFTY21NOV2320600PE.NFO,2023-10-30,14:39:00,2023-11-21,132.65,132.65,132.65,132.65,0,0,1
FINNIFTY21NOV2320600PE.NFO,2023-10-30,14:40:00,2023-11-21,132.65,132.65,132.65,132.65,0,0,1
FINNIFTY21NOV2320600PE.NFO,2023-10-30,14:41:00,2023-11-21,132.65,132.65,132.65,132.65,0,0,1
FINNIFTY21NOV2320600PE.NFO,2023-10-30,14:42:00,2023-11-21,132.65,132.65,132.65,132.65,0,0,1
FINNIFTY21NOV2320600PE.NFO,2023-10-30,14:43:00,2023-11-21,132.65,132.65,132.65,132.65,0,0,1
FINNIFTY21NOV2320600PE.NFO,2023-10-30,14:44:00,2023-11-21,132.65,132.65,132.65,132.65,0,0,1
FINNIFTY21NOV2320600PE.NFO,2023-10-30,14:45:00,2023-11-21,132.65,132.65,132.65,132.65,0,0,1
FINNIFTY21NOV2320600PE.NFO,2023-10-30,14:46:00,2023-11-21,132.65,132.65,132.65,132.65,0,0,1
FINNIFTY21NOV2320600PE.NFO,2023-10-30,14:47:00,2023-11-21,132.65,132.65,132.65,132.65,0,0,1
FINNIFTY21NOV2320600PE.NFO,2023-10-30,14:48:00,2023-11-21,132.65,132.65,132.65,132.65,0,0,1
FINNIFTY21NOV2320600PE.NFO,2023-10-30,14:49:00,2023-11-21,132.65,132.65,132.65,132.65,0,0,1
FINNIFTY21NOV2320600PE.NFO,2023-10-30,14:50:00,2023-11-21,132.65,132.65,132.65,132.65,0,0,1
FINNIFTY21NOV2320600PE.NFO,2023-10-30,14:51:00,2023-11-21,132.65,132.65,132.65,132.65,0,0,1
FINNIFTY21NOV2320600PE.NFO,2023-10-30,14:52:00,2023-11-21,132.65,132.65,132.65,132.65,0,0,1
FINNIFTY21NOV2320600PE.NFO,2023-10-30,14:53:00,2023-11-21,132.65,132.65,132.65,132.65,0,0,1
FINNIFTY21NOV2320600PE.NFO,2023-10-30,14:54:00,2023-11-21,132.65,132.65,132.65,132.65,0,0,1
FINNIFTY21NOV2320600PE.NFO,2023-10-30,14:55:00,2023-11-21,132.65,132.65,132.65,132.65,0,0,1
FINNIFTY21NOV2320600PE.NFO,2023-10-30,14:56:00,2023-11-21,132.65,132.65,132.65,132.65,0,0,1
FINNIFTY21NOV2320600PE.NFO,2023-10-30,14:57:00,2023-11-21,132.65,132.65,132.65,132.65,0,0,1
FINNIFTY21NOV2320600PE.NFO,2023-10-30,14:58:00,2023-11-21,132.65,132.65,132.65,132.65,0,0,1
FINNIFTY21NOV2320600PE.NFO,2023-10-30,14:59:00,2023-11-21,132.65,132.65,132.65,132.65,0,0,1
FINNIFTY21NOV2320600PE.NFO,2023-10-30,15:00:00,2023-11-21,132.65,132.65,132.65,132.65,0,0,1
FINNIFTY21NOV2320600PE.NFO,2023-10-30,15:01:00,2023-11-21,132.65,132.65,132.65,132.65,0,0,1
FINNIFTY21NOV2320600PE.NFO,2023-10-30,15:02:00,2023-11-21,132.65,132.65,132.65,132.65,0,0,1
FINNIFTY21NOV2320600PE.NFO,2023-10-30,15:03:00,2023-11-21,132.65,132.65,132.65,132.65,0,0,1
FINNIFTY21NOV2320600PE.NFO,2023-10-30,15:04:00,2023-11-21,132.65,132.65,132.65,132.65,0,0,1
FINNIFTY21NOV2320600PE.NFO,2023-10-30,15:05:00,2023-11-21,132.65,132.65,132.65,132.65,0,0,1
FINNIFTY21NOV2320600PE.NFO,2023-10-30,15:06:00,2023-11-21,132.65,132.65,132.65,132.65,0,0,1
FINNIFTY21NOV2320600PE.NFO,2023-10-30,15:07:00,2023-11-21,132.65,132.65,132.65,132.65,0,0,1
FINNIFTY21NOV2320600PE.NFO,2023-10-30,15:08:00,2023-11-21,132.65,132.65,132.65,132.65,0,0,1
FINNIFTY21NOV2320600PE.NFO,2023-10-30,15:09:00,2023-11-21,132.65,132.65,132.65,132.65,0,0,1
FINNIFTY21NOV2320600PE.NFO,2023-10-30,15:10:00,2023-11-21,132.65,132.65,132.65,132.65,0,0,1
FINNIFTY21NOV2320600PE.NFO,2023-10-30,15:11:00,2023-11-21,132.65,132.65,132.65,132.65,0,0,1
FINNIFTY21NOV2320600PE.NFO,2023-10-30,15:12:00,2023-11-21,132.65,132.65,132.65,132.65,0,0,1
FINNIFTY21NOV2320600PE.NFO,2023-10-30,15:13:00,2023-11-21,132.65,132.65,132.65,132.65,0,0,1
FINNIFTY21NOV2320600PE.NFO,2023-10-30,15:14:00,2023-11-21,132.65,132.65,132.65,132.65,0,0,1
FINNIFTY21NOV2320600PE.NFO,2023-10-30,15:15:00,2023-11-21,132.65,132.65,132.65,132.65,0,0,1
FINNIFTY21NOV2320600PE.NFO,2023-10-30,15:16:00,2023-11-21,132.65,132.65,132.65,132.65,0,0,1
FINNIFTY21NOV2320600PE.NFO,2023-10-30,15:17:00,2023-11-21,132.65,132.65,132.65,132.65,0,0,1
FINNIFTY21NOV2320600PE.NFO,2023-10-30,15:18:00,2023-11-21,132.65,132.65,132.65,132.65,0,0,1
FINNIFTY21NOV2320600PE.NFO,2023-10-30,15:19:00,2023-11-21,132.65,132.65,132.65,132.65,0,0,1
FINNIFTY21NOV2320600PE.NFO,2023-10-30,15:20:00,2023-11-21,132.65,132.65,132.65,132.65,0,0,1
FINNIFTY21NOV2320600PE.NFO,2023-10-30,15:21:00,2023-11-21,132.65,132.65,132.65,132.65,0,0,1
FINNIFTY21NOV2320600PE.NFO,2023-10-30,15:22:00,2023-11-21,132.65,132.65,132.65,132.65,0,0,1
FINNIFTY21NOV2320600PE.NFO,2023-10-30,15:23:00,2023-11-21,132.65,132.65,132.65,132.65,0,0,1
FINNIFTY21NOV2320600PE.NFO,2023-10-30,15:24:00,2023-11-21,132.65,132.65,132.65,132.65,0,0,1
FINNIFTY21NOV2320600PE.NFO,2023-10-30,15:25:00,2023-11-21,132.65,132.65,132.65,132.65,0,0,1
FINNIFTY21NOV2320600PE.NFO,2023-10-30,15:26:00,2023-11-21,132.65,132.65,132.65,132.65,0,0,1
FINNIFTY21NOV2320600PE.NFO,2023-10-30,15:27:00,2023-11-21,132.65,132.65,132.65,132.65,0,0,1
FINNIFTY21NOV2320600PE.NFO,2023-10-30,15:28:00,2023-11-21,132.65,132.65,132.65,132.65,0,0,1
FINNIFTY21NOV2320600PE.NFO,2023-10-30,15:29:00,2023-11-21,132.65,132.65,132.65,132.65,0,0,1
FINNIFTY21NOV2320600PE.NFO,2023-10-30,15:30:00,2023-11-21,132.65,132.65,132.65,132.65,0,0,1
FINNIFTY21NOV2320600PE.NFO,2023-10-31,09:15:00,2023-11-21,132.65,132.65,132.65,132.65,0,0,0
FINNIFTY21NOV2320600PE.NFO,2023-10-31,09:16:00,2023-11-21,132.65,132.65,132.65,132.65,0,0,1
FINNIFTY21NOV2320600PE.NFO,2023-10-31,09:17:00,2023-11-21,132.65,132.65,132.65,132.65,0,0,1
FINNIFTY21NOV2320600PE.NFO,2023-10-31,09:18:00,2023-11-21,132.65,132.65,132.65,132.65,0,0,1
FINNIFTY21NOV2320600PE.NFO,2023-10-31,09:19:00,2023-11-21,132.65,132.65,132.65,132.65,0,0,1
FINNIFTY21NOV2320600PE.NFO,2023-10-31,09:20:00,2023-11-21,132.65,132.65,132.65,132.65,0,0,1
FINNIFTY21NOV2320600PE.NFO,2023-10-31,09:21:00,2023-11-21,132.65,132.65,132.65,132.65,0,0,1
FINNIFTY21NOV2320600PE.NFO,2023-10-31,09:22:00,2023-11-21,132.65,132.65,132.65,132.65,0,0,1
FINNIFTY21NOV2320600PE.NFO,2023-10-31,09:23:00,2023-11-21,132.65,132.65,132.65,132.65,0,0,1
FINNIFTY21NOV2320600PE.NFO,2023-10-31,09:24:00,2023-11-21,132.65,132.65,132.65,132.65,0,0,1
FINNIFTY21NOV2320600PE.NFO,2023-10-31,09:25:00,2023-11-21,132.65,132.65,132.65,132.65,0,0,1
FINNIFTY21NOV2320600PE.NFO,2023-10-31,09:26:00,2023-11-21,132.65,132.65,132.65,132.65,0,0,1
FINNIFTY21NOV2320600PE.NFO,2023-10-31,09:27:00,2023-11-21,132.65,132.65,132.65,132.65,0,0,1
FINNIFTY21NOV2320600PE.NFO,2023-10-31,09:28:00,2023-11-21,132.65,132.65,132.65,132.65,0,0,1
FINNIFTY21NOV2320600PE.NFO,2023-10-31,09:29:00,2023-11-21,132.65,132.65,132.65,132.65,0,0,1
FINNIFTY21NOV2320600PE.NFO,2023-10-31,09:30:00,2023-11-21,132.65,132.65,132.65,132.65,0,0,1
FINNIFTY21NOV2320600PE.NFO,2023-10-31,09:31:00,2023-11-21,132.65,132.65,132.65,132.65,0,0,1
FINNIFTY21NOV2320600PE.NFO,2023-10-31,09:32:00,2023-11-21,132.65,132.65,132.65,132.65,0,0,1
FINNIFTY21NOV2320600PE.NFO,2023-10-31,09:33:00,2023-11-21,132.65,132.65,132.65,132.65,0,0,1
FINNIFTY21NOV2320600PE.NFO,2023-10-31,09:34:00,2023-11-21,132.65,132.65,132.65,132.65,0,0,1
FINNIFTY21NOV2320600PE.NFO,2023-10-31,09:35:00,2023-11-21,132.65,132.65,132.65,132.65,0,0,1
FINNIFTY21NOV2320600PE.NFO,2023-10-31,09:36:00,2023-11-21,132.65,132.65,132.65,132.65,0,0,1
FINNIFTY21NOV2320600PE.NFO,2023-10-31,09:37:00,2023-11-21,132.65,132.65,132.65,132.65,0,0,1
FINNIFTY21NOV2320600PE.NFO,2023-10-31,09:38:00,2023-11-21,132.65,132.65,132.65,132.65,0,0,1
FINNIFTY21NOV2320600PE.NFO,2023-10-31,09:39:00,2023-11-21,132.65,132.65,132.65,132.65,0,0,1
FINNIFTY21NOV2320600PE.NFO,2023-10-31,09:40:00,2023-11-21,132.65,132.65,132.65,132.65,0,0,1
FINNIFTY21NOV2320600PE.NFO,2023-10-31,09:41:00,2023-11-21,132.65,132.65,132.65,132.65,0,0,1
FINNIFTY21NOV2320600PE.NFO,2023-10-31,09:42:00,2023-11-21,132.65,132.65,132.65,132.65,0,0,1
FINNIFTY21NOV2320600PE.NFO,2023-10-31,09:43:00,2023-11-21,132.65,132.65,132.65,132.65,0,0,1
FINNIFTY21NOV2320600PE.NFO,2023-10-31,09:44:00,2023-11-21,132.65,132.65,132.65,132.65,0,0,1
FINNIFTY21NOV2320600PE.NFO,2023-10-31,09:45:00,2023-11-21,132.65,132.65,132.65,132.65,0,0,1
FINNIFTY21NOV2320600PE.NFO,2023-10-31,09:46:00,2023-11-21,132.65,132.65,132.65,132.65,0,0,1
FINNIFTY21NOV2320600PE.NFO,2023-10-31,09:47:00,2023-11-21,132.65,132.65,132.65,132.65,0,0,1
FINNIFTY21NOV2320600PE.NFO,2023-10-31,09:48:00,2023-11-21,132.65,132.65,132.65,132.65,0,0,1
FINNIFTY21NOV2320600PE.NFO,2023-10-31,09:49:00,2023-11-21,132.65,132.65,132.65,132.65,0,0,1
FINNIFTY21NOV2320600PE.NFO,2023-10-31,09:50:00,2023-11-21,132.65,132.65,132.65,132.65,0,0,1
FINNIFTY21NOV2320600PE.NFO,2023-10-31,09:51:00,2023-11-21,132.65,132.65,132.65,132.65,0,0,1
FINNIFTY21NOV2320600PE.NFO,2023-10-31,09:52:00,2023-11-21,132.65,132.65,132.65,132.65,0,0,1
FINNIFTY21NOV2320600PE.NFO,2023-10-31,09:53:00,2023-11-21,132.65,132.65,132.65,132.65,0,0,1
FINNIFTY21NOV2320600PE.NFO,2023-10-31,09:54:00,2023-11-21,132.65,132.65,132.65,132.65,0,0,1
FINNIFTY21NOV2320600PE.NFO,2023-10-31,09:55:00,2023-11-21,132.65,132.65,132.65,132.65,0,0,1
FINNIFTY21NOV2320600PE.NFO,2023-10-31,09:56:00,2023-11-21,132.65,132.65,132.65,132.65,0,0,1
FINNIFTY21NOV2320600PE.NFO,2023-10-31,09:57:00,2023-11-21,132.65,132.65,132.65,132.65,0,0,1
FINNIFTY21NOV2320600PE.NFO,2023-10-31,09:58:00,2023-11-21,132.65,132.65,132.65,132.65,0,0,1
FINNIFTY21NOV2320600PE.NFO,2023-10-31,09:59:00,2023-11-21,132.65,132.65,132.65,132.65,0,0,1
FINNIFTY21NOV2320600PE.NFO,2023-10-31,10:00:00,2023-11-21,132.65,132.65,132.65,132.65,0,0,1
FINNIFTY21NOV2320600PE.NFO,2023-10-31,10:01:00,2023-11-21,132.65,132.65,132.65,132.65,0,0,1
FINNIFTY21NOV2320600PE.NFO,2023-10-31,10:02:00,2023-11-21,132.65,132.65,132.65,132.65,0,0,1
FINNIFTY21NOV2320600PE.NFO,2023-10-31,10:03:00,2023-11-21,132.65,132.65,132.65,132.65,0,0,1
FINNIFTY21NOV2320600PE.NFO,2023-10-31,10:04:00,2023-11-21,132.65,132.65,132.65,132.65,0,0,1
FINNIFTY21NOV2320600PE.NFO,2023-10-31,10:05:00,2023-11-21,132.65,132.65,132.65,132.65,0,0,1
FINNIFTY21NOV2320600PE.NFO,2023-10-31,10:06:00,2023-11-21,132.65,132.65,132.65,132.65,0,0,1
FINNIFTY21NOV2320600PE.NFO,2023-10-31,10:07:00,2023-11-21,132.65,132.65,132.65,132.65,0,0,1
FINNIFTY21NOV2320600PE.NFO,2023-10-31,10:08:00,2023-11-21,132.65,132.65,132.65,132.65,0,0,1
FINNIFTY21NOV2320600PE.NFO,2023-10-31,10:09:00,2023-11-21,132.65,132.65,132.65,132.65,0,0,1
FINNIFTY21NOV2320600PE.NFO,2023-10-31,10:10:00,2023-11-21,132.65,132.65,132.65,132.65,0,0,1
FINNIFTY21NOV2320600PE.NFO,2023-10-31,10:11:00,2023-11-21,132.65,132.65,132.65,132.65,0,0,1
FINNIFTY21NOV2320600PE.NFO,2023-10-31,10:12:00,2023-11-21,132.65,132.65,132.65,132.65,0,0,1
FINNIFTY21NOV2320600PE.NFO,2023-10-31,10:13:00,2023-11-21,132.65,132.65,132.65,132.65,0,0,1
FINNIFTY21NOV2320600PE.NFO,2023-10-31,10:14:00,2023-11-21,132.65,132.65,132.65,132.65,0,0,1
FINNIFTY21NOV2320600PE.NFO,2023-10-31,10:15:00,2023-11-21,132.65,132.65,132.65,132.65,0,0,1
FINNIFTY21NOV2320600PE.NFO,2023-10-31,10:16:00,2023-11-21,132.65,132.65,132.65,132.65,0,0,1
FINNIFTY21NOV2320600PE.NFO,2023-10-31,10:17:00,2023-11-21,132.65,132.65,132.65,132.65,0,0,1
FINNIFTY21NOV2320600PE.NFO,2023-10-31,10:18:00,2023-11-21,132.65,132.65,132.65,132.65,0,0,1
FINNIFTY21NOV2320600PE.NFO,2023-10-31,10:19:00,2023-11-21,132.65,132.65,132.65,132.65,0,0,1
FINNIFTY21NOV2320600PE.NFO,2023-10-31,10:20:00,2023-11-21,132.65,132.65,132.65,132.65,0,0,1
FINNIFTY21NOV2320600PE.NFO,2023-10-31,10:21:00,2023-11-21,132.65,132.65,132.65,132.65,0,0,1
FINNIFTY21NOV2320600PE.NFO,2023-10-31,10:22:00,2023-11-21,132.65,132.65,132.65,132.65,0,0,1
FINNIFTY21NOV2320600PE.NFO,2023-10-31,10:23:00,2023-11-21,132.65,132.65,132.65,132.65,0,0,1
FINNIFTY21NOV2320600PE.NFO,2023-10-31,10:24:00,2023-11-21,132.65,132.65,132.65,132.65,0,0,1
FINNIFTY21NOV2320600PE.NFO,2023-10-31,10:25:00,2023-11-21,132.65,132.65,132.65,132.65,0,0,1
FINNIFTY21NOV2320600PE.NFO,2023-10-31,10:26:00,2023-11-21,132.65,132.65,132.65,132.65,0,0,1
FINNIFTY21NOV2320600PE.NFO,2023-10-31,10:27:00,2023-11-21,132.65,132.65,132.65,132.65,0,0,1
FINNIFTY21NOV2320600PE.NFO,2023-10-31,10:28:00,2023-11-21,132.65,132.65,132.65,132.65,0,0,1
FINNIFTY21NOV2320600PE.NFO,2023-10-31,10:29:00,2023-11-21,132.65,132.65,132.65,132.65,0,0,1
FINNIFTY21NOV2320600PE.NFO,2023-10-31,10:30:00,2023-11-21,132.65,132.65,132.65,132.65,0,0,1
FINNIFTY21NOV2320600PE.NFO,2023-10-31,10:31:00,2023-11-21,132.65,132.65,132.65,132.65,0,0,1
FINNIFTY21NOV2320600PE.NFO,2023-10-31,10:32:00,2023-11-21,132.65,132.65,132.65,132.65,0,0,1
FINNIFTY21NOV2320600PE.NFO,2023-10-31,10:33:00,2023-11-21,132.65,132.65,132.65,132.65,0,0,1
FINNIFTY21NOV2320600PE.NFO,2023-10-31,10:34:00,2023-11-21,132.65,132.65,132.65,132.65,0,0,1
FINNIFTY21NOV2320600PE.NFO,2023-10-31,10:35:00,2023-11-21,132.65,132.65,132.65,132.65,0,0,1
FINNIFTY21NOV2320600PE.NFO,2023-10-31,10:36:00,2023-11-21,132.65,132.65,132.65,132.65,0,0,1
FINNIFTY21NOV2320600PE.NFO,2023-10-31,10:37:00,2023-11-21,132.65,132.65,132.65,132.65,0,0,1
FINNIFTY21NOV2320600PE.NFO,2023-10-31,10:38:00,2023-11-21,132.65,132.65,132.65,132.65,0,0,1
FINNIFTY21NOV2320600PE.NFO,2023-10-31,10:39:00,2023-11-21,132.65,132.65,132.65,132.65,0,0,1
FINNIFTY21NOV2320600PE.NFO,2023-10-31,10:40:00,2023-11-21,132.65,132.65,132.65,132.65,0,0,1
FINNIFTY21NOV2320600PE.NFO,2023-10-31,10:41:00,2023-11-21,132.65,132.65,132.65,132.65,0,0,1
FINNIFTY21NOV2320600PE.NFO,2023-10-31,10:42:00,2023-11-21,132.65,132.65,132.65,132.65,0,0,1
FINNIFTY21NOV2320600PE.NFO,2023-10-31,10:43:00,2023-11-21,132.65,132.65,132.65,132.65,0,0,1
FINNIFTY21NOV2320600PE.NFO,2023-10-31,10:44:00,2023-11-21,132.65,132.65,132.65,132.65,0,0,1
FINNIFTY21NOV2320600PE.NFO,2023-10-31,10:45:00,2023-11-21,132.65,132.65,132.65,132.65,0,0,1
FINNIFTY21NOV2320600PE.NFO,2023-10-31,10:46:00,2023-11-21,132.65,132.65,132.65,132.65,0,0,1
FINNIFTY21NOV2320600PE.NFO,2023-10-31,10:47:00,2023-11-21,132.65,132.65,132.65,132.65,0,0,1
FINNIFTY21NOV2320600PE.NFO,2023-10-31,10:48:00,2023-11-21,132.65,132.65,132.65,132.65,0,0,1
FINNIFTY21NOV2320600PE.NFO,2023-10-31,10:49:00,2023-11-21,132.65,132.65,132.65,132.65,0,0,1
FINNIFTY21NOV2320600PE.NFO,2023-10-31,10:50:00,2023-11-21,132.65,132.65,132.65,132.65,0,0,1
FINNIFTY21NOV2320600PE.NFO,2023-10-31,10:51:00,2023-11-21,132.65,132.65,132.65,132.65,0,0,1
FINNIFTY21NOV2320600PE.NFO,2023-10-31,10:52:00,2023-11-21,132.65,132.65,132.65,132.65,0,0,1
FINNIFTY21NOV2320600PE.NFO,2023-10-31,10:53:00,2023-11-21,132.65,132.65,132.65,132.65,0,0,1
FINNIFTY21NOV2320600PE.NFO,2023-10-31,10:54:00,2023-11-21,132.65,132.65,132.65,132.65,0,0,1
FINNIFTY21NOV2320600PE.NFO,2023-10-31,10:55:00,2023-11-21,132.65,132.65,132.65,132.65,0,0,1
FINNIFTY21NOV2320600PE.NFO,2023-10-31,10:56:00,2023-11-21,132.65,132.65,132.65,132.65,0,0,1
FINNIFTY21NOV2320600PE.NFO,2023-10-31,10:57:00,2023-11-21,132.65,132.65,132.65,132.65,0,0,1
FINNIFTY21NOV2320600PE.NFO,2023-10-31,10:58:00,2023-11-21,132.65,132.65,132.65,132.65,0,0,1
FINNIFTY21NOV2320600PE.NFO,2023-10-31,10:59:00,2023-11-21,132.65,132.65,132.65,132.65,0,0,1
FINNIFTY21NOV2320600PE.NFO,2023-10-31,11:00:00,2023-11-21,132.65,132.65,132.65,132.65,0,0,1
FINNIFTY21NOV2320600PE.NFO,2023-10-31,11:01:00,2023-11-21,132.65,132.65,132.65,132.65,0,0,1
FINNIFTY21NOV2320600PE.NFO,2023-10-31,11:02:00,2023-11-21,132.65,132.65,132.65,132.65,0,0,1
FINNIFTY21NOV2320600PE.NFO,2023-10-31,11:03:00,2023-11-21,132.65,132.65,132.65,132.65,0,0,1
FINNIFTY21NOV2320600PE.NFO,2023-10-31,11:04:00,2023-11-21,132.65,132.65,132.65,132.65,0,0,1
FINNIFTY21NOV2320600PE.NFO,2023-10-31,11:05:00,2023-11-21,132.65,132.65,132.65,132.65,0,0,1
FINNIFTY21NOV2320600PE.NFO,2023-10-31,11:06:00,2023-11-21,132.65,132.65,132.65,132.65,0,0,1
FINNIFTY21NOV2320600PE.NFO,2023-10-31,11:07:00,2023-11-21,132.65,132.65,132.65,132.65,0,0,1
FINNIFTY21NOV2320600PE.NFO,2023-10-31,11:08:00,2023-11-21,132.65,132.65,132.65,132.65,0,0,1
FINNIFTY21NOV2320600PE.NFO,2023-10-31,11:09:00,2023-11-21,132.65,132.65,132.65,132.65,0,0,1
FINNIFTY21NOV2320600PE.NFO,2023-10-31,11:10:00,2023-11-21,132.65,132.65,132.65,132.65,0,0,1
FINNIFTY21NOV2320600PE.NFO,2023-10-31,11:11:00,2023-11-21,132.65,132.65,132.65,132.65,0,0,1
FINNIFTY21NOV2320600PE.NFO,2023-10-31,11:12:00,2023-11-21,132.65,132.65,132.65,132.65,0,0,1
FINNIFTY21NOV2320600PE.NFO,2023-10-31,11:13:00,2023-11-21,132.65,132.65,132.65,132.65,0,0,1
FINNIFTY21NOV2320600PE.NFO,2023-10-31,11:14:00,2023-11-21,132.65,132.65,132.65,132.65,0,0,1
FINNIFTY21NOV2320600PE.NFO,2023-10-31,11:15:00,2023-11-21,132.65,132.65,132.65,132.65,0,0,1
FINNIFTY21NOV2320600PE.NFO,2023-10-31,11:16:00,2023-11-21,132.65,132.65,132.65,132.65,0,0,1
FINNIFTY21NOV2320600PE.NFO,2023-10-31,11:17:00,2023-11-21,132.65,132.65,132.65,132.65,0,0,1
FINNIFTY21NOV2320600PE.NFO,2023-10-31,11:18:00,2023-11-21,132.65,132.65,132.65,132.65,0,0,1
FINNIFTY21NOV2320600PE.NFO,2023-10-31,11:19:00,2023-11-21,132.65,132.65,132.65,132.65,0,0,1
FINNIFTY21NOV2320600PE.NFO,2023-10-31,11:20:00,2023-11-21,132.65,132.65,132.65,132.65,0,0,1
FINNIFTY21NOV2320600PE.NFO,2023-10-31,11:21:00,2023-11-21,132.65,132.65,132.65,132.65,0,0,1
FINNIFTY21NOV2320600PE.NFO,2023-10-31,11:22:00,2023-11-21,132.65,132.65,132.65,132.65,0,0,1
FINNIFTY21NOV2320600PE.NFO,2023-10-31,11:23:00,2023-11-21,132.65,132.65,132.65,132.65,0,0,1
FINNIFTY21NOV2320600PE.NFO,2023-10-31,11:24:00,2023-11-21,132.65,132.65,132.65,132.65,0,0,1
FINNIFTY21NOV2320600PE.NFO,2023-10-31,11:25:00,2023-11-21,132.65,132.65,132.65,132.65,0,0,1
FINNIFTY21NOV2320600PE.NFO,2023-10-31,11:26:00,2023-11-21,132.65,132.65,132.65,132.65,0,0,1
FINNIFTY21NOV2320600PE.NFO,2023-10-31,11:27:00,2023-11-21,132.65,132.65,132.65,132.65,0,0,1
FINNIFTY21NOV2320600PE.NFO,2023-10-31,11:28:00,2023-11-21,132.65,132.65,132.65,132.65,0,0,1
FINNIFTY21NOV2320600PE.NFO,2023-10-31,11:29:00,2023-11-21,132.65,132.65,132.65,132.65,0,0,1
FINNIFTY21NOV2320600PE.NFO,2023-10-31,11:30:00,2023-11-21,132.65,132.65,132.65,132.65,0,0,1
FINNIFTY21NOV2320600PE.NFO,2023-10-31,11:31:00,2023-11-21,132.65,132.65,132.65,132.65,0,0,1
FINNIFTY21NOV2320600PE.NFO,2023-10-31,11:32:00,2023-11-21,132.65,132.65,132.65,132.65,0,0,1
FINNIFTY21NOV2320600PE.NFO,2023-10-31,11:33:00,2023-11-21,132.65,132.65,132.65,132.65,0,0,1
FINNIFTY21NOV2320600PE.NFO,2023-10-31,11:34:00,2023-11-21,132.65,132.65,132.65,132.65,0,0,1
FINNIFTY21NOV2320600PE.NFO,2023-10-31,11:35:00,2023-11-21,132.65,132.65,132.65,132.65,0,0,1
FINNIFTY21NOV2320600PE.NFO,2023-10-31,11:36:00,2023-11-21,132.65,132.65,132.65,132.65,0,0,1
FINNIFTY21NOV2320600PE.NFO,2023-10-31,11:37:00,2023-11-21,132.65,132.65,132.65,132.65,0,0,1
FINNIFTY21NOV2320600PE.NFO,2023-10-31,11:38:00,2023-11-21,132.65,132.65,132.65,132.65,0,0,1
FINNIFTY21NOV2320600PE.NFO,2023-10-31,11:39:00,2023-11-21,132.65,132.65,132.65,132.65,0,0,1
FINNIFTY21NOV2320600PE.NFO,2023-10-31,11:40:00,2023-11-21,132.65,132.65,132.65,132.65,0,0,1
FINNIFTY21NOV2320600PE.NFO,2023-10-31,11:41:00,2023-11-21,132.65,132.65,132.65,132.65,0,0,1
FINNIFTY21NOV2320600PE.NFO,2023-10-31,11:42:00,2023-11-21,132.65,132.65,132.65,132.65,0,0,1
FINNIFTY21NOV2320600PE.NFO,2023-10-31,11:43:00,2023-11-21,132.65,132.65,132.65,132.65,0,0,1
FINNIFTY21NOV2320600PE.NFO,2023-10-31,11:44:00,2023-11-21,132.65,132.65,132.65,132.65,0,0,1
FINNIFTY21NOV2320600PE.NFO,2023-10-31,11:45:00,2023-11-21,132.65,132.65,132.65,132.65,0,0,1
FINNIFTY21NOV2320600PE.NFO,2023-10-31,11:46:00,2023-11-21,132.65,132.65,132.65,132.65,0,0,1
FINNIFTY21NOV2320600PE.NFO,2023-10-31,11:47:00,2023-11-21,132.65,132.65,132.65,132.65,0,0,1
FINNIFTY21NOV2320600PE.NFO,2023-10-31,11:48:00,2023-11-21,132.65,132.65,132.65,132.65,0,0,1
FINNIFTY21NOV2320600PE.NFO,2023-10-31,11:49:00,2023-11-21,132.65,132.65,132.65,132.65,0,0,1
FINNIFTY21NOV2320600PE.NFO,2023-10-31,11:50:00,2023-11-21,132.65,132.65,132.65,132.65,0,0,1
FINNIFTY21NOV2320600PE.NFO,2023-10-31,11:51:00,2023-11-21,132.65,132.65,132.65,132.65,0,0,1
FINNIFTY21NOV2320600PE.NFO,2023-10-31,11:52:00,2023-11-21,132.65,132.65,132.65,132.65,0,0,1
FINNIFTY21NOV2320600PE.NFO,2023-10-31,11:53:00,2023-11-21,132.65,132.65,132.65,132.65,0,0,1
FINNIFTY21NOV2320600PE.NFO,2023-10-31,11:54:00,2023-11-21,132.65,132.65,132.65,132.65,0,0,1
FINNIFTY21NOV2320600PE.NFO,2023-10-31,11:55:00,2023-11-21,132.65,132.65,132.65,132.65,0,0,1
FINNIFTY21NOV2320600PE.NFO,2023-10-31,11:56:00,2023-11-21,132.65,132.65,132.65,132.65,0,0,1
FINNIFTY21NOV2320600PE.NFO,2023-10-31,11:57:00,2023-11-21,132.65,132.65,132.65,132.65,0,0,1
FINNIFTY21NOV2320600PE.NFO,2023-10-31,11:58:00,2023-11-21,132.65,132.65,132.65,132.65,0,0,1
FINNIFTY21NOV2320600PE.NFO,2023-10-31,11:59:00,2023-11-21,132.65,132.65,132.65,132.65,0,0,1
FINNIFTY21NOV2320600PE.NFO,2023-10-31,12:00:00,2023-11-21,132.65,132.65,132.65,132.65,0,0,1
FINNIFTY21NOV2320600PE.NFO,2023-10-31,12:01:00,2023-11-21,132.65,132.65,132.65,132.65,0,0,1
FINNIFTY21NOV2320600PE.NFO,2023-10-31,12:02:00,2023-11-21,132.65,132.65,132.65,132.65,0,0,1
FINNIFTY21NOV2320600PE.NFO,2023-10-31,12:03:00,2023-11-21,132.65,132.65,132.65,132.65,0,0,1
FINNIFTY21NOV2320600PE.NFO,2023-10-31,12:04:00,2023-11-21,132.65,132.65,132.65,132.65,0,0,1
FINNIFTY21NOV2320600PE.NFO,2023-10-31,12:05:00,2023-11-21,132.65,132.65,132.65,132.65,0,0,1
FINNIFTY21NOV2320600PE.NFO,2023-10-31,12:06:00,2023-11-21,132.65,132.65,132.65,132.65,0,0,1
FINNIFTY21NOV2320600PE.NFO,2023-10-31,12:07:00,2023-11-21,132.65,132.65,132.65,132.65,0,0,1
FINNIFTY21NOV2320600PE.NFO,2023-10-31,12:08:00,2023-11-21,132.65,132.65,132.65,132.65,0,0,1
FINNIFTY21NOV2320600PE.NFO,2023-10-31,12:09:00,2023-11-21,132.65,132.65,132.65,132.65,0,0,1
FINNIFTY21NOV2320600PE.NFO,2023-10-31,12:10:00,2023-11-21,132.65,132.65,132.65,132.65,0,0,1
FINNIFTY21NOV2320600PE.NFO,2023-10-31,12:11:00,2023-11-21,132.65,132.65,132.65,132.65,0,0,1
FINNIFTY21NOV2320600PE.NFO,2023-10-31,12:12:00,2023-11-21,132.65,132.65,132.65,132.65,0,0,1
FINNIFTY21NOV2320600PE.NFO,2023-10-31,12:13:00,2023-11-21,132.65,132.65,132.65,132.65,0,0,1
FINNIFTY21NOV2320600PE.NFO,2023-10-31,12:14:00,2023-11-21,132.65,132.65,132.65,132.65,0,0,1
FINNIFTY21NOV2320600PE.NFO,2023-10-31,12:15:00,2023-11-21,132.65,132.65,132.65,132.65,0,0,1
FINNIFTY21NOV2320600PE.NFO,2023-10-31,12:16:00,2023-11-21,132.65,132.65,132.65,132.65,0,0,1
FINNIFTY21NOV2320600PE.NFO,2023-10-31,12:17:00,2023-11-21,132.65,132.65,132.65,132.65,0,0,1
FINNIFTY21NOV2320600PE.NFO,2023-10-31,12:18:00,2023-11-21,132.65,132.65,132.65,132.65,0,0,1
FINNIFTY21NOV2320600PE.NFO,2023-10-31,12:19:00,2023-11-21,132.65,132.65,132.65,132.65,0,0,1
FINNIFTY21NOV2320600PE.NFO,2023-10-31,12:20:00,2023-11-21,132.65,132.65,132.65,132.65,0,0,1
FINNIFTY21NOV2320600PE.NFO,2023-10-31,12:21:00,2023-11-21,132.65,132.65,132.65,132.65,0,0,1
FINNIFTY21NOV2320600PE.NFO,2023-10-31,12:22:00,2023-11-21,132.65,132.65,132.65,132.65,0,0,1
FINNIFTY21NOV2320600PE.NFO,2023-10-31,12:23:00,2023-11-21,132.65,132.65,132.65,132.65,0,0,1
FINNIFTY21NOV2320600PE.NFO,2023-10-31,12:24:00,2023-11-21,132.65,132.65,132.65,132.65,0,0,1
FINNIFTY21NOV2320600PE.NFO,2023-10-31,12:25:00,2023-11-21,132.65,132.65,132.65,132.65,0,0,1
FINNIFTY21NOV2320600PE.NFO,2023-10-31,12:26:00,2023-11-21,132.65,132.65,132.65,132.65,0,0,1
FINNIFTY21NOV2320600PE.NFO,2023-10-31,12:27:00,2023-11-21,132.65,132.65,132.65,132.65,0,0,1
FINNIFTY21NOV2320600PE.NFO,2023-10-31,12:28:00,2023-11-21,132.65,132.65,132.65,132.65,0,0,1
FINNIFTY21NOV2320600PE.NFO,2023-10-31,12:29:00,2023-11-21,132.65,132.65,132.65,132.65,0,0,1
FINNIFTY21NOV2320600PE.NFO,2023-10-31,12:30:00,2023-11-21,132.65,132.65,132.65,132.65,0,0,1
FINNIFTY21NOV2320600PE.NFO,2023-10-31,12:31:00,2023-11-21,132.65,132.65,132.65,132.65,0,0,1
FINNIFTY21NOV2320600PE.NFO,2023-10-31,12:32:00,2023-11-21,132.65,132.65,132.65,132.65,0,0,1
FINNIFTY21NOV2320600PE.NFO,2023-10-31,12:33:00,2023-11-21,132.65,132.65,132.65,132.65,0,0,1
FINNIFTY21NOV2320600PE.NFO,2023-10-31,12:34:00,2023-11-21,132.65,132.65,132.65,132.65,0,0,1
FINNIFTY21NOV2320600PE.NFO,2023-10-31,12:35:00,2023-11-21,132.65,132.65,132.65,132.65,0,0,1
FINNIFTY21NOV2320600PE.NFO,2023-10-31,12:36:00,2023-11-21,132.65,132.65,132.65,132.65,0,0,1
FINNIFTY21NOV2320600PE.NFO,2023-10-31,12:37:00,2023-11-21,132.65,132.65,132.65,132.65,0,0,1
FINNIFTY21NOV2320600PE.NFO,2023-10-31,12:38:00,2023-11-21,132.65,132.65,132.65,132.65,0,0,1
FINNIFTY21NOV2320600PE.NFO,2023-10-31,12:39:00,2023-11-21,132.65,132.65,132.65,132.65,0,0,1
FINNIFTY21NOV2320600PE.NFO,2023-10-31,12:40:00,2023-11-21,132.65,132.65,132.65,132.65,0,0,1
FINNIFTY21NOV2320600PE.NFO,2023-10-31,12:41:00,2023-11-21,132.65,132.65,132.65,132.65,0,0,1
FINNIFTY21NOV2320600PE.NFO,2023-10-31,12:42:00,2023-11-21,132.65,132.65,132.65,132.65,0,0,1
FINNIFTY21NOV2320600PE.NFO,2023-10-31,12:43:00,2023-11-21,132.65,132.65,132.65,132.65,0,0,1
FINNIFTY21NOV2320600PE.NFO,2023-10-31,12:44:00,2023-11-21,132.65,132.65,132.65,132.65,0,0,1
FINNIFTY21NOV2320600PE.NFO,2023-10-31,12:45:00,2023-11-21,132.65,132.65,132.65,132.65,0,0,1
FINNIFTY21NOV2320600PE.NFO,2023-10-31,12:46:00,2023-11-21,132.65,132.65,132.65,132.65,0,0,1
FINNIFTY21NOV2320600PE.NFO,2023-10-31,12:47:00,2023-11-21,132.65,132.65,132.65,132.65,0,0,1
FINNIFTY21NOV2320600PE.NFO,2023-10-31,12:48:00,2023-11-21,132.65,132.65,132.65,132.65,0,0,1
FINNIFTY21NOV2320600PE.NFO,2023-10-31,12:49:00,2023-11-21,132.65,132.65,132.65,132.65,0,0,1
FINNIFTY21NOV2320600PE.NFO,2023-10-31,12:50:00,2023-11-21,132.65,132.65,132.65,132.65,0,0,1
FINNIFTY21NOV2320600PE.NFO,2023-10-31,12:51:00,2023-11-21,132.65,132.65,132.65,132.65,0,0,1
FINNIFTY21NOV2320600PE.NFO,2023-10-31,12:52:00,2023-11-21,132.65,132.65,132.65,132.65,0,0,1
FINNIFTY21NOV2320600PE.NFO,2023-10-31,12:53:00,2023-11-21,132.65,132.65,132.65,132.65,0,0,1
FINNIFTY21NOV2320600PE.NFO,2023-10-31,12:54:00,2023-11-21,132.65,132.65,132.65,132.65,0,0,1
FINNIFTY21NOV2320600PE.NFO,2023-10-31,12:55:00,2023-11-21,132.65,132.65,132.65,132.65,0,0,1
FINNIFTY21NOV2320600PE.NFO,2023-10-31,12:56:00,2023-11-21,132.65,132.65,132.65,132.65,0,0,1
FINNIFTY21NOV2320600PE.NFO,2023-10-31,12:57:00,2023-11-21,132.65,132.65,132.65,132.65,0,0,1
FINNIFTY21NOV2320600PE.NFO,2023-10-31,12:58:00,2023-11-21,132.65,132.65,132.65,132.65,0,0,1
FINNIFTY21NOV2320600PE.NFO,2023-10-31,12:59:00,2023-11-21,132.65,132.65,132.65,132.65,0,0,1
FINNIFTY21NOV2320600PE.NFO,2023-10-31,13:00:00,2023-11-21,132.65,132.65,132.65,132.65,0,0,1
FINNIFTY21NOV2320600PE.NFO,2023-10-31,13:01:00,2023-11-21,132.65,132.65,132.65,132.65,0,0,1
FINNIFTY21NOV2320600PE.NFO,2023-10-31,13:02:00,2023-11-21,132.65,132.65,132.65,132.65,0,0,1
FINNIFTY21NOV2320600PE.NFO,2023-10-31,13:03:00,2023-11-21,132.65,132.65,132.65,132.65,0,0,1
FINNIFTY21NOV2320600PE.NFO,2023-10-31,13:04:00,2023-11-21,132.65,132.65,132.65,132.65,0,0,1
FINNIFTY21NOV2320600PE.NFO,2023-10-31,13:05:00,2023-11-21,132.65,132.65,132.65,132.65,0,0,1
FINNIFTY21NOV2320600PE.NFO,2023-10-31,13:06:00,2023-11-21,132.65,132.65,132.65,132.65,0,0,1
FINNIFTY21NOV2320600PE.NFO,2023-10-31,13:07:00,2023-11-21,132.65,132.65,132.65,132.65,0,0,1
FINNIFTY21NOV2320600PE.NFO,2023-10-31,13:08:00,2023-11-21,132.65,132.65,132.65,132.65,0,0,1
FINNIFTY21NOV2320600PE.NFO,2023-10-31,13:09:00,2023-11-21,132.65,132.65,132.65,132.65,0,0,1
FINNIFTY21NOV2320600PE.NFO,2023-10-31,13:10:00,2023-11-21,132.65,132.65,132.65,132.65,0,0,1
FINNIFTY21NOV2320600PE.NFO,2023-10-31,13:11:00,2023-11-21,132.65,132.65,132.65,132.65,0,0,1
FINNIFTY21NOV2320600PE.NFO,2023-10-31,13:12:00,2023-11-21,132.65,132.65,132.65,132.65,0,0,1
FINNIFTY21NOV2320600PE.NFO,2023-10-31,13:13:00,2023-11-21,132.65,132.65,132.65,132.65,0,0,1
FINNIFTY21NOV2320600PE.NFO,2023-10-31,13:14:00,2023-11-21,132.65,132.65,132.65,132.65,0,0,1
FINNIFTY21NOV2320600PE.NFO,2023-10-31,13:15:00,2023-11-21,132.65,132.65,132.65,132.65,0,0,1
FINNIFTY21NOV2320600PE.NFO,2023-10-31,13:16:00,2023-11-21,132.65,132.65,132.65,132.65,0,0,1
FINNIFTY21NOV2320600PE.NFO,2023-10-31,13:17:00,2023-11-21,132.65,132.65,132.65,132.65,0,0,1
FINNIFTY21NOV2320600PE.NFO,2023-10-31,13:18:00,2023-11-21,132.65,132.65,132.65,132.65,0,0,1
FINNIFTY21NOV2320600PE.NFO,2023-10-31,13:19:00,2023-11-21,132.65,132.65,132.65,132.65,0,0,1
FINNIFTY21NOV2320600PE.NFO,2023-10-31,13:20:00,2023-11-21,132.65,132.65,132.65,132.65,0,0,1
FINNIFTY21NOV2320600PE.NFO,2023-10-31,13:21:00,2023-11-21,132.65,132.65,132.65,132.65,0,0,1
FINNIFTY21NOV2320600PE.NFO,2023-10-31,13:22:00,2023-11-21,132.65,132.65,132.65,132.65,0,0,1
FINNIFTY21NOV2320600PE.NFO,2023-10-31,13:23:00,2023-11-21,132.65,132.65,132.65,132.65,0,0,1
FINNIFTY21NOV2320600PE.NFO,2023-10-31,13:24:00,2023-11-21,132.65,132.65,132.65,132.65,0,0,1
FINNIFTY21NOV2320600PE.NFO,2023-10-31,13:25:00,2023-11-21,132.65,132.65,132.65,132.65,0,0,1
FINNIFTY21NOV2320600PE.NFO,2023-10-31,13:26:00,2023-11-21,132.65,132.65,132.65,132.65,0,0,1
FINNIFTY21NOV2320600PE.NFO,2023-10-31,13:27:00,2023-11-21,132.65,132.65,132.65,132.65,0,0,1
FINNIFTY21NOV2320600PE.NFO,2023-10-31,13:28:00,2023-11-21,132.65,132.65,132.65,132.65,0,0,1
FINNIFTY21NOV2320600PE.NFO,2023-10-31,13:29:00,2023-11-21,132.65,132.65,132.65,132.65,0,0,1
FINNIFTY21NOV2320600PE.NFO,2023-10-31,13:30:00,2023-11-21,132.65,132.65,132.65,132.65,0,0,1
FINNIFTY21NOV2320600PE.NFO,2023-10-31,13:31:00,2023-11-21,132.65,132.65,132.65,132.65,0,0,1
FINNIFTY21NOV2320600PE.NFO,2023-10-31,13:32:00,2023-11-21,132.65,132.65,132.65,132.65,0,0,1
FINNIFTY21NOV2320600PE.NFO,2023-10-31,13:33:00,2023-11-21,132.65,132.65,132.65,132.65,0,0,1
FINNIFTY21NOV2320600PE.NFO,2023-10-31,13:34:00,2023-11-21,132.65,132.65,132.65,132.65,0,0,1
FINNIFTY21NOV2320600PE.NFO,2023-10-31,13:35:00,2023-11-21,132.65,132.65,132.65,132.65,0,0,1
FINNIFTY21NOV2320600PE.NFO,2023-10-31,13:36:00,2023-11-21,132.65,132.65,132.65,132.65,0,0,1
FINNIFTY21NOV2320600PE.NFO,2023-10-31,13:37:00,2023-11-21,132.65,132.65,132.65,132.65,0,0,1
FINNIFTY21NOV2320600PE.NFO,2023-10-31,13:38:00,2023-11-21,132.65,132.65,132.65,132.65,0,0,1
FINNIFTY21NOV2320600PE.NFO,2023-10-31,13:39:00,2023-11-21,132.65,132.65,132.65,132.65,0,0,1
FINNIFTY21NOV2320600PE.NFO,2023-10-31,13:40:00,2023-11-21,132.65,132.65,132.65,132.65,0,0,1
FINNIFTY21NOV2320600PE.NFO,2023-10-31,13:41:00,2023-11-21,132.65,132.65,132.65,132.65,0,0,1
FINNIFTY21NOV2320600PE.NFO,2023-10-31,13:42:00,2023-11-21,132.65,132.65,132.65,132.65,0,0,1
FINNIFTY21NOV2320600PE.NFO,2023-10-31,13:43:00,2023-11-21,132.65,132.65,132.65,132.65,0,0,1
FINNIFTY21NOV2320600PE.NFO,2023-10-31,13:44:00,2023-11-21,132.65,132.65,132.65,132.65,0,0,1
FINNIFTY21NOV2320600PE.NFO,2023-10-31,13:45:00,2023-11-21,132.65,132.65,132.65,132.65,0,0,1
FINNIFTY21NOV2320600PE.NFO,2023-10-31,13:46:00,2023-11-21,132.65,132.65,132.65,132.65,0,0,1
FINNIFTY21NOV2320600PE.NFO,2023-10-31,13:47:00,2023-11-21,132.65,132.65,132.65,132.65,0,0,1
FINNIFTY21NOV2320600PE.NFO,2023-10-31,13:48:00,2023-11-21,132.65,132.65,132.65,132.65,0,0,1
FINNIFTY21NOV2320600PE.NFO,2023-10-31,13:49:00,2023-11-21,132.65,132.65,132.65,132.65,0,0,1
FINNIFTY21NOV2320600PE.NFO,2023-10-31,13:50:00,2023-11-21,132.65,132.65,132.65,132.65,0,0,1
FINNIFTY21NOV2320600PE.NFO,2023-10-31,13:51:00,2023-11-21,132.65,132.65,132.65,132.65,0,0,1
FINNIFTY21NOV2320600PE.NFO,2023-10-31,13:52:00,2023-11-21,132.65,132.65,132.65,132.65,0,0,1
FINNIFTY21NOV2320600PE.NFO,2023-10-31,13:53:00,2023-11-21,132.65,132.65,132.65,132.65,0,0,1
FINNIFTY21NOV2320600PE.NFO,2023-10-31,13:54:00,2023-11-21,132.65,132.65,132.65,132.65,0,0,1
FINNIFTY21NOV2320600PE.NFO,2023-10-31,13:55:00,2023-11-21,132.65,132.65,132.65,132.65,0,0,1
FINNIFTY21NOV2320600PE.NFO,2023-10-31,13:56:00,2023-11-21,132.65,132.65,132.65,132.65,0,0,1
FINNIFTY21NOV2320600PE.NFO,2023-10-31,13:57:00,2023-11-21,132.65,132.65,132.65,132.65,0,0,1
FINNIFTY21NOV2320600PE.NFO,2023-10-31,13:58:00,2023-11-21,132.65,132.65,132.65,132.65,0,0,1
FINNIFTY21NOV2320600PE.NFO,2023-10-31,13:59:00,2023-11-21,132.65,132.65,132.65,132.65,0,0,1
FINNIFTY21NOV2320600PE.NFO,2023-10-31,14:00:00,2023-11-21,132.65,132.65,132.65,132.65,0,0,1
FINNIFTY21NOV2320600PE.NFO,2023-10-31,14:01:00,2023-11-21,132.65,132.65,132.65,132.65,0,0,1
FINNIFTY21NOV2320600PE.NFO,2023-10-31,14:02:00,2023-11-21,132.65,132.65,132.65,132.65,0,0,1
FINNIFTY21NOV2320600PE.NFO,2023-10-31,14:03:00,2023-11-21,132.65,132.65,132.65,132.65,0,0,1
FINNIFTY21NOV2320600PE.NFO,2023-10-31,14:04:00,2023-11-21,132.65,132.65,132.65,132.65,0,0,1
FINNIFTY21NOV2320600PE.NFO,2023-10-31,14:05:00,2023-11-21,132.65,132.65,132.65,132.65,0,0,1
FINNIFTY21NOV2320600PE.NFO,2023-10-31,14:06:00,2023-11-21,132.65,132.65,132.65,132.65,0,0,1
FINNIFTY21NOV2320600PE.NFO,2023-10-31,14:07:00,2023-11-21,132.65,132.65,132.65,132.65,0,0,1
FINNIFTY21NOV2320600PE.NFO,2023-10-31,14:08:00,2023-11-21,132.65,132.65,132.65,132.65,0,0,1
FINNIFTY21NOV2320600PE.NFO,2023-10-31,14:09:00,2023-11-21,132.65,132.65,132.65,132.65,0,0,1
FINNIFTY21NOV2320600PE.NFO,2023-10-31,14:10:00,2023-11-21,132.65,132.65,132.65,132.65,0,0,1
FINNIFTY21NOV2320600PE.NFO,2023-10-31,14:11:00,2023-11-21,132.65,132.65,132.65,132.65,0,0,1
FINNIFTY21NOV2320600PE.NFO,2023-10-31,14:12:00,2023-11-21,132.65,132.65,132.65,132.65,0,0,1
FINNIFTY21NOV2320600PE.NFO,2023-10-31,14:13:00,2023-11-21,132.65,132.65,132.65,132.65,0,0,1
FINNIFTY21NOV2320600PE.NFO,2023-10-31,14:14:00,2023-11-21,132.65,132.65,132.65,132.65,0,0,1
FINNIFTY21NOV2320600PE.NFO,2023-10-31,14:15:00,2023-11-21,132.65,132.65,132.65,132.65,0,0,1
FINNIFTY21NOV2320600PE.NFO,2023-10-31,14:16:00,2023-11-21,132.65,132.65,132.65,132.65,0,0,1
FINNIFTY21NOV2320600PE.NFO,2023-10-31,14:17:00,2023-11-21,132.65,132.65,132.65,132.65,0,0,1
FINNIFTY21NOV2320600PE.NFO,2023-10-31,14:18:00,2023-11-21,132.65,132.65,132.65,132.65,0,0,1
FINNIFTY21NOV2320600PE.NFO,2023-10-31,14:19:00,2023-11-21,132.65,132.65,132.65,132.65,0,0,1
FINNIFTY21NOV2320600PE.NFO,2023-10-31,14:20:00,2023-11-21,132.65,132.65,132.65,132.65,0,0,1
FINNIFTY21NOV2320600PE.NFO,2023-10-31,14:21:00,2023-11-21,132.65,132.65,132.65,132.65,0,0,1
FINNIFTY21NOV2320600PE.NFO,2023-10-31,14:22:00,2023-11-21,132.65,132.65,132.65,132.65,0,0,1
FINNIFTY21NOV2320600PE.NFO,2023-10-31,14:23:00,2023-11-21,132.65,132.65,132.65,132.65,0,0,1
FINNIFTY21NOV2320600PE.NFO,2023-10-31,14:24:00,2023-11-21,132.65,132.65,132.65,132.65,0,0,1
FINNIFTY21NOV2320600PE.NFO,2023-10-31,14:25:00,2023-11-21,132.65,132.65,132.65,132.65,0,0,1
FINNIFTY21NOV2320600PE.NFO,2023-10-31,14:26:00,2023-11-21,132.65,132.65,132.65,132.65,0,0,1
FINNIFTY21NOV2320600PE.NFO,2023-10-31,14:27:00,2023-11-21,132.65,132.65,132.65,132.65,0,0,1
FINNIFTY21NOV2320600PE.NFO,2023-10-31,14:28:00,2023-11-21,132.65,132.65,132.65,132.65,0,0,1
FINNIFTY21NOV2320600PE.NFO,2023-10-31,14:29:00,2023-11-21,132.65,132.65,132.65,132.65,0,0,1
FINNIFTY21NOV2320600PE.NFO,2023-10-31,14:30:00,2023-11-21,132.65,132.65,132.65,132.65,0,0,1
FINNIFTY21NOV2320600PE.NFO,2023-10-31,14:31:00,2023-11-21,132.65,132.65,132.65,132.65,0,0,1
FINNIFTY21NOV2320600PE.NFO,2023-10-31,14:32:00,2023-11-21,132.65,132.65,132.65,132.65,0,0,1
FINNIFTY21NOV2320600PE.NFO,2023-10-31,14:33:00,2023-11-21,132.65,132.65,132.65,132.65,0,0,1
FINNIFTY21NOV2320600PE.NFO,2023-10-31,14:34:00,2023-11-21,132.65,132.65,132.65,132.65,0,0,1
FINNIFTY21NOV2320600PE.NFO,2023-10-31,14:35:00,2023-11-21,132.65,132.65,132.65,132.65,0,0,1
FINNIFTY21NOV2320600PE.NFO,2023-10-31,14:36:00,2023-11-21,132.65,132.65,132.65,132.65,0,0,1
FINNIFTY21NOV2320600PE.NFO,2023-10-31,14:37:00,2023-11-21,132.65,132.65,132.65,132.65,0,0,1
FINNIFTY21NOV2320600PE.NFO,2023-10-31,14:38:00,2023-11-21,132.65,132.65,132.65,132.65,0,0,1
FINNIFTY21NOV2320600PE.NFO,2023-10-31,14:39:00,2023-11-21,132.65,132.65,132.65,132.65,0,0,1
FINNIFTY21NOV2320600PE.NFO,2023-10-31,14:40:00,2023-11-21,132.65,132.65,132.65,132.65,0,0,1
FINNIFTY21NOV2320600PE.NFO,2023-10-31,14:41:00,2023-11-21,132.65,132.65,132.65,132.65,0,0,1
FINNIFTY21NOV2320600PE.NFO,2023-10-31,14:42:00,2023-11-21,132.65,132.65,132.65,132.65,0,0,1
FINNIFTY21NOV2320600PE.NFO,2023-10-31,14:43:00,2023-11-21,132.65,132.65,132.65,132.65,0,0,1
FINNIFTY21NOV2320600PE.NFO,2023-10-31,14:44:00,2023-11-21,132.65,132.65,132.65,132.65,0,0,1
FINNIFTY21NOV2320600PE.NFO,2023-10-31,14:45:00,2023-11-21,132.65,132.65,132.65,132.65,0,0,1
FINNIFTY21NOV2320600PE.NFO,2023-10-31,14:46:00,2023-11-21,132.65,132.65,132.65,132.65,0,0,1
FINNIFTY21NOV2320600PE.NFO,2023-10-31,14:47:00,2023-11-21,132.65,132.65,132.65,132.65,0,0,1
FINNIFTY21NOV2320600PE.NFO,2023-10-31,14:48:00,2023-11-21,132.65,132.65,132.65,132.65,0,0,1
FINNIFTY21NOV2320600PE.NFO,2023-10-31,14:49:00,2023-11-21,132.65,132.65,132.65,132.65,0,0,1
FINNIFTY21NOV2320600PE.NFO,2023-10-31,14:50:00,2023-11-21,132.65,132.65,132.65,132.65,0,0,1
FINNIFTY21NOV2320600PE.NFO,2023-10-31,14:51:00,2023-11-21,132.65,132.65,132.65,132.65,0,0,1
FINNIFTY21NOV2320600PE.NFO,2023-10-31,14:52:00,2023-11-21,132.65,132.65,132.65,132.65,0,0,1
FINNIFTY21NOV2320600PE.NFO,2023-10-31,14:53:00,2023-11-21,132.65,132.65,132.65,132.65,0,0,1
FINNIFTY21NOV2320600PE.NFO,2023-10-31,14:54:00,2023-11-21,132.65,132.65,132.65,132.65,0,0,1
FINNIFTY21NOV2320600PE.NFO,2023-10-31,14:55:00,2023-11-21,132.65,132.65,132.65,132.65,0,0,1
FINNIFTY21NOV2320600PE.NFO,2023-10-31,14:56:00,2023-11-21,132.65,132.65,132.65,132.65,0,0,1
FINNIFTY21NOV2320600PE.NFO,2023-10-31,14:57:00,2023-11-21,132.65,132.65,132.65,132.65,0,0,1
FINNIFTY21NOV2320600PE.NFO,2023-10-31,14:58:00,2023-11-21,132.65,132.65,132.65,132.65,0,0,1
FINNIFTY21NOV2320600PE.NFO,2023-10-31,14:59:00,2023-11-21,132.65,132.65,132.65,132.65,0,0,1
FINNIFTY21NOV2320600PE.NFO,2023-10-31,15:00:00,2023-11-21,132.65,132.65,132.65,132.65,0,0,1
FINNIFTY21NOV2320600PE.NFO,2023-10-31,15:01:00,2023-11-21,132.65,132.65,132.65,132.65,0,0,1
FINNIFTY21NOV2320600PE.NFO,2023-10-31,15:02:00,2023-11-21,132.65,132.65,132.65,132.65,0,0,1
FINNIFTY21NOV2320600PE.NFO,2023-10-31,15:03:00,2023-11-21,132.65,132.65,132.65,132.65,0,0,1
FINNIFTY21NOV2320600PE.NFO,2023-10-31,15:04:00,2023-11-21,132.65,132.65,132.65,132.65,0,0,1
FINNIFTY21NOV2320600PE.NFO,2023-10-31,15:05:00,2023-11-21,132.65,132.65,132.65,132.65,0,0,1
FINNIFTY21NOV2320600PE.NFO,2023-10-31,15:06:00,2023-11-21,132.65,132.65,132.65,132.65,0,0,1
FINNIFTY21NOV2320600PE.NFO,2023-10-31,15:07:00,2023-11-21,132.65,132.65,132.65,132.65,0,0,1
FINNIFTY21NOV2320600PE.NFO,2023-10-31,15:08:00,2023-11-21,132.65,132.65,132.65,132.65,0,0,1
FINNIFTY21NOV2320600PE.NFO,2023-10-31,15:09:00,2023-11-21,132.65,132.65,132.65,132.65,0,0,1
FINNIFTY21NOV2320600PE.NFO,2023-10-31,15:10:00,2023-11-21,132.65,132.65,132.65,132.65,0,0,1
FINNIFTY21NOV2320600PE.NFO,2023-10-31,15:11:00,2023-11-21,132.65,132.65,132.65,132.65,0,0,1
FINNIFTY21NOV2320600PE.NFO,2023-10-31,15:12:00,2023-11-21,132.65,132.65,132.65,132.65,0,0,1
FINNIFTY21NOV2320600PE.NFO,2023-10-31,15:13:00,2023-11-21,132.65,132.65,132.65,132.65,0,0,1
FINNIFTY21NOV2320600PE.NFO,2023-10-31,15:14:00,2023-11-21,132.65,132.65,132.65,132.65,0,0,1
FINNIFTY21NOV2320600PE.NFO,2023-10-31,15:15:00,2023-11-21,132.65,132.65,132.65,132.65,0,0,1
FINNIFTY21NOV2320600PE.NFO,2023-10-31,15:16:00,2023-11-21,132.65,132.65,132.65,132.65,0,0,1
FINNIFTY21NOV2320600PE.NFO,2023-10-31,15:17:00,2023-11-21,132.65,132.65,132.65,132.65,0,0,1
FINNIFTY21NOV2320600PE.NFO,2023-10-31,15:18:00,2023-11-21,132.65,132.65,132.65,132.65,0,0,1
FINNIFTY21NOV2320600PE.NFO,2023-10-31,15:19:00,2023-11-21,132.65,132.65,132.65,132.65,0,0,1
FINNIFTY21NOV2320600PE.NFO,2023-10-31,15:20:00,2023-11-21,132.65,132.65,132.65,132.65,0,0,1
FINNIFTY21NOV2320600PE.NFO,2023-10-31,15:21:00,2023-11-21,132.65,132.65,132.65,132.65,0,0,1
FINNIFTY21NOV2320600PE.NFO,2023-10-31,15:22:00,2023-11-21,132.65,132.65,132.65,132.65,0,0,1
FINNIFTY21NOV2320600PE.NFO,2023-10-31,15:23:00,2023-11-21,132.65,132.65,132.65,132.65,0,0,1
FINNIFTY21NOV2320600PE.NFO,2023-10-31,15:24:00,2023-11-21,132.65,132.65,132.65,132.65,0,0,1
FINNIFTY21NOV2320600PE.NFO,2023-10-31,15:25:00,2023-11-21,132.65,132.65,132.65,132.65,0,0,1
FINNIFTY21NOV2320600PE.NFO,2023-10-31,15:26:00,2023-11-21,132.65,132.65,132.65,132.65,0,0,1
FINNIFTY21NOV2320600PE.NFO,2023-10-31,15:27:00,2023-11-21,132.65,132.65,132.65,132.65,0,0,1
FINNIFTY21NOV2320600PE.NFO,2023-10-31,15:28:00,2023-11-21,132.65,132.65,132.65,132.65,0,0,1
FINNIFTY21NOV2320600PE.NFO,2023-10-31,15:29:00,2023-11-21,132.65,132.65,132.65,132.65,0,0,1
FINNIFTY21NOV2320600PE.NFO,2023-10-31,15:30:00,2023-11-21,132.65,132.65,132.65,132.65,0,0,1
FINNIFTY21NOV2320600PE.NFO,2023-11-01,09:15:00,2023-11-21,132.65,132.65,132.65,132.65,0,0,0
FINNIFTY21NOV2320600PE.NFO,2023-11-01,09:16:00,2023-11-21,132.65,132.65,132.65,132.65,0,0,1
FINNIFTY21NOV2320600PE.NFO,2023-11-01,09:17:00,2023-11-21,132.65,132.65,132.65,132.65,0,0,1
FINNIFTY21NOV2320600PE.NFO,2023-11-01,09:18:00,2023-11-21,132.65,132.65,132.65,132.65,0,0,1
FINNIFTY21NOV2320600PE.NFO,2023-11-01,09:19:00,2023-11-21,132.65,132.65,132.65,132.65,0,0,1
FINNIFTY21NOV2320600PE.NFO,2023-11-01,09:20:00,2023-11-21,132.65,132.65,132.65,132.65,0,0,1
FINNIFTY21NOV2320600PE.NFO,2023-11-01,09:21:00,2023-11-21,132.65,132.65,132.65,132.65,0,0,1
FINNIFTY21NOV2320600PE.NFO,2023-11-01,09:22:00,2023-11-21,132.65,132.65,132.65,132.65,0,0,1
FINNIFTY21NOV2320600PE.NFO,2023-11-01,09:23:00,2023-11-21,132.65,132.65,132.65,132.65,0,0,1
FINNIFTY21NOV2320600PE.NFO,2023-11-01,09:24:00,2023-11-21,132.65,132.65,132.65,132.65,0,0,1
FINNIFTY21NOV2320600PE.NFO,2023-11-01,09:25:00,2023-11-21,132.65,132.65,132.65,132.65,0,0,1
FINNIFTY21NOV2320600PE.NFO,2023-11-01,09:26:00,2023-11-21,132.65,132.65,132.65,132.65,0,0,1
FINNIFTY21NOV2320600PE.NFO,2023-11-01,09:27:00,2023-11-21,132.65,132.65,132.65,132.65,0,0,1
FINNIFTY21NOV2320600PE.NFO,2023-11-01,09:28:00,2023-11-21,132.65,132.65,132.65,132.65,0,0,1
FINNIFTY21NOV2320600PE.NFO,2023-11-01,09:29:00,2023-11-21,132.65,132.65,132.65,132.65,0,0,1
FINNIFTY21NOV2320600PE.NFO,2023-11-01,09:30:00,2023-11-21,132.65,132.65,132.65,132.65,0,0,1
FINNIFTY21NOV2320600PE.NFO,2023-11-01,09:31:00,2023-11-21,132.65,132.65,132.65,132.65,0,0,1
FINNIFTY21NOV2320600PE.NFO,2023-11-01,09:32:00,2023-11-21,132.65,132.65,132.65,132.65,0,0,1
FINNIFTY21NOV2320600PE.NFO,2023-11-01,09:33:00,2023-11-21,132.65,132.65,132.65,132.65,0,0,1
FINNIFTY21NOV2320600PE.NFO,2023-11-01,09:34:00,2023-11-21,132.65,132.65,132.65,132.65,0,0,1
FINNIFTY21NOV2320600PE.NFO,2023-11-01,09:35:00,2023-11-21,132.65,132.65,132.65,132.65,0,0,1
FINNIFTY21NOV2320600PE.NFO,2023-11-01,09:36:00,2023-11-21,132.65,132.65,132.65,132.65,0,0,1
FINNIFTY21NOV2320600PE.NFO,2023-11-01,09:37:00,2023-11-21,132.65,132.65,132.65,132.65,0,0,1
FINNIFTY21NOV2320600PE.NFO,2023-11-01,09:38:00,2023-11-21,132.65,132.65,132.65,132.65,0,0,1
FINNIFTY21NOV2320600PE.NFO,2023-11-01,09:39:00,2023-11-21,132.65,132.65,132.65,132.65,0,0,1
FINNIFTY21NOV2320600PE.NFO,2023-11-01,09:40:00,2023-11-21,132.65,132.65,132.65,132.65,0,0,1
FINNIFTY21NOV2320600PE.NFO,2023-11-01,09:41:00,2023-11-21,132.65,132.65,132.65,132.65,0,0,1
FINNIFTY21NOV2320600PE.NFO,2023-11-01,09:42:00,2023-11-21,132.65,132.65,132.65,132.65,0,0,1
FINNIFTY21NOV2320600PE.NFO,2023-11-01,09:43:00,2023-11-21,132.65,132.65,132.65,132.65,0,0,1
FINNIFTY21NOV2320600PE.NFO,2023-11-01,09:44:00,2023-11-21,132.65,132.65,132.65,132.65,0,0,1
FINNIFTY21NOV2320600PE.NFO,2023-11-01,09:45:00,2023-11-21,132.65,132.65,132.65,132.65,0,0,1
FINNIFTY21NOV2320600PE.NFO,2023-11-01,09:46:00,2023-11-21,132.65,132.65,132.65,132.65,0,0,1
FINNIFTY21NOV2320600PE.NFO,2023-11-01,09:47:00,2023-11-21,132.65,132.65,132.65,132.65,0,0,1
FINNIFTY21NOV2320600PE.NFO,2023-11-01,09:48:00,2023-11-21,132.65,132.65,132.65,132.65,0,0,1
FINNIFTY21NOV2320600PE.NFO,2023-11-01,09:49:00,2023-11-21,132.65,132.65,132.65,132.65,0,0,1
FINNIFTY21NOV2320600PE.NFO,2023-11-01,09:50:00,2023-11-21,132.65,132.65,132.65,132.65,0,0,1
FINNIFTY21NOV2320600PE.NFO,2023-11-01,09:51:00,2023-11-21,132.65,132.65,132.65,132.65,0,0,1
FINNIFTY21NOV2320600PE.NFO,2023-11-01,09:52:00,2023-11-21,132.65,132.65,132.65,132.65,0,0,1
FINNIFTY21NOV2320600PE.NFO,2023-11-01,09:53:00,2023-11-21,132.65,132.65,132.65,132.65,0,0,1
FINNIFTY21NOV2320600PE.NFO,2023-11-01,09:54:00,2023-11-21,132.65,132.65,132.65,132.65,0,0,1
FINNIFTY21NOV2320600PE.NFO,2023-11-01,09:55:00,2023-11-21,132.65,132.65,132.65,132.65,0,0,1
FINNIFTY21NOV2320600PE.NFO,2023-11-01,09:56:00,2023-11-21,132.65,132.65,132.65,132.65,0,0,1
FINNIFTY21NOV2320600PE.NFO,2023-11-01,09:57:00,2023-11-21,132.65,132.65,132.65,132.65,0,0,1
FINNIFTY21NOV2320600PE.NFO,2023-11-01,09:58:00,2023-11-21,132.65,132.65,132.65,132.65,0,0,1
FINNIFTY21NOV2320600PE.NFO,2023-11-01,09:59:00,2023-11-21,132.65,132.65,132.65,132.65,0,0,1
FINNIFTY21NOV2320600PE.NFO,2023-11-01,10:00:00,2023-11-21,132.65,132.65,132.65,132.65,0,0,1
FINNIFTY21NOV2320600PE.NFO,2023-11-01,10:01:00,2023-11-21,132.65,132.65,132.65,132.65,0,0,1
FINNIFTY21NOV2320600PE.NFO,2023-11-01,10:02:00,2023-11-21,132.65,132.65,132.65,132.65,0,0,1
FINNIFTY21NOV2320600PE.NFO,2023-11-01,10:03:00,2023-11-21,132.65,132.65,132.65,132.65,0,0,1
FINNIFTY21NOV2320600PE.NFO,2023-11-01,10:04:00,2023-11-21,132.65,132.65,132.65,132.65,0,0,1
FINNIFTY21NOV2320600PE.NFO,2023-11-01,10:05:00,2023-11-21,132.65,132.65,132.65,132.65,0,0,1
FINNIFTY21NOV2320600PE.NFO,2023-11-01,10:06:00,2023-11-21,132.65,132.65,132.65,132.65,0,0,1
FINNIFTY21NOV2320600PE.NFO,2023-11-01,10:07:00,2023-11-21,132.65,132.65,132.65,132.65,0,0,1
FINNIFTY21NOV2320600PE.NFO,2023-11-01,10:08:00,2023-11-21,132.65,132.65,132.65,132.65,0,0,1
FINNIFTY21NOV2320600PE.NFO,2023-11-01,10:09:00,2023-11-21,132.65,132.65,132.65,132.65,0,0,1
FINNIFTY21NOV2320600PE.NFO,2023-11-01,10:10:00,2023-11-21,132.65,132.65,132.65,132.65,0,0,1
FINNIFTY21NOV2320600PE.NFO,2023-11-01,10:11:00,2023-11-21,132.65,132.65,132.65,132.65,0,0,1
FINNIFTY21NOV2320600PE.NFO,2023-11-01,10:12:00,2023-11-21,132.65,132.65,132.65,132.65,0,0,1
FINNIFTY21NOV2320600PE.NFO,2023-11-01,10:13:00,2023-11-21,132.65,132.65,132.65,132.65,0,0,1
FINNIFTY21NOV2320600PE.NFO,2023-11-01,10:14:00,2023-11-21,132.65,132.65,132.65,132.65,0,0,1
FINNIFTY21NOV2320600PE.NFO,2023-11-01,10:15:00,2023-11-21,132.65,132.65,132.65,132.65,0,0,1
FINNIFTY21NOV2320600PE.NFO,2023-11-01,10:16:00,2023-11-21,132.65,132.65,132.65,132.65,0,0,1
FINNIFTY21NOV2320600PE.NFO,2023-11-01,10:17:00,2023-11-21,132.65,132.65,132.65,132.65,0,0,1
FINNIFTY21NOV2320600PE.NFO,2023-11-01,10:18:00,2023-11-21,132.65,132.65,132.65,132.65,0,0,1
FINNIFTY21NOV2320600PE.NFO,2023-11-01,10:19:00,2023-11-21,132.65,132.65,132.65,132.65,0,0,1
FINNIFTY21NOV2320600PE.NFO,2023-11-01,10:20:00,2023-11-21,132.65,132.65,132.65,132.65,0,0,1
FINNIFTY21NOV2320600PE.NFO,2023-11-01,10:21:00,2023-11-21,132.65,132.65,132.65,132.65,0,0,1
FINNIFTY21NOV2320600PE.NFO,2023-11-01,10:22:00,2023-11-21,132.65,132.65,132.65,132.65,0,0,1
FINNIFTY21NOV2320600PE.NFO,2023-11-01,10:23:00,2023-11-21,132.65,132.65,132.65,132.65,0,0,1
FINNIFTY21NOV2320600PE.NFO,2023-11-01,10:24:00,2023-11-21,132.65,132.65,132.65,132.65,0,0,1
FINNIFTY21NOV2320600PE.NFO,2023-11-01,10:25:00,2023-11-21,132.65,132.65,132.65,132.65,0,0,1
FINNIFTY21NOV2320600PE.NFO,2023-11-01,10:26:00,2023-11-21,132.65,132.65,132.65,132.65,0,0,1
FINNIFTY21NOV2320600PE.NFO,2023-11-01,10:27:00,2023-11-21,132.65,132.65,132.65,132.65,0,0,1
FINNIFTY21NOV2320600PE.NFO,2023-11-01,10:28:00,2023-11-21,132.65,132.65,132.65,132.65,0,0,1
FINNIFTY21NOV2320600PE.NFO,2023-11-01,10:29:00,2023-11-21,132.65,132.65,132.65,132.65,0,0,1
FINNIFTY21NOV2320600PE.NFO,2023-11-01,10:30:00,2023-11-21,132.65,132.65,132.65,132.65,0,0,1
FINNIFTY21NOV2320600PE.NFO,2023-11-01,10:31:00,2023-11-21,132.65,132.65,132.65,132.65,0,0,1
FINNIFTY21NOV2320600PE.NFO,2023-11-01,10:32:00,2023-11-21,132.65,132.65,132.65,132.65,0,0,1
FINNIFTY21NOV2320600PE.NFO,2023-11-01,10:33:00,2023-11-21,132.65,132.65,132.65,132.65,0,0,1
FINNIFTY21NOV2320600PE.NFO,2023-11-01,10:34:00,2023-11-21,132.65,132.65,132.65,132.65,0,0,1
FINNIFTY21NOV2320600PE.NFO,2023-11-01,10:35:00,2023-11-21,132.65,132.65,132.65,132.65,0,0,1
FINNIFTY21NOV2320600PE.NFO,2023-11-01,10:36:00,2023-11-21,132.65,132.65,132.65,132.65,0,0,1
FINNIFTY21NOV2320600PE.NFO,2023-11-01,10:37:00,2023-11-21,132.65,132.65,132.65,132.65,0,0,1
FINNIFTY21NOV2320600PE.NFO,2023-11-01,10:38:00,2023-11-21,132.65,132.65,132.65,132.65,0,0,1
FINNIFTY21NOV2320600PE.NFO,2023-11-01,10:39:00,2023-11-21,132.65,132.65,132.65,132.65,0,0,1
FINNIFTY21NOV2320600PE.NFO,2023-11-01,10:40:00,2023-11-21,132.65,132.65,132.65,132.65,0,0,1
FINNIFTY21NOV2320600PE.NFO,2023-11-01,10:41:00,2023-11-21,132.65,132.65,132.65,132.65,0,0,1
FINNIFTY21NOV2320600PE.NFO,2023-11-01,10:42:00,2023-11-21,132.65,132.65,132.65,132.65,0,0,1
FINNIFTY21NOV2320600PE.NFO,2023-11-01,10:43:00,2023-11-21,132.65,132.65,132.65,132.65,0,0,1
FINNIFTY21NOV2320600PE.NFO,2023-11-01,10:44:00,2023-11-21,132.65,132.65,132.65,132.65,0,0,1
FINNIFTY21NOV2320600PE.NFO,2023-11-01,10:45:00,2023-11-21,132.65,132.65,132.65,132.65,0,0,1
FINNIFTY21NOV2320600PE.NFO,2023-11-01,10:46:00,2023-11-21,132.65,132.65,132.65,132.65,0,0,1
FINNIFTY21NOV2320600PE.NFO,2023-11-01,10:47:00,2023-11-21,132.65,132.65,132.65,132.65,0,0,1
FINNIFTY21NOV2320600PE.NFO,2023-11-01,10:48:00,2023-11-21,132.65,132.65,132.65,132.65,0,0,1
FINNIFTY21NOV2320600PE.NFO,2023-11-01,10:49:00,2023-11-21,132.65,132.65,132.65,132.65,0,0,1
FINNIFTY21NOV2320600PE.NFO,2023-11-01,10:50:00,2023-11-21,132.65,132.65,132.65,132.65,0,0,1
FINNIFTY21NOV2320600PE.NFO,2023-11-01,10:51:00,2023-11-21,132.65,132.65,132.65,132.65,0,0,1
FINNIFTY21NOV2320600PE.NFO,2023-11-01,10:52:00,2023-11-21,132.65,132.65,132.65,132.65,0,0,1
FINNIFTY21NOV2320600PE.NFO,2023-11-01,10:53:00,2023-11-21,132.65,132.65,132.65,132.65,0,0,1
FINNIFTY21NOV2320600PE.NFO,2023-11-01,10:54:00,2023-11-21,132.65,132.65,132.65,132.65,0,0,1
FINNIFTY21NOV2320600PE.NFO,2023-11-01,10:55:00,2023-11-21,132.65,132.65,132.65,132.65,0,0,1
FINNIFTY21NOV2320600PE.NFO,2023-11-01,10:56:00,2023-11-21,132.65,132.65,132.65,132.65,0,0,1
FINNIFTY21NOV2320600PE.NFO,2023-11-01,10:57:00,2023-11-21,132.65,132.65,132.65,132.65,0,0,1
FINNIFTY21NOV2320600PE.NFO,2023-11-01,10:58:00,2023-11-21,132.65,132.65,132.65,132.65,0,0,1
FINNIFTY21NOV2320600PE.NFO,2023-11-01,10:59:00,2023-11-21,132.65,132.65,132.65,132.65,0,0,1
FINNIFTY21NOV2320600PE.NFO,2023-11-01,11:00:00,2023-11-21,132.65,132.65,132.65,132.65,0,0,1
FINNIFTY21NOV2320600PE.NFO,2023-11-01,11:01:00,2023-11-21,132.65,132.65,132.65,132.65,0,0,1
FINNIFTY21NOV2320600PE.NFO,2023-11-01,11:02:00,2023-11-21,132.65,132.65,132.65,132.65,0,0,1
FINNIFTY21NOV2320600PE.NFO,2023-11-01,11:03:00,2023-11-21,132.65,132.65,132.65,132.65,0,0,1
FINNIFTY21NOV2320600PE.NFO,2023-11-01,11:04:00,2023-11-21,132.65,132.65,132.65,132.65,0,0,1
FINNIFTY21NOV2320600PE.NFO,2023-11-01,11:05:00,2023-11-21,132.65,132.65,132.65,132.65,0,0,1
FINNIFTY21NOV2320600PE.NFO,2023-11-01,11:06:00,2023-11-21,132.65,132.65,132.65,132.65,0,0,1
FINNIFTY21NOV2320600PE.NFO,2023-11-01,11:07:00,2023-11-21,132.65,132.65,132.65,132.65,0,0,1
FINNIFTY21NOV2320600PE.NFO,2023-11-01,11:08:00,2023-11-21,132.65,132.65,132.65,132.65,0,0,1
FINNIFTY21NOV2320600PE.NFO,2023-11-01,11:09:00,2023-11-21,132.65,132.65,132.65,132.65,0,0,1
FINNIFTY21NOV2320600PE.NFO,2023-11-01,11:10:00,2023-11-21,132.65,132.65,132.65,132.65,0,0,1
FINNIFTY21NOV2320600PE.NFO,2023-11-01,11:11:00,2023-11-21,132.65,132.65,132.65,132.65,0,0,1
FINNIFTY21NOV2320600PE.NFO,2023-11-01,11:12:00,2023-11-21,132.65,132.65,132.65,132.65,0,0,1
FINNIFTY21NOV2320600PE.NFO,2023-11-01,11:13:00,2023-11-21,132.65,132.65,132.65,132.65,0,0,1
FINNIFTY21NOV2320600PE.NFO,2023-11-01,11:14:00,2023-11-21,132.65,132.65,132.65,132.65,0,0,1
FINNIFTY21NOV2320600PE.NFO,2023-11-01,11:15:00,2023-11-21,132.65,132.65,132.65,132.65,0,0,1
FINNIFTY21NOV2320600PE.NFO,2023-11-01,11:16:00,2023-11-21,132.65,132.65,132.65,132.65,0,0,1
FINNIFTY21NOV2320600PE.NFO,2023-11-01,11:17:00,2023-11-21,132.65,132.65,132.65,132.65,0,0,1
FINNIFTY21NOV2320600PE.NFO,2023-11-01,11:18:00,2023-11-21,132.65,132.65,132.65,132.65,0,0,1
FINNIFTY21NOV2320600PE.NFO,2023-11-01,11:19:00,2023-11-21,132.65,132.65,132.65,132.65,0,0,1
FINNIFTY21NOV2320600PE.NFO,2023-11-01,11:20:00,2023-11-21,132.65,132.65,132.65,132.65,0,0,1
FINNIFTY21NOV2320600PE.NFO,2023-11-01,11:21:00,2023-11-21,132.65,132.65,132.65,132.65,0,0,1
FINNIFTY21NOV2320600PE.NFO,2023-11-01,11:22:00,2023-11-21,132.65,132.65,132.65,132.65,0,0,1
FINNIFTY21NOV2320600PE.NFO,2023-11-01,11:23:00,2023-11-21,132.65,132.65,132.65,132.65,0,0,1
FINNIFTY21NOV2320600PE.NFO,2023-11-01,11:24:00,2023-11-21,132.65,132.65,132.65,132.65,0,0,1
FINNIFTY21NOV2320600PE.NFO,2023-11-01,11:25:00,2023-11-21,132.65,132.65,132.65,132.65,0,0,1
FINNIFTY21NOV2320600PE.NFO,2023-11-01,11:26:00,2023-11-21,132.65,132.65,132.65,132.65,0,0,1
FINNIFTY21NOV2320600PE.NFO,2023-11-01,11:27:00,2023-11-21,132.65,132.65,132.65,132.65,0,0,1
FINNIFTY21NOV2320600PE.NFO,2023-11-01,11:28:00,2023-11-21,132.65,132.65,132.65,132.65,0,0,1
FINNIFTY21NOV2320600PE.NFO,2023-11-01,11:29:00,2023-11-21,132.65,132.65,132.65,132.65,0,0,1
FINNIFTY21NOV2320600PE.NFO,2023-11-01,11:30:00,2023-11-21,132.65,132.65,132.65,132.65,0,0,1
FINNIFTY21NOV2320600PE.NFO,2023-11-01,11:31:00,2023-11-21,132.65,132.65,132.65,132.65,0,0,1
FINNIFTY21NOV2320600PE.NFO,2023-11-01,11:32:00,2023-11-21,132.65,132.65,132.65,132.65,0,0,1
FINNIFTY21NOV2320600PE.NFO,2023-11-01,11:33:00,2023-11-21,132.65,132.65,132.65,132.65,0,0,1
FINNIFTY21NOV2320600PE.NFO,2023-11-01,11:34:00,2023-11-21,132.65,132.65,132.65,132.65,0,0,1
FINNIFTY21NOV2320600PE.NFO,2023-11-01,11:35:00,2023-11-21,132.65,132.65,132.65,132.65,0,0,1
FINNIFTY21NOV2320600PE.NFO,2023-11-01,11:36:00,2023-11-21,132.65,132.65,132.65,132.65,0,0,1
FINNIFTY21NOV2320600PE.NFO,2023-11-01,11:37:00,2023-11-21,132.65,132.65,132.65,132.65,0,0,1
FINNIFTY21NOV2320600PE.NFO,2023-11-01,11:38:00,2023-11-21,132.65,132.65,132.65,132.65,0,0,1
FINNIFTY21NOV2320600PE.NFO,2023-11-01,11:39:00,2023-11-21,132.65,132.65,132.65,132.65,0,0,1
FINNIFTY21NOV2320600PE.NFO,2023-11-01,11:40:00,2023-11-21,132.65,132.65,132.65,132.65,0,0,1
FINNIFTY21NOV2320600PE.NFO,2023-11-01,11:41:00,2023-11-21,132.65,132.65,132.65,132.65,0,0,1
FINNIFTY21NOV2320600PE.NFO,2023-11-01,11:42:00,2023-11-21,132.65,132.65,132.65,132.65,0,0,1
FINNIFTY21NOV2320600PE.NFO,2023-11-01,11:43:00,2023-11-21,132.65,132.65,132.65,132.65,0,0,1
FINNIFTY21NOV2320600PE.NFO,2023-11-01,11:44:00,2023-11-21,132.65,132.65,132.65,132.65,0,0,1
FINNIFTY21NOV2320600PE.NFO,2023-11-01,11:45:00,2023-11-21,132.65,132.65,132.65,132.65,0,0,1
FINNIFTY21NOV2320600PE.NFO,2023-11-01,11:46:00,2023-11-21,132.65,132.65,132.65,132.65,0,0,1
FINNIFTY21NOV2320600PE.NFO,2023-11-01,11:47:00,2023-11-21,132.65,132.65,132.65,132.65,0,0,1
FINNIFTY21NOV2320600PE.NFO,2023-11-01,11:48:00,2023-11-21,132.65,132.65,132.65,132.65,0,0,1
FINNIFTY21NOV2320600PE.NFO,2023-11-01,11:49:00,2023-11-21,132.65,132.65,132.65,132.65,0,0,1
FINNIFTY21NOV2320600PE.NFO,2023-11-01,11:50:00,2023-11-21,132.65,132.65,132.65,132.65,0,0,1
FINNIFTY21NOV2320600PE.NFO,2023-11-01,11:51:00,2023-11-21,132.65,132.65,132.65,132.65,0,0,1
FINNIFTY21NOV2320600PE.NFO,2023-11-01,11:52:00,2023-11-21,132.65,132.65,132.65,132.65,0,0,1
FINNIFTY21NOV2320600PE.NFO,2023-11-01,11:53:00,2023-11-21,132.65,132.65,132.65,132.65,0,0,1
FINNIFTY21NOV2320600PE.NFO,2023-11-01,11:54:00,2023-11-21,132.65,132.65,132.65,132.65,0,0,1
FINNIFTY21NOV2320600PE.NFO,2023-11-01,11:55:00,2023-11-21,132.65,132.65,132.65,132.65,0,0,1
FINNIFTY21NOV2320600PE.NFO,2023-11-01,11:56:00,2023-11-21,132.65,132.65,132.65,132.65,0,0,1
FINNIFTY21NOV2320600PE.NFO,2023-11-01,11:57:00,2023-11-21,132.65,132.65,132.65,132.65,0,0,1
FINNIFTY21NOV2320600PE.NFO,2023-11-01,11:58:00,2023-11-21,132.65,132.65,132.65,132.65,0,0,1
FINNIFTY21NOV2320600PE.NFO,2023-11-01,11:59:00,2023-11-21,132.65,132.65,132.65,132.65,0,0,1
FINNIFTY21NOV2320600PE.NFO,2023-11-01,12:00:00,2023-11-21,132.65,132.65,132.65,132.65,0,0,1
FINNIFTY21NOV2320600PE.NFO,2023-11-01,12:01:00,2023-11-21,132.65,132.65,132.65,132.65,0,0,1
FINNIFTY21NOV2320600PE.NFO,2023-11-01,12:02:00,2023-11-21,132.65,132.65,132.65,132.65,0,0,1
FINNIFTY21NOV2320600PE.NFO,2023-11-01,12:03:00,2023-11-21,132.65,132.65,132.65,132.65,0,0,1
FINNIFTY21NOV2320600PE.NFO,2023-11-01,12:04:00,2023-11-21,132.65,132.65,132.65,132.65,0,0,1
FINNIFTY21NOV2320600PE.NFO,2023-11-01,12:05:00,2023-11-21,132.65,132.65,132.65,132.65,0,0,1
FINNIFTY21NOV2320600PE.NFO,2023-11-01,12:06:00,2023-11-21,132.65,132.65,132.65,132.65,0,0,1
FINNIFTY21NOV2320600PE.NFO,2023-11-01,12:07:00,2023-11-21,132.65,132.65,132.65,132.65,0,0,1
FINNIFTY21NOV2320600PE.NFO,2023-11-01,12:08:00,2023-11-21,132.65,132.65,132.65,132.65,0,0,1
FINNIFTY21NOV2320600PE.NFO,2023-11-01,12:09:00,2023-11-21,132.65,132.65,132.65,132.65,0,0,1
FINNIFTY21NOV2320600PE.NFO,2023-11-01,12:10:00,2023-11-21,132.65,132.65,132.65,132.65,0,0,1
FINNIFTY21NOV2320600PE.NFO,2023-11-01,12:11:00,2023-11-21,132.65,132.65,132.65,132.65,0,0,1
FINNIFTY21NOV2320600PE.NFO,2023-11-01,12:12:00,2023-11-21,132.65,132.65,132.65,132.65,0,0,1
FINNIFTY21NOV2320600PE.NFO,2023-11-01,12:13:00,2023-11-21,132.65,132.65,132.65,132.65,0,0,1
FINNIFTY21NOV2320600PE.NFO,2023-11-01,12:14:00,2023-11-21,132.65,132.65,132.65,132.65,0,0,1
FINNIFTY21NOV2320600PE.NFO,2023-11-01,12:15:00,2023-11-21,132.65,132.65,132.65,132.65,0,0,1
FINNIFTY21NOV2320600PE.NFO,2023-11-01,12:16:00,2023-11-21,132.65,132.65,132.65,132.65,0,0,1
FINNIFTY21NOV2320600PE.NFO,2023-11-01,12:17:00,2023-11-21,132.65,132.65,132.65,132.65,0,0,1
FINNIFTY21NOV2320600PE.NFO,2023-11-01,12:18:00,2023-11-21,132.65,132.65,132.65,132.65,0,0,1
FINNIFTY21NOV2320600PE.NFO,2023-11-01,12:19:00,2023-11-21,132.65,132.65,132.65,132.65,0,0,1
FINNIFTY21NOV2320600PE.NFO,2023-11-01,12:20:00,2023-11-21,132.65,132.65,132.65,132.65,0,0,1
FINNIFTY21NOV2320600PE.NFO,2023-11-01,12:21:00,2023-11-21,132.65,132.65,132.65,132.65,0,0,1
FINNIFTY21NOV2320600PE.NFO,2023-11-01,12:22:00,2023-11-21,132.65,132.65,132.65,132.65,0,0,1
FINNIFTY21NOV2320600PE.NFO,2023-11-01,12:23:00,2023-11-21,132.65,132.65,132.65,132.65,0,0,1
FINNIFTY21NOV2320600PE.NFO,2023-11-01,12:24:00,2023-11-21,132.65,132.65,132.65,132.65,0,0,1
FINNIFTY21NOV2320600PE.NFO,2023-11-01,12:25:00,2023-11-21,132.65,132.65,132.65,132.65,0,0,1
FINNIFTY21NOV2320600PE.NFO,2023-11-01,12:26:00,2023-11-21,132.65,132.65,132.65,132.65,0,0,1
FINNIFTY21NOV2320600PE.NFO,2023-11-01,12:27:00,2023-11-21,132.65,132.65,132.65,132.65,0,0,1
FINNIFTY21NOV2320600PE.NFO,2023-11-01,12:28:00,2023-11-21,132.65,132.65,132.65,132.65,0,0,1
FINNIFTY21NOV2320600PE.NFO,2023-11-01,12:29:00,2023-11-21,132.65,132.65,132.65,132.65,0,0,1
FINNIFTY21NOV2320600PE.NFO,2023-11-01,12:30:00,2023-11-21,132.65,132.65,132.65,132.65,0,0,1
FINNIFTY21NOV2320600PE.NFO,2023-11-01,12:31:00,2023-11-21,132.65,132.65,132.65,132.65,0,0,1
FINNIFTY21NOV2320600PE.NFO,2023-11-01,12:32:00,2023-11-21,132.65,132.65,132.65,132.65,0,0,1
FINNIFTY21NOV2320600PE.NFO,2023-11-01,12:33:00,2023-11-21,132.65,132.65,132.65,132.65,0,0,1
FINNIFTY21NOV2320600PE.NFO,2023-11-01,12:34:00,2023-11-21,132.65,132.65,132.65,132.65,0,0,1
FINNIFTY21NOV2320600PE.NFO,2023-11-01,12:35:00,2023-11-21,132.65,132.65,132.65,132.65,0,0,1
FINNIFTY21NOV2320600PE.NFO,2023-11-01,12:36:00,2023-11-21,132.65,132.65,132.65,132.65,0,0,1
FINNIFTY21NOV2320600PE.NFO,2023-11-01,12:37:00,2023-11-21,132.65,132.65,132.65,132.65,0,0,1
FINNIFTY21NOV2320600PE.NFO,2023-11-01,12:38:00,2023-11-21,132.65,132.65,132.65,132.65,0,0,1
FINNIFTY21NOV2320600PE.NFO,2023-11-01,12:39:00,2023-11-21,132.65,132.65,132.65,132.65,0,0,1
FINNIFTY21NOV2320600PE.NFO,2023-11-01,12:40:00,2023-11-21,132.65,132.65,132.65,132.65,0,0,1
FINNIFTY21NOV2320600PE.NFO,2023-11-01,12:41:00,2023-11-21,132.65,132.65,132.65,132.65,0,0,1
FINNIFTY21NOV2320600PE.NFO,2023-11-01,12:42:00,2023-11-21,132.65,132.65,132.65,132.65,0,0,1
FINNIFTY21NOV2320600PE.NFO,2023-11-01,12:43:00,2023-11-21,132.65,132.65,132.65,132.65,0,0,1
FINNIFTY21NOV2320600PE.NFO,2023-11-01,12:44:00,2023-11-21,132.65,132.65,132.65,132.65,0,0,1
FINNIFTY21NOV2320600PE.NFO,2023-11-01,12:45:00,2023-11-21,132.65,132.65,132.65,132.65,0,0,1
FINNIFTY21NOV2320600PE.NFO,2023-11-01,12:46:00,2023-11-21,132.65,132.65,132.65,132.65,0,0,1
FINNIFTY21NOV2320600PE.NFO,2023-11-01,12:47:00,2023-11-21,132.65,132.65,132.65,132.65,0,0,1
FINNIFTY21NOV2320600PE.NFO,2023-11-01,12:48:00,2023-11-21,132.65,132.65,132.65,132.65,0,0,1
FINNIFTY21NOV2320600PE.NFO,2023-11-01,12:49:00,2023-11-21,132.65,132.65,132.65,132.65,0,0,1
FINNIFTY21NOV2320600PE.NFO,2023-11-01,12:50:00,2023-11-21,132.65,132.65,132.65,132.65,0,0,1
FINNIFTY21NOV2320600PE.NFO,2023-11-01,12:51:00,2023-11-21,132.65,132.65,132.65,132.65,0,0,1
FINNIFTY21NOV2320600PE.NFO,2023-11-01,12:52:00,2023-11-21,132.65,132.65,132.65,132.65,0,0,1
FINNIFTY21NOV2320600PE.NFO,2023-11-01,12:53:00,2023-11-21,132.65,132.65,132.65,132.65,0,0,1
FINNIFTY21NOV2320600PE.NFO,2023-11-01,12:54:00,2023-11-21,132.65,132.65,132.65,132.65,0,0,1
FINNIFTY21NOV2320600PE.NFO,2023-11-01,12:55:00,2023-11-21,132.65,132.65,132.65,132.65,0,0,1
FINNIFTY21NOV2320600PE.NFO,2023-11-01,12:56:00,2023-11-21,132.65,132.65,132.65,132.65,0,0,1
FINNIFTY21NOV2320600PE.NFO,2023-11-01,12:57:00,2023-11-21,132.65,132.65,132.65,132.65,0,0,1
FINNIFTY21NOV2320600PE.NFO,2023-11-01,12:58:00,2023-11-21,132.65,132.65,132.65,132.65,0,0,1
FINNIFTY21NOV2320600PE.NFO,2023-11-01,12:59:00,2023-11-21,132.65,132.65,132.65,132.65,0,0,1
FINNIFTY21NOV2320600PE.NFO,2023-11-01,13:00:00,2023-11-21,132.65,132.65,132.65,132.65,0,0,1
FINNIFTY21NOV2320600PE.NFO,2023-11-01,13:01:00,2023-11-21,132.65,132.65,132.65,132.65,0,0,1
FINNIFTY21NOV2320600PE.NFO,2023-11-01,13:02:00,2023-11-21,132.65,132.65,132.65,132.65,0,0,1
FINNIFTY21NOV2320600PE.NFO,2023-11-01,13:03:00,2023-11-21,132.65,132.65,132.65,132.65,0,0,1
FINNIFTY21NOV2320600PE.NFO,2023-11-01,13:04:00,2023-11-21,132.65,132.65,132.65,132.65,0,0,1
FINNIFTY21NOV2320600PE.NFO,2023-11-01,13:05:00,2023-11-21,132.65,132.65,132.65,132.65,0,0,1
FINNIFTY21NOV2320600PE.NFO,2023-11-01,13:06:00,2023-11-21,132.65,132.65,132.65,132.65,0,0,1
FINNIFTY21NOV2320600PE.NFO,2023-11-01,13:07:00,2023-11-21,132.65,132.65,132.65,132.65,0,0,1
FINNIFTY21NOV2320600PE.NFO,2023-11-01,13:08:00,2023-11-21,132.65,132.65,132.65,132.65,0,0,1
FINNIFTY21NOV2320600PE.NFO,2023-11-01,13:09:00,2023-11-21,132.65,132.65,132.65,132.65,0,0,1
FINNIFTY21NOV2320600PE.NFO,2023-11-01,13:10:00,2023-11-21,132.65,132.65,132.65,132.65,0,0,1
FINNIFTY21NOV2320600PE.NFO,2023-11-01,13:11:00,2023-11-21,132.65,132.65,132.65,132.65,0,0,1
FINNIFTY21NOV2320600PE.NFO,2023-11-01,13:12:00,2023-11-21,132.65,132.65,132.65,132.65,0,0,1
FINNIFTY21NOV2320600PE.NFO,2023-11-01,13:13:00,2023-11-21,132.65,132.65,132.65,132.65,0,0,1
FINNIFTY21NOV2320600PE.NFO,2023-11-01,13:14:00,2023-11-21,132.65,132.65,132.65,132.65,0,0,1
FINNIFTY21NOV2320600PE.NFO,2023-11-01,13:15:00,2023-11-21,132.65,132.65,132.65,132.65,0,0,1
FINNIFTY21NOV2320600PE.NFO,2023-11-01,13:16:00,2023-11-21,132.65,132.65,132.65,132.65,0,0,1
FINNIFTY21NOV2320600PE.NFO,2023-11-01,13:17:00,2023-11-21,132.65,132.65,132.65,132.65,0,0,1
FINNIFTY21NOV2320600PE.NFO,2023-11-01,13:18:00,2023-11-21,132.65,132.65,132.65,132.65,0,0,1
FINNIFTY21NOV2320600PE.NFO,2023-11-01,13:19:00,2023-11-21,132.65,132.65,132.65,132.65,0,0,1
FINNIFTY21NOV2320600PE.NFO,2023-11-01,13:20:00,2023-11-21,132.65,132.65,132.65,132.65,0,0,1
FINNIFTY21NOV2320600PE.NFO,2023-11-01,13:21:00,2023-11-21,132.65,132.65,132.65,132.65,0,0,1
FINNIFTY21NOV2320600PE.NFO,2023-11-01,13:22:00,2023-11-21,132.65,132.65,132.65,132.65,0,0,1
FINNIFTY21NOV2320600PE.NFO,2023-11-01,13:23:00,2023-11-21,132.65,132.65,132.65,132.65,0,0,1
FINNIFTY21NOV2320600PE.NFO,2023-11-01,13:24:00,2023-11-21,132.65,132.65,132.65,132.65,0,0,1
FINNIFTY21NOV2320600PE.NFO,2023-11-01,13:25:00,2023-11-21,132.65,132.65,132.65,132.65,0,0,1
FINNIFTY21NOV2320600PE.NFO,2023-11-01,13:26:00,2023-11-21,132.65,132.65,132.65,132.65,0,0,1
FINNIFTY21NOV2320600PE.NFO,2023-11-01,13:27:00,2023-11-21,132.65,132.65,132.65,132.65,0,0,1
FINNIFTY21NOV2320600PE.NFO,2023-11-01,13:28:00,2023-11-21,132.65,132.65,132.65,132.65,0,0,1
FINNIFTY21NOV2320600PE.NFO,2023-11-01,13:29:00,2023-11-21,132.65,132.65,132.65,132.65,0,0,1
FINNIFTY21NOV2320600PE.NFO,2023-11-01,13:30:00,2023-11-21,132.65,132.65,132.65,132.65,0,0,1
FINNIFTY21NOV2320600PE.NFO,2023-11-01,13:31:00,2023-11-21,132.65,132.65,132.65,132.65,0,0,1
FINNIFTY21NOV2320600PE.NFO,2023-11-01,13:32:00,2023-11-21,132.65,132.65,132.65,132.65,0,0,1
FINNIFTY21NOV2320600PE.NFO,2023-11-01,13:33:00,2023-11-21,132.65,132.65,132.65,132.65,0,0,1
FINNIFTY21NOV2320600PE.NFO,2023-11-01,13:34:00,2023-11-21,132.65,132.65,132.65,132.65,0,0,1
FINNIFTY21NOV2320600PE.NFO,2023-11-01,13:35:00,2023-11-21,132.65,132.65,132.65,132.65,0,0,1
FINNIFTY21NOV2320600PE.NFO,2023-11-01,13:36:00,2023-11-21,132.65,132.65,132.65,132.65,0,0,1
FINNIFTY21NOV2320600PE.NFO,2023-11-01,13:37:00,2023-11-21,132.65,132.65,132.65,132.65,0,0,1
FINNIFTY21NOV2320600PE.NFO,2023-11-01,13:38:00,2023-11-21,132.65,132.65,132.65,132.65,0,0,1
FINNIFTY21NOV2320600PE.NFO,2023-11-01,13:39:00,2023-11-21,132.65,132.65,132.65,132.65,0,0,1
FINNIFTY21NOV2320600PE.NFO,2023-11-01,13:40:00,2023-11-21,132.65,132.65,132.65,132.65,0,0,1
FINNIFTY21NOV2320600PE.NFO,2023-11-01,13:41:00,2023-11-21,132.65,132.65,132.65,132.65,0,0,1
FINNIFTY21NOV2320600PE.NFO,2023-11-01,13:42:00,2023-11-21,132.65,132.65,132.65,132.65,0,0,1
FINNIFTY21NOV2320600PE.NFO,2023-11-01,13:43:00,2023-11-21,132.65,132.65,132.65,132.65,0,0,1
FINNIFTY21NOV2320600PE.NFO,2023-11-01,13:44:00,2023-11-21,132.65,132.65,132.65,132.65,0,0,1
FINNIFTY21NOV2320600PE.NFO,2023-11-01,13:45:00,2023-11-21,132.65,132.65,132.65,132.65,0,0,1
FINNIFTY21NOV2320600PE.NFO,2023-11-01,13:46:00,2023-11-21,132.65,132.65,132.65,132.65,0,0,1
FINNIFTY21NOV2320600PE.NFO,2023-11-01,13:47:00,2023-11-21,132.65,132.65,132.65,132.65,0,0,1
FINNIFTY21NOV2320600PE.NFO,2023-11-01,13:48:00,2023-11-21,132.65,132.65,132.65,132.65,0,0,1
FINNIFTY21NOV2320600PE.NFO,2023-11-01,13:49:00,2023-11-21,132.65,132.65,132.65,132.65,0,0,1
FINNIFTY21NOV2320600PE.NFO,2023-11-01,13:50:00,2023-11-21,132.65,132.65,132.65,132.65,0,0,1
FINNIFTY21NOV2320600PE.NFO,2023-11-01,13:51:00,2023-11-21,132.65,132.65,132.65,132.65,0,0,1
FINNIFTY21NOV2320600PE.NFO,2023-11-01,13:52:00,2023-11-21,132.65,132.65,132.65,132.65,0,0,1
FINNIFTY21NOV2320600PE.NFO,2023-11-01,13:53:00,2023-11-21,132.65,132.65,132.65,132.65,0,0,1
FINNIFTY21NOV2320600PE.NFO,2023-11-01,13:54:00,2023-11-21,132.65,132.65,132.65,132.65,0,0,1
FINNIFTY21NOV2320600PE.NFO,2023-11-01,13:55:00,2023-11-21,132.65,132.65,132.65,132.65,0,0,1
FINNIFTY21NOV2320600PE.NFO,2023-11-01,13:56:00,2023-11-21,132.65,132.65,132.65,132.65,0,0,1
FINNIFTY21NOV2320600PE.NFO,2023-11-01,13:57:00,2023-11-21,132.65,132.65,132.65,132.65,0,0,1
FINNIFTY21NOV2320600PE.NFO,2023-11-01,13:58:00,2023-11-21,132.65,132.65,132.65,132.65,0,0,1
FINNIFTY21NOV2320600PE.NFO,2023-11-01,13:59:00,2023-11-21,132.65,132.65,132.65,132.65,0,0,1
FINNIFTY21NOV2320600PE.NFO,2023-11-01,14:00:00,2023-11-21,132.65,132.65,132.65,132.65,0,0,1
FINNIFTY21NOV2320600PE.NFO,2023-11-01,14:01:00,2023-11-21,132.65,132.65,132.65,132.65,0,0,1
FINNIFTY21NOV2320600PE.NFO,2023-11-01,14:02:00,2023-11-21,132.65,132.65,132.65,132.65,0,0,1
FINNIFTY21NOV2320600PE.NFO,2023-11-01,14:03:00,2023-11-21,132.65,132.65,132.65,132.65,0,0,1
FINNIFTY21NOV2320600PE.NFO,2023-11-01,14:04:00,2023-11-21,132.65,132.65,132.65,132.65,0,0,1
FINNIFTY21NOV2320600PE.NFO,2023-11-01,14:05:00,2023-11-21,132.65,132.65,132.65,132.65,0,0,1
FINNIFTY21NOV2320600PE.NFO,2023-11-01,14:06:00,2023-11-21,132.65,132.65,132.65,132.65,0,0,1
FINNIFTY21NOV2320600PE.NFO,2023-11-01,14:07:00,2023-11-21,132.65,132.65,132.65,132.65,0,0,1
FINNIFTY21NOV2320600PE.NFO,2023-11-01,14:08:00,2023-11-21,132.65,132.65,132.65,132.65,0,0,1
FINNIFTY21NOV2320600PE.NFO,2023-11-01,14:09:00,2023-11-21,132.65,132.65,132.65,132.65,0,0,1
FINNIFTY21NOV2320600PE.NFO,2023-11-01,14:10:00,2023-11-21,132.65,132.65,132.65,132.65,0,0,1
FINNIFTY21NOV2320600PE.NFO,2023-11-01,14:11:00,2023-11-21,132.65,132.65,132.65,132.65,0,0,1
FINNIFTY21NOV2320600PE.NFO,2023-11-01,14:12:00,2023-11-21,132.65,132.65,132.65,132.65,0,0,1
FINNIFTY21NOV2320600PE.NFO,2023-11-01,14:13:00,2023-11-21,132.65,132.65,132.65,132.65,0,0,1
FINNIFTY21NOV2320600PE.NFO,2023-11-01,14:14:00,2023-11-21,132.65,132.65,132.65,132.65,0,0,1
FINNIFTY21NOV2320600PE.NFO,2023-11-01,14:15:00,2023-11-21,132.65,132.65,132.65,132.65,0,0,1
FINNIFTY21NOV2320600PE.NFO,2023-11-01,14:16:00,2023-11-21,132.65,132.65,132.65,132.65,0,0,1
FINNIFTY21NOV2320600PE.NFO,2023-11-01,14:17:00,2023-11-21,132.65,132.65,132.65,132.65,0,0,1
FINNIFTY21NOV2320600PE.NFO,2023-11-01,14:18:00,2023-11-21,132.65,132.65,132.65,132.65,0,0,1
FINNIFTY21NOV2320600PE.NFO,2023-11-01,14:19:00,2023-11-21,132.65,132.65,132.65,132.65,0,0,1
FINNIFTY21NOV2320600PE.NFO,2023-11-01,14:20:00,2023-11-21,132.65,132.65,132.65,132.65,0,0,1
FINNIFTY21NOV2320600PE.NFO,2023-11-01,14:21:00,2023-11-21,132.65,132.65,132.65,132.65,0,0,1
FINNIFTY21NOV2320600PE.NFO,2023-11-01,14:22:00,2023-11-21,132.65,132.65,132.65,132.65,0,0,1
FINNIFTY21NOV2320600PE.NFO,2023-11-01,14:23:00,2023-11-21,132.65,132.65,132.65,132.65,0,0,1
FINNIFTY21NOV2320600PE.NFO,2023-11-01,14:24:00,2023-11-21,132.65,132.65,132.65,132.65,0,0,1
FINNIFTY21NOV2320600PE.NFO,2023-11-01,14:25:00,2023-11-21,132.65,132.65,132.65,132.65,0,0,1
FINNIFTY21NOV2320600PE.NFO,2023-11-01,14:26:00,2023-11-21,132.65,132.65,132.65,132.65,0,0,1
FINNIFTY21NOV2320600PE.NFO,2023-11-01,14:27:00,2023-11-21,132.65,132.65,132.65,132.65,0,0,1
FINNIFTY21NOV2320600PE.NFO,2023-11-01,14:28:00,2023-11-21,132.65,132.65,132.65,132.65,0,0,1
FINNIFTY21NOV2320600PE.NFO,2023-11-01,14:29:00,2023-11-21,132.65,132.65,132.65,132.65,0,0,1
FINNIFTY21NOV2320600PE.NFO,2023-11-01,14:30:00,2023-11-21,132.65,132.65,132.65,132.65,0,0,1
FINNIFTY21NOV2320600PE.NFO,2023-11-01,14:31:00,2023-11-21,132.65,132.65,132.65,132.65,0,0,1
FINNIFTY21NOV2320600PE.NFO,2023-11-01,14:32:00,2023-11-21,132.65,132.65,132.65,132.65,0,0,1
FINNIFTY21NOV2320600PE.NFO,2023-11-01,14:33:00,2023-11-21,132.65,132.65,132.65,132.65,0,0,1
FINNIFTY21NOV2320600PE.NFO,2023-11-01,14:34:00,2023-11-21,132.65,132.65,132.65,132.65,0,0,1
FINNIFTY21NOV2320600PE.NFO,2023-11-01,14:35:00,2023-11-21,132.65,132.65,132.65,132.65,0,0,1
FINNIFTY21NOV2320600PE.NFO,2023-11-01,14:36:00,2023-11-21,132.65,132.65,132.65,132.65,0,0,1
FINNIFTY21NOV2320600PE.NFO,2023-11-01,14:37:00,2023-11-21,132.65,132.65,132.65,132.65,0,0,1
FINNIFTY21NOV2320600PE.NFO,2023-11-01,14:38:00,2023-11-21,132.65,132.65,132.65,132.65,0,0,1
FINNIFTY21NOV2320600PE.NFO,2023-11-01,14:39:00,2023-11-21,132.65,132.65,132.65,132.65,0,0,1
FINNIFTY21NOV2320600PE.NFO,2023-11-01,14:40:00,2023-11-21,132.65,132.65,132.65,132.65,0,0,1
FINNIFTY21NOV2320600PE.NFO,2023-11-01,14:41:00,2023-11-21,132.65,132.65,132.65,132.65,0,0,1
FINNIFTY21NOV2320600PE.NFO,2023-11-01,14:42:00,2023-11-21,132.65,132.65,132.65,132.65,0,0,1
FINNIFTY21NOV2320600PE.NFO,2023-11-01,14:43:00,2023-11-21,132.65,132.65,132.65,132.65,0,0,1
FINNIFTY21NOV2320600PE.NFO,2023-11-01,14:44:00,2023-11-21,132.65,132.65,132.65,132.65,0,0,1
FINNIFTY21NOV2320600PE.NFO,2023-11-01,14:45:00,2023-11-21,132.65,132.65,132.65,132.65,0,0,1
FINNIFTY21NOV2320600PE.NFO,2023-11-01,14:46:00,2023-11-21,132.65,132.65,132.65,132.65,0,0,1
FINNIFTY21NOV2320600PE.NFO,2023-11-01,14:47:00,2023-11-21,132.65,132.65,132.65,132.65,0,0,1
FINNIFTY21NOV2320600PE.NFO,2023-11-01,14:48:00,2023-11-21,132.65,132.65,132.65,132.65,0,0,1
FINNIFTY21NOV2320600PE.NFO,2023-11-01,14:49:00,2023-11-21,132.65,132.65,132.65,132.65,0,0,1
FINNIFTY21NOV2320600PE.NFO,2023-11-01,14:50:00,2023-11-21,132.65,132.65,132.65,132.65,0,0,1
FINNIFTY21NOV2320600PE.NFO,2023-11-01,14:51:00,2023-11-21,132.65,132.65,132.65,132.65,0,0,1
FINNIFTY21NOV2320600PE.NFO,2023-11-01,14:52:00,2023-11-21,132.65,132.65,132.65,132.65,0,0,1
FINNIFTY21NOV2320600PE.NFO,2023-11-01,14:53:00,2023-11-21,132.65,132.65,132.65,132.65,0,0,1
FINNIFTY21NOV2320600PE.NFO,2023-11-01,14:54:00,2023-11-21,132.65,132.65,132.65,132.65,0,0,1
FINNIFTY21NOV2320600PE.NFO,2023-11-01,14:55:00,2023-11-21,132.65,132.65,132.65,132.65,0,0,1
FINNIFTY21NOV2320600PE.NFO,2023-11-01,14:56:00,2023-11-21,132.65,132.65,132.65,132.65,0,0,1
FINNIFTY21NOV2320600PE.NFO,2023-11-01,14:57:00,2023-11-21,132.65,132.65,132.65,132.65,0,0,1
FINNIFTY21NOV2320600PE.NFO,2023-11-01,14:58:00,2023-11-21,132.65,132.65,132.65,132.65,0,0,1
FINNIFTY21NOV2320600PE.NFO,2023-11-01,14:59:00,2023-11-21,132.65,132.65,132.65,132.65,0,0,1
FINNIFTY21NOV2320600PE.NFO,2023-11-01,15:00:00,2023-11-21,132.65,132.65,132.65,132.65,0,0,1
FINNIFTY21NOV2320600PE.NFO,2023-11-01,15:01:00,2023-11-21,132.65,132.65,132.65,132.65,0,0,1
FINNIFTY21NOV2320600PE.NFO,2023-11-01,15:02:00,2023-11-21,132.65,132.65,132.65,132.65,0,0,1
FINNIFTY21NOV2320600PE.NFO,2023-11-01,15:03:00,2023-11-21,132.65,132.65,132.65,132.65,0,0,1
FINNIFTY21NOV2320600PE.NFO,2023-11-01,15:04:00,2023-11-21,132.65,132.65,132.65,132.65,0,0,1
FINNIFTY21NOV2320600PE.NFO,2023-11-01,15:05:00,2023-11-21,132.65,132.65,132.65,132.65,0,0,1
FINNIFTY21NOV2320600PE.NFO,2023-11-01,15:06:00,2023-11-21,132.65,132.65,132.65,132.65,0,0,1
FINNIFTY21NOV2320600PE.NFO,2023-11-01,15:07:00,2023-11-21,132.65,132.65,132.65,132.65,0,0,1
FINNIFTY21NOV2320600PE.NFO,2023-11-01,15:08:00,2023-11-21,132.65,132.65,132.65,132.65,0,0,1
FINNIFTY21NOV2320600PE.NFO,2023-11-01,15:09:00,2023-11-21,132.65,132.65,132.65,132.65,0,0,1
FINNIFTY21NOV2320600PE.NFO,2023-11-01,15:10:00,2023-11-21,132.65,132.65,132.65,132.65,0,0,1
FINNIFTY21NOV2320600PE.NFO,2023-11-01,15:11:00,2023-11-21,132.65,132.65,132.65,132.65,0,0,1
FINNIFTY21NOV2320600PE.NFO,2023-11-01,15:12:00,2023-11-21,132.65,132.65,132.65,132.65,0,0,1
FINNIFTY21NOV2320600PE.NFO,2023-11-01,15:13:00,2023-11-21,132.65,132.65,132.65,132.65,0,0,1
FINNIFTY21NOV2320600PE.NFO,2023-11-01,15:14:00,2023-11-21,132.65,132.65,132.65,132.65,0,0,1
FINNIFTY21NOV2320600PE.NFO,2023-11-01,15:15:00,2023-11-21,132.65,132.65,132.65,132.65,0,0,1
FINNIFTY21NOV2320600PE.NFO,2023-11-01,15:16:00,2023-11-21,132.65,132.65,132.65,132.65,0,0,1
FINNIFTY21NOV2320600PE.NFO,2023-11-01,15:17:00,2023-11-21,132.65,132.65,132.65,132.65,0,0,1
FINNIFTY21NOV2320600PE.NFO,2023-11-01,15:18:00,2023-11-21,132.65,132.65,132.65,132.65,0,0,1
FINNIFTY21NOV2320600PE.NFO,2023-11-01,15:19:00,2023-11-21,132.65,132.65,132.65,132.65,0,0,1
FINNIFTY21NOV2320600PE.NFO,2023-11-01,15:20:00,2023-11-21,132.65,132.65,132.65,132.65,0,0,1
FINNIFTY21NOV2320600PE.NFO,2023-11-01,15:21:00,2023-11-21,132.65,132.65,132.65,132.65,0,0,1
FINNIFTY21NOV2320600PE.NFO,2023-11-01,15:22:00,2023-11-21,132.65,132.65,132.65,132.65,0,0,1
FINNIFTY21NOV2320600PE.NFO,2023-11-01,15:23:00,2023-11-21,132.65,132.65,132.65,132.65,0,0,1
FINNIFTY21NOV2320600PE.NFO,2023-11-01,15:24:00,2023-11-21,132.65,132.65,132.65,132.65,0,0,1
FINNIFTY21NOV2320600PE.NFO,2023-11-01,15:25:00,2023-11-21,132.65,132.65,132.65,132.65,0,0,1
FINNIFTY21NOV2320600PE.NFO,2023-11-01,15:26:00,2023-11-21,132.65,132.65,132.65,132.65,0,0,1
FINNIFTY21NOV2320600PE.NFO,2023-11-01,15:27:00,2023-11-21,132.65,132.65,132.65,132.65,0,0,1
FINNIFTY21NOV2320600PE.NFO,2023-11-01,15:28:00,2023-11-21,132.65,132.65,132.65,132.65,0,0,1
FINNIFTY21NOV2320600PE.NFO,2023-11-01,15:29:00,2023-11-21,132.65,132.65,132.65,132.65,0,0,1
FINNIFTY21NOV2320600PE.NFO,2023-11-01,15:30:00,2023-11-21,132.65,132.65,132.65,132.65,0,0,1
FINNIFTY21NOV2320600PE.NFO,2023-11-02,09:15:00,2023-11-21,132.65,132.65,132.65,132.65,0,0,0
FINNIFTY21NOV2320600PE.NFO,2023-11-02,09:16:00,2023-11-21,132.65,132.65,132.65,132.65,0,0,1
FINNIFTY21NOV2320600PE.NFO,2023-11-02,09:17:00,2023-11-21,132.65,132.65,132.65,132.65,0,0,1
FINNIFTY21NOV2320600PE.NFO,2023-11-02,09:18:00,2023-11-21,132.65,132.65,132.65,132.65,0,0,1
FINNIFTY21NOV2320600PE.NFO,2023-11-02,09:19:00,2023-11-21,132.65,132.65,132.65,132.65,0,0,1
FINNIFTY21NOV2320600PE.NFO,2023-11-02,09:20:00,2023-11-21,132.65,132.65,132.65,132.65,0,0,1
FINNIFTY21NOV2320600PE.NFO,2023-11-02,09:21:00,2023-11-21,132.65,132.65,132.65,132.65,0,0,1
FINNIFTY21NOV2320600PE.NFO,2023-11-02,09:22:00,2023-11-21,132.65,132.65,132.65,132.65,0,0,1
FINNIFTY21NOV2320600PE.NFO,2023-11-02,09:23:00,2023-11-21,132.65,132.65,132.65,132.65,0,0,1
FINNIFTY21NOV2320600PE.NFO,2023-11-02,09:24:00,2023-11-21,132.65,132.65,132.65,132.65,0,0,1
FINNIFTY21NOV2320600PE.NFO,2023-11-02,09:25:00,2023-11-21,132.65,132.65,132.65,132.65,0,0,1
FINNIFTY21NOV2320600PE.NFO,2023-11-02,09:26:00,2023-11-21,132.65,132.65,132.65,132.65,0,0,1
FINNIFTY21NOV2320600PE.NFO,2023-11-02,09:27:00,2023-11-21,132.65,132.65,132.65,132.65,0,0,1
FINNIFTY21NOV2320600PE.NFO,2023-11-02,09:28:00,2023-11-21,132.65,132.65,132.65,132.65,0,0,1
FINNIFTY21NOV2320600PE.NFO,2023-11-02,09:29:00,2023-11-21,132.65,132.65,132.65,132.65,0,0,1
FINNIFTY21NOV2320600PE.NFO,2023-11-02,09:30:00,2023-11-21,132.65,132.65,132.65,132.65,0,0,1
FINNIFTY21NOV2320600PE.NFO,2023-11-02,09:31:00,2023-11-21,132.65,132.65,132.65,132.65,0,0,1
FINNIFTY21NOV2320600PE.NFO,2023-11-02,09:32:00,2023-11-21,132.65,132.65,132.65,132.65,0,0,1
FINNIFTY21NOV2320600PE.NFO,2023-11-02,09:33:00,2023-11-21,132.65,132.65,132.65,132.65,0,0,1
FINNIFTY21NOV2320600PE.NFO,2023-11-02,09:34:00,2023-11-21,132.65,132.65,132.65,132.65,0,0,1
FINNIFTY21NOV2320600PE.NFO,2023-11-02,09:35:00,2023-11-21,132.65,132.65,132.65,132.65,0,0,1
FINNIFTY21NOV2320600PE.NFO,2023-11-02,09:36:00,2023-11-21,132.65,132.65,132.65,132.65,0,0,1
FINNIFTY21NOV2320600PE.NFO,2023-11-02,09:37:00,2023-11-21,132.65,132.65,132.65,132.65,0,0,1
FINNIFTY21NOV2320600PE.NFO,2023-11-02,09:38:00,2023-11-21,132.65,132.65,132.65,132.65,0,0,1
FINNIFTY21NOV2320600PE.NFO,2023-11-02,09:39:00,2023-11-21,132.65,132.65,132.65,132.65,0,0,1
FINNIFTY21NOV2320600PE.NFO,2023-11-02,09:40:00,2023-11-21,132.65,132.65,132.65,132.65,0,0,1
FINNIFTY21NOV2320600PE.NFO,2023-11-02,09:41:00,2023-11-21,132.65,132.65,132.65,132.65,0,0,1
FINNIFTY21NOV2320600PE.NFO,2023-11-02,09:42:00,2023-11-21,132.65,132.65,132.65,132.65,0,0,1
FINNIFTY21NOV2320600PE.NFO,2023-11-02,09:43:00,2023-11-21,132.65,132.65,132.65,132.65,0,0,1
FINNIFTY21NOV2320600PE.NFO,2023-11-02,09:44:00,2023-11-21,132.65,132.65,132.65,132.65,0,0,1
FINNIFTY21NOV2320600PE.NFO,2023-11-02,09:45:00,2023-11-21,132.65,132.65,132.65,132.65,0,0,1
FINNIFTY21NOV2320600PE.NFO,2023-11-02,09:46:00,2023-11-21,132.65,132.65,132.65,132.65,0,0,1
FINNIFTY21NOV2320600PE.NFO,2023-11-02,09:47:00,2023-11-21,132.65,132.65,132.65,132.65,0,0,1
FINNIFTY21NOV2320600PE.NFO,2023-11-02,09:48:00,2023-11-21,132.65,132.65,132.65,132.65,0,0,1
FINNIFTY21NOV2320600PE.NFO,2023-11-02,09:49:00,2023-11-21,132.65,132.65,132.65,132.65,0,0,1
FINNIFTY21NOV2320600PE.NFO,2023-11-02,09:50:00,2023-11-21,132.65,132.65,132.65,132.65,0,0,1
FINNIFTY21NOV2320600PE.NFO,2023-11-02,09:51:00,2023-11-21,132.65,132.65,132.65,132.65,0,0,1
FINNIFTY21NOV2320600PE.NFO,2023-11-02,09:52:00,2023-11-21,132.65,132.65,132.65,132.65,0,0,1
FINNIFTY21NOV2320600PE.NFO,2023-11-02,09:53:00,2023-11-21,132.65,132.65,132.65,132.65,0,0,1
FINNIFTY21NOV2320600PE.NFO,2023-11-02,09:54:00,2023-11-21,132.65,132.65,132.65,132.65,0,0,1
FINNIFTY21NOV2320600PE.NFO,2023-11-02,09:55:00,2023-11-21,132.65,132.65,132.65,132.65,0,0,1
FINNIFTY21NOV2320600PE.NFO,2023-11-02,09:56:00,2023-11-21,132.65,132.65,132.65,132.65,0,0,1
FINNIFTY21NOV2320600PE.NFO,2023-11-02,09:57:00,2023-11-21,132.65,132.65,132.65,132.65,0,0,1
FINNIFTY21NOV2320600PE.NFO,2023-11-02,09:58:00,2023-11-21,132.65,132.65,132.65,132.65,0,0,1
FINNIFTY21NOV2320600PE.NFO,2023-11-02,09:59:00,2023-11-21,132.65,132.65,132.65,132.65,0,0,1
FINNIFTY21NOV2320600PE.NFO,2023-11-02,10:00:00,2023-11-21,132.65,132.65,132.65,132.65,0,0,1
FINNIFTY21NOV2320600PE.NFO,2023-11-02,10:01:00,2023-11-21,132.65,132.65,132.65,132.65,0,0,1
FINNIFTY21NOV2320600PE.NFO,2023-11-02,10:02:00,2023-11-21,132.65,132.65,132.65,132.65,0,0,1
FINNIFTY21NOV2320600PE.NFO,2023-11-02,10:03:00,2023-11-21,132.65,132.65,132.65,132.65,0,0,1
FINNIFTY21NOV2320600PE.NFO,2023-11-02,10:04:00,2023-11-21,132.65,132.65,132.65,132.65,0,0,1
FINNIFTY21NOV2320600PE.NFO,2023-11-02,10:05:00,2023-11-21,132.65,132.65,132.65,132.65,0,0,1
FINNIFTY21NOV2320600PE.NFO,2023-11-02,10:06:00,2023-11-21,132.65,132.65,132.65,132.65,0,0,1
FINNIFTY21NOV2320600PE.NFO,2023-11-02,10:07:00,2023-11-21,132.65,132.65,132.65,132.65,0,0,1
FINNIFTY21NOV2320600PE.NFO,2023-11-02,10:08:00,2023-11-21,132.65,132.65,132.65,132.65,0,0,1
FINNIFTY21NOV2320600PE.NFO,2023-11-02,10:09:00,2023-11-21,132.65,132.65,132.65,132.65,0,0,1
FINNIFTY21NOV2320600PE.NFO,2023-11-02,10:10:00,2023-11-21,132.65,132.65,132.65,132.65,0,0,1
FINNIFTY21NOV2320600PE.NFO,2023-11-02,10:11:00,2023-11-21,132.65,132.65,132.65,132.65,0,0,1
FINNIFTY21NOV2320600PE.NFO,2023-11-02,10:12:00,2023-11-21,132.65,132.65,132.65,132.65,0,0,1
FINNIFTY21NOV2320600PE.NFO,2023-11-02,10:13:00,2023-11-21,132.65,132.65,132.65,132.65,0,0,1
FINNIFTY21NOV2320600PE.NFO,2023-11-02,10:14:00,2023-11-21,132.65,132.65,132.65,132.65,0,0,1
FINNIFTY21NOV2320600PE.NFO,2023-11-02,10:15:00,2023-11-21,132.65,132.65,132.65,132.65,0,0,1
FINNIFTY21NOV2320600PE.NFO,2023-11-02,10:16:00,2023-11-21,132.65,132.65,132.65,132.65,0,0,1
FINNIFTY21NOV2320600PE.NFO,2023-11-02,10:17:00,2023-11-21,132.65,132.65,132.65,132.65,0,0,1
FINNIFTY21NOV2320600PE.NFO,2023-11-02,10:18:00,2023-11-21,132.65,132.65,132.65,132.65,0,0,1
FINNIFTY21NOV2320600PE.NFO,2023-11-02,10:19:00,2023-11-21,132.65,132.65,132.65,132.65,0,0,1
FINNIFTY21NOV2320600PE.NFO,2023-11-02,10:20:00,2023-11-21,132.65,132.65,132.65,132.65,0,0,1
FINNIFTY21NOV2320600PE.NFO,2023-11-02,10:21:00,2023-11-21,132.65,132.65,132.65,132.65,0,0,1
FINNIFTY21NOV2320600PE.NFO,2023-11-02,10:22:00,2023-11-21,132.65,132.65,132.65,132.65,0,0,1
FINNIFTY21NOV2320600PE.NFO,2023-11-02,10:23:00,2023-11-21,132.65,132.65,132.65,132.65,0,0,1
FINNIFTY21NOV2320600PE.NFO,2023-11-02,10:24:00,2023-11-21,132.65,132.65,132.65,132.65,0,0,1
FINNIFTY21NOV2320600PE.NFO,2023-11-02,10:25:00,2023-11-21,132.65,132.65,132.65,132.65,0,0,1
FINNIFTY21NOV2320600PE.NFO,2023-11-02,10:26:00,2023-11-21,132.65,132.65,132.65,132.65,0,0,1
FINNIFTY21NOV2320600PE.NFO,2023-11-02,10:27:00,2023-11-21,132.65,132.65,132.65,132.65,0,0,1
FINNIFTY21NOV2320600PE.NFO,2023-11-02,10:28:00,2023-11-21,132.65,132.65,132.65,132.65,0,0,1
FINNIFTY21NOV2320600PE.NFO,2023-11-02,10:29:00,2023-11-21,132.65,132.65,132.65,132.65,0,0,1
FINNIFTY21NOV2320600PE.NFO,2023-11-02,10:30:00,2023-11-21,132.65,132.65,132.65,132.65,0,0,1
FINNIFTY21NOV2320600PE.NFO,2023-11-02,10:31:00,2023-11-21,132.65,132.65,132.65,132.65,0,0,1
FINNIFTY21NOV2320600PE.NFO,2023-11-02,10:32:00,2023-11-21,132.65,132.65,132.65,132.65,0,0,1
FINNIFTY21NOV2320600PE.NFO,2023-11-02,10:33:00,2023-11-21,132.65,132.65,132.65,132.65,0,0,1
FINNIFTY21NOV2320600PE.NFO,2023-11-02,10:34:00,2023-11-21,132.65,132.65,132.65,132.65,0,0,1
FINNIFTY21NOV2320600PE.NFO,2023-11-02,10:35:00,2023-11-21,132.65,132.65,132.65,132.65,0,0,1
FINNIFTY21NOV2320600PE.NFO,2023-11-02,10:36:00,2023-11-21,132.65,132.65,132.65,132.65,0,0,1
FINNIFTY21NOV2320600PE.NFO,2023-11-02,10:37:00,2023-11-21,132.65,132.65,132.65,132.65,0,0,1
FINNIFTY21NOV2320600PE.NFO,2023-11-02,10:38:00,2023-11-21,132.65,132.65,132.65,132.65,0,0,1
FINNIFTY21NOV2320600PE.NFO,2023-11-02,10:39:00,2023-11-21,132.65,132.65,132.65,132.65,0,0,1
FINNIFTY21NOV2320600PE.NFO,2023-11-02,10:40:00,2023-11-21,132.65,132.65,132.65,132.65,0,0,1
FINNIFTY21NOV2320600PE.NFO,2023-11-02,10:41:00,2023-11-21,132.65,132.65,132.65,132.65,0,0,1
FINNIFTY21NOV2320600PE.NFO,2023-11-02,10:42:00,2023-11-21,132.65,132.65,132.65,132.65,0,0,1
FINNIFTY21NOV2320600PE.NFO,2023-11-02,10:43:00,2023-11-21,132.65,132.65,132.65,132.65,0,0,1
FINNIFTY21NOV2320600PE.NFO,2023-11-02,10:44:00,2023-11-21,132.65,132.65,132.65,132.65,0,0,1
FINNIFTY21NOV2320600PE.NFO,2023-11-02,10:45:00,2023-11-21,132.65,132.65,132.65,132.65,0,0,1
FINNIFTY21NOV2320600PE.NFO,2023-11-02,10:46:00,2023-11-21,132.65,132.65,132.65,132.65,0,0,1
FINNIFTY21NOV2320600PE.NFO,2023-11-02,10:47:00,2023-11-21,132.65,132.65,132.65,132.65,0,0,1
FINNIFTY21NOV2320600PE.NFO,2023-11-02,10:48:00,2023-11-21,132.65,132.65,132.65,132.65,0,0,1
FINNIFTY21NOV2320600PE.NFO,2023-11-02,10:49:00,2023-11-21,132.65,132.65,132.65,132.65,0,0,1
FINNIFTY21NOV2320600PE.NFO,2023-11-02,10:50:00,2023-11-21,132.65,132.65,132.65,132.65,0,0,1
FINNIFTY21NOV2320600PE.NFO,2023-11-02,10:51:00,2023-11-21,132.65,132.65,132.65,132.65,0,0,1
FINNIFTY21NOV2320600PE.NFO,2023-11-02,10:52:00,2023-11-21,132.65,132.65,132.65,132.65,0,0,1
FINNIFTY21NOV2320600PE.NFO,2023-11-02,10:53:00,2023-11-21,132.65,132.65,132.65,132.65,0,0,1
FINNIFTY21NOV2320600PE.NFO,2023-11-02,10:54:00,2023-11-21,132.65,132.65,132.65,132.65,0,0,1
FINNIFTY21NOV2320600PE.NFO,2023-11-02,10:55:00,2023-11-21,132.65,132.65,132.65,132.65,0,0,1
FINNIFTY21NOV2320600PE.NFO,2023-11-02,10:56:00,2023-11-21,132.65,132.65,132.65,132.65,0,0,1
FINNIFTY21NOV2320600PE.NFO,2023-11-02,10:57:00,2023-11-21,132.65,132.65,132.65,132.65,0,0,1
FINNIFTY21NOV2320600PE.NFO,2023-11-02,10:58:00,2023-11-21,132.65,132.65,132.65,132.65,0,0,1
FINNIFTY21NOV2320600PE.NFO,2023-11-02,10:59:00,2023-11-21,132.65,132.65,132.65,132.65,0,0,1
FINNIFTY21NOV2320600PE.NFO,2023-11-02,11:00:00,2023-11-21,132.65,132.65,132.65,132.65,0,0,1
FINNIFTY21NOV2320600PE.NFO,2023-11-02,11:01:00,2023-11-21,132.65,132.65,132.65,132.65,0,0,1
FINNIFTY21NOV2320600PE.NFO,2023-11-02,11:02:00,2023-11-21,132.65,132.65,132.65,132.65,0,0,1
FINNIFTY21NOV2320600PE.NFO,2023-11-02,11:03:00,2023-11-21,132.65,132.65,132.65,132.65,0,0,1
FINNIFTY21NOV2320600PE.NFO,2023-11-02,11:04:00,2023-11-21,132.65,132.65,132.65,132.65,0,0,1
FINNIFTY21NOV2320600PE.NFO,2023-11-02,11:05:00,2023-11-21,132.65,132.65,132.65,132.65,0,0,1
FINNIFTY21NOV2320600PE.NFO,2023-11-02,11:06:00,2023-11-21,132.65,132.65,132.65,132.65,0,0,1
FINNIFTY21NOV2320600PE.NFO,2023-11-02,11:07:00,2023-11-21,132.65,132.65,132.65,132.65,0,0,1
FINNIFTY21NOV2320600PE.NFO,2023-11-02,11:08:00,2023-11-21,132.65,132.65,132.65,132.65,0,0,1
FINNIFTY21NOV2320600PE.NFO,2023-11-02,11:09:00,2023-11-21,132.65,132.65,132.65,132.65,0,0,1
FINNIFTY21NOV2320600PE.NFO,2023-11-02,11:10:00,2023-11-21,132.65,132.65,132.65,132.65,0,0,1
FINNIFTY21NOV2320600PE.NFO,2023-11-02,11:11:00,2023-11-21,132.65,132.65,132.65,132.65,0,0,1
FINNIFTY21NOV2320600PE.NFO,2023-11-02,11:12:00,2023-11-21,132.65,132.65,132.65,132.65,0,0,1
FINNIFTY21NOV2320600PE.NFO,2023-11-02,11:13:00,2023-11-21,132.65,132.65,132.65,132.65,0,0,1
FINNIFTY21NOV2320600PE.NFO,2023-11-02,11:14:00,2023-11-21,132.65,132.65,132.65,132.65,0,0,1
FINNIFTY21NOV2320600PE.NFO,2023-11-02,11:15:00,2023-11-21,132.65,132.65,132.65,132.65,0,0,1
FINNIFTY21NOV2320600PE.NFO,2023-11-02,11:16:00,2023-11-21,132.65,132.65,132.65,132.65,0,0,1
FINNIFTY21NOV2320600PE.NFO,2023-11-02,11:17:00,2023-11-21,132.65,132.65,132.65,132.65,0,0,1
FINNIFTY21NOV2320600PE.NFO,2023-11-02,11:18:00,2023-11-21,132.65,132.65,132.65,132.65,0,0,1
FINNIFTY21NOV2320600PE.NFO,2023-11-02,11:19:00,2023-11-21,132.65,132.65,132.65,132.65,0,0,1
FINNIFTY21NOV2320600PE.NFO,2023-11-02,11:20:00,2023-11-21,132.65,132.65,132.65,132.65,0,0,1
FINNIFTY21NOV2320600PE.NFO,2023-11-02,11:21:00,2023-11-21,132.65,132.65,132.65,132.65,0,0,1
FINNIFTY21NOV2320600PE.NFO,2023-11-02,11:22:00,2023-11-21,132.65,132.65,132.65,132.65,0,0,1
FINNIFTY21NOV2320600PE.NFO,2023-11-02,11:23:00,2023-11-21,132.65,132.65,132.65,132.65,0,0,1
FINNIFTY21NOV2320600PE.NFO,2023-11-02,11:24:00,2023-11-21,132.65,132.65,132.65,132.65,0,0,1
FINNIFTY21NOV2320600PE.NFO,2023-11-02,11:25:00,2023-11-21,132.65,132.65,132.65,132.65,0,0,1
FINNIFTY21NOV2320600PE.NFO,2023-11-02,11:26:00,2023-11-21,132.65,132.65,132.65,132.65,0,0,1
FINNIFTY21NOV2320600PE.NFO,2023-11-02,11:27:00,2023-11-21,132.65,132.65,132.65,132.65,0,0,1
FINNIFTY21NOV2320600PE.NFO,2023-11-02,11:28:00,2023-11-21,132.65,132.65,132.65,132.65,0,0,1
FINNIFTY21NOV2320600PE.NFO,2023-11-02,11:29:00,2023-11-21,132.65,132.65,132.65,132.65,0,0,1
FINNIFTY21NOV2320600PE.NFO,2023-11-02,11:30:00,2023-11-21,132.65,132.65,132.65,132.65,0,0,1
FINNIFTY21NOV2320600PE.NFO,2023-11-02,11:31:00,2023-11-21,132.65,132.65,132.65,132.65,0,0,1
FINNIFTY21NOV2320600PE.NFO,2023-11-02,11:32:00,2023-11-21,132.65,132.65,132.65,132.65,0,0,1
FINNIFTY21NOV2320600PE.NFO,2023-11-02,11:33:00,2023-11-21,132.65,132.65,132.65,132.65,0,0,1
FINNIFTY21NOV2320600PE.NFO,2023-11-02,11:34:00,2023-11-21,132.65,132.65,132.65,132.65,0,0,1
FINNIFTY21NOV2320600PE.NFO,2023-11-02,11:35:00,2023-11-21,132.65,132.65,132.65,132.65,0,0,1
FINNIFTY21NOV2320600PE.NFO,2023-11-02,11:36:00,2023-11-21,132.65,132.65,132.65,132.65,0,0,1
FINNIFTY21NOV2320600PE.NFO,2023-11-02,11:37:00,2023-11-21,132.65,132.65,132.65,132.65,0,0,1
FINNIFTY21NOV2320600PE.NFO,2023-11-02,11:38:00,2023-11-21,132.65,132.65,132.65,132.65,0,0,1
FINNIFTY21NOV2320600PE.NFO,2023-11-02,11:39:00,2023-11-21,132.65,132.65,132.65,132.65,0,0,1
FINNIFTY21NOV2320600PE.NFO,2023-11-02,11:40:00,2023-11-21,132.65,132.65,132.65,132.65,0,0,1
FINNIFTY21NOV2320600PE.NFO,2023-11-02,11:41:00,2023-11-21,132.65,132.65,132.65,132.65,0,0,1
FINNIFTY21NOV2320600PE.NFO,2023-11-02,11:42:00,2023-11-21,132.65,132.65,132.65,132.65,0,0,1
FINNIFTY21NOV2320600PE.NFO,2023-11-02,11:43:00,2023-11-21,132.65,132.65,132.65,132.65,0,0,1
FINNIFTY21NOV2320600PE.NFO,2023-11-02,11:44:00,2023-11-21,132.65,132.65,132.65,132.65,0,0,1
FINNIFTY21NOV2320600PE.NFO,2023-11-02,11:45:00,2023-11-21,132.65,132.65,132.65,132.65,0,0,1
FINNIFTY21NOV2320600PE.NFO,2023-11-02,11:46:00,2023-11-21,132.65,132.65,132.65,132.65,0,0,1
FINNIFTY21NOV2320600PE.NFO,2023-11-02,11:47:00,2023-11-21,132.65,132.65,132.65,132.65,0,0,1
FINNIFTY21NOV2320600PE.NFO,2023-11-02,11:48:00,2023-11-21,132.65,132.65,132.65,132.65,0,0,1
FINNIFTY21NOV2320600PE.NFO,2023-11-02,11:49:00,2023-11-21,132.65,132.65,132.65,132.65,0,0,1
FINNIFTY21NOV2320600PE.NFO,2023-11-02,11:50:00,2023-11-21,132.65,132.65,132.65,132.65,0,0,1
FINNIFTY21NOV2320600PE.NFO,2023-11-02,11:51:00,2023-11-21,132.65,132.65,132.65,132.65,0,0,1
FINNIFTY21NOV2320600PE.NFO,2023-11-02,11:52:00,2023-11-21,132.65,132.65,132.65,132.65,0,0,1
FINNIFTY21NOV2320600PE.NFO,2023-11-02,11:53:00,2023-11-21,132.65,132.65,132.65,132.65,0,0,1
FINNIFTY21NOV2320600PE.NFO,2023-11-02,11:54:00,2023-11-21,132.65,132.65,132.65,132.65,0,0,1
FINNIFTY21NOV2320600PE.NFO,2023-11-02,11:55:00,2023-11-21,132.65,132.65,132.65,132.65,0,0,1
FINNIFTY21NOV2320600PE.NFO,2023-11-02,11:56:00,2023-11-21,132.65,132.65,132.65,132.65,0,0,1
FINNIFTY21NOV2320600PE.NFO,2023-11-02,11:57:00,2023-11-21,132.65,132.65,132.65,132.65,0,0,1
FINNIFTY21NOV2320600PE.NFO,2023-11-02,11:58:00,2023-11-21,132.65,132.65,132.65,132.65,0,0,1
FINNIFTY21NOV2320600PE.NFO,2023-11-02,11:59:00,2023-11-21,132.65,132.65,132.65,132.65,0,0,1
FINNIFTY21NOV2320600PE.NFO,2023-11-02,12:00:00,2023-11-21,132.65,132.65,132.65,132.65,0,0,1
FINNIFTY21NOV2320600PE.NFO,2023-11-02,12:01:00,2023-11-21,132.65,132.65,132.65,132.65,0,0,1
FINNIFTY21NOV2320600PE.NFO,2023-11-02,12:02:00,2023-11-21,132.65,132.65,132.65,132.65,0,0,1
FINNIFTY21NOV2320600PE.NFO,2023-11-02,12:03:00,2023-11-21,132.65,132.65,132.65,132.65,0,0,1
FINNIFTY21NOV2320600PE.NFO,2023-11-02,12:04:00,2023-11-21,132.65,132.65,132.65,132.65,0,0,1
FINNIFTY21NOV2320600PE.NFO,2023-11-02,12:05:00,2023-11-21,132.65,132.65,132.65,132.65,0,0,1
FINNIFTY21NOV2320600PE.NFO,2023-11-02,12:06:00,2023-11-21,132.65,132.65,132.65,132.65,0,0,1
FINNIFTY21NOV2320600PE.NFO,2023-11-02,12:07:00,2023-11-21,132.65,132.65,132.65,132.65,0,0,1
FINNIFTY21NOV2320600PE.NFO,2023-11-02,12:08:00,2023-11-21,132.65,132.65,132.65,132.65,0,0,1
FINNIFTY21NOV2320600PE.NFO,2023-11-02,12:09:00,2023-11-21,132.65,132.65,132.65,132.65,0,0,1
FINNIFTY21NOV2320600PE.NFO,2023-11-02,12:10:00,2023-11-21,132.65,132.65,132.65,132.65,0,0,1
FINNIFTY21NOV2320600PE.NFO,2023-11-02,12:11:00,2023-11-21,132.65,132.65,132.65,132.65,0,0,1
FINNIFTY21NOV2320600PE.NFO,2023-11-02,12:12:00,2023-11-21,132.65,132.65,132.65,132.65,0,0,1
FINNIFTY21NOV2320600PE.NFO,2023-11-02,12:13:00,2023-11-21,132.65,132.65,132.65,132.65,0,0,1
FINNIFTY21NOV2320600PE.NFO,2023-11-02,12:14:00,2023-11-21,132.65,132.65,132.65,132.65,0,0,1
FINNIFTY21NOV2320600PE.NFO,2023-11-02,12:15:00,2023-11-21,132.65,132.65,132.65,132.65,0,0,1
FINNIFTY21NOV2320600PE.NFO,2023-11-02,12:16:00,2023-11-21,132.65,132.65,132.65,132.65,0,0,1
FINNIFTY21NOV2320600PE.NFO,2023-11-02,12:17:00,2023-11-21,132.65,132.65,132.65,132.65,0,0,1
FINNIFTY21NOV2320600PE.NFO,2023-11-02,12:18:00,2023-11-21,132.65,132.65,132.65,132.65,0,0,1
FINNIFTY21NOV2320600PE.NFO,2023-11-02,12:19:00,2023-11-21,132.65,132.65,132.65,132.65,0,0,1
FINNIFTY21NOV2320600PE.NFO,2023-11-02,12:20:00,2023-11-21,132.65,132.65,132.65,132.65,0,0,1
FINNIFTY21NOV2320600PE.NFO,2023-11-02,12:21:00,2023-11-21,132.65,132.65,132.65,132.65,0,0,1
FINNIFTY21NOV2320600PE.NFO,2023-11-02,12:22:00,2023-11-21,132.65,132.65,132.65,132.65,0,0,1
FINNIFTY21NOV2320600PE.NFO,2023-11-02,12:23:00,2023-11-21,132.65,132.65,132.65,132.65,0,0,1
FINNIFTY21NOV2320600PE.NFO,2023-11-02,12:24:00,2023-11-21,132.65,132.65,132.65,132.65,0,0,1
FINNIFTY21NOV2320600PE.NFO,2023-11-02,12:25:00,2023-11-21,132.65,132.65,132.65,132.65,0,0,1
FINNIFTY21NOV2320600PE.NFO,2023-11-02,12:26:00,2023-11-21,132.65,132.65,132.65,132.65,0,0,1
FINNIFTY21NOV2320600PE.NFO,2023-11-02,12:27:00,2023-11-21,132.65,132.65,132.65,132.65,0,0,1
FINNIFTY21NOV2320600PE.NFO,2023-11-02,12:28:00,2023-11-21,132.65,132.65,132.65,132.65,0,0,1
FINNIFTY21NOV2320600PE.NFO,2023-11-02,12:29:00,2023-11-21,132.65,132.65,132.65,132.65,0,0,1
FINNIFTY21NOV2320600PE.NFO,2023-11-02,12:30:00,2023-11-21,132.65,132.65,132.65,132.65,0,0,1
FINNIFTY21NOV2320600PE.NFO,2023-11-02,12:31:00,2023-11-21,132.65,132.65,132.65,132.65,0,0,1
FINNIFTY21NOV2320600PE.NFO,2023-11-02,12:32:00,2023-11-21,132.65,132.65,132.65,132.65,0,0,1
FINNIFTY21NOV2320600PE.NFO,2023-11-02,12:33:00,2023-11-21,132.65,132.65,132.65,132.65,0,0,1
FINNIFTY21NOV2320600PE.NFO,2023-11-02,12:34:00,2023-11-21,132.65,132.65,132.65,132.65,0,0,1
FINNIFTY21NOV2320600PE.NFO,2023-11-02,12:35:00,2023-11-21,132.65,132.65,132.65,132.65,0,0,1
FINNIFTY21NOV2320600PE.NFO,2023-11-02,12:36:00,2023-11-21,132.65,132.65,132.65,132.65,0,0,1
FINNIFTY21NOV2320600PE.NFO,2023-11-02,12:37:00,2023-11-21,132.65,132.65,132.65,132.65,0,0,1
FINNIFTY21NOV2320600PE.NFO,2023-11-02,12:38:00,2023-11-21,132.65,132.65,132.65,132.65,0,0,1
FINNIFTY21NOV2320600PE.NFO,2023-11-02,12:39:00,2023-11-21,132.65,132.65,132.65,132.65,0,0,1
FINNIFTY21NOV2320600PE.NFO,2023-11-02,12:40:00,2023-11-21,132.65,132.65,132.65,132.65,0,0,1
FINNIFTY21NOV2320600PE.NFO,2023-11-02,12:41:00,2023-11-21,132.65,132.65,132.65,132.65,0,0,1
FINNIFTY21NOV2320600PE.NFO,2023-11-02,12:42:00,2023-11-21,132.65,132.65,132.65,132.65,0,0,1
FINNIFTY21NOV2320600PE.NFO,2023-11-02,12:43:00,2023-11-21,132.65,132.65,132.65,132.65,0,0,1
FINNIFTY21NOV2320600PE.NFO,2023-11-02,12:44:00,2023-11-21,132.65,132.65,132.65,132.65,0,0,1
FINNIFTY21NOV2320600PE.NFO,2023-11-02,12:45:00,2023-11-21,132.65,132.65,132.65,132.65,0,0,1
FINNIFTY21NOV2320600PE.NFO,2023-11-02,12:46:00,2023-11-21,132.65,132.65,132.65,132.65,0,0,1
FINNIFTY21NOV2320600PE.NFO,2023-11-02,12:47:00,2023-11-21,132.65,132.65,132.65,132.65,0,0,1
FINNIFTY21NOV2320600PE.NFO,2023-11-02,12:48:00,2023-11-21,132.65,132.65,132.65,132.65,0,0,1
FINNIFTY21NOV2320600PE.NFO,2023-11-02,12:49:00,2023-11-21,132.65,132.65,132.65,132.65,0,0,1
FINNIFTY21NOV2320600PE.NFO,2023-11-02,12:50:00,2023-11-21,132.65,132.65,132.65,132.65,0,0,1
FINNIFTY21NOV2320600PE.NFO,2023-11-02,12:51:00,2023-11-21,132.65,132.65,132.65,132.65,0,0,1
FINNIFTY21NOV2320600PE.NFO,2023-11-02,12:52:00,2023-11-21,132.65,132.65,132.65,132.65,0,0,1
FINNIFTY21NOV2320600PE.NFO,2023-11-02,12:53:00,2023-11-21,132.65,132.65,132.65,132.65,0,0,1
FINNIFTY21NOV2320600PE.NFO,2023-11-02,12:54:00,2023-11-21,132.65,132.65,132.65,132.65,0,0,1
FINNIFTY21NOV2320600PE.NFO,2023-11-02,12:55:00,2023-11-21,132.65,132.65,132.65,132.65,0,0,1
FINNIFTY21NOV2320600PE.NFO,2023-11-02,12:56:00,2023-11-21,132.65,132.65,132.65,132.65,0,0,1
FINNIFTY21NOV2320600PE.NFO,2023-11-02,12:57:00,2023-11-21,132.65,132.65,132.65,132.65,0,0,1
FINNIFTY21NOV2320600PE.NFO,2023-11-02,12:58:00,2023-11-21,132.65,132.65,132.65,132.65,0,0,1
FINNIFTY21NOV2320600PE.NFO,2023-11-02,12:59:00,2023-11-21,132.65,132.65,132.65,132.65,0,0,1
FINNIFTY21NOV2320600PE.NFO,2023-11-02,13:00:00,2023-11-21,132.65,132.65,132.65,132.65,0,0,1
FINNIFTY21NOV2320600PE.NFO,2023-11-02,13:01:00,2023-11-21,132.65,132.65,132.65,132.65,0,0,1
FINNIFTY21NOV2320600PE.NFO,2023-11-02,13:02:00,2023-11-21,132.65,132.65,132.65,132.65,0,0,1
FINNIFTY21NOV2320600PE.NFO,2023-11-02,13:03:00,2023-11-21,132.65,132.65,132.65,132.65,0,0,1
FINNIFTY21NOV2320600PE.NFO,2023-11-02,13:04:00,2023-11-21,132.65,132.65,132.65,132.65,0,0,1
FINNIFTY21NOV2320600PE.NFO,2023-11-02,13:05:00,2023-11-21,132.65,132.65,132.65,132.65,0,0,1
FINNIFTY21NOV2320600PE.NFO,2023-11-02,13:06:00,2023-11-21,132.65,132.65,132.65,132.65,0,0,1
FINNIFTY21NOV2320600PE.NFO,2023-11-02,13:07:00,2023-11-21,132.65,132.65,132.65,132.65,0,0,1
FINNIFTY21NOV2320600PE.NFO,2023-11-02,13:08:00,2023-11-21,132.65,132.65,132.65,132.65,0,0,1
FINNIFTY21NOV2320600PE.NFO,2023-11-02,13:09:00,2023-11-21,132.65,132.65,132.65,132.65,0,0,1
FINNIFTY21NOV2320600PE.NFO,2023-11-02,13:10:00,2023-11-21,132.65,132.65,132.65,132.65,0,0,1
FINNIFTY21NOV2320600PE.NFO,2023-11-02,13:11:00,2023-11-21,132.65,132.65,132.65,132.65,0,0,1
FINNIFTY21NOV2320600PE.NFO,2023-11-02,13:12:00,2023-11-21,132.65,132.65,132.65,132.65,0,0,1
FINNIFTY21NOV2320600PE.NFO,2023-11-02,13:13:00,2023-11-21,132.65,132.65,132.65,132.65,0,0,1
FINNIFTY21NOV2320600PE.NFO,2023-11-02,13:14:00,2023-11-21,132.65,132.65,132.65,132.65,0,0,1
FINNIFTY21NOV2320600PE.NFO,2023-11-02,13:15:00,2023-11-21,132.65,132.65,132.65,132.65,0,0,1
FINNIFTY21NOV2320600PE.NFO,2023-11-02,13:16:00,2023-11-21,132.65,132.65,132.65,132.65,0,0,1
FINNIFTY21NOV2320600PE.NFO,2023-11-02,13:17:00,2023-11-21,132.65,132.65,132.65,132.65,0,0,1
FINNIFTY21NOV2320600PE.NFO,2023-11-02,13:18:00,2023-11-21,132.65,132.65,132.65,132.65,0,0,1
FINNIFTY21NOV2320600PE.NFO,2023-11-02,13:19:00,2023-11-21,132.65,132.65,132.65,132.65,0,0,1
FINNIFTY21NOV2320600PE.NFO,2023-11-02,13:20:00,2023-11-21,132.65,132.65,132.65,132.65,0,0,1
FINNIFTY21NOV2320600PE.NFO,2023-11-02,13:21:00,2023-11-21,132.65,132.65,132.65,132.65,0,0,1
FINNIFTY21NOV2320600PE.NFO,2023-11-02,13:22:00,2023-11-21,132.65,132.65,132.65,132.65,0,0,1
FINNIFTY21NOV2320600PE.NFO,2023-11-02,13:23:00,2023-11-21,132.65,132.65,132.65,132.65,0,0,1
FINNIFTY21NOV2320600PE.NFO,2023-11-02,13:24:00,2023-11-21,132.65,132.65,132.65,132.65,0,0,1
FINNIFTY21NOV2320600PE.NFO,2023-11-02,13:25:00,2023-11-21,132.65,132.65,132.65,132.65,0,0,1
FINNIFTY21NOV2320600PE.NFO,2023-11-02,13:26:00,2023-11-21,132.65,132.65,132.65,132.65,0,0,1
FINNIFTY21NOV2320600PE.NFO,2023-11-02,13:27:00,2023-11-21,132.65,132.65,132.65,132.65,0,0,1
FINNIFTY21NOV2320600PE.NFO,2023-11-02,13:28:00,2023-11-21,132.65,132.65,132.65,132.65,0,0,1
FINNIFTY21NOV2320600PE.NFO,2023-11-02,13:29:00,2023-11-21,132.65,132.65,132.65,132.65,0,0,1
FINNIFTY21NOV2320600PE.NFO,2023-11-02,13:30:00,2023-11-21,132.65,132.65,132.65,132.65,0,0,1
FINNIFTY21NOV2320600PE.NFO,2023-11-02,13:31:00,2023-11-21,132.65,132.65,132.65,132.65,0,0,1
FINNIFTY21NOV2320600PE.NFO,2023-11-02,13:32:00,2023-11-21,132.65,132.65,132.65,132.65,0,0,1
FINNIFTY21NOV2320600PE.NFO,2023-11-02,13:33:00,2023-11-21,132.65,132.65,132.65,132.65,0,0,1
FINNIFTY21NOV2320600PE.NFO,2023-11-02,13:34:00,2023-11-21,132.65,132.65,132.65,132.65,0,0,1
FINNIFTY21NOV2320600PE.NFO,2023-11-02,13:35:00,2023-11-21,132.65,132.65,132.65,132.65,0,0,1
FINNIFTY21NOV2320600PE.NFO,2023-11-02,13:36:00,2023-11-21,132.65,132.65,132.65,132.65,0,0,1
FINNIFTY21NOV2320600PE.NFO,2023-11-02,13:37:00,2023-11-21,132.65,132.65,132.65,132.65,0,0,1
FINNIFTY21NOV2320600PE.NFO,2023-11-02,13:38:00,2023-11-21,132.65,132.65,132.65,132.65,0,0,1
FINNIFTY21NOV2320600PE.NFO,2023-11-02,13:39:00,2023-11-21,132.65,132.65,132.65,132.65,0,0,1
FINNIFTY21NOV2320600PE.NFO,2023-11-02,13:40:00,2023-11-21,132.65,132.65,132.65,132.65,0,0,1
FINNIFTY21NOV2320600PE.NFO,2023-11-02,13:41:00,2023-11-21,132.65,132.65,132.65,132.65,0,0,1
FINNIFTY21NOV2320600PE.NFO,2023-11-02,13:42:00,2023-11-21,132.65,132.65,132.65,132.65,0,0,1
FINNIFTY21NOV2320600PE.NFO,2023-11-02,13:43:00,2023-11-21,132.65,132.65,132.65,132.65,0,0,1
FINNIFTY21NOV2320600PE.NFO,2023-11-02,13:44:00,2023-11-21,132.65,132.65,132.65,132.65,0,0,1
FINNIFTY21NOV2320600PE.NFO,2023-11-02,13:45:00,2023-11-21,132.65,132.65,132.65,132.65,0,0,1
FINNIFTY21NOV2320600PE.NFO,2023-11-02,13:46:00,2023-11-21,132.65,132.65,132.65,132.65,0,0,1
FINNIFTY21NOV2320600PE.NFO,2023-11-02,13:47:00,2023-11-21,132.65,132.65,132.65,132.65,0,0,1
FINNIFTY21NOV2320600PE.NFO,2023-11-02,13:48:00,2023-11-21,132.65,132.65,132.65,132.65,0,0,1
FINNIFTY21NOV2320600PE.NFO,2023-11-02,13:49:00,2023-11-21,132.65,132.65,132.65,132.65,0,0,1
FINNIFTY21NOV2320600PE.NFO,2023-11-02,13:50:00,2023-11-21,132.65,132.65,132.65,132.65,0,0,1
FINNIFTY21NOV2320600PE.NFO,2023-11-02,13:51:00,2023-11-21,132.65,132.65,132.65,132.65,0,0,1
FINNIFTY21NOV2320600PE.NFO,2023-11-02,13:52:00,2023-11-21,132.65,132.65,132.65,132.65,0,0,1
FINNIFTY21NOV2320600PE.NFO,2023-11-02,13:53:00,2023-11-21,132.65,132.65,132.65,132.65,0,0,1
FINNIFTY21NOV2320600PE.NFO,2023-11-02,13:54:00,2023-11-21,132.65,132.65,132.65,132.65,0,0,1
FINNIFTY21NOV2320600PE.NFO,2023-11-02,13:55:00,2023-11-21,132.65,132.65,132.65,132.65,0,0,1
FINNIFTY21NOV2320600PE.NFO,2023-11-02,13:56:00,2023-11-21,132.65,132.65,132.65,132.65,0,0,1
FINNIFTY21NOV2320600PE.NFO,2023-11-02,13:57:00,2023-11-21,132.65,132.65,132.65,132.65,0,0,1
FINNIFTY21NOV2320600PE.NFO,2023-11-02,13:58:00,2023-11-21,132.65,132.65,132.65,132.65,0,0,1
FINNIFTY21NOV2320600PE.NFO,2023-11-02,13:59:00,2023-11-21,132.65,132.65,132.65,132.65,0,0,1
FINNIFTY21NOV2320600PE.NFO,2023-11-02,14:00:00,2023-11-21,132.65,132.65,132.65,132.65,0,0,1
FINNIFTY21NOV2320600PE.NFO,2023-11-02,14:01:00,2023-11-21,132.65,132.65,132.65,132.65,0,0,1
FINNIFTY21NOV2320600PE.NFO,2023-11-02,14:02:00,2023-11-21,132.65,132.65,132.65,132.65,0,0,1
FINNIFTY21NOV2320600PE.NFO,2023-11-02,14:03:00,2023-11-21,132.65,132.65,132.65,132.65,0,0,1
FINNIFTY21NOV2320600PE.NFO,2023-11-02,14:04:00,2023-11-21,132.65,132.65,132.65,132.65,0,0,1
FINNIFTY21NOV2320600PE.NFO,2023-11-02,14:05:00,2023-11-21,132.65,132.65,132.65,132.65,0,0,1
FINNIFTY21NOV2320600PE.NFO,2023-11-02,14:06:00,2023-11-21,132.65,132.65,132.65,132.65,0,0,1
FINNIFTY21NOV2320600PE.NFO,2023-11-02,14:07:00,2023-11-21,132.65,132.65,132.65,132.65,0,0,1
FINNIFTY21NOV2320600PE.NFO,2023-11-02,14:08:00,2023-11-21,132.65,132.65,132.65,132.65,0,0,1
FINNIFTY21NOV2320600PE.NFO,2023-11-02,14:09:00,2023-11-21,132.65,132.65,132.65,132.65,0,0,1
FINNIFTY21NOV2320600PE.NFO,2023-11-02,14:10:00,2023-11-21,132.65,132.65,132.65,132.65,0,0,1
FINNIFTY21NOV2320600PE.NFO,2023-11-02,14:11:00,2023-11-21,132.65,132.65,132.65,132.65,0,0,1
FINNIFTY21NOV2320600PE.NFO,2023-11-02,14:12:00,2023-11-21,132.65,132.65,132.65,132.65,0,0,1
FINNIFTY21NOV2320600PE.NFO,2023-11-02,14:13:00,2023-11-21,132.65,132.65,132.65,132.65,0,0,1
FINNIFTY21NOV2320600PE.NFO,2023-11-02,14:14:00,2023-11-21,132.65,132.65,132.65,132.65,0,0,1
FINNIFTY21NOV2320600PE.NFO,2023-11-02,14:15:00,2023-11-21,132.65,132.65,132.65,132.65,0,0,1
FINNIFTY21NOV2320600PE.NFO,2023-11-02,14:16:00,2023-11-21,132.65,132.65,132.65,132.65,0,0,1
FINNIFTY21NOV2320600PE.NFO,2023-11-02,14:17:00,2023-11-21,132.65,132.65,132.65,132.65,0,0,1
FINNIFTY21NOV2320600PE.NFO,2023-11-02,14:18:00,2023-11-21,132.65,132.65,132.65,132.65,0,0,1
FINNIFTY21NOV2320600PE.NFO,2023-11-02,14:19:00,2023-11-21,132.65,132.65,132.65,132.65,0,0,1
FINNIFTY21NOV2320600PE.NFO,2023-11-02,14:20:00,2023-11-21,132.65,132.65,132.65,132.65,0,0,1
FINNIFTY21NOV2320600PE.NFO,2023-11-02,14:21:00,2023-11-21,132.65,132.65,132.65,132.65,0,0,1
FINNIFTY21NOV2320600PE.NFO,2023-11-02,14:22:00,2023-11-21,132.65,132.65,132.65,132.65,0,0,1
FINNIFTY21NOV2320600PE.NFO,2023-11-02,14:23:00,2023-11-21,132.65,132.65,132.65,132.65,0,0,1
FINNIFTY21NOV2320600PE.NFO,2023-11-02,14:24:00,2023-11-21,132.65,132.65,132.65,132.65,0,0,1
FINNIFTY21NOV2320600PE.NFO,2023-11-02,14:25:00,2023-11-21,132.65,132.65,132.65,132.65,0,0,1
FINNIFTY21NOV2320600PE.NFO,2023-11-02,14:26:00,2023-11-21,132.65,132.65,132.65,132.65,0,0,1
FINNIFTY21NOV2320600PE.NFO,2023-11-02,14:27:00,2023-11-21,132.65,132.65,132.65,132.65,0,0,1
FINNIFTY21NOV2320600PE.NFO,2023-11-02,14:28:00,2023-11-21,132.65,132.65,132.65,132.65,0,0,1
FINNIFTY21NOV2320600PE.NFO,2023-11-02,14:29:00,2023-11-21,132.65,132.65,132.65,132.65,0,0,1
FINNIFTY21NOV2320600PE.NFO,2023-11-02,14:30:00,2023-11-21,132.65,132.65,132.65,132.65,0,0,1
FINNIFTY21NOV2320600PE.NFO,2023-11-02,14:31:00,2023-11-21,132.65,132.65,132.65,132.65,0,0,1
FINNIFTY21NOV2320600PE.NFO,2023-11-02,14:32:00,2023-11-21,132.65,132.65,132.65,132.65,0,0,1
FINNIFTY21NOV2320600PE.NFO,2023-11-02,14:33:00,2023-11-21,132.65,132.65,132.65,132.65,0,0,1
FINNIFTY21NOV2320600PE.NFO,2023-11-02,14:34:00,2023-11-21,132.65,132.65,132.65,132.65,0,0,1
FINNIFTY21NOV2320600PE.NFO,2023-11-02,14:35:00,2023-11-21,132.65,132.65,132.65,132.65,0,0,1
FINNIFTY21NOV2320600PE.NFO,2023-11-02,14:36:00,2023-11-21,132.65,132.65,132.65,132.65,0,0,1
FINNIFTY21NOV2320600PE.NFO,2023-11-02,14:37:00,2023-11-21,132.65,132.65,132.65,132.65,0,0,1
FINNIFTY21NOV2320600PE.NFO,2023-11-02,14:38:00,2023-11-21,132.65,132.65,132.65,132.65,0,0,1
FINNIFTY21NOV2320600PE.NFO,2023-11-02,14:39:00,2023-11-21,132.65,132.65,132.65,132.65,0,0,1
FINNIFTY21NOV2320600PE.NFO,2023-11-02,14:40:00,2023-11-21,132.65,132.65,132.65,132.65,0,0,1
FINNIFTY21NOV2320600PE.NFO,2023-11-02,14:41:00,2023-11-21,132.65,132.65,132.65,132.65,0,0,1
FINNIFTY21NOV2320600PE.NFO,2023-11-02,14:42:00,2023-11-21,132.65,132.65,132.65,132.65,0,0,1
FINNIFTY21NOV2320600PE.NFO,2023-11-02,14:43:00,2023-11-21,132.65,132.65,132.65,132.65,0,0,1
FINNIFTY21NOV2320600PE.NFO,2023-11-02,14:44:00,2023-11-21,132.65,132.65,132.65,132.65,0,0,1
FINNIFTY21NOV2320600PE.NFO,2023-11-02,14:45:00,2023-11-21,132.65,132.65,132.65,132.65,0,0,1
FINNIFTY21NOV2320600PE.NFO,2023-11-02,14:46:00,2023-11-21,132.65,132.65,132.65,132.65,0,0,1
FINNIFTY21NOV2320600PE.NFO,2023-11-02,14:47:00,2023-11-21,132.65,132.65,132.65,132.65,0,0,1
FINNIFTY21NOV2320600PE.NFO,2023-11-02,14:48:00,2023-11-21,132.65,132.65,132.65,132.65,0,0,1
FINNIFTY21NOV2320600PE.NFO,2023-11-02,14:49:00,2023-11-21,132.65,132.65,132.65,132.65,0,0,1
FINNIFTY21NOV2320600PE.NFO,2023-11-02,14:50:00,2023-11-21,132.65,132.65,132.65,132.65,0,0,1
FINNIFTY21NOV2320600PE.NFO,2023-11-02,14:51:00,2023-11-21,132.65,132.65,132.65,132.65,0,0,1
FINNIFTY21NOV2320600PE.NFO,2023-11-02,14:52:00,2023-11-21,132.65,132.65,132.65,132.65,0,0,1
FINNIFTY21NOV2320600PE.NFO,2023-11-02,14:53:00,2023-11-21,132.65,132.65,132.65,132.65,0,0,1
FINNIFTY21NOV2320600PE.NFO,2023-11-02,14:54:00,2023-11-21,132.65,132.65,132.65,132.65,0,0,1
FINNIFTY21NOV2320600PE.NFO,2023-11-02,14:55:00,2023-11-21,132.65,132.65,132.65,132.65,0,0,1
FINNIFTY21NOV2320600PE.NFO,2023-11-02,14:56:00,2023-11-21,132.65,132.65,132.65,132.65,0,0,1
FINNIFTY21NOV2320600PE.NFO,2023-11-02,14:57:00,2023-11-21,132.65,132.65,132.65,132.65,0,0,1
FINNIFTY21NOV2320600PE.NFO,2023-11-02,14:58:00,2023-11-21,132.65,132.65,132.65,132.65,0,0,1
FINNIFTY21NOV2320600PE.NFO,2023-11-02,14:59:00,2023-11-21,132.65,132.65,132.65,132.65,0,0,1
FINNIFTY21NOV2320600PE.NFO,2023-11-02,15:00:00,2023-11-21,132.65,132.65,132.65,132.65,0,0,1
FINNIFTY21NOV2320600PE.NFO,2023-11-02,15:01:00,2023-11-21,132.65,132.65,132.65,132.65,0,0,1
FINNIFTY21NOV2320600PE.NFO,2023-11-02,15:02:00,2023-11-21,132.65,132.65,132.65,132.65,0,0,1
FINNIFTY21NOV2320600PE.NFO,2023-11-02,15:03:00,2023-11-21,132.65,132.65,132.65,132.65,0,0,1
FINNIFTY21NOV2320600PE.NFO,2023-11-02,15:04:00,2023-11-21,132.65,132.65,132.65,132.65,0,0,1
FINNIFTY21NOV2320600PE.NFO,2023-11-02,15:05:00,2023-11-21,132.65,132.65,132.65,132.65,0,0,1
FINNIFTY21NOV2320600PE.NFO,2023-11-02,15:06:00,2023-11-21,132.65,132.65,132.65,132.65,0,0,1
FINNIFTY21NOV2320600PE.NFO,2023-11-02,15:07:00,2023-11-21,132.65,132.65,132.65,132.65,0,0,1
FINNIFTY21NOV2320600PE.NFO,2023-11-02,15:08:00,2023-11-21,132.65,132.65,132.65,132.65,0,0,1
FINNIFTY21NOV2320600PE.NFO,2023-11-02,15:09:00,2023-11-21,132.65,132.65,132.65,132.65,0,0,1
FINNIFTY21NOV2320600PE.NFO,2023-11-02,15:10:00,2023-11-21,132.65,132.65,132.65,132.65,0,0,1
FINNIFTY21NOV2320600PE.NFO,2023-11-02,15:11:00,2023-11-21,132.65,132.65,132.65,132.65,0,0,1
FINNIFTY21NOV2320600PE.NFO,2023-11-02,15:12:00,2023-11-21,132.65,132.65,132.65,132.65,0,0,1
FINNIFTY21NOV2320600PE.NFO,2023-11-02,15:13:00,2023-11-21,132.65,132.65,132.65,132.65,0,0,1
FINNIFTY21NOV2320600PE.NFO,2023-11-02,15:14:00,2023-11-21,132.65,132.65,132.65,132.65,0,0,1
FINNIFTY21NOV2320600PE.NFO,2023-11-02,15:15:00,2023-11-21,132.65,132.65,132.65,132.65,0,0,1
FINNIFTY21NOV2320600PE.NFO,2023-11-02,15:16:00,2023-11-21,132.65,132.65,132.65,132.65,0,0,1
FINNIFTY21NOV2320600PE.NFO,2023-11-02,15:17:00,2023-11-21,132.65,132.65,132.65,132.65,0,0,1
FINNIFTY21NOV2320600PE.NFO,2023-11-02,15:18:00,2023-11-21,132.65,132.65,132.65,132.65,0,0,1
FINNIFTY21NOV2320600PE.NFO,2023-11-02,15:19:00,2023-11-21,132.65,132.65,132.65,132.65,0,0,1
FINNIFTY21NOV2320600PE.NFO,2023-11-02,15:20:00,2023-11-21,132.65,132.65,132.65,132.65,0,0,1
FINNIFTY21NOV2320600PE.NFO,2023-11-02,15:21:00,2023-11-21,132.65,132.65,132.65,132.65,0,0,1
FINNIFTY21NOV2320600PE.NFO,2023-11-02,15:22:00,2023-11-21,132.65,132.65,132.65,132.65,0,0,1
FINNIFTY21NOV2320600PE.NFO,2023-11-02,15:23:00,2023-11-21,132.65,132.65,132.65,132.65,0,0,1
FINNIFTY21NOV2320600PE.NFO,2023-11-02,15:24:00,2023-11-21,132.65,132.65,132.65,132.65,0,0,1
FINNIFTY21NOV2320600PE.NFO,2023-11-02,15:25:00,2023-11-21,132.65,132.65,132.65,132.65,0,0,1
FINNIFTY21NOV2320600PE.NFO,2023-11-02,15:26:00,2023-11-21,132.65,132.65,132.65,132.65,0,0,1
FINNIFTY21NOV2320600PE.NFO,2023-11-02,15:27:00,2023-11-21,132.65,132.65,132.65,132.65,0,0,1
FINNIFTY21NOV2320600PE.NFO,2023-11-02,15:28:00,2023-11-21,132.65,132.65,132.65,132.65,0,0,1
FINNIFTY21NOV2320600PE.NFO,2023-11-02,15:29:00,2023-11-21,132.65,132.65,132.65,132.65,0,0,1
FINNIFTY21NOV2320600PE.NFO,2023-11-02,15:30:00,2023-11-21,132.65,132.65,132.65,132.65,0,0,1
FINNIFTY21NOV2320600PE.NFO,2023-11-03,09:15:00,2023-11-21,132.65,132.65,132.65,132.65,0,0,0
FINNIFTY21NOV2320600PE.NFO,2023-11-03,09:16:00,2023-11-21,132.65,132.65,132.65,132.65,0,0,1
FINNIFTY21NOV2320600PE.NFO,2023-11-03,09:17:00,2023-11-21,132.65,132.65,132.65,132.65,0,0,1
FINNIFTY21NOV2320600PE.NFO,2023-11-03,09:18:00,2023-11-21,132.65,132.65,132.65,132.65,0,0,1
FINNIFTY21NOV2320600PE.NFO,2023-11-03,09:19:00,2023-11-21,132.65,132.65,132.65,132.65,0,0,1
FINNIFTY21NOV2320600PE.NFO,2023-11-03,09:20:00,2023-11-21,132.65,132.65,132.65,132.65,0,0,1
FINNIFTY21NOV2320600PE.NFO,2023-11-03,09:21:00,2023-11-21,132.65,132.65,132.65,132.65,0,0,1
FINNIFTY21NOV2320600PE.NFO,2023-11-03,09:22:00,2023-11-21,132.65,132.65,132.65,132.65,0,0,1
FINNIFTY21NOV2320600PE.NFO,2023-11-03,09:23:00,2023-11-21,132.65,132.65,132.65,132.65,0,0,1
FINNIFTY21NOV2320600PE.NFO,2023-11-03,09:24:00,2023-11-21,132.65,132.65,132.65,132.65,0,0,1
FINNIFTY21NOV2320600PE.NFO,2023-11-03,09:25:00,2023-11-21,132.65,132.65,132.65,132.65,0,0,1
FINNIFTY21NOV2320600PE.NFO,2023-11-03,09:26:00,2023-11-21,132.65,132.65,132.65,132.65,0,0,1
FINNIFTY21NOV2320600PE.NFO,2023-11-03,09:27:00,2023-11-21,132.65,132.65,132.65,132.65,0,0,1
FINNIFTY21NOV2320600PE.NFO,2023-11-03,09:28:00,2023-11-21,132.65,132.65,132.65,132.65,0,0,1
FINNIFTY21NOV2320600PE.NFO,2023-11-03,09:29:00,2023-11-21,132.65,132.65,132.65,132.65,0,0,1
FINNIFTY21NOV2320600PE.NFO,2023-11-03,09:30:00,2023-11-21,132.65,132.65,132.65,132.65,0,0,1
FINNIFTY21NOV2320600PE.NFO,2023-11-03,09:31:00,2023-11-21,132.65,132.65,132.65,132.65,0,0,1
FINNIFTY21NOV2320600PE.NFO,2023-11-03,09:32:00,2023-11-21,132.65,132.65,132.65,132.65,0,0,1
FINNIFTY21NOV2320600PE.NFO,2023-11-03,09:33:00,2023-11-21,132.65,132.65,132.65,132.65,0,0,1
FINNIFTY21NOV2320600PE.NFO,2023-11-03,09:34:00,2023-11-21,132.65,132.65,132.65,132.65,0,0,1
FINNIFTY21NOV2320600PE.NFO,2023-11-03,09:35:00,2023-11-21,132.65,132.65,132.65,132.65,0,0,1
FINNIFTY21NOV2320600PE.NFO,2023-11-03,09:36:00,2023-11-21,132.65,132.65,132.65,132.65,0,0,1
FINNIFTY21NOV2320600PE.NFO,2023-11-03,09:37:00,2023-11-21,132.65,132.65,132.65,132.65,0,0,1
FINNIFTY21NOV2320600PE.NFO,2023-11-03,09:38:00,2023-11-21,132.65,132.65,132.65,132.65,0,0,1
FINNIFTY21NOV2320600PE.NFO,2023-11-03,09:39:00,2023-11-21,132.65,132.65,132.65,132.65,0,0,1
FINNIFTY21NOV2320600PE.NFO,2023-11-03,09:40:00,2023-11-21,132.65,132.65,132.65,132.65,0,0,1
FINNIFTY21NOV2320600PE.NFO,2023-11-03,09:41:00,2023-11-21,132.65,132.65,132.65,132.65,0,0,1
FINNIFTY21NOV2320600PE.NFO,2023-11-03,09:42:00,2023-11-21,132.65,132.65,132.65,132.65,0,0,1
FINNIFTY21NOV2320600PE.NFO,2023-11-03,09:43:00,2023-11-21,132.65,132.65,132.65,132.65,0,0,1
FINNIFTY21NOV2320600PE.NFO,2023-11-03,09:44:00,2023-11-21,132.65,132.65,132.65,132.65,0,0,1
FINNIFTY21NOV2320600PE.NFO,2023-11-03,09:45:00,2023-11-21,132.65,132.65,132.65,132.65,0,0,1
FINNIFTY21NOV2320600PE.NFO,2023-11-03,09:46:00,2023-11-21,132.65,132.65,132.65,132.65,0,0,1
FINNIFTY21NOV2320600PE.NFO,2023-11-03,09:47:00,2023-11-21,132.65,132.65,132.65,132.65,0,0,1
FINNIFTY21NOV2320600PE.NFO,2023-11-03,09:48:00,2023-11-21,132.65,132.65,132.65,132.65,0,0,1
FINNIFTY21NOV2320600PE.NFO,2023-11-03,09:49:00,2023-11-21,132.65,132.65,132.65,132.65,0,0,1
FINNIFTY21NOV2320600PE.NFO,2023-11-03,09:50:00,2023-11-21,132.65,132.65,132.65,132.65,0,0,1
FINNIFTY21NOV2320600PE.NFO,2023-11-03,09:51:00,2023-11-21,132.65,132.65,132.65,132.65,0,0,1
FINNIFTY21NOV2320600PE.NFO,2023-11-03,09:52:00,2023-11-21,132.65,132.65,132.65,132.65,0,0,1
FINNIFTY21NOV2320600PE.NFO,2023-11-03,09:53:00,2023-11-21,132.65,132.65,132.65,132.65,0,0,1
FINNIFTY21NOV2320600PE.NFO,2023-11-03,09:54:00,2023-11-21,132.65,132.65,132.65,132.65,0,0,1
FINNIFTY21NOV2320600PE.NFO,2023-11-03,09:55:00,2023-11-21,132.65,132.65,132.65,132.65,0,0,1
FINNIFTY21NOV2320600PE.NFO,2023-11-03,09:56:00,2023-11-21,132.65,132.65,132.65,132.65,0,0,1
FINNIFTY21NOV2320600PE.NFO,2023-11-03,09:57:00,2023-11-21,132.65,132.65,132.65,132.65,0,0,1
FINNIFTY21NOV2320600PE.NFO,2023-11-03,09:58:00,2023-11-21,132.65,132.65,132.65,132.65,0,0,1
FINNIFTY21NOV2320600PE.NFO,2023-11-03,09:59:00,2023-11-21,132.65,132.65,132.65,132.65,0,0,1
FINNIFTY21NOV2320600PE.NFO,2023-11-03,10:00:00,2023-11-21,132.65,132.65,132.65,132.65,0,0,1
FINNIFTY21NOV2320600PE.NFO,2023-11-03,10:01:00,2023-11-21,132.65,132.65,132.65,132.65,0,0,1
FINNIFTY21NOV2320600PE.NFO,2023-11-03,10:02:00,2023-11-21,132.65,132.65,132.65,132.65,0,0,1
FINNIFTY21NOV2320600PE.NFO,2023-11-03,10:03:00,2023-11-21,132.65,132.65,132.65,132.65,0,0,1
FINNIFTY21NOV2320600PE.NFO,2023-11-03,10:04:00,2023-11-21,132.65,132.65,132.65,132.65,0,0,1
FINNIFTY21NOV2320600PE.NFO,2023-11-03,10:05:00,2023-11-21,132.65,132.65,132.65,132.65,0,0,1
FINNIFTY21NOV2320600PE.NFO,2023-11-03,10:06:00,2023-11-21,132.65,132.65,132.65,132.65,0,0,1
FINNIFTY21NOV2320600PE.NFO,2023-11-03,10:07:00,2023-11-21,132.65,132.65,132.65,132.65,0,0,1
FINNIFTY21NOV2320600PE.NFO,2023-11-03,10:08:00,2023-11-21,132.65,132.65,132.65,132.65,0,0,1
FINNIFTY21NOV2320600PE.NFO,2023-11-03,10:09:00,2023-11-21,132.65,132.65,132.65,132.65,0,0,1
FINNIFTY21NOV2320600PE.NFO,2023-11-03,10:10:00,2023-11-21,132.65,132.65,132.65,132.65,0,0,1
FINNIFTY21NOV2320600PE.NFO,2023-11-03,10:11:00,2023-11-21,132.65,132.65,132.65,132.65,0,0,1
FINNIFTY21NOV2320600PE.NFO,2023-11-03,10:12:00,2023-11-21,132.65,132.65,132.65,132.65,0,0,1
FINNIFTY21NOV2320600PE.NFO,2023-11-03,10:13:00,2023-11-21,132.65,132.65,132.65,132.65,0,0,1
FINNIFTY21NOV2320600PE.NFO,2023-11-03,10:14:00,2023-11-21,132.65,132.65,132.65,132.65,0,0,1
FINNIFTY21NOV2320600PE.NFO,2023-11-03,10:15:00,2023-11-21,132.65,132.65,132.65,132.65,0,0,1
FINNIFTY21NOV2320600PE.NFO,2023-11-03,10:16:00,2023-11-21,132.65,132.65,132.65,132.65,0,0,1
FINNIFTY21NOV2320600PE.NFO,2023-11-03,10:17:00,2023-11-21,132.65,132.65,132.65,132.65,0,0,1
FINNIFTY21NOV2320600PE.NFO,2023-11-03,10:18:00,2023-11-21,132.65,132.65,132.65,132.65,0,0,1
FINNIFTY21NOV2320600PE.NFO,2023-11-03,10:19:00,2023-11-21,132.65,132.65,132.65,132.65,0,0,1
FINNIFTY21NOV2320600PE.NFO,2023-11-03,10:20:00,2023-11-21,132.65,132.65,132.65,132.65,0,0,1
FINNIFTY21NOV2320600PE.NFO,2023-11-03,10:21:00,2023-11-21,132.65,132.65,132.65,132.65,0,0,1
FINNIFTY21NOV2320600PE.NFO,2023-11-03,10:22:00,2023-11-21,132.65,132.65,132.65,132.65,0,0,1
FINNIFTY21NOV2320600PE.NFO,2023-11-03,10:23:00,2023-11-21,132.65,132.65,132.65,132.65,0,0,1
FINNIFTY21NOV2320600PE.NFO,2023-11-03,10:24:00,2023-11-21,132.65,132.65,132.65,132.65,0,0,1
FINNIFTY21NOV2320600PE.NFO,2023-11-03,10:25:00,2023-11-21,132.65,132.65,132.65,132.65,0,0,1
FINNIFTY21NOV2320600PE.NFO,2023-11-03,10:26:00,2023-11-21,132.65,132.65,132.65,132.65,0,0,1
FINNIFTY21NOV2320600PE.NFO,2023-11-03,10:27:00,2023-11-21,132.65,132.65,132.65,132.65,0,0,1
FINNIFTY21NOV2320600PE.NFO,2023-11-03,10:28:00,2023-11-21,132.65,132.65,132.65,132.65,0,0,1
FINNIFTY21NOV2320600PE.NFO,2023-11-03,10:29:00,2023-11-21,132.65,132.65,132.65,132.65,0,0,1
FINNIFTY21NOV2320600PE.NFO,2023-11-03,10:30:00,2023-11-21,132.65,132.65,132.65,132.65,0,0,1
FINNIFTY21NOV2320600PE.NFO,2023-11-03,10:31:00,2023-11-21,132.65,132.65,132.65,132.65,0,0,1
FINNIFTY21NOV2320600PE.NFO,2023-11-03,10:32:00,2023-11-21,132.65,132.65,132.65,132.65,0,0,1
FINNIFTY21NOV2320600PE.NFO,2023-11-03,10:33:00,2023-11-21,132.65,132.65,132.65,132.65,0,0,1
FINNIFTY21NOV2320600PE.NFO,2023-11-03,10:34:00,2023-11-21,132.65,132.65,132.65,132.65,0,0,1
FINNIFTY21NOV2320600PE.NFO,2023-11-03,10:35:00,2023-11-21,132.65,132.65,132.65,132.65,0,0,1
FINNIFTY21NOV2320600PE.NFO,2023-11-03,10:36:00,2023-11-21,132.65,132.65,132.65,132.65,0,0,1
FINNIFTY21NOV2320600PE.NFO,2023-11-03,10:37:00,2023-11-21,132.65,132.65,132.65,132.65,0,0,1
FINNIFTY21NOV2320600PE.NFO,2023-11-03,10:38:00,2023-11-21,132.65,132.65,132.65,132.65,0,0,1
FINNIFTY21NOV2320600PE.NFO,2023-11-03,10:39:00,2023-11-21,132.65,132.65,132.65,132.65,0,0,1
FINNIFTY21NOV2320600PE.NFO,2023-11-03,10:40:00,2023-11-21,132.65,132.65,132.65,132.65,0,0,1
FINNIFTY21NOV2320600PE.NFO,2023-11-03,10:41:00,2023-11-21,132.65,132.65,132.65,132.65,0,0,1
FINNIFTY21NOV2320600PE.NFO,2023-11-03,10:42:00,2023-11-21,132.65,132.65,132.65,132.65,0,0,1
FINNIFTY21NOV2320600PE.NFO,2023-11-03,10:43:00,2023-11-21,132.65,132.65,132.65,132.65,0,0,1
FINNIFTY21NOV2320600PE.NFO,2023-11-03,10:44:00,2023-11-21,132.65,132.65,132.65,132.65,0,0,1
FINNIFTY21NOV2320600PE.NFO,2023-11-03,10:45:00,2023-11-21,132.65,132.65,132.65,132.65,0,0,1
FINNIFTY21NOV2320600PE.NFO,2023-11-03,10:46:00,2023-11-21,132.65,132.65,132.65,132.65,0,0,1
FINNIFTY21NOV2320600PE.NFO,2023-11-03,10:47:00,2023-11-21,132.65,132.65,132.65,132.65,0,0,1
FINNIFTY21NOV2320600PE.NFO,2023-11-03,10:48:00,2023-11-21,132.65,132.65,132.65,132.65,0,0,1
FINNIFTY21NOV2320600PE.NFO,2023-11-03,10:49:00,2023-11-21,132.65,132.65,132.65,132.65,0,0,1
FINNIFTY21NOV2320600PE.NFO,2023-11-03,10:50:00,2023-11-21,132.65,132.65,132.65,132.65,0,0,1
FINNIFTY21NOV2320600PE.NFO,2023-11-03,10:51:00,2023-11-21,132.65,132.65,132.65,132.65,0,0,1
FINNIFTY21NOV2320600PE.NFO,2023-11-03,10:52:00,2023-11-21,132.65,132.65,132.65,132.65,0,0,1
FINNIFTY21NOV2320600PE.NFO,2023-11-03,10:53:00,2023-11-21,132.65,132.65,132.65,132.65,0,0,1
FINNIFTY21NOV2320600PE.NFO,2023-11-03,10:54:00,2023-11-21,132.65,132.65,132.65,132.65,0,0,1
FINNIFTY21NOV2320600PE.NFO,2023-11-03,10:55:00,2023-11-21,132.65,132.65,132.65,132.65,0,0,1
FINNIFTY21NOV2320600PE.NFO,2023-11-03,10:56:00,2023-11-21,132.65,132.65,132.65,132.65,0,0,1
FINNIFTY21NOV2320600PE.NFO,2023-11-03,10:57:00,2023-11-21,132.65,132.65,132.65,132.65,0,0,1
FINNIFTY21NOV2320600PE.NFO,2023-11-03,10:58:00,2023-11-21,132.65,132.65,132.65,132.65,0,0,1
FINNIFTY21NOV2320600PE.NFO,2023-11-03,10:59:00,2023-11-21,132.65,132.65,132.65,132.65,0,0,1
FINNIFTY21NOV2320600PE.NFO,2023-11-03,11:00:00,2023-11-21,132.65,132.65,132.65,132.65,0,0,1
FINNIFTY21NOV2320600PE.NFO,2023-11-03,11:01:00,2023-11-21,132.65,132.65,132.65,132.65,0,0,1
FINNIFTY21NOV2320600PE.NFO,2023-11-03,11:02:00,2023-11-21,132.65,132.65,132.65,132.65,0,0,1
FINNIFTY21NOV2320600PE.NFO,2023-11-03,11:03:00,2023-11-21,132.65,132.65,132.65,132.65,0,0,1
FINNIFTY21NOV2320600PE.NFO,2023-11-03,11:04:00,2023-11-21,132.65,132.65,132.65,132.65,0,0,1
FINNIFTY21NOV2320600PE.NFO,2023-11-03,11:05:00,2023-11-21,132.65,132.65,132.65,132.65,0,0,1
FINNIFTY21NOV2320600PE.NFO,2023-11-03,11:06:00,2023-11-21,132.65,132.65,132.65,132.65,0,0,1
FINNIFTY21NOV2320600PE.NFO,2023-11-03,11:07:00,2023-11-21,132.65,132.65,132.65,132.65,0,0,1
FINNIFTY21NOV2320600PE.NFO,2023-11-03,11:08:00,2023-11-21,132.65,132.65,132.65,132.65,0,0,1
FINNIFTY21NOV2320600PE.NFO,2023-11-03,11:09:00,2023-11-21,132.65,132.65,132.65,132.65,0,0,1
FINNIFTY21NOV2320600PE.NFO,2023-11-03,11:10:00,2023-11-21,132.65,132.65,132.65,132.65,0,0,1
FINNIFTY21NOV2320600PE.NFO,2023-11-03,11:11:00,2023-11-21,132.65,132.65,132.65,132.65,0,0,1
FINNIFTY21NOV2320600PE.NFO,2023-11-03,11:12:00,2023-11-21,132.65,132.65,132.65,132.65,0,0,1
FINNIFTY21NOV2320600PE.NFO,2023-11-03,11:13:00,2023-11-21,132.65,132.65,132.65,132.65,0,0,1
FINNIFTY21NOV2320600PE.NFO,2023-11-03,11:14:00,2023-11-21,132.65,132.65,132.65,132.65,0,0,1
FINNIFTY21NOV2320600PE.NFO,2023-11-03,11:15:00,2023-11-21,132.65,132.65,132.65,132.65,0,0,1
FINNIFTY21NOV2320600PE.NFO,2023-11-03,11:16:00,2023-11-21,132.65,132.65,132.65,132.65,0,0,1
FINNIFTY21NOV2320600PE.NFO,2023-11-03,11:17:00,2023-11-21,132.65,132.65,132.65,132.65,0,0,1
FINNIFTY21NOV2320600PE.NFO,2023-11-03,11:18:00,2023-11-21,132.65,132.65,132.65,132.65,0,0,1
FINNIFTY21NOV2320600PE.NFO,2023-11-03,11:19:00,2023-11-21,132.65,132.65,132.65,132.65,0,0,1
FINNIFTY21NOV2320600PE.NFO,2023-11-03,11:20:00,2023-11-21,132.65,132.65,132.65,132.65,0,0,1
FINNIFTY21NOV2320600PE.NFO,2023-11-03,11:21:00,2023-11-21,132.65,132.65,132.65,132.65,0,0,1
FINNIFTY21NOV2320600PE.NFO,2023-11-03,11:22:00,2023-11-21,132.65,132.65,132.65,132.65,0,0,1
FINNIFTY21NOV2320600PE.NFO,2023-11-03,11:23:00,2023-11-21,132.65,132.65,132.65,132.65,0,0,1
FINNIFTY21NOV2320600PE.NFO,2023-11-03,11:24:00,2023-11-21,132.65,132.65,132.65,132.65,0,0,1
FINNIFTY21NOV2320600PE.NFO,2023-11-03,11:25:00,2023-11-21,132.65,132.65,132.65,132.65,0,0,1
FINNIFTY21NOV2320600PE.NFO,2023-11-03,11:26:00,2023-11-21,132.65,132.65,132.65,132.65,0,0,1
FINNIFTY21NOV2320600PE.NFO,2023-11-03,11:27:00,2023-11-21,132.65,132.65,132.65,132.65,0,0,1
FINNIFTY21NOV2320600PE.NFO,2023-11-03,11:28:00,2023-11-21,132.65,132.65,132.65,132.65,0,0,1
FINNIFTY21NOV2320600PE.NFO,2023-11-03,11:29:00,2023-11-21,132.65,132.65,132.65,132.65,0,0,1
FINNIFTY21NOV2320600PE.NFO,2023-11-03,11:30:00,2023-11-21,132.65,132.65,132.65,132.65,0,0,1
FINNIFTY21NOV2320600PE.NFO,2023-11-03,11:31:00,2023-11-21,132.65,132.65,132.65,132.65,0,0,1
FINNIFTY21NOV2320600PE.NFO,2023-11-03,11:32:00,2023-11-21,132.65,132.65,132.65,132.65,0,0,1
FINNIFTY21NOV2320600PE.NFO,2023-11-03,11:33:00,2023-11-21,132.65,132.65,132.65,132.65,0,0,1
FINNIFTY21NOV2320600PE.NFO,2023-11-03,11:34:00,2023-11-21,132.65,132.65,132.65,132.65,0,0,1
FINNIFTY21NOV2320600PE.NFO,2023-11-03,11:35:00,2023-11-21,132.65,132.65,132.65,132.65,0,0,1
FINNIFTY21NOV2320600PE.NFO,2023-11-03,11:36:00,2023-11-21,132.65,132.65,132.65,132.65,0,0,1
FINNIFTY21NOV2320600PE.NFO,2023-11-03,11:37:00,2023-11-21,132.65,132.65,132.65,132.65,0,0,1
FINNIFTY21NOV2320600PE.NFO,2023-11-03,11:38:00,2023-11-21,132.65,132.65,132.65,132.65,0,0,1
FINNIFTY21NOV2320600PE.NFO,2023-11-03,11:39:00,2023-11-21,132.65,132.65,132.65,132.65,0,0,1
FINNIFTY21NOV2320600PE.NFO,2023-11-03,11:40:00,2023-11-21,132.65,132.65,132.65,132.65,0,0,1
FINNIFTY21NOV2320600PE.NFO,2023-11-03,11:41:00,2023-11-21,132.65,132.65,132.65,132.65,0,0,1
FINNIFTY21NOV2320600PE.NFO,2023-11-03,11:42:00,2023-11-21,132.65,132.65,132.65,132.65,0,0,1
FINNIFTY21NOV2320600PE.NFO,2023-11-03,11:43:00,2023-11-21,132.65,132.65,132.65,132.65,0,0,1
FINNIFTY21NOV2320600PE.NFO,2023-11-03,11:44:00,2023-11-21,132.65,132.65,132.65,132.65,0,0,1
FINNIFTY21NOV2320600PE.NFO,2023-11-03,11:45:00,2023-11-21,132.65,132.65,132.65,132.65,0,0,1
FINNIFTY21NOV2320600PE.NFO,2023-11-03,11:46:00,2023-11-21,132.65,132.65,132.65,132.65,0,0,1
FINNIFTY21NOV2320600PE.NFO,2023-11-03,11:47:00,2023-11-21,132.65,132.65,132.65,132.65,0,0,1
FINNIFTY21NOV2320600PE.NFO,2023-11-03,11:48:00,2023-11-21,132.65,132.65,132.65,132.65,0,0,1
FINNIFTY21NOV2320600PE.NFO,2023-11-03,11:49:00,2023-11-21,132.65,132.65,132.65,132.65,0,0,1
FINNIFTY21NOV2320600PE.NFO,2023-11-03,11:50:00,2023-11-21,132.65,132.65,132.65,132.65,0,0,1
FINNIFTY21NOV2320600PE.NFO,2023-11-03,11:51:00,2023-11-21,132.65,132.65,132.65,132.65,0,0,1
FINNIFTY21NOV2320600PE.NFO,2023-11-03,11:52:00,2023-11-21,132.65,132.65,132.65,132.65,0,0,1
FINNIFTY21NOV2320600PE.NFO,2023-11-03,11:53:00,2023-11-21,132.65,132.65,132.65,132.65,0,0,1
FINNIFTY21NOV2320600PE.NFO,2023-11-03,11:54:00,2023-11-21,132.65,132.65,132.65,132.65,0,0,1
FINNIFTY21NOV2320600PE.NFO,2023-11-03,11:55:00,2023-11-21,132.65,132.65,132.65,132.65,0,0,1
FINNIFTY21NOV2320600PE.NFO,2023-11-03,11:56:00,2023-11-21,132.65,132.65,132.65,132.65,0,0,1
FINNIFTY21NOV2320600PE.NFO,2023-11-03,11:57:00,2023-11-21,132.65,132.65,132.65,132.65,0,0,1
FINNIFTY21NOV2320600PE.NFO,2023-11-03,11:58:00,2023-11-21,132.65,132.65,132.65,132.65,0,0,1
FINNIFTY21NOV2320600PE.NFO,2023-11-03,11:59:00,2023-11-21,132.65,132.65,132.65,132.65,0,0,1
FINNIFTY21NOV2320600PE.NFO,2023-11-03,12:00:00,2023-11-21,132.65,132.65,132.65,132.65,0,0,1
FINNIFTY21NOV2320600PE.NFO,2023-11-03,12:01:00,2023-11-21,132.65,132.65,132.65,132.65,0,0,1
FINNIFTY21NOV2320600PE.NFO,2023-11-03,12:02:00,2023-11-21,132.65,132.65,132.65,132.65,0,0,1
FINNIFTY21NOV2320600PE.NFO,2023-11-03,12:03:00,2023-11-21,132.65,132.65,132.65,132.65,0,0,1
FINNIFTY21NOV2320600PE.NFO,2023-11-03,12:04:00,2023-11-21,132.65,132.65,132.65,132.65,0,0,1
FINNIFTY21NOV2320600PE.NFO,2023-11-03,12:05:00,2023-11-21,132.65,132.65,132.65,132.65,0,0,1
FINNIFTY21NOV2320600PE.NFO,2023-11-03,12:06:00,2023-11-21,132.65,132.65,132.65,132.65,0,0,1
FINNIFTY21NOV2320600PE.NFO,2023-11-03,12:07:00,2023-11-21,132.65,132.65,132.65,132.65,0,0,1
FINNIFTY21NOV2320600PE.NFO,2023-11-03,12:08:00,2023-11-21,132.65,132.65,132.65,132.65,0,0,1
FINNIFTY21NOV2320600PE.NFO,2023-11-03,12:09:00,2023-11-21,132.65,132.65,132.65,132.65,0,0,1
FINNIFTY21NOV2320600PE.NFO,2023-11-03,12:10:00,2023-11-21,132.65,132.65,132.65,132.65,0,0,1
FINNIFTY21NOV2320600PE.NFO,2023-11-03,12:11:00,2023-11-21,132.65,132.65,132.65,132.65,0,0,1
FINNIFTY21NOV2320600PE.NFO,2023-11-03,12:12:00,2023-11-21,132.65,132.65,132.65,132.65,0,0,1
FINNIFTY21NOV2320600PE.NFO,2023-11-03,12:13:00,2023-11-21,132.65,132.65,132.65,132.65,0,0,1
FINNIFTY21NOV2320600PE.NFO,2023-11-03,12:14:00,2023-11-21,132.65,132.65,132.65,132.65,0,0,1
FINNIFTY21NOV2320600PE.NFO,2023-11-03,12:15:00,2023-11-21,132.65,132.65,132.65,132.65,0,0,1
FINNIFTY21NOV2320600PE.NFO,2023-11-03,12:16:00,2023-11-21,132.65,132.65,132.65,132.65,0,0,1
FINNIFTY21NOV2320600PE.NFO,2023-11-03,12:17:00,2023-11-21,132.65,132.65,132.65,132.65,0,0,1
FINNIFTY21NOV2320600PE.NFO,2023-11-03,12:18:00,2023-11-21,132.65,132.65,132.65,132.65,0,0,1
FINNIFTY21NOV2320600PE.NFO,2023-11-03,12:19:00,2023-11-21,132.65,132.65,132.65,132.65,0,0,1
FINNIFTY21NOV2320600PE.NFO,2023-11-03,12:20:00,2023-11-21,132.65,132.65,132.65,132.65,0,0,1
FINNIFTY21NOV2320600PE.NFO,2023-11-03,12:21:00,2023-11-21,132.65,132.65,132.65,132.65,0,0,1
FINNIFTY21NOV2320600PE.NFO,2023-11-03,12:22:00,2023-11-21,132.65,132.65,132.65,132.65,0,0,1
FINNIFTY21NOV2320600PE.NFO,2023-11-03,12:23:00,2023-11-21,132.65,132.65,132.65,132.65,0,0,1
FINNIFTY21NOV2320600PE.NFO,2023-11-03,12:24:00,2023-11-21,132.65,132.65,132.65,132.65,0,0,1
FINNIFTY21NOV2320600PE.NFO,2023-11-03,12:25:00,2023-11-21,132.65,132.65,132.65,132.65,0,0,1
FINNIFTY21NOV2320600PE.NFO,2023-11-03,12:26:00,2023-11-21,132.65,132.65,132.65,132.65,0,0,1
FINNIFTY21NOV2320600PE.NFO,2023-11-03,12:27:00,2023-11-21,132.65,132.65,132.65,132.65,0,0,1
FINNIFTY21NOV2320600PE.NFO,2023-11-03,12:28:00,2023-11-21,132.65,132.65,132.65,132.65,0,0,1
FINNIFTY21NOV2320600PE.NFO,2023-11-03,12:29:00,2023-11-21,132.65,132.65,132.65,132.65,0,0,1
FINNIFTY21NOV2320600PE.NFO,2023-11-03,12:30:00,2023-11-21,132.65,132.65,132.65,132.65,0,0,1
FINNIFTY21NOV2320600PE.NFO,2023-11-03,12:31:00,2023-11-21,132.65,132.65,132.65,132.65,0,0,1
FINNIFTY21NOV2320600PE.NFO,2023-11-03,12:32:00,2023-11-21,132.65,132.65,132.65,132.65,0,0,1
FINNIFTY21NOV2320600PE.NFO,2023-11-03,12:33:00,2023-11-21,132.65,132.65,132.65,132.65,0,0,1
FINNIFTY21NOV2320600PE.NFO,2023-11-03,12:34:00,2023-11-21,132.65,132.65,132.65,132.65,0,0,1
FINNIFTY21NOV2320600PE.NFO,2023-11-03,12:35:00,2023-11-21,132.65,132.65,132.65,132.65,0,0,1
FINNIFTY21NOV2320600PE.NFO,2023-11-03,12:36:00,2023-11-21,132.65,132.65,132.65,132.65,0,0,1
FINNIFTY21NOV2320600PE.NFO,2023-11-03,12:37:00,2023-11-21,132.65,132.65,132.65,132.65,0,0,1
FINNIFTY21NOV2320600PE.NFO,2023-11-03,12:38:00,2023-11-21,132.65,132.65,132.65,132.65,0,0,1
FINNIFTY21NOV2320600PE.NFO,2023-11-03,12:39:00,2023-11-21,132.65,132.65,132.65,132.65,0,0,1
FINNIFTY21NOV2320600PE.NFO,2023-11-03,12:40:00,2023-11-21,132.65,132.65,132.65,132.65,0,0,1
FINNIFTY21NOV2320600PE.NFO,2023-11-03,12:41:00,2023-11-21,132.65,132.65,132.65,132.65,0,0,1
FINNIFTY21NOV2320600PE.NFO,2023-11-03,12:42:00,2023-11-21,132.65,132.65,132.65,132.65,0,0,1
FINNIFTY21NOV2320600PE.NFO,2023-11-03,12:43:00,2023-11-21,132.65,132.65,132.65,132.65,0,0,1
FINNIFTY21NOV2320600PE.NFO,2023-11-03,12:44:00,2023-11-21,132.65,132.65,132.65,132.65,0,0,1
FINNIFTY21NOV2320600PE.NFO,2023-11-03,12:45:00,2023-11-21,132.65,132.65,132.65,132.65,0,0,1
FINNIFTY21NOV2320600PE.NFO,2023-11-03,12:46:00,2023-11-21,132.65,132.65,132.65,132.65,0,0,1
FINNIFTY21NOV2320600PE.NFO,2023-11-03,12:47:00,2023-11-21,132.65,132.65,132.65,132.65,0,0,1
FINNIFTY21NOV2320600PE.NFO,2023-11-03,12:48:00,2023-11-21,132.65,132.65,132.65,132.65,0,0,1
FINNIFTY21NOV2320600PE.NFO,2023-11-03,12:49:00,2023-11-21,132.65,132.65,132.65,132.65,0,0,1
FINNIFTY21NOV2320600PE.NFO,2023-11-03,12:50:00,2023-11-21,132.65,132.65,132.65,132.65,0,0,1
FINNIFTY21NOV2320600PE.NFO,2023-11-03,12:51:00,2023-11-21,132.65,132.65,132.65,132.65,0,0,1
FINNIFTY21NOV2320600PE.NFO,2023-11-03,12:52:00,2023-11-21,132.65,132.65,132.65,132.65,0,0,1
FINNIFTY21NOV2320600PE.NFO,2023-11-03,12:53:00,2023-11-21,132.65,132.65,132.65,132.65,0,0,1
FINNIFTY21NOV2320600PE.NFO,2023-11-03,12:54:00,2023-11-21,132.65,132.65,132.65,132.65,0,0,1
FINNIFTY21NOV2320600PE.NFO,2023-11-03,12:55:00,2023-11-21,132.65,132.65,132.65,132.65,0,0,1
FINNIFTY21NOV2320600PE.NFO,2023-11-03,12:56:00,2023-11-21,132.65,132.65,132.65,132.65,0,0,1
FINNIFTY21NOV2320600PE.NFO,2023-11-03,12:57:00,2023-11-21,132.65,132.65,132.65,132.65,0,0,1
FINNIFTY21NOV2320600PE.NFO,2023-11-03,12:58:00,2023-11-21,132.65,132.65,132.65,132.65,0,0,1
FINNIFTY21NOV2320600PE.NFO,2023-11-03,12:59:00,2023-11-21,132.65,132.65,132.65,132.65,0,0,1
FINNIFTY21NOV2320600PE.NFO,2023-11-03,13:00:00,2023-11-21,132.65,132.65,132.65,132.65,0,0,1
FINNIFTY21NOV2320600PE.NFO,2023-11-03,13:01:00,2023-11-21,132.65,132.65,132.65,132.65,0,0,1
FINNIFTY21NOV2320600PE.NFO,2023-11-03,13:02:00,2023-11-21,132.65,132.65,132.65,132.65,0,0,1
FINNIFTY21NOV2320600PE.NFO,2023-11-03,13:03:00,2023-11-21,132.65,132.65,132.65,132.65,0,0,1
FINNIFTY21NOV2320600PE.NFO,2023-11-03,13:04:00,2023-11-21,132.65,132.65,132.65,132.65,0,0,1
FINNIFTY21NOV2320600PE.NFO,2023-11-03,13:05:00,2023-11-21,132.65,132.65,132.65,132.65,0,0,1
FINNIFTY21NOV2320600PE.NFO,2023-11-03,13:06:00,2023-11-21,132.65,132.65,132.65,132.65,0,0,1
FINNIFTY21NOV2320600PE.NFO,2023-11-03,13:07:00,2023-11-21,132.65,132.65,132.65,132.65,0,0,1
FINNIFTY21NOV2320600PE.NFO,2023-11-03,13:08:00,2023-11-21,132.65,132.65,132.65,132.65,0,0,1
FINNIFTY21NOV2320600PE.NFO,2023-11-03,13:09:00,2023-11-21,132.65,132.65,132.65,132.65,0,0,1
FINNIFTY21NOV2320600PE.NFO,2023-11-03,13:10:00,2023-11-21,132.65,132.65,132.65,132.65,0,0,1
FINNIFTY21NOV2320600PE.NFO,2023-11-03,13:11:00,2023-11-21,132.65,132.65,132.65,132.65,0,0,1
FINNIFTY21NOV2320600PE.NFO,2023-11-03,13:12:00,2023-11-21,132.65,132.65,132.65,132.65,0,0,1
FINNIFTY21NOV2320600PE.NFO,2023-11-03,13:13:00,2023-11-21,132.65,132.65,132.65,132.65,0,0,1
FINNIFTY21NOV2320600PE.NFO,2023-11-03,13:14:00,2023-11-21,132.65,132.65,132.65,132.65,0,0,1
FINNIFTY21NOV2320600PE.NFO,2023-11-03,13:15:00,2023-11-21,132.65,132.65,132.65,132.65,0,0,1
FINNIFTY21NOV2320600PE.NFO,2023-11-03,13:16:00,2023-11-21,132.65,132.65,132.65,132.65,0,0,1
FINNIFTY21NOV2320600PE.NFO,2023-11-03,13:17:00,2023-11-21,132.65,132.65,132.65,132.65,0,0,1
FINNIFTY21NOV2320600PE.NFO,2023-11-03,13:18:00,2023-11-21,132.65,132.65,132.65,132.65,0,0,1
FINNIFTY21NOV2320600PE.NFO,2023-11-03,13:19:00,2023-11-21,132.65,132.65,132.65,132.65,0,0,1
FINNIFTY21NOV2320600PE.NFO,2023-11-03,13:20:00,2023-11-21,132.65,132.65,132.65,132.65,0,0,1
FINNIFTY21NOV2320600PE.NFO,2023-11-03,13:21:00,2023-11-21,132.65,132.65,132.65,132.65,0,0,1
FINNIFTY21NOV2320600PE.NFO,2023-11-03,13:22:00,2023-11-21,132.65,132.65,132.65,132.65,0,0,1
FINNIFTY21NOV2320600PE.NFO,2023-11-03,13:23:00,2023-11-21,132.65,132.65,132.65,132.65,0,0,1
FINNIFTY21NOV2320600PE.NFO,2023-11-03,13:24:00,2023-11-21,132.65,132.65,132.65,132.65,0,0,1
FINNIFTY21NOV2320600PE.NFO,2023-11-03,13:25:00,2023-11-21,132.65,132.65,132.65,132.65,0,0,1
FINNIFTY21NOV2320600PE.NFO,2023-11-03,13:26:00,2023-11-21,132.65,132.65,132.65,132.65,0,0,1
FINNIFTY21NOV2320600PE.NFO,2023-11-03,13:27:00,2023-11-21,132.65,132.65,132.65,132.65,0,0,1
FINNIFTY21NOV2320600PE.NFO,2023-11-03,13:28:00,2023-11-21,132.65,132.65,132.65,132.65,0,0,1
FINNIFTY21NOV2320600PE.NFO,2023-11-03,13:29:00,2023-11-21,132.65,132.65,132.65,132.65,0,0,1
FINNIFTY21NOV2320600PE.NFO,2023-11-03,13:30:00,2023-11-21,132.65,132.65,132.65,132.65,0,0,1
FINNIFTY21NOV2320600PE.NFO,2023-11-03,13:31:00,2023-11-21,132.65,132.65,132.65,132.65,0,0,1
FINNIFTY21NOV2320600PE.NFO,2023-11-03,13:32:00,2023-11-21,132.65,132.65,132.65,132.65,0,0,1
FINNIFTY21NOV2320600PE.NFO,2023-11-03,13:33:00,2023-11-21,132.65,132.65,132.65,132.65,0,0,1
FINNIFTY21NOV2320600PE.NFO,2023-11-03,13:34:00,2023-11-21,132.65,132.65,132.65,132.65,0,0,1
FINNIFTY21NOV2320600PE.NFO,2023-11-03,13:35:00,2023-11-21,132.65,132.65,132.65,132.65,0,0,1
FINNIFTY21NOV2320600PE.NFO,2023-11-03,13:36:00,2023-11-21,132.65,132.65,132.65,132.65,0,0,1
FINNIFTY21NOV2320600PE.NFO,2023-11-03,13:37:00,2023-11-21,132.65,132.65,132.65,132.65,0,0,1
FINNIFTY21NOV2320600PE.NFO,2023-11-03,13:38:00,2023-11-21,132.65,132.65,132.65,132.65,0,0,1
FINNIFTY21NOV2320600PE.NFO,2023-11-03,13:39:00,2023-11-21,132.65,132.65,132.65,132.65,0,0,1
FINNIFTY21NOV2320600PE.NFO,2023-11-03,13:40:00,2023-11-21,132.65,132.65,132.65,132.65,0,0,1
FINNIFTY21NOV2320600PE.NFO,2023-11-03,13:41:00,2023-11-21,132.65,132.65,132.65,132.65,0,0,1
FINNIFTY21NOV2320600PE.NFO,2023-11-03,13:42:00,2023-11-21,132.65,132.65,132.65,132.65,0,0,1
FINNIFTY21NOV2320600PE.NFO,2023-11-03,13:43:00,2023-11-21,132.65,132.65,132.65,132.65,0,0,1
FINNIFTY21NOV2320600PE.NFO,2023-11-03,13:44:00,2023-11-21,132.65,132.65,132.65,132.65,0,0,1
FINNIFTY21NOV2320600PE.NFO,2023-11-03,13:45:00,2023-11-21,132.65,132.65,132.65,132.65,0,0,1
FINNIFTY21NOV2320600PE.NFO,2023-11-03,13:46:00,2023-11-21,132.65,132.65,132.65,132.65,0,0,1
FINNIFTY21NOV2320600PE.NFO,2023-11-03,13:47:00,2023-11-21,132.65,132.65,132.65,132.65,0,0,1
FINNIFTY21NOV2320600PE.NFO,2023-11-03,13:48:00,2023-11-21,132.65,132.65,132.65,132.65,0,0,1
FINNIFTY21NOV2320600PE.NFO,2023-11-03,13:49:00,2023-11-21,132.65,132.65,132.65,132.65,0,0,1
FINNIFTY21NOV2320600PE.NFO,2023-11-03,13:50:00,2023-11-21,132.65,132.65,132.65,132.65,0,0,1
FINNIFTY21NOV2320600PE.NFO,2023-11-03,13:51:00,2023-11-21,132.65,132.65,132.65,132.65,0,0,1
FINNIFTY21NOV2320600PE.NFO,2023-11-03,13:52:00,2023-11-21,132.65,132.65,132.65,132.65,0,0,1
FINNIFTY21NOV2320600PE.NFO,2023-11-03,13:53:00,2023-11-21,132.65,132.65,132.65,132.65,0,0,1
FINNIFTY21NOV2320600PE.NFO,2023-11-03,13:54:00,2023-11-21,132.65,132.65,132.65,132.65,0,0,1
FINNIFTY21NOV2320600PE.NFO,2023-11-03,13:55:00,2023-11-21,132.65,132.65,132.65,132.65,0,0,1
FINNIFTY21NOV2320600PE.NFO,2023-11-03,13:56:00,2023-11-21,132.65,132.65,132.65,132.65,0,0,1
FINNIFTY21NOV2320600PE.NFO,2023-11-03,13:57:00,2023-11-21,132.65,132.65,132.65,132.65,0,0,1
FINNIFTY21NOV2320600PE.NFO,2023-11-03,13:58:00,2023-11-21,132.65,132.65,132.65,132.65,0,0,1
FINNIFTY21NOV2320600PE.NFO,2023-11-03,13:59:00,2023-11-21,132.65,132.65,132.65,132.65,0,0,1
FINNIFTY21NOV2320600PE.NFO,2023-11-03,14:00:00,2023-11-21,132.65,132.65,132.65,132.65,0,0,1
FINNIFTY21NOV2320600PE.NFO,2023-11-03,14:01:00,2023-11-21,132.65,132.65,132.65,132.65,0,0,1
FINNIFTY21NOV2320600PE.NFO,2023-11-03,14:02:00,2023-11-21,132.65,132.65,132.65,132.65,0,0,1
FINNIFTY21NOV2320600PE.NFO,2023-11-03,14:03:00,2023-11-21,132.65,132.65,132.65,132.65,0,0,1
FINNIFTY21NOV2320600PE.NFO,2023-11-03,14:04:00,2023-11-21,132.65,132.65,132.65,132.65,0,0,1
FINNIFTY21NOV2320600PE.NFO,2023-11-03,14:05:00,2023-11-21,132.65,132.65,132.65,132.65,0,0,1
FINNIFTY21NOV2320600PE.NFO,2023-11-03,14:06:00,2023-11-21,132.65,132.65,132.65,132.65,0,0,1
FINNIFTY21NOV2320600PE.NFO,2023-11-03,14:07:00,2023-11-21,132.65,132.65,132.65,132.65,0,0,1
FINNIFTY21NOV2320600PE.NFO,2023-11-03,14:08:00,2023-11-21,132.65,132.65,132.65,132.65,0,0,1
FINNIFTY21NOV2320600PE.NFO,2023-11-03,14:09:00,2023-11-21,132.65,132.65,132.65,132.65,0,0,1
FINNIFTY21NOV2320600PE.NFO,2023-11-03,14:10:00,2023-11-21,132.65,132.65,132.65,132.65,0,0,1
FINNIFTY21NOV2320600PE.NFO,2023-11-03,14:11:00,2023-11-21,132.65,132.65,132.65,132.65,0,0,1
FINNIFTY21NOV2320600PE.NFO,2023-11-03,14:12:00,2023-11-21,132.65,132.65,132.65,132.65,0,0,1
FINNIFTY21NOV2320600PE.NFO,2023-11-03,14:13:00,2023-11-21,132.65,132.65,132.65,132.65,0,0,1
FINNIFTY21NOV2320600PE.NFO,2023-11-03,14:14:00,2023-11-21,132.65,132.65,132.65,132.65,0,0,1
FINNIFTY21NOV2320600PE.NFO,2023-11-03,14:15:00,2023-11-21,132.65,132.65,132.65,132.65,0,0,1
FINNIFTY21NOV2320600PE.NFO,2023-11-03,14:16:00,2023-11-21,132.65,132.65,132.65,132.65,0,0,1
FINNIFTY21NOV2320600PE.NFO,2023-11-03,14:17:00,2023-11-21,132.65,132.65,132.65,132.65,0,0,1
FINNIFTY21NOV2320600PE.NFO,2023-11-03,14:18:00,2023-11-21,132.65,132.65,132.65,132.65,0,0,1
FINNIFTY21NOV2320600PE.NFO,2023-11-03,14:19:00,2023-11-21,132.65,132.65,132.65,132.65,0,0,1
FINNIFTY21NOV2320600PE.NFO,2023-11-03,14:20:00,2023-11-21,132.65,132.65,132.65,132.65,0,0,1
FINNIFTY21NOV2320600PE.NFO,2023-11-03,14:21:00,2023-11-21,132.65,132.65,132.65,132.65,0,0,1
FINNIFTY21NOV2320600PE.NFO,2023-11-03,14:22:00,2023-11-21,132.65,132.65,132.65,132.65,0,0,1
FINNIFTY21NOV2320600PE.NFO,2023-11-03,14:23:00,2023-11-21,132.65,132.65,132.65,132.65,0,0,1
FINNIFTY21NOV2320600PE.NFO,2023-11-03,14:24:00,2023-11-21,132.65,132.65,132.65,132.65,0,0,1
FINNIFTY21NOV2320600PE.NFO,2023-11-03,14:25:00,2023-11-21,132.65,132.65,132.65,132.65,0,0,1
FINNIFTY21NOV2320600PE.NFO,2023-11-03,14:26:00,2023-11-21,132.65,132.65,132.65,132.65,0,0,1
FINNIFTY21NOV2320600PE.NFO,2023-11-03,14:27:00,2023-11-21,132.65,132.65,132.65,132.65,0,0,1
FINNIFTY21NOV2320600PE.NFO,2023-11-03,14:28:00,2023-11-21,132.65,132.65,132.65,132.65,0,0,1
FINNIFTY21NOV2320600PE.NFO,2023-11-03,14:29:00,2023-11-21,132.65,132.65,132.65,132.65,0,0,1
FINNIFTY21NOV2320600PE.NFO,2023-11-03,14:30:00,2023-11-21,132.65,132.65,132.65,132.65,0,0,1
FINNIFTY21NOV2320600PE.NFO,2023-11-03,14:31:00,2023-11-21,132.65,132.65,132.65,132.65,0,0,1
FINNIFTY21NOV2320600PE.NFO,2023-11-03,14:32:00,2023-11-21,132.65,132.65,132.65,132.65,0,0,1
FINNIFTY21NOV2320600PE.NFO,2023-11-03,14:33:00,2023-11-21,132.65,132.65,132.65,132.65,0,0,1
FINNIFTY21NOV2320600PE.NFO,2023-11-03,14:34:00,2023-11-21,132.65,132.65,132.65,132.65,0,0,1
FINNIFTY21NOV2320600PE.NFO,2023-11-03,14:35:00,2023-11-21,132.65,132.65,132.65,132.65,0,0,1
FINNIFTY21NOV2320600PE.NFO,2023-11-03,14:36:00,2023-11-21,132.65,132.65,132.65,132.65,0,0,1
FINNIFTY21NOV2320600PE.NFO,2023-11-03,14:37:00,2023-11-21,132.65,132.65,132.65,132.65,0,0,1
FINNIFTY21NOV2320600PE.NFO,2023-11-03,14:38:00,2023-11-21,132.65,132.65,132.65,132.65,0,0,1
FINNIFTY21NOV2320600PE.NFO,2023-11-03,14:39:00,2023-11-21,132.65,132.65,132.65,132.65,0,0,1
FINNIFTY21NOV2320600PE.NFO,2023-11-03,14:40:00,2023-11-21,132.65,132.65,132.65,132.65,0,0,1
FINNIFTY21NOV2320600PE.NFO,2023-11-03,14:41:00,2023-11-21,132.65,132.65,132.65,132.65,0,0,1
FINNIFTY21NOV2320600PE.NFO,2023-11-03,14:42:00,2023-11-21,132.65,132.65,132.65,132.65,0,0,1
FINNIFTY21NOV2320600PE.NFO,2023-11-03,14:43:00,2023-11-21,132.65,132.65,132.65,132.65,0,0,1
FINNIFTY21NOV2320600PE.NFO,2023-11-03,14:44:00,2023-11-21,132.65,132.65,132.65,132.65,0,0,1
FINNIFTY21NOV2320600PE.NFO,2023-11-03,14:45:00,2023-11-21,132.65,132.65,132.65,132.65,0,0,1
FINNIFTY21NOV2320600PE.NFO,2023-11-03,14:46:00,2023-11-21,132.65,132.65,132.65,132.65,0,0,1
FINNIFTY21NOV2320600PE.NFO,2023-11-03,14:47:00,2023-11-21,132.65,132.65,132.65,132.65,0,0,1
FINNIFTY21NOV2320600PE.NFO,2023-11-03,14:48:00,2023-11-21,132.65,132.65,132.65,132.65,0,0,1
FINNIFTY21NOV2320600PE.NFO,2023-11-03,14:49:00,2023-11-21,132.65,132.65,132.65,132.65,0,0,1
FINNIFTY21NOV2320600PE.NFO,2023-11-03,14:50:00,2023-11-21,132.65,132.65,132.65,132.65,0,0,1
FINNIFTY21NOV2320600PE.NFO,2023-11-03,14:51:00,2023-11-21,132.65,132.65,132.65,132.65,0,0,1
FINNIFTY21NOV2320600PE.NFO,2023-11-03,14:52:00,2023-11-21,132.65,132.65,132.65,132.65,0,0,1
FINNIFTY21NOV2320600PE.NFO,2023-11-03,14:53:00,2023-11-21,132.65,132.65,132.65,132.65,0,0,1
FINNIFTY21NOV2320600PE.NFO,2023-11-03,14:54:00,2023-11-21,132.65,132.65,132.65,132.65,0,0,1
FINNIFTY21NOV2320600PE.NFO,2023-11-03,14:55:00,2023-11-21,132.65,132.65,132.65,132.65,0,0,1
FINNIFTY21NOV2320600PE.NFO,2023-11-03,14:56:00,2023-11-21,132.65,132.65,132.65,132.65,0,0,1
FINNIFTY21NOV2320600PE.NFO,2023-11-03,14:57:00,2023-11-21,132.65,132.65,132.65,132.65,0,0,1
FINNIFTY21NOV2320600PE.NFO,2023-11-03,14:58:00,2023-11-21,132.65,132.65,132.65,132.65,0,0,1
FINNIFTY21NOV2320600PE.NFO,2023-11-03,14:59:00,2023-11-21,132.65,132.65,132.65,132.65,0,0,1
FINNIFTY21NOV2320600PE.NFO,2023-11-03,15:00:00,2023-11-21,132.65,132.65,132.65,132.65,0,0,1
FINNIFTY21NOV2320600PE.NFO,2023-11-03,15:01:00,2023-11-21,132.65,132.65,132.65,132.65,0,0,1
FINNIFTY21NOV2320600PE.NFO,2023-11-03,15:02:00,2023-11-21,132.65,132.65,132.65,132.65,0,0,1
FINNIFTY21NOV2320600PE.NFO,2023-11-03,15:03:00,2023-11-21,132.65,132.65,132.65,132.65,0,0,1
FINNIFTY21NOV2320600PE.NFO,2023-11-03,15:04:00,2023-11-21,132.65,132.65,132.65,132.65,0,0,1
FINNIFTY21NOV2320600PE.NFO,2023-11-03,15:05:00,2023-11-21,132.65,132.65,132.65,132.65,0,0,1
FINNIFTY21NOV2320600PE.NFO,2023-11-03,15:06:00,2023-11-21,132.65,132.65,132.65,132.65,0,0,1
FINNIFTY21NOV2320600PE.NFO,2023-11-03,15:07:00,2023-11-21,132.65,132.65,132.65,132.65,0,0,1
FINNIFTY21NOV2320600PE.NFO,2023-11-03,15:08:00,2023-11-21,132.65,132.65,132.65,132.65,0,0,1
FINNIFTY21NOV2320600PE.NFO,2023-11-03,15:09:00,2023-11-21,132.65,132.65,132.65,132.65,0,0,1
FINNIFTY21NOV2320600PE.NFO,2023-11-03,15:10:00,2023-11-21,132.65,132.65,132.65,132.65,0,0,1
FINNIFTY21NOV2320600PE.NFO,2023-11-03,15:11:00,2023-11-21,132.65,132.65,132.65,132.65,0,0,1
FINNIFTY21NOV2320600PE.NFO,2023-11-03,15:12:00,2023-11-21,132.65,132.65,132.65,132.65,0,0,1
FINNIFTY21NOV2320600PE.NFO,2023-11-03,15:13:00,2023-11-21,132.65,132.65,132.65,132.65,0,0,1
FINNIFTY21NOV2320600PE.NFO,2023-11-03,15:14:00,2023-11-21,132.65,132.65,132.65,132.65,0,0,1
FINNIFTY21NOV2320600PE.NFO,2023-11-03,15:15:00,2023-11-21,132.65,132.65,132.65,132.65,0,0,1
FINNIFTY21NOV2320600PE.NFO,2023-11-03,15:16:00,2023-11-21,132.65,132.65,132.65,132.65,0,0,1
FINNIFTY21NOV2320600PE.NFO,2023-11-03,15:17:00,2023-11-21,132.65,132.65,132.65,132.65,0,0,1
FINNIFTY21NOV2320600PE.NFO,2023-11-03,15:18:00,2023-11-21,132.65,132.65,132.65,132.65,0,0,1
FINNIFTY21NOV2320600PE.NFO,2023-11-03,15:19:00,2023-11-21,132.65,132.65,132.65,132.65,0,0,1
FINNIFTY21NOV2320600PE.NFO,2023-11-03,15:20:00,2023-11-21,132.65,132.65,132.65,132.65,0,0,1
FINNIFTY21NOV2320600PE.NFO,2023-11-03,15:21:00,2023-11-21,132.65,132.65,132.65,132.65,0,0,1
FINNIFTY21NOV2320600PE.NFO,2023-11-03,15:22:00,2023-11-21,132.65,132.65,132.65,132.65,0,0,1
FINNIFTY21NOV2320600PE.NFO,2023-11-03,15:23:00,2023-11-21,132.65,132.65,132.65,132.65,0,0,1
FINNIFTY21NOV2320600PE.NFO,2023-11-03,15:24:00,2023-11-21,132.65,132.65,132.65,132.65,0,0,1
FINNIFTY21NOV2320600PE.NFO,2023-11-03,15:25:00,2023-11-21,132.65,132.65,132.65,132.65,0,0,1
FINNIFTY21NOV2320600PE.NFO,2023-11-03,15:26:00,2023-11-21,132.65,132.65,132.65,132.65,0,0,1
FINNIFTY21NOV2320600PE.NFO,2023-11-03,15:27:00,2023-11-21,132.65,132.65,132.65,132.65,0,0,1
FINNIFTY21NOV2320600PE.NFO,2023-11-03,15:28:00,2023-11-21,132.65,132.65,132.65,132.65,0,0,1
FINNIFTY21NOV2320600PE.NFO,2023-11-03,15:29:00,2023-11-21,132.65,132.65,132.65,132.65,0,0,1
FINNIFTY21NOV2320600PE.NFO,2023-11-03,15:30:00,2023-11-21,132.65,132.65,132.65,132.65,0,0,1
FINNIFTY21NOV2320600PE.NFO,2023-11-06,09:15:00,2023-11-21,132.65,132.65,132.65,132.65,0,0,0
FINNIFTY21NOV2320600PE.NFO,2023-11-06,09:16:00,2023-11-21,132.65,132.65,132.65,132.65,0,0,1
FINNIFTY21NOV2320600PE.NFO,2023-11-06,09:17:00,2023-11-21,132.65,132.65,132.65,132.65,0,0,1
FINNIFTY21NOV2320600PE.NFO,2023-11-06,09:18:00,2023-11-21,132.65,132.65,132.65,132.65,0,0,1
FINNIFTY21NOV2320600PE.NFO,2023-11-06,09:19:00,2023-11-21,132.65,132.65,132.65,132.65,0,0,1
FINNIFTY21NOV2320600PE.NFO,2023-11-06,09:20:00,2023-11-21,132.65,132.65,132.65,132.65,0,0,1
FINNIFTY21NOV2320600PE.NFO,2023-11-06,09:21:00,2023-11-21,132.65,132.65,132.65,132.65,0,0,1
FINNIFTY21NOV2320600PE.NFO,2023-11-06,09:22:00,2023-11-21,132.65,132.65,132.65,132.65,0,0,1
FINNIFTY21NOV2320600PE.NFO,2023-11-06,09:23:00,2023-11-21,132.65,132.65,132.65,132.65,0,0,1
FINNIFTY21NOV2320600PE.NFO,2023-11-06,09:24:00,2023-11-21,132.65,132.65,132.65,132.65,0,0,1
FINNIFTY21NOV2320600PE.NFO,2023-11-06,09:25:00,2023-11-21,132.65,132.65,132.65,132.65,0,0,1
FINNIFTY21NOV2320600PE.NFO,2023-11-06,09:26:00,2023-11-21,132.65,132.65,132.65,132.65,0,0,1
FINNIFTY21NOV2320600PE.NFO,2023-11-06,09:27:00,2023-11-21,132.65,132.65,132.65,132.65,0,0,1
FINNIFTY21NOV2320600PE.NFO,2023-11-06,09:28:00,2023-11-21,132.65,132.65,132.65,132.65,0,0,1
FINNIFTY21NOV2320600PE.NFO,2023-11-06,09:29:00,2023-11-21,132.65,132.65,132.65,132.65,0,0,1
FINNIFTY21NOV2320600PE.NFO,2023-11-06,09:30:00,2023-11-21,132.65,132.65,132.65,132.65,0,0,1
FINNIFTY21NOV2320600PE.NFO,2023-11-06,09:31:00,2023-11-21,132.65,132.65,132.65,132.65,0,0,1
FINNIFTY21NOV2320600PE.NFO,2023-11-06,09:32:00,2023-11-21,132.65,132.65,132.65,132.65,0,0,1
FINNIFTY21NOV2320600PE.NFO,2023-11-06,09:33:00,2023-11-21,132.65,132.65,132.65,132.65,0,0,1
FINNIFTY21NOV2320600PE.NFO,2023-11-06,09:34:00,2023-11-21,132.65,132.65,132.65,132.65,0,0,1
FINNIFTY21NOV2320600PE.NFO,2023-11-06,09:35:00,2023-11-21,132.65,132.65,132.65,132.65,0,0,1
FINNIFTY21NOV2320600PE.NFO,2023-11-06,09:36:00,2023-11-21,132.65,132.65,132.65,132.65,0,0,1
FINNIFTY21NOV2320600PE.NFO,2023-11-06,09:37:00,2023-11-21,132.65,132.65,132.65,132.65,0,0,1
FINNIFTY21NOV2320600PE.NFO,2023-11-06,09:38:00,2023-11-21,132.65,132.65,132.65,132.65,0,0,1
FINNIFTY21NOV2320600PE.NFO,2023-11-06,09:39:00,2023-11-21,132.65,132.65,132.65,132.65,0,0,1
FINNIFTY21NOV2320600PE.NFO,2023-11-06,09:40:00,2023-11-21,132.65,132.65,132.65,132.65,0,0,1
FINNIFTY21NOV2320600PE.NFO,2023-11-06,09:41:00,2023-11-21,132.65,132.65,132.65,132.65,0,0,1
FINNIFTY21NOV2320600PE.NFO,2023-11-06,09:42:00,2023-11-21,132.65,132.65,132.65,132.65,0,0,1
FINNIFTY21NOV2320600PE.NFO,2023-11-06,09:43:00,2023-11-21,132.65,132.65,132.65,132.65,0,0,1
FINNIFTY21NOV2320600PE.NFO,2023-11-06,09:44:00,2023-11-21,132.65,132.65,132.65,132.65,0,0,1
FINNIFTY21NOV2320600PE.NFO,2023-11-06,09:45:00,2023-11-21,132.65,132.65,132.65,132.65,0,0,1
FINNIFTY21NOV2320600PE.NFO,2023-11-06,09:46:00,2023-11-21,132.65,132.65,132.65,132.65,0,0,1
FINNIFTY21NOV2320600PE.NFO,2023-11-06,09:47:00,2023-11-21,132.65,132.65,132.65,132.65,0,0,1
FINNIFTY21NOV2320600PE.NFO,2023-11-06,09:48:00,2023-11-21,132.65,132.65,132.65,132.65,0,0,1
FINNIFTY21NOV2320600PE.NFO,2023-11-06,09:49:00,2023-11-21,132.65,132.65,132.65,132.65,0,0,1
FINNIFTY21NOV2320600PE.NFO,2023-11-06,09:50:00,2023-11-21,132.65,132.65,132.65,132.65,0,0,1
FINNIFTY21NOV2320600PE.NFO,2023-11-06,09:51:00,2023-11-21,132.65,132.65,132.65,132.65,0,0,1
FINNIFTY21NOV2320600PE.NFO,2023-11-06,09:52:00,2023-11-21,132.65,132.65,132.65,132.65,0,0,1
FINNIFTY21NOV2320600PE.NFO,2023-11-06,09:53:00,2023-11-21,132.65,132.65,132.65,132.65,0,0,1
FINNIFTY21NOV2320600PE.NFO,2023-11-06,09:54:00,2023-11-21,132.65,132.65,132.65,132.65,0,0,1
FINNIFTY21NOV2320600PE.NFO,2023-11-06,09:55:00,2023-11-21,132.65,132.65,132.65,132.65,0,0,1
FINNIFTY21NOV2320600PE.NFO,2023-11-06,09:56:00,2023-11-21,132.65,132.65,132.65,132.65,0,0,1
FINNIFTY21NOV2320600PE.NFO,2023-11-06,09:57:00,2023-11-21,132.65,132.65,132.65,132.65,0,0,1
FINNIFTY21NOV2320600PE.NFO,2023-11-06,09:58:00,2023-11-21,132.65,132.65,132.65,132.65,0,0,1
FINNIFTY21NOV2320600PE.NFO,2023-11-06,09:59:00,2023-11-21,132.65,132.65,132.65,132.65,0,0,1
FINNIFTY21NOV2320600PE.NFO,2023-11-06,10:00:00,2023-11-21,132.65,132.65,132.65,132.65,0,0,1
FINNIFTY21NOV2320600PE.NFO,2023-11-06,10:01:00,2023-11-21,132.65,132.65,132.65,132.65,0,0,1
FINNIFTY21NOV2320600PE.NFO,2023-11-06,10:02:00,2023-11-21,132.65,132.65,132.65,132.65,0,0,1
FINNIFTY21NOV2320600PE.NFO,2023-11-06,10:03:00,2023-11-21,132.65,132.65,132.65,132.65,0,0,1
FINNIFTY21NOV2320600PE.NFO,2023-11-06,10:04:00,2023-11-21,132.65,132.65,132.65,132.65,0,0,1
FINNIFTY21NOV2320600PE.NFO,2023-11-06,10:05:00,2023-11-21,132.65,132.65,132.65,132.65,0,0,1
FINNIFTY21NOV2320600PE.NFO,2023-11-06,10:06:00,2023-11-21,132.65,132.65,132.65,132.65,0,0,1
FINNIFTY21NOV2320600PE.NFO,2023-11-06,10:07:00,2023-11-21,132.65,132.65,132.65,132.65,0,0,1
FINNIFTY21NOV2320600PE.NFO,2023-11-06,10:08:00,2023-11-21,132.65,132.65,132.65,132.65,0,0,1
FINNIFTY21NOV2320600PE.NFO,2023-11-06,10:09:00,2023-11-21,132.65,132.65,132.65,132.65,0,0,1
FINNIFTY21NOV2320600PE.NFO,2023-11-06,10:10:00,2023-11-21,132.65,132.65,132.65,132.65,0,0,1
FINNIFTY21NOV2320600PE.NFO,2023-11-06,10:11:00,2023-11-21,132.65,132.65,132.65,132.65,0,0,1
FINNIFTY21NOV2320600PE.NFO,2023-11-06,10:12:00,2023-11-21,132.65,132.65,132.65,132.65,0,0,1
FINNIFTY21NOV2320600PE.NFO,2023-11-06,10:13:00,2023-11-21,132.65,132.65,132.65,132.65,0,0,1
FINNIFTY21NOV2320600PE.NFO,2023-11-06,10:14:00,2023-11-21,132.65,132.65,132.65,132.65,0,0,1
FINNIFTY21NOV2320600PE.NFO,2023-11-06,10:15:00,2023-11-21,132.65,132.65,132.65,132.65,0,0,1
FINNIFTY21NOV2320600PE.NFO,2023-11-06,10:16:00,2023-11-21,132.65,132.65,132.65,132.65,0,0,1
FINNIFTY21NOV2320600PE.NFO,2023-11-06,10:17:00,2023-11-21,132.65,132.65,132.65,132.65,0,0,1
FINNIFTY21NOV2320600PE.NFO,2023-11-06,10:18:00,2023-11-21,132.65,132.65,132.65,132.65,0,0,1
FINNIFTY21NOV2320600PE.NFO,2023-11-06,10:19:00,2023-11-21,132.65,132.65,132.65,132.65,0,0,1
FINNIFTY21NOV2320600PE.NFO,2023-11-06,10:20:00,2023-11-21,132.65,132.65,132.65,132.65,0,0,1
FINNIFTY21NOV2320600PE.NFO,2023-11-06,10:21:00,2023-11-21,132.65,132.65,132.65,132.65,0,0,1
FINNIFTY21NOV2320600PE.NFO,2023-11-06,10:22:00,2023-11-21,132.65,132.65,132.65,132.65,0,0,1
FINNIFTY21NOV2320600PE.NFO,2023-11-06,10:23:00,2023-11-21,132.65,132.65,132.65,132.65,0,0,1
FINNIFTY21NOV2320600PE.NFO,2023-11-06,10:24:00,2023-11-21,132.65,132.65,132.65,132.65,0,0,1
FINNIFTY21NOV2320600PE.NFO,2023-11-06,10:25:00,2023-11-21,132.65,132.65,132.65,132.65,0,0,1
FINNIFTY21NOV2320600PE.NFO,2023-11-06,10:26:00,2023-11-21,132.65,132.65,132.65,132.65,0,0,1
FINNIFTY21NOV2320600PE.NFO,2023-11-06,10:27:00,2023-11-21,132.65,132.65,132.65,132.65,0,0,1
FINNIFTY21NOV2320600PE.NFO,2023-11-06,10:28:00,2023-11-21,132.65,132.65,132.65,132.65,0,0,1
FINNIFTY21NOV2320600PE.NFO,2023-11-06,10:29:00,2023-11-21,132.65,132.65,132.65,132.65,0,0,1
FINNIFTY21NOV2320600PE.NFO,2023-11-06,10:30:00,2023-11-21,132.65,132.65,132.65,132.65,0,0,1
FINNIFTY21NOV2320600PE.NFO,2023-11-06,10:31:00,2023-11-21,132.65,132.65,132.65,132.65,0,0,1
FINNIFTY21NOV2320600PE.NFO,2023-11-06,10:32:00,2023-11-21,132.65,132.65,132.65,132.65,0,0,1
FINNIFTY21NOV2320600PE.NFO,2023-11-06,10:33:00,2023-11-21,132.65,132.65,132.65,132.65,0,0,1
FINNIFTY21NOV2320600PE.NFO,2023-11-06,10:34:00,2023-11-21,132.65,132.65,132.65,132.65,0,0,1
FINNIFTY21NOV2320600PE.NFO,2023-11-06,10:35:00,2023-11-21,132.65,132.65,132.65,132.65,0,0,1
FINNIFTY21NOV2320600PE.NFO,2023-11-06,10:36:00,2023-11-21,132.65,132.65,132.65,132.65,0,0,1
FINNIFTY21NOV2320600PE.NFO,2023-11-06,10:37:00,2023-11-21,132.65,132.65,132.65,132.65,0,0,1
FINNIFTY21NOV2320600PE.NFO,2023-11-06,10:38:00,2023-11-21,132.65,132.65,132.65,132.65,0,0,1
FINNIFTY21NOV2320600PE.NFO,2023-11-06,10:39:00,2023-11-21,132.65,132.65,132.65,132.65,0,0,1
FINNIFTY21NOV2320600PE.NFO,2023-11-06,10:40:00,2023-11-21,132.65,132.65,132.65,132.65,0,0,1
FINNIFTY21NOV2320600PE.NFO,2023-11-06,10:41:00,2023-11-21,132.65,132.65,132.65,132.65,0,0,1
FINNIFTY21NOV2320600PE.NFO,2023-11-06,10:42:00,2023-11-21,132.65,132.65,132.65,132.65,0,0,1
FINNIFTY21NOV2320600PE.NFO,2023-11-06,10:43:00,2023-11-21,132.65,132.65,132.65,132.65,0,0,1
FINNIFTY21NOV2320600PE.NFO,2023-11-06,10:44:00,2023-11-21,132.65,132.65,132.65,132.65,0,0,1
FINNIFTY21NOV2320600PE.NFO,2023-11-06,10:45:00,2023-11-21,132.65,132.65,132.65,132.65,0,0,1
FINNIFTY21NOV2320600PE.NFO,2023-11-06,10:46:00,2023-11-21,132.65,132.65,132.65,132.65,0,0,1
FINNIFTY21NOV2320600PE.NFO,2023-11-06,10:47:00,2023-11-21,132.65,132.65,132.65,132.65,0,0,1
FINNIFTY21NOV2320600PE.NFO,2023-11-06,10:48:00,2023-11-21,132.65,132.65,132.65,132.65,0,0,1
FINNIFTY21NOV2320600PE.NFO,2023-11-06,10:49:00,2023-11-21,132.65,132.65,132.65,132.65,0,0,1
FINNIFTY21NOV2320600PE.NFO,2023-11-06,10:50:00,2023-11-21,132.65,132.65,132.65,132.65,0,0,1
FINNIFTY21NOV2320600PE.NFO,2023-11-06,10:51:00,2023-11-21,132.65,132.65,132.65,132.65,0,0,1
FINNIFTY21NOV2320600PE.NFO,2023-11-06,10:52:00,2023-11-21,132.65,132.65,132.65,132.65,0,0,1
FINNIFTY21NOV2320600PE.NFO,2023-11-06,10:53:00,2023-11-21,132.65,132.65,132.65,132.65,0,0,1
FINNIFTY21NOV2320600PE.NFO,2023-11-06,10:54:00,2023-11-21,132.65,132.65,132.65,132.65,0,0,1
FINNIFTY21NOV2320600PE.NFO,2023-11-06,10:55:00,2023-11-21,132.65,132.65,132.65,132.65,0,0,1
FINNIFTY21NOV2320600PE.NFO,2023-11-06,10:56:00,2023-11-21,132.65,132.65,132.65,132.65,0,0,1
FINNIFTY21NOV2320600PE.NFO,2023-11-06,10:57:00,2023-11-21,132.65,132.65,132.65,132.65,0,0,1
FINNIFTY21NOV2320600PE.NFO,2023-11-06,10:58:00,2023-11-21,132.65,132.65,132.65,132.65,0,0,1
FINNIFTY21NOV2320600PE.NFO,2023-11-06,10:59:00,2023-11-21,132.65,132.65,132.65,132.65,0,0,1
FINNIFTY21NOV2320600PE.NFO,2023-11-06,11:00:00,2023-11-21,132.65,132.65,132.65,132.65,0,0,1
FINNIFTY21NOV2320600PE.NFO,2023-11-06,11:01:00,2023-11-21,132.65,132.65,132.65,132.65,0,0,1
FINNIFTY21NOV2320600PE.NFO,2023-11-06,11:02:00,2023-11-21,132.65,132.65,132.65,132.65,0,0,1
FINNIFTY21NOV2320600PE.NFO,2023-11-06,11:03:00,2023-11-21,132.65,132.65,132.65,132.65,0,0,1
FINNIFTY21NOV2320600PE.NFO,2023-11-06,11:04:00,2023-11-21,132.65,132.65,132.65,132.65,0,0,1
FINNIFTY21NOV2320600PE.NFO,2023-11-06,11:05:00,2023-11-21,132.65,132.65,132.65,132.65,0,0,1
FINNIFTY21NOV2320600PE.NFO,2023-11-06,11:06:00,2023-11-21,132.65,132.65,132.65,132.65,0,0,1
FINNIFTY21NOV2320600PE.NFO,2023-11-06,11:07:00,2023-11-21,132.65,132.65,132.65,132.65,0,0,1
FINNIFTY21NOV2320600PE.NFO,2023-11-06,11:08:00,2023-11-21,132.65,132.65,132.65,132.65,0,0,1
FINNIFTY21NOV2320600PE.NFO,2023-11-06,11:09:00,2023-11-21,132.65,132.65,132.65,132.65,0,0,1
FINNIFTY21NOV2320600PE.NFO,2023-11-06,11:10:00,2023-11-21,132.65,132.65,132.65,132.65,0,0,1
FINNIFTY21NOV2320600PE.NFO,2023-11-06,11:11:00,2023-11-21,132.65,132.65,132.65,132.65,0,0,1
FINNIFTY21NOV2320600PE.NFO,2023-11-06,11:12:00,2023-11-21,132.65,132.65,132.65,132.65,0,0,1
FINNIFTY21NOV2320600PE.NFO,2023-11-06,11:13:00,2023-11-21,132.65,132.65,132.65,132.65,0,0,1
FINNIFTY21NOV2320600PE.NFO,2023-11-06,11:14:00,2023-11-21,132.65,132.65,132.65,132.65,0,0,1
FINNIFTY21NOV2320600PE.NFO,2023-11-06,11:15:00,2023-11-21,132.65,132.65,132.65,132.65,0,0,1
FINNIFTY21NOV2320600PE.NFO,2023-11-06,11:16:00,2023-11-21,132.65,132.65,132.65,132.65,0,0,1
FINNIFTY21NOV2320600PE.NFO,2023-11-06,11:17:00,2023-11-21,132.65,132.65,132.65,132.65,0,0,1
FINNIFTY21NOV2320600PE.NFO,2023-11-06,11:18:00,2023-11-21,132.65,132.65,132.65,132.65,0,0,1
FINNIFTY21NOV2320600PE.NFO,2023-11-06,11:19:00,2023-11-21,132.65,132.65,132.65,132.65,0,0,1
FINNIFTY21NOV2320600PE.NFO,2023-11-06,11:20:00,2023-11-21,132.65,132.65,132.65,132.65,0,0,1
FINNIFTY21NOV2320600PE.NFO,2023-11-06,11:21:00,2023-11-21,132.65,132.65,132.65,132.65,0,0,1
FINNIFTY21NOV2320600PE.NFO,2023-11-06,11:22:00,2023-11-21,132.65,132.65,132.65,132.65,0,0,1
FINNIFTY21NOV2320600PE.NFO,2023-11-06,11:23:00,2023-11-21,132.65,132.65,132.65,132.65,0,0,1
FINNIFTY21NOV2320600PE.NFO,2023-11-06,11:24:00,2023-11-21,132.65,132.65,132.65,132.65,0,0,1
FINNIFTY21NOV2320600PE.NFO,2023-11-06,11:25:00,2023-11-21,132.65,132.65,132.65,132.65,0,0,1
FINNIFTY21NOV2320600PE.NFO,2023-11-06,11:26:00,2023-11-21,132.65,132.65,132.65,132.65,0,0,1
FINNIFTY21NOV2320600PE.NFO,2023-11-06,11:27:00,2023-11-21,132.65,132.65,132.65,132.65,0,0,1
FINNIFTY21NOV2320600PE.NFO,2023-11-06,11:28:00,2023-11-21,132.65,132.65,132.65,132.65,0,0,1
FINNIFTY21NOV2320600PE.NFO,2023-11-06,11:29:00,2023-11-21,132.65,132.65,132.65,132.65,0,0,1
FINNIFTY21NOV2320600PE.NFO,2023-11-06,11:30:00,2023-11-21,132.65,132.65,132.65,132.65,0,0,1
FINNIFTY21NOV2320600PE.NFO,2023-11-06,11:31:00,2023-11-21,132.65,132.65,132.65,132.65,0,0,1
FINNIFTY21NOV2320600PE.NFO,2023-11-06,11:32:00,2023-11-21,132.65,132.65,132.65,132.65,0,0,1
FINNIFTY21NOV2320600PE.NFO,2023-11-06,11:33:00,2023-11-21,132.65,132.65,132.65,132.65,0,0,1
FINNIFTY21NOV2320600PE.NFO,2023-11-06,11:34:00,2023-11-21,132.65,132.65,132.65,132.65,0,0,1
FINNIFTY21NOV2320600PE.NFO,2023-11-06,11:35:00,2023-11-21,132.65,132.65,132.65,132.65,0,0,1
FINNIFTY21NOV2320600PE.NFO,2023-11-06,11:36:00,2023-11-21,132.65,132.65,132.65,132.65,0,0,1
FINNIFTY21NOV2320600PE.NFO,2023-11-06,11:37:00,2023-11-21,132.65,132.65,132.65,132.65,0,0,1
FINNIFTY21NOV2320600PE.NFO,2023-11-06,11:38:00,2023-11-21,132.65,132.65,132.65,132.65,0,0,1
FINNIFTY21NOV2320600PE.NFO,2023-11-06,11:39:00,2023-11-21,132.65,132.65,132.65,132.65,0,0,1
FINNIFTY21NOV2320600PE.NFO,2023-11-06,11:40:00,2023-11-21,132.65,132.65,132.65,132.65,0,0,1
FINNIFTY21NOV2320600PE.NFO,2023-11-06,11:41:00,2023-11-21,132.65,132.65,132.65,132.65,0,0,1
FINNIFTY21NOV2320600PE.NFO,2023-11-06,11:42:00,2023-11-21,132.65,132.65,132.65,132.65,0,0,1
FINNIFTY21NOV2320600PE.NFO,2023-11-06,11:43:00,2023-11-21,132.65,132.65,132.65,132.65,0,0,1
FINNIFTY21NOV2320600PE.NFO,2023-11-06,11:44:00,2023-11-21,132.65,132.65,132.65,132.65,0,0,1
FINNIFTY21NOV2320600PE.NFO,2023-11-06,11:45:00,2023-11-21,132.65,132.65,132.65,132.65,0,0,1
FINNIFTY21NOV2320600PE.NFO,2023-11-06,11:46:00,2023-11-21,132.65,132.65,132.65,132.65,0,0,1
FINNIFTY21NOV2320600PE.NFO,2023-11-06,11:47:00,2023-11-21,132.65,132.65,132.65,132.65,0,0,1
FINNIFTY21NOV2320600PE.NFO,2023-11-06,11:48:00,2023-11-21,132.65,132.65,132.65,132.65,0,0,1
FINNIFTY21NOV2320600PE.NFO,2023-11-06,11:49:00,2023-11-21,132.65,132.65,132.65,132.65,0,0,1
FINNIFTY21NOV2320600PE.NFO,2023-11-06,11:50:00,2023-11-21,132.65,132.65,132.65,132.65,0,0,1
FINNIFTY21NOV2320600PE.NFO,2023-11-06,11:51:00,2023-11-21,132.65,132.65,132.65,132.65,0,0,1
FINNIFTY21NOV2320600PE.NFO,2023-11-06,11:52:00,2023-11-21,132.65,132.65,132.65,132.65,0,0,1
FINNIFTY21NOV2320600PE.NFO,2023-11-06,11:53:00,2023-11-21,132.65,132.65,132.65,132.65,0,0,1
FINNIFTY21NOV2320600PE.NFO,2023-11-06,11:54:00,2023-11-21,132.65,132.65,132.65,132.65,0,0,1
FINNIFTY21NOV2320600PE.NFO,2023-11-06,11:55:00,2023-11-21,132.65,132.65,132.65,132.65,0,0,1
FINNIFTY21NOV2320600PE.NFO,2023-11-06,11:56:00,2023-11-21,132.65,132.65,132.65,132.65,0,0,1
FINNIFTY21NOV2320600PE.NFO,2023-11-06,11:57:00,2023-11-21,132.65,132.65,132.65,132.65,0,0,1
FINNIFTY21NOV2320600PE.NFO,2023-11-06,11:58:00,2023-11-21,132.65,132.65,132.65,132.65,0,0,1
FINNIFTY21NOV2320600PE.NFO,2023-11-06,11:59:00,2023-11-21,132.65,132.65,132.65,132.65,0,0,1
FINNIFTY21NOV2320600PE.NFO,2023-11-06,12:00:00,2023-11-21,132.65,132.65,132.65,132.65,0,0,1
FINNIFTY21NOV2320600PE.NFO,2023-11-06,12:01:00,2023-11-21,132.65,132.65,132.65,132.65,0,0,1
FINNIFTY21NOV2320600PE.NFO,2023-11-06,12:02:00,2023-11-21,132.65,132.65,132.65,132.65,0,0,1
FINNIFTY21NOV2320600PE.NFO,2023-11-06,12:03:00,2023-11-21,132.65,132.65,132.65,132.65,0,0,1
FINNIFTY21NOV2320600PE.NFO,2023-11-06,12:04:00,2023-11-21,132.65,132.65,132.65,132.65,0,0,1
FINNIFTY21NOV2320600PE.NFO,2023-11-06,12:05:00,2023-11-21,132.65,132.65,132.65,132.65,0,0,1
FINNIFTY21NOV2320600PE.NFO,2023-11-06,12:06:00,2023-11-21,132.65,132.65,132.65,132.65,0,0,1
FINNIFTY21NOV2320600PE.NFO,2023-11-06,12:07:00,2023-11-21,132.65,132.65,132.65,132.65,0,0,1
FINNIFTY21NOV2320600PE.NFO,2023-11-06,12:08:00,2023-11-21,132.65,132.65,132.65,132.65,0,0,1
FINNIFTY21NOV2320600PE.NFO,2023-11-06,12:09:00,2023-11-21,132.65,132.65,132.65,132.65,0,0,1
FINNIFTY21NOV2320600PE.NFO,2023-11-06,12:10:00,2023-11-21,132.65,132.65,132.65,132.65,0,0,1
FINNIFTY21NOV2320600PE.NFO,2023-11-06,12:11:00,2023-11-21,132.65,132.65,132.65,132.65,0,0,1
FINNIFTY21NOV2320600PE.NFO,2023-11-06,12:12:00,2023-11-21,132.65,132.65,132.65,132.65,0,0,1
FINNIFTY21NOV2320600PE.NFO,2023-11-06,12:13:00,2023-11-21,132.65,132.65,132.65,132.65,0,0,1
FINNIFTY21NOV2320600PE.NFO,2023-11-06,12:14:00,2023-11-21,132.65,132.65,132.65,132.65,0,0,1
FINNIFTY21NOV2320600PE.NFO,2023-11-06,12:15:00,2023-11-21,132.65,132.65,132.65,132.65,0,0,1
FINNIFTY21NOV2320600PE.NFO,2023-11-06,12:16:00,2023-11-21,132.65,132.65,132.65,132.65,0,0,1
FINNIFTY21NOV2320600PE.NFO,2023-11-06,12:17:00,2023-11-21,132.65,132.65,132.65,132.65,0,0,1
FINNIFTY21NOV2320600PE.NFO,2023-11-06,12:18:00,2023-11-21,132.65,132.65,132.65,132.65,0,0,1
FINNIFTY21NOV2320600PE.NFO,2023-11-06,12:19:00,2023-11-21,132.65,132.65,132.65,132.65,0,0,1
FINNIFTY21NOV2320600PE.NFO,2023-11-06,12:20:00,2023-11-21,132.65,132.65,132.65,132.65,0,0,1
FINNIFTY21NOV2320600PE.NFO,2023-11-06,12:21:00,2023-11-21,132.65,132.65,132.65,132.65,0,0,1
FINNIFTY21NOV2320600PE.NFO,2023-11-06,12:22:00,2023-11-21,132.65,132.65,132.65,132.65,0,0,1
FINNIFTY21NOV2320600PE.NFO,2023-11-06,12:23:00,2023-11-21,132.65,132.65,132.65,132.65,0,0,1
FINNIFTY21NOV2320600PE.NFO,2023-11-06,12:24:00,2023-11-21,132.65,132.65,132.65,132.65,0,0,1
FINNIFTY21NOV2320600PE.NFO,2023-11-06,12:25:00,2023-11-21,132.65,132.65,132.65,132.65,0,0,1
FINNIFTY21NOV2320600PE.NFO,2023-11-06,12:26:00,2023-11-21,132.65,132.65,132.65,132.65,0,0,1
FINNIFTY21NOV2320600PE.NFO,2023-11-06,12:27:00,2023-11-21,132.65,132.65,132.65,132.65,0,0,1
FINNIFTY21NOV2320600PE.NFO,2023-11-06,12:28:00,2023-11-21,132.65,132.65,132.65,132.65,0,0,1
FINNIFTY21NOV2320600PE.NFO,2023-11-06,12:29:00,2023-11-21,132.65,132.65,132.65,132.65,0,0,1
FINNIFTY21NOV2320600PE.NFO,2023-11-06,12:30:00,2023-11-21,132.65,132.65,132.65,132.65,0,0,1
FINNIFTY21NOV2320600PE.NFO,2023-11-06,12:31:00,2023-11-21,132.65,132.65,132.65,132.65,0,0,1
FINNIFTY21NOV2320600PE.NFO,2023-11-06,12:32:00,2023-11-21,132.65,132.65,132.65,132.65,0,0,1
FINNIFTY21NOV2320600PE.NFO,2023-11-06,12:33:00,2023-11-21,132.65,132.65,132.65,132.65,0,0,1
FINNIFTY21NOV2320600PE.NFO,2023-11-06,12:34:00,2023-11-21,132.65,132.65,132.65,132.65,0,0,1
FINNIFTY21NOV2320600PE.NFO,2023-11-06,12:35:00,2023-11-21,132.65,132.65,132.65,132.65,0,0,1
FINNIFTY21NOV2320600PE.NFO,2023-11-06,12:36:00,2023-11-21,132.65,132.65,132.65,132.65,0,0,1
FINNIFTY21NOV2320600PE.NFO,2023-11-06,12:37:00,2023-11-21,132.65,132.65,132.65,132.65,0,0,1
FINNIFTY21NOV2320600PE.NFO,2023-11-06,12:38:00,2023-11-21,132.65,132.65,132.65,132.65,0,0,1
FINNIFTY21NOV2320600PE.NFO,2023-11-06,12:39:00,2023-11-21,132.65,132.65,132.65,132.65,0,0,1
FINNIFTY21NOV2320600PE.NFO,2023-11-06,12:40:00,2023-11-21,132.65,132.65,132.65,132.65,0,0,1
FINNIFTY21NOV2320600PE.NFO,2023-11-06,12:41:00,2023-11-21,132.65,132.65,132.65,132.65,0,0,1
FINNIFTY21NOV2320600PE.NFO,2023-11-06,12:42:00,2023-11-21,132.65,132.65,132.65,132.65,0,0,1
FINNIFTY21NOV2320600PE.NFO,2023-11-06,12:43:00,2023-11-21,132.65,132.65,132.65,132.65,0,0,1
FINNIFTY21NOV2320600PE.NFO,2023-11-06,12:44:00,2023-11-21,132.65,132.65,132.65,132.65,0,0,1
FINNIFTY21NOV2320600PE.NFO,2023-11-06,12:45:00,2023-11-21,132.65,132.65,132.65,132.65,0,0,1
FINNIFTY21NOV2320600PE.NFO,2023-11-06,12:46:00,2023-11-21,132.65,132.65,132.65,132.65,0,0,1
FINNIFTY21NOV2320600PE.NFO,2023-11-06,12:47:00,2023-11-21,132.65,132.65,132.65,132.65,0,0,1
FINNIFTY21NOV2320600PE.NFO,2023-11-06,12:48:00,2023-11-21,132.65,132.65,132.65,132.65,0,0,1
FINNIFTY21NOV2320600PE.NFO,2023-11-06,12:49:00,2023-11-21,132.65,132.65,132.65,132.65,0,0,1
FINNIFTY21NOV2320600PE.NFO,2023-11-06,12:50:00,2023-11-21,132.65,132.65,132.65,132.65,0,0,1
FINNIFTY21NOV2320600PE.NFO,2023-11-06,12:51:00,2023-11-21,132.65,132.65,132.65,132.65,0,0,1
FINNIFTY21NOV2320600PE.NFO,2023-11-06,12:52:00,2023-11-21,132.65,132.65,132.65,132.65,0,0,1
FINNIFTY21NOV2320600PE.NFO,2023-11-06,12:53:00,2023-11-21,132.65,132.65,132.65,132.65,0,0,1
FINNIFTY21NOV2320600PE.NFO,2023-11-06,12:54:00,2023-11-21,132.65,132.65,132.65,132.65,0,0,1
FINNIFTY21NOV2320600PE.NFO,2023-11-06,12:55:00,2023-11-21,132.65,132.65,132.65,132.65,0,0,1
FINNIFTY21NOV2320600PE.NFO,2023-11-06,12:56:00,2023-11-21,132.65,132.65,132.65,132.65,0,0,1
FINNIFTY21NOV2320600PE.NFO,2023-11-06,12:57:00,2023-11-21,132.65,132.65,132.65,132.65,0,0,1
FINNIFTY21NOV2320600PE.NFO,2023-11-06,12:58:00,2023-11-21,132.65,132.65,132.65,132.65,0,0,1
FINNIFTY21NOV2320600PE.NFO,2023-11-06,12:59:00,2023-11-21,132.65,132.65,132.65,132.65,0,0,1
FINNIFTY21NOV2320600PE.NFO,2023-11-06,13:00:00,2023-11-21,132.65,132.65,132.65,132.65,0,0,1
FINNIFTY21NOV2320600PE.NFO,2023-11-06,13:01:00,2023-11-21,132.65,132.65,132.65,132.65,0,0,1
FINNIFTY21NOV2320600PE.NFO,2023-11-06,13:02:00,2023-11-21,132.65,132.65,132.65,132.65,0,0,1
FINNIFTY21NOV2320600PE.NFO,2023-11-06,13:03:00,2023-11-21,132.65,132.65,132.65,132.65,0,0,1
FINNIFTY21NOV2320600PE.NFO,2023-11-06,13:04:00,2023-11-21,132.65,132.65,132.65,132.65,0,0,1
FINNIFTY21NOV2320600PE.NFO,2023-11-06,13:05:00,2023-11-21,132.65,132.65,132.65,132.65,0,0,1
FINNIFTY21NOV2320600PE.NFO,2023-11-06,13:06:00,2023-11-21,132.65,132.65,132.65,132.65,0,0,1
FINNIFTY21NOV2320600PE.NFO,2023-11-06,13:07:00,2023-11-21,132.65,132.65,132.65,132.65,0,0,1
FINNIFTY21NOV2320600PE.NFO,2023-11-06,13:08:00,2023-11-21,132.65,132.65,132.65,132.65,0,0,1
FINNIFTY21NOV2320600PE.NFO,2023-11-06,13:09:00,2023-11-21,132.65,132.65,132.65,132.65,0,0,1
FINNIFTY21NOV2320600PE.NFO,2023-11-06,13:10:00,2023-11-21,132.65,132.65,132.65,132.65,0,0,1
FINNIFTY21NOV2320600PE.NFO,2023-11-06,13:11:00,2023-11-21,132.65,132.65,132.65,132.65,0,0,1
FINNIFTY21NOV2320600PE.NFO,2023-11-06,13:12:00,2023-11-21,132.65,132.65,132.65,132.65,0,0,1
FINNIFTY21NOV2320600PE.NFO,2023-11-06,13:13:00,2023-11-21,132.65,132.65,132.65,132.65,0,0,1
FINNIFTY21NOV2320600PE.NFO,2023-11-06,13:14:00,2023-11-21,132.65,132.65,132.65,132.65,0,0,1
FINNIFTY21NOV2320600PE.NFO,2023-11-06,13:15:00,2023-11-21,132.65,132.65,132.65,132.65,0,0,1
FINNIFTY21NOV2320600PE.NFO,2023-11-06,13:16:00,2023-11-21,132.65,132.65,132.65,132.65,0,0,1
FINNIFTY21NOV2320600PE.NFO,2023-11-06,13:17:00,2023-11-21,132.65,132.65,132.65,132.65,0,0,1
FINNIFTY21NOV2320600PE.NFO,2023-11-06,13:18:00,2023-11-21,132.65,132.65,132.65,132.65,0,0,1
FINNIFTY21NOV2320600PE.NFO,2023-11-06,13:19:00,2023-11-21,132.65,132.65,132.65,132.65,0,0,1
FINNIFTY21NOV2320600PE.NFO,2023-11-06,13:20:00,2023-11-21,132.65,132.65,132.65,132.65,0,0,1
FINNIFTY21NOV2320600PE.NFO,2023-11-06,13:21:00,2023-11-21,132.65,132.65,132.65,132.65,0,0,1
FINNIFTY21NOV2320600PE.NFO,2023-11-06,13:22:00,2023-11-21,132.65,132.65,132.65,132.65,0,0,1
FINNIFTY21NOV2320600PE.NFO,2023-11-06,13:23:00,2023-11-21,132.65,132.65,132.65,132.65,0,0,1
FINNIFTY21NOV2320600PE.NFO,2023-11-06,13:24:00,2023-11-21,132.65,132.65,132.65,132.65,0,0,1
FINNIFTY21NOV2320600PE.NFO,2023-11-06,13:25:00,2023-11-21,132.65,132.65,132.65,132.65,0,0,1
FINNIFTY21NOV2320600PE.NFO,2023-11-06,13:26:00,2023-11-21,132.65,132.65,132.65,132.65,0,0,1
FINNIFTY21NOV2320600PE.NFO,2023-11-06,13:27:00,2023-11-21,132.65,132.65,132.65,132.65,0,0,1
FINNIFTY21NOV2320600PE.NFO,2023-11-06,13:28:00,2023-11-21,132.65,132.65,132.65,132.65,0,0,1
FINNIFTY21NOV2320600PE.NFO,2023-11-06,13:29:00,2023-11-21,132.65,132.65,132.65,132.65,0,0,1
FINNIFTY21NOV2320600PE.NFO,2023-11-06,13:30:00,2023-11-21,132.65,132.65,132.65,132.65,0,0,1
FINNIFTY21NOV2320600PE.NFO,2023-11-06,13:31:00,2023-11-21,132.65,132.65,132.65,132.65,0,0,1
FINNIFTY21NOV2320600PE.NFO,2023-11-06,13:32:00,2023-11-21,132.65,132.65,132.65,132.65,0,0,1
FINNIFTY21NOV2320600PE.NFO,2023-11-06,13:33:00,2023-11-21,132.65,132.65,132.65,132.65,0,0,1
FINNIFTY21NOV2320600PE.NFO,2023-11-06,13:34:00,2023-11-21,132.65,132.65,132.65,132.65,0,0,1
FINNIFTY21NOV2320600PE.NFO,2023-11-06,13:35:00,2023-11-21,132.65,132.65,132.65,132.65,0,0,1
FINNIFTY21NOV2320600PE.NFO,2023-11-06,13:36:00,2023-11-21,132.65,132.65,132.65,132.65,0,0,1
FINNIFTY21NOV2320600PE.NFO,2023-11-06,13:37:00,2023-11-21,132.65,132.65,132.65,132.65,0,0,1
FINNIFTY21NOV2320600PE.NFO,2023-11-06,13:38:00,2023-11-21,132.65,132.65,132.65,132.65,0,0,1
FINNIFTY21NOV2320600PE.NFO,2023-11-06,13:39:00,2023-11-21,132.65,132.65,132.65,132.65,0,0,1
FINNIFTY21NOV2320600PE.NFO,2023-11-06,13:40:00,2023-11-21,132.65,132.65,132.65,132.65,0,0,1
FINNIFTY21NOV2320600PE.NFO,2023-11-06,13:41:00,2023-11-21,132.65,132.65,132.65,132.65,0,0,1
FINNIFTY21NOV2320600PE.NFO,2023-11-06,13:42:00,2023-11-21,132.65,132.65,132.65,132.65,0,0,1
FINNIFTY21NOV2320600PE.NFO,2023-11-06,13:43:00,2023-11-21,132.65,132.65,132.65,132.65,0,0,1
FINNIFTY21NOV2320600PE.NFO,2023-11-06,13:44:00,2023-11-21,132.65,132.65,132.65,132.65,0,0,1
FINNIFTY21NOV2320600PE.NFO,2023-11-06,13:45:00,2023-11-21,132.65,132.65,132.65,132.65,0,0,1
FINNIFTY21NOV2320600PE.NFO,2023-11-06,13:46:00,2023-11-21,132.65,132.65,132.65,132.65,0,0,1
FINNIFTY21NOV2320600PE.NFO,2023-11-06,13:47:00,2023-11-21,132.65,132.65,132.65,132.65,0,0,1
FINNIFTY21NOV2320600PE.NFO,2023-11-06,13:48:00,2023-11-21,132.65,132.65,132.65,132.65,0,0,1
FINNIFTY21NOV2320600PE.NFO,2023-11-06,13:49:00,2023-11-21,132.65,132.65,132.65,132.65,0,0,1
FINNIFTY21NOV2320600PE.NFO,2023-11-06,13:50:00,2023-11-21,132.65,132.65,132.65,132.65,0,0,1
FINNIFTY21NOV2320600PE.NFO,2023-11-06,13:51:00,2023-11-21,132.65,132.65,132.65,132.65,0,0,1
FINNIFTY21NOV2320600PE.NFO,2023-11-06,13:52:00,2023-11-21,132.65,132.65,132.65,132.65,0,0,1
FINNIFTY21NOV2320600PE.NFO,2023-11-06,13:53:00,2023-11-21,132.65,132.65,132.65,132.65,0,0,1
FINNIFTY21NOV2320600PE.NFO,2023-11-06,13:54:00,2023-11-21,132.65,132.65,132.65,132.65,0,0,1
FINNIFTY21NOV2320600PE.NFO,2023-11-06,13:55:00,2023-11-21,132.65,132.65,132.65,132.65,0,0,1
FINNIFTY21NOV2320600PE.NFO,2023-11-06,13:56:00,2023-11-21,132.65,132.65,132.65,132.65,0,0,1
FINNIFTY21NOV2320600PE.NFO,2023-11-06,13:57:00,2023-11-21,132.65,132.65,132.65,132.65,0,0,1
FINNIFTY21NOV2320600PE.NFO,2023-11-06,13:58:00,2023-11-21,132.65,132.65,132.65,132.65,0,0,1
FINNIFTY21NOV2320600PE.NFO,2023-11-06,13:59:00,2023-11-21,132.65,132.65,132.65,132.65,0,0,1
FINNIFTY21NOV2320600PE.NFO,2023-11-06,14:00:00,2023-11-21,132.65,132.65,132.65,132.65,0,0,1
FINNIFTY21NOV2320600PE.NFO,2023-11-06,14:01:00,2023-11-21,132.65,132.65,132.65,132.65,0,0,1
FINNIFTY21NOV2320600PE.NFO,2023-11-06,14:02:00,2023-11-21,132.65,132.65,132.65,132.65,0,0,1
FINNIFTY21NOV2320600PE.NFO,2023-11-06,14:03:00,2023-11-21,132.65,132.65,132.65,132.65,0,0,1
FINNIFTY21NOV2320600PE.NFO,2023-11-06,14:04:00,2023-11-21,132.65,132.65,132.65,132.65,0,0,1
FINNIFTY21NOV2320600PE.NFO,2023-11-06,14:05:00,2023-11-21,132.65,132.65,132.65,132.65,0,0,1
FINNIFTY21NOV2320600PE.NFO,2023-11-06,14:06:00,2023-11-21,132.65,132.65,132.65,132.65,0,0,1
FINNIFTY21NOV2320600PE.NFO,2023-11-06,14:07:00,2023-11-21,132.65,132.65,132.65,132.65,0,0,1
FINNIFTY21NOV2320600PE.NFO,2023-11-06,14:08:00,2023-11-21,132.65,132.65,132.65,132.65,0,0,1
FINNIFTY21NOV2320600PE.NFO,2023-11-06,14:09:00,2023-11-21,132.65,132.65,132.65,132.65,0,0,1
FINNIFTY21NOV2320600PE.NFO,2023-11-06,14:10:00,2023-11-21,132.65,132.65,132.65,132.65,0,0,1
FINNIFTY21NOV2320600PE.NFO,2023-11-06,14:11:00,2023-11-21,132.65,132.65,132.65,132.65,0,0,1
FINNIFTY21NOV2320600PE.NFO,2023-11-06,14:12:00,2023-11-21,132.65,132.65,132.65,132.65,0,0,1
FINNIFTY21NOV2320600PE.NFO,2023-11-06,14:13:00,2023-11-21,132.65,132.65,132.65,132.65,0,0,1
FINNIFTY21NOV2320600PE.NFO,2023-11-06,14:14:00,2023-11-21,132.65,132.65,132.65,132.65,0,0,1
FINNIFTY21NOV2320600PE.NFO,2023-11-06,14:15:00,2023-11-21,132.65,132.65,132.65,132.65,0,0,1
FINNIFTY21NOV2320600PE.NFO,2023-11-06,14:16:00,2023-11-21,132.65,132.65,132.65,132.65,0,0,1
FINNIFTY21NOV2320600PE.NFO,2023-11-06,14:17:00,2023-11-21,132.65,132.65,132.65,132.65,0,0,1
FINNIFTY21NOV2320600PE.NFO,2023-11-06,14:18:00,2023-11-21,132.65,132.65,132.65,132.65,0,0,1
FINNIFTY21NOV2320600PE.NFO,2023-11-06,14:19:00,2023-11-21,132.65,132.65,132.65,132.65,0,0,1
FINNIFTY21NOV2320600PE.NFO,2023-11-06,14:20:00,2023-11-21,132.65,132.65,132.65,132.65,0,0,1
FINNIFTY21NOV2320600PE.NFO,2023-11-06,14:21:00,2023-11-21,132.65,132.65,132.65,132.65,0,0,1
FINNIFTY21NOV2320600PE.NFO,2023-11-06,14:22:00,2023-11-21,132.65,132.65,132.65,132.65,0,0,1
FINNIFTY21NOV2320600PE.NFO,2023-11-06,14:23:00,2023-11-21,132.65,132.65,132.65,132.65,0,0,1
FINNIFTY21NOV2320600PE.NFO,2023-11-06,14:24:00,2023-11-21,132.65,132.65,132.65,132.65,0,0,1
FINNIFTY21NOV2320600PE.NFO,2023-11-06,14:25:00,2023-11-21,132.65,132.65,132.65,132.65,0,0,1
FINNIFTY21NOV2320600PE.NFO,2023-11-06,14:26:00,2023-11-21,132.65,132.65,132.65,132.65,0,0,1
FINNIFTY21NOV2320600PE.NFO,2023-11-06,14:27:00,2023-11-21,132.65,132.65,132.65,132.65,0,0,1
FINNIFTY21NOV2320600PE.NFO,2023-11-06,14:28:00,2023-11-21,132.65,132.65,132.65,132.65,0,0,1
FINNIFTY21NOV2320600PE.NFO,2023-11-06,14:29:00,2023-11-21,132.65,132.65,132.65,132.65,0,0,1
FINNIFTY21NOV2320600PE.NFO,2023-11-06,14:30:00,2023-11-21,132.65,132.65,132.65,132.65,0,0,1
FINNIFTY21NOV2320600PE.NFO,2023-11-06,14:31:00,2023-11-21,132.65,132.65,132.65,132.65,0,0,1
FINNIFTY21NOV2320600PE.NFO,2023-11-06,14:32:00,2023-11-21,132.65,132.65,132.65,132.65,0,0,1
FINNIFTY21NOV2320600PE.NFO,2023-11-06,14:33:00,2023-11-21,132.65,132.65,132.65,132.65,0,0,1
FINNIFTY21NOV2320600PE.NFO,2023-11-06,14:34:00,2023-11-21,132.65,132.65,132.65,132.65,0,0,1
FINNIFTY21NOV2320600PE.NFO,2023-11-06,14:35:00,2023-11-21,132.65,132.65,132.65,132.65,0,0,1
FINNIFTY21NOV2320600PE.NFO,2023-11-06,14:36:00,2023-11-21,132.65,132.65,132.65,132.65,0,0,1
FINNIFTY21NOV2320600PE.NFO,2023-11-06,14:37:00,2023-11-21,132.65,132.65,132.65,132.65,0,0,1
FINNIFTY21NOV2320600PE.NFO,2023-11-06,14:38:00,2023-11-21,132.65,132.65,132.65,132.65,0,0,1
FINNIFTY21NOV2320600PE.NFO,2023-11-06,14:39:00,2023-11-21,132.65,132.65,132.65,132.65,0,0,1
FINNIFTY21NOV2320600PE.NFO,2023-11-06,14:40:00,2023-11-21,132.65,132.65,132.65,132.65,0,0,1
FINNIFTY21NOV2320600PE.NFO,2023-11-06,14:41:00,2023-11-21,132.65,132.65,132.65,132.65,0,0,1
FINNIFTY21NOV2320600PE.NFO,2023-11-06,14:42:00,2023-11-21,132.65,132.65,132.65,132.65,0,0,1
FINNIFTY21NOV2320600PE.NFO,2023-11-06,14:43:00,2023-11-21,132.65,132.65,132.65,132.65,0,0,1
FINNIFTY21NOV2320600PE.NFO,2023-11-06,14:44:00,2023-11-21,132.65,132.65,132.65,132.65,0,0,1
FINNIFTY21NOV2320600PE.NFO,2023-11-06,14:45:00,2023-11-21,132.65,132.65,132.65,132.65,0,0,1
FINNIFTY21NOV2320600PE.NFO,2023-11-06,14:46:00,2023-11-21,132.65,132.65,132.65,132.65,0,0,1
FINNIFTY21NOV2320600PE.NFO,2023-11-06,14:47:00,2023-11-21,132.65,132.65,132.65,132.65,0,0,1
FINNIFTY21NOV2320600PE.NFO,2023-11-06,14:48:00,2023-11-21,132.65,132.65,132.65,132.65,0,0,1
FINNIFTY21NOV2320600PE.NFO,2023-11-06,14:49:00,2023-11-21,132.65,132.65,132.65,132.65,0,0,1
FINNIFTY21NOV2320600PE.NFO,2023-11-06,14:50:00,2023-11-21,132.65,132.65,132.65,132.65,0,0,1
FINNIFTY21NOV2320600PE.NFO,2023-11-06,14:51:00,2023-11-21,132.65,132.65,132.65,132.65,0,0,1
FINNIFTY21NOV2320600PE.NFO,2023-11-06,14:52:00,2023-11-21,132.65,132.65,132.65,132.65,0,0,1
FINNIFTY21NOV2320600PE.NFO,2023-11-06,14:53:00,2023-11-21,132.65,132.65,132.65,132.65,0,0,1
FINNIFTY21NOV2320600PE.NFO,2023-11-06,14:54:00,2023-11-21,132.65,132.65,132.65,132.65,0,0,1
FINNIFTY21NOV2320600PE.NFO,2023-11-06,14:55:00,2023-11-21,132.65,132.65,132.65,132.65,0,0,1
FINNIFTY21NOV2320600PE.NFO,2023-11-06,14:56:00,2023-11-21,132.65,132.65,132.65,132.65,0,0,1
FINNIFTY21NOV2320600PE.NFO,2023-11-06,14:57:00,2023-11-21,132.65,132.65,132.65,132.65,0,0,1
FINNIFTY21NOV2320600PE.NFO,2023-11-06,14:58:00,2023-11-21,132.65,132.65,132.65,132.65,0,0,1
FINNIFTY21NOV2320600PE.NFO,2023-11-06,14:59:00,2023-11-21,132.65,132.65,132.65,132.65,0,0,1
FINNIFTY21NOV2320600PE.NFO,2023-11-06,15:00:00,2023-11-21,132.65,132.65,132.65,132.65,0,0,1
FINNIFTY21NOV2320600PE.NFO,2023-11-06,15:01:00,2023-11-21,132.65,132.65,132.65,132.65,0,0,1
FINNIFTY21NOV2320600PE.NFO,2023-11-06,15:02:00,2023-11-21,132.65,132.65,132.65,132.65,0,0,1
FINNIFTY21NOV2320600PE.NFO,2023-11-06,15:03:00,2023-11-21,132.65,132.65,132.65,132.65,0,0,1
FINNIFTY21NOV2320600PE.NFO,2023-11-06,15:04:00,2023-11-21,132.65,132.65,132.65,132.65,0,0,1
FINNIFTY21NOV2320600PE.NFO,2023-11-06,15:05:00,2023-11-21,132.65,132.65,132.65,132.65,0,0,1
FINNIFTY21NOV2320600PE.NFO,2023-11-06,15:06:00,2023-11-21,132.65,132.65,132.65,132.65,0,0,1
FINNIFTY21NOV2320600PE.NFO,2023-11-06,15:07:00,2023-11-21,132.65,132.65,132.65,132.65,0,0,1
FINNIFTY21NOV2320600PE.NFO,2023-11-06,15:08:00,2023-11-21,132.65,132.65,132.65,132.65,0,0,1
FINNIFTY21NOV2320600PE.NFO,2023-11-06,15:09:00,2023-11-21,132.65,132.65,132.65,132.65,0,0,1
FINNIFTY21NOV2320600PE.NFO,2023-11-06,15:10:00,2023-11-21,132.65,132.65,132.65,132.65,0,0,1
FINNIFTY21NOV2320600PE.NFO,2023-11-06,15:11:00,2023-11-21,132.65,132.65,132.65,132.65,0,0,1
FINNIFTY21NOV2320600PE.NFO,2023-11-06,15:12:00,2023-11-21,132.65,132.65,132.65,132.65,0,0,1
FINNIFTY21NOV2320600PE.NFO,2023-11-06,15:13:00,2023-11-21,132.65,132.65,132.65,132.65,0,0,1
FINNIFTY21NOV2320600PE.NFO,2023-11-06,15:14:00,2023-11-21,132.65,132.65,132.65,132.65,0,0,1
FINNIFTY21NOV2320600PE.NFO,2023-11-06,15:15:00,2023-11-21,132.65,132.65,132.65,132.65,0,0,1
FINNIFTY21NOV2320600PE.NFO,2023-11-06,15:16:00,2023-11-21,132.65,132.65,132.65,132.65,0,0,1
FINNIFTY21NOV2320600PE.NFO,2023-11-06,15:17:00,2023-11-21,132.65,132.65,132.65,132.65,0,0,1
FINNIFTY21NOV2320600PE.NFO,2023-11-06,15:18:00,2023-11-21,132.65,132.65,132.65,132.65,0,0,1
FINNIFTY21NOV2320600PE.NFO,2023-11-06,15:19:00,2023-11-21,132.65,132.65,132.65,132.65,0,0,1
FINNIFTY21NOV2320600PE.NFO,2023-11-06,15:20:00,2023-11-21,132.65,132.65,132.65,132.65,0,0,1
FINNIFTY21NOV2320600PE.NFO,2023-11-06,15:21:00,2023-11-21,132.65,132.65,132.65,132.65,0,0,1
FINNIFTY21NOV2320600PE.NFO,2023-11-06,15:22:00,2023-11-21,132.65,132.65,132.65,132.65,0,0,1
FINNIFTY21NOV2320600PE.NFO,2023-11-06,15:23:00,2023-11-21,132.65,132.65,132.65,132.65,0,0,1
FINNIFTY21NOV2320600PE.NFO,2023-11-06,15:24:00,2023-11-21,132.65,132.65,132.65,132.65,0,0,1
FINNIFTY21NOV2320600PE.NFO,2023-11-06,15:25:00,2023-11-21,132.65,132.65,132.65,132.65,0,0,1
FINNIFTY21NOV2320600PE.NFO,2023-11-06,15:26:00,2023-11-21,132.65,132.65,132.65,132.65,0,0,1
FINNIFTY21NOV2320600PE.NFO,2023-11-06,15:27:00,2023-11-21,132.65,132.65,132.65,132.65,0,0,1
FINNIFTY21NOV2320600PE.NFO,2023-11-06,15:28:00,2023-11-21,132.65,132.65,132.65,132.65,0,0,1
FINNIFTY21NOV2320600PE.NFO,2023-11-06,15:29:00,2023-11-21,132.65,132.65,132.65,132.65,0,0,1
FINNIFTY21NOV2320600PE.NFO,2023-11-06,15:30:00,2023-11-21,132.65,132.65,132.65,132.65,0,0,1
FINNIFTY21NOV2320600PE.NFO,2023-11-07,09:15:00,2023-11-21,132.65,132.65,132.65,132.65,0,0,0
FINNIFTY21NOV2320600PE.NFO,2023-11-07,09:16:00,2023-11-21,132.65,132.65,132.65,132.65,0,0,1
FINNIFTY21NOV2320600PE.NFO,2023-11-07,09:17:00,2023-11-21,132.65,132.65,132.65,132.65,0,0,1
FINNIFTY21NOV2320600PE.NFO,2023-11-07,09:18:00,2023-11-21,132.65,132.65,132.65,132.65,0,0,1
FINNIFTY21NOV2320600PE.NFO,2023-11-07,09:19:00,2023-11-21,132.65,132.65,132.65,132.65,0,0,1
FINNIFTY21NOV2320600PE.NFO,2023-11-07,09:20:00,2023-11-21,132.65,132.65,132.65,132.65,0,0,1
FINNIFTY21NOV2320600PE.NFO,2023-11-07,09:21:00,2023-11-21,132.65,132.65,132.65,132.65,0,0,1
FINNIFTY21NOV2320600PE.NFO,2023-11-07,09:22:00,2023-11-21,132.65,132.65,132.65,132.65,0,0,1
FINNIFTY21NOV2320600PE.NFO,2023-11-07,09:23:00,2023-11-21,132.65,132.65,132.65,132.65,0,0,1
FINNIFTY21NOV2320600PE.NFO,2023-11-07,09:24:00,2023-11-21,132.65,132.65,132.65,132.65,0,0,1
FINNIFTY21NOV2320600PE.NFO,2023-11-07,09:25:00,2023-11-21,132.65,132.65,132.65,132.65,0,0,1
FINNIFTY21NOV2320600PE.NFO,2023-11-07,09:26:00,2023-11-21,132.65,132.65,132.65,132.65,0,0,1
FINNIFTY21NOV2320600PE.NFO,2023-11-07,09:27:00,2023-11-21,132.65,132.65,132.65,132.65,0,0,1
FINNIFTY21NOV2320600PE.NFO,2023-11-07,09:28:00,2023-11-21,132.65,132.65,132.65,132.65,0,0,1
FINNIFTY21NOV2320600PE.NFO,2023-11-07,09:29:00,2023-11-21,132.65,132.65,132.65,132.65,0,0,1
FINNIFTY21NOV2320600PE.NFO,2023-11-07,09:30:00,2023-11-21,132.65,132.65,132.65,132.65,0,0,1
FINNIFTY21NOV2320600PE.NFO,2023-11-07,09:31:00,2023-11-21,132.65,132.65,132.65,132.65,0,0,1
FINNIFTY21NOV2320600PE.NFO,2023-11-07,09:32:00,2023-11-21,132.65,132.65,132.65,132.65,0,0,1
FINNIFTY21NOV2320600PE.NFO,2023-11-07,09:33:00,2023-11-21,132.65,132.65,132.65,132.65,0,0,1
FINNIFTY21NOV2320600PE.NFO,2023-11-07,09:34:00,2023-11-21,132.65,132.65,132.65,132.65,0,0,1
FINNIFTY21NOV2320600PE.NFO,2023-11-07,09:35:00,2023-11-21,132.65,132.65,132.65,132.65,0,0,1
FINNIFTY21NOV2320600PE.NFO,2023-11-07,09:36:00,2023-11-21,132.65,132.65,132.65,132.65,0,0,1
FINNIFTY21NOV2320600PE.NFO,2023-11-07,09:37:00,2023-11-21,132.65,132.65,132.65,132.65,0,0,1
FINNIFTY21NOV2320600PE.NFO,2023-11-07,09:38:00,2023-11-21,132.65,132.65,132.65,132.65,0,0,1
FINNIFTY21NOV2320600PE.NFO,2023-11-07,09:39:00,2023-11-21,132.65,132.65,132.65,132.65,0,0,1
FINNIFTY21NOV2320600PE.NFO,2023-11-07,09:40:00,2023-11-21,132.65,132.65,132.65,132.65,0,0,1
FINNIFTY21NOV2320600PE.NFO,2023-11-07,09:41:00,2023-11-21,132.65,132.65,132.65,132.65,0,0,1
FINNIFTY21NOV2320600PE.NFO,2023-11-07,09:42:00,2023-11-21,132.65,132.65,132.65,132.65,0,0,1
FINNIFTY21NOV2320600PE.NFO,2023-11-07,09:43:00,2023-11-21,132.65,132.65,132.65,132.65,0,0,1
FINNIFTY21NOV2320600PE.NFO,2023-11-07,09:44:00,2023-11-21,132.65,132.65,132.65,132.65,0,0,1
FINNIFTY21NOV2320600PE.NFO,2023-11-07,09:45:00,2023-11-21,132.65,132.65,132.65,132.65,0,0,1
FINNIFTY21NOV2320600PE.NFO,2023-11-07,09:46:00,2023-11-21,132.65,132.65,132.65,132.65,0,0,1
FINNIFTY21NOV2320600PE.NFO,2023-11-07,09:47:00,2023-11-21,132.65,132.65,132.65,132.65,0,0,1
FINNIFTY21NOV2320600PE.NFO,2023-11-07,09:48:00,2023-11-21,132.65,132.65,132.65,132.65,0,0,1
FINNIFTY21NOV2320600PE.NFO,2023-11-07,09:49:00,2023-11-21,132.65,132.65,132.65,132.65,0,0,1
FINNIFTY21NOV2320600PE.NFO,2023-11-07,09:50:00,2023-11-21,132.65,132.65,132.65,132.65,0,0,1
FINNIFTY21NOV2320600PE.NFO,2023-11-07,09:51:00,2023-11-21,132.65,132.65,132.65,132.65,0,0,1
FINNIFTY21NOV2320600PE.NFO,2023-11-07,09:52:00,2023-11-21,132.65,132.65,132.65,132.65,0,0,1
FINNIFTY21NOV2320600PE.NFO,2023-11-07,09:53:00,2023-11-21,132.65,132.65,132.65,132.65,0,0,1
FINNIFTY21NOV2320600PE.NFO,2023-11-07,09:54:00,2023-11-21,132.65,132.65,132.65,132.65,0,0,1
FINNIFTY21NOV2320600PE.NFO,2023-11-07,09:55:00,2023-11-21,132.65,132.65,132.65,132.65,0,0,1
FINNIFTY21NOV2320600PE.NFO,2023-11-07,09:56:00,2023-11-21,132.65,132.65,132.65,132.65,0,0,1
FINNIFTY21NOV2320600PE.NFO,2023-11-07,09:57:00,2023-11-21,132.65,132.65,132.65,132.65,0,0,1
FINNIFTY21NOV2320600PE.NFO,2023-11-07,09:58:00,2023-11-21,132.65,132.65,132.65,132.65,0,0,1
FINNIFTY21NOV2320600PE.NFO,2023-11-07,09:59:00,2023-11-21,132.65,132.65,132.65,132.65,0,0,1
FINNIFTY21NOV2320600PE.NFO,2023-11-07,10:00:00,2023-11-21,132.65,132.65,132.65,132.65,0,0,1
FINNIFTY21NOV2320600PE.NFO,2023-11-07,10:01:00,2023-11-21,132.65,132.65,132.65,132.65,0,0,1
FINNIFTY21NOV2320600PE.NFO,2023-11-07,10:02:00,2023-11-21,132.65,132.65,132.65,132.65,0,0,1
FINNIFTY21NOV2320600PE.NFO,2023-11-07,10:03:00,2023-11-21,132.65,132.65,132.65,132.65,0,0,1
FINNIFTY21NOV2320600PE.NFO,2023-11-07,10:04:00,2023-11-21,132.65,132.65,132.65,132.65,0,0,1
FINNIFTY21NOV2320600PE.NFO,2023-11-07,10:05:00,2023-11-21,132.65,132.65,132.65,132.65,0,0,1
FINNIFTY21NOV2320600PE.NFO,2023-11-07,10:06:00,2023-11-21,132.65,132.65,132.65,132.65,0,0,1
FINNIFTY21NOV2320600PE.NFO,2023-11-07,10:07:00,2023-11-21,132.65,132.65,132.65,132.65,0,0,1
FINNIFTY21NOV2320600PE.NFO,2023-11-07,10:08:00,2023-11-21,132.65,132.65,132.65,132.65,0,0,1
FINNIFTY21NOV2320600PE.NFO,2023-11-07,10:09:00,2023-11-21,132.65,132.65,132.65,132.65,0,0,1
FINNIFTY21NOV2320600PE.NFO,2023-11-07,10:10:00,2023-11-21,132.65,132.65,132.65,132.65,0,0,1
FINNIFTY21NOV2320600PE.NFO,2023-11-07,10:11:00,2023-11-21,132.65,132.65,132.65,132.65,0,0,1
FINNIFTY21NOV2320600PE.NFO,2023-11-07,10:12:00,2023-11-21,132.65,132.65,132.65,132.65,0,0,1
FINNIFTY21NOV2320600PE.NFO,2023-11-07,10:13:00,2023-11-21,132.65,132.65,132.65,132.65,0,0,1
FINNIFTY21NOV2320600PE.NFO,2023-11-07,10:14:00,2023-11-21,132.65,132.65,132.65,132.65,0,0,1
FINNIFTY21NOV2320600PE.NFO,2023-11-07,10:15:00,2023-11-21,132.65,132.65,132.65,132.65,0,0,1
FINNIFTY21NOV2320600PE.NFO,2023-11-07,10:16:00,2023-11-21,132.65,132.65,132.65,132.65,0,0,1
FINNIFTY21NOV2320600PE.NFO,2023-11-07,10:17:00,2023-11-21,132.65,132.65,132.65,132.65,0,0,1
FINNIFTY21NOV2320600PE.NFO,2023-11-07,10:18:00,2023-11-21,132.65,132.65,132.65,132.65,0,0,1
FINNIFTY21NOV2320600PE.NFO,2023-11-07,10:19:00,2023-11-21,132.65,132.65,132.65,132.65,0,0,1
FINNIFTY21NOV2320600PE.NFO,2023-11-07,10:20:00,2023-11-21,132.65,132.65,132.65,132.65,0,0,1
FINNIFTY21NOV2320600PE.NFO,2023-11-07,10:21:00,2023-11-21,132.65,132.65,132.65,132.65,0,0,1
FINNIFTY21NOV2320600PE.NFO,2023-11-07,10:22:00,2023-11-21,132.65,132.65,132.65,132.65,0,0,1
FINNIFTY21NOV2320600PE.NFO,2023-11-07,10:23:00,2023-11-21,132.65,132.65,132.65,132.65,0,0,1
FINNIFTY21NOV2320600PE.NFO,2023-11-07,10:24:00,2023-11-21,132.65,132.65,132.65,132.65,0,0,1
FINNIFTY21NOV2320600PE.NFO,2023-11-07,10:25:00,2023-11-21,132.65,132.65,132.65,132.65,0,0,1
FINNIFTY21NOV2320600PE.NFO,2023-11-07,10:26:00,2023-11-21,132.65,132.65,132.65,132.65,0,0,1
FINNIFTY21NOV2320600PE.NFO,2023-11-07,10:27:00,2023-11-21,132.65,132.65,132.65,132.65,0,0,1
FINNIFTY21NOV2320600PE.NFO,2023-11-07,10:28:00,2023-11-21,132.65,132.65,132.65,132.65,0,0,1
FINNIFTY21NOV2320600PE.NFO,2023-11-07,10:29:00,2023-11-21,132.65,132.65,132.65,132.65,0,0,1
FINNIFTY21NOV2320600PE.NFO,2023-11-07,10:30:00,2023-11-21,132.65,132.65,132.65,132.65,0,0,1
FINNIFTY21NOV2320600PE.NFO,2023-11-07,10:31:00,2023-11-21,132.65,132.65,132.65,132.65,0,0,1
FINNIFTY21NOV2320600PE.NFO,2023-11-07,10:32:00,2023-11-21,132.65,132.65,132.65,132.65,0,0,1
FINNIFTY21NOV2320600PE.NFO,2023-11-07,10:33:00,2023-11-21,132.65,132.65,132.65,132.65,0,0,1
FINNIFTY21NOV2320600PE.NFO,2023-11-07,10:34:00,2023-11-21,132.65,132.65,132.65,132.65,0,0,1
FINNIFTY21NOV2320600PE.NFO,2023-11-07,10:35:00,2023-11-21,132.65,132.65,132.65,132.65,0,0,1
FINNIFTY21NOV2320600PE.NFO,2023-11-07,10:36:00,2023-11-21,132.65,132.65,132.65,132.65,0,0,1
FINNIFTY21NOV2320600PE.NFO,2023-11-07,10:37:00,2023-11-21,132.65,132.65,132.65,132.65,0,0,1
FINNIFTY21NOV2320600PE.NFO,2023-11-07,10:38:00,2023-11-21,132.65,132.65,132.65,132.65,0,0,1
FINNIFTY21NOV2320600PE.NFO,2023-11-07,10:39:00,2023-11-21,132.65,132.65,132.65,132.65,0,0,1
FINNIFTY21NOV2320600PE.NFO,2023-11-07,10:40:00,2023-11-21,132.65,132.65,132.65,132.65,0,0,1
FINNIFTY21NOV2320600PE.NFO,2023-11-07,10:41:00,2023-11-21,132.65,132.65,132.65,132.65,0,0,1
FINNIFTY21NOV2320600PE.NFO,2023-11-07,10:42:00,2023-11-21,132.65,132.65,132.65,132.65,0,0,1
FINNIFTY21NOV2320600PE.NFO,2023-11-07,10:43:00,2023-11-21,132.65,132.65,132.65,132.65,0,0,1
FINNIFTY21NOV2320600PE.NFO,2023-11-07,10:44:00,2023-11-21,132.65,132.65,132.65,132.65,0,0,1
FINNIFTY21NOV2320600PE.NFO,2023-11-07,10:45:00,2023-11-21,132.65,132.65,132.65,132.65,0,0,1
FINNIFTY21NOV2320600PE.NFO,2023-11-07,10:46:00,2023-11-21,132.65,132.65,132.65,132.65,0,0,1
FINNIFTY21NOV2320600PE.NFO,2023-11-07,10:47:00,2023-11-21,132.65,132.65,132.65,132.65,0,0,1
FINNIFTY21NOV2320600PE.NFO,2023-11-07,10:48:00,2023-11-21,132.65,132.65,132.65,132.65,0,0,1
FINNIFTY21NOV2320600PE.NFO,2023-11-07,10:49:00,2023-11-21,132.65,132.65,132.65,132.65,0,0,1
FINNIFTY21NOV2320600PE.NFO,2023-11-07,10:50:00,2023-11-21,132.65,132.65,132.65,132.65,0,0,1
FINNIFTY21NOV2320600PE.NFO,2023-11-07,10:51:00,2023-11-21,132.65,132.65,132.65,132.65,0,0,1
FINNIFTY21NOV2320600PE.NFO,2023-11-07,10:52:00,2023-11-21,132.65,132.65,132.65,132.65,0,0,1
FINNIFTY21NOV2320600PE.NFO,2023-11-07,10:53:00,2023-11-21,132.65,132.65,132.65,132.65,0,0,1
FINNIFTY21NOV2320600PE.NFO,2023-11-07,10:54:00,2023-11-21,132.65,132.65,132.65,132.65,0,0,1
FINNIFTY21NOV2320600PE.NFO,2023-11-07,10:55:00,2023-11-21,132.65,132.65,132.65,132.65,0,0,1
FINNIFTY21NOV2320600PE.NFO,2023-11-07,10:56:00,2023-11-21,132.65,132.65,132.65,132.65,0,0,1
FINNIFTY21NOV2320600PE.NFO,2023-11-07,10:57:00,2023-11-21,132.65,132.65,132.65,132.65,0,0,1
FINNIFTY21NOV2320600PE.NFO,2023-11-07,10:58:00,2023-11-21,132.65,132.65,132.65,132.65,0,0,1
FINNIFTY21NOV2320600PE.NFO,2023-11-07,10:59:00,2023-11-21,132.65,132.65,132.65,132.65,0,0,1
FINNIFTY21NOV2320600PE.NFO,2023-11-07,11:00:00,2023-11-21,132.65,132.65,132.65,132.65,0,0,1
FINNIFTY21NOV2320600PE.NFO,2023-11-07,11:01:00,2023-11-21,132.65,132.65,132.65,132.65,0,0,1
FINNIFTY21NOV2320600PE.NFO,2023-11-07,11:02:00,2023-11-21,132.65,132.65,132.65,132.65,0,0,1
FINNIFTY21NOV2320600PE.NFO,2023-11-07,11:03:00,2023-11-21,132.65,132.65,132.65,132.65,0,0,1
FINNIFTY21NOV2320600PE.NFO,2023-11-07,11:04:00,2023-11-21,132.65,132.65,132.65,132.65,0,0,1
FINNIFTY21NOV2320600PE.NFO,2023-11-07,11:05:00,2023-11-21,132.65,132.65,132.65,132.65,0,0,1
FINNIFTY21NOV2320600PE.NFO,2023-11-07,11:06:00,2023-11-21,132.65,132.65,132.65,132.65,0,0,1
FINNIFTY21NOV2320600PE.NFO,2023-11-07,11:07:00,2023-11-21,132.65,132.65,132.65,132.65,0,0,1
FINNIFTY21NOV2320600PE.NFO,2023-11-07,11:08:00,2023-11-21,132.65,132.65,132.65,132.65,0,0,1
FINNIFTY21NOV2320600PE.NFO,2023-11-07,11:09:00,2023-11-21,132.65,132.65,132.65,132.65,0,0,1
FINNIFTY21NOV2320600PE.NFO,2023-11-07,11:10:00,2023-11-21,132.65,132.65,132.65,132.65,0,0,1
FINNIFTY21NOV2320600PE.NFO,2023-11-07,11:11:00,2023-11-21,132.65,132.65,132.65,132.65,0,0,1
FINNIFTY21NOV2320600PE.NFO,2023-11-07,11:12:00,2023-11-21,132.65,132.65,132.65,132.65,0,0,1
FINNIFTY21NOV2320600PE.NFO,2023-11-07,11:13:00,2023-11-21,132.65,132.65,132.65,132.65,0,0,1
FINNIFTY21NOV2320600PE.NFO,2023-11-07,11:14:00,2023-11-21,132.65,132.65,132.65,132.65,0,0,1
FINNIFTY21NOV2320600PE.NFO,2023-11-07,11:15:00,2023-11-21,132.65,132.65,132.65,132.65,0,0,1
FINNIFTY21NOV2320600PE.NFO,2023-11-07,11:16:00,2023-11-21,132.65,132.65,132.65,132.65,0,0,1
FINNIFTY21NOV2320600PE.NFO,2023-11-07,11:17:00,2023-11-21,132.65,132.65,132.65,132.65,0,0,1
FINNIFTY21NOV2320600PE.NFO,2023-11-07,11:18:00,2023-11-21,132.65,132.65,132.65,132.65,0,0,1
FINNIFTY21NOV2320600PE.NFO,2023-11-07,11:19:00,2023-11-21,132.65,132.65,132.65,132.65,0,0,1
FINNIFTY21NOV2320600PE.NFO,2023-11-07,11:20:00,2023-11-21,132.65,132.65,132.65,132.65,0,0,1
FINNIFTY21NOV2320600PE.NFO,2023-11-07,11:21:00,2023-11-21,132.65,132.65,132.65,132.65,0,0,1
FINNIFTY21NOV2320600PE.NFO,2023-11-07,11:22:00,2023-11-21,132.65,132.65,132.65,132.65,0,0,1
FINNIFTY21NOV2320600PE.NFO,2023-11-07,11:23:00,2023-11-21,132.65,132.65,132.65,132.65,0,0,1
FINNIFTY21NOV2320600PE.NFO,2023-11-07,11:24:00,2023-11-21,132.65,132.65,132.65,132.65,0,0,1
FINNIFTY21NOV2320600PE.NFO,2023-11-07,11:25:00,2023-11-21,132.65,132.65,132.65,132.65,0,0,1
FINNIFTY21NOV2320600PE.NFO,2023-11-07,11:26:00,2023-11-21,132.65,132.65,132.65,132.65,0,0,1
FINNIFTY21NOV2320600PE.NFO,2023-11-07,11:27:00,2023-11-21,132.65,132.65,132.65,132.65,0,0,1
FINNIFTY21NOV2320600PE.NFO,2023-11-07,11:28:00,2023-11-21,132.65,132.65,132.65,132.65,0,0,1
FINNIFTY21NOV2320600PE.NFO,2023-11-07,11:29:00,2023-11-21,132.65,132.65,132.65,132.65,0,0,1
FINNIFTY21NOV2320600PE.NFO,2023-11-07,11:30:00,2023-11-21,132.65,132.65,132.65,132.65,0,0,1
FINNIFTY21NOV2320600PE.NFO,2023-11-07,11:31:00,2023-11-21,132.65,132.65,132.65,132.65,0,0,1
FINNIFTY21NOV2320600PE.NFO,2023-11-07,11:32:00,2023-11-21,132.65,132.65,132.65,132.65,0,0,1
FINNIFTY21NOV2320600PE.NFO,2023-11-07,11:33:00,2023-11-21,132.65,132.65,132.65,132.65,0,0,1
FINNIFTY21NOV2320600PE.NFO,2023-11-07,11:34:00,2023-11-21,132.65,132.65,132.65,132.65,0,0,1
FINNIFTY21NOV2320600PE.NFO,2023-11-07,11:35:00,2023-11-21,132.65,132.65,132.65,132.65,0,0,1
FINNIFTY21NOV2320600PE.NFO,2023-11-07,11:36:00,2023-11-21,132.65,132.65,132.65,132.65,0,0,1
FINNIFTY21NOV2320600PE.NFO,2023-11-07,11:37:00,2023-11-21,132.65,132.65,132.65,132.65,0,0,1
FINNIFTY21NOV2320600PE.NFO,2023-11-07,11:38:00,2023-11-21,132.65,132.65,132.65,132.65,0,0,1
FINNIFTY21NOV2320600PE.NFO,2023-11-07,11:39:00,2023-11-21,132.65,132.65,132.65,132.65,0,0,1
FINNIFTY21NOV2320600PE.NFO,2023-11-07,11:40:00,2023-11-21,132.65,132.65,132.65,132.65,0,0,1
FINNIFTY21NOV2320600PE.NFO,2023-11-07,11:41:00,2023-11-21,132.65,132.65,132.65,132.65,0,0,1
FINNIFTY21NOV2320600PE.NFO,2023-11-07,11:42:00,2023-11-21,132.65,132.65,132.65,132.65,0,0,1
FINNIFTY21NOV2320600PE.NFO,2023-11-07,11:43:00,2023-11-21,132.65,132.65,132.65,132.65,0,0,1
FINNIFTY21NOV2320600PE.NFO,2023-11-07,11:44:00,2023-11-21,132.65,132.65,132.65,132.65,0,0,1
FINNIFTY21NOV2320600PE.NFO,2023-11-07,11:45:00,2023-11-21,132.65,132.65,132.65,132.65,0,0,1
FINNIFTY21NOV2320600PE.NFO,2023-11-07,11:46:00,2023-11-21,132.65,132.65,132.65,132.65,0,0,1
FINNIFTY21NOV2320600PE.NFO,2023-11-07,11:47:00,2023-11-21,132.65,132.65,132.65,132.65,0,0,1
FINNIFTY21NOV2320600PE.NFO,2023-11-07,11:48:00,2023-11-21,132.65,132.65,132.65,132.65,0,0,1
FINNIFTY21NOV2320600PE.NFO,2023-11-07,11:49:00,2023-11-21,132.65,132.65,132.65,132.65,0,0,1
FINNIFTY21NOV2320600PE.NFO,2023-11-07,11:50:00,2023-11-21,132.65,132.65,132.65,132.65,0,0,1
FINNIFTY21NOV2320600PE.NFO,2023-11-07,11:51:00,2023-11-21,132.65,132.65,132.65,132.65,0,0,1
FINNIFTY21NOV2320600PE.NFO,2023-11-07,11:52:00,2023-11-21,132.65,132.65,132.65,132.65,0,0,1
FINNIFTY21NOV2320600PE.NFO,2023-11-07,11:53:00,2023-11-21,132.65,132.65,132.65,132.65,0,0,1
FINNIFTY21NOV2320600PE.NFO,2023-11-07,11:54:00,2023-11-21,132.65,132.65,132.65,132.65,0,0,1
FINNIFTY21NOV2320600PE.NFO,2023-11-07,11:55:00,2023-11-21,132.65,132.65,132.65,132.65,0,0,1
FINNIFTY21NOV2320600PE.NFO,2023-11-07,11:56:00,2023-11-21,132.65,132.65,132.65,132.65,0,0,1
FINNIFTY21NOV2320600PE.NFO,2023-11-07,11:57:00,2023-11-21,132.65,132.65,132.65,132.65,0,0,1
FINNIFTY21NOV2320600PE.NFO,2023-11-07,11:58:00,2023-11-21,132.65,132.65,132.65,132.65,0,0,1
FINNIFTY21NOV2320600PE.NFO,2023-11-07,11:59:00,2023-11-21,132.65,132.65,132.65,132.65,0,0,1
FINNIFTY21NOV2320600PE.NFO,2023-11-07,12:00:00,2023-11-21,132.65,132.65,132.65,132.65,0,0,1
FINNIFTY21NOV2320600PE.NFO,2023-11-07,12:01:00,2023-11-21,132.65,132.65,132.65,132.65,0,0,1
FINNIFTY21NOV2320600PE.NFO,2023-11-07,12:02:00,2023-11-21,132.65,132.65,132.65,132.65,0,0,1
FINNIFTY21NOV2320600PE.NFO,2023-11-07,12:03:00,2023-11-21,132.65,132.65,132.65,132.65,0,0,1
FINNIFTY21NOV2320600PE.NFO,2023-11-07,12:04:00,2023-11-21,132.65,132.65,132.65,132.65,0,0,1
FINNIFTY21NOV2320600PE.NFO,2023-11-07,12:05:00,2023-11-21,132.65,132.65,132.65,132.65,0,0,1
FINNIFTY21NOV2320600PE.NFO,2023-11-07,12:06:00,2023-11-21,132.65,132.65,132.65,132.65,0,0,1
FINNIFTY21NOV2320600PE.NFO,2023-11-07,12:07:00,2023-11-21,132.65,132.65,132.65,132.65,0,0,1
FINNIFTY21NOV2320600PE.NFO,2023-11-07,12:08:00,2023-11-21,132.65,132.65,132.65,132.65,0,0,1
FINNIFTY21NOV2320600PE.NFO,2023-11-07,12:09:00,2023-11-21,132.65,132.65,132.65,132.65,0,0,1
FINNIFTY21NOV2320600PE.NFO,2023-11-07,12:10:00,2023-11-21,132.65,132.65,132.65,132.65,0,0,1
FINNIFTY21NOV2320600PE.NFO,2023-11-07,12:11:00,2023-11-21,132.65,132.65,132.65,132.65,0,0,1
FINNIFTY21NOV2320600PE.NFO,2023-11-07,12:12:00,2023-11-21,132.65,132.65,132.65,132.65,0,0,1
FINNIFTY21NOV2320600PE.NFO,2023-11-07,12:13:00,2023-11-21,132.65,132.65,132.65,132.65,0,0,1
FINNIFTY21NOV2320600PE.NFO,2023-11-07,12:14:00,2023-11-21,132.65,132.65,132.65,132.65,0,0,1
FINNIFTY21NOV2320600PE.NFO,2023-11-07,12:15:00,2023-11-21,132.65,132.65,132.65,132.65,0,0,1
FINNIFTY21NOV2320600PE.NFO,2023-11-07,12:16:00,2023-11-21,132.65,132.65,132.65,132.65,0,0,1
FINNIFTY21NOV2320600PE.NFO,2023-11-07,12:17:00,2023-11-21,132.65,132.65,132.65,132.65,0,0,1
FINNIFTY21NOV2320600PE.NFO,2023-11-07,12:18:00,2023-11-21,132.65,132.65,132.65,132.65,0,0,1
FINNIFTY21NOV2320600PE.NFO,2023-11-07,12:19:00,2023-11-21,132.65,132.65,132.65,132.65,0,0,1
FINNIFTY21NOV2320600PE.NFO,2023-11-07,12:20:00,2023-11-21,132.65,132.65,132.65,132.65,0,0,1
FINNIFTY21NOV2320600PE.NFO,2023-11-07,12:21:00,2023-11-21,132.65,132.65,132.65,132.65,0,0,1
FINNIFTY21NOV2320600PE.NFO,2023-11-07,12:22:00,2023-11-21,132.65,132.65,132.65,132.65,0,0,1
FINNIFTY21NOV2320600PE.NFO,2023-11-07,12:23:00,2023-11-21,132.65,132.65,132.65,132.65,0,0,1
FINNIFTY21NOV2320600PE.NFO,2023-11-07,12:24:00,2023-11-21,132.65,132.65,132.65,132.65,0,0,1
FINNIFTY21NOV2320600PE.NFO,2023-11-07,12:25:00,2023-11-21,132.65,132.65,132.65,132.65,0,0,1
FINNIFTY21NOV2320600PE.NFO,2023-11-07,12:26:00,2023-11-21,132.65,132.65,132.65,132.65,0,0,1
FINNIFTY21NOV2320600PE.NFO,2023-11-07,12:27:00,2023-11-21,132.65,132.65,132.65,132.65,0,0,1
FINNIFTY21NOV2320600PE.NFO,2023-11-07,12:28:00,2023-11-21,132.65,132.65,132.65,132.65,0,0,1
FINNIFTY21NOV2320600PE.NFO,2023-11-07,12:29:00,2023-11-21,132.65,132.65,132.65,132.65,0,0,1
FINNIFTY21NOV2320600PE.NFO,2023-11-07,12:30:00,2023-11-21,132.65,132.65,132.65,132.65,0,0,1
FINNIFTY21NOV2320600PE.NFO,2023-11-07,12:31:00,2023-11-21,132.65,132.65,132.65,132.65,0,0,1
FINNIFTY21NOV2320600PE.NFO,2023-11-07,12:32:00,2023-11-21,132.65,132.65,132.65,132.65,0,0,1
FINNIFTY21NOV2320600PE.NFO,2023-11-07,12:33:00,2023-11-21,132.65,132.65,132.65,132.65,0,0,1
FINNIFTY21NOV2320600PE.NFO,2023-11-07,12:34:00,2023-11-21,132.65,132.65,132.65,132.65,0,0,1
FINNIFTY21NOV2320600PE.NFO,2023-11-07,12:35:00,2023-11-21,132.65,132.65,132.65,132.65,0,0,1
FINNIFTY21NOV2320600PE.NFO,2023-11-07,12:36:00,2023-11-21,132.65,132.65,132.65,132.65,0,0,1
FINNIFTY21NOV2320600PE.NFO,2023-11-07,12:37:00,2023-11-21,132.65,132.65,132.65,132.65,0,0,1
FINNIFTY21NOV2320600PE.NFO,2023-11-07,12:38:00,2023-11-21,132.65,132.65,132.65,132.65,0,0,1
FINNIFTY21NOV2320600PE.NFO,2023-11-07,12:39:00,2023-11-21,132.65,132.65,132.65,132.65,0,0,1
FINNIFTY21NOV2320600PE.NFO,2023-11-07,12:40:00,2023-11-21,132.65,132.65,132.65,132.65,0,0,1
FINNIFTY21NOV2320600PE.NFO,2023-11-07,12:41:00,2023-11-21,132.65,132.65,132.65,132.65,0,0,1
FINNIFTY21NOV2320600PE.NFO,2023-11-07,12:42:00,2023-11-21,132.65,132.65,132.65,132.65,0,0,1
FINNIFTY21NOV2320600PE.NFO,2023-11-07,12:43:00,2023-11-21,132.65,132.65,132.65,132.65,0,0,1
FINNIFTY21NOV2320600PE.NFO,2023-11-07,12:44:00,2023-11-21,132.65,132.65,132.65,132.65,0,0,1
FINNIFTY21NOV2320600PE.NFO,2023-11-07,12:45:00,2023-11-21,132.65,132.65,132.65,132.65,0,0,1
FINNIFTY21NOV2320600PE.NFO,2023-11-07,12:46:00,2023-11-21,132.65,132.65,132.65,132.65,0,0,1
FINNIFTY21NOV2320600PE.NFO,2023-11-07,12:47:00,2023-11-21,132.65,132.65,132.65,132.65,0,0,1
FINNIFTY21NOV2320600PE.NFO,2023-11-07,12:48:00,2023-11-21,132.65,132.65,132.65,132.65,0,0,1
FINNIFTY21NOV2320600PE.NFO,2023-11-07,12:49:00,2023-11-21,132.65,132.65,132.65,132.65,0,0,1
FINNIFTY21NOV2320600PE.NFO,2023-11-07,12:50:00,2023-11-21,132.65,132.65,132.65,132.65,0,0,1
FINNIFTY21NOV2320600PE.NFO,2023-11-07,12:51:00,2023-11-21,132.65,132.65,132.65,132.65,0,0,1
FINNIFTY21NOV2320600PE.NFO,2023-11-07,12:52:00,2023-11-21,132.65,132.65,132.65,132.65,0,0,1
FINNIFTY21NOV2320600PE.NFO,2023-11-07,12:53:00,2023-11-21,132.65,132.65,132.65,132.65,0,0,1
FINNIFTY21NOV2320600PE.NFO,2023-11-07,12:54:00,2023-11-21,132.65,132.65,132.65,132.65,0,0,1
FINNIFTY21NOV2320600PE.NFO,2023-11-07,12:55:00,2023-11-21,132.65,132.65,132.65,132.65,0,0,1
FINNIFTY21NOV2320600PE.NFO,2023-11-07,12:56:00,2023-11-21,132.65,132.65,132.65,132.65,0,0,1
FINNIFTY21NOV2320600PE.NFO,2023-11-07,12:57:00,2023-11-21,132.65,132.65,132.65,132.65,0,0,1
FINNIFTY21NOV2320600PE.NFO,2023-11-07,12:58:00,2023-11-21,132.65,132.65,132.65,132.65,0,0,1
FINNIFTY21NOV2320600PE.NFO,2023-11-07,12:59:00,2023-11-21,132.65,132.65,132.65,132.65,0,0,1
FINNIFTY21NOV2320600PE.NFO,2023-11-07,13:00:00,2023-11-21,132.65,132.65,132.65,132.65,0,0,1
FINNIFTY21NOV2320600PE.NFO,2023-11-07,13:01:00,2023-11-21,132.65,132.65,132.65,132.65,0,0,1
FINNIFTY21NOV2320600PE.NFO,2023-11-07,13:02:00,2023-11-21,132.65,132.65,132.65,132.65,0,0,1
FINNIFTY21NOV2320600PE.NFO,2023-11-07,13:03:00,2023-11-21,132.65,132.65,132.65,132.65,0,0,1
FINNIFTY21NOV2320600PE.NFO,2023-11-07,13:04:00,2023-11-21,132.65,132.65,132.65,132.65,0,0,1
FINNIFTY21NOV2320600PE.NFO,2023-11-07,13:05:00,2023-11-21,132.65,132.65,132.65,132.65,0,0,1
FINNIFTY21NOV2320600PE.NFO,2023-11-07,13:06:00,2023-11-21,132.65,132.65,132.65,132.65,0,0,1
FINNIFTY21NOV2320600PE.NFO,2023-11-07,13:07:00,2023-11-21,132.65,132.65,132.65,132.65,0,0,1
FINNIFTY21NOV2320600PE.NFO,2023-11-07,13:08:00,2023-11-21,132.65,132.65,132.65,132.65,0,0,1
FINNIFTY21NOV2320600PE.NFO,2023-11-07,13:09:00,2023-11-21,132.65,132.65,132.65,132.65,0,0,1
FINNIFTY21NOV2320600PE.NFO,2023-11-07,13:10:00,2023-11-21,132.65,132.65,132.65,132.65,0,0,1
FINNIFTY21NOV2320600PE.NFO,2023-11-07,13:11:00,2023-11-21,132.65,132.65,132.65,132.65,0,0,1
FINNIFTY21NOV2320600PE.NFO,2023-11-07,13:12:00,2023-11-21,132.65,132.65,132.65,132.65,0,0,1
FINNIFTY21NOV2320600PE.NFO,2023-11-07,13:13:00,2023-11-21,132.65,132.65,132.65,132.65,0,0,1
FINNIFTY21NOV2320600PE.NFO,2023-11-07,13:14:00,2023-11-21,132.65,132.65,132.65,132.65,0,0,1
FINNIFTY21NOV2320600PE.NFO,2023-11-07,13:15:00,2023-11-21,132.65,132.65,132.65,132.65,0,0,1
FINNIFTY21NOV2320600PE.NFO,2023-11-07,13:16:00,2023-11-21,132.65,132.65,132.65,132.65,0,0,1
FINNIFTY21NOV2320600PE.NFO,2023-11-07,13:17:00,2023-11-21,132.65,132.65,132.65,132.65,0,0,1
FINNIFTY21NOV2320600PE.NFO,2023-11-07,13:18:00,2023-11-21,132.65,132.65,132.65,132.65,0,0,1
FINNIFTY21NOV2320600PE.NFO,2023-11-07,13:19:00,2023-11-21,132.65,132.65,132.65,132.65,0,0,1
FINNIFTY21NOV2320600PE.NFO,2023-11-07,13:20:00,2023-11-21,132.65,132.65,132.65,132.65,0,0,1
FINNIFTY21NOV2320600PE.NFO,2023-11-07,13:21:00,2023-11-21,132.65,132.65,132.65,132.65,0,0,1
FINNIFTY21NOV2320600PE.NFO,2023-11-07,13:22:00,2023-11-21,132.65,132.65,132.65,132.65,0,0,1
FINNIFTY21NOV2320600PE.NFO,2023-11-07,13:23:00,2023-11-21,132.65,132.65,132.65,132.65,0,0,1
FINNIFTY21NOV2320600PE.NFO,2023-11-07,13:24:00,2023-11-21,132.65,132.65,132.65,132.65,0,0,1
FINNIFTY21NOV2320600PE.NFO,2023-11-07,13:25:00,2023-11-21,132.65,132.65,132.65,132.65,0,0,1
FINNIFTY21NOV2320600PE.NFO,2023-11-07,13:26:00,2023-11-21,132.65,132.65,132.65,132.65,0,0,1
FINNIFTY21NOV2320600PE.NFO,2023-11-07,13:27:00,2023-11-21,132.65,132.65,132.65,132.65,0,0,1
FINNIFTY21NOV2320600PE.NFO,2023-11-07,13:28:00,2023-11-21,132.65,132.65,132.65,132.65,0,0,1
FINNIFTY21NOV2320600PE.NFO,2023-11-07,13:29:00,2023-11-21,132.65,132.65,132.65,132.65,0,0,1
FINNIFTY21NOV2320600PE.NFO,2023-11-07,13:30:00,2023-11-21,132.65,132.65,132.65,132.65,0,0,1
FINNIFTY21NOV2320600PE.NFO,2023-11-07,13:31:00,2023-11-21,132.65,132.65,132.65,132.65,0,0,1
FINNIFTY21NOV2320600PE.NFO,2023-11-07,13:32:00,2023-11-21,132.65,132.65,132.65,132.65,0,0,1
FINNIFTY21NOV2320600PE.NFO,2023-11-07,13:33:00,2023-11-21,132.65,132.65,132.65,132.65,0,0,1
FINNIFTY21NOV2320600PE.NFO,2023-11-07,13:34:00,2023-11-21,132.65,132.65,132.65,132.65,0,0,1
FINNIFTY21NOV2320600PE.NFO,2023-11-07,13:35:00,2023-11-21,132.65,132.65,132.65,132.65,0,0,1
FINNIFTY21NOV2320600PE.NFO,2023-11-07,13:36:00,2023-11-21,132.65,132.65,132.65,132.65,0,0,1
FINNIFTY21NOV2320600PE.NFO,2023-11-07,13:37:00,2023-11-21,132.65,132.65,132.65,132.65,0,0,1
FINNIFTY21NOV2320600PE.NFO,2023-11-07,13:38:00,2023-11-21,132.65,132.65,132.65,132.65,0,0,1
FINNIFTY21NOV2320600PE.NFO,2023-11-07,13:39:00,2023-11-21,132.65,132.65,132.65,132.65,0,0,1
FINNIFTY21NOV2320600PE.NFO,2023-11-07,13:40:00,2023-11-21,132.65,132.65,132.65,132.65,0,0,1
FINNIFTY21NOV2320600PE.NFO,2023-11-07,13:41:00,2023-11-21,132.65,132.65,132.65,132.65,0,0,1
FINNIFTY21NOV2320600PE.NFO,2023-11-07,13:42:00,2023-11-21,132.65,132.65,132.65,132.65,0,0,1
FINNIFTY21NOV2320600PE.NFO,2023-11-07,13:43:00,2023-11-21,132.65,132.65,132.65,132.65,0,0,1
FINNIFTY21NOV2320600PE.NFO,2023-11-07,13:44:00,2023-11-21,132.65,132.65,132.65,132.65,0,0,1
FINNIFTY21NOV2320600PE.NFO,2023-11-07,13:45:00,2023-11-21,132.65,132.65,132.65,132.65,0,0,1
FINNIFTY21NOV2320600PE.NFO,2023-11-07,13:46:00,2023-11-21,132.65,132.65,132.65,132.65,0,0,1
FINNIFTY21NOV2320600PE.NFO,2023-11-07,13:47:00,2023-11-21,132.65,132.65,132.65,132.65,0,0,1
FINNIFTY21NOV2320600PE.NFO,2023-11-07,13:48:00,2023-11-21,132.65,132.65,132.65,132.65,0,0,1
FINNIFTY21NOV2320600PE.NFO,2023-11-07,13:49:00,2023-11-21,132.65,132.65,132.65,132.65,0,0,1
FINNIFTY21NOV2320600PE.NFO,2023-11-07,13:50:00,2023-11-21,132.65,132.65,132.65,132.65,0,0,1
FINNIFTY21NOV2320600PE.NFO,2023-11-07,13:51:00,2023-11-21,132.65,132.65,132.65,132.65,0,0,1
FINNIFTY21NOV2320600PE.NFO,2023-11-07,13:52:00,2023-11-21,132.65,132.65,132.65,132.65,0,0,1
FINNIFTY21NOV2320600PE.NFO,2023-11-07,13:53:00,2023-11-21,132.65,132.65,132.65,132.65,0,0,1
FINNIFTY21NOV2320600PE.NFO,2023-11-07,13:54:00,2023-11-21,132.65,132.65,132.65,132.65,0,0,1
FINNIFTY21NOV2320600PE.NFO,2023-11-07,13:55:00,2023-11-21,132.65,132.65,132.65,132.65,0,0,1
FINNIFTY21NOV2320600PE.NFO,2023-11-07,13:56:00,2023-11-21,132.65,132.65,132.65,132.65,0,0,1
FINNIFTY21NOV2320600PE.NFO,2023-11-07,13:57:00,2023-11-21,132.65,132.65,132.65,132.65,0,0,1
FINNIFTY21NOV2320600PE.NFO,2023-11-07,13:58:00,2023-11-21,132.65,132.65,132.65,132.65,0,0,1
FINNIFTY21NOV2320600PE.NFO,2023-11-07,13:59:00,2023-11-21,132.65,132.65,132.65,132.65,0,0,1
FINNIFTY21NOV2320600PE.NFO,2023-11-07,14:00:00,2023-11-21,132.65,132.65,132.65,132.65,0,0,1
FINNIFTY21NOV2320600PE.NFO,2023-11-07,14:01:00,2023-11-21,132.65,132.65,132.65,132.65,0,0,1
FINNIFTY21NOV2320600PE.NFO,2023-11-07,14:02:00,2023-11-21,132.65,132.65,132.65,132.65,0,0,1
FINNIFTY21NOV2320600PE.NFO,2023-11-07,14:03:00,2023-11-21,132.65,132.65,132.65,132.65,0,0,1
FINNIFTY21NOV2320600PE.NFO,2023-11-07,14:04:00,2023-11-21,132.65,132.65,132.65,132.65,0,0,1
FINNIFTY21NOV2320600PE.NFO,2023-11-07,14:05:00,2023-11-21,132.65,132.65,132.65,132.65,0,0,1
FINNIFTY21NOV2320600PE.NFO,2023-11-07,14:06:00,2023-11-21,132.65,132.65,132.65,132.65,0,0,1
FINNIFTY21NOV2320600PE.NFO,2023-11-07,14:07:00,2023-11-21,132.65,132.65,132.65,132.65,0,0,1
FINNIFTY21NOV2320600PE.NFO,2023-11-07,14:08:00,2023-11-21,132.65,132.65,132.65,132.65,0,0,1
FINNIFTY21NOV2320600PE.NFO,2023-11-07,14:09:00,2023-11-21,132.65,132.65,132.65,132.65,0,0,1
FINNIFTY21NOV2320600PE.NFO,2023-11-07,14:10:00,2023-11-21,132.65,132.65,132.65,132.65,0,0,1
FINNIFTY21NOV2320600PE.NFO,2023-11-07,14:11:00,2023-11-21,132.65,132.65,132.65,132.65,0,0,1
FINNIFTY21NOV2320600PE.NFO,2023-11-07,14:12:00,2023-11-21,132.65,132.65,132.65,132.65,0,0,1
FINNIFTY21NOV2320600PE.NFO,2023-11-07,14:13:00,2023-11-21,132.65,132.65,132.65,132.65,0,0,1
FINNIFTY21NOV2320600PE.NFO,2023-11-07,14:14:00,2023-11-21,132.65,132.65,132.65,132.65,0,0,1
FINNIFTY21NOV2320600PE.NFO,2023-11-07,14:15:00,2023-11-21,132.65,132.65,132.65,132.65,0,0,1
FINNIFTY21NOV2320600PE.NFO,2023-11-07,14:16:00,2023-11-21,132.65,132.65,132.65,132.65,0,0,1
FINNIFTY21NOV2320600PE.NFO,2023-11-07,14:17:00,2023-11-21,132.65,132.65,132.65,132.65,0,0,1
FINNIFTY21NOV2320600PE.NFO,2023-11-07,14:18:00,2023-11-21,132.65,132.65,132.65,132.65,0,0,1
FINNIFTY21NOV2320600PE.NFO,2023-11-07,14:19:00,2023-11-21,132.65,132.65,132.65,132.65,0,0,1
FINNIFTY21NOV2320600PE.NFO,2023-11-07,14:20:00,2023-11-21,132.65,132.65,132.65,132.65,0,0,1
FINNIFTY21NOV2320600PE.NFO,2023-11-07,14:21:00,2023-11-21,132.65,132.65,132.65,132.65,0,0,1
FINNIFTY21NOV2320600PE.NFO,2023-11-07,14:22:00,2023-11-21,132.65,132.65,132.65,132.65,0,0,1
FINNIFTY21NOV2320600PE.NFO,2023-11-07,14:23:00,2023-11-21,132.65,132.65,132.65,132.65,0,0,1
FINNIFTY21NOV2320600PE.NFO,2023-11-07,14:24:00,2023-11-21,132.65,132.65,132.65,132.65,0,0,1
FINNIFTY21NOV2320600PE.NFO,2023-11-07,14:25:00,2023-11-21,132.65,132.65,132.65,132.65,0,0,1
FINNIFTY21NOV2320600PE.NFO,2023-11-07,14:26:00,2023-11-21,132.65,132.65,132.65,132.65,0,0,1
FINNIFTY21NOV2320600PE.NFO,2023-11-07,14:27:00,2023-11-21,132.65,132.65,132.65,132.65,0,0,1
FINNIFTY21NOV2320600PE.NFO,2023-11-07,14:28:00,2023-11-21,132.65,132.65,132.65,132.65,0,0,1
FINNIFTY21NOV2320600PE.NFO,2023-11-07,14:29:00,2023-11-21,132.65,132.65,132.65,132.65,0,0,1
FINNIFTY21NOV2320600PE.NFO,2023-11-07,14:30:00,2023-11-21,132.65,132.65,132.65,132.65,0,0,1
FINNIFTY21NOV2320600PE.NFO,2023-11-07,14:31:00,2023-11-21,132.65,132.65,132.65,132.65,0,0,1
FINNIFTY21NOV2320600PE.NFO,2023-11-07,14:32:00,2023-11-21,132.65,132.65,132.65,132.65,0,0,1
FINNIFTY21NOV2320600PE.NFO,2023-11-07,14:33:00,2023-11-21,132.65,132.65,132.65,132.65,0,0,1
FINNIFTY21NOV2320600PE.NFO,2023-11-07,14:34:00,2023-11-21,132.65,132.65,132.65,132.65,0,0,1
FINNIFTY21NOV2320600PE.NFO,2023-11-07,14:35:00,2023-11-21,132.65,132.65,132.65,132.65,0,0,1
FINNIFTY21NOV2320600PE.NFO,2023-11-07,14:36:00,2023-11-21,132.65,132.65,132.65,132.65,0,0,1
FINNIFTY21NOV2320600PE.NFO,2023-11-07,14:37:00,2023-11-21,132.65,132.65,132.65,132.65,0,0,1
FINNIFTY21NOV2320600PE.NFO,2023-11-07,14:38:00,2023-11-21,132.65,132.65,132.65,132.65,0,0,1
FINNIFTY21NOV2320600PE.NFO,2023-11-07,14:39:00,2023-11-21,132.65,132.65,132.65,132.65,0,0,1
FINNIFTY21NOV2320600PE.NFO,2023-11-07,14:40:00,2023-11-21,132.65,132.65,132.65,132.65,0,0,1
FINNIFTY21NOV2320600PE.NFO,2023-11-07,14:41:00,2023-11-21,132.65,132.65,132.65,132.65,0,0,1
FINNIFTY21NOV2320600PE.NFO,2023-11-07,14:42:00,2023-11-21,132.65,132.65,132.65,132.65,0,0,1
FINNIFTY21NOV2320600PE.NFO,2023-11-07,14:43:00,2023-11-21,132.65,132.65,132.65,132.65,0,0,1
FINNIFTY21NOV2320600PE.NFO,2023-11-07,14:44:00,2023-11-21,132.65,132.65,132.65,132.65,0,0,1
FINNIFTY21NOV2320600PE.NFO,2023-11-07,14:45:00,2023-11-21,132.65,132.65,132.65,132.65,0,0,1
FINNIFTY21NOV2320600PE.NFO,2023-11-07,14:46:00,2023-11-21,132.65,132.65,132.65,132.65,0,0,1
FINNIFTY21NOV2320600PE.NFO,2023-11-07,14:47:00,2023-11-21,132.65,132.65,132.65,132.65,0,0,1
FINNIFTY21NOV2320600PE.NFO,2023-11-07,14:48:00,2023-11-21,132.65,132.65,132.65,132.65,0,0,1
FINNIFTY21NOV2320600PE.NFO,2023-11-07,14:49:00,2023-11-21,132.65,132.65,132.65,132.65,0,0,1
FINNIFTY21NOV2320600PE.NFO,2023-11-07,14:50:00,2023-11-21,132.65,132.65,132.65,132.65,0,0,1
FINNIFTY21NOV2320600PE.NFO,2023-11-07,14:51:00,2023-11-21,132.65,132.65,132.65,132.65,0,0,1
FINNIFTY21NOV2320600PE.NFO,2023-11-07,14:52:00,2023-11-21,132.65,132.65,132.65,132.65,0,0,1
FINNIFTY21NOV2320600PE.NFO,2023-11-07,14:53:00,2023-11-21,132.65,132.65,132.65,132.65,0,0,1
FINNIFTY21NOV2320600PE.NFO,2023-11-07,14:54:00,2023-11-21,132.65,132.65,132.65,132.65,0,0,1
FINNIFTY21NOV2320600PE.NFO,2023-11-07,14:55:00,2023-11-21,132.65,132.65,132.65,132.65,0,0,1
FINNIFTY21NOV2320600PE.NFO,2023-11-07,14:56:00,2023-11-21,132.65,132.65,132.65,132.65,0,0,1
FINNIFTY21NOV2320600PE.NFO,2023-11-07,14:57:00,2023-11-21,132.65,132.65,132.65,132.65,0,0,1
FINNIFTY21NOV2320600PE.NFO,2023-11-07,14:58:00,2023-11-21,132.65,132.65,132.65,132.65,0,0,1
FINNIFTY21NOV2320600PE.NFO,2023-11-07,14:59:00,2023-11-21,132.65,132.65,132.65,132.65,0,0,1
FINNIFTY21NOV2320600PE.NFO,2023-11-07,15:00:00,2023-11-21,132.65,132.65,132.65,132.65,0,0,1
FINNIFTY21NOV2320600PE.NFO,2023-11-07,15:01:00,2023-11-21,132.65,132.65,132.65,132.65,0,0,1
FINNIFTY21NOV2320600PE.NFO,2023-11-07,15:02:00,2023-11-21,132.65,132.65,132.65,132.65,0,0,1
FINNIFTY21NOV2320600PE.NFO,2023-11-07,15:03:00,2023-11-21,132.65,132.65,132.65,132.65,0,0,1
FINNIFTY21NOV2320600PE.NFO,2023-11-07,15:04:00,2023-11-21,132.65,132.65,132.65,132.65,0,0,1
FINNIFTY21NOV2320600PE.NFO,2023-11-07,15:05:00,2023-11-21,132.65,132.65,132.65,132.65,0,0,1
FINNIFTY21NOV2320600PE.NFO,2023-11-07,15:06:00,2023-11-21,132.65,132.65,132.65,132.65,0,0,1
FINNIFTY21NOV2320600PE.NFO,2023-11-07,15:07:00,2023-11-21,132.65,132.65,132.65,132.65,0,0,1
FINNIFTY21NOV2320600PE.NFO,2023-11-07,15:08:00,2023-11-21,132.65,132.65,132.65,132.65,0,0,1
FINNIFTY21NOV2320600PE.NFO,2023-11-07,15:09:00,2023-11-21,132.65,132.65,132.65,132.65,0,0,1
FINNIFTY21NOV2320600PE.NFO,2023-11-07,15:10:00,2023-11-21,132.65,132.65,132.65,132.65,0,0,1
FINNIFTY21NOV2320600PE.NFO,2023-11-07,15:11:00,2023-11-21,132.65,132.65,132.65,132.65,0,0,1
FINNIFTY21NOV2320600PE.NFO,2023-11-07,15:12:00,2023-11-21,132.65,132.65,132.65,132.65,0,0,1
FINNIFTY21NOV2320600PE.NFO,2023-11-07,15:13:00,2023-11-21,132.65,132.65,132.65,132.65,0,0,1
FINNIFTY21NOV2320600PE.NFO,2023-11-07,15:14:00,2023-11-21,132.65,132.65,132.65,132.65,0,0,1
FINNIFTY21NOV2320600PE.NFO,2023-11-07,15:15:00,2023-11-21,132.65,132.65,132.65,132.65,0,0,1
FINNIFTY21NOV2320600PE.NFO,2023-11-07,15:16:00,2023-11-21,132.65,132.65,132.65,132.65,0,0,1
FINNIFTY21NOV2320600PE.NFO,2023-11-07,15:17:00,2023-11-21,132.65,132.65,132.65,132.65,0,0,1
FINNIFTY21NOV2320600PE.NFO,2023-11-07,15:18:00,2023-11-21,132.65,132.65,132.65,132.65,0,0,1
FINNIFTY21NOV2320600PE.NFO,2023-11-07,15:19:00,2023-11-21,132.65,132.65,132.65,132.65,0,0,1
FINNIFTY21NOV2320600PE.NFO,2023-11-07,15:20:00,2023-11-21,132.65,132.65,132.65,132.65,0,0,1
FINNIFTY21NOV2320600PE.NFO,2023-11-07,15:21:00,2023-11-21,132.65,132.65,132.65,132.65,0,0,1
FINNIFTY21NOV2320600PE.NFO,2023-11-07,15:22:00,2023-11-21,132.65,132.65,132.65,132.65,0,0,1
FINNIFTY21NOV2320600PE.NFO,2023-11-07,15:23:00,2023-11-21,132.65,132.65,132.65,132.65,0,0,1
FINNIFTY21NOV2320600PE.NFO,2023-11-07,15:24:00,2023-11-21,132.65,132.65,132.65,132.65,0,0,1
FINNIFTY21NOV2320600PE.NFO,2023-11-07,15:25:00,2023-11-21,132.65,132.65,132.65,132.65,0,0,1
FINNIFTY21NOV2320600PE.NFO,2023-11-07,15:26:00,2023-11-21,132.65,132.65,132.65,132.65,0,0,1
FINNIFTY21NOV2320600PE.NFO,2023-11-07,15:27:00,2023-11-21,132.65,132.65,132.65,132.65,0,0,1
FINNIFTY21NOV2320600PE.NFO,2023-11-07,15:28:00,2023-11-21,132.65,132.65,132.65,132.65,0,0,1
FINNIFTY21NOV2320600PE.NFO,2023-11-07,15:29:00,2023-11-21,132.65,132.65,132.65,132.65,0,0,1
FINNIFTY21NOV2320600PE.NFO,2023-11-07,15:30:00,2023-11-21,132.65,132.65,132.65,132.65,0,0,1
FINNIFTY21NOV2320600PE.NFO,2023-11-08,09:15:00,2023-11-21,132.65,132.65,132.65,132.65,0,0,0
FINNIFTY21NOV2320600PE.NFO,2023-11-08,09:16:00,2023-11-21,132.65,132.65,132.65,132.65,0,0,1
FINNIFTY21NOV2320600PE.NFO,2023-11-08,09:17:00,2023-11-21,132.65,132.65,132.65,132.65,0,0,1
FINNIFTY21NOV2320600PE.NFO,2023-11-08,09:18:00,2023-11-21,132.65,132.65,132.65,132.65,0,0,1
FINNIFTY21NOV2320600PE.NFO,2023-11-08,09:19:00,2023-11-21,132.65,132.65,132.65,132.65,0,0,1
FINNIFTY21NOV2320600PE.NFO,2023-11-08,09:20:00,2023-11-21,132.65,132.65,132.65,132.65,0,0,1
FINNIFTY21NOV2320600PE.NFO,2023-11-08,09:21:00,2023-11-21,132.65,132.65,132.65,132.65,0,0,1
FINNIFTY21NOV2320600PE.NFO,2023-11-08,09:22:00,2023-11-21,132.65,132.65,132.65,132.65,0,0,1
FINNIFTY21NOV2320600PE.NFO,2023-11-08,09:23:00,2023-11-21,132.65,132.65,132.65,132.65,0,0,1
FINNIFTY21NOV2320600PE.NFO,2023-11-08,09:24:00,2023-11-21,132.65,132.65,132.65,132.65,0,0,1
FINNIFTY21NOV2320600PE.NFO,2023-11-08,09:25:00,2023-11-21,132.65,132.65,132.65,132.65,0,0,1
FINNIFTY21NOV2320600PE.NFO,2023-11-08,09:26:00,2023-11-21,132.65,132.65,132.65,132.65,0,0,1
FINNIFTY21NOV2320600PE.NFO,2023-11-08,09:27:00,2023-11-21,132.65,132.65,132.65,132.65,0,0,1
FINNIFTY21NOV2320600PE.NFO,2023-11-08,09:28:00,2023-11-21,132.65,132.65,132.65,132.65,0,0,1
FINNIFTY21NOV2320600PE.NFO,2023-11-08,09:29:00,2023-11-21,132.65,132.65,132.65,132.65,0,0,1
FINNIFTY21NOV2320600PE.NFO,2023-11-08,09:30:00,2023-11-21,132.65,132.65,132.65,132.65,0,0,1
FINNIFTY21NOV2320600PE.NFO,2023-11-08,09:31:00,2023-11-21,132.65,132.65,132.65,132.65,0,0,1
FINNIFTY21NOV2320600PE.NFO,2023-11-08,09:32:00,2023-11-21,132.65,132.65,132.65,132.65,0,0,1
FINNIFTY21NOV2320600PE.NFO,2023-11-08,09:33:00,2023-11-21,132.65,132.65,132.65,132.65,0,0,1
FINNIFTY21NOV2320600PE.NFO,2023-11-08,09:34:00,2023-11-21,132.65,132.65,132.65,132.65,0,0,1
FINNIFTY21NOV2320600PE.NFO,2023-11-08,09:35:00,2023-11-21,132.65,132.65,132.65,132.65,0,0,1
FINNIFTY21NOV2320600PE.NFO,2023-11-08,09:36:00,2023-11-21,132.65,132.65,132.65,132.65,0,0,1
FINNIFTY21NOV2320600PE.NFO,2023-11-08,09:37:00,2023-11-21,132.65,132.65,132.65,132.65,0,0,1
FINNIFTY21NOV2320600PE.NFO,2023-11-08,09:38:00,2023-11-21,132.65,132.65,132.65,132.65,0,0,1
FINNIFTY21NOV2320600PE.NFO,2023-11-08,09:39:00,2023-11-21,132.65,132.65,132.65,132.65,0,0,1
FINNIFTY21NOV2320600PE.NFO,2023-11-08,09:40:00,2023-11-21,132.65,132.65,132.65,132.65,0,0,1
FINNIFTY21NOV2320600PE.NFO,2023-11-08,09:41:00,2023-11-21,132.65,132.65,132.65,132.65,0,0,1
FINNIFTY21NOV2320600PE.NFO,2023-11-08,09:42:00,2023-11-21,132.65,132.65,132.65,132.65,0,0,1
FINNIFTY21NOV2320600PE.NFO,2023-11-08,09:43:00,2023-11-21,132.65,132.65,132.65,132.65,0,0,1
FINNIFTY21NOV2320600PE.NFO,2023-11-08,09:44:00,2023-11-21,132.65,132.65,132.65,132.65,0,0,1
FINNIFTY21NOV2320600PE.NFO,2023-11-08,09:45:00,2023-11-21,132.65,132.65,132.65,132.65,0,0,1
FINNIFTY21NOV2320600PE.NFO,2023-11-08,09:46:00,2023-11-21,132.65,132.65,132.65,132.65,0,0,1
FINNIFTY21NOV2320600PE.NFO,2023-11-08,09:47:00,2023-11-21,132.65,132.65,132.65,132.65,0,0,1
FINNIFTY21NOV2320600PE.NFO,2023-11-08,09:48:00,2023-11-21,132.65,132.65,132.65,132.65,0,0,1
FINNIFTY21NOV2320600PE.NFO,2023-11-08,09:49:00,2023-11-21,132.65,132.65,132.65,132.65,0,0,1
FINNIFTY21NOV2320600PE.NFO,2023-11-08,09:50:00,2023-11-21,132.65,132.65,132.65,132.65,0,0,1
FINNIFTY21NOV2320600PE.NFO,2023-11-08,09:51:00,2023-11-21,132.65,132.65,132.65,132.65,0,0,1
FINNIFTY21NOV2320600PE.NFO,2023-11-08,09:52:00,2023-11-21,132.65,132.65,132.65,132.65,0,0,1
FINNIFTY21NOV2320600PE.NFO,2023-11-08,09:53:00,2023-11-21,132.65,132.65,132.65,132.65,0,0,1
FINNIFTY21NOV2320600PE.NFO,2023-11-08,09:54:00,2023-11-21,132.65,132.65,132.65,132.65,0,0,1
FINNIFTY21NOV2320600PE.NFO,2023-11-08,09:55:00,2023-11-21,132.65,132.65,132.65,132.65,0,0,1
FINNIFTY21NOV2320600PE.NFO,2023-11-08,09:56:00,2023-11-21,132.65,132.65,132.65,132.65,0,0,1
FINNIFTY21NOV2320600PE.NFO,2023-11-08,09:57:00,2023-11-21,132.65,132.65,132.65,132.65,0,0,1
FINNIFTY21NOV2320600PE.NFO,2023-11-08,09:58:00,2023-11-21,132.65,132.65,132.65,132.65,0,0,1
FINNIFTY21NOV2320600PE.NFO,2023-11-08,09:59:00,2023-11-21,132.65,132.65,132.65,132.65,0,0,1
FINNIFTY21NOV2320600PE.NFO,2023-11-08,10:00:00,2023-11-21,132.65,132.65,132.65,132.65,0,0,1
FINNIFTY21NOV2320600PE.NFO,2023-11-08,10:01:00,2023-11-21,132.65,132.65,132.65,132.65,0,0,1
FINNIFTY21NOV2320600PE.NFO,2023-11-08,10:02:00,2023-11-21,132.65,132.65,132.65,132.65,0,0,1
FINNIFTY21NOV2320600PE.NFO,2023-11-08,10:03:00,2023-11-21,132.65,132.65,132.65,132.65,0,0,1
FINNIFTY21NOV2320600PE.NFO,2023-11-08,10:04:00,2023-11-21,132.65,132.65,132.65,132.65,0,0,1
FINNIFTY21NOV2320600PE.NFO,2023-11-08,10:05:00,2023-11-21,132.65,132.65,132.65,132.65,0,0,1
FINNIFTY21NOV2320600PE.NFO,2023-11-08,10:06:00,2023-11-21,132.65,132.65,132.65,132.65,0,0,1
FINNIFTY21NOV2320600PE.NFO,2023-11-08,10:07:00,2023-11-21,132.65,132.65,132.65,132.65,0,0,1
FINNIFTY21NOV2320600PE.NFO,2023-11-08,10:08:00,2023-11-21,132.65,132.65,132.65,132.65,0,0,1
FINNIFTY21NOV2320600PE.NFO,2023-11-08,10:09:00,2023-11-21,132.65,132.65,132.65,132.65,0,0,1
FINNIFTY21NOV2320600PE.NFO,2023-11-08,10:10:00,2023-11-21,132.65,132.65,132.65,132.65,0,0,1
FINNIFTY21NOV2320600PE.NFO,2023-11-08,10:11:00,2023-11-21,132.65,132.65,132.65,132.65,0,0,1
FINNIFTY21NOV2320600PE.NFO,2023-11-08,10:12:00,2023-11-21,132.65,132.65,132.65,132.65,0,0,1
FINNIFTY21NOV2320600PE.NFO,2023-11-08,10:13:00,2023-11-21,132.65,132.65,132.65,132.65,0,0,1
FINNIFTY21NOV2320600PE.NFO,2023-11-08,10:14:00,2023-11-21,132.65,132.65,132.65,132.65,0,0,1
FINNIFTY21NOV2320600PE.NFO,2023-11-08,10:15:00,2023-11-21,132.65,132.65,132.65,132.65,0,0,1
FINNIFTY21NOV2320600PE.NFO,2023-11-08,10:16:00,2023-11-21,132.65,132.65,132.65,132.65,0,0,1
FINNIFTY21NOV2320600PE.NFO,2023-11-08,10:17:00,2023-11-21,132.65,132.65,132.65,132.65,0,0,1
FINNIFTY21NOV2320600PE.NFO,2023-11-08,10:18:00,2023-11-21,132.65,132.65,132.65,132.65,0,0,1
FINNIFTY21NOV2320600PE.NFO,2023-11-08,10:19:00,2023-11-21,132.65,132.65,132.65,132.65,0,0,1
FINNIFTY21NOV2320600PE.NFO,2023-11-08,10:20:00,2023-11-21,132.65,132.65,132.65,132.65,0,0,1
FINNIFTY21NOV2320600PE.NFO,2023-11-08,10:21:00,2023-11-21,132.65,132.65,132.65,132.65,0,0,1
FINNIFTY21NOV2320600PE.NFO,2023-11-08,10:22:00,2023-11-21,132.65,132.65,132.65,132.65,0,0,1
FINNIFTY21NOV2320600PE.NFO,2023-11-08,10:23:00,2023-11-21,132.65,132.65,132.65,132.65,0,0,1
FINNIFTY21NOV2320600PE.NFO,2023-11-08,10:24:00,2023-11-21,132.65,132.65,132.65,132.65,0,0,1
FINNIFTY21NOV2320600PE.NFO,2023-11-08,10:25:00,2023-11-21,132.65,132.65,132.65,132.65,0,0,1
FINNIFTY21NOV2320600PE.NFO,2023-11-08,10:26:00,2023-11-21,132.65,132.65,132.65,132.65,0,0,1
FINNIFTY21NOV2320600PE.NFO,2023-11-08,10:27:00,2023-11-21,132.65,132.65,132.65,132.65,0,0,1
FINNIFTY21NOV2320600PE.NFO,2023-11-08,10:28:00,2023-11-21,132.65,132.65,132.65,132.65,0,0,1
FINNIFTY21NOV2320600PE.NFO,2023-11-08,10:29:00,2023-11-21,132.65,132.65,132.65,132.65,0,0,1
FINNIFTY21NOV2320600PE.NFO,2023-11-08,10:30:00,2023-11-21,132.65,132.65,132.65,132.65,0,0,1
FINNIFTY21NOV2320600PE.NFO,2023-11-08,10:31:00,2023-11-21,132.65,132.65,132.65,132.65,0,0,1
FINNIFTY21NOV2320600PE.NFO,2023-11-08,10:32:00,2023-11-21,132.65,132.65,132.65,132.65,0,0,1
FINNIFTY21NOV2320600PE.NFO,2023-11-08,10:33:00,2023-11-21,132.65,132.65,132.65,132.65,0,0,1
FINNIFTY21NOV2320600PE.NFO,2023-11-08,10:34:00,2023-11-21,132.65,132.65,132.65,132.65,0,0,1
FINNIFTY21NOV2320600PE.NFO,2023-11-08,10:35:00,2023-11-21,132.65,132.65,132.65,132.65,0,0,1
FINNIFTY21NOV2320600PE.NFO,2023-11-08,10:36:00,2023-11-21,132.65,132.65,132.65,132.65,0,0,1
FINNIFTY21NOV2320600PE.NFO,2023-11-08,10:37:00,2023-11-21,132.65,132.65,132.65,132.65,0,0,1
FINNIFTY21NOV2320600PE.NFO,2023-11-08,10:38:00,2023-11-21,132.65,132.65,132.65,132.65,0,0,1
FINNIFTY21NOV2320600PE.NFO,2023-11-08,10:39:00,2023-11-21,132.65,132.65,132.65,132.65,0,0,1
FINNIFTY21NOV2320600PE.NFO,2023-11-08,10:40:00,2023-11-21,132.65,132.65,132.65,132.65,0,0,1
FINNIFTY21NOV2320600PE.NFO,2023-11-08,10:41:00,2023-11-21,132.65,132.65,132.65,132.65,0,0,1
FINNIFTY21NOV2320600PE.NFO,2023-11-08,10:42:00,2023-11-21,132.65,132.65,132.65,132.65,0,0,1
FINNIFTY21NOV2320600PE.NFO,2023-11-08,10:43:00,2023-11-21,132.65,132.65,132.65,132.65,0,0,1
FINNIFTY21NOV2320600PE.NFO,2023-11-08,10:44:00,2023-11-21,132.65,132.65,132.65,132.65,0,0,1
FINNIFTY21NOV2320600PE.NFO,2023-11-08,10:45:00,2023-11-21,132.65,132.65,132.65,132.65,0,0,1
FINNIFTY21NOV2320600PE.NFO,2023-11-08,10:46:00,2023-11-21,132.65,132.65,132.65,132.65,0,0,1
FINNIFTY21NOV2320600PE.NFO,2023-11-08,10:47:00,2023-11-21,132.65,132.65,132.65,132.65,0,0,1
FINNIFTY21NOV2320600PE.NFO,2023-11-08,10:48:00,2023-11-21,132.65,132.65,132.65,132.65,0,0,1
FINNIFTY21NOV2320600PE.NFO,2023-11-08,10:49:00,2023-11-21,132.65,132.65,132.65,132.65,0,0,1
FINNIFTY21NOV2320600PE.NFO,2023-11-08,10:50:00,2023-11-21,132.65,132.65,132.65,132.65,0,0,1
FINNIFTY21NOV2320600PE.NFO,2023-11-08,10:51:00,2023-11-21,132.65,132.65,132.65,132.65,0,0,1
FINNIFTY21NOV2320600PE.NFO,2023-11-08,10:52:00,2023-11-21,132.65,132.65,132.65,132.65,0,0,1
FINNIFTY21NOV2320600PE.NFO,2023-11-08,10:53:00,2023-11-21,132.65,132.65,132.65,132.65,0,0,1
FINNIFTY21NOV2320600PE.NFO,2023-11-08,10:54:00,2023-11-21,132.65,132.65,132.65,132.65,0,0,1
FINNIFTY21NOV2320600PE.NFO,2023-11-08,10:55:00,2023-11-21,132.65,132.65,132.65,132.65,0,0,1
FINNIFTY21NOV2320600PE.NFO,2023-11-08,10:56:00,2023-11-21,132.65,132.65,132.65,132.65,0,0,1
FINNIFTY21NOV2320600PE.NFO,2023-11-08,10:57:00,2023-11-21,132.65,132.65,132.65,132.65,0,0,1
FINNIFTY21NOV2320600PE.NFO,2023-11-08,10:58:00,2023-11-21,132.65,132.65,132.65,132.65,0,0,1
FINNIFTY21NOV2320600PE.NFO,2023-11-08,10:59:00,2023-11-21,132.65,132.65,132.65,132.65,0,0,1
FINNIFTY21NOV2320600PE.NFO,2023-11-08,11:00:00,2023-11-21,132.65,132.65,132.65,132.65,0,0,1
FINNIFTY21NOV2320600PE.NFO,2023-11-08,11:01:00,2023-11-21,132.65,132.65,132.65,132.65,0,0,1
FINNIFTY21NOV2320600PE.NFO,2023-11-08,11:02:00,2023-11-21,132.65,132.65,132.65,132.65,0,0,1
FINNIFTY21NOV2320600PE.NFO,2023-11-08,11:03:00,2023-11-21,132.65,132.65,132.65,132.65,0,0,1
FINNIFTY21NOV2320600PE.NFO,2023-11-08,11:04:00,2023-11-21,132.65,132.65,132.65,132.65,0,0,1
FINNIFTY21NOV2320600PE.NFO,2023-11-08,11:05:00,2023-11-21,132.65,132.65,132.65,132.65,0,0,1
FINNIFTY21NOV2320600PE.NFO,2023-11-08,11:06:00,2023-11-21,132.65,132.65,132.65,132.65,0,0,1
FINNIFTY21NOV2320600PE.NFO,2023-11-08,11:07:00,2023-11-21,132.65,132.65,132.65,132.65,0,0,1
FINNIFTY21NOV2320600PE.NFO,2023-11-08,11:08:00,2023-11-21,132.65,132.65,132.65,132.65,0,0,1
FINNIFTY21NOV2320600PE.NFO,2023-11-08,11:09:00,2023-11-21,132.65,132.65,132.65,132.65,0,0,1
FINNIFTY21NOV2320600PE.NFO,2023-11-08,11:10:00,2023-11-21,132.65,132.65,132.65,132.65,0,0,1
FINNIFTY21NOV2320600PE.NFO,2023-11-08,11:11:00,2023-11-21,132.65,132.65,132.65,132.65,0,0,1
FINNIFTY21NOV2320600PE.NFO,2023-11-08,11:12:00,2023-11-21,132.65,132.65,132.65,132.65,0,0,1
FINNIFTY21NOV2320600PE.NFO,2023-11-08,11:13:00,2023-11-21,132.65,132.65,132.65,132.65,0,0,1
FINNIFTY21NOV2320600PE.NFO,2023-11-08,11:14:00,2023-11-21,132.65,132.65,132.65,132.65,0,0,1
FINNIFTY21NOV2320600PE.NFO,2023-11-08,11:15:00,2023-11-21,132.65,132.65,132.65,132.65,0,0,1
FINNIFTY21NOV2320600PE.NFO,2023-11-08,11:16:00,2023-11-21,132.65,132.65,132.65,132.65,0,0,1
FINNIFTY21NOV2320600PE.NFO,2023-11-08,11:17:00,2023-11-21,132.65,132.65,132.65,132.65,0,0,1
FINNIFTY21NOV2320600PE.NFO,2023-11-08,11:18:00,2023-11-21,132.65,132.65,132.65,132.65,0,0,1
FINNIFTY21NOV2320600PE.NFO,2023-11-08,11:19:00,2023-11-21,132.65,132.65,132.65,132.65,0,0,1
FINNIFTY21NOV2320600PE.NFO,2023-11-08,11:20:00,2023-11-21,132.65,132.65,132.65,132.65,0,0,1
FINNIFTY21NOV2320600PE.NFO,2023-11-08,11:21:00,2023-11-21,132.65,132.65,132.65,132.65,0,0,1
FINNIFTY21NOV2320600PE.NFO,2023-11-08,11:22:00,2023-11-21,132.65,132.65,132.65,132.65,0,0,1
FINNIFTY21NOV2320600PE.NFO,2023-11-08,11:23:00,2023-11-21,132.65,132.65,132.65,132.65,0,0,1
FINNIFTY21NOV2320600PE.NFO,2023-11-08,11:24:00,2023-11-21,132.65,132.65,132.65,132.65,0,0,1
FINNIFTY21NOV2320600PE.NFO,2023-11-08,11:25:00,2023-11-21,132.65,132.65,132.65,132.65,0,0,1
FINNIFTY21NOV2320600PE.NFO,2023-11-08,11:26:00,2023-11-21,132.65,132.65,132.65,132.65,0,0,1
FINNIFTY21NOV2320600PE.NFO,2023-11-08,11:27:00,2023-11-21,132.65,132.65,132.65,132.65,0,0,1
FINNIFTY21NOV2320600PE.NFO,2023-11-08,11:28:00,2023-11-21,132.65,132.65,132.65,132.65,0,0,1
FINNIFTY21NOV2320600PE.NFO,2023-11-08,11:29:00,2023-11-21,132.65,132.65,132.65,132.65,0,0,1
FINNIFTY21NOV2320600PE.NFO,2023-11-08,11:30:00,2023-11-21,132.65,132.65,132.65,132.65,0,0,1
FINNIFTY21NOV2320600PE.NFO,2023-11-08,11:31:00,2023-11-21,132.65,132.65,132.65,132.65,0,0,1
FINNIFTY21NOV2320600PE.NFO,2023-11-08,11:32:00,2023-11-21,132.65,132.65,132.65,132.65,0,0,1
FINNIFTY21NOV2320600PE.NFO,2023-11-08,11:33:00,2023-11-21,132.65,132.65,132.65,132.65,0,0,1
FINNIFTY21NOV2320600PE.NFO,2023-11-08,11:34:00,2023-11-21,132.65,132.65,132.65,132.65,0,0,1
FINNIFTY21NOV2320600PE.NFO,2023-11-08,11:35:00,2023-11-21,132.65,132.65,132.65,132.65,0,0,1
FINNIFTY21NOV2320600PE.NFO,2023-11-08,11:36:00,2023-11-21,132.65,132.65,132.65,132.65,0,0,1
FINNIFTY21NOV2320600PE.NFO,2023-11-08,11:37:00,2023-11-21,132.65,132.65,132.65,132.65,0,0,1
FINNIFTY21NOV2320600PE.NFO,2023-11-08,11:38:00,2023-11-21,132.65,132.65,132.65,132.65,0,0,1
FINNIFTY21NOV2320600PE.NFO,2023-11-08,11:39:00,2023-11-21,132.65,132.65,132.65,132.65,0,0,1
FINNIFTY21NOV2320600PE.NFO,2023-11-08,11:40:00,2023-11-21,132.65,132.65,132.65,132.65,0,0,1
FINNIFTY21NOV2320600PE.NFO,2023-11-08,11:41:00,2023-11-21,132.65,132.65,132.65,132.65,0,0,1
FINNIFTY21NOV2320600PE.NFO,2023-11-08,11:42:00,2023-11-21,132.65,132.65,132.65,132.65,0,0,1
FINNIFTY21NOV2320600PE.NFO,2023-11-08,11:43:00,2023-11-21,132.65,132.65,132.65,132.65,0,0,1
FINNIFTY21NOV2320600PE.NFO,2023-11-08,11:44:00,2023-11-21,132.65,132.65,132.65,132.65,0,0,1
FINNIFTY21NOV2320600PE.NFO,2023-11-08,11:45:00,2023-11-21,132.65,132.65,132.65,132.65,0,0,1
FINNIFTY21NOV2320600PE.NFO,2023-11-08,11:46:00,2023-11-21,132.65,132.65,132.65,132.65,0,0,1
FINNIFTY21NOV2320600PE.NFO,2023-11-08,11:47:00,2023-11-21,132.65,132.65,132.65,132.65,0,0,1
FINNIFTY21NOV2320600PE.NFO,2023-11-08,11:48:00,2023-11-21,132.65,132.65,132.65,132.65,0,0,1
FINNIFTY21NOV2320600PE.NFO,2023-11-08,11:49:00,2023-11-21,132.65,132.65,132.65,132.65,0,0,1
FINNIFTY21NOV2320600PE.NFO,2023-11-08,11:50:00,2023-11-21,132.65,132.65,132.65,132.65,0,0,1
FINNIFTY21NOV2320600PE.NFO,2023-11-08,11:51:00,2023-11-21,132.65,132.65,132.65,132.65,0,0,1
FINNIFTY21NOV2320600PE.NFO,2023-11-08,11:52:00,2023-11-21,132.65,132.65,132.65,132.65,0,0,1
FINNIFTY21NOV2320600PE.NFO,2023-11-08,11:53:00,2023-11-21,132.65,132.65,132.65,132.65,0,0,1
FINNIFTY21NOV2320600PE.NFO,2023-11-08,11:54:00,2023-11-21,132.65,132.65,132.65,132.65,0,0,1
FINNIFTY21NOV2320600PE.NFO,2023-11-08,11:55:00,2023-11-21,132.65,132.65,132.65,132.65,0,0,1
FINNIFTY21NOV2320600PE.NFO,2023-11-08,11:56:00,2023-11-21,132.65,132.65,132.65,132.65,0,0,1
FINNIFTY21NOV2320600PE.NFO,2023-11-08,11:57:00,2023-11-21,132.65,132.65,132.65,132.65,0,0,1
FINNIFTY21NOV2320600PE.NFO,2023-11-08,11:58:00,2023-11-21,132.65,132.65,132.65,132.65,0,0,1
FINNIFTY21NOV2320600PE.NFO,2023-11-08,11:59:00,2023-11-21,132.65,132.65,132.65,132.65,0,0,1
FINNIFTY21NOV2320600PE.NFO,2023-11-08,12:00:00,2023-11-21,132.65,132.65,132.65,132.65,0,0,1
FINNIFTY21NOV2320600PE.NFO,2023-11-08,12:01:00,2023-11-21,132.65,132.65,132.65,132.65,0,0,1
FINNIFTY21NOV2320600PE.NFO,2023-11-08,12:02:00,2023-11-21,132.65,132.65,132.65,132.65,0,0,1
FINNIFTY21NOV2320600PE.NFO,2023-11-08,12:03:00,2023-11-21,132.65,132.65,132.65,132.65,0,0,1
FINNIFTY21NOV2320600PE.NFO,2023-11-08,12:04:00,2023-11-21,132.65,132.65,132.65,132.65,0,0,1
FINNIFTY21NOV2320600PE.NFO,2023-11-08,12:05:00,2023-11-21,132.65,132.65,132.65,132.65,0,0,1
FINNIFTY21NOV2320600PE.NFO,2023-11-08,12:06:00,2023-11-21,132.65,132.65,132.65,132.65,0,0,1
FINNIFTY21NOV2320600PE.NFO,2023-11-08,12:07:00,2023-11-21,132.65,132.65,132.65,132.65,0,0,1
FINNIFTY21NOV2320600PE.NFO,2023-11-08,12:08:00,2023-11-21,132.65,132.65,132.65,132.65,0,0,1
FINNIFTY21NOV2320600PE.NFO,2023-11-08,12:09:00,2023-11-21,132.65,132.65,132.65,132.65,0,0,1
FINNIFTY21NOV2320600PE.NFO,2023-11-08,12:10:00,2023-11-21,132.65,132.65,132.65,132.65,0,0,1
FINNIFTY21NOV2320600PE.NFO,2023-11-08,12:11:00,2023-11-21,132.65,132.65,132.65,132.65,0,0,1
FINNIFTY21NOV2320600PE.NFO,2023-11-08,12:12:00,2023-11-21,132.65,132.65,132.65,132.65,0,0,1
FINNIFTY21NOV2320600PE.NFO,2023-11-08,12:13:00,2023-11-21,132.65,132.65,132.65,132.65,0,0,1
FINNIFTY21NOV2320600PE.NFO,2023-11-08,12:14:00,2023-11-21,132.65,132.65,132.65,132.65,0,0,1
FINNIFTY21NOV2320600PE.NFO,2023-11-08,12:15:00,2023-11-21,132.65,132.65,132.65,132.65,0,0,1
FINNIFTY21NOV2320600PE.NFO,2023-11-08,12:16:00,2023-11-21,132.65,132.65,132.65,132.65,0,0,1
FINNIFTY21NOV2320600PE.NFO,2023-11-08,12:17:00,2023-11-21,132.65,132.65,132.65,132.65,0,0,1
FINNIFTY21NOV2320600PE.NFO,2023-11-08,12:18:00,2023-11-21,132.65,132.65,132.65,132.65,0,0,1
FINNIFTY21NOV2320600PE.NFO,2023-11-08,12:19:00,2023-11-21,132.65,132.65,132.65,132.65,0,0,1
FINNIFTY21NOV2320600PE.NFO,2023-11-08,12:20:00,2023-11-21,132.65,132.65,132.65,132.65,0,0,1
FINNIFTY21NOV2320600PE.NFO,2023-11-08,12:21:00,2023-11-21,132.65,132.65,132.65,132.65,0,0,1
FINNIFTY21NOV2320600PE.NFO,2023-11-08,12:22:00,2023-11-21,132.65,132.65,132.65,132.65,0,0,1
FINNIFTY21NOV2320600PE.NFO,2023-11-08,12:23:00,2023-11-21,132.65,132.65,132.65,132.65,0,0,1
FINNIFTY21NOV2320600PE.NFO,2023-11-08,12:24:00,2023-11-21,132.65,132.65,132.65,132.65,0,0,1
FINNIFTY21NOV2320600PE.NFO,2023-11-08,12:25:00,2023-11-21,132.65,132.65,132.65,132.65,0,0,1
FINNIFTY21NOV2320600PE.NFO,2023-11-08,12:26:00,2023-11-21,132.65,132.65,132.65,132.65,0,0,1
FINNIFTY21NOV2320600PE.NFO,2023-11-08,12:27:00,2023-11-21,132.65,132.65,132.65,132.65,0,0,1
FINNIFTY21NOV2320600PE.NFO,2023-11-08,12:28:00,2023-11-21,132.65,132.65,132.65,132.65,0,0,1
FINNIFTY21NOV2320600PE.NFO,2023-11-08,12:29:00,2023-11-21,132.65,132.65,132.65,132.65,0,0,1
FINNIFTY21NOV2320600PE.NFO,2023-11-08,12:30:00,2023-11-21,132.65,132.65,132.65,132.65,0,0,1
FINNIFTY21NOV2320600PE.NFO,2023-11-08,12:31:00,2023-11-21,132.65,132.65,132.65,132.65,0,0,1
FINNIFTY21NOV2320600PE.NFO,2023-11-08,12:32:00,2023-11-21,132.65,132.65,132.65,132.65,0,0,1
FINNIFTY21NOV2320600PE.NFO,2023-11-08,12:33:00,2023-11-21,132.65,132.65,132.65,132.65,0,0,1
FINNIFTY21NOV2320600PE.NFO,2023-11-08,12:34:00,2023-11-21,132.65,132.65,132.65,132.65,0,0,1
FINNIFTY21NOV2320600PE.NFO,2023-11-08,12:35:00,2023-11-21,132.65,132.65,132.65,132.65,0,0,1
FINNIFTY21NOV2320600PE.NFO,2023-11-08,12:36:00,2023-11-21,132.65,132.65,132.65,132.65,0,0,1
FINNIFTY21NOV2320600PE.NFO,2023-11-08,12:37:00,2023-11-21,132.65,132.65,132.65,132.65,0,0,1
FINNIFTY21NOV2320600PE.NFO,2023-11-08,12:38:00,2023-11-21,132.65,132.65,132.65,132.65,0,0,1
FINNIFTY21NOV2320600PE.NFO,2023-11-08,12:39:00,2023-11-21,132.65,132.65,132.65,132.65,0,0,1
FINNIFTY21NOV2320600PE.NFO,2023-11-08,12:40:00,2023-11-21,132.65,132.65,132.65,132.65,0,0,1
FINNIFTY21NOV2320600PE.NFO,2023-11-08,12:41:00,2023-11-21,132.65,132.65,132.65,132.65,0,0,1
FINNIFTY21NOV2320600PE.NFO,2023-11-08,12:42:00,2023-11-21,132.65,132.65,132.65,132.65,0,0,1
FINNIFTY21NOV2320600PE.NFO,2023-11-08,12:43:00,2023-11-21,132.65,132.65,132.65,132.65,0,0,1
FINNIFTY21NOV2320600PE.NFO,2023-11-08,12:44:00,2023-11-21,132.65,132.65,132.65,132.65,0,0,1
FINNIFTY21NOV2320600PE.NFO,2023-11-08,12:45:00,2023-11-21,132.65,132.65,132.65,132.65,0,0,1
FINNIFTY21NOV2320600PE.NFO,2023-11-08,12:46:00,2023-11-21,132.65,132.65,132.65,132.65,0,0,1
FINNIFTY21NOV2320600PE.NFO,2023-11-08,12:47:00,2023-11-21,132.65,132.65,132.65,132.65,0,0,1
FINNIFTY21NOV2320600PE.NFO,2023-11-08,12:48:00,2023-11-21,132.65,132.65,132.65,132.65,0,0,1
FINNIFTY21NOV2320600PE.NFO,2023-11-08,12:49:00,2023-11-21,132.65,132.65,132.65,132.65,0,0,1
FINNIFTY21NOV2320600PE.NFO,2023-11-08,12:50:00,2023-11-21,132.65,132.65,132.65,132.65,0,0,1
FINNIFTY21NOV2320600PE.NFO,2023-11-08,12:51:00,2023-11-21,132.65,132.65,132.65,132.65,0,0,1
FINNIFTY21NOV2320600PE.NFO,2023-11-08,12:52:00,2023-11-21,132.65,132.65,132.65,132.65,0,0,1
FINNIFTY21NOV2320600PE.NFO,2023-11-08,12:53:00,2023-11-21,132.65,132.65,132.65,132.65,0,0,1
FINNIFTY21NOV2320600PE.NFO,2023-11-08,12:54:00,2023-11-21,132.65,132.65,132.65,132.65,0,0,1
FINNIFTY21NOV2320600PE.NFO,2023-11-08,12:55:00,2023-11-21,132.65,132.65,132.65,132.65,0,0,1
FINNIFTY21NOV2320600PE.NFO,2023-11-08,12:56:00,2023-11-21,132.65,132.65,132.65,132.65,0,0,1
FINNIFTY21NOV2320600PE.NFO,2023-11-08,12:57:00,2023-11-21,132.65,132.65,132.65,132.65,0,0,1
FINNIFTY21NOV2320600PE.NFO,2023-11-08,12:58:00,2023-11-21,132.65,132.65,132.65,132.65,0,0,1
FINNIFTY21NOV2320600PE.NFO,2023-11-08,12:59:00,2023-11-21,132.65,132.65,132.65,132.65,0,0,1
FINNIFTY21NOV2320600PE.NFO,2023-11-08,13:00:00,2023-11-21,132.65,132.65,132.65,132.65,0,0,1
FINNIFTY21NOV2320600PE.NFO,2023-11-08,13:01:00,2023-11-21,132.65,132.65,132.65,132.65,0,0,1
FINNIFTY21NOV2320600PE.NFO,2023-11-08,13:02:00,2023-11-21,132.65,132.65,132.65,132.65,0,0,1
FINNIFTY21NOV2320600PE.NFO,2023-11-08,13:03:00,2023-11-21,132.65,132.65,132.65,132.65,0,0,1
FINNIFTY21NOV2320600PE.NFO,2023-11-08,13:04:00,2023-11-21,132.65,132.65,132.65,132.65,0,0,1
FINNIFTY21NOV2320600PE.NFO,2023-11-08,13:05:00,2023-11-21,132.65,132.65,132.65,132.65,0,0,1
FINNIFTY21NOV2320600PE.NFO,2023-11-08,13:06:00,2023-11-21,132.65,132.65,132.65,132.65,0,0,1
FINNIFTY21NOV2320600PE.NFO,2023-11-08,13:07:00,2023-11-21,132.65,132.65,132.65,132.65,0,0,1
FINNIFTY21NOV2320600PE.NFO,2023-11-08,13:08:00,2023-11-21,132.65,132.65,132.65,132.65,0,0,1
FINNIFTY21NOV2320600PE.NFO,2023-11-08,13:09:00,2023-11-21,132.65,132.65,132.65,132.65,0,0,1
FINNIFTY21NOV2320600PE.NFO,2023-11-08,13:10:00,2023-11-21,132.65,132.65,132.65,132.65,0,0,1
FINNIFTY21NOV2320600PE.NFO,2023-11-08,13:11:00,2023-11-21,132.65,132.65,132.65,132.65,0,0,1
FINNIFTY21NOV2320600PE.NFO,2023-11-08,13:12:00,2023-11-21,132.65,132.65,132.65,132.65,0,0,1
FINNIFTY21NOV2320600PE.NFO,2023-11-08,13:13:00,2023-11-21,132.65,132.65,132.65,132.65,0,0,1
FINNIFTY21NOV2320600PE.NFO,2023-11-08,13:14:00,2023-11-21,132.65,132.65,132.65,132.65,0,0,1
FINNIFTY21NOV2320600PE.NFO,2023-11-08,13:15:00,2023-11-21,132.65,132.65,132.65,132.65,0,0,1
FINNIFTY21NOV2320600PE.NFO,2023-11-08,13:16:00,2023-11-21,132.65,132.65,132.65,132.65,0,0,1
FINNIFTY21NOV2320600PE.NFO,2023-11-08,13:17:00,2023-11-21,132.65,132.65,132.65,132.65,0,0,1
FINNIFTY21NOV2320600PE.NFO,2023-11-08,13:18:00,2023-11-21,132.65,132.65,132.65,132.65,0,0,1
FINNIFTY21NOV2320600PE.NFO,2023-11-08,13:19:00,2023-11-21,132.65,132.65,132.65,132.65,0,0,1
FINNIFTY21NOV2320600PE.NFO,2023-11-08,13:20:00,2023-11-21,132.65,132.65,132.65,132.65,0,0,1
FINNIFTY21NOV2320600PE.NFO,2023-11-08,13:21:00,2023-11-21,132.65,132.65,132.65,132.65,0,0,1
FINNIFTY21NOV2320600PE.NFO,2023-11-08,13:22:00,2023-11-21,132.65,132.65,132.65,132.65,0,0,1
FINNIFTY21NOV2320600PE.NFO,2023-11-08,13:23:00,2023-11-21,132.65,132.65,132.65,132.65,0,0,1
FINNIFTY21NOV2320600PE.NFO,2023-11-08,13:24:00,2023-11-21,132.65,132.65,132.65,132.65,0,0,1
FINNIFTY21NOV2320600PE.NFO,2023-11-08,13:25:00,2023-11-21,132.65,132.65,132.65,132.65,0,0,1
FINNIFTY21NOV2320600PE.NFO,2023-11-08,13:26:00,2023-11-21,132.65,132.65,132.65,132.65,0,0,1
FINNIFTY21NOV2320600PE.NFO,2023-11-08,13:27:00,2023-11-21,132.65,132.65,132.65,132.65,0,0,1
FINNIFTY21NOV2320600PE.NFO,2023-11-08,13:28:00,2023-11-21,132.65,132.65,132.65,132.65,0,0,1
FINNIFTY21NOV2320600PE.NFO,2023-11-08,13:29:00,2023-11-21,132.65,132.65,132.65,132.65,0,0,1
FINNIFTY21NOV2320600PE.NFO,2023-11-08,13:30:00,2023-11-21,132.65,132.65,132.65,132.65,0,0,1
FINNIFTY21NOV2320600PE.NFO,2023-11-08,13:31:00,2023-11-21,132.65,132.65,132.65,132.65,0,0,1
FINNIFTY21NOV2320600PE.NFO,2023-11-08,13:32:00,2023-11-21,132.65,132.65,132.65,132.65,0,0,1
FINNIFTY21NOV2320600PE.NFO,2023-11-08,13:33:00,2023-11-21,132.65,132.65,132.65,132.65,0,0,1
FINNIFTY21NOV2320600PE.NFO,2023-11-08,13:34:00,2023-11-21,132.65,132.65,132.65,132.65,0,0,1
FINNIFTY21NOV2320600PE.NFO,2023-11-08,13:35:00,2023-11-21,132.65,132.65,132.65,132.65,0,0,1
FINNIFTY21NOV2320600PE.NFO,2023-11-08,13:36:00,2023-11-21,132.65,132.65,132.65,132.65,0,0,1
FINNIFTY21NOV2320600PE.NFO,2023-11-08,13:37:00,2023-11-21,132.65,132.65,132.65,132.65,0,0,1
FINNIFTY21NOV2320600PE.NFO,2023-11-08,13:38:00,2023-11-21,132.65,132.65,132.65,132.65,0,0,1
FINNIFTY21NOV2320600PE.NFO,2023-11-08,13:39:00,2023-11-21,132.65,132.65,132.65,132.65,0,0,1
FINNIFTY21NOV2320600PE.NFO,2023-11-08,13:40:00,2023-11-21,132.65,132.65,132.65,132.65,0,0,1
FINNIFTY21NOV2320600PE.NFO,2023-11-08,13:41:00,2023-11-21,132.65,132.65,132.65,132.65,0,0,1
FINNIFTY21NOV2320600PE.NFO,2023-11-08,13:42:00,2023-11-21,132.65,132.65,132.65,132.65,0,0,1
FINNIFTY21NOV2320600PE.NFO,2023-11-08,13:43:00,2023-11-21,132.65,132.65,132.65,132.65,0,0,1
FINNIFTY21NOV2320600PE.NFO,2023-11-08,13:44:00,2023-11-21,132.65,132.65,132.65,132.65,0,0,1
FINNIFTY21NOV2320600PE.NFO,2023-11-08,13:45:00,2023-11-21,132.65,132.65,132.65,132.65,0,0,1
FINNIFTY21NOV2320600PE.NFO,2023-11-08,13:46:00,2023-11-21,132.65,132.65,132.65,132.65,0,0,1
FINNIFTY21NOV2320600PE.NFO,2023-11-08,13:47:00,2023-11-21,132.65,132.65,132.65,132.65,0,0,1
FINNIFTY21NOV2320600PE.NFO,2023-11-08,13:48:00,2023-11-21,132.65,132.65,132.65,132.65,0,0,1
FINNIFTY21NOV2320600PE.NFO,2023-11-08,13:49:00,2023-11-21,132.65,132.65,132.65,132.65,0,0,1
FINNIFTY21NOV2320600PE.NFO,2023-11-08,13:50:00,2023-11-21,132.65,132.65,132.65,132.65,0,0,1
FINNIFTY21NOV2320600PE.NFO,2023-11-08,13:51:00,2023-11-21,132.65,132.65,132.65,132.65,0,0,1
FINNIFTY21NOV2320600PE.NFO,2023-11-08,13:52:00,2023-11-21,132.65,132.65,132.65,132.65,0,0,1
FINNIFTY21NOV2320600PE.NFO,2023-11-08,13:53:00,2023-11-21,132.65,132.65,132.65,132.65,0,0,1
FINNIFTY21NOV2320600PE.NFO,2023-11-08,13:54:00,2023-11-21,132.65,132.65,132.65,132.65,0,0,1
FINNIFTY21NOV2320600PE.NFO,2023-11-08,13:55:00,2023-11-21,132.65,132.65,132.65,132.65,0,0,1
FINNIFTY21NOV2320600PE.NFO,2023-11-08,13:56:00,2023-11-21,132.65,132.65,132.65,132.65,0,0,1
FINNIFTY21NOV2320600PE.NFO,2023-11-08,13:57:00,2023-11-21,132.65,132.65,132.65,132.65,0,0,1
FINNIFTY21NOV2320600PE.NFO,2023-11-08,13:58:00,2023-11-21,132.65,132.65,132.65,132.65,0,0,1
FINNIFTY21NOV2320600PE.NFO,2023-11-08,13:59:00,2023-11-21,132.65,132.65,132.65,132.65,0,0,1
FINNIFTY21NOV2320600PE.NFO,2023-11-08,14:00:00,2023-11-21,132.65,132.65,132.65,132.65,0,0,1
FINNIFTY21NOV2320600PE.NFO,2023-11-08,14:01:00,2023-11-21,132.65,132.65,132.65,132.65,0,0,1
FINNIFTY21NOV2320600PE.NFO,2023-11-08,14:02:00,2023-11-21,132.65,132.65,132.65,132.65,0,0,1
FINNIFTY21NOV2320600PE.NFO,2023-11-08,14:03:00,2023-11-21,132.65,132.65,132.65,132.65,0,0,1
FINNIFTY21NOV2320600PE.NFO,2023-11-08,14:04:00,2023-11-21,132.65,132.65,132.65,132.65,0,0,1
FINNIFTY21NOV2320600PE.NFO,2023-11-08,14:05:00,2023-11-21,132.65,132.65,132.65,132.65,0,0,1
FINNIFTY21NOV2320600PE.NFO,2023-11-08,14:06:00,2023-11-21,132.65,132.65,132.65,132.65,0,0,1
FINNIFTY21NOV2320600PE.NFO,2023-11-08,14:07:00,2023-11-21,132.65,132.65,132.65,132.65,0,0,1
FINNIFTY21NOV2320600PE.NFO,2023-11-08,14:08:00,2023-11-21,132.65,132.65,132.65,132.65,0,0,1
FINNIFTY21NOV2320600PE.NFO,2023-11-08,14:09:00,2023-11-21,132.65,132.65,132.65,132.65,0,0,1
FINNIFTY21NOV2320600PE.NFO,2023-11-08,14:10:00,2023-11-21,132.65,132.65,132.65,132.65,0,0,1
FINNIFTY21NOV2320600PE.NFO,2023-11-08,14:11:00,2023-11-21,132.65,132.65,132.65,132.65,0,0,1
FINNIFTY21NOV2320600PE.NFO,2023-11-08,14:12:00,2023-11-21,132.65,132.65,132.65,132.65,0,0,1
FINNIFTY21NOV2320600PE.NFO,2023-11-08,14:13:00,2023-11-21,132.65,132.65,132.65,132.65,0,0,1
FINNIFTY21NOV2320600PE.NFO,2023-11-08,14:14:00,2023-11-21,132.65,132.65,132.65,132.65,0,0,1
FINNIFTY21NOV2320600PE.NFO,2023-11-08,14:15:00,2023-11-21,132.65,132.65,132.65,132.65,0,0,1
FINNIFTY21NOV2320600PE.NFO,2023-11-08,14:16:00,2023-11-21,132.65,132.65,132.65,132.65,0,0,1
FINNIFTY21NOV2320600PE.NFO,2023-11-08,14:17:00,2023-11-21,132.65,132.65,132.65,132.65,0,0,1
FINNIFTY21NOV2320600PE.NFO,2023-11-08,14:18:00,2023-11-21,132.65,132.65,132.65,132.65,0,0,1
FINNIFTY21NOV2320600PE.NFO,2023-11-08,14:19:00,2023-11-21,132.65,132.65,132.65,132.65,0,0,1
FINNIFTY21NOV2320600PE.NFO,2023-11-08,14:20:00,2023-11-21,132.65,132.65,132.65,132.65,0,0,1
FINNIFTY21NOV2320600PE.NFO,2023-11-08,14:21:00,2023-11-21,132.65,132.65,132.65,132.65,0,0,1
FINNIFTY21NOV2320600PE.NFO,2023-11-08,14:22:00,2023-11-21,132.65,132.65,132.65,132.65,0,0,1
FINNIFTY21NOV2320600PE.NFO,2023-11-08,14:23:00,2023-11-21,132.65,132.65,132.65,132.65,0,0,1
FINNIFTY21NOV2320600PE.NFO,2023-11-08,14:24:00,2023-11-21,132.65,132.65,132.65,132.65,0,0,1
FINNIFTY21NOV2320600PE.NFO,2023-11-08,14:25:00,2023-11-21,132.65,132.65,132.65,132.65,0,0,1
FINNIFTY21NOV2320600PE.NFO,2023-11-08,14:26:00,2023-11-21,132.65,132.65,132.65,132.65,0,0,1
FINNIFTY21NOV2320600PE.NFO,2023-11-08,14:27:00,2023-11-21,132.65,132.65,132.65,132.65,0,0,1
FINNIFTY21NOV2320600PE.NFO,2023-11-08,14:28:00,2023-11-21,132.65,132.65,132.65,132.65,0,0,1
FINNIFTY21NOV2320600PE.NFO,2023-11-08,14:29:00,2023-11-21,132.65,132.65,132.65,132.65,0,0,1
FINNIFTY21NOV2320600PE.NFO,2023-11-08,14:30:00,2023-11-21,132.65,132.65,132.65,132.65,0,0,1
FINNIFTY21NOV2320600PE.NFO,2023-11-08,14:31:00,2023-11-21,132.65,132.65,132.65,132.65,0,0,1
FINNIFTY21NOV2320600PE.NFO,2023-11-08,14:32:00,2023-11-21,132.65,132.65,132.65,132.65,0,0,1
FINNIFTY21NOV2320600PE.NFO,2023-11-08,14:33:00,2023-11-21,132.65,132.65,132.65,132.65,0,0,1
FINNIFTY21NOV2320600PE.NFO,2023-11-08,14:34:00,2023-11-21,132.65,132.65,132.65,132.65,0,0,1
FINNIFTY21NOV2320600PE.NFO,2023-11-08,14:35:00,2023-11-21,132.65,132.65,132.65,132.65,0,0,1
FINNIFTY21NOV2320600PE.NFO,2023-11-08,14:36:00,2023-11-21,132.65,132.65,132.65,132.65,0,0,1
FINNIFTY21NOV2320600PE.NFO,2023-11-08,14:37:00,2023-11-21,132.65,132.65,132.65,132.65,0,0,1
FINNIFTY21NOV2320600PE.NFO,2023-11-08,14:38:00,2023-11-21,132.65,132.65,132.65,132.65,0,0,1
FINNIFTY21NOV2320600PE.NFO,2023-11-08,14:39:00,2023-11-21,132.65,132.65,132.65,132.65,0,0,1
FINNIFTY21NOV2320600PE.NFO,2023-11-08,14:40:00,2023-11-21,132.65,132.65,132.65,132.65,0,0,1
FINNIFTY21NOV2320600PE.NFO,2023-11-08,14:41:00,2023-11-21,132.65,132.65,132.65,132.65,0,0,1
FINNIFTY21NOV2320600PE.NFO,2023-11-08,14:42:00,2023-11-21,132.65,132.65,132.65,132.65,0,0,1
FINNIFTY21NOV2320600PE.NFO,2023-11-08,14:43:00,2023-11-21,132.65,132.65,132.65,132.65,0,0,1
FINNIFTY21NOV2320600PE.NFO,2023-11-08,14:44:00,2023-11-21,132.65,132.65,132.65,132.65,0,0,1
FINNIFTY21NOV2320600PE.NFO,2023-11-08,14:45:00,2023-11-21,132.65,132.65,132.65,132.65,0,0,1
FINNIFTY21NOV2320600PE.NFO,2023-11-08,14:46:00,2023-11-21,132.65,132.65,132.65,132.65,0,0,1
FINNIFTY21NOV2320600PE.NFO,2023-11-08,14:47:00,2023-11-21,132.65,132.65,132.65,132.65,0,0,1
FINNIFTY21NOV2320600PE.NFO,2023-11-08,14:48:00,2023-11-21,132.65,132.65,132.65,132.65,0,0,1
FINNIFTY21NOV2320600PE.NFO,2023-11-08,14:49:00,2023-11-21,132.65,132.65,132.65,132.65,0,0,1
FINNIFTY21NOV2320600PE.NFO,2023-11-08,14:50:00,2023-11-21,132.65,132.65,132.65,132.65,0,0,1
FINNIFTY21NOV2320600PE.NFO,2023-11-08,14:51:00,2023-11-21,132.65,132.65,132.65,132.65,0,0,1
FINNIFTY21NOV2320600PE.NFO,2023-11-08,14:52:00,2023-11-21,132.65,132.65,132.65,132.65,0,0,1
FINNIFTY21NOV2320600PE.NFO,2023-11-08,14:53:00,2023-11-21,132.65,132.65,132.65,132.65,0,0,1
FINNIFTY21NOV2320600PE.NFO,2023-11-08,14:54:00,2023-11-21,132.65,132.65,132.65,132.65,0,0,1
FINNIFTY21NOV2320600PE.NFO,2023-11-08,14:55:00,2023-11-21,132.65,132.65,132.65,132.65,0,0,1
FINNIFTY21NOV2320600PE.NFO,2023-11-08,14:56:00,2023-11-21,132.65,132.65,132.65,132.65,0,0,1
FINNIFTY21NOV2320600PE.NFO,2023-11-08,14:57:00,2023-11-21,132.65,132.65,132.65,132.65,0,0,1
FINNIFTY21NOV2320600PE.NFO,2023-11-08,14:58:00,2023-11-21,132.65,132.65,132.65,132.65,0,0,1
FINNIFTY21NOV2320600PE.NFO,2023-11-08,14:59:00,2023-11-21,132.65,132.65,132.65,132.65,0,0,1
FINNIFTY21NOV2320600PE.NFO,2023-11-08,15:00:00,2023-11-21,132.65,132.65,132.65,132.65,0,0,1
FINNIFTY21NOV2320600PE.NFO,2023-11-08,15:01:00,2023-11-21,132.65,132.65,132.65,132.65,0,0,1
FINNIFTY21NOV2320600PE.NFO,2023-11-08,15:02:00,2023-11-21,132.65,132.65,132.65,132.65,0,0,1
FINNIFTY21NOV2320600PE.NFO,2023-11-08,15:03:00,2023-11-21,132.65,132.65,132.65,132.65,0,0,1
FINNIFTY21NOV2320600PE.NFO,2023-11-08,15:04:00,2023-11-21,132.65,132.65,132.65,132.65,0,0,1
FINNIFTY21NOV2320600PE.NFO,2023-11-08,15:05:00,2023-11-21,132.65,132.65,132.65,132.65,0,0,1
FINNIFTY21NOV2320600PE.NFO,2023-11-08,15:06:00,2023-11-21,132.65,132.65,132.65,132.65,0,0,1
FINNIFTY21NOV2320600PE.NFO,2023-11-08,15:07:00,2023-11-21,132.65,132.65,132.65,132.65,0,0,1
FINNIFTY21NOV2320600PE.NFO,2023-11-08,15:08:00,2023-11-21,132.65,132.65,132.65,132.65,0,0,1
FINNIFTY21NOV2320600PE.NFO,2023-11-08,15:09:00,2023-11-21,132.65,132.65,132.65,132.65,0,0,1
FINNIFTY21NOV2320600PE.NFO,2023-11-08,15:10:00,2023-11-21,132.65,132.65,132.65,132.65,0,0,1
FINNIFTY21NOV2320600PE.NFO,2023-11-08,15:11:00,2023-11-21,132.65,132.65,132.65,132.65,0,0,1
FINNIFTY21NOV2320600PE.NFO,2023-11-08,15:12:00,2023-11-21,132.65,132.65,132.65,132.65,0,0,1
FINNIFTY21NOV2320600PE.NFO,2023-11-08,15:13:00,2023-11-21,132.65,132.65,132.65,132.65,0,0,1
FINNIFTY21NOV2320600PE.NFO,2023-11-08,15:14:00,2023-11-21,132.65,132.65,132.65,132.65,0,0,1
FINNIFTY21NOV2320600PE.NFO,2023-11-08,15:15:00,2023-11-21,132.65,132.65,132.65,132.65,0,0,1
FINNIFTY21NOV2320600PE.NFO,2023-11-08,15:16:00,2023-11-21,132.65,132.65,132.65,132.65,0,0,1
FINNIFTY21NOV2320600PE.NFO,2023-11-08,15:17:00,2023-11-21,132.65,132.65,132.65,132.65,0,0,1
FINNIFTY21NOV2320600PE.NFO,2023-11-08,15:18:00,2023-11-21,132.65,132.65,132.65,132.65,0,0,1
FINNIFTY21NOV2320600PE.NFO,2023-11-08,15:19:00,2023-11-21,132.65,132.65,132.65,132.65,0,0,1
FINNIFTY21NOV2320600PE.NFO,2023-11-08,15:20:00,2023-11-21,132.65,132.65,132.65,132.65,0,0,1
FINNIFTY21NOV2320600PE.NFO,2023-11-08,15:21:00,2023-11-21,132.65,132.65,132.65,132.65,0,0,1
FINNIFTY21NOV2320600PE.NFO,2023-11-08,15:22:00,2023-11-21,132.65,132.65,132.65,132.65,0,0,1
FINNIFTY21NOV2320600PE.NFO,2023-11-08,15:23:00,2023-11-21,132.65,132.65,132.65,132.65,0,0,1
FINNIFTY21NOV2320600PE.NFO,2023-11-08,15:24:00,2023-11-21,132.65,132.65,132.65,132.65,0,0,1
FINNIFTY21NOV2320600PE.NFO,2023-11-08,15:25:00,2023-11-21,132.65,132.65,132.65,132.65,0,0,1
FINNIFTY21NOV2320600PE.NFO,2023-11-08,15:26:00,2023-11-21,132.65,132.65,132.65,132.65,0,0,1
FINNIFTY21NOV2320600PE.NFO,2023-11-08,15:27:00,2023-11-21,132.65,132.65,132.65,132.65,0,0,1
FINNIFTY21NOV2320600PE.NFO,2023-11-08,15:28:00,2023-11-21,132.65,132.65,132.65,132.65,0,0,1
FINNIFTY21NOV2320600PE.NFO,2023-11-08,15:29:00,2023-11-21,132.65,132.65,132.65,132.65,0,0,1
FINNIFTY21NOV2320600PE.NFO,2023-11-08,15:30:00,2023-11-21,132.65,132.65,132.65,132.65,0,0,1
FINNIFTY21NOV2320600PE.NFO,2023-11-09,09:15:00,2023-11-21,132.65,132.65,132.65,132.65,0,0,0
FINNIFTY21NOV2320600PE.NFO,2023-11-09,09:16:00,2023-11-21,132.65,132.65,132.65,132.65,0,0,1
FINNIFTY21NOV2320600PE.NFO,2023-11-09,09:17:00,2023-11-21,132.65,132.65,132.65,132.65,0,0,1
FINNIFTY21NOV2320600PE.NFO,2023-11-09,09:18:00,2023-11-21,132.65,132.65,132.65,132.65,0,0,1
FINNIFTY21NOV2320600PE.NFO,2023-11-09,09:19:00,2023-11-21,132.65,132.65,132.65,132.65,0,0,1
FINNIFTY21NOV2320600PE.NFO,2023-11-09,09:20:00,2023-11-21,132.65,132.65,132.65,132.65,0,0,1
FINNIFTY21NOV2320600PE.NFO,2023-11-09,09:21:00,2023-11-21,132.65,132.65,132.65,132.65,0,0,1
FINNIFTY21NOV2320600PE.NFO,2023-11-09,09:22:00,2023-11-21,132.65,132.65,132.65,132.65,0,0,1
FINNIFTY21NOV2320600PE.NFO,2023-11-09,09:23:00,2023-11-21,132.65,132.65,132.65,132.65,0,0,1
FINNIFTY21NOV2320600PE.NFO,2023-11-09,09:24:00,2023-11-21,132.65,132.65,132.65,132.65,0,0,1
FINNIFTY21NOV2320600PE.NFO,2023-11-09,09:25:00,2023-11-21,132.65,132.65,132.65,132.65,0,0,1
FINNIFTY21NOV2320600PE.NFO,2023-11-09,09:26:00,2023-11-21,132.65,132.65,132.65,132.65,0,0,1
FINNIFTY21NOV2320600PE.NFO,2023-11-09,09:27:00,2023-11-21,132.65,132.65,132.65,132.65,0,0,1
FINNIFTY21NOV2320600PE.NFO,2023-11-09,09:28:00,2023-11-21,132.65,132.65,132.65,132.65,0,0,1
FINNIFTY21NOV2320600PE.NFO,2023-11-09,09:29:00,2023-11-21,132.65,132.65,132.65,132.65,0,0,1
FINNIFTY21NOV2320600PE.NFO,2023-11-09,09:30:00,2023-11-21,132.65,132.65,132.65,132.65,0,0,1
FINNIFTY21NOV2320600PE.NFO,2023-11-09,09:31:00,2023-11-21,132.65,132.65,132.65,132.65,0,0,1
FINNIFTY21NOV2320600PE.NFO,2023-11-09,09:32:00,2023-11-21,132.65,132.65,132.65,132.65,0,0,1
FINNIFTY21NOV2320600PE.NFO,2023-11-09,09:33:00,2023-11-21,132.65,132.65,132.65,132.65,0,0,1
FINNIFTY21NOV2320600PE.NFO,2023-11-09,09:34:00,2023-11-21,132.65,132.65,132.65,132.65,0,0,1
FINNIFTY21NOV2320600PE.NFO,2023-11-09,09:35:00,2023-11-21,132.65,132.65,132.65,132.65,0,0,1
FINNIFTY21NOV2320600PE.NFO,2023-11-09,09:36:00,2023-11-21,132.65,132.65,132.65,132.65,0,0,1
FINNIFTY21NOV2320600PE.NFO,2023-11-09,09:37:00,2023-11-21,132.65,132.65,132.65,132.65,0,0,1
FINNIFTY21NOV2320600PE.NFO,2023-11-09,09:38:00,2023-11-21,132.65,132.65,132.65,132.65,0,0,1
FINNIFTY21NOV2320600PE.NFO,2023-11-09,09:39:00,2023-11-21,132.65,132.65,132.65,132.65,0,0,1
FINNIFTY21NOV2320600PE.NFO,2023-11-09,09:40:00,2023-11-21,132.65,132.65,132.65,132.65,0,0,1
FINNIFTY21NOV2320600PE.NFO,2023-11-09,09:41:00,2023-11-21,132.65,132.65,132.65,132.65,0,0,1
FINNIFTY21NOV2320600PE.NFO,2023-11-09,09:42:00,2023-11-21,132.65,132.65,132.65,132.65,0,0,1
FINNIFTY21NOV2320600PE.NFO,2023-11-09,09:43:00,2023-11-21,132.65,132.65,132.65,132.65,0,0,1
FINNIFTY21NOV2320600PE.NFO,2023-11-09,09:44:00,2023-11-21,132.65,132.65,132.65,132.65,0,0,1
FINNIFTY21NOV2320600PE.NFO,2023-11-09,09:45:00,2023-11-21,132.65,132.65,132.65,132.65,0,0,1
FINNIFTY21NOV2320600PE.NFO,2023-11-09,09:46:00,2023-11-21,132.65,132.65,132.65,132.65,0,0,1
FINNIFTY21NOV2320600PE.NFO,2023-11-09,09:47:00,2023-11-21,132.65,132.65,132.65,132.65,0,0,1
FINNIFTY21NOV2320600PE.NFO,2023-11-09,09:48:00,2023-11-21,132.65,132.65,132.65,132.65,0,0,1
FINNIFTY21NOV2320600PE.NFO,2023-11-09,09:49:00,2023-11-21,132.65,132.65,132.65,132.65,0,0,1
FINNIFTY21NOV2320600PE.NFO,2023-11-09,09:50:00,2023-11-21,132.65,132.65,132.65,132.65,0,0,1
FINNIFTY21NOV2320600PE.NFO,2023-11-09,09:51:00,2023-11-21,132.65,132.65,132.65,132.65,0,0,1
FINNIFTY21NOV2320600PE.NFO,2023-11-09,09:52:00,2023-11-21,132.65,132.65,132.65,132.65,0,0,1
FINNIFTY21NOV2320600PE.NFO,2023-11-09,09:53:00,2023-11-21,132.65,132.65,132.65,132.65,0,0,1
FINNIFTY21NOV2320600PE.NFO,2023-11-09,09:54:00,2023-11-21,132.65,132.65,132.65,132.65,0,0,1
FINNIFTY21NOV2320600PE.NFO,2023-11-09,09:55:00,2023-11-21,132.65,132.65,132.65,132.65,0,0,1
FINNIFTY21NOV2320600PE.NFO,2023-11-09,09:56:00,2023-11-21,132.65,132.65,132.65,132.65,0,0,1
FINNIFTY21NOV2320600PE.NFO,2023-11-09,09:57:00,2023-11-21,132.65,132.65,132.65,132.65,0,0,1
FINNIFTY21NOV2320600PE.NFO,2023-11-09,09:58:00,2023-11-21,132.65,132.65,132.65,132.65,0,0,1
FINNIFTY21NOV2320600PE.NFO,2023-11-09,09:59:00,2023-11-21,132.65,132.65,132.65,132.65,0,0,1
FINNIFTY21NOV2320600PE.NFO,2023-11-09,10:00:00,2023-11-21,132.65,132.65,132.65,132.65,0,0,1
FINNIFTY21NOV2320600PE.NFO,2023-11-09,10:01:00,2023-11-21,132.65,132.65,132.65,132.65,0,0,1
FINNIFTY21NOV2320600PE.NFO,2023-11-09,10:02:00,2023-11-21,132.65,132.65,132.65,132.65,0,0,1
FINNIFTY21NOV2320600PE.NFO,2023-11-09,10:03:00,2023-11-21,132.65,132.65,132.65,132.65,0,0,1
FINNIFTY21NOV2320600PE.NFO,2023-11-09,10:04:00,2023-11-21,132.65,132.65,132.65,132.65,0,0,1
FINNIFTY21NOV2320600PE.NFO,2023-11-09,10:05:00,2023-11-21,132.65,132.65,132.65,132.65,0,0,1
FINNIFTY21NOV2320600PE.NFO,2023-11-09,10:06:00,2023-11-21,132.65,132.65,132.65,132.65,0,0,1
FINNIFTY21NOV2320600PE.NFO,2023-11-09,10:07:00,2023-11-21,132.65,132.65,132.65,132.65,0,0,1
FINNIFTY21NOV2320600PE.NFO,2023-11-09,10:08:00,2023-11-21,132.65,132.65,132.65,132.65,0,0,1
FINNIFTY21NOV2320600PE.NFO,2023-11-09,10:09:00,2023-11-21,132.65,132.65,132.65,132.65,0,0,1
FINNIFTY21NOV2320600PE.NFO,2023-11-09,10:10:00,2023-11-21,132.65,132.65,132.65,132.65,0,0,1
FINNIFTY21NOV2320600PE.NFO,2023-11-09,10:11:00,2023-11-21,132.65,132.65,132.65,132.65,0,0,1
FINNIFTY21NOV2320600PE.NFO,2023-11-09,10:12:00,2023-11-21,132.65,132.65,132.65,132.65,0,0,1
FINNIFTY21NOV2320600PE.NFO,2023-11-09,10:13:00,2023-11-21,132.65,132.65,132.65,132.65,0,0,1
FINNIFTY21NOV2320600PE.NFO,2023-11-09,10:14:00,2023-11-21,132.65,132.65,132.65,132.65,0,0,1
FINNIFTY21NOV2320600PE.NFO,2023-11-09,10:15:00,2023-11-21,132.65,132.65,132.65,132.65,0,0,1
FINNIFTY21NOV2320600PE.NFO,2023-11-09,10:16:00,2023-11-21,132.65,132.65,132.65,132.65,0,0,1
FINNIFTY21NOV2320600PE.NFO,2023-11-09,10:17:00,2023-11-21,132.65,132.65,132.65,132.65,0,0,1
FINNIFTY21NOV2320600PE.NFO,2023-11-09,10:18:00,2023-11-21,132.65,132.65,132.65,132.65,0,0,1
FINNIFTY21NOV2320600PE.NFO,2023-11-09,10:19:00,2023-11-21,132.65,132.65,132.65,132.65,0,0,1
FINNIFTY21NOV2320600PE.NFO,2023-11-09,10:20:00,2023-11-21,132.65,132.65,132.65,132.65,0,0,1
FINNIFTY21NOV2320600PE.NFO,2023-11-09,10:21:00,2023-11-21,132.65,132.65,132.65,132.65,0,0,1
FINNIFTY21NOV2320600PE.NFO,2023-11-09,10:22:00,2023-11-21,132.65,132.65,132.65,132.65,0,0,1
FINNIFTY21NOV2320600PE.NFO,2023-11-09,10:23:00,2023-11-21,132.65,132.65,132.65,132.65,0,0,1
FINNIFTY21NOV2320600PE.NFO,2023-11-09,10:24:00,2023-11-21,132.65,132.65,132.65,132.65,0,0,1
FINNIFTY21NOV2320600PE.NFO,2023-11-09,10:25:00,2023-11-21,132.65,132.65,132.65,132.65,0,0,1
FINNIFTY21NOV2320600PE.NFO,2023-11-09,10:26:00,2023-11-21,132.65,132.65,132.65,132.65,0,0,1
FINNIFTY21NOV2320600PE.NFO,2023-11-09,10:27:00,2023-11-21,132.65,132.65,132.65,132.65,0,0,1
FINNIFTY21NOV2320600PE.NFO,2023-11-09,10:28:00,2023-11-21,132.65,132.65,132.65,132.65,0,0,1
FINNIFTY21NOV2320600PE.NFO,2023-11-09,10:29:00,2023-11-21,132.65,132.65,132.65,132.65,0,0,1
FINNIFTY21NOV2320600PE.NFO,2023-11-09,10:30:00,2023-11-21,132.65,132.65,132.65,132.65,0,0,1
FINNIFTY21NOV2320600PE.NFO,2023-11-09,10:31:00,2023-11-21,132.65,132.65,132.65,132.65,0,0,1
FINNIFTY21NOV2320600PE.NFO,2023-11-09,10:32:00,2023-11-21,132.65,132.65,132.65,132.65,0,0,1
FINNIFTY21NOV2320600PE.NFO,2023-11-09,10:33:00,2023-11-21,132.65,132.65,132.65,132.65,0,0,1
FINNIFTY21NOV2320600PE.NFO,2023-11-09,10:34:00,2023-11-21,132.65,132.65,132.65,132.65,0,0,1
FINNIFTY21NOV2320600PE.NFO,2023-11-09,10:35:00,2023-11-21,132.65,132.65,132.65,132.65,0,0,1
FINNIFTY21NOV2320600PE.NFO,2023-11-09,10:36:00,2023-11-21,132.65,132.65,132.65,132.65,0,0,1
FINNIFTY21NOV2320600PE.NFO,2023-11-09,10:37:00,2023-11-21,132.65,132.65,132.65,132.65,0,0,1
FINNIFTY21NOV2320600PE.NFO,2023-11-09,10:38:00,2023-11-21,132.65,132.65,132.65,132.65,0,0,1
FINNIFTY21NOV2320600PE.NFO,2023-11-09,10:39:00,2023-11-21,132.65,132.65,132.65,132.65,0,0,1
FINNIFTY21NOV2320600PE.NFO,2023-11-09,10:40:00,2023-11-21,132.65,132.65,132.65,132.65,0,0,1
FINNIFTY21NOV2320600PE.NFO,2023-11-09,10:41:00,2023-11-21,132.65,132.65,132.65,132.65,0,0,1
FINNIFTY21NOV2320600PE.NFO,2023-11-09,10:42:00,2023-11-21,132.65,132.65,132.65,132.65,0,0,1
FINNIFTY21NOV2320600PE.NFO,2023-11-09,10:43:00,2023-11-21,132.65,132.65,132.65,132.65,0,0,1
FINNIFTY21NOV2320600PE.NFO,2023-11-09,10:44:00,2023-11-21,132.65,132.65,132.65,132.65,0,0,1
FINNIFTY21NOV2320600PE.NFO,2023-11-09,10:45:00,2023-11-21,132.65,132.65,132.65,132.65,0,0,1
FINNIFTY21NOV2320600PE.NFO,2023-11-09,10:46:00,2023-11-21,132.65,132.65,132.65,132.65,0,0,1
FINNIFTY21NOV2320600PE.NFO,2023-11-09,10:47:00,2023-11-21,132.65,132.65,132.65,132.65,0,0,1
FINNIFTY21NOV2320600PE.NFO,2023-11-09,10:48:00,2023-11-21,132.65,132.65,132.65,132.65,0,0,1
FINNIFTY21NOV2320600PE.NFO,2023-11-09,10:49:00,2023-11-21,132.65,132.65,132.65,132.65,0,0,1
FINNIFTY21NOV2320600PE.NFO,2023-11-09,10:50:00,2023-11-21,132.65,132.65,132.65,132.65,0,0,1
FINNIFTY21NOV2320600PE.NFO,2023-11-09,10:51:00,2023-11-21,132.65,132.65,132.65,132.65,0,0,1
FINNIFTY21NOV2320600PE.NFO,2023-11-09,10:52:00,2023-11-21,132.65,132.65,132.65,132.65,0,0,1
FINNIFTY21NOV2320600PE.NFO,2023-11-09,10:53:00,2023-11-21,132.65,132.65,132.65,132.65,0,0,1
FINNIFTY21NOV2320600PE.NFO,2023-11-09,10:54:00,2023-11-21,132.65,132.65,132.65,132.65,0,0,1
FINNIFTY21NOV2320600PE.NFO,2023-11-09,10:55:00,2023-11-21,132.65,132.65,132.65,132.65,0,0,1
FINNIFTY21NOV2320600PE.NFO,2023-11-09,10:56:00,2023-11-21,132.65,132.65,132.65,132.65,0,0,1
FINNIFTY21NOV2320600PE.NFO,2023-11-09,10:57:00,2023-11-21,132.65,132.65,132.65,132.65,0,0,1
FINNIFTY21NOV2320600PE.NFO,2023-11-09,10:58:00,2023-11-21,132.65,132.65,132.65,132.65,0,0,1
FINNIFTY21NOV2320600PE.NFO,2023-11-09,10:59:00,2023-11-21,132.65,132.65,132.65,132.65,0,0,1
FINNIFTY21NOV2320600PE.NFO,2023-11-09,11:00:00,2023-11-21,132.65,132.65,132.65,132.65,0,0,1
FINNIFTY21NOV2320600PE.NFO,2023-11-09,11:01:00,2023-11-21,132.65,132.65,132.65,132.65,0,0,1
FINNIFTY21NOV2320600PE.NFO,2023-11-09,11:02:00,2023-11-21,132.65,132.65,132.65,132.65,0,0,1
FINNIFTY21NOV2320600PE.NFO,2023-11-09,11:03:00,2023-11-21,132.65,132.65,132.65,132.65,0,0,1
FINNIFTY21NOV2320600PE.NFO,2023-11-09,11:04:00,2023-11-21,132.65,132.65,132.65,132.65,0,0,1
FINNIFTY21NOV2320600PE.NFO,2023-11-09,11:05:00,2023-11-21,132.65,132.65,132.65,132.65,0,0,1
FINNIFTY21NOV2320600PE.NFO,2023-11-09,11:06:00,2023-11-21,132.65,132.65,132.65,132.65,0,0,1
FINNIFTY21NOV2320600PE.NFO,2023-11-09,11:07:00,2023-11-21,132.65,132.65,132.65,132.65,0,0,1
FINNIFTY21NOV2320600PE.NFO,2023-11-09,11:08:00,2023-11-21,132.65,132.65,132.65,132.65,0,0,1
FINNIFTY21NOV2320600PE.NFO,2023-11-09,11:09:00,2023-11-21,132.65,132.65,132.65,132.65,0,0,1
FINNIFTY21NOV2320600PE.NFO,2023-11-09,11:10:00,2023-11-21,132.65,132.65,132.65,132.65,0,0,1
FINNIFTY21NOV2320600PE.NFO,2023-11-09,11:11:00,2023-11-21,132.65,132.65,132.65,132.65,0,0,1
FINNIFTY21NOV2320600PE.NFO,2023-11-09,11:12:00,2023-11-21,132.65,132.65,132.65,132.65,0,0,1
FINNIFTY21NOV2320600PE.NFO,2023-11-09,11:13:00,2023-11-21,132.65,132.65,132.65,132.65,0,0,1
FINNIFTY21NOV2320600PE.NFO,2023-11-09,11:14:00,2023-11-21,132.65,132.65,132.65,132.65,0,0,1
FINNIFTY21NOV2320600PE.NFO,2023-11-09,11:15:00,2023-11-21,132.65,132.65,132.65,132.65,0,0,1
FINNIFTY21NOV2320600PE.NFO,2023-11-09,11:16:00,2023-11-21,132.65,132.65,132.65,132.65,0,0,1
FINNIFTY21NOV2320600PE.NFO,2023-11-09,11:17:00,2023-11-21,132.65,132.65,132.65,132.65,0,0,1
FINNIFTY21NOV2320600PE.NFO,2023-11-09,11:18:00,2023-11-21,132.65,132.65,132.65,132.65,0,0,1
FINNIFTY21NOV2320600PE.NFO,2023-11-09,11:19:00,2023-11-21,132.65,132.65,132.65,132.65,0,0,1
FINNIFTY21NOV2320600PE.NFO,2023-11-09,11:20:00,2023-11-21,132.65,132.65,132.65,132.65,0,0,1
FINNIFTY21NOV2320600PE.NFO,2023-11-09,11:21:00,2023-11-21,132.65,132.65,132.65,132.65,0,0,1
FINNIFTY21NOV2320600PE.NFO,2023-11-09,11:22:00,2023-11-21,132.65,132.65,132.65,132.65,0,0,1
FINNIFTY21NOV2320600PE.NFO,2023-11-09,11:23:00,2023-11-21,132.65,132.65,132.65,132.65,0,0,1
FINNIFTY21NOV2320600PE.NFO,2023-11-09,11:24:00,2023-11-21,132.65,132.65,132.65,132.65,0,0,1
FINNIFTY21NOV2320600PE.NFO,2023-11-09,11:25:00,2023-11-21,132.65,132.65,132.65,132.65,0,0,1
FINNIFTY21NOV2320600PE.NFO,2023-11-09,11:26:00,2023-11-21,132.65,132.65,132.65,132.65,0,0,1
FINNIFTY21NOV2320600PE.NFO,2023-11-09,11:27:00,2023-11-21,132.65,132.65,132.65,132.65,0,0,1
FINNIFTY21NOV2320600PE.NFO,2023-11-09,11:28:00,2023-11-21,132.65,132.65,132.65,132.65,0,0,1
FINNIFTY21NOV2320600PE.NFO,2023-11-09,11:29:00,2023-11-21,132.65,132.65,132.65,132.65,0,0,1
FINNIFTY21NOV2320600PE.NFO,2023-11-09,11:30:00,2023-11-21,132.65,132.65,132.65,132.65,0,0,1
FINNIFTY21NOV2320600PE.NFO,2023-11-09,11:31:00,2023-11-21,132.65,132.65,132.65,132.65,0,0,1
FINNIFTY21NOV2320600PE.NFO,2023-11-09,11:32:00,2023-11-21,132.65,132.65,132.65,132.65,0,0,1
FINNIFTY21NOV2320600PE.NFO,2023-11-09,11:33:00,2023-11-21,132.65,132.65,132.65,132.65,0,0,1
FINNIFTY21NOV2320600PE.NFO,2023-11-09,11:34:00,2023-11-21,132.65,132.65,132.65,132.65,0,0,1
FINNIFTY21NOV2320600PE.NFO,2023-11-09,11:35:00,2023-11-21,132.65,132.65,132.65,132.65,0,0,1
FINNIFTY21NOV2320600PE.NFO,2023-11-09,11:36:00,2023-11-21,132.65,132.65,132.65,132.65,0,0,1
FINNIFTY21NOV2320600PE.NFO,2023-11-09,11:37:00,2023-11-21,132.65,132.65,132.65,132.65,0,0,1
FINNIFTY21NOV2320600PE.NFO,2023-11-09,11:38:00,2023-11-21,132.65,132.65,132.65,132.65,0,0,1
FINNIFTY21NOV2320600PE.NFO,2023-11-09,11:39:00,2023-11-21,132.65,132.65,132.65,132.65,0,0,1
FINNIFTY21NOV2320600PE.NFO,2023-11-09,11:40:00,2023-11-21,132.65,132.65,132.65,132.65,0,0,1
FINNIFTY21NOV2320600PE.NFO,2023-11-09,11:41:00,2023-11-21,132.65,132.65,132.65,132.65,0,0,1
FINNIFTY21NOV2320600PE.NFO,2023-11-09,11:42:00,2023-11-21,132.65,132.65,132.65,132.65,0,0,1
FINNIFTY21NOV2320600PE.NFO,2023-11-09,11:43:00,2023-11-21,132.65,132.65,132.65,132.65,0,0,1
FINNIFTY21NOV2320600PE.NFO,2023-11-09,11:44:00,2023-11-21,132.65,132.65,132.65,132.65,0,0,1
FINNIFTY21NOV2320600PE.NFO,2023-11-09,11:45:00,2023-11-21,132.65,132.65,132.65,132.65,0,0,1
FINNIFTY21NOV2320600PE.NFO,2023-11-09,11:46:00,2023-11-21,132.65,132.65,132.65,132.65,0,0,1
FINNIFTY21NOV2320600PE.NFO,2023-11-09,11:47:00,2023-11-21,132.65,132.65,132.65,132.65,0,0,1
FINNIFTY21NOV2320600PE.NFO,2023-11-09,11:48:00,2023-11-21,132.65,132.65,132.65,132.65,0,0,1
FINNIFTY21NOV2320600PE.NFO,2023-11-09,11:49:00,2023-11-21,132.65,132.65,132.65,132.65,0,0,1
FINNIFTY21NOV2320600PE.NFO,2023-11-09,11:50:00,2023-11-21,132.65,132.65,132.65,132.65,0,0,1
FINNIFTY21NOV2320600PE.NFO,2023-11-09,11:51:00,2023-11-21,132.65,132.65,132.65,132.65,0,0,1
FINNIFTY21NOV2320600PE.NFO,2023-11-09,11:52:00,2023-11-21,132.65,132.65,132.65,132.65,0,0,1
FINNIFTY21NOV2320600PE.NFO,2023-11-09,11:53:00,2023-11-21,132.65,132.65,132.65,132.65,0,0,1
FINNIFTY21NOV2320600PE.NFO,2023-11-09,11:54:00,2023-11-21,132.65,132.65,132.65,132.65,0,0,1
FINNIFTY21NOV2320600PE.NFO,2023-11-09,11:55:00,2023-11-21,132.65,132.65,132.65,132.65,0,0,1
FINNIFTY21NOV2320600PE.NFO,2023-11-09,11:56:00,2023-11-21,132.65,132.65,132.65,132.65,0,0,1
FINNIFTY21NOV2320600PE.NFO,2023-11-09,11:57:00,2023-11-21,132.65,132.65,132.65,132.65,0,0,1
FINNIFTY21NOV2320600PE.NFO,2023-11-09,11:58:00,2023-11-21,132.65,132.65,132.65,132.65,0,0,1
FINNIFTY21NOV2320600PE.NFO,2023-11-09,11:59:00,2023-11-21,132.65,132.65,132.65,132.65,0,0,1
FINNIFTY21NOV2320600PE.NFO,2023-11-09,12:00:00,2023-11-21,132.65,132.65,132.65,132.65,0,0,1
FINNIFTY21NOV2320600PE.NFO,2023-11-09,12:01:00,2023-11-21,132.65,132.65,132.65,132.65,0,0,1
FINNIFTY21NOV2320600PE.NFO,2023-11-09,12:02:00,2023-11-21,132.65,132.65,132.65,132.65,0,0,1
FINNIFTY21NOV2320600PE.NFO,2023-11-09,12:03:00,2023-11-21,132.65,132.65,132.65,132.65,0,0,1
FINNIFTY21NOV2320600PE.NFO,2023-11-09,12:04:00,2023-11-21,132.65,132.65,132.65,132.65,0,0,1
FINNIFTY21NOV2320600PE.NFO,2023-11-09,12:05:00,2023-11-21,132.65,132.65,132.65,132.65,0,0,1
FINNIFTY21NOV2320600PE.NFO,2023-11-09,12:06:00,2023-11-21,132.65,132.65,132.65,132.65,0,0,1
FINNIFTY21NOV2320600PE.NFO,2023-11-09,12:07:00,2023-11-21,132.65,132.65,132.65,132.65,0,0,1
FINNIFTY21NOV2320600PE.NFO,2023-11-09,12:08:00,2023-11-21,132.65,132.65,132.65,132.65,0,0,1
FINNIFTY21NOV2320600PE.NFO,2023-11-09,12:09:00,2023-11-21,132.65,132.65,132.65,132.65,0,0,1
FINNIFTY21NOV2320600PE.NFO,2023-11-09,12:10:00,2023-11-21,132.65,132.65,132.65,132.65,0,0,1
FINNIFTY21NOV2320600PE.NFO,2023-11-09,12:11:00,2023-11-21,132.65,132.65,132.65,132.65,0,0,1
FINNIFTY21NOV2320600PE.NFO,2023-11-09,12:12:00,2023-11-21,132.65,132.65,132.65,132.65,0,0,1
FINNIFTY21NOV2320600PE.NFO,2023-11-09,12:13:00,2023-11-21,132.65,132.65,132.65,132.65,0,0,1
FINNIFTY21NOV2320600PE.NFO,2023-11-09,12:14:00,2023-11-21,132.65,132.65,132.65,132.65,0,0,1
FINNIFTY21NOV2320600PE.NFO,2023-11-09,12:15:00,2023-11-21,132.65,132.65,132.65,132.65,0,0,1
FINNIFTY21NOV2320600PE.NFO,2023-11-09,12:16:00,2023-11-21,132.65,132.65,132.65,132.65,0,0,1
FINNIFTY21NOV2320600PE.NFO,2023-11-09,12:17:00,2023-11-21,132.65,132.65,132.65,132.65,0,0,1
FINNIFTY21NOV2320600PE.NFO,2023-11-09,12:18:00,2023-11-21,132.65,132.65,132.65,132.65,0,0,1
FINNIFTY21NOV2320600PE.NFO,2023-11-09,12:19:00,2023-11-21,132.65,132.65,132.65,132.65,0,0,1
FINNIFTY21NOV2320600PE.NFO,2023-11-09,12:20:00,2023-11-21,132.65,132.65,132.65,132.65,0,0,1
FINNIFTY21NOV2320600PE.NFO,2023-11-09,12:21:00,2023-11-21,132.65,132.65,132.65,132.65,0,0,1
FINNIFTY21NOV2320600PE.NFO,2023-11-09,12:22:00,2023-11-21,132.65,132.65,132.65,132.65,0,0,1
FINNIFTY21NOV2320600PE.NFO,2023-11-09,12:23:00,2023-11-21,132.65,132.65,132.65,132.65,0,0,1
FINNIFTY21NOV2320600PE.NFO,2023-11-09,12:24:00,2023-11-21,132.65,132.65,132.65,132.65,0,0,1
FINNIFTY21NOV2320600PE.NFO,2023-11-09,12:25:00,2023-11-21,132.65,132.65,132.65,132.65,0,0,1
FINNIFTY21NOV2320600PE.NFO,2023-11-09,12:26:00,2023-11-21,132.65,132.65,132.65,132.65,0,0,1
FINNIFTY21NOV2320600PE.NFO,2023-11-09,12:27:00,2023-11-21,132.65,132.65,132.65,132.65,0,0,1
FINNIFTY21NOV2320600PE.NFO,2023-11-09,12:28:00,2023-11-21,132.65,132.65,132.65,132.65,0,0,1
FINNIFTY21NOV2320600PE.NFO,2023-11-09,12:29:00,2023-11-21,132.65,132.65,132.65,132.65,0,0,1
FINNIFTY21NOV2320600PE.NFO,2023-11-09,12:30:00,2023-11-21,132.65,132.65,132.65,132.65,0,0,1
FINNIFTY21NOV2320600PE.NFO,2023-11-09,12:31:00,2023-11-21,132.65,132.65,132.65,132.65,0,0,1
FINNIFTY21NOV2320600PE.NFO,2023-11-09,12:32:00,2023-11-21,132.65,132.65,132.65,132.65,0,0,1
FINNIFTY21NOV2320600PE.NFO,2023-11-09,12:33:00,2023-11-21,132.65,132.65,132.65,132.65,0,0,1
FINNIFTY21NOV2320600PE.NFO,2023-11-09,12:34:00,2023-11-21,132.65,132.65,132.65,132.65,0,0,1
FINNIFTY21NOV2320600PE.NFO,2023-11-09,12:35:00,2023-11-21,132.65,132.65,132.65,132.65,0,0,1
FINNIFTY21NOV2320600PE.NFO,2023-11-09,12:36:00,2023-11-21,132.65,132.65,132.65,132.65,0,0,1
FINNIFTY21NOV2320600PE.NFO,2023-11-09,12:37:00,2023-11-21,132.65,132.65,132.65,132.65,0,0,1
FINNIFTY21NOV2320600PE.NFO,2023-11-09,12:38:00,2023-11-21,132.65,132.65,132.65,132.65,0,0,1
FINNIFTY21NOV2320600PE.NFO,2023-11-09,12:39:00,2023-11-21,132.65,132.65,132.65,132.65,0,0,1
FINNIFTY21NOV2320600PE.NFO,2023-11-09,12:40:00,2023-11-21,132.65,132.65,132.65,132.65,0,0,1
FINNIFTY21NOV2320600PE.NFO,2023-11-09,12:41:00,2023-11-21,132.65,132.65,132.65,132.65,0,0,1
FINNIFTY21NOV2320600PE.NFO,2023-11-09,12:42:00,2023-11-21,132.65,132.65,132.65,132.65,0,0,1
FINNIFTY21NOV2320600PE.NFO,2023-11-09,12:43:00,2023-11-21,132.65,132.65,132.65,132.65,0,0,1
FINNIFTY21NOV2320600PE.NFO,2023-11-09,12:44:00,2023-11-21,132.65,132.65,132.65,132.65,0,0,1
FINNIFTY21NOV2320600PE.NFO,2023-11-09,12:45:00,2023-11-21,132.65,132.65,132.65,132.65,0,0,1
FINNIFTY21NOV2320600PE.NFO,2023-11-09,12:46:00,2023-11-21,132.65,132.65,132.65,132.65,0,0,1
FINNIFTY21NOV2320600PE.NFO,2023-11-09,12:47:00,2023-11-21,132.65,132.65,132.65,132.65,0,0,1
FINNIFTY21NOV2320600PE.NFO,2023-11-09,12:48:00,2023-11-21,132.65,132.65,132.65,132.65,0,0,1
FINNIFTY21NOV2320600PE.NFO,2023-11-09,12:49:00,2023-11-21,132.65,132.65,132.65,132.65,0,0,1
FINNIFTY21NOV2320600PE.NFO,2023-11-09,12:50:00,2023-11-21,132.65,132.65,132.65,132.65,0,0,1
FINNIFTY21NOV2320600PE.NFO,2023-11-09,12:51:00,2023-11-21,132.65,132.65,132.65,132.65,0,0,1
FINNIFTY21NOV2320600PE.NFO,2023-11-09,12:52:00,2023-11-21,132.65,132.65,132.65,132.65,0,0,1
FINNIFTY21NOV2320600PE.NFO,2023-11-09,12:53:00,2023-11-21,132.65,132.65,132.65,132.65,0,0,1
FINNIFTY21NOV2320600PE.NFO,2023-11-09,12:54:00,2023-11-21,132.65,132.65,132.65,132.65,0,0,1
FINNIFTY21NOV2320600PE.NFO,2023-11-09,12:55:00,2023-11-21,132.65,132.65,132.65,132.65,0,0,1
FINNIFTY21NOV2320600PE.NFO,2023-11-09,12:56:00,2023-11-21,132.65,132.65,132.65,132.65,0,0,1
FINNIFTY21NOV2320600PE.NFO,2023-11-09,12:57:00,2023-11-21,132.65,132.65,132.65,132.65,0,0,1
FINNIFTY21NOV2320600PE.NFO,2023-11-09,12:58:00,2023-11-21,132.65,132.65,132.65,132.65,0,0,1
FINNIFTY21NOV2320600PE.NFO,2023-11-09,12:59:00,2023-11-21,132.65,132.65,132.65,132.65,0,0,1
FINNIFTY21NOV2320600PE.NFO,2023-11-09,13:00:00,2023-11-21,132.65,132.65,132.65,132.65,0,0,1
FINNIFTY21NOV2320600PE.NFO,2023-11-09,13:01:00,2023-11-21,132.65,132.65,132.65,132.65,0,0,1
FINNIFTY21NOV2320600PE.NFO,2023-11-09,13:02:00,2023-11-21,132.65,132.65,132.65,132.65,0,0,1
FINNIFTY21NOV2320600PE.NFO,2023-11-09,13:03:00,2023-11-21,132.65,132.65,132.65,132.65,0,0,1
FINNIFTY21NOV2320600PE.NFO,2023-11-09,13:04:00,2023-11-21,132.65,132.65,132.65,132.65,0,0,1
FINNIFTY21NOV2320600PE.NFO,2023-11-09,13:05:00,2023-11-21,132.65,132.65,132.65,132.65,0,0,1
FINNIFTY21NOV2320600PE.NFO,2023-11-09,13:06:00,2023-11-21,132.65,132.65,132.65,132.65,0,0,1
FINNIFTY21NOV2320600PE.NFO,2023-11-09,13:07:00,2023-11-21,132.65,132.65,132.65,132.65,0,0,1
FINNIFTY21NOV2320600PE.NFO,2023-11-09,13:08:00,2023-11-21,132.65,132.65,132.65,132.65,0,0,1
FINNIFTY21NOV2320600PE.NFO,2023-11-09,13:09:00,2023-11-21,132.65,132.65,132.65,132.65,0,0,1
FINNIFTY21NOV2320600PE.NFO,2023-11-09,13:10:00,2023-11-21,132.65,132.65,132.65,132.65,0,0,1
FINNIFTY21NOV2320600PE.NFO,2023-11-09,13:11:00,2023-11-21,132.65,132.65,132.65,132.65,0,0,1
FINNIFTY21NOV2320600PE.NFO,2023-11-09,13:12:00,2023-11-21,132.65,132.65,132.65,132.65,0,0,1
FINNIFTY21NOV2320600PE.NFO,2023-11-09,13:13:00,2023-11-21,132.65,132.65,132.65,132.65,0,0,1
FINNIFTY21NOV2320600PE.NFO,2023-11-09,13:14:00,2023-11-21,132.65,132.65,132.65,132.65,0,0,1
FINNIFTY21NOV2320600PE.NFO,2023-11-09,13:15:00,2023-11-21,132.65,132.65,132.65,132.65,0,0,1
FINNIFTY21NOV2320600PE.NFO,2023-11-09,13:16:00,2023-11-21,132.65,132.65,132.65,132.65,0,0,1
FINNIFTY21NOV2320600PE.NFO,2023-11-09,13:17:00,2023-11-21,132.65,132.65,132.65,132.65,0,0,1
FINNIFTY21NOV2320600PE.NFO,2023-11-09,13:18:00,2023-11-21,132.65,132.65,132.65,132.65,0,0,1
FINNIFTY21NOV2320600PE.NFO,2023-11-09,13:19:00,2023-11-21,132.65,132.65,132.65,132.65,0,0,1
FINNIFTY21NOV2320600PE.NFO,2023-11-09,13:20:00,2023-11-21,132.65,132.65,132.65,132.65,0,0,1
FINNIFTY21NOV2320600PE.NFO,2023-11-09,13:21:00,2023-11-21,132.65,132.65,132.65,132.65,0,0,1
FINNIFTY21NOV2320600PE.NFO,2023-11-09,13:22:00,2023-11-21,132.65,132.65,132.65,132.65,0,0,1
FINNIFTY21NOV2320600PE.NFO,2023-11-09,13:23:00,2023-11-21,132.65,132.65,132.65,132.65,0,0,1
FINNIFTY21NOV2320600PE.NFO,2023-11-09,13:24:00,2023-11-21,132.65,132.65,132.65,132.65,0,0,1
FINNIFTY21NOV2320600PE.NFO,2023-11-09,13:25:00,2023-11-21,132.65,132.65,132.65,132.65,0,0,1
FINNIFTY21NOV2320600PE.NFO,2023-11-09,13:26:00,2023-11-21,132.65,132.65,132.65,132.65,0,0,1
FINNIFTY21NOV2320600PE.NFO,2023-11-09,13:27:00,2023-11-21,132.65,132.65,132.65,132.65,0,0,1
FINNIFTY21NOV2320600PE.NFO,2023-11-09,13:28:00,2023-11-21,132.65,132.65,132.65,132.65,0,0,1
FINNIFTY21NOV2320600PE.NFO,2023-11-09,13:29:00,2023-11-21,132.65,132.65,132.65,132.65,0,0,1
FINNIFTY21NOV2320600PE.NFO,2023-11-09,13:30:00,2023-11-21,132.65,132.65,132.65,132.65,0,0,1
FINNIFTY21NOV2320600PE.NFO,2023-11-09,13:31:00,2023-11-21,132.65,132.65,132.65,132.65,0,0,1
FINNIFTY21NOV2320600PE.NFO,2023-11-09,13:32:00,2023-11-21,132.65,132.65,132.65,132.65,0,0,1
FINNIFTY21NOV2320600PE.NFO,2023-11-09,13:33:00,2023-11-21,132.65,132.65,132.65,132.65,0,0,1
FINNIFTY21NOV2320600PE.NFO,2023-11-09,13:34:00,2023-11-21,132.65,132.65,132.65,132.65,0,0,1
FINNIFTY21NOV2320600PE.NFO,2023-11-09,13:35:00,2023-11-21,132.65,132.65,132.65,132.65,0,0,1
FINNIFTY21NOV2320600PE.NFO,2023-11-09,13:36:00,2023-11-21,132.65,132.65,132.65,132.65,0,0,1
FINNIFTY21NOV2320600PE.NFO,2023-11-09,13:37:00,2023-11-21,132.65,132.65,132.65,132.65,0,0,1
FINNIFTY21NOV2320600PE.NFO,2023-11-09,13:38:00,2023-11-21,132.65,132.65,132.65,132.65,0,0,1
FINNIFTY21NOV2320600PE.NFO,2023-11-09,13:39:00,2023-11-21,132.65,132.65,132.65,132.65,0,0,1
FINNIFTY21NOV2320600PE.NFO,2023-11-09,13:40:00,2023-11-21,132.65,132.65,132.65,132.65,0,0,1
FINNIFTY21NOV2320600PE.NFO,2023-11-09,13:41:00,2023-11-21,132.65,132.65,132.65,132.65,0,0,1
FINNIFTY21NOV2320600PE.NFO,2023-11-09,13:42:00,2023-11-21,132.65,132.65,132.65,132.65,0,0,1
FINNIFTY21NOV2320600PE.NFO,2023-11-09,13:43:00,2023-11-21,132.65,132.65,132.65,132.65,0,0,1
FINNIFTY21NOV2320600PE.NFO,2023-11-09,13:44:00,2023-11-21,132.65,132.65,132.65,132.65,0,0,1
FINNIFTY21NOV2320600PE.NFO,2023-11-09,13:45:00,2023-11-21,132.65,132.65,132.65,132.65,0,0,1
FINNIFTY21NOV2320600PE.NFO,2023-11-09,13:46:00,2023-11-21,132.65,132.65,132.65,132.65,0,0,1
FINNIFTY21NOV2320600PE.NFO,2023-11-09,13:47:00,2023-11-21,132.65,132.65,132.65,132.65,0,0,1
FINNIFTY21NOV2320600PE.NFO,2023-11-09,13:48:00,2023-11-21,132.65,132.65,132.65,132.65,0,0,1
FINNIFTY21NOV2320600PE.NFO,2023-11-09,13:49:00,2023-11-21,132.65,132.65,132.65,132.65,0,0,1
FINNIFTY21NOV2320600PE.NFO,2023-11-09,13:50:00,2023-11-21,132.65,132.65,132.65,132.65,0,0,1
FINNIFTY21NOV2320600PE.NFO,2023-11-09,13:51:00,2023-11-21,132.65,132.65,132.65,132.65,0,0,1
FINNIFTY21NOV2320600PE.NFO,2023-11-09,13:52:00,2023-11-21,132.65,132.65,132.65,132.65,0,0,1
FINNIFTY21NOV2320600PE.NFO,2023-11-09,13:53:00,2023-11-21,132.65,132.65,132.65,132.65,0,0,1
FINNIFTY21NOV2320600PE.NFO,2023-11-09,13:54:00,2023-11-21,132.65,132.65,132.65,132.65,0,0,1
FINNIFTY21NOV2320600PE.NFO,2023-11-09,13:55:00,2023-11-21,132.65,132.65,132.65,132.65,0,0,1
FINNIFTY21NOV2320600PE.NFO,2023-11-09,13:56:00,2023-11-21,132.65,132.65,132.65,132.65,0,0,1
FINNIFTY21NOV2320600PE.NFO,2023-11-09,13:57:00,2023-11-21,132.65,132.65,132.65,132.65,0,0,1
FINNIFTY21NOV2320600PE.NFO,2023-11-09,13:58:00,2023-11-21,132.65,132.65,132.65,132.65,0,0,1
FINNIFTY21NOV2320600PE.NFO,2023-11-09,13:59:00,2023-11-21,132.65,132.65,132.65,132.65,0,0,1
FINNIFTY21NOV2320600PE.NFO,2023-11-09,14:00:00,2023-11-21,132.65,132.65,132.65,132.65,0,0,1
FINNIFTY21NOV2320600PE.NFO,2023-11-09,14:01:00,2023-11-21,132.65,132.65,132.65,132.65,0,0,1
FINNIFTY21NOV2320600PE.NFO,2023-11-09,14:02:00,2023-11-21,132.65,132.65,132.65,132.65,0,0,1
FINNIFTY21NOV2320600PE.NFO,2023-11-09,14:03:00,2023-11-21,132.65,132.65,132.65,132.65,0,0,1
FINNIFTY21NOV2320600PE.NFO,2023-11-09,14:04:00,2023-11-21,132.65,132.65,132.65,132.65,0,0,1
FINNIFTY21NOV2320600PE.NFO,2023-11-09,14:05:00,2023-11-21,132.65,132.65,132.65,132.65,0,0,1
FINNIFTY21NOV2320600PE.NFO,2023-11-09,14:06:00,2023-11-21,132.65,132.65,132.65,132.65,0,0,1
FINNIFTY21NOV2320600PE.NFO,2023-11-09,14:07:00,2023-11-21,132.65,132.65,132.65,132.65,0,0,1
FINNIFTY21NOV2320600PE.NFO,2023-11-09,14:08:00,2023-11-21,132.65,132.65,132.65,132.65,0,0,1
FINNIFTY21NOV2320600PE.NFO,2023-11-09,14:09:00,2023-11-21,132.65,132.65,132.65,132.65,0,0,1
FINNIFTY21NOV2320600PE.NFO,2023-11-09,14:10:00,2023-11-21,132.65,132.65,132.65,132.65,0,0,1
FINNIFTY21NOV2320600PE.NFO,2023-11-09,14:11:00,2023-11-21,132.65,132.65,132.65,132.65,0,0,1
FINNIFTY21NOV2320600PE.NFO,2023-11-09,14:12:00,2023-11-21,132.65,132.65,132.65,132.65,0,0,1
FINNIFTY21NOV2320600PE.NFO,2023-11-09,14:13:00,2023-11-21,132.65,132.65,132.65,132.65,0,0,1
FINNIFTY21NOV2320600PE.NFO,2023-11-09,14:14:00,2023-11-21,132.65,132.65,132.65,132.65,0,0,1
FINNIFTY21NOV2320600PE.NFO,2023-11-09,14:15:00,2023-11-21,132.65,132.65,132.65,132.65,0,0,1
FINNIFTY21NOV2320600PE.NFO,2023-11-09,14:16:00,2023-11-21,132.65,132.65,132.65,132.65,0,0,1
FINNIFTY21NOV2320600PE.NFO,2023-11-09,14:17:00,2023-11-21,132.65,132.65,132.65,132.65,0,0,1
FINNIFTY21NOV2320600PE.NFO,2023-11-09,14:18:00,2023-11-21,132.65,132.65,132.65,132.65,0,0,1
FINNIFTY21NOV2320600PE.NFO,2023-11-09,14:19:00,2023-11-21,132.65,132.65,132.65,132.65,0,0,1
FINNIFTY21NOV2320600PE.NFO,2023-11-09,14:20:00,2023-11-21,132.65,132.65,132.65,132.65,0,0,1
FINNIFTY21NOV2320600PE.NFO,2023-11-09,14:21:00,2023-11-21,132.65,132.65,132.65,132.65,0,0,1
FINNIFTY21NOV2320600PE.NFO,2023-11-09,14:22:00,2023-11-21,132.65,132.65,132.65,132.65,0,0,1
FINNIFTY21NOV2320600PE.NFO,2023-11-09,14:23:00,2023-11-21,132.65,132.65,132.65,132.65,0,0,1
FINNIFTY21NOV2320600PE.NFO,2023-11-09,14:24:00,2023-11-21,132.65,132.65,132.65,132.65,0,0,1
FINNIFTY21NOV2320600PE.NFO,2023-11-09,14:25:00,2023-11-21,132.65,132.65,132.65,132.65,0,0,1
FINNIFTY21NOV2320600PE.NFO,2023-11-09,14:26:00,2023-11-21,132.65,132.65,132.65,132.65,0,0,1
FINNIFTY21NOV2320600PE.NFO,2023-11-09,14:27:00,2023-11-21,132.65,132.65,132.65,132.65,0,0,1
FINNIFTY21NOV2320600PE.NFO,2023-11-09,14:28:00,2023-11-21,132.65,132.65,132.65,132.65,0,0,1
FINNIFTY21NOV2320600PE.NFO,2023-11-09,14:29:00,2023-11-21,132.65,132.65,132.65,132.65,0,0,1
FINNIFTY21NOV2320600PE.NFO,2023-11-09,14:30:00,2023-11-21,132.65,132.65,132.65,132.65,0,0,1
FINNIFTY21NOV2320600PE.NFO,2023-11-09,14:31:00,2023-11-21,132.65,132.65,132.65,132.65,0,0,1
FINNIFTY21NOV2320600PE.NFO,2023-11-09,14:32:00,2023-11-21,132.65,132.65,132.65,132.65,0,0,1
FINNIFTY21NOV2320600PE.NFO,2023-11-09,14:33:00,2023-11-21,132.65,132.65,132.65,132.65,0,0,1
FINNIFTY21NOV2320600PE.NFO,2023-11-09,14:34:00,2023-11-21,132.65,132.65,132.65,132.65,0,0,1
FINNIFTY21NOV2320600PE.NFO,2023-11-09,14:35:00,2023-11-21,132.65,132.65,132.65,132.65,0,0,1
FINNIFTY21NOV2320600PE.NFO,2023-11-09,14:36:00,2023-11-21,132.65,132.65,132.65,132.65,0,0,1
FINNIFTY21NOV2320600PE.NFO,2023-11-09,14:37:00,2023-11-21,132.65,132.65,132.65,132.65,0,0,1
FINNIFTY21NOV2320600PE.NFO,2023-11-09,14:38:00,2023-11-21,132.65,132.65,132.65,132.65,0,0,1
FINNIFTY21NOV2320600PE.NFO,2023-11-09,14:39:00,2023-11-21,132.65,132.65,132.65,132.65,0,0,1
FINNIFTY21NOV2320600PE.NFO,2023-11-09,14:40:00,2023-11-21,132.65,132.65,132.65,132.65,0,0,1
FINNIFTY21NOV2320600PE.NFO,2023-11-09,14:41:00,2023-11-21,132.65,132.65,132.65,132.65,0,0,1
FINNIFTY21NOV2320600PE.NFO,2023-11-09,14:42:00,2023-11-21,132.65,132.65,132.65,132.65,0,0,1
FINNIFTY21NOV2320600PE.NFO,2023-11-09,14:43:00,2023-11-21,132.65,132.65,132.65,132.65,0,0,1
FINNIFTY21NOV2320600PE.NFO,2023-11-09,14:44:00,2023-11-21,132.65,132.65,132.65,132.65,0,0,1
FINNIFTY21NOV2320600PE.NFO,2023-11-09,14:45:00,2023-11-21,132.65,132.65,132.65,132.65,0,0,1
FINNIFTY21NOV2320600PE.NFO,2023-11-09,14:46:00,2023-11-21,132.65,132.65,132.65,132.65,0,0,1
FINNIFTY21NOV2320600PE.NFO,2023-11-09,14:47:00,2023-11-21,132.65,132.65,132.65,132.65,0,0,1
FINNIFTY21NOV2320600PE.NFO,2023-11-09,14:48:00,2023-11-21,132.65,132.65,132.65,132.65,0,0,1
FINNIFTY21NOV2320600PE.NFO,2023-11-09,14:49:00,2023-11-21,132.65,132.65,132.65,132.65,0,0,1
FINNIFTY21NOV2320600PE.NFO,2023-11-09,14:50:00,2023-11-21,132.65,132.65,132.65,132.65,0,0,1
FINNIFTY21NOV2320600PE.NFO,2023-11-09,14:51:00,2023-11-21,132.65,132.65,132.65,132.65,0,0,1
FINNIFTY21NOV2320600PE.NFO,2023-11-09,14:52:00,2023-11-21,132.65,132.65,132.65,132.65,0,0,1
FINNIFTY21NOV2320600PE.NFO,2023-11-09,14:53:00,2023-11-21,132.65,132.65,132.65,132.65,0,0,1
FINNIFTY21NOV2320600PE.NFO,2023-11-09,14:54:00,2023-11-21,132.65,132.65,132.65,132.65,0,0,1
FINNIFTY21NOV2320600PE.NFO,2023-11-09,14:55:00,2023-11-21,132.65,132.65,132.65,132.65,0,0,1
FINNIFTY21NOV2320600PE.NFO,2023-11-09,14:56:00,2023-11-21,132.65,132.65,132.65,132.65,0,0,1
FINNIFTY21NOV2320600PE.NFO,2023-11-09,14:57:00,2023-11-21,132.65,132.65,132.65,132.65,0,0,1
FINNIFTY21NOV2320600PE.NFO,2023-11-09,14:58:00,2023-11-21,132.65,132.65,132.65,132.65,0,0,1
FINNIFTY21NOV2320600PE.NFO,2023-11-09,14:59:00,2023-11-21,132.65,132.65,132.65,132.65,0,0,1
FINNIFTY21NOV2320600PE.NFO,2023-11-09,15:00:00,2023-11-21,132.65,132.65,132.65,132.65,0,0,1
FINNIFTY21NOV2320600PE.NFO,2023-11-09,15:01:00,2023-11-21,132.65,132.65,132.65,132.65,0,0,1
FINNIFTY21NOV2320600PE.NFO,2023-11-09,15:02:00,2023-11-21,132.65,132.65,132.65,132.65,0,0,1
FINNIFTY21NOV2320600PE.NFO,2023-11-09,15:03:00,2023-11-21,132.65,132.65,132.65,132.65,0,0,1
FINNIFTY21NOV2320600PE.NFO,2023-11-09,15:04:00,2023-11-21,132.65,132.65,132.65,132.65,0,0,1
FINNIFTY21NOV2320600PE.NFO,2023-11-09,15:05:00,2023-11-21,132.65,132.65,132.65,132.65,0,0,1
FINNIFTY21NOV2320600PE.NFO,2023-11-09,15:06:00,2023-11-21,132.65,132.65,132.65,132.65,0,0,1
FINNIFTY21NOV2320600PE.NFO,2023-11-09,15:07:00,2023-11-21,132.65,132.65,132.65,132.65,0,0,1
FINNIFTY21NOV2320600PE.NFO,2023-11-09,15:08:00,2023-11-21,132.65,132.65,132.65,132.65,0,0,1
FINNIFTY21NOV2320600PE.NFO,2023-11-09,15:09:00,2023-11-21,132.65,132.65,132.65,132.65,0,0,1
FINNIFTY21NOV2320600PE.NFO,2023-11-09,15:10:00,2023-11-21,132.65,132.65,132.65,132.65,0,0,1
FINNIFTY21NOV2320600PE.NFO,2023-11-09,15:11:00,2023-11-21,132.65,132.65,132.65,132.65,0,0,1
FINNIFTY21NOV2320600PE.NFO,2023-11-09,15:12:00,2023-11-21,132.65,132.65,132.65,132.65,0,0,1
FINNIFTY21NOV2320600PE.NFO,2023-11-09,15:13:00,2023-11-21,132.65,132.65,132.65,132.65,0,0,1
FINNIFTY21NOV2320600PE.NFO,2023-11-09,15:14:00,2023-11-21,132.65,132.65,132.65,132.65,0,0,1
FINNIFTY21NOV2320600PE.NFO,2023-11-09,15:15:00,2023-11-21,132.65,132.65,132.65,132.65,0,0,1
FINNIFTY21NOV2320600PE.NFO,2023-11-09,15:16:00,2023-11-21,132.65,132.65,132.65,132.65,0,0,1
FINNIFTY21NOV2320600PE.NFO,2023-11-09,15:17:00,2023-11-21,132.65,132.65,132.65,132.65,0,0,1
FINNIFTY21NOV2320600PE.NFO,2023-11-09,15:18:00,2023-11-21,132.65,132.65,132.65,132.65,0,0,1
FINNIFTY21NOV2320600PE.NFO,2023-11-09,15:19:00,2023-11-21,132.65,132.65,132.65,132.65,0,0,1
FINNIFTY21NOV2320600PE.NFO,2023-11-09,15:20:00,2023-11-21,132.65,132.65,132.65,132.65,0,0,1
FINNIFTY21NOV2320600PE.NFO,2023-11-09,15:21:00,2023-11-21,132.65,132.65,132.65,132.65,0,0,1
FINNIFTY21NOV2320600PE.NFO,2023-11-09,15:22:00,2023-11-21,132.65,132.65,132.65,132.65,0,0,1
FINNIFTY21NOV2320600PE.NFO,2023-11-09,15:23:00,2023-11-21,132.65,132.65,132.65,132.65,0,0,1
FINNIFTY21NOV2320600PE.NFO,2023-11-09,15:24:00,2023-11-21,132.65,132.65,132.65,132.65,0,0,1
FINNIFTY21NOV2320600PE.NFO,2023-11-09,15:25:00,2023-11-21,132.65,132.65,132.65,132.65,0,0,1
FINNIFTY21NOV2320600PE.NFO,2023-11-09,15:26:00,2023-11-21,132.65,132.65,132.65,132.65,0,0,1
FINNIFTY21NOV2320600PE.NFO,2023-11-09,15:27:00,2023-11-21,132.65,132.65,132.65,132.65,0,0,1
FINNIFTY21NOV2320600PE.NFO,2023-11-09,15:28:00,2023-11-21,132.65,132.65,132.65,132.65,0,0,1
FINNIFTY21NOV2320600PE.NFO,2023-11-09,15:29:00,2023-11-21,132.65,132.65,132.65,132.65,0,0,1
FINNIFTY21NOV2320600PE.NFO,2023-11-09,15:30:00,2023-11-21,132.65,132.65,132.65,132.65,0,0,1
FINNIFTY21NOV2320600PE.NFO,2023-11-10,09:15:00,2023-11-21,132.65,132.65,132.65,132.65,0,0,0
FINNIFTY21NOV2320600PE.NFO,2023-11-10,09:16:00,2023-11-21,132.65,132.65,132.65,132.65,0,0,1
FINNIFTY21NOV2320600PE.NFO,2023-11-10,09:17:00,2023-11-21,132.65,132.65,132.65,132.65,0,0,1
FINNIFTY21NOV2320600PE.NFO,2023-11-10,09:18:00,2023-11-21,132.65,132.65,132.65,132.65,0,0,1
FINNIFTY21NOV2320600PE.NFO,2023-11-10,09:19:00,2023-11-21,132.65,132.65,132.65,132.65,0,0,1
FINNIFTY21NOV2320600PE.NFO,2023-11-10,09:20:00,2023-11-21,132.65,132.65,132.65,132.65,0,0,1
FINNIFTY21NOV2320600PE.NFO,2023-11-10,09:21:00,2023-11-21,132.65,132.65,132.65,132.65,0,0,1
FINNIFTY21NOV2320600PE.NFO,2023-11-10,09:22:00,2023-11-21,132.65,132.65,132.65,132.65,0,0,1
FINNIFTY21NOV2320600PE.NFO,2023-11-10,09:23:00,2023-11-21,132.65,132.65,132.65,132.65,0,0,1
FINNIFTY21NOV2320600PE.NFO,2023-11-10,09:24:00,2023-11-21,132.65,132.65,132.65,132.65,0,0,1
FINNIFTY21NOV2320600PE.NFO,2023-11-10,09:25:00,2023-11-21,132.65,132.65,132.65,132.65,0,0,1
FINNIFTY21NOV2320600PE.NFO,2023-11-10,09:26:00,2023-11-21,132.65,132.65,132.65,132.65,0,0,1
FINNIFTY21NOV2320600PE.NFO,2023-11-10,09:27:00,2023-11-21,132.65,132.65,132.65,132.65,0,0,1
FINNIFTY21NOV2320600PE.NFO,2023-11-10,09:28:00,2023-11-21,132.65,132.65,132.65,132.65,0,0,1
FINNIFTY21NOV2320600PE.NFO,2023-11-10,09:29:00,2023-11-21,132.65,132.65,132.65,132.65,0,0,1
FINNIFTY21NOV2320600PE.NFO,2023-11-10,09:30:00,2023-11-21,132.65,132.65,132.65,132.65,0,0,1
FINNIFTY21NOV2320600PE.NFO,2023-11-10,09:31:00,2023-11-21,132.65,132.65,132.65,132.65,0,0,1
FINNIFTY21NOV2320600PE.NFO,2023-11-10,09:32:00,2023-11-21,132.65,132.65,132.65,132.65,0,0,1
FINNIFTY21NOV2320600PE.NFO,2023-11-10,09:33:00,2023-11-21,132.65,132.65,132.65,132.65,0,0,1
FINNIFTY21NOV2320600PE.NFO,2023-11-10,09:34:00,2023-11-21,132.65,132.65,132.65,132.65,0,0,1
FINNIFTY21NOV2320600PE.NFO,2023-11-10,09:35:00,2023-11-21,132.65,132.65,132.65,132.65,0,0,1
FINNIFTY21NOV2320600PE.NFO,2023-11-10,09:36:00,2023-11-21,132.65,132.65,132.65,132.65,0,0,1
FINNIFTY21NOV2320600PE.NFO,2023-11-10,09:37:00,2023-11-21,132.65,132.65,132.65,132.65,0,0,1
FINNIFTY21NOV2320600PE.NFO,2023-11-10,09:38:00,2023-11-21,132.65,132.65,132.65,132.65,0,0,1
FINNIFTY21NOV2320600PE.NFO,2023-11-10,09:39:00,2023-11-21,132.65,132.65,132.65,132.65,0,0,1
FINNIFTY21NOV2320600PE.NFO,2023-11-10,09:40:00,2023-11-21,132.65,132.65,132.65,132.65,0,0,1
FINNIFTY21NOV2320600PE.NFO,2023-11-10,09:41:00,2023-11-21,132.65,132.65,132.65,132.65,0,0,1
FINNIFTY21NOV2320600PE.NFO,2023-11-10,09:42:00,2023-11-21,132.65,132.65,132.65,132.65,0,0,1
FINNIFTY21NOV2320600PE.NFO,2023-11-10,09:43:00,2023-11-21,132.65,132.65,132.65,132.65,0,0,1
FINNIFTY21NOV2320600PE.NFO,2023-11-10,09:44:00,2023-11-21,132.65,132.65,132.65,132.65,0,0,1
FINNIFTY21NOV2320600PE.NFO,2023-11-10,09:45:00,2023-11-21,132.65,132.65,132.65,132.65,0,0,1
FINNIFTY21NOV2320600PE.NFO,2023-11-10,09:46:00,2023-11-21,132.65,132.65,132.65,132.65,0,0,1
FINNIFTY21NOV2320600PE.NFO,2023-11-10,09:47:00,2023-11-21,132.65,132.65,132.65,132.65,0,0,1
FINNIFTY21NOV2320600PE.NFO,2023-11-10,09:48:00,2023-11-21,132.65,132.65,132.65,132.65,0,0,1
FINNIFTY21NOV2320600PE.NFO,2023-11-10,09:49:00,2023-11-21,132.65,132.65,132.65,132.65,0,0,1
FINNIFTY21NOV2320600PE.NFO,2023-11-10,09:50:00,2023-11-21,132.65,132.65,132.65,132.65,0,0,1
FINNIFTY21NOV2320600PE.NFO,2023-11-10,09:51:00,2023-11-21,132.65,132.65,132.65,132.65,0,0,1
FINNIFTY21NOV2320600PE.NFO,2023-11-10,09:52:00,2023-11-21,132.65,132.65,132.65,132.65,0,0,1
FINNIFTY21NOV2320600PE.NFO,2023-11-10,09:53:00,2023-11-21,132.65,132.65,132.65,132.65,0,0,1
FINNIFTY21NOV2320600PE.NFO,2023-11-10,09:54:00,2023-11-21,132.65,132.65,132.65,132.65,0,0,1
FINNIFTY21NOV2320600PE.NFO,2023-11-10,09:55:00,2023-11-21,132.65,132.65,132.65,132.65,0,0,1
FINNIFTY21NOV2320600PE.NFO,2023-11-10,09:56:00,2023-11-21,132.65,132.65,132.65,132.65,0,0,1
FINNIFTY21NOV2320600PE.NFO,2023-11-10,09:57:00,2023-11-21,132.65,132.65,132.65,132.65,0,0,1
FINNIFTY21NOV2320600PE.NFO,2023-11-10,09:58:00,2023-11-21,132.65,132.65,132.65,132.65,0,0,1
FINNIFTY21NOV2320600PE.NFO,2023-11-10,09:59:00,2023-11-21,132.65,132.65,132.65,132.65,0,0,1
FINNIFTY21NOV2320600PE.NFO,2023-11-10,10:00:00,2023-11-21,132.65,132.65,132.65,132.65,0,0,1
FINNIFTY21NOV2320600PE.NFO,2023-11-10,10:01:00,2023-11-21,132.65,132.65,132.65,132.65,0,0,1
FINNIFTY21NOV2320600PE.NFO,2023-11-10,10:02:00,2023-11-21,132.65,132.65,132.65,132.65,0,0,1
FINNIFTY21NOV2320600PE.NFO,2023-11-10,10:03:00,2023-11-21,132.65,132.65,132.65,132.65,0,0,1
FINNIFTY21NOV2320600PE.NFO,2023-11-10,10:04:00,2023-11-21,132.65,132.65,132.65,132.65,0,0,1
FINNIFTY21NOV2320600PE.NFO,2023-11-10,10:05:00,2023-11-21,132.65,132.65,132.65,132.65,0,0,1
FINNIFTY21NOV2320600PE.NFO,2023-11-10,10:06:00,2023-11-21,132.65,132.65,132.65,132.65,0,0,1
FINNIFTY21NOV2320600PE.NFO,2023-11-10,10:07:00,2023-11-21,132.65,132.65,132.65,132.65,0,0,1
FINNIFTY21NOV2320600PE.NFO,2023-11-10,10:08:00,2023-11-21,132.65,132.65,132.65,132.65,0,0,1
FINNIFTY21NOV2320600PE.NFO,2023-11-10,10:09:00,2023-11-21,132.65,132.65,132.65,132.65,0,0,1
FINNIFTY21NOV2320600PE.NFO,2023-11-10,10:10:00,2023-11-21,132.65,132.65,132.65,132.65,0,0,1
FINNIFTY21NOV2320600PE.NFO,2023-11-10,10:11:00,2023-11-21,132.65,132.65,132.65,132.65,0,0,1
FINNIFTY21NOV2320600PE.NFO,2023-11-10,10:12:00,2023-11-21,132.65,132.65,132.65,132.65,0,0,1
FINNIFTY21NOV2320600PE.NFO,2023-11-10,10:13:00,2023-11-21,132.65,132.65,132.65,132.65,0,0,1
FINNIFTY21NOV2320600PE.NFO,2023-11-10,10:14:00,2023-11-21,132.65,132.65,132.65,132.65,0,0,1
FINNIFTY21NOV2320600PE.NFO,2023-11-10,10:15:00,2023-11-21,132.65,132.65,132.65,132.65,0,0,1
FINNIFTY21NOV2320600PE.NFO,2023-11-10,10:16:00,2023-11-21,132.65,132.65,132.65,132.65,0,0,1
FINNIFTY21NOV2320600PE.NFO,2023-11-10,10:17:00,2023-11-21,132.65,132.65,132.65,132.65,0,0,1
FINNIFTY21NOV2320600PE.NFO,2023-11-10,10:18:00,2023-11-21,132.65,132.65,132.65,132.65,0,0,1
FINNIFTY21NOV2320600PE.NFO,2023-11-10,10:19:00,2023-11-21,132.65,132.65,132.65,132.65,0,0,1
FINNIFTY21NOV2320600PE.NFO,2023-11-10,10:20:00,2023-11-21,132.65,132.65,132.65,132.65,0,0,1
FINNIFTY21NOV2320600PE.NFO,2023-11-10,10:21:00,2023-11-21,132.65,132.65,132.65,132.65,0,0,1
FINNIFTY21NOV2320600PE.NFO,2023-11-10,10:22:00,2023-11-21,132.65,132.65,132.65,132.65,0,0,1
FINNIFTY21NOV2320600PE.NFO,2023-11-10,10:23:00,2023-11-21,132.65,132.65,132.65,132.65,0,0,1
FINNIFTY21NOV2320600PE.NFO,2023-11-10,10:24:00,2023-11-21,132.65,132.65,132.65,132.65,0,0,1
FINNIFTY21NOV2320600PE.NFO,2023-11-10,10:25:00,2023-11-21,132.65,132.65,132.65,132.65,0,0,1
FINNIFTY21NOV2320600PE.NFO,2023-11-10,10:26:00,2023-11-21,132.65,132.65,132.65,132.65,0,0,1
FINNIFTY21NOV2320600PE.NFO,2023-11-10,10:27:00,2023-11-21,132.65,132.65,132.65,132.65,0,0,1
FINNIFTY21NOV2320600PE.NFO,2023-11-10,10:28:00,2023-11-21,132.65,132.65,132.65,132.65,0,0,1
FINNIFTY21NOV2320600PE.NFO,2023-11-10,10:29:00,2023-11-21,132.65,132.65,132.65,132.65,0,0,1
FINNIFTY21NOV2320600PE.NFO,2023-11-10,10:30:00,2023-11-21,132.65,132.65,132.65,132.65,0,0,1
FINNIFTY21NOV2320600PE.NFO,2023-11-10,10:31:00,2023-11-21,132.65,132.65,132.65,132.65,0,0,1
FINNIFTY21NOV2320600PE.NFO,2023-11-10,10:32:00,2023-11-21,132.65,132.65,132.65,132.65,0,0,1
FINNIFTY21NOV2320600PE.NFO,2023-11-10,10:33:00,2023-11-21,132.65,132.65,132.65,132.65,0,0,1
FINNIFTY21NOV2320600PE.NFO,2023-11-10,10:34:00,2023-11-21,132.65,132.65,132.65,132.65,0,0,1
FINNIFTY21NOV2320600PE.NFO,2023-11-10,10:35:00,2023-11-21,132.65,132.65,132.65,132.65,0,0,1
FINNIFTY21NOV2320600PE.NFO,2023-11-10,10:36:00,2023-11-21,132.65,132.65,132.65,132.65,0,0,1
FINNIFTY21NOV2320600PE.NFO,2023-11-10,10:37:00,2023-11-21,132.65,132.65,132.65,132.65,0,0,1
FINNIFTY21NOV2320600PE.NFO,2023-11-10,10:38:00,2023-11-21,132.65,132.65,132.65,132.65,0,0,1
FINNIFTY21NOV2320600PE.NFO,2023-11-10,10:39:00,2023-11-21,132.65,132.65,132.65,132.65,0,0,1
FINNIFTY21NOV2320600PE.NFO,2023-11-10,10:40:00,2023-11-21,132.65,132.65,132.65,132.65,0,0,1
FINNIFTY21NOV2320600PE.NFO,2023-11-10,10:41:00,2023-11-21,132.65,132.65,132.65,132.65,0,0,1
FINNIFTY21NOV2320600PE.NFO,2023-11-10,10:42:00,2023-11-21,132.65,132.65,132.65,132.65,0,0,1
FINNIFTY21NOV2320600PE.NFO,2023-11-10,10:43:00,2023-11-21,132.65,132.65,132.65,132.65,0,0,1
FINNIFTY21NOV2320600PE.NFO,2023-11-10,10:44:00,2023-11-21,132.65,132.65,132.65,132.65,0,0,1
FINNIFTY21NOV2320600PE.NFO,2023-11-10,10:45:00,2023-11-21,132.65,132.65,132.65,132.65,0,0,1
FINNIFTY21NOV2320600PE.NFO,2023-11-10,10:46:00,2023-11-21,132.65,132.65,132.65,132.65,0,0,1
FINNIFTY21NOV2320600PE.NFO,2023-11-10,10:47:00,2023-11-21,132.65,132.65,132.65,132.65,0,0,1
FINNIFTY21NOV2320600PE.NFO,2023-11-10,10:48:00,2023-11-21,132.65,132.65,132.65,132.65,0,0,1
FINNIFTY21NOV2320600PE.NFO,2023-11-10,10:49:00,2023-11-21,132.65,132.65,132.65,132.65,0,0,1
FINNIFTY21NOV2320600PE.NFO,2023-11-10,10:50:00,2023-11-21,132.65,132.65,132.65,132.65,0,0,1
FINNIFTY21NOV2320600PE.NFO,2023-11-10,10:51:00,2023-11-21,132.65,132.65,132.65,132.65,0,0,1
FINNIFTY21NOV2320600PE.NFO,2023-11-10,10:52:00,2023-11-21,132.65,132.65,132.65,132.65,0,0,1
FINNIFTY21NOV2320600PE.NFO,2023-11-10,10:53:00,2023-11-21,132.65,132.65,132.65,132.65,0,0,1
FINNIFTY21NOV2320600PE.NFO,2023-11-10,10:54:00,2023-11-21,132.65,132.65,132.65,132.65,0,0,1
FINNIFTY21NOV2320600PE.NFO,2023-11-10,10:55:00,2023-11-21,132.65,132.65,132.65,132.65,0,0,1
FINNIFTY21NOV2320600PE.NFO,2023-11-10,10:56:00,2023-11-21,132.65,132.65,132.65,132.65,0,0,1
FINNIFTY21NOV2320600PE.NFO,2023-11-10,10:57:00,2023-11-21,132.65,132.65,132.65,132.65,0,0,1
FINNIFTY21NOV2320600PE.NFO,2023-11-10,10:58:00,2023-11-21,132.65,132.65,132.65,132.65,0,0,1
FINNIFTY21NOV2320600PE.NFO,2023-11-10,10:59:00,2023-11-21,132.65,132.65,132.65,132.65,0,0,1
FINNIFTY21NOV2320600PE.NFO,2023-11-10,11:00:00,2023-11-21,132.65,132.65,132.65,132.65,0,0,1
FINNIFTY21NOV2320600PE.NFO,2023-11-10,11:01:00,2023-11-21,132.65,132.65,132.65,132.65,0,0,1
FINNIFTY21NOV2320600PE.NFO,2023-11-10,11:02:00,2023-11-21,132.65,132.65,132.65,132.65,0,0,1
FINNIFTY21NOV2320600PE.NFO,2023-11-10,11:03:00,2023-11-21,132.65,132.65,132.65,132.65,0,0,1
FINNIFTY21NOV2320600PE.NFO,2023-11-10,11:04:00,2023-11-21,132.65,132.65,132.65,132.65,0,0,1
FINNIFTY21NOV2320600PE.NFO,2023-11-10,11:05:00,2023-11-21,132.65,132.65,132.65,132.65,0,0,1
FINNIFTY21NOV2320600PE.NFO,2023-11-10,11:06:00,2023-11-21,132.65,132.65,132.65,132.65,0,0,1
FINNIFTY21NOV2320600PE.NFO,2023-11-10,11:07:00,2023-11-21,132.65,132.65,132.65,132.65,0,0,1
FINNIFTY21NOV2320600PE.NFO,2023-11-10,11:08:00,2023-11-21,132.65,132.65,132.65,132.65,0,0,1
FINNIFTY21NOV2320600PE.NFO,2023-11-10,11:09:00,2023-11-21,132.65,132.65,132.65,132.65,0,0,1
FINNIFTY21NOV2320600PE.NFO,2023-11-10,11:10:00,2023-11-21,132.65,132.65,132.65,132.65,0,0,1
FINNIFTY21NOV2320600PE.NFO,2023-11-10,11:11:00,2023-11-21,132.65,132.65,132.65,132.65,0,0,1
FINNIFTY21NOV2320600PE.NFO,2023-11-10,11:12:00,2023-11-21,132.65,132.65,132.65,132.65,0,0,1
FINNIFTY21NOV2320600PE.NFO,2023-11-10,11:13:00,2023-11-21,132.65,132.65,132.65,132.65,0,0,1
FINNIFTY21NOV2320600PE.NFO,2023-11-10,11:14:00,2023-11-21,132.65,132.65,132.65,132.65,0,0,1
FINNIFTY21NOV2320600PE.NFO,2023-11-10,11:15:00,2023-11-21,132.65,132.65,132.65,132.65,0,0,1
FINNIFTY21NOV2320600PE.NFO,2023-11-10,11:16:00,2023-11-21,132.65,132.65,132.65,132.65,0,0,1
FINNIFTY21NOV2320600PE.NFO,2023-11-10,11:17:00,2023-11-21,132.65,132.65,132.65,132.65,0,0,1
FINNIFTY21NOV2320600PE.NFO,2023-11-10,11:18:00,2023-11-21,132.65,132.65,132.65,132.65,0,0,1
FINNIFTY21NOV2320600PE.NFO,2023-11-10,11:19:00,2023-11-21,132.65,132.65,132.65,132.65,0,0,1
FINNIFTY21NOV2320600PE.NFO,2023-11-10,11:20:00,2023-11-21,132.65,132.65,132.65,132.65,0,0,1
FINNIFTY21NOV2320600PE.NFO,2023-11-10,11:21:00,2023-11-21,132.65,132.65,132.65,132.65,0,0,1
FINNIFTY21NOV2320600PE.NFO,2023-11-10,11:22:00,2023-11-21,132.65,132.65,132.65,132.65,0,0,1
FINNIFTY21NOV2320600PE.NFO,2023-11-10,11:23:00,2023-11-21,132.65,132.65,132.65,132.65,0,0,1
FINNIFTY21NOV2320600PE.NFO,2023-11-10,11:24:00,2023-11-21,132.65,132.65,132.65,132.65,0,0,1
FINNIFTY21NOV2320600PE.NFO,2023-11-10,11:25:00,2023-11-21,132.65,132.65,132.65,132.65,0,0,1
FINNIFTY21NOV2320600PE.NFO,2023-11-10,11:26:00,2023-11-21,132.65,132.65,132.65,132.65,0,0,1
FINNIFTY21NOV2320600PE.NFO,2023-11-10,11:27:00,2023-11-21,132.65,132.65,132.65,132.65,0,0,1
FINNIFTY21NOV2320600PE.NFO,2023-11-10,11:28:00,2023-11-21,132.65,132.65,132.65,132.65,0,0,1
FINNIFTY21NOV2320600PE.NFO,2023-11-10,11:29:00,2023-11-21,132.65,132.65,132.65,132.65,0,0,1
FINNIFTY21NOV2320600PE.NFO,2023-11-10,11:30:00,2023-11-21,132.65,132.65,132.65,132.65,0,0,1
FINNIFTY21NOV2320600PE.NFO,2023-11-10,11:31:00,2023-11-21,132.65,132.65,132.65,132.65,0,0,1
FINNIFTY21NOV2320600PE.NFO,2023-11-10,11:32:00,2023-11-21,132.65,132.65,132.65,132.65,0,0,1
FINNIFTY21NOV2320600PE.NFO,2023-11-10,11:33:00,2023-11-21,132.65,132.65,132.65,132.65,0,0,1
FINNIFTY21NOV2320600PE.NFO,2023-11-10,11:34:00,2023-11-21,132.65,132.65,132.65,132.65,0,0,1
FINNIFTY21NOV2320600PE.NFO,2023-11-10,11:35:00,2023-11-21,132.65,132.65,132.65,132.65,0,0,1
FINNIFTY21NOV2320600PE.NFO,2023-11-10,11:36:00,2023-11-21,132.65,132.65,132.65,132.65,0,0,1
FINNIFTY21NOV2320600PE.NFO,2023-11-10,11:37:00,2023-11-21,132.65,132.65,132.65,132.65,0,0,1
FINNIFTY21NOV2320600PE.NFO,2023-11-10,11:38:00,2023-11-21,132.65,132.65,132.65,132.65,0,0,1
FINNIFTY21NOV2320600PE.NFO,2023-11-10,11:39:00,2023-11-21,132.65,132.65,132.65,132.65,0,0,1
FINNIFTY21NOV2320600PE.NFO,2023-11-10,11:40:00,2023-11-21,132.65,132.65,132.65,132.65,0,0,1
FINNIFTY21NOV2320600PE.NFO,2023-11-10,11:41:00,2023-11-21,132.65,132.65,132.65,132.65,0,0,1
FINNIFTY21NOV2320600PE.NFO,2023-11-10,11:42:00,2023-11-21,132.65,132.65,132.65,132.65,0,0,1
FINNIFTY21NOV2320600PE.NFO,2023-11-10,11:43:00,2023-11-21,132.65,132.65,132.65,132.65,0,0,1
FINNIFTY21NOV2320600PE.NFO,2023-11-10,11:44:00,2023-11-21,132.65,132.65,132.65,132.65,0,0,1
FINNIFTY21NOV2320600PE.NFO,2023-11-10,11:45:00,2023-11-21,132.65,132.65,132.65,132.65,0,0,1
FINNIFTY21NOV2320600PE.NFO,2023-11-10,11:46:00,2023-11-21,132.65,132.65,132.65,132.65,0,0,1
FINNIFTY21NOV2320600PE.NFO,2023-11-10,11:47:00,2023-11-21,132.65,132.65,132.65,132.65,0,0,1
FINNIFTY21NOV2320600PE.NFO,2023-11-10,11:48:00,2023-11-21,132.65,132.65,132.65,132.65,0,0,1
FINNIFTY21NOV2320600PE.NFO,2023-11-10,11:49:00,2023-11-21,132.65,132.65,132.65,132.65,0,0,1
FINNIFTY21NOV2320600PE.NFO,2023-11-10,11:50:00,2023-11-21,132.65,132.65,132.65,132.65,0,0,1
FINNIFTY21NOV2320600PE.NFO,2023-11-10,11:51:00,2023-11-21,132.65,132.65,132.65,132.65,0,0,1
FINNIFTY21NOV2320600PE.NFO,2023-11-10,11:52:00,2023-11-21,132.65,132.65,132.65,132.65,0,0,1
FINNIFTY21NOV2320600PE.NFO,2023-11-10,11:53:00,2023-11-21,132.65,132.65,132.65,132.65,0,0,1
FINNIFTY21NOV2320600PE.NFO,2023-11-10,11:54:00,2023-11-21,132.65,132.65,132.65,132.65,0,0,1
FINNIFTY21NOV2320600PE.NFO,2023-11-10,11:55:00,2023-11-21,132.65,132.65,132.65,132.65,0,0,1
FINNIFTY21NOV2320600PE.NFO,2023-11-10,11:56:00,2023-11-21,132.65,132.65,132.65,132.65,0,0,1
FINNIFTY21NOV2320600PE.NFO,2023-11-10,11:57:00,2023-11-21,132.65,132.65,132.65,132.65,0,0,1
FINNIFTY21NOV2320600PE.NFO,2023-11-10,11:58:00,2023-11-21,132.65,132.65,132.65,132.65,0,0,1
FINNIFTY21NOV2320600PE.NFO,2023-11-10,11:59:00,2023-11-21,132.65,132.65,132.65,132.65,0,0,1
FINNIFTY21NOV2320600PE.NFO,2023-11-10,12:00:00,2023-11-21,132.65,132.65,132.65,132.65,0,0,1
FINNIFTY21NOV2320600PE.NFO,2023-11-10,12:01:00,2023-11-21,132.65,132.65,132.65,132.65,0,0,1
FINNIFTY21NOV2320600PE.NFO,2023-11-10,12:02:00,2023-11-21,132.65,132.65,132.65,132.65,0,0,1
FINNIFTY21NOV2320600PE.NFO,2023-11-10,12:03:00,2023-11-21,132.65,132.65,132.65,132.65,0,0,1
FINNIFTY21NOV2320600PE.NFO,2023-11-10,12:04:00,2023-11-21,132.65,132.65,132.65,132.65,0,0,1
FINNIFTY21NOV2320600PE.NFO,2023-11-10,12:05:00,2023-11-21,132.65,132.65,132.65,132.65,0,0,1
FINNIFTY21NOV2320600PE.NFO,2023-11-10,12:06:00,2023-11-21,132.65,132.65,132.65,132.65,0,0,1
FINNIFTY21NOV2320600PE.NFO,2023-11-10,12:07:00,2023-11-21,132.65,132.65,132.65,132.65,0,0,1
FINNIFTY21NOV2320600PE.NFO,2023-11-10,12:08:00,2023-11-21,132.65,132.65,132.65,132.65,0,0,1
FINNIFTY21NOV2320600PE.NFO,2023-11-10,12:09:00,2023-11-21,132.65,132.65,132.65,132.65,0,0,1
FINNIFTY21NOV2320600PE.NFO,2023-11-10,12:10:00,2023-11-21,132.65,132.65,132.65,132.65,0,0,1
FINNIFTY21NOV2320600PE.NFO,2023-11-10,12:11:00,2023-11-21,132.65,132.65,132.65,132.65,0,0,1
FINNIFTY21NOV2320600PE.NFO,2023-11-10,12:12:00,2023-11-21,132.65,132.65,132.65,132.65,0,0,1
FINNIFTY21NOV2320600PE.NFO,2023-11-10,12:13:00,2023-11-21,132.65,132.65,132.65,132.65,0,0,1
FINNIFTY21NOV2320600PE.NFO,2023-11-10,12:14:00,2023-11-21,132.65,132.65,132.65,132.65,0,0,1
FINNIFTY21NOV2320600PE.NFO,2023-11-10,12:15:00,2023-11-21,132.65,132.65,132.65,132.65,0,0,1
FINNIFTY21NOV2320600PE.NFO,2023-11-10,12:16:00,2023-11-21,132.65,132.65,132.65,132.65,0,0,1
FINNIFTY21NOV2320600PE.NFO,2023-11-10,12:17:00,2023-11-21,132.65,132.65,132.65,132.65,0,0,1
FINNIFTY21NOV2320600PE.NFO,2023-11-10,12:18:00,2023-11-21,132.65,132.65,132.65,132.65,0,0,1
FINNIFTY21NOV2320600PE.NFO,2023-11-10,12:19:00,2023-11-21,132.65,132.65,132.65,132.65,0,0,1
FINNIFTY21NOV2320600PE.NFO,2023-11-10,12:20:00,2023-11-21,132.65,132.65,132.65,132.65,0,0,1
FINNIFTY21NOV2320600PE.NFO,2023-11-10,12:21:00,2023-11-21,132.65,132.65,132.65,132.65,0,0,1
FINNIFTY21NOV2320600PE.NFO,2023-11-10,12:22:00,2023-11-21,132.65,132.65,132.65,132.65,0,0,1
FINNIFTY21NOV2320600PE.NFO,2023-11-10,12:23:00,2023-11-21,132.65,132.65,132.65,132.65,0,0,1
FINNIFTY21NOV2320600PE.NFO,2023-11-10,12:24:00,2023-11-21,132.65,132.65,132.65,132.65,0,0,1
FINNIFTY21NOV2320600PE.NFO,2023-11-10,12:25:00,2023-11-21,132.65,132.65,132.65,132.65,0,0,1
FINNIFTY21NOV2320600PE.NFO,2023-11-10,12:26:00,2023-11-21,132.65,132.65,132.65,132.65,0,0,1
FINNIFTY21NOV2320600PE.NFO,2023-11-10,12:27:00,2023-11-21,132.65,132.65,132.65,132.65,0,0,1
FINNIFTY21NOV2320600PE.NFO,2023-11-10,12:28:00,2023-11-21,132.65,132.65,132.65,132.65,0,0,1
FINNIFTY21NOV2320600PE.NFO,2023-11-10,12:29:00,2023-11-21,132.65,132.65,132.65,132.65,0,0,1
FINNIFTY21NOV2320600PE.NFO,2023-11-10,12:30:00,2023-11-21,132.65,132.65,132.65,132.65,0,0,1
FINNIFTY21NOV2320600PE.NFO,2023-11-10,12:31:00,2023-11-21,132.65,132.65,132.65,132.65,0,0,1
FINNIFTY21NOV2320600PE.NFO,2023-11-10,12:32:00,2023-11-21,132.65,132.65,132.65,132.65,0,0,1
FINNIFTY21NOV2320600PE.NFO,2023-11-10,12:33:00,2023-11-21,132.65,132.65,132.65,132.65,0,0,1
FINNIFTY21NOV2320600PE.NFO,2023-11-10,12:34:00,2023-11-21,132.65,132.65,132.65,132.65,0,0,1
FINNIFTY21NOV2320600PE.NFO,2023-11-10,12:35:00,2023-11-21,132.65,132.65,132.65,132.65,0,0,1
FINNIFTY21NOV2320600PE.NFO,2023-11-10,12:36:00,2023-11-21,132.65,132.65,132.65,132.65,0,0,1
FINNIFTY21NOV2320600PE.NFO,2023-11-10,12:37:00,2023-11-21,132.65,132.65,132.65,132.65,0,0,1
FINNIFTY21NOV2320600PE.NFO,2023-11-10,12:38:00,2023-11-21,132.65,132.65,132.65,132.65,0,0,1
FINNIFTY21NOV2320600PE.NFO,2023-11-10,12:39:00,2023-11-21,132.65,132.65,132.65,132.65,0,0,1
FINNIFTY21NOV2320600PE.NFO,2023-11-10,12:40:00,2023-11-21,132.65,132.65,132.65,132.65,0,0,1
FINNIFTY21NOV2320600PE.NFO,2023-11-10,12:41:00,2023-11-21,132.65,132.65,132.65,132.65,0,0,1
FINNIFTY21NOV2320600PE.NFO,2023-11-10,12:42:00,2023-11-21,132.65,132.65,132.65,132.65,0,0,1
FINNIFTY21NOV2320600PE.NFO,2023-11-10,12:43:00,2023-11-21,132.65,132.65,132.65,132.65,0,0,1
FINNIFTY21NOV2320600PE.NFO,2023-11-10,12:44:00,2023-11-21,132.65,132.65,132.65,132.65,0,0,1
FINNIFTY21NOV2320600PE.NFO,2023-11-10,12:45:00,2023-11-21,132.65,132.65,132.65,132.65,0,0,1
FINNIFTY21NOV2320600PE.NFO,2023-11-10,12:46:00,2023-11-21,132.65,132.65,132.65,132.65,0,0,1
FINNIFTY21NOV2320600PE.NFO,2023-11-10,12:47:00,2023-11-21,132.65,132.65,132.65,132.65,0,0,1
FINNIFTY21NOV2320600PE.NFO,2023-11-10,12:48:00,2023-11-21,132.65,132.65,132.65,132.65,0,0,1
FINNIFTY21NOV2320600PE.NFO,2023-11-10,12:49:00,2023-11-21,132.65,132.65,132.65,132.65,0,0,1
FINNIFTY21NOV2320600PE.NFO,2023-11-10,12:50:00,2023-11-21,132.65,132.65,132.65,132.65,0,0,1
FINNIFTY21NOV2320600PE.NFO,2023-11-10,12:51:00,2023-11-21,132.65,132.65,132.65,132.65,0,0,1
FINNIFTY21NOV2320600PE.NFO,2023-11-10,12:52:00,2023-11-21,132.65,132.65,132.65,132.65,0,0,1
FINNIFTY21NOV2320600PE.NFO,2023-11-10,12:53:00,2023-11-21,132.65,132.65,132.65,132.65,0,0,1
FINNIFTY21NOV2320600PE.NFO,2023-11-10,12:54:00,2023-11-21,132.65,132.65,132.65,132.65,0,0,1
FINNIFTY21NOV2320600PE.NFO,2023-11-10,12:55:00,2023-11-21,132.65,132.65,132.65,132.65,0,0,1
FINNIFTY21NOV2320600PE.NFO,2023-11-10,12:56:00,2023-11-21,132.65,132.65,132.65,132.65,0,0,1
FINNIFTY21NOV2320600PE.NFO,2023-11-10,12:57:00,2023-11-21,132.65,132.65,132.65,132.65,0,0,1
FINNIFTY21NOV2320600PE.NFO,2023-11-10,12:58:00,2023-11-21,132.65,132.65,132.65,132.65,0,0,1
FINNIFTY21NOV2320600PE.NFO,2023-11-10,12:59:00,2023-11-21,132.65,132.65,132.65,132.65,0,0,1
FINNIFTY21NOV2320600PE.NFO,2023-11-10,13:00:00,2023-11-21,132.65,132.65,132.65,132.65,0,0,1
FINNIFTY21NOV2320600PE.NFO,2023-11-10,13:01:00,2023-11-21,132.65,132.65,132.65,132.65,0,0,1
FINNIFTY21NOV2320600PE.NFO,2023-11-10,13:02:00,2023-11-21,132.65,132.65,132.65,132.65,0,0,1
FINNIFTY21NOV2320600PE.NFO,2023-11-10,13:03:00,2023-11-21,132.65,132.65,132.65,132.65,0,0,1
FINNIFTY21NOV2320600PE.NFO,2023-11-10,13:04:00,2023-11-21,132.65,132.65,132.65,132.65,0,0,1
FINNIFTY21NOV2320600PE.NFO,2023-11-10,13:05:00,2023-11-21,132.65,132.65,132.65,132.65,0,0,1
FINNIFTY21NOV2320600PE.NFO,2023-11-10,13:06:00,2023-11-21,132.65,132.65,132.65,132.65,0,0,1
FINNIFTY21NOV2320600PE.NFO,2023-11-10,13:07:00,2023-11-21,132.65,132.65,132.65,132.65,0,0,1
FINNIFTY21NOV2320600PE.NFO,2023-11-10,13:08:00,2023-11-21,132.65,132.65,132.65,132.65,0,0,1
FINNIFTY21NOV2320600PE.NFO,2023-11-10,13:09:00,2023-11-21,132.65,132.65,132.65,132.65,0,0,1
FINNIFTY21NOV2320600PE.NFO,2023-11-10,13:10:00,2023-11-21,132.65,132.65,132.65,132.65,0,0,1
FINNIFTY21NOV2320600PE.NFO,2023-11-10,13:11:00,2023-11-21,132.65,132.65,132.65,132.65,0,0,1
FINNIFTY21NOV2320600PE.NFO,2023-11-10,13:12:00,2023-11-21,132.65,132.65,132.65,132.65,0,0,1
FINNIFTY21NOV2320600PE.NFO,2023-11-10,13:13:00,2023-11-21,132.65,132.65,132.65,132.65,0,0,1
FINNIFTY21NOV2320600PE.NFO,2023-11-10,13:14:00,2023-11-21,132.65,132.65,132.65,132.65,0,0,1
FINNIFTY21NOV2320600PE.NFO,2023-11-10,13:15:00,2023-11-21,132.65,132.65,132.65,132.65,0,0,1
FINNIFTY21NOV2320600PE.NFO,2023-11-10,13:16:00,2023-11-21,132.65,132.65,132.65,132.65,0,0,1
FINNIFTY21NOV2320600PE.NFO,2023-11-10,13:17:00,2023-11-21,132.65,132.65,132.65,132.65,0,0,1
FINNIFTY21NOV2320600PE.NFO,2023-11-10,13:18:00,2023-11-21,132.65,132.65,132.65,132.65,0,0,1
FINNIFTY21NOV2320600PE.NFO,2023-11-10,13:19:00,2023-11-21,132.65,132.65,132.65,132.65,0,0,1
FINNIFTY21NOV2320600PE.NFO,2023-11-10,13:20:00,2023-11-21,132.65,132.65,132.65,132.65,0,0,1
FINNIFTY21NOV2320600PE.NFO,2023-11-10,13:21:00,2023-11-21,132.65,132.65,132.65,132.65,0,0,1
FINNIFTY21NOV2320600PE.NFO,2023-11-10,13:22:00,2023-11-21,132.65,132.65,132.65,132.65,0,0,1
FINNIFTY21NOV2320600PE.NFO,2023-11-10,13:23:00,2023-11-21,132.65,132.65,132.65,132.65,0,0,1
FINNIFTY21NOV2320600PE.NFO,2023-11-10,13:24:00,2023-11-21,132.65,132.65,132.65,132.65,0,0,1
FINNIFTY21NOV2320600PE.NFO,2023-11-10,13:25:00,2023-11-21,132.65,132.65,132.65,132.65,0,0,1
FINNIFTY21NOV2320600PE.NFO,2023-11-10,13:26:00,2023-11-21,132.65,132.65,132.65,132.65,0,0,1
FINNIFTY21NOV2320600PE.NFO,2023-11-10,13:27:00,2023-11-21,132.65,132.65,132.65,132.65,0,0,1
FINNIFTY21NOV2320600PE.NFO,2023-11-10,13:28:00,2023-11-21,132.65,132.65,132.65,132.65,0,0,1
FINNIFTY21NOV2320600PE.NFO,2023-11-10,13:29:00,2023-11-21,132.65,132.65,132.65,132.65,0,0,1
FINNIFTY21NOV2320600PE.NFO,2023-11-10,13:30:00,2023-11-21,132.65,132.65,132.65,132.65,0,0,1
FINNIFTY21NOV2320600PE.NFO,2023-11-10,13:31:00,2023-11-21,132.65,132.65,132.65,132.65,0,0,1
FINNIFTY21NOV2320600PE.NFO,2023-11-10,13:32:00,2023-11-21,132.65,132.65,132.65,132.65,0,0,1
FINNIFTY21NOV2320600PE.NFO,2023-11-10,13:33:00,2023-11-21,132.65,132.65,132.65,132.65,0,0,1
FINNIFTY21NOV2320600PE.NFO,2023-11-10,13:34:00,2023-11-21,132.65,132.65,132.65,132.65,0,0,1
FINNIFTY21NOV2320600PE.NFO,2023-11-10,13:35:00,2023-11-21,132.65,132.65,132.65,132.65,0,0,1
FINNIFTY21NOV2320600PE.NFO,2023-11-10,13:36:00,2023-11-21,132.65,132.65,132.65,132.65,0,0,1
FINNIFTY21NOV2320600PE.NFO,2023-11-10,13:37:00,2023-11-21,132.65,132.65,132.65,132.65,0,0,1
FINNIFTY21NOV2320600PE.NFO,2023-11-10,13:38:00,2023-11-21,132.65,132.65,132.65,132.65,0,0,1
FINNIFTY21NOV2320600PE.NFO,2023-11-10,13:39:00,2023-11-21,132.65,132.65,132.65,132.65,0,0,1
FINNIFTY21NOV2320600PE.NFO,2023-11-10,13:40:00,2023-11-21,132.65,132.65,132.65,132.65,0,0,1
FINNIFTY21NOV2320600PE.NFO,2023-11-10,13:41:00,2023-11-21,132.65,132.65,132.65,132.65,0,0,1
FINNIFTY21NOV2320600PE.NFO,2023-11-10,13:42:00,2023-11-21,132.65,132.65,132.65,132.65,0,0,1
FINNIFTY21NOV2320600PE.NFO,2023-11-10,13:43:00,2023-11-21,132.65,132.65,132.65,132.65,0,0,1
FINNIFTY21NOV2320600PE.NFO,2023-11-10,13:44:00,2023-11-21,132.65,132.65,132.65,132.65,0,0,1
FINNIFTY21NOV2320600PE.NFO,2023-11-10,13:45:00,2023-11-21,132.65,132.65,132.65,132.65,0,0,1
FINNIFTY21NOV2320600PE.NFO,2023-11-10,13:46:00,2023-11-21,132.65,132.65,132.65,132.65,0,0,1
FINNIFTY21NOV2320600PE.NFO,2023-11-10,13:47:00,2023-11-21,132.65,132.65,132.65,132.65,0,0,1
FINNIFTY21NOV2320600PE.NFO,2023-11-10,13:48:00,2023-11-21,132.65,132.65,132.65,132.65,0,0,1
FINNIFTY21NOV2320600PE.NFO,2023-11-10,13:49:00,2023-11-21,132.65,132.65,132.65,132.65,0,0,1
FINNIFTY21NOV2320600PE.NFO,2023-11-10,13:50:00,2023-11-21,132.65,132.65,132.65,132.65,0,0,1
FINNIFTY21NOV2320600PE.NFO,2023-11-10,13:51:00,2023-11-21,132.65,132.65,132.65,132.65,0,0,1
FINNIFTY21NOV2320600PE.NFO,2023-11-10,13:52:00,2023-11-21,132.65,132.65,132.65,132.65,0,0,1
FINNIFTY21NOV2320600PE.NFO,2023-11-10,13:53:00,2023-11-21,132.65,132.65,132.65,132.65,0,0,1
FINNIFTY21NOV2320600PE.NFO,2023-11-10,13:54:00,2023-11-21,132.65,132.65,132.65,132.65,0,0,1
FINNIFTY21NOV2320600PE.NFO,2023-11-10,13:55:00,2023-11-21,132.65,132.65,132.65,132.65,0,0,1
FINNIFTY21NOV2320600PE.NFO,2023-11-10,13:56:00,2023-11-21,132.65,132.65,132.65,132.65,0,0,1
FINNIFTY21NOV2320600PE.NFO,2023-11-10,13:57:00,2023-11-21,132.65,132.65,132.65,132.65,0,0,1
FINNIFTY21NOV2320600PE.NFO,2023-11-10,13:58:00,2023-11-21,132.65,132.65,132.65,132.65,0,0,1
FINNIFTY21NOV2320600PE.NFO,2023-11-10,13:59:00,2023-11-21,132.65,132.65,132.65,132.65,0,0,1
FINNIFTY21NOV2320600PE.NFO,2023-11-10,14:00:00,2023-11-21,132.65,132.65,132.65,132.65,0,0,1
FINNIFTY21NOV2320600PE.NFO,2023-11-10,14:01:00,2023-11-21,132.65,132.65,132.65,132.65,0,0,1
FINNIFTY21NOV2320600PE.NFO,2023-11-10,14:02:00,2023-11-21,132.65,132.65,132.65,132.65,0,0,1
FINNIFTY21NOV2320600PE.NFO,2023-11-10,14:03:00,2023-11-21,132.65,132.65,132.65,132.65,0,0,1
FINNIFTY21NOV2320600PE.NFO,2023-11-10,14:04:00,2023-11-21,132.65,132.65,132.65,132.65,0,0,1
FINNIFTY21NOV2320600PE.NFO,2023-11-10,14:05:00,2023-11-21,132.65,132.65,132.65,132.65,0,0,1
FINNIFTY21NOV2320600PE.NFO,2023-11-10,14:06:00,2023-11-21,132.65,132.65,132.65,132.65,0,0,1
FINNIFTY21NOV2320600PE.NFO,2023-11-10,14:07:00,2023-11-21,132.65,132.65,132.65,132.65,0,0,1
FINNIFTY21NOV2320600PE.NFO,2023-11-10,14:08:00,2023-11-21,132.65,132.65,132.65,132.65,0,0,1
FINNIFTY21NOV2320600PE.NFO,2023-11-10,14:09:00,2023-11-21,132.65,132.65,132.65,132.65,0,0,1
FINNIFTY21NOV2320600PE.NFO,2023-11-10,14:10:00,2023-11-21,132.65,132.65,132.65,132.65,0,0,1
FINNIFTY21NOV2320600PE.NFO,2023-11-10,14:11:00,2023-11-21,132.65,132.65,132.65,132.65,0,0,1
FINNIFTY21NOV2320600PE.NFO,2023-11-10,14:12:00,2023-11-21,132.65,132.65,132.65,132.65,0,0,1
FINNIFTY21NOV2320600PE.NFO,2023-11-10,14:13:00,2023-11-21,132.65,132.65,132.65,132.65,0,0,1
FINNIFTY21NOV2320600PE.NFO,2023-11-10,14:14:00,2023-11-21,132.65,132.65,132.65,132.65,0,0,1
FINNIFTY21NOV2320600PE.NFO,2023-11-10,14:15:00,2023-11-21,132.65,132.65,132.65,132.65,0,0,1
FINNIFTY21NOV2320600PE.NFO,2023-11-10,14:16:00,2023-11-21,132.65,132.65,132.65,132.65,0,0,1
FINNIFTY21NOV2320600PE.NFO,2023-11-10,14:17:00,2023-11-21,132.65,132.65,132.65,132.65,0,0,1
FINNIFTY21NOV2320600PE.NFO,2023-11-10,14:18:00,2023-11-21,132.65,132.65,132.65,132.65,0,0,1
FINNIFTY21NOV2320600PE.NFO,2023-11-10,14:19:00,2023-11-21,132.65,132.65,132.65,132.65,0,0,1
FINNIFTY21NOV2320600PE.NFO,2023-11-10,14:20:00,2023-11-21,132.65,132.65,132.65,132.65,0,0,1
FINNIFTY21NOV2320600PE.NFO,2023-11-10,14:21:00,2023-11-21,132.65,132.65,132.65,132.65,0,0,1
FINNIFTY21NOV2320600PE.NFO,2023-11-10,14:22:00,2023-11-21,132.65,132.65,132.65,132.65,0,0,1
FINNIFTY21NOV2320600PE.NFO,2023-11-10,14:23:00,2023-11-21,132.65,132.65,132.65,132.65,0,0,1
FINNIFTY21NOV2320600PE.NFO,2023-11-10,14:24:00,2023-11-21,132.65,132.65,132.65,132.65,0,0,1
FINNIFTY21NOV2320600PE.NFO,2023-11-10,14:25:00,2023-11-21,132.65,132.65,132.65,132.65,0,0,1
FINNIFTY21NOV2320600PE.NFO,2023-11-10,14:26:00,2023-11-21,132.65,132.65,132.65,132.65,0,0,1
FINNIFTY21NOV2320600PE.NFO,2023-11-10,14:27:00,2023-11-21,132.65,132.65,132.65,132.65,0,0,1
FINNIFTY21NOV2320600PE.NFO,2023-11-10,14:28:00,2023-11-21,132.65,132.65,132.65,132.65,0,0,1
FINNIFTY21NOV2320600PE.NFO,2023-11-10,14:29:00,2023-11-21,132.65,132.65,132.65,132.65,0,0,1
FINNIFTY21NOV2320600PE.NFO,2023-11-10,14:30:00,2023-11-21,132.65,132.65,132.65,132.65,0,0,1
FINNIFTY21NOV2320600PE.NFO,2023-11-10,14:31:00,2023-11-21,132.65,132.65,132.65,132.65,0,0,1
FINNIFTY21NOV2320600PE.NFO,2023-11-10,14:32:00,2023-11-21,132.65,132.65,132.65,132.65,0,0,1
FINNIFTY21NOV2320600PE.NFO,2023-11-10,14:33:00,2023-11-21,132.65,132.65,132.65,132.65,0,0,1
FINNIFTY21NOV2320600PE.NFO,2023-11-10,14:34:00,2023-11-21,132.65,132.65,132.65,132.65,0,0,1
FINNIFTY21NOV2320600PE.NFO,2023-11-10,14:35:00,2023-11-21,132.65,132.65,132.65,132.65,0,0,1
FINNIFTY21NOV2320600PE.NFO,2023-11-10,14:36:00,2023-11-21,132.65,132.65,132.65,132.65,0,0,1
FINNIFTY21NOV2320600PE.NFO,2023-11-10,14:37:00,2023-11-21,132.65,132.65,132.65,132.65,0,0,1
FINNIFTY21NOV2320600PE.NFO,2023-11-10,14:38:00,2023-11-21,132.65,132.65,132.65,132.65,0,0,1
FINNIFTY21NOV2320600PE.NFO,2023-11-10,14:39:00,2023-11-21,132.65,132.65,132.65,132.65,0,0,1
FINNIFTY21NOV2320600PE.NFO,2023-11-10,14:40:00,2023-11-21,132.65,132.65,132.65,132.65,0,0,1
FINNIFTY21NOV2320600PE.NFO,2023-11-10,14:41:00,2023-11-21,132.65,132.65,132.65,132.65,0,0,1
FINNIFTY21NOV2320600PE.NFO,2023-11-10,14:42:00,2023-11-21,132.65,132.65,132.65,132.65,0,0,1
FINNIFTY21NOV2320600PE.NFO,2023-11-10,14:43:00,2023-11-21,132.65,132.65,132.65,132.65,0,0,1
FINNIFTY21NOV2320600PE.NFO,2023-11-10,14:44:00,2023-11-21,132.65,132.65,132.65,132.65,0,0,1
FINNIFTY21NOV2320600PE.NFO,2023-11-10,14:45:00,2023-11-21,132.65,132.65,132.65,132.65,0,0,1
FINNIFTY21NOV2320600PE.NFO,2023-11-10,14:46:00,2023-11-21,132.65,132.65,132.65,132.65,0,0,1
FINNIFTY21NOV2320600PE.NFO,2023-11-10,14:47:00,2023-11-21,132.65,132.65,132.65,132.65,0,0,1
FINNIFTY21NOV2320600PE.NFO,2023-11-10,14:48:00,2023-11-21,132.65,132.65,132.65,132.65,0,0,1
FINNIFTY21NOV2320600PE.NFO,2023-11-10,14:49:00,2023-11-21,132.65,132.65,132.65,132.65,0,0,1
FINNIFTY21NOV2320600PE.NFO,2023-11-10,14:50:00,2023-11-21,132.65,132.65,132.65,132.65,0,0,1
FINNIFTY21NOV2320600PE.NFO,2023-11-10,14:51:00,2023-11-21,132.65,132.65,132.65,132.65,0,0,1
FINNIFTY21NOV2320600PE.NFO,2023-11-10,14:52:00,2023-11-21,132.65,132.65,132.65,132.65,0,0,1
FINNIFTY21NOV2320600PE.NFO,2023-11-10,14:53:00,2023-11-21,132.65,132.65,132.65,132.65,0,0,1
FINNIFTY21NOV2320600PE.NFO,2023-11-10,14:54:00,2023-11-21,132.65,132.65,132.65,132.65,0,0,1
FINNIFTY21NOV2320600PE.NFO,2023-11-10,14:55:00,2023-11-21,132.65,132.65,132.65,132.65,0,0,1
FINNIFTY21NOV2320600PE.NFO,2023-11-10,14:56:00,2023-11-21,132.65,132.65,132.65,132.65,0,0,1
FINNIFTY21NOV2320600PE.NFO,2023-11-10,14:57:00,2023-11-21,132.65,132.65,132.65,132.65,0,0,1
FINNIFTY21NOV2320600PE.NFO,2023-11-10,14:58:00,2023-11-21,132.65,132.65,132.65,132.65,0,0,1
FINNIFTY21NOV2320600PE.NFO,2023-11-10,14:59:00,2023-11-21,132.65,132.65,132.65,132.65,0,0,1
FINNIFTY21NOV2320600PE.NFO,2023-11-10,15:00:00,2023-11-21,132.65,132.65,132.65,132.65,0,0,1
FINNIFTY21NOV2320600PE.NFO,2023-11-10,15:01:00,2023-11-21,132.65,132.65,132.65,132.65,0,0,1
FINNIFTY21NOV2320600PE.NFO,2023-11-10,15:02:00,2023-11-21,132.65,132.65,132.65,132.65,0,0,1
FINNIFTY21NOV2320600PE.NFO,2023-11-10,15:03:00,2023-11-21,132.65,132.65,132.65,132.65,0,0,1
FINNIFTY21NOV2320600PE.NFO,2023-11-10,15:04:00,2023-11-21,132.65,132.65,132.65,132.65,0,0,1
FINNIFTY21NOV2320600PE.NFO,2023-11-10,15:05:00,2023-11-21,132.65,132.65,132.65,132.65,0,0,1
FINNIFTY21NOV2320600PE.NFO,2023-11-10,15:06:00,2023-11-21,132.65,132.65,132.65,132.65,0,0,1
FINNIFTY21NOV2320600PE.NFO,2023-11-10,15:07:00,2023-11-21,132.65,132.65,132.65,132.65,0,0,1
FINNIFTY21NOV2320600PE.NFO,2023-11-10,15:08:00,2023-11-21,132.65,132.65,132.65,132.65,0,0,1
FINNIFTY21NOV2320600PE.NFO,2023-11-10,15:09:00,2023-11-21,132.65,132.65,132.65,132.65,0,0,1
FINNIFTY21NOV2320600PE.NFO,2023-11-10,15:10:00,2023-11-21,132.65,132.65,132.65,132.65,0,0,1
FINNIFTY21NOV2320600PE.NFO,2023-11-10,15:11:00,2023-11-21,132.65,132.65,132.65,132.65,0,0,1
FINNIFTY21NOV2320600PE.NFO,2023-11-10,15:12:00,2023-11-21,132.65,132.65,132.65,132.65,0,0,1
FINNIFTY21NOV2320600PE.NFO,2023-11-10,15:13:00,2023-11-21,132.65,132.65,132.65,132.65,0,0,1
FINNIFTY21NOV2320600PE.NFO,2023-11-10,15:14:00,2023-11-21,132.65,132.65,132.65,132.65,0,0,1
FINNIFTY21NOV2320600PE.NFO,2023-11-10,15:15:00,2023-11-21,132.65,132.65,132.65,132.65,0,0,1
FINNIFTY21NOV2320600PE.NFO,2023-11-10,15:16:00,2023-11-21,132.65,132.65,132.65,132.65,0,0,1
FINNIFTY21NOV2320600PE.NFO,2023-11-10,15:17:00,2023-11-21,132.65,132.65,132.65,132.65,0,0,1
FINNIFTY21NOV2320600PE.NFO,2023-11-10,15:18:00,2023-11-21,132.65,132.65,132.65,132.65,0,0,1
FINNIFTY21NOV2320600PE.NFO,2023-11-10,15:19:00,2023-11-21,132.65,132.65,132.65,132.65,0,0,1
FINNIFTY21NOV2320600PE.NFO,2023-11-10,15:20:00,2023-11-21,132.65,132.65,132.65,132.65,0,0,1
FINNIFTY21NOV2320600PE.NFO,2023-11-10,15:21:00,2023-11-21,132.65,132.65,132.65,132.65,0,0,1
FINNIFTY21NOV2320600PE.NFO,2023-11-10,15:22:00,2023-11-21,132.65,132.65,132.65,132.65,0,0,1
FINNIFTY21NOV2320600PE.NFO,2023-11-10,15:23:00,2023-11-21,132.65,132.65,132.65,132.65,0,0,1
FINNIFTY21NOV2320600PE.NFO,2023-11-10,15:24:00,2023-11-21,132.65,132.65,132.65,132.65,0,0,1
FINNIFTY21NOV2320600PE.NFO,2023-11-10,15:25:00,2023-11-21,132.65,132.65,132.65,132.65,0,0,1
FINNIFTY21NOV2320600PE.NFO,2023-11-10,15:26:00,2023-11-21,132.65,132.65,132.65,132.65,0,0,1
FINNIFTY21NOV2320600PE.NFO,2023-11-10,15:27:00,2023-11-21,132.65,132.65,132.65,132.65,0,0,1
FINNIFTY21NOV2320600PE.NFO,2023-11-10,15:28:00,2023-11-21,132.65,132.65,132.65,132.65,0,0,1
FINNIFTY21NOV2320600PE.NFO,2023-11-10,15:29:00,2023-11-21,132.65,132.65,132.65,132.65,0,0,1
FINNIFTY21NOV2320600PE.NFO,2023-11-10,15:30:00,2023-11-21,132.65,132.65,132.65,132.65,0,0,1
FINNIFTY21NOV2320600PE.NFO,2023-11-15,09:15:00,2023-11-21,862.65,862.65,862.65,862.65,0,0,1
FINNIFTY21NOV2320600PE.NFO,2023-11-15,09:16:00,2023-11-21,862.65,862.65,862.65,862.65,0,0,1
FINNIFTY21NOV2320600PE.NFO,2023-11-15,09:17:00,2023-11-21,862.65,862.65,862.65,862.65,0,0,1
FINNIFTY21NOV2320600PE.NFO,2023-11-15,09:18:00,2023-11-21,862.65,862.65,862.65,862.65,0,0,1
FINNIFTY21NOV2320600PE.NFO,2023-11-15,09:19:00,2023-11-21,862.65,862.65,862.65,862.65,0,0,1
FINNIFTY21NOV2320600PE.NFO,2023-11-15,09:20:00,2023-11-21,862.65,862.65,862.65,862.65,0,0,1
FINNIFTY21NOV2320600PE.NFO,2023-11-15,09:21:00,2023-11-21,862.65,862.65,862.65,862.65,0,0,1
FINNIFTY21NOV2320600PE.NFO,2023-11-15,09:22:00,2023-11-21,862.65,862.65,862.65,862.65,0,0,1
FINNIFTY21NOV2320600PE.NFO,2023-11-15,09:23:00,2023-11-21,862.65,862.65,862.65,862.65,0,0,1
FINNIFTY21NOV2320600PE.NFO,2023-11-15,09:24:00,2023-11-21,862.65,862.65,862.65,862.65,0,0,1
FINNIFTY21NOV2320600PE.NFO,2023-11-15,09:25:00,2023-11-21,862.65,862.65,862.65,862.65,0,0,1
FINNIFTY21NOV2320600PE.NFO,2023-11-15,09:26:00,2023-11-21,862.65,862.65,862.65,862.65,0,0,1
FINNIFTY21NOV2320600PE.NFO,2023-11-15,09:27:00,2023-11-21,862.65,862.65,862.65,862.65,0,0,1
FINNIFTY21NOV2320600PE.NFO,2023-11-15,09:28:00,2023-11-21,862.65,862.65,862.65,862.65,0,0,1
FINNIFTY21NOV2320600PE.NFO,2023-11-15,09:29:00,2023-11-21,862.65,862.65,862.65,862.65,0,0,1
FINNIFTY21NOV2320600PE.NFO,2023-11-15,09:30:00,2023-11-21,862.65,862.65,862.65,862.65,0,0,1
FINNIFTY21NOV2320600PE.NFO,2023-11-15,09:31:00,2023-11-21,862.65,862.65,862.65,862.65,0,0,1
FINNIFTY21NOV2320600PE.NFO,2023-11-15,09:32:00,2023-11-21,862.65,862.65,862.65,862.65,0,0,1
FINNIFTY21NOV2320600PE.NFO,2023-11-15,09:33:00,2023-11-21,862.65,862.65,862.65,862.65,0,0,1
FINNIFTY21NOV2320600PE.NFO,2023-11-15,09:34:00,2023-11-21,862.65,862.65,862.65,862.65,0,0,1
FINNIFTY21NOV2320600PE.NFO,2023-11-15,09:35:00,2023-11-21,862.65,862.65,862.65,862.65,0,0,1
FINNIFTY21NOV2320600PE.NFO,2023-11-15,09:36:00,2023-11-21,862.65,862.65,862.65,862.65,0,0,1
FINNIFTY21NOV2320600PE.NFO,2023-11-15,09:37:00,2023-11-21,862.65,862.65,862.65,862.65,0,0,1
FINNIFTY21NOV2320600PE.NFO,2023-11-15,09:38:00,2023-11-21,862.65,862.65,862.65,862.65,0,0,1
FINNIFTY21NOV2320600PE.NFO,2023-11-15,09:39:00,2023-11-21,862.65,862.65,862.65,862.65,0,0,1
FINNIFTY21NOV2320600PE.NFO,2023-11-15,09:40:00,2023-11-21,862.65,862.65,862.65,862.65,0,0,1
FINNIFTY21NOV2320600PE.NFO,2023-11-15,09:41:00,2023-11-21,862.65,862.65,862.65,862.65,0,0,1
FINNIFTY21NOV2320600PE.NFO,2023-11-15,09:42:00,2023-11-21,862.65,862.65,862.65,862.65,0,0,1
FINNIFTY21NOV2320600PE.NFO,2023-11-15,09:43:00,2023-11-21,862.65,862.65,862.65,862.65,0,0,1
FINNIFTY21NOV2320600PE.NFO,2023-11-15,09:44:00,2023-11-21,862.65,862.65,862.65,862.65,0,0,1
FINNIFTY21NOV2320600PE.NFO,2023-11-15,09:45:00,2023-11-21,862.65,862.65,862.65,862.65,0,0,1
FINNIFTY21NOV2320600PE.NFO,2023-11-15,09:46:00,2023-11-21,862.65,862.65,862.65,862.65,0,0,1
FINNIFTY21NOV2320600PE.NFO,2023-11-15,09:47:00,2023-11-21,862.65,862.65,862.65,862.65,0,0,1
FINNIFTY21NOV2320600PE.NFO,2023-11-15,09:48:00,2023-11-21,862.65,862.65,862.65,862.65,0,0,1
FINNIFTY21NOV2320600PE.NFO,2023-11-15,09:49:00,2023-11-21,862.65,862.65,862.65,862.65,0,0,1
FINNIFTY21NOV2320600PE.NFO,2023-11-15,09:50:00,2023-11-21,862.65,862.65,862.65,862.65,0,0,1
FINNIFTY21NOV2320600PE.NFO,2023-11-15,09:51:00,2023-11-21,862.65,862.65,862.65,862.65,0,0,1
FINNIFTY21NOV2320600PE.NFO,2023-11-15,09:52:00,2023-11-21,862.65,862.65,862.65,862.65,0,0,1
FINNIFTY21NOV2320600PE.NFO,2023-11-15,09:53:00,2023-11-21,862.65,862.65,862.65,862.65,0,0,1
FINNIFTY21NOV2320600PE.NFO,2023-11-15,09:54:00,2023-11-21,862.65,862.65,862.65,862.65,0,0,1
FINNIFTY21NOV2320600PE.NFO,2023-11-15,09:55:00,2023-11-21,862.65,862.65,862.65,862.65,0,0,1
FINNIFTY21NOV2320600PE.NFO,2023-11-15,09:56:00,2023-11-21,862.65,862.65,862.65,862.65,0,0,1
FINNIFTY21NOV2320600PE.NFO,2023-11-15,09:57:00,2023-11-21,862.65,862.65,862.65,862.65,0,0,1
FINNIFTY21NOV2320600PE.NFO,2023-11-15,09:58:00,2023-11-21,862.65,862.65,862.65,862.65,0,0,1
FINNIFTY21NOV2320600PE.NFO,2023-11-15,09:59:00,2023-11-21,862.65,862.65,862.65,862.65,0,0,1
FINNIFTY21NOV2320600PE.NFO,2023-11-15,10:00:00,2023-11-21,862.65,862.65,862.65,862.65,0,0,1
FINNIFTY21NOV2320600PE.NFO,2023-11-15,10:01:00,2023-11-21,862.65,862.65,862.65,862.65,0,0,1
FINNIFTY21NOV2320600PE.NFO,2023-11-15,10:02:00,2023-11-21,862.65,862.65,862.65,862.65,0,0,1
FINNIFTY21NOV2320600PE.NFO,2023-11-15,10:03:00,2023-11-21,862.65,862.65,862.65,862.65,0,0,1
FINNIFTY21NOV2320600PE.NFO,2023-11-15,10:04:00,2023-11-21,862.65,862.65,862.65,862.65,0,0,1
FINNIFTY21NOV2320600PE.NFO,2023-11-15,10:05:00,2023-11-21,862.65,862.65,862.65,862.65,0,0,1
FINNIFTY21NOV2320600PE.NFO,2023-11-15,10:06:00,2023-11-21,862.65,862.65,862.65,862.65,0,0,1
FINNIFTY21NOV2320600PE.NFO,2023-11-15,10:07:00,2023-11-21,862.65,862.65,862.65,862.65,0,0,1
FINNIFTY21NOV2320600PE.NFO,2023-11-15,10:08:00,2023-11-21,862.65,862.65,862.65,862.65,0,0,1
FINNIFTY21NOV2320600PE.NFO,2023-11-15,10:09:00,2023-11-21,862.65,862.65,862.65,862.65,0,0,1
FINNIFTY21NOV2320600PE.NFO,2023-11-15,10:10:00,2023-11-21,862.65,862.65,862.65,862.65,0,0,1
FINNIFTY21NOV2320600PE.NFO,2023-11-15,10:11:00,2023-11-21,862.65,862.65,862.65,862.65,0,0,1
FINNIFTY21NOV2320600PE.NFO,2023-11-15,10:12:00,2023-11-21,862.65,862.65,862.65,862.65,0,0,1
FINNIFTY21NOV2320600PE.NFO,2023-11-15,10:13:00,2023-11-21,862.65,862.65,862.65,862.65,0,0,1
FINNIFTY21NOV2320600PE.NFO,2023-11-15,10:14:00,2023-11-21,862.65,862.65,862.65,862.65,0,0,1
FINNIFTY21NOV2320600PE.NFO,2023-11-15,10:15:00,2023-11-21,862.65,862.65,862.65,862.65,0,0,1
FINNIFTY21NOV2320600PE.NFO,2023-11-15,10:16:00,2023-11-21,862.65,862.65,862.65,862.65,0,0,1
FINNIFTY21NOV2320600PE.NFO,2023-11-15,10:17:00,2023-11-21,862.65,862.65,862.65,862.65,0,0,1
FINNIFTY21NOV2320600PE.NFO,2023-11-15,10:18:00,2023-11-21,862.65,862.65,862.65,862.65,0,0,1
FINNIFTY21NOV2320600PE.NFO,2023-11-15,10:19:00,2023-11-21,862.65,862.65,862.65,862.65,0,0,1
FINNIFTY21NOV2320600PE.NFO,2023-11-15,10:20:00,2023-11-21,862.65,862.65,862.65,862.65,0,0,1
FINNIFTY21NOV2320600PE.NFO,2023-11-15,10:21:00,2023-11-21,862.65,862.65,862.65,862.65,0,0,1
FINNIFTY21NOV2320600PE.NFO,2023-11-15,10:22:00,2023-11-21,862.65,862.65,862.65,862.65,0,0,1
FINNIFTY21NOV2320600PE.NFO,2023-11-15,10:23:00,2023-11-21,862.65,862.65,862.65,862.65,0,0,1
FINNIFTY21NOV2320600PE.NFO,2023-11-15,10:24:00,2023-11-21,862.65,862.65,862.65,862.65,0,0,1
FINNIFTY21NOV2320600PE.NFO,2023-11-15,10:25:00,2023-11-21,862.65,862.65,862.65,862.65,0,0,1
FINNIFTY21NOV2320600PE.NFO,2023-11-15,10:26:00,2023-11-21,862.65,862.65,862.65,862.65,0,0,1
FINNIFTY21NOV2320600PE.NFO,2023-11-15,10:27:00,2023-11-21,862.65,862.65,862.65,862.65,0,0,1
FINNIFTY21NOV2320600PE.NFO,2023-11-15,10:28:00,2023-11-21,862.65,862.65,862.65,862.65,0,0,1
FINNIFTY21NOV2320600PE.NFO,2023-11-15,10:29:00,2023-11-21,862.65,862.65,862.65,862.65,0,0,1
FINNIFTY21NOV2320600PE.NFO,2023-11-15,10:30:00,2023-11-21,862.65,862.65,862.65,862.65,0,0,1
FINNIFTY21NOV2320600PE.NFO,2023-11-15,10:31:00,2023-11-21,862.65,862.65,862.65,862.65,0,0,1
FINNIFTY21NOV2320600PE.NFO,2023-11-15,10:32:00,2023-11-21,862.65,862.65,862.65,862.65,0,0,1
FINNIFTY21NOV2320600PE.NFO,2023-11-15,10:33:00,2023-11-21,862.65,862.65,862.65,862.65,0,0,1
FINNIFTY21NOV2320600PE.NFO,2023-11-15,10:34:00,2023-11-21,862.65,862.65,862.65,862.65,0,0,1
FINNIFTY21NOV2320600PE.NFO,2023-11-15,10:35:00,2023-11-21,862.65,862.65,862.65,862.65,0,0,1
FINNIFTY21NOV2320600PE.NFO,2023-11-15,10:36:00,2023-11-21,862.65,862.65,862.65,862.65,0,0,1
FINNIFTY21NOV2320600PE.NFO,2023-11-15,10:37:00,2023-11-21,862.65,862.65,862.65,862.65,0,0,1
FINNIFTY21NOV2320600PE.NFO,2023-11-15,10:38:00,2023-11-21,862.65,862.65,862.65,862.65,0,0,1
FINNIFTY21NOV2320600PE.NFO,2023-11-15,10:39:00,2023-11-21,862.65,862.65,862.65,862.65,0,0,1
FINNIFTY21NOV2320600PE.NFO,2023-11-15,10:40:00,2023-11-21,862.65,862.65,862.65,862.65,0,0,1
FINNIFTY21NOV2320600PE.NFO,2023-11-15,10:41:00,2023-11-21,862.65,862.65,862.65,862.65,0,0,1
FINNIFTY21NOV2320600PE.NFO,2023-11-15,10:42:00,2023-11-21,862.65,862.65,862.65,862.65,0,0,1
FINNIFTY21NOV2320600PE.NFO,2023-11-15,10:43:00,2023-11-21,862.65,862.65,862.65,862.65,0,0,1
FINNIFTY21NOV2320600PE.NFO,2023-11-15,10:44:00,2023-11-21,862.65,862.65,862.65,862.65,0,0,1
FINNIFTY21NOV2320600PE.NFO,2023-11-15,10:45:00,2023-11-21,862.65,862.65,862.65,862.65,0,0,1
FINNIFTY21NOV2320600PE.NFO,2023-11-15,10:46:00,2023-11-21,862.65,862.65,862.65,862.65,0,0,1
FINNIFTY21NOV2320600PE.NFO,2023-11-15,10:47:00,2023-11-21,862.65,862.65,862.65,862.65,0,0,1
FINNIFTY21NOV2320600PE.NFO,2023-11-15,10:48:00,2023-11-21,862.65,862.65,862.65,862.65,0,0,1
FINNIFTY21NOV2320600PE.NFO,2023-11-15,10:49:00,2023-11-21,862.65,862.65,862.65,862.65,0,0,1
FINNIFTY21NOV2320600PE.NFO,2023-11-15,10:50:00,2023-11-21,862.65,862.65,862.65,862.65,0,0,1
FINNIFTY21NOV2320600PE.NFO,2023-11-15,10:51:00,2023-11-21,862.65,862.65,862.65,862.65,0,0,1
FINNIFTY21NOV2320600PE.NFO,2023-11-15,10:52:00,2023-11-21,862.65,862.65,862.65,862.65,0,0,1
FINNIFTY21NOV2320600PE.NFO,2023-11-15,10:53:00,2023-11-21,862.65,862.65,862.65,862.65,0,0,1
FINNIFTY21NOV2320600PE.NFO,2023-11-15,10:54:00,2023-11-21,862.65,862.65,862.65,862.65,0,0,1
FINNIFTY21NOV2320600PE.NFO,2023-11-15,10:55:00,2023-11-21,862.65,862.65,862.65,862.65,0,0,1
FINNIFTY21NOV2320600PE.NFO,2023-11-15,10:56:00,2023-11-21,862.65,862.65,862.65,862.65,0,0,1
FINNIFTY21NOV2320600PE.NFO,2023-11-15,10:57:00,2023-11-21,862.65,862.65,862.65,862.65,0,0,1
FINNIFTY21NOV2320600PE.NFO,2023-11-15,10:58:00,2023-11-21,862.65,862.65,862.65,862.65,0,0,1
FINNIFTY21NOV2320600PE.NFO,2023-11-15,10:59:00,2023-11-21,862.65,862.65,862.65,862.65,0,0,1
FINNIFTY21NOV2320600PE.NFO,2023-11-15,11:00:00,2023-11-21,862.65,862.65,862.65,862.65,0,0,1
FINNIFTY21NOV2320600PE.NFO,2023-11-15,11:01:00,2023-11-21,862.65,862.65,862.65,862.65,0,0,1
FINNIFTY21NOV2320600PE.NFO,2023-11-15,11:02:00,2023-11-21,862.65,862.65,862.65,862.65,0,0,1
FINNIFTY21NOV2320600PE.NFO,2023-11-15,11:03:00,2023-11-21,862.65,862.65,862.65,862.65,0,0,1
FINNIFTY21NOV2320600PE.NFO,2023-11-15,11:04:00,2023-11-21,862.65,862.65,862.65,862.65,0,0,1
FINNIFTY21NOV2320600PE.NFO,2023-11-15,11:05:00,2023-11-21,862.65,862.65,862.65,862.65,0,0,1
FINNIFTY21NOV2320600PE.NFO,2023-11-15,11:06:00,2023-11-21,862.65,862.65,862.65,862.65,0,0,1
FINNIFTY21NOV2320600PE.NFO,2023-11-15,11:07:00,2023-11-21,862.65,862.65,862.65,862.65,0,0,1
FINNIFTY21NOV2320600PE.NFO,2023-11-15,11:08:00,2023-11-21,862.65,862.65,862.65,862.65,0,0,1
FINNIFTY21NOV2320600PE.NFO,2023-11-15,11:09:00,2023-11-21,862.65,862.65,862.65,862.65,0,0,1
FINNIFTY21NOV2320600PE.NFO,2023-11-15,11:10:00,2023-11-21,862.65,862.65,862.65,862.65,0,0,1
FINNIFTY21NOV2320600PE.NFO,2023-11-15,11:11:00,2023-11-21,862.65,862.65,862.65,862.65,0,0,1
FINNIFTY21NOV2320600PE.NFO,2023-11-15,11:12:00,2023-11-21,862.65,862.65,862.65,862.65,0,0,1
FINNIFTY21NOV2320600PE.NFO,2023-11-15,11:13:00,2023-11-21,862.65,862.65,862.65,862.65,0,0,1
FINNIFTY21NOV2320600PE.NFO,2023-11-15,11:14:00,2023-11-21,862.65,862.65,862.65,862.65,0,0,1
FINNIFTY21NOV2320600PE.NFO,2023-11-15,11:15:00,2023-11-21,862.65,862.65,862.65,862.65,0,0,1
FINNIFTY21NOV2320600PE.NFO,2023-11-15,11:16:00,2023-11-21,862.65,862.65,862.65,862.65,0,0,1
FINNIFTY21NOV2320600PE.NFO,2023-11-15,11:17:00,2023-11-21,862.65,862.65,862.65,862.65,0,0,1
FINNIFTY21NOV2320600PE.NFO,2023-11-15,11:18:00,2023-11-21,862.65,862.65,862.65,862.65,0,0,1
FINNIFTY21NOV2320600PE.NFO,2023-11-15,11:19:00,2023-11-21,862.65,862.65,862.65,862.65,0,0,1
FINNIFTY21NOV2320600PE.NFO,2023-11-15,11:20:00,2023-11-21,862.65,862.65,862.65,862.65,0,0,1
FINNIFTY21NOV2320600PE.NFO,2023-11-15,11:21:00,2023-11-21,862.65,862.65,862.65,862.65,0,0,1
FINNIFTY21NOV2320600PE.NFO,2023-11-15,11:22:00,2023-11-21,862.65,862.65,862.65,862.65,0,0,1
FINNIFTY21NOV2320600PE.NFO,2023-11-15,11:23:00,2023-11-21,862.65,862.65,862.65,862.65,0,0,1
FINNIFTY21NOV2320600PE.NFO,2023-11-15,11:24:00,2023-11-21,862.65,862.65,862.65,862.65,0,0,1
FINNIFTY21NOV2320600PE.NFO,2023-11-15,11:25:00,2023-11-21,862.65,862.65,862.65,862.65,0,0,1
FINNIFTY21NOV2320600PE.NFO,2023-11-15,11:26:00,2023-11-21,862.65,862.65,862.65,862.65,0,0,1
FINNIFTY21NOV2320600PE.NFO,2023-11-15,11:27:00,2023-11-21,862.65,862.65,862.65,862.65,0,0,1
FINNIFTY21NOV2320600PE.NFO,2023-11-15,11:28:00,2023-11-21,862.65,862.65,862.65,862.65,0,0,1
FINNIFTY21NOV2320600PE.NFO,2023-11-15,11:29:00,2023-11-21,862.65,862.65,862.65,862.65,0,0,1
FINNIFTY21NOV2320600PE.NFO,2023-11-15,11:30:00,2023-11-21,862.65,862.65,862.65,862.65,0,0,1
FINNIFTY21NOV2320600PE.NFO,2023-11-15,11:31:00,2023-11-21,862.65,862.65,862.65,862.65,0,0,1
FINNIFTY21NOV2320600PE.NFO,2023-11-15,11:32:00,2023-11-21,862.65,862.65,862.65,862.65,0,0,1
FINNIFTY21NOV2320600PE.NFO,2023-11-15,11:33:00,2023-11-21,862.65,862.65,862.65,862.65,0,0,1
FINNIFTY21NOV2320600PE.NFO,2023-11-15,11:34:00,2023-11-21,862.65,862.65,862.65,862.65,0,0,1
FINNIFTY21NOV2320600PE.NFO,2023-11-15,11:35:00,2023-11-21,862.65,862.65,862.65,862.65,0,0,1
FINNIFTY21NOV2320600PE.NFO,2023-11-15,11:36:00,2023-11-21,862.65,862.65,862.65,862.65,0,0,1
FINNIFTY21NOV2320600PE.NFO,2023-11-15,11:37:00,2023-11-21,862.65,862.65,862.65,862.65,0,0,1
FINNIFTY21NOV2320600PE.NFO,2023-11-15,11:38:00,2023-11-21,862.65,862.65,862.65,862.65,0,0,1
FINNIFTY21NOV2320600PE.NFO,2023-11-15,11:39:00,2023-11-21,862.65,862.65,862.65,862.65,0,0,1
FINNIFTY21NOV2320600PE.NFO,2023-11-15,11:40:00,2023-11-21,862.65,862.65,862.65,862.65,0,0,1
FINNIFTY21NOV2320600PE.NFO,2023-11-15,11:41:00,2023-11-21,862.65,862.65,862.65,862.65,0,0,1
FINNIFTY21NOV2320600PE.NFO,2023-11-15,11:42:00,2023-11-21,862.65,862.65,862.65,862.65,0,0,1
FINNIFTY21NOV2320600PE.NFO,2023-11-15,11:43:00,2023-11-21,862.65,862.65,862.65,862.65,0,0,1
FINNIFTY21NOV2320600PE.NFO,2023-11-15,11:44:00,2023-11-21,862.65,862.65,862.65,862.65,0,0,1
FINNIFTY21NOV2320600PE.NFO,2023-11-15,11:45:00,2023-11-21,862.65,862.65,862.65,862.65,0,0,1
FINNIFTY21NOV2320600PE.NFO,2023-11-15,11:46:00,2023-11-21,862.65,862.65,862.65,862.65,0,0,1
FINNIFTY21NOV2320600PE.NFO,2023-11-15,11:47:00,2023-11-21,862.65,862.65,862.65,862.65,0,0,1
FINNIFTY21NOV2320600PE.NFO,2023-11-15,11:48:00,2023-11-21,862.65,862.65,862.65,862.65,0,0,1
FINNIFTY21NOV2320600PE.NFO,2023-11-15,11:49:00,2023-11-21,862.65,862.65,862.65,862.65,0,0,1
FINNIFTY21NOV2320600PE.NFO,2023-11-15,11:50:00,2023-11-21,862.65,862.65,862.65,862.65,0,0,1
FINNIFTY21NOV2320600PE.NFO,2023-11-15,11:51:00,2023-11-21,862.65,862.65,862.65,862.65,0,0,1
FINNIFTY21NOV2320600PE.NFO,2023-11-15,11:52:00,2023-11-21,862.65,862.65,862.65,862.65,0,0,1
FINNIFTY21NOV2320600PE.NFO,2023-11-15,11:53:00,2023-11-21,862.65,862.65,862.65,862.65,0,0,1
FINNIFTY21NOV2320600PE.NFO,2023-11-15,11:54:00,2023-11-21,862.65,862.65,862.65,862.65,0,0,1
FINNIFTY21NOV2320600PE.NFO,2023-11-15,11:55:00,2023-11-21,862.65,862.65,862.65,862.65,0,0,1
FINNIFTY21NOV2320600PE.NFO,2023-11-15,11:56:00,2023-11-21,862.65,862.65,862.65,862.65,0,0,1
FINNIFTY21NOV2320600PE.NFO,2023-11-15,11:57:00,2023-11-21,862.65,862.65,862.65,862.65,0,0,1
FINNIFTY21NOV2320600PE.NFO,2023-11-15,11:58:00,2023-11-21,862.65,862.65,862.65,862.65,0,0,1
FINNIFTY21NOV2320600PE.NFO,2023-11-15,11:59:00,2023-11-21,862.65,862.65,862.65,862.65,0,0,1
FINNIFTY21NOV2320600PE.NFO,2023-11-15,12:00:00,2023-11-21,862.65,862.65,862.65,862.65,0,0,1
FINNIFTY21NOV2320600PE.NFO,2023-11-15,12:01:00,2023-11-21,862.65,862.65,862.65,862.65,0,0,1
FINNIFTY21NOV2320600PE.NFO,2023-11-15,12:02:00,2023-11-21,862.65,862.65,862.65,862.65,0,0,1
FINNIFTY21NOV2320600PE.NFO,2023-11-15,12:03:00,2023-11-21,862.65,862.65,862.65,862.65,0,0,1
FINNIFTY21NOV2320600PE.NFO,2023-11-15,12:04:00,2023-11-21,862.65,862.65,862.65,862.65,0,0,1
FINNIFTY21NOV2320600PE.NFO,2023-11-15,12:05:00,2023-11-21,862.65,862.65,862.65,862.65,0,0,1
FINNIFTY21NOV2320600PE.NFO,2023-11-15,12:06:00,2023-11-21,862.65,862.65,862.65,862.65,0,0,1
FINNIFTY21NOV2320600PE.NFO,2023-11-15,12:07:00,2023-11-21,862.65,862.65,862.65,862.65,0,0,1
FINNIFTY21NOV2320600PE.NFO,2023-11-15,12:08:00,2023-11-21,862.65,862.65,862.65,862.65,0,0,1
FINNIFTY21NOV2320600PE.NFO,2023-11-15,12:09:00,2023-11-21,862.65,862.65,862.65,862.65,0,0,1
FINNIFTY21NOV2320600PE.NFO,2023-11-15,12:10:00,2023-11-21,862.65,862.65,862.65,862.65,0,0,1
FINNIFTY21NOV2320600PE.NFO,2023-11-15,12:11:00,2023-11-21,862.65,862.65,862.65,862.65,0,0,1
FINNIFTY21NOV2320600PE.NFO,2023-11-15,12:12:00,2023-11-21,862.65,862.65,862.65,862.65,0,0,1
FINNIFTY21NOV2320600PE.NFO,2023-11-15,12:13:00,2023-11-21,862.65,862.65,862.65,862.65,0,0,1
FINNIFTY21NOV2320600PE.NFO,2023-11-15,12:14:00,2023-11-21,862.65,862.65,862.65,862.65,0,0,1
FINNIFTY21NOV2320600PE.NFO,2023-11-15,12:15:00,2023-11-21,862.65,862.65,862.65,862.65,0,0,1
FINNIFTY21NOV2320600PE.NFO,2023-11-15,12:16:00,2023-11-21,862.65,862.65,862.65,862.65,0,0,1
FINNIFTY21NOV2320600PE.NFO,2023-11-15,12:17:00,2023-11-21,862.65,862.65,862.65,862.65,0,0,1
FINNIFTY21NOV2320600PE.NFO,2023-11-15,12:18:00,2023-11-21,862.65,862.65,862.65,862.65,0,0,1
FINNIFTY21NOV2320600PE.NFO,2023-11-15,12:19:00,2023-11-21,862.65,862.65,862.65,862.65,0,0,1
FINNIFTY21NOV2320600PE.NFO,2023-11-15,12:20:00,2023-11-21,862.65,862.65,862.65,862.65,0,0,1
FINNIFTY21NOV2320600PE.NFO,2023-11-15,12:21:00,2023-11-21,862.65,862.65,862.65,862.65,0,0,1
FINNIFTY21NOV2320600PE.NFO,2023-11-15,12:22:00,2023-11-21,862.65,862.65,862.65,862.65,0,0,1
FINNIFTY21NOV2320600PE.NFO,2023-11-15,12:23:00,2023-11-21,862.65,862.65,862.65,862.65,0,0,1
FINNIFTY21NOV2320600PE.NFO,2023-11-15,12:24:00,2023-11-21,862.65,862.65,862.65,862.65,0,0,1
FINNIFTY21NOV2320600PE.NFO,2023-11-15,12:25:00,2023-11-21,862.65,862.65,862.65,862.65,0,0,1
FINNIFTY21NOV2320600PE.NFO,2023-11-15,12:26:00,2023-11-21,862.65,862.65,862.65,862.65,0,0,1
FINNIFTY21NOV2320600PE.NFO,2023-11-15,12:27:00,2023-11-21,862.65,862.65,862.65,862.65,0,0,1
FINNIFTY21NOV2320600PE.NFO,2023-11-15,12:28:00,2023-11-21,862.65,862.65,862.65,862.65,0,0,1
FINNIFTY21NOV2320600PE.NFO,2023-11-15,12:29:00,2023-11-21,862.65,862.65,862.65,862.65,0,0,1
FINNIFTY21NOV2320600PE.NFO,2023-11-15,12:30:00,2023-11-21,862.65,862.65,862.65,862.65,0,0,1
FINNIFTY21NOV2320600PE.NFO,2023-11-15,12:31:00,2023-11-21,862.65,862.65,862.65,862.65,0,0,1
FINNIFTY21NOV2320600PE.NFO,2023-11-15,12:32:00,2023-11-21,862.65,862.65,862.65,862.65,0,0,1
FINNIFTY21NOV2320600PE.NFO,2023-11-15,12:33:00,2023-11-21,862.65,862.65,862.65,862.65,0,0,1
FINNIFTY21NOV2320600PE.NFO,2023-11-15,12:34:00,2023-11-21,862.65,862.65,862.65,862.65,0,0,1
FINNIFTY21NOV2320600PE.NFO,2023-11-15,12:35:00,2023-11-21,862.65,862.65,862.65,862.65,0,0,1
FINNIFTY21NOV2320600PE.NFO,2023-11-15,12:36:00,2023-11-21,862.65,862.65,862.65,862.65,0,0,1
FINNIFTY21NOV2320600PE.NFO,2023-11-15,12:37:00,2023-11-21,862.65,862.65,862.65,862.65,0,0,1
FINNIFTY21NOV2320600PE.NFO,2023-11-15,12:38:00,2023-11-21,862.65,862.65,862.65,862.65,0,0,1
FINNIFTY21NOV2320600PE.NFO,2023-11-15,12:39:00,2023-11-21,862.65,862.65,862.65,862.65,0,0,1
FINNIFTY21NOV2320600PE.NFO,2023-11-15,12:40:00,2023-11-21,862.65,862.65,862.65,862.65,0,0,1
FINNIFTY21NOV2320600PE.NFO,2023-11-15,12:41:00,2023-11-21,862.65,862.65,862.65,862.65,0,0,1
FINNIFTY21NOV2320600PE.NFO,2023-11-15,12:42:00,2023-11-21,862.65,862.65,862.65,862.65,0,0,1
FINNIFTY21NOV2320600PE.NFO,2023-11-15,12:43:00,2023-11-21,862.65,862.65,862.65,862.65,0,0,1
FINNIFTY21NOV2320600PE.NFO,2023-11-15,12:44:00,2023-11-21,862.65,862.65,862.65,862.65,0,0,1
FINNIFTY21NOV2320600PE.NFO,2023-11-15,12:45:00,2023-11-21,862.65,862.65,862.65,862.65,0,0,1
FINNIFTY21NOV2320600PE.NFO,2023-11-15,12:46:00,2023-11-21,862.65,862.65,862.65,862.65,0,0,1
FINNIFTY21NOV2320600PE.NFO,2023-11-15,12:47:00,2023-11-21,862.65,862.65,862.65,862.65,0,0,1
FINNIFTY21NOV2320600PE.NFO,2023-11-15,12:48:00,2023-11-21,862.65,862.65,862.65,862.65,0,0,1
FINNIFTY21NOV2320600PE.NFO,2023-11-15,12:49:00,2023-11-21,862.65,862.65,862.65,862.65,0,0,1
FINNIFTY21NOV2320600PE.NFO,2023-11-15,12:50:00,2023-11-21,862.65,862.65,862.65,862.65,0,0,1
FINNIFTY21NOV2320600PE.NFO,2023-11-15,12:51:00,2023-11-21,862.65,862.65,862.65,862.65,0,0,1
FINNIFTY21NOV2320600PE.NFO,2023-11-15,12:52:00,2023-11-21,862.65,862.65,862.65,862.65,0,0,1
FINNIFTY21NOV2320600PE.NFO,2023-11-15,12:53:00,2023-11-21,862.65,862.65,862.65,862.65,0,0,1
FINNIFTY21NOV2320600PE.NFO,2023-11-15,12:54:00,2023-11-21,862.65,862.65,862.65,862.65,0,0,1
FINNIFTY21NOV2320600PE.NFO,2023-11-15,12:55:00,2023-11-21,862.65,862.65,862.65,862.65,0,0,1
FINNIFTY21NOV2320600PE.NFO,2023-11-15,12:56:00,2023-11-21,862.65,862.65,862.65,862.65,0,0,1
FINNIFTY21NOV2320600PE.NFO,2023-11-15,12:57:00,2023-11-21,862.65,862.65,862.65,862.65,0,0,1
FINNIFTY21NOV2320600PE.NFO,2023-11-15,12:58:00,2023-11-21,862.65,862.65,862.65,862.65,0,0,1
FINNIFTY21NOV2320600PE.NFO,2023-11-15,12:59:00,2023-11-21,862.65,862.65,862.65,862.65,0,0,1
FINNIFTY21NOV2320600PE.NFO,2023-11-15,13:00:00,2023-11-21,862.65,862.65,862.65,862.65,0,0,1
FINNIFTY21NOV2320600PE.NFO,2023-11-15,13:01:00,2023-11-21,862.65,862.65,862.65,862.65,0,0,1
FINNIFTY21NOV2320600PE.NFO,2023-11-15,13:02:00,2023-11-21,862.65,862.65,862.65,862.65,0,0,1
FINNIFTY21NOV2320600PE.NFO,2023-11-15,13:03:00,2023-11-21,862.65,862.65,862.65,862.65,0,0,1
FINNIFTY21NOV2320600PE.NFO,2023-11-15,13:04:00,2023-11-21,862.65,862.65,862.65,862.65,0,0,1
FINNIFTY21NOV2320600PE.NFO,2023-11-15,13:05:00,2023-11-21,862.65,862.65,862.65,862.65,0,0,1
FINNIFTY21NOV2320600PE.NFO,2023-11-15,13:06:00,2023-11-21,862.65,862.65,862.65,862.65,0,0,1
FINNIFTY21NOV2320600PE.NFO,2023-11-15,13:07:00,2023-11-21,862.65,862.65,862.65,862.65,0,0,1
FINNIFTY21NOV2320600PE.NFO,2023-11-15,13:08:00,2023-11-21,862.65,862.65,862.65,862.65,0,0,1
FINNIFTY21NOV2320600PE.NFO,2023-11-15,13:09:00,2023-11-21,862.65,862.65,862.65,862.65,0,0,1
FINNIFTY21NOV2320600PE.NFO,2023-11-15,13:10:00,2023-11-21,862.65,862.65,862.65,862.65,0,0,1
FINNIFTY21NOV2320600PE.NFO,2023-11-15,13:11:00,2023-11-21,862.65,862.65,862.65,862.65,0,0,1
FINNIFTY21NOV2320600PE.NFO,2023-11-15,13:12:00,2023-11-21,862.65,862.65,862.65,862.65,0,0,1
FINNIFTY21NOV2320600PE.NFO,2023-11-15,13:13:00,2023-11-21,862.65,862.65,862.65,862.65,0,0,1
FINNIFTY21NOV2320600PE.NFO,2023-11-15,13:14:00,2023-11-21,862.65,862.65,862.65,862.65,0,0,1
FINNIFTY21NOV2320600PE.NFO,2023-11-15,13:15:00,2023-11-21,862.65,862.65,862.65,862.65,0,0,1
FINNIFTY21NOV2320600PE.NFO,2023-11-15,13:16:00,2023-11-21,862.65,862.65,862.65,862.65,0,0,1
FINNIFTY21NOV2320600PE.NFO,2023-11-15,13:17:00,2023-11-21,862.65,862.65,862.65,862.65,0,0,1
FINNIFTY21NOV2320600PE.NFO,2023-11-15,13:18:00,2023-11-21,862.65,862.65,862.65,862.65,0,0,1
FINNIFTY21NOV2320600PE.NFO,2023-11-15,13:19:00,2023-11-21,862.65,862.65,862.65,862.65,0,0,1
FINNIFTY21NOV2320600PE.NFO,2023-11-15,13:20:00,2023-11-21,862.65,862.65,862.65,862.65,0,0,1
FINNIFTY21NOV2320600PE.NFO,2023-11-15,13:21:00,2023-11-21,862.65,862.65,862.65,862.65,0,0,1
FINNIFTY21NOV2320600PE.NFO,2023-11-15,13:22:00,2023-11-21,862.65,862.65,862.65,862.65,0,0,1
FINNIFTY21NOV2320600PE.NFO,2023-11-15,13:23:00,2023-11-21,862.65,862.65,862.65,862.65,0,0,1
FINNIFTY21NOV2320600PE.NFO,2023-11-15,13:24:00,2023-11-21,862.65,862.65,862.65,862.65,0,0,1
FINNIFTY21NOV2320600PE.NFO,2023-11-15,13:25:00,2023-11-21,862.65,862.65,862.65,862.65,0,0,1
FINNIFTY21NOV2320600PE.NFO,2023-11-15,13:26:00,2023-11-21,862.65,862.65,862.65,862.65,0,0,1
FINNIFTY21NOV2320600PE.NFO,2023-11-15,13:27:00,2023-11-21,862.65,862.65,862.65,862.65,0,0,1
FINNIFTY21NOV2320600PE.NFO,2023-11-15,13:28:00,2023-11-21,862.65,862.65,862.65,862.65,0,0,1
FINNIFTY21NOV2320600PE.NFO,2023-11-15,13:29:00,2023-11-21,862.65,862.65,862.65,862.65,0,0,1
FINNIFTY21NOV2320600PE.NFO,2023-11-15,13:30:00,2023-11-21,862.65,862.65,862.65,862.65,0,0,1
FINNIFTY21NOV2320600PE.NFO,2023-11-15,13:31:00,2023-11-21,862.65,862.65,862.65,862.65,0,0,1
FINNIFTY21NOV2320600PE.NFO,2023-11-15,13:32:00,2023-11-21,862.65,862.65,862.65,862.65,0,0,1
FINNIFTY21NOV2320600PE.NFO,2023-11-15,13:33:00,2023-11-21,862.65,862.65,862.65,862.65,0,0,1
FINNIFTY21NOV2320600PE.NFO,2023-11-15,13:34:00,2023-11-21,862.65,862.65,862.65,862.65,0,0,1
FINNIFTY21NOV2320600PE.NFO,2023-11-15,13:35:00,2023-11-21,862.65,862.65,862.65,862.65,0,0,1
FINNIFTY21NOV2320600PE.NFO,2023-11-15,13:36:00,2023-11-21,862.65,862.65,862.65,862.65,0,0,1
FINNIFTY21NOV2320600PE.NFO,2023-11-15,13:37:00,2023-11-21,862.65,862.65,862.65,862.65,0,0,1
FINNIFTY21NOV2320600PE.NFO,2023-11-15,13:38:00,2023-11-21,862.65,862.65,862.65,862.65,0,0,1
FINNIFTY21NOV2320600PE.NFO,2023-11-15,13:39:00,2023-11-21,862.65,862.65,862.65,862.65,0,0,1
FINNIFTY21NOV2320600PE.NFO,2023-11-15,13:40:00,2023-11-21,862.65,862.65,862.65,862.65,0,0,1
FINNIFTY21NOV2320600PE.NFO,2023-11-15,13:41:00,2023-11-21,862.65,862.65,862.65,862.65,0,0,1
FINNIFTY21NOV2320600PE.NFO,2023-11-15,13:42:00,2023-11-21,862.65,862.65,862.65,862.65,0,0,1
FINNIFTY21NOV2320600PE.NFO,2023-11-15,13:43:00,2023-11-21,862.65,862.65,862.65,862.65,0,0,1
FINNIFTY21NOV2320600PE.NFO,2023-11-15,13:44:00,2023-11-21,862.65,862.65,862.65,862.65,0,0,1
FINNIFTY21NOV2320600PE.NFO,2023-11-15,13:45:00,2023-11-21,862.65,862.65,862.65,862.65,0,0,1
FINNIFTY21NOV2320600PE.NFO,2023-11-15,13:46:00,2023-11-21,862.65,862.65,862.65,862.65,0,0,1
FINNIFTY21NOV2320600PE.NFO,2023-11-15,13:47:00,2023-11-21,862.65,862.65,862.65,862.65,0,0,1
FINNIFTY21NOV2320600PE.NFO,2023-11-15,13:48:00,2023-11-21,862.65,862.65,862.65,862.65,0,0,1
FINNIFTY21NOV2320600PE.NFO,2023-11-15,13:49:00,2023-11-21,862.65,862.65,862.65,862.65,0,0,1
FINNIFTY21NOV2320600PE.NFO,2023-11-15,13:50:00,2023-11-21,862.65,862.65,862.65,862.65,0,0,1
FINNIFTY21NOV2320600PE.NFO,2023-11-15,13:51:00,2023-11-21,862.65,862.65,862.65,862.65,0,0,1
FINNIFTY21NOV2320600PE.NFO,2023-11-15,13:52:00,2023-11-21,862.65,862.65,862.65,862.65,0,0,1
FINNIFTY21NOV2320600PE.NFO,2023-11-15,13:53:00,2023-11-21,862.65,862.65,862.65,862.65,0,0,1
FINNIFTY21NOV2320600PE.NFO,2023-11-15,13:54:00,2023-11-21,862.65,862.65,862.65,862.65,0,0,1
FINNIFTY21NOV2320600PE.NFO,2023-11-15,13:55:00,2023-11-21,862.65,862.65,862.65,862.65,0,0,1
FINNIFTY21NOV2320600PE.NFO,2023-11-15,13:56:00,2023-11-21,862.65,862.65,862.65,862.65,0,0,1
FINNIFTY21NOV2320600PE.NFO,2023-11-15,13:57:00,2023-11-21,862.65,862.65,862.65,862.65,0,0,1
FINNIFTY21NOV2320600PE.NFO,2023-11-15,13:58:00,2023-11-21,862.65,862.65,862.65,862.65,0,0,1
FINNIFTY21NOV2320600PE.NFO,2023-11-15,13:59:00,2023-11-21,862.65,862.65,862.65,862.65,0,0,1
FINNIFTY21NOV2320600PE.NFO,2023-11-15,14:00:00,2023-11-21,862.65,862.65,862.65,862.65,0,0,1
FINNIFTY21NOV2320600PE.NFO,2023-11-15,14:01:00,2023-11-21,862.65,862.65,862.65,862.65,0,0,1
FINNIFTY21NOV2320600PE.NFO,2023-11-15,14:02:00,2023-11-21,862.65,862.65,862.65,862.65,0,0,1
FINNIFTY21NOV2320600PE.NFO,2023-11-15,14:03:00,2023-11-21,862.65,862.65,862.65,862.65,0,0,1
FINNIFTY21NOV2320600PE.NFO,2023-11-15,14:04:00,2023-11-21,862.65,862.65,862.65,862.65,0,0,1
FINNIFTY21NOV2320600PE.NFO,2023-11-15,14:05:00,2023-11-21,862.65,862.65,862.65,862.65,0,0,1
FINNIFTY21NOV2320600PE.NFO,2023-11-15,14:06:00,2023-11-21,862.65,862.65,862.65,862.65,0,0,1
FINNIFTY21NOV2320600PE.NFO,2023-11-15,14:07:00,2023-11-21,862.65,862.65,862.65,862.65,0,0,1
FINNIFTY21NOV2320600PE.NFO,2023-11-15,14:08:00,2023-11-21,862.65,862.65,862.65,862.65,0,0,1
FINNIFTY21NOV2320600PE.NFO,2023-11-15,14:09:00,2023-11-21,862.65,862.65,862.65,862.65,0,0,1
FINNIFTY21NOV2320600PE.NFO,2023-11-15,14:10:00,2023-11-21,862.65,862.65,862.65,862.65,0,0,1
FINNIFTY21NOV2320600PE.NFO,2023-11-15,14:11:00,2023-11-21,862.65,862.65,862.65,862.65,0,0,1
FINNIFTY21NOV2320600PE.NFO,2023-11-15,14:12:00,2023-11-21,862.65,862.65,862.65,862.65,0,0,1
FINNIFTY21NOV2320600PE.NFO,2023-11-15,14:13:00,2023-11-21,862.65,862.65,862.65,862.65,0,0,1
FINNIFTY21NOV2320600PE.NFO,2023-11-15,14:14:00,2023-11-21,862.65,862.65,862.65,862.65,0,0,1
FINNIFTY21NOV2320600PE.NFO,2023-11-15,14:15:00,2023-11-21,862.65,862.65,862.65,862.65,0,0,1
FINNIFTY21NOV2320600PE.NFO,2023-11-15,14:16:00,2023-11-21,862.65,862.65,862.65,862.65,0,0,1
FINNIFTY21NOV2320600PE.NFO,2023-11-15,14:17:00,2023-11-21,862.65,862.65,862.65,862.65,0,0,1
FINNIFTY21NOV2320600PE.NFO,2023-11-15,14:18:00,2023-11-21,862.65,862.65,862.65,862.65,0,0,1
FINNIFTY21NOV2320600PE.NFO,2023-11-15,14:19:00,2023-11-21,862.65,862.65,862.65,862.65,0,0,1
FINNIFTY21NOV2320600PE.NFO,2023-11-15,14:20:00,2023-11-21,862.65,862.65,862.65,862.65,0,0,1
FINNIFTY21NOV2320600PE.NFO,2023-11-15,14:21:00,2023-11-21,862.65,862.65,862.65,862.65,0,0,1
FINNIFTY21NOV2320600PE.NFO,2023-11-15,14:22:00,2023-11-21,862.65,862.65,862.65,862.65,0,0,1
FINNIFTY21NOV2320600PE.NFO,2023-11-15,14:23:00,2023-11-21,862.65,862.65,862.65,862.65,0,0,1
FINNIFTY21NOV2320600PE.NFO,2023-11-15,14:24:00,2023-11-21,862.65,862.65,862.65,862.65,0,0,1
FINNIFTY21NOV2320600PE.NFO,2023-11-15,14:25:00,2023-11-21,862.65,862.65,862.65,862.65,0,0,1
FINNIFTY21NOV2320600PE.NFO,2023-11-15,14:26:00,2023-11-21,862.65,862.65,862.65,862.65,0,0,1
FINNIFTY21NOV2320600PE.NFO,2023-11-15,14:27:00,2023-11-21,862.65,862.65,862.65,862.65,0,0,1
FINNIFTY21NOV2320600PE.NFO,2023-11-15,14:28:00,2023-11-21,862.65,862.65,862.65,862.65,0,0,1
FINNIFTY21NOV2320600PE.NFO,2023-11-15,14:29:00,2023-11-21,862.65,862.65,862.65,862.65,0,0,1
FINNIFTY21NOV2320600PE.NFO,2023-11-15,14:30:00,2023-11-21,862.65,862.65,862.65,862.65,0,0,1
FINNIFTY21NOV2320600PE.NFO,2023-11-15,14:31:00,2023-11-21,862.65,862.65,862.65,862.65,0,0,1
FINNIFTY21NOV2320600PE.NFO,2023-11-15,14:32:00,2023-11-21,862.65,862.65,862.65,862.65,0,0,1
FINNIFTY21NOV2320600PE.NFO,2023-11-15,14:33:00,2023-11-21,862.65,862.65,862.65,862.65,0,0,1
FINNIFTY21NOV2320600PE.NFO,2023-11-15,14:34:00,2023-11-21,862.65,862.65,862.65,862.65,0,0,1
FINNIFTY21NOV2320600PE.NFO,2023-11-15,14:35:00,2023-11-21,862.65,862.65,862.65,862.65,0,0,1
FINNIFTY21NOV2320600PE.NFO,2023-11-15,14:36:00,2023-11-21,862.65,862.65,862.65,862.65,0,0,1
FINNIFTY21NOV2320600PE.NFO,2023-11-15,14:37:00,2023-11-21,862.65,862.65,862.65,862.65,0,0,1
FINNIFTY21NOV2320600PE.NFO,2023-11-15,14:38:00,2023-11-21,862.65,862.65,862.65,862.65,0,0,1
FINNIFTY21NOV2320600PE.NFO,2023-11-15,14:39:00,2023-11-21,862.65,862.65,862.65,862.65,0,0,1
FINNIFTY21NOV2320600PE.NFO,2023-11-15,14:40:00,2023-11-21,862.65,862.65,862.65,862.65,0,0,1
FINNIFTY21NOV2320600PE.NFO,2023-11-15,14:41:00,2023-11-21,862.65,862.65,862.65,862.65,0,0,1
FINNIFTY21NOV2320600PE.NFO,2023-11-15,14:42:00,2023-11-21,862.65,862.65,862.65,862.65,0,0,1
FINNIFTY21NOV2320600PE.NFO,2023-11-15,14:43:00,2023-11-21,862.65,862.65,862.65,862.65,0,0,1
FINNIFTY21NOV2320600PE.NFO,2023-11-15,14:44:00,2023-11-21,862.65,862.65,862.65,862.65,0,0,1
FINNIFTY21NOV2320600PE.NFO,2023-11-15,14:45:00,2023-11-21,862.65,862.65,862.65,862.65,0,0,1
FINNIFTY21NOV2320600PE.NFO,2023-11-15,14:46:00,2023-11-21,862.65,862.65,862.65,862.65,0,0,1
FINNIFTY21NOV2320600PE.NFO,2023-11-15,14:47:00,2023-11-21,862.65,862.65,862.65,862.65,0,0,1
FINNIFTY21NOV2320600PE.NFO,2023-11-15,14:48:00,2023-11-21,862.65,862.65,862.65,862.65,0,0,1
FINNIFTY21NOV2320600PE.NFO,2023-11-15,14:49:00,2023-11-21,862.65,862.65,862.65,862.65,0,0,1
FINNIFTY21NOV2320600PE.NFO,2023-11-15,14:50:00,2023-11-21,862.65,862.65,862.65,862.65,0,0,1
FINNIFTY21NOV2320600PE.NFO,2023-11-15,14:51:00,2023-11-21,862.65,862.65,862.65,862.65,0,0,1
FINNIFTY21NOV2320600PE.NFO,2023-11-15,14:52:00,2023-11-21,862.65,862.65,862.65,862.65,0,0,1
FINNIFTY21NOV2320600PE.NFO,2023-11-15,14:53:00,2023-11-21,862.65,862.65,862.65,862.65,0,0,1
FINNIFTY21NOV2320600PE.NFO,2023-11-15,14:54:00,2023-11-21,862.65,862.65,862.65,862.65,0,0,1
FINNIFTY21NOV2320600PE.NFO,2023-11-15,14:55:00,2023-11-21,862.65,862.65,862.65,862.65,0,0,1
FINNIFTY21NOV2320600PE.NFO,2023-11-15,14:56:00,2023-11-21,862.65,862.65,862.65,862.65,0,0,1
FINNIFTY21NOV2320600PE.NFO,2023-11-15,14:57:00,2023-11-21,862.65,862.65,862.65,862.65,0,0,1
FINNIFTY21NOV2320600PE.NFO,2023-11-15,14:58:00,2023-11-21,862.65,862.65,862.65,862.65,0,0,1
FINNIFTY21NOV2320600PE.NFO,2023-11-15,14:59:00,2023-11-21,862.65,862.65,862.65,862.65,0,0,1
FINNIFTY21NOV2320600PE.NFO,2023-11-15,15:00:00,2023-11-21,862.65,862.65,862.65,862.65,0,0,1
FINNIFTY21NOV2320600PE.NFO,2023-11-15,15:01:00,2023-11-21,862.65,862.65,862.65,862.65,0,0,1
FINNIFTY21NOV2320600PE.NFO,2023-11-15,15:02:00,2023-11-21,862.65,862.65,862.65,862.65,0,0,1
FINNIFTY21NOV2320600PE.NFO,2023-11-15,15:03:00,2023-11-21,862.65,862.65,862.65,862.65,0,0,1
FINNIFTY21NOV2320600PE.NFO,2023-11-15,15:04:00,2023-11-21,862.65,862.65,862.65,862.65,0,0,1
FINNIFTY21NOV2320600PE.NFO,2023-11-15,15:05:00,2023-11-21,862.65,862.65,862.65,862.65,0,0,1
FINNIFTY21NOV2320600PE.NFO,2023-11-15,15:06:00,2023-11-21,862.65,862.65,862.65,862.65,0,0,1
FINNIFTY21NOV2320600PE.NFO,2023-11-15,15:07:00,2023-11-21,862.65,862.65,862.65,862.65,0,0,1
FINNIFTY21NOV2320600PE.NFO,2023-11-15,15:08:00,2023-11-21,862.65,862.65,862.65,862.65,0,0,1
FINNIFTY21NOV2320600PE.NFO,2023-11-15,15:09:00,2023-11-21,862.65,862.65,862.65,862.65,0,0,1
FINNIFTY21NOV2320600PE.NFO,2023-11-15,15:10:00,2023-11-21,862.65,862.65,862.65,862.65,0,0,1
FINNIFTY21NOV2320600PE.NFO,2023-11-15,15:11:00,2023-11-21,862.65,862.65,862.65,862.65,0,0,1
FINNIFTY21NOV2320600PE.NFO,2023-11-15,15:12:00,2023-11-21,862.65,862.65,862.65,862.65,0,0,1
FINNIFTY21NOV2320600PE.NFO,2023-11-15,15:13:00,2023-11-21,862.65,862.65,862.65,862.65,0,0,1
FINNIFTY21NOV2320600PE.NFO,2023-11-15,15:14:00,2023-11-21,862.65,862.65,862.65,862.65,0,0,1
FINNIFTY21NOV2320600PE.NFO,2023-11-15,15:15:00,2023-11-21,862.65,862.65,862.65,862.65,0,0,1
FINNIFTY21NOV2320600PE.NFO,2023-11-15,15:16:00,2023-11-21,862.65,862.65,862.65,862.65,0,0,1
FINNIFTY21NOV2320600PE.NFO,2023-11-15,15:17:00,2023-11-21,862.65,862.65,862.65,862.65,0,0,1
FINNIFTY21NOV2320600PE.NFO,2023-11-15,15:18:00,2023-11-21,862.65,862.65,862.65,862.65,0,0,1
FINNIFTY21NOV2320600PE.NFO,2023-11-15,15:19:00,2023-11-21,862.65,862.65,862.65,862.65,0,0,1
FINNIFTY21NOV2320600PE.NFO,2023-11-15,15:20:00,2023-11-21,862.65,862.65,862.65,862.65,0,0,1
FINNIFTY21NOV2320600PE.NFO,2023-11-15,15:21:00,2023-11-21,862.65,862.65,862.65,862.65,0,0,1
FINNIFTY21NOV2320600PE.NFO,2023-11-15,15:22:00,2023-11-21,862.65,862.65,862.65,862.65,0,0,1
FINNIFTY21NOV2320600PE.NFO,2023-11-15,15:23:00,2023-11-21,862.65,862.65,862.65,862.65,0,0,1
FINNIFTY21NOV2320600PE.NFO,2023-11-15,15:24:00,2023-11-21,862.65,862.65,862.65,862.65,0,0,1
FINNIFTY21NOV2320600PE.NFO,2023-11-15,15:25:00,2023-11-21,862.65,862.65,862.65,862.65,0,0,1
FINNIFTY21NOV2320600PE.NFO,2023-11-15,15:26:00,2023-11-21,862.65,862.65,862.65,862.65,0,0,1
FINNIFTY21NOV2320600PE.NFO,2023-11-15,15:27:00,2023-11-21,862.65,862.65,862.65,862.65,0,0,1
FINNIFTY21NOV2320600PE.NFO,2023-11-15,15:28:00,2023-11-21,862.65,862.9,862.65,862.65,0,0,0
FINNIFTY21NOV2320600PE.NFO,2023-11-15,15:29:00,2023-11-21,862.65,862.65,862.65,862.65,0,0,0
FINNIFTY21NOV2320600PE.NFO,2023-11-15,15:30:00,2023-11-21,862.65,862.65,862.65,862.65,0,0,1
FINNIFTY21NOV2320600PE.NFO,2023-11-21,09:15:00,2023-11-21,990.35,990.35,990.35,990.35,0,1120,1
FINNIFTY21NOV2320600PE.NFO,2023-11-21,09:16:00,2023-11-21,990.35,990.35,990.35,990.35,0,1120,1
FINNIFTY21NOV2320600PE.NFO,2023-11-21,09:17:00,2023-11-21,990.35,990.35,990.35,990.35,0,1120,1
FINNIFTY21NOV2320600PE.NFO,2023-11-21,09:18:00,2023-11-21,990.35,990.35,990.35,990.35,0,1120,1
FINNIFTY21NOV2320600PE.NFO,2023-11-21,09:19:00,2023-11-21,990.35,990.35,990.35,990.35,0,1120,1
FINNIFTY21NOV2320600PE.NFO,2023-11-21,09:20:00,2023-11-21,990.35,990.35,990.35,990.35,0,1120,1
FINNIFTY21NOV2320600PE.NFO,2023-11-21,09:21:00,2023-11-21,990.35,990.35,990.35,990.35,0,1120,1
FINNIFTY21NOV2320600PE.NFO,2023-11-21,09:22:00,2023-11-21,990.35,990.35,990.35,990.35,0,1120,1
FINNIFTY21NOV2320600PE.NFO,2023-11-21,09:23:00,2023-11-21,990.35,990.35,990.35,990.35,0,1120,1
FINNIFTY21NOV2320600PE.NFO,2023-11-21,09:24:00,2023-11-21,990.35,990.35,990.35,990.35,0,1120,1
FINNIFTY21NOV2320600PE.NFO,2023-11-21,09:25:00,2023-11-21,990.35,990.35,990.35,990.35,0,1120,1
FINNIFTY21NOV2320600PE.NFO,2023-11-21,09:26:00,2023-11-21,990.35,990.35,990.35,990.35,0,1120,1
FINNIFTY21NOV2320600PE.NFO,2023-11-21,09:27:00,2023-11-21,990.35,990.35,990.35,990.35,0,1120,1
FINNIFTY21NOV2320600PE.NFO,2023-11-21,09:28:00,2023-11-21,990.35,990.35,990.35,990.35,0,1120,1
FINNIFTY21NOV2320600PE.NFO,2023-11-21,09:29:00,2023-11-21,990.35,990.35,990.35,990.35,0,1120,1
FINNIFTY21NOV2320600PE.NFO,2023-11-21,09:30:00,2023-11-21,990.35,990.35,990.35,990.35,0,1120,1
FINNIFTY21NOV2320600PE.NFO,2023-11-21,09:31:00,2023-11-21,990.35,990.35,990.35,990.35,0,1120,1
FINNIFTY21NOV2320600PE.NFO,2023-11-21,09:32:00,2023-11-21,990.35,990.35,990.35,990.35,0,1120,1
FINNIFTY21NOV2320600PE.NFO,2023-11-21,09:33:00,2023-11-21,990.35,990.35,990.35,990.35,0,1120,1
FINNIFTY21NOV2320600PE.NFO,2023-11-21,09:34:00,2023-11-21,990.35,990.35,990.35,990.35,0,1120,1
FINNIFTY21NOV2320600PE.NFO,2023-11-21,09:35:00,2023-11-21,990.35,990.35,990.35,990.35,0,1120,1
FINNIFTY21NOV2320600PE.NFO,2023-11-21,09:36:00,2023-11-21,990.35,990.35,990.35,990.35,0,1120,1
FINNIFTY21NOV2320600PE.NFO,2023-11-21,09:37:00,2023-11-21,990.35,990.35,990.35,990.35,0,1120,1
FINNIFTY21NOV2320600PE.NFO,2023-11-21,09:38:00,2023-11-21,990.35,990.35,990.35,990.35,0,1120,1
FINNIFTY21NOV2320600PE.NFO,2023-11-21,09:39:00,2023-11-21,990.35,990.35,990.35,990.35,0,1120,1
FINNIFTY21NOV2320600PE.NFO,2023-11-21,09:40:00,2023-11-21,990.35,990.35,990.35,990.35,0,1120,1
FINNIFTY21NOV2320600PE.NFO,2023-11-21,09:41:00,2023-11-21,990.35,990.35,990.35,990.35,0,1120,1
FINNIFTY21NOV2320600PE.NFO,2023-11-21,09:42:00,2023-11-21,990.35,990.35,990.35,990.35,0,1120,1
FINNIFTY21NOV2320600PE.NFO,2023-11-21,09:43:00,2023-11-21,990.35,990.35,990.35,990.35,0,1120,1
FINNIFTY21NOV2320600PE.NFO,2023-11-21,09:44:00,2023-11-21,990.35,990.35,990.35,990.35,0,1120,1
FINNIFTY21NOV2320600PE.NFO,2023-11-21,09:45:00,2023-11-21,990.35,990.35,990.35,990.35,0,1120,1
FINNIFTY21NOV2320600PE.NFO,2023-11-21,09:46:00,2023-11-21,990.35,990.35,990.35,990.35,0,1120,1
FINNIFTY21NOV2320600PE.NFO,2023-11-21,09:47:00,2023-11-21,990.35,990.35,990.35,990.35,0,1120,1
FINNIFTY21NOV2320600PE.NFO,2023-11-21,09:48:00,2023-11-21,990.35,990.35,990.35,990.35,0,1120,1
FINNIFTY21NOV2320600PE.NFO,2023-11-21,09:49:00,2023-11-21,990.35,990.35,990.35,990.35,0,1120,1
FINNIFTY21NOV2320600PE.NFO,2023-11-21,09:50:00,2023-11-21,990.35,990.35,990.35,990.35,0,1120,1
FINNIFTY21NOV2320600PE.NFO,2023-11-21,09:51:00,2023-11-21,990.35,990.35,990.35,990.35,0,1120,1
FINNIFTY21NOV2320600PE.NFO,2023-11-21,09:52:00,2023-11-21,990.35,990.35,990.35,990.35,0,1120,1
FINNIFTY21NOV2320600PE.NFO,2023-11-21,09:53:00,2023-11-21,990.35,990.35,990.35,990.35,0,1120,1
FINNIFTY21NOV2320600PE.NFO,2023-11-21,09:54:00,2023-11-21,990.35,990.35,990.35,990.35,0,1120,1
FINNIFTY21NOV2320600PE.NFO,2023-11-21,09:55:00,2023-11-21,990.35,990.35,990.35,990.35,0,1120,1
FINNIFTY21NOV2320600PE.NFO,2023-11-21,09:56:00,2023-11-21,990.35,990.35,990.35,990.35,0,1120,1
FINNIFTY21NOV2320600PE.NFO,2023-11-21,09:57:00,2023-11-21,990.35,990.35,990.35,990.35,0,1120,1
FINNIFTY21NOV2320600PE.NFO,2023-11-21,09:58:00,2023-11-21,990.35,990.35,990.35,990.35,0,1120,1
FINNIFTY21NOV2320600PE.NFO,2023-11-21,09:59:00,2023-11-21,990.35,990.35,990.35,990.35,0,1120,1
FINNIFTY21NOV2320600PE.NFO,2023-11-21,10:00:00,2023-11-21,990.35,990.35,990.35,990.35,0,1120,1
FINNIFTY21NOV2320600PE.NFO,2023-11-21,10:01:00,2023-11-21,990.35,990.35,990.35,990.35,0,1120,1
FINNIFTY21NOV2320600PE.NFO,2023-11-21,10:02:00,2023-11-21,990.35,990.35,990.35,990.35,0,1120,1
FINNIFTY21NOV2320600PE.NFO,2023-11-21,10:03:00,2023-11-21,990.35,990.35,990.35,990.35,0,1120,1
FINNIFTY21NOV2320600PE.NFO,2023-11-21,10:04:00,2023-11-21,990.35,990.35,990.35,990.35,0,1120,1
FINNIFTY21NOV2320600PE.NFO,2023-11-21,10:05:00,2023-11-21,990.35,990.35,990.35,990.35,0,1120,1
FINNIFTY21NOV2320600PE.NFO,2023-11-21,10:06:00,2023-11-21,990.35,990.35,990.35,990.35,0,1120,1
FINNIFTY21NOV2320600PE.NFO,2023-11-21,10:07:00,2023-11-21,990.35,990.35,990.35,990.35,0,1120,1
FINNIFTY21NOV2320600PE.NFO,2023-11-21,10:08:00,2023-11-21,990.35,990.35,990.35,990.35,0,1120,1
FINNIFTY21NOV2320600PE.NFO,2023-11-21,10:09:00,2023-11-21,990.35,990.35,990.35,990.35,0,1120,1
FINNIFTY21NOV2320600PE.NFO,2023-11-21,10:10:00,2023-11-21,990.35,990.35,990.35,990.35,0,1120,1
FINNIFTY21NOV2320600PE.NFO,2023-11-21,10:11:00,2023-11-21,990.35,990.35,990.35,990.35,0,1120,1
FINNIFTY21NOV2320600PE.NFO,2023-11-21,10:12:00,2023-11-21,990.35,990.35,990.35,990.35,0,1120,1
FINNIFTY21NOV2320600PE.NFO,2023-11-21,10:13:00,2023-11-21,990.35,990.35,990.35,990.35,0,1120,1
FINNIFTY21NOV2320600PE.NFO,2023-11-21,10:14:00,2023-11-21,990.35,990.35,990.35,990.35,0,1120,1
FINNIFTY21NOV2320600PE.NFO,2023-11-21,10:15:00,2023-11-21,990.35,990.35,990.35,990.35,0,1120,1
FINNIFTY21NOV2320600PE.NFO,2023-11-21,10:16:00,2023-11-21,990.35,990.35,990.35,990.35,0,1120,1
FINNIFTY21NOV2320600PE.NFO,2023-11-21,10:17:00,2023-11-21,990.35,990.35,990.35,990.35,0,1120,1
FINNIFTY21NOV2320600PE.NFO,2023-11-21,10:18:00,2023-11-21,990.35,990.35,990.35,990.35,0,1120,1
FINNIFTY21NOV2320600PE.NFO,2023-11-21,10:19:00,2023-11-21,990.35,990.35,990.35,990.35,0,1120,1
FINNIFTY21NOV2320600PE.NFO,2023-11-21,10:20:00,2023-11-21,990.35,990.35,990.35,990.35,0,1120,1
FINNIFTY21NOV2320600PE.NFO,2023-11-21,10:21:00,2023-11-21,990.35,990.35,990.35,990.35,0,1120,1
FINNIFTY21NOV2320600PE.NFO,2023-11-21,10:22:00,2023-11-21,990.35,990.35,990.35,990.35,0,1120,1
FINNIFTY21NOV2320600PE.NFO,2023-11-21,10:23:00,2023-11-21,990.35,990.35,990.35,990.35,0,1120,1
FINNIFTY21NOV2320600PE.NFO,2023-11-21,10:24:00,2023-11-21,990.35,990.35,990.35,990.35,0,1120,1
FINNIFTY21NOV2320600PE.NFO,2023-11-21,10:25:00,2023-11-21,990.35,990.35,990.35,990.35,0,1120,1
FINNIFTY21NOV2320600PE.NFO,2023-11-21,10:26:00,2023-11-21,990.35,990.35,990.35,990.35,0,1120,1
FINNIFTY21NOV2320600PE.NFO,2023-11-21,10:27:00,2023-11-21,990.35,990.35,990.35,990.35,0,1120,1
FINNIFTY21NOV2320600PE.NFO,2023-11-21,10:28:00,2023-11-21,990.35,990.35,990.35,990.35,0,1120,1
FINNIFTY21NOV2320600PE.NFO,2023-11-21,10:29:00,2023-11-21,990.35,990.35,990.35,990.35,0,1120,1
FINNIFTY21NOV2320600PE.NFO,2023-11-21,10:30:00,2023-11-21,990.35,990.35,990.35,990.35,0,1120,1
FINNIFTY21NOV2320600PE.NFO,2023-11-21,10:31:00,2023-11-21,990.35,990.35,990.35,990.35,0,1120,1
FINNIFTY21NOV2320600PE.NFO,2023-11-21,10:32:00,2023-11-21,990.35,990.35,990.35,990.35,0,1120,1
FINNIFTY21NOV2320600PE.NFO,2023-11-21,10:33:00,2023-11-21,990.35,990.35,990.35,990.35,0,1120,1
FINNIFTY21NOV2320600PE.NFO,2023-11-21,10:34:00,2023-11-21,990.35,990.35,990.35,990.35,0,1120,1
FINNIFTY21NOV2320600PE.NFO,2023-11-21,10:35:00,2023-11-21,990.35,990.35,990.35,990.35,0,1120,1
FINNIFTY21NOV2320600PE.NFO,2023-11-21,10:36:00,2023-11-21,990.35,990.35,990.35,990.35,0,1120,1
FINNIFTY21NOV2320600PE.NFO,2023-11-21,10:37:00,2023-11-21,990.35,990.35,990.35,990.35,0,1120,1
FINNIFTY21NOV2320600PE.NFO,2023-11-21,10:38:00,2023-11-21,990.35,990.35,990.35,990.35,0,1120,1
FINNIFTY21NOV2320600PE.NFO,2023-11-21,10:39:00,2023-11-21,990.35,990.35,990.35,990.35,0,1120,1
FINNIFTY21NOV2320600PE.NFO,2023-11-21,10:40:00,2023-11-21,990.35,990.35,990.35,990.35,0,1120,1
FINNIFTY21NOV2320600PE.NFO,2023-11-21,10:41:00,2023-11-21,990.35,990.35,990.35,990.35,0,1120,1
FINNIFTY21NOV2320600PE.NFO,2023-11-21,10:42:00,2023-11-21,990.35,990.35,990.35,990.35,0,1120,1
FINNIFTY21NOV2320600PE.NFO,2023-11-21,10:43:00,2023-11-21,990.35,990.35,990.35,990.35,0,1120,1
FINNIFTY21NOV2320600PE.NFO,2023-11-21,10:44:00,2023-11-21,990.35,990.35,990.35,990.35,0,1120,1
FINNIFTY21NOV2320600PE.NFO,2023-11-21,10:45:00,2023-11-21,990.35,990.35,990.35,990.35,0,1120,1
FINNIFTY21NOV2320600PE.NFO,2023-11-21,10:46:00,2023-11-21,990.35,990.35,990.35,990.35,0,1120,1
FINNIFTY21NOV2320600PE.NFO,2023-11-21,10:47:00,2023-11-21,990.35,990.35,990.35,990.35,0,1120,1
FINNIFTY21NOV2320600PE.NFO,2023-11-21,10:48:00,2023-11-21,990.35,990.35,990.35,990.35,0,1120,1
FINNIFTY21NOV2320600PE.NFO,2023-11-21,10:49:00,2023-11-21,990.35,990.35,990.35,990.35,0,1120,1
FINNIFTY21NOV2320600PE.NFO,2023-11-21,10:50:00,2023-11-21,990.35,990.35,990.35,990.35,0,1120,1
FINNIFTY21NOV2320600PE.NFO,2023-11-21,10:51:00,2023-11-21,990.35,990.35,990.35,990.35,0,1120,1
FINNIFTY21NOV2320600PE.NFO,2023-11-21,10:52:00,2023-11-21,990.35,990.35,990.35,990.35,0,1120,1
FINNIFTY21NOV2320600PE.NFO,2023-11-21,10:53:00,2023-11-21,990.35,990.35,990.35,990.35,0,1120,1
FINNIFTY21NOV2320600PE.NFO,2023-11-21,10:54:00,2023-11-21,990.35,990.35,990.35,990.35,0,1120,1
FINNIFTY21NOV2320600PE.NFO,2023-11-21,10:55:00,2023-11-21,990.35,990.35,990.35,990.35,0,1120,1
FINNIFTY21NOV2320600PE.NFO,2023-11-21,10:56:00,2023-11-21,990.35,990.35,990.35,990.35,0,1120,1
FINNIFTY21NOV2320600PE.NFO,2023-11-21,10:57:00,2023-11-21,990.35,990.35,990.35,990.35,0,1120,1
FINNIFTY21NOV2320600PE.NFO,2023-11-21,10:58:00,2023-11-21,990.35,990.35,990.35,990.35,0,1120,1
FINNIFTY21NOV2320600PE.NFO,2023-11-21,10:59:00,2023-11-21,990.35,990.35,990.35,990.35,0,1120,1
FINNIFTY21NOV2320600PE.NFO,2023-11-21,11:00:00,2023-11-21,990.35,990.35,990.35,990.35,0,1120,1
FINNIFTY21NOV2320600PE.NFO,2023-11-21,11:01:00,2023-11-21,990.35,990.35,990.35,990.35,0,1120,1
FINNIFTY21NOV2320600PE.NFO,2023-11-21,11:02:00,2023-11-21,990.35,990.35,990.35,990.35,0,1120,1
FINNIFTY21NOV2320600PE.NFO,2023-11-21,11:03:00,2023-11-21,990.35,990.35,990.35,990.35,0,1120,1
FINNIFTY21NOV2320600PE.NFO,2023-11-21,11:04:00,2023-11-21,990.35,990.35,990.35,990.35,0,1120,1
FINNIFTY21NOV2320600PE.NFO,2023-11-21,11:05:00,2023-11-21,990.35,990.35,990.35,990.35,0,1120,1
FINNIFTY21NOV2320600PE.NFO,2023-11-21,11:06:00,2023-11-21,990.35,990.35,990.35,990.35,0,1120,1
FINNIFTY21NOV2320600PE.NFO,2023-11-21,11:07:00,2023-11-21,990.35,990.35,990.35,990.35,0,1120,1
FINNIFTY21NOV2320600PE.NFO,2023-11-21,11:08:00,2023-11-21,990.35,990.35,990.35,990.35,0,1120,1
FINNIFTY21NOV2320600PE.NFO,2023-11-21,11:09:00,2023-11-21,990.35,990.35,990.35,990.35,0,1120,1
FINNIFTY21NOV2320600PE.NFO,2023-11-21,11:10:00,2023-11-21,990.35,990.35,990.35,990.35,0,1120,1
FINNIFTY21NOV2320600PE.NFO,2023-11-21,11:11:00,2023-11-21,990.35,990.35,990.35,990.35,0,1120,1
FINNIFTY21NOV2320600PE.NFO,2023-11-21,11:12:00,2023-11-21,990.35,990.35,990.35,990.35,0,1120,1
FINNIFTY21NOV2320600PE.NFO,2023-11-21,11:13:00,2023-11-21,990.35,990.35,990.35,990.35,0,1120,1
FINNIFTY21NOV2320600PE.NFO,2023-11-21,11:14:00,2023-11-21,990.35,990.35,990.35,990.35,0,1120,1
FINNIFTY21NOV2320600PE.NFO,2023-11-21,11:15:00,2023-11-21,990.35,990.35,990.35,990.35,0,1120,1
FINNIFTY21NOV2320600PE.NFO,2023-11-21,11:16:00,2023-11-21,990.35,990.35,990.35,990.35,0,1120,1
FINNIFTY21NOV2320600PE.NFO,2023-11-21,11:17:00,2023-11-21,990.35,990.35,990.35,990.35,0,1120,1
FINNIFTY21NOV2320600PE.NFO,2023-11-21,11:18:00,2023-11-21,990.35,990.35,990.35,990.35,0,1120,1
FINNIFTY21NOV2320600PE.NFO,2023-11-21,11:19:00,2023-11-21,990.35,990.35,990.35,990.35,0,1120,1
FINNIFTY21NOV2320600PE.NFO,2023-11-21,11:20:00,2023-11-21,990.35,990.35,990.35,990.35,0,1120,1
FINNIFTY21NOV2320600PE.NFO,2023-11-21,11:21:00,2023-11-21,990.35,990.35,990.35,990.35,0,1120,1
FINNIFTY21NOV2320600PE.NFO,2023-11-21,11:22:00,2023-11-21,990.35,990.35,990.35,990.35,0,1120,1
FINNIFTY21NOV2320600PE.NFO,2023-11-21,11:23:00,2023-11-21,990.35,990.35,990.35,990.35,0,1120,1
FINNIFTY21NOV2320600PE.NFO,2023-11-21,11:24:00,2023-11-21,990.35,990.35,990.35,990.35,0,1120,1
FINNIFTY21NOV2320600PE.NFO,2023-11-21,11:25:00,2023-11-21,990.35,990.35,990.35,990.35,0,1120,1
FINNIFTY21NOV2320600PE.NFO,2023-11-21,11:26:00,2023-11-21,990.35,990.35,990.35,990.35,0,1120,1
FINNIFTY21NOV2320600PE.NFO,2023-11-21,11:27:00,2023-11-21,990.35,990.35,990.35,990.35,0,1120,1
FINNIFTY21NOV2320600PE.NFO,2023-11-21,11:28:00,2023-11-21,990.35,990.35,990.35,990.35,0,1120,1
FINNIFTY21NOV2320600PE.NFO,2023-11-21,11:29:00,2023-11-21,990.35,990.35,990.35,990.35,0,1120,1
FINNIFTY21NOV2320600PE.NFO,2023-11-21,11:30:00,2023-11-21,990.35,990.35,990.35,990.35,0,1120,1
FINNIFTY21NOV2320600PE.NFO,2023-11-21,11:31:00,2023-11-21,990.35,990.35,990.35,990.35,0,1120,1
FINNIFTY21NOV2320600PE.NFO,2023-11-21,11:32:00,2023-11-21,990.35,990.35,990.35,990.35,0,1120,1
FINNIFTY21NOV2320600PE.NFO,2023-11-21,11:33:00,2023-11-21,990.35,990.35,990.35,990.35,0,1120,1
FINNIFTY21NOV2320600PE.NFO,2023-11-21,11:34:00,2023-11-21,990.35,990.35,990.35,990.35,0,1120,1
FINNIFTY21NOV2320600PE.NFO,2023-11-21,11:35:00,2023-11-21,990.35,990.35,990.35,990.35,0,1120,1
FINNIFTY21NOV2320600PE.NFO,2023-11-21,11:36:00,2023-11-21,990.35,990.35,990.35,990.35,0,1120,1
FINNIFTY21NOV2320600PE.NFO,2023-11-21,11:37:00,2023-11-21,990.35,990.35,990.35,990.35,0,1120,1
FINNIFTY21NOV2320600PE.NFO,2023-11-21,11:38:00,2023-11-21,990.35,990.35,990.35,990.35,0,1120,1
FINNIFTY21NOV2320600PE.NFO,2023-11-21,11:39:00,2023-11-21,990.35,990.35,990.35,990.35,0,1120,1
FINNIFTY21NOV2320600PE.NFO,2023-11-21,11:40:00,2023-11-21,990.35,990.35,990.35,990.35,0,1120,1
FINNIFTY21NOV2320600PE.NFO,2023-11-21,11:41:00,2023-11-21,990.35,990.35,990.35,990.35,0,1120,1
FINNIFTY21NOV2320600PE.NFO,2023-11-21,11:42:00,2023-11-21,990.35,990.35,990.35,990.35,0,1120,1
FINNIFTY21NOV2320600PE.NFO,2023-11-21,11:43:00,2023-11-21,990.35,990.35,990.35,990.35,0,1120,1
FINNIFTY21NOV2320600PE.NFO,2023-11-21,11:44:00,2023-11-21,990.35,990.35,990.35,990.35,0,1120,1
FINNIFTY21NOV2320600PE.NFO,2023-11-21,11:45:00,2023-11-21,990.35,990.35,990.35,990.35,0,1120,1
FINNIFTY21NOV2320600PE.NFO,2023-11-21,11:46:00,2023-11-21,990.35,990.35,990.35,990.35,0,1120,1
FINNIFTY21NOV2320600PE.NFO,2023-11-21,11:47:00,2023-11-21,990.35,990.35,990.35,990.35,0,1120,1
FINNIFTY21NOV2320600PE.NFO,2023-11-21,11:48:00,2023-11-21,990.35,990.35,990.35,990.35,0,1120,1
FINNIFTY21NOV2320600PE.NFO,2023-11-21,11:49:00,2023-11-21,990.35,990.35,990.35,990.35,0,1120,1
FINNIFTY21NOV2320600PE.NFO,2023-11-21,11:50:00,2023-11-21,990.35,990.35,990.35,990.35,0,1120,1
FINNIFTY21NOV2320600PE.NFO,2023-11-21,11:51:00,2023-11-21,990.35,990.35,990.35,990.35,0,1120,1
FINNIFTY21NOV2320600PE.NFO,2023-11-21,11:52:00,2023-11-21,990.35,990.35,990.35,990.35,0,1120,1
FINNIFTY21NOV2320600PE.NFO,2023-11-21,11:53:00,2023-11-21,990.35,990.35,990.35,990.35,0,1120,1
FINNIFTY21NOV2320600PE.NFO,2023-11-21,11:54:00,2023-11-21,990.35,990.35,990.35,990.35,0,1120,1
FINNIFTY21NOV2320600PE.NFO,2023-11-21,11:55:00,2023-11-21,990.35,990.35,990.35,990.35,0,1120,1
FINNIFTY21NOV2320600PE.NFO,2023-11-21,11:56:00,2023-11-21,990.35,990.35,990.35,990.35,0,1120,1
FINNIFTY21NOV2320600PE.NFO,2023-11-21,11:57:00,2023-11-21,990.35,990.35,990.35,990.35,0,1120,1
FINNIFTY21NOV2320600PE.NFO,2023-11-21,11:58:00,2023-11-21,990.35,990.35,990.35,990.35,0,1120,1
FINNIFTY21NOV2320600PE.NFO,2023-11-21,11:59:00,2023-11-21,990.35,990.35,990.35,990.35,0,1120,1
FINNIFTY21NOV2320600PE.NFO,2023-11-21,12:00:00,2023-11-21,990.35,990.35,990.35,990.35,0,1120,1
FINNIFTY21NOV2320600PE.NFO,2023-11-21,12:01:00,2023-11-21,990.35,990.35,990.35,990.35,0,1120,1
FINNIFTY21NOV2320600PE.NFO,2023-11-21,12:02:00,2023-11-21,990.35,990.35,990.35,990.35,0,1120,1
FINNIFTY21NOV2320600PE.NFO,2023-11-21,12:03:00,2023-11-21,990.35,990.35,990.35,990.35,0,1120,1
FINNIFTY21NOV2320600PE.NFO,2023-11-21,12:04:00,2023-11-21,990.35,990.35,990.35,990.35,0,1120,1
FINNIFTY21NOV2320600PE.NFO,2023-11-21,12:05:00,2023-11-21,990.35,990.35,990.35,990.35,0,1120,1
FINNIFTY21NOV2320600PE.NFO,2023-11-21,12:06:00,2023-11-21,990.35,990.35,990.35,990.35,0,1120,1
FINNIFTY21NOV2320600PE.NFO,2023-11-21,12:07:00,2023-11-21,990.35,990.35,990.35,990.35,0,1120,1
FINNIFTY21NOV2320600PE.NFO,2023-11-21,12:08:00,2023-11-21,990.35,990.35,990.35,990.35,0,1120,1
FINNIFTY21NOV2320600PE.NFO,2023-11-21,12:09:00,2023-11-21,990.35,990.35,990.35,990.35,0,1120,1
FINNIFTY21NOV2320600PE.NFO,2023-11-21,12:10:00,2023-11-21,990.35,990.35,990.35,990.35,0,1120,1
FINNIFTY21NOV2320600PE.NFO,2023-11-21,12:11:00,2023-11-21,990.35,990.35,990.35,990.35,0,1120,1
FINNIFTY21NOV2320600PE.NFO,2023-11-21,12:12:00,2023-11-21,990.35,990.35,990.35,990.35,0,1120,1
FINNIFTY21NOV2320600PE.NFO,2023-11-21,12:13:00,2023-11-21,990.35,990.35,990.35,990.35,0,1120,1
FINNIFTY21NOV2320600PE.NFO,2023-11-21,12:14:00,2023-11-21,990.35,990.35,990.35,990.35,0,1120,1
FINNIFTY21NOV2320600PE.NFO,2023-11-21,12:15:00,2023-11-21,990.35,990.35,990.35,990.35,0,1120,1
FINNIFTY21NOV2320600PE.NFO,2023-11-21,12:16:00,2023-11-21,990.35,990.35,990.35,990.35,0,1120,1
FINNIFTY21NOV2320600PE.NFO,2023-11-21,12:17:00,2023-11-21,990.35,990.35,990.35,990.35,0,1120,1
FINNIFTY21NOV2320600PE.NFO,2023-11-21,12:18:00,2023-11-21,990.35,990.35,990.35,990.35,0,1120,1
FINNIFTY21NOV2320600PE.NFO,2023-11-21,12:19:00,2023-11-21,990.35,990.35,990.35,990.35,0,1120,1
FINNIFTY21NOV2320600PE.NFO,2023-11-21,12:20:00,2023-11-21,990.35,990.35,990.35,990.35,0,1120,1
FINNIFTY21NOV2320600PE.NFO,2023-11-21,12:21:00,2023-11-21,990.35,990.35,990.35,990.35,0,1120,1
FINNIFTY21NOV2320600PE.NFO,2023-11-21,12:22:00,2023-11-21,990.35,990.35,990.35,990.35,0,1120,1
FINNIFTY21NOV2320600PE.NFO,2023-11-21,12:23:00,2023-11-21,990.35,990.35,990.35,990.35,0,1120,1
FINNIFTY21NOV2320600PE.NFO,2023-11-21,12:24:00,2023-11-21,990.35,990.35,990.35,990.35,0,1120,1
FINNIFTY21NOV2320600PE.NFO,2023-11-21,12:25:00,2023-11-21,990.35,990.35,990.35,990.35,0,1120,1
FINNIFTY21NOV2320600PE.NFO,2023-11-21,12:26:00,2023-11-21,990.35,990.35,990.35,990.35,0,1120,1
FINNIFTY21NOV2320600PE.NFO,2023-11-21,12:27:00,2023-11-21,990.35,990.35,990.35,990.35,0,1120,1
FINNIFTY21NOV2320600PE.NFO,2023-11-21,12:28:00,2023-11-21,990.35,990.35,990.35,990.35,0,1120,1
FINNIFTY21NOV2320600PE.NFO,2023-11-21,12:29:00,2023-11-21,990.35,990.35,990.35,990.35,0,1120,1
FINNIFTY21NOV2320600PE.NFO,2023-11-21,12:30:00,2023-11-21,990.35,990.35,990.35,990.35,0,1120,1
FINNIFTY21NOV2320600PE.NFO,2023-11-21,12:31:00,2023-11-21,990.35,990.35,990.35,990.35,0,1120,1
FINNIFTY21NOV2320600PE.NFO,2023-11-21,12:32:00,2023-11-21,990.35,990.35,990.35,990.35,0,1120,1
FINNIFTY21NOV2320600PE.NFO,2023-11-21,12:33:00,2023-11-21,990.35,990.35,990.35,990.35,0,1120,1
FINNIFTY21NOV2320600PE.NFO,2023-11-21,12:34:00,2023-11-21,990.35,990.35,990.35,990.35,0,1120,1
FINNIFTY21NOV2320600PE.NFO,2023-11-21,12:35:00,2023-11-21,990.35,990.35,990.35,990.35,0,1120,1
FINNIFTY21NOV2320600PE.NFO,2023-11-21,12:36:00,2023-11-21,990.35,990.35,990.35,990.35,0,1120,1
FINNIFTY21NOV2320600PE.NFO,2023-11-21,12:37:00,2023-11-21,990.35,990.35,990.35,990.35,0,1120,1
FINNIFTY21NOV2320600PE.NFO,2023-11-21,12:38:00,2023-11-21,990.35,990.35,990.35,990.35,0,1120,1
FINNIFTY21NOV2320600PE.NFO,2023-11-21,12:39:00,2023-11-21,990.35,990.35,990.35,990.35,0,1120,1
FINNIFTY21NOV2320600PE.NFO,2023-11-21,12:40:00,2023-11-21,990.35,990.35,990.35,990.35,0,1120,1
FINNIFTY21NOV2320600PE.NFO,2023-11-21,12:41:00,2023-11-21,990.35,990.35,990.35,990.35,0,1120,1
FINNIFTY21NOV2320600PE.NFO,2023-11-21,12:42:00,2023-11-21,990.35,990.35,990.35,990.35,0,1120,1
FINNIFTY21NOV2320600PE.NFO,2023-11-21,12:43:00,2023-11-21,990.35,990.35,990.35,990.35,0,1120,1
FINNIFTY21NOV2320600PE.NFO,2023-11-21,12:44:00,2023-11-21,990.35,990.35,990.35,990.35,0,1120,1
FINNIFTY21NOV2320600PE.NFO,2023-11-21,12:45:00,2023-11-21,990.35,990.35,990.35,990.35,0,1120,1
FINNIFTY21NOV2320600PE.NFO,2023-11-21,12:46:00,2023-11-21,990.35,990.35,990.35,990.35,0,1120,1
FINNIFTY21NOV2320600PE.NFO,2023-11-21,12:47:00,2023-11-21,990.35,990.35,990.35,990.35,0,1120,1
FINNIFTY21NOV2320600PE.NFO,2023-11-21,12:48:00,2023-11-21,990.35,990.35,990.35,990.35,0,1120,1
FINNIFTY21NOV2320600PE.NFO,2023-11-21,12:49:00,2023-11-21,990.35,990.35,990.35,990.35,0,1120,1
FINNIFTY21NOV2320600PE.NFO,2023-11-21,12:50:00,2023-11-21,990.35,990.35,990.35,990.35,0,1120,1
FINNIFTY21NOV2320600PE.NFO,2023-11-21,12:51:00,2023-11-21,990.35,990.35,990.35,990.35,0,1120,1
FINNIFTY21NOV2320600PE.NFO,2023-11-21,12:52:00,2023-11-21,990.35,990.35,990.35,990.35,0,1120,1
FINNIFTY21NOV2320600PE.NFO,2023-11-21,12:53:00,2023-11-21,990.35,990.35,990.35,990.35,0,1120,1
FINNIFTY21NOV2320600PE.NFO,2023-11-21,12:54:00,2023-11-21,990.35,990.35,990.35,990.35,0,1120,1
FINNIFTY21NOV2320600PE.NFO,2023-11-21,12:55:00,2023-11-21,990.35,990.35,990.35,990.35,0,1120,1
FINNIFTY21NOV2320600PE.NFO,2023-11-21,12:56:00,2023-11-21,990.35,990.35,990.35,990.35,0,1120,1
FINNIFTY21NOV2320600PE.NFO,2023-11-21,12:57:00,2023-11-21,990.35,990.35,990.35,990.35,0,1120,1
FINNIFTY21NOV2320600PE.NFO,2023-11-21,12:58:00,2023-11-21,990.35,990.35,990.35,990.35,0,1120,1
FINNIFTY21NOV2320600PE.NFO,2023-11-21,12:59:00,2023-11-21,990.35,990.35,990.35,990.35,0,1120,1
FINNIFTY21NOV2320600PE.NFO,2023-11-21,13:00:00,2023-11-21,990.35,990.35,990.35,990.35,0,1120,1
FINNIFTY21NOV2320600PE.NFO,2023-11-21,13:01:00,2023-11-21,990.35,990.35,990.35,990.35,0,1120,1
FINNIFTY21NOV2320600PE.NFO,2023-11-21,13:02:00,2023-11-21,990.35,990.35,990.35,990.35,0,1120,1
FINNIFTY21NOV2320600PE.NFO,2023-11-21,13:03:00,2023-11-21,990.35,990.35,990.35,990.35,0,1120,1
FINNIFTY21NOV2320600PE.NFO,2023-11-21,13:04:00,2023-11-21,990.35,990.35,990.35,990.35,0,1120,1
FINNIFTY21NOV2320600PE.NFO,2023-11-21,13:05:00,2023-11-21,990.35,990.35,990.35,990.35,0,1120,1
FINNIFTY21NOV2320600PE.NFO,2023-11-21,13:06:00,2023-11-21,990.35,990.35,990.35,990.35,0,1120,1
FINNIFTY21NOV2320600PE.NFO,2023-11-21,13:07:00,2023-11-21,990.35,990.35,990.35,990.35,0,1120,1
FINNIFTY21NOV2320600PE.NFO,2023-11-21,13:08:00,2023-11-21,990.35,990.35,990.35,990.35,0,1120,1
FINNIFTY21NOV2320600PE.NFO,2023-11-21,13:09:00,2023-11-21,990.35,990.35,990.35,990.35,0,1120,1
FINNIFTY21NOV2320600PE.NFO,2023-11-21,13:10:00,2023-11-21,990.35,990.35,990.35,990.35,0,1120,1
FINNIFTY21NOV2320600PE.NFO,2023-11-21,13:11:00,2023-11-21,990.35,990.35,990.35,990.35,0,1120,1
FINNIFTY21NOV2320600PE.NFO,2023-11-21,13:12:00,2023-11-21,990.35,990.35,990.35,990.35,0,1120,1
FINNIFTY21NOV2320600PE.NFO,2023-11-21,13:13:00,2023-11-21,990.35,990.35,990.35,990.35,0,1120,1
FINNIFTY21NOV2320600PE.NFO,2023-11-21,13:14:00,2023-11-21,990.35,990.35,990.35,990.35,0,1120,1
FINNIFTY21NOV2320600PE.NFO,2023-11-21,13:15:00,2023-11-21,990.35,990.35,990.35,990.35,0,1120,1
FINNIFTY21NOV2320600PE.NFO,2023-11-21,13:16:00,2023-11-21,990.35,990.35,990.35,990.35,0,1120,1
FINNIFTY21NOV2320600PE.NFO,2023-11-21,13:17:00,2023-11-21,990.35,990.35,990.35,990.35,0,1120,1
FINNIFTY21NOV2320600PE.NFO,2023-11-21,13:18:00,2023-11-21,990.35,990.35,990.35,990.35,0,1120,1
FINNIFTY21NOV2320600PE.NFO,2023-11-21,13:19:00,2023-11-21,990.35,990.35,990.35,990.35,0,1120,1
FINNIFTY21NOV2320600PE.NFO,2023-11-21,13:20:00,2023-11-21,990.35,990.35,990.35,990.35,0,1120,1
FINNIFTY21NOV2320600PE.NFO,2023-11-21,13:21:00,2023-11-21,990.35,990.35,990.35,990.35,0,1120,1
FINNIFTY21NOV2320600PE.NFO,2023-11-21,13:22:00,2023-11-21,990.35,990.35,990.35,990.35,0,1120,1
FINNIFTY21NOV2320600PE.NFO,2023-11-21,13:23:00,2023-11-21,990.35,990.35,990.35,990.35,0,1120,1
FINNIFTY21NOV2320600PE.NFO,2023-11-21,13:24:00,2023-11-21,990.35,990.35,990.35,990.35,0,1120,1
FINNIFTY21NOV2320600PE.NFO,2023-11-21,13:25:00,2023-11-21,990.35,990.35,990.35,990.35,0,1120,1
FINNIFTY21NOV2320600PE.NFO,2023-11-21,13:26:00,2023-11-21,990.35,990.35,990.35,990.35,0,1120,1
FINNIFTY21NOV2320600PE.NFO,2023-11-21,13:27:00,2023-11-21,990.35,990.35,990.35,990.35,0,1120,1
FINNIFTY21NOV2320600PE.NFO,2023-11-21,13:28:00,2023-11-21,990.35,990.35,990.35,990.35,0,1120,1
FINNIFTY21NOV2320600PE.NFO,2023-11-21,13:29:00,2023-11-21,990.35,990.35,990.35,990.35,0,1120,1
FINNIFTY21NOV2320600PE.NFO,2023-11-21,13:30:00,2023-11-21,990.35,990.35,990.35,990.35,0,1120,1
FINNIFTY21NOV2320600PE.NFO,2023-11-21,13:31:00,2023-11-21,990.35,990.35,990.35,990.35,0,1120,1
FINNIFTY21NOV2320600PE.NFO,2023-11-21,13:32:00,2023-11-21,990.35,990.35,990.35,990.35,0,1120,1
FINNIFTY21NOV2320600PE.NFO,2023-11-21,13:33:00,2023-11-21,990.35,990.35,990.35,990.35,0,1120,1
FINNIFTY21NOV2320600PE.NFO,2023-11-21,13:34:00,2023-11-21,990.35,990.35,990.35,990.35,0,1120,1
FINNIFTY21NOV2320600PE.NFO,2023-11-21,13:35:00,2023-11-21,990.35,990.35,990.35,990.35,0,1120,1
FINNIFTY21NOV2320600PE.NFO,2023-11-21,13:36:00,2023-11-21,990.35,990.35,990.35,990.35,0,1120,1
FINNIFTY21NOV2320600PE.NFO,2023-11-21,13:37:00,2023-11-21,990.35,990.35,990.35,990.35,0,1120,1
FINNIFTY21NOV2320600PE.NFO,2023-11-21,13:38:00,2023-11-21,990.35,990.35,990.35,990.35,0,1120,1
FINNIFTY21NOV2320600PE.NFO,2023-11-21,13:39:00,2023-11-21,990.35,990.35,990.35,990.35,0,1120,1
FINNIFTY21NOV2320600PE.NFO,2023-11-21,13:40:00,2023-11-21,990.35,990.35,990.35,990.35,0,1120,1
FINNIFTY21NOV2320600PE.NFO,2023-11-21,13:41:00,2023-11-21,990.35,990.35,990.35,990.35,0,1120,1
FINNIFTY21NOV2320600PE.NFO,2023-11-21,13:42:00,2023-11-21,990.35,990.35,990.35,990.35,0,1120,1
FINNIFTY21NOV2320600PE.NFO,2023-11-21,13:43:00,2023-11-21,990.35,990.35,990.35,990.35,0,1120,1
FINNIFTY21NOV2320600PE.NFO,2023-11-21,13:44:00,2023-11-21,990.35,990.35,990.35,990.35,0,1120,1
FINNIFTY21NOV2320600PE.NFO,2023-11-21,13:45:00,2023-11-21,990.35,990.35,990.35,990.35,0,1120,1
FINNIFTY21NOV2320600PE.NFO,2023-11-21,13:46:00,2023-11-21,990.35,990.35,990.35,990.35,0,1120,1
FINNIFTY21NOV2320600PE.NFO,2023-11-21,13:47:00,2023-11-21,990.35,990.35,990.35,990.35,0,1120,1
FINNIFTY21NOV2320600PE.NFO,2023-11-21,13:48:00,2023-11-21,990.35,990.35,990.35,990.35,0,1120,1
FINNIFTY21NOV2320600PE.NFO,2023-11-21,13:49:00,2023-11-21,990.35,990.35,990.35,990.35,0,1120,1
FINNIFTY21NOV2320600PE.NFO,2023-11-21,13:50:00,2023-11-21,990.35,990.35,990.35,990.35,0,1120,1
FINNIFTY21NOV2320600PE.NFO,2023-11-21,13:51:00,2023-11-21,990.35,990.35,990.35,990.35,0,1120,1
FINNIFTY21NOV2320600PE.NFO,2023-11-21,13:52:00,2023-11-21,990.35,990.35,990.35,990.35,0,1120,1
FINNIFTY21NOV2320600PE.NFO,2023-11-21,13:53:00,2023-11-21,990.35,990.35,990.35,990.35,0,1120,1
FINNIFTY21NOV2320600PE.NFO,2023-11-21,13:54:00,2023-11-21,990.35,990.35,990.35,990.35,0,1120,1
FINNIFTY21NOV2320600PE.NFO,2023-11-21,13:55:00,2023-11-21,990.35,990.35,990.35,990.35,0,1120,1
FINNIFTY21NOV2320600PE.NFO,2023-11-21,13:56:00,2023-11-21,990.35,990.35,990.35,990.35,0,1120,1
FINNIFTY21NOV2320600PE.NFO,2023-11-21,13:57:00,2023-11-21,990.35,990.35,990.35,990.35,0,1120,1
FINNIFTY21NOV2320600PE.NFO,2023-11-21,13:58:00,2023-11-21,990.35,990.35,990.35,990.35,0,1120,1
FINNIFTY21NOV2320600PE.NFO,2023-11-21,13:59:00,2023-11-21,990.35,990.35,990.35,990.35,0,1120,1
FINNIFTY21NOV2320600PE.NFO,2023-11-21,14:00:00,2023-11-21,990.35,990.35,990.35,990.35,0,1120,1
FINNIFTY21NOV2320600PE.NFO,2023-11-21,14:01:00,2023-11-21,990.35,990.35,990.35,990.35,0,1120,1
FINNIFTY21NOV2320600PE.NFO,2023-11-21,14:02:00,2023-11-21,990.35,990.35,990.35,990.35,0,1120,1
FINNIFTY21NOV2320600PE.NFO,2023-11-21,14:03:00,2023-11-21,990.35,990.35,990.35,990.35,0,1120,1
FINNIFTY21NOV2320600PE.NFO,2023-11-21,14:04:00,2023-11-21,990.35,990.35,990.35,990.35,0,1120,1
FINNIFTY21NOV2320600PE.NFO,2023-11-21,14:05:00,2023-11-21,990.35,990.35,990.35,990.35,0,1120,1
FINNIFTY21NOV2320600PE.NFO,2023-11-21,14:06:00,2023-11-21,990.35,990.35,990.35,990.35,0,1120,1
FINNIFTY21NOV2320600PE.NFO,2023-11-21,14:07:00,2023-11-21,990.35,990.35,990.35,990.35,0,1120,1
FINNIFTY21NOV2320600PE.NFO,2023-11-21,14:08:00,2023-11-21,990.35,990.35,990.35,990.35,0,1120,1
FINNIFTY21NOV2320600PE.NFO,2023-11-21,14:09:00,2023-11-21,990.35,990.35,990.35,990.35,0,1120,1
FINNIFTY21NOV2320600PE.NFO,2023-11-21,14:10:00,2023-11-21,990.35,990.35,990.35,990.35,0,1120,1
FINNIFTY21NOV2320600PE.NFO,2023-11-21,14:11:00,2023-11-21,990.35,990.35,990.35,990.35,0,1120,1
FINNIFTY21NOV2320600PE.NFO,2023-11-21,14:12:00,2023-11-21,990.35,990.35,990.35,990.35,0,1120,1
FINNIFTY21NOV2320600PE.NFO,2023-11-21,14:13:00,2023-11-21,990.35,990.35,990.35,990.35,0,1120,1
FINNIFTY21NOV2320600PE.NFO,2023-11-21,14:14:00,2023-11-21,990.35,990.35,990.35,990.35,0,1120,1
FINNIFTY21NOV2320600PE.NFO,2023-11-21,14:15:00,2023-11-21,990.35,990.35,990.35,990.35,0,1120,1
FINNIFTY21NOV2320600PE.NFO,2023-11-21,14:16:00,2023-11-21,990.35,990.35,990.35,990.35,0,1120,1
FINNIFTY21NOV2320600PE.NFO,2023-11-21,14:17:00,2023-11-21,990.35,990.35,990.35,990.35,0,1120,1
FINNIFTY21NOV2320600PE.NFO,2023-11-21,14:18:00,2023-11-21,990.35,990.35,990.35,990.35,0,1120,1
FINNIFTY21NOV2320600PE.NFO,2023-11-21,14:19:00,2023-11-21,990.35,990.35,990.35,990.35,0,1120,1
FINNIFTY21NOV2320600PE.NFO,2023-11-21,14:20:00,2023-11-21,990.35,990.35,990.35,990.35,0,1120,1
FINNIFTY21NOV2320600PE.NFO,2023-11-21,14:21:00,2023-11-21,990.35,990.35,990.35,990.35,0,1120,1
FINNIFTY21NOV2320600PE.NFO,2023-11-21,14:22:00,2023-11-21,990.35,990.35,990.35,990.35,0,1120,1
FINNIFTY21NOV2320600PE.NFO,2023-11-21,14:23:00,2023-11-21,990.35,990.35,990.35,990.35,0,1120,1
FINNIFTY21NOV2320600PE.NFO,2023-11-21,14:24:00,2023-11-21,990.35,990.35,990.35,990.35,0,1120,1
FINNIFTY21NOV2320600PE.NFO,2023-11-21,14:25:00,2023-11-21,990.35,990.35,990.35,990.35,0,1120,1
FINNIFTY21NOV2320600PE.NFO,2023-11-21,14:26:00,2023-11-21,990.35,990.35,990.35,990.35,0,1120,1
FINNIFTY21NOV2320600PE.NFO,2023-11-21,14:27:00,2023-11-21,990.35,990.35,990.35,990.35,0,1120,1
FINNIFTY21NOV2320600PE.NFO,2023-11-21,14:28:00,2023-11-21,990.35,990.35,990.35,990.35,0,1120,1
FINNIFTY21NOV2320600PE.NFO,2023-11-21,14:29:00,2023-11-21,990.35,990.35,990.35,990.35,0,1120,1
FINNIFTY21NOV2320600PE.NFO,2023-11-21,14:30:00,2023-11-21,990.35,990.35,990.35,990.35,0,1120,1
FINNIFTY21NOV2320600PE.NFO,2023-11-21,14:31:00,2023-11-21,990.35,990.35,990.35,990.35,0,1120,1
FINNIFTY21NOV2320600PE.NFO,2023-11-21,14:32:00,2023-11-21,990.35,990.35,990.35,990.35,0,1120,1
FINNIFTY21NOV2320600PE.NFO,2023-11-21,14:33:00,2023-11-21,990.35,990.35,990.35,990.35,0,1120,1
FINNIFTY21NOV2320600PE.NFO,2023-11-21,14:34:00,2023-11-21,990.35,990.35,990.35,990.35,0,1120,1
FINNIFTY21NOV2320600PE.NFO,2023-11-21,14:35:00,2023-11-21,990.35,990.35,990.35,990.35,0,1120,1
FINNIFTY21NOV2320600PE.NFO,2023-11-21,14:36:00,2023-11-21,990.35,990.35,990.35,990.35,0,1120,1
FINNIFTY21NOV2320600PE.NFO,2023-11-21,14:37:00,2023-11-21,990.35,990.35,990.35,990.35,0,1120,1
FINNIFTY21NOV2320600PE.NFO,2023-11-21,14:38:00,2023-11-21,990.35,990.35,990.35,990.35,0,1120,1
FINNIFTY21NOV2320600PE.NFO,2023-11-21,14:39:00,2023-11-21,990.35,990.35,990.35,990.35,0,1120,1
FINNIFTY21NOV2320600PE.NFO,2023-11-21,14:40:00,2023-11-21,990.35,990.35,990.35,990.35,0,1120,1
FINNIFTY21NOV2320600PE.NFO,2023-11-21,14:41:00,2023-11-21,990.35,990.35,990.35,990.35,0,1120,1
FINNIFTY21NOV2320600PE.NFO,2023-11-21,14:42:00,2023-11-21,990.35,990.35,990.35,990.35,0,1120,1
FINNIFTY21NOV2320600PE.NFO,2023-11-21,14:43:00,2023-11-21,990.35,990.35,990.35,990.35,0,1120,1
FINNIFTY21NOV2320600PE.NFO,2023-11-21,14:44:00,2023-11-21,990.35,990.35,990.35,990.35,0,1120,1
FINNIFTY21NOV2320600PE.NFO,2023-11-21,14:45:00,2023-11-21,990.35,990.35,990.35,990.35,0,1120,1
FINNIFTY21NOV2320600PE.NFO,2023-11-21,14:46:00,2023-11-21,990.35,990.35,990.35,990.35,0,1120,1
FINNIFTY21NOV2320600PE.NFO,2023-11-21,14:47:00,2023-11-21,990.35,990.35,990.35,990.35,0,1120,1
FINNIFTY21NOV2320600PE.NFO,2023-11-21,14:48:00,2023-11-21,990.35,990.35,990.35,990.35,0,1120,1
FINNIFTY21NOV2320600PE.NFO,2023-11-21,14:49:00,2023-11-21,990.35,990.35,990.35,990.35,0,1120,1
FINNIFTY21NOV2320600PE.NFO,2023-11-21,14:50:00,2023-11-21,990.35,990.35,990.35,990.35,0,1120,1
FINNIFTY21NOV2320600PE.NFO,2023-11-21,14:51:00,2023-11-21,990.35,990.35,990.35,990.35,0,1120,1
FINNIFTY21NOV2320600PE.NFO,2023-11-21,14:52:00,2023-11-21,990.35,990.35,990.35,990.35,0,1120,1
FINNIFTY21NOV2320600PE.NFO,2023-11-21,14:53:00,2023-11-21,990.35,990.35,990.35,990.35,0,1120,1
FINNIFTY21NOV2320600PE.NFO,2023-11-21,14:54:00,2023-11-21,990.35,990.35,990.35,990.35,0,1120,1
FINNIFTY21NOV2320600PE.NFO,2023-11-21,14:55:00,2023-11-21,990.35,990.35,990.35,990.35,0,1120,1
FINNIFTY21NOV2320600PE.NFO,2023-11-21,14:56:00,2023-11-21,990.35,990.35,990.35,990.35,0,1120,1
FINNIFTY21NOV2320600PE.NFO,2023-11-21,14:57:00,2023-11-21,990.35,990.35,990.35,990.35,0,1120,1
FINNIFTY21NOV2320600PE.NFO,2023-11-21,14:58:00,2023-11-21,990.35,990.35,990.35,990.35,0,1120,1
FINNIFTY21NOV2320600PE.NFO,2023-11-21,14:59:00,2023-11-21,990.35,990.35,990.35,990.35,0,1120,1
FINNIFTY21NOV2320600PE.NFO,2023-11-21,15:00:00,2023-11-21,990.35,990.35,990.35,990.35,0,1120,1
FINNIFTY21NOV2320600PE.NFO,2023-11-21,15:01:00,2023-11-21,990.35,990.35,990.35,990.35,0,1120,1
FINNIFTY21NOV2320600PE.NFO,2023-11-21,15:02:00,2023-11-21,990.35,990.35,990.35,990.35,0,1120,1
FINNIFTY21NOV2320600PE.NFO,2023-11-21,15:03:00,2023-11-21,990.35,990.35,990.35,990.35,0,1120,0
FINNIFTY21NOV2320600PE.NFO,2023-11-21,15:04:00,2023-11-21,990.35,990.35,990.35,990.35,0,1120,0
FINNIFTY21NOV2320600PE.NFO,2023-11-21,15:05:00,2023-11-21,990.35,990.35,990.35,990.35,0,1120,0
FINNIFTY21NOV2320600PE.NFO,2023-11-21,15:06:00,2023-11-21,990.35,990.35,990.35,990.35,0,1120,0
FINNIFTY21NOV2320600PE.NFO,2023-11-21,15:07:00,2023-11-21,990.35,990.35,990.35,990.35,0,1120,0
FINNIFTY21NOV2320600PE.NFO,2023-11-21,15:08:00,2023-11-21,990.35,990.35,990.35,990.35,0,1120,0
FINNIFTY21NOV2320600PE.NFO,2023-11-21,15:09:00,2023-11-21,990.35,990.35,990.35,990.35,0,1120,0
FINNIFTY21NOV2320600PE.NFO,2023-11-21,15:10:00,2023-11-21,990.35,990.35,990.35,990.35,0,1120,0
FINNIFTY21NOV2320600PE.NFO,2023-11-21,15:11:00,2023-11-21,990.35,990.35,990.35,990.35,0,1120,0
FINNIFTY21NOV2320600PE.NFO,2023-11-21,15:12:00,2023-11-21,990.35,990.35,990.35,990.35,0,1120,0
FINNIFTY21NOV2320600PE.NFO,2023-11-21,15:13:00,2023-11-21,990.35,990.35,990.35,990.35,0,1120,0
FINNIFTY21NOV2320600PE.NFO,2023-11-21,15:14:00,2023-11-21,990.35,990.35,990.35,990.35,0,1120,0
FINNIFTY21NOV2320600PE.NFO,2023-11-21,15:15:00,2023-11-21,990.35,990.35,990.35,990.35,0,1120,0
FINNIFTY21NOV2320600PE.NFO,2023-11-21,15:16:00,2023-11-21,990.35,990.35,990.35,990.35,0,1120,0
FINNIFTY21NOV2320600PE.NFO,2023-11-21,15:17:00,2023-11-21,990.35,990.35,990.35,990.35,0,1120,0
FINNIFTY21NOV2320600PE.NFO,2023-11-21,15:18:00,2023-11-21,990.35,990.35,990.35,990.35,0,1120,0
FINNIFTY21NOV2320600PE.NFO,2023-11-21,15:19:00,2023-11-21,990.35,990.35,990.35,990.35,0,1120,0
FINNIFTY21NOV2320600PE.NFO,2023-11-21,15:20:00,2023-11-21,990.35,990.35,990.35,990.35,0,1120,0
FINNIFTY21NOV2320600PE.NFO,2023-11-21,15:21:00,2023-11-21,990.35,990.35,990.35,990.35,0,1120,0
FINNIFTY21NOV2320600PE.NFO,2023-11-21,15:22:00,2023-11-21,990.35,990.35,990.35,990.35,0,1120,0
FINNIFTY21NOV2320600PE.NFO,2023-11-21,15:23:00,2023-11-21,990.35,990.35,990.35,990.35,0,1120,0
FINNIFTY21NOV2320600PE.NFO,2023-11-21,15:24:00,2023-11-21,990.35,990.35,990.35,990.35,0,1120,0
FINNIFTY21NOV2320600PE.NFO,2023-11-21,15:25:00,2023-11-21,990.35,990.35,990.35,990.35,0,1120,0
FINNIFTY21NOV2320600PE.NFO,2023-11-21,15:26:00,2023-11-21,990.35,990.35,990.35,990.35,0,1120,0
FINNIFTY21NOV2320600PE.NFO,2023-11-21,15:27:00,2023-11-21,990.35,990.35,990.35,990.35,0,1120,0
FINNIFTY21NOV2320600PE.NFO,2023-11-21,15:28:00,2023-11-21,990.35,990.35,990.35,990.35,0,1120,0
FINNIFTY21NOV2320600PE.NFO,2023-11-21,15:29:00,2023-11-21,990.35,990.35,990.35,990.35,0,1120,0
FINNIFTY21NOV2320600PE.NFO,2023-11-21,15:30:00,2023-11-21,990.35,990.35,990.35,990.35,0,1120,1
