Ticker,Date,Time,Expiry Date,Open,High,Low,Close,Volume,Open Interest,Padding Flag
FINNIFTY28JAN2520000CE.NFO,2024-11-14,09:15:00,2025-01-28,1.05,1.05,1.05,1.05,0,0,0
FINNIFTY28JAN2520000CE.NFO,2024-11-14,09:16:00,2025-01-28,1.05,1.05,1.05,1.05,0,0,1
FINNIFTY28JAN2520000CE.NFO,2024-11-14,09:17:00,2025-01-28,1.05,1.05,1.05,1.05,0,0,1
FINNIFTY28JAN2520000CE.NFO,2024-11-14,09:18:00,2025-01-28,1.05,1.05,1.05,1.05,0,0,1
FINNIFTY28JAN2520000CE.NFO,2024-11-14,09:19:00,2025-01-28,1.05,1.05,1.05,1.05,0,0,1
FINNIFTY28JAN2520000CE.NFO,2024-11-14,09:20:00,2025-01-28,1.05,1.05,1.05,1.05,0,0,1
FINNIFTY28JAN2520000CE.NFO,2024-11-14,09:21:00,2025-01-28,1.05,1.05,1.05,1.05,0,0,1
FINNIFTY28JAN2520000CE.NFO,2024-11-14,09:22:00,2025-01-28,1.05,1.05,1.05,1.05,0,0,1
FINNIFTY28JAN2520000CE.NFO,2024-11-14,09:23:00,2025-01-28,1.05,1.05,1.05,1.05,0,0,1
FINNIFTY28JAN2520000CE.NFO,2024-11-14,09:24:00,2025-01-28,1.05,1.05,1.05,1.05,0,0,1
FINNIFTY28JAN2520000CE.NFO,2024-11-14,09:25:00,2025-01-28,1.05,1.05,1.05,1.05,0,0,1
FINNIFTY28JAN2520000CE.NFO,2024-11-14,09:26:00,2025-01-28,1.05,1.05,1.05,1.05,0,0,1
FINNIFTY28JAN2520000CE.NFO,2024-11-14,09:27:00,2025-01-28,1.05,1.05,1.05,1.05,0,0,1
FINNIFTY28JAN2520000CE.NFO,2024-11-14,09:28:00,2025-01-28,1.05,1.05,1.05,1.05,0,0,1
FINNIFTY28JAN2520000CE.NFO,2024-11-14,09:29:00,2025-01-28,1.05,1.05,1.05,1.05,0,0,1
FINNIFTY28JAN2520000CE.NFO,2024-11-14,09:30:00,2025-01-28,1.05,1.05,1.05,1.05,0,0,1
FINNIFTY28JAN2520000CE.NFO,2024-11-14,09:31:00,2025-01-28,1.05,1.05,1.05,1.05,0,0,1
FINNIFTY28JAN2520000CE.NFO,2024-11-14,09:32:00,2025-01-28,1.05,1.05,1.05,1.05,0,0,1
FINNIFTY28JAN2520000CE.NFO,2024-11-14,09:33:00,2025-01-28,1.05,1.05,1.05,1.05,0,0,1
FINNIFTY28JAN2520000CE.NFO,2024-11-14,09:34:00,2025-01-28,1.05,1.05,1.05,1.05,0,0,1
FINNIFTY28JAN2520000CE.NFO,2024-11-14,09:35:00,2025-01-28,1.05,1.05,1.05,1.05,0,0,1
FINNIFTY28JAN2520000CE.NFO,2024-11-14,09:36:00,2025-01-28,1.05,1.05,1.05,1.05,0,0,1
FINNIFTY28JAN2520000CE.NFO,2024-11-14,09:37:00,2025-01-28,1.05,1.05,1.05,1.05,0,0,1
FINNIFTY28JAN2520000CE.NFO,2024-11-14,09:38:00,2025-01-28,1.05,1.05,1.05,1.05,0,0,1
FINNIFTY28JAN2520000CE.NFO,2024-11-14,09:39:00,2025-01-28,1.05,1.05,1.05,1.05,0,0,1
FINNIFTY28JAN2520000CE.NFO,2024-11-14,09:40:00,2025-01-28,1.05,1.05,1.05,1.05,0,0,1
FINNIFTY28JAN2520000CE.NFO,2024-11-14,09:41:00,2025-01-28,1.05,1.05,1.05,1.05,0,0,1
FINNIFTY28JAN2520000CE.NFO,2024-11-14,09:42:00,2025-01-28,1.05,1.05,1.05,1.05,0,0,1
FINNIFTY28JAN2520000CE.NFO,2024-11-14,09:43:00,2025-01-28,1.05,1.05,1.05,1.05,0,0,1
FINNIFTY28JAN2520000CE.NFO,2024-11-14,09:44:00,2025-01-28,1.05,1.05,1.05,1.05,0,0,1
FINNIFTY28JAN2520000CE.NFO,2024-11-14,09:45:00,2025-01-28,1.05,1.05,1.05,1.05,0,0,1
FINNIFTY28JAN2520000CE.NFO,2024-11-14,09:46:00,2025-01-28,1.05,1.05,1.05,1.05,0,0,1
FINNIFTY28JAN2520000CE.NFO,2024-11-14,09:47:00,2025-01-28,1.05,1.05,1.05,1.05,0,0,1
FINNIFTY28JAN2520000CE.NFO,2024-11-14,09:48:00,2025-01-28,1.05,1.05,1.05,1.05,0,0,1
FINNIFTY28JAN2520000CE.NFO,2024-11-14,09:49:00,2025-01-28,1.05,1.05,1.05,1.05,0,0,1
FINNIFTY28JAN2520000CE.NFO,2024-11-14,09:50:00,2025-01-28,1.05,1.05,1.05,1.05,0,0,1
FINNIFTY28JAN2520000CE.NFO,2024-11-14,09:51:00,2025-01-28,1.05,1.05,1.05,1.05,0,0,1
FINNIFTY28JAN2520000CE.NFO,2024-11-14,09:52:00,2025-01-28,1.05,1.05,1.05,1.05,0,0,1
FINNIFTY28JAN2520000CE.NFO,2024-11-14,09:53:00,2025-01-28,1.05,1.05,1.05,1.05,0,0,1
FINNIFTY28JAN2520000CE.NFO,2024-11-14,09:54:00,2025-01-28,1.05,1.05,1.05,1.05,0,0,1
FINNIFTY28JAN2520000CE.NFO,2024-11-14,09:55:00,2025-01-28,1.05,1.05,1.05,1.05,0,0,1
FINNIFTY28JAN2520000CE.NFO,2024-11-14,09:56:00,2025-01-28,1.05,1.05,1.05,1.05,0,0,1
FINNIFTY28JAN2520000CE.NFO,2024-11-14,09:57:00,2025-01-28,1.05,1.05,1.05,1.05,0,0,1
FINNIFTY28JAN2520000CE.NFO,2024-11-14,09:58:00,2025-01-28,1.05,1.05,1.05,1.05,0,0,1
FINNIFTY28JAN2520000CE.NFO,2024-11-14,09:59:00,2025-01-28,1.05,1.05,1.05,1.05,0,0,1
FINNIFTY28JAN2520000CE.NFO,2024-11-14,10:00:00,2025-01-28,1.05,1.05,1.05,1.05,0,0,1
FINNIFTY28JAN2520000CE.NFO,2024-11-14,10:01:00,2025-01-28,1.05,1.05,1.05,1.05,0,0,1
FINNIFTY28JAN2520000CE.NFO,2024-11-14,10:02:00,2025-01-28,1.05,1.05,1.05,1.05,0,0,1
FINNIFTY28JAN2520000CE.NFO,2024-11-14,10:03:00,2025-01-28,1.05,1.05,1.05,1.05,0,0,1
FINNIFTY28JAN2520000CE.NFO,2024-11-14,10:04:00,2025-01-28,1.05,1.05,1.05,1.05,0,0,1
FINNIFTY28JAN2520000CE.NFO,2024-11-14,10:05:00,2025-01-28,1.05,1.05,1.05,1.05,0,0,1
FINNIFTY28JAN2520000CE.NFO,2024-11-14,10:06:00,2025-01-28,1.05,1.05,1.05,1.05,0,0,1
FINNIFTY28JAN2520000CE.NFO,2024-11-14,10:07:00,2025-01-28,1.05,1.05,1.05,1.05,0,0,1
FINNIFTY28JAN2520000CE.NFO,2024-11-14,10:08:00,2025-01-28,1.05,1.05,1.05,1.05,0,0,1
FINNIFTY28JAN2520000CE.NFO,2024-11-14,10:09:00,2025-01-28,1.05,1.05,1.05,1.05,0,0,1
FINNIFTY28JAN2520000CE.NFO,2024-11-14,10:10:00,2025-01-28,1.05,1.05,1.05,1.05,0,0,1
FINNIFTY28JAN2520000CE.NFO,2024-11-14,10:11:00,2025-01-28,1.05,1.05,1.05,1.05,0,0,1
FINNIFTY28JAN2520000CE.NFO,2024-11-14,10:12:00,2025-01-28,1.05,1.05,1.05,1.05,0,0,1
FINNIFTY28JAN2520000CE.NFO,2024-11-14,10:13:00,2025-01-28,1.05,1.05,1.05,1.05,0,0,1
FINNIFTY28JAN2520000CE.NFO,2024-11-14,10:14:00,2025-01-28,1.05,1.05,1.05,1.05,0,0,1
FINNIFTY28JAN2520000CE.NFO,2024-11-14,10:15:00,2025-01-28,1.05,1.05,1.05,1.05,0,0,1
FINNIFTY28JAN2520000CE.NFO,2024-11-14,10:16:00,2025-01-28,1.05,1.05,1.05,1.05,0,0,1
FINNIFTY28JAN2520000CE.NFO,2024-11-14,10:17:00,2025-01-28,1.05,1.05,1.05,1.05,0,0,1
FINNIFTY28JAN2520000CE.NFO,2024-11-14,10:18:00,2025-01-28,1.05,1.05,1.05,1.05,0,0,1
FINNIFTY28JAN2520000CE.NFO,2024-11-14,10:19:00,2025-01-28,1.05,1.05,1.05,1.05,0,0,1
FINNIFTY28JAN2520000CE.NFO,2024-11-14,10:20:00,2025-01-28,1.05,1.05,1.05,1.05,0,0,1
FINNIFTY28JAN2520000CE.NFO,2024-11-14,10:21:00,2025-01-28,1.05,1.05,1.05,1.05,0,0,1
FINNIFTY28JAN2520000CE.NFO,2024-11-14,10:22:00,2025-01-28,1.05,1.05,1.05,1.05,0,0,1
FINNIFTY28JAN2520000CE.NFO,2024-11-14,10:23:00,2025-01-28,1.05,1.05,1.05,1.05,0,0,1
FINNIFTY28JAN2520000CE.NFO,2024-11-14,10:24:00,2025-01-28,1.05,1.05,1.05,1.05,0,0,1
FINNIFTY28JAN2520000CE.NFO,2024-11-14,10:25:00,2025-01-28,1.05,1.05,1.05,1.05,0,0,1
FINNIFTY28JAN2520000CE.NFO,2024-11-14,10:26:00,2025-01-28,1.05,1.05,1.05,1.05,0,0,1
FINNIFTY28JAN2520000CE.NFO,2024-11-14,10:27:00,2025-01-28,1.05,1.05,1.05,1.05,0,0,1
FINNIFTY28JAN2520000CE.NFO,2024-11-14,10:28:00,2025-01-28,1.05,1.05,1.05,1.05,0,0,1
FINNIFTY28JAN2520000CE.NFO,2024-11-14,10:29:00,2025-01-28,1.05,1.05,1.05,1.05,0,0,1
FINNIFTY28JAN2520000CE.NFO,2024-11-14,10:30:00,2025-01-28,1.05,1.05,1.05,1.05,0,0,1
FINNIFTY28JAN2520000CE.NFO,2024-11-14,10:31:00,2025-01-28,1.05,1.05,1.05,1.05,0,0,1
FINNIFTY28JAN2520000CE.NFO,2024-11-14,10:32:00,2025-01-28,1.05,1.05,1.05,1.05,0,0,1
FINNIFTY28JAN2520000CE.NFO,2024-11-14,10:33:00,2025-01-28,1.05,1.05,1.05,1.05,0,0,1
FINNIFTY28JAN2520000CE.NFO,2024-11-14,10:34:00,2025-01-28,1.05,1.05,1.05,1.05,0,0,1
FINNIFTY28JAN2520000CE.NFO,2024-11-14,10:35:00,2025-01-28,1.05,1.05,1.05,1.05,0,0,1
FINNIFTY28JAN2520000CE.NFO,2024-11-14,10:36:00,2025-01-28,1.05,1.05,1.05,1.05,0,0,1
FINNIFTY28JAN2520000CE.NFO,2024-11-14,10:37:00,2025-01-28,1.05,1.05,1.05,1.05,0,0,1
FINNIFTY28JAN2520000CE.NFO,2024-11-14,10:38:00,2025-01-28,1.05,1.05,1.05,1.05,0,0,1
FINNIFTY28JAN2520000CE.NFO,2024-11-14,10:39:00,2025-01-28,1.05,1.05,1.05,1.05,0,0,1
FINNIFTY28JAN2520000CE.NFO,2024-11-14,10:40:00,2025-01-28,1.05,1.05,1.05,1.05,0,0,1
FINNIFTY28JAN2520000CE.NFO,2024-11-14,10:41:00,2025-01-28,1.05,1.05,1.05,1.05,0,0,1
FINNIFTY28JAN2520000CE.NFO,2024-11-14,10:42:00,2025-01-28,1.05,1.05,1.05,1.05,0,0,1
FINNIFTY28JAN2520000CE.NFO,2024-11-14,10:43:00,2025-01-28,1.05,1.05,1.05,1.05,0,0,1
FINNIFTY28JAN2520000CE.NFO,2024-11-14,10:44:00,2025-01-28,1.05,1.05,1.05,1.05,0,0,1
FINNIFTY28JAN2520000CE.NFO,2024-11-14,10:45:00,2025-01-28,1.05,1.05,1.05,1.05,0,0,1
FINNIFTY28JAN2520000CE.NFO,2024-11-14,10:46:00,2025-01-28,1.05,1.05,1.05,1.05,0,0,1
FINNIFTY28JAN2520000CE.NFO,2024-11-14,10:47:00,2025-01-28,1.05,1.05,1.05,1.05,0,0,1
FINNIFTY28JAN2520000CE.NFO,2024-11-14,10:48:00,2025-01-28,1.05,1.05,1.05,1.05,0,0,1
FINNIFTY28JAN2520000CE.NFO,2024-11-14,10:49:00,2025-01-28,1.05,1.05,1.05,1.05,0,0,1
FINNIFTY28JAN2520000CE.NFO,2024-11-14,10:50:00,2025-01-28,1.05,1.05,1.05,1.05,0,0,1
FINNIFTY28JAN2520000CE.NFO,2024-11-14,10:51:00,2025-01-28,1.05,1.05,1.05,1.05,0,0,1
FINNIFTY28JAN2520000CE.NFO,2024-11-14,10:52:00,2025-01-28,1.05,1.05,1.05,1.05,0,0,1
FINNIFTY28JAN2520000CE.NFO,2024-11-14,10:53:00,2025-01-28,1.05,1.05,1.05,1.05,0,0,1
FINNIFTY28JAN2520000CE.NFO,2024-11-14,10:54:00,2025-01-28,1.05,1.05,1.05,1.05,0,0,1
FINNIFTY28JAN2520000CE.NFO,2024-11-14,10:55:00,2025-01-28,1.05,1.05,1.05,1.05,0,0,1
FINNIFTY28JAN2520000CE.NFO,2024-11-14,10:56:00,2025-01-28,1.05,1.05,1.05,1.05,0,0,1
FINNIFTY28JAN2520000CE.NFO,2024-11-14,10:57:00,2025-01-28,1.05,1.05,1.05,1.05,0,0,1
FINNIFTY28JAN2520000CE.NFO,2024-11-14,10:58:00,2025-01-28,1.05,1.05,1.05,1.05,0,0,1
FINNIFTY28JAN2520000CE.NFO,2024-11-14,10:59:00,2025-01-28,1.05,1.05,1.05,1.05,0,0,1
FINNIFTY28JAN2520000CE.NFO,2024-11-14,11:00:00,2025-01-28,1.05,1.05,1.05,1.05,0,0,1
FINNIFTY28JAN2520000CE.NFO,2024-11-14,11:01:00,2025-01-28,1.05,1.05,1.05,1.05,0,0,1
FINNIFTY28JAN2520000CE.NFO,2024-11-14,11:02:00,2025-01-28,1.05,1.05,1.05,1.05,0,0,1
FINNIFTY28JAN2520000CE.NFO,2024-11-14,11:03:00,2025-01-28,1.05,1.05,1.05,1.05,0,0,1
FINNIFTY28JAN2520000CE.NFO,2024-11-14,11:04:00,2025-01-28,1.05,1.05,1.05,1.05,0,0,1
FINNIFTY28JAN2520000CE.NFO,2024-11-14,11:05:00,2025-01-28,1.05,1.05,1.05,1.05,0,0,1
FINNIFTY28JAN2520000CE.NFO,2024-11-14,11:06:00,2025-01-28,1.05,1.05,1.05,1.05,0,0,1
FINNIFTY28JAN2520000CE.NFO,2024-11-14,11:07:00,2025-01-28,1.05,1.05,1.05,1.05,0,0,1
FINNIFTY28JAN2520000CE.NFO,2024-11-14,11:08:00,2025-01-28,1.05,1.05,1.05,1.05,0,0,1
FINNIFTY28JAN2520000CE.NFO,2024-11-14,11:09:00,2025-01-28,1.05,1.05,1.05,1.05,0,0,1
FINNIFTY28JAN2520000CE.NFO,2024-11-14,11:10:00,2025-01-28,1.05,1.05,1.05,1.05,0,0,1
FINNIFTY28JAN2520000CE.NFO,2024-11-14,11:11:00,2025-01-28,1.05,1.05,1.05,1.05,0,0,1
FINNIFTY28JAN2520000CE.NFO,2024-11-14,11:12:00,2025-01-28,1.05,1.05,1.05,1.05,0,0,1
FINNIFTY28JAN2520000CE.NFO,2024-11-14,11:13:00,2025-01-28,1.05,1.05,1.05,1.05,0,0,1
FINNIFTY28JAN2520000CE.NFO,2024-11-14,11:14:00,2025-01-28,1.05,1.05,1.05,1.05,0,0,1
FINNIFTY28JAN2520000CE.NFO,2024-11-14,11:15:00,2025-01-28,1.05,1.05,1.05,1.05,0,0,1
FINNIFTY28JAN2520000CE.NFO,2024-11-14,11:16:00,2025-01-28,1.05,1.05,1.05,1.05,0,0,1
FINNIFTY28JAN2520000CE.NFO,2024-11-14,11:17:00,2025-01-28,1.05,1.05,1.05,1.05,0,0,1
FINNIFTY28JAN2520000CE.NFO,2024-11-14,11:18:00,2025-01-28,1.05,1.05,1.05,1.05,0,0,1
FINNIFTY28JAN2520000CE.NFO,2024-11-14,11:19:00,2025-01-28,1.05,1.05,1.05,1.05,0,0,1
FINNIFTY28JAN2520000CE.NFO,2024-11-14,11:20:00,2025-01-28,1.05,1.05,1.05,1.05,0,0,1
FINNIFTY28JAN2520000CE.NFO,2024-11-14,11:21:00,2025-01-28,1.05,1.05,1.05,1.05,0,0,1
FINNIFTY28JAN2520000CE.NFO,2024-11-14,11:22:00,2025-01-28,1.05,1.05,1.05,1.05,0,0,1
FINNIFTY28JAN2520000CE.NFO,2024-11-14,11:23:00,2025-01-28,1.05,1.05,1.05,1.05,0,0,1
FINNIFTY28JAN2520000CE.NFO,2024-11-14,11:24:00,2025-01-28,1.05,1.05,1.05,1.05,0,0,1
FINNIFTY28JAN2520000CE.NFO,2024-11-14,11:25:00,2025-01-28,1.05,1.05,1.05,1.05,0,0,1
FINNIFTY28JAN2520000CE.NFO,2024-11-14,11:26:00,2025-01-28,1.05,1.05,1.05,1.05,0,0,1
FINNIFTY28JAN2520000CE.NFO,2024-11-14,11:27:00,2025-01-28,1.05,1.05,1.05,1.05,0,0,1
FINNIFTY28JAN2520000CE.NFO,2024-11-14,11:28:00,2025-01-28,1.05,1.05,1.05,1.05,0,0,1
FINNIFTY28JAN2520000CE.NFO,2024-11-14,11:29:00,2025-01-28,1.05,1.05,1.05,1.05,0,0,1
FINNIFTY28JAN2520000CE.NFO,2024-11-14,11:30:00,2025-01-28,1.05,1.05,1.05,1.05,0,0,1
FINNIFTY28JAN2520000CE.NFO,2024-11-14,11:31:00,2025-01-28,1.05,1.05,1.05,1.05,0,0,1
FINNIFTY28JAN2520000CE.NFO,2024-11-14,11:32:00,2025-01-28,1.05,1.05,1.05,1.05,0,0,1
FINNIFTY28JAN2520000CE.NFO,2024-11-14,11:33:00,2025-01-28,1.05,1.05,1.05,1.05,0,0,1
FINNIFTY28JAN2520000CE.NFO,2024-11-14,11:34:00,2025-01-28,1.05,1.05,1.05,1.05,0,0,1
FINNIFTY28JAN2520000CE.NFO,2024-11-14,11:35:00,2025-01-28,1.05,1.05,1.05,1.05,0,0,1
FINNIFTY28JAN2520000CE.NFO,2024-11-14,11:36:00,2025-01-28,1.05,1.05,1.05,1.05,0,0,1
FINNIFTY28JAN2520000CE.NFO,2024-11-14,11:37:00,2025-01-28,1.05,1.05,1.05,1.05,0,0,1
FINNIFTY28JAN2520000CE.NFO,2024-11-14,11:38:00,2025-01-28,1.05,1.05,1.05,1.05,0,0,1
FINNIFTY28JAN2520000CE.NFO,2024-11-14,11:39:00,2025-01-28,1.05,1.05,1.05,1.05,0,0,1
FINNIFTY28JAN2520000CE.NFO,2024-11-14,11:40:00,2025-01-28,1.05,1.05,1.05,1.05,0,0,1
FINNIFTY28JAN2520000CE.NFO,2024-11-14,11:41:00,2025-01-28,1.05,1.05,1.05,1.05,0,0,1
FINNIFTY28JAN2520000CE.NFO,2024-11-14,11:42:00,2025-01-28,1.05,1.05,1.05,1.05,0,0,1
FINNIFTY28JAN2520000CE.NFO,2024-11-14,11:43:00,2025-01-28,1.05,1.05,1.05,1.05,0,0,1
FINNIFTY28JAN2520000CE.NFO,2024-11-14,11:44:00,2025-01-28,1.05,1.05,1.05,1.05,0,0,1
FINNIFTY28JAN2520000CE.NFO,2024-11-14,11:45:00,2025-01-28,1.05,1.05,1.05,1.05,0,0,1
FINNIFTY28JAN2520000CE.NFO,2024-11-14,11:46:00,2025-01-28,1.05,1.05,1.05,1.05,0,0,1
FINNIFTY28JAN2520000CE.NFO,2024-11-14,11:47:00,2025-01-28,1.05,1.05,1.05,1.05,0,0,1
FINNIFTY28JAN2520000CE.NFO,2024-11-14,11:48:00,2025-01-28,1.05,1.05,1.05,1.05,0,0,1
FINNIFTY28JAN2520000CE.NFO,2024-11-14,11:49:00,2025-01-28,1.05,1.05,1.05,1.05,0,0,1
FINNIFTY28JAN2520000CE.NFO,2024-11-14,11:50:00,2025-01-28,1.05,1.05,1.05,1.05,0,0,1
FINNIFTY28JAN2520000CE.NFO,2024-11-14,11:51:00,2025-01-28,1.05,1.05,1.05,1.05,0,0,1
FINNIFTY28JAN2520000CE.NFO,2024-11-14,11:52:00,2025-01-28,1.05,1.05,1.05,1.05,0,0,1
FINNIFTY28JAN2520000CE.NFO,2024-11-14,11:53:00,2025-01-28,1.05,1.05,1.05,1.05,0,0,1
FINNIFTY28JAN2520000CE.NFO,2024-11-14,11:54:00,2025-01-28,1.05,1.05,1.05,1.05,0,0,1
FINNIFTY28JAN2520000CE.NFO,2024-11-14,11:55:00,2025-01-28,1.05,1.05,1.05,1.05,0,0,1
FINNIFTY28JAN2520000CE.NFO,2024-11-14,11:56:00,2025-01-28,1.05,1.05,1.05,1.05,0,0,1
FINNIFTY28JAN2520000CE.NFO,2024-11-14,11:57:00,2025-01-28,1.05,1.05,1.05,1.05,0,0,1
FINNIFTY28JAN2520000CE.NFO,2024-11-14,11:58:00,2025-01-28,1.05,1.05,1.05,1.05,0,0,1
FINNIFTY28JAN2520000CE.NFO,2024-11-14,11:59:00,2025-01-28,1.05,1.05,1.05,1.05,0,0,1
FINNIFTY28JAN2520000CE.NFO,2024-11-14,12:00:00,2025-01-28,1.05,1.05,1.05,1.05,0,0,1
FINNIFTY28JAN2520000CE.NFO,2024-11-14,12:01:00,2025-01-28,1.05,1.05,1.05,1.05,0,0,1
FINNIFTY28JAN2520000CE.NFO,2024-11-14,12:02:00,2025-01-28,1.05,1.05,1.05,1.05,0,0,1
FINNIFTY28JAN2520000CE.NFO,2024-11-14,12:03:00,2025-01-28,1.05,1.05,1.05,1.05,0,0,1
FINNIFTY28JAN2520000CE.NFO,2024-11-14,12:04:00,2025-01-28,1.05,1.05,1.05,1.05,0,0,1
FINNIFTY28JAN2520000CE.NFO,2024-11-14,12:05:00,2025-01-28,1.05,1.05,1.05,1.05,0,0,1
FINNIFTY28JAN2520000CE.NFO,2024-11-14,12:06:00,2025-01-28,1.05,1.05,1.05,1.05,0,0,1
FINNIFTY28JAN2520000CE.NFO,2024-11-14,12:07:00,2025-01-28,1.05,1.05,1.05,1.05,0,0,1
FINNIFTY28JAN2520000CE.NFO,2024-11-14,12:08:00,2025-01-28,1.05,1.05,1.05,1.05,0,0,1
FINNIFTY28JAN2520000CE.NFO,2024-11-14,12:09:00,2025-01-28,1.05,1.05,1.05,1.05,0,0,1
FINNIFTY28JAN2520000CE.NFO,2024-11-14,12:10:00,2025-01-28,1.05,1.05,1.05,1.05,0,0,1
FINNIFTY28JAN2520000CE.NFO,2024-11-14,12:11:00,2025-01-28,1.05,1.05,1.05,1.05,0,0,1
FINNIFTY28JAN2520000CE.NFO,2024-11-14,12:12:00,2025-01-28,1.05,1.05,1.05,1.05,0,0,1
FINNIFTY28JAN2520000CE.NFO,2024-11-14,12:13:00,2025-01-28,1.05,1.05,1.05,1.05,0,0,1
FINNIFTY28JAN2520000CE.NFO,2024-11-14,12:14:00,2025-01-28,1.05,1.05,1.05,1.05,0,0,1
FINNIFTY28JAN2520000CE.NFO,2024-11-14,12:15:00,2025-01-28,1.05,1.05,1.05,1.05,0,0,1
FINNIFTY28JAN2520000CE.NFO,2024-11-14,12:16:00,2025-01-28,1.05,1.05,1.05,1.05,0,0,1
FINNIFTY28JAN2520000CE.NFO,2024-11-14,12:17:00,2025-01-28,1.05,1.05,1.05,1.05,0,0,1
FINNIFTY28JAN2520000CE.NFO,2024-11-14,12:18:00,2025-01-28,1.05,1.05,1.05,1.05,0,0,1
FINNIFTY28JAN2520000CE.NFO,2024-11-14,12:19:00,2025-01-28,1.05,1.05,1.05,1.05,0,0,1
FINNIFTY28JAN2520000CE.NFO,2024-11-14,12:20:00,2025-01-28,1.05,1.05,1.05,1.05,0,0,1
FINNIFTY28JAN2520000CE.NFO,2024-11-14,12:21:00,2025-01-28,1.05,1.05,1.05,1.05,0,0,1
FINNIFTY28JAN2520000CE.NFO,2024-11-14,12:22:00,2025-01-28,1.05,1.05,1.05,1.05,0,0,1
FINNIFTY28JAN2520000CE.NFO,2024-11-14,12:23:00,2025-01-28,1.05,1.05,1.05,1.05,0,0,1
FINNIFTY28JAN2520000CE.NFO,2024-11-14,12:24:00,2025-01-28,1.05,1.05,1.05,1.05,0,0,1
FINNIFTY28JAN2520000CE.NFO,2024-11-14,12:25:00,2025-01-28,1.05,1.05,1.05,1.05,0,0,1
FINNIFTY28JAN2520000CE.NFO,2024-11-14,12:26:00,2025-01-28,1.05,1.05,1.05,1.05,0,0,1
FINNIFTY28JAN2520000CE.NFO,2024-11-14,12:27:00,2025-01-28,1.05,1.05,1.05,1.05,0,0,1
FINNIFTY28JAN2520000CE.NFO,2024-11-14,12:28:00,2025-01-28,1.05,1.05,1.05,1.05,0,0,1
FINNIFTY28JAN2520000CE.NFO,2024-11-14,12:29:00,2025-01-28,1.05,1.05,1.05,1.05,0,0,1
FINNIFTY28JAN2520000CE.NFO,2024-11-14,12:30:00,2025-01-28,1.05,1.05,1.05,1.05,0,0,1
FINNIFTY28JAN2520000CE.NFO,2024-11-14,12:31:00,2025-01-28,1.05,1.05,1.05,1.05,0,0,1
FINNIFTY28JAN2520000CE.NFO,2024-11-14,12:32:00,2025-01-28,1.05,1.05,1.05,1.05,0,0,1
FINNIFTY28JAN2520000CE.NFO,2024-11-14,12:33:00,2025-01-28,1.05,1.05,1.05,1.05,0,0,1
FINNIFTY28JAN2520000CE.NFO,2024-11-14,12:34:00,2025-01-28,1.05,1.05,1.05,1.05,0,0,1
FINNIFTY28JAN2520000CE.NFO,2024-11-14,12:35:00,2025-01-28,1.05,1.05,1.05,1.05,0,0,1
FINNIFTY28JAN2520000CE.NFO,2024-11-14,12:36:00,2025-01-28,1.05,1.05,1.05,1.05,0,0,1
FINNIFTY28JAN2520000CE.NFO,2024-11-14,12:37:00,2025-01-28,1.05,1.05,1.05,1.05,0,0,1
FINNIFTY28JAN2520000CE.NFO,2024-11-14,12:38:00,2025-01-28,1.05,1.05,1.05,1.05,0,0,1
FINNIFTY28JAN2520000CE.NFO,2024-11-14,12:39:00,2025-01-28,1.05,1.05,1.05,1.05,0,0,1
FINNIFTY28JAN2520000CE.NFO,2024-11-14,12:40:00,2025-01-28,1.05,1.05,1.05,1.05,0,0,1
FINNIFTY28JAN2520000CE.NFO,2024-11-14,12:41:00,2025-01-28,1.05,1.05,1.05,1.05,0,0,1
FINNIFTY28JAN2520000CE.NFO,2024-11-14,12:42:00,2025-01-28,1.05,1.05,1.05,1.05,0,0,1
FINNIFTY28JAN2520000CE.NFO,2024-11-14,12:43:00,2025-01-28,1.05,1.05,1.05,1.05,0,0,1
FINNIFTY28JAN2520000CE.NFO,2024-11-14,12:44:00,2025-01-28,1.05,1.05,1.05,1.05,0,0,1
FINNIFTY28JAN2520000CE.NFO,2024-11-14,12:45:00,2025-01-28,1.05,1.05,1.05,1.05,0,0,1
FINNIFTY28JAN2520000CE.NFO,2024-11-14,12:46:00,2025-01-28,1.05,1.05,1.05,1.05,0,0,1
FINNIFTY28JAN2520000CE.NFO,2024-11-14,12:47:00,2025-01-28,1.05,1.05,1.05,1.05,0,0,1
FINNIFTY28JAN2520000CE.NFO,2024-11-14,12:48:00,2025-01-28,1.05,1.05,1.05,1.05,0,0,1
FINNIFTY28JAN2520000CE.NFO,2024-11-14,12:49:00,2025-01-28,1.05,1.05,1.05,1.05,0,0,1
FINNIFTY28JAN2520000CE.NFO,2024-11-14,12:50:00,2025-01-28,1.05,1.05,1.05,1.05,0,0,1
FINNIFTY28JAN2520000CE.NFO,2024-11-14,12:51:00,2025-01-28,1.05,1.05,1.05,1.05,0,0,1
FINNIFTY28JAN2520000CE.NFO,2024-11-14,12:52:00,2025-01-28,1.05,1.05,1.05,1.05,0,0,1
FINNIFTY28JAN2520000CE.NFO,2024-11-14,12:53:00,2025-01-28,1.05,1.05,1.05,1.05,0,0,1
FINNIFTY28JAN2520000CE.NFO,2024-11-14,12:54:00,2025-01-28,1.05,1.05,1.05,1.05,0,0,1
FINNIFTY28JAN2520000CE.NFO,2024-11-14,12:55:00,2025-01-28,1.05,1.05,1.05,1.05,0,0,1
FINNIFTY28JAN2520000CE.NFO,2024-11-14,12:56:00,2025-01-28,1.05,1.05,1.05,1.05,0,0,1
FINNIFTY28JAN2520000CE.NFO,2024-11-14,12:57:00,2025-01-28,1.05,1.05,1.05,1.05,0,0,1
FINNIFTY28JAN2520000CE.NFO,2024-11-14,12:58:00,2025-01-28,1.05,1.05,1.05,1.05,0,0,1
FINNIFTY28JAN2520000CE.NFO,2024-11-14,12:59:00,2025-01-28,1.05,1.05,1.05,1.05,0,0,1
FINNIFTY28JAN2520000CE.NFO,2024-11-14,13:00:00,2025-01-28,1.05,1.05,1.05,1.05,0,0,1
FINNIFTY28JAN2520000CE.NFO,2024-11-14,13:01:00,2025-01-28,1.05,1.05,1.05,1.05,0,0,1
FINNIFTY28JAN2520000CE.NFO,2024-11-14,13:02:00,2025-01-28,1.05,1.05,1.05,1.05,0,0,1
FINNIFTY28JAN2520000CE.NFO,2024-11-14,13:03:00,2025-01-28,1.05,1.05,1.05,1.05,0,0,1
FINNIFTY28JAN2520000CE.NFO,2024-11-14,13:04:00,2025-01-28,1.05,1.05,1.05,1.05,0,0,1
FINNIFTY28JAN2520000CE.NFO,2024-11-14,13:05:00,2025-01-28,1.05,1.05,1.05,1.05,0,0,1
FINNIFTY28JAN2520000CE.NFO,2024-11-14,13:06:00,2025-01-28,1.05,1.05,1.05,1.05,0,0,1
FINNIFTY28JAN2520000CE.NFO,2024-11-14,13:07:00,2025-01-28,1.05,1.05,1.05,1.05,0,0,1
FINNIFTY28JAN2520000CE.NFO,2024-11-14,13:08:00,2025-01-28,1.05,1.05,1.05,1.05,0,0,1
FINNIFTY28JAN2520000CE.NFO,2024-11-14,13:09:00,2025-01-28,1.05,1.05,1.05,1.05,0,0,1
FINNIFTY28JAN2520000CE.NFO,2024-11-14,13:10:00,2025-01-28,1.05,1.05,1.05,1.05,0,0,1
FINNIFTY28JAN2520000CE.NFO,2024-11-14,13:11:00,2025-01-28,1.05,1.05,1.05,1.05,0,0,1
FINNIFTY28JAN2520000CE.NFO,2024-11-14,13:12:00,2025-01-28,1.05,1.05,1.05,1.05,0,0,1
FINNIFTY28JAN2520000CE.NFO,2024-11-14,13:13:00,2025-01-28,1.05,1.05,1.05,1.05,0,0,1
FINNIFTY28JAN2520000CE.NFO,2024-11-14,13:14:00,2025-01-28,1.05,1.05,1.05,1.05,0,0,1
FINNIFTY28JAN2520000CE.NFO,2024-11-14,13:15:00,2025-01-28,1.05,1.05,1.05,1.05,0,0,1
FINNIFTY28JAN2520000CE.NFO,2024-11-14,13:16:00,2025-01-28,1.05,1.05,1.05,1.05,0,0,1
FINNIFTY28JAN2520000CE.NFO,2024-11-14,13:17:00,2025-01-28,1.05,1.05,1.05,1.05,0,0,1
FINNIFTY28JAN2520000CE.NFO,2024-11-14,13:18:00,2025-01-28,1.05,1.05,1.05,1.05,0,0,1
FINNIFTY28JAN2520000CE.NFO,2024-11-14,13:19:00,2025-01-28,1.05,1.05,1.05,1.05,0,0,1
FINNIFTY28JAN2520000CE.NFO,2024-11-14,13:20:00,2025-01-28,1.05,1.05,1.05,1.05,0,0,1
FINNIFTY28JAN2520000CE.NFO,2024-11-14,13:21:00,2025-01-28,1.05,1.05,1.05,1.05,0,0,1
FINNIFTY28JAN2520000CE.NFO,2024-11-14,13:22:00,2025-01-28,1.05,1.05,1.05,1.05,0,0,1
FINNIFTY28JAN2520000CE.NFO,2024-11-14,13:23:00,2025-01-28,1.05,1.05,1.05,1.05,0,0,1
FINNIFTY28JAN2520000CE.NFO,2024-11-14,13:24:00,2025-01-28,1.05,1.05,1.05,1.05,0,0,1
FINNIFTY28JAN2520000CE.NFO,2024-11-14,13:25:00,2025-01-28,1.05,1.05,1.05,1.05,0,0,1
FINNIFTY28JAN2520000CE.NFO,2024-11-14,13:26:00,2025-01-28,1.05,1.05,1.05,1.05,0,0,1
FINNIFTY28JAN2520000CE.NFO,2024-11-14,13:27:00,2025-01-28,1.05,1.05,1.05,1.05,0,0,1
FINNIFTY28JAN2520000CE.NFO,2024-11-14,13:28:00,2025-01-28,1.05,1.05,1.05,1.05,0,0,1
FINNIFTY28JAN2520000CE.NFO,2024-11-14,13:29:00,2025-01-28,1.05,1.05,1.05,1.05,0,0,1
FINNIFTY28JAN2520000CE.NFO,2024-11-14,13:30:00,2025-01-28,1.05,1.05,1.05,1.05,0,0,1
FINNIFTY28JAN2520000CE.NFO,2024-11-14,13:31:00,2025-01-28,1.05,1.05,1.05,1.05,0,0,1
FINNIFTY28JAN2520000CE.NFO,2024-11-14,13:32:00,2025-01-28,1.05,1.05,1.05,1.05,0,0,1
FINNIFTY28JAN2520000CE.NFO,2024-11-14,13:33:00,2025-01-28,1.05,1.05,1.05,1.05,0,0,1
FINNIFTY28JAN2520000CE.NFO,2024-11-14,13:34:00,2025-01-28,1.05,1.05,1.05,1.05,0,0,1
FINNIFTY28JAN2520000CE.NFO,2024-11-14,13:35:00,2025-01-28,1.05,1.05,1.05,1.05,0,0,1
FINNIFTY28JAN2520000CE.NFO,2024-11-14,13:36:00,2025-01-28,1.05,1.05,1.05,1.05,0,0,1
FINNIFTY28JAN2520000CE.NFO,2024-11-14,13:37:00,2025-01-28,1.05,1.05,1.05,1.05,0,0,1
FINNIFTY28JAN2520000CE.NFO,2024-11-14,13:38:00,2025-01-28,1.05,1.05,1.05,1.05,0,0,1
FINNIFTY28JAN2520000CE.NFO,2024-11-14,13:39:00,2025-01-28,1.05,1.05,1.05,1.05,0,0,1
FINNIFTY28JAN2520000CE.NFO,2024-11-14,13:40:00,2025-01-28,1.05,1.05,1.05,1.05,0,0,1
FINNIFTY28JAN2520000CE.NFO,2024-11-14,13:41:00,2025-01-28,1.05,1.05,1.05,1.05,0,0,1
FINNIFTY28JAN2520000CE.NFO,2024-11-14,13:42:00,2025-01-28,1.05,1.05,1.05,1.05,0,0,1
FINNIFTY28JAN2520000CE.NFO,2024-11-14,13:43:00,2025-01-28,1.05,1.05,1.05,1.05,0,0,1
FINNIFTY28JAN2520000CE.NFO,2024-11-14,13:44:00,2025-01-28,1.05,1.05,1.05,1.05,0,0,1
FINNIFTY28JAN2520000CE.NFO,2024-11-14,13:45:00,2025-01-28,1.05,1.05,1.05,1.05,0,0,1
FINNIFTY28JAN2520000CE.NFO,2024-11-14,13:46:00,2025-01-28,1.05,1.05,1.05,1.05,0,0,1
FINNIFTY28JAN2520000CE.NFO,2024-11-14,13:47:00,2025-01-28,1.05,1.05,1.05,1.05,0,0,1
FINNIFTY28JAN2520000CE.NFO,2024-11-14,13:48:00,2025-01-28,1.05,1.05,1.05,1.05,0,0,1
FINNIFTY28JAN2520000CE.NFO,2024-11-14,13:49:00,2025-01-28,1.05,1.05,1.05,1.05,0,0,1
FINNIFTY28JAN2520000CE.NFO,2024-11-14,13:50:00,2025-01-28,1.05,1.05,1.05,1.05,0,0,1
FINNIFTY28JAN2520000CE.NFO,2024-11-14,13:51:00,2025-01-28,1.05,1.05,1.05,1.05,0,0,1
FINNIFTY28JAN2520000CE.NFO,2024-11-14,13:52:00,2025-01-28,1.05,1.05,1.05,1.05,0,0,1
FINNIFTY28JAN2520000CE.NFO,2024-11-14,13:53:00,2025-01-28,1.05,1.05,1.05,1.05,0,0,1
FINNIFTY28JAN2520000CE.NFO,2024-11-14,13:54:00,2025-01-28,1.05,1.05,1.05,1.05,0,0,1
FINNIFTY28JAN2520000CE.NFO,2024-11-14,13:55:00,2025-01-28,1.05,1.05,1.05,1.05,0,0,1
FINNIFTY28JAN2520000CE.NFO,2024-11-14,13:56:00,2025-01-28,1.05,1.05,1.05,1.05,0,0,1
FINNIFTY28JAN2520000CE.NFO,2024-11-14,13:57:00,2025-01-28,1.05,1.05,1.05,1.05,0,0,1
FINNIFTY28JAN2520000CE.NFO,2024-11-14,13:58:00,2025-01-28,1.05,1.05,1.05,1.05,0,0,1
FINNIFTY28JAN2520000CE.NFO,2024-11-14,13:59:00,2025-01-28,1.05,1.05,1.05,1.05,0,0,1
FINNIFTY28JAN2520000CE.NFO,2024-11-14,14:00:00,2025-01-28,1.05,1.05,1.05,1.05,0,0,1
FINNIFTY28JAN2520000CE.NFO,2024-11-14,14:01:00,2025-01-28,1.05,1.05,1.05,1.05,0,0,1
FINNIFTY28JAN2520000CE.NFO,2024-11-14,14:02:00,2025-01-28,1.05,1.05,1.05,1.05,0,0,1
FINNIFTY28JAN2520000CE.NFO,2024-11-14,14:03:00,2025-01-28,1.05,1.05,1.05,1.05,0,0,1
FINNIFTY28JAN2520000CE.NFO,2024-11-14,14:04:00,2025-01-28,1.05,1.05,1.05,1.05,0,0,1
FINNIFTY28JAN2520000CE.NFO,2024-11-14,14:05:00,2025-01-28,1.05,1.05,1.05,1.05,0,0,1
FINNIFTY28JAN2520000CE.NFO,2024-11-14,14:06:00,2025-01-28,1.05,1.05,1.05,1.05,0,0,1
FINNIFTY28JAN2520000CE.NFO,2024-11-14,14:07:00,2025-01-28,1.05,1.05,1.05,1.05,0,0,1
FINNIFTY28JAN2520000CE.NFO,2024-11-14,14:08:00,2025-01-28,1.05,1.05,1.05,1.05,0,0,1
FINNIFTY28JAN2520000CE.NFO,2024-11-14,14:09:00,2025-01-28,1.05,1.05,1.05,1.05,0,0,1
FINNIFTY28JAN2520000CE.NFO,2024-11-14,14:10:00,2025-01-28,1.05,1.05,1.05,1.05,0,0,1
FINNIFTY28JAN2520000CE.NFO,2024-11-14,14:11:00,2025-01-28,1.05,1.05,1.05,1.05,0,0,1
FINNIFTY28JAN2520000CE.NFO,2024-11-14,14:12:00,2025-01-28,1.05,1.05,1.05,1.05,0,0,1
FINNIFTY28JAN2520000CE.NFO,2024-11-14,14:13:00,2025-01-28,1.05,1.05,1.05,1.05,0,0,1
FINNIFTY28JAN2520000CE.NFO,2024-11-14,14:14:00,2025-01-28,1.05,1.05,1.05,1.05,0,0,1
FINNIFTY28JAN2520000CE.NFO,2024-11-14,14:15:00,2025-01-28,1.05,1.05,1.05,1.05,0,0,1
FINNIFTY28JAN2520000CE.NFO,2024-11-14,14:16:00,2025-01-28,1.05,1.05,1.05,1.05,0,0,1
FINNIFTY28JAN2520000CE.NFO,2024-11-14,14:17:00,2025-01-28,1.05,1.05,1.05,1.05,0,0,1
FINNIFTY28JAN2520000CE.NFO,2024-11-14,14:18:00,2025-01-28,1.05,1.05,1.05,1.05,0,0,1
FINNIFTY28JAN2520000CE.NFO,2024-11-14,14:19:00,2025-01-28,1.05,1.05,1.05,1.05,0,0,1
FINNIFTY28JAN2520000CE.NFO,2024-11-14,14:20:00,2025-01-28,1.05,1.05,1.05,1.05,0,0,1
FINNIFTY28JAN2520000CE.NFO,2024-11-14,14:21:00,2025-01-28,1.05,1.05,1.05,1.05,0,0,1
FINNIFTY28JAN2520000CE.NFO,2024-11-14,14:22:00,2025-01-28,1.05,1.05,1.05,1.05,0,0,1
FINNIFTY28JAN2520000CE.NFO,2024-11-14,14:23:00,2025-01-28,1.05,1.05,1.05,1.05,0,0,1
FINNIFTY28JAN2520000CE.NFO,2024-11-14,14:24:00,2025-01-28,1.05,1.05,1.05,1.05,0,0,1
FINNIFTY28JAN2520000CE.NFO,2024-11-14,14:25:00,2025-01-28,1.05,1.05,1.05,1.05,0,0,1
FINNIFTY28JAN2520000CE.NFO,2024-11-14,14:26:00,2025-01-28,1.05,1.05,1.05,1.05,0,0,1
FINNIFTY28JAN2520000CE.NFO,2024-11-14,14:27:00,2025-01-28,1.05,1.05,1.05,1.05,0,0,1
FINNIFTY28JAN2520000CE.NFO,2024-11-14,14:28:00,2025-01-28,1.05,1.05,1.05,1.05,0,0,1
FINNIFTY28JAN2520000CE.NFO,2024-11-14,14:29:00,2025-01-28,1.05,1.05,1.05,1.05,0,0,1
FINNIFTY28JAN2520000CE.NFO,2024-11-14,14:30:00,2025-01-28,1.05,1.05,1.05,1.05,0,0,1
FINNIFTY28JAN2520000CE.NFO,2024-11-14,14:31:00,2025-01-28,1.05,1.05,1.05,1.05,0,0,1
FINNIFTY28JAN2520000CE.NFO,2024-11-14,14:32:00,2025-01-28,1.05,1.05,1.05,1.05,0,0,1
FINNIFTY28JAN2520000CE.NFO,2024-11-14,14:33:00,2025-01-28,1.05,1.05,1.05,1.05,0,0,1
FINNIFTY28JAN2520000CE.NFO,2024-11-14,14:34:00,2025-01-28,1.05,1.05,1.05,1.05,0,0,1
FINNIFTY28JAN2520000CE.NFO,2024-11-14,14:35:00,2025-01-28,1.05,1.05,1.05,1.05,0,0,1
FINNIFTY28JAN2520000CE.NFO,2024-11-14,14:36:00,2025-01-28,1.05,1.05,1.05,1.05,0,0,1
FINNIFTY28JAN2520000CE.NFO,2024-11-14,14:37:00,2025-01-28,1.05,1.05,1.05,1.05,0,0,1
FINNIFTY28JAN2520000CE.NFO,2024-11-14,14:38:00,2025-01-28,1.05,1.05,1.05,1.05,0,0,1
FINNIFTY28JAN2520000CE.NFO,2024-11-14,14:39:00,2025-01-28,1.05,1.05,1.05,1.05,0,0,1
FINNIFTY28JAN2520000CE.NFO,2024-11-14,14:40:00,2025-01-28,1.05,1.05,1.05,1.05,0,0,1
FINNIFTY28JAN2520000CE.NFO,2024-11-14,14:41:00,2025-01-28,1.05,1.05,1.05,1.05,0,0,1
FINNIFTY28JAN2520000CE.NFO,2024-11-14,14:42:00,2025-01-28,1.05,1.05,1.05,1.05,0,0,1
FINNIFTY28JAN2520000CE.NFO,2024-11-14,14:43:00,2025-01-28,1.05,1.05,1.05,1.05,0,0,1
FINNIFTY28JAN2520000CE.NFO,2024-11-14,14:44:00,2025-01-28,1.05,1.05,1.05,1.05,0,0,1
FINNIFTY28JAN2520000CE.NFO,2024-11-14,14:45:00,2025-01-28,1.05,1.05,1.05,1.05,0,0,1
FINNIFTY28JAN2520000CE.NFO,2024-11-14,14:46:00,2025-01-28,1.05,1.05,1.05,1.05,0,0,1
FINNIFTY28JAN2520000CE.NFO,2024-11-14,14:47:00,2025-01-28,1.05,1.05,1.05,1.05,0,0,1
FINNIFTY28JAN2520000CE.NFO,2024-11-14,14:48:00,2025-01-28,1.05,1.05,1.05,1.05,0,0,1
FINNIFTY28JAN2520000CE.NFO,2024-11-14,14:49:00,2025-01-28,1.05,1.05,1.05,1.05,0,0,1
FINNIFTY28JAN2520000CE.NFO,2024-11-14,14:50:00,2025-01-28,1.05,1.05,1.05,1.05,0,0,1
FINNIFTY28JAN2520000CE.NFO,2024-11-14,14:51:00,2025-01-28,1.05,1.05,1.05,1.05,0,0,1
FINNIFTY28JAN2520000CE.NFO,2024-11-14,14:52:00,2025-01-28,1.05,1.05,1.05,1.05,0,0,1
FINNIFTY28JAN2520000CE.NFO,2024-11-14,14:53:00,2025-01-28,1.05,1.05,1.05,1.05,0,0,1
FINNIFTY28JAN2520000CE.NFO,2024-11-14,14:54:00,2025-01-28,1.05,1.05,1.05,1.05,0,0,1
FINNIFTY28JAN2520000CE.NFO,2024-11-14,14:55:00,2025-01-28,1.05,1.05,1.05,1.05,0,0,1
FINNIFTY28JAN2520000CE.NFO,2024-11-14,14:56:00,2025-01-28,1.05,1.05,1.05,1.05,0,0,1
FINNIFTY28JAN2520000CE.NFO,2024-11-14,14:57:00,2025-01-28,1.05,1.05,1.05,1.05,0,0,1
FINNIFTY28JAN2520000CE.NFO,2024-11-14,14:58:00,2025-01-28,1.05,1.05,1.05,1.05,0,0,1
FINNIFTY28JAN2520000CE.NFO,2024-11-14,14:59:00,2025-01-28,1.05,1.05,1.05,1.05,0,0,1
FINNIFTY28JAN2520000CE.NFO,2024-11-14,15:00:00,2025-01-28,1.05,1.05,1.05,1.05,0,0,1
FINNIFTY28JAN2520000CE.NFO,2024-11-14,15:01:00,2025-01-28,1.05,1.05,1.05,1.05,0,0,1
FINNIFTY28JAN2520000CE.NFO,2024-11-14,15:02:00,2025-01-28,1.05,1.05,1.05,1.05,0,0,1
FINNIFTY28JAN2520000CE.NFO,2024-11-14,15:03:00,2025-01-28,1.05,1.05,1.05,1.05,0,0,1
FINNIFTY28JAN2520000CE.NFO,2024-11-14,15:04:00,2025-01-28,1.05,1.05,1.05,1.05,0,0,1
FINNIFTY28JAN2520000CE.NFO,2024-11-14,15:05:00,2025-01-28,1.05,1.05,1.05,1.05,0,0,1
FINNIFTY28JAN2520000CE.NFO,2024-11-14,15:06:00,2025-01-28,1.05,1.05,1.05,1.05,0,0,1
FINNIFTY28JAN2520000CE.NFO,2024-11-14,15:07:00,2025-01-28,1.05,1.05,1.05,1.05,0,0,1
FINNIFTY28JAN2520000CE.NFO,2024-11-14,15:08:00,2025-01-28,1.05,1.05,1.05,1.05,0,0,1
FINNIFTY28JAN2520000CE.NFO,2024-11-14,15:09:00,2025-01-28,1.05,1.05,1.05,1.05,0,0,1
FINNIFTY28JAN2520000CE.NFO,2024-11-14,15:10:00,2025-01-28,1.05,1.05,1.05,1.05,0,0,1
FINNIFTY28JAN2520000CE.NFO,2024-11-14,15:11:00,2025-01-28,1.05,1.05,1.05,1.05,0,0,1
FINNIFTY28JAN2520000CE.NFO,2024-11-14,15:12:00,2025-01-28,1.05,1.05,1.05,1.05,0,0,1
FINNIFTY28JAN2520000CE.NFO,2024-11-14,15:13:00,2025-01-28,1.05,1.05,1.05,1.05,0,0,1
FINNIFTY28JAN2520000CE.NFO,2024-11-14,15:14:00,2025-01-28,1.05,1.05,1.05,1.05,0,0,1
FINNIFTY28JAN2520000CE.NFO,2024-11-14,15:15:00,2025-01-28,1.05,1.05,1.05,1.05,0,0,1
FINNIFTY28JAN2520000CE.NFO,2024-11-14,15:16:00,2025-01-28,1.05,1.05,1.05,1.05,0,0,1
FINNIFTY28JAN2520000CE.NFO,2024-11-14,15:17:00,2025-01-28,1.05,1.05,1.05,1.05,0,0,1
FINNIFTY28JAN2520000CE.NFO,2024-11-14,15:18:00,2025-01-28,1.05,1.05,1.05,1.05,0,0,1
FINNIFTY28JAN2520000CE.NFO,2024-11-14,15:19:00,2025-01-28,1.05,1.05,1.05,1.05,0,0,1
FINNIFTY28JAN2520000CE.NFO,2024-11-14,15:20:00,2025-01-28,1.05,1.05,1.05,1.05,0,0,1
FINNIFTY28JAN2520000CE.NFO,2024-11-14,15:21:00,2025-01-28,1.05,1.05,1.05,1.05,0,0,1
FINNIFTY28JAN2520000CE.NFO,2024-11-14,15:22:00,2025-01-28,1.05,1.05,1.05,1.05,0,0,1
FINNIFTY28JAN2520000CE.NFO,2024-11-14,15:23:00,2025-01-28,1.05,1.05,1.05,1.05,0,0,1
FINNIFTY28JAN2520000CE.NFO,2024-11-14,15:24:00,2025-01-28,1.05,1.05,1.05,1.05,0,0,1
FINNIFTY28JAN2520000CE.NFO,2024-11-14,15:25:00,2025-01-28,1.05,1.05,1.05,1.05,0,0,1
FINNIFTY28JAN2520000CE.NFO,2024-11-14,15:26:00,2025-01-28,1.05,1.05,1.05,1.05,0,0,1
FINNIFTY28JAN2520000CE.NFO,2024-11-14,15:27:00,2025-01-28,1.05,1.05,1.05,1.05,0,0,1
FINNIFTY28JAN2520000CE.NFO,2024-11-14,15:28:00,2025-01-28,1.05,1.05,1.05,1.05,0,0,1
FINNIFTY28JAN2520000CE.NFO,2024-11-14,15:29:00,2025-01-28,1.05,1.05,1.05,1.05,0,0,1
FINNIFTY28JAN2520000CE.NFO,2024-11-14,15:30:00,2025-01-28,1.05,1.05,1.05,1.05,0,0,1
FINNIFTY28JAN2520000CE.NFO,2024-11-18,09:15:00,2025-01-28,1.05,1.05,1.05,1.05,0,0,0
FINNIFTY28JAN2520000CE.NFO,2024-11-18,09:16:00,2025-01-28,1.05,1.05,1.05,1.05,0,0,1
FINNIFTY28JAN2520000CE.NFO,2024-11-18,09:17:00,2025-01-28,1.05,1.05,1.05,1.05,0,0,1
FINNIFTY28JAN2520000CE.NFO,2024-11-18,09:18:00,2025-01-28,1.05,1.05,1.05,1.05,0,0,1
FINNIFTY28JAN2520000CE.NFO,2024-11-18,09:19:00,2025-01-28,1.05,1.05,1.05,1.05,0,0,1
FINNIFTY28JAN2520000CE.NFO,2024-11-18,09:20:00,2025-01-28,1.05,1.05,1.05,1.05,0,0,1
FINNIFTY28JAN2520000CE.NFO,2024-11-18,09:21:00,2025-01-28,1.05,1.05,1.05,1.05,0,0,1
FINNIFTY28JAN2520000CE.NFO,2024-11-18,09:22:00,2025-01-28,1.05,1.05,1.05,1.05,0,0,1
FINNIFTY28JAN2520000CE.NFO,2024-11-18,09:23:00,2025-01-28,1.05,1.05,1.05,1.05,0,0,1
FINNIFTY28JAN2520000CE.NFO,2024-11-18,09:24:00,2025-01-28,1.05,1.05,1.05,1.05,0,0,1
FINNIFTY28JAN2520000CE.NFO,2024-11-18,09:25:00,2025-01-28,1.05,1.05,1.05,1.05,0,0,1
FINNIFTY28JAN2520000CE.NFO,2024-11-18,09:26:00,2025-01-28,1.05,1.05,1.05,1.05,0,0,1
FINNIFTY28JAN2520000CE.NFO,2024-11-18,09:27:00,2025-01-28,1.05,1.05,1.05,1.05,0,0,1
FINNIFTY28JAN2520000CE.NFO,2024-11-18,09:28:00,2025-01-28,1.05,1.05,1.05,1.05,0,0,1
FINNIFTY28JAN2520000CE.NFO,2024-11-18,09:29:00,2025-01-28,1.05,1.05,1.05,1.05,0,0,1
FINNIFTY28JAN2520000CE.NFO,2024-11-18,09:30:00,2025-01-28,1.05,1.05,1.05,1.05,0,0,1
FINNIFTY28JAN2520000CE.NFO,2024-11-18,09:31:00,2025-01-28,1.05,1.05,1.05,1.05,0,0,1
FINNIFTY28JAN2520000CE.NFO,2024-11-18,09:32:00,2025-01-28,1.05,1.05,1.05,1.05,0,0,1
FINNIFTY28JAN2520000CE.NFO,2024-11-18,09:33:00,2025-01-28,1.05,1.05,1.05,1.05,0,0,1
FINNIFTY28JAN2520000CE.NFO,2024-11-18,09:34:00,2025-01-28,1.05,1.05,1.05,1.05,0,0,1
FINNIFTY28JAN2520000CE.NFO,2024-11-18,09:35:00,2025-01-28,1.05,1.05,1.05,1.05,0,0,1
FINNIFTY28JAN2520000CE.NFO,2024-11-18,09:36:00,2025-01-28,1.05,1.05,1.05,1.05,0,0,1
FINNIFTY28JAN2520000CE.NFO,2024-11-18,09:37:00,2025-01-28,1.05,1.05,1.05,1.05,0,0,1
FINNIFTY28JAN2520000CE.NFO,2024-11-18,09:38:00,2025-01-28,1.05,1.05,1.05,1.05,0,0,1
FINNIFTY28JAN2520000CE.NFO,2024-11-18,09:39:00,2025-01-28,1.05,1.05,1.05,1.05,0,0,1
FINNIFTY28JAN2520000CE.NFO,2024-11-18,09:40:00,2025-01-28,1.05,1.05,1.05,1.05,0,0,1
FINNIFTY28JAN2520000CE.NFO,2024-11-18,09:41:00,2025-01-28,1.05,1.05,1.05,1.05,0,0,1
FINNIFTY28JAN2520000CE.NFO,2024-11-18,09:42:00,2025-01-28,1.05,1.05,1.05,1.05,0,0,1
FINNIFTY28JAN2520000CE.NFO,2024-11-18,09:43:00,2025-01-28,1.05,1.05,1.05,1.05,0,0,1
FINNIFTY28JAN2520000CE.NFO,2024-11-18,09:44:00,2025-01-28,1.05,1.05,1.05,1.05,0,0,1
FINNIFTY28JAN2520000CE.NFO,2024-11-18,09:45:00,2025-01-28,1.05,1.05,1.05,1.05,0,0,1
FINNIFTY28JAN2520000CE.NFO,2024-11-18,09:46:00,2025-01-28,1.05,1.05,1.05,1.05,0,0,1
FINNIFTY28JAN2520000CE.NFO,2024-11-18,09:47:00,2025-01-28,1.05,1.05,1.05,1.05,0,0,1
FINNIFTY28JAN2520000CE.NFO,2024-11-18,09:48:00,2025-01-28,1.05,1.05,1.05,1.05,0,0,1
FINNIFTY28JAN2520000CE.NFO,2024-11-18,09:49:00,2025-01-28,1.05,1.05,1.05,1.05,0,0,1
FINNIFTY28JAN2520000CE.NFO,2024-11-18,09:50:00,2025-01-28,1.05,1.05,1.05,1.05,0,0,1
FINNIFTY28JAN2520000CE.NFO,2024-11-18,09:51:00,2025-01-28,1.05,1.05,1.05,1.05,0,0,1
FINNIFTY28JAN2520000CE.NFO,2024-11-18,09:52:00,2025-01-28,1.05,1.05,1.05,1.05,0,0,1
FINNIFTY28JAN2520000CE.NFO,2024-11-18,09:53:00,2025-01-28,1.05,1.05,1.05,1.05,0,0,1
FINNIFTY28JAN2520000CE.NFO,2024-11-18,09:54:00,2025-01-28,1.05,1.05,1.05,1.05,0,0,1
FINNIFTY28JAN2520000CE.NFO,2024-11-18,09:55:00,2025-01-28,1.05,1.05,1.05,1.05,0,0,1
FINNIFTY28JAN2520000CE.NFO,2024-11-18,09:56:00,2025-01-28,1.05,1.05,1.05,1.05,0,0,1
FINNIFTY28JAN2520000CE.NFO,2024-11-18,09:57:00,2025-01-28,1.05,1.05,1.05,1.05,0,0,1
FINNIFTY28JAN2520000CE.NFO,2024-11-18,09:58:00,2025-01-28,1.05,1.05,1.05,1.05,0,0,1
FINNIFTY28JAN2520000CE.NFO,2024-11-18,09:59:00,2025-01-28,1.05,1.05,1.05,1.05,0,0,1
FINNIFTY28JAN2520000CE.NFO,2024-11-18,10:00:00,2025-01-28,1.05,1.05,1.05,1.05,0,0,1
FINNIFTY28JAN2520000CE.NFO,2024-11-18,10:01:00,2025-01-28,1.05,1.05,1.05,1.05,0,0,1
FINNIFTY28JAN2520000CE.NFO,2024-11-18,10:02:00,2025-01-28,1.05,1.05,1.05,1.05,0,0,1
FINNIFTY28JAN2520000CE.NFO,2024-11-18,10:03:00,2025-01-28,1.05,1.05,1.05,1.05,0,0,1
FINNIFTY28JAN2520000CE.NFO,2024-11-18,10:04:00,2025-01-28,1.05,1.05,1.05,1.05,0,0,1
FINNIFTY28JAN2520000CE.NFO,2024-11-18,10:05:00,2025-01-28,1.05,1.05,1.05,1.05,0,0,1
FINNIFTY28JAN2520000CE.NFO,2024-11-18,10:06:00,2025-01-28,1.05,1.05,1.05,1.05,0,0,1
FINNIFTY28JAN2520000CE.NFO,2024-11-18,10:07:00,2025-01-28,1.05,1.05,1.05,1.05,0,0,1
FINNIFTY28JAN2520000CE.NFO,2024-11-18,10:08:00,2025-01-28,1.05,1.05,1.05,1.05,0,0,1
FINNIFTY28JAN2520000CE.NFO,2024-11-18,10:09:00,2025-01-28,1.05,1.05,1.05,1.05,0,0,1
FINNIFTY28JAN2520000CE.NFO,2024-11-18,10:10:00,2025-01-28,1.05,1.05,1.05,1.05,0,0,1
FINNIFTY28JAN2520000CE.NFO,2024-11-18,10:11:00,2025-01-28,1.05,1.05,1.05,1.05,0,0,1
FINNIFTY28JAN2520000CE.NFO,2024-11-18,10:12:00,2025-01-28,1.05,1.05,1.05,1.05,0,0,1
FINNIFTY28JAN2520000CE.NFO,2024-11-18,10:13:00,2025-01-28,1.05,1.05,1.05,1.05,0,0,1
FINNIFTY28JAN2520000CE.NFO,2024-11-18,10:14:00,2025-01-28,1.05,1.05,1.05,1.05,0,0,1
FINNIFTY28JAN2520000CE.NFO,2024-11-18,10:15:00,2025-01-28,1.05,1.05,1.05,1.05,0,0,1
FINNIFTY28JAN2520000CE.NFO,2024-11-18,10:16:00,2025-01-28,1.05,1.05,1.05,1.05,0,0,1
FINNIFTY28JAN2520000CE.NFO,2024-11-18,10:17:00,2025-01-28,1.05,1.05,1.05,1.05,0,0,1
FINNIFTY28JAN2520000CE.NFO,2024-11-18,10:18:00,2025-01-28,1.05,1.05,1.05,1.05,0,0,1
FINNIFTY28JAN2520000CE.NFO,2024-11-18,10:19:00,2025-01-28,1.05,1.05,1.05,1.05,0,0,1
FINNIFTY28JAN2520000CE.NFO,2024-11-18,10:20:00,2025-01-28,1.05,1.05,1.05,1.05,0,0,1
FINNIFTY28JAN2520000CE.NFO,2024-11-18,10:21:00,2025-01-28,1.05,1.05,1.05,1.05,0,0,1
FINNIFTY28JAN2520000CE.NFO,2024-11-18,10:22:00,2025-01-28,1.05,1.05,1.05,1.05,0,0,1
FINNIFTY28JAN2520000CE.NFO,2024-11-18,10:23:00,2025-01-28,1.05,1.05,1.05,1.05,0,0,1
FINNIFTY28JAN2520000CE.NFO,2024-11-18,10:24:00,2025-01-28,1.05,1.05,1.05,1.05,0,0,1
FINNIFTY28JAN2520000CE.NFO,2024-11-18,10:25:00,2025-01-28,1.05,1.05,1.05,1.05,0,0,1
FINNIFTY28JAN2520000CE.NFO,2024-11-18,10:26:00,2025-01-28,1.05,1.05,1.05,1.05,0,0,1
FINNIFTY28JAN2520000CE.NFO,2024-11-18,10:27:00,2025-01-28,1.05,1.05,1.05,1.05,0,0,1
FINNIFTY28JAN2520000CE.NFO,2024-11-18,10:28:00,2025-01-28,1.05,1.05,1.05,1.05,0,0,1
FINNIFTY28JAN2520000CE.NFO,2024-11-18,10:29:00,2025-01-28,1.05,1.05,1.05,1.05,0,0,1
FINNIFTY28JAN2520000CE.NFO,2024-11-18,10:30:00,2025-01-28,1.05,1.05,1.05,1.05,0,0,1
FINNIFTY28JAN2520000CE.NFO,2024-11-18,10:31:00,2025-01-28,1.05,1.05,1.05,1.05,0,0,1
FINNIFTY28JAN2520000CE.NFO,2024-11-18,10:32:00,2025-01-28,1.05,1.05,1.05,1.05,0,0,1
FINNIFTY28JAN2520000CE.NFO,2024-11-18,10:33:00,2025-01-28,1.05,1.05,1.05,1.05,0,0,1
FINNIFTY28JAN2520000CE.NFO,2024-11-18,10:34:00,2025-01-28,1.05,1.05,1.05,1.05,0,0,1
FINNIFTY28JAN2520000CE.NFO,2024-11-18,10:35:00,2025-01-28,1.05,1.05,1.05,1.05,0,0,1
FINNIFTY28JAN2520000CE.NFO,2024-11-18,10:36:00,2025-01-28,1.05,1.05,1.05,1.05,0,0,1
FINNIFTY28JAN2520000CE.NFO,2024-11-18,10:37:00,2025-01-28,1.05,1.05,1.05,1.05,0,0,1
FINNIFTY28JAN2520000CE.NFO,2024-11-18,10:38:00,2025-01-28,1.05,1.05,1.05,1.05,0,0,1
FINNIFTY28JAN2520000CE.NFO,2024-11-18,10:39:00,2025-01-28,1.05,1.05,1.05,1.05,0,0,1
FINNIFTY28JAN2520000CE.NFO,2024-11-18,10:40:00,2025-01-28,1.05,1.05,1.05,1.05,0,0,1
FINNIFTY28JAN2520000CE.NFO,2024-11-18,10:41:00,2025-01-28,1.05,1.05,1.05,1.05,0,0,1
FINNIFTY28JAN2520000CE.NFO,2024-11-18,10:42:00,2025-01-28,1.05,1.05,1.05,1.05,0,0,1
FINNIFTY28JAN2520000CE.NFO,2024-11-18,10:43:00,2025-01-28,1.05,1.05,1.05,1.05,0,0,1
FINNIFTY28JAN2520000CE.NFO,2024-11-18,10:44:00,2025-01-28,1.05,1.05,1.05,1.05,0,0,1
FINNIFTY28JAN2520000CE.NFO,2024-11-18,10:45:00,2025-01-28,1.05,1.05,1.05,1.05,0,0,1
FINNIFTY28JAN2520000CE.NFO,2024-11-18,10:46:00,2025-01-28,1.05,1.05,1.05,1.05,0,0,1
FINNIFTY28JAN2520000CE.NFO,2024-11-18,10:47:00,2025-01-28,1.05,1.05,1.05,1.05,0,0,1
FINNIFTY28JAN2520000CE.NFO,2024-11-18,10:48:00,2025-01-28,1.05,1.05,1.05,1.05,0,0,1
FINNIFTY28JAN2520000CE.NFO,2024-11-18,10:49:00,2025-01-28,1.05,1.05,1.05,1.05,0,0,1
FINNIFTY28JAN2520000CE.NFO,2024-11-18,10:50:00,2025-01-28,1.05,1.05,1.05,1.05,0,0,1
FINNIFTY28JAN2520000CE.NFO,2024-11-18,10:51:00,2025-01-28,1.05,1.05,1.05,1.05,0,0,1
FINNIFTY28JAN2520000CE.NFO,2024-11-18,10:52:00,2025-01-28,1.05,1.05,1.05,1.05,0,0,1
FINNIFTY28JAN2520000CE.NFO,2024-11-18,10:53:00,2025-01-28,1.05,1.05,1.05,1.05,0,0,1
FINNIFTY28JAN2520000CE.NFO,2024-11-18,10:54:00,2025-01-28,1.05,1.05,1.05,1.05,0,0,1
FINNIFTY28JAN2520000CE.NFO,2024-11-18,10:55:00,2025-01-28,1.05,1.05,1.05,1.05,0,0,1
FINNIFTY28JAN2520000CE.NFO,2024-11-18,10:56:00,2025-01-28,1.05,1.05,1.05,1.05,0,0,1
FINNIFTY28JAN2520000CE.NFO,2024-11-18,10:57:00,2025-01-28,1.05,1.05,1.05,1.05,0,0,1
FINNIFTY28JAN2520000CE.NFO,2024-11-18,10:58:00,2025-01-28,1.05,1.05,1.05,1.05,0,0,1
FINNIFTY28JAN2520000CE.NFO,2024-11-18,10:59:00,2025-01-28,1.05,1.05,1.05,1.05,0,0,1
FINNIFTY28JAN2520000CE.NFO,2024-11-18,11:00:00,2025-01-28,1.05,1.05,1.05,1.05,0,0,1
FINNIFTY28JAN2520000CE.NFO,2024-11-18,11:01:00,2025-01-28,1.05,1.05,1.05,1.05,0,0,1
FINNIFTY28JAN2520000CE.NFO,2024-11-18,11:02:00,2025-01-28,1.05,1.05,1.05,1.05,0,0,1
FINNIFTY28JAN2520000CE.NFO,2024-11-18,11:03:00,2025-01-28,1.05,1.05,1.05,1.05,0,0,1
FINNIFTY28JAN2520000CE.NFO,2024-11-18,11:04:00,2025-01-28,1.05,1.05,1.05,1.05,0,0,1
FINNIFTY28JAN2520000CE.NFO,2024-11-18,11:05:00,2025-01-28,1.05,1.05,1.05,1.05,0,0,1
FINNIFTY28JAN2520000CE.NFO,2024-11-18,11:06:00,2025-01-28,1.05,1.05,1.05,1.05,0,0,1
FINNIFTY28JAN2520000CE.NFO,2024-11-18,11:07:00,2025-01-28,1.05,1.05,1.05,1.05,0,0,1
FINNIFTY28JAN2520000CE.NFO,2024-11-18,11:08:00,2025-01-28,1.05,1.05,1.05,1.05,0,0,1
FINNIFTY28JAN2520000CE.NFO,2024-11-18,11:09:00,2025-01-28,1.05,1.05,1.05,1.05,0,0,1
FINNIFTY28JAN2520000CE.NFO,2024-11-18,11:10:00,2025-01-28,1.05,1.05,1.05,1.05,0,0,1
FINNIFTY28JAN2520000CE.NFO,2024-11-18,11:11:00,2025-01-28,1.05,1.05,1.05,1.05,0,0,1
FINNIFTY28JAN2520000CE.NFO,2024-11-18,11:12:00,2025-01-28,1.05,1.05,1.05,1.05,0,0,1
FINNIFTY28JAN2520000CE.NFO,2024-11-18,11:13:00,2025-01-28,1.05,1.05,1.05,1.05,0,0,1
FINNIFTY28JAN2520000CE.NFO,2024-11-18,11:14:00,2025-01-28,1.05,1.05,1.05,1.05,0,0,1
FINNIFTY28JAN2520000CE.NFO,2024-11-18,11:15:00,2025-01-28,1.05,1.05,1.05,1.05,0,0,1
FINNIFTY28JAN2520000CE.NFO,2024-11-18,11:16:00,2025-01-28,1.05,1.05,1.05,1.05,0,0,1
FINNIFTY28JAN2520000CE.NFO,2024-11-18,11:17:00,2025-01-28,1.05,1.05,1.05,1.05,0,0,1
FINNIFTY28JAN2520000CE.NFO,2024-11-18,11:18:00,2025-01-28,1.05,1.05,1.05,1.05,0,0,1
FINNIFTY28JAN2520000CE.NFO,2024-11-18,11:19:00,2025-01-28,1.05,1.05,1.05,1.05,0,0,1
FINNIFTY28JAN2520000CE.NFO,2024-11-18,11:20:00,2025-01-28,1.05,1.05,1.05,1.05,0,0,1
FINNIFTY28JAN2520000CE.NFO,2024-11-18,11:21:00,2025-01-28,1.05,1.05,1.05,1.05,0,0,1
FINNIFTY28JAN2520000CE.NFO,2024-11-18,11:22:00,2025-01-28,1.05,1.05,1.05,1.05,0,0,1
FINNIFTY28JAN2520000CE.NFO,2024-11-18,11:23:00,2025-01-28,1.05,1.05,1.05,1.05,0,0,1
FINNIFTY28JAN2520000CE.NFO,2024-11-18,11:24:00,2025-01-28,1.05,1.05,1.05,1.05,0,0,1
FINNIFTY28JAN2520000CE.NFO,2024-11-18,11:25:00,2025-01-28,1.05,1.05,1.05,1.05,0,0,1
FINNIFTY28JAN2520000CE.NFO,2024-11-18,11:26:00,2025-01-28,1.05,1.05,1.05,1.05,0,0,1
FINNIFTY28JAN2520000CE.NFO,2024-11-18,11:27:00,2025-01-28,1.05,1.05,1.05,1.05,0,0,1
FINNIFTY28JAN2520000CE.NFO,2024-11-18,11:28:00,2025-01-28,1.05,1.05,1.05,1.05,0,0,1
FINNIFTY28JAN2520000CE.NFO,2024-11-18,11:29:00,2025-01-28,1.05,1.05,1.05,1.05,0,0,1
FINNIFTY28JAN2520000CE.NFO,2024-11-18,11:30:00,2025-01-28,1.05,1.05,1.05,1.05,0,0,1
FINNIFTY28JAN2520000CE.NFO,2024-11-18,11:31:00,2025-01-28,1.05,1.05,1.05,1.05,0,0,1
FINNIFTY28JAN2520000CE.NFO,2024-11-18,11:32:00,2025-01-28,1.05,1.05,1.05,1.05,0,0,1
FINNIFTY28JAN2520000CE.NFO,2024-11-18,11:33:00,2025-01-28,1.05,1.05,1.05,1.05,0,0,1
FINNIFTY28JAN2520000CE.NFO,2024-11-18,11:34:00,2025-01-28,1.05,1.05,1.05,1.05,0,0,1
FINNIFTY28JAN2520000CE.NFO,2024-11-18,11:35:00,2025-01-28,1.05,1.05,1.05,1.05,0,0,1
FINNIFTY28JAN2520000CE.NFO,2024-11-18,11:36:00,2025-01-28,1.05,1.05,1.05,1.05,0,0,1
FINNIFTY28JAN2520000CE.NFO,2024-11-18,11:37:00,2025-01-28,1.05,1.05,1.05,1.05,0,0,1
FINNIFTY28JAN2520000CE.NFO,2024-11-18,11:38:00,2025-01-28,1.05,1.05,1.05,1.05,0,0,1
FINNIFTY28JAN2520000CE.NFO,2024-11-18,11:39:00,2025-01-28,1.05,1.05,1.05,1.05,0,0,1
FINNIFTY28JAN2520000CE.NFO,2024-11-18,11:40:00,2025-01-28,1.05,1.05,1.05,1.05,0,0,1
FINNIFTY28JAN2520000CE.NFO,2024-11-18,11:41:00,2025-01-28,1.05,1.05,1.05,1.05,0,0,1
FINNIFTY28JAN2520000CE.NFO,2024-11-18,11:42:00,2025-01-28,1.05,1.05,1.05,1.05,0,0,1
FINNIFTY28JAN2520000CE.NFO,2024-11-18,11:43:00,2025-01-28,1.05,1.05,1.05,1.05,0,0,1
FINNIFTY28JAN2520000CE.NFO,2024-11-18,11:44:00,2025-01-28,1.05,1.05,1.05,1.05,0,0,1
FINNIFTY28JAN2520000CE.NFO,2024-11-18,11:45:00,2025-01-28,1.05,1.05,1.05,1.05,0,0,1
FINNIFTY28JAN2520000CE.NFO,2024-11-18,11:46:00,2025-01-28,1.05,1.05,1.05,1.05,0,0,1
FINNIFTY28JAN2520000CE.NFO,2024-11-18,11:47:00,2025-01-28,1.05,1.05,1.05,1.05,0,0,1
FINNIFTY28JAN2520000CE.NFO,2024-11-18,11:48:00,2025-01-28,1.05,1.05,1.05,1.05,0,0,1
FINNIFTY28JAN2520000CE.NFO,2024-11-18,11:49:00,2025-01-28,1.05,1.05,1.05,1.05,0,0,1
FINNIFTY28JAN2520000CE.NFO,2024-11-18,11:50:00,2025-01-28,1.05,1.05,1.05,1.05,0,0,1
FINNIFTY28JAN2520000CE.NFO,2024-11-18,11:51:00,2025-01-28,1.05,1.05,1.05,1.05,0,0,1
FINNIFTY28JAN2520000CE.NFO,2024-11-18,11:52:00,2025-01-28,1.05,1.05,1.05,1.05,0,0,1
FINNIFTY28JAN2520000CE.NFO,2024-11-18,11:53:00,2025-01-28,1.05,1.05,1.05,1.05,0,0,1
FINNIFTY28JAN2520000CE.NFO,2024-11-18,11:54:00,2025-01-28,1.05,1.05,1.05,1.05,0,0,1
FINNIFTY28JAN2520000CE.NFO,2024-11-18,11:55:00,2025-01-28,1.05,1.05,1.05,1.05,0,0,1
FINNIFTY28JAN2520000CE.NFO,2024-11-18,11:56:00,2025-01-28,1.05,1.05,1.05,1.05,0,0,1
FINNIFTY28JAN2520000CE.NFO,2024-11-18,11:57:00,2025-01-28,1.05,1.05,1.05,1.05,0,0,1
FINNIFTY28JAN2520000CE.NFO,2024-11-18,11:58:00,2025-01-28,1.05,1.05,1.05,1.05,0,0,1
FINNIFTY28JAN2520000CE.NFO,2024-11-18,11:59:00,2025-01-28,1.05,1.05,1.05,1.05,0,0,1
FINNIFTY28JAN2520000CE.NFO,2024-11-18,12:00:00,2025-01-28,1.05,1.05,1.05,1.05,0,0,1
FINNIFTY28JAN2520000CE.NFO,2024-11-18,12:01:00,2025-01-28,1.05,1.05,1.05,1.05,0,0,1
FINNIFTY28JAN2520000CE.NFO,2024-11-18,12:02:00,2025-01-28,1.05,1.05,1.05,1.05,0,0,1
FINNIFTY28JAN2520000CE.NFO,2024-11-18,12:03:00,2025-01-28,1.05,1.05,1.05,1.05,0,0,1
FINNIFTY28JAN2520000CE.NFO,2024-11-18,12:04:00,2025-01-28,1.05,1.05,1.05,1.05,0,0,1
FINNIFTY28JAN2520000CE.NFO,2024-11-18,12:05:00,2025-01-28,1.05,1.05,1.05,1.05,0,0,1
FINNIFTY28JAN2520000CE.NFO,2024-11-18,12:06:00,2025-01-28,1.05,1.05,1.05,1.05,0,0,1
FINNIFTY28JAN2520000CE.NFO,2024-11-18,12:07:00,2025-01-28,1.05,1.05,1.05,1.05,0,0,1
FINNIFTY28JAN2520000CE.NFO,2024-11-18,12:08:00,2025-01-28,1.05,1.05,1.05,1.05,0,0,1
FINNIFTY28JAN2520000CE.NFO,2024-11-18,12:09:00,2025-01-28,1.05,1.05,1.05,1.05,0,0,1
FINNIFTY28JAN2520000CE.NFO,2024-11-18,12:10:00,2025-01-28,1.05,1.05,1.05,1.05,0,0,1
FINNIFTY28JAN2520000CE.NFO,2024-11-18,12:11:00,2025-01-28,1.05,1.05,1.05,1.05,0,0,1
FINNIFTY28JAN2520000CE.NFO,2024-11-18,12:12:00,2025-01-28,1.05,1.05,1.05,1.05,0,0,1
FINNIFTY28JAN2520000CE.NFO,2024-11-18,12:13:00,2025-01-28,1.05,1.05,1.05,1.05,0,0,1
FINNIFTY28JAN2520000CE.NFO,2024-11-18,12:14:00,2025-01-28,1.05,1.05,1.05,1.05,0,0,1
FINNIFTY28JAN2520000CE.NFO,2024-11-18,12:15:00,2025-01-28,1.05,1.05,1.05,1.05,0,0,1
FINNIFTY28JAN2520000CE.NFO,2024-11-18,12:16:00,2025-01-28,1.05,1.05,1.05,1.05,0,0,1
FINNIFTY28JAN2520000CE.NFO,2024-11-18,12:17:00,2025-01-28,1.05,1.05,1.05,1.05,0,0,1
FINNIFTY28JAN2520000CE.NFO,2024-11-18,12:18:00,2025-01-28,1.05,1.05,1.05,1.05,0,0,1
FINNIFTY28JAN2520000CE.NFO,2024-11-18,12:19:00,2025-01-28,1.05,1.05,1.05,1.05,0,0,1
FINNIFTY28JAN2520000CE.NFO,2024-11-18,12:20:00,2025-01-28,1.05,1.05,1.05,1.05,0,0,1
FINNIFTY28JAN2520000CE.NFO,2024-11-18,12:21:00,2025-01-28,1.05,1.05,1.05,1.05,0,0,1
FINNIFTY28JAN2520000CE.NFO,2024-11-18,12:22:00,2025-01-28,1.05,1.05,1.05,1.05,0,0,1
FINNIFTY28JAN2520000CE.NFO,2024-11-18,12:23:00,2025-01-28,1.05,1.05,1.05,1.05,0,0,1
FINNIFTY28JAN2520000CE.NFO,2024-11-18,12:24:00,2025-01-28,1.05,1.05,1.05,1.05,0,0,1
FINNIFTY28JAN2520000CE.NFO,2024-11-18,12:25:00,2025-01-28,1.05,1.05,1.05,1.05,0,0,1
FINNIFTY28JAN2520000CE.NFO,2024-11-18,12:26:00,2025-01-28,1.05,1.05,1.05,1.05,0,0,1
FINNIFTY28JAN2520000CE.NFO,2024-11-18,12:27:00,2025-01-28,1.05,1.05,1.05,1.05,0,0,1
FINNIFTY28JAN2520000CE.NFO,2024-11-18,12:28:00,2025-01-28,1.05,1.05,1.05,1.05,0,0,1
FINNIFTY28JAN2520000CE.NFO,2024-11-18,12:29:00,2025-01-28,1.05,1.05,1.05,1.05,0,0,1
FINNIFTY28JAN2520000CE.NFO,2024-11-18,12:30:00,2025-01-28,1.05,1.05,1.05,1.05,0,0,1
FINNIFTY28JAN2520000CE.NFO,2024-11-18,12:31:00,2025-01-28,1.05,1.05,1.05,1.05,0,0,1
FINNIFTY28JAN2520000CE.NFO,2024-11-18,12:32:00,2025-01-28,1.05,1.05,1.05,1.05,0,0,1
FINNIFTY28JAN2520000CE.NFO,2024-11-18,12:33:00,2025-01-28,1.05,1.05,1.05,1.05,0,0,1
FINNIFTY28JAN2520000CE.NFO,2024-11-18,12:34:00,2025-01-28,1.05,1.05,1.05,1.05,0,0,1
FINNIFTY28JAN2520000CE.NFO,2024-11-18,12:35:00,2025-01-28,1.05,1.05,1.05,1.05,0,0,1
FINNIFTY28JAN2520000CE.NFO,2024-11-18,12:36:00,2025-01-28,1.05,1.05,1.05,1.05,0,0,1
FINNIFTY28JAN2520000CE.NFO,2024-11-18,12:37:00,2025-01-28,1.05,1.05,1.05,1.05,0,0,1
FINNIFTY28JAN2520000CE.NFO,2024-11-18,12:38:00,2025-01-28,1.05,1.05,1.05,1.05,0,0,1
FINNIFTY28JAN2520000CE.NFO,2024-11-18,12:39:00,2025-01-28,1.05,1.05,1.05,1.05,0,0,1
FINNIFTY28JAN2520000CE.NFO,2024-11-18,12:40:00,2025-01-28,1.05,1.05,1.05,1.05,0,0,1
FINNIFTY28JAN2520000CE.NFO,2024-11-18,12:41:00,2025-01-28,1.05,1.05,1.05,1.05,0,0,1
FINNIFTY28JAN2520000CE.NFO,2024-11-18,12:42:00,2025-01-28,1.05,1.05,1.05,1.05,0,0,1
FINNIFTY28JAN2520000CE.NFO,2024-11-18,12:43:00,2025-01-28,1.05,1.05,1.05,1.05,0,0,1
FINNIFTY28JAN2520000CE.NFO,2024-11-18,12:44:00,2025-01-28,1.05,1.05,1.05,1.05,0,0,1
FINNIFTY28JAN2520000CE.NFO,2024-11-18,12:45:00,2025-01-28,1.05,1.05,1.05,1.05,0,0,1
FINNIFTY28JAN2520000CE.NFO,2024-11-18,12:46:00,2025-01-28,1.05,1.05,1.05,1.05,0,0,1
FINNIFTY28JAN2520000CE.NFO,2024-11-18,12:47:00,2025-01-28,1.05,1.05,1.05,1.05,0,0,1
FINNIFTY28JAN2520000CE.NFO,2024-11-18,12:48:00,2025-01-28,1.05,1.05,1.05,1.05,0,0,1
FINNIFTY28JAN2520000CE.NFO,2024-11-18,12:49:00,2025-01-28,1.05,1.05,1.05,1.05,0,0,1
FINNIFTY28JAN2520000CE.NFO,2024-11-18,12:50:00,2025-01-28,1.05,1.05,1.05,1.05,0,0,1
FINNIFTY28JAN2520000CE.NFO,2024-11-18,12:51:00,2025-01-28,1.05,1.05,1.05,1.05,0,0,1
FINNIFTY28JAN2520000CE.NFO,2024-11-18,12:52:00,2025-01-28,1.05,1.05,1.05,1.05,0,0,1
FINNIFTY28JAN2520000CE.NFO,2024-11-18,12:53:00,2025-01-28,1.05,1.05,1.05,1.05,0,0,1
FINNIFTY28JAN2520000CE.NFO,2024-11-18,12:54:00,2025-01-28,1.05,1.05,1.05,1.05,0,0,1
FINNIFTY28JAN2520000CE.NFO,2024-11-18,12:55:00,2025-01-28,1.05,1.05,1.05,1.05,0,0,1
FINNIFTY28JAN2520000CE.NFO,2024-11-18,12:56:00,2025-01-28,1.05,1.05,1.05,1.05,0,0,1
FINNIFTY28JAN2520000CE.NFO,2024-11-18,12:57:00,2025-01-28,1.05,1.05,1.05,1.05,0,0,1
FINNIFTY28JAN2520000CE.NFO,2024-11-18,12:58:00,2025-01-28,1.05,1.05,1.05,1.05,0,0,1
FINNIFTY28JAN2520000CE.NFO,2024-11-18,12:59:00,2025-01-28,1.05,1.05,1.05,1.05,0,0,1
FINNIFTY28JAN2520000CE.NFO,2024-11-18,13:00:00,2025-01-28,1.05,1.05,1.05,1.05,0,0,1
FINNIFTY28JAN2520000CE.NFO,2024-11-18,13:01:00,2025-01-28,1.05,1.05,1.05,1.05,0,0,1
FINNIFTY28JAN2520000CE.NFO,2024-11-18,13:02:00,2025-01-28,1.05,1.05,1.05,1.05,0,0,1
FINNIFTY28JAN2520000CE.NFO,2024-11-18,13:03:00,2025-01-28,1.05,1.05,1.05,1.05,0,0,1
FINNIFTY28JAN2520000CE.NFO,2024-11-18,13:04:00,2025-01-28,1.05,1.05,1.05,1.05,0,0,1
FINNIFTY28JAN2520000CE.NFO,2024-11-18,13:05:00,2025-01-28,1.05,1.05,1.05,1.05,0,0,1
FINNIFTY28JAN2520000CE.NFO,2024-11-18,13:06:00,2025-01-28,1.05,1.05,1.05,1.05,0,0,1
FINNIFTY28JAN2520000CE.NFO,2024-11-18,13:07:00,2025-01-28,1.05,1.05,1.05,1.05,0,0,1
FINNIFTY28JAN2520000CE.NFO,2024-11-18,13:08:00,2025-01-28,1.05,1.05,1.05,1.05,0,0,1
FINNIFTY28JAN2520000CE.NFO,2024-11-18,13:09:00,2025-01-28,1.05,1.05,1.05,1.05,0,0,1
FINNIFTY28JAN2520000CE.NFO,2024-11-18,13:10:00,2025-01-28,1.05,1.05,1.05,1.05,0,0,1
FINNIFTY28JAN2520000CE.NFO,2024-11-18,13:11:00,2025-01-28,1.05,1.05,1.05,1.05,0,0,1
FINNIFTY28JAN2520000CE.NFO,2024-11-18,13:12:00,2025-01-28,1.05,1.05,1.05,1.05,0,0,1
FINNIFTY28JAN2520000CE.NFO,2024-11-18,13:13:00,2025-01-28,1.05,1.05,1.05,1.05,0,0,1
FINNIFTY28JAN2520000CE.NFO,2024-11-18,13:14:00,2025-01-28,1.05,1.05,1.05,1.05,0,0,1
FINNIFTY28JAN2520000CE.NFO,2024-11-18,13:15:00,2025-01-28,1.05,1.05,1.05,1.05,0,0,1
FINNIFTY28JAN2520000CE.NFO,2024-11-18,13:16:00,2025-01-28,1.05,1.05,1.05,1.05,0,0,1
FINNIFTY28JAN2520000CE.NFO,2024-11-18,13:17:00,2025-01-28,1.05,1.05,1.05,1.05,0,0,1
FINNIFTY28JAN2520000CE.NFO,2024-11-18,13:18:00,2025-01-28,1.05,1.05,1.05,1.05,0,0,1
FINNIFTY28JAN2520000CE.NFO,2024-11-18,13:19:00,2025-01-28,1.05,1.05,1.05,1.05,0,0,1
FINNIFTY28JAN2520000CE.NFO,2024-11-18,13:20:00,2025-01-28,1.05,1.05,1.05,1.05,0,0,1
FINNIFTY28JAN2520000CE.NFO,2024-11-18,13:21:00,2025-01-28,1.05,1.05,1.05,1.05,0,0,1
FINNIFTY28JAN2520000CE.NFO,2024-11-18,13:22:00,2025-01-28,1.05,1.05,1.05,1.05,0,0,1
FINNIFTY28JAN2520000CE.NFO,2024-11-18,13:23:00,2025-01-28,1.05,1.05,1.05,1.05,0,0,1
FINNIFTY28JAN2520000CE.NFO,2024-11-18,13:24:00,2025-01-28,1.05,1.05,1.05,1.05,0,0,1
FINNIFTY28JAN2520000CE.NFO,2024-11-18,13:25:00,2025-01-28,1.05,1.05,1.05,1.05,0,0,1
FINNIFTY28JAN2520000CE.NFO,2024-11-18,13:26:00,2025-01-28,1.05,1.05,1.05,1.05,0,0,1
FINNIFTY28JAN2520000CE.NFO,2024-11-18,13:27:00,2025-01-28,1.05,1.05,1.05,1.05,0,0,1
FINNIFTY28JAN2520000CE.NFO,2024-11-18,13:28:00,2025-01-28,1.05,1.05,1.05,1.05,0,0,1
FINNIFTY28JAN2520000CE.NFO,2024-11-18,13:29:00,2025-01-28,1.05,1.05,1.05,1.05,0,0,1
FINNIFTY28JAN2520000CE.NFO,2024-11-18,13:30:00,2025-01-28,1.05,1.05,1.05,1.05,0,0,1
FINNIFTY28JAN2520000CE.NFO,2024-11-18,13:31:00,2025-01-28,1.05,1.05,1.05,1.05,0,0,1
FINNIFTY28JAN2520000CE.NFO,2024-11-18,13:32:00,2025-01-28,1.05,1.05,1.05,1.05,0,0,1
FINNIFTY28JAN2520000CE.NFO,2024-11-18,13:33:00,2025-01-28,1.05,1.05,1.05,1.05,0,0,1
FINNIFTY28JAN2520000CE.NFO,2024-11-18,13:34:00,2025-01-28,1.05,1.05,1.05,1.05,0,0,1
FINNIFTY28JAN2520000CE.NFO,2024-11-18,13:35:00,2025-01-28,1.05,1.05,1.05,1.05,0,0,1
FINNIFTY28JAN2520000CE.NFO,2024-11-18,13:36:00,2025-01-28,1.05,1.05,1.05,1.05,0,0,1
FINNIFTY28JAN2520000CE.NFO,2024-11-18,13:37:00,2025-01-28,1.05,1.05,1.05,1.05,0,0,1
FINNIFTY28JAN2520000CE.NFO,2024-11-18,13:38:00,2025-01-28,1.05,1.05,1.05,1.05,0,0,1
FINNIFTY28JAN2520000CE.NFO,2024-11-18,13:39:00,2025-01-28,1.05,1.05,1.05,1.05,0,0,1
FINNIFTY28JAN2520000CE.NFO,2024-11-18,13:40:00,2025-01-28,1.05,1.05,1.05,1.05,0,0,1
FINNIFTY28JAN2520000CE.NFO,2024-11-18,13:41:00,2025-01-28,1.05,1.05,1.05,1.05,0,0,1
FINNIFTY28JAN2520000CE.NFO,2024-11-18,13:42:00,2025-01-28,1.05,1.05,1.05,1.05,0,0,1
FINNIFTY28JAN2520000CE.NFO,2024-11-18,13:43:00,2025-01-28,1.05,1.05,1.05,1.05,0,0,1
FINNIFTY28JAN2520000CE.NFO,2024-11-18,13:44:00,2025-01-28,1.05,1.05,1.05,1.05,0,0,1
FINNIFTY28JAN2520000CE.NFO,2024-11-18,13:45:00,2025-01-28,1.05,1.05,1.05,1.05,0,0,1
FINNIFTY28JAN2520000CE.NFO,2024-11-18,13:46:00,2025-01-28,1.05,1.05,1.05,1.05,0,0,1
FINNIFTY28JAN2520000CE.NFO,2024-11-18,13:47:00,2025-01-28,1.05,1.05,1.05,1.05,0,0,1
FINNIFTY28JAN2520000CE.NFO,2024-11-18,13:48:00,2025-01-28,1.05,1.05,1.05,1.05,0,0,1
FINNIFTY28JAN2520000CE.NFO,2024-11-18,13:49:00,2025-01-28,1.05,1.05,1.05,1.05,0,0,1
FINNIFTY28JAN2520000CE.NFO,2024-11-18,13:50:00,2025-01-28,1.05,1.05,1.05,1.05,0,0,1
FINNIFTY28JAN2520000CE.NFO,2024-11-18,13:51:00,2025-01-28,1.05,1.05,1.05,1.05,0,0,1
FINNIFTY28JAN2520000CE.NFO,2024-11-18,13:52:00,2025-01-28,1.05,1.05,1.05,1.05,0,0,1
FINNIFTY28JAN2520000CE.NFO,2024-11-18,13:53:00,2025-01-28,1.05,1.05,1.05,1.05,0,0,1
FINNIFTY28JAN2520000CE.NFO,2024-11-18,13:54:00,2025-01-28,1.05,1.05,1.05,1.05,0,0,1
FINNIFTY28JAN2520000CE.NFO,2024-11-18,13:55:00,2025-01-28,1.05,1.05,1.05,1.05,0,0,1
FINNIFTY28JAN2520000CE.NFO,2024-11-18,13:56:00,2025-01-28,1.05,1.05,1.05,1.05,0,0,1
FINNIFTY28JAN2520000CE.NFO,2024-11-18,13:57:00,2025-01-28,1.05,1.05,1.05,1.05,0,0,1
FINNIFTY28JAN2520000CE.NFO,2024-11-18,13:58:00,2025-01-28,1.05,1.05,1.05,1.05,0,0,1
FINNIFTY28JAN2520000CE.NFO,2024-11-18,13:59:00,2025-01-28,1.05,1.05,1.05,1.05,0,0,1
FINNIFTY28JAN2520000CE.NFO,2024-11-18,14:00:00,2025-01-28,1.05,1.05,1.05,1.05,0,0,1
FINNIFTY28JAN2520000CE.NFO,2024-11-18,14:01:00,2025-01-28,1.05,1.05,1.05,1.05,0,0,1
FINNIFTY28JAN2520000CE.NFO,2024-11-18,14:02:00,2025-01-28,1.05,1.05,1.05,1.05,0,0,1
FINNIFTY28JAN2520000CE.NFO,2024-11-18,14:03:00,2025-01-28,1.05,1.05,1.05,1.05,0,0,1
FINNIFTY28JAN2520000CE.NFO,2024-11-18,14:04:00,2025-01-28,1.05,1.05,1.05,1.05,0,0,1
FINNIFTY28JAN2520000CE.NFO,2024-11-18,14:05:00,2025-01-28,1.05,1.05,1.05,1.05,0,0,1
FINNIFTY28JAN2520000CE.NFO,2024-11-18,14:06:00,2025-01-28,1.05,1.05,1.05,1.05,0,0,1
FINNIFTY28JAN2520000CE.NFO,2024-11-18,14:07:00,2025-01-28,1.05,1.05,1.05,1.05,0,0,1
FINNIFTY28JAN2520000CE.NFO,2024-11-18,14:08:00,2025-01-28,1.05,1.05,1.05,1.05,0,0,1
FINNIFTY28JAN2520000CE.NFO,2024-11-18,14:09:00,2025-01-28,1.05,1.05,1.05,1.05,0,0,1
FINNIFTY28JAN2520000CE.NFO,2024-11-18,14:10:00,2025-01-28,1.05,1.05,1.05,1.05,0,0,1
FINNIFTY28JAN2520000CE.NFO,2024-11-18,14:11:00,2025-01-28,1.05,1.05,1.05,1.05,0,0,1
FINNIFTY28JAN2520000CE.NFO,2024-11-18,14:12:00,2025-01-28,1.05,1.05,1.05,1.05,0,0,1
FINNIFTY28JAN2520000CE.NFO,2024-11-18,14:13:00,2025-01-28,1.05,1.05,1.05,1.05,0,0,1
FINNIFTY28JAN2520000CE.NFO,2024-11-18,14:14:00,2025-01-28,1.05,1.05,1.05,1.05,0,0,1
FINNIFTY28JAN2520000CE.NFO,2024-11-18,14:15:00,2025-01-28,1.05,1.05,1.05,1.05,0,0,1
FINNIFTY28JAN2520000CE.NFO,2024-11-18,14:16:00,2025-01-28,1.05,1.05,1.05,1.05,0,0,1
FINNIFTY28JAN2520000CE.NFO,2024-11-18,14:17:00,2025-01-28,1.05,1.05,1.05,1.05,0,0,1
FINNIFTY28JAN2520000CE.NFO,2024-11-18,14:18:00,2025-01-28,1.05,1.05,1.05,1.05,0,0,1
FINNIFTY28JAN2520000CE.NFO,2024-11-18,14:19:00,2025-01-28,1.05,1.05,1.05,1.05,0,0,1
FINNIFTY28JAN2520000CE.NFO,2024-11-18,14:20:00,2025-01-28,1.05,1.05,1.05,1.05,0,0,1
FINNIFTY28JAN2520000CE.NFO,2024-11-18,14:21:00,2025-01-28,1.05,1.05,1.05,1.05,0,0,1
FINNIFTY28JAN2520000CE.NFO,2024-11-18,14:22:00,2025-01-28,1.05,1.05,1.05,1.05,0,0,1
FINNIFTY28JAN2520000CE.NFO,2024-11-18,14:23:00,2025-01-28,1.05,1.05,1.05,1.05,0,0,1
FINNIFTY28JAN2520000CE.NFO,2024-11-18,14:24:00,2025-01-28,1.05,1.05,1.05,1.05,0,0,1
FINNIFTY28JAN2520000CE.NFO,2024-11-18,14:25:00,2025-01-28,1.05,1.05,1.05,1.05,0,0,1
FINNIFTY28JAN2520000CE.NFO,2024-11-18,14:26:00,2025-01-28,1.05,1.05,1.05,1.05,0,0,1
FINNIFTY28JAN2520000CE.NFO,2024-11-18,14:27:00,2025-01-28,1.05,1.05,1.05,1.05,0,0,1
FINNIFTY28JAN2520000CE.NFO,2024-11-18,14:28:00,2025-01-28,1.05,1.05,1.05,1.05,0,0,1
FINNIFTY28JAN2520000CE.NFO,2024-11-18,14:29:00,2025-01-28,1.05,1.05,1.05,1.05,0,0,1
FINNIFTY28JAN2520000CE.NFO,2024-11-18,14:30:00,2025-01-28,1.05,1.05,1.05,1.05,0,0,1
FINNIFTY28JAN2520000CE.NFO,2024-11-18,14:31:00,2025-01-28,1.05,1.05,1.05,1.05,0,0,1
FINNIFTY28JAN2520000CE.NFO,2024-11-18,14:32:00,2025-01-28,1.05,1.05,1.05,1.05,0,0,1
FINNIFTY28JAN2520000CE.NFO,2024-11-18,14:33:00,2025-01-28,1.05,1.05,1.05,1.05,0,0,1
FINNIFTY28JAN2520000CE.NFO,2024-11-18,14:34:00,2025-01-28,1.05,1.05,1.05,1.05,0,0,1
FINNIFTY28JAN2520000CE.NFO,2024-11-18,14:35:00,2025-01-28,1.05,1.05,1.05,1.05,0,0,1
FINNIFTY28JAN2520000CE.NFO,2024-11-18,14:36:00,2025-01-28,1.05,1.05,1.05,1.05,0,0,1
FINNIFTY28JAN2520000CE.NFO,2024-11-18,14:37:00,2025-01-28,1.05,1.05,1.05,1.05,0,0,1
FINNIFTY28JAN2520000CE.NFO,2024-11-18,14:38:00,2025-01-28,1.05,1.05,1.05,1.05,0,0,1
FINNIFTY28JAN2520000CE.NFO,2024-11-18,14:39:00,2025-01-28,1.05,1.05,1.05,1.05,0,0,1
FINNIFTY28JAN2520000CE.NFO,2024-11-18,14:40:00,2025-01-28,1.05,1.05,1.05,1.05,0,0,1
FINNIFTY28JAN2520000CE.NFO,2024-11-18,14:41:00,2025-01-28,1.05,1.05,1.05,1.05,0,0,1
FINNIFTY28JAN2520000CE.NFO,2024-11-18,14:42:00,2025-01-28,1.05,1.05,1.05,1.05,0,0,1
FINNIFTY28JAN2520000CE.NFO,2024-11-18,14:43:00,2025-01-28,1.05,1.05,1.05,1.05,0,0,1
FINNIFTY28JAN2520000CE.NFO,2024-11-18,14:44:00,2025-01-28,1.05,1.05,1.05,1.05,0,0,1
FINNIFTY28JAN2520000CE.NFO,2024-11-18,14:45:00,2025-01-28,1.05,1.05,1.05,1.05,0,0,1
FINNIFTY28JAN2520000CE.NFO,2024-11-18,14:46:00,2025-01-28,1.05,1.05,1.05,1.05,0,0,1
FINNIFTY28JAN2520000CE.NFO,2024-11-18,14:47:00,2025-01-28,1.05,1.05,1.05,1.05,0,0,1
FINNIFTY28JAN2520000CE.NFO,2024-11-18,14:48:00,2025-01-28,1.05,1.05,1.05,1.05,0,0,1
FINNIFTY28JAN2520000CE.NFO,2024-11-18,14:49:00,2025-01-28,1.05,1.05,1.05,1.05,0,0,1
FINNIFTY28JAN2520000CE.NFO,2024-11-18,14:50:00,2025-01-28,1.05,1.05,1.05,1.05,0,0,1
FINNIFTY28JAN2520000CE.NFO,2024-11-18,14:51:00,2025-01-28,1.05,1.05,1.05,1.05,0,0,1
FINNIFTY28JAN2520000CE.NFO,2024-11-18,14:52:00,2025-01-28,1.05,1.05,1.05,1.05,0,0,1
FINNIFTY28JAN2520000CE.NFO,2024-11-18,14:53:00,2025-01-28,1.05,1.05,1.05,1.05,0,0,1
FINNIFTY28JAN2520000CE.NFO,2024-11-18,14:54:00,2025-01-28,1.05,1.05,1.05,1.05,0,0,1
FINNIFTY28JAN2520000CE.NFO,2024-11-18,14:55:00,2025-01-28,1.05,1.05,1.05,1.05,0,0,1
FINNIFTY28JAN2520000CE.NFO,2024-11-18,14:56:00,2025-01-28,1.05,1.05,1.05,1.05,0,0,1
FINNIFTY28JAN2520000CE.NFO,2024-11-18,14:57:00,2025-01-28,1.05,1.05,1.05,1.05,0,0,1
FINNIFTY28JAN2520000CE.NFO,2024-11-18,14:58:00,2025-01-28,1.05,1.05,1.05,1.05,0,0,1
FINNIFTY28JAN2520000CE.NFO,2024-11-18,14:59:00,2025-01-28,1.05,1.05,1.05,1.05,0,0,1
FINNIFTY28JAN2520000CE.NFO,2024-11-18,15:00:00,2025-01-28,1.05,1.05,1.05,1.05,0,0,1
FINNIFTY28JAN2520000CE.NFO,2024-11-18,15:01:00,2025-01-28,1.05,1.05,1.05,1.05,0,0,1
FINNIFTY28JAN2520000CE.NFO,2024-11-18,15:02:00,2025-01-28,1.05,1.05,1.05,1.05,0,0,1
FINNIFTY28JAN2520000CE.NFO,2024-11-18,15:03:00,2025-01-28,1.05,1.05,1.05,1.05,0,0,1
FINNIFTY28JAN2520000CE.NFO,2024-11-18,15:04:00,2025-01-28,1.05,1.05,1.05,1.05,0,0,1
FINNIFTY28JAN2520000CE.NFO,2024-11-18,15:05:00,2025-01-28,1.05,1.05,1.05,1.05,0,0,1
FINNIFTY28JAN2520000CE.NFO,2024-11-18,15:06:00,2025-01-28,1.05,1.05,1.05,1.05,0,0,1
FINNIFTY28JAN2520000CE.NFO,2024-11-18,15:07:00,2025-01-28,1.05,1.05,1.05,1.05,0,0,1
FINNIFTY28JAN2520000CE.NFO,2024-11-18,15:08:00,2025-01-28,1.05,1.05,1.05,1.05,0,0,1
FINNIFTY28JAN2520000CE.NFO,2024-11-18,15:09:00,2025-01-28,1.05,1.05,1.05,1.05,0,0,1
FINNIFTY28JAN2520000CE.NFO,2024-11-18,15:10:00,2025-01-28,1.05,1.05,1.05,1.05,0,0,1
FINNIFTY28JAN2520000CE.NFO,2024-11-18,15:11:00,2025-01-28,1.05,1.05,1.05,1.05,0,0,1
FINNIFTY28JAN2520000CE.NFO,2024-11-18,15:12:00,2025-01-28,1.05,1.05,1.05,1.05,0,0,1
FINNIFTY28JAN2520000CE.NFO,2024-11-18,15:13:00,2025-01-28,1.05,1.05,1.05,1.05,0,0,1
FINNIFTY28JAN2520000CE.NFO,2024-11-18,15:14:00,2025-01-28,1.05,1.05,1.05,1.05,0,0,1
FINNIFTY28JAN2520000CE.NFO,2024-11-18,15:15:00,2025-01-28,1.05,1.05,1.05,1.05,0,0,1
FINNIFTY28JAN2520000CE.NFO,2024-11-18,15:16:00,2025-01-28,1.05,1.05,1.05,1.05,0,0,1
FINNIFTY28JAN2520000CE.NFO,2024-11-18,15:17:00,2025-01-28,1.05,1.05,1.05,1.05,0,0,1
FINNIFTY28JAN2520000CE.NFO,2024-11-18,15:18:00,2025-01-28,1.05,1.05,1.05,1.05,0,0,1
FINNIFTY28JAN2520000CE.NFO,2024-11-18,15:19:00,2025-01-28,1.05,1.05,1.05,1.05,0,0,1
FINNIFTY28JAN2520000CE.NFO,2024-11-18,15:20:00,2025-01-28,1.05,1.05,1.05,1.05,0,0,1
FINNIFTY28JAN2520000CE.NFO,2024-11-18,15:21:00,2025-01-28,1.05,1.05,1.05,1.05,0,0,1
FINNIFTY28JAN2520000CE.NFO,2024-11-18,15:22:00,2025-01-28,1.05,1.05,1.05,1.05,0,0,1
FINNIFTY28JAN2520000CE.NFO,2024-11-18,15:23:00,2025-01-28,1.05,1.05,1.05,1.05,0,0,1
FINNIFTY28JAN2520000CE.NFO,2024-11-18,15:24:00,2025-01-28,1.05,1.05,1.05,1.05,0,0,1
FINNIFTY28JAN2520000CE.NFO,2024-11-18,15:25:00,2025-01-28,1.05,1.05,1.05,1.05,0,0,1
FINNIFTY28JAN2520000CE.NFO,2024-11-18,15:26:00,2025-01-28,1.05,1.05,1.05,1.05,0,0,1
FINNIFTY28JAN2520000CE.NFO,2024-11-18,15:27:00,2025-01-28,1.05,1.05,1.05,1.05,0,0,1
FINNIFTY28JAN2520000CE.NFO,2024-11-18,15:28:00,2025-01-28,1.05,1.05,1.05,1.05,0,0,1
FINNIFTY28JAN2520000CE.NFO,2024-11-18,15:29:00,2025-01-28,1.05,1.05,1.05,1.05,0,0,1
FINNIFTY28JAN2520000CE.NFO,2024-11-18,15:30:00,2025-01-28,1.05,1.05,1.05,1.05,0,0,1
FINNIFTY28JAN2520000CE.NFO,2024-11-19,09:15:00,2025-01-28,1.05,1.05,1.05,1.05,0,0,0
FINNIFTY28JAN2520000CE.NFO,2024-11-19,09:16:00,2025-01-28,1.05,1.05,1.05,1.05,0,0,1
FINNIFTY28JAN2520000CE.NFO,2024-11-19,09:17:00,2025-01-28,1.05,1.05,1.05,1.05,0,0,1
FINNIFTY28JAN2520000CE.NFO,2024-11-19,09:18:00,2025-01-28,1.05,1.05,1.05,1.05,0,0,1
FINNIFTY28JAN2520000CE.NFO,2024-11-19,09:19:00,2025-01-28,1.05,1.05,1.05,1.05,0,0,1
FINNIFTY28JAN2520000CE.NFO,2024-11-19,09:20:00,2025-01-28,1.05,1.05,1.05,1.05,0,0,1
FINNIFTY28JAN2520000CE.NFO,2024-11-19,09:21:00,2025-01-28,1.05,1.05,1.05,1.05,0,0,1
FINNIFTY28JAN2520000CE.NFO,2024-11-19,09:22:00,2025-01-28,1.05,1.05,1.05,1.05,0,0,1
FINNIFTY28JAN2520000CE.NFO,2024-11-19,09:23:00,2025-01-28,1.05,1.05,1.05,1.05,0,0,1
FINNIFTY28JAN2520000CE.NFO,2024-11-19,09:24:00,2025-01-28,1.05,1.05,1.05,1.05,0,0,1
FINNIFTY28JAN2520000CE.NFO,2024-11-19,09:25:00,2025-01-28,1.05,1.05,1.05,1.05,0,0,1
FINNIFTY28JAN2520000CE.NFO,2024-11-19,09:26:00,2025-01-28,1.05,1.05,1.05,1.05,0,0,1
FINNIFTY28JAN2520000CE.NFO,2024-11-19,09:27:00,2025-01-28,1.05,1.05,1.05,1.05,0,0,1
FINNIFTY28JAN2520000CE.NFO,2024-11-19,09:28:00,2025-01-28,1.05,1.05,1.05,1.05,0,0,1
FINNIFTY28JAN2520000CE.NFO,2024-11-19,09:29:00,2025-01-28,1.05,1.05,1.05,1.05,0,0,1
FINNIFTY28JAN2520000CE.NFO,2024-11-19,09:30:00,2025-01-28,1.05,1.05,1.05,1.05,0,0,1
FINNIFTY28JAN2520000CE.NFO,2024-11-19,09:31:00,2025-01-28,1.05,1.05,1.05,1.05,0,0,1
FINNIFTY28JAN2520000CE.NFO,2024-11-19,09:32:00,2025-01-28,1.05,1.05,1.05,1.05,0,0,1
FINNIFTY28JAN2520000CE.NFO,2024-11-19,09:33:00,2025-01-28,1.05,1.05,1.05,1.05,0,0,1
FINNIFTY28JAN2520000CE.NFO,2024-11-19,09:34:00,2025-01-28,1.05,1.05,1.05,1.05,0,0,1
FINNIFTY28JAN2520000CE.NFO,2024-11-19,09:35:00,2025-01-28,1.05,1.05,1.05,1.05,0,0,1
FINNIFTY28JAN2520000CE.NFO,2024-11-19,09:36:00,2025-01-28,1.05,1.05,1.05,1.05,0,0,1
FINNIFTY28JAN2520000CE.NFO,2024-11-19,09:37:00,2025-01-28,1.05,1.05,1.05,1.05,0,0,1
FINNIFTY28JAN2520000CE.NFO,2024-11-19,09:38:00,2025-01-28,1.05,1.05,1.05,1.05,0,0,1
FINNIFTY28JAN2520000CE.NFO,2024-11-19,09:39:00,2025-01-28,1.05,1.05,1.05,1.05,0,0,1
FINNIFTY28JAN2520000CE.NFO,2024-11-19,09:40:00,2025-01-28,1.05,1.05,1.05,1.05,0,0,1
FINNIFTY28JAN2520000CE.NFO,2024-11-19,09:41:00,2025-01-28,1.05,1.05,1.05,1.05,0,0,1
FINNIFTY28JAN2520000CE.NFO,2024-11-19,09:42:00,2025-01-28,1.05,1.05,1.05,1.05,0,0,1
FINNIFTY28JAN2520000CE.NFO,2024-11-19,09:43:00,2025-01-28,1.05,1.05,1.05,1.05,0,0,1
FINNIFTY28JAN2520000CE.NFO,2024-11-19,09:44:00,2025-01-28,1.05,1.05,1.05,1.05,0,0,1
FINNIFTY28JAN2520000CE.NFO,2024-11-19,09:45:00,2025-01-28,1.05,1.05,1.05,1.05,0,0,1
FINNIFTY28JAN2520000CE.NFO,2024-11-19,09:46:00,2025-01-28,1.05,1.05,1.05,1.05,0,0,1
FINNIFTY28JAN2520000CE.NFO,2024-11-19,09:47:00,2025-01-28,1.05,1.05,1.05,1.05,0,0,1
FINNIFTY28JAN2520000CE.NFO,2024-11-19,09:48:00,2025-01-28,1.05,1.05,1.05,1.05,0,0,1
FINNIFTY28JAN2520000CE.NFO,2024-11-19,09:49:00,2025-01-28,1.05,1.05,1.05,1.05,0,0,1
FINNIFTY28JAN2520000CE.NFO,2024-11-19,09:50:00,2025-01-28,1.05,1.05,1.05,1.05,0,0,1
FINNIFTY28JAN2520000CE.NFO,2024-11-19,09:51:00,2025-01-28,1.05,1.05,1.05,1.05,0,0,1
FINNIFTY28JAN2520000CE.NFO,2024-11-19,09:52:00,2025-01-28,1.05,1.05,1.05,1.05,0,0,1
FINNIFTY28JAN2520000CE.NFO,2024-11-19,09:53:00,2025-01-28,1.05,1.05,1.05,1.05,0,0,1
FINNIFTY28JAN2520000CE.NFO,2024-11-19,09:54:00,2025-01-28,1.05,1.05,1.05,1.05,0,0,1
FINNIFTY28JAN2520000CE.NFO,2024-11-19,09:55:00,2025-01-28,1.05,1.05,1.05,1.05,0,0,1
FINNIFTY28JAN2520000CE.NFO,2024-11-19,09:56:00,2025-01-28,1.05,1.05,1.05,1.05,0,0,1
FINNIFTY28JAN2520000CE.NFO,2024-11-19,09:57:00,2025-01-28,1.05,1.05,1.05,1.05,0,0,1
FINNIFTY28JAN2520000CE.NFO,2024-11-19,09:58:00,2025-01-28,1.05,1.05,1.05,1.05,0,0,1
FINNIFTY28JAN2520000CE.NFO,2024-11-19,09:59:00,2025-01-28,1.05,1.05,1.05,1.05,0,0,1
FINNIFTY28JAN2520000CE.NFO,2024-11-19,10:00:00,2025-01-28,1.05,1.05,1.05,1.05,0,0,1
FINNIFTY28JAN2520000CE.NFO,2024-11-19,10:01:00,2025-01-28,1.05,1.05,1.05,1.05,0,0,1
FINNIFTY28JAN2520000CE.NFO,2024-11-19,10:02:00,2025-01-28,1.05,1.05,1.05,1.05,0,0,1
FINNIFTY28JAN2520000CE.NFO,2024-11-19,10:03:00,2025-01-28,1.05,1.05,1.05,1.05,0,0,1
FINNIFTY28JAN2520000CE.NFO,2024-11-19,10:04:00,2025-01-28,1.05,1.05,1.05,1.05,0,0,1
FINNIFTY28JAN2520000CE.NFO,2024-11-19,10:05:00,2025-01-28,1.05,1.05,1.05,1.05,0,0,1
FINNIFTY28JAN2520000CE.NFO,2024-11-19,10:06:00,2025-01-28,1.05,1.05,1.05,1.05,0,0,1
FINNIFTY28JAN2520000CE.NFO,2024-11-19,10:07:00,2025-01-28,1.05,1.05,1.05,1.05,0,0,1
FINNIFTY28JAN2520000CE.NFO,2024-11-19,10:08:00,2025-01-28,1.05,1.05,1.05,1.05,0,0,1
FINNIFTY28JAN2520000CE.NFO,2024-11-19,10:09:00,2025-01-28,1.05,1.05,1.05,1.05,0,0,1
FINNIFTY28JAN2520000CE.NFO,2024-11-19,10:10:00,2025-01-28,1.05,1.05,1.05,1.05,0,0,1
FINNIFTY28JAN2520000CE.NFO,2024-11-19,10:11:00,2025-01-28,1.05,1.05,1.05,1.05,0,0,1
FINNIFTY28JAN2520000CE.NFO,2024-11-19,10:12:00,2025-01-28,1.05,1.05,1.05,1.05,0,0,1
FINNIFTY28JAN2520000CE.NFO,2024-11-19,10:13:00,2025-01-28,1.05,1.05,1.05,1.05,0,0,1
FINNIFTY28JAN2520000CE.NFO,2024-11-19,10:14:00,2025-01-28,1.05,1.05,1.05,1.05,0,0,1
FINNIFTY28JAN2520000CE.NFO,2024-11-19,10:15:00,2025-01-28,1.05,1.05,1.05,1.05,0,0,1
FINNIFTY28JAN2520000CE.NFO,2024-11-19,10:16:00,2025-01-28,1.05,1.05,1.05,1.05,0,0,1
FINNIFTY28JAN2520000CE.NFO,2024-11-19,10:17:00,2025-01-28,1.05,1.05,1.05,1.05,0,0,1
FINNIFTY28JAN2520000CE.NFO,2024-11-19,10:18:00,2025-01-28,1.05,1.05,1.05,1.05,0,0,1
FINNIFTY28JAN2520000CE.NFO,2024-11-19,10:19:00,2025-01-28,1.05,1.05,1.05,1.05,0,0,1
FINNIFTY28JAN2520000CE.NFO,2024-11-19,10:20:00,2025-01-28,1.05,1.05,1.05,1.05,0,0,1
FINNIFTY28JAN2520000CE.NFO,2024-11-19,10:21:00,2025-01-28,1.05,1.05,1.05,1.05,0,0,1
FINNIFTY28JAN2520000CE.NFO,2024-11-19,10:22:00,2025-01-28,1.05,1.05,1.05,1.05,0,0,1
FINNIFTY28JAN2520000CE.NFO,2024-11-19,10:23:00,2025-01-28,1.05,1.05,1.05,1.05,0,0,1
FINNIFTY28JAN2520000CE.NFO,2024-11-19,10:24:00,2025-01-28,1.05,1.05,1.05,1.05,0,0,1
FINNIFTY28JAN2520000CE.NFO,2024-11-19,10:25:00,2025-01-28,1.05,1.05,1.05,1.05,0,0,1
FINNIFTY28JAN2520000CE.NFO,2024-11-19,10:26:00,2025-01-28,1.05,1.05,1.05,1.05,0,0,1
FINNIFTY28JAN2520000CE.NFO,2024-11-19,10:27:00,2025-01-28,1.05,1.05,1.05,1.05,0,0,1
FINNIFTY28JAN2520000CE.NFO,2024-11-19,10:28:00,2025-01-28,1.05,1.05,1.05,1.05,0,0,1
FINNIFTY28JAN2520000CE.NFO,2024-11-19,10:29:00,2025-01-28,1.05,1.05,1.05,1.05,0,0,1
FINNIFTY28JAN2520000CE.NFO,2024-11-19,10:30:00,2025-01-28,1.05,1.05,1.05,1.05,0,0,1
FINNIFTY28JAN2520000CE.NFO,2024-11-19,10:31:00,2025-01-28,1.05,1.05,1.05,1.05,0,0,1
FINNIFTY28JAN2520000CE.NFO,2024-11-19,10:32:00,2025-01-28,1.05,1.05,1.05,1.05,0,0,1
FINNIFTY28JAN2520000CE.NFO,2024-11-19,10:33:00,2025-01-28,1.05,1.05,1.05,1.05,0,0,1
FINNIFTY28JAN2520000CE.NFO,2024-11-19,10:34:00,2025-01-28,1.05,1.05,1.05,1.05,0,0,1
FINNIFTY28JAN2520000CE.NFO,2024-11-19,10:35:00,2025-01-28,1.05,1.05,1.05,1.05,0,0,1
FINNIFTY28JAN2520000CE.NFO,2024-11-19,10:36:00,2025-01-28,1.05,1.05,1.05,1.05,0,0,1
FINNIFTY28JAN2520000CE.NFO,2024-11-19,10:37:00,2025-01-28,1.05,1.05,1.05,1.05,0,0,1
FINNIFTY28JAN2520000CE.NFO,2024-11-19,10:38:00,2025-01-28,1.05,1.05,1.05,1.05,0,0,1
FINNIFTY28JAN2520000CE.NFO,2024-11-19,10:39:00,2025-01-28,1.05,1.05,1.05,1.05,0,0,1
FINNIFTY28JAN2520000CE.NFO,2024-11-19,10:40:00,2025-01-28,1.05,1.05,1.05,1.05,0,0,1
FINNIFTY28JAN2520000CE.NFO,2024-11-19,10:41:00,2025-01-28,1.05,1.05,1.05,1.05,0,0,1
FINNIFTY28JAN2520000CE.NFO,2024-11-19,10:42:00,2025-01-28,1.05,1.05,1.05,1.05,0,0,1
FINNIFTY28JAN2520000CE.NFO,2024-11-19,10:43:00,2025-01-28,1.05,1.05,1.05,1.05,0,0,1
FINNIFTY28JAN2520000CE.NFO,2024-11-19,10:44:00,2025-01-28,1.05,1.05,1.05,1.05,0,0,1
FINNIFTY28JAN2520000CE.NFO,2024-11-19,10:45:00,2025-01-28,1.05,1.05,1.05,1.05,0,0,1
FINNIFTY28JAN2520000CE.NFO,2024-11-19,10:46:00,2025-01-28,1.05,1.05,1.05,1.05,0,0,1
FINNIFTY28JAN2520000CE.NFO,2024-11-19,10:47:00,2025-01-28,1.05,1.05,1.05,1.05,0,0,1
FINNIFTY28JAN2520000CE.NFO,2024-11-19,10:48:00,2025-01-28,1.05,1.05,1.05,1.05,0,0,1
FINNIFTY28JAN2520000CE.NFO,2024-11-19,10:49:00,2025-01-28,1.05,1.05,1.05,1.05,0,0,1
FINNIFTY28JAN2520000CE.NFO,2024-11-19,10:50:00,2025-01-28,1.05,1.05,1.05,1.05,0,0,1
FINNIFTY28JAN2520000CE.NFO,2024-11-19,10:51:00,2025-01-28,1.05,1.05,1.05,1.05,0,0,1
FINNIFTY28JAN2520000CE.NFO,2024-11-19,10:52:00,2025-01-28,1.05,1.05,1.05,1.05,0,0,1
FINNIFTY28JAN2520000CE.NFO,2024-11-19,10:53:00,2025-01-28,1.05,1.05,1.05,1.05,0,0,1
FINNIFTY28JAN2520000CE.NFO,2024-11-19,10:54:00,2025-01-28,1.05,1.05,1.05,1.05,0,0,1
FINNIFTY28JAN2520000CE.NFO,2024-11-19,10:55:00,2025-01-28,1.05,1.05,1.05,1.05,0,0,1
FINNIFTY28JAN2520000CE.NFO,2024-11-19,10:56:00,2025-01-28,1.05,1.05,1.05,1.05,0,0,1
FINNIFTY28JAN2520000CE.NFO,2024-11-19,10:57:00,2025-01-28,1.05,1.05,1.05,1.05,0,0,1
FINNIFTY28JAN2520000CE.NFO,2024-11-19,10:58:00,2025-01-28,1.05,1.05,1.05,1.05,0,0,1
FINNIFTY28JAN2520000CE.NFO,2024-11-19,10:59:00,2025-01-28,1.05,1.05,1.05,1.05,0,0,1
FINNIFTY28JAN2520000CE.NFO,2024-11-19,11:00:00,2025-01-28,1.05,1.05,1.05,1.05,0,0,1
FINNIFTY28JAN2520000CE.NFO,2024-11-19,11:01:00,2025-01-28,1.05,1.05,1.05,1.05,0,0,1
FINNIFTY28JAN2520000CE.NFO,2024-11-19,11:02:00,2025-01-28,1.05,1.05,1.05,1.05,0,0,1
FINNIFTY28JAN2520000CE.NFO,2024-11-19,11:03:00,2025-01-28,1.05,1.05,1.05,1.05,0,0,1
FINNIFTY28JAN2520000CE.NFO,2024-11-19,11:04:00,2025-01-28,1.05,1.05,1.05,1.05,0,0,1
FINNIFTY28JAN2520000CE.NFO,2024-11-19,11:05:00,2025-01-28,1.05,1.05,1.05,1.05,0,0,1
FINNIFTY28JAN2520000CE.NFO,2024-11-19,11:06:00,2025-01-28,1.05,1.05,1.05,1.05,0,0,1
FINNIFTY28JAN2520000CE.NFO,2024-11-19,11:07:00,2025-01-28,1.05,1.05,1.05,1.05,0,0,1
FINNIFTY28JAN2520000CE.NFO,2024-11-19,11:08:00,2025-01-28,1.05,1.05,1.05,1.05,0,0,1
FINNIFTY28JAN2520000CE.NFO,2024-11-19,11:09:00,2025-01-28,1.05,1.05,1.05,1.05,0,0,1
FINNIFTY28JAN2520000CE.NFO,2024-11-19,11:10:00,2025-01-28,1.05,1.05,1.05,1.05,0,0,1
FINNIFTY28JAN2520000CE.NFO,2024-11-19,11:11:00,2025-01-28,1.05,1.05,1.05,1.05,0,0,1
FINNIFTY28JAN2520000CE.NFO,2024-11-19,11:12:00,2025-01-28,1.05,1.05,1.05,1.05,0,0,1
FINNIFTY28JAN2520000CE.NFO,2024-11-19,11:13:00,2025-01-28,1.05,1.05,1.05,1.05,0,0,1
FINNIFTY28JAN2520000CE.NFO,2024-11-19,11:14:00,2025-01-28,1.05,1.05,1.05,1.05,0,0,1
FINNIFTY28JAN2520000CE.NFO,2024-11-19,11:15:00,2025-01-28,1.05,1.05,1.05,1.05,0,0,1
FINNIFTY28JAN2520000CE.NFO,2024-11-19,11:16:00,2025-01-28,1.05,1.05,1.05,1.05,0,0,1
FINNIFTY28JAN2520000CE.NFO,2024-11-19,11:17:00,2025-01-28,1.05,1.05,1.05,1.05,0,0,1
FINNIFTY28JAN2520000CE.NFO,2024-11-19,11:18:00,2025-01-28,1.05,1.05,1.05,1.05,0,0,1
FINNIFTY28JAN2520000CE.NFO,2024-11-19,11:19:00,2025-01-28,1.05,1.05,1.05,1.05,0,0,1
FINNIFTY28JAN2520000CE.NFO,2024-11-19,11:20:00,2025-01-28,1.05,1.05,1.05,1.05,0,0,1
FINNIFTY28JAN2520000CE.NFO,2024-11-19,11:21:00,2025-01-28,1.05,1.05,1.05,1.05,0,0,1
FINNIFTY28JAN2520000CE.NFO,2024-11-19,11:22:00,2025-01-28,1.05,1.05,1.05,1.05,0,0,1
FINNIFTY28JAN2520000CE.NFO,2024-11-19,11:23:00,2025-01-28,1.05,1.05,1.05,1.05,0,0,1
FINNIFTY28JAN2520000CE.NFO,2024-11-19,11:24:00,2025-01-28,1.05,1.05,1.05,1.05,0,0,1
FINNIFTY28JAN2520000CE.NFO,2024-11-19,11:25:00,2025-01-28,1.05,1.05,1.05,1.05,0,0,1
FINNIFTY28JAN2520000CE.NFO,2024-11-19,11:26:00,2025-01-28,1.05,1.05,1.05,1.05,0,0,1
FINNIFTY28JAN2520000CE.NFO,2024-11-19,11:27:00,2025-01-28,1.05,1.05,1.05,1.05,0,0,1
FINNIFTY28JAN2520000CE.NFO,2024-11-19,11:28:00,2025-01-28,1.05,1.05,1.05,1.05,0,0,1
FINNIFTY28JAN2520000CE.NFO,2024-11-19,11:29:00,2025-01-28,1.05,1.05,1.05,1.05,0,0,1
FINNIFTY28JAN2520000CE.NFO,2024-11-19,11:30:00,2025-01-28,1.05,1.05,1.05,1.05,0,0,1
FINNIFTY28JAN2520000CE.NFO,2024-11-19,11:31:00,2025-01-28,1.05,1.05,1.05,1.05,0,0,1
FINNIFTY28JAN2520000CE.NFO,2024-11-19,11:32:00,2025-01-28,1.05,1.05,1.05,1.05,0,0,1
FINNIFTY28JAN2520000CE.NFO,2024-11-19,11:33:00,2025-01-28,1.05,1.05,1.05,1.05,0,0,1
FINNIFTY28JAN2520000CE.NFO,2024-11-19,11:34:00,2025-01-28,1.05,1.05,1.05,1.05,0,0,1
FINNIFTY28JAN2520000CE.NFO,2024-11-19,11:35:00,2025-01-28,1.05,1.05,1.05,1.05,0,0,1
FINNIFTY28JAN2520000CE.NFO,2024-11-19,11:36:00,2025-01-28,1.05,1.05,1.05,1.05,0,0,1
FINNIFTY28JAN2520000CE.NFO,2024-11-19,11:37:00,2025-01-28,1.05,1.05,1.05,1.05,0,0,1
FINNIFTY28JAN2520000CE.NFO,2024-11-19,11:38:00,2025-01-28,1.05,1.05,1.05,1.05,0,0,1
FINNIFTY28JAN2520000CE.NFO,2024-11-19,11:39:00,2025-01-28,1.05,1.05,1.05,1.05,0,0,1
FINNIFTY28JAN2520000CE.NFO,2024-11-19,11:40:00,2025-01-28,1.05,1.05,1.05,1.05,0,0,1
FINNIFTY28JAN2520000CE.NFO,2024-11-19,11:41:00,2025-01-28,1.05,1.05,1.05,1.05,0,0,1
FINNIFTY28JAN2520000CE.NFO,2024-11-19,11:42:00,2025-01-28,1.05,1.05,1.05,1.05,0,0,1
FINNIFTY28JAN2520000CE.NFO,2024-11-19,11:43:00,2025-01-28,1.05,1.05,1.05,1.05,0,0,1
FINNIFTY28JAN2520000CE.NFO,2024-11-19,11:44:00,2025-01-28,1.05,1.05,1.05,1.05,0,0,1
FINNIFTY28JAN2520000CE.NFO,2024-11-19,11:45:00,2025-01-28,1.05,1.05,1.05,1.05,0,0,1
FINNIFTY28JAN2520000CE.NFO,2024-11-19,11:46:00,2025-01-28,1.05,1.05,1.05,1.05,0,0,1
FINNIFTY28JAN2520000CE.NFO,2024-11-19,11:47:00,2025-01-28,1.05,1.05,1.05,1.05,0,0,1
FINNIFTY28JAN2520000CE.NFO,2024-11-19,11:48:00,2025-01-28,1.05,1.05,1.05,1.05,0,0,1
FINNIFTY28JAN2520000CE.NFO,2024-11-19,11:49:00,2025-01-28,1.05,1.05,1.05,1.05,0,0,1
FINNIFTY28JAN2520000CE.NFO,2024-11-19,11:50:00,2025-01-28,1.05,1.05,1.05,1.05,0,0,1
FINNIFTY28JAN2520000CE.NFO,2024-11-19,11:51:00,2025-01-28,1.05,1.05,1.05,1.05,0,0,1
FINNIFTY28JAN2520000CE.NFO,2024-11-19,11:52:00,2025-01-28,1.05,1.05,1.05,1.05,0,0,1
FINNIFTY28JAN2520000CE.NFO,2024-11-19,11:53:00,2025-01-28,1.05,1.05,1.05,1.05,0,0,1
FINNIFTY28JAN2520000CE.NFO,2024-11-19,11:54:00,2025-01-28,1.05,1.05,1.05,1.05,0,0,1
FINNIFTY28JAN2520000CE.NFO,2024-11-19,11:55:00,2025-01-28,1.05,1.05,1.05,1.05,0,0,1
FINNIFTY28JAN2520000CE.NFO,2024-11-19,11:56:00,2025-01-28,1.05,1.05,1.05,1.05,0,0,1
FINNIFTY28JAN2520000CE.NFO,2024-11-19,11:57:00,2025-01-28,1.05,1.05,1.05,1.05,0,0,1
FINNIFTY28JAN2520000CE.NFO,2024-11-19,11:58:00,2025-01-28,1.05,1.05,1.05,1.05,0,0,1
FINNIFTY28JAN2520000CE.NFO,2024-11-19,11:59:00,2025-01-28,1.05,1.05,1.05,1.05,0,0,1
FINNIFTY28JAN2520000CE.NFO,2024-11-19,12:00:00,2025-01-28,1.05,1.05,1.05,1.05,0,0,1
FINNIFTY28JAN2520000CE.NFO,2024-11-19,12:01:00,2025-01-28,1.05,1.05,1.05,1.05,0,0,1
FINNIFTY28JAN2520000CE.NFO,2024-11-19,12:02:00,2025-01-28,1.05,1.05,1.05,1.05,0,0,1
FINNIFTY28JAN2520000CE.NFO,2024-11-19,12:03:00,2025-01-28,1.05,1.05,1.05,1.05,0,0,1
FINNIFTY28JAN2520000CE.NFO,2024-11-19,12:04:00,2025-01-28,1.05,1.05,1.05,1.05,0,0,1
FINNIFTY28JAN2520000CE.NFO,2024-11-19,12:05:00,2025-01-28,1.05,1.05,1.05,1.05,0,0,1
FINNIFTY28JAN2520000CE.NFO,2024-11-19,12:06:00,2025-01-28,1.05,1.05,1.05,1.05,0,0,1
FINNIFTY28JAN2520000CE.NFO,2024-11-19,12:07:00,2025-01-28,1.05,1.05,1.05,1.05,0,0,1
FINNIFTY28JAN2520000CE.NFO,2024-11-19,12:08:00,2025-01-28,1.05,1.05,1.05,1.05,0,0,1
FINNIFTY28JAN2520000CE.NFO,2024-11-19,12:09:00,2025-01-28,1.05,1.05,1.05,1.05,0,0,1
FINNIFTY28JAN2520000CE.NFO,2024-11-19,12:10:00,2025-01-28,1.05,1.05,1.05,1.05,0,0,1
FINNIFTY28JAN2520000CE.NFO,2024-11-19,12:11:00,2025-01-28,1.05,1.05,1.05,1.05,0,0,1
FINNIFTY28JAN2520000CE.NFO,2024-11-19,12:12:00,2025-01-28,1.05,1.05,1.05,1.05,0,0,1
FINNIFTY28JAN2520000CE.NFO,2024-11-19,12:13:00,2025-01-28,1.05,1.05,1.05,1.05,0,0,1
FINNIFTY28JAN2520000CE.NFO,2024-11-19,12:14:00,2025-01-28,1.05,1.05,1.05,1.05,0,0,1
FINNIFTY28JAN2520000CE.NFO,2024-11-19,12:15:00,2025-01-28,1.05,1.05,1.05,1.05,0,0,1
FINNIFTY28JAN2520000CE.NFO,2024-11-19,12:16:00,2025-01-28,1.05,1.05,1.05,1.05,0,0,1
FINNIFTY28JAN2520000CE.NFO,2024-11-19,12:17:00,2025-01-28,1.05,1.05,1.05,1.05,0,0,1
FINNIFTY28JAN2520000CE.NFO,2024-11-19,12:18:00,2025-01-28,1.05,1.05,1.05,1.05,0,0,1
FINNIFTY28JAN2520000CE.NFO,2024-11-19,12:19:00,2025-01-28,1.05,1.05,1.05,1.05,0,0,1
FINNIFTY28JAN2520000CE.NFO,2024-11-19,12:20:00,2025-01-28,1.05,1.05,1.05,1.05,0,0,1
FINNIFTY28JAN2520000CE.NFO,2024-11-19,12:21:00,2025-01-28,1.05,1.05,1.05,1.05,0,0,1
FINNIFTY28JAN2520000CE.NFO,2024-11-19,12:22:00,2025-01-28,1.05,1.05,1.05,1.05,0,0,1
FINNIFTY28JAN2520000CE.NFO,2024-11-19,12:23:00,2025-01-28,1.05,1.05,1.05,1.05,0,0,1
FINNIFTY28JAN2520000CE.NFO,2024-11-19,12:24:00,2025-01-28,1.05,1.05,1.05,1.05,0,0,1
FINNIFTY28JAN2520000CE.NFO,2024-11-19,12:25:00,2025-01-28,1.05,1.05,1.05,1.05,0,0,1
FINNIFTY28JAN2520000CE.NFO,2024-11-19,12:26:00,2025-01-28,1.05,1.05,1.05,1.05,0,0,1
FINNIFTY28JAN2520000CE.NFO,2024-11-19,12:27:00,2025-01-28,1.05,1.05,1.05,1.05,0,0,1
FINNIFTY28JAN2520000CE.NFO,2024-11-19,12:28:00,2025-01-28,1.05,1.05,1.05,1.05,0,0,1
FINNIFTY28JAN2520000CE.NFO,2024-11-19,12:29:00,2025-01-28,1.05,1.05,1.05,1.05,0,0,1
FINNIFTY28JAN2520000CE.NFO,2024-11-19,12:30:00,2025-01-28,1.05,1.05,1.05,1.05,0,0,1
FINNIFTY28JAN2520000CE.NFO,2024-11-19,12:31:00,2025-01-28,1.05,1.05,1.05,1.05,0,0,1
FINNIFTY28JAN2520000CE.NFO,2024-11-19,12:32:00,2025-01-28,1.05,1.05,1.05,1.05,0,0,1
FINNIFTY28JAN2520000CE.NFO,2024-11-19,12:33:00,2025-01-28,1.05,1.05,1.05,1.05,0,0,1
FINNIFTY28JAN2520000CE.NFO,2024-11-19,12:34:00,2025-01-28,1.05,1.05,1.05,1.05,0,0,1
FINNIFTY28JAN2520000CE.NFO,2024-11-19,12:35:00,2025-01-28,1.05,1.05,1.05,1.05,0,0,1
FINNIFTY28JAN2520000CE.NFO,2024-11-19,12:36:00,2025-01-28,1.05,1.05,1.05,1.05,0,0,1
FINNIFTY28JAN2520000CE.NFO,2024-11-19,12:37:00,2025-01-28,1.05,1.05,1.05,1.05,0,0,1
FINNIFTY28JAN2520000CE.NFO,2024-11-19,12:38:00,2025-01-28,1.05,1.05,1.05,1.05,0,0,1
FINNIFTY28JAN2520000CE.NFO,2024-11-19,12:39:00,2025-01-28,1.05,1.05,1.05,1.05,0,0,1
FINNIFTY28JAN2520000CE.NFO,2024-11-19,12:40:00,2025-01-28,1.05,1.05,1.05,1.05,0,0,1
FINNIFTY28JAN2520000CE.NFO,2024-11-19,12:41:00,2025-01-28,1.05,1.05,1.05,1.05,0,0,1
FINNIFTY28JAN2520000CE.NFO,2024-11-19,12:42:00,2025-01-28,1.05,1.05,1.05,1.05,0,0,1
FINNIFTY28JAN2520000CE.NFO,2024-11-19,12:43:00,2025-01-28,1.05,1.05,1.05,1.05,0,0,1
FINNIFTY28JAN2520000CE.NFO,2024-11-19,12:44:00,2025-01-28,1.05,1.05,1.05,1.05,0,0,1
FINNIFTY28JAN2520000CE.NFO,2024-11-19,12:45:00,2025-01-28,1.05,1.05,1.05,1.05,0,0,1
FINNIFTY28JAN2520000CE.NFO,2024-11-19,12:46:00,2025-01-28,1.05,1.05,1.05,1.05,0,0,1
FINNIFTY28JAN2520000CE.NFO,2024-11-19,12:47:00,2025-01-28,1.05,1.05,1.05,1.05,0,0,1
FINNIFTY28JAN2520000CE.NFO,2024-11-19,12:48:00,2025-01-28,1.05,1.05,1.05,1.05,0,0,1
FINNIFTY28JAN2520000CE.NFO,2024-11-19,12:49:00,2025-01-28,1.05,1.05,1.05,1.05,0,0,1
FINNIFTY28JAN2520000CE.NFO,2024-11-19,12:50:00,2025-01-28,1.05,1.05,1.05,1.05,0,0,1
FINNIFTY28JAN2520000CE.NFO,2024-11-19,12:51:00,2025-01-28,1.05,1.05,1.05,1.05,0,0,1
FINNIFTY28JAN2520000CE.NFO,2024-11-19,12:52:00,2025-01-28,1.05,1.05,1.05,1.05,0,0,1
FINNIFTY28JAN2520000CE.NFO,2024-11-19,12:53:00,2025-01-28,1.05,1.05,1.05,1.05,0,0,1
FINNIFTY28JAN2520000CE.NFO,2024-11-19,12:54:00,2025-01-28,1.05,1.05,1.05,1.05,0,0,1
FINNIFTY28JAN2520000CE.NFO,2024-11-19,12:55:00,2025-01-28,1.05,1.05,1.05,1.05,0,0,1
FINNIFTY28JAN2520000CE.NFO,2024-11-19,12:56:00,2025-01-28,1.05,1.05,1.05,1.05,0,0,1
FINNIFTY28JAN2520000CE.NFO,2024-11-19,12:57:00,2025-01-28,1.05,1.05,1.05,1.05,0,0,1
FINNIFTY28JAN2520000CE.NFO,2024-11-19,12:58:00,2025-01-28,1.05,1.05,1.05,1.05,0,0,1
FINNIFTY28JAN2520000CE.NFO,2024-11-19,12:59:00,2025-01-28,1.05,1.05,1.05,1.05,0,0,1
FINNIFTY28JAN2520000CE.NFO,2024-11-19,13:00:00,2025-01-28,1.05,1.05,1.05,1.05,0,0,1
FINNIFTY28JAN2520000CE.NFO,2024-11-19,13:01:00,2025-01-28,1.05,1.05,1.05,1.05,0,0,1
FINNIFTY28JAN2520000CE.NFO,2024-11-19,13:02:00,2025-01-28,1.05,1.05,1.05,1.05,0,0,1
FINNIFTY28JAN2520000CE.NFO,2024-11-19,13:03:00,2025-01-28,1.05,1.05,1.05,1.05,0,0,1
FINNIFTY28JAN2520000CE.NFO,2024-11-19,13:04:00,2025-01-28,1.05,1.05,1.05,1.05,0,0,1
FINNIFTY28JAN2520000CE.NFO,2024-11-19,13:05:00,2025-01-28,1.05,1.05,1.05,1.05,0,0,1
FINNIFTY28JAN2520000CE.NFO,2024-11-19,13:06:00,2025-01-28,1.05,1.05,1.05,1.05,0,0,1
FINNIFTY28JAN2520000CE.NFO,2024-11-19,13:07:00,2025-01-28,1.05,1.05,1.05,1.05,0,0,1
FINNIFTY28JAN2520000CE.NFO,2024-11-19,13:08:00,2025-01-28,1.05,1.05,1.05,1.05,0,0,1
FINNIFTY28JAN2520000CE.NFO,2024-11-19,13:09:00,2025-01-28,1.05,1.05,1.05,1.05,0,0,1
FINNIFTY28JAN2520000CE.NFO,2024-11-19,13:10:00,2025-01-28,1.05,1.05,1.05,1.05,0,0,1
FINNIFTY28JAN2520000CE.NFO,2024-11-19,13:11:00,2025-01-28,1.05,1.05,1.05,1.05,0,0,1
FINNIFTY28JAN2520000CE.NFO,2024-11-19,13:12:00,2025-01-28,1.05,1.05,1.05,1.05,0,0,1
FINNIFTY28JAN2520000CE.NFO,2024-11-19,13:13:00,2025-01-28,1.05,1.05,1.05,1.05,0,0,1
FINNIFTY28JAN2520000CE.NFO,2024-11-19,13:14:00,2025-01-28,1.05,1.05,1.05,1.05,0,0,1
FINNIFTY28JAN2520000CE.NFO,2024-11-19,13:15:00,2025-01-28,1.05,1.05,1.05,1.05,0,0,1
FINNIFTY28JAN2520000CE.NFO,2024-11-19,13:16:00,2025-01-28,1.05,1.05,1.05,1.05,0,0,1
FINNIFTY28JAN2520000CE.NFO,2024-11-19,13:17:00,2025-01-28,1.05,1.05,1.05,1.05,0,0,1
FINNIFTY28JAN2520000CE.NFO,2024-11-19,13:18:00,2025-01-28,1.05,1.05,1.05,1.05,0,0,1
FINNIFTY28JAN2520000CE.NFO,2024-11-19,13:19:00,2025-01-28,1.05,1.05,1.05,1.05,0,0,1
FINNIFTY28JAN2520000CE.NFO,2024-11-19,13:20:00,2025-01-28,1.05,1.05,1.05,1.05,0,0,1
FINNIFTY28JAN2520000CE.NFO,2024-11-19,13:21:00,2025-01-28,1.05,1.05,1.05,1.05,0,0,1
FINNIFTY28JAN2520000CE.NFO,2024-11-19,13:22:00,2025-01-28,1.05,1.05,1.05,1.05,0,0,1
FINNIFTY28JAN2520000CE.NFO,2024-11-19,13:23:00,2025-01-28,1.05,1.05,1.05,1.05,0,0,1
FINNIFTY28JAN2520000CE.NFO,2024-11-19,13:24:00,2025-01-28,1.05,1.05,1.05,1.05,0,0,1
FINNIFTY28JAN2520000CE.NFO,2024-11-19,13:25:00,2025-01-28,1.05,1.05,1.05,1.05,0,0,1
FINNIFTY28JAN2520000CE.NFO,2024-11-19,13:26:00,2025-01-28,1.05,1.05,1.05,1.05,0,0,1
FINNIFTY28JAN2520000CE.NFO,2024-11-19,13:27:00,2025-01-28,1.05,1.05,1.05,1.05,0,0,1
FINNIFTY28JAN2520000CE.NFO,2024-11-19,13:28:00,2025-01-28,1.05,1.05,1.05,1.05,0,0,1
FINNIFTY28JAN2520000CE.NFO,2024-11-19,13:29:00,2025-01-28,1.05,1.05,1.05,1.05,0,0,1
FINNIFTY28JAN2520000CE.NFO,2024-11-19,13:30:00,2025-01-28,1.05,1.05,1.05,1.05,0,0,1
FINNIFTY28JAN2520000CE.NFO,2024-11-19,13:31:00,2025-01-28,1.05,1.05,1.05,1.05,0,0,1
FINNIFTY28JAN2520000CE.NFO,2024-11-19,13:32:00,2025-01-28,1.05,1.05,1.05,1.05,0,0,1
FINNIFTY28JAN2520000CE.NFO,2024-11-19,13:33:00,2025-01-28,1.05,1.05,1.05,1.05,0,0,1
FINNIFTY28JAN2520000CE.NFO,2024-11-19,13:34:00,2025-01-28,1.05,1.05,1.05,1.05,0,0,1
FINNIFTY28JAN2520000CE.NFO,2024-11-19,13:35:00,2025-01-28,1.05,1.05,1.05,1.05,0,0,1
FINNIFTY28JAN2520000CE.NFO,2024-11-19,13:36:00,2025-01-28,1.05,1.05,1.05,1.05,0,0,1
FINNIFTY28JAN2520000CE.NFO,2024-11-19,13:37:00,2025-01-28,1.05,1.05,1.05,1.05,0,0,1
FINNIFTY28JAN2520000CE.NFO,2024-11-19,13:38:00,2025-01-28,1.05,1.05,1.05,1.05,0,0,1
FINNIFTY28JAN2520000CE.NFO,2024-11-19,13:39:00,2025-01-28,1.05,1.05,1.05,1.05,0,0,1
FINNIFTY28JAN2520000CE.NFO,2024-11-19,13:40:00,2025-01-28,1.05,1.05,1.05,1.05,0,0,1
FINNIFTY28JAN2520000CE.NFO,2024-11-19,13:41:00,2025-01-28,1.05,1.05,1.05,1.05,0,0,1
FINNIFTY28JAN2520000CE.NFO,2024-11-19,13:42:00,2025-01-28,1.05,1.05,1.05,1.05,0,0,1
FINNIFTY28JAN2520000CE.NFO,2024-11-19,13:43:00,2025-01-28,1.05,1.05,1.05,1.05,0,0,1
FINNIFTY28JAN2520000CE.NFO,2024-11-19,13:44:00,2025-01-28,1.05,1.05,1.05,1.05,0,0,1
FINNIFTY28JAN2520000CE.NFO,2024-11-19,13:45:00,2025-01-28,1.05,1.05,1.05,1.05,0,0,1
FINNIFTY28JAN2520000CE.NFO,2024-11-19,13:46:00,2025-01-28,1.05,1.05,1.05,1.05,0,0,1
FINNIFTY28JAN2520000CE.NFO,2024-11-19,13:47:00,2025-01-28,1.05,1.05,1.05,1.05,0,0,1
FINNIFTY28JAN2520000CE.NFO,2024-11-19,13:48:00,2025-01-28,1.05,1.05,1.05,1.05,0,0,1
FINNIFTY28JAN2520000CE.NFO,2024-11-19,13:49:00,2025-01-28,1.05,1.05,1.05,1.05,0,0,1
FINNIFTY28JAN2520000CE.NFO,2024-11-19,13:50:00,2025-01-28,1.05,1.05,1.05,1.05,0,0,1
FINNIFTY28JAN2520000CE.NFO,2024-11-19,13:51:00,2025-01-28,1.05,1.05,1.05,1.05,0,0,1
FINNIFTY28JAN2520000CE.NFO,2024-11-19,13:52:00,2025-01-28,1.05,1.05,1.05,1.05,0,0,1
FINNIFTY28JAN2520000CE.NFO,2024-11-19,13:53:00,2025-01-28,1.05,1.05,1.05,1.05,0,0,1
FINNIFTY28JAN2520000CE.NFO,2024-11-19,13:54:00,2025-01-28,1.05,1.05,1.05,1.05,0,0,1
FINNIFTY28JAN2520000CE.NFO,2024-11-19,13:55:00,2025-01-28,1.05,1.05,1.05,1.05,0,0,1
FINNIFTY28JAN2520000CE.NFO,2024-11-19,13:56:00,2025-01-28,1.05,1.05,1.05,1.05,0,0,1
FINNIFTY28JAN2520000CE.NFO,2024-11-19,13:57:00,2025-01-28,1.05,1.05,1.05,1.05,0,0,1
FINNIFTY28JAN2520000CE.NFO,2024-11-19,13:58:00,2025-01-28,1.05,1.05,1.05,1.05,0,0,1
FINNIFTY28JAN2520000CE.NFO,2024-11-19,13:59:00,2025-01-28,1.05,1.05,1.05,1.05,0,0,1
FINNIFTY28JAN2520000CE.NFO,2024-11-19,14:00:00,2025-01-28,1.05,1.05,1.05,1.05,0,0,1
FINNIFTY28JAN2520000CE.NFO,2024-11-19,14:01:00,2025-01-28,1.05,1.05,1.05,1.05,0,0,1
FINNIFTY28JAN2520000CE.NFO,2024-11-19,14:02:00,2025-01-28,1.05,1.05,1.05,1.05,0,0,1
FINNIFTY28JAN2520000CE.NFO,2024-11-19,14:03:00,2025-01-28,1.05,1.05,1.05,1.05,0,0,1
FINNIFTY28JAN2520000CE.NFO,2024-11-19,14:04:00,2025-01-28,1.05,1.05,1.05,1.05,0,0,1
FINNIFTY28JAN2520000CE.NFO,2024-11-19,14:05:00,2025-01-28,1.05,1.05,1.05,1.05,0,0,1
FINNIFTY28JAN2520000CE.NFO,2024-11-19,14:06:00,2025-01-28,1.05,1.05,1.05,1.05,0,0,1
FINNIFTY28JAN2520000CE.NFO,2024-11-19,14:07:00,2025-01-28,1.05,1.05,1.05,1.05,0,0,1
FINNIFTY28JAN2520000CE.NFO,2024-11-19,14:08:00,2025-01-28,1.05,1.05,1.05,1.05,0,0,1
FINNIFTY28JAN2520000CE.NFO,2024-11-19,14:09:00,2025-01-28,1.05,1.05,1.05,1.05,0,0,1
FINNIFTY28JAN2520000CE.NFO,2024-11-19,14:10:00,2025-01-28,1.05,1.05,1.05,1.05,0,0,1
FINNIFTY28JAN2520000CE.NFO,2024-11-19,14:11:00,2025-01-28,1.05,1.05,1.05,1.05,0,0,1
FINNIFTY28JAN2520000CE.NFO,2024-11-19,14:12:00,2025-01-28,1.05,1.05,1.05,1.05,0,0,1
FINNIFTY28JAN2520000CE.NFO,2024-11-19,14:13:00,2025-01-28,1.05,1.05,1.05,1.05,0,0,1
FINNIFTY28JAN2520000CE.NFO,2024-11-19,14:14:00,2025-01-28,1.05,1.05,1.05,1.05,0,0,1
FINNIFTY28JAN2520000CE.NFO,2024-11-19,14:15:00,2025-01-28,1.05,1.05,1.05,1.05,0,0,1
FINNIFTY28JAN2520000CE.NFO,2024-11-19,14:16:00,2025-01-28,1.05,1.05,1.05,1.05,0,0,1
FINNIFTY28JAN2520000CE.NFO,2024-11-19,14:17:00,2025-01-28,1.05,1.05,1.05,1.05,0,0,1
FINNIFTY28JAN2520000CE.NFO,2024-11-19,14:18:00,2025-01-28,1.05,1.05,1.05,1.05,0,0,1
FINNIFTY28JAN2520000CE.NFO,2024-11-19,14:19:00,2025-01-28,1.05,1.05,1.05,1.05,0,0,1
FINNIFTY28JAN2520000CE.NFO,2024-11-19,14:20:00,2025-01-28,1.05,1.05,1.05,1.05,0,0,1
FINNIFTY28JAN2520000CE.NFO,2024-11-19,14:21:00,2025-01-28,1.05,1.05,1.05,1.05,0,0,1
FINNIFTY28JAN2520000CE.NFO,2024-11-19,14:22:00,2025-01-28,1.05,1.05,1.05,1.05,0,0,1
FINNIFTY28JAN2520000CE.NFO,2024-11-19,14:23:00,2025-01-28,1.05,1.05,1.05,1.05,0,0,1
FINNIFTY28JAN2520000CE.NFO,2024-11-19,14:24:00,2025-01-28,1.05,1.05,1.05,1.05,0,0,1
FINNIFTY28JAN2520000CE.NFO,2024-11-19,14:25:00,2025-01-28,1.05,1.05,1.05,1.05,0,0,1
FINNIFTY28JAN2520000CE.NFO,2024-11-19,14:26:00,2025-01-28,1.05,1.05,1.05,1.05,0,0,1
FINNIFTY28JAN2520000CE.NFO,2024-11-19,14:27:00,2025-01-28,1.05,1.05,1.05,1.05,0,0,1
FINNIFTY28JAN2520000CE.NFO,2024-11-19,14:28:00,2025-01-28,1.05,1.05,1.05,1.05,0,0,1
FINNIFTY28JAN2520000CE.NFO,2024-11-19,14:29:00,2025-01-28,1.05,1.05,1.05,1.05,0,0,1
FINNIFTY28JAN2520000CE.NFO,2024-11-19,14:30:00,2025-01-28,1.05,1.05,1.05,1.05,0,0,1
FINNIFTY28JAN2520000CE.NFO,2024-11-19,14:31:00,2025-01-28,1.05,1.05,1.05,1.05,0,0,1
FINNIFTY28JAN2520000CE.NFO,2024-11-19,14:32:00,2025-01-28,1.05,1.05,1.05,1.05,0,0,1
FINNIFTY28JAN2520000CE.NFO,2024-11-19,14:33:00,2025-01-28,1.05,1.05,1.05,1.05,0,0,1
FINNIFTY28JAN2520000CE.NFO,2024-11-19,14:34:00,2025-01-28,1.05,1.05,1.05,1.05,0,0,1
FINNIFTY28JAN2520000CE.NFO,2024-11-19,14:35:00,2025-01-28,1.05,1.05,1.05,1.05,0,0,1
FINNIFTY28JAN2520000CE.NFO,2024-11-19,14:36:00,2025-01-28,1.05,1.05,1.05,1.05,0,0,1
FINNIFTY28JAN2520000CE.NFO,2024-11-19,14:37:00,2025-01-28,1.05,1.05,1.05,1.05,0,0,1
FINNIFTY28JAN2520000CE.NFO,2024-11-19,14:38:00,2025-01-28,1.05,1.05,1.05,1.05,0,0,1
FINNIFTY28JAN2520000CE.NFO,2024-11-19,14:39:00,2025-01-28,1.05,1.05,1.05,1.05,0,0,1
FINNIFTY28JAN2520000CE.NFO,2024-11-19,14:40:00,2025-01-28,1.05,1.05,1.05,1.05,0,0,1
FINNIFTY28JAN2520000CE.NFO,2024-11-19,14:41:00,2025-01-28,1.05,1.05,1.05,1.05,0,0,1
FINNIFTY28JAN2520000CE.NFO,2024-11-19,14:42:00,2025-01-28,1.05,1.05,1.05,1.05,0,0,1
FINNIFTY28JAN2520000CE.NFO,2024-11-19,14:43:00,2025-01-28,1.05,1.05,1.05,1.05,0,0,1
FINNIFTY28JAN2520000CE.NFO,2024-11-19,14:44:00,2025-01-28,1.05,1.05,1.05,1.05,0,0,1
FINNIFTY28JAN2520000CE.NFO,2024-11-19,14:45:00,2025-01-28,1.05,1.05,1.05,1.05,0,0,1
FINNIFTY28JAN2520000CE.NFO,2024-11-19,14:46:00,2025-01-28,1.05,1.05,1.05,1.05,0,0,1
FINNIFTY28JAN2520000CE.NFO,2024-11-19,14:47:00,2025-01-28,1.05,1.05,1.05,1.05,0,0,1
FINNIFTY28JAN2520000CE.NFO,2024-11-19,14:48:00,2025-01-28,1.05,1.05,1.05,1.05,0,0,1
FINNIFTY28JAN2520000CE.NFO,2024-11-19,14:49:00,2025-01-28,1.05,1.05,1.05,1.05,0,0,1
FINNIFTY28JAN2520000CE.NFO,2024-11-19,14:50:00,2025-01-28,1.05,1.05,1.05,1.05,0,0,1
FINNIFTY28JAN2520000CE.NFO,2024-11-19,14:51:00,2025-01-28,1.05,1.05,1.05,1.05,0,0,1
FINNIFTY28JAN2520000CE.NFO,2024-11-19,14:52:00,2025-01-28,1.05,1.05,1.05,1.05,0,0,1
FINNIFTY28JAN2520000CE.NFO,2024-11-19,14:53:00,2025-01-28,1.05,1.05,1.05,1.05,0,0,1
FINNIFTY28JAN2520000CE.NFO,2024-11-19,14:54:00,2025-01-28,1.05,1.05,1.05,1.05,0,0,1
FINNIFTY28JAN2520000CE.NFO,2024-11-19,14:55:00,2025-01-28,1.05,1.05,1.05,1.05,0,0,1
FINNIFTY28JAN2520000CE.NFO,2024-11-19,14:56:00,2025-01-28,1.05,1.05,1.05,1.05,0,0,1
FINNIFTY28JAN2520000CE.NFO,2024-11-19,14:57:00,2025-01-28,1.05,1.05,1.05,1.05,0,0,1
FINNIFTY28JAN2520000CE.NFO,2024-11-19,14:58:00,2025-01-28,1.05,1.05,1.05,1.05,0,0,1
FINNIFTY28JAN2520000CE.NFO,2024-11-19,14:59:00,2025-01-28,1.05,1.05,1.05,1.05,0,0,1
FINNIFTY28JAN2520000CE.NFO,2024-11-19,15:00:00,2025-01-28,1.05,1.05,1.05,1.05,0,0,1
FINNIFTY28JAN2520000CE.NFO,2024-11-19,15:01:00,2025-01-28,1.05,1.05,1.05,1.05,0,0,1
FINNIFTY28JAN2520000CE.NFO,2024-11-19,15:02:00,2025-01-28,1.05,1.05,1.05,1.05,0,0,1
FINNIFTY28JAN2520000CE.NFO,2024-11-19,15:03:00,2025-01-28,1.05,1.05,1.05,1.05,0,0,1
FINNIFTY28JAN2520000CE.NFO,2024-11-19,15:04:00,2025-01-28,1.05,1.05,1.05,1.05,0,0,1
FINNIFTY28JAN2520000CE.NFO,2024-11-19,15:05:00,2025-01-28,1.05,1.05,1.05,1.05,0,0,1
FINNIFTY28JAN2520000CE.NFO,2024-11-19,15:06:00,2025-01-28,1.05,1.05,1.05,1.05,0,0,1
FINNIFTY28JAN2520000CE.NFO,2024-11-19,15:07:00,2025-01-28,1.05,1.05,1.05,1.05,0,0,1
FINNIFTY28JAN2520000CE.NFO,2024-11-19,15:08:00,2025-01-28,1.05,1.05,1.05,1.05,0,0,1
FINNIFTY28JAN2520000CE.NFO,2024-11-19,15:09:00,2025-01-28,1.05,1.05,1.05,1.05,0,0,1
FINNIFTY28JAN2520000CE.NFO,2024-11-19,15:10:00,2025-01-28,1.05,1.05,1.05,1.05,0,0,1
FINNIFTY28JAN2520000CE.NFO,2024-11-19,15:11:00,2025-01-28,1.05,1.05,1.05,1.05,0,0,1
FINNIFTY28JAN2520000CE.NFO,2024-11-19,15:12:00,2025-01-28,1.05,1.05,1.05,1.05,0,0,1
FINNIFTY28JAN2520000CE.NFO,2024-11-19,15:13:00,2025-01-28,1.05,1.05,1.05,1.05,0,0,1
FINNIFTY28JAN2520000CE.NFO,2024-11-19,15:14:00,2025-01-28,1.05,1.05,1.05,1.05,0,0,1
FINNIFTY28JAN2520000CE.NFO,2024-11-19,15:15:00,2025-01-28,1.05,1.05,1.05,1.05,0,0,1
FINNIFTY28JAN2520000CE.NFO,2024-11-19,15:16:00,2025-01-28,1.05,1.05,1.05,1.05,0,0,1
FINNIFTY28JAN2520000CE.NFO,2024-11-19,15:17:00,2025-01-28,1.05,1.05,1.05,1.05,0,0,1
FINNIFTY28JAN2520000CE.NFO,2024-11-19,15:18:00,2025-01-28,1.05,1.05,1.05,1.05,0,0,1
FINNIFTY28JAN2520000CE.NFO,2024-11-19,15:19:00,2025-01-28,1.05,1.05,1.05,1.05,0,0,1
FINNIFTY28JAN2520000CE.NFO,2024-11-19,15:20:00,2025-01-28,1.05,1.05,1.05,1.05,0,0,1
FINNIFTY28JAN2520000CE.NFO,2024-11-19,15:21:00,2025-01-28,1.05,1.05,1.05,1.05,0,0,1
FINNIFTY28JAN2520000CE.NFO,2024-11-19,15:22:00,2025-01-28,1.05,1.05,1.05,1.05,0,0,1
FINNIFTY28JAN2520000CE.NFO,2024-11-19,15:23:00,2025-01-28,1.05,1.05,1.05,1.05,0,0,1
FINNIFTY28JAN2520000CE.NFO,2024-11-19,15:24:00,2025-01-28,1.05,1.05,1.05,1.05,0,0,1
FINNIFTY28JAN2520000CE.NFO,2024-11-19,15:25:00,2025-01-28,1.05,1.05,1.05,1.05,0,0,1
FINNIFTY28JAN2520000CE.NFO,2024-11-19,15:26:00,2025-01-28,1.05,1.05,1.05,1.05,0,0,1
FINNIFTY28JAN2520000CE.NFO,2024-11-19,15:27:00,2025-01-28,1.05,1.05,1.05,1.05,0,0,1
FINNIFTY28JAN2520000CE.NFO,2024-11-19,15:28:00,2025-01-28,1.05,1.05,1.05,1.05,0,0,1
FINNIFTY28JAN2520000CE.NFO,2024-11-19,15:29:00,2025-01-28,1.05,1.05,1.05,1.05,0,0,1
FINNIFTY28JAN2520000CE.NFO,2024-11-19,15:30:00,2025-01-28,1.05,1.05,1.05,1.05,0,0,1
FINNIFTY28JAN2520000CE.NFO,2024-11-21,09:15:00,2025-01-28,1.05,1.05,1.05,1.05,0,0,0
FINNIFTY28JAN2520000CE.NFO,2024-11-21,09:16:00,2025-01-28,1.05,1.05,1.05,1.05,0,0,1
FINNIFTY28JAN2520000CE.NFO,2024-11-21,09:17:00,2025-01-28,1.05,1.05,1.05,1.05,0,0,1
FINNIFTY28JAN2520000CE.NFO,2024-11-21,09:18:00,2025-01-28,1.05,1.05,1.05,1.05,0,0,1
FINNIFTY28JAN2520000CE.NFO,2024-11-21,09:19:00,2025-01-28,1.05,1.05,1.05,1.05,0,0,1
FINNIFTY28JAN2520000CE.NFO,2024-11-21,09:20:00,2025-01-28,1.05,1.05,1.05,1.05,0,0,1
FINNIFTY28JAN2520000CE.NFO,2024-11-21,09:21:00,2025-01-28,1.05,1.05,1.05,1.05,0,0,1
FINNIFTY28JAN2520000CE.NFO,2024-11-21,09:22:00,2025-01-28,1.05,1.05,1.05,1.05,0,0,1
FINNIFTY28JAN2520000CE.NFO,2024-11-21,09:23:00,2025-01-28,1.05,1.05,1.05,1.05,0,0,1
FINNIFTY28JAN2520000CE.NFO,2024-11-21,09:24:00,2025-01-28,1.05,1.05,1.05,1.05,0,0,1
FINNIFTY28JAN2520000CE.NFO,2024-11-21,09:25:00,2025-01-28,1.05,1.05,1.05,1.05,0,0,1
FINNIFTY28JAN2520000CE.NFO,2024-11-21,09:26:00,2025-01-28,1.05,1.05,1.05,1.05,0,0,1
FINNIFTY28JAN2520000CE.NFO,2024-11-21,09:27:00,2025-01-28,1.05,1.05,1.05,1.05,0,0,1
FINNIFTY28JAN2520000CE.NFO,2024-11-21,09:28:00,2025-01-28,1.05,1.05,1.05,1.05,0,0,1
FINNIFTY28JAN2520000CE.NFO,2024-11-21,09:29:00,2025-01-28,1.05,1.05,1.05,1.05,0,0,1
FINNIFTY28JAN2520000CE.NFO,2024-11-21,09:30:00,2025-01-28,1.05,1.05,1.05,1.05,0,0,1
FINNIFTY28JAN2520000CE.NFO,2024-11-21,09:31:00,2025-01-28,1.05,1.05,1.05,1.05,0,0,1
FINNIFTY28JAN2520000CE.NFO,2024-11-21,09:32:00,2025-01-28,1.05,1.05,1.05,1.05,0,0,1
FINNIFTY28JAN2520000CE.NFO,2024-11-21,09:33:00,2025-01-28,1.05,1.05,1.05,1.05,0,0,1
FINNIFTY28JAN2520000CE.NFO,2024-11-21,09:34:00,2025-01-28,1.05,1.05,1.05,1.05,0,0,1
FINNIFTY28JAN2520000CE.NFO,2024-11-21,09:35:00,2025-01-28,1.05,1.05,1.05,1.05,0,0,1
FINNIFTY28JAN2520000CE.NFO,2024-11-21,09:36:00,2025-01-28,1.05,1.05,1.05,1.05,0,0,1
FINNIFTY28JAN2520000CE.NFO,2024-11-21,09:37:00,2025-01-28,1.05,1.05,1.05,1.05,0,0,1
FINNIFTY28JAN2520000CE.NFO,2024-11-21,09:38:00,2025-01-28,1.05,1.05,1.05,1.05,0,0,1
FINNIFTY28JAN2520000CE.NFO,2024-11-21,09:39:00,2025-01-28,1.05,1.05,1.05,1.05,0,0,1
FINNIFTY28JAN2520000CE.NFO,2024-11-21,09:40:00,2025-01-28,1.05,1.05,1.05,1.05,0,0,1
FINNIFTY28JAN2520000CE.NFO,2024-11-21,09:41:00,2025-01-28,1.05,1.05,1.05,1.05,0,0,1
FINNIFTY28JAN2520000CE.NFO,2024-11-21,09:42:00,2025-01-28,1.05,1.05,1.05,1.05,0,0,1
FINNIFTY28JAN2520000CE.NFO,2024-11-21,09:43:00,2025-01-28,1.05,1.05,1.05,1.05,0,0,1
FINNIFTY28JAN2520000CE.NFO,2024-11-21,09:44:00,2025-01-28,1.05,1.05,1.05,1.05,0,0,1
FINNIFTY28JAN2520000CE.NFO,2024-11-21,09:45:00,2025-01-28,1.05,1.05,1.05,1.05,0,0,1
FINNIFTY28JAN2520000CE.NFO,2024-11-21,09:46:00,2025-01-28,1.05,1.05,1.05,1.05,0,0,1
FINNIFTY28JAN2520000CE.NFO,2024-11-21,09:47:00,2025-01-28,1.05,1.05,1.05,1.05,0,0,1
FINNIFTY28JAN2520000CE.NFO,2024-11-21,09:48:00,2025-01-28,1.05,1.05,1.05,1.05,0,0,1
FINNIFTY28JAN2520000CE.NFO,2024-11-21,09:49:00,2025-01-28,1.05,1.05,1.05,1.05,0,0,1
FINNIFTY28JAN2520000CE.NFO,2024-11-21,09:50:00,2025-01-28,1.05,1.05,1.05,1.05,0,0,1
FINNIFTY28JAN2520000CE.NFO,2024-11-21,09:51:00,2025-01-28,1.05,1.05,1.05,1.05,0,0,1
FINNIFTY28JAN2520000CE.NFO,2024-11-21,09:52:00,2025-01-28,1.05,1.05,1.05,1.05,0,0,1
FINNIFTY28JAN2520000CE.NFO,2024-11-21,09:53:00,2025-01-28,1.05,1.05,1.05,1.05,0,0,1
FINNIFTY28JAN2520000CE.NFO,2024-11-21,09:54:00,2025-01-28,1.05,1.05,1.05,1.05,0,0,1
FINNIFTY28JAN2520000CE.NFO,2024-11-21,09:55:00,2025-01-28,1.05,1.05,1.05,1.05,0,0,1
FINNIFTY28JAN2520000CE.NFO,2024-11-21,09:56:00,2025-01-28,1.05,1.05,1.05,1.05,0,0,1
FINNIFTY28JAN2520000CE.NFO,2024-11-21,09:57:00,2025-01-28,1.05,1.05,1.05,1.05,0,0,1
FINNIFTY28JAN2520000CE.NFO,2024-11-21,09:58:00,2025-01-28,1.05,1.05,1.05,1.05,0,0,1
FINNIFTY28JAN2520000CE.NFO,2024-11-21,09:59:00,2025-01-28,1.05,1.05,1.05,1.05,0,0,1
FINNIFTY28JAN2520000CE.NFO,2024-11-21,10:00:00,2025-01-28,1.05,1.05,1.05,1.05,0,0,1
FINNIFTY28JAN2520000CE.NFO,2024-11-21,10:01:00,2025-01-28,1.05,1.05,1.05,1.05,0,0,1
FINNIFTY28JAN2520000CE.NFO,2024-11-21,10:02:00,2025-01-28,1.05,1.05,1.05,1.05,0,0,1
FINNIFTY28JAN2520000CE.NFO,2024-11-21,10:03:00,2025-01-28,1.05,1.05,1.05,1.05,0,0,1
FINNIFTY28JAN2520000CE.NFO,2024-11-21,10:04:00,2025-01-28,1.05,1.05,1.05,1.05,0,0,1
FINNIFTY28JAN2520000CE.NFO,2024-11-21,10:05:00,2025-01-28,1.05,1.05,1.05,1.05,0,0,1
FINNIFTY28JAN2520000CE.NFO,2024-11-21,10:06:00,2025-01-28,1.05,1.05,1.05,1.05,0,0,1
FINNIFTY28JAN2520000CE.NFO,2024-11-21,10:07:00,2025-01-28,1.05,1.05,1.05,1.05,0,0,1
FINNIFTY28JAN2520000CE.NFO,2024-11-21,10:08:00,2025-01-28,1.05,1.05,1.05,1.05,0,0,1
FINNIFTY28JAN2520000CE.NFO,2024-11-21,10:09:00,2025-01-28,1.05,1.05,1.05,1.05,0,0,1
FINNIFTY28JAN2520000CE.NFO,2024-11-21,10:10:00,2025-01-28,1.05,1.05,1.05,1.05,0,0,1
FINNIFTY28JAN2520000CE.NFO,2024-11-21,10:11:00,2025-01-28,1.05,1.05,1.05,1.05,0,0,1
FINNIFTY28JAN2520000CE.NFO,2024-11-21,10:12:00,2025-01-28,1.05,1.05,1.05,1.05,0,0,1
FINNIFTY28JAN2520000CE.NFO,2024-11-21,10:13:00,2025-01-28,1.05,1.05,1.05,1.05,0,0,1
FINNIFTY28JAN2520000CE.NFO,2024-11-21,10:14:00,2025-01-28,1.05,1.05,1.05,1.05,0,0,1
FINNIFTY28JAN2520000CE.NFO,2024-11-21,10:15:00,2025-01-28,1.05,1.05,1.05,1.05,0,0,1
FINNIFTY28JAN2520000CE.NFO,2024-11-21,10:16:00,2025-01-28,1.05,1.05,1.05,1.05,0,0,1
FINNIFTY28JAN2520000CE.NFO,2024-11-21,10:17:00,2025-01-28,1.05,1.05,1.05,1.05,0,0,1
FINNIFTY28JAN2520000CE.NFO,2024-11-21,10:18:00,2025-01-28,1.05,1.05,1.05,1.05,0,0,1
FINNIFTY28JAN2520000CE.NFO,2024-11-21,10:19:00,2025-01-28,1.05,1.05,1.05,1.05,0,0,1
FINNIFTY28JAN2520000CE.NFO,2024-11-21,10:20:00,2025-01-28,1.05,1.05,1.05,1.05,0,0,1
FINNIFTY28JAN2520000CE.NFO,2024-11-21,10:21:00,2025-01-28,1.05,1.05,1.05,1.05,0,0,1
FINNIFTY28JAN2520000CE.NFO,2024-11-21,10:22:00,2025-01-28,1.05,1.05,1.05,1.05,0,0,1
FINNIFTY28JAN2520000CE.NFO,2024-11-21,10:23:00,2025-01-28,1.05,1.05,1.05,1.05,0,0,1
FINNIFTY28JAN2520000CE.NFO,2024-11-21,10:24:00,2025-01-28,1.05,1.05,1.05,1.05,0,0,1
FINNIFTY28JAN2520000CE.NFO,2024-11-21,10:25:00,2025-01-28,1.05,1.05,1.05,1.05,0,0,1
FINNIFTY28JAN2520000CE.NFO,2024-11-21,10:26:00,2025-01-28,1.05,1.05,1.05,1.05,0,0,1
FINNIFTY28JAN2520000CE.NFO,2024-11-21,10:27:00,2025-01-28,1.05,1.05,1.05,1.05,0,0,1
FINNIFTY28JAN2520000CE.NFO,2024-11-21,10:28:00,2025-01-28,1.05,1.05,1.05,1.05,0,0,1
FINNIFTY28JAN2520000CE.NFO,2024-11-21,10:29:00,2025-01-28,1.05,1.05,1.05,1.05,0,0,1
FINNIFTY28JAN2520000CE.NFO,2024-11-21,10:30:00,2025-01-28,1.05,1.05,1.05,1.05,0,0,1
FINNIFTY28JAN2520000CE.NFO,2024-11-21,10:31:00,2025-01-28,1.05,1.05,1.05,1.05,0,0,1
FINNIFTY28JAN2520000CE.NFO,2024-11-21,10:32:00,2025-01-28,1.05,1.05,1.05,1.05,0,0,1
FINNIFTY28JAN2520000CE.NFO,2024-11-21,10:33:00,2025-01-28,1.05,1.05,1.05,1.05,0,0,1
FINNIFTY28JAN2520000CE.NFO,2024-11-21,10:34:00,2025-01-28,1.05,1.05,1.05,1.05,0,0,1
FINNIFTY28JAN2520000CE.NFO,2024-11-21,10:35:00,2025-01-28,1.05,1.05,1.05,1.05,0,0,1
FINNIFTY28JAN2520000CE.NFO,2024-11-21,10:36:00,2025-01-28,1.05,1.05,1.05,1.05,0,0,1
FINNIFTY28JAN2520000CE.NFO,2024-11-21,10:37:00,2025-01-28,1.05,1.05,1.05,1.05,0,0,1
FINNIFTY28JAN2520000CE.NFO,2024-11-21,10:38:00,2025-01-28,1.05,1.05,1.05,1.05,0,0,1
FINNIFTY28JAN2520000CE.NFO,2024-11-21,10:39:00,2025-01-28,1.05,1.05,1.05,1.05,0,0,1
FINNIFTY28JAN2520000CE.NFO,2024-11-21,10:40:00,2025-01-28,1.05,1.05,1.05,1.05,0,0,1
FINNIFTY28JAN2520000CE.NFO,2024-11-21,10:41:00,2025-01-28,1.05,1.05,1.05,1.05,0,0,1
FINNIFTY28JAN2520000CE.NFO,2024-11-21,10:42:00,2025-01-28,1.05,1.05,1.05,1.05,0,0,1
FINNIFTY28JAN2520000CE.NFO,2024-11-21,10:43:00,2025-01-28,1.05,1.05,1.05,1.05,0,0,1
FINNIFTY28JAN2520000CE.NFO,2024-11-21,10:44:00,2025-01-28,1.05,1.05,1.05,1.05,0,0,1
FINNIFTY28JAN2520000CE.NFO,2024-11-21,10:45:00,2025-01-28,1.05,1.05,1.05,1.05,0,0,1
FINNIFTY28JAN2520000CE.NFO,2024-11-21,10:46:00,2025-01-28,1.05,1.05,1.05,1.05,0,0,1
FINNIFTY28JAN2520000CE.NFO,2024-11-21,10:47:00,2025-01-28,1.05,1.05,1.05,1.05,0,0,1
FINNIFTY28JAN2520000CE.NFO,2024-11-21,10:48:00,2025-01-28,1.05,1.05,1.05,1.05,0,0,1
FINNIFTY28JAN2520000CE.NFO,2024-11-21,10:49:00,2025-01-28,1.05,1.05,1.05,1.05,0,0,1
FINNIFTY28JAN2520000CE.NFO,2024-11-21,10:50:00,2025-01-28,1.05,1.05,1.05,1.05,0,0,1
FINNIFTY28JAN2520000CE.NFO,2024-11-21,10:51:00,2025-01-28,1.05,1.05,1.05,1.05,0,0,1
FINNIFTY28JAN2520000CE.NFO,2024-11-21,10:52:00,2025-01-28,1.05,1.05,1.05,1.05,0,0,1
FINNIFTY28JAN2520000CE.NFO,2024-11-21,10:53:00,2025-01-28,1.05,1.05,1.05,1.05,0,0,1
FINNIFTY28JAN2520000CE.NFO,2024-11-21,10:54:00,2025-01-28,1.05,1.05,1.05,1.05,0,0,1
FINNIFTY28JAN2520000CE.NFO,2024-11-21,10:55:00,2025-01-28,1.05,1.05,1.05,1.05,0,0,1
FINNIFTY28JAN2520000CE.NFO,2024-11-21,10:56:00,2025-01-28,1.05,1.05,1.05,1.05,0,0,1
FINNIFTY28JAN2520000CE.NFO,2024-11-21,10:57:00,2025-01-28,1.05,1.05,1.05,1.05,0,0,1
FINNIFTY28JAN2520000CE.NFO,2024-11-21,10:58:00,2025-01-28,1.05,1.05,1.05,1.05,0,0,1
FINNIFTY28JAN2520000CE.NFO,2024-11-21,10:59:00,2025-01-28,1.05,1.05,1.05,1.05,0,0,1
FINNIFTY28JAN2520000CE.NFO,2024-11-21,11:00:00,2025-01-28,1.05,1.05,1.05,1.05,0,0,1
FINNIFTY28JAN2520000CE.NFO,2024-11-21,11:01:00,2025-01-28,1.05,1.05,1.05,1.05,0,0,1
FINNIFTY28JAN2520000CE.NFO,2024-11-21,11:02:00,2025-01-28,1.05,1.05,1.05,1.05,0,0,1
FINNIFTY28JAN2520000CE.NFO,2024-11-21,11:03:00,2025-01-28,1.05,1.05,1.05,1.05,0,0,1
FINNIFTY28JAN2520000CE.NFO,2024-11-21,11:04:00,2025-01-28,1.05,1.05,1.05,1.05,0,0,1
FINNIFTY28JAN2520000CE.NFO,2024-11-21,11:05:00,2025-01-28,1.05,1.05,1.05,1.05,0,0,1
FINNIFTY28JAN2520000CE.NFO,2024-11-21,11:06:00,2025-01-28,1.05,1.05,1.05,1.05,0,0,1
FINNIFTY28JAN2520000CE.NFO,2024-11-21,11:07:00,2025-01-28,1.05,1.05,1.05,1.05,0,0,1
FINNIFTY28JAN2520000CE.NFO,2024-11-21,11:08:00,2025-01-28,1.05,1.05,1.05,1.05,0,0,1
FINNIFTY28JAN2520000CE.NFO,2024-11-21,11:09:00,2025-01-28,1.05,1.05,1.05,1.05,0,0,1
FINNIFTY28JAN2520000CE.NFO,2024-11-21,11:10:00,2025-01-28,1.05,1.05,1.05,1.05,0,0,1
FINNIFTY28JAN2520000CE.NFO,2024-11-21,11:11:00,2025-01-28,1.05,1.05,1.05,1.05,0,0,1
FINNIFTY28JAN2520000CE.NFO,2024-11-21,11:12:00,2025-01-28,1.05,1.05,1.05,1.05,0,0,1
FINNIFTY28JAN2520000CE.NFO,2024-11-21,11:13:00,2025-01-28,1.05,1.05,1.05,1.05,0,0,1
FINNIFTY28JAN2520000CE.NFO,2024-11-21,11:14:00,2025-01-28,1.05,1.05,1.05,1.05,0,0,1
FINNIFTY28JAN2520000CE.NFO,2024-11-21,11:15:00,2025-01-28,1.05,1.05,1.05,1.05,0,0,1
FINNIFTY28JAN2520000CE.NFO,2024-11-21,11:16:00,2025-01-28,1.05,1.05,1.05,1.05,0,0,1
FINNIFTY28JAN2520000CE.NFO,2024-11-21,11:17:00,2025-01-28,1.05,1.05,1.05,1.05,0,0,1
FINNIFTY28JAN2520000CE.NFO,2024-11-21,11:18:00,2025-01-28,1.05,1.05,1.05,1.05,0,0,1
FINNIFTY28JAN2520000CE.NFO,2024-11-21,11:19:00,2025-01-28,1.05,1.05,1.05,1.05,0,0,1
FINNIFTY28JAN2520000CE.NFO,2024-11-21,11:20:00,2025-01-28,1.05,1.05,1.05,1.05,0,0,1
FINNIFTY28JAN2520000CE.NFO,2024-11-21,11:21:00,2025-01-28,1.05,1.05,1.05,1.05,0,0,1
FINNIFTY28JAN2520000CE.NFO,2024-11-21,11:22:00,2025-01-28,1.05,1.05,1.05,1.05,0,0,1
FINNIFTY28JAN2520000CE.NFO,2024-11-21,11:23:00,2025-01-28,1.05,1.05,1.05,1.05,0,0,1
FINNIFTY28JAN2520000CE.NFO,2024-11-21,11:24:00,2025-01-28,1.05,1.05,1.05,1.05,0,0,1
FINNIFTY28JAN2520000CE.NFO,2024-11-21,11:25:00,2025-01-28,1.05,1.05,1.05,1.05,0,0,1
FINNIFTY28JAN2520000CE.NFO,2024-11-21,11:26:00,2025-01-28,1.05,1.05,1.05,1.05,0,0,1
FINNIFTY28JAN2520000CE.NFO,2024-11-21,11:27:00,2025-01-28,1.05,1.05,1.05,1.05,0,0,1
FINNIFTY28JAN2520000CE.NFO,2024-11-21,11:28:00,2025-01-28,1.05,1.05,1.05,1.05,0,0,1
FINNIFTY28JAN2520000CE.NFO,2024-11-21,11:29:00,2025-01-28,1.05,1.05,1.05,1.05,0,0,1
FINNIFTY28JAN2520000CE.NFO,2024-11-21,11:30:00,2025-01-28,1.05,1.05,1.05,1.05,0,0,1
FINNIFTY28JAN2520000CE.NFO,2024-11-21,11:31:00,2025-01-28,1.05,1.05,1.05,1.05,0,0,1
FINNIFTY28JAN2520000CE.NFO,2024-11-21,11:32:00,2025-01-28,1.05,1.05,1.05,1.05,0,0,1
FINNIFTY28JAN2520000CE.NFO,2024-11-21,11:33:00,2025-01-28,1.05,1.05,1.05,1.05,0,0,1
FINNIFTY28JAN2520000CE.NFO,2024-11-21,11:34:00,2025-01-28,1.05,1.05,1.05,1.05,0,0,1
FINNIFTY28JAN2520000CE.NFO,2024-11-21,11:35:00,2025-01-28,1.05,1.05,1.05,1.05,0,0,1
FINNIFTY28JAN2520000CE.NFO,2024-11-21,11:36:00,2025-01-28,1.05,1.05,1.05,1.05,0,0,1
FINNIFTY28JAN2520000CE.NFO,2024-11-21,11:37:00,2025-01-28,1.05,1.05,1.05,1.05,0,0,1
FINNIFTY28JAN2520000CE.NFO,2024-11-21,11:38:00,2025-01-28,1.05,1.05,1.05,1.05,0,0,1
FINNIFTY28JAN2520000CE.NFO,2024-11-21,11:39:00,2025-01-28,1.05,1.05,1.05,1.05,0,0,1
FINNIFTY28JAN2520000CE.NFO,2024-11-21,11:40:00,2025-01-28,1.05,1.05,1.05,1.05,0,0,1
FINNIFTY28JAN2520000CE.NFO,2024-11-21,11:41:00,2025-01-28,1.05,1.05,1.05,1.05,0,0,1
FINNIFTY28JAN2520000CE.NFO,2024-11-21,11:42:00,2025-01-28,1.05,1.05,1.05,1.05,0,0,1
FINNIFTY28JAN2520000CE.NFO,2024-11-21,11:43:00,2025-01-28,1.05,1.05,1.05,1.05,0,0,1
FINNIFTY28JAN2520000CE.NFO,2024-11-21,11:44:00,2025-01-28,1.05,1.05,1.05,1.05,0,0,1
FINNIFTY28JAN2520000CE.NFO,2024-11-21,11:45:00,2025-01-28,1.05,1.05,1.05,1.05,0,0,1
FINNIFTY28JAN2520000CE.NFO,2024-11-21,11:46:00,2025-01-28,1.05,1.05,1.05,1.05,0,0,1
FINNIFTY28JAN2520000CE.NFO,2024-11-21,11:47:00,2025-01-28,1.05,1.05,1.05,1.05,0,0,1
FINNIFTY28JAN2520000CE.NFO,2024-11-21,11:48:00,2025-01-28,1.05,1.05,1.05,1.05,0,0,1
FINNIFTY28JAN2520000CE.NFO,2024-11-21,11:49:00,2025-01-28,1.05,1.05,1.05,1.05,0,0,1
FINNIFTY28JAN2520000CE.NFO,2024-11-21,11:50:00,2025-01-28,1.05,1.05,1.05,1.05,0,0,1
FINNIFTY28JAN2520000CE.NFO,2024-11-21,11:51:00,2025-01-28,1.05,1.05,1.05,1.05,0,0,1
FINNIFTY28JAN2520000CE.NFO,2024-11-21,11:52:00,2025-01-28,1.05,1.05,1.05,1.05,0,0,1
FINNIFTY28JAN2520000CE.NFO,2024-11-21,11:53:00,2025-01-28,1.05,1.05,1.05,1.05,0,0,1
FINNIFTY28JAN2520000CE.NFO,2024-11-21,11:54:00,2025-01-28,1.05,1.05,1.05,1.05,0,0,1
FINNIFTY28JAN2520000CE.NFO,2024-11-21,11:55:00,2025-01-28,1.05,1.05,1.05,1.05,0,0,1
FINNIFTY28JAN2520000CE.NFO,2024-11-21,11:56:00,2025-01-28,1.05,1.05,1.05,1.05,0,0,1
FINNIFTY28JAN2520000CE.NFO,2024-11-21,11:57:00,2025-01-28,1.05,1.05,1.05,1.05,0,0,1
FINNIFTY28JAN2520000CE.NFO,2024-11-21,11:58:00,2025-01-28,1.05,1.05,1.05,1.05,0,0,1
FINNIFTY28JAN2520000CE.NFO,2024-11-21,11:59:00,2025-01-28,1.05,1.05,1.05,1.05,0,0,1
FINNIFTY28JAN2520000CE.NFO,2024-11-21,12:00:00,2025-01-28,1.05,1.05,1.05,1.05,0,0,1
FINNIFTY28JAN2520000CE.NFO,2024-11-21,12:01:00,2025-01-28,1.05,1.05,1.05,1.05,0,0,1
FINNIFTY28JAN2520000CE.NFO,2024-11-21,12:02:00,2025-01-28,1.05,1.05,1.05,1.05,0,0,1
FINNIFTY28JAN2520000CE.NFO,2024-11-21,12:03:00,2025-01-28,1.05,1.05,1.05,1.05,0,0,1
FINNIFTY28JAN2520000CE.NFO,2024-11-21,12:04:00,2025-01-28,1.05,1.05,1.05,1.05,0,0,1
FINNIFTY28JAN2520000CE.NFO,2024-11-21,12:05:00,2025-01-28,1.05,1.05,1.05,1.05,0,0,1
FINNIFTY28JAN2520000CE.NFO,2024-11-21,12:06:00,2025-01-28,1.05,1.05,1.05,1.05,0,0,1
FINNIFTY28JAN2520000CE.NFO,2024-11-21,12:07:00,2025-01-28,1.05,1.05,1.05,1.05,0,0,1
FINNIFTY28JAN2520000CE.NFO,2024-11-21,12:08:00,2025-01-28,1.05,1.05,1.05,1.05,0,0,1
FINNIFTY28JAN2520000CE.NFO,2024-11-21,12:09:00,2025-01-28,1.05,1.05,1.05,1.05,0,0,1
FINNIFTY28JAN2520000CE.NFO,2024-11-21,12:10:00,2025-01-28,1.05,1.05,1.05,1.05,0,0,1
FINNIFTY28JAN2520000CE.NFO,2024-11-21,12:11:00,2025-01-28,1.05,1.05,1.05,1.05,0,0,1
FINNIFTY28JAN2520000CE.NFO,2024-11-21,12:12:00,2025-01-28,1.05,1.05,1.05,1.05,0,0,1
FINNIFTY28JAN2520000CE.NFO,2024-11-21,12:13:00,2025-01-28,1.05,1.05,1.05,1.05,0,0,1
FINNIFTY28JAN2520000CE.NFO,2024-11-21,12:14:00,2025-01-28,1.05,1.05,1.05,1.05,0,0,1
FINNIFTY28JAN2520000CE.NFO,2024-11-21,12:15:00,2025-01-28,1.05,1.05,1.05,1.05,0,0,1
FINNIFTY28JAN2520000CE.NFO,2024-11-21,12:16:00,2025-01-28,1.05,1.05,1.05,1.05,0,0,1
FINNIFTY28JAN2520000CE.NFO,2024-11-21,12:17:00,2025-01-28,1.05,1.05,1.05,1.05,0,0,1
FINNIFTY28JAN2520000CE.NFO,2024-11-21,12:18:00,2025-01-28,1.05,1.05,1.05,1.05,0,0,1
FINNIFTY28JAN2520000CE.NFO,2024-11-21,12:19:00,2025-01-28,1.05,1.05,1.05,1.05,0,0,1
FINNIFTY28JAN2520000CE.NFO,2024-11-21,12:20:00,2025-01-28,1.05,1.05,1.05,1.05,0,0,1
FINNIFTY28JAN2520000CE.NFO,2024-11-21,12:21:00,2025-01-28,1.05,1.05,1.05,1.05,0,0,1
FINNIFTY28JAN2520000CE.NFO,2024-11-21,12:22:00,2025-01-28,1.05,1.05,1.05,1.05,0,0,1
FINNIFTY28JAN2520000CE.NFO,2024-11-21,12:23:00,2025-01-28,1.05,1.05,1.05,1.05,0,0,1
FINNIFTY28JAN2520000CE.NFO,2024-11-21,12:24:00,2025-01-28,1.05,1.05,1.05,1.05,0,0,1
FINNIFTY28JAN2520000CE.NFO,2024-11-21,12:25:00,2025-01-28,1.05,1.05,1.05,1.05,0,0,1
FINNIFTY28JAN2520000CE.NFO,2024-11-21,12:26:00,2025-01-28,1.05,1.05,1.05,1.05,0,0,1
FINNIFTY28JAN2520000CE.NFO,2024-11-21,12:27:00,2025-01-28,1.05,1.05,1.05,1.05,0,0,1
FINNIFTY28JAN2520000CE.NFO,2024-11-21,12:28:00,2025-01-28,1.05,1.05,1.05,1.05,0,0,1
FINNIFTY28JAN2520000CE.NFO,2024-11-21,12:29:00,2025-01-28,1.05,1.05,1.05,1.05,0,0,1
FINNIFTY28JAN2520000CE.NFO,2024-11-21,12:30:00,2025-01-28,1.05,1.05,1.05,1.05,0,0,1
FINNIFTY28JAN2520000CE.NFO,2024-11-21,12:31:00,2025-01-28,1.05,1.05,1.05,1.05,0,0,1
FINNIFTY28JAN2520000CE.NFO,2024-11-21,12:32:00,2025-01-28,1.05,1.05,1.05,1.05,0,0,1
FINNIFTY28JAN2520000CE.NFO,2024-11-21,12:33:00,2025-01-28,1.05,1.05,1.05,1.05,0,0,1
FINNIFTY28JAN2520000CE.NFO,2024-11-21,12:34:00,2025-01-28,1.05,1.05,1.05,1.05,0,0,1
FINNIFTY28JAN2520000CE.NFO,2024-11-21,12:35:00,2025-01-28,1.05,1.05,1.05,1.05,0,0,1
FINNIFTY28JAN2520000CE.NFO,2024-11-21,12:36:00,2025-01-28,1.05,1.05,1.05,1.05,0,0,1
FINNIFTY28JAN2520000CE.NFO,2024-11-21,12:37:00,2025-01-28,1.05,1.05,1.05,1.05,0,0,1
FINNIFTY28JAN2520000CE.NFO,2024-11-21,12:38:00,2025-01-28,1.05,1.05,1.05,1.05,0,0,1
FINNIFTY28JAN2520000CE.NFO,2024-11-21,12:39:00,2025-01-28,1.05,1.05,1.05,1.05,0,0,1
FINNIFTY28JAN2520000CE.NFO,2024-11-21,12:40:00,2025-01-28,1.05,1.05,1.05,1.05,0,0,1
FINNIFTY28JAN2520000CE.NFO,2024-11-21,12:41:00,2025-01-28,1.05,1.05,1.05,1.05,0,0,1
FINNIFTY28JAN2520000CE.NFO,2024-11-21,12:42:00,2025-01-28,1.05,1.05,1.05,1.05,0,0,1
FINNIFTY28JAN2520000CE.NFO,2024-11-21,12:43:00,2025-01-28,1.05,1.05,1.05,1.05,0,0,1
FINNIFTY28JAN2520000CE.NFO,2024-11-21,12:44:00,2025-01-28,1.05,1.05,1.05,1.05,0,0,1
FINNIFTY28JAN2520000CE.NFO,2024-11-21,12:45:00,2025-01-28,1.05,1.05,1.05,1.05,0,0,1
FINNIFTY28JAN2520000CE.NFO,2024-11-21,12:46:00,2025-01-28,1.05,1.05,1.05,1.05,0,0,1
FINNIFTY28JAN2520000CE.NFO,2024-11-21,12:47:00,2025-01-28,1.05,1.05,1.05,1.05,0,0,1
FINNIFTY28JAN2520000CE.NFO,2024-11-21,12:48:00,2025-01-28,1.05,1.05,1.05,1.05,0,0,1
FINNIFTY28JAN2520000CE.NFO,2024-11-21,12:49:00,2025-01-28,1.05,1.05,1.05,1.05,0,0,1
FINNIFTY28JAN2520000CE.NFO,2024-11-21,12:50:00,2025-01-28,1.05,1.05,1.05,1.05,0,0,1
FINNIFTY28JAN2520000CE.NFO,2024-11-21,12:51:00,2025-01-28,1.05,1.05,1.05,1.05,0,0,1
FINNIFTY28JAN2520000CE.NFO,2024-11-21,12:52:00,2025-01-28,1.05,1.05,1.05,1.05,0,0,1
FINNIFTY28JAN2520000CE.NFO,2024-11-21,12:53:00,2025-01-28,1.05,1.05,1.05,1.05,0,0,1
FINNIFTY28JAN2520000CE.NFO,2024-11-21,12:54:00,2025-01-28,1.05,1.05,1.05,1.05,0,0,1
FINNIFTY28JAN2520000CE.NFO,2024-11-21,12:55:00,2025-01-28,1.05,1.05,1.05,1.05,0,0,1
FINNIFTY28JAN2520000CE.NFO,2024-11-21,12:56:00,2025-01-28,1.05,1.05,1.05,1.05,0,0,1
FINNIFTY28JAN2520000CE.NFO,2024-11-21,12:57:00,2025-01-28,1.05,1.05,1.05,1.05,0,0,1
FINNIFTY28JAN2520000CE.NFO,2024-11-21,12:58:00,2025-01-28,1.05,1.05,1.05,1.05,0,0,1
FINNIFTY28JAN2520000CE.NFO,2024-11-21,12:59:00,2025-01-28,1.05,1.05,1.05,1.05,0,0,1
FINNIFTY28JAN2520000CE.NFO,2024-11-21,13:00:00,2025-01-28,1.05,1.05,1.05,1.05,0,0,1
FINNIFTY28JAN2520000CE.NFO,2024-11-21,13:01:00,2025-01-28,1.05,1.05,1.05,1.05,0,0,1
FINNIFTY28JAN2520000CE.NFO,2024-11-21,13:02:00,2025-01-28,1.05,1.05,1.05,1.05,0,0,1
FINNIFTY28JAN2520000CE.NFO,2024-11-21,13:03:00,2025-01-28,1.05,1.05,1.05,1.05,0,0,1
FINNIFTY28JAN2520000CE.NFO,2024-11-21,13:04:00,2025-01-28,1.05,1.05,1.05,1.05,0,0,1
FINNIFTY28JAN2520000CE.NFO,2024-11-21,13:05:00,2025-01-28,1.05,1.05,1.05,1.05,0,0,1
FINNIFTY28JAN2520000CE.NFO,2024-11-21,13:06:00,2025-01-28,1.05,1.05,1.05,1.05,0,0,1
FINNIFTY28JAN2520000CE.NFO,2024-11-21,13:07:00,2025-01-28,1.05,1.05,1.05,1.05,0,0,1
FINNIFTY28JAN2520000CE.NFO,2024-11-21,13:08:00,2025-01-28,1.05,1.05,1.05,1.05,0,0,1
FINNIFTY28JAN2520000CE.NFO,2024-11-21,13:09:00,2025-01-28,1.05,1.05,1.05,1.05,0,0,1
FINNIFTY28JAN2520000CE.NFO,2024-11-21,13:10:00,2025-01-28,1.05,1.05,1.05,1.05,0,0,1
FINNIFTY28JAN2520000CE.NFO,2024-11-21,13:11:00,2025-01-28,1.05,1.05,1.05,1.05,0,0,1
FINNIFTY28JAN2520000CE.NFO,2024-11-21,13:12:00,2025-01-28,1.05,1.05,1.05,1.05,0,0,1
FINNIFTY28JAN2520000CE.NFO,2024-11-21,13:13:00,2025-01-28,1.05,1.05,1.05,1.05,0,0,1
FINNIFTY28JAN2520000CE.NFO,2024-11-21,13:14:00,2025-01-28,1.05,1.05,1.05,1.05,0,0,1
FINNIFTY28JAN2520000CE.NFO,2024-11-21,13:15:00,2025-01-28,1.05,1.05,1.05,1.05,0,0,1
FINNIFTY28JAN2520000CE.NFO,2024-11-21,13:16:00,2025-01-28,1.05,1.05,1.05,1.05,0,0,1
FINNIFTY28JAN2520000CE.NFO,2024-11-21,13:17:00,2025-01-28,1.05,1.05,1.05,1.05,0,0,1
FINNIFTY28JAN2520000CE.NFO,2024-11-21,13:18:00,2025-01-28,1.05,1.05,1.05,1.05,0,0,1
FINNIFTY28JAN2520000CE.NFO,2024-11-21,13:19:00,2025-01-28,1.05,1.05,1.05,1.05,0,0,1
FINNIFTY28JAN2520000CE.NFO,2024-11-21,13:20:00,2025-01-28,1.05,1.05,1.05,1.05,0,0,1
FINNIFTY28JAN2520000CE.NFO,2024-11-21,13:21:00,2025-01-28,1.05,1.05,1.05,1.05,0,0,1
FINNIFTY28JAN2520000CE.NFO,2024-11-21,13:22:00,2025-01-28,1.05,1.05,1.05,1.05,0,0,1
FINNIFTY28JAN2520000CE.NFO,2024-11-21,13:23:00,2025-01-28,1.05,1.05,1.05,1.05,0,0,1
FINNIFTY28JAN2520000CE.NFO,2024-11-21,13:24:00,2025-01-28,1.05,1.05,1.05,1.05,0,0,1
FINNIFTY28JAN2520000CE.NFO,2024-11-21,13:25:00,2025-01-28,1.05,1.05,1.05,1.05,0,0,1
FINNIFTY28JAN2520000CE.NFO,2024-11-21,13:26:00,2025-01-28,1.05,1.05,1.05,1.05,0,0,1
FINNIFTY28JAN2520000CE.NFO,2024-11-21,13:27:00,2025-01-28,1.05,1.05,1.05,1.05,0,0,1
FINNIFTY28JAN2520000CE.NFO,2024-11-21,13:28:00,2025-01-28,1.05,1.05,1.05,1.05,0,0,1
FINNIFTY28JAN2520000CE.NFO,2024-11-21,13:29:00,2025-01-28,1.05,1.05,1.05,1.05,0,0,1
FINNIFTY28JAN2520000CE.NFO,2024-11-21,13:30:00,2025-01-28,1.05,1.05,1.05,1.05,0,0,1
FINNIFTY28JAN2520000CE.NFO,2024-11-21,13:31:00,2025-01-28,1.05,1.05,1.05,1.05,0,0,1
FINNIFTY28JAN2520000CE.NFO,2024-11-21,13:32:00,2025-01-28,1.05,1.05,1.05,1.05,0,0,1
FINNIFTY28JAN2520000CE.NFO,2024-11-21,13:33:00,2025-01-28,1.05,1.05,1.05,1.05,0,0,1
FINNIFTY28JAN2520000CE.NFO,2024-11-21,13:34:00,2025-01-28,1.05,1.05,1.05,1.05,0,0,1
FINNIFTY28JAN2520000CE.NFO,2024-11-21,13:35:00,2025-01-28,1.05,1.05,1.05,1.05,0,0,1
FINNIFTY28JAN2520000CE.NFO,2024-11-21,13:36:00,2025-01-28,1.05,1.05,1.05,1.05,0,0,1
FINNIFTY28JAN2520000CE.NFO,2024-11-21,13:37:00,2025-01-28,1.05,1.05,1.05,1.05,0,0,1
FINNIFTY28JAN2520000CE.NFO,2024-11-21,13:38:00,2025-01-28,1.05,1.05,1.05,1.05,0,0,1
FINNIFTY28JAN2520000CE.NFO,2024-11-21,13:39:00,2025-01-28,1.05,1.05,1.05,1.05,0,0,1
FINNIFTY28JAN2520000CE.NFO,2024-11-21,13:40:00,2025-01-28,1.05,1.05,1.05,1.05,0,0,1
FINNIFTY28JAN2520000CE.NFO,2024-11-21,13:41:00,2025-01-28,1.05,1.05,1.05,1.05,0,0,1
FINNIFTY28JAN2520000CE.NFO,2024-11-21,13:42:00,2025-01-28,1.05,1.05,1.05,1.05,0,0,1
FINNIFTY28JAN2520000CE.NFO,2024-11-21,13:43:00,2025-01-28,1.05,1.05,1.05,1.05,0,0,1
FINNIFTY28JAN2520000CE.NFO,2024-11-21,13:44:00,2025-01-28,1.05,1.05,1.05,1.05,0,0,1
FINNIFTY28JAN2520000CE.NFO,2024-11-21,13:45:00,2025-01-28,1.05,1.05,1.05,1.05,0,0,1
FINNIFTY28JAN2520000CE.NFO,2024-11-21,13:46:00,2025-01-28,1.05,1.05,1.05,1.05,0,0,1
FINNIFTY28JAN2520000CE.NFO,2024-11-21,13:47:00,2025-01-28,1.05,1.05,1.05,1.05,0,0,1
FINNIFTY28JAN2520000CE.NFO,2024-11-21,13:48:00,2025-01-28,1.05,1.05,1.05,1.05,0,0,1
FINNIFTY28JAN2520000CE.NFO,2024-11-21,13:49:00,2025-01-28,1.05,1.05,1.05,1.05,0,0,1
FINNIFTY28JAN2520000CE.NFO,2024-11-21,13:50:00,2025-01-28,1.05,1.05,1.05,1.05,0,0,1
FINNIFTY28JAN2520000CE.NFO,2024-11-21,13:51:00,2025-01-28,1.05,1.05,1.05,1.05,0,0,1
FINNIFTY28JAN2520000CE.NFO,2024-11-21,13:52:00,2025-01-28,1.05,1.05,1.05,1.05,0,0,1
FINNIFTY28JAN2520000CE.NFO,2024-11-21,13:53:00,2025-01-28,1.05,1.05,1.05,1.05,0,0,1
FINNIFTY28JAN2520000CE.NFO,2024-11-21,13:54:00,2025-01-28,1.05,1.05,1.05,1.05,0,0,1
FINNIFTY28JAN2520000CE.NFO,2024-11-21,13:55:00,2025-01-28,1.05,1.05,1.05,1.05,0,0,1
FINNIFTY28JAN2520000CE.NFO,2024-11-21,13:56:00,2025-01-28,1.05,1.05,1.05,1.05,0,0,1
FINNIFTY28JAN2520000CE.NFO,2024-11-21,13:57:00,2025-01-28,1.05,1.05,1.05,1.05,0,0,1
FINNIFTY28JAN2520000CE.NFO,2024-11-21,13:58:00,2025-01-28,1.05,1.05,1.05,1.05,0,0,1
FINNIFTY28JAN2520000CE.NFO,2024-11-21,13:59:00,2025-01-28,1.05,1.05,1.05,1.05,0,0,1
FINNIFTY28JAN2520000CE.NFO,2024-11-21,14:00:00,2025-01-28,1.05,1.05,1.05,1.05,0,0,1
FINNIFTY28JAN2520000CE.NFO,2024-11-21,14:01:00,2025-01-28,1.05,1.05,1.05,1.05,0,0,1
FINNIFTY28JAN2520000CE.NFO,2024-11-21,14:02:00,2025-01-28,1.05,1.05,1.05,1.05,0,0,1
FINNIFTY28JAN2520000CE.NFO,2024-11-21,14:03:00,2025-01-28,1.05,1.05,1.05,1.05,0,0,1
FINNIFTY28JAN2520000CE.NFO,2024-11-21,14:04:00,2025-01-28,1.05,1.05,1.05,1.05,0,0,1
FINNIFTY28JAN2520000CE.NFO,2024-11-21,14:05:00,2025-01-28,1.05,1.05,1.05,1.05,0,0,1
FINNIFTY28JAN2520000CE.NFO,2024-11-21,14:06:00,2025-01-28,1.05,1.05,1.05,1.05,0,0,1
FINNIFTY28JAN2520000CE.NFO,2024-11-21,14:07:00,2025-01-28,1.05,1.05,1.05,1.05,0,0,1
FINNIFTY28JAN2520000CE.NFO,2024-11-21,14:08:00,2025-01-28,1.05,1.05,1.05,1.05,0,0,1
FINNIFTY28JAN2520000CE.NFO,2024-11-21,14:09:00,2025-01-28,1.05,1.05,1.05,1.05,0,0,1
FINNIFTY28JAN2520000CE.NFO,2024-11-21,14:10:00,2025-01-28,1.05,1.05,1.05,1.05,0,0,1
FINNIFTY28JAN2520000CE.NFO,2024-11-21,14:11:00,2025-01-28,1.05,1.05,1.05,1.05,0,0,1
FINNIFTY28JAN2520000CE.NFO,2024-11-21,14:12:00,2025-01-28,1.05,1.05,1.05,1.05,0,0,1
FINNIFTY28JAN2520000CE.NFO,2024-11-21,14:13:00,2025-01-28,1.05,1.05,1.05,1.05,0,0,1
FINNIFTY28JAN2520000CE.NFO,2024-11-21,14:14:00,2025-01-28,1.05,1.05,1.05,1.05,0,0,1
FINNIFTY28JAN2520000CE.NFO,2024-11-21,14:15:00,2025-01-28,1.05,1.05,1.05,1.05,0,0,1
FINNIFTY28JAN2520000CE.NFO,2024-11-21,14:16:00,2025-01-28,1.05,1.05,1.05,1.05,0,0,1
FINNIFTY28JAN2520000CE.NFO,2024-11-21,14:17:00,2025-01-28,1.05,1.05,1.05,1.05,0,0,1
FINNIFTY28JAN2520000CE.NFO,2024-11-21,14:18:00,2025-01-28,1.05,1.05,1.05,1.05,0,0,1
FINNIFTY28JAN2520000CE.NFO,2024-11-21,14:19:00,2025-01-28,1.05,1.05,1.05,1.05,0,0,1
FINNIFTY28JAN2520000CE.NFO,2024-11-21,14:20:00,2025-01-28,1.05,1.05,1.05,1.05,0,0,1
FINNIFTY28JAN2520000CE.NFO,2024-11-21,14:21:00,2025-01-28,1.05,1.05,1.05,1.05,0,0,1
FINNIFTY28JAN2520000CE.NFO,2024-11-21,14:22:00,2025-01-28,1.05,1.05,1.05,1.05,0,0,1
FINNIFTY28JAN2520000CE.NFO,2024-11-21,14:23:00,2025-01-28,1.05,1.05,1.05,1.05,0,0,1
FINNIFTY28JAN2520000CE.NFO,2024-11-21,14:24:00,2025-01-28,1.05,1.05,1.05,1.05,0,0,1
FINNIFTY28JAN2520000CE.NFO,2024-11-21,14:25:00,2025-01-28,1.05,1.05,1.05,1.05,0,0,1
FINNIFTY28JAN2520000CE.NFO,2024-11-21,14:26:00,2025-01-28,1.05,1.05,1.05,1.05,0,0,1
FINNIFTY28JAN2520000CE.NFO,2024-11-21,14:27:00,2025-01-28,1.05,1.05,1.05,1.05,0,0,1
FINNIFTY28JAN2520000CE.NFO,2024-11-21,14:28:00,2025-01-28,1.05,1.05,1.05,1.05,0,0,1
FINNIFTY28JAN2520000CE.NFO,2024-11-21,14:29:00,2025-01-28,1.05,1.05,1.05,1.05,0,0,1
FINNIFTY28JAN2520000CE.NFO,2024-11-21,14:30:00,2025-01-28,1.05,1.05,1.05,1.05,0,0,1
FINNIFTY28JAN2520000CE.NFO,2024-11-21,14:31:00,2025-01-28,1.05,1.05,1.05,1.05,0,0,1
FINNIFTY28JAN2520000CE.NFO,2024-11-21,14:32:00,2025-01-28,1.05,1.05,1.05,1.05,0,0,1
FINNIFTY28JAN2520000CE.NFO,2024-11-21,14:33:00,2025-01-28,1.05,1.05,1.05,1.05,0,0,1
FINNIFTY28JAN2520000CE.NFO,2024-11-21,14:34:00,2025-01-28,1.05,1.05,1.05,1.05,0,0,1
FINNIFTY28JAN2520000CE.NFO,2024-11-21,14:35:00,2025-01-28,1.05,1.05,1.05,1.05,0,0,1
FINNIFTY28JAN2520000CE.NFO,2024-11-21,14:36:00,2025-01-28,1.05,1.05,1.05,1.05,0,0,1
FINNIFTY28JAN2520000CE.NFO,2024-11-21,14:37:00,2025-01-28,1.05,1.05,1.05,1.05,0,0,1
FINNIFTY28JAN2520000CE.NFO,2024-11-21,14:38:00,2025-01-28,1.05,1.05,1.05,1.05,0,0,1
FINNIFTY28JAN2520000CE.NFO,2024-11-21,14:39:00,2025-01-28,1.05,1.05,1.05,1.05,0,0,1
FINNIFTY28JAN2520000CE.NFO,2024-11-21,14:40:00,2025-01-28,1.05,1.05,1.05,1.05,0,0,1
FINNIFTY28JAN2520000CE.NFO,2024-11-21,14:41:00,2025-01-28,1.05,1.05,1.05,1.05,0,0,1
FINNIFTY28JAN2520000CE.NFO,2024-11-21,14:42:00,2025-01-28,1.05,1.05,1.05,1.05,0,0,1
FINNIFTY28JAN2520000CE.NFO,2024-11-21,14:43:00,2025-01-28,1.05,1.05,1.05,1.05,0,0,1
FINNIFTY28JAN2520000CE.NFO,2024-11-21,14:44:00,2025-01-28,1.05,1.05,1.05,1.05,0,0,1
FINNIFTY28JAN2520000CE.NFO,2024-11-21,14:45:00,2025-01-28,1.05,1.05,1.05,1.05,0,0,1
FINNIFTY28JAN2520000CE.NFO,2024-11-21,14:46:00,2025-01-28,1.05,1.05,1.05,1.05,0,0,1
FINNIFTY28JAN2520000CE.NFO,2024-11-21,14:47:00,2025-01-28,1.05,1.05,1.05,1.05,0,0,1
FINNIFTY28JAN2520000CE.NFO,2024-11-21,14:48:00,2025-01-28,1.05,1.05,1.05,1.05,0,0,1
FINNIFTY28JAN2520000CE.NFO,2024-11-21,14:49:00,2025-01-28,1.05,1.05,1.05,1.05,0,0,1
FINNIFTY28JAN2520000CE.NFO,2024-11-21,14:50:00,2025-01-28,1.05,1.05,1.05,1.05,0,0,1
FINNIFTY28JAN2520000CE.NFO,2024-11-21,14:51:00,2025-01-28,1.05,1.05,1.05,1.05,0,0,1
FINNIFTY28JAN2520000CE.NFO,2024-11-21,14:52:00,2025-01-28,1.05,1.05,1.05,1.05,0,0,1
FINNIFTY28JAN2520000CE.NFO,2024-11-21,14:53:00,2025-01-28,1.05,1.05,1.05,1.05,0,0,1
FINNIFTY28JAN2520000CE.NFO,2024-11-21,14:54:00,2025-01-28,1.05,1.05,1.05,1.05,0,0,1
FINNIFTY28JAN2520000CE.NFO,2024-11-21,14:55:00,2025-01-28,1.05,1.05,1.05,1.05,0,0,1
FINNIFTY28JAN2520000CE.NFO,2024-11-21,14:56:00,2025-01-28,1.05,1.05,1.05,1.05,0,0,1
FINNIFTY28JAN2520000CE.NFO,2024-11-21,14:57:00,2025-01-28,1.05,1.05,1.05,1.05,0,0,1
FINNIFTY28JAN2520000CE.NFO,2024-11-21,14:58:00,2025-01-28,1.05,1.05,1.05,1.05,0,0,1
FINNIFTY28JAN2520000CE.NFO,2024-11-21,14:59:00,2025-01-28,1.05,1.05,1.05,1.05,0,0,1
FINNIFTY28JAN2520000CE.NFO,2024-11-21,15:00:00,2025-01-28,1.05,1.05,1.05,1.05,0,0,1
FINNIFTY28JAN2520000CE.NFO,2024-11-21,15:01:00,2025-01-28,1.05,1.05,1.05,1.05,0,0,1
FINNIFTY28JAN2520000CE.NFO,2024-11-21,15:02:00,2025-01-28,1.05,1.05,1.05,1.05,0,0,1
FINNIFTY28JAN2520000CE.NFO,2024-11-21,15:03:00,2025-01-28,1.05,1.05,1.05,1.05,0,0,1
FINNIFTY28JAN2520000CE.NFO,2024-11-21,15:04:00,2025-01-28,1.05,1.05,1.05,1.05,0,0,1
FINNIFTY28JAN2520000CE.NFO,2024-11-21,15:05:00,2025-01-28,1.05,1.05,1.05,1.05,0,0,1
FINNIFTY28JAN2520000CE.NFO,2024-11-21,15:06:00,2025-01-28,1.05,1.05,1.05,1.05,0,0,1
FINNIFTY28JAN2520000CE.NFO,2024-11-21,15:07:00,2025-01-28,1.05,1.05,1.05,1.05,0,0,1
FINNIFTY28JAN2520000CE.NFO,2024-11-21,15:08:00,2025-01-28,1.05,1.05,1.05,1.05,0,0,1
FINNIFTY28JAN2520000CE.NFO,2024-11-21,15:09:00,2025-01-28,1.05,1.05,1.05,1.05,0,0,1
FINNIFTY28JAN2520000CE.NFO,2024-11-21,15:10:00,2025-01-28,1.05,1.05,1.05,1.05,0,0,1
FINNIFTY28JAN2520000CE.NFO,2024-11-21,15:11:00,2025-01-28,1.05,1.05,1.05,1.05,0,0,1
FINNIFTY28JAN2520000CE.NFO,2024-11-21,15:12:00,2025-01-28,1.05,1.05,1.05,1.05,0,0,1
FINNIFTY28JAN2520000CE.NFO,2024-11-21,15:13:00,2025-01-28,1.05,1.05,1.05,1.05,0,0,1
FINNIFTY28JAN2520000CE.NFO,2024-11-21,15:14:00,2025-01-28,1.05,1.05,1.05,1.05,0,0,1
FINNIFTY28JAN2520000CE.NFO,2024-11-21,15:15:00,2025-01-28,1.05,1.05,1.05,1.05,0,0,1
FINNIFTY28JAN2520000CE.NFO,2024-11-21,15:16:00,2025-01-28,1.05,1.05,1.05,1.05,0,0,1
FINNIFTY28JAN2520000CE.NFO,2024-11-21,15:17:00,2025-01-28,1.05,1.05,1.05,1.05,0,0,1
FINNIFTY28JAN2520000CE.NFO,2024-11-21,15:18:00,2025-01-28,1.05,1.05,1.05,1.05,0,0,1
FINNIFTY28JAN2520000CE.NFO,2024-11-21,15:19:00,2025-01-28,1.05,1.05,1.05,1.05,0,0,1
FINNIFTY28JAN2520000CE.NFO,2024-11-21,15:20:00,2025-01-28,1.05,1.05,1.05,1.05,0,0,1
FINNIFTY28JAN2520000CE.NFO,2024-11-21,15:21:00,2025-01-28,1.05,1.05,1.05,1.05,0,0,1
FINNIFTY28JAN2520000CE.NFO,2024-11-21,15:22:00,2025-01-28,1.05,1.05,1.05,1.05,0,0,1
FINNIFTY28JAN2520000CE.NFO,2024-11-21,15:23:00,2025-01-28,1.05,1.05,1.05,1.05,0,0,1
FINNIFTY28JAN2520000CE.NFO,2024-11-21,15:24:00,2025-01-28,1.05,1.05,1.05,1.05,0,0,1
FINNIFTY28JAN2520000CE.NFO,2024-11-21,15:25:00,2025-01-28,1.05,1.05,1.05,1.05,0,0,1
FINNIFTY28JAN2520000CE.NFO,2024-11-21,15:26:00,2025-01-28,1.05,1.05,1.05,1.05,0,0,1
FINNIFTY28JAN2520000CE.NFO,2024-11-21,15:27:00,2025-01-28,1.05,1.05,1.05,1.05,0,0,1
FINNIFTY28JAN2520000CE.NFO,2024-11-21,15:28:00,2025-01-28,1.05,1.05,1.05,1.05,0,0,1
FINNIFTY28JAN2520000CE.NFO,2024-11-21,15:29:00,2025-01-28,1.05,1.05,1.05,1.05,0,0,1
FINNIFTY28JAN2520000CE.NFO,2024-11-21,15:30:00,2025-01-28,1.05,1.05,1.05,1.05,0,0,1
FINNIFTY28JAN2520000CE.NFO,2024-11-22,09:15:00,2025-01-28,1.05,1.05,1.05,1.05,0,0,0
FINNIFTY28JAN2520000CE.NFO,2024-11-22,09:16:00,2025-01-28,1.05,1.05,1.05,1.05,0,0,1
FINNIFTY28JAN2520000CE.NFO,2024-11-22,09:17:00,2025-01-28,1.05,1.05,1.05,1.05,0,0,1
FINNIFTY28JAN2520000CE.NFO,2024-11-22,09:18:00,2025-01-28,1.05,1.05,1.05,1.05,0,0,1
FINNIFTY28JAN2520000CE.NFO,2024-11-22,09:19:00,2025-01-28,1.05,1.05,1.05,1.05,0,0,1
FINNIFTY28JAN2520000CE.NFO,2024-11-22,09:20:00,2025-01-28,1.05,1.05,1.05,1.05,0,0,1
FINNIFTY28JAN2520000CE.NFO,2024-11-22,09:21:00,2025-01-28,1.05,1.05,1.05,1.05,0,0,1
FINNIFTY28JAN2520000CE.NFO,2024-11-22,09:22:00,2025-01-28,1.05,1.05,1.05,1.05,0,0,1
FINNIFTY28JAN2520000CE.NFO,2024-11-22,09:23:00,2025-01-28,1.05,1.05,1.05,1.05,0,0,1
FINNIFTY28JAN2520000CE.NFO,2024-11-22,09:24:00,2025-01-28,1.05,1.05,1.05,1.05,0,0,1
FINNIFTY28JAN2520000CE.NFO,2024-11-22,09:25:00,2025-01-28,1.05,1.05,1.05,1.05,0,0,1
FINNIFTY28JAN2520000CE.NFO,2024-11-22,09:26:00,2025-01-28,1.05,1.05,1.05,1.05,0,0,1
FINNIFTY28JAN2520000CE.NFO,2024-11-22,09:27:00,2025-01-28,1.05,1.05,1.05,1.05,0,0,1
FINNIFTY28JAN2520000CE.NFO,2024-11-22,09:28:00,2025-01-28,1.05,1.05,1.05,1.05,0,0,1
FINNIFTY28JAN2520000CE.NFO,2024-11-22,09:29:00,2025-01-28,1.05,1.05,1.05,1.05,0,0,1
FINNIFTY28JAN2520000CE.NFO,2024-11-22,09:30:00,2025-01-28,1.05,1.05,1.05,1.05,0,0,1
FINNIFTY28JAN2520000CE.NFO,2024-11-22,09:31:00,2025-01-28,1.05,1.05,1.05,1.05,0,0,1
FINNIFTY28JAN2520000CE.NFO,2024-11-22,09:32:00,2025-01-28,1.05,1.05,1.05,1.05,0,0,1
FINNIFTY28JAN2520000CE.NFO,2024-11-22,09:33:00,2025-01-28,1.05,1.05,1.05,1.05,0,0,1
FINNIFTY28JAN2520000CE.NFO,2024-11-22,09:34:00,2025-01-28,1.05,1.05,1.05,1.05,0,0,1
FINNIFTY28JAN2520000CE.NFO,2024-11-22,09:35:00,2025-01-28,1.05,1.05,1.05,1.05,0,0,1
FINNIFTY28JAN2520000CE.NFO,2024-11-22,09:36:00,2025-01-28,1.05,1.05,1.05,1.05,0,0,1
FINNIFTY28JAN2520000CE.NFO,2024-11-22,09:37:00,2025-01-28,1.05,1.05,1.05,1.05,0,0,1
FINNIFTY28JAN2520000CE.NFO,2024-11-22,09:38:00,2025-01-28,1.05,1.05,1.05,1.05,0,0,1
FINNIFTY28JAN2520000CE.NFO,2024-11-22,09:39:00,2025-01-28,1.05,1.05,1.05,1.05,0,0,1
FINNIFTY28JAN2520000CE.NFO,2024-11-22,09:40:00,2025-01-28,1.05,1.05,1.05,1.05,0,0,1
FINNIFTY28JAN2520000CE.NFO,2024-11-22,09:41:00,2025-01-28,1.05,1.05,1.05,1.05,0,0,1
FINNIFTY28JAN2520000CE.NFO,2024-11-22,09:42:00,2025-01-28,1.05,1.05,1.05,1.05,0,0,1
FINNIFTY28JAN2520000CE.NFO,2024-11-22,09:43:00,2025-01-28,1.05,1.05,1.05,1.05,0,0,1
FINNIFTY28JAN2520000CE.NFO,2024-11-22,09:44:00,2025-01-28,1.05,1.05,1.05,1.05,0,0,1
FINNIFTY28JAN2520000CE.NFO,2024-11-22,09:45:00,2025-01-28,1.05,1.05,1.05,1.05,0,0,1
FINNIFTY28JAN2520000CE.NFO,2024-11-22,09:46:00,2025-01-28,1.05,1.05,1.05,1.05,0,0,1
FINNIFTY28JAN2520000CE.NFO,2024-11-22,09:47:00,2025-01-28,1.05,1.05,1.05,1.05,0,0,1
FINNIFTY28JAN2520000CE.NFO,2024-11-22,09:48:00,2025-01-28,1.05,1.05,1.05,1.05,0,0,1
FINNIFTY28JAN2520000CE.NFO,2024-11-22,09:49:00,2025-01-28,1.05,1.05,1.05,1.05,0,0,1
FINNIFTY28JAN2520000CE.NFO,2024-11-22,09:50:00,2025-01-28,1.05,1.05,1.05,1.05,0,0,1
FINNIFTY28JAN2520000CE.NFO,2024-11-22,09:51:00,2025-01-28,1.05,1.05,1.05,1.05,0,0,1
FINNIFTY28JAN2520000CE.NFO,2024-11-22,09:52:00,2025-01-28,1.05,1.05,1.05,1.05,0,0,1
FINNIFTY28JAN2520000CE.NFO,2024-11-22,09:53:00,2025-01-28,1.05,1.05,1.05,1.05,0,0,1
FINNIFTY28JAN2520000CE.NFO,2024-11-22,09:54:00,2025-01-28,1.05,1.05,1.05,1.05,0,0,1
FINNIFTY28JAN2520000CE.NFO,2024-11-22,09:55:00,2025-01-28,1.05,1.05,1.05,1.05,0,0,1
FINNIFTY28JAN2520000CE.NFO,2024-11-22,09:56:00,2025-01-28,1.05,1.05,1.05,1.05,0,0,1
FINNIFTY28JAN2520000CE.NFO,2024-11-22,09:57:00,2025-01-28,1.05,1.05,1.05,1.05,0,0,1
FINNIFTY28JAN2520000CE.NFO,2024-11-22,09:58:00,2025-01-28,1.05,1.05,1.05,1.05,0,0,1
FINNIFTY28JAN2520000CE.NFO,2024-11-22,09:59:00,2025-01-28,1.05,1.05,1.05,1.05,0,0,1
FINNIFTY28JAN2520000CE.NFO,2024-11-22,10:00:00,2025-01-28,1.05,1.05,1.05,1.05,0,0,1
FINNIFTY28JAN2520000CE.NFO,2024-11-22,10:01:00,2025-01-28,1.05,1.05,1.05,1.05,0,0,1
FINNIFTY28JAN2520000CE.NFO,2024-11-22,10:02:00,2025-01-28,1.05,1.05,1.05,1.05,0,0,1
FINNIFTY28JAN2520000CE.NFO,2024-11-22,10:03:00,2025-01-28,1.05,1.05,1.05,1.05,0,0,1
FINNIFTY28JAN2520000CE.NFO,2024-11-22,10:04:00,2025-01-28,1.05,1.05,1.05,1.05,0,0,1
FINNIFTY28JAN2520000CE.NFO,2024-11-22,10:05:00,2025-01-28,1.05,1.05,1.05,1.05,0,0,1
FINNIFTY28JAN2520000CE.NFO,2024-11-22,10:06:00,2025-01-28,1.05,1.05,1.05,1.05,0,0,1
FINNIFTY28JAN2520000CE.NFO,2024-11-22,10:07:00,2025-01-28,1.05,1.05,1.05,1.05,0,0,1
FINNIFTY28JAN2520000CE.NFO,2024-11-22,10:08:00,2025-01-28,1.05,1.05,1.05,1.05,0,0,1
FINNIFTY28JAN2520000CE.NFO,2024-11-22,10:09:00,2025-01-28,1.05,1.05,1.05,1.05,0,0,1
FINNIFTY28JAN2520000CE.NFO,2024-11-22,10:10:00,2025-01-28,1.05,1.05,1.05,1.05,0,0,1
FINNIFTY28JAN2520000CE.NFO,2024-11-22,10:11:00,2025-01-28,1.05,1.05,1.05,1.05,0,0,1
FINNIFTY28JAN2520000CE.NFO,2024-11-22,10:12:00,2025-01-28,1.05,1.05,1.05,1.05,0,0,1
FINNIFTY28JAN2520000CE.NFO,2024-11-22,10:13:00,2025-01-28,1.05,1.05,1.05,1.05,0,0,1
FINNIFTY28JAN2520000CE.NFO,2024-11-22,10:14:00,2025-01-28,1.05,1.05,1.05,1.05,0,0,1
FINNIFTY28JAN2520000CE.NFO,2024-11-22,10:15:00,2025-01-28,1.05,1.05,1.05,1.05,0,0,1
FINNIFTY28JAN2520000CE.NFO,2024-11-22,10:16:00,2025-01-28,1.05,1.05,1.05,1.05,0,0,1
FINNIFTY28JAN2520000CE.NFO,2024-11-22,10:17:00,2025-01-28,1.05,1.05,1.05,1.05,0,0,1
FINNIFTY28JAN2520000CE.NFO,2024-11-22,10:18:00,2025-01-28,1.05,1.05,1.05,1.05,0,0,1
FINNIFTY28JAN2520000CE.NFO,2024-11-22,10:19:00,2025-01-28,1.05,1.05,1.05,1.05,0,0,1
FINNIFTY28JAN2520000CE.NFO,2024-11-22,10:20:00,2025-01-28,1.05,1.05,1.05,1.05,0,0,1
FINNIFTY28JAN2520000CE.NFO,2024-11-22,10:21:00,2025-01-28,1.05,1.05,1.05,1.05,0,0,1
FINNIFTY28JAN2520000CE.NFO,2024-11-22,10:22:00,2025-01-28,1.05,1.05,1.05,1.05,0,0,1
FINNIFTY28JAN2520000CE.NFO,2024-11-22,10:23:00,2025-01-28,1.05,1.05,1.05,1.05,0,0,1
FINNIFTY28JAN2520000CE.NFO,2024-11-22,10:24:00,2025-01-28,1.05,1.05,1.05,1.05,0,0,1
FINNIFTY28JAN2520000CE.NFO,2024-11-22,10:25:00,2025-01-28,1.05,1.05,1.05,1.05,0,0,1
FINNIFTY28JAN2520000CE.NFO,2024-11-22,10:26:00,2025-01-28,1.05,1.05,1.05,1.05,0,0,1
FINNIFTY28JAN2520000CE.NFO,2024-11-22,10:27:00,2025-01-28,1.05,1.05,1.05,1.05,0,0,1
FINNIFTY28JAN2520000CE.NFO,2024-11-22,10:28:00,2025-01-28,1.05,1.05,1.05,1.05,0,0,1
FINNIFTY28JAN2520000CE.NFO,2024-11-22,10:29:00,2025-01-28,1.05,1.05,1.05,1.05,0,0,1
FINNIFTY28JAN2520000CE.NFO,2024-11-22,10:30:00,2025-01-28,1.05,1.05,1.05,1.05,0,0,1
FINNIFTY28JAN2520000CE.NFO,2024-11-22,10:31:00,2025-01-28,1.05,1.05,1.05,1.05,0,0,1
FINNIFTY28JAN2520000CE.NFO,2024-11-22,10:32:00,2025-01-28,1.05,1.05,1.05,1.05,0,0,1
FINNIFTY28JAN2520000CE.NFO,2024-11-22,10:33:00,2025-01-28,1.05,1.05,1.05,1.05,0,0,1
FINNIFTY28JAN2520000CE.NFO,2024-11-22,10:34:00,2025-01-28,1.05,1.05,1.05,1.05,0,0,1
FINNIFTY28JAN2520000CE.NFO,2024-11-22,10:35:00,2025-01-28,1.05,1.05,1.05,1.05,0,0,1
FINNIFTY28JAN2520000CE.NFO,2024-11-22,10:36:00,2025-01-28,1.05,1.05,1.05,1.05,0,0,1
FINNIFTY28JAN2520000CE.NFO,2024-11-22,10:37:00,2025-01-28,1.05,1.05,1.05,1.05,0,0,1
FINNIFTY28JAN2520000CE.NFO,2024-11-22,10:38:00,2025-01-28,1.05,1.05,1.05,1.05,0,0,1
FINNIFTY28JAN2520000CE.NFO,2024-11-22,10:39:00,2025-01-28,1.05,1.05,1.05,1.05,0,0,1
FINNIFTY28JAN2520000CE.NFO,2024-11-22,10:40:00,2025-01-28,1.05,1.05,1.05,1.05,0,0,1
FINNIFTY28JAN2520000CE.NFO,2024-11-22,10:41:00,2025-01-28,1.05,1.05,1.05,1.05,0,0,1
FINNIFTY28JAN2520000CE.NFO,2024-11-22,10:42:00,2025-01-28,1.05,1.05,1.05,1.05,0,0,1
FINNIFTY28JAN2520000CE.NFO,2024-11-22,10:43:00,2025-01-28,1.05,1.05,1.05,1.05,0,0,1
FINNIFTY28JAN2520000CE.NFO,2024-11-22,10:44:00,2025-01-28,1.05,1.05,1.05,1.05,0,0,1
FINNIFTY28JAN2520000CE.NFO,2024-11-22,10:45:00,2025-01-28,1.05,1.05,1.05,1.05,0,0,1
FINNIFTY28JAN2520000CE.NFO,2024-11-22,10:46:00,2025-01-28,1.05,1.05,1.05,1.05,0,0,1
FINNIFTY28JAN2520000CE.NFO,2024-11-22,10:47:00,2025-01-28,1.05,1.05,1.05,1.05,0,0,1
FINNIFTY28JAN2520000CE.NFO,2024-11-22,10:48:00,2025-01-28,1.05,1.05,1.05,1.05,0,0,1
FINNIFTY28JAN2520000CE.NFO,2024-11-22,10:49:00,2025-01-28,1.05,1.05,1.05,1.05,0,0,1
FINNIFTY28JAN2520000CE.NFO,2024-11-22,10:50:00,2025-01-28,1.05,1.05,1.05,1.05,0,0,1
FINNIFTY28JAN2520000CE.NFO,2024-11-22,10:51:00,2025-01-28,1.05,1.05,1.05,1.05,0,0,1
FINNIFTY28JAN2520000CE.NFO,2024-11-22,10:52:00,2025-01-28,1.05,1.05,1.05,1.05,0,0,1
FINNIFTY28JAN2520000CE.NFO,2024-11-22,10:53:00,2025-01-28,1.05,1.05,1.05,1.05,0,0,1
FINNIFTY28JAN2520000CE.NFO,2024-11-22,10:54:00,2025-01-28,1.05,1.05,1.05,1.05,0,0,1
FINNIFTY28JAN2520000CE.NFO,2024-11-22,10:55:00,2025-01-28,1.05,1.05,1.05,1.05,0,0,1
FINNIFTY28JAN2520000CE.NFO,2024-11-22,10:56:00,2025-01-28,1.05,1.05,1.05,1.05,0,0,1
FINNIFTY28JAN2520000CE.NFO,2024-11-22,10:57:00,2025-01-28,1.05,1.05,1.05,1.05,0,0,1
FINNIFTY28JAN2520000CE.NFO,2024-11-22,10:58:00,2025-01-28,1.05,1.05,1.05,1.05,0,0,1
FINNIFTY28JAN2520000CE.NFO,2024-11-22,10:59:00,2025-01-28,1.05,1.05,1.05,1.05,0,0,1
FINNIFTY28JAN2520000CE.NFO,2024-11-22,11:00:00,2025-01-28,1.05,1.05,1.05,1.05,0,0,1
FINNIFTY28JAN2520000CE.NFO,2024-11-22,11:01:00,2025-01-28,1.05,1.05,1.05,1.05,0,0,1
FINNIFTY28JAN2520000CE.NFO,2024-11-22,11:02:00,2025-01-28,1.05,1.05,1.05,1.05,0,0,1
FINNIFTY28JAN2520000CE.NFO,2024-11-22,11:03:00,2025-01-28,1.05,1.05,1.05,1.05,0,0,1
FINNIFTY28JAN2520000CE.NFO,2024-11-22,11:04:00,2025-01-28,1.05,1.05,1.05,1.05,0,0,1
FINNIFTY28JAN2520000CE.NFO,2024-11-22,11:05:00,2025-01-28,1.05,1.05,1.05,1.05,0,0,1
FINNIFTY28JAN2520000CE.NFO,2024-11-22,11:06:00,2025-01-28,1.05,1.05,1.05,1.05,0,0,1
FINNIFTY28JAN2520000CE.NFO,2024-11-22,11:07:00,2025-01-28,1.05,1.05,1.05,1.05,0,0,1
FINNIFTY28JAN2520000CE.NFO,2024-11-22,11:08:00,2025-01-28,1.05,1.05,1.05,1.05,0,0,1
FINNIFTY28JAN2520000CE.NFO,2024-11-22,11:09:00,2025-01-28,1.05,1.05,1.05,1.05,0,0,1
FINNIFTY28JAN2520000CE.NFO,2024-11-22,11:10:00,2025-01-28,1.05,1.05,1.05,1.05,0,0,1
FINNIFTY28JAN2520000CE.NFO,2024-11-22,11:11:00,2025-01-28,1.05,1.05,1.05,1.05,0,0,1
FINNIFTY28JAN2520000CE.NFO,2024-11-22,11:12:00,2025-01-28,1.05,1.05,1.05,1.05,0,0,1
FINNIFTY28JAN2520000CE.NFO,2024-11-22,11:13:00,2025-01-28,1.05,1.05,1.05,1.05,0,0,1
FINNIFTY28JAN2520000CE.NFO,2024-11-22,11:14:00,2025-01-28,1.05,1.05,1.05,1.05,0,0,1
FINNIFTY28JAN2520000CE.NFO,2024-11-22,11:15:00,2025-01-28,1.05,1.05,1.05,1.05,0,0,1
FINNIFTY28JAN2520000CE.NFO,2024-11-22,11:16:00,2025-01-28,1.05,1.05,1.05,1.05,0,0,1
FINNIFTY28JAN2520000CE.NFO,2024-11-22,11:17:00,2025-01-28,1.05,1.05,1.05,1.05,0,0,1
FINNIFTY28JAN2520000CE.NFO,2024-11-22,11:18:00,2025-01-28,1.05,1.05,1.05,1.05,0,0,1
FINNIFTY28JAN2520000CE.NFO,2024-11-22,11:19:00,2025-01-28,1.05,1.05,1.05,1.05,0,0,1
FINNIFTY28JAN2520000CE.NFO,2024-11-22,11:20:00,2025-01-28,1.05,1.05,1.05,1.05,0,0,1
FINNIFTY28JAN2520000CE.NFO,2024-11-22,11:21:00,2025-01-28,1.05,1.05,1.05,1.05,0,0,1
FINNIFTY28JAN2520000CE.NFO,2024-11-22,11:22:00,2025-01-28,1.05,1.05,1.05,1.05,0,0,1
FINNIFTY28JAN2520000CE.NFO,2024-11-22,11:23:00,2025-01-28,1.05,1.05,1.05,1.05,0,0,1
FINNIFTY28JAN2520000CE.NFO,2024-11-22,11:24:00,2025-01-28,1.05,1.05,1.05,1.05,0,0,1
FINNIFTY28JAN2520000CE.NFO,2024-11-22,11:25:00,2025-01-28,1.05,1.05,1.05,1.05,0,0,1
FINNIFTY28JAN2520000CE.NFO,2024-11-22,11:26:00,2025-01-28,1.05,1.05,1.05,1.05,0,0,1
FINNIFTY28JAN2520000CE.NFO,2024-11-22,11:27:00,2025-01-28,1.05,1.05,1.05,1.05,0,0,1
FINNIFTY28JAN2520000CE.NFO,2024-11-22,11:28:00,2025-01-28,1.05,1.05,1.05,1.05,0,0,1
FINNIFTY28JAN2520000CE.NFO,2024-11-22,11:29:00,2025-01-28,1.05,1.05,1.05,1.05,0,0,1
FINNIFTY28JAN2520000CE.NFO,2024-11-22,11:30:00,2025-01-28,1.05,1.05,1.05,1.05,0,0,1
FINNIFTY28JAN2520000CE.NFO,2024-11-22,11:31:00,2025-01-28,1.05,1.05,1.05,1.05,0,0,1
FINNIFTY28JAN2520000CE.NFO,2024-11-22,11:32:00,2025-01-28,1.05,1.05,1.05,1.05,0,0,1
FINNIFTY28JAN2520000CE.NFO,2024-11-22,11:33:00,2025-01-28,1.05,1.05,1.05,1.05,0,0,1
FINNIFTY28JAN2520000CE.NFO,2024-11-22,11:34:00,2025-01-28,1.05,1.05,1.05,1.05,0,0,1
FINNIFTY28JAN2520000CE.NFO,2024-11-22,11:35:00,2025-01-28,1.05,1.05,1.05,1.05,0,0,1
FINNIFTY28JAN2520000CE.NFO,2024-11-22,11:36:00,2025-01-28,1.05,1.05,1.05,1.05,0,0,1
FINNIFTY28JAN2520000CE.NFO,2024-11-22,11:37:00,2025-01-28,1.05,1.05,1.05,1.05,0,0,1
FINNIFTY28JAN2520000CE.NFO,2024-11-22,11:38:00,2025-01-28,1.05,1.05,1.05,1.05,0,0,1
FINNIFTY28JAN2520000CE.NFO,2024-11-22,11:39:00,2025-01-28,1.05,1.05,1.05,1.05,0,0,1
FINNIFTY28JAN2520000CE.NFO,2024-11-22,11:40:00,2025-01-28,1.05,1.05,1.05,1.05,0,0,1
FINNIFTY28JAN2520000CE.NFO,2024-11-22,11:41:00,2025-01-28,1.05,1.05,1.05,1.05,0,0,1
FINNIFTY28JAN2520000CE.NFO,2024-11-22,11:42:00,2025-01-28,1.05,1.05,1.05,1.05,0,0,1
FINNIFTY28JAN2520000CE.NFO,2024-11-22,11:43:00,2025-01-28,1.05,1.05,1.05,1.05,0,0,1
FINNIFTY28JAN2520000CE.NFO,2024-11-22,11:44:00,2025-01-28,1.05,1.05,1.05,1.05,0,0,1
FINNIFTY28JAN2520000CE.NFO,2024-11-22,11:45:00,2025-01-28,1.05,1.05,1.05,1.05,0,0,1
FINNIFTY28JAN2520000CE.NFO,2024-11-22,11:46:00,2025-01-28,1.05,1.05,1.05,1.05,0,0,1
FINNIFTY28JAN2520000CE.NFO,2024-11-22,11:47:00,2025-01-28,1.05,1.05,1.05,1.05,0,0,1
FINNIFTY28JAN2520000CE.NFO,2024-11-22,11:48:00,2025-01-28,1.05,1.05,1.05,1.05,0,0,1
FINNIFTY28JAN2520000CE.NFO,2024-11-22,11:49:00,2025-01-28,1.05,1.05,1.05,1.05,0,0,1
FINNIFTY28JAN2520000CE.NFO,2024-11-22,11:50:00,2025-01-28,1.05,1.05,1.05,1.05,0,0,1
FINNIFTY28JAN2520000CE.NFO,2024-11-22,11:51:00,2025-01-28,1.05,1.05,1.05,1.05,0,0,1
FINNIFTY28JAN2520000CE.NFO,2024-11-22,11:52:00,2025-01-28,1.05,1.05,1.05,1.05,0,0,1
FINNIFTY28JAN2520000CE.NFO,2024-11-22,11:53:00,2025-01-28,1.05,1.05,1.05,1.05,0,0,1
FINNIFTY28JAN2520000CE.NFO,2024-11-22,11:54:00,2025-01-28,1.05,1.05,1.05,1.05,0,0,1
FINNIFTY28JAN2520000CE.NFO,2024-11-22,11:55:00,2025-01-28,1.05,1.05,1.05,1.05,0,0,1
FINNIFTY28JAN2520000CE.NFO,2024-11-22,11:56:00,2025-01-28,1.05,1.05,1.05,1.05,0,0,1
FINNIFTY28JAN2520000CE.NFO,2024-11-22,11:57:00,2025-01-28,1.05,1.05,1.05,1.05,0,0,1
FINNIFTY28JAN2520000CE.NFO,2024-11-22,11:58:00,2025-01-28,1.05,1.05,1.05,1.05,0,0,1
FINNIFTY28JAN2520000CE.NFO,2024-11-22,11:59:00,2025-01-28,1.05,1.05,1.05,1.05,0,0,1
FINNIFTY28JAN2520000CE.NFO,2024-11-22,12:00:00,2025-01-28,1.05,1.05,1.05,1.05,0,0,1
FINNIFTY28JAN2520000CE.NFO,2024-11-22,12:01:00,2025-01-28,1.05,1.05,1.05,1.05,0,0,1
FINNIFTY28JAN2520000CE.NFO,2024-11-22,12:02:00,2025-01-28,1.05,1.05,1.05,1.05,0,0,1
FINNIFTY28JAN2520000CE.NFO,2024-11-22,12:03:00,2025-01-28,1.05,1.05,1.05,1.05,0,0,1
FINNIFTY28JAN2520000CE.NFO,2024-11-22,12:04:00,2025-01-28,1.05,1.05,1.05,1.05,0,0,1
FINNIFTY28JAN2520000CE.NFO,2024-11-22,12:05:00,2025-01-28,1.05,1.05,1.05,1.05,0,0,1
FINNIFTY28JAN2520000CE.NFO,2024-11-22,12:06:00,2025-01-28,1.05,1.05,1.05,1.05,0,0,1
FINNIFTY28JAN2520000CE.NFO,2024-11-22,12:07:00,2025-01-28,1.05,1.05,1.05,1.05,0,0,1
FINNIFTY28JAN2520000CE.NFO,2024-11-22,12:08:00,2025-01-28,1.05,1.05,1.05,1.05,0,0,1
FINNIFTY28JAN2520000CE.NFO,2024-11-22,12:09:00,2025-01-28,1.05,1.05,1.05,1.05,0,0,1
FINNIFTY28JAN2520000CE.NFO,2024-11-22,12:10:00,2025-01-28,1.05,1.05,1.05,1.05,0,0,1
FINNIFTY28JAN2520000CE.NFO,2024-11-22,12:11:00,2025-01-28,1.05,1.05,1.05,1.05,0,0,1
FINNIFTY28JAN2520000CE.NFO,2024-11-22,12:12:00,2025-01-28,1.05,1.05,1.05,1.05,0,0,1
FINNIFTY28JAN2520000CE.NFO,2024-11-22,12:13:00,2025-01-28,1.05,1.05,1.05,1.05,0,0,1
FINNIFTY28JAN2520000CE.NFO,2024-11-22,12:14:00,2025-01-28,1.05,1.05,1.05,1.05,0,0,1
FINNIFTY28JAN2520000CE.NFO,2024-11-22,12:15:00,2025-01-28,1.05,1.05,1.05,1.05,0,0,1
FINNIFTY28JAN2520000CE.NFO,2024-11-22,12:16:00,2025-01-28,1.05,1.05,1.05,1.05,0,0,1
FINNIFTY28JAN2520000CE.NFO,2024-11-22,12:17:00,2025-01-28,1.05,1.05,1.05,1.05,0,0,1
FINNIFTY28JAN2520000CE.NFO,2024-11-22,12:18:00,2025-01-28,1.05,1.05,1.05,1.05,0,0,1
FINNIFTY28JAN2520000CE.NFO,2024-11-22,12:19:00,2025-01-28,1.05,1.05,1.05,1.05,0,0,1
FINNIFTY28JAN2520000CE.NFO,2024-11-22,12:20:00,2025-01-28,1.05,1.05,1.05,1.05,0,0,1
FINNIFTY28JAN2520000CE.NFO,2024-11-22,12:21:00,2025-01-28,1.05,1.05,1.05,1.05,0,0,1
FINNIFTY28JAN2520000CE.NFO,2024-11-22,12:22:00,2025-01-28,1.05,1.05,1.05,1.05,0,0,1
FINNIFTY28JAN2520000CE.NFO,2024-11-22,12:23:00,2025-01-28,1.05,1.05,1.05,1.05,0,0,1
FINNIFTY28JAN2520000CE.NFO,2024-11-22,12:24:00,2025-01-28,1.05,1.05,1.05,1.05,0,0,1
FINNIFTY28JAN2520000CE.NFO,2024-11-22,12:25:00,2025-01-28,1.05,1.05,1.05,1.05,0,0,1
FINNIFTY28JAN2520000CE.NFO,2024-11-22,12:26:00,2025-01-28,1.05,1.05,1.05,1.05,0,0,1
FINNIFTY28JAN2520000CE.NFO,2024-11-22,12:27:00,2025-01-28,1.05,1.05,1.05,1.05,0,0,1
FINNIFTY28JAN2520000CE.NFO,2024-11-22,12:28:00,2025-01-28,1.05,1.05,1.05,1.05,0,0,1
FINNIFTY28JAN2520000CE.NFO,2024-11-22,12:29:00,2025-01-28,1.05,1.05,1.05,1.05,0,0,1
FINNIFTY28JAN2520000CE.NFO,2024-11-22,12:30:00,2025-01-28,1.05,1.05,1.05,1.05,0,0,1
FINNIFTY28JAN2520000CE.NFO,2024-11-22,12:31:00,2025-01-28,1.05,1.05,1.05,1.05,0,0,1
FINNIFTY28JAN2520000CE.NFO,2024-11-22,12:32:00,2025-01-28,1.05,1.05,1.05,1.05,0,0,1
FINNIFTY28JAN2520000CE.NFO,2024-11-22,12:33:00,2025-01-28,1.05,1.05,1.05,1.05,0,0,1
FINNIFTY28JAN2520000CE.NFO,2024-11-22,12:34:00,2025-01-28,1.05,1.05,1.05,1.05,0,0,1
FINNIFTY28JAN2520000CE.NFO,2024-11-22,12:35:00,2025-01-28,1.05,1.05,1.05,1.05,0,0,1
FINNIFTY28JAN2520000CE.NFO,2024-11-22,12:36:00,2025-01-28,1.05,1.05,1.05,1.05,0,0,1
FINNIFTY28JAN2520000CE.NFO,2024-11-22,12:37:00,2025-01-28,1.05,1.05,1.05,1.05,0,0,1
FINNIFTY28JAN2520000CE.NFO,2024-11-22,12:38:00,2025-01-28,1.05,1.05,1.05,1.05,0,0,1
FINNIFTY28JAN2520000CE.NFO,2024-11-22,12:39:00,2025-01-28,1.05,1.05,1.05,1.05,0,0,1
FINNIFTY28JAN2520000CE.NFO,2024-11-22,12:40:00,2025-01-28,1.05,1.05,1.05,1.05,0,0,1
FINNIFTY28JAN2520000CE.NFO,2024-11-22,12:41:00,2025-01-28,1.05,1.05,1.05,1.05,0,0,1
FINNIFTY28JAN2520000CE.NFO,2024-11-22,12:42:00,2025-01-28,1.05,1.05,1.05,1.05,0,0,1
FINNIFTY28JAN2520000CE.NFO,2024-11-22,12:43:00,2025-01-28,1.05,1.05,1.05,1.05,0,0,1
FINNIFTY28JAN2520000CE.NFO,2024-11-22,12:44:00,2025-01-28,1.05,1.05,1.05,1.05,0,0,1
FINNIFTY28JAN2520000CE.NFO,2024-11-22,12:45:00,2025-01-28,1.05,1.05,1.05,1.05,0,0,1
FINNIFTY28JAN2520000CE.NFO,2024-11-22,12:46:00,2025-01-28,1.05,1.05,1.05,1.05,0,0,1
FINNIFTY28JAN2520000CE.NFO,2024-11-22,12:47:00,2025-01-28,1.05,1.05,1.05,1.05,0,0,1
FINNIFTY28JAN2520000CE.NFO,2024-11-22,12:48:00,2025-01-28,1.05,1.05,1.05,1.05,0,0,1
FINNIFTY28JAN2520000CE.NFO,2024-11-22,12:49:00,2025-01-28,1.05,1.05,1.05,1.05,0,0,1
FINNIFTY28JAN2520000CE.NFO,2024-11-22,12:50:00,2025-01-28,1.05,1.05,1.05,1.05,0,0,1
FINNIFTY28JAN2520000CE.NFO,2024-11-22,12:51:00,2025-01-28,1.05,1.05,1.05,1.05,0,0,1
FINNIFTY28JAN2520000CE.NFO,2024-11-22,12:52:00,2025-01-28,1.05,1.05,1.05,1.05,0,0,1
FINNIFTY28JAN2520000CE.NFO,2024-11-22,12:53:00,2025-01-28,1.05,1.05,1.05,1.05,0,0,1
FINNIFTY28JAN2520000CE.NFO,2024-11-22,12:54:00,2025-01-28,1.05,1.05,1.05,1.05,0,0,1
FINNIFTY28JAN2520000CE.NFO,2024-11-22,12:55:00,2025-01-28,1.05,1.05,1.05,1.05,0,0,1
FINNIFTY28JAN2520000CE.NFO,2024-11-22,12:56:00,2025-01-28,1.05,1.05,1.05,1.05,0,0,1
FINNIFTY28JAN2520000CE.NFO,2024-11-22,12:57:00,2025-01-28,1.05,1.05,1.05,1.05,0,0,1
FINNIFTY28JAN2520000CE.NFO,2024-11-22,12:58:00,2025-01-28,1.05,1.05,1.05,1.05,0,0,1
FINNIFTY28JAN2520000CE.NFO,2024-11-22,12:59:00,2025-01-28,1.05,1.05,1.05,1.05,0,0,1
FINNIFTY28JAN2520000CE.NFO,2024-11-22,13:00:00,2025-01-28,1.05,1.05,1.05,1.05,0,0,1
FINNIFTY28JAN2520000CE.NFO,2024-11-22,13:01:00,2025-01-28,1.05,1.05,1.05,1.05,0,0,1
FINNIFTY28JAN2520000CE.NFO,2024-11-22,13:02:00,2025-01-28,1.05,1.05,1.05,1.05,0,0,1
FINNIFTY28JAN2520000CE.NFO,2024-11-22,13:03:00,2025-01-28,1.05,1.05,1.05,1.05,0,0,1
FINNIFTY28JAN2520000CE.NFO,2024-11-22,13:04:00,2025-01-28,1.05,1.05,1.05,1.05,0,0,1
FINNIFTY28JAN2520000CE.NFO,2024-11-22,13:05:00,2025-01-28,1.05,1.05,1.05,1.05,0,0,1
FINNIFTY28JAN2520000CE.NFO,2024-11-22,13:06:00,2025-01-28,1.05,1.05,1.05,1.05,0,0,1
FINNIFTY28JAN2520000CE.NFO,2024-11-22,13:07:00,2025-01-28,1.05,1.05,1.05,1.05,0,0,1
FINNIFTY28JAN2520000CE.NFO,2024-11-22,13:08:00,2025-01-28,1.05,1.05,1.05,1.05,0,0,1
FINNIFTY28JAN2520000CE.NFO,2024-11-22,13:09:00,2025-01-28,1.05,1.05,1.05,1.05,0,0,1
FINNIFTY28JAN2520000CE.NFO,2024-11-22,13:10:00,2025-01-28,1.05,1.05,1.05,1.05,0,0,1
FINNIFTY28JAN2520000CE.NFO,2024-11-22,13:11:00,2025-01-28,1.05,1.05,1.05,1.05,0,0,1
FINNIFTY28JAN2520000CE.NFO,2024-11-22,13:12:00,2025-01-28,1.05,1.05,1.05,1.05,0,0,1
FINNIFTY28JAN2520000CE.NFO,2024-11-22,13:13:00,2025-01-28,1.05,1.05,1.05,1.05,0,0,1
FINNIFTY28JAN2520000CE.NFO,2024-11-22,13:14:00,2025-01-28,1.05,1.05,1.05,1.05,0,0,1
FINNIFTY28JAN2520000CE.NFO,2024-11-22,13:15:00,2025-01-28,1.05,1.05,1.05,1.05,0,0,1
FINNIFTY28JAN2520000CE.NFO,2024-11-22,13:16:00,2025-01-28,1.05,1.05,1.05,1.05,0,0,1
FINNIFTY28JAN2520000CE.NFO,2024-11-22,13:17:00,2025-01-28,1.05,1.05,1.05,1.05,0,0,1
FINNIFTY28JAN2520000CE.NFO,2024-11-22,13:18:00,2025-01-28,1.05,1.05,1.05,1.05,0,0,1
FINNIFTY28JAN2520000CE.NFO,2024-11-22,13:19:00,2025-01-28,1.05,1.05,1.05,1.05,0,0,1
FINNIFTY28JAN2520000CE.NFO,2024-11-22,13:20:00,2025-01-28,1.05,1.05,1.05,1.05,0,0,1
FINNIFTY28JAN2520000CE.NFO,2024-11-22,13:21:00,2025-01-28,1.05,1.05,1.05,1.05,0,0,1
FINNIFTY28JAN2520000CE.NFO,2024-11-22,13:22:00,2025-01-28,1.05,1.05,1.05,1.05,0,0,1
FINNIFTY28JAN2520000CE.NFO,2024-11-22,13:23:00,2025-01-28,1.05,1.05,1.05,1.05,0,0,1
FINNIFTY28JAN2520000CE.NFO,2024-11-22,13:24:00,2025-01-28,1.05,1.05,1.05,1.05,0,0,1
FINNIFTY28JAN2520000CE.NFO,2024-11-22,13:25:00,2025-01-28,1.05,1.05,1.05,1.05,0,0,1
FINNIFTY28JAN2520000CE.NFO,2024-11-22,13:26:00,2025-01-28,1.05,1.05,1.05,1.05,0,0,1
FINNIFTY28JAN2520000CE.NFO,2024-11-22,13:27:00,2025-01-28,1.05,1.05,1.05,1.05,0,0,1
FINNIFTY28JAN2520000CE.NFO,2024-11-22,13:28:00,2025-01-28,1.05,1.05,1.05,1.05,0,0,1
FINNIFTY28JAN2520000CE.NFO,2024-11-22,13:29:00,2025-01-28,1.05,1.05,1.05,1.05,0,0,1
FINNIFTY28JAN2520000CE.NFO,2024-11-22,13:30:00,2025-01-28,1.05,1.05,1.05,1.05,0,0,1
FINNIFTY28JAN2520000CE.NFO,2024-11-22,13:31:00,2025-01-28,1.05,1.05,1.05,1.05,0,0,1
FINNIFTY28JAN2520000CE.NFO,2024-11-22,13:32:00,2025-01-28,1.05,1.05,1.05,1.05,0,0,1
FINNIFTY28JAN2520000CE.NFO,2024-11-22,13:33:00,2025-01-28,1.05,1.05,1.05,1.05,0,0,1
FINNIFTY28JAN2520000CE.NFO,2024-11-22,13:34:00,2025-01-28,1.05,1.05,1.05,1.05,0,0,1
FINNIFTY28JAN2520000CE.NFO,2024-11-22,13:35:00,2025-01-28,1.05,1.05,1.05,1.05,0,0,1
FINNIFTY28JAN2520000CE.NFO,2024-11-22,13:36:00,2025-01-28,1.05,1.05,1.05,1.05,0,0,1
FINNIFTY28JAN2520000CE.NFO,2024-11-22,13:37:00,2025-01-28,1.05,1.05,1.05,1.05,0,0,1
FINNIFTY28JAN2520000CE.NFO,2024-11-22,13:38:00,2025-01-28,1.05,1.05,1.05,1.05,0,0,1
FINNIFTY28JAN2520000CE.NFO,2024-11-22,13:39:00,2025-01-28,1.05,1.05,1.05,1.05,0,0,1
FINNIFTY28JAN2520000CE.NFO,2024-11-22,13:40:00,2025-01-28,1.05,1.05,1.05,1.05,0,0,1
FINNIFTY28JAN2520000CE.NFO,2024-11-22,13:41:00,2025-01-28,1.05,1.05,1.05,1.05,0,0,1
FINNIFTY28JAN2520000CE.NFO,2024-11-22,13:42:00,2025-01-28,1.05,1.05,1.05,1.05,0,0,1
FINNIFTY28JAN2520000CE.NFO,2024-11-22,13:43:00,2025-01-28,1.05,1.05,1.05,1.05,0,0,1
FINNIFTY28JAN2520000CE.NFO,2024-11-22,13:44:00,2025-01-28,1.05,1.05,1.05,1.05,0,0,1
FINNIFTY28JAN2520000CE.NFO,2024-11-22,13:45:00,2025-01-28,1.05,1.05,1.05,1.05,0,0,1
FINNIFTY28JAN2520000CE.NFO,2024-11-22,13:46:00,2025-01-28,1.05,1.05,1.05,1.05,0,0,1
FINNIFTY28JAN2520000CE.NFO,2024-11-22,13:47:00,2025-01-28,1.05,1.05,1.05,1.05,0,0,1
FINNIFTY28JAN2520000CE.NFO,2024-11-22,13:48:00,2025-01-28,1.05,1.05,1.05,1.05,0,0,1
FINNIFTY28JAN2520000CE.NFO,2024-11-22,13:49:00,2025-01-28,1.05,1.05,1.05,1.05,0,0,1
FINNIFTY28JAN2520000CE.NFO,2024-11-22,13:50:00,2025-01-28,1.05,1.05,1.05,1.05,0,0,1
FINNIFTY28JAN2520000CE.NFO,2024-11-22,13:51:00,2025-01-28,1.05,1.05,1.05,1.05,0,0,1
FINNIFTY28JAN2520000CE.NFO,2024-11-22,13:52:00,2025-01-28,1.05,1.05,1.05,1.05,0,0,1
FINNIFTY28JAN2520000CE.NFO,2024-11-22,13:53:00,2025-01-28,1.05,1.05,1.05,1.05,0,0,1
FINNIFTY28JAN2520000CE.NFO,2024-11-22,13:54:00,2025-01-28,1.05,1.05,1.05,1.05,0,0,1
FINNIFTY28JAN2520000CE.NFO,2024-11-22,13:55:00,2025-01-28,1.05,1.05,1.05,1.05,0,0,1
FINNIFTY28JAN2520000CE.NFO,2024-11-22,13:56:00,2025-01-28,1.05,1.05,1.05,1.05,0,0,1
FINNIFTY28JAN2520000CE.NFO,2024-11-22,13:57:00,2025-01-28,1.05,1.05,1.05,1.05,0,0,1
FINNIFTY28JAN2520000CE.NFO,2024-11-22,13:58:00,2025-01-28,1.05,1.05,1.05,1.05,0,0,1
FINNIFTY28JAN2520000CE.NFO,2024-11-22,13:59:00,2025-01-28,1.05,1.05,1.05,1.05,0,0,1
FINNIFTY28JAN2520000CE.NFO,2024-11-22,14:00:00,2025-01-28,1.05,1.05,1.05,1.05,0,0,1
FINNIFTY28JAN2520000CE.NFO,2024-11-22,14:01:00,2025-01-28,1.05,1.05,1.05,1.05,0,0,1
FINNIFTY28JAN2520000CE.NFO,2024-11-22,14:02:00,2025-01-28,1.05,1.05,1.05,1.05,0,0,1
FINNIFTY28JAN2520000CE.NFO,2024-11-22,14:03:00,2025-01-28,1.05,1.05,1.05,1.05,0,0,1
FINNIFTY28JAN2520000CE.NFO,2024-11-22,14:04:00,2025-01-28,1.05,1.05,1.05,1.05,0,0,1
FINNIFTY28JAN2520000CE.NFO,2024-11-22,14:05:00,2025-01-28,1.05,1.05,1.05,1.05,0,0,1
FINNIFTY28JAN2520000CE.NFO,2024-11-22,14:06:00,2025-01-28,1.05,1.05,1.05,1.05,0,0,1
FINNIFTY28JAN2520000CE.NFO,2024-11-22,14:07:00,2025-01-28,1.05,1.05,1.05,1.05,0,0,1
FINNIFTY28JAN2520000CE.NFO,2024-11-22,14:08:00,2025-01-28,1.05,1.05,1.05,1.05,0,0,1
FINNIFTY28JAN2520000CE.NFO,2024-11-22,14:09:00,2025-01-28,1.05,1.05,1.05,1.05,0,0,1
FINNIFTY28JAN2520000CE.NFO,2024-11-22,14:10:00,2025-01-28,1.05,1.05,1.05,1.05,0,0,1
FINNIFTY28JAN2520000CE.NFO,2024-11-22,14:11:00,2025-01-28,1.05,1.05,1.05,1.05,0,0,1
FINNIFTY28JAN2520000CE.NFO,2024-11-22,14:12:00,2025-01-28,1.05,1.05,1.05,1.05,0,0,1
FINNIFTY28JAN2520000CE.NFO,2024-11-22,14:13:00,2025-01-28,1.05,1.05,1.05,1.05,0,0,1
FINNIFTY28JAN2520000CE.NFO,2024-11-22,14:14:00,2025-01-28,1.05,1.05,1.05,1.05,0,0,1
FINNIFTY28JAN2520000CE.NFO,2024-11-22,14:15:00,2025-01-28,1.05,1.05,1.05,1.05,0,0,1
FINNIFTY28JAN2520000CE.NFO,2024-11-22,14:16:00,2025-01-28,1.05,1.05,1.05,1.05,0,0,1
FINNIFTY28JAN2520000CE.NFO,2024-11-22,14:17:00,2025-01-28,1.05,1.05,1.05,1.05,0,0,1
FINNIFTY28JAN2520000CE.NFO,2024-11-22,14:18:00,2025-01-28,1.05,1.05,1.05,1.05,0,0,1
FINNIFTY28JAN2520000CE.NFO,2024-11-22,14:19:00,2025-01-28,1.05,1.05,1.05,1.05,0,0,1
FINNIFTY28JAN2520000CE.NFO,2024-11-22,14:20:00,2025-01-28,1.05,1.05,1.05,1.05,0,0,1
FINNIFTY28JAN2520000CE.NFO,2024-11-22,14:21:00,2025-01-28,1.05,1.05,1.05,1.05,0,0,1
FINNIFTY28JAN2520000CE.NFO,2024-11-22,14:22:00,2025-01-28,1.05,1.05,1.05,1.05,0,0,1
FINNIFTY28JAN2520000CE.NFO,2024-11-22,14:23:00,2025-01-28,1.05,1.05,1.05,1.05,0,0,1
FINNIFTY28JAN2520000CE.NFO,2024-11-22,14:24:00,2025-01-28,1.05,1.05,1.05,1.05,0,0,1
FINNIFTY28JAN2520000CE.NFO,2024-11-22,14:25:00,2025-01-28,1.05,1.05,1.05,1.05,0,0,1
FINNIFTY28JAN2520000CE.NFO,2024-11-22,14:26:00,2025-01-28,1.05,1.05,1.05,1.05,0,0,1
FINNIFTY28JAN2520000CE.NFO,2024-11-22,14:27:00,2025-01-28,1.05,1.05,1.05,1.05,0,0,1
FINNIFTY28JAN2520000CE.NFO,2024-11-22,14:28:00,2025-01-28,1.05,1.05,1.05,1.05,0,0,1
FINNIFTY28JAN2520000CE.NFO,2024-11-22,14:29:00,2025-01-28,1.05,1.05,1.05,1.05,0,0,1
FINNIFTY28JAN2520000CE.NFO,2024-11-22,14:30:00,2025-01-28,1.05,1.05,1.05,1.05,0,0,1
FINNIFTY28JAN2520000CE.NFO,2024-11-22,14:31:00,2025-01-28,1.05,1.05,1.05,1.05,0,0,1
FINNIFTY28JAN2520000CE.NFO,2024-11-22,14:32:00,2025-01-28,1.05,1.05,1.05,1.05,0,0,1
FINNIFTY28JAN2520000CE.NFO,2024-11-22,14:33:00,2025-01-28,1.05,1.05,1.05,1.05,0,0,1
FINNIFTY28JAN2520000CE.NFO,2024-11-22,14:34:00,2025-01-28,1.05,1.05,1.05,1.05,0,0,1
FINNIFTY28JAN2520000CE.NFO,2024-11-22,14:35:00,2025-01-28,1.05,1.05,1.05,1.05,0,0,1
FINNIFTY28JAN2520000CE.NFO,2024-11-22,14:36:00,2025-01-28,1.05,1.05,1.05,1.05,0,0,1
FINNIFTY28JAN2520000CE.NFO,2024-11-22,14:37:00,2025-01-28,1.05,1.05,1.05,1.05,0,0,1
FINNIFTY28JAN2520000CE.NFO,2024-11-22,14:38:00,2025-01-28,1.05,1.05,1.05,1.05,0,0,1
FINNIFTY28JAN2520000CE.NFO,2024-11-22,14:39:00,2025-01-28,1.05,1.05,1.05,1.05,0,0,1
FINNIFTY28JAN2520000CE.NFO,2024-11-22,14:40:00,2025-01-28,1.05,1.05,1.05,1.05,0,0,1
FINNIFTY28JAN2520000CE.NFO,2024-11-22,14:41:00,2025-01-28,1.05,1.05,1.05,1.05,0,0,1
FINNIFTY28JAN2520000CE.NFO,2024-11-22,14:42:00,2025-01-28,1.05,1.05,1.05,1.05,0,0,1
FINNIFTY28JAN2520000CE.NFO,2024-11-22,14:43:00,2025-01-28,1.05,1.05,1.05,1.05,0,0,1
FINNIFTY28JAN2520000CE.NFO,2024-11-22,14:44:00,2025-01-28,1.05,1.05,1.05,1.05,0,0,1
FINNIFTY28JAN2520000CE.NFO,2024-11-22,14:45:00,2025-01-28,1.05,1.05,1.05,1.05,0,0,1
FINNIFTY28JAN2520000CE.NFO,2024-11-22,14:46:00,2025-01-28,1.05,1.05,1.05,1.05,0,0,1
FINNIFTY28JAN2520000CE.NFO,2024-11-22,14:47:00,2025-01-28,1.05,1.05,1.05,1.05,0,0,1
FINNIFTY28JAN2520000CE.NFO,2024-11-22,14:48:00,2025-01-28,1.05,1.05,1.05,1.05,0,0,1
FINNIFTY28JAN2520000CE.NFO,2024-11-22,14:49:00,2025-01-28,1.05,1.05,1.05,1.05,0,0,1
FINNIFTY28JAN2520000CE.NFO,2024-11-22,14:50:00,2025-01-28,1.05,1.05,1.05,1.05,0,0,1
FINNIFTY28JAN2520000CE.NFO,2024-11-22,14:51:00,2025-01-28,1.05,1.05,1.05,1.05,0,0,1
FINNIFTY28JAN2520000CE.NFO,2024-11-22,14:52:00,2025-01-28,1.05,1.05,1.05,1.05,0,0,1
FINNIFTY28JAN2520000CE.NFO,2024-11-22,14:53:00,2025-01-28,1.05,1.05,1.05,1.05,0,0,1
FINNIFTY28JAN2520000CE.NFO,2024-11-22,14:54:00,2025-01-28,1.05,1.05,1.05,1.05,0,0,1
FINNIFTY28JAN2520000CE.NFO,2024-11-22,14:55:00,2025-01-28,1.05,1.05,1.05,1.05,0,0,1
FINNIFTY28JAN2520000CE.NFO,2024-11-22,14:56:00,2025-01-28,1.05,1.05,1.05,1.05,0,0,1
FINNIFTY28JAN2520000CE.NFO,2024-11-22,14:57:00,2025-01-28,1.05,1.05,1.05,1.05,0,0,1
FINNIFTY28JAN2520000CE.NFO,2024-11-22,14:58:00,2025-01-28,1.05,1.05,1.05,1.05,0,0,1
FINNIFTY28JAN2520000CE.NFO,2024-11-22,14:59:00,2025-01-28,1.05,1.05,1.05,1.05,0,0,1
FINNIFTY28JAN2520000CE.NFO,2024-11-22,15:00:00,2025-01-28,1.05,1.05,1.05,1.05,0,0,1
FINNIFTY28JAN2520000CE.NFO,2024-11-22,15:01:00,2025-01-28,1.05,1.05,1.05,1.05,0,0,1
FINNIFTY28JAN2520000CE.NFO,2024-11-22,15:02:00,2025-01-28,1.05,1.05,1.05,1.05,0,0,1
FINNIFTY28JAN2520000CE.NFO,2024-11-22,15:03:00,2025-01-28,1.05,1.05,1.05,1.05,0,0,1
FINNIFTY28JAN2520000CE.NFO,2024-11-22,15:04:00,2025-01-28,1.05,1.05,1.05,1.05,0,0,1
FINNIFTY28JAN2520000CE.NFO,2024-11-22,15:05:00,2025-01-28,1.05,1.05,1.05,1.05,0,0,1
FINNIFTY28JAN2520000CE.NFO,2024-11-22,15:06:00,2025-01-28,1.05,1.05,1.05,1.05,0,0,1
FINNIFTY28JAN2520000CE.NFO,2024-11-22,15:07:00,2025-01-28,1.05,1.05,1.05,1.05,0,0,1
FINNIFTY28JAN2520000CE.NFO,2024-11-22,15:08:00,2025-01-28,1.05,1.05,1.05,1.05,0,0,1
FINNIFTY28JAN2520000CE.NFO,2024-11-22,15:09:00,2025-01-28,1.05,1.05,1.05,1.05,0,0,1
FINNIFTY28JAN2520000CE.NFO,2024-11-22,15:10:00,2025-01-28,1.05,1.05,1.05,1.05,0,0,1
FINNIFTY28JAN2520000CE.NFO,2024-11-22,15:11:00,2025-01-28,1.05,1.05,1.05,1.05,0,0,1
FINNIFTY28JAN2520000CE.NFO,2024-11-22,15:12:00,2025-01-28,1.05,1.05,1.05,1.05,0,0,1
FINNIFTY28JAN2520000CE.NFO,2024-11-22,15:13:00,2025-01-28,1.05,1.05,1.05,1.05,0,0,1
FINNIFTY28JAN2520000CE.NFO,2024-11-22,15:14:00,2025-01-28,1.05,1.05,1.05,1.05,0,0,1
FINNIFTY28JAN2520000CE.NFO,2024-11-22,15:15:00,2025-01-28,1.05,1.05,1.05,1.05,0,0,1
FINNIFTY28JAN2520000CE.NFO,2024-11-22,15:16:00,2025-01-28,1.05,1.05,1.05,1.05,0,0,1
FINNIFTY28JAN2520000CE.NFO,2024-11-22,15:17:00,2025-01-28,1.05,1.05,1.05,1.05,0,0,1
FINNIFTY28JAN2520000CE.NFO,2024-11-22,15:18:00,2025-01-28,1.05,1.05,1.05,1.05,0,0,1
FINNIFTY28JAN2520000CE.NFO,2024-11-22,15:19:00,2025-01-28,1.05,1.05,1.05,1.05,0,0,1
FINNIFTY28JAN2520000CE.NFO,2024-11-22,15:20:00,2025-01-28,1.05,1.05,1.05,1.05,0,0,1
FINNIFTY28JAN2520000CE.NFO,2024-11-22,15:21:00,2025-01-28,1.05,1.05,1.05,1.05,0,0,1
FINNIFTY28JAN2520000CE.NFO,2024-11-22,15:22:00,2025-01-28,1.05,1.05,1.05,1.05,0,0,1
FINNIFTY28JAN2520000CE.NFO,2024-11-22,15:23:00,2025-01-28,1.05,1.05,1.05,1.05,0,0,1
FINNIFTY28JAN2520000CE.NFO,2024-11-22,15:24:00,2025-01-28,1.05,1.05,1.05,1.05,0,0,1
FINNIFTY28JAN2520000CE.NFO,2024-11-22,15:25:00,2025-01-28,1.05,1.05,1.05,1.05,0,0,1
FINNIFTY28JAN2520000CE.NFO,2024-11-22,15:26:00,2025-01-28,1.05,1.05,1.05,1.05,0,0,1
FINNIFTY28JAN2520000CE.NFO,2024-11-22,15:27:00,2025-01-28,1.05,1.05,1.05,1.05,0,0,1
FINNIFTY28JAN2520000CE.NFO,2024-11-22,15:28:00,2025-01-28,1.05,1.05,1.05,1.05,0,0,1
FINNIFTY28JAN2520000CE.NFO,2024-11-22,15:29:00,2025-01-28,1.05,1.05,1.05,1.05,0,0,1
FINNIFTY28JAN2520000CE.NFO,2024-11-22,15:30:00,2025-01-28,1.05,1.05,1.05,1.05,0,0,1
FINNIFTY28JAN2520000CE.NFO,2024-11-25,09:15:00,2025-01-28,1.05,1.05,1.05,1.05,0,0,0
FINNIFTY28JAN2520000CE.NFO,2024-11-25,09:16:00,2025-01-28,1.05,1.05,1.05,1.05,0,0,1
FINNIFTY28JAN2520000CE.NFO,2024-11-25,09:17:00,2025-01-28,1.05,1.05,1.05,1.05,0,0,1
FINNIFTY28JAN2520000CE.NFO,2024-11-25,09:18:00,2025-01-28,1.05,1.05,1.05,1.05,0,0,1
FINNIFTY28JAN2520000CE.NFO,2024-11-25,09:19:00,2025-01-28,1.05,1.05,1.05,1.05,0,0,1
FINNIFTY28JAN2520000CE.NFO,2024-11-25,09:20:00,2025-01-28,1.05,1.05,1.05,1.05,0,0,1
FINNIFTY28JAN2520000CE.NFO,2024-11-25,09:21:00,2025-01-28,1.05,1.05,1.05,1.05,0,0,1
FINNIFTY28JAN2520000CE.NFO,2024-11-25,09:22:00,2025-01-28,1.05,1.05,1.05,1.05,0,0,1
FINNIFTY28JAN2520000CE.NFO,2024-11-25,09:23:00,2025-01-28,1.05,1.05,1.05,1.05,0,0,1
FINNIFTY28JAN2520000CE.NFO,2024-11-25,09:24:00,2025-01-28,1.05,1.05,1.05,1.05,0,0,1
FINNIFTY28JAN2520000CE.NFO,2024-11-25,09:25:00,2025-01-28,1.05,1.05,1.05,1.05,0,0,1
FINNIFTY28JAN2520000CE.NFO,2024-11-25,09:26:00,2025-01-28,1.05,1.05,1.05,1.05,0,0,1
FINNIFTY28JAN2520000CE.NFO,2024-11-25,09:27:00,2025-01-28,1.05,1.05,1.05,1.05,0,0,1
FINNIFTY28JAN2520000CE.NFO,2024-11-25,09:28:00,2025-01-28,1.05,1.05,1.05,1.05,0,0,1
FINNIFTY28JAN2520000CE.NFO,2024-11-25,09:29:00,2025-01-28,1.05,1.05,1.05,1.05,0,0,1
FINNIFTY28JAN2520000CE.NFO,2024-11-25,09:30:00,2025-01-28,1.05,1.05,1.05,1.05,0,0,1
FINNIFTY28JAN2520000CE.NFO,2024-11-25,09:31:00,2025-01-28,1.05,1.05,1.05,1.05,0,0,1
FINNIFTY28JAN2520000CE.NFO,2024-11-25,09:32:00,2025-01-28,1.05,1.05,1.05,1.05,0,0,1
FINNIFTY28JAN2520000CE.NFO,2024-11-25,09:33:00,2025-01-28,1.05,1.05,1.05,1.05,0,0,1
FINNIFTY28JAN2520000CE.NFO,2024-11-25,09:34:00,2025-01-28,1.05,1.05,1.05,1.05,0,0,1
FINNIFTY28JAN2520000CE.NFO,2024-11-25,09:35:00,2025-01-28,1.05,1.05,1.05,1.05,0,0,1
FINNIFTY28JAN2520000CE.NFO,2024-11-25,09:36:00,2025-01-28,1.05,1.05,1.05,1.05,0,0,1
FINNIFTY28JAN2520000CE.NFO,2024-11-25,09:37:00,2025-01-28,1.05,1.05,1.05,1.05,0,0,1
FINNIFTY28JAN2520000CE.NFO,2024-11-25,09:38:00,2025-01-28,1.05,1.05,1.05,1.05,0,0,1
FINNIFTY28JAN2520000CE.NFO,2024-11-25,09:39:00,2025-01-28,1.05,1.05,1.05,1.05,0,0,1
FINNIFTY28JAN2520000CE.NFO,2024-11-25,09:40:00,2025-01-28,1.05,1.05,1.05,1.05,0,0,1
FINNIFTY28JAN2520000CE.NFO,2024-11-25,09:41:00,2025-01-28,1.05,1.05,1.05,1.05,0,0,1
FINNIFTY28JAN2520000CE.NFO,2024-11-25,09:42:00,2025-01-28,1.05,1.05,1.05,1.05,0,0,1
FINNIFTY28JAN2520000CE.NFO,2024-11-25,09:43:00,2025-01-28,1.05,1.05,1.05,1.05,0,0,1
FINNIFTY28JAN2520000CE.NFO,2024-11-25,09:44:00,2025-01-28,1.05,1.05,1.05,1.05,0,0,1
FINNIFTY28JAN2520000CE.NFO,2024-11-25,09:45:00,2025-01-28,1.05,1.05,1.05,1.05,0,0,1
FINNIFTY28JAN2520000CE.NFO,2024-11-25,09:46:00,2025-01-28,1.05,1.05,1.05,1.05,0,0,1
FINNIFTY28JAN2520000CE.NFO,2024-11-25,09:47:00,2025-01-28,1.05,1.05,1.05,1.05,0,0,1
FINNIFTY28JAN2520000CE.NFO,2024-11-25,09:48:00,2025-01-28,1.05,1.05,1.05,1.05,0,0,1
FINNIFTY28JAN2520000CE.NFO,2024-11-25,09:49:00,2025-01-28,1.05,1.05,1.05,1.05,0,0,1
FINNIFTY28JAN2520000CE.NFO,2024-11-25,09:50:00,2025-01-28,1.05,1.05,1.05,1.05,0,0,1
FINNIFTY28JAN2520000CE.NFO,2024-11-25,09:51:00,2025-01-28,1.05,1.05,1.05,1.05,0,0,1
FINNIFTY28JAN2520000CE.NFO,2024-11-25,09:52:00,2025-01-28,1.05,1.05,1.05,1.05,0,0,1
FINNIFTY28JAN2520000CE.NFO,2024-11-25,09:53:00,2025-01-28,1.05,1.05,1.05,1.05,0,0,1
FINNIFTY28JAN2520000CE.NFO,2024-11-25,09:54:00,2025-01-28,1.05,1.05,1.05,1.05,0,0,1
FINNIFTY28JAN2520000CE.NFO,2024-11-25,09:55:00,2025-01-28,1.05,1.05,1.05,1.05,0,0,1
FINNIFTY28JAN2520000CE.NFO,2024-11-25,09:56:00,2025-01-28,1.05,1.05,1.05,1.05,0,0,1
FINNIFTY28JAN2520000CE.NFO,2024-11-25,09:57:00,2025-01-28,1.05,1.05,1.05,1.05,0,0,1
FINNIFTY28JAN2520000CE.NFO,2024-11-25,09:58:00,2025-01-28,1.05,1.05,1.05,1.05,0,0,1
FINNIFTY28JAN2520000CE.NFO,2024-11-25,09:59:00,2025-01-28,1.05,1.05,1.05,1.05,0,0,1
FINNIFTY28JAN2520000CE.NFO,2024-11-25,10:00:00,2025-01-28,1.05,1.05,1.05,1.05,0,0,1
FINNIFTY28JAN2520000CE.NFO,2024-11-25,10:01:00,2025-01-28,1.05,1.05,1.05,1.05,0,0,1
FINNIFTY28JAN2520000CE.NFO,2024-11-25,10:02:00,2025-01-28,1.05,1.05,1.05,1.05,0,0,1
FINNIFTY28JAN2520000CE.NFO,2024-11-25,10:03:00,2025-01-28,1.05,1.05,1.05,1.05,0,0,1
FINNIFTY28JAN2520000CE.NFO,2024-11-25,10:04:00,2025-01-28,1.05,1.05,1.05,1.05,0,0,1
FINNIFTY28JAN2520000CE.NFO,2024-11-25,10:05:00,2025-01-28,1.05,1.05,1.05,1.05,0,0,1
FINNIFTY28JAN2520000CE.NFO,2024-11-25,10:06:00,2025-01-28,1.05,1.05,1.05,1.05,0,0,1
FINNIFTY28JAN2520000CE.NFO,2024-11-25,10:07:00,2025-01-28,1.05,1.05,1.05,1.05,0,0,1
FINNIFTY28JAN2520000CE.NFO,2024-11-25,10:08:00,2025-01-28,1.05,1.05,1.05,1.05,0,0,1
FINNIFTY28JAN2520000CE.NFO,2024-11-25,10:09:00,2025-01-28,1.05,1.05,1.05,1.05,0,0,1
FINNIFTY28JAN2520000CE.NFO,2024-11-25,10:10:00,2025-01-28,1.05,1.05,1.05,1.05,0,0,1
FINNIFTY28JAN2520000CE.NFO,2024-11-25,10:11:00,2025-01-28,1.05,1.05,1.05,1.05,0,0,1
FINNIFTY28JAN2520000CE.NFO,2024-11-25,10:12:00,2025-01-28,1.05,1.05,1.05,1.05,0,0,1
FINNIFTY28JAN2520000CE.NFO,2024-11-25,10:13:00,2025-01-28,1.05,1.05,1.05,1.05,0,0,1
FINNIFTY28JAN2520000CE.NFO,2024-11-25,10:14:00,2025-01-28,1.05,1.05,1.05,1.05,0,0,1
FINNIFTY28JAN2520000CE.NFO,2024-11-25,10:15:00,2025-01-28,1.05,1.05,1.05,1.05,0,0,1
FINNIFTY28JAN2520000CE.NFO,2024-11-25,10:16:00,2025-01-28,1.05,1.05,1.05,1.05,0,0,1
FINNIFTY28JAN2520000CE.NFO,2024-11-25,10:17:00,2025-01-28,1.05,1.05,1.05,1.05,0,0,1
FINNIFTY28JAN2520000CE.NFO,2024-11-25,10:18:00,2025-01-28,1.05,1.05,1.05,1.05,0,0,1
FINNIFTY28JAN2520000CE.NFO,2024-11-25,10:19:00,2025-01-28,1.05,1.05,1.05,1.05,0,0,1
FINNIFTY28JAN2520000CE.NFO,2024-11-25,10:20:00,2025-01-28,1.05,1.05,1.05,1.05,0,0,1
FINNIFTY28JAN2520000CE.NFO,2024-11-25,10:21:00,2025-01-28,1.05,1.05,1.05,1.05,0,0,1
FINNIFTY28JAN2520000CE.NFO,2024-11-25,10:22:00,2025-01-28,1.05,1.05,1.05,1.05,0,0,1
FINNIFTY28JAN2520000CE.NFO,2024-11-25,10:23:00,2025-01-28,1.05,1.05,1.05,1.05,0,0,1
FINNIFTY28JAN2520000CE.NFO,2024-11-25,10:24:00,2025-01-28,1.05,1.05,1.05,1.05,0,0,1
FINNIFTY28JAN2520000CE.NFO,2024-11-25,10:25:00,2025-01-28,1.05,1.05,1.05,1.05,0,0,1
FINNIFTY28JAN2520000CE.NFO,2024-11-25,10:26:00,2025-01-28,1.05,1.05,1.05,1.05,0,0,1
FINNIFTY28JAN2520000CE.NFO,2024-11-25,10:27:00,2025-01-28,1.05,1.05,1.05,1.05,0,0,1
FINNIFTY28JAN2520000CE.NFO,2024-11-25,10:28:00,2025-01-28,1.05,1.05,1.05,1.05,0,0,1
FINNIFTY28JAN2520000CE.NFO,2024-11-25,10:29:00,2025-01-28,1.05,1.05,1.05,1.05,0,0,1
FINNIFTY28JAN2520000CE.NFO,2024-11-25,10:30:00,2025-01-28,1.05,1.05,1.05,1.05,0,0,1
FINNIFTY28JAN2520000CE.NFO,2024-11-25,10:31:00,2025-01-28,1.05,1.05,1.05,1.05,0,0,1
FINNIFTY28JAN2520000CE.NFO,2024-11-25,10:32:00,2025-01-28,1.05,1.05,1.05,1.05,0,0,1
FINNIFTY28JAN2520000CE.NFO,2024-11-25,10:33:00,2025-01-28,1.05,1.05,1.05,1.05,0,0,1
FINNIFTY28JAN2520000CE.NFO,2024-11-25,10:34:00,2025-01-28,1.05,1.05,1.05,1.05,0,0,1
FINNIFTY28JAN2520000CE.NFO,2024-11-25,10:35:00,2025-01-28,1.05,1.05,1.05,1.05,0,0,1
FINNIFTY28JAN2520000CE.NFO,2024-11-25,10:36:00,2025-01-28,1.05,1.05,1.05,1.05,0,0,1
FINNIFTY28JAN2520000CE.NFO,2024-11-25,10:37:00,2025-01-28,1.05,1.05,1.05,1.05,0,0,1
FINNIFTY28JAN2520000CE.NFO,2024-11-25,10:38:00,2025-01-28,1.05,1.05,1.05,1.05,0,0,1
FINNIFTY28JAN2520000CE.NFO,2024-11-25,10:39:00,2025-01-28,1.05,1.05,1.05,1.05,0,0,1
FINNIFTY28JAN2520000CE.NFO,2024-11-25,10:40:00,2025-01-28,1.05,1.05,1.05,1.05,0,0,1
FINNIFTY28JAN2520000CE.NFO,2024-11-25,10:41:00,2025-01-28,1.05,1.05,1.05,1.05,0,0,1
FINNIFTY28JAN2520000CE.NFO,2024-11-25,10:42:00,2025-01-28,1.05,1.05,1.05,1.05,0,0,1
FINNIFTY28JAN2520000CE.NFO,2024-11-25,10:43:00,2025-01-28,1.05,1.05,1.05,1.05,0,0,1
FINNIFTY28JAN2520000CE.NFO,2024-11-25,10:44:00,2025-01-28,1.05,1.05,1.05,1.05,0,0,1
FINNIFTY28JAN2520000CE.NFO,2024-11-25,10:45:00,2025-01-28,1.05,1.05,1.05,1.05,0,0,1
FINNIFTY28JAN2520000CE.NFO,2024-11-25,10:46:00,2025-01-28,1.05,1.05,1.05,1.05,0,0,1
FINNIFTY28JAN2520000CE.NFO,2024-11-25,10:47:00,2025-01-28,1.05,1.05,1.05,1.05,0,0,1
FINNIFTY28JAN2520000CE.NFO,2024-11-25,10:48:00,2025-01-28,1.05,1.05,1.05,1.05,0,0,1
FINNIFTY28JAN2520000CE.NFO,2024-11-25,10:49:00,2025-01-28,1.05,1.05,1.05,1.05,0,0,1
FINNIFTY28JAN2520000CE.NFO,2024-11-25,10:50:00,2025-01-28,1.05,1.05,1.05,1.05,0,0,1
FINNIFTY28JAN2520000CE.NFO,2024-11-25,10:51:00,2025-01-28,1.05,1.05,1.05,1.05,0,0,1
FINNIFTY28JAN2520000CE.NFO,2024-11-25,10:52:00,2025-01-28,1.05,1.05,1.05,1.05,0,0,1
FINNIFTY28JAN2520000CE.NFO,2024-11-25,10:53:00,2025-01-28,1.05,1.05,1.05,1.05,0,0,1
FINNIFTY28JAN2520000CE.NFO,2024-11-25,10:54:00,2025-01-28,1.05,1.05,1.05,1.05,0,0,1
FINNIFTY28JAN2520000CE.NFO,2024-11-25,10:55:00,2025-01-28,1.05,1.05,1.05,1.05,0,0,1
FINNIFTY28JAN2520000CE.NFO,2024-11-25,10:56:00,2025-01-28,1.05,1.05,1.05,1.05,0,0,1
FINNIFTY28JAN2520000CE.NFO,2024-11-25,10:57:00,2025-01-28,1.05,1.05,1.05,1.05,0,0,1
FINNIFTY28JAN2520000CE.NFO,2024-11-25,10:58:00,2025-01-28,1.05,1.05,1.05,1.05,0,0,1
FINNIFTY28JAN2520000CE.NFO,2024-11-25,10:59:00,2025-01-28,1.05,1.05,1.05,1.05,0,0,1
FINNIFTY28JAN2520000CE.NFO,2024-11-25,11:00:00,2025-01-28,1.05,1.05,1.05,1.05,0,0,1
FINNIFTY28JAN2520000CE.NFO,2024-11-25,11:01:00,2025-01-28,1.05,1.05,1.05,1.05,0,0,1
FINNIFTY28JAN2520000CE.NFO,2024-11-25,11:02:00,2025-01-28,1.05,1.05,1.05,1.05,0,0,1
FINNIFTY28JAN2520000CE.NFO,2024-11-25,11:03:00,2025-01-28,1.05,1.05,1.05,1.05,0,0,1
FINNIFTY28JAN2520000CE.NFO,2024-11-25,11:04:00,2025-01-28,1.05,1.05,1.05,1.05,0,0,1
FINNIFTY28JAN2520000CE.NFO,2024-11-25,11:05:00,2025-01-28,1.05,1.05,1.05,1.05,0,0,1
FINNIFTY28JAN2520000CE.NFO,2024-11-25,11:06:00,2025-01-28,1.05,1.05,1.05,1.05,0,0,1
FINNIFTY28JAN2520000CE.NFO,2024-11-25,11:07:00,2025-01-28,1.05,1.05,1.05,1.05,0,0,1
FINNIFTY28JAN2520000CE.NFO,2024-11-25,11:08:00,2025-01-28,1.05,1.05,1.05,1.05,0,0,1
FINNIFTY28JAN2520000CE.NFO,2024-11-25,11:09:00,2025-01-28,1.05,1.05,1.05,1.05,0,0,1
FINNIFTY28JAN2520000CE.NFO,2024-11-25,11:10:00,2025-01-28,1.05,1.05,1.05,1.05,0,0,1
FINNIFTY28JAN2520000CE.NFO,2024-11-25,11:11:00,2025-01-28,1.05,1.05,1.05,1.05,0,0,1
FINNIFTY28JAN2520000CE.NFO,2024-11-25,11:12:00,2025-01-28,1.05,1.05,1.05,1.05,0,0,1
FINNIFTY28JAN2520000CE.NFO,2024-11-25,11:13:00,2025-01-28,1.05,1.05,1.05,1.05,0,0,1
FINNIFTY28JAN2520000CE.NFO,2024-11-25,11:14:00,2025-01-28,1.05,1.05,1.05,1.05,0,0,1
FINNIFTY28JAN2520000CE.NFO,2024-11-25,11:15:00,2025-01-28,1.05,1.05,1.05,1.05,0,0,1
FINNIFTY28JAN2520000CE.NFO,2024-11-25,11:16:00,2025-01-28,1.05,1.05,1.05,1.05,0,0,1
FINNIFTY28JAN2520000CE.NFO,2024-11-25,11:17:00,2025-01-28,1.05,1.05,1.05,1.05,0,0,1
FINNIFTY28JAN2520000CE.NFO,2024-11-25,11:18:00,2025-01-28,1.05,1.05,1.05,1.05,0,0,1
FINNIFTY28JAN2520000CE.NFO,2024-11-25,11:19:00,2025-01-28,1.05,1.05,1.05,1.05,0,0,1
FINNIFTY28JAN2520000CE.NFO,2024-11-25,11:20:00,2025-01-28,1.05,1.05,1.05,1.05,0,0,1
FINNIFTY28JAN2520000CE.NFO,2024-11-25,11:21:00,2025-01-28,1.05,1.05,1.05,1.05,0,0,1
FINNIFTY28JAN2520000CE.NFO,2024-11-25,11:22:00,2025-01-28,1.05,1.05,1.05,1.05,0,0,1
FINNIFTY28JAN2520000CE.NFO,2024-11-25,11:23:00,2025-01-28,1.05,1.05,1.05,1.05,0,0,1
FINNIFTY28JAN2520000CE.NFO,2024-11-25,11:24:00,2025-01-28,1.05,1.05,1.05,1.05,0,0,1
FINNIFTY28JAN2520000CE.NFO,2024-11-25,11:25:00,2025-01-28,1.05,1.05,1.05,1.05,0,0,1
FINNIFTY28JAN2520000CE.NFO,2024-11-25,11:26:00,2025-01-28,1.05,1.05,1.05,1.05,0,0,1
FINNIFTY28JAN2520000CE.NFO,2024-11-25,11:27:00,2025-01-28,1.05,1.05,1.05,1.05,0,0,1
FINNIFTY28JAN2520000CE.NFO,2024-11-25,11:28:00,2025-01-28,1.05,1.05,1.05,1.05,0,0,1
FINNIFTY28JAN2520000CE.NFO,2024-11-25,11:29:00,2025-01-28,1.05,1.05,1.05,1.05,0,0,1
FINNIFTY28JAN2520000CE.NFO,2024-11-25,11:30:00,2025-01-28,1.05,1.05,1.05,1.05,0,0,1
FINNIFTY28JAN2520000CE.NFO,2024-11-25,11:31:00,2025-01-28,1.05,1.05,1.05,1.05,0,0,1
FINNIFTY28JAN2520000CE.NFO,2024-11-25,11:32:00,2025-01-28,1.05,1.05,1.05,1.05,0,0,1
FINNIFTY28JAN2520000CE.NFO,2024-11-25,11:33:00,2025-01-28,1.05,1.05,1.05,1.05,0,0,1
FINNIFTY28JAN2520000CE.NFO,2024-11-25,11:34:00,2025-01-28,1.05,1.05,1.05,1.05,0,0,1
FINNIFTY28JAN2520000CE.NFO,2024-11-25,11:35:00,2025-01-28,1.05,1.05,1.05,1.05,0,0,1
FINNIFTY28JAN2520000CE.NFO,2024-11-25,11:36:00,2025-01-28,1.05,1.05,1.05,1.05,0,0,1
FINNIFTY28JAN2520000CE.NFO,2024-11-25,11:37:00,2025-01-28,1.05,1.05,1.05,1.05,0,0,1
FINNIFTY28JAN2520000CE.NFO,2024-11-25,11:38:00,2025-01-28,1.05,1.05,1.05,1.05,0,0,1
FINNIFTY28JAN2520000CE.NFO,2024-11-25,11:39:00,2025-01-28,1.05,1.05,1.05,1.05,0,0,1
FINNIFTY28JAN2520000CE.NFO,2024-11-25,11:40:00,2025-01-28,1.05,1.05,1.05,1.05,0,0,1
FINNIFTY28JAN2520000CE.NFO,2024-11-25,11:41:00,2025-01-28,1.05,1.05,1.05,1.05,0,0,1
FINNIFTY28JAN2520000CE.NFO,2024-11-25,11:42:00,2025-01-28,1.05,1.05,1.05,1.05,0,0,1
FINNIFTY28JAN2520000CE.NFO,2024-11-25,11:43:00,2025-01-28,1.05,1.05,1.05,1.05,0,0,1
FINNIFTY28JAN2520000CE.NFO,2024-11-25,11:44:00,2025-01-28,1.05,1.05,1.05,1.05,0,0,1
FINNIFTY28JAN2520000CE.NFO,2024-11-25,11:45:00,2025-01-28,1.05,1.05,1.05,1.05,0,0,1
FINNIFTY28JAN2520000CE.NFO,2024-11-25,11:46:00,2025-01-28,1.05,1.05,1.05,1.05,0,0,1
FINNIFTY28JAN2520000CE.NFO,2024-11-25,11:47:00,2025-01-28,1.05,1.05,1.05,1.05,0,0,1
FINNIFTY28JAN2520000CE.NFO,2024-11-25,11:48:00,2025-01-28,1.05,1.05,1.05,1.05,0,0,1
FINNIFTY28JAN2520000CE.NFO,2024-11-25,11:49:00,2025-01-28,1.05,1.05,1.05,1.05,0,0,1
FINNIFTY28JAN2520000CE.NFO,2024-11-25,11:50:00,2025-01-28,1.05,1.05,1.05,1.05,0,0,1
FINNIFTY28JAN2520000CE.NFO,2024-11-25,11:51:00,2025-01-28,1.05,1.05,1.05,1.05,0,0,1
FINNIFTY28JAN2520000CE.NFO,2024-11-25,11:52:00,2025-01-28,1.05,1.05,1.05,1.05,0,0,1
FINNIFTY28JAN2520000CE.NFO,2024-11-25,11:53:00,2025-01-28,1.05,1.05,1.05,1.05,0,0,1
FINNIFTY28JAN2520000CE.NFO,2024-11-25,11:54:00,2025-01-28,1.05,1.05,1.05,1.05,0,0,1
FINNIFTY28JAN2520000CE.NFO,2024-11-25,11:55:00,2025-01-28,1.05,1.05,1.05,1.05,0,0,1
FINNIFTY28JAN2520000CE.NFO,2024-11-25,11:56:00,2025-01-28,1.05,1.05,1.05,1.05,0,0,1
FINNIFTY28JAN2520000CE.NFO,2024-11-25,11:57:00,2025-01-28,1.05,1.05,1.05,1.05,0,0,1
FINNIFTY28JAN2520000CE.NFO,2024-11-25,11:58:00,2025-01-28,1.05,1.05,1.05,1.05,0,0,1
FINNIFTY28JAN2520000CE.NFO,2024-11-25,11:59:00,2025-01-28,1.05,1.05,1.05,1.05,0,0,1
FINNIFTY28JAN2520000CE.NFO,2024-11-25,12:00:00,2025-01-28,1.05,1.05,1.05,1.05,0,0,1
FINNIFTY28JAN2520000CE.NFO,2024-11-25,12:01:00,2025-01-28,1.05,1.05,1.05,1.05,0,0,1
FINNIFTY28JAN2520000CE.NFO,2024-11-25,12:02:00,2025-01-28,1.05,1.05,1.05,1.05,0,0,1
FINNIFTY28JAN2520000CE.NFO,2024-11-25,12:03:00,2025-01-28,1.05,1.05,1.05,1.05,0,0,1
FINNIFTY28JAN2520000CE.NFO,2024-11-25,12:04:00,2025-01-28,1.05,1.05,1.05,1.05,0,0,1
FINNIFTY28JAN2520000CE.NFO,2024-11-25,12:05:00,2025-01-28,1.05,1.05,1.05,1.05,0,0,1
FINNIFTY28JAN2520000CE.NFO,2024-11-25,12:06:00,2025-01-28,1.05,1.05,1.05,1.05,0,0,1
FINNIFTY28JAN2520000CE.NFO,2024-11-25,12:07:00,2025-01-28,1.05,1.05,1.05,1.05,0,0,1
FINNIFTY28JAN2520000CE.NFO,2024-11-25,12:08:00,2025-01-28,1.05,1.05,1.05,1.05,0,0,1
FINNIFTY28JAN2520000CE.NFO,2024-11-25,12:09:00,2025-01-28,1.05,1.05,1.05,1.05,0,0,1
FINNIFTY28JAN2520000CE.NFO,2024-11-25,12:10:00,2025-01-28,1.05,1.05,1.05,1.05,0,0,1
FINNIFTY28JAN2520000CE.NFO,2024-11-25,12:11:00,2025-01-28,1.05,1.05,1.05,1.05,0,0,1
FINNIFTY28JAN2520000CE.NFO,2024-11-25,12:12:00,2025-01-28,1.05,1.05,1.05,1.05,0,0,1
FINNIFTY28JAN2520000CE.NFO,2024-11-25,12:13:00,2025-01-28,1.05,1.05,1.05,1.05,0,0,1
FINNIFTY28JAN2520000CE.NFO,2024-11-25,12:14:00,2025-01-28,1.05,1.05,1.05,1.05,0,0,1
FINNIFTY28JAN2520000CE.NFO,2024-11-25,12:15:00,2025-01-28,1.05,1.05,1.05,1.05,0,0,1
FINNIFTY28JAN2520000CE.NFO,2024-11-25,12:16:00,2025-01-28,1.05,1.05,1.05,1.05,0,0,1
FINNIFTY28JAN2520000CE.NFO,2024-11-25,12:17:00,2025-01-28,1.05,1.05,1.05,1.05,0,0,1
FINNIFTY28JAN2520000CE.NFO,2024-11-25,12:18:00,2025-01-28,1.05,1.05,1.05,1.05,0,0,1
FINNIFTY28JAN2520000CE.NFO,2024-11-25,12:19:00,2025-01-28,1.05,1.05,1.05,1.05,0,0,1
FINNIFTY28JAN2520000CE.NFO,2024-11-25,12:20:00,2025-01-28,1.05,1.05,1.05,1.05,0,0,1
FINNIFTY28JAN2520000CE.NFO,2024-11-25,12:21:00,2025-01-28,1.05,1.05,1.05,1.05,0,0,1
FINNIFTY28JAN2520000CE.NFO,2024-11-25,12:22:00,2025-01-28,1.05,1.05,1.05,1.05,0,0,1
FINNIFTY28JAN2520000CE.NFO,2024-11-25,12:23:00,2025-01-28,1.05,1.05,1.05,1.05,0,0,1
FINNIFTY28JAN2520000CE.NFO,2024-11-25,12:24:00,2025-01-28,1.05,1.05,1.05,1.05,0,0,1
FINNIFTY28JAN2520000CE.NFO,2024-11-25,12:25:00,2025-01-28,1.05,1.05,1.05,1.05,0,0,1
FINNIFTY28JAN2520000CE.NFO,2024-11-25,12:26:00,2025-01-28,1.05,1.05,1.05,1.05,0,0,1
FINNIFTY28JAN2520000CE.NFO,2024-11-25,12:27:00,2025-01-28,1.05,1.05,1.05,1.05,0,0,1
FINNIFTY28JAN2520000CE.NFO,2024-11-25,12:28:00,2025-01-28,1.05,1.05,1.05,1.05,0,0,1
FINNIFTY28JAN2520000CE.NFO,2024-11-25,12:29:00,2025-01-28,1.05,1.05,1.05,1.05,0,0,1
FINNIFTY28JAN2520000CE.NFO,2024-11-25,12:30:00,2025-01-28,1.05,1.05,1.05,1.05,0,0,1
FINNIFTY28JAN2520000CE.NFO,2024-11-25,12:31:00,2025-01-28,1.05,1.05,1.05,1.05,0,0,1
FINNIFTY28JAN2520000CE.NFO,2024-11-25,12:32:00,2025-01-28,1.05,1.05,1.05,1.05,0,0,1
FINNIFTY28JAN2520000CE.NFO,2024-11-25,12:33:00,2025-01-28,1.05,1.05,1.05,1.05,0,0,1
FINNIFTY28JAN2520000CE.NFO,2024-11-25,12:34:00,2025-01-28,1.05,1.05,1.05,1.05,0,0,1
FINNIFTY28JAN2520000CE.NFO,2024-11-25,12:35:00,2025-01-28,1.05,1.05,1.05,1.05,0,0,1
FINNIFTY28JAN2520000CE.NFO,2024-11-25,12:36:00,2025-01-28,1.05,1.05,1.05,1.05,0,0,1
FINNIFTY28JAN2520000CE.NFO,2024-11-25,12:37:00,2025-01-28,1.05,1.05,1.05,1.05,0,0,1
FINNIFTY28JAN2520000CE.NFO,2024-11-25,12:38:00,2025-01-28,1.05,1.05,1.05,1.05,0,0,1
FINNIFTY28JAN2520000CE.NFO,2024-11-25,12:39:00,2025-01-28,1.05,1.05,1.05,1.05,0,0,1
FINNIFTY28JAN2520000CE.NFO,2024-11-25,12:40:00,2025-01-28,1.05,1.05,1.05,1.05,0,0,1
FINNIFTY28JAN2520000CE.NFO,2024-11-25,12:41:00,2025-01-28,1.05,1.05,1.05,1.05,0,0,1
FINNIFTY28JAN2520000CE.NFO,2024-11-25,12:42:00,2025-01-28,1.05,1.05,1.05,1.05,0,0,1
FINNIFTY28JAN2520000CE.NFO,2024-11-25,12:43:00,2025-01-28,1.05,1.05,1.05,1.05,0,0,1
FINNIFTY28JAN2520000CE.NFO,2024-11-25,12:44:00,2025-01-28,1.05,1.05,1.05,1.05,0,0,1
FINNIFTY28JAN2520000CE.NFO,2024-11-25,12:45:00,2025-01-28,1.05,1.05,1.05,1.05,0,0,1
FINNIFTY28JAN2520000CE.NFO,2024-11-25,12:46:00,2025-01-28,1.05,1.05,1.05,1.05,0,0,1
FINNIFTY28JAN2520000CE.NFO,2024-11-25,12:47:00,2025-01-28,1.05,1.05,1.05,1.05,0,0,1
FINNIFTY28JAN2520000CE.NFO,2024-11-25,12:48:00,2025-01-28,1.05,1.05,1.05,1.05,0,0,1
FINNIFTY28JAN2520000CE.NFO,2024-11-25,12:49:00,2025-01-28,1.05,1.05,1.05,1.05,0,0,1
FINNIFTY28JAN2520000CE.NFO,2024-11-25,12:50:00,2025-01-28,1.05,1.05,1.05,1.05,0,0,1
FINNIFTY28JAN2520000CE.NFO,2024-11-25,12:51:00,2025-01-28,1.05,1.05,1.05,1.05,0,0,1
FINNIFTY28JAN2520000CE.NFO,2024-11-25,12:52:00,2025-01-28,1.05,1.05,1.05,1.05,0,0,1
FINNIFTY28JAN2520000CE.NFO,2024-11-25,12:53:00,2025-01-28,1.05,1.05,1.05,1.05,0,0,1
FINNIFTY28JAN2520000CE.NFO,2024-11-25,12:54:00,2025-01-28,1.05,1.05,1.05,1.05,0,0,1
FINNIFTY28JAN2520000CE.NFO,2024-11-25,12:55:00,2025-01-28,1.05,1.05,1.05,1.05,0,0,1
FINNIFTY28JAN2520000CE.NFO,2024-11-25,12:56:00,2025-01-28,1.05,1.05,1.05,1.05,0,0,1
FINNIFTY28JAN2520000CE.NFO,2024-11-25,12:57:00,2025-01-28,1.05,1.05,1.05,1.05,0,0,1
FINNIFTY28JAN2520000CE.NFO,2024-11-25,12:58:00,2025-01-28,1.05,1.05,1.05,1.05,0,0,1
FINNIFTY28JAN2520000CE.NFO,2024-11-25,12:59:00,2025-01-28,1.05,1.05,1.05,1.05,0,0,1
FINNIFTY28JAN2520000CE.NFO,2024-11-25,13:00:00,2025-01-28,1.05,1.05,1.05,1.05,0,0,1
FINNIFTY28JAN2520000CE.NFO,2024-11-25,13:01:00,2025-01-28,1.05,1.05,1.05,1.05,0,0,1
FINNIFTY28JAN2520000CE.NFO,2024-11-25,13:02:00,2025-01-28,1.05,1.05,1.05,1.05,0,0,1
FINNIFTY28JAN2520000CE.NFO,2024-11-25,13:03:00,2025-01-28,1.05,1.05,1.05,1.05,0,0,1
FINNIFTY28JAN2520000CE.NFO,2024-11-25,13:04:00,2025-01-28,1.05,1.05,1.05,1.05,0,0,1
FINNIFTY28JAN2520000CE.NFO,2024-11-25,13:05:00,2025-01-28,1.05,1.05,1.05,1.05,0,0,1
FINNIFTY28JAN2520000CE.NFO,2024-11-25,13:06:00,2025-01-28,1.05,1.05,1.05,1.05,0,0,1
FINNIFTY28JAN2520000CE.NFO,2024-11-25,13:07:00,2025-01-28,1.05,1.05,1.05,1.05,0,0,1
FINNIFTY28JAN2520000CE.NFO,2024-11-25,13:08:00,2025-01-28,1.05,1.05,1.05,1.05,0,0,1
FINNIFTY28JAN2520000CE.NFO,2024-11-25,13:09:00,2025-01-28,1.05,1.05,1.05,1.05,0,0,1
FINNIFTY28JAN2520000CE.NFO,2024-11-25,13:10:00,2025-01-28,1.05,1.05,1.05,1.05,0,0,1
FINNIFTY28JAN2520000CE.NFO,2024-11-25,13:11:00,2025-01-28,1.05,1.05,1.05,1.05,0,0,1
FINNIFTY28JAN2520000CE.NFO,2024-11-25,13:12:00,2025-01-28,1.05,1.05,1.05,1.05,0,0,1
FINNIFTY28JAN2520000CE.NFO,2024-11-25,13:13:00,2025-01-28,1.05,1.05,1.05,1.05,0,0,1
FINNIFTY28JAN2520000CE.NFO,2024-11-25,13:14:00,2025-01-28,1.05,1.05,1.05,1.05,0,0,1
FINNIFTY28JAN2520000CE.NFO,2024-11-25,13:15:00,2025-01-28,1.05,1.05,1.05,1.05,0,0,1
FINNIFTY28JAN2520000CE.NFO,2024-11-25,13:16:00,2025-01-28,1.05,1.05,1.05,1.05,0,0,1
FINNIFTY28JAN2520000CE.NFO,2024-11-25,13:17:00,2025-01-28,1.05,1.05,1.05,1.05,0,0,1
FINNIFTY28JAN2520000CE.NFO,2024-11-25,13:18:00,2025-01-28,1.05,1.05,1.05,1.05,0,0,1
FINNIFTY28JAN2520000CE.NFO,2024-11-25,13:19:00,2025-01-28,1.05,1.05,1.05,1.05,0,0,1
FINNIFTY28JAN2520000CE.NFO,2024-11-25,13:20:00,2025-01-28,1.05,1.05,1.05,1.05,0,0,1
FINNIFTY28JAN2520000CE.NFO,2024-11-25,13:21:00,2025-01-28,1.05,1.05,1.05,1.05,0,0,1
FINNIFTY28JAN2520000CE.NFO,2024-11-25,13:22:00,2025-01-28,1.05,1.05,1.05,1.05,0,0,1
FINNIFTY28JAN2520000CE.NFO,2024-11-25,13:23:00,2025-01-28,1.05,1.05,1.05,1.05,0,0,1
FINNIFTY28JAN2520000CE.NFO,2024-11-25,13:24:00,2025-01-28,1.05,1.05,1.05,1.05,0,0,1
FINNIFTY28JAN2520000CE.NFO,2024-11-25,13:25:00,2025-01-28,1.05,1.05,1.05,1.05,0,0,1
FINNIFTY28JAN2520000CE.NFO,2024-11-25,13:26:00,2025-01-28,1.05,1.05,1.05,1.05,0,0,1
FINNIFTY28JAN2520000CE.NFO,2024-11-25,13:27:00,2025-01-28,1.05,1.05,1.05,1.05,0,0,1
FINNIFTY28JAN2520000CE.NFO,2024-11-25,13:28:00,2025-01-28,1.05,1.05,1.05,1.05,0,0,1
FINNIFTY28JAN2520000CE.NFO,2024-11-25,13:29:00,2025-01-28,1.05,1.05,1.05,1.05,0,0,1
FINNIFTY28JAN2520000CE.NFO,2024-11-25,13:30:00,2025-01-28,1.05,1.05,1.05,1.05,0,0,1
FINNIFTY28JAN2520000CE.NFO,2024-11-25,13:31:00,2025-01-28,1.05,1.05,1.05,1.05,0,0,1
FINNIFTY28JAN2520000CE.NFO,2024-11-25,13:32:00,2025-01-28,1.05,1.05,1.05,1.05,0,0,1
FINNIFTY28JAN2520000CE.NFO,2024-11-25,13:33:00,2025-01-28,1.05,1.05,1.05,1.05,0,0,1
FINNIFTY28JAN2520000CE.NFO,2024-11-25,13:34:00,2025-01-28,1.05,1.05,1.05,1.05,0,0,1
FINNIFTY28JAN2520000CE.NFO,2024-11-25,13:35:00,2025-01-28,1.05,1.05,1.05,1.05,0,0,1
FINNIFTY28JAN2520000CE.NFO,2024-11-25,13:36:00,2025-01-28,1.05,1.05,1.05,1.05,0,0,1
FINNIFTY28JAN2520000CE.NFO,2024-11-25,13:37:00,2025-01-28,1.05,1.05,1.05,1.05,0,0,1
FINNIFTY28JAN2520000CE.NFO,2024-11-25,13:38:00,2025-01-28,1.05,1.05,1.05,1.05,0,0,1
FINNIFTY28JAN2520000CE.NFO,2024-11-25,13:39:00,2025-01-28,1.05,1.05,1.05,1.05,0,0,1
FINNIFTY28JAN2520000CE.NFO,2024-11-25,13:40:00,2025-01-28,1.05,1.05,1.05,1.05,0,0,1
FINNIFTY28JAN2520000CE.NFO,2024-11-25,13:41:00,2025-01-28,1.05,1.05,1.05,1.05,0,0,1
FINNIFTY28JAN2520000CE.NFO,2024-11-25,13:42:00,2025-01-28,1.05,1.05,1.05,1.05,0,0,1
FINNIFTY28JAN2520000CE.NFO,2024-11-25,13:43:00,2025-01-28,1.05,1.05,1.05,1.05,0,0,1
FINNIFTY28JAN2520000CE.NFO,2024-11-25,13:44:00,2025-01-28,1.05,1.05,1.05,1.05,0,0,1
FINNIFTY28JAN2520000CE.NFO,2024-11-25,13:45:00,2025-01-28,1.05,1.05,1.05,1.05,0,0,1
FINNIFTY28JAN2520000CE.NFO,2024-11-25,13:46:00,2025-01-28,1.05,1.05,1.05,1.05,0,0,1
FINNIFTY28JAN2520000CE.NFO,2024-11-25,13:47:00,2025-01-28,1.05,1.05,1.05,1.05,0,0,1
FINNIFTY28JAN2520000CE.NFO,2024-11-25,13:48:00,2025-01-28,1.05,1.05,1.05,1.05,0,0,1
FINNIFTY28JAN2520000CE.NFO,2024-11-25,13:49:00,2025-01-28,1.05,1.05,1.05,1.05,0,0,1
FINNIFTY28JAN2520000CE.NFO,2024-11-25,13:50:00,2025-01-28,1.05,1.05,1.05,1.05,0,0,1
FINNIFTY28JAN2520000CE.NFO,2024-11-25,13:51:00,2025-01-28,1.05,1.05,1.05,1.05,0,0,1
FINNIFTY28JAN2520000CE.NFO,2024-11-25,13:52:00,2025-01-28,1.05,1.05,1.05,1.05,0,0,1
FINNIFTY28JAN2520000CE.NFO,2024-11-25,13:53:00,2025-01-28,1.05,1.05,1.05,1.05,0,0,1
FINNIFTY28JAN2520000CE.NFO,2024-11-25,13:54:00,2025-01-28,1.05,1.05,1.05,1.05,0,0,1
FINNIFTY28JAN2520000CE.NFO,2024-11-25,13:55:00,2025-01-28,1.05,1.05,1.05,1.05,0,0,1
FINNIFTY28JAN2520000CE.NFO,2024-11-25,13:56:00,2025-01-28,1.05,1.05,1.05,1.05,0,0,1
FINNIFTY28JAN2520000CE.NFO,2024-11-25,13:57:00,2025-01-28,1.05,1.05,1.05,1.05,0,0,1
FINNIFTY28JAN2520000CE.NFO,2024-11-25,13:58:00,2025-01-28,1.05,1.05,1.05,1.05,0,0,1
FINNIFTY28JAN2520000CE.NFO,2024-11-25,13:59:00,2025-01-28,1.05,1.05,1.05,1.05,0,0,1
FINNIFTY28JAN2520000CE.NFO,2024-11-25,14:00:00,2025-01-28,1.05,1.05,1.05,1.05,0,0,1
FINNIFTY28JAN2520000CE.NFO,2024-11-25,14:01:00,2025-01-28,1.05,1.05,1.05,1.05,0,0,1
FINNIFTY28JAN2520000CE.NFO,2024-11-25,14:02:00,2025-01-28,1.05,1.05,1.05,1.05,0,0,1
FINNIFTY28JAN2520000CE.NFO,2024-11-25,14:03:00,2025-01-28,1.05,1.05,1.05,1.05,0,0,1
FINNIFTY28JAN2520000CE.NFO,2024-11-25,14:04:00,2025-01-28,1.05,1.05,1.05,1.05,0,0,1
FINNIFTY28JAN2520000CE.NFO,2024-11-25,14:05:00,2025-01-28,1.05,1.05,1.05,1.05,0,0,1
FINNIFTY28JAN2520000CE.NFO,2024-11-25,14:06:00,2025-01-28,1.05,1.05,1.05,1.05,0,0,1
FINNIFTY28JAN2520000CE.NFO,2024-11-25,14:07:00,2025-01-28,1.05,1.05,1.05,1.05,0,0,1
FINNIFTY28JAN2520000CE.NFO,2024-11-25,14:08:00,2025-01-28,1.05,1.05,1.05,1.05,0,0,1
FINNIFTY28JAN2520000CE.NFO,2024-11-25,14:09:00,2025-01-28,1.05,1.05,1.05,1.05,0,0,1
FINNIFTY28JAN2520000CE.NFO,2024-11-25,14:10:00,2025-01-28,1.05,1.05,1.05,1.05,0,0,1
FINNIFTY28JAN2520000CE.NFO,2024-11-25,14:11:00,2025-01-28,1.05,1.05,1.05,1.05,0,0,1
FINNIFTY28JAN2520000CE.NFO,2024-11-25,14:12:00,2025-01-28,1.05,1.05,1.05,1.05,0,0,1
FINNIFTY28JAN2520000CE.NFO,2024-11-25,14:13:00,2025-01-28,1.05,1.05,1.05,1.05,0,0,1
FINNIFTY28JAN2520000CE.NFO,2024-11-25,14:14:00,2025-01-28,1.05,1.05,1.05,1.05,0,0,1
FINNIFTY28JAN2520000CE.NFO,2024-11-25,14:15:00,2025-01-28,1.05,1.05,1.05,1.05,0,0,1
FINNIFTY28JAN2520000CE.NFO,2024-11-25,14:16:00,2025-01-28,1.05,1.05,1.05,1.05,0,0,1
FINNIFTY28JAN2520000CE.NFO,2024-11-25,14:17:00,2025-01-28,1.05,1.05,1.05,1.05,0,0,1
FINNIFTY28JAN2520000CE.NFO,2024-11-25,14:18:00,2025-01-28,1.05,1.05,1.05,1.05,0,0,1
FINNIFTY28JAN2520000CE.NFO,2024-11-25,14:19:00,2025-01-28,1.05,1.05,1.05,1.05,0,0,1
FINNIFTY28JAN2520000CE.NFO,2024-11-25,14:20:00,2025-01-28,1.05,1.05,1.05,1.05,0,0,1
FINNIFTY28JAN2520000CE.NFO,2024-11-25,14:21:00,2025-01-28,1.05,1.05,1.05,1.05,0,0,1
FINNIFTY28JAN2520000CE.NFO,2024-11-25,14:22:00,2025-01-28,1.05,1.05,1.05,1.05,0,0,1
FINNIFTY28JAN2520000CE.NFO,2024-11-25,14:23:00,2025-01-28,1.05,1.05,1.05,1.05,0,0,1
FINNIFTY28JAN2520000CE.NFO,2024-11-25,14:24:00,2025-01-28,1.05,1.05,1.05,1.05,0,0,1
FINNIFTY28JAN2520000CE.NFO,2024-11-25,14:25:00,2025-01-28,1.05,1.05,1.05,1.05,0,0,1
FINNIFTY28JAN2520000CE.NFO,2024-11-25,14:26:00,2025-01-28,1.05,1.05,1.05,1.05,0,0,1
FINNIFTY28JAN2520000CE.NFO,2024-11-25,14:27:00,2025-01-28,1.05,1.05,1.05,1.05,0,0,1
FINNIFTY28JAN2520000CE.NFO,2024-11-25,14:28:00,2025-01-28,1.05,1.05,1.05,1.05,0,0,1
FINNIFTY28JAN2520000CE.NFO,2024-11-25,14:29:00,2025-01-28,1.05,1.05,1.05,1.05,0,0,1
FINNIFTY28JAN2520000CE.NFO,2024-11-25,14:30:00,2025-01-28,1.05,1.05,1.05,1.05,0,0,1
FINNIFTY28JAN2520000CE.NFO,2024-11-25,14:31:00,2025-01-28,1.05,1.05,1.05,1.05,0,0,1
FINNIFTY28JAN2520000CE.NFO,2024-11-25,14:32:00,2025-01-28,1.05,1.05,1.05,1.05,0,0,1
FINNIFTY28JAN2520000CE.NFO,2024-11-25,14:33:00,2025-01-28,1.05,1.05,1.05,1.05,0,0,1
FINNIFTY28JAN2520000CE.NFO,2024-11-25,14:34:00,2025-01-28,1.05,1.05,1.05,1.05,0,0,1
FINNIFTY28JAN2520000CE.NFO,2024-11-25,14:35:00,2025-01-28,1.05,1.05,1.05,1.05,0,0,1
FINNIFTY28JAN2520000CE.NFO,2024-11-25,14:36:00,2025-01-28,1.05,1.05,1.05,1.05,0,0,1
FINNIFTY28JAN2520000CE.NFO,2024-11-25,14:37:00,2025-01-28,1.05,1.05,1.05,1.05,0,0,1
FINNIFTY28JAN2520000CE.NFO,2024-11-25,14:38:00,2025-01-28,1.05,1.05,1.05,1.05,0,0,1
FINNIFTY28JAN2520000CE.NFO,2024-11-25,14:39:00,2025-01-28,1.05,1.05,1.05,1.05,0,0,1
FINNIFTY28JAN2520000CE.NFO,2024-11-25,14:40:00,2025-01-28,1.05,1.05,1.05,1.05,0,0,1
FINNIFTY28JAN2520000CE.NFO,2024-11-25,14:41:00,2025-01-28,1.05,1.05,1.05,1.05,0,0,1
FINNIFTY28JAN2520000CE.NFO,2024-11-25,14:42:00,2025-01-28,1.05,1.05,1.05,1.05,0,0,1
FINNIFTY28JAN2520000CE.NFO,2024-11-25,14:43:00,2025-01-28,1.05,1.05,1.05,1.05,0,0,1
FINNIFTY28JAN2520000CE.NFO,2024-11-25,14:44:00,2025-01-28,1.05,1.05,1.05,1.05,0,0,1
FINNIFTY28JAN2520000CE.NFO,2024-11-25,14:45:00,2025-01-28,1.05,1.05,1.05,1.05,0,0,1
FINNIFTY28JAN2520000CE.NFO,2024-11-25,14:46:00,2025-01-28,1.05,1.05,1.05,1.05,0,0,1
FINNIFTY28JAN2520000CE.NFO,2024-11-25,14:47:00,2025-01-28,1.05,1.05,1.05,1.05,0,0,1
FINNIFTY28JAN2520000CE.NFO,2024-11-25,14:48:00,2025-01-28,1.05,1.05,1.05,1.05,0,0,1
FINNIFTY28JAN2520000CE.NFO,2024-11-25,14:49:00,2025-01-28,1.05,1.05,1.05,1.05,0,0,1
FINNIFTY28JAN2520000CE.NFO,2024-11-25,14:50:00,2025-01-28,1.05,1.05,1.05,1.05,0,0,1
FINNIFTY28JAN2520000CE.NFO,2024-11-25,14:51:00,2025-01-28,1.05,1.05,1.05,1.05,0,0,1
FINNIFTY28JAN2520000CE.NFO,2024-11-25,14:52:00,2025-01-28,1.05,1.05,1.05,1.05,0,0,1
FINNIFTY28JAN2520000CE.NFO,2024-11-25,14:53:00,2025-01-28,1.05,1.05,1.05,1.05,0,0,1
FINNIFTY28JAN2520000CE.NFO,2024-11-25,14:54:00,2025-01-28,1.05,1.05,1.05,1.05,0,0,1
FINNIFTY28JAN2520000CE.NFO,2024-11-25,14:55:00,2025-01-28,1.05,1.05,1.05,1.05,0,0,1
FINNIFTY28JAN2520000CE.NFO,2024-11-25,14:56:00,2025-01-28,1.05,1.05,1.05,1.05,0,0,1
FINNIFTY28JAN2520000CE.NFO,2024-11-25,14:57:00,2025-01-28,1.05,1.05,1.05,1.05,0,0,1
FINNIFTY28JAN2520000CE.NFO,2024-11-25,14:58:00,2025-01-28,1.05,1.05,1.05,1.05,0,0,1
FINNIFTY28JAN2520000CE.NFO,2024-11-25,14:59:00,2025-01-28,1.05,1.05,1.05,1.05,0,0,1
FINNIFTY28JAN2520000CE.NFO,2024-11-25,15:00:00,2025-01-28,1.05,1.05,1.05,1.05,0,0,1
FINNIFTY28JAN2520000CE.NFO,2024-11-25,15:01:00,2025-01-28,1.05,1.05,1.05,1.05,0,0,1
FINNIFTY28JAN2520000CE.NFO,2024-11-25,15:02:00,2025-01-28,1.05,1.05,1.05,1.05,0,0,1
FINNIFTY28JAN2520000CE.NFO,2024-11-25,15:03:00,2025-01-28,1.05,1.05,1.05,1.05,0,0,1
FINNIFTY28JAN2520000CE.NFO,2024-11-25,15:04:00,2025-01-28,1.05,1.05,1.05,1.05,0,0,1
FINNIFTY28JAN2520000CE.NFO,2024-11-25,15:05:00,2025-01-28,1.05,1.05,1.05,1.05,0,0,1
FINNIFTY28JAN2520000CE.NFO,2024-11-25,15:06:00,2025-01-28,1.05,1.05,1.05,1.05,0,0,1
FINNIFTY28JAN2520000CE.NFO,2024-11-25,15:07:00,2025-01-28,1.05,1.05,1.05,1.05,0,0,1
FINNIFTY28JAN2520000CE.NFO,2024-11-25,15:08:00,2025-01-28,1.05,1.05,1.05,1.05,0,0,1
FINNIFTY28JAN2520000CE.NFO,2024-11-25,15:09:00,2025-01-28,1.05,1.05,1.05,1.05,0,0,1
FINNIFTY28JAN2520000CE.NFO,2024-11-25,15:10:00,2025-01-28,1.05,1.05,1.05,1.05,0,0,1
FINNIFTY28JAN2520000CE.NFO,2024-11-25,15:11:00,2025-01-28,1.05,1.05,1.05,1.05,0,0,1
FINNIFTY28JAN2520000CE.NFO,2024-11-25,15:12:00,2025-01-28,1.05,1.05,1.05,1.05,0,0,1
FINNIFTY28JAN2520000CE.NFO,2024-11-25,15:13:00,2025-01-28,1.05,1.05,1.05,1.05,0,0,1
FINNIFTY28JAN2520000CE.NFO,2024-11-25,15:14:00,2025-01-28,1.05,1.05,1.05,1.05,0,0,1
FINNIFTY28JAN2520000CE.NFO,2024-11-25,15:15:00,2025-01-28,1.05,1.05,1.05,1.05,0,0,1
FINNIFTY28JAN2520000CE.NFO,2024-11-25,15:16:00,2025-01-28,1.05,1.05,1.05,1.05,0,0,1
FINNIFTY28JAN2520000CE.NFO,2024-11-25,15:17:00,2025-01-28,1.05,1.05,1.05,1.05,0,0,1
FINNIFTY28JAN2520000CE.NFO,2024-11-25,15:18:00,2025-01-28,1.05,1.05,1.05,1.05,0,0,1
FINNIFTY28JAN2520000CE.NFO,2024-11-25,15:19:00,2025-01-28,1.05,1.05,1.05,1.05,0,0,1
FINNIFTY28JAN2520000CE.NFO,2024-11-25,15:20:00,2025-01-28,1.05,1.05,1.05,1.05,0,0,1
FINNIFTY28JAN2520000CE.NFO,2024-11-25,15:21:00,2025-01-28,1.05,1.05,1.05,1.05,0,0,1
FINNIFTY28JAN2520000CE.NFO,2024-11-25,15:22:00,2025-01-28,1.05,1.05,1.05,1.05,0,0,1
FINNIFTY28JAN2520000CE.NFO,2024-11-25,15:23:00,2025-01-28,1.05,1.05,1.05,1.05,0,0,1
FINNIFTY28JAN2520000CE.NFO,2024-11-25,15:24:00,2025-01-28,1.05,1.05,1.05,1.05,0,0,1
FINNIFTY28JAN2520000CE.NFO,2024-11-25,15:25:00,2025-01-28,1.05,1.05,1.05,1.05,0,0,1
FINNIFTY28JAN2520000CE.NFO,2024-11-25,15:26:00,2025-01-28,1.05,1.05,1.05,1.05,0,0,1
FINNIFTY28JAN2520000CE.NFO,2024-11-25,15:27:00,2025-01-28,1.05,1.05,1.05,1.05,0,0,1
FINNIFTY28JAN2520000CE.NFO,2024-11-25,15:28:00,2025-01-28,1.05,1.05,1.05,1.05,0,0,1
FINNIFTY28JAN2520000CE.NFO,2024-11-25,15:29:00,2025-01-28,1.05,1.05,1.05,1.05,0,0,1
FINNIFTY28JAN2520000CE.NFO,2024-11-25,15:30:00,2025-01-28,1.05,1.05,1.05,1.05,0,0,1
FINNIFTY28JAN2520000CE.NFO,2024-11-26,09:15:00,2025-01-28,1.05,1.05,1.05,1.05,0,0,0
FINNIFTY28JAN2520000CE.NFO,2024-11-26,09:16:00,2025-01-28,1.05,1.05,1.05,1.05,0,0,1
FINNIFTY28JAN2520000CE.NFO,2024-11-26,09:17:00,2025-01-28,1.05,1.05,1.05,1.05,0,0,1
FINNIFTY28JAN2520000CE.NFO,2024-11-26,09:18:00,2025-01-28,1.05,1.05,1.05,1.05,0,0,1
FINNIFTY28JAN2520000CE.NFO,2024-11-26,09:19:00,2025-01-28,1.05,1.05,1.05,1.05,0,0,1
FINNIFTY28JAN2520000CE.NFO,2024-11-26,09:20:00,2025-01-28,1.05,1.05,1.05,1.05,0,0,1
FINNIFTY28JAN2520000CE.NFO,2024-11-26,09:21:00,2025-01-28,1.05,1.05,1.05,1.05,0,0,1
FINNIFTY28JAN2520000CE.NFO,2024-11-26,09:22:00,2025-01-28,1.05,1.05,1.05,1.05,0,0,1
FINNIFTY28JAN2520000CE.NFO,2024-11-26,09:23:00,2025-01-28,1.05,1.05,1.05,1.05,0,0,1
FINNIFTY28JAN2520000CE.NFO,2024-11-26,09:24:00,2025-01-28,1.05,1.05,1.05,1.05,0,0,1
FINNIFTY28JAN2520000CE.NFO,2024-11-26,09:25:00,2025-01-28,1.05,1.05,1.05,1.05,0,0,1
FINNIFTY28JAN2520000CE.NFO,2024-11-26,09:26:00,2025-01-28,1.05,1.05,1.05,1.05,0,0,1
FINNIFTY28JAN2520000CE.NFO,2024-11-26,09:27:00,2025-01-28,1.05,1.05,1.05,1.05,0,0,1
FINNIFTY28JAN2520000CE.NFO,2024-11-26,09:28:00,2025-01-28,1.05,1.05,1.05,1.05,0,0,1
FINNIFTY28JAN2520000CE.NFO,2024-11-26,09:29:00,2025-01-28,1.05,1.05,1.05,1.05,0,0,1
FINNIFTY28JAN2520000CE.NFO,2024-11-26,09:30:00,2025-01-28,1.05,1.05,1.05,1.05,0,0,1
FINNIFTY28JAN2520000CE.NFO,2024-11-26,09:31:00,2025-01-28,1.05,1.05,1.05,1.05,0,0,1
FINNIFTY28JAN2520000CE.NFO,2024-11-26,09:32:00,2025-01-28,1.05,1.05,1.05,1.05,0,0,1
FINNIFTY28JAN2520000CE.NFO,2024-11-26,09:33:00,2025-01-28,1.05,1.05,1.05,1.05,0,0,1
FINNIFTY28JAN2520000CE.NFO,2024-11-26,09:34:00,2025-01-28,1.05,1.05,1.05,1.05,0,0,1
FINNIFTY28JAN2520000CE.NFO,2024-11-26,09:35:00,2025-01-28,1.05,1.05,1.05,1.05,0,0,1
FINNIFTY28JAN2520000CE.NFO,2024-11-26,09:36:00,2025-01-28,1.05,1.05,1.05,1.05,0,0,1
FINNIFTY28JAN2520000CE.NFO,2024-11-26,09:37:00,2025-01-28,1.05,1.05,1.05,1.05,0,0,1
FINNIFTY28JAN2520000CE.NFO,2024-11-26,09:38:00,2025-01-28,1.05,1.05,1.05,1.05,0,0,1
FINNIFTY28JAN2520000CE.NFO,2024-11-26,09:39:00,2025-01-28,1.05,1.05,1.05,1.05,0,0,1
FINNIFTY28JAN2520000CE.NFO,2024-11-26,09:40:00,2025-01-28,1.05,1.05,1.05,1.05,0,0,1
FINNIFTY28JAN2520000CE.NFO,2024-11-26,09:41:00,2025-01-28,1.05,1.05,1.05,1.05,0,0,1
FINNIFTY28JAN2520000CE.NFO,2024-11-26,09:42:00,2025-01-28,1.05,1.05,1.05,1.05,0,0,1
FINNIFTY28JAN2520000CE.NFO,2024-11-26,09:43:00,2025-01-28,1.05,1.05,1.05,1.05,0,0,1
FINNIFTY28JAN2520000CE.NFO,2024-11-26,09:44:00,2025-01-28,1.05,1.05,1.05,1.05,0,0,1
FINNIFTY28JAN2520000CE.NFO,2024-11-26,09:45:00,2025-01-28,1.05,1.05,1.05,1.05,0,0,1
FINNIFTY28JAN2520000CE.NFO,2024-11-26,09:46:00,2025-01-28,1.05,1.05,1.05,1.05,0,0,1
FINNIFTY28JAN2520000CE.NFO,2024-11-26,09:47:00,2025-01-28,1.05,1.05,1.05,1.05,0,0,1
FINNIFTY28JAN2520000CE.NFO,2024-11-26,09:48:00,2025-01-28,1.05,1.05,1.05,1.05,0,0,1
FINNIFTY28JAN2520000CE.NFO,2024-11-26,09:49:00,2025-01-28,1.05,1.05,1.05,1.05,0,0,1
FINNIFTY28JAN2520000CE.NFO,2024-11-26,09:50:00,2025-01-28,1.05,1.05,1.05,1.05,0,0,1
FINNIFTY28JAN2520000CE.NFO,2024-11-26,09:51:00,2025-01-28,1.05,1.05,1.05,1.05,0,0,1
FINNIFTY28JAN2520000CE.NFO,2024-11-26,09:52:00,2025-01-28,1.05,1.05,1.05,1.05,0,0,1
FINNIFTY28JAN2520000CE.NFO,2024-11-26,09:53:00,2025-01-28,1.05,1.05,1.05,1.05,0,0,1
FINNIFTY28JAN2520000CE.NFO,2024-11-26,09:54:00,2025-01-28,1.05,1.05,1.05,1.05,0,0,1
FINNIFTY28JAN2520000CE.NFO,2024-11-26,09:55:00,2025-01-28,1.05,1.05,1.05,1.05,0,0,1
FINNIFTY28JAN2520000CE.NFO,2024-11-26,09:56:00,2025-01-28,1.05,1.05,1.05,1.05,0,0,1
FINNIFTY28JAN2520000CE.NFO,2024-11-26,09:57:00,2025-01-28,1.05,1.05,1.05,1.05,0,0,1
FINNIFTY28JAN2520000CE.NFO,2024-11-26,09:58:00,2025-01-28,1.05,1.05,1.05,1.05,0,0,1
FINNIFTY28JAN2520000CE.NFO,2024-11-26,09:59:00,2025-01-28,1.05,1.05,1.05,1.05,0,0,1
FINNIFTY28JAN2520000CE.NFO,2024-11-26,10:00:00,2025-01-28,1.05,1.05,1.05,1.05,0,0,1
FINNIFTY28JAN2520000CE.NFO,2024-11-26,10:01:00,2025-01-28,1.05,1.05,1.05,1.05,0,0,1
FINNIFTY28JAN2520000CE.NFO,2024-11-26,10:02:00,2025-01-28,1.05,1.05,1.05,1.05,0,0,1
FINNIFTY28JAN2520000CE.NFO,2024-11-26,10:03:00,2025-01-28,1.05,1.05,1.05,1.05,0,0,1
FINNIFTY28JAN2520000CE.NFO,2024-11-26,10:04:00,2025-01-28,1.05,1.05,1.05,1.05,0,0,1
FINNIFTY28JAN2520000CE.NFO,2024-11-26,10:05:00,2025-01-28,1.05,1.05,1.05,1.05,0,0,1
FINNIFTY28JAN2520000CE.NFO,2024-11-26,10:06:00,2025-01-28,1.05,1.05,1.05,1.05,0,0,1
FINNIFTY28JAN2520000CE.NFO,2024-11-26,10:07:00,2025-01-28,1.05,1.05,1.05,1.05,0,0,1
FINNIFTY28JAN2520000CE.NFO,2024-11-26,10:08:00,2025-01-28,1.05,1.05,1.05,1.05,0,0,1
FINNIFTY28JAN2520000CE.NFO,2024-11-26,10:09:00,2025-01-28,1.05,1.05,1.05,1.05,0,0,1
FINNIFTY28JAN2520000CE.NFO,2024-11-26,10:10:00,2025-01-28,1.05,1.05,1.05,1.05,0,0,1
FINNIFTY28JAN2520000CE.NFO,2024-11-26,10:11:00,2025-01-28,1.05,1.05,1.05,1.05,0,0,1
FINNIFTY28JAN2520000CE.NFO,2024-11-26,10:12:00,2025-01-28,1.05,1.05,1.05,1.05,0,0,1
FINNIFTY28JAN2520000CE.NFO,2024-11-26,10:13:00,2025-01-28,1.05,1.05,1.05,1.05,0,0,1
FINNIFTY28JAN2520000CE.NFO,2024-11-26,10:14:00,2025-01-28,1.05,1.05,1.05,1.05,0,0,1
FINNIFTY28JAN2520000CE.NFO,2024-11-26,10:15:00,2025-01-28,1.05,1.05,1.05,1.05,0,0,1
FINNIFTY28JAN2520000CE.NFO,2024-11-26,10:16:00,2025-01-28,1.05,1.05,1.05,1.05,0,0,1
FINNIFTY28JAN2520000CE.NFO,2024-11-26,10:17:00,2025-01-28,1.05,1.05,1.05,1.05,0,0,1
FINNIFTY28JAN2520000CE.NFO,2024-11-26,10:18:00,2025-01-28,1.05,1.05,1.05,1.05,0,0,1
FINNIFTY28JAN2520000CE.NFO,2024-11-26,10:19:00,2025-01-28,1.05,1.05,1.05,1.05,0,0,1
FINNIFTY28JAN2520000CE.NFO,2024-11-26,10:20:00,2025-01-28,1.05,1.05,1.05,1.05,0,0,1
FINNIFTY28JAN2520000CE.NFO,2024-11-26,10:21:00,2025-01-28,1.05,1.05,1.05,1.05,0,0,1
FINNIFTY28JAN2520000CE.NFO,2024-11-26,10:22:00,2025-01-28,1.05,1.05,1.05,1.05,0,0,1
FINNIFTY28JAN2520000CE.NFO,2024-11-26,10:23:00,2025-01-28,1.05,1.05,1.05,1.05,0,0,1
FINNIFTY28JAN2520000CE.NFO,2024-11-26,10:24:00,2025-01-28,1.05,1.05,1.05,1.05,0,0,1
FINNIFTY28JAN2520000CE.NFO,2024-11-26,10:25:00,2025-01-28,1.05,1.05,1.05,1.05,0,0,1
FINNIFTY28JAN2520000CE.NFO,2024-11-26,10:26:00,2025-01-28,1.05,1.05,1.05,1.05,0,0,1
FINNIFTY28JAN2520000CE.NFO,2024-11-26,10:27:00,2025-01-28,1.05,1.05,1.05,1.05,0,0,1
FINNIFTY28JAN2520000CE.NFO,2024-11-26,10:28:00,2025-01-28,1.05,1.05,1.05,1.05,0,0,1
FINNIFTY28JAN2520000CE.NFO,2024-11-26,10:29:00,2025-01-28,1.05,1.05,1.05,1.05,0,0,1
FINNIFTY28JAN2520000CE.NFO,2024-11-26,10:30:00,2025-01-28,1.05,1.05,1.05,1.05,0,0,1
FINNIFTY28JAN2520000CE.NFO,2024-11-26,10:31:00,2025-01-28,1.05,1.05,1.05,1.05,0,0,1
FINNIFTY28JAN2520000CE.NFO,2024-11-26,10:32:00,2025-01-28,1.05,1.05,1.05,1.05,0,0,1
FINNIFTY28JAN2520000CE.NFO,2024-11-26,10:33:00,2025-01-28,1.05,1.05,1.05,1.05,0,0,1
FINNIFTY28JAN2520000CE.NFO,2024-11-26,10:34:00,2025-01-28,1.05,1.05,1.05,1.05,0,0,1
FINNIFTY28JAN2520000CE.NFO,2024-11-26,10:35:00,2025-01-28,1.05,1.05,1.05,1.05,0,0,1
FINNIFTY28JAN2520000CE.NFO,2024-11-26,10:36:00,2025-01-28,1.05,1.05,1.05,1.05,0,0,1
FINNIFTY28JAN2520000CE.NFO,2024-11-26,10:37:00,2025-01-28,1.05,1.05,1.05,1.05,0,0,1
FINNIFTY28JAN2520000CE.NFO,2024-11-26,10:38:00,2025-01-28,1.05,1.05,1.05,1.05,0,0,1
FINNIFTY28JAN2520000CE.NFO,2024-11-26,10:39:00,2025-01-28,1.05,1.05,1.05,1.05,0,0,1
FINNIFTY28JAN2520000CE.NFO,2024-11-26,10:40:00,2025-01-28,1.05,1.05,1.05,1.05,0,0,1
FINNIFTY28JAN2520000CE.NFO,2024-11-26,10:41:00,2025-01-28,1.05,1.05,1.05,1.05,0,0,1
FINNIFTY28JAN2520000CE.NFO,2024-11-26,10:42:00,2025-01-28,1.05,1.05,1.05,1.05,0,0,1
FINNIFTY28JAN2520000CE.NFO,2024-11-26,10:43:00,2025-01-28,1.05,1.05,1.05,1.05,0,0,1
FINNIFTY28JAN2520000CE.NFO,2024-11-26,10:44:00,2025-01-28,1.05,1.05,1.05,1.05,0,0,1
FINNIFTY28JAN2520000CE.NFO,2024-11-26,10:45:00,2025-01-28,1.05,1.05,1.05,1.05,0,0,1
FINNIFTY28JAN2520000CE.NFO,2024-11-26,10:46:00,2025-01-28,1.05,1.05,1.05,1.05,0,0,1
FINNIFTY28JAN2520000CE.NFO,2024-11-26,10:47:00,2025-01-28,1.05,1.05,1.05,1.05,0,0,1
FINNIFTY28JAN2520000CE.NFO,2024-11-26,10:48:00,2025-01-28,1.05,1.05,1.05,1.05,0,0,1
FINNIFTY28JAN2520000CE.NFO,2024-11-26,10:49:00,2025-01-28,1.05,1.05,1.05,1.05,0,0,1
FINNIFTY28JAN2520000CE.NFO,2024-11-26,10:50:00,2025-01-28,1.05,1.05,1.05,1.05,0,0,1
FINNIFTY28JAN2520000CE.NFO,2024-11-26,10:51:00,2025-01-28,1.05,1.05,1.05,1.05,0,0,1
FINNIFTY28JAN2520000CE.NFO,2024-11-26,10:52:00,2025-01-28,1.05,1.05,1.05,1.05,0,0,1
FINNIFTY28JAN2520000CE.NFO,2024-11-26,10:53:00,2025-01-28,1.05,1.05,1.05,1.05,0,0,1
FINNIFTY28JAN2520000CE.NFO,2024-11-26,10:54:00,2025-01-28,1.05,1.05,1.05,1.05,0,0,1
FINNIFTY28JAN2520000CE.NFO,2024-11-26,10:55:00,2025-01-28,1.05,1.05,1.05,1.05,0,0,1
FINNIFTY28JAN2520000CE.NFO,2024-11-26,10:56:00,2025-01-28,1.05,1.05,1.05,1.05,0,0,1
FINNIFTY28JAN2520000CE.NFO,2024-11-26,10:57:00,2025-01-28,1.05,1.05,1.05,1.05,0,0,1
FINNIFTY28JAN2520000CE.NFO,2024-11-26,10:58:00,2025-01-28,1.05,1.05,1.05,1.05,0,0,1
FINNIFTY28JAN2520000CE.NFO,2024-11-26,10:59:00,2025-01-28,1.05,1.05,1.05,1.05,0,0,1
FINNIFTY28JAN2520000CE.NFO,2024-11-26,11:00:00,2025-01-28,1.05,1.05,1.05,1.05,0,0,1
FINNIFTY28JAN2520000CE.NFO,2024-11-26,11:01:00,2025-01-28,1.05,1.05,1.05,1.05,0,0,1
FINNIFTY28JAN2520000CE.NFO,2024-11-26,11:02:00,2025-01-28,1.05,1.05,1.05,1.05,0,0,1
FINNIFTY28JAN2520000CE.NFO,2024-11-26,11:03:00,2025-01-28,1.05,1.05,1.05,1.05,0,0,1
FINNIFTY28JAN2520000CE.NFO,2024-11-26,11:04:00,2025-01-28,1.05,1.05,1.05,1.05,0,0,1
FINNIFTY28JAN2520000CE.NFO,2024-11-26,11:05:00,2025-01-28,1.05,1.05,1.05,1.05,0,0,1
FINNIFTY28JAN2520000CE.NFO,2024-11-26,11:06:00,2025-01-28,1.05,1.05,1.05,1.05,0,0,1
FINNIFTY28JAN2520000CE.NFO,2024-11-26,11:07:00,2025-01-28,1.05,1.05,1.05,1.05,0,0,1
FINNIFTY28JAN2520000CE.NFO,2024-11-26,11:08:00,2025-01-28,1.05,1.05,1.05,1.05,0,0,1
FINNIFTY28JAN2520000CE.NFO,2024-11-26,11:09:00,2025-01-28,1.05,1.05,1.05,1.05,0,0,1
FINNIFTY28JAN2520000CE.NFO,2024-11-26,11:10:00,2025-01-28,1.05,1.05,1.05,1.05,0,0,1
FINNIFTY28JAN2520000CE.NFO,2024-11-26,11:11:00,2025-01-28,1.05,1.05,1.05,1.05,0,0,1
FINNIFTY28JAN2520000CE.NFO,2024-11-26,11:12:00,2025-01-28,1.05,1.05,1.05,1.05,0,0,1
FINNIFTY28JAN2520000CE.NFO,2024-11-26,11:13:00,2025-01-28,1.05,1.05,1.05,1.05,0,0,1
FINNIFTY28JAN2520000CE.NFO,2024-11-26,11:14:00,2025-01-28,1.05,1.05,1.05,1.05,0,0,1
FINNIFTY28JAN2520000CE.NFO,2024-11-26,11:15:00,2025-01-28,1.05,1.05,1.05,1.05,0,0,1
FINNIFTY28JAN2520000CE.NFO,2024-11-26,11:16:00,2025-01-28,1.05,1.05,1.05,1.05,0,0,1
FINNIFTY28JAN2520000CE.NFO,2024-11-26,11:17:00,2025-01-28,1.05,1.05,1.05,1.05,0,0,1
FINNIFTY28JAN2520000CE.NFO,2024-11-26,11:18:00,2025-01-28,1.05,1.05,1.05,1.05,0,0,1
FINNIFTY28JAN2520000CE.NFO,2024-11-26,11:19:00,2025-01-28,1.05,1.05,1.05,1.05,0,0,1
FINNIFTY28JAN2520000CE.NFO,2024-11-26,11:20:00,2025-01-28,1.05,1.05,1.05,1.05,0,0,1
FINNIFTY28JAN2520000CE.NFO,2024-11-26,11:21:00,2025-01-28,1.05,1.05,1.05,1.05,0,0,1
FINNIFTY28JAN2520000CE.NFO,2024-11-26,11:22:00,2025-01-28,1.05,1.05,1.05,1.05,0,0,1
FINNIFTY28JAN2520000CE.NFO,2024-11-26,11:23:00,2025-01-28,1.05,1.05,1.05,1.05,0,0,1
FINNIFTY28JAN2520000CE.NFO,2024-11-26,11:24:00,2025-01-28,1.05,1.05,1.05,1.05,0,0,1
FINNIFTY28JAN2520000CE.NFO,2024-11-26,11:25:00,2025-01-28,1.05,1.05,1.05,1.05,0,0,1
FINNIFTY28JAN2520000CE.NFO,2024-11-26,11:26:00,2025-01-28,1.05,1.05,1.05,1.05,0,0,1
FINNIFTY28JAN2520000CE.NFO,2024-11-26,11:27:00,2025-01-28,1.05,1.05,1.05,1.05,0,0,1
FINNIFTY28JAN2520000CE.NFO,2024-11-26,11:28:00,2025-01-28,1.05,1.05,1.05,1.05,0,0,1
FINNIFTY28JAN2520000CE.NFO,2024-11-26,11:29:00,2025-01-28,1.05,1.05,1.05,1.05,0,0,1
FINNIFTY28JAN2520000CE.NFO,2024-11-26,11:30:00,2025-01-28,1.05,1.05,1.05,1.05,0,0,1
FINNIFTY28JAN2520000CE.NFO,2024-11-26,11:31:00,2025-01-28,1.05,1.05,1.05,1.05,0,0,1
FINNIFTY28JAN2520000CE.NFO,2024-11-26,11:32:00,2025-01-28,1.05,1.05,1.05,1.05,0,0,1
FINNIFTY28JAN2520000CE.NFO,2024-11-26,11:33:00,2025-01-28,1.05,1.05,1.05,1.05,0,0,1
FINNIFTY28JAN2520000CE.NFO,2024-11-26,11:34:00,2025-01-28,1.05,1.05,1.05,1.05,0,0,1
FINNIFTY28JAN2520000CE.NFO,2024-11-26,11:35:00,2025-01-28,1.05,1.05,1.05,1.05,0,0,1
FINNIFTY28JAN2520000CE.NFO,2024-11-26,11:36:00,2025-01-28,1.05,1.05,1.05,1.05,0,0,1
FINNIFTY28JAN2520000CE.NFO,2024-11-26,11:37:00,2025-01-28,1.05,1.05,1.05,1.05,0,0,1
FINNIFTY28JAN2520000CE.NFO,2024-11-26,11:38:00,2025-01-28,1.05,1.05,1.05,1.05,0,0,1
FINNIFTY28JAN2520000CE.NFO,2024-11-26,11:39:00,2025-01-28,1.05,1.05,1.05,1.05,0,0,1
FINNIFTY28JAN2520000CE.NFO,2024-11-26,11:40:00,2025-01-28,1.05,1.05,1.05,1.05,0,0,1
FINNIFTY28JAN2520000CE.NFO,2024-11-26,11:41:00,2025-01-28,1.05,1.05,1.05,1.05,0,0,1
FINNIFTY28JAN2520000CE.NFO,2024-11-26,11:42:00,2025-01-28,1.05,1.05,1.05,1.05,0,0,1
FINNIFTY28JAN2520000CE.NFO,2024-11-26,11:43:00,2025-01-28,1.05,1.05,1.05,1.05,0,0,1
FINNIFTY28JAN2520000CE.NFO,2024-11-26,11:44:00,2025-01-28,1.05,1.05,1.05,1.05,0,0,1
FINNIFTY28JAN2520000CE.NFO,2024-11-26,11:45:00,2025-01-28,1.05,1.05,1.05,1.05,0,0,1
FINNIFTY28JAN2520000CE.NFO,2024-11-26,11:46:00,2025-01-28,1.05,1.05,1.05,1.05,0,0,1
FINNIFTY28JAN2520000CE.NFO,2024-11-26,11:47:00,2025-01-28,1.05,1.05,1.05,1.05,0,0,1
FINNIFTY28JAN2520000CE.NFO,2024-11-26,11:48:00,2025-01-28,1.05,1.05,1.05,1.05,0,0,1
FINNIFTY28JAN2520000CE.NFO,2024-11-26,11:49:00,2025-01-28,1.05,1.05,1.05,1.05,0,0,1
FINNIFTY28JAN2520000CE.NFO,2024-11-26,11:50:00,2025-01-28,1.05,1.05,1.05,1.05,0,0,1
FINNIFTY28JAN2520000CE.NFO,2024-11-26,11:51:00,2025-01-28,1.05,1.05,1.05,1.05,0,0,1
FINNIFTY28JAN2520000CE.NFO,2024-11-26,11:52:00,2025-01-28,1.05,1.05,1.05,1.05,0,0,1
FINNIFTY28JAN2520000CE.NFO,2024-11-26,11:53:00,2025-01-28,1.05,1.05,1.05,1.05,0,0,1
FINNIFTY28JAN2520000CE.NFO,2024-11-26,11:54:00,2025-01-28,1.05,1.05,1.05,1.05,0,0,1
FINNIFTY28JAN2520000CE.NFO,2024-11-26,11:55:00,2025-01-28,1.05,1.05,1.05,1.05,0,0,1
FINNIFTY28JAN2520000CE.NFO,2024-11-26,11:56:00,2025-01-28,1.05,1.05,1.05,1.05,0,0,1
FINNIFTY28JAN2520000CE.NFO,2024-11-26,11:57:00,2025-01-28,1.05,1.05,1.05,1.05,0,0,1
FINNIFTY28JAN2520000CE.NFO,2024-11-26,11:58:00,2025-01-28,1.05,1.05,1.05,1.05,0,0,1
FINNIFTY28JAN2520000CE.NFO,2024-11-26,11:59:00,2025-01-28,1.05,1.05,1.05,1.05,0,0,1
FINNIFTY28JAN2520000CE.NFO,2024-11-26,12:00:00,2025-01-28,1.05,1.05,1.05,1.05,0,0,1
FINNIFTY28JAN2520000CE.NFO,2024-11-26,12:01:00,2025-01-28,1.05,1.05,1.05,1.05,0,0,1
FINNIFTY28JAN2520000CE.NFO,2024-11-26,12:02:00,2025-01-28,1.05,1.05,1.05,1.05,0,0,1
FINNIFTY28JAN2520000CE.NFO,2024-11-26,12:03:00,2025-01-28,1.05,1.05,1.05,1.05,0,0,1
FINNIFTY28JAN2520000CE.NFO,2024-11-26,12:04:00,2025-01-28,1.05,1.05,1.05,1.05,0,0,1
FINNIFTY28JAN2520000CE.NFO,2024-11-26,12:05:00,2025-01-28,1.05,1.05,1.05,1.05,0,0,1
FINNIFTY28JAN2520000CE.NFO,2024-11-26,12:06:00,2025-01-28,1.05,1.05,1.05,1.05,0,0,1
FINNIFTY28JAN2520000CE.NFO,2024-11-26,12:07:00,2025-01-28,1.05,1.05,1.05,1.05,0,0,1
FINNIFTY28JAN2520000CE.NFO,2024-11-26,12:08:00,2025-01-28,1.05,1.05,1.05,1.05,0,0,1
FINNIFTY28JAN2520000CE.NFO,2024-11-26,12:09:00,2025-01-28,1.05,1.05,1.05,1.05,0,0,1
FINNIFTY28JAN2520000CE.NFO,2024-11-26,12:10:00,2025-01-28,1.05,1.05,1.05,1.05,0,0,1
FINNIFTY28JAN2520000CE.NFO,2024-11-26,12:11:00,2025-01-28,1.05,1.05,1.05,1.05,0,0,1
FINNIFTY28JAN2520000CE.NFO,2024-11-26,12:12:00,2025-01-28,1.05,1.05,1.05,1.05,0,0,1
FINNIFTY28JAN2520000CE.NFO,2024-11-26,12:13:00,2025-01-28,1.05,1.05,1.05,1.05,0,0,1
FINNIFTY28JAN2520000CE.NFO,2024-11-26,12:14:00,2025-01-28,1.05,1.05,1.05,1.05,0,0,1
FINNIFTY28JAN2520000CE.NFO,2024-11-26,12:15:00,2025-01-28,1.05,1.05,1.05,1.05,0,0,1
FINNIFTY28JAN2520000CE.NFO,2024-11-26,12:16:00,2025-01-28,1.05,1.05,1.05,1.05,0,0,1
FINNIFTY28JAN2520000CE.NFO,2024-11-26,12:17:00,2025-01-28,1.05,1.05,1.05,1.05,0,0,1
FINNIFTY28JAN2520000CE.NFO,2024-11-26,12:18:00,2025-01-28,1.05,1.05,1.05,1.05,0,0,1
FINNIFTY28JAN2520000CE.NFO,2024-11-26,12:19:00,2025-01-28,1.05,1.05,1.05,1.05,0,0,1
FINNIFTY28JAN2520000CE.NFO,2024-11-26,12:20:00,2025-01-28,1.05,1.05,1.05,1.05,0,0,1
FINNIFTY28JAN2520000CE.NFO,2024-11-26,12:21:00,2025-01-28,1.05,1.05,1.05,1.05,0,0,1
FINNIFTY28JAN2520000CE.NFO,2024-11-26,12:22:00,2025-01-28,1.05,1.05,1.05,1.05,0,0,1
FINNIFTY28JAN2520000CE.NFO,2024-11-26,12:23:00,2025-01-28,1.05,1.05,1.05,1.05,0,0,1
FINNIFTY28JAN2520000CE.NFO,2024-11-26,12:24:00,2025-01-28,1.05,1.05,1.05,1.05,0,0,1
FINNIFTY28JAN2520000CE.NFO,2024-11-26,12:25:00,2025-01-28,1.05,1.05,1.05,1.05,0,0,1
FINNIFTY28JAN2520000CE.NFO,2024-11-26,12:26:00,2025-01-28,1.05,1.05,1.05,1.05,0,0,1
FINNIFTY28JAN2520000CE.NFO,2024-11-26,12:27:00,2025-01-28,1.05,1.05,1.05,1.05,0,0,1
FINNIFTY28JAN2520000CE.NFO,2024-11-26,12:28:00,2025-01-28,1.05,1.05,1.05,1.05,0,0,1
FINNIFTY28JAN2520000CE.NFO,2024-11-26,12:29:00,2025-01-28,1.05,1.05,1.05,1.05,0,0,1
FINNIFTY28JAN2520000CE.NFO,2024-11-26,12:30:00,2025-01-28,1.05,1.05,1.05,1.05,0,0,1
FINNIFTY28JAN2520000CE.NFO,2024-11-26,12:31:00,2025-01-28,1.05,1.05,1.05,1.05,0,0,1
FINNIFTY28JAN2520000CE.NFO,2024-11-26,12:32:00,2025-01-28,1.05,1.05,1.05,1.05,0,0,1
FINNIFTY28JAN2520000CE.NFO,2024-11-26,12:33:00,2025-01-28,1.05,1.05,1.05,1.05,0,0,1
FINNIFTY28JAN2520000CE.NFO,2024-11-26,12:34:00,2025-01-28,1.05,1.05,1.05,1.05,0,0,1
FINNIFTY28JAN2520000CE.NFO,2024-11-26,12:35:00,2025-01-28,1.05,1.05,1.05,1.05,0,0,1
FINNIFTY28JAN2520000CE.NFO,2024-11-26,12:36:00,2025-01-28,1.05,1.05,1.05,1.05,0,0,1
FINNIFTY28JAN2520000CE.NFO,2024-11-26,12:37:00,2025-01-28,1.05,1.05,1.05,1.05,0,0,1
FINNIFTY28JAN2520000CE.NFO,2024-11-26,12:38:00,2025-01-28,1.05,1.05,1.05,1.05,0,0,1
FINNIFTY28JAN2520000CE.NFO,2024-11-26,12:39:00,2025-01-28,1.05,1.05,1.05,1.05,0,0,1
FINNIFTY28JAN2520000CE.NFO,2024-11-26,12:40:00,2025-01-28,1.05,1.05,1.05,1.05,0,0,1
FINNIFTY28JAN2520000CE.NFO,2024-11-26,12:41:00,2025-01-28,1.05,1.05,1.05,1.05,0,0,1
FINNIFTY28JAN2520000CE.NFO,2024-11-26,12:42:00,2025-01-28,1.05,1.05,1.05,1.05,0,0,1
FINNIFTY28JAN2520000CE.NFO,2024-11-26,12:43:00,2025-01-28,1.05,1.05,1.05,1.05,0,0,1
FINNIFTY28JAN2520000CE.NFO,2024-11-26,12:44:00,2025-01-28,1.05,1.05,1.05,1.05,0,0,1
FINNIFTY28JAN2520000CE.NFO,2024-11-26,12:45:00,2025-01-28,1.05,1.05,1.05,1.05,0,0,1
FINNIFTY28JAN2520000CE.NFO,2024-11-26,12:46:00,2025-01-28,1.05,1.05,1.05,1.05,0,0,1
FINNIFTY28JAN2520000CE.NFO,2024-11-26,12:47:00,2025-01-28,1.05,1.05,1.05,1.05,0,0,1
FINNIFTY28JAN2520000CE.NFO,2024-11-26,12:48:00,2025-01-28,1.05,1.05,1.05,1.05,0,0,1
FINNIFTY28JAN2520000CE.NFO,2024-11-26,12:49:00,2025-01-28,1.05,1.05,1.05,1.05,0,0,1
FINNIFTY28JAN2520000CE.NFO,2024-11-26,12:50:00,2025-01-28,1.05,1.05,1.05,1.05,0,0,1
FINNIFTY28JAN2520000CE.NFO,2024-11-26,12:51:00,2025-01-28,1.05,1.05,1.05,1.05,0,0,1
FINNIFTY28JAN2520000CE.NFO,2024-11-26,12:52:00,2025-01-28,1.05,1.05,1.05,1.05,0,0,1
FINNIFTY28JAN2520000CE.NFO,2024-11-26,12:53:00,2025-01-28,1.05,1.05,1.05,1.05,0,0,1
FINNIFTY28JAN2520000CE.NFO,2024-11-26,12:54:00,2025-01-28,1.05,1.05,1.05,1.05,0,0,1
FINNIFTY28JAN2520000CE.NFO,2024-11-26,12:55:00,2025-01-28,1.05,1.05,1.05,1.05,0,0,1
FINNIFTY28JAN2520000CE.NFO,2024-11-26,12:56:00,2025-01-28,1.05,1.05,1.05,1.05,0,0,1
FINNIFTY28JAN2520000CE.NFO,2024-11-26,12:57:00,2025-01-28,1.05,1.05,1.05,1.05,0,0,1
FINNIFTY28JAN2520000CE.NFO,2024-11-26,12:58:00,2025-01-28,1.05,1.05,1.05,1.05,0,0,1
FINNIFTY28JAN2520000CE.NFO,2024-11-26,12:59:00,2025-01-28,1.05,1.05,1.05,1.05,0,0,1
FINNIFTY28JAN2520000CE.NFO,2024-11-26,13:00:00,2025-01-28,1.05,1.05,1.05,1.05,0,0,1
FINNIFTY28JAN2520000CE.NFO,2024-11-26,13:01:00,2025-01-28,1.05,1.05,1.05,1.05,0,0,1
FINNIFTY28JAN2520000CE.NFO,2024-11-26,13:02:00,2025-01-28,1.05,1.05,1.05,1.05,0,0,1
FINNIFTY28JAN2520000CE.NFO,2024-11-26,13:03:00,2025-01-28,1.05,1.05,1.05,1.05,0,0,1
FINNIFTY28JAN2520000CE.NFO,2024-11-26,13:04:00,2025-01-28,1.05,1.05,1.05,1.05,0,0,1
FINNIFTY28JAN2520000CE.NFO,2024-11-26,13:05:00,2025-01-28,1.05,1.05,1.05,1.05,0,0,1
FINNIFTY28JAN2520000CE.NFO,2024-11-26,13:06:00,2025-01-28,1.05,1.05,1.05,1.05,0,0,1
FINNIFTY28JAN2520000CE.NFO,2024-11-26,13:07:00,2025-01-28,1.05,1.05,1.05,1.05,0,0,1
FINNIFTY28JAN2520000CE.NFO,2024-11-26,13:08:00,2025-01-28,1.05,1.05,1.05,1.05,0,0,1
FINNIFTY28JAN2520000CE.NFO,2024-11-26,13:09:00,2025-01-28,1.05,1.05,1.05,1.05,0,0,1
FINNIFTY28JAN2520000CE.NFO,2024-11-26,13:10:00,2025-01-28,1.05,1.05,1.05,1.05,0,0,1
FINNIFTY28JAN2520000CE.NFO,2024-11-26,13:11:00,2025-01-28,1.05,1.05,1.05,1.05,0,0,1
FINNIFTY28JAN2520000CE.NFO,2024-11-26,13:12:00,2025-01-28,1.05,1.05,1.05,1.05,0,0,1
FINNIFTY28JAN2520000CE.NFO,2024-11-26,13:13:00,2025-01-28,1.05,1.05,1.05,1.05,0,0,1
FINNIFTY28JAN2520000CE.NFO,2024-11-26,13:14:00,2025-01-28,1.05,1.05,1.05,1.05,0,0,1
FINNIFTY28JAN2520000CE.NFO,2024-11-26,13:15:00,2025-01-28,1.05,1.05,1.05,1.05,0,0,1
FINNIFTY28JAN2520000CE.NFO,2024-11-26,13:16:00,2025-01-28,1.05,1.05,1.05,1.05,0,0,1
FINNIFTY28JAN2520000CE.NFO,2024-11-26,13:17:00,2025-01-28,1.05,1.05,1.05,1.05,0,0,1
FINNIFTY28JAN2520000CE.NFO,2024-11-26,13:18:00,2025-01-28,1.05,1.05,1.05,1.05,0,0,1
FINNIFTY28JAN2520000CE.NFO,2024-11-26,13:19:00,2025-01-28,1.05,1.05,1.05,1.05,0,0,1
FINNIFTY28JAN2520000CE.NFO,2024-11-26,13:20:00,2025-01-28,1.05,1.05,1.05,1.05,0,0,1
FINNIFTY28JAN2520000CE.NFO,2024-11-26,13:21:00,2025-01-28,1.05,1.05,1.05,1.05,0,0,1
FINNIFTY28JAN2520000CE.NFO,2024-11-26,13:22:00,2025-01-28,1.05,1.05,1.05,1.05,0,0,1
FINNIFTY28JAN2520000CE.NFO,2024-11-26,13:23:00,2025-01-28,1.05,1.05,1.05,1.05,0,0,1
FINNIFTY28JAN2520000CE.NFO,2024-11-26,13:24:00,2025-01-28,1.05,1.05,1.05,1.05,0,0,1
FINNIFTY28JAN2520000CE.NFO,2024-11-26,13:25:00,2025-01-28,1.05,1.05,1.05,1.05,0,0,1
FINNIFTY28JAN2520000CE.NFO,2024-11-26,13:26:00,2025-01-28,1.05,1.05,1.05,1.05,0,0,1
FINNIFTY28JAN2520000CE.NFO,2024-11-26,13:27:00,2025-01-28,1.05,1.05,1.05,1.05,0,0,1
FINNIFTY28JAN2520000CE.NFO,2024-11-26,13:28:00,2025-01-28,1.05,1.05,1.05,1.05,0,0,1
FINNIFTY28JAN2520000CE.NFO,2024-11-26,13:29:00,2025-01-28,1.05,1.05,1.05,1.05,0,0,1
FINNIFTY28JAN2520000CE.NFO,2024-11-26,13:30:00,2025-01-28,1.05,1.05,1.05,1.05,0,0,1
FINNIFTY28JAN2520000CE.NFO,2024-11-26,13:31:00,2025-01-28,1.05,1.05,1.05,1.05,0,0,1
FINNIFTY28JAN2520000CE.NFO,2024-11-26,13:32:00,2025-01-28,1.05,1.05,1.05,1.05,0,0,1
FINNIFTY28JAN2520000CE.NFO,2024-11-26,13:33:00,2025-01-28,1.05,1.05,1.05,1.05,0,0,1
FINNIFTY28JAN2520000CE.NFO,2024-11-26,13:34:00,2025-01-28,1.05,1.05,1.05,1.05,0,0,1
FINNIFTY28JAN2520000CE.NFO,2024-11-26,13:35:00,2025-01-28,1.05,1.05,1.05,1.05,0,0,1
FINNIFTY28JAN2520000CE.NFO,2024-11-26,13:36:00,2025-01-28,1.05,1.05,1.05,1.05,0,0,1
FINNIFTY28JAN2520000CE.NFO,2024-11-26,13:37:00,2025-01-28,1.05,1.05,1.05,1.05,0,0,1
FINNIFTY28JAN2520000CE.NFO,2024-11-26,13:38:00,2025-01-28,1.05,1.05,1.05,1.05,0,0,1
FINNIFTY28JAN2520000CE.NFO,2024-11-26,13:39:00,2025-01-28,1.05,1.05,1.05,1.05,0,0,1
FINNIFTY28JAN2520000CE.NFO,2024-11-26,13:40:00,2025-01-28,1.05,1.05,1.05,1.05,0,0,1
FINNIFTY28JAN2520000CE.NFO,2024-11-26,13:41:00,2025-01-28,1.05,1.05,1.05,1.05,0,0,1
FINNIFTY28JAN2520000CE.NFO,2024-11-26,13:42:00,2025-01-28,1.05,1.05,1.05,1.05,0,0,1
FINNIFTY28JAN2520000CE.NFO,2024-11-26,13:43:00,2025-01-28,1.05,1.05,1.05,1.05,0,0,1
FINNIFTY28JAN2520000CE.NFO,2024-11-26,13:44:00,2025-01-28,1.05,1.05,1.05,1.05,0,0,1
FINNIFTY28JAN2520000CE.NFO,2024-11-26,13:45:00,2025-01-28,1.05,1.05,1.05,1.05,0,0,1
FINNIFTY28JAN2520000CE.NFO,2024-11-26,13:46:00,2025-01-28,1.05,1.05,1.05,1.05,0,0,1
FINNIFTY28JAN2520000CE.NFO,2024-11-26,13:47:00,2025-01-28,1.05,1.05,1.05,1.05,0,0,1
FINNIFTY28JAN2520000CE.NFO,2024-11-26,13:48:00,2025-01-28,1.05,1.05,1.05,1.05,0,0,1
FINNIFTY28JAN2520000CE.NFO,2024-11-26,13:49:00,2025-01-28,1.05,1.05,1.05,1.05,0,0,1
FINNIFTY28JAN2520000CE.NFO,2024-11-26,13:50:00,2025-01-28,1.05,1.05,1.05,1.05,0,0,1
FINNIFTY28JAN2520000CE.NFO,2024-11-26,13:51:00,2025-01-28,1.05,1.05,1.05,1.05,0,0,1
FINNIFTY28JAN2520000CE.NFO,2024-11-26,13:52:00,2025-01-28,1.05,1.05,1.05,1.05,0,0,1
FINNIFTY28JAN2520000CE.NFO,2024-11-26,13:53:00,2025-01-28,1.05,1.05,1.05,1.05,0,0,1
FINNIFTY28JAN2520000CE.NFO,2024-11-26,13:54:00,2025-01-28,1.05,1.05,1.05,1.05,0,0,1
FINNIFTY28JAN2520000CE.NFO,2024-11-26,13:55:00,2025-01-28,1.05,1.05,1.05,1.05,0,0,1
FINNIFTY28JAN2520000CE.NFO,2024-11-26,13:56:00,2025-01-28,1.05,1.05,1.05,1.05,0,0,1
FINNIFTY28JAN2520000CE.NFO,2024-11-26,13:57:00,2025-01-28,1.05,1.05,1.05,1.05,0,0,1
FINNIFTY28JAN2520000CE.NFO,2024-11-26,13:58:00,2025-01-28,1.05,1.05,1.05,1.05,0,0,1
FINNIFTY28JAN2520000CE.NFO,2024-11-26,13:59:00,2025-01-28,1.05,1.05,1.05,1.05,0,0,1
FINNIFTY28JAN2520000CE.NFO,2024-11-26,14:00:00,2025-01-28,1.05,1.05,1.05,1.05,0,0,1
FINNIFTY28JAN2520000CE.NFO,2024-11-26,14:01:00,2025-01-28,1.05,1.05,1.05,1.05,0,0,1
FINNIFTY28JAN2520000CE.NFO,2024-11-26,14:02:00,2025-01-28,1.05,1.05,1.05,1.05,0,0,1
FINNIFTY28JAN2520000CE.NFO,2024-11-26,14:03:00,2025-01-28,1.05,1.05,1.05,1.05,0,0,1
FINNIFTY28JAN2520000CE.NFO,2024-11-26,14:04:00,2025-01-28,1.05,1.05,1.05,1.05,0,0,1
FINNIFTY28JAN2520000CE.NFO,2024-11-26,14:05:00,2025-01-28,1.05,1.05,1.05,1.05,0,0,1
FINNIFTY28JAN2520000CE.NFO,2024-11-26,14:06:00,2025-01-28,1.05,1.05,1.05,1.05,0,0,1
FINNIFTY28JAN2520000CE.NFO,2024-11-26,14:07:00,2025-01-28,1.05,1.05,1.05,1.05,0,0,1
FINNIFTY28JAN2520000CE.NFO,2024-11-26,14:08:00,2025-01-28,1.05,1.05,1.05,1.05,0,0,1
FINNIFTY28JAN2520000CE.NFO,2024-11-26,14:09:00,2025-01-28,1.05,1.05,1.05,1.05,0,0,1
FINNIFTY28JAN2520000CE.NFO,2024-11-26,14:10:00,2025-01-28,1.05,1.05,1.05,1.05,0,0,1
FINNIFTY28JAN2520000CE.NFO,2024-11-26,14:11:00,2025-01-28,1.05,1.05,1.05,1.05,0,0,1
FINNIFTY28JAN2520000CE.NFO,2024-11-26,14:12:00,2025-01-28,1.05,1.05,1.05,1.05,0,0,1
FINNIFTY28JAN2520000CE.NFO,2024-11-26,14:13:00,2025-01-28,1.05,1.05,1.05,1.05,0,0,1
FINNIFTY28JAN2520000CE.NFO,2024-11-26,14:14:00,2025-01-28,1.05,1.05,1.05,1.05,0,0,1
FINNIFTY28JAN2520000CE.NFO,2024-11-26,14:15:00,2025-01-28,1.05,1.05,1.05,1.05,0,0,1
FINNIFTY28JAN2520000CE.NFO,2024-11-26,14:16:00,2025-01-28,1.05,1.05,1.05,1.05,0,0,1
FINNIFTY28JAN2520000CE.NFO,2024-11-26,14:17:00,2025-01-28,1.05,1.05,1.05,1.05,0,0,1
FINNIFTY28JAN2520000CE.NFO,2024-11-26,14:18:00,2025-01-28,1.05,1.05,1.05,1.05,0,0,1
FINNIFTY28JAN2520000CE.NFO,2024-11-26,14:19:00,2025-01-28,1.05,1.05,1.05,1.05,0,0,1
FINNIFTY28JAN2520000CE.NFO,2024-11-26,14:20:00,2025-01-28,1.05,1.05,1.05,1.05,0,0,1
FINNIFTY28JAN2520000CE.NFO,2024-11-26,14:21:00,2025-01-28,1.05,1.05,1.05,1.05,0,0,1
FINNIFTY28JAN2520000CE.NFO,2024-11-26,14:22:00,2025-01-28,1.05,1.05,1.05,1.05,0,0,1
FINNIFTY28JAN2520000CE.NFO,2024-11-26,14:23:00,2025-01-28,1.05,1.05,1.05,1.05,0,0,1
FINNIFTY28JAN2520000CE.NFO,2024-11-26,14:24:00,2025-01-28,1.05,1.05,1.05,1.05,0,0,1
FINNIFTY28JAN2520000CE.NFO,2024-11-26,14:25:00,2025-01-28,1.05,1.05,1.05,1.05,0,0,1
FINNIFTY28JAN2520000CE.NFO,2024-11-26,14:26:00,2025-01-28,1.05,1.05,1.05,1.05,0,0,1
FINNIFTY28JAN2520000CE.NFO,2024-11-26,14:27:00,2025-01-28,1.05,1.05,1.05,1.05,0,0,1
FINNIFTY28JAN2520000CE.NFO,2024-11-26,14:28:00,2025-01-28,1.05,1.05,1.05,1.05,0,0,1
FINNIFTY28JAN2520000CE.NFO,2024-11-26,14:29:00,2025-01-28,1.05,1.05,1.05,1.05,0,0,1
FINNIFTY28JAN2520000CE.NFO,2024-11-26,14:30:00,2025-01-28,1.05,1.05,1.05,1.05,0,0,1
FINNIFTY28JAN2520000CE.NFO,2024-11-26,14:31:00,2025-01-28,1.05,1.05,1.05,1.05,0,0,1
FINNIFTY28JAN2520000CE.NFO,2024-11-26,14:32:00,2025-01-28,1.05,1.05,1.05,1.05,0,0,1
FINNIFTY28JAN2520000CE.NFO,2024-11-26,14:33:00,2025-01-28,1.05,1.05,1.05,1.05,0,0,1
FINNIFTY28JAN2520000CE.NFO,2024-11-26,14:34:00,2025-01-28,1.05,1.05,1.05,1.05,0,0,1
FINNIFTY28JAN2520000CE.NFO,2024-11-26,14:35:00,2025-01-28,1.05,1.05,1.05,1.05,0,0,1
FINNIFTY28JAN2520000CE.NFO,2024-11-26,14:36:00,2025-01-28,1.05,1.05,1.05,1.05,0,0,1
FINNIFTY28JAN2520000CE.NFO,2024-11-26,14:37:00,2025-01-28,1.05,1.05,1.05,1.05,0,0,1
FINNIFTY28JAN2520000CE.NFO,2024-11-26,14:38:00,2025-01-28,1.05,1.05,1.05,1.05,0,0,1
FINNIFTY28JAN2520000CE.NFO,2024-11-26,14:39:00,2025-01-28,1.05,1.05,1.05,1.05,0,0,1
FINNIFTY28JAN2520000CE.NFO,2024-11-26,14:40:00,2025-01-28,1.05,1.05,1.05,1.05,0,0,1
FINNIFTY28JAN2520000CE.NFO,2024-11-26,14:41:00,2025-01-28,1.05,1.05,1.05,1.05,0,0,1
FINNIFTY28JAN2520000CE.NFO,2024-11-26,14:42:00,2025-01-28,1.05,1.05,1.05,1.05,0,0,1
FINNIFTY28JAN2520000CE.NFO,2024-11-26,14:43:00,2025-01-28,1.05,1.05,1.05,1.05,0,0,1
FINNIFTY28JAN2520000CE.NFO,2024-11-26,14:44:00,2025-01-28,1.05,1.05,1.05,1.05,0,0,1
FINNIFTY28JAN2520000CE.NFO,2024-11-26,14:45:00,2025-01-28,1.05,1.05,1.05,1.05,0,0,1
FINNIFTY28JAN2520000CE.NFO,2024-11-26,14:46:00,2025-01-28,1.05,1.05,1.05,1.05,0,0,1
FINNIFTY28JAN2520000CE.NFO,2024-11-26,14:47:00,2025-01-28,1.05,1.05,1.05,1.05,0,0,1
FINNIFTY28JAN2520000CE.NFO,2024-11-26,14:48:00,2025-01-28,1.05,1.05,1.05,1.05,0,0,1
FINNIFTY28JAN2520000CE.NFO,2024-11-26,14:49:00,2025-01-28,1.05,1.05,1.05,1.05,0,0,1
FINNIFTY28JAN2520000CE.NFO,2024-11-26,14:50:00,2025-01-28,1.05,1.05,1.05,1.05,0,0,1
FINNIFTY28JAN2520000CE.NFO,2024-11-26,14:51:00,2025-01-28,1.05,1.05,1.05,1.05,0,0,1
FINNIFTY28JAN2520000CE.NFO,2024-11-26,14:52:00,2025-01-28,1.05,1.05,1.05,1.05,0,0,1
FINNIFTY28JAN2520000CE.NFO,2024-11-26,14:53:00,2025-01-28,1.05,1.05,1.05,1.05,0,0,1
FINNIFTY28JAN2520000CE.NFO,2024-11-26,14:54:00,2025-01-28,1.05,1.05,1.05,1.05,0,0,1
FINNIFTY28JAN2520000CE.NFO,2024-11-26,14:55:00,2025-01-28,1.05,1.05,1.05,1.05,0,0,1
FINNIFTY28JAN2520000CE.NFO,2024-11-26,14:56:00,2025-01-28,1.05,1.05,1.05,1.05,0,0,1
FINNIFTY28JAN2520000CE.NFO,2024-11-26,14:57:00,2025-01-28,1.05,1.05,1.05,1.05,0,0,1
FINNIFTY28JAN2520000CE.NFO,2024-11-26,14:58:00,2025-01-28,1.05,1.05,1.05,1.05,0,0,1
FINNIFTY28JAN2520000CE.NFO,2024-11-26,14:59:00,2025-01-28,1.05,1.05,1.05,1.05,0,0,1
FINNIFTY28JAN2520000CE.NFO,2024-11-26,15:00:00,2025-01-28,1.05,1.05,1.05,1.05,0,0,1
FINNIFTY28JAN2520000CE.NFO,2024-11-26,15:01:00,2025-01-28,1.05,1.05,1.05,1.05,0,0,1
FINNIFTY28JAN2520000CE.NFO,2024-11-26,15:02:00,2025-01-28,1.05,1.05,1.05,1.05,0,0,1
FINNIFTY28JAN2520000CE.NFO,2024-11-26,15:03:00,2025-01-28,1.05,1.05,1.05,1.05,0,0,1
FINNIFTY28JAN2520000CE.NFO,2024-11-26,15:04:00,2025-01-28,1.05,1.05,1.05,1.05,0,0,1
FINNIFTY28JAN2520000CE.NFO,2024-11-26,15:05:00,2025-01-28,1.05,1.05,1.05,1.05,0,0,1
FINNIFTY28JAN2520000CE.NFO,2024-11-26,15:06:00,2025-01-28,1.05,1.05,1.05,1.05,0,0,1
FINNIFTY28JAN2520000CE.NFO,2024-11-26,15:07:00,2025-01-28,1.05,1.05,1.05,1.05,0,0,1
FINNIFTY28JAN2520000CE.NFO,2024-11-26,15:08:00,2025-01-28,1.05,1.05,1.05,1.05,0,0,1
FINNIFTY28JAN2520000CE.NFO,2024-11-26,15:09:00,2025-01-28,1.05,1.05,1.05,1.05,0,0,1
FINNIFTY28JAN2520000CE.NFO,2024-11-26,15:10:00,2025-01-28,1.05,1.05,1.05,1.05,0,0,1
FINNIFTY28JAN2520000CE.NFO,2024-11-26,15:11:00,2025-01-28,1.05,1.05,1.05,1.05,0,0,1
FINNIFTY28JAN2520000CE.NFO,2024-11-26,15:12:00,2025-01-28,1.05,1.05,1.05,1.05,0,0,1
FINNIFTY28JAN2520000CE.NFO,2024-11-26,15:13:00,2025-01-28,1.05,1.05,1.05,1.05,0,0,1
FINNIFTY28JAN2520000CE.NFO,2024-11-26,15:14:00,2025-01-28,1.05,1.05,1.05,1.05,0,0,1
FINNIFTY28JAN2520000CE.NFO,2024-11-26,15:15:00,2025-01-28,1.05,1.05,1.05,1.05,0,0,1
FINNIFTY28JAN2520000CE.NFO,2024-11-26,15:16:00,2025-01-28,1.05,1.05,1.05,1.05,0,0,1
FINNIFTY28JAN2520000CE.NFO,2024-11-26,15:17:00,2025-01-28,1.05,1.05,1.05,1.05,0,0,1
FINNIFTY28JAN2520000CE.NFO,2024-11-26,15:18:00,2025-01-28,1.05,1.05,1.05,1.05,0,0,1
FINNIFTY28JAN2520000CE.NFO,2024-11-26,15:19:00,2025-01-28,1.05,1.05,1.05,1.05,0,0,1
FINNIFTY28JAN2520000CE.NFO,2024-11-26,15:20:00,2025-01-28,1.05,1.05,1.05,1.05,0,0,1
FINNIFTY28JAN2520000CE.NFO,2024-11-26,15:21:00,2025-01-28,1.05,1.05,1.05,1.05,0,0,1
FINNIFTY28JAN2520000CE.NFO,2024-11-26,15:22:00,2025-01-28,1.05,1.05,1.05,1.05,0,0,1
FINNIFTY28JAN2520000CE.NFO,2024-11-26,15:23:00,2025-01-28,1.05,1.05,1.05,1.05,0,0,1
FINNIFTY28JAN2520000CE.NFO,2024-11-26,15:24:00,2025-01-28,1.05,1.05,1.05,1.05,0,0,1
FINNIFTY28JAN2520000CE.NFO,2024-11-26,15:25:00,2025-01-28,1.05,1.05,1.05,1.05,0,0,1
FINNIFTY28JAN2520000CE.NFO,2024-11-26,15:26:00,2025-01-28,1.05,1.05,1.05,1.05,0,0,1
FINNIFTY28JAN2520000CE.NFO,2024-11-26,15:27:00,2025-01-28,1.05,1.05,1.05,1.05,0,0,1
FINNIFTY28JAN2520000CE.NFO,2024-11-26,15:28:00,2025-01-28,1.05,1.05,1.05,1.05,0,0,1
FINNIFTY28JAN2520000CE.NFO,2024-11-26,15:29:00,2025-01-28,1.05,1.05,1.05,1.05,0,0,1
FINNIFTY28JAN2520000CE.NFO,2024-11-26,15:30:00,2025-01-28,1.05,1.05,1.05,1.05,0,0,1
FINNIFTY28JAN2520000CE.NFO,2024-11-27,09:15:00,2025-01-28,1.05,1.05,1.05,1.05,0,0,0
FINNIFTY28JAN2520000CE.NFO,2024-11-27,09:16:00,2025-01-28,1.05,1.05,1.05,1.05,0,0,1
FINNIFTY28JAN2520000CE.NFO,2024-11-27,09:17:00,2025-01-28,1.05,1.05,1.05,1.05,0,0,1
FINNIFTY28JAN2520000CE.NFO,2024-11-27,09:18:00,2025-01-28,1.05,1.05,1.05,1.05,0,0,1
FINNIFTY28JAN2520000CE.NFO,2024-11-27,09:19:00,2025-01-28,1.05,1.05,1.05,1.05,0,0,1
FINNIFTY28JAN2520000CE.NFO,2024-11-27,09:20:00,2025-01-28,1.05,1.05,1.05,1.05,0,0,1
FINNIFTY28JAN2520000CE.NFO,2024-11-27,09:21:00,2025-01-28,1.05,1.05,1.05,1.05,0,0,1
FINNIFTY28JAN2520000CE.NFO,2024-11-27,09:22:00,2025-01-28,1.05,1.05,1.05,1.05,0,0,1
FINNIFTY28JAN2520000CE.NFO,2024-11-27,09:23:00,2025-01-28,1.05,1.05,1.05,1.05,0,0,1
FINNIFTY28JAN2520000CE.NFO,2024-11-27,09:24:00,2025-01-28,1.05,1.05,1.05,1.05,0,0,1
FINNIFTY28JAN2520000CE.NFO,2024-11-27,09:25:00,2025-01-28,1.05,1.05,1.05,1.05,0,0,1
FINNIFTY28JAN2520000CE.NFO,2024-11-27,09:26:00,2025-01-28,1.05,1.05,1.05,1.05,0,0,1
FINNIFTY28JAN2520000CE.NFO,2024-11-27,09:27:00,2025-01-28,1.05,1.05,1.05,1.05,0,0,1
FINNIFTY28JAN2520000CE.NFO,2024-11-27,09:28:00,2025-01-28,1.05,1.05,1.05,1.05,0,0,1
FINNIFTY28JAN2520000CE.NFO,2024-11-27,09:29:00,2025-01-28,1.05,1.05,1.05,1.05,0,0,1
FINNIFTY28JAN2520000CE.NFO,2024-11-27,09:30:00,2025-01-28,1.05,1.05,1.05,1.05,0,0,1
FINNIFTY28JAN2520000CE.NFO,2024-11-27,09:31:00,2025-01-28,1.05,1.05,1.05,1.05,0,0,1
FINNIFTY28JAN2520000CE.NFO,2024-11-27,09:32:00,2025-01-28,1.05,1.05,1.05,1.05,0,0,1
FINNIFTY28JAN2520000CE.NFO,2024-11-27,09:33:00,2025-01-28,1.05,1.05,1.05,1.05,0,0,1
FINNIFTY28JAN2520000CE.NFO,2024-11-27,09:34:00,2025-01-28,1.05,1.05,1.05,1.05,0,0,1
FINNIFTY28JAN2520000CE.NFO,2024-11-27,09:35:00,2025-01-28,1.05,1.05,1.05,1.05,0,0,1
FINNIFTY28JAN2520000CE.NFO,2024-11-27,09:36:00,2025-01-28,1.05,1.05,1.05,1.05,0,0,1
FINNIFTY28JAN2520000CE.NFO,2024-11-27,09:37:00,2025-01-28,1.05,1.05,1.05,1.05,0,0,1
FINNIFTY28JAN2520000CE.NFO,2024-11-27,09:38:00,2025-01-28,1.05,1.05,1.05,1.05,0,0,1
FINNIFTY28JAN2520000CE.NFO,2024-11-27,09:39:00,2025-01-28,1.05,1.05,1.05,1.05,0,0,1
FINNIFTY28JAN2520000CE.NFO,2024-11-27,09:40:00,2025-01-28,1.05,1.05,1.05,1.05,0,0,1
FINNIFTY28JAN2520000CE.NFO,2024-11-27,09:41:00,2025-01-28,1.05,1.05,1.05,1.05,0,0,1
FINNIFTY28JAN2520000CE.NFO,2024-11-27,09:42:00,2025-01-28,1.05,1.05,1.05,1.05,0,0,1
FINNIFTY28JAN2520000CE.NFO,2024-11-27,09:43:00,2025-01-28,1.05,1.05,1.05,1.05,0,0,1
FINNIFTY28JAN2520000CE.NFO,2024-11-27,09:44:00,2025-01-28,1.05,1.05,1.05,1.05,0,0,1
FINNIFTY28JAN2520000CE.NFO,2024-11-27,09:45:00,2025-01-28,1.05,1.05,1.05,1.05,0,0,1
FINNIFTY28JAN2520000CE.NFO,2024-11-27,09:46:00,2025-01-28,1.05,1.05,1.05,1.05,0,0,1
FINNIFTY28JAN2520000CE.NFO,2024-11-27,09:47:00,2025-01-28,1.05,1.05,1.05,1.05,0,0,1
FINNIFTY28JAN2520000CE.NFO,2024-11-27,09:48:00,2025-01-28,1.05,1.05,1.05,1.05,0,0,1
FINNIFTY28JAN2520000CE.NFO,2024-11-27,09:49:00,2025-01-28,1.05,1.05,1.05,1.05,0,0,1
FINNIFTY28JAN2520000CE.NFO,2024-11-27,09:50:00,2025-01-28,1.05,1.05,1.05,1.05,0,0,1
FINNIFTY28JAN2520000CE.NFO,2024-11-27,09:51:00,2025-01-28,1.05,1.05,1.05,1.05,0,0,1
FINNIFTY28JAN2520000CE.NFO,2024-11-27,09:52:00,2025-01-28,1.05,1.05,1.05,1.05,0,0,1
FINNIFTY28JAN2520000CE.NFO,2024-11-27,09:53:00,2025-01-28,1.05,1.05,1.05,1.05,0,0,1
FINNIFTY28JAN2520000CE.NFO,2024-11-27,09:54:00,2025-01-28,1.05,1.05,1.05,1.05,0,0,1
FINNIFTY28JAN2520000CE.NFO,2024-11-27,09:55:00,2025-01-28,1.05,1.05,1.05,1.05,0,0,1
FINNIFTY28JAN2520000CE.NFO,2024-11-27,09:56:00,2025-01-28,1.05,1.05,1.05,1.05,0,0,1
FINNIFTY28JAN2520000CE.NFO,2024-11-27,09:57:00,2025-01-28,1.05,1.05,1.05,1.05,0,0,1
FINNIFTY28JAN2520000CE.NFO,2024-11-27,09:58:00,2025-01-28,1.05,1.05,1.05,1.05,0,0,1
FINNIFTY28JAN2520000CE.NFO,2024-11-27,09:59:00,2025-01-28,1.05,1.05,1.05,1.05,0,0,1
FINNIFTY28JAN2520000CE.NFO,2024-11-27,10:00:00,2025-01-28,1.05,1.05,1.05,1.05,0,0,1
FINNIFTY28JAN2520000CE.NFO,2024-11-27,10:01:00,2025-01-28,1.05,1.05,1.05,1.05,0,0,1
FINNIFTY28JAN2520000CE.NFO,2024-11-27,10:02:00,2025-01-28,1.05,1.05,1.05,1.05,0,0,1
FINNIFTY28JAN2520000CE.NFO,2024-11-27,10:03:00,2025-01-28,1.05,1.05,1.05,1.05,0,0,1
FINNIFTY28JAN2520000CE.NFO,2024-11-27,10:04:00,2025-01-28,1.05,1.05,1.05,1.05,0,0,1
FINNIFTY28JAN2520000CE.NFO,2024-11-27,10:05:00,2025-01-28,1.05,1.05,1.05,1.05,0,0,1
FINNIFTY28JAN2520000CE.NFO,2024-11-27,10:06:00,2025-01-28,1.05,1.05,1.05,1.05,0,0,1
FINNIFTY28JAN2520000CE.NFO,2024-11-27,10:07:00,2025-01-28,1.05,1.05,1.05,1.05,0,0,1
FINNIFTY28JAN2520000CE.NFO,2024-11-27,10:08:00,2025-01-28,1.05,1.05,1.05,1.05,0,0,1
FINNIFTY28JAN2520000CE.NFO,2024-11-27,10:09:00,2025-01-28,1.05,1.05,1.05,1.05,0,0,1
FINNIFTY28JAN2520000CE.NFO,2024-11-27,10:10:00,2025-01-28,1.05,1.05,1.05,1.05,0,0,1
FINNIFTY28JAN2520000CE.NFO,2024-11-27,10:11:00,2025-01-28,1.05,1.05,1.05,1.05,0,0,1
FINNIFTY28JAN2520000CE.NFO,2024-11-27,10:12:00,2025-01-28,1.05,1.05,1.05,1.05,0,0,1
FINNIFTY28JAN2520000CE.NFO,2024-11-27,10:13:00,2025-01-28,1.05,1.05,1.05,1.05,0,0,1
FINNIFTY28JAN2520000CE.NFO,2024-11-27,10:14:00,2025-01-28,1.05,1.05,1.05,1.05,0,0,1
FINNIFTY28JAN2520000CE.NFO,2024-11-27,10:15:00,2025-01-28,1.05,1.05,1.05,1.05,0,0,1
FINNIFTY28JAN2520000CE.NFO,2024-11-27,10:16:00,2025-01-28,1.05,1.05,1.05,1.05,0,0,1
FINNIFTY28JAN2520000CE.NFO,2024-11-27,10:17:00,2025-01-28,1.05,1.05,1.05,1.05,0,0,1
FINNIFTY28JAN2520000CE.NFO,2024-11-27,10:18:00,2025-01-28,1.05,1.05,1.05,1.05,0,0,1
FINNIFTY28JAN2520000CE.NFO,2024-11-27,10:19:00,2025-01-28,1.05,1.05,1.05,1.05,0,0,1
FINNIFTY28JAN2520000CE.NFO,2024-11-27,10:20:00,2025-01-28,1.05,1.05,1.05,1.05,0,0,1
FINNIFTY28JAN2520000CE.NFO,2024-11-27,10:21:00,2025-01-28,1.05,1.05,1.05,1.05,0,0,1
FINNIFTY28JAN2520000CE.NFO,2024-11-27,10:22:00,2025-01-28,1.05,1.05,1.05,1.05,0,0,1
FINNIFTY28JAN2520000CE.NFO,2024-11-27,10:23:00,2025-01-28,1.05,1.05,1.05,1.05,0,0,1
FINNIFTY28JAN2520000CE.NFO,2024-11-27,10:24:00,2025-01-28,1.05,1.05,1.05,1.05,0,0,1
FINNIFTY28JAN2520000CE.NFO,2024-11-27,10:25:00,2025-01-28,1.05,1.05,1.05,1.05,0,0,1
FINNIFTY28JAN2520000CE.NFO,2024-11-27,10:26:00,2025-01-28,1.05,1.05,1.05,1.05,0,0,1
FINNIFTY28JAN2520000CE.NFO,2024-11-27,10:27:00,2025-01-28,1.05,1.05,1.05,1.05,0,0,1
FINNIFTY28JAN2520000CE.NFO,2024-11-27,10:28:00,2025-01-28,1.05,1.05,1.05,1.05,0,0,1
FINNIFTY28JAN2520000CE.NFO,2024-11-27,10:29:00,2025-01-28,1.05,1.05,1.05,1.05,0,0,1
FINNIFTY28JAN2520000CE.NFO,2024-11-27,10:30:00,2025-01-28,1.05,1.05,1.05,1.05,0,0,1
FINNIFTY28JAN2520000CE.NFO,2024-11-27,10:31:00,2025-01-28,1.05,1.05,1.05,1.05,0,0,1
FINNIFTY28JAN2520000CE.NFO,2024-11-27,10:32:00,2025-01-28,1.05,1.05,1.05,1.05,0,0,1
FINNIFTY28JAN2520000CE.NFO,2024-11-27,10:33:00,2025-01-28,1.05,1.05,1.05,1.05,0,0,1
FINNIFTY28JAN2520000CE.NFO,2024-11-27,10:34:00,2025-01-28,1.05,1.05,1.05,1.05,0,0,1
FINNIFTY28JAN2520000CE.NFO,2024-11-27,10:35:00,2025-01-28,1.05,1.05,1.05,1.05,0,0,1
FINNIFTY28JAN2520000CE.NFO,2024-11-27,10:36:00,2025-01-28,1.05,1.05,1.05,1.05,0,0,1
FINNIFTY28JAN2520000CE.NFO,2024-11-27,10:37:00,2025-01-28,1.05,1.05,1.05,1.05,0,0,1
FINNIFTY28JAN2520000CE.NFO,2024-11-27,10:38:00,2025-01-28,1.05,1.05,1.05,1.05,0,0,1
FINNIFTY28JAN2520000CE.NFO,2024-11-27,10:39:00,2025-01-28,1.05,1.05,1.05,1.05,0,0,1
FINNIFTY28JAN2520000CE.NFO,2024-11-27,10:40:00,2025-01-28,1.05,1.05,1.05,1.05,0,0,1
FINNIFTY28JAN2520000CE.NFO,2024-11-27,10:41:00,2025-01-28,1.05,1.05,1.05,1.05,0,0,1
FINNIFTY28JAN2520000CE.NFO,2024-11-27,10:42:00,2025-01-28,1.05,1.05,1.05,1.05,0,0,1
FINNIFTY28JAN2520000CE.NFO,2024-11-27,10:43:00,2025-01-28,1.05,1.05,1.05,1.05,0,0,1
FINNIFTY28JAN2520000CE.NFO,2024-11-27,10:44:00,2025-01-28,1.05,1.05,1.05,1.05,0,0,1
FINNIFTY28JAN2520000CE.NFO,2024-11-27,10:45:00,2025-01-28,1.05,1.05,1.05,1.05,0,0,1
FINNIFTY28JAN2520000CE.NFO,2024-11-27,10:46:00,2025-01-28,1.05,1.05,1.05,1.05,0,0,1
FINNIFTY28JAN2520000CE.NFO,2024-11-27,10:47:00,2025-01-28,1.05,1.05,1.05,1.05,0,0,1
FINNIFTY28JAN2520000CE.NFO,2024-11-27,10:48:00,2025-01-28,1.05,1.05,1.05,1.05,0,0,1
FINNIFTY28JAN2520000CE.NFO,2024-11-27,10:49:00,2025-01-28,1.05,1.05,1.05,1.05,0,0,1
FINNIFTY28JAN2520000CE.NFO,2024-11-27,10:50:00,2025-01-28,1.05,1.05,1.05,1.05,0,0,1
FINNIFTY28JAN2520000CE.NFO,2024-11-27,10:51:00,2025-01-28,1.05,1.05,1.05,1.05,0,0,1
FINNIFTY28JAN2520000CE.NFO,2024-11-27,10:52:00,2025-01-28,1.05,1.05,1.05,1.05,0,0,1
FINNIFTY28JAN2520000CE.NFO,2024-11-27,10:53:00,2025-01-28,1.05,1.05,1.05,1.05,0,0,1
FINNIFTY28JAN2520000CE.NFO,2024-11-27,10:54:00,2025-01-28,1.05,1.05,1.05,1.05,0,0,1
FINNIFTY28JAN2520000CE.NFO,2024-11-27,10:55:00,2025-01-28,1.05,1.05,1.05,1.05,0,0,1
FINNIFTY28JAN2520000CE.NFO,2024-11-27,10:56:00,2025-01-28,1.05,1.05,1.05,1.05,0,0,1
FINNIFTY28JAN2520000CE.NFO,2024-11-27,10:57:00,2025-01-28,1.05,1.05,1.05,1.05,0,0,1
FINNIFTY28JAN2520000CE.NFO,2024-11-27,10:58:00,2025-01-28,1.05,1.05,1.05,1.05,0,0,1
FINNIFTY28JAN2520000CE.NFO,2024-11-27,10:59:00,2025-01-28,1.05,1.05,1.05,1.05,0,0,1
FINNIFTY28JAN2520000CE.NFO,2024-11-27,11:00:00,2025-01-28,1.05,1.05,1.05,1.05,0,0,1
FINNIFTY28JAN2520000CE.NFO,2024-11-27,11:01:00,2025-01-28,1.05,1.05,1.05,1.05,0,0,1
FINNIFTY28JAN2520000CE.NFO,2024-11-27,11:02:00,2025-01-28,1.05,1.05,1.05,1.05,0,0,1
FINNIFTY28JAN2520000CE.NFO,2024-11-27,11:03:00,2025-01-28,1.05,1.05,1.05,1.05,0,0,1
FINNIFTY28JAN2520000CE.NFO,2024-11-27,11:04:00,2025-01-28,1.05,1.05,1.05,1.05,0,0,1
FINNIFTY28JAN2520000CE.NFO,2024-11-27,11:05:00,2025-01-28,1.05,1.05,1.05,1.05,0,0,1
FINNIFTY28JAN2520000CE.NFO,2024-11-27,11:06:00,2025-01-28,1.05,1.05,1.05,1.05,0,0,1
FINNIFTY28JAN2520000CE.NFO,2024-11-27,11:07:00,2025-01-28,1.05,1.05,1.05,1.05,0,0,1
FINNIFTY28JAN2520000CE.NFO,2024-11-27,11:08:00,2025-01-28,1.05,1.05,1.05,1.05,0,0,1
FINNIFTY28JAN2520000CE.NFO,2024-11-27,11:09:00,2025-01-28,1.05,1.05,1.05,1.05,0,0,1
FINNIFTY28JAN2520000CE.NFO,2024-11-27,11:10:00,2025-01-28,1.05,1.05,1.05,1.05,0,0,1
FINNIFTY28JAN2520000CE.NFO,2024-11-27,11:11:00,2025-01-28,1.05,1.05,1.05,1.05,0,0,1
FINNIFTY28JAN2520000CE.NFO,2024-11-27,11:12:00,2025-01-28,1.05,1.05,1.05,1.05,0,0,1
FINNIFTY28JAN2520000CE.NFO,2024-11-27,11:13:00,2025-01-28,1.05,1.05,1.05,1.05,0,0,1
FINNIFTY28JAN2520000CE.NFO,2024-11-27,11:14:00,2025-01-28,1.05,1.05,1.05,1.05,0,0,1
FINNIFTY28JAN2520000CE.NFO,2024-11-27,11:15:00,2025-01-28,1.05,1.05,1.05,1.05,0,0,1
FINNIFTY28JAN2520000CE.NFO,2024-11-27,11:16:00,2025-01-28,1.05,1.05,1.05,1.05,0,0,1
FINNIFTY28JAN2520000CE.NFO,2024-11-27,11:17:00,2025-01-28,1.05,1.05,1.05,1.05,0,0,1
FINNIFTY28JAN2520000CE.NFO,2024-11-27,11:18:00,2025-01-28,1.05,1.05,1.05,1.05,0,0,1
FINNIFTY28JAN2520000CE.NFO,2024-11-27,11:19:00,2025-01-28,1.05,1.05,1.05,1.05,0,0,1
FINNIFTY28JAN2520000CE.NFO,2024-11-27,11:20:00,2025-01-28,1.05,1.05,1.05,1.05,0,0,1
FINNIFTY28JAN2520000CE.NFO,2024-11-27,11:21:00,2025-01-28,1.05,1.05,1.05,1.05,0,0,1
FINNIFTY28JAN2520000CE.NFO,2024-11-27,11:22:00,2025-01-28,1.05,1.05,1.05,1.05,0,0,1
FINNIFTY28JAN2520000CE.NFO,2024-11-27,11:23:00,2025-01-28,1.05,1.05,1.05,1.05,0,0,1
FINNIFTY28JAN2520000CE.NFO,2024-11-27,11:24:00,2025-01-28,1.05,1.05,1.05,1.05,0,0,1
FINNIFTY28JAN2520000CE.NFO,2024-11-27,11:25:00,2025-01-28,1.05,1.05,1.05,1.05,0,0,1
FINNIFTY28JAN2520000CE.NFO,2024-11-27,11:26:00,2025-01-28,1.05,1.05,1.05,1.05,0,0,1
FINNIFTY28JAN2520000CE.NFO,2024-11-27,11:27:00,2025-01-28,1.05,1.05,1.05,1.05,0,0,1
FINNIFTY28JAN2520000CE.NFO,2024-11-27,11:28:00,2025-01-28,1.05,1.05,1.05,1.05,0,0,1
FINNIFTY28JAN2520000CE.NFO,2024-11-27,11:29:00,2025-01-28,1.05,1.05,1.05,1.05,0,0,1
FINNIFTY28JAN2520000CE.NFO,2024-11-27,11:30:00,2025-01-28,1.05,1.05,1.05,1.05,0,0,1
FINNIFTY28JAN2520000CE.NFO,2024-11-27,11:31:00,2025-01-28,1.05,1.05,1.05,1.05,0,0,1
FINNIFTY28JAN2520000CE.NFO,2024-11-27,11:32:00,2025-01-28,1.05,1.05,1.05,1.05,0,0,1
FINNIFTY28JAN2520000CE.NFO,2024-11-27,11:33:00,2025-01-28,1.05,1.05,1.05,1.05,0,0,1
FINNIFTY28JAN2520000CE.NFO,2024-11-27,11:34:00,2025-01-28,1.05,1.05,1.05,1.05,0,0,1
FINNIFTY28JAN2520000CE.NFO,2024-11-27,11:35:00,2025-01-28,1.05,1.05,1.05,1.05,0,0,1
FINNIFTY28JAN2520000CE.NFO,2024-11-27,11:36:00,2025-01-28,1.05,1.05,1.05,1.05,0,0,1
FINNIFTY28JAN2520000CE.NFO,2024-11-27,11:37:00,2025-01-28,1.05,1.05,1.05,1.05,0,0,1
FINNIFTY28JAN2520000CE.NFO,2024-11-27,11:38:00,2025-01-28,1.05,1.05,1.05,1.05,0,0,1
FINNIFTY28JAN2520000CE.NFO,2024-11-27,11:39:00,2025-01-28,1.05,1.05,1.05,1.05,0,0,1
FINNIFTY28JAN2520000CE.NFO,2024-11-27,11:40:00,2025-01-28,1.05,1.05,1.05,1.05,0,0,1
FINNIFTY28JAN2520000CE.NFO,2024-11-27,11:41:00,2025-01-28,1.05,1.05,1.05,1.05,0,0,1
FINNIFTY28JAN2520000CE.NFO,2024-11-27,11:42:00,2025-01-28,1.05,1.05,1.05,1.05,0,0,1
FINNIFTY28JAN2520000CE.NFO,2024-11-27,11:43:00,2025-01-28,1.05,1.05,1.05,1.05,0,0,1
FINNIFTY28JAN2520000CE.NFO,2024-11-27,11:44:00,2025-01-28,1.05,1.05,1.05,1.05,0,0,1
FINNIFTY28JAN2520000CE.NFO,2024-11-27,11:45:00,2025-01-28,1.05,1.05,1.05,1.05,0,0,1
FINNIFTY28JAN2520000CE.NFO,2024-11-27,11:46:00,2025-01-28,1.05,1.05,1.05,1.05,0,0,1
FINNIFTY28JAN2520000CE.NFO,2024-11-27,11:47:00,2025-01-28,1.05,1.05,1.05,1.05,0,0,1
FINNIFTY28JAN2520000CE.NFO,2024-11-27,11:48:00,2025-01-28,1.05,1.05,1.05,1.05,0,0,1
FINNIFTY28JAN2520000CE.NFO,2024-11-27,11:49:00,2025-01-28,1.05,1.05,1.05,1.05,0,0,1
FINNIFTY28JAN2520000CE.NFO,2024-11-27,11:50:00,2025-01-28,1.05,1.05,1.05,1.05,0,0,1
FINNIFTY28JAN2520000CE.NFO,2024-11-27,11:51:00,2025-01-28,1.05,1.05,1.05,1.05,0,0,1
FINNIFTY28JAN2520000CE.NFO,2024-11-27,11:52:00,2025-01-28,1.05,1.05,1.05,1.05,0,0,1
FINNIFTY28JAN2520000CE.NFO,2024-11-27,11:53:00,2025-01-28,1.05,1.05,1.05,1.05,0,0,1
FINNIFTY28JAN2520000CE.NFO,2024-11-27,11:54:00,2025-01-28,1.05,1.05,1.05,1.05,0,0,1
FINNIFTY28JAN2520000CE.NFO,2024-11-27,11:55:00,2025-01-28,1.05,1.05,1.05,1.05,0,0,1
FINNIFTY28JAN2520000CE.NFO,2024-11-27,11:56:00,2025-01-28,1.05,1.05,1.05,1.05,0,0,1
FINNIFTY28JAN2520000CE.NFO,2024-11-27,11:57:00,2025-01-28,1.05,1.05,1.05,1.05,0,0,1
FINNIFTY28JAN2520000CE.NFO,2024-11-27,11:58:00,2025-01-28,1.05,1.05,1.05,1.05,0,0,1
FINNIFTY28JAN2520000CE.NFO,2024-11-27,11:59:00,2025-01-28,1.05,1.05,1.05,1.05,0,0,1
FINNIFTY28JAN2520000CE.NFO,2024-11-27,12:00:00,2025-01-28,1.05,1.05,1.05,1.05,0,0,1
FINNIFTY28JAN2520000CE.NFO,2024-11-27,12:01:00,2025-01-28,1.05,1.05,1.05,1.05,0,0,1
FINNIFTY28JAN2520000CE.NFO,2024-11-27,12:02:00,2025-01-28,1.05,1.05,1.05,1.05,0,0,1
FINNIFTY28JAN2520000CE.NFO,2024-11-27,12:03:00,2025-01-28,1.05,1.05,1.05,1.05,0,0,1
FINNIFTY28JAN2520000CE.NFO,2024-11-27,12:04:00,2025-01-28,1.05,1.05,1.05,1.05,0,0,1
FINNIFTY28JAN2520000CE.NFO,2024-11-27,12:05:00,2025-01-28,1.05,1.05,1.05,1.05,0,0,1
FINNIFTY28JAN2520000CE.NFO,2024-11-27,12:06:00,2025-01-28,1.05,1.05,1.05,1.05,0,0,1
FINNIFTY28JAN2520000CE.NFO,2024-11-27,12:07:00,2025-01-28,1.05,1.05,1.05,1.05,0,0,1
FINNIFTY28JAN2520000CE.NFO,2024-11-27,12:08:00,2025-01-28,1.05,1.05,1.05,1.05,0,0,1
FINNIFTY28JAN2520000CE.NFO,2024-11-27,12:09:00,2025-01-28,1.05,1.05,1.05,1.05,0,0,1
FINNIFTY28JAN2520000CE.NFO,2024-11-27,12:10:00,2025-01-28,1.05,1.05,1.05,1.05,0,0,1
FINNIFTY28JAN2520000CE.NFO,2024-11-27,12:11:00,2025-01-28,1.05,1.05,1.05,1.05,0,0,1
FINNIFTY28JAN2520000CE.NFO,2024-11-27,12:12:00,2025-01-28,1.05,1.05,1.05,1.05,0,0,1
FINNIFTY28JAN2520000CE.NFO,2024-11-27,12:13:00,2025-01-28,1.05,1.05,1.05,1.05,0,0,1
FINNIFTY28JAN2520000CE.NFO,2024-11-27,12:14:00,2025-01-28,1.05,1.05,1.05,1.05,0,0,1
FINNIFTY28JAN2520000CE.NFO,2024-11-27,12:15:00,2025-01-28,1.05,1.05,1.05,1.05,0,0,1
FINNIFTY28JAN2520000CE.NFO,2024-11-27,12:16:00,2025-01-28,1.05,1.05,1.05,1.05,0,0,1
FINNIFTY28JAN2520000CE.NFO,2024-11-27,12:17:00,2025-01-28,1.05,1.05,1.05,1.05,0,0,1
FINNIFTY28JAN2520000CE.NFO,2024-11-27,12:18:00,2025-01-28,1.05,1.05,1.05,1.05,0,0,1
FINNIFTY28JAN2520000CE.NFO,2024-11-27,12:19:00,2025-01-28,1.05,1.05,1.05,1.05,0,0,1
FINNIFTY28JAN2520000CE.NFO,2024-11-27,12:20:00,2025-01-28,1.05,1.05,1.05,1.05,0,0,1
FINNIFTY28JAN2520000CE.NFO,2024-11-27,12:21:00,2025-01-28,1.05,1.05,1.05,1.05,0,0,1
FINNIFTY28JAN2520000CE.NFO,2024-11-27,12:22:00,2025-01-28,1.05,1.05,1.05,1.05,0,0,1
FINNIFTY28JAN2520000CE.NFO,2024-11-27,12:23:00,2025-01-28,1.05,1.05,1.05,1.05,0,0,1
FINNIFTY28JAN2520000CE.NFO,2024-11-27,12:24:00,2025-01-28,1.05,1.05,1.05,1.05,0,0,1
FINNIFTY28JAN2520000CE.NFO,2024-11-27,12:25:00,2025-01-28,1.05,1.05,1.05,1.05,0,0,1
FINNIFTY28JAN2520000CE.NFO,2024-11-27,12:26:00,2025-01-28,1.05,1.05,1.05,1.05,0,0,1
FINNIFTY28JAN2520000CE.NFO,2024-11-27,12:27:00,2025-01-28,1.05,1.05,1.05,1.05,0,0,1
FINNIFTY28JAN2520000CE.NFO,2024-11-27,12:28:00,2025-01-28,1.05,1.05,1.05,1.05,0,0,1
FINNIFTY28JAN2520000CE.NFO,2024-11-27,12:29:00,2025-01-28,1.05,1.05,1.05,1.05,0,0,1
FINNIFTY28JAN2520000CE.NFO,2024-11-27,12:30:00,2025-01-28,1.05,1.05,1.05,1.05,0,0,1
FINNIFTY28JAN2520000CE.NFO,2024-11-27,12:31:00,2025-01-28,1.05,1.05,1.05,1.05,0,0,1
FINNIFTY28JAN2520000CE.NFO,2024-11-27,12:32:00,2025-01-28,1.05,1.05,1.05,1.05,0,0,1
FINNIFTY28JAN2520000CE.NFO,2024-11-27,12:33:00,2025-01-28,1.05,1.05,1.05,1.05,0,0,1
FINNIFTY28JAN2520000CE.NFO,2024-11-27,12:34:00,2025-01-28,1.05,1.05,1.05,1.05,0,0,1
FINNIFTY28JAN2520000CE.NFO,2024-11-27,12:35:00,2025-01-28,1.05,1.05,1.05,1.05,0,0,1
FINNIFTY28JAN2520000CE.NFO,2024-11-27,12:36:00,2025-01-28,1.05,1.05,1.05,1.05,0,0,1
FINNIFTY28JAN2520000CE.NFO,2024-11-27,12:37:00,2025-01-28,1.05,1.05,1.05,1.05,0,0,1
FINNIFTY28JAN2520000CE.NFO,2024-11-27,12:38:00,2025-01-28,1.05,1.05,1.05,1.05,0,0,1
FINNIFTY28JAN2520000CE.NFO,2024-11-27,12:39:00,2025-01-28,1.05,1.05,1.05,1.05,0,0,1
FINNIFTY28JAN2520000CE.NFO,2024-11-27,12:40:00,2025-01-28,1.05,1.05,1.05,1.05,0,0,1
FINNIFTY28JAN2520000CE.NFO,2024-11-27,12:41:00,2025-01-28,1.05,1.05,1.05,1.05,0,0,1
FINNIFTY28JAN2520000CE.NFO,2024-11-27,12:42:00,2025-01-28,1.05,1.05,1.05,1.05,0,0,1
FINNIFTY28JAN2520000CE.NFO,2024-11-27,12:43:00,2025-01-28,1.05,1.05,1.05,1.05,0,0,1
FINNIFTY28JAN2520000CE.NFO,2024-11-27,12:44:00,2025-01-28,1.05,1.05,1.05,1.05,0,0,1
FINNIFTY28JAN2520000CE.NFO,2024-11-27,12:45:00,2025-01-28,1.05,1.05,1.05,1.05,0,0,1
FINNIFTY28JAN2520000CE.NFO,2024-11-27,12:46:00,2025-01-28,1.05,1.05,1.05,1.05,0,0,1
FINNIFTY28JAN2520000CE.NFO,2024-11-27,12:47:00,2025-01-28,1.05,1.05,1.05,1.05,0,0,1
FINNIFTY28JAN2520000CE.NFO,2024-11-27,12:48:00,2025-01-28,1.05,1.05,1.05,1.05,0,0,1
FINNIFTY28JAN2520000CE.NFO,2024-11-27,12:49:00,2025-01-28,1.05,1.05,1.05,1.05,0,0,1
FINNIFTY28JAN2520000CE.NFO,2024-11-27,12:50:00,2025-01-28,1.05,1.05,1.05,1.05,0,0,1
FINNIFTY28JAN2520000CE.NFO,2024-11-27,12:51:00,2025-01-28,1.05,1.05,1.05,1.05,0,0,1
FINNIFTY28JAN2520000CE.NFO,2024-11-27,12:52:00,2025-01-28,1.05,1.05,1.05,1.05,0,0,1
FINNIFTY28JAN2520000CE.NFO,2024-11-27,12:53:00,2025-01-28,1.05,1.05,1.05,1.05,0,0,1
FINNIFTY28JAN2520000CE.NFO,2024-11-27,12:54:00,2025-01-28,1.05,1.05,1.05,1.05,0,0,1
FINNIFTY28JAN2520000CE.NFO,2024-11-27,12:55:00,2025-01-28,1.05,1.05,1.05,1.05,0,0,1
FINNIFTY28JAN2520000CE.NFO,2024-11-27,12:56:00,2025-01-28,1.05,1.05,1.05,1.05,0,0,1
FINNIFTY28JAN2520000CE.NFO,2024-11-27,12:57:00,2025-01-28,1.05,1.05,1.05,1.05,0,0,1
FINNIFTY28JAN2520000CE.NFO,2024-11-27,12:58:00,2025-01-28,1.05,1.05,1.05,1.05,0,0,1
FINNIFTY28JAN2520000CE.NFO,2024-11-27,12:59:00,2025-01-28,1.05,1.05,1.05,1.05,0,0,1
FINNIFTY28JAN2520000CE.NFO,2024-11-27,13:00:00,2025-01-28,1.05,1.05,1.05,1.05,0,0,1
FINNIFTY28JAN2520000CE.NFO,2024-11-27,13:01:00,2025-01-28,1.05,1.05,1.05,1.05,0,0,1
FINNIFTY28JAN2520000CE.NFO,2024-11-27,13:02:00,2025-01-28,1.05,1.05,1.05,1.05,0,0,1
FINNIFTY28JAN2520000CE.NFO,2024-11-27,13:03:00,2025-01-28,1.05,1.05,1.05,1.05,0,0,1
FINNIFTY28JAN2520000CE.NFO,2024-11-27,13:04:00,2025-01-28,1.05,1.05,1.05,1.05,0,0,1
FINNIFTY28JAN2520000CE.NFO,2024-11-27,13:05:00,2025-01-28,1.05,1.05,1.05,1.05,0,0,1
FINNIFTY28JAN2520000CE.NFO,2024-11-27,13:06:00,2025-01-28,1.05,1.05,1.05,1.05,0,0,1
FINNIFTY28JAN2520000CE.NFO,2024-11-27,13:07:00,2025-01-28,1.05,1.05,1.05,1.05,0,0,1
FINNIFTY28JAN2520000CE.NFO,2024-11-27,13:08:00,2025-01-28,1.05,1.05,1.05,1.05,0,0,1
FINNIFTY28JAN2520000CE.NFO,2024-11-27,13:09:00,2025-01-28,1.05,1.05,1.05,1.05,0,0,1
FINNIFTY28JAN2520000CE.NFO,2024-11-27,13:10:00,2025-01-28,1.05,1.05,1.05,1.05,0,0,1
FINNIFTY28JAN2520000CE.NFO,2024-11-27,13:11:00,2025-01-28,1.05,1.05,1.05,1.05,0,0,1
FINNIFTY28JAN2520000CE.NFO,2024-11-27,13:12:00,2025-01-28,1.05,1.05,1.05,1.05,0,0,1
FINNIFTY28JAN2520000CE.NFO,2024-11-27,13:13:00,2025-01-28,1.05,1.05,1.05,1.05,0,0,1
FINNIFTY28JAN2520000CE.NFO,2024-11-27,13:14:00,2025-01-28,1.05,1.05,1.05,1.05,0,0,1
FINNIFTY28JAN2520000CE.NFO,2024-11-27,13:15:00,2025-01-28,1.05,1.05,1.05,1.05,0,0,1
FINNIFTY28JAN2520000CE.NFO,2024-11-27,13:16:00,2025-01-28,1.05,1.05,1.05,1.05,0,0,1
FINNIFTY28JAN2520000CE.NFO,2024-11-27,13:17:00,2025-01-28,1.05,1.05,1.05,1.05,0,0,1
FINNIFTY28JAN2520000CE.NFO,2024-11-27,13:18:00,2025-01-28,1.05,1.05,1.05,1.05,0,0,1
FINNIFTY28JAN2520000CE.NFO,2024-11-27,13:19:00,2025-01-28,1.05,1.05,1.05,1.05,0,0,1
FINNIFTY28JAN2520000CE.NFO,2024-11-27,13:20:00,2025-01-28,1.05,1.05,1.05,1.05,0,0,1
FINNIFTY28JAN2520000CE.NFO,2024-11-27,13:21:00,2025-01-28,1.05,1.05,1.05,1.05,0,0,1
FINNIFTY28JAN2520000CE.NFO,2024-11-27,13:22:00,2025-01-28,1.05,1.05,1.05,1.05,0,0,1
FINNIFTY28JAN2520000CE.NFO,2024-11-27,13:23:00,2025-01-28,1.05,1.05,1.05,1.05,0,0,1
FINNIFTY28JAN2520000CE.NFO,2024-11-27,13:24:00,2025-01-28,1.05,1.05,1.05,1.05,0,0,1
FINNIFTY28JAN2520000CE.NFO,2024-11-27,13:25:00,2025-01-28,1.05,1.05,1.05,1.05,0,0,1
FINNIFTY28JAN2520000CE.NFO,2024-11-27,13:26:00,2025-01-28,1.05,1.05,1.05,1.05,0,0,1
FINNIFTY28JAN2520000CE.NFO,2024-11-27,13:27:00,2025-01-28,1.05,1.05,1.05,1.05,0,0,1
FINNIFTY28JAN2520000CE.NFO,2024-11-27,13:28:00,2025-01-28,1.05,1.05,1.05,1.05,0,0,1
FINNIFTY28JAN2520000CE.NFO,2024-11-27,13:29:00,2025-01-28,1.05,1.05,1.05,1.05,0,0,1
FINNIFTY28JAN2520000CE.NFO,2024-11-27,13:30:00,2025-01-28,1.05,1.05,1.05,1.05,0,0,1
FINNIFTY28JAN2520000CE.NFO,2024-11-27,13:31:00,2025-01-28,1.05,1.05,1.05,1.05,0,0,1
FINNIFTY28JAN2520000CE.NFO,2024-11-27,13:32:00,2025-01-28,1.05,1.05,1.05,1.05,0,0,1
FINNIFTY28JAN2520000CE.NFO,2024-11-27,13:33:00,2025-01-28,1.05,1.05,1.05,1.05,0,0,1
FINNIFTY28JAN2520000CE.NFO,2024-11-27,13:34:00,2025-01-28,1.05,1.05,1.05,1.05,0,0,1
FINNIFTY28JAN2520000CE.NFO,2024-11-27,13:35:00,2025-01-28,1.05,1.05,1.05,1.05,0,0,1
FINNIFTY28JAN2520000CE.NFO,2024-11-27,13:36:00,2025-01-28,1.05,1.05,1.05,1.05,0,0,1
FINNIFTY28JAN2520000CE.NFO,2024-11-27,13:37:00,2025-01-28,1.05,1.05,1.05,1.05,0,0,1
FINNIFTY28JAN2520000CE.NFO,2024-11-27,13:38:00,2025-01-28,1.05,1.05,1.05,1.05,0,0,1
FINNIFTY28JAN2520000CE.NFO,2024-11-27,13:39:00,2025-01-28,1.05,1.05,1.05,1.05,0,0,1
FINNIFTY28JAN2520000CE.NFO,2024-11-27,13:40:00,2025-01-28,1.05,1.05,1.05,1.05,0,0,1
FINNIFTY28JAN2520000CE.NFO,2024-11-27,13:41:00,2025-01-28,1.05,1.05,1.05,1.05,0,0,1
FINNIFTY28JAN2520000CE.NFO,2024-11-27,13:42:00,2025-01-28,1.05,1.05,1.05,1.05,0,0,1
FINNIFTY28JAN2520000CE.NFO,2024-11-27,13:43:00,2025-01-28,1.05,1.05,1.05,1.05,0,0,1
FINNIFTY28JAN2520000CE.NFO,2024-11-27,13:44:00,2025-01-28,1.05,1.05,1.05,1.05,0,0,1
FINNIFTY28JAN2520000CE.NFO,2024-11-27,13:45:00,2025-01-28,1.05,1.05,1.05,1.05,0,0,1
FINNIFTY28JAN2520000CE.NFO,2024-11-27,13:46:00,2025-01-28,1.05,1.05,1.05,1.05,0,0,1
FINNIFTY28JAN2520000CE.NFO,2024-11-27,13:47:00,2025-01-28,1.05,1.05,1.05,1.05,0,0,1
FINNIFTY28JAN2520000CE.NFO,2024-11-27,13:48:00,2025-01-28,1.05,1.05,1.05,1.05,0,0,1
FINNIFTY28JAN2520000CE.NFO,2024-11-27,13:49:00,2025-01-28,1.05,1.05,1.05,1.05,0,0,1
FINNIFTY28JAN2520000CE.NFO,2024-11-27,13:50:00,2025-01-28,1.05,1.05,1.05,1.05,0,0,1
FINNIFTY28JAN2520000CE.NFO,2024-11-27,13:51:00,2025-01-28,1.05,1.05,1.05,1.05,0,0,1
FINNIFTY28JAN2520000CE.NFO,2024-11-27,13:52:00,2025-01-28,1.05,1.05,1.05,1.05,0,0,1
FINNIFTY28JAN2520000CE.NFO,2024-11-27,13:53:00,2025-01-28,1.05,1.05,1.05,1.05,0,0,1
FINNIFTY28JAN2520000CE.NFO,2024-11-27,13:54:00,2025-01-28,1.05,1.05,1.05,1.05,0,0,1
FINNIFTY28JAN2520000CE.NFO,2024-11-27,13:55:00,2025-01-28,1.05,1.05,1.05,1.05,0,0,1
FINNIFTY28JAN2520000CE.NFO,2024-11-27,13:56:00,2025-01-28,1.05,1.05,1.05,1.05,0,0,1
FINNIFTY28JAN2520000CE.NFO,2024-11-27,13:57:00,2025-01-28,1.05,1.05,1.05,1.05,0,0,1
FINNIFTY28JAN2520000CE.NFO,2024-11-27,13:58:00,2025-01-28,1.05,1.05,1.05,1.05,0,0,1
FINNIFTY28JAN2520000CE.NFO,2024-11-27,13:59:00,2025-01-28,1.05,1.05,1.05,1.05,0,0,1
FINNIFTY28JAN2520000CE.NFO,2024-11-27,14:00:00,2025-01-28,1.05,1.05,1.05,1.05,0,0,1
FINNIFTY28JAN2520000CE.NFO,2024-11-27,14:01:00,2025-01-28,1.05,1.05,1.05,1.05,0,0,1
FINNIFTY28JAN2520000CE.NFO,2024-11-27,14:02:00,2025-01-28,1.05,1.05,1.05,1.05,0,0,1
FINNIFTY28JAN2520000CE.NFO,2024-11-27,14:03:00,2025-01-28,1.05,1.05,1.05,1.05,0,0,1
FINNIFTY28JAN2520000CE.NFO,2024-11-27,14:04:00,2025-01-28,1.05,1.05,1.05,1.05,0,0,1
FINNIFTY28JAN2520000CE.NFO,2024-11-27,14:05:00,2025-01-28,1.05,1.05,1.05,1.05,0,0,1
FINNIFTY28JAN2520000CE.NFO,2024-11-27,14:06:00,2025-01-28,1.05,1.05,1.05,1.05,0,0,1
FINNIFTY28JAN2520000CE.NFO,2024-11-27,14:07:00,2025-01-28,1.05,1.05,1.05,1.05,0,0,1
FINNIFTY28JAN2520000CE.NFO,2024-11-27,14:08:00,2025-01-28,1.05,1.05,1.05,1.05,0,0,1
FINNIFTY28JAN2520000CE.NFO,2024-11-27,14:09:00,2025-01-28,1.05,1.05,1.05,1.05,0,0,1
FINNIFTY28JAN2520000CE.NFO,2024-11-27,14:10:00,2025-01-28,1.05,1.05,1.05,1.05,0,0,1
FINNIFTY28JAN2520000CE.NFO,2024-11-27,14:11:00,2025-01-28,1.05,1.05,1.05,1.05,0,0,1
FINNIFTY28JAN2520000CE.NFO,2024-11-27,14:12:00,2025-01-28,1.05,1.05,1.05,1.05,0,0,1
FINNIFTY28JAN2520000CE.NFO,2024-11-27,14:13:00,2025-01-28,1.05,1.05,1.05,1.05,0,0,1
FINNIFTY28JAN2520000CE.NFO,2024-11-27,14:14:00,2025-01-28,1.05,1.05,1.05,1.05,0,0,1
FINNIFTY28JAN2520000CE.NFO,2024-11-27,14:15:00,2025-01-28,1.05,1.05,1.05,1.05,0,0,1
FINNIFTY28JAN2520000CE.NFO,2024-11-27,14:16:00,2025-01-28,1.05,1.05,1.05,1.05,0,0,1
FINNIFTY28JAN2520000CE.NFO,2024-11-27,14:17:00,2025-01-28,1.05,1.05,1.05,1.05,0,0,1
FINNIFTY28JAN2520000CE.NFO,2024-11-27,14:18:00,2025-01-28,1.05,1.05,1.05,1.05,0,0,1
FINNIFTY28JAN2520000CE.NFO,2024-11-27,14:19:00,2025-01-28,1.05,1.05,1.05,1.05,0,0,1
FINNIFTY28JAN2520000CE.NFO,2024-11-27,14:20:00,2025-01-28,1.05,1.05,1.05,1.05,0,0,1
FINNIFTY28JAN2520000CE.NFO,2024-11-27,14:21:00,2025-01-28,1.05,1.05,1.05,1.05,0,0,1
FINNIFTY28JAN2520000CE.NFO,2024-11-27,14:22:00,2025-01-28,1.05,1.05,1.05,1.05,0,0,1
FINNIFTY28JAN2520000CE.NFO,2024-11-27,14:23:00,2025-01-28,1.05,1.05,1.05,1.05,0,0,1
FINNIFTY28JAN2520000CE.NFO,2024-11-27,14:24:00,2025-01-28,1.05,1.05,1.05,1.05,0,0,1
FINNIFTY28JAN2520000CE.NFO,2024-11-27,14:25:00,2025-01-28,1.05,1.05,1.05,1.05,0,0,1
FINNIFTY28JAN2520000CE.NFO,2024-11-27,14:26:00,2025-01-28,1.05,1.05,1.05,1.05,0,0,1
FINNIFTY28JAN2520000CE.NFO,2024-11-27,14:27:00,2025-01-28,1.05,1.05,1.05,1.05,0,0,1
FINNIFTY28JAN2520000CE.NFO,2024-11-27,14:28:00,2025-01-28,1.05,1.05,1.05,1.05,0,0,1
FINNIFTY28JAN2520000CE.NFO,2024-11-27,14:29:00,2025-01-28,1.05,1.05,1.05,1.05,0,0,1
FINNIFTY28JAN2520000CE.NFO,2024-11-27,14:30:00,2025-01-28,1.05,1.05,1.05,1.05,0,0,1
FINNIFTY28JAN2520000CE.NFO,2024-11-27,14:31:00,2025-01-28,1.05,1.05,1.05,1.05,0,0,1
FINNIFTY28JAN2520000CE.NFO,2024-11-27,14:32:00,2025-01-28,1.05,1.05,1.05,1.05,0,0,1
FINNIFTY28JAN2520000CE.NFO,2024-11-27,14:33:00,2025-01-28,1.05,1.05,1.05,1.05,0,0,1
FINNIFTY28JAN2520000CE.NFO,2024-11-27,14:34:00,2025-01-28,1.05,1.05,1.05,1.05,0,0,1
FINNIFTY28JAN2520000CE.NFO,2024-11-27,14:35:00,2025-01-28,1.05,1.05,1.05,1.05,0,0,1
FINNIFTY28JAN2520000CE.NFO,2024-11-27,14:36:00,2025-01-28,1.05,1.05,1.05,1.05,0,0,1
FINNIFTY28JAN2520000CE.NFO,2024-11-27,14:37:00,2025-01-28,1.05,1.05,1.05,1.05,0,0,1
FINNIFTY28JAN2520000CE.NFO,2024-11-27,14:38:00,2025-01-28,1.05,1.05,1.05,1.05,0,0,1
FINNIFTY28JAN2520000CE.NFO,2024-11-27,14:39:00,2025-01-28,1.05,1.05,1.05,1.05,0,0,1
FINNIFTY28JAN2520000CE.NFO,2024-11-27,14:40:00,2025-01-28,1.05,1.05,1.05,1.05,0,0,1
FINNIFTY28JAN2520000CE.NFO,2024-11-27,14:41:00,2025-01-28,1.05,1.05,1.05,1.05,0,0,1
FINNIFTY28JAN2520000CE.NFO,2024-11-27,14:42:00,2025-01-28,1.05,1.05,1.05,1.05,0,0,1
FINNIFTY28JAN2520000CE.NFO,2024-11-27,14:43:00,2025-01-28,1.05,1.05,1.05,1.05,0,0,1
FINNIFTY28JAN2520000CE.NFO,2024-11-27,14:44:00,2025-01-28,1.05,1.05,1.05,1.05,0,0,1
FINNIFTY28JAN2520000CE.NFO,2024-11-27,14:45:00,2025-01-28,1.05,1.05,1.05,1.05,0,0,1
FINNIFTY28JAN2520000CE.NFO,2024-11-27,14:46:00,2025-01-28,1.05,1.05,1.05,1.05,0,0,1
FINNIFTY28JAN2520000CE.NFO,2024-11-27,14:47:00,2025-01-28,1.05,1.05,1.05,1.05,0,0,1
FINNIFTY28JAN2520000CE.NFO,2024-11-27,14:48:00,2025-01-28,1.05,1.05,1.05,1.05,0,0,1
FINNIFTY28JAN2520000CE.NFO,2024-11-27,14:49:00,2025-01-28,1.05,1.05,1.05,1.05,0,0,1
FINNIFTY28JAN2520000CE.NFO,2024-11-27,14:50:00,2025-01-28,1.05,1.05,1.05,1.05,0,0,1
FINNIFTY28JAN2520000CE.NFO,2024-11-27,14:51:00,2025-01-28,1.05,1.05,1.05,1.05,0,0,1
FINNIFTY28JAN2520000CE.NFO,2024-11-27,14:52:00,2025-01-28,1.05,1.05,1.05,1.05,0,0,1
FINNIFTY28JAN2520000CE.NFO,2024-11-27,14:53:00,2025-01-28,1.05,1.05,1.05,1.05,0,0,1
FINNIFTY28JAN2520000CE.NFO,2024-11-27,14:54:00,2025-01-28,1.05,1.05,1.05,1.05,0,0,1
FINNIFTY28JAN2520000CE.NFO,2024-11-27,14:55:00,2025-01-28,1.05,1.05,1.05,1.05,0,0,1
FINNIFTY28JAN2520000CE.NFO,2024-11-27,14:56:00,2025-01-28,1.05,1.05,1.05,1.05,0,0,1
FINNIFTY28JAN2520000CE.NFO,2024-11-27,14:57:00,2025-01-28,1.05,1.05,1.05,1.05,0,0,1
FINNIFTY28JAN2520000CE.NFO,2024-11-27,14:58:00,2025-01-28,1.05,1.05,1.05,1.05,0,0,1
FINNIFTY28JAN2520000CE.NFO,2024-11-27,14:59:00,2025-01-28,1.05,1.05,1.05,1.05,0,0,1
FINNIFTY28JAN2520000CE.NFO,2024-11-27,15:00:00,2025-01-28,1.05,1.05,1.05,1.05,0,0,1
FINNIFTY28JAN2520000CE.NFO,2024-11-27,15:01:00,2025-01-28,1.05,1.05,1.05,1.05,0,0,1
FINNIFTY28JAN2520000CE.NFO,2024-11-27,15:02:00,2025-01-28,1.05,1.05,1.05,1.05,0,0,1
FINNIFTY28JAN2520000CE.NFO,2024-11-27,15:03:00,2025-01-28,1.05,1.05,1.05,1.05,0,0,1
FINNIFTY28JAN2520000CE.NFO,2024-11-27,15:04:00,2025-01-28,1.05,1.05,1.05,1.05,0,0,1
FINNIFTY28JAN2520000CE.NFO,2024-11-27,15:05:00,2025-01-28,1.05,1.05,1.05,1.05,0,0,1
FINNIFTY28JAN2520000CE.NFO,2024-11-27,15:06:00,2025-01-28,1.05,1.05,1.05,1.05,0,0,1
FINNIFTY28JAN2520000CE.NFO,2024-11-27,15:07:00,2025-01-28,1.05,1.05,1.05,1.05,0,0,1
FINNIFTY28JAN2520000CE.NFO,2024-11-27,15:08:00,2025-01-28,1.05,1.05,1.05,1.05,0,0,1
FINNIFTY28JAN2520000CE.NFO,2024-11-27,15:09:00,2025-01-28,1.05,1.05,1.05,1.05,0,0,1
FINNIFTY28JAN2520000CE.NFO,2024-11-27,15:10:00,2025-01-28,1.05,1.05,1.05,1.05,0,0,1
FINNIFTY28JAN2520000CE.NFO,2024-11-27,15:11:00,2025-01-28,1.05,1.05,1.05,1.05,0,0,1
FINNIFTY28JAN2520000CE.NFO,2024-11-27,15:12:00,2025-01-28,1.05,1.05,1.05,1.05,0,0,1
FINNIFTY28JAN2520000CE.NFO,2024-11-27,15:13:00,2025-01-28,1.05,1.05,1.05,1.05,0,0,1
FINNIFTY28JAN2520000CE.NFO,2024-11-27,15:14:00,2025-01-28,1.05,1.05,1.05,1.05,0,0,1
FINNIFTY28JAN2520000CE.NFO,2024-11-27,15:15:00,2025-01-28,1.05,1.05,1.05,1.05,0,0,1
FINNIFTY28JAN2520000CE.NFO,2024-11-27,15:16:00,2025-01-28,1.05,1.05,1.05,1.05,0,0,1
FINNIFTY28JAN2520000CE.NFO,2024-11-27,15:17:00,2025-01-28,1.05,1.05,1.05,1.05,0,0,1
FINNIFTY28JAN2520000CE.NFO,2024-11-27,15:18:00,2025-01-28,1.05,1.05,1.05,1.05,0,0,1
FINNIFTY28JAN2520000CE.NFO,2024-11-27,15:19:00,2025-01-28,1.05,1.05,1.05,1.05,0,0,1
FINNIFTY28JAN2520000CE.NFO,2024-11-27,15:20:00,2025-01-28,1.05,1.05,1.05,1.05,0,0,1
FINNIFTY28JAN2520000CE.NFO,2024-11-27,15:21:00,2025-01-28,1.05,1.05,1.05,1.05,0,0,1
FINNIFTY28JAN2520000CE.NFO,2024-11-27,15:22:00,2025-01-28,1.05,1.05,1.05,1.05,0,0,1
FINNIFTY28JAN2520000CE.NFO,2024-11-27,15:23:00,2025-01-28,1.05,1.05,1.05,1.05,0,0,1
FINNIFTY28JAN2520000CE.NFO,2024-11-27,15:24:00,2025-01-28,1.05,1.05,1.05,1.05,0,0,1
FINNIFTY28JAN2520000CE.NFO,2024-11-27,15:25:00,2025-01-28,1.05,1.05,1.05,1.05,0,0,1
FINNIFTY28JAN2520000CE.NFO,2024-11-27,15:26:00,2025-01-28,1.05,1.05,1.05,1.05,0,0,1
FINNIFTY28JAN2520000CE.NFO,2024-11-27,15:27:00,2025-01-28,1.05,1.05,1.05,1.05,0,0,1
FINNIFTY28JAN2520000CE.NFO,2024-11-27,15:28:00,2025-01-28,1.05,1.05,1.05,1.05,0,0,1
FINNIFTY28JAN2520000CE.NFO,2024-11-27,15:29:00,2025-01-28,1.05,1.05,1.05,1.05,0,0,1
FINNIFTY28JAN2520000CE.NFO,2024-11-27,15:30:00,2025-01-28,1.05,1.05,1.05,1.05,0,0,1
FINNIFTY28JAN2520000CE.NFO,2024-12-31,09:15:00,2025-01-28,3213.6,3213.6,3213.6,3213.6,0,0,1
FINNIFTY28JAN2520000CE.NFO,2024-12-31,09:16:00,2025-01-28,3213.6,3213.6,3213.6,3213.6,0,0,1
FINNIFTY28JAN2520000CE.NFO,2024-12-31,09:17:00,2025-01-28,3213.6,3213.6,3213.6,3213.6,0,0,1
FINNIFTY28JAN2520000CE.NFO,2024-12-31,09:18:00,2025-01-28,3213.6,3213.6,3213.6,3213.6,0,0,1
FINNIFTY28JAN2520000CE.NFO,2024-12-31,09:19:00,2025-01-28,3213.6,3213.6,3213.6,3213.6,0,0,1
FINNIFTY28JAN2520000CE.NFO,2024-12-31,09:20:00,2025-01-28,3213.6,3213.6,3213.6,3213.6,0,0,1
FINNIFTY28JAN2520000CE.NFO,2024-12-31,09:21:00,2025-01-28,3213.6,3213.6,3213.6,3213.6,0,0,1
FINNIFTY28JAN2520000CE.NFO,2024-12-31,09:22:00,2025-01-28,3213.6,3213.6,3213.6,3213.6,0,0,1
FINNIFTY28JAN2520000CE.NFO,2024-12-31,09:23:00,2025-01-28,3213.6,3213.6,3213.6,3213.6,0,0,1
FINNIFTY28JAN2520000CE.NFO,2024-12-31,09:24:00,2025-01-28,3213.6,3213.6,3213.6,3213.6,0,0,1
FINNIFTY28JAN2520000CE.NFO,2024-12-31,09:25:00,2025-01-28,3213.6,3213.6,3213.6,3213.6,0,0,1
FINNIFTY28JAN2520000CE.NFO,2024-12-31,09:26:00,2025-01-28,3213.6,3213.6,3213.6,3213.6,0,0,1
FINNIFTY28JAN2520000CE.NFO,2024-12-31,09:27:00,2025-01-28,3213.6,3213.6,3213.6,3213.6,0,0,1
FINNIFTY28JAN2520000CE.NFO,2024-12-31,09:28:00,2025-01-28,3213.6,3213.6,3213.6,3213.6,0,0,1
FINNIFTY28JAN2520000CE.NFO,2024-12-31,09:29:00,2025-01-28,3213.6,3213.6,3213.6,3213.6,0,0,1
FINNIFTY28JAN2520000CE.NFO,2024-12-31,09:30:00,2025-01-28,3213.6,3213.6,3213.6,3213.6,0,0,1
FINNIFTY28JAN2520000CE.NFO,2024-12-31,09:31:00,2025-01-28,3213.6,3213.6,3213.6,3213.6,0,0,1
FINNIFTY28JAN2520000CE.NFO,2024-12-31,09:32:00,2025-01-28,3213.6,3213.6,3213.6,3213.6,0,0,1
FINNIFTY28JAN2520000CE.NFO,2024-12-31,09:33:00,2025-01-28,3213.6,3213.6,3213.6,3213.6,0,0,1
FINNIFTY28JAN2520000CE.NFO,2024-12-31,09:34:00,2025-01-28,3213.6,3213.6,3213.6,3213.6,0,0,1
FINNIFTY28JAN2520000CE.NFO,2024-12-31,09:35:00,2025-01-28,3213.6,3213.6,3213.6,3213.6,0,0,1
FINNIFTY28JAN2520000CE.NFO,2024-12-31,09:36:00,2025-01-28,3213.6,3213.6,3213.6,3213.6,0,0,1
FINNIFTY28JAN2520000CE.NFO,2024-12-31,09:37:00,2025-01-28,3213.6,3213.6,3213.6,3213.6,0,0,1
FINNIFTY28JAN2520000CE.NFO,2024-12-31,09:38:00,2025-01-28,3213.6,3213.6,3213.6,3213.6,0,0,1
FINNIFTY28JAN2520000CE.NFO,2024-12-31,09:39:00,2025-01-28,3213.6,3213.6,3213.6,3213.6,0,0,1
FINNIFTY28JAN2520000CE.NFO,2024-12-31,09:40:00,2025-01-28,3213.6,3213.6,3213.6,3213.6,0,0,1
FINNIFTY28JAN2520000CE.NFO,2024-12-31,09:41:00,2025-01-28,3213.6,3213.6,3213.6,3213.6,0,0,1
FINNIFTY28JAN2520000CE.NFO,2024-12-31,09:42:00,2025-01-28,3213.6,3213.6,3213.6,3213.6,0,0,1
FINNIFTY28JAN2520000CE.NFO,2024-12-31,09:43:00,2025-01-28,3213.6,3213.6,3213.6,3213.6,0,0,1
FINNIFTY28JAN2520000CE.NFO,2024-12-31,09:44:00,2025-01-28,3213.6,3213.6,3213.6,3213.6,0,0,1
FINNIFTY28JAN2520000CE.NFO,2024-12-31,09:45:00,2025-01-28,3213.6,3213.6,3213.6,3213.6,0,0,1
FINNIFTY28JAN2520000CE.NFO,2024-12-31,09:46:00,2025-01-28,3213.6,3213.6,3213.6,3213.6,0,0,1
FINNIFTY28JAN2520000CE.NFO,2024-12-31,09:47:00,2025-01-28,3213.6,3213.6,3213.6,3213.6,0,0,1
FINNIFTY28JAN2520000CE.NFO,2024-12-31,09:48:00,2025-01-28,3213.6,3213.6,3213.6,3213.6,0,0,1
FINNIFTY28JAN2520000CE.NFO,2024-12-31,09:49:00,2025-01-28,3213.6,3213.6,3213.6,3213.6,0,0,1
FINNIFTY28JAN2520000CE.NFO,2024-12-31,09:50:00,2025-01-28,3213.6,3213.6,3213.6,3213.6,0,0,1
FINNIFTY28JAN2520000CE.NFO,2024-12-31,09:51:00,2025-01-28,3213.6,3213.6,3213.6,3213.6,0,0,1
FINNIFTY28JAN2520000CE.NFO,2024-12-31,09:52:00,2025-01-28,3213.6,3213.6,3213.6,3213.6,0,0,1
FINNIFTY28JAN2520000CE.NFO,2024-12-31,09:53:00,2025-01-28,3213.6,3213.6,3213.6,3213.6,0,0,1
FINNIFTY28JAN2520000CE.NFO,2024-12-31,09:54:00,2025-01-28,3213.6,3213.6,3213.6,3213.6,0,0,1
FINNIFTY28JAN2520000CE.NFO,2024-12-31,09:55:00,2025-01-28,3213.6,3213.6,3213.6,3213.6,0,0,1
FINNIFTY28JAN2520000CE.NFO,2024-12-31,09:56:00,2025-01-28,3213.6,3213.6,3213.6,3213.6,0,0,1
FINNIFTY28JAN2520000CE.NFO,2024-12-31,09:57:00,2025-01-28,3213.6,3213.6,3213.6,3213.6,0,0,1
FINNIFTY28JAN2520000CE.NFO,2024-12-31,09:58:00,2025-01-28,3213.6,3213.6,3213.6,3213.6,0,0,1
FINNIFTY28JAN2520000CE.NFO,2024-12-31,09:59:00,2025-01-28,3213.6,3213.6,3213.6,3213.6,0,0,1
FINNIFTY28JAN2520000CE.NFO,2024-12-31,10:00:00,2025-01-28,3213.6,3213.6,3213.6,3213.6,0,0,1
FINNIFTY28JAN2520000CE.NFO,2024-12-31,10:01:00,2025-01-28,3213.6,3213.6,3213.6,3213.6,0,0,1
FINNIFTY28JAN2520000CE.NFO,2024-12-31,10:02:00,2025-01-28,3213.6,3213.6,3213.6,3213.6,0,0,1
FINNIFTY28JAN2520000CE.NFO,2024-12-31,10:03:00,2025-01-28,3213.6,3213.6,3213.6,3213.6,0,0,1
FINNIFTY28JAN2520000CE.NFO,2024-12-31,10:04:00,2025-01-28,3213.6,3213.6,3213.6,3213.6,0,0,1
FINNIFTY28JAN2520000CE.NFO,2024-12-31,10:05:00,2025-01-28,3213.6,3213.6,3213.6,3213.6,0,0,1
FINNIFTY28JAN2520000CE.NFO,2024-12-31,10:06:00,2025-01-28,3213.6,3213.6,3213.6,3213.6,0,0,1
FINNIFTY28JAN2520000CE.NFO,2024-12-31,10:07:00,2025-01-28,3213.6,3213.6,3213.6,3213.6,0,0,1
FINNIFTY28JAN2520000CE.NFO,2024-12-31,10:08:00,2025-01-28,3213.6,3213.6,3213.6,3213.6,0,0,1
FINNIFTY28JAN2520000CE.NFO,2024-12-31,10:09:00,2025-01-28,3213.6,3213.6,3213.6,3213.6,0,0,1
FINNIFTY28JAN2520000CE.NFO,2024-12-31,10:10:00,2025-01-28,3213.6,3213.6,3213.6,3213.6,0,0,1
FINNIFTY28JAN2520000CE.NFO,2024-12-31,10:11:00,2025-01-28,3213.6,3213.6,3213.6,3213.6,0,0,1
FINNIFTY28JAN2520000CE.NFO,2024-12-31,10:12:00,2025-01-28,3213.6,3213.6,3213.6,3213.6,0,0,1
FINNIFTY28JAN2520000CE.NFO,2024-12-31,10:13:00,2025-01-28,3213.6,3213.6,3213.6,3213.6,0,0,1
FINNIFTY28JAN2520000CE.NFO,2024-12-31,10:14:00,2025-01-28,3213.6,3213.6,3213.6,3213.6,0,0,1
FINNIFTY28JAN2520000CE.NFO,2024-12-31,10:15:00,2025-01-28,3213.6,3213.6,3213.6,3213.6,0,0,1
FINNIFTY28JAN2520000CE.NFO,2024-12-31,10:16:00,2025-01-28,3213.6,3213.6,3213.6,3213.6,0,0,1
FINNIFTY28JAN2520000CE.NFO,2024-12-31,10:17:00,2025-01-28,3213.6,3213.6,3213.6,3213.6,0,0,1
FINNIFTY28JAN2520000CE.NFO,2024-12-31,10:18:00,2025-01-28,3213.6,3213.6,3213.6,3213.6,0,0,1
FINNIFTY28JAN2520000CE.NFO,2024-12-31,10:19:00,2025-01-28,3213.6,3213.6,3213.6,3213.6,0,0,1
FINNIFTY28JAN2520000CE.NFO,2024-12-31,10:20:00,2025-01-28,3213.6,3213.6,3213.6,3213.6,0,0,1
FINNIFTY28JAN2520000CE.NFO,2024-12-31,10:21:00,2025-01-28,3213.6,3213.6,3213.6,3213.6,0,0,1
FINNIFTY28JAN2520000CE.NFO,2024-12-31,10:22:00,2025-01-28,3213.6,3213.6,3213.6,3213.6,0,0,1
FINNIFTY28JAN2520000CE.NFO,2024-12-31,10:23:00,2025-01-28,3213.6,3213.6,3213.6,3213.6,0,0,1
FINNIFTY28JAN2520000CE.NFO,2024-12-31,10:24:00,2025-01-28,3213.6,3213.6,3213.6,3213.6,0,0,1
FINNIFTY28JAN2520000CE.NFO,2024-12-31,10:25:00,2025-01-28,3213.6,3213.6,3213.6,3213.6,0,0,1
FINNIFTY28JAN2520000CE.NFO,2024-12-31,10:26:00,2025-01-28,3213.6,3213.6,3213.6,3213.6,0,0,1
FINNIFTY28JAN2520000CE.NFO,2024-12-31,10:27:00,2025-01-28,3213.6,3213.6,3213.6,3213.6,0,0,1
FINNIFTY28JAN2520000CE.NFO,2024-12-31,10:28:00,2025-01-28,3213.6,3213.6,3213.6,3213.6,0,0,1
FINNIFTY28JAN2520000CE.NFO,2024-12-31,10:29:00,2025-01-28,3213.6,3213.6,3213.6,3213.6,0,0,1
FINNIFTY28JAN2520000CE.NFO,2024-12-31,10:30:00,2025-01-28,3213.6,3213.6,3213.6,3213.6,0,0,1
FINNIFTY28JAN2520000CE.NFO,2024-12-31,10:31:00,2025-01-28,3213.6,3213.6,3213.6,3213.6,0,0,1
FINNIFTY28JAN2520000CE.NFO,2024-12-31,10:32:00,2025-01-28,3213.6,3213.6,3213.6,3213.6,0,0,1
FINNIFTY28JAN2520000CE.NFO,2024-12-31,10:33:00,2025-01-28,3213.6,3213.6,3213.6,3213.6,0,0,1
FINNIFTY28JAN2520000CE.NFO,2024-12-31,10:34:00,2025-01-28,3213.6,3213.6,3213.6,3213.6,0,0,1
FINNIFTY28JAN2520000CE.NFO,2024-12-31,10:35:00,2025-01-28,3213.6,3213.6,3213.6,3213.6,0,0,1
FINNIFTY28JAN2520000CE.NFO,2024-12-31,10:36:00,2025-01-28,3213.6,3213.6,3213.6,3213.6,0,0,1
FINNIFTY28JAN2520000CE.NFO,2024-12-31,10:37:00,2025-01-28,3213.6,3213.6,3213.6,3213.6,0,0,1
FINNIFTY28JAN2520000CE.NFO,2024-12-31,10:38:00,2025-01-28,3213.6,3213.6,3213.6,3213.6,0,0,1
FINNIFTY28JAN2520000CE.NFO,2024-12-31,10:39:00,2025-01-28,3213.6,3213.6,3213.6,3213.6,0,0,1
FINNIFTY28JAN2520000CE.NFO,2024-12-31,10:40:00,2025-01-28,3213.6,3213.6,3213.6,3213.6,0,0,1
FINNIFTY28JAN2520000CE.NFO,2024-12-31,10:41:00,2025-01-28,3213.6,4066.6,3213.6,3213.6,0,0,0
FINNIFTY28JAN2520000CE.NFO,2024-12-31,10:42:00,2025-01-28,3213.6,3213.6,3213.6,3213.6,0,0,0
FINNIFTY28JAN2520000CE.NFO,2024-12-31,10:43:00,2025-01-28,3213.6,3213.6,3213.6,3213.6,0,0,0
FINNIFTY28JAN2520000CE.NFO,2024-12-31,10:44:00,2025-01-28,3213.6,3213.6,3213.6,3213.6,0,0,0
FINNIFTY28JAN2520000CE.NFO,2024-12-31,10:45:00,2025-01-28,3213.6,3682.35,3213.6,3681.95,275,25,0
FINNIFTY28JAN2520000CE.NFO,2024-12-31,10:46:00,2025-01-28,3681.95,3681.95,3681.95,3681.95,0,25,0
FINNIFTY28JAN2520000CE.NFO,2024-12-31,10:47:00,2025-01-28,3681.95,3681.95,3681.95,3681.95,0,25,0
FINNIFTY28JAN2520000CE.NFO,2024-12-31,10:48:00,2025-01-28,3681.95,3681.95,3681.95,3681.95,0,25,0
FINNIFTY28JAN2520000CE.NFO,2024-12-31,10:49:00,2025-01-28,3681.95,3681.95,3681.95,3681.95,0,25,0
FINNIFTY28JAN2520000CE.NFO,2024-12-31,10:50:00,2025-01-28,3681.95,3681.95,3681.95,3681.95,0,25,0
FINNIFTY28JAN2520000CE.NFO,2024-12-31,10:51:00,2025-01-28,3681.95,3681.95,3681.95,3681.95,0,25,0
FINNIFTY28JAN2520000CE.NFO,2024-12-31,10:52:00,2025-01-28,3681.95,3681.95,3681.95,3681.95,0,25,0
FINNIFTY28JAN2520000CE.NFO,2024-12-31,10:53:00,2025-01-28,3681.95,3683.4,3681.95,3683.4,0,300,0
FINNIFTY28JAN2520000CE.NFO,2024-12-31,10:54:00,2025-01-28,3683.4,3683.4,3683.15,3683.15,250,300,0
FINNIFTY28JAN2520000CE.NFO,2024-12-31,10:55:00,2025-01-28,3683.15,3683.15,3683.15,3683.15,0,300,0
FINNIFTY28JAN2520000CE.NFO,2024-12-31,10:56:00,2025-01-28,3683.15,3683.15,3683.15,3683.15,0,300,0
FINNIFTY28JAN2520000CE.NFO,2024-12-31,10:57:00,2025-01-28,3683.15,3683.15,3683.15,3683.15,0,300,0
FINNIFTY28JAN2520000CE.NFO,2024-12-31,10:58:00,2025-01-28,3683.15,3683.15,3683.15,3683.15,0,300,0
FINNIFTY28JAN2520000CE.NFO,2024-12-31,10:59:00,2025-01-28,3683.15,3683.15,3683.15,3683.15,0,300,0
FINNIFTY28JAN2520000CE.NFO,2024-12-31,11:00:00,2025-01-28,3683.15,3683.15,3683.15,3683.15,0,300,0
FINNIFTY28JAN2520000CE.NFO,2024-12-31,11:01:00,2025-01-28,3683.15,3683.15,3683.15,3683.15,0,300,0
FINNIFTY28JAN2520000CE.NFO,2024-12-31,11:02:00,2025-01-28,3683.15,3683.15,3683.15,3683.15,0,300,0
FINNIFTY28JAN2520000CE.NFO,2024-12-31,11:03:00,2025-01-28,3683.15,3683.15,3683.15,3683.15,0,300,0
FINNIFTY28JAN2520000CE.NFO,2024-12-31,11:04:00,2025-01-28,3683.15,3683.15,3683.15,3683.15,0,300,0
FINNIFTY28JAN2520000CE.NFO,2024-12-31,11:05:00,2025-01-28,3683.15,3683.15,3683.15,3683.15,0,300,0
FINNIFTY28JAN2520000CE.NFO,2024-12-31,11:06:00,2025-01-28,3683.15,3683.15,3683.15,3683.15,0,300,0
FINNIFTY28JAN2520000CE.NFO,2024-12-31,11:07:00,2025-01-28,3683.15,3683.15,3683.15,3683.15,0,300,0
FINNIFTY28JAN2520000CE.NFO,2024-12-31,11:08:00,2025-01-28,3683.15,3683.15,3683.15,3683.15,0,300,0
FINNIFTY28JAN2520000CE.NFO,2024-12-31,11:09:00,2025-01-28,3683.15,3683.15,3683.15,3683.15,0,300,0
FINNIFTY28JAN2520000CE.NFO,2024-12-31,11:10:00,2025-01-28,3683.15,3683.15,3683.15,3683.15,0,300,0
FINNIFTY28JAN2520000CE.NFO,2024-12-31,11:11:00,2025-01-28,3683.15,3683.15,3683.15,3683.15,0,300,0
FINNIFTY28JAN2520000CE.NFO,2024-12-31,11:12:00,2025-01-28,3683.15,3683.15,3683.15,3683.15,0,300,0
FINNIFTY28JAN2520000CE.NFO,2024-12-31,11:13:00,2025-01-28,3683.15,3683.15,3683.15,3683.15,0,300,0
FINNIFTY28JAN2520000CE.NFO,2024-12-31,11:14:00,2025-01-28,3683.15,3683.15,3683.15,3683.15,0,300,0
FINNIFTY28JAN2520000CE.NFO,2024-12-31,11:15:00,2025-01-28,3683.15,3683.15,3683.15,3683.15,0,300,0
FINNIFTY28JAN2520000CE.NFO,2024-12-31,11:16:00,2025-01-28,3683.15,3683.15,3683.15,3683.15,0,300,0
FINNIFTY28JAN2520000CE.NFO,2024-12-31,11:17:00,2025-01-28,3683.15,3683.15,3683.15,3683.15,0,300,0
FINNIFTY28JAN2520000CE.NFO,2024-12-31,11:18:00,2025-01-28,3683.15,3683.15,3683.15,3683.15,0,300,0
FINNIFTY28JAN2520000CE.NFO,2024-12-31,11:19:00,2025-01-28,3683.15,3683.15,3683.15,3683.15,0,300,0
FINNIFTY28JAN2520000CE.NFO,2024-12-31,11:20:00,2025-01-28,3683.15,3683.15,3683.15,3683.15,0,300,0
FINNIFTY28JAN2520000CE.NFO,2024-12-31,11:21:00,2025-01-28,3683.15,3696.9,3683.15,3696.9,25,550,0
FINNIFTY28JAN2520000CE.NFO,2024-12-31,11:22:00,2025-01-28,3696.9,3696.9,3696.9,3696.9,0,550,0
FINNIFTY28JAN2520000CE.NFO,2024-12-31,11:23:00,2025-01-28,3696.9,3696.9,3696.9,3696.9,0,550,0
FINNIFTY28JAN2520000CE.NFO,2024-12-31,11:24:00,2025-01-28,3696.9,3696.9,3696.9,3696.9,0,550,0
FINNIFTY28JAN2520000CE.NFO,2024-12-31,11:25:00,2025-01-28,3696.9,3696.9,3696.9,3696.9,0,550,0
FINNIFTY28JAN2520000CE.NFO,2024-12-31,11:26:00,2025-01-28,3696.9,3696.9,3696.9,3696.9,0,550,0
FINNIFTY28JAN2520000CE.NFO,2024-12-31,11:27:00,2025-01-28,3696.9,3696.9,3696.9,3696.9,0,550,0
FINNIFTY28JAN2520000CE.NFO,2024-12-31,11:28:00,2025-01-28,3696.9,3696.9,3696.9,3696.9,0,550,0
FINNIFTY28JAN2520000CE.NFO,2024-12-31,11:29:00,2025-01-28,3696.9,3696.9,3696.9,3696.9,0,550,0
FINNIFTY28JAN2520000CE.NFO,2024-12-31,11:30:00,2025-01-28,3696.9,3696.9,3696.9,3696.9,0,550,0
FINNIFTY28JAN2520000CE.NFO,2024-12-31,11:31:00,2025-01-28,3696.9,3696.9,3686.55,3686.55,75,575,0
FINNIFTY28JAN2520000CE.NFO,2024-12-31,11:32:00,2025-01-28,3686.55,3686.55,3686.55,3686.55,0,575,0
FINNIFTY28JAN2520000CE.NFO,2024-12-31,11:33:00,2025-01-28,3686.55,3686.55,3686.55,3686.55,0,575,0
FINNIFTY28JAN2520000CE.NFO,2024-12-31,11:34:00,2025-01-28,3686.55,3686.55,3686.55,3686.55,0,575,0
FINNIFTY28JAN2520000CE.NFO,2024-12-31,11:35:00,2025-01-28,3686.55,3690.15,3686.55,3689.5,175,650,0
FINNIFTY28JAN2520000CE.NFO,2024-12-31,11:36:00,2025-01-28,3689.5,3689.6,3689.4,3689.4,175,650,0
FINNIFTY28JAN2520000CE.NFO,2024-12-31,11:37:00,2025-01-28,3689.4,3689.4,3689.4,3689.4,0,650,0
FINNIFTY28JAN2520000CE.NFO,2024-12-31,11:38:00,2025-01-28,3689.4,3689.4,3689.4,3689.4,0,650,0
FINNIFTY28JAN2520000CE.NFO,2024-12-31,11:39:00,2025-01-28,3689.4,3689.4,3689.4,3689.4,0,650,0
FINNIFTY28JAN2520000CE.NFO,2024-12-31,11:40:00,2025-01-28,3689.4,3689.4,3689.4,3689.4,0,650,0
FINNIFTY28JAN2520000CE.NFO,2024-12-31,11:41:00,2025-01-28,3689.4,3689.4,3689.4,3689.4,0,650,0
FINNIFTY28JAN2520000CE.NFO,2024-12-31,11:42:00,2025-01-28,3689.4,3689.4,3689.4,3689.4,0,650,0
FINNIFTY28JAN2520000CE.NFO,2024-12-31,11:43:00,2025-01-28,3689.4,3689.4,3689.4,3689.4,0,650,0
FINNIFTY28JAN2520000CE.NFO,2024-12-31,11:44:00,2025-01-28,3689.4,3689.4,3687.1,3687.1,75,1000,0
FINNIFTY28JAN2520000CE.NFO,2024-12-31,11:45:00,2025-01-28,3687.1,3687.1,3687.1,3687.1,0,1000,0
FINNIFTY28JAN2520000CE.NFO,2024-12-31,11:46:00,2025-01-28,3687.1,3687.1,3687.1,3687.1,0,1000,0
FINNIFTY28JAN2520000CE.NFO,2024-12-31,11:47:00,2025-01-28,3687.1,3687.1,3687.1,3687.1,0,1000,0
FINNIFTY28JAN2520000CE.NFO,2024-12-31,11:48:00,2025-01-28,3687.1,3687.1,3687.1,3687.1,0,1000,0
FINNIFTY28JAN2520000CE.NFO,2024-12-31,11:49:00,2025-01-28,3687.1,3687.1,3687.1,3687.1,0,1000,0
FINNIFTY28JAN2520000CE.NFO,2024-12-31,11:50:00,2025-01-28,3687.1,3687.1,3687.1,3687.1,0,1000,0
FINNIFTY28JAN2520000CE.NFO,2024-12-31,11:51:00,2025-01-28,3687.1,3687.1,3687.1,3687.1,0,1000,0
FINNIFTY28JAN2520000CE.NFO,2024-12-31,11:52:00,2025-01-28,3687.1,3687.1,3687.1,3687.1,0,1000,0
FINNIFTY28JAN2520000CE.NFO,2024-12-31,11:53:00,2025-01-28,3687.1,3687.1,3687.1,3687.1,0,1000,0
FINNIFTY28JAN2520000CE.NFO,2024-12-31,11:54:00,2025-01-28,3687.1,3687.1,3687.1,3687.1,0,1000,0
FINNIFTY28JAN2520000CE.NFO,2024-12-31,11:55:00,2025-01-28,3687.1,3687.1,3687.1,3687.1,0,1000,0
FINNIFTY28JAN2520000CE.NFO,2024-12-31,11:56:00,2025-01-28,3687.1,3687.1,3687.1,3687.1,0,1000,0
FINNIFTY28JAN2520000CE.NFO,2024-12-31,11:57:00,2025-01-28,3687.1,3687.1,3687.1,3687.1,0,1000,0
FINNIFTY28JAN2520000CE.NFO,2024-12-31,11:58:00,2025-01-28,3687.1,3687.1,3687.1,3687.1,0,1000,0
FINNIFTY28JAN2520000CE.NFO,2024-12-31,11:59:00,2025-01-28,3687.1,3687.1,3687.1,3687.1,0,1000,0
FINNIFTY28JAN2520000CE.NFO,2024-12-31,12:00:00,2025-01-28,3687.1,3687.1,3687.1,3687.1,0,1000,0
FINNIFTY28JAN2520000CE.NFO,2024-12-31,12:01:00,2025-01-28,3687.1,3687.1,3687.1,3687.1,0,1000,0
FINNIFTY28JAN2520000CE.NFO,2024-12-31,12:02:00,2025-01-28,3687.1,3687.1,3687.1,3687.1,0,1000,0
FINNIFTY28JAN2520000CE.NFO,2024-12-31,12:03:00,2025-01-28,3687.1,3687.1,3687.1,3687.1,0,1000,0
FINNIFTY28JAN2520000CE.NFO,2024-12-31,12:04:00,2025-01-28,3687.1,3687.1,3687.1,3687.1,0,1000,0
FINNIFTY28JAN2520000CE.NFO,2024-12-31,12:05:00,2025-01-28,3687.1,3687.1,3687.1,3687.1,0,1000,0
FINNIFTY28JAN2520000CE.NFO,2024-12-31,12:06:00,2025-01-28,3687.1,3687.1,3687.1,3687.1,0,1000,0
FINNIFTY28JAN2520000CE.NFO,2024-12-31,12:07:00,2025-01-28,3687.1,3687.1,3687.1,3687.1,0,1000,0
FINNIFTY28JAN2520000CE.NFO,2024-12-31,12:08:00,2025-01-28,3687.1,3687.1,3687.1,3687.1,0,1000,0
FINNIFTY28JAN2520000CE.NFO,2024-12-31,12:09:00,2025-01-28,3687.1,3687.1,3687.1,3687.1,0,1000,0
FINNIFTY28JAN2520000CE.NFO,2024-12-31,12:10:00,2025-01-28,3687.1,3687.1,3687.1,3687.1,0,1000,0
FINNIFTY28JAN2520000CE.NFO,2024-12-31,12:11:00,2025-01-28,3687.1,3687.1,3687.1,3687.1,0,1000,0
FINNIFTY28JAN2520000CE.NFO,2024-12-31,12:12:00,2025-01-28,3687.1,3687.1,3687.1,3687.1,0,1000,0
FINNIFTY28JAN2520000CE.NFO,2024-12-31,12:13:00,2025-01-28,3687.1,3687.1,3687.1,3687.1,0,1000,0
FINNIFTY28JAN2520000CE.NFO,2024-12-31,12:14:00,2025-01-28,3687.1,3687.1,3687.1,3687.1,0,1000,0
FINNIFTY28JAN2520000CE.NFO,2024-12-31,12:15:00,2025-01-28,3687.1,3687.1,3687.1,3687.1,0,1000,0
FINNIFTY28JAN2520000CE.NFO,2024-12-31,12:16:00,2025-01-28,3687.1,3687.1,3687.1,3687.1,0,1000,0
FINNIFTY28JAN2520000CE.NFO,2024-12-31,12:17:00,2025-01-28,3687.1,3687.1,3687.1,3687.1,0,1000,0
FINNIFTY28JAN2520000CE.NFO,2024-12-31,12:18:00,2025-01-28,3687.1,3687.1,3687.1,3687.1,0,1000,0
FINNIFTY28JAN2520000CE.NFO,2024-12-31,12:19:00,2025-01-28,3687.1,3687.1,3687.1,3687.1,0,1000,0
FINNIFTY28JAN2520000CE.NFO,2024-12-31,12:20:00,2025-01-28,3687.1,3687.1,3687.1,3687.1,0,1000,0
FINNIFTY28JAN2520000CE.NFO,2024-12-31,12:21:00,2025-01-28,3687.1,3687.1,3687.1,3687.1,0,1000,0
FINNIFTY28JAN2520000CE.NFO,2024-12-31,12:22:00,2025-01-28,3687.1,3687.1,3687.1,3687.1,0,1000,0
FINNIFTY28JAN2520000CE.NFO,2024-12-31,12:23:00,2025-01-28,3687.1,3687.1,3687.1,3687.1,0,1000,0
FINNIFTY28JAN2520000CE.NFO,2024-12-31,12:24:00,2025-01-28,3687.1,3687.1,3687.1,3687.1,0,1000,0
FINNIFTY28JAN2520000CE.NFO,2024-12-31,12:25:00,2025-01-28,3687.1,3687.1,3687.1,3687.1,0,1000,0
FINNIFTY28JAN2520000CE.NFO,2024-12-31,12:26:00,2025-01-28,3687.1,3687.1,3687.1,3687.1,0,1000,0
FINNIFTY28JAN2520000CE.NFO,2024-12-31,12:27:00,2025-01-28,3687.1,3687.1,3687.1,3687.1,0,1000,0
FINNIFTY28JAN2520000CE.NFO,2024-12-31,12:28:00,2025-01-28,3687.1,3687.1,3687.1,3687.1,0,1000,0
FINNIFTY28JAN2520000CE.NFO,2024-12-31,12:29:00,2025-01-28,3687.1,3687.1,3687.1,3687.1,0,1000,0
FINNIFTY28JAN2520000CE.NFO,2024-12-31,12:30:00,2025-01-28,3687.1,3687.1,3687.1,3687.1,0,1000,0
FINNIFTY28JAN2520000CE.NFO,2024-12-31,12:31:00,2025-01-28,3687.1,3687.1,3687.1,3687.1,0,1000,0
FINNIFTY28JAN2520000CE.NFO,2024-12-31,12:32:00,2025-01-28,3687.1,3687.1,3687.1,3687.1,0,1000,0
FINNIFTY28JAN2520000CE.NFO,2024-12-31,12:33:00,2025-01-28,3687.1,3687.1,3687.1,3687.1,0,1000,0
FINNIFTY28JAN2520000CE.NFO,2024-12-31,12:34:00,2025-01-28,3687.1,3687.1,3687.1,3687.1,0,1000,0
FINNIFTY28JAN2520000CE.NFO,2024-12-31,12:35:00,2025-01-28,3687.1,3687.1,3687.1,3687.1,0,1000,0
FINNIFTY28JAN2520000CE.NFO,2024-12-31,12:36:00,2025-01-28,3687.1,3687.1,3687.1,3687.1,0,1000,0
FINNIFTY28JAN2520000CE.NFO,2024-12-31,12:37:00,2025-01-28,3687.1,3687.1,3687.1,3687.1,0,1000,0
FINNIFTY28JAN2520000CE.NFO,2024-12-31,12:38:00,2025-01-28,3687.1,3687.1,3687.1,3687.1,0,1000,0
FINNIFTY28JAN2520000CE.NFO,2024-12-31,12:39:00,2025-01-28,3687.1,3687.1,3687.1,3687.1,0,1000,0
FINNIFTY28JAN2520000CE.NFO,2024-12-31,12:40:00,2025-01-28,3687.1,3687.1,3687.1,3687.1,0,1000,0
FINNIFTY28JAN2520000CE.NFO,2024-12-31,12:41:00,2025-01-28,3687.1,3687.1,3687.1,3687.1,0,1000,0
FINNIFTY28JAN2520000CE.NFO,2024-12-31,12:42:00,2025-01-28,3687.1,3687.1,3687.1,3687.1,0,1000,0
FINNIFTY28JAN2520000CE.NFO,2024-12-31,12:43:00,2025-01-28,3687.1,3687.1,3687.1,3687.1,0,1000,0
FINNIFTY28JAN2520000CE.NFO,2024-12-31,12:44:00,2025-01-28,3687.1,3687.1,3687.1,3687.1,0,1000,0
FINNIFTY28JAN2520000CE.NFO,2024-12-31,12:45:00,2025-01-28,3687.1,3687.1,3687.1,3687.1,0,1000,0
FINNIFTY28JAN2520000CE.NFO,2024-12-31,12:46:00,2025-01-28,3687.1,3687.1,3687.1,3687.1,0,1000,0
FINNIFTY28JAN2520000CE.NFO,2024-12-31,12:47:00,2025-01-28,3687.1,3687.1,3687.1,3687.1,0,1000,0
FINNIFTY28JAN2520000CE.NFO,2024-12-31,12:48:00,2025-01-28,3687.1,3687.1,3687.1,3687.1,0,1000,0
FINNIFTY28JAN2520000CE.NFO,2024-12-31,12:49:00,2025-01-28,3687.1,3687.1,3687.1,3687.1,0,1000,0
FINNIFTY28JAN2520000CE.NFO,2024-12-31,12:50:00,2025-01-28,3687.1,3687.1,3687.1,3687.1,0,1000,0
FINNIFTY28JAN2520000CE.NFO,2024-12-31,12:51:00,2025-01-28,3687.1,3687.1,3687.1,3687.1,0,1000,0
FINNIFTY28JAN2520000CE.NFO,2024-12-31,12:52:00,2025-01-28,3687.1,3687.1,3687.1,3687.1,0,1000,0
FINNIFTY28JAN2520000CE.NFO,2024-12-31,12:53:00,2025-01-28,3687.1,3687.1,3687.1,3687.1,0,1000,0
FINNIFTY28JAN2520000CE.NFO,2024-12-31,12:54:00,2025-01-28,3687.1,3687.1,3687.1,3687.1,0,1000,0
FINNIFTY28JAN2520000CE.NFO,2024-12-31,12:55:00,2025-01-28,3687.1,3687.1,3687.1,3687.1,0,1000,0
FINNIFTY28JAN2520000CE.NFO,2024-12-31,12:56:00,2025-01-28,3687.1,3687.1,3687.1,3687.1,0,1000,0
FINNIFTY28JAN2520000CE.NFO,2024-12-31,12:57:00,2025-01-28,3687.1,3687.1,3687.1,3687.1,0,1000,0
FINNIFTY28JAN2520000CE.NFO,2024-12-31,12:58:00,2025-01-28,3687.1,3687.1,3687.1,3687.1,0,1000,0
FINNIFTY28JAN2520000CE.NFO,2024-12-31,12:59:00,2025-01-28,3687.1,3687.1,3687.1,3687.1,0,1000,0
FINNIFTY28JAN2520000CE.NFO,2024-12-31,13:00:00,2025-01-28,3687.1,3687.1,3687.1,3687.1,0,1000,0
FINNIFTY28JAN2520000CE.NFO,2024-12-31,13:01:00,2025-01-28,3687.1,3687.1,3687.1,3687.1,0,1000,0
FINNIFTY28JAN2520000CE.NFO,2024-12-31,13:02:00,2025-01-28,3687.1,3687.1,3687.1,3687.1,0,1000,0
FINNIFTY28JAN2520000CE.NFO,2024-12-31,13:03:00,2025-01-28,3687.1,3687.1,3687.1,3687.1,0,1000,0
FINNIFTY28JAN2520000CE.NFO,2024-12-31,13:04:00,2025-01-28,3687.1,3687.1,3687.1,3687.1,0,1000,0
FINNIFTY28JAN2520000CE.NFO,2024-12-31,13:05:00,2025-01-28,3687.1,3687.1,3687.1,3687.1,0,1000,0
FINNIFTY28JAN2520000CE.NFO,2024-12-31,13:06:00,2025-01-28,3687.1,3687.1,3687.1,3687.1,0,1000,0
FINNIFTY28JAN2520000CE.NFO,2024-12-31,13:07:00,2025-01-28,3687.1,3687.1,3687.1,3687.1,0,1000,0
FINNIFTY28JAN2520000CE.NFO,2024-12-31,13:08:00,2025-01-28,3687.1,3687.1,3687.1,3687.1,0,1000,0
FINNIFTY28JAN2520000CE.NFO,2024-12-31,13:09:00,2025-01-28,3687.1,3687.1,3687.1,3687.1,0,1000,0
FINNIFTY28JAN2520000CE.NFO,2024-12-31,13:10:00,2025-01-28,3687.1,3687.1,3687.1,3687.1,0,1000,0
FINNIFTY28JAN2520000CE.NFO,2024-12-31,13:11:00,2025-01-28,3687.1,3687.1,3687.1,3687.1,0,1000,0
FINNIFTY28JAN2520000CE.NFO,2024-12-31,13:12:00,2025-01-28,3687.1,3687.1,3687.1,3687.1,0,1000,0
FINNIFTY28JAN2520000CE.NFO,2024-12-31,13:13:00,2025-01-28,3687.1,3687.1,3687.1,3687.1,0,1000,0
FINNIFTY28JAN2520000CE.NFO,2024-12-31,13:14:00,2025-01-28,3687.1,3687.1,3687.1,3687.1,0,1000,0
FINNIFTY28JAN2520000CE.NFO,2024-12-31,13:15:00,2025-01-28,3687.1,3687.1,3687.1,3687.1,0,1000,0
FINNIFTY28JAN2520000CE.NFO,2024-12-31,13:16:00,2025-01-28,3687.1,3687.1,3687.1,3687.1,0,1000,0
FINNIFTY28JAN2520000CE.NFO,2024-12-31,13:17:00,2025-01-28,3687.1,3687.1,3687.1,3687.1,0,1000,0
FINNIFTY28JAN2520000CE.NFO,2024-12-31,13:18:00,2025-01-28,3687.1,3687.1,3687.1,3687.1,0,1000,0
FINNIFTY28JAN2520000CE.NFO,2024-12-31,13:19:00,2025-01-28,3687.1,3687.1,3687.1,3687.1,0,1000,0
FINNIFTY28JAN2520000CE.NFO,2024-12-31,13:20:00,2025-01-28,3687.1,3687.1,3687.1,3687.1,0,1000,0
FINNIFTY28JAN2520000CE.NFO,2024-12-31,13:21:00,2025-01-28,3687.1,3687.1,3687.1,3687.1,0,1000,0
FINNIFTY28JAN2520000CE.NFO,2024-12-31,13:22:00,2025-01-28,3687.1,3687.1,3687.1,3687.1,0,1000,0
FINNIFTY28JAN2520000CE.NFO,2024-12-31,13:23:00,2025-01-28,3687.1,3687.1,3687.1,3687.1,0,1000,0
FINNIFTY28JAN2520000CE.NFO,2024-12-31,13:24:00,2025-01-28,3687.1,3687.1,3687.1,3687.1,0,1000,0
FINNIFTY28JAN2520000CE.NFO,2024-12-31,13:25:00,2025-01-28,3687.1,3687.1,3687.1,3687.1,0,1000,0
FINNIFTY28JAN2520000CE.NFO,2024-12-31,13:26:00,2025-01-28,3687.1,3687.1,3687.1,3687.1,0,1000,0
FINNIFTY28JAN2520000CE.NFO,2024-12-31,13:27:00,2025-01-28,3687.1,3687.1,3687.1,3687.1,0,1000,0
FINNIFTY28JAN2520000CE.NFO,2024-12-31,13:28:00,2025-01-28,3687.1,3687.1,3687.1,3687.1,0,1000,0
FINNIFTY28JAN2520000CE.NFO,2024-12-31,13:29:00,2025-01-28,3687.1,3687.1,3687.1,3687.1,0,1000,0
FINNIFTY28JAN2520000CE.NFO,2024-12-31,13:30:00,2025-01-28,3687.1,3687.1,3687.1,3687.1,0,1000,0
FINNIFTY28JAN2520000CE.NFO,2024-12-31,13:31:00,2025-01-28,3687.1,3687.1,3687.1,3687.1,0,1000,0
FINNIFTY28JAN2520000CE.NFO,2024-12-31,13:32:00,2025-01-28,3687.1,3687.1,3687.1,3687.1,0,1000,0
FINNIFTY28JAN2520000CE.NFO,2024-12-31,13:33:00,2025-01-28,3687.1,3687.1,3687.1,3687.1,0,1000,0
FINNIFTY28JAN2520000CE.NFO,2024-12-31,13:34:00,2025-01-28,3687.1,3687.1,3687.1,3687.1,0,1000,0
FINNIFTY28JAN2520000CE.NFO,2024-12-31,13:35:00,2025-01-28,3687.1,3687.1,3687.1,3687.1,0,1000,0
FINNIFTY28JAN2520000CE.NFO,2024-12-31,13:36:00,2025-01-28,3687.1,3687.1,3687.1,3687.1,0,1000,0
FINNIFTY28JAN2520000CE.NFO,2024-12-31,13:37:00,2025-01-28,3687.1,3687.1,3687.1,3687.1,0,1000,0
FINNIFTY28JAN2520000CE.NFO,2024-12-31,13:38:00,2025-01-28,3687.1,3687.1,3687.1,3687.1,0,1000,0
FINNIFTY28JAN2520000CE.NFO,2024-12-31,13:39:00,2025-01-28,3687.1,3687.1,3687.1,3687.1,0,1000,0
FINNIFTY28JAN2520000CE.NFO,2024-12-31,13:40:00,2025-01-28,3687.1,3687.1,3687.1,3687.1,0,1000,0
FINNIFTY28JAN2520000CE.NFO,2024-12-31,13:41:00,2025-01-28,3687.1,3687.1,3687.1,3687.1,0,1000,0
FINNIFTY28JAN2520000CE.NFO,2024-12-31,13:42:00,2025-01-28,3687.1,3687.1,3687.1,3687.1,0,1000,0
FINNIFTY28JAN2520000CE.NFO,2024-12-31,13:43:00,2025-01-28,3687.1,3687.1,3687.1,3687.1,0,1000,0
FINNIFTY28JAN2520000CE.NFO,2024-12-31,13:44:00,2025-01-28,3687.1,3687.1,3687.1,3687.1,0,1000,0
FINNIFTY28JAN2520000CE.NFO,2024-12-31,13:45:00,2025-01-28,3687.1,3687.1,3687.1,3687.1,0,1000,0
FINNIFTY28JAN2520000CE.NFO,2024-12-31,13:46:00,2025-01-28,3687.1,3687.1,3687.1,3687.1,0,1000,0
FINNIFTY28JAN2520000CE.NFO,2024-12-31,13:47:00,2025-01-28,3687.1,3687.1,3687.1,3687.1,0,1000,0
FINNIFTY28JAN2520000CE.NFO,2024-12-31,13:48:00,2025-01-28,3687.1,3687.1,3687.1,3687.1,0,1000,0
FINNIFTY28JAN2520000CE.NFO,2024-12-31,13:49:00,2025-01-28,3687.1,3687.1,3687.1,3687.1,0,1000,0
FINNIFTY28JAN2520000CE.NFO,2024-12-31,13:50:00,2025-01-28,3687.1,3687.1,3687.1,3687.1,0,1000,0
FINNIFTY28JAN2520000CE.NFO,2024-12-31,13:51:00,2025-01-28,3687.1,3687.1,3687.1,3687.1,0,1000,0
FINNIFTY28JAN2520000CE.NFO,2024-12-31,13:52:00,2025-01-28,3687.1,3687.1,3687.1,3687.1,0,1000,0
FINNIFTY28JAN2520000CE.NFO,2024-12-31,13:53:00,2025-01-28,3687.1,3687.1,3687.1,3687.1,0,1000,0
FINNIFTY28JAN2520000CE.NFO,2024-12-31,13:54:00,2025-01-28,3687.1,3687.1,3687.1,3687.1,0,1000,0
FINNIFTY28JAN2520000CE.NFO,2024-12-31,13:55:00,2025-01-28,3687.1,3687.1,3687.1,3687.1,0,1000,0
FINNIFTY28JAN2520000CE.NFO,2024-12-31,13:56:00,2025-01-28,3687.1,3687.1,3687.1,3687.1,0,1000,0
FINNIFTY28JAN2520000CE.NFO,2024-12-31,13:57:00,2025-01-28,3687.1,3687.1,3687.1,3687.1,0,1000,0
FINNIFTY28JAN2520000CE.NFO,2024-12-31,13:58:00,2025-01-28,3687.1,3687.1,3687.1,3687.1,0,1000,0
FINNIFTY28JAN2520000CE.NFO,2024-12-31,13:59:00,2025-01-28,3687.1,3687.1,3687.1,3687.1,0,1000,0
FINNIFTY28JAN2520000CE.NFO,2024-12-31,14:00:00,2025-01-28,3687.1,3687.1,3687.1,3687.1,0,1000,0
FINNIFTY28JAN2520000CE.NFO,2024-12-31,14:01:00,2025-01-28,3687.1,3687.1,3687.1,3687.1,0,1000,0
FINNIFTY28JAN2520000CE.NFO,2024-12-31,14:02:00,2025-01-28,3687.1,3687.1,3687.1,3687.1,0,1000,0
FINNIFTY28JAN2520000CE.NFO,2024-12-31,14:03:00,2025-01-28,3687.1,3687.1,3687.1,3687.1,0,1000,0
FINNIFTY28JAN2520000CE.NFO,2024-12-31,14:04:00,2025-01-28,3687.1,3687.1,3687.1,3687.1,0,1000,0
FINNIFTY28JAN2520000CE.NFO,2024-12-31,14:05:00,2025-01-28,3687.1,3687.1,3687.1,3687.1,0,1000,0
FINNIFTY28JAN2520000CE.NFO,2024-12-31,14:06:00,2025-01-28,3687.1,3687.1,3687.1,3687.1,0,1000,0
FINNIFTY28JAN2520000CE.NFO,2024-12-31,14:07:00,2025-01-28,3687.1,3687.1,3687.1,3687.1,0,1000,0
FINNIFTY28JAN2520000CE.NFO,2024-12-31,14:08:00,2025-01-28,3687.1,3687.1,3687.1,3687.1,0,1000,0
FINNIFTY28JAN2520000CE.NFO,2024-12-31,14:09:00,2025-01-28,3687.1,3687.1,3687.1,3687.1,0,1000,0
FINNIFTY28JAN2520000CE.NFO,2024-12-31,14:10:00,2025-01-28,3687.1,3687.1,3687.1,3687.1,0,1000,0
FINNIFTY28JAN2520000CE.NFO,2024-12-31,14:11:00,2025-01-28,3687.1,3687.1,3687.1,3687.1,0,1000,0
FINNIFTY28JAN2520000CE.NFO,2024-12-31,14:12:00,2025-01-28,3687.1,3687.1,3687.1,3687.1,0,1000,0
FINNIFTY28JAN2520000CE.NFO,2024-12-31,14:13:00,2025-01-28,3687.1,3687.1,3687.1,3687.1,0,1000,0
FINNIFTY28JAN2520000CE.NFO,2024-12-31,14:14:00,2025-01-28,3687.1,3687.1,3687.1,3687.1,0,1000,0
FINNIFTY28JAN2520000CE.NFO,2024-12-31,14:15:00,2025-01-28,3687.1,3687.1,3687.1,3687.1,0,1000,0
FINNIFTY28JAN2520000CE.NFO,2024-12-31,14:16:00,2025-01-28,3687.1,3687.1,3687.1,3687.1,0,1000,0
FINNIFTY28JAN2520000CE.NFO,2024-12-31,14:17:00,2025-01-28,3687.1,3687.1,3687.1,3687.1,0,1000,0
FINNIFTY28JAN2520000CE.NFO,2024-12-31,14:18:00,2025-01-28,3687.1,3687.1,3687.1,3687.1,0,1000,0
FINNIFTY28JAN2520000CE.NFO,2024-12-31,14:19:00,2025-01-28,3687.1,3687.1,3687.1,3687.1,0,1000,0
FINNIFTY28JAN2520000CE.NFO,2024-12-31,14:20:00,2025-01-28,3687.1,3687.1,3687.1,3687.1,0,1000,0
FINNIFTY28JAN2520000CE.NFO,2024-12-31,14:21:00,2025-01-28,3687.1,3687.1,3687.1,3687.1,0,1000,0
FINNIFTY28JAN2520000CE.NFO,2024-12-31,14:22:00,2025-01-28,3687.1,3687.1,3687.1,3687.1,0,1000,0
FINNIFTY28JAN2520000CE.NFO,2024-12-31,14:23:00,2025-01-28,3687.1,3687.1,3687.1,3687.1,0,1000,0
FINNIFTY28JAN2520000CE.NFO,2024-12-31,14:24:00,2025-01-28,3687.1,3687.1,3687.1,3687.1,0,1000,0
FINNIFTY28JAN2520000CE.NFO,2024-12-31,14:25:00,2025-01-28,3687.1,3687.1,3687.1,3687.1,0,1000,0
FINNIFTY28JAN2520000CE.NFO,2024-12-31,14:26:00,2025-01-28,3687.1,3687.1,3687.1,3687.1,0,1000,0
FINNIFTY28JAN2520000CE.NFO,2024-12-31,14:27:00,2025-01-28,3687.1,3687.1,3687.1,3687.1,0,1000,0
FINNIFTY28JAN2520000CE.NFO,2024-12-31,14:28:00,2025-01-28,3687.1,3687.1,3687.1,3687.1,0,1000,0
FINNIFTY28JAN2520000CE.NFO,2024-12-31,14:29:00,2025-01-28,3687.1,3687.1,3687.1,3687.1,0,1000,0
FINNIFTY28JAN2520000CE.NFO,2024-12-31,14:30:00,2025-01-28,3687.1,3687.1,3687.1,3687.1,0,1000,0
FINNIFTY28JAN2520000CE.NFO,2024-12-31,14:31:00,2025-01-28,3687.1,3687.1,3687.1,3687.1,0,1000,0
FINNIFTY28JAN2520000CE.NFO,2024-12-31,14:32:00,2025-01-28,3687.1,3687.1,3687.1,3687.1,0,1000,0
FINNIFTY28JAN2520000CE.NFO,2024-12-31,14:33:00,2025-01-28,3687.1,3687.1,3687.1,3687.1,0,1000,0
FINNIFTY28JAN2520000CE.NFO,2024-12-31,14:34:00,2025-01-28,3687.1,3687.1,3687.1,3687.1,0,1000,0
FINNIFTY28JAN2520000CE.NFO,2024-12-31,14:35:00,2025-01-28,3687.1,3688.75,3687.1,3688.75,50,1075,0
FINNIFTY28JAN2520000CE.NFO,2024-12-31,14:36:00,2025-01-28,3688.75,3688.75,3688.75,3688.75,0,1075,0
FINNIFTY28JAN2520000CE.NFO,2024-12-31,14:37:00,2025-01-28,3688.75,3688.75,3688.75,3688.75,0,1075,0
FINNIFTY28JAN2520000CE.NFO,2024-12-31,14:38:00,2025-01-28,3688.75,3688.75,3688.75,3688.75,0,1075,0
FINNIFTY28JAN2520000CE.NFO,2024-12-31,14:39:00,2025-01-28,3688.75,3688.75,3688.75,3688.75,0,1075,0
FINNIFTY28JAN2520000CE.NFO,2024-12-31,14:40:00,2025-01-28,3688.75,3688.75,3688.75,3688.75,0,1075,0
FINNIFTY28JAN2520000CE.NFO,2024-12-31,14:41:00,2025-01-28,3688.75,3688.75,3688.75,3688.75,0,1075,0
FINNIFTY28JAN2520000CE.NFO,2024-12-31,14:42:00,2025-01-28,3688.75,3688.75,3688.75,3688.75,0,1075,0
FINNIFTY28JAN2520000CE.NFO,2024-12-31,14:43:00,2025-01-28,3688.75,3688.75,3688.75,3688.75,0,1075,0
FINNIFTY28JAN2520000CE.NFO,2024-12-31,14:44:00,2025-01-28,3688.75,3688.75,3688.75,3688.75,0,1075,0
FINNIFTY28JAN2520000CE.NFO,2024-12-31,14:45:00,2025-01-28,3688.75,3688.75,3688.75,3688.75,0,1075,0
FINNIFTY28JAN2520000CE.NFO,2024-12-31,14:46:00,2025-01-28,3688.75,3688.75,3688.75,3688.75,0,1075,0
FINNIFTY28JAN2520000CE.NFO,2024-12-31,14:47:00,2025-01-28,3688.75,3688.75,3688.75,3688.75,0,1075,0
FINNIFTY28JAN2520000CE.NFO,2024-12-31,14:48:00,2025-01-28,3688.75,3688.75,3688.75,3688.75,0,1075,0
FINNIFTY28JAN2520000CE.NFO,2024-12-31,14:49:00,2025-01-28,3688.75,3688.75,3688.75,3688.75,0,1075,0
FINNIFTY28JAN2520000CE.NFO,2024-12-31,14:50:00,2025-01-28,3688.75,3688.75,3688.75,3688.75,0,1075,0
FINNIFTY28JAN2520000CE.NFO,2024-12-31,14:51:00,2025-01-28,3688.75,3714.25,3688.75,3714.25,75,1125,0
FINNIFTY28JAN2520000CE.NFO,2024-12-31,14:52:00,2025-01-28,3714.25,3714.25,3714.25,3714.25,0,1125,0
FINNIFTY28JAN2520000CE.NFO,2024-12-31,14:53:00,2025-01-28,3714.25,3714.25,3714.25,3714.25,0,1125,0
FINNIFTY28JAN2520000CE.NFO,2024-12-31,14:54:00,2025-01-28,3714.25,3714.25,3714.25,3714.25,0,1125,0
FINNIFTY28JAN2520000CE.NFO,2024-12-31,14:55:00,2025-01-28,3714.25,3714.25,3714.25,3714.25,0,1125,0
FINNIFTY28JAN2520000CE.NFO,2024-12-31,14:56:00,2025-01-28,3714.25,3714.25,3714.25,3714.25,0,1125,0
FINNIFTY28JAN2520000CE.NFO,2024-12-31,14:57:00,2025-01-28,3714.25,3714.25,3714.25,3714.25,0,1125,0
FINNIFTY28JAN2520000CE.NFO,2024-12-31,14:58:00,2025-01-28,3714.25,3714.25,3711.95,3711.95,75,1200,0
FINNIFTY28JAN2520000CE.NFO,2024-12-31,14:59:00,2025-01-28,3711.95,3711.95,3711.95,3711.95,0,1200,0
FINNIFTY28JAN2520000CE.NFO,2024-12-31,15:00:00,2025-01-28,3711.95,3711.95,3711.95,3711.95,0,1200,0
FINNIFTY28JAN2520000CE.NFO,2024-12-31,15:01:00,2025-01-28,3711.95,3711.95,3711.95,3711.95,0,1200,0
FINNIFTY28JAN2520000CE.NFO,2024-12-31,15:02:00,2025-01-28,3711.95,3711.95,3711.95,3711.95,0,1200,0
FINNIFTY28JAN2520000CE.NFO,2024-12-31,15:03:00,2025-01-28,3711.95,3711.95,3711.95,3711.95,0,1200,0
FINNIFTY28JAN2520000CE.NFO,2024-12-31,15:04:00,2025-01-28,3711.95,3711.95,3711.95,3711.95,0,1200,0
FINNIFTY28JAN2520000CE.NFO,2024-12-31,15:05:00,2025-01-28,3711.95,3711.95,3711.95,3711.95,0,1200,0
FINNIFTY28JAN2520000CE.NFO,2024-12-31,15:06:00,2025-01-28,3711.95,3711.95,3711.95,3711.95,0,1200,0
FINNIFTY28JAN2520000CE.NFO,2024-12-31,15:07:00,2025-01-28,3711.95,3711.95,3711.95,3711.95,0,1200,0
FINNIFTY28JAN2520000CE.NFO,2024-12-31,15:08:00,2025-01-28,3711.95,3711.95,3711.95,3711.95,0,1200,0
FINNIFTY28JAN2520000CE.NFO,2024-12-31,15:09:00,2025-01-28,3711.95,3711.95,3711.95,3711.95,0,1200,0
FINNIFTY28JAN2520000CE.NFO,2024-12-31,15:10:00,2025-01-28,3711.95,3711.95,3711.95,3711.95,0,1200,0
FINNIFTY28JAN2520000CE.NFO,2024-12-31,15:11:00,2025-01-28,3711.95,3711.95,3711.95,3711.95,0,1200,0
FINNIFTY28JAN2520000CE.NFO,2024-12-31,15:12:00,2025-01-28,3711.95,3711.95,3711.95,3711.95,0,1200,0
FINNIFTY28JAN2520000CE.NFO,2024-12-31,15:13:00,2025-01-28,3711.95,3711.95,3711.95,3711.95,0,1200,0
FINNIFTY28JAN2520000CE.NFO,2024-12-31,15:14:00,2025-01-28,3711.95,3711.95,3711.95,3711.95,0,1200,0
FINNIFTY28JAN2520000CE.NFO,2024-12-31,15:15:00,2025-01-28,3711.95,3711.95,3711.0,3711.0,75,1275,0
FINNIFTY28JAN2520000CE.NFO,2024-12-31,15:16:00,2025-01-28,3711.0,3711.0,3711.0,3711.0,0,1275,0
FINNIFTY28JAN2520000CE.NFO,2024-12-31,15:17:00,2025-01-28,3711.0,3711.0,3711.0,3711.0,0,1275,0
FINNIFTY28JAN2520000CE.NFO,2024-12-31,15:18:00,2025-01-28,3711.0,3711.0,3711.0,3711.0,0,1275,0
FINNIFTY28JAN2520000CE.NFO,2024-12-31,15:19:00,2025-01-28,3711.0,3711.0,3711.0,3711.0,0,1275,0
FINNIFTY28JAN2520000CE.NFO,2024-12-31,15:20:00,2025-01-28,3711.0,3711.0,3711.0,3711.0,0,1275,0
FINNIFTY28JAN2520000CE.NFO,2024-12-31,15:21:00,2025-01-28,3711.0,3711.0,3711.0,3711.0,0,1275,0
FINNIFTY28JAN2520000CE.NFO,2024-12-31,15:22:00,2025-01-28,3711.0,3711.0,3711.0,3711.0,0,1275,0
FINNIFTY28JAN2520000CE.NFO,2024-12-31,15:23:00,2025-01-28,3711.0,3711.0,3711.0,3711.0,0,1275,0
FINNIFTY28JAN2520000CE.NFO,2024-12-31,15:24:00,2025-01-28,3711.0,3711.0,3711.0,3711.0,0,1275,0
FINNIFTY28JAN2520000CE.NFO,2024-12-31,15:25:00,2025-01-28,3711.0,3711.0,3711.0,3711.0,0,1275,0
FINNIFTY28JAN2520000CE.NFO,2024-12-31,15:26:00,2025-01-28,3711.0,3711.0,3711.0,3711.0,0,1275,0
FINNIFTY28JAN2520000CE.NFO,2024-12-31,15:27:00,2025-01-28,3711.0,3711.0,3711.0,3711.0,0,1275,0
FINNIFTY28JAN2520000CE.NFO,2024-12-31,15:28:00,2025-01-28,3711.0,3711.0,3711.0,3711.0,0,1275,0
FINNIFTY28JAN2520000CE.NFO,2024-12-31,15:29:00,2025-01-28,3711.0,3711.0,3711.0,3711.0,0,1275,0
FINNIFTY28JAN2520000CE.NFO,2024-12-31,15:30:00,2025-01-28,3711.0,3711.0,3711.0,3711.0,0,1275,1
