Ticker,Date,Time,Expiry Date,Open,High,Low,Close,Volume,Open Interest,Padding Flag
FINNIFTY31JUL2526700PE.NFO,2025-06-25,09:15:00,2025-07-31,379.0,379.0,379.0,379.0,0,0,1
FINNIFTY31JUL2526700PE.NFO,2025-06-25,09:16:00,2025-07-31,379.0,379.0,379.0,379.0,0,0,1
FINNIFTY31JUL2526700PE.NFO,2025-06-25,09:17:00,2025-07-31,379.0,379.0,379.0,379.0,0,0,1
FINNIFTY31JUL2526700PE.NFO,2025-06-25,09:18:00,2025-07-31,379.0,379.0,379.0,379.0,0,0,1
FINNIFTY31JUL2526700PE.NFO,2025-06-25,09:19:00,2025-07-31,379.0,379.0,379.0,379.0,0,0,1
FINNIFTY31JUL2526700PE.NFO,2025-06-25,09:20:00,2025-07-31,379.0,379.0,379.0,379.0,0,0,1
FINNIFTY31JUL2526700PE.NFO,2025-06-25,09:21:00,2025-07-31,379.0,379.0,379.0,379.0,0,0,1
FINNIFTY31JUL2526700PE.NFO,2025-06-25,09:22:00,2025-07-31,379.0,379.0,379.0,379.0,0,0,0
FINNIFTY31JUL2526700PE.NFO,2025-06-25,09:23:00,2025-07-31,379.0,379.0,379.0,379.0,0,0,0
FINNIFTY31JUL2526700PE.NFO,2025-06-25,09:24:00,2025-07-31,379.0,379.0,379.0,379.0,0,0,0
FINNIFTY31JUL2526700PE.NFO,2025-06-25,09:25:00,2025-07-31,379.0,379.0,379.0,379.0,0,0,0
FINNIFTY31JUL2526700PE.NFO,2025-06-25,09:26:00,2025-07-31,379.0,379.0,379.0,379.0,0,0,0
FINNIFTY31JUL2526700PE.NFO,2025-06-25,09:27:00,2025-07-31,379.0,379.0,379.0,379.0,0,0,0
FINNIFTY31JUL2526700PE.NFO,2025-06-25,09:28:00,2025-07-31,379.0,379.0,379.0,379.0,0,0,0
FINNIFTY31JUL2526700PE.NFO,2025-06-25,09:29:00,2025-07-31,379.0,379.0,379.0,379.0,0,0,0
FINNIFTY31JUL2526700PE.NFO,2025-06-25,09:30:00,2025-07-31,379.0,379.0,379.0,379.0,0,0,0
FINNIFTY31JUL2526700PE.NFO,2025-06-25,09:31:00,2025-07-31,379.0,379.0,379.0,379.0,0,0,0
FINNIFTY31JUL2526700PE.NFO,2025-06-25,09:32:00,2025-07-31,379.0,379.0,379.0,379.0,0,0,0
FINNIFTY31JUL2526700PE.NFO,2025-06-25,09:33:00,2025-07-31,379.0,379.0,379.0,379.0,0,0,0
FINNIFTY31JUL2526700PE.NFO,2025-06-25,09:34:00,2025-07-31,379.0,379.0,379.0,379.0,0,0,0
FINNIFTY31JUL2526700PE.NFO,2025-06-25,09:35:00,2025-07-31,379.0,379.0,379.0,379.0,0,0,0
FINNIFTY31JUL2526700PE.NFO,2025-06-25,09:36:00,2025-07-31,379.0,379.0,379.0,379.0,0,0,0
FINNIFTY31JUL2526700PE.NFO,2025-06-25,09:37:00,2025-07-31,379.0,379.0,379.0,379.0,0,0,0
FINNIFTY31JUL2526700PE.NFO,2025-06-25,09:38:00,2025-07-31,379.0,379.0,379.0,379.0,0,0,0
FINNIFTY31JUL2526700PE.NFO,2025-06-25,09:39:00,2025-07-31,379.0,379.0,379.0,379.0,0,0,0
FINNIFTY31JUL2526700PE.NFO,2025-06-25,09:40:00,2025-07-31,379.0,379.0,379.0,379.0,0,0,0
FINNIFTY31JUL2526700PE.NFO,2025-06-25,09:41:00,2025-07-31,379.0,379.0,379.0,379.0,0,0,0
FINNIFTY31JUL2526700PE.NFO,2025-06-25,09:42:00,2025-07-31,379.0,379.0,379.0,379.0,0,0,1
FINNIFTY31JUL2526700PE.NFO,2025-06-25,09:43:00,2025-07-31,379.0,379.0,379.0,379.0,0,0,1
FINNIFTY31JUL2526700PE.NFO,2025-06-25,09:44:00,2025-07-31,379.0,379.0,379.0,379.0,0,0,1
FINNIFTY31JUL2526700PE.NFO,2025-06-25,09:45:00,2025-07-31,379.0,379.0,379.0,379.0,0,0,1
FINNIFTY31JUL2526700PE.NFO,2025-06-25,09:46:00,2025-07-31,379.0,379.0,379.0,379.0,0,0,1
FINNIFTY31JUL2526700PE.NFO,2025-06-25,09:47:00,2025-07-31,379.0,379.0,379.0,379.0,0,0,0
FINNIFTY31JUL2526700PE.NFO,2025-06-25,09:48:00,2025-07-31,379.0,379.0,379.0,379.0,0,0,0
FINNIFTY31JUL2526700PE.NFO,2025-06-25,09:49:00,2025-07-31,379.0,379.0,379.0,379.0,0,0,0
FINNIFTY31JUL2526700PE.NFO,2025-06-25,09:50:00,2025-07-31,379.0,379.0,379.0,379.0,0,0,0
FINNIFTY31JUL2526700PE.NFO,2025-06-25,09:51:00,2025-07-31,379.0,379.0,379.0,379.0,0,0,0
FINNIFTY31JUL2526700PE.NFO,2025-06-25,09:52:00,2025-07-31,379.0,379.0,379.0,379.0,0,0,0
FINNIFTY31JUL2526700PE.NFO,2025-06-25,09:53:00,2025-07-31,379.0,379.0,379.0,379.0,0,0,0
FINNIFTY31JUL2526700PE.NFO,2025-06-25,09:54:00,2025-07-31,379.0,379.0,379.0,379.0,0,0,1
FINNIFTY31JUL2526700PE.NFO,2025-06-25,09:55:00,2025-07-31,379.0,379.0,379.0,379.0,0,0,1
FINNIFTY31JUL2526700PE.NFO,2025-06-25,09:56:00,2025-07-31,379.0,379.0,379.0,379.0,0,0,1
FINNIFTY31JUL2526700PE.NFO,2025-06-25,09:57:00,2025-07-31,379.0,379.0,379.0,379.0,0,0,0
FINNIFTY31JUL2526700PE.NFO,2025-06-25,09:58:00,2025-07-31,379.0,379.0,379.0,379.0,0,0,0
FINNIFTY31JUL2526700PE.NFO,2025-06-25,09:59:00,2025-07-31,379.0,379.0,379.0,379.0,0,0,0
FINNIFTY31JUL2526700PE.NFO,2025-06-25,10:00:00,2025-07-31,379.0,379.0,379.0,379.0,0,0,0
FINNIFTY31JUL2526700PE.NFO,2025-06-25,10:01:00,2025-07-31,379.0,379.0,379.0,379.0,0,0,0
FINNIFTY31JUL2526700PE.NFO,2025-06-25,10:02:00,2025-07-31,379.0,379.0,379.0,379.0,0,0,0
FINNIFTY31JUL2526700PE.NFO,2025-06-25,10:03:00,2025-07-31,379.0,379.0,379.0,379.0,0,0,0
FINNIFTY31JUL2526700PE.NFO,2025-06-25,10:04:00,2025-07-31,379.0,379.0,379.0,379.0,0,0,0
FINNIFTY31JUL2526700PE.NFO,2025-06-25,10:05:00,2025-07-31,379.0,379.0,379.0,379.0,0,0,0
FINNIFTY31JUL2526700PE.NFO,2025-06-25,10:06:00,2025-07-31,379.0,379.0,379.0,379.0,0,0,0
FINNIFTY31JUL2526700PE.NFO,2025-06-25,10:07:00,2025-07-31,379.0,379.0,379.0,379.0,0,0,0
FINNIFTY31JUL2526700PE.NFO,2025-06-25,10:08:00,2025-07-31,379.0,379.0,379.0,379.0,0,0,0
FINNIFTY31JUL2526700PE.NFO,2025-06-25,10:09:00,2025-07-31,379.0,379.0,379.0,379.0,0,0,0
FINNIFTY31JUL2526700PE.NFO,2025-06-25,10:10:00,2025-07-31,379.0,379.0,379.0,379.0,0,0,0
FINNIFTY31JUL2526700PE.NFO,2025-06-25,10:11:00,2025-07-31,379.0,379.0,379.0,379.0,0,0,0
FINNIFTY31JUL2526700PE.NFO,2025-06-25,10:12:00,2025-07-31,379.0,379.0,379.0,379.0,0,0,0
FINNIFTY31JUL2526700PE.NFO,2025-06-25,10:13:00,2025-07-31,379.0,379.0,379.0,379.0,0,0,0
FINNIFTY31JUL2526700PE.NFO,2025-06-25,10:14:00,2025-07-31,379.0,379.0,379.0,379.0,0,0,0
FINNIFTY31JUL2526700PE.NFO,2025-06-25,10:15:00,2025-07-31,379.0,379.0,379.0,379.0,0,0,0
FINNIFTY31JUL2526700PE.NFO,2025-06-25,10:16:00,2025-07-31,379.0,379.0,379.0,379.0,0,0,0
FINNIFTY31JUL2526700PE.NFO,2025-06-25,10:17:00,2025-07-31,379.0,379.0,379.0,379.0,0,0,0
FINNIFTY31JUL2526700PE.NFO,2025-06-25,10:18:00,2025-07-31,379.0,379.0,379.0,379.0,0,0,0
FINNIFTY31JUL2526700PE.NFO,2025-06-25,10:19:00,2025-07-31,379.0,379.0,379.0,379.0,0,0,0
FINNIFTY31JUL2526700PE.NFO,2025-06-25,10:20:00,2025-07-31,379.0,379.0,379.0,379.0,0,0,0
FINNIFTY31JUL2526700PE.NFO,2025-06-25,10:21:00,2025-07-31,379.0,379.0,379.0,379.0,0,0,0
FINNIFTY31JUL2526700PE.NFO,2025-06-25,10:22:00,2025-07-31,379.0,379.0,379.0,379.0,0,0,0
FINNIFTY31JUL2526700PE.NFO,2025-06-25,10:23:00,2025-07-31,379.0,379.0,379.0,379.0,0,0,0
FINNIFTY31JUL2526700PE.NFO,2025-06-25,10:24:00,2025-07-31,379.0,379.0,379.0,379.0,0,0,0
FINNIFTY31JUL2526700PE.NFO,2025-06-25,10:25:00,2025-07-31,379.0,379.0,379.0,379.0,0,0,0
FINNIFTY31JUL2526700PE.NFO,2025-06-25,10:26:00,2025-07-31,379.0,379.0,379.0,379.0,0,0,0
FINNIFTY31JUL2526700PE.NFO,2025-06-25,10:27:00,2025-07-31,379.0,379.0,379.0,379.0,0,0,0
FINNIFTY31JUL2526700PE.NFO,2025-06-25,10:28:00,2025-07-31,379.0,379.0,379.0,379.0,0,0,0
FINNIFTY31JUL2526700PE.NFO,2025-06-25,10:29:00,2025-07-31,379.0,379.0,379.0,379.0,0,0,0
FINNIFTY31JUL2526700PE.NFO,2025-06-25,10:30:00,2025-07-31,379.0,379.0,379.0,379.0,0,0,0
FINNIFTY31JUL2526700PE.NFO,2025-06-25,10:31:00,2025-07-31,379.0,379.0,379.0,379.0,0,0,0
FINNIFTY31JUL2526700PE.NFO,2025-06-25,10:32:00,2025-07-31,379.0,379.0,379.0,379.0,0,0,0
FINNIFTY31JUL2526700PE.NFO,2025-06-25,10:33:00,2025-07-31,379.0,379.0,379.0,379.0,0,0,0
FINNIFTY31JUL2526700PE.NFO,2025-06-25,10:34:00,2025-07-31,379.0,379.0,379.0,379.0,0,0,0
FINNIFTY31JUL2526700PE.NFO,2025-06-25,10:35:00,2025-07-31,379.0,379.0,379.0,379.0,0,0,0
FINNIFTY31JUL2526700PE.NFO,2025-06-25,10:36:00,2025-07-31,379.0,379.0,379.0,379.0,0,0,0
FINNIFTY31JUL2526700PE.NFO,2025-06-25,10:37:00,2025-07-31,379.0,379.0,379.0,379.0,0,0,0
FINNIFTY31JUL2526700PE.NFO,2025-06-25,10:38:00,2025-07-31,379.0,379.0,379.0,379.0,0,0,1
FINNIFTY31JUL2526700PE.NFO,2025-06-25,10:39:00,2025-07-31,379.0,379.0,379.0,379.0,0,0,0
FINNIFTY31JUL2526700PE.NFO,2025-06-25,10:40:00,2025-07-31,379.0,379.0,379.0,379.0,0,0,1
FINNIFTY31JUL2526700PE.NFO,2025-06-25,10:41:00,2025-07-31,379.0,379.0,379.0,379.0,0,0,1
FINNIFTY31JUL2526700PE.NFO,2025-06-25,10:42:00,2025-07-31,379.0,379.0,379.0,379.0,0,0,1
FINNIFTY31JUL2526700PE.NFO,2025-06-25,10:43:00,2025-07-31,379.0,379.0,379.0,379.0,0,0,1
FINNIFTY31JUL2526700PE.NFO,2025-06-25,10:44:00,2025-07-31,379.0,379.0,379.0,379.0,0,0,1
FINNIFTY31JUL2526700PE.NFO,2025-06-25,10:45:00,2025-07-31,379.0,379.0,379.0,379.0,0,0,0
FINNIFTY31JUL2526700PE.NFO,2025-06-25,10:46:00,2025-07-31,379.0,379.0,379.0,379.0,0,0,0
FINNIFTY31JUL2526700PE.NFO,2025-06-25,10:47:00,2025-07-31,379.0,379.0,379.0,379.0,0,0,1
FINNIFTY31JUL2526700PE.NFO,2025-06-25,10:48:00,2025-07-31,379.0,379.0,379.0,379.0,0,0,1
FINNIFTY31JUL2526700PE.NFO,2025-06-25,10:49:00,2025-07-31,379.0,379.0,379.0,379.0,0,0,1
FINNIFTY31JUL2526700PE.NFO,2025-06-25,10:50:00,2025-07-31,379.0,379.0,379.0,379.0,0,0,1
FINNIFTY31JUL2526700PE.NFO,2025-06-25,10:51:00,2025-07-31,379.0,379.0,379.0,379.0,0,0,1
FINNIFTY31JUL2526700PE.NFO,2025-06-25,10:52:00,2025-07-31,379.0,379.0,379.0,379.0,0,0,0
FINNIFTY31JUL2526700PE.NFO,2025-06-25,10:53:00,2025-07-31,379.0,379.0,379.0,379.0,0,0,0
FINNIFTY31JUL2526700PE.NFO,2025-06-25,10:54:00,2025-07-31,379.0,379.0,379.0,379.0,0,0,0
FINNIFTY31JUL2526700PE.NFO,2025-06-25,10:55:00,2025-07-31,379.0,379.0,379.0,379.0,0,0,0
FINNIFTY31JUL2526700PE.NFO,2025-06-25,10:56:00,2025-07-31,379.0,379.0,379.0,379.0,0,0,0
FINNIFTY31JUL2526700PE.NFO,2025-06-25,10:57:00,2025-07-31,379.0,379.0,379.0,379.0,0,0,0
FINNIFTY31JUL2526700PE.NFO,2025-06-25,10:58:00,2025-07-31,379.0,379.0,379.0,379.0,0,0,0
FINNIFTY31JUL2526700PE.NFO,2025-06-25,10:59:00,2025-07-31,379.0,379.0,379.0,379.0,0,0,0
FINNIFTY31JUL2526700PE.NFO,2025-06-25,11:00:00,2025-07-31,379.0,379.0,379.0,379.0,0,0,0
FINNIFTY31JUL2526700PE.NFO,2025-06-25,11:01:00,2025-07-31,379.0,379.0,379.0,379.0,0,0,1
FINNIFTY31JUL2526700PE.NFO,2025-06-25,11:02:00,2025-07-31,379.0,379.0,379.0,379.0,0,0,0
FINNIFTY31JUL2526700PE.NFO,2025-06-25,11:03:00,2025-07-31,379.0,379.0,379.0,379.0,0,0,1
FINNIFTY31JUL2526700PE.NFO,2025-06-25,11:04:00,2025-07-31,379.0,379.0,379.0,379.0,0,0,1
FINNIFTY31JUL2526700PE.NFO,2025-06-25,11:05:00,2025-07-31,379.0,379.0,379.0,379.0,0,0,0
FINNIFTY31JUL2526700PE.NFO,2025-06-25,11:06:00,2025-07-31,379.0,379.0,379.0,379.0,0,0,0
FINNIFTY31JUL2526700PE.NFO,2025-06-25,11:07:00,2025-07-31,379.0,379.0,379.0,379.0,0,0,0
FINNIFTY31JUL2526700PE.NFO,2025-06-25,11:08:00,2025-07-31,379.0,379.0,379.0,379.0,0,0,0
FINNIFTY31JUL2526700PE.NFO,2025-06-25,11:09:00,2025-07-31,379.0,379.0,379.0,379.0,0,0,0
FINNIFTY31JUL2526700PE.NFO,2025-06-25,11:10:00,2025-07-31,379.0,379.0,379.0,379.0,0,0,0
FINNIFTY31JUL2526700PE.NFO,2025-06-25,11:11:00,2025-07-31,379.0,379.0,379.0,379.0,0,0,0
FINNIFTY31JUL2526700PE.NFO,2025-06-25,11:12:00,2025-07-31,379.0,379.0,378.55,378.55,0,65,0
FINNIFTY31JUL2526700PE.NFO,2025-06-25,11:13:00,2025-07-31,378.55,378.55,378.55,378.55,65,65,0
FINNIFTY31JUL2526700PE.NFO,2025-06-25,11:14:00,2025-07-31,378.55,378.55,378.55,378.55,0,65,0
FINNIFTY31JUL2526700PE.NFO,2025-06-25,11:15:00,2025-07-31,378.55,378.55,378.55,378.55,0,65,0
FINNIFTY31JUL2526700PE.NFO,2025-06-25,11:16:00,2025-07-31,378.55,378.55,378.55,378.55,0,65,0
FINNIFTY31JUL2526700PE.NFO,2025-06-25,11:17:00,2025-07-31,378.55,378.55,378.55,378.55,0,65,0
FINNIFTY31JUL2526700PE.NFO,2025-06-25,11:18:00,2025-07-31,378.55,378.55,378.55,378.55,0,65,0
FINNIFTY31JUL2526700PE.NFO,2025-06-25,11:19:00,2025-07-31,378.55,378.55,378.55,378.55,0,65,0
FINNIFTY31JUL2526700PE.NFO,2025-06-25,11:20:00,2025-07-31,378.55,378.55,378.55,378.55,0,65,0
FINNIFTY31JUL2526700PE.NFO,2025-06-25,11:21:00,2025-07-31,378.55,378.55,378.55,378.55,0,65,0
FINNIFTY31JUL2526700PE.NFO,2025-06-25,11:22:00,2025-07-31,378.55,378.55,378.55,378.55,0,65,0
FINNIFTY31JUL2526700PE.NFO,2025-06-25,11:23:00,2025-07-31,378.55,378.55,378.55,378.55,0,65,0
FINNIFTY31JUL2526700PE.NFO,2025-06-25,11:24:00,2025-07-31,378.55,378.55,378.55,378.55,0,65,0
FINNIFTY31JUL2526700PE.NFO,2025-06-25,11:25:00,2025-07-31,378.55,378.55,378.55,378.55,0,65,0
FINNIFTY31JUL2526700PE.NFO,2025-06-25,11:26:00,2025-07-31,378.55,378.55,378.55,378.55,0,65,0
FINNIFTY31JUL2526700PE.NFO,2025-06-25,11:27:00,2025-07-31,378.55,378.55,378.55,378.55,0,65,0
FINNIFTY31JUL2526700PE.NFO,2025-06-25,11:28:00,2025-07-31,378.55,378.55,378.55,378.55,0,65,0
FINNIFTY31JUL2526700PE.NFO,2025-06-25,11:29:00,2025-07-31,378.55,378.55,378.55,378.55,0,65,1
FINNIFTY31JUL2526700PE.NFO,2025-06-25,11:30:00,2025-07-31,378.55,378.55,378.55,378.55,0,65,0
FINNIFTY31JUL2526700PE.NFO,2025-06-25,11:31:00,2025-07-31,378.55,378.55,378.55,378.55,0,65,0
FINNIFTY31JUL2526700PE.NFO,2025-06-25,11:32:00,2025-07-31,378.55,378.55,378.55,378.55,0,65,0
FINNIFTY31JUL2526700PE.NFO,2025-06-25,11:33:00,2025-07-31,378.55,378.55,378.55,378.55,0,65,0
FINNIFTY31JUL2526700PE.NFO,2025-06-25,11:34:00,2025-07-31,378.55,378.55,378.55,378.55,0,65,0
FINNIFTY31JUL2526700PE.NFO,2025-06-25,11:35:00,2025-07-31,378.55,378.55,378.55,378.55,0,65,0
FINNIFTY31JUL2526700PE.NFO,2025-06-25,11:36:00,2025-07-31,378.55,378.55,378.55,378.55,0,65,0
FINNIFTY31JUL2526700PE.NFO,2025-06-25,11:37:00,2025-07-31,378.55,378.55,378.55,378.55,0,65,1
FINNIFTY31JUL2526700PE.NFO,2025-06-25,11:38:00,2025-07-31,378.55,378.55,378.55,378.55,0,65,0
FINNIFTY31JUL2526700PE.NFO,2025-06-25,11:39:00,2025-07-31,378.55,378.55,378.55,378.55,0,65,1
FINNIFTY31JUL2526700PE.NFO,2025-06-25,11:40:00,2025-07-31,378.55,378.55,378.55,378.55,0,65,0
FINNIFTY31JUL2526700PE.NFO,2025-06-25,11:41:00,2025-07-31,378.55,378.55,378.55,378.55,0,65,0
FINNIFTY31JUL2526700PE.NFO,2025-06-25,11:42:00,2025-07-31,378.55,378.55,378.55,378.55,0,65,0
FINNIFTY31JUL2526700PE.NFO,2025-06-25,11:43:00,2025-07-31,378.55,378.55,378.55,378.55,0,65,0
FINNIFTY31JUL2526700PE.NFO,2025-06-25,11:44:00,2025-07-31,378.55,378.55,378.55,378.55,0,65,0
FINNIFTY31JUL2526700PE.NFO,2025-06-25,11:45:00,2025-07-31,378.55,378.55,378.55,378.55,0,65,0
FINNIFTY31JUL2526700PE.NFO,2025-06-25,11:46:00,2025-07-31,378.55,378.55,378.55,378.55,0,65,0
FINNIFTY31JUL2526700PE.NFO,2025-06-25,11:47:00,2025-07-31,378.55,378.55,378.55,378.55,0,65,0
FINNIFTY31JUL2526700PE.NFO,2025-06-25,11:48:00,2025-07-31,378.55,378.55,378.55,378.55,0,65,0
FINNIFTY31JUL2526700PE.NFO,2025-06-25,11:49:00,2025-07-31,378.55,378.55,378.55,378.55,0,65,0
FINNIFTY31JUL2526700PE.NFO,2025-06-25,11:50:00,2025-07-31,378.55,378.55,378.55,378.55,0,65,0
FINNIFTY31JUL2526700PE.NFO,2025-06-25,11:51:00,2025-07-31,378.55,378.55,378.55,378.55,0,65,0
FINNIFTY31JUL2526700PE.NFO,2025-06-25,11:52:00,2025-07-31,378.55,378.55,378.55,378.55,0,65,0
FINNIFTY31JUL2526700PE.NFO,2025-06-25,11:53:00,2025-07-31,378.55,378.55,378.55,378.55,0,65,0
FINNIFTY31JUL2526700PE.NFO,2025-06-25,11:54:00,2025-07-31,378.55,378.55,378.55,378.55,0,65,0
FINNIFTY31JUL2526700PE.NFO,2025-06-25,11:55:00,2025-07-31,378.55,378.55,378.55,378.55,0,65,0
FINNIFTY31JUL2526700PE.NFO,2025-06-25,11:56:00,2025-07-31,378.55,378.55,378.55,378.55,0,65,0
FINNIFTY31JUL2526700PE.NFO,2025-06-25,11:57:00,2025-07-31,378.55,378.55,378.55,378.55,0,65,0
FINNIFTY31JUL2526700PE.NFO,2025-06-25,11:58:00,2025-07-31,378.55,378.55,378.55,378.55,0,65,0
FINNIFTY31JUL2526700PE.NFO,2025-06-25,11:59:00,2025-07-31,378.55,378.55,378.55,378.55,0,65,0
FINNIFTY31JUL2526700PE.NFO,2025-06-25,12:00:00,2025-07-31,378.55,378.55,378.55,378.55,0,65,0
FINNIFTY31JUL2526700PE.NFO,2025-06-25,12:01:00,2025-07-31,378.55,378.55,378.55,378.55,0,65,0
FINNIFTY31JUL2526700PE.NFO,2025-06-25,12:02:00,2025-07-31,378.55,378.55,378.55,378.55,0,65,0
FINNIFTY31JUL2526700PE.NFO,2025-06-25,12:03:00,2025-07-31,378.55,378.55,378.55,378.55,0,65,0
FINNIFTY31JUL2526700PE.NFO,2025-06-25,12:04:00,2025-07-31,378.55,378.55,378.55,378.55,0,65,0
FINNIFTY31JUL2526700PE.NFO,2025-06-25,12:05:00,2025-07-31,378.55,378.55,378.55,378.55,0,65,0
FINNIFTY31JUL2526700PE.NFO,2025-06-25,12:06:00,2025-07-31,378.55,378.55,378.55,378.55,0,65,0
FINNIFTY31JUL2526700PE.NFO,2025-06-25,12:07:00,2025-07-31,378.55,378.55,378.55,378.55,0,65,0
FINNIFTY31JUL2526700PE.NFO,2025-06-25,12:08:00,2025-07-31,378.55,378.55,378.55,378.55,0,65,0
FINNIFTY31JUL2526700PE.NFO,2025-06-25,12:09:00,2025-07-31,378.55,378.55,378.55,378.55,0,65,0
FINNIFTY31JUL2526700PE.NFO,2025-06-25,12:10:00,2025-07-31,378.55,378.55,378.55,378.55,0,65,0
FINNIFTY31JUL2526700PE.NFO,2025-06-25,12:11:00,2025-07-31,378.55,378.55,378.55,378.55,0,65,0
FINNIFTY31JUL2526700PE.NFO,2025-06-25,12:12:00,2025-07-31,378.55,378.55,378.55,378.55,0,65,0
FINNIFTY31JUL2526700PE.NFO,2025-06-25,12:13:00,2025-07-31,378.55,378.55,378.55,378.55,0,65,0
FINNIFTY31JUL2526700PE.NFO,2025-06-25,12:14:00,2025-07-31,378.55,378.55,378.55,378.55,0,65,0
FINNIFTY31JUL2526700PE.NFO,2025-06-25,12:15:00,2025-07-31,378.55,378.55,378.55,378.55,0,65,0
FINNIFTY31JUL2526700PE.NFO,2025-06-25,12:16:00,2025-07-31,378.55,378.55,378.55,378.55,0,65,0
FINNIFTY31JUL2526700PE.NFO,2025-06-25,12:17:00,2025-07-31,378.55,378.55,378.55,378.55,0,65,0
FINNIFTY31JUL2526700PE.NFO,2025-06-25,12:18:00,2025-07-31,378.55,378.55,378.55,378.55,0,65,0
FINNIFTY31JUL2526700PE.NFO,2025-06-25,12:19:00,2025-07-31,378.55,378.55,378.55,378.55,0,65,0
FINNIFTY31JUL2526700PE.NFO,2025-06-25,12:20:00,2025-07-31,378.55,378.55,378.55,378.55,0,65,0
FINNIFTY31JUL2526700PE.NFO,2025-06-25,12:21:00,2025-07-31,378.55,378.55,378.55,378.55,0,65,0
FINNIFTY31JUL2526700PE.NFO,2025-06-25,12:22:00,2025-07-31,378.55,378.55,378.55,378.55,0,65,0
FINNIFTY31JUL2526700PE.NFO,2025-06-25,12:23:00,2025-07-31,378.55,378.55,378.55,378.55,0,65,0
FINNIFTY31JUL2526700PE.NFO,2025-06-25,12:24:00,2025-07-31,378.55,378.55,378.55,378.55,0,65,0
FINNIFTY31JUL2526700PE.NFO,2025-06-25,12:25:00,2025-07-31,378.55,378.55,378.55,378.55,0,65,0
FINNIFTY31JUL2526700PE.NFO,2025-06-25,12:26:00,2025-07-31,378.55,378.55,378.55,378.55,0,65,0
FINNIFTY31JUL2526700PE.NFO,2025-06-25,12:27:00,2025-07-31,378.55,378.55,378.55,378.55,0,65,0
FINNIFTY31JUL2526700PE.NFO,2025-06-25,12:28:00,2025-07-31,378.55,378.55,378.55,378.55,0,65,0
FINNIFTY31JUL2526700PE.NFO,2025-06-25,12:29:00,2025-07-31,378.55,378.55,378.55,378.55,0,65,0
FINNIFTY31JUL2526700PE.NFO,2025-06-25,12:30:00,2025-07-31,378.55,378.55,378.55,378.55,0,65,0
FINNIFTY31JUL2526700PE.NFO,2025-06-25,12:31:00,2025-07-31,378.55,378.55,378.55,378.55,0,65,0
FINNIFTY31JUL2526700PE.NFO,2025-06-25,12:32:00,2025-07-31,378.55,378.55,378.55,378.55,0,65,0
FINNIFTY31JUL2526700PE.NFO,2025-06-25,12:33:00,2025-07-31,378.55,378.55,378.55,378.55,0,65,0
FINNIFTY31JUL2526700PE.NFO,2025-06-25,12:34:00,2025-07-31,378.55,378.55,378.55,378.55,0,65,0
FINNIFTY31JUL2526700PE.NFO,2025-06-25,12:35:00,2025-07-31,378.55,378.55,378.55,378.55,0,65,0
FINNIFTY31JUL2526700PE.NFO,2025-06-25,12:36:00,2025-07-31,378.55,378.55,378.55,378.55,0,65,0
FINNIFTY31JUL2526700PE.NFO,2025-06-25,12:37:00,2025-07-31,378.55,378.55,378.55,378.55,0,65,0
FINNIFTY31JUL2526700PE.NFO,2025-06-25,12:38:00,2025-07-31,378.55,378.55,378.55,378.55,0,65,0
FINNIFTY31JUL2526700PE.NFO,2025-06-25,12:39:00,2025-07-31,378.55,378.55,378.55,378.55,0,65,0
FINNIFTY31JUL2526700PE.NFO,2025-06-25,12:40:00,2025-07-31,378.55,378.55,378.55,378.55,0,65,1
FINNIFTY31JUL2526700PE.NFO,2025-06-25,12:41:00,2025-07-31,378.55,378.55,378.55,378.55,0,65,1
FINNIFTY31JUL2526700PE.NFO,2025-06-25,12:42:00,2025-07-31,378.55,378.55,378.55,378.55,0,65,0
FINNIFTY31JUL2526700PE.NFO,2025-06-25,12:43:00,2025-07-31,378.55,378.55,378.55,378.55,0,65,0
FINNIFTY31JUL2526700PE.NFO,2025-06-25,12:44:00,2025-07-31,378.55,378.55,378.55,378.55,0,65,0
FINNIFTY31JUL2526700PE.NFO,2025-06-25,12:45:00,2025-07-31,378.55,378.55,378.55,378.55,0,65,0
FINNIFTY31JUL2526700PE.NFO,2025-06-25,12:46:00,2025-07-31,378.55,378.55,378.55,378.55,0,65,0
FINNIFTY31JUL2526700PE.NFO,2025-06-25,12:47:00,2025-07-31,378.55,378.55,378.55,378.55,0,65,0
FINNIFTY31JUL2526700PE.NFO,2025-06-25,12:48:00,2025-07-31,378.55,378.55,378.55,378.55,0,65,0
FINNIFTY31JUL2526700PE.NFO,2025-06-25,12:49:00,2025-07-31,378.55,378.55,378.55,378.55,0,65,1
FINNIFTY31JUL2526700PE.NFO,2025-06-25,12:50:00,2025-07-31,378.55,378.55,378.55,378.55,0,65,0
FINNIFTY31JUL2526700PE.NFO,2025-06-25,12:51:00,2025-07-31,378.55,378.55,378.55,378.55,0,65,0
FINNIFTY31JUL2526700PE.NFO,2025-06-25,12:52:00,2025-07-31,378.55,378.55,378.55,378.55,0,65,0
FINNIFTY31JUL2526700PE.NFO,2025-06-25,12:53:00,2025-07-31,378.55,378.55,378.55,378.55,0,65,0
FINNIFTY31JUL2526700PE.NFO,2025-06-25,12:54:00,2025-07-31,378.55,378.55,378.55,378.55,0,65,0
FINNIFTY31JUL2526700PE.NFO,2025-06-25,12:55:00,2025-07-31,378.55,378.55,378.55,378.55,0,65,0
FINNIFTY31JUL2526700PE.NFO,2025-06-25,12:56:00,2025-07-31,378.55,378.55,378.55,378.55,0,65,0
FINNIFTY31JUL2526700PE.NFO,2025-06-25,12:57:00,2025-07-31,378.55,378.55,378.55,378.55,0,65,0
FINNIFTY31JUL2526700PE.NFO,2025-06-25,12:58:00,2025-07-31,378.55,378.55,378.55,378.55,0,65,0
FINNIFTY31JUL2526700PE.NFO,2025-06-25,12:59:00,2025-07-31,378.55,378.55,378.55,378.55,0,65,0
FINNIFTY31JUL2526700PE.NFO,2025-06-25,13:00:00,2025-07-31,378.55,378.55,378.55,378.55,0,65,0
FINNIFTY31JUL2526700PE.NFO,2025-06-25,13:01:00,2025-07-31,378.55,378.55,378.55,378.55,0,65,0
FINNIFTY31JUL2526700PE.NFO,2025-06-25,13:02:00,2025-07-31,378.55,378.55,378.55,378.55,0,65,0
FINNIFTY31JUL2526700PE.NFO,2025-06-25,13:03:00,2025-07-31,378.55,378.55,378.55,378.55,0,65,0
FINNIFTY31JUL2526700PE.NFO,2025-06-25,13:04:00,2025-07-31,378.55,378.55,378.55,378.55,0,65,0
FINNIFTY31JUL2526700PE.NFO,2025-06-25,13:05:00,2025-07-31,378.55,378.55,378.55,378.55,0,65,0
FINNIFTY31JUL2526700PE.NFO,2025-06-25,13:06:00,2025-07-31,378.55,378.55,378.55,378.55,0,65,0
FINNIFTY31JUL2526700PE.NFO,2025-06-25,13:07:00,2025-07-31,378.55,378.55,378.55,378.55,0,65,0
FINNIFTY31JUL2526700PE.NFO,2025-06-25,13:08:00,2025-07-31,378.55,378.55,378.55,378.55,0,65,0
FINNIFTY31JUL2526700PE.NFO,2025-06-25,13:09:00,2025-07-31,378.55,378.55,378.55,378.55,0,65,0
FINNIFTY31JUL2526700PE.NFO,2025-06-25,13:10:00,2025-07-31,378.55,378.55,378.55,378.55,0,65,0
FINNIFTY31JUL2526700PE.NFO,2025-06-25,13:11:00,2025-07-31,378.55,378.55,378.55,378.55,0,65,0
FINNIFTY31JUL2526700PE.NFO,2025-06-25,13:12:00,2025-07-31,378.55,378.55,378.55,378.55,0,65,0
FINNIFTY31JUL2526700PE.NFO,2025-06-25,13:13:00,2025-07-31,378.55,378.55,378.55,378.55,0,65,0
FINNIFTY31JUL2526700PE.NFO,2025-06-25,13:14:00,2025-07-31,378.55,378.55,378.55,378.55,0,65,0
FINNIFTY31JUL2526700PE.NFO,2025-06-25,13:15:00,2025-07-31,378.55,378.55,378.55,378.55,0,65,0
FINNIFTY31JUL2526700PE.NFO,2025-06-25,13:16:00,2025-07-31,378.55,378.55,378.55,378.55,0,65,0
FINNIFTY31JUL2526700PE.NFO,2025-06-25,13:17:00,2025-07-31,378.55,378.55,378.55,378.55,0,65,0
FINNIFTY31JUL2526700PE.NFO,2025-06-25,13:18:00,2025-07-31,378.55,378.55,378.55,378.55,0,65,0
FINNIFTY31JUL2526700PE.NFO,2025-06-25,13:19:00,2025-07-31,378.55,378.55,378.55,378.55,0,65,0
FINNIFTY31JUL2526700PE.NFO,2025-06-25,13:20:00,2025-07-31,378.55,378.55,378.55,378.55,0,65,0
FINNIFTY31JUL2526700PE.NFO,2025-06-25,13:21:00,2025-07-31,378.55,378.55,378.55,378.55,0,65,0
FINNIFTY31JUL2526700PE.NFO,2025-06-25,13:22:00,2025-07-31,378.55,378.55,378.55,378.55,0,65,0
FINNIFTY31JUL2526700PE.NFO,2025-06-25,13:23:00,2025-07-31,378.55,378.55,378.55,378.55,0,65,0
FINNIFTY31JUL2526700PE.NFO,2025-06-25,13:24:00,2025-07-31,378.55,378.55,378.55,378.55,0,65,0
FINNIFTY31JUL2526700PE.NFO,2025-06-25,13:25:00,2025-07-31,378.55,378.55,378.55,378.55,0,65,0
FINNIFTY31JUL2526700PE.NFO,2025-06-25,13:26:00,2025-07-31,378.55,378.55,378.55,378.55,0,65,0
FINNIFTY31JUL2526700PE.NFO,2025-06-25,13:27:00,2025-07-31,378.55,378.55,378.55,378.55,0,65,0
FINNIFTY31JUL2526700PE.NFO,2025-06-25,13:28:00,2025-07-31,378.55,378.55,378.55,378.55,0,65,0
FINNIFTY31JUL2526700PE.NFO,2025-06-25,13:29:00,2025-07-31,378.55,378.55,378.55,378.55,0,65,0
FINNIFTY31JUL2526700PE.NFO,2025-06-25,13:30:00,2025-07-31,378.55,378.55,378.55,378.55,0,65,0
FINNIFTY31JUL2526700PE.NFO,2025-06-25,13:31:00,2025-07-31,378.55,378.55,378.55,378.55,0,65,0
FINNIFTY31JUL2526700PE.NFO,2025-06-25,13:32:00,2025-07-31,378.55,378.55,378.55,378.55,0,65,0
FINNIFTY31JUL2526700PE.NFO,2025-06-25,13:33:00,2025-07-31,378.55,378.55,378.55,378.55,0,65,0
FINNIFTY31JUL2526700PE.NFO,2025-06-25,13:34:00,2025-07-31,378.55,378.55,378.55,378.55,0,65,0
FINNIFTY31JUL2526700PE.NFO,2025-06-25,13:35:00,2025-07-31,378.55,378.55,378.55,378.55,0,65,0
FINNIFTY31JUL2526700PE.NFO,2025-06-25,13:36:00,2025-07-31,378.55,378.55,378.55,378.55,0,65,0
FINNIFTY31JUL2526700PE.NFO,2025-06-25,13:37:00,2025-07-31,378.55,378.55,378.55,378.55,0,65,0
FINNIFTY31JUL2526700PE.NFO,2025-06-25,13:38:00,2025-07-31,378.55,378.55,378.55,378.55,0,65,0
FINNIFTY31JUL2526700PE.NFO,2025-06-25,13:39:00,2025-07-31,378.55,378.55,378.55,378.55,0,65,0
FINNIFTY31JUL2526700PE.NFO,2025-06-25,13:40:00,2025-07-31,378.55,378.55,378.55,378.55,0,65,0
FINNIFTY31JUL2526700PE.NFO,2025-06-25,13:41:00,2025-07-31,378.55,378.55,366.35,366.35,130,130,0
FINNIFTY31JUL2526700PE.NFO,2025-06-25,13:42:00,2025-07-31,366.35,366.35,359.6,359.6,130,130,0
FINNIFTY31JUL2526700PE.NFO,2025-06-25,13:43:00,2025-07-31,359.6,359.6,359.6,359.6,0,130,0
FINNIFTY31JUL2526700PE.NFO,2025-06-25,13:44:00,2025-07-31,359.6,359.6,359.6,359.6,0,130,0
FINNIFTY31JUL2526700PE.NFO,2025-06-25,13:45:00,2025-07-31,359.6,359.6,359.6,359.6,0,130,0
FINNIFTY31JUL2526700PE.NFO,2025-06-25,13:46:00,2025-07-31,359.6,359.6,359.6,359.6,0,130,0
FINNIFTY31JUL2526700PE.NFO,2025-06-25,13:47:00,2025-07-31,359.6,359.6,359.6,359.6,0,130,0
FINNIFTY31JUL2526700PE.NFO,2025-06-25,13:48:00,2025-07-31,359.6,359.6,357.55,357.6,130,390,0
FINNIFTY31JUL2526700PE.NFO,2025-06-25,13:49:00,2025-07-31,357.6,357.6,357.6,357.6,0,390,0
FINNIFTY31JUL2526700PE.NFO,2025-06-25,13:50:00,2025-07-31,357.6,357.6,357.6,357.6,0,390,0
FINNIFTY31JUL2526700PE.NFO,2025-06-25,13:51:00,2025-07-31,357.6,357.6,357.6,357.6,0,390,0
FINNIFTY31JUL2526700PE.NFO,2025-06-25,13:52:00,2025-07-31,357.6,357.6,357.6,357.6,0,390,0
FINNIFTY31JUL2526700PE.NFO,2025-06-25,13:53:00,2025-07-31,357.6,357.6,357.6,357.6,0,390,0
FINNIFTY31JUL2526700PE.NFO,2025-06-25,13:54:00,2025-07-31,357.6,357.6,357.6,357.6,0,390,0
FINNIFTY31JUL2526700PE.NFO,2025-06-25,13:55:00,2025-07-31,357.6,357.6,357.6,357.6,0,390,0
FINNIFTY31JUL2526700PE.NFO,2025-06-25,13:56:00,2025-07-31,357.6,357.6,357.6,357.6,0,390,0
FINNIFTY31JUL2526700PE.NFO,2025-06-25,13:57:00,2025-07-31,357.6,357.6,357.6,357.6,0,390,0
FINNIFTY31JUL2526700PE.NFO,2025-06-25,13:58:00,2025-07-31,357.6,357.6,357.6,357.6,0,390,0
FINNIFTY31JUL2526700PE.NFO,2025-06-25,13:59:00,2025-07-31,357.6,373.55,357.6,373.55,65,390,0
FINNIFTY31JUL2526700PE.NFO,2025-06-25,14:00:00,2025-07-31,373.55,373.55,373.55,373.55,0,390,0
FINNIFTY31JUL2526700PE.NFO,2025-06-25,14:01:00,2025-07-31,373.55,373.55,373.55,373.55,0,390,0
FINNIFTY31JUL2526700PE.NFO,2025-06-25,14:02:00,2025-07-31,373.55,373.55,373.55,373.55,0,390,0
FINNIFTY31JUL2526700PE.NFO,2025-06-25,14:03:00,2025-07-31,373.55,373.55,373.55,373.55,0,390,0
FINNIFTY31JUL2526700PE.NFO,2025-06-25,14:04:00,2025-07-31,373.55,373.55,373.55,373.55,0,390,0
FINNIFTY31JUL2526700PE.NFO,2025-06-25,14:05:00,2025-07-31,373.55,373.55,373.55,373.55,0,390,0
FINNIFTY31JUL2526700PE.NFO,2025-06-25,14:06:00,2025-07-31,373.55,373.55,373.55,373.55,0,390,0
FINNIFTY31JUL2526700PE.NFO,2025-06-25,14:07:00,2025-07-31,373.55,373.55,373.55,373.55,0,390,0
FINNIFTY31JUL2526700PE.NFO,2025-06-25,14:08:00,2025-07-31,373.55,373.55,357.8,357.8,65,455,0
FINNIFTY31JUL2526700PE.NFO,2025-06-25,14:09:00,2025-07-31,357.8,357.8,357.8,357.8,0,455,0
FINNIFTY31JUL2526700PE.NFO,2025-06-25,14:10:00,2025-07-31,357.8,357.8,357.8,357.8,0,455,0
FINNIFTY31JUL2526700PE.NFO,2025-06-25,14:11:00,2025-07-31,357.8,357.8,357.8,357.8,0,455,0
FINNIFTY31JUL2526700PE.NFO,2025-06-25,14:12:00,2025-07-31,357.8,357.8,357.8,357.8,0,455,0
FINNIFTY31JUL2526700PE.NFO,2025-06-25,14:13:00,2025-07-31,357.8,357.8,357.8,357.8,0,455,0
FINNIFTY31JUL2526700PE.NFO,2025-06-25,14:14:00,2025-07-31,357.8,357.8,357.8,357.8,0,455,0
FINNIFTY31JUL2526700PE.NFO,2025-06-25,14:15:00,2025-07-31,357.8,357.8,357.8,357.8,0,455,0
FINNIFTY31JUL2526700PE.NFO,2025-06-25,14:16:00,2025-07-31,357.8,357.8,357.8,357.8,0,455,0
FINNIFTY31JUL2526700PE.NFO,2025-06-25,14:17:00,2025-07-31,357.8,357.8,357.8,357.8,0,455,0
FINNIFTY31JUL2526700PE.NFO,2025-06-25,14:18:00,2025-07-31,357.8,357.8,357.8,357.8,0,455,0
FINNIFTY31JUL2526700PE.NFO,2025-06-25,14:19:00,2025-07-31,357.8,357.8,357.8,357.8,0,455,0
FINNIFTY31JUL2526700PE.NFO,2025-06-25,14:20:00,2025-07-31,357.8,357.8,357.8,357.8,0,455,0
FINNIFTY31JUL2526700PE.NFO,2025-06-25,14:21:00,2025-07-31,357.8,357.8,357.8,357.8,0,455,0
FINNIFTY31JUL2526700PE.NFO,2025-06-25,14:22:00,2025-07-31,357.8,357.8,357.8,357.8,0,455,0
FINNIFTY31JUL2526700PE.NFO,2025-06-25,14:23:00,2025-07-31,357.8,357.8,357.8,357.8,0,455,0
FINNIFTY31JUL2526700PE.NFO,2025-06-25,14:24:00,2025-07-31,357.8,357.8,357.8,357.8,0,455,0
FINNIFTY31JUL2526700PE.NFO,2025-06-25,14:25:00,2025-07-31,357.8,357.8,357.8,357.8,0,455,0
FINNIFTY31JUL2526700PE.NFO,2025-06-25,14:26:00,2025-07-31,357.8,357.8,357.8,357.8,0,455,0
FINNIFTY31JUL2526700PE.NFO,2025-06-25,14:27:00,2025-07-31,357.8,357.8,357.8,357.8,0,455,0
FINNIFTY31JUL2526700PE.NFO,2025-06-25,14:28:00,2025-07-31,357.8,357.8,357.8,357.8,0,455,0
FINNIFTY31JUL2526700PE.NFO,2025-06-25,14:29:00,2025-07-31,357.8,357.8,357.8,357.8,0,455,0
FINNIFTY31JUL2526700PE.NFO,2025-06-25,14:30:00,2025-07-31,357.8,357.8,357.8,357.8,0,455,0
FINNIFTY31JUL2526700PE.NFO,2025-06-25,14:31:00,2025-07-31,357.8,357.8,357.8,357.8,0,455,0
FINNIFTY31JUL2526700PE.NFO,2025-06-25,14:32:00,2025-07-31,357.8,357.8,357.8,357.8,0,455,0
FINNIFTY31JUL2526700PE.NFO,2025-06-25,14:33:00,2025-07-31,357.8,357.8,357.8,357.8,0,455,0
FINNIFTY31JUL2526700PE.NFO,2025-06-25,14:34:00,2025-07-31,357.8,357.8,357.8,357.8,0,455,0
FINNIFTY31JUL2526700PE.NFO,2025-06-25,14:35:00,2025-07-31,357.8,357.8,357.8,357.8,0,455,0
FINNIFTY31JUL2526700PE.NFO,2025-06-25,14:36:00,2025-07-31,357.8,357.8,357.8,357.8,0,455,0
FINNIFTY31JUL2526700PE.NFO,2025-06-25,14:37:00,2025-07-31,357.8,357.8,357.8,357.8,0,455,0
FINNIFTY31JUL2526700PE.NFO,2025-06-25,14:38:00,2025-07-31,357.8,357.8,357.8,357.8,0,455,0
FINNIFTY31JUL2526700PE.NFO,2025-06-25,14:39:00,2025-07-31,357.8,357.8,357.8,357.8,0,455,0
FINNIFTY31JUL2526700PE.NFO,2025-06-25,14:40:00,2025-07-31,357.8,357.8,357.8,357.8,0,455,0
FINNIFTY31JUL2526700PE.NFO,2025-06-25,14:41:00,2025-07-31,357.8,357.8,357.8,357.8,0,455,0
FINNIFTY31JUL2526700PE.NFO,2025-06-25,14:42:00,2025-07-31,357.8,357.8,357.8,357.8,0,455,0
FINNIFTY31JUL2526700PE.NFO,2025-06-25,14:43:00,2025-07-31,357.8,357.8,357.8,357.8,0,455,0
FINNIFTY31JUL2526700PE.NFO,2025-06-25,14:44:00,2025-07-31,357.8,357.8,357.8,357.8,0,455,0
FINNIFTY31JUL2526700PE.NFO,2025-06-25,14:45:00,2025-07-31,357.8,357.8,357.8,357.8,0,455,0
FINNIFTY31JUL2526700PE.NFO,2025-06-25,14:46:00,2025-07-31,357.8,357.8,357.8,357.8,0,455,0
FINNIFTY31JUL2526700PE.NFO,2025-06-25,14:47:00,2025-07-31,357.8,357.8,357.8,357.8,0,455,0
FINNIFTY31JUL2526700PE.NFO,2025-06-25,14:48:00,2025-07-31,357.8,357.8,357.8,357.8,0,455,0
FINNIFTY31JUL2526700PE.NFO,2025-06-25,14:49:00,2025-07-31,357.8,357.8,357.8,357.8,0,455,0
FINNIFTY31JUL2526700PE.NFO,2025-06-25,14:50:00,2025-07-31,357.8,357.8,357.8,357.8,0,455,0
FINNIFTY31JUL2526700PE.NFO,2025-06-25,14:51:00,2025-07-31,357.8,357.8,357.8,357.8,0,455,0
FINNIFTY31JUL2526700PE.NFO,2025-06-25,14:52:00,2025-07-31,357.8,357.8,357.8,357.8,0,455,0
FINNIFTY31JUL2526700PE.NFO,2025-06-25,14:53:00,2025-07-31,357.8,357.8,357.8,357.8,0,455,0
FINNIFTY31JUL2526700PE.NFO,2025-06-25,14:54:00,2025-07-31,357.8,357.8,357.8,357.8,0,455,0
FINNIFTY31JUL2526700PE.NFO,2025-06-25,14:55:00,2025-07-31,357.8,357.8,357.8,357.8,0,455,0
FINNIFTY31JUL2526700PE.NFO,2025-06-25,14:56:00,2025-07-31,357.8,357.8,357.8,357.8,0,455,0
FINNIFTY31JUL2526700PE.NFO,2025-06-25,14:57:00,2025-07-31,357.8,357.8,357.8,357.8,0,455,0
FINNIFTY31JUL2526700PE.NFO,2025-06-25,14:58:00,2025-07-31,357.8,357.8,357.8,357.8,0,455,0
FINNIFTY31JUL2526700PE.NFO,2025-06-25,14:59:00,2025-07-31,357.8,357.8,357.8,357.8,0,455,0
FINNIFTY31JUL2526700PE.NFO,2025-06-25,15:00:00,2025-07-31,357.8,357.8,357.8,357.8,0,455,0
FINNIFTY31JUL2526700PE.NFO,2025-06-25,15:01:00,2025-07-31,357.8,357.8,357.8,357.8,0,455,0
FINNIFTY31JUL2526700PE.NFO,2025-06-25,15:02:00,2025-07-31,357.8,357.8,357.8,357.8,0,455,0
FINNIFTY31JUL2526700PE.NFO,2025-06-25,15:03:00,2025-07-31,357.8,357.8,357.8,357.8,0,455,0
FINNIFTY31JUL2526700PE.NFO,2025-06-25,15:04:00,2025-07-31,357.8,357.8,357.8,357.8,0,455,0
FINNIFTY31JUL2526700PE.NFO,2025-06-25,15:05:00,2025-07-31,357.8,357.8,357.8,357.8,0,455,0
FINNIFTY31JUL2526700PE.NFO,2025-06-25,15:06:00,2025-07-31,357.8,357.8,357.8,357.8,0,455,0
FINNIFTY31JUL2526700PE.NFO,2025-06-25,15:07:00,2025-07-31,357.8,357.8,357.8,357.8,0,455,0
FINNIFTY31JUL2526700PE.NFO,2025-06-25,15:08:00,2025-07-31,357.8,357.8,357.8,357.8,0,455,0
FINNIFTY31JUL2526700PE.NFO,2025-06-25,15:09:00,2025-07-31,357.8,357.8,357.8,357.8,0,455,0
FINNIFTY31JUL2526700PE.NFO,2025-06-25,15:10:00,2025-07-31,357.8,357.8,357.8,357.8,0,455,0
FINNIFTY31JUL2526700PE.NFO,2025-06-25,15:11:00,2025-07-31,357.8,357.8,357.8,357.8,0,455,0
FINNIFTY31JUL2526700PE.NFO,2025-06-25,15:12:00,2025-07-31,357.8,357.8,357.8,357.8,0,455,0
FINNIFTY31JUL2526700PE.NFO,2025-06-25,15:13:00,2025-07-31,357.8,357.8,357.8,357.8,0,455,0
FINNIFTY31JUL2526700PE.NFO,2025-06-25,15:14:00,2025-07-31,357.8,357.8,357.8,357.8,0,455,0
FINNIFTY31JUL2526700PE.NFO,2025-06-25,15:15:00,2025-07-31,357.8,357.8,357.8,357.8,0,455,0
FINNIFTY31JUL2526700PE.NFO,2025-06-25,15:16:00,2025-07-31,357.8,357.8,357.8,357.8,0,455,0
FINNIFTY31JUL2526700PE.NFO,2025-06-25,15:17:00,2025-07-31,357.8,357.8,357.8,357.8,0,455,0
FINNIFTY31JUL2526700PE.NFO,2025-06-25,15:18:00,2025-07-31,357.8,357.8,357.8,357.8,0,455,0
FINNIFTY31JUL2526700PE.NFO,2025-06-25,15:19:00,2025-07-31,357.8,357.8,357.8,357.8,0,455,0
FINNIFTY31JUL2526700PE.NFO,2025-06-25,15:20:00,2025-07-31,357.8,357.8,357.8,357.8,0,455,0
FINNIFTY31JUL2526700PE.NFO,2025-06-25,15:21:00,2025-07-31,357.8,357.8,357.8,357.8,0,455,0
FINNIFTY31JUL2526700PE.NFO,2025-06-25,15:22:00,2025-07-31,357.8,357.8,357.8,357.8,0,455,0
FINNIFTY31JUL2526700PE.NFO,2025-06-25,15:23:00,2025-07-31,357.8,357.8,357.8,357.8,0,455,0
FINNIFTY31JUL2526700PE.NFO,2025-06-25,15:24:00,2025-07-31,357.8,357.8,357.8,357.8,0,455,0
FINNIFTY31JUL2526700PE.NFO,2025-06-25,15:25:00,2025-07-31,357.8,357.8,357.8,357.8,0,455,0
FINNIFTY31JUL2526700PE.NFO,2025-06-25,15:26:00,2025-07-31,357.8,357.8,357.8,357.8,0,455,0
FINNIFTY31JUL2526700PE.NFO,2025-06-25,15:27:00,2025-07-31,357.8,357.8,357.8,357.8,0,455,0
FINNIFTY31JUL2526700PE.NFO,2025-06-25,15:28:00,2025-07-31,357.8,357.8,357.8,357.8,0,455,0
FINNIFTY31JUL2526700PE.NFO,2025-06-25,15:29:00,2025-07-31,357.8,357.8,357.8,357.8,0,455,0
FINNIFTY31JUL2526700PE.NFO,2025-06-25,15:30:00,2025-07-31,357.8,357.8,357.8,357.8,0,455,1
FINNIFTY31JUL2526700PE.NFO,2025-06-26,09:15:00,2025-07-31,379.0,379.0,379.0,379.0,0,0,0
FINNIFTY31JUL2526700PE.NFO,2025-06-26,09:16:00,2025-07-31,379.0,379.0,379.0,379.0,0,0,1
FINNIFTY31JUL2526700PE.NFO,2025-06-26,09:17:00,2025-07-31,379.0,379.0,379.0,379.0,0,0,1
FINNIFTY31JUL2526700PE.NFO,2025-06-26,09:18:00,2025-07-31,379.0,379.0,379.0,379.0,0,0,1
FINNIFTY31JUL2526700PE.NFO,2025-06-26,09:19:00,2025-07-31,357.8,357.8,357.8,357.8,0,390,0
FINNIFTY31JUL2526700PE.NFO,2025-06-26,09:20:00,2025-07-31,357.8,357.8,357.8,357.8,0,390,0
FINNIFTY31JUL2526700PE.NFO,2025-06-26,09:21:00,2025-07-31,357.8,357.8,357.8,357.8,0,390,0
FINNIFTY31JUL2526700PE.NFO,2025-06-26,09:22:00,2025-07-31,357.8,357.8,357.8,357.8,0,390,0
FINNIFTY31JUL2526700PE.NFO,2025-06-26,09:23:00,2025-07-31,357.8,357.8,357.8,357.8,0,390,0
FINNIFTY31JUL2526700PE.NFO,2025-06-26,09:24:00,2025-07-31,357.8,357.8,357.8,357.8,0,390,0
FINNIFTY31JUL2526700PE.NFO,2025-06-26,09:25:00,2025-07-31,357.8,357.8,357.8,357.8,0,390,0
FINNIFTY31JUL2526700PE.NFO,2025-06-26,09:26:00,2025-07-31,357.8,357.8,357.8,357.8,0,390,0
FINNIFTY31JUL2526700PE.NFO,2025-06-26,09:27:00,2025-07-31,357.8,357.8,357.8,357.8,0,390,0
FINNIFTY31JUL2526700PE.NFO,2025-06-26,09:28:00,2025-07-31,357.8,357.8,357.8,357.8,0,390,0
FINNIFTY31JUL2526700PE.NFO,2025-06-26,09:29:00,2025-07-31,357.8,357.8,357.8,357.8,0,390,1
FINNIFTY31JUL2526700PE.NFO,2025-06-26,09:30:00,2025-07-31,357.8,357.8,357.8,357.8,0,390,0
FINNIFTY31JUL2526700PE.NFO,2025-06-26,09:31:00,2025-07-31,357.8,357.8,357.8,357.8,0,390,0
FINNIFTY31JUL2526700PE.NFO,2025-06-26,09:32:00,2025-07-31,357.8,357.8,357.8,357.8,0,390,0
FINNIFTY31JUL2526700PE.NFO,2025-06-26,09:33:00,2025-07-31,357.8,357.8,357.8,357.8,0,390,0
FINNIFTY31JUL2526700PE.NFO,2025-06-26,09:34:00,2025-07-31,357.8,357.8,357.8,357.8,0,390,0
FINNIFTY31JUL2526700PE.NFO,2025-06-26,09:35:00,2025-07-31,357.8,357.8,357.8,357.8,0,390,0
FINNIFTY31JUL2526700PE.NFO,2025-06-26,09:36:00,2025-07-31,357.8,357.8,357.8,357.8,0,390,0
FINNIFTY31JUL2526700PE.NFO,2025-06-26,09:37:00,2025-07-31,357.8,357.8,357.8,357.8,0,390,0
FINNIFTY31JUL2526700PE.NFO,2025-06-26,09:38:00,2025-07-31,357.8,357.8,357.8,357.8,0,390,0
FINNIFTY31JUL2526700PE.NFO,2025-06-26,09:39:00,2025-07-31,357.8,357.8,357.8,357.8,0,390,0
FINNIFTY31JUL2526700PE.NFO,2025-06-26,09:40:00,2025-07-31,357.8,357.8,357.8,357.8,0,390,0
FINNIFTY31JUL2526700PE.NFO,2025-06-26,09:41:00,2025-07-31,357.8,357.8,357.8,357.8,0,390,0
FINNIFTY31JUL2526700PE.NFO,2025-06-26,09:42:00,2025-07-31,357.8,357.8,357.8,357.8,0,390,1
FINNIFTY31JUL2526700PE.NFO,2025-06-26,09:43:00,2025-07-31,357.8,357.8,357.8,357.8,0,390,0
FINNIFTY31JUL2526700PE.NFO,2025-06-26,09:44:00,2025-07-31,357.8,357.8,357.8,357.8,0,390,0
FINNIFTY31JUL2526700PE.NFO,2025-06-26,09:45:00,2025-07-31,357.8,357.8,357.8,357.8,0,390,0
FINNIFTY31JUL2526700PE.NFO,2025-06-26,09:46:00,2025-07-31,357.8,357.8,357.8,357.8,0,390,0
FINNIFTY31JUL2526700PE.NFO,2025-06-26,09:47:00,2025-07-31,357.8,357.8,357.8,357.8,0,390,0
FINNIFTY31JUL2526700PE.NFO,2025-06-26,09:48:00,2025-07-31,357.8,357.8,357.8,357.8,0,390,0
FINNIFTY31JUL2526700PE.NFO,2025-06-26,09:49:00,2025-07-31,357.8,357.8,357.8,357.8,0,390,0
FINNIFTY31JUL2526700PE.NFO,2025-06-26,09:50:00,2025-07-31,357.8,357.8,357.8,357.8,0,390,0
FINNIFTY31JUL2526700PE.NFO,2025-06-26,09:51:00,2025-07-31,357.8,357.8,357.8,357.8,0,390,0
FINNIFTY31JUL2526700PE.NFO,2025-06-26,09:52:00,2025-07-31,357.8,357.8,357.8,357.8,0,390,0
FINNIFTY31JUL2526700PE.NFO,2025-06-26,09:53:00,2025-07-31,357.8,357.8,357.8,357.8,0,390,0
FINNIFTY31JUL2526700PE.NFO,2025-06-26,09:54:00,2025-07-31,357.8,357.8,357.8,357.8,0,390,0
FINNIFTY31JUL2526700PE.NFO,2025-06-26,09:55:00,2025-07-31,357.8,357.8,357.8,357.8,0,390,0
FINNIFTY31JUL2526700PE.NFO,2025-06-26,09:56:00,2025-07-31,357.8,357.8,357.8,357.8,0,390,0
FINNIFTY31JUL2526700PE.NFO,2025-06-26,09:57:00,2025-07-31,357.8,357.8,357.8,357.8,0,390,0
FINNIFTY31JUL2526700PE.NFO,2025-06-26,09:58:00,2025-07-31,357.8,357.8,357.8,357.8,0,390,1
FINNIFTY31JUL2526700PE.NFO,2025-06-26,09:59:00,2025-07-31,357.8,357.8,357.8,357.8,0,390,1
FINNIFTY31JUL2526700PE.NFO,2025-06-26,10:00:00,2025-07-31,357.8,357.8,357.8,357.8,0,390,1
FINNIFTY31JUL2526700PE.NFO,2025-06-26,10:01:00,2025-07-31,357.8,357.8,357.8,357.8,0,390,0
FINNIFTY31JUL2526700PE.NFO,2025-06-26,10:02:00,2025-07-31,357.8,357.8,357.8,357.8,0,390,0
FINNIFTY31JUL2526700PE.NFO,2025-06-26,10:03:00,2025-07-31,357.8,357.8,357.8,357.8,0,390,0
FINNIFTY31JUL2526700PE.NFO,2025-06-26,10:04:00,2025-07-31,357.8,357.8,357.8,357.8,0,390,0
FINNIFTY31JUL2526700PE.NFO,2025-06-26,10:05:00,2025-07-31,357.8,357.8,357.8,357.8,0,390,0
FINNIFTY31JUL2526700PE.NFO,2025-06-26,10:06:00,2025-07-31,357.8,357.8,357.8,357.8,0,390,0
FINNIFTY31JUL2526700PE.NFO,2025-06-26,10:07:00,2025-07-31,357.8,357.8,357.8,357.8,0,390,0
FINNIFTY31JUL2526700PE.NFO,2025-06-26,10:08:00,2025-07-31,357.8,357.8,357.8,357.8,0,390,0
FINNIFTY31JUL2526700PE.NFO,2025-06-26,10:09:00,2025-07-31,357.8,357.8,357.8,357.8,0,390,0
FINNIFTY31JUL2526700PE.NFO,2025-06-26,10:10:00,2025-07-31,357.8,357.8,357.8,357.8,0,390,0
FINNIFTY31JUL2526700PE.NFO,2025-06-26,10:11:00,2025-07-31,357.8,357.8,357.8,357.8,0,390,0
FINNIFTY31JUL2526700PE.NFO,2025-06-26,10:12:00,2025-07-31,357.8,357.8,357.8,357.8,0,390,0
FINNIFTY31JUL2526700PE.NFO,2025-06-26,10:13:00,2025-07-31,357.8,357.8,357.8,357.8,0,390,0
FINNIFTY31JUL2526700PE.NFO,2025-06-26,10:14:00,2025-07-31,357.8,357.8,357.8,357.8,0,390,0
FINNIFTY31JUL2526700PE.NFO,2025-06-26,10:15:00,2025-07-31,357.8,357.8,357.8,357.8,0,390,0
FINNIFTY31JUL2526700PE.NFO,2025-06-26,10:16:00,2025-07-31,357.8,357.8,357.8,357.8,0,390,0
FINNIFTY31JUL2526700PE.NFO,2025-06-26,10:17:00,2025-07-31,357.8,357.8,357.8,357.8,0,390,0
FINNIFTY31JUL2526700PE.NFO,2025-06-26,10:18:00,2025-07-31,357.8,357.8,357.8,357.8,0,390,0
FINNIFTY31JUL2526700PE.NFO,2025-06-26,10:19:00,2025-07-31,357.8,357.8,357.8,357.8,0,390,0
FINNIFTY31JUL2526700PE.NFO,2025-06-26,10:20:00,2025-07-31,357.8,357.8,357.8,357.8,0,390,0
FINNIFTY31JUL2526700PE.NFO,2025-06-26,10:21:00,2025-07-31,357.8,357.8,357.8,357.8,0,390,0
FINNIFTY31JUL2526700PE.NFO,2025-06-26,10:22:00,2025-07-31,357.8,357.8,357.8,357.8,0,390,0
FINNIFTY31JUL2526700PE.NFO,2025-06-26,10:23:00,2025-07-31,357.8,357.8,357.8,357.8,0,390,0
FINNIFTY31JUL2526700PE.NFO,2025-06-26,10:24:00,2025-07-31,357.8,357.8,357.8,357.8,0,390,0
FINNIFTY31JUL2526700PE.NFO,2025-06-26,10:25:00,2025-07-31,357.8,357.8,357.8,357.8,0,390,0
FINNIFTY31JUL2526700PE.NFO,2025-06-26,10:26:00,2025-07-31,357.8,357.8,357.8,357.8,0,390,0
FINNIFTY31JUL2526700PE.NFO,2025-06-26,10:27:00,2025-07-31,357.8,357.8,357.8,357.8,0,390,0
FINNIFTY31JUL2526700PE.NFO,2025-06-26,10:28:00,2025-07-31,357.8,357.8,357.8,357.8,0,390,0
FINNIFTY31JUL2526700PE.NFO,2025-06-26,10:29:00,2025-07-31,357.8,357.8,357.8,357.8,0,390,0
FINNIFTY31JUL2526700PE.NFO,2025-06-26,10:30:00,2025-07-31,357.8,357.8,357.8,357.8,0,390,0
FINNIFTY31JUL2526700PE.NFO,2025-06-26,10:31:00,2025-07-31,357.8,357.8,357.8,357.8,0,390,0
FINNIFTY31JUL2526700PE.NFO,2025-06-26,10:32:00,2025-07-31,357.8,357.8,357.8,357.8,0,390,0
FINNIFTY31JUL2526700PE.NFO,2025-06-26,10:33:00,2025-07-31,357.8,357.8,357.8,357.8,0,390,0
FINNIFTY31JUL2526700PE.NFO,2025-06-26,10:34:00,2025-07-31,357.8,357.8,357.8,357.8,0,390,0
FINNIFTY31JUL2526700PE.NFO,2025-06-26,10:35:00,2025-07-31,357.8,357.8,357.8,357.8,0,390,0
FINNIFTY31JUL2526700PE.NFO,2025-06-26,10:36:00,2025-07-31,357.8,357.8,357.8,357.8,0,390,0
FINNIFTY31JUL2526700PE.NFO,2025-06-26,10:37:00,2025-07-31,357.8,357.8,357.8,357.8,0,390,0
FINNIFTY31JUL2526700PE.NFO,2025-06-26,10:38:00,2025-07-31,357.8,357.8,357.8,357.8,0,390,0
FINNIFTY31JUL2526700PE.NFO,2025-06-26,10:39:00,2025-07-31,357.8,357.8,357.8,357.8,0,390,1
FINNIFTY31JUL2526700PE.NFO,2025-06-26,10:40:00,2025-07-31,357.8,357.8,357.8,357.8,0,390,0
FINNIFTY31JUL2526700PE.NFO,2025-06-26,10:41:00,2025-07-31,357.8,357.8,357.8,357.8,0,390,0
FINNIFTY31JUL2526700PE.NFO,2025-06-26,10:42:00,2025-07-31,357.8,357.8,357.8,357.8,0,390,0
FINNIFTY31JUL2526700PE.NFO,2025-06-26,10:43:00,2025-07-31,357.8,357.8,357.8,357.8,0,390,0
FINNIFTY31JUL2526700PE.NFO,2025-06-26,10:44:00,2025-07-31,357.8,357.8,357.8,357.8,0,390,0
FINNIFTY31JUL2526700PE.NFO,2025-06-26,10:45:00,2025-07-31,357.8,357.8,357.8,357.8,0,390,0
FINNIFTY31JUL2526700PE.NFO,2025-06-26,10:46:00,2025-07-31,357.8,357.8,357.8,357.8,0,390,0
FINNIFTY31JUL2526700PE.NFO,2025-06-26,10:47:00,2025-07-31,357.8,357.8,357.8,357.8,0,390,0
FINNIFTY31JUL2526700PE.NFO,2025-06-26,10:48:00,2025-07-31,357.8,357.8,357.8,357.8,0,390,0
FINNIFTY31JUL2526700PE.NFO,2025-06-26,10:49:00,2025-07-31,357.8,357.8,357.8,357.8,0,390,0
FINNIFTY31JUL2526700PE.NFO,2025-06-26,10:50:00,2025-07-31,357.8,357.8,357.8,357.8,0,390,0
FINNIFTY31JUL2526700PE.NFO,2025-06-26,10:51:00,2025-07-31,357.8,357.8,357.8,357.8,0,390,0
FINNIFTY31JUL2526700PE.NFO,2025-06-26,10:52:00,2025-07-31,357.8,357.8,357.8,357.8,0,390,0
FINNIFTY31JUL2526700PE.NFO,2025-06-26,10:53:00,2025-07-31,357.8,357.8,357.8,357.8,0,390,0
FINNIFTY31JUL2526700PE.NFO,2025-06-26,10:54:00,2025-07-31,357.8,357.8,357.8,357.8,0,390,0
FINNIFTY31JUL2526700PE.NFO,2025-06-26,10:55:00,2025-07-31,357.8,357.8,357.8,357.8,0,390,0
FINNIFTY31JUL2526700PE.NFO,2025-06-26,10:56:00,2025-07-31,357.8,357.8,357.8,357.8,0,390,0
FINNIFTY31JUL2526700PE.NFO,2025-06-26,10:57:00,2025-07-31,357.8,357.8,357.8,357.8,0,390,0
FINNIFTY31JUL2526700PE.NFO,2025-06-26,10:58:00,2025-07-31,357.8,357.8,357.8,357.8,0,390,0
FINNIFTY31JUL2526700PE.NFO,2025-06-26,10:59:00,2025-07-31,357.8,357.8,357.8,357.8,0,390,0
FINNIFTY31JUL2526700PE.NFO,2025-06-26,11:00:00,2025-07-31,357.8,357.8,357.8,357.8,0,390,0
FINNIFTY31JUL2526700PE.NFO,2025-06-26,11:01:00,2025-07-31,357.8,357.8,345.0,345.0,65,585,0
FINNIFTY31JUL2526700PE.NFO,2025-06-26,11:02:00,2025-07-31,345.0,345.0,345.0,345.0,0,585,0
FINNIFTY31JUL2526700PE.NFO,2025-06-26,11:03:00,2025-07-31,345.0,345.0,345.0,345.0,0,585,0
FINNIFTY31JUL2526700PE.NFO,2025-06-26,11:04:00,2025-07-31,345.0,345.0,345.0,345.0,0,585,0
FINNIFTY31JUL2526700PE.NFO,2025-06-26,11:05:00,2025-07-31,345.0,345.0,345.0,345.0,0,585,0
FINNIFTY31JUL2526700PE.NFO,2025-06-26,11:06:00,2025-07-31,345.0,345.0,345.0,345.0,0,585,0
FINNIFTY31JUL2526700PE.NFO,2025-06-26,11:07:00,2025-07-31,345.0,345.0,345.0,345.0,0,585,0
FINNIFTY31JUL2526700PE.NFO,2025-06-26,11:08:00,2025-07-31,345.0,345.0,322.7,322.7,130,650,0
FINNIFTY31JUL2526700PE.NFO,2025-06-26,11:09:00,2025-07-31,322.7,322.7,322.7,322.7,0,650,0
FINNIFTY31JUL2526700PE.NFO,2025-06-26,11:10:00,2025-07-31,322.7,322.7,322.7,322.7,0,650,0
FINNIFTY31JUL2526700PE.NFO,2025-06-26,11:11:00,2025-07-31,322.7,322.7,322.7,322.7,0,650,0
FINNIFTY31JUL2526700PE.NFO,2025-06-26,11:12:00,2025-07-31,322.7,322.7,322.7,322.7,0,650,0
FINNIFTY31JUL2526700PE.NFO,2025-06-26,11:13:00,2025-07-31,322.7,322.7,322.7,322.7,0,650,0
FINNIFTY31JUL2526700PE.NFO,2025-06-26,11:14:00,2025-07-31,322.7,322.7,322.7,322.7,0,650,0
FINNIFTY31JUL2526700PE.NFO,2025-06-26,11:15:00,2025-07-31,322.7,322.7,322.7,322.7,0,650,0
FINNIFTY31JUL2526700PE.NFO,2025-06-26,11:16:00,2025-07-31,322.7,322.7,322.7,322.7,0,650,0
FINNIFTY31JUL2526700PE.NFO,2025-06-26,11:17:00,2025-07-31,322.7,322.7,322.7,322.7,0,650,0
FINNIFTY31JUL2526700PE.NFO,2025-06-26,11:18:00,2025-07-31,322.7,322.7,322.7,322.7,0,650,1
FINNIFTY31JUL2526700PE.NFO,2025-06-26,11:19:00,2025-07-31,322.7,322.7,322.7,322.7,0,650,0
FINNIFTY31JUL2526700PE.NFO,2025-06-26,11:20:00,2025-07-31,322.7,322.7,322.7,322.7,0,650,0
FINNIFTY31JUL2526700PE.NFO,2025-06-26,11:21:00,2025-07-31,322.7,322.7,322.7,322.7,0,650,0
FINNIFTY31JUL2526700PE.NFO,2025-06-26,11:22:00,2025-07-31,322.7,322.7,322.7,322.7,0,650,0
FINNIFTY31JUL2526700PE.NFO,2025-06-26,11:23:00,2025-07-31,322.7,322.7,322.7,322.7,0,650,0
FINNIFTY31JUL2526700PE.NFO,2025-06-26,11:24:00,2025-07-31,322.7,322.7,314.0,314.0,65,520,0
FINNIFTY31JUL2526700PE.NFO,2025-06-26,11:25:00,2025-07-31,314.0,314.0,314.0,314.0,0,520,0
FINNIFTY31JUL2526700PE.NFO,2025-06-26,11:26:00,2025-07-31,314.0,314.0,314.0,314.0,0,520,0
FINNIFTY31JUL2526700PE.NFO,2025-06-26,11:27:00,2025-07-31,314.0,314.0,314.0,314.0,0,520,0
FINNIFTY31JUL2526700PE.NFO,2025-06-26,11:28:00,2025-07-31,314.0,314.0,314.0,314.0,0,520,0
FINNIFTY31JUL2526700PE.NFO,2025-06-26,11:29:00,2025-07-31,314.0,314.0,314.0,314.0,0,520,0
FINNIFTY31JUL2526700PE.NFO,2025-06-26,11:30:00,2025-07-31,314.0,314.0,314.0,314.0,0,520,0
FINNIFTY31JUL2526700PE.NFO,2025-06-26,11:31:00,2025-07-31,314.0,314.0,314.0,314.0,0,520,0
FINNIFTY31JUL2526700PE.NFO,2025-06-26,11:32:00,2025-07-31,314.0,314.0,314.0,314.0,0,520,0
FINNIFTY31JUL2526700PE.NFO,2025-06-26,11:33:00,2025-07-31,314.0,314.0,314.0,314.0,0,520,0
FINNIFTY31JUL2526700PE.NFO,2025-06-26,11:34:00,2025-07-31,314.0,314.0,314.0,314.0,0,520,0
FINNIFTY31JUL2526700PE.NFO,2025-06-26,11:35:00,2025-07-31,314.0,314.0,314.0,314.0,0,520,0
FINNIFTY31JUL2526700PE.NFO,2025-06-26,11:36:00,2025-07-31,314.0,314.0,314.0,314.0,0,520,0
FINNIFTY31JUL2526700PE.NFO,2025-06-26,11:37:00,2025-07-31,314.0,314.0,314.0,314.0,0,520,0
FINNIFTY31JUL2526700PE.NFO,2025-06-26,11:38:00,2025-07-31,314.0,314.0,314.0,314.0,0,520,0
FINNIFTY31JUL2526700PE.NFO,2025-06-26,11:39:00,2025-07-31,314.0,314.0,314.0,314.0,0,520,0
FINNIFTY31JUL2526700PE.NFO,2025-06-26,11:40:00,2025-07-31,314.0,314.0,314.0,314.0,0,520,0
FINNIFTY31JUL2526700PE.NFO,2025-06-26,11:41:00,2025-07-31,314.0,314.0,314.0,314.0,0,520,0
FINNIFTY31JUL2526700PE.NFO,2025-06-26,11:42:00,2025-07-31,314.0,314.0,314.0,314.0,0,520,0
FINNIFTY31JUL2526700PE.NFO,2025-06-26,11:43:00,2025-07-31,314.0,314.0,314.0,314.0,0,520,0
FINNIFTY31JUL2526700PE.NFO,2025-06-26,11:44:00,2025-07-31,314.0,314.0,314.0,314.0,0,520,0
FINNIFTY31JUL2526700PE.NFO,2025-06-26,11:45:00,2025-07-31,314.0,314.0,314.0,314.0,0,520,0
FINNIFTY31JUL2526700PE.NFO,2025-06-26,11:46:00,2025-07-31,314.0,314.0,314.0,314.0,0,520,0
FINNIFTY31JUL2526700PE.NFO,2025-06-26,11:47:00,2025-07-31,314.0,314.0,314.0,314.0,0,520,0
FINNIFTY31JUL2526700PE.NFO,2025-06-26,11:48:00,2025-07-31,314.0,314.0,314.0,314.0,0,520,0
FINNIFTY31JUL2526700PE.NFO,2025-06-26,11:49:00,2025-07-31,314.0,314.0,314.0,314.0,0,520,0
FINNIFTY31JUL2526700PE.NFO,2025-06-26,11:50:00,2025-07-31,314.0,314.0,314.0,314.0,0,520,0
FINNIFTY31JUL2526700PE.NFO,2025-06-26,11:51:00,2025-07-31,314.0,314.0,314.0,314.0,0,520,0
FINNIFTY31JUL2526700PE.NFO,2025-06-26,11:52:00,2025-07-31,314.0,314.0,314.0,314.0,0,520,0
FINNIFTY31JUL2526700PE.NFO,2025-06-26,11:53:00,2025-07-31,314.0,314.0,314.0,314.0,0,520,0
FINNIFTY31JUL2526700PE.NFO,2025-06-26,11:54:00,2025-07-31,314.0,314.0,314.0,314.0,0,520,0
FINNIFTY31JUL2526700PE.NFO,2025-06-26,11:55:00,2025-07-31,314.0,329.7,314.0,329.7,65,520,0
FINNIFTY31JUL2526700PE.NFO,2025-06-26,11:56:00,2025-07-31,329.7,329.7,329.7,329.7,0,520,0
FINNIFTY31JUL2526700PE.NFO,2025-06-26,11:57:00,2025-07-31,329.7,329.7,329.7,329.7,0,520,0
FINNIFTY31JUL2526700PE.NFO,2025-06-26,11:58:00,2025-07-31,329.7,329.7,329.7,329.7,0,520,0
FINNIFTY31JUL2526700PE.NFO,2025-06-26,11:59:00,2025-07-31,329.7,329.7,325.5,325.5,65,585,0
FINNIFTY31JUL2526700PE.NFO,2025-06-26,12:00:00,2025-07-31,325.5,325.5,325.5,325.5,0,585,0
FINNIFTY31JUL2526700PE.NFO,2025-06-26,12:01:00,2025-07-31,325.5,325.5,325.5,325.5,0,585,0
FINNIFTY31JUL2526700PE.NFO,2025-06-26,12:02:00,2025-07-31,325.5,325.5,325.5,325.5,0,585,0
FINNIFTY31JUL2526700PE.NFO,2025-06-26,12:03:00,2025-07-31,325.5,325.5,325.5,325.5,0,585,0
FINNIFTY31JUL2526700PE.NFO,2025-06-26,12:04:00,2025-07-31,325.5,325.5,325.5,325.5,0,585,0
FINNIFTY31JUL2526700PE.NFO,2025-06-26,12:05:00,2025-07-31,325.5,325.5,325.5,325.5,0,585,0
FINNIFTY31JUL2526700PE.NFO,2025-06-26,12:06:00,2025-07-31,325.5,325.5,325.5,325.5,0,585,0
FINNIFTY31JUL2526700PE.NFO,2025-06-26,12:07:00,2025-07-31,325.5,325.5,325.5,325.5,0,585,0
FINNIFTY31JUL2526700PE.NFO,2025-06-26,12:08:00,2025-07-31,325.5,325.5,325.5,325.5,0,585,0
FINNIFTY31JUL2526700PE.NFO,2025-06-26,12:09:00,2025-07-31,325.5,325.5,325.5,325.5,0,585,1
FINNIFTY31JUL2526700PE.NFO,2025-06-26,12:10:00,2025-07-31,325.5,325.5,325.5,325.5,0,585,1
FINNIFTY31JUL2526700PE.NFO,2025-06-26,12:11:00,2025-07-31,325.5,325.5,325.5,325.5,0,585,1
FINNIFTY31JUL2526700PE.NFO,2025-06-26,12:12:00,2025-07-31,325.5,325.5,325.5,325.5,0,585,1
FINNIFTY31JUL2526700PE.NFO,2025-06-26,12:13:00,2025-07-31,325.5,325.5,325.5,325.5,0,585,1
FINNIFTY31JUL2526700PE.NFO,2025-06-26,12:14:00,2025-07-31,325.5,325.5,325.5,325.5,0,585,0
FINNIFTY31JUL2526700PE.NFO,2025-06-26,12:15:00,2025-07-31,325.5,325.5,325.5,325.5,0,585,0
FINNIFTY31JUL2526700PE.NFO,2025-06-26,12:16:00,2025-07-31,325.5,325.5,325.5,325.5,0,585,0
FINNIFTY31JUL2526700PE.NFO,2025-06-26,12:17:00,2025-07-31,325.5,325.5,325.5,325.5,0,585,0
FINNIFTY31JUL2526700PE.NFO,2025-06-26,12:18:00,2025-07-31,325.5,325.5,325.5,325.5,0,585,0
FINNIFTY31JUL2526700PE.NFO,2025-06-26,12:19:00,2025-07-31,325.5,325.5,325.5,325.5,0,585,0
FINNIFTY31JUL2526700PE.NFO,2025-06-26,12:20:00,2025-07-31,325.5,325.5,325.5,325.5,0,585,0
FINNIFTY31JUL2526700PE.NFO,2025-06-26,12:21:00,2025-07-31,325.5,325.5,325.5,325.5,0,585,0
FINNIFTY31JUL2526700PE.NFO,2025-06-26,12:22:00,2025-07-31,325.5,325.5,325.5,325.5,0,585,0
FINNIFTY31JUL2526700PE.NFO,2025-06-26,12:23:00,2025-07-31,325.5,325.5,325.5,325.5,0,585,0
FINNIFTY31JUL2526700PE.NFO,2025-06-26,12:24:00,2025-07-31,325.5,325.5,325.5,325.5,0,585,0
FINNIFTY31JUL2526700PE.NFO,2025-06-26,12:25:00,2025-07-31,325.5,325.5,325.5,325.5,0,585,0
FINNIFTY31JUL2526700PE.NFO,2025-06-26,12:26:00,2025-07-31,325.5,325.5,325.5,325.5,0,585,0
FINNIFTY31JUL2526700PE.NFO,2025-06-26,12:27:00,2025-07-31,325.5,325.5,325.5,325.5,0,585,0
FINNIFTY31JUL2526700PE.NFO,2025-06-26,12:28:00,2025-07-31,325.5,325.5,325.5,325.5,0,585,0
FINNIFTY31JUL2526700PE.NFO,2025-06-26,12:29:00,2025-07-31,325.5,325.5,325.5,325.5,0,585,0
FINNIFTY31JUL2526700PE.NFO,2025-06-26,12:30:00,2025-07-31,325.5,325.5,325.5,325.5,0,585,0
FINNIFTY31JUL2526700PE.NFO,2025-06-26,12:31:00,2025-07-31,325.5,325.5,325.5,325.5,0,585,0
FINNIFTY31JUL2526700PE.NFO,2025-06-26,12:32:00,2025-07-31,325.5,325.5,325.5,325.5,0,585,0
FINNIFTY31JUL2526700PE.NFO,2025-06-26,12:33:00,2025-07-31,325.5,325.5,325.5,325.5,0,585,0
FINNIFTY31JUL2526700PE.NFO,2025-06-26,12:34:00,2025-07-31,325.5,325.5,325.5,325.5,0,585,0
FINNIFTY31JUL2526700PE.NFO,2025-06-26,12:35:00,2025-07-31,325.5,325.5,325.5,325.5,0,585,0
FINNIFTY31JUL2526700PE.NFO,2025-06-26,12:36:00,2025-07-31,325.5,325.5,325.5,325.5,0,585,1
FINNIFTY31JUL2526700PE.NFO,2025-06-26,12:37:00,2025-07-31,325.5,325.5,325.5,325.5,0,585,1
FINNIFTY31JUL2526700PE.NFO,2025-06-26,12:38:00,2025-07-31,321.0,321.0,321.0,321.0,0,585,0
FINNIFTY31JUL2526700PE.NFO,2025-06-26,12:39:00,2025-07-31,321.0,321.0,321.0,321.0,65,585,0
FINNIFTY31JUL2526700PE.NFO,2025-06-26,12:40:00,2025-07-31,321.0,321.0,321.0,321.0,0,585,0
FINNIFTY31JUL2526700PE.NFO,2025-06-26,12:41:00,2025-07-31,321.0,321.0,321.0,321.0,0,585,0
FINNIFTY31JUL2526700PE.NFO,2025-06-26,12:42:00,2025-07-31,321.0,321.0,321.0,321.0,0,585,0
FINNIFTY31JUL2526700PE.NFO,2025-06-26,12:43:00,2025-07-31,321.0,321.0,321.0,321.0,0,585,0
FINNIFTY31JUL2526700PE.NFO,2025-06-26,12:44:00,2025-07-31,321.0,321.0,321.0,321.0,0,585,0
FINNIFTY31JUL2526700PE.NFO,2025-06-26,12:45:00,2025-07-31,321.0,321.0,321.0,321.0,0,585,0
FINNIFTY31JUL2526700PE.NFO,2025-06-26,12:46:00,2025-07-31,321.0,321.0,321.0,321.0,0,585,0
FINNIFTY31JUL2526700PE.NFO,2025-06-26,12:47:00,2025-07-31,321.0,321.0,321.0,321.0,0,585,0
FINNIFTY31JUL2526700PE.NFO,2025-06-26,12:48:00,2025-07-31,321.0,321.0,310.8,310.8,325,650,0
FINNIFTY31JUL2526700PE.NFO,2025-06-26,12:49:00,2025-07-31,310.8,310.8,310.8,310.8,0,650,0
FINNIFTY31JUL2526700PE.NFO,2025-06-26,12:50:00,2025-07-31,310.8,310.8,310.8,310.8,0,650,0
FINNIFTY31JUL2526700PE.NFO,2025-06-26,12:51:00,2025-07-31,310.8,310.8,310.8,310.8,0,650,0
FINNIFTY31JUL2526700PE.NFO,2025-06-26,12:52:00,2025-07-31,310.8,310.8,310.8,310.8,0,650,0
FINNIFTY31JUL2526700PE.NFO,2025-06-26,12:53:00,2025-07-31,310.8,310.8,310.8,310.8,0,650,0
FINNIFTY31JUL2526700PE.NFO,2025-06-26,12:54:00,2025-07-31,310.8,310.8,310.8,310.8,0,650,0
FINNIFTY31JUL2526700PE.NFO,2025-06-26,12:55:00,2025-07-31,310.8,310.8,310.8,310.8,0,650,0
FINNIFTY31JUL2526700PE.NFO,2025-06-26,12:56:00,2025-07-31,310.8,310.8,310.8,310.8,0,650,0
FINNIFTY31JUL2526700PE.NFO,2025-06-26,12:57:00,2025-07-31,310.8,310.8,310.8,310.8,0,650,0
FINNIFTY31JUL2526700PE.NFO,2025-06-26,12:58:00,2025-07-31,310.8,310.8,310.8,310.8,0,650,0
FINNIFTY31JUL2526700PE.NFO,2025-06-26,12:59:00,2025-07-31,310.8,310.8,310.8,310.8,0,650,0
FINNIFTY31JUL2526700PE.NFO,2025-06-26,13:00:00,2025-07-31,310.8,310.8,310.8,310.8,0,650,0
FINNIFTY31JUL2526700PE.NFO,2025-06-26,13:01:00,2025-07-31,310.8,310.8,310.8,310.8,0,650,0
FINNIFTY31JUL2526700PE.NFO,2025-06-26,13:02:00,2025-07-31,310.8,310.8,310.8,310.8,0,650,0
FINNIFTY31JUL2526700PE.NFO,2025-06-26,13:03:00,2025-07-31,310.8,310.8,310.8,310.8,0,650,0
FINNIFTY31JUL2526700PE.NFO,2025-06-26,13:04:00,2025-07-31,310.8,310.8,310.8,310.8,0,650,0
FINNIFTY31JUL2526700PE.NFO,2025-06-26,13:05:00,2025-07-31,310.8,310.8,310.8,310.8,0,650,0
FINNIFTY31JUL2526700PE.NFO,2025-06-26,13:06:00,2025-07-31,310.8,310.8,310.8,310.8,0,650,0
FINNIFTY31JUL2526700PE.NFO,2025-06-26,13:07:00,2025-07-31,310.8,310.8,310.8,310.8,0,650,1
FINNIFTY31JUL2526700PE.NFO,2025-06-26,13:08:00,2025-07-31,310.8,310.8,310.8,310.8,0,650,0
FINNIFTY31JUL2526700PE.NFO,2025-06-26,13:09:00,2025-07-31,310.8,310.8,310.8,310.8,0,650,0
FINNIFTY31JUL2526700PE.NFO,2025-06-26,13:10:00,2025-07-31,310.8,310.8,310.8,310.8,0,650,0
FINNIFTY31JUL2526700PE.NFO,2025-06-26,13:11:00,2025-07-31,310.8,310.8,310.8,310.8,0,650,0
FINNIFTY31JUL2526700PE.NFO,2025-06-26,13:12:00,2025-07-31,310.8,310.8,310.8,310.8,0,650,0
FINNIFTY31JUL2526700PE.NFO,2025-06-26,13:13:00,2025-07-31,310.8,310.8,310.8,310.8,0,650,0
FINNIFTY31JUL2526700PE.NFO,2025-06-26,13:14:00,2025-07-31,310.8,310.8,310.8,310.8,0,650,0
FINNIFTY31JUL2526700PE.NFO,2025-06-26,13:15:00,2025-07-31,310.8,310.8,310.8,310.8,0,650,0
FINNIFTY31JUL2526700PE.NFO,2025-06-26,13:16:00,2025-07-31,310.8,310.8,310.8,310.8,0,650,1
FINNIFTY31JUL2526700PE.NFO,2025-06-26,13:17:00,2025-07-31,310.8,310.8,271.85,271.85,130,975,0
FINNIFTY31JUL2526700PE.NFO,2025-06-26,13:18:00,2025-07-31,271.85,271.85,271.85,271.85,0,975,0
FINNIFTY31JUL2526700PE.NFO,2025-06-26,13:19:00,2025-07-31,271.85,271.85,271.85,271.85,0,975,0
FINNIFTY31JUL2526700PE.NFO,2025-06-26,13:20:00,2025-07-31,271.85,271.85,271.85,271.85,0,975,0
FINNIFTY31JUL2526700PE.NFO,2025-06-26,13:21:00,2025-07-31,271.85,271.85,271.85,271.85,0,975,0
FINNIFTY31JUL2526700PE.NFO,2025-06-26,13:22:00,2025-07-31,271.85,271.85,271.85,271.85,0,975,0
FINNIFTY31JUL2526700PE.NFO,2025-06-26,13:23:00,2025-07-31,271.85,271.85,271.85,271.85,0,975,0
FINNIFTY31JUL2526700PE.NFO,2025-06-26,13:24:00,2025-07-31,271.85,271.85,271.85,271.85,0,975,0
FINNIFTY31JUL2526700PE.NFO,2025-06-26,13:25:00,2025-07-31,271.85,271.85,271.85,271.85,65,845,0
FINNIFTY31JUL2526700PE.NFO,2025-06-26,13:26:00,2025-07-31,271.85,271.85,271.85,271.85,0,845,0
FINNIFTY31JUL2526700PE.NFO,2025-06-26,13:27:00,2025-07-31,271.85,271.85,271.85,271.85,0,845,0
FINNIFTY31JUL2526700PE.NFO,2025-06-26,13:28:00,2025-07-31,271.85,271.85,271.85,271.85,0,845,0
FINNIFTY31JUL2526700PE.NFO,2025-06-26,13:29:00,2025-07-31,271.85,271.85,271.85,271.85,0,845,1
FINNIFTY31JUL2526700PE.NFO,2025-06-26,13:30:00,2025-07-31,271.85,271.85,271.85,271.85,0,845,1
FINNIFTY31JUL2526700PE.NFO,2025-06-26,13:31:00,2025-07-31,271.85,271.85,271.85,271.85,0,845,0
FINNIFTY31JUL2526700PE.NFO,2025-06-26,13:32:00,2025-07-31,271.85,271.85,271.85,271.85,0,845,0
FINNIFTY31JUL2526700PE.NFO,2025-06-26,13:33:00,2025-07-31,271.85,271.85,271.85,271.85,0,845,0
FINNIFTY31JUL2526700PE.NFO,2025-06-26,13:34:00,2025-07-31,271.85,271.85,271.85,271.85,0,845,0
FINNIFTY31JUL2526700PE.NFO,2025-06-26,13:35:00,2025-07-31,271.85,271.85,271.85,271.85,0,845,0
FINNIFTY31JUL2526700PE.NFO,2025-06-26,13:36:00,2025-07-31,271.85,271.85,271.85,271.85,0,845,0
FINNIFTY31JUL2526700PE.NFO,2025-06-26,13:37:00,2025-07-31,271.85,271.85,271.85,271.85,0,845,0
FINNIFTY31JUL2526700PE.NFO,2025-06-26,13:38:00,2025-07-31,271.85,271.85,271.85,271.85,0,845,0
FINNIFTY31JUL2526700PE.NFO,2025-06-26,13:39:00,2025-07-31,271.85,271.85,271.85,271.85,0,845,0
FINNIFTY31JUL2526700PE.NFO,2025-06-26,13:40:00,2025-07-31,271.85,271.85,271.85,271.85,0,845,0
FINNIFTY31JUL2526700PE.NFO,2025-06-26,13:41:00,2025-07-31,271.85,271.85,271.85,271.85,0,845,0
FINNIFTY31JUL2526700PE.NFO,2025-06-26,13:42:00,2025-07-31,271.85,271.85,271.85,271.85,0,845,0
FINNIFTY31JUL2526700PE.NFO,2025-06-26,13:43:00,2025-07-31,271.85,271.85,271.85,271.85,0,845,0
FINNIFTY31JUL2526700PE.NFO,2025-06-26,13:44:00,2025-07-31,271.85,271.85,271.85,271.85,0,845,0
FINNIFTY31JUL2526700PE.NFO,2025-06-26,13:45:00,2025-07-31,271.85,271.85,271.85,271.85,0,845,0
FINNIFTY31JUL2526700PE.NFO,2025-06-26,13:46:00,2025-07-31,271.85,271.85,271.85,271.85,0,845,0
FINNIFTY31JUL2526700PE.NFO,2025-06-26,13:47:00,2025-07-31,271.85,271.85,271.85,271.85,0,845,0
FINNIFTY31JUL2526700PE.NFO,2025-06-26,13:48:00,2025-07-31,271.85,271.85,271.85,271.85,0,845,0
FINNIFTY31JUL2526700PE.NFO,2025-06-26,13:49:00,2025-07-31,271.85,271.85,271.85,271.85,0,845,0
FINNIFTY31JUL2526700PE.NFO,2025-06-26,13:50:00,2025-07-31,271.85,271.85,271.85,271.85,0,845,1
FINNIFTY31JUL2526700PE.NFO,2025-06-26,13:51:00,2025-07-31,271.85,271.85,271.85,271.85,0,845,0
FINNIFTY31JUL2526700PE.NFO,2025-06-26,13:52:00,2025-07-31,271.85,271.85,271.85,271.85,0,845,0
FINNIFTY31JUL2526700PE.NFO,2025-06-26,13:53:00,2025-07-31,271.85,271.85,271.85,271.85,0,845,0
FINNIFTY31JUL2526700PE.NFO,2025-06-26,13:54:00,2025-07-31,271.85,271.85,271.85,271.85,0,845,0
FINNIFTY31JUL2526700PE.NFO,2025-06-26,13:55:00,2025-07-31,271.85,271.85,261.8,261.8,65,845,0
FINNIFTY31JUL2526700PE.NFO,2025-06-26,13:56:00,2025-07-31,261.8,263.65,261.8,263.65,130,845,0
FINNIFTY31JUL2526700PE.NFO,2025-06-26,13:57:00,2025-07-31,263.65,263.65,263.65,263.65,0,845,0
FINNIFTY31JUL2526700PE.NFO,2025-06-26,13:58:00,2025-07-31,263.65,263.65,263.65,263.65,0,845,0
FINNIFTY31JUL2526700PE.NFO,2025-06-26,13:59:00,2025-07-31,263.65,263.65,254.2,254.2,0,975,0
FINNIFTY31JUL2526700PE.NFO,2025-06-26,14:00:00,2025-07-31,254.2,254.2,254.2,254.2,65,975,0
FINNIFTY31JUL2526700PE.NFO,2025-06-26,14:01:00,2025-07-31,254.2,254.2,254.2,254.2,0,975,0
FINNIFTY31JUL2526700PE.NFO,2025-06-26,14:02:00,2025-07-31,254.2,254.2,250.0,250.0,455,975,0
FINNIFTY31JUL2526700PE.NFO,2025-06-26,14:03:00,2025-07-31,250.0,251.15,245.25,251.15,390,975,0
FINNIFTY31JUL2526700PE.NFO,2025-06-26,14:04:00,2025-07-31,251.15,251.15,247.0,247.6,325,1430,0
FINNIFTY31JUL2526700PE.NFO,2025-06-26,14:05:00,2025-07-31,247.6,247.6,247.6,247.6,0,1430,0
FINNIFTY31JUL2526700PE.NFO,2025-06-26,14:06:00,2025-07-31,247.6,247.6,247.6,247.6,0,1430,0
FINNIFTY31JUL2526700PE.NFO,2025-06-26,14:07:00,2025-07-31,247.6,247.6,247.6,247.6,0,1430,0
FINNIFTY31JUL2526700PE.NFO,2025-06-26,14:08:00,2025-07-31,247.6,247.6,247.6,247.6,0,1430,0
FINNIFTY31JUL2526700PE.NFO,2025-06-26,14:09:00,2025-07-31,251.3,251.3,251.3,251.3,195,1365,0
FINNIFTY31JUL2526700PE.NFO,2025-06-26,14:10:00,2025-07-31,251.3,251.3,251.3,251.3,0,1365,0
FINNIFTY31JUL2526700PE.NFO,2025-06-26,14:11:00,2025-07-31,251.3,251.3,251.3,251.3,0,1365,0
FINNIFTY31JUL2526700PE.NFO,2025-06-26,14:12:00,2025-07-31,251.3,251.3,251.3,251.3,0,1365,0
FINNIFTY31JUL2526700PE.NFO,2025-06-26,14:13:00,2025-07-31,251.3,251.3,249.0,249.0,65,1170,0
FINNIFTY31JUL2526700PE.NFO,2025-06-26,14:14:00,2025-07-31,249.0,249.0,249.0,249.0,0,1170,0
FINNIFTY31JUL2526700PE.NFO,2025-06-26,14:15:00,2025-07-31,249.0,249.0,249.0,249.0,0,1170,0
FINNIFTY31JUL2526700PE.NFO,2025-06-26,14:16:00,2025-07-31,249.0,249.0,249.0,249.0,0,1170,0
FINNIFTY31JUL2526700PE.NFO,2025-06-26,14:17:00,2025-07-31,249.0,249.0,249.0,249.0,0,1170,0
FINNIFTY31JUL2526700PE.NFO,2025-06-26,14:18:00,2025-07-31,249.0,249.0,249.0,249.0,0,1170,0
FINNIFTY31JUL2526700PE.NFO,2025-06-26,14:19:00,2025-07-31,249.0,249.0,249.0,249.0,0,1170,0
FINNIFTY31JUL2526700PE.NFO,2025-06-26,14:20:00,2025-07-31,249.0,249.0,249.0,249.0,0,1170,0
FINNIFTY31JUL2526700PE.NFO,2025-06-26,14:21:00,2025-07-31,249.0,249.0,249.0,249.0,0,1170,0
FINNIFTY31JUL2526700PE.NFO,2025-06-26,14:22:00,2025-07-31,249.0,249.0,249.0,249.0,0,1170,0
FINNIFTY31JUL2526700PE.NFO,2025-06-26,14:23:00,2025-07-31,249.0,249.0,249.0,249.0,0,1170,0
FINNIFTY31JUL2526700PE.NFO,2025-06-26,14:24:00,2025-07-31,249.0,249.0,249.0,249.0,0,1170,0
FINNIFTY31JUL2526700PE.NFO,2025-06-26,14:25:00,2025-07-31,249.0,249.0,249.0,249.0,0,1170,0
FINNIFTY31JUL2526700PE.NFO,2025-06-26,14:26:00,2025-07-31,249.0,249.0,249.0,249.0,0,1170,0
FINNIFTY31JUL2526700PE.NFO,2025-06-26,14:27:00,2025-07-31,249.0,249.0,249.0,249.0,0,1170,0
FINNIFTY31JUL2526700PE.NFO,2025-06-26,14:28:00,2025-07-31,249.0,249.0,249.0,249.0,0,1170,0
FINNIFTY31JUL2526700PE.NFO,2025-06-26,14:29:00,2025-07-31,249.0,249.0,249.0,249.0,0,1170,0
FINNIFTY31JUL2526700PE.NFO,2025-06-26,14:30:00,2025-07-31,249.0,249.0,249.0,249.0,0,1170,0
FINNIFTY31JUL2526700PE.NFO,2025-06-26,14:31:00,2025-07-31,249.0,249.0,249.0,249.0,0,1170,0
FINNIFTY31JUL2526700PE.NFO,2025-06-26,14:32:00,2025-07-31,249.0,249.0,249.0,249.0,0,1170,0
FINNIFTY31JUL2526700PE.NFO,2025-06-26,14:33:00,2025-07-31,249.0,249.0,249.0,249.0,0,1170,0
FINNIFTY31JUL2526700PE.NFO,2025-06-26,14:34:00,2025-07-31,249.0,249.0,249.0,249.0,0,1170,0
FINNIFTY31JUL2526700PE.NFO,2025-06-26,14:35:00,2025-07-31,249.0,249.0,249.0,249.0,0,1170,0
FINNIFTY31JUL2526700PE.NFO,2025-06-26,14:36:00,2025-07-31,249.0,249.0,249.0,249.0,0,1170,0
FINNIFTY31JUL2526700PE.NFO,2025-06-26,14:37:00,2025-07-31,249.0,249.0,249.0,249.0,0,1170,0
FINNIFTY31JUL2526700PE.NFO,2025-06-26,14:38:00,2025-07-31,249.0,249.0,249.0,249.0,0,1170,0
FINNIFTY31JUL2526700PE.NFO,2025-06-26,14:39:00,2025-07-31,249.0,249.0,249.0,249.0,0,1170,0
FINNIFTY31JUL2526700PE.NFO,2025-06-26,14:40:00,2025-07-31,249.0,249.0,249.0,249.0,0,1170,0
FINNIFTY31JUL2526700PE.NFO,2025-06-26,14:41:00,2025-07-31,249.0,249.0,249.0,249.0,0,1170,0
FINNIFTY31JUL2526700PE.NFO,2025-06-26,14:42:00,2025-07-31,250.0,250.0,250.0,250.0,65,1235,0
FINNIFTY31JUL2526700PE.NFO,2025-06-26,14:43:00,2025-07-31,250.0,250.0,250.0,250.0,0,1235,0
FINNIFTY31JUL2526700PE.NFO,2025-06-26,14:44:00,2025-07-31,250.0,250.0,240.0,240.0,65,1235,0
FINNIFTY31JUL2526700PE.NFO,2025-06-26,14:45:00,2025-07-31,240.0,240.0,240.0,240.0,0,1235,0
FINNIFTY31JUL2526700PE.NFO,2025-06-26,14:46:00,2025-07-31,240.0,240.0,240.0,240.0,0,1235,0
FINNIFTY31JUL2526700PE.NFO,2025-06-26,14:47:00,2025-07-31,240.0,240.0,234.0,234.0,325,1300,0
FINNIFTY31JUL2526700PE.NFO,2025-06-26,14:48:00,2025-07-31,234.0,234.0,234.0,234.0,0,1300,0
FINNIFTY31JUL2526700PE.NFO,2025-06-26,14:49:00,2025-07-31,234.0,234.0,234.0,234.0,0,1300,0
FINNIFTY31JUL2526700PE.NFO,2025-06-26,14:50:00,2025-07-31,234.0,242.0,234.0,242.0,130,975,0
FINNIFTY31JUL2526700PE.NFO,2025-06-26,14:51:00,2025-07-31,242.0,242.0,242.0,242.0,0,975,0
FINNIFTY31JUL2526700PE.NFO,2025-06-26,14:52:00,2025-07-31,242.0,242.0,242.0,242.0,0,975,0
FINNIFTY31JUL2526700PE.NFO,2025-06-26,14:53:00,2025-07-31,242.0,242.0,242.0,242.0,0,975,0
FINNIFTY31JUL2526700PE.NFO,2025-06-26,14:54:00,2025-07-31,242.0,242.0,242.0,242.0,0,975,0
FINNIFTY31JUL2526700PE.NFO,2025-06-26,14:55:00,2025-07-31,242.0,242.0,242.0,242.0,0,975,0
FINNIFTY31JUL2526700PE.NFO,2025-06-26,14:56:00,2025-07-31,242.0,242.0,242.0,242.0,0,975,0
FINNIFTY31JUL2526700PE.NFO,2025-06-26,14:57:00,2025-07-31,242.0,242.0,242.0,242.0,65,845,0
FINNIFTY31JUL2526700PE.NFO,2025-06-26,14:58:00,2025-07-31,242.0,242.0,242.0,242.0,65,845,1
FINNIFTY31JUL2526700PE.NFO,2025-06-26,14:59:00,2025-07-31,242.0,242.0,242.0,242.0,0,845,0
FINNIFTY31JUL2526700PE.NFO,2025-06-26,15:00:00,2025-07-31,242.0,242.0,242.0,242.0,0,845,0
FINNIFTY31JUL2526700PE.NFO,2025-06-26,15:01:00,2025-07-31,242.0,242.0,242.0,242.0,0,845,0
FINNIFTY31JUL2526700PE.NFO,2025-06-26,15:02:00,2025-07-31,242.0,242.0,242.0,242.0,0,845,0
FINNIFTY31JUL2526700PE.NFO,2025-06-26,15:03:00,2025-07-31,242.0,242.0,242.0,242.0,0,845,0
FINNIFTY31JUL2526700PE.NFO,2025-06-26,15:04:00,2025-07-31,242.0,242.0,242.0,242.0,0,845,0
FINNIFTY31JUL2526700PE.NFO,2025-06-26,15:05:00,2025-07-31,242.0,242.0,242.0,242.0,0,845,0
FINNIFTY31JUL2526700PE.NFO,2025-06-26,15:06:00,2025-07-31,242.0,242.0,242.0,242.0,0,845,0
FINNIFTY31JUL2526700PE.NFO,2025-06-26,15:07:00,2025-07-31,242.0,242.0,242.0,242.0,0,845,0
FINNIFTY31JUL2526700PE.NFO,2025-06-26,15:08:00,2025-07-31,242.0,242.0,242.0,242.0,0,845,0
FINNIFTY31JUL2526700PE.NFO,2025-06-26,15:09:00,2025-07-31,242.0,242.0,242.0,242.0,0,845,0
FINNIFTY31JUL2526700PE.NFO,2025-06-26,15:10:00,2025-07-31,242.0,242.0,242.0,242.0,0,845,0
FINNIFTY31JUL2526700PE.NFO,2025-06-26,15:11:00,2025-07-31,242.0,242.0,242.0,242.0,0,845,0
FINNIFTY31JUL2526700PE.NFO,2025-06-26,15:12:00,2025-07-31,242.0,242.0,242.0,242.0,0,845,0
FINNIFTY31JUL2526700PE.NFO,2025-06-26,15:13:00,2025-07-31,242.0,242.0,242.0,242.0,0,845,0
FINNIFTY31JUL2526700PE.NFO,2025-06-26,15:14:00,2025-07-31,242.0,242.0,242.0,242.0,0,845,0
FINNIFTY31JUL2526700PE.NFO,2025-06-26,15:15:00,2025-07-31,242.0,242.0,242.0,242.0,0,845,0
FINNIFTY31JUL2526700PE.NFO,2025-06-26,15:16:00,2025-07-31,242.0,242.0,242.0,242.0,0,845,0
FINNIFTY31JUL2526700PE.NFO,2025-06-26,15:17:00,2025-07-31,242.0,242.0,242.0,242.0,0,845,0
FINNIFTY31JUL2526700PE.NFO,2025-06-26,15:18:00,2025-07-31,242.0,242.0,242.0,242.0,0,845,0
FINNIFTY31JUL2526700PE.NFO,2025-06-26,15:19:00,2025-07-31,242.0,242.0,242.0,242.0,0,845,0
FINNIFTY31JUL2526700PE.NFO,2025-06-26,15:20:00,2025-07-31,242.0,242.0,242.0,242.0,0,845,0
FINNIFTY31JUL2526700PE.NFO,2025-06-26,15:21:00,2025-07-31,242.0,242.1,242.0,242.1,65,910,0
FINNIFTY31JUL2526700PE.NFO,2025-06-26,15:22:00,2025-07-31,242.1,242.1,242.1,242.1,0,910,0
FINNIFTY31JUL2526700PE.NFO,2025-06-26,15:23:00,2025-07-31,242.1,242.1,242.1,242.1,0,910,0
FINNIFTY31JUL2526700PE.NFO,2025-06-26,15:24:00,2025-07-31,242.1,242.1,242.1,242.1,0,910,0
FINNIFTY31JUL2526700PE.NFO,2025-06-26,15:25:00,2025-07-31,242.1,242.1,242.1,242.1,0,910,0
FINNIFTY31JUL2526700PE.NFO,2025-06-26,15:26:00,2025-07-31,242.1,242.1,228.4,228.4,130,975,0
FINNIFTY31JUL2526700PE.NFO,2025-06-26,15:27:00,2025-07-31,228.4,228.4,228.4,228.4,0,975,0
FINNIFTY31JUL2526700PE.NFO,2025-06-26,15:28:00,2025-07-31,228.4,228.4,228.4,228.4,0,975,0
FINNIFTY31JUL2526700PE.NFO,2025-06-26,15:29:00,2025-07-31,228.4,228.4,228.4,228.4,0,975,0
FINNIFTY31JUL2526700PE.NFO,2025-06-26,15:30:00,2025-07-31,228.4,228.4,228.4,228.4,0,975,1
FINNIFTY31JUL2526700PE.NFO,2025-06-27,09:15:00,2025-07-31,248.0,248.0,248.0,248.0,0,0,0
FINNIFTY31JUL2526700PE.NFO,2025-06-27,09:16:00,2025-07-31,248.0,248.0,248.0,248.0,0,845,0
FINNIFTY31JUL2526700PE.NFO,2025-06-27,09:17:00,2025-07-31,248.0,248.0,248.0,248.0,0,845,0
FINNIFTY31JUL2526700PE.NFO,2025-06-27,09:18:00,2025-07-31,248.0,248.0,248.0,248.0,0,845,0
FINNIFTY31JUL2526700PE.NFO,2025-06-27,09:19:00,2025-07-31,248.0,248.0,248.0,248.0,0,845,0
FINNIFTY31JUL2526700PE.NFO,2025-06-27,09:20:00,2025-07-31,248.0,249.05,248.0,249.0,130,845,0
FINNIFTY31JUL2526700PE.NFO,2025-06-27,09:21:00,2025-07-31,249.0,249.0,249.0,249.0,0,845,0
FINNIFTY31JUL2526700PE.NFO,2025-06-27,09:22:00,2025-07-31,249.0,283.75,249.0,255.35,130,780,0
FINNIFTY31JUL2526700PE.NFO,2025-06-27,09:23:00,2025-07-31,255.35,287.75,255.35,287.75,195,780,0
FINNIFTY31JUL2526700PE.NFO,2025-06-27,09:24:00,2025-07-31,287.75,287.75,287.75,287.75,0,780,0
FINNIFTY31JUL2526700PE.NFO,2025-06-27,09:25:00,2025-07-31,287.75,287.75,253.4,253.4,65,1040,0
FINNIFTY31JUL2526700PE.NFO,2025-06-27,09:26:00,2025-07-31,253.4,253.4,253.4,253.4,0,1040,0
FINNIFTY31JUL2526700PE.NFO,2025-06-27,09:27:00,2025-07-31,253.4,253.4,253.4,253.4,0,1040,0
FINNIFTY31JUL2526700PE.NFO,2025-06-27,09:28:00,2025-07-31,253.4,253.4,253.4,253.4,0,1040,0
FINNIFTY31JUL2526700PE.NFO,2025-06-27,09:29:00,2025-07-31,253.4,261.7,253.4,261.7,65,1105,0
FINNIFTY31JUL2526700PE.NFO,2025-06-27,09:30:00,2025-07-31,261.7,267.5,261.7,267.5,65,1170,0
FINNIFTY31JUL2526700PE.NFO,2025-06-27,09:31:00,2025-07-31,267.5,267.5,267.5,267.5,0,1170,0
FINNIFTY31JUL2526700PE.NFO,2025-06-27,09:32:00,2025-07-31,267.5,267.5,267.5,267.5,0,1170,0
FINNIFTY31JUL2526700PE.NFO,2025-06-27,09:33:00,2025-07-31,267.5,267.5,244.95,244.95,65,1235,0
FINNIFTY31JUL2526700PE.NFO,2025-06-27,09:34:00,2025-07-31,244.95,245.25,244.95,245.25,0,1235,0
FINNIFTY31JUL2526700PE.NFO,2025-06-27,09:35:00,2025-07-31,245.25,245.25,245.25,245.25,65,1235,0
FINNIFTY31JUL2526700PE.NFO,2025-06-27,09:36:00,2025-07-31,245.25,245.25,245.25,245.25,0,1235,0
FINNIFTY31JUL2526700PE.NFO,2025-06-27,09:37:00,2025-07-31,245.25,245.25,245.25,245.25,0,1235,0
FINNIFTY31JUL2526700PE.NFO,2025-06-27,09:38:00,2025-07-31,245.25,251.4,245.25,251.4,195,1105,0
FINNIFTY31JUL2526700PE.NFO,2025-06-27,09:39:00,2025-07-31,251.4,251.4,251.4,251.4,0,1105,0
FINNIFTY31JUL2526700PE.NFO,2025-06-27,09:40:00,2025-07-31,251.4,251.4,251.4,251.4,0,1105,0
FINNIFTY31JUL2526700PE.NFO,2025-06-27,09:41:00,2025-07-31,251.4,251.4,251.4,251.4,0,1105,0
FINNIFTY31JUL2526700PE.NFO,2025-06-27,09:42:00,2025-07-31,251.4,251.4,251.4,251.4,0,1105,0
FINNIFTY31JUL2526700PE.NFO,2025-06-27,09:43:00,2025-07-31,251.4,251.4,251.4,251.4,0,1105,0
FINNIFTY31JUL2526700PE.NFO,2025-06-27,09:44:00,2025-07-31,251.4,251.4,250.45,250.45,130,1300,0
FINNIFTY31JUL2526700PE.NFO,2025-06-27,09:45:00,2025-07-31,250.45,250.45,250.45,250.45,0,1300,0
FINNIFTY31JUL2526700PE.NFO,2025-06-27,09:46:00,2025-07-31,250.45,250.45,244.2,244.2,130,1430,0
FINNIFTY31JUL2526700PE.NFO,2025-06-27,09:47:00,2025-07-31,244.2,244.2,244.2,244.2,0,1430,0
FINNIFTY31JUL2526700PE.NFO,2025-06-27,09:48:00,2025-07-31,244.2,244.2,244.2,244.2,0,1430,0
FINNIFTY31JUL2526700PE.NFO,2025-06-27,09:49:00,2025-07-31,244.2,244.2,244.2,244.2,0,1430,0
FINNIFTY31JUL2526700PE.NFO,2025-06-27,09:50:00,2025-07-31,244.2,244.2,244.2,244.2,0,1430,0
FINNIFTY31JUL2526700PE.NFO,2025-06-27,09:51:00,2025-07-31,244.2,244.2,244.2,244.2,0,1430,0
FINNIFTY31JUL2526700PE.NFO,2025-06-27,09:52:00,2025-07-31,244.2,244.2,244.2,244.2,0,1430,0
FINNIFTY31JUL2526700PE.NFO,2025-06-27,09:53:00,2025-07-31,244.2,244.2,244.2,244.2,0,1430,0
FINNIFTY31JUL2526700PE.NFO,2025-06-27,09:54:00,2025-07-31,244.2,244.2,244.2,244.2,0,1430,0
FINNIFTY31JUL2526700PE.NFO,2025-06-27,09:55:00,2025-07-31,244.2,244.2,233.7,233.7,65,1495,0
FINNIFTY31JUL2526700PE.NFO,2025-06-27,09:56:00,2025-07-31,233.7,233.7,233.7,233.7,0,1495,0
FINNIFTY31JUL2526700PE.NFO,2025-06-27,09:57:00,2025-07-31,233.7,251.1,233.7,251.1,130,1560,0
FINNIFTY31JUL2526700PE.NFO,2025-06-27,09:58:00,2025-07-31,251.1,251.1,249.3,249.3,65,1560,0
FINNIFTY31JUL2526700PE.NFO,2025-06-27,09:59:00,2025-07-31,249.3,250.3,249.3,250.3,65,1560,0
FINNIFTY31JUL2526700PE.NFO,2025-06-27,10:00:00,2025-07-31,250.3,250.3,250.3,250.3,0,1560,0
FINNIFTY31JUL2526700PE.NFO,2025-06-27,10:01:00,2025-07-31,250.3,250.3,250.3,250.3,0,1560,0
FINNIFTY31JUL2526700PE.NFO,2025-06-27,10:02:00,2025-07-31,250.3,250.3,250.3,250.3,0,1560,0
FINNIFTY31JUL2526700PE.NFO,2025-06-27,10:03:00,2025-07-31,250.3,250.3,250.3,250.3,0,1560,0
FINNIFTY31JUL2526700PE.NFO,2025-06-27,10:04:00,2025-07-31,250.3,250.3,250.3,250.3,0,1560,0
FINNIFTY31JUL2526700PE.NFO,2025-06-27,10:05:00,2025-07-31,250.3,250.3,250.3,250.3,0,1560,0
FINNIFTY31JUL2526700PE.NFO,2025-06-27,10:06:00,2025-07-31,250.3,250.3,250.3,250.3,0,1560,0
FINNIFTY31JUL2526700PE.NFO,2025-06-27,10:07:00,2025-07-31,250.3,250.3,250.3,250.3,0,1560,0
FINNIFTY31JUL2526700PE.NFO,2025-06-27,10:08:00,2025-07-31,250.3,250.3,250.3,250.3,0,1560,0
FINNIFTY31JUL2526700PE.NFO,2025-06-27,10:09:00,2025-07-31,250.3,250.3,241.05,241.05,130,1755,0
FINNIFTY31JUL2526700PE.NFO,2025-06-27,10:10:00,2025-07-31,241.05,241.05,228.2,228.2,195,1755,0
FINNIFTY31JUL2526700PE.NFO,2025-06-27,10:11:00,2025-07-31,228.2,228.2,228.2,228.2,0,1755,0
FINNIFTY31JUL2526700PE.NFO,2025-06-27,10:12:00,2025-07-31,228.2,228.2,228.2,228.2,0,1755,0
FINNIFTY31JUL2526700PE.NFO,2025-06-27,10:13:00,2025-07-31,228.2,228.2,228.2,228.2,0,1755,0
FINNIFTY31JUL2526700PE.NFO,2025-06-27,10:14:00,2025-07-31,228.2,228.2,228.2,228.2,0,1755,0
FINNIFTY31JUL2526700PE.NFO,2025-06-27,10:15:00,2025-07-31,228.2,228.2,228.2,228.2,0,1755,0
FINNIFTY31JUL2526700PE.NFO,2025-06-27,10:16:00,2025-07-31,228.2,228.2,228.2,228.2,0,1755,0
FINNIFTY31JUL2526700PE.NFO,2025-06-27,10:17:00,2025-07-31,228.2,228.2,228.2,228.2,0,1755,0
FINNIFTY31JUL2526700PE.NFO,2025-06-27,10:18:00,2025-07-31,228.2,228.2,228.2,228.2,0,1755,0
FINNIFTY31JUL2526700PE.NFO,2025-06-27,10:19:00,2025-07-31,228.2,228.2,228.2,228.2,0,1755,0
FINNIFTY31JUL2526700PE.NFO,2025-06-27,10:20:00,2025-07-31,228.2,228.2,219.6,219.6,65,1755,0
FINNIFTY31JUL2526700PE.NFO,2025-06-27,10:21:00,2025-07-31,219.6,219.6,219.6,219.6,0,1755,0
FINNIFTY31JUL2526700PE.NFO,2025-06-27,10:22:00,2025-07-31,219.6,219.6,219.6,219.6,0,1755,0
FINNIFTY31JUL2526700PE.NFO,2025-06-27,10:23:00,2025-07-31,219.6,219.6,219.6,219.6,0,1755,0
FINNIFTY31JUL2526700PE.NFO,2025-06-27,10:24:00,2025-07-31,219.6,219.6,219.6,219.6,0,1755,0
FINNIFTY31JUL2526700PE.NFO,2025-06-27,10:25:00,2025-07-31,219.6,219.6,219.6,219.6,0,1755,0
FINNIFTY31JUL2526700PE.NFO,2025-06-27,10:26:00,2025-07-31,219.6,219.6,219.6,219.6,0,1755,0
FINNIFTY31JUL2526700PE.NFO,2025-06-27,10:27:00,2025-07-31,219.6,219.6,219.6,219.6,0,1755,0
FINNIFTY31JUL2526700PE.NFO,2025-06-27,10:28:00,2025-07-31,219.6,219.6,219.6,219.6,0,1755,0
FINNIFTY31JUL2526700PE.NFO,2025-06-27,10:29:00,2025-07-31,219.6,219.6,219.6,219.6,0,1755,0
FINNIFTY31JUL2526700PE.NFO,2025-06-27,10:30:00,2025-07-31,219.6,219.6,219.6,219.6,0,1755,0
FINNIFTY31JUL2526700PE.NFO,2025-06-27,10:31:00,2025-07-31,219.6,219.6,219.6,219.6,0,1755,0
FINNIFTY31JUL2526700PE.NFO,2025-06-27,10:32:00,2025-07-31,219.6,219.6,219.6,219.6,0,1755,0
FINNIFTY31JUL2526700PE.NFO,2025-06-27,10:33:00,2025-07-31,219.6,219.6,219.6,219.6,0,1755,0
FINNIFTY31JUL2526700PE.NFO,2025-06-27,10:34:00,2025-07-31,219.6,219.6,219.6,219.6,0,1755,0
FINNIFTY31JUL2526700PE.NFO,2025-06-27,10:35:00,2025-07-31,219.6,219.6,219.6,219.6,0,1755,0
FINNIFTY31JUL2526700PE.NFO,2025-06-27,10:36:00,2025-07-31,219.6,219.6,219.6,219.6,0,1755,0
FINNIFTY31JUL2526700PE.NFO,2025-06-27,10:37:00,2025-07-31,219.6,219.6,219.6,219.6,0,1755,0
FINNIFTY31JUL2526700PE.NFO,2025-06-27,10:38:00,2025-07-31,219.6,219.6,219.6,219.6,0,1755,0
FINNIFTY31JUL2526700PE.NFO,2025-06-27,10:39:00,2025-07-31,219.6,219.6,219.6,219.6,0,1755,0
FINNIFTY31JUL2526700PE.NFO,2025-06-27,10:40:00,2025-07-31,219.6,219.6,219.6,219.6,0,1755,0
FINNIFTY31JUL2526700PE.NFO,2025-06-27,10:41:00,2025-07-31,219.6,219.6,219.6,219.6,0,1755,0
FINNIFTY31JUL2526700PE.NFO,2025-06-27,10:42:00,2025-07-31,219.6,219.6,219.6,219.6,0,1755,0
FINNIFTY31JUL2526700PE.NFO,2025-06-27,10:43:00,2025-07-31,219.6,219.6,219.6,219.6,0,1755,0
FINNIFTY31JUL2526700PE.NFO,2025-06-27,10:44:00,2025-07-31,219.6,219.6,219.6,219.6,0,1755,0
FINNIFTY31JUL2526700PE.NFO,2025-06-27,10:45:00,2025-07-31,219.6,219.6,219.6,219.6,0,1755,0
FINNIFTY31JUL2526700PE.NFO,2025-06-27,10:46:00,2025-07-31,219.6,219.6,219.6,219.6,0,1755,0
FINNIFTY31JUL2526700PE.NFO,2025-06-27,10:47:00,2025-07-31,219.6,219.6,219.6,219.6,0,1755,0
FINNIFTY31JUL2526700PE.NFO,2025-06-27,10:48:00,2025-07-31,219.6,219.6,219.6,219.6,0,1755,0
FINNIFTY31JUL2526700PE.NFO,2025-06-27,10:49:00,2025-07-31,219.6,219.6,219.6,219.6,0,1755,0
FINNIFTY31JUL2526700PE.NFO,2025-06-27,10:50:00,2025-07-31,219.6,219.6,219.6,219.6,0,1755,0
FINNIFTY31JUL2526700PE.NFO,2025-06-27,10:51:00,2025-07-31,219.6,219.6,219.6,219.6,0,1755,0
FINNIFTY31JUL2526700PE.NFO,2025-06-27,10:52:00,2025-07-31,219.6,219.6,219.6,219.6,0,1755,0
FINNIFTY31JUL2526700PE.NFO,2025-06-27,10:53:00,2025-07-31,219.6,219.6,201.0,201.05,260,1690,0
FINNIFTY31JUL2526700PE.NFO,2025-06-27,10:54:00,2025-07-31,201.05,201.05,201.05,201.05,0,1690,0
FINNIFTY31JUL2526700PE.NFO,2025-06-27,10:55:00,2025-07-31,201.05,201.05,196.6,196.6,130,1950,0
FINNIFTY31JUL2526700PE.NFO,2025-06-27,10:56:00,2025-07-31,196.6,196.6,196.6,196.6,0,1950,0
FINNIFTY31JUL2526700PE.NFO,2025-06-27,10:57:00,2025-07-31,196.6,201.5,196.6,201.5,65,2015,0
FINNIFTY31JUL2526700PE.NFO,2025-06-27,10:58:00,2025-07-31,201.5,201.5,199.5,199.5,65,2015,0
FINNIFTY31JUL2526700PE.NFO,2025-06-27,10:59:00,2025-07-31,199.5,199.5,199.5,199.5,0,2015,0
FINNIFTY31JUL2526700PE.NFO,2025-06-27,11:00:00,2025-07-31,199.5,202.0,199.5,202.0,325,2210,0
FINNIFTY31JUL2526700PE.NFO,2025-06-27,11:01:00,2025-07-31,202.0,202.0,200.25,200.25,195,2210,0
FINNIFTY31JUL2526700PE.NFO,2025-06-27,11:02:00,2025-07-31,200.25,200.25,200.25,200.25,0,2210,0
FINNIFTY31JUL2526700PE.NFO,2025-06-27,11:03:00,2025-07-31,200.25,200.25,200.25,200.25,0,2210,0
FINNIFTY31JUL2526700PE.NFO,2025-06-27,11:04:00,2025-07-31,200.25,200.25,200.25,200.25,0,2210,0
FINNIFTY31JUL2526700PE.NFO,2025-06-27,11:05:00,2025-07-31,200.25,200.25,200.25,200.25,0,2210,0
FINNIFTY31JUL2526700PE.NFO,2025-06-27,11:06:00,2025-07-31,200.25,200.25,200.25,200.25,0,2210,0
FINNIFTY31JUL2526700PE.NFO,2025-06-27,11:07:00,2025-07-31,200.25,200.25,200.25,200.25,0,2210,0
FINNIFTY31JUL2526700PE.NFO,2025-06-27,11:08:00,2025-07-31,200.25,200.25,200.25,200.25,0,2210,0
FINNIFTY31JUL2526700PE.NFO,2025-06-27,11:09:00,2025-07-31,200.25,200.25,200.25,200.25,0,2210,0
FINNIFTY31JUL2526700PE.NFO,2025-06-27,11:10:00,2025-07-31,200.25,200.25,200.25,200.25,0,2210,0
FINNIFTY31JUL2526700PE.NFO,2025-06-27,11:11:00,2025-07-31,200.25,200.25,200.25,200.25,0,2210,0
FINNIFTY31JUL2526700PE.NFO,2025-06-27,11:12:00,2025-07-31,200.25,200.25,200.25,200.25,0,2210,0
FINNIFTY31JUL2526700PE.NFO,2025-06-27,11:13:00,2025-07-31,200.25,200.25,200.25,200.25,0,2210,0
FINNIFTY31JUL2526700PE.NFO,2025-06-27,11:14:00,2025-07-31,200.25,200.25,200.25,200.25,0,2210,0
FINNIFTY31JUL2526700PE.NFO,2025-06-27,11:15:00,2025-07-31,200.25,200.25,200.25,200.25,0,2210,0
FINNIFTY31JUL2526700PE.NFO,2025-06-27,11:16:00,2025-07-31,200.25,200.25,200.25,200.25,0,2210,0
FINNIFTY31JUL2526700PE.NFO,2025-06-27,11:17:00,2025-07-31,200.25,200.25,200.25,200.25,0,2210,0
FINNIFTY31JUL2526700PE.NFO,2025-06-27,11:18:00,2025-07-31,200.25,200.25,200.25,200.25,0,2210,0
FINNIFTY31JUL2526700PE.NFO,2025-06-27,11:19:00,2025-07-31,200.25,200.25,200.25,200.25,0,2210,0
FINNIFTY31JUL2526700PE.NFO,2025-06-27,11:20:00,2025-07-31,200.25,200.25,200.25,200.25,0,2210,0
FINNIFTY31JUL2526700PE.NFO,2025-06-27,11:21:00,2025-07-31,200.25,200.25,200.25,200.25,0,2210,0
FINNIFTY31JUL2526700PE.NFO,2025-06-27,11:22:00,2025-07-31,200.25,200.25,200.25,200.25,0,2210,0
FINNIFTY31JUL2526700PE.NFO,2025-06-27,11:23:00,2025-07-31,200.25,200.25,200.25,200.25,0,2210,0
FINNIFTY31JUL2526700PE.NFO,2025-06-27,11:24:00,2025-07-31,200.25,200.25,200.25,200.25,0,2210,0
FINNIFTY31JUL2526700PE.NFO,2025-06-27,11:25:00,2025-07-31,200.25,200.25,200.25,200.25,0,2210,0
FINNIFTY31JUL2526700PE.NFO,2025-06-27,11:26:00,2025-07-31,200.25,200.25,200.25,200.25,0,2210,0
FINNIFTY31JUL2526700PE.NFO,2025-06-27,11:27:00,2025-07-31,200.25,200.25,200.25,200.25,0,2210,0
FINNIFTY31JUL2526700PE.NFO,2025-06-27,11:28:00,2025-07-31,200.25,200.25,200.25,200.25,0,2210,0
FINNIFTY31JUL2526700PE.NFO,2025-06-27,11:29:00,2025-07-31,200.25,200.25,200.25,200.25,0,2210,0
FINNIFTY31JUL2526700PE.NFO,2025-06-27,11:30:00,2025-07-31,200.25,200.25,200.25,200.25,0,2210,0
FINNIFTY31JUL2526700PE.NFO,2025-06-27,11:31:00,2025-07-31,200.25,200.25,200.25,200.25,0,2210,0
FINNIFTY31JUL2526700PE.NFO,2025-06-27,11:32:00,2025-07-31,200.25,200.25,200.25,200.25,0,2210,0
FINNIFTY31JUL2526700PE.NFO,2025-06-27,11:33:00,2025-07-31,200.25,200.25,200.25,200.25,0,2210,0
FINNIFTY31JUL2526700PE.NFO,2025-06-27,11:34:00,2025-07-31,200.25,200.25,200.25,200.25,0,2210,0
FINNIFTY31JUL2526700PE.NFO,2025-06-27,11:35:00,2025-07-31,200.25,200.25,200.25,200.25,0,2210,0
FINNIFTY31JUL2526700PE.NFO,2025-06-27,11:36:00,2025-07-31,200.25,200.25,200.25,200.25,0,2210,0
FINNIFTY31JUL2526700PE.NFO,2025-06-27,11:37:00,2025-07-31,200.25,200.25,200.25,200.25,0,2210,0
FINNIFTY31JUL2526700PE.NFO,2025-06-27,11:38:00,2025-07-31,200.25,200.25,200.25,200.25,0,2210,0
FINNIFTY31JUL2526700PE.NFO,2025-06-27,11:39:00,2025-07-31,200.25,200.25,200.25,200.25,0,2210,0
FINNIFTY31JUL2526700PE.NFO,2025-06-27,11:40:00,2025-07-31,200.25,200.25,200.25,200.25,0,2210,0
FINNIFTY31JUL2526700PE.NFO,2025-06-27,11:41:00,2025-07-31,200.25,200.25,200.25,200.25,0,2210,0
FINNIFTY31JUL2526700PE.NFO,2025-06-27,11:42:00,2025-07-31,200.25,200.25,200.25,200.25,0,2210,0
FINNIFTY31JUL2526700PE.NFO,2025-06-27,11:43:00,2025-07-31,200.25,200.25,200.25,200.25,0,2210,0
FINNIFTY31JUL2526700PE.NFO,2025-06-27,11:44:00,2025-07-31,200.25,200.25,200.25,200.25,0,2210,0
FINNIFTY31JUL2526700PE.NFO,2025-06-27,11:45:00,2025-07-31,200.25,200.25,200.25,200.25,0,2210,0
FINNIFTY31JUL2526700PE.NFO,2025-06-27,11:46:00,2025-07-31,200.25,200.25,200.25,200.25,0,2210,0
FINNIFTY31JUL2526700PE.NFO,2025-06-27,11:47:00,2025-07-31,200.25,200.25,200.25,200.25,0,2210,0
FINNIFTY31JUL2526700PE.NFO,2025-06-27,11:48:00,2025-07-31,200.25,200.25,200.25,200.25,0,2210,0
FINNIFTY31JUL2526700PE.NFO,2025-06-27,11:49:00,2025-07-31,200.25,200.25,200.25,200.25,0,2210,0
FINNIFTY31JUL2526700PE.NFO,2025-06-27,11:50:00,2025-07-31,200.25,200.25,200.25,200.25,0,2210,0
FINNIFTY31JUL2526700PE.NFO,2025-06-27,11:51:00,2025-07-31,200.25,200.25,200.25,200.25,0,2210,0
FINNIFTY31JUL2526700PE.NFO,2025-06-27,11:52:00,2025-07-31,200.25,200.25,200.25,200.25,0,2210,0
FINNIFTY31JUL2526700PE.NFO,2025-06-27,11:53:00,2025-07-31,200.25,200.25,200.25,200.25,0,2210,0
FINNIFTY31JUL2526700PE.NFO,2025-06-27,11:54:00,2025-07-31,200.25,200.25,200.25,200.25,0,2210,0
FINNIFTY31JUL2526700PE.NFO,2025-06-27,11:55:00,2025-07-31,200.25,200.25,200.25,200.25,0,2210,0
FINNIFTY31JUL2526700PE.NFO,2025-06-27,11:56:00,2025-07-31,200.25,200.25,200.25,200.25,0,2210,0
FINNIFTY31JUL2526700PE.NFO,2025-06-27,11:57:00,2025-07-31,200.25,200.25,200.25,200.25,0,2210,0
FINNIFTY31JUL2526700PE.NFO,2025-06-27,11:58:00,2025-07-31,200.25,200.25,200.25,200.25,0,2210,0
FINNIFTY31JUL2526700PE.NFO,2025-06-27,11:59:00,2025-07-31,200.25,204.0,200.25,204.0,65,2015,0
FINNIFTY31JUL2526700PE.NFO,2025-06-27,12:00:00,2025-07-31,204.0,204.0,204.0,204.0,0,2015,0
FINNIFTY31JUL2526700PE.NFO,2025-06-27,12:01:00,2025-07-31,204.0,204.0,204.0,204.0,0,2015,0
FINNIFTY31JUL2526700PE.NFO,2025-06-27,12:02:00,2025-07-31,204.0,204.0,204.0,204.0,0,2015,0
FINNIFTY31JUL2526700PE.NFO,2025-06-27,12:03:00,2025-07-31,204.0,204.0,198.25,198.7,260,2080,0
FINNIFTY31JUL2526700PE.NFO,2025-06-27,12:04:00,2025-07-31,198.7,198.7,198.7,198.7,0,2080,0
FINNIFTY31JUL2526700PE.NFO,2025-06-27,12:05:00,2025-07-31,198.7,198.7,198.7,198.7,0,2080,0
FINNIFTY31JUL2526700PE.NFO,2025-06-27,12:06:00,2025-07-31,198.7,198.7,198.7,198.7,0,2080,0
FINNIFTY31JUL2526700PE.NFO,2025-06-27,12:07:00,2025-07-31,198.7,198.7,198.7,198.7,0,2080,0
FINNIFTY31JUL2526700PE.NFO,2025-06-27,12:08:00,2025-07-31,198.7,198.7,198.7,198.7,0,2080,0
FINNIFTY31JUL2526700PE.NFO,2025-06-27,12:09:00,2025-07-31,198.7,198.7,198.7,198.7,0,2080,0
FINNIFTY31JUL2526700PE.NFO,2025-06-27,12:10:00,2025-07-31,198.7,198.7,198.7,198.7,0,2080,0
FINNIFTY31JUL2526700PE.NFO,2025-06-27,12:11:00,2025-07-31,198.7,198.7,198.7,198.7,0,2080,0
FINNIFTY31JUL2526700PE.NFO,2025-06-27,12:12:00,2025-07-31,198.7,198.7,198.7,198.7,0,2080,0
FINNIFTY31JUL2526700PE.NFO,2025-06-27,12:13:00,2025-07-31,198.7,198.7,198.7,198.7,0,2080,0
FINNIFTY31JUL2526700PE.NFO,2025-06-27,12:14:00,2025-07-31,198.7,198.7,198.7,198.7,0,2080,0
FINNIFTY31JUL2526700PE.NFO,2025-06-27,12:15:00,2025-07-31,198.7,198.7,198.7,198.7,0,2080,0
FINNIFTY31JUL2526700PE.NFO,2025-06-27,12:16:00,2025-07-31,198.7,198.7,198.7,198.7,0,2080,0
FINNIFTY31JUL2526700PE.NFO,2025-06-27,12:17:00,2025-07-31,198.7,198.7,197.35,197.35,195,2340,0
FINNIFTY31JUL2526700PE.NFO,2025-06-27,12:18:00,2025-07-31,197.35,197.35,194.35,194.35,65,2535,0
FINNIFTY31JUL2526700PE.NFO,2025-06-27,12:19:00,2025-07-31,194.35,194.35,194.35,194.35,0,2535,0
FINNIFTY31JUL2526700PE.NFO,2025-06-27,12:20:00,2025-07-31,194.35,194.35,194.35,194.35,0,2535,0
FINNIFTY31JUL2526700PE.NFO,2025-06-27,12:21:00,2025-07-31,194.35,194.35,194.35,194.35,0,2535,0
FINNIFTY31JUL2526700PE.NFO,2025-06-27,12:22:00,2025-07-31,194.35,194.35,194.35,194.35,0,2535,0
FINNIFTY31JUL2526700PE.NFO,2025-06-27,12:23:00,2025-07-31,194.35,194.35,194.35,194.35,0,2535,0
FINNIFTY31JUL2526700PE.NFO,2025-06-27,12:24:00,2025-07-31,194.35,194.35,194.35,194.35,0,2535,0
FINNIFTY31JUL2526700PE.NFO,2025-06-27,12:25:00,2025-07-31,194.35,194.35,194.35,194.35,0,2535,0
FINNIFTY31JUL2526700PE.NFO,2025-06-27,12:26:00,2025-07-31,194.35,194.35,194.35,194.35,0,2535,0
FINNIFTY31JUL2526700PE.NFO,2025-06-27,12:27:00,2025-07-31,194.35,194.35,194.35,194.35,0,2535,0
FINNIFTY31JUL2526700PE.NFO,2025-06-27,12:28:00,2025-07-31,194.35,194.35,194.35,194.35,0,2535,0
FINNIFTY31JUL2526700PE.NFO,2025-06-27,12:29:00,2025-07-31,194.35,194.35,194.35,194.35,0,2535,0
FINNIFTY31JUL2526700PE.NFO,2025-06-27,12:30:00,2025-07-31,194.35,194.35,194.35,194.35,0,2535,0
FINNIFTY31JUL2526700PE.NFO,2025-06-27,12:31:00,2025-07-31,194.35,194.35,194.35,194.35,0,2535,0
FINNIFTY31JUL2526700PE.NFO,2025-06-27,12:32:00,2025-07-31,194.35,194.35,194.35,194.35,0,2535,0
FINNIFTY31JUL2526700PE.NFO,2025-06-27,12:33:00,2025-07-31,194.35,194.35,194.35,194.35,0,2535,0
FINNIFTY31JUL2526700PE.NFO,2025-06-27,12:34:00,2025-07-31,194.35,194.35,194.35,194.35,0,2535,0
FINNIFTY31JUL2526700PE.NFO,2025-06-27,12:35:00,2025-07-31,194.35,194.35,194.35,194.35,0,2535,0
FINNIFTY31JUL2526700PE.NFO,2025-06-27,12:36:00,2025-07-31,194.35,194.35,194.35,194.35,0,2535,0
FINNIFTY31JUL2526700PE.NFO,2025-06-27,12:37:00,2025-07-31,194.35,194.35,194.35,194.35,0,2535,0
FINNIFTY31JUL2526700PE.NFO,2025-06-27,12:38:00,2025-07-31,194.35,194.35,194.35,194.35,0,2535,0
FINNIFTY31JUL2526700PE.NFO,2025-06-27,12:39:00,2025-07-31,194.35,194.35,194.35,194.35,0,2535,0
FINNIFTY31JUL2526700PE.NFO,2025-06-27,12:40:00,2025-07-31,194.35,194.35,194.35,194.35,0,2535,0
FINNIFTY31JUL2526700PE.NFO,2025-06-27,12:41:00,2025-07-31,194.35,194.35,194.35,194.35,0,2535,0
FINNIFTY31JUL2526700PE.NFO,2025-06-27,12:42:00,2025-07-31,194.35,194.35,194.35,194.35,0,2535,0
FINNIFTY31JUL2526700PE.NFO,2025-06-27,12:43:00,2025-07-31,194.35,194.35,194.35,194.35,0,2535,0
FINNIFTY31JUL2526700PE.NFO,2025-06-27,12:44:00,2025-07-31,194.35,194.35,194.35,194.35,0,2535,0
FINNIFTY31JUL2526700PE.NFO,2025-06-27,12:45:00,2025-07-31,194.35,194.35,194.35,194.35,0,2535,0
FINNIFTY31JUL2526700PE.NFO,2025-06-27,12:46:00,2025-07-31,194.35,194.35,194.35,194.35,0,2535,0
FINNIFTY31JUL2526700PE.NFO,2025-06-27,12:47:00,2025-07-31,194.35,194.35,194.35,194.35,0,2535,0
FINNIFTY31JUL2526700PE.NFO,2025-06-27,12:48:00,2025-07-31,194.35,194.35,194.35,194.35,0,2535,0
FINNIFTY31JUL2526700PE.NFO,2025-06-27,12:49:00,2025-07-31,194.35,194.35,194.35,194.35,0,2535,0
FINNIFTY31JUL2526700PE.NFO,2025-06-27,12:50:00,2025-07-31,194.35,194.35,194.35,194.35,0,2535,0
FINNIFTY31JUL2526700PE.NFO,2025-06-27,12:51:00,2025-07-31,194.35,194.35,194.35,194.35,0,2535,0
FINNIFTY31JUL2526700PE.NFO,2025-06-27,12:52:00,2025-07-31,194.35,194.35,194.35,194.35,0,2535,0
FINNIFTY31JUL2526700PE.NFO,2025-06-27,12:53:00,2025-07-31,194.35,194.35,194.35,194.35,0,2535,0
FINNIFTY31JUL2526700PE.NFO,2025-06-27,12:54:00,2025-07-31,194.35,194.35,194.35,194.35,0,2535,0
FINNIFTY31JUL2526700PE.NFO,2025-06-27,12:55:00,2025-07-31,194.35,194.35,194.35,194.35,0,2535,0
FINNIFTY31JUL2526700PE.NFO,2025-06-27,12:56:00,2025-07-31,194.35,194.35,194.35,194.35,0,2535,0
FINNIFTY31JUL2526700PE.NFO,2025-06-27,12:57:00,2025-07-31,194.35,194.35,194.35,194.35,0,2535,0
FINNIFTY31JUL2526700PE.NFO,2025-06-27,12:58:00,2025-07-31,194.35,194.35,194.35,194.35,0,2535,0
FINNIFTY31JUL2526700PE.NFO,2025-06-27,12:59:00,2025-07-31,194.35,194.35,194.35,194.35,0,2535,0
FINNIFTY31JUL2526700PE.NFO,2025-06-27,13:00:00,2025-07-31,194.35,194.35,194.35,194.35,0,2535,0
FINNIFTY31JUL2526700PE.NFO,2025-06-27,13:01:00,2025-07-31,194.35,194.35,194.35,194.35,0,2535,0
FINNIFTY31JUL2526700PE.NFO,2025-06-27,13:02:00,2025-07-31,194.35,194.35,194.35,194.35,0,2535,0
FINNIFTY31JUL2526700PE.NFO,2025-06-27,13:03:00,2025-07-31,194.35,194.35,194.35,194.35,0,2535,0
FINNIFTY31JUL2526700PE.NFO,2025-06-27,13:04:00,2025-07-31,194.35,194.35,194.35,194.35,0,2535,0
FINNIFTY31JUL2526700PE.NFO,2025-06-27,13:05:00,2025-07-31,194.35,194.35,194.35,194.35,0,2535,0
FINNIFTY31JUL2526700PE.NFO,2025-06-27,13:06:00,2025-07-31,194.35,194.35,194.35,194.35,0,2535,0
FINNIFTY31JUL2526700PE.NFO,2025-06-27,13:07:00,2025-07-31,194.35,194.35,194.35,194.35,0,2535,0
FINNIFTY31JUL2526700PE.NFO,2025-06-27,13:08:00,2025-07-31,194.35,194.35,194.35,194.35,0,2535,0
FINNIFTY31JUL2526700PE.NFO,2025-06-27,13:09:00,2025-07-31,194.35,194.35,194.35,194.35,0,2535,0
FINNIFTY31JUL2526700PE.NFO,2025-06-27,13:10:00,2025-07-31,194.35,194.35,194.35,194.35,0,2535,0
FINNIFTY31JUL2526700PE.NFO,2025-06-27,13:11:00,2025-07-31,194.35,194.35,194.35,194.35,0,2535,0
FINNIFTY31JUL2526700PE.NFO,2025-06-27,13:12:00,2025-07-31,194.35,194.35,194.35,194.35,0,2535,0
FINNIFTY31JUL2526700PE.NFO,2025-06-27,13:13:00,2025-07-31,194.35,194.35,194.35,194.35,0,2535,0
FINNIFTY31JUL2526700PE.NFO,2025-06-27,13:14:00,2025-07-31,194.35,194.35,194.35,194.35,0,2535,0
FINNIFTY31JUL2526700PE.NFO,2025-06-27,13:15:00,2025-07-31,194.35,194.35,194.35,194.35,0,2535,0
FINNIFTY31JUL2526700PE.NFO,2025-06-27,13:16:00,2025-07-31,194.35,194.35,194.35,194.35,0,2535,0
FINNIFTY31JUL2526700PE.NFO,2025-06-27,13:17:00,2025-07-31,194.35,194.35,194.35,194.35,0,2535,0
FINNIFTY31JUL2526700PE.NFO,2025-06-27,13:18:00,2025-07-31,194.35,194.35,194.35,194.35,0,2535,0
FINNIFTY31JUL2526700PE.NFO,2025-06-27,13:19:00,2025-07-31,194.35,194.35,194.35,194.35,0,2535,0
FINNIFTY31JUL2526700PE.NFO,2025-06-27,13:20:00,2025-07-31,194.35,194.35,194.35,194.35,0,2535,0
FINNIFTY31JUL2526700PE.NFO,2025-06-27,13:21:00,2025-07-31,194.35,194.35,194.35,194.35,0,2535,0
FINNIFTY31JUL2526700PE.NFO,2025-06-27,13:22:00,2025-07-31,194.35,194.35,194.35,194.35,0,2535,0
FINNIFTY31JUL2526700PE.NFO,2025-06-27,13:23:00,2025-07-31,194.35,194.35,194.35,194.35,0,2535,0
FINNIFTY31JUL2526700PE.NFO,2025-06-27,13:24:00,2025-07-31,194.35,194.35,194.35,194.35,0,2535,0
FINNIFTY31JUL2526700PE.NFO,2025-06-27,13:25:00,2025-07-31,194.35,194.35,194.35,194.35,0,2535,0
FINNIFTY31JUL2526700PE.NFO,2025-06-27,13:26:00,2025-07-31,194.35,194.35,194.35,194.35,0,2535,0
FINNIFTY31JUL2526700PE.NFO,2025-06-27,13:27:00,2025-07-31,194.35,194.35,194.35,194.35,0,2535,0
FINNIFTY31JUL2526700PE.NFO,2025-06-27,13:28:00,2025-07-31,194.35,194.35,194.35,194.35,0,2535,0
FINNIFTY31JUL2526700PE.NFO,2025-06-27,13:29:00,2025-07-31,194.35,194.35,194.35,194.35,0,2535,0
FINNIFTY31JUL2526700PE.NFO,2025-06-27,13:30:00,2025-07-31,194.35,194.35,194.35,194.35,0,2535,0
FINNIFTY31JUL2526700PE.NFO,2025-06-27,13:31:00,2025-07-31,194.35,194.35,194.35,194.35,0,2535,0
FINNIFTY31JUL2526700PE.NFO,2025-06-27,13:32:00,2025-07-31,194.35,194.35,194.35,194.35,0,2535,0
FINNIFTY31JUL2526700PE.NFO,2025-06-27,13:33:00,2025-07-31,194.35,194.35,194.35,194.35,0,2535,0
FINNIFTY31JUL2526700PE.NFO,2025-06-27,13:34:00,2025-07-31,194.35,194.35,194.35,194.35,0,2535,0
FINNIFTY31JUL2526700PE.NFO,2025-06-27,13:35:00,2025-07-31,194.35,194.35,194.35,194.35,0,2535,0
FINNIFTY31JUL2526700PE.NFO,2025-06-27,13:36:00,2025-07-31,194.35,194.35,194.35,194.35,0,2535,0
FINNIFTY31JUL2526700PE.NFO,2025-06-27,13:37:00,2025-07-31,194.35,194.35,194.35,194.35,0,2535,0
FINNIFTY31JUL2526700PE.NFO,2025-06-27,13:38:00,2025-07-31,194.35,194.35,194.35,194.35,0,2535,0
FINNIFTY31JUL2526700PE.NFO,2025-06-27,13:39:00,2025-07-31,194.35,194.35,194.35,194.35,0,2535,0
FINNIFTY31JUL2526700PE.NFO,2025-06-27,13:40:00,2025-07-31,194.35,194.35,194.35,194.35,0,2535,0
FINNIFTY31JUL2526700PE.NFO,2025-06-27,13:41:00,2025-07-31,194.35,194.35,194.35,194.35,0,2535,0
FINNIFTY31JUL2526700PE.NFO,2025-06-27,13:42:00,2025-07-31,194.35,194.35,194.35,194.35,0,2535,0
FINNIFTY31JUL2526700PE.NFO,2025-06-27,13:43:00,2025-07-31,194.35,194.35,194.35,194.35,0,2535,0
FINNIFTY31JUL2526700PE.NFO,2025-06-27,13:44:00,2025-07-31,194.35,194.35,194.35,194.35,0,2535,0
FINNIFTY31JUL2526700PE.NFO,2025-06-27,13:45:00,2025-07-31,194.35,194.35,194.35,194.35,0,2535,0
FINNIFTY31JUL2526700PE.NFO,2025-06-27,13:46:00,2025-07-31,194.35,194.35,194.35,194.35,0,2535,0
FINNIFTY31JUL2526700PE.NFO,2025-06-27,13:47:00,2025-07-31,194.35,194.35,194.35,194.35,0,2535,0
FINNIFTY31JUL2526700PE.NFO,2025-06-27,13:48:00,2025-07-31,194.35,194.35,194.35,194.35,0,2535,0
FINNIFTY31JUL2526700PE.NFO,2025-06-27,13:49:00,2025-07-31,194.35,194.35,194.35,194.35,0,2535,0
FINNIFTY31JUL2526700PE.NFO,2025-06-27,13:50:00,2025-07-31,194.35,194.35,194.35,194.35,0,2535,0
FINNIFTY31JUL2526700PE.NFO,2025-06-27,13:51:00,2025-07-31,194.35,194.35,194.35,194.35,0,2535,0
FINNIFTY31JUL2526700PE.NFO,2025-06-27,13:52:00,2025-07-31,194.35,194.35,194.35,194.35,0,2535,0
FINNIFTY31JUL2526700PE.NFO,2025-06-27,13:53:00,2025-07-31,194.35,194.35,194.35,194.35,0,2535,0
FINNIFTY31JUL2526700PE.NFO,2025-06-27,13:54:00,2025-07-31,194.35,194.35,194.35,194.35,0,2535,0
FINNIFTY31JUL2526700PE.NFO,2025-06-27,13:55:00,2025-07-31,194.35,194.35,194.35,194.35,0,2535,0
FINNIFTY31JUL2526700PE.NFO,2025-06-27,13:56:00,2025-07-31,194.35,194.35,194.35,194.35,0,2535,0
FINNIFTY31JUL2526700PE.NFO,2025-06-27,13:57:00,2025-07-31,194.35,194.35,194.35,194.35,0,2535,0
FINNIFTY31JUL2526700PE.NFO,2025-06-27,13:58:00,2025-07-31,194.35,194.35,194.35,194.35,0,2535,0
FINNIFTY31JUL2526700PE.NFO,2025-06-27,13:59:00,2025-07-31,194.35,194.35,194.35,194.35,0,2535,0
FINNIFTY31JUL2526700PE.NFO,2025-06-27,14:00:00,2025-07-31,194.35,194.35,194.35,194.35,0,2535,0
FINNIFTY31JUL2526700PE.NFO,2025-06-27,14:01:00,2025-07-31,194.35,194.35,194.35,194.35,0,2535,0
FINNIFTY31JUL2526700PE.NFO,2025-06-27,14:02:00,2025-07-31,194.35,194.35,194.35,194.35,0,2535,0
FINNIFTY31JUL2526700PE.NFO,2025-06-27,14:03:00,2025-07-31,194.35,194.35,185.35,185.35,65,2600,0
FINNIFTY31JUL2526700PE.NFO,2025-06-27,14:04:00,2025-07-31,185.35,185.35,180.75,180.75,65,2600,0
FINNIFTY31JUL2526700PE.NFO,2025-06-27,14:05:00,2025-07-31,180.75,180.75,180.75,180.75,0,2600,0
FINNIFTY31JUL2526700PE.NFO,2025-06-27,14:06:00,2025-07-31,180.75,180.75,180.75,180.75,0,2600,0
FINNIFTY31JUL2526700PE.NFO,2025-06-27,14:07:00,2025-07-31,180.75,180.75,180.75,180.75,0,2600,0
FINNIFTY31JUL2526700PE.NFO,2025-06-27,14:08:00,2025-07-31,180.75,180.75,180.75,180.75,0,2600,0
FINNIFTY31JUL2526700PE.NFO,2025-06-27,14:09:00,2025-07-31,180.75,180.75,180.75,180.75,0,2600,0
FINNIFTY31JUL2526700PE.NFO,2025-06-27,14:10:00,2025-07-31,180.75,184.85,180.75,184.85,65,2535,0
FINNIFTY31JUL2526700PE.NFO,2025-06-27,14:11:00,2025-07-31,184.85,184.85,184.85,184.85,0,2535,0
FINNIFTY31JUL2526700PE.NFO,2025-06-27,14:12:00,2025-07-31,184.85,184.85,184.85,184.85,0,2535,0
FINNIFTY31JUL2526700PE.NFO,2025-06-27,14:13:00,2025-07-31,184.85,184.85,184.0,184.0,65,2535,0
FINNIFTY31JUL2526700PE.NFO,2025-06-27,14:14:00,2025-07-31,184.0,184.0,184.0,184.0,0,2535,0
FINNIFTY31JUL2526700PE.NFO,2025-06-27,14:15:00,2025-07-31,184.0,184.0,184.0,184.0,0,2535,0
FINNIFTY31JUL2526700PE.NFO,2025-06-27,14:16:00,2025-07-31,184.0,184.0,184.0,184.0,0,2535,0
FINNIFTY31JUL2526700PE.NFO,2025-06-27,14:17:00,2025-07-31,184.0,184.0,182.65,182.65,130,2600,0
FINNIFTY31JUL2526700PE.NFO,2025-06-27,14:18:00,2025-07-31,182.65,182.65,182.65,182.65,0,2600,0
FINNIFTY31JUL2526700PE.NFO,2025-06-27,14:19:00,2025-07-31,182.65,182.65,182.65,182.65,0,2600,0
FINNIFTY31JUL2526700PE.NFO,2025-06-27,14:20:00,2025-07-31,182.65,182.65,182.65,182.65,0,2600,0
FINNIFTY31JUL2526700PE.NFO,2025-06-27,14:21:00,2025-07-31,182.65,182.65,182.65,182.65,0,2600,0
FINNIFTY31JUL2526700PE.NFO,2025-06-27,14:22:00,2025-07-31,182.65,182.65,182.65,182.65,0,2600,0
FINNIFTY31JUL2526700PE.NFO,2025-06-27,14:23:00,2025-07-31,182.65,182.65,182.65,182.65,0,2600,0
FINNIFTY31JUL2526700PE.NFO,2025-06-27,14:24:00,2025-07-31,182.65,182.65,182.65,182.65,0,2600,0
FINNIFTY31JUL2526700PE.NFO,2025-06-27,14:25:00,2025-07-31,182.65,182.65,182.65,182.65,0,2600,0
FINNIFTY31JUL2526700PE.NFO,2025-06-27,14:26:00,2025-07-31,182.65,182.65,182.65,182.65,0,2600,0
FINNIFTY31JUL2526700PE.NFO,2025-06-27,14:27:00,2025-07-31,182.65,182.65,182.65,182.65,0,2600,0
FINNIFTY31JUL2526700PE.NFO,2025-06-27,14:28:00,2025-07-31,182.65,182.65,182.65,182.65,0,2600,0
FINNIFTY31JUL2526700PE.NFO,2025-06-27,14:29:00,2025-07-31,182.65,182.65,182.65,182.65,0,2600,0
FINNIFTY31JUL2526700PE.NFO,2025-06-27,14:30:00,2025-07-31,182.65,192.85,182.65,183.25,130,2470,0
FINNIFTY31JUL2526700PE.NFO,2025-06-27,14:31:00,2025-07-31,183.25,183.25,183.25,183.25,0,2470,0
FINNIFTY31JUL2526700PE.NFO,2025-06-27,14:32:00,2025-07-31,183.25,183.25,183.25,183.25,0,2470,0
FINNIFTY31JUL2526700PE.NFO,2025-06-27,14:33:00,2025-07-31,183.25,183.25,183.25,183.25,0,2470,0
FINNIFTY31JUL2526700PE.NFO,2025-06-27,14:34:00,2025-07-31,183.25,183.25,183.25,183.25,0,2470,0
FINNIFTY31JUL2526700PE.NFO,2025-06-27,14:35:00,2025-07-31,183.25,183.25,183.25,183.25,0,2470,0
FINNIFTY31JUL2526700PE.NFO,2025-06-27,14:36:00,2025-07-31,183.25,183.25,183.25,183.25,0,2470,0
FINNIFTY31JUL2526700PE.NFO,2025-06-27,14:37:00,2025-07-31,183.25,183.25,183.25,183.25,0,2470,0
FINNIFTY31JUL2526700PE.NFO,2025-06-27,14:38:00,2025-07-31,183.25,183.25,183.25,183.25,0,2470,0
FINNIFTY31JUL2526700PE.NFO,2025-06-27,14:39:00,2025-07-31,183.25,183.25,183.25,183.25,0,2470,0
FINNIFTY31JUL2526700PE.NFO,2025-06-27,14:40:00,2025-07-31,183.25,183.25,183.25,183.25,0,2470,0
FINNIFTY31JUL2526700PE.NFO,2025-06-27,14:41:00,2025-07-31,183.25,183.25,183.25,183.25,0,2470,0
FINNIFTY31JUL2526700PE.NFO,2025-06-27,14:42:00,2025-07-31,183.25,183.25,183.25,183.25,0,2470,0
FINNIFTY31JUL2526700PE.NFO,2025-06-27,14:43:00,2025-07-31,183.25,183.25,183.25,183.25,0,2470,0
FINNIFTY31JUL2526700PE.NFO,2025-06-27,14:44:00,2025-07-31,183.25,183.25,183.25,183.25,0,2470,0
FINNIFTY31JUL2526700PE.NFO,2025-06-27,14:45:00,2025-07-31,183.25,183.25,183.25,183.25,0,2470,0
FINNIFTY31JUL2526700PE.NFO,2025-06-27,14:46:00,2025-07-31,183.25,183.25,183.25,183.25,0,2470,0
FINNIFTY31JUL2526700PE.NFO,2025-06-27,14:47:00,2025-07-31,183.25,183.25,183.25,183.25,0,2470,0
FINNIFTY31JUL2526700PE.NFO,2025-06-27,14:48:00,2025-07-31,183.25,183.25,183.25,183.25,0,2470,0
FINNIFTY31JUL2526700PE.NFO,2025-06-27,14:49:00,2025-07-31,183.25,183.25,183.25,183.25,0,2470,0
FINNIFTY31JUL2526700PE.NFO,2025-06-27,14:50:00,2025-07-31,183.25,183.25,183.25,183.25,0,2470,0
FINNIFTY31JUL2526700PE.NFO,2025-06-27,14:51:00,2025-07-31,183.25,183.25,183.25,183.25,0,2470,0
FINNIFTY31JUL2526700PE.NFO,2025-06-27,14:52:00,2025-07-31,183.25,183.25,183.25,183.25,0,2470,0
FINNIFTY31JUL2526700PE.NFO,2025-06-27,14:53:00,2025-07-31,183.25,183.25,183.25,183.25,0,2470,0
FINNIFTY31JUL2526700PE.NFO,2025-06-27,14:54:00,2025-07-31,183.25,183.25,183.25,183.25,0,2470,0
FINNIFTY31JUL2526700PE.NFO,2025-06-27,14:55:00,2025-07-31,183.25,183.25,183.25,183.25,0,2470,0
FINNIFTY31JUL2526700PE.NFO,2025-06-27,14:56:00,2025-07-31,183.25,183.25,176.8,176.9,455,2470,0
FINNIFTY31JUL2526700PE.NFO,2025-06-27,14:57:00,2025-07-31,176.9,176.9,176.9,176.9,0,2470,0
FINNIFTY31JUL2526700PE.NFO,2025-06-27,14:58:00,2025-07-31,176.9,176.9,176.9,176.9,0,2470,0
FINNIFTY31JUL2526700PE.NFO,2025-06-27,14:59:00,2025-07-31,176.9,176.9,176.9,176.9,0,2470,0
FINNIFTY31JUL2526700PE.NFO,2025-06-27,15:00:00,2025-07-31,176.9,176.9,176.9,176.9,0,2470,0
FINNIFTY31JUL2526700PE.NFO,2025-06-27,15:01:00,2025-07-31,176.9,176.9,176.9,176.9,0,2470,0
FINNIFTY31JUL2526700PE.NFO,2025-06-27,15:02:00,2025-07-31,176.9,176.9,176.9,176.9,0,2470,0
FINNIFTY31JUL2526700PE.NFO,2025-06-27,15:03:00,2025-07-31,176.9,176.9,176.9,176.9,0,2470,0
FINNIFTY31JUL2526700PE.NFO,2025-06-27,15:04:00,2025-07-31,176.9,176.9,176.9,176.9,0,2470,0
FINNIFTY31JUL2526700PE.NFO,2025-06-27,15:05:00,2025-07-31,176.9,176.9,176.9,176.9,0,2470,0
FINNIFTY31JUL2526700PE.NFO,2025-06-27,15:06:00,2025-07-31,176.9,176.9,176.9,176.9,0,2470,0
FINNIFTY31JUL2526700PE.NFO,2025-06-27,15:07:00,2025-07-31,176.9,176.9,176.9,176.9,0,2470,0
FINNIFTY31JUL2526700PE.NFO,2025-06-27,15:08:00,2025-07-31,176.9,176.9,172.8,172.8,65,2340,0
FINNIFTY31JUL2526700PE.NFO,2025-06-27,15:09:00,2025-07-31,172.8,172.8,172.8,172.8,0,2340,0
FINNIFTY31JUL2526700PE.NFO,2025-06-27,15:10:00,2025-07-31,172.8,172.8,172.8,172.8,0,2340,0
FINNIFTY31JUL2526700PE.NFO,2025-06-27,15:11:00,2025-07-31,172.8,172.8,172.8,172.8,0,2340,0
FINNIFTY31JUL2526700PE.NFO,2025-06-27,15:12:00,2025-07-31,172.8,172.8,172.8,172.8,0,2340,0
FINNIFTY31JUL2526700PE.NFO,2025-06-27,15:13:00,2025-07-31,172.8,172.8,172.8,172.8,0,2340,0
FINNIFTY31JUL2526700PE.NFO,2025-06-27,15:14:00,2025-07-31,172.8,172.8,172.8,172.8,0,2340,0
FINNIFTY31JUL2526700PE.NFO,2025-06-27,15:15:00,2025-07-31,172.8,172.8,172.8,172.8,0,2340,0
FINNIFTY31JUL2526700PE.NFO,2025-06-27,15:16:00,2025-07-31,172.8,172.8,172.8,172.8,0,2340,0
FINNIFTY31JUL2526700PE.NFO,2025-06-27,15:17:00,2025-07-31,172.8,172.8,172.8,172.8,0,2340,0
FINNIFTY31JUL2526700PE.NFO,2025-06-27,15:18:00,2025-07-31,172.8,172.8,172.8,172.8,0,2340,0
FINNIFTY31JUL2526700PE.NFO,2025-06-27,15:19:00,2025-07-31,172.8,172.8,172.8,172.8,0,2340,0
FINNIFTY31JUL2526700PE.NFO,2025-06-27,15:20:00,2025-07-31,172.8,172.8,172.8,172.8,0,2340,0
FINNIFTY31JUL2526700PE.NFO,2025-06-27,15:21:00,2025-07-31,172.8,172.8,172.8,172.8,0,2340,0
FINNIFTY31JUL2526700PE.NFO,2025-06-27,15:22:00,2025-07-31,172.8,172.8,172.8,172.8,0,2340,0
FINNIFTY31JUL2526700PE.NFO,2025-06-27,15:23:00,2025-07-31,172.8,172.8,172.8,172.8,0,2340,0
FINNIFTY31JUL2526700PE.NFO,2025-06-27,15:24:00,2025-07-31,172.8,172.8,172.8,172.8,0,2340,0
FINNIFTY31JUL2526700PE.NFO,2025-06-27,15:25:00,2025-07-31,172.8,172.8,172.8,172.8,0,2340,0
FINNIFTY31JUL2526700PE.NFO,2025-06-27,15:26:00,2025-07-31,172.8,172.8,172.8,172.8,0,2340,0
FINNIFTY31JUL2526700PE.NFO,2025-06-27,15:27:00,2025-07-31,172.8,172.8,172.8,172.8,0,2340,0
FINNIFTY31JUL2526700PE.NFO,2025-06-27,15:28:00,2025-07-31,172.8,172.8,172.8,172.8,0,2340,0
FINNIFTY31JUL2526700PE.NFO,2025-06-27,15:29:00,2025-07-31,172.8,189.05,172.8,189.05,520,2275,0
FINNIFTY31JUL2526700PE.NFO,2025-06-27,15:30:00,2025-07-31,189.05,189.05,189.05,189.05,520,2275,1
FINNIFTY31JUL2526700PE.NFO,2025-06-30,09:15:00,2025-07-31,187.25,187.25,187.25,187.25,0,2535,1
FINNIFTY31JUL2526700PE.NFO,2025-06-30,09:16:00,2025-07-31,187.25,187.25,187.25,187.25,0,2535,1
FINNIFTY31JUL2526700PE.NFO,2025-06-30,09:17:00,2025-07-31,187.25,187.25,187.25,187.25,0,2535,1
FINNIFTY31JUL2526700PE.NFO,2025-06-30,09:18:00,2025-07-31,187.25,187.25,187.25,187.25,0,2535,0
FINNIFTY31JUL2526700PE.NFO,2025-06-30,09:19:00,2025-07-31,187.25,187.25,187.25,187.25,0,2535,0
FINNIFTY31JUL2526700PE.NFO,2025-06-30,09:20:00,2025-07-31,187.25,187.25,187.25,187.25,0,2535,0
FINNIFTY31JUL2526700PE.NFO,2025-06-30,09:21:00,2025-07-31,187.25,187.25,187.25,187.25,0,2535,0
FINNIFTY31JUL2526700PE.NFO,2025-06-30,09:22:00,2025-07-31,187.25,187.25,187.25,187.25,0,2535,0
FINNIFTY31JUL2526700PE.NFO,2025-06-30,09:23:00,2025-07-31,187.25,187.25,187.25,187.25,0,2535,0
FINNIFTY31JUL2526700PE.NFO,2025-06-30,09:24:00,2025-07-31,187.25,187.25,187.25,187.25,0,2535,0
FINNIFTY31JUL2526700PE.NFO,2025-06-30,09:25:00,2025-07-31,187.25,187.25,187.25,187.25,0,2535,0
FINNIFTY31JUL2526700PE.NFO,2025-06-30,09:26:00,2025-07-31,187.25,187.25,187.25,187.25,0,2535,0
FINNIFTY31JUL2526700PE.NFO,2025-06-30,09:27:00,2025-07-31,187.25,187.25,187.25,187.25,0,2535,0
FINNIFTY31JUL2526700PE.NFO,2025-06-30,09:28:00,2025-07-31,187.25,187.25,187.25,187.25,0,2535,0
FINNIFTY31JUL2526700PE.NFO,2025-06-30,09:29:00,2025-07-31,187.25,187.25,187.25,187.25,0,2535,0
FINNIFTY31JUL2526700PE.NFO,2025-06-30,09:30:00,2025-07-31,187.25,190.15,187.25,190.15,195,2470,0
FINNIFTY31JUL2526700PE.NFO,2025-06-30,09:31:00,2025-07-31,190.15,190.15,187.4,187.4,195,2470,0
FINNIFTY31JUL2526700PE.NFO,2025-06-30,09:32:00,2025-07-31,187.4,187.4,187.4,187.4,0,2470,0
FINNIFTY31JUL2526700PE.NFO,2025-06-30,09:33:00,2025-07-31,187.4,187.4,186.75,186.75,195,2860,0
FINNIFTY31JUL2526700PE.NFO,2025-06-30,09:34:00,2025-07-31,186.75,186.75,186.75,186.75,0,2860,0
FINNIFTY31JUL2526700PE.NFO,2025-06-30,09:35:00,2025-07-31,186.75,186.75,186.75,186.75,65,2860,0
FINNIFTY31JUL2526700PE.NFO,2025-06-30,09:36:00,2025-07-31,186.75,188.7,186.75,188.65,195,3185,0
FINNIFTY31JUL2526700PE.NFO,2025-06-30,09:37:00,2025-07-31,188.65,188.65,188.65,188.65,0,3185,0
FINNIFTY31JUL2526700PE.NFO,2025-06-30,09:38:00,2025-07-31,188.65,188.65,188.65,188.65,0,3185,0
FINNIFTY31JUL2526700PE.NFO,2025-06-30,09:39:00,2025-07-31,188.65,188.65,188.65,188.65,0,3185,0
FINNIFTY31JUL2526700PE.NFO,2025-06-30,09:40:00,2025-07-31,188.65,188.65,180.0,180.0,65,3315,0
FINNIFTY31JUL2526700PE.NFO,2025-06-30,09:41:00,2025-07-31,180.0,180.0,180.0,180.0,455,3315,0
FINNIFTY31JUL2526700PE.NFO,2025-06-30,09:42:00,2025-07-31,180.0,183.9,180.0,183.9,65,3380,0
FINNIFTY31JUL2526700PE.NFO,2025-06-30,09:43:00,2025-07-31,183.9,183.9,183.05,183.05,65,3380,0
FINNIFTY31JUL2526700PE.NFO,2025-06-30,09:44:00,2025-07-31,183.05,183.05,183.05,183.05,0,3380,0
FINNIFTY31JUL2526700PE.NFO,2025-06-30,09:45:00,2025-07-31,183.05,183.05,183.05,183.05,0,3380,0
FINNIFTY31JUL2526700PE.NFO,2025-06-30,09:46:00,2025-07-31,183.05,183.05,183.05,183.05,0,3380,0
FINNIFTY31JUL2526700PE.NFO,2025-06-30,09:47:00,2025-07-31,183.05,183.05,183.05,183.05,0,3380,0
FINNIFTY31JUL2526700PE.NFO,2025-06-30,09:48:00,2025-07-31,183.05,183.05,183.05,183.05,0,3380,0
FINNIFTY31JUL2526700PE.NFO,2025-06-30,09:49:00,2025-07-31,183.05,183.05,183.05,183.05,0,3380,0
FINNIFTY31JUL2526700PE.NFO,2025-06-30,09:50:00,2025-07-31,183.05,183.05,183.05,183.05,0,3380,0
FINNIFTY31JUL2526700PE.NFO,2025-06-30,09:51:00,2025-07-31,183.05,186.7,183.05,186.7,65,3380,0
FINNIFTY31JUL2526700PE.NFO,2025-06-30,09:52:00,2025-07-31,186.7,186.7,186.7,186.7,0,3380,0
FINNIFTY31JUL2526700PE.NFO,2025-06-30,09:53:00,2025-07-31,186.7,186.7,186.7,186.7,0,3380,0
FINNIFTY31JUL2526700PE.NFO,2025-06-30,09:54:00,2025-07-31,186.7,186.7,186.7,186.7,0,3380,0
FINNIFTY31JUL2526700PE.NFO,2025-06-30,09:55:00,2025-07-31,186.7,186.7,186.7,186.7,0,3380,0
FINNIFTY31JUL2526700PE.NFO,2025-06-30,09:56:00,2025-07-31,186.7,186.7,186.7,186.7,0,3380,0
FINNIFTY31JUL2526700PE.NFO,2025-06-30,09:57:00,2025-07-31,186.7,186.7,186.7,186.7,0,3380,0
FINNIFTY31JUL2526700PE.NFO,2025-06-30,09:58:00,2025-07-31,186.7,186.7,186.7,186.7,0,3380,0
FINNIFTY31JUL2526700PE.NFO,2025-06-30,09:59:00,2025-07-31,186.7,186.7,186.7,186.7,0,3380,0
FINNIFTY31JUL2526700PE.NFO,2025-06-30,10:00:00,2025-07-31,186.7,186.7,186.7,186.7,0,3380,0
FINNIFTY31JUL2526700PE.NFO,2025-06-30,10:01:00,2025-07-31,186.7,186.7,186.7,186.7,0,3380,0
FINNIFTY31JUL2526700PE.NFO,2025-06-30,10:02:00,2025-07-31,186.7,186.7,186.7,186.7,0,3380,0
FINNIFTY31JUL2526700PE.NFO,2025-06-30,10:03:00,2025-07-31,186.7,186.7,186.7,186.7,0,3380,0
FINNIFTY31JUL2526700PE.NFO,2025-06-30,10:04:00,2025-07-31,186.7,186.7,186.7,186.7,0,3380,0
FINNIFTY31JUL2526700PE.NFO,2025-06-30,10:05:00,2025-07-31,186.7,186.7,186.7,186.7,0,3380,0
FINNIFTY31JUL2526700PE.NFO,2025-06-30,10:06:00,2025-07-31,186.7,186.7,186.7,186.7,0,3380,0
FINNIFTY31JUL2526700PE.NFO,2025-06-30,10:07:00,2025-07-31,186.7,186.7,186.7,186.7,0,3380,0
FINNIFTY31JUL2526700PE.NFO,2025-06-30,10:08:00,2025-07-31,186.7,186.7,186.7,186.7,0,3380,0
FINNIFTY31JUL2526700PE.NFO,2025-06-30,10:09:00,2025-07-31,186.7,186.7,186.7,186.7,0,3380,0
FINNIFTY31JUL2526700PE.NFO,2025-06-30,10:10:00,2025-07-31,186.7,186.7,186.7,186.7,0,3380,0
FINNIFTY31JUL2526700PE.NFO,2025-06-30,10:11:00,2025-07-31,186.7,186.7,186.7,186.7,0,3380,0
FINNIFTY31JUL2526700PE.NFO,2025-06-30,10:12:00,2025-07-31,186.7,186.7,186.7,186.7,0,3380,0
FINNIFTY31JUL2526700PE.NFO,2025-06-30,10:13:00,2025-07-31,186.7,186.7,186.7,186.7,0,3380,0
FINNIFTY31JUL2526700PE.NFO,2025-06-30,10:14:00,2025-07-31,186.7,186.7,186.7,186.7,0,3380,0
FINNIFTY31JUL2526700PE.NFO,2025-06-30,10:15:00,2025-07-31,186.7,186.7,186.7,186.7,0,3380,0
FINNIFTY31JUL2526700PE.NFO,2025-06-30,10:16:00,2025-07-31,186.7,186.7,186.7,186.7,0,3380,0
FINNIFTY31JUL2526700PE.NFO,2025-06-30,10:17:00,2025-07-31,186.7,186.7,186.7,186.7,0,3380,0
FINNIFTY31JUL2526700PE.NFO,2025-06-30,10:18:00,2025-07-31,186.7,188.95,186.7,188.95,130,3380,0
FINNIFTY31JUL2526700PE.NFO,2025-06-30,10:19:00,2025-07-31,188.95,188.95,188.95,188.95,0,3380,0
FINNIFTY31JUL2526700PE.NFO,2025-06-30,10:20:00,2025-07-31,188.95,188.95,178.75,178.75,65,3380,0
FINNIFTY31JUL2526700PE.NFO,2025-06-30,10:21:00,2025-07-31,178.75,178.75,178.75,178.75,0,3380,0
FINNIFTY31JUL2526700PE.NFO,2025-06-30,10:22:00,2025-07-31,178.75,178.75,178.75,178.75,0,3380,0
FINNIFTY31JUL2526700PE.NFO,2025-06-30,10:23:00,2025-07-31,178.75,183.25,178.75,183.25,130,3445,0
FINNIFTY31JUL2526700PE.NFO,2025-06-30,10:24:00,2025-07-31,183.25,183.25,183.25,183.25,0,3445,0
FINNIFTY31JUL2526700PE.NFO,2025-06-30,10:25:00,2025-07-31,183.25,183.25,183.25,183.25,0,3445,0
FINNIFTY31JUL2526700PE.NFO,2025-06-30,10:26:00,2025-07-31,183.25,183.25,183.25,183.25,0,3445,0
FINNIFTY31JUL2526700PE.NFO,2025-06-30,10:27:00,2025-07-31,183.25,183.25,183.25,183.25,0,3445,0
FINNIFTY31JUL2526700PE.NFO,2025-06-30,10:28:00,2025-07-31,183.25,186.0,183.25,186.0,65,3445,0
FINNIFTY31JUL2526700PE.NFO,2025-06-30,10:29:00,2025-07-31,186.0,186.0,186.0,186.0,0,3445,0
FINNIFTY31JUL2526700PE.NFO,2025-06-30,10:30:00,2025-07-31,186.0,186.0,186.0,186.0,0,3445,0
FINNIFTY31JUL2526700PE.NFO,2025-06-30,10:31:00,2025-07-31,186.0,186.0,186.0,186.0,0,3445,0
FINNIFTY31JUL2526700PE.NFO,2025-06-30,10:32:00,2025-07-31,186.0,186.0,186.0,186.0,0,3445,0
FINNIFTY31JUL2526700PE.NFO,2025-06-30,10:33:00,2025-07-31,186.0,186.0,186.0,186.0,0,3445,0
FINNIFTY31JUL2526700PE.NFO,2025-06-30,10:34:00,2025-07-31,186.0,186.0,186.0,186.0,0,3445,0
FINNIFTY31JUL2526700PE.NFO,2025-06-30,10:35:00,2025-07-31,186.0,186.0,186.0,186.0,0,3445,0
FINNIFTY31JUL2526700PE.NFO,2025-06-30,10:36:00,2025-07-31,186.0,186.0,186.0,186.0,0,3445,0
FINNIFTY31JUL2526700PE.NFO,2025-06-30,10:37:00,2025-07-31,186.0,186.0,186.0,186.0,0,3445,0
FINNIFTY31JUL2526700PE.NFO,2025-06-30,10:38:00,2025-07-31,186.0,186.0,186.0,186.0,0,3445,0
FINNIFTY31JUL2526700PE.NFO,2025-06-30,10:39:00,2025-07-31,186.0,186.0,186.0,186.0,0,3445,0
FINNIFTY31JUL2526700PE.NFO,2025-06-30,10:40:00,2025-07-31,186.0,186.0,186.0,186.0,0,3445,0
FINNIFTY31JUL2526700PE.NFO,2025-06-30,10:41:00,2025-07-31,186.0,186.0,186.0,186.0,0,3445,0
FINNIFTY31JUL2526700PE.NFO,2025-06-30,10:42:00,2025-07-31,186.0,186.0,186.0,186.0,0,3445,0
FINNIFTY31JUL2526700PE.NFO,2025-06-30,10:43:00,2025-07-31,186.0,186.0,186.0,186.0,0,3445,0
FINNIFTY31JUL2526700PE.NFO,2025-06-30,10:44:00,2025-07-31,186.0,186.0,186.0,186.0,0,3445,0
FINNIFTY31JUL2526700PE.NFO,2025-06-30,10:45:00,2025-07-31,186.0,186.0,186.0,186.0,0,3445,0
FINNIFTY31JUL2526700PE.NFO,2025-06-30,10:46:00,2025-07-31,186.0,186.0,186.0,186.0,0,3445,0
FINNIFTY31JUL2526700PE.NFO,2025-06-30,10:47:00,2025-07-31,186.0,186.0,186.0,186.0,0,3445,0
FINNIFTY31JUL2526700PE.NFO,2025-06-30,10:48:00,2025-07-31,186.0,186.0,186.0,186.0,0,3445,0
FINNIFTY31JUL2526700PE.NFO,2025-06-30,10:49:00,2025-07-31,186.0,186.0,186.0,186.0,0,3445,0
FINNIFTY31JUL2526700PE.NFO,2025-06-30,10:50:00,2025-07-31,186.0,186.0,186.0,186.0,0,3445,0
FINNIFTY31JUL2526700PE.NFO,2025-06-30,10:51:00,2025-07-31,186.0,186.0,186.0,186.0,0,3445,0
FINNIFTY31JUL2526700PE.NFO,2025-06-30,10:52:00,2025-07-31,186.0,186.0,186.0,186.0,0,3445,0
FINNIFTY31JUL2526700PE.NFO,2025-06-30,10:53:00,2025-07-31,186.0,186.0,186.0,186.0,0,3445,0
FINNIFTY31JUL2526700PE.NFO,2025-06-30,10:54:00,2025-07-31,186.0,186.0,186.0,186.0,0,3445,0
FINNIFTY31JUL2526700PE.NFO,2025-06-30,10:55:00,2025-07-31,186.0,186.0,186.0,186.0,0,3445,0
FINNIFTY31JUL2526700PE.NFO,2025-06-30,10:56:00,2025-07-31,186.0,186.0,186.0,186.0,0,3445,0
FINNIFTY31JUL2526700PE.NFO,2025-06-30,10:57:00,2025-07-31,186.0,186.0,186.0,186.0,0,3445,0
FINNIFTY31JUL2526700PE.NFO,2025-06-30,10:58:00,2025-07-31,186.0,186.0,186.0,186.0,65,3380,0
FINNIFTY31JUL2526700PE.NFO,2025-06-30,10:59:00,2025-07-31,186.0,186.0,186.0,186.0,0,3380,0
FINNIFTY31JUL2526700PE.NFO,2025-06-30,11:00:00,2025-07-31,186.0,186.0,186.0,186.0,0,3380,0
FINNIFTY31JUL2526700PE.NFO,2025-06-30,11:01:00,2025-07-31,186.0,186.0,186.0,186.0,0,3380,0
FINNIFTY31JUL2526700PE.NFO,2025-06-30,11:02:00,2025-07-31,186.0,186.0,186.0,186.0,0,3380,0
FINNIFTY31JUL2526700PE.NFO,2025-06-30,11:03:00,2025-07-31,186.0,186.0,186.0,186.0,0,3380,0
FINNIFTY31JUL2526700PE.NFO,2025-06-30,11:04:00,2025-07-31,186.0,186.0,186.0,186.0,0,3380,0
FINNIFTY31JUL2526700PE.NFO,2025-06-30,11:05:00,2025-07-31,186.0,186.0,186.0,186.0,0,3380,0
FINNIFTY31JUL2526700PE.NFO,2025-06-30,11:06:00,2025-07-31,186.0,186.0,186.0,186.0,0,3380,0
FINNIFTY31JUL2526700PE.NFO,2025-06-30,11:07:00,2025-07-31,186.0,186.0,186.0,186.0,0,3380,0
FINNIFTY31JUL2526700PE.NFO,2025-06-30,11:08:00,2025-07-31,186.0,186.0,186.0,186.0,0,3380,0
FINNIFTY31JUL2526700PE.NFO,2025-06-30,11:09:00,2025-07-31,186.0,186.0,186.0,186.0,0,3380,0
FINNIFTY31JUL2526700PE.NFO,2025-06-30,11:10:00,2025-07-31,186.0,186.0,186.0,186.0,0,3380,0
FINNIFTY31JUL2526700PE.NFO,2025-06-30,11:11:00,2025-07-31,186.0,186.0,186.0,186.0,0,3380,0
FINNIFTY31JUL2526700PE.NFO,2025-06-30,11:12:00,2025-07-31,186.0,186.0,186.0,186.0,0,3380,0
FINNIFTY31JUL2526700PE.NFO,2025-06-30,11:13:00,2025-07-31,186.0,186.0,186.0,186.0,0,3380,0
FINNIFTY31JUL2526700PE.NFO,2025-06-30,11:14:00,2025-07-31,186.0,186.0,186.0,186.0,0,3380,0
FINNIFTY31JUL2526700PE.NFO,2025-06-30,11:15:00,2025-07-31,186.0,186.0,186.0,186.0,0,3380,0
FINNIFTY31JUL2526700PE.NFO,2025-06-30,11:16:00,2025-07-31,186.0,186.0,186.0,186.0,0,3380,0
FINNIFTY31JUL2526700PE.NFO,2025-06-30,11:17:00,2025-07-31,186.0,186.0,186.0,186.0,0,3380,0
FINNIFTY31JUL2526700PE.NFO,2025-06-30,11:18:00,2025-07-31,186.0,186.0,186.0,186.0,0,3380,0
FINNIFTY31JUL2526700PE.NFO,2025-06-30,11:19:00,2025-07-31,186.0,186.0,186.0,186.0,0,3380,0
FINNIFTY31JUL2526700PE.NFO,2025-06-30,11:20:00,2025-07-31,186.0,186.0,186.0,186.0,0,3380,0
FINNIFTY31JUL2526700PE.NFO,2025-06-30,11:21:00,2025-07-31,186.0,186.0,186.0,186.0,0,3380,0
FINNIFTY31JUL2526700PE.NFO,2025-06-30,11:22:00,2025-07-31,186.0,186.0,186.0,186.0,0,3380,0
FINNIFTY31JUL2526700PE.NFO,2025-06-30,11:23:00,2025-07-31,186.0,186.0,182.4,182.4,65,3380,0
FINNIFTY31JUL2526700PE.NFO,2025-06-30,11:24:00,2025-07-31,182.4,182.4,182.4,182.4,0,3380,0
FINNIFTY31JUL2526700PE.NFO,2025-06-30,11:25:00,2025-07-31,182.4,182.4,182.4,182.4,0,3380,0
FINNIFTY31JUL2526700PE.NFO,2025-06-30,11:26:00,2025-07-31,182.4,182.4,182.4,182.4,0,3380,0
FINNIFTY31JUL2526700PE.NFO,2025-06-30,11:27:00,2025-07-31,182.4,182.4,182.4,182.4,0,3380,0
FINNIFTY31JUL2526700PE.NFO,2025-06-30,11:28:00,2025-07-31,182.4,182.4,182.4,182.4,0,3380,0
FINNIFTY31JUL2526700PE.NFO,2025-06-30,11:29:00,2025-07-31,182.4,182.4,182.4,182.4,0,3380,0
FINNIFTY31JUL2526700PE.NFO,2025-06-30,11:30:00,2025-07-31,182.4,182.4,182.4,182.4,0,3380,0
FINNIFTY31JUL2526700PE.NFO,2025-06-30,11:31:00,2025-07-31,182.4,182.4,182.4,182.4,0,3380,0
FINNIFTY31JUL2526700PE.NFO,2025-06-30,11:32:00,2025-07-31,182.4,182.4,182.4,182.4,0,3380,0
FINNIFTY31JUL2526700PE.NFO,2025-06-30,11:33:00,2025-07-31,182.4,182.4,182.4,182.4,0,3380,0
FINNIFTY31JUL2526700PE.NFO,2025-06-30,11:34:00,2025-07-31,182.4,182.4,182.4,182.4,0,3380,0
FINNIFTY31JUL2526700PE.NFO,2025-06-30,11:35:00,2025-07-31,182.4,182.4,182.4,182.4,0,3380,0
FINNIFTY31JUL2526700PE.NFO,2025-06-30,11:36:00,2025-07-31,182.4,182.4,182.4,182.4,0,3380,0
FINNIFTY31JUL2526700PE.NFO,2025-06-30,11:37:00,2025-07-31,182.4,187.6,182.4,187.6,130,3380,0
FINNIFTY31JUL2526700PE.NFO,2025-06-30,11:38:00,2025-07-31,187.6,187.6,187.6,187.6,0,3380,0
FINNIFTY31JUL2526700PE.NFO,2025-06-30,11:39:00,2025-07-31,187.6,187.6,187.6,187.6,0,3380,0
FINNIFTY31JUL2526700PE.NFO,2025-06-30,11:40:00,2025-07-31,187.6,187.6,187.6,187.6,0,3380,0
FINNIFTY31JUL2526700PE.NFO,2025-06-30,11:41:00,2025-07-31,187.6,187.6,187.6,187.6,0,3380,0
FINNIFTY31JUL2526700PE.NFO,2025-06-30,11:42:00,2025-07-31,187.6,187.6,187.6,187.6,0,3380,0
FINNIFTY31JUL2526700PE.NFO,2025-06-30,11:43:00,2025-07-31,187.6,187.6,187.6,187.6,0,3380,0
FINNIFTY31JUL2526700PE.NFO,2025-06-30,11:44:00,2025-07-31,187.6,187.6,187.6,187.6,0,3380,0
FINNIFTY31JUL2526700PE.NFO,2025-06-30,11:45:00,2025-07-31,187.6,187.6,187.6,187.6,0,3380,0
FINNIFTY31JUL2526700PE.NFO,2025-06-30,11:46:00,2025-07-31,187.6,187.6,187.6,187.6,0,3380,0
FINNIFTY31JUL2526700PE.NFO,2025-06-30,11:47:00,2025-07-31,187.6,187.6,187.6,187.6,0,3380,0
FINNIFTY31JUL2526700PE.NFO,2025-06-30,11:48:00,2025-07-31,187.6,187.6,187.6,187.6,0,3380,0
FINNIFTY31JUL2526700PE.NFO,2025-06-30,11:49:00,2025-07-31,187.6,187.6,187.6,187.6,0,3380,0
FINNIFTY31JUL2526700PE.NFO,2025-06-30,11:50:00,2025-07-31,187.6,187.6,187.6,187.6,0,3380,0
FINNIFTY31JUL2526700PE.NFO,2025-06-30,11:51:00,2025-07-31,187.6,187.6,187.6,187.6,0,3380,0
FINNIFTY31JUL2526700PE.NFO,2025-06-30,11:52:00,2025-07-31,187.6,187.6,180.1,180.1,130,3380,0
FINNIFTY31JUL2526700PE.NFO,2025-06-30,11:53:00,2025-07-31,180.1,180.1,180.1,180.1,0,3380,0
FINNIFTY31JUL2526700PE.NFO,2025-06-30,11:54:00,2025-07-31,180.1,180.1,180.1,180.1,0,3380,0
FINNIFTY31JUL2526700PE.NFO,2025-06-30,11:55:00,2025-07-31,180.1,180.1,180.05,180.05,65,3250,0
FINNIFTY31JUL2526700PE.NFO,2025-06-30,11:56:00,2025-07-31,180.05,180.05,180.05,180.05,0,3250,0
FINNIFTY31JUL2526700PE.NFO,2025-06-30,11:57:00,2025-07-31,180.05,180.05,180.05,180.05,0,3250,0
FINNIFTY31JUL2526700PE.NFO,2025-06-30,11:58:00,2025-07-31,180.05,180.05,180.05,180.05,0,3250,0
FINNIFTY31JUL2526700PE.NFO,2025-06-30,11:59:00,2025-07-31,180.05,180.05,180.05,180.05,0,3250,0
FINNIFTY31JUL2526700PE.NFO,2025-06-30,12:00:00,2025-07-31,180.05,180.05,180.05,180.05,0,3250,0
FINNIFTY31JUL2526700PE.NFO,2025-06-30,12:01:00,2025-07-31,179.85,182.45,179.85,182.45,130,3250,0
FINNIFTY31JUL2526700PE.NFO,2025-06-30,12:02:00,2025-07-31,182.45,182.45,182.45,182.45,0,3250,0
FINNIFTY31JUL2526700PE.NFO,2025-06-30,12:03:00,2025-07-31,182.45,182.45,176.85,176.85,130,3250,0
FINNIFTY31JUL2526700PE.NFO,2025-06-30,12:04:00,2025-07-31,176.85,176.85,176.85,176.85,0,3250,0
FINNIFTY31JUL2526700PE.NFO,2025-06-30,12:05:00,2025-07-31,176.85,176.85,176.85,176.85,0,3250,0
FINNIFTY31JUL2526700PE.NFO,2025-06-30,12:06:00,2025-07-31,176.85,176.85,176.85,176.85,0,3250,0
FINNIFTY31JUL2526700PE.NFO,2025-06-30,12:07:00,2025-07-31,176.85,176.85,176.85,176.85,0,3250,0
FINNIFTY31JUL2526700PE.NFO,2025-06-30,12:08:00,2025-07-31,176.85,176.85,176.85,176.85,0,3250,0
FINNIFTY31JUL2526700PE.NFO,2025-06-30,12:09:00,2025-07-31,176.85,176.85,176.85,176.85,0,3250,0
FINNIFTY31JUL2526700PE.NFO,2025-06-30,12:10:00,2025-07-31,176.85,176.85,176.85,176.85,0,3250,0
FINNIFTY31JUL2526700PE.NFO,2025-06-30,12:11:00,2025-07-31,176.85,176.85,176.85,176.85,0,3250,0
FINNIFTY31JUL2526700PE.NFO,2025-06-30,12:12:00,2025-07-31,176.85,176.85,176.85,176.85,0,3250,0
FINNIFTY31JUL2526700PE.NFO,2025-06-30,12:13:00,2025-07-31,176.85,176.85,176.85,176.85,0,3250,0
FINNIFTY31JUL2526700PE.NFO,2025-06-30,12:14:00,2025-07-31,176.85,176.85,176.85,176.85,0,3250,0
FINNIFTY31JUL2526700PE.NFO,2025-06-30,12:15:00,2025-07-31,176.85,176.85,176.85,176.85,0,3250,0
FINNIFTY31JUL2526700PE.NFO,2025-06-30,12:16:00,2025-07-31,176.85,176.85,176.85,176.85,0,3250,0
FINNIFTY31JUL2526700PE.NFO,2025-06-30,12:17:00,2025-07-31,176.85,176.85,176.85,176.85,0,3250,0
FINNIFTY31JUL2526700PE.NFO,2025-06-30,12:18:00,2025-07-31,176.85,176.85,176.85,176.85,0,3250,0
FINNIFTY31JUL2526700PE.NFO,2025-06-30,12:19:00,2025-07-31,176.85,176.85,176.85,176.85,0,3250,0
FINNIFTY31JUL2526700PE.NFO,2025-06-30,12:20:00,2025-07-31,176.85,176.85,176.85,176.85,0,3250,0
FINNIFTY31JUL2526700PE.NFO,2025-06-30,12:21:00,2025-07-31,176.85,176.85,176.85,176.85,0,3250,0
FINNIFTY31JUL2526700PE.NFO,2025-06-30,12:22:00,2025-07-31,176.85,176.85,176.85,176.85,0,3250,0
FINNIFTY31JUL2526700PE.NFO,2025-06-30,12:23:00,2025-07-31,176.85,176.85,176.85,176.85,0,3250,0
FINNIFTY31JUL2526700PE.NFO,2025-06-30,12:24:00,2025-07-31,176.85,176.85,176.85,176.85,0,3250,0
FINNIFTY31JUL2526700PE.NFO,2025-06-30,12:25:00,2025-07-31,176.85,176.85,176.85,176.85,0,3250,0
FINNIFTY31JUL2526700PE.NFO,2025-06-30,12:26:00,2025-07-31,176.85,176.85,176.85,176.85,0,3250,0
FINNIFTY31JUL2526700PE.NFO,2025-06-30,12:27:00,2025-07-31,176.85,176.85,176.85,176.85,0,3250,0
FINNIFTY31JUL2526700PE.NFO,2025-06-30,12:28:00,2025-07-31,176.85,176.85,176.85,176.85,0,3250,0
FINNIFTY31JUL2526700PE.NFO,2025-06-30,12:29:00,2025-07-31,176.85,176.85,176.85,176.85,0,3250,0
FINNIFTY31JUL2526700PE.NFO,2025-06-30,12:30:00,2025-07-31,176.85,176.85,176.85,176.85,0,3250,0
FINNIFTY31JUL2526700PE.NFO,2025-06-30,12:31:00,2025-07-31,176.85,176.85,176.85,176.85,0,3250,0
FINNIFTY31JUL2526700PE.NFO,2025-06-30,12:32:00,2025-07-31,176.85,176.85,176.85,176.85,0,3250,0
FINNIFTY31JUL2526700PE.NFO,2025-06-30,12:33:00,2025-07-31,176.85,176.85,176.85,176.85,0,3250,0
FINNIFTY31JUL2526700PE.NFO,2025-06-30,12:34:00,2025-07-31,176.85,176.85,176.85,176.85,0,3250,0
FINNIFTY31JUL2526700PE.NFO,2025-06-30,12:35:00,2025-07-31,176.85,176.85,176.85,176.85,0,3250,0
FINNIFTY31JUL2526700PE.NFO,2025-06-30,12:36:00,2025-07-31,176.85,176.85,176.85,176.85,65,3250,0
FINNIFTY31JUL2526700PE.NFO,2025-06-30,12:37:00,2025-07-31,176.85,176.85,176.85,176.85,0,3250,0
FINNIFTY31JUL2526700PE.NFO,2025-06-30,12:38:00,2025-07-31,176.85,176.85,176.85,176.85,0,3250,0
FINNIFTY31JUL2526700PE.NFO,2025-06-30,12:39:00,2025-07-31,176.85,176.85,176.85,176.85,0,3250,0
FINNIFTY31JUL2526700PE.NFO,2025-06-30,12:40:00,2025-07-31,176.85,176.85,176.85,176.85,0,3250,0
FINNIFTY31JUL2526700PE.NFO,2025-06-30,12:41:00,2025-07-31,176.85,176.85,176.85,176.85,0,3250,0
FINNIFTY31JUL2526700PE.NFO,2025-06-30,12:42:00,2025-07-31,176.85,176.85,176.85,176.85,0,3250,0
FINNIFTY31JUL2526700PE.NFO,2025-06-30,12:43:00,2025-07-31,176.85,176.85,176.85,176.85,0,3250,0
FINNIFTY31JUL2526700PE.NFO,2025-06-30,12:44:00,2025-07-31,176.85,180.85,176.85,180.85,65,3250,0
FINNIFTY31JUL2526700PE.NFO,2025-06-30,12:45:00,2025-07-31,180.85,180.85,180.85,180.85,0,3250,0
FINNIFTY31JUL2526700PE.NFO,2025-06-30,12:46:00,2025-07-31,180.85,180.85,180.85,180.85,0,3250,0
FINNIFTY31JUL2526700PE.NFO,2025-06-30,12:47:00,2025-07-31,180.85,180.85,178.65,178.65,65,3250,0
FINNIFTY31JUL2526700PE.NFO,2025-06-30,12:48:00,2025-07-31,178.65,178.65,176.6,176.6,65,3250,0
FINNIFTY31JUL2526700PE.NFO,2025-06-30,12:49:00,2025-07-31,176.6,176.6,176.6,176.6,0,3250,0
FINNIFTY31JUL2526700PE.NFO,2025-06-30,12:50:00,2025-07-31,176.6,176.6,176.6,176.6,0,3250,0
FINNIFTY31JUL2526700PE.NFO,2025-06-30,12:51:00,2025-07-31,176.6,176.6,176.6,176.6,0,3250,0
FINNIFTY31JUL2526700PE.NFO,2025-06-30,12:52:00,2025-07-31,176.6,176.6,176.6,176.6,0,3250,0
FINNIFTY31JUL2526700PE.NFO,2025-06-30,12:53:00,2025-07-31,176.6,176.6,176.6,176.6,0,3250,0
FINNIFTY31JUL2526700PE.NFO,2025-06-30,12:54:00,2025-07-31,176.6,176.6,176.6,176.6,0,3250,0
FINNIFTY31JUL2526700PE.NFO,2025-06-30,12:55:00,2025-07-31,176.6,176.6,176.6,176.6,0,3250,0
FINNIFTY31JUL2526700PE.NFO,2025-06-30,12:56:00,2025-07-31,176.6,176.6,176.6,176.6,0,3250,0
FINNIFTY31JUL2526700PE.NFO,2025-06-30,12:57:00,2025-07-31,176.6,176.6,176.6,176.6,0,3250,0
FINNIFTY31JUL2526700PE.NFO,2025-06-30,12:58:00,2025-07-31,176.6,176.6,176.6,176.6,0,3250,0
FINNIFTY31JUL2526700PE.NFO,2025-06-30,12:59:00,2025-07-31,176.6,176.6,176.6,176.6,0,3250,0
FINNIFTY31JUL2526700PE.NFO,2025-06-30,13:00:00,2025-07-31,176.6,176.6,176.6,176.6,0,3250,0
FINNIFTY31JUL2526700PE.NFO,2025-06-30,13:01:00,2025-07-31,176.6,190.4,176.6,190.4,65,3315,0
FINNIFTY31JUL2526700PE.NFO,2025-06-30,13:02:00,2025-07-31,190.4,190.4,187.8,187.8,195,3315,0
FINNIFTY31JUL2526700PE.NFO,2025-06-30,13:03:00,2025-07-31,187.8,187.8,187.8,187.8,0,3315,0
FINNIFTY31JUL2526700PE.NFO,2025-06-30,13:04:00,2025-07-31,187.8,187.8,187.35,187.35,260,3510,0
FINNIFTY31JUL2526700PE.NFO,2025-06-30,13:05:00,2025-07-31,187.35,187.35,187.35,187.35,0,3510,0
FINNIFTY31JUL2526700PE.NFO,2025-06-30,13:06:00,2025-07-31,187.35,187.35,187.35,187.35,0,3510,0
FINNIFTY31JUL2526700PE.NFO,2025-06-30,13:07:00,2025-07-31,187.35,187.35,187.35,187.35,0,3510,0
FINNIFTY31JUL2526700PE.NFO,2025-06-30,13:08:00,2025-07-31,187.35,187.35,187.35,187.35,0,3510,0
FINNIFTY31JUL2526700PE.NFO,2025-06-30,13:09:00,2025-07-31,187.35,187.35,187.35,187.35,0,3510,0
FINNIFTY31JUL2526700PE.NFO,2025-06-30,13:10:00,2025-07-31,187.35,187.35,187.35,187.35,0,3510,0
FINNIFTY31JUL2526700PE.NFO,2025-06-30,13:11:00,2025-07-31,187.35,187.35,187.35,187.35,0,3510,0
FINNIFTY31JUL2526700PE.NFO,2025-06-30,13:12:00,2025-07-31,187.35,187.35,187.35,187.35,0,3510,0
FINNIFTY31JUL2526700PE.NFO,2025-06-30,13:13:00,2025-07-31,187.35,187.35,187.35,187.35,0,3510,0
FINNIFTY31JUL2526700PE.NFO,2025-06-30,13:14:00,2025-07-31,187.35,187.35,187.35,187.35,65,3770,0
FINNIFTY31JUL2526700PE.NFO,2025-06-30,13:15:00,2025-07-31,187.35,187.35,187.35,187.35,0,3770,0
FINNIFTY31JUL2526700PE.NFO,2025-06-30,13:16:00,2025-07-31,187.35,187.35,187.35,187.35,0,3770,0
FINNIFTY31JUL2526700PE.NFO,2025-06-30,13:17:00,2025-07-31,187.35,192.0,187.35,192.0,65,3835,0
FINNIFTY31JUL2526700PE.NFO,2025-06-30,13:18:00,2025-07-31,192.0,192.0,192.0,192.0,0,3835,0
FINNIFTY31JUL2526700PE.NFO,2025-06-30,13:19:00,2025-07-31,192.0,192.0,188.55,188.55,65,3770,0
FINNIFTY31JUL2526700PE.NFO,2025-06-30,13:20:00,2025-07-31,188.55,188.55,188.55,188.55,0,3770,0
FINNIFTY31JUL2526700PE.NFO,2025-06-30,13:21:00,2025-07-31,188.55,188.55,188.55,188.55,0,3770,0
FINNIFTY31JUL2526700PE.NFO,2025-06-30,13:22:00,2025-07-31,188.55,188.55,188.55,188.55,0,3770,0
FINNIFTY31JUL2526700PE.NFO,2025-06-30,13:23:00,2025-07-31,188.55,188.55,188.55,188.55,0,3770,0
FINNIFTY31JUL2526700PE.NFO,2025-06-30,13:24:00,2025-07-31,188.55,188.55,188.55,188.55,0,3770,0
FINNIFTY31JUL2526700PE.NFO,2025-06-30,13:25:00,2025-07-31,188.55,188.55,188.55,188.55,0,3770,0
FINNIFTY31JUL2526700PE.NFO,2025-06-30,13:26:00,2025-07-31,188.55,188.55,188.55,188.55,0,3770,0
FINNIFTY31JUL2526700PE.NFO,2025-06-30,13:27:00,2025-07-31,188.55,188.55,188.55,188.55,0,3770,0
FINNIFTY31JUL2526700PE.NFO,2025-06-30,13:28:00,2025-07-31,188.55,188.55,188.55,188.55,0,3770,0
FINNIFTY31JUL2526700PE.NFO,2025-06-30,13:29:00,2025-07-31,188.55,190.6,188.55,190.6,0,3835,0
FINNIFTY31JUL2526700PE.NFO,2025-06-30,13:30:00,2025-07-31,190.6,190.6,190.6,190.6,65,3835,0
FINNIFTY31JUL2526700PE.NFO,2025-06-30,13:31:00,2025-07-31,190.6,190.6,190.6,190.6,0,3835,0
FINNIFTY31JUL2526700PE.NFO,2025-06-30,13:32:00,2025-07-31,190.6,190.6,190.6,190.6,0,3835,0
FINNIFTY31JUL2526700PE.NFO,2025-06-30,13:33:00,2025-07-31,190.6,190.6,190.6,190.6,0,3835,0
FINNIFTY31JUL2526700PE.NFO,2025-06-30,13:34:00,2025-07-31,190.6,190.6,190.6,190.6,0,3835,0
FINNIFTY31JUL2526700PE.NFO,2025-06-30,13:35:00,2025-07-31,190.6,190.6,190.6,190.6,0,3835,0
FINNIFTY31JUL2526700PE.NFO,2025-06-30,13:36:00,2025-07-31,190.6,190.6,190.6,190.6,0,3835,0
FINNIFTY31JUL2526700PE.NFO,2025-06-30,13:37:00,2025-07-31,190.6,190.6,190.6,190.6,0,3835,0
FINNIFTY31JUL2526700PE.NFO,2025-06-30,13:38:00,2025-07-31,190.6,190.6,190.6,190.6,0,3835,0
FINNIFTY31JUL2526700PE.NFO,2025-06-30,13:39:00,2025-07-31,190.6,190.6,190.6,190.6,0,3835,0
FINNIFTY31JUL2526700PE.NFO,2025-06-30,13:40:00,2025-07-31,190.6,190.6,190.6,190.6,0,3835,0
FINNIFTY31JUL2526700PE.NFO,2025-06-30,13:41:00,2025-07-31,190.6,190.6,190.6,190.6,0,3835,0
FINNIFTY31JUL2526700PE.NFO,2025-06-30,13:42:00,2025-07-31,190.6,190.6,190.6,190.6,0,3835,0
FINNIFTY31JUL2526700PE.NFO,2025-06-30,13:43:00,2025-07-31,190.6,190.6,190.6,190.6,0,3835,0
FINNIFTY31JUL2526700PE.NFO,2025-06-30,13:44:00,2025-07-31,190.6,190.6,190.6,190.6,0,3835,0
FINNIFTY31JUL2526700PE.NFO,2025-06-30,13:45:00,2025-07-31,190.6,190.6,190.6,190.6,0,3835,0
FINNIFTY31JUL2526700PE.NFO,2025-06-30,13:46:00,2025-07-31,190.6,190.6,190.6,190.6,0,3835,0
FINNIFTY31JUL2526700PE.NFO,2025-06-30,13:47:00,2025-07-31,190.6,190.6,190.6,190.6,0,3835,0
FINNIFTY31JUL2526700PE.NFO,2025-06-30,13:48:00,2025-07-31,190.6,190.6,190.6,190.6,0,3835,0
FINNIFTY31JUL2526700PE.NFO,2025-06-30,13:49:00,2025-07-31,190.6,190.6,190.6,190.6,0,3835,0
FINNIFTY31JUL2526700PE.NFO,2025-06-30,13:50:00,2025-07-31,190.6,204.0,190.6,204.0,65,3835,0
FINNIFTY31JUL2526700PE.NFO,2025-06-30,13:51:00,2025-07-31,202.75,202.75,202.5,202.5,130,3835,0
FINNIFTY31JUL2526700PE.NFO,2025-06-30,13:52:00,2025-07-31,202.5,202.5,202.5,202.5,0,3835,0
FINNIFTY31JUL2526700PE.NFO,2025-06-30,13:53:00,2025-07-31,202.5,202.5,202.5,202.5,0,3835,0
FINNIFTY31JUL2526700PE.NFO,2025-06-30,13:54:00,2025-07-31,202.5,204.45,201.9,201.9,130,3965,0
FINNIFTY31JUL2526700PE.NFO,2025-06-30,13:55:00,2025-07-31,201.9,201.9,199.6,199.6,65,4030,0
FINNIFTY31JUL2526700PE.NFO,2025-06-30,13:56:00,2025-07-31,199.6,199.6,199.6,199.6,0,4030,0
FINNIFTY31JUL2526700PE.NFO,2025-06-30,13:57:00,2025-07-31,199.6,199.6,199.6,199.6,0,4030,0
FINNIFTY31JUL2526700PE.NFO,2025-06-30,13:58:00,2025-07-31,199.6,199.6,199.6,199.6,0,4030,0
FINNIFTY31JUL2526700PE.NFO,2025-06-30,13:59:00,2025-07-31,199.6,199.6,199.6,199.6,0,4030,0
FINNIFTY31JUL2526700PE.NFO,2025-06-30,14:00:00,2025-07-31,199.6,199.6,199.6,199.6,0,4030,0
FINNIFTY31JUL2526700PE.NFO,2025-06-30,14:01:00,2025-07-31,199.6,199.6,199.6,199.6,0,4030,0
FINNIFTY31JUL2526700PE.NFO,2025-06-30,14:02:00,2025-07-31,199.6,199.6,199.6,199.6,0,4030,0
FINNIFTY31JUL2526700PE.NFO,2025-06-30,14:03:00,2025-07-31,199.6,202.95,199.6,202.95,65,4030,0
FINNIFTY31JUL2526700PE.NFO,2025-06-30,14:04:00,2025-07-31,202.95,202.95,202.95,202.95,0,4030,0
FINNIFTY31JUL2526700PE.NFO,2025-06-30,14:05:00,2025-07-31,202.95,202.95,202.95,202.95,0,4030,0
FINNIFTY31JUL2526700PE.NFO,2025-06-30,14:06:00,2025-07-31,202.95,202.95,202.95,202.95,0,4030,0
FINNIFTY31JUL2526700PE.NFO,2025-06-30,14:07:00,2025-07-31,202.95,202.95,202.95,202.95,0,4030,0
FINNIFTY31JUL2526700PE.NFO,2025-06-30,14:08:00,2025-07-31,202.95,202.95,202.95,202.95,0,4030,0
FINNIFTY31JUL2526700PE.NFO,2025-06-30,14:09:00,2025-07-31,202.95,202.95,202.95,202.95,0,4030,0
FINNIFTY31JUL2526700PE.NFO,2025-06-30,14:10:00,2025-07-31,202.95,202.95,202.95,202.95,0,4030,0
FINNIFTY31JUL2526700PE.NFO,2025-06-30,14:11:00,2025-07-31,197.25,197.25,197.25,197.25,0,4095,0
FINNIFTY31JUL2526700PE.NFO,2025-06-30,14:12:00,2025-07-31,197.25,197.25,197.25,197.25,0,4095,0
FINNIFTY31JUL2526700PE.NFO,2025-06-30,14:13:00,2025-07-31,197.25,197.25,197.25,197.25,0,4095,0
FINNIFTY31JUL2526700PE.NFO,2025-06-30,14:14:00,2025-07-31,197.25,197.25,197.25,197.25,0,4095,0
FINNIFTY31JUL2526700PE.NFO,2025-06-30,14:15:00,2025-07-31,197.25,197.25,197.25,197.25,0,4095,0
FINNIFTY31JUL2526700PE.NFO,2025-06-30,14:16:00,2025-07-31,197.25,197.25,197.25,197.25,0,4095,0
FINNIFTY31JUL2526700PE.NFO,2025-06-30,14:17:00,2025-07-31,197.25,197.25,197.25,197.25,0,4095,0
FINNIFTY31JUL2526700PE.NFO,2025-06-30,14:18:00,2025-07-31,197.25,197.25,197.25,197.25,0,4095,0
FINNIFTY31JUL2526700PE.NFO,2025-06-30,14:19:00,2025-07-31,197.25,197.25,197.25,197.25,0,4095,0
FINNIFTY31JUL2526700PE.NFO,2025-06-30,14:20:00,2025-07-31,197.25,197.25,197.25,197.25,0,4095,0
FINNIFTY31JUL2526700PE.NFO,2025-06-30,14:21:00,2025-07-31,197.25,197.25,197.25,197.25,0,4095,0
FINNIFTY31JUL2526700PE.NFO,2025-06-30,14:22:00,2025-07-31,197.25,197.25,197.25,197.25,0,4095,0
FINNIFTY31JUL2526700PE.NFO,2025-06-30,14:23:00,2025-07-31,197.25,197.25,197.25,197.25,0,4095,0
FINNIFTY31JUL2526700PE.NFO,2025-06-30,14:24:00,2025-07-31,197.25,197.25,197.25,197.25,0,4095,0
FINNIFTY31JUL2526700PE.NFO,2025-06-30,14:25:00,2025-07-31,197.25,197.25,197.25,197.25,0,4095,0
FINNIFTY31JUL2526700PE.NFO,2025-06-30,14:26:00,2025-07-31,197.25,197.25,197.25,197.25,0,4095,0
FINNIFTY31JUL2526700PE.NFO,2025-06-30,14:27:00,2025-07-31,205.0,205.0,205.0,205.0,65,4095,0
FINNIFTY31JUL2526700PE.NFO,2025-06-30,14:28:00,2025-07-31,205.0,205.0,205.0,205.0,0,4095,0
FINNIFTY31JUL2526700PE.NFO,2025-06-30,14:29:00,2025-07-31,205.0,205.0,205.0,205.0,0,4095,0
FINNIFTY31JUL2526700PE.NFO,2025-06-30,14:30:00,2025-07-31,205.0,205.0,205.0,205.0,0,4095,0
FINNIFTY31JUL2526700PE.NFO,2025-06-30,14:31:00,2025-07-31,205.0,205.0,205.0,205.0,0,4095,0
FINNIFTY31JUL2526700PE.NFO,2025-06-30,14:32:00,2025-07-31,205.0,205.0,205.0,205.0,0,4095,0
FINNIFTY31JUL2526700PE.NFO,2025-06-30,14:33:00,2025-07-31,205.0,205.0,205.0,205.0,0,4095,0
FINNIFTY31JUL2526700PE.NFO,2025-06-30,14:34:00,2025-07-31,205.0,205.0,205.0,205.0,0,4095,0
FINNIFTY31JUL2526700PE.NFO,2025-06-30,14:35:00,2025-07-31,205.0,206.0,205.0,206.0,130,4160,0
FINNIFTY31JUL2526700PE.NFO,2025-06-30,14:36:00,2025-07-31,206.0,206.0,206.0,206.0,0,4160,0
FINNIFTY31JUL2526700PE.NFO,2025-06-30,14:37:00,2025-07-31,206.0,206.0,206.0,206.0,0,4160,0
FINNIFTY31JUL2526700PE.NFO,2025-06-30,14:38:00,2025-07-31,206.0,206.0,206.0,206.0,0,4160,0
FINNIFTY31JUL2526700PE.NFO,2025-06-30,14:39:00,2025-07-31,206.0,206.0,204.0,204.0,130,4160,0
FINNIFTY31JUL2526700PE.NFO,2025-06-30,14:40:00,2025-07-31,204.0,204.0,204.0,204.0,0,4160,0
FINNIFTY31JUL2526700PE.NFO,2025-06-30,14:41:00,2025-07-31,204.0,204.0,204.0,204.0,0,4160,0
FINNIFTY31JUL2526700PE.NFO,2025-06-30,14:42:00,2025-07-31,204.0,204.0,204.0,204.0,0,4160,0
FINNIFTY31JUL2526700PE.NFO,2025-06-30,14:43:00,2025-07-31,204.0,204.0,204.0,204.0,0,4160,0
FINNIFTY31JUL2526700PE.NFO,2025-06-30,14:44:00,2025-07-31,204.0,204.0,204.0,204.0,0,4160,0
FINNIFTY31JUL2526700PE.NFO,2025-06-30,14:45:00,2025-07-31,204.0,204.0,204.0,204.0,65,4030,0
FINNIFTY31JUL2526700PE.NFO,2025-06-30,14:46:00,2025-07-31,204.0,204.0,199.0,199.0,65,4030,0
FINNIFTY31JUL2526700PE.NFO,2025-06-30,14:47:00,2025-07-31,199.0,199.0,199.0,199.0,0,4030,0
FINNIFTY31JUL2526700PE.NFO,2025-06-30,14:48:00,2025-07-31,199.0,199.0,199.0,199.0,0,4030,0
FINNIFTY31JUL2526700PE.NFO,2025-06-30,14:49:00,2025-07-31,199.0,199.0,199.0,199.0,0,4030,0
FINNIFTY31JUL2526700PE.NFO,2025-06-30,14:50:00,2025-07-31,199.0,199.0,199.0,199.0,0,4030,0
FINNIFTY31JUL2526700PE.NFO,2025-06-30,14:51:00,2025-07-31,199.0,199.0,199.0,199.0,0,4030,0
FINNIFTY31JUL2526700PE.NFO,2025-06-30,14:52:00,2025-07-31,194.65,194.65,194.65,194.65,130,4095,0
FINNIFTY31JUL2526700PE.NFO,2025-06-30,14:53:00,2025-07-31,194.65,197.95,194.65,197.95,65,4095,0
FINNIFTY31JUL2526700PE.NFO,2025-06-30,14:54:00,2025-07-31,197.95,199.55,197.95,199.55,130,4095,0
FINNIFTY31JUL2526700PE.NFO,2025-06-30,14:55:00,2025-07-31,199.55,199.55,199.55,199.55,0,4095,0
FINNIFTY31JUL2526700PE.NFO,2025-06-30,14:56:00,2025-07-31,199.55,199.55,199.55,199.55,0,4095,0
FINNIFTY31JUL2526700PE.NFO,2025-06-30,14:57:00,2025-07-31,199.55,199.55,199.55,199.55,0,4095,0
FINNIFTY31JUL2526700PE.NFO,2025-06-30,14:58:00,2025-07-31,199.55,199.55,199.55,199.55,0,4095,0
FINNIFTY31JUL2526700PE.NFO,2025-06-30,14:59:00,2025-07-31,199.55,199.55,199.55,199.55,0,4095,0
FINNIFTY31JUL2526700PE.NFO,2025-06-30,15:00:00,2025-07-31,199.55,199.55,199.55,199.55,0,4095,0
FINNIFTY31JUL2526700PE.NFO,2025-06-30,15:01:00,2025-07-31,199.55,199.55,199.55,199.55,0,4095,0
FINNIFTY31JUL2526700PE.NFO,2025-06-30,15:02:00,2025-07-31,199.55,199.55,199.55,199.55,0,4095,0
FINNIFTY31JUL2526700PE.NFO,2025-06-30,15:03:00,2025-07-31,199.55,199.55,199.55,199.55,0,4095,0
FINNIFTY31JUL2526700PE.NFO,2025-06-30,15:04:00,2025-07-31,194.75,194.75,194.75,194.75,130,4160,0
FINNIFTY31JUL2526700PE.NFO,2025-06-30,15:05:00,2025-07-31,194.75,194.75,194.75,194.75,0,4160,0
FINNIFTY31JUL2526700PE.NFO,2025-06-30,15:06:00,2025-07-31,194.75,194.75,194.75,194.75,0,4160,0
FINNIFTY31JUL2526700PE.NFO,2025-06-30,15:07:00,2025-07-31,194.75,194.75,194.75,194.75,0,4160,0
FINNIFTY31JUL2526700PE.NFO,2025-06-30,15:08:00,2025-07-31,194.75,195.9,194.55,195.9,260,4290,0
FINNIFTY31JUL2526700PE.NFO,2025-06-30,15:09:00,2025-07-31,195.9,195.9,195.9,195.9,0,4290,0
FINNIFTY31JUL2526700PE.NFO,2025-06-30,15:10:00,2025-07-31,195.9,195.9,195.9,195.9,0,4290,0
FINNIFTY31JUL2526700PE.NFO,2025-06-30,15:11:00,2025-07-31,195.9,195.9,195.9,195.9,0,4290,0
FINNIFTY31JUL2526700PE.NFO,2025-06-30,15:12:00,2025-07-31,195.9,197.05,195.9,197.05,130,4355,0
FINNIFTY31JUL2526700PE.NFO,2025-06-30,15:13:00,2025-07-31,197.05,197.05,195.4,195.4,65,4355,0
FINNIFTY31JUL2526700PE.NFO,2025-06-30,15:14:00,2025-07-31,195.4,197.3,193.75,197.3,520,4355,0
FINNIFTY31JUL2526700PE.NFO,2025-06-30,15:15:00,2025-07-31,197.3,197.3,195.55,195.55,65,4355,0
FINNIFTY31JUL2526700PE.NFO,2025-06-30,15:16:00,2025-07-31,195.55,199.6,195.55,199.6,65,4420,0
FINNIFTY31JUL2526700PE.NFO,2025-06-30,15:17:00,2025-07-31,199.6,202.0,199.6,202.0,260,4420,0
FINNIFTY31JUL2526700PE.NFO,2025-06-30,15:18:00,2025-07-31,202.0,202.0,198.5,198.5,65,4420,0
FINNIFTY31JUL2526700PE.NFO,2025-06-30,15:19:00,2025-07-31,198.5,198.5,198.5,198.5,0,4420,0
FINNIFTY31JUL2526700PE.NFO,2025-06-30,15:20:00,2025-07-31,198.5,199.45,198.5,199.45,65,4550,0
FINNIFTY31JUL2526700PE.NFO,2025-06-30,15:21:00,2025-07-31,199.45,199.45,199.45,199.45,0,4550,0
FINNIFTY31JUL2526700PE.NFO,2025-06-30,15:22:00,2025-07-31,199.45,199.45,199.45,199.45,0,4550,0
FINNIFTY31JUL2526700PE.NFO,2025-06-30,15:23:00,2025-07-31,199.45,199.45,199.45,199.45,0,4550,0
FINNIFTY31JUL2526700PE.NFO,2025-06-30,15:24:00,2025-07-31,199.45,199.45,199.45,199.45,0,4550,0
FINNIFTY31JUL2526700PE.NFO,2025-06-30,15:25:00,2025-07-31,199.45,203.45,199.45,203.45,195,4550,0
FINNIFTY31JUL2526700PE.NFO,2025-06-30,15:26:00,2025-07-31,203.45,203.45,203.45,203.45,0,4550,0
FINNIFTY31JUL2526700PE.NFO,2025-06-30,15:27:00,2025-07-31,203.45,203.45,203.45,203.45,0,4550,0
FINNIFTY31JUL2526700PE.NFO,2025-06-30,15:28:00,2025-07-31,203.45,203.45,203.45,203.45,0,4550,0
FINNIFTY31JUL2526700PE.NFO,2025-06-30,15:29:00,2025-07-31,203.45,203.45,196.5,196.5,260,4550,0
FINNIFTY31JUL2526700PE.NFO,2025-06-30,15:30:00,2025-07-31,196.5,196.5,196.5,196.5,260,4550,1
FINNIFTY31JUL2526700PE.NFO,2025-07-01,09:15:00,2025-07-31,196.5,196.5,196.5,196.5,0,4615,1
FINNIFTY31JUL2526700PE.NFO,2025-07-01,09:16:00,2025-07-31,196.5,196.5,196.5,196.5,0,4615,1
FINNIFTY31JUL2526700PE.NFO,2025-07-01,09:17:00,2025-07-31,196.5,196.5,196.5,196.5,0,4615,1
FINNIFTY31JUL2526700PE.NFO,2025-07-01,09:18:00,2025-07-31,196.5,196.5,196.5,196.5,0,4615,0
FINNIFTY31JUL2526700PE.NFO,2025-07-01,09:19:00,2025-07-31,196.5,196.5,196.5,196.5,0,4615,0
FINNIFTY31JUL2526700PE.NFO,2025-07-01,09:20:00,2025-07-31,196.5,196.5,196.5,196.5,0,4615,0
FINNIFTY31JUL2526700PE.NFO,2025-07-01,09:21:00,2025-07-31,196.5,196.5,196.5,196.5,0,4615,0
FINNIFTY31JUL2526700PE.NFO,2025-07-01,09:22:00,2025-07-31,196.5,196.5,193.6,193.6,65,4485,0
FINNIFTY31JUL2526700PE.NFO,2025-07-01,09:23:00,2025-07-31,193.6,200.95,193.6,200.95,65,4485,0
FINNIFTY31JUL2526700PE.NFO,2025-07-01,09:24:00,2025-07-31,200.95,200.95,200.95,200.95,0,4485,0
FINNIFTY31JUL2526700PE.NFO,2025-07-01,09:25:00,2025-07-31,200.95,200.95,200.95,200.95,0,4485,0
FINNIFTY31JUL2526700PE.NFO,2025-07-01,09:26:00,2025-07-31,200.95,200.95,200.95,200.95,0,4485,0
FINNIFTY31JUL2526700PE.NFO,2025-07-01,09:27:00,2025-07-31,200.95,200.95,200.95,200.95,0,4485,0
FINNIFTY31JUL2526700PE.NFO,2025-07-01,09:28:00,2025-07-31,200.95,200.95,199.8,199.8,65,4485,0
FINNIFTY31JUL2526700PE.NFO,2025-07-01,09:29:00,2025-07-31,199.8,199.8,199.8,199.8,0,4485,0
FINNIFTY31JUL2526700PE.NFO,2025-07-01,09:30:00,2025-07-31,199.8,199.8,199.8,199.8,0,4485,0
FINNIFTY31JUL2526700PE.NFO,2025-07-01,09:31:00,2025-07-31,199.8,199.8,199.8,199.8,0,4485,0
FINNIFTY31JUL2526700PE.NFO,2025-07-01,09:32:00,2025-07-31,199.8,202.75,199.5,199.5,650,4485,0
FINNIFTY31JUL2526700PE.NFO,2025-07-01,09:33:00,2025-07-31,199.5,199.5,199.5,199.5,0,4485,0
FINNIFTY31JUL2526700PE.NFO,2025-07-01,09:34:00,2025-07-31,199.5,199.5,199.5,199.5,0,4485,0
FINNIFTY31JUL2526700PE.NFO,2025-07-01,09:35:00,2025-07-31,199.5,203.6,199.5,203.6,130,4030,0
FINNIFTY31JUL2526700PE.NFO,2025-07-01,09:36:00,2025-07-31,203.6,203.6,199.85,199.85,65,4095,0
FINNIFTY31JUL2526700PE.NFO,2025-07-01,09:37:00,2025-07-31,199.85,199.85,199.85,199.85,0,4095,0
FINNIFTY31JUL2526700PE.NFO,2025-07-01,09:38:00,2025-07-31,199.85,199.85,199.85,199.85,0,4095,0
FINNIFTY31JUL2526700PE.NFO,2025-07-01,09:39:00,2025-07-31,199.85,199.85,199.85,199.85,0,4095,0
FINNIFTY31JUL2526700PE.NFO,2025-07-01,09:40:00,2025-07-31,199.85,199.85,195.15,197.6,195,4030,0
FINNIFTY31JUL2526700PE.NFO,2025-07-01,09:41:00,2025-07-31,197.6,197.6,197.6,197.6,0,4030,0
FINNIFTY31JUL2526700PE.NFO,2025-07-01,09:42:00,2025-07-31,197.6,197.6,197.6,197.6,0,4030,0
FINNIFTY31JUL2526700PE.NFO,2025-07-01,09:43:00,2025-07-31,197.6,197.6,197.6,197.6,0,4030,0
FINNIFTY31JUL2526700PE.NFO,2025-07-01,09:44:00,2025-07-31,197.6,197.6,197.6,197.6,0,4030,0
FINNIFTY31JUL2526700PE.NFO,2025-07-01,09:45:00,2025-07-31,197.6,197.6,197.6,197.6,0,4030,0
FINNIFTY31JUL2526700PE.NFO,2025-07-01,09:46:00,2025-07-31,197.6,197.6,197.6,197.6,0,4030,0
FINNIFTY31JUL2526700PE.NFO,2025-07-01,09:47:00,2025-07-31,197.6,197.6,197.6,197.6,0,4030,0
FINNIFTY31JUL2526700PE.NFO,2025-07-01,09:48:00,2025-07-31,197.6,197.6,191.4,191.4,195,4160,0
FINNIFTY31JUL2526700PE.NFO,2025-07-01,09:49:00,2025-07-31,191.4,191.4,191.4,191.4,0,4160,0
FINNIFTY31JUL2526700PE.NFO,2025-07-01,09:50:00,2025-07-31,191.4,191.4,191.4,191.4,0,4160,0
FINNIFTY31JUL2526700PE.NFO,2025-07-01,09:51:00,2025-07-31,191.4,191.4,191.4,191.4,0,4160,0
FINNIFTY31JUL2526700PE.NFO,2025-07-01,09:52:00,2025-07-31,191.4,191.4,191.4,191.4,0,4160,0
FINNIFTY31JUL2526700PE.NFO,2025-07-01,09:53:00,2025-07-31,191.4,191.4,191.4,191.4,0,4160,0
FINNIFTY31JUL2526700PE.NFO,2025-07-01,09:54:00,2025-07-31,191.4,191.4,191.4,191.4,0,4160,0
FINNIFTY31JUL2526700PE.NFO,2025-07-01,09:55:00,2025-07-31,191.4,191.4,191.4,191.4,0,4160,0
FINNIFTY31JUL2526700PE.NFO,2025-07-01,09:56:00,2025-07-31,191.4,191.4,191.4,191.4,0,4160,0
FINNIFTY31JUL2526700PE.NFO,2025-07-01,09:57:00,2025-07-31,191.4,191.4,191.4,191.4,0,4160,0
FINNIFTY31JUL2526700PE.NFO,2025-07-01,09:58:00,2025-07-31,191.4,191.4,191.4,191.4,0,4160,0
FINNIFTY31JUL2526700PE.NFO,2025-07-01,09:59:00,2025-07-31,191.4,191.4,191.4,191.4,0,4160,0
FINNIFTY31JUL2526700PE.NFO,2025-07-01,10:00:00,2025-07-31,191.4,191.4,191.4,191.4,0,4160,0
FINNIFTY31JUL2526700PE.NFO,2025-07-01,10:01:00,2025-07-31,191.4,191.4,191.4,191.4,0,4160,0
FINNIFTY31JUL2526700PE.NFO,2025-07-01,10:02:00,2025-07-31,191.4,191.4,191.4,191.4,0,4160,0
FINNIFTY31JUL2526700PE.NFO,2025-07-01,10:03:00,2025-07-31,191.4,200.25,191.4,200.25,195,4160,0
FINNIFTY31JUL2526700PE.NFO,2025-07-01,10:04:00,2025-07-31,200.25,200.25,200.25,200.25,0,4160,0
FINNIFTY31JUL2526700PE.NFO,2025-07-01,10:05:00,2025-07-31,200.25,200.25,200.25,200.25,0,4160,0
FINNIFTY31JUL2526700PE.NFO,2025-07-01,10:06:00,2025-07-31,200.25,200.25,200.25,200.25,0,4160,0
FINNIFTY31JUL2526700PE.NFO,2025-07-01,10:07:00,2025-07-31,200.25,200.25,200.25,200.25,0,4160,0
FINNIFTY31JUL2526700PE.NFO,2025-07-01,10:08:00,2025-07-31,200.25,200.25,200.25,200.25,0,4160,0
FINNIFTY31JUL2526700PE.NFO,2025-07-01,10:09:00,2025-07-31,200.25,200.25,200.25,200.25,0,4160,0
FINNIFTY31JUL2526700PE.NFO,2025-07-01,10:10:00,2025-07-31,200.25,200.25,200.25,200.25,0,4160,0
FINNIFTY31JUL2526700PE.NFO,2025-07-01,10:11:00,2025-07-31,200.25,200.25,200.25,200.25,0,4160,0
FINNIFTY31JUL2526700PE.NFO,2025-07-01,10:12:00,2025-07-31,200.25,200.25,200.25,200.25,0,4160,0
FINNIFTY31JUL2526700PE.NFO,2025-07-01,10:13:00,2025-07-31,200.25,205.65,200.25,205.65,65,4160,0
FINNIFTY31JUL2526700PE.NFO,2025-07-01,10:14:00,2025-07-31,205.65,207.75,205.65,207.75,65,4160,0
FINNIFTY31JUL2526700PE.NFO,2025-07-01,10:15:00,2025-07-31,207.75,207.75,207.75,207.75,0,4160,0
FINNIFTY31JUL2526700PE.NFO,2025-07-01,10:16:00,2025-07-31,207.75,207.75,207.75,207.75,0,4160,0
FINNIFTY31JUL2526700PE.NFO,2025-07-01,10:17:00,2025-07-31,207.75,207.75,207.75,207.75,0,4160,0
FINNIFTY31JUL2526700PE.NFO,2025-07-01,10:18:00,2025-07-31,207.75,207.75,207.75,207.75,0,4160,0
FINNIFTY31JUL2526700PE.NFO,2025-07-01,10:19:00,2025-07-31,207.75,207.75,207.75,207.75,0,4160,0
FINNIFTY31JUL2526700PE.NFO,2025-07-01,10:20:00,2025-07-31,207.75,207.75,207.75,207.75,0,4160,0
FINNIFTY31JUL2526700PE.NFO,2025-07-01,10:21:00,2025-07-31,207.75,210.45,207.75,210.45,65,4095,0
FINNIFTY31JUL2526700PE.NFO,2025-07-01,10:22:00,2025-07-31,210.45,210.45,210.45,210.45,0,4095,0
FINNIFTY31JUL2526700PE.NFO,2025-07-01,10:23:00,2025-07-31,209.0,209.0,209.0,209.0,65,4095,0
FINNIFTY31JUL2526700PE.NFO,2025-07-01,10:24:00,2025-07-31,209.0,209.0,207.55,207.55,65,4030,0
FINNIFTY31JUL2526700PE.NFO,2025-07-01,10:25:00,2025-07-31,207.55,207.55,207.55,207.55,0,4030,0
FINNIFTY31JUL2526700PE.NFO,2025-07-01,10:26:00,2025-07-31,207.55,207.55,207.55,207.55,0,4030,0
FINNIFTY31JUL2526700PE.NFO,2025-07-01,10:27:00,2025-07-31,207.55,207.55,207.55,207.55,0,4030,0
FINNIFTY31JUL2526700PE.NFO,2025-07-01,10:28:00,2025-07-31,207.55,207.55,207.55,207.55,0,4030,0
FINNIFTY31JUL2526700PE.NFO,2025-07-01,10:29:00,2025-07-31,207.55,207.55,207.55,207.55,0,4030,0
FINNIFTY31JUL2526700PE.NFO,2025-07-01,10:30:00,2025-07-31,207.55,207.55,207.55,207.55,0,4030,0
FINNIFTY31JUL2526700PE.NFO,2025-07-01,10:31:00,2025-07-31,207.55,207.55,207.55,207.55,0,4030,0
FINNIFTY31JUL2526700PE.NFO,2025-07-01,10:32:00,2025-07-31,207.55,207.55,207.55,207.55,0,4030,0
FINNIFTY31JUL2526700PE.NFO,2025-07-01,10:33:00,2025-07-31,207.55,207.55,207.55,207.55,0,4030,0
FINNIFTY31JUL2526700PE.NFO,2025-07-01,10:34:00,2025-07-31,207.55,207.55,207.55,207.55,0,4030,0
FINNIFTY31JUL2526700PE.NFO,2025-07-01,10:35:00,2025-07-31,207.55,207.55,207.55,207.55,0,4030,0
FINNIFTY31JUL2526700PE.NFO,2025-07-01,10:36:00,2025-07-31,207.55,207.55,207.55,207.55,0,4030,0
FINNIFTY31JUL2526700PE.NFO,2025-07-01,10:37:00,2025-07-31,207.55,207.55,207.0,207.0,65,4030,0
FINNIFTY31JUL2526700PE.NFO,2025-07-01,10:38:00,2025-07-31,207.0,207.0,206.0,206.0,130,4030,0
FINNIFTY31JUL2526700PE.NFO,2025-07-01,10:39:00,2025-07-31,206.0,206.0,206.0,206.0,0,4030,0
FINNIFTY31JUL2526700PE.NFO,2025-07-01,10:40:00,2025-07-31,206.0,206.0,206.0,206.0,0,4030,0
FINNIFTY31JUL2526700PE.NFO,2025-07-01,10:41:00,2025-07-31,206.0,206.0,206.0,206.0,0,4030,0
FINNIFTY31JUL2526700PE.NFO,2025-07-01,10:42:00,2025-07-31,206.0,206.0,206.0,206.0,0,4030,0
FINNIFTY31JUL2526700PE.NFO,2025-07-01,10:43:00,2025-07-31,206.0,206.0,206.0,206.0,0,4030,0
FINNIFTY31JUL2526700PE.NFO,2025-07-01,10:44:00,2025-07-31,206.0,206.0,206.0,206.0,0,4030,0
FINNIFTY31JUL2526700PE.NFO,2025-07-01,10:45:00,2025-07-31,206.0,206.0,206.0,206.0,0,4030,0
FINNIFTY31JUL2526700PE.NFO,2025-07-01,10:46:00,2025-07-31,206.0,206.0,206.0,206.0,0,4030,0
FINNIFTY31JUL2526700PE.NFO,2025-07-01,10:47:00,2025-07-31,206.0,206.0,206.0,206.0,0,4030,0
FINNIFTY31JUL2526700PE.NFO,2025-07-01,10:48:00,2025-07-31,206.0,206.0,206.0,206.0,0,4030,0
FINNIFTY31JUL2526700PE.NFO,2025-07-01,10:49:00,2025-07-31,206.0,206.0,206.0,206.0,0,4030,0
FINNIFTY31JUL2526700PE.NFO,2025-07-01,10:50:00,2025-07-31,206.0,206.0,206.0,206.0,0,4030,0
FINNIFTY31JUL2526700PE.NFO,2025-07-01,10:51:00,2025-07-31,206.0,206.0,206.0,206.0,0,4030,0
FINNIFTY31JUL2526700PE.NFO,2025-07-01,10:52:00,2025-07-31,206.0,206.0,206.0,206.0,0,4030,0
FINNIFTY31JUL2526700PE.NFO,2025-07-01,10:53:00,2025-07-31,206.0,206.0,206.0,206.0,0,4030,0
FINNIFTY31JUL2526700PE.NFO,2025-07-01,10:54:00,2025-07-31,206.0,206.0,206.0,206.0,0,4030,0
FINNIFTY31JUL2526700PE.NFO,2025-07-01,10:55:00,2025-07-31,206.0,206.0,206.0,206.0,0,4030,0
FINNIFTY31JUL2526700PE.NFO,2025-07-01,10:56:00,2025-07-31,206.0,206.0,206.0,206.0,0,4030,0
FINNIFTY31JUL2526700PE.NFO,2025-07-01,10:57:00,2025-07-31,206.0,206.0,206.0,206.0,0,4030,0
FINNIFTY31JUL2526700PE.NFO,2025-07-01,10:58:00,2025-07-31,206.0,206.0,206.0,206.0,0,4030,0
FINNIFTY31JUL2526700PE.NFO,2025-07-01,10:59:00,2025-07-31,206.0,206.0,206.0,206.0,0,4030,0
FINNIFTY31JUL2526700PE.NFO,2025-07-01,11:00:00,2025-07-31,206.0,206.0,206.0,206.0,0,4030,0
FINNIFTY31JUL2526700PE.NFO,2025-07-01,11:01:00,2025-07-31,206.0,212.95,206.0,212.95,130,3965,0
FINNIFTY31JUL2526700PE.NFO,2025-07-01,11:02:00,2025-07-31,212.95,212.95,212.95,212.95,0,3965,0
FINNIFTY31JUL2526700PE.NFO,2025-07-01,11:03:00,2025-07-31,212.95,212.95,212.95,212.95,0,3965,0
FINNIFTY31JUL2526700PE.NFO,2025-07-01,11:04:00,2025-07-31,212.95,212.95,212.95,212.95,0,3965,0
FINNIFTY31JUL2526700PE.NFO,2025-07-01,11:05:00,2025-07-31,212.95,212.95,212.95,212.95,0,3965,0
FINNIFTY31JUL2526700PE.NFO,2025-07-01,11:06:00,2025-07-31,212.95,212.95,212.95,212.95,0,3965,0
FINNIFTY31JUL2526700PE.NFO,2025-07-01,11:07:00,2025-07-31,212.95,212.95,212.95,212.95,0,3965,0
FINNIFTY31JUL2526700PE.NFO,2025-07-01,11:08:00,2025-07-31,212.95,212.95,212.95,212.95,0,3965,0
FINNIFTY31JUL2526700PE.NFO,2025-07-01,11:09:00,2025-07-31,212.95,212.95,212.95,212.95,0,3965,0
FINNIFTY31JUL2526700PE.NFO,2025-07-01,11:10:00,2025-07-31,212.95,212.95,212.95,212.95,0,3965,0
FINNIFTY31JUL2526700PE.NFO,2025-07-01,11:11:00,2025-07-31,212.95,212.95,212.95,212.95,0,3965,0
FINNIFTY31JUL2526700PE.NFO,2025-07-01,11:12:00,2025-07-31,212.95,212.95,212.95,212.95,0,3965,0
FINNIFTY31JUL2526700PE.NFO,2025-07-01,11:13:00,2025-07-31,212.95,212.95,212.95,212.95,0,3965,0
FINNIFTY31JUL2526700PE.NFO,2025-07-01,11:14:00,2025-07-31,212.95,212.95,212.95,212.95,0,3965,0
FINNIFTY31JUL2526700PE.NFO,2025-07-01,11:15:00,2025-07-31,212.95,212.95,212.95,212.95,0,3965,0
FINNIFTY31JUL2526700PE.NFO,2025-07-01,11:16:00,2025-07-31,213.55,214.5,213.55,214.5,130,3900,0
FINNIFTY31JUL2526700PE.NFO,2025-07-01,11:17:00,2025-07-31,214.5,214.5,207.3,207.3,130,3900,0
FINNIFTY31JUL2526700PE.NFO,2025-07-01,11:18:00,2025-07-31,207.3,207.3,207.3,207.3,0,3900,0
FINNIFTY31JUL2526700PE.NFO,2025-07-01,11:19:00,2025-07-31,207.3,207.3,207.3,207.3,0,3900,0
FINNIFTY31JUL2526700PE.NFO,2025-07-01,11:20:00,2025-07-31,207.3,207.3,207.3,207.3,0,3900,0
FINNIFTY31JUL2526700PE.NFO,2025-07-01,11:21:00,2025-07-31,207.3,207.3,207.3,207.3,0,3900,0
FINNIFTY31JUL2526700PE.NFO,2025-07-01,11:22:00,2025-07-31,207.3,207.3,207.3,207.3,0,3900,0
FINNIFTY31JUL2526700PE.NFO,2025-07-01,11:23:00,2025-07-31,207.3,207.3,207.3,207.3,0,3900,0
FINNIFTY31JUL2526700PE.NFO,2025-07-01,11:24:00,2025-07-31,207.3,207.3,207.3,207.3,0,3900,0
FINNIFTY31JUL2526700PE.NFO,2025-07-01,11:25:00,2025-07-31,207.3,207.3,207.3,207.3,0,3900,0
FINNIFTY31JUL2526700PE.NFO,2025-07-01,11:26:00,2025-07-31,207.3,207.3,207.3,207.3,0,3900,0
FINNIFTY31JUL2526700PE.NFO,2025-07-01,11:27:00,2025-07-31,207.3,207.3,207.3,207.3,0,3900,0
FINNIFTY31JUL2526700PE.NFO,2025-07-01,11:28:00,2025-07-31,207.3,207.3,207.3,207.3,0,3900,0
FINNIFTY31JUL2526700PE.NFO,2025-07-01,11:29:00,2025-07-31,207.3,207.3,207.3,207.3,0,3900,0
FINNIFTY31JUL2526700PE.NFO,2025-07-01,11:30:00,2025-07-31,207.3,207.3,207.3,207.3,0,3900,0
FINNIFTY31JUL2526700PE.NFO,2025-07-01,11:31:00,2025-07-31,207.3,207.3,207.3,207.3,0,3900,0
FINNIFTY31JUL2526700PE.NFO,2025-07-01,11:32:00,2025-07-31,207.3,207.3,207.3,207.3,0,3900,0
FINNIFTY31JUL2526700PE.NFO,2025-07-01,11:33:00,2025-07-31,207.3,207.3,207.3,207.3,0,3900,0
FINNIFTY31JUL2526700PE.NFO,2025-07-01,11:34:00,2025-07-31,207.3,207.3,207.3,207.3,0,3900,0
FINNIFTY31JUL2526700PE.NFO,2025-07-01,11:35:00,2025-07-31,207.3,207.3,207.3,207.3,0,3900,0
FINNIFTY31JUL2526700PE.NFO,2025-07-01,11:36:00,2025-07-31,207.3,207.3,207.3,207.3,0,3900,0
FINNIFTY31JUL2526700PE.NFO,2025-07-01,11:37:00,2025-07-31,207.3,207.3,207.3,207.3,0,3900,0
FINNIFTY31JUL2526700PE.NFO,2025-07-01,11:38:00,2025-07-31,207.3,207.3,207.3,207.3,0,3900,0
FINNIFTY31JUL2526700PE.NFO,2025-07-01,11:39:00,2025-07-31,207.3,207.3,207.3,207.3,0,3900,0
FINNIFTY31JUL2526700PE.NFO,2025-07-01,11:40:00,2025-07-31,207.3,207.3,207.3,207.3,0,3900,0
FINNIFTY31JUL2526700PE.NFO,2025-07-01,11:41:00,2025-07-31,207.3,207.3,207.3,207.3,0,3900,0
FINNIFTY31JUL2526700PE.NFO,2025-07-01,11:42:00,2025-07-31,207.3,207.3,207.3,207.3,0,3900,0
FINNIFTY31JUL2526700PE.NFO,2025-07-01,11:43:00,2025-07-31,207.3,207.3,207.3,207.3,0,3900,0
FINNIFTY31JUL2526700PE.NFO,2025-07-01,11:44:00,2025-07-31,207.3,207.3,207.3,207.3,0,3900,0
FINNIFTY31JUL2526700PE.NFO,2025-07-01,11:45:00,2025-07-31,207.3,207.3,207.3,207.3,0,3900,0
FINNIFTY31JUL2526700PE.NFO,2025-07-01,11:46:00,2025-07-31,207.3,207.3,207.3,207.3,0,3900,0
FINNIFTY31JUL2526700PE.NFO,2025-07-01,11:47:00,2025-07-31,207.3,207.3,207.3,207.3,0,3900,0
FINNIFTY31JUL2526700PE.NFO,2025-07-01,11:48:00,2025-07-31,207.3,207.3,207.3,207.3,65,3965,0
FINNIFTY31JUL2526700PE.NFO,2025-07-01,11:49:00,2025-07-31,207.3,207.3,207.3,207.3,0,3965,0
FINNIFTY31JUL2526700PE.NFO,2025-07-01,11:50:00,2025-07-31,207.3,207.3,207.3,207.3,0,3965,0
FINNIFTY31JUL2526700PE.NFO,2025-07-01,11:51:00,2025-07-31,207.3,207.3,207.3,207.3,0,3965,0
FINNIFTY31JUL2526700PE.NFO,2025-07-01,11:52:00,2025-07-31,207.3,207.3,207.3,207.3,0,3965,0
FINNIFTY31JUL2526700PE.NFO,2025-07-01,11:53:00,2025-07-31,207.3,207.3,207.3,207.3,0,3965,0
FINNIFTY31JUL2526700PE.NFO,2025-07-01,11:54:00,2025-07-31,207.3,207.3,207.3,207.3,0,3965,0
FINNIFTY31JUL2526700PE.NFO,2025-07-01,11:55:00,2025-07-31,207.3,207.3,207.3,207.3,0,3965,0
FINNIFTY31JUL2526700PE.NFO,2025-07-01,11:56:00,2025-07-31,207.3,207.3,207.3,207.3,0,3965,0
FINNIFTY31JUL2526700PE.NFO,2025-07-01,11:57:00,2025-07-31,207.3,207.3,207.3,207.3,0,3965,0
FINNIFTY31JUL2526700PE.NFO,2025-07-01,11:58:00,2025-07-31,207.3,207.3,207.3,207.3,0,3965,0
FINNIFTY31JUL2526700PE.NFO,2025-07-01,11:59:00,2025-07-31,207.3,207.3,207.3,207.3,0,3965,0
FINNIFTY31JUL2526700PE.NFO,2025-07-01,12:00:00,2025-07-31,207.3,207.3,207.3,207.3,0,3965,0
FINNIFTY31JUL2526700PE.NFO,2025-07-01,12:01:00,2025-07-31,207.3,207.3,207.3,207.3,0,3965,0
FINNIFTY31JUL2526700PE.NFO,2025-07-01,12:02:00,2025-07-31,207.3,207.3,207.3,207.3,0,3965,0
FINNIFTY31JUL2526700PE.NFO,2025-07-01,12:03:00,2025-07-31,207.3,207.3,207.3,207.3,0,3965,0
FINNIFTY31JUL2526700PE.NFO,2025-07-01,12:04:00,2025-07-31,207.3,207.3,207.3,207.3,0,3965,0
FINNIFTY31JUL2526700PE.NFO,2025-07-01,12:05:00,2025-07-31,207.3,207.3,207.3,207.3,0,3965,0
FINNIFTY31JUL2526700PE.NFO,2025-07-01,12:06:00,2025-07-31,207.3,207.3,207.3,207.3,0,3965,0
FINNIFTY31JUL2526700PE.NFO,2025-07-01,12:07:00,2025-07-31,207.3,207.3,207.3,207.3,0,3965,0
FINNIFTY31JUL2526700PE.NFO,2025-07-01,12:08:00,2025-07-31,207.3,207.3,207.3,207.3,0,3965,0
FINNIFTY31JUL2526700PE.NFO,2025-07-01,12:09:00,2025-07-31,207.3,207.3,207.3,207.3,0,3965,0
FINNIFTY31JUL2526700PE.NFO,2025-07-01,12:10:00,2025-07-31,207.3,207.3,207.3,207.3,0,3965,0
FINNIFTY31JUL2526700PE.NFO,2025-07-01,12:11:00,2025-07-31,207.3,207.3,207.3,207.3,0,3965,0
FINNIFTY31JUL2526700PE.NFO,2025-07-01,12:12:00,2025-07-31,207.3,207.3,207.3,207.3,0,3965,0
FINNIFTY31JUL2526700PE.NFO,2025-07-01,12:13:00,2025-07-31,207.3,207.3,207.3,207.3,0,3965,0
FINNIFTY31JUL2526700PE.NFO,2025-07-01,12:14:00,2025-07-31,207.3,207.3,207.3,207.3,0,3965,0
FINNIFTY31JUL2526700PE.NFO,2025-07-01,12:15:00,2025-07-31,207.3,207.3,207.3,207.3,0,3965,0
FINNIFTY31JUL2526700PE.NFO,2025-07-01,12:16:00,2025-07-31,207.3,207.3,207.3,207.3,0,3965,0
FINNIFTY31JUL2526700PE.NFO,2025-07-01,12:17:00,2025-07-31,207.3,207.3,207.3,207.3,0,3965,0
FINNIFTY31JUL2526700PE.NFO,2025-07-01,12:18:00,2025-07-31,207.3,207.3,207.3,207.3,0,3965,0
FINNIFTY31JUL2526700PE.NFO,2025-07-01,12:19:00,2025-07-31,207.3,207.3,207.3,207.3,0,3965,0
FINNIFTY31JUL2526700PE.NFO,2025-07-01,12:20:00,2025-07-31,207.3,207.3,207.3,207.3,0,3965,0
FINNIFTY31JUL2526700PE.NFO,2025-07-01,12:21:00,2025-07-31,207.3,207.3,207.3,207.3,0,3965,0
FINNIFTY31JUL2526700PE.NFO,2025-07-01,12:22:00,2025-07-31,207.3,207.3,207.3,207.3,0,3965,0
FINNIFTY31JUL2526700PE.NFO,2025-07-01,12:23:00,2025-07-31,207.3,207.3,207.3,207.3,0,3965,0
FINNIFTY31JUL2526700PE.NFO,2025-07-01,12:24:00,2025-07-31,207.3,207.3,207.3,207.3,0,3965,0
FINNIFTY31JUL2526700PE.NFO,2025-07-01,12:25:00,2025-07-31,207.3,207.3,207.3,207.3,0,3965,0
FINNIFTY31JUL2526700PE.NFO,2025-07-01,12:26:00,2025-07-31,207.3,207.3,207.3,207.3,0,3965,0
FINNIFTY31JUL2526700PE.NFO,2025-07-01,12:27:00,2025-07-31,207.3,207.3,207.3,207.3,0,3965,0
FINNIFTY31JUL2526700PE.NFO,2025-07-01,12:28:00,2025-07-31,207.3,207.3,207.3,207.3,0,3965,0
FINNIFTY31JUL2526700PE.NFO,2025-07-01,12:29:00,2025-07-31,207.3,207.3,207.3,207.3,0,3965,0
FINNIFTY31JUL2526700PE.NFO,2025-07-01,12:30:00,2025-07-31,207.3,207.3,207.3,207.3,0,3965,0
FINNIFTY31JUL2526700PE.NFO,2025-07-01,12:31:00,2025-07-31,207.3,207.3,207.3,207.3,0,3965,0
FINNIFTY31JUL2526700PE.NFO,2025-07-01,12:32:00,2025-07-31,207.3,207.3,207.3,207.3,0,3965,0
FINNIFTY31JUL2526700PE.NFO,2025-07-01,12:33:00,2025-07-31,207.3,207.3,207.3,207.3,0,3965,0
FINNIFTY31JUL2526700PE.NFO,2025-07-01,12:34:00,2025-07-31,207.3,207.3,207.3,207.3,0,3965,0
FINNIFTY31JUL2526700PE.NFO,2025-07-01,12:35:00,2025-07-31,207.3,207.3,207.3,207.3,0,3965,0
FINNIFTY31JUL2526700PE.NFO,2025-07-01,12:36:00,2025-07-31,207.3,207.3,204.3,204.8,195,3835,0
FINNIFTY31JUL2526700PE.NFO,2025-07-01,12:37:00,2025-07-31,204.8,204.8,202.3,202.3,65,3835,0
FINNIFTY31JUL2526700PE.NFO,2025-07-01,12:38:00,2025-07-31,202.3,202.3,202.3,202.3,0,3835,0
FINNIFTY31JUL2526700PE.NFO,2025-07-01,12:39:00,2025-07-31,202.3,202.3,202.3,202.3,0,3835,0
FINNIFTY31JUL2526700PE.NFO,2025-07-01,12:40:00,2025-07-31,202.3,202.3,202.3,202.3,0,3835,0
FINNIFTY31JUL2526700PE.NFO,2025-07-01,12:41:00,2025-07-31,202.3,202.3,202.3,202.3,0,3835,0
FINNIFTY31JUL2526700PE.NFO,2025-07-01,12:42:00,2025-07-31,202.3,202.3,202.3,202.3,0,3835,0
FINNIFTY31JUL2526700PE.NFO,2025-07-01,12:43:00,2025-07-31,202.3,202.3,202.3,202.3,0,3835,0
FINNIFTY31JUL2526700PE.NFO,2025-07-01,12:44:00,2025-07-31,202.3,202.3,202.3,202.3,0,3835,0
FINNIFTY31JUL2526700PE.NFO,2025-07-01,12:45:00,2025-07-31,202.3,202.3,202.3,202.3,0,3835,0
FINNIFTY31JUL2526700PE.NFO,2025-07-01,12:46:00,2025-07-31,202.3,202.3,202.3,202.3,0,3835,0
FINNIFTY31JUL2526700PE.NFO,2025-07-01,12:47:00,2025-07-31,202.3,202.3,202.3,202.3,0,3835,0
FINNIFTY31JUL2526700PE.NFO,2025-07-01,12:48:00,2025-07-31,202.3,202.3,202.3,202.3,0,3835,0
FINNIFTY31JUL2526700PE.NFO,2025-07-01,12:49:00,2025-07-31,202.3,202.3,202.3,202.3,0,3835,0
FINNIFTY31JUL2526700PE.NFO,2025-07-01,12:50:00,2025-07-31,202.3,202.3,202.3,202.3,0,3835,0
FINNIFTY31JUL2526700PE.NFO,2025-07-01,12:51:00,2025-07-31,202.3,202.3,202.3,202.3,0,3835,0
FINNIFTY31JUL2526700PE.NFO,2025-07-01,12:52:00,2025-07-31,202.3,202.3,202.3,202.3,0,3835,0
FINNIFTY31JUL2526700PE.NFO,2025-07-01,12:53:00,2025-07-31,202.3,202.3,202.3,202.3,0,3835,0
FINNIFTY31JUL2526700PE.NFO,2025-07-01,12:54:00,2025-07-31,202.3,202.3,202.3,202.3,0,3835,0
FINNIFTY31JUL2526700PE.NFO,2025-07-01,12:55:00,2025-07-31,202.3,202.3,202.3,202.3,0,3835,0
FINNIFTY31JUL2526700PE.NFO,2025-07-01,12:56:00,2025-07-31,202.3,202.3,202.3,202.3,0,3835,0
FINNIFTY31JUL2526700PE.NFO,2025-07-01,12:57:00,2025-07-31,202.3,202.3,202.3,202.3,0,3835,0
FINNIFTY31JUL2526700PE.NFO,2025-07-01,12:58:00,2025-07-31,202.3,202.3,202.3,202.3,0,3835,0
FINNIFTY31JUL2526700PE.NFO,2025-07-01,12:59:00,2025-07-31,202.3,202.3,202.3,202.3,0,3835,0
FINNIFTY31JUL2526700PE.NFO,2025-07-01,13:00:00,2025-07-31,202.3,204.6,202.3,204.6,65,3835,0
FINNIFTY31JUL2526700PE.NFO,2025-07-01,13:01:00,2025-07-31,204.6,204.6,204.6,204.6,0,3835,0
FINNIFTY31JUL2526700PE.NFO,2025-07-01,13:02:00,2025-07-31,204.6,204.6,204.6,204.6,0,3835,0
FINNIFTY31JUL2526700PE.NFO,2025-07-01,13:03:00,2025-07-31,204.6,204.6,204.6,204.6,0,3835,0
FINNIFTY31JUL2526700PE.NFO,2025-07-01,13:04:00,2025-07-31,204.6,204.6,204.6,204.6,0,3835,0
FINNIFTY31JUL2526700PE.NFO,2025-07-01,13:05:00,2025-07-31,204.6,204.6,204.6,204.6,0,3835,0
FINNIFTY31JUL2526700PE.NFO,2025-07-01,13:06:00,2025-07-31,204.6,204.6,204.6,204.6,0,3835,0
FINNIFTY31JUL2526700PE.NFO,2025-07-01,13:07:00,2025-07-31,204.6,204.6,204.6,204.6,0,3835,0
FINNIFTY31JUL2526700PE.NFO,2025-07-01,13:08:00,2025-07-31,204.6,204.6,204.6,204.6,0,3835,0
FINNIFTY31JUL2526700PE.NFO,2025-07-01,13:09:00,2025-07-31,204.6,204.6,204.6,204.6,0,3835,0
FINNIFTY31JUL2526700PE.NFO,2025-07-01,13:10:00,2025-07-31,204.6,204.6,204.6,204.6,0,3835,0
FINNIFTY31JUL2526700PE.NFO,2025-07-01,13:11:00,2025-07-31,204.6,204.6,204.6,204.6,0,3835,0
FINNIFTY31JUL2526700PE.NFO,2025-07-01,13:12:00,2025-07-31,204.6,204.6,204.6,204.6,0,3835,0
FINNIFTY31JUL2526700PE.NFO,2025-07-01,13:13:00,2025-07-31,204.6,204.6,204.6,204.6,0,3835,0
FINNIFTY31JUL2526700PE.NFO,2025-07-01,13:14:00,2025-07-31,204.6,204.6,204.6,204.6,0,3835,0
FINNIFTY31JUL2526700PE.NFO,2025-07-01,13:15:00,2025-07-31,204.6,204.6,204.6,204.6,0,3835,0
FINNIFTY31JUL2526700PE.NFO,2025-07-01,13:16:00,2025-07-31,204.6,204.6,204.6,204.6,0,3835,0
FINNIFTY31JUL2526700PE.NFO,2025-07-01,13:17:00,2025-07-31,204.6,204.6,204.6,204.6,0,3835,0
FINNIFTY31JUL2526700PE.NFO,2025-07-01,13:18:00,2025-07-31,204.6,204.6,204.6,204.6,0,3835,0
FINNIFTY31JUL2526700PE.NFO,2025-07-01,13:19:00,2025-07-31,204.6,204.6,204.6,204.6,0,3835,0
FINNIFTY31JUL2526700PE.NFO,2025-07-01,13:20:00,2025-07-31,204.6,204.6,204.6,204.6,0,3835,0
FINNIFTY31JUL2526700PE.NFO,2025-07-01,13:21:00,2025-07-31,204.6,204.6,204.6,204.6,0,3835,0
FINNIFTY31JUL2526700PE.NFO,2025-07-01,13:22:00,2025-07-31,204.6,204.6,204.6,204.6,0,3835,0
FINNIFTY31JUL2526700PE.NFO,2025-07-01,13:23:00,2025-07-31,204.6,204.6,204.6,204.6,0,3835,0
FINNIFTY31JUL2526700PE.NFO,2025-07-01,13:24:00,2025-07-31,204.6,204.6,204.6,204.6,0,3835,0
FINNIFTY31JUL2526700PE.NFO,2025-07-01,13:25:00,2025-07-31,204.6,204.6,204.6,204.6,0,3835,0
FINNIFTY31JUL2526700PE.NFO,2025-07-01,13:26:00,2025-07-31,204.6,204.6,204.6,204.6,0,3835,0
FINNIFTY31JUL2526700PE.NFO,2025-07-01,13:27:00,2025-07-31,204.6,204.6,204.6,204.6,0,3835,0
FINNIFTY31JUL2526700PE.NFO,2025-07-01,13:28:00,2025-07-31,204.6,204.6,204.6,204.6,0,3835,0
FINNIFTY31JUL2526700PE.NFO,2025-07-01,13:29:00,2025-07-31,204.6,204.6,204.6,204.6,0,3835,0
FINNIFTY31JUL2526700PE.NFO,2025-07-01,13:30:00,2025-07-31,204.6,204.6,204.6,204.6,0,3835,0
FINNIFTY31JUL2526700PE.NFO,2025-07-01,13:31:00,2025-07-31,204.6,204.6,204.6,204.6,0,3835,0
FINNIFTY31JUL2526700PE.NFO,2025-07-01,13:32:00,2025-07-31,204.6,204.6,204.6,204.6,0,3835,0
FINNIFTY31JUL2526700PE.NFO,2025-07-01,13:33:00,2025-07-31,204.6,204.6,204.6,204.6,0,3835,0
FINNIFTY31JUL2526700PE.NFO,2025-07-01,13:34:00,2025-07-31,204.6,204.6,204.6,204.6,0,3835,0
FINNIFTY31JUL2526700PE.NFO,2025-07-01,13:35:00,2025-07-31,204.6,204.6,204.6,204.6,0,3835,0
FINNIFTY31JUL2526700PE.NFO,2025-07-01,13:36:00,2025-07-31,204.6,204.6,204.6,204.6,0,3835,0
FINNIFTY31JUL2526700PE.NFO,2025-07-01,13:37:00,2025-07-31,204.6,204.6,204.6,204.6,0,3835,0
FINNIFTY31JUL2526700PE.NFO,2025-07-01,13:38:00,2025-07-31,204.6,204.6,201.85,201.85,130,3835,0
FINNIFTY31JUL2526700PE.NFO,2025-07-01,13:39:00,2025-07-31,201.85,201.85,201.85,201.85,0,3835,0
FINNIFTY31JUL2526700PE.NFO,2025-07-01,13:40:00,2025-07-31,201.85,201.85,201.75,201.75,65,3835,0
FINNIFTY31JUL2526700PE.NFO,2025-07-01,13:41:00,2025-07-31,201.75,201.75,201.75,201.75,0,3835,0
FINNIFTY31JUL2526700PE.NFO,2025-07-01,13:42:00,2025-07-31,201.75,201.75,201.75,201.75,0,3835,0
FINNIFTY31JUL2526700PE.NFO,2025-07-01,13:43:00,2025-07-31,201.75,201.75,201.75,201.75,0,3835,0
FINNIFTY31JUL2526700PE.NFO,2025-07-01,13:44:00,2025-07-31,201.75,201.75,201.75,201.75,0,3835,0
FINNIFTY31JUL2526700PE.NFO,2025-07-01,13:45:00,2025-07-31,201.75,201.75,201.75,201.75,0,3835,0
FINNIFTY31JUL2526700PE.NFO,2025-07-01,13:46:00,2025-07-31,201.75,201.75,201.75,201.75,0,3835,0
FINNIFTY31JUL2526700PE.NFO,2025-07-01,13:47:00,2025-07-31,201.75,201.75,201.75,201.75,0,3835,0
FINNIFTY31JUL2526700PE.NFO,2025-07-01,13:48:00,2025-07-31,201.75,201.75,201.75,201.75,0,3835,0
FINNIFTY31JUL2526700PE.NFO,2025-07-01,13:49:00,2025-07-31,201.75,201.75,201.75,201.75,0,3835,0
FINNIFTY31JUL2526700PE.NFO,2025-07-01,13:50:00,2025-07-31,201.75,201.75,201.75,201.75,65,3900,0
FINNIFTY31JUL2526700PE.NFO,2025-07-01,13:51:00,2025-07-31,201.75,201.75,201.75,201.75,0,3900,0
FINNIFTY31JUL2526700PE.NFO,2025-07-01,13:52:00,2025-07-31,201.75,201.75,201.75,201.75,0,3900,0
FINNIFTY31JUL2526700PE.NFO,2025-07-01,13:53:00,2025-07-31,201.75,201.75,201.75,201.75,0,3900,0
FINNIFTY31JUL2526700PE.NFO,2025-07-01,13:54:00,2025-07-31,201.75,201.75,201.75,201.75,0,3900,0
FINNIFTY31JUL2526700PE.NFO,2025-07-01,13:55:00,2025-07-31,201.75,201.75,201.75,201.75,0,3900,0
FINNIFTY31JUL2526700PE.NFO,2025-07-01,13:56:00,2025-07-31,201.75,204.0,201.75,204.0,65,3900,0
FINNIFTY31JUL2526700PE.NFO,2025-07-01,13:57:00,2025-07-31,204.0,204.0,204.0,204.0,0,3900,0
FINNIFTY31JUL2526700PE.NFO,2025-07-01,13:58:00,2025-07-31,204.0,204.0,204.0,204.0,0,3900,0
FINNIFTY31JUL2526700PE.NFO,2025-07-01,13:59:00,2025-07-31,204.0,204.0,204.0,204.0,0,3900,0
FINNIFTY31JUL2526700PE.NFO,2025-07-01,14:00:00,2025-07-31,204.0,204.0,199.6,199.6,0,3900,0
FINNIFTY31JUL2526700PE.NFO,2025-07-01,14:01:00,2025-07-31,199.6,199.6,199.6,199.6,0,3900,0
FINNIFTY31JUL2526700PE.NFO,2025-07-01,14:02:00,2025-07-31,199.6,199.6,199.6,199.6,0,3900,0
FINNIFTY31JUL2526700PE.NFO,2025-07-01,14:03:00,2025-07-31,199.6,199.6,199.6,199.6,0,3900,0
FINNIFTY31JUL2526700PE.NFO,2025-07-01,14:04:00,2025-07-31,199.6,199.6,199.6,199.6,0,3900,0
FINNIFTY31JUL2526700PE.NFO,2025-07-01,14:05:00,2025-07-31,199.6,199.6,198.75,198.75,130,3965,0
FINNIFTY31JUL2526700PE.NFO,2025-07-01,14:06:00,2025-07-31,198.75,198.75,198.75,198.75,0,3965,0
FINNIFTY31JUL2526700PE.NFO,2025-07-01,14:07:00,2025-07-31,198.75,198.75,198.75,198.75,0,3965,0
FINNIFTY31JUL2526700PE.NFO,2025-07-01,14:08:00,2025-07-31,198.75,198.75,198.2,198.2,130,3965,0
FINNIFTY31JUL2526700PE.NFO,2025-07-01,14:09:00,2025-07-31,198.2,199.8,198.2,199.8,195,3965,0
FINNIFTY31JUL2526700PE.NFO,2025-07-01,14:10:00,2025-07-31,199.8,199.8,199.8,199.8,0,3965,0
FINNIFTY31JUL2526700PE.NFO,2025-07-01,14:11:00,2025-07-31,199.8,200.9,199.8,200.9,65,3965,0
FINNIFTY31JUL2526700PE.NFO,2025-07-01,14:12:00,2025-07-31,200.9,200.9,200.9,200.9,0,3965,0
FINNIFTY31JUL2526700PE.NFO,2025-07-01,14:13:00,2025-07-31,200.9,200.9,200.9,200.9,0,3965,0
FINNIFTY31JUL2526700PE.NFO,2025-07-01,14:14:00,2025-07-31,200.9,200.9,200.9,200.9,0,3965,0
FINNIFTY31JUL2526700PE.NFO,2025-07-01,14:15:00,2025-07-31,200.9,200.9,200.9,200.9,0,3965,0
FINNIFTY31JUL2526700PE.NFO,2025-07-01,14:16:00,2025-07-31,200.9,200.9,200.9,200.9,0,3965,0
FINNIFTY31JUL2526700PE.NFO,2025-07-01,14:17:00,2025-07-31,200.9,200.9,200.9,200.9,0,3965,0
FINNIFTY31JUL2526700PE.NFO,2025-07-01,14:18:00,2025-07-31,200.9,200.9,200.9,200.9,0,3965,0
FINNIFTY31JUL2526700PE.NFO,2025-07-01,14:19:00,2025-07-31,200.9,200.9,200.9,200.9,65,3900,0
FINNIFTY31JUL2526700PE.NFO,2025-07-01,14:20:00,2025-07-31,200.9,200.9,200.9,200.9,0,3900,0
FINNIFTY31JUL2526700PE.NFO,2025-07-01,14:21:00,2025-07-31,200.9,200.9,200.9,200.9,0,3900,0
FINNIFTY31JUL2526700PE.NFO,2025-07-01,14:22:00,2025-07-31,200.9,200.9,200.9,200.9,0,3900,0
FINNIFTY31JUL2526700PE.NFO,2025-07-01,14:23:00,2025-07-31,200.9,200.9,200.9,200.9,0,3900,0
FINNIFTY31JUL2526700PE.NFO,2025-07-01,14:24:00,2025-07-31,200.9,200.9,200.9,200.9,0,3900,0
FINNIFTY31JUL2526700PE.NFO,2025-07-01,14:25:00,2025-07-31,200.9,200.9,200.9,200.9,0,3900,0
FINNIFTY31JUL2526700PE.NFO,2025-07-01,14:26:00,2025-07-31,200.9,200.9,200.9,200.9,0,3900,0
FINNIFTY31JUL2526700PE.NFO,2025-07-01,14:27:00,2025-07-31,200.9,200.9,200.9,200.9,0,3900,0
FINNIFTY31JUL2526700PE.NFO,2025-07-01,14:28:00,2025-07-31,200.9,200.9,200.9,200.9,0,3900,0
FINNIFTY31JUL2526700PE.NFO,2025-07-01,14:29:00,2025-07-31,200.9,200.9,200.9,200.9,0,3900,0
FINNIFTY31JUL2526700PE.NFO,2025-07-01,14:30:00,2025-07-31,200.9,200.9,200.9,200.9,0,3900,0
FINNIFTY31JUL2526700PE.NFO,2025-07-01,14:31:00,2025-07-31,200.9,200.9,200.9,200.9,0,3900,0
FINNIFTY31JUL2526700PE.NFO,2025-07-01,14:32:00,2025-07-31,200.9,200.9,200.9,200.9,0,3900,0
FINNIFTY31JUL2526700PE.NFO,2025-07-01,14:33:00,2025-07-31,200.9,200.9,200.9,200.9,0,3900,0
FINNIFTY31JUL2526700PE.NFO,2025-07-01,14:34:00,2025-07-31,200.9,200.9,199.95,199.95,65,3900,0
FINNIFTY31JUL2526700PE.NFO,2025-07-01,14:35:00,2025-07-31,199.95,199.95,199.95,199.95,0,3900,0
FINNIFTY31JUL2526700PE.NFO,2025-07-01,14:36:00,2025-07-31,199.95,199.95,199.0,199.0,65,3965,0
FINNIFTY31JUL2526700PE.NFO,2025-07-01,14:37:00,2025-07-31,199.0,199.0,199.0,199.0,0,3965,0
FINNIFTY31JUL2526700PE.NFO,2025-07-01,14:38:00,2025-07-31,199.0,199.0,197.05,197.05,65,3965,0
FINNIFTY31JUL2526700PE.NFO,2025-07-01,14:39:00,2025-07-31,197.05,197.05,197.05,197.05,0,3965,0
FINNIFTY31JUL2526700PE.NFO,2025-07-01,14:40:00,2025-07-31,197.05,197.05,197.05,197.05,0,3965,0
FINNIFTY31JUL2526700PE.NFO,2025-07-01,14:41:00,2025-07-31,197.05,197.05,197.05,197.05,0,3965,0
FINNIFTY31JUL2526700PE.NFO,2025-07-01,14:42:00,2025-07-31,197.05,197.05,197.05,197.05,0,3965,0
FINNIFTY31JUL2526700PE.NFO,2025-07-01,14:43:00,2025-07-31,197.05,197.05,197.05,197.05,0,3965,0
FINNIFTY31JUL2526700PE.NFO,2025-07-01,14:44:00,2025-07-31,197.05,197.05,197.05,197.05,0,3965,0
FINNIFTY31JUL2526700PE.NFO,2025-07-01,14:45:00,2025-07-31,197.05,197.05,197.05,197.05,0,3965,0
FINNIFTY31JUL2526700PE.NFO,2025-07-01,14:46:00,2025-07-31,197.05,197.05,197.05,197.05,0,3965,0
FINNIFTY31JUL2526700PE.NFO,2025-07-01,14:47:00,2025-07-31,197.05,197.05,197.05,197.05,0,3965,0
FINNIFTY31JUL2526700PE.NFO,2025-07-01,14:48:00,2025-07-31,197.05,197.05,197.05,197.05,0,3965,0
FINNIFTY31JUL2526700PE.NFO,2025-07-01,14:49:00,2025-07-31,197.05,197.05,197.05,197.05,0,3965,0
FINNIFTY31JUL2526700PE.NFO,2025-07-01,14:50:00,2025-07-31,197.05,197.05,197.05,197.05,0,3965,0
FINNIFTY31JUL2526700PE.NFO,2025-07-01,14:51:00,2025-07-31,197.05,199.3,197.05,199.3,65,3965,0
FINNIFTY31JUL2526700PE.NFO,2025-07-01,14:52:00,2025-07-31,199.3,199.3,199.3,199.3,0,3965,0
FINNIFTY31JUL2526700PE.NFO,2025-07-01,14:53:00,2025-07-31,199.3,199.3,199.3,199.3,0,3965,0
FINNIFTY31JUL2526700PE.NFO,2025-07-01,14:54:00,2025-07-31,199.3,199.3,199.3,199.3,0,3965,0
FINNIFTY31JUL2526700PE.NFO,2025-07-01,14:55:00,2025-07-31,199.3,199.3,199.3,199.3,0,3965,0
FINNIFTY31JUL2526700PE.NFO,2025-07-01,14:56:00,2025-07-31,199.3,199.7,199.3,199.7,65,4030,0
FINNIFTY31JUL2526700PE.NFO,2025-07-01,14:57:00,2025-07-31,199.7,199.7,199.7,199.7,0,4030,0
FINNIFTY31JUL2526700PE.NFO,2025-07-01,14:58:00,2025-07-31,199.7,199.7,199.7,199.7,0,4030,0
FINNIFTY31JUL2526700PE.NFO,2025-07-01,14:59:00,2025-07-31,199.7,199.7,199.7,199.7,0,4030,0
FINNIFTY31JUL2526700PE.NFO,2025-07-01,15:00:00,2025-07-31,199.7,201.7,199.7,201.7,130,4095,0
FINNIFTY31JUL2526700PE.NFO,2025-07-01,15:01:00,2025-07-31,201.7,201.7,201.7,201.7,0,4095,0
FINNIFTY31JUL2526700PE.NFO,2025-07-01,15:02:00,2025-07-31,201.7,201.7,201.7,201.7,0,4095,0
FINNIFTY31JUL2526700PE.NFO,2025-07-01,15:03:00,2025-07-31,201.7,201.7,201.7,201.7,0,4095,0
FINNIFTY31JUL2526700PE.NFO,2025-07-01,15:04:00,2025-07-31,201.7,201.7,201.7,201.7,0,4095,0
FINNIFTY31JUL2526700PE.NFO,2025-07-01,15:05:00,2025-07-31,201.7,201.7,201.7,201.7,0,4095,0
FINNIFTY31JUL2526700PE.NFO,2025-07-01,15:06:00,2025-07-31,201.7,201.7,201.7,201.7,0,4095,0
FINNIFTY31JUL2526700PE.NFO,2025-07-01,15:07:00,2025-07-31,201.7,201.7,201.7,201.7,0,4095,0
FINNIFTY31JUL2526700PE.NFO,2025-07-01,15:08:00,2025-07-31,201.7,201.7,201.7,201.7,0,4095,0
FINNIFTY31JUL2526700PE.NFO,2025-07-01,15:09:00,2025-07-31,201.7,201.7,201.7,201.7,0,4095,0
FINNIFTY31JUL2526700PE.NFO,2025-07-01,15:10:00,2025-07-31,201.7,201.7,200.0,200.0,65,4030,0
FINNIFTY31JUL2526700PE.NFO,2025-07-01,15:11:00,2025-07-31,200.0,200.0,200.0,200.0,0,4030,0
FINNIFTY31JUL2526700PE.NFO,2025-07-01,15:12:00,2025-07-31,200.0,200.0,200.0,200.0,0,4030,0
FINNIFTY31JUL2526700PE.NFO,2025-07-01,15:13:00,2025-07-31,200.0,200.0,200.0,200.0,0,4030,0
FINNIFTY31JUL2526700PE.NFO,2025-07-01,15:14:00,2025-07-31,200.0,200.0,200.0,200.0,0,4030,0
FINNIFTY31JUL2526700PE.NFO,2025-07-01,15:15:00,2025-07-31,200.0,200.0,200.0,200.0,0,4030,0
FINNIFTY31JUL2526700PE.NFO,2025-07-01,15:16:00,2025-07-31,200.0,200.0,200.0,200.0,0,4030,0
FINNIFTY31JUL2526700PE.NFO,2025-07-01,15:17:00,2025-07-31,200.0,200.0,200.0,200.0,0,4030,0
FINNIFTY31JUL2526700PE.NFO,2025-07-01,15:18:00,2025-07-31,200.0,203.3,200.0,203.3,65,4030,0
FINNIFTY31JUL2526700PE.NFO,2025-07-01,15:19:00,2025-07-31,203.3,203.3,203.3,203.3,0,4030,0
FINNIFTY31JUL2526700PE.NFO,2025-07-01,15:20:00,2025-07-31,203.3,203.3,203.3,203.3,0,4030,0
FINNIFTY31JUL2526700PE.NFO,2025-07-01,15:21:00,2025-07-31,203.3,203.3,203.3,203.3,0,4030,0
FINNIFTY31JUL2526700PE.NFO,2025-07-01,15:22:00,2025-07-31,203.3,203.3,200.95,200.95,130,4030,0
FINNIFTY31JUL2526700PE.NFO,2025-07-01,15:23:00,2025-07-31,200.95,200.95,200.95,200.95,0,4030,0
FINNIFTY31JUL2526700PE.NFO,2025-07-01,15:24:00,2025-07-31,200.95,200.95,200.95,200.95,0,4030,0
FINNIFTY31JUL2526700PE.NFO,2025-07-01,15:25:00,2025-07-31,200.95,200.95,200.95,200.95,0,4030,0
FINNIFTY31JUL2526700PE.NFO,2025-07-01,15:26:00,2025-07-31,200.95,200.95,200.95,200.95,0,4030,0
FINNIFTY31JUL2526700PE.NFO,2025-07-01,15:27:00,2025-07-31,200.95,200.95,200.95,200.95,0,4030,0
FINNIFTY31JUL2526700PE.NFO,2025-07-01,15:28:00,2025-07-31,200.95,200.95,200.95,200.95,0,4030,0
FINNIFTY31JUL2526700PE.NFO,2025-07-01,15:29:00,2025-07-31,200.95,200.95,200.95,200.95,0,4030,0
FINNIFTY31JUL2526700PE.NFO,2025-07-01,15:30:00,2025-07-31,200.95,200.95,200.95,200.95,0,4030,1
FINNIFTY31JUL2526700PE.NFO,2025-07-02,09:15:00,2025-07-31,184.05,184.05,184.05,184.05,520,3965,1
FINNIFTY31JUL2526700PE.NFO,2025-07-02,09:16:00,2025-07-31,200.45,200.45,183.85,184.05,520,3965,0
FINNIFTY31JUL2526700PE.NFO,2025-07-02,09:17:00,2025-07-31,184.05,186.25,182.8,186.25,130,3965,0
FINNIFTY31JUL2526700PE.NFO,2025-07-02,09:18:00,2025-07-31,186.25,188.1,186.25,188.1,65,3965,0
FINNIFTY31JUL2526700PE.NFO,2025-07-02,09:19:00,2025-07-31,187.25,190.4,187.25,190.4,195,4355,0
FINNIFTY31JUL2526700PE.NFO,2025-07-02,09:20:00,2025-07-31,190.4,190.4,190.4,190.4,0,4355,0
FINNIFTY31JUL2526700PE.NFO,2025-07-02,09:21:00,2025-07-31,190.4,190.4,190.4,190.4,0,4355,0
FINNIFTY31JUL2526700PE.NFO,2025-07-02,09:22:00,2025-07-31,190.4,190.4,190.4,190.4,0,4355,0
FINNIFTY31JUL2526700PE.NFO,2025-07-02,09:23:00,2025-07-31,190.4,190.4,190.4,190.4,0,4355,0
FINNIFTY31JUL2526700PE.NFO,2025-07-02,09:24:00,2025-07-31,190.4,190.4,190.4,190.4,0,4355,0
FINNIFTY31JUL2526700PE.NFO,2025-07-02,09:25:00,2025-07-31,190.4,190.4,190.4,190.4,0,4355,0
FINNIFTY31JUL2526700PE.NFO,2025-07-02,09:26:00,2025-07-31,190.4,203.8,190.4,203.8,130,4420,0
FINNIFTY31JUL2526700PE.NFO,2025-07-02,09:27:00,2025-07-31,203.8,203.8,203.8,203.8,0,4420,0
FINNIFTY31JUL2526700PE.NFO,2025-07-02,09:28:00,2025-07-31,203.8,208.75,203.8,208.75,65,4290,0
FINNIFTY31JUL2526700PE.NFO,2025-07-02,09:29:00,2025-07-31,208.75,208.75,208.75,208.75,0,4290,0
FINNIFTY31JUL2526700PE.NFO,2025-07-02,09:30:00,2025-07-31,208.75,209.65,208.75,209.65,65,4225,0
FINNIFTY31JUL2526700PE.NFO,2025-07-02,09:31:00,2025-07-31,209.65,209.65,209.65,209.65,0,4225,0
FINNIFTY31JUL2526700PE.NFO,2025-07-02,09:32:00,2025-07-31,209.65,209.65,209.65,209.65,0,4225,0
FINNIFTY31JUL2526700PE.NFO,2025-07-02,09:33:00,2025-07-31,209.65,209.65,209.65,209.65,130,4225,0
FINNIFTY31JUL2526700PE.NFO,2025-07-02,09:34:00,2025-07-31,209.65,214.3,209.65,214.3,65,4225,0
FINNIFTY31JUL2526700PE.NFO,2025-07-02,09:35:00,2025-07-31,214.3,214.3,212.7,212.7,195,4225,0
FINNIFTY31JUL2526700PE.NFO,2025-07-02,09:36:00,2025-07-31,212.7,212.7,209.6,209.6,130,4290,0
FINNIFTY31JUL2526700PE.NFO,2025-07-02,09:37:00,2025-07-31,209.6,209.6,209.6,209.6,0,4290,0
FINNIFTY31JUL2526700PE.NFO,2025-07-02,09:38:00,2025-07-31,209.6,209.6,209.6,209.6,0,4290,0
FINNIFTY31JUL2526700PE.NFO,2025-07-02,09:39:00,2025-07-31,209.6,209.6,209.6,209.6,0,4290,0
FINNIFTY31JUL2526700PE.NFO,2025-07-02,09:40:00,2025-07-31,209.6,209.6,209.6,209.6,0,4290,0
FINNIFTY31JUL2526700PE.NFO,2025-07-02,09:41:00,2025-07-31,209.6,218.2,209.6,218.2,65,4355,0
FINNIFTY31JUL2526700PE.NFO,2025-07-02,09:42:00,2025-07-31,218.2,218.2,218.2,218.2,0,4355,0
FINNIFTY31JUL2526700PE.NFO,2025-07-02,09:43:00,2025-07-31,218.2,218.2,218.2,218.2,0,4355,0
FINNIFTY31JUL2526700PE.NFO,2025-07-02,09:44:00,2025-07-31,218.2,218.2,218.2,218.2,0,4355,0
FINNIFTY31JUL2526700PE.NFO,2025-07-02,09:45:00,2025-07-31,218.2,222.0,218.2,222.0,130,4355,0
FINNIFTY31JUL2526700PE.NFO,2025-07-02,09:46:00,2025-07-31,222.0,222.0,222.0,222.0,0,4355,0
FINNIFTY31JUL2526700PE.NFO,2025-07-02,09:47:00,2025-07-31,222.0,222.4,220.65,220.65,195,4225,0
FINNIFTY31JUL2526700PE.NFO,2025-07-02,09:48:00,2025-07-31,220.65,220.65,220.65,220.65,0,4225,0
FINNIFTY31JUL2526700PE.NFO,2025-07-02,09:49:00,2025-07-31,220.65,220.65,220.65,220.65,0,4225,0
FINNIFTY31JUL2526700PE.NFO,2025-07-02,09:50:00,2025-07-31,220.65,221.25,220.65,221.25,65,4290,0
FINNIFTY31JUL2526700PE.NFO,2025-07-02,09:51:00,2025-07-31,221.25,221.25,215.85,215.85,130,4290,0
FINNIFTY31JUL2526700PE.NFO,2025-07-02,09:52:00,2025-07-31,215.85,215.85,215.85,215.85,0,4290,0
FINNIFTY31JUL2526700PE.NFO,2025-07-02,09:53:00,2025-07-31,215.85,215.85,215.85,215.85,0,4290,0
FINNIFTY31JUL2526700PE.NFO,2025-07-02,09:54:00,2025-07-31,215.85,221.0,215.85,221.0,65,4290,0
FINNIFTY31JUL2526700PE.NFO,2025-07-02,09:55:00,2025-07-31,221.0,221.0,218.0,218.0,390,4290,0
FINNIFTY31JUL2526700PE.NFO,2025-07-02,09:56:00,2025-07-31,218.0,218.0,218.0,218.0,0,4290,0
FINNIFTY31JUL2526700PE.NFO,2025-07-02,09:57:00,2025-07-31,218.0,218.05,218.0,218.05,0,4290,0
FINNIFTY31JUL2526700PE.NFO,2025-07-02,09:58:00,2025-07-31,218.05,218.05,218.05,218.05,0,4290,0
FINNIFTY31JUL2526700PE.NFO,2025-07-02,09:59:00,2025-07-31,218.05,219.5,218.05,219.5,65,4225,0
FINNIFTY31JUL2526700PE.NFO,2025-07-02,10:00:00,2025-07-31,219.5,219.5,219.5,219.5,0,4225,0
FINNIFTY31JUL2526700PE.NFO,2025-07-02,10:01:00,2025-07-31,219.5,219.5,219.5,219.5,0,4225,0
FINNIFTY31JUL2526700PE.NFO,2025-07-02,10:02:00,2025-07-31,219.5,225.7,219.5,225.7,195,4290,0
FINNIFTY31JUL2526700PE.NFO,2025-07-02,10:03:00,2025-07-31,225.7,225.7,225.7,225.7,0,4290,0
FINNIFTY31JUL2526700PE.NFO,2025-07-02,10:04:00,2025-07-31,225.7,225.7,225.7,225.7,0,4290,0
FINNIFTY31JUL2526700PE.NFO,2025-07-02,10:05:00,2025-07-31,225.7,226.95,225.7,226.95,65,4290,0
FINNIFTY31JUL2526700PE.NFO,2025-07-02,10:06:00,2025-07-31,226.95,230.2,226.95,230.2,130,4290,0
FINNIFTY31JUL2526700PE.NFO,2025-07-02,10:07:00,2025-07-31,230.2,230.2,226.9,226.9,130,4290,0
FINNIFTY31JUL2526700PE.NFO,2025-07-02,10:08:00,2025-07-31,226.9,226.9,226.9,226.9,0,4290,0
FINNIFTY31JUL2526700PE.NFO,2025-07-02,10:09:00,2025-07-31,226.9,226.9,226.9,226.9,0,4290,0
FINNIFTY31JUL2526700PE.NFO,2025-07-02,10:10:00,2025-07-31,226.9,226.9,226.9,226.9,0,4290,0
FINNIFTY31JUL2526700PE.NFO,2025-07-02,10:11:00,2025-07-31,226.9,226.9,220.15,220.15,65,4355,0
FINNIFTY31JUL2526700PE.NFO,2025-07-02,10:12:00,2025-07-31,220.15,220.35,220.15,220.35,65,4355,0
FINNIFTY31JUL2526700PE.NFO,2025-07-02,10:13:00,2025-07-31,220.35,220.35,220.35,220.35,0,4355,0
FINNIFTY31JUL2526700PE.NFO,2025-07-02,10:14:00,2025-07-31,220.35,220.35,220.35,220.35,0,4355,0
FINNIFTY31JUL2526700PE.NFO,2025-07-02,10:15:00,2025-07-31,220.35,220.35,220.35,220.35,0,4355,0
FINNIFTY31JUL2526700PE.NFO,2025-07-02,10:16:00,2025-07-31,220.35,226.0,220.35,226.0,65,4290,0
FINNIFTY31JUL2526700PE.NFO,2025-07-02,10:17:00,2025-07-31,226.0,228.9,226.0,228.9,65,4290,0
FINNIFTY31JUL2526700PE.NFO,2025-07-02,10:18:00,2025-07-31,228.9,235.45,228.9,235.45,325,4290,0
FINNIFTY31JUL2526700PE.NFO,2025-07-02,10:19:00,2025-07-31,235.45,235.45,230.8,230.8,65,4290,0
FINNIFTY31JUL2526700PE.NFO,2025-07-02,10:20:00,2025-07-31,230.8,230.8,230.8,230.8,65,4290,0
FINNIFTY31JUL2526700PE.NFO,2025-07-02,10:21:00,2025-07-31,230.8,231.6,230.8,231.6,325,4290,0
FINNIFTY31JUL2526700PE.NFO,2025-07-02,10:22:00,2025-07-31,231.6,231.6,225.65,225.65,130,4290,0
FINNIFTY31JUL2526700PE.NFO,2025-07-02,10:23:00,2025-07-31,225.65,225.65,225.65,225.65,0,4290,0
FINNIFTY31JUL2526700PE.NFO,2025-07-02,10:24:00,2025-07-31,225.65,225.65,225.65,225.65,0,4290,0
FINNIFTY31JUL2526700PE.NFO,2025-07-02,10:25:00,2025-07-31,225.65,225.65,225.65,225.65,0,4290,0
FINNIFTY31JUL2526700PE.NFO,2025-07-02,10:26:00,2025-07-31,225.65,226.4,225.65,226.4,65,4225,0
FINNIFTY31JUL2526700PE.NFO,2025-07-02,10:27:00,2025-07-31,226.4,226.4,226.4,226.4,0,4225,0
FINNIFTY31JUL2526700PE.NFO,2025-07-02,10:28:00,2025-07-31,226.4,226.4,225.0,225.0,65,4225,0
FINNIFTY31JUL2526700PE.NFO,2025-07-02,10:29:00,2025-07-31,225.0,225.0,225.0,225.0,0,4225,0
FINNIFTY31JUL2526700PE.NFO,2025-07-02,10:30:00,2025-07-31,225.0,226.35,225.0,226.35,65,4225,0
FINNIFTY31JUL2526700PE.NFO,2025-07-02,10:31:00,2025-07-31,226.35,226.35,226.35,226.35,0,4225,0
FINNIFTY31JUL2526700PE.NFO,2025-07-02,10:32:00,2025-07-31,226.35,226.35,226.35,226.35,0,4225,0
FINNIFTY31JUL2526700PE.NFO,2025-07-02,10:33:00,2025-07-31,226.35,231.1,226.35,231.1,65,4225,0
FINNIFTY31JUL2526700PE.NFO,2025-07-02,10:34:00,2025-07-31,231.1,231.1,231.1,231.1,0,4225,0
FINNIFTY31JUL2526700PE.NFO,2025-07-02,10:35:00,2025-07-31,231.1,231.1,231.1,231.1,0,4225,0
FINNIFTY31JUL2526700PE.NFO,2025-07-02,10:36:00,2025-07-31,231.1,231.1,231.1,231.1,0,4225,0
FINNIFTY31JUL2526700PE.NFO,2025-07-02,10:37:00,2025-07-31,231.1,231.1,231.1,231.1,0,4225,0
FINNIFTY31JUL2526700PE.NFO,2025-07-02,10:38:00,2025-07-31,231.1,231.1,231.1,231.1,0,4225,0
FINNIFTY31JUL2526700PE.NFO,2025-07-02,10:39:00,2025-07-31,231.1,231.1,231.1,231.1,0,4225,0
FINNIFTY31JUL2526700PE.NFO,2025-07-02,10:40:00,2025-07-31,231.1,231.1,231.1,231.1,0,4225,0
FINNIFTY31JUL2526700PE.NFO,2025-07-02,10:41:00,2025-07-31,231.1,231.1,231.1,231.1,0,4225,0
FINNIFTY31JUL2526700PE.NFO,2025-07-02,10:42:00,2025-07-31,231.1,233.95,231.1,233.95,65,4290,0
FINNIFTY31JUL2526700PE.NFO,2025-07-02,10:43:00,2025-07-31,233.95,233.95,231.1,231.1,130,4290,0
FINNIFTY31JUL2526700PE.NFO,2025-07-02,10:44:00,2025-07-31,231.1,231.1,231.1,231.1,0,4290,0
FINNIFTY31JUL2526700PE.NFO,2025-07-02,10:45:00,2025-07-31,231.1,231.1,231.1,231.1,0,4290,0
FINNIFTY31JUL2526700PE.NFO,2025-07-02,10:46:00,2025-07-31,231.1,231.1,231.1,231.1,0,4290,0
FINNIFTY31JUL2526700PE.NFO,2025-07-02,10:47:00,2025-07-31,231.1,231.1,231.1,231.1,0,4290,0
FINNIFTY31JUL2526700PE.NFO,2025-07-02,10:48:00,2025-07-31,231.1,231.1,230.1,230.1,65,4355,0
FINNIFTY31JUL2526700PE.NFO,2025-07-02,10:49:00,2025-07-31,230.1,230.1,230.1,230.1,0,4355,0
FINNIFTY31JUL2526700PE.NFO,2025-07-02,10:50:00,2025-07-31,230.1,230.1,230.1,230.1,0,4355,0
FINNIFTY31JUL2526700PE.NFO,2025-07-02,10:51:00,2025-07-31,230.1,230.1,230.1,230.1,0,4355,0
FINNIFTY31JUL2526700PE.NFO,2025-07-02,10:52:00,2025-07-31,230.1,234.4,230.1,234.4,65,4355,0
FINNIFTY31JUL2526700PE.NFO,2025-07-02,10:53:00,2025-07-31,234.4,234.4,234.4,234.4,0,4355,0
FINNIFTY31JUL2526700PE.NFO,2025-07-02,10:54:00,2025-07-31,234.4,236.4,234.4,236.4,130,4355,0
FINNIFTY31JUL2526700PE.NFO,2025-07-02,10:55:00,2025-07-31,236.4,236.4,236.4,236.4,0,4355,0
FINNIFTY31JUL2526700PE.NFO,2025-07-02,10:56:00,2025-07-31,236.4,236.4,233.15,233.15,65,4355,0
FINNIFTY31JUL2526700PE.NFO,2025-07-02,10:57:00,2025-07-31,233.15,233.15,233.15,233.15,0,4355,0
FINNIFTY31JUL2526700PE.NFO,2025-07-02,10:58:00,2025-07-31,233.15,233.15,233.15,233.15,0,4355,0
FINNIFTY31JUL2526700PE.NFO,2025-07-02,10:59:00,2025-07-31,233.15,233.15,233.15,233.15,0,4355,0
FINNIFTY31JUL2526700PE.NFO,2025-07-02,11:00:00,2025-07-31,233.15,233.15,233.15,233.15,0,4355,0
FINNIFTY31JUL2526700PE.NFO,2025-07-02,11:01:00,2025-07-31,233.15,233.15,233.15,233.15,0,4355,0
FINNIFTY31JUL2526700PE.NFO,2025-07-02,11:02:00,2025-07-31,233.15,233.15,233.15,233.15,0,4355,0
FINNIFTY31JUL2526700PE.NFO,2025-07-02,11:03:00,2025-07-31,233.15,238.2,233.15,238.2,65,4355,0
FINNIFTY31JUL2526700PE.NFO,2025-07-02,11:04:00,2025-07-31,238.2,238.2,238.2,238.2,0,4355,0
FINNIFTY31JUL2526700PE.NFO,2025-07-02,11:05:00,2025-07-31,238.2,238.2,238.2,238.2,0,4355,0
FINNIFTY31JUL2526700PE.NFO,2025-07-02,11:06:00,2025-07-31,238.2,238.2,238.2,238.2,0,4355,0
FINNIFTY31JUL2526700PE.NFO,2025-07-02,11:07:00,2025-07-31,238.2,238.2,238.2,238.2,0,4355,0
FINNIFTY31JUL2526700PE.NFO,2025-07-02,11:08:00,2025-07-31,238.2,238.2,238.2,238.2,325,4355,0
FINNIFTY31JUL2526700PE.NFO,2025-07-02,11:09:00,2025-07-31,238.2,238.2,238.2,238.2,0,4355,0
FINNIFTY31JUL2526700PE.NFO,2025-07-02,11:10:00,2025-07-31,238.2,243.1,238.2,242.25,130,4355,0
FINNIFTY31JUL2526700PE.NFO,2025-07-02,11:11:00,2025-07-31,242.25,242.25,240.0,240.0,65,4355,0
FINNIFTY31JUL2526700PE.NFO,2025-07-02,11:12:00,2025-07-31,240.0,240.7,240.0,240.7,65,4355,0
FINNIFTY31JUL2526700PE.NFO,2025-07-02,11:13:00,2025-07-31,240.7,240.7,239.25,239.25,130,4290,0
FINNIFTY31JUL2526700PE.NFO,2025-07-02,11:14:00,2025-07-31,239.25,239.25,238.4,238.4,130,4290,0
FINNIFTY31JUL2526700PE.NFO,2025-07-02,11:15:00,2025-07-31,238.4,240.85,238.4,240.85,65,4290,0
FINNIFTY31JUL2526700PE.NFO,2025-07-02,11:16:00,2025-07-31,240.85,240.85,240.85,240.85,0,4290,0
FINNIFTY31JUL2526700PE.NFO,2025-07-02,11:17:00,2025-07-31,240.85,240.85,240.85,240.85,0,4290,0
FINNIFTY31JUL2526700PE.NFO,2025-07-02,11:18:00,2025-07-31,240.85,240.85,240.85,240.85,0,4290,0
FINNIFTY31JUL2526700PE.NFO,2025-07-02,11:19:00,2025-07-31,240.85,240.85,240.85,240.85,0,4290,0
FINNIFTY31JUL2526700PE.NFO,2025-07-02,11:20:00,2025-07-31,240.85,240.85,240.85,240.85,0,4290,0
FINNIFTY31JUL2526700PE.NFO,2025-07-02,11:21:00,2025-07-31,240.85,240.85,240.85,240.85,0,4290,0
FINNIFTY31JUL2526700PE.NFO,2025-07-02,11:22:00,2025-07-31,240.85,240.85,240.85,240.85,0,4290,0
FINNIFTY31JUL2526700PE.NFO,2025-07-02,11:23:00,2025-07-31,240.85,240.85,240.85,240.85,0,4290,0
FINNIFTY31JUL2526700PE.NFO,2025-07-02,11:24:00,2025-07-31,240.85,240.85,240.85,240.85,0,4290,0
FINNIFTY31JUL2526700PE.NFO,2025-07-02,11:25:00,2025-07-31,240.85,240.85,240.85,240.85,0,4290,0
FINNIFTY31JUL2526700PE.NFO,2025-07-02,11:26:00,2025-07-31,240.85,240.85,240.85,240.85,0,4290,0
FINNIFTY31JUL2526700PE.NFO,2025-07-02,11:27:00,2025-07-31,240.85,240.85,240.85,240.85,0,4290,0
FINNIFTY31JUL2526700PE.NFO,2025-07-02,11:28:00,2025-07-31,240.85,240.85,240.0,240.0,65,4225,0
FINNIFTY31JUL2526700PE.NFO,2025-07-02,11:29:00,2025-07-31,240.0,240.0,240.0,240.0,0,4225,0
FINNIFTY31JUL2526700PE.NFO,2025-07-02,11:30:00,2025-07-31,240.0,240.0,240.0,240.0,0,4225,0
FINNIFTY31JUL2526700PE.NFO,2025-07-02,11:31:00,2025-07-31,240.0,240.0,240.0,240.0,65,4225,0
FINNIFTY31JUL2526700PE.NFO,2025-07-02,11:32:00,2025-07-31,240.0,240.0,238.55,238.55,65,4225,0
FINNIFTY31JUL2526700PE.NFO,2025-07-02,11:33:00,2025-07-31,238.55,238.55,238.55,238.55,0,4225,0
FINNIFTY31JUL2526700PE.NFO,2025-07-02,11:34:00,2025-07-31,238.55,238.55,238.55,238.55,0,4225,0
FINNIFTY31JUL2526700PE.NFO,2025-07-02,11:35:00,2025-07-31,238.55,243.8,238.55,243.8,65,4160,0
FINNIFTY31JUL2526700PE.NFO,2025-07-02,11:36:00,2025-07-31,243.8,243.8,243.8,243.8,0,4160,0
FINNIFTY31JUL2526700PE.NFO,2025-07-02,11:37:00,2025-07-31,243.8,243.8,243.8,243.8,0,4160,0
FINNIFTY31JUL2526700PE.NFO,2025-07-02,11:38:00,2025-07-31,243.8,245.0,243.8,245.0,65,4160,0
FINNIFTY31JUL2526700PE.NFO,2025-07-02,11:39:00,2025-07-31,245.0,245.0,245.0,245.0,0,4160,0
FINNIFTY31JUL2526700PE.NFO,2025-07-02,11:40:00,2025-07-31,245.0,245.0,244.05,244.05,65,4160,0
FINNIFTY31JUL2526700PE.NFO,2025-07-02,11:41:00,2025-07-31,244.05,244.05,244.05,244.05,0,4160,0
FINNIFTY31JUL2526700PE.NFO,2025-07-02,11:42:00,2025-07-31,244.05,244.05,244.05,244.05,0,4160,0
FINNIFTY31JUL2526700PE.NFO,2025-07-02,11:43:00,2025-07-31,244.05,244.05,244.05,244.05,0,4160,0
FINNIFTY31JUL2526700PE.NFO,2025-07-02,11:44:00,2025-07-31,244.05,244.05,244.05,244.05,0,4160,0
FINNIFTY31JUL2526700PE.NFO,2025-07-02,11:45:00,2025-07-31,244.05,244.05,244.05,244.05,0,4160,0
FINNIFTY31JUL2526700PE.NFO,2025-07-02,11:46:00,2025-07-31,244.05,244.05,244.05,244.05,0,4160,0
FINNIFTY31JUL2526700PE.NFO,2025-07-02,11:47:00,2025-07-31,244.05,244.05,244.05,244.05,0,4160,0
FINNIFTY31JUL2526700PE.NFO,2025-07-02,11:48:00,2025-07-31,244.05,244.05,240.8,240.8,130,4160,0
FINNIFTY31JUL2526700PE.NFO,2025-07-02,11:49:00,2025-07-31,240.8,240.8,240.8,240.8,0,4160,0
FINNIFTY31JUL2526700PE.NFO,2025-07-02,11:50:00,2025-07-31,240.8,240.8,240.8,240.8,0,4160,0
FINNIFTY31JUL2526700PE.NFO,2025-07-02,11:51:00,2025-07-31,240.8,240.8,240.8,240.8,0,4160,0
FINNIFTY31JUL2526700PE.NFO,2025-07-02,11:52:00,2025-07-31,240.8,240.8,240.8,240.8,0,4160,0
FINNIFTY31JUL2526700PE.NFO,2025-07-02,11:53:00,2025-07-31,240.8,243.7,240.8,243.7,130,4160,0
FINNIFTY31JUL2526700PE.NFO,2025-07-02,11:54:00,2025-07-31,243.7,243.7,243.05,243.05,65,4160,0
FINNIFTY31JUL2526700PE.NFO,2025-07-02,11:55:00,2025-07-31,243.05,243.25,242.9,243.25,195,4225,0
FINNIFTY31JUL2526700PE.NFO,2025-07-02,11:56:00,2025-07-31,243.25,243.25,243.25,243.25,0,4225,0
FINNIFTY31JUL2526700PE.NFO,2025-07-02,11:57:00,2025-07-31,243.25,243.25,243.1,243.1,130,4225,0
FINNIFTY31JUL2526700PE.NFO,2025-07-02,11:58:00,2025-07-31,243.1,243.85,243.1,243.85,65,4355,0
FINNIFTY31JUL2526700PE.NFO,2025-07-02,11:59:00,2025-07-31,243.85,243.85,242.65,242.65,65,4355,0
FINNIFTY31JUL2526700PE.NFO,2025-07-02,12:00:00,2025-07-31,242.65,242.65,242.4,242.4,130,4355,0
FINNIFTY31JUL2526700PE.NFO,2025-07-02,12:01:00,2025-07-31,242.4,242.4,242.4,242.4,0,4355,0
FINNIFTY31JUL2526700PE.NFO,2025-07-02,12:02:00,2025-07-31,242.4,243.7,242.4,243.7,65,4355,0
FINNIFTY31JUL2526700PE.NFO,2025-07-02,12:03:00,2025-07-31,243.7,243.7,243.7,243.7,0,4355,0
FINNIFTY31JUL2526700PE.NFO,2025-07-02,12:04:00,2025-07-31,243.7,243.9,242.05,242.05,195,4355,0
FINNIFTY31JUL2526700PE.NFO,2025-07-02,12:05:00,2025-07-31,242.05,242.05,242.05,242.05,0,4355,0
FINNIFTY31JUL2526700PE.NFO,2025-07-02,12:06:00,2025-07-31,242.05,242.05,242.05,242.05,0,4355,0
FINNIFTY31JUL2526700PE.NFO,2025-07-02,12:07:00,2025-07-31,242.05,242.05,242.05,242.05,0,4355,0
FINNIFTY31JUL2526700PE.NFO,2025-07-02,12:08:00,2025-07-31,242.05,242.05,242.05,242.05,0,4355,0
FINNIFTY31JUL2526700PE.NFO,2025-07-02,12:09:00,2025-07-31,242.05,242.05,242.05,242.05,0,4355,0
FINNIFTY31JUL2526700PE.NFO,2025-07-02,12:10:00,2025-07-31,242.05,242.05,242.05,242.05,0,4355,0
FINNIFTY31JUL2526700PE.NFO,2025-07-02,12:11:00,2025-07-31,242.05,242.05,241.45,241.45,65,4355,0
FINNIFTY31JUL2526700PE.NFO,2025-07-02,12:12:00,2025-07-31,241.45,241.45,241.45,241.45,0,4355,0
FINNIFTY31JUL2526700PE.NFO,2025-07-02,12:13:00,2025-07-31,241.45,241.45,241.45,241.45,0,4355,0
FINNIFTY31JUL2526700PE.NFO,2025-07-02,12:14:00,2025-07-31,241.45,241.45,241.45,241.45,0,4355,0
FINNIFTY31JUL2526700PE.NFO,2025-07-02,12:15:00,2025-07-31,241.45,241.45,241.45,241.45,0,4355,0
FINNIFTY31JUL2526700PE.NFO,2025-07-02,12:16:00,2025-07-31,241.45,245.7,241.45,245.7,130,4355,0
FINNIFTY31JUL2526700PE.NFO,2025-07-02,12:17:00,2025-07-31,245.7,245.7,245.7,245.7,0,4355,0
FINNIFTY31JUL2526700PE.NFO,2025-07-02,12:18:00,2025-07-31,245.7,245.7,245.7,245.7,0,4355,0
FINNIFTY31JUL2526700PE.NFO,2025-07-02,12:19:00,2025-07-31,245.7,245.7,245.7,245.7,0,4355,0
FINNIFTY31JUL2526700PE.NFO,2025-07-02,12:20:00,2025-07-31,245.7,245.7,245.7,245.7,0,4355,0
FINNIFTY31JUL2526700PE.NFO,2025-07-02,12:21:00,2025-07-31,245.7,245.7,245.7,245.7,0,4355,0
FINNIFTY31JUL2526700PE.NFO,2025-07-02,12:22:00,2025-07-31,245.7,245.7,245.7,245.7,0,4355,0
FINNIFTY31JUL2526700PE.NFO,2025-07-02,12:23:00,2025-07-31,245.7,245.7,245.7,245.7,0,4355,0
FINNIFTY31JUL2526700PE.NFO,2025-07-02,12:24:00,2025-07-31,245.7,245.7,245.7,245.7,0,4355,0
FINNIFTY31JUL2526700PE.NFO,2025-07-02,12:25:00,2025-07-31,245.7,245.7,245.7,245.7,0,4355,0
FINNIFTY31JUL2526700PE.NFO,2025-07-02,12:26:00,2025-07-31,245.7,245.7,245.7,245.7,0,4355,0
FINNIFTY31JUL2526700PE.NFO,2025-07-02,12:27:00,2025-07-31,245.7,245.7,245.7,245.7,0,4355,0
FINNIFTY31JUL2526700PE.NFO,2025-07-02,12:28:00,2025-07-31,245.7,245.7,245.7,245.7,0,4355,0
FINNIFTY31JUL2526700PE.NFO,2025-07-02,12:29:00,2025-07-31,245.7,245.7,245.7,245.7,0,4355,0
FINNIFTY31JUL2526700PE.NFO,2025-07-02,12:30:00,2025-07-31,245.7,245.7,245.7,245.7,0,4355,0
FINNIFTY31JUL2526700PE.NFO,2025-07-02,12:31:00,2025-07-31,245.7,245.7,245.7,245.7,0,4355,0
FINNIFTY31JUL2526700PE.NFO,2025-07-02,12:32:00,2025-07-31,245.7,245.7,245.7,245.7,0,4355,0
FINNIFTY31JUL2526700PE.NFO,2025-07-02,12:33:00,2025-07-31,245.7,245.7,245.7,245.7,0,4355,0
FINNIFTY31JUL2526700PE.NFO,2025-07-02,12:34:00,2025-07-31,245.7,245.7,245.7,245.7,0,4355,0
FINNIFTY31JUL2526700PE.NFO,2025-07-02,12:35:00,2025-07-31,245.7,245.7,245.7,245.7,0,4355,0
FINNIFTY31JUL2526700PE.NFO,2025-07-02,12:36:00,2025-07-31,245.7,245.7,245.7,245.7,0,4355,0
FINNIFTY31JUL2526700PE.NFO,2025-07-02,12:37:00,2025-07-31,245.7,245.7,245.7,245.7,0,4355,0
FINNIFTY31JUL2526700PE.NFO,2025-07-02,12:38:00,2025-07-31,245.7,245.7,245.7,245.7,0,4355,0
FINNIFTY31JUL2526700PE.NFO,2025-07-02,12:39:00,2025-07-31,245.7,245.7,244.3,244.3,65,4420,0
FINNIFTY31JUL2526700PE.NFO,2025-07-02,12:40:00,2025-07-31,244.3,245.15,244.3,245.15,65,4485,0
FINNIFTY31JUL2526700PE.NFO,2025-07-02,12:41:00,2025-07-31,245.15,245.15,245.15,245.15,0,4485,0
FINNIFTY31JUL2526700PE.NFO,2025-07-02,12:42:00,2025-07-31,245.15,245.15,245.15,245.15,0,4485,0
FINNIFTY31JUL2526700PE.NFO,2025-07-02,12:43:00,2025-07-31,245.15,245.15,245.15,245.15,0,4485,0
FINNIFTY31JUL2526700PE.NFO,2025-07-02,12:44:00,2025-07-31,245.15,245.15,245.15,245.15,0,4485,0
FINNIFTY31JUL2526700PE.NFO,2025-07-02,12:45:00,2025-07-31,245.15,245.15,245.15,245.15,0,4485,0
FINNIFTY31JUL2526700PE.NFO,2025-07-02,12:46:00,2025-07-31,245.15,245.15,245.15,245.15,0,4485,0
FINNIFTY31JUL2526700PE.NFO,2025-07-02,12:47:00,2025-07-31,245.15,245.15,245.15,245.15,0,4485,0
FINNIFTY31JUL2526700PE.NFO,2025-07-02,12:48:00,2025-07-31,245.15,245.15,245.15,245.15,0,4485,0
FINNIFTY31JUL2526700PE.NFO,2025-07-02,12:49:00,2025-07-31,245.15,245.15,245.15,245.15,0,4485,0
FINNIFTY31JUL2526700PE.NFO,2025-07-02,12:50:00,2025-07-31,245.15,245.15,245.15,245.15,0,4485,0
FINNIFTY31JUL2526700PE.NFO,2025-07-02,12:51:00,2025-07-31,245.15,245.15,245.15,245.15,0,4485,0
FINNIFTY31JUL2526700PE.NFO,2025-07-02,12:52:00,2025-07-31,245.15,245.15,245.15,245.15,0,4485,0
FINNIFTY31JUL2526700PE.NFO,2025-07-02,12:53:00,2025-07-31,245.15,245.15,245.15,245.15,0,4485,0
FINNIFTY31JUL2526700PE.NFO,2025-07-02,12:54:00,2025-07-31,245.15,250.0,245.15,250.0,390,4420,0
FINNIFTY31JUL2526700PE.NFO,2025-07-02,12:55:00,2025-07-31,250.0,250.0,250.0,250.0,0,4420,0
FINNIFTY31JUL2526700PE.NFO,2025-07-02,12:56:00,2025-07-31,250.0,250.0,250.0,250.0,0,4420,0
FINNIFTY31JUL2526700PE.NFO,2025-07-02,12:57:00,2025-07-31,250.0,250.0,250.0,250.0,0,4420,0
FINNIFTY31JUL2526700PE.NFO,2025-07-02,12:58:00,2025-07-31,250.0,250.0,250.0,250.0,0,4420,0
FINNIFTY31JUL2526700PE.NFO,2025-07-02,12:59:00,2025-07-31,250.0,250.0,250.0,250.0,0,4420,0
FINNIFTY31JUL2526700PE.NFO,2025-07-02,13:00:00,2025-07-31,250.0,250.0,250.0,250.0,0,4420,0
FINNIFTY31JUL2526700PE.NFO,2025-07-02,13:01:00,2025-07-31,250.0,250.0,250.0,250.0,0,4420,0
FINNIFTY31JUL2526700PE.NFO,2025-07-02,13:02:00,2025-07-31,250.0,250.0,250.0,250.0,0,4420,0
FINNIFTY31JUL2526700PE.NFO,2025-07-02,13:03:00,2025-07-31,250.0,250.0,245.75,245.75,195,4485,0
FINNIFTY31JUL2526700PE.NFO,2025-07-02,13:04:00,2025-07-31,245.75,245.75,245.75,245.75,0,4485,0
FINNIFTY31JUL2526700PE.NFO,2025-07-02,13:05:00,2025-07-31,245.75,245.75,245.75,245.75,0,4485,0
FINNIFTY31JUL2526700PE.NFO,2025-07-02,13:06:00,2025-07-31,245.75,245.75,245.75,245.75,0,4485,0
FINNIFTY31JUL2526700PE.NFO,2025-07-02,13:07:00,2025-07-31,245.75,245.75,245.75,245.75,0,4485,0
FINNIFTY31JUL2526700PE.NFO,2025-07-02,13:08:00,2025-07-31,245.75,245.75,245.75,245.75,0,4485,0
FINNIFTY31JUL2526700PE.NFO,2025-07-02,13:09:00,2025-07-31,245.75,245.75,245.75,245.75,0,4485,0
FINNIFTY31JUL2526700PE.NFO,2025-07-02,13:10:00,2025-07-31,245.75,252.9,245.75,252.9,130,4550,0
FINNIFTY31JUL2526700PE.NFO,2025-07-02,13:11:00,2025-07-31,252.9,252.9,252.9,252.9,0,4550,0
FINNIFTY31JUL2526700PE.NFO,2025-07-02,13:12:00,2025-07-31,252.9,252.9,251.8,251.8,65,4550,0
FINNIFTY31JUL2526700PE.NFO,2025-07-02,13:13:00,2025-07-31,251.8,251.8,251.8,251.8,0,4550,0
FINNIFTY31JUL2526700PE.NFO,2025-07-02,13:14:00,2025-07-31,251.8,251.8,251.8,251.8,0,4550,0
FINNIFTY31JUL2526700PE.NFO,2025-07-02,13:15:00,2025-07-31,251.8,251.8,251.8,251.8,0,4550,0
FINNIFTY31JUL2526700PE.NFO,2025-07-02,13:16:00,2025-07-31,251.8,258.15,251.8,258.15,650,4485,0
FINNIFTY31JUL2526700PE.NFO,2025-07-02,13:17:00,2025-07-31,258.15,258.15,258.15,258.15,0,4485,0
FINNIFTY31JUL2526700PE.NFO,2025-07-02,13:18:00,2025-07-31,258.15,258.15,258.15,258.15,0,4485,0
FINNIFTY31JUL2526700PE.NFO,2025-07-02,13:19:00,2025-07-31,258.15,258.15,258.15,258.15,0,4485,0
FINNIFTY31JUL2526700PE.NFO,2025-07-02,13:20:00,2025-07-31,258.15,267.3,258.15,267.3,260,4875,0
FINNIFTY31JUL2526700PE.NFO,2025-07-02,13:21:00,2025-07-31,267.3,267.3,264.65,264.65,65,4875,0
FINNIFTY31JUL2526700PE.NFO,2025-07-02,13:22:00,2025-07-31,264.65,264.65,264.65,264.65,0,4875,0
FINNIFTY31JUL2526700PE.NFO,2025-07-02,13:23:00,2025-07-31,264.65,264.65,264.65,264.65,0,4875,0
FINNIFTY31JUL2526700PE.NFO,2025-07-02,13:24:00,2025-07-31,264.65,264.65,264.65,264.65,0,4875,0
FINNIFTY31JUL2526700PE.NFO,2025-07-02,13:25:00,2025-07-31,264.65,264.65,264.65,264.65,0,4875,0
FINNIFTY31JUL2526700PE.NFO,2025-07-02,13:26:00,2025-07-31,264.65,264.65,264.65,264.65,0,4875,0
FINNIFTY31JUL2526700PE.NFO,2025-07-02,13:27:00,2025-07-31,264.65,276.1,264.65,276.1,585,4940,0
FINNIFTY31JUL2526700PE.NFO,2025-07-02,13:28:00,2025-07-31,276.1,283.6,276.1,283.6,325,4745,0
FINNIFTY31JUL2526700PE.NFO,2025-07-02,13:29:00,2025-07-31,283.6,285.6,283.6,285.0,195,4745,0
FINNIFTY31JUL2526700PE.NFO,2025-07-02,13:30:00,2025-07-31,285.0,292.9,285.0,292.9,390,4745,0
FINNIFTY31JUL2526700PE.NFO,2025-07-02,13:31:00,2025-07-31,292.9,292.9,288.55,288.55,130,4875,0
FINNIFTY31JUL2526700PE.NFO,2025-07-02,13:32:00,2025-07-31,288.55,289.0,283.35,283.35,520,4875,0
FINNIFTY31JUL2526700PE.NFO,2025-07-02,13:33:00,2025-07-31,283.35,285.55,283.35,285.55,195,4875,0
FINNIFTY31JUL2526700PE.NFO,2025-07-02,13:34:00,2025-07-31,285.55,289.0,285.55,289.0,65,5005,0
FINNIFTY31JUL2526700PE.NFO,2025-07-02,13:35:00,2025-07-31,289.0,289.0,287.4,287.4,65,5005,0
FINNIFTY31JUL2526700PE.NFO,2025-07-02,13:36:00,2025-07-31,287.4,287.4,287.4,287.4,0,5005,0
FINNIFTY31JUL2526700PE.NFO,2025-07-02,13:37:00,2025-07-31,287.4,287.4,287.4,287.4,0,5005,0
FINNIFTY31JUL2526700PE.NFO,2025-07-02,13:38:00,2025-07-31,287.4,287.4,286.8,286.8,65,4745,0
FINNIFTY31JUL2526700PE.NFO,2025-07-02,13:39:00,2025-07-31,286.8,286.8,280.1,282.0,260,4745,0
FINNIFTY31JUL2526700PE.NFO,2025-07-02,13:40:00,2025-07-31,282.0,282.0,280.8,282.0,260,4745,0
FINNIFTY31JUL2526700PE.NFO,2025-07-02,13:41:00,2025-07-31,282.0,290.5,282.0,290.5,195,4745,0
FINNIFTY31JUL2526700PE.NFO,2025-07-02,13:42:00,2025-07-31,290.5,295.0,290.5,295.0,780,4745,0
FINNIFTY31JUL2526700PE.NFO,2025-07-02,13:43:00,2025-07-31,295.0,295.0,290.15,290.15,195,5330,0
FINNIFTY31JUL2526700PE.NFO,2025-07-02,13:44:00,2025-07-31,290.15,290.15,288.95,288.95,65,5330,0
FINNIFTY31JUL2526700PE.NFO,2025-07-02,13:45:00,2025-07-31,288.95,292.6,288.95,292.6,65,5330,0
FINNIFTY31JUL2526700PE.NFO,2025-07-02,13:46:00,2025-07-31,292.6,293.0,286.0,286.0,390,5330,0
FINNIFTY31JUL2526700PE.NFO,2025-07-02,13:47:00,2025-07-31,286.0,286.0,286.0,286.0,0,5330,0
FINNIFTY31JUL2526700PE.NFO,2025-07-02,13:48:00,2025-07-31,286.0,291.0,286.0,291.0,260,5330,0
FINNIFTY31JUL2526700PE.NFO,2025-07-02,13:49:00,2025-07-31,291.0,291.0,291.0,291.0,0,5330,0
FINNIFTY31JUL2526700PE.NFO,2025-07-02,13:50:00,2025-07-31,291.0,291.0,285.8,285.8,65,5200,0
FINNIFTY31JUL2526700PE.NFO,2025-07-02,13:51:00,2025-07-31,285.8,285.8,285.8,285.8,0,5200,0
FINNIFTY31JUL2526700PE.NFO,2025-07-02,13:52:00,2025-07-31,285.8,285.8,285.8,285.8,0,5200,0
FINNIFTY31JUL2526700PE.NFO,2025-07-02,13:53:00,2025-07-31,285.8,285.8,285.8,285.8,0,5200,0
FINNIFTY31JUL2526700PE.NFO,2025-07-02,13:54:00,2025-07-31,285.8,292.15,285.8,292.15,65,5135,0
FINNIFTY31JUL2526700PE.NFO,2025-07-02,13:55:00,2025-07-31,292.15,292.15,292.15,292.15,0,5135,0
FINNIFTY31JUL2526700PE.NFO,2025-07-02,13:56:00,2025-07-31,292.15,292.15,292.15,292.15,0,5135,0
FINNIFTY31JUL2526700PE.NFO,2025-07-02,13:57:00,2025-07-31,292.15,292.15,292.15,292.15,0,5135,0
FINNIFTY31JUL2526700PE.NFO,2025-07-02,13:58:00,2025-07-31,292.15,292.15,284.7,284.7,325,5135,0
FINNIFTY31JUL2526700PE.NFO,2025-07-02,13:59:00,2025-07-31,284.7,284.7,284.1,284.1,65,5135,0
FINNIFTY31JUL2526700PE.NFO,2025-07-02,14:00:00,2025-07-31,284.1,284.7,284.1,284.7,65,5135,0
FINNIFTY31JUL2526700PE.NFO,2025-07-02,14:01:00,2025-07-31,284.7,292.1,284.7,292.1,195,5005,0
FINNIFTY31JUL2526700PE.NFO,2025-07-02,14:02:00,2025-07-31,292.1,292.1,292.1,292.1,0,5005,0
FINNIFTY31JUL2526700PE.NFO,2025-07-02,14:03:00,2025-07-31,292.1,292.1,292.1,292.1,0,5005,0
FINNIFTY31JUL2526700PE.NFO,2025-07-02,14:04:00,2025-07-31,292.1,292.1,292.1,292.1,0,5005,0
FINNIFTY31JUL2526700PE.NFO,2025-07-02,14:05:00,2025-07-31,292.1,292.1,292.1,292.1,0,5005,0
FINNIFTY31JUL2526700PE.NFO,2025-07-02,14:06:00,2025-07-31,292.1,292.1,287.0,287.0,65,5070,0
FINNIFTY31JUL2526700PE.NFO,2025-07-02,14:07:00,2025-07-31,287.0,287.0,287.0,287.0,0,5070,0
FINNIFTY31JUL2526700PE.NFO,2025-07-02,14:08:00,2025-07-31,287.0,287.0,282.55,282.55,195,5005,0
FINNIFTY31JUL2526700PE.NFO,2025-07-02,14:09:00,2025-07-31,282.55,282.55,282.55,282.55,0,5005,0
FINNIFTY31JUL2526700PE.NFO,2025-07-02,14:10:00,2025-07-31,282.55,282.55,280.8,280.8,65,4875,0
FINNIFTY31JUL2526700PE.NFO,2025-07-02,14:11:00,2025-07-31,280.8,280.8,278.45,278.45,65,4875,0
FINNIFTY31JUL2526700PE.NFO,2025-07-02,14:12:00,2025-07-31,278.45,278.45,278.0,278.0,130,4875,0
FINNIFTY31JUL2526700PE.NFO,2025-07-02,14:13:00,2025-07-31,278.0,278.0,278.0,278.0,0,4875,0
FINNIFTY31JUL2526700PE.NFO,2025-07-02,14:14:00,2025-07-31,278.0,278.0,278.0,278.0,0,4875,0
FINNIFTY31JUL2526700PE.NFO,2025-07-02,14:15:00,2025-07-31,278.0,278.0,278.0,278.0,0,4875,0
FINNIFTY31JUL2526700PE.NFO,2025-07-02,14:16:00,2025-07-31,278.0,278.0,278.0,278.0,0,4875,0
FINNIFTY31JUL2526700PE.NFO,2025-07-02,14:17:00,2025-07-31,278.0,278.0,278.0,278.0,0,4875,0
FINNIFTY31JUL2526700PE.NFO,2025-07-02,14:18:00,2025-07-31,278.0,278.0,278.0,278.0,0,4875,0
FINNIFTY31JUL2526700PE.NFO,2025-07-02,14:19:00,2025-07-31,278.0,279.35,278.0,278.6,130,4875,0
FINNIFTY31JUL2526700PE.NFO,2025-07-02,14:20:00,2025-07-31,278.6,278.6,278.6,278.6,0,4875,0
FINNIFTY31JUL2526700PE.NFO,2025-07-02,14:21:00,2025-07-31,278.6,278.6,278.6,278.6,0,4875,0
FINNIFTY31JUL2526700PE.NFO,2025-07-02,14:22:00,2025-07-31,278.6,283.0,278.6,281.65,195,4875,0
FINNIFTY31JUL2526700PE.NFO,2025-07-02,14:23:00,2025-07-31,281.65,285.35,281.65,283.9,195,4875,0
FINNIFTY31JUL2526700PE.NFO,2025-07-02,14:24:00,2025-07-31,283.9,283.9,283.2,283.2,130,4875,0
FINNIFTY31JUL2526700PE.NFO,2025-07-02,14:25:00,2025-07-31,283.2,283.2,281.65,281.65,130,4875,0
FINNIFTY31JUL2526700PE.NFO,2025-07-02,14:26:00,2025-07-31,281.65,281.65,281.65,281.65,0,4875,0
FINNIFTY31JUL2526700PE.NFO,2025-07-02,14:27:00,2025-07-31,281.65,286.95,281.65,286.95,130,5265,0
FINNIFTY31JUL2526700PE.NFO,2025-07-02,14:28:00,2025-07-31,286.95,286.95,286.95,286.95,0,5265,0
FINNIFTY31JUL2526700PE.NFO,2025-07-02,14:29:00,2025-07-31,286.95,286.95,286.95,286.95,0,5265,0
FINNIFTY31JUL2526700PE.NFO,2025-07-02,14:30:00,2025-07-31,286.95,286.95,286.95,286.95,0,5265,0
FINNIFTY31JUL2526700PE.NFO,2025-07-02,14:31:00,2025-07-31,286.95,286.95,282.45,284.1,130,5330,0
FINNIFTY31JUL2526700PE.NFO,2025-07-02,14:32:00,2025-07-31,284.1,284.1,283.15,283.15,65,5330,0
FINNIFTY31JUL2526700PE.NFO,2025-07-02,14:33:00,2025-07-31,283.15,283.15,283.15,283.15,0,5330,0
FINNIFTY31JUL2526700PE.NFO,2025-07-02,14:34:00,2025-07-31,283.15,285.65,283.15,285.65,130,5265,0
FINNIFTY31JUL2526700PE.NFO,2025-07-02,14:35:00,2025-07-31,285.65,286.65,285.65,286.65,65,5265,0
FINNIFTY31JUL2526700PE.NFO,2025-07-02,14:36:00,2025-07-31,286.65,286.65,286.65,286.65,0,5265,0
FINNIFTY31JUL2526700PE.NFO,2025-07-02,14:37:00,2025-07-31,286.65,288.95,286.65,288.95,130,5265,0
FINNIFTY31JUL2526700PE.NFO,2025-07-02,14:38:00,2025-07-31,288.95,288.95,288.95,288.95,0,5265,0
FINNIFTY31JUL2526700PE.NFO,2025-07-02,14:39:00,2025-07-31,288.95,288.95,288.95,288.95,0,5265,0
FINNIFTY31JUL2526700PE.NFO,2025-07-02,14:40:00,2025-07-31,288.95,292.45,288.95,292.45,65,5330,0
FINNIFTY31JUL2526700PE.NFO,2025-07-02,14:41:00,2025-07-31,292.45,292.45,292.45,292.45,0,5330,0
FINNIFTY31JUL2526700PE.NFO,2025-07-02,14:42:00,2025-07-31,292.45,295.6,292.45,294.1,130,5330,0
FINNIFTY31JUL2526700PE.NFO,2025-07-02,14:43:00,2025-07-31,294.1,294.1,294.1,294.1,130,5395,0
FINNIFTY31JUL2526700PE.NFO,2025-07-02,14:44:00,2025-07-31,294.1,294.1,294.1,294.1,0,5395,0
FINNIFTY31JUL2526700PE.NFO,2025-07-02,14:45:00,2025-07-31,294.1,294.1,285.45,286.0,260,5395,0
FINNIFTY31JUL2526700PE.NFO,2025-07-02,14:46:00,2025-07-31,286.0,286.0,286.0,286.0,0,5395,0
FINNIFTY31JUL2526700PE.NFO,2025-07-02,14:47:00,2025-07-31,286.0,286.0,282.5,282.5,130,5395,0
FINNIFTY31JUL2526700PE.NFO,2025-07-02,14:48:00,2025-07-31,282.5,282.5,282.5,282.5,0,5395,0
FINNIFTY31JUL2526700PE.NFO,2025-07-02,14:49:00,2025-07-31,282.5,282.5,281.2,281.2,65,5265,0
FINNIFTY31JUL2526700PE.NFO,2025-07-02,14:50:00,2025-07-31,281.2,281.2,281.2,281.2,0,5265,0
FINNIFTY31JUL2526700PE.NFO,2025-07-02,14:51:00,2025-07-31,281.2,281.2,281.2,281.2,0,5265,0
FINNIFTY31JUL2526700PE.NFO,2025-07-02,14:52:00,2025-07-31,281.2,281.2,281.2,281.2,0,5265,0
FINNIFTY31JUL2526700PE.NFO,2025-07-02,14:53:00,2025-07-31,281.2,281.2,281.2,281.2,0,5265,0
FINNIFTY31JUL2526700PE.NFO,2025-07-02,14:54:00,2025-07-31,281.2,285.7,281.2,285.7,65,5330,0
FINNIFTY31JUL2526700PE.NFO,2025-07-02,14:55:00,2025-07-31,285.7,285.7,282.65,282.65,65,5330,0
FINNIFTY31JUL2526700PE.NFO,2025-07-02,14:56:00,2025-07-31,282.65,282.65,282.65,282.65,0,5330,0
FINNIFTY31JUL2526700PE.NFO,2025-07-02,14:57:00,2025-07-31,282.65,282.65,282.65,282.65,0,5330,0
FINNIFTY31JUL2526700PE.NFO,2025-07-02,14:58:00,2025-07-31,282.65,282.65,282.65,282.65,0,5330,0
FINNIFTY31JUL2526700PE.NFO,2025-07-02,14:59:00,2025-07-31,282.65,282.65,275.0,275.0,0,5330,0
FINNIFTY31JUL2526700PE.NFO,2025-07-02,15:00:00,2025-07-31,275.0,275.0,264.4,268.55,260,5330,0
FINNIFTY31JUL2526700PE.NFO,2025-07-02,15:01:00,2025-07-31,268.55,268.55,268.55,268.55,0,5330,0
FINNIFTY31JUL2526700PE.NFO,2025-07-02,15:02:00,2025-07-31,268.55,268.55,268.55,268.55,0,5330,0
FINNIFTY31JUL2526700PE.NFO,2025-07-02,15:03:00,2025-07-31,268.55,268.55,268.55,268.55,0,5330,0
FINNIFTY31JUL2526700PE.NFO,2025-07-02,15:04:00,2025-07-31,268.55,268.55,268.55,268.55,0,5330,0
FINNIFTY31JUL2526700PE.NFO,2025-07-02,15:05:00,2025-07-31,268.55,268.55,260.45,260.45,65,5265,0
FINNIFTY31JUL2526700PE.NFO,2025-07-02,15:06:00,2025-07-31,260.45,260.45,260.45,260.45,0,5265,0
FINNIFTY31JUL2526700PE.NFO,2025-07-02,15:07:00,2025-07-31,260.45,260.45,260.45,260.45,0,5265,0
FINNIFTY31JUL2526700PE.NFO,2025-07-02,15:08:00,2025-07-31,260.45,260.45,253.8,254.35,195,5200,0
FINNIFTY31JUL2526700PE.NFO,2025-07-02,15:09:00,2025-07-31,254.35,256.05,254.35,256.05,65,5200,0
FINNIFTY31JUL2526700PE.NFO,2025-07-02,15:10:00,2025-07-31,256.05,260.0,256.05,260.0,65,5135,0
FINNIFTY31JUL2526700PE.NFO,2025-07-02,15:11:00,2025-07-31,260.0,260.0,260.0,260.0,0,5135,0
FINNIFTY31JUL2526700PE.NFO,2025-07-02,15:12:00,2025-07-31,260.0,260.0,260.0,260.0,0,5135,0
FINNIFTY31JUL2526700PE.NFO,2025-07-02,15:13:00,2025-07-31,260.0,260.0,260.0,260.0,0,5135,0
FINNIFTY31JUL2526700PE.NFO,2025-07-02,15:14:00,2025-07-31,260.0,263.45,260.0,263.35,130,5070,0
FINNIFTY31JUL2526700PE.NFO,2025-07-02,15:15:00,2025-07-31,263.35,266.55,263.35,266.55,65,5070,0
FINNIFTY31JUL2526700PE.NFO,2025-07-02,15:16:00,2025-07-31,266.55,268.2,266.55,268.2,390,5070,0
FINNIFTY31JUL2526700PE.NFO,2025-07-02,15:17:00,2025-07-31,268.2,269.3,268.2,269.3,325,5070,0
FINNIFTY31JUL2526700PE.NFO,2025-07-02,15:18:00,2025-07-31,269.3,270.0,269.3,270.0,325,5070,0
FINNIFTY31JUL2526700PE.NFO,2025-07-02,15:19:00,2025-07-31,270.0,270.0,270.0,270.0,0,5070,0
FINNIFTY31JUL2526700PE.NFO,2025-07-02,15:20:00,2025-07-31,270.0,270.7,268.1,270.7,195,5655,0
FINNIFTY31JUL2526700PE.NFO,2025-07-02,15:21:00,2025-07-31,270.7,270.7,270.7,270.7,0,5655,0
FINNIFTY31JUL2526700PE.NFO,2025-07-02,15:22:00,2025-07-31,270.7,270.7,270.7,270.7,0,5655,0
FINNIFTY31JUL2526700PE.NFO,2025-07-02,15:23:00,2025-07-31,270.7,270.7,270.7,270.7,0,5655,0
FINNIFTY31JUL2526700PE.NFO,2025-07-02,15:24:00,2025-07-31,270.7,270.7,270.7,270.7,0,5655,0
FINNIFTY31JUL2526700PE.NFO,2025-07-02,15:25:00,2025-07-31,270.7,270.7,270.7,270.7,0,5655,0
FINNIFTY31JUL2526700PE.NFO,2025-07-02,15:26:00,2025-07-31,270.7,275.55,270.7,275.55,130,5590,0
FINNIFTY31JUL2526700PE.NFO,2025-07-02,15:27:00,2025-07-31,275.55,275.55,275.45,275.45,65,5590,0
FINNIFTY31JUL2526700PE.NFO,2025-07-02,15:28:00,2025-07-31,275.45,276.35,272.7,276.35,260,5785,0
FINNIFTY31JUL2526700PE.NFO,2025-07-02,15:29:00,2025-07-31,276.35,276.35,273.55,275.75,390,5785,0
FINNIFTY31JUL2526700PE.NFO,2025-07-02,15:30:00,2025-07-31,275.75,275.75,275.75,275.75,390,5785,1
FINNIFTY31JUL2526700PE.NFO,2025-07-03,09:15:00,2025-07-31,257.1,257.1,257.1,257.1,65,5590,1
FINNIFTY31JUL2526700PE.NFO,2025-07-03,09:16:00,2025-07-31,257.1,257.1,257.1,257.1,65,5590,1
FINNIFTY31JUL2526700PE.NFO,2025-07-03,09:17:00,2025-07-31,257.1,257.1,257.1,257.1,65,5590,1
FINNIFTY31JUL2526700PE.NFO,2025-07-03,09:18:00,2025-07-31,257.1,257.1,257.1,257.1,65,5590,1
FINNIFTY31JUL2526700PE.NFO,2025-07-03,09:19:00,2025-07-31,260.45,260.45,257.1,257.1,65,5590,0
FINNIFTY31JUL2526700PE.NFO,2025-07-03,09:20:00,2025-07-31,257.1,257.5,257.0,257.0,195,5590,0
FINNIFTY31JUL2526700PE.NFO,2025-07-03,09:21:00,2025-07-31,257.0,259.25,255.0,258.9,520,5460,0
FINNIFTY31JUL2526700PE.NFO,2025-07-03,09:22:00,2025-07-31,258.9,258.9,258.9,258.9,0,5460,0
FINNIFTY31JUL2526700PE.NFO,2025-07-03,09:23:00,2025-07-31,258.9,280.85,258.9,280.85,65,5460,0
FINNIFTY31JUL2526700PE.NFO,2025-07-03,09:24:00,2025-07-31,280.85,280.85,280.85,280.85,0,5460,0
FINNIFTY31JUL2526700PE.NFO,2025-07-03,09:25:00,2025-07-31,280.85,280.85,280.85,280.85,0,5460,0
FINNIFTY31JUL2526700PE.NFO,2025-07-03,09:26:00,2025-07-31,280.85,285.2,280.85,285.2,65,5785,0
FINNIFTY31JUL2526700PE.NFO,2025-07-03,09:27:00,2025-07-31,285.2,285.2,285.2,285.2,0,5785,0
FINNIFTY31JUL2526700PE.NFO,2025-07-03,09:28:00,2025-07-31,285.2,285.2,285.2,285.2,0,5785,0
FINNIFTY31JUL2526700PE.NFO,2025-07-03,09:29:00,2025-07-31,285.2,290.15,285.2,290.15,65,5785,0
FINNIFTY31JUL2526700PE.NFO,2025-07-03,09:30:00,2025-07-31,290.15,293.15,285.0,287.7,585,5915,0
FINNIFTY31JUL2526700PE.NFO,2025-07-03,09:31:00,2025-07-31,287.7,287.7,281.35,281.35,715,5915,0
FINNIFTY31JUL2526700PE.NFO,2025-07-03,09:32:00,2025-07-31,281.35,281.35,272.15,272.15,130,5915,0
FINNIFTY31JUL2526700PE.NFO,2025-07-03,09:33:00,2025-07-31,272.15,273.15,272.15,273.15,130,6045,0
FINNIFTY31JUL2526700PE.NFO,2025-07-03,09:34:00,2025-07-31,273.15,273.15,273.15,273.15,0,6045,0
FINNIFTY31JUL2526700PE.NFO,2025-07-03,09:35:00,2025-07-31,273.15,276.15,271.85,271.85,455,6045,0
FINNIFTY31JUL2526700PE.NFO,2025-07-03,09:36:00,2025-07-31,271.85,271.85,267.4,267.4,260,6045,0
FINNIFTY31JUL2526700PE.NFO,2025-07-03,09:37:00,2025-07-31,267.4,267.4,267.4,267.4,0,6045,0
FINNIFTY31JUL2526700PE.NFO,2025-07-03,09:38:00,2025-07-31,267.4,267.4,267.4,267.4,0,6045,0
FINNIFTY31JUL2526700PE.NFO,2025-07-03,09:39:00,2025-07-31,267.4,267.4,267.4,267.4,0,6045,0
FINNIFTY31JUL2526700PE.NFO,2025-07-03,09:40:00,2025-07-31,267.4,270.0,267.4,270.0,65,5850,0
FINNIFTY31JUL2526700PE.NFO,2025-07-03,09:41:00,2025-07-31,270.0,270.5,270.0,270.5,130,5850,0
FINNIFTY31JUL2526700PE.NFO,2025-07-03,09:42:00,2025-07-31,270.5,270.5,270.5,270.5,0,5850,0
FINNIFTY31JUL2526700PE.NFO,2025-07-03,09:43:00,2025-07-31,270.5,270.5,270.5,270.5,0,5850,0
FINNIFTY31JUL2526700PE.NFO,2025-07-03,09:44:00,2025-07-31,270.5,270.5,267.3,267.3,130,5915,0
FINNIFTY31JUL2526700PE.NFO,2025-07-03,09:45:00,2025-07-31,267.3,267.3,266.25,266.25,65,5915,0
FINNIFTY31JUL2526700PE.NFO,2025-07-03,09:46:00,2025-07-31,263.15,263.15,263.15,263.15,65,5915,0
FINNIFTY31JUL2526700PE.NFO,2025-07-03,09:47:00,2025-07-31,263.15,263.15,263.15,263.15,0,5915,0
FINNIFTY31JUL2526700PE.NFO,2025-07-03,09:48:00,2025-07-31,263.15,263.15,263.15,263.15,65,5980,0
FINNIFTY31JUL2526700PE.NFO,2025-07-03,09:49:00,2025-07-31,263.15,263.15,260.0,261.1,195,5980,0
FINNIFTY31JUL2526700PE.NFO,2025-07-03,09:50:00,2025-07-31,261.1,261.1,261.1,261.1,0,5980,0
FINNIFTY31JUL2526700PE.NFO,2025-07-03,09:51:00,2025-07-31,261.1,261.1,250.6,250.6,130,5980,0
FINNIFTY31JUL2526700PE.NFO,2025-07-03,09:52:00,2025-07-31,250.6,250.6,250.15,250.15,130,5850,0
FINNIFTY31JUL2526700PE.NFO,2025-07-03,09:53:00,2025-07-31,250.15,250.15,250.15,250.15,0,5850,0
FINNIFTY31JUL2526700PE.NFO,2025-07-03,09:54:00,2025-07-31,250.15,250.15,250.15,250.15,0,5850,0
FINNIFTY31JUL2526700PE.NFO,2025-07-03,09:55:00,2025-07-31,250.15,250.15,246.2,246.2,65,5915,0
FINNIFTY31JUL2526700PE.NFO,2025-07-03,09:56:00,2025-07-31,246.2,246.2,245.85,245.85,65,5915,0
FINNIFTY31JUL2526700PE.NFO,2025-07-03,09:57:00,2025-07-31,245.85,245.85,245.85,245.85,0,5915,0
FINNIFTY31JUL2526700PE.NFO,2025-07-03,09:58:00,2025-07-31,245.85,245.85,243.25,243.25,65,6045,0
FINNIFTY31JUL2526700PE.NFO,2025-07-03,09:59:00,2025-07-31,243.25,243.25,243.25,243.25,0,6045,0
FINNIFTY31JUL2526700PE.NFO,2025-07-03,10:00:00,2025-07-31,243.25,243.25,243.25,243.25,0,6045,0
FINNIFTY31JUL2526700PE.NFO,2025-07-03,10:01:00,2025-07-31,243.25,243.25,234.05,234.05,130,6110,0
FINNIFTY31JUL2526700PE.NFO,2025-07-03,10:02:00,2025-07-31,234.05,238.4,234.05,238.4,130,6110,0
FINNIFTY31JUL2526700PE.NFO,2025-07-03,10:03:00,2025-07-31,238.4,238.4,238.4,238.4,0,6110,0
FINNIFTY31JUL2526700PE.NFO,2025-07-03,10:04:00,2025-07-31,238.4,238.4,238.4,238.4,0,6110,0
FINNIFTY31JUL2526700PE.NFO,2025-07-03,10:05:00,2025-07-31,238.4,238.4,238.4,238.4,0,6110,0
FINNIFTY31JUL2526700PE.NFO,2025-07-03,10:06:00,2025-07-31,238.4,238.4,238.4,238.4,0,6110,0
FINNIFTY31JUL2526700PE.NFO,2025-07-03,10:07:00,2025-07-31,238.4,240.0,238.4,239.7,130,6175,0
FINNIFTY31JUL2526700PE.NFO,2025-07-03,10:08:00,2025-07-31,239.7,239.7,239.7,239.7,0,6175,0
FINNIFTY31JUL2526700PE.NFO,2025-07-03,10:09:00,2025-07-31,239.7,239.7,239.7,239.7,0,6175,0
FINNIFTY31JUL2526700PE.NFO,2025-07-03,10:10:00,2025-07-31,239.7,239.7,239.7,239.7,0,6175,0
FINNIFTY31JUL2526700PE.NFO,2025-07-03,10:11:00,2025-07-31,239.7,239.7,239.7,239.7,0,6175,0
FINNIFTY31JUL2526700PE.NFO,2025-07-03,10:12:00,2025-07-31,239.7,239.7,239.7,239.7,0,6175,0
FINNIFTY31JUL2526700PE.NFO,2025-07-03,10:13:00,2025-07-31,239.7,239.7,239.7,239.7,0,6175,0
FINNIFTY31JUL2526700PE.NFO,2025-07-03,10:14:00,2025-07-31,239.7,239.7,239.7,239.7,0,6175,0
FINNIFTY31JUL2526700PE.NFO,2025-07-03,10:15:00,2025-07-31,239.7,239.7,239.7,239.7,0,6175,0
FINNIFTY31JUL2526700PE.NFO,2025-07-03,10:16:00,2025-07-31,239.7,239.7,239.7,239.7,0,6175,0
FINNIFTY31JUL2526700PE.NFO,2025-07-03,10:17:00,2025-07-31,239.7,239.7,239.7,239.7,0,6175,0
FINNIFTY31JUL2526700PE.NFO,2025-07-03,10:18:00,2025-07-31,239.7,239.7,239.7,239.7,0,6175,0
FINNIFTY31JUL2526700PE.NFO,2025-07-03,10:19:00,2025-07-31,239.7,239.7,239.7,239.7,0,6175,0
FINNIFTY31JUL2526700PE.NFO,2025-07-03,10:20:00,2025-07-31,239.7,239.7,239.7,239.7,0,6175,0
FINNIFTY31JUL2526700PE.NFO,2025-07-03,10:21:00,2025-07-31,239.7,239.7,239.7,239.7,0,6175,0
FINNIFTY31JUL2526700PE.NFO,2025-07-03,10:22:00,2025-07-31,239.7,239.7,239.7,239.7,0,6175,0
FINNIFTY31JUL2526700PE.NFO,2025-07-03,10:23:00,2025-07-31,239.7,239.7,239.7,239.7,0,6175,0
FINNIFTY31JUL2526700PE.NFO,2025-07-03,10:24:00,2025-07-31,239.7,239.7,239.7,239.7,0,6175,0
FINNIFTY31JUL2526700PE.NFO,2025-07-03,10:25:00,2025-07-31,239.7,239.7,239.7,239.7,0,6175,0
FINNIFTY31JUL2526700PE.NFO,2025-07-03,10:26:00,2025-07-31,239.7,241.6,239.7,241.6,65,6305,0
FINNIFTY31JUL2526700PE.NFO,2025-07-03,10:27:00,2025-07-31,241.6,241.6,241.6,241.6,0,6305,0
FINNIFTY31JUL2526700PE.NFO,2025-07-03,10:28:00,2025-07-31,241.6,241.6,241.6,241.6,0,6305,0
FINNIFTY31JUL2526700PE.NFO,2025-07-03,10:29:00,2025-07-31,241.6,241.6,241.6,241.6,0,6305,0
FINNIFTY31JUL2526700PE.NFO,2025-07-03,10:30:00,2025-07-31,241.6,241.6,241.6,241.6,0,6305,0
FINNIFTY31JUL2526700PE.NFO,2025-07-03,10:31:00,2025-07-31,241.6,242.2,241.6,242.2,65,6305,0
FINNIFTY31JUL2526700PE.NFO,2025-07-03,10:32:00,2025-07-31,242.2,242.2,242.2,242.2,0,6305,0
FINNIFTY31JUL2526700PE.NFO,2025-07-03,10:33:00,2025-07-31,242.2,242.2,242.2,242.2,0,6305,0
FINNIFTY31JUL2526700PE.NFO,2025-07-03,10:34:00,2025-07-31,242.2,242.2,242.2,242.2,0,6305,0
FINNIFTY31JUL2526700PE.NFO,2025-07-03,10:35:00,2025-07-31,242.2,242.2,242.2,242.2,0,6305,0
FINNIFTY31JUL2526700PE.NFO,2025-07-03,10:36:00,2025-07-31,242.2,242.2,242.2,242.2,0,6305,0
FINNIFTY31JUL2526700PE.NFO,2025-07-03,10:37:00,2025-07-31,242.2,242.2,242.2,242.2,0,6305,0
FINNIFTY31JUL2526700PE.NFO,2025-07-03,10:38:00,2025-07-31,242.2,242.2,242.2,242.2,0,6305,0
FINNIFTY31JUL2526700PE.NFO,2025-07-03,10:39:00,2025-07-31,242.2,242.2,242.2,242.2,0,6305,0
FINNIFTY31JUL2526700PE.NFO,2025-07-03,10:40:00,2025-07-31,242.2,242.2,242.2,242.2,0,6305,0
FINNIFTY31JUL2526700PE.NFO,2025-07-03,10:41:00,2025-07-31,242.2,242.2,242.2,242.2,0,6305,0
FINNIFTY31JUL2526700PE.NFO,2025-07-03,10:42:00,2025-07-31,242.2,242.5,242.2,242.5,130,6305,0
FINNIFTY31JUL2526700PE.NFO,2025-07-03,10:43:00,2025-07-31,242.5,242.5,242.5,242.5,0,6305,0
FINNIFTY31JUL2526700PE.NFO,2025-07-03,10:44:00,2025-07-31,242.5,242.5,242.5,242.5,0,6305,0
FINNIFTY31JUL2526700PE.NFO,2025-07-03,10:45:00,2025-07-31,242.5,242.5,242.5,242.5,0,6305,0
FINNIFTY31JUL2526700PE.NFO,2025-07-03,10:46:00,2025-07-31,242.5,242.5,242.5,242.5,0,6305,0
FINNIFTY31JUL2526700PE.NFO,2025-07-03,10:47:00,2025-07-31,242.5,250.7,242.5,250.7,325,6435,0
FINNIFTY31JUL2526700PE.NFO,2025-07-03,10:48:00,2025-07-31,250.7,252.95,249.85,252.95,650,6500,0
FINNIFTY31JUL2526700PE.NFO,2025-07-03,10:49:00,2025-07-31,252.95,252.95,252.35,252.5,390,6500,0
FINNIFTY31JUL2526700PE.NFO,2025-07-03,10:50:00,2025-07-31,252.5,252.5,252.5,252.5,0,6500,0
FINNIFTY31JUL2526700PE.NFO,2025-07-03,10:51:00,2025-07-31,252.5,253.65,252.5,253.65,65,6370,0
FINNIFTY31JUL2526700PE.NFO,2025-07-03,10:52:00,2025-07-31,253.65,254.0,253.25,254.0,195,6370,0
FINNIFTY31JUL2526700PE.NFO,2025-07-03,10:53:00,2025-07-31,254.0,254.0,253.0,253.0,65,6370,0
FINNIFTY31JUL2526700PE.NFO,2025-07-03,10:54:00,2025-07-31,253.0,253.0,253.0,253.0,0,6370,0
FINNIFTY31JUL2526700PE.NFO,2025-07-03,10:55:00,2025-07-31,253.0,253.0,253.0,253.0,0,6370,0
FINNIFTY31JUL2526700PE.NFO,2025-07-03,10:56:00,2025-07-31,253.0,253.0,253.0,253.0,0,6370,0
FINNIFTY31JUL2526700PE.NFO,2025-07-03,10:57:00,2025-07-31,253.0,253.0,253.0,253.0,0,6370,0
FINNIFTY31JUL2526700PE.NFO,2025-07-03,10:58:00,2025-07-31,253.0,253.0,253.0,253.0,0,6370,0
FINNIFTY31JUL2526700PE.NFO,2025-07-03,10:59:00,2025-07-31,253.0,258.0,253.0,258.0,0,6565,0
FINNIFTY31JUL2526700PE.NFO,2025-07-03,11:00:00,2025-07-31,258.0,258.0,255.55,255.55,65,6565,0
FINNIFTY31JUL2526700PE.NFO,2025-07-03,11:01:00,2025-07-31,255.55,255.55,255.55,255.55,0,6565,0
FINNIFTY31JUL2526700PE.NFO,2025-07-03,11:02:00,2025-07-31,255.55,255.55,255.55,255.55,0,6565,0
FINNIFTY31JUL2526700PE.NFO,2025-07-03,11:03:00,2025-07-31,255.55,255.55,255.55,255.55,0,6565,0
FINNIFTY31JUL2526700PE.NFO,2025-07-03,11:04:00,2025-07-31,255.55,255.55,255.55,255.55,0,6565,0
FINNIFTY31JUL2526700PE.NFO,2025-07-03,11:05:00,2025-07-31,255.55,255.55,255.55,255.55,0,6565,0
FINNIFTY31JUL2526700PE.NFO,2025-07-03,11:06:00,2025-07-31,255.55,255.55,255.55,255.55,0,6565,0
FINNIFTY31JUL2526700PE.NFO,2025-07-03,11:07:00,2025-07-31,255.55,255.55,255.55,255.55,0,6565,0
FINNIFTY31JUL2526700PE.NFO,2025-07-03,11:08:00,2025-07-31,255.55,255.55,255.55,255.55,0,6565,0
FINNIFTY31JUL2526700PE.NFO,2025-07-03,11:09:00,2025-07-31,255.55,255.55,241.3,241.3,195,6760,0
FINNIFTY31JUL2526700PE.NFO,2025-07-03,11:10:00,2025-07-31,241.3,241.3,241.3,241.3,0,6760,0
FINNIFTY31JUL2526700PE.NFO,2025-07-03,11:11:00,2025-07-31,241.3,241.3,241.0,241.0,390,6760,0
FINNIFTY31JUL2526700PE.NFO,2025-07-03,11:12:00,2025-07-31,241.0,242.95,241.0,241.05,130,6695,0
FINNIFTY31JUL2526700PE.NFO,2025-07-03,11:13:00,2025-07-31,241.05,241.05,241.05,241.05,0,6695,0
FINNIFTY31JUL2526700PE.NFO,2025-07-03,11:14:00,2025-07-31,241.05,241.05,241.05,241.05,0,6695,0
FINNIFTY31JUL2526700PE.NFO,2025-07-03,11:15:00,2025-07-31,241.05,241.05,241.05,241.05,0,6695,0
FINNIFTY31JUL2526700PE.NFO,2025-07-03,11:16:00,2025-07-31,241.05,241.05,241.05,241.05,0,6695,0
FINNIFTY31JUL2526700PE.NFO,2025-07-03,11:17:00,2025-07-31,241.05,243.15,241.05,243.15,130,6695,0
FINNIFTY31JUL2526700PE.NFO,2025-07-03,11:18:00,2025-07-31,243.15,243.15,243.15,243.15,0,6695,0
FINNIFTY31JUL2526700PE.NFO,2025-07-03,11:19:00,2025-07-31,243.15,243.15,243.15,243.15,0,6695,0
FINNIFTY31JUL2526700PE.NFO,2025-07-03,11:20:00,2025-07-31,243.15,243.15,243.15,243.15,0,6695,0
FINNIFTY31JUL2526700PE.NFO,2025-07-03,11:21:00,2025-07-31,243.15,243.15,243.15,243.15,0,6695,0
FINNIFTY31JUL2526700PE.NFO,2025-07-03,11:22:00,2025-07-31,243.15,243.15,243.15,243.15,0,6695,0
FINNIFTY31JUL2526700PE.NFO,2025-07-03,11:23:00,2025-07-31,243.15,243.15,234.2,234.2,195,6565,0
FINNIFTY31JUL2526700PE.NFO,2025-07-03,11:24:00,2025-07-31,234.2,234.2,234.2,234.2,0,6565,0
FINNIFTY31JUL2526700PE.NFO,2025-07-03,11:25:00,2025-07-31,234.2,234.2,234.2,234.2,0,6565,0
FINNIFTY31JUL2526700PE.NFO,2025-07-03,11:26:00,2025-07-31,234.2,234.2,234.2,234.2,0,6565,0
FINNIFTY31JUL2526700PE.NFO,2025-07-03,11:27:00,2025-07-31,234.2,234.2,234.2,234.2,0,6565,0
FINNIFTY31JUL2526700PE.NFO,2025-07-03,11:28:00,2025-07-31,234.2,240.0,234.2,240.0,130,6630,0
FINNIFTY31JUL2526700PE.NFO,2025-07-03,11:29:00,2025-07-31,240.0,243.85,240.0,243.85,455,6630,0
FINNIFTY31JUL2526700PE.NFO,2025-07-03,11:30:00,2025-07-31,243.85,246.1,243.85,246.1,455,6630,0
FINNIFTY31JUL2526700PE.NFO,2025-07-03,11:31:00,2025-07-31,246.1,246.1,245.2,245.2,65,6240,0
FINNIFTY31JUL2526700PE.NFO,2025-07-03,11:32:00,2025-07-31,245.2,245.2,245.2,245.2,0,6240,0
FINNIFTY31JUL2526700PE.NFO,2025-07-03,11:33:00,2025-07-31,245.2,245.2,245.2,245.2,0,6240,0
FINNIFTY31JUL2526700PE.NFO,2025-07-03,11:34:00,2025-07-31,245.2,245.2,245.2,245.2,0,6240,0
FINNIFTY31JUL2526700PE.NFO,2025-07-03,11:35:00,2025-07-31,245.2,245.2,245.2,245.2,0,6240,0
FINNIFTY31JUL2526700PE.NFO,2025-07-03,11:36:00,2025-07-31,245.2,245.2,245.2,245.2,0,6240,0
FINNIFTY31JUL2526700PE.NFO,2025-07-03,11:37:00,2025-07-31,245.2,245.2,245.2,245.2,0,6240,0
FINNIFTY31JUL2526700PE.NFO,2025-07-03,11:38:00,2025-07-31,245.2,245.2,245.2,245.2,0,6240,0
FINNIFTY31JUL2526700PE.NFO,2025-07-03,11:39:00,2025-07-31,245.2,245.2,245.2,245.2,0,6240,0
FINNIFTY31JUL2526700PE.NFO,2025-07-03,11:40:00,2025-07-31,245.2,245.2,245.2,245.2,0,6240,0
FINNIFTY31JUL2526700PE.NFO,2025-07-03,11:41:00,2025-07-31,245.2,245.2,245.2,245.2,0,6240,0
FINNIFTY31JUL2526700PE.NFO,2025-07-03,11:42:00,2025-07-31,245.2,256.5,245.2,256.5,455,6240,0
FINNIFTY31JUL2526700PE.NFO,2025-07-03,11:43:00,2025-07-31,256.5,259.0,256.5,259.0,65,6240,0
FINNIFTY31JUL2526700PE.NFO,2025-07-03,11:44:00,2025-07-31,259.0,259.0,259.0,259.0,0,6240,0
FINNIFTY31JUL2526700PE.NFO,2025-07-03,11:45:00,2025-07-31,259.0,259.0,259.0,259.0,0,6240,0
FINNIFTY31JUL2526700PE.NFO,2025-07-03,11:46:00,2025-07-31,259.0,260.2,259.0,260.2,65,6240,0
FINNIFTY31JUL2526700PE.NFO,2025-07-03,11:47:00,2025-07-31,260.2,260.2,260.2,260.2,0,6240,0
FINNIFTY31JUL2526700PE.NFO,2025-07-03,11:48:00,2025-07-31,260.2,266.7,260.2,262.3,260,6305,0
FINNIFTY31JUL2526700PE.NFO,2025-07-03,11:49:00,2025-07-31,262.3,262.3,262.3,262.3,0,6305,0
FINNIFTY31JUL2526700PE.NFO,2025-07-03,11:50:00,2025-07-31,262.3,262.3,262.3,262.3,0,6305,0
FINNIFTY31JUL2526700PE.NFO,2025-07-03,11:51:00,2025-07-31,262.3,262.3,262.3,262.3,0,6305,0
FINNIFTY31JUL2526700PE.NFO,2025-07-03,11:52:00,2025-07-31,262.3,262.3,262.3,262.3,0,6305,0
FINNIFTY31JUL2526700PE.NFO,2025-07-03,11:53:00,2025-07-31,262.3,262.3,262.3,262.3,0,6305,0
FINNIFTY31JUL2526700PE.NFO,2025-07-03,11:54:00,2025-07-31,262.3,265.9,262.3,265.9,65,6305,0
FINNIFTY31JUL2526700PE.NFO,2025-07-03,11:55:00,2025-07-31,265.9,265.9,265.9,265.9,0,6305,0
FINNIFTY31JUL2526700PE.NFO,2025-07-03,11:56:00,2025-07-31,265.9,265.9,265.9,265.9,0,6305,0
FINNIFTY31JUL2526700PE.NFO,2025-07-03,11:57:00,2025-07-31,265.9,268.1,265.9,268.1,65,6305,0
FINNIFTY31JUL2526700PE.NFO,2025-07-03,11:58:00,2025-07-31,268.1,268.1,268.1,268.1,0,6305,0
FINNIFTY31JUL2526700PE.NFO,2025-07-03,11:59:00,2025-07-31,268.1,268.1,266.5,266.5,65,6370,0
FINNIFTY31JUL2526700PE.NFO,2025-07-03,12:00:00,2025-07-31,266.5,266.5,266.5,266.5,0,6370,0
FINNIFTY31JUL2526700PE.NFO,2025-07-03,12:01:00,2025-07-31,266.5,266.5,266.5,266.5,0,6370,0
FINNIFTY31JUL2526700PE.NFO,2025-07-03,12:02:00,2025-07-31,266.5,268.3,266.5,268.3,65,6305,0
FINNIFTY31JUL2526700PE.NFO,2025-07-03,12:03:00,2025-07-31,268.3,268.3,268.3,268.3,0,6305,0
FINNIFTY31JUL2526700PE.NFO,2025-07-03,12:04:00,2025-07-31,268.3,268.3,268.3,268.3,0,6305,0
FINNIFTY31JUL2526700PE.NFO,2025-07-03,12:05:00,2025-07-31,268.3,268.3,268.3,268.3,0,6305,0
FINNIFTY31JUL2526700PE.NFO,2025-07-03,12:06:00,2025-07-31,268.3,268.3,268.3,268.3,0,6305,0
FINNIFTY31JUL2526700PE.NFO,2025-07-03,12:07:00,2025-07-31,268.3,268.3,268.3,268.3,0,6305,0
FINNIFTY31JUL2526700PE.NFO,2025-07-03,12:08:00,2025-07-31,268.3,268.3,268.3,268.3,0,6305,0
FINNIFTY31JUL2526700PE.NFO,2025-07-03,12:09:00,2025-07-31,268.3,268.3,268.3,268.3,0,6305,0
FINNIFTY31JUL2526700PE.NFO,2025-07-03,12:10:00,2025-07-31,268.3,268.3,268.3,268.3,0,6305,0
FINNIFTY31JUL2526700PE.NFO,2025-07-03,12:11:00,2025-07-31,268.3,268.3,268.3,268.3,0,6305,0
FINNIFTY31JUL2526700PE.NFO,2025-07-03,12:12:00,2025-07-31,268.3,268.3,268.3,268.3,0,6305,0
FINNIFTY31JUL2526700PE.NFO,2025-07-03,12:13:00,2025-07-31,268.3,268.3,268.3,268.3,0,6305,0
FINNIFTY31JUL2526700PE.NFO,2025-07-03,12:14:00,2025-07-31,268.3,268.3,268.3,268.3,0,6305,0
FINNIFTY31JUL2526700PE.NFO,2025-07-03,12:15:00,2025-07-31,268.3,268.3,268.3,268.3,0,6305,0
FINNIFTY31JUL2526700PE.NFO,2025-07-03,12:16:00,2025-07-31,268.3,268.3,268.3,268.3,0,6305,0
FINNIFTY31JUL2526700PE.NFO,2025-07-03,12:17:00,2025-07-31,268.3,268.3,268.3,268.3,0,6305,0
FINNIFTY31JUL2526700PE.NFO,2025-07-03,12:18:00,2025-07-31,268.3,268.3,268.3,268.3,0,6305,0
FINNIFTY31JUL2526700PE.NFO,2025-07-03,12:19:00,2025-07-31,268.3,268.3,268.3,268.3,0,6305,0
FINNIFTY31JUL2526700PE.NFO,2025-07-03,12:20:00,2025-07-31,268.3,269.15,268.3,269.15,130,6240,0
FINNIFTY31JUL2526700PE.NFO,2025-07-03,12:21:00,2025-07-31,269.15,269.15,269.15,269.15,0,6240,0
FINNIFTY31JUL2526700PE.NFO,2025-07-03,12:22:00,2025-07-31,269.15,269.15,269.15,269.15,0,6240,0
FINNIFTY31JUL2526700PE.NFO,2025-07-03,12:23:00,2025-07-31,269.15,269.15,269.15,269.15,0,6240,0
FINNIFTY31JUL2526700PE.NFO,2025-07-03,12:24:00,2025-07-31,269.15,269.15,269.15,269.15,0,6240,0
FINNIFTY31JUL2526700PE.NFO,2025-07-03,12:25:00,2025-07-31,269.15,269.15,269.15,269.15,0,6240,0
FINNIFTY31JUL2526700PE.NFO,2025-07-03,12:26:00,2025-07-31,269.15,269.15,269.15,269.15,0,6240,0
FINNIFTY31JUL2526700PE.NFO,2025-07-03,12:27:00,2025-07-31,269.15,269.15,269.15,269.15,0,6240,0
FINNIFTY31JUL2526700PE.NFO,2025-07-03,12:28:00,2025-07-31,269.15,269.15,269.15,269.15,0,6240,0
FINNIFTY31JUL2526700PE.NFO,2025-07-03,12:29:00,2025-07-31,269.15,269.15,269.15,269.15,0,6240,0
FINNIFTY31JUL2526700PE.NFO,2025-07-03,12:30:00,2025-07-31,269.15,269.15,269.15,269.15,0,6240,0
FINNIFTY31JUL2526700PE.NFO,2025-07-03,12:31:00,2025-07-31,269.15,269.15,269.15,269.15,0,6240,0
FINNIFTY31JUL2526700PE.NFO,2025-07-03,12:32:00,2025-07-31,269.15,269.15,269.15,269.15,0,6240,0
FINNIFTY31JUL2526700PE.NFO,2025-07-03,12:33:00,2025-07-31,269.15,269.15,264.6,264.6,0,6240,0
FINNIFTY31JUL2526700PE.NFO,2025-07-03,12:34:00,2025-07-31,264.6,264.6,264.6,264.6,130,6240,0
FINNIFTY31JUL2526700PE.NFO,2025-07-03,12:35:00,2025-07-31,264.6,264.6,263.1,263.1,65,6240,0
FINNIFTY31JUL2526700PE.NFO,2025-07-03,12:36:00,2025-07-31,263.1,263.1,263.1,263.1,0,6240,0
FINNIFTY31JUL2526700PE.NFO,2025-07-03,12:37:00,2025-07-31,263.1,263.1,263.1,263.1,0,6240,0
FINNIFTY31JUL2526700PE.NFO,2025-07-03,12:38:00,2025-07-31,263.1,263.1,263.1,263.1,0,6240,0
FINNIFTY31JUL2526700PE.NFO,2025-07-03,12:39:00,2025-07-31,263.1,263.1,263.1,263.1,0,6240,0
FINNIFTY31JUL2526700PE.NFO,2025-07-03,12:40:00,2025-07-31,263.1,263.1,260.0,260.0,325,6175,0
FINNIFTY31JUL2526700PE.NFO,2025-07-03,12:41:00,2025-07-31,260.0,260.0,255.15,255.15,130,6175,0
FINNIFTY31JUL2526700PE.NFO,2025-07-03,12:42:00,2025-07-31,255.15,255.15,255.15,255.15,0,6175,0
FINNIFTY31JUL2526700PE.NFO,2025-07-03,12:43:00,2025-07-31,259.25,259.25,259.25,259.25,65,6240,0
FINNIFTY31JUL2526700PE.NFO,2025-07-03,12:44:00,2025-07-31,259.25,259.25,259.25,259.25,0,6240,0
FINNIFTY31JUL2526700PE.NFO,2025-07-03,12:45:00,2025-07-31,259.25,259.25,259.25,259.25,0,6240,0
FINNIFTY31JUL2526700PE.NFO,2025-07-03,12:46:00,2025-07-31,259.25,259.25,259.25,259.25,0,6240,0
FINNIFTY31JUL2526700PE.NFO,2025-07-03,12:47:00,2025-07-31,259.25,259.25,259.25,259.25,0,6240,0
FINNIFTY31JUL2526700PE.NFO,2025-07-03,12:48:00,2025-07-31,259.25,259.25,259.25,259.25,0,6240,0
FINNIFTY31JUL2526700PE.NFO,2025-07-03,12:49:00,2025-07-31,259.25,259.25,259.25,259.25,0,6240,0
FINNIFTY31JUL2526700PE.NFO,2025-07-03,12:50:00,2025-07-31,259.25,259.25,259.25,259.25,0,6240,0
FINNIFTY31JUL2526700PE.NFO,2025-07-03,12:51:00,2025-07-31,259.25,259.25,259.25,259.25,0,6240,0
FINNIFTY31JUL2526700PE.NFO,2025-07-03,12:52:00,2025-07-31,259.25,259.25,259.25,259.25,0,6240,0
FINNIFTY31JUL2526700PE.NFO,2025-07-03,12:53:00,2025-07-31,259.25,259.25,259.25,259.25,0,6240,0
FINNIFTY31JUL2526700PE.NFO,2025-07-03,12:54:00,2025-07-31,259.25,259.25,259.25,259.25,0,6240,0
FINNIFTY31JUL2526700PE.NFO,2025-07-03,12:55:00,2025-07-31,259.25,259.25,259.25,259.25,0,6240,0
FINNIFTY31JUL2526700PE.NFO,2025-07-03,12:56:00,2025-07-31,259.25,259.25,259.25,259.25,0,6240,0
FINNIFTY31JUL2526700PE.NFO,2025-07-03,12:57:00,2025-07-31,259.25,259.25,259.25,259.25,0,6240,0
FINNIFTY31JUL2526700PE.NFO,2025-07-03,12:58:00,2025-07-31,259.25,259.25,259.25,259.25,0,6240,0
FINNIFTY31JUL2526700PE.NFO,2025-07-03,12:59:00,2025-07-31,259.25,259.25,259.25,259.25,0,6240,0
FINNIFTY31JUL2526700PE.NFO,2025-07-03,13:00:00,2025-07-31,259.25,259.25,259.25,259.25,0,6240,0
FINNIFTY31JUL2526700PE.NFO,2025-07-03,13:01:00,2025-07-31,259.25,259.25,259.25,259.25,0,6240,0
FINNIFTY31JUL2526700PE.NFO,2025-07-03,13:02:00,2025-07-31,259.25,259.25,259.25,259.25,0,6240,0
FINNIFTY31JUL2526700PE.NFO,2025-07-03,13:03:00,2025-07-31,259.25,259.25,259.25,259.25,0,6240,0
FINNIFTY31JUL2526700PE.NFO,2025-07-03,13:04:00,2025-07-31,259.25,259.25,259.25,259.25,0,6240,0
FINNIFTY31JUL2526700PE.NFO,2025-07-03,13:05:00,2025-07-31,259.25,259.25,259.25,259.25,0,6240,0
FINNIFTY31JUL2526700PE.NFO,2025-07-03,13:06:00,2025-07-31,259.25,259.25,259.25,259.25,0,6240,0
FINNIFTY31JUL2526700PE.NFO,2025-07-03,13:07:00,2025-07-31,259.25,259.25,259.25,259.25,0,6240,0
FINNIFTY31JUL2526700PE.NFO,2025-07-03,13:08:00,2025-07-31,259.25,259.25,259.25,259.25,0,6240,0
FINNIFTY31JUL2526700PE.NFO,2025-07-03,13:09:00,2025-07-31,259.25,259.25,259.25,259.25,0,6240,0
FINNIFTY31JUL2526700PE.NFO,2025-07-03,13:10:00,2025-07-31,259.25,264.65,259.25,264.65,65,6240,0
FINNIFTY31JUL2526700PE.NFO,2025-07-03,13:11:00,2025-07-31,264.65,264.65,264.65,264.65,0,6240,0
FINNIFTY31JUL2526700PE.NFO,2025-07-03,13:12:00,2025-07-31,264.65,264.65,264.65,264.65,0,6240,0
FINNIFTY31JUL2526700PE.NFO,2025-07-03,13:13:00,2025-07-31,264.65,264.65,264.65,264.65,0,6240,0
FINNIFTY31JUL2526700PE.NFO,2025-07-03,13:14:00,2025-07-31,264.65,264.65,264.65,264.65,0,6240,0
FINNIFTY31JUL2526700PE.NFO,2025-07-03,13:15:00,2025-07-31,264.65,264.65,264.65,264.65,0,6240,0
FINNIFTY31JUL2526700PE.NFO,2025-07-03,13:16:00,2025-07-31,264.65,269.25,264.3,269.25,260,6305,0
FINNIFTY31JUL2526700PE.NFO,2025-07-03,13:17:00,2025-07-31,269.25,269.25,269.25,269.25,0,6305,0
FINNIFTY31JUL2526700PE.NFO,2025-07-03,13:18:00,2025-07-31,269.25,269.25,269.25,269.25,0,6305,0
FINNIFTY31JUL2526700PE.NFO,2025-07-03,13:19:00,2025-07-31,269.25,269.25,269.25,269.25,0,6305,0
FINNIFTY31JUL2526700PE.NFO,2025-07-03,13:20:00,2025-07-31,269.25,269.25,269.25,269.25,0,6305,0
FINNIFTY31JUL2526700PE.NFO,2025-07-03,13:21:00,2025-07-31,269.25,269.25,269.25,269.25,0,6305,0
FINNIFTY31JUL2526700PE.NFO,2025-07-03,13:22:00,2025-07-31,269.25,269.25,264.9,264.9,195,6305,0
FINNIFTY31JUL2526700PE.NFO,2025-07-03,13:23:00,2025-07-31,264.9,264.9,264.9,264.9,0,6305,0
FINNIFTY31JUL2526700PE.NFO,2025-07-03,13:24:00,2025-07-31,264.9,264.9,264.9,264.9,0,6305,0
FINNIFTY31JUL2526700PE.NFO,2025-07-03,13:25:00,2025-07-31,264.9,269.65,264.9,269.65,65,6110,0
FINNIFTY31JUL2526700PE.NFO,2025-07-03,13:26:00,2025-07-31,269.65,269.65,269.65,269.65,0,6110,0
FINNIFTY31JUL2526700PE.NFO,2025-07-03,13:27:00,2025-07-31,269.65,269.9,269.65,269.75,130,6110,0
FINNIFTY31JUL2526700PE.NFO,2025-07-03,13:28:00,2025-07-31,269.75,269.75,269.75,269.75,0,6110,0
FINNIFTY31JUL2526700PE.NFO,2025-07-03,13:29:00,2025-07-31,269.75,269.75,266.15,266.15,65,6240,0
FINNIFTY31JUL2526700PE.NFO,2025-07-03,13:30:00,2025-07-31,266.15,266.15,266.15,266.15,0,6240,0
FINNIFTY31JUL2526700PE.NFO,2025-07-03,13:31:00,2025-07-31,266.15,269.0,266.15,269.0,65,6175,0
FINNIFTY31JUL2526700PE.NFO,2025-07-03,13:32:00,2025-07-31,269.0,269.0,269.0,269.0,0,6175,0
FINNIFTY31JUL2526700PE.NFO,2025-07-03,13:33:00,2025-07-31,269.0,269.0,269.0,269.0,0,6175,0
FINNIFTY31JUL2526700PE.NFO,2025-07-03,13:34:00,2025-07-31,269.0,269.0,269.0,269.0,0,6175,0
FINNIFTY31JUL2526700PE.NFO,2025-07-03,13:35:00,2025-07-31,269.0,269.0,254.45,256.85,390,6175,0
FINNIFTY31JUL2526700PE.NFO,2025-07-03,13:36:00,2025-07-31,256.85,256.85,252.0,252.0,65,6175,0
FINNIFTY31JUL2526700PE.NFO,2025-07-03,13:37:00,2025-07-31,252.0,253.2,252.0,253.2,65,6240,0
FINNIFTY31JUL2526700PE.NFO,2025-07-03,13:38:00,2025-07-31,253.2,253.2,253.2,253.2,0,6240,0
FINNIFTY31JUL2526700PE.NFO,2025-07-03,13:39:00,2025-07-31,253.2,253.2,253.2,253.2,0,6240,0
FINNIFTY31JUL2526700PE.NFO,2025-07-03,13:40:00,2025-07-31,253.2,253.2,242.75,242.75,195,6240,0
FINNIFTY31JUL2526700PE.NFO,2025-07-03,13:41:00,2025-07-31,242.75,243.6,242.75,243.6,65,6240,0
FINNIFTY31JUL2526700PE.NFO,2025-07-03,13:42:00,2025-07-31,243.6,243.6,243.6,243.6,0,6240,0
FINNIFTY31JUL2526700PE.NFO,2025-07-03,13:43:00,2025-07-31,243.6,248.25,243.6,248.25,65,6240,0
FINNIFTY31JUL2526700PE.NFO,2025-07-03,13:44:00,2025-07-31,248.25,248.25,248.25,248.25,0,6240,0
FINNIFTY31JUL2526700PE.NFO,2025-07-03,13:45:00,2025-07-31,248.25,248.25,245.7,247.9,455,6240,0
FINNIFTY31JUL2526700PE.NFO,2025-07-03,13:46:00,2025-07-31,247.9,250.7,247.9,250.7,130,6305,0
FINNIFTY31JUL2526700PE.NFO,2025-07-03,13:47:00,2025-07-31,250.7,250.7,250.7,250.7,0,6305,0
FINNIFTY31JUL2526700PE.NFO,2025-07-03,13:48:00,2025-07-31,255.35,257.35,255.35,257.35,65,6305,0
FINNIFTY31JUL2526700PE.NFO,2025-07-03,13:49:00,2025-07-31,257.35,262.4,257.35,262.4,195,6500,0
FINNIFTY31JUL2526700PE.NFO,2025-07-03,13:50:00,2025-07-31,262.4,265.2,260.2,263.15,455,6500,0
FINNIFTY31JUL2526700PE.NFO,2025-07-03,13:51:00,2025-07-31,263.15,263.45,263.15,263.45,65,6500,0
FINNIFTY31JUL2526700PE.NFO,2025-07-03,13:52:00,2025-07-31,263.45,263.45,263.45,263.45,0,6500,0
FINNIFTY31JUL2526700PE.NFO,2025-07-03,13:53:00,2025-07-31,263.45,263.45,263.45,263.45,0,6500,0
FINNIFTY31JUL2526700PE.NFO,2025-07-03,13:54:00,2025-07-31,263.45,263.45,263.45,263.45,0,6500,0
FINNIFTY31JUL2526700PE.NFO,2025-07-03,13:55:00,2025-07-31,263.45,263.45,263.45,263.45,0,6500,0
FINNIFTY31JUL2526700PE.NFO,2025-07-03,13:56:00,2025-07-31,263.45,263.45,263.45,263.45,0,6500,0
FINNIFTY31JUL2526700PE.NFO,2025-07-03,13:57:00,2025-07-31,263.45,266.85,263.45,266.85,65,6630,0
FINNIFTY31JUL2526700PE.NFO,2025-07-03,13:58:00,2025-07-31,266.85,266.85,266.85,266.85,0,6630,0
FINNIFTY31JUL2526700PE.NFO,2025-07-03,13:59:00,2025-07-31,266.85,266.85,266.85,266.85,0,6630,0
FINNIFTY31JUL2526700PE.NFO,2025-07-03,14:00:00,2025-07-31,266.85,266.85,266.85,266.85,0,6630,0
FINNIFTY31JUL2526700PE.NFO,2025-07-03,14:01:00,2025-07-31,266.85,266.85,266.85,266.85,0,6630,0
FINNIFTY31JUL2526700PE.NFO,2025-07-03,14:02:00,2025-07-31,266.85,266.85,266.85,266.85,0,6630,0
FINNIFTY31JUL2526700PE.NFO,2025-07-03,14:03:00,2025-07-31,266.85,266.85,266.85,266.85,0,6630,0
FINNIFTY31JUL2526700PE.NFO,2025-07-03,14:04:00,2025-07-31,266.85,267.25,266.85,267.25,130,6630,0
FINNIFTY31JUL2526700PE.NFO,2025-07-03,14:05:00,2025-07-31,267.25,267.25,267.25,267.25,0,6630,0
FINNIFTY31JUL2526700PE.NFO,2025-07-03,14:06:00,2025-07-31,267.25,267.25,267.25,267.25,0,6630,0
FINNIFTY31JUL2526700PE.NFO,2025-07-03,14:07:00,2025-07-31,267.25,267.25,267.25,267.25,0,6630,0
FINNIFTY31JUL2526700PE.NFO,2025-07-03,14:08:00,2025-07-31,267.25,267.25,267.25,267.25,0,6630,0
FINNIFTY31JUL2526700PE.NFO,2025-07-03,14:09:00,2025-07-31,267.25,267.25,267.25,267.25,0,6630,0
FINNIFTY31JUL2526700PE.NFO,2025-07-03,14:10:00,2025-07-31,267.25,267.25,267.25,267.25,0,6630,0
FINNIFTY31JUL2526700PE.NFO,2025-07-03,14:11:00,2025-07-31,267.25,267.25,267.25,267.25,0,6630,0
FINNIFTY31JUL2526700PE.NFO,2025-07-03,14:12:00,2025-07-31,267.25,267.25,267.25,267.25,0,6630,0
FINNIFTY31JUL2526700PE.NFO,2025-07-03,14:13:00,2025-07-31,267.25,267.25,267.25,267.25,0,6630,0
FINNIFTY31JUL2526700PE.NFO,2025-07-03,14:14:00,2025-07-31,267.25,267.25,267.25,267.25,0,6630,0
FINNIFTY31JUL2526700PE.NFO,2025-07-03,14:15:00,2025-07-31,267.25,267.25,267.25,267.25,0,6630,0
FINNIFTY31JUL2526700PE.NFO,2025-07-03,14:16:00,2025-07-31,267.25,267.25,267.25,267.25,0,6630,0
FINNIFTY31JUL2526700PE.NFO,2025-07-03,14:17:00,2025-07-31,267.25,267.25,267.25,267.25,0,6630,0
FINNIFTY31JUL2526700PE.NFO,2025-07-03,14:18:00,2025-07-31,267.25,267.25,267.25,267.25,0,6630,0
FINNIFTY31JUL2526700PE.NFO,2025-07-03,14:19:00,2025-07-31,267.25,273.0,267.25,273.0,520,6500,0
FINNIFTY31JUL2526700PE.NFO,2025-07-03,14:20:00,2025-07-31,273.0,276.0,273.0,276.0,195,6630,0
FINNIFTY31JUL2526700PE.NFO,2025-07-03,14:21:00,2025-07-31,276.0,279.0,276.0,279.0,130,6630,0
FINNIFTY31JUL2526700PE.NFO,2025-07-03,14:22:00,2025-07-31,279.0,279.0,279.0,279.0,0,6630,0
FINNIFTY31JUL2526700PE.NFO,2025-07-03,14:23:00,2025-07-31,279.0,279.0,279.0,279.0,0,6630,0
FINNIFTY31JUL2526700PE.NFO,2025-07-03,14:24:00,2025-07-31,279.0,279.0,279.0,279.0,0,6630,0
FINNIFTY31JUL2526700PE.NFO,2025-07-03,14:25:00,2025-07-31,279.0,279.0,275.6,279.0,585,6825,0
FINNIFTY31JUL2526700PE.NFO,2025-07-03,14:26:00,2025-07-31,279.0,279.0,279.0,279.0,0,6825,0
FINNIFTY31JUL2526700PE.NFO,2025-07-03,14:27:00,2025-07-31,279.0,279.0,279.0,279.0,0,6825,0
FINNIFTY31JUL2526700PE.NFO,2025-07-03,14:28:00,2025-07-31,279.0,279.0,279.0,279.0,0,6825,0
FINNIFTY31JUL2526700PE.NFO,2025-07-03,14:29:00,2025-07-31,279.0,279.0,279.0,279.0,0,6825,0
FINNIFTY31JUL2526700PE.NFO,2025-07-03,14:30:00,2025-07-31,279.0,279.0,279.0,279.0,0,6825,0
FINNIFTY31JUL2526700PE.NFO,2025-07-03,14:31:00,2025-07-31,279.0,297.35,279.0,290.0,1170,6565,0
FINNIFTY31JUL2526700PE.NFO,2025-07-03,14:32:00,2025-07-31,290.0,290.0,290.0,290.0,0,6565,0
FINNIFTY31JUL2526700PE.NFO,2025-07-03,14:33:00,2025-07-31,290.0,292.5,289.65,291.15,455,6565,0
FINNIFTY31JUL2526700PE.NFO,2025-07-03,14:34:00,2025-07-31,291.15,291.15,291.15,291.15,0,6565,0
FINNIFTY31JUL2526700PE.NFO,2025-07-03,14:35:00,2025-07-31,291.15,291.6,291.15,291.6,0,6565,0
FINNIFTY31JUL2526700PE.NFO,2025-07-03,14:36:00,2025-07-31,291.6,291.6,289.15,289.15,130,6565,0
FINNIFTY31JUL2526700PE.NFO,2025-07-03,14:37:00,2025-07-31,289.15,299.0,289.15,297.55,260,6565,0
FINNIFTY31JUL2526700PE.NFO,2025-07-03,14:38:00,2025-07-31,297.55,299.45,297.4,297.4,260,6565,0
FINNIFTY31JUL2526700PE.NFO,2025-07-03,14:39:00,2025-07-31,298.95,298.95,296.3,298.2,715,6565,0
FINNIFTY31JUL2526700PE.NFO,2025-07-03,14:40:00,2025-07-31,298.2,298.2,293.2,293.2,130,6760,0
FINNIFTY31JUL2526700PE.NFO,2025-07-03,14:41:00,2025-07-31,293.2,293.2,291.15,291.15,195,6760,0
FINNIFTY31JUL2526700PE.NFO,2025-07-03,14:42:00,2025-07-31,291.15,291.15,291.15,291.15,0,6760,0
FINNIFTY31JUL2526700PE.NFO,2025-07-03,14:43:00,2025-07-31,291.15,295.35,291.15,294.2,130,6630,0
FINNIFTY31JUL2526700PE.NFO,2025-07-03,14:44:00,2025-07-31,294.2,294.2,294.2,294.2,0,6630,0
FINNIFTY31JUL2526700PE.NFO,2025-07-03,14:45:00,2025-07-31,294.2,294.2,294.2,294.2,0,6630,0
FINNIFTY31JUL2526700PE.NFO,2025-07-03,14:46:00,2025-07-31,294.2,294.2,287.7,287.95,390,6695,0
FINNIFTY31JUL2526700PE.NFO,2025-07-03,14:47:00,2025-07-31,287.95,287.95,287.95,287.95,0,6695,0
FINNIFTY31JUL2526700PE.NFO,2025-07-03,14:48:00,2025-07-31,287.95,297.0,287.95,297.0,195,6695,0
FINNIFTY31JUL2526700PE.NFO,2025-07-03,14:49:00,2025-07-31,297.0,297.0,297.0,297.0,0,6695,0
FINNIFTY31JUL2526700PE.NFO,2025-07-03,14:50:00,2025-07-31,297.0,297.0,295.8,295.8,65,6695,0
FINNIFTY31JUL2526700PE.NFO,2025-07-03,14:51:00,2025-07-31,295.8,299.95,295.8,298.5,195,6695,0
FINNIFTY31JUL2526700PE.NFO,2025-07-03,14:52:00,2025-07-31,298.5,302.0,298.5,302.0,130,6825,0
FINNIFTY31JUL2526700PE.NFO,2025-07-03,14:53:00,2025-07-31,302.0,302.0,301.3,301.3,65,6825,0
FINNIFTY31JUL2526700PE.NFO,2025-07-03,14:54:00,2025-07-31,301.3,301.3,298.1,298.1,65,6825,0
FINNIFTY31JUL2526700PE.NFO,2025-07-03,14:55:00,2025-07-31,298.1,298.1,295.2,295.2,65,7020,0
FINNIFTY31JUL2526700PE.NFO,2025-07-03,14:56:00,2025-07-31,295.2,297.4,295.2,297.4,65,7020,0
FINNIFTY31JUL2526700PE.NFO,2025-07-03,14:57:00,2025-07-31,297.4,297.4,297.4,297.4,0,7020,0
FINNIFTY31JUL2526700PE.NFO,2025-07-03,14:58:00,2025-07-31,297.4,297.4,297.4,297.4,0,7020,0
FINNIFTY31JUL2526700PE.NFO,2025-07-03,14:59:00,2025-07-31,297.4,297.4,297.4,297.4,0,7020,0
FINNIFTY31JUL2526700PE.NFO,2025-07-03,15:00:00,2025-07-31,297.4,297.4,297.4,297.4,0,7020,0
FINNIFTY31JUL2526700PE.NFO,2025-07-03,15:01:00,2025-07-31,297.4,297.4,297.4,297.4,0,7020,0
FINNIFTY31JUL2526700PE.NFO,2025-07-03,15:02:00,2025-07-31,297.4,297.4,296.45,296.45,195,6955,0
FINNIFTY31JUL2526700PE.NFO,2025-07-03,15:03:00,2025-07-31,296.45,296.45,296.45,296.45,0,6955,0
FINNIFTY31JUL2526700PE.NFO,2025-07-03,15:04:00,2025-07-31,296.45,299.6,296.45,299.6,130,6955,0
FINNIFTY31JUL2526700PE.NFO,2025-07-03,15:05:00,2025-07-31,299.6,302.0,299.3,302.0,130,6955,0
FINNIFTY31JUL2526700PE.NFO,2025-07-03,15:06:00,2025-07-31,302.0,302.0,299.1,299.1,195,6955,0
FINNIFTY31JUL2526700PE.NFO,2025-07-03,15:07:00,2025-07-31,299.1,299.1,299.1,299.1,0,6955,0
FINNIFTY31JUL2526700PE.NFO,2025-07-03,15:08:00,2025-07-31,299.1,299.1,299.1,299.1,0,6955,0
FINNIFTY31JUL2526700PE.NFO,2025-07-03,15:09:00,2025-07-31,299.1,299.1,299.1,299.1,0,6955,0
FINNIFTY31JUL2526700PE.NFO,2025-07-03,15:10:00,2025-07-31,299.1,301.9,299.1,301.9,520,6955,0
FINNIFTY31JUL2526700PE.NFO,2025-07-03,15:11:00,2025-07-31,301.9,301.9,301.75,301.75,130,6955,0
FINNIFTY31JUL2526700PE.NFO,2025-07-03,15:12:00,2025-07-31,301.75,301.9,301.0,301.9,520,6955,0
FINNIFTY31JUL2526700PE.NFO,2025-07-03,15:13:00,2025-07-31,301.9,301.9,301.9,301.9,0,6955,0
FINNIFTY31JUL2526700PE.NFO,2025-07-03,15:14:00,2025-07-31,301.9,304.55,301.9,304.55,325,7345,0
FINNIFTY31JUL2526700PE.NFO,2025-07-03,15:15:00,2025-07-31,302.25,302.9,301.4,302.9,455,7345,0
FINNIFTY31JUL2526700PE.NFO,2025-07-03,15:16:00,2025-07-31,302.9,302.9,299.85,301.45,585,7020,0
FINNIFTY31JUL2526700PE.NFO,2025-07-03,15:17:00,2025-07-31,301.45,301.45,300.5,300.5,130,7020,0
FINNIFTY31JUL2526700PE.NFO,2025-07-03,15:18:00,2025-07-31,300.5,300.5,300.5,300.5,0,7020,0
FINNIFTY31JUL2526700PE.NFO,2025-07-03,15:19:00,2025-07-31,300.5,300.5,300.5,300.5,0,7020,0
FINNIFTY31JUL2526700PE.NFO,2025-07-03,15:20:00,2025-07-31,300.5,303.0,300.5,303.0,195,6890,0
FINNIFTY31JUL2526700PE.NFO,2025-07-03,15:21:00,2025-07-31,303.0,303.0,303.0,303.0,0,6890,0
FINNIFTY31JUL2526700PE.NFO,2025-07-03,15:22:00,2025-07-31,303.0,305.3,303.0,305.3,325,6825,0
FINNIFTY31JUL2526700PE.NFO,2025-07-03,15:23:00,2025-07-31,305.3,305.3,305.3,305.3,65,6825,0
FINNIFTY31JUL2526700PE.NFO,2025-07-03,15:24:00,2025-07-31,305.3,305.3,302.15,302.15,780,6825,0
FINNIFTY31JUL2526700PE.NFO,2025-07-03,15:25:00,2025-07-31,302.15,305.3,302.15,305.3,65,7280,0
FINNIFTY31JUL2526700PE.NFO,2025-07-03,15:26:00,2025-07-31,305.3,306.45,302.8,302.8,1170,7280,0
FINNIFTY31JUL2526700PE.NFO,2025-07-03,15:27:00,2025-07-31,302.8,302.8,302.8,302.8,0,7280,0
FINNIFTY31JUL2526700PE.NFO,2025-07-03,15:28:00,2025-07-31,302.8,302.8,298.65,300.45,1105,6630,0
FINNIFTY31JUL2526700PE.NFO,2025-07-03,15:29:00,2025-07-31,300.45,300.45,298.2,298.2,195,6630,0
FINNIFTY31JUL2526700PE.NFO,2025-07-03,15:30:00,2025-07-31,298.2,298.2,298.2,298.2,195,6630,1
FINNIFTY31JUL2526700PE.NFO,2025-07-04,09:15:00,2025-07-31,275.15,275.15,275.15,275.15,0,0,0
FINNIFTY31JUL2526700PE.NFO,2025-07-04,09:16:00,2025-07-31,275.1,281.5,275.1,275.1,910,6500,0
FINNIFTY31JUL2526700PE.NFO,2025-07-04,09:17:00,2025-07-31,275.1,275.1,265.0,265.0,585,6500,0
FINNIFTY31JUL2526700PE.NFO,2025-07-04,09:18:00,2025-07-31,265.0,274.85,263.25,274.85,455,7020,0
FINNIFTY31JUL2526700PE.NFO,2025-07-04,09:19:00,2025-07-31,274.85,277.35,273.5,276.0,325,7020,0
FINNIFTY31JUL2526700PE.NFO,2025-07-04,09:20:00,2025-07-31,276.0,276.0,274.0,274.0,260,7020,0
FINNIFTY31JUL2526700PE.NFO,2025-07-04,09:21:00,2025-07-31,274.0,274.0,265.0,270.0,455,7215,0
FINNIFTY31JUL2526700PE.NFO,2025-07-04,09:22:00,2025-07-31,270.0,270.0,269.8,269.8,65,7215,0
FINNIFTY31JUL2526700PE.NFO,2025-07-04,09:23:00,2025-07-31,269.8,274.2,269.8,273.0,260,7215,0
FINNIFTY31JUL2526700PE.NFO,2025-07-04,09:24:00,2025-07-31,273.0,273.0,273.0,273.0,0,7215,0
FINNIFTY31JUL2526700PE.NFO,2025-07-04,09:25:00,2025-07-31,273.0,273.0,261.6,261.6,325,7085,0
FINNIFTY31JUL2526700PE.NFO,2025-07-04,09:26:00,2025-07-31,261.6,261.6,255.15,255.15,130,7085,0
FINNIFTY31JUL2526700PE.NFO,2025-07-04,09:27:00,2025-07-31,255.15,255.65,255.0,255.0,520,7280,0
FINNIFTY31JUL2526700PE.NFO,2025-07-04,09:28:00,2025-07-31,255.0,255.0,255.0,255.0,0,7280,0
FINNIFTY31JUL2526700PE.NFO,2025-07-04,09:29:00,2025-07-31,255.0,255.0,255.0,255.0,0,7280,0
FINNIFTY31JUL2526700PE.NFO,2025-07-04,09:30:00,2025-07-31,255.0,263.05,255.0,263.05,65,7670,0
FINNIFTY31JUL2526700PE.NFO,2025-07-04,09:31:00,2025-07-31,263.05,263.05,263.05,263.05,0,7670,0
FINNIFTY31JUL2526700PE.NFO,2025-07-04,09:32:00,2025-07-31,263.05,263.05,262.75,262.75,65,7670,0
FINNIFTY31JUL2526700PE.NFO,2025-07-04,09:33:00,2025-07-31,262.75,268.3,262.75,268.0,130,7735,0
FINNIFTY31JUL2526700PE.NFO,2025-07-04,09:34:00,2025-07-31,268.0,270.35,268.0,269.05,325,7735,0
FINNIFTY31JUL2526700PE.NFO,2025-07-04,09:35:00,2025-07-31,269.05,280.65,269.05,280.65,455,7735,0
FINNIFTY31JUL2526700PE.NFO,2025-07-04,09:36:00,2025-07-31,280.65,283.5,279.05,283.0,390,7865,0
FINNIFTY31JUL2526700PE.NFO,2025-07-04,09:37:00,2025-07-31,283.0,285.1,278.9,278.9,455,7865,0
FINNIFTY31JUL2526700PE.NFO,2025-07-04,09:38:00,2025-07-31,278.9,278.9,278.9,278.9,130,7865,0
FINNIFTY31JUL2526700PE.NFO,2025-07-04,09:39:00,2025-07-31,282.5,285.5,282.5,285.05,715,7865,0
FINNIFTY31JUL2526700PE.NFO,2025-07-04,09:40:00,2025-07-31,285.05,292.75,284.95,284.95,455,8060,0
FINNIFTY31JUL2526700PE.NFO,2025-07-04,09:41:00,2025-07-31,284.95,288.15,284.95,288.15,195,8060,0
FINNIFTY31JUL2526700PE.NFO,2025-07-04,09:42:00,2025-07-31,288.15,288.15,285.55,288.0,390,8645,0
FINNIFTY31JUL2526700PE.NFO,2025-07-04,09:43:00,2025-07-31,288.0,293.3,288.0,292.9,845,8645,0
FINNIFTY31JUL2526700PE.NFO,2025-07-04,09:44:00,2025-07-31,292.9,292.9,288.3,288.3,715,8645,0
FINNIFTY31JUL2526700PE.NFO,2025-07-04,09:45:00,2025-07-31,288.3,288.3,282.25,283.05,2210,11375,0
FINNIFTY31JUL2526700PE.NFO,2025-07-04,09:46:00,2025-07-31,283.05,285.05,281.3,281.3,715,11375,0
FINNIFTY31JUL2526700PE.NFO,2025-07-04,09:47:00,2025-07-31,281.3,283.0,281.0,281.0,325,11375,0
FINNIFTY31JUL2526700PE.NFO,2025-07-04,09:48:00,2025-07-31,281.0,281.0,281.0,281.0,0,11375,0
FINNIFTY31JUL2526700PE.NFO,2025-07-04,09:49:00,2025-07-31,281.0,284.45,281.0,284.45,65,10985,0
FINNIFTY31JUL2526700PE.NFO,2025-07-04,09:50:00,2025-07-31,284.45,292.2,284.45,291.4,1040,10985,0
FINNIFTY31JUL2526700PE.NFO,2025-07-04,09:51:00,2025-07-31,291.4,291.85,287.0,287.0,260,11115,0
FINNIFTY31JUL2526700PE.NFO,2025-07-04,09:52:00,2025-07-31,287.0,287.0,287.0,287.0,0,11115,0
FINNIFTY31JUL2526700PE.NFO,2025-07-04,09:53:00,2025-07-31,287.0,287.0,287.0,287.0,0,11115,0
FINNIFTY31JUL2526700PE.NFO,2025-07-04,09:54:00,2025-07-31,287.0,287.0,287.0,287.0,0,11115,0
FINNIFTY31JUL2526700PE.NFO,2025-07-04,09:55:00,2025-07-31,287.0,287.0,278.55,281.0,1235,11245,0
FINNIFTY31JUL2526700PE.NFO,2025-07-04,09:56:00,2025-07-31,281.0,281.0,281.0,281.0,0,11245,0
FINNIFTY31JUL2526700PE.NFO,2025-07-04,09:57:00,2025-07-31,281.0,282.5,281.0,282.5,130,11245,0
FINNIFTY31JUL2526700PE.NFO,2025-07-04,09:58:00,2025-07-31,282.5,282.6,281.0,281.0,260,10140,0
FINNIFTY31JUL2526700PE.NFO,2025-07-04,09:59:00,2025-07-31,281.0,281.0,276.5,276.5,260,10140,0
FINNIFTY31JUL2526700PE.NFO,2025-07-04,10:00:00,2025-07-31,276.5,276.5,271.35,272.85,195,10270,0
FINNIFTY31JUL2526700PE.NFO,2025-07-04,10:01:00,2025-07-31,272.85,273.4,272.85,273.4,65,10270,0
FINNIFTY31JUL2526700PE.NFO,2025-07-04,10:02:00,2025-07-31,273.4,279.9,273.4,279.9,260,10270,0
FINNIFTY31JUL2526700PE.NFO,2025-07-04,10:03:00,2025-07-31,279.9,279.9,276.45,276.45,130,10140,0
FINNIFTY31JUL2526700PE.NFO,2025-07-04,10:04:00,2025-07-31,276.45,283.1,276.45,281.3,195,10140,0
FINNIFTY31JUL2526700PE.NFO,2025-07-04,10:05:00,2025-07-31,281.3,283.15,281.3,283.15,520,10140,0
FINNIFTY31JUL2526700PE.NFO,2025-07-04,10:06:00,2025-07-31,283.15,283.15,283.15,283.15,0,10140,0
FINNIFTY31JUL2526700PE.NFO,2025-07-04,10:07:00,2025-07-31,283.15,283.15,283.15,283.15,0,10140,0
FINNIFTY31JUL2526700PE.NFO,2025-07-04,10:08:00,2025-07-31,283.15,283.15,283.15,283.15,0,10140,0
FINNIFTY31JUL2526700PE.NFO,2025-07-04,10:09:00,2025-07-31,283.15,283.15,283.15,283.15,0,10140,0
FINNIFTY31JUL2526700PE.NFO,2025-07-04,10:10:00,2025-07-31,283.15,283.15,283.15,283.15,0,10140,0
FINNIFTY31JUL2526700PE.NFO,2025-07-04,10:11:00,2025-07-31,283.15,283.15,283.15,283.15,0,10140,0
FINNIFTY31JUL2526700PE.NFO,2025-07-04,10:12:00,2025-07-31,283.15,283.15,283.15,283.15,0,10140,0
FINNIFTY31JUL2526700PE.NFO,2025-07-04,10:13:00,2025-07-31,283.15,283.15,283.1,283.1,65,10140,0
FINNIFTY31JUL2526700PE.NFO,2025-07-04,10:14:00,2025-07-31,283.1,283.1,283.1,283.1,0,10140,0
FINNIFTY31JUL2526700PE.NFO,2025-07-04,10:15:00,2025-07-31,283.1,283.1,277.6,277.6,130,10075,0
FINNIFTY31JUL2526700PE.NFO,2025-07-04,10:16:00,2025-07-31,277.6,277.6,277.6,277.6,0,10075,0
FINNIFTY31JUL2526700PE.NFO,2025-07-04,10:17:00,2025-07-31,277.6,277.6,277.6,277.6,0,10075,0
FINNIFTY31JUL2526700PE.NFO,2025-07-04,10:18:00,2025-07-31,277.6,277.6,277.6,277.6,0,10075,0
FINNIFTY31JUL2526700PE.NFO,2025-07-04,10:19:00,2025-07-31,277.6,277.6,277.6,277.6,0,10075,0
FINNIFTY31JUL2526700PE.NFO,2025-07-04,10:20:00,2025-07-31,277.6,277.6,275.65,275.65,130,10205,0
FINNIFTY31JUL2526700PE.NFO,2025-07-04,10:21:00,2025-07-31,275.65,275.65,275.65,275.65,0,10205,0
FINNIFTY31JUL2526700PE.NFO,2025-07-04,10:22:00,2025-07-31,275.65,275.65,275.65,275.65,0,10205,0
FINNIFTY31JUL2526700PE.NFO,2025-07-04,10:23:00,2025-07-31,275.65,275.65,275.65,275.65,0,10205,0
FINNIFTY31JUL2526700PE.NFO,2025-07-04,10:24:00,2025-07-31,275.65,275.65,275.65,275.65,0,10205,0
FINNIFTY31JUL2526700PE.NFO,2025-07-04,10:25:00,2025-07-31,275.65,275.65,275.65,275.65,0,10205,0
FINNIFTY31JUL2526700PE.NFO,2025-07-04,10:26:00,2025-07-31,276.9,276.9,276.9,276.9,65,10270,0
FINNIFTY31JUL2526700PE.NFO,2025-07-04,10:27:00,2025-07-31,276.9,280.0,276.9,280.0,65,10335,0
FINNIFTY31JUL2526700PE.NFO,2025-07-04,10:28:00,2025-07-31,280.0,280.0,280.0,280.0,65,10335,0
FINNIFTY31JUL2526700PE.NFO,2025-07-04,10:29:00,2025-07-31,280.0,280.0,280.0,280.0,0,10335,0
FINNIFTY31JUL2526700PE.NFO,2025-07-04,10:30:00,2025-07-31,280.0,280.0,278.0,278.0,65,10335,0
FINNIFTY31JUL2526700PE.NFO,2025-07-04,10:31:00,2025-07-31,278.0,278.0,278.0,278.0,130,10270,0
FINNIFTY31JUL2526700PE.NFO,2025-07-04,10:32:00,2025-07-31,278.0,278.0,278.0,278.0,0,10270,0
FINNIFTY31JUL2526700PE.NFO,2025-07-04,10:33:00,2025-07-31,278.0,278.0,278.0,278.0,0,10270,0
FINNIFTY31JUL2526700PE.NFO,2025-07-04,10:34:00,2025-07-31,278.0,278.0,278.0,278.0,0,10270,0
FINNIFTY31JUL2526700PE.NFO,2025-07-04,10:35:00,2025-07-31,278.0,278.0,275.75,275.75,130,10140,0
FINNIFTY31JUL2526700PE.NFO,2025-07-04,10:36:00,2025-07-31,275.75,275.75,275.75,275.75,0,10140,0
FINNIFTY31JUL2526700PE.NFO,2025-07-04,10:37:00,2025-07-31,275.75,275.75,275.75,275.75,0,10140,0
FINNIFTY31JUL2526700PE.NFO,2025-07-04,10:38:00,2025-07-31,275.75,275.75,275.75,275.75,0,10140,0
FINNIFTY31JUL2526700PE.NFO,2025-07-04,10:39:00,2025-07-31,275.75,275.75,275.75,275.75,0,10140,0
FINNIFTY31JUL2526700PE.NFO,2025-07-04,10:40:00,2025-07-31,275.75,275.75,273.85,273.85,0,10140,0
FINNIFTY31JUL2526700PE.NFO,2025-07-04,10:41:00,2025-07-31,273.85,273.85,273.85,273.85,0,10140,0
FINNIFTY31JUL2526700PE.NFO,2025-07-04,10:42:00,2025-07-31,273.85,274.9,273.85,274.9,195,10140,0
FINNIFTY31JUL2526700PE.NFO,2025-07-04,10:43:00,2025-07-31,274.9,274.9,274.9,274.9,0,10140,0
FINNIFTY31JUL2526700PE.NFO,2025-07-04,10:44:00,2025-07-31,274.9,274.9,274.9,274.9,0,10140,0
FINNIFTY31JUL2526700PE.NFO,2025-07-04,10:45:00,2025-07-31,274.9,274.9,274.9,274.9,0,10140,0
FINNIFTY31JUL2526700PE.NFO,2025-07-04,10:46:00,2025-07-31,274.9,275.0,274.9,275.0,65,10270,0
FINNIFTY31JUL2526700PE.NFO,2025-07-04,10:47:00,2025-07-31,275.0,277.45,275.0,277.45,65,10270,0
FINNIFTY31JUL2526700PE.NFO,2025-07-04,10:48:00,2025-07-31,277.45,277.45,277.45,277.45,0,10270,0
FINNIFTY31JUL2526700PE.NFO,2025-07-04,10:49:00,2025-07-31,277.45,277.45,277.45,277.45,0,10270,0
FINNIFTY31JUL2526700PE.NFO,2025-07-04,10:50:00,2025-07-31,277.45,277.45,277.45,277.45,0,10270,0
FINNIFTY31JUL2526700PE.NFO,2025-07-04,10:51:00,2025-07-31,277.45,277.45,271.25,271.25,130,10205,0
FINNIFTY31JUL2526700PE.NFO,2025-07-04,10:52:00,2025-07-31,271.25,271.25,271.25,271.25,0,10205,0
FINNIFTY31JUL2526700PE.NFO,2025-07-04,10:53:00,2025-07-31,271.25,271.25,266.65,267.7,1040,10205,0
FINNIFTY31JUL2526700PE.NFO,2025-07-04,10:54:00,2025-07-31,267.7,267.7,267.7,267.7,0,10205,0
FINNIFTY31JUL2526700PE.NFO,2025-07-04,10:55:00,2025-07-31,267.7,267.7,267.7,267.7,0,10205,0
FINNIFTY31JUL2526700PE.NFO,2025-07-04,10:56:00,2025-07-31,267.7,267.7,267.7,267.7,0,10205,0
FINNIFTY31JUL2526700PE.NFO,2025-07-04,10:57:00,2025-07-31,267.7,267.7,267.7,267.7,0,10205,0
FINNIFTY31JUL2526700PE.NFO,2025-07-04,10:58:00,2025-07-31,267.7,267.7,267.7,267.7,0,10205,0
FINNIFTY31JUL2526700PE.NFO,2025-07-04,10:59:00,2025-07-31,267.7,271.85,267.7,271.85,65,10075,0
FINNIFTY31JUL2526700PE.NFO,2025-07-04,11:00:00,2025-07-31,271.85,271.85,271.85,271.85,0,10075,0
FINNIFTY31JUL2526700PE.NFO,2025-07-04,11:01:00,2025-07-31,271.85,272.65,271.85,272.65,130,10140,0
FINNIFTY31JUL2526700PE.NFO,2025-07-04,11:02:00,2025-07-31,272.65,272.8,272.65,272.8,65,10140,0
FINNIFTY31JUL2526700PE.NFO,2025-07-04,11:03:00,2025-07-31,272.8,272.8,270.25,270.25,130,10140,0
FINNIFTY31JUL2526700PE.NFO,2025-07-04,11:04:00,2025-07-31,270.25,270.25,267.4,267.4,65,10075,0
FINNIFTY31JUL2526700PE.NFO,2025-07-04,11:05:00,2025-07-31,267.4,267.4,267.4,267.4,0,10075,0
FINNIFTY31JUL2526700PE.NFO,2025-07-04,11:06:00,2025-07-31,267.4,267.4,267.4,267.4,0,10075,0
FINNIFTY31JUL2526700PE.NFO,2025-07-04,11:07:00,2025-07-31,267.4,267.4,267.4,267.4,0,10075,0
FINNIFTY31JUL2526700PE.NFO,2025-07-04,11:08:00,2025-07-31,267.4,267.4,267.4,267.4,0,10075,0
FINNIFTY31JUL2526700PE.NFO,2025-07-04,11:09:00,2025-07-31,267.4,272.7,267.4,272.7,65,10075,0
FINNIFTY31JUL2526700PE.NFO,2025-07-04,11:10:00,2025-07-31,272.7,272.7,272.7,272.7,0,10075,0
FINNIFTY31JUL2526700PE.NFO,2025-07-04,11:11:00,2025-07-31,272.7,272.7,272.7,272.7,0,10075,0
FINNIFTY31JUL2526700PE.NFO,2025-07-04,11:12:00,2025-07-31,272.7,273.0,272.7,273.0,65,10075,0
FINNIFTY31JUL2526700PE.NFO,2025-07-04,11:13:00,2025-07-31,273.0,273.0,273.0,273.0,0,10075,0
FINNIFTY31JUL2526700PE.NFO,2025-07-04,11:14:00,2025-07-31,273.0,273.0,273.0,273.0,0,10075,0
FINNIFTY31JUL2526700PE.NFO,2025-07-04,11:15:00,2025-07-31,273.0,273.0,272.55,272.55,130,10140,0
FINNIFTY31JUL2526700PE.NFO,2025-07-04,11:16:00,2025-07-31,272.55,272.55,272.55,272.55,0,10140,0
FINNIFTY31JUL2526700PE.NFO,2025-07-04,11:17:00,2025-07-31,272.55,272.55,272.0,272.0,195,10140,0
FINNIFTY31JUL2526700PE.NFO,2025-07-04,11:18:00,2025-07-31,272.0,272.0,272.0,272.0,0,10140,0
FINNIFTY31JUL2526700PE.NFO,2025-07-04,11:19:00,2025-07-31,272.0,272.0,272.0,272.0,0,10140,0
FINNIFTY31JUL2526700PE.NFO,2025-07-04,11:20:00,2025-07-31,272.0,272.0,272.0,272.0,0,10140,0
FINNIFTY31JUL2526700PE.NFO,2025-07-04,11:21:00,2025-07-31,272.0,274.85,272.0,274.85,325,10270,0
FINNIFTY31JUL2526700PE.NFO,2025-07-04,11:22:00,2025-07-31,274.85,279.15,274.85,276.6,260,10465,0
FINNIFTY31JUL2526700PE.NFO,2025-07-04,11:23:00,2025-07-31,276.6,279.95,276.6,279.95,65,10465,0
FINNIFTY31JUL2526700PE.NFO,2025-07-04,11:24:00,2025-07-31,279.95,279.95,279.95,279.95,0,10465,0
FINNIFTY31JUL2526700PE.NFO,2025-07-04,11:25:00,2025-07-31,279.95,279.95,279.95,279.95,0,10465,0
FINNIFTY31JUL2526700PE.NFO,2025-07-04,11:26:00,2025-07-31,279.95,279.95,279.95,279.95,0,10465,0
FINNIFTY31JUL2526700PE.NFO,2025-07-04,11:27:00,2025-07-31,279.95,285.0,279.95,285.0,65,10270,0
FINNIFTY31JUL2526700PE.NFO,2025-07-04,11:28:00,2025-07-31,285.0,285.0,284.15,284.15,65,10270,0
FINNIFTY31JUL2526700PE.NFO,2025-07-04,11:29:00,2025-07-31,284.15,284.15,281.9,281.9,65,10270,0
FINNIFTY31JUL2526700PE.NFO,2025-07-04,11:30:00,2025-07-31,281.9,282.35,281.9,282.35,325,10270,0
FINNIFTY31JUL2526700PE.NFO,2025-07-04,11:31:00,2025-07-31,282.35,286.2,282.35,286.2,1560,10530,0
FINNIFTY31JUL2526700PE.NFO,2025-07-04,11:32:00,2025-07-31,286.2,286.2,284.1,284.7,260,10530,0
FINNIFTY31JUL2526700PE.NFO,2025-07-04,11:33:00,2025-07-31,284.7,284.7,284.7,284.7,0,10530,0
FINNIFTY31JUL2526700PE.NFO,2025-07-04,11:34:00,2025-07-31,284.7,284.7,284.7,284.7,0,10530,0
FINNIFTY31JUL2526700PE.NFO,2025-07-04,11:35:00,2025-07-31,284.7,287.0,284.7,287.0,65,11570,0
FINNIFTY31JUL2526700PE.NFO,2025-07-04,11:36:00,2025-07-31,287.0,295.0,287.0,291.1,130,11570,0
FINNIFTY31JUL2526700PE.NFO,2025-07-04,11:37:00,2025-07-31,291.1,291.1,289.45,289.45,65,11505,0
FINNIFTY31JUL2526700PE.NFO,2025-07-04,11:38:00,2025-07-31,289.45,295.35,289.45,295.35,260,11505,0
FINNIFTY31JUL2526700PE.NFO,2025-07-04,11:39:00,2025-07-31,295.35,299.95,291.75,291.75,910,11505,0
FINNIFTY31JUL2526700PE.NFO,2025-07-04,11:40:00,2025-07-31,291.75,295.1,291.75,295.1,65,11180,0
FINNIFTY31JUL2526700PE.NFO,2025-07-04,11:41:00,2025-07-31,295.1,303.65,295.1,300.45,845,11180,0
FINNIFTY31JUL2526700PE.NFO,2025-07-04,11:42:00,2025-07-31,300.45,304.3,300.45,301.4,390,10855,0
FINNIFTY31JUL2526700PE.NFO,2025-07-04,11:43:00,2025-07-31,301.4,303.0,298.55,298.55,325,10855,0
FINNIFTY31JUL2526700PE.NFO,2025-07-04,11:44:00,2025-07-31,298.55,301.0,298.55,301.0,325,10855,0
FINNIFTY31JUL2526700PE.NFO,2025-07-04,11:45:00,2025-07-31,301.0,308.0,301.0,307.9,1040,10660,0
FINNIFTY31JUL2526700PE.NFO,2025-07-04,11:46:00,2025-07-31,307.9,309.25,303.6,306.95,1040,10660,0
FINNIFTY31JUL2526700PE.NFO,2025-07-04,11:47:00,2025-07-31,306.95,314.5,306.45,311.1,585,10660,0
FINNIFTY31JUL2526700PE.NFO,2025-07-04,11:48:00,2025-07-31,311.1,313.1,309.05,313.1,1235,10660,0
FINNIFTY31JUL2526700PE.NFO,2025-07-04,11:49:00,2025-07-31,313.1,313.1,305.7,305.7,130,11895,0
FINNIFTY31JUL2526700PE.NFO,2025-07-04,11:50:00,2025-07-31,305.7,307.75,304.0,306.85,520,11895,0
FINNIFTY31JUL2526700PE.NFO,2025-07-04,11:51:00,2025-07-31,306.85,310.65,306.85,310.65,650,12220,0
FINNIFTY31JUL2526700PE.NFO,2025-07-04,11:52:00,2025-07-31,310.65,312.2,305.8,305.8,1690,12220,0
FINNIFTY31JUL2526700PE.NFO,2025-07-04,11:53:00,2025-07-31,305.8,308.9,305.8,308.9,130,12220,0
FINNIFTY31JUL2526700PE.NFO,2025-07-04,11:54:00,2025-07-31,308.9,308.9,306.45,308.0,585,12220,0
FINNIFTY31JUL2526700PE.NFO,2025-07-04,11:55:00,2025-07-31,308.0,315.0,308.0,312.3,975,12480,0
FINNIFTY31JUL2526700PE.NFO,2025-07-04,11:56:00,2025-07-31,312.3,313.95,311.75,311.75,520,12480,0
FINNIFTY31JUL2526700PE.NFO,2025-07-04,11:57:00,2025-07-31,311.75,313.8,309.0,309.9,975,12025,0
FINNIFTY31JUL2526700PE.NFO,2025-07-04,11:58:00,2025-07-31,309.9,317.35,309.9,315.3,715,12025,0
FINNIFTY31JUL2526700PE.NFO,2025-07-04,11:59:00,2025-07-31,315.3,317.0,313.3,313.3,325,12025,0
FINNIFTY31JUL2526700PE.NFO,2025-07-04,12:00:00,2025-07-31,313.3,313.3,313.0,313.0,130,12025,0
FINNIFTY31JUL2526700PE.NFO,2025-07-04,12:01:00,2025-07-31,313.0,315.0,313.0,315.0,130,12090,0
FINNIFTY31JUL2526700PE.NFO,2025-07-04,12:02:00,2025-07-31,315.0,315.0,309.3,309.3,910,12090,0
FINNIFTY31JUL2526700PE.NFO,2025-07-04,12:03:00,2025-07-31,309.3,310.45,307.35,308.35,715,12090,0
FINNIFTY31JUL2526700PE.NFO,2025-07-04,12:04:00,2025-07-31,308.35,314.65,308.35,314.35,195,12025,0
FINNIFTY31JUL2526700PE.NFO,2025-07-04,12:05:00,2025-07-31,314.35,314.35,309.85,310.55,260,12025,0
FINNIFTY31JUL2526700PE.NFO,2025-07-04,12:06:00,2025-07-31,310.55,311.25,309.0,311.25,455,12025,0
FINNIFTY31JUL2526700PE.NFO,2025-07-04,12:07:00,2025-07-31,311.25,315.1,310.0,315.1,1560,12415,0
FINNIFTY31JUL2526700PE.NFO,2025-07-04,12:08:00,2025-07-31,315.1,315.1,304.45,306.3,780,12415,0
FINNIFTY31JUL2526700PE.NFO,2025-07-04,12:09:00,2025-07-31,306.3,308.85,306.3,306.7,585,13065,0
FINNIFTY31JUL2526700PE.NFO,2025-07-04,12:10:00,2025-07-31,306.7,306.75,306.7,306.75,65,13065,0
FINNIFTY31JUL2526700PE.NFO,2025-07-04,12:11:00,2025-07-31,306.75,307.5,304.4,304.4,585,13065,0
FINNIFTY31JUL2526700PE.NFO,2025-07-04,12:12:00,2025-07-31,304.4,310.0,304.4,310.0,195,13065,0
FINNIFTY31JUL2526700PE.NFO,2025-07-04,12:13:00,2025-07-31,310.0,312.3,310.0,312.0,390,12545,0
FINNIFTY31JUL2526700PE.NFO,2025-07-04,12:14:00,2025-07-31,312.0,312.8,312.0,312.0,585,12545,0
FINNIFTY31JUL2526700PE.NFO,2025-07-04,12:15:00,2025-07-31,312.0,313.8,312.0,312.55,260,12740,0
FINNIFTY31JUL2526700PE.NFO,2025-07-04,12:16:00,2025-07-31,312.55,312.55,311.8,311.8,130,12740,0
FINNIFTY31JUL2526700PE.NFO,2025-07-04,12:17:00,2025-07-31,311.8,311.8,307.8,309.0,780,12740,0
FINNIFTY31JUL2526700PE.NFO,2025-07-04,12:18:00,2025-07-31,309.0,309.0,306.0,306.0,65,12740,0
FINNIFTY31JUL2526700PE.NFO,2025-07-04,12:19:00,2025-07-31,306.0,306.0,305.7,305.7,65,12610,0
FINNIFTY31JUL2526700PE.NFO,2025-07-04,12:20:00,2025-07-31,305.7,307.3,305.7,307.3,130,12610,0
FINNIFTY31JUL2526700PE.NFO,2025-07-04,12:21:00,2025-07-31,307.3,307.3,305.0,305.0,130,12675,0
FINNIFTY31JUL2526700PE.NFO,2025-07-04,12:22:00,2025-07-31,305.0,309.35,305.0,309.35,325,12675,0
FINNIFTY31JUL2526700PE.NFO,2025-07-04,12:23:00,2025-07-31,309.35,309.35,308.7,308.7,260,12675,0
FINNIFTY31JUL2526700PE.NFO,2025-07-04,12:24:00,2025-07-31,308.7,309.0,308.7,309.0,390,12675,0
FINNIFTY31JUL2526700PE.NFO,2025-07-04,12:25:00,2025-07-31,309.0,310.0,309.0,310.0,65,13000,0
FINNIFTY31JUL2526700PE.NFO,2025-07-04,12:26:00,2025-07-31,310.0,310.0,310.0,310.0,260,13000,0
FINNIFTY31JUL2526700PE.NFO,2025-07-04,12:27:00,2025-07-31,310.0,310.0,309.25,309.25,130,13000,0
FINNIFTY31JUL2526700PE.NFO,2025-07-04,12:28:00,2025-07-31,309.25,309.75,309.25,309.75,65,13000,0
FINNIFTY31JUL2526700PE.NFO,2025-07-04,12:29:00,2025-07-31,309.75,309.75,309.75,309.75,0,13000,0
FINNIFTY31JUL2526700PE.NFO,2025-07-04,12:30:00,2025-07-31,309.75,309.75,306.05,306.05,195,13000,0
FINNIFTY31JUL2526700PE.NFO,2025-07-04,12:31:00,2025-07-31,306.05,306.05,306.05,306.05,0,13000,0
FINNIFTY31JUL2526700PE.NFO,2025-07-04,12:32:00,2025-07-31,306.05,308.05,306.05,307.9,455,12935,0
FINNIFTY31JUL2526700PE.NFO,2025-07-04,12:33:00,2025-07-31,307.9,307.9,301.65,301.65,260,12935,0
FINNIFTY31JUL2526700PE.NFO,2025-07-04,12:34:00,2025-07-31,301.65,301.65,299.35,301.5,715,12870,0
FINNIFTY31JUL2526700PE.NFO,2025-07-04,12:35:00,2025-07-31,301.5,304.9,301.0,304.9,1235,12870,0
FINNIFTY31JUL2526700PE.NFO,2025-07-04,12:36:00,2025-07-31,304.9,304.9,304.0,304.0,195,12870,0
FINNIFTY31JUL2526700PE.NFO,2025-07-04,12:37:00,2025-07-31,304.0,304.05,303.15,303.15,195,13195,0
FINNIFTY31JUL2526700PE.NFO,2025-07-04,12:38:00,2025-07-31,303.15,303.35,303.15,303.35,65,13195,0
FINNIFTY31JUL2526700PE.NFO,2025-07-04,12:39:00,2025-07-31,303.35,303.35,301.3,301.3,65,13195,0
FINNIFTY31JUL2526700PE.NFO,2025-07-04,12:40:00,2025-07-31,301.3,302.0,301.3,302.0,455,13195,0
FINNIFTY31JUL2526700PE.NFO,2025-07-04,12:41:00,2025-07-31,302.0,302.0,302.0,302.0,0,13195,0
FINNIFTY31JUL2526700PE.NFO,2025-07-04,12:42:00,2025-07-31,302.0,302.0,301.65,302.0,390,13195,0
FINNIFTY31JUL2526700PE.NFO,2025-07-04,12:43:00,2025-07-31,302.0,302.0,301.3,301.3,65,13975,0
FINNIFTY31JUL2526700PE.NFO,2025-07-04,12:44:00,2025-07-31,301.3,302.45,300.95,300.95,975,13975,0
FINNIFTY31JUL2526700PE.NFO,2025-07-04,12:45:00,2025-07-31,300.95,300.95,298.6,299.8,1235,13975,0
FINNIFTY31JUL2526700PE.NFO,2025-07-04,12:46:00,2025-07-31,299.8,300.2,295.0,300.2,1170,13455,0
FINNIFTY31JUL2526700PE.NFO,2025-07-04,12:47:00,2025-07-31,300.2,300.2,296.85,298.4,195,13455,0
FINNIFTY31JUL2526700PE.NFO,2025-07-04,12:48:00,2025-07-31,298.4,298.4,298.4,298.4,0,13455,0
FINNIFTY31JUL2526700PE.NFO,2025-07-04,12:49:00,2025-07-31,298.4,298.4,296.3,296.3,390,13325,0
FINNIFTY31JUL2526700PE.NFO,2025-07-04,12:50:00,2025-07-31,296.3,297.65,296.3,297.65,195,13325,0
FINNIFTY31JUL2526700PE.NFO,2025-07-04,12:51:00,2025-07-31,297.65,298.25,297.0,297.0,325,13325,0
FINNIFTY31JUL2526700PE.NFO,2025-07-04,12:52:00,2025-07-31,297.0,298.2,297.0,298.2,65,13780,0
FINNIFTY31JUL2526700PE.NFO,2025-07-04,12:53:00,2025-07-31,298.2,298.2,298.2,298.2,0,13780,0
FINNIFTY31JUL2526700PE.NFO,2025-07-04,12:54:00,2025-07-31,298.2,298.35,298.2,298.35,585,13780,0
FINNIFTY31JUL2526700PE.NFO,2025-07-04,12:55:00,2025-07-31,298.35,300.2,298.35,300.2,1430,13910,0
FINNIFTY31JUL2526700PE.NFO,2025-07-04,12:56:00,2025-07-31,300.2,301.35,300.2,300.2,195,13910,0
FINNIFTY31JUL2526700PE.NFO,2025-07-04,12:57:00,2025-07-31,300.2,300.2,296.45,296.45,975,13910,0
FINNIFTY31JUL2526700PE.NFO,2025-07-04,12:58:00,2025-07-31,296.45,300.45,296.45,300.45,260,14755,0
FINNIFTY31JUL2526700PE.NFO,2025-07-04,12:59:00,2025-07-31,300.45,303.0,300.45,303.0,130,14755,0
FINNIFTY31JUL2526700PE.NFO,2025-07-04,13:00:00,2025-07-31,303.0,305.45,303.0,305.45,260,14755,0
FINNIFTY31JUL2526700PE.NFO,2025-07-04,13:01:00,2025-07-31,305.45,305.45,305.45,305.45,0,14755,0
FINNIFTY31JUL2526700PE.NFO,2025-07-04,13:02:00,2025-07-31,305.45,305.45,302.95,302.95,780,14885,0
FINNIFTY31JUL2526700PE.NFO,2025-07-04,13:03:00,2025-07-31,302.95,302.95,301.2,301.2,65,14885,0
FINNIFTY31JUL2526700PE.NFO,2025-07-04,13:04:00,2025-07-31,301.2,301.2,300.05,300.05,65,14560,0
FINNIFTY31JUL2526700PE.NFO,2025-07-04,13:05:00,2025-07-31,300.05,300.05,300.05,300.05,0,14560,0
FINNIFTY31JUL2526700PE.NFO,2025-07-04,13:06:00,2025-07-31,300.05,300.05,300.05,300.05,0,14560,0
FINNIFTY31JUL2526700PE.NFO,2025-07-04,13:07:00,2025-07-31,300.05,300.05,295.8,295.8,260,14560,0
FINNIFTY31JUL2526700PE.NFO,2025-07-04,13:08:00,2025-07-31,295.8,297.75,295.8,297.75,0,14560,0
FINNIFTY31JUL2526700PE.NFO,2025-07-04,13:09:00,2025-07-31,297.75,297.75,296.4,296.6,130,14560,0
FINNIFTY31JUL2526700PE.NFO,2025-07-04,13:10:00,2025-07-31,296.6,297.8,296.6,297.8,65,14495,0
FINNIFTY31JUL2526700PE.NFO,2025-07-04,13:11:00,2025-07-31,297.8,297.95,297.8,297.95,130,14495,0
FINNIFTY31JUL2526700PE.NFO,2025-07-04,13:12:00,2025-07-31,297.95,297.95,294.2,294.2,65,14495,0
FINNIFTY31JUL2526700PE.NFO,2025-07-04,13:13:00,2025-07-31,294.2,294.2,288.15,290.0,260,14625,0
FINNIFTY31JUL2526700PE.NFO,2025-07-04,13:14:00,2025-07-31,290.0,290.0,290.0,290.0,390,14625,0
FINNIFTY31JUL2526700PE.NFO,2025-07-04,13:15:00,2025-07-31,290.0,290.0,286.95,287.25,650,14625,0
FINNIFTY31JUL2526700PE.NFO,2025-07-04,13:16:00,2025-07-31,287.25,287.25,287.25,287.25,0,14625,0
FINNIFTY31JUL2526700PE.NFO,2025-07-04,13:17:00,2025-07-31,287.25,289.1,287.25,289.05,195,14560,0
FINNIFTY31JUL2526700PE.NFO,2025-07-04,13:18:00,2025-07-31,289.05,289.1,289.05,289.1,195,14560,0
FINNIFTY31JUL2526700PE.NFO,2025-07-04,13:19:00,2025-07-31,289.1,292.8,289.1,292.8,1300,14950,0
FINNIFTY31JUL2526700PE.NFO,2025-07-04,13:20:00,2025-07-31,292.8,292.8,290.55,290.55,130,14950,0
FINNIFTY31JUL2526700PE.NFO,2025-07-04,13:21:00,2025-07-31,290.55,294.4,290.55,294.4,585,14950,0
FINNIFTY31JUL2526700PE.NFO,2025-07-04,13:22:00,2025-07-31,294.4,294.4,294.35,294.35,195,15405,0
FINNIFTY31JUL2526700PE.NFO,2025-07-04,13:23:00,2025-07-31,294.35,294.35,294.0,294.0,195,15405,0
FINNIFTY31JUL2526700PE.NFO,2025-07-04,13:24:00,2025-07-31,294.0,294.0,291.45,291.45,260,15405,0
FINNIFTY31JUL2526700PE.NFO,2025-07-04,13:25:00,2025-07-31,291.45,291.45,291.45,291.45,0,15405,0
FINNIFTY31JUL2526700PE.NFO,2025-07-04,13:26:00,2025-07-31,291.45,291.45,291.45,291.45,0,15405,0
FINNIFTY31JUL2526700PE.NFO,2025-07-04,13:27:00,2025-07-31,291.45,291.45,289.05,289.05,65,15340,0
FINNIFTY31JUL2526700PE.NFO,2025-07-04,13:28:00,2025-07-31,289.05,289.05,289.05,289.05,0,15340,0
FINNIFTY31JUL2526700PE.NFO,2025-07-04,13:29:00,2025-07-31,289.05,289.3,289.05,289.3,65,15275,0
FINNIFTY31JUL2526700PE.NFO,2025-07-04,13:30:00,2025-07-31,290.9,291.7,290.7,291.7,260,15275,0
FINNIFTY31JUL2526700PE.NFO,2025-07-04,13:31:00,2025-07-31,291.7,291.7,291.7,291.7,0,15275,0
FINNIFTY31JUL2526700PE.NFO,2025-07-04,13:32:00,2025-07-31,291.7,291.7,290.65,290.85,195,15275,0
FINNIFTY31JUL2526700PE.NFO,2025-07-04,13:33:00,2025-07-31,290.85,292.35,290.85,291.35,195,15275,0
FINNIFTY31JUL2526700PE.NFO,2025-07-04,13:34:00,2025-07-31,291.35,291.35,289.2,289.2,65,15275,0
FINNIFTY31JUL2526700PE.NFO,2025-07-04,13:35:00,2025-07-31,289.2,289.2,289.2,289.2,0,15275,0
FINNIFTY31JUL2526700PE.NFO,2025-07-04,13:36:00,2025-07-31,289.2,289.2,288.5,288.5,130,15275,0
FINNIFTY31JUL2526700PE.NFO,2025-07-04,13:37:00,2025-07-31,288.5,289.7,288.5,289.7,260,15210,0
FINNIFTY31JUL2526700PE.NFO,2025-07-04,13:38:00,2025-07-31,289.7,289.7,289.7,289.7,0,15210,0
FINNIFTY31JUL2526700PE.NFO,2025-07-04,13:39:00,2025-07-31,289.7,289.7,288.95,288.95,130,15210,0
FINNIFTY31JUL2526700PE.NFO,2025-07-04,13:40:00,2025-07-31,288.95,289.95,288.95,289.95,260,15275,0
FINNIFTY31JUL2526700PE.NFO,2025-07-04,13:41:00,2025-07-31,289.95,289.95,289.95,289.95,0,15275,0
FINNIFTY31JUL2526700PE.NFO,2025-07-04,13:42:00,2025-07-31,289.95,289.95,289.95,289.95,0,15275,0
FINNIFTY31JUL2526700PE.NFO,2025-07-04,13:43:00,2025-07-31,289.95,289.95,288.0,288.35,130,15535,0
FINNIFTY31JUL2526700PE.NFO,2025-07-04,13:44:00,2025-07-31,288.35,288.35,288.35,288.35,0,15535,0
FINNIFTY31JUL2526700PE.NFO,2025-07-04,13:45:00,2025-07-31,288.35,291.2,288.35,290.9,780,15535,0
FINNIFTY31JUL2526700PE.NFO,2025-07-04,13:46:00,2025-07-31,290.9,290.9,290.9,290.9,0,15535,0
FINNIFTY31JUL2526700PE.NFO,2025-07-04,13:47:00,2025-07-31,290.9,290.9,290.9,290.9,0,15535,0
FINNIFTY31JUL2526700PE.NFO,2025-07-04,13:48:00,2025-07-31,290.9,292.15,290.9,292.15,130,16120,0
FINNIFTY31JUL2526700PE.NFO,2025-07-04,13:49:00,2025-07-31,292.15,292.15,290.0,290.0,715,16185,0
FINNIFTY31JUL2526700PE.NFO,2025-07-04,13:50:00,2025-07-31,290.0,290.0,290.0,290.0,0,16185,0
FINNIFTY31JUL2526700PE.NFO,2025-07-04,13:51:00,2025-07-31,290.0,290.0,288.3,288.3,65,16185,0
FINNIFTY31JUL2526700PE.NFO,2025-07-04,13:52:00,2025-07-31,288.3,288.3,285.5,285.5,1690,15795,0
FINNIFTY31JUL2526700PE.NFO,2025-07-04,13:53:00,2025-07-31,285.5,287.7,285.1,287.7,130,15795,0
FINNIFTY31JUL2526700PE.NFO,2025-07-04,13:54:00,2025-07-31,287.7,287.7,283.75,287.55,1235,15795,0
FINNIFTY31JUL2526700PE.NFO,2025-07-04,13:55:00,2025-07-31,287.55,287.55,286.7,286.7,65,15730,0
FINNIFTY31JUL2526700PE.NFO,2025-07-04,13:56:00,2025-07-31,286.7,286.7,286.7,286.7,0,15730,0
FINNIFTY31JUL2526700PE.NFO,2025-07-04,13:57:00,2025-07-31,286.7,286.7,286.7,286.7,0,15730,0
FINNIFTY31JUL2526700PE.NFO,2025-07-04,13:58:00,2025-07-31,286.7,286.7,283.0,283.0,65,15795,0
FINNIFTY31JUL2526700PE.NFO,2025-07-04,13:59:00,2025-07-31,283.0,283.0,278.1,278.1,130,15795,0
FINNIFTY31JUL2526700PE.NFO,2025-07-04,14:00:00,2025-07-31,278.1,278.1,278.1,278.1,0,15795,0
FINNIFTY31JUL2526700PE.NFO,2025-07-04,14:01:00,2025-07-31,278.1,278.45,276.85,278.45,455,15730,0
FINNIFTY31JUL2526700PE.NFO,2025-07-04,14:02:00,2025-07-31,278.45,279.55,278.45,279.55,130,15730,0
FINNIFTY31JUL2526700PE.NFO,2025-07-04,14:03:00,2025-07-31,279.55,279.55,279.55,279.55,0,15730,0
FINNIFTY31JUL2526700PE.NFO,2025-07-04,14:04:00,2025-07-31,279.55,283.0,279.55,281.1,130,15925,0
FINNIFTY31JUL2526700PE.NFO,2025-07-04,14:05:00,2025-07-31,281.1,281.5,279.0,279.0,325,15925,0
FINNIFTY31JUL2526700PE.NFO,2025-07-04,14:06:00,2025-07-31,279.0,279.05,279.0,279.0,130,15925,0
FINNIFTY31JUL2526700PE.NFO,2025-07-04,14:07:00,2025-07-31,279.0,280.15,279.0,280.15,455,15730,0
FINNIFTY31JUL2526700PE.NFO,2025-07-04,14:08:00,2025-07-31,280.15,280.15,278.75,278.75,65,15730,0
FINNIFTY31JUL2526700PE.NFO,2025-07-04,14:09:00,2025-07-31,278.75,278.75,278.0,278.0,65,15730,0
FINNIFTY31JUL2526700PE.NFO,2025-07-04,14:10:00,2025-07-31,278.0,278.6,278.0,278.6,650,15795,0
FINNIFTY31JUL2526700PE.NFO,2025-07-04,14:11:00,2025-07-31,278.6,278.75,278.6,278.75,130,15795,0
FINNIFTY31JUL2526700PE.NFO,2025-07-04,14:12:00,2025-07-31,278.75,278.75,277.55,277.55,845,15795,0
FINNIFTY31JUL2526700PE.NFO,2025-07-04,14:13:00,2025-07-31,277.55,278.1,277.35,277.35,585,15405,0
FINNIFTY31JUL2526700PE.NFO,2025-07-04,14:14:00,2025-07-31,277.35,277.35,273.5,273.75,260,15405,0
FINNIFTY31JUL2526700PE.NFO,2025-07-04,14:15:00,2025-07-31,273.75,275.9,273.75,274.55,195,15405,0
FINNIFTY31JUL2526700PE.NFO,2025-07-04,14:16:00,2025-07-31,274.55,275.9,274.55,275.9,65,15275,0
FINNIFTY31JUL2526700PE.NFO,2025-07-04,14:17:00,2025-07-31,275.9,276.0,275.9,276.0,65,15275,0
FINNIFTY31JUL2526700PE.NFO,2025-07-04,14:18:00,2025-07-31,276.0,276.0,276.0,276.0,0,15275,0
FINNIFTY31JUL2526700PE.NFO,2025-07-04,14:19:00,2025-07-31,276.0,276.0,273.1,273.1,65,15405,0
FINNIFTY31JUL2526700PE.NFO,2025-07-04,14:20:00,2025-07-31,273.1,273.1,273.1,273.1,0,15405,0
FINNIFTY31JUL2526700PE.NFO,2025-07-04,14:21:00,2025-07-31,273.1,278.2,273.1,278.2,260,15405,0
FINNIFTY31JUL2526700PE.NFO,2025-07-04,14:22:00,2025-07-31,278.2,280.5,278.2,280.5,130,15340,0
FINNIFTY31JUL2526700PE.NFO,2025-07-04,14:23:00,2025-07-31,280.5,284.65,280.5,280.5,585,15340,0
FINNIFTY31JUL2526700PE.NFO,2025-07-04,14:24:00,2025-07-31,280.5,280.5,280.1,280.1,65,15340,0
FINNIFTY31JUL2526700PE.NFO,2025-07-04,14:25:00,2025-07-31,280.1,280.1,280.1,280.1,0,15340,0
FINNIFTY31JUL2526700PE.NFO,2025-07-04,14:26:00,2025-07-31,280.1,280.1,280.1,280.1,0,15340,0
FINNIFTY31JUL2526700PE.NFO,2025-07-04,14:27:00,2025-07-31,280.1,280.1,279.0,279.7,195,15015,0
FINNIFTY31JUL2526700PE.NFO,2025-07-04,14:28:00,2025-07-31,279.7,279.7,276.1,276.1,65,15080,0
FINNIFTY31JUL2526700PE.NFO,2025-07-04,14:29:00,2025-07-31,276.1,277.1,276.1,277.1,65,15080,0
FINNIFTY31JUL2526700PE.NFO,2025-07-04,14:30:00,2025-07-31,277.1,277.1,276.85,276.85,65,15080,0
FINNIFTY31JUL2526700PE.NFO,2025-07-04,14:31:00,2025-07-31,276.85,276.85,273.2,273.2,130,15015,0
FINNIFTY31JUL2526700PE.NFO,2025-07-04,14:32:00,2025-07-31,274.0,274.0,270.0,270.65,455,15015,0
FINNIFTY31JUL2526700PE.NFO,2025-07-04,14:33:00,2025-07-31,270.65,270.65,267.8,267.8,65,15015,0
FINNIFTY31JUL2526700PE.NFO,2025-07-04,14:34:00,2025-07-31,267.8,267.8,267.8,267.8,65,15015,0
FINNIFTY31JUL2526700PE.NFO,2025-07-04,14:35:00,2025-07-31,267.8,267.8,259.35,260.0,455,15015,0
FINNIFTY31JUL2526700PE.NFO,2025-07-04,14:36:00,2025-07-31,260.0,260.0,257.9,257.9,845,15015,0
FINNIFTY31JUL2526700PE.NFO,2025-07-04,14:37:00,2025-07-31,257.9,257.9,251.5,255.0,520,14105,0
FINNIFTY31JUL2526700PE.NFO,2025-07-04,14:38:00,2025-07-31,255.0,257.6,254.7,257.5,1040,14105,0
FINNIFTY31JUL2526700PE.NFO,2025-07-04,14:39:00,2025-07-31,257.5,257.5,255.0,255.0,65,14105,0
FINNIFTY31JUL2526700PE.NFO,2025-07-04,14:40:00,2025-07-31,255.0,255.0,245.65,250.6,1040,14820,0
FINNIFTY31JUL2526700PE.NFO,2025-07-04,14:41:00,2025-07-31,250.6,250.9,249.25,250.9,455,14820,0
FINNIFTY31JUL2526700PE.NFO,2025-07-04,14:42:00,2025-07-31,250.9,251.35,250.9,251.35,65,14820,0
FINNIFTY31JUL2526700PE.NFO,2025-07-04,14:43:00,2025-07-31,251.35,252.3,250.0,250.0,715,14950,0
FINNIFTY31JUL2526700PE.NFO,2025-07-04,14:44:00,2025-07-31,250.0,250.0,245.0,245.0,130,14950,0
FINNIFTY31JUL2526700PE.NFO,2025-07-04,14:45:00,2025-07-31,245.0,245.0,240.6,242.5,715,14950,0
FINNIFTY31JUL2526700PE.NFO,2025-07-04,14:46:00,2025-07-31,242.5,246.35,242.5,245.0,455,15405,0
FINNIFTY31JUL2526700PE.NFO,2025-07-04,14:47:00,2025-07-31,245.0,246.5,245.0,246.5,65,15405,0
FINNIFTY31JUL2526700PE.NFO,2025-07-04,14:48:00,2025-07-31,246.5,248.95,246.5,248.95,65,15405,0
FINNIFTY31JUL2526700PE.NFO,2025-07-04,14:49:00,2025-07-31,248.95,250.75,248.95,248.95,130,15730,0
FINNIFTY31JUL2526700PE.NFO,2025-07-04,14:50:00,2025-07-31,248.95,248.95,248.15,248.15,65,15730,0
FINNIFTY31JUL2526700PE.NFO,2025-07-04,14:51:00,2025-07-31,248.15,253.6,248.15,251.5,195,15730,0
FINNIFTY31JUL2526700PE.NFO,2025-07-04,14:52:00,2025-07-31,251.5,251.5,251.5,251.5,130,15730,0
FINNIFTY31JUL2526700PE.NFO,2025-07-04,14:53:00,2025-07-31,251.5,251.5,248.4,248.6,910,15795,0
FINNIFTY31JUL2526700PE.NFO,2025-07-04,14:54:00,2025-07-31,248.6,248.95,248.6,248.95,130,15795,0
FINNIFTY31JUL2526700PE.NFO,2025-07-04,14:55:00,2025-07-31,248.95,250.9,248.95,250.9,65,16380,0
FINNIFTY31JUL2526700PE.NFO,2025-07-04,14:56:00,2025-07-31,250.9,250.9,250.9,250.9,0,16380,0
FINNIFTY31JUL2526700PE.NFO,2025-07-04,14:57:00,2025-07-31,250.9,251.0,250.9,251.0,325,16380,0
FINNIFTY31JUL2526700PE.NFO,2025-07-04,14:58:00,2025-07-31,251.0,251.0,251.0,251.0,0,16380,0
FINNIFTY31JUL2526700PE.NFO,2025-07-04,14:59:00,2025-07-31,251.0,251.0,251.0,251.0,0,16380,0
FINNIFTY31JUL2526700PE.NFO,2025-07-04,15:00:00,2025-07-31,247.6,247.6,245.2,245.95,520,16575,0
FINNIFTY31JUL2526700PE.NFO,2025-07-04,15:01:00,2025-07-31,245.95,246.9,245.95,246.7,130,16575,0
FINNIFTY31JUL2526700PE.NFO,2025-07-04,15:02:00,2025-07-31,246.7,246.7,246.7,246.7,0,16575,0
FINNIFTY31JUL2526700PE.NFO,2025-07-04,15:03:00,2025-07-31,246.7,248.0,246.7,248.0,195,16575,0
FINNIFTY31JUL2526700PE.NFO,2025-07-04,15:04:00,2025-07-31,248.0,248.0,245.65,247.05,130,16510,0
FINNIFTY31JUL2526700PE.NFO,2025-07-04,15:05:00,2025-07-31,247.05,247.05,245.0,245.0,130,16510,0
FINNIFTY31JUL2526700PE.NFO,2025-07-04,15:06:00,2025-07-31,245.0,245.0,245.0,245.0,0,16510,0
FINNIFTY31JUL2526700PE.NFO,2025-07-04,15:07:00,2025-07-31,245.0,245.0,245.0,245.0,0,16510,0
FINNIFTY31JUL2526700PE.NFO,2025-07-04,15:08:00,2025-07-31,245.0,245.0,245.0,245.0,0,16510,0
FINNIFTY31JUL2526700PE.NFO,2025-07-04,15:09:00,2025-07-31,245.0,245.0,245.0,245.0,0,16510,0
FINNIFTY31JUL2526700PE.NFO,2025-07-04,15:10:00,2025-07-31,245.0,248.55,245.0,248.55,520,16380,0
FINNIFTY31JUL2526700PE.NFO,2025-07-04,15:11:00,2025-07-31,248.55,248.65,248.55,248.6,325,16380,0
FINNIFTY31JUL2526700PE.NFO,2025-07-04,15:12:00,2025-07-31,248.6,248.6,245.25,245.85,4615,16380,0
FINNIFTY31JUL2526700PE.NFO,2025-07-04,15:13:00,2025-07-31,245.85,245.85,245.85,245.85,0,16380,0
FINNIFTY31JUL2526700PE.NFO,2025-07-04,15:14:00,2025-07-31,245.85,245.85,244.65,245.0,390,13260,0
FINNIFTY31JUL2526700PE.NFO,2025-07-04,15:15:00,2025-07-31,245.0,245.0,245.0,245.0,0,13260,0
FINNIFTY31JUL2526700PE.NFO,2025-07-04,15:16:00,2025-07-31,247.0,247.15,247.0,247.15,195,13260,0
FINNIFTY31JUL2526700PE.NFO,2025-07-04,15:17:00,2025-07-31,247.15,247.15,247.15,247.15,130,13000,0
FINNIFTY31JUL2526700PE.NFO,2025-07-04,15:18:00,2025-07-31,247.15,248.55,247.0,247.45,520,13000,0
FINNIFTY31JUL2526700PE.NFO,2025-07-04,15:19:00,2025-07-31,247.45,247.45,247.45,247.45,0,13000,0
FINNIFTY31JUL2526700PE.NFO,2025-07-04,15:20:00,2025-07-31,245.9,247.45,245.9,247.3,195,12610,0
FINNIFTY31JUL2526700PE.NFO,2025-07-04,15:21:00,2025-07-31,247.3,247.3,247.2,247.25,260,12610,0
FINNIFTY31JUL2526700PE.NFO,2025-07-04,15:22:00,2025-07-31,247.25,247.25,247.15,247.15,1105,12350,0
FINNIFTY31JUL2526700PE.NFO,2025-07-04,15:23:00,2025-07-31,247.15,247.15,245.55,245.55,1495,12350,0
FINNIFTY31JUL2526700PE.NFO,2025-07-04,15:24:00,2025-07-31,245.55,245.55,245.55,245.55,0,12350,0
FINNIFTY31JUL2526700PE.NFO,2025-07-04,15:25:00,2025-07-31,245.55,246.15,245.55,246.15,325,13260,0
FINNIFTY31JUL2526700PE.NFO,2025-07-04,15:26:00,2025-07-31,246.15,246.45,245.1,246.15,390,13260,0
FINNIFTY31JUL2526700PE.NFO,2025-07-04,15:27:00,2025-07-31,246.15,246.15,245.95,245.95,65,13260,0
FINNIFTY31JUL2526700PE.NFO,2025-07-04,15:28:00,2025-07-31,245.95,247.9,245.95,247.9,780,12805,0
FINNIFTY31JUL2526700PE.NFO,2025-07-04,15:29:00,2025-07-31,247.9,247.9,246.45,246.45,130,12805,0
FINNIFTY31JUL2526700PE.NFO,2025-07-04,15:30:00,2025-07-31,246.45,246.45,246.45,246.45,130,12805,1
FINNIFTY31JUL2526700PE.NFO,2025-07-07,09:15:00,2025-07-31,272.0,275.0,272.0,275.0,65,11050,0
FINNIFTY31JUL2526700PE.NFO,2025-07-07,09:16:00,2025-07-31,275.0,284.0,269.9,269.9,715,11050,0
FINNIFTY31JUL2526700PE.NFO,2025-07-07,09:17:00,2025-07-31,269.9,269.9,257.1,257.1,260,11050,0
FINNIFTY31JUL2526700PE.NFO,2025-07-07,09:18:00,2025-07-31,257.1,262.05,257.1,262.05,195,11050,0
FINNIFTY31JUL2526700PE.NFO,2025-07-07,09:19:00,2025-07-31,262.05,262.05,253.9,253.9,195,10725,0
FINNIFTY31JUL2526700PE.NFO,2025-07-07,09:20:00,2025-07-31,253.9,253.9,253.9,253.9,0,10725,0
FINNIFTY31JUL2526700PE.NFO,2025-07-07,09:21:00,2025-07-31,253.9,253.9,245.0,245.0,130,10595,0
FINNIFTY31JUL2526700PE.NFO,2025-07-07,09:22:00,2025-07-31,245.0,245.0,241.6,241.6,390,10595,0
FINNIFTY31JUL2526700PE.NFO,2025-07-07,09:23:00,2025-07-31,241.6,241.9,241.35,241.9,520,10595,0
FINNIFTY31JUL2526700PE.NFO,2025-07-07,09:24:00,2025-07-31,241.9,241.9,241.65,241.65,65,10530,0
FINNIFTY31JUL2526700PE.NFO,2025-07-07,09:25:00,2025-07-31,241.65,241.65,241.65,241.65,0,10530,0
FINNIFTY31JUL2526700PE.NFO,2025-07-07,09:26:00,2025-07-31,241.65,244.1,241.0,241.0,130,10530,0
FINNIFTY31JUL2526700PE.NFO,2025-07-07,09:27:00,2025-07-31,241.0,242.4,241.0,242.4,65,10530,0
FINNIFTY31JUL2526700PE.NFO,2025-07-07,09:28:00,2025-07-31,242.4,242.4,241.75,241.75,65,10530,0
FINNIFTY31JUL2526700PE.NFO,2025-07-07,09:29:00,2025-07-31,241.75,241.75,241.75,241.75,0,10530,0
FINNIFTY31JUL2526700PE.NFO,2025-07-07,09:30:00,2025-07-31,241.75,241.75,241.75,241.75,0,10530,0
FINNIFTY31JUL2526700PE.NFO,2025-07-07,09:31:00,2025-07-31,241.75,241.75,241.0,241.0,130,10595,0
FINNIFTY31JUL2526700PE.NFO,2025-07-07,09:32:00,2025-07-31,241.0,241.0,235.55,235.65,455,10595,0
FINNIFTY31JUL2526700PE.NFO,2025-07-07,09:33:00,2025-07-31,235.65,237.45,235.65,237.1,195,10530,0
FINNIFTY31JUL2526700PE.NFO,2025-07-07,09:34:00,2025-07-31,237.1,237.2,237.1,237.2,130,10530,0
FINNIFTY31JUL2526700PE.NFO,2025-07-07,09:35:00,2025-07-31,237.2,237.3,237.2,237.3,130,10530,0
FINNIFTY31JUL2526700PE.NFO,2025-07-07,09:36:00,2025-07-31,237.3,239.0,233.95,239.0,1885,10595,0
FINNIFTY31JUL2526700PE.NFO,2025-07-07,09:37:00,2025-07-31,239.0,239.0,236.35,237.15,455,10595,0
FINNIFTY31JUL2526700PE.NFO,2025-07-07,09:38:00,2025-07-31,237.15,237.45,237.15,237.45,130,10595,0
FINNIFTY31JUL2526700PE.NFO,2025-07-07,09:39:00,2025-07-31,237.45,238.3,236.75,236.75,260,10595,0
FINNIFTY31JUL2526700PE.NFO,2025-07-07,09:40:00,2025-07-31,236.75,241.2,236.75,241.2,130,12025,0
FINNIFTY31JUL2526700PE.NFO,2025-07-07,09:41:00,2025-07-31,241.2,241.2,241.2,241.2,0,12025,0
FINNIFTY31JUL2526700PE.NFO,2025-07-07,09:42:00,2025-07-31,241.2,241.2,239.55,239.55,130,12025,0
FINNIFTY31JUL2526700PE.NFO,2025-07-07,09:43:00,2025-07-31,239.55,239.55,239.55,239.55,0,12025,0
FINNIFTY31JUL2526700PE.NFO,2025-07-07,09:44:00,2025-07-31,239.55,244.2,239.55,244.2,65,11960,0
FINNIFTY31JUL2526700PE.NFO,2025-07-07,09:45:00,2025-07-31,244.2,244.2,244.2,244.2,0,11960,0
FINNIFTY31JUL2526700PE.NFO,2025-07-07,09:46:00,2025-07-31,244.2,244.2,244.2,244.2,0,11960,0
FINNIFTY31JUL2526700PE.NFO,2025-07-07,09:47:00,2025-07-31,244.2,244.2,244.2,244.2,0,11960,0
FINNIFTY31JUL2526700PE.NFO,2025-07-07,09:48:00,2025-07-31,244.2,247.1,244.2,247.1,130,12025,0
FINNIFTY31JUL2526700PE.NFO,2025-07-07,09:49:00,2025-07-31,247.1,247.7,246.65,247.7,520,12025,0
FINNIFTY31JUL2526700PE.NFO,2025-07-07,09:50:00,2025-07-31,247.7,251.35,247.7,251.35,130,12025,0
FINNIFTY31JUL2526700PE.NFO,2025-07-07,09:51:00,2025-07-31,251.35,251.8,251.35,251.8,910,12350,0
FINNIFTY31JUL2526700PE.NFO,2025-07-07,09:52:00,2025-07-31,251.8,252.3,251.8,252.25,715,12350,0
FINNIFTY31JUL2526700PE.NFO,2025-07-07,09:53:00,2025-07-31,252.25,252.25,249.6,249.6,325,12350,0
FINNIFTY31JUL2526700PE.NFO,2025-07-07,09:54:00,2025-07-31,249.6,249.6,249.6,249.6,0,12350,0
FINNIFTY31JUL2526700PE.NFO,2025-07-07,09:55:00,2025-07-31,249.6,249.6,249.6,249.6,0,12350,0
FINNIFTY31JUL2526700PE.NFO,2025-07-07,09:56:00,2025-07-31,249.6,249.6,240.85,240.85,260,13195,0
FINNIFTY31JUL2526700PE.NFO,2025-07-07,09:57:00,2025-07-31,240.85,242.2,240.45,240.45,260,13000,0
FINNIFTY31JUL2526700PE.NFO,2025-07-07,09:58:00,2025-07-31,240.45,247.55,240.45,247.55,715,13000,0
FINNIFTY31JUL2526700PE.NFO,2025-07-07,09:59:00,2025-07-31,247.55,249.15,247.55,247.9,520,13000,0
FINNIFTY31JUL2526700PE.NFO,2025-07-07,10:00:00,2025-07-31,247.9,247.9,247.9,247.9,0,13000,0
FINNIFTY31JUL2526700PE.NFO,2025-07-07,10:01:00,2025-07-31,247.9,250.0,247.9,250.0,325,12220,0
FINNIFTY31JUL2526700PE.NFO,2025-07-07,10:02:00,2025-07-31,250.0,250.0,250.0,250.0,0,12220,0
FINNIFTY31JUL2526700PE.NFO,2025-07-07,10:03:00,2025-07-31,250.0,252.45,250.0,252.3,390,12415,0
FINNIFTY31JUL2526700PE.NFO,2025-07-07,10:04:00,2025-07-31,252.3,252.3,252.3,252.3,0,12415,0
FINNIFTY31JUL2526700PE.NFO,2025-07-07,10:05:00,2025-07-31,252.3,256.9,252.3,256.9,65,12415,0
FINNIFTY31JUL2526700PE.NFO,2025-07-07,10:06:00,2025-07-31,256.9,265.0,256.9,265.0,130,12415,0
FINNIFTY31JUL2526700PE.NFO,2025-07-07,10:07:00,2025-07-31,265.0,265.0,263.75,263.75,2275,12415,0
FINNIFTY31JUL2526700PE.NFO,2025-07-07,10:08:00,2025-07-31,263.75,263.75,263.75,263.75,0,12415,0
FINNIFTY31JUL2526700PE.NFO,2025-07-07,10:09:00,2025-07-31,263.75,268.55,263.75,265.75,195,13650,0
FINNIFTY31JUL2526700PE.NFO,2025-07-07,10:10:00,2025-07-31,265.75,269.5,265.75,269.5,195,13650,0
FINNIFTY31JUL2526700PE.NFO,2025-07-07,10:11:00,2025-07-31,269.5,269.5,266.9,266.9,390,13650,0
FINNIFTY31JUL2526700PE.NFO,2025-07-07,10:12:00,2025-07-31,266.9,266.9,266.9,266.9,0,13650,0
FINNIFTY31JUL2526700PE.NFO,2025-07-07,10:13:00,2025-07-31,266.9,266.9,265.5,265.5,130,13585,0
FINNIFTY31JUL2526700PE.NFO,2025-07-07,10:14:00,2025-07-31,265.5,265.5,260.2,261.3,260,13585,0
FINNIFTY31JUL2526700PE.NFO,2025-07-07,10:15:00,2025-07-31,261.3,261.3,256.65,256.65,65,13520,0
FINNIFTY31JUL2526700PE.NFO,2025-07-07,10:16:00,2025-07-31,256.65,256.65,256.65,256.65,0,13520,0
FINNIFTY31JUL2526700PE.NFO,2025-07-07,10:17:00,2025-07-31,256.65,256.65,256.65,256.65,65,13520,0
FINNIFTY31JUL2526700PE.NFO,2025-07-07,10:18:00,2025-07-31,256.65,261.95,256.65,261.95,325,13390,0
FINNIFTY31JUL2526700PE.NFO,2025-07-07,10:19:00,2025-07-31,261.95,265.3,261.95,265.0,585,13390,0
FINNIFTY31JUL2526700PE.NFO,2025-07-07,10:20:00,2025-07-31,265.0,265.0,265.0,265.0,0,13390,0
FINNIFTY31JUL2526700PE.NFO,2025-07-07,10:21:00,2025-07-31,265.0,265.0,265.0,265.0,0,13390,0
FINNIFTY31JUL2526700PE.NFO,2025-07-07,10:22:00,2025-07-31,265.0,265.0,265.0,265.0,0,13390,0
FINNIFTY31JUL2526700PE.NFO,2025-07-07,10:23:00,2025-07-31,265.0,265.0,265.0,265.0,0,13390,0
FINNIFTY31JUL2526700PE.NFO,2025-07-07,10:24:00,2025-07-31,265.0,265.0,258.85,261.4,390,13520,0
FINNIFTY31JUL2526700PE.NFO,2025-07-07,10:25:00,2025-07-31,261.4,261.4,260.6,260.6,65,13780,0
FINNIFTY31JUL2526700PE.NFO,2025-07-07,10:26:00,2025-07-31,260.6,260.6,260.6,260.6,0,13780,0
FINNIFTY31JUL2526700PE.NFO,2025-07-07,10:27:00,2025-07-31,260.6,261.8,260.6,261.8,130,13650,0
FINNIFTY31JUL2526700PE.NFO,2025-07-07,10:28:00,2025-07-31,261.8,261.8,261.0,261.0,325,13650,0
FINNIFTY31JUL2526700PE.NFO,2025-07-07,10:29:00,2025-07-31,261.0,262.8,261.0,262.8,260,13650,0
FINNIFTY31JUL2526700PE.NFO,2025-07-07,10:30:00,2025-07-31,262.8,262.8,261.25,261.25,65,14105,0
FINNIFTY31JUL2526700PE.NFO,2025-07-07,10:31:00,2025-07-31,261.25,263.4,261.25,261.35,325,14105,0
FINNIFTY31JUL2526700PE.NFO,2025-07-07,10:32:00,2025-07-31,261.35,261.4,261.35,261.4,0,14105,0
FINNIFTY31JUL2526700PE.NFO,2025-07-07,10:33:00,2025-07-31,261.4,261.4,257.75,257.75,390,14105,0
FINNIFTY31JUL2526700PE.NFO,2025-07-07,10:34:00,2025-07-31,257.75,259.2,257.65,259.2,585,14625,0
FINNIFTY31JUL2526700PE.NFO,2025-07-07,10:35:00,2025-07-31,259.2,259.2,259.2,259.2,0,14625,0
FINNIFTY31JUL2526700PE.NFO,2025-07-07,10:36:00,2025-07-31,259.2,259.2,259.2,259.2,0,14625,0
FINNIFTY31JUL2526700PE.NFO,2025-07-07,10:37:00,2025-07-31,259.2,262.2,259.2,262.2,585,15015,0
FINNIFTY31JUL2526700PE.NFO,2025-07-07,10:38:00,2025-07-31,262.2,264.35,260.5,264.35,455,15015,0
FINNIFTY31JUL2526700PE.NFO,2025-07-07,10:39:00,2025-07-31,264.35,264.35,262.15,262.15,130,15665,0
FINNIFTY31JUL2526700PE.NFO,2025-07-07,10:40:00,2025-07-31,262.15,262.15,262.15,262.15,0,15665,0
FINNIFTY31JUL2526700PE.NFO,2025-07-07,10:41:00,2025-07-31,262.15,262.15,257.6,257.6,65,15665,0
FINNIFTY31JUL2526700PE.NFO,2025-07-07,10:42:00,2025-07-31,257.6,257.6,257.6,257.6,0,15665,0
FINNIFTY31JUL2526700PE.NFO,2025-07-07,10:43:00,2025-07-31,257.6,257.6,257.05,257.05,65,15730,0
FINNIFTY31JUL2526700PE.NFO,2025-07-07,10:44:00,2025-07-31,257.05,257.05,257.05,257.05,0,15730,0
FINNIFTY31JUL2526700PE.NFO,2025-07-07,10:45:00,2025-07-31,257.05,257.05,255.0,255.0,130,15730,0
FINNIFTY31JUL2526700PE.NFO,2025-07-07,10:46:00,2025-07-31,255.0,255.0,255.0,255.0,0,15730,0
FINNIFTY31JUL2526700PE.NFO,2025-07-07,10:47:00,2025-07-31,255.0,255.1,255.0,255.1,130,15730,0
FINNIFTY31JUL2526700PE.NFO,2025-07-07,10:48:00,2025-07-31,255.1,255.1,255.1,255.1,0,15730,0
FINNIFTY31JUL2526700PE.NFO,2025-07-07,10:49:00,2025-07-31,255.1,255.65,252.9,255.65,195,15600,0
FINNIFTY31JUL2526700PE.NFO,2025-07-07,10:50:00,2025-07-31,255.65,255.65,255.65,255.65,0,15600,0
FINNIFTY31JUL2526700PE.NFO,2025-07-07,10:51:00,2025-07-31,255.65,255.65,247.9,249.95,195,15470,0
FINNIFTY31JUL2526700PE.NFO,2025-07-07,10:52:00,2025-07-31,249.95,249.95,249.1,249.1,65,15470,0
FINNIFTY31JUL2526700PE.NFO,2025-07-07,10:53:00,2025-07-31,249.1,249.1,249.1,249.1,0,15470,0
FINNIFTY31JUL2526700PE.NFO,2025-07-07,10:54:00,2025-07-31,249.1,249.1,249.1,249.1,0,15470,0
FINNIFTY31JUL2526700PE.NFO,2025-07-07,10:55:00,2025-07-31,249.1,250.0,249.1,250.0,130,15340,0
FINNIFTY31JUL2526700PE.NFO,2025-07-07,10:56:00,2025-07-31,250.0,250.0,250.0,250.0,520,15340,0
FINNIFTY31JUL2526700PE.NFO,2025-07-07,10:57:00,2025-07-31,250.0,250.0,250.0,250.0,0,15340,0
FINNIFTY31JUL2526700PE.NFO,2025-07-07,10:58:00,2025-07-31,250.0,250.0,250.0,250.0,0,15340,0
FINNIFTY31JUL2526700PE.NFO,2025-07-07,10:59:00,2025-07-31,250.0,250.0,234.3,234.3,650,15470,0
FINNIFTY31JUL2526700PE.NFO,2025-07-07,11:00:00,2025-07-31,234.3,234.3,234.3,234.3,0,15470,0
FINNIFTY31JUL2526700PE.NFO,2025-07-07,11:01:00,2025-07-31,234.3,234.3,229.8,229.8,455,15665,0
FINNIFTY31JUL2526700PE.NFO,2025-07-07,11:02:00,2025-07-31,229.8,229.8,229.8,229.8,195,15665,0
FINNIFTY31JUL2526700PE.NFO,2025-07-07,11:03:00,2025-07-31,229.8,235.7,229.8,235.7,130,15665,0
FINNIFTY31JUL2526700PE.NFO,2025-07-07,11:04:00,2025-07-31,235.9,237.7,235.9,237.7,325,15665,0
FINNIFTY31JUL2526700PE.NFO,2025-07-07,11:05:00,2025-07-31,237.7,237.7,237.7,237.7,0,15665,0
FINNIFTY31JUL2526700PE.NFO,2025-07-07,11:06:00,2025-07-31,237.7,239.8,237.7,239.8,65,15795,0
FINNIFTY31JUL2526700PE.NFO,2025-07-07,11:07:00,2025-07-31,239.8,239.8,239.8,239.8,0,15795,0
FINNIFTY31JUL2526700PE.NFO,2025-07-07,11:08:00,2025-07-31,239.8,239.8,239.8,239.8,0,15795,0
FINNIFTY31JUL2526700PE.NFO,2025-07-07,11:09:00,2025-07-31,239.8,239.8,239.8,239.8,0,15795,0
FINNIFTY31JUL2526700PE.NFO,2025-07-07,11:10:00,2025-07-31,239.8,240.6,239.8,240.6,65,15795,0
FINNIFTY31JUL2526700PE.NFO,2025-07-07,11:11:00,2025-07-31,240.6,243.95,240.6,243.95,130,15795,0
FINNIFTY31JUL2526700PE.NFO,2025-07-07,11:12:00,2025-07-31,243.95,247.9,243.9,243.95,195,15730,0
FINNIFTY31JUL2526700PE.NFO,2025-07-07,11:13:00,2025-07-31,243.95,243.95,243.95,243.95,0,15730,0
FINNIFTY31JUL2526700PE.NFO,2025-07-07,11:14:00,2025-07-31,243.95,243.95,243.95,243.95,0,15730,0
FINNIFTY31JUL2526700PE.NFO,2025-07-07,11:15:00,2025-07-31,243.95,243.95,243.95,243.95,0,15730,0
FINNIFTY31JUL2526700PE.NFO,2025-07-07,11:16:00,2025-07-31,243.95,246.3,243.95,246.3,65,15665,0
FINNIFTY31JUL2526700PE.NFO,2025-07-07,11:17:00,2025-07-31,246.3,246.3,246.3,246.3,0,15665,0
FINNIFTY31JUL2526700PE.NFO,2025-07-07,11:18:00,2025-07-31,246.3,246.3,246.3,246.3,0,15665,0
FINNIFTY31JUL2526700PE.NFO,2025-07-07,11:19:00,2025-07-31,246.3,246.3,246.3,246.3,0,15665,0
FINNIFTY31JUL2526700PE.NFO,2025-07-07,11:20:00,2025-07-31,246.3,253.1,246.3,253.1,585,15600,0
FINNIFTY31JUL2526700PE.NFO,2025-07-07,11:21:00,2025-07-31,253.1,253.45,253.1,253.1,390,15340,0
FINNIFTY31JUL2526700PE.NFO,2025-07-07,11:22:00,2025-07-31,253.1,253.1,251.15,251.15,780,15340,0
FINNIFTY31JUL2526700PE.NFO,2025-07-07,11:23:00,2025-07-31,251.15,251.15,251.15,251.15,0,15340,0
FINNIFTY31JUL2526700PE.NFO,2025-07-07,11:24:00,2025-07-31,251.15,252.3,251.15,252.3,195,15340,0
FINNIFTY31JUL2526700PE.NFO,2025-07-07,11:25:00,2025-07-31,252.3,254.6,252.3,254.6,65,14170,0
FINNIFTY31JUL2526700PE.NFO,2025-07-07,11:26:00,2025-07-31,254.6,254.6,254.6,254.6,0,14170,0
FINNIFTY31JUL2526700PE.NFO,2025-07-07,11:27:00,2025-07-31,254.6,256.4,254.6,256.4,65,14170,0
FINNIFTY31JUL2526700PE.NFO,2025-07-07,11:28:00,2025-07-31,256.4,256.4,254.8,254.8,65,14170,0
FINNIFTY31JUL2526700PE.NFO,2025-07-07,11:29:00,2025-07-31,254.8,256.0,254.8,255.9,195,14170,0
FINNIFTY31JUL2526700PE.NFO,2025-07-07,11:30:00,2025-07-31,255.9,255.9,255.9,255.9,0,14170,0
FINNIFTY31JUL2526700PE.NFO,2025-07-07,11:31:00,2025-07-31,255.9,255.9,255.9,255.9,0,14170,0
FINNIFTY31JUL2526700PE.NFO,2025-07-07,11:32:00,2025-07-31,255.9,257.75,255.9,257.75,65,14040,0
FINNIFTY31JUL2526700PE.NFO,2025-07-07,11:33:00,2025-07-31,257.75,257.8,257.75,257.8,780,14040,0
FINNIFTY31JUL2526700PE.NFO,2025-07-07,11:34:00,2025-07-31,257.8,257.8,257.8,257.8,0,14040,0
FINNIFTY31JUL2526700PE.NFO,2025-07-07,11:35:00,2025-07-31,257.8,257.8,255.75,255.75,2860,13975,0
FINNIFTY31JUL2526700PE.NFO,2025-07-07,11:36:00,2025-07-31,255.75,255.75,253.0,253.0,1820,13845,0
FINNIFTY31JUL2526700PE.NFO,2025-07-07,11:37:00,2025-07-31,253.0,253.0,253.0,253.0,0,13845,0
FINNIFTY31JUL2526700PE.NFO,2025-07-07,11:38:00,2025-07-31,253.0,253.0,253.0,253.0,0,13845,0
FINNIFTY31JUL2526700PE.NFO,2025-07-07,11:39:00,2025-07-31,253.0,255.75,253.0,255.75,1690,13975,0
FINNIFTY31JUL2526700PE.NFO,2025-07-07,11:40:00,2025-07-31,255.75,255.75,254.35,254.35,715,13975,0
FINNIFTY31JUL2526700PE.NFO,2025-07-07,11:41:00,2025-07-31,254.35,254.35,254.35,254.35,0,13975,0
FINNIFTY31JUL2526700PE.NFO,2025-07-07,11:42:00,2025-07-31,254.35,254.35,254.15,254.15,65,13975,0
FINNIFTY31JUL2526700PE.NFO,2025-07-07,11:43:00,2025-07-31,254.15,254.15,254.15,254.15,0,13975,0
FINNIFTY31JUL2526700PE.NFO,2025-07-07,11:44:00,2025-07-31,254.15,254.15,254.15,254.15,0,13975,0
FINNIFTY31JUL2526700PE.NFO,2025-07-07,11:45:00,2025-07-31,254.15,254.15,254.15,254.15,0,13975,0
FINNIFTY31JUL2526700PE.NFO,2025-07-07,11:46:00,2025-07-31,254.15,254.15,254.15,254.15,0,13975,0
FINNIFTY31JUL2526700PE.NFO,2025-07-07,11:47:00,2025-07-31,254.15,254.15,254.15,254.15,0,13975,0
FINNIFTY31JUL2526700PE.NFO,2025-07-07,11:48:00,2025-07-31,254.15,257.9,254.15,257.9,130,14300,0
FINNIFTY31JUL2526700PE.NFO,2025-07-07,11:49:00,2025-07-31,257.9,257.9,257.9,257.9,0,14300,0
FINNIFTY31JUL2526700PE.NFO,2025-07-07,11:50:00,2025-07-31,257.9,259.0,257.65,257.65,130,14300,0
FINNIFTY31JUL2526700PE.NFO,2025-07-07,11:51:00,2025-07-31,257.65,257.65,257.65,257.65,0,14300,0
FINNIFTY31JUL2526700PE.NFO,2025-07-07,11:52:00,2025-07-31,257.65,257.65,257.65,257.65,0,14300,0
FINNIFTY31JUL2526700PE.NFO,2025-07-07,11:53:00,2025-07-31,257.65,257.65,257.65,257.65,0,14300,0
FINNIFTY31JUL2526700PE.NFO,2025-07-07,11:54:00,2025-07-31,257.65,257.65,257.65,257.65,0,14300,0
FINNIFTY31JUL2526700PE.NFO,2025-07-07,11:55:00,2025-07-31,257.65,257.65,257.65,257.65,0,14300,0
FINNIFTY31JUL2526700PE.NFO,2025-07-07,11:56:00,2025-07-31,257.65,257.65,257.65,257.65,0,14300,0
FINNIFTY31JUL2526700PE.NFO,2025-07-07,11:57:00,2025-07-31,257.65,257.65,257.65,257.65,0,14300,0
FINNIFTY31JUL2526700PE.NFO,2025-07-07,11:58:00,2025-07-31,257.65,257.65,257.2,257.2,65,14300,0
FINNIFTY31JUL2526700PE.NFO,2025-07-07,11:59:00,2025-07-31,257.2,257.2,257.2,257.2,195,14300,0
FINNIFTY31JUL2526700PE.NFO,2025-07-07,12:00:00,2025-07-31,257.2,257.2,257.2,257.2,455,14300,0
FINNIFTY31JUL2526700PE.NFO,2025-07-07,12:01:00,2025-07-31,257.2,257.2,257.2,257.2,0,14300,0
FINNIFTY31JUL2526700PE.NFO,2025-07-07,12:02:00,2025-07-31,257.2,257.2,257.2,257.2,0,14300,0
FINNIFTY31JUL2526700PE.NFO,2025-07-07,12:03:00,2025-07-31,257.2,257.2,257.2,257.2,0,14300,0
FINNIFTY31JUL2526700PE.NFO,2025-07-07,12:04:00,2025-07-31,257.2,257.2,257.2,257.2,0,14300,0
FINNIFTY31JUL2526700PE.NFO,2025-07-07,12:05:00,2025-07-31,257.2,257.2,257.2,257.2,0,14300,0
FINNIFTY31JUL2526700PE.NFO,2025-07-07,12:06:00,2025-07-31,257.2,257.2,257.2,257.2,0,14300,0
FINNIFTY31JUL2526700PE.NFO,2025-07-07,12:07:00,2025-07-31,257.2,260.85,257.2,260.85,455,13585,0
FINNIFTY31JUL2526700PE.NFO,2025-07-07,12:08:00,2025-07-31,260.85,260.85,260.85,260.85,0,13585,0
FINNIFTY31JUL2526700PE.NFO,2025-07-07,12:09:00,2025-07-31,260.85,260.85,260.85,260.85,0,13585,0
FINNIFTY31JUL2526700PE.NFO,2025-07-07,12:10:00,2025-07-31,260.85,260.85,260.85,260.85,0,13585,0
FINNIFTY31JUL2526700PE.NFO,2025-07-07,12:11:00,2025-07-31,260.85,260.85,260.85,260.85,0,13585,0
FINNIFTY31JUL2526700PE.NFO,2025-07-07,12:12:00,2025-07-31,260.85,260.85,260.85,260.85,0,13585,0
FINNIFTY31JUL2526700PE.NFO,2025-07-07,12:13:00,2025-07-31,260.85,260.85,260.85,260.85,0,13585,0
FINNIFTY31JUL2526700PE.NFO,2025-07-07,12:14:00,2025-07-31,260.85,260.85,260.85,260.85,0,13585,0
FINNIFTY31JUL2526700PE.NFO,2025-07-07,12:15:00,2025-07-31,260.85,268.35,260.85,267.9,910,13585,0
FINNIFTY31JUL2526700PE.NFO,2025-07-07,12:16:00,2025-07-31,267.9,268.8,267.75,268.8,1300,13585,0
FINNIFTY31JUL2526700PE.NFO,2025-07-07,12:17:00,2025-07-31,268.8,268.8,268.8,268.8,0,13585,0
FINNIFTY31JUL2526700PE.NFO,2025-07-07,12:18:00,2025-07-31,268.8,268.8,268.8,268.8,0,13585,0
FINNIFTY31JUL2526700PE.NFO,2025-07-07,12:19:00,2025-07-31,268.8,268.8,265.9,265.9,780,13325,0
FINNIFTY31JUL2526700PE.NFO,2025-07-07,12:20:00,2025-07-31,265.9,265.9,265.9,265.9,0,13325,0
FINNIFTY31JUL2526700PE.NFO,2025-07-07,12:21:00,2025-07-31,265.9,265.9,260.7,260.7,65,13325,0
FINNIFTY31JUL2526700PE.NFO,2025-07-07,12:22:00,2025-07-31,260.7,260.7,257.7,257.7,65,12610,0
FINNIFTY31JUL2526700PE.NFO,2025-07-07,12:23:00,2025-07-31,257.7,257.8,257.7,257.8,65,12610,0
FINNIFTY31JUL2526700PE.NFO,2025-07-07,12:24:00,2025-07-31,257.8,257.8,256.95,256.95,130,12610,0
FINNIFTY31JUL2526700PE.NFO,2025-07-07,12:25:00,2025-07-31,256.95,256.95,255.05,255.05,65,12480,0
FINNIFTY31JUL2526700PE.NFO,2025-07-07,12:26:00,2025-07-31,255.05,255.05,255.05,255.05,0,12480,0
FINNIFTY31JUL2526700PE.NFO,2025-07-07,12:27:00,2025-07-31,255.05,255.05,255.05,255.05,0,12480,0
FINNIFTY31JUL2526700PE.NFO,2025-07-07,12:28:00,2025-07-31,255.05,255.05,255.05,255.05,0,12480,0
FINNIFTY31JUL2526700PE.NFO,2025-07-07,12:29:00,2025-07-31,255.05,255.05,255.05,255.05,0,12480,0
FINNIFTY31JUL2526700PE.NFO,2025-07-07,12:30:00,2025-07-31,255.05,255.05,255.05,255.05,0,12480,0
FINNIFTY31JUL2526700PE.NFO,2025-07-07,12:31:00,2025-07-31,255.05,255.05,255.05,255.05,0,12480,0
FINNIFTY31JUL2526700PE.NFO,2025-07-07,12:32:00,2025-07-31,255.05,255.05,255.05,255.05,0,12480,0
FINNIFTY31JUL2526700PE.NFO,2025-07-07,12:33:00,2025-07-31,255.05,255.05,255.05,255.05,0,12480,0
FINNIFTY31JUL2526700PE.NFO,2025-07-07,12:34:00,2025-07-31,255.05,255.05,255.05,255.05,0,12480,0
FINNIFTY31JUL2526700PE.NFO,2025-07-07,12:35:00,2025-07-31,255.05,255.05,255.05,255.05,0,12480,0
FINNIFTY31JUL2526700PE.NFO,2025-07-07,12:36:00,2025-07-31,255.05,255.05,255.05,255.05,0,12480,0
FINNIFTY31JUL2526700PE.NFO,2025-07-07,12:37:00,2025-07-31,255.05,255.05,251.2,251.2,65,12480,0
FINNIFTY31JUL2526700PE.NFO,2025-07-07,12:38:00,2025-07-31,251.2,251.2,251.2,251.2,0,12480,0
FINNIFTY31JUL2526700PE.NFO,2025-07-07,12:39:00,2025-07-31,251.2,251.2,251.2,251.2,0,12480,0
FINNIFTY31JUL2526700PE.NFO,2025-07-07,12:40:00,2025-07-31,251.2,251.2,251.2,251.2,0,12480,0
FINNIFTY31JUL2526700PE.NFO,2025-07-07,12:41:00,2025-07-31,251.2,251.2,251.2,251.2,0,12480,0
FINNIFTY31JUL2526700PE.NFO,2025-07-07,12:42:00,2025-07-31,251.2,251.2,251.2,251.2,0,12480,0
FINNIFTY31JUL2526700PE.NFO,2025-07-07,12:43:00,2025-07-31,251.2,255.25,251.2,255.25,195,12480,0
FINNIFTY31JUL2526700PE.NFO,2025-07-07,12:44:00,2025-07-31,255.25,255.25,255.25,255.25,0,12480,0
FINNIFTY31JUL2526700PE.NFO,2025-07-07,12:45:00,2025-07-31,255.25,255.25,255.25,255.25,0,12480,0
FINNIFTY31JUL2526700PE.NFO,2025-07-07,12:46:00,2025-07-31,255.25,255.25,252.65,252.65,65,12480,0
FINNIFTY31JUL2526700PE.NFO,2025-07-07,12:47:00,2025-07-31,252.65,252.65,252.65,252.65,0,12480,0
FINNIFTY31JUL2526700PE.NFO,2025-07-07,12:48:00,2025-07-31,252.65,252.65,252.65,252.65,0,12480,0
FINNIFTY31JUL2526700PE.NFO,2025-07-07,12:49:00,2025-07-31,252.65,252.65,252.65,252.65,0,12480,0
FINNIFTY31JUL2526700PE.NFO,2025-07-07,12:50:00,2025-07-31,252.65,254.7,252.65,254.7,260,12415,0
FINNIFTY31JUL2526700PE.NFO,2025-07-07,12:51:00,2025-07-31,254.7,254.7,254.4,254.4,65,12415,0
FINNIFTY31JUL2526700PE.NFO,2025-07-07,12:52:00,2025-07-31,254.4,254.4,252.8,252.8,130,12545,0
FINNIFTY31JUL2526700PE.NFO,2025-07-07,12:53:00,2025-07-31,252.8,252.8,252.8,252.8,0,12545,0
FINNIFTY31JUL2526700PE.NFO,2025-07-07,12:54:00,2025-07-31,252.8,252.8,252.8,252.8,0,12545,0
FINNIFTY31JUL2526700PE.NFO,2025-07-07,12:55:00,2025-07-31,252.8,253.7,252.8,253.7,130,12545,0
FINNIFTY31JUL2526700PE.NFO,2025-07-07,12:56:00,2025-07-31,253.7,253.7,253.7,253.7,520,12545,0
FINNIFTY31JUL2526700PE.NFO,2025-07-07,12:57:00,2025-07-31,253.7,256.0,253.7,256.0,455,12545,0
FINNIFTY31JUL2526700PE.NFO,2025-07-07,12:58:00,2025-07-31,256.0,266.75,256.0,266.75,0,13195,0
FINNIFTY31JUL2526700PE.NFO,2025-07-07,12:59:00,2025-07-31,266.75,266.75,266.15,266.15,65,13195,0
FINNIFTY31JUL2526700PE.NFO,2025-07-07,13:00:00,2025-07-31,266.15,269.75,266.15,269.75,65,13195,0
FINNIFTY31JUL2526700PE.NFO,2025-07-07,13:01:00,2025-07-31,269.75,269.75,269.75,269.75,0,13195,0
FINNIFTY31JUL2526700PE.NFO,2025-07-07,13:02:00,2025-07-31,269.75,269.75,266.75,266.75,65,13260,0
FINNIFTY31JUL2526700PE.NFO,2025-07-07,13:03:00,2025-07-31,266.75,266.75,265.45,265.45,1040,13260,0
FINNIFTY31JUL2526700PE.NFO,2025-07-07,13:04:00,2025-07-31,265.45,265.45,265.45,265.45,0,13260,0
FINNIFTY31JUL2526700PE.NFO,2025-07-07,13:05:00,2025-07-31,265.45,265.45,265.45,265.45,0,13260,0
FINNIFTY31JUL2526700PE.NFO,2025-07-07,13:06:00,2025-07-31,265.45,265.45,265.45,265.45,0,13260,0
FINNIFTY31JUL2526700PE.NFO,2025-07-07,13:07:00,2025-07-31,265.45,265.45,265.45,265.45,0,13260,0
FINNIFTY31JUL2526700PE.NFO,2025-07-07,13:08:00,2025-07-31,265.45,265.45,265.45,265.45,0,13260,0
FINNIFTY31JUL2526700PE.NFO,2025-07-07,13:09:00,2025-07-31,265.45,265.45,265.45,265.45,0,13260,0
FINNIFTY31JUL2526700PE.NFO,2025-07-07,13:10:00,2025-07-31,265.45,265.45,265.45,265.45,0,13260,0
FINNIFTY31JUL2526700PE.NFO,2025-07-07,13:11:00,2025-07-31,265.45,265.45,251.25,251.25,195,12675,0
FINNIFTY31JUL2526700PE.NFO,2025-07-07,13:12:00,2025-07-31,251.25,251.25,249.05,249.05,65,12675,0
FINNIFTY31JUL2526700PE.NFO,2025-07-07,13:13:00,2025-07-31,249.05,249.9,249.05,249.9,65,12545,0
FINNIFTY31JUL2526700PE.NFO,2025-07-07,13:14:00,2025-07-31,249.9,249.9,249.9,249.9,0,12545,0
FINNIFTY31JUL2526700PE.NFO,2025-07-07,13:15:00,2025-07-31,249.9,249.9,249.9,249.9,0,12545,0
FINNIFTY31JUL2526700PE.NFO,2025-07-07,13:16:00,2025-07-31,249.9,249.9,249.9,249.9,0,12545,0
FINNIFTY31JUL2526700PE.NFO,2025-07-07,13:17:00,2025-07-31,249.9,249.9,249.9,249.9,0,12545,0
FINNIFTY31JUL2526700PE.NFO,2025-07-07,13:18:00,2025-07-31,249.9,249.9,249.9,249.9,0,12545,0
FINNIFTY31JUL2526700PE.NFO,2025-07-07,13:19:00,2025-07-31,249.9,249.9,249.9,249.9,0,12545,0
FINNIFTY31JUL2526700PE.NFO,2025-07-07,13:20:00,2025-07-31,249.9,249.9,249.9,249.9,0,12545,0
FINNIFTY31JUL2526700PE.NFO,2025-07-07,13:21:00,2025-07-31,249.9,249.9,249.9,249.9,0,12545,0
FINNIFTY31JUL2526700PE.NFO,2025-07-07,13:22:00,2025-07-31,249.9,249.9,248.95,248.95,65,12480,0
FINNIFTY31JUL2526700PE.NFO,2025-07-07,13:23:00,2025-07-31,248.95,248.95,248.95,248.95,0,12480,0
FINNIFTY31JUL2526700PE.NFO,2025-07-07,13:24:00,2025-07-31,248.95,248.95,248.95,248.95,0,12480,0
FINNIFTY31JUL2526700PE.NFO,2025-07-07,13:25:00,2025-07-31,248.95,248.95,248.95,248.95,0,12480,0
FINNIFTY31JUL2526700PE.NFO,2025-07-07,13:26:00,2025-07-31,248.95,248.95,248.95,248.95,0,12480,0
FINNIFTY31JUL2526700PE.NFO,2025-07-07,13:27:00,2025-07-31,248.95,248.95,248.95,248.95,0,12480,0
FINNIFTY31JUL2526700PE.NFO,2025-07-07,13:28:00,2025-07-31,248.95,248.95,248.95,248.95,0,12480,0
FINNIFTY31JUL2526700PE.NFO,2025-07-07,13:29:00,2025-07-31,248.95,248.95,248.95,248.95,0,12480,0
FINNIFTY31JUL2526700PE.NFO,2025-07-07,13:30:00,2025-07-31,248.95,248.95,248.95,248.95,0,12480,0
FINNIFTY31JUL2526700PE.NFO,2025-07-07,13:31:00,2025-07-31,248.95,252.4,248.95,252.4,0,12480,0
FINNIFTY31JUL2526700PE.NFO,2025-07-07,13:32:00,2025-07-31,252.4,252.4,252.4,252.4,0,12480,0
FINNIFTY31JUL2526700PE.NFO,2025-07-07,13:33:00,2025-07-31,252.4,252.4,252.4,252.4,0,12480,0
FINNIFTY31JUL2526700PE.NFO,2025-07-07,13:34:00,2025-07-31,252.4,252.4,252.4,252.4,0,12480,0
FINNIFTY31JUL2526700PE.NFO,2025-07-07,13:35:00,2025-07-31,252.4,252.4,252.4,252.4,0,12480,0
FINNIFTY31JUL2526700PE.NFO,2025-07-07,13:36:00,2025-07-31,252.4,252.4,252.4,252.4,0,12480,0
FINNIFTY31JUL2526700PE.NFO,2025-07-07,13:37:00,2025-07-31,252.4,252.4,252.4,252.4,0,12480,0
FINNIFTY31JUL2526700PE.NFO,2025-07-07,13:38:00,2025-07-31,252.4,252.4,252.4,252.4,0,12480,0
FINNIFTY31JUL2526700PE.NFO,2025-07-07,13:39:00,2025-07-31,252.4,252.4,249.5,249.5,390,12545,0
FINNIFTY31JUL2526700PE.NFO,2025-07-07,13:40:00,2025-07-31,249.5,249.5,249.35,249.35,390,12610,0
FINNIFTY31JUL2526700PE.NFO,2025-07-07,13:41:00,2025-07-31,249.35,249.35,249.35,249.35,0,12610,0
FINNIFTY31JUL2526700PE.NFO,2025-07-07,13:42:00,2025-07-31,249.35,249.35,249.2,249.2,130,12610,0
FINNIFTY31JUL2526700PE.NFO,2025-07-07,13:43:00,2025-07-31,249.2,249.2,249.2,249.2,0,12610,0
FINNIFTY31JUL2526700PE.NFO,2025-07-07,13:44:00,2025-07-31,249.2,250.1,249.2,249.85,195,13130,0
FINNIFTY31JUL2526700PE.NFO,2025-07-07,13:45:00,2025-07-31,249.85,249.85,249.85,249.85,0,13130,0
FINNIFTY31JUL2526700PE.NFO,2025-07-07,13:46:00,2025-07-31,249.85,249.85,249.85,249.85,0,13130,0
FINNIFTY31JUL2526700PE.NFO,2025-07-07,13:47:00,2025-07-31,249.85,249.85,249.85,249.85,0,13130,0
FINNIFTY31JUL2526700PE.NFO,2025-07-07,13:48:00,2025-07-31,249.85,249.85,244.75,244.75,130,13195,0
FINNIFTY31JUL2526700PE.NFO,2025-07-07,13:49:00,2025-07-31,244.75,244.75,244.75,244.75,0,13195,0
FINNIFTY31JUL2526700PE.NFO,2025-07-07,13:50:00,2025-07-31,244.75,245.75,244.75,245.75,260,13195,0
FINNIFTY31JUL2526700PE.NFO,2025-07-07,13:51:00,2025-07-31,245.75,246.35,245.75,246.35,195,13195,0
FINNIFTY31JUL2526700PE.NFO,2025-07-07,13:52:00,2025-07-31,246.35,246.35,246.35,246.35,195,13195,0
FINNIFTY31JUL2526700PE.NFO,2025-07-07,13:53:00,2025-07-31,246.35,246.35,246.35,246.35,0,13195,0
FINNIFTY31JUL2526700PE.NFO,2025-07-07,13:54:00,2025-07-31,246.35,246.35,246.35,246.35,0,13195,0
FINNIFTY31JUL2526700PE.NFO,2025-07-07,13:55:00,2025-07-31,246.35,246.35,246.35,246.35,0,13195,0
FINNIFTY31JUL2526700PE.NFO,2025-07-07,13:56:00,2025-07-31,246.35,246.35,246.35,246.35,0,13195,0
FINNIFTY31JUL2526700PE.NFO,2025-07-07,13:57:00,2025-07-31,246.35,246.35,246.35,246.35,0,13195,0
FINNIFTY31JUL2526700PE.NFO,2025-07-07,13:58:00,2025-07-31,246.35,246.35,246.35,246.35,0,13195,0
FINNIFTY31JUL2526700PE.NFO,2025-07-07,13:59:00,2025-07-31,246.35,249.0,246.35,249.0,65,13650,0
FINNIFTY31JUL2526700PE.NFO,2025-07-07,14:00:00,2025-07-31,249.0,250.3,249.0,250.3,130,13650,0
FINNIFTY31JUL2526700PE.NFO,2025-07-07,14:01:00,2025-07-31,250.3,250.3,250.3,250.3,0,13650,0
FINNIFTY31JUL2526700PE.NFO,2025-07-07,14:02:00,2025-07-31,250.3,250.3,250.3,250.3,0,13650,0
FINNIFTY31JUL2526700PE.NFO,2025-07-07,14:03:00,2025-07-31,250.3,250.3,250.3,250.3,0,13650,0
FINNIFTY31JUL2526700PE.NFO,2025-07-07,14:04:00,2025-07-31,250.3,250.3,239.15,240.0,390,13650,0
FINNIFTY31JUL2526700PE.NFO,2025-07-07,14:05:00,2025-07-31,240.0,240.0,240.0,240.0,0,13650,0
FINNIFTY31JUL2526700PE.NFO,2025-07-07,14:06:00,2025-07-31,240.0,240.0,240.0,240.0,0,13650,0
FINNIFTY31JUL2526700PE.NFO,2025-07-07,14:07:00,2025-07-31,240.0,240.0,240.0,240.0,0,13650,0
FINNIFTY31JUL2526700PE.NFO,2025-07-07,14:08:00,2025-07-31,240.0,240.0,240.0,240.0,0,13650,0
FINNIFTY31JUL2526700PE.NFO,2025-07-07,14:09:00,2025-07-31,240.0,245.4,240.0,243.35,455,13455,0
FINNIFTY31JUL2526700PE.NFO,2025-07-07,14:10:00,2025-07-31,243.35,244.35,243.35,244.35,390,13650,0
FINNIFTY31JUL2526700PE.NFO,2025-07-07,14:11:00,2025-07-31,244.35,244.35,244.35,244.35,0,13650,0
FINNIFTY31JUL2526700PE.NFO,2025-07-07,14:12:00,2025-07-31,244.35,244.35,244.35,244.35,0,13650,0
FINNIFTY31JUL2526700PE.NFO,2025-07-07,14:13:00,2025-07-31,244.35,248.2,244.35,248.2,1430,13520,0
FINNIFTY31JUL2526700PE.NFO,2025-07-07,14:14:00,2025-07-31,248.2,248.2,247.45,248.05,520,13520,0
FINNIFTY31JUL2526700PE.NFO,2025-07-07,14:15:00,2025-07-31,248.05,248.05,248.05,248.05,0,13520,0
FINNIFTY31JUL2526700PE.NFO,2025-07-07,14:16:00,2025-07-31,248.05,248.05,248.05,248.05,0,13520,0
FINNIFTY31JUL2526700PE.NFO,2025-07-07,14:17:00,2025-07-31,248.05,248.05,248.05,248.05,0,13520,0
FINNIFTY31JUL2526700PE.NFO,2025-07-07,14:18:00,2025-07-31,248.05,248.05,248.05,248.05,0,13520,0
FINNIFTY31JUL2526700PE.NFO,2025-07-07,14:19:00,2025-07-31,248.05,248.05,248.05,248.05,0,13520,0
FINNIFTY31JUL2526700PE.NFO,2025-07-07,14:20:00,2025-07-31,248.05,248.05,248.05,248.05,0,13520,0
FINNIFTY31JUL2526700PE.NFO,2025-07-07,14:21:00,2025-07-31,248.05,248.05,248.05,248.05,0,13520,0
FINNIFTY31JUL2526700PE.NFO,2025-07-07,14:22:00,2025-07-31,248.05,248.05,248.05,248.05,0,13520,0
FINNIFTY31JUL2526700PE.NFO,2025-07-07,14:23:00,2025-07-31,248.05,248.05,243.0,243.0,845,13715,0
FINNIFTY31JUL2526700PE.NFO,2025-07-07,14:24:00,2025-07-31,243.0,243.0,243.0,243.0,0,13715,0
FINNIFTY31JUL2526700PE.NFO,2025-07-07,14:25:00,2025-07-31,243.0,243.0,243.0,243.0,0,13715,0
FINNIFTY31JUL2526700PE.NFO,2025-07-07,14:26:00,2025-07-31,243.0,243.0,243.0,243.0,0,13715,0
FINNIFTY31JUL2526700PE.NFO,2025-07-07,14:27:00,2025-07-31,243.0,243.0,243.0,243.0,0,13715,0
FINNIFTY31JUL2526700PE.NFO,2025-07-07,14:28:00,2025-07-31,243.0,243.0,243.0,243.0,0,13715,0
FINNIFTY31JUL2526700PE.NFO,2025-07-07,14:29:00,2025-07-31,243.0,243.0,243.0,243.0,0,13715,0
FINNIFTY31JUL2526700PE.NFO,2025-07-07,14:30:00,2025-07-31,243.0,249.05,243.0,249.05,585,13065,0
FINNIFTY31JUL2526700PE.NFO,2025-07-07,14:31:00,2025-07-31,249.05,256.25,249.05,252.65,260,13195,0
FINNIFTY31JUL2526700PE.NFO,2025-07-07,14:32:00,2025-07-31,252.65,254.75,252.65,254.75,65,13195,0
FINNIFTY31JUL2526700PE.NFO,2025-07-07,14:33:00,2025-07-31,254.75,254.75,251.3,251.3,65,13195,0
FINNIFTY31JUL2526700PE.NFO,2025-07-07,14:34:00,2025-07-31,251.3,254.25,251.3,254.25,390,13065,0
FINNIFTY31JUL2526700PE.NFO,2025-07-07,14:35:00,2025-07-31,254.25,254.25,254.25,254.25,0,13065,0
FINNIFTY31JUL2526700PE.NFO,2025-07-07,14:36:00,2025-07-31,254.25,256.35,254.25,256.35,520,13065,0
FINNIFTY31JUL2526700PE.NFO,2025-07-07,14:37:00,2025-07-31,256.35,256.35,256.35,256.35,0,13065,0
FINNIFTY31JUL2526700PE.NFO,2025-07-07,14:38:00,2025-07-31,256.35,256.35,256.35,256.35,0,13065,0
FINNIFTY31JUL2526700PE.NFO,2025-07-07,14:39:00,2025-07-31,256.35,256.35,256.35,256.35,0,13065,0
FINNIFTY31JUL2526700PE.NFO,2025-07-07,14:40:00,2025-07-31,256.35,256.35,256.35,256.35,0,13065,0
FINNIFTY31JUL2526700PE.NFO,2025-07-07,14:41:00,2025-07-31,256.35,256.6,255.75,256.6,520,13390,0
FINNIFTY31JUL2526700PE.NFO,2025-07-07,14:42:00,2025-07-31,256.6,257.45,256.6,257.4,195,13390,0
FINNIFTY31JUL2526700PE.NFO,2025-07-07,14:43:00,2025-07-31,257.4,260.75,257.4,260.75,195,13325,0
FINNIFTY31JUL2526700PE.NFO,2025-07-07,14:44:00,2025-07-31,260.75,260.75,260.75,260.75,0,13325,0
FINNIFTY31JUL2526700PE.NFO,2025-07-07,14:45:00,2025-07-31,260.75,262.7,260.75,262.65,1235,13325,0
FINNIFTY31JUL2526700PE.NFO,2025-07-07,14:46:00,2025-07-31,262.65,262.65,262.65,262.65,0,13325,0
FINNIFTY31JUL2526700PE.NFO,2025-07-07,14:47:00,2025-07-31,262.65,262.65,261.75,261.75,65,13650,0
FINNIFTY31JUL2526700PE.NFO,2025-07-07,14:48:00,2025-07-31,261.75,261.75,261.75,261.75,0,13650,0
FINNIFTY31JUL2526700PE.NFO,2025-07-07,14:49:00,2025-07-31,261.75,261.75,258.9,258.9,65,13650,0
FINNIFTY31JUL2526700PE.NFO,2025-07-07,14:50:00,2025-07-31,258.9,258.9,258.9,258.9,0,13650,0
FINNIFTY31JUL2526700PE.NFO,2025-07-07,14:51:00,2025-07-31,258.9,258.9,258.9,258.9,0,13650,0
FINNIFTY31JUL2526700PE.NFO,2025-07-07,14:52:00,2025-07-31,258.9,258.9,258.9,258.9,0,13650,0
FINNIFTY31JUL2526700PE.NFO,2025-07-07,14:53:00,2025-07-31,258.9,259.0,258.9,259.0,65,13585,0
FINNIFTY31JUL2526700PE.NFO,2025-07-07,14:54:00,2025-07-31,259.0,259.4,259.0,259.4,715,13585,0
FINNIFTY31JUL2526700PE.NFO,2025-07-07,14:55:00,2025-07-31,259.4,260.0,259.4,260.0,130,12870,0
FINNIFTY31JUL2526700PE.NFO,2025-07-07,14:56:00,2025-07-31,260.0,260.0,260.0,260.0,0,12870,0
FINNIFTY31JUL2526700PE.NFO,2025-07-07,14:57:00,2025-07-31,260.0,260.0,255.0,255.0,130,12870,0
FINNIFTY31JUL2526700PE.NFO,2025-07-07,14:58:00,2025-07-31,255.0,255.0,252.95,252.95,455,13000,0
FINNIFTY31JUL2526700PE.NFO,2025-07-07,14:59:00,2025-07-31,252.95,254.4,252.95,254.4,65,13000,0
FINNIFTY31JUL2526700PE.NFO,2025-07-07,15:00:00,2025-07-31,254.4,254.4,252.75,252.75,130,13000,0
FINNIFTY31JUL2526700PE.NFO,2025-07-07,15:01:00,2025-07-31,252.75,253.1,252.75,253.1,130,13000,0
FINNIFTY31JUL2526700PE.NFO,2025-07-07,15:02:00,2025-07-31,253.1,253.1,249.95,250.55,1300,12675,0
FINNIFTY31JUL2526700PE.NFO,2025-07-07,15:03:00,2025-07-31,250.55,250.55,249.75,249.75,130,12675,0
FINNIFTY31JUL2526700PE.NFO,2025-07-07,15:04:00,2025-07-31,249.75,249.75,249.25,249.25,195,12675,0
FINNIFTY31JUL2526700PE.NFO,2025-07-07,15:05:00,2025-07-31,249.25,249.25,249.25,249.25,0,12675,0
FINNIFTY31JUL2526700PE.NFO,2025-07-07,15:06:00,2025-07-31,249.25,249.25,249.25,249.25,0,12675,0
FINNIFTY31JUL2526700PE.NFO,2025-07-07,15:07:00,2025-07-31,249.25,249.25,249.25,249.25,0,12675,0
FINNIFTY31JUL2526700PE.NFO,2025-07-07,15:08:00,2025-07-31,249.25,251.1,249.25,250.55,520,12870,0
FINNIFTY31JUL2526700PE.NFO,2025-07-07,15:09:00,2025-07-31,250.55,250.55,250.55,250.55,0,12870,0
FINNIFTY31JUL2526700PE.NFO,2025-07-07,15:10:00,2025-07-31,250.55,251.3,250.55,251.3,65,13325,0
FINNIFTY31JUL2526700PE.NFO,2025-07-07,15:11:00,2025-07-31,251.3,251.7,251.3,251.7,260,13325,0
FINNIFTY31JUL2526700PE.NFO,2025-07-07,15:12:00,2025-07-31,251.7,252.55,251.4,251.4,325,13325,0
FINNIFTY31JUL2526700PE.NFO,2025-07-07,15:13:00,2025-07-31,251.4,251.4,251.4,251.4,0,13325,0
FINNIFTY31JUL2526700PE.NFO,2025-07-07,15:14:00,2025-07-31,251.4,251.4,251.05,251.05,65,13325,0
FINNIFTY31JUL2526700PE.NFO,2025-07-07,15:15:00,2025-07-31,251.05,251.05,251.05,251.05,0,13325,0
FINNIFTY31JUL2526700PE.NFO,2025-07-07,15:16:00,2025-07-31,251.05,251.05,251.05,251.05,0,13325,0
FINNIFTY31JUL2526700PE.NFO,2025-07-07,15:17:00,2025-07-31,251.05,251.05,251.05,251.05,0,13325,0
FINNIFTY31JUL2526700PE.NFO,2025-07-07,15:18:00,2025-07-31,251.05,251.05,251.05,251.05,0,13325,0
FINNIFTY31JUL2526700PE.NFO,2025-07-07,15:19:00,2025-07-31,251.05,252.15,251.05,252.15,65,13325,0
FINNIFTY31JUL2526700PE.NFO,2025-07-07,15:20:00,2025-07-31,252.15,252.15,252.15,252.15,0,13325,0
FINNIFTY31JUL2526700PE.NFO,2025-07-07,15:21:00,2025-07-31,252.15,252.15,252.15,252.15,0,13325,0
FINNIFTY31JUL2526700PE.NFO,2025-07-07,15:22:00,2025-07-31,252.15,252.15,252.15,252.15,0,13325,0
FINNIFTY31JUL2526700PE.NFO,2025-07-07,15:23:00,2025-07-31,252.15,252.7,252.15,252.7,65,13260,0
FINNIFTY31JUL2526700PE.NFO,2025-07-07,15:24:00,2025-07-31,252.7,253.1,252.7,253.1,65,13260,0
FINNIFTY31JUL2526700PE.NFO,2025-07-07,15:25:00,2025-07-31,252.55,253.3,252.55,253.3,650,13325,0
FINNIFTY31JUL2526700PE.NFO,2025-07-07,15:26:00,2025-07-31,253.3,253.3,253.3,253.3,0,13325,0
FINNIFTY31JUL2526700PE.NFO,2025-07-07,15:27:00,2025-07-31,253.3,253.3,253.3,253.3,0,13325,0
FINNIFTY31JUL2526700PE.NFO,2025-07-07,15:28:00,2025-07-31,253.3,256.15,253.3,256.15,650,13065,0
FINNIFTY31JUL2526700PE.NFO,2025-07-07,15:29:00,2025-07-31,256.15,267.0,256.15,267.0,585,13065,0
FINNIFTY31JUL2526700PE.NFO,2025-07-07,15:30:00,2025-07-31,267.0,267.0,267.0,267.0,585,13065,1
FINNIFTY31JUL2526700PE.NFO,2025-07-08,09:15:00,2025-07-31,239.6,239.6,239.6,239.6,0,0,0
FINNIFTY31JUL2526700PE.NFO,2025-07-08,09:16:00,2025-07-31,239.6,246.05,239.6,245.0,325,12805,0
FINNIFTY31JUL2526700PE.NFO,2025-07-08,09:17:00,2025-07-31,245.0,245.0,244.95,245.0,260,12805,0
FINNIFTY31JUL2526700PE.NFO,2025-07-08,09:18:00,2025-07-31,245.0,247.55,243.15,243.15,520,13000,0
FINNIFTY31JUL2526700PE.NFO,2025-07-08,09:19:00,2025-07-31,243.15,243.15,242.05,242.05,130,13000,0
FINNIFTY31JUL2526700PE.NFO,2025-07-08,09:20:00,2025-07-31,242.05,242.05,235.8,235.8,780,13000,0
FINNIFTY31JUL2526700PE.NFO,2025-07-08,09:21:00,2025-07-31,235.8,235.8,235.8,235.8,0,13000,0
FINNIFTY31JUL2526700PE.NFO,2025-07-08,09:22:00,2025-07-31,235.8,235.8,235.8,235.8,0,13000,0
FINNIFTY31JUL2526700PE.NFO,2025-07-08,09:23:00,2025-07-31,235.8,235.8,230.7,230.7,65,12935,0
FINNIFTY31JUL2526700PE.NFO,2025-07-08,09:24:00,2025-07-31,230.7,230.7,225.0,225.0,260,13000,0
FINNIFTY31JUL2526700PE.NFO,2025-07-08,09:25:00,2025-07-31,225.0,225.0,222.8,224.3,195,13000,0
FINNIFTY31JUL2526700PE.NFO,2025-07-08,09:26:00,2025-07-31,224.3,224.3,222.0,222.0,130,13000,0
FINNIFTY31JUL2526700PE.NFO,2025-07-08,09:27:00,2025-07-31,222.0,222.0,222.0,222.0,0,13000,0
FINNIFTY31JUL2526700PE.NFO,2025-07-08,09:28:00,2025-07-31,222.0,222.5,222.0,222.5,65,12805,0
FINNIFTY31JUL2526700PE.NFO,2025-07-08,09:29:00,2025-07-31,222.5,224.4,222.5,224.4,130,12805,0
FINNIFTY31JUL2526700PE.NFO,2025-07-08,09:30:00,2025-07-31,224.4,224.4,215.7,215.7,650,13000,0
FINNIFTY31JUL2526700PE.NFO,2025-07-08,09:31:00,2025-07-31,215.7,220.75,215.7,220.75,130,13000,0
FINNIFTY31JUL2526700PE.NFO,2025-07-08,09:32:00,2025-07-31,220.75,221.15,220.35,220.9,2665,13000,0
FINNIFTY31JUL2526700PE.NFO,2025-07-08,09:33:00,2025-07-31,220.9,222.3,220.9,221.55,1235,14755,0
FINNIFTY31JUL2526700PE.NFO,2025-07-08,09:34:00,2025-07-31,221.55,221.75,220.9,221.3,520,14755,0
FINNIFTY31JUL2526700PE.NFO,2025-07-08,09:35:00,2025-07-31,221.3,221.3,217.0,217.0,845,14755,0
FINNIFTY31JUL2526700PE.NFO,2025-07-08,09:36:00,2025-07-31,217.0,217.35,216.85,217.0,2145,15665,0
FINNIFTY31JUL2526700PE.NFO,2025-07-08,09:37:00,2025-07-31,217.0,217.0,217.0,217.0,0,15665,0
FINNIFTY31JUL2526700PE.NFO,2025-07-08,09:38:00,2025-07-31,217.0,217.0,217.0,217.0,0,15665,0
FINNIFTY31JUL2526700PE.NFO,2025-07-08,09:39:00,2025-07-31,217.0,217.0,217.0,217.0,0,15665,0
FINNIFTY31JUL2526700PE.NFO,2025-07-08,09:40:00,2025-07-31,217.0,217.0,217.0,217.0,0,15665,0
FINNIFTY31JUL2526700PE.NFO,2025-07-08,09:41:00,2025-07-31,217.0,217.0,211.45,211.45,130,16315,0
FINNIFTY31JUL2526700PE.NFO,2025-07-08,09:42:00,2025-07-31,211.45,211.45,210.4,210.4,65,16315,0
FINNIFTY31JUL2526700PE.NFO,2025-07-08,09:43:00,2025-07-31,210.4,210.4,210.0,210.0,65,16315,0
FINNIFTY31JUL2526700PE.NFO,2025-07-08,09:44:00,2025-07-31,210.0,211.05,208.95,211.05,650,16315,0
FINNIFTY31JUL2526700PE.NFO,2025-07-08,09:45:00,2025-07-31,211.05,211.2,211.05,211.2,65,16315,0
FINNIFTY31JUL2526700PE.NFO,2025-07-08,09:46:00,2025-07-31,211.2,211.2,207.0,207.0,65,16120,0
FINNIFTY31JUL2526700PE.NFO,2025-07-08,09:47:00,2025-07-31,207.0,207.5,201.1,206.9,260,16120,0
FINNIFTY31JUL2526700PE.NFO,2025-07-08,09:48:00,2025-07-31,206.9,206.9,206.9,206.9,65,16120,0
FINNIFTY31JUL2526700PE.NFO,2025-07-08,09:49:00,2025-07-31,206.9,209.3,206.9,209.3,65,16120,0
FINNIFTY31JUL2526700PE.NFO,2025-07-08,09:50:00,2025-07-31,209.3,210.0,209.3,210.0,65,16120,0
FINNIFTY31JUL2526700PE.NFO,2025-07-08,09:51:00,2025-07-31,210.0,210.0,208.55,208.55,65,16185,0
FINNIFTY31JUL2526700PE.NFO,2025-07-08,09:52:00,2025-07-31,208.55,211.2,208.55,209.3,390,16185,0
FINNIFTY31JUL2526700PE.NFO,2025-07-08,09:53:00,2025-07-31,209.3,210.85,209.3,210.05,390,16185,0
FINNIFTY31JUL2526700PE.NFO,2025-07-08,09:54:00,2025-07-31,210.05,213.0,210.0,213.0,195,15925,0
FINNIFTY31JUL2526700PE.NFO,2025-07-08,09:55:00,2025-07-31,213.0,213.15,210.0,210.95,390,15925,0
FINNIFTY31JUL2526700PE.NFO,2025-07-08,09:56:00,2025-07-31,210.95,210.95,210.05,210.05,195,15925,0
FINNIFTY31JUL2526700PE.NFO,2025-07-08,09:57:00,2025-07-31,210.05,210.65,210.0,210.0,130,15925,0
FINNIFTY31JUL2526700PE.NFO,2025-07-08,09:58:00,2025-07-31,210.0,210.0,210.0,210.0,0,15925,0
FINNIFTY31JUL2526700PE.NFO,2025-07-08,09:59:00,2025-07-31,210.0,210.0,210.0,210.0,0,15925,0
FINNIFTY31JUL2526700PE.NFO,2025-07-08,10:00:00,2025-07-31,210.0,220.3,210.0,220.3,130,15665,0
FINNIFTY31JUL2526700PE.NFO,2025-07-08,10:01:00,2025-07-31,220.3,220.3,218.1,218.1,130,15665,0
FINNIFTY31JUL2526700PE.NFO,2025-07-08,10:02:00,2025-07-31,218.1,218.1,218.1,218.1,0,15665,0
FINNIFTY31JUL2526700PE.NFO,2025-07-08,10:03:00,2025-07-31,218.1,218.1,214.55,214.55,65,15665,0
FINNIFTY31JUL2526700PE.NFO,2025-07-08,10:04:00,2025-07-31,214.55,214.55,213.5,213.5,65,15665,0
FINNIFTY31JUL2526700PE.NFO,2025-07-08,10:05:00,2025-07-31,213.5,216.25,213.5,216.25,65,15665,0
FINNIFTY31JUL2526700PE.NFO,2025-07-08,10:06:00,2025-07-31,216.25,216.5,216.25,216.5,65,15600,0
FINNIFTY31JUL2526700PE.NFO,2025-07-08,10:07:00,2025-07-31,216.5,216.5,216.5,216.5,65,15600,0
FINNIFTY31JUL2526700PE.NFO,2025-07-08,10:08:00,2025-07-31,216.5,216.5,216.5,216.5,0,15600,0
FINNIFTY31JUL2526700PE.NFO,2025-07-08,10:09:00,2025-07-31,216.5,216.5,216.5,216.5,0,15600,0
FINNIFTY31JUL2526700PE.NFO,2025-07-08,10:10:00,2025-07-31,216.5,216.5,216.5,216.5,0,15600,0
FINNIFTY31JUL2526700PE.NFO,2025-07-08,10:11:00,2025-07-31,216.5,216.5,216.5,216.5,0,15600,0
FINNIFTY31JUL2526700PE.NFO,2025-07-08,10:12:00,2025-07-31,216.5,216.5,216.5,216.5,0,15600,0
FINNIFTY31JUL2526700PE.NFO,2025-07-08,10:13:00,2025-07-31,216.5,216.5,216.5,216.5,0,15600,0
FINNIFTY31JUL2526700PE.NFO,2025-07-08,10:14:00,2025-07-31,216.5,216.5,216.5,216.5,0,15600,0
FINNIFTY31JUL2526700PE.NFO,2025-07-08,10:15:00,2025-07-31,216.5,216.5,216.5,216.5,0,15600,0
FINNIFTY31JUL2526700PE.NFO,2025-07-08,10:16:00,2025-07-31,216.5,216.5,213.9,213.9,65,15730,0
FINNIFTY31JUL2526700PE.NFO,2025-07-08,10:17:00,2025-07-31,213.9,213.9,213.9,213.9,0,15730,0
FINNIFTY31JUL2526700PE.NFO,2025-07-08,10:18:00,2025-07-31,213.9,213.9,212.8,212.8,130,15730,0
FINNIFTY31JUL2526700PE.NFO,2025-07-08,10:19:00,2025-07-31,212.8,212.8,212.8,212.8,0,15730,0
FINNIFTY31JUL2526700PE.NFO,2025-07-08,10:20:00,2025-07-31,212.8,212.8,209.95,209.95,130,15730,0
FINNIFTY31JUL2526700PE.NFO,2025-07-08,10:21:00,2025-07-31,209.95,209.95,209.95,209.95,0,15730,0
FINNIFTY31JUL2526700PE.NFO,2025-07-08,10:22:00,2025-07-31,209.95,211.75,209.95,211.75,65,15730,0
FINNIFTY31JUL2526700PE.NFO,2025-07-08,10:23:00,2025-07-31,211.75,211.75,211.75,211.75,0,15730,0
FINNIFTY31JUL2526700PE.NFO,2025-07-08,10:24:00,2025-07-31,211.75,212.0,211.45,211.45,195,15730,0
FINNIFTY31JUL2526700PE.NFO,2025-07-08,10:25:00,2025-07-31,211.45,212.55,211.45,212.25,845,15730,0
FINNIFTY31JUL2526700PE.NFO,2025-07-08,10:26:00,2025-07-31,212.25,212.25,211.8,211.8,585,15730,0
FINNIFTY31JUL2526700PE.NFO,2025-07-08,10:27:00,2025-07-31,210.9,212.8,210.9,211.2,520,16900,0
FINNIFTY31JUL2526700PE.NFO,2025-07-08,10:28:00,2025-07-31,211.15,211.85,209.4,209.4,845,16900,0
FINNIFTY31JUL2526700PE.NFO,2025-07-08,10:29:00,2025-07-31,209.4,209.75,207.5,207.5,520,16900,0
FINNIFTY31JUL2526700PE.NFO,2025-07-08,10:30:00,2025-07-31,207.4,208.45,207.05,208.45,910,18395,0
FINNIFTY31JUL2526700PE.NFO,2025-07-08,10:31:00,2025-07-31,208.45,208.8,208.2,208.2,455,18395,0
FINNIFTY31JUL2526700PE.NFO,2025-07-08,10:32:00,2025-07-31,208.2,211.7,208.2,211.2,520,18395,0
FINNIFTY31JUL2526700PE.NFO,2025-07-08,10:33:00,2025-07-31,211.2,212.35,209.55,209.55,390,19565,0
FINNIFTY31JUL2526700PE.NFO,2025-07-08,10:34:00,2025-07-31,209.15,209.15,209.15,209.15,130,19565,0
FINNIFTY31JUL2526700PE.NFO,2025-07-08,10:35:00,2025-07-31,209.15,209.15,208.05,208.05,65,19565,0
FINNIFTY31JUL2526700PE.NFO,2025-07-08,10:36:00,2025-07-31,208.05,208.05,207.7,207.7,65,19565,0
FINNIFTY31JUL2526700PE.NFO,2025-07-08,10:37:00,2025-07-31,207.7,207.7,207.7,207.7,0,19565,0
FINNIFTY31JUL2526700PE.NFO,2025-07-08,10:38:00,2025-07-31,207.7,211.0,207.7,211.0,650,19825,0
FINNIFTY31JUL2526700PE.NFO,2025-07-08,10:39:00,2025-07-31,211.0,211.0,211.0,211.0,650,19825,0
FINNIFTY31JUL2526700PE.NFO,2025-07-08,10:40:00,2025-07-31,211.0,212.0,211.0,211.0,260,20410,0
FINNIFTY31JUL2526700PE.NFO,2025-07-08,10:41:00,2025-07-31,211.0,211.0,211.0,211.0,0,20410,0
FINNIFTY31JUL2526700PE.NFO,2025-07-08,10:42:00,2025-07-31,211.0,211.0,211.0,211.0,0,20410,0
FINNIFTY31JUL2526700PE.NFO,2025-07-08,10:43:00,2025-07-31,211.0,211.0,211.0,211.0,0,20410,0
FINNIFTY31JUL2526700PE.NFO,2025-07-08,10:44:00,2025-07-31,211.0,211.0,211.0,211.0,0,20410,0
FINNIFTY31JUL2526700PE.NFO,2025-07-08,10:45:00,2025-07-31,211.0,211.0,209.1,209.1,65,20410,0
FINNIFTY31JUL2526700PE.NFO,2025-07-08,10:46:00,2025-07-31,209.1,209.1,209.1,209.1,0,20410,0
FINNIFTY31JUL2526700PE.NFO,2025-07-08,10:47:00,2025-07-31,209.1,213.6,209.1,213.6,130,20410,0
FINNIFTY31JUL2526700PE.NFO,2025-07-08,10:48:00,2025-07-31,213.6,216.05,213.6,213.7,390,20280,0
FINNIFTY31JUL2526700PE.NFO,2025-07-08,10:49:00,2025-07-31,213.7,215.5,213.7,214.55,195,20280,0
FINNIFTY31JUL2526700PE.NFO,2025-07-08,10:50:00,2025-07-31,214.55,214.55,214.55,214.55,260,20280,0
FINNIFTY31JUL2526700PE.NFO,2025-07-08,10:51:00,2025-07-31,214.55,214.55,214.55,214.55,0,20280,0
FINNIFTY31JUL2526700PE.NFO,2025-07-08,10:52:00,2025-07-31,214.55,214.55,214.55,214.55,0,20280,0
FINNIFTY31JUL2526700PE.NFO,2025-07-08,10:53:00,2025-07-31,214.55,214.55,213.15,213.15,65,20410,0
FINNIFTY31JUL2526700PE.NFO,2025-07-08,10:54:00,2025-07-31,213.15,213.15,213.15,213.15,0,20410,0
FINNIFTY31JUL2526700PE.NFO,2025-07-08,10:55:00,2025-07-31,213.15,213.15,213.15,213.15,0,20410,0
FINNIFTY31JUL2526700PE.NFO,2025-07-08,10:56:00,2025-07-31,213.15,213.15,211.2,211.2,65,20410,0
FINNIFTY31JUL2526700PE.NFO,2025-07-08,10:57:00,2025-07-31,211.2,211.6,211.2,211.6,65,20410,0
FINNIFTY31JUL2526700PE.NFO,2025-07-08,10:58:00,2025-07-31,211.6,211.6,211.6,211.6,0,20410,0
FINNIFTY31JUL2526700PE.NFO,2025-07-08,10:59:00,2025-07-31,211.6,211.6,211.6,211.6,0,20410,0
FINNIFTY31JUL2526700PE.NFO,2025-07-08,11:00:00,2025-07-31,211.6,211.6,210.0,210.0,195,20410,0
FINNIFTY31JUL2526700PE.NFO,2025-07-08,11:01:00,2025-07-31,210.0,210.0,210.0,210.0,0,20410,0
FINNIFTY31JUL2526700PE.NFO,2025-07-08,11:02:00,2025-07-31,210.0,210.0,210.0,210.0,0,20410,0
FINNIFTY31JUL2526700PE.NFO,2025-07-08,11:03:00,2025-07-31,210.0,213.0,210.0,213.0,195,20410,0
FINNIFTY31JUL2526700PE.NFO,2025-07-08,11:04:00,2025-07-31,213.0,213.0,213.0,213.0,0,20410,0
FINNIFTY31JUL2526700PE.NFO,2025-07-08,11:05:00,2025-07-31,213.0,215.0,213.0,215.0,65,20345,0
FINNIFTY31JUL2526700PE.NFO,2025-07-08,11:06:00,2025-07-31,215.0,215.4,214.65,214.65,130,20345,0
FINNIFTY31JUL2526700PE.NFO,2025-07-08,11:07:00,2025-07-31,214.65,214.65,214.65,214.65,0,20345,0
FINNIFTY31JUL2526700PE.NFO,2025-07-08,11:08:00,2025-07-31,214.65,216.0,214.65,216.0,130,20410,0
FINNIFTY31JUL2526700PE.NFO,2025-07-08,11:09:00,2025-07-31,216.0,216.0,213.55,213.9,325,20410,0
FINNIFTY31JUL2526700PE.NFO,2025-07-08,11:10:00,2025-07-31,213.9,213.9,213.9,213.9,0,20410,0
FINNIFTY31JUL2526700PE.NFO,2025-07-08,11:11:00,2025-07-31,213.9,213.9,213.9,213.9,0,20410,0
FINNIFTY31JUL2526700PE.NFO,2025-07-08,11:12:00,2025-07-31,213.9,213.9,213.9,213.9,0,20410,0
FINNIFTY31JUL2526700PE.NFO,2025-07-08,11:13:00,2025-07-31,213.9,216.0,213.9,215.65,390,20410,0
FINNIFTY31JUL2526700PE.NFO,2025-07-08,11:14:00,2025-07-31,215.65,215.65,215.15,215.15,65,20410,0
FINNIFTY31JUL2526700PE.NFO,2025-07-08,11:15:00,2025-07-31,215.15,215.15,215.15,215.15,0,20410,0
FINNIFTY31JUL2526700PE.NFO,2025-07-08,11:16:00,2025-07-31,215.15,215.15,215.15,215.15,0,20410,0
FINNIFTY31JUL2526700PE.NFO,2025-07-08,11:17:00,2025-07-31,215.15,215.15,215.15,215.15,0,20410,0
FINNIFTY31JUL2526700PE.NFO,2025-07-08,11:18:00,2025-07-31,215.15,215.15,215.15,215.15,0,20410,0
FINNIFTY31JUL2526700PE.NFO,2025-07-08,11:19:00,2025-07-31,215.15,215.15,215.15,215.15,0,20410,0
FINNIFTY31JUL2526700PE.NFO,2025-07-08,11:20:00,2025-07-31,215.15,215.15,215.15,215.15,0,20410,0
FINNIFTY31JUL2526700PE.NFO,2025-07-08,11:21:00,2025-07-31,215.15,215.15,215.15,215.15,0,20410,0
FINNIFTY31JUL2526700PE.NFO,2025-07-08,11:22:00,2025-07-31,215.15,215.15,215.15,215.15,0,20410,0
FINNIFTY31JUL2526700PE.NFO,2025-07-08,11:23:00,2025-07-31,215.15,215.6,215.15,215.6,65,20345,0
FINNIFTY31JUL2526700PE.NFO,2025-07-08,11:24:00,2025-07-31,215.6,215.6,215.6,215.6,0,20345,0
FINNIFTY31JUL2526700PE.NFO,2025-07-08,11:25:00,2025-07-31,215.6,217.0,215.6,216.05,195,20345,0
FINNIFTY31JUL2526700PE.NFO,2025-07-08,11:26:00,2025-07-31,216.05,216.05,213.45,213.45,65,20345,0
FINNIFTY31JUL2526700PE.NFO,2025-07-08,11:27:00,2025-07-31,213.45,213.45,213.45,213.45,0,20345,0
FINNIFTY31JUL2526700PE.NFO,2025-07-08,11:28:00,2025-07-31,213.45,213.45,213.45,213.45,0,20345,0
FINNIFTY31JUL2526700PE.NFO,2025-07-08,11:29:00,2025-07-31,213.45,213.45,211.9,211.9,65,20410,0
FINNIFTY31JUL2526700PE.NFO,2025-07-08,11:30:00,2025-07-31,211.9,211.9,210.75,210.75,65,20410,0
FINNIFTY31JUL2526700PE.NFO,2025-07-08,11:31:00,2025-07-31,210.75,210.75,207.05,207.05,130,20410,0
FINNIFTY31JUL2526700PE.NFO,2025-07-08,11:32:00,2025-07-31,207.05,209.65,207.05,209.65,65,20410,0
FINNIFTY31JUL2526700PE.NFO,2025-07-08,11:33:00,2025-07-31,209.65,209.65,209.65,209.65,0,20410,0
FINNIFTY31JUL2526700PE.NFO,2025-07-08,11:34:00,2025-07-31,209.65,209.65,207.85,207.85,65,20280,0
FINNIFTY31JUL2526700PE.NFO,2025-07-08,11:35:00,2025-07-31,207.85,211.9,207.85,211.9,65,20280,0
FINNIFTY31JUL2526700PE.NFO,2025-07-08,11:36:00,2025-07-31,211.9,212.75,211.9,212.75,260,20410,0
FINNIFTY31JUL2526700PE.NFO,2025-07-08,11:37:00,2025-07-31,212.75,212.8,211.8,211.8,1430,20410,0
FINNIFTY31JUL2526700PE.NFO,2025-07-08,11:38:00,2025-07-31,211.8,211.8,211.8,211.8,0,20410,0
FINNIFTY31JUL2526700PE.NFO,2025-07-08,11:39:00,2025-07-31,211.8,211.8,211.8,211.8,0,20410,0
FINNIFTY31JUL2526700PE.NFO,2025-07-08,11:40:00,2025-07-31,211.8,211.8,211.8,211.8,0,20410,0
FINNIFTY31JUL2526700PE.NFO,2025-07-08,11:41:00,2025-07-31,211.8,211.8,211.8,211.8,0,20410,0
FINNIFTY31JUL2526700PE.NFO,2025-07-08,11:42:00,2025-07-31,211.8,214.3,211.8,214.3,195,19305,0
FINNIFTY31JUL2526700PE.NFO,2025-07-08,11:43:00,2025-07-31,214.3,214.3,214.3,214.3,0,19305,0
FINNIFTY31JUL2526700PE.NFO,2025-07-08,11:44:00,2025-07-31,214.3,214.3,214.3,214.3,0,19305,0
FINNIFTY31JUL2526700PE.NFO,2025-07-08,11:45:00,2025-07-31,214.3,214.3,214.3,214.3,0,19305,0
FINNIFTY31JUL2526700PE.NFO,2025-07-08,11:46:00,2025-07-31,214.3,214.3,214.3,214.3,0,19305,0
FINNIFTY31JUL2526700PE.NFO,2025-07-08,11:47:00,2025-07-31,214.3,214.3,214.3,214.3,0,19305,0
FINNIFTY31JUL2526700PE.NFO,2025-07-08,11:48:00,2025-07-31,214.3,214.3,213.9,214.3,130,19435,0
FINNIFTY31JUL2526700PE.NFO,2025-07-08,11:49:00,2025-07-31,214.3,214.3,214.3,214.3,0,19435,0
FINNIFTY31JUL2526700PE.NFO,2025-07-08,11:50:00,2025-07-31,214.3,214.3,214.3,214.3,0,19435,0
FINNIFTY31JUL2526700PE.NFO,2025-07-08,11:51:00,2025-07-31,214.3,214.3,214.3,214.3,0,19435,0
FINNIFTY31JUL2526700PE.NFO,2025-07-08,11:52:00,2025-07-31,214.3,214.3,214.3,214.3,0,19435,0
FINNIFTY31JUL2526700PE.NFO,2025-07-08,11:53:00,2025-07-31,214.3,214.3,214.3,214.3,0,19435,0
FINNIFTY31JUL2526700PE.NFO,2025-07-08,11:54:00,2025-07-31,214.3,214.3,214.3,214.3,0,19435,0
FINNIFTY31JUL2526700PE.NFO,2025-07-08,11:55:00,2025-07-31,214.3,214.3,214.3,214.3,0,19435,0
FINNIFTY31JUL2526700PE.NFO,2025-07-08,11:56:00,2025-07-31,214.3,214.3,214.3,214.3,0,19435,0
FINNIFTY31JUL2526700PE.NFO,2025-07-08,11:57:00,2025-07-31,214.3,214.3,214.3,214.3,0,19435,0
FINNIFTY31JUL2526700PE.NFO,2025-07-08,11:58:00,2025-07-31,214.3,214.3,214.3,214.3,0,19435,0
FINNIFTY31JUL2526700PE.NFO,2025-07-08,11:59:00,2025-07-31,214.3,214.3,214.3,214.3,0,19435,0
FINNIFTY31JUL2526700PE.NFO,2025-07-08,12:00:00,2025-07-31,214.3,214.3,214.3,214.3,0,19435,0
FINNIFTY31JUL2526700PE.NFO,2025-07-08,12:01:00,2025-07-31,214.3,214.3,214.3,214.3,0,19435,0
FINNIFTY31JUL2526700PE.NFO,2025-07-08,12:02:00,2025-07-31,214.3,214.3,214.3,214.3,0,19435,0
FINNIFTY31JUL2526700PE.NFO,2025-07-08,12:03:00,2025-07-31,214.3,214.3,214.3,214.3,0,19435,0
FINNIFTY31JUL2526700PE.NFO,2025-07-08,12:04:00,2025-07-31,214.3,214.3,214.3,214.3,0,19435,0
FINNIFTY31JUL2526700PE.NFO,2025-07-08,12:05:00,2025-07-31,214.3,214.3,203.3,205.15,260,19435,0
FINNIFTY31JUL2526700PE.NFO,2025-07-08,12:06:00,2025-07-31,205.15,205.15,203.5,203.5,130,19435,0
FINNIFTY31JUL2526700PE.NFO,2025-07-08,12:07:00,2025-07-31,203.5,206.4,203.5,206.4,195,19565,0
FINNIFTY31JUL2526700PE.NFO,2025-07-08,12:08:00,2025-07-31,206.4,206.4,205.3,205.3,65,19565,0
FINNIFTY31JUL2526700PE.NFO,2025-07-08,12:09:00,2025-07-31,205.3,205.3,205.3,205.3,0,19565,0
FINNIFTY31JUL2526700PE.NFO,2025-07-08,12:10:00,2025-07-31,205.3,205.3,203.05,205.0,455,19695,0
FINNIFTY31JUL2526700PE.NFO,2025-07-08,12:11:00,2025-07-31,205.0,205.0,205.0,205.0,0,19695,0
FINNIFTY31JUL2526700PE.NFO,2025-07-08,12:12:00,2025-07-31,205.0,205.0,205.0,205.0,0,19695,0
FINNIFTY31JUL2526700PE.NFO,2025-07-08,12:13:00,2025-07-31,205.0,209.0,205.0,209.0,260,19565,0
FINNIFTY31JUL2526700PE.NFO,2025-07-08,12:14:00,2025-07-31,209.0,209.0,209.0,209.0,0,19565,0
FINNIFTY31JUL2526700PE.NFO,2025-07-08,12:15:00,2025-07-31,209.0,209.0,209.0,209.0,0,19565,0
FINNIFTY31JUL2526700PE.NFO,2025-07-08,12:16:00,2025-07-31,209.0,209.0,209.0,209.0,0,19565,0
FINNIFTY31JUL2526700PE.NFO,2025-07-08,12:17:00,2025-07-31,209.0,209.0,209.0,209.0,0,19565,0
FINNIFTY31JUL2526700PE.NFO,2025-07-08,12:18:00,2025-07-31,209.0,209.0,209.0,209.0,0,19565,0
FINNIFTY31JUL2526700PE.NFO,2025-07-08,12:19:00,2025-07-31,209.0,209.0,209.0,209.0,0,19565,0
FINNIFTY31JUL2526700PE.NFO,2025-07-08,12:20:00,2025-07-31,209.0,209.0,209.0,209.0,0,19565,0
FINNIFTY31JUL2526700PE.NFO,2025-07-08,12:21:00,2025-07-31,209.0,209.0,209.0,209.0,0,19565,0
FINNIFTY31JUL2526700PE.NFO,2025-07-08,12:22:00,2025-07-31,209.0,209.0,208.3,208.3,130,19565,0
FINNIFTY31JUL2526700PE.NFO,2025-07-08,12:23:00,2025-07-31,208.3,208.3,208.3,208.3,0,19565,0
FINNIFTY31JUL2526700PE.NFO,2025-07-08,12:24:00,2025-07-31,208.3,208.3,206.95,206.95,0,19630,0
FINNIFTY31JUL2526700PE.NFO,2025-07-08,12:25:00,2025-07-31,206.95,206.95,205.0,205.45,325,19630,0
FINNIFTY31JUL2526700PE.NFO,2025-07-08,12:26:00,2025-07-31,205.45,205.45,200.6,200.6,260,19630,0
FINNIFTY31JUL2526700PE.NFO,2025-07-08,12:27:00,2025-07-31,200.6,200.6,200.6,200.6,0,19630,0
FINNIFTY31JUL2526700PE.NFO,2025-07-08,12:28:00,2025-07-31,200.6,200.6,200.6,200.6,0,19630,0
FINNIFTY31JUL2526700PE.NFO,2025-07-08,12:29:00,2025-07-31,200.6,200.6,200.6,200.6,0,19630,0
FINNIFTY31JUL2526700PE.NFO,2025-07-08,12:30:00,2025-07-31,200.6,200.6,200.6,200.6,0,19630,0
FINNIFTY31JUL2526700PE.NFO,2025-07-08,12:31:00,2025-07-31,200.6,200.6,200.6,200.6,0,19630,0
FINNIFTY31JUL2526700PE.NFO,2025-07-08,12:32:00,2025-07-31,200.6,200.6,200.0,200.0,260,19500,0
FINNIFTY31JUL2526700PE.NFO,2025-07-08,12:33:00,2025-07-31,200.0,200.0,198.6,198.6,260,19500,0
FINNIFTY31JUL2526700PE.NFO,2025-07-08,12:34:00,2025-07-31,198.6,198.6,195.9,195.9,650,19435,0
FINNIFTY31JUL2526700PE.NFO,2025-07-08,12:35:00,2025-07-31,195.9,195.9,195.9,195.9,0,19435,0
FINNIFTY31JUL2526700PE.NFO,2025-07-08,12:36:00,2025-07-31,195.9,195.9,195.9,195.9,0,19435,0
FINNIFTY31JUL2526700PE.NFO,2025-07-08,12:37:00,2025-07-31,195.9,195.9,195.9,195.9,0,19435,0
FINNIFTY31JUL2526700PE.NFO,2025-07-08,12:38:00,2025-07-31,195.9,195.9,195.9,195.9,0,19435,0
FINNIFTY31JUL2526700PE.NFO,2025-07-08,12:39:00,2025-07-31,195.9,195.9,195.9,195.9,0,19435,0
FINNIFTY31JUL2526700PE.NFO,2025-07-08,12:40:00,2025-07-31,195.9,200.05,195.9,200.05,130,18980,0
FINNIFTY31JUL2526700PE.NFO,2025-07-08,12:41:00,2025-07-31,200.05,208.0,200.05,208.0,195,18980,0
FINNIFTY31JUL2526700PE.NFO,2025-07-08,12:42:00,2025-07-31,208.0,208.0,208.0,208.0,0,18980,0
FINNIFTY31JUL2526700PE.NFO,2025-07-08,12:43:00,2025-07-31,208.0,208.0,202.3,202.3,195,18915,0
FINNIFTY31JUL2526700PE.NFO,2025-07-08,12:44:00,2025-07-31,202.3,202.3,202.3,202.3,0,18915,0
FINNIFTY31JUL2526700PE.NFO,2025-07-08,12:45:00,2025-07-31,202.3,202.3,199.7,199.7,65,18850,0
FINNIFTY31JUL2526700PE.NFO,2025-07-08,12:46:00,2025-07-31,199.7,200.15,199.7,200.15,65,18850,0
FINNIFTY31JUL2526700PE.NFO,2025-07-08,12:47:00,2025-07-31,200.15,201.95,200.15,201.95,65,18850,0
FINNIFTY31JUL2526700PE.NFO,2025-07-08,12:48:00,2025-07-31,201.95,201.95,201.95,201.95,0,18850,0
FINNIFTY31JUL2526700PE.NFO,2025-07-08,12:49:00,2025-07-31,201.95,203.7,201.95,203.7,65,18915,0
FINNIFTY31JUL2526700PE.NFO,2025-07-08,12:50:00,2025-07-31,203.7,203.7,203.0,203.0,65,18915,0
FINNIFTY31JUL2526700PE.NFO,2025-07-08,12:51:00,2025-07-31,203.0,203.0,203.0,203.0,0,18915,0
FINNIFTY31JUL2526700PE.NFO,2025-07-08,12:52:00,2025-07-31,203.0,203.0,203.0,203.0,0,18915,0
FINNIFTY31JUL2526700PE.NFO,2025-07-08,12:53:00,2025-07-31,203.0,203.0,203.0,203.0,0,18915,0
FINNIFTY31JUL2526700PE.NFO,2025-07-08,12:54:00,2025-07-31,203.0,203.0,203.0,203.0,0,18915,0
FINNIFTY31JUL2526700PE.NFO,2025-07-08,12:55:00,2025-07-31,203.0,203.0,203.0,203.0,0,18915,0
FINNIFTY31JUL2526700PE.NFO,2025-07-08,12:56:00,2025-07-31,203.0,203.0,203.0,203.0,0,18915,0
FINNIFTY31JUL2526700PE.NFO,2025-07-08,12:57:00,2025-07-31,203.0,203.0,203.0,203.0,0,18915,0
FINNIFTY31JUL2526700PE.NFO,2025-07-08,12:58:00,2025-07-31,203.0,203.8,203.0,203.8,65,19045,0
FINNIFTY31JUL2526700PE.NFO,2025-07-08,12:59:00,2025-07-31,203.8,203.8,203.8,203.8,0,19045,0
FINNIFTY31JUL2526700PE.NFO,2025-07-08,13:00:00,2025-07-31,203.8,208.0,203.8,208.0,65,19045,0
FINNIFTY31JUL2526700PE.NFO,2025-07-08,13:01:00,2025-07-31,208.0,208.0,208.0,208.0,0,19045,0
FINNIFTY31JUL2526700PE.NFO,2025-07-08,13:02:00,2025-07-31,208.0,208.0,208.0,208.0,0,19045,0
FINNIFTY31JUL2526700PE.NFO,2025-07-08,13:03:00,2025-07-31,208.0,208.0,208.0,208.0,0,19045,0
FINNIFTY31JUL2526700PE.NFO,2025-07-08,13:04:00,2025-07-31,208.0,208.0,202.8,202.8,130,18980,0
FINNIFTY31JUL2526700PE.NFO,2025-07-08,13:05:00,2025-07-31,202.8,202.8,202.75,202.75,65,18980,0
FINNIFTY31JUL2526700PE.NFO,2025-07-08,13:06:00,2025-07-31,202.75,202.75,200.8,200.8,65,18980,0
FINNIFTY31JUL2526700PE.NFO,2025-07-08,13:07:00,2025-07-31,200.8,200.8,198.8,198.8,65,19110,0
FINNIFTY31JUL2526700PE.NFO,2025-07-08,13:08:00,2025-07-31,198.8,198.8,198.8,198.8,0,19110,0
FINNIFTY31JUL2526700PE.NFO,2025-07-08,13:09:00,2025-07-31,198.8,202.7,198.8,202.7,325,19110,0
FINNIFTY31JUL2526700PE.NFO,2025-07-08,13:10:00,2025-07-31,202.7,202.7,202.7,202.7,0,19110,0
FINNIFTY31JUL2526700PE.NFO,2025-07-08,13:11:00,2025-07-31,202.7,202.7,202.7,202.7,0,19110,0
FINNIFTY31JUL2526700PE.NFO,2025-07-08,13:12:00,2025-07-31,202.7,202.7,202.7,202.7,0,19110,0
FINNIFTY31JUL2526700PE.NFO,2025-07-08,13:13:00,2025-07-31,202.7,202.7,202.7,202.7,0,19110,0
FINNIFTY31JUL2526700PE.NFO,2025-07-08,13:14:00,2025-07-31,202.7,202.7,202.7,202.7,0,19110,0
FINNIFTY31JUL2526700PE.NFO,2025-07-08,13:15:00,2025-07-31,202.7,202.7,199.85,199.85,65,19305,0
FINNIFTY31JUL2526700PE.NFO,2025-07-08,13:16:00,2025-07-31,199.85,199.85,199.85,199.85,0,19305,0
FINNIFTY31JUL2526700PE.NFO,2025-07-08,13:17:00,2025-07-31,199.85,199.85,199.85,199.85,0,19305,0
FINNIFTY31JUL2526700PE.NFO,2025-07-08,13:18:00,2025-07-31,199.85,199.85,198.8,198.8,130,19240,0
FINNIFTY31JUL2526700PE.NFO,2025-07-08,13:19:00,2025-07-31,198.8,198.8,198.8,198.8,0,19240,0
FINNIFTY31JUL2526700PE.NFO,2025-07-08,13:20:00,2025-07-31,198.8,198.8,198.8,198.8,0,19240,0
FINNIFTY31JUL2526700PE.NFO,2025-07-08,13:21:00,2025-07-31,198.8,198.8,198.0,198.0,65,19305,0
FINNIFTY31JUL2526700PE.NFO,2025-07-08,13:22:00,2025-07-31,198.0,198.5,198.0,198.25,260,19240,0
FINNIFTY31JUL2526700PE.NFO,2025-07-08,13:23:00,2025-07-31,198.25,198.25,198.25,198.25,0,19240,0
FINNIFTY31JUL2526700PE.NFO,2025-07-08,13:24:00,2025-07-31,198.25,198.25,197.5,197.5,130,19240,0
FINNIFTY31JUL2526700PE.NFO,2025-07-08,13:25:00,2025-07-31,197.5,197.5,197.5,197.5,0,19240,0
FINNIFTY31JUL2526700PE.NFO,2025-07-08,13:26:00,2025-07-31,197.5,198.8,197.5,198.8,325,19240,0
FINNIFTY31JUL2526700PE.NFO,2025-07-08,13:27:00,2025-07-31,198.8,199.05,198.8,199.05,65,19240,0
FINNIFTY31JUL2526700PE.NFO,2025-07-08,13:28:00,2025-07-31,199.05,199.05,199.05,199.05,0,19240,0
FINNIFTY31JUL2526700PE.NFO,2025-07-08,13:29:00,2025-07-31,199.05,199.05,199.05,199.05,0,19240,0
FINNIFTY31JUL2526700PE.NFO,2025-07-08,13:30:00,2025-07-31,199.05,199.05,196.0,196.0,130,19045,0
FINNIFTY31JUL2526700PE.NFO,2025-07-08,13:31:00,2025-07-31,196.0,198.0,196.0,198.0,130,19045,0
FINNIFTY31JUL2526700PE.NFO,2025-07-08,13:32:00,2025-07-31,198.0,198.0,198.0,198.0,0,19045,0
FINNIFTY31JUL2526700PE.NFO,2025-07-08,13:33:00,2025-07-31,198.0,198.0,198.0,198.0,0,19045,0
FINNIFTY31JUL2526700PE.NFO,2025-07-08,13:34:00,2025-07-31,198.0,198.0,198.0,198.0,0,19045,0
FINNIFTY31JUL2526700PE.NFO,2025-07-08,13:35:00,2025-07-31,198.0,198.0,198.0,198.0,0,19045,0
FINNIFTY31JUL2526700PE.NFO,2025-07-08,13:36:00,2025-07-31,198.0,198.0,198.0,198.0,0,19045,0
FINNIFTY31JUL2526700PE.NFO,2025-07-08,13:37:00,2025-07-31,198.0,198.0,198.0,198.0,0,19045,0
FINNIFTY31JUL2526700PE.NFO,2025-07-08,13:38:00,2025-07-31,198.0,198.0,198.0,198.0,0,19045,0
FINNIFTY31JUL2526700PE.NFO,2025-07-08,13:39:00,2025-07-31,198.0,198.0,198.0,198.0,0,19045,0
FINNIFTY31JUL2526700PE.NFO,2025-07-08,13:40:00,2025-07-31,198.0,198.0,198.0,198.0,0,19045,0
FINNIFTY31JUL2526700PE.NFO,2025-07-08,13:41:00,2025-07-31,198.0,198.6,198.0,198.6,130,18915,0
FINNIFTY31JUL2526700PE.NFO,2025-07-08,13:42:00,2025-07-31,198.6,198.6,197.45,197.45,195,18915,0
FINNIFTY31JUL2526700PE.NFO,2025-07-08,13:43:00,2025-07-31,197.45,197.45,197.45,197.45,0,18915,0
FINNIFTY31JUL2526700PE.NFO,2025-07-08,13:44:00,2025-07-31,197.45,197.45,197.45,197.45,0,18915,0
FINNIFTY31JUL2526700PE.NFO,2025-07-08,13:45:00,2025-07-31,197.45,197.45,197.45,197.45,0,18915,0
FINNIFTY31JUL2526700PE.NFO,2025-07-08,13:46:00,2025-07-31,197.45,197.45,197.35,197.35,65,18980,0
FINNIFTY31JUL2526700PE.NFO,2025-07-08,13:47:00,2025-07-31,197.35,197.35,197.35,197.35,0,18980,0
FINNIFTY31JUL2526700PE.NFO,2025-07-08,13:48:00,2025-07-31,197.35,197.35,197.35,197.35,0,18980,0
FINNIFTY31JUL2526700PE.NFO,2025-07-08,13:49:00,2025-07-31,197.35,197.35,197.35,197.35,0,18980,0
FINNIFTY31JUL2526700PE.NFO,2025-07-08,13:50:00,2025-07-31,197.35,197.35,197.35,197.35,0,18980,0
FINNIFTY31JUL2526700PE.NFO,2025-07-08,13:51:00,2025-07-31,197.35,197.35,197.35,197.35,0,18980,0
FINNIFTY31JUL2526700PE.NFO,2025-07-08,13:52:00,2025-07-31,197.35,197.35,197.35,197.35,0,18980,0
FINNIFTY31JUL2526700PE.NFO,2025-07-08,13:53:00,2025-07-31,197.35,198.35,197.35,198.35,65,19045,0
FINNIFTY31JUL2526700PE.NFO,2025-07-08,13:54:00,2025-07-31,198.35,198.35,196.35,196.35,65,19045,0
FINNIFTY31JUL2526700PE.NFO,2025-07-08,13:55:00,2025-07-31,196.35,196.35,196.35,196.35,0,19045,0
FINNIFTY31JUL2526700PE.NFO,2025-07-08,13:56:00,2025-07-31,196.35,196.35,196.35,196.35,0,19045,0
FINNIFTY31JUL2526700PE.NFO,2025-07-08,13:57:00,2025-07-31,196.35,196.35,196.35,196.35,0,19045,0
FINNIFTY31JUL2526700PE.NFO,2025-07-08,13:58:00,2025-07-31,196.35,196.35,196.35,196.35,0,19045,0
FINNIFTY31JUL2526700PE.NFO,2025-07-08,13:59:00,2025-07-31,196.35,196.35,196.35,196.35,0,19045,0
FINNIFTY31JUL2526700PE.NFO,2025-07-08,14:00:00,2025-07-31,196.35,196.35,196.35,196.35,0,19045,0
FINNIFTY31JUL2526700PE.NFO,2025-07-08,14:01:00,2025-07-31,196.35,196.35,196.35,196.35,0,19045,0
FINNIFTY31JUL2526700PE.NFO,2025-07-08,14:02:00,2025-07-31,196.35,198.5,196.35,198.5,65,19045,0
FINNIFTY31JUL2526700PE.NFO,2025-07-08,14:03:00,2025-07-31,198.5,198.5,197.05,197.05,65,19045,0
FINNIFTY31JUL2526700PE.NFO,2025-07-08,14:04:00,2025-07-31,197.05,197.05,197.05,197.05,0,19045,0
FINNIFTY31JUL2526700PE.NFO,2025-07-08,14:05:00,2025-07-31,197.05,197.05,197.05,197.05,0,19045,0
FINNIFTY31JUL2526700PE.NFO,2025-07-08,14:06:00,2025-07-31,197.05,197.05,197.05,197.05,0,19045,0
FINNIFTY31JUL2526700PE.NFO,2025-07-08,14:07:00,2025-07-31,197.05,197.05,197.05,197.05,0,19045,0
FINNIFTY31JUL2526700PE.NFO,2025-07-08,14:08:00,2025-07-31,197.05,197.05,197.05,197.05,0,19045,0
FINNIFTY31JUL2526700PE.NFO,2025-07-08,14:09:00,2025-07-31,197.05,197.05,197.05,197.05,0,19045,0
FINNIFTY31JUL2526700PE.NFO,2025-07-08,14:10:00,2025-07-31,197.05,197.05,197.05,197.05,0,19045,0
FINNIFTY31JUL2526700PE.NFO,2025-07-08,14:11:00,2025-07-31,197.05,197.05,197.05,197.05,0,19045,0
FINNIFTY31JUL2526700PE.NFO,2025-07-08,14:12:00,2025-07-31,197.05,200.0,197.05,198.6,260,19045,0
FINNIFTY31JUL2526700PE.NFO,2025-07-08,14:13:00,2025-07-31,198.6,201.2,198.6,201.2,455,19045,0
FINNIFTY31JUL2526700PE.NFO,2025-07-08,14:14:00,2025-07-31,201.2,201.2,201.2,201.2,0,19045,0
FINNIFTY31JUL2526700PE.NFO,2025-07-08,14:15:00,2025-07-31,201.2,203.85,201.2,203.85,65,18850,0
FINNIFTY31JUL2526700PE.NFO,2025-07-08,14:16:00,2025-07-31,203.85,203.85,203.85,203.85,0,18850,0
FINNIFTY31JUL2526700PE.NFO,2025-07-08,14:17:00,2025-07-31,203.85,203.85,203.85,203.85,0,18850,0
FINNIFTY31JUL2526700PE.NFO,2025-07-08,14:18:00,2025-07-31,203.85,203.85,203.85,203.85,0,18850,0
FINNIFTY31JUL2526700PE.NFO,2025-07-08,14:19:00,2025-07-31,203.85,203.85,203.5,203.5,130,18915,0
FINNIFTY31JUL2526700PE.NFO,2025-07-08,14:20:00,2025-07-31,203.5,203.5,203.5,203.5,0,18915,0
FINNIFTY31JUL2526700PE.NFO,2025-07-08,14:21:00,2025-07-31,203.5,203.5,203.5,203.5,0,18915,0
FINNIFTY31JUL2526700PE.NFO,2025-07-08,14:22:00,2025-07-31,203.5,203.5,203.5,203.5,0,18915,0
FINNIFTY31JUL2526700PE.NFO,2025-07-08,14:23:00,2025-07-31,203.5,203.5,203.5,203.5,0,18915,0
FINNIFTY31JUL2526700PE.NFO,2025-07-08,14:24:00,2025-07-31,203.5,203.6,203.5,203.6,65,18785,0
FINNIFTY31JUL2526700PE.NFO,2025-07-08,14:25:00,2025-07-31,203.6,203.6,203.6,203.6,0,18785,0
FINNIFTY31JUL2526700PE.NFO,2025-07-08,14:26:00,2025-07-31,203.6,203.6,200.75,200.75,65,18850,0
FINNIFTY31JUL2526700PE.NFO,2025-07-08,14:27:00,2025-07-31,200.75,200.75,200.75,200.75,0,18850,0
FINNIFTY31JUL2526700PE.NFO,2025-07-08,14:28:00,2025-07-31,200.75,200.75,200.75,200.75,0,18850,0
FINNIFTY31JUL2526700PE.NFO,2025-07-08,14:29:00,2025-07-31,200.75,200.75,200.75,200.75,0,18850,0
FINNIFTY31JUL2526700PE.NFO,2025-07-08,14:30:00,2025-07-31,200.75,200.75,200.75,200.75,0,18850,0
FINNIFTY31JUL2526700PE.NFO,2025-07-08,14:31:00,2025-07-31,200.75,200.75,200.75,200.75,0,18850,0
FINNIFTY31JUL2526700PE.NFO,2025-07-08,14:32:00,2025-07-31,200.75,200.75,200.75,200.75,0,18850,0
FINNIFTY31JUL2526700PE.NFO,2025-07-08,14:33:00,2025-07-31,200.75,200.75,200.75,200.75,0,18850,0
FINNIFTY31JUL2526700PE.NFO,2025-07-08,14:34:00,2025-07-31,200.75,200.75,200.75,200.75,0,18850,0
FINNIFTY31JUL2526700PE.NFO,2025-07-08,14:35:00,2025-07-31,200.75,200.75,196.05,196.05,65,18785,0
FINNIFTY31JUL2526700PE.NFO,2025-07-08,14:36:00,2025-07-31,196.05,196.05,195.8,195.8,65,18785,0
FINNIFTY31JUL2526700PE.NFO,2025-07-08,14:37:00,2025-07-31,195.8,195.8,195.8,195.8,0,18785,0
FINNIFTY31JUL2526700PE.NFO,2025-07-08,14:38:00,2025-07-31,195.8,196.0,195.8,196.0,195,18850,0
FINNIFTY31JUL2526700PE.NFO,2025-07-08,14:39:00,2025-07-31,196.0,196.0,196.0,196.0,0,18850,0
FINNIFTY31JUL2526700PE.NFO,2025-07-08,14:40:00,2025-07-31,196.0,196.5,196.0,196.5,65,18785,0
FINNIFTY31JUL2526700PE.NFO,2025-07-08,14:41:00,2025-07-31,196.5,196.5,196.5,196.5,0,18785,0
FINNIFTY31JUL2526700PE.NFO,2025-07-08,14:42:00,2025-07-31,196.5,196.5,196.5,196.5,0,18785,0
FINNIFTY31JUL2526700PE.NFO,2025-07-08,14:43:00,2025-07-31,196.5,196.5,196.5,196.5,0,18785,0
FINNIFTY31JUL2526700PE.NFO,2025-07-08,14:44:00,2025-07-31,196.5,197.35,196.5,197.35,65,18720,0
FINNIFTY31JUL2526700PE.NFO,2025-07-08,14:45:00,2025-07-31,197.35,197.35,197.35,197.35,65,18720,0
FINNIFTY31JUL2526700PE.NFO,2025-07-08,14:46:00,2025-07-31,197.35,197.35,197.35,197.35,0,18720,0
FINNIFTY31JUL2526700PE.NFO,2025-07-08,14:47:00,2025-07-31,197.35,197.35,197.35,197.35,0,18720,0
FINNIFTY31JUL2526700PE.NFO,2025-07-08,14:48:00,2025-07-31,197.35,197.35,197.35,197.35,0,18720,0
FINNIFTY31JUL2526700PE.NFO,2025-07-08,14:49:00,2025-07-31,197.35,199.0,197.35,199.0,65,18720,0
FINNIFTY31JUL2526700PE.NFO,2025-07-08,14:50:00,2025-07-31,199.0,199.0,199.0,199.0,0,18720,0
FINNIFTY31JUL2526700PE.NFO,2025-07-08,14:51:00,2025-07-31,199.0,199.0,199.0,199.0,0,18720,0
FINNIFTY31JUL2526700PE.NFO,2025-07-08,14:52:00,2025-07-31,199.0,199.0,199.0,199.0,0,18720,0
FINNIFTY31JUL2526700PE.NFO,2025-07-08,14:53:00,2025-07-31,199.0,199.0,199.0,199.0,0,18720,0
FINNIFTY31JUL2526700PE.NFO,2025-07-08,14:54:00,2025-07-31,199.0,199.0,199.0,199.0,0,18720,0
FINNIFTY31JUL2526700PE.NFO,2025-07-08,14:55:00,2025-07-31,199.0,199.0,199.0,199.0,0,18720,0
FINNIFTY31JUL2526700PE.NFO,2025-07-08,14:56:00,2025-07-31,199.0,199.0,194.9,196.0,130,18720,0
FINNIFTY31JUL2526700PE.NFO,2025-07-08,14:57:00,2025-07-31,196.0,196.0,196.0,196.0,0,18720,0
FINNIFTY31JUL2526700PE.NFO,2025-07-08,14:58:00,2025-07-31,196.0,196.0,192.3,192.3,130,18785,0
FINNIFTY31JUL2526700PE.NFO,2025-07-08,14:59:00,2025-07-31,192.3,192.3,192.3,192.3,0,18785,0
FINNIFTY31JUL2526700PE.NFO,2025-07-08,15:00:00,2025-07-31,192.3,192.3,190.65,190.65,65,18785,0
FINNIFTY31JUL2526700PE.NFO,2025-07-08,15:01:00,2025-07-31,190.65,190.65,184.5,184.5,130,18785,0
FINNIFTY31JUL2526700PE.NFO,2025-07-08,15:02:00,2025-07-31,184.5,184.5,184.5,184.5,0,18785,0
FINNIFTY31JUL2526700PE.NFO,2025-07-08,15:03:00,2025-07-31,184.5,186.5,184.5,186.5,65,18655,0
FINNIFTY31JUL2526700PE.NFO,2025-07-08,15:04:00,2025-07-31,186.5,186.5,186.5,186.5,0,18655,0
FINNIFTY31JUL2526700PE.NFO,2025-07-08,15:05:00,2025-07-31,186.5,186.5,185.8,185.8,65,18655,0
FINNIFTY31JUL2526700PE.NFO,2025-07-08,15:06:00,2025-07-31,185.6,185.6,182.8,184.05,975,18655,0
FINNIFTY31JUL2526700PE.NFO,2025-07-08,15:07:00,2025-07-31,184.05,184.05,184.05,184.05,0,18655,0
FINNIFTY31JUL2526700PE.NFO,2025-07-08,15:08:00,2025-07-31,184.05,186.65,184.05,185.25,325,18460,0
FINNIFTY31JUL2526700PE.NFO,2025-07-08,15:09:00,2025-07-31,185.25,185.25,181.15,181.15,715,18460,0
FINNIFTY31JUL2526700PE.NFO,2025-07-08,15:10:00,2025-07-31,181.15,181.15,181.15,181.15,0,18460,0
FINNIFTY31JUL2526700PE.NFO,2025-07-08,15:11:00,2025-07-31,181.15,181.15,181.15,181.15,0,18460,0
FINNIFTY31JUL2526700PE.NFO,2025-07-08,15:12:00,2025-07-31,181.15,181.15,181.15,181.15,0,18460,0
FINNIFTY31JUL2526700PE.NFO,2025-07-08,15:13:00,2025-07-31,181.15,184.25,181.15,184.25,455,18265,0
FINNIFTY31JUL2526700PE.NFO,2025-07-08,15:14:00,2025-07-31,184.25,184.25,184.25,184.25,0,18265,0
FINNIFTY31JUL2526700PE.NFO,2025-07-08,15:15:00,2025-07-31,184.25,184.25,184.25,184.25,0,18265,0
FINNIFTY31JUL2526700PE.NFO,2025-07-08,15:16:00,2025-07-31,184.25,184.25,184.25,184.25,0,18265,0
FINNIFTY31JUL2526700PE.NFO,2025-07-08,15:17:00,2025-07-31,184.25,184.25,184.25,184.25,0,18265,0
FINNIFTY31JUL2526700PE.NFO,2025-07-08,15:18:00,2025-07-31,184.25,184.25,184.25,184.25,0,18265,0
FINNIFTY31JUL2526700PE.NFO,2025-07-08,15:19:00,2025-07-31,184.25,185.75,184.25,185.75,65,18720,0
FINNIFTY31JUL2526700PE.NFO,2025-07-08,15:20:00,2025-07-31,185.75,186.9,185.75,186.9,65,18720,0
FINNIFTY31JUL2526700PE.NFO,2025-07-08,15:21:00,2025-07-31,186.9,186.9,185.15,186.0,195,18720,0
FINNIFTY31JUL2526700PE.NFO,2025-07-08,15:22:00,2025-07-31,186.0,187.45,186.0,187.45,325,18525,0
FINNIFTY31JUL2526700PE.NFO,2025-07-08,15:23:00,2025-07-31,187.45,187.45,187.45,187.45,0,18525,0
FINNIFTY31JUL2526700PE.NFO,2025-07-08,15:24:00,2025-07-31,187.45,187.45,186.15,186.15,65,18525,0
FINNIFTY31JUL2526700PE.NFO,2025-07-08,15:25:00,2025-07-31,186.15,187.1,186.15,187.1,65,18200,0
FINNIFTY31JUL2526700PE.NFO,2025-07-08,15:26:00,2025-07-31,187.1,187.15,187.1,187.15,65,18200,0
FINNIFTY31JUL2526700PE.NFO,2025-07-08,15:27:00,2025-07-31,187.15,187.7,187.15,187.7,130,18200,0
FINNIFTY31JUL2526700PE.NFO,2025-07-08,15:28:00,2025-07-31,187.7,187.7,187.3,187.3,65,18135,0
FINNIFTY31JUL2526700PE.NFO,2025-07-08,15:29:00,2025-07-31,187.3,187.3,186.0,186.0,195,18135,0
FINNIFTY31JUL2526700PE.NFO,2025-07-08,15:30:00,2025-07-31,186.0,186.0,186.0,186.0,195,18135,1
FINNIFTY31JUL2526700PE.NFO,2025-07-09,09:15:00,2025-07-31,197.8,197.8,197.8,197.8,0,18200,0
FINNIFTY31JUL2526700PE.NFO,2025-07-09,09:16:00,2025-07-31,197.8,197.8,188.6,188.6,65,18200,0
FINNIFTY31JUL2526700PE.NFO,2025-07-09,09:17:00,2025-07-31,188.6,188.65,188.6,188.65,650,18200,0
FINNIFTY31JUL2526700PE.NFO,2025-07-09,09:18:00,2025-07-31,188.65,189.0,188.65,189.0,65,18200,0
FINNIFTY31JUL2526700PE.NFO,2025-07-09,09:19:00,2025-07-31,189.0,189.0,187.35,187.35,65,18200,0
FINNIFTY31JUL2526700PE.NFO,2025-07-09,09:20:00,2025-07-31,187.35,190.1,187.35,190.1,195,18200,0
FINNIFTY31JUL2526700PE.NFO,2025-07-09,09:21:00,2025-07-31,190.1,190.1,190.1,190.1,0,18200,0
FINNIFTY31JUL2526700PE.NFO,2025-07-09,09:22:00,2025-07-31,190.1,190.1,188.05,188.05,325,18200,0
FINNIFTY31JUL2526700PE.NFO,2025-07-09,09:23:00,2025-07-31,188.05,197.05,188.05,196.0,195,18200,0
FINNIFTY31JUL2526700PE.NFO,2025-07-09,09:24:00,2025-07-31,196.0,196.0,190.3,190.3,390,18200,0
FINNIFTY31JUL2526700PE.NFO,2025-07-09,09:25:00,2025-07-31,190.3,190.3,186.95,186.95,325,18200,0
FINNIFTY31JUL2526700PE.NFO,2025-07-09,09:26:00,2025-07-31,186.95,186.95,186.95,186.95,0,18200,0
FINNIFTY31JUL2526700PE.NFO,2025-07-09,09:27:00,2025-07-31,186.95,186.95,186.95,186.95,0,18200,0
FINNIFTY31JUL2526700PE.NFO,2025-07-09,09:28:00,2025-07-31,186.95,186.95,186.95,186.95,0,18200,0
FINNIFTY31JUL2526700PE.NFO,2025-07-09,09:29:00,2025-07-31,186.95,186.95,186.95,186.95,0,18200,0
FINNIFTY31JUL2526700PE.NFO,2025-07-09,09:30:00,2025-07-31,186.95,192.0,186.95,192.0,325,17875,0
FINNIFTY31JUL2526700PE.NFO,2025-07-09,09:31:00,2025-07-31,192.0,192.0,192.0,192.0,0,17875,0
FINNIFTY31JUL2526700PE.NFO,2025-07-09,09:32:00,2025-07-31,192.0,192.0,190.6,190.6,65,17875,0
FINNIFTY31JUL2526700PE.NFO,2025-07-09,09:33:00,2025-07-31,190.6,190.6,186.2,190.1,585,18005,0
FINNIFTY31JUL2526700PE.NFO,2025-07-09,09:34:00,2025-07-31,190.1,190.1,187.0,187.0,130,18005,0
FINNIFTY31JUL2526700PE.NFO,2025-07-09,09:35:00,2025-07-31,187.0,187.0,187.0,187.0,0,18005,0
FINNIFTY31JUL2526700PE.NFO,2025-07-09,09:36:00,2025-07-31,187.0,187.0,187.0,187.0,0,18005,0
FINNIFTY31JUL2526700PE.NFO,2025-07-09,09:37:00,2025-07-31,187.0,187.0,187.0,187.0,0,18005,0
FINNIFTY31JUL2526700PE.NFO,2025-07-09,09:38:00,2025-07-31,187.0,187.0,187.0,187.0,0,18005,0
FINNIFTY31JUL2526700PE.NFO,2025-07-09,09:39:00,2025-07-31,187.0,187.0,187.0,187.0,0,18005,0
FINNIFTY31JUL2526700PE.NFO,2025-07-09,09:40:00,2025-07-31,187.0,187.75,185.35,187.75,520,18005,0
FINNIFTY31JUL2526700PE.NFO,2025-07-09,09:41:00,2025-07-31,187.75,187.75,187.75,187.75,0,18005,0
FINNIFTY31JUL2526700PE.NFO,2025-07-09,09:42:00,2025-07-31,187.75,187.75,187.75,187.75,0,18005,0
FINNIFTY31JUL2526700PE.NFO,2025-07-09,09:43:00,2025-07-31,187.75,187.75,187.75,187.75,0,18005,0
FINNIFTY31JUL2526700PE.NFO,2025-07-09,09:44:00,2025-07-31,187.75,187.75,187.75,187.75,0,18005,0
FINNIFTY31JUL2526700PE.NFO,2025-07-09,09:45:00,2025-07-31,187.75,190.75,187.75,190.75,260,17485,0
FINNIFTY31JUL2526700PE.NFO,2025-07-09,09:46:00,2025-07-31,190.75,190.75,187.75,187.9,195,17745,0
FINNIFTY31JUL2526700PE.NFO,2025-07-09,09:47:00,2025-07-31,187.9,187.9,187.9,187.9,0,17745,0
FINNIFTY31JUL2526700PE.NFO,2025-07-09,09:48:00,2025-07-31,187.9,187.9,187.9,187.9,0,17745,0
FINNIFTY31JUL2526700PE.NFO,2025-07-09,09:49:00,2025-07-31,187.9,187.9,187.9,187.9,0,17745,0
FINNIFTY31JUL2526700PE.NFO,2025-07-09,09:50:00,2025-07-31,187.9,187.9,187.9,187.9,0,17745,0
FINNIFTY31JUL2526700PE.NFO,2025-07-09,09:51:00,2025-07-31,187.9,187.9,187.9,187.9,0,17745,0
FINNIFTY31JUL2526700PE.NFO,2025-07-09,09:52:00,2025-07-31,187.9,187.9,187.9,187.9,0,17745,0
FINNIFTY31JUL2526700PE.NFO,2025-07-09,09:53:00,2025-07-31,187.9,187.9,183.4,183.4,65,17940,0
FINNIFTY31JUL2526700PE.NFO,2025-07-09,09:54:00,2025-07-31,183.4,183.85,183.4,183.85,65,17875,0
FINNIFTY31JUL2526700PE.NFO,2025-07-09,09:55:00,2025-07-31,183.85,183.85,183.85,183.85,0,17875,0
FINNIFTY31JUL2526700PE.NFO,2025-07-09,09:56:00,2025-07-31,183.85,183.85,180.4,180.4,260,17875,0
FINNIFTY31JUL2526700PE.NFO,2025-07-09,09:57:00,2025-07-31,180.4,180.4,180.4,180.4,0,17875,0
FINNIFTY31JUL2526700PE.NFO,2025-07-09,09:58:00,2025-07-31,180.4,180.4,180.4,180.4,0,17875,0
FINNIFTY31JUL2526700PE.NFO,2025-07-09,09:59:00,2025-07-31,180.4,180.4,180.4,180.4,0,17875,0
FINNIFTY31JUL2526700PE.NFO,2025-07-09,10:00:00,2025-07-31,180.4,180.4,175.75,175.75,65,18070,0
FINNIFTY31JUL2526700PE.NFO,2025-07-09,10:01:00,2025-07-31,175.75,175.75,175.75,175.75,0,18070,0
FINNIFTY31JUL2526700PE.NFO,2025-07-09,10:02:00,2025-07-31,175.75,175.75,175.75,175.75,0,18070,0
FINNIFTY31JUL2526700PE.NFO,2025-07-09,10:03:00,2025-07-31,175.75,175.75,175.75,175.75,0,18070,0
FINNIFTY31JUL2526700PE.NFO,2025-07-09,10:04:00,2025-07-31,175.75,175.75,175.75,175.75,0,18070,0
FINNIFTY31JUL2526700PE.NFO,2025-07-09,10:05:00,2025-07-31,175.75,175.75,175.75,175.75,0,18070,0
FINNIFTY31JUL2526700PE.NFO,2025-07-09,10:06:00,2025-07-31,175.75,175.75,175.75,175.75,0,18070,0
FINNIFTY31JUL2526700PE.NFO,2025-07-09,10:07:00,2025-07-31,175.75,175.75,175.3,175.3,260,18070,0
FINNIFTY31JUL2526700PE.NFO,2025-07-09,10:08:00,2025-07-31,175.3,175.3,175.3,175.3,0,18070,0
FINNIFTY31JUL2526700PE.NFO,2025-07-09,10:09:00,2025-07-31,175.3,175.3,175.3,175.3,0,18070,0
FINNIFTY31JUL2526700PE.NFO,2025-07-09,10:10:00,2025-07-31,175.3,175.3,168.4,168.4,260,17940,0
FINNIFTY31JUL2526700PE.NFO,2025-07-09,10:11:00,2025-07-31,168.4,169.35,168.4,169.35,65,17940,0
FINNIFTY31JUL2526700PE.NFO,2025-07-09,10:12:00,2025-07-31,169.35,169.35,169.35,169.35,0,17940,0
FINNIFTY31JUL2526700PE.NFO,2025-07-09,10:13:00,2025-07-31,169.35,169.35,169.0,169.0,65,18070,0
FINNIFTY31JUL2526700PE.NFO,2025-07-09,10:14:00,2025-07-31,169.0,169.0,169.0,169.0,0,18070,0
FINNIFTY31JUL2526700PE.NFO,2025-07-09,10:15:00,2025-07-31,169.0,169.0,165.75,168.1,1170,18070,0
FINNIFTY31JUL2526700PE.NFO,2025-07-09,10:16:00,2025-07-31,168.1,169.5,168.1,169.5,65,18655,0
FINNIFTY31JUL2526700PE.NFO,2025-07-09,10:17:00,2025-07-31,169.5,169.5,169.5,169.5,0,18655,0
FINNIFTY31JUL2526700PE.NFO,2025-07-09,10:18:00,2025-07-31,169.5,169.5,168.9,168.9,65,18655,0
FINNIFTY31JUL2526700PE.NFO,2025-07-09,10:19:00,2025-07-31,168.9,169.0,167.0,167.0,130,18655,0
FINNIFTY31JUL2526700PE.NFO,2025-07-09,10:20:00,2025-07-31,167.0,167.0,167.0,167.0,0,18655,0
FINNIFTY31JUL2526700PE.NFO,2025-07-09,10:21:00,2025-07-31,167.0,167.0,167.0,167.0,0,18655,0
FINNIFTY31JUL2526700PE.NFO,2025-07-09,10:22:00,2025-07-31,167.0,167.0,167.0,167.0,65,18720,0
FINNIFTY31JUL2526700PE.NFO,2025-07-09,10:23:00,2025-07-31,167.0,167.4,167.0,167.4,65,18720,0
FINNIFTY31JUL2526700PE.NFO,2025-07-09,10:24:00,2025-07-31,167.4,167.4,167.4,167.4,0,18720,0
FINNIFTY31JUL2526700PE.NFO,2025-07-09,10:25:00,2025-07-31,167.4,167.4,167.4,167.4,0,18720,0
FINNIFTY31JUL2526700PE.NFO,2025-07-09,10:26:00,2025-07-31,167.4,167.4,167.4,167.4,0,18720,0
FINNIFTY31JUL2526700PE.NFO,2025-07-09,10:27:00,2025-07-31,167.4,167.4,167.4,167.4,0,18720,0
FINNIFTY31JUL2526700PE.NFO,2025-07-09,10:28:00,2025-07-31,167.4,167.85,167.4,167.85,65,18720,0
FINNIFTY31JUL2526700PE.NFO,2025-07-09,10:29:00,2025-07-31,167.85,167.85,167.85,167.85,0,18720,0
FINNIFTY31JUL2526700PE.NFO,2025-07-09,10:30:00,2025-07-31,167.85,169.6,167.85,167.85,195,18720,0
FINNIFTY31JUL2526700PE.NFO,2025-07-09,10:31:00,2025-07-31,167.85,167.85,166.9,166.9,65,18850,0
FINNIFTY31JUL2526700PE.NFO,2025-07-09,10:32:00,2025-07-31,166.9,166.9,166.9,166.9,0,18850,0
FINNIFTY31JUL2526700PE.NFO,2025-07-09,10:33:00,2025-07-31,166.9,166.9,166.9,166.9,0,18850,0
FINNIFTY31JUL2526700PE.NFO,2025-07-09,10:34:00,2025-07-31,166.9,166.9,166.9,166.9,0,18850,0
FINNIFTY31JUL2526700PE.NFO,2025-07-09,10:35:00,2025-07-31,166.9,166.9,166.9,166.9,0,18850,0
FINNIFTY31JUL2526700PE.NFO,2025-07-09,10:36:00,2025-07-31,166.9,166.9,166.9,166.9,0,18850,0
FINNIFTY31JUL2526700PE.NFO,2025-07-09,10:37:00,2025-07-31,166.9,166.9,166.9,166.9,0,18850,0
FINNIFTY31JUL2526700PE.NFO,2025-07-09,10:38:00,2025-07-31,166.9,166.9,166.9,166.9,0,18850,0
FINNIFTY31JUL2526700PE.NFO,2025-07-09,10:39:00,2025-07-31,166.9,166.9,166.9,166.9,0,18850,0
FINNIFTY31JUL2526700PE.NFO,2025-07-09,10:40:00,2025-07-31,166.9,168.9,166.9,168.9,65,18785,0
FINNIFTY31JUL2526700PE.NFO,2025-07-09,10:41:00,2025-07-31,168.9,168.9,168.9,168.9,0,18785,0
FINNIFTY31JUL2526700PE.NFO,2025-07-09,10:42:00,2025-07-31,168.9,168.9,168.9,168.9,0,18785,0
FINNIFTY31JUL2526700PE.NFO,2025-07-09,10:43:00,2025-07-31,168.9,168.9,165.5,165.5,65,18850,0
FINNIFTY31JUL2526700PE.NFO,2025-07-09,10:44:00,2025-07-31,165.5,166.0,165.5,166.0,65,18850,0
FINNIFTY31JUL2526700PE.NFO,2025-07-09,10:45:00,2025-07-31,166.0,166.0,165.0,165.0,65,18850,0
FINNIFTY31JUL2526700PE.NFO,2025-07-09,10:46:00,2025-07-31,165.0,165.0,165.0,165.0,0,18850,0
FINNIFTY31JUL2526700PE.NFO,2025-07-09,10:47:00,2025-07-31,165.0,165.9,165.0,165.9,130,18980,0
FINNIFTY31JUL2526700PE.NFO,2025-07-09,10:48:00,2025-07-31,165.9,165.9,165.9,165.9,0,18980,0
FINNIFTY31JUL2526700PE.NFO,2025-07-09,10:49:00,2025-07-31,165.9,166.0,164.55,164.55,3445,18980,0
FINNIFTY31JUL2526700PE.NFO,2025-07-09,10:50:00,2025-07-31,164.55,164.55,163.0,163.0,2990,18980,0
FINNIFTY31JUL2526700PE.NFO,2025-07-09,10:51:00,2025-07-31,163.0,163.05,160.0,160.0,2730,19760,0
FINNIFTY31JUL2526700PE.NFO,2025-07-09,10:52:00,2025-07-31,160.0,163.85,160.0,163.85,65,19760,0
FINNIFTY31JUL2526700PE.NFO,2025-07-09,10:53:00,2025-07-31,163.85,166.05,163.85,166.05,65,19760,0
FINNIFTY31JUL2526700PE.NFO,2025-07-09,10:54:00,2025-07-31,166.05,167.0,166.05,167.0,65,21515,0
FINNIFTY31JUL2526700PE.NFO,2025-07-09,10:55:00,2025-07-31,167.0,167.0,167.0,167.0,0,21515,0
FINNIFTY31JUL2526700PE.NFO,2025-07-09,10:56:00,2025-07-31,167.0,167.0,167.0,167.0,0,21515,0
FINNIFTY31JUL2526700PE.NFO,2025-07-09,10:57:00,2025-07-31,167.0,167.0,166.2,166.2,65,21515,0
FINNIFTY31JUL2526700PE.NFO,2025-07-09,10:58:00,2025-07-31,166.2,166.2,166.2,166.2,0,21515,0
FINNIFTY31JUL2526700PE.NFO,2025-07-09,10:59:00,2025-07-31,166.2,167.0,166.2,167.0,130,21515,0
FINNIFTY31JUL2526700PE.NFO,2025-07-09,11:00:00,2025-07-31,167.0,167.0,167.0,167.0,0,21515,0
FINNIFTY31JUL2526700PE.NFO,2025-07-09,11:01:00,2025-07-31,167.0,167.0,167.0,167.0,0,21515,0
FINNIFTY31JUL2526700PE.NFO,2025-07-09,11:02:00,2025-07-31,167.0,167.0,167.0,167.0,0,21515,0
FINNIFTY31JUL2526700PE.NFO,2025-07-09,11:03:00,2025-07-31,167.0,167.0,167.0,167.0,0,21515,0
FINNIFTY31JUL2526700PE.NFO,2025-07-09,11:04:00,2025-07-31,167.0,167.0,167.0,167.0,0,21515,0
FINNIFTY31JUL2526700PE.NFO,2025-07-09,11:05:00,2025-07-31,167.0,167.0,167.0,167.0,0,21515,0
FINNIFTY31JUL2526700PE.NFO,2025-07-09,11:06:00,2025-07-31,167.0,167.0,167.0,167.0,0,21515,0
FINNIFTY31JUL2526700PE.NFO,2025-07-09,11:07:00,2025-07-31,167.0,167.0,167.0,167.0,0,21515,0
FINNIFTY31JUL2526700PE.NFO,2025-07-09,11:08:00,2025-07-31,167.0,167.0,167.0,167.0,0,21515,0
FINNIFTY31JUL2526700PE.NFO,2025-07-09,11:09:00,2025-07-31,167.0,167.0,167.0,167.0,0,21515,0
FINNIFTY31JUL2526700PE.NFO,2025-07-09,11:10:00,2025-07-31,167.0,167.0,167.0,167.0,0,21515,0
FINNIFTY31JUL2526700PE.NFO,2025-07-09,11:11:00,2025-07-31,167.0,167.0,167.0,167.0,0,21515,0
FINNIFTY31JUL2526700PE.NFO,2025-07-09,11:12:00,2025-07-31,167.0,167.0,162.0,162.0,65,21515,0
FINNIFTY31JUL2526700PE.NFO,2025-07-09,11:13:00,2025-07-31,162.0,162.0,161.0,161.0,715,21515,0
FINNIFTY31JUL2526700PE.NFO,2025-07-09,11:14:00,2025-07-31,161.0,161.0,158.9,158.9,260,21515,0
FINNIFTY31JUL2526700PE.NFO,2025-07-09,11:15:00,2025-07-31,158.9,158.9,155.05,158.25,1495,21515,0
FINNIFTY31JUL2526700PE.NFO,2025-07-09,11:16:00,2025-07-31,159.35,160.55,159.35,160.55,260,21645,0
FINNIFTY31JUL2526700PE.NFO,2025-07-09,11:17:00,2025-07-31,160.55,160.55,160.5,160.5,65,21645,0
FINNIFTY31JUL2526700PE.NFO,2025-07-09,11:18:00,2025-07-31,160.5,161.9,160.5,161.9,65,21645,0
FINNIFTY31JUL2526700PE.NFO,2025-07-09,11:19:00,2025-07-31,161.9,161.9,161.9,161.9,0,21645,0
FINNIFTY31JUL2526700PE.NFO,2025-07-09,11:20:00,2025-07-31,161.9,161.9,161.9,161.9,0,21645,0
FINNIFTY31JUL2526700PE.NFO,2025-07-09,11:21:00,2025-07-31,161.9,163.9,161.9,163.9,65,21645,0
FINNIFTY31JUL2526700PE.NFO,2025-07-09,11:22:00,2025-07-31,163.9,163.9,163.9,163.9,0,21645,0
FINNIFTY31JUL2526700PE.NFO,2025-07-09,11:23:00,2025-07-31,163.9,163.9,163.9,163.9,0,21645,0
FINNIFTY31JUL2526700PE.NFO,2025-07-09,11:24:00,2025-07-31,163.9,163.9,163.9,163.9,0,21645,0
FINNIFTY31JUL2526700PE.NFO,2025-07-09,11:25:00,2025-07-31,163.9,163.9,163.9,163.9,0,21645,0
FINNIFTY31JUL2526700PE.NFO,2025-07-09,11:26:00,2025-07-31,163.9,163.9,163.9,163.9,0,21645,0
FINNIFTY31JUL2526700PE.NFO,2025-07-09,11:27:00,2025-07-31,163.9,163.9,162.85,162.85,65,21450,0
FINNIFTY31JUL2526700PE.NFO,2025-07-09,11:28:00,2025-07-31,162.85,162.85,160.9,160.9,65,21450,0
FINNIFTY31JUL2526700PE.NFO,2025-07-09,11:29:00,2025-07-31,160.9,160.9,160.9,160.9,0,21450,0
FINNIFTY31JUL2526700PE.NFO,2025-07-09,11:30:00,2025-07-31,160.9,160.9,160.9,160.9,0,21450,0
FINNIFTY31JUL2526700PE.NFO,2025-07-09,11:31:00,2025-07-31,160.9,160.9,160.9,160.9,0,21450,0
FINNIFTY31JUL2526700PE.NFO,2025-07-09,11:32:00,2025-07-31,160.9,160.9,160.9,160.9,0,21450,0
FINNIFTY31JUL2526700PE.NFO,2025-07-09,11:33:00,2025-07-31,160.9,160.9,160.9,160.9,0,21450,0
FINNIFTY31JUL2526700PE.NFO,2025-07-09,11:34:00,2025-07-31,160.9,160.9,160.9,160.9,0,21450,0
FINNIFTY31JUL2526700PE.NFO,2025-07-09,11:35:00,2025-07-31,160.9,160.9,160.9,160.9,0,21450,0
FINNIFTY31JUL2526700PE.NFO,2025-07-09,11:36:00,2025-07-31,160.9,160.9,160.9,160.9,0,21450,0
FINNIFTY31JUL2526700PE.NFO,2025-07-09,11:37:00,2025-07-31,160.9,160.9,160.9,160.9,0,21450,0
FINNIFTY31JUL2526700PE.NFO,2025-07-09,11:38:00,2025-07-31,160.9,160.9,160.9,160.9,0,21450,0
FINNIFTY31JUL2526700PE.NFO,2025-07-09,11:39:00,2025-07-31,160.9,160.9,160.9,160.9,0,21450,0
FINNIFTY31JUL2526700PE.NFO,2025-07-09,11:40:00,2025-07-31,160.9,160.9,160.9,160.9,0,21450,0
FINNIFTY31JUL2526700PE.NFO,2025-07-09,11:41:00,2025-07-31,160.9,160.9,160.9,160.9,0,21450,0
FINNIFTY31JUL2526700PE.NFO,2025-07-09,11:42:00,2025-07-31,160.9,160.9,160.9,160.9,0,21450,0
FINNIFTY31JUL2526700PE.NFO,2025-07-09,11:43:00,2025-07-31,160.9,160.9,160.9,160.9,0,21450,0
FINNIFTY31JUL2526700PE.NFO,2025-07-09,11:44:00,2025-07-31,160.9,160.9,160.9,160.9,0,21450,0
FINNIFTY31JUL2526700PE.NFO,2025-07-09,11:45:00,2025-07-31,160.9,160.9,160.9,160.9,0,21450,0
FINNIFTY31JUL2526700PE.NFO,2025-07-09,11:46:00,2025-07-31,160.9,160.9,160.9,160.9,0,21450,0
FINNIFTY31JUL2526700PE.NFO,2025-07-09,11:47:00,2025-07-31,160.9,160.9,160.9,160.9,0,21450,0
FINNIFTY31JUL2526700PE.NFO,2025-07-09,11:48:00,2025-07-31,160.9,160.9,160.9,160.9,0,21450,0
FINNIFTY31JUL2526700PE.NFO,2025-07-09,11:49:00,2025-07-31,160.9,160.9,160.9,160.9,0,21450,0
FINNIFTY31JUL2526700PE.NFO,2025-07-09,11:50:00,2025-07-31,160.9,160.9,160.9,160.9,0,21450,0
FINNIFTY31JUL2526700PE.NFO,2025-07-09,11:51:00,2025-07-31,160.9,160.9,160.9,160.9,0,21450,0
FINNIFTY31JUL2526700PE.NFO,2025-07-09,11:52:00,2025-07-31,160.9,160.9,160.9,160.9,0,21450,0
FINNIFTY31JUL2526700PE.NFO,2025-07-09,11:53:00,2025-07-31,160.9,160.9,160.9,160.9,0,21450,0
FINNIFTY31JUL2526700PE.NFO,2025-07-09,11:54:00,2025-07-31,160.9,160.9,160.9,160.9,0,21450,0
FINNIFTY31JUL2526700PE.NFO,2025-07-09,11:55:00,2025-07-31,160.9,160.9,160.9,160.9,0,21450,0
FINNIFTY31JUL2526700PE.NFO,2025-07-09,11:56:00,2025-07-31,160.9,160.9,160.9,160.9,0,21450,0
FINNIFTY31JUL2526700PE.NFO,2025-07-09,11:57:00,2025-07-31,160.9,160.9,160.9,160.9,0,21450,0
FINNIFTY31JUL2526700PE.NFO,2025-07-09,11:58:00,2025-07-31,160.9,160.9,160.9,160.9,0,21450,0
FINNIFTY31JUL2526700PE.NFO,2025-07-09,11:59:00,2025-07-31,160.9,160.9,160.9,160.9,0,21450,0
FINNIFTY31JUL2526700PE.NFO,2025-07-09,12:00:00,2025-07-31,160.9,160.9,160.9,160.9,0,21450,0
FINNIFTY31JUL2526700PE.NFO,2025-07-09,12:01:00,2025-07-31,160.9,167.45,160.9,167.45,65,21385,0
FINNIFTY31JUL2526700PE.NFO,2025-07-09,12:02:00,2025-07-31,167.45,167.45,167.45,167.45,0,21385,0
FINNIFTY31JUL2526700PE.NFO,2025-07-09,12:03:00,2025-07-31,167.45,167.45,167.45,167.45,0,21385,0
FINNIFTY31JUL2526700PE.NFO,2025-07-09,12:04:00,2025-07-31,167.45,167.45,167.45,167.45,0,21385,0
FINNIFTY31JUL2526700PE.NFO,2025-07-09,12:05:00,2025-07-31,167.45,167.45,167.45,167.45,0,21385,0
FINNIFTY31JUL2526700PE.NFO,2025-07-09,12:06:00,2025-07-31,167.45,167.45,165.75,165.75,65,21385,0
FINNIFTY31JUL2526700PE.NFO,2025-07-09,12:07:00,2025-07-31,165.75,165.75,165.75,165.75,0,21385,0
FINNIFTY31JUL2526700PE.NFO,2025-07-09,12:08:00,2025-07-31,165.75,165.75,165.75,165.75,0,21385,0
FINNIFTY31JUL2526700PE.NFO,2025-07-09,12:09:00,2025-07-31,165.75,165.75,165.75,165.75,0,21385,0
FINNIFTY31JUL2526700PE.NFO,2025-07-09,12:10:00,2025-07-31,165.75,165.75,165.75,165.75,0,21385,0
FINNIFTY31JUL2526700PE.NFO,2025-07-09,12:11:00,2025-07-31,165.75,165.75,165.75,165.75,0,21385,0
FINNIFTY31JUL2526700PE.NFO,2025-07-09,12:12:00,2025-07-31,165.75,165.75,165.75,165.75,0,21385,0
FINNIFTY31JUL2526700PE.NFO,2025-07-09,12:13:00,2025-07-31,165.75,165.75,165.75,165.75,0,21385,0
FINNIFTY31JUL2526700PE.NFO,2025-07-09,12:14:00,2025-07-31,165.75,165.75,159.4,161.25,195,21385,0
FINNIFTY31JUL2526700PE.NFO,2025-07-09,12:15:00,2025-07-31,161.25,161.25,161.25,161.25,0,21385,0
FINNIFTY31JUL2526700PE.NFO,2025-07-09,12:16:00,2025-07-31,161.25,161.25,161.25,161.25,0,21385,0
FINNIFTY31JUL2526700PE.NFO,2025-07-09,12:17:00,2025-07-31,161.25,161.25,161.25,161.25,0,21385,0
FINNIFTY31JUL2526700PE.NFO,2025-07-09,12:18:00,2025-07-31,161.25,161.25,161.25,161.25,0,21385,0
FINNIFTY31JUL2526700PE.NFO,2025-07-09,12:19:00,2025-07-31,161.25,161.25,161.25,161.25,0,21385,0
FINNIFTY31JUL2526700PE.NFO,2025-07-09,12:20:00,2025-07-31,161.25,161.25,161.25,161.25,0,21385,0
FINNIFTY31JUL2526700PE.NFO,2025-07-09,12:21:00,2025-07-31,161.25,161.25,161.25,161.25,0,21385,0
FINNIFTY31JUL2526700PE.NFO,2025-07-09,12:22:00,2025-07-31,161.25,161.25,161.25,161.25,0,21385,0
FINNIFTY31JUL2526700PE.NFO,2025-07-09,12:23:00,2025-07-31,161.25,161.25,161.25,161.25,0,21385,0
FINNIFTY31JUL2526700PE.NFO,2025-07-09,12:24:00,2025-07-31,161.25,161.25,159.8,159.8,65,21320,0
FINNIFTY31JUL2526700PE.NFO,2025-07-09,12:25:00,2025-07-31,159.8,159.8,158.2,158.2,130,21320,0
FINNIFTY31JUL2526700PE.NFO,2025-07-09,12:26:00,2025-07-31,158.2,158.2,158.2,158.2,0,21320,0
FINNIFTY31JUL2526700PE.NFO,2025-07-09,12:27:00,2025-07-31,158.2,158.2,158.2,158.2,0,21320,0
FINNIFTY31JUL2526700PE.NFO,2025-07-09,12:28:00,2025-07-31,158.2,158.2,158.2,158.2,0,21320,0
FINNIFTY31JUL2526700PE.NFO,2025-07-09,12:29:00,2025-07-31,158.2,158.2,158.2,158.2,0,21320,0
FINNIFTY31JUL2526700PE.NFO,2025-07-09,12:30:00,2025-07-31,158.2,158.2,157.95,157.95,130,21255,0
FINNIFTY31JUL2526700PE.NFO,2025-07-09,12:31:00,2025-07-31,157.95,157.95,157.95,157.95,0,21255,0
FINNIFTY31JUL2526700PE.NFO,2025-07-09,12:32:00,2025-07-31,157.95,157.95,157.95,157.95,0,21255,0
FINNIFTY31JUL2526700PE.NFO,2025-07-09,12:33:00,2025-07-31,157.95,157.95,157.95,157.95,0,21255,0
FINNIFTY31JUL2526700PE.NFO,2025-07-09,12:34:00,2025-07-31,157.95,157.95,157.95,157.95,0,21255,0
FINNIFTY31JUL2526700PE.NFO,2025-07-09,12:35:00,2025-07-31,157.95,157.95,157.95,157.95,0,21255,0
FINNIFTY31JUL2526700PE.NFO,2025-07-09,12:36:00,2025-07-31,157.95,157.95,157.95,157.95,0,21255,0
FINNIFTY31JUL2526700PE.NFO,2025-07-09,12:37:00,2025-07-31,157.95,157.95,157.95,157.95,0,21255,0
FINNIFTY31JUL2526700PE.NFO,2025-07-09,12:38:00,2025-07-31,157.95,157.95,157.95,157.95,0,21255,0
FINNIFTY31JUL2526700PE.NFO,2025-07-09,12:39:00,2025-07-31,157.95,157.95,156.9,156.95,195,21125,0
FINNIFTY31JUL2526700PE.NFO,2025-07-09,12:40:00,2025-07-31,156.95,157.35,156.4,156.4,1040,21255,0
FINNIFTY31JUL2526700PE.NFO,2025-07-09,12:41:00,2025-07-31,156.4,156.4,156.4,156.4,0,21255,0
FINNIFTY31JUL2526700PE.NFO,2025-07-09,12:42:00,2025-07-31,156.4,156.4,156.4,156.4,0,21255,0
FINNIFTY31JUL2526700PE.NFO,2025-07-09,12:43:00,2025-07-31,156.4,160.1,156.4,160.1,195,20800,0
FINNIFTY31JUL2526700PE.NFO,2025-07-09,12:44:00,2025-07-31,160.1,160.1,160.05,160.05,65,20800,0
FINNIFTY31JUL2526700PE.NFO,2025-07-09,12:45:00,2025-07-31,160.05,160.05,160.05,160.05,0,20800,0
FINNIFTY31JUL2526700PE.NFO,2025-07-09,12:46:00,2025-07-31,160.05,160.05,160.05,160.05,0,20800,0
FINNIFTY31JUL2526700PE.NFO,2025-07-09,12:47:00,2025-07-31,160.05,160.05,160.05,160.05,0,20800,0
FINNIFTY31JUL2526700PE.NFO,2025-07-09,12:48:00,2025-07-31,160.05,160.05,155.25,155.25,195,20670,0
FINNIFTY31JUL2526700PE.NFO,2025-07-09,12:49:00,2025-07-31,155.25,155.25,155.25,155.25,0,20670,0
FINNIFTY31JUL2526700PE.NFO,2025-07-09,12:50:00,2025-07-31,155.25,155.6,155.25,155.6,65,20605,0
FINNIFTY31JUL2526700PE.NFO,2025-07-09,12:51:00,2025-07-31,155.6,155.6,155.6,155.6,0,20605,0
FINNIFTY31JUL2526700PE.NFO,2025-07-09,12:52:00,2025-07-31,155.6,155.6,155.6,155.6,0,20605,0
FINNIFTY31JUL2526700PE.NFO,2025-07-09,12:53:00,2025-07-31,155.6,155.6,155.6,155.6,0,20605,0
FINNIFTY31JUL2526700PE.NFO,2025-07-09,12:54:00,2025-07-31,155.6,155.6,155.6,155.6,0,20605,0
FINNIFTY31JUL2526700PE.NFO,2025-07-09,12:55:00,2025-07-31,155.6,155.6,155.6,155.6,0,20605,0
FINNIFTY31JUL2526700PE.NFO,2025-07-09,12:56:00,2025-07-31,155.6,155.6,155.6,155.6,0,20605,0
FINNIFTY31JUL2526700PE.NFO,2025-07-09,12:57:00,2025-07-31,155.6,155.6,155.6,155.6,0,20605,0
FINNIFTY31JUL2526700PE.NFO,2025-07-09,12:58:00,2025-07-31,155.6,155.6,155.6,155.6,0,20605,0
FINNIFTY31JUL2526700PE.NFO,2025-07-09,12:59:00,2025-07-31,155.6,155.6,155.6,155.6,0,20605,0
FINNIFTY31JUL2526700PE.NFO,2025-07-09,13:00:00,2025-07-31,155.6,155.6,155.6,155.6,0,20605,0
FINNIFTY31JUL2526700PE.NFO,2025-07-09,13:01:00,2025-07-31,155.6,155.6,155.6,155.6,0,20605,0
FINNIFTY31JUL2526700PE.NFO,2025-07-09,13:02:00,2025-07-31,155.6,155.6,155.6,155.6,0,20605,0
FINNIFTY31JUL2526700PE.NFO,2025-07-09,13:03:00,2025-07-31,155.6,156.6,155.6,156.6,65,20605,0
FINNIFTY31JUL2526700PE.NFO,2025-07-09,13:04:00,2025-07-31,156.6,160.5,156.6,160.45,195,20605,0
FINNIFTY31JUL2526700PE.NFO,2025-07-09,13:05:00,2025-07-31,160.45,160.45,160.3,160.3,65,20605,0
FINNIFTY31JUL2526700PE.NFO,2025-07-09,13:06:00,2025-07-31,160.3,160.3,160.3,160.3,0,20605,0
FINNIFTY31JUL2526700PE.NFO,2025-07-09,13:07:00,2025-07-31,160.3,160.3,160.3,160.3,0,20605,0
FINNIFTY31JUL2526700PE.NFO,2025-07-09,13:08:00,2025-07-31,160.3,160.3,160.3,160.3,0,20605,0
FINNIFTY31JUL2526700PE.NFO,2025-07-09,13:09:00,2025-07-31,160.3,160.3,160.3,160.3,0,20605,0
FINNIFTY31JUL2526700PE.NFO,2025-07-09,13:10:00,2025-07-31,160.3,160.3,160.3,160.3,0,20605,0
FINNIFTY31JUL2526700PE.NFO,2025-07-09,13:11:00,2025-07-31,160.3,160.3,156.25,156.25,65,20540,0
FINNIFTY31JUL2526700PE.NFO,2025-07-09,13:12:00,2025-07-31,156.25,156.25,156.25,156.25,0,20540,0
FINNIFTY31JUL2526700PE.NFO,2025-07-09,13:13:00,2025-07-31,156.25,156.25,156.25,156.25,0,20540,0
FINNIFTY31JUL2526700PE.NFO,2025-07-09,13:14:00,2025-07-31,156.25,156.25,156.25,156.25,0,20540,0
FINNIFTY31JUL2526700PE.NFO,2025-07-09,13:15:00,2025-07-31,156.25,156.25,156.25,156.25,0,20540,0
FINNIFTY31JUL2526700PE.NFO,2025-07-09,13:16:00,2025-07-31,156.25,156.25,156.25,156.25,65,20540,0
FINNIFTY31JUL2526700PE.NFO,2025-07-09,13:17:00,2025-07-31,156.25,156.25,156.25,156.25,0,20540,0
FINNIFTY31JUL2526700PE.NFO,2025-07-09,13:18:00,2025-07-31,156.25,156.25,156.25,156.25,0,20540,0
FINNIFTY31JUL2526700PE.NFO,2025-07-09,13:19:00,2025-07-31,156.25,156.25,156.25,156.25,0,20540,0
FINNIFTY31JUL2526700PE.NFO,2025-07-09,13:20:00,2025-07-31,156.25,156.25,156.25,156.25,0,20540,0
FINNIFTY31JUL2526700PE.NFO,2025-07-09,13:21:00,2025-07-31,156.25,156.25,156.25,156.25,0,20540,0
FINNIFTY31JUL2526700PE.NFO,2025-07-09,13:22:00,2025-07-31,156.25,156.25,155.0,155.0,65,20605,0
FINNIFTY31JUL2526700PE.NFO,2025-07-09,13:23:00,2025-07-31,155.0,155.0,155.0,155.0,0,20605,0
FINNIFTY31JUL2526700PE.NFO,2025-07-09,13:24:00,2025-07-31,155.0,155.0,155.0,155.0,0,20605,0
FINNIFTY31JUL2526700PE.NFO,2025-07-09,13:25:00,2025-07-31,155.0,155.0,155.0,155.0,0,20605,0
FINNIFTY31JUL2526700PE.NFO,2025-07-09,13:26:00,2025-07-31,155.0,155.0,155.0,155.0,0,20605,0
FINNIFTY31JUL2526700PE.NFO,2025-07-09,13:27:00,2025-07-31,155.0,155.0,155.0,155.0,0,20605,0
FINNIFTY31JUL2526700PE.NFO,2025-07-09,13:28:00,2025-07-31,155.0,155.2,155.0,155.2,130,20670,0
FINNIFTY31JUL2526700PE.NFO,2025-07-09,13:29:00,2025-07-31,155.2,155.2,155.2,155.2,0,20670,0
FINNIFTY31JUL2526700PE.NFO,2025-07-09,13:30:00,2025-07-31,155.2,155.2,155.2,155.2,0,20670,0
FINNIFTY31JUL2526700PE.NFO,2025-07-09,13:31:00,2025-07-31,155.2,155.2,155.2,155.2,0,20670,0
FINNIFTY31JUL2526700PE.NFO,2025-07-09,13:32:00,2025-07-31,155.2,155.2,155.2,155.2,0,20670,0
FINNIFTY31JUL2526700PE.NFO,2025-07-09,13:33:00,2025-07-31,155.2,155.2,155.2,155.2,0,20670,0
FINNIFTY31JUL2526700PE.NFO,2025-07-09,13:34:00,2025-07-31,155.2,155.2,155.2,155.2,0,20670,0
FINNIFTY31JUL2526700PE.NFO,2025-07-09,13:35:00,2025-07-31,155.2,155.2,155.2,155.2,0,20670,0
FINNIFTY31JUL2526700PE.NFO,2025-07-09,13:36:00,2025-07-31,155.2,155.2,155.2,155.2,0,20670,0
FINNIFTY31JUL2526700PE.NFO,2025-07-09,13:37:00,2025-07-31,155.2,155.2,155.2,155.2,0,20670,0
FINNIFTY31JUL2526700PE.NFO,2025-07-09,13:38:00,2025-07-31,155.2,155.2,155.2,155.2,0,20670,0
FINNIFTY31JUL2526700PE.NFO,2025-07-09,13:39:00,2025-07-31,155.2,155.2,155.2,155.2,0,20670,0
FINNIFTY31JUL2526700PE.NFO,2025-07-09,13:40:00,2025-07-31,155.2,155.2,155.2,155.2,0,20670,0
FINNIFTY31JUL2526700PE.NFO,2025-07-09,13:41:00,2025-07-31,155.2,155.2,155.2,155.2,0,20670,0
FINNIFTY31JUL2526700PE.NFO,2025-07-09,13:42:00,2025-07-31,155.2,155.2,155.2,155.2,0,20670,0
FINNIFTY31JUL2526700PE.NFO,2025-07-09,13:43:00,2025-07-31,155.2,155.2,155.2,155.2,0,20670,0
FINNIFTY31JUL2526700PE.NFO,2025-07-09,13:44:00,2025-07-31,155.2,155.2,155.2,155.2,0,20670,0
FINNIFTY31JUL2526700PE.NFO,2025-07-09,13:45:00,2025-07-31,155.2,155.2,155.2,155.2,0,20670,0
FINNIFTY31JUL2526700PE.NFO,2025-07-09,13:46:00,2025-07-31,155.2,155.2,155.2,155.2,0,20670,0
FINNIFTY31JUL2526700PE.NFO,2025-07-09,13:47:00,2025-07-31,155.2,155.2,155.2,155.2,0,20670,0
FINNIFTY31JUL2526700PE.NFO,2025-07-09,13:48:00,2025-07-31,155.2,156.35,155.2,156.35,65,20735,0
FINNIFTY31JUL2526700PE.NFO,2025-07-09,13:49:00,2025-07-31,156.35,157.75,156.35,157.75,65,20735,0
FINNIFTY31JUL2526700PE.NFO,2025-07-09,13:50:00,2025-07-31,157.75,159.3,157.75,159.3,65,20735,0
FINNIFTY31JUL2526700PE.NFO,2025-07-09,13:51:00,2025-07-31,159.3,159.3,159.3,159.3,0,20735,0
FINNIFTY31JUL2526700PE.NFO,2025-07-09,13:52:00,2025-07-31,159.3,159.3,159.3,159.3,0,20735,0
FINNIFTY31JUL2526700PE.NFO,2025-07-09,13:53:00,2025-07-31,159.3,159.3,159.3,159.3,0,20735,0
FINNIFTY31JUL2526700PE.NFO,2025-07-09,13:54:00,2025-07-31,159.3,159.3,159.3,159.3,0,20735,0
FINNIFTY31JUL2526700PE.NFO,2025-07-09,13:55:00,2025-07-31,159.3,159.3,159.3,159.3,0,20735,0
FINNIFTY31JUL2526700PE.NFO,2025-07-09,13:56:00,2025-07-31,159.3,159.3,159.3,159.3,0,20735,0
FINNIFTY31JUL2526700PE.NFO,2025-07-09,13:57:00,2025-07-31,159.3,159.3,159.3,159.3,0,20735,0
FINNIFTY31JUL2526700PE.NFO,2025-07-09,13:58:00,2025-07-31,159.3,159.3,156.0,156.0,65,20670,0
FINNIFTY31JUL2526700PE.NFO,2025-07-09,13:59:00,2025-07-31,156.0,156.0,156.0,156.0,0,20670,0
FINNIFTY31JUL2526700PE.NFO,2025-07-09,14:00:00,2025-07-31,156.0,156.0,156.0,156.0,0,20670,0
FINNIFTY31JUL2526700PE.NFO,2025-07-09,14:01:00,2025-07-31,156.0,156.0,156.0,156.0,0,20670,0
FINNIFTY31JUL2526700PE.NFO,2025-07-09,14:02:00,2025-07-31,156.0,157.5,156.0,157.5,195,20735,0
FINNIFTY31JUL2526700PE.NFO,2025-07-09,14:03:00,2025-07-31,157.5,157.5,157.5,157.5,0,20735,0
FINNIFTY31JUL2526700PE.NFO,2025-07-09,14:04:00,2025-07-31,157.5,157.5,157.5,157.5,0,20735,0
FINNIFTY31JUL2526700PE.NFO,2025-07-09,14:05:00,2025-07-31,157.5,157.5,157.5,157.5,0,20735,0
FINNIFTY31JUL2526700PE.NFO,2025-07-09,14:06:00,2025-07-31,157.5,157.5,157.5,157.5,0,20735,0
FINNIFTY31JUL2526700PE.NFO,2025-07-09,14:07:00,2025-07-31,157.5,158.5,157.5,158.5,65,20670,0
FINNIFTY31JUL2526700PE.NFO,2025-07-09,14:08:00,2025-07-31,158.5,158.5,158.5,158.5,0,20670,0
FINNIFTY31JUL2526700PE.NFO,2025-07-09,14:09:00,2025-07-31,158.5,158.5,158.5,158.5,0,20670,0
FINNIFTY31JUL2526700PE.NFO,2025-07-09,14:10:00,2025-07-31,158.5,158.5,158.5,158.5,0,20670,0
FINNIFTY31JUL2526700PE.NFO,2025-07-09,14:11:00,2025-07-31,158.5,158.5,158.5,158.5,0,20670,0
FINNIFTY31JUL2526700PE.NFO,2025-07-09,14:12:00,2025-07-31,158.5,158.5,158.5,158.5,0,20670,0
FINNIFTY31JUL2526700PE.NFO,2025-07-09,14:13:00,2025-07-31,158.5,158.5,158.5,158.5,0,20670,0
FINNIFTY31JUL2526700PE.NFO,2025-07-09,14:14:00,2025-07-31,158.5,158.5,158.5,158.5,0,20670,0
FINNIFTY31JUL2526700PE.NFO,2025-07-09,14:15:00,2025-07-31,158.5,158.5,158.5,158.5,0,20670,0
FINNIFTY31JUL2526700PE.NFO,2025-07-09,14:16:00,2025-07-31,158.5,158.5,158.5,158.5,0,20670,0
FINNIFTY31JUL2526700PE.NFO,2025-07-09,14:17:00,2025-07-31,158.5,158.5,158.5,158.5,0,20670,0
FINNIFTY31JUL2526700PE.NFO,2025-07-09,14:18:00,2025-07-31,158.5,158.5,158.5,158.5,0,20670,0
FINNIFTY31JUL2526700PE.NFO,2025-07-09,14:19:00,2025-07-31,158.5,158.5,158.5,158.5,0,20670,0
FINNIFTY31JUL2526700PE.NFO,2025-07-09,14:20:00,2025-07-31,158.5,158.5,158.5,158.5,0,20670,0
FINNIFTY31JUL2526700PE.NFO,2025-07-09,14:21:00,2025-07-31,158.5,158.5,158.5,158.5,0,20670,0
FINNIFTY31JUL2526700PE.NFO,2025-07-09,14:22:00,2025-07-31,158.5,158.5,158.5,158.5,0,20670,0
FINNIFTY31JUL2526700PE.NFO,2025-07-09,14:23:00,2025-07-31,158.5,158.5,157.7,157.7,65,20605,0
FINNIFTY31JUL2526700PE.NFO,2025-07-09,14:24:00,2025-07-31,157.7,157.7,157.7,157.7,0,20605,0
FINNIFTY31JUL2526700PE.NFO,2025-07-09,14:25:00,2025-07-31,157.7,157.7,157.7,157.7,0,20605,0
FINNIFTY31JUL2526700PE.NFO,2025-07-09,14:26:00,2025-07-31,157.7,157.7,157.7,157.7,0,20605,0
FINNIFTY31JUL2526700PE.NFO,2025-07-09,14:27:00,2025-07-31,157.7,157.7,157.7,157.7,0,20605,0
FINNIFTY31JUL2526700PE.NFO,2025-07-09,14:28:00,2025-07-31,157.7,157.7,157.7,157.7,0,20605,0
FINNIFTY31JUL2526700PE.NFO,2025-07-09,14:29:00,2025-07-31,157.7,157.7,157.7,157.7,0,20605,0
FINNIFTY31JUL2526700PE.NFO,2025-07-09,14:30:00,2025-07-31,157.7,157.7,157.7,157.7,0,20605,0
FINNIFTY31JUL2526700PE.NFO,2025-07-09,14:31:00,2025-07-31,157.7,157.7,157.7,157.7,0,20605,0
FINNIFTY31JUL2526700PE.NFO,2025-07-09,14:32:00,2025-07-31,157.7,161.0,157.7,161.0,130,20540,0
FINNIFTY31JUL2526700PE.NFO,2025-07-09,14:33:00,2025-07-31,161.0,161.0,161.0,161.0,0,20540,0
FINNIFTY31JUL2526700PE.NFO,2025-07-09,14:34:00,2025-07-31,161.0,161.0,161.0,161.0,0,20540,0
FINNIFTY31JUL2526700PE.NFO,2025-07-09,14:35:00,2025-07-31,161.0,161.0,161.0,161.0,0,20540,0
FINNIFTY31JUL2526700PE.NFO,2025-07-09,14:36:00,2025-07-31,161.0,161.0,161.0,161.0,0,20540,0
FINNIFTY31JUL2526700PE.NFO,2025-07-09,14:37:00,2025-07-31,161.0,161.0,161.0,161.0,0,20540,0
FINNIFTY31JUL2526700PE.NFO,2025-07-09,14:38:00,2025-07-31,161.0,161.0,161.0,161.0,0,20540,0
FINNIFTY31JUL2526700PE.NFO,2025-07-09,14:39:00,2025-07-31,161.0,161.0,161.0,161.0,0,20540,0
FINNIFTY31JUL2526700PE.NFO,2025-07-09,14:40:00,2025-07-31,161.0,161.0,161.0,161.0,0,20540,0
FINNIFTY31JUL2526700PE.NFO,2025-07-09,14:41:00,2025-07-31,161.0,161.0,161.0,161.0,0,20540,0
FINNIFTY31JUL2526700PE.NFO,2025-07-09,14:42:00,2025-07-31,161.0,161.0,161.0,161.0,0,20540,0
FINNIFTY31JUL2526700PE.NFO,2025-07-09,14:43:00,2025-07-31,161.0,162.6,161.0,162.6,65,20540,0
FINNIFTY31JUL2526700PE.NFO,2025-07-09,14:44:00,2025-07-31,162.6,162.6,162.6,162.6,0,20540,0
FINNIFTY31JUL2526700PE.NFO,2025-07-09,14:45:00,2025-07-31,162.6,162.6,162.6,162.6,0,20540,0
FINNIFTY31JUL2526700PE.NFO,2025-07-09,14:46:00,2025-07-31,162.6,162.6,162.6,162.6,0,20540,0
FINNIFTY31JUL2526700PE.NFO,2025-07-09,14:47:00,2025-07-31,162.6,163.6,162.6,163.6,65,20540,0
FINNIFTY31JUL2526700PE.NFO,2025-07-09,14:48:00,2025-07-31,163.6,163.6,163.6,163.6,0,20540,0
FINNIFTY31JUL2526700PE.NFO,2025-07-09,14:49:00,2025-07-31,163.6,163.6,163.6,163.6,0,20540,0
FINNIFTY31JUL2526700PE.NFO,2025-07-09,14:50:00,2025-07-31,163.6,163.6,163.6,163.6,0,20540,0
FINNIFTY31JUL2526700PE.NFO,2025-07-09,14:51:00,2025-07-31,163.6,163.6,163.0,163.0,65,20605,0
FINNIFTY31JUL2526700PE.NFO,2025-07-09,14:52:00,2025-07-31,163.0,163.0,163.0,163.0,0,20605,0
FINNIFTY31JUL2526700PE.NFO,2025-07-09,14:53:00,2025-07-31,163.0,167.8,163.0,167.8,130,20670,0
FINNIFTY31JUL2526700PE.NFO,2025-07-09,14:54:00,2025-07-31,167.8,167.8,167.8,167.8,0,20670,0
FINNIFTY31JUL2526700PE.NFO,2025-07-09,14:55:00,2025-07-31,167.8,167.8,167.8,167.8,0,20670,0
FINNIFTY31JUL2526700PE.NFO,2025-07-09,14:56:00,2025-07-31,167.8,167.8,167.8,167.8,0,20670,0
FINNIFTY31JUL2526700PE.NFO,2025-07-09,14:57:00,2025-07-31,167.8,167.8,164.4,164.4,195,20605,0
FINNIFTY31JUL2526700PE.NFO,2025-07-09,14:58:00,2025-07-31,164.4,164.4,164.4,164.4,0,20605,0
FINNIFTY31JUL2526700PE.NFO,2025-07-09,14:59:00,2025-07-31,164.4,164.4,164.4,164.4,0,20605,0
FINNIFTY31JUL2526700PE.NFO,2025-07-09,15:00:00,2025-07-31,164.4,164.4,164.4,164.4,0,20605,0
FINNIFTY31JUL2526700PE.NFO,2025-07-09,15:01:00,2025-07-31,164.4,164.4,164.4,164.4,0,20605,0
FINNIFTY31JUL2526700PE.NFO,2025-07-09,15:02:00,2025-07-31,164.4,164.4,164.4,164.4,0,20605,0
FINNIFTY31JUL2526700PE.NFO,2025-07-09,15:03:00,2025-07-31,164.4,164.4,164.4,164.4,0,20605,0
FINNIFTY31JUL2526700PE.NFO,2025-07-09,15:04:00,2025-07-31,164.4,164.4,164.4,164.4,0,20605,0
FINNIFTY31JUL2526700PE.NFO,2025-07-09,15:05:00,2025-07-31,164.4,164.4,164.4,164.4,0,20605,0
FINNIFTY31JUL2526700PE.NFO,2025-07-09,15:06:00,2025-07-31,164.4,164.4,160.25,160.25,195,20605,0
FINNIFTY31JUL2526700PE.NFO,2025-07-09,15:07:00,2025-07-31,160.25,160.25,160.25,160.25,0,20605,0
FINNIFTY31JUL2526700PE.NFO,2025-07-09,15:08:00,2025-07-31,160.25,161.0,160.25,161.0,65,20670,0
FINNIFTY31JUL2526700PE.NFO,2025-07-09,15:09:00,2025-07-31,161.0,161.0,161.0,161.0,0,20670,0
FINNIFTY31JUL2526700PE.NFO,2025-07-09,15:10:00,2025-07-31,161.0,161.0,161.0,161.0,0,20670,0
FINNIFTY31JUL2526700PE.NFO,2025-07-09,15:11:00,2025-07-31,161.0,161.0,161.0,161.0,0,20670,0
FINNIFTY31JUL2526700PE.NFO,2025-07-09,15:12:00,2025-07-31,161.0,161.0,161.0,161.0,0,20670,0
FINNIFTY31JUL2526700PE.NFO,2025-07-09,15:13:00,2025-07-31,161.0,161.0,161.0,161.0,65,20735,0
FINNIFTY31JUL2526700PE.NFO,2025-07-09,15:14:00,2025-07-31,161.0,161.0,161.0,161.0,0,20735,0
FINNIFTY31JUL2526700PE.NFO,2025-07-09,15:15:00,2025-07-31,161.0,161.0,161.0,161.0,0,20735,0
FINNIFTY31JUL2526700PE.NFO,2025-07-09,15:16:00,2025-07-31,161.0,161.0,161.0,161.0,0,20735,0
FINNIFTY31JUL2526700PE.NFO,2025-07-09,15:17:00,2025-07-31,161.0,162.25,161.0,162.25,65,20670,0
FINNIFTY31JUL2526700PE.NFO,2025-07-09,15:18:00,2025-07-31,162.25,162.5,162.25,162.5,260,20670,0
FINNIFTY31JUL2526700PE.NFO,2025-07-09,15:19:00,2025-07-31,162.5,162.5,162.25,162.25,130,20670,0
FINNIFTY31JUL2526700PE.NFO,2025-07-09,15:20:00,2025-07-31,162.25,162.25,162.25,162.25,65,20670,0
FINNIFTY31JUL2526700PE.NFO,2025-07-09,15:21:00,2025-07-31,162.25,162.25,162.25,162.25,0,20670,0
FINNIFTY31JUL2526700PE.NFO,2025-07-09,15:22:00,2025-07-31,162.25,162.25,162.25,162.25,0,20670,0
FINNIFTY31JUL2526700PE.NFO,2025-07-09,15:23:00,2025-07-31,162.25,162.25,161.0,161.0,65,20670,0
FINNIFTY31JUL2526700PE.NFO,2025-07-09,15:24:00,2025-07-31,161.0,161.0,161.0,161.0,0,20670,0
FINNIFTY31JUL2526700PE.NFO,2025-07-09,15:25:00,2025-07-31,163.05,163.05,162.25,162.25,130,20670,0
FINNIFTY31JUL2526700PE.NFO,2025-07-09,15:26:00,2025-07-31,162.25,162.25,162.25,162.25,0,20670,0
FINNIFTY31JUL2526700PE.NFO,2025-07-09,15:27:00,2025-07-31,162.25,162.25,162.0,162.0,65,20605,0
FINNIFTY31JUL2526700PE.NFO,2025-07-09,15:28:00,2025-07-31,162.0,162.0,161.95,161.95,195,20605,0
FINNIFTY31JUL2526700PE.NFO,2025-07-09,15:29:00,2025-07-31,161.95,161.95,161.95,161.95,0,20605,0
FINNIFTY31JUL2526700PE.NFO,2025-07-09,15:30:00,2025-07-31,161.95,161.95,161.95,161.95,0,20605,1
FINNIFTY31JUL2526700PE.NFO,2025-07-10,09:15:00,2025-07-31,145.0,145.0,145.0,145.0,0,0,0
FINNIFTY31JUL2526700PE.NFO,2025-07-10,09:16:00,2025-07-31,145.0,145.0,145.0,145.0,0,0,1
FINNIFTY31JUL2526700PE.NFO,2025-07-10,09:17:00,2025-07-31,145.0,146.1,142.95,142.95,390,20540,0
FINNIFTY31JUL2526700PE.NFO,2025-07-10,09:18:00,2025-07-31,142.95,147.2,142.95,146.4,1170,20540,0
FINNIFTY31JUL2526700PE.NFO,2025-07-10,09:19:00,2025-07-31,146.4,146.4,146.4,146.4,0,20540,0
FINNIFTY31JUL2526700PE.NFO,2025-07-10,09:20:00,2025-07-31,146.4,146.4,146.4,146.4,0,20540,0
FINNIFTY31JUL2526700PE.NFO,2025-07-10,09:21:00,2025-07-31,146.4,146.4,146.4,146.4,0,20540,0
FINNIFTY31JUL2526700PE.NFO,2025-07-10,09:22:00,2025-07-31,146.4,146.4,146.4,146.4,0,20540,0
FINNIFTY31JUL2526700PE.NFO,2025-07-10,09:23:00,2025-07-31,146.4,146.4,146.4,146.4,0,20540,0
FINNIFTY31JUL2526700PE.NFO,2025-07-10,09:24:00,2025-07-31,146.4,149.3,146.4,149.3,130,20150,0
FINNIFTY31JUL2526700PE.NFO,2025-07-10,09:25:00,2025-07-31,149.3,150.75,149.3,150.75,65,20150,0
FINNIFTY31JUL2526700PE.NFO,2025-07-10,09:26:00,2025-07-31,150.75,150.75,147.9,147.9,130,20150,0
FINNIFTY31JUL2526700PE.NFO,2025-07-10,09:27:00,2025-07-31,147.9,150.0,147.9,150.0,65,19825,0
FINNIFTY31JUL2526700PE.NFO,2025-07-10,09:28:00,2025-07-31,150.0,150.0,150.0,150.0,0,19825,0
FINNIFTY31JUL2526700PE.NFO,2025-07-10,09:29:00,2025-07-31,150.0,150.0,150.0,150.0,65,19825,0
FINNIFTY31JUL2526700PE.NFO,2025-07-10,09:30:00,2025-07-31,150.0,150.6,150.0,150.6,65,19825,0
FINNIFTY31JUL2526700PE.NFO,2025-07-10,09:31:00,2025-07-31,150.6,150.6,150.6,150.6,0,19825,0
FINNIFTY31JUL2526700PE.NFO,2025-07-10,09:32:00,2025-07-31,150.6,150.6,150.6,150.6,0,19825,0
FINNIFTY31JUL2526700PE.NFO,2025-07-10,09:33:00,2025-07-31,150.6,155.2,150.6,154.8,130,19825,0
FINNIFTY31JUL2526700PE.NFO,2025-07-10,09:34:00,2025-07-31,154.8,154.8,154.8,154.8,0,19825,0
FINNIFTY31JUL2526700PE.NFO,2025-07-10,09:35:00,2025-07-31,154.8,154.8,151.1,151.1,260,19825,0
FINNIFTY31JUL2526700PE.NFO,2025-07-10,09:36:00,2025-07-31,151.1,151.1,151.1,151.1,0,19825,0
FINNIFTY31JUL2526700PE.NFO,2025-07-10,09:37:00,2025-07-31,151.1,151.1,151.1,151.1,0,19825,0
FINNIFTY31JUL2526700PE.NFO,2025-07-10,09:38:00,2025-07-31,151.1,151.1,151.1,151.1,0,19825,0
FINNIFTY31JUL2526700PE.NFO,2025-07-10,09:39:00,2025-07-31,151.1,151.1,151.1,151.1,0,19825,0
FINNIFTY31JUL2526700PE.NFO,2025-07-10,09:40:00,2025-07-31,151.1,158.0,151.1,156.8,325,19955,0
FINNIFTY31JUL2526700PE.NFO,2025-07-10,09:41:00,2025-07-31,156.8,156.8,155.55,155.55,130,19955,0
FINNIFTY31JUL2526700PE.NFO,2025-07-10,09:42:00,2025-07-31,155.55,155.55,155.55,155.55,0,19955,0
FINNIFTY31JUL2526700PE.NFO,2025-07-10,09:43:00,2025-07-31,155.55,155.55,155.55,155.55,0,19955,0
FINNIFTY31JUL2526700PE.NFO,2025-07-10,09:44:00,2025-07-31,155.55,155.55,155.55,155.55,0,19955,0
FINNIFTY31JUL2526700PE.NFO,2025-07-10,09:45:00,2025-07-31,155.55,155.55,155.55,155.55,0,19955,0
FINNIFTY31JUL2526700PE.NFO,2025-07-10,09:46:00,2025-07-31,155.55,155.55,155.55,155.55,0,19955,0
FINNIFTY31JUL2526700PE.NFO,2025-07-10,09:47:00,2025-07-31,155.55,155.55,155.55,155.55,0,19955,0
FINNIFTY31JUL2526700PE.NFO,2025-07-10,09:48:00,2025-07-31,155.55,155.55,155.55,155.55,0,19955,0
FINNIFTY31JUL2526700PE.NFO,2025-07-10,09:49:00,2025-07-31,155.55,155.55,155.55,155.55,0,19955,0
FINNIFTY31JUL2526700PE.NFO,2025-07-10,09:50:00,2025-07-31,155.55,155.55,155.55,155.55,0,19955,0
FINNIFTY31JUL2526700PE.NFO,2025-07-10,09:51:00,2025-07-31,155.55,155.55,155.55,155.55,0,19955,0
FINNIFTY31JUL2526700PE.NFO,2025-07-10,09:52:00,2025-07-31,155.55,155.55,155.55,155.55,0,19955,0
FINNIFTY31JUL2526700PE.NFO,2025-07-10,09:53:00,2025-07-31,155.55,155.55,155.55,155.55,0,19955,0
FINNIFTY31JUL2526700PE.NFO,2025-07-10,09:54:00,2025-07-31,155.55,155.55,155.55,155.55,0,19955,0
FINNIFTY31JUL2526700PE.NFO,2025-07-10,09:55:00,2025-07-31,155.55,155.55,155.55,155.55,0,19955,0
FINNIFTY31JUL2526700PE.NFO,2025-07-10,09:56:00,2025-07-31,155.55,159.55,155.55,159.55,130,19890,0
FINNIFTY31JUL2526700PE.NFO,2025-07-10,09:57:00,2025-07-31,159.55,159.55,159.55,159.55,0,19890,0
FINNIFTY31JUL2526700PE.NFO,2025-07-10,09:58:00,2025-07-31,159.55,159.55,159.55,159.55,0,19890,0
FINNIFTY31JUL2526700PE.NFO,2025-07-10,09:59:00,2025-07-31,159.55,159.55,153.85,154.15,130,20020,0
FINNIFTY31JUL2526700PE.NFO,2025-07-10,10:00:00,2025-07-31,154.15,154.15,152.35,152.35,65,20085,0
FINNIFTY31JUL2526700PE.NFO,2025-07-10,10:01:00,2025-07-31,152.35,153.7,152.35,153.7,65,20085,0
FINNIFTY31JUL2526700PE.NFO,2025-07-10,10:02:00,2025-07-31,153.7,153.7,153.7,153.7,0,20085,0
FINNIFTY31JUL2526700PE.NFO,2025-07-10,10:03:00,2025-07-31,153.7,153.7,153.7,153.7,0,20085,0
FINNIFTY31JUL2526700PE.NFO,2025-07-10,10:04:00,2025-07-31,153.7,155.8,153.7,155.8,65,20150,0
FINNIFTY31JUL2526700PE.NFO,2025-07-10,10:05:00,2025-07-31,155.8,155.8,155.8,155.8,0,20150,0
FINNIFTY31JUL2526700PE.NFO,2025-07-10,10:06:00,2025-07-31,155.8,155.8,155.8,155.8,0,20150,0
FINNIFTY31JUL2526700PE.NFO,2025-07-10,10:07:00,2025-07-31,155.8,156.0,155.8,156.0,65,20085,0
FINNIFTY31JUL2526700PE.NFO,2025-07-10,10:08:00,2025-07-31,156.0,156.85,156.0,156.85,65,20085,0
FINNIFTY31JUL2526700PE.NFO,2025-07-10,10:09:00,2025-07-31,156.85,158.7,156.85,158.7,65,20085,0
FINNIFTY31JUL2526700PE.NFO,2025-07-10,10:10:00,2025-07-31,158.7,158.7,158.7,158.7,0,20085,0
FINNIFTY31JUL2526700PE.NFO,2025-07-10,10:11:00,2025-07-31,158.7,158.7,158.7,158.7,0,20085,0
FINNIFTY31JUL2526700PE.NFO,2025-07-10,10:12:00,2025-07-31,158.7,158.7,158.7,158.7,0,20085,0
FINNIFTY31JUL2526700PE.NFO,2025-07-10,10:13:00,2025-07-31,158.7,158.7,158.7,158.7,0,20085,0
FINNIFTY31JUL2526700PE.NFO,2025-07-10,10:14:00,2025-07-31,162.0,163.95,160.4,160.4,455,19890,0
FINNIFTY31JUL2526700PE.NFO,2025-07-10,10:15:00,2025-07-31,160.4,160.4,160.4,160.4,0,19890,0
FINNIFTY31JUL2526700PE.NFO,2025-07-10,10:16:00,2025-07-31,160.4,165.0,160.4,165.0,65,19825,0
FINNIFTY31JUL2526700PE.NFO,2025-07-10,10:17:00,2025-07-31,165.0,165.0,165.0,165.0,0,19825,0
FINNIFTY31JUL2526700PE.NFO,2025-07-10,10:18:00,2025-07-31,165.0,165.0,165.0,165.0,0,19825,0
FINNIFTY31JUL2526700PE.NFO,2025-07-10,10:19:00,2025-07-31,165.0,165.0,165.0,165.0,0,19825,0
FINNIFTY31JUL2526700PE.NFO,2025-07-10,10:20:00,2025-07-31,165.0,165.0,156.65,156.65,65,19825,0
FINNIFTY31JUL2526700PE.NFO,2025-07-10,10:21:00,2025-07-31,156.65,156.65,156.65,156.65,0,19825,0
FINNIFTY31JUL2526700PE.NFO,2025-07-10,10:22:00,2025-07-31,156.65,156.65,156.65,156.65,0,19825,0
FINNIFTY31JUL2526700PE.NFO,2025-07-10,10:23:00,2025-07-31,156.65,156.65,156.65,156.65,0,19825,0
FINNIFTY31JUL2526700PE.NFO,2025-07-10,10:24:00,2025-07-31,156.65,156.65,156.65,156.65,0,19825,0
FINNIFTY31JUL2526700PE.NFO,2025-07-10,10:25:00,2025-07-31,156.65,156.65,152.7,152.7,65,19890,0
FINNIFTY31JUL2526700PE.NFO,2025-07-10,10:26:00,2025-07-31,152.7,152.7,152.7,152.7,0,19890,0
FINNIFTY31JUL2526700PE.NFO,2025-07-10,10:27:00,2025-07-31,152.7,152.7,152.7,152.7,0,19890,0
FINNIFTY31JUL2526700PE.NFO,2025-07-10,10:28:00,2025-07-31,152.7,152.7,152.7,152.7,0,19890,0
FINNIFTY31JUL2526700PE.NFO,2025-07-10,10:29:00,2025-07-31,152.7,152.7,152.7,152.7,0,19890,0
FINNIFTY31JUL2526700PE.NFO,2025-07-10,10:30:00,2025-07-31,152.7,152.7,150.1,150.1,130,19955,0
FINNIFTY31JUL2526700PE.NFO,2025-07-10,10:31:00,2025-07-31,150.1,150.1,150.1,150.1,0,19955,0
FINNIFTY31JUL2526700PE.NFO,2025-07-10,10:32:00,2025-07-31,150.1,151.55,150.1,151.55,65,19955,0
FINNIFTY31JUL2526700PE.NFO,2025-07-10,10:33:00,2025-07-31,151.55,151.55,151.55,151.55,0,19955,0
FINNIFTY31JUL2526700PE.NFO,2025-07-10,10:34:00,2025-07-31,151.55,151.55,151.55,151.55,0,19955,0
FINNIFTY31JUL2526700PE.NFO,2025-07-10,10:35:00,2025-07-31,151.55,151.55,151.55,151.55,0,19955,0
FINNIFTY31JUL2526700PE.NFO,2025-07-10,10:36:00,2025-07-31,151.55,151.55,151.55,151.55,0,19955,0
FINNIFTY31JUL2526700PE.NFO,2025-07-10,10:37:00,2025-07-31,151.55,151.55,151.55,151.55,0,19955,0
FINNIFTY31JUL2526700PE.NFO,2025-07-10,10:38:00,2025-07-31,151.55,151.55,151.55,151.55,0,19955,0
FINNIFTY31JUL2526700PE.NFO,2025-07-10,10:39:00,2025-07-31,151.55,151.55,151.55,151.55,0,19955,0
FINNIFTY31JUL2526700PE.NFO,2025-07-10,10:40:00,2025-07-31,151.55,151.55,151.55,151.55,0,19955,0
FINNIFTY31JUL2526700PE.NFO,2025-07-10,10:41:00,2025-07-31,151.55,151.55,151.55,151.55,0,19955,0
FINNIFTY31JUL2526700PE.NFO,2025-07-10,10:42:00,2025-07-31,151.55,151.55,151.55,151.55,0,19955,0
FINNIFTY31JUL2526700PE.NFO,2025-07-10,10:43:00,2025-07-31,151.55,151.55,151.55,151.55,0,19955,0
FINNIFTY31JUL2526700PE.NFO,2025-07-10,10:44:00,2025-07-31,151.55,151.55,151.55,151.55,0,19955,0
FINNIFTY31JUL2526700PE.NFO,2025-07-10,10:45:00,2025-07-31,151.55,154.0,151.55,154.0,65,19890,0
FINNIFTY31JUL2526700PE.NFO,2025-07-10,10:46:00,2025-07-31,154.0,154.0,154.0,154.0,0,19890,0
FINNIFTY31JUL2526700PE.NFO,2025-07-10,10:47:00,2025-07-31,154.0,154.0,154.0,154.0,0,19890,0
FINNIFTY31JUL2526700PE.NFO,2025-07-10,10:48:00,2025-07-31,154.0,154.0,154.0,154.0,0,19890,0
FINNIFTY31JUL2526700PE.NFO,2025-07-10,10:49:00,2025-07-31,154.0,154.0,154.0,154.0,0,19890,0
FINNIFTY31JUL2526700PE.NFO,2025-07-10,10:50:00,2025-07-31,154.0,158.95,154.0,158.95,65,19955,0
FINNIFTY31JUL2526700PE.NFO,2025-07-10,10:51:00,2025-07-31,158.95,158.95,158.95,158.95,0,19955,0
FINNIFTY31JUL2526700PE.NFO,2025-07-10,10:52:00,2025-07-31,158.95,160.05,158.0,159.0,1430,19955,0
FINNIFTY31JUL2526700PE.NFO,2025-07-10,10:53:00,2025-07-31,159.0,163.0,159.0,163.0,65,19955,0
FINNIFTY31JUL2526700PE.NFO,2025-07-10,10:54:00,2025-07-31,163.0,163.0,162.35,162.35,65,19955,0
FINNIFTY31JUL2526700PE.NFO,2025-07-10,10:55:00,2025-07-31,162.35,162.35,162.35,162.35,0,19955,0
FINNIFTY31JUL2526700PE.NFO,2025-07-10,10:56:00,2025-07-31,162.35,162.35,162.35,162.35,0,19955,0
FINNIFTY31JUL2526700PE.NFO,2025-07-10,10:57:00,2025-07-31,162.35,162.35,162.35,162.35,0,19955,0
FINNIFTY31JUL2526700PE.NFO,2025-07-10,10:58:00,2025-07-31,162.35,162.35,162.35,162.35,0,19955,0
FINNIFTY31JUL2526700PE.NFO,2025-07-10,10:59:00,2025-07-31,162.35,162.35,162.35,162.35,0,19955,0
FINNIFTY31JUL2526700PE.NFO,2025-07-10,11:00:00,2025-07-31,162.35,164.0,162.35,164.0,325,19890,0
FINNIFTY31JUL2526700PE.NFO,2025-07-10,11:01:00,2025-07-31,164.0,164.0,164.0,164.0,0,19890,0
FINNIFTY31JUL2526700PE.NFO,2025-07-10,11:02:00,2025-07-31,164.0,164.0,164.0,164.0,0,19890,0
FINNIFTY31JUL2526700PE.NFO,2025-07-10,11:03:00,2025-07-31,164.0,164.0,164.0,164.0,0,19890,0
FINNIFTY31JUL2526700PE.NFO,2025-07-10,11:04:00,2025-07-31,164.0,164.0,164.0,164.0,0,19890,0
FINNIFTY31JUL2526700PE.NFO,2025-07-10,11:05:00,2025-07-31,164.0,164.0,164.0,164.0,0,19890,0
FINNIFTY31JUL2526700PE.NFO,2025-07-10,11:06:00,2025-07-31,164.0,164.0,164.0,164.0,0,19890,0
FINNIFTY31JUL2526700PE.NFO,2025-07-10,11:07:00,2025-07-31,164.0,164.0,164.0,164.0,0,19890,0
FINNIFTY31JUL2526700PE.NFO,2025-07-10,11:08:00,2025-07-31,164.0,164.0,164.0,164.0,0,19890,0
FINNIFTY31JUL2526700PE.NFO,2025-07-10,11:09:00,2025-07-31,164.0,164.0,164.0,164.0,0,19890,0
FINNIFTY31JUL2526700PE.NFO,2025-07-10,11:10:00,2025-07-31,164.0,164.0,160.75,160.75,390,19825,0
FINNIFTY31JUL2526700PE.NFO,2025-07-10,11:11:00,2025-07-31,160.75,160.75,160.65,160.65,65,19825,0
FINNIFTY31JUL2526700PE.NFO,2025-07-10,11:12:00,2025-07-31,160.65,160.65,160.65,160.65,0,19825,0
FINNIFTY31JUL2526700PE.NFO,2025-07-10,11:13:00,2025-07-31,160.65,160.65,156.2,156.2,325,19760,0
FINNIFTY31JUL2526700PE.NFO,2025-07-10,11:14:00,2025-07-31,156.2,159.05,156.2,159.05,65,19760,0
FINNIFTY31JUL2526700PE.NFO,2025-07-10,11:15:00,2025-07-31,159.05,159.05,158.25,158.25,65,19760,0
FINNIFTY31JUL2526700PE.NFO,2025-07-10,11:16:00,2025-07-31,158.25,158.25,158.25,158.25,0,19760,0
FINNIFTY31JUL2526700PE.NFO,2025-07-10,11:17:00,2025-07-31,158.25,158.25,158.25,158.25,0,19760,0
FINNIFTY31JUL2526700PE.NFO,2025-07-10,11:18:00,2025-07-31,158.25,158.25,158.25,158.25,0,19760,0
FINNIFTY31JUL2526700PE.NFO,2025-07-10,11:19:00,2025-07-31,158.25,158.25,158.25,158.25,0,19760,0
FINNIFTY31JUL2526700PE.NFO,2025-07-10,11:20:00,2025-07-31,158.25,158.25,158.25,158.25,0,19760,0
FINNIFTY31JUL2526700PE.NFO,2025-07-10,11:21:00,2025-07-31,158.25,158.25,158.25,158.25,0,19760,0
FINNIFTY31JUL2526700PE.NFO,2025-07-10,11:22:00,2025-07-31,158.25,158.25,158.25,158.25,0,19760,0
FINNIFTY31JUL2526700PE.NFO,2025-07-10,11:23:00,2025-07-31,158.25,158.25,158.25,158.25,0,19760,0
FINNIFTY31JUL2526700PE.NFO,2025-07-10,11:24:00,2025-07-31,158.25,158.25,158.25,158.25,0,19760,0
FINNIFTY31JUL2526700PE.NFO,2025-07-10,11:25:00,2025-07-31,158.25,158.25,158.25,158.25,0,19760,0
FINNIFTY31JUL2526700PE.NFO,2025-07-10,11:26:00,2025-07-31,158.25,158.25,158.25,158.25,0,19760,0
FINNIFTY31JUL2526700PE.NFO,2025-07-10,11:27:00,2025-07-31,158.25,158.25,158.25,158.25,0,19760,0
FINNIFTY31JUL2526700PE.NFO,2025-07-10,11:28:00,2025-07-31,158.25,158.25,158.25,158.25,0,19760,0
FINNIFTY31JUL2526700PE.NFO,2025-07-10,11:29:00,2025-07-31,158.25,158.25,158.25,158.25,0,19760,0
FINNIFTY31JUL2526700PE.NFO,2025-07-10,11:30:00,2025-07-31,158.25,158.25,158.25,158.25,0,19760,0
FINNIFTY31JUL2526700PE.NFO,2025-07-10,11:31:00,2025-07-31,158.25,158.25,158.25,158.25,0,19760,0
FINNIFTY31JUL2526700PE.NFO,2025-07-10,11:32:00,2025-07-31,158.25,158.25,158.25,158.25,0,19760,0
FINNIFTY31JUL2526700PE.NFO,2025-07-10,11:33:00,2025-07-31,158.25,158.25,158.25,158.25,0,19760,0
FINNIFTY31JUL2526700PE.NFO,2025-07-10,11:34:00,2025-07-31,158.25,158.25,158.25,158.25,0,19760,0
FINNIFTY31JUL2526700PE.NFO,2025-07-10,11:35:00,2025-07-31,158.25,158.25,158.25,158.25,0,19760,0
FINNIFTY31JUL2526700PE.NFO,2025-07-10,11:36:00,2025-07-31,158.25,165.85,158.25,165.85,130,19890,0
FINNIFTY31JUL2526700PE.NFO,2025-07-10,11:37:00,2025-07-31,165.85,165.85,165.85,165.85,0,19890,0
FINNIFTY31JUL2526700PE.NFO,2025-07-10,11:38:00,2025-07-31,165.85,165.85,165.85,165.85,0,19890,0
FINNIFTY31JUL2526700PE.NFO,2025-07-10,11:39:00,2025-07-31,165.85,165.85,165.85,165.85,0,19890,0
FINNIFTY31JUL2526700PE.NFO,2025-07-10,11:40:00,2025-07-31,165.85,165.85,165.4,165.4,65,19825,0
FINNIFTY31JUL2526700PE.NFO,2025-07-10,11:41:00,2025-07-31,165.4,165.4,165.35,165.35,65,19825,0
FINNIFTY31JUL2526700PE.NFO,2025-07-10,11:42:00,2025-07-31,165.35,165.35,165.35,165.35,0,19825,0
FINNIFTY31JUL2526700PE.NFO,2025-07-10,11:43:00,2025-07-31,165.35,166.0,165.35,166.0,65,19890,0
FINNIFTY31JUL2526700PE.NFO,2025-07-10,11:44:00,2025-07-31,166.0,166.0,166.0,166.0,0,19890,0
FINNIFTY31JUL2526700PE.NFO,2025-07-10,11:45:00,2025-07-31,166.0,166.0,166.0,166.0,0,19890,0
FINNIFTY31JUL2526700PE.NFO,2025-07-10,11:46:00,2025-07-31,166.0,166.75,166.0,166.75,130,19890,0
FINNIFTY31JUL2526700PE.NFO,2025-07-10,11:47:00,2025-07-31,166.75,166.75,166.75,166.75,0,19890,0
FINNIFTY31JUL2526700PE.NFO,2025-07-10,11:48:00,2025-07-31,166.75,166.75,165.2,165.2,65,19890,0
FINNIFTY31JUL2526700PE.NFO,2025-07-10,11:49:00,2025-07-31,165.2,165.2,165.2,165.2,0,19890,0
FINNIFTY31JUL2526700PE.NFO,2025-07-10,11:50:00,2025-07-31,165.2,165.2,165.2,165.2,0,19890,0
FINNIFTY31JUL2526700PE.NFO,2025-07-10,11:51:00,2025-07-31,165.2,165.2,165.2,165.2,0,19890,0
FINNIFTY31JUL2526700PE.NFO,2025-07-10,11:52:00,2025-07-31,165.2,165.2,165.2,165.2,0,19890,0
FINNIFTY31JUL2526700PE.NFO,2025-07-10,11:53:00,2025-07-31,165.2,165.2,165.2,165.2,0,19890,0
FINNIFTY31JUL2526700PE.NFO,2025-07-10,11:54:00,2025-07-31,165.2,165.2,165.2,165.2,0,19890,0
FINNIFTY31JUL2526700PE.NFO,2025-07-10,11:55:00,2025-07-31,165.2,165.2,165.2,165.2,0,19890,0
FINNIFTY31JUL2526700PE.NFO,2025-07-10,11:56:00,2025-07-31,165.2,165.2,165.2,165.2,0,19890,0
FINNIFTY31JUL2526700PE.NFO,2025-07-10,11:57:00,2025-07-31,165.2,165.2,165.2,165.2,0,19890,0
FINNIFTY31JUL2526700PE.NFO,2025-07-10,11:58:00,2025-07-31,165.2,165.2,165.2,165.2,0,19890,0
FINNIFTY31JUL2526700PE.NFO,2025-07-10,11:59:00,2025-07-31,165.2,165.2,165.2,165.2,0,19890,0
FINNIFTY31JUL2526700PE.NFO,2025-07-10,12:00:00,2025-07-31,165.2,173.5,165.2,169.5,455,19760,0
FINNIFTY31JUL2526700PE.NFO,2025-07-10,12:01:00,2025-07-31,169.5,172.55,169.5,172.55,65,19630,0
FINNIFTY31JUL2526700PE.NFO,2025-07-10,12:02:00,2025-07-31,172.55,172.75,172.55,172.75,65,19630,0
FINNIFTY31JUL2526700PE.NFO,2025-07-10,12:03:00,2025-07-31,172.75,172.75,172.75,172.75,0,19630,0
FINNIFTY31JUL2526700PE.NFO,2025-07-10,12:04:00,2025-07-31,172.75,172.75,169.95,169.95,65,19565,0
FINNIFTY31JUL2526700PE.NFO,2025-07-10,12:05:00,2025-07-31,169.95,169.95,169.95,169.95,0,19565,0
FINNIFTY31JUL2526700PE.NFO,2025-07-10,12:06:00,2025-07-31,169.95,169.95,169.95,169.95,0,19565,0
FINNIFTY31JUL2526700PE.NFO,2025-07-10,12:07:00,2025-07-31,169.95,169.95,169.95,169.95,0,19565,0
FINNIFTY31JUL2526700PE.NFO,2025-07-10,12:08:00,2025-07-31,169.95,169.95,169.95,169.95,0,19565,0
FINNIFTY31JUL2526700PE.NFO,2025-07-10,12:09:00,2025-07-31,169.95,169.95,169.95,169.95,0,19565,0
FINNIFTY31JUL2526700PE.NFO,2025-07-10,12:10:00,2025-07-31,169.95,169.95,169.95,169.95,0,19565,0
FINNIFTY31JUL2526700PE.NFO,2025-07-10,12:11:00,2025-07-31,169.95,172.65,169.95,172.65,65,19565,0
FINNIFTY31JUL2526700PE.NFO,2025-07-10,12:12:00,2025-07-31,172.65,172.65,170.1,170.1,715,19565,0
FINNIFTY31JUL2526700PE.NFO,2025-07-10,12:13:00,2025-07-31,170.1,170.3,168.6,168.6,650,19305,0
FINNIFTY31JUL2526700PE.NFO,2025-07-10,12:14:00,2025-07-31,168.6,168.6,168.6,168.6,0,19305,0
FINNIFTY31JUL2526700PE.NFO,2025-07-10,12:15:00,2025-07-31,168.6,168.6,168.6,168.6,0,19305,0
FINNIFTY31JUL2526700PE.NFO,2025-07-10,12:16:00,2025-07-31,168.6,168.6,168.6,168.6,0,19305,0
FINNIFTY31JUL2526700PE.NFO,2025-07-10,12:17:00,2025-07-31,168.6,168.65,168.6,168.65,65,18980,0
FINNIFTY31JUL2526700PE.NFO,2025-07-10,12:18:00,2025-07-31,168.65,168.65,168.65,168.65,0,18980,0
FINNIFTY31JUL2526700PE.NFO,2025-07-10,12:19:00,2025-07-31,168.65,168.65,168.65,168.65,0,18980,0
FINNIFTY31JUL2526700PE.NFO,2025-07-10,12:20:00,2025-07-31,168.65,168.65,165.6,165.6,195,18980,0
FINNIFTY31JUL2526700PE.NFO,2025-07-10,12:21:00,2025-07-31,165.6,165.6,163.95,163.95,65,18980,0
FINNIFTY31JUL2526700PE.NFO,2025-07-10,12:22:00,2025-07-31,163.95,163.95,163.95,163.95,0,18980,0
FINNIFTY31JUL2526700PE.NFO,2025-07-10,12:23:00,2025-07-31,163.95,163.95,163.95,163.95,0,18980,0
FINNIFTY31JUL2526700PE.NFO,2025-07-10,12:24:00,2025-07-31,163.95,163.95,163.95,163.95,0,18980,0
FINNIFTY31JUL2526700PE.NFO,2025-07-10,12:25:00,2025-07-31,163.95,163.95,163.95,163.95,0,18980,0
FINNIFTY31JUL2526700PE.NFO,2025-07-10,12:26:00,2025-07-31,163.95,163.95,159.9,159.9,65,18980,0
FINNIFTY31JUL2526700PE.NFO,2025-07-10,12:27:00,2025-07-31,159.9,159.9,159.9,159.9,0,18980,0
FINNIFTY31JUL2526700PE.NFO,2025-07-10,12:28:00,2025-07-31,159.9,159.9,159.9,159.9,0,18980,0
FINNIFTY31JUL2526700PE.NFO,2025-07-10,12:29:00,2025-07-31,159.9,159.9,157.2,157.2,65,18980,0
FINNIFTY31JUL2526700PE.NFO,2025-07-10,12:30:00,2025-07-31,157.2,157.2,157.2,157.2,0,18980,0
FINNIFTY31JUL2526700PE.NFO,2025-07-10,12:31:00,2025-07-31,157.2,157.2,157.2,157.2,0,18980,0
FINNIFTY31JUL2526700PE.NFO,2025-07-10,12:32:00,2025-07-31,157.2,157.2,157.2,157.2,0,18980,0
FINNIFTY31JUL2526700PE.NFO,2025-07-10,12:33:00,2025-07-31,157.2,157.2,157.2,157.2,0,18980,0
FINNIFTY31JUL2526700PE.NFO,2025-07-10,12:34:00,2025-07-31,157.2,159.65,157.2,159.05,130,18850,0
FINNIFTY31JUL2526700PE.NFO,2025-07-10,12:35:00,2025-07-31,159.05,159.05,157.2,157.2,65,18850,0
FINNIFTY31JUL2526700PE.NFO,2025-07-10,12:36:00,2025-07-31,157.2,157.2,152.95,152.95,65,18850,0
FINNIFTY31JUL2526700PE.NFO,2025-07-10,12:37:00,2025-07-31,152.95,152.95,152.95,152.95,0,18850,0
FINNIFTY31JUL2526700PE.NFO,2025-07-10,12:38:00,2025-07-31,152.95,153.05,152.95,153.05,65,18980,0
FINNIFTY31JUL2526700PE.NFO,2025-07-10,12:39:00,2025-07-31,153.05,153.05,153.05,153.05,0,18980,0
FINNIFTY31JUL2526700PE.NFO,2025-07-10,12:40:00,2025-07-31,153.05,153.05,153.05,153.05,0,18980,0
FINNIFTY31JUL2526700PE.NFO,2025-07-10,12:41:00,2025-07-31,153.05,153.05,153.05,153.05,0,18980,0
FINNIFTY31JUL2526700PE.NFO,2025-07-10,12:42:00,2025-07-31,153.05,153.05,153.05,153.05,0,18980,0
FINNIFTY31JUL2526700PE.NFO,2025-07-10,12:43:00,2025-07-31,153.05,156.7,153.05,156.7,130,18980,0
FINNIFTY31JUL2526700PE.NFO,2025-07-10,12:44:00,2025-07-31,156.7,156.7,156.7,156.7,0,18980,0
FINNIFTY31JUL2526700PE.NFO,2025-07-10,12:45:00,2025-07-31,156.7,156.7,156.7,156.7,0,18980,0
FINNIFTY31JUL2526700PE.NFO,2025-07-10,12:46:00,2025-07-31,156.7,156.7,156.7,156.7,0,18980,0
FINNIFTY31JUL2526700PE.NFO,2025-07-10,12:47:00,2025-07-31,156.7,156.7,156.7,156.7,0,18980,0
FINNIFTY31JUL2526700PE.NFO,2025-07-10,12:48:00,2025-07-31,156.7,156.7,156.7,156.7,0,18980,0
FINNIFTY31JUL2526700PE.NFO,2025-07-10,12:49:00,2025-07-31,156.7,158.95,156.7,158.95,65,19045,0
FINNIFTY31JUL2526700PE.NFO,2025-07-10,12:50:00,2025-07-31,158.95,158.95,158.95,158.95,0,19045,0
FINNIFTY31JUL2526700PE.NFO,2025-07-10,12:51:00,2025-07-31,158.95,158.95,158.95,158.95,0,19045,0
FINNIFTY31JUL2526700PE.NFO,2025-07-10,12:52:00,2025-07-31,158.95,158.95,158.95,158.95,0,19045,0
FINNIFTY31JUL2526700PE.NFO,2025-07-10,12:53:00,2025-07-31,158.95,158.95,158.95,158.95,0,19045,0
FINNIFTY31JUL2526700PE.NFO,2025-07-10,12:54:00,2025-07-31,158.95,158.95,154.6,154.6,65,19110,0
FINNIFTY31JUL2526700PE.NFO,2025-07-10,12:55:00,2025-07-31,154.6,154.6,154.6,154.6,0,19110,0
FINNIFTY31JUL2526700PE.NFO,2025-07-10,12:56:00,2025-07-31,154.6,155.95,154.6,155.95,65,19110,0
FINNIFTY31JUL2526700PE.NFO,2025-07-10,12:57:00,2025-07-31,155.95,155.95,155.95,155.95,0,19110,0
FINNIFTY31JUL2526700PE.NFO,2025-07-10,12:58:00,2025-07-31,155.95,155.95,155.95,155.95,0,19110,0
FINNIFTY31JUL2526700PE.NFO,2025-07-10,12:59:00,2025-07-31,155.95,155.95,151.35,152.0,65,19110,0
FINNIFTY31JUL2526700PE.NFO,2025-07-10,13:00:00,2025-07-31,152.0,152.0,151.75,151.75,130,19110,0
FINNIFTY31JUL2526700PE.NFO,2025-07-10,13:01:00,2025-07-31,151.75,151.75,151.75,151.75,0,19110,0
FINNIFTY31JUL2526700PE.NFO,2025-07-10,13:02:00,2025-07-31,151.75,151.75,151.75,151.75,0,19110,0
FINNIFTY31JUL2526700PE.NFO,2025-07-10,13:03:00,2025-07-31,151.75,151.75,151.75,151.75,0,19110,0
FINNIFTY31JUL2526700PE.NFO,2025-07-10,13:04:00,2025-07-31,151.75,151.75,151.75,151.75,0,19110,0
FINNIFTY31JUL2526700PE.NFO,2025-07-10,13:05:00,2025-07-31,151.75,151.75,151.75,151.75,0,19110,0
FINNIFTY31JUL2526700PE.NFO,2025-07-10,13:06:00,2025-07-31,151.75,155.9,151.75,155.9,65,18980,0
FINNIFTY31JUL2526700PE.NFO,2025-07-10,13:07:00,2025-07-31,155.9,155.9,155.9,155.9,0,18980,0
FINNIFTY31JUL2526700PE.NFO,2025-07-10,13:08:00,2025-07-31,155.9,159.95,155.9,159.95,520,18915,0
FINNIFTY31JUL2526700PE.NFO,2025-07-10,13:09:00,2025-07-31,159.95,159.95,158.7,158.7,130,18915,0
FINNIFTY31JUL2526700PE.NFO,2025-07-10,13:10:00,2025-07-31,158.7,158.7,158.7,158.7,0,18915,0
FINNIFTY31JUL2526700PE.NFO,2025-07-10,13:11:00,2025-07-31,158.7,158.7,158.7,158.7,0,18915,0
FINNIFTY31JUL2526700PE.NFO,2025-07-10,13:12:00,2025-07-31,158.7,158.7,157.9,157.9,130,19110,0
FINNIFTY31JUL2526700PE.NFO,2025-07-10,13:13:00,2025-07-31,157.9,157.9,157.9,157.9,0,19110,0
FINNIFTY31JUL2526700PE.NFO,2025-07-10,13:14:00,2025-07-31,157.9,157.9,157.9,157.9,0,19110,0
FINNIFTY31JUL2526700PE.NFO,2025-07-10,13:15:00,2025-07-31,157.9,157.9,157.9,157.9,0,19110,0
FINNIFTY31JUL2526700PE.NFO,2025-07-10,13:16:00,2025-07-31,157.9,157.9,157.9,157.9,0,19110,0
FINNIFTY31JUL2526700PE.NFO,2025-07-10,13:17:00,2025-07-31,157.9,157.9,157.9,157.9,0,19110,0
FINNIFTY31JUL2526700PE.NFO,2025-07-10,13:18:00,2025-07-31,157.9,157.9,154.9,154.9,65,18980,0
FINNIFTY31JUL2526700PE.NFO,2025-07-10,13:19:00,2025-07-31,154.9,154.9,154.9,154.9,0,18980,0
FINNIFTY31JUL2526700PE.NFO,2025-07-10,13:20:00,2025-07-31,154.9,154.9,154.9,154.9,0,18980,0
FINNIFTY31JUL2526700PE.NFO,2025-07-10,13:21:00,2025-07-31,154.9,154.9,154.9,154.9,0,18980,0
FINNIFTY31JUL2526700PE.NFO,2025-07-10,13:22:00,2025-07-31,154.9,154.9,154.9,154.9,0,18980,0
FINNIFTY31JUL2526700PE.NFO,2025-07-10,13:23:00,2025-07-31,154.9,154.9,154.9,154.9,0,18980,0
FINNIFTY31JUL2526700PE.NFO,2025-07-10,13:24:00,2025-07-31,154.9,154.9,154.9,154.9,0,18980,0
FINNIFTY31JUL2526700PE.NFO,2025-07-10,13:25:00,2025-07-31,154.9,154.9,154.9,154.9,0,18980,0
FINNIFTY31JUL2526700PE.NFO,2025-07-10,13:26:00,2025-07-31,154.9,154.9,154.9,154.9,0,18980,0
FINNIFTY31JUL2526700PE.NFO,2025-07-10,13:27:00,2025-07-31,154.9,154.9,154.9,154.9,0,18980,0
FINNIFTY31JUL2526700PE.NFO,2025-07-10,13:28:00,2025-07-31,154.9,154.9,154.9,154.9,0,18980,0
FINNIFTY31JUL2526700PE.NFO,2025-07-10,13:29:00,2025-07-31,154.9,154.9,154.9,154.9,0,18980,0
FINNIFTY31JUL2526700PE.NFO,2025-07-10,13:30:00,2025-07-31,154.9,154.9,151.45,151.45,65,18850,0
FINNIFTY31JUL2526700PE.NFO,2025-07-10,13:31:00,2025-07-31,151.45,152.85,151.45,152.85,65,18850,0
FINNIFTY31JUL2526700PE.NFO,2025-07-10,13:32:00,2025-07-31,152.85,152.85,152.85,152.85,0,18850,0
FINNIFTY31JUL2526700PE.NFO,2025-07-10,13:33:00,2025-07-31,152.85,152.85,152.85,152.85,0,18850,0
FINNIFTY31JUL2526700PE.NFO,2025-07-10,13:34:00,2025-07-31,152.85,152.85,152.85,152.85,0,18850,0
FINNIFTY31JUL2526700PE.NFO,2025-07-10,13:35:00,2025-07-31,152.85,152.85,152.85,152.85,0,18850,0
FINNIFTY31JUL2526700PE.NFO,2025-07-10,13:36:00,2025-07-31,152.85,152.85,152.85,152.85,0,18850,0
FINNIFTY31JUL2526700PE.NFO,2025-07-10,13:37:00,2025-07-31,152.85,152.85,152.85,152.85,0,18850,0
FINNIFTY31JUL2526700PE.NFO,2025-07-10,13:38:00,2025-07-31,152.85,152.85,152.85,152.85,0,18850,0
FINNIFTY31JUL2526700PE.NFO,2025-07-10,13:39:00,2025-07-31,152.85,157.0,152.85,157.0,65,18915,0
FINNIFTY31JUL2526700PE.NFO,2025-07-10,13:40:00,2025-07-31,157.0,157.0,157.0,157.0,0,18915,0
FINNIFTY31JUL2526700PE.NFO,2025-07-10,13:41:00,2025-07-31,157.0,157.0,157.0,157.0,0,18915,0
FINNIFTY31JUL2526700PE.NFO,2025-07-10,13:42:00,2025-07-31,157.0,157.0,157.0,157.0,0,18915,0
FINNIFTY31JUL2526700PE.NFO,2025-07-10,13:43:00,2025-07-31,157.0,157.0,157.0,157.0,0,18915,0
FINNIFTY31JUL2526700PE.NFO,2025-07-10,13:44:00,2025-07-31,157.0,157.0,157.0,157.0,0,18915,0
FINNIFTY31JUL2526700PE.NFO,2025-07-10,13:45:00,2025-07-31,157.0,157.0,157.0,157.0,0,18915,0
FINNIFTY31JUL2526700PE.NFO,2025-07-10,13:46:00,2025-07-31,157.0,157.0,157.0,157.0,0,18915,0
FINNIFTY31JUL2526700PE.NFO,2025-07-10,13:47:00,2025-07-31,157.0,159.85,157.0,159.85,65,18850,0
FINNIFTY31JUL2526700PE.NFO,2025-07-10,13:48:00,2025-07-31,159.85,159.85,159.45,159.45,65,18850,0
FINNIFTY31JUL2526700PE.NFO,2025-07-10,13:49:00,2025-07-31,159.45,159.45,159.45,159.45,0,18850,0
FINNIFTY31JUL2526700PE.NFO,2025-07-10,13:50:00,2025-07-31,159.45,159.45,155.0,155.0,65,18720,0
FINNIFTY31JUL2526700PE.NFO,2025-07-10,13:51:00,2025-07-31,155.0,155.0,155.0,155.0,0,18720,0
FINNIFTY31JUL2526700PE.NFO,2025-07-10,13:52:00,2025-07-31,155.0,155.0,155.0,155.0,0,18720,0
FINNIFTY31JUL2526700PE.NFO,2025-07-10,13:53:00,2025-07-31,155.0,155.0,155.0,155.0,0,18720,0
FINNIFTY31JUL2526700PE.NFO,2025-07-10,13:54:00,2025-07-31,155.0,156.85,155.0,156.6,130,18655,0
FINNIFTY31JUL2526700PE.NFO,2025-07-10,13:55:00,2025-07-31,156.6,157.0,156.6,157.0,65,18720,0
FINNIFTY31JUL2526700PE.NFO,2025-07-10,13:56:00,2025-07-31,157.0,157.0,157.0,157.0,0,18720,0
FINNIFTY31JUL2526700PE.NFO,2025-07-10,13:57:00,2025-07-31,157.0,160.7,157.0,160.7,65,18720,0
FINNIFTY31JUL2526700PE.NFO,2025-07-10,13:58:00,2025-07-31,160.7,160.7,160.7,160.7,0,18720,0
FINNIFTY31JUL2526700PE.NFO,2025-07-10,13:59:00,2025-07-31,160.7,160.7,160.7,160.7,0,18720,0
FINNIFTY31JUL2526700PE.NFO,2025-07-10,14:00:00,2025-07-31,160.7,160.7,160.7,160.7,0,18720,0
FINNIFTY31JUL2526700PE.NFO,2025-07-10,14:01:00,2025-07-31,160.7,160.7,160.7,160.7,0,18720,0
FINNIFTY31JUL2526700PE.NFO,2025-07-10,14:02:00,2025-07-31,160.7,160.7,154.15,154.95,390,18720,0
FINNIFTY31JUL2526700PE.NFO,2025-07-10,14:03:00,2025-07-31,154.95,154.95,154.95,154.95,0,18720,0
FINNIFTY31JUL2526700PE.NFO,2025-07-10,14:04:00,2025-07-31,154.95,154.95,154.8,154.8,130,18915,0
FINNIFTY31JUL2526700PE.NFO,2025-07-10,14:05:00,2025-07-31,154.8,154.8,154.8,154.8,0,18915,0
FINNIFTY31JUL2526700PE.NFO,2025-07-10,14:06:00,2025-07-31,154.8,154.8,147.7,147.7,260,18915,0
FINNIFTY31JUL2526700PE.NFO,2025-07-10,14:07:00,2025-07-31,147.7,148.05,145.6,148.05,325,18590,0
FINNIFTY31JUL2526700PE.NFO,2025-07-10,14:08:00,2025-07-31,148.05,148.05,148.05,148.05,0,18590,0
FINNIFTY31JUL2526700PE.NFO,2025-07-10,14:09:00,2025-07-31,148.05,148.05,148.05,148.05,0,18590,0
FINNIFTY31JUL2526700PE.NFO,2025-07-10,14:10:00,2025-07-31,148.05,148.05,148.05,148.05,0,18590,0
FINNIFTY31JUL2526700PE.NFO,2025-07-10,14:11:00,2025-07-31,148.05,148.05,148.05,148.05,0,18590,0
FINNIFTY31JUL2526700PE.NFO,2025-07-10,14:12:00,2025-07-31,148.05,148.05,148.05,148.05,0,18590,0
FINNIFTY31JUL2526700PE.NFO,2025-07-10,14:13:00,2025-07-31,148.05,148.05,148.05,148.05,0,18590,0
FINNIFTY31JUL2526700PE.NFO,2025-07-10,14:14:00,2025-07-31,148.05,148.05,148.05,148.05,0,18590,0
FINNIFTY31JUL2526700PE.NFO,2025-07-10,14:15:00,2025-07-31,148.05,148.05,148.05,148.05,0,18590,0
FINNIFTY31JUL2526700PE.NFO,2025-07-10,14:16:00,2025-07-31,148.05,148.05,148.05,148.05,0,18590,0
FINNIFTY31JUL2526700PE.NFO,2025-07-10,14:17:00,2025-07-31,148.05,148.05,148.05,148.05,0,18590,0
FINNIFTY31JUL2526700PE.NFO,2025-07-10,14:18:00,2025-07-31,148.05,148.05,148.05,148.05,0,18590,0
FINNIFTY31JUL2526700PE.NFO,2025-07-10,14:19:00,2025-07-31,148.05,150.6,148.05,149.05,195,18785,0
FINNIFTY31JUL2526700PE.NFO,2025-07-10,14:20:00,2025-07-31,149.05,149.05,149.05,149.05,0,18785,0
FINNIFTY31JUL2526700PE.NFO,2025-07-10,14:21:00,2025-07-31,149.05,149.05,149.05,149.05,0,18785,0
FINNIFTY31JUL2526700PE.NFO,2025-07-10,14:22:00,2025-07-31,149.05,149.05,149.05,149.05,0,18785,0
FINNIFTY31JUL2526700PE.NFO,2025-07-10,14:23:00,2025-07-31,149.05,152.9,149.05,152.9,65,18655,0
FINNIFTY31JUL2526700PE.NFO,2025-07-10,14:24:00,2025-07-31,152.9,152.9,152.9,152.9,0,18655,0
FINNIFTY31JUL2526700PE.NFO,2025-07-10,14:25:00,2025-07-31,152.9,152.9,152.9,152.9,0,18655,0
FINNIFTY31JUL2526700PE.NFO,2025-07-10,14:26:00,2025-07-31,152.9,152.9,152.9,152.9,0,18655,0
FINNIFTY31JUL2526700PE.NFO,2025-07-10,14:27:00,2025-07-31,152.9,152.9,152.9,152.9,0,18655,0
FINNIFTY31JUL2526700PE.NFO,2025-07-10,14:28:00,2025-07-31,152.9,152.9,152.9,152.9,0,18655,0
FINNIFTY31JUL2526700PE.NFO,2025-07-10,14:29:00,2025-07-31,152.9,152.9,152.9,152.9,0,18655,0
FINNIFTY31JUL2526700PE.NFO,2025-07-10,14:30:00,2025-07-31,152.9,152.9,152.9,152.9,0,18655,0
FINNIFTY31JUL2526700PE.NFO,2025-07-10,14:31:00,2025-07-31,152.9,152.9,151.75,151.75,195,18655,0
FINNIFTY31JUL2526700PE.NFO,2025-07-10,14:32:00,2025-07-31,151.75,151.75,151.75,151.75,0,18655,0
FINNIFTY31JUL2526700PE.NFO,2025-07-10,14:33:00,2025-07-31,151.75,151.75,151.75,151.75,0,18655,0
FINNIFTY31JUL2526700PE.NFO,2025-07-10,14:34:00,2025-07-31,151.75,151.75,151.75,151.75,0,18655,0
FINNIFTY31JUL2526700PE.NFO,2025-07-10,14:35:00,2025-07-31,151.75,151.75,151.75,151.75,0,18655,0
FINNIFTY31JUL2526700PE.NFO,2025-07-10,14:36:00,2025-07-31,151.75,151.75,151.75,151.75,0,18655,0
FINNIFTY31JUL2526700PE.NFO,2025-07-10,14:37:00,2025-07-31,151.75,151.75,151.75,151.75,0,18655,0
FINNIFTY31JUL2526700PE.NFO,2025-07-10,14:38:00,2025-07-31,151.75,151.75,151.75,151.75,0,18655,0
FINNIFTY31JUL2526700PE.NFO,2025-07-10,14:39:00,2025-07-31,151.75,151.75,151.75,151.75,0,18655,0
FINNIFTY31JUL2526700PE.NFO,2025-07-10,14:40:00,2025-07-31,151.75,151.75,151.75,151.75,0,18655,0
FINNIFTY31JUL2526700PE.NFO,2025-07-10,14:41:00,2025-07-31,151.75,151.75,151.75,151.75,0,18655,0
FINNIFTY31JUL2526700PE.NFO,2025-07-10,14:42:00,2025-07-31,151.75,151.75,151.75,151.75,0,18655,0
FINNIFTY31JUL2526700PE.NFO,2025-07-10,14:43:00,2025-07-31,151.75,151.75,151.75,151.75,0,18655,0
FINNIFTY31JUL2526700PE.NFO,2025-07-10,14:44:00,2025-07-31,151.75,155.0,151.75,155.0,65,18460,0
FINNIFTY31JUL2526700PE.NFO,2025-07-10,14:45:00,2025-07-31,155.0,155.0,155.0,155.0,0,18460,0
FINNIFTY31JUL2526700PE.NFO,2025-07-10,14:46:00,2025-07-31,155.0,155.0,155.0,155.0,0,18460,0
FINNIFTY31JUL2526700PE.NFO,2025-07-10,14:47:00,2025-07-31,155.0,155.0,155.0,155.0,0,18460,0
FINNIFTY31JUL2526700PE.NFO,2025-07-10,14:48:00,2025-07-31,155.0,160.2,155.0,160.2,130,18460,0
FINNIFTY31JUL2526700PE.NFO,2025-07-10,14:49:00,2025-07-31,160.2,160.2,160.2,160.2,0,18460,0
FINNIFTY31JUL2526700PE.NFO,2025-07-10,14:50:00,2025-07-31,160.2,160.2,160.2,160.2,0,18460,0
FINNIFTY31JUL2526700PE.NFO,2025-07-10,14:51:00,2025-07-31,160.2,160.2,160.2,160.2,0,18460,0
FINNIFTY31JUL2526700PE.NFO,2025-07-10,14:52:00,2025-07-31,160.2,160.2,160.2,160.2,0,18460,0
FINNIFTY31JUL2526700PE.NFO,2025-07-10,14:53:00,2025-07-31,160.2,160.2,160.2,160.2,0,18460,0
FINNIFTY31JUL2526700PE.NFO,2025-07-10,14:54:00,2025-07-31,160.2,160.2,160.2,160.2,0,18460,0
FINNIFTY31JUL2526700PE.NFO,2025-07-10,14:55:00,2025-07-31,160.2,160.2,156.25,156.25,65,18395,0
FINNIFTY31JUL2526700PE.NFO,2025-07-10,14:56:00,2025-07-31,156.25,156.25,156.25,156.25,0,18395,0
FINNIFTY31JUL2526700PE.NFO,2025-07-10,14:57:00,2025-07-31,156.25,156.25,156.25,156.25,0,18395,0
FINNIFTY31JUL2526700PE.NFO,2025-07-10,14:58:00,2025-07-31,156.25,156.25,156.25,156.25,0,18395,0
FINNIFTY31JUL2526700PE.NFO,2025-07-10,14:59:00,2025-07-31,156.25,156.25,156.25,156.25,0,18395,0
FINNIFTY31JUL2526700PE.NFO,2025-07-10,15:00:00,2025-07-31,156.25,165.5,156.25,165.5,65,18395,0
FINNIFTY31JUL2526700PE.NFO,2025-07-10,15:01:00,2025-07-31,165.5,165.5,165.5,165.5,0,18395,0
FINNIFTY31JUL2526700PE.NFO,2025-07-10,15:02:00,2025-07-31,165.5,165.5,165.5,165.5,0,18395,0
FINNIFTY31JUL2526700PE.NFO,2025-07-10,15:03:00,2025-07-31,165.5,165.5,165.5,165.5,0,18395,0
FINNIFTY31JUL2526700PE.NFO,2025-07-10,15:04:00,2025-07-31,165.5,165.5,163.0,163.0,65,18395,0
FINNIFTY31JUL2526700PE.NFO,2025-07-10,15:05:00,2025-07-31,163.0,163.0,163.0,163.0,0,18395,0
FINNIFTY31JUL2526700PE.NFO,2025-07-10,15:06:00,2025-07-31,163.0,163.0,163.0,163.0,0,18395,0
FINNIFTY31JUL2526700PE.NFO,2025-07-10,15:07:00,2025-07-31,163.0,163.0,163.0,163.0,0,18395,0
FINNIFTY31JUL2526700PE.NFO,2025-07-10,15:08:00,2025-07-31,163.0,163.0,163.0,163.0,0,18395,0
FINNIFTY31JUL2526700PE.NFO,2025-07-10,15:09:00,2025-07-31,163.0,163.0,163.0,163.0,0,18395,0
FINNIFTY31JUL2526700PE.NFO,2025-07-10,15:10:00,2025-07-31,163.0,163.0,163.0,163.0,0,18395,0
FINNIFTY31JUL2526700PE.NFO,2025-07-10,15:11:00,2025-07-31,163.0,163.0,163.0,163.0,0,18395,0
FINNIFTY31JUL2526700PE.NFO,2025-07-10,15:12:00,2025-07-31,163.0,163.0,163.0,163.0,0,18395,0
FINNIFTY31JUL2526700PE.NFO,2025-07-10,15:13:00,2025-07-31,163.0,163.0,163.0,163.0,0,18395,0
FINNIFTY31JUL2526700PE.NFO,2025-07-10,15:14:00,2025-07-31,163.0,164.1,163.0,164.1,65,18330,0
FINNIFTY31JUL2526700PE.NFO,2025-07-10,15:15:00,2025-07-31,164.1,164.1,164.1,164.1,0,18330,0
FINNIFTY31JUL2526700PE.NFO,2025-07-10,15:16:00,2025-07-31,164.1,164.1,164.1,164.1,0,18330,0
FINNIFTY31JUL2526700PE.NFO,2025-07-10,15:17:00,2025-07-31,164.1,164.35,164.1,164.35,130,18265,0
FINNIFTY31JUL2526700PE.NFO,2025-07-10,15:18:00,2025-07-31,164.35,164.35,164.35,164.35,0,18265,0
FINNIFTY31JUL2526700PE.NFO,2025-07-10,15:19:00,2025-07-31,164.35,164.35,164.35,164.35,0,18265,0
FINNIFTY31JUL2526700PE.NFO,2025-07-10,15:20:00,2025-07-31,164.35,164.35,164.35,164.35,0,18265,0
FINNIFTY31JUL2526700PE.NFO,2025-07-10,15:21:00,2025-07-31,164.35,166.2,164.3,164.3,650,18265,0
FINNIFTY31JUL2526700PE.NFO,2025-07-10,15:22:00,2025-07-31,164.3,164.3,164.3,164.3,0,18265,0
FINNIFTY31JUL2526700PE.NFO,2025-07-10,15:23:00,2025-07-31,164.3,166.4,164.3,166.4,65,18005,0
FINNIFTY31JUL2526700PE.NFO,2025-07-10,15:24:00,2025-07-31,166.4,166.5,166.4,166.5,65,18005,0
FINNIFTY31JUL2526700PE.NFO,2025-07-10,15:25:00,2025-07-31,166.5,166.95,166.2,166.85,390,18005,0
FINNIFTY31JUL2526700PE.NFO,2025-07-10,15:26:00,2025-07-31,166.85,166.85,166.85,166.85,0,18005,0
FINNIFTY31JUL2526700PE.NFO,2025-07-10,15:27:00,2025-07-31,167.2,167.2,167.2,167.2,65,17875,0
FINNIFTY31JUL2526700PE.NFO,2025-07-10,15:28:00,2025-07-31,167.2,167.2,165.95,166.5,195,17810,0
FINNIFTY31JUL2526700PE.NFO,2025-07-10,15:29:00,2025-07-31,166.5,166.5,166.5,166.5,0,17810,0
FINNIFTY31JUL2526700PE.NFO,2025-07-10,15:30:00,2025-07-31,166.5,166.5,166.5,166.5,0,17810,1
FINNIFTY31JUL2526700PE.NFO,2025-07-11,09:15:00,2025-07-31,184.95,184.95,184.95,184.95,0,17550,0
FINNIFTY31JUL2526700PE.NFO,2025-07-11,09:16:00,2025-07-31,184.95,184.95,172.25,174.0,520,17550,0
FINNIFTY31JUL2526700PE.NFO,2025-07-11,09:17:00,2025-07-31,174.0,178.0,174.0,178.0,0,17550,0
FINNIFTY31JUL2526700PE.NFO,2025-07-11,09:18:00,2025-07-31,178.0,178.0,174.0,176.95,2730,17550,0
FINNIFTY31JUL2526700PE.NFO,2025-07-11,09:19:00,2025-07-31,173.0,175.0,173.0,175.0,585,16640,0
FINNIFTY31JUL2526700PE.NFO,2025-07-11,09:20:00,2025-07-31,175.0,175.0,175.0,175.0,0,16640,0
FINNIFTY31JUL2526700PE.NFO,2025-07-11,09:21:00,2025-07-31,175.0,175.0,175.0,175.0,0,16640,0
FINNIFTY31JUL2526700PE.NFO,2025-07-11,09:22:00,2025-07-31,175.0,176.15,175.0,176.15,65,16250,0
FINNIFTY31JUL2526700PE.NFO,2025-07-11,09:23:00,2025-07-31,176.15,176.15,176.15,176.15,0,16250,0
FINNIFTY31JUL2526700PE.NFO,2025-07-11,09:24:00,2025-07-31,176.15,176.15,176.15,176.15,0,16250,0
FINNIFTY31JUL2526700PE.NFO,2025-07-11,09:25:00,2025-07-31,176.15,176.15,166.25,167.0,520,16250,0
FINNIFTY31JUL2526700PE.NFO,2025-07-11,09:26:00,2025-07-31,167.0,167.0,165.9,166.0,130,16250,0
FINNIFTY31JUL2526700PE.NFO,2025-07-11,09:27:00,2025-07-31,166.0,166.0,165.4,165.4,65,15795,0
FINNIFTY31JUL2526700PE.NFO,2025-07-11,09:28:00,2025-07-31,165.4,165.4,165.4,165.4,0,15795,0
FINNIFTY31JUL2526700PE.NFO,2025-07-11,09:29:00,2025-07-31,165.4,166.1,165.4,166.1,0,15795,0
FINNIFTY31JUL2526700PE.NFO,2025-07-11,09:30:00,2025-07-31,166.1,166.85,166.1,166.85,65,15795,0
FINNIFTY31JUL2526700PE.NFO,2025-07-11,09:31:00,2025-07-31,166.85,166.85,166.85,166.85,0,15795,0
FINNIFTY31JUL2526700PE.NFO,2025-07-11,09:32:00,2025-07-31,166.85,171.0,166.85,171.0,195,15730,0
FINNIFTY31JUL2526700PE.NFO,2025-07-11,09:33:00,2025-07-31,171.0,171.0,170.25,170.25,65,15730,0
FINNIFTY31JUL2526700PE.NFO,2025-07-11,09:34:00,2025-07-31,170.25,170.25,170.25,170.25,65,15925,0
FINNIFTY31JUL2526700PE.NFO,2025-07-11,09:35:00,2025-07-31,170.25,170.25,170.25,170.25,0,15925,0
FINNIFTY31JUL2526700PE.NFO,2025-07-11,09:36:00,2025-07-31,170.25,170.25,170.25,170.25,0,15925,0
FINNIFTY31JUL2526700PE.NFO,2025-07-11,09:37:00,2025-07-31,170.25,170.85,169.2,169.2,195,15925,0
FINNIFTY31JUL2526700PE.NFO,2025-07-11,09:38:00,2025-07-31,169.2,169.2,169.2,169.2,0,15925,0
FINNIFTY31JUL2526700PE.NFO,2025-07-11,09:39:00,2025-07-31,169.2,169.2,166.9,166.9,65,15990,0
FINNIFTY31JUL2526700PE.NFO,2025-07-11,09:40:00,2025-07-31,166.9,166.9,166.9,166.9,0,15990,0
FINNIFTY31JUL2526700PE.NFO,2025-07-11,09:41:00,2025-07-31,166.9,166.9,166.9,166.9,0,15990,0
FINNIFTY31JUL2526700PE.NFO,2025-07-11,09:42:00,2025-07-31,166.9,166.9,166.9,166.9,0,15990,0
FINNIFTY31JUL2526700PE.NFO,2025-07-11,09:43:00,2025-07-31,166.9,166.9,166.9,166.9,0,15990,0
FINNIFTY31JUL2526700PE.NFO,2025-07-11,09:44:00,2025-07-31,166.9,166.9,166.9,166.9,0,15990,0
FINNIFTY31JUL2526700PE.NFO,2025-07-11,09:45:00,2025-07-31,166.9,166.9,166.9,166.9,0,15990,0
FINNIFTY31JUL2526700PE.NFO,2025-07-11,09:46:00,2025-07-31,166.9,172.2,166.9,172.2,130,15990,0
FINNIFTY31JUL2526700PE.NFO,2025-07-11,09:47:00,2025-07-31,172.2,172.2,172.2,172.2,0,15990,0
FINNIFTY31JUL2526700PE.NFO,2025-07-11,09:48:00,2025-07-31,172.2,172.55,172.2,172.55,130,15990,0
FINNIFTY31JUL2526700PE.NFO,2025-07-11,09:49:00,2025-07-31,172.55,172.55,172.55,172.55,0,15990,0
FINNIFTY31JUL2526700PE.NFO,2025-07-11,09:50:00,2025-07-31,172.55,172.7,172.55,172.7,65,15990,0
FINNIFTY31JUL2526700PE.NFO,2025-07-11,09:51:00,2025-07-31,172.7,172.7,172.7,172.7,0,15990,0
FINNIFTY31JUL2526700PE.NFO,2025-07-11,09:52:00,2025-07-31,172.7,172.7,171.75,171.75,65,16055,0
FINNIFTY31JUL2526700PE.NFO,2025-07-11,09:53:00,2025-07-31,171.75,171.75,171.75,171.75,0,16055,0
FINNIFTY31JUL2526700PE.NFO,2025-07-11,09:54:00,2025-07-31,171.75,172.8,171.75,172.8,325,16055,0
FINNIFTY31JUL2526700PE.NFO,2025-07-11,09:55:00,2025-07-31,172.8,172.8,172.8,172.8,0,16055,0
FINNIFTY31JUL2526700PE.NFO,2025-07-11,09:56:00,2025-07-31,172.8,172.8,170.45,170.45,325,16055,0
FINNIFTY31JUL2526700PE.NFO,2025-07-11,09:57:00,2025-07-31,170.45,170.45,170.45,170.45,0,16055,0
FINNIFTY31JUL2526700PE.NFO,2025-07-11,09:58:00,2025-07-31,170.45,171.15,170.45,171.15,130,15990,0
FINNIFTY31JUL2526700PE.NFO,2025-07-11,09:59:00,2025-07-31,171.15,171.15,171.15,171.15,0,15990,0
FINNIFTY31JUL2526700PE.NFO,2025-07-11,10:00:00,2025-07-31,171.15,171.15,171.15,171.15,0,15990,0
FINNIFTY31JUL2526700PE.NFO,2025-07-11,10:01:00,2025-07-31,171.15,171.15,171.15,171.15,0,15990,0
FINNIFTY31JUL2526700PE.NFO,2025-07-11,10:02:00,2025-07-31,171.15,171.15,171.15,171.15,0,15990,0
FINNIFTY31JUL2526700PE.NFO,2025-07-11,10:03:00,2025-07-31,171.15,171.15,171.15,171.15,0,15990,0
FINNIFTY31JUL2526700PE.NFO,2025-07-11,10:04:00,2025-07-31,171.15,171.15,171.15,171.15,0,15990,0
FINNIFTY31JUL2526700PE.NFO,2025-07-11,10:05:00,2025-07-31,171.15,171.15,171.15,171.15,0,15990,0
FINNIFTY31JUL2526700PE.NFO,2025-07-11,10:06:00,2025-07-31,171.15,177.5,171.15,177.5,130,15990,0
FINNIFTY31JUL2526700PE.NFO,2025-07-11,10:07:00,2025-07-31,177.5,178.3,177.5,177.95,260,15990,0
FINNIFTY31JUL2526700PE.NFO,2025-07-11,10:08:00,2025-07-31,177.95,177.95,177.95,177.95,65,15990,0
FINNIFTY31JUL2526700PE.NFO,2025-07-11,10:09:00,2025-07-31,177.95,177.95,177.95,177.95,0,15990,0
FINNIFTY31JUL2526700PE.NFO,2025-07-11,10:10:00,2025-07-31,177.95,177.95,177.95,177.95,65,15990,0
FINNIFTY31JUL2526700PE.NFO,2025-07-11,10:11:00,2025-07-31,177.95,177.95,177.95,177.95,0,15990,0
FINNIFTY31JUL2526700PE.NFO,2025-07-11,10:12:00,2025-07-31,177.95,177.95,177.95,177.95,0,15990,0
FINNIFTY31JUL2526700PE.NFO,2025-07-11,10:13:00,2025-07-31,177.95,180.0,177.95,180.0,65,15925,0
FINNIFTY31JUL2526700PE.NFO,2025-07-11,10:14:00,2025-07-31,180.0,180.0,180.0,180.0,0,15925,0
FINNIFTY31JUL2526700PE.NFO,2025-07-11,10:15:00,2025-07-31,180.0,184.55,180.0,184.55,130,15860,0
FINNIFTY31JUL2526700PE.NFO,2025-07-11,10:16:00,2025-07-31,184.55,184.55,182.9,182.9,65,15860,0
FINNIFTY31JUL2526700PE.NFO,2025-07-11,10:17:00,2025-07-31,182.9,182.9,182.9,182.9,0,15860,0
FINNIFTY31JUL2526700PE.NFO,2025-07-11,10:18:00,2025-07-31,182.9,183.5,182.8,183.5,130,15795,0
FINNIFTY31JUL2526700PE.NFO,2025-07-11,10:19:00,2025-07-31,183.5,185.9,183.5,185.9,455,15795,0
FINNIFTY31JUL2526700PE.NFO,2025-07-11,10:20:00,2025-07-31,185.9,185.9,185.9,185.9,0,15795,0
FINNIFTY31JUL2526700PE.NFO,2025-07-11,10:21:00,2025-07-31,185.9,185.9,181.9,181.9,325,15795,0
FINNIFTY31JUL2526700PE.NFO,2025-07-11,10:22:00,2025-07-31,181.9,188.0,181.9,188.0,130,15795,0
FINNIFTY31JUL2526700PE.NFO,2025-07-11,10:23:00,2025-07-31,188.0,188.0,186.1,186.1,1430,15795,0
FINNIFTY31JUL2526700PE.NFO,2025-07-11,10:24:00,2025-07-31,186.1,186.1,186.1,186.1,0,15795,0
FINNIFTY31JUL2526700PE.NFO,2025-07-11,10:25:00,2025-07-31,186.1,186.1,186.1,186.1,0,15795,0
FINNIFTY31JUL2526700PE.NFO,2025-07-11,10:26:00,2025-07-31,186.1,186.1,186.1,186.1,0,15795,0
FINNIFTY31JUL2526700PE.NFO,2025-07-11,10:27:00,2025-07-31,186.1,186.1,184.8,184.8,65,16770,0
FINNIFTY31JUL2526700PE.NFO,2025-07-11,10:28:00,2025-07-31,184.8,184.8,184.8,184.8,0,16770,0
FINNIFTY31JUL2526700PE.NFO,2025-07-11,10:29:00,2025-07-31,184.8,187.1,184.8,185.75,195,16835,0
FINNIFTY31JUL2526700PE.NFO,2025-07-11,10:30:00,2025-07-31,185.75,186.45,185.75,186.45,130,16835,0
FINNIFTY31JUL2526700PE.NFO,2025-07-11,10:31:00,2025-07-31,186.45,190.0,186.45,189.95,195,16640,0
FINNIFTY31JUL2526700PE.NFO,2025-07-11,10:32:00,2025-07-31,189.95,190.8,189.95,190.8,130,16640,0
FINNIFTY31JUL2526700PE.NFO,2025-07-11,10:33:00,2025-07-31,190.8,190.8,190.8,190.8,0,16640,0
FINNIFTY31JUL2526700PE.NFO,2025-07-11,10:34:00,2025-07-31,190.8,196.9,190.8,196.9,845,16510,0
FINNIFTY31JUL2526700PE.NFO,2025-07-11,10:35:00,2025-07-31,196.9,198.05,195.65,196.0,3445,16510,0
FINNIFTY31JUL2526700PE.NFO,2025-07-11,10:36:00,2025-07-31,196.0,196.0,196.0,196.0,65,16510,0
FINNIFTY31JUL2526700PE.NFO,2025-07-11,10:37:00,2025-07-31,196.0,196.0,193.65,193.65,130,16770,0
FINNIFTY31JUL2526700PE.NFO,2025-07-11,10:38:00,2025-07-31,193.65,193.65,191.9,191.9,65,16770,0
FINNIFTY31JUL2526700PE.NFO,2025-07-11,10:39:00,2025-07-31,191.9,194.25,191.9,194.25,260,16770,0
FINNIFTY31JUL2526700PE.NFO,2025-07-11,10:40:00,2025-07-31,194.25,196.35,194.25,196.35,65,16770,0
FINNIFTY31JUL2526700PE.NFO,2025-07-11,10:41:00,2025-07-31,196.35,196.35,194.8,194.8,65,16770,0
FINNIFTY31JUL2526700PE.NFO,2025-07-11,10:42:00,2025-07-31,194.8,194.8,194.8,194.8,0,16770,0
FINNIFTY31JUL2526700PE.NFO,2025-07-11,10:43:00,2025-07-31,194.8,194.8,194.8,194.8,0,16770,0
FINNIFTY31JUL2526700PE.NFO,2025-07-11,10:44:00,2025-07-31,194.8,194.8,194.8,194.8,0,16770,0
FINNIFTY31JUL2526700PE.NFO,2025-07-11,10:45:00,2025-07-31,194.8,203.75,194.8,203.75,260,16705,0
FINNIFTY31JUL2526700PE.NFO,2025-07-11,10:46:00,2025-07-31,203.75,205.1,203.0,203.0,455,16705,0
FINNIFTY31JUL2526700PE.NFO,2025-07-11,10:47:00,2025-07-31,203.0,203.0,203.0,203.0,0,16705,0
FINNIFTY31JUL2526700PE.NFO,2025-07-11,10:48:00,2025-07-31,203.0,203.75,203.0,203.75,195,16705,0
FINNIFTY31JUL2526700PE.NFO,2025-07-11,10:49:00,2025-07-31,203.75,203.75,203.75,203.75,0,16705,0
FINNIFTY31JUL2526700PE.NFO,2025-07-11,10:50:00,2025-07-31,203.75,204.75,202.85,202.85,260,16380,0
FINNIFTY31JUL2526700PE.NFO,2025-07-11,10:51:00,2025-07-31,202.85,202.85,202.85,202.85,0,16380,0
FINNIFTY31JUL2526700PE.NFO,2025-07-11,10:52:00,2025-07-31,202.85,202.85,198.9,200.0,390,16315,0
FINNIFTY31JUL2526700PE.NFO,2025-07-11,10:53:00,2025-07-31,200.0,200.0,200.0,200.0,0,16315,0
FINNIFTY31JUL2526700PE.NFO,2025-07-11,10:54:00,2025-07-31,200.0,200.0,198.0,198.0,65,16185,0
FINNIFTY31JUL2526700PE.NFO,2025-07-11,10:55:00,2025-07-31,198.0,199.55,198.0,199.55,130,16185,0
FINNIFTY31JUL2526700PE.NFO,2025-07-11,10:56:00,2025-07-31,199.55,199.55,199.55,199.55,0,16185,0
FINNIFTY31JUL2526700PE.NFO,2025-07-11,10:57:00,2025-07-31,199.55,204.75,199.55,204.75,130,16120,0
FINNIFTY31JUL2526700PE.NFO,2025-07-11,10:58:00,2025-07-31,204.75,209.0,204.75,209.0,2730,16120,0
FINNIFTY31JUL2526700PE.NFO,2025-07-11,10:59:00,2025-07-31,209.0,211.8,209.0,211.8,65,16120,0
FINNIFTY31JUL2526700PE.NFO,2025-07-11,11:00:00,2025-07-31,211.8,211.8,211.8,211.8,0,16120,0
FINNIFTY31JUL2526700PE.NFO,2025-07-11,11:01:00,2025-07-31,211.8,213.85,211.8,213.85,195,14820,0
FINNIFTY31JUL2526700PE.NFO,2025-07-11,11:02:00,2025-07-31,213.85,213.85,213.85,213.85,0,14820,0
FINNIFTY31JUL2526700PE.NFO,2025-07-11,11:03:00,2025-07-31,213.85,216.45,213.85,215.9,715,14885,0
FINNIFTY31JUL2526700PE.NFO,2025-07-11,11:04:00,2025-07-31,216.45,216.45,215.05,215.05,1820,14885,0
FINNIFTY31JUL2526700PE.NFO,2025-07-11,11:05:00,2025-07-31,215.05,215.05,215.05,215.05,0,14885,0
FINNIFTY31JUL2526700PE.NFO,2025-07-11,11:06:00,2025-07-31,215.05,215.05,208.0,208.0,130,14690,0
FINNIFTY31JUL2526700PE.NFO,2025-07-11,11:07:00,2025-07-31,208.0,208.0,208.0,208.0,0,14690,0
FINNIFTY31JUL2526700PE.NFO,2025-07-11,11:08:00,2025-07-31,208.0,208.0,208.0,208.0,0,14690,0
FINNIFTY31JUL2526700PE.NFO,2025-07-11,11:09:00,2025-07-31,208.0,215.25,208.0,215.25,65,14690,0
FINNIFTY31JUL2526700PE.NFO,2025-07-11,11:10:00,2025-07-31,215.25,215.25,211.95,211.95,195,14690,0
FINNIFTY31JUL2526700PE.NFO,2025-07-11,11:11:00,2025-07-31,211.95,211.95,208.0,208.0,65,14690,0
FINNIFTY31JUL2526700PE.NFO,2025-07-11,11:12:00,2025-07-31,208.0,208.0,199.85,200.1,260,14625,0
FINNIFTY31JUL2526700PE.NFO,2025-07-11,11:13:00,2025-07-31,200.1,203.25,198.3,203.25,195,14625,0
FINNIFTY31JUL2526700PE.NFO,2025-07-11,11:14:00,2025-07-31,203.25,203.25,203.25,203.25,0,14625,0
FINNIFTY31JUL2526700PE.NFO,2025-07-11,11:15:00,2025-07-31,203.25,203.25,203.25,203.25,0,14625,0
FINNIFTY31JUL2526700PE.NFO,2025-07-11,11:16:00,2025-07-31,203.25,203.25,203.25,203.25,0,14625,0
FINNIFTY31JUL2526700PE.NFO,2025-07-11,11:17:00,2025-07-31,203.25,206.2,203.25,206.2,65,14625,0
FINNIFTY31JUL2526700PE.NFO,2025-07-11,11:18:00,2025-07-31,206.2,206.2,206.2,206.2,0,14625,0
FINNIFTY31JUL2526700PE.NFO,2025-07-11,11:19:00,2025-07-31,206.2,206.2,206.2,206.2,0,14625,0
FINNIFTY31JUL2526700PE.NFO,2025-07-11,11:20:00,2025-07-31,206.2,206.2,206.2,206.2,0,14625,0
FINNIFTY31JUL2526700PE.NFO,2025-07-11,11:21:00,2025-07-31,206.2,206.2,206.2,206.2,0,14625,0
FINNIFTY31JUL2526700PE.NFO,2025-07-11,11:22:00,2025-07-31,206.2,206.2,206.2,206.2,0,14625,0
FINNIFTY31JUL2526700PE.NFO,2025-07-11,11:23:00,2025-07-31,206.2,206.2,206.2,206.2,0,14625,0
FINNIFTY31JUL2526700PE.NFO,2025-07-11,11:24:00,2025-07-31,206.2,206.65,206.2,206.65,195,14625,0
FINNIFTY31JUL2526700PE.NFO,2025-07-11,11:25:00,2025-07-31,206.65,206.65,206.65,206.65,0,14625,0
FINNIFTY31JUL2526700PE.NFO,2025-07-11,11:26:00,2025-07-31,206.65,206.65,206.65,206.65,0,14625,0
FINNIFTY31JUL2526700PE.NFO,2025-07-11,11:27:00,2025-07-31,206.65,206.65,206.65,206.65,0,14625,0
FINNIFTY31JUL2526700PE.NFO,2025-07-11,11:28:00,2025-07-31,206.65,207.35,206.65,207.35,65,14560,0
FINNIFTY31JUL2526700PE.NFO,2025-07-11,11:29:00,2025-07-31,207.35,207.35,205.0,205.0,65,14560,0
FINNIFTY31JUL2526700PE.NFO,2025-07-11,11:30:00,2025-07-31,205.0,205.0,205.0,205.0,0,14560,0
FINNIFTY31JUL2526700PE.NFO,2025-07-11,11:31:00,2025-07-31,205.0,205.0,205.0,205.0,0,14560,0
FINNIFTY31JUL2526700PE.NFO,2025-07-11,11:32:00,2025-07-31,205.0,205.0,205.0,205.0,0,14560,0
FINNIFTY31JUL2526700PE.NFO,2025-07-11,11:33:00,2025-07-31,205.0,205.0,205.0,205.0,0,14560,0
FINNIFTY31JUL2526700PE.NFO,2025-07-11,11:34:00,2025-07-31,205.0,205.0,205.0,205.0,0,14560,0
FINNIFTY31JUL2526700PE.NFO,2025-07-11,11:35:00,2025-07-31,205.0,205.0,196.0,196.0,1560,14560,0
FINNIFTY31JUL2526700PE.NFO,2025-07-11,11:36:00,2025-07-31,196.0,196.0,196.0,196.0,0,14560,0
FINNIFTY31JUL2526700PE.NFO,2025-07-11,11:37:00,2025-07-31,196.0,199.9,196.0,199.9,65,14495,0
FINNIFTY31JUL2526700PE.NFO,2025-07-11,11:38:00,2025-07-31,199.9,199.9,199.9,199.9,0,14495,0
FINNIFTY31JUL2526700PE.NFO,2025-07-11,11:39:00,2025-07-31,199.9,199.9,199.9,199.9,0,14495,0
FINNIFTY31JUL2526700PE.NFO,2025-07-11,11:40:00,2025-07-31,199.9,199.9,199.9,199.9,0,14495,0
FINNIFTY31JUL2526700PE.NFO,2025-07-11,11:41:00,2025-07-31,199.9,199.9,199.9,199.9,65,14495,0
FINNIFTY31JUL2526700PE.NFO,2025-07-11,11:42:00,2025-07-31,199.9,199.9,199.9,199.9,0,14495,0
FINNIFTY31JUL2526700PE.NFO,2025-07-11,11:43:00,2025-07-31,199.9,199.9,199.9,199.9,0,14495,0
FINNIFTY31JUL2526700PE.NFO,2025-07-11,11:44:00,2025-07-31,199.9,199.9,199.9,199.9,0,14495,0
FINNIFTY31JUL2526700PE.NFO,2025-07-11,11:45:00,2025-07-31,199.9,199.9,199.9,199.9,0,14495,0
FINNIFTY31JUL2526700PE.NFO,2025-07-11,11:46:00,2025-07-31,199.9,203.4,199.9,203.4,130,14430,0
FINNIFTY31JUL2526700PE.NFO,2025-07-11,11:47:00,2025-07-31,203.4,203.4,203.25,203.25,65,14430,0
FINNIFTY31JUL2526700PE.NFO,2025-07-11,11:48:00,2025-07-31,203.25,203.25,203.25,203.25,0,14430,0
FINNIFTY31JUL2526700PE.NFO,2025-07-11,11:49:00,2025-07-31,203.25,203.25,203.25,203.25,0,14430,0
FINNIFTY31JUL2526700PE.NFO,2025-07-11,11:50:00,2025-07-31,203.25,203.25,203.25,203.25,0,14430,0
FINNIFTY31JUL2526700PE.NFO,2025-07-11,11:51:00,2025-07-31,203.25,203.25,203.25,203.25,0,14430,0
FINNIFTY31JUL2526700PE.NFO,2025-07-11,11:52:00,2025-07-31,203.25,203.25,203.25,203.25,0,14430,0
FINNIFTY31JUL2526700PE.NFO,2025-07-11,11:53:00,2025-07-31,203.25,203.25,203.25,203.25,0,14430,0
FINNIFTY31JUL2526700PE.NFO,2025-07-11,11:54:00,2025-07-31,203.25,203.25,203.25,203.25,0,14430,0
FINNIFTY31JUL2526700PE.NFO,2025-07-11,11:55:00,2025-07-31,203.25,203.25,203.25,203.25,0,14430,0
FINNIFTY31JUL2526700PE.NFO,2025-07-11,11:56:00,2025-07-31,203.25,203.25,203.25,203.25,0,14430,0
FINNIFTY31JUL2526700PE.NFO,2025-07-11,11:57:00,2025-07-31,203.25,208.0,203.25,208.0,195,14430,0
FINNIFTY31JUL2526700PE.NFO,2025-07-11,11:58:00,2025-07-31,208.0,208.0,206.3,206.3,65,14430,0
FINNIFTY31JUL2526700PE.NFO,2025-07-11,11:59:00,2025-07-31,206.3,206.3,206.3,206.3,0,14430,0
FINNIFTY31JUL2526700PE.NFO,2025-07-11,12:00:00,2025-07-31,206.3,208.6,206.3,207.9,260,14560,0
FINNIFTY31JUL2526700PE.NFO,2025-07-11,12:01:00,2025-07-31,207.9,210.95,207.9,210.95,65,14560,0
FINNIFTY31JUL2526700PE.NFO,2025-07-11,12:02:00,2025-07-31,210.95,210.95,210.95,210.95,0,14560,0
FINNIFTY31JUL2526700PE.NFO,2025-07-11,12:03:00,2025-07-31,210.95,210.95,210.95,210.95,0,14560,0
FINNIFTY31JUL2526700PE.NFO,2025-07-11,12:04:00,2025-07-31,210.95,216.0,210.95,213.55,715,14560,0
FINNIFTY31JUL2526700PE.NFO,2025-07-11,12:05:00,2025-07-31,213.55,213.55,213.55,213.55,0,14560,0
FINNIFTY31JUL2526700PE.NFO,2025-07-11,12:06:00,2025-07-31,213.55,213.55,213.55,213.55,0,14560,0
FINNIFTY31JUL2526700PE.NFO,2025-07-11,12:07:00,2025-07-31,213.55,213.55,207.55,207.55,65,14560,0
FINNIFTY31JUL2526700PE.NFO,2025-07-11,12:08:00,2025-07-31,207.55,207.55,207.55,207.55,0,14560,0
FINNIFTY31JUL2526700PE.NFO,2025-07-11,12:09:00,2025-07-31,207.55,213.0,207.55,213.0,65,14560,0
FINNIFTY31JUL2526700PE.NFO,2025-07-11,12:10:00,2025-07-31,213.0,213.0,210.15,210.15,130,14560,0
FINNIFTY31JUL2526700PE.NFO,2025-07-11,12:11:00,2025-07-31,210.15,210.15,210.15,210.15,0,14560,0
FINNIFTY31JUL2526700PE.NFO,2025-07-11,12:12:00,2025-07-31,210.15,210.8,208.0,208.0,325,14820,0
FINNIFTY31JUL2526700PE.NFO,2025-07-11,12:13:00,2025-07-31,208.0,208.0,208.0,208.0,0,14820,0
FINNIFTY31JUL2526700PE.NFO,2025-07-11,12:14:00,2025-07-31,208.0,208.0,208.0,208.0,0,14820,0
FINNIFTY31JUL2526700PE.NFO,2025-07-11,12:15:00,2025-07-31,208.0,208.0,208.0,208.0,0,14820,0
FINNIFTY31JUL2526700PE.NFO,2025-07-11,12:16:00,2025-07-31,208.0,208.0,208.0,208.0,0,14820,0
FINNIFTY31JUL2526700PE.NFO,2025-07-11,12:17:00,2025-07-31,208.0,208.0,208.0,208.0,0,14820,0
FINNIFTY31JUL2526700PE.NFO,2025-07-11,12:18:00,2025-07-31,208.0,208.0,208.0,208.0,0,14820,0
FINNIFTY31JUL2526700PE.NFO,2025-07-11,12:19:00,2025-07-31,208.0,208.0,208.0,208.0,0,14820,0
FINNIFTY31JUL2526700PE.NFO,2025-07-11,12:20:00,2025-07-31,208.0,208.0,208.0,208.0,0,14820,0
FINNIFTY31JUL2526700PE.NFO,2025-07-11,12:21:00,2025-07-31,208.0,208.0,208.0,208.0,0,14820,0
FINNIFTY31JUL2526700PE.NFO,2025-07-11,12:22:00,2025-07-31,208.0,208.0,203.5,203.5,65,14690,0
FINNIFTY31JUL2526700PE.NFO,2025-07-11,12:23:00,2025-07-31,203.5,203.5,202.9,202.9,130,14690,0
FINNIFTY31JUL2526700PE.NFO,2025-07-11,12:24:00,2025-07-31,202.9,202.9,202.9,202.9,0,14690,0
FINNIFTY31JUL2526700PE.NFO,2025-07-11,12:25:00,2025-07-31,202.9,202.9,202.9,202.9,0,14690,0
FINNIFTY31JUL2526700PE.NFO,2025-07-11,12:26:00,2025-07-31,202.9,202.9,202.45,202.45,65,14755,0
FINNIFTY31JUL2526700PE.NFO,2025-07-11,12:27:00,2025-07-31,202.45,202.45,202.45,202.45,0,14755,0
FINNIFTY31JUL2526700PE.NFO,2025-07-11,12:28:00,2025-07-31,202.45,202.45,202.45,202.45,0,14755,0
FINNIFTY31JUL2526700PE.NFO,2025-07-11,12:29:00,2025-07-31,202.45,202.45,202.45,202.45,0,14755,0
FINNIFTY31JUL2526700PE.NFO,2025-07-11,12:30:00,2025-07-31,202.45,202.45,197.45,197.9,390,14690,0
FINNIFTY31JUL2526700PE.NFO,2025-07-11,12:31:00,2025-07-31,197.9,197.9,197.9,197.9,0,14690,0
FINNIFTY31JUL2526700PE.NFO,2025-07-11,12:32:00,2025-07-31,197.9,197.9,197.9,197.9,0,14690,0
FINNIFTY31JUL2526700PE.NFO,2025-07-11,12:33:00,2025-07-31,197.9,198.95,197.9,198.95,195,14560,0
FINNIFTY31JUL2526700PE.NFO,2025-07-11,12:34:00,2025-07-31,198.95,198.95,198.7,198.7,65,14560,0
FINNIFTY31JUL2526700PE.NFO,2025-07-11,12:35:00,2025-07-31,198.7,198.7,198.7,198.7,0,14560,0
FINNIFTY31JUL2526700PE.NFO,2025-07-11,12:36:00,2025-07-31,198.7,198.7,192.65,192.65,65,14560,0
FINNIFTY31JUL2526700PE.NFO,2025-07-11,12:37:00,2025-07-31,192.65,192.65,192.65,192.65,0,14560,0
FINNIFTY31JUL2526700PE.NFO,2025-07-11,12:38:00,2025-07-31,192.65,192.65,190.5,192.65,130,14625,0
FINNIFTY31JUL2526700PE.NFO,2025-07-11,12:39:00,2025-07-31,192.65,192.65,192.65,192.65,0,14625,0
FINNIFTY31JUL2526700PE.NFO,2025-07-11,12:40:00,2025-07-31,192.65,192.65,192.65,192.65,0,14625,0
FINNIFTY31JUL2526700PE.NFO,2025-07-11,12:41:00,2025-07-31,192.65,192.65,192.65,192.65,0,14625,0
FINNIFTY31JUL2526700PE.NFO,2025-07-11,12:42:00,2025-07-31,192.65,192.65,192.65,192.65,0,14625,0
FINNIFTY31JUL2526700PE.NFO,2025-07-11,12:43:00,2025-07-31,192.65,192.65,192.65,192.65,0,14625,0
FINNIFTY31JUL2526700PE.NFO,2025-07-11,12:44:00,2025-07-31,192.65,192.65,185.0,185.0,390,14495,0
FINNIFTY31JUL2526700PE.NFO,2025-07-11,12:45:00,2025-07-31,185.0,189.9,185.0,189.9,325,14495,0
FINNIFTY31JUL2526700PE.NFO,2025-07-11,12:46:00,2025-07-31,189.9,189.9,188.5,188.5,65,14690,0
FINNIFTY31JUL2526700PE.NFO,2025-07-11,12:47:00,2025-07-31,188.5,188.5,188.5,188.5,0,14690,0
FINNIFTY31JUL2526700PE.NFO,2025-07-11,12:48:00,2025-07-31,188.5,188.5,188.5,188.5,0,14690,0
FINNIFTY31JUL2526700PE.NFO,2025-07-11,12:49:00,2025-07-31,188.5,190.05,188.5,190.05,65,14690,0
FINNIFTY31JUL2526700PE.NFO,2025-07-11,12:50:00,2025-07-31,190.05,190.05,190.05,190.05,0,14690,0
FINNIFTY31JUL2526700PE.NFO,2025-07-11,12:51:00,2025-07-31,190.05,190.05,190.05,190.05,0,14690,0
FINNIFTY31JUL2526700PE.NFO,2025-07-11,12:52:00,2025-07-31,190.05,194.55,190.05,194.55,0,14625,0
FINNIFTY31JUL2526700PE.NFO,2025-07-11,12:53:00,2025-07-31,194.55,194.55,194.55,194.55,0,14625,0
FINNIFTY31JUL2526700PE.NFO,2025-07-11,12:54:00,2025-07-31,194.55,194.55,194.55,194.55,0,14625,0
FINNIFTY31JUL2526700PE.NFO,2025-07-11,12:55:00,2025-07-31,194.55,194.55,194.55,194.55,0,14625,0
FINNIFTY31JUL2526700PE.NFO,2025-07-11,12:56:00,2025-07-31,194.55,194.55,194.55,194.55,0,14625,0
FINNIFTY31JUL2526700PE.NFO,2025-07-11,12:57:00,2025-07-31,194.55,194.55,194.55,194.55,0,14625,0
FINNIFTY31JUL2526700PE.NFO,2025-07-11,12:58:00,2025-07-31,194.55,196.5,194.55,196.5,65,14625,0
FINNIFTY31JUL2526700PE.NFO,2025-07-11,12:59:00,2025-07-31,196.5,196.5,196.5,196.5,0,14625,0
FINNIFTY31JUL2526700PE.NFO,2025-07-11,13:00:00,2025-07-31,196.5,196.5,192.2,192.2,130,14625,0
FINNIFTY31JUL2526700PE.NFO,2025-07-11,13:01:00,2025-07-31,192.2,192.2,190.95,190.95,65,14560,0
FINNIFTY31JUL2526700PE.NFO,2025-07-11,13:02:00,2025-07-31,190.95,190.95,190.95,190.95,0,14560,0
FINNIFTY31JUL2526700PE.NFO,2025-07-11,13:03:00,2025-07-31,190.95,190.95,190.95,190.95,0,14560,0
FINNIFTY31JUL2526700PE.NFO,2025-07-11,13:04:00,2025-07-31,190.95,190.95,190.95,190.95,0,14560,0
FINNIFTY31JUL2526700PE.NFO,2025-07-11,13:05:00,2025-07-31,190.95,190.95,190.95,190.95,0,14560,0
FINNIFTY31JUL2526700PE.NFO,2025-07-11,13:06:00,2025-07-31,190.95,190.95,190.95,190.95,0,14560,0
FINNIFTY31JUL2526700PE.NFO,2025-07-11,13:07:00,2025-07-31,190.95,190.95,190.95,190.95,0,14560,0
FINNIFTY31JUL2526700PE.NFO,2025-07-11,13:08:00,2025-07-31,190.95,197.55,190.95,197.55,65,14625,0
FINNIFTY31JUL2526700PE.NFO,2025-07-11,13:09:00,2025-07-31,197.55,200.95,197.55,200.5,455,14625,0
FINNIFTY31JUL2526700PE.NFO,2025-07-11,13:10:00,2025-07-31,200.5,200.5,200.5,200.5,0,14625,0
FINNIFTY31JUL2526700PE.NFO,2025-07-11,13:11:00,2025-07-31,200.5,200.5,200.5,200.5,0,14625,0
FINNIFTY31JUL2526700PE.NFO,2025-07-11,13:12:00,2025-07-31,200.5,200.5,199.85,199.85,65,14820,0
FINNIFTY31JUL2526700PE.NFO,2025-07-11,13:13:00,2025-07-31,199.85,199.85,199.85,199.85,0,14820,0
FINNIFTY31JUL2526700PE.NFO,2025-07-11,13:14:00,2025-07-31,199.85,200.3,199.85,200.3,65,14885,0
FINNIFTY31JUL2526700PE.NFO,2025-07-11,13:15:00,2025-07-31,200.3,200.3,200.3,200.3,0,14885,0
FINNIFTY31JUL2526700PE.NFO,2025-07-11,13:16:00,2025-07-31,200.3,200.3,200.3,200.3,0,14885,0
FINNIFTY31JUL2526700PE.NFO,2025-07-11,13:17:00,2025-07-31,200.3,202.65,200.3,202.65,65,14820,0
FINNIFTY31JUL2526700PE.NFO,2025-07-11,13:18:00,2025-07-31,202.65,202.65,202.65,202.65,0,14820,0
FINNIFTY31JUL2526700PE.NFO,2025-07-11,13:19:00,2025-07-31,202.65,202.65,202.65,202.65,0,14820,0
FINNIFTY31JUL2526700PE.NFO,2025-07-11,13:20:00,2025-07-31,202.65,202.65,202.65,202.65,0,14820,0
FINNIFTY31JUL2526700PE.NFO,2025-07-11,13:21:00,2025-07-31,202.65,202.65,202.65,202.65,65,14820,0
FINNIFTY31JUL2526700PE.NFO,2025-07-11,13:22:00,2025-07-31,202.65,202.65,202.65,202.65,0,14820,0
FINNIFTY31JUL2526700PE.NFO,2025-07-11,13:23:00,2025-07-31,202.65,202.65,202.65,202.65,0,14820,0
FINNIFTY31JUL2526700PE.NFO,2025-07-11,13:24:00,2025-07-31,202.65,202.65,202.65,202.65,0,14820,0
FINNIFTY31JUL2526700PE.NFO,2025-07-11,13:25:00,2025-07-31,202.65,202.65,202.65,202.65,0,14820,0
FINNIFTY31JUL2526700PE.NFO,2025-07-11,13:26:00,2025-07-31,202.65,202.65,202.65,202.65,0,14820,0
FINNIFTY31JUL2526700PE.NFO,2025-07-11,13:27:00,2025-07-31,202.65,202.65,202.65,202.65,0,14820,0
FINNIFTY31JUL2526700PE.NFO,2025-07-11,13:28:00,2025-07-31,202.65,202.65,199.8,199.8,65,14820,0
FINNIFTY31JUL2526700PE.NFO,2025-07-11,13:29:00,2025-07-31,199.8,199.8,199.8,199.8,0,14820,0
FINNIFTY31JUL2526700PE.NFO,2025-07-11,13:30:00,2025-07-31,199.8,199.8,199.8,199.8,0,14820,0
FINNIFTY31JUL2526700PE.NFO,2025-07-11,13:31:00,2025-07-31,199.8,199.8,199.8,199.8,0,14820,0
FINNIFTY31JUL2526700PE.NFO,2025-07-11,13:32:00,2025-07-31,199.8,199.8,199.8,199.8,0,14820,0
FINNIFTY31JUL2526700PE.NFO,2025-07-11,13:33:00,2025-07-31,199.8,199.8,199.8,199.8,0,14820,0
FINNIFTY31JUL2526700PE.NFO,2025-07-11,13:34:00,2025-07-31,199.8,199.8,199.8,199.8,0,14820,0
FINNIFTY31JUL2526700PE.NFO,2025-07-11,13:35:00,2025-07-31,199.8,203.6,199.8,203.6,65,14755,0
FINNIFTY31JUL2526700PE.NFO,2025-07-11,13:36:00,2025-07-31,203.6,203.6,203.6,203.6,0,14755,0
FINNIFTY31JUL2526700PE.NFO,2025-07-11,13:37:00,2025-07-31,203.6,203.6,203.6,203.6,0,14755,0
FINNIFTY31JUL2526700PE.NFO,2025-07-11,13:38:00,2025-07-31,203.6,203.7,203.6,203.7,65,14820,0
FINNIFTY31JUL2526700PE.NFO,2025-07-11,13:39:00,2025-07-31,203.7,203.7,202.05,202.05,65,14820,0
FINNIFTY31JUL2526700PE.NFO,2025-07-11,13:40:00,2025-07-31,202.05,203.5,202.05,203.5,65,14885,0
FINNIFTY31JUL2526700PE.NFO,2025-07-11,13:41:00,2025-07-31,203.5,205.95,203.5,205.95,65,14885,0
FINNIFTY31JUL2526700PE.NFO,2025-07-11,13:42:00,2025-07-31,205.95,205.95,205.95,205.95,0,14885,0
FINNIFTY31JUL2526700PE.NFO,2025-07-11,13:43:00,2025-07-31,205.95,205.95,205.65,205.65,65,14885,0
FINNIFTY31JUL2526700PE.NFO,2025-07-11,13:44:00,2025-07-31,205.65,205.65,202.95,202.95,65,14885,0
FINNIFTY31JUL2526700PE.NFO,2025-07-11,13:45:00,2025-07-31,202.95,202.95,202.95,202.95,0,14885,0
FINNIFTY31JUL2526700PE.NFO,2025-07-11,13:46:00,2025-07-31,202.95,202.95,202.95,202.95,0,14885,0
FINNIFTY31JUL2526700PE.NFO,2025-07-11,13:47:00,2025-07-31,202.95,202.95,202.95,202.95,65,14755,0
FINNIFTY31JUL2526700PE.NFO,2025-07-11,13:48:00,2025-07-31,202.95,202.95,202.95,202.95,0,14755,0
FINNIFTY31JUL2526700PE.NFO,2025-07-11,13:49:00,2025-07-31,202.95,202.95,202.95,202.95,0,14755,0
FINNIFTY31JUL2526700PE.NFO,2025-07-11,13:50:00,2025-07-31,202.95,202.95,202.95,202.95,0,14755,0
FINNIFTY31JUL2526700PE.NFO,2025-07-11,13:51:00,2025-07-31,202.95,202.95,202.95,202.95,0,14755,0
FINNIFTY31JUL2526700PE.NFO,2025-07-11,13:52:00,2025-07-31,202.95,202.95,193.0,193.0,130,14755,0
FINNIFTY31JUL2526700PE.NFO,2025-07-11,13:53:00,2025-07-31,193.0,193.0,193.0,193.0,0,14755,0
FINNIFTY31JUL2526700PE.NFO,2025-07-11,13:54:00,2025-07-31,193.0,193.0,191.65,191.65,65,14755,0
FINNIFTY31JUL2526700PE.NFO,2025-07-11,13:55:00,2025-07-31,191.65,191.65,190.55,190.55,0,14690,0
FINNIFTY31JUL2526700PE.NFO,2025-07-11,13:56:00,2025-07-31,190.55,191.95,190.55,191.95,130,14690,0
FINNIFTY31JUL2526700PE.NFO,2025-07-11,13:57:00,2025-07-31,191.95,193.8,191.95,193.8,0,14690,0
FINNIFTY31JUL2526700PE.NFO,2025-07-11,13:58:00,2025-07-31,193.8,193.9,193.8,193.9,1690,15340,0
FINNIFTY31JUL2526700PE.NFO,2025-07-11,13:59:00,2025-07-31,193.9,193.9,188.9,188.9,1755,15340,0
FINNIFTY31JUL2526700PE.NFO,2025-07-11,14:00:00,2025-07-31,188.9,194.2,188.9,194.2,130,15340,0
FINNIFTY31JUL2526700PE.NFO,2025-07-11,14:01:00,2025-07-31,194.2,194.2,194.2,194.2,0,15340,0
FINNIFTY31JUL2526700PE.NFO,2025-07-11,14:02:00,2025-07-31,194.2,194.2,194.2,194.2,0,15340,0
FINNIFTY31JUL2526700PE.NFO,2025-07-11,14:03:00,2025-07-31,194.2,194.2,194.2,194.2,0,15340,0
FINNIFTY31JUL2526700PE.NFO,2025-07-11,14:04:00,2025-07-31,194.2,197.0,194.2,197.0,65,15080,0
FINNIFTY31JUL2526700PE.NFO,2025-07-11,14:05:00,2025-07-31,197.0,197.0,196.1,196.1,130,15080,0
FINNIFTY31JUL2526700PE.NFO,2025-07-11,14:06:00,2025-07-31,196.1,196.1,196.1,196.1,0,15080,0
FINNIFTY31JUL2526700PE.NFO,2025-07-11,14:07:00,2025-07-31,196.1,196.1,196.05,196.05,130,15210,0
FINNIFTY31JUL2526700PE.NFO,2025-07-11,14:08:00,2025-07-31,196.05,198.7,196.05,198.7,455,15210,0
FINNIFTY31JUL2526700PE.NFO,2025-07-11,14:09:00,2025-07-31,198.7,198.7,198.7,198.7,0,15210,0
FINNIFTY31JUL2526700PE.NFO,2025-07-11,14:10:00,2025-07-31,198.7,198.7,198.7,198.7,0,15210,0
FINNIFTY31JUL2526700PE.NFO,2025-07-11,14:11:00,2025-07-31,198.7,198.7,198.7,198.7,0,15210,0
FINNIFTY31JUL2526700PE.NFO,2025-07-11,14:12:00,2025-07-31,198.7,198.7,192.0,192.0,65,15015,0
FINNIFTY31JUL2526700PE.NFO,2025-07-11,14:13:00,2025-07-31,192.0,196.25,192.0,196.25,780,14755,0
FINNIFTY31JUL2526700PE.NFO,2025-07-11,14:14:00,2025-07-31,196.25,196.25,196.25,196.25,0,14755,0
FINNIFTY31JUL2526700PE.NFO,2025-07-11,14:15:00,2025-07-31,196.25,196.25,196.25,196.25,0,14755,0
FINNIFTY31JUL2526700PE.NFO,2025-07-11,14:16:00,2025-07-31,196.25,196.25,196.25,196.25,0,14755,0
FINNIFTY31JUL2526700PE.NFO,2025-07-11,14:17:00,2025-07-31,196.25,196.25,196.25,196.25,0,14755,0
FINNIFTY31JUL2526700PE.NFO,2025-07-11,14:18:00,2025-07-31,196.25,196.25,196.25,196.25,0,14755,0
FINNIFTY31JUL2526700PE.NFO,2025-07-11,14:19:00,2025-07-31,196.25,196.25,196.25,196.25,0,14755,0
FINNIFTY31JUL2526700PE.NFO,2025-07-11,14:20:00,2025-07-31,196.25,196.25,196.25,196.25,0,14755,0
FINNIFTY31JUL2526700PE.NFO,2025-07-11,14:21:00,2025-07-31,196.25,204.0,196.25,204.0,65,14430,0
FINNIFTY31JUL2526700PE.NFO,2025-07-11,14:22:00,2025-07-31,204.0,204.0,203.15,203.45,260,14365,0
FINNIFTY31JUL2526700PE.NFO,2025-07-11,14:23:00,2025-07-31,203.45,203.45,203.45,203.45,0,14365,0
FINNIFTY31JUL2526700PE.NFO,2025-07-11,14:24:00,2025-07-31,203.45,203.45,201.35,201.35,195,14365,0
FINNIFTY31JUL2526700PE.NFO,2025-07-11,14:25:00,2025-07-31,201.35,201.35,201.35,201.35,0,14365,0
FINNIFTY31JUL2526700PE.NFO,2025-07-11,14:26:00,2025-07-31,201.35,201.35,201.35,201.35,0,14365,0
FINNIFTY31JUL2526700PE.NFO,2025-07-11,14:27:00,2025-07-31,201.35,201.35,201.35,201.35,0,14365,0
FINNIFTY31JUL2526700PE.NFO,2025-07-11,14:28:00,2025-07-31,201.35,201.35,201.35,201.35,0,14365,0
FINNIFTY31JUL2526700PE.NFO,2025-07-11,14:29:00,2025-07-31,201.35,201.35,201.35,201.35,0,14365,0
FINNIFTY31JUL2526700PE.NFO,2025-07-11,14:30:00,2025-07-31,201.35,201.35,201.35,201.35,65,14430,0
FINNIFTY31JUL2526700PE.NFO,2025-07-11,14:31:00,2025-07-31,201.35,201.35,201.35,201.35,0,14430,0
FINNIFTY31JUL2526700PE.NFO,2025-07-11,14:32:00,2025-07-31,201.35,201.35,201.35,201.35,0,14430,0
FINNIFTY31JUL2526700PE.NFO,2025-07-11,14:33:00,2025-07-31,201.35,201.35,201.35,201.35,0,14430,0
FINNIFTY31JUL2526700PE.NFO,2025-07-11,14:34:00,2025-07-31,201.35,201.35,201.35,201.35,0,14430,0
FINNIFTY31JUL2526700PE.NFO,2025-07-11,14:35:00,2025-07-31,201.35,201.35,201.35,201.35,0,14430,0
FINNIFTY31JUL2526700PE.NFO,2025-07-11,14:36:00,2025-07-31,201.35,201.35,201.35,201.35,0,14430,0
FINNIFTY31JUL2526700PE.NFO,2025-07-11,14:37:00,2025-07-31,201.35,201.35,201.35,201.35,0,14430,0
FINNIFTY31JUL2526700PE.NFO,2025-07-11,14:38:00,2025-07-31,201.35,201.35,201.35,201.35,0,14430,0
FINNIFTY31JUL2526700PE.NFO,2025-07-11,14:39:00,2025-07-31,201.35,201.35,196.6,196.6,65,14430,0
FINNIFTY31JUL2526700PE.NFO,2025-07-11,14:40:00,2025-07-31,196.6,197.0,195.8,195.8,260,14365,0
FINNIFTY31JUL2526700PE.NFO,2025-07-11,14:41:00,2025-07-31,195.8,195.8,195.8,195.8,0,14365,0
FINNIFTY31JUL2526700PE.NFO,2025-07-11,14:42:00,2025-07-31,195.8,195.8,195.8,195.8,0,14365,0
FINNIFTY31JUL2526700PE.NFO,2025-07-11,14:43:00,2025-07-31,195.8,195.8,195.8,195.8,0,14365,0
FINNIFTY31JUL2526700PE.NFO,2025-07-11,14:44:00,2025-07-31,195.8,195.8,195.8,195.8,0,14365,0
FINNIFTY31JUL2526700PE.NFO,2025-07-11,14:45:00,2025-07-31,195.8,195.8,195.8,195.8,0,14365,0
FINNIFTY31JUL2526700PE.NFO,2025-07-11,14:46:00,2025-07-31,195.8,195.8,192.6,192.6,65,14235,0
FINNIFTY31JUL2526700PE.NFO,2025-07-11,14:47:00,2025-07-31,192.6,192.6,192.6,192.6,0,14235,0
FINNIFTY31JUL2526700PE.NFO,2025-07-11,14:48:00,2025-07-31,192.6,194.5,192.6,194.5,65,14235,0
FINNIFTY31JUL2526700PE.NFO,2025-07-11,14:49:00,2025-07-31,194.5,195.6,194.5,195.6,130,14235,0
FINNIFTY31JUL2526700PE.NFO,2025-07-11,14:50:00,2025-07-31,195.6,196.9,195.6,196.9,195,14040,0
FINNIFTY31JUL2526700PE.NFO,2025-07-11,14:51:00,2025-07-31,196.9,196.9,196.9,196.9,0,14040,0
FINNIFTY31JUL2526700PE.NFO,2025-07-11,14:52:00,2025-07-31,196.9,196.9,196.9,196.9,0,14040,0
FINNIFTY31JUL2526700PE.NFO,2025-07-11,14:53:00,2025-07-31,196.9,196.9,196.9,196.9,0,14040,0
FINNIFTY31JUL2526700PE.NFO,2025-07-11,14:54:00,2025-07-31,196.9,196.9,196.9,196.9,0,14040,0
FINNIFTY31JUL2526700PE.NFO,2025-07-11,14:55:00,2025-07-31,196.9,196.9,196.9,196.9,0,14040,0
FINNIFTY31JUL2526700PE.NFO,2025-07-11,14:56:00,2025-07-31,196.9,196.9,196.9,196.9,0,14040,0
FINNIFTY31JUL2526700PE.NFO,2025-07-11,14:57:00,2025-07-31,196.9,196.9,196.9,196.9,0,14040,0
FINNIFTY31JUL2526700PE.NFO,2025-07-11,14:58:00,2025-07-31,196.9,196.9,196.9,196.9,0,14040,0
FINNIFTY31JUL2526700PE.NFO,2025-07-11,14:59:00,2025-07-31,196.9,196.9,192.95,192.95,195,14235,0
FINNIFTY31JUL2526700PE.NFO,2025-07-11,15:00:00,2025-07-31,192.95,192.95,192.95,192.95,0,14235,0
FINNIFTY31JUL2526700PE.NFO,2025-07-11,15:01:00,2025-07-31,192.95,192.95,192.95,192.95,0,14235,0
FINNIFTY31JUL2526700PE.NFO,2025-07-11,15:02:00,2025-07-31,192.95,192.95,192.95,192.95,65,14040,0
FINNIFTY31JUL2526700PE.NFO,2025-07-11,15:03:00,2025-07-31,192.95,192.95,192.95,192.95,0,14040,0
FINNIFTY31JUL2526700PE.NFO,2025-07-11,15:04:00,2025-07-31,192.95,192.95,192.95,192.95,0,14040,0
FINNIFTY31JUL2526700PE.NFO,2025-07-11,15:05:00,2025-07-31,192.95,192.95,192.95,192.95,0,14040,0
FINNIFTY31JUL2526700PE.NFO,2025-07-11,15:06:00,2025-07-31,192.95,192.95,192.95,192.95,0,14040,0
FINNIFTY31JUL2526700PE.NFO,2025-07-11,15:07:00,2025-07-31,192.95,192.95,192.95,192.95,0,14040,0
FINNIFTY31JUL2526700PE.NFO,2025-07-11,15:08:00,2025-07-31,192.95,192.95,192.95,192.95,0,14040,0
FINNIFTY31JUL2526700PE.NFO,2025-07-11,15:09:00,2025-07-31,192.95,192.95,192.95,192.95,0,14040,0
FINNIFTY31JUL2526700PE.NFO,2025-07-11,15:10:00,2025-07-31,192.95,192.95,192.95,192.95,65,14040,0
FINNIFTY31JUL2526700PE.NFO,2025-07-11,15:11:00,2025-07-31,192.95,192.95,192.95,192.95,0,14040,0
FINNIFTY31JUL2526700PE.NFO,2025-07-11,15:12:00,2025-07-31,192.95,195.7,192.95,195.7,65,14040,0
FINNIFTY31JUL2526700PE.NFO,2025-07-11,15:13:00,2025-07-31,195.7,195.7,195.7,195.7,0,14040,0
FINNIFTY31JUL2526700PE.NFO,2025-07-11,15:14:00,2025-07-31,195.7,195.7,195.7,195.7,0,14040,0
FINNIFTY31JUL2526700PE.NFO,2025-07-11,15:15:00,2025-07-31,195.7,195.7,195.7,195.7,0,14040,0
FINNIFTY31JUL2526700PE.NFO,2025-07-11,15:16:00,2025-07-31,195.7,197.9,195.7,197.9,130,14040,0
FINNIFTY31JUL2526700PE.NFO,2025-07-11,15:17:00,2025-07-31,197.9,197.9,197.9,197.9,0,14040,0
FINNIFTY31JUL2526700PE.NFO,2025-07-11,15:18:00,2025-07-31,197.9,199.0,197.9,199.0,195,14105,0
FINNIFTY31JUL2526700PE.NFO,2025-07-11,15:19:00,2025-07-31,199.0,200.0,199.0,199.85,325,14105,0
FINNIFTY31JUL2526700PE.NFO,2025-07-11,15:20:00,2025-07-31,199.85,200.1,198.5,200.1,195,13845,0
FINNIFTY31JUL2526700PE.NFO,2025-07-11,15:21:00,2025-07-31,200.1,200.1,200.1,200.1,0,13845,0
FINNIFTY31JUL2526700PE.NFO,2025-07-11,15:22:00,2025-07-31,200.1,200.1,198.85,198.85,65,13845,0
FINNIFTY31JUL2526700PE.NFO,2025-07-11,15:23:00,2025-07-31,198.85,198.85,198.85,198.85,0,13845,0
FINNIFTY31JUL2526700PE.NFO,2025-07-11,15:24:00,2025-07-31,198.85,199.45,198.85,199.15,390,13910,0
FINNIFTY31JUL2526700PE.NFO,2025-07-11,15:25:00,2025-07-31,199.15,201.0,199.15,201.0,65,13845,0
FINNIFTY31JUL2526700PE.NFO,2025-07-11,15:26:00,2025-07-31,201.0,201.0,201.0,201.0,0,13845,0
FINNIFTY31JUL2526700PE.NFO,2025-07-11,15:27:00,2025-07-31,201.0,201.0,201.0,201.0,0,13845,0
FINNIFTY31JUL2526700PE.NFO,2025-07-11,15:28:00,2025-07-31,201.0,201.95,199.7,199.7,325,13715,0
FINNIFTY31JUL2526700PE.NFO,2025-07-11,15:29:00,2025-07-31,199.7,202.0,199.7,201.25,195,13715,0
FINNIFTY31JUL2526700PE.NFO,2025-07-11,15:30:00,2025-07-31,201.25,201.25,201.25,201.25,195,13715,1
FINNIFTY31JUL2526700PE.NFO,2025-07-14,09:15:00,2025-07-31,208.35,208.35,208.35,208.35,0,0,0
FINNIFTY31JUL2526700PE.NFO,2025-07-14,09:16:00,2025-07-31,213.45,213.45,207.4,213.45,325,13325,0
FINNIFTY31JUL2526700PE.NFO,2025-07-14,09:17:00,2025-07-31,213.45,215.95,213.45,215.85,130,13325,0
FINNIFTY31JUL2526700PE.NFO,2025-07-14,09:18:00,2025-07-31,215.85,215.85,210.4,210.4,65,13520,0
FINNIFTY31JUL2526700PE.NFO,2025-07-14,09:19:00,2025-07-31,210.4,211.55,210.4,211.55,65,13520,0
FINNIFTY31JUL2526700PE.NFO,2025-07-14,09:20:00,2025-07-31,211.55,212.75,211.0,211.0,195,13520,0
FINNIFTY31JUL2526700PE.NFO,2025-07-14,09:21:00,2025-07-31,211.0,211.85,211.0,211.85,325,13520,0
FINNIFTY31JUL2526700PE.NFO,2025-07-14,09:22:00,2025-07-31,211.85,211.85,211.85,211.85,0,13520,0
FINNIFTY31JUL2526700PE.NFO,2025-07-14,09:23:00,2025-07-31,211.85,223.8,211.85,220.65,130,13975,0
FINNIFTY31JUL2526700PE.NFO,2025-07-14,09:24:00,2025-07-31,220.65,228.0,220.65,228.0,195,13975,0
FINNIFTY31JUL2526700PE.NFO,2025-07-14,09:25:00,2025-07-31,228.0,231.65,228.0,231.65,195,13910,0
FINNIFTY31JUL2526700PE.NFO,2025-07-14,09:26:00,2025-07-31,231.65,234.05,230.0,234.05,130,13910,0
FINNIFTY31JUL2526700PE.NFO,2025-07-14,09:27:00,2025-07-31,234.05,234.05,229.4,229.4,130,13910,0
FINNIFTY31JUL2526700PE.NFO,2025-07-14,09:28:00,2025-07-31,229.4,229.4,223.0,223.0,65,13715,0
FINNIFTY31JUL2526700PE.NFO,2025-07-14,09:29:00,2025-07-31,223.0,224.2,223.0,223.2,65,13715,0
FINNIFTY31JUL2526700PE.NFO,2025-07-14,09:30:00,2025-07-31,223.2,223.2,218.65,219.2,260,13715,0
FINNIFTY31JUL2526700PE.NFO,2025-07-14,09:31:00,2025-07-31,219.2,220.45,219.2,220.45,260,13780,0
FINNIFTY31JUL2526700PE.NFO,2025-07-14,09:32:00,2025-07-31,220.45,221.2,220.45,221.2,130,13780,0
FINNIFTY31JUL2526700PE.NFO,2025-07-14,09:33:00,2025-07-31,221.2,227.2,221.2,227.2,65,13845,0
FINNIFTY31JUL2526700PE.NFO,2025-07-14,09:34:00,2025-07-31,227.2,228.85,221.05,223.0,325,13845,0
FINNIFTY31JUL2526700PE.NFO,2025-07-14,09:35:00,2025-07-31,223.0,228.55,222.55,228.55,455,13845,0
FINNIFTY31JUL2526700PE.NFO,2025-07-14,09:36:00,2025-07-31,228.55,236.0,228.55,232.95,5980,13000,0
FINNIFTY31JUL2526700PE.NFO,2025-07-14,09:37:00,2025-07-31,232.95,232.95,228.65,229.65,260,13000,0
FINNIFTY31JUL2526700PE.NFO,2025-07-14,09:38:00,2025-07-31,229.65,229.65,225.7,225.7,455,13000,0
FINNIFTY31JUL2526700PE.NFO,2025-07-14,09:39:00,2025-07-31,225.7,225.7,225.7,225.7,0,13000,0
FINNIFTY31JUL2526700PE.NFO,2025-07-14,09:40:00,2025-07-31,225.7,229.0,225.7,229.0,1430,17290,0
FINNIFTY31JUL2526700PE.NFO,2025-07-14,09:41:00,2025-07-31,229.0,229.0,223.8,223.8,260,17290,0
FINNIFTY31JUL2526700PE.NFO,2025-07-14,09:42:00,2025-07-31,223.8,223.8,223.8,223.8,0,17290,0
FINNIFTY31JUL2526700PE.NFO,2025-07-14,09:43:00,2025-07-31,223.8,223.8,223.8,223.8,0,17290,0
FINNIFTY31JUL2526700PE.NFO,2025-07-14,09:44:00,2025-07-31,223.8,223.8,221.0,222.9,260,15925,0
FINNIFTY31JUL2526700PE.NFO,2025-07-14,09:45:00,2025-07-31,222.9,222.9,216.7,216.7,65,15990,0
FINNIFTY31JUL2526700PE.NFO,2025-07-14,09:46:00,2025-07-31,216.7,216.7,215.0,216.55,260,15990,0
FINNIFTY31JUL2526700PE.NFO,2025-07-14,09:47:00,2025-07-31,216.55,216.55,216.55,216.55,0,15990,0
FINNIFTY31JUL2526700PE.NFO,2025-07-14,09:48:00,2025-07-31,216.55,216.55,216.55,216.55,0,15990,0
FINNIFTY31JUL2526700PE.NFO,2025-07-14,09:49:00,2025-07-31,216.55,219.8,216.55,218.15,390,16185,0
FINNIFTY31JUL2526700PE.NFO,2025-07-14,09:50:00,2025-07-31,218.15,218.25,217.9,218.25,390,16185,0
FINNIFTY31JUL2526700PE.NFO,2025-07-14,09:51:00,2025-07-31,218.25,218.25,210.0,210.0,325,16445,0
FINNIFTY31JUL2526700PE.NFO,2025-07-14,09:52:00,2025-07-31,210.0,210.0,207.65,209.9,585,16445,0
FINNIFTY31JUL2526700PE.NFO,2025-07-14,09:53:00,2025-07-31,209.9,213.45,209.9,213.45,585,16445,0
FINNIFTY31JUL2526700PE.NFO,2025-07-14,09:54:00,2025-07-31,213.45,214.55,211.45,214.55,455,15665,0
FINNIFTY31JUL2526700PE.NFO,2025-07-14,09:55:00,2025-07-31,214.55,214.75,214.55,214.75,65,15665,0
FINNIFTY31JUL2526700PE.NFO,2025-07-14,09:56:00,2025-07-31,214.75,214.75,214.75,214.75,0,15665,0
FINNIFTY31JUL2526700PE.NFO,2025-07-14,09:57:00,2025-07-31,214.75,214.75,209.3,209.3,260,15665,0
FINNIFTY31JUL2526700PE.NFO,2025-07-14,09:58:00,2025-07-31,209.3,209.45,208.05,208.05,650,15665,0
FINNIFTY31JUL2526700PE.NFO,2025-07-14,09:59:00,2025-07-31,208.05,208.05,206.3,206.3,65,15665,0
FINNIFTY31JUL2526700PE.NFO,2025-07-14,10:00:00,2025-07-31,206.3,206.3,199.2,199.2,650,15665,0
FINNIFTY31JUL2526700PE.NFO,2025-07-14,10:01:00,2025-07-31,199.2,204.0,199.2,204.0,195,16835,0
FINNIFTY31JUL2526700PE.NFO,2025-07-14,10:02:00,2025-07-31,204.0,209.05,204.0,209.05,65,16835,0
FINNIFTY31JUL2526700PE.NFO,2025-07-14,10:03:00,2025-07-31,209.05,209.1,209.05,209.1,455,16835,0
FINNIFTY31JUL2526700PE.NFO,2025-07-14,10:04:00,2025-07-31,209.1,209.1,209.1,209.1,0,16835,0
FINNIFTY31JUL2526700PE.NFO,2025-07-14,10:05:00,2025-07-31,209.1,212.6,209.1,212.6,260,16900,0
FINNIFTY31JUL2526700PE.NFO,2025-07-14,10:06:00,2025-07-31,212.6,218.05,212.6,215.75,130,16900,0
FINNIFTY31JUL2526700PE.NFO,2025-07-14,10:07:00,2025-07-31,215.75,215.75,214.05,214.85,520,17030,0
FINNIFTY31JUL2526700PE.NFO,2025-07-14,10:08:00,2025-07-31,214.85,214.85,207.75,207.75,65,17030,0
FINNIFTY31JUL2526700PE.NFO,2025-07-14,10:09:00,2025-07-31,207.75,207.75,205.0,206.15,325,17030,0
FINNIFTY31JUL2526700PE.NFO,2025-07-14,10:10:00,2025-07-31,206.15,206.15,206.15,206.15,0,17030,0
FINNIFTY31JUL2526700PE.NFO,2025-07-14,10:11:00,2025-07-31,206.15,206.15,206.15,206.15,0,17030,0
FINNIFTY31JUL2526700PE.NFO,2025-07-14,10:12:00,2025-07-31,206.15,210.0,206.15,206.7,195,16510,0
FINNIFTY31JUL2526700PE.NFO,2025-07-14,10:13:00,2025-07-31,206.7,206.7,203.8,203.8,130,16510,0
FINNIFTY31JUL2526700PE.NFO,2025-07-14,10:14:00,2025-07-31,203.8,203.8,203.8,203.8,0,16510,0
FINNIFTY31JUL2526700PE.NFO,2025-07-14,10:15:00,2025-07-31,203.8,203.8,198.4,198.4,130,16640,0
FINNIFTY31JUL2526700PE.NFO,2025-07-14,10:16:00,2025-07-31,200.75,200.75,200.75,200.75,65,16640,0
FINNIFTY31JUL2526700PE.NFO,2025-07-14,10:17:00,2025-07-31,200.75,200.75,200.75,200.75,0,16640,0
FINNIFTY31JUL2526700PE.NFO,2025-07-14,10:18:00,2025-07-31,200.75,200.75,200.75,200.75,0,16640,0
FINNIFTY31JUL2526700PE.NFO,2025-07-14,10:19:00,2025-07-31,200.75,200.75,200.75,200.75,0,16640,0
FINNIFTY31JUL2526700PE.NFO,2025-07-14,10:20:00,2025-07-31,200.75,200.75,191.95,194.6,1560,16640,0
FINNIFTY31JUL2526700PE.NFO,2025-07-14,10:21:00,2025-07-31,194.6,194.6,193.0,193.0,650,16640,0
FINNIFTY31JUL2526700PE.NFO,2025-07-14,10:22:00,2025-07-31,193.0,193.0,193.0,193.0,195,16705,0
FINNIFTY31JUL2526700PE.NFO,2025-07-14,10:23:00,2025-07-31,193.0,193.0,193.0,193.0,0,16705,0
FINNIFTY31JUL2526700PE.NFO,2025-07-14,10:24:00,2025-07-31,193.0,193.0,193.0,193.0,0,16705,0
FINNIFTY31JUL2526700PE.NFO,2025-07-14,10:25:00,2025-07-31,193.0,193.0,193.0,193.0,0,16705,0
FINNIFTY31JUL2526700PE.NFO,2025-07-14,10:26:00,2025-07-31,193.0,200.8,193.0,200.8,780,16575,0
FINNIFTY31JUL2526700PE.NFO,2025-07-14,10:27:00,2025-07-31,200.8,200.8,200.8,200.8,0,16575,0
FINNIFTY31JUL2526700PE.NFO,2025-07-14,10:28:00,2025-07-31,200.8,201.0,200.8,201.0,65,16770,0
FINNIFTY31JUL2526700PE.NFO,2025-07-14,10:29:00,2025-07-31,201.0,202.2,201.0,202.2,65,16770,0
FINNIFTY31JUL2526700PE.NFO,2025-07-14,10:30:00,2025-07-31,202.2,202.2,202.2,202.2,0,16770,0
FINNIFTY31JUL2526700PE.NFO,2025-07-14,10:31:00,2025-07-31,202.2,207.15,202.2,207.15,455,16770,0
FINNIFTY31JUL2526700PE.NFO,2025-07-14,10:32:00,2025-07-31,207.15,208.15,207.15,208.15,195,16770,0
FINNIFTY31JUL2526700PE.NFO,2025-07-14,10:33:00,2025-07-31,208.15,208.15,206.25,206.25,65,16770,0
FINNIFTY31JUL2526700PE.NFO,2025-07-14,10:34:00,2025-07-31,206.25,212.05,206.25,212.05,260,17160,0
FINNIFTY31JUL2526700PE.NFO,2025-07-14,10:35:00,2025-07-31,212.05,212.05,208.7,208.7,65,17160,0
FINNIFTY31JUL2526700PE.NFO,2025-07-14,10:36:00,2025-07-31,208.7,210.5,208.7,210.5,325,17160,0
FINNIFTY31JUL2526700PE.NFO,2025-07-14,10:37:00,2025-07-31,210.5,212.65,210.5,212.65,65,17225,0
FINNIFTY31JUL2526700PE.NFO,2025-07-14,10:38:00,2025-07-31,212.65,213.6,211.55,211.55,130,17225,0
FINNIFTY31JUL2526700PE.NFO,2025-07-14,10:39:00,2025-07-31,211.55,217.0,211.55,216.25,325,17615,0
FINNIFTY31JUL2526700PE.NFO,2025-07-14,10:40:00,2025-07-31,216.25,221.2,216.25,221.2,195,17615,0
FINNIFTY31JUL2526700PE.NFO,2025-07-14,10:41:00,2025-07-31,221.2,221.2,213.7,213.7,715,17615,0
FINNIFTY31JUL2526700PE.NFO,2025-07-14,10:42:00,2025-07-31,213.7,213.7,211.8,212.2,325,17030,0
FINNIFTY31JUL2526700PE.NFO,2025-07-14,10:43:00,2025-07-31,212.2,212.2,212.2,212.2,0,17030,0
FINNIFTY31JUL2526700PE.NFO,2025-07-14,10:44:00,2025-07-31,212.2,212.2,212.2,212.2,0,17030,0
FINNIFTY31JUL2526700PE.NFO,2025-07-14,10:45:00,2025-07-31,212.2,214.65,211.05,214.65,455,17030,0
FINNIFTY31JUL2526700PE.NFO,2025-07-14,10:46:00,2025-07-31,214.65,214.65,214.65,214.65,65,17225,0
FINNIFTY31JUL2526700PE.NFO,2025-07-14,10:47:00,2025-07-31,214.65,214.65,214.65,214.65,0,17225,0
FINNIFTY31JUL2526700PE.NFO,2025-07-14,10:48:00,2025-07-31,214.65,217.25,214.65,215.95,390,17225,0
FINNIFTY31JUL2526700PE.NFO,2025-07-14,10:49:00,2025-07-31,215.95,215.95,215.95,215.95,0,17225,0
FINNIFTY31JUL2526700PE.NFO,2025-07-14,10:50:00,2025-07-31,215.95,215.95,215.95,215.95,0,17225,0
FINNIFTY31JUL2526700PE.NFO,2025-07-14,10:51:00,2025-07-31,215.95,215.95,215.95,215.95,0,17225,0
FINNIFTY31JUL2526700PE.NFO,2025-07-14,10:52:00,2025-07-31,215.95,215.95,215.8,215.8,130,17355,0
FINNIFTY31JUL2526700PE.NFO,2025-07-14,10:53:00,2025-07-31,215.8,218.0,215.8,218.0,715,17355,0
FINNIFTY31JUL2526700PE.NFO,2025-07-14,10:54:00,2025-07-31,218.0,218.0,218.0,218.0,0,17355,0
FINNIFTY31JUL2526700PE.NFO,2025-07-14,10:55:00,2025-07-31,218.0,218.6,218.0,218.6,130,18135,0
FINNIFTY31JUL2526700PE.NFO,2025-07-14,10:56:00,2025-07-31,218.6,218.6,212.45,212.45,65,18135,0
FINNIFTY31JUL2526700PE.NFO,2025-07-14,10:57:00,2025-07-31,212.45,212.45,212.45,212.45,0,18135,0
FINNIFTY31JUL2526700PE.NFO,2025-07-14,10:58:00,2025-07-31,212.45,212.45,212.45,212.45,0,18135,0
FINNIFTY31JUL2526700PE.NFO,2025-07-14,10:59:00,2025-07-31,212.45,218.65,212.45,218.35,520,18135,0
FINNIFTY31JUL2526700PE.NFO,2025-07-14,11:00:00,2025-07-31,218.35,221.55,218.35,221.55,1625,18135,0
FINNIFTY31JUL2526700PE.NFO,2025-07-14,11:01:00,2025-07-31,221.55,221.55,219.15,219.35,325,19695,0
FINNIFTY31JUL2526700PE.NFO,2025-07-14,11:02:00,2025-07-31,219.35,219.35,217.85,217.85,65,19695,0
FINNIFTY31JUL2526700PE.NFO,2025-07-14,11:03:00,2025-07-31,217.85,217.85,216.1,216.45,650,19695,0
FINNIFTY31JUL2526700PE.NFO,2025-07-14,11:04:00,2025-07-31,216.45,216.45,216.45,216.45,0,19695,0
FINNIFTY31JUL2526700PE.NFO,2025-07-14,11:05:00,2025-07-31,216.45,222.5,216.45,222.5,195,20020,0
FINNIFTY31JUL2526700PE.NFO,2025-07-14,11:06:00,2025-07-31,222.5,225.0,222.5,223.95,780,19500,0
FINNIFTY31JUL2526700PE.NFO,2025-07-14,11:07:00,2025-07-31,223.95,230.1,223.95,229.1,260,19500,0
FINNIFTY31JUL2526700PE.NFO,2025-07-14,11:08:00,2025-07-31,229.1,229.1,227.25,227.35,780,19500,0
FINNIFTY31JUL2526700PE.NFO,2025-07-14,11:09:00,2025-07-31,227.35,228.8,227.35,228.8,65,19305,0
FINNIFTY31JUL2526700PE.NFO,2025-07-14,11:10:00,2025-07-31,228.8,228.8,228.05,228.05,65,19305,0
FINNIFTY31JUL2526700PE.NFO,2025-07-14,11:11:00,2025-07-31,228.05,228.05,226.75,226.9,195,19305,0
FINNIFTY31JUL2526700PE.NFO,2025-07-14,11:12:00,2025-07-31,226.9,229.7,226.3,229.7,390,19305,0
FINNIFTY31JUL2526700PE.NFO,2025-07-14,11:13:00,2025-07-31,229.7,229.7,228.15,228.15,65,19305,0
FINNIFTY31JUL2526700PE.NFO,2025-07-14,11:14:00,2025-07-31,228.15,228.15,228.15,228.15,0,19305,0
FINNIFTY31JUL2526700PE.NFO,2025-07-14,11:15:00,2025-07-31,228.15,231.3,228.15,230.9,1170,19305,0
FINNIFTY31JUL2526700PE.NFO,2025-07-14,11:16:00,2025-07-31,230.9,231.8,230.3,230.9,520,19760,0
FINNIFTY31JUL2526700PE.NFO,2025-07-14,11:17:00,2025-07-31,230.9,230.9,228.2,228.2,195,19760,0
FINNIFTY31JUL2526700PE.NFO,2025-07-14,11:18:00,2025-07-31,228.2,228.2,227.0,227.0,325,19760,0
FINNIFTY31JUL2526700PE.NFO,2025-07-14,11:19:00,2025-07-31,227.0,227.8,227.0,227.5,130,20410,0
FINNIFTY31JUL2526700PE.NFO,2025-07-14,11:20:00,2025-07-31,227.5,231.35,227.5,230.55,260,20410,0
FINNIFTY31JUL2526700PE.NFO,2025-07-14,11:21:00,2025-07-31,230.55,230.55,228.65,228.65,65,20410,0
FINNIFTY31JUL2526700PE.NFO,2025-07-14,11:22:00,2025-07-31,228.65,230.75,228.65,229.6,390,20410,0
FINNIFTY31JUL2526700PE.NFO,2025-07-14,11:23:00,2025-07-31,229.6,230.85,229.6,230.85,65,20410,0
FINNIFTY31JUL2526700PE.NFO,2025-07-14,11:24:00,2025-07-31,230.85,233.65,229.6,231.45,1495,20410,0
FINNIFTY31JUL2526700PE.NFO,2025-07-14,11:25:00,2025-07-31,231.45,232.6,230.45,230.45,520,20410,0
FINNIFTY31JUL2526700PE.NFO,2025-07-14,11:26:00,2025-07-31,230.45,233.25,230.45,231.8,390,20410,0
FINNIFTY31JUL2526700PE.NFO,2025-07-14,11:27:00,2025-07-31,231.8,231.8,231.8,231.8,0,20410,0
FINNIFTY31JUL2526700PE.NFO,2025-07-14,11:28:00,2025-07-31,232.85,240.2,230.95,240.2,715,19695,0
FINNIFTY31JUL2526700PE.NFO,2025-07-14,11:29:00,2025-07-31,240.2,240.2,233.8,233.8,975,19695,0
FINNIFTY31JUL2526700PE.NFO,2025-07-14,11:30:00,2025-07-31,233.8,234.0,229.5,229.5,975,19695,0
FINNIFTY31JUL2526700PE.NFO,2025-07-14,11:31:00,2025-07-31,229.5,232.6,229.5,232.6,325,19305,0
FINNIFTY31JUL2526700PE.NFO,2025-07-14,11:32:00,2025-07-31,232.6,232.6,232.6,232.6,0,19305,0
FINNIFTY31JUL2526700PE.NFO,2025-07-14,11:33:00,2025-07-31,232.6,234.5,232.6,233.35,390,19305,0
FINNIFTY31JUL2526700PE.NFO,2025-07-14,11:34:00,2025-07-31,233.35,237.0,233.35,237.0,195,19175,0
FINNIFTY31JUL2526700PE.NFO,2025-07-14,11:35:00,2025-07-31,237.0,237.0,234.7,234.7,390,19175,0
FINNIFTY31JUL2526700PE.NFO,2025-07-14,11:36:00,2025-07-31,234.7,236.25,232.65,233.0,1755,18850,0
FINNIFTY31JUL2526700PE.NFO,2025-07-14,11:37:00,2025-07-31,233.0,233.0,233.0,233.0,65,18850,0
FINNIFTY31JUL2526700PE.NFO,2025-07-14,11:38:00,2025-07-31,233.0,235.45,232.85,235.45,390,18850,0
FINNIFTY31JUL2526700PE.NFO,2025-07-14,11:39:00,2025-07-31,235.45,235.45,229.95,229.95,130,18850,0
FINNIFTY31JUL2526700PE.NFO,2025-07-14,11:40:00,2025-07-31,233.25,233.25,231.1,232.0,845,18590,0
FINNIFTY31JUL2526700PE.NFO,2025-07-14,11:41:00,2025-07-31,232.0,232.0,231.2,232.0,910,18590,0
FINNIFTY31JUL2526700PE.NFO,2025-07-14,11:42:00,2025-07-31,232.0,232.0,232.0,232.0,0,18590,0
FINNIFTY31JUL2526700PE.NFO,2025-07-14,11:43:00,2025-07-31,232.0,232.0,232.0,232.0,0,18590,0
FINNIFTY31JUL2526700PE.NFO,2025-07-14,11:44:00,2025-07-31,234.25,234.25,233.75,233.75,130,18200,0
FINNIFTY31JUL2526700PE.NFO,2025-07-14,11:45:00,2025-07-31,233.75,233.75,233.75,233.75,0,18200,0
FINNIFTY31JUL2526700PE.NFO,2025-07-14,11:46:00,2025-07-31,233.75,233.75,230.9,230.9,325,18070,0
FINNIFTY31JUL2526700PE.NFO,2025-07-14,11:47:00,2025-07-31,230.9,231.0,230.9,231.0,65,18070,0
FINNIFTY31JUL2526700PE.NFO,2025-07-14,11:48:00,2025-07-31,231.0,231.0,226.9,226.9,65,18070,0
FINNIFTY31JUL2526700PE.NFO,2025-07-14,11:49:00,2025-07-31,226.9,230.35,226.9,230.35,195,17745,0
FINNIFTY31JUL2526700PE.NFO,2025-07-14,11:50:00,2025-07-31,230.35,230.35,229.25,229.55,260,17745,0
FINNIFTY31JUL2526700PE.NFO,2025-07-14,11:51:00,2025-07-31,229.55,229.55,229.55,229.55,0,17745,0
FINNIFTY31JUL2526700PE.NFO,2025-07-14,11:52:00,2025-07-31,229.55,229.55,229.55,229.55,0,17745,0
FINNIFTY31JUL2526700PE.NFO,2025-07-14,11:53:00,2025-07-31,229.55,233.2,229.55,233.2,650,17615,0
FINNIFTY31JUL2526700PE.NFO,2025-07-14,11:54:00,2025-07-31,233.2,233.7,230.2,230.2,130,17420,0
FINNIFTY31JUL2526700PE.NFO,2025-07-14,11:55:00,2025-07-31,230.2,230.2,230.2,230.2,0,17420,0
FINNIFTY31JUL2526700PE.NFO,2025-07-14,11:56:00,2025-07-31,230.2,231.2,230.2,231.2,65,17420,0
FINNIFTY31JUL2526700PE.NFO,2025-07-14,11:57:00,2025-07-31,231.2,231.2,231.2,231.2,0,17420,0
FINNIFTY31JUL2526700PE.NFO,2025-07-14,11:58:00,2025-07-31,231.2,235.45,231.2,231.45,325,17290,0
FINNIFTY31JUL2526700PE.NFO,2025-07-14,11:59:00,2025-07-31,231.45,232.4,231.45,232.4,0,17290,0
FINNIFTY31JUL2526700PE.NFO,2025-07-14,12:00:00,2025-07-31,232.4,232.4,229.75,229.75,130,17290,0
FINNIFTY31JUL2526700PE.NFO,2025-07-14,12:01:00,2025-07-31,229.75,229.75,229.75,229.75,0,17290,0
FINNIFTY31JUL2526700PE.NFO,2025-07-14,12:02:00,2025-07-31,229.75,230.55,229.75,230.55,65,17290,0
FINNIFTY31JUL2526700PE.NFO,2025-07-14,12:03:00,2025-07-31,230.55,230.55,230.25,230.25,650,17290,0
FINNIFTY31JUL2526700PE.NFO,2025-07-14,12:04:00,2025-07-31,230.25,230.25,230.25,230.25,0,17290,0
FINNIFTY31JUL2526700PE.NFO,2025-07-14,12:05:00,2025-07-31,230.25,231.65,229.9,229.9,130,17680,0
FINNIFTY31JUL2526700PE.NFO,2025-07-14,12:06:00,2025-07-31,229.9,229.9,229.2,229.2,130,17680,0
FINNIFTY31JUL2526700PE.NFO,2025-07-14,12:07:00,2025-07-31,229.2,229.2,229.2,229.2,0,17680,0
FINNIFTY31JUL2526700PE.NFO,2025-07-14,12:08:00,2025-07-31,229.2,229.2,223.9,223.9,455,17810,0
FINNIFTY31JUL2526700PE.NFO,2025-07-14,12:09:00,2025-07-31,223.9,225.9,223.9,225.9,65,17810,0
FINNIFTY31JUL2526700PE.NFO,2025-07-14,12:10:00,2025-07-31,225.9,225.9,225.05,225.9,260,17485,0
FINNIFTY31JUL2526700PE.NFO,2025-07-14,12:11:00,2025-07-31,225.9,226.7,225.9,226.7,65,17485,0
FINNIFTY31JUL2526700PE.NFO,2025-07-14,12:12:00,2025-07-31,226.7,226.7,226.7,226.7,0,17485,0
FINNIFTY31JUL2526700PE.NFO,2025-07-14,12:13:00,2025-07-31,226.7,226.7,226.7,226.7,0,17485,0
FINNIFTY31JUL2526700PE.NFO,2025-07-14,12:14:00,2025-07-31,226.7,230.15,226.7,230.15,130,17290,0
FINNIFTY31JUL2526700PE.NFO,2025-07-14,12:15:00,2025-07-31,230.15,230.15,229.35,229.35,195,17290,0
FINNIFTY31JUL2526700PE.NFO,2025-07-14,12:16:00,2025-07-31,229.35,229.35,229.35,229.35,0,17290,0
FINNIFTY31JUL2526700PE.NFO,2025-07-14,12:17:00,2025-07-31,229.35,229.35,229.35,229.35,0,17290,0
FINNIFTY31JUL2526700PE.NFO,2025-07-14,12:18:00,2025-07-31,229.35,229.35,229.35,229.35,0,17290,0
FINNIFTY31JUL2526700PE.NFO,2025-07-14,12:19:00,2025-07-31,229.35,229.35,222.1,222.35,130,17550,0
FINNIFTY31JUL2526700PE.NFO,2025-07-14,12:20:00,2025-07-31,222.35,222.35,222.35,222.35,0,17550,0
FINNIFTY31JUL2526700PE.NFO,2025-07-14,12:21:00,2025-07-31,222.35,225.2,222.35,225.2,390,17550,0
FINNIFTY31JUL2526700PE.NFO,2025-07-14,12:22:00,2025-07-31,225.2,225.2,225.2,225.2,0,17550,0
FINNIFTY31JUL2526700PE.NFO,2025-07-14,12:23:00,2025-07-31,225.2,225.2,225.2,225.2,0,17550,0
FINNIFTY31JUL2526700PE.NFO,2025-07-14,12:24:00,2025-07-31,225.2,225.2,225.2,225.2,0,17550,0
FINNIFTY31JUL2526700PE.NFO,2025-07-14,12:25:00,2025-07-31,225.2,227.45,225.2,227.45,195,17290,0
FINNIFTY31JUL2526700PE.NFO,2025-07-14,12:26:00,2025-07-31,227.45,227.45,227.45,227.45,0,17290,0
FINNIFTY31JUL2526700PE.NFO,2025-07-14,12:27:00,2025-07-31,227.45,229.15,227.45,229.15,195,17290,0
FINNIFTY31JUL2526700PE.NFO,2025-07-14,12:28:00,2025-07-31,229.15,229.2,227.3,227.3,195,17290,0
FINNIFTY31JUL2526700PE.NFO,2025-07-14,12:29:00,2025-07-31,227.3,227.5,227.3,227.5,130,17290,0
FINNIFTY31JUL2526700PE.NFO,2025-07-14,12:30:00,2025-07-31,227.5,227.5,225.4,225.55,130,17290,0
FINNIFTY31JUL2526700PE.NFO,2025-07-14,12:31:00,2025-07-31,225.55,225.8,225.55,225.8,65,17485,0
FINNIFTY31JUL2526700PE.NFO,2025-07-14,12:32:00,2025-07-31,225.8,225.85,224.0,224.0,195,17485,0
FINNIFTY31JUL2526700PE.NFO,2025-07-14,12:33:00,2025-07-31,224.0,224.0,224.0,224.0,0,17485,0
FINNIFTY31JUL2526700PE.NFO,2025-07-14,12:34:00,2025-07-31,224.0,224.0,224.0,224.0,0,17485,0
FINNIFTY31JUL2526700PE.NFO,2025-07-14,12:35:00,2025-07-31,224.0,224.0,224.0,224.0,0,17485,0
FINNIFTY31JUL2526700PE.NFO,2025-07-14,12:36:00,2025-07-31,224.0,224.0,224.0,224.0,0,17485,0
FINNIFTY31JUL2526700PE.NFO,2025-07-14,12:37:00,2025-07-31,224.0,225.25,224.0,225.25,65,17355,0
FINNIFTY31JUL2526700PE.NFO,2025-07-14,12:38:00,2025-07-31,225.25,225.25,225.25,225.25,0,17355,0
FINNIFTY31JUL2526700PE.NFO,2025-07-14,12:39:00,2025-07-31,225.25,225.25,225.2,225.2,65,17355,0
FINNIFTY31JUL2526700PE.NFO,2025-07-14,12:40:00,2025-07-31,225.2,225.2,219.0,219.0,520,17355,0
FINNIFTY31JUL2526700PE.NFO,2025-07-14,12:41:00,2025-07-31,219.0,219.9,218.65,219.7,390,17355,0
FINNIFTY31JUL2526700PE.NFO,2025-07-14,12:42:00,2025-07-31,219.7,219.7,219.7,219.7,0,17355,0
FINNIFTY31JUL2526700PE.NFO,2025-07-14,12:43:00,2025-07-31,219.7,219.7,219.7,219.7,0,17355,0
FINNIFTY31JUL2526700PE.NFO,2025-07-14,12:44:00,2025-07-31,219.7,219.7,219.7,219.7,0,17355,0
FINNIFTY31JUL2526700PE.NFO,2025-07-14,12:45:00,2025-07-31,219.7,219.7,219.7,219.7,0,17355,0
FINNIFTY31JUL2526700PE.NFO,2025-07-14,12:46:00,2025-07-31,219.7,220.8,219.7,220.8,455,17745,0
FINNIFTY31JUL2526700PE.NFO,2025-07-14,12:47:00,2025-07-31,220.8,221.8,220.75,221.8,390,17745,0
FINNIFTY31JUL2526700PE.NFO,2025-07-14,12:48:00,2025-07-31,221.8,221.8,221.8,221.8,0,17745,0
FINNIFTY31JUL2526700PE.NFO,2025-07-14,12:49:00,2025-07-31,221.8,221.8,221.8,221.8,0,17745,0
FINNIFTY31JUL2526700PE.NFO,2025-07-14,12:50:00,2025-07-31,221.8,221.8,221.8,221.8,0,17745,0
FINNIFTY31JUL2526700PE.NFO,2025-07-14,12:51:00,2025-07-31,221.8,224.8,221.8,223.95,260,17940,0
FINNIFTY31JUL2526700PE.NFO,2025-07-14,12:52:00,2025-07-31,223.95,224.7,222.8,224.7,130,18200,0
FINNIFTY31JUL2526700PE.NFO,2025-07-14,12:53:00,2025-07-31,224.7,224.7,223.7,223.7,65,18200,0
FINNIFTY31JUL2526700PE.NFO,2025-07-14,12:54:00,2025-07-31,223.7,225.0,223.7,225.0,325,18200,0
FINNIFTY31JUL2526700PE.NFO,2025-07-14,12:55:00,2025-07-31,225.0,225.0,225.0,225.0,0,18200,0
FINNIFTY31JUL2526700PE.NFO,2025-07-14,12:56:00,2025-07-31,225.0,226.05,224.45,224.6,195,18265,0
FINNIFTY31JUL2526700PE.NFO,2025-07-14,12:57:00,2025-07-31,224.6,226.4,224.6,226.4,65,18265,0
FINNIFTY31JUL2526700PE.NFO,2025-07-14,12:58:00,2025-07-31,226.4,226.85,226.4,226.5,130,18330,0
FINNIFTY31JUL2526700PE.NFO,2025-07-14,12:59:00,2025-07-31,226.5,226.5,224.15,224.15,65,18330,0
FINNIFTY31JUL2526700PE.NFO,2025-07-14,13:00:00,2025-07-31,224.15,224.15,223.0,223.0,65,18330,0
FINNIFTY31JUL2526700PE.NFO,2025-07-14,13:01:00,2025-07-31,223.0,224.7,223.0,224.7,65,18330,0
FINNIFTY31JUL2526700PE.NFO,2025-07-14,13:02:00,2025-07-31,224.7,224.7,224.7,224.7,0,18330,0
FINNIFTY31JUL2526700PE.NFO,2025-07-14,13:03:00,2025-07-31,224.7,224.7,224.7,224.7,0,18330,0
FINNIFTY31JUL2526700PE.NFO,2025-07-14,13:04:00,2025-07-31,224.7,224.7,222.7,222.7,130,18395,0
FINNIFTY31JUL2526700PE.NFO,2025-07-14,13:05:00,2025-07-31,222.7,222.7,222.7,222.7,0,18395,0
FINNIFTY31JUL2526700PE.NFO,2025-07-14,13:06:00,2025-07-31,222.7,222.7,222.7,222.7,0,18395,0
FINNIFTY31JUL2526700PE.NFO,2025-07-14,13:07:00,2025-07-31,222.7,235.25,222.7,234.35,1170,18330,0
FINNIFTY31JUL2526700PE.NFO,2025-07-14,13:08:00,2025-07-31,234.35,241.0,234.35,237.2,1950,18330,0
FINNIFTY31JUL2526700PE.NFO,2025-07-14,13:09:00,2025-07-31,237.2,237.2,234.05,234.05,195,18330,0
FINNIFTY31JUL2526700PE.NFO,2025-07-14,13:10:00,2025-07-31,234.05,238.0,234.05,236.95,390,18070,0
FINNIFTY31JUL2526700PE.NFO,2025-07-14,13:11:00,2025-07-31,236.95,236.95,236.95,236.95,65,18070,0
FINNIFTY31JUL2526700PE.NFO,2025-07-14,13:12:00,2025-07-31,236.95,236.95,236.95,236.95,0,18070,0
FINNIFTY31JUL2526700PE.NFO,2025-07-14,13:13:00,2025-07-31,236.95,236.95,235.5,236.6,520,18330,0
FINNIFTY31JUL2526700PE.NFO,2025-07-14,13:14:00,2025-07-31,236.6,236.6,236.3,236.3,130,18330,0
FINNIFTY31JUL2526700PE.NFO,2025-07-14,13:15:00,2025-07-31,236.3,237.0,235.6,235.75,585,18330,0
FINNIFTY31JUL2526700PE.NFO,2025-07-14,13:16:00,2025-07-31,235.75,235.75,234.15,234.55,325,18070,0
FINNIFTY31JUL2526700PE.NFO,2025-07-14,13:17:00,2025-07-31,234.55,234.55,231.5,231.5,65,18070,0
FINNIFTY31JUL2526700PE.NFO,2025-07-14,13:18:00,2025-07-31,231.5,231.5,227.5,229.9,260,18070,0
FINNIFTY31JUL2526700PE.NFO,2025-07-14,13:19:00,2025-07-31,229.9,230.15,229.9,230.0,260,17745,0
FINNIFTY31JUL2526700PE.NFO,2025-07-14,13:20:00,2025-07-31,230.0,230.0,229.0,229.0,195,17745,0
FINNIFTY31JUL2526700PE.NFO,2025-07-14,13:21:00,2025-07-31,229.0,229.0,225.6,227.6,2015,17745,0
FINNIFTY31JUL2526700PE.NFO,2025-07-14,13:22:00,2025-07-31,227.6,227.6,227.6,227.6,0,17745,0
FINNIFTY31JUL2526700PE.NFO,2025-07-14,13:23:00,2025-07-31,227.6,227.6,224.1,224.1,325,19240,0
FINNIFTY31JUL2526700PE.NFO,2025-07-14,13:24:00,2025-07-31,224.1,225.8,224.1,225.8,455,19240,0
FINNIFTY31JUL2526700PE.NFO,2025-07-14,13:25:00,2025-07-31,225.8,225.8,224.0,224.9,780,19240,0
FINNIFTY31JUL2526700PE.NFO,2025-07-14,13:26:00,2025-07-31,224.9,225.7,224.45,225.7,195,19240,0
FINNIFTY31JUL2526700PE.NFO,2025-07-14,13:27:00,2025-07-31,225.7,225.7,225.7,225.7,0,19240,0
FINNIFTY31JUL2526700PE.NFO,2025-07-14,13:28:00,2025-07-31,225.7,225.7,225.7,225.7,0,19240,0
FINNIFTY31JUL2526700PE.NFO,2025-07-14,13:29:00,2025-07-31,225.7,225.7,218.2,218.2,650,18590,0
FINNIFTY31JUL2526700PE.NFO,2025-07-14,13:30:00,2025-07-31,218.2,221.8,217.75,221.8,975,18590,0
FINNIFTY31JUL2526700PE.NFO,2025-07-14,13:31:00,2025-07-31,221.8,221.8,220.0,220.0,130,18720,0
FINNIFTY31JUL2526700PE.NFO,2025-07-14,13:32:00,2025-07-31,220.0,220.0,220.0,220.0,260,18720,0
FINNIFTY31JUL2526700PE.NFO,2025-07-14,13:33:00,2025-07-31,220.0,220.0,220.0,220.0,0,18720,0
FINNIFTY31JUL2526700PE.NFO,2025-07-14,13:34:00,2025-07-31,220.0,220.0,220.0,220.0,0,18720,0
FINNIFTY31JUL2526700PE.NFO,2025-07-14,13:35:00,2025-07-31,220.0,220.0,220.0,220.0,0,18720,0
FINNIFTY31JUL2526700PE.NFO,2025-07-14,13:36:00,2025-07-31,220.0,224.95,220.0,224.95,65,18785,0
FINNIFTY31JUL2526700PE.NFO,2025-07-14,13:37:00,2025-07-31,224.95,224.95,220.85,221.6,130,18915,0
FINNIFTY31JUL2526700PE.NFO,2025-07-14,13:38:00,2025-07-31,221.6,223.85,221.6,223.85,65,18915,0
FINNIFTY31JUL2526700PE.NFO,2025-07-14,13:39:00,2025-07-31,223.85,223.85,221.2,221.2,65,18915,0
FINNIFTY31JUL2526700PE.NFO,2025-07-14,13:40:00,2025-07-31,221.2,221.2,220.35,220.35,65,18915,0
FINNIFTY31JUL2526700PE.NFO,2025-07-14,13:41:00,2025-07-31,220.35,220.35,217.25,217.25,975,18915,0
FINNIFTY31JUL2526700PE.NFO,2025-07-14,13:42:00,2025-07-31,217.25,220.35,217.25,218.35,1625,18915,0
FINNIFTY31JUL2526700PE.NFO,2025-07-14,13:43:00,2025-07-31,218.35,218.35,217.0,217.0,195,19305,0
FINNIFTY31JUL2526700PE.NFO,2025-07-14,13:44:00,2025-07-31,217.0,217.0,217.0,217.0,0,19305,0
FINNIFTY31JUL2526700PE.NFO,2025-07-14,13:45:00,2025-07-31,217.0,220.3,217.0,219.85,65,19305,0
FINNIFTY31JUL2526700PE.NFO,2025-07-14,13:46:00,2025-07-31,219.85,221.1,219.85,221.1,1040,19240,0
FINNIFTY31JUL2526700PE.NFO,2025-07-14,13:47:00,2025-07-31,221.1,221.1,221.1,221.1,0,19240,0
FINNIFTY31JUL2526700PE.NFO,2025-07-14,13:48:00,2025-07-31,221.1,221.1,221.1,221.1,0,19240,0
FINNIFTY31JUL2526700PE.NFO,2025-07-14,13:49:00,2025-07-31,221.1,221.1,221.1,221.1,0,19240,0
FINNIFTY31JUL2526700PE.NFO,2025-07-14,13:50:00,2025-07-31,221.1,229.65,221.1,227.0,1365,19045,0
FINNIFTY31JUL2526700PE.NFO,2025-07-14,13:51:00,2025-07-31,227.0,227.0,227.0,227.0,130,19045,0
FINNIFTY31JUL2526700PE.NFO,2025-07-14,13:52:00,2025-07-31,227.0,227.0,225.55,226.4,130,19890,0
FINNIFTY31JUL2526700PE.NFO,2025-07-14,13:53:00,2025-07-31,226.4,226.4,225.0,225.0,65,19890,0
FINNIFTY31JUL2526700PE.NFO,2025-07-14,13:54:00,2025-07-31,225.0,227.15,225.0,227.15,195,19890,0
FINNIFTY31JUL2526700PE.NFO,2025-07-14,13:55:00,2025-07-31,227.15,227.15,227.15,227.15,0,19890,0
FINNIFTY31JUL2526700PE.NFO,2025-07-14,13:56:00,2025-07-31,227.15,227.4,227.15,227.4,260,19890,0
FINNIFTY31JUL2526700PE.NFO,2025-07-14,13:57:00,2025-07-31,227.4,227.85,227.4,227.85,65,19890,0
FINNIFTY31JUL2526700PE.NFO,2025-07-14,13:58:00,2025-07-31,227.85,234.55,227.85,233.2,1625,19955,0
FINNIFTY31JUL2526700PE.NFO,2025-07-14,13:59:00,2025-07-31,233.2,233.2,230.0,230.0,390,19955,0
FINNIFTY31JUL2526700PE.NFO,2025-07-14,14:00:00,2025-07-31,230.0,230.0,227.85,227.85,65,19955,0
FINNIFTY31JUL2526700PE.NFO,2025-07-14,14:01:00,2025-07-31,227.85,231.2,227.85,231.2,130,20020,0
FINNIFTY31JUL2526700PE.NFO,2025-07-14,14:02:00,2025-07-31,231.2,231.2,231.2,231.2,65,20020,0
FINNIFTY31JUL2526700PE.NFO,2025-07-14,14:03:00,2025-07-31,231.2,231.25,230.7,230.7,130,20020,0
FINNIFTY31JUL2526700PE.NFO,2025-07-14,14:04:00,2025-07-31,230.7,231.5,230.1,231.5,195,20085,0
FINNIFTY31JUL2526700PE.NFO,2025-07-14,14:05:00,2025-07-31,231.5,231.5,231.15,231.15,260,20085,0
FINNIFTY31JUL2526700PE.NFO,2025-07-14,14:06:00,2025-07-31,231.15,231.15,228.3,228.3,325,20085,0
FINNIFTY31JUL2526700PE.NFO,2025-07-14,14:07:00,2025-07-31,228.3,228.3,227.0,227.0,325,20475,0
FINNIFTY31JUL2526700PE.NFO,2025-07-14,14:08:00,2025-07-31,227.0,227.0,225.9,226.1,325,20475,0
FINNIFTY31JUL2526700PE.NFO,2025-07-14,14:09:00,2025-07-31,226.1,227.25,225.9,227.25,130,20475,0
FINNIFTY31JUL2526700PE.NFO,2025-07-14,14:10:00,2025-07-31,227.25,227.25,227.25,227.25,0,20475,0
FINNIFTY31JUL2526700PE.NFO,2025-07-14,14:11:00,2025-07-31,227.25,228.0,227.15,228.0,520,20410,0
FINNIFTY31JUL2526700PE.NFO,2025-07-14,14:12:00,2025-07-31,228.0,230.0,228.0,230.0,195,20410,0
FINNIFTY31JUL2526700PE.NFO,2025-07-14,14:13:00,2025-07-31,230.0,230.0,230.0,230.0,0,20410,0
FINNIFTY31JUL2526700PE.NFO,2025-07-14,14:14:00,2025-07-31,230.0,230.0,230.0,230.0,0,20410,0
FINNIFTY31JUL2526700PE.NFO,2025-07-14,14:15:00,2025-07-31,230.0,230.0,225.95,225.95,195,19955,0
FINNIFTY31JUL2526700PE.NFO,2025-07-14,14:16:00,2025-07-31,225.95,225.95,224.8,225.85,390,19955,0
FINNIFTY31JUL2526700PE.NFO,2025-07-14,14:17:00,2025-07-31,225.85,225.85,225.85,225.85,0,19955,0
FINNIFTY31JUL2526700PE.NFO,2025-07-14,14:18:00,2025-07-31,225.85,227.5,225.85,227.5,65,19890,0
FINNIFTY31JUL2526700PE.NFO,2025-07-14,14:19:00,2025-07-31,227.5,227.5,224.5,225.15,260,20020,0
FINNIFTY31JUL2526700PE.NFO,2025-07-14,14:20:00,2025-07-31,225.15,225.15,225.15,225.15,0,20020,0
FINNIFTY31JUL2526700PE.NFO,2025-07-14,14:21:00,2025-07-31,225.15,225.15,225.15,225.15,0,20020,0
FINNIFTY31JUL2526700PE.NFO,2025-07-14,14:22:00,2025-07-31,225.15,225.15,225.15,225.15,0,20020,0
FINNIFTY31JUL2526700PE.NFO,2025-07-14,14:23:00,2025-07-31,225.15,225.15,224.75,224.75,65,20150,0
FINNIFTY31JUL2526700PE.NFO,2025-07-14,14:24:00,2025-07-31,224.35,224.35,224.35,224.35,65,20150,0
FINNIFTY31JUL2526700PE.NFO,2025-07-14,14:25:00,2025-07-31,224.35,224.35,224.15,224.15,65,20150,0
FINNIFTY31JUL2526700PE.NFO,2025-07-14,14:26:00,2025-07-31,224.15,224.15,221.25,221.25,455,20150,0
FINNIFTY31JUL2526700PE.NFO,2025-07-14,14:27:00,2025-07-31,221.25,221.25,220.25,220.25,130,20150,0
FINNIFTY31JUL2526700PE.NFO,2025-07-14,14:28:00,2025-07-31,220.25,221.05,220.25,221.05,65,20150,0
FINNIFTY31JUL2526700PE.NFO,2025-07-14,14:29:00,2025-07-31,221.05,221.05,219.5,219.5,130,20020,0
FINNIFTY31JUL2526700PE.NFO,2025-07-14,14:30:00,2025-07-31,219.5,219.5,219.0,219.0,260,20020,0
FINNIFTY31JUL2526700PE.NFO,2025-07-14,14:31:00,2025-07-31,219.0,219.0,219.0,219.0,0,20020,0
FINNIFTY31JUL2526700PE.NFO,2025-07-14,14:32:00,2025-07-31,219.0,219.0,219.0,219.0,0,20020,0
FINNIFTY31JUL2526700PE.NFO,2025-07-14,14:33:00,2025-07-31,219.0,222.35,219.0,222.35,65,19890,0
FINNIFTY31JUL2526700PE.NFO,2025-07-14,14:34:00,2025-07-31,222.35,222.35,222.15,222.15,65,19890,0
FINNIFTY31JUL2526700PE.NFO,2025-07-14,14:35:00,2025-07-31,222.15,222.15,221.0,221.0,260,19955,0
FINNIFTY31JUL2526700PE.NFO,2025-07-14,14:36:00,2025-07-31,221.0,221.15,220.75,220.75,585,19955,0
FINNIFTY31JUL2526700PE.NFO,2025-07-14,14:37:00,2025-07-31,220.75,222.85,220.75,222.85,130,19890,0
FINNIFTY31JUL2526700PE.NFO,2025-07-14,14:38:00,2025-07-31,222.85,222.85,219.2,222.5,585,19890,0
FINNIFTY31JUL2526700PE.NFO,2025-07-14,14:39:00,2025-07-31,222.5,222.5,222.5,222.5,0,19890,0
FINNIFTY31JUL2526700PE.NFO,2025-07-14,14:40:00,2025-07-31,222.5,226.25,222.5,226.25,650,19890,0
FINNIFTY31JUL2526700PE.NFO,2025-07-14,14:41:00,2025-07-31,226.25,226.25,223.05,223.05,65,20995,0
FINNIFTY31JUL2526700PE.NFO,2025-07-14,14:42:00,2025-07-31,223.05,223.05,223.05,223.05,0,20995,0
FINNIFTY31JUL2526700PE.NFO,2025-07-14,14:43:00,2025-07-31,223.05,223.05,219.75,220.95,390,20930,0
FINNIFTY31JUL2526700PE.NFO,2025-07-14,14:44:00,2025-07-31,220.95,220.95,219.45,219.45,65,20930,0
FINNIFTY31JUL2526700PE.NFO,2025-07-14,14:45:00,2025-07-31,219.45,219.45,218.35,219.05,715,20930,0
FINNIFTY31JUL2526700PE.NFO,2025-07-14,14:46:00,2025-07-31,219.05,219.35,219.05,219.35,65,20475,0
FINNIFTY31JUL2526700PE.NFO,2025-07-14,14:47:00,2025-07-31,219.35,219.35,219.35,219.35,0,20475,0
FINNIFTY31JUL2526700PE.NFO,2025-07-14,14:48:00,2025-07-31,219.35,219.35,219.05,219.05,130,20475,0
FINNIFTY31JUL2526700PE.NFO,2025-07-14,14:49:00,2025-07-31,219.05,219.55,219.05,219.55,65,20475,0
FINNIFTY31JUL2526700PE.NFO,2025-07-14,14:50:00,2025-07-31,218.0,218.35,218.0,218.0,325,20605,0
FINNIFTY31JUL2526700PE.NFO,2025-07-14,14:51:00,2025-07-31,218.0,218.2,217.85,218.2,325,20605,0
FINNIFTY31JUL2526700PE.NFO,2025-07-14,14:52:00,2025-07-31,218.2,218.2,210.0,211.3,910,20605,0
FINNIFTY31JUL2526700PE.NFO,2025-07-14,14:53:00,2025-07-31,211.3,211.3,203.0,203.0,6630,20605,0
FINNIFTY31JUL2526700PE.NFO,2025-07-14,14:54:00,2025-07-31,203.0,203.5,203.0,203.5,65,20605,0
FINNIFTY31JUL2526700PE.NFO,2025-07-14,14:55:00,2025-07-31,203.5,203.5,201.0,201.75,390,18135,0
FINNIFTY31JUL2526700PE.NFO,2025-07-14,14:56:00,2025-07-31,201.75,201.75,201.75,201.75,0,18135,0
FINNIFTY31JUL2526700PE.NFO,2025-07-14,14:57:00,2025-07-31,201.75,202.0,201.75,202.0,65,18135,0
FINNIFTY31JUL2526700PE.NFO,2025-07-14,14:58:00,2025-07-31,202.0,202.0,193.0,193.0,260,18265,0
FINNIFTY31JUL2526700PE.NFO,2025-07-14,14:59:00,2025-07-31,193.0,196.15,190.8,192.3,1040,18265,0
FINNIFTY31JUL2526700PE.NFO,2025-07-14,15:00:00,2025-07-31,192.3,194.5,192.3,193.8,585,18265,0
FINNIFTY31JUL2526700PE.NFO,2025-07-14,15:01:00,2025-07-31,193.8,196.6,193.8,196.6,520,18070,0
FINNIFTY31JUL2526700PE.NFO,2025-07-14,15:02:00,2025-07-31,196.6,196.6,194.95,194.95,260,18070,0
FINNIFTY31JUL2526700PE.NFO,2025-07-14,15:03:00,2025-07-31,194.95,197.45,194.95,197.45,325,18070,0
FINNIFTY31JUL2526700PE.NFO,2025-07-14,15:04:00,2025-07-31,197.45,199.05,197.45,199.05,195,17940,0
FINNIFTY31JUL2526700PE.NFO,2025-07-14,15:05:00,2025-07-31,199.05,199.05,199.05,199.05,0,17940,0
FINNIFTY31JUL2526700PE.NFO,2025-07-14,15:06:00,2025-07-31,199.05,199.05,199.05,199.05,0,17940,0
FINNIFTY31JUL2526700PE.NFO,2025-07-14,15:07:00,2025-07-31,199.05,199.05,197.7,197.7,260,17940,0
FINNIFTY31JUL2526700PE.NFO,2025-07-14,15:08:00,2025-07-31,197.7,197.7,197.7,197.7,0,17940,0
FINNIFTY31JUL2526700PE.NFO,2025-07-14,15:09:00,2025-07-31,197.7,202.65,197.7,200.8,130,18265,0
FINNIFTY31JUL2526700PE.NFO,2025-07-14,15:10:00,2025-07-31,200.8,203.6,200.8,203.6,390,18460,0
FINNIFTY31JUL2526700PE.NFO,2025-07-14,15:11:00,2025-07-31,203.6,203.6,202.2,202.7,260,18460,0
FINNIFTY31JUL2526700PE.NFO,2025-07-14,15:12:00,2025-07-31,202.7,202.7,198.7,198.7,65,18460,0
FINNIFTY31JUL2526700PE.NFO,2025-07-14,15:13:00,2025-07-31,198.7,198.7,198.7,198.7,0,18460,0
FINNIFTY31JUL2526700PE.NFO,2025-07-14,15:14:00,2025-07-31,198.7,200.0,198.35,198.35,325,18330,0
FINNIFTY31JUL2526700PE.NFO,2025-07-14,15:15:00,2025-07-31,198.35,198.35,198.3,198.3,65,18330,0
FINNIFTY31JUL2526700PE.NFO,2025-07-14,15:16:00,2025-07-31,198.3,199.35,198.3,199.35,130,18330,0
FINNIFTY31JUL2526700PE.NFO,2025-07-14,15:17:00,2025-07-31,199.35,199.35,196.85,198.1,195,18135,0
FINNIFTY31JUL2526700PE.NFO,2025-07-14,15:18:00,2025-07-31,198.1,199.35,198.1,199.35,130,18135,0
FINNIFTY31JUL2526700PE.NFO,2025-07-14,15:19:00,2025-07-31,199.35,202.0,199.0,199.0,455,18330,0
FINNIFTY31JUL2526700PE.NFO,2025-07-14,15:20:00,2025-07-31,199.9,199.9,199.55,199.55,260,18330,0
FINNIFTY31JUL2526700PE.NFO,2025-07-14,15:21:00,2025-07-31,199.55,199.75,199.3,199.75,260,18330,0
FINNIFTY31JUL2526700PE.NFO,2025-07-14,15:22:00,2025-07-31,199.75,199.75,199.15,199.15,195,18330,0
FINNIFTY31JUL2526700PE.NFO,2025-07-14,15:23:00,2025-07-31,199.15,199.4,197.85,199.4,520,18200,0
FINNIFTY31JUL2526700PE.NFO,2025-07-14,15:24:00,2025-07-31,199.4,199.4,198.1,198.1,260,18200,0
FINNIFTY31JUL2526700PE.NFO,2025-07-14,15:25:00,2025-07-31,198.1,198.1,195.4,195.4,1950,18200,0
FINNIFTY31JUL2526700PE.NFO,2025-07-14,15:26:00,2025-07-31,195.4,195.4,194.0,194.65,260,18655,0
FINNIFTY31JUL2526700PE.NFO,2025-07-14,15:27:00,2025-07-31,194.65,194.65,193.2,193.2,195,18655,0
FINNIFTY31JUL2526700PE.NFO,2025-07-14,15:28:00,2025-07-31,193.2,194.0,193.2,194.0,650,18590,0
FINNIFTY31JUL2526700PE.NFO,2025-07-14,15:29:00,2025-07-31,194.0,194.0,194.0,194.0,195,18590,0
FINNIFTY31JUL2526700PE.NFO,2025-07-14,15:30:00,2025-07-31,194.0,194.0,194.0,194.0,195,18590,1
FINNIFTY31JUL2526700PE.NFO,2025-07-15,09:15:00,2025-07-31,178.0,181.5,173.25,180.15,1560,17940,0
FINNIFTY31JUL2526700PE.NFO,2025-07-15,09:16:00,2025-07-31,180.15,184.1,178.65,183.75,325,17940,0
FINNIFTY31JUL2526700PE.NFO,2025-07-15,09:17:00,2025-07-31,183.75,183.8,183.25,183.8,130,17940,0
FINNIFTY31JUL2526700PE.NFO,2025-07-15,09:18:00,2025-07-31,183.8,187.45,183.8,187.45,195,17940,0
FINNIFTY31JUL2526700PE.NFO,2025-07-15,09:19:00,2025-07-31,187.45,187.45,182.1,182.1,520,18135,0
FINNIFTY31JUL2526700PE.NFO,2025-07-15,09:20:00,2025-07-31,182.1,182.1,180.7,180.7,130,18135,0
FINNIFTY31JUL2526700PE.NFO,2025-07-15,09:21:00,2025-07-31,180.7,180.7,176.9,178.15,2275,18265,0
FINNIFTY31JUL2526700PE.NFO,2025-07-15,09:22:00,2025-07-31,178.15,179.6,178.15,179.6,0,18265,0
FINNIFTY31JUL2526700PE.NFO,2025-07-15,09:23:00,2025-07-31,179.6,180.85,179.6,180.85,585,18265,0
FINNIFTY31JUL2526700PE.NFO,2025-07-15,09:24:00,2025-07-31,180.85,181.6,178.45,178.45,715,17810,0
FINNIFTY31JUL2526700PE.NFO,2025-07-15,09:25:00,2025-07-31,178.45,178.45,178.45,178.45,0,17810,0
FINNIFTY31JUL2526700PE.NFO,2025-07-15,09:26:00,2025-07-31,178.45,182.0,178.45,182.0,520,17810,0
FINNIFTY31JUL2526700PE.NFO,2025-07-15,09:27:00,2025-07-31,182.0,182.0,182.0,182.0,0,17810,0
FINNIFTY31JUL2526700PE.NFO,2025-07-15,09:28:00,2025-07-31,182.0,182.3,179.4,179.4,260,17745,0
FINNIFTY31JUL2526700PE.NFO,2025-07-15,09:29:00,2025-07-31,179.4,179.4,179.4,179.4,65,17745,0
FINNIFTY31JUL2526700PE.NFO,2025-07-15,09:30:00,2025-07-31,179.4,179.4,175.0,178.6,325,17355,0
FINNIFTY31JUL2526700PE.NFO,2025-07-15,09:31:00,2025-07-31,178.6,179.8,178.6,179.8,65,17355,0
FINNIFTY31JUL2526700PE.NFO,2025-07-15,09:32:00,2025-07-31,179.8,180.5,179.8,180.5,65,17355,0
FINNIFTY31JUL2526700PE.NFO,2025-07-15,09:33:00,2025-07-31,180.5,180.5,180.5,180.5,0,17355,0
FINNIFTY31JUL2526700PE.NFO,2025-07-15,09:34:00,2025-07-31,180.5,180.5,175.0,175.0,715,17160,0
FINNIFTY31JUL2526700PE.NFO,2025-07-15,09:35:00,2025-07-31,175.0,175.0,175.0,175.0,0,17160,0
FINNIFTY31JUL2526700PE.NFO,2025-07-15,09:36:00,2025-07-31,175.0,175.55,173.25,175.55,195,17160,0
FINNIFTY31JUL2526700PE.NFO,2025-07-15,09:37:00,2025-07-31,175.55,175.55,173.85,174.0,65,17160,0
FINNIFTY31JUL2526700PE.NFO,2025-07-15,09:38:00,2025-07-31,174.0,174.0,170.85,171.25,65,17160,0
FINNIFTY31JUL2526700PE.NFO,2025-07-15,09:39:00,2025-07-31,171.25,172.4,171.25,172.4,65,17095,0
FINNIFTY31JUL2526700PE.NFO,2025-07-15,09:40:00,2025-07-31,172.4,176.6,171.05,176.6,130,17095,0
FINNIFTY31JUL2526700PE.NFO,2025-07-15,09:41:00,2025-07-31,176.6,178.6,176.6,178.6,260,17095,0
FINNIFTY31JUL2526700PE.NFO,2025-07-15,09:42:00,2025-07-31,178.6,180.15,177.2,177.2,195,16705,0
FINNIFTY31JUL2526700PE.NFO,2025-07-15,09:43:00,2025-07-31,177.2,179.05,175.9,179.05,455,16705,0
FINNIFTY31JUL2526700PE.NFO,2025-07-15,09:44:00,2025-07-31,179.05,179.05,177.5,177.5,130,16705,0
FINNIFTY31JUL2526700PE.NFO,2025-07-15,09:45:00,2025-07-31,177.5,179.0,177.5,179.0,325,16445,0
FINNIFTY31JUL2526700PE.NFO,2025-07-15,09:46:00,2025-07-31,179.0,179.6,178.15,178.15,845,16445,0
FINNIFTY31JUL2526700PE.NFO,2025-07-15,09:47:00,2025-07-31,178.15,178.15,178.15,178.15,0,16445,0
FINNIFTY31JUL2526700PE.NFO,2025-07-15,09:48:00,2025-07-31,178.15,178.15,174.25,174.85,195,16965,0
FINNIFTY31JUL2526700PE.NFO,2025-07-15,09:49:00,2025-07-31,174.85,174.85,174.85,174.85,0,16965,0
FINNIFTY31JUL2526700PE.NFO,2025-07-15,09:50:00,2025-07-31,174.85,174.85,174.85,174.85,0,16965,0
FINNIFTY31JUL2526700PE.NFO,2025-07-15,09:51:00,2025-07-31,174.85,174.85,174.85,174.85,0,16965,0
FINNIFTY31JUL2526700PE.NFO,2025-07-15,09:52:00,2025-07-31,174.85,174.85,168.15,168.15,65,16965,0
FINNIFTY31JUL2526700PE.NFO,2025-07-15,09:53:00,2025-07-31,168.15,168.4,167.45,168.4,325,16965,0
FINNIFTY31JUL2526700PE.NFO,2025-07-15,09:54:00,2025-07-31,168.4,168.4,168.05,168.05,65,16965,0
FINNIFTY31JUL2526700PE.NFO,2025-07-15,09:55:00,2025-07-31,168.05,169.15,168.05,168.75,650,16900,0
FINNIFTY31JUL2526700PE.NFO,2025-07-15,09:56:00,2025-07-31,168.75,170.45,168.75,170.45,325,16900,0
FINNIFTY31JUL2526700PE.NFO,2025-07-15,09:57:00,2025-07-31,170.45,170.45,168.85,168.85,65,16900,0
FINNIFTY31JUL2526700PE.NFO,2025-07-15,09:58:00,2025-07-31,168.85,168.85,168.85,168.85,0,16900,0
FINNIFTY31JUL2526700PE.NFO,2025-07-15,09:59:00,2025-07-31,168.85,170.95,168.85,170.95,65,16510,0
FINNIFTY31JUL2526700PE.NFO,2025-07-15,10:00:00,2025-07-31,170.95,171.3,170.05,170.05,910,16510,0
FINNIFTY31JUL2526700PE.NFO,2025-07-15,10:01:00,2025-07-31,170.05,170.05,168.75,168.75,130,16510,0
FINNIFTY31JUL2526700PE.NFO,2025-07-15,10:02:00,2025-07-31,168.75,168.75,167.0,167.0,65,16510,0
FINNIFTY31JUL2526700PE.NFO,2025-07-15,10:03:00,2025-07-31,167.0,167.0,165.0,165.7,715,16510,0
FINNIFTY31JUL2526700PE.NFO,2025-07-15,10:04:00,2025-07-31,165.7,165.7,165.7,165.7,0,16510,0
FINNIFTY31JUL2526700PE.NFO,2025-07-15,10:05:00,2025-07-31,165.7,165.7,165.7,165.7,0,16510,0
FINNIFTY31JUL2526700PE.NFO,2025-07-15,10:06:00,2025-07-31,165.7,165.7,165.7,165.7,0,16510,0
FINNIFTY31JUL2526700PE.NFO,2025-07-15,10:07:00,2025-07-31,165.7,165.7,165.7,165.7,0,16510,0
FINNIFTY31JUL2526700PE.NFO,2025-07-15,10:08:00,2025-07-31,165.7,165.7,165.7,165.7,0,16510,0
FINNIFTY31JUL2526700PE.NFO,2025-07-15,10:09:00,2025-07-31,165.7,165.7,165.7,165.7,0,16510,0
FINNIFTY31JUL2526700PE.NFO,2025-07-15,10:10:00,2025-07-31,165.7,165.7,165.7,165.7,0,16510,0
FINNIFTY31JUL2526700PE.NFO,2025-07-15,10:11:00,2025-07-31,165.7,165.7,165.7,165.7,0,16510,0
FINNIFTY31JUL2526700PE.NFO,2025-07-15,10:12:00,2025-07-31,165.7,165.7,165.7,165.7,0,16510,0
FINNIFTY31JUL2526700PE.NFO,2025-07-15,10:13:00,2025-07-31,165.7,165.7,162.0,162.0,260,16965,0
FINNIFTY31JUL2526700PE.NFO,2025-07-15,10:14:00,2025-07-31,162.0,162.0,162.0,162.0,0,16965,0
FINNIFTY31JUL2526700PE.NFO,2025-07-15,10:15:00,2025-07-31,162.0,162.0,161.75,161.75,390,16965,0
FINNIFTY31JUL2526700PE.NFO,2025-07-15,10:16:00,2025-07-31,161.75,161.75,161.75,161.75,0,16965,0
FINNIFTY31JUL2526700PE.NFO,2025-07-15,10:17:00,2025-07-31,161.75,163.25,161.75,163.25,0,16965,0
FINNIFTY31JUL2526700PE.NFO,2025-07-15,10:18:00,2025-07-31,163.25,163.45,161.25,161.25,780,16380,0
FINNIFTY31JUL2526700PE.NFO,2025-07-15,10:19:00,2025-07-31,161.25,161.25,161.25,161.25,0,16380,0
FINNIFTY31JUL2526700PE.NFO,2025-07-15,10:20:00,2025-07-31,161.25,161.25,161.25,161.25,0,16380,0
FINNIFTY31JUL2526700PE.NFO,2025-07-15,10:21:00,2025-07-31,161.25,161.4,160.0,161.4,195,16510,0
FINNIFTY31JUL2526700PE.NFO,2025-07-15,10:22:00,2025-07-31,161.4,161.4,161.4,161.4,0,16510,0
FINNIFTY31JUL2526700PE.NFO,2025-07-15,10:23:00,2025-07-31,161.4,165.25,161.4,165.25,195,16510,0
FINNIFTY31JUL2526700PE.NFO,2025-07-15,10:24:00,2025-07-31,165.25,165.7,165.25,165.7,130,16185,0
FINNIFTY31JUL2526700PE.NFO,2025-07-15,10:25:00,2025-07-31,165.7,165.7,165.7,165.7,0,16185,0
FINNIFTY31JUL2526700PE.NFO,2025-07-15,10:26:00,2025-07-31,165.7,165.7,165.7,165.7,0,16185,0
FINNIFTY31JUL2526700PE.NFO,2025-07-15,10:27:00,2025-07-31,165.7,165.7,165.7,165.7,0,16185,0
FINNIFTY31JUL2526700PE.NFO,2025-07-15,10:28:00,2025-07-31,165.7,165.7,162.0,162.0,65,16250,0
FINNIFTY31JUL2526700PE.NFO,2025-07-15,10:29:00,2025-07-31,162.0,162.0,160.0,160.0,65,16250,0
FINNIFTY31JUL2526700PE.NFO,2025-07-15,10:30:00,2025-07-31,160.0,160.0,160.0,160.0,0,16250,0
FINNIFTY31JUL2526700PE.NFO,2025-07-15,10:31:00,2025-07-31,160.0,160.0,156.0,156.0,1430,16315,0
FINNIFTY31JUL2526700PE.NFO,2025-07-15,10:32:00,2025-07-31,156.0,157.95,155.65,157.95,455,16315,0
FINNIFTY31JUL2526700PE.NFO,2025-07-15,10:33:00,2025-07-31,157.95,157.95,156.55,156.55,65,17420,0
FINNIFTY31JUL2526700PE.NFO,2025-07-15,10:34:00,2025-07-31,156.55,156.55,155.15,155.15,130,17420,0
FINNIFTY31JUL2526700PE.NFO,2025-07-15,10:35:00,2025-07-31,155.15,155.15,154.5,154.5,65,17420,0
FINNIFTY31JUL2526700PE.NFO,2025-07-15,10:36:00,2025-07-31,154.5,154.85,154.25,154.85,1300,16965,0
FINNIFTY31JUL2526700PE.NFO,2025-07-15,10:37:00,2025-07-31,154.85,154.85,154.6,154.6,130,16965,0
FINNIFTY31JUL2526700PE.NFO,2025-07-15,10:38:00,2025-07-31,154.6,154.6,154.6,154.6,0,16965,0
FINNIFTY31JUL2526700PE.NFO,2025-07-15,10:39:00,2025-07-31,154.6,154.6,154.6,154.6,65,16380,0
FINNIFTY31JUL2526700PE.NFO,2025-07-15,10:40:00,2025-07-31,154.6,154.6,154.6,154.6,0,16380,0
FINNIFTY31JUL2526700PE.NFO,2025-07-15,10:41:00,2025-07-31,154.6,154.6,154.6,154.6,0,16380,0
FINNIFTY31JUL2526700PE.NFO,2025-07-15,10:42:00,2025-07-31,154.6,154.6,154.6,154.6,0,16380,0
FINNIFTY31JUL2526700PE.NFO,2025-07-15,10:43:00,2025-07-31,154.6,154.6,154.6,154.6,0,16380,0
FINNIFTY31JUL2526700PE.NFO,2025-07-15,10:44:00,2025-07-31,154.6,155.0,154.6,155.0,195,16380,0
FINNIFTY31JUL2526700PE.NFO,2025-07-15,10:45:00,2025-07-31,155.0,155.0,152.7,152.7,195,16380,0
FINNIFTY31JUL2526700PE.NFO,2025-07-15,10:46:00,2025-07-31,152.7,152.8,151.9,152.8,260,16770,0
FINNIFTY31JUL2526700PE.NFO,2025-07-15,10:47:00,2025-07-31,152.8,154.4,152.8,154.4,65,16770,0
FINNIFTY31JUL2526700PE.NFO,2025-07-15,10:48:00,2025-07-31,154.4,154.4,154.4,154.4,0,16770,0
FINNIFTY31JUL2526700PE.NFO,2025-07-15,10:49:00,2025-07-31,154.4,154.4,154.4,154.4,0,16770,0
FINNIFTY31JUL2526700PE.NFO,2025-07-15,10:50:00,2025-07-31,154.4,154.4,151.45,151.45,65,16770,0
FINNIFTY31JUL2526700PE.NFO,2025-07-15,10:51:00,2025-07-31,151.45,151.45,149.35,149.35,455,16705,0
FINNIFTY31JUL2526700PE.NFO,2025-07-15,10:52:00,2025-07-31,149.35,149.35,147.25,147.25,65,16705,0
FINNIFTY31JUL2526700PE.NFO,2025-07-15,10:53:00,2025-07-31,147.25,148.45,147.25,148.45,65,16705,0
FINNIFTY31JUL2526700PE.NFO,2025-07-15,10:54:00,2025-07-31,148.45,148.65,146.0,148.65,390,16705,0
FINNIFTY31JUL2526700PE.NFO,2025-07-15,10:55:00,2025-07-31,148.65,148.65,147.15,147.15,520,16835,0
FINNIFTY31JUL2526700PE.NFO,2025-07-15,10:56:00,2025-07-31,147.15,147.15,147.0,147.0,65,16835,0
FINNIFTY31JUL2526700PE.NFO,2025-07-15,10:57:00,2025-07-31,147.0,147.0,147.0,147.0,0,16835,0
FINNIFTY31JUL2526700PE.NFO,2025-07-15,10:58:00,2025-07-31,147.0,150.55,147.0,150.55,845,16250,0
FINNIFTY31JUL2526700PE.NFO,2025-07-15,10:59:00,2025-07-31,150.55,150.55,149.25,149.25,65,16250,0
FINNIFTY31JUL2526700PE.NFO,2025-07-15,11:00:00,2025-07-31,149.25,149.7,149.25,149.7,130,16250,0
FINNIFTY31JUL2526700PE.NFO,2025-07-15,11:01:00,2025-07-31,149.7,149.7,146.9,146.9,130,15730,0
FINNIFTY31JUL2526700PE.NFO,2025-07-15,11:02:00,2025-07-31,146.9,147.45,146.9,147.45,195,15730,0
FINNIFTY31JUL2526700PE.NFO,2025-07-15,11:03:00,2025-07-31,147.45,147.45,147.45,147.45,0,15730,0
FINNIFTY31JUL2526700PE.NFO,2025-07-15,11:04:00,2025-07-31,147.45,147.45,146.35,146.35,130,15860,0
FINNIFTY31JUL2526700PE.NFO,2025-07-15,11:05:00,2025-07-31,146.35,146.35,143.85,143.85,455,15860,0
FINNIFTY31JUL2526700PE.NFO,2025-07-15,11:06:00,2025-07-31,143.85,143.9,143.85,143.9,65,15990,0
FINNIFTY31JUL2526700PE.NFO,2025-07-15,11:07:00,2025-07-31,143.9,145.1,143.9,144.5,130,15990,0
FINNIFTY31JUL2526700PE.NFO,2025-07-15,11:08:00,2025-07-31,144.5,144.5,144.4,144.4,65,15990,0
FINNIFTY31JUL2526700PE.NFO,2025-07-15,11:09:00,2025-07-31,144.4,144.4,144.4,144.4,0,15990,0
FINNIFTY31JUL2526700PE.NFO,2025-07-15,11:10:00,2025-07-31,144.4,144.4,144.4,144.4,0,15990,0
FINNIFTY31JUL2526700PE.NFO,2025-07-15,11:11:00,2025-07-31,144.4,144.4,144.4,144.4,0,15990,0
FINNIFTY31JUL2526700PE.NFO,2025-07-15,11:12:00,2025-07-31,144.4,144.4,141.8,141.8,130,15990,0
FINNIFTY31JUL2526700PE.NFO,2025-07-15,11:13:00,2025-07-31,141.8,141.8,141.8,141.8,0,15990,0
FINNIFTY31JUL2526700PE.NFO,2025-07-15,11:14:00,2025-07-31,141.8,141.8,141.8,141.8,0,15990,0
FINNIFTY31JUL2526700PE.NFO,2025-07-15,11:15:00,2025-07-31,141.8,141.8,141.8,141.8,0,15990,0
FINNIFTY31JUL2526700PE.NFO,2025-07-15,11:16:00,2025-07-31,141.8,141.8,141.8,141.8,0,15990,0
FINNIFTY31JUL2526700PE.NFO,2025-07-15,11:17:00,2025-07-31,141.8,145.15,141.8,145.15,65,15990,0
FINNIFTY31JUL2526700PE.NFO,2025-07-15,11:18:00,2025-07-31,145.15,146.2,145.15,146.2,65,15990,0
FINNIFTY31JUL2526700PE.NFO,2025-07-15,11:19:00,2025-07-31,146.2,146.2,146.2,146.2,0,15990,0
FINNIFTY31JUL2526700PE.NFO,2025-07-15,11:20:00,2025-07-31,146.2,146.95,146.2,146.95,130,15860,0
FINNIFTY31JUL2526700PE.NFO,2025-07-15,11:21:00,2025-07-31,146.95,146.95,146.35,146.35,65,15990,0
FINNIFTY31JUL2526700PE.NFO,2025-07-15,11:22:00,2025-07-31,146.35,148.5,146.35,148.5,195,15990,0
FINNIFTY31JUL2526700PE.NFO,2025-07-15,11:23:00,2025-07-31,148.5,150.75,148.5,150.45,130,15990,0
FINNIFTY31JUL2526700PE.NFO,2025-07-15,11:24:00,2025-07-31,150.45,150.45,150.45,150.45,0,15990,0
FINNIFTY31JUL2526700PE.NFO,2025-07-15,11:25:00,2025-07-31,150.45,150.45,150.45,150.45,0,15990,0
FINNIFTY31JUL2526700PE.NFO,2025-07-15,11:26:00,2025-07-31,150.45,150.45,150.45,150.45,0,15990,0
FINNIFTY31JUL2526700PE.NFO,2025-07-15,11:27:00,2025-07-31,150.45,150.45,150.45,150.45,0,15990,0
FINNIFTY31JUL2526700PE.NFO,2025-07-15,11:28:00,2025-07-31,150.45,150.45,150.45,150.45,0,15990,0
FINNIFTY31JUL2526700PE.NFO,2025-07-15,11:29:00,2025-07-31,150.45,150.45,150.45,150.45,0,15990,0
FINNIFTY31JUL2526700PE.NFO,2025-07-15,11:30:00,2025-07-31,150.45,150.45,148.15,148.15,130,15925,0
FINNIFTY31JUL2526700PE.NFO,2025-07-15,11:31:00,2025-07-31,148.15,148.15,148.15,148.15,0,15925,0
FINNIFTY31JUL2526700PE.NFO,2025-07-15,11:32:00,2025-07-31,148.15,148.15,148.15,148.15,0,15925,0
FINNIFTY31JUL2526700PE.NFO,2025-07-15,11:33:00,2025-07-31,148.15,148.15,148.15,148.15,0,15925,0
FINNIFTY31JUL2526700PE.NFO,2025-07-15,11:34:00,2025-07-31,148.15,148.15,148.15,148.15,0,15925,0
FINNIFTY31JUL2526700PE.NFO,2025-07-15,11:35:00,2025-07-31,148.15,148.15,148.15,148.15,0,15925,0
FINNIFTY31JUL2526700PE.NFO,2025-07-15,11:36:00,2025-07-31,148.15,148.15,148.15,148.15,0,15925,0
FINNIFTY31JUL2526700PE.NFO,2025-07-15,11:37:00,2025-07-31,148.15,149.0,145.2,149.0,390,15925,0
FINNIFTY31JUL2526700PE.NFO,2025-07-15,11:38:00,2025-07-31,149.0,151.6,147.7,149.2,325,15925,0
FINNIFTY31JUL2526700PE.NFO,2025-07-15,11:39:00,2025-07-31,149.2,149.2,149.2,149.2,0,15925,0
FINNIFTY31JUL2526700PE.NFO,2025-07-15,11:40:00,2025-07-31,149.2,152.35,149.2,152.35,65,15600,0
FINNIFTY31JUL2526700PE.NFO,2025-07-15,11:41:00,2025-07-31,152.35,152.35,151.9,151.9,65,15600,0
FINNIFTY31JUL2526700PE.NFO,2025-07-15,11:42:00,2025-07-31,151.9,151.9,151.9,151.9,0,15600,0
FINNIFTY31JUL2526700PE.NFO,2025-07-15,11:43:00,2025-07-31,151.9,151.9,150.65,150.65,0,15730,0
FINNIFTY31JUL2526700PE.NFO,2025-07-15,11:44:00,2025-07-31,150.65,150.65,150.5,150.5,195,15730,0
FINNIFTY31JUL2526700PE.NFO,2025-07-15,11:45:00,2025-07-31,150.5,150.5,149.95,149.95,260,15990,0
FINNIFTY31JUL2526700PE.NFO,2025-07-15,11:46:00,2025-07-31,149.95,149.95,149.95,149.95,0,15990,0
FINNIFTY31JUL2526700PE.NFO,2025-07-15,11:47:00,2025-07-31,149.95,151.4,149.95,151.4,65,15990,0
FINNIFTY31JUL2526700PE.NFO,2025-07-15,11:48:00,2025-07-31,151.4,151.4,151.4,151.4,0,15990,0
FINNIFTY31JUL2526700PE.NFO,2025-07-15,11:49:00,2025-07-31,151.4,151.4,151.4,151.4,0,15990,0
FINNIFTY31JUL2526700PE.NFO,2025-07-15,11:50:00,2025-07-31,151.4,151.4,151.4,151.4,65,16055,0
FINNIFTY31JUL2526700PE.NFO,2025-07-15,11:51:00,2025-07-31,151.4,151.4,151.4,151.4,0,16055,0
FINNIFTY31JUL2526700PE.NFO,2025-07-15,11:52:00,2025-07-31,151.75,151.75,151.75,151.75,325,16120,0
FINNIFTY31JUL2526700PE.NFO,2025-07-15,11:53:00,2025-07-31,151.75,151.75,151.75,151.75,0,16120,0
FINNIFTY31JUL2526700PE.NFO,2025-07-15,11:54:00,2025-07-31,151.75,151.75,151.75,151.75,0,16120,0
FINNIFTY31JUL2526700PE.NFO,2025-07-15,11:55:00,2025-07-31,151.75,152.25,151.75,152.25,130,16185,0
FINNIFTY31JUL2526700PE.NFO,2025-07-15,11:56:00,2025-07-31,152.25,154.3,152.25,154.3,65,16185,0
FINNIFTY31JUL2526700PE.NFO,2025-07-15,11:57:00,2025-07-31,154.3,154.7,153.65,154.7,390,16185,0
FINNIFTY31JUL2526700PE.NFO,2025-07-15,11:58:00,2025-07-31,154.7,154.7,154.7,154.7,0,16185,0
FINNIFTY31JUL2526700PE.NFO,2025-07-15,11:59:00,2025-07-31,154.7,154.7,154.7,154.7,0,16185,0
FINNIFTY31JUL2526700PE.NFO,2025-07-15,12:00:00,2025-07-31,154.7,154.7,150.8,150.8,65,16315,0
FINNIFTY31JUL2526700PE.NFO,2025-07-15,12:01:00,2025-07-31,150.8,150.8,150.8,150.8,0,16315,0
FINNIFTY31JUL2526700PE.NFO,2025-07-15,12:02:00,2025-07-31,150.8,150.8,150.8,150.8,0,16315,0
FINNIFTY31JUL2526700PE.NFO,2025-07-15,12:03:00,2025-07-31,150.8,150.8,150.8,150.8,0,16315,0
FINNIFTY31JUL2526700PE.NFO,2025-07-15,12:04:00,2025-07-31,150.8,154.9,150.8,154.9,65,16250,0
FINNIFTY31JUL2526700PE.NFO,2025-07-15,12:05:00,2025-07-31,154.9,154.9,154.9,154.9,0,16250,0
FINNIFTY31JUL2526700PE.NFO,2025-07-15,12:06:00,2025-07-31,154.9,154.9,154.9,154.9,65,16315,0
FINNIFTY31JUL2526700PE.NFO,2025-07-15,12:07:00,2025-07-31,154.9,154.9,154.1,154.1,130,16315,0
FINNIFTY31JUL2526700PE.NFO,2025-07-15,12:08:00,2025-07-31,154.1,154.65,154.1,154.65,130,16315,0
FINNIFTY31JUL2526700PE.NFO,2025-07-15,12:09:00,2025-07-31,154.65,156.7,154.65,156.7,65,16315,0
FINNIFTY31JUL2526700PE.NFO,2025-07-15,12:10:00,2025-07-31,156.7,156.7,156.7,156.7,0,16315,0
FINNIFTY31JUL2526700PE.NFO,2025-07-15,12:11:00,2025-07-31,156.7,156.7,156.7,156.7,0,16315,0
FINNIFTY31JUL2526700PE.NFO,2025-07-15,12:12:00,2025-07-31,156.7,156.7,156.7,156.7,195,16380,0
FINNIFTY31JUL2526700PE.NFO,2025-07-15,12:13:00,2025-07-31,156.7,156.7,153.4,153.4,65,16380,0
FINNIFTY31JUL2526700PE.NFO,2025-07-15,12:14:00,2025-07-31,153.4,153.4,153.35,153.35,455,16380,0
FINNIFTY31JUL2526700PE.NFO,2025-07-15,12:15:00,2025-07-31,153.35,153.35,153.35,153.35,0,16380,0
FINNIFTY31JUL2526700PE.NFO,2025-07-15,12:16:00,2025-07-31,153.35,153.35,153.35,153.35,0,16380,0
FINNIFTY31JUL2526700PE.NFO,2025-07-15,12:17:00,2025-07-31,153.35,153.35,153.35,153.35,0,16380,0
FINNIFTY31JUL2526700PE.NFO,2025-07-15,12:18:00,2025-07-31,153.35,153.35,153.35,153.35,0,16380,0
FINNIFTY31JUL2526700PE.NFO,2025-07-15,12:19:00,2025-07-31,153.35,153.35,153.35,153.35,0,16380,0
FINNIFTY31JUL2526700PE.NFO,2025-07-15,12:20:00,2025-07-31,153.35,158.0,153.35,158.0,65,15990,0
FINNIFTY31JUL2526700PE.NFO,2025-07-15,12:21:00,2025-07-31,158.0,162.0,158.0,160.5,195,15990,0
FINNIFTY31JUL2526700PE.NFO,2025-07-15,12:22:00,2025-07-31,160.5,160.5,159.25,159.25,130,15925,0
FINNIFTY31JUL2526700PE.NFO,2025-07-15,12:23:00,2025-07-31,159.25,159.25,159.25,159.25,0,15925,0
FINNIFTY31JUL2526700PE.NFO,2025-07-15,12:24:00,2025-07-31,159.25,159.25,159.25,159.25,0,15925,0
FINNIFTY31JUL2526700PE.NFO,2025-07-15,12:25:00,2025-07-31,159.25,159.25,159.25,159.25,0,15925,0
FINNIFTY31JUL2526700PE.NFO,2025-07-15,12:26:00,2025-07-31,159.25,159.25,153.3,153.3,585,15925,0
FINNIFTY31JUL2526700PE.NFO,2025-07-15,12:27:00,2025-07-31,153.3,153.3,153.3,153.3,0,15925,0
FINNIFTY31JUL2526700PE.NFO,2025-07-15,12:28:00,2025-07-31,153.3,153.3,153.3,153.3,0,15925,0
FINNIFTY31JUL2526700PE.NFO,2025-07-15,12:29:00,2025-07-31,153.3,154.9,153.3,154.9,65,15470,0
FINNIFTY31JUL2526700PE.NFO,2025-07-15,12:30:00,2025-07-31,154.9,154.9,150.0,151.05,130,15470,0
FINNIFTY31JUL2526700PE.NFO,2025-07-15,12:31:00,2025-07-31,151.05,151.05,151.05,151.05,0,15470,0
FINNIFTY31JUL2526700PE.NFO,2025-07-15,12:32:00,2025-07-31,151.05,151.05,151.05,151.05,0,15470,0
FINNIFTY31JUL2526700PE.NFO,2025-07-15,12:33:00,2025-07-31,151.05,151.05,149.0,149.0,195,15470,0
FINNIFTY31JUL2526700PE.NFO,2025-07-15,12:34:00,2025-07-31,149.0,149.0,149.0,149.0,0,15470,0
FINNIFTY31JUL2526700PE.NFO,2025-07-15,12:35:00,2025-07-31,149.0,149.05,148.4,148.4,130,15470,0
FINNIFTY31JUL2526700PE.NFO,2025-07-15,12:36:00,2025-07-31,148.4,148.4,147.55,147.55,65,15470,0
FINNIFTY31JUL2526700PE.NFO,2025-07-15,12:37:00,2025-07-31,147.55,147.55,147.55,147.55,0,15470,0
FINNIFTY31JUL2526700PE.NFO,2025-07-15,12:38:00,2025-07-31,147.55,147.55,147.55,147.55,0,15470,0
FINNIFTY31JUL2526700PE.NFO,2025-07-15,12:39:00,2025-07-31,147.55,147.55,147.55,147.55,0,15470,0
FINNIFTY31JUL2526700PE.NFO,2025-07-15,12:40:00,2025-07-31,147.55,147.55,147.55,147.55,0,15470,0
FINNIFTY31JUL2526700PE.NFO,2025-07-15,12:41:00,2025-07-31,147.55,147.55,147.55,147.55,0,15470,0
FINNIFTY31JUL2526700PE.NFO,2025-07-15,12:42:00,2025-07-31,147.55,147.55,147.55,147.55,0,15470,0
FINNIFTY31JUL2526700PE.NFO,2025-07-15,12:43:00,2025-07-31,147.55,147.55,147.55,147.55,0,15470,0
FINNIFTY31JUL2526700PE.NFO,2025-07-15,12:44:00,2025-07-31,147.55,147.55,147.55,147.55,0,15470,0
FINNIFTY31JUL2526700PE.NFO,2025-07-15,12:45:00,2025-07-31,147.55,147.55,145.0,145.0,65,15470,0
FINNIFTY31JUL2526700PE.NFO,2025-07-15,12:46:00,2025-07-31,145.0,145.0,145.0,145.0,0,15470,0
FINNIFTY31JUL2526700PE.NFO,2025-07-15,12:47:00,2025-07-31,145.0,145.0,145.0,145.0,0,15470,0
FINNIFTY31JUL2526700PE.NFO,2025-07-15,12:48:00,2025-07-31,145.0,145.0,145.0,145.0,0,15470,0
FINNIFTY31JUL2526700PE.NFO,2025-07-15,12:49:00,2025-07-31,145.0,145.0,145.0,145.0,0,15470,0
FINNIFTY31JUL2526700PE.NFO,2025-07-15,12:50:00,2025-07-31,145.0,145.0,144.0,144.0,195,15405,0
FINNIFTY31JUL2526700PE.NFO,2025-07-15,12:51:00,2025-07-31,144.0,144.0,144.0,144.0,0,15405,0
FINNIFTY31JUL2526700PE.NFO,2025-07-15,12:52:00,2025-07-31,144.0,144.0,144.0,144.0,0,15405,0
FINNIFTY31JUL2526700PE.NFO,2025-07-15,12:53:00,2025-07-31,144.0,144.0,144.0,144.0,0,15405,0
FINNIFTY31JUL2526700PE.NFO,2025-07-15,12:54:00,2025-07-31,144.0,144.0,144.0,144.0,0,15405,0
FINNIFTY31JUL2526700PE.NFO,2025-07-15,12:55:00,2025-07-31,144.0,144.0,144.0,144.0,0,15405,0
FINNIFTY31JUL2526700PE.NFO,2025-07-15,12:56:00,2025-07-31,144.0,144.0,144.0,144.0,0,15405,0
FINNIFTY31JUL2526700PE.NFO,2025-07-15,12:57:00,2025-07-31,144.0,144.0,144.0,144.0,0,15405,0
FINNIFTY31JUL2526700PE.NFO,2025-07-15,12:58:00,2025-07-31,144.0,147.65,144.0,147.65,65,15600,0
FINNIFTY31JUL2526700PE.NFO,2025-07-15,12:59:00,2025-07-31,147.65,147.65,147.65,147.65,0,15600,0
FINNIFTY31JUL2526700PE.NFO,2025-07-15,13:00:00,2025-07-31,147.65,147.65,147.65,147.65,0,15600,0
FINNIFTY31JUL2526700PE.NFO,2025-07-15,13:01:00,2025-07-31,147.65,147.65,147.65,147.65,0,15600,0
FINNIFTY31JUL2526700PE.NFO,2025-07-15,13:02:00,2025-07-31,147.65,147.65,147.65,147.65,0,15600,0
FINNIFTY31JUL2526700PE.NFO,2025-07-15,13:03:00,2025-07-31,147.65,147.65,147.65,147.65,0,15600,0
FINNIFTY31JUL2526700PE.NFO,2025-07-15,13:04:00,2025-07-31,147.65,147.65,147.65,147.65,0,15600,0
FINNIFTY31JUL2526700PE.NFO,2025-07-15,13:05:00,2025-07-31,147.65,147.65,147.65,147.65,0,15600,0
FINNIFTY31JUL2526700PE.NFO,2025-07-15,13:06:00,2025-07-31,147.65,147.65,147.65,147.65,0,15600,0
FINNIFTY31JUL2526700PE.NFO,2025-07-15,13:07:00,2025-07-31,147.65,147.65,147.65,147.65,0,15600,0
FINNIFTY31JUL2526700PE.NFO,2025-07-15,13:08:00,2025-07-31,147.65,147.65,147.65,147.65,65,15535,0
FINNIFTY31JUL2526700PE.NFO,2025-07-15,13:09:00,2025-07-31,147.65,147.65,147.65,147.65,0,15535,0
FINNIFTY31JUL2526700PE.NFO,2025-07-15,13:10:00,2025-07-31,147.65,147.65,147.65,147.65,0,15535,0
FINNIFTY31JUL2526700PE.NFO,2025-07-15,13:11:00,2025-07-31,147.65,147.65,147.65,147.65,0,15535,0
FINNIFTY31JUL2526700PE.NFO,2025-07-15,13:12:00,2025-07-31,147.65,147.65,147.65,147.65,0,15535,0
FINNIFTY31JUL2526700PE.NFO,2025-07-15,13:13:00,2025-07-31,147.65,147.65,147.65,147.65,0,15535,0
FINNIFTY31JUL2526700PE.NFO,2025-07-15,13:14:00,2025-07-31,147.65,150.05,147.65,150.05,65,15600,0
FINNIFTY31JUL2526700PE.NFO,2025-07-15,13:15:00,2025-07-31,150.05,150.05,150.05,150.05,0,15600,0
FINNIFTY31JUL2526700PE.NFO,2025-07-15,13:16:00,2025-07-31,150.05,150.85,150.05,150.85,390,15665,0
FINNIFTY31JUL2526700PE.NFO,2025-07-15,13:17:00,2025-07-31,150.85,150.85,150.85,150.85,0,15665,0
FINNIFTY31JUL2526700PE.NFO,2025-07-15,13:18:00,2025-07-31,150.85,150.85,150.85,150.85,0,15665,0
FINNIFTY31JUL2526700PE.NFO,2025-07-15,13:19:00,2025-07-31,150.85,150.85,150.85,150.85,0,15665,0
FINNIFTY31JUL2526700PE.NFO,2025-07-15,13:20:00,2025-07-31,150.85,150.85,150.85,150.85,0,15665,0
FINNIFTY31JUL2526700PE.NFO,2025-07-15,13:21:00,2025-07-31,150.85,152.4,150.85,152.2,1105,15665,0
FINNIFTY31JUL2526700PE.NFO,2025-07-15,13:22:00,2025-07-31,152.2,152.2,151.05,151.05,455,16380,0
FINNIFTY31JUL2526700PE.NFO,2025-07-15,13:23:00,2025-07-31,151.05,151.05,151.05,151.05,0,16380,0
FINNIFTY31JUL2526700PE.NFO,2025-07-15,13:24:00,2025-07-31,151.05,151.05,151.05,151.05,0,16380,0
FINNIFTY31JUL2526700PE.NFO,2025-07-15,13:25:00,2025-07-31,151.05,151.05,151.05,151.05,0,16380,0
FINNIFTY31JUL2526700PE.NFO,2025-07-15,13:26:00,2025-07-31,151.05,151.05,151.05,151.05,0,16380,0
FINNIFTY31JUL2526700PE.NFO,2025-07-15,13:27:00,2025-07-31,151.05,154.2,151.05,154.2,650,16835,0
FINNIFTY31JUL2526700PE.NFO,2025-07-15,13:28:00,2025-07-31,154.2,157.0,154.2,157.0,520,16185,0
FINNIFTY31JUL2526700PE.NFO,2025-07-15,13:29:00,2025-07-31,157.0,158.6,157.0,158.6,130,16185,0
FINNIFTY31JUL2526700PE.NFO,2025-07-15,13:30:00,2025-07-31,158.6,158.6,158.6,158.6,0,16185,0
FINNIFTY31JUL2526700PE.NFO,2025-07-15,13:31:00,2025-07-31,158.6,158.6,156.15,156.15,65,15795,0
FINNIFTY31JUL2526700PE.NFO,2025-07-15,13:32:00,2025-07-31,156.15,158.35,156.15,158.35,65,15795,0
FINNIFTY31JUL2526700PE.NFO,2025-07-15,13:33:00,2025-07-31,158.35,159.1,158.35,159.1,65,15795,0
FINNIFTY31JUL2526700PE.NFO,2025-07-15,13:34:00,2025-07-31,159.1,159.1,159.1,159.1,0,15795,0
FINNIFTY31JUL2526700PE.NFO,2025-07-15,13:35:00,2025-07-31,159.1,159.1,159.1,159.1,0,15795,0
FINNIFTY31JUL2526700PE.NFO,2025-07-15,13:36:00,2025-07-31,159.1,159.1,156.6,156.6,65,15795,0
FINNIFTY31JUL2526700PE.NFO,2025-07-15,13:37:00,2025-07-31,156.6,158.05,156.6,158.05,130,15860,0
FINNIFTY31JUL2526700PE.NFO,2025-07-15,13:38:00,2025-07-31,158.05,160.0,158.05,160.0,130,15860,0
FINNIFTY31JUL2526700PE.NFO,2025-07-15,13:39:00,2025-07-31,160.0,160.0,160.0,160.0,0,15860,0
FINNIFTY31JUL2526700PE.NFO,2025-07-15,13:40:00,2025-07-31,160.0,160.0,158.65,158.65,65,15925,0
FINNIFTY31JUL2526700PE.NFO,2025-07-15,13:41:00,2025-07-31,158.65,158.65,158.65,158.65,0,15925,0
FINNIFTY31JUL2526700PE.NFO,2025-07-15,13:42:00,2025-07-31,158.65,158.65,157.0,157.0,325,15925,0
FINNIFTY31JUL2526700PE.NFO,2025-07-15,13:43:00,2025-07-31,157.0,157.0,157.0,157.0,0,15925,0
FINNIFTY31JUL2526700PE.NFO,2025-07-15,13:44:00,2025-07-31,157.0,157.0,157.0,157.0,0,15925,0
FINNIFTY31JUL2526700PE.NFO,2025-07-15,13:45:00,2025-07-31,157.0,157.0,157.0,157.0,0,15925,0
FINNIFTY31JUL2526700PE.NFO,2025-07-15,13:46:00,2025-07-31,157.0,157.0,151.5,151.5,65,15600,0
FINNIFTY31JUL2526700PE.NFO,2025-07-15,13:47:00,2025-07-31,151.5,151.5,151.5,151.5,0,15600,0
FINNIFTY31JUL2526700PE.NFO,2025-07-15,13:48:00,2025-07-31,151.5,151.5,148.0,148.0,195,15600,0
FINNIFTY31JUL2526700PE.NFO,2025-07-15,13:49:00,2025-07-31,148.0,149.2,148.0,149.2,390,15795,0
FINNIFTY31JUL2526700PE.NFO,2025-07-15,13:50:00,2025-07-31,149.2,149.2,149.2,149.2,0,15795,0
FINNIFTY31JUL2526700PE.NFO,2025-07-15,13:51:00,2025-07-31,149.2,149.2,149.2,149.2,0,15795,0
FINNIFTY31JUL2526700PE.NFO,2025-07-15,13:52:00,2025-07-31,149.2,149.2,149.2,149.2,0,15795,0
FINNIFTY31JUL2526700PE.NFO,2025-07-15,13:53:00,2025-07-31,149.2,149.2,149.15,149.15,65,15925,0
FINNIFTY31JUL2526700PE.NFO,2025-07-15,13:54:00,2025-07-31,149.15,149.15,149.15,149.15,0,15925,0
FINNIFTY31JUL2526700PE.NFO,2025-07-15,13:55:00,2025-07-31,143.9,144.3,143.7,144.3,780,15925,0
FINNIFTY31JUL2526700PE.NFO,2025-07-15,13:56:00,2025-07-31,144.3,144.3,144.3,144.3,0,15925,0
FINNIFTY31JUL2526700PE.NFO,2025-07-15,13:57:00,2025-07-31,144.3,144.3,143.95,144.0,65,15925,0
FINNIFTY31JUL2526700PE.NFO,2025-07-15,13:58:00,2025-07-31,144.0,144.0,144.0,144.0,0,15925,0
FINNIFTY31JUL2526700PE.NFO,2025-07-15,13:59:00,2025-07-31,144.0,144.0,144.0,144.0,0,15925,0
FINNIFTY31JUL2526700PE.NFO,2025-07-15,14:00:00,2025-07-31,144.0,147.45,144.0,147.45,130,15665,0
FINNIFTY31JUL2526700PE.NFO,2025-07-15,14:01:00,2025-07-31,147.45,147.45,147.45,147.45,0,15665,0
FINNIFTY31JUL2526700PE.NFO,2025-07-15,14:02:00,2025-07-31,147.45,147.45,147.45,147.45,0,15665,0
FINNIFTY31JUL2526700PE.NFO,2025-07-15,14:03:00,2025-07-31,147.45,147.45,147.45,147.45,0,15665,0
FINNIFTY31JUL2526700PE.NFO,2025-07-15,14:04:00,2025-07-31,147.45,147.45,147.45,147.45,0,15665,0
FINNIFTY31JUL2526700PE.NFO,2025-07-15,14:05:00,2025-07-31,147.45,147.45,147.45,147.45,0,15665,0
FINNIFTY31JUL2526700PE.NFO,2025-07-15,14:06:00,2025-07-31,147.45,147.45,147.45,147.45,0,15665,0
FINNIFTY31JUL2526700PE.NFO,2025-07-15,14:07:00,2025-07-31,147.45,159.15,147.45,159.15,390,15665,0
FINNIFTY31JUL2526700PE.NFO,2025-07-15,14:08:00,2025-07-31,159.15,159.15,155.05,155.05,130,15665,0
FINNIFTY31JUL2526700PE.NFO,2025-07-15,14:09:00,2025-07-31,155.05,155.05,155.05,155.05,0,15665,0
FINNIFTY31JUL2526700PE.NFO,2025-07-15,14:10:00,2025-07-31,155.05,155.05,155.05,155.05,0,15665,0
FINNIFTY31JUL2526700PE.NFO,2025-07-15,14:11:00,2025-07-31,155.05,155.05,155.05,155.05,0,15665,0
FINNIFTY31JUL2526700PE.NFO,2025-07-15,14:12:00,2025-07-31,155.05,155.05,155.05,155.05,0,15665,0
FINNIFTY31JUL2526700PE.NFO,2025-07-15,14:13:00,2025-07-31,155.05,155.05,155.05,155.05,0,15665,0
FINNIFTY31JUL2526700PE.NFO,2025-07-15,14:14:00,2025-07-31,155.05,155.05,155.05,155.05,0,15665,0
FINNIFTY31JUL2526700PE.NFO,2025-07-15,14:15:00,2025-07-31,155.05,155.05,148.7,148.7,195,15600,0
FINNIFTY31JUL2526700PE.NFO,2025-07-15,14:16:00,2025-07-31,148.7,148.7,148.7,148.7,0,15600,0
FINNIFTY31JUL2526700PE.NFO,2025-07-15,14:17:00,2025-07-31,148.7,148.7,148.4,148.4,65,15730,0
FINNIFTY31JUL2526700PE.NFO,2025-07-15,14:18:00,2025-07-31,148.4,148.8,148.4,148.8,195,15730,0
FINNIFTY31JUL2526700PE.NFO,2025-07-15,14:19:00,2025-07-31,148.8,148.8,148.65,148.65,65,15795,0
FINNIFTY31JUL2526700PE.NFO,2025-07-15,14:20:00,2025-07-31,148.65,148.65,148.65,148.65,0,15795,0
FINNIFTY31JUL2526700PE.NFO,2025-07-15,14:21:00,2025-07-31,148.65,148.65,148.65,148.65,0,15795,0
FINNIFTY31JUL2526700PE.NFO,2025-07-15,14:22:00,2025-07-31,148.65,148.65,148.55,148.55,65,15795,0
FINNIFTY31JUL2526700PE.NFO,2025-07-15,14:23:00,2025-07-31,148.55,148.55,148.55,148.55,0,15795,0
FINNIFTY31JUL2526700PE.NFO,2025-07-15,14:24:00,2025-07-31,148.55,152.0,148.55,152.0,195,15795,0
FINNIFTY31JUL2526700PE.NFO,2025-07-15,14:25:00,2025-07-31,152.0,152.0,152.0,152.0,0,15795,0
FINNIFTY31JUL2526700PE.NFO,2025-07-15,14:26:00,2025-07-31,152.0,152.0,152.0,152.0,195,15795,0
FINNIFTY31JUL2526700PE.NFO,2025-07-15,14:27:00,2025-07-31,152.0,152.0,152.0,152.0,0,15795,0
FINNIFTY31JUL2526700PE.NFO,2025-07-15,14:28:00,2025-07-31,152.0,152.0,151.7,151.7,65,15730,0
FINNIFTY31JUL2526700PE.NFO,2025-07-15,14:29:00,2025-07-31,151.7,151.7,151.7,151.7,0,15730,0
FINNIFTY31JUL2526700PE.NFO,2025-07-15,14:30:00,2025-07-31,151.7,151.7,149.25,149.25,260,15730,0
FINNIFTY31JUL2526700PE.NFO,2025-07-15,14:31:00,2025-07-31,149.25,149.25,147.0,147.0,65,15730,0
FINNIFTY31JUL2526700PE.NFO,2025-07-15,14:32:00,2025-07-31,147.0,147.0,147.0,147.0,130,15730,0
FINNIFTY31JUL2526700PE.NFO,2025-07-15,14:33:00,2025-07-31,147.0,148.7,146.4,146.4,4420,15730,0
FINNIFTY31JUL2526700PE.NFO,2025-07-15,14:34:00,2025-07-31,146.4,150.2,146.4,150.2,6695,19045,0
FINNIFTY31JUL2526700PE.NFO,2025-07-15,14:35:00,2025-07-31,150.2,151.95,148.75,151.45,15405,19045,0
FINNIFTY31JUL2526700PE.NFO,2025-07-15,14:36:00,2025-07-31,150.95,156.0,150.95,155.95,26390,19045,0
FINNIFTY31JUL2526700PE.NFO,2025-07-15,14:37:00,2025-07-31,155.95,159.45,154.7,159.45,23595,42575,0
FINNIFTY31JUL2526700PE.NFO,2025-07-15,14:38:00,2025-07-31,160.0,160.0,156.15,156.45,15275,42575,0
FINNIFTY31JUL2526700PE.NFO,2025-07-15,14:39:00,2025-07-31,156.45,158.5,156.15,157.0,5720,42575,0
FINNIFTY31JUL2526700PE.NFO,2025-07-15,14:40:00,2025-07-31,156.5,158.75,156.5,157.05,8905,58370,0
FINNIFTY31JUL2526700PE.NFO,2025-07-15,14:41:00,2025-07-31,157.15,157.3,153.05,153.8,14365,58370,0
FINNIFTY31JUL2526700PE.NFO,2025-07-15,14:42:00,2025-07-31,153.8,155.75,153.8,155.75,4225,58370,0
FINNIFTY31JUL2526700PE.NFO,2025-07-15,14:43:00,2025-07-31,155.75,155.75,154.15,154.15,3445,66885,0
FINNIFTY31JUL2526700PE.NFO,2025-07-15,14:44:00,2025-07-31,154.15,155.45,154.15,155.0,2210,66885,0
FINNIFTY31JUL2526700PE.NFO,2025-07-15,14:45:00,2025-07-31,155.0,158.0,155.0,158.0,4485,66885,0
FINNIFTY31JUL2526700PE.NFO,2025-07-15,14:46:00,2025-07-31,158.0,160.0,157.05,158.15,9295,66755,0
FINNIFTY31JUL2526700PE.NFO,2025-07-15,14:47:00,2025-07-31,158.15,159.7,156.9,156.9,5655,66755,0
FINNIFTY31JUL2526700PE.NFO,2025-07-15,14:48:00,2025-07-31,156.9,157.05,155.05,156.5,2145,66755,0
FINNIFTY31JUL2526700PE.NFO,2025-07-15,14:49:00,2025-07-31,156.5,156.75,155.15,155.25,2080,61945,0
FINNIFTY31JUL2526700PE.NFO,2025-07-15,14:50:00,2025-07-31,155.25,156.75,155.0,156.45,1820,61945,0
FINNIFTY31JUL2526700PE.NFO,2025-07-15,14:51:00,2025-07-31,156.45,158.05,155.9,155.9,1105,61945,0
FINNIFTY31JUL2526700PE.NFO,2025-07-15,14:52:00,2025-07-31,155.9,157.95,155.9,157.0,2340,62595,0
FINNIFTY31JUL2526700PE.NFO,2025-07-15,14:53:00,2025-07-31,157.0,158.25,155.3,156.8,1040,62595,0
FINNIFTY31JUL2526700PE.NFO,2025-07-15,14:54:00,2025-07-31,156.8,157.6,155.0,155.1,2730,62595,0
FINNIFTY31JUL2526700PE.NFO,2025-07-15,14:55:00,2025-07-31,155.0,156.7,154.1,155.0,2080,62010,0
FINNIFTY31JUL2526700PE.NFO,2025-07-15,14:56:00,2025-07-31,155.0,157.3,155.0,155.6,1885,62010,0
FINNIFTY31JUL2526700PE.NFO,2025-07-15,14:57:00,2025-07-31,156.7,157.1,155.25,156.0,2015,62010,0
FINNIFTY31JUL2526700PE.NFO,2025-07-15,14:58:00,2025-07-31,156.0,157.6,155.55,157.6,1690,61035,0
FINNIFTY31JUL2526700PE.NFO,2025-07-15,14:59:00,2025-07-31,157.4,157.4,156.0,156.0,2405,61035,0
FINNIFTY31JUL2526700PE.NFO,2025-07-15,15:00:00,2025-07-31,156.4,156.4,151.25,155.0,7150,61035,0
FINNIFTY31JUL2526700PE.NFO,2025-07-15,15:01:00,2025-07-31,155.0,155.7,154.05,154.2,2600,55380,0
FINNIFTY31JUL2526700PE.NFO,2025-07-15,15:02:00,2025-07-31,154.2,154.2,151.6,152.85,1625,55380,0
FINNIFTY31JUL2526700PE.NFO,2025-07-15,15:03:00,2025-07-31,152.85,153.4,152.0,153.3,1300,55380,0
FINNIFTY31JUL2526700PE.NFO,2025-07-15,15:04:00,2025-07-31,153.3,153.3,150.3,150.3,3315,55770,0
FINNIFTY31JUL2526700PE.NFO,2025-07-15,15:05:00,2025-07-31,150.3,151.95,150.3,151.65,2340,55770,0
FINNIFTY31JUL2526700PE.NFO,2025-07-15,15:06:00,2025-07-31,151.65,151.65,148.15,148.4,5720,55770,0
FINNIFTY31JUL2526700PE.NFO,2025-07-15,15:07:00,2025-07-31,148.4,148.8,147.0,148.3,4875,55250,0
FINNIFTY31JUL2526700PE.NFO,2025-07-15,15:08:00,2025-07-31,148.3,150.3,148.25,148.25,3575,55250,0
FINNIFTY31JUL2526700PE.NFO,2025-07-15,15:09:00,2025-07-31,148.25,148.7,147.0,147.8,1170,55250,0
FINNIFTY31JUL2526700PE.NFO,2025-07-15,15:10:00,2025-07-31,147.8,147.85,146.0,146.95,1560,52325,0
FINNIFTY31JUL2526700PE.NFO,2025-07-15,15:11:00,2025-07-31,146.95,148.35,146.8,147.8,975,52325,0
FINNIFTY31JUL2526700PE.NFO,2025-07-15,15:12:00,2025-07-31,147.8,147.8,145.35,146.85,3250,52325,0
FINNIFTY31JUL2526700PE.NFO,2025-07-15,15:13:00,2025-07-31,146.85,146.85,145.8,145.8,1690,54015,0
FINNIFTY31JUL2526700PE.NFO,2025-07-15,15:14:00,2025-07-31,145.8,145.8,145.0,145.55,2730,54015,0
FINNIFTY31JUL2526700PE.NFO,2025-07-15,15:15:00,2025-07-31,145.55,145.55,142.9,142.95,4485,54015,0
FINNIFTY31JUL2526700PE.NFO,2025-07-15,15:16:00,2025-07-31,142.95,144.8,142.95,144.8,390,56940,0
FINNIFTY31JUL2526700PE.NFO,2025-07-15,15:17:00,2025-07-31,144.8,144.8,144.0,144.7,585,56940,0
FINNIFTY31JUL2526700PE.NFO,2025-07-15,15:18:00,2025-07-31,144.7,144.7,144.0,144.0,1950,56940,0
FINNIFTY31JUL2526700PE.NFO,2025-07-15,15:19:00,2025-07-31,144.0,144.35,142.3,142.95,2080,58240,0
FINNIFTY31JUL2526700PE.NFO,2025-07-15,15:20:00,2025-07-31,142.95,143.65,142.05,143.65,3120,58240,0
FINNIFTY31JUL2526700PE.NFO,2025-07-15,15:21:00,2025-07-31,143.65,143.95,142.35,143.4,1495,58240,0
FINNIFTY31JUL2526700PE.NFO,2025-07-15,15:22:00,2025-07-31,143.4,143.95,142.55,142.7,2080,58630,0
FINNIFTY31JUL2526700PE.NFO,2025-07-15,15:23:00,2025-07-31,142.7,143.0,141.0,143.0,3705,58630,0
FINNIFTY31JUL2526700PE.NFO,2025-07-15,15:24:00,2025-07-31,142.15,142.15,140.45,140.9,845,58630,0
FINNIFTY31JUL2526700PE.NFO,2025-07-15,15:25:00,2025-07-31,140.9,142.5,140.9,141.2,2015,58110,0
FINNIFTY31JUL2526700PE.NFO,2025-07-15,15:26:00,2025-07-31,141.2,141.5,140.9,141.0,585,58110,0
FINNIFTY31JUL2526700PE.NFO,2025-07-15,15:27:00,2025-07-31,141.0,141.45,140.7,140.9,1040,58110,0
FINNIFTY31JUL2526700PE.NFO,2025-07-15,15:28:00,2025-07-31,140.9,142.65,140.05,142.55,2795,56940,0
FINNIFTY31JUL2526700PE.NFO,2025-07-15,15:29:00,2025-07-31,142.55,145.0,140.05,145.0,7540,56940,0
FINNIFTY31JUL2526700PE.NFO,2025-07-15,15:30:00,2025-07-31,145.0,145.0,145.0,145.0,7540,56940,1
FINNIFTY31JUL2526700PE.NFO,2025-07-16,09:15:00,2025-07-31,145.0,146.75,102.55,145.55,9620,53625,0
FINNIFTY31JUL2526700PE.NFO,2025-07-16,09:16:00,2025-07-31,145.55,150.0,145.55,150.0,2210,53625,0
FINNIFTY31JUL2526700PE.NFO,2025-07-16,09:17:00,2025-07-31,150.0,154.65,150.0,150.0,2665,53625,0
FINNIFTY31JUL2526700PE.NFO,2025-07-16,09:18:00,2025-07-31,150.0,153.05,149.15,152.95,4420,48685,0
FINNIFTY31JUL2526700PE.NFO,2025-07-16,09:19:00,2025-07-31,152.95,156.0,152.95,156.0,2015,48685,0
FINNIFTY31JUL2526700PE.NFO,2025-07-16,09:20:00,2025-07-31,156.0,160.0,155.35,159.6,9035,48685,0
FINNIFTY31JUL2526700PE.NFO,2025-07-16,09:21:00,2025-07-31,158.4,164.15,158.4,161.45,2795,41925,0
FINNIFTY31JUL2526700PE.NFO,2025-07-16,09:22:00,2025-07-31,161.95,166.25,161.4,165.5,2210,41925,0
FINNIFTY31JUL2526700PE.NFO,2025-07-16,09:23:00,2025-07-31,165.5,167.9,163.4,164.45,2210,41925,0
FINNIFTY31JUL2526700PE.NFO,2025-07-16,09:24:00,2025-07-31,164.45,167.65,163.6,163.6,975,40040,0
FINNIFTY31JUL2526700PE.NFO,2025-07-16,09:25:00,2025-07-31,164.0,167.55,164.0,167.05,1105,40040,0
FINNIFTY31JUL2526700PE.NFO,2025-07-16,09:26:00,2025-07-31,167.05,167.05,161.8,164.65,1560,40040,0
FINNIFTY31JUL2526700PE.NFO,2025-07-16,09:27:00,2025-07-31,164.65,167.0,164.45,164.75,1170,39910,0
FINNIFTY31JUL2526700PE.NFO,2025-07-16,09:28:00,2025-07-31,164.75,165.5,159.9,160.8,2860,39910,0
FINNIFTY31JUL2526700PE.NFO,2025-07-16,09:29:00,2025-07-31,160.8,162.15,157.7,157.7,1755,39910,0
FINNIFTY31JUL2526700PE.NFO,2025-07-16,09:30:00,2025-07-31,157.7,160.95,157.7,159.8,845,35815,0
FINNIFTY31JUL2526700PE.NFO,2025-07-16,09:31:00,2025-07-31,159.8,159.8,152.85,156.2,1950,35815,0
FINNIFTY31JUL2526700PE.NFO,2025-07-16,09:32:00,2025-07-31,156.2,157.4,155.15,157.4,195,35815,0
FINNIFTY31JUL2526700PE.NFO,2025-07-16,09:33:00,2025-07-31,157.4,157.4,155.35,155.75,650,34970,0
FINNIFTY31JUL2526700PE.NFO,2025-07-16,09:34:00,2025-07-31,155.75,155.75,152.95,152.95,325,34970,0
FINNIFTY31JUL2526700PE.NFO,2025-07-16,09:35:00,2025-07-31,152.95,156.5,152.95,155.8,975,34970,0
FINNIFTY31JUL2526700PE.NFO,2025-07-16,09:36:00,2025-07-31,155.8,157.85,155.1,155.1,260,35100,0
FINNIFTY31JUL2526700PE.NFO,2025-07-16,09:37:00,2025-07-31,155.1,155.1,150.35,152.5,1170,35100,0
FINNIFTY31JUL2526700PE.NFO,2025-07-16,09:38:00,2025-07-31,152.5,152.5,147.9,149.0,780,35100,0
FINNIFTY31JUL2526700PE.NFO,2025-07-16,09:39:00,2025-07-31,149.0,149.0,144.0,145.0,520,34060,0
FINNIFTY31JUL2526700PE.NFO,2025-07-16,09:40:00,2025-07-31,145.0,145.1,144.55,144.55,325,34060,0
FINNIFTY31JUL2526700PE.NFO,2025-07-16,09:41:00,2025-07-31,144.55,145.1,143.8,145.1,325,34060,0
FINNIFTY31JUL2526700PE.NFO,2025-07-16,09:42:00,2025-07-31,145.1,146.4,144.05,146.4,715,34775,0
FINNIFTY31JUL2526700PE.NFO,2025-07-16,09:43:00,2025-07-31,146.4,147.8,146.4,147.8,130,34775,0
FINNIFTY31JUL2526700PE.NFO,2025-07-16,09:44:00,2025-07-31,147.8,149.8,147.2,148.1,455,34775,0
FINNIFTY31JUL2526700PE.NFO,2025-07-16,09:45:00,2025-07-31,147.0,150.55,147.0,150.3,1105,35425,0
FINNIFTY31JUL2526700PE.NFO,2025-07-16,09:46:00,2025-07-31,150.3,152.0,149.75,151.35,1365,35425,0
FINNIFTY31JUL2526700PE.NFO,2025-07-16,09:47:00,2025-07-31,151.35,155.95,150.7,155.95,780,35425,0
FINNIFTY31JUL2526700PE.NFO,2025-07-16,09:48:00,2025-07-31,155.95,155.95,152.85,152.85,1040,35750,0
FINNIFTY31JUL2526700PE.NFO,2025-07-16,09:49:00,2025-07-31,152.85,152.85,148.9,148.9,780,35750,0
FINNIFTY31JUL2526700PE.NFO,2025-07-16,09:50:00,2025-07-31,148.9,148.9,148.0,148.0,260,35750,0
FINNIFTY31JUL2526700PE.NFO,2025-07-16,09:51:00,2025-07-31,148.0,150.95,148.0,150.95,585,35360,0
FINNIFTY31JUL2526700PE.NFO,2025-07-16,09:52:00,2025-07-31,150.95,151.8,150.95,151.2,260,35360,0
FINNIFTY31JUL2526700PE.NFO,2025-07-16,09:53:00,2025-07-31,151.2,151.2,145.8,145.8,455,35360,0
FINNIFTY31JUL2526700PE.NFO,2025-07-16,09:54:00,2025-07-31,145.8,145.8,145.8,145.8,0,35360,0
FINNIFTY31JUL2526700PE.NFO,2025-07-16,09:55:00,2025-07-31,145.8,147.65,145.8,147.65,65,34970,0
FINNIFTY31JUL2526700PE.NFO,2025-07-16,09:56:00,2025-07-31,147.65,148.2,147.65,148.2,65,34970,0
FINNIFTY31JUL2526700PE.NFO,2025-07-16,09:57:00,2025-07-31,148.2,150.25,148.2,150.25,130,34970,0
FINNIFTY31JUL2526700PE.NFO,2025-07-16,09:58:00,2025-07-31,150.25,152.0,150.25,152.0,650,35100,0
FINNIFTY31JUL2526700PE.NFO,2025-07-16,09:59:00,2025-07-31,152.0,153.8,152.0,153.8,195,35100,0
FINNIFTY31JUL2526700PE.NFO,2025-07-16,10:00:00,2025-07-31,153.8,155.95,153.05,153.35,1235,34385,0
FINNIFTY31JUL2526700PE.NFO,2025-07-16,10:01:00,2025-07-31,153.35,157.0,153.35,154.55,390,34385,0
FINNIFTY31JUL2526700PE.NFO,2025-07-16,10:02:00,2025-07-31,154.55,155.85,154.55,155.85,65,34385,0
FINNIFTY31JUL2526700PE.NFO,2025-07-16,10:03:00,2025-07-31,155.85,156.2,154.15,154.15,325,33605,0
FINNIFTY31JUL2526700PE.NFO,2025-07-16,10:04:00,2025-07-31,154.15,155.15,152.35,152.35,195,33605,0
FINNIFTY31JUL2526700PE.NFO,2025-07-16,10:05:00,2025-07-31,152.35,152.55,150.85,151.7,780,33605,0
FINNIFTY31JUL2526700PE.NFO,2025-07-16,10:06:00,2025-07-31,151.7,152.05,151.7,152.05,1820,34775,0
FINNIFTY31JUL2526700PE.NFO,2025-07-16,10:07:00,2025-07-31,152.05,152.05,151.9,151.9,65,34775,0
FINNIFTY31JUL2526700PE.NFO,2025-07-16,10:08:00,2025-07-31,151.9,152.15,151.05,152.15,130,34775,0
FINNIFTY31JUL2526700PE.NFO,2025-07-16,10:09:00,2025-07-31,152.15,152.15,152.15,152.15,0,34775,0
FINNIFTY31JUL2526700PE.NFO,2025-07-16,10:10:00,2025-07-31,152.15,152.15,152.15,152.15,0,34775,0
FINNIFTY31JUL2526700PE.NFO,2025-07-16,10:11:00,2025-07-31,152.15,152.15,150.6,151.8,130,34710,0
FINNIFTY31JUL2526700PE.NFO,2025-07-16,10:12:00,2025-07-31,151.8,154.0,151.8,152.95,1820,34645,0
FINNIFTY31JUL2526700PE.NFO,2025-07-16,10:13:00,2025-07-31,152.95,153.1,152.0,152.8,260,34645,0
FINNIFTY31JUL2526700PE.NFO,2025-07-16,10:14:00,2025-07-31,152.8,154.0,152.8,154.0,390,34645,0
FINNIFTY31JUL2526700PE.NFO,2025-07-16,10:15:00,2025-07-31,154.0,156.1,153.4,153.4,780,34645,0
FINNIFTY31JUL2526700PE.NFO,2025-07-16,10:16:00,2025-07-31,153.4,156.45,153.4,156.45,390,33605,0
FINNIFTY31JUL2526700PE.NFO,2025-07-16,10:17:00,2025-07-31,156.45,156.45,151.4,151.4,130,33605,0
FINNIFTY31JUL2526700PE.NFO,2025-07-16,10:18:00,2025-07-31,151.4,151.9,151.4,151.75,195,33605,0
FINNIFTY31JUL2526700PE.NFO,2025-07-16,10:19:00,2025-07-31,151.75,151.75,150.6,150.6,195,33670,0
FINNIFTY31JUL2526700PE.NFO,2025-07-16,10:20:00,2025-07-31,150.6,151.1,148.0,148.0,780,33670,0
FINNIFTY31JUL2526700PE.NFO,2025-07-16,10:21:00,2025-07-31,148.0,148.0,147.0,147.0,130,33670,0
FINNIFTY31JUL2526700PE.NFO,2025-07-16,10:22:00,2025-07-31,147.0,147.9,147.0,147.9,65,33735,0
FINNIFTY31JUL2526700PE.NFO,2025-07-16,10:23:00,2025-07-31,147.9,149.1,147.9,149.1,130,33735,0
FINNIFTY31JUL2526700PE.NFO,2025-07-16,10:24:00,2025-07-31,149.1,149.1,148.5,148.5,130,32890,0
FINNIFTY31JUL2526700PE.NFO,2025-07-16,10:25:00,2025-07-31,148.5,148.5,147.15,148.25,195,32890,0
FINNIFTY31JUL2526700PE.NFO,2025-07-16,10:26:00,2025-07-31,148.25,148.25,146.55,146.55,910,32890,0
FINNIFTY31JUL2526700PE.NFO,2025-07-16,10:27:00,2025-07-31,146.55,148.8,146.55,148.8,780,32890,0
FINNIFTY31JUL2526700PE.NFO,2025-07-16,10:28:00,2025-07-31,148.8,151.75,148.8,151.75,65,32305,0
FINNIFTY31JUL2526700PE.NFO,2025-07-16,10:29:00,2025-07-31,151.75,151.75,151.75,151.75,0,32305,0
FINNIFTY31JUL2526700PE.NFO,2025-07-16,10:30:00,2025-07-31,149.55,149.55,149.45,149.45,130,32305,0
FINNIFTY31JUL2526700PE.NFO,2025-07-16,10:31:00,2025-07-31,149.45,150.7,149.45,150.7,65,31980,0
FINNIFTY31JUL2526700PE.NFO,2025-07-16,10:32:00,2025-07-31,150.7,150.7,150.45,150.45,130,31980,0
FINNIFTY31JUL2526700PE.NFO,2025-07-16,10:33:00,2025-07-31,150.45,158.0,150.45,157.45,1170,31915,0
FINNIFTY31JUL2526700PE.NFO,2025-07-16,10:34:00,2025-07-31,157.45,157.45,153.65,153.65,1170,31915,0
FINNIFTY31JUL2526700PE.NFO,2025-07-16,10:35:00,2025-07-31,153.65,153.65,153.65,153.65,0,31915,0
FINNIFTY31JUL2526700PE.NFO,2025-07-16,10:36:00,2025-07-31,153.65,158.85,153.65,158.85,650,30940,0
FINNIFTY31JUL2526700PE.NFO,2025-07-16,10:37:00,2025-07-31,158.85,158.85,157.25,157.25,2210,30940,0
FINNIFTY31JUL2526700PE.NFO,2025-07-16,10:38:00,2025-07-31,157.25,158.0,157.25,158.0,130,30940,0
FINNIFTY31JUL2526700PE.NFO,2025-07-16,10:39:00,2025-07-31,158.0,158.45,156.6,156.6,650,31915,0
FINNIFTY31JUL2526700PE.NFO,2025-07-16,10:40:00,2025-07-31,156.6,158.25,156.6,158.25,325,31915,0
FINNIFTY31JUL2526700PE.NFO,2025-07-16,10:41:00,2025-07-31,158.25,158.25,157.45,158.25,390,31915,0
FINNIFTY31JUL2526700PE.NFO,2025-07-16,10:42:00,2025-07-31,158.25,159.0,158.25,159.0,1690,31915,0
FINNIFTY31JUL2526700PE.NFO,2025-07-16,10:43:00,2025-07-31,159.0,159.0,159.0,159.0,260,30355,0
FINNIFTY31JUL2526700PE.NFO,2025-07-16,10:44:00,2025-07-31,159.0,165.0,159.0,165.0,1105,30355,0
FINNIFTY31JUL2526700PE.NFO,2025-07-16,10:45:00,2025-07-31,165.0,167.0,163.55,164.35,2990,28145,0
FINNIFTY31JUL2526700PE.NFO,2025-07-16,10:46:00,2025-07-31,164.35,168.35,163.3,168.35,325,28145,0
FINNIFTY31JUL2526700PE.NFO,2025-07-16,10:47:00,2025-07-31,168.35,168.35,164.7,164.7,780,28145,0
FINNIFTY31JUL2526700PE.NFO,2025-07-16,10:48:00,2025-07-31,164.7,164.7,162.15,162.55,520,28145,0
FINNIFTY31JUL2526700PE.NFO,2025-07-16,10:49:00,2025-07-31,162.55,162.55,162.55,162.55,0,28145,0
FINNIFTY31JUL2526700PE.NFO,2025-07-16,10:50:00,2025-07-31,162.55,168.1,162.55,166.3,2925,27170,0
FINNIFTY31JUL2526700PE.NFO,2025-07-16,10:51:00,2025-07-31,166.3,166.3,164.4,164.4,520,27170,0
FINNIFTY31JUL2526700PE.NFO,2025-07-16,10:52:00,2025-07-31,164.4,164.6,164.25,164.6,455,27495,0
FINNIFTY31JUL2526700PE.NFO,2025-07-16,10:53:00,2025-07-31,164.6,164.6,163.0,163.0,390,27495,0
FINNIFTY31JUL2526700PE.NFO,2025-07-16,10:54:00,2025-07-31,163.0,164.05,163.0,164.05,65,27235,0
FINNIFTY31JUL2526700PE.NFO,2025-07-16,10:55:00,2025-07-31,164.05,165.2,164.05,164.6,65,27235,0
FINNIFTY31JUL2526700PE.NFO,2025-07-16,10:56:00,2025-07-31,164.6,167.0,164.3,167.0,390,27235,0
FINNIFTY31JUL2526700PE.NFO,2025-07-16,10:57:00,2025-07-31,167.0,168.4,166.0,166.0,585,27235,0
FINNIFTY31JUL2526700PE.NFO,2025-07-16,10:58:00,2025-07-31,166.0,166.0,164.45,164.75,260,26910,0
FINNIFTY31JUL2526700PE.NFO,2025-07-16,10:59:00,2025-07-31,164.75,164.75,164.0,164.0,260,26910,0
FINNIFTY31JUL2526700PE.NFO,2025-07-16,11:00:00,2025-07-31,164.0,164.0,161.6,161.6,585,25545,0
FINNIFTY31JUL2526700PE.NFO,2025-07-16,11:01:00,2025-07-31,161.6,163.55,161.6,163.55,780,25545,0
FINNIFTY31JUL2526700PE.NFO,2025-07-16,11:02:00,2025-07-31,163.55,163.55,162.75,162.75,65,25545,0
FINNIFTY31JUL2526700PE.NFO,2025-07-16,11:03:00,2025-07-31,162.75,162.75,157.25,157.25,130,25545,0
FINNIFTY31JUL2526700PE.NFO,2025-07-16,11:04:00,2025-07-31,157.25,159.6,157.25,159.6,325,25220,0
FINNIFTY31JUL2526700PE.NFO,2025-07-16,11:05:00,2025-07-31,159.6,160.1,159.6,160.1,390,25220,0
FINNIFTY31JUL2526700PE.NFO,2025-07-16,11:06:00,2025-07-31,160.1,160.1,159.8,159.8,1755,25285,0
FINNIFTY31JUL2526700PE.NFO,2025-07-16,11:07:00,2025-07-31,159.8,159.8,158.0,158.45,260,25285,0
FINNIFTY31JUL2526700PE.NFO,2025-07-16,11:08:00,2025-07-31,158.45,159.6,158.45,158.6,390,25285,0
FINNIFTY31JUL2526700PE.NFO,2025-07-16,11:09:00,2025-07-31,158.6,160.6,158.6,160.6,130,25285,0
FINNIFTY31JUL2526700PE.NFO,2025-07-16,11:10:00,2025-07-31,160.6,161.65,160.6,161.65,130,26455,0
FINNIFTY31JUL2526700PE.NFO,2025-07-16,11:11:00,2025-07-31,161.65,161.9,161.65,161.9,1625,26455,0
FINNIFTY31JUL2526700PE.NFO,2025-07-16,11:12:00,2025-07-31,161.9,165.0,161.9,165.0,130,26455,0
FINNIFTY31JUL2526700PE.NFO,2025-07-16,11:13:00,2025-07-31,165.0,165.0,162.65,162.65,130,25025,0
FINNIFTY31JUL2526700PE.NFO,2025-07-16,11:14:00,2025-07-31,162.65,162.65,161.3,161.4,325,25025,0
FINNIFTY31JUL2526700PE.NFO,2025-07-16,11:15:00,2025-07-31,161.4,161.4,159.9,161.2,260,25025,0
FINNIFTY31JUL2526700PE.NFO,2025-07-16,11:16:00,2025-07-31,161.2,162.3,158.55,162.3,390,24830,0
FINNIFTY31JUL2526700PE.NFO,2025-07-16,11:17:00,2025-07-31,162.3,162.3,162.3,162.3,0,24830,0
FINNIFTY31JUL2526700PE.NFO,2025-07-16,11:18:00,2025-07-31,162.3,162.3,160.3,160.3,130,24830,0
FINNIFTY31JUL2526700PE.NFO,2025-07-16,11:19:00,2025-07-31,160.3,163.5,160.3,163.45,520,24570,0
FINNIFTY31JUL2526700PE.NFO,2025-07-16,11:20:00,2025-07-31,163.45,168.0,163.25,168.0,910,24570,0
FINNIFTY31JUL2526700PE.NFO,2025-07-16,11:21:00,2025-07-31,166.6,166.6,164.0,164.25,715,24180,0
FINNIFTY31JUL2526700PE.NFO,2025-07-16,11:22:00,2025-07-31,164.25,164.25,162.25,162.25,130,24180,0
FINNIFTY31JUL2526700PE.NFO,2025-07-16,11:23:00,2025-07-31,162.25,162.25,162.25,162.25,0,24180,0
FINNIFTY31JUL2526700PE.NFO,2025-07-16,11:24:00,2025-07-31,162.25,164.0,162.25,164.0,195,24180,0
FINNIFTY31JUL2526700PE.NFO,2025-07-16,11:25:00,2025-07-31,164.0,164.0,164.0,164.0,0,24180,0
FINNIFTY31JUL2526700PE.NFO,2025-07-16,11:26:00,2025-07-31,164.0,164.0,164.0,164.0,130,23985,0
FINNIFTY31JUL2526700PE.NFO,2025-07-16,11:27:00,2025-07-31,164.0,164.0,162.85,162.85,65,23985,0
FINNIFTY31JUL2526700PE.NFO,2025-07-16,11:28:00,2025-07-31,162.85,163.05,162.85,163.05,65,23855,0
FINNIFTY31JUL2526700PE.NFO,2025-07-16,11:29:00,2025-07-31,163.05,163.05,163.05,163.05,0,23855,0
FINNIFTY31JUL2526700PE.NFO,2025-07-16,11:30:00,2025-07-31,163.05,163.05,162.8,162.8,65,23855,0
FINNIFTY31JUL2526700PE.NFO,2025-07-16,11:31:00,2025-07-31,162.8,166.0,162.8,166.0,715,23790,0
FINNIFTY31JUL2526700PE.NFO,2025-07-16,11:32:00,2025-07-31,166.0,166.0,166.0,166.0,0,23790,0
FINNIFTY31JUL2526700PE.NFO,2025-07-16,11:33:00,2025-07-31,166.0,166.0,166.0,166.0,0,23790,0
FINNIFTY31JUL2526700PE.NFO,2025-07-16,11:34:00,2025-07-31,166.0,166.0,162.65,162.65,260,23205,0
FINNIFTY31JUL2526700PE.NFO,2025-07-16,11:35:00,2025-07-31,162.65,162.65,162.65,162.65,0,23205,0
FINNIFTY31JUL2526700PE.NFO,2025-07-16,11:36:00,2025-07-31,162.65,169.2,162.65,169.0,455,23205,0
FINNIFTY31JUL2526700PE.NFO,2025-07-16,11:37:00,2025-07-31,169.0,169.0,167.75,167.75,195,23205,0
FINNIFTY31JUL2526700PE.NFO,2025-07-16,11:38:00,2025-07-31,167.75,167.75,167.1,167.25,195,23205,0
FINNIFTY31JUL2526700PE.NFO,2025-07-16,11:39:00,2025-07-31,167.25,169.0,167.25,169.0,65,23205,0
FINNIFTY31JUL2526700PE.NFO,2025-07-16,11:40:00,2025-07-31,169.0,171.6,169.0,170.0,585,23140,0
FINNIFTY31JUL2526700PE.NFO,2025-07-16,11:41:00,2025-07-31,170.0,170.0,167.3,167.3,1495,23140,0
FINNIFTY31JUL2526700PE.NFO,2025-07-16,11:42:00,2025-07-31,167.3,167.3,166.9,166.9,65,23140,0
FINNIFTY31JUL2526700PE.NFO,2025-07-16,11:43:00,2025-07-31,166.9,167.3,166.9,167.3,65,24700,0
FINNIFTY31JUL2526700PE.NFO,2025-07-16,11:44:00,2025-07-31,167.3,168.0,167.3,168.0,195,24700,0
FINNIFTY31JUL2526700PE.NFO,2025-07-16,11:45:00,2025-07-31,168.0,169.0,168.0,169.0,65,24700,0
FINNIFTY31JUL2526700PE.NFO,2025-07-16,11:46:00,2025-07-31,169.0,169.0,169.0,169.0,65,23725,0
FINNIFTY31JUL2526700PE.NFO,2025-07-16,11:47:00,2025-07-31,169.0,169.0,169.0,169.0,0,23725,0
FINNIFTY31JUL2526700PE.NFO,2025-07-16,11:48:00,2025-07-31,169.0,169.0,167.7,167.7,130,23725,0
FINNIFTY31JUL2526700PE.NFO,2025-07-16,11:49:00,2025-07-31,167.7,168.0,167.7,168.0,65,23855,0
FINNIFTY31JUL2526700PE.NFO,2025-07-16,11:50:00,2025-07-31,168.0,168.0,164.5,164.5,65,23855,0
FINNIFTY31JUL2526700PE.NFO,2025-07-16,11:51:00,2025-07-31,164.5,164.5,164.5,164.5,0,23855,0
FINNIFTY31JUL2526700PE.NFO,2025-07-16,11:52:00,2025-07-31,164.5,164.5,164.5,164.5,0,23855,0
FINNIFTY31JUL2526700PE.NFO,2025-07-16,11:53:00,2025-07-31,164.5,164.5,157.65,157.65,260,23920,0
FINNIFTY31JUL2526700PE.NFO,2025-07-16,11:54:00,2025-07-31,157.65,157.65,152.0,152.0,1820,23010,0
FINNIFTY31JUL2526700PE.NFO,2025-07-16,11:55:00,2025-07-31,152.0,158.0,152.0,158.0,715,23010,0
FINNIFTY31JUL2526700PE.NFO,2025-07-16,11:56:00,2025-07-31,158.0,158.45,157.35,157.35,130,23010,0
FINNIFTY31JUL2526700PE.NFO,2025-07-16,11:57:00,2025-07-31,157.35,157.35,157.15,157.15,65,23010,0
FINNIFTY31JUL2526700PE.NFO,2025-07-16,11:58:00,2025-07-31,157.15,157.95,156.75,157.3,2600,22685,0
FINNIFTY31JUL2526700PE.NFO,2025-07-16,11:59:00,2025-07-31,157.3,157.3,155.05,155.05,130,22685,0
FINNIFTY31JUL2526700PE.NFO,2025-07-16,12:00:00,2025-07-31,155.05,155.7,155.05,155.7,260,22685,0
FINNIFTY31JUL2526700PE.NFO,2025-07-16,12:01:00,2025-07-31,155.7,155.7,154.05,154.05,195,23075,0
FINNIFTY31JUL2526700PE.NFO,2025-07-16,12:02:00,2025-07-31,154.05,154.05,152.55,152.55,260,23075,0
FINNIFTY31JUL2526700PE.NFO,2025-07-16,12:03:00,2025-07-31,152.55,153.1,152.05,152.05,260,23075,0
FINNIFTY31JUL2526700PE.NFO,2025-07-16,12:04:00,2025-07-31,152.05,152.05,152.05,152.05,0,23075,0
FINNIFTY31JUL2526700PE.NFO,2025-07-16,12:05:00,2025-07-31,152.05,152.05,152.05,152.05,0,23075,0
FINNIFTY31JUL2526700PE.NFO,2025-07-16,12:06:00,2025-07-31,152.05,152.05,152.05,152.05,0,23075,0
FINNIFTY31JUL2526700PE.NFO,2025-07-16,12:07:00,2025-07-31,152.05,152.3,150.85,150.9,780,22945,0
FINNIFTY31JUL2526700PE.NFO,2025-07-16,12:08:00,2025-07-31,150.9,150.9,150.9,150.9,0,22945,0
FINNIFTY31JUL2526700PE.NFO,2025-07-16,12:09:00,2025-07-31,150.9,150.9,150.9,150.9,0,22945,0
FINNIFTY31JUL2526700PE.NFO,2025-07-16,12:10:00,2025-07-31,150.9,152.75,150.9,152.75,130,22620,0
FINNIFTY31JUL2526700PE.NFO,2025-07-16,12:11:00,2025-07-31,152.75,156.7,152.55,154.6,2535,22620,0
FINNIFTY31JUL2526700PE.NFO,2025-07-16,12:12:00,2025-07-31,154.6,154.6,154.6,154.6,0,22620,0
FINNIFTY31JUL2526700PE.NFO,2025-07-16,12:13:00,2025-07-31,154.6,159.05,154.6,159.05,130,22620,0
FINNIFTY31JUL2526700PE.NFO,2025-07-16,12:14:00,2025-07-31,159.05,159.6,159.05,159.6,195,22620,0
FINNIFTY31JUL2526700PE.NFO,2025-07-16,12:15:00,2025-07-31,159.6,159.6,159.6,159.6,260,22620,0
FINNIFTY31JUL2526700PE.NFO,2025-07-16,12:16:00,2025-07-31,159.6,159.6,156.2,156.2,65,22425,0
FINNIFTY31JUL2526700PE.NFO,2025-07-16,12:17:00,2025-07-31,156.2,156.2,156.2,156.2,0,22425,0
FINNIFTY31JUL2526700PE.NFO,2025-07-16,12:18:00,2025-07-31,156.2,156.2,156.2,156.2,0,22425,0
FINNIFTY31JUL2526700PE.NFO,2025-07-16,12:19:00,2025-07-31,156.2,156.2,156.2,156.2,0,22425,0
FINNIFTY31JUL2526700PE.NFO,2025-07-16,12:20:00,2025-07-31,156.2,156.2,156.2,156.2,0,22425,0
FINNIFTY31JUL2526700PE.NFO,2025-07-16,12:21:00,2025-07-31,156.2,156.2,156.2,156.2,0,22425,0
FINNIFTY31JUL2526700PE.NFO,2025-07-16,12:22:00,2025-07-31,156.2,156.2,156.0,156.0,260,22165,0
FINNIFTY31JUL2526700PE.NFO,2025-07-16,12:23:00,2025-07-31,156.0,158.25,155.05,158.25,195,22165,0
FINNIFTY31JUL2526700PE.NFO,2025-07-16,12:24:00,2025-07-31,158.25,158.75,157.65,158.4,260,22165,0
FINNIFTY31JUL2526700PE.NFO,2025-07-16,12:25:00,2025-07-31,158.4,158.75,157.9,157.9,195,22230,0
FINNIFTY31JUL2526700PE.NFO,2025-07-16,12:26:00,2025-07-31,157.9,157.9,155.4,155.4,65,22230,0
FINNIFTY31JUL2526700PE.NFO,2025-07-16,12:27:00,2025-07-31,155.4,155.4,152.65,153.5,325,22230,0
FINNIFTY31JUL2526700PE.NFO,2025-07-16,12:28:00,2025-07-31,153.5,153.5,153.5,153.5,130,22230,0
FINNIFTY31JUL2526700PE.NFO,2025-07-16,12:29:00,2025-07-31,153.5,153.5,153.5,153.5,0,22230,0
FINNIFTY31JUL2526700PE.NFO,2025-07-16,12:30:00,2025-07-31,153.5,153.5,153.5,153.5,0,22230,0
FINNIFTY31JUL2526700PE.NFO,2025-07-16,12:31:00,2025-07-31,153.5,153.5,153.5,153.5,0,22230,0
FINNIFTY31JUL2526700PE.NFO,2025-07-16,12:32:00,2025-07-31,153.5,153.5,153.5,153.5,0,22230,0
FINNIFTY31JUL2526700PE.NFO,2025-07-16,12:33:00,2025-07-31,153.5,153.5,153.5,153.5,130,21905,0
FINNIFTY31JUL2526700PE.NFO,2025-07-16,12:34:00,2025-07-31,153.5,153.5,151.85,152.8,130,22035,0
FINNIFTY31JUL2526700PE.NFO,2025-07-16,12:35:00,2025-07-31,152.8,152.8,151.85,152.5,195,22035,0
FINNIFTY31JUL2526700PE.NFO,2025-07-16,12:36:00,2025-07-31,152.5,152.5,150.8,150.8,65,22035,0
FINNIFTY31JUL2526700PE.NFO,2025-07-16,12:37:00,2025-07-31,150.8,150.8,150.05,150.2,195,21970,0
FINNIFTY31JUL2526700PE.NFO,2025-07-16,12:38:00,2025-07-31,150.2,150.2,150.2,150.2,0,21970,0
FINNIFTY31JUL2526700PE.NFO,2025-07-16,12:39:00,2025-07-31,150.2,150.55,150.2,150.55,195,21970,0
FINNIFTY31JUL2526700PE.NFO,2025-07-16,12:40:00,2025-07-31,150.55,150.65,150.55,150.65,130,22035,0
FINNIFTY31JUL2526700PE.NFO,2025-07-16,12:41:00,2025-07-31,150.65,150.65,146.85,146.85,130,22035,0
FINNIFTY31JUL2526700PE.NFO,2025-07-16,12:42:00,2025-07-31,146.85,146.85,145.0,145.0,195,22035,0
FINNIFTY31JUL2526700PE.NFO,2025-07-16,12:43:00,2025-07-31,145.0,145.65,145.0,145.65,130,22425,0
FINNIFTY31JUL2526700PE.NFO,2025-07-16,12:44:00,2025-07-31,145.65,147.55,145.65,147.3,260,22425,0
FINNIFTY31JUL2526700PE.NFO,2025-07-16,12:45:00,2025-07-31,147.3,147.3,147.3,147.3,0,22425,0
FINNIFTY31JUL2526700PE.NFO,2025-07-16,12:46:00,2025-07-31,147.3,147.3,144.0,144.0,130,22425,0
FINNIFTY31JUL2526700PE.NFO,2025-07-16,12:47:00,2025-07-31,144.0,144.0,141.0,141.0,130,22425,0
FINNIFTY31JUL2526700PE.NFO,2025-07-16,12:48:00,2025-07-31,141.0,142.3,141.0,142.3,390,22425,0
FINNIFTY31JUL2526700PE.NFO,2025-07-16,12:49:00,2025-07-31,142.3,143.8,142.3,142.75,455,22685,0
FINNIFTY31JUL2526700PE.NFO,2025-07-16,12:50:00,2025-07-31,142.75,142.8,142.05,142.05,195,22685,0
FINNIFTY31JUL2526700PE.NFO,2025-07-16,12:51:00,2025-07-31,142.05,143.2,142.0,143.2,195,22685,0
FINNIFTY31JUL2526700PE.NFO,2025-07-16,12:52:00,2025-07-31,143.2,143.2,143.2,143.2,0,22685,0
FINNIFTY31JUL2526700PE.NFO,2025-07-16,12:53:00,2025-07-31,143.2,143.2,142.0,142.0,130,22490,0
FINNIFTY31JUL2526700PE.NFO,2025-07-16,12:54:00,2025-07-31,142.0,144.9,142.0,144.9,130,22490,0
FINNIFTY31JUL2526700PE.NFO,2025-07-16,12:55:00,2025-07-31,144.9,144.9,144.85,144.85,65,22490,0
FINNIFTY31JUL2526700PE.NFO,2025-07-16,12:56:00,2025-07-31,144.85,144.85,144.85,144.85,0,22490,0
FINNIFTY31JUL2526700PE.NFO,2025-07-16,12:57:00,2025-07-31,144.85,144.85,144.85,144.85,0,22490,0
FINNIFTY31JUL2526700PE.NFO,2025-07-16,12:58:00,2025-07-31,144.85,144.85,144.85,144.85,0,22490,0
FINNIFTY31JUL2526700PE.NFO,2025-07-16,12:59:00,2025-07-31,144.85,144.85,143.1,143.1,325,22555,0
FINNIFTY31JUL2526700PE.NFO,2025-07-16,13:00:00,2025-07-31,143.1,143.1,141.75,141.75,65,22555,0
FINNIFTY31JUL2526700PE.NFO,2025-07-16,13:01:00,2025-07-31,141.75,141.75,141.0,141.0,130,22685,0
FINNIFTY31JUL2526700PE.NFO,2025-07-16,13:02:00,2025-07-31,141.0,141.0,141.0,141.0,65,22685,0
FINNIFTY31JUL2526700PE.NFO,2025-07-16,13:03:00,2025-07-31,141.0,141.0,141.0,141.0,0,22685,0
FINNIFTY31JUL2526700PE.NFO,2025-07-16,13:04:00,2025-07-31,141.0,141.0,141.0,141.0,0,22685,0
FINNIFTY31JUL2526700PE.NFO,2025-07-16,13:05:00,2025-07-31,141.0,141.0,141.0,141.0,0,22685,0
FINNIFTY31JUL2526700PE.NFO,2025-07-16,13:06:00,2025-07-31,141.0,142.6,141.0,142.6,65,22880,0
FINNIFTY31JUL2526700PE.NFO,2025-07-16,13:07:00,2025-07-31,142.6,142.6,142.6,142.6,0,22880,0
FINNIFTY31JUL2526700PE.NFO,2025-07-16,13:08:00,2025-07-31,142.6,142.6,142.6,142.6,0,22880,0
FINNIFTY31JUL2526700PE.NFO,2025-07-16,13:09:00,2025-07-31,142.6,142.6,142.6,142.6,0,22880,0
FINNIFTY31JUL2526700PE.NFO,2025-07-16,13:10:00,2025-07-31,142.6,142.6,142.6,142.6,0,22880,0
FINNIFTY31JUL2526700PE.NFO,2025-07-16,13:11:00,2025-07-31,142.6,145.4,142.6,145.4,130,22815,0
FINNIFTY31JUL2526700PE.NFO,2025-07-16,13:12:00,2025-07-31,145.4,147.35,145.4,147.35,260,22815,0
FINNIFTY31JUL2526700PE.NFO,2025-07-16,13:13:00,2025-07-31,147.35,147.35,146.0,146.0,130,22880,0
FINNIFTY31JUL2526700PE.NFO,2025-07-16,13:14:00,2025-07-31,146.0,146.0,143.25,143.25,260,22880,0
FINNIFTY31JUL2526700PE.NFO,2025-07-16,13:15:00,2025-07-31,143.25,143.25,143.1,143.1,130,22880,0
FINNIFTY31JUL2526700PE.NFO,2025-07-16,13:16:00,2025-07-31,143.1,143.1,143.1,143.1,0,22880,0
FINNIFTY31JUL2526700PE.NFO,2025-07-16,13:17:00,2025-07-31,143.1,145.25,143.1,145.25,0,23075,0
FINNIFTY31JUL2526700PE.NFO,2025-07-16,13:18:00,2025-07-31,145.25,145.25,144.15,144.15,130,23075,0
FINNIFTY31JUL2526700PE.NFO,2025-07-16,13:19:00,2025-07-31,144.15,144.15,144.15,144.15,0,23075,0
FINNIFTY31JUL2526700PE.NFO,2025-07-16,13:20:00,2025-07-31,144.15,147.75,144.15,147.75,325,23140,0
FINNIFTY31JUL2526700PE.NFO,2025-07-16,13:21:00,2025-07-31,147.75,147.75,147.75,147.75,0,23140,0
FINNIFTY31JUL2526700PE.NFO,2025-07-16,13:22:00,2025-07-31,147.75,147.75,146.2,146.2,65,23010,0
FINNIFTY31JUL2526700PE.NFO,2025-07-16,13:23:00,2025-07-31,146.2,146.2,146.2,146.2,0,23010,0
FINNIFTY31JUL2526700PE.NFO,2025-07-16,13:24:00,2025-07-31,146.2,146.2,146.2,146.2,0,23010,0
FINNIFTY31JUL2526700PE.NFO,2025-07-16,13:25:00,2025-07-31,146.2,146.2,146.2,146.2,0,23010,0
FINNIFTY31JUL2526700PE.NFO,2025-07-16,13:26:00,2025-07-31,146.2,146.2,146.2,146.2,0,23010,0
FINNIFTY31JUL2526700PE.NFO,2025-07-16,13:27:00,2025-07-31,146.2,146.2,146.2,146.2,0,23010,0
FINNIFTY31JUL2526700PE.NFO,2025-07-16,13:28:00,2025-07-31,146.2,146.2,146.2,146.2,0,23010,0
FINNIFTY31JUL2526700PE.NFO,2025-07-16,13:29:00,2025-07-31,146.2,146.2,146.2,146.2,0,23010,0
FINNIFTY31JUL2526700PE.NFO,2025-07-16,13:30:00,2025-07-31,146.2,146.2,146.2,146.2,0,23010,0
FINNIFTY31JUL2526700PE.NFO,2025-07-16,13:31:00,2025-07-31,146.2,153.15,146.2,153.15,130,22880,0
FINNIFTY31JUL2526700PE.NFO,2025-07-16,13:32:00,2025-07-31,153.15,153.15,152.75,152.75,260,22880,0
FINNIFTY31JUL2526700PE.NFO,2025-07-16,13:33:00,2025-07-31,152.75,152.75,152.75,152.75,0,22880,0
FINNIFTY31JUL2526700PE.NFO,2025-07-16,13:34:00,2025-07-31,152.75,153.0,152.75,153.0,65,22685,0
FINNIFTY31JUL2526700PE.NFO,2025-07-16,13:35:00,2025-07-31,153.0,155.0,153.0,155.0,65,22685,0
FINNIFTY31JUL2526700PE.NFO,2025-07-16,13:36:00,2025-07-31,155.0,155.0,155.0,155.0,0,22685,0
FINNIFTY31JUL2526700PE.NFO,2025-07-16,13:37:00,2025-07-31,155.0,155.0,149.0,149.0,260,22620,0
FINNIFTY31JUL2526700PE.NFO,2025-07-16,13:38:00,2025-07-31,149.0,149.0,149.0,149.0,0,22620,0
FINNIFTY31JUL2526700PE.NFO,2025-07-16,13:39:00,2025-07-31,149.0,149.0,149.0,149.0,0,22620,0
FINNIFTY31JUL2526700PE.NFO,2025-07-16,13:40:00,2025-07-31,149.0,149.0,149.0,149.0,0,22620,0
FINNIFTY31JUL2526700PE.NFO,2025-07-16,13:41:00,2025-07-31,149.0,149.0,149.0,149.0,0,22620,0
FINNIFTY31JUL2526700PE.NFO,2025-07-16,13:42:00,2025-07-31,149.0,149.0,149.0,149.0,0,22620,0
FINNIFTY31JUL2526700PE.NFO,2025-07-16,13:43:00,2025-07-31,149.0,149.0,149.0,149.0,0,22620,0
FINNIFTY31JUL2526700PE.NFO,2025-07-16,13:44:00,2025-07-31,149.0,149.0,149.0,149.0,0,22620,0
FINNIFTY31JUL2526700PE.NFO,2025-07-16,13:45:00,2025-07-31,149.0,149.0,144.2,144.3,195,22685,0
FINNIFTY31JUL2526700PE.NFO,2025-07-16,13:46:00,2025-07-31,144.3,144.3,144.3,144.3,0,22685,0
FINNIFTY31JUL2526700PE.NFO,2025-07-16,13:47:00,2025-07-31,144.3,144.3,144.3,144.3,0,22685,0
FINNIFTY31JUL2526700PE.NFO,2025-07-16,13:48:00,2025-07-31,144.3,144.3,144.3,144.3,0,22685,0
FINNIFTY31JUL2526700PE.NFO,2025-07-16,13:49:00,2025-07-31,144.3,144.3,144.3,144.3,0,22685,0
FINNIFTY31JUL2526700PE.NFO,2025-07-16,13:50:00,2025-07-31,144.3,144.3,144.3,144.3,0,22685,0
FINNIFTY31JUL2526700PE.NFO,2025-07-16,13:51:00,2025-07-31,144.3,144.3,144.3,144.3,0,22685,0
FINNIFTY31JUL2526700PE.NFO,2025-07-16,13:52:00,2025-07-31,144.3,144.3,144.3,144.3,0,22685,0
FINNIFTY31JUL2526700PE.NFO,2025-07-16,13:53:00,2025-07-31,144.3,144.3,144.3,144.3,0,22685,0
FINNIFTY31JUL2526700PE.NFO,2025-07-16,13:54:00,2025-07-31,144.3,151.0,144.3,151.0,130,22685,0
FINNIFTY31JUL2526700PE.NFO,2025-07-16,13:55:00,2025-07-31,151.0,151.0,149.0,149.0,260,22555,0
FINNIFTY31JUL2526700PE.NFO,2025-07-16,13:56:00,2025-07-31,149.0,149.0,149.0,149.0,0,22555,0
FINNIFTY31JUL2526700PE.NFO,2025-07-16,13:57:00,2025-07-31,149.0,149.0,149.0,149.0,0,22555,0
FINNIFTY31JUL2526700PE.NFO,2025-07-16,13:58:00,2025-07-31,149.0,149.0,149.0,149.0,0,22555,0
FINNIFTY31JUL2526700PE.NFO,2025-07-16,13:59:00,2025-07-31,149.0,149.0,149.0,149.0,0,22555,0
FINNIFTY31JUL2526700PE.NFO,2025-07-16,14:00:00,2025-07-31,149.0,152.75,149.0,152.75,65,22620,0
FINNIFTY31JUL2526700PE.NFO,2025-07-16,14:01:00,2025-07-31,152.75,152.75,149.95,149.95,65,22555,0
FINNIFTY31JUL2526700PE.NFO,2025-07-16,14:02:00,2025-07-31,149.95,149.95,149.95,149.95,0,22555,0
FINNIFTY31JUL2526700PE.NFO,2025-07-16,14:03:00,2025-07-31,149.95,149.95,149.95,149.95,0,22555,0
FINNIFTY31JUL2526700PE.NFO,2025-07-16,14:04:00,2025-07-31,149.95,149.95,149.95,149.95,0,22555,0
FINNIFTY31JUL2526700PE.NFO,2025-07-16,14:05:00,2025-07-31,149.95,149.95,149.1,149.1,130,22620,0
FINNIFTY31JUL2526700PE.NFO,2025-07-16,14:06:00,2025-07-31,149.1,149.1,149.1,149.1,0,22620,0
FINNIFTY31JUL2526700PE.NFO,2025-07-16,14:07:00,2025-07-31,149.1,149.1,149.1,149.1,0,22620,0
FINNIFTY31JUL2526700PE.NFO,2025-07-16,14:08:00,2025-07-31,149.1,149.1,149.1,149.1,0,22620,0
FINNIFTY31JUL2526700PE.NFO,2025-07-16,14:09:00,2025-07-31,149.1,149.1,149.1,149.1,0,22620,0
FINNIFTY31JUL2526700PE.NFO,2025-07-16,14:10:00,2025-07-31,149.1,149.1,149.1,149.1,0,22620,0
FINNIFTY31JUL2526700PE.NFO,2025-07-16,14:11:00,2025-07-31,149.1,149.75,149.1,149.75,65,22685,0
FINNIFTY31JUL2526700PE.NFO,2025-07-16,14:12:00,2025-07-31,149.75,149.75,145.0,145.0,65,22685,0
FINNIFTY31JUL2526700PE.NFO,2025-07-16,14:13:00,2025-07-31,145.0,145.0,145.0,145.0,0,22685,0
FINNIFTY31JUL2526700PE.NFO,2025-07-16,14:14:00,2025-07-31,145.0,145.0,145.0,145.0,0,22685,0
FINNIFTY31JUL2526700PE.NFO,2025-07-16,14:15:00,2025-07-31,145.0,145.0,145.0,145.0,0,22685,0
FINNIFTY31JUL2526700PE.NFO,2025-07-16,14:16:00,2025-07-31,145.0,145.0,145.0,145.0,0,22685,0
FINNIFTY31JUL2526700PE.NFO,2025-07-16,14:17:00,2025-07-31,145.0,145.0,145.0,145.0,0,22685,0
FINNIFTY31JUL2526700PE.NFO,2025-07-16,14:18:00,2025-07-31,145.0,145.0,145.0,145.0,65,22750,0
FINNIFTY31JUL2526700PE.NFO,2025-07-16,14:19:00,2025-07-31,145.0,145.3,145.0,145.3,195,22750,0
FINNIFTY31JUL2526700PE.NFO,2025-07-16,14:20:00,2025-07-31,145.3,145.45,144.3,145.45,650,22750,0
FINNIFTY31JUL2526700PE.NFO,2025-07-16,14:21:00,2025-07-31,145.45,147.25,145.45,147.25,520,22750,0
FINNIFTY31JUL2526700PE.NFO,2025-07-16,14:22:00,2025-07-31,147.25,148.35,147.25,147.9,520,22815,0
FINNIFTY31JUL2526700PE.NFO,2025-07-16,14:23:00,2025-07-31,147.9,147.9,147.2,147.7,390,22815,0
FINNIFTY31JUL2526700PE.NFO,2025-07-16,14:24:00,2025-07-31,147.7,148.5,146.5,146.5,715,22815,0
FINNIFTY31JUL2526700PE.NFO,2025-07-16,14:25:00,2025-07-31,146.5,146.5,146.5,146.5,65,22555,0
FINNIFTY31JUL2526700PE.NFO,2025-07-16,14:26:00,2025-07-31,146.5,146.5,146.5,146.5,0,22555,0
FINNIFTY31JUL2526700PE.NFO,2025-07-16,14:27:00,2025-07-31,146.5,152.2,146.5,150.45,715,22555,0
FINNIFTY31JUL2526700PE.NFO,2025-07-16,14:28:00,2025-07-31,150.45,153.7,150.45,153.7,780,23205,0
FINNIFTY31JUL2526700PE.NFO,2025-07-16,14:29:00,2025-07-31,153.7,155.0,153.7,155.0,195,23205,0
FINNIFTY31JUL2526700PE.NFO,2025-07-16,14:30:00,2025-07-31,155.0,155.0,155.0,155.0,0,23205,0
FINNIFTY31JUL2526700PE.NFO,2025-07-16,14:31:00,2025-07-31,155.0,155.0,149.35,149.35,65,23205,0
FINNIFTY31JUL2526700PE.NFO,2025-07-16,14:32:00,2025-07-31,149.35,149.35,149.35,149.35,0,23205,0
FINNIFTY31JUL2526700PE.NFO,2025-07-16,14:33:00,2025-07-31,149.35,149.35,149.35,149.35,0,23205,0
FINNIFTY31JUL2526700PE.NFO,2025-07-16,14:34:00,2025-07-31,149.35,153.15,149.35,153.15,130,23400,0
FINNIFTY31JUL2526700PE.NFO,2025-07-16,14:35:00,2025-07-31,153.15,153.15,153.15,153.15,0,23400,0
FINNIFTY31JUL2526700PE.NFO,2025-07-16,14:36:00,2025-07-31,153.15,153.15,151.05,151.05,65,23400,0
FINNIFTY31JUL2526700PE.NFO,2025-07-16,14:37:00,2025-07-31,151.05,152.85,151.05,151.35,2015,24310,0
FINNIFTY31JUL2526700PE.NFO,2025-07-16,14:38:00,2025-07-31,151.35,151.35,151.35,151.35,0,24310,0
FINNIFTY31JUL2526700PE.NFO,2025-07-16,14:39:00,2025-07-31,151.35,151.35,151.35,151.35,0,24310,0
FINNIFTY31JUL2526700PE.NFO,2025-07-16,14:40:00,2025-07-31,151.35,151.35,151.35,151.35,0,24310,0
FINNIFTY31JUL2526700PE.NFO,2025-07-16,14:41:00,2025-07-31,151.35,151.35,151.35,151.35,0,24310,0
FINNIFTY31JUL2526700PE.NFO,2025-07-16,14:42:00,2025-07-31,151.35,151.35,148.65,148.65,130,23595,0
FINNIFTY31JUL2526700PE.NFO,2025-07-16,14:43:00,2025-07-31,148.65,148.65,148.65,148.65,0,23595,0
FINNIFTY31JUL2526700PE.NFO,2025-07-16,14:44:00,2025-07-31,148.65,148.65,148.65,148.65,0,23595,0
FINNIFTY31JUL2526700PE.NFO,2025-07-16,14:45:00,2025-07-31,148.65,148.65,148.65,148.65,0,23595,0
FINNIFTY31JUL2526700PE.NFO,2025-07-16,14:46:00,2025-07-31,148.65,148.65,148.65,148.65,0,23595,0
FINNIFTY31JUL2526700PE.NFO,2025-07-16,14:47:00,2025-07-31,148.65,148.65,145.35,145.35,130,23595,0
FINNIFTY31JUL2526700PE.NFO,2025-07-16,14:48:00,2025-07-31,145.35,145.35,145.35,145.35,65,23595,0
FINNIFTY31JUL2526700PE.NFO,2025-07-16,14:49:00,2025-07-31,145.35,145.35,145.35,145.35,0,23595,0
FINNIFTY31JUL2526700PE.NFO,2025-07-16,14:50:00,2025-07-31,145.35,145.35,145.35,145.35,0,23595,0
FINNIFTY31JUL2526700PE.NFO,2025-07-16,14:51:00,2025-07-31,145.35,145.35,145.35,145.35,0,23595,0
FINNIFTY31JUL2526700PE.NFO,2025-07-16,14:52:00,2025-07-31,145.35,145.35,145.35,145.35,0,23595,0
FINNIFTY31JUL2526700PE.NFO,2025-07-16,14:53:00,2025-07-31,145.35,145.35,145.35,145.35,0,23595,0
FINNIFTY31JUL2526700PE.NFO,2025-07-16,14:54:00,2025-07-31,145.35,145.35,145.35,145.35,0,23595,0
FINNIFTY31JUL2526700PE.NFO,2025-07-16,14:55:00,2025-07-31,145.35,145.35,145.35,145.35,0,23595,0
FINNIFTY31JUL2526700PE.NFO,2025-07-16,14:56:00,2025-07-31,145.35,145.35,145.35,145.35,0,23595,0
FINNIFTY31JUL2526700PE.NFO,2025-07-16,14:57:00,2025-07-31,145.35,145.35,145.35,145.35,0,23595,0
FINNIFTY31JUL2526700PE.NFO,2025-07-16,14:58:00,2025-07-31,145.35,145.35,145.35,145.35,0,23595,0
FINNIFTY31JUL2526700PE.NFO,2025-07-16,14:59:00,2025-07-31,145.35,145.35,145.35,145.35,0,23595,0
FINNIFTY31JUL2526700PE.NFO,2025-07-16,15:00:00,2025-07-31,145.35,147.0,145.35,147.0,65,23465,0
FINNIFTY31JUL2526700PE.NFO,2025-07-16,15:01:00,2025-07-31,147.0,151.0,147.0,151.0,65,23530,0
FINNIFTY31JUL2526700PE.NFO,2025-07-16,15:02:00,2025-07-31,151.0,151.25,151.0,151.25,65,23530,0
FINNIFTY31JUL2526700PE.NFO,2025-07-16,15:03:00,2025-07-31,151.25,151.25,150.15,150.15,65,23530,0
FINNIFTY31JUL2526700PE.NFO,2025-07-16,15:04:00,2025-07-31,150.15,150.15,150.15,150.15,0,23530,0
FINNIFTY31JUL2526700PE.NFO,2025-07-16,15:05:00,2025-07-31,150.15,150.15,150.0,150.0,130,23530,0
FINNIFTY31JUL2526700PE.NFO,2025-07-16,15:06:00,2025-07-31,150.0,152.5,150.0,152.5,65,23530,0
FINNIFTY31JUL2526700PE.NFO,2025-07-16,15:07:00,2025-07-31,152.5,154.0,152.5,154.0,130,23530,0
FINNIFTY31JUL2526700PE.NFO,2025-07-16,15:08:00,2025-07-31,154.0,154.1,152.9,154.1,130,23530,0
FINNIFTY31JUL2526700PE.NFO,2025-07-16,15:09:00,2025-07-31,154.1,154.1,153.35,153.35,130,23530,0
FINNIFTY31JUL2526700PE.NFO,2025-07-16,15:10:00,2025-07-31,153.35,153.75,153.1,153.1,845,23530,0
FINNIFTY31JUL2526700PE.NFO,2025-07-16,15:11:00,2025-07-31,153.1,153.1,151.4,152.8,1430,23660,0
FINNIFTY31JUL2526700PE.NFO,2025-07-16,15:12:00,2025-07-31,152.8,153.55,152.8,153.55,0,23660,0
FINNIFTY31JUL2526700PE.NFO,2025-07-16,15:13:00,2025-07-31,153.55,153.55,153.55,153.55,65,23660,0
FINNIFTY31JUL2526700PE.NFO,2025-07-16,15:14:00,2025-07-31,153.55,153.55,153.55,153.55,65,22620,0
FINNIFTY31JUL2526700PE.NFO,2025-07-16,15:15:00,2025-07-31,153.55,153.55,152.1,152.7,195,22620,0
FINNIFTY31JUL2526700PE.NFO,2025-07-16,15:16:00,2025-07-31,152.7,152.7,151.35,151.35,130,22620,0
FINNIFTY31JUL2526700PE.NFO,2025-07-16,15:17:00,2025-07-31,151.35,151.35,151.35,151.35,0,22620,0
FINNIFTY31JUL2526700PE.NFO,2025-07-16,15:18:00,2025-07-31,151.35,152.9,151.35,152.3,260,22425,0
FINNIFTY31JUL2526700PE.NFO,2025-07-16,15:19:00,2025-07-31,152.3,152.3,152.25,152.25,65,22425,0
FINNIFTY31JUL2526700PE.NFO,2025-07-16,15:20:00,2025-07-31,152.25,152.25,150.7,150.9,1885,22165,0
FINNIFTY31JUL2526700PE.NFO,2025-07-16,15:21:00,2025-07-31,150.9,151.55,150.85,150.85,130,22165,0
FINNIFTY31JUL2526700PE.NFO,2025-07-16,15:22:00,2025-07-31,150.85,152.2,150.6,152.2,260,20020,0
FINNIFTY31JUL2526700PE.NFO,2025-07-16,15:23:00,2025-07-31,152.2,152.2,152.2,152.2,0,20020,0
FINNIFTY31JUL2526700PE.NFO,2025-07-16,15:24:00,2025-07-31,152.2,155.0,152.2,155.0,260,20020,0
FINNIFTY31JUL2526700PE.NFO,2025-07-16,15:25:00,2025-07-31,155.5,156.4,153.65,153.65,1105,19500,0
FINNIFTY31JUL2526700PE.NFO,2025-07-16,15:26:00,2025-07-31,153.65,155.1,153.65,155.1,195,19500,0
FINNIFTY31JUL2526700PE.NFO,2025-07-16,15:27:00,2025-07-31,155.1,155.1,155.1,155.1,130,19500,0
FINNIFTY31JUL2526700PE.NFO,2025-07-16,15:28:00,2025-07-31,155.1,155.8,154.1,155.0,390,18915,0
FINNIFTY31JUL2526700PE.NFO,2025-07-16,15:29:00,2025-07-31,155.0,155.0,152.1,152.1,195,18915,0
FINNIFTY31JUL2526700PE.NFO,2025-07-16,15:30:00,2025-07-31,152.1,152.1,152.1,152.1,195,18915,1
FINNIFTY31JUL2526700PE.NFO,2025-07-17,09:15:00,2025-07-31,151.1,152.45,149.85,152.45,455,18590,0
FINNIFTY31JUL2526700PE.NFO,2025-07-17,09:16:00,2025-07-31,152.45,160.25,152.45,157.6,325,18590,0
FINNIFTY31JUL2526700PE.NFO,2025-07-17,09:17:00,2025-07-31,157.6,161.45,156.45,156.45,585,18590,0
FINNIFTY31JUL2526700PE.NFO,2025-07-17,09:18:00,2025-07-31,156.45,158.5,156.45,156.85,780,18590,0
FINNIFTY31JUL2526700PE.NFO,2025-07-17,09:19:00,2025-07-31,156.85,160.0,156.85,160.0,715,18200,0
FINNIFTY31JUL2526700PE.NFO,2025-07-17,09:20:00,2025-07-31,160.0,168.55,160.0,167.75,910,18200,0
FINNIFTY31JUL2526700PE.NFO,2025-07-17,09:21:00,2025-07-31,168.55,171.2,167.55,171.2,845,18330,0
FINNIFTY31JUL2526700PE.NFO,2025-07-17,09:22:00,2025-07-31,171.2,171.2,167.7,167.7,260,18330,0
FINNIFTY31JUL2526700PE.NFO,2025-07-17,09:23:00,2025-07-31,167.7,167.7,157.5,157.5,3315,18330,0
FINNIFTY31JUL2526700PE.NFO,2025-07-17,09:24:00,2025-07-31,157.5,159.95,156.75,159.95,585,18330,0
FINNIFTY31JUL2526700PE.NFO,2025-07-17,09:25:00,2025-07-31,160.95,160.95,159.95,159.95,195,19630,0
FINNIFTY31JUL2526700PE.NFO,2025-07-17,09:26:00,2025-07-31,159.95,159.95,159.95,159.95,0,19630,0
FINNIFTY31JUL2526700PE.NFO,2025-07-17,09:27:00,2025-07-31,159.95,159.95,159.95,159.95,0,19630,0
FINNIFTY31JUL2526700PE.NFO,2025-07-17,09:28:00,2025-07-31,159.95,163.3,159.95,163.3,195,19630,0
FINNIFTY31JUL2526700PE.NFO,2025-07-17,09:29:00,2025-07-31,163.3,163.3,161.7,161.7,260,19630,0
FINNIFTY31JUL2526700PE.NFO,2025-07-17,09:30:00,2025-07-31,161.7,163.75,160.65,163.75,585,19630,0
FINNIFTY31JUL2526700PE.NFO,2025-07-17,09:31:00,2025-07-31,163.75,163.75,163.75,163.75,0,19630,0
FINNIFTY31JUL2526700PE.NFO,2025-07-17,09:32:00,2025-07-31,163.75,163.75,163.5,163.5,65,19630,0
FINNIFTY31JUL2526700PE.NFO,2025-07-17,09:33:00,2025-07-31,163.5,165.5,162.9,165.5,390,19565,0
FINNIFTY31JUL2526700PE.NFO,2025-07-17,09:34:00,2025-07-31,165.5,165.75,165.0,165.75,130,19565,0
FINNIFTY31JUL2526700PE.NFO,2025-07-17,09:35:00,2025-07-31,165.75,168.25,164.75,168.25,520,19565,0
FINNIFTY31JUL2526700PE.NFO,2025-07-17,09:36:00,2025-07-31,168.25,168.35,168.25,168.35,130,19565,0
FINNIFTY31JUL2526700PE.NFO,2025-07-17,09:37:00,2025-07-31,168.35,168.35,164.5,164.5,195,18850,0
FINNIFTY31JUL2526700PE.NFO,2025-07-17,09:38:00,2025-07-31,164.5,164.95,163.0,163.0,130,18850,0
FINNIFTY31JUL2526700PE.NFO,2025-07-17,09:39:00,2025-07-31,163.0,165.25,163.0,165.2,130,18850,0
FINNIFTY31JUL2526700PE.NFO,2025-07-17,09:40:00,2025-07-31,165.2,165.2,164.5,164.5,65,19045,0
FINNIFTY31JUL2526700PE.NFO,2025-07-17,09:41:00,2025-07-31,164.5,167.0,164.5,167.0,260,19045,0
FINNIFTY31JUL2526700PE.NFO,2025-07-17,09:42:00,2025-07-31,167.0,167.0,164.65,164.65,130,19045,0
FINNIFTY31JUL2526700PE.NFO,2025-07-17,09:43:00,2025-07-31,164.65,165.0,164.65,165.0,65,19175,0
FINNIFTY31JUL2526700PE.NFO,2025-07-17,09:44:00,2025-07-31,165.0,167.4,165.0,167.0,195,19175,0
FINNIFTY31JUL2526700PE.NFO,2025-07-17,09:45:00,2025-07-31,167.0,173.0,167.0,173.0,325,18850,0
FINNIFTY31JUL2526700PE.NFO,2025-07-17,09:46:00,2025-07-31,173.0,173.0,168.9,171.1,585,18850,0
FINNIFTY31JUL2526700PE.NFO,2025-07-17,09:47:00,2025-07-31,171.1,171.1,169.1,169.1,455,18850,0
FINNIFTY31JUL2526700PE.NFO,2025-07-17,09:48:00,2025-07-31,169.1,169.1,165.6,165.6,520,18850,0
FINNIFTY31JUL2526700PE.NFO,2025-07-17,09:49:00,2025-07-31,165.6,165.6,165.6,165.6,0,18850,0
FINNIFTY31JUL2526700PE.NFO,2025-07-17,09:50:00,2025-07-31,165.6,169.25,165.6,169.25,130,19305,0
FINNIFTY31JUL2526700PE.NFO,2025-07-17,09:51:00,2025-07-31,169.25,169.25,164.95,164.95,195,19305,0
FINNIFTY31JUL2526700PE.NFO,2025-07-17,09:52:00,2025-07-31,164.95,164.95,164.95,164.95,65,19435,0
FINNIFTY31JUL2526700PE.NFO,2025-07-17,09:53:00,2025-07-31,164.95,164.95,164.0,164.0,195,19435,0
FINNIFTY31JUL2526700PE.NFO,2025-07-17,09:54:00,2025-07-31,164.0,164.7,164.0,164.7,260,19435,0
FINNIFTY31JUL2526700PE.NFO,2025-07-17,09:55:00,2025-07-31,164.7,164.7,164.7,164.7,0,19435,0
FINNIFTY31JUL2526700PE.NFO,2025-07-17,09:56:00,2025-07-31,164.7,164.7,164.7,164.7,0,19435,0
FINNIFTY31JUL2526700PE.NFO,2025-07-17,09:57:00,2025-07-31,164.7,164.7,164.7,164.7,0,19435,0
FINNIFTY31JUL2526700PE.NFO,2025-07-17,09:58:00,2025-07-31,163.65,163.65,163.65,163.65,130,19565,0
FINNIFTY31JUL2526700PE.NFO,2025-07-17,09:59:00,2025-07-31,163.65,163.65,163.65,163.65,0,19565,0
FINNIFTY31JUL2526700PE.NFO,2025-07-17,10:00:00,2025-07-31,163.65,163.65,163.65,163.65,0,19565,0
FINNIFTY31JUL2526700PE.NFO,2025-07-17,10:01:00,2025-07-31,163.65,163.75,163.65,163.75,455,19435,0
FINNIFTY31JUL2526700PE.NFO,2025-07-17,10:02:00,2025-07-31,163.75,164.85,163.75,164.2,195,19435,0
FINNIFTY31JUL2526700PE.NFO,2025-07-17,10:03:00,2025-07-31,164.2,165.9,164.2,165.9,0,19045,0
FINNIFTY31JUL2526700PE.NFO,2025-07-17,10:04:00,2025-07-31,165.9,165.9,165.9,165.9,65,19045,0
FINNIFTY31JUL2526700PE.NFO,2025-07-17,10:05:00,2025-07-31,165.9,165.9,165.9,165.9,0,19045,0
FINNIFTY31JUL2526700PE.NFO,2025-07-17,10:06:00,2025-07-31,165.9,165.9,165.9,165.9,0,19045,0
FINNIFTY31JUL2526700PE.NFO,2025-07-17,10:07:00,2025-07-31,165.9,172.0,165.9,169.9,1105,19045,0
FINNIFTY31JUL2526700PE.NFO,2025-07-17,10:08:00,2025-07-31,169.9,172.0,169.25,172.0,455,19045,0
FINNIFTY31JUL2526700PE.NFO,2025-07-17,10:09:00,2025-07-31,173.0,175.6,172.05,172.3,975,19045,0
FINNIFTY31JUL2526700PE.NFO,2025-07-17,10:10:00,2025-07-31,172.3,175.7,172.3,175.7,715,18785,0
FINNIFTY31JUL2526700PE.NFO,2025-07-17,10:11:00,2025-07-31,175.7,175.7,172.95,174.0,390,18785,0
FINNIFTY31JUL2526700PE.NFO,2025-07-17,10:12:00,2025-07-31,174.0,176.4,174.0,176.4,130,18785,0
FINNIFTY31JUL2526700PE.NFO,2025-07-17,10:13:00,2025-07-31,176.4,176.4,176.0,176.0,130,18915,0
FINNIFTY31JUL2526700PE.NFO,2025-07-17,10:14:00,2025-07-31,176.0,181.0,176.0,180.05,390,18915,0
FINNIFTY31JUL2526700PE.NFO,2025-07-17,10:15:00,2025-07-31,180.05,182.3,180.05,182.3,65,18915,0
FINNIFTY31JUL2526700PE.NFO,2025-07-17,10:16:00,2025-07-31,182.3,185.0,182.3,185.0,1170,18785,0
FINNIFTY31JUL2526700PE.NFO,2025-07-17,10:17:00,2025-07-31,185.0,191.9,185.0,190.3,1365,18785,0
FINNIFTY31JUL2526700PE.NFO,2025-07-17,10:18:00,2025-07-31,190.3,190.3,186.05,187.0,780,18785,0
FINNIFTY31JUL2526700PE.NFO,2025-07-17,10:19:00,2025-07-31,187.0,187.0,183.9,183.9,195,18590,0
FINNIFTY31JUL2526700PE.NFO,2025-07-17,10:20:00,2025-07-31,183.9,183.9,183.9,183.9,0,18590,0
FINNIFTY31JUL2526700PE.NFO,2025-07-17,10:21:00,2025-07-31,183.9,183.9,183.65,183.65,195,18590,0
FINNIFTY31JUL2526700PE.NFO,2025-07-17,10:22:00,2025-07-31,185.0,186.15,185.0,186.15,130,18590,0
FINNIFTY31JUL2526700PE.NFO,2025-07-17,10:23:00,2025-07-31,186.15,186.15,186.15,186.15,0,18590,0
FINNIFTY31JUL2526700PE.NFO,2025-07-17,10:24:00,2025-07-31,186.15,186.15,178.8,179.15,260,18590,0
FINNIFTY31JUL2526700PE.NFO,2025-07-17,10:25:00,2025-07-31,179.15,179.15,179.15,179.15,0,18590,0
FINNIFTY31JUL2526700PE.NFO,2025-07-17,10:26:00,2025-07-31,179.15,179.15,178.35,178.35,65,18590,0
FINNIFTY31JUL2526700PE.NFO,2025-07-17,10:27:00,2025-07-31,178.35,178.9,178.35,178.9,65,18590,0
FINNIFTY31JUL2526700PE.NFO,2025-07-17,10:28:00,2025-07-31,178.9,179.15,178.9,179.15,130,18525,0
FINNIFTY31JUL2526700PE.NFO,2025-07-17,10:29:00,2025-07-31,179.15,182.0,179.15,179.65,260,18525,0
FINNIFTY31JUL2526700PE.NFO,2025-07-17,10:30:00,2025-07-31,179.65,186.0,179.65,186.0,195,18525,0
FINNIFTY31JUL2526700PE.NFO,2025-07-17,10:31:00,2025-07-31,186.0,186.85,185.8,185.8,455,18525,0
FINNIFTY31JUL2526700PE.NFO,2025-07-17,10:32:00,2025-07-31,185.8,185.8,185.8,185.8,0,18525,0
FINNIFTY31JUL2526700PE.NFO,2025-07-17,10:33:00,2025-07-31,185.8,185.8,177.75,177.75,130,18655,0
FINNIFTY31JUL2526700PE.NFO,2025-07-17,10:34:00,2025-07-31,177.75,177.75,177.75,177.75,0,18655,0
FINNIFTY31JUL2526700PE.NFO,2025-07-17,10:35:00,2025-07-31,177.75,177.75,177.75,177.75,0,18655,0
FINNIFTY31JUL2526700PE.NFO,2025-07-17,10:36:00,2025-07-31,177.75,177.75,177.75,177.75,0,18655,0
FINNIFTY31JUL2526700PE.NFO,2025-07-17,10:37:00,2025-07-31,177.75,177.75,177.75,177.75,0,18655,0
FINNIFTY31JUL2526700PE.NFO,2025-07-17,10:38:00,2025-07-31,177.75,177.75,177.75,177.75,0,18655,0
FINNIFTY31JUL2526700PE.NFO,2025-07-17,10:39:00,2025-07-31,177.75,177.75,177.75,177.75,0,18655,0
FINNIFTY31JUL2526700PE.NFO,2025-07-17,10:40:00,2025-07-31,177.75,177.75,177.75,177.75,0,18655,0
FINNIFTY31JUL2526700PE.NFO,2025-07-17,10:41:00,2025-07-31,177.75,180.85,177.75,179.55,195,18720,0
FINNIFTY31JUL2526700PE.NFO,2025-07-17,10:42:00,2025-07-31,179.55,179.55,179.55,179.55,0,18720,0
FINNIFTY31JUL2526700PE.NFO,2025-07-17,10:43:00,2025-07-31,179.55,179.55,179.55,179.55,0,18720,0
FINNIFTY31JUL2526700PE.NFO,2025-07-17,10:44:00,2025-07-31,179.55,179.55,179.55,179.55,0,18720,0
FINNIFTY31JUL2526700PE.NFO,2025-07-17,10:45:00,2025-07-31,179.55,179.55,172.2,172.2,455,18720,0
FINNIFTY31JUL2526700PE.NFO,2025-07-17,10:46:00,2025-07-31,172.2,172.2,172.2,172.2,0,18720,0
FINNIFTY31JUL2526700PE.NFO,2025-07-17,10:47:00,2025-07-31,172.2,172.2,172.2,172.2,0,18720,0
FINNIFTY31JUL2526700PE.NFO,2025-07-17,10:48:00,2025-07-31,172.2,172.2,172.2,172.2,130,18850,0
FINNIFTY31JUL2526700PE.NFO,2025-07-17,10:49:00,2025-07-31,172.2,172.2,171.1,171.1,715,18850,0
FINNIFTY31JUL2526700PE.NFO,2025-07-17,10:50:00,2025-07-31,171.1,171.1,171.1,171.1,0,18850,0
FINNIFTY31JUL2526700PE.NFO,2025-07-17,10:51:00,2025-07-31,171.1,174.4,171.1,174.4,65,18850,0
FINNIFTY31JUL2526700PE.NFO,2025-07-17,10:52:00,2025-07-31,174.4,174.4,169.0,169.0,390,18460,0
FINNIFTY31JUL2526700PE.NFO,2025-07-17,10:53:00,2025-07-31,169.0,170.45,169.0,170.45,65,18460,0
FINNIFTY31JUL2526700PE.NFO,2025-07-17,10:54:00,2025-07-31,170.45,170.45,170.45,170.45,0,18460,0
FINNIFTY31JUL2526700PE.NFO,2025-07-17,10:55:00,2025-07-31,170.45,170.45,170.45,170.45,0,18460,0
FINNIFTY31JUL2526700PE.NFO,2025-07-17,10:56:00,2025-07-31,170.45,170.45,167.3,167.3,195,18330,0
FINNIFTY31JUL2526700PE.NFO,2025-07-17,10:57:00,2025-07-31,167.3,167.3,167.3,167.3,0,18330,0
FINNIFTY31JUL2526700PE.NFO,2025-07-17,10:58:00,2025-07-31,167.3,167.3,165.1,167.0,195,18330,0
FINNIFTY31JUL2526700PE.NFO,2025-07-17,10:59:00,2025-07-31,167.0,167.0,167.0,167.0,0,18330,0
FINNIFTY31JUL2526700PE.NFO,2025-07-17,11:00:00,2025-07-31,167.0,170.0,166.45,170.0,130,18330,0
FINNIFTY31JUL2526700PE.NFO,2025-07-17,11:01:00,2025-07-31,170.0,170.4,170.0,170.4,195,18265,0
FINNIFTY31JUL2526700PE.NFO,2025-07-17,11:02:00,2025-07-31,170.4,170.4,170.4,170.4,0,18265,0
FINNIFTY31JUL2526700PE.NFO,2025-07-17,11:03:00,2025-07-31,170.4,170.4,170.4,170.4,0,18265,0
FINNIFTY31JUL2526700PE.NFO,2025-07-17,11:04:00,2025-07-31,170.4,174.35,170.4,174.35,65,18460,0
FINNIFTY31JUL2526700PE.NFO,2025-07-17,11:05:00,2025-07-31,174.35,174.35,174.35,174.35,0,18460,0
FINNIFTY31JUL2526700PE.NFO,2025-07-17,11:06:00,2025-07-31,174.35,174.35,174.35,174.35,0,18460,0
FINNIFTY31JUL2526700PE.NFO,2025-07-17,11:07:00,2025-07-31,174.35,174.35,174.35,174.35,0,18460,0
FINNIFTY31JUL2526700PE.NFO,2025-07-17,11:08:00,2025-07-31,174.35,175.7,174.35,175.6,130,18460,0
FINNIFTY31JUL2526700PE.NFO,2025-07-17,11:09:00,2025-07-31,175.6,175.6,175.6,175.6,0,18460,0
FINNIFTY31JUL2526700PE.NFO,2025-07-17,11:10:00,2025-07-31,175.6,180.9,175.6,177.55,585,18525,0
FINNIFTY31JUL2526700PE.NFO,2025-07-17,11:11:00,2025-07-31,177.55,177.55,169.85,169.85,1040,18525,0
FINNIFTY31JUL2526700PE.NFO,2025-07-17,11:12:00,2025-07-31,169.85,169.85,165.85,166.95,650,18525,0
FINNIFTY31JUL2526700PE.NFO,2025-07-17,11:13:00,2025-07-31,166.95,169.45,166.95,169.45,130,19175,0
FINNIFTY31JUL2526700PE.NFO,2025-07-17,11:14:00,2025-07-31,169.45,169.45,169.45,169.45,0,19175,0
FINNIFTY31JUL2526700PE.NFO,2025-07-17,11:15:00,2025-07-31,169.45,169.45,169.45,169.45,0,19175,0
FINNIFTY31JUL2526700PE.NFO,2025-07-17,11:16:00,2025-07-31,169.45,171.3,169.45,171.3,65,19175,0
FINNIFTY31JUL2526700PE.NFO,2025-07-17,11:17:00,2025-07-31,171.3,171.3,171.3,171.3,0,19175,0
FINNIFTY31JUL2526700PE.NFO,2025-07-17,11:18:00,2025-07-31,171.3,171.3,164.8,164.8,130,19175,0
FINNIFTY31JUL2526700PE.NFO,2025-07-17,11:19:00,2025-07-31,164.8,164.8,164.1,164.75,260,19110,0
FINNIFTY31JUL2526700PE.NFO,2025-07-17,11:20:00,2025-07-31,164.75,164.75,164.75,164.75,0,19110,0
FINNIFTY31JUL2526700PE.NFO,2025-07-17,11:21:00,2025-07-31,164.75,165.7,164.75,165.7,65,19110,0
FINNIFTY31JUL2526700PE.NFO,2025-07-17,11:22:00,2025-07-31,165.7,165.7,165.4,165.4,65,19110,0
FINNIFTY31JUL2526700PE.NFO,2025-07-17,11:23:00,2025-07-31,165.4,165.4,165.4,165.4,0,19110,0
FINNIFTY31JUL2526700PE.NFO,2025-07-17,11:24:00,2025-07-31,165.4,165.4,164.05,165.3,130,19110,0
FINNIFTY31JUL2526700PE.NFO,2025-07-17,11:25:00,2025-07-31,165.3,165.3,165.3,165.3,0,19110,0
FINNIFTY31JUL2526700PE.NFO,2025-07-17,11:26:00,2025-07-31,165.3,165.3,165.3,165.3,0,19110,0
FINNIFTY31JUL2526700PE.NFO,2025-07-17,11:27:00,2025-07-31,165.3,165.3,165.3,165.3,0,19110,0
FINNIFTY31JUL2526700PE.NFO,2025-07-17,11:28:00,2025-07-31,165.3,165.3,165.3,165.3,0,19110,0
FINNIFTY31JUL2526700PE.NFO,2025-07-17,11:29:00,2025-07-31,165.3,165.3,165.3,165.3,0,19110,0
FINNIFTY31JUL2526700PE.NFO,2025-07-17,11:30:00,2025-07-31,165.3,165.3,165.3,165.3,0,19110,0
FINNIFTY31JUL2526700PE.NFO,2025-07-17,11:31:00,2025-07-31,165.3,165.3,163.55,163.55,130,18980,0
FINNIFTY31JUL2526700PE.NFO,2025-07-17,11:32:00,2025-07-31,163.55,163.55,163.55,163.55,0,18980,0
FINNIFTY31JUL2526700PE.NFO,2025-07-17,11:33:00,2025-07-31,163.55,163.55,163.55,163.55,0,18980,0
FINNIFTY31JUL2526700PE.NFO,2025-07-17,11:34:00,2025-07-31,163.55,163.55,163.55,163.55,0,18980,0
FINNIFTY31JUL2526700PE.NFO,2025-07-17,11:35:00,2025-07-31,163.55,163.55,163.55,163.55,0,18980,0
FINNIFTY31JUL2526700PE.NFO,2025-07-17,11:36:00,2025-07-31,163.55,163.55,161.5,161.5,65,19045,0
FINNIFTY31JUL2526700PE.NFO,2025-07-17,11:37:00,2025-07-31,161.5,163.05,161.5,163.05,260,18915,0
FINNIFTY31JUL2526700PE.NFO,2025-07-17,11:38:00,2025-07-31,163.05,163.05,161.3,161.3,260,18915,0
FINNIFTY31JUL2526700PE.NFO,2025-07-17,11:39:00,2025-07-31,161.3,163.0,161.3,163.0,65,18915,0
FINNIFTY31JUL2526700PE.NFO,2025-07-17,11:40:00,2025-07-31,163.0,163.95,162.65,162.65,455,19045,0
FINNIFTY31JUL2526700PE.NFO,2025-07-17,11:41:00,2025-07-31,162.65,162.65,162.65,162.65,0,19045,0
FINNIFTY31JUL2526700PE.NFO,2025-07-17,11:42:00,2025-07-31,162.65,162.65,162.65,162.65,0,19045,0
FINNIFTY31JUL2526700PE.NFO,2025-07-17,11:43:00,2025-07-31,162.65,162.65,161.3,161.3,65,18915,0
FINNIFTY31JUL2526700PE.NFO,2025-07-17,11:44:00,2025-07-31,161.3,161.3,161.3,161.3,0,18915,0
FINNIFTY31JUL2526700PE.NFO,2025-07-17,11:45:00,2025-07-31,161.3,161.3,161.3,161.3,0,18915,0
FINNIFTY31JUL2526700PE.NFO,2025-07-17,11:46:00,2025-07-31,161.3,161.3,161.3,161.3,0,18915,0
FINNIFTY31JUL2526700PE.NFO,2025-07-17,11:47:00,2025-07-31,161.3,161.3,161.0,161.0,65,18850,0
FINNIFTY31JUL2526700PE.NFO,2025-07-17,11:48:00,2025-07-31,161.0,161.0,161.0,161.0,0,18850,0
FINNIFTY31JUL2526700PE.NFO,2025-07-17,11:49:00,2025-07-31,161.0,161.0,160.5,160.5,260,18850,0
FINNIFTY31JUL2526700PE.NFO,2025-07-17,11:50:00,2025-07-31,160.5,161.25,160.5,161.25,65,18850,0
FINNIFTY31JUL2526700PE.NFO,2025-07-17,11:51:00,2025-07-31,161.25,161.25,161.25,161.25,0,18850,0
FINNIFTY31JUL2526700PE.NFO,2025-07-17,11:52:00,2025-07-31,161.25,161.25,161.25,161.25,0,18850,0
FINNIFTY31JUL2526700PE.NFO,2025-07-17,11:53:00,2025-07-31,161.25,161.25,161.25,161.25,0,18850,0
FINNIFTY31JUL2526700PE.NFO,2025-07-17,11:54:00,2025-07-31,161.25,161.25,161.25,161.25,0,18850,0
FINNIFTY31JUL2526700PE.NFO,2025-07-17,11:55:00,2025-07-31,161.25,161.25,161.25,161.25,0,18850,0
FINNIFTY31JUL2526700PE.NFO,2025-07-17,11:56:00,2025-07-31,161.25,162.05,161.25,162.05,130,18850,0
FINNIFTY31JUL2526700PE.NFO,2025-07-17,11:57:00,2025-07-31,162.05,165.85,162.05,165.85,130,18850,0
FINNIFTY31JUL2526700PE.NFO,2025-07-17,11:58:00,2025-07-31,165.85,165.85,165.85,165.85,0,18850,0
FINNIFTY31JUL2526700PE.NFO,2025-07-17,11:59:00,2025-07-31,165.85,165.85,165.85,165.85,0,18850,0
FINNIFTY31JUL2526700PE.NFO,2025-07-17,12:00:00,2025-07-31,165.85,165.85,165.85,165.85,0,18850,0
FINNIFTY31JUL2526700PE.NFO,2025-07-17,12:01:00,2025-07-31,165.85,165.85,165.85,165.85,0,18850,0
FINNIFTY31JUL2526700PE.NFO,2025-07-17,12:02:00,2025-07-31,165.85,165.85,165.85,165.85,0,18850,0
FINNIFTY31JUL2526700PE.NFO,2025-07-17,12:03:00,2025-07-31,165.85,165.85,163.4,163.4,130,18850,0
FINNIFTY31JUL2526700PE.NFO,2025-07-17,12:04:00,2025-07-31,163.4,163.4,163.4,163.4,0,18850,0
FINNIFTY31JUL2526700PE.NFO,2025-07-17,12:05:00,2025-07-31,163.4,165.6,163.4,165.6,65,18720,0
FINNIFTY31JUL2526700PE.NFO,2025-07-17,12:06:00,2025-07-31,165.6,165.6,165.6,165.6,0,18720,0
FINNIFTY31JUL2526700PE.NFO,2025-07-17,12:07:00,2025-07-31,165.6,166.3,165.6,166.3,130,18785,0
FINNIFTY31JUL2526700PE.NFO,2025-07-17,12:08:00,2025-07-31,166.3,166.3,166.3,166.3,0,18785,0
FINNIFTY31JUL2526700PE.NFO,2025-07-17,12:09:00,2025-07-31,166.3,166.3,164.6,164.6,130,18785,0
FINNIFTY31JUL2526700PE.NFO,2025-07-17,12:10:00,2025-07-31,164.6,164.6,164.6,164.6,0,18785,0
FINNIFTY31JUL2526700PE.NFO,2025-07-17,12:11:00,2025-07-31,164.6,164.6,164.6,164.6,0,18785,0
FINNIFTY31JUL2526700PE.NFO,2025-07-17,12:12:00,2025-07-31,164.6,164.6,164.6,164.6,0,18785,0
FINNIFTY31JUL2526700PE.NFO,2025-07-17,12:13:00,2025-07-31,164.6,164.6,164.6,164.6,0,18785,0
FINNIFTY31JUL2526700PE.NFO,2025-07-17,12:14:00,2025-07-31,164.6,164.6,164.6,164.6,0,18785,0
FINNIFTY31JUL2526700PE.NFO,2025-07-17,12:15:00,2025-07-31,164.6,164.6,164.6,164.6,0,18785,0
FINNIFTY31JUL2526700PE.NFO,2025-07-17,12:16:00,2025-07-31,164.6,169.7,164.6,169.3,195,18915,0
FINNIFTY31JUL2526700PE.NFO,2025-07-17,12:17:00,2025-07-31,169.3,170.65,168.55,170.65,195,18915,0
FINNIFTY31JUL2526700PE.NFO,2025-07-17,12:18:00,2025-07-31,170.65,170.65,170.65,170.65,0,18915,0
FINNIFTY31JUL2526700PE.NFO,2025-07-17,12:19:00,2025-07-31,170.65,173.95,170.65,173.95,2730,19175,0
FINNIFTY31JUL2526700PE.NFO,2025-07-17,12:20:00,2025-07-31,173.95,174.05,173.95,174.05,65,19175,0
FINNIFTY31JUL2526700PE.NFO,2025-07-17,12:21:00,2025-07-31,174.05,174.05,174.05,174.05,0,19175,0
FINNIFTY31JUL2526700PE.NFO,2025-07-17,12:22:00,2025-07-31,174.05,174.05,173.0,173.0,65,21060,0
FINNIFTY31JUL2526700PE.NFO,2025-07-17,12:23:00,2025-07-31,173.0,174.6,173.0,173.05,195,21060,0
FINNIFTY31JUL2526700PE.NFO,2025-07-17,12:24:00,2025-07-31,173.05,173.05,173.05,173.05,0,21060,0
FINNIFTY31JUL2526700PE.NFO,2025-07-17,12:25:00,2025-07-31,173.05,173.05,173.05,173.05,0,21060,0
FINNIFTY31JUL2526700PE.NFO,2025-07-17,12:26:00,2025-07-31,173.05,173.05,173.05,173.05,0,21060,0
FINNIFTY31JUL2526700PE.NFO,2025-07-17,12:27:00,2025-07-31,173.05,173.05,173.05,173.05,0,21060,0
FINNIFTY31JUL2526700PE.NFO,2025-07-17,12:28:00,2025-07-31,173.05,173.05,173.05,173.05,0,21060,0
FINNIFTY31JUL2526700PE.NFO,2025-07-17,12:29:00,2025-07-31,173.05,173.05,173.05,173.05,0,21060,0
FINNIFTY31JUL2526700PE.NFO,2025-07-17,12:30:00,2025-07-31,173.05,176.35,173.05,176.15,325,20865,0
FINNIFTY31JUL2526700PE.NFO,2025-07-17,12:31:00,2025-07-31,176.15,176.15,174.5,174.5,130,20735,0
FINNIFTY31JUL2526700PE.NFO,2025-07-17,12:32:00,2025-07-31,174.5,174.9,174.5,174.9,195,20735,0
FINNIFTY31JUL2526700PE.NFO,2025-07-17,12:33:00,2025-07-31,174.9,175.6,174.9,175.0,390,20735,0
FINNIFTY31JUL2526700PE.NFO,2025-07-17,12:34:00,2025-07-31,175.0,175.55,174.5,174.5,195,20085,0
FINNIFTY31JUL2526700PE.NFO,2025-07-17,12:35:00,2025-07-31,174.5,174.85,174.5,174.85,130,20085,0
FINNIFTY31JUL2526700PE.NFO,2025-07-17,12:36:00,2025-07-31,174.85,180.05,174.85,180.05,130,20085,0
FINNIFTY31JUL2526700PE.NFO,2025-07-17,12:37:00,2025-07-31,180.05,180.05,176.2,176.2,520,19630,0
FINNIFTY31JUL2526700PE.NFO,2025-07-17,12:38:00,2025-07-31,176.2,177.65,176.2,177.65,325,19630,0
FINNIFTY31JUL2526700PE.NFO,2025-07-17,12:39:00,2025-07-31,177.65,177.65,177.65,177.65,0,19630,0
FINNIFTY31JUL2526700PE.NFO,2025-07-17,12:40:00,2025-07-31,177.65,177.65,177.65,177.65,0,19630,0
FINNIFTY31JUL2526700PE.NFO,2025-07-17,12:41:00,2025-07-31,177.65,177.65,177.65,177.65,0,19630,0
FINNIFTY31JUL2526700PE.NFO,2025-07-17,12:42:00,2025-07-31,175.0,175.0,175.0,175.0,65,19695,0
FINNIFTY31JUL2526700PE.NFO,2025-07-17,12:43:00,2025-07-31,175.0,175.0,168.1,168.4,650,19695,0
FINNIFTY31JUL2526700PE.NFO,2025-07-17,12:44:00,2025-07-31,166.6,169.4,166.6,169.4,585,19695,0
FINNIFTY31JUL2526700PE.NFO,2025-07-17,12:45:00,2025-07-31,169.4,169.4,169.4,169.4,0,19695,0
FINNIFTY31JUL2526700PE.NFO,2025-07-17,12:46:00,2025-07-31,169.4,172.6,169.4,172.6,65,19370,0
FINNIFTY31JUL2526700PE.NFO,2025-07-17,12:47:00,2025-07-31,172.6,172.65,172.6,172.65,130,19370,0
FINNIFTY31JUL2526700PE.NFO,2025-07-17,12:48:00,2025-07-31,172.65,176.05,172.65,176.05,260,19370,0
FINNIFTY31JUL2526700PE.NFO,2025-07-17,12:49:00,2025-07-31,176.05,178.0,175.95,176.1,260,19435,0
FINNIFTY31JUL2526700PE.NFO,2025-07-17,12:50:00,2025-07-31,176.1,176.1,176.1,176.1,0,19435,0
FINNIFTY31JUL2526700PE.NFO,2025-07-17,12:51:00,2025-07-31,176.1,176.4,176.1,176.4,260,19435,0
FINNIFTY31JUL2526700PE.NFO,2025-07-17,12:52:00,2025-07-31,176.4,176.4,174.55,174.65,260,19370,0
FINNIFTY31JUL2526700PE.NFO,2025-07-17,12:53:00,2025-07-31,174.65,174.65,174.65,174.65,0,19370,0
FINNIFTY31JUL2526700PE.NFO,2025-07-17,12:54:00,2025-07-31,174.65,174.65,174.05,174.05,65,19370,0
FINNIFTY31JUL2526700PE.NFO,2025-07-17,12:55:00,2025-07-31,174.05,174.05,173.85,173.85,195,19305,0
FINNIFTY31JUL2526700PE.NFO,2025-07-17,12:56:00,2025-07-31,173.85,173.85,173.85,173.85,0,19305,0
FINNIFTY31JUL2526700PE.NFO,2025-07-17,12:57:00,2025-07-31,173.85,173.85,173.75,173.75,130,19305,0
FINNIFTY31JUL2526700PE.NFO,2025-07-17,12:58:00,2025-07-31,173.75,173.75,173.55,173.55,195,19305,0
FINNIFTY31JUL2526700PE.NFO,2025-07-17,12:59:00,2025-07-31,173.55,173.55,173.55,173.55,0,19305,0
FINNIFTY31JUL2526700PE.NFO,2025-07-17,13:00:00,2025-07-31,173.55,173.55,173.55,173.55,0,19305,0
FINNIFTY31JUL2526700PE.NFO,2025-07-17,13:01:00,2025-07-31,173.55,173.55,173.55,173.55,0,19305,0
FINNIFTY31JUL2526700PE.NFO,2025-07-17,13:02:00,2025-07-31,173.55,173.55,173.55,173.55,0,19305,0
FINNIFTY31JUL2526700PE.NFO,2025-07-17,13:03:00,2025-07-31,173.55,173.55,170.8,170.8,455,19630,0
FINNIFTY31JUL2526700PE.NFO,2025-07-17,13:04:00,2025-07-31,170.8,170.8,170.8,170.8,0,19630,0
FINNIFTY31JUL2526700PE.NFO,2025-07-17,13:05:00,2025-07-31,170.8,170.8,170.8,170.8,0,19630,0
FINNIFTY31JUL2526700PE.NFO,2025-07-17,13:06:00,2025-07-31,170.8,170.8,170.8,170.8,0,19630,0
FINNIFTY31JUL2526700PE.NFO,2025-07-17,13:07:00,2025-07-31,170.8,174.5,170.8,173.45,325,19435,0
FINNIFTY31JUL2526700PE.NFO,2025-07-17,13:08:00,2025-07-31,173.45,173.45,173.45,173.45,0,19435,0
FINNIFTY31JUL2526700PE.NFO,2025-07-17,13:09:00,2025-07-31,173.45,173.45,171.75,171.75,260,19240,0
FINNIFTY31JUL2526700PE.NFO,2025-07-17,13:10:00,2025-07-31,171.75,173.4,171.75,173.4,195,19370,0
FINNIFTY31JUL2526700PE.NFO,2025-07-17,13:11:00,2025-07-31,173.4,173.4,173.4,173.4,0,19370,0
FINNIFTY31JUL2526700PE.NFO,2025-07-17,13:12:00,2025-07-31,173.4,173.4,173.4,173.4,0,19370,0
FINNIFTY31JUL2526700PE.NFO,2025-07-17,13:13:00,2025-07-31,173.4,173.4,173.4,173.4,0,19370,0
FINNIFTY31JUL2526700PE.NFO,2025-07-17,13:14:00,2025-07-31,173.4,173.45,173.4,173.45,65,19305,0
FINNIFTY31JUL2526700PE.NFO,2025-07-17,13:15:00,2025-07-31,173.45,173.45,173.45,173.45,0,19305,0
FINNIFTY31JUL2526700PE.NFO,2025-07-17,13:16:00,2025-07-31,173.45,173.9,173.45,173.9,130,19305,0
FINNIFTY31JUL2526700PE.NFO,2025-07-17,13:17:00,2025-07-31,173.9,173.9,173.9,173.9,0,19305,0
FINNIFTY31JUL2526700PE.NFO,2025-07-17,13:18:00,2025-07-31,173.9,173.9,173.9,173.9,0,19305,0
FINNIFTY31JUL2526700PE.NFO,2025-07-17,13:19:00,2025-07-31,173.9,173.9,173.9,173.9,0,19305,0
FINNIFTY31JUL2526700PE.NFO,2025-07-17,13:20:00,2025-07-31,173.9,173.9,173.9,173.9,0,19305,0
FINNIFTY31JUL2526700PE.NFO,2025-07-17,13:21:00,2025-07-31,173.9,173.9,173.9,173.9,0,19305,0
FINNIFTY31JUL2526700PE.NFO,2025-07-17,13:22:00,2025-07-31,173.9,173.9,173.9,173.9,0,19305,0
FINNIFTY31JUL2526700PE.NFO,2025-07-17,13:23:00,2025-07-31,173.9,173.9,173.9,173.9,0,19305,0
FINNIFTY31JUL2526700PE.NFO,2025-07-17,13:24:00,2025-07-31,173.9,177.95,173.9,177.5,195,19305,0
FINNIFTY31JUL2526700PE.NFO,2025-07-17,13:25:00,2025-07-31,177.5,177.5,175.8,175.8,65,19305,0
FINNIFTY31JUL2526700PE.NFO,2025-07-17,13:26:00,2025-07-31,175.8,175.8,175.8,175.8,0,19305,0
FINNIFTY31JUL2526700PE.NFO,2025-07-17,13:27:00,2025-07-31,175.8,175.8,175.8,175.8,0,19305,0
FINNIFTY31JUL2526700PE.NFO,2025-07-17,13:28:00,2025-07-31,175.8,175.8,175.8,175.8,0,19305,0
FINNIFTY31JUL2526700PE.NFO,2025-07-17,13:29:00,2025-07-31,175.8,175.8,175.8,175.8,0,19305,0
FINNIFTY31JUL2526700PE.NFO,2025-07-17,13:30:00,2025-07-31,175.8,175.8,175.8,175.8,0,19305,0
FINNIFTY31JUL2526700PE.NFO,2025-07-17,13:31:00,2025-07-31,175.8,176.0,175.8,176.0,65,19305,0
FINNIFTY31JUL2526700PE.NFO,2025-07-17,13:32:00,2025-07-31,176.0,177.8,176.0,177.8,130,19305,0
FINNIFTY31JUL2526700PE.NFO,2025-07-17,13:33:00,2025-07-31,177.8,177.8,176.15,176.15,65,19305,0
FINNIFTY31JUL2526700PE.NFO,2025-07-17,13:34:00,2025-07-31,176.15,176.15,176.15,176.15,0,19305,0
FINNIFTY31JUL2526700PE.NFO,2025-07-17,13:35:00,2025-07-31,176.15,176.15,174.1,174.1,65,19370,0
FINNIFTY31JUL2526700PE.NFO,2025-07-17,13:36:00,2025-07-31,174.1,174.1,174.1,174.1,0,19370,0
FINNIFTY31JUL2526700PE.NFO,2025-07-17,13:37:00,2025-07-31,174.1,174.1,174.1,174.1,0,19370,0
FINNIFTY31JUL2526700PE.NFO,2025-07-17,13:38:00,2025-07-31,174.1,174.1,174.1,174.1,0,19370,0
FINNIFTY31JUL2526700PE.NFO,2025-07-17,13:39:00,2025-07-31,174.1,174.1,174.1,174.1,0,19370,0
FINNIFTY31JUL2526700PE.NFO,2025-07-17,13:40:00,2025-07-31,174.1,174.1,174.1,174.1,0,19370,0
FINNIFTY31JUL2526700PE.NFO,2025-07-17,13:41:00,2025-07-31,174.1,174.1,174.1,174.1,0,19370,0
FINNIFTY31JUL2526700PE.NFO,2025-07-17,13:42:00,2025-07-31,174.1,174.1,172.8,172.8,65,19370,0
FINNIFTY31JUL2526700PE.NFO,2025-07-17,13:43:00,2025-07-31,172.8,172.8,172.8,172.8,0,19370,0
FINNIFTY31JUL2526700PE.NFO,2025-07-17,13:44:00,2025-07-31,172.8,172.8,172.8,172.8,0,19370,0
FINNIFTY31JUL2526700PE.NFO,2025-07-17,13:45:00,2025-07-31,172.8,172.8,172.15,172.15,195,19370,0
FINNIFTY31JUL2526700PE.NFO,2025-07-17,13:46:00,2025-07-31,172.15,174.9,172.15,174.9,260,19305,0
FINNIFTY31JUL2526700PE.NFO,2025-07-17,13:47:00,2025-07-31,174.9,175.2,174.9,175.2,130,19305,0
FINNIFTY31JUL2526700PE.NFO,2025-07-17,13:48:00,2025-07-31,175.2,176.0,175.2,176.0,130,19305,0
FINNIFTY31JUL2526700PE.NFO,2025-07-17,13:49:00,2025-07-31,176.0,176.35,175.85,175.85,390,18915,0
FINNIFTY31JUL2526700PE.NFO,2025-07-17,13:50:00,2025-07-31,175.85,175.85,175.85,175.85,0,18915,0
FINNIFTY31JUL2526700PE.NFO,2025-07-17,13:51:00,2025-07-31,175.85,175.85,175.85,175.85,0,18915,0
FINNIFTY31JUL2526700PE.NFO,2025-07-17,13:52:00,2025-07-31,175.85,175.85,166.7,167.55,195,18980,0
FINNIFTY31JUL2526700PE.NFO,2025-07-17,13:53:00,2025-07-31,167.55,167.55,166.65,166.65,65,18980,0
FINNIFTY31JUL2526700PE.NFO,2025-07-17,13:54:00,2025-07-31,166.65,166.65,166.65,166.65,260,18980,0
FINNIFTY31JUL2526700PE.NFO,2025-07-17,13:55:00,2025-07-31,166.65,166.65,166.65,166.65,0,18980,0
FINNIFTY31JUL2526700PE.NFO,2025-07-17,13:56:00,2025-07-31,166.65,166.65,166.65,166.65,0,18980,0
FINNIFTY31JUL2526700PE.NFO,2025-07-17,13:57:00,2025-07-31,166.65,166.65,166.65,166.65,0,18980,0
FINNIFTY31JUL2526700PE.NFO,2025-07-17,13:58:00,2025-07-31,166.65,166.65,166.65,166.65,0,18980,0
FINNIFTY31JUL2526700PE.NFO,2025-07-17,13:59:00,2025-07-31,166.65,167.6,166.65,167.6,65,18525,0
FINNIFTY31JUL2526700PE.NFO,2025-07-17,14:00:00,2025-07-31,167.6,167.6,167.45,167.45,130,18525,0
FINNIFTY31JUL2526700PE.NFO,2025-07-17,14:01:00,2025-07-31,167.45,167.45,167.45,167.45,0,18525,0
FINNIFTY31JUL2526700PE.NFO,2025-07-17,14:02:00,2025-07-31,167.45,168.25,167.45,167.75,260,18460,0
FINNIFTY31JUL2526700PE.NFO,2025-07-17,14:03:00,2025-07-31,167.75,167.75,167.75,167.75,0,18460,0
FINNIFTY31JUL2526700PE.NFO,2025-07-17,14:04:00,2025-07-31,167.75,167.75,167.75,167.75,0,18460,0
FINNIFTY31JUL2526700PE.NFO,2025-07-17,14:05:00,2025-07-31,167.75,172.65,167.75,172.65,455,18655,0
FINNIFTY31JUL2526700PE.NFO,2025-07-17,14:06:00,2025-07-31,172.65,172.65,172.65,172.65,0,18655,0
FINNIFTY31JUL2526700PE.NFO,2025-07-17,14:07:00,2025-07-31,172.65,172.65,172.4,172.4,130,18655,0
FINNIFTY31JUL2526700PE.NFO,2025-07-17,14:08:00,2025-07-31,172.4,174.75,172.4,174.75,130,18655,0
FINNIFTY31JUL2526700PE.NFO,2025-07-17,14:09:00,2025-07-31,174.75,174.75,174.75,174.75,0,18655,0
FINNIFTY31JUL2526700PE.NFO,2025-07-17,14:10:00,2025-07-31,174.75,174.75,174.75,174.75,0,18655,0
FINNIFTY31JUL2526700PE.NFO,2025-07-17,14:11:00,2025-07-31,174.75,177.7,174.75,177.7,520,18655,0
FINNIFTY31JUL2526700PE.NFO,2025-07-17,14:12:00,2025-07-31,177.7,181.35,177.7,180.0,325,18655,0
FINNIFTY31JUL2526700PE.NFO,2025-07-17,14:13:00,2025-07-31,180.0,180.0,180.0,180.0,0,18655,0
FINNIFTY31JUL2526700PE.NFO,2025-07-17,14:14:00,2025-07-31,180.0,180.0,180.0,180.0,0,18655,0
FINNIFTY31JUL2526700PE.NFO,2025-07-17,14:15:00,2025-07-31,180.0,180.0,177.8,177.8,65,18525,0
FINNIFTY31JUL2526700PE.NFO,2025-07-17,14:16:00,2025-07-31,177.8,177.8,177.15,177.15,130,18525,0
FINNIFTY31JUL2526700PE.NFO,2025-07-17,14:17:00,2025-07-31,177.15,181.4,177.15,181.4,65,18525,0
FINNIFTY31JUL2526700PE.NFO,2025-07-17,14:18:00,2025-07-31,181.4,181.4,181.4,181.4,0,18525,0
FINNIFTY31JUL2526700PE.NFO,2025-07-17,14:19:00,2025-07-31,181.4,182.65,181.4,182.65,325,18525,0
FINNIFTY31JUL2526700PE.NFO,2025-07-17,14:20:00,2025-07-31,182.65,182.65,178.1,181.25,650,18460,0
FINNIFTY31JUL2526700PE.NFO,2025-07-17,14:21:00,2025-07-31,181.25,181.25,181.25,181.25,0,18460,0
FINNIFTY31JUL2526700PE.NFO,2025-07-17,14:22:00,2025-07-31,181.25,181.25,181.25,181.25,0,18460,0
FINNIFTY31JUL2526700PE.NFO,2025-07-17,14:23:00,2025-07-31,181.25,181.25,181.25,181.25,0,18460,0
FINNIFTY31JUL2526700PE.NFO,2025-07-17,14:24:00,2025-07-31,181.25,181.25,181.25,181.25,0,18460,0
FINNIFTY31JUL2526700PE.NFO,2025-07-17,14:25:00,2025-07-31,181.25,181.25,178.55,178.55,65,18200,0
FINNIFTY31JUL2526700PE.NFO,2025-07-17,14:26:00,2025-07-31,178.55,179.0,177.9,179.0,130,18200,0
FINNIFTY31JUL2526700PE.NFO,2025-07-17,14:27:00,2025-07-31,179.0,179.0,179.0,179.0,0,18200,0
FINNIFTY31JUL2526700PE.NFO,2025-07-17,14:28:00,2025-07-31,179.0,181.0,179.0,181.0,65,18070,0
FINNIFTY31JUL2526700PE.NFO,2025-07-17,14:29:00,2025-07-31,181.0,182.45,181.0,182.45,130,18070,0
FINNIFTY31JUL2526700PE.NFO,2025-07-17,14:30:00,2025-07-31,182.45,184.2,181.5,181.5,130,18070,0
FINNIFTY31JUL2526700PE.NFO,2025-07-17,14:31:00,2025-07-31,181.5,181.5,181.45,181.45,130,18070,0
FINNIFTY31JUL2526700PE.NFO,2025-07-17,14:32:00,2025-07-31,181.45,181.45,181.45,181.45,0,18070,0
FINNIFTY31JUL2526700PE.NFO,2025-07-17,14:33:00,2025-07-31,181.45,181.45,178.7,178.7,65,18070,0
FINNIFTY31JUL2526700PE.NFO,2025-07-17,14:34:00,2025-07-31,178.7,178.7,178.7,178.7,0,18070,0
FINNIFTY31JUL2526700PE.NFO,2025-07-17,14:35:00,2025-07-31,178.7,178.7,178.7,178.7,0,18070,0
FINNIFTY31JUL2526700PE.NFO,2025-07-17,14:36:00,2025-07-31,178.7,178.7,178.7,178.7,0,18070,0
FINNIFTY31JUL2526700PE.NFO,2025-07-17,14:37:00,2025-07-31,178.7,178.7,175.3,175.3,130,18135,0
FINNIFTY31JUL2526700PE.NFO,2025-07-17,14:38:00,2025-07-31,175.3,175.3,175.3,175.3,0,18135,0
FINNIFTY31JUL2526700PE.NFO,2025-07-17,14:39:00,2025-07-31,175.3,175.3,175.3,175.3,0,18135,0
FINNIFTY31JUL2526700PE.NFO,2025-07-17,14:40:00,2025-07-31,175.3,175.3,175.3,175.3,0,18135,0
FINNIFTY31JUL2526700PE.NFO,2025-07-17,14:41:00,2025-07-31,175.3,175.3,175.3,175.3,0,18135,0
FINNIFTY31JUL2526700PE.NFO,2025-07-17,14:42:00,2025-07-31,175.3,175.3,175.3,175.3,0,18135,0
FINNIFTY31JUL2526700PE.NFO,2025-07-17,14:43:00,2025-07-31,175.3,178.15,175.3,178.15,65,18135,0
FINNIFTY31JUL2526700PE.NFO,2025-07-17,14:44:00,2025-07-31,178.15,178.15,176.0,176.0,130,18135,0
FINNIFTY31JUL2526700PE.NFO,2025-07-17,14:45:00,2025-07-31,176.0,176.0,176.0,176.0,0,18135,0
FINNIFTY31JUL2526700PE.NFO,2025-07-17,14:46:00,2025-07-31,176.0,176.0,176.0,176.0,0,18135,0
FINNIFTY31JUL2526700PE.NFO,2025-07-17,14:47:00,2025-07-31,176.0,176.0,176.0,176.0,0,18135,0
FINNIFTY31JUL2526700PE.NFO,2025-07-17,14:48:00,2025-07-31,176.0,176.0,176.0,176.0,0,18135,0
FINNIFTY31JUL2526700PE.NFO,2025-07-17,14:49:00,2025-07-31,176.0,180.85,176.0,180.85,65,18135,0
FINNIFTY31JUL2526700PE.NFO,2025-07-17,14:50:00,2025-07-31,180.85,180.85,180.85,180.85,0,18135,0
FINNIFTY31JUL2526700PE.NFO,2025-07-17,14:51:00,2025-07-31,180.85,180.85,180.85,180.85,0,18135,0
FINNIFTY31JUL2526700PE.NFO,2025-07-17,14:52:00,2025-07-31,180.85,180.85,180.85,180.85,0,18135,0
FINNIFTY31JUL2526700PE.NFO,2025-07-17,14:53:00,2025-07-31,180.85,180.85,180.85,180.85,0,18135,0
FINNIFTY31JUL2526700PE.NFO,2025-07-17,14:54:00,2025-07-31,180.85,181.95,180.85,181.95,0,18135,0
FINNIFTY31JUL2526700PE.NFO,2025-07-17,14:55:00,2025-07-31,181.95,181.95,178.05,178.05,65,18135,0
FINNIFTY31JUL2526700PE.NFO,2025-07-17,14:56:00,2025-07-31,178.05,178.6,178.05,178.6,65,18135,0
FINNIFTY31JUL2526700PE.NFO,2025-07-17,14:57:00,2025-07-31,178.6,178.6,178.6,178.6,0,18135,0
FINNIFTY31JUL2526700PE.NFO,2025-07-17,14:58:00,2025-07-31,176.45,176.45,176.45,176.45,130,18135,0
FINNIFTY31JUL2526700PE.NFO,2025-07-17,14:59:00,2025-07-31,176.45,176.45,176.45,176.45,0,18135,0
FINNIFTY31JUL2526700PE.NFO,2025-07-17,15:00:00,2025-07-31,176.45,176.45,175.0,175.0,325,18135,0
FINNIFTY31JUL2526700PE.NFO,2025-07-17,15:01:00,2025-07-31,175.0,176.45,175.0,176.45,130,18135,0
FINNIFTY31JUL2526700PE.NFO,2025-07-17,15:02:00,2025-07-31,176.45,177.85,176.15,177.85,130,18330,0
FINNIFTY31JUL2526700PE.NFO,2025-07-17,15:03:00,2025-07-31,177.85,179.75,177.85,179.75,130,18330,0
FINNIFTY31JUL2526700PE.NFO,2025-07-17,15:04:00,2025-07-31,179.75,182.65,179.75,181.55,390,18330,0
FINNIFTY31JUL2526700PE.NFO,2025-07-17,15:05:00,2025-07-31,181.55,181.7,179.8,180.95,455,18330,0
FINNIFTY31JUL2526700PE.NFO,2025-07-17,15:06:00,2025-07-31,180.95,182.55,180.95,182.55,65,18330,0
FINNIFTY31JUL2526700PE.NFO,2025-07-17,15:07:00,2025-07-31,182.55,182.55,179.7,179.7,65,18330,0
FINNIFTY31JUL2526700PE.NFO,2025-07-17,15:08:00,2025-07-31,179.7,179.7,177.2,177.2,65,17940,0
FINNIFTY31JUL2526700PE.NFO,2025-07-17,15:09:00,2025-07-31,177.2,177.2,177.2,177.2,0,17940,0
FINNIFTY31JUL2526700PE.NFO,2025-07-17,15:10:00,2025-07-31,177.2,177.65,177.2,177.65,130,17940,0
FINNIFTY31JUL2526700PE.NFO,2025-07-17,15:11:00,2025-07-31,177.65,178.65,177.65,178.65,130,17940,0
FINNIFTY31JUL2526700PE.NFO,2025-07-17,15:12:00,2025-07-31,178.65,179.95,178.6,178.6,260,17940,0
FINNIFTY31JUL2526700PE.NFO,2025-07-17,15:13:00,2025-07-31,178.6,178.6,178.6,178.6,0,17940,0
FINNIFTY31JUL2526700PE.NFO,2025-07-17,15:14:00,2025-07-31,178.6,178.6,178.6,178.6,0,17940,0
FINNIFTY31JUL2526700PE.NFO,2025-07-17,15:15:00,2025-07-31,178.6,178.6,178.6,178.6,0,17940,0
FINNIFTY31JUL2526700PE.NFO,2025-07-17,15:16:00,2025-07-31,178.6,179.45,178.6,179.45,65,17940,0
FINNIFTY31JUL2526700PE.NFO,2025-07-17,15:17:00,2025-07-31,179.45,181.5,179.45,180.9,195,17940,0
FINNIFTY31JUL2526700PE.NFO,2025-07-17,15:18:00,2025-07-31,180.9,181.85,180.9,181.85,65,17940,0
FINNIFTY31JUL2526700PE.NFO,2025-07-17,15:19:00,2025-07-31,181.85,183.0,181.85,183.0,910,17940,0
FINNIFTY31JUL2526700PE.NFO,2025-07-17,15:20:00,2025-07-31,183.0,186.0,182.1,185.6,2080,18720,0
FINNIFTY31JUL2526700PE.NFO,2025-07-17,15:21:00,2025-07-31,185.6,185.6,184.55,184.55,195,18720,0
FINNIFTY31JUL2526700PE.NFO,2025-07-17,15:22:00,2025-07-31,184.55,184.55,183.75,183.75,520,17615,0
FINNIFTY31JUL2526700PE.NFO,2025-07-17,15:23:00,2025-07-31,183.75,183.8,183.75,183.8,65,17615,0
FINNIFTY31JUL2526700PE.NFO,2025-07-17,15:24:00,2025-07-31,183.8,183.8,183.8,183.8,0,17615,0
FINNIFTY31JUL2526700PE.NFO,2025-07-17,15:25:00,2025-07-31,183.8,185.05,183.8,185.05,390,17615,0
FINNIFTY31JUL2526700PE.NFO,2025-07-17,15:26:00,2025-07-31,186.3,186.3,185.35,185.35,260,17225,0
FINNIFTY31JUL2526700PE.NFO,2025-07-17,15:27:00,2025-07-31,185.35,185.55,185.05,185.05,130,17225,0
FINNIFTY31JUL2526700PE.NFO,2025-07-17,15:28:00,2025-07-31,185.05,186.15,185.05,186.15,195,17225,0
FINNIFTY31JUL2526700PE.NFO,2025-07-17,15:29:00,2025-07-31,186.15,187.0,184.65,186.9,390,16835,0
FINNIFTY31JUL2526700PE.NFO,2025-07-17,15:30:00,2025-07-31,186.9,186.9,186.9,186.9,390,16835,1
FINNIFTY31JUL2526700PE.NFO,2025-07-18,09:15:00,2025-07-31,200.0,211.75,198.6,211.75,1105,16445,0
FINNIFTY31JUL2526700PE.NFO,2025-07-18,09:16:00,2025-07-31,211.75,227.7,211.75,227.7,455,16445,0
FINNIFTY31JUL2526700PE.NFO,2025-07-18,09:17:00,2025-07-31,227.7,227.7,221.15,222.8,845,16445,0
FINNIFTY31JUL2526700PE.NFO,2025-07-18,09:18:00,2025-07-31,222.8,222.8,220.05,220.1,585,16770,0
FINNIFTY31JUL2526700PE.NFO,2025-07-18,09:19:00,2025-07-31,220.1,223.95,220.0,223.7,845,16770,0
FINNIFTY31JUL2526700PE.NFO,2025-07-18,09:20:00,2025-07-31,223.7,225.75,223.4,224.0,2145,16770,0
FINNIFTY31JUL2526700PE.NFO,2025-07-18,09:21:00,2025-07-31,224.0,230.6,224.0,230.6,3770,19695,0
FINNIFTY31JUL2526700PE.NFO,2025-07-18,09:22:00,2025-07-31,230.6,232.15,229.15,232.1,1235,19695,0
FINNIFTY31JUL2526700PE.NFO,2025-07-18,09:23:00,2025-07-31,232.1,234.95,232.1,233.45,1300,19695,0
FINNIFTY31JUL2526700PE.NFO,2025-07-18,09:24:00,2025-07-31,233.45,238.9,233.45,238.9,1170,21840,0
FINNIFTY31JUL2526700PE.NFO,2025-07-18,09:25:00,2025-07-31,238.9,242.0,237.6,239.3,2665,21840,0
FINNIFTY31JUL2526700PE.NFO,2025-07-18,09:26:00,2025-07-31,239.3,246.0,237.9,246.0,1430,21840,0
FINNIFTY31JUL2526700PE.NFO,2025-07-18,09:27:00,2025-07-31,246.0,256.7,245.9,256.35,1495,22360,0
FINNIFTY31JUL2526700PE.NFO,2025-07-18,09:28:00,2025-07-31,256.35,258.3,249.0,249.0,1625,22360,0
FINNIFTY31JUL2526700PE.NFO,2025-07-18,09:29:00,2025-07-31,249.0,251.05,246.75,246.85,910,22360,0
FINNIFTY31JUL2526700PE.NFO,2025-07-18,09:30:00,2025-07-31,246.85,247.1,244.4,245.05,1105,22880,0
FINNIFTY31JUL2526700PE.NFO,2025-07-18,09:31:00,2025-07-31,245.05,245.55,242.05,245.5,910,22880,0
FINNIFTY31JUL2526700PE.NFO,2025-07-18,09:32:00,2025-07-31,245.5,245.5,243.85,243.85,130,22880,0
FINNIFTY31JUL2526700PE.NFO,2025-07-18,09:33:00,2025-07-31,243.85,243.85,239.5,241.7,2015,23660,0
FINNIFTY31JUL2526700PE.NFO,2025-07-18,09:34:00,2025-07-31,241.7,242.25,238.65,238.65,1495,23660,0
FINNIFTY31JUL2526700PE.NFO,2025-07-18,09:35:00,2025-07-31,238.65,243.25,238.35,240.2,1885,23660,0
FINNIFTY31JUL2526700PE.NFO,2025-07-18,09:36:00,2025-07-31,240.2,240.65,236.05,240.65,455,26390,0
FINNIFTY31JUL2526700PE.NFO,2025-07-18,09:37:00,2025-07-31,240.65,241.75,239.0,241.75,1170,26390,0
FINNIFTY31JUL2526700PE.NFO,2025-07-18,09:38:00,2025-07-31,241.75,241.75,235.4,235.55,715,26390,0
FINNIFTY31JUL2526700PE.NFO,2025-07-18,09:39:00,2025-07-31,235.55,238.4,235.55,237.9,2470,26715,0
FINNIFTY31JUL2526700PE.NFO,2025-07-18,09:40:00,2025-07-31,237.9,245.7,237.9,245.7,1625,26715,0
FINNIFTY31JUL2526700PE.NFO,2025-07-18,09:41:00,2025-07-31,245.7,245.7,242.8,242.8,390,26715,0
FINNIFTY31JUL2526700PE.NFO,2025-07-18,09:42:00,2025-07-31,242.8,244.15,240.2,244.15,260,28015,0
FINNIFTY31JUL2526700PE.NFO,2025-07-18,09:43:00,2025-07-31,244.15,245.0,243.05,245.0,455,28015,0
FINNIFTY31JUL2526700PE.NFO,2025-07-18,09:44:00,2025-07-31,245.0,245.65,242.15,243.8,455,28015,0
FINNIFTY31JUL2526700PE.NFO,2025-07-18,09:45:00,2025-07-31,243.8,249.05,243.8,248.75,260,27495,0
FINNIFTY31JUL2526700PE.NFO,2025-07-18,09:46:00,2025-07-31,248.75,249.1,246.5,247.1,715,27495,0
FINNIFTY31JUL2526700PE.NFO,2025-07-18,09:47:00,2025-07-31,247.1,251.0,247.1,251.0,585,27495,0
FINNIFTY31JUL2526700PE.NFO,2025-07-18,09:48:00,2025-07-31,251.0,255.6,251.0,255.0,585,27625,0
FINNIFTY31JUL2526700PE.NFO,2025-07-18,09:49:00,2025-07-31,255.0,255.0,251.3,251.3,130,27625,0
FINNIFTY31JUL2526700PE.NFO,2025-07-18,09:50:00,2025-07-31,251.3,251.3,248.15,250.0,455,27625,0
FINNIFTY31JUL2526700PE.NFO,2025-07-18,09:51:00,2025-07-31,250.0,251.2,248.05,250.0,1560,27495,0
FINNIFTY31JUL2526700PE.NFO,2025-07-18,09:52:00,2025-07-31,250.0,250.0,243.75,245.1,2080,27495,0
FINNIFTY31JUL2526700PE.NFO,2025-07-18,09:53:00,2025-07-31,245.1,245.1,241.05,242.45,390,27495,0
FINNIFTY31JUL2526700PE.NFO,2025-07-18,09:54:00,2025-07-31,242.45,245.1,242.45,245.1,65,27495,0
FINNIFTY31JUL2526700PE.NFO,2025-07-18,09:55:00,2025-07-31,245.1,245.7,242.05,242.05,390,26845,0
FINNIFTY31JUL2526700PE.NFO,2025-07-18,09:56:00,2025-07-31,242.05,242.05,242.05,242.05,0,26845,0
FINNIFTY31JUL2526700PE.NFO,2025-07-18,09:57:00,2025-07-31,242.05,246.45,242.05,246.4,390,26845,0
FINNIFTY31JUL2526700PE.NFO,2025-07-18,09:58:00,2025-07-31,246.4,247.15,243.4,244.9,1430,26845,0
FINNIFTY31JUL2526700PE.NFO,2025-07-18,09:59:00,2025-07-31,244.9,245.0,243.4,243.5,2470,26845,0
FINNIFTY31JUL2526700PE.NFO,2025-07-18,10:00:00,2025-07-31,243.5,250.0,243.5,250.0,585,28210,0
FINNIFTY31JUL2526700PE.NFO,2025-07-18,10:01:00,2025-07-31,250.0,253.85,250.0,252.7,845,28210,0
FINNIFTY31JUL2526700PE.NFO,2025-07-18,10:02:00,2025-07-31,252.7,252.7,252.7,252.7,0,28210,0
FINNIFTY31JUL2526700PE.NFO,2025-07-18,10:03:00,2025-07-31,252.7,255.0,251.8,253.1,260,27885,0
FINNIFTY31JUL2526700PE.NFO,2025-07-18,10:04:00,2025-07-31,253.1,255.95,250.55,255.05,1365,27885,0
FINNIFTY31JUL2526700PE.NFO,2025-07-18,10:05:00,2025-07-31,255.05,257.95,254.9,255.55,2665,27885,0
FINNIFTY31JUL2526700PE.NFO,2025-07-18,10:06:00,2025-07-31,255.55,260.0,254.6,260.0,1560,28340,0
FINNIFTY31JUL2526700PE.NFO,2025-07-18,10:07:00,2025-07-31,260.0,262.0,257.6,258.05,1040,28340,0
FINNIFTY31JUL2526700PE.NFO,2025-07-18,10:08:00,2025-07-31,258.05,260.05,258.0,259.35,260,28340,0
FINNIFTY31JUL2526700PE.NFO,2025-07-18,10:09:00,2025-07-31,259.35,259.35,257.1,257.65,520,28990,0
FINNIFTY31JUL2526700PE.NFO,2025-07-18,10:10:00,2025-07-31,257.65,261.85,257.65,261.85,260,28990,0
FINNIFTY31JUL2526700PE.NFO,2025-07-18,10:11:00,2025-07-31,261.85,263.8,261.55,262.4,390,28990,0
FINNIFTY31JUL2526700PE.NFO,2025-07-18,10:12:00,2025-07-31,262.4,267.65,262.4,265.45,6695,29250,0
FINNIFTY31JUL2526700PE.NFO,2025-07-18,10:13:00,2025-07-31,265.45,270.5,265.45,267.5,2210,29250,0
FINNIFTY31JUL2526700PE.NFO,2025-07-18,10:14:00,2025-07-31,267.5,268.55,265.05,267.75,2275,29250,0
FINNIFTY31JUL2526700PE.NFO,2025-07-18,10:15:00,2025-07-31,267.75,281.1,267.75,281.1,3120,31655,0
FINNIFTY31JUL2526700PE.NFO,2025-07-18,10:16:00,2025-07-31,281.1,288.0,281.1,285.05,2275,31655,0
FINNIFTY31JUL2526700PE.NFO,2025-07-18,10:17:00,2025-07-31,285.05,294.0,283.35,294.0,2405,31655,0
FINNIFTY31JUL2526700PE.NFO,2025-07-18,10:18:00,2025-07-31,294.0,297.7,291.35,295.2,3380,30615,0
FINNIFTY31JUL2526700PE.NFO,2025-07-18,10:19:00,2025-07-31,295.2,302.6,294.95,298.45,3250,30615,0
FINNIFTY31JUL2526700PE.NFO,2025-07-18,10:20:00,2025-07-31,298.45,313.1,298.45,313.1,3315,30615,0
FINNIFTY31JUL2526700PE.NFO,2025-07-18,10:21:00,2025-07-31,313.1,313.1,305.0,305.0,2080,29250,0
FINNIFTY31JUL2526700PE.NFO,2025-07-18,10:22:00,2025-07-31,305.0,306.25,304.7,304.7,650,29250,0
FINNIFTY31JUL2526700PE.NFO,2025-07-18,10:23:00,2025-07-31,304.2,306.45,297.05,297.05,780,29250,0
FINNIFTY31JUL2526700PE.NFO,2025-07-18,10:24:00,2025-07-31,297.05,297.05,294.25,295.75,2275,29705,0
FINNIFTY31JUL2526700PE.NFO,2025-07-18,10:25:00,2025-07-31,295.75,297.6,294.0,294.6,2080,29705,0
FINNIFTY31JUL2526700PE.NFO,2025-07-18,10:26:00,2025-07-31,294.6,301.5,293.35,301.5,650,29705,0
FINNIFTY31JUL2526700PE.NFO,2025-07-18,10:27:00,2025-07-31,301.5,309.5,301.5,309.2,650,29705,0
FINNIFTY31JUL2526700PE.NFO,2025-07-18,10:28:00,2025-07-31,309.2,310.85,306.5,307.9,2145,32825,0
FINNIFTY31JUL2526700PE.NFO,2025-07-18,10:29:00,2025-07-31,307.9,307.9,306.2,307.5,325,32825,0
FINNIFTY31JUL2526700PE.NFO,2025-07-18,10:30:00,2025-07-31,307.5,321.85,305.45,321.6,2145,32435,0
FINNIFTY31JUL2526700PE.NFO,2025-07-18,10:31:00,2025-07-31,321.6,321.6,309.15,309.15,780,32435,0
FINNIFTY31JUL2526700PE.NFO,2025-07-18,10:32:00,2025-07-31,309.15,320.0,309.15,320.0,325,32435,0
FINNIFTY31JUL2526700PE.NFO,2025-07-18,10:33:00,2025-07-31,320.0,321.95,320.0,321.95,390,32175,0
FINNIFTY31JUL2526700PE.NFO,2025-07-18,10:34:00,2025-07-31,321.95,321.95,320.0,320.0,390,32175,0
FINNIFTY31JUL2526700PE.NFO,2025-07-18,10:35:00,2025-07-31,320.0,320.0,317.85,317.85,130,32175,0
FINNIFTY31JUL2526700PE.NFO,2025-07-18,10:36:00,2025-07-31,317.85,317.85,309.55,309.55,130,32240,0
FINNIFTY31JUL2526700PE.NFO,2025-07-18,10:37:00,2025-07-31,312.9,315.55,312.9,312.9,195,32240,0
FINNIFTY31JUL2526700PE.NFO,2025-07-18,10:38:00,2025-07-31,313.75,313.75,309.5,312.25,455,32240,0
FINNIFTY31JUL2526700PE.NFO,2025-07-18,10:39:00,2025-07-31,312.25,316.45,311.9,316.3,325,32175,0
FINNIFTY31JUL2526700PE.NFO,2025-07-18,10:40:00,2025-07-31,316.3,318.35,315.9,318.15,195,32175,0
FINNIFTY31JUL2526700PE.NFO,2025-07-18,10:41:00,2025-07-31,318.15,319.9,317.45,317.45,390,32175,0
FINNIFTY31JUL2526700PE.NFO,2025-07-18,10:42:00,2025-07-31,317.45,318.65,316.7,318.65,130,31915,0
FINNIFTY31JUL2526700PE.NFO,2025-07-18,10:43:00,2025-07-31,318.65,318.65,313.7,313.7,910,31915,0
FINNIFTY31JUL2526700PE.NFO,2025-07-18,10:44:00,2025-07-31,313.7,322.0,313.7,319.8,975,31915,0
FINNIFTY31JUL2526700PE.NFO,2025-07-18,10:45:00,2025-07-31,319.8,321.0,318.25,318.25,650,32500,0
FINNIFTY31JUL2526700PE.NFO,2025-07-18,10:46:00,2025-07-31,317.65,320.85,317.2,318.5,3315,32500,0
FINNIFTY31JUL2526700PE.NFO,2025-07-18,10:47:00,2025-07-31,318.5,318.6,316.05,316.25,1430,32500,0
FINNIFTY31JUL2526700PE.NFO,2025-07-18,10:48:00,2025-07-31,316.25,316.25,312.85,312.85,780,36140,0
FINNIFTY31JUL2526700PE.NFO,2025-07-18,10:49:00,2025-07-31,312.85,319.75,312.85,319.75,1950,36140,0
FINNIFTY31JUL2526700PE.NFO,2025-07-18,10:50:00,2025-07-31,319.75,319.75,318.0,318.0,195,36140,0
FINNIFTY31JUL2526700PE.NFO,2025-07-18,10:51:00,2025-07-31,318.0,320.0,317.05,319.1,1105,39130,0
FINNIFTY31JUL2526700PE.NFO,2025-07-18,10:52:00,2025-07-31,319.1,319.1,316.3,316.3,325,39130,0
FINNIFTY31JUL2526700PE.NFO,2025-07-18,10:53:00,2025-07-31,316.3,316.3,316.3,316.3,65,39130,0
FINNIFTY31JUL2526700PE.NFO,2025-07-18,10:54:00,2025-07-31,316.3,320.7,316.3,320.7,455,39130,0
FINNIFTY31JUL2526700PE.NFO,2025-07-18,10:55:00,2025-07-31,320.7,320.7,315.4,315.4,780,39520,0
FINNIFTY31JUL2526700PE.NFO,2025-07-18,10:56:00,2025-07-31,315.4,325.6,315.4,325.6,585,39520,0
FINNIFTY31JUL2526700PE.NFO,2025-07-18,10:57:00,2025-07-31,325.6,326.4,325.45,325.75,845,39585,0
FINNIFTY31JUL2526700PE.NFO,2025-07-18,10:58:00,2025-07-31,325.75,331.35,325.75,329.55,6110,39585,0
FINNIFTY31JUL2526700PE.NFO,2025-07-18,10:59:00,2025-07-31,329.55,335.05,328.35,335.05,1040,39585,0
FINNIFTY31JUL2526700PE.NFO,2025-07-18,11:00:00,2025-07-31,335.05,335.05,333.35,333.35,195,44720,0
FINNIFTY31JUL2526700PE.NFO,2025-07-18,11:01:00,2025-07-31,333.35,333.35,333.35,333.35,0,44720,0
FINNIFTY31JUL2526700PE.NFO,2025-07-18,11:02:00,2025-07-31,333.35,336.4,331.8,331.8,975,44720,0
FINNIFTY31JUL2526700PE.NFO,2025-07-18,11:03:00,2025-07-31,331.8,331.8,330.0,330.0,195,44785,0
FINNIFTY31JUL2526700PE.NFO,2025-07-18,11:04:00,2025-07-31,330.0,330.0,320.65,320.65,65,44785,0
FINNIFTY31JUL2526700PE.NFO,2025-07-18,11:05:00,2025-07-31,320.65,324.0,320.65,324.0,195,44785,0
FINNIFTY31JUL2526700PE.NFO,2025-07-18,11:06:00,2025-07-31,324.0,324.0,324.0,324.0,0,44785,0
FINNIFTY31JUL2526700PE.NFO,2025-07-18,11:07:00,2025-07-31,324.0,324.1,318.6,318.6,65,44850,0
FINNIFTY31JUL2526700PE.NFO,2025-07-18,11:08:00,2025-07-31,318.6,318.6,315.65,315.65,585,44850,0
FINNIFTY31JUL2526700PE.NFO,2025-07-18,11:09:00,2025-07-31,315.65,316.2,315.65,316.2,780,44850,0
FINNIFTY31JUL2526700PE.NFO,2025-07-18,11:10:00,2025-07-31,316.2,320.8,316.2,320.8,650,44005,0
FINNIFTY31JUL2526700PE.NFO,2025-07-18,11:11:00,2025-07-31,320.8,320.8,320.8,320.8,0,44005,0
FINNIFTY31JUL2526700PE.NFO,2025-07-18,11:12:00,2025-07-31,320.8,320.8,310.55,310.55,130,44655,0
FINNIFTY31JUL2526700PE.NFO,2025-07-18,11:13:00,2025-07-31,310.55,312.0,310.55,311.15,130,44655,0
FINNIFTY31JUL2526700PE.NFO,2025-07-18,11:14:00,2025-07-31,311.15,311.15,311.15,311.15,0,44655,0
FINNIFTY31JUL2526700PE.NFO,2025-07-18,11:15:00,2025-07-31,311.15,311.15,309.4,309.65,130,44655,0
FINNIFTY31JUL2526700PE.NFO,2025-07-18,11:16:00,2025-07-31,309.65,310.0,309.3,309.3,130,44655,0
FINNIFTY31JUL2526700PE.NFO,2025-07-18,11:17:00,2025-07-31,309.3,312.25,309.3,312.25,65,44655,0
FINNIFTY31JUL2526700PE.NFO,2025-07-18,11:18:00,2025-07-31,312.25,312.25,312.25,312.25,0,44655,0
FINNIFTY31JUL2526700PE.NFO,2025-07-18,11:19:00,2025-07-31,312.25,314.65,312.25,313.7,130,44785,0
FINNIFTY31JUL2526700PE.NFO,2025-07-18,11:20:00,2025-07-31,312.0,317.85,312.0,316.1,260,44785,0
FINNIFTY31JUL2526700PE.NFO,2025-07-18,11:21:00,2025-07-31,316.1,316.1,309.3,309.3,65,44785,0
FINNIFTY31JUL2526700PE.NFO,2025-07-18,11:22:00,2025-07-31,309.3,309.3,309.3,309.3,0,44785,0
FINNIFTY31JUL2526700PE.NFO,2025-07-18,11:23:00,2025-07-31,309.3,309.3,309.3,309.3,0,44785,0
FINNIFTY31JUL2526700PE.NFO,2025-07-18,11:24:00,2025-07-31,309.3,309.3,304.3,304.3,325,44785,0
FINNIFTY31JUL2526700PE.NFO,2025-07-18,11:25:00,2025-07-31,304.3,304.8,303.55,304.8,325,44850,0
FINNIFTY31JUL2526700PE.NFO,2025-07-18,11:26:00,2025-07-31,304.8,304.8,301.5,301.5,65,44850,0
FINNIFTY31JUL2526700PE.NFO,2025-07-18,11:27:00,2025-07-31,301.5,301.5,296.7,296.7,260,44915,0
FINNIFTY31JUL2526700PE.NFO,2025-07-18,11:28:00,2025-07-31,296.7,298.2,296.7,298.2,130,44915,0
FINNIFTY31JUL2526700PE.NFO,2025-07-18,11:29:00,2025-07-31,298.2,304.4,298.2,304.4,65,44915,0
FINNIFTY31JUL2526700PE.NFO,2025-07-18,11:30:00,2025-07-31,304.4,306.3,304.4,306.3,390,44785,0
FINNIFTY31JUL2526700PE.NFO,2025-07-18,11:31:00,2025-07-31,306.3,306.3,301.8,303.25,1430,44785,0
FINNIFTY31JUL2526700PE.NFO,2025-07-18,11:32:00,2025-07-31,303.25,303.25,303.2,303.2,65,44785,0
FINNIFTY31JUL2526700PE.NFO,2025-07-18,11:33:00,2025-07-31,303.2,303.2,303.2,303.2,0,44785,0
FINNIFTY31JUL2526700PE.NFO,2025-07-18,11:34:00,2025-07-31,303.2,303.2,303.2,303.2,0,44785,0
FINNIFTY31JUL2526700PE.NFO,2025-07-18,11:35:00,2025-07-31,303.2,303.2,303.2,303.2,0,44785,0
FINNIFTY31JUL2526700PE.NFO,2025-07-18,11:36:00,2025-07-31,303.2,314.9,303.2,314.9,195,44720,0
FINNIFTY31JUL2526700PE.NFO,2025-07-18,11:37:00,2025-07-31,314.9,314.9,314.9,314.9,0,44720,0
FINNIFTY31JUL2526700PE.NFO,2025-07-18,11:38:00,2025-07-31,314.9,314.9,314.9,314.9,0,44720,0
FINNIFTY31JUL2526700PE.NFO,2025-07-18,11:39:00,2025-07-31,314.9,314.9,312.95,312.95,65,44525,0
FINNIFTY31JUL2526700PE.NFO,2025-07-18,11:40:00,2025-07-31,312.95,312.95,312.95,312.95,0,44525,0
FINNIFTY31JUL2526700PE.NFO,2025-07-18,11:41:00,2025-07-31,312.95,315.65,312.95,315.65,455,44525,0
FINNIFTY31JUL2526700PE.NFO,2025-07-18,11:42:00,2025-07-31,315.65,315.65,314.25,314.25,260,44525,0
FINNIFTY31JUL2526700PE.NFO,2025-07-18,11:43:00,2025-07-31,314.25,315.65,314.25,315.65,65,44655,0
FINNIFTY31JUL2526700PE.NFO,2025-07-18,11:44:00,2025-07-31,315.65,328.95,315.65,328.95,130,44655,0
FINNIFTY31JUL2526700PE.NFO,2025-07-18,11:45:00,2025-07-31,328.95,328.95,320.2,320.2,260,44655,0
FINNIFTY31JUL2526700PE.NFO,2025-07-18,11:46:00,2025-07-31,320.2,320.2,318.0,318.0,390,44590,0
FINNIFTY31JUL2526700PE.NFO,2025-07-18,11:47:00,2025-07-31,318.0,318.0,318.0,318.0,0,44590,0
FINNIFTY31JUL2526700PE.NFO,2025-07-18,11:48:00,2025-07-31,318.0,318.0,318.0,318.0,0,44590,0
FINNIFTY31JUL2526700PE.NFO,2025-07-18,11:49:00,2025-07-31,318.0,318.0,318.0,318.0,0,44590,0
FINNIFTY31JUL2526700PE.NFO,2025-07-18,11:50:00,2025-07-31,318.0,318.0,315.15,315.15,65,44395,0
FINNIFTY31JUL2526700PE.NFO,2025-07-18,11:51:00,2025-07-31,315.15,315.15,315.15,315.15,0,44395,0
FINNIFTY31JUL2526700PE.NFO,2025-07-18,11:52:00,2025-07-31,315.15,315.6,310.25,315.4,845,44460,0
FINNIFTY31JUL2526700PE.NFO,2025-07-18,11:53:00,2025-07-31,315.4,315.4,310.3,310.6,130,44460,0
FINNIFTY31JUL2526700PE.NFO,2025-07-18,11:54:00,2025-07-31,310.6,312.9,310.6,312.9,65,44460,0
FINNIFTY31JUL2526700PE.NFO,2025-07-18,11:55:00,2025-07-31,312.9,312.9,312.9,312.9,0,44460,0
FINNIFTY31JUL2526700PE.NFO,2025-07-18,11:56:00,2025-07-31,312.9,314.8,312.9,314.8,260,45045,0
FINNIFTY31JUL2526700PE.NFO,2025-07-18,11:57:00,2025-07-31,314.8,314.8,314.8,314.8,0,45045,0
FINNIFTY31JUL2526700PE.NFO,2025-07-18,11:58:00,2025-07-31,314.8,314.8,314.8,314.8,0,45045,0
FINNIFTY31JUL2526700PE.NFO,2025-07-18,11:59:00,2025-07-31,314.8,314.8,311.45,311.45,65,45110,0
FINNIFTY31JUL2526700PE.NFO,2025-07-18,12:00:00,2025-07-31,311.45,311.45,311.4,311.4,65,45110,0
FINNIFTY31JUL2526700PE.NFO,2025-07-18,12:01:00,2025-07-31,311.4,311.4,311.4,311.4,0,45110,0
FINNIFTY31JUL2526700PE.NFO,2025-07-18,12:02:00,2025-07-31,311.4,311.4,311.4,311.4,0,45110,0
FINNIFTY31JUL2526700PE.NFO,2025-07-18,12:03:00,2025-07-31,311.4,311.4,311.4,311.4,0,45110,0
FINNIFTY31JUL2526700PE.NFO,2025-07-18,12:04:00,2025-07-31,311.4,311.4,311.4,311.4,0,45110,0
FINNIFTY31JUL2526700PE.NFO,2025-07-18,12:05:00,2025-07-31,311.4,311.4,311.4,311.4,0,45110,0
FINNIFTY31JUL2526700PE.NFO,2025-07-18,12:06:00,2025-07-31,311.4,311.4,311.4,311.4,0,45110,0
FINNIFTY31JUL2526700PE.NFO,2025-07-18,12:07:00,2025-07-31,311.4,318.1,311.4,318.1,195,45045,0
FINNIFTY31JUL2526700PE.NFO,2025-07-18,12:08:00,2025-07-31,318.1,318.1,318.1,318.1,0,45045,0
FINNIFTY31JUL2526700PE.NFO,2025-07-18,12:09:00,2025-07-31,318.1,319.5,318.1,319.5,65,45045,0
FINNIFTY31JUL2526700PE.NFO,2025-07-18,12:10:00,2025-07-31,319.5,319.5,319.5,319.5,0,45045,0
FINNIFTY31JUL2526700PE.NFO,2025-07-18,12:11:00,2025-07-31,319.5,320.0,319.5,320.0,65,45240,0
FINNIFTY31JUL2526700PE.NFO,2025-07-18,12:12:00,2025-07-31,320.0,320.0,320.0,320.0,0,45240,0
FINNIFTY31JUL2526700PE.NFO,2025-07-18,12:13:00,2025-07-31,320.0,320.0,320.0,320.0,0,45240,0
FINNIFTY31JUL2526700PE.NFO,2025-07-18,12:14:00,2025-07-31,320.0,320.0,320.0,320.0,0,45240,0
FINNIFTY31JUL2526700PE.NFO,2025-07-18,12:15:00,2025-07-31,320.0,327.5,320.0,324.3,910,45305,0
FINNIFTY31JUL2526700PE.NFO,2025-07-18,12:16:00,2025-07-31,324.3,326.1,324.3,326.1,65,45175,0
FINNIFTY31JUL2526700PE.NFO,2025-07-18,12:17:00,2025-07-31,326.1,326.1,326.1,326.1,0,45175,0
FINNIFTY31JUL2526700PE.NFO,2025-07-18,12:18:00,2025-07-31,326.1,332.35,326.1,332.35,130,45175,0
FINNIFTY31JUL2526700PE.NFO,2025-07-18,12:19:00,2025-07-31,332.35,332.35,332.35,332.35,0,45175,0
FINNIFTY31JUL2526700PE.NFO,2025-07-18,12:20:00,2025-07-31,332.35,332.35,325.15,325.15,65,45175,0
FINNIFTY31JUL2526700PE.NFO,2025-07-18,12:21:00,2025-07-31,325.15,325.15,325.15,325.15,0,45175,0
FINNIFTY31JUL2526700PE.NFO,2025-07-18,12:22:00,2025-07-31,325.15,325.15,325.15,325.15,0,45175,0
FINNIFTY31JUL2526700PE.NFO,2025-07-18,12:23:00,2025-07-31,325.15,325.15,325.15,325.15,0,45175,0
FINNIFTY31JUL2526700PE.NFO,2025-07-18,12:24:00,2025-07-31,325.15,325.15,325.15,325.15,0,45175,0
FINNIFTY31JUL2526700PE.NFO,2025-07-18,12:25:00,2025-07-31,325.15,325.15,325.15,325.15,0,45175,0
FINNIFTY31JUL2526700PE.NFO,2025-07-18,12:26:00,2025-07-31,325.15,325.15,325.15,325.15,0,45175,0
FINNIFTY31JUL2526700PE.NFO,2025-07-18,12:27:00,2025-07-31,325.15,325.15,325.15,325.15,0,45175,0
FINNIFTY31JUL2526700PE.NFO,2025-07-18,12:28:00,2025-07-31,325.15,325.15,317.2,317.2,390,45175,0
FINNIFTY31JUL2526700PE.NFO,2025-07-18,12:29:00,2025-07-31,317.2,317.2,317.2,317.2,0,45175,0
FINNIFTY31JUL2526700PE.NFO,2025-07-18,12:30:00,2025-07-31,317.2,317.2,317.2,317.2,0,45175,0
FINNIFTY31JUL2526700PE.NFO,2025-07-18,12:31:00,2025-07-31,317.2,317.2,317.2,317.2,0,45175,0
FINNIFTY31JUL2526700PE.NFO,2025-07-18,12:32:00,2025-07-31,317.2,317.2,317.2,317.2,0,45175,0
FINNIFTY31JUL2526700PE.NFO,2025-07-18,12:33:00,2025-07-31,317.2,318.7,317.2,318.7,65,44785,0
FINNIFTY31JUL2526700PE.NFO,2025-07-18,12:34:00,2025-07-31,318.7,319.65,318.7,319.65,65,44720,0
FINNIFTY31JUL2526700PE.NFO,2025-07-18,12:35:00,2025-07-31,319.65,319.65,319.65,319.65,0,44720,0
FINNIFTY31JUL2526700PE.NFO,2025-07-18,12:36:00,2025-07-31,319.65,322.85,319.65,322.85,65,44720,0
FINNIFTY31JUL2526700PE.NFO,2025-07-18,12:37:00,2025-07-31,322.85,324.75,322.85,324.75,130,44655,0
FINNIFTY31JUL2526700PE.NFO,2025-07-18,12:38:00,2025-07-31,324.75,324.75,324.35,324.35,130,44655,0
FINNIFTY31JUL2526700PE.NFO,2025-07-18,12:39:00,2025-07-31,324.35,324.35,322.25,322.45,455,44655,0
FINNIFTY31JUL2526700PE.NFO,2025-07-18,12:40:00,2025-07-31,322.45,322.45,319.95,320.1,585,45045,0
FINNIFTY31JUL2526700PE.NFO,2025-07-18,12:41:00,2025-07-31,320.1,320.1,316.4,316.4,455,45045,0
FINNIFTY31JUL2526700PE.NFO,2025-07-18,12:42:00,2025-07-31,316.4,316.4,316.4,316.4,195,45045,0
FINNIFTY31JUL2526700PE.NFO,2025-07-18,12:43:00,2025-07-31,316.4,316.4,316.4,316.4,0,45045,0
FINNIFTY31JUL2526700PE.NFO,2025-07-18,12:44:00,2025-07-31,316.4,316.4,316.4,316.4,0,45045,0
FINNIFTY31JUL2526700PE.NFO,2025-07-18,12:45:00,2025-07-31,316.4,316.4,316.4,316.4,0,45045,0
FINNIFTY31JUL2526700PE.NFO,2025-07-18,12:46:00,2025-07-31,316.4,316.4,316.4,316.4,0,45045,0
FINNIFTY31JUL2526700PE.NFO,2025-07-18,12:47:00,2025-07-31,316.4,322.15,316.4,322.15,390,45240,0
FINNIFTY31JUL2526700PE.NFO,2025-07-18,12:48:00,2025-07-31,322.15,322.2,322.15,322.2,325,45240,0
FINNIFTY31JUL2526700PE.NFO,2025-07-18,12:49:00,2025-07-31,322.2,322.2,322.2,322.2,0,45240,0
FINNIFTY31JUL2526700PE.NFO,2025-07-18,12:50:00,2025-07-31,322.2,322.2,322.2,322.2,0,45240,0
FINNIFTY31JUL2526700PE.NFO,2025-07-18,12:51:00,2025-07-31,322.2,322.2,322.2,322.2,0,45240,0
FINNIFTY31JUL2526700PE.NFO,2025-07-18,12:52:00,2025-07-31,322.2,322.2,322.2,322.2,0,45240,0
FINNIFTY31JUL2526700PE.NFO,2025-07-18,12:53:00,2025-07-31,322.2,322.2,322.2,322.2,0,45240,0
FINNIFTY31JUL2526700PE.NFO,2025-07-18,12:54:00,2025-07-31,322.2,322.2,318.05,319.2,455,45110,0
FINNIFTY31JUL2526700PE.NFO,2025-07-18,12:55:00,2025-07-31,319.2,319.2,316.35,316.35,260,45565,0
FINNIFTY31JUL2526700PE.NFO,2025-07-18,12:56:00,2025-07-31,316.35,317.05,316.35,316.35,325,45565,0
FINNIFTY31JUL2526700PE.NFO,2025-07-18,12:57:00,2025-07-31,316.35,316.35,309.9,309.9,325,45565,0
FINNIFTY31JUL2526700PE.NFO,2025-07-18,12:58:00,2025-07-31,309.9,309.9,309.9,309.9,0,45565,0
FINNIFTY31JUL2526700PE.NFO,2025-07-18,12:59:00,2025-07-31,309.9,309.9,309.9,309.9,0,45565,0
FINNIFTY31JUL2526700PE.NFO,2025-07-18,13:00:00,2025-07-31,309.9,309.9,309.9,309.9,0,45565,0
FINNIFTY31JUL2526700PE.NFO,2025-07-18,13:01:00,2025-07-31,309.9,309.9,292.0,292.0,65,45435,0
FINNIFTY31JUL2526700PE.NFO,2025-07-18,13:02:00,2025-07-31,292.0,301.45,292.0,301.45,260,45435,0
FINNIFTY31JUL2526700PE.NFO,2025-07-18,13:03:00,2025-07-31,301.45,301.45,301.45,301.45,0,45435,0
FINNIFTY31JUL2526700PE.NFO,2025-07-18,13:04:00,2025-07-31,301.45,301.45,301.45,301.45,0,45435,0
FINNIFTY31JUL2526700PE.NFO,2025-07-18,13:05:00,2025-07-31,301.45,307.1,301.45,305.55,390,45500,0
FINNIFTY31JUL2526700PE.NFO,2025-07-18,13:06:00,2025-07-31,305.55,305.55,305.55,305.55,0,45500,0
FINNIFTY31JUL2526700PE.NFO,2025-07-18,13:07:00,2025-07-31,305.55,305.55,305.55,305.55,0,45500,0
FINNIFTY31JUL2526700PE.NFO,2025-07-18,13:08:00,2025-07-31,305.55,305.55,305.55,305.55,0,45500,0
FINNIFTY31JUL2526700PE.NFO,2025-07-18,13:09:00,2025-07-31,305.55,313.15,305.55,313.15,65,45370,0
FINNIFTY31JUL2526700PE.NFO,2025-07-18,13:10:00,2025-07-31,313.15,313.15,313.15,313.15,0,45370,0
FINNIFTY31JUL2526700PE.NFO,2025-07-18,13:11:00,2025-07-31,313.15,313.15,312.85,312.85,65,45370,0
FINNIFTY31JUL2526700PE.NFO,2025-07-18,13:12:00,2025-07-31,312.85,312.85,312.85,312.85,0,45370,0
FINNIFTY31JUL2526700PE.NFO,2025-07-18,13:13:00,2025-07-31,312.85,312.85,312.8,312.8,390,45305,0
FINNIFTY31JUL2526700PE.NFO,2025-07-18,13:14:00,2025-07-31,312.8,312.8,312.8,312.8,65,45305,0
FINNIFTY31JUL2526700PE.NFO,2025-07-18,13:15:00,2025-07-31,312.8,312.8,309.6,309.6,195,45305,0
FINNIFTY31JUL2526700PE.NFO,2025-07-18,13:16:00,2025-07-31,309.6,312.8,309.6,312.8,65,45110,0
FINNIFTY31JUL2526700PE.NFO,2025-07-18,13:17:00,2025-07-31,312.8,312.8,312.8,312.8,0,45110,0
FINNIFTY31JUL2526700PE.NFO,2025-07-18,13:18:00,2025-07-31,312.8,313.7,312.8,313.7,65,45110,0
FINNIFTY31JUL2526700PE.NFO,2025-07-18,13:19:00,2025-07-31,313.7,313.7,313.7,313.7,0,45110,0
FINNIFTY31JUL2526700PE.NFO,2025-07-18,13:20:00,2025-07-31,313.7,314.45,313.7,314.45,0,45110,0
FINNIFTY31JUL2526700PE.NFO,2025-07-18,13:21:00,2025-07-31,314.45,314.45,313.3,313.3,1105,45110,0
FINNIFTY31JUL2526700PE.NFO,2025-07-18,13:22:00,2025-07-31,313.3,313.3,313.3,313.3,0,45110,0
FINNIFTY31JUL2526700PE.NFO,2025-07-18,13:23:00,2025-07-31,313.3,313.3,313.3,313.3,0,45110,0
FINNIFTY31JUL2526700PE.NFO,2025-07-18,13:24:00,2025-07-31,313.3,313.3,313.3,313.3,0,45110,0
FINNIFTY31JUL2526700PE.NFO,2025-07-18,13:25:00,2025-07-31,313.3,313.3,313.3,313.3,0,45110,0
FINNIFTY31JUL2526700PE.NFO,2025-07-18,13:26:00,2025-07-31,313.3,313.3,313.3,313.3,0,45110,0
FINNIFTY31JUL2526700PE.NFO,2025-07-18,13:27:00,2025-07-31,313.3,313.3,308.95,308.95,65,44460,0
FINNIFTY31JUL2526700PE.NFO,2025-07-18,13:28:00,2025-07-31,308.95,308.95,308.95,308.95,0,44460,0
FINNIFTY31JUL2526700PE.NFO,2025-07-18,13:29:00,2025-07-31,308.95,312.75,308.95,312.75,650,44525,0
FINNIFTY31JUL2526700PE.NFO,2025-07-18,13:30:00,2025-07-31,312.75,314.25,312.75,314.25,260,44525,0
FINNIFTY31JUL2526700PE.NFO,2025-07-18,13:31:00,2025-07-31,314.25,314.25,314.25,314.25,0,44525,0
FINNIFTY31JUL2526700PE.NFO,2025-07-18,13:32:00,2025-07-31,314.25,314.25,314.25,314.25,0,44525,0
FINNIFTY31JUL2526700PE.NFO,2025-07-18,13:33:00,2025-07-31,314.25,314.25,307.1,307.1,65,44785,0
FINNIFTY31JUL2526700PE.NFO,2025-07-18,13:34:00,2025-07-31,307.1,307.1,307.1,307.1,0,44785,0
FINNIFTY31JUL2526700PE.NFO,2025-07-18,13:35:00,2025-07-31,307.1,307.1,307.1,307.1,0,44785,0
FINNIFTY31JUL2526700PE.NFO,2025-07-18,13:36:00,2025-07-31,307.1,307.1,307.1,307.1,0,44785,0
FINNIFTY31JUL2526700PE.NFO,2025-07-18,13:37:00,2025-07-31,307.1,307.1,307.1,307.1,0,44785,0
FINNIFTY31JUL2526700PE.NFO,2025-07-18,13:38:00,2025-07-31,307.1,307.1,302.0,302.0,65,44850,0
FINNIFTY31JUL2526700PE.NFO,2025-07-18,13:39:00,2025-07-31,302.0,302.0,299.9,299.9,130,44850,0
FINNIFTY31JUL2526700PE.NFO,2025-07-18,13:40:00,2025-07-31,299.9,304.15,299.9,304.15,325,44785,0
FINNIFTY31JUL2526700PE.NFO,2025-07-18,13:41:00,2025-07-31,304.15,304.15,304.15,304.15,0,44785,0
FINNIFTY31JUL2526700PE.NFO,2025-07-18,13:42:00,2025-07-31,304.15,304.15,298.0,298.0,65,44785,0
FINNIFTY31JUL2526700PE.NFO,2025-07-18,13:43:00,2025-07-31,298.0,298.0,298.0,298.0,0,44785,0
FINNIFTY31JUL2526700PE.NFO,2025-07-18,13:44:00,2025-07-31,298.0,298.0,298.0,298.0,65,45175,0
FINNIFTY31JUL2526700PE.NFO,2025-07-18,13:45:00,2025-07-31,298.0,298.0,298.0,298.0,0,45175,0
FINNIFTY31JUL2526700PE.NFO,2025-07-18,13:46:00,2025-07-31,298.0,298.4,298.0,298.4,65,45175,0
FINNIFTY31JUL2526700PE.NFO,2025-07-18,13:47:00,2025-07-31,298.4,301.3,298.4,301.3,65,45175,0
FINNIFTY31JUL2526700PE.NFO,2025-07-18,13:48:00,2025-07-31,301.3,309.5,301.3,309.5,455,45175,0
FINNIFTY31JUL2526700PE.NFO,2025-07-18,13:49:00,2025-07-31,309.5,309.5,309.5,309.5,0,45175,0
FINNIFTY31JUL2526700PE.NFO,2025-07-18,13:50:00,2025-07-31,309.5,310.05,305.9,309.4,845,45110,0
FINNIFTY31JUL2526700PE.NFO,2025-07-18,13:51:00,2025-07-31,309.4,309.4,309.4,309.4,0,45110,0
FINNIFTY31JUL2526700PE.NFO,2025-07-18,13:52:00,2025-07-31,309.4,309.4,306.7,306.7,65,44655,0
FINNIFTY31JUL2526700PE.NFO,2025-07-18,13:53:00,2025-07-31,306.7,306.7,306.7,306.7,0,44655,0
FINNIFTY31JUL2526700PE.NFO,2025-07-18,13:54:00,2025-07-31,306.7,308.6,306.7,308.6,65,44655,0
FINNIFTY31JUL2526700PE.NFO,2025-07-18,13:55:00,2025-07-31,308.6,308.6,308.6,308.6,0,44655,0
FINNIFTY31JUL2526700PE.NFO,2025-07-18,13:56:00,2025-07-31,308.6,308.6,308.6,308.6,0,44655,0
FINNIFTY31JUL2526700PE.NFO,2025-07-18,13:57:00,2025-07-31,308.6,308.6,308.6,308.6,0,44655,0
FINNIFTY31JUL2526700PE.NFO,2025-07-18,13:58:00,2025-07-31,308.6,308.6,292.7,292.7,130,44720,0
FINNIFTY31JUL2526700PE.NFO,2025-07-18,13:59:00,2025-07-31,292.7,302.3,292.7,302.3,65,44720,0
FINNIFTY31JUL2526700PE.NFO,2025-07-18,14:00:00,2025-07-31,302.3,302.3,302.3,302.3,0,44720,0
FINNIFTY31JUL2526700PE.NFO,2025-07-18,14:01:00,2025-07-31,302.3,303.35,302.3,303.35,65,44720,0
FINNIFTY31JUL2526700PE.NFO,2025-07-18,14:02:00,2025-07-31,303.35,303.35,303.35,303.35,0,44720,0
FINNIFTY31JUL2526700PE.NFO,2025-07-18,14:03:00,2025-07-31,303.35,303.35,303.35,303.35,0,44720,0
FINNIFTY31JUL2526700PE.NFO,2025-07-18,14:04:00,2025-07-31,303.35,303.35,303.35,303.35,0,44720,0
FINNIFTY31JUL2526700PE.NFO,2025-07-18,14:05:00,2025-07-31,296.15,297.4,296.15,297.4,65,44720,0
FINNIFTY31JUL2526700PE.NFO,2025-07-18,14:06:00,2025-07-31,297.4,299.05,297.4,299.05,455,44720,0
FINNIFTY31JUL2526700PE.NFO,2025-07-18,14:07:00,2025-07-31,299.05,299.05,299.05,299.05,0,44720,0
FINNIFTY31JUL2526700PE.NFO,2025-07-18,14:08:00,2025-07-31,299.05,302.05,299.05,301.2,325,44785,0
FINNIFTY31JUL2526700PE.NFO,2025-07-18,14:09:00,2025-07-31,301.2,301.2,300.55,300.55,65,44785,0
FINNIFTY31JUL2526700PE.NFO,2025-07-18,14:10:00,2025-07-31,300.55,300.55,298.65,298.65,65,44655,0
FINNIFTY31JUL2526700PE.NFO,2025-07-18,14:11:00,2025-07-31,298.65,298.65,298.5,298.5,65,44655,0
FINNIFTY31JUL2526700PE.NFO,2025-07-18,14:12:00,2025-07-31,298.5,298.5,298.5,298.5,0,44655,0
FINNIFTY31JUL2526700PE.NFO,2025-07-18,14:13:00,2025-07-31,298.5,298.5,295.6,295.6,715,44590,0
FINNIFTY31JUL2526700PE.NFO,2025-07-18,14:14:00,2025-07-31,295.6,295.6,295.6,295.6,0,44590,0
FINNIFTY31JUL2526700PE.NFO,2025-07-18,14:15:00,2025-07-31,295.6,298.5,295.6,298.5,195,44590,0
FINNIFTY31JUL2526700PE.NFO,2025-07-18,14:16:00,2025-07-31,298.5,298.5,298.5,298.5,0,44590,0
FINNIFTY31JUL2526700PE.NFO,2025-07-18,14:17:00,2025-07-31,298.5,298.5,298.5,298.5,0,44590,0
FINNIFTY31JUL2526700PE.NFO,2025-07-18,14:18:00,2025-07-31,298.5,301.0,298.5,301.0,195,44005,0
FINNIFTY31JUL2526700PE.NFO,2025-07-18,14:19:00,2025-07-31,301.0,301.0,301.0,301.0,0,44005,0
FINNIFTY31JUL2526700PE.NFO,2025-07-18,14:20:00,2025-07-31,301.0,301.0,296.3,296.3,65,43940,0
FINNIFTY31JUL2526700PE.NFO,2025-07-18,14:21:00,2025-07-31,296.3,296.3,290.5,290.5,130,43940,0
FINNIFTY31JUL2526700PE.NFO,2025-07-18,14:22:00,2025-07-31,290.5,290.5,289.4,289.4,65,43940,0
FINNIFTY31JUL2526700PE.NFO,2025-07-18,14:23:00,2025-07-31,289.4,289.4,289.4,289.4,0,43940,0
FINNIFTY31JUL2526700PE.NFO,2025-07-18,14:24:00,2025-07-31,289.4,289.4,281.15,281.35,195,44070,0
FINNIFTY31JUL2526700PE.NFO,2025-07-18,14:25:00,2025-07-31,281.35,283.8,280.95,282.45,455,44330,0
FINNIFTY31JUL2526700PE.NFO,2025-07-18,14:26:00,2025-07-31,282.45,282.45,282.45,282.45,260,44330,0
FINNIFTY31JUL2526700PE.NFO,2025-07-18,14:27:00,2025-07-31,282.45,287.45,280.2,280.2,130,44330,0
FINNIFTY31JUL2526700PE.NFO,2025-07-18,14:28:00,2025-07-31,280.2,282.05,280.0,280.0,130,44785,0
FINNIFTY31JUL2526700PE.NFO,2025-07-18,14:29:00,2025-07-31,280.0,280.0,275.0,275.0,715,44785,0
FINNIFTY31JUL2526700PE.NFO,2025-07-18,14:30:00,2025-07-31,275.0,275.0,275.0,275.0,0,44785,0
FINNIFTY31JUL2526700PE.NFO,2025-07-18,14:31:00,2025-07-31,275.0,275.0,273.5,273.5,195,44785,0
FINNIFTY31JUL2526700PE.NFO,2025-07-18,14:32:00,2025-07-31,273.5,273.5,268.05,268.4,325,44785,0
FINNIFTY31JUL2526700PE.NFO,2025-07-18,14:33:00,2025-07-31,268.4,269.0,265.5,266.4,1170,44785,0
FINNIFTY31JUL2526700PE.NFO,2025-07-18,14:34:00,2025-07-31,266.4,267.6,265.0,266.4,1300,45045,0
FINNIFTY31JUL2526700PE.NFO,2025-07-18,14:35:00,2025-07-31,266.4,266.95,262.6,266.95,780,45045,0
FINNIFTY31JUL2526700PE.NFO,2025-07-18,14:36:00,2025-07-31,266.95,276.35,266.95,271.2,2600,45045,0
FINNIFTY31JUL2526700PE.NFO,2025-07-18,14:37:00,2025-07-31,271.2,277.7,271.2,277.25,520,44850,0
FINNIFTY31JUL2526700PE.NFO,2025-07-18,14:38:00,2025-07-31,277.25,279.65,276.85,279.65,1170,44850,0
FINNIFTY31JUL2526700PE.NFO,2025-07-18,14:39:00,2025-07-31,279.65,290.15,279.65,286.45,975,44850,0
FINNIFTY31JUL2526700PE.NFO,2025-07-18,14:40:00,2025-07-31,286.45,287.6,282.35,282.35,975,44330,0
FINNIFTY31JUL2526700PE.NFO,2025-07-18,14:41:00,2025-07-31,282.35,286.65,282.35,286.65,455,44330,0
FINNIFTY31JUL2526700PE.NFO,2025-07-18,14:42:00,2025-07-31,286.65,287.4,282.35,282.35,520,44330,0
FINNIFTY31JUL2526700PE.NFO,2025-07-18,14:43:00,2025-07-31,282.35,287.75,282.35,286.55,130,44005,0
FINNIFTY31JUL2526700PE.NFO,2025-07-18,14:44:00,2025-07-31,286.55,290.0,286.55,290.0,455,44005,0
FINNIFTY31JUL2526700PE.NFO,2025-07-18,14:45:00,2025-07-31,290.0,291.7,290.0,291.7,65,44005,0
FINNIFTY31JUL2526700PE.NFO,2025-07-18,14:46:00,2025-07-31,291.7,292.9,287.55,288.0,780,44005,0
FINNIFTY31JUL2526700PE.NFO,2025-07-18,14:47:00,2025-07-31,288.0,300.6,288.0,300.0,975,44005,0
FINNIFTY31JUL2526700PE.NFO,2025-07-18,14:48:00,2025-07-31,300.0,301.9,299.05,299.05,325,44005,0
FINNIFTY31JUL2526700PE.NFO,2025-07-18,14:49:00,2025-07-31,299.05,301.4,299.05,301.4,130,44070,0
FINNIFTY31JUL2526700PE.NFO,2025-07-18,14:50:00,2025-07-31,301.4,301.4,296.4,297.9,1170,44070,0
FINNIFTY31JUL2526700PE.NFO,2025-07-18,14:51:00,2025-07-31,297.9,299.35,296.55,297.6,3055,44070,0
FINNIFTY31JUL2526700PE.NFO,2025-07-18,14:52:00,2025-07-31,297.6,297.6,294.65,294.65,1170,44785,0
FINNIFTY31JUL2526700PE.NFO,2025-07-18,14:53:00,2025-07-31,294.65,296.65,294.5,296.65,520,44785,0
FINNIFTY31JUL2526700PE.NFO,2025-07-18,14:54:00,2025-07-31,296.65,296.65,291.95,291.95,195,44785,0
FINNIFTY31JUL2526700PE.NFO,2025-07-18,14:55:00,2025-07-31,291.95,296.1,291.95,292.85,455,45370,0
FINNIFTY31JUL2526700PE.NFO,2025-07-18,14:56:00,2025-07-31,292.85,292.85,292.85,292.85,0,45370,0
FINNIFTY31JUL2526700PE.NFO,2025-07-18,14:57:00,2025-07-31,292.85,292.85,292.85,292.85,0,45370,0
FINNIFTY31JUL2526700PE.NFO,2025-07-18,14:58:00,2025-07-31,292.85,292.85,292.85,292.85,0,45370,0
FINNIFTY31JUL2526700PE.NFO,2025-07-18,14:59:00,2025-07-31,292.85,292.85,292.85,292.85,0,45370,0
FINNIFTY31JUL2526700PE.NFO,2025-07-18,15:00:00,2025-07-31,286.35,286.35,283.65,285.15,910,45370,0
FINNIFTY31JUL2526700PE.NFO,2025-07-18,15:01:00,2025-07-31,285.15,285.15,285.15,285.15,0,45370,0
FINNIFTY31JUL2526700PE.NFO,2025-07-18,15:02:00,2025-07-31,285.15,285.15,281.5,281.5,65,44785,0
FINNIFTY31JUL2526700PE.NFO,2025-07-18,15:03:00,2025-07-31,281.5,299.15,281.5,299.15,2080,44785,0
FINNIFTY31JUL2526700PE.NFO,2025-07-18,15:04:00,2025-07-31,299.15,299.15,296.95,296.95,65,43875,0
FINNIFTY31JUL2526700PE.NFO,2025-07-18,15:05:00,2025-07-31,296.95,298.6,295.8,298.6,455,43875,0
FINNIFTY31JUL2526700PE.NFO,2025-07-18,15:06:00,2025-07-31,298.6,300.55,298.6,298.65,260,43875,0
FINNIFTY31JUL2526700PE.NFO,2025-07-18,15:07:00,2025-07-31,298.65,300.45,295.6,295.6,780,43810,0
FINNIFTY31JUL2526700PE.NFO,2025-07-18,15:08:00,2025-07-31,295.6,299.0,295.6,299.0,260,43810,0
FINNIFTY31JUL2526700PE.NFO,2025-07-18,15:09:00,2025-07-31,299.0,299.0,299.0,299.0,0,43810,0
FINNIFTY31JUL2526700PE.NFO,2025-07-18,15:10:00,2025-07-31,299.0,300.05,299.0,300.05,130,42900,0
FINNIFTY31JUL2526700PE.NFO,2025-07-18,15:11:00,2025-07-31,300.05,300.05,300.05,300.05,0,42900,0
FINNIFTY31JUL2526700PE.NFO,2025-07-18,15:12:00,2025-07-31,300.05,300.05,300.05,300.05,0,42900,0
FINNIFTY31JUL2526700PE.NFO,2025-07-18,15:13:00,2025-07-31,300.05,304.7,299.2,303.35,2405,42835,0
FINNIFTY31JUL2526700PE.NFO,2025-07-18,15:14:00,2025-07-31,303.35,311.45,300.85,308.9,6305,42835,0
FINNIFTY31JUL2526700PE.NFO,2025-07-18,15:15:00,2025-07-31,307.35,307.35,301.2,301.2,3835,42835,0
FINNIFTY31JUL2526700PE.NFO,2025-07-18,15:16:00,2025-07-31,301.2,301.2,301.2,301.2,0,42835,0
FINNIFTY31JUL2526700PE.NFO,2025-07-18,15:17:00,2025-07-31,301.2,301.2,301.2,301.2,0,42835,0
FINNIFTY31JUL2526700PE.NFO,2025-07-18,15:18:00,2025-07-31,301.2,302.0,301.2,302.0,65,47450,0
FINNIFTY31JUL2526700PE.NFO,2025-07-18,15:19:00,2025-07-31,302.0,302.0,302.0,302.0,0,47450,0
FINNIFTY31JUL2526700PE.NFO,2025-07-18,15:20:00,2025-07-31,302.0,302.4,299.2,299.2,3835,47450,0
FINNIFTY31JUL2526700PE.NFO,2025-07-18,15:21:00,2025-07-31,299.2,302.2,299.2,302.2,260,47450,0
FINNIFTY31JUL2526700PE.NFO,2025-07-18,15:22:00,2025-07-31,302.2,303.85,302.2,303.05,325,47450,0
FINNIFTY31JUL2526700PE.NFO,2025-07-18,15:23:00,2025-07-31,303.05,310.25,303.05,310.25,65,46020,0
FINNIFTY31JUL2526700PE.NFO,2025-07-18,15:24:00,2025-07-31,310.25,310.25,306.7,306.7,390,46020,0
FINNIFTY31JUL2526700PE.NFO,2025-07-18,15:25:00,2025-07-31,306.7,306.95,306.5,306.95,195,46020,0
FINNIFTY31JUL2526700PE.NFO,2025-07-18,15:26:00,2025-07-31,305.2,313.55,305.2,313.15,715,45695,0
FINNIFTY31JUL2526700PE.NFO,2025-07-18,15:27:00,2025-07-31,313.15,315.3,313.15,315.3,65,45695,0
FINNIFTY31JUL2526700PE.NFO,2025-07-18,15:28:00,2025-07-31,315.3,320.95,312.75,316.85,1170,45435,0
FINNIFTY31JUL2526700PE.NFO,2025-07-18,15:29:00,2025-07-31,316.85,317.5,296.4,296.4,585,45435,0
FINNIFTY31JUL2526700PE.NFO,2025-07-18,15:30:00,2025-07-31,296.4,296.4,296.4,296.4,585,45435,1
FINNIFTY31JUL2526700PE.NFO,2025-07-21,09:15:00,2025-07-31,200.0,200.0,187.5,192.7,780,44980,0
FINNIFTY31JUL2526700PE.NFO,2025-07-21,09:16:00,2025-07-31,192.7,192.7,173.45,174.4,3250,44980,0
FINNIFTY31JUL2526700PE.NFO,2025-07-21,09:17:00,2025-07-31,174.4,174.65,156.25,156.25,2145,44980,0
FINNIFTY31JUL2526700PE.NFO,2025-07-21,09:18:00,2025-07-31,156.25,164.8,152.5,163.6,4810,44850,0
FINNIFTY31JUL2526700PE.NFO,2025-07-21,09:19:00,2025-07-31,163.6,175.6,162.6,175.6,1690,44850,0
FINNIFTY31JUL2526700PE.NFO,2025-07-21,09:20:00,2025-07-31,175.6,196.2,175.6,194.65,8970,44850,0
FINNIFTY31JUL2526700PE.NFO,2025-07-21,09:21:00,2025-07-31,194.65,201.4,194.65,198.2,4420,49400,0
FINNIFTY31JUL2526700PE.NFO,2025-07-21,09:22:00,2025-07-31,198.2,211.15,198.2,210.45,9100,49400,0
FINNIFTY31JUL2526700PE.NFO,2025-07-21,09:23:00,2025-07-31,210.45,211.6,200.8,200.8,3640,49400,0
FINNIFTY31JUL2526700PE.NFO,2025-07-21,09:24:00,2025-07-31,200.8,200.8,192.75,196.05,715,46150,0
FINNIFTY31JUL2526700PE.NFO,2025-07-21,09:25:00,2025-07-31,196.05,211.75,194.65,211.0,2470,46150,0
FINNIFTY31JUL2526700PE.NFO,2025-07-21,09:26:00,2025-07-31,211.0,212.0,205.2,211.3,3770,46150,0
FINNIFTY31JUL2526700PE.NFO,2025-07-21,09:27:00,2025-07-31,211.3,212.75,208.0,212.5,1820,45955,0
FINNIFTY31JUL2526700PE.NFO,2025-07-21,09:28:00,2025-07-31,212.5,220.55,212.5,220.0,2275,45955,0
FINNIFTY31JUL2526700PE.NFO,2025-07-21,09:29:00,2025-07-31,220.0,228.65,220.0,223.75,1755,45955,0
FINNIFTY31JUL2526700PE.NFO,2025-07-21,09:30:00,2025-07-31,223.75,226.05,211.95,212.2,1170,46475,0
FINNIFTY31JUL2526700PE.NFO,2025-07-21,09:31:00,2025-07-31,212.2,212.2,204.2,205.0,5070,46475,0
FINNIFTY31JUL2526700PE.NFO,2025-07-21,09:32:00,2025-07-31,205.0,208.35,204.15,208.35,1235,46475,0
FINNIFTY31JUL2526700PE.NFO,2025-07-21,09:33:00,2025-07-31,208.35,215.75,208.35,212.2,4355,46865,0
FINNIFTY31JUL2526700PE.NFO,2025-07-21,09:34:00,2025-07-31,212.2,212.2,202.1,202.1,2210,46865,0
FINNIFTY31JUL2526700PE.NFO,2025-07-21,09:35:00,2025-07-31,202.1,205.45,195.0,195.0,2990,46865,0
FINNIFTY31JUL2526700PE.NFO,2025-07-21,09:36:00,2025-07-31,195.0,196.15,185.25,187.9,10855,46670,0
FINNIFTY31JUL2526700PE.NFO,2025-07-21,09:37:00,2025-07-31,187.9,190.8,186.6,189.9,3445,46670,0
FINNIFTY31JUL2526700PE.NFO,2025-07-21,09:38:00,2025-07-31,189.9,196.15,189.9,194.25,1820,46670,0
FINNIFTY31JUL2526700PE.NFO,2025-07-21,09:39:00,2025-07-31,194.25,196.85,192.0,192.0,3315,48555,0
FINNIFTY31JUL2526700PE.NFO,2025-07-21,09:40:00,2025-07-31,192.0,192.0,178.9,178.9,5200,48555,0
FINNIFTY31JUL2526700PE.NFO,2025-07-21,09:41:00,2025-07-31,178.9,180.05,176.0,177.05,6630,48555,0
FINNIFTY31JUL2526700PE.NFO,2025-07-21,09:42:00,2025-07-31,177.05,177.05,170.95,173.4,3835,49595,0
FINNIFTY31JUL2526700PE.NFO,2025-07-21,09:43:00,2025-07-31,173.4,174.5,169.0,169.0,2145,49595,0
FINNIFTY31JUL2526700PE.NFO,2025-07-21,09:44:00,2025-07-31,169.0,169.0,167.45,168.5,780,49595,0
FINNIFTY31JUL2526700PE.NFO,2025-07-21,09:45:00,2025-07-31,168.5,168.5,153.75,153.85,16965,59085,0
FINNIFTY31JUL2526700PE.NFO,2025-07-21,09:46:00,2025-07-31,153.85,155.4,152.5,152.5,4680,59085,0
FINNIFTY31JUL2526700PE.NFO,2025-07-21,09:47:00,2025-07-31,152.5,153.2,144.75,144.75,4550,59085,0
FINNIFTY31JUL2526700PE.NFO,2025-07-21,09:48:00,2025-07-31,143.8,144.7,140.0,140.0,1820,61815,0
FINNIFTY31JUL2526700PE.NFO,2025-07-21,09:49:00,2025-07-31,140.0,140.0,135.45,138.0,1235,61815,0
FINNIFTY31JUL2526700PE.NFO,2025-07-21,09:50:00,2025-07-31,138.0,138.0,126.6,126.6,5005,61815,0
FINNIFTY31JUL2526700PE.NFO,2025-07-21,09:51:00,2025-07-31,126.6,130.55,125.35,128.25,29120,63440,0
FINNIFTY31JUL2526700PE.NFO,2025-07-21,09:52:00,2025-07-31,128.25,128.25,122.3,126.45,10270,63440,0
FINNIFTY31JUL2526700PE.NFO,2025-07-21,09:53:00,2025-07-31,126.45,130.2,124.8,125.75,37895,63440,0
FINNIFTY31JUL2526700PE.NFO,2025-07-21,09:54:00,2025-07-31,126.95,129.0,123.85,123.9,5330,111735,0
FINNIFTY31JUL2526700PE.NFO,2025-07-21,09:55:00,2025-07-31,123.9,123.9,118.45,121.5,2600,111735,0
FINNIFTY31JUL2526700PE.NFO,2025-07-21,09:56:00,2025-07-31,121.5,123.65,121.5,123.3,1040,111735,0
FINNIFTY31JUL2526700PE.NFO,2025-07-21,09:57:00,2025-07-31,123.3,123.3,117.3,118.65,1560,109980,0
FINNIFTY31JUL2526700PE.NFO,2025-07-21,09:58:00,2025-07-31,118.65,120.75,118.65,120.75,715,109980,0
FINNIFTY31JUL2526700PE.NFO,2025-07-21,09:59:00,2025-07-31,120.75,123.9,120.75,123.4,845,109980,0
FINNIFTY31JUL2526700PE.NFO,2025-07-21,10:00:00,2025-07-31,123.4,124.8,121.5,121.6,715,111670,0
FINNIFTY31JUL2526700PE.NFO,2025-07-21,10:01:00,2025-07-31,121.6,124.3,120.8,120.8,1690,111670,0
FINNIFTY31JUL2526700PE.NFO,2025-07-21,10:02:00,2025-07-31,120.8,124.8,120.8,121.2,1040,111670,0
FINNIFTY31JUL2526700PE.NFO,2025-07-21,10:03:00,2025-07-31,121.2,121.7,120.5,120.5,780,111670,0
FINNIFTY31JUL2526700PE.NFO,2025-07-21,10:04:00,2025-07-31,120.5,122.6,120.0,120.0,2665,112840,0
FINNIFTY31JUL2526700PE.NFO,2025-07-21,10:05:00,2025-07-31,120.0,122.65,118.95,120.65,1365,112840,0
FINNIFTY31JUL2526700PE.NFO,2025-07-21,10:06:00,2025-07-31,120.65,120.9,120.65,120.9,65,112775,0
FINNIFTY31JUL2526700PE.NFO,2025-07-21,10:07:00,2025-07-31,120.9,120.9,120.9,120.9,0,112775,0
FINNIFTY31JUL2526700PE.NFO,2025-07-21,10:08:00,2025-07-31,120.9,124.25,120.9,124.15,3640,112775,0
FINNIFTY31JUL2526700PE.NFO,2025-07-21,10:09:00,2025-07-31,124.15,124.15,121.15,123.1,585,114075,0
FINNIFTY31JUL2526700PE.NFO,2025-07-21,10:10:00,2025-07-31,123.1,123.1,120.15,122.2,715,114075,0
FINNIFTY31JUL2526700PE.NFO,2025-07-21,10:11:00,2025-07-31,122.2,123.0,120.75,120.75,715,114075,0
FINNIFTY31JUL2526700PE.NFO,2025-07-21,10:12:00,2025-07-31,120.75,121.35,120.75,121.35,195,113230,0
FINNIFTY31JUL2526700PE.NFO,2025-07-21,10:13:00,2025-07-31,121.35,125.4,121.35,125.4,2340,113230,0
FINNIFTY31JUL2526700PE.NFO,2025-07-21,10:14:00,2025-07-31,125.4,129.1,125.4,126.75,1625,113230,0
FINNIFTY31JUL2526700PE.NFO,2025-07-21,10:15:00,2025-07-31,126.75,128.8,125.6,128.8,2340,111215,0
FINNIFTY31JUL2526700PE.NFO,2025-07-21,10:16:00,2025-07-31,128.8,130.0,127.25,127.25,455,111215,0
FINNIFTY31JUL2526700PE.NFO,2025-07-21,10:17:00,2025-07-31,127.25,128.8,127.25,128.25,390,111215,0
FINNIFTY31JUL2526700PE.NFO,2025-07-21,10:18:00,2025-07-31,128.25,131.1,128.25,130.6,650,112645,0
FINNIFTY31JUL2526700PE.NFO,2025-07-21,10:19:00,2025-07-31,130.6,131.1,130.55,130.55,520,112645,0
FINNIFTY31JUL2526700PE.NFO,2025-07-21,10:20:00,2025-07-31,130.55,133.9,130.55,132.4,1690,112645,0
FINNIFTY31JUL2526700PE.NFO,2025-07-21,10:21:00,2025-07-31,132.4,133.25,132.4,133.25,65,112060,0
FINNIFTY31JUL2526700PE.NFO,2025-07-21,10:22:00,2025-07-31,133.25,138.9,133.25,138.9,1950,112060,0
FINNIFTY31JUL2526700PE.NFO,2025-07-21,10:23:00,2025-07-31,138.9,139.35,137.2,137.9,325,112060,0
FINNIFTY31JUL2526700PE.NFO,2025-07-21,10:24:00,2025-07-31,137.9,141.25,137.9,141.05,975,112385,0
FINNIFTY31JUL2526700PE.NFO,2025-07-21,10:25:00,2025-07-31,141.05,141.05,134.85,134.85,1170,112385,0
FINNIFTY31JUL2526700PE.NFO,2025-07-21,10:26:00,2025-07-31,134.85,134.85,131.7,131.7,130,112385,0
FINNIFTY31JUL2526700PE.NFO,2025-07-21,10:27:00,2025-07-31,131.7,132.85,127.9,127.9,5330,112840,0
FINNIFTY31JUL2526700PE.NFO,2025-07-21,10:28:00,2025-07-31,129.0,132.7,129.0,129.6,3965,112840,0
FINNIFTY31JUL2526700PE.NFO,2025-07-21,10:29:00,2025-07-31,129.6,132.1,129.6,132.1,65,112840,0
FINNIFTY31JUL2526700PE.NFO,2025-07-21,10:30:00,2025-07-31,132.1,132.1,128.35,128.35,2015,112580,0
FINNIFTY31JUL2526700PE.NFO,2025-07-21,10:31:00,2025-07-31,128.35,129.0,126.1,126.1,455,112580,0
FINNIFTY31JUL2526700PE.NFO,2025-07-21,10:32:00,2025-07-31,126.1,127.55,126.1,127.55,780,112580,0
FINNIFTY31JUL2526700PE.NFO,2025-07-21,10:33:00,2025-07-31,127.55,127.55,125.65,125.65,390,113425,0
FINNIFTY31JUL2526700PE.NFO,2025-07-21,10:34:00,2025-07-31,125.65,125.8,125.65,125.8,65,113425,0
FINNIFTY31JUL2526700PE.NFO,2025-07-21,10:35:00,2025-07-31,125.8,126.6,124.0,124.0,455,113425,0
FINNIFTY31JUL2526700PE.NFO,2025-07-21,10:36:00,2025-07-31,124.0,124.65,124.0,124.4,390,113035,0
FINNIFTY31JUL2526700PE.NFO,2025-07-21,10:37:00,2025-07-31,124.4,124.4,121.5,123.45,455,113035,0
FINNIFTY31JUL2526700PE.NFO,2025-07-21,10:38:00,2025-07-31,123.45,127.1,123.45,125.0,195,113035,0
FINNIFTY31JUL2526700PE.NFO,2025-07-21,10:39:00,2025-07-31,125.0,125.45,123.15,125.45,715,112710,0
FINNIFTY31JUL2526700PE.NFO,2025-07-21,10:40:00,2025-07-31,125.45,125.6,124.2,124.2,520,112710,0
FINNIFTY31JUL2526700PE.NFO,2025-07-21,10:41:00,2025-07-31,124.2,124.2,123.8,123.8,195,112710,0
FINNIFTY31JUL2526700PE.NFO,2025-07-21,10:42:00,2025-07-31,123.8,125.0,123.5,124.7,1950,112450,0
FINNIFTY31JUL2526700PE.NFO,2025-07-21,10:43:00,2025-07-31,124.7,128.0,124.7,126.2,2730,112450,0
FINNIFTY31JUL2526700PE.NFO,2025-07-21,10:44:00,2025-07-31,126.2,126.2,125.95,125.95,520,112450,0
FINNIFTY31JUL2526700PE.NFO,2025-07-21,10:45:00,2025-07-31,125.95,125.95,120.0,121.3,1300,112320,0
FINNIFTY31JUL2526700PE.NFO,2025-07-21,10:46:00,2025-07-31,121.3,123.0,121.0,121.85,1560,112320,0
FINNIFTY31JUL2526700PE.NFO,2025-07-21,10:47:00,2025-07-31,121.85,121.85,119.35,119.35,910,112320,0
FINNIFTY31JUL2526700PE.NFO,2025-07-21,10:48:00,2025-07-31,119.35,123.15,119.35,121.9,1625,112320,0
FINNIFTY31JUL2526700PE.NFO,2025-07-21,10:49:00,2025-07-31,121.9,121.9,118.15,119.55,2145,112320,0
FINNIFTY31JUL2526700PE.NFO,2025-07-21,10:50:00,2025-07-31,119.55,120.35,119.4,120.35,130,112320,0
FINNIFTY31JUL2526700PE.NFO,2025-07-21,10:51:00,2025-07-31,120.35,121.4,119.9,121.15,325,113230,0
FINNIFTY31JUL2526700PE.NFO,2025-07-21,10:52:00,2025-07-31,121.15,122.6,121.15,121.9,975,113230,0
FINNIFTY31JUL2526700PE.NFO,2025-07-21,10:53:00,2025-07-31,121.9,121.9,119.0,119.0,1170,113230,0
FINNIFTY31JUL2526700PE.NFO,2025-07-21,10:54:00,2025-07-31,119.0,119.0,117.0,117.0,195,112775,0
FINNIFTY31JUL2526700PE.NFO,2025-07-21,10:55:00,2025-07-31,117.0,117.7,116.0,116.0,2015,112775,0
FINNIFTY31JUL2526700PE.NFO,2025-07-21,10:56:00,2025-07-31,116.0,116.0,113.3,114.5,585,112775,0
FINNIFTY31JUL2526700PE.NFO,2025-07-21,10:57:00,2025-07-31,114.5,114.5,110.7,112.05,1300,111475,0
FINNIFTY31JUL2526700PE.NFO,2025-07-21,10:58:00,2025-07-31,112.05,112.7,110.0,112.0,1560,111475,0
FINNIFTY31JUL2526700PE.NFO,2025-07-21,10:59:00,2025-07-31,112.0,112.0,111.0,111.6,910,111475,0
FINNIFTY31JUL2526700PE.NFO,2025-07-21,11:00:00,2025-07-31,111.6,111.6,105.8,106.05,5200,110240,0
FINNIFTY31JUL2526700PE.NFO,2025-07-21,11:01:00,2025-07-31,106.05,108.7,105.65,108.7,1625,110240,0
FINNIFTY31JUL2526700PE.NFO,2025-07-21,11:02:00,2025-07-31,108.7,112.8,108.7,112.8,650,110240,0
FINNIFTY31JUL2526700PE.NFO,2025-07-21,11:03:00,2025-07-31,112.8,112.8,108.2,108.2,1105,111930,0
FINNIFTY31JUL2526700PE.NFO,2025-07-21,11:04:00,2025-07-31,108.2,110.5,108.2,110.5,130,111930,0
FINNIFTY31JUL2526700PE.NFO,2025-07-21,11:05:00,2025-07-31,110.5,112.85,110.5,112.0,780,111930,0
FINNIFTY31JUL2526700PE.NFO,2025-07-21,11:06:00,2025-07-31,112.0,112.0,111.4,112.0,975,111930,0
FINNIFTY31JUL2526700PE.NFO,2025-07-21,11:07:00,2025-07-31,112.0,113.25,112.0,113.25,455,113100,0
FINNIFTY31JUL2526700PE.NFO,2025-07-21,11:08:00,2025-07-31,113.25,114.15,112.1,112.1,1820,113100,0
FINNIFTY31JUL2526700PE.NFO,2025-07-21,11:09:00,2025-07-31,112.1,112.1,107.0,109.95,520,113100,0
FINNIFTY31JUL2526700PE.NFO,2025-07-21,11:10:00,2025-07-31,109.95,110.4,108.95,110.4,520,113360,0
FINNIFTY31JUL2526700PE.NFO,2025-07-21,11:11:00,2025-07-31,110.4,110.4,110.4,110.4,0,113360,0
FINNIFTY31JUL2526700PE.NFO,2025-07-21,11:12:00,2025-07-31,110.4,110.45,109.1,110.45,195,113360,0
FINNIFTY31JUL2526700PE.NFO,2025-07-21,11:13:00,2025-07-31,110.45,110.45,110.45,110.45,0,113360,0
FINNIFTY31JUL2526700PE.NFO,2025-07-21,11:14:00,2025-07-31,110.45,110.45,110.45,110.45,0,113360,0
FINNIFTY31JUL2526700PE.NFO,2025-07-21,11:15:00,2025-07-31,110.45,112.05,110.45,111.2,325,113165,0
FINNIFTY31JUL2526700PE.NFO,2025-07-21,11:16:00,2025-07-31,110.3,110.3,110.3,110.3,845,113165,0
FINNIFTY31JUL2526700PE.NFO,2025-07-21,11:17:00,2025-07-31,110.3,111.9,110.3,111.9,65,113165,0
FINNIFTY31JUL2526700PE.NFO,2025-07-21,11:18:00,2025-07-31,111.9,113.0,110.0,113.0,455,112645,0
FINNIFTY31JUL2526700PE.NFO,2025-07-21,11:19:00,2025-07-31,113.0,113.0,113.0,113.0,0,112645,0
FINNIFTY31JUL2526700PE.NFO,2025-07-21,11:20:00,2025-07-31,113.0,113.0,113.0,113.0,65,112645,0
FINNIFTY31JUL2526700PE.NFO,2025-07-21,11:21:00,2025-07-31,113.0,115.85,113.0,115.85,390,112515,0
FINNIFTY31JUL2526700PE.NFO,2025-07-21,11:22:00,2025-07-31,115.85,116.8,115.15,115.15,325,112515,0
FINNIFTY31JUL2526700PE.NFO,2025-07-21,11:23:00,2025-07-31,115.15,116.45,114.95,115.15,910,112515,0
FINNIFTY31JUL2526700PE.NFO,2025-07-21,11:24:00,2025-07-31,115.15,115.15,114.1,114.45,130,112515,0
FINNIFTY31JUL2526700PE.NFO,2025-07-21,11:25:00,2025-07-31,114.5,114.5,114.5,114.5,65,112255,0
FINNIFTY31JUL2526700PE.NFO,2025-07-21,11:26:00,2025-07-31,114.5,115.0,114.5,115.0,65,112255,0
FINNIFTY31JUL2526700PE.NFO,2025-07-21,11:27:00,2025-07-31,115.0,115.0,113.3,113.55,390,112255,0
FINNIFTY31JUL2526700PE.NFO,2025-07-21,11:28:00,2025-07-31,113.55,117.15,113.55,114.95,585,111930,0
FINNIFTY31JUL2526700PE.NFO,2025-07-21,11:29:00,2025-07-31,114.95,116.65,114.95,116.65,65,111930,0
FINNIFTY31JUL2526700PE.NFO,2025-07-21,11:30:00,2025-07-31,116.65,116.65,113.7,113.7,195,111800,0
FINNIFTY31JUL2526700PE.NFO,2025-07-21,11:31:00,2025-07-31,113.7,113.7,113.7,113.7,0,111800,0
FINNIFTY31JUL2526700PE.NFO,2025-07-21,11:32:00,2025-07-31,113.7,113.7,110.45,110.9,325,111800,0
FINNIFTY31JUL2526700PE.NFO,2025-07-21,11:33:00,2025-07-31,110.9,111.15,109.9,110.0,585,111800,0
FINNIFTY31JUL2526700PE.NFO,2025-07-21,11:34:00,2025-07-31,110.0,110.0,108.55,109.4,780,111800,0
FINNIFTY31JUL2526700PE.NFO,2025-07-21,11:35:00,2025-07-31,109.4,109.4,107.0,108.85,520,111800,0
FINNIFTY31JUL2526700PE.NFO,2025-07-21,11:36:00,2025-07-31,108.85,109.45,108.85,109.45,195,111800,0
FINNIFTY31JUL2526700PE.NFO,2025-07-21,11:37:00,2025-07-31,109.45,111.4,109.45,111.4,195,111670,0
FINNIFTY31JUL2526700PE.NFO,2025-07-21,11:38:00,2025-07-31,111.4,114.95,111.4,114.95,65,111670,0
FINNIFTY31JUL2526700PE.NFO,2025-07-21,11:39:00,2025-07-31,114.95,116.5,114.4,115.1,1300,111670,0
FINNIFTY31JUL2526700PE.NFO,2025-07-21,11:40:00,2025-07-31,115.1,117.0,115.1,115.5,390,111020,0
FINNIFTY31JUL2526700PE.NFO,2025-07-21,11:41:00,2025-07-31,115.5,115.5,115.5,115.5,0,111020,0
FINNIFTY31JUL2526700PE.NFO,2025-07-21,11:42:00,2025-07-31,115.5,121.85,115.5,120.0,975,110825,0
FINNIFTY31JUL2526700PE.NFO,2025-07-21,11:43:00,2025-07-31,120.0,125.1,120.0,124.05,1755,110825,0
FINNIFTY31JUL2526700PE.NFO,2025-07-21,11:44:00,2025-07-31,124.05,124.05,120.85,121.0,1495,110825,0
FINNIFTY31JUL2526700PE.NFO,2025-07-21,11:45:00,2025-07-31,121.0,123.95,121.0,121.8,585,110825,0
FINNIFTY31JUL2526700PE.NFO,2025-07-21,11:46:00,2025-07-31,121.8,121.8,120.8,120.8,390,110825,0
FINNIFTY31JUL2526700PE.NFO,2025-07-21,11:47:00,2025-07-31,120.8,120.8,120.5,120.55,130,110825,0
FINNIFTY31JUL2526700PE.NFO,2025-07-21,11:48:00,2025-07-31,120.55,125.1,120.55,125.1,195,110825,0
FINNIFTY31JUL2526700PE.NFO,2025-07-21,11:49:00,2025-07-31,125.1,130.25,125.1,128.0,1235,110890,0
FINNIFTY31JUL2526700PE.NFO,2025-07-21,11:50:00,2025-07-31,128.0,128.55,125.9,127.6,1430,110890,0
FINNIFTY31JUL2526700PE.NFO,2025-07-21,11:51:00,2025-07-31,127.6,127.6,125.05,125.5,195,110240,0
FINNIFTY31JUL2526700PE.NFO,2025-07-21,11:52:00,2025-07-31,125.5,127.35,125.5,127.35,325,110240,0
FINNIFTY31JUL2526700PE.NFO,2025-07-21,11:53:00,2025-07-31,127.35,127.35,127.35,127.35,0,110240,0
FINNIFTY31JUL2526700PE.NFO,2025-07-21,11:54:00,2025-07-31,127.35,127.35,127.35,127.35,0,110240,0
FINNIFTY31JUL2526700PE.NFO,2025-07-21,11:55:00,2025-07-31,127.35,127.35,118.65,119.55,1365,110630,0
FINNIFTY31JUL2526700PE.NFO,2025-07-21,11:56:00,2025-07-31,119.55,119.95,119.35,119.35,1040,110630,0
FINNIFTY31JUL2526700PE.NFO,2025-07-21,11:57:00,2025-07-31,119.35,119.35,118.45,118.45,130,110630,0
FINNIFTY31JUL2526700PE.NFO,2025-07-21,11:58:00,2025-07-31,118.45,118.45,117.65,117.65,65,109265,0
FINNIFTY31JUL2526700PE.NFO,2025-07-21,11:59:00,2025-07-31,117.65,117.65,117.65,117.65,0,109265,0
FINNIFTY31JUL2526700PE.NFO,2025-07-21,12:00:00,2025-07-31,117.65,117.65,115.55,115.6,975,109265,0
FINNIFTY31JUL2526700PE.NFO,2025-07-21,12:01:00,2025-07-31,115.6,117.8,115.6,116.95,260,109395,0
FINNIFTY31JUL2526700PE.NFO,2025-07-21,12:02:00,2025-07-31,116.95,116.95,116.6,116.6,650,109395,0
FINNIFTY31JUL2526700PE.NFO,2025-07-21,12:03:00,2025-07-31,116.6,117.3,115.95,116.0,520,109395,0
FINNIFTY31JUL2526700PE.NFO,2025-07-21,12:04:00,2025-07-31,116.0,116.0,116.0,116.0,0,109395,0
FINNIFTY31JUL2526700PE.NFO,2025-07-21,12:05:00,2025-07-31,116.0,116.0,116.0,116.0,0,109395,0
FINNIFTY31JUL2526700PE.NFO,2025-07-21,12:06:00,2025-07-31,116.0,118.05,116.0,118.05,195,109720,0
FINNIFTY31JUL2526700PE.NFO,2025-07-21,12:07:00,2025-07-31,118.05,118.05,116.55,116.55,910,109590,0
FINNIFTY31JUL2526700PE.NFO,2025-07-21,12:08:00,2025-07-31,116.55,116.55,116.55,116.55,0,109590,0
FINNIFTY31JUL2526700PE.NFO,2025-07-21,12:09:00,2025-07-31,116.55,120.15,116.55,120.15,845,109590,0
FINNIFTY31JUL2526700PE.NFO,2025-07-21,12:10:00,2025-07-31,120.15,120.15,120.15,120.15,0,109590,0
FINNIFTY31JUL2526700PE.NFO,2025-07-21,12:11:00,2025-07-31,120.15,120.15,116.9,116.9,975,109850,0
FINNIFTY31JUL2526700PE.NFO,2025-07-21,12:12:00,2025-07-31,116.9,116.9,116.8,116.8,130,109850,0
FINNIFTY31JUL2526700PE.NFO,2025-07-21,12:13:00,2025-07-31,116.8,116.8,116.8,116.8,0,109850,0
FINNIFTY31JUL2526700PE.NFO,2025-07-21,12:14:00,2025-07-31,116.8,117.3,115.7,116.2,325,110305,0
FINNIFTY31JUL2526700PE.NFO,2025-07-21,12:15:00,2025-07-31,116.2,116.65,116.2,116.25,260,110305,0
FINNIFTY31JUL2526700PE.NFO,2025-07-21,12:16:00,2025-07-31,116.25,118.3,116.25,118.1,260,110435,0
FINNIFTY31JUL2526700PE.NFO,2025-07-21,12:17:00,2025-07-31,118.1,118.1,118.1,118.1,0,110435,0
FINNIFTY31JUL2526700PE.NFO,2025-07-21,12:18:00,2025-07-31,118.1,120.75,118.1,120.75,65,110435,0
FINNIFTY31JUL2526700PE.NFO,2025-07-21,12:19:00,2025-07-31,120.75,120.75,118.1,118.1,65,110565,0
FINNIFTY31JUL2526700PE.NFO,2025-07-21,12:20:00,2025-07-31,118.1,118.1,115.2,115.2,910,110565,0
FINNIFTY31JUL2526700PE.NFO,2025-07-21,12:21:00,2025-07-31,115.2,115.2,115.2,115.2,0,110565,0
FINNIFTY31JUL2526700PE.NFO,2025-07-21,12:22:00,2025-07-31,115.2,115.2,115.0,115.0,65,109785,0
FINNIFTY31JUL2526700PE.NFO,2025-07-21,12:23:00,2025-07-31,115.0,115.0,115.0,115.0,0,109785,0
FINNIFTY31JUL2526700PE.NFO,2025-07-21,12:24:00,2025-07-31,115.0,116.05,115.0,116.05,65,109785,0
FINNIFTY31JUL2526700PE.NFO,2025-07-21,12:25:00,2025-07-31,116.05,116.05,116.05,116.05,0,109785,0
FINNIFTY31JUL2526700PE.NFO,2025-07-21,12:26:00,2025-07-31,116.05,117.6,116.05,117.6,130,109720,0
FINNIFTY31JUL2526700PE.NFO,2025-07-21,12:27:00,2025-07-31,117.6,117.6,116.6,116.6,195,109720,0
FINNIFTY31JUL2526700PE.NFO,2025-07-21,12:28:00,2025-07-31,116.6,116.6,115.35,115.35,65,109980,0
FINNIFTY31JUL2526700PE.NFO,2025-07-21,12:29:00,2025-07-31,115.35,115.35,115.35,115.35,0,109980,0
FINNIFTY31JUL2526700PE.NFO,2025-07-21,12:30:00,2025-07-31,115.35,121.7,115.35,120.8,325,109980,0
FINNIFTY31JUL2526700PE.NFO,2025-07-21,12:31:00,2025-07-31,120.8,120.8,119.8,119.8,455,109980,0
FINNIFTY31JUL2526700PE.NFO,2025-07-21,12:32:00,2025-07-31,119.8,119.8,119.8,119.8,0,109980,0
FINNIFTY31JUL2526700PE.NFO,2025-07-21,12:33:00,2025-07-31,117.2,118.4,117.2,118.4,520,109980,0
FINNIFTY31JUL2526700PE.NFO,2025-07-21,12:34:00,2025-07-31,118.4,118.4,116.9,116.9,65,109200,0
FINNIFTY31JUL2526700PE.NFO,2025-07-21,12:35:00,2025-07-31,116.9,117.2,115.7,117.2,195,109200,0
FINNIFTY31JUL2526700PE.NFO,2025-07-21,12:36:00,2025-07-31,117.2,117.2,116.65,116.65,65,109200,0
FINNIFTY31JUL2526700PE.NFO,2025-07-21,12:37:00,2025-07-31,116.65,117.1,116.65,117.1,65,109070,0
FINNIFTY31JUL2526700PE.NFO,2025-07-21,12:38:00,2025-07-31,117.1,117.1,117.0,117.0,65,109070,0
FINNIFTY31JUL2526700PE.NFO,2025-07-21,12:39:00,2025-07-31,117.0,117.95,117.0,117.95,65,109070,0
FINNIFTY31JUL2526700PE.NFO,2025-07-21,12:40:00,2025-07-31,117.95,117.95,115.95,115.95,65,109005,0
FINNIFTY31JUL2526700PE.NFO,2025-07-21,12:41:00,2025-07-31,115.95,115.95,115.0,115.55,195,109005,0
FINNIFTY31JUL2526700PE.NFO,2025-07-21,12:42:00,2025-07-31,115.55,115.55,115.55,115.55,0,109005,0
FINNIFTY31JUL2526700PE.NFO,2025-07-21,12:43:00,2025-07-31,115.55,115.55,115.55,115.55,0,109005,0
FINNIFTY31JUL2526700PE.NFO,2025-07-21,12:44:00,2025-07-31,115.55,115.55,112.55,112.55,5720,108810,0
FINNIFTY31JUL2526700PE.NFO,2025-07-21,12:45:00,2025-07-31,112.55,112.85,112.1,112.85,195,108810,0
FINNIFTY31JUL2526700PE.NFO,2025-07-21,12:46:00,2025-07-31,112.85,112.85,108.0,108.4,1625,111085,0
FINNIFTY31JUL2526700PE.NFO,2025-07-21,12:47:00,2025-07-31,107.9,108.25,105.7,105.7,2210,111085,0
FINNIFTY31JUL2526700PE.NFO,2025-07-21,12:48:00,2025-07-31,105.7,105.7,104.2,104.2,1690,111085,0
FINNIFTY31JUL2526700PE.NFO,2025-07-21,12:49:00,2025-07-31,104.2,105.75,104.2,105.0,1300,110240,0
FINNIFTY31JUL2526700PE.NFO,2025-07-21,12:50:00,2025-07-31,105.0,105.05,103.3,105.05,1495,110240,0
FINNIFTY31JUL2526700PE.NFO,2025-07-21,12:51:00,2025-07-31,105.05,105.05,102.0,102.0,2665,110240,0
FINNIFTY31JUL2526700PE.NFO,2025-07-21,12:52:00,2025-07-31,102.0,104.2,102.0,104.2,520,111605,0
FINNIFTY31JUL2526700PE.NFO,2025-07-21,12:53:00,2025-07-31,104.2,104.2,102.6,103.55,1105,111605,0
FINNIFTY31JUL2526700PE.NFO,2025-07-21,12:54:00,2025-07-31,103.55,103.8,102.6,103.8,325,111605,0
FINNIFTY31JUL2526700PE.NFO,2025-07-21,12:55:00,2025-07-31,103.8,105.75,103.8,105.75,455,110565,0
FINNIFTY31JUL2526700PE.NFO,2025-07-21,12:56:00,2025-07-31,105.75,105.75,105.75,105.75,0,110565,0
FINNIFTY31JUL2526700PE.NFO,2025-07-21,12:57:00,2025-07-31,105.75,105.75,104.25,104.25,455,110565,0
FINNIFTY31JUL2526700PE.NFO,2025-07-21,12:58:00,2025-07-31,104.25,104.25,104.25,104.25,0,110565,0
FINNIFTY31JUL2526700PE.NFO,2025-07-21,12:59:00,2025-07-31,104.25,104.25,104.25,104.25,65,110370,0
FINNIFTY31JUL2526700PE.NFO,2025-07-21,13:00:00,2025-07-31,104.25,104.25,101.85,101.85,585,110370,0
FINNIFTY31JUL2526700PE.NFO,2025-07-21,13:01:00,2025-07-31,101.85,101.85,101.1,101.15,195,110565,0
FINNIFTY31JUL2526700PE.NFO,2025-07-21,13:02:00,2025-07-31,101.15,101.2,100.0,101.15,910,110565,0
FINNIFTY31JUL2526700PE.NFO,2025-07-21,13:03:00,2025-07-31,101.15,102.85,100.6,102.85,260,110565,0
FINNIFTY31JUL2526700PE.NFO,2025-07-21,13:04:00,2025-07-31,102.85,102.9,102.85,102.9,845,110825,0
FINNIFTY31JUL2526700PE.NFO,2025-07-21,13:05:00,2025-07-31,102.9,102.9,99.8,101.8,1690,110825,0
FINNIFTY31JUL2526700PE.NFO,2025-07-21,13:06:00,2025-07-31,101.8,103.25,101.8,103.25,195,110825,0
FINNIFTY31JUL2526700PE.NFO,2025-07-21,13:07:00,2025-07-31,103.25,104.25,103.2,103.2,650,109980,0
FINNIFTY31JUL2526700PE.NFO,2025-07-21,13:08:00,2025-07-31,103.2,103.2,101.4,101.4,130,109980,0
FINNIFTY31JUL2526700PE.NFO,2025-07-21,13:09:00,2025-07-31,101.4,101.4,99.9,100.7,1105,109980,0
FINNIFTY31JUL2526700PE.NFO,2025-07-21,13:10:00,2025-07-31,100.7,100.7,100.7,100.7,0,109980,0
FINNIFTY31JUL2526700PE.NFO,2025-07-21,13:11:00,2025-07-31,100.7,101.95,100.7,101.95,845,109915,0
FINNIFTY31JUL2526700PE.NFO,2025-07-21,13:12:00,2025-07-31,101.95,102.8,101.95,102.8,65,109915,0
FINNIFTY31JUL2526700PE.NFO,2025-07-21,13:13:00,2025-07-31,102.8,102.8,102.8,102.8,0,109915,0
FINNIFTY31JUL2526700PE.NFO,2025-07-21,13:14:00,2025-07-31,102.8,102.8,102.8,102.8,0,109915,0
FINNIFTY31JUL2526700PE.NFO,2025-07-21,13:15:00,2025-07-31,102.8,102.8,101.4,101.5,585,109785,0
FINNIFTY31JUL2526700PE.NFO,2025-07-21,13:16:00,2025-07-31,101.5,101.5,100.65,100.65,585,110305,0
FINNIFTY31JUL2526700PE.NFO,2025-07-21,13:17:00,2025-07-31,100.65,100.65,99.9,99.9,455,110305,0
FINNIFTY31JUL2526700PE.NFO,2025-07-21,13:18:00,2025-07-31,99.9,100.0,99.9,100.0,65,110305,0
FINNIFTY31JUL2526700PE.NFO,2025-07-21,13:19:00,2025-07-31,100.0,100.0,98.0,98.9,910,110435,0
FINNIFTY31JUL2526700PE.NFO,2025-07-21,13:20:00,2025-07-31,98.9,99.95,98.9,99.95,650,110435,0
FINNIFTY31JUL2526700PE.NFO,2025-07-21,13:21:00,2025-07-31,99.95,100.4,99.95,100.4,390,110435,0
FINNIFTY31JUL2526700PE.NFO,2025-07-21,13:22:00,2025-07-31,100.4,100.4,99.5,99.5,260,111020,0
FINNIFTY31JUL2526700PE.NFO,2025-07-21,13:23:00,2025-07-31,99.5,100.4,99.5,100.4,390,111020,0
FINNIFTY31JUL2526700PE.NFO,2025-07-21,13:24:00,2025-07-31,100.4,100.4,100.0,100.0,65,111020,0
FINNIFTY31JUL2526700PE.NFO,2025-07-21,13:25:00,2025-07-31,100.0,100.0,100.0,100.0,0,111020,0
FINNIFTY31JUL2526700PE.NFO,2025-07-21,13:26:00,2025-07-31,100.0,100.0,100.0,100.0,0,111020,0
FINNIFTY31JUL2526700PE.NFO,2025-07-21,13:27:00,2025-07-31,100.0,100.0,100.0,100.0,0,111020,0
FINNIFTY31JUL2526700PE.NFO,2025-07-21,13:28:00,2025-07-31,100.0,100.0,100.0,100.0,0,111020,0
FINNIFTY31JUL2526700PE.NFO,2025-07-21,13:29:00,2025-07-31,100.0,100.25,100.0,100.25,130,111345,0
FINNIFTY31JUL2526700PE.NFO,2025-07-21,13:30:00,2025-07-31,100.25,100.4,97.8,98.1,650,111345,0
FINNIFTY31JUL2526700PE.NFO,2025-07-21,13:31:00,2025-07-31,98.1,98.2,98.0,98.0,195,111085,0
FINNIFTY31JUL2526700PE.NFO,2025-07-21,13:32:00,2025-07-31,98.0,98.0,96.65,97.65,910,111085,0
FINNIFTY31JUL2526700PE.NFO,2025-07-21,13:33:00,2025-07-31,97.65,97.65,97.5,97.5,845,111085,0
FINNIFTY31JUL2526700PE.NFO,2025-07-21,13:34:00,2025-07-31,97.5,99.25,97.5,99.25,65,111085,0
FINNIFTY31JUL2526700PE.NFO,2025-07-21,13:35:00,2025-07-31,99.25,99.25,98.05,98.05,65,111865,0
FINNIFTY31JUL2526700PE.NFO,2025-07-21,13:36:00,2025-07-31,98.05,98.4,97.45,98.4,325,111865,0
FINNIFTY31JUL2526700PE.NFO,2025-07-21,13:37:00,2025-07-31,98.4,98.4,97.7,97.7,195,112060,0
FINNIFTY31JUL2526700PE.NFO,2025-07-21,13:38:00,2025-07-31,97.7,98.4,97.7,98.4,390,112060,0
FINNIFTY31JUL2526700PE.NFO,2025-07-21,13:39:00,2025-07-31,98.4,100.2,98.4,100.2,195,112060,0
FINNIFTY31JUL2526700PE.NFO,2025-07-21,13:40:00,2025-07-31,100.2,100.2,98.35,98.35,130,111995,0
FINNIFTY31JUL2526700PE.NFO,2025-07-21,13:41:00,2025-07-31,98.35,98.9,98.35,98.9,650,111995,0
FINNIFTY31JUL2526700PE.NFO,2025-07-21,13:42:00,2025-07-31,98.9,99.85,98.9,99.85,195,111995,0
FINNIFTY31JUL2526700PE.NFO,2025-07-21,13:43:00,2025-07-31,99.85,100.0,99.75,100.0,390,111995,0
FINNIFTY31JUL2526700PE.NFO,2025-07-21,13:44:00,2025-07-31,100.0,100.0,99.05,99.4,260,111995,0
FINNIFTY31JUL2526700PE.NFO,2025-07-21,13:45:00,2025-07-31,99.4,102.3,99.4,102.3,585,111995,0
FINNIFTY31JUL2526700PE.NFO,2025-07-21,13:46:00,2025-07-31,102.3,102.3,101.05,101.05,65,111865,0
FINNIFTY31JUL2526700PE.NFO,2025-07-21,13:47:00,2025-07-31,101.05,103.7,101.05,103.05,130,111865,0
FINNIFTY31JUL2526700PE.NFO,2025-07-21,13:48:00,2025-07-31,103.05,103.05,102.45,102.55,520,111865,0
FINNIFTY31JUL2526700PE.NFO,2025-07-21,13:49:00,2025-07-31,102.55,103.05,102.55,103.05,130,111930,0
FINNIFTY31JUL2526700PE.NFO,2025-07-21,13:50:00,2025-07-31,103.05,103.45,102.55,103.0,650,111930,0
FINNIFTY31JUL2526700PE.NFO,2025-07-21,13:51:00,2025-07-31,103.0,103.2,102.5,103.2,130,111930,0
FINNIFTY31JUL2526700PE.NFO,2025-07-21,13:52:00,2025-07-31,103.2,103.5,103.0,103.3,1170,111930,0
FINNIFTY31JUL2526700PE.NFO,2025-07-21,13:53:00,2025-07-31,103.3,104.1,103.3,104.05,195,111930,0
FINNIFTY31JUL2526700PE.NFO,2025-07-21,13:54:00,2025-07-31,104.05,104.05,103.9,103.9,325,111930,0
FINNIFTY31JUL2526700PE.NFO,2025-07-21,13:55:00,2025-07-31,103.9,104.75,103.9,104.75,130,111930,0
FINNIFTY31JUL2526700PE.NFO,2025-07-21,13:56:00,2025-07-31,104.75,104.75,104.55,104.55,130,111930,0
FINNIFTY31JUL2526700PE.NFO,2025-07-21,13:57:00,2025-07-31,104.55,106.65,104.55,106.65,455,111930,0
FINNIFTY31JUL2526700PE.NFO,2025-07-21,13:58:00,2025-07-31,106.65,110.8,106.65,110.8,845,112060,0
FINNIFTY31JUL2526700PE.NFO,2025-07-21,13:59:00,2025-07-31,110.8,110.8,106.95,106.95,1235,112060,0
FINNIFTY31JUL2526700PE.NFO,2025-07-21,14:00:00,2025-07-31,106.95,107.95,106.95,107.95,975,112060,0
FINNIFTY31JUL2526700PE.NFO,2025-07-21,14:01:00,2025-07-31,107.95,109.6,107.95,109.6,1820,112645,0
FINNIFTY31JUL2526700PE.NFO,2025-07-21,14:02:00,2025-07-31,109.6,110.2,109.6,109.7,390,112645,0
FINNIFTY31JUL2526700PE.NFO,2025-07-21,14:03:00,2025-07-31,109.7,109.7,105.0,105.7,585,112645,0
FINNIFTY31JUL2526700PE.NFO,2025-07-21,14:04:00,2025-07-31,105.7,105.7,103.85,104.1,260,113490,0
FINNIFTY31JUL2526700PE.NFO,2025-07-21,14:05:00,2025-07-31,104.1,105.0,103.65,104.0,1105,113490,0
FINNIFTY31JUL2526700PE.NFO,2025-07-21,14:06:00,2025-07-31,104.0,104.0,104.0,104.0,0,113490,0
FINNIFTY31JUL2526700PE.NFO,2025-07-21,14:07:00,2025-07-31,104.0,104.0,104.0,104.0,0,113490,0
FINNIFTY31JUL2526700PE.NFO,2025-07-21,14:08:00,2025-07-31,104.0,104.0,102.8,102.8,130,113230,0
FINNIFTY31JUL2526700PE.NFO,2025-07-21,14:09:00,2025-07-31,102.8,102.8,102.8,102.8,0,113230,0
FINNIFTY31JUL2526700PE.NFO,2025-07-21,14:10:00,2025-07-31,102.8,102.8,101.5,101.85,1170,113165,0
FINNIFTY31JUL2526700PE.NFO,2025-07-21,14:11:00,2025-07-31,101.85,101.85,99.65,99.65,325,113165,0
FINNIFTY31JUL2526700PE.NFO,2025-07-21,14:12:00,2025-07-31,99.65,100.45,99.65,100.45,195,113165,0
FINNIFTY31JUL2526700PE.NFO,2025-07-21,14:13:00,2025-07-31,100.45,101.85,99.7,101.5,585,112775,0
FINNIFTY31JUL2526700PE.NFO,2025-07-21,14:14:00,2025-07-31,101.5,103.0,101.5,103.0,130,112775,0
FINNIFTY31JUL2526700PE.NFO,2025-07-21,14:15:00,2025-07-31,103.0,104.4,103.0,104.4,650,112775,0
FINNIFTY31JUL2526700PE.NFO,2025-07-21,14:16:00,2025-07-31,104.4,104.4,103.15,103.25,390,112840,0
FINNIFTY31JUL2526700PE.NFO,2025-07-21,14:17:00,2025-07-31,103.25,103.25,103.25,103.25,0,112840,0
FINNIFTY31JUL2526700PE.NFO,2025-07-21,14:18:00,2025-07-31,103.25,103.25,103.25,103.25,0,112840,0
FINNIFTY31JUL2526700PE.NFO,2025-07-21,14:19:00,2025-07-31,103.25,103.25,102.6,102.65,260,113165,0
FINNIFTY31JUL2526700PE.NFO,2025-07-21,14:20:00,2025-07-31,102.65,103.0,102.65,103.0,260,113165,0
FINNIFTY31JUL2526700PE.NFO,2025-07-21,14:21:00,2025-07-31,103.0,103.0,99.95,100.8,3185,113165,0
FINNIFTY31JUL2526700PE.NFO,2025-07-21,14:22:00,2025-07-31,100.8,102.0,100.8,101.45,195,111605,0
FINNIFTY31JUL2526700PE.NFO,2025-07-21,14:23:00,2025-07-31,101.45,101.45,101.45,101.45,0,111605,0
FINNIFTY31JUL2526700PE.NFO,2025-07-21,14:24:00,2025-07-31,101.45,101.45,101.45,101.45,0,111605,0
FINNIFTY31JUL2526700PE.NFO,2025-07-21,14:25:00,2025-07-31,101.45,101.45,101.45,101.45,0,111605,0
FINNIFTY31JUL2526700PE.NFO,2025-07-21,14:26:00,2025-07-31,101.45,101.45,101.45,101.45,0,111605,0
FINNIFTY31JUL2526700PE.NFO,2025-07-21,14:27:00,2025-07-31,101.45,101.65,101.0,101.0,845,111670,0
FINNIFTY31JUL2526700PE.NFO,2025-07-21,14:28:00,2025-07-31,101.0,101.0,101.0,101.0,0,111670,0
FINNIFTY31JUL2526700PE.NFO,2025-07-21,14:29:00,2025-07-31,101.0,102.45,101.0,102.45,65,111995,0
FINNIFTY31JUL2526700PE.NFO,2025-07-21,14:30:00,2025-07-31,102.45,102.45,101.95,101.95,65,111995,0
FINNIFTY31JUL2526700PE.NFO,2025-07-21,14:31:00,2025-07-31,101.95,101.95,101.05,101.95,650,112060,0
FINNIFTY31JUL2526700PE.NFO,2025-07-21,14:32:00,2025-07-31,101.95,103.0,101.95,103.0,455,112060,0
FINNIFTY31JUL2526700PE.NFO,2025-07-21,14:33:00,2025-07-31,103.0,104.6,102.2,104.6,1170,112060,0
FINNIFTY31JUL2526700PE.NFO,2025-07-21,14:34:00,2025-07-31,104.6,104.6,104.55,104.55,65,112060,0
FINNIFTY31JUL2526700PE.NFO,2025-07-21,14:35:00,2025-07-31,104.55,106.0,104.55,106.0,650,111800,0
FINNIFTY31JUL2526700PE.NFO,2025-07-21,14:36:00,2025-07-31,106.0,110.0,106.0,110.0,1625,111800,0
FINNIFTY31JUL2526700PE.NFO,2025-07-21,14:37:00,2025-07-31,110.0,110.0,106.8,106.8,130,110305,0
FINNIFTY31JUL2526700PE.NFO,2025-07-21,14:38:00,2025-07-31,106.8,106.95,106.8,106.95,260,110305,0
FINNIFTY31JUL2526700PE.NFO,2025-07-21,14:39:00,2025-07-31,106.95,106.95,106.55,106.55,65,110305,0
FINNIFTY31JUL2526700PE.NFO,2025-07-21,14:40:00,2025-07-31,106.55,106.9,106.0,106.8,260,110240,0
FINNIFTY31JUL2526700PE.NFO,2025-07-21,14:41:00,2025-07-31,106.8,106.8,105.1,105.1,390,110240,0
FINNIFTY31JUL2526700PE.NFO,2025-07-21,14:42:00,2025-07-31,105.1,107.0,105.1,107.0,195,110240,0
FINNIFTY31JUL2526700PE.NFO,2025-07-21,14:43:00,2025-07-31,107.0,107.0,107.0,107.0,0,110240,0
FINNIFTY31JUL2526700PE.NFO,2025-07-21,14:44:00,2025-07-31,107.0,107.0,101.55,102.0,130,109785,0
FINNIFTY31JUL2526700PE.NFO,2025-07-21,14:45:00,2025-07-31,102.0,102.0,102.0,102.0,65,109785,0
FINNIFTY31JUL2526700PE.NFO,2025-07-21,14:46:00,2025-07-31,102.0,102.0,100.0,100.0,130,109850,0
FINNIFTY31JUL2526700PE.NFO,2025-07-21,14:47:00,2025-07-31,100.0,100.0,100.0,100.0,0,109850,0
FINNIFTY31JUL2526700PE.NFO,2025-07-21,14:48:00,2025-07-31,100.0,101.4,100.0,101.4,260,109850,0
FINNIFTY31JUL2526700PE.NFO,2025-07-21,14:49:00,2025-07-31,101.4,101.4,101.0,101.0,650,110045,0
FINNIFTY31JUL2526700PE.NFO,2025-07-21,14:50:00,2025-07-31,101.0,101.0,100.8,100.8,130,110045,0
FINNIFTY31JUL2526700PE.NFO,2025-07-21,14:51:00,2025-07-31,100.8,100.8,100.8,100.8,0,110045,0
FINNIFTY31JUL2526700PE.NFO,2025-07-21,14:52:00,2025-07-31,100.8,100.8,98.75,98.75,65,110630,0
FINNIFTY31JUL2526700PE.NFO,2025-07-21,14:53:00,2025-07-31,98.75,98.75,98.75,98.75,130,110630,0
FINNIFTY31JUL2526700PE.NFO,2025-07-21,14:54:00,2025-07-31,98.75,99.75,98.75,99.75,325,110630,0
FINNIFTY31JUL2526700PE.NFO,2025-07-21,14:55:00,2025-07-31,99.75,99.75,97.5,97.5,130,110630,0
FINNIFTY31JUL2526700PE.NFO,2025-07-21,14:56:00,2025-07-31,97.5,97.5,96.25,96.25,195,110630,0
FINNIFTY31JUL2526700PE.NFO,2025-07-21,14:57:00,2025-07-31,96.25,96.25,96.0,96.0,780,110630,0
FINNIFTY31JUL2526700PE.NFO,2025-07-21,14:58:00,2025-07-31,96.0,96.75,96.0,96.45,585,110825,0
FINNIFTY31JUL2526700PE.NFO,2025-07-21,14:59:00,2025-07-31,96.45,96.45,96.45,96.45,0,110825,0
FINNIFTY31JUL2526700PE.NFO,2025-07-21,15:00:00,2025-07-31,96.15,96.95,93.9,94.45,4355,110825,0
FINNIFTY31JUL2526700PE.NFO,2025-07-21,15:01:00,2025-07-31,94.45,94.45,91.5,92.65,910,110045,0
FINNIFTY31JUL2526700PE.NFO,2025-07-21,15:02:00,2025-07-31,92.65,92.65,91.4,91.4,390,110045,0
FINNIFTY31JUL2526700PE.NFO,2025-07-21,15:03:00,2025-07-31,91.4,92.2,90.9,91.6,780,110045,0
FINNIFTY31JUL2526700PE.NFO,2025-07-21,15:04:00,2025-07-31,91.6,91.6,90.3,90.6,455,109070,0
FINNIFTY31JUL2526700PE.NFO,2025-07-21,15:05:00,2025-07-31,90.0,91.45,88.5,91.3,845,109070,0
FINNIFTY31JUL2526700PE.NFO,2025-07-21,15:06:00,2025-07-31,91.3,91.3,89.85,90.9,715,109070,0
FINNIFTY31JUL2526700PE.NFO,2025-07-21,15:07:00,2025-07-31,90.9,92.0,90.9,92.0,975,108940,0
FINNIFTY31JUL2526700PE.NFO,2025-07-21,15:08:00,2025-07-31,92.0,92.0,91.35,91.35,325,108940,0
FINNIFTY31JUL2526700PE.NFO,2025-07-21,15:09:00,2025-07-31,91.35,93.0,91.35,93.0,1950,108940,0
FINNIFTY31JUL2526700PE.NFO,2025-07-21,15:10:00,2025-07-31,92.85,92.85,92.15,92.15,195,108680,0
FINNIFTY31JUL2526700PE.NFO,2025-07-21,15:11:00,2025-07-31,92.15,92.15,91.85,91.85,715,108680,0
FINNIFTY31JUL2526700PE.NFO,2025-07-21,15:12:00,2025-07-31,91.85,92.75,91.85,92.75,3900,108680,0
FINNIFTY31JUL2526700PE.NFO,2025-07-21,15:13:00,2025-07-31,92.75,93.5,91.75,93.3,4680,110240,0
FINNIFTY31JUL2526700PE.NFO,2025-07-21,15:14:00,2025-07-31,93.3,94.05,92.65,93.5,1820,110240,0
FINNIFTY31JUL2526700PE.NFO,2025-07-21,15:15:00,2025-07-31,93.5,94.0,93.0,93.55,4550,110240,0
FINNIFTY31JUL2526700PE.NFO,2025-07-21,15:16:00,2025-07-31,93.55,93.55,92.15,92.15,1170,112970,0
FINNIFTY31JUL2526700PE.NFO,2025-07-21,15:17:00,2025-07-31,92.15,92.15,92.15,92.15,0,112970,0
FINNIFTY31JUL2526700PE.NFO,2025-07-21,15:18:00,2025-07-31,92.15,92.15,92.15,92.15,0,112970,0
FINNIFTY31JUL2526700PE.NFO,2025-07-21,15:19:00,2025-07-31,92.15,92.15,89.1,89.95,1755,112125,0
FINNIFTY31JUL2526700PE.NFO,2025-07-21,15:20:00,2025-07-31,89.95,89.95,87.05,87.2,3315,112125,0
FINNIFTY31JUL2526700PE.NFO,2025-07-21,15:21:00,2025-07-31,87.2,87.7,86.7,87.7,975,112125,0
FINNIFTY31JUL2526700PE.NFO,2025-07-21,15:22:00,2025-07-31,87.7,88.1,86.85,87.0,3380,111735,0
FINNIFTY31JUL2526700PE.NFO,2025-07-21,15:23:00,2025-07-31,87.0,88.1,86.6,86.95,650,111735,0
FINNIFTY31JUL2526700PE.NFO,2025-07-21,15:24:00,2025-07-31,86.45,88.75,86.45,88.75,2015,111735,0
FINNIFTY31JUL2526700PE.NFO,2025-07-21,15:25:00,2025-07-31,88.75,89.25,87.45,88.15,1885,112385,0
FINNIFTY31JUL2526700PE.NFO,2025-07-21,15:26:00,2025-07-31,88.15,88.7,87.3,87.3,1300,112385,0
FINNIFTY31JUL2526700PE.NFO,2025-07-21,15:27:00,2025-07-31,87.3,87.3,85.9,87.1,1170,112385,0
FINNIFTY31JUL2526700PE.NFO,2025-07-21,15:28:00,2025-07-31,87.1,88.0,86.15,86.15,1755,112125,0
FINNIFTY31JUL2526700PE.NFO,2025-07-21,15:29:00,2025-07-31,86.15,87.65,85.85,87.5,910,112125,0
FINNIFTY31JUL2526700PE.NFO,2025-07-21,15:30:00,2025-07-31,87.5,87.5,87.5,87.5,910,112125,1
FINNIFTY31JUL2526700PE.NFO,2025-07-22,09:15:00,2025-07-31,70.0,80.0,62.7,64.55,1235,111410,0
FINNIFTY31JUL2526700PE.NFO,2025-07-22,09:16:00,2025-07-31,64.55,64.55,60.0,62.55,650,111410,0
FINNIFTY31JUL2526700PE.NFO,2025-07-22,09:17:00,2025-07-31,62.55,64.85,62.0,63.3,2405,111410,0
FINNIFTY31JUL2526700PE.NFO,2025-07-22,09:18:00,2025-07-31,63.3,67.6,63.3,67.3,1755,112840,0
FINNIFTY31JUL2526700PE.NFO,2025-07-22,09:19:00,2025-07-31,67.3,72.1,67.0,72.1,4290,112840,0
FINNIFTY31JUL2526700PE.NFO,2025-07-22,09:20:00,2025-07-31,72.9,74.5,71.5,74.4,5070,112840,0
FINNIFTY31JUL2526700PE.NFO,2025-07-22,09:21:00,2025-07-31,74.4,75.5,73.4,73.4,910,108810,0
FINNIFTY31JUL2526700PE.NFO,2025-07-22,09:22:00,2025-07-31,73.4,74.4,71.1,73.0,34255,108810,0
FINNIFTY31JUL2526700PE.NFO,2025-07-22,09:23:00,2025-07-31,73.0,73.7,72.0,72.05,2730,108810,0
FINNIFTY31JUL2526700PE.NFO,2025-07-22,09:24:00,2025-07-31,72.05,73.6,70.5,70.55,1495,105040,0
FINNIFTY31JUL2526700PE.NFO,2025-07-22,09:25:00,2025-07-31,70.55,73.85,69.55,73.85,2080,105040,0
FINNIFTY31JUL2526700PE.NFO,2025-07-22,09:26:00,2025-07-31,73.85,75.3,73.45,74.3,390,105040,0
FINNIFTY31JUL2526700PE.NFO,2025-07-22,09:27:00,2025-07-31,74.3,75.0,74.2,74.2,1040,93795,0
FINNIFTY31JUL2526700PE.NFO,2025-07-22,09:28:00,2025-07-31,74.2,75.5,73.9,75.05,2470,93795,0
FINNIFTY31JUL2526700PE.NFO,2025-07-22,09:29:00,2025-07-31,75.05,75.95,75.05,75.5,1690,93795,0
FINNIFTY31JUL2526700PE.NFO,2025-07-22,09:30:00,2025-07-31,75.8,80.3,75.7,77.65,4420,93600,0
FINNIFTY31JUL2526700PE.NFO,2025-07-22,09:31:00,2025-07-31,77.65,78.7,72.9,72.9,1365,93600,0
FINNIFTY31JUL2526700PE.NFO,2025-07-22,09:32:00,2025-07-31,72.9,73.5,72.0,72.25,455,93600,0
FINNIFTY31JUL2526700PE.NFO,2025-07-22,09:33:00,2025-07-31,72.25,72.75,70.7,72.7,715,94640,0
FINNIFTY31JUL2526700PE.NFO,2025-07-22,09:34:00,2025-07-31,72.7,73.95,72.7,73.95,130,94640,0
FINNIFTY31JUL2526700PE.NFO,2025-07-22,09:35:00,2025-07-31,73.95,73.95,72.65,72.65,325,94640,0
FINNIFTY31JUL2526700PE.NFO,2025-07-22,09:36:00,2025-07-31,72.65,74.05,71.35,71.35,390,94055,0
FINNIFTY31JUL2526700PE.NFO,2025-07-22,09:37:00,2025-07-31,71.35,72.8,71.35,72.8,1040,94055,0
FINNIFTY31JUL2526700PE.NFO,2025-07-22,09:38:00,2025-07-31,72.8,75.1,72.0,73.8,455,94055,0
FINNIFTY31JUL2526700PE.NFO,2025-07-22,09:39:00,2025-07-31,73.8,74.9,73.7,74.2,715,92625,0
FINNIFTY31JUL2526700PE.NFO,2025-07-22,09:40:00,2025-07-31,74.2,74.2,73.05,73.65,520,92625,0
FINNIFTY31JUL2526700PE.NFO,2025-07-22,09:41:00,2025-07-31,73.65,75.5,73.65,75.5,715,92625,0
FINNIFTY31JUL2526700PE.NFO,2025-07-22,09:42:00,2025-07-31,75.5,77.9,75.5,77.05,975,92105,0
FINNIFTY31JUL2526700PE.NFO,2025-07-22,09:43:00,2025-07-31,77.05,77.05,74.7,75.4,325,92105,0
FINNIFTY31JUL2526700PE.NFO,2025-07-22,09:44:00,2025-07-31,75.4,75.4,73.95,73.95,65,92105,0
FINNIFTY31JUL2526700PE.NFO,2025-07-22,09:45:00,2025-07-31,73.95,73.95,69.9,69.9,195,92105,0
FINNIFTY31JUL2526700PE.NFO,2025-07-22,09:46:00,2025-07-31,69.9,71.4,67.35,67.35,1235,92170,0
FINNIFTY31JUL2526700PE.NFO,2025-07-22,09:47:00,2025-07-31,67.35,68.1,65.7,68.1,1235,92170,0
FINNIFTY31JUL2526700PE.NFO,2025-07-22,09:48:00,2025-07-31,68.1,68.85,67.5,68.45,1625,91975,0
FINNIFTY31JUL2526700PE.NFO,2025-07-22,09:49:00,2025-07-31,68.45,68.45,68.45,68.45,0,91975,0
FINNIFTY31JUL2526700PE.NFO,2025-07-22,09:50:00,2025-07-31,68.45,68.45,65.4,65.45,1430,91975,0
FINNIFTY31JUL2526700PE.NFO,2025-07-22,09:51:00,2025-07-31,65.45,65.8,63.75,65.8,325,93015,0
FINNIFTY31JUL2526700PE.NFO,2025-07-22,09:52:00,2025-07-31,65.8,67.3,65.8,66.1,585,93015,0
FINNIFTY31JUL2526700PE.NFO,2025-07-22,09:53:00,2025-07-31,66.1,66.1,64.45,64.45,390,93015,0
FINNIFTY31JUL2526700PE.NFO,2025-07-22,09:54:00,2025-07-31,64.45,65.2,64.45,65.05,195,93015,0
FINNIFTY31JUL2526700PE.NFO,2025-07-22,09:55:00,2025-07-31,65.05,65.05,65.05,65.05,0,93015,0
FINNIFTY31JUL2526700PE.NFO,2025-07-22,09:56:00,2025-07-31,65.05,68.9,65.05,68.9,260,92690,0
FINNIFTY31JUL2526700PE.NFO,2025-07-22,09:57:00,2025-07-31,68.9,71.0,68.1,71.0,1885,92755,0
FINNIFTY31JUL2526700PE.NFO,2025-07-22,09:58:00,2025-07-31,71.0,71.0,70.7,70.7,65,92755,0
FINNIFTY31JUL2526700PE.NFO,2025-07-22,09:59:00,2025-07-31,70.7,70.7,69.05,69.05,390,92755,0
FINNIFTY31JUL2526700PE.NFO,2025-07-22,10:00:00,2025-07-31,69.05,69.05,69.05,69.05,0,92755,0
FINNIFTY31JUL2526700PE.NFO,2025-07-22,10:01:00,2025-07-31,69.05,69.45,68.6,68.6,195,92105,0
FINNIFTY31JUL2526700PE.NFO,2025-07-22,10:02:00,2025-07-31,68.6,71.65,68.6,71.6,195,92105,0
FINNIFTY31JUL2526700PE.NFO,2025-07-22,10:03:00,2025-07-31,71.6,71.65,71.6,71.6,1430,92105,0
FINNIFTY31JUL2526700PE.NFO,2025-07-22,10:04:00,2025-07-31,71.6,74.0,71.6,74.0,1430,93340,0
FINNIFTY31JUL2526700PE.NFO,2025-07-22,10:05:00,2025-07-31,74.0,74.0,74.0,74.0,195,93340,0
FINNIFTY31JUL2526700PE.NFO,2025-07-22,10:06:00,2025-07-31,74.0,74.0,74.0,74.0,0,93340,0
FINNIFTY31JUL2526700PE.NFO,2025-07-22,10:07:00,2025-07-31,74.0,74.0,70.0,70.0,325,92430,0
FINNIFTY31JUL2526700PE.NFO,2025-07-22,10:08:00,2025-07-31,70.0,70.0,70.0,70.0,0,92430,0
FINNIFTY31JUL2526700PE.NFO,2025-07-22,10:09:00,2025-07-31,70.0,70.0,70.0,70.0,0,92430,0
FINNIFTY31JUL2526700PE.NFO,2025-07-22,10:10:00,2025-07-31,70.0,71.35,70.0,70.3,130,92365,0
FINNIFTY31JUL2526700PE.NFO,2025-07-22,10:11:00,2025-07-31,70.3,70.3,70.3,70.3,0,92365,0
FINNIFTY31JUL2526700PE.NFO,2025-07-22,10:12:00,2025-07-31,70.3,70.3,65.5,67.4,390,92170,0
FINNIFTY31JUL2526700PE.NFO,2025-07-22,10:13:00,2025-07-31,67.4,67.4,67.4,67.4,0,92170,0
FINNIFTY31JUL2526700PE.NFO,2025-07-22,10:14:00,2025-07-31,67.4,67.4,67.4,67.4,0,92170,0
FINNIFTY31JUL2526700PE.NFO,2025-07-22,10:15:00,2025-07-31,67.4,67.4,65.0,65.0,1365,92170,0
FINNIFTY31JUL2526700PE.NFO,2025-07-22,10:16:00,2025-07-31,65.0,65.0,64.4,64.4,1365,93405,0
FINNIFTY31JUL2526700PE.NFO,2025-07-22,10:17:00,2025-07-31,64.4,64.9,62.8,62.8,2015,93405,0
FINNIFTY31JUL2526700PE.NFO,2025-07-22,10:18:00,2025-07-31,62.8,63.45,60.5,60.5,455,93405,0
FINNIFTY31JUL2526700PE.NFO,2025-07-22,10:19:00,2025-07-31,60.5,61.15,60.0,61.05,2535,94445,0
FINNIFTY31JUL2526700PE.NFO,2025-07-22,10:20:00,2025-07-31,61.05,61.05,58.75,60.55,2405,94445,0
FINNIFTY31JUL2526700PE.NFO,2025-07-22,10:21:00,2025-07-31,60.55,60.7,59.85,59.85,910,95420,0
FINNIFTY31JUL2526700PE.NFO,2025-07-22,10:22:00,2025-07-31,59.85,60.1,58.0,58.0,845,95420,0
FINNIFTY31JUL2526700PE.NFO,2025-07-22,10:23:00,2025-07-31,58.0,58.5,57.55,58.5,2665,95420,0
FINNIFTY31JUL2526700PE.NFO,2025-07-22,10:24:00,2025-07-31,58.5,58.75,58.45,58.45,1430,95420,0
FINNIFTY31JUL2526700PE.NFO,2025-07-22,10:25:00,2025-07-31,59.05,61.0,59.05,61.0,455,97565,0
FINNIFTY31JUL2526700PE.NFO,2025-07-22,10:26:00,2025-07-31,61.0,61.05,59.3,59.3,195,97565,0
FINNIFTY31JUL2526700PE.NFO,2025-07-22,10:27:00,2025-07-31,59.3,60.85,59.3,60.85,1105,97240,0
FINNIFTY31JUL2526700PE.NFO,2025-07-22,10:28:00,2025-07-31,60.85,60.95,60.05,60.05,260,97240,0
FINNIFTY31JUL2526700PE.NFO,2025-07-22,10:29:00,2025-07-31,60.05,62.9,60.05,62.9,130,97240,0
FINNIFTY31JUL2526700PE.NFO,2025-07-22,10:30:00,2025-07-31,62.9,63.35,61.0,61.0,650,97435,0
FINNIFTY31JUL2526700PE.NFO,2025-07-22,10:31:00,2025-07-31,61.0,61.0,59.15,59.15,1495,97435,0
FINNIFTY31JUL2526700PE.NFO,2025-07-22,10:32:00,2025-07-31,59.15,60.65,59.15,60.65,390,97435,0
FINNIFTY31JUL2526700PE.NFO,2025-07-22,10:33:00,2025-07-31,60.65,60.65,60.65,60.65,65,97435,0
FINNIFTY31JUL2526700PE.NFO,2025-07-22,10:34:00,2025-07-31,60.65,61.55,60.65,61.55,130,98930,0
FINNIFTY31JUL2526700PE.NFO,2025-07-22,10:35:00,2025-07-31,61.55,61.65,61.5,61.65,650,98930,0
FINNIFTY31JUL2526700PE.NFO,2025-07-22,10:36:00,2025-07-31,61.65,62.25,61.65,62.25,1300,98930,0
FINNIFTY31JUL2526700PE.NFO,2025-07-22,10:37:00,2025-07-31,62.25,62.9,62.25,62.9,390,99320,0
FINNIFTY31JUL2526700PE.NFO,2025-07-22,10:38:00,2025-07-31,62.9,63.15,62.9,63.0,325,99320,0
FINNIFTY31JUL2526700PE.NFO,2025-07-22,10:39:00,2025-07-31,63.0,64.4,63.0,63.8,2860,99320,0
FINNIFTY31JUL2526700PE.NFO,2025-07-22,10:40:00,2025-07-31,63.8,66.0,63.8,66.0,1560,96265,0
FINNIFTY31JUL2526700PE.NFO,2025-07-22,10:41:00,2025-07-31,66.0,66.6,65.75,66.0,1040,96265,0
FINNIFTY31JUL2526700PE.NFO,2025-07-22,10:42:00,2025-07-31,66.0,67.4,65.45,65.45,1690,94055,0
FINNIFTY31JUL2526700PE.NFO,2025-07-22,10:43:00,2025-07-31,65.45,66.55,65.45,66.25,715,94055,0
FINNIFTY31JUL2526700PE.NFO,2025-07-22,10:44:00,2025-07-31,66.25,68.9,66.25,68.9,130,94055,0
FINNIFTY31JUL2526700PE.NFO,2025-07-22,10:45:00,2025-07-31,68.9,70.85,68.9,70.85,2795,94055,0
FINNIFTY31JUL2526700PE.NFO,2025-07-22,10:46:00,2025-07-31,70.85,70.85,69.7,69.7,130,92235,0
FINNIFTY31JUL2526700PE.NFO,2025-07-22,10:47:00,2025-07-31,69.7,69.7,66.15,66.15,195,92235,0
FINNIFTY31JUL2526700PE.NFO,2025-07-22,10:48:00,2025-07-31,66.15,66.9,65.9,65.9,195,92235,0
FINNIFTY31JUL2526700PE.NFO,2025-07-22,10:49:00,2025-07-31,65.9,66.75,65.9,66.75,260,91520,0
FINNIFTY31JUL2526700PE.NFO,2025-07-22,10:50:00,2025-07-31,66.75,66.75,65.9,65.9,260,91520,0
FINNIFTY31JUL2526700PE.NFO,2025-07-22,10:51:00,2025-07-31,65.9,65.9,64.8,64.8,65,91520,0
FINNIFTY31JUL2526700PE.NFO,2025-07-22,10:52:00,2025-07-31,64.8,67.35,64.8,67.35,130,91845,0
FINNIFTY31JUL2526700PE.NFO,2025-07-22,10:53:00,2025-07-31,67.35,68.0,67.0,68.0,195,91845,0
FINNIFTY31JUL2526700PE.NFO,2025-07-22,10:54:00,2025-07-31,68.0,68.0,68.0,68.0,0,91845,0
FINNIFTY31JUL2526700PE.NFO,2025-07-22,10:55:00,2025-07-31,68.0,68.95,68.0,68.95,195,91325,0
FINNIFTY31JUL2526700PE.NFO,2025-07-22,10:56:00,2025-07-31,68.95,68.95,68.95,68.95,0,91325,0
FINNIFTY31JUL2526700PE.NFO,2025-07-22,10:57:00,2025-07-31,68.95,68.95,68.95,68.95,0,91325,0
FINNIFTY31JUL2526700PE.NFO,2025-07-22,10:58:00,2025-07-31,68.95,70.8,68.95,70.45,195,91260,0
FINNIFTY31JUL2526700PE.NFO,2025-07-22,10:59:00,2025-07-31,70.45,70.45,70.45,70.45,0,91260,0
FINNIFTY31JUL2526700PE.NFO,2025-07-22,11:00:00,2025-07-31,70.45,71.0,70.45,71.0,65,91260,0
FINNIFTY31JUL2526700PE.NFO,2025-07-22,11:01:00,2025-07-31,71.0,71.0,71.0,71.0,130,91325,0
FINNIFTY31JUL2526700PE.NFO,2025-07-22,11:02:00,2025-07-31,71.0,71.0,70.1,70.1,65,91325,0
FINNIFTY31JUL2526700PE.NFO,2025-07-22,11:03:00,2025-07-31,70.1,70.1,70.1,70.1,0,91325,0
FINNIFTY31JUL2526700PE.NFO,2025-07-22,11:04:00,2025-07-31,70.1,72.4,70.1,72.4,65,91195,0
FINNIFTY31JUL2526700PE.NFO,2025-07-22,11:05:00,2025-07-31,72.4,74.9,72.4,74.9,325,91195,0
FINNIFTY31JUL2526700PE.NFO,2025-07-22,11:06:00,2025-07-31,74.9,80.0,74.9,80.0,5525,90090,0
FINNIFTY31JUL2526700PE.NFO,2025-07-22,11:07:00,2025-07-31,80.0,80.0,78.7,78.7,195,90090,0
FINNIFTY31JUL2526700PE.NFO,2025-07-22,11:08:00,2025-07-31,78.7,78.7,76.75,77.35,390,90090,0
FINNIFTY31JUL2526700PE.NFO,2025-07-22,11:09:00,2025-07-31,79.85,82.4,79.85,81.5,1755,88660,0
FINNIFTY31JUL2526700PE.NFO,2025-07-22,11:10:00,2025-07-31,81.5,81.5,80.1,80.1,520,88660,0
FINNIFTY31JUL2526700PE.NFO,2025-07-22,11:11:00,2025-07-31,80.1,80.1,77.8,77.8,1430,88660,0
FINNIFTY31JUL2526700PE.NFO,2025-07-22,11:12:00,2025-07-31,77.8,79.15,77.05,77.05,455,88075,0
FINNIFTY31JUL2526700PE.NFO,2025-07-22,11:13:00,2025-07-31,77.05,77.05,76.3,76.75,260,88075,0
FINNIFTY31JUL2526700PE.NFO,2025-07-22,11:14:00,2025-07-31,76.75,76.75,75.5,75.5,65,88075,0
FINNIFTY31JUL2526700PE.NFO,2025-07-22,11:15:00,2025-07-31,75.5,75.5,75.5,75.5,0,88075,0
FINNIFTY31JUL2526700PE.NFO,2025-07-22,11:16:00,2025-07-31,75.5,75.65,75.5,75.5,195,88010,0
FINNIFTY31JUL2526700PE.NFO,2025-07-22,11:17:00,2025-07-31,75.5,75.5,75.5,75.5,0,88010,0
FINNIFTY31JUL2526700PE.NFO,2025-07-22,11:18:00,2025-07-31,75.5,80.55,75.5,79.8,585,87880,0
FINNIFTY31JUL2526700PE.NFO,2025-07-22,11:19:00,2025-07-31,79.8,84.0,79.8,84.0,650,87880,0
FINNIFTY31JUL2526700PE.NFO,2025-07-22,11:20:00,2025-07-31,84.0,84.0,80.2,80.2,130,87880,0
FINNIFTY31JUL2526700PE.NFO,2025-07-22,11:21:00,2025-07-31,80.2,81.35,80.2,81.35,260,87815,0
FINNIFTY31JUL2526700PE.NFO,2025-07-22,11:22:00,2025-07-31,81.35,83.1,81.35,83.1,650,87815,0
FINNIFTY31JUL2526700PE.NFO,2025-07-22,11:23:00,2025-07-31,83.1,83.1,79.7,80.5,715,87815,0
FINNIFTY31JUL2526700PE.NFO,2025-07-22,11:24:00,2025-07-31,80.5,80.5,80.1,80.1,260,87815,0
FINNIFTY31JUL2526700PE.NFO,2025-07-22,11:25:00,2025-07-31,80.1,80.1,79.05,79.05,325,87555,0
FINNIFTY31JUL2526700PE.NFO,2025-07-22,11:26:00,2025-07-31,79.05,79.05,77.75,77.75,325,87555,0
FINNIFTY31JUL2526700PE.NFO,2025-07-22,11:27:00,2025-07-31,77.75,77.75,76.1,76.1,845,87555,0
FINNIFTY31JUL2526700PE.NFO,2025-07-22,11:28:00,2025-07-31,76.1,77.6,76.1,77.6,65,86580,0
FINNIFTY31JUL2526700PE.NFO,2025-07-22,11:29:00,2025-07-31,77.6,77.6,77.6,77.6,0,86580,0
FINNIFTY31JUL2526700PE.NFO,2025-07-22,11:30:00,2025-07-31,77.6,78.4,76.85,78.4,520,86580,0
FINNIFTY31JUL2526700PE.NFO,2025-07-22,11:31:00,2025-07-31,78.4,78.8,77.75,77.75,195,86905,0
FINNIFTY31JUL2526700PE.NFO,2025-07-22,11:32:00,2025-07-31,77.75,77.75,77.75,77.75,0,86905,0
FINNIFTY31JUL2526700PE.NFO,2025-07-22,11:33:00,2025-07-31,77.75,80.0,77.75,80.0,65,86905,0
FINNIFTY31JUL2526700PE.NFO,2025-07-22,11:34:00,2025-07-31,80.0,82.5,80.0,80.65,455,86385,0
FINNIFTY31JUL2526700PE.NFO,2025-07-22,11:35:00,2025-07-31,80.65,80.65,78.7,79.9,455,86385,0
FINNIFTY31JUL2526700PE.NFO,2025-07-22,11:36:00,2025-07-31,79.9,80.05,79.25,79.6,195,86060,0
FINNIFTY31JUL2526700PE.NFO,2025-07-22,11:37:00,2025-07-31,79.6,79.85,79.3,79.3,455,86060,0
FINNIFTY31JUL2526700PE.NFO,2025-07-22,11:38:00,2025-07-31,79.3,79.3,78.2,78.2,130,86060,0
FINNIFTY31JUL2526700PE.NFO,2025-07-22,11:39:00,2025-07-31,78.2,80.35,78.2,80.35,130,85670,0
FINNIFTY31JUL2526700PE.NFO,2025-07-22,11:40:00,2025-07-31,80.35,80.65,80.1,80.65,195,85670,0
FINNIFTY31JUL2526700PE.NFO,2025-07-22,11:41:00,2025-07-31,80.65,80.65,79.95,79.95,780,85670,0
FINNIFTY31JUL2526700PE.NFO,2025-07-22,11:42:00,2025-07-31,79.95,80.85,79.2,79.2,585,85540,0
FINNIFTY31JUL2526700PE.NFO,2025-07-22,11:43:00,2025-07-31,79.2,79.2,79.2,79.2,0,85540,0
FINNIFTY31JUL2526700PE.NFO,2025-07-22,11:44:00,2025-07-31,79.2,79.2,78.1,78.1,195,85540,0
FINNIFTY31JUL2526700PE.NFO,2025-07-22,11:45:00,2025-07-31,78.1,78.1,77.95,77.95,65,85540,0
FINNIFTY31JUL2526700PE.NFO,2025-07-22,11:46:00,2025-07-31,77.95,77.95,77.95,77.95,65,85540,0
FINNIFTY31JUL2526700PE.NFO,2025-07-22,11:47:00,2025-07-31,77.95,78.05,77.95,78.05,65,85540,0
FINNIFTY31JUL2526700PE.NFO,2025-07-22,11:48:00,2025-07-31,78.05,78.25,77.25,77.25,130,85540,0
FINNIFTY31JUL2526700PE.NFO,2025-07-22,11:49:00,2025-07-31,77.25,77.25,77.25,77.25,0,85540,0
FINNIFTY31JUL2526700PE.NFO,2025-07-22,11:50:00,2025-07-31,77.25,82.05,77.25,82.05,65,85540,0
FINNIFTY31JUL2526700PE.NFO,2025-07-22,11:51:00,2025-07-31,82.05,83.35,81.85,83.35,260,85540,0
FINNIFTY31JUL2526700PE.NFO,2025-07-22,11:52:00,2025-07-31,83.35,83.35,78.65,79.45,260,85540,0
FINNIFTY31JUL2526700PE.NFO,2025-07-22,11:53:00,2025-07-31,79.45,79.45,79.45,79.45,0,85540,0
FINNIFTY31JUL2526700PE.NFO,2025-07-22,11:54:00,2025-07-31,79.45,79.45,76.35,76.35,130,85540,0
FINNIFTY31JUL2526700PE.NFO,2025-07-22,11:55:00,2025-07-31,76.35,76.55,76.35,76.55,130,85800,0
FINNIFTY31JUL2526700PE.NFO,2025-07-22,11:56:00,2025-07-31,76.55,76.55,74.2,74.2,130,85800,0
FINNIFTY31JUL2526700PE.NFO,2025-07-22,11:57:00,2025-07-31,74.2,74.3,74.2,74.3,65,85800,0
FINNIFTY31JUL2526700PE.NFO,2025-07-22,11:58:00,2025-07-31,74.3,74.3,74.3,74.3,0,85605,0
FINNIFTY31JUL2526700PE.NFO,2025-07-22,11:59:00,2025-07-31,74.3,74.3,74.3,74.3,0,85605,0
FINNIFTY31JUL2526700PE.NFO,2025-07-22,12:00:00,2025-07-31,74.3,74.3,74.3,74.3,0,85605,0
FINNIFTY31JUL2526700PE.NFO,2025-07-22,12:01:00,2025-07-31,74.3,74.3,74.3,74.3,0,85605,0
FINNIFTY31JUL2526700PE.NFO,2025-07-22,12:02:00,2025-07-31,74.3,74.3,74.3,74.3,0,85605,0
FINNIFTY31JUL2526700PE.NFO,2025-07-22,12:03:00,2025-07-31,74.3,74.3,74.3,74.3,0,85605,0
FINNIFTY31JUL2526700PE.NFO,2025-07-22,12:04:00,2025-07-31,74.3,74.3,71.3,71.3,65,85540,0
FINNIFTY31JUL2526700PE.NFO,2025-07-22,12:05:00,2025-07-31,71.3,71.3,70.55,70.55,195,85540,0
FINNIFTY31JUL2526700PE.NFO,2025-07-22,12:06:00,2025-07-31,70.55,70.85,70.05,70.05,195,85540,0
FINNIFTY31JUL2526700PE.NFO,2025-07-22,12:07:00,2025-07-31,70.05,71.35,70.0,70.0,650,85605,0
FINNIFTY31JUL2526700PE.NFO,2025-07-22,12:08:00,2025-07-31,70.0,72.5,70.0,72.5,260,85605,0
FINNIFTY31JUL2526700PE.NFO,2025-07-22,12:09:00,2025-07-31,72.5,73.1,72.5,73.1,130,85605,0
FINNIFTY31JUL2526700PE.NFO,2025-07-22,12:10:00,2025-07-31,73.1,73.1,72.5,72.5,65,85605,0
FINNIFTY31JUL2526700PE.NFO,2025-07-22,12:11:00,2025-07-31,72.5,72.5,71.9,71.9,325,85605,0
FINNIFTY31JUL2526700PE.NFO,2025-07-22,12:12:00,2025-07-31,71.9,73.4,71.9,73.35,260,85605,0
FINNIFTY31JUL2526700PE.NFO,2025-07-22,12:13:00,2025-07-31,73.35,73.35,73.35,73.35,0,85605,0
FINNIFTY31JUL2526700PE.NFO,2025-07-22,12:14:00,2025-07-31,73.35,73.7,73.35,73.7,65,85735,0
FINNIFTY31JUL2526700PE.NFO,2025-07-22,12:15:00,2025-07-31,73.7,73.7,72.4,72.4,390,85735,0
FINNIFTY31JUL2526700PE.NFO,2025-07-22,12:16:00,2025-07-31,72.4,72.45,72.25,72.45,195,85475,0
FINNIFTY31JUL2526700PE.NFO,2025-07-22,12:17:00,2025-07-31,72.45,72.45,72.45,72.45,0,85475,0
FINNIFTY31JUL2526700PE.NFO,2025-07-22,12:18:00,2025-07-31,72.45,72.45,72.45,72.45,0,85475,0
FINNIFTY31JUL2526700PE.NFO,2025-07-22,12:19:00,2025-07-31,72.45,72.45,69.3,69.3,325,85345,0
FINNIFTY31JUL2526700PE.NFO,2025-07-22,12:20:00,2025-07-31,69.3,69.3,69.0,69.0,65,85345,0
FINNIFTY31JUL2526700PE.NFO,2025-07-22,12:21:00,2025-07-31,69.0,69.0,65.8,65.8,455,85345,0
FINNIFTY31JUL2526700PE.NFO,2025-07-22,12:22:00,2025-07-31,65.8,65.8,65.05,65.05,195,85605,0
FINNIFTY31JUL2526700PE.NFO,2025-07-22,12:23:00,2025-07-31,65.05,65.05,62.4,62.85,195,85605,0
FINNIFTY31JUL2526700PE.NFO,2025-07-22,12:24:00,2025-07-31,62.85,63.0,62.85,63.0,455,85605,0
FINNIFTY31JUL2526700PE.NFO,2025-07-22,12:25:00,2025-07-31,63.0,66.1,63.0,66.1,65,85150,0
FINNIFTY31JUL2526700PE.NFO,2025-07-22,12:26:00,2025-07-31,66.1,66.1,66.1,66.1,0,85150,0
FINNIFTY31JUL2526700PE.NFO,2025-07-22,12:27:00,2025-07-31,66.1,66.1,64.7,64.7,65,85150,0
FINNIFTY31JUL2526700PE.NFO,2025-07-22,12:28:00,2025-07-31,64.7,64.75,64.7,64.75,65,85150,0
FINNIFTY31JUL2526700PE.NFO,2025-07-22,12:29:00,2025-07-31,64.75,64.75,63.6,63.6,130,85150,0
FINNIFTY31JUL2526700PE.NFO,2025-07-22,12:30:00,2025-07-31,63.6,63.6,62.3,62.3,585,85150,0
FINNIFTY31JUL2526700PE.NFO,2025-07-22,12:31:00,2025-07-31,62.3,62.3,62.3,62.3,0,85150,0
FINNIFTY31JUL2526700PE.NFO,2025-07-22,12:32:00,2025-07-31,62.3,63.4,62.3,63.4,195,84565,0
FINNIFTY31JUL2526700PE.NFO,2025-07-22,12:33:00,2025-07-31,63.4,65.0,63.25,63.25,20150,84565,0
FINNIFTY31JUL2526700PE.NFO,2025-07-22,12:34:00,2025-07-31,63.25,63.25,62.85,62.85,65,82485,0
FINNIFTY31JUL2526700PE.NFO,2025-07-22,12:35:00,2025-07-31,62.85,64.3,62.85,64.3,130,82485,0
FINNIFTY31JUL2526700PE.NFO,2025-07-22,12:36:00,2025-07-31,64.3,65.75,64.3,65.75,520,82485,0
FINNIFTY31JUL2526700PE.NFO,2025-07-22,12:37:00,2025-07-31,65.75,65.75,65.75,65.75,0,82485,0
FINNIFTY31JUL2526700PE.NFO,2025-07-22,12:38:00,2025-07-31,65.75,67.05,65.75,66.05,845,82290,0
FINNIFTY31JUL2526700PE.NFO,2025-07-22,12:39:00,2025-07-31,66.05,66.05,65.85,66.05,325,82290,0
FINNIFTY31JUL2526700PE.NFO,2025-07-22,12:40:00,2025-07-31,66.05,66.05,66.05,66.05,0,82290,0
FINNIFTY31JUL2526700PE.NFO,2025-07-22,12:41:00,2025-07-31,66.05,67.25,66.05,67.25,65,82030,0
FINNIFTY31JUL2526700PE.NFO,2025-07-22,12:42:00,2025-07-31,67.25,67.25,67.25,67.25,0,82030,0
FINNIFTY31JUL2526700PE.NFO,2025-07-22,12:43:00,2025-07-31,67.25,67.25,66.0,66.0,0,82290,0
FINNIFTY31JUL2526700PE.NFO,2025-07-22,12:44:00,2025-07-31,66.0,66.0,64.4,64.4,65,82290,0
FINNIFTY31JUL2526700PE.NFO,2025-07-22,12:45:00,2025-07-31,64.4,64.4,63.25,63.25,260,82290,0
FINNIFTY31JUL2526700PE.NFO,2025-07-22,12:46:00,2025-07-31,63.25,63.65,63.0,63.0,260,82420,0
FINNIFTY31JUL2526700PE.NFO,2025-07-22,12:47:00,2025-07-31,63.0,63.0,62.0,62.0,130,82420,0
FINNIFTY31JUL2526700PE.NFO,2025-07-22,12:48:00,2025-07-31,62.0,64.1,62.0,64.1,455,82420,0
FINNIFTY31JUL2526700PE.NFO,2025-07-22,12:49:00,2025-07-31,64.1,64.1,64.1,64.1,0,82420,0
FINNIFTY31JUL2526700PE.NFO,2025-07-22,12:50:00,2025-07-31,64.1,64.1,63.65,63.65,65,82615,0
FINNIFTY31JUL2526700PE.NFO,2025-07-22,12:51:00,2025-07-31,63.65,63.65,62.45,62.45,65,82615,0
FINNIFTY31JUL2526700PE.NFO,2025-07-22,12:52:00,2025-07-31,62.45,62.45,62.45,62.45,0,82615,0
FINNIFTY31JUL2526700PE.NFO,2025-07-22,12:53:00,2025-07-31,62.45,62.45,62.45,62.45,0,82615,0
FINNIFTY31JUL2526700PE.NFO,2025-07-22,12:54:00,2025-07-31,62.45,64.85,62.45,64.85,65,82745,0
FINNIFTY31JUL2526700PE.NFO,2025-07-22,12:55:00,2025-07-31,64.85,64.85,64.85,64.85,65,82745,0
FINNIFTY31JUL2526700PE.NFO,2025-07-22,12:56:00,2025-07-31,64.85,64.85,64.0,64.05,715,82745,0
FINNIFTY31JUL2526700PE.NFO,2025-07-22,12:57:00,2025-07-31,64.05,64.05,63.2,63.2,65,82745,0
FINNIFTY31JUL2526700PE.NFO,2025-07-22,12:58:00,2025-07-31,63.2,63.2,62.5,63.1,520,82745,0
FINNIFTY31JUL2526700PE.NFO,2025-07-22,12:59:00,2025-07-31,63.1,63.1,63.1,63.1,0,82745,0
FINNIFTY31JUL2526700PE.NFO,2025-07-22,13:00:00,2025-07-31,63.1,63.1,61.0,61.0,0,82745,0
FINNIFTY31JUL2526700PE.NFO,2025-07-22,13:01:00,2025-07-31,61.0,61.2,61.0,61.2,65,82745,0
FINNIFTY31JUL2526700PE.NFO,2025-07-22,13:02:00,2025-07-31,61.2,62.1,61.2,62.1,260,82940,0
FINNIFTY31JUL2526700PE.NFO,2025-07-22,13:03:00,2025-07-31,62.1,62.1,61.85,62.1,130,82940,0
FINNIFTY31JUL2526700PE.NFO,2025-07-22,13:04:00,2025-07-31,62.1,62.1,62.1,62.1,0,82940,0
FINNIFTY31JUL2526700PE.NFO,2025-07-22,13:05:00,2025-07-31,62.1,64.85,62.1,64.85,65,83070,0
FINNIFTY31JUL2526700PE.NFO,2025-07-22,13:06:00,2025-07-31,64.85,64.9,64.85,64.9,65,83070,0
FINNIFTY31JUL2526700PE.NFO,2025-07-22,13:07:00,2025-07-31,64.9,64.9,63.9,63.9,520,83005,0
FINNIFTY31JUL2526700PE.NFO,2025-07-22,13:08:00,2025-07-31,63.9,64.0,63.9,64.0,325,83005,0
FINNIFTY31JUL2526700PE.NFO,2025-07-22,13:09:00,2025-07-31,64.0,64.0,64.0,64.0,0,83005,0
FINNIFTY31JUL2526700PE.NFO,2025-07-22,13:10:00,2025-07-31,64.0,64.95,64.0,64.95,325,82940,0
FINNIFTY31JUL2526700PE.NFO,2025-07-22,13:11:00,2025-07-31,64.95,66.0,64.75,66.0,455,82940,0
FINNIFTY31JUL2526700PE.NFO,2025-07-22,13:12:00,2025-07-31,66.0,66.0,64.3,64.3,260,82940,0
FINNIFTY31JUL2526700PE.NFO,2025-07-22,13:13:00,2025-07-31,64.3,64.3,64.3,64.3,0,82940,0
FINNIFTY31JUL2526700PE.NFO,2025-07-22,13:14:00,2025-07-31,64.3,65.15,64.3,65.15,65,82940,0
FINNIFTY31JUL2526700PE.NFO,2025-07-22,13:15:00,2025-07-31,65.15,66.15,65.15,66.15,130,82940,0
FINNIFTY31JUL2526700PE.NFO,2025-07-22,13:16:00,2025-07-31,66.15,66.15,65.55,65.55,390,82940,0
FINNIFTY31JUL2526700PE.NFO,2025-07-22,13:17:00,2025-07-31,65.55,65.55,65.55,65.55,0,82940,0
FINNIFTY31JUL2526700PE.NFO,2025-07-22,13:18:00,2025-07-31,65.55,65.55,65.55,65.55,0,82940,0
FINNIFTY31JUL2526700PE.NFO,2025-07-22,13:19:00,2025-07-31,65.55,65.55,65.55,65.55,0,82940,0
FINNIFTY31JUL2526700PE.NFO,2025-07-22,13:20:00,2025-07-31,65.55,66.5,65.55,66.0,130,83265,0
FINNIFTY31JUL2526700PE.NFO,2025-07-22,13:21:00,2025-07-31,66.0,66.0,64.35,64.35,65,83265,0
FINNIFTY31JUL2526700PE.NFO,2025-07-22,13:22:00,2025-07-31,64.35,65.25,64.35,65.25,65,83200,0
FINNIFTY31JUL2526700PE.NFO,2025-07-22,13:23:00,2025-07-31,65.25,65.25,64.8,64.8,390,83200,0
FINNIFTY31JUL2526700PE.NFO,2025-07-22,13:24:00,2025-07-31,64.8,65.85,64.8,65.2,195,83200,0
FINNIFTY31JUL2526700PE.NFO,2025-07-22,13:25:00,2025-07-31,65.2,65.45,64.5,65.45,195,82810,0
FINNIFTY31JUL2526700PE.NFO,2025-07-22,13:26:00,2025-07-31,65.45,65.45,65.45,65.45,0,82810,0
FINNIFTY31JUL2526700PE.NFO,2025-07-22,13:27:00,2025-07-31,65.45,65.45,65.45,65.45,0,82810,0
FINNIFTY31JUL2526700PE.NFO,2025-07-22,13:28:00,2025-07-31,65.45,65.45,65.45,65.45,0,82810,0
FINNIFTY31JUL2526700PE.NFO,2025-07-22,13:29:00,2025-07-31,65.45,68.5,65.45,68.5,130,82615,0
FINNIFTY31JUL2526700PE.NFO,2025-07-22,13:30:00,2025-07-31,68.5,69.65,68.5,69.65,195,82615,0
FINNIFTY31JUL2526700PE.NFO,2025-07-22,13:31:00,2025-07-31,69.65,69.65,68.8,68.8,195,82615,0
FINNIFTY31JUL2526700PE.NFO,2025-07-22,13:32:00,2025-07-31,68.8,68.8,68.8,68.8,0,82615,0
FINNIFTY31JUL2526700PE.NFO,2025-07-22,13:33:00,2025-07-31,68.8,68.8,67.95,67.95,65,82745,0
FINNIFTY31JUL2526700PE.NFO,2025-07-22,13:34:00,2025-07-31,67.95,67.95,67.95,67.95,0,82745,0
FINNIFTY31JUL2526700PE.NFO,2025-07-22,13:35:00,2025-07-31,67.95,69.2,67.95,68.5,260,82745,0
FINNIFTY31JUL2526700PE.NFO,2025-07-22,13:36:00,2025-07-31,68.5,68.5,68.5,68.5,0,82745,0
FINNIFTY31JUL2526700PE.NFO,2025-07-22,13:37:00,2025-07-31,68.5,68.5,68.05,68.05,65,82745,0
FINNIFTY31JUL2526700PE.NFO,2025-07-22,13:38:00,2025-07-31,68.05,68.05,68.05,68.05,0,82745,0
FINNIFTY31JUL2526700PE.NFO,2025-07-22,13:39:00,2025-07-31,68.05,68.05,68.05,68.05,0,82745,0
FINNIFTY31JUL2526700PE.NFO,2025-07-22,13:40:00,2025-07-31,68.05,68.05,68.05,68.05,0,82745,0
FINNIFTY31JUL2526700PE.NFO,2025-07-22,13:41:00,2025-07-31,68.05,68.05,68.05,68.05,0,82745,0
FINNIFTY31JUL2526700PE.NFO,2025-07-22,13:42:00,2025-07-31,68.05,72.65,68.05,71.85,2795,82875,0
FINNIFTY31JUL2526700PE.NFO,2025-07-22,13:43:00,2025-07-31,71.85,71.85,71.4,71.85,325,83005,0
FINNIFTY31JUL2526700PE.NFO,2025-07-22,13:44:00,2025-07-31,71.85,71.85,71.75,71.75,65,83005,0
FINNIFTY31JUL2526700PE.NFO,2025-07-22,13:45:00,2025-07-31,71.75,73.0,71.75,73.0,65,83005,0
FINNIFTY31JUL2526700PE.NFO,2025-07-22,13:46:00,2025-07-31,73.0,74.6,73.0,74.1,195,83005,0
FINNIFTY31JUL2526700PE.NFO,2025-07-22,13:47:00,2025-07-31,74.1,74.45,74.0,74.1,195,82745,0
FINNIFTY31JUL2526700PE.NFO,2025-07-22,13:48:00,2025-07-31,74.1,74.1,74.1,74.1,0,82745,0
FINNIFTY31JUL2526700PE.NFO,2025-07-22,13:49:00,2025-07-31,74.1,74.1,74.1,74.1,65,81965,0
FINNIFTY31JUL2526700PE.NFO,2025-07-22,13:50:00,2025-07-31,74.1,76.0,74.1,75.25,130,81965,0
FINNIFTY31JUL2526700PE.NFO,2025-07-22,13:51:00,2025-07-31,75.25,75.25,73.35,73.35,130,81965,0
FINNIFTY31JUL2526700PE.NFO,2025-07-22,13:52:00,2025-07-31,73.35,73.35,73.35,73.35,0,81965,0
FINNIFTY31JUL2526700PE.NFO,2025-07-22,13:53:00,2025-07-31,73.35,73.35,72.9,72.9,260,81770,0
FINNIFTY31JUL2526700PE.NFO,2025-07-22,13:54:00,2025-07-31,72.9,72.9,72.9,72.9,0,81770,0
FINNIFTY31JUL2526700PE.NFO,2025-07-22,13:55:00,2025-07-31,72.9,72.9,72.9,72.9,0,81770,0
FINNIFTY31JUL2526700PE.NFO,2025-07-22,13:56:00,2025-07-31,72.9,72.9,67.65,68.65,1105,81510,0
FINNIFTY31JUL2526700PE.NFO,2025-07-22,13:57:00,2025-07-31,68.65,68.65,68.65,68.65,0,81510,0
FINNIFTY31JUL2526700PE.NFO,2025-07-22,13:58:00,2025-07-31,68.65,70.2,68.65,70.2,130,81380,0
FINNIFTY31JUL2526700PE.NFO,2025-07-22,13:59:00,2025-07-31,70.2,71.0,70.2,70.65,195,81380,0
FINNIFTY31JUL2526700PE.NFO,2025-07-22,14:00:00,2025-07-31,70.65,70.95,70.55,70.55,390,81380,0
FINNIFTY31JUL2526700PE.NFO,2025-07-22,14:01:00,2025-07-31,70.55,70.55,69.0,69.0,65,81315,0
FINNIFTY31JUL2526700PE.NFO,2025-07-22,14:02:00,2025-07-31,69.0,69.65,69.0,69.65,130,81315,0
FINNIFTY31JUL2526700PE.NFO,2025-07-22,14:03:00,2025-07-31,69.65,70.9,69.65,70.9,195,81315,0
FINNIFTY31JUL2526700PE.NFO,2025-07-22,14:04:00,2025-07-31,70.9,70.9,69.5,69.5,65,81315,0
FINNIFTY31JUL2526700PE.NFO,2025-07-22,14:05:00,2025-07-31,69.5,69.5,68.4,68.9,65,81120,0
FINNIFTY31JUL2526700PE.NFO,2025-07-22,14:06:00,2025-07-31,68.9,68.9,68.9,68.9,65,81120,0
FINNIFTY31JUL2526700PE.NFO,2025-07-22,14:07:00,2025-07-31,68.9,68.9,68.0,68.75,65,81120,0
FINNIFTY31JUL2526700PE.NFO,2025-07-22,14:08:00,2025-07-31,68.75,68.75,68.75,68.75,65,81120,0
FINNIFTY31JUL2526700PE.NFO,2025-07-22,14:09:00,2025-07-31,68.75,68.75,67.8,67.8,130,81120,0
FINNIFTY31JUL2526700PE.NFO,2025-07-22,14:10:00,2025-07-31,67.8,67.8,67.4,67.4,65,81250,0
FINNIFTY31JUL2526700PE.NFO,2025-07-22,14:11:00,2025-07-31,67.4,67.4,66.5,67.0,2470,81250,0
FINNIFTY31JUL2526700PE.NFO,2025-07-22,14:12:00,2025-07-31,67.0,69.6,67.0,69.45,1300,81250,0
FINNIFTY31JUL2526700PE.NFO,2025-07-22,14:13:00,2025-07-31,69.45,70.75,69.45,70.75,65,81445,0
FINNIFTY31JUL2526700PE.NFO,2025-07-22,14:14:00,2025-07-31,70.75,70.75,70.7,70.7,65,81445,0
FINNIFTY31JUL2526700PE.NFO,2025-07-22,14:15:00,2025-07-31,70.7,70.7,70.7,70.7,0,81445,0
FINNIFTY31JUL2526700PE.NFO,2025-07-22,14:16:00,2025-07-31,70.7,73.0,70.7,72.75,195,81445,0
FINNIFTY31JUL2526700PE.NFO,2025-07-22,14:17:00,2025-07-31,72.75,73.75,71.85,73.15,390,81510,0
FINNIFTY31JUL2526700PE.NFO,2025-07-22,14:18:00,2025-07-31,73.25,73.25,72.65,72.85,195,81510,0
FINNIFTY31JUL2526700PE.NFO,2025-07-22,14:19:00,2025-07-31,72.85,73.05,72.85,73.05,260,81640,0
FINNIFTY31JUL2526700PE.NFO,2025-07-22,14:20:00,2025-07-31,73.05,73.05,73.05,73.05,0,81640,0
FINNIFTY31JUL2526700PE.NFO,2025-07-22,14:21:00,2025-07-31,73.05,76.0,73.05,75.6,130,81640,0
FINNIFTY31JUL2526700PE.NFO,2025-07-22,14:22:00,2025-07-31,75.6,76.05,75.6,76.05,65,81445,0
FINNIFTY31JUL2526700PE.NFO,2025-07-22,14:23:00,2025-07-31,76.05,80.0,76.05,79.5,9165,81445,0
FINNIFTY31JUL2526700PE.NFO,2025-07-22,14:24:00,2025-07-31,79.5,81.3,79.5,81.3,5395,81445,0
FINNIFTY31JUL2526700PE.NFO,2025-07-22,14:25:00,2025-07-31,81.3,82.95,80.55,80.55,520,82615,0
FINNIFTY31JUL2526700PE.NFO,2025-07-22,14:26:00,2025-07-31,80.55,81.2,79.6,81.2,715,82615,0
FINNIFTY31JUL2526700PE.NFO,2025-07-22,14:27:00,2025-07-31,81.2,81.2,81.2,81.2,0,82615,0
FINNIFTY31JUL2526700PE.NFO,2025-07-22,14:28:00,2025-07-31,81.2,81.2,81.2,81.2,0,82615,0
FINNIFTY31JUL2526700PE.NFO,2025-07-22,14:29:00,2025-07-31,81.2,81.2,81.2,81.2,0,82615,0
FINNIFTY31JUL2526700PE.NFO,2025-07-22,14:30:00,2025-07-31,81.2,81.2,79.15,79.15,65,82225,0
FINNIFTY31JUL2526700PE.NFO,2025-07-22,14:31:00,2025-07-31,79.15,79.15,78.15,78.15,325,82095,0
FINNIFTY31JUL2526700PE.NFO,2025-07-22,14:32:00,2025-07-31,78.15,78.15,78.15,78.15,0,82095,0
FINNIFTY31JUL2526700PE.NFO,2025-07-22,14:33:00,2025-07-31,78.15,78.15,78.15,78.15,0,82095,0
FINNIFTY31JUL2526700PE.NFO,2025-07-22,14:34:00,2025-07-31,78.15,78.15,78.15,78.15,0,82095,0
FINNIFTY31JUL2526700PE.NFO,2025-07-22,14:35:00,2025-07-31,78.15,78.15,76.1,76.1,65,81250,0
FINNIFTY31JUL2526700PE.NFO,2025-07-22,14:36:00,2025-07-31,76.1,76.1,76.1,76.1,0,81250,0
FINNIFTY31JUL2526700PE.NFO,2025-07-22,14:37:00,2025-07-31,76.1,76.1,75.7,75.7,195,81315,0
FINNIFTY31JUL2526700PE.NFO,2025-07-22,14:38:00,2025-07-31,75.7,78.5,75.7,77.6,585,81315,0
FINNIFTY31JUL2526700PE.NFO,2025-07-22,14:39:00,2025-07-31,77.6,77.6,73.25,74.75,2275,81315,0
FINNIFTY31JUL2526700PE.NFO,2025-07-22,14:40:00,2025-07-31,75.05,76.45,75.05,76.35,585,80990,0
FINNIFTY31JUL2526700PE.NFO,2025-07-22,14:41:00,2025-07-31,76.35,77.05,75.55,75.55,975,80990,0
FINNIFTY31JUL2526700PE.NFO,2025-07-22,14:42:00,2025-07-31,75.55,75.95,75.55,75.95,325,80990,0
FINNIFTY31JUL2526700PE.NFO,2025-07-22,14:43:00,2025-07-31,75.95,76.65,75.95,76.65,455,79495,0
FINNIFTY31JUL2526700PE.NFO,2025-07-22,14:44:00,2025-07-31,76.65,76.65,75.3,75.3,130,79495,0
FINNIFTY31JUL2526700PE.NFO,2025-07-22,14:45:00,2025-07-31,74.05,74.85,74.05,74.85,260,79495,0
FINNIFTY31JUL2526700PE.NFO,2025-07-22,14:46:00,2025-07-31,74.85,74.85,74.05,74.05,195,79495,0
FINNIFTY31JUL2526700PE.NFO,2025-07-22,14:47:00,2025-07-31,74.05,74.05,72.4,72.4,65,79235,0
FINNIFTY31JUL2526700PE.NFO,2025-07-22,14:48:00,2025-07-31,72.4,72.4,72.3,72.3,130,79235,0
FINNIFTY31JUL2526700PE.NFO,2025-07-22,14:49:00,2025-07-31,72.3,72.3,72.3,72.3,0,79235,0
FINNIFTY31JUL2526700PE.NFO,2025-07-22,14:50:00,2025-07-31,72.3,72.3,72.3,72.3,0,79235,0
FINNIFTY31JUL2526700PE.NFO,2025-07-22,14:51:00,2025-07-31,72.3,72.3,71.5,71.5,195,79170,0
FINNIFTY31JUL2526700PE.NFO,2025-07-22,14:52:00,2025-07-31,71.5,71.75,71.5,71.75,65,79365,0
FINNIFTY31JUL2526700PE.NFO,2025-07-22,14:53:00,2025-07-31,71.75,71.75,71.75,71.75,390,79365,0
FINNIFTY31JUL2526700PE.NFO,2025-07-22,14:54:00,2025-07-31,71.75,71.75,70.7,70.7,65,79365,0
FINNIFTY31JUL2526700PE.NFO,2025-07-22,14:55:00,2025-07-31,70.7,71.2,70.1,70.35,520,78910,0
FINNIFTY31JUL2526700PE.NFO,2025-07-22,14:56:00,2025-07-31,70.35,70.35,70.35,70.35,0,78910,0
FINNIFTY31JUL2526700PE.NFO,2025-07-22,14:57:00,2025-07-31,70.35,70.35,70.35,70.35,0,78910,0
FINNIFTY31JUL2526700PE.NFO,2025-07-22,14:58:00,2025-07-31,70.35,73.55,70.35,73.55,130,78910,0
FINNIFTY31JUL2526700PE.NFO,2025-07-22,14:59:00,2025-07-31,73.55,74.35,73.55,74.35,130,79300,0
FINNIFTY31JUL2526700PE.NFO,2025-07-22,15:00:00,2025-07-31,74.35,76.25,73.85,74.95,975,79300,0
FINNIFTY31JUL2526700PE.NFO,2025-07-22,15:01:00,2025-07-31,74.95,74.95,74.95,74.95,0,79300,0
FINNIFTY31JUL2526700PE.NFO,2025-07-22,15:02:00,2025-07-31,74.95,76.2,74.95,76.2,65,79105,0
FINNIFTY31JUL2526700PE.NFO,2025-07-22,15:03:00,2025-07-31,76.2,76.2,76.2,76.2,0,79105,0
FINNIFTY31JUL2526700PE.NFO,2025-07-22,15:04:00,2025-07-31,76.2,76.2,75.85,75.85,65,79105,0
FINNIFTY31JUL2526700PE.NFO,2025-07-22,15:05:00,2025-07-31,75.85,75.85,74.6,74.6,65,79105,0
FINNIFTY31JUL2526700PE.NFO,2025-07-22,15:06:00,2025-07-31,74.6,74.6,74.6,74.6,0,79105,0
FINNIFTY31JUL2526700PE.NFO,2025-07-22,15:07:00,2025-07-31,74.6,75.75,74.6,75.75,65,79105,0
FINNIFTY31JUL2526700PE.NFO,2025-07-22,15:08:00,2025-07-31,75.75,75.75,75.75,75.75,0,79105,0
FINNIFTY31JUL2526700PE.NFO,2025-07-22,15:09:00,2025-07-31,75.75,75.75,75.75,75.75,0,79105,0
FINNIFTY31JUL2526700PE.NFO,2025-07-22,15:10:00,2025-07-31,75.75,77.0,75.4,75.4,715,79105,0
FINNIFTY31JUL2526700PE.NFO,2025-07-22,15:11:00,2025-07-31,75.4,76.1,75.4,75.65,780,79105,0
FINNIFTY31JUL2526700PE.NFO,2025-07-22,15:12:00,2025-07-31,75.65,75.95,75.35,75.95,195,79105,0
FINNIFTY31JUL2526700PE.NFO,2025-07-22,15:13:00,2025-07-31,75.95,76.25,75.6,75.6,1040,79105,0
FINNIFTY31JUL2526700PE.NFO,2025-07-22,15:14:00,2025-07-31,75.6,75.6,75.15,75.15,650,79105,0
FINNIFTY31JUL2526700PE.NFO,2025-07-22,15:15:00,2025-07-31,75.15,75.15,75.15,75.15,0,79105,0
FINNIFTY31JUL2526700PE.NFO,2025-07-22,15:16:00,2025-07-31,75.15,75.15,75.15,75.15,0,79105,0
FINNIFTY31JUL2526700PE.NFO,2025-07-22,15:17:00,2025-07-31,75.15,75.15,75.0,75.0,260,79625,0
FINNIFTY31JUL2526700PE.NFO,2025-07-22,15:18:00,2025-07-31,75.0,75.0,75.0,75.0,65,79625,0
FINNIFTY31JUL2526700PE.NFO,2025-07-22,15:19:00,2025-07-31,75.0,75.0,74.35,74.35,65,79430,0
FINNIFTY31JUL2526700PE.NFO,2025-07-22,15:20:00,2025-07-31,74.7,75.5,74.0,75.5,2080,79430,0
FINNIFTY31JUL2526700PE.NFO,2025-07-22,15:21:00,2025-07-31,75.5,75.5,75.5,75.5,0,79430,0
FINNIFTY31JUL2526700PE.NFO,2025-07-22,15:22:00,2025-07-31,75.5,75.5,74.35,74.35,195,79430,0
FINNIFTY31JUL2526700PE.NFO,2025-07-22,15:23:00,2025-07-31,74.35,74.35,74.35,74.35,0,79430,0
FINNIFTY31JUL2526700PE.NFO,2025-07-22,15:24:00,2025-07-31,74.35,75.45,74.35,75.45,1105,79560,0
FINNIFTY31JUL2526700PE.NFO,2025-07-22,15:25:00,2025-07-31,75.45,76.5,75.45,75.8,1560,78715,0
FINNIFTY31JUL2526700PE.NFO,2025-07-22,15:26:00,2025-07-31,75.8,76.35,75.8,76.35,195,78715,0
FINNIFTY31JUL2526700PE.NFO,2025-07-22,15:27:00,2025-07-31,76.35,76.55,76.25,76.35,1950,78715,0
FINNIFTY31JUL2526700PE.NFO,2025-07-22,15:28:00,2025-07-31,76.35,77.1,75.15,76.8,2600,78455,0
FINNIFTY31JUL2526700PE.NFO,2025-07-22,15:29:00,2025-07-31,76.8,83.0,76.4,77.45,1170,78455,0
FINNIFTY31JUL2526700PE.NFO,2025-07-22,15:30:00,2025-07-31,77.45,77.45,77.45,77.45,1170,78455,1
FINNIFTY31JUL2526700PE.NFO,2025-07-23,09:15:00,2025-07-31,75.0,75.0,58.5,62.55,2600,80145,0
FINNIFTY31JUL2526700PE.NFO,2025-07-23,09:16:00,2025-07-31,62.0,62.0,57.0,59.95,3315,80145,0
FINNIFTY31JUL2526700PE.NFO,2025-07-23,09:17:00,2025-07-31,59.95,62.65,59.95,62.65,1820,80145,0
FINNIFTY31JUL2526700PE.NFO,2025-07-23,09:18:00,2025-07-31,62.65,62.65,59.95,60.0,3380,81835,0
FINNIFTY31JUL2526700PE.NFO,2025-07-23,09:19:00,2025-07-31,60.0,60.0,58.0,59.4,845,81835,0
FINNIFTY31JUL2526700PE.NFO,2025-07-23,09:20:00,2025-07-31,59.4,60.95,58.65,60.95,1105,81835,0
FINNIFTY31JUL2526700PE.NFO,2025-07-23,09:21:00,2025-07-31,60.95,63.2,60.85,63.2,390,82420,0
FINNIFTY31JUL2526700PE.NFO,2025-07-23,09:22:00,2025-07-31,63.2,65.7,61.1,61.1,1430,82420,0
FINNIFTY31JUL2526700PE.NFO,2025-07-23,09:23:00,2025-07-31,61.1,62.85,60.45,62.85,1040,82420,0
FINNIFTY31JUL2526700PE.NFO,2025-07-23,09:24:00,2025-07-31,62.85,62.85,60.8,60.8,1235,82420,0
FINNIFTY31JUL2526700PE.NFO,2025-07-23,09:25:00,2025-07-31,60.8,60.8,60.1,60.1,650,81770,0
FINNIFTY31JUL2526700PE.NFO,2025-07-23,09:26:00,2025-07-31,60.1,60.5,60.0,60.0,715,81770,0
FINNIFTY31JUL2526700PE.NFO,2025-07-23,09:27:00,2025-07-31,60.0,60.0,59.05,59.05,325,80860,0
FINNIFTY31JUL2526700PE.NFO,2025-07-23,09:28:00,2025-07-31,59.05,62.05,59.05,61.15,2210,80860,0
FINNIFTY31JUL2526700PE.NFO,2025-07-23,09:29:00,2025-07-31,61.15,62.2,61.15,61.15,260,80860,0
FINNIFTY31JUL2526700PE.NFO,2025-07-23,09:30:00,2025-07-31,61.15,61.15,59.8,59.8,65,80860,0
FINNIFTY31JUL2526700PE.NFO,2025-07-23,09:31:00,2025-07-31,59.8,62.25,59.8,62.25,130,81640,0
FINNIFTY31JUL2526700PE.NFO,2025-07-23,09:32:00,2025-07-31,62.25,62.25,62.25,62.25,520,81640,0
FINNIFTY31JUL2526700PE.NFO,2025-07-23,09:33:00,2025-07-31,62.25,62.25,62.25,62.25,0,81640,0
FINNIFTY31JUL2526700PE.NFO,2025-07-23,09:34:00,2025-07-31,62.25,64.4,62.25,64.4,2015,81380,0
FINNIFTY31JUL2526700PE.NFO,2025-07-23,09:35:00,2025-07-31,64.4,66.0,64.4,64.65,3575,81380,0
FINNIFTY31JUL2526700PE.NFO,2025-07-23,09:36:00,2025-07-31,64.65,65.15,64.65,64.9,845,78000,0
FINNIFTY31JUL2526700PE.NFO,2025-07-23,09:37:00,2025-07-31,64.9,66.55,64.9,66.55,2405,78000,0
FINNIFTY31JUL2526700PE.NFO,2025-07-23,09:38:00,2025-07-31,66.55,66.55,66.4,66.5,130,78000,0
FINNIFTY31JUL2526700PE.NFO,2025-07-23,09:39:00,2025-07-31,66.5,66.5,66.5,66.5,65,76765,0
FINNIFTY31JUL2526700PE.NFO,2025-07-23,09:40:00,2025-07-31,66.5,66.7,66.5,66.7,65,76765,0
FINNIFTY31JUL2526700PE.NFO,2025-07-23,09:41:00,2025-07-31,66.7,68.35,66.7,68.35,2730,76765,0
FINNIFTY31JUL2526700PE.NFO,2025-07-23,09:42:00,2025-07-31,68.35,74.5,68.35,71.9,17680,74945,0
FINNIFTY31JUL2526700PE.NFO,2025-07-23,09:43:00,2025-07-31,71.9,71.9,70.0,70.2,1950,74945,0
FINNIFTY31JUL2526700PE.NFO,2025-07-23,09:44:00,2025-07-31,70.2,70.2,68.55,68.55,390,74945,0
FINNIFTY31JUL2526700PE.NFO,2025-07-23,09:45:00,2025-07-31,68.55,70.15,66.9,67.1,1950,86190,0
FINNIFTY31JUL2526700PE.NFO,2025-07-23,09:46:00,2025-07-31,67.1,67.1,66.4,66.4,130,86190,0
FINNIFTY31JUL2526700PE.NFO,2025-07-23,09:47:00,2025-07-31,66.4,68.65,66.4,68.65,195,86190,0
FINNIFTY31JUL2526700PE.NFO,2025-07-23,09:48:00,2025-07-31,68.65,70.0,68.5,69.75,1170,86840,0
FINNIFTY31JUL2526700PE.NFO,2025-07-23,09:49:00,2025-07-31,69.75,71.15,69.3,69.3,195,86840,0
FINNIFTY31JUL2526700PE.NFO,2025-07-23,09:50:00,2025-07-31,69.3,69.3,66.05,66.05,455,86840,0
FINNIFTY31JUL2526700PE.NFO,2025-07-23,09:51:00,2025-07-31,66.05,66.5,66.05,66.5,325,86840,0
FINNIFTY31JUL2526700PE.NFO,2025-07-23,09:52:00,2025-07-31,66.5,66.65,66.5,66.65,260,86970,0
FINNIFTY31JUL2526700PE.NFO,2025-07-23,09:53:00,2025-07-31,66.65,67.85,66.65,67.85,65,86970,0
FINNIFTY31JUL2526700PE.NFO,2025-07-23,09:54:00,2025-07-31,67.85,69.8,67.85,69.3,195,86970,0
FINNIFTY31JUL2526700PE.NFO,2025-07-23,09:55:00,2025-07-31,69.3,69.3,67.9,67.9,65,87230,0
FINNIFTY31JUL2526700PE.NFO,2025-07-23,09:56:00,2025-07-31,67.9,67.9,67.15,67.15,65,87230,0
FINNIFTY31JUL2526700PE.NFO,2025-07-23,09:57:00,2025-07-31,67.15,67.45,67.15,67.45,65,87230,0
FINNIFTY31JUL2526700PE.NFO,2025-07-23,09:58:00,2025-07-31,67.45,67.45,67.45,67.45,0,87230,0
FINNIFTY31JUL2526700PE.NFO,2025-07-23,09:59:00,2025-07-31,67.45,67.45,64.0,64.0,65,87230,0
FINNIFTY31JUL2526700PE.NFO,2025-07-23,10:00:00,2025-07-31,64.0,65.35,63.35,65.35,195,87295,0
FINNIFTY31JUL2526700PE.NFO,2025-07-23,10:01:00,2025-07-31,65.35,65.95,64.9,64.9,585,87295,0
FINNIFTY31JUL2526700PE.NFO,2025-07-23,10:02:00,2025-07-31,64.9,64.9,63.75,64.15,455,87295,0
FINNIFTY31JUL2526700PE.NFO,2025-07-23,10:03:00,2025-07-31,64.15,65.35,64.15,65.35,65,87295,0
FINNIFTY31JUL2526700PE.NFO,2025-07-23,10:04:00,2025-07-31,65.35,66.4,65.35,66.4,65,87295,0
FINNIFTY31JUL2526700PE.NFO,2025-07-23,10:05:00,2025-07-31,66.4,68.35,66.4,68.35,130,87295,0
FINNIFTY31JUL2526700PE.NFO,2025-07-23,10:06:00,2025-07-31,68.35,70.0,68.35,69.8,130,87295,0
FINNIFTY31JUL2526700PE.NFO,2025-07-23,10:07:00,2025-07-31,69.8,71.45,69.1,69.1,325,87360,0
FINNIFTY31JUL2526700PE.NFO,2025-07-23,10:08:00,2025-07-31,69.1,69.1,69.1,69.1,0,87360,0
FINNIFTY31JUL2526700PE.NFO,2025-07-23,10:09:00,2025-07-31,69.1,69.85,69.1,69.85,260,87360,0
FINNIFTY31JUL2526700PE.NFO,2025-07-23,10:10:00,2025-07-31,69.85,69.85,69.85,69.85,0,87360,0
FINNIFTY31JUL2526700PE.NFO,2025-07-23,10:11:00,2025-07-31,69.85,71.35,69.6,69.6,325,87035,0
FINNIFTY31JUL2526700PE.NFO,2025-07-23,10:12:00,2025-07-31,69.6,69.6,65.3,66.35,1170,86320,0
FINNIFTY31JUL2526700PE.NFO,2025-07-23,10:13:00,2025-07-31,66.35,66.35,66.35,66.35,0,86320,0
FINNIFTY31JUL2526700PE.NFO,2025-07-23,10:14:00,2025-07-31,66.35,66.35,66.35,66.35,0,86320,0
FINNIFTY31JUL2526700PE.NFO,2025-07-23,10:15:00,2025-07-31,66.35,66.35,66.35,66.35,0,86320,0
FINNIFTY31JUL2526700PE.NFO,2025-07-23,10:16:00,2025-07-31,66.35,66.35,66.35,66.35,0,86320,0
FINNIFTY31JUL2526700PE.NFO,2025-07-23,10:17:00,2025-07-31,66.35,69.15,66.35,69.15,130,86255,0
FINNIFTY31JUL2526700PE.NFO,2025-07-23,10:18:00,2025-07-31,69.15,69.15,68.35,68.35,65,86255,0
FINNIFTY31JUL2526700PE.NFO,2025-07-23,10:19:00,2025-07-31,68.35,68.35,66.85,66.85,585,86320,0
FINNIFTY31JUL2526700PE.NFO,2025-07-23,10:20:00,2025-07-31,66.85,66.85,66.85,66.85,0,86320,0
FINNIFTY31JUL2526700PE.NFO,2025-07-23,10:21:00,2025-07-31,66.85,66.85,65.75,65.75,65,86320,0
FINNIFTY31JUL2526700PE.NFO,2025-07-23,10:22:00,2025-07-31,65.75,65.75,65.75,65.75,0,86320,0
FINNIFTY31JUL2526700PE.NFO,2025-07-23,10:23:00,2025-07-31,65.75,65.75,65.75,65.75,0,86320,0
FINNIFTY31JUL2526700PE.NFO,2025-07-23,10:24:00,2025-07-31,65.75,65.75,63.35,63.35,65,86320,0
FINNIFTY31JUL2526700PE.NFO,2025-07-23,10:25:00,2025-07-31,63.35,63.35,62.45,62.45,195,86320,0
FINNIFTY31JUL2526700PE.NFO,2025-07-23,10:26:00,2025-07-31,62.45,63.45,62.45,63.45,130,86320,0
FINNIFTY31JUL2526700PE.NFO,2025-07-23,10:27:00,2025-07-31,63.45,63.45,63.45,63.45,0,86320,0
FINNIFTY31JUL2526700PE.NFO,2025-07-23,10:28:00,2025-07-31,63.45,63.45,60.35,60.65,1105,86125,0
FINNIFTY31JUL2526700PE.NFO,2025-07-23,10:29:00,2025-07-31,60.65,61.0,60.65,60.8,715,86125,0
FINNIFTY31JUL2526700PE.NFO,2025-07-23,10:30:00,2025-07-31,60.8,62.1,60.8,61.0,520,86125,0
FINNIFTY31JUL2526700PE.NFO,2025-07-23,10:31:00,2025-07-31,61.0,61.0,61.0,61.0,0,86125,0
FINNIFTY31JUL2526700PE.NFO,2025-07-23,10:32:00,2025-07-31,61.0,61.0,61.0,61.0,0,86125,0
FINNIFTY31JUL2526700PE.NFO,2025-07-23,10:33:00,2025-07-31,61.0,62.25,61.0,62.25,130,86190,0
FINNIFTY31JUL2526700PE.NFO,2025-07-23,10:34:00,2025-07-31,62.25,63.8,62.25,63.8,260,86125,0
FINNIFTY31JUL2526700PE.NFO,2025-07-23,10:35:00,2025-07-31,63.8,63.8,63.8,63.8,0,86125,0
FINNIFTY31JUL2526700PE.NFO,2025-07-23,10:36:00,2025-07-31,62.2,62.2,62.2,62.2,260,86125,0
FINNIFTY31JUL2526700PE.NFO,2025-07-23,10:37:00,2025-07-31,62.2,62.2,62.2,62.2,0,86125,0
FINNIFTY31JUL2526700PE.NFO,2025-07-23,10:38:00,2025-07-31,62.2,63.15,62.2,63.15,195,86450,0
FINNIFTY31JUL2526700PE.NFO,2025-07-23,10:39:00,2025-07-31,63.15,63.15,63.15,63.15,0,86450,0
FINNIFTY31JUL2526700PE.NFO,2025-07-23,10:40:00,2025-07-31,63.15,63.15,63.15,63.15,0,86450,0
FINNIFTY31JUL2526700PE.NFO,2025-07-23,10:41:00,2025-07-31,63.15,63.15,63.15,63.15,0,86450,0
FINNIFTY31JUL2526700PE.NFO,2025-07-23,10:42:00,2025-07-31,63.15,63.15,63.15,63.15,0,86450,0
FINNIFTY31JUL2526700PE.NFO,2025-07-23,10:43:00,2025-07-31,63.15,63.15,63.15,63.15,0,86450,0
FINNIFTY31JUL2526700PE.NFO,2025-07-23,10:44:00,2025-07-31,63.15,63.15,63.15,63.15,0,86450,0
FINNIFTY31JUL2526700PE.NFO,2025-07-23,10:45:00,2025-07-31,63.15,63.15,57.8,58.8,390,86450,0
FINNIFTY31JUL2526700PE.NFO,2025-07-23,10:46:00,2025-07-31,58.8,58.8,56.75,56.75,780,86190,0
FINNIFTY31JUL2526700PE.NFO,2025-07-23,10:47:00,2025-07-31,56.75,56.8,56.75,56.8,65,86190,0
FINNIFTY31JUL2526700PE.NFO,2025-07-23,10:48:00,2025-07-31,56.8,58.0,56.8,58.0,130,86190,0
FINNIFTY31JUL2526700PE.NFO,2025-07-23,10:49:00,2025-07-31,58.0,59.05,58.0,59.05,1365,85735,0
FINNIFTY31JUL2526700PE.NFO,2025-07-23,10:50:00,2025-07-31,59.05,59.05,59.05,59.05,0,85735,0
FINNIFTY31JUL2526700PE.NFO,2025-07-23,10:51:00,2025-07-31,59.05,59.05,58.0,58.0,520,85735,0
FINNIFTY31JUL2526700PE.NFO,2025-07-23,10:52:00,2025-07-31,58.0,58.0,58.0,58.0,0,85735,0
FINNIFTY31JUL2526700PE.NFO,2025-07-23,10:53:00,2025-07-31,58.0,59.0,58.0,58.0,1495,87230,0
FINNIFTY31JUL2526700PE.NFO,2025-07-23,10:54:00,2025-07-31,58.0,58.0,57.0,57.0,650,87230,0
FINNIFTY31JUL2526700PE.NFO,2025-07-23,10:55:00,2025-07-31,57.0,57.0,55.05,57.0,3315,89115,0
FINNIFTY31JUL2526700PE.NFO,2025-07-23,10:56:00,2025-07-31,57.0,57.45,57.0,57.45,65,89115,0
FINNIFTY31JUL2526700PE.NFO,2025-07-23,10:57:00,2025-07-31,57.45,57.45,57.45,57.45,0,89115,0
FINNIFTY31JUL2526700PE.NFO,2025-07-23,10:58:00,2025-07-31,57.45,58.6,57.45,58.6,65,91650,0
FINNIFTY31JUL2526700PE.NFO,2025-07-23,10:59:00,2025-07-31,58.6,58.6,58.6,58.6,0,91650,0
FINNIFTY31JUL2526700PE.NFO,2025-07-23,11:00:00,2025-07-31,58.6,58.6,58.6,58.6,0,91650,0
FINNIFTY31JUL2526700PE.NFO,2025-07-23,11:01:00,2025-07-31,58.6,58.6,58.6,58.6,2600,91585,0
FINNIFTY31JUL2526700PE.NFO,2025-07-23,11:02:00,2025-07-31,58.6,58.6,57.5,57.5,2795,91585,0
FINNIFTY31JUL2526700PE.NFO,2025-07-23,11:03:00,2025-07-31,57.5,57.5,54.0,54.0,3900,91585,0
FINNIFTY31JUL2526700PE.NFO,2025-07-23,11:04:00,2025-07-31,52.55,53.9,52.55,53.75,3445,94250,0
FINNIFTY31JUL2526700PE.NFO,2025-07-23,11:05:00,2025-07-31,53.75,54.75,53.75,54.55,1495,94250,0
FINNIFTY31JUL2526700PE.NFO,2025-07-23,11:06:00,2025-07-31,54.55,54.55,53.9,53.9,520,95420,0
FINNIFTY31JUL2526700PE.NFO,2025-07-23,11:07:00,2025-07-31,53.9,53.9,53.0,53.0,65,95420,0
FINNIFTY31JUL2526700PE.NFO,2025-07-23,11:08:00,2025-07-31,53.0,53.0,53.0,53.0,0,95420,0
FINNIFTY31JUL2526700PE.NFO,2025-07-23,11:09:00,2025-07-31,53.0,53.5,52.85,52.85,1365,95420,0
FINNIFTY31JUL2526700PE.NFO,2025-07-23,11:10:00,2025-07-31,52.85,53.35,52.85,53.35,130,96655,0
FINNIFTY31JUL2526700PE.NFO,2025-07-23,11:11:00,2025-07-31,53.35,54.3,53.35,54.3,65,96655,0
FINNIFTY31JUL2526700PE.NFO,2025-07-23,11:12:00,2025-07-31,54.3,54.3,54.1,54.15,1105,96850,0
FINNIFTY31JUL2526700PE.NFO,2025-07-23,11:13:00,2025-07-31,54.15,54.15,53.0,53.65,130,96850,0
FINNIFTY31JUL2526700PE.NFO,2025-07-23,11:14:00,2025-07-31,53.65,53.9,52.75,53.3,325,96850,0
FINNIFTY31JUL2526700PE.NFO,2025-07-23,11:15:00,2025-07-31,53.3,53.3,52.0,52.6,325,96850,0
FINNIFTY31JUL2526700PE.NFO,2025-07-23,11:16:00,2025-07-31,52.6,52.6,52.6,52.6,0,96850,0
FINNIFTY31JUL2526700PE.NFO,2025-07-23,11:17:00,2025-07-31,52.6,53.0,51.7,51.7,2535,97695,0
FINNIFTY31JUL2526700PE.NFO,2025-07-23,11:18:00,2025-07-31,51.7,53.5,51.7,52.25,975,97695,0
FINNIFTY31JUL2526700PE.NFO,2025-07-23,11:19:00,2025-07-31,52.25,52.25,52.25,52.25,0,97695,0
FINNIFTY31JUL2526700PE.NFO,2025-07-23,11:20:00,2025-07-31,52.6,55.1,52.6,54.95,1365,100165,0
FINNIFTY31JUL2526700PE.NFO,2025-07-23,11:21:00,2025-07-31,54.95,55.8,54.8,54.8,195,100165,0
FINNIFTY31JUL2526700PE.NFO,2025-07-23,11:22:00,2025-07-31,54.8,54.8,54.4,54.4,130,100165,0
FINNIFTY31JUL2526700PE.NFO,2025-07-23,11:23:00,2025-07-31,54.4,55.0,54.4,55.0,65,100165,0
FINNIFTY31JUL2526700PE.NFO,2025-07-23,11:24:00,2025-07-31,55.0,55.1,54.8,55.1,260,100165,0
FINNIFTY31JUL2526700PE.NFO,2025-07-23,11:25:00,2025-07-31,55.1,55.1,53.75,53.75,260,100035,0
FINNIFTY31JUL2526700PE.NFO,2025-07-23,11:26:00,2025-07-31,53.75,54.35,53.75,54.35,260,100035,0
FINNIFTY31JUL2526700PE.NFO,2025-07-23,11:27:00,2025-07-31,54.35,55.05,54.15,54.15,845,100035,0
FINNIFTY31JUL2526700PE.NFO,2025-07-23,11:28:00,2025-07-31,54.15,54.15,54.15,54.15,0,100035,0
FINNIFTY31JUL2526700PE.NFO,2025-07-23,11:29:00,2025-07-31,54.15,54.15,54.15,54.15,65,98930,0
FINNIFTY31JUL2526700PE.NFO,2025-07-23,11:30:00,2025-07-31,54.15,54.15,53.6,53.6,520,98930,0
FINNIFTY31JUL2526700PE.NFO,2025-07-23,11:31:00,2025-07-31,53.6,53.95,52.85,52.85,130,98930,0
FINNIFTY31JUL2526700PE.NFO,2025-07-23,11:32:00,2025-07-31,52.85,52.85,52.0,52.0,260,98930,0
FINNIFTY31JUL2526700PE.NFO,2025-07-23,11:33:00,2025-07-31,52.0,52.05,51.85,51.85,1430,99970,0
FINNIFTY31JUL2526700PE.NFO,2025-07-23,11:34:00,2025-07-31,51.85,52.15,51.85,52.15,260,99970,0
FINNIFTY31JUL2526700PE.NFO,2025-07-23,11:35:00,2025-07-31,52.15,52.15,51.9,51.9,65,99970,0
FINNIFTY31JUL2526700PE.NFO,2025-07-23,11:36:00,2025-07-31,51.9,51.9,51.25,51.25,130,99970,0
FINNIFTY31JUL2526700PE.NFO,2025-07-23,11:37:00,2025-07-31,51.25,51.3,50.55,51.3,1755,99710,0
FINNIFTY31JUL2526700PE.NFO,2025-07-23,11:38:00,2025-07-31,51.3,51.3,51.3,51.3,0,99710,0
FINNIFTY31JUL2526700PE.NFO,2025-07-23,11:39:00,2025-07-31,51.3,51.3,51.3,51.3,0,99710,0
FINNIFTY31JUL2526700PE.NFO,2025-07-23,11:40:00,2025-07-31,51.3,51.3,51.3,51.3,0,99710,0
FINNIFTY31JUL2526700PE.NFO,2025-07-23,11:41:00,2025-07-31,51.3,52.65,51.3,52.65,130,100685,0
FINNIFTY31JUL2526700PE.NFO,2025-07-23,11:42:00,2025-07-31,52.65,52.65,52.65,52.65,0,100685,0
FINNIFTY31JUL2526700PE.NFO,2025-07-23,11:43:00,2025-07-31,52.65,53.95,52.6,52.6,195,100685,0
FINNIFTY31JUL2526700PE.NFO,2025-07-23,11:44:00,2025-07-31,52.6,52.6,50.8,50.8,195,100685,0
FINNIFTY31JUL2526700PE.NFO,2025-07-23,11:45:00,2025-07-31,50.8,51.4,50.8,51.0,1690,100685,0
FINNIFTY31JUL2526700PE.NFO,2025-07-23,11:46:00,2025-07-31,51.0,51.0,50.55,50.55,715,100750,0
FINNIFTY31JUL2526700PE.NFO,2025-07-23,11:47:00,2025-07-31,50.55,51.3,50.5,51.3,195,100750,0
FINNIFTY31JUL2526700PE.NFO,2025-07-23,11:48:00,2025-07-31,51.3,51.3,51.3,51.3,0,100750,0
FINNIFTY31JUL2526700PE.NFO,2025-07-23,11:49:00,2025-07-31,51.3,51.3,51.3,51.3,0,100750,0
FINNIFTY31JUL2526700PE.NFO,2025-07-23,11:50:00,2025-07-31,51.3,51.3,50.5,50.5,1430,101270,0
FINNIFTY31JUL2526700PE.NFO,2025-07-23,11:51:00,2025-07-31,50.5,50.5,50.0,50.0,260,101270,0
FINNIFTY31JUL2526700PE.NFO,2025-07-23,11:52:00,2025-07-31,50.0,51.1,50.0,51.1,130,102765,0
FINNIFTY31JUL2526700PE.NFO,2025-07-23,11:53:00,2025-07-31,51.1,51.1,50.0,50.0,3770,102765,0
FINNIFTY31JUL2526700PE.NFO,2025-07-23,11:54:00,2025-07-31,50.0,50.05,50.0,50.05,260,102765,0
FINNIFTY31JUL2526700PE.NFO,2025-07-23,11:55:00,2025-07-31,50.05,50.05,49.0,49.0,1950,106405,0
FINNIFTY31JUL2526700PE.NFO,2025-07-23,11:56:00,2025-07-31,49.0,49.0,49.0,49.0,0,106405,0
FINNIFTY31JUL2526700PE.NFO,2025-07-23,11:57:00,2025-07-31,49.0,51.0,49.0,49.15,16770,106405,0
FINNIFTY31JUL2526700PE.NFO,2025-07-23,11:58:00,2025-07-31,49.15,49.4,48.1,48.45,1300,106210,0
FINNIFTY31JUL2526700PE.NFO,2025-07-23,11:59:00,2025-07-31,48.45,50.05,48.45,50.05,325,106210,0
FINNIFTY31JUL2526700PE.NFO,2025-07-23,12:00:00,2025-07-31,50.05,50.05,48.0,48.0,1625,106210,0
FINNIFTY31JUL2526700PE.NFO,2025-07-23,12:01:00,2025-07-31,48.0,48.0,47.0,47.2,2795,106860,0
FINNIFTY31JUL2526700PE.NFO,2025-07-23,12:02:00,2025-07-31,47.2,49.0,46.4,47.85,14820,106860,0
FINNIFTY31JUL2526700PE.NFO,2025-07-23,12:03:00,2025-07-31,48.35,49.0,46.3,47.95,6890,106860,0
FINNIFTY31JUL2526700PE.NFO,2025-07-23,12:04:00,2025-07-31,47.95,47.95,47.7,47.7,195,119535,0
FINNIFTY31JUL2526700PE.NFO,2025-07-23,12:05:00,2025-07-31,47.7,47.7,46.95,46.95,130,119535,0
FINNIFTY31JUL2526700PE.NFO,2025-07-23,12:06:00,2025-07-31,46.95,46.95,46.95,46.95,0,119535,0
FINNIFTY31JUL2526700PE.NFO,2025-07-23,12:07:00,2025-07-31,46.95,48.15,46.95,48.15,325,118820,0
FINNIFTY31JUL2526700PE.NFO,2025-07-23,12:08:00,2025-07-31,48.15,48.15,47.8,47.8,455,118820,0
FINNIFTY31JUL2526700PE.NFO,2025-07-23,12:09:00,2025-07-31,47.8,47.8,46.45,46.45,325,118820,0
FINNIFTY31JUL2526700PE.NFO,2025-07-23,12:10:00,2025-07-31,46.45,46.45,46.0,46.0,390,118950,0
FINNIFTY31JUL2526700PE.NFO,2025-07-23,12:11:00,2025-07-31,46.0,46.0,46.0,46.0,390,118950,0
FINNIFTY31JUL2526700PE.NFO,2025-07-23,12:12:00,2025-07-31,46.0,47.5,46.0,46.75,390,118950,0
FINNIFTY31JUL2526700PE.NFO,2025-07-23,12:13:00,2025-07-31,46.75,47.6,46.0,46.0,390,119405,0
FINNIFTY31JUL2526700PE.NFO,2025-07-23,12:14:00,2025-07-31,46.0,46.35,45.55,45.55,650,119405,0
FINNIFTY31JUL2526700PE.NFO,2025-07-23,12:15:00,2025-07-31,45.55,45.7,45.1,45.1,585,119405,0
FINNIFTY31JUL2526700PE.NFO,2025-07-23,12:16:00,2025-07-31,45.1,45.9,45.0,45.0,910,120250,0
FINNIFTY31JUL2526700PE.NFO,2025-07-23,12:17:00,2025-07-31,45.0,45.0,45.0,45.0,1235,120250,0
FINNIFTY31JUL2526700PE.NFO,2025-07-23,12:18:00,2025-07-31,45.0,45.0,44.35,45.0,390,120250,0
FINNIFTY31JUL2526700PE.NFO,2025-07-23,12:19:00,2025-07-31,45.0,45.0,45.0,45.0,0,120250,0
FINNIFTY31JUL2526700PE.NFO,2025-07-23,12:20:00,2025-07-31,45.0,45.0,44.5,44.5,260,121680,0
FINNIFTY31JUL2526700PE.NFO,2025-07-23,12:21:00,2025-07-31,44.5,45.0,44.0,44.0,715,121680,0
FINNIFTY31JUL2526700PE.NFO,2025-07-23,12:22:00,2025-07-31,44.0,44.5,44.0,44.25,260,122135,0
FINNIFTY31JUL2526700PE.NFO,2025-07-23,12:23:00,2025-07-31,44.3,44.3,42.0,43.15,14820,122135,0
FINNIFTY31JUL2526700PE.NFO,2025-07-23,12:24:00,2025-07-31,43.15,43.4,43.15,43.4,260,122135,0
FINNIFTY31JUL2526700PE.NFO,2025-07-23,12:25:00,2025-07-31,43.4,43.45,42.8,42.8,260,115895,0
FINNIFTY31JUL2526700PE.NFO,2025-07-23,12:26:00,2025-07-31,42.8,43.0,42.8,43.0,260,115895,0
FINNIFTY31JUL2526700PE.NFO,2025-07-23,12:27:00,2025-07-31,43.0,43.0,43.0,43.0,0,115895,0
FINNIFTY31JUL2526700PE.NFO,2025-07-23,12:28:00,2025-07-31,43.0,43.0,43.0,43.0,0,115895,0
FINNIFTY31JUL2526700PE.NFO,2025-07-23,12:29:00,2025-07-31,43.0,43.0,43.0,43.0,0,115895,0
FINNIFTY31JUL2526700PE.NFO,2025-07-23,12:30:00,2025-07-31,43.0,43.0,42.6,42.6,195,115700,0
FINNIFTY31JUL2526700PE.NFO,2025-07-23,12:31:00,2025-07-31,42.6,42.6,41.95,42.05,1495,115700,0
FINNIFTY31JUL2526700PE.NFO,2025-07-23,12:32:00,2025-07-31,42.05,42.85,41.75,41.75,390,115700,0
FINNIFTY31JUL2526700PE.NFO,2025-07-23,12:33:00,2025-07-31,41.75,42.55,41.75,42.55,455,115700,0
FINNIFTY31JUL2526700PE.NFO,2025-07-23,12:34:00,2025-07-31,42.55,42.55,41.95,41.95,65,115635,0
FINNIFTY31JUL2526700PE.NFO,2025-07-23,12:35:00,2025-07-31,41.95,41.95,41.95,41.95,0,115635,0
FINNIFTY31JUL2526700PE.NFO,2025-07-23,12:36:00,2025-07-31,41.95,42.8,41.75,42.0,1365,115635,0
FINNIFTY31JUL2526700PE.NFO,2025-07-23,12:37:00,2025-07-31,42.0,42.0,39.5,40.3,4745,114985,0
FINNIFTY31JUL2526700PE.NFO,2025-07-23,12:38:00,2025-07-31,40.3,40.3,39.6,39.6,260,114985,0
FINNIFTY31JUL2526700PE.NFO,2025-07-23,12:39:00,2025-07-31,39.0,40.3,39.0,40.3,1625,114985,0
FINNIFTY31JUL2526700PE.NFO,2025-07-23,12:40:00,2025-07-31,40.3,40.35,40.0,40.2,1235,118755,0
FINNIFTY31JUL2526700PE.NFO,2025-07-23,12:41:00,2025-07-31,40.2,40.2,38.5,38.6,1495,118755,0
FINNIFTY31JUL2526700PE.NFO,2025-07-23,12:42:00,2025-07-31,38.6,39.2,38.4,38.6,1690,118755,0
FINNIFTY31JUL2526700PE.NFO,2025-07-23,12:43:00,2025-07-31,38.85,39.15,38.65,38.9,2145,120120,0
FINNIFTY31JUL2526700PE.NFO,2025-07-23,12:44:00,2025-07-31,38.9,39.5,38.8,39.2,715,120120,0
FINNIFTY31JUL2526700PE.NFO,2025-07-23,12:45:00,2025-07-31,39.2,39.2,38.55,38.55,130,120120,0
FINNIFTY31JUL2526700PE.NFO,2025-07-23,12:46:00,2025-07-31,38.55,39.55,38.55,38.85,585,120250,0
FINNIFTY31JUL2526700PE.NFO,2025-07-23,12:47:00,2025-07-31,38.85,39.8,37.2,37.75,2470,120250,0
FINNIFTY31JUL2526700PE.NFO,2025-07-23,12:48:00,2025-07-31,37.75,39.2,37.75,38.8,715,120250,0
FINNIFTY31JUL2526700PE.NFO,2025-07-23,12:49:00,2025-07-31,38.8,39.05,38.15,38.35,845,121550,0
FINNIFTY31JUL2526700PE.NFO,2025-07-23,12:50:00,2025-07-31,38.35,38.75,38.05,38.05,195,121550,0
FINNIFTY31JUL2526700PE.NFO,2025-07-23,12:51:00,2025-07-31,38.05,38.8,37.9,38.3,845,121550,0
FINNIFTY31JUL2526700PE.NFO,2025-07-23,12:52:00,2025-07-31,38.3,39.4,38.3,38.7,1105,121225,0
FINNIFTY31JUL2526700PE.NFO,2025-07-23,12:53:00,2025-07-31,38.7,39.9,38.7,39.9,650,121225,0
FINNIFTY31JUL2526700PE.NFO,2025-07-23,12:54:00,2025-07-31,39.9,39.9,39.9,39.9,0,121225,0
FINNIFTY31JUL2526700PE.NFO,2025-07-23,12:55:00,2025-07-31,39.9,40.4,39.9,40.0,130,121160,0
FINNIFTY31JUL2526700PE.NFO,2025-07-23,12:56:00,2025-07-31,40.0,40.0,40.0,40.0,0,121160,0
FINNIFTY31JUL2526700PE.NFO,2025-07-23,12:57:00,2025-07-31,40.0,40.0,38.6,39.45,585,121160,0
FINNIFTY31JUL2526700PE.NFO,2025-07-23,12:58:00,2025-07-31,39.45,40.0,38.8,40.0,715,121290,0
FINNIFTY31JUL2526700PE.NFO,2025-07-23,12:59:00,2025-07-31,40.0,40.0,39.75,39.75,65,121290,0
FINNIFTY31JUL2526700PE.NFO,2025-07-23,13:00:00,2025-07-31,39.75,39.75,39.75,39.75,0,121290,0
FINNIFTY31JUL2526700PE.NFO,2025-07-23,13:01:00,2025-07-31,39.75,39.75,38.65,38.65,65,120900,0
FINNIFTY31JUL2526700PE.NFO,2025-07-23,13:02:00,2025-07-31,38.65,38.65,37.7,37.7,65,120900,0
FINNIFTY31JUL2526700PE.NFO,2025-07-23,13:03:00,2025-07-31,37.7,37.7,37.0,37.0,780,120900,0
FINNIFTY31JUL2526700PE.NFO,2025-07-23,13:04:00,2025-07-31,37.0,38.0,37.0,38.0,65,121485,0
FINNIFTY31JUL2526700PE.NFO,2025-07-23,13:05:00,2025-07-31,38.0,38.25,38.0,38.05,585,121485,0
FINNIFTY31JUL2526700PE.NFO,2025-07-23,13:06:00,2025-07-31,38.05,38.85,38.05,38.85,65,121485,0
FINNIFTY31JUL2526700PE.NFO,2025-07-23,13:07:00,2025-07-31,38.85,39.2,38.4,38.75,1365,121745,0
FINNIFTY31JUL2526700PE.NFO,2025-07-23,13:08:00,2025-07-31,38.75,38.75,37.4,37.4,390,121745,0
FINNIFTY31JUL2526700PE.NFO,2025-07-23,13:09:00,2025-07-31,37.4,38.9,37.4,38.65,2015,121745,0
FINNIFTY31JUL2526700PE.NFO,2025-07-23,13:10:00,2025-07-31,38.65,38.95,38.65,38.95,65,121355,0
FINNIFTY31JUL2526700PE.NFO,2025-07-23,13:11:00,2025-07-31,38.95,39.25,38.7,38.7,1170,121355,0
FINNIFTY31JUL2526700PE.NFO,2025-07-23,13:12:00,2025-07-31,38.7,39.95,38.7,39.95,1365,121355,0
FINNIFTY31JUL2526700PE.NFO,2025-07-23,13:13:00,2025-07-31,39.95,39.95,39.3,39.7,260,122265,0
FINNIFTY31JUL2526700PE.NFO,2025-07-23,13:14:00,2025-07-31,39.7,39.7,39.7,39.7,0,122265,0
FINNIFTY31JUL2526700PE.NFO,2025-07-23,13:15:00,2025-07-31,39.7,40.0,39.7,40.0,65,122265,0
FINNIFTY31JUL2526700PE.NFO,2025-07-23,13:16:00,2025-07-31,40.0,40.0,40.0,40.0,0,122265,0
FINNIFTY31JUL2526700PE.NFO,2025-07-23,13:17:00,2025-07-31,40.0,40.0,40.0,40.0,0,122265,0
FINNIFTY31JUL2526700PE.NFO,2025-07-23,13:18:00,2025-07-31,40.0,40.0,40.0,40.0,0,122265,0
FINNIFTY31JUL2526700PE.NFO,2025-07-23,13:19:00,2025-07-31,40.0,41.4,40.0,40.8,1365,122200,0
FINNIFTY31JUL2526700PE.NFO,2025-07-23,13:20:00,2025-07-31,40.8,40.8,39.8,39.8,130,122200,0
FINNIFTY31JUL2526700PE.NFO,2025-07-23,13:21:00,2025-07-31,39.8,39.8,39.8,39.8,0,122200,0
FINNIFTY31JUL2526700PE.NFO,2025-07-23,13:22:00,2025-07-31,39.8,41.15,39.8,41.15,195,121420,0
FINNIFTY31JUL2526700PE.NFO,2025-07-23,13:23:00,2025-07-31,41.15,41.15,41.15,41.15,0,121420,0
FINNIFTY31JUL2526700PE.NFO,2025-07-23,13:24:00,2025-07-31,41.15,41.15,40.5,40.5,130,121420,0
FINNIFTY31JUL2526700PE.NFO,2025-07-23,13:25:00,2025-07-31,40.5,40.5,40.0,40.0,65,121420,0
FINNIFTY31JUL2526700PE.NFO,2025-07-23,13:26:00,2025-07-31,40.0,40.0,39.35,39.35,130,121485,0
FINNIFTY31JUL2526700PE.NFO,2025-07-23,13:27:00,2025-07-31,39.35,39.35,39.35,39.35,0,121485,0
FINNIFTY31JUL2526700PE.NFO,2025-07-23,13:28:00,2025-07-31,39.35,39.35,38.9,38.9,650,121680,0
FINNIFTY31JUL2526700PE.NFO,2025-07-23,13:29:00,2025-07-31,38.9,39.05,38.7,38.9,780,121680,0
FINNIFTY31JUL2526700PE.NFO,2025-07-23,13:30:00,2025-07-31,38.9,39.05,38.0,38.85,1105,121680,0
FINNIFTY31JUL2526700PE.NFO,2025-07-23,13:31:00,2025-07-31,38.85,38.85,37.6,38.8,585,121615,0
FINNIFTY31JUL2526700PE.NFO,2025-07-23,13:32:00,2025-07-31,38.8,38.8,38.0,38.05,715,121615,0
FINNIFTY31JUL2526700PE.NFO,2025-07-23,13:33:00,2025-07-31,38.05,38.05,37.75,37.85,390,121615,0
FINNIFTY31JUL2526700PE.NFO,2025-07-23,13:34:00,2025-07-31,37.85,37.9,37.85,37.85,260,121615,0
FINNIFTY31JUL2526700PE.NFO,2025-07-23,13:35:00,2025-07-31,37.85,38.1,37.6,38.1,455,121550,0
FINNIFTY31JUL2526700PE.NFO,2025-07-23,13:36:00,2025-07-31,38.1,38.85,38.1,38.85,65,121550,0
FINNIFTY31JUL2526700PE.NFO,2025-07-23,13:37:00,2025-07-31,38.85,39.15,38.3,39.0,1040,121225,0
FINNIFTY31JUL2526700PE.NFO,2025-07-23,13:38:00,2025-07-31,39.0,39.0,38.15,38.15,130,121225,0
FINNIFTY31JUL2526700PE.NFO,2025-07-23,13:39:00,2025-07-31,38.15,38.15,38.15,38.15,0,121225,0
FINNIFTY31JUL2526700PE.NFO,2025-07-23,13:40:00,2025-07-31,38.15,39.05,38.05,38.05,325,121030,0
FINNIFTY31JUL2526700PE.NFO,2025-07-23,13:41:00,2025-07-31,38.05,38.05,37.2,37.2,325,121030,0
FINNIFTY31JUL2526700PE.NFO,2025-07-23,13:42:00,2025-07-31,37.2,37.2,37.2,37.2,0,121030,0
FINNIFTY31JUL2526700PE.NFO,2025-07-23,13:43:00,2025-07-31,37.2,38.5,37.2,38.5,65,121420,0
FINNIFTY31JUL2526700PE.NFO,2025-07-23,13:44:00,2025-07-31,38.5,38.5,38.5,38.5,0,121420,0
FINNIFTY31JUL2526700PE.NFO,2025-07-23,13:45:00,2025-07-31,38.5,38.5,37.0,37.2,130,121420,0
FINNIFTY31JUL2526700PE.NFO,2025-07-23,13:46:00,2025-07-31,37.2,37.2,36.55,36.7,325,121485,0
FINNIFTY31JUL2526700PE.NFO,2025-07-23,13:47:00,2025-07-31,36.7,37.25,36.7,37.1,390,121485,0
FINNIFTY31JUL2526700PE.NFO,2025-07-23,13:48:00,2025-07-31,37.1,37.1,36.9,37.0,325,121485,0
FINNIFTY31JUL2526700PE.NFO,2025-07-23,13:49:00,2025-07-31,37.0,37.0,37.0,37.0,0,121485,0
FINNIFTY31JUL2526700PE.NFO,2025-07-23,13:50:00,2025-07-31,37.0,37.0,36.6,36.6,65,121160,0
FINNIFTY31JUL2526700PE.NFO,2025-07-23,13:51:00,2025-07-31,36.6,37.3,36.6,37.1,650,121160,0
FINNIFTY31JUL2526700PE.NFO,2025-07-23,13:52:00,2025-07-31,37.1,37.1,36.6,36.9,715,121550,0
FINNIFTY31JUL2526700PE.NFO,2025-07-23,13:53:00,2025-07-31,36.9,37.15,36.1,37.15,715,121550,0
FINNIFTY31JUL2526700PE.NFO,2025-07-23,13:54:00,2025-07-31,37.15,37.45,36.0,36.0,1105,121550,0
FINNIFTY31JUL2526700PE.NFO,2025-07-23,13:55:00,2025-07-31,36.0,36.65,36.0,36.5,1430,121940,0
FINNIFTY31JUL2526700PE.NFO,2025-07-23,13:56:00,2025-07-31,36.5,36.5,36.0,36.0,65,121940,0
FINNIFTY31JUL2526700PE.NFO,2025-07-23,13:57:00,2025-07-31,36.0,36.0,36.0,36.0,65,121940,0
FINNIFTY31JUL2526700PE.NFO,2025-07-23,13:58:00,2025-07-31,36.0,36.0,35.7,35.75,130,123240,0
FINNIFTY31JUL2526700PE.NFO,2025-07-23,13:59:00,2025-07-31,35.75,35.75,34.15,34.15,2795,123240,0
FINNIFTY31JUL2526700PE.NFO,2025-07-23,14:00:00,2025-07-31,34.15,36.05,34.15,36.05,260,123240,0
FINNIFTY31JUL2526700PE.NFO,2025-07-23,14:01:00,2025-07-31,36.05,36.05,35.45,35.45,650,123760,0
FINNIFTY31JUL2526700PE.NFO,2025-07-23,14:02:00,2025-07-31,35.45,36.0,35.2,35.4,2015,123760,0
FINNIFTY31JUL2526700PE.NFO,2025-07-23,14:03:00,2025-07-31,35.4,36.3,34.95,35.45,1820,123760,0
FINNIFTY31JUL2526700PE.NFO,2025-07-23,14:04:00,2025-07-31,35.45,35.5,35.45,35.5,130,123760,0
FINNIFTY31JUL2526700PE.NFO,2025-07-23,14:05:00,2025-07-31,35.5,36.5,35.5,36.5,845,127140,0
FINNIFTY31JUL2526700PE.NFO,2025-07-23,14:06:00,2025-07-31,36.5,36.5,35.75,36.4,325,127140,0
FINNIFTY31JUL2526700PE.NFO,2025-07-23,14:07:00,2025-07-31,36.4,36.55,36.2,36.55,650,127660,0
FINNIFTY31JUL2526700PE.NFO,2025-07-23,14:08:00,2025-07-31,36.55,36.55,36.0,36.0,65,127660,0
FINNIFTY31JUL2526700PE.NFO,2025-07-23,14:09:00,2025-07-31,36.0,36.7,36.0,36.7,520,127660,0
FINNIFTY31JUL2526700PE.NFO,2025-07-23,14:10:00,2025-07-31,36.7,36.7,36.7,36.7,0,127660,0
FINNIFTY31JUL2526700PE.NFO,2025-07-23,14:11:00,2025-07-31,36.7,36.7,35.5,35.5,65,127530,0
FINNIFTY31JUL2526700PE.NFO,2025-07-23,14:12:00,2025-07-31,35.5,36.1,35.5,36.1,65,127530,0
FINNIFTY31JUL2526700PE.NFO,2025-07-23,14:13:00,2025-07-31,36.1,36.1,35.4,35.4,1300,127595,0
FINNIFTY31JUL2526700PE.NFO,2025-07-23,14:14:00,2025-07-31,35.4,35.4,34.15,34.2,3185,127595,0
FINNIFTY31JUL2526700PE.NFO,2025-07-23,14:15:00,2025-07-31,34.2,34.2,33.7,33.7,390,127595,0
FINNIFTY31JUL2526700PE.NFO,2025-07-23,14:16:00,2025-07-31,33.7,34.3,33.5,34.1,585,131625,0
FINNIFTY31JUL2526700PE.NFO,2025-07-23,14:17:00,2025-07-31,34.1,34.1,34.1,34.1,0,131625,0
FINNIFTY31JUL2526700PE.NFO,2025-07-23,14:18:00,2025-07-31,34.1,34.1,34.1,34.1,65,131625,0
FINNIFTY31JUL2526700PE.NFO,2025-07-23,14:19:00,2025-07-31,34.1,35.45,34.1,34.55,7865,138970,0
FINNIFTY31JUL2526700PE.NFO,2025-07-23,14:20:00,2025-07-31,34.55,35.3,33.9,33.9,2925,138970,0
FINNIFTY31JUL2526700PE.NFO,2025-07-23,14:21:00,2025-07-31,33.9,34.45,33.9,34.45,0,138970,0
FINNIFTY31JUL2526700PE.NFO,2025-07-23,14:22:00,2025-07-31,34.45,36.15,34.45,36.1,3315,138905,0
FINNIFTY31JUL2526700PE.NFO,2025-07-23,14:23:00,2025-07-31,36.1,36.1,34.35,34.35,455,138905,0
FINNIFTY31JUL2526700PE.NFO,2025-07-23,14:24:00,2025-07-31,34.35,35.3,34.35,35.25,1300,138905,0
FINNIFTY31JUL2526700PE.NFO,2025-07-23,14:25:00,2025-07-31,35.25,35.55,35.25,35.55,845,143260,0
FINNIFTY31JUL2526700PE.NFO,2025-07-23,14:26:00,2025-07-31,35.55,35.75,35.55,35.7,520,143260,0
FINNIFTY31JUL2526700PE.NFO,2025-07-23,14:27:00,2025-07-31,35.7,36.25,35.15,35.15,1690,143260,0
FINNIFTY31JUL2526700PE.NFO,2025-07-23,14:28:00,2025-07-31,35.15,36.3,35.15,36.25,2600,145730,0
FINNIFTY31JUL2526700PE.NFO,2025-07-23,14:29:00,2025-07-31,36.25,36.8,35.4,35.4,2080,145730,0
FINNIFTY31JUL2526700PE.NFO,2025-07-23,14:30:00,2025-07-31,35.4,36.1,35.25,36.1,1365,145730,0
FINNIFTY31JUL2526700PE.NFO,2025-07-23,14:31:00,2025-07-31,36.1,36.1,34.25,34.25,3510,150345,0
FINNIFTY31JUL2526700PE.NFO,2025-07-23,14:32:00,2025-07-31,34.25,34.9,33.7,34.85,3055,150345,0
FINNIFTY31JUL2526700PE.NFO,2025-07-23,14:33:00,2025-07-31,34.85,35.1,34.4,34.4,2340,150345,0
FINNIFTY31JUL2526700PE.NFO,2025-07-23,14:34:00,2025-07-31,34.4,34.5,34.4,34.5,65,156390,0
FINNIFTY31JUL2526700PE.NFO,2025-07-23,14:35:00,2025-07-31,34.5,34.5,34.4,34.4,65,156390,0
FINNIFTY31JUL2526700PE.NFO,2025-07-23,14:36:00,2025-07-31,34.4,35.35,34.4,35.35,195,156390,0
FINNIFTY31JUL2526700PE.NFO,2025-07-23,14:37:00,2025-07-31,34.85,34.85,34.85,34.85,65,156390,0
FINNIFTY31JUL2526700PE.NFO,2025-07-23,14:38:00,2025-07-31,34.85,34.85,34.85,34.85,0,156390,0
FINNIFTY31JUL2526700PE.NFO,2025-07-23,14:39:00,2025-07-31,34.85,34.85,33.8,34.4,390,156520,0
FINNIFTY31JUL2526700PE.NFO,2025-07-23,14:40:00,2025-07-31,34.4,34.4,34.4,34.4,0,156520,0
FINNIFTY31JUL2526700PE.NFO,2025-07-23,14:41:00,2025-07-31,34.4,34.4,34.3,34.3,130,156390,0
FINNIFTY31JUL2526700PE.NFO,2025-07-23,14:42:00,2025-07-31,34.3,34.3,34.3,34.3,0,156390,0
FINNIFTY31JUL2526700PE.NFO,2025-07-23,14:43:00,2025-07-31,34.3,34.3,33.85,33.85,195,156520,0
FINNIFTY31JUL2526700PE.NFO,2025-07-23,14:44:00,2025-07-31,33.85,33.85,33.8,33.85,1755,156520,0
FINNIFTY31JUL2526700PE.NFO,2025-07-23,14:45:00,2025-07-31,33.85,34.3,33.85,33.95,3445,156520,0
FINNIFTY31JUL2526700PE.NFO,2025-07-23,14:46:00,2025-07-31,33.95,33.95,33.75,33.9,1105,156520,0
FINNIFTY31JUL2526700PE.NFO,2025-07-23,14:47:00,2025-07-31,33.9,33.9,33.9,33.9,0,156520,0
FINNIFTY31JUL2526700PE.NFO,2025-07-23,14:48:00,2025-07-31,33.9,33.9,33.05,33.05,195,152555,0
FINNIFTY31JUL2526700PE.NFO,2025-07-23,14:49:00,2025-07-31,33.05,33.55,32.45,33.55,3965,152880,0
FINNIFTY31JUL2526700PE.NFO,2025-07-23,14:50:00,2025-07-31,33.55,33.9,33.4,33.8,1885,152880,0
FINNIFTY31JUL2526700PE.NFO,2025-07-23,14:51:00,2025-07-31,33.8,33.9,33.8,33.85,455,152880,0
FINNIFTY31JUL2526700PE.NFO,2025-07-23,14:52:00,2025-07-31,33.85,33.9,33.85,33.85,6435,152880,0
FINNIFTY31JUL2526700PE.NFO,2025-07-23,14:53:00,2025-07-31,33.85,33.9,33.85,33.9,1430,142870,0
FINNIFTY31JUL2526700PE.NFO,2025-07-23,14:54:00,2025-07-31,33.9,33.95,33.65,33.65,1495,142870,0
FINNIFTY31JUL2526700PE.NFO,2025-07-23,14:55:00,2025-07-31,33.65,33.65,33.65,33.65,0,142870,0
FINNIFTY31JUL2526700PE.NFO,2025-07-23,14:56:00,2025-07-31,33.65,33.9,33.2,33.9,65,140205,0
FINNIFTY31JUL2526700PE.NFO,2025-07-23,14:57:00,2025-07-31,33.9,33.9,33.2,33.5,390,140205,0
FINNIFTY31JUL2526700PE.NFO,2025-07-23,14:58:00,2025-07-31,33.5,33.8,33.5,33.8,65,140205,0
FINNIFTY31JUL2526700PE.NFO,2025-07-23,14:59:00,2025-07-31,33.8,33.8,33.8,33.8,0,140205,0
FINNIFTY31JUL2526700PE.NFO,2025-07-23,15:00:00,2025-07-31,33.8,33.8,32.8,32.8,65,140075,0
FINNIFTY31JUL2526700PE.NFO,2025-07-23,15:01:00,2025-07-31,32.8,32.8,32.55,32.55,65,140075,0
FINNIFTY31JUL2526700PE.NFO,2025-07-23,15:02:00,2025-07-31,32.55,32.65,32.55,32.65,65,140075,0
FINNIFTY31JUL2526700PE.NFO,2025-07-23,15:03:00,2025-07-31,32.65,33.2,31.75,33.2,3575,140075,0
FINNIFTY31JUL2526700PE.NFO,2025-07-23,15:04:00,2025-07-31,33.2,33.2,32.45,33.1,2470,143585,0
FINNIFTY31JUL2526700PE.NFO,2025-07-23,15:05:00,2025-07-31,33.1,33.1,32.2,32.2,65,143585,0
FINNIFTY31JUL2526700PE.NFO,2025-07-23,15:06:00,2025-07-31,32.2,33.35,32.2,33.35,455,143585,0
FINNIFTY31JUL2526700PE.NFO,2025-07-23,15:07:00,2025-07-31,33.35,33.35,32.75,32.75,260,144040,0
FINNIFTY31JUL2526700PE.NFO,2025-07-23,15:08:00,2025-07-31,32.75,33.05,32.75,33.05,130,144040,0
FINNIFTY31JUL2526700PE.NFO,2025-07-23,15:09:00,2025-07-31,33.05,33.65,32.65,33.65,520,144040,0
FINNIFTY31JUL2526700PE.NFO,2025-07-23,15:10:00,2025-07-31,33.65,33.65,33.05,33.05,195,144040,0
FINNIFTY31JUL2526700PE.NFO,2025-07-23,15:11:00,2025-07-31,33.05,33.15,33.05,33.15,65,144430,0
FINNIFTY31JUL2526700PE.NFO,2025-07-23,15:12:00,2025-07-31,33.15,33.15,33.05,33.05,650,144430,0
FINNIFTY31JUL2526700PE.NFO,2025-07-23,15:13:00,2025-07-31,33.05,33.05,33.05,33.05,0,144430,0
FINNIFTY31JUL2526700PE.NFO,2025-07-23,15:14:00,2025-07-31,33.05,33.05,33.05,33.05,0,144430,0
FINNIFTY31JUL2526700PE.NFO,2025-07-23,15:15:00,2025-07-31,33.05,34.0,33.05,34.0,130,144430,0
FINNIFTY31JUL2526700PE.NFO,2025-07-23,15:16:00,2025-07-31,34.0,34.3,34.0,34.3,4290,147615,0
FINNIFTY31JUL2526700PE.NFO,2025-07-23,15:17:00,2025-07-31,34.3,34.35,34.1,34.35,2535,147615,0
FINNIFTY31JUL2526700PE.NFO,2025-07-23,15:18:00,2025-07-31,34.25,34.3,34.1,34.2,3445,147615,0
FINNIFTY31JUL2526700PE.NFO,2025-07-23,15:19:00,2025-07-31,34.2,34.3,33.9,33.9,1755,147615,0
FINNIFTY31JUL2526700PE.NFO,2025-07-23,15:20:00,2025-07-31,33.9,34.1,33.9,33.9,130,153205,0
FINNIFTY31JUL2526700PE.NFO,2025-07-23,15:21:00,2025-07-31,33.9,33.9,33.55,33.55,390,153205,0
FINNIFTY31JUL2526700PE.NFO,2025-07-23,15:22:00,2025-07-31,33.55,33.55,33.55,33.55,0,153205,0
FINNIFTY31JUL2526700PE.NFO,2025-07-23,15:23:00,2025-07-31,33.55,33.55,32.9,32.9,455,153595,0
FINNIFTY31JUL2526700PE.NFO,2025-07-23,15:24:00,2025-07-31,32.9,32.9,32.9,32.9,0,153595,0
FINNIFTY31JUL2526700PE.NFO,2025-07-23,15:25:00,2025-07-31,32.9,34.6,32.9,34.1,2340,153920,0
FINNIFTY31JUL2526700PE.NFO,2025-07-23,15:26:00,2025-07-31,34.1,34.1,33.45,33.45,5070,153920,0
FINNIFTY31JUL2526700PE.NFO,2025-07-23,15:27:00,2025-07-31,33.45,33.5,33.0,33.2,2275,153920,0
FINNIFTY31JUL2526700PE.NFO,2025-07-23,15:28:00,2025-07-31,33.2,33.3,32.95,32.95,910,153855,0
FINNIFTY31JUL2526700PE.NFO,2025-07-23,15:29:00,2025-07-31,32.95,33.3,32.2,32.25,1430,153855,0
FINNIFTY31JUL2526700PE.NFO,2025-07-23,15:30:00,2025-07-31,32.25,32.25,32.25,32.25,1430,153855,1
FINNIFTY31JUL2526700PE.NFO,2025-07-24,09:15:00,2025-07-31,33.25,33.25,33.25,33.25,0,0,0
FINNIFTY31JUL2526700PE.NFO,2025-07-24,09:16:00,2025-07-31,33.25,34.3,33.25,34.3,130,153790,0
FINNIFTY31JUL2526700PE.NFO,2025-07-24,09:17:00,2025-07-31,34.3,34.95,33.15,33.55,10790,153790,0
FINNIFTY31JUL2526700PE.NFO,2025-07-24,09:18:00,2025-07-31,33.55,36.25,33.5,36.25,2795,147615,0
FINNIFTY31JUL2526700PE.NFO,2025-07-24,09:19:00,2025-07-31,36.25,36.25,34.85,34.85,3965,147615,0
FINNIFTY31JUL2526700PE.NFO,2025-07-24,09:20:00,2025-07-31,34.85,36.1,34.85,35.9,195,147615,0
FINNIFTY31JUL2526700PE.NFO,2025-07-24,09:21:00,2025-07-31,35.9,37.4,35.6,35.6,4810,147615,0
FINNIFTY31JUL2526700PE.NFO,2025-07-24,09:22:00,2025-07-31,35.6,37.7,35.6,36.05,2730,147940,0
FINNIFTY31JUL2526700PE.NFO,2025-07-24,09:23:00,2025-07-31,36.05,36.25,36.05,36.25,65,147940,0
FINNIFTY31JUL2526700PE.NFO,2025-07-24,09:24:00,2025-07-31,36.25,37.4,36.25,37.4,130,147940,0
FINNIFTY31JUL2526700PE.NFO,2025-07-24,09:25:00,2025-07-31,37.4,37.45,37.4,37.45,195,149435,0
FINNIFTY31JUL2526700PE.NFO,2025-07-24,09:26:00,2025-07-31,37.45,38.15,37.25,37.25,650,149435,0
FINNIFTY31JUL2526700PE.NFO,2025-07-24,09:27:00,2025-07-31,37.25,37.25,36.8,36.8,260,149825,0
FINNIFTY31JUL2526700PE.NFO,2025-07-24,09:28:00,2025-07-31,36.8,37.55,36.6,36.6,780,149825,0
FINNIFTY31JUL2526700PE.NFO,2025-07-24,09:29:00,2025-07-31,36.6,36.75,36.6,36.75,65,149825,0
FINNIFTY31JUL2526700PE.NFO,2025-07-24,09:30:00,2025-07-31,36.75,38.0,36.75,38.0,2795,149890,0
FINNIFTY31JUL2526700PE.NFO,2025-07-24,09:31:00,2025-07-31,38.0,38.85,38.0,38.85,1170,149890,0
FINNIFTY31JUL2526700PE.NFO,2025-07-24,09:32:00,2025-07-31,38.85,39.15,38.85,38.85,4680,149890,0
FINNIFTY31JUL2526700PE.NFO,2025-07-24,09:33:00,2025-07-31,38.85,39.8,38.85,39.0,1495,143390,0
FINNIFTY31JUL2526700PE.NFO,2025-07-24,09:34:00,2025-07-31,39.0,40.0,39.0,40.0,3445,143390,0
FINNIFTY31JUL2526700PE.NFO,2025-07-24,09:35:00,2025-07-31,40.0,40.0,38.25,39.0,3120,143390,0
FINNIFTY31JUL2526700PE.NFO,2025-07-24,09:36:00,2025-07-31,39.0,39.0,38.15,38.15,65,143390,0
FINNIFTY31JUL2526700PE.NFO,2025-07-24,09:37:00,2025-07-31,38.15,38.15,37.45,38.0,1105,138775,0
FINNIFTY31JUL2526700PE.NFO,2025-07-24,09:38:00,2025-07-31,38.0,38.0,38.0,38.0,390,138775,0
FINNIFTY31JUL2526700PE.NFO,2025-07-24,09:39:00,2025-07-31,38.0,38.0,38.0,38.0,2795,138775,0
FINNIFTY31JUL2526700PE.NFO,2025-07-24,09:40:00,2025-07-31,38.0,39.0,38.0,38.5,2925,136695,0
FINNIFTY31JUL2526700PE.NFO,2025-07-24,09:41:00,2025-07-31,38.5,39.6,38.5,38.65,390,136695,0
FINNIFTY31JUL2526700PE.NFO,2025-07-24,09:42:00,2025-07-31,38.65,40.0,37.8,37.8,1365,136695,0
FINNIFTY31JUL2526700PE.NFO,2025-07-24,09:43:00,2025-07-31,37.8,38.2,37.8,38.1,1040,134550,0
FINNIFTY31JUL2526700PE.NFO,2025-07-24,09:44:00,2025-07-31,38.1,38.1,36.45,36.45,2925,134550,0
FINNIFTY31JUL2526700PE.NFO,2025-07-24,09:45:00,2025-07-31,36.45,37.25,36.45,37.25,65,134550,0
FINNIFTY31JUL2526700PE.NFO,2025-07-24,09:46:00,2025-07-31,37.25,37.25,37.25,37.25,0,134550,0
FINNIFTY31JUL2526700PE.NFO,2025-07-24,09:47:00,2025-07-31,37.25,38.0,37.25,38.0,1495,129545,0
FINNIFTY31JUL2526700PE.NFO,2025-07-24,09:48:00,2025-07-31,38.0,39.0,38.0,39.0,1625,126685,0
FINNIFTY31JUL2526700PE.NFO,2025-07-24,09:49:00,2025-07-31,39.0,39.0,39.0,39.0,1170,126685,0
FINNIFTY31JUL2526700PE.NFO,2025-07-24,09:50:00,2025-07-31,39.0,40.0,38.9,40.0,6695,126685,0
FINNIFTY31JUL2526700PE.NFO,2025-07-24,09:51:00,2025-07-31,40.0,40.0,39.45,39.9,390,126685,0
FINNIFTY31JUL2526700PE.NFO,2025-07-24,09:52:00,2025-07-31,39.9,39.9,38.7,38.7,130,121420,0
FINNIFTY31JUL2526700PE.NFO,2025-07-24,09:53:00,2025-07-31,38.7,39.0,38.7,39.0,2600,121420,0
FINNIFTY31JUL2526700PE.NFO,2025-07-24,09:54:00,2025-07-31,39.0,39.9,39.0,39.9,130,120185,0
FINNIFTY31JUL2526700PE.NFO,2025-07-24,09:55:00,2025-07-31,39.9,40.0,39.45,39.45,6370,120185,0
FINNIFTY31JUL2526700PE.NFO,2025-07-24,09:56:00,2025-07-31,39.45,39.45,39.45,39.45,0,120185,0
FINNIFTY31JUL2526700PE.NFO,2025-07-24,09:57:00,2025-07-31,39.45,40.0,38.5,40.0,2860,120640,0
FINNIFTY31JUL2526700PE.NFO,2025-07-24,09:58:00,2025-07-31,40.0,40.5,40.0,40.5,195,120640,0
FINNIFTY31JUL2526700PE.NFO,2025-07-24,09:59:00,2025-07-31,40.5,40.5,38.8,38.8,65,120640,0
FINNIFTY31JUL2526700PE.NFO,2025-07-24,10:00:00,2025-07-31,38.8,40.05,38.45,38.6,325,114920,0
FINNIFTY31JUL2526700PE.NFO,2025-07-24,10:01:00,2025-07-31,38.6,38.6,38.6,38.6,0,114920,0
FINNIFTY31JUL2526700PE.NFO,2025-07-24,10:02:00,2025-07-31,38.6,40.5,38.6,40.5,3575,114920,0
FINNIFTY31JUL2526700PE.NFO,2025-07-24,10:03:00,2025-07-31,40.5,41.0,40.4,40.45,2405,111475,0
FINNIFTY31JUL2526700PE.NFO,2025-07-24,10:04:00,2025-07-31,40.45,40.5,38.9,40.45,4160,111475,0
FINNIFTY31JUL2526700PE.NFO,2025-07-24,10:05:00,2025-07-31,40.45,41.0,40.45,41.0,2210,111475,0
FINNIFTY31JUL2526700PE.NFO,2025-07-24,10:06:00,2025-07-31,41.0,41.0,40.05,41.0,2470,107770,0
FINNIFTY31JUL2526700PE.NFO,2025-07-24,10:07:00,2025-07-31,41.0,41.85,40.85,41.85,1430,107770,0
FINNIFTY31JUL2526700PE.NFO,2025-07-24,10:08:00,2025-07-31,41.85,42.05,41.0,41.0,195,107770,0
FINNIFTY31JUL2526700PE.NFO,2025-07-24,10:09:00,2025-07-31,41.0,41.0,40.35,40.35,520,107770,0
FINNIFTY31JUL2526700PE.NFO,2025-07-24,10:10:00,2025-07-31,40.35,41.3,40.35,41.3,65,102505,0
FINNIFTY31JUL2526700PE.NFO,2025-07-24,10:11:00,2025-07-31,41.3,41.9,41.3,41.9,65,102505,0
FINNIFTY31JUL2526700PE.NFO,2025-07-24,10:12:00,2025-07-31,41.9,42.0,41.85,42.0,1755,101530,0
FINNIFTY31JUL2526700PE.NFO,2025-07-24,10:13:00,2025-07-31,42.0,42.0,41.95,42.0,390,101530,0
FINNIFTY31JUL2526700PE.NFO,2025-07-24,10:14:00,2025-07-31,42.0,42.0,41.5,42.0,650,101530,0
FINNIFTY31JUL2526700PE.NFO,2025-07-24,10:15:00,2025-07-31,42.0,42.1,42.0,42.1,975,101530,0
FINNIFTY31JUL2526700PE.NFO,2025-07-24,10:16:00,2025-07-31,42.1,42.1,42.1,42.1,0,101530,0
FINNIFTY31JUL2526700PE.NFO,2025-07-24,10:17:00,2025-07-31,42.1,42.1,42.1,42.1,0,101530,0
FINNIFTY31JUL2526700PE.NFO,2025-07-24,10:18:00,2025-07-31,42.1,42.1,40.8,41.9,195,99255,0
FINNIFTY31JUL2526700PE.NFO,2025-07-24,10:19:00,2025-07-31,41.9,41.9,41.8,41.8,325,99255,0
FINNIFTY31JUL2526700PE.NFO,2025-07-24,10:20:00,2025-07-31,41.8,41.8,41.1,41.5,520,99255,0
FINNIFTY31JUL2526700PE.NFO,2025-07-24,10:21:00,2025-07-31,41.5,41.9,40.95,41.9,2340,99385,0
FINNIFTY31JUL2526700PE.NFO,2025-07-24,10:22:00,2025-07-31,41.9,42.45,41.35,41.35,520,99385,0
FINNIFTY31JUL2526700PE.NFO,2025-07-24,10:23:00,2025-07-31,41.35,42.3,41.35,42.3,130,99385,0
FINNIFTY31JUL2526700PE.NFO,2025-07-24,10:24:00,2025-07-31,42.3,42.55,42.3,42.55,130,99385,0
FINNIFTY31JUL2526700PE.NFO,2025-07-24,10:25:00,2025-07-31,42.55,42.55,42.35,42.35,65,97240,0
FINNIFTY31JUL2526700PE.NFO,2025-07-24,10:26:00,2025-07-31,42.35,42.35,42.35,42.35,0,97240,0
FINNIFTY31JUL2526700PE.NFO,2025-07-24,10:27:00,2025-07-31,42.35,42.35,39.05,39.05,195,97240,0
FINNIFTY31JUL2526700PE.NFO,2025-07-24,10:28:00,2025-07-31,39.05,40.0,38.75,39.15,975,97240,0
FINNIFTY31JUL2526700PE.NFO,2025-07-24,10:29:00,2025-07-31,39.15,39.15,38.0,38.85,2145,97240,0
FINNIFTY31JUL2526700PE.NFO,2025-07-24,10:30:00,2025-07-31,38.85,39.05,38.15,39.05,130,97240,0
FINNIFTY31JUL2526700PE.NFO,2025-07-24,10:31:00,2025-07-31,39.05,39.1,37.0,37.0,260,97435,0
FINNIFTY31JUL2526700PE.NFO,2025-07-24,10:32:00,2025-07-31,37.0,37.0,37.0,37.0,0,97435,0
FINNIFTY31JUL2526700PE.NFO,2025-07-24,10:33:00,2025-07-31,37.0,37.0,36.0,36.0,325,97435,0
FINNIFTY31JUL2526700PE.NFO,2025-07-24,10:34:00,2025-07-31,36.0,36.0,36.0,36.0,455,97630,0
FINNIFTY31JUL2526700PE.NFO,2025-07-24,10:35:00,2025-07-31,36.0,37.05,36.0,37.05,1105,97630,0
FINNIFTY31JUL2526700PE.NFO,2025-07-24,10:36:00,2025-07-31,37.05,37.05,37.05,37.05,0,97630,0
FINNIFTY31JUL2526700PE.NFO,2025-07-24,10:37:00,2025-07-31,37.05,37.05,35.95,35.95,130,98215,0
FINNIFTY31JUL2526700PE.NFO,2025-07-24,10:38:00,2025-07-31,35.95,37.0,35.95,37.0,65,98215,0
FINNIFTY31JUL2526700PE.NFO,2025-07-24,10:39:00,2025-07-31,37.0,37.0,37.0,37.0,0,98215,0
FINNIFTY31JUL2526700PE.NFO,2025-07-24,10:40:00,2025-07-31,37.0,37.0,37.0,37.0,0,98215,0
FINNIFTY31JUL2526700PE.NFO,2025-07-24,10:41:00,2025-07-31,37.0,37.0,37.0,37.0,0,98215,0
FINNIFTY31JUL2526700PE.NFO,2025-07-24,10:42:00,2025-07-31,37.0,38.25,37.0,38.25,65,97955,0
FINNIFTY31JUL2526700PE.NFO,2025-07-24,10:43:00,2025-07-31,38.25,38.25,38.25,38.25,0,97955,0
FINNIFTY31JUL2526700PE.NFO,2025-07-24,10:44:00,2025-07-31,38.25,38.25,37.1,38.2,130,97955,0
FINNIFTY31JUL2526700PE.NFO,2025-07-24,10:45:00,2025-07-31,38.2,38.2,36.7,36.7,390,97500,0
FINNIFTY31JUL2526700PE.NFO,2025-07-24,10:46:00,2025-07-31,36.7,37.0,36.7,37.0,260,97500,0
FINNIFTY31JUL2526700PE.NFO,2025-07-24,10:47:00,2025-07-31,37.0,37.0,37.0,37.0,0,97500,0
FINNIFTY31JUL2526700PE.NFO,2025-07-24,10:48:00,2025-07-31,37.0,37.1,37.0,37.1,325,97500,0
FINNIFTY31JUL2526700PE.NFO,2025-07-24,10:49:00,2025-07-31,37.1,38.35,37.1,38.35,130,97110,0
FINNIFTY31JUL2526700PE.NFO,2025-07-24,10:50:00,2025-07-31,38.35,38.35,37.35,37.35,130,97110,0
FINNIFTY31JUL2526700PE.NFO,2025-07-24,10:51:00,2025-07-31,37.35,37.35,37.15,37.15,65,97110,0
FINNIFTY31JUL2526700PE.NFO,2025-07-24,10:52:00,2025-07-31,37.15,37.6,37.15,37.6,130,96980,0
FINNIFTY31JUL2526700PE.NFO,2025-07-24,10:53:00,2025-07-31,37.6,37.8,37.6,37.8,65,96980,0
FINNIFTY31JUL2526700PE.NFO,2025-07-24,10:54:00,2025-07-31,37.8,37.8,37.0,37.0,65,96980,0
FINNIFTY31JUL2526700PE.NFO,2025-07-24,10:55:00,2025-07-31,37.0,37.0,37.0,37.0,0,96980,0
FINNIFTY31JUL2526700PE.NFO,2025-07-24,10:56:00,2025-07-31,37.0,37.0,37.0,37.0,0,96980,0
FINNIFTY31JUL2526700PE.NFO,2025-07-24,10:57:00,2025-07-31,37.0,37.0,37.0,37.0,0,96980,0
FINNIFTY31JUL2526700PE.NFO,2025-07-24,10:58:00,2025-07-31,37.0,37.0,37.0,37.0,0,96980,0
FINNIFTY31JUL2526700PE.NFO,2025-07-24,10:59:00,2025-07-31,37.0,40.05,37.0,39.4,130,97175,0
FINNIFTY31JUL2526700PE.NFO,2025-07-24,11:00:00,2025-07-31,39.4,40.15,39.2,39.4,455,97175,0
FINNIFTY31JUL2526700PE.NFO,2025-07-24,11:01:00,2025-07-31,39.4,39.4,39.4,39.4,0,97175,0
FINNIFTY31JUL2526700PE.NFO,2025-07-24,11:02:00,2025-07-31,39.4,39.4,39.4,39.4,0,97175,0
FINNIFTY31JUL2526700PE.NFO,2025-07-24,11:03:00,2025-07-31,39.4,41.0,39.4,41.0,195,97110,0
FINNIFTY31JUL2526700PE.NFO,2025-07-24,11:04:00,2025-07-31,41.0,41.0,41.0,41.0,0,97110,0
FINNIFTY31JUL2526700PE.NFO,2025-07-24,11:05:00,2025-07-31,41.0,41.0,41.0,41.0,0,97110,0
FINNIFTY31JUL2526700PE.NFO,2025-07-24,11:06:00,2025-07-31,41.0,41.0,40.6,40.6,65,97110,0
FINNIFTY31JUL2526700PE.NFO,2025-07-24,11:07:00,2025-07-31,40.6,40.6,40.6,40.6,0,97110,0
FINNIFTY31JUL2526700PE.NFO,2025-07-24,11:08:00,2025-07-31,40.6,40.6,40.6,40.6,0,97110,0
FINNIFTY31JUL2526700PE.NFO,2025-07-24,11:09:00,2025-07-31,40.6,40.6,40.6,40.6,260,97110,0
FINNIFTY31JUL2526700PE.NFO,2025-07-24,11:10:00,2025-07-31,40.6,40.6,40.6,40.6,0,97110,0
FINNIFTY31JUL2526700PE.NFO,2025-07-24,11:11:00,2025-07-31,40.6,41.1,40.6,41.1,65,96980,0
FINNIFTY31JUL2526700PE.NFO,2025-07-24,11:12:00,2025-07-31,41.1,41.1,41.1,41.1,0,96980,0
FINNIFTY31JUL2526700PE.NFO,2025-07-24,11:13:00,2025-07-31,41.1,42.4,41.1,42.4,325,96915,0
FINNIFTY31JUL2526700PE.NFO,2025-07-24,11:14:00,2025-07-31,42.4,42.4,42.4,42.4,0,96915,0
FINNIFTY31JUL2526700PE.NFO,2025-07-24,11:15:00,2025-07-31,42.4,42.4,40.75,40.75,65,96915,0
FINNIFTY31JUL2526700PE.NFO,2025-07-24,11:16:00,2025-07-31,40.75,40.75,38.75,38.75,65,96590,0
FINNIFTY31JUL2526700PE.NFO,2025-07-24,11:17:00,2025-07-31,38.75,38.75,37.85,37.85,390,96590,0
FINNIFTY31JUL2526700PE.NFO,2025-07-24,11:18:00,2025-07-31,37.85,38.8,37.45,38.55,1040,96590,0
FINNIFTY31JUL2526700PE.NFO,2025-07-24,11:19:00,2025-07-31,38.55,38.55,38.55,38.55,0,96590,0
FINNIFTY31JUL2526700PE.NFO,2025-07-24,11:20:00,2025-07-31,38.55,40.5,38.55,40.5,65,96330,0
FINNIFTY31JUL2526700PE.NFO,2025-07-24,11:21:00,2025-07-31,40.5,40.5,40.5,40.5,0,96330,0
FINNIFTY31JUL2526700PE.NFO,2025-07-24,11:22:00,2025-07-31,40.5,40.85,39.65,40.85,715,96265,0
FINNIFTY31JUL2526700PE.NFO,2025-07-24,11:23:00,2025-07-31,40.85,43.2,40.75,43.2,260,96265,0
FINNIFTY31JUL2526700PE.NFO,2025-07-24,11:24:00,2025-07-31,43.2,43.2,41.5,41.5,975,96265,0
FINNIFTY31JUL2526700PE.NFO,2025-07-24,11:25:00,2025-07-31,41.5,43.5,41.5,42.8,650,95290,0
FINNIFTY31JUL2526700PE.NFO,2025-07-24,11:26:00,2025-07-31,42.8,42.9,42.8,42.85,585,95290,0
FINNIFTY31JUL2526700PE.NFO,2025-07-24,11:27:00,2025-07-31,42.85,44.0,42.85,43.8,780,95290,0
FINNIFTY31JUL2526700PE.NFO,2025-07-24,11:28:00,2025-07-31,43.8,43.8,42.45,42.45,325,94770,0
FINNIFTY31JUL2526700PE.NFO,2025-07-24,11:29:00,2025-07-31,42.45,42.45,40.45,40.45,260,94770,0
FINNIFTY31JUL2526700PE.NFO,2025-07-24,11:30:00,2025-07-31,40.45,40.45,40.45,40.45,0,94770,0
FINNIFTY31JUL2526700PE.NFO,2025-07-24,11:31:00,2025-07-31,40.45,40.45,40.45,40.45,0,94770,0
FINNIFTY31JUL2526700PE.NFO,2025-07-24,11:32:00,2025-07-31,40.45,40.45,40.45,40.45,0,94770,0
FINNIFTY31JUL2526700PE.NFO,2025-07-24,11:33:00,2025-07-31,40.65,40.65,40.65,40.65,65,94380,0
FINNIFTY31JUL2526700PE.NFO,2025-07-24,11:34:00,2025-07-31,40.65,44.0,40.65,44.0,65,94185,0
FINNIFTY31JUL2526700PE.NFO,2025-07-24,11:35:00,2025-07-31,44.0,44.0,42.8,42.8,65,94185,0
FINNIFTY31JUL2526700PE.NFO,2025-07-24,11:36:00,2025-07-31,42.8,44.25,42.8,43.0,455,94185,0
FINNIFTY31JUL2526700PE.NFO,2025-07-24,11:37:00,2025-07-31,43.0,44.4,43.0,44.1,260,94250,0
FINNIFTY31JUL2526700PE.NFO,2025-07-24,11:38:00,2025-07-31,44.1,44.3,43.7,43.8,585,94250,0
FINNIFTY31JUL2526700PE.NFO,2025-07-24,11:39:00,2025-07-31,43.8,43.8,43.7,43.7,65,94250,0
FINNIFTY31JUL2526700PE.NFO,2025-07-24,11:40:00,2025-07-31,43.7,43.7,42.35,42.35,260,94510,0
FINNIFTY31JUL2526700PE.NFO,2025-07-24,11:41:00,2025-07-31,42.35,42.35,42.35,42.35,0,94510,0
FINNIFTY31JUL2526700PE.NFO,2025-07-24,11:42:00,2025-07-31,42.35,44.05,42.35,44.05,260,94510,0
FINNIFTY31JUL2526700PE.NFO,2025-07-24,11:43:00,2025-07-31,44.05,44.05,44.05,44.05,0,94510,0
FINNIFTY31JUL2526700PE.NFO,2025-07-24,11:44:00,2025-07-31,44.05,44.05,43.7,43.7,65,94055,0
FINNIFTY31JUL2526700PE.NFO,2025-07-24,11:45:00,2025-07-31,43.7,43.7,43.7,43.7,0,94055,0
FINNIFTY31JUL2526700PE.NFO,2025-07-24,11:46:00,2025-07-31,43.7,43.7,43.7,43.7,0,94055,0
FINNIFTY31JUL2526700PE.NFO,2025-07-24,11:47:00,2025-07-31,43.7,43.7,43.7,43.7,0,94055,0
FINNIFTY31JUL2526700PE.NFO,2025-07-24,11:48:00,2025-07-31,43.7,43.7,43.7,43.7,0,94055,0
FINNIFTY31JUL2526700PE.NFO,2025-07-24,11:49:00,2025-07-31,43.7,43.7,43.7,43.7,0,94055,0
FINNIFTY31JUL2526700PE.NFO,2025-07-24,11:50:00,2025-07-31,43.7,43.7,43.7,43.7,0,94055,0
FINNIFTY31JUL2526700PE.NFO,2025-07-24,11:51:00,2025-07-31,43.7,43.7,43.7,43.7,0,94055,0
FINNIFTY31JUL2526700PE.NFO,2025-07-24,11:52:00,2025-07-31,43.7,43.7,43.7,43.7,0,94055,0
FINNIFTY31JUL2526700PE.NFO,2025-07-24,11:53:00,2025-07-31,43.7,44.05,43.7,44.05,260,93795,0
FINNIFTY31JUL2526700PE.NFO,2025-07-24,11:54:00,2025-07-31,44.05,45.15,44.05,45.15,65,93795,0
FINNIFTY31JUL2526700PE.NFO,2025-07-24,11:55:00,2025-07-31,45.15,45.15,45.15,45.15,0,93795,0
FINNIFTY31JUL2526700PE.NFO,2025-07-24,11:56:00,2025-07-31,45.15,45.15,45.15,45.15,0,93795,0
FINNIFTY31JUL2526700PE.NFO,2025-07-24,11:57:00,2025-07-31,45.15,45.35,45.0,45.0,260,93535,0
FINNIFTY31JUL2526700PE.NFO,2025-07-24,11:58:00,2025-07-31,45.0,47.75,45.0,47.6,520,93340,0
FINNIFTY31JUL2526700PE.NFO,2025-07-24,11:59:00,2025-07-31,47.6,47.6,47.3,47.3,390,93340,0
FINNIFTY31JUL2526700PE.NFO,2025-07-24,12:00:00,2025-07-31,47.3,48.2,47.3,47.9,520,93340,0
FINNIFTY31JUL2526700PE.NFO,2025-07-24,12:01:00,2025-07-31,47.9,48.05,47.9,48.05,65,93340,0
FINNIFTY31JUL2526700PE.NFO,2025-07-24,12:02:00,2025-07-31,48.05,48.9,48.05,48.85,1560,93470,0
FINNIFTY31JUL2526700PE.NFO,2025-07-24,12:03:00,2025-07-31,48.85,49.7,48.85,49.15,585,93470,0
FINNIFTY31JUL2526700PE.NFO,2025-07-24,12:04:00,2025-07-31,49.15,52.85,49.15,52.4,5850,94965,0
FINNIFTY31JUL2526700PE.NFO,2025-07-24,12:05:00,2025-07-31,52.4,55.9,52.0,55.9,5720,94965,0
FINNIFTY31JUL2526700PE.NFO,2025-07-24,12:06:00,2025-07-31,55.9,57.15,55.9,56.2,2795,94965,0
FINNIFTY31JUL2526700PE.NFO,2025-07-24,12:07:00,2025-07-31,56.2,56.2,52.0,53.4,2015,94835,0
FINNIFTY31JUL2526700PE.NFO,2025-07-24,12:08:00,2025-07-31,53.4,54.2,53.0,53.0,130,94835,0
FINNIFTY31JUL2526700PE.NFO,2025-07-24,12:09:00,2025-07-31,53.0,55.0,53.0,55.0,2340,94835,0
FINNIFTY31JUL2526700PE.NFO,2025-07-24,12:10:00,2025-07-31,55.0,57.7,55.0,57.7,260,94900,0
FINNIFTY31JUL2526700PE.NFO,2025-07-24,12:11:00,2025-07-31,57.7,58.55,57.2,58.25,975,94900,0
FINNIFTY31JUL2526700PE.NFO,2025-07-24,12:12:00,2025-07-31,58.25,58.4,54.85,54.85,780,94900,0
FINNIFTY31JUL2526700PE.NFO,2025-07-24,12:13:00,2025-07-31,54.85,55.75,54.4,55.75,520,92170,0
FINNIFTY31JUL2526700PE.NFO,2025-07-24,12:14:00,2025-07-31,55.75,55.75,55.75,55.75,0,92170,0
FINNIFTY31JUL2526700PE.NFO,2025-07-24,12:15:00,2025-07-31,55.75,55.75,46.55,50.4,45695,92170,0
FINNIFTY31JUL2526700PE.NFO,2025-07-24,12:16:00,2025-07-31,50.4,50.45,48.95,49.5,2795,65975,0
FINNIFTY31JUL2526700PE.NFO,2025-07-24,12:17:00,2025-07-31,49.5,50.85,49.5,50.25,1950,65975,0
FINNIFTY31JUL2526700PE.NFO,2025-07-24,12:18:00,2025-07-31,50.25,50.65,49.8,50.1,845,65975,0
FINNIFTY31JUL2526700PE.NFO,2025-07-24,12:19:00,2025-07-31,50.1,50.2,49.15,49.15,1690,67600,0
FINNIFTY31JUL2526700PE.NFO,2025-07-24,12:20:00,2025-07-31,49.15,49.15,48.0,48.95,2795,67600,0
FINNIFTY31JUL2526700PE.NFO,2025-07-24,12:21:00,2025-07-31,48.95,51.4,48.95,50.9,845,67600,0
FINNIFTY31JUL2526700PE.NFO,2025-07-24,12:22:00,2025-07-31,50.9,51.35,48.65,49.45,650,70265,0
FINNIFTY31JUL2526700PE.NFO,2025-07-24,12:23:00,2025-07-31,49.45,49.45,48.6,48.6,325,70265,0
FINNIFTY31JUL2526700PE.NFO,2025-07-24,12:24:00,2025-07-31,48.6,49.2,48.6,49.1,195,70265,0
FINNIFTY31JUL2526700PE.NFO,2025-07-24,12:25:00,2025-07-31,49.1,49.55,49.05,49.05,65,70460,0
FINNIFTY31JUL2526700PE.NFO,2025-07-24,12:26:00,2025-07-31,49.05,50.35,49.05,50.35,195,70460,0
FINNIFTY31JUL2526700PE.NFO,2025-07-24,12:27:00,2025-07-31,50.35,50.9,50.35,50.6,390,70460,0
FINNIFTY31JUL2526700PE.NFO,2025-07-24,12:28:00,2025-07-31,50.6,50.6,48.9,48.9,65,67340,0
FINNIFTY31JUL2526700PE.NFO,2025-07-24,12:29:00,2025-07-31,48.9,48.9,46.8,46.8,1300,67340,0
FINNIFTY31JUL2526700PE.NFO,2025-07-24,12:30:00,2025-07-31,46.8,47.15,46.2,47.15,455,67340,0
FINNIFTY31JUL2526700PE.NFO,2025-07-24,12:31:00,2025-07-31,47.15,48.05,46.85,46.85,780,65910,0
FINNIFTY31JUL2526700PE.NFO,2025-07-24,12:32:00,2025-07-31,46.85,46.85,43.7,43.7,845,65910,0
FINNIFTY31JUL2526700PE.NFO,2025-07-24,12:33:00,2025-07-31,43.7,43.8,43.7,43.8,780,65910,0
FINNIFTY31JUL2526700PE.NFO,2025-07-24,12:34:00,2025-07-31,43.8,44.8,43.8,44.8,130,63830,0
FINNIFTY31JUL2526700PE.NFO,2025-07-24,12:35:00,2025-07-31,44.8,45.5,44.8,45.5,65,63830,0
FINNIFTY31JUL2526700PE.NFO,2025-07-24,12:36:00,2025-07-31,45.5,47.5,45.5,47.5,455,63830,0
FINNIFTY31JUL2526700PE.NFO,2025-07-24,12:37:00,2025-07-31,47.5,47.6,46.4,47.6,325,63245,0
FINNIFTY31JUL2526700PE.NFO,2025-07-24,12:38:00,2025-07-31,47.6,47.6,45.9,45.9,845,63245,0
FINNIFTY31JUL2526700PE.NFO,2025-07-24,12:39:00,2025-07-31,45.9,46.05,45.9,46.05,195,63245,0
FINNIFTY31JUL2526700PE.NFO,2025-07-24,12:40:00,2025-07-31,46.05,46.6,46.05,46.6,260,63635,0
FINNIFTY31JUL2526700PE.NFO,2025-07-24,12:41:00,2025-07-31,46.6,46.6,46.6,46.6,0,63635,0
FINNIFTY31JUL2526700PE.NFO,2025-07-24,12:42:00,2025-07-31,46.6,47.65,46.6,47.65,130,63635,0
FINNIFTY31JUL2526700PE.NFO,2025-07-24,12:43:00,2025-07-31,47.65,47.65,47.0,47.0,65,63310,0
FINNIFTY31JUL2526700PE.NFO,2025-07-24,12:44:00,2025-07-31,47.0,47.0,46.55,46.6,390,63310,0
FINNIFTY31JUL2526700PE.NFO,2025-07-24,12:45:00,2025-07-31,46.6,47.05,46.5,46.95,650,63310,0
FINNIFTY31JUL2526700PE.NFO,2025-07-24,12:46:00,2025-07-31,46.95,46.95,46.25,46.75,325,62920,0
FINNIFTY31JUL2526700PE.NFO,2025-07-24,12:47:00,2025-07-31,46.75,48.35,46.75,48.35,65,62920,0
FINNIFTY31JUL2526700PE.NFO,2025-07-24,12:48:00,2025-07-31,48.35,48.35,48.35,48.35,0,62920,0
FINNIFTY31JUL2526700PE.NFO,2025-07-24,12:49:00,2025-07-31,48.35,48.35,48.0,48.0,65,62010,0
FINNIFTY31JUL2526700PE.NFO,2025-07-24,12:50:00,2025-07-31,48.0,48.5,48.0,48.5,65,62010,0
FINNIFTY31JUL2526700PE.NFO,2025-07-24,12:51:00,2025-07-31,48.5,48.5,47.7,48.45,195,62010,0
FINNIFTY31JUL2526700PE.NFO,2025-07-24,12:52:00,2025-07-31,48.45,48.45,48.45,48.45,0,62010,0
FINNIFTY31JUL2526700PE.NFO,2025-07-24,12:53:00,2025-07-31,48.45,48.45,48.45,48.45,0,62010,0
FINNIFTY31JUL2526700PE.NFO,2025-07-24,12:54:00,2025-07-31,48.45,50.55,48.45,50.55,65,61750,0
FINNIFTY31JUL2526700PE.NFO,2025-07-24,12:55:00,2025-07-31,50.55,51.5,50.55,51.4,195,61620,0
FINNIFTY31JUL2526700PE.NFO,2025-07-24,12:56:00,2025-07-31,51.4,52.2,51.4,52.2,195,61620,0
FINNIFTY31JUL2526700PE.NFO,2025-07-24,12:57:00,2025-07-31,52.2,52.6,52.2,52.6,130,61620,0
FINNIFTY31JUL2526700PE.NFO,2025-07-24,12:58:00,2025-07-31,52.6,52.6,52.6,52.6,0,61620,0
FINNIFTY31JUL2526700PE.NFO,2025-07-24,12:59:00,2025-07-31,52.6,53.85,52.6,53.3,520,61750,0
FINNIFTY31JUL2526700PE.NFO,2025-07-24,13:00:00,2025-07-31,53.3,55.1,53.3,54.35,715,61750,0
FINNIFTY31JUL2526700PE.NFO,2025-07-24,13:01:00,2025-07-31,54.35,54.35,54.35,54.35,0,61750,0
FINNIFTY31JUL2526700PE.NFO,2025-07-24,13:02:00,2025-07-31,54.35,54.35,51.95,51.95,195,61620,0
FINNIFTY31JUL2526700PE.NFO,2025-07-24,13:03:00,2025-07-31,51.95,53.5,51.95,52.55,325,61620,0
FINNIFTY31JUL2526700PE.NFO,2025-07-24,13:04:00,2025-07-31,52.55,52.55,52.55,52.55,0,61620,0
FINNIFTY31JUL2526700PE.NFO,2025-07-24,13:05:00,2025-07-31,52.55,52.95,51.65,51.75,845,61490,0
FINNIFTY31JUL2526700PE.NFO,2025-07-24,13:06:00,2025-07-31,51.75,51.75,51.55,51.55,520,61490,0
FINNIFTY31JUL2526700PE.NFO,2025-07-24,13:07:00,2025-07-31,51.55,52.0,51.2,52.0,780,60970,0
FINNIFTY31JUL2526700PE.NFO,2025-07-24,13:08:00,2025-07-31,52.0,52.0,50.6,50.6,195,60970,0
FINNIFTY31JUL2526700PE.NFO,2025-07-24,13:09:00,2025-07-31,50.6,50.6,50.6,50.6,0,60970,0
FINNIFTY31JUL2526700PE.NFO,2025-07-24,13:10:00,2025-07-31,50.6,50.6,50.6,50.6,0,60970,0
FINNIFTY31JUL2526700PE.NFO,2025-07-24,13:11:00,2025-07-31,50.6,50.6,50.6,50.6,0,60970,0
FINNIFTY31JUL2526700PE.NFO,2025-07-24,13:12:00,2025-07-31,50.6,50.6,49.15,49.15,130,60645,0
FINNIFTY31JUL2526700PE.NFO,2025-07-24,13:13:00,2025-07-31,49.15,49.15,49.15,49.15,0,60645,0
FINNIFTY31JUL2526700PE.NFO,2025-07-24,13:14:00,2025-07-31,49.15,49.15,47.35,47.35,65,59995,0
FINNIFTY31JUL2526700PE.NFO,2025-07-24,13:15:00,2025-07-31,47.35,47.35,47.35,47.35,0,59995,0
FINNIFTY31JUL2526700PE.NFO,2025-07-24,13:16:00,2025-07-31,47.35,49.0,47.35,49.0,65,60060,0
FINNIFTY31JUL2526700PE.NFO,2025-07-24,13:17:00,2025-07-31,49.0,49.0,49.0,49.0,0,60060,0
FINNIFTY31JUL2526700PE.NFO,2025-07-24,13:18:00,2025-07-31,49.0,49.0,49.0,49.0,0,60060,0
FINNIFTY31JUL2526700PE.NFO,2025-07-24,13:19:00,2025-07-31,49.0,49.0,49.0,49.0,0,60060,0
FINNIFTY31JUL2526700PE.NFO,2025-07-24,13:20:00,2025-07-31,49.0,49.0,46.7,47.15,3900,60125,0
FINNIFTY31JUL2526700PE.NFO,2025-07-24,13:21:00,2025-07-31,47.15,49.05,47.15,49.05,195,60125,0
FINNIFTY31JUL2526700PE.NFO,2025-07-24,13:22:00,2025-07-31,49.05,49.1,49.05,49.1,65,62725,0
FINNIFTY31JUL2526700PE.NFO,2025-07-24,13:23:00,2025-07-31,49.1,49.1,48.45,48.45,130,62725,0
FINNIFTY31JUL2526700PE.NFO,2025-07-24,13:24:00,2025-07-31,48.45,48.45,48.15,48.15,195,62725,0
FINNIFTY31JUL2526700PE.NFO,2025-07-24,13:25:00,2025-07-31,48.15,49.0,48.15,49.0,65,62725,0
FINNIFTY31JUL2526700PE.NFO,2025-07-24,13:26:00,2025-07-31,49.0,49.0,48.75,48.75,65,62530,0
FINNIFTY31JUL2526700PE.NFO,2025-07-24,13:27:00,2025-07-31,48.75,48.75,48.1,48.1,130,62530,0
FINNIFTY31JUL2526700PE.NFO,2025-07-24,13:28:00,2025-07-31,48.1,48.1,48.1,48.1,65,62530,0
FINNIFTY31JUL2526700PE.NFO,2025-07-24,13:29:00,2025-07-31,48.1,48.35,48.1,48.35,65,62530,0
FINNIFTY31JUL2526700PE.NFO,2025-07-24,13:30:00,2025-07-31,48.35,48.35,48.35,48.35,0,62530,0
FINNIFTY31JUL2526700PE.NFO,2025-07-24,13:31:00,2025-07-31,48.35,50.0,48.35,50.0,195,62530,0
FINNIFTY31JUL2526700PE.NFO,2025-07-24,13:32:00,2025-07-31,50.0,50.0,49.05,49.05,130,62530,0
FINNIFTY31JUL2526700PE.NFO,2025-07-24,13:33:00,2025-07-31,49.05,49.05,49.05,49.05,0,62530,0
FINNIFTY31JUL2526700PE.NFO,2025-07-24,13:34:00,2025-07-31,49.05,49.2,49.05,49.2,65,62530,0
FINNIFTY31JUL2526700PE.NFO,2025-07-24,13:35:00,2025-07-31,49.2,49.2,49.2,49.2,0,62530,0
FINNIFTY31JUL2526700PE.NFO,2025-07-24,13:36:00,2025-07-31,49.2,49.2,49.2,49.2,130,62595,0
FINNIFTY31JUL2526700PE.NFO,2025-07-24,13:37:00,2025-07-31,49.2,49.2,49.05,49.05,130,62530,0
FINNIFTY31JUL2526700PE.NFO,2025-07-24,13:38:00,2025-07-31,49.05,49.05,49.05,49.05,0,62530,0
FINNIFTY31JUL2526700PE.NFO,2025-07-24,13:39:00,2025-07-31,49.05,49.35,49.05,49.35,65,62530,0
FINNIFTY31JUL2526700PE.NFO,2025-07-24,13:40:00,2025-07-31,49.35,49.35,49.35,49.35,0,62530,0
FINNIFTY31JUL2526700PE.NFO,2025-07-24,13:41:00,2025-07-31,49.35,49.35,46.5,46.5,65,62400,0
FINNIFTY31JUL2526700PE.NFO,2025-07-24,13:42:00,2025-07-31,46.5,46.5,46.5,46.5,0,62400,0
FINNIFTY31JUL2526700PE.NFO,2025-07-24,13:43:00,2025-07-31,46.5,46.5,46.0,46.0,65,62400,0
FINNIFTY31JUL2526700PE.NFO,2025-07-24,13:44:00,2025-07-31,46.0,46.0,46.0,46.0,0,62400,0
FINNIFTY31JUL2526700PE.NFO,2025-07-24,13:45:00,2025-07-31,46.0,46.8,45.95,46.4,390,62400,0
FINNIFTY31JUL2526700PE.NFO,2025-07-24,13:46:00,2025-07-31,46.4,46.4,45.85,46.25,455,62595,0
FINNIFTY31JUL2526700PE.NFO,2025-07-24,13:47:00,2025-07-31,46.25,46.3,46.25,46.25,195,62595,0
FINNIFTY31JUL2526700PE.NFO,2025-07-24,13:48:00,2025-07-31,46.25,46.4,46.25,46.4,65,62595,0
FINNIFTY31JUL2526700PE.NFO,2025-07-24,13:49:00,2025-07-31,46.4,46.4,41.45,41.95,650,62920,0
FINNIFTY31JUL2526700PE.NFO,2025-07-24,13:50:00,2025-07-31,41.95,42.0,40.85,40.85,2015,62920,0
FINNIFTY31JUL2526700PE.NFO,2025-07-24,13:51:00,2025-07-31,40.85,41.3,40.25,41.3,780,62920,0
FINNIFTY31JUL2526700PE.NFO,2025-07-24,13:52:00,2025-07-31,41.3,41.55,41.3,41.55,65,62985,0
FINNIFTY31JUL2526700PE.NFO,2025-07-24,13:53:00,2025-07-31,41.55,41.55,40.7,40.7,585,62985,0
FINNIFTY31JUL2526700PE.NFO,2025-07-24,13:54:00,2025-07-31,40.7,41.15,40.7,41.15,390,62985,0
FINNIFTY31JUL2526700PE.NFO,2025-07-24,13:55:00,2025-07-31,41.15,41.5,41.15,41.5,65,63180,0
FINNIFTY31JUL2526700PE.NFO,2025-07-24,13:56:00,2025-07-31,41.5,41.5,41.35,41.35,130,63180,0
FINNIFTY31JUL2526700PE.NFO,2025-07-24,13:57:00,2025-07-31,41.35,41.35,41.35,41.35,0,63180,0
FINNIFTY31JUL2526700PE.NFO,2025-07-24,13:58:00,2025-07-31,41.35,45.95,41.35,45.95,845,63180,0
FINNIFTY31JUL2526700PE.NFO,2025-07-24,13:59:00,2025-07-31,45.95,46.1,45.75,45.75,260,63180,0
FINNIFTY31JUL2526700PE.NFO,2025-07-24,14:00:00,2025-07-31,45.75,46.85,45.75,46.6,585,63180,0
FINNIFTY31JUL2526700PE.NFO,2025-07-24,14:01:00,2025-07-31,46.6,46.6,44.0,44.0,65,62660,0
FINNIFTY31JUL2526700PE.NFO,2025-07-24,14:02:00,2025-07-31,44.0,45.15,44.0,44.05,910,62660,0
FINNIFTY31JUL2526700PE.NFO,2025-07-24,14:03:00,2025-07-31,44.05,44.05,43.95,43.95,65,62660,0
FINNIFTY31JUL2526700PE.NFO,2025-07-24,14:04:00,2025-07-31,43.95,43.95,40.9,41.15,2080,62920,0
FINNIFTY31JUL2526700PE.NFO,2025-07-24,14:05:00,2025-07-31,41.15,41.55,40.75,41.45,975,62920,0
FINNIFTY31JUL2526700PE.NFO,2025-07-24,14:06:00,2025-07-31,41.45,42.05,41.35,41.65,585,62920,0
FINNIFTY31JUL2526700PE.NFO,2025-07-24,14:07:00,2025-07-31,41.65,42.2,41.65,42.0,195,63180,0
FINNIFTY31JUL2526700PE.NFO,2025-07-24,14:08:00,2025-07-31,42.0,42.0,40.6,40.6,195,63180,0
FINNIFTY31JUL2526700PE.NFO,2025-07-24,14:09:00,2025-07-31,40.6,40.6,40.6,40.6,0,63180,0
FINNIFTY31JUL2526700PE.NFO,2025-07-24,14:10:00,2025-07-31,40.6,40.6,40.6,40.6,0,63180,0
FINNIFTY31JUL2526700PE.NFO,2025-07-24,14:11:00,2025-07-31,40.6,40.6,40.6,40.6,0,63180,0
FINNIFTY31JUL2526700PE.NFO,2025-07-24,14:12:00,2025-07-31,40.6,40.6,40.6,40.6,0,63180,0
FINNIFTY31JUL2526700PE.NFO,2025-07-24,14:13:00,2025-07-31,40.6,40.95,40.6,40.95,65,63310,0
FINNIFTY31JUL2526700PE.NFO,2025-07-24,14:14:00,2025-07-31,40.95,40.95,40.95,40.95,0,63310,0
FINNIFTY31JUL2526700PE.NFO,2025-07-24,14:15:00,2025-07-31,40.95,41.05,40.7,41.05,1495,63310,0
FINNIFTY31JUL2526700PE.NFO,2025-07-24,14:16:00,2025-07-31,41.05,41.05,40.45,40.55,1105,64740,0
FINNIFTY31JUL2526700PE.NFO,2025-07-24,14:17:00,2025-07-31,40.55,40.55,40.4,40.4,130,64740,0
FINNIFTY31JUL2526700PE.NFO,2025-07-24,14:18:00,2025-07-31,40.4,40.4,40.4,40.4,0,64740,0
FINNIFTY31JUL2526700PE.NFO,2025-07-24,14:19:00,2025-07-31,40.4,40.4,40.4,40.4,0,64740,0
FINNIFTY31JUL2526700PE.NFO,2025-07-24,14:20:00,2025-07-31,40.4,40.4,38.8,39.05,780,64935,0
FINNIFTY31JUL2526700PE.NFO,2025-07-24,14:21:00,2025-07-31,39.05,39.05,39.05,39.05,0,64935,0
FINNIFTY31JUL2526700PE.NFO,2025-07-24,14:22:00,2025-07-31,39.05,39.05,39.05,39.05,0,64935,0
FINNIFTY31JUL2526700PE.NFO,2025-07-24,14:23:00,2025-07-31,39.05,39.05,39.05,39.05,0,64935,0
FINNIFTY31JUL2526700PE.NFO,2025-07-24,14:24:00,2025-07-31,39.05,39.05,39.05,39.05,0,64935,0
FINNIFTY31JUL2526700PE.NFO,2025-07-24,14:25:00,2025-07-31,39.05,39.05,39.05,39.05,0,64935,0
FINNIFTY31JUL2526700PE.NFO,2025-07-24,14:26:00,2025-07-31,39.05,39.05,39.05,39.05,0,64935,0
FINNIFTY31JUL2526700PE.NFO,2025-07-24,14:27:00,2025-07-31,39.05,39.05,39.05,39.05,0,64935,0
FINNIFTY31JUL2526700PE.NFO,2025-07-24,14:28:00,2025-07-31,39.05,43.8,39.05,43.25,325,64935,0
FINNIFTY31JUL2526700PE.NFO,2025-07-24,14:29:00,2025-07-31,43.25,44.1,43.25,44.1,65,64935,0
FINNIFTY31JUL2526700PE.NFO,2025-07-24,14:30:00,2025-07-31,44.1,44.95,43.5,43.5,195,64935,0
FINNIFTY31JUL2526700PE.NFO,2025-07-24,14:31:00,2025-07-31,43.5,44.3,43.5,43.8,585,65000,0
FINNIFTY31JUL2526700PE.NFO,2025-07-24,14:32:00,2025-07-31,43.8,43.8,43.8,43.8,0,65000,0
FINNIFTY31JUL2526700PE.NFO,2025-07-24,14:33:00,2025-07-31,43.8,44.0,42.95,42.95,585,65000,0
FINNIFTY31JUL2526700PE.NFO,2025-07-24,14:34:00,2025-07-31,42.95,43.15,42.95,43.15,65,65195,0
FINNIFTY31JUL2526700PE.NFO,2025-07-24,14:35:00,2025-07-31,43.15,43.6,43.15,43.2,585,65195,0
FINNIFTY31JUL2526700PE.NFO,2025-07-24,14:36:00,2025-07-31,43.2,43.2,43.2,43.2,0,65195,0
FINNIFTY31JUL2526700PE.NFO,2025-07-24,14:37:00,2025-07-31,43.2,43.2,42.2,42.6,130,65195,0
FINNIFTY31JUL2526700PE.NFO,2025-07-24,14:38:00,2025-07-31,42.6,42.6,41.95,42.35,1170,65195,0
FINNIFTY31JUL2526700PE.NFO,2025-07-24,14:39:00,2025-07-31,42.35,43.7,42.35,43.7,650,65195,0
FINNIFTY31JUL2526700PE.NFO,2025-07-24,14:40:00,2025-07-31,43.7,43.7,43.7,43.7,0,65195,0
FINNIFTY31JUL2526700PE.NFO,2025-07-24,14:41:00,2025-07-31,43.7,43.7,43.7,43.7,0,65195,0
FINNIFTY31JUL2526700PE.NFO,2025-07-24,14:42:00,2025-07-31,43.7,44.7,43.7,44.65,715,63830,0
FINNIFTY31JUL2526700PE.NFO,2025-07-24,14:43:00,2025-07-31,44.65,44.7,44.65,44.7,195,63830,0
FINNIFTY31JUL2526700PE.NFO,2025-07-24,14:44:00,2025-07-31,44.7,44.7,44.55,44.55,130,63570,0
FINNIFTY31JUL2526700PE.NFO,2025-07-24,14:45:00,2025-07-31,44.55,44.55,44.55,44.55,0,63570,0
FINNIFTY31JUL2526700PE.NFO,2025-07-24,14:46:00,2025-07-31,44.55,45.75,44.55,45.1,260,63440,0
FINNIFTY31JUL2526700PE.NFO,2025-07-24,14:47:00,2025-07-31,45.1,45.1,43.8,43.8,520,63440,0
FINNIFTY31JUL2526700PE.NFO,2025-07-24,14:48:00,2025-07-31,43.8,46.75,43.8,46.75,1235,63440,0
FINNIFTY31JUL2526700PE.NFO,2025-07-24,14:49:00,2025-07-31,46.75,46.75,45.15,45.15,130,62530,0
FINNIFTY31JUL2526700PE.NFO,2025-07-24,14:50:00,2025-07-31,45.15,45.15,44.6,44.6,260,62530,0
FINNIFTY31JUL2526700PE.NFO,2025-07-24,14:51:00,2025-07-31,44.6,44.6,44.6,44.6,0,62530,0
FINNIFTY31JUL2526700PE.NFO,2025-07-24,14:52:00,2025-07-31,44.6,44.6,44.6,44.6,0,62530,0
FINNIFTY31JUL2526700PE.NFO,2025-07-24,14:53:00,2025-07-31,44.6,44.6,44.6,44.6,0,62530,0
FINNIFTY31JUL2526700PE.NFO,2025-07-24,14:54:00,2025-07-31,44.6,45.9,44.6,45.9,65,62205,0
FINNIFTY31JUL2526700PE.NFO,2025-07-24,14:55:00,2025-07-31,45.9,45.9,44.4,44.4,390,62205,0
FINNIFTY31JUL2526700PE.NFO,2025-07-24,14:56:00,2025-07-31,44.4,45.4,44.4,45.4,650,61815,0
FINNIFTY31JUL2526700PE.NFO,2025-07-24,14:57:00,2025-07-31,45.4,45.4,44.5,44.5,130,61815,0
FINNIFTY31JUL2526700PE.NFO,2025-07-24,14:58:00,2025-07-31,44.5,44.5,44.5,44.5,0,61815,0
FINNIFTY31JUL2526700PE.NFO,2025-07-24,14:59:00,2025-07-31,44.5,44.5,44.0,44.0,195,62205,0
FINNIFTY31JUL2526700PE.NFO,2025-07-24,15:00:00,2025-07-31,45.75,46.0,45.45,45.55,585,62205,0
FINNIFTY31JUL2526700PE.NFO,2025-07-24,15:01:00,2025-07-31,45.55,45.55,44.65,44.65,65,62205,0
FINNIFTY31JUL2526700PE.NFO,2025-07-24,15:02:00,2025-07-31,44.65,44.65,44.65,44.65,0,62205,0
FINNIFTY31JUL2526700PE.NFO,2025-07-24,15:03:00,2025-07-31,44.65,44.65,42.45,42.45,195,62010,0
FINNIFTY31JUL2526700PE.NFO,2025-07-24,15:04:00,2025-07-31,42.45,42.45,41.7,41.7,2990,61945,0
FINNIFTY31JUL2526700PE.NFO,2025-07-24,15:05:00,2025-07-31,41.7,42.85,41.7,42.85,65,61945,0
FINNIFTY31JUL2526700PE.NFO,2025-07-24,15:06:00,2025-07-31,42.85,42.85,42.85,42.85,0,61945,0
FINNIFTY31JUL2526700PE.NFO,2025-07-24,15:07:00,2025-07-31,42.85,42.85,42.2,42.2,260,59865,0
FINNIFTY31JUL2526700PE.NFO,2025-07-24,15:08:00,2025-07-31,42.2,42.2,42.2,42.2,0,59865,0
FINNIFTY31JUL2526700PE.NFO,2025-07-24,15:09:00,2025-07-31,42.2,42.2,42.2,42.2,0,59865,0
FINNIFTY31JUL2526700PE.NFO,2025-07-24,15:10:00,2025-07-31,42.2,42.2,42.2,42.2,0,59865,0
FINNIFTY31JUL2526700PE.NFO,2025-07-24,15:11:00,2025-07-31,42.2,44.35,42.2,44.35,130,59475,0
FINNIFTY31JUL2526700PE.NFO,2025-07-24,15:12:00,2025-07-31,44.35,44.35,44.0,44.0,195,59475,0
FINNIFTY31JUL2526700PE.NFO,2025-07-24,15:13:00,2025-07-31,44.0,44.1,43.95,43.95,195,59020,0
FINNIFTY31JUL2526700PE.NFO,2025-07-24,15:14:00,2025-07-31,43.95,43.95,43.6,43.6,325,59020,0
FINNIFTY31JUL2526700PE.NFO,2025-07-24,15:15:00,2025-07-31,43.6,43.6,43.3,43.3,325,59020,0
FINNIFTY31JUL2526700PE.NFO,2025-07-24,15:16:00,2025-07-31,43.3,43.7,43.15,43.55,1560,59020,0
FINNIFTY31JUL2526700PE.NFO,2025-07-24,15:17:00,2025-07-31,44.05,44.45,44.05,44.3,455,57200,0
FINNIFTY31JUL2526700PE.NFO,2025-07-24,15:18:00,2025-07-31,44.3,44.9,44.3,44.4,585,57200,0
FINNIFTY31JUL2526700PE.NFO,2025-07-24,15:19:00,2025-07-31,44.4,45.85,44.4,45.3,1885,56355,0
FINNIFTY31JUL2526700PE.NFO,2025-07-24,15:20:00,2025-07-31,45.55,46.5,45.55,45.95,1430,56355,0
FINNIFTY31JUL2526700PE.NFO,2025-07-24,15:21:00,2025-07-31,45.95,46.45,45.8,46.45,325,56355,0
FINNIFTY31JUL2526700PE.NFO,2025-07-24,15:22:00,2025-07-31,46.45,46.75,46.45,46.75,130,56355,0
FINNIFTY31JUL2526700PE.NFO,2025-07-24,15:23:00,2025-07-31,46.75,46.75,45.7,45.7,780,56355,0
FINNIFTY31JUL2526700PE.NFO,2025-07-24,15:24:00,2025-07-31,45.7,46.65,45.7,46.65,390,56355,0
FINNIFTY31JUL2526700PE.NFO,2025-07-24,15:25:00,2025-07-31,46.65,46.75,46.1,46.15,1690,55575,0
FINNIFTY31JUL2526700PE.NFO,2025-07-24,15:26:00,2025-07-31,46.15,46.7,45.85,46.7,975,55575,0
FINNIFTY31JUL2526700PE.NFO,2025-07-24,15:27:00,2025-07-31,46.7,46.7,45.65,46.0,975,55575,0
FINNIFTY31JUL2526700PE.NFO,2025-07-24,15:28:00,2025-07-31,46.0,46.25,45.2,45.75,1040,54925,0
FINNIFTY31JUL2526700PE.NFO,2025-07-24,15:29:00,2025-07-31,45.75,46.0,44.8,46.0,910,54925,0
FINNIFTY31JUL2526700PE.NFO,2025-07-24,15:30:00,2025-07-31,46.0,46.0,46.0,46.0,910,54925,1
FINNIFTY31JUL2526700PE.NFO,2025-07-25,09:15:00,2025-07-31,64.95,86.3,58.15,84.55,6240,55705,0
FINNIFTY31JUL2526700PE.NFO,2025-07-25,09:16:00,2025-07-31,84.55,93.35,84.0,86.6,4485,55705,0
FINNIFTY31JUL2526700PE.NFO,2025-07-25,09:17:00,2025-07-31,86.6,86.8,82.5,84.65,7540,55705,0
FINNIFTY31JUL2526700PE.NFO,2025-07-25,09:18:00,2025-07-31,84.65,89.0,82.75,89.0,3120,56095,0
FINNIFTY31JUL2526700PE.NFO,2025-07-25,09:19:00,2025-07-31,89.0,89.0,86.35,87.65,1885,56095,0
FINNIFTY31JUL2526700PE.NFO,2025-07-25,09:20:00,2025-07-31,87.65,93.0,87.65,93.0,5655,56095,0
FINNIFTY31JUL2526700PE.NFO,2025-07-25,09:21:00,2025-07-31,93.0,98.75,92.9,98.45,8645,56290,0
FINNIFTY31JUL2526700PE.NFO,2025-07-25,09:22:00,2025-07-31,98.45,104.05,97.9,98.3,9035,56290,0
FINNIFTY31JUL2526700PE.NFO,2025-07-25,09:23:00,2025-07-31,98.3,101.05,92.25,92.7,11180,56290,0
FINNIFTY31JUL2526700PE.NFO,2025-07-25,09:24:00,2025-07-31,92.7,92.7,85.6,86.25,4095,57850,0
FINNIFTY31JUL2526700PE.NFO,2025-07-25,09:25:00,2025-07-31,87.0,87.9,84.8,84.8,2600,57850,0
FINNIFTY31JUL2526700PE.NFO,2025-07-25,09:26:00,2025-07-31,84.8,84.8,81.0,81.7,5265,57850,0
FINNIFTY31JUL2526700PE.NFO,2025-07-25,09:27:00,2025-07-31,81.7,81.85,74.65,75.75,5070,57135,0
FINNIFTY31JUL2526700PE.NFO,2025-07-25,09:28:00,2025-07-31,75.6,75.6,65.0,67.65,6630,57135,0
FINNIFTY31JUL2526700PE.NFO,2025-07-25,09:29:00,2025-07-31,67.85,69.9,63.45,64.6,9685,57135,0
FINNIFTY31JUL2526700PE.NFO,2025-07-25,09:30:00,2025-07-31,64.6,67.15,61.25,66.95,6110,54210,0
FINNIFTY31JUL2526700PE.NFO,2025-07-25,09:31:00,2025-07-31,66.95,66.95,64.0,64.35,2405,54210,0
FINNIFTY31JUL2526700PE.NFO,2025-07-25,09:32:00,2025-07-31,64.35,69.3,64.35,68.65,8060,54210,0
FINNIFTY31JUL2526700PE.NFO,2025-07-25,09:33:00,2025-07-31,68.6,68.85,64.0,65.5,2275,50700,0
FINNIFTY31JUL2526700PE.NFO,2025-07-25,09:34:00,2025-07-31,66.75,70.9,65.25,70.9,4290,50700,0
FINNIFTY31JUL2526700PE.NFO,2025-07-25,09:35:00,2025-07-31,70.9,73.9,68.2,68.4,6305,50700,0
FINNIFTY31JUL2526700PE.NFO,2025-07-25,09:36:00,2025-07-31,67.8,69.15,66.2,69.0,5005,56420,0
FINNIFTY31JUL2526700PE.NFO,2025-07-25,09:37:00,2025-07-31,69.0,69.0,64.25,65.0,1430,56420,0
FINNIFTY31JUL2526700PE.NFO,2025-07-25,09:38:00,2025-07-31,65.0,65.0,61.6,62.35,25415,56420,0
FINNIFTY31JUL2526700PE.NFO,2025-07-25,09:39:00,2025-07-31,62.35,64.3,62.15,63.1,4745,57720,0
FINNIFTY31JUL2526700PE.NFO,2025-07-25,09:40:00,2025-07-31,63.1,66.0,63.1,66.0,975,57720,0
FINNIFTY31JUL2526700PE.NFO,2025-07-25,09:41:00,2025-07-31,66.0,71.75,66.0,71.75,2470,57720,0
FINNIFTY31JUL2526700PE.NFO,2025-07-25,09:42:00,2025-07-31,71.75,73.75,69.6,71.9,2470,58175,0
FINNIFTY31JUL2526700PE.NFO,2025-07-25,09:43:00,2025-07-31,71.9,74.4,71.25,72.7,3055,58175,0
FINNIFTY31JUL2526700PE.NFO,2025-07-25,09:44:00,2025-07-31,72.7,76.1,71.9,74.45,4550,58175,0
FINNIFTY31JUL2526700PE.NFO,2025-07-25,09:45:00,2025-07-31,74.45,74.85,69.35,71.75,2210,58370,0
FINNIFTY31JUL2526700PE.NFO,2025-07-25,09:46:00,2025-07-31,71.75,78.7,71.75,77.3,4875,58370,0
FINNIFTY31JUL2526700PE.NFO,2025-07-25,09:47:00,2025-07-31,77.3,82.05,77.25,81.25,4225,58370,0
FINNIFTY31JUL2526700PE.NFO,2025-07-25,09:48:00,2025-07-31,80.8,84.25,80.6,82.35,8385,61230,0
FINNIFTY31JUL2526700PE.NFO,2025-07-25,09:49:00,2025-07-31,82.7,83.65,81.1,81.4,7085,61230,0
FINNIFTY31JUL2526700PE.NFO,2025-07-25,09:50:00,2025-07-31,81.4,81.4,76.55,77.4,8515,61230,0
FINNIFTY31JUL2526700PE.NFO,2025-07-25,09:51:00,2025-07-31,77.4,78.25,76.05,77.65,9100,59865,0
FINNIFTY31JUL2526700PE.NFO,2025-07-25,09:52:00,2025-07-31,77.65,81.15,76.85,78.95,8970,59865,0
FINNIFTY31JUL2526700PE.NFO,2025-07-25,09:53:00,2025-07-31,78.95,78.95,73.25,73.45,9880,59865,0
FINNIFTY31JUL2526700PE.NFO,2025-07-25,09:54:00,2025-07-31,73.45,77.7,73.45,74.9,3250,67990,0
FINNIFTY31JUL2526700PE.NFO,2025-07-25,09:55:00,2025-07-31,74.9,74.9,70.3,70.3,8450,67990,0
FINNIFTY31JUL2526700PE.NFO,2025-07-25,09:56:00,2025-07-31,70.3,71.0,68.75,69.85,4745,67990,0
FINNIFTY31JUL2526700PE.NFO,2025-07-25,09:57:00,2025-07-31,69.85,72.35,68.0,71.25,3770,67080,0
FINNIFTY31JUL2526700PE.NFO,2025-07-25,09:58:00,2025-07-31,71.25,76.4,71.25,76.0,3120,67080,0
FINNIFTY31JUL2526700PE.NFO,2025-07-25,09:59:00,2025-07-31,76.0,77.2,75.0,76.3,1820,67080,0
FINNIFTY31JUL2526700PE.NFO,2025-07-25,10:00:00,2025-07-31,76.3,77.0,75.1,75.95,3055,67535,0
FINNIFTY31JUL2526700PE.NFO,2025-07-25,10:01:00,2025-07-31,75.95,77.7,75.3,76.75,4290,67535,0
FINNIFTY31JUL2526700PE.NFO,2025-07-25,10:02:00,2025-07-31,76.75,76.75,73.25,73.95,2340,67535,0
FINNIFTY31JUL2526700PE.NFO,2025-07-25,10:03:00,2025-07-31,73.95,75.25,72.85,72.85,2340,70915,0
FINNIFTY31JUL2526700PE.NFO,2025-07-25,10:04:00,2025-07-31,72.85,72.85,72.0,72.0,650,70915,0
FINNIFTY31JUL2526700PE.NFO,2025-07-25,10:05:00,2025-07-31,72.0,76.85,72.0,76.15,1040,70915,0
FINNIFTY31JUL2526700PE.NFO,2025-07-25,10:06:00,2025-07-31,76.15,76.15,75.0,75.0,1040,70915,0
FINNIFTY31JUL2526700PE.NFO,2025-07-25,10:07:00,2025-07-31,75.0,77.7,74.9,77.4,1690,72150,0
FINNIFTY31JUL2526700PE.NFO,2025-07-25,10:08:00,2025-07-31,77.6,77.6,74.5,74.5,1885,72150,0
FINNIFTY31JUL2526700PE.NFO,2025-07-25,10:09:00,2025-07-31,74.5,77.55,74.5,76.85,325,72020,0
FINNIFTY31JUL2526700PE.NFO,2025-07-25,10:10:00,2025-07-31,76.85,77.5,76.8,77.0,520,72020,0
FINNIFTY31JUL2526700PE.NFO,2025-07-25,10:11:00,2025-07-31,77.0,78.0,74.85,78.0,1170,72020,0
FINNIFTY31JUL2526700PE.NFO,2025-07-25,10:12:00,2025-07-31,78.0,79.4,76.5,78.15,2730,71110,0
FINNIFTY31JUL2526700PE.NFO,2025-07-25,10:13:00,2025-07-31,78.15,79.8,76.05,76.05,780,71110,0
FINNIFTY31JUL2526700PE.NFO,2025-07-25,10:14:00,2025-07-31,76.05,76.05,72.7,75.65,7150,71110,0
FINNIFTY31JUL2526700PE.NFO,2025-07-25,10:15:00,2025-07-31,75.65,80.05,75.65,78.5,4550,73385,0
FINNIFTY31JUL2526700PE.NFO,2025-07-25,10:16:00,2025-07-31,78.5,84.0,78.5,83.3,6500,73385,0
FINNIFTY31JUL2526700PE.NFO,2025-07-25,10:17:00,2025-07-31,83.3,83.3,80.15,80.15,5720,73385,0
FINNIFTY31JUL2526700PE.NFO,2025-07-25,10:18:00,2025-07-31,80.2,82.6,80.2,82.6,1625,73255,0
FINNIFTY31JUL2526700PE.NFO,2025-07-25,10:19:00,2025-07-31,82.6,84.55,81.25,83.8,1690,73255,0
FINNIFTY31JUL2526700PE.NFO,2025-07-25,10:20:00,2025-07-31,83.65,85.65,82.15,82.35,3835,73255,0
FINNIFTY31JUL2526700PE.NFO,2025-07-25,10:21:00,2025-07-31,82.35,82.7,81.6,82.55,1820,72280,0
FINNIFTY31JUL2526700PE.NFO,2025-07-25,10:22:00,2025-07-31,82.55,82.85,80.0,81.25,910,72280,0
FINNIFTY31JUL2526700PE.NFO,2025-07-25,10:23:00,2025-07-31,81.25,83.6,80.25,83.4,1300,72280,0
FINNIFTY31JUL2526700PE.NFO,2025-07-25,10:24:00,2025-07-31,83.4,85.1,82.15,82.45,2405,73905,0
FINNIFTY31JUL2526700PE.NFO,2025-07-25,10:25:00,2025-07-31,82.45,84.65,82.45,84.65,1690,73905,0
FINNIFTY31JUL2526700PE.NFO,2025-07-25,10:26:00,2025-07-31,84.65,86.1,83.8,85.9,975,73905,0
FINNIFTY31JUL2526700PE.NFO,2025-07-25,10:27:00,2025-07-31,85.9,87.0,85.85,86.0,2795,73320,0
FINNIFTY31JUL2526700PE.NFO,2025-07-25,10:28:00,2025-07-31,86.0,86.65,84.55,86.65,2730,73320,0
FINNIFTY31JUL2526700PE.NFO,2025-07-25,10:29:00,2025-07-31,86.65,87.1,84.4,85.6,2210,73320,0
FINNIFTY31JUL2526700PE.NFO,2025-07-25,10:30:00,2025-07-31,85.6,86.55,85.0,86.35,1820,72280,0
FINNIFTY31JUL2526700PE.NFO,2025-07-25,10:31:00,2025-07-31,86.35,87.05,85.45,86.75,1885,72280,0
FINNIFTY31JUL2526700PE.NFO,2025-07-25,10:32:00,2025-07-31,86.75,87.55,83.3,84.8,2860,72280,0
FINNIFTY31JUL2526700PE.NFO,2025-07-25,10:33:00,2025-07-31,84.8,89.35,84.8,86.9,4810,73060,0
FINNIFTY31JUL2526700PE.NFO,2025-07-25,10:34:00,2025-07-31,86.9,88.5,86.9,87.8,1300,73060,0
FINNIFTY31JUL2526700PE.NFO,2025-07-25,10:35:00,2025-07-31,87.8,90.65,87.8,90.4,2600,73060,0
FINNIFTY31JUL2526700PE.NFO,2025-07-25,10:36:00,2025-07-31,90.4,97.7,90.2,97.7,3055,73320,0
FINNIFTY31JUL2526700PE.NFO,2025-07-25,10:37:00,2025-07-31,97.7,105.2,96.75,102.25,11895,73320,0
FINNIFTY31JUL2526700PE.NFO,2025-07-25,10:38:00,2025-07-31,102.25,109.5,102.25,107.3,18200,73320,0
FINNIFTY31JUL2526700PE.NFO,2025-07-25,10:39:00,2025-07-31,109.95,110.95,107.55,108.8,7280,72345,0
FINNIFTY31JUL2526700PE.NFO,2025-07-25,10:40:00,2025-07-31,108.8,110.6,107.1,108.75,5720,72345,0
FINNIFTY31JUL2526700PE.NFO,2025-07-25,10:41:00,2025-07-31,108.75,112.5,108.75,111.95,4745,72345,0
FINNIFTY31JUL2526700PE.NFO,2025-07-25,10:42:00,2025-07-31,111.95,114.1,107.7,108.0,6565,74230,0
FINNIFTY31JUL2526700PE.NFO,2025-07-25,10:43:00,2025-07-31,108.0,108.0,98.7,99.05,5525,74230,0
FINNIFTY31JUL2526700PE.NFO,2025-07-25,10:44:00,2025-07-31,99.05,100.25,98.8,99.6,2080,74230,0
FINNIFTY31JUL2526700PE.NFO,2025-07-25,10:45:00,2025-07-31,99.6,104.65,99.6,103.2,18005,80860,0
FINNIFTY31JUL2526700PE.NFO,2025-07-25,10:46:00,2025-07-31,103.5,103.75,101.3,103.2,1430,80860,0
FINNIFTY31JUL2526700PE.NFO,2025-07-25,10:47:00,2025-07-31,103.2,104.85,102.35,103.75,975,80860,0
FINNIFTY31JUL2526700PE.NFO,2025-07-25,10:48:00,2025-07-31,103.75,103.75,102.9,102.9,1235,81185,0
FINNIFTY31JUL2526700PE.NFO,2025-07-25,10:49:00,2025-07-31,102.9,104.0,101.7,101.7,1625,81185,0
FINNIFTY31JUL2526700PE.NFO,2025-07-25,10:50:00,2025-07-31,101.7,103.45,100.9,102.65,2795,81185,0
FINNIFTY31JUL2526700PE.NFO,2025-07-25,10:51:00,2025-07-31,102.65,103.65,100.65,100.65,845,82810,0
FINNIFTY31JUL2526700PE.NFO,2025-07-25,10:52:00,2025-07-31,100.65,103.95,100.65,103.85,975,82810,0
FINNIFTY31JUL2526700PE.NFO,2025-07-25,10:53:00,2025-07-31,103.85,105.3,103.45,104.9,5395,82810,0
FINNIFTY31JUL2526700PE.NFO,2025-07-25,10:54:00,2025-07-31,104.9,106.7,104.3,105.75,1885,80860,0
FINNIFTY31JUL2526700PE.NFO,2025-07-25,10:55:00,2025-07-31,105.75,105.75,105.0,105.35,715,80860,0
FINNIFTY31JUL2526700PE.NFO,2025-07-25,10:56:00,2025-07-31,105.35,107.3,105.35,106.8,650,80860,0
FINNIFTY31JUL2526700PE.NFO,2025-07-25,10:57:00,2025-07-31,106.8,107.05,104.6,105.1,1300,80210,0
FINNIFTY31JUL2526700PE.NFO,2025-07-25,10:58:00,2025-07-31,105.1,105.1,103.05,103.5,910,80210,0
FINNIFTY31JUL2526700PE.NFO,2025-07-25,10:59:00,2025-07-31,103.5,105.0,103.2,103.2,390,80210,0
FINNIFTY31JUL2526700PE.NFO,2025-07-25,11:00:00,2025-07-31,103.2,103.2,93.9,96.7,9425,76505,0
FINNIFTY31JUL2526700PE.NFO,2025-07-25,11:01:00,2025-07-31,96.7,103.95,96.65,103.95,910,76505,0
FINNIFTY31JUL2526700PE.NFO,2025-07-25,11:02:00,2025-07-31,103.95,104.65,100.6,100.6,1365,76505,0
FINNIFTY31JUL2526700PE.NFO,2025-07-25,11:03:00,2025-07-31,100.6,101.0,98.85,98.95,845,76505,0
FINNIFTY31JUL2526700PE.NFO,2025-07-25,11:04:00,2025-07-31,98.95,98.95,94.95,95.3,2080,77480,0
FINNIFTY31JUL2526700PE.NFO,2025-07-25,11:05:00,2025-07-31,95.3,96.4,93.95,94.7,1040,77480,0
FINNIFTY31JUL2526700PE.NFO,2025-07-25,11:06:00,2025-07-31,94.7,94.7,90.4,91.95,2275,75400,0
FINNIFTY31JUL2526700PE.NFO,2025-07-25,11:07:00,2025-07-31,91.95,95.1,91.95,94.0,1105,75400,0
FINNIFTY31JUL2526700PE.NFO,2025-07-25,11:08:00,2025-07-31,94.0,95.9,94.0,95.3,390,75400,0
FINNIFTY31JUL2526700PE.NFO,2025-07-25,11:09:00,2025-07-31,95.3,98.45,95.3,97.1,260,75465,0
FINNIFTY31JUL2526700PE.NFO,2025-07-25,11:10:00,2025-07-31,97.1,103.7,97.1,103.45,1560,75465,0
FINNIFTY31JUL2526700PE.NFO,2025-07-25,11:11:00,2025-07-31,103.45,111.35,103.45,109.85,4550,75465,0
FINNIFTY31JUL2526700PE.NFO,2025-07-25,11:12:00,2025-07-31,109.85,111.85,108.65,109.65,2665,78065,0
FINNIFTY31JUL2526700PE.NFO,2025-07-25,11:13:00,2025-07-31,109.65,110.7,108.1,108.35,13325,78065,0
FINNIFTY31JUL2526700PE.NFO,2025-07-25,11:14:00,2025-07-31,108.35,109.95,108.0,109.15,910,78065,0
FINNIFTY31JUL2526700PE.NFO,2025-07-25,11:15:00,2025-07-31,109.15,110.25,108.0,110.05,1755,80860,0
FINNIFTY31JUL2526700PE.NFO,2025-07-25,11:16:00,2025-07-31,110.05,112.1,110.05,111.5,5655,80860,0
FINNIFTY31JUL2526700PE.NFO,2025-07-25,11:17:00,2025-07-31,111.5,113.1,110.0,111.35,2210,80860,0
FINNIFTY31JUL2526700PE.NFO,2025-07-25,11:18:00,2025-07-31,111.35,111.55,107.5,107.85,4355,80860,0
FINNIFTY31JUL2526700PE.NFO,2025-07-25,11:19:00,2025-07-31,107.85,107.85,99.4,101.1,3055,83915,0
FINNIFTY31JUL2526700PE.NFO,2025-07-25,11:20:00,2025-07-31,101.1,103.1,98.35,103.1,2730,83915,0
FINNIFTY31JUL2526700PE.NFO,2025-07-25,11:21:00,2025-07-31,103.1,104.35,100.85,101.9,650,81965,0
FINNIFTY31JUL2526700PE.NFO,2025-07-25,11:22:00,2025-07-31,101.9,101.9,100.35,100.35,325,81965,0
FINNIFTY31JUL2526700PE.NFO,2025-07-25,11:23:00,2025-07-31,100.35,101.6,100.35,101.0,585,81965,0
FINNIFTY31JUL2526700PE.NFO,2025-07-25,11:24:00,2025-07-31,101.0,101.0,99.7,99.7,1950,80600,0
FINNIFTY31JUL2526700PE.NFO,2025-07-25,11:25:00,2025-07-31,99.7,101.75,99.45,101.75,390,80600,0
FINNIFTY31JUL2526700PE.NFO,2025-07-25,11:26:00,2025-07-31,101.75,102.7,101.75,102.7,65,80600,0
FINNIFTY31JUL2526700PE.NFO,2025-07-25,11:27:00,2025-07-31,102.7,103.1,102.6,102.6,195,80600,0
FINNIFTY31JUL2526700PE.NFO,2025-07-25,11:28:00,2025-07-31,102.6,102.6,100.15,101.95,1040,80730,0
FINNIFTY31JUL2526700PE.NFO,2025-07-25,11:29:00,2025-07-31,101.95,101.95,101.65,101.7,130,80730,0
FINNIFTY31JUL2526700PE.NFO,2025-07-25,11:30:00,2025-07-31,101.7,101.7,98.1,98.9,1365,80730,0
FINNIFTY31JUL2526700PE.NFO,2025-07-25,11:31:00,2025-07-31,98.9,98.9,90.0,91.75,4745,80730,0
FINNIFTY31JUL2526700PE.NFO,2025-07-25,11:32:00,2025-07-31,91.15,96.9,91.15,96.9,4355,80730,0
FINNIFTY31JUL2526700PE.NFO,2025-07-25,11:33:00,2025-07-31,96.9,104.95,96.45,104.95,2275,82030,0
FINNIFTY31JUL2526700PE.NFO,2025-07-25,11:34:00,2025-07-31,104.95,109.0,102.55,102.55,3965,82030,0
FINNIFTY31JUL2526700PE.NFO,2025-07-25,11:35:00,2025-07-31,102.55,105.6,102.55,105.6,715,82030,0
FINNIFTY31JUL2526700PE.NFO,2025-07-25,11:36:00,2025-07-31,105.6,107.65,105.6,106.5,1430,82030,0
FINNIFTY31JUL2526700PE.NFO,2025-07-25,11:37:00,2025-07-31,106.45,108.55,106.45,108.55,1755,81250,0
FINNIFTY31JUL2526700PE.NFO,2025-07-25,11:38:00,2025-07-31,108.55,110.0,108.25,110.0,3120,81250,0
FINNIFTY31JUL2526700PE.NFO,2025-07-25,11:39:00,2025-07-31,110.0,110.1,109.1,110.0,715,81250,0
FINNIFTY31JUL2526700PE.NFO,2025-07-25,11:40:00,2025-07-31,110.0,114.95,110.0,113.8,6435,80795,0
FINNIFTY31JUL2526700PE.NFO,2025-07-25,11:41:00,2025-07-31,113.8,117.35,113.8,117.35,5200,80795,0
FINNIFTY31JUL2526700PE.NFO,2025-07-25,11:42:00,2025-07-31,117.35,117.35,111.9,112.1,3770,77480,0
FINNIFTY31JUL2526700PE.NFO,2025-07-25,11:43:00,2025-07-31,112.1,112.8,107.3,109.5,2600,77480,0
FINNIFTY31JUL2526700PE.NFO,2025-07-25,11:44:00,2025-07-31,109.5,109.9,107.95,107.95,3055,77480,0
FINNIFTY31JUL2526700PE.NFO,2025-07-25,11:45:00,2025-07-31,107.95,110.05,107.95,109.4,910,77480,0
FINNIFTY31JUL2526700PE.NFO,2025-07-25,11:46:00,2025-07-31,109.4,113.75,109.4,112.95,520,78585,0
FINNIFTY31JUL2526700PE.NFO,2025-07-25,11:47:00,2025-07-31,112.95,125.25,112.95,121.95,6760,78585,0
FINNIFTY31JUL2526700PE.NFO,2025-07-25,11:48:00,2025-07-31,121.95,127.65,121.85,125.05,9945,76570,0
FINNIFTY31JUL2526700PE.NFO,2025-07-25,11:49:00,2025-07-31,125.05,125.65,121.1,122.35,5005,76570,0
FINNIFTY31JUL2526700PE.NFO,2025-07-25,11:50:00,2025-07-31,122.35,125.65,120.8,121.35,3120,76570,0
FINNIFTY31JUL2526700PE.NFO,2025-07-25,11:51:00,2025-07-31,121.35,124.9,121.35,123.5,975,76570,0
FINNIFTY31JUL2526700PE.NFO,2025-07-25,11:52:00,2025-07-31,123.5,129.0,123.5,128.0,3250,80925,0
FINNIFTY31JUL2526700PE.NFO,2025-07-25,11:53:00,2025-07-31,128.0,129.9,120.4,121.05,4290,80925,0
FINNIFTY31JUL2526700PE.NFO,2025-07-25,11:54:00,2025-07-31,121.05,121.7,116.15,121.7,2730,80925,0
FINNIFTY31JUL2526700PE.NFO,2025-07-25,11:55:00,2025-07-31,120.9,121.5,119.55,119.55,1105,78715,0
FINNIFTY31JUL2526700PE.NFO,2025-07-25,11:56:00,2025-07-31,119.55,122.5,119.55,120.3,910,78715,0
FINNIFTY31JUL2526700PE.NFO,2025-07-25,11:57:00,2025-07-31,120.3,122.85,120.3,121.35,195,78715,0
FINNIFTY31JUL2526700PE.NFO,2025-07-25,11:58:00,2025-07-31,121.35,129.35,121.35,129.0,4680,78520,0
FINNIFTY31JUL2526700PE.NFO,2025-07-25,11:59:00,2025-07-31,129.0,129.9,124.65,125.4,4355,78520,0
FINNIFTY31JUL2526700PE.NFO,2025-07-25,12:00:00,2025-07-31,125.4,130.0,125.4,130.0,2145,78520,0
FINNIFTY31JUL2526700PE.NFO,2025-07-25,12:01:00,2025-07-31,130.0,133.05,129.8,131.45,3510,81250,0
FINNIFTY31JUL2526700PE.NFO,2025-07-25,12:02:00,2025-07-31,131.45,132.15,127.05,129.35,4420,81250,0
FINNIFTY31JUL2526700PE.NFO,2025-07-25,12:03:00,2025-07-31,129.35,132.0,128.35,128.6,7605,81250,0
FINNIFTY31JUL2526700PE.NFO,2025-07-25,12:04:00,2025-07-31,128.6,128.6,118.65,120.8,6760,78390,0
FINNIFTY31JUL2526700PE.NFO,2025-07-25,12:05:00,2025-07-31,120.8,120.8,113.4,115.65,5200,78390,0
FINNIFTY31JUL2526700PE.NFO,2025-07-25,12:06:00,2025-07-31,116.2,119.75,115.0,115.85,2665,78390,0
FINNIFTY31JUL2526700PE.NFO,2025-07-25,12:07:00,2025-07-31,115.85,119.35,115.85,118.65,2665,80535,0
FINNIFTY31JUL2526700PE.NFO,2025-07-25,12:08:00,2025-07-31,118.65,124.15,118.65,123.35,3965,80535,0
FINNIFTY31JUL2526700PE.NFO,2025-07-25,12:09:00,2025-07-31,123.35,128.5,123.35,128.35,3055,80535,0
FINNIFTY31JUL2526700PE.NFO,2025-07-25,12:10:00,2025-07-31,128.35,129.35,126.45,128.55,2210,81445,0
FINNIFTY31JUL2526700PE.NFO,2025-07-25,12:11:00,2025-07-31,128.55,128.55,120.8,120.8,2015,81445,0
FINNIFTY31JUL2526700PE.NFO,2025-07-25,12:12:00,2025-07-31,120.6,122.35,119.4,122.35,2535,81445,0
FINNIFTY31JUL2526700PE.NFO,2025-07-25,12:13:00,2025-07-31,122.35,122.35,118.0,119.15,5005,80015,0
FINNIFTY31JUL2526700PE.NFO,2025-07-25,12:14:00,2025-07-31,119.15,119.15,114.3,115.95,4355,80015,0
FINNIFTY31JUL2526700PE.NFO,2025-07-25,12:15:00,2025-07-31,115.95,121.3,114.85,121.3,3835,80015,0
FINNIFTY31JUL2526700PE.NFO,2025-07-25,12:16:00,2025-07-31,121.3,123.0,120.0,122.5,1625,84110,0
FINNIFTY31JUL2526700PE.NFO,2025-07-25,12:17:00,2025-07-31,122.5,124.5,121.5,121.5,2470,84110,0
FINNIFTY31JUL2526700PE.NFO,2025-07-25,12:18:00,2025-07-31,121.5,121.8,118.5,121.8,1690,84110,0
FINNIFTY31JUL2526700PE.NFO,2025-07-25,12:19:00,2025-07-31,121.8,121.9,119.5,119.7,845,83330,0
FINNIFTY31JUL2526700PE.NFO,2025-07-25,12:20:00,2025-07-31,119.7,124.55,119.7,121.8,3575,83330,0
FINNIFTY31JUL2526700PE.NFO,2025-07-25,12:21:00,2025-07-31,121.8,127.65,120.75,125.45,2535,83330,0
FINNIFTY31JUL2526700PE.NFO,2025-07-25,12:22:00,2025-07-31,125.45,127.0,123.35,126.85,2600,81770,0
FINNIFTY31JUL2526700PE.NFO,2025-07-25,12:23:00,2025-07-31,126.85,132.4,126.85,130.9,5265,81770,0
FINNIFTY31JUL2526700PE.NFO,2025-07-25,12:24:00,2025-07-31,130.9,134.0,126.3,126.3,5070,81770,0
FINNIFTY31JUL2526700PE.NFO,2025-07-25,12:25:00,2025-07-31,126.3,128.6,123.0,127.7,3835,80405,0
FINNIFTY31JUL2526700PE.NFO,2025-07-25,12:26:00,2025-07-31,127.7,132.5,127.7,132.35,3770,80405,0
FINNIFTY31JUL2526700PE.NFO,2025-07-25,12:27:00,2025-07-31,132.35,133.0,127.25,132.85,6695,80405,0
FINNIFTY31JUL2526700PE.NFO,2025-07-25,12:28:00,2025-07-31,132.85,132.85,127.85,127.85,2080,79690,0
FINNIFTY31JUL2526700PE.NFO,2025-07-25,12:29:00,2025-07-31,127.85,129.5,126.85,126.85,2275,79690,0
FINNIFTY31JUL2526700PE.NFO,2025-07-25,12:30:00,2025-07-31,126.85,127.95,125.9,126.35,1885,79690,0
FINNIFTY31JUL2526700PE.NFO,2025-07-25,12:31:00,2025-07-31,126.35,128.05,124.6,124.6,2210,78975,0
FINNIFTY31JUL2526700PE.NFO,2025-07-25,12:32:00,2025-07-31,124.6,127.05,124.6,125.9,585,78975,0
FINNIFTY31JUL2526700PE.NFO,2025-07-25,12:33:00,2025-07-31,125.9,128.4,123.4,123.4,3055,78975,0
FINNIFTY31JUL2526700PE.NFO,2025-07-25,12:34:00,2025-07-31,123.4,123.5,118.05,122.65,4550,79885,0
FINNIFTY31JUL2526700PE.NFO,2025-07-25,12:35:00,2025-07-31,122.65,122.65,116.95,117.0,7475,79885,0
FINNIFTY31JUL2526700PE.NFO,2025-07-25,12:36:00,2025-07-31,117.0,118.85,115.0,115.0,2210,79885,0
FINNIFTY31JUL2526700PE.NFO,2025-07-25,12:37:00,2025-07-31,115.0,115.0,111.35,111.35,1755,83070,0
FINNIFTY31JUL2526700PE.NFO,2025-07-25,12:38:00,2025-07-31,111.35,111.4,107.35,108.0,3770,83070,0
FINNIFTY31JUL2526700PE.NFO,2025-07-25,12:39:00,2025-07-31,108.0,108.0,103.65,106.0,5005,83070,0
FINNIFTY31JUL2526700PE.NFO,2025-07-25,12:40:00,2025-07-31,105.7,106.85,100.8,105.7,5655,79690,0
FINNIFTY31JUL2526700PE.NFO,2025-07-25,12:41:00,2025-07-31,105.7,107.85,104.5,107.1,15730,79690,0
FINNIFTY31JUL2526700PE.NFO,2025-07-25,12:42:00,2025-07-31,107.1,112.45,107.1,109.55,2860,79690,0
FINNIFTY31JUL2526700PE.NFO,2025-07-25,12:43:00,2025-07-31,109.55,111.05,108.85,108.85,325,87880,0
FINNIFTY31JUL2526700PE.NFO,2025-07-25,12:44:00,2025-07-31,108.85,108.85,104.35,108.3,2470,87880,0
FINNIFTY31JUL2526700PE.NFO,2025-07-25,12:45:00,2025-07-31,108.3,110.05,106.35,106.65,16705,87880,0
FINNIFTY31JUL2526700PE.NFO,2025-07-25,12:46:00,2025-07-31,106.65,106.65,103.0,104.3,8645,95225,0
FINNIFTY31JUL2526700PE.NFO,2025-07-25,12:47:00,2025-07-31,104.3,104.8,102.35,103.9,1560,95225,0
FINNIFTY31JUL2526700PE.NFO,2025-07-25,12:48:00,2025-07-31,103.9,104.15,101.3,102.05,19175,95225,0
FINNIFTY31JUL2526700PE.NFO,2025-07-25,12:49:00,2025-07-31,102.05,103.4,101.7,102.75,2470,113100,0
FINNIFTY31JUL2526700PE.NFO,2025-07-25,12:50:00,2025-07-31,102.75,104.3,101.35,104.3,2405,113100,0
FINNIFTY31JUL2526700PE.NFO,2025-07-25,12:51:00,2025-07-31,105.25,109.95,104.85,109.75,4355,113100,0
FINNIFTY31JUL2526700PE.NFO,2025-07-25,12:52:00,2025-07-31,109.75,111.75,109.0,111.75,2860,114270,0
FINNIFTY31JUL2526700PE.NFO,2025-07-25,12:53:00,2025-07-31,111.75,112.5,109.5,109.5,2860,114270,0
FINNIFTY31JUL2526700PE.NFO,2025-07-25,12:54:00,2025-07-31,109.5,113.65,109.5,113.65,1950,114270,0
FINNIFTY31JUL2526700PE.NFO,2025-07-25,12:55:00,2025-07-31,113.65,114.4,112.5,113.0,3315,116935,0
FINNIFTY31JUL2526700PE.NFO,2025-07-25,12:56:00,2025-07-31,113.0,115.0,113.0,113.65,1755,116935,0
FINNIFTY31JUL2526700PE.NFO,2025-07-25,12:57:00,2025-07-31,113.65,114.45,111.15,112.4,1365,116935,0
FINNIFTY31JUL2526700PE.NFO,2025-07-25,12:58:00,2025-07-31,112.4,112.9,112.2,112.2,390,113230,0
FINNIFTY31JUL2526700PE.NFO,2025-07-25,12:59:00,2025-07-31,112.2,112.2,112.0,112.1,195,113230,0
FINNIFTY31JUL2526700PE.NFO,2025-07-25,13:00:00,2025-07-31,112.1,112.1,107.3,108.8,3575,113230,0
FINNIFTY31JUL2526700PE.NFO,2025-07-25,13:01:00,2025-07-31,108.8,108.8,107.95,108.55,910,112125,0
FINNIFTY31JUL2526700PE.NFO,2025-07-25,13:02:00,2025-07-31,108.55,111.85,108.5,111.6,1235,112125,0
FINNIFTY31JUL2526700PE.NFO,2025-07-25,13:03:00,2025-07-31,111.6,115.2,111.4,115.0,2210,112125,0
FINNIFTY31JUL2526700PE.NFO,2025-07-25,13:04:00,2025-07-31,115.0,115.0,112.1,115.0,1105,113620,0
FINNIFTY31JUL2526700PE.NFO,2025-07-25,13:05:00,2025-07-31,115.0,115.5,114.45,114.45,1235,113620,0
FINNIFTY31JUL2526700PE.NFO,2025-07-25,13:06:00,2025-07-31,114.45,115.0,110.0,110.0,650,113620,0
FINNIFTY31JUL2526700PE.NFO,2025-07-25,13:07:00,2025-07-31,110.0,110.0,108.85,108.85,1365,113360,0
FINNIFTY31JUL2526700PE.NFO,2025-07-25,13:08:00,2025-07-31,108.85,111.9,107.95,111.9,1755,113360,0
FINNIFTY31JUL2526700PE.NFO,2025-07-25,13:09:00,2025-07-31,111.9,112.2,110.7,112.2,1430,113360,0
FINNIFTY31JUL2526700PE.NFO,2025-07-25,13:10:00,2025-07-31,112.2,112.3,110.5,111.05,975,114400,0
FINNIFTY31JUL2526700PE.NFO,2025-07-25,13:11:00,2025-07-31,111.05,111.4,111.05,111.4,130,114400,0
FINNIFTY31JUL2526700PE.NFO,2025-07-25,13:12:00,2025-07-31,111.4,112.7,111.4,112.7,65,114400,0
FINNIFTY31JUL2526700PE.NFO,2025-07-25,13:13:00,2025-07-31,112.7,113.65,111.8,111.8,130,114010,0
FINNIFTY31JUL2526700PE.NFO,2025-07-25,13:14:00,2025-07-31,111.8,111.8,108.0,108.35,2470,114010,0
FINNIFTY31JUL2526700PE.NFO,2025-07-25,13:15:00,2025-07-31,108.35,110.75,108.35,110.15,260,114010,0
FINNIFTY31JUL2526700PE.NFO,2025-07-25,13:16:00,2025-07-31,110.15,111.25,109.4,111.25,455,115180,0
FINNIFTY31JUL2526700PE.NFO,2025-07-25,13:17:00,2025-07-31,111.25,112.0,110.9,112.0,1430,115180,0
FINNIFTY31JUL2526700PE.NFO,2025-07-25,13:18:00,2025-07-31,112.0,112.15,110.75,110.75,715,115180,0
FINNIFTY31JUL2526700PE.NFO,2025-07-25,13:19:00,2025-07-31,110.75,111.3,109.2,109.2,910,113815,0
FINNIFTY31JUL2526700PE.NFO,2025-07-25,13:20:00,2025-07-31,109.2,109.7,107.05,109.35,260,113815,0
FINNIFTY31JUL2526700PE.NFO,2025-07-25,13:21:00,2025-07-31,109.35,109.8,108.1,108.1,1105,113815,0
FINNIFTY31JUL2526700PE.NFO,2025-07-25,13:22:00,2025-07-31,108.1,108.35,108.1,108.35,260,114790,0
FINNIFTY31JUL2526700PE.NFO,2025-07-25,13:23:00,2025-07-31,108.35,108.35,103.85,103.85,2080,114790,0
FINNIFTY31JUL2526700PE.NFO,2025-07-25,13:24:00,2025-07-31,103.85,103.85,100.9,102.65,2925,114790,0
FINNIFTY31JUL2526700PE.NFO,2025-07-25,13:25:00,2025-07-31,102.65,102.95,102.15,102.95,390,110890,0
FINNIFTY31JUL2526700PE.NFO,2025-07-25,13:26:00,2025-07-31,102.95,104.4,102.5,102.5,195,110890,0
FINNIFTY31JUL2526700PE.NFO,2025-07-25,13:27:00,2025-07-31,102.5,102.5,99.5,102.2,650,110890,0
FINNIFTY31JUL2526700PE.NFO,2025-07-25,13:28:00,2025-07-31,102.2,102.2,100.9,102.0,650,110825,0
FINNIFTY31JUL2526700PE.NFO,2025-07-25,13:29:00,2025-07-31,102.0,105.55,102.0,105.55,325,110825,0
FINNIFTY31JUL2526700PE.NFO,2025-07-25,13:30:00,2025-07-31,105.55,105.65,105.5,105.65,130,110825,0
FINNIFTY31JUL2526700PE.NFO,2025-07-25,13:31:00,2025-07-31,105.65,106.45,105.0,106.3,1430,110890,0
FINNIFTY31JUL2526700PE.NFO,2025-07-25,13:32:00,2025-07-31,106.3,106.5,105.65,106.0,390,110890,0
FINNIFTY31JUL2526700PE.NFO,2025-07-25,13:33:00,2025-07-31,106.0,111.1,106.0,111.1,975,110890,0
FINNIFTY31JUL2526700PE.NFO,2025-07-25,13:34:00,2025-07-31,111.3,120.5,111.3,116.2,3705,111995,0
FINNIFTY31JUL2526700PE.NFO,2025-07-25,13:35:00,2025-07-31,116.2,116.2,112.8,115.3,2015,111995,0
FINNIFTY31JUL2526700PE.NFO,2025-07-25,13:36:00,2025-07-31,115.3,115.45,114.2,115.45,1950,111995,0
FINNIFTY31JUL2526700PE.NFO,2025-07-25,13:37:00,2025-07-31,115.45,116.5,114.0,114.0,1105,112580,0
FINNIFTY31JUL2526700PE.NFO,2025-07-25,13:38:00,2025-07-31,114.0,114.0,106.4,106.45,1105,112580,0
FINNIFTY31JUL2526700PE.NFO,2025-07-25,13:39:00,2025-07-31,106.45,109.05,106.45,108.0,455,112580,0
FINNIFTY31JUL2526700PE.NFO,2025-07-25,13:40:00,2025-07-31,108.0,109.1,107.75,108.55,1430,111020,0
FINNIFTY31JUL2526700PE.NFO,2025-07-25,13:41:00,2025-07-31,108.55,108.55,102.15,102.15,1235,111020,0
FINNIFTY31JUL2526700PE.NFO,2025-07-25,13:42:00,2025-07-31,102.15,103.1,98.9,99.9,1625,111020,0
FINNIFTY31JUL2526700PE.NFO,2025-07-25,13:43:00,2025-07-31,99.9,100.05,97.15,99.1,2210,111995,0
FINNIFTY31JUL2526700PE.NFO,2025-07-25,13:44:00,2025-07-31,99.1,99.1,97.4,97.4,910,111995,0
FINNIFTY31JUL2526700PE.NFO,2025-07-25,13:45:00,2025-07-31,97.4,99.8,97.3,99.8,715,111995,0
FINNIFTY31JUL2526700PE.NFO,2025-07-25,13:46:00,2025-07-31,99.8,99.85,95.9,98.1,2015,112580,0
FINNIFTY31JUL2526700PE.NFO,2025-07-25,13:47:00,2025-07-31,98.1,100.55,96.15,96.15,520,112580,0
FINNIFTY31JUL2526700PE.NFO,2025-07-25,13:48:00,2025-07-31,96.15,96.15,93.55,94.0,2990,112580,0
FINNIFTY31JUL2526700PE.NFO,2025-07-25,13:49:00,2025-07-31,94.0,95.95,93.4,95.95,2015,110760,0
FINNIFTY31JUL2526700PE.NFO,2025-07-25,13:50:00,2025-07-31,95.95,96.0,94.7,95.95,585,110760,0
FINNIFTY31JUL2526700PE.NFO,2025-07-25,13:51:00,2025-07-31,95.95,98.1,92.9,97.4,2795,110760,0
FINNIFTY31JUL2526700PE.NFO,2025-07-25,13:52:00,2025-07-31,97.4,98.45,96.45,98.45,260,111475,0
FINNIFTY31JUL2526700PE.NFO,2025-07-25,13:53:00,2025-07-31,98.45,98.45,91.0,91.0,845,111475,0
FINNIFTY31JUL2526700PE.NFO,2025-07-25,13:54:00,2025-07-31,91.0,91.0,83.15,87.65,9295,111475,0
FINNIFTY31JUL2526700PE.NFO,2025-07-25,13:55:00,2025-07-31,87.65,92.9,86.9,91.75,3575,105560,0
FINNIFTY31JUL2526700PE.NFO,2025-07-25,13:56:00,2025-07-31,91.75,91.75,88.9,89.15,1235,105560,0
FINNIFTY31JUL2526700PE.NFO,2025-07-25,13:57:00,2025-07-31,89.6,89.75,87.65,87.85,1625,105560,0
FINNIFTY31JUL2526700PE.NFO,2025-07-25,13:58:00,2025-07-31,88.4,90.5,86.3,87.75,16835,103285,0
FINNIFTY31JUL2526700PE.NFO,2025-07-25,13:59:00,2025-07-31,87.75,88.05,86.3,88.05,1430,103285,0
FINNIFTY31JUL2526700PE.NFO,2025-07-25,14:00:00,2025-07-31,88.05,88.05,82.55,83.65,6305,103285,0
FINNIFTY31JUL2526700PE.NFO,2025-07-25,14:01:00,2025-07-31,84.3,88.0,83.85,87.65,1625,112775,0
FINNIFTY31JUL2526700PE.NFO,2025-07-25,14:02:00,2025-07-31,87.65,89.0,87.0,87.0,1755,112775,0
FINNIFTY31JUL2526700PE.NFO,2025-07-25,14:03:00,2025-07-31,87.0,91.05,87.0,91.05,715,112775,0
FINNIFTY31JUL2526700PE.NFO,2025-07-25,14:04:00,2025-07-31,91.05,94.45,90.7,93.25,3705,112515,0
FINNIFTY31JUL2526700PE.NFO,2025-07-25,14:05:00,2025-07-31,93.25,95.2,93.1,95.2,390,112515,0
FINNIFTY31JUL2526700PE.NFO,2025-07-25,14:06:00,2025-07-31,95.2,99.45,94.65,98.85,2275,112515,0
FINNIFTY31JUL2526700PE.NFO,2025-07-25,14:07:00,2025-07-31,98.85,102.05,97.4,97.4,5980,110500,0
FINNIFTY31JUL2526700PE.NFO,2025-07-25,14:08:00,2025-07-31,97.4,98.9,96.95,96.95,1495,110500,0
FINNIFTY31JUL2526700PE.NFO,2025-07-25,14:09:00,2025-07-31,96.95,98.35,96.35,98.15,1105,110500,0
FINNIFTY31JUL2526700PE.NFO,2025-07-25,14:10:00,2025-07-31,98.15,101.8,98.15,101.3,2795,109525,0
FINNIFTY31JUL2526700PE.NFO,2025-07-25,14:11:00,2025-07-31,101.3,101.3,100.0,100.45,1105,109525,0
FINNIFTY31JUL2526700PE.NFO,2025-07-25,14:12:00,2025-07-31,100.45,100.45,99.7,99.7,390,109525,0
FINNIFTY31JUL2526700PE.NFO,2025-07-25,14:13:00,2025-07-31,99.7,101.0,99.4,99.4,1105,112060,0
FINNIFTY31JUL2526700PE.NFO,2025-07-25,14:14:00,2025-07-31,99.4,104.2,99.4,103.0,845,112060,0
FINNIFTY31JUL2526700PE.NFO,2025-07-25,14:15:00,2025-07-31,103.0,103.0,99.9,100.25,2860,112060,0
FINNIFTY31JUL2526700PE.NFO,2025-07-25,14:16:00,2025-07-31,100.25,102.7,99.45,102.7,975,111865,0
FINNIFTY31JUL2526700PE.NFO,2025-07-25,14:17:00,2025-07-31,102.7,102.7,100.5,101.2,845,111865,0
FINNIFTY31JUL2526700PE.NFO,2025-07-25,14:18:00,2025-07-31,101.2,102.45,99.0,100.8,2470,111865,0
FINNIFTY31JUL2526700PE.NFO,2025-07-25,14:19:00,2025-07-31,100.8,100.8,99.6,99.6,390,113490,0
FINNIFTY31JUL2526700PE.NFO,2025-07-25,14:20:00,2025-07-31,99.6,99.95,99.0,99.0,6760,113490,0
FINNIFTY31JUL2526700PE.NFO,2025-07-25,14:21:00,2025-07-31,99.0,99.4,97.3,99.05,1430,113490,0
FINNIFTY31JUL2526700PE.NFO,2025-07-25,14:22:00,2025-07-31,99.05,99.35,97.55,97.55,325,118235,0
FINNIFTY31JUL2526700PE.NFO,2025-07-25,14:23:00,2025-07-31,97.55,100.45,97.55,97.65,1950,118235,0
FINNIFTY31JUL2526700PE.NFO,2025-07-25,14:24:00,2025-07-31,97.65,98.45,94.25,94.25,1495,118235,0
FINNIFTY31JUL2526700PE.NFO,2025-07-25,14:25:00,2025-07-31,94.25,95.65,94.25,95.6,195,118690,0
FINNIFTY31JUL2526700PE.NFO,2025-07-25,14:26:00,2025-07-31,95.6,102.55,95.6,101.8,1755,118690,0
FINNIFTY31JUL2526700PE.NFO,2025-07-25,14:27:00,2025-07-31,101.8,106.45,101.8,105.05,10335,118690,0
FINNIFTY31JUL2526700PE.NFO,2025-07-25,14:28:00,2025-07-31,105.05,105.05,98.8,99.0,2730,123890,0
FINNIFTY31JUL2526700PE.NFO,2025-07-25,14:29:00,2025-07-31,99.0,102.3,98.95,102.3,1755,123890,0
FINNIFTY31JUL2526700PE.NFO,2025-07-25,14:30:00,2025-07-31,102.3,102.5,102.3,102.5,325,123890,0
FINNIFTY31JUL2526700PE.NFO,2025-07-25,14:31:00,2025-07-31,102.5,102.5,99.95,100.25,585,124085,0
FINNIFTY31JUL2526700PE.NFO,2025-07-25,14:32:00,2025-07-31,100.25,101.6,99.35,101.6,5655,124085,0
FINNIFTY31JUL2526700PE.NFO,2025-07-25,14:33:00,2025-07-31,101.6,103.0,101.6,101.6,1625,124085,0
FINNIFTY31JUL2526700PE.NFO,2025-07-25,14:34:00,2025-07-31,101.6,103.0,101.6,102.8,780,121095,0
FINNIFTY31JUL2526700PE.NFO,2025-07-25,14:35:00,2025-07-31,102.8,103.2,97.75,97.95,2860,121095,0
FINNIFTY31JUL2526700PE.NFO,2025-07-25,14:36:00,2025-07-31,97.95,100.0,97.95,100.0,1300,121095,0
FINNIFTY31JUL2526700PE.NFO,2025-07-25,14:37:00,2025-07-31,100.0,100.0,98.9,99.25,1300,121095,0
FINNIFTY31JUL2526700PE.NFO,2025-07-25,14:38:00,2025-07-31,99.25,99.25,97.65,97.65,260,121095,0
FINNIFTY31JUL2526700PE.NFO,2025-07-25,14:39:00,2025-07-31,97.65,97.65,94.5,94.55,2535,121095,0
FINNIFTY31JUL2526700PE.NFO,2025-07-25,14:40:00,2025-07-31,94.55,95.4,94.55,95.4,260,120900,0
FINNIFTY31JUL2526700PE.NFO,2025-07-25,14:41:00,2025-07-31,95.4,98.5,95.4,98.5,260,120900,0
FINNIFTY31JUL2526700PE.NFO,2025-07-25,14:42:00,2025-07-31,98.5,100.0,98.5,100.0,260,120900,0
FINNIFTY31JUL2526700PE.NFO,2025-07-25,14:43:00,2025-07-31,100.0,101.0,99.8,101.0,650,121225,0
FINNIFTY31JUL2526700PE.NFO,2025-07-25,14:44:00,2025-07-31,101.0,101.0,99.0,99.0,1040,121225,0
FINNIFTY31JUL2526700PE.NFO,2025-07-25,14:45:00,2025-07-31,99.0,99.0,96.4,97.65,390,121225,0
FINNIFTY31JUL2526700PE.NFO,2025-07-25,14:46:00,2025-07-31,97.65,100.9,97.65,100.9,2080,121745,0
FINNIFTY31JUL2526700PE.NFO,2025-07-25,14:47:00,2025-07-31,100.9,100.9,97.75,97.95,325,121745,0
FINNIFTY31JUL2526700PE.NFO,2025-07-25,14:48:00,2025-07-31,97.95,97.95,94.35,95.65,13715,121745,0
FINNIFTY31JUL2526700PE.NFO,2025-07-25,14:49:00,2025-07-31,95.65,98.55,95.65,98.55,130,115310,0
FINNIFTY31JUL2526700PE.NFO,2025-07-25,14:50:00,2025-07-31,98.55,98.55,97.4,97.5,585,115310,0
FINNIFTY31JUL2526700PE.NFO,2025-07-25,14:51:00,2025-07-31,97.5,97.5,97.5,97.5,0,115310,0
FINNIFTY31JUL2526700PE.NFO,2025-07-25,14:52:00,2025-07-31,97.5,100.0,97.5,98.25,2405,115635,0
FINNIFTY31JUL2526700PE.NFO,2025-07-25,14:53:00,2025-07-31,97.65,97.65,95.05,95.05,845,115635,0
FINNIFTY31JUL2526700PE.NFO,2025-07-25,14:54:00,2025-07-31,95.05,95.05,92.7,94.9,1495,115635,0
FINNIFTY31JUL2526700PE.NFO,2025-07-25,14:55:00,2025-07-31,94.9,94.9,93.85,93.85,780,116025,0
FINNIFTY31JUL2526700PE.NFO,2025-07-25,14:56:00,2025-07-31,93.85,93.85,93.0,93.5,1755,116025,0
FINNIFTY31JUL2526700PE.NFO,2025-07-25,14:57:00,2025-07-31,93.5,93.5,92.0,93.45,4615,116025,0
FINNIFTY31JUL2526700PE.NFO,2025-07-25,14:58:00,2025-07-31,93.45,93.45,90.05,91.75,1105,115765,0
FINNIFTY31JUL2526700PE.NFO,2025-07-25,14:59:00,2025-07-31,91.75,91.75,88.8,89.0,1235,115765,0
FINNIFTY31JUL2526700PE.NFO,2025-07-25,15:00:00,2025-07-31,89.0,92.0,87.0,90.0,2080,115765,0
FINNIFTY31JUL2526700PE.NFO,2025-07-25,15:01:00,2025-07-31,89.1,90.95,89.1,90.5,1040,115115,0
FINNIFTY31JUL2526700PE.NFO,2025-07-25,15:02:00,2025-07-31,90.5,90.5,88.9,90.3,2405,115115,0
FINNIFTY31JUL2526700PE.NFO,2025-07-25,15:03:00,2025-07-31,90.5,92.65,90.5,92.65,2860,115115,0
FINNIFTY31JUL2526700PE.NFO,2025-07-25,15:04:00,2025-07-31,92.65,92.65,91.8,91.8,780,115115,0
FINNIFTY31JUL2526700PE.NFO,2025-07-25,15:05:00,2025-07-31,91.8,91.8,90.15,91.0,650,113360,0
FINNIFTY31JUL2526700PE.NFO,2025-07-25,15:06:00,2025-07-31,91.0,91.0,88.55,88.55,715,113360,0
FINNIFTY31JUL2526700PE.NFO,2025-07-25,15:07:00,2025-07-31,88.55,89.4,88.25,89.4,585,112710,0
FINNIFTY31JUL2526700PE.NFO,2025-07-25,15:08:00,2025-07-31,89.4,89.75,89.25,89.7,455,112710,0
FINNIFTY31JUL2526700PE.NFO,2025-07-25,15:09:00,2025-07-31,89.7,89.7,87.85,88.75,1950,112710,0
FINNIFTY31JUL2526700PE.NFO,2025-07-25,15:10:00,2025-07-31,88.75,89.45,88.1,89.45,910,113035,0
FINNIFTY31JUL2526700PE.NFO,2025-07-25,15:11:00,2025-07-31,89.45,90.35,89.0,90.35,4680,113035,0
FINNIFTY31JUL2526700PE.NFO,2025-07-25,15:12:00,2025-07-31,90.35,91.0,89.95,90.35,975,113035,0
FINNIFTY31JUL2526700PE.NFO,2025-07-25,15:13:00,2025-07-31,90.25,90.5,89.6,90.5,910,113035,0
FINNIFTY31JUL2526700PE.NFO,2025-07-25,15:14:00,2025-07-31,90.5,90.75,90.2,90.75,260,109850,0
FINNIFTY31JUL2526700PE.NFO,2025-07-25,15:15:00,2025-07-31,90.75,92.95,90.3,90.85,845,109850,0
FINNIFTY31JUL2526700PE.NFO,2025-07-25,15:16:00,2025-07-31,91.35,91.55,89.9,91.05,715,109395,0
FINNIFTY31JUL2526700PE.NFO,2025-07-25,15:17:00,2025-07-31,91.05,91.95,90.3,91.2,455,109395,0
FINNIFTY31JUL2526700PE.NFO,2025-07-25,15:18:00,2025-07-31,91.2,91.4,90.55,91.15,910,109395,0
FINNIFTY31JUL2526700PE.NFO,2025-07-25,15:19:00,2025-07-31,91.15,92.65,90.9,92.65,715,109135,0
FINNIFTY31JUL2526700PE.NFO,2025-07-25,15:20:00,2025-07-31,92.5,92.5,90.15,91.75,4680,109135,0
FINNIFTY31JUL2526700PE.NFO,2025-07-25,15:21:00,2025-07-31,91.75,92.0,91.15,91.15,975,109135,0
FINNIFTY31JUL2526700PE.NFO,2025-07-25,15:22:00,2025-07-31,91.15,92.3,91.15,91.2,2860,105105,0
FINNIFTY31JUL2526700PE.NFO,2025-07-25,15:23:00,2025-07-31,91.2,94.25,91.2,94.25,6825,105105,0
FINNIFTY31JUL2526700PE.NFO,2025-07-25,15:24:00,2025-07-31,94.25,94.65,92.75,94.4,3185,105105,0
FINNIFTY31JUL2526700PE.NFO,2025-07-25,15:25:00,2025-07-31,94.8,97.0,94.8,96.3,4095,107575,0
FINNIFTY31JUL2526700PE.NFO,2025-07-25,15:26:00,2025-07-31,96.3,98.1,96.1,98.1,1040,107575,0
FINNIFTY31JUL2526700PE.NFO,2025-07-25,15:27:00,2025-07-31,98.1,101.95,98.1,101.7,2275,107575,0
FINNIFTY31JUL2526700PE.NFO,2025-07-25,15:28:00,2025-07-31,101.7,103.05,99.8,102.55,5395,107055,0
FINNIFTY31JUL2526700PE.NFO,2025-07-25,15:29:00,2025-07-31,102.55,108.55,98.0,98.0,9945,107055,0
FINNIFTY31JUL2526700PE.NFO,2025-07-25,15:30:00,2025-07-31,98.0,98.0,98.0,98.0,9945,107055,1
FINNIFTY31JUL2526700PE.NFO,2025-07-28,09:15:00,2025-07-31,108.0,136.0,102.55,132.9,13650,102115,0
FINNIFTY31JUL2526700PE.NFO,2025-07-28,09:16:00,2025-07-31,132.9,135.35,124.65,125.55,14430,102115,0
FINNIFTY31JUL2526700PE.NFO,2025-07-28,09:17:00,2025-07-31,125.55,126.05,116.95,124.65,16705,102115,0
FINNIFTY31JUL2526700PE.NFO,2025-07-28,09:18:00,2025-07-31,124.65,125.6,118.75,124.55,5460,117650,0
FINNIFTY31JUL2526700PE.NFO,2025-07-28,09:19:00,2025-07-31,124.55,124.55,107.0,111.95,13845,117650,0
FINNIFTY31JUL2526700PE.NFO,2025-07-28,09:20:00,2025-07-31,111.95,115.6,104.45,108.55,7410,117650,0
FINNIFTY31JUL2526700PE.NFO,2025-07-28,09:21:00,2025-07-31,108.55,116.4,106.65,115.5,7540,121420,0
FINNIFTY31JUL2526700PE.NFO,2025-07-28,09:22:00,2025-07-31,115.5,120.95,114.5,115.6,5590,121420,0
FINNIFTY31JUL2526700PE.NFO,2025-07-28,09:23:00,2025-07-31,115.6,115.6,109.4,109.9,5655,121420,0
FINNIFTY31JUL2526700PE.NFO,2025-07-28,09:24:00,2025-07-31,111.0,114.85,104.45,108.1,7540,124215,0
FINNIFTY31JUL2526700PE.NFO,2025-07-28,09:25:00,2025-07-31,108.1,112.65,105.0,107.45,3510,124215,0
FINNIFTY31JUL2526700PE.NFO,2025-07-28,09:26:00,2025-07-31,107.45,115.0,107.45,112.7,4290,124215,0
FINNIFTY31JUL2526700PE.NFO,2025-07-28,09:27:00,2025-07-31,112.7,116.0,111.3,113.6,16315,126880,0
FINNIFTY31JUL2526700PE.NFO,2025-07-28,09:28:00,2025-07-31,112.45,116.7,110.75,114.6,9165,126880,0
FINNIFTY31JUL2526700PE.NFO,2025-07-28,09:29:00,2025-07-31,114.6,114.6,102.4,103.05,5850,126880,0
FINNIFTY31JUL2526700PE.NFO,2025-07-28,09:30:00,2025-07-31,103.0,104.55,97.8,97.8,12610,119535,0
FINNIFTY31JUL2526700PE.NFO,2025-07-28,09:31:00,2025-07-31,97.8,97.8,90.95,92.4,9945,119535,0
FINNIFTY31JUL2526700PE.NFO,2025-07-28,09:32:00,2025-07-31,92.4,96.7,89.7,93.1,7085,119535,0
FINNIFTY31JUL2526700PE.NFO,2025-07-28,09:33:00,2025-07-31,93.1,94.75,89.3,90.1,3510,120510,0
FINNIFTY31JUL2526700PE.NFO,2025-07-28,09:34:00,2025-07-31,89.75,89.75,81.4,85.15,5785,120510,0
FINNIFTY31JUL2526700PE.NFO,2025-07-28,09:35:00,2025-07-31,85.15,88.9,82.75,85.15,9100,120510,0
FINNIFTY31JUL2526700PE.NFO,2025-07-28,09:36:00,2025-07-31,85.15,86.45,82.5,82.7,5850,121160,0
FINNIFTY31JUL2526700PE.NFO,2025-07-28,09:37:00,2025-07-31,82.7,88.65,82.65,84.1,3705,121160,0
FINNIFTY31JUL2526700PE.NFO,2025-07-28,09:38:00,2025-07-31,84.1,86.4,82.6,86.4,3835,121160,0
FINNIFTY31JUL2526700PE.NFO,2025-07-28,09:39:00,2025-07-31,86.4,86.5,84.35,85.7,5005,124410,0
FINNIFTY31JUL2526700PE.NFO,2025-07-28,09:40:00,2025-07-31,85.7,87.35,84.8,86.95,1560,124410,0
FINNIFTY31JUL2526700PE.NFO,2025-07-28,09:41:00,2025-07-31,86.95,96.0,86.95,91.8,6175,124410,0
FINNIFTY31JUL2526700PE.NFO,2025-07-28,09:42:00,2025-07-31,91.8,93.4,89.35,90.35,4355,124215,0
FINNIFTY31JUL2526700PE.NFO,2025-07-28,09:43:00,2025-07-31,90.35,91.45,89.4,91.3,5200,124215,0
FINNIFTY31JUL2526700PE.NFO,2025-07-28,09:44:00,2025-07-31,91.3,95.0,90.25,95.0,2405,124215,0
FINNIFTY31JUL2526700PE.NFO,2025-07-28,09:45:00,2025-07-31,95.0,95.0,85.3,87.8,2925,122460,0
FINNIFTY31JUL2526700PE.NFO,2025-07-28,09:46:00,2025-07-31,87.8,87.8,84.7,86.15,910,122460,0
FINNIFTY31JUL2526700PE.NFO,2025-07-28,09:47:00,2025-07-31,86.15,86.45,81.4,82.0,1040,122460,0
FINNIFTY31JUL2526700PE.NFO,2025-07-28,09:48:00,2025-07-31,82.0,82.05,79.75,80.85,3835,121095,0
FINNIFTY31JUL2526700PE.NFO,2025-07-28,09:49:00,2025-07-31,80.85,83.15,76.55,79.55,6175,121095,0
FINNIFTY31JUL2526700PE.NFO,2025-07-28,09:50:00,2025-07-31,79.55,82.65,79.55,81.4,2470,121095,0
FINNIFTY31JUL2526700PE.NFO,2025-07-28,09:51:00,2025-07-31,81.4,81.55,77.85,78.85,2535,121550,0
FINNIFTY31JUL2526700PE.NFO,2025-07-28,09:52:00,2025-07-31,78.85,85.9,78.85,83.8,6760,121550,0
FINNIFTY31JUL2526700PE.NFO,2025-07-28,09:53:00,2025-07-31,83.6,83.6,79.8,80.9,585,121550,0
FINNIFTY31JUL2526700PE.NFO,2025-07-28,09:54:00,2025-07-31,80.9,84.0,80.9,83.6,650,121550,0
FINNIFTY31JUL2526700PE.NFO,2025-07-28,09:55:00,2025-07-31,83.6,83.6,77.0,80.0,2860,117715,0
FINNIFTY31JUL2526700PE.NFO,2025-07-28,09:56:00,2025-07-31,80.0,86.0,80.0,83.1,2665,117715,0
FINNIFTY31JUL2526700PE.NFO,2025-07-28,09:57:00,2025-07-31,83.1,86.65,83.1,86.65,3185,117260,0
FINNIFTY31JUL2526700PE.NFO,2025-07-28,09:58:00,2025-07-31,86.65,89.2,85.0,87.55,1820,117260,0
FINNIFTY31JUL2526700PE.NFO,2025-07-28,09:59:00,2025-07-31,87.55,89.1,86.0,86.0,5395,117260,0
FINNIFTY31JUL2526700PE.NFO,2025-07-28,10:00:00,2025-07-31,86.0,87.85,85.0,87.45,12870,119015,0
FINNIFTY31JUL2526700PE.NFO,2025-07-28,10:01:00,2025-07-31,87.45,87.85,84.3,86.05,2080,119015,0
FINNIFTY31JUL2526700PE.NFO,2025-07-28,10:02:00,2025-07-31,86.05,86.8,82.35,82.5,9945,119015,0
FINNIFTY31JUL2526700PE.NFO,2025-07-28,10:03:00,2025-07-31,82.5,87.35,82.5,86.65,1040,116870,0
FINNIFTY31JUL2526700PE.NFO,2025-07-28,10:04:00,2025-07-31,86.65,86.65,83.25,84.0,780,116870,0
FINNIFTY31JUL2526700PE.NFO,2025-07-28,10:05:00,2025-07-31,84.0,87.45,83.85,87.45,910,116870,0
FINNIFTY31JUL2526700PE.NFO,2025-07-28,10:06:00,2025-07-31,87.45,87.45,80.0,80.0,2015,117260,0
FINNIFTY31JUL2526700PE.NFO,2025-07-28,10:07:00,2025-07-31,80.0,80.75,78.0,80.75,2145,117260,0
FINNIFTY31JUL2526700PE.NFO,2025-07-28,10:08:00,2025-07-31,80.75,81.25,79.0,79.0,1560,117260,0
FINNIFTY31JUL2526700PE.NFO,2025-07-28,10:09:00,2025-07-31,79.0,80.45,78.1,78.7,1560,118170,0
FINNIFTY31JUL2526700PE.NFO,2025-07-28,10:10:00,2025-07-31,78.7,80.0,77.85,80.0,3250,118170,0
FINNIFTY31JUL2526700PE.NFO,2025-07-28,10:11:00,2025-07-31,80.0,80.8,78.85,79.05,1365,118170,0
FINNIFTY31JUL2526700PE.NFO,2025-07-28,10:12:00,2025-07-31,79.05,79.05,77.0,77.85,1235,117910,0
FINNIFTY31JUL2526700PE.NFO,2025-07-28,10:13:00,2025-07-31,77.85,78.9,77.85,78.9,1105,117910,0
FINNIFTY31JUL2526700PE.NFO,2025-07-28,10:14:00,2025-07-31,78.9,78.9,72.3,72.3,1885,117910,0
FINNIFTY31JUL2526700PE.NFO,2025-07-28,10:15:00,2025-07-31,72.3,72.3,65.3,67.15,20280,114465,0
FINNIFTY31JUL2526700PE.NFO,2025-07-28,10:16:00,2025-07-31,67.15,67.35,63.2,63.2,8775,114465,0
FINNIFTY31JUL2526700PE.NFO,2025-07-28,10:17:00,2025-07-31,63.65,65.6,62.8,64.2,5785,114465,0
FINNIFTY31JUL2526700PE.NFO,2025-07-28,10:18:00,2025-07-31,64.2,65.0,63.2,63.35,2665,115180,0
FINNIFTY31JUL2526700PE.NFO,2025-07-28,10:19:00,2025-07-31,63.35,66.15,61.9,65.3,5460,115180,0
FINNIFTY31JUL2526700PE.NFO,2025-07-28,10:20:00,2025-07-31,65.3,65.4,63.65,63.85,2275,115180,0
FINNIFTY31JUL2526700PE.NFO,2025-07-28,10:21:00,2025-07-31,63.85,63.85,61.65,62.05,2600,115180,0
FINNIFTY31JUL2526700PE.NFO,2025-07-28,10:22:00,2025-07-31,62.05,66.45,62.05,65.45,4030,115180,0
FINNIFTY31JUL2526700PE.NFO,2025-07-28,10:23:00,2025-07-31,65.45,66.2,64.65,64.65,1690,115180,0
FINNIFTY31JUL2526700PE.NFO,2025-07-28,10:24:00,2025-07-31,64.65,65.35,61.95,64.25,1560,114465,0
FINNIFTY31JUL2526700PE.NFO,2025-07-28,10:25:00,2025-07-31,64.25,66.25,64.25,64.75,520,114465,0
FINNIFTY31JUL2526700PE.NFO,2025-07-28,10:26:00,2025-07-31,64.75,65.55,64.5,65.55,910,114465,0
FINNIFTY31JUL2526700PE.NFO,2025-07-28,10:27:00,2025-07-31,65.55,67.3,64.6,65.15,11830,112645,0
FINNIFTY31JUL2526700PE.NFO,2025-07-28,10:28:00,2025-07-31,65.15,65.55,64.95,64.95,650,112645,0
FINNIFTY31JUL2526700PE.NFO,2025-07-28,10:29:00,2025-07-31,64.95,66.45,64.95,66.45,260,112645,0
FINNIFTY31JUL2526700PE.NFO,2025-07-28,10:30:00,2025-07-31,66.45,66.45,62.6,62.6,1300,112645,0
FINNIFTY31JUL2526700PE.NFO,2025-07-28,10:31:00,2025-07-31,62.6,65.25,61.85,65.25,1690,112645,0
FINNIFTY31JUL2526700PE.NFO,2025-07-28,10:32:00,2025-07-31,65.25,67.6,65.25,67.1,2015,112645,0
FINNIFTY31JUL2526700PE.NFO,2025-07-28,10:33:00,2025-07-31,67.3,69.2,67.3,68.3,1560,111670,0
FINNIFTY31JUL2526700PE.NFO,2025-07-28,10:34:00,2025-07-31,68.3,71.55,68.3,70.95,1300,111670,0
FINNIFTY31JUL2526700PE.NFO,2025-07-28,10:35:00,2025-07-31,70.95,71.15,70.0,70.2,2210,111670,0
FINNIFTY31JUL2526700PE.NFO,2025-07-28,10:36:00,2025-07-31,70.2,73.55,69.1,73.55,1950,111150,0
FINNIFTY31JUL2526700PE.NFO,2025-07-28,10:37:00,2025-07-31,73.25,75.5,71.45,74.95,2275,111150,0
FINNIFTY31JUL2526700PE.NFO,2025-07-28,10:38:00,2025-07-31,74.95,81.9,74.9,80.3,9295,111150,0
FINNIFTY31JUL2526700PE.NFO,2025-07-28,10:39:00,2025-07-31,80.3,83.3,77.4,82.8,3510,110305,0
FINNIFTY31JUL2526700PE.NFO,2025-07-28,10:40:00,2025-07-31,82.8,82.8,76.65,76.95,2990,110305,0
FINNIFTY31JUL2526700PE.NFO,2025-07-28,10:41:00,2025-07-31,76.95,78.45,76.4,76.9,3640,110305,0
FINNIFTY31JUL2526700PE.NFO,2025-07-28,10:42:00,2025-07-31,76.9,83.05,76.85,81.4,7605,114660,0
FINNIFTY31JUL2526700PE.NFO,2025-07-28,10:43:00,2025-07-31,81.4,81.4,78.85,80.0,3445,114660,0
FINNIFTY31JUL2526700PE.NFO,2025-07-28,10:44:00,2025-07-31,80.0,82.45,78.7,81.0,2405,114660,0
FINNIFTY31JUL2526700PE.NFO,2025-07-28,10:45:00,2025-07-31,81.0,88.35,81.0,85.9,13715,119080,0
FINNIFTY31JUL2526700PE.NFO,2025-07-28,10:46:00,2025-07-31,85.9,96.25,85.9,92.65,14170,119080,0
FINNIFTY31JUL2526700PE.NFO,2025-07-28,10:47:00,2025-07-31,92.65,96.0,92.15,94.3,4030,119080,0
FINNIFTY31JUL2526700PE.NFO,2025-07-28,10:48:00,2025-07-31,94.3,96.35,92.5,93.2,2080,125580,0
FINNIFTY31JUL2526700PE.NFO,2025-07-28,10:49:00,2025-07-31,93.2,93.2,86.75,89.3,6045,125580,0
FINNIFTY31JUL2526700PE.NFO,2025-07-28,10:50:00,2025-07-31,89.3,89.3,83.65,83.65,5915,125580,0
FINNIFTY31JUL2526700PE.NFO,2025-07-28,10:51:00,2025-07-31,83.65,83.9,81.45,81.55,8450,129285,0
FINNIFTY31JUL2526700PE.NFO,2025-07-28,10:52:00,2025-07-31,81.55,81.55,78.6,79.65,2860,129285,0
FINNIFTY31JUL2526700PE.NFO,2025-07-28,10:53:00,2025-07-31,79.65,79.65,77.9,79.5,1040,129285,0
FINNIFTY31JUL2526700PE.NFO,2025-07-28,10:54:00,2025-07-31,79.5,80.4,78.8,78.8,1885,128635,0
FINNIFTY31JUL2526700PE.NFO,2025-07-28,10:55:00,2025-07-31,78.8,79.5,78.0,78.6,1560,128635,0
FINNIFTY31JUL2526700PE.NFO,2025-07-28,10:56:00,2025-07-31,78.6,78.65,76.2,77.6,2210,128635,0
FINNIFTY31JUL2526700PE.NFO,2025-07-28,10:57:00,2025-07-31,77.6,77.6,73.85,74.85,1560,128635,0
FINNIFTY31JUL2526700PE.NFO,2025-07-28,10:58:00,2025-07-31,74.85,75.2,72.15,72.15,1365,127270,0
FINNIFTY31JUL2526700PE.NFO,2025-07-28,10:59:00,2025-07-31,72.15,72.85,72.15,72.85,390,127270,0
FINNIFTY31JUL2526700PE.NFO,2025-07-28,11:00:00,2025-07-31,72.85,72.85,66.8,66.8,2210,126035,0
FINNIFTY31JUL2526700PE.NFO,2025-07-28,11:01:00,2025-07-31,66.8,66.8,63.0,66.3,10530,126035,0
FINNIFTY31JUL2526700PE.NFO,2025-07-28,11:02:00,2025-07-31,66.3,69.55,65.9,69.4,1495,126035,0
FINNIFTY31JUL2526700PE.NFO,2025-07-28,11:03:00,2025-07-31,69.4,76.45,69.4,74.95,1495,120510,0
FINNIFTY31JUL2526700PE.NFO,2025-07-28,11:04:00,2025-07-31,74.95,74.95,72.4,74.5,715,120510,0
FINNIFTY31JUL2526700PE.NFO,2025-07-28,11:05:00,2025-07-31,74.5,76.0,73.2,75.7,2990,120510,0
FINNIFTY31JUL2526700PE.NFO,2025-07-28,11:06:00,2025-07-31,75.7,78.25,75.6,75.8,520,120900,0
FINNIFTY31JUL2526700PE.NFO,2025-07-28,11:07:00,2025-07-31,75.8,81.0,75.8,81.0,2600,120900,0
FINNIFTY31JUL2526700PE.NFO,2025-07-28,11:08:00,2025-07-31,81.0,81.15,79.5,80.7,845,120900,0
FINNIFTY31JUL2526700PE.NFO,2025-07-28,11:09:00,2025-07-31,80.7,80.85,78.85,78.85,1690,120900,0
FINNIFTY31JUL2526700PE.NFO,2025-07-28,11:10:00,2025-07-31,78.85,79.35,78.8,79.35,520,121355,0
FINNIFTY31JUL2526700PE.NFO,2025-07-28,11:11:00,2025-07-31,79.35,79.35,73.35,73.35,2860,121355,0
FINNIFTY31JUL2526700PE.NFO,2025-07-28,11:12:00,2025-07-31,73.35,78.2,73.35,78.2,1300,121355,0
FINNIFTY31JUL2526700PE.NFO,2025-07-28,11:13:00,2025-07-31,78.2,78.2,77.25,77.95,910,121875,0
FINNIFTY31JUL2526700PE.NFO,2025-07-28,11:14:00,2025-07-31,77.95,78.15,76.8,76.8,585,121875,0
FINNIFTY31JUL2526700PE.NFO,2025-07-28,11:15:00,2025-07-31,76.8,78.4,72.9,76.35,4095,121875,0
FINNIFTY31JUL2526700PE.NFO,2025-07-28,11:16:00,2025-07-31,76.35,76.35,74.15,75.7,390,121615,0
FINNIFTY31JUL2526700PE.NFO,2025-07-28,11:17:00,2025-07-31,75.7,76.25,74.75,76.25,585,121615,0
FINNIFTY31JUL2526700PE.NFO,2025-07-28,11:18:00,2025-07-31,76.25,76.7,74.5,75.4,1300,122460,0
FINNIFTY31JUL2526700PE.NFO,2025-07-28,11:19:00,2025-07-31,75.4,76.0,74.4,74.85,2080,122460,0
FINNIFTY31JUL2526700PE.NFO,2025-07-28,11:20:00,2025-07-31,74.85,77.6,73.65,73.65,1430,122460,0
FINNIFTY31JUL2526700PE.NFO,2025-07-28,11:21:00,2025-07-31,73.65,74.85,73.65,74.85,715,122460,0
FINNIFTY31JUL2526700PE.NFO,2025-07-28,11:22:00,2025-07-31,74.85,74.85,69.8,71.0,2405,123045,0
FINNIFTY31JUL2526700PE.NFO,2025-07-28,11:23:00,2025-07-31,71.0,72.85,71.0,72.85,455,123045,0
FINNIFTY31JUL2526700PE.NFO,2025-07-28,11:24:00,2025-07-31,72.85,73.45,72.85,73.45,130,123045,0
FINNIFTY31JUL2526700PE.NFO,2025-07-28,11:25:00,2025-07-31,73.45,73.6,71.7,73.6,1365,123305,0
FINNIFTY31JUL2526700PE.NFO,2025-07-28,11:26:00,2025-07-31,73.6,75.9,72.9,72.9,1820,123305,0
FINNIFTY31JUL2526700PE.NFO,2025-07-28,11:27:00,2025-07-31,72.9,72.9,70.3,71.2,1690,123305,0
FINNIFTY31JUL2526700PE.NFO,2025-07-28,11:28:00,2025-07-31,71.2,74.25,71.2,72.85,910,124995,0
FINNIFTY31JUL2526700PE.NFO,2025-07-28,11:29:00,2025-07-31,72.85,73.05,72.85,73.05,65,124995,0
FINNIFTY31JUL2526700PE.NFO,2025-07-28,11:30:00,2025-07-31,73.05,75.0,73.05,74.2,715,124215,0
FINNIFTY31JUL2526700PE.NFO,2025-07-28,11:31:00,2025-07-31,74.2,75.25,70.7,71.35,390,124215,0
FINNIFTY31JUL2526700PE.NFO,2025-07-28,11:32:00,2025-07-31,71.35,72.2,70.3,70.45,1820,124215,0
FINNIFTY31JUL2526700PE.NFO,2025-07-28,11:33:00,2025-07-31,70.45,70.45,69.0,70.35,325,124215,0
FINNIFTY31JUL2526700PE.NFO,2025-07-28,11:34:00,2025-07-31,70.35,70.9,70.35,70.9,65,122395,0
FINNIFTY31JUL2526700PE.NFO,2025-07-28,11:35:00,2025-07-31,70.9,70.9,69.95,69.95,585,122395,0
FINNIFTY31JUL2526700PE.NFO,2025-07-28,11:36:00,2025-07-31,69.95,70.55,69.25,70.55,585,122395,0
FINNIFTY31JUL2526700PE.NFO,2025-07-28,11:37:00,2025-07-31,70.55,70.55,70.2,70.2,390,123435,0
FINNIFTY31JUL2526700PE.NFO,2025-07-28,11:38:00,2025-07-31,70.2,74.7,70.2,74.7,780,123435,0
FINNIFTY31JUL2526700PE.NFO,2025-07-28,11:39:00,2025-07-31,74.7,75.75,74.15,75.05,2405,123500,0
FINNIFTY31JUL2526700PE.NFO,2025-07-28,11:40:00,2025-07-31,75.05,77.6,75.05,77.6,260,123500,0
FINNIFTY31JUL2526700PE.NFO,2025-07-28,11:41:00,2025-07-31,77.6,80.6,76.9,77.2,3770,123500,0
FINNIFTY31JUL2526700PE.NFO,2025-07-28,11:42:00,2025-07-31,77.2,78.0,76.65,77.15,650,123500,0
FINNIFTY31JUL2526700PE.NFO,2025-07-28,11:43:00,2025-07-31,77.15,77.15,76.1,76.1,390,124410,0
FINNIFTY31JUL2526700PE.NFO,2025-07-28,11:44:00,2025-07-31,76.1,79.65,76.1,77.15,455,124410,0
FINNIFTY31JUL2526700PE.NFO,2025-07-28,11:45:00,2025-07-31,77.15,79.35,77.15,79.2,1755,123825,0
FINNIFTY31JUL2526700PE.NFO,2025-07-28,11:46:00,2025-07-31,79.2,79.8,79.0,79.0,715,123825,0
FINNIFTY31JUL2526700PE.NFO,2025-07-28,11:47:00,2025-07-31,79.0,79.95,79.0,79.85,390,123825,0
FINNIFTY31JUL2526700PE.NFO,2025-07-28,11:48:00,2025-07-31,79.85,81.6,79.8,80.6,1300,123825,0
FINNIFTY31JUL2526700PE.NFO,2025-07-28,11:49:00,2025-07-31,80.6,81.0,80.6,81.0,65,125450,0
FINNIFTY31JUL2526700PE.NFO,2025-07-28,11:50:00,2025-07-31,81.0,82.75,81.0,81.45,2795,125450,0
FINNIFTY31JUL2526700PE.NFO,2025-07-28,11:51:00,2025-07-31,81.45,82.5,80.0,80.0,2665,125450,0
FINNIFTY31JUL2526700PE.NFO,2025-07-28,11:52:00,2025-07-31,80.0,80.0,77.75,79.45,2080,126100,0
FINNIFTY31JUL2526700PE.NFO,2025-07-28,11:53:00,2025-07-31,79.45,81.6,79.45,79.45,1235,126100,0
FINNIFTY31JUL2526700PE.NFO,2025-07-28,11:54:00,2025-07-31,79.45,79.45,78.9,79.45,520,126100,0
FINNIFTY31JUL2526700PE.NFO,2025-07-28,11:55:00,2025-07-31,79.45,79.45,76.3,76.3,975,126815,0
FINNIFTY31JUL2526700PE.NFO,2025-07-28,11:56:00,2025-07-31,76.3,76.35,74.3,76.35,3315,126815,0
FINNIFTY31JUL2526700PE.NFO,2025-07-28,11:57:00,2025-07-31,76.35,76.5,75.15,75.95,1170,126815,0
FINNIFTY31JUL2526700PE.NFO,2025-07-28,11:58:00,2025-07-31,75.95,75.95,75.0,75.1,455,124085,0
FINNIFTY31JUL2526700PE.NFO,2025-07-28,11:59:00,2025-07-31,75.1,75.1,73.0,73.95,2990,124085,0
FINNIFTY31JUL2526700PE.NFO,2025-07-28,12:00:00,2025-07-31,73.95,76.25,73.6,76.25,130,124085,0
FINNIFTY31JUL2526700PE.NFO,2025-07-28,12:01:00,2025-07-31,76.25,79.35,76.25,78.6,455,123760,0
FINNIFTY31JUL2526700PE.NFO,2025-07-28,12:02:00,2025-07-31,78.6,78.8,76.4,76.4,2145,123760,0
FINNIFTY31JUL2526700PE.NFO,2025-07-28,12:03:00,2025-07-31,76.4,79.85,75.8,79.85,1430,123760,0
FINNIFTY31JUL2526700PE.NFO,2025-07-28,12:04:00,2025-07-31,79.85,81.55,79.85,80.95,1040,123565,0
FINNIFTY31JUL2526700PE.NFO,2025-07-28,12:05:00,2025-07-31,80.95,80.95,79.75,80.0,455,123565,0
FINNIFTY31JUL2526700PE.NFO,2025-07-28,12:06:00,2025-07-31,80.0,80.85,79.6,80.85,520,123565,0
FINNIFTY31JUL2526700PE.NFO,2025-07-28,12:07:00,2025-07-31,80.85,80.85,80.3,80.3,65,123370,0
FINNIFTY31JUL2526700PE.NFO,2025-07-28,12:08:00,2025-07-31,80.3,85.0,80.3,83.5,1885,123370,0
FINNIFTY31JUL2526700PE.NFO,2025-07-28,12:09:00,2025-07-31,83.5,83.5,83.0,83.0,325,123370,0
FINNIFTY31JUL2526700PE.NFO,2025-07-28,12:10:00,2025-07-31,80.65,81.6,80.65,81.4,585,123825,0
FINNIFTY31JUL2526700PE.NFO,2025-07-28,12:11:00,2025-07-31,81.4,85.0,81.4,83.0,4160,123825,0
FINNIFTY31JUL2526700PE.NFO,2025-07-28,12:12:00,2025-07-31,83.0,84.1,81.85,83.4,3315,123825,0
FINNIFTY31JUL2526700PE.NFO,2025-07-28,12:13:00,2025-07-31,83.4,84.55,82.45,84.55,2925,124475,0
FINNIFTY31JUL2526700PE.NFO,2025-07-28,12:14:00,2025-07-31,84.55,86.0,83.8,85.95,1300,124475,0
FINNIFTY31JUL2526700PE.NFO,2025-07-28,12:15:00,2025-07-31,85.95,86.8,85.0,85.8,3315,124475,0
FINNIFTY31JUL2526700PE.NFO,2025-07-28,12:16:00,2025-07-31,85.8,85.8,84.55,84.55,1690,129220,0
FINNIFTY31JUL2526700PE.NFO,2025-07-28,12:17:00,2025-07-31,84.55,88.6,84.55,87.9,1170,129220,0
FINNIFTY31JUL2526700PE.NFO,2025-07-28,12:18:00,2025-07-31,87.9,87.9,83.8,83.8,9880,129220,0
FINNIFTY31JUL2526700PE.NFO,2025-07-28,12:19:00,2025-07-31,83.8,83.8,81.85,81.85,3705,135135,0
FINNIFTY31JUL2526700PE.NFO,2025-07-28,12:20:00,2025-07-31,81.85,83.2,80.25,83.2,1820,135135,0
FINNIFTY31JUL2526700PE.NFO,2025-07-28,12:21:00,2025-07-31,83.2,84.55,83.2,83.6,780,135135,0
FINNIFTY31JUL2526700PE.NFO,2025-07-28,12:22:00,2025-07-31,83.6,83.6,82.8,82.8,1560,131560,0
FINNIFTY31JUL2526700PE.NFO,2025-07-28,12:23:00,2025-07-31,82.8,83.75,82.8,83.75,585,131560,0
FINNIFTY31JUL2526700PE.NFO,2025-07-28,12:24:00,2025-07-31,83.75,83.75,81.35,81.45,520,131560,0
FINNIFTY31JUL2526700PE.NFO,2025-07-28,12:25:00,2025-07-31,81.45,84.0,81.45,82.85,195,130780,0
FINNIFTY31JUL2526700PE.NFO,2025-07-28,12:26:00,2025-07-31,82.85,82.85,79.65,82.8,1430,130780,0
FINNIFTY31JUL2526700PE.NFO,2025-07-28,12:27:00,2025-07-31,82.8,82.9,82.25,82.25,130,130780,0
FINNIFTY31JUL2526700PE.NFO,2025-07-28,12:28:00,2025-07-31,82.25,82.25,81.0,81.0,65,130390,0
FINNIFTY31JUL2526700PE.NFO,2025-07-28,12:29:00,2025-07-31,81.0,81.0,78.2,79.0,325,130390,0
FINNIFTY31JUL2526700PE.NFO,2025-07-28,12:30:00,2025-07-31,79.0,80.2,77.45,79.6,9035,130390,0
FINNIFTY31JUL2526700PE.NFO,2025-07-28,12:31:00,2025-07-31,79.6,80.15,78.75,80.15,1755,125190,0
FINNIFTY31JUL2526700PE.NFO,2025-07-28,12:32:00,2025-07-31,80.15,81.0,80.1,80.95,780,125190,0
FINNIFTY31JUL2526700PE.NFO,2025-07-28,12:33:00,2025-07-31,80.95,81.35,80.95,81.35,195,125190,0
FINNIFTY31JUL2526700PE.NFO,2025-07-28,12:34:00,2025-07-31,81.35,82.25,81.35,82.25,520,127400,0
FINNIFTY31JUL2526700PE.NFO,2025-07-28,12:35:00,2025-07-31,82.25,82.25,80.0,81.65,1690,127400,0
FINNIFTY31JUL2526700PE.NFO,2025-07-28,12:36:00,2025-07-31,81.65,83.0,81.65,83.0,520,127400,0
FINNIFTY31JUL2526700PE.NFO,2025-07-28,12:37:00,2025-07-31,83.0,83.0,82.1,83.0,780,128050,0
FINNIFTY31JUL2526700PE.NFO,2025-07-28,12:38:00,2025-07-31,83.0,84.65,82.4,84.65,975,128050,0
FINNIFTY31JUL2526700PE.NFO,2025-07-28,12:39:00,2025-07-31,84.65,84.65,84.25,84.25,195,128050,0
FINNIFTY31JUL2526700PE.NFO,2025-07-28,12:40:00,2025-07-31,84.25,84.25,82.85,83.2,715,128245,0
FINNIFTY31JUL2526700PE.NFO,2025-07-28,12:41:00,2025-07-31,83.85,83.85,82.85,82.85,325,128245,0
FINNIFTY31JUL2526700PE.NFO,2025-07-28,12:42:00,2025-07-31,82.85,82.85,82.4,82.4,455,128245,0
FINNIFTY31JUL2526700PE.NFO,2025-07-28,12:43:00,2025-07-31,82.4,85.0,82.4,84.1,715,128310,0
FINNIFTY31JUL2526700PE.NFO,2025-07-28,12:44:00,2025-07-31,84.1,88.0,83.7,86.8,7215,128310,0
FINNIFTY31JUL2526700PE.NFO,2025-07-28,12:45:00,2025-07-31,86.8,88.6,86.65,87.75,1560,128310,0
FINNIFTY31JUL2526700PE.NFO,2025-07-28,12:46:00,2025-07-31,87.3,87.65,84.85,85.6,2665,132535,0
FINNIFTY31JUL2526700PE.NFO,2025-07-28,12:47:00,2025-07-31,85.6,89.2,85.6,89.2,1430,132535,0
FINNIFTY31JUL2526700PE.NFO,2025-07-28,12:48:00,2025-07-31,89.2,91.2,88.45,91.2,2730,132535,0
FINNIFTY31JUL2526700PE.NFO,2025-07-28,12:49:00,2025-07-31,91.2,97.0,91.2,96.55,10400,135460,0
FINNIFTY31JUL2526700PE.NFO,2025-07-28,12:50:00,2025-07-31,96.55,103.95,96.45,97.8,26975,135460,0
FINNIFTY31JUL2526700PE.NFO,2025-07-28,12:51:00,2025-07-31,97.8,107.25,97.8,105.05,16900,135460,0
FINNIFTY31JUL2526700PE.NFO,2025-07-28,12:52:00,2025-07-31,105.05,107.5,103.7,107.4,37895,161135,0
FINNIFTY31JUL2526700PE.NFO,2025-07-28,12:53:00,2025-07-31,107.4,107.4,102.05,102.7,6305,161135,0
FINNIFTY31JUL2526700PE.NFO,2025-07-28,12:54:00,2025-07-31,102.7,102.7,99.6,99.75,5980,161135,0
FINNIFTY31JUL2526700PE.NFO,2025-07-28,12:55:00,2025-07-31,99.75,103.0,99.75,100.55,6305,156650,0
FINNIFTY31JUL2526700PE.NFO,2025-07-28,12:56:00,2025-07-31,100.55,103.3,99.35,102.75,1950,156650,0
FINNIFTY31JUL2526700PE.NFO,2025-07-28,12:57:00,2025-07-31,102.75,103.35,101.15,101.15,2600,156650,0
FINNIFTY31JUL2526700PE.NFO,2025-07-28,12:58:00,2025-07-31,101.15,107.0,101.15,106.9,2795,152100,0
FINNIFTY31JUL2526700PE.NFO,2025-07-28,12:59:00,2025-07-31,106.9,108.0,105.05,108.0,5265,152100,0
FINNIFTY31JUL2526700PE.NFO,2025-07-28,13:00:00,2025-07-31,108.0,111.05,105.85,111.05,6630,152100,0
FINNIFTY31JUL2526700PE.NFO,2025-07-28,13:01:00,2025-07-31,111.05,114.15,110.7,112.65,19370,162890,0
FINNIFTY31JUL2526700PE.NFO,2025-07-28,13:02:00,2025-07-31,112.65,116.65,110.95,114.6,7345,162890,0
FINNIFTY31JUL2526700PE.NFO,2025-07-28,13:03:00,2025-07-31,114.6,119.6,114.05,119.0,5525,162890,0
FINNIFTY31JUL2526700PE.NFO,2025-07-28,13:04:00,2025-07-31,119.25,126.0,118.55,126.0,16185,162955,0
FINNIFTY31JUL2526700PE.NFO,2025-07-28,13:05:00,2025-07-31,126.0,126.3,116.65,116.65,7020,162955,0
FINNIFTY31JUL2526700PE.NFO,2025-07-28,13:06:00,2025-07-31,116.65,121.2,116.65,118.85,3835,162955,0
FINNIFTY31JUL2526700PE.NFO,2025-07-28,13:07:00,2025-07-31,118.85,119.6,114.3,116.2,5850,163020,0
FINNIFTY31JUL2526700PE.NFO,2025-07-28,13:08:00,2025-07-31,116.2,118.6,116.2,118.6,2405,163020,0
FINNIFTY31JUL2526700PE.NFO,2025-07-28,13:09:00,2025-07-31,120.9,122.4,119.45,120.55,2470,163020,0
FINNIFTY31JUL2526700PE.NFO,2025-07-28,13:10:00,2025-07-31,120.55,129.8,120.55,124.0,12350,165295,0
FINNIFTY31JUL2526700PE.NFO,2025-07-28,13:11:00,2025-07-31,124.4,125.5,122.5,124.75,2535,165295,0
FINNIFTY31JUL2526700PE.NFO,2025-07-28,13:12:00,2025-07-31,124.75,130.8,123.95,129.35,14625,165295,0
FINNIFTY31JUL2526700PE.NFO,2025-07-28,13:13:00,2025-07-31,129.35,137.95,129.35,135.3,11375,163475,0
FINNIFTY31JUL2526700PE.NFO,2025-07-28,13:14:00,2025-07-31,135.3,143.7,135.3,140.0,48555,163475,0
FINNIFTY31JUL2526700PE.NFO,2025-07-28,13:15:00,2025-07-31,140.0,152.4,137.55,150.0,28405,163475,0
FINNIFTY31JUL2526700PE.NFO,2025-07-28,13:16:00,2025-07-31,150.0,155.6,144.85,146.95,25350,171795,0
FINNIFTY31JUL2526700PE.NFO,2025-07-28,13:17:00,2025-07-31,146.95,148.65,142.0,148.65,2600,171795,0
FINNIFTY31JUL2526700PE.NFO,2025-07-28,13:18:00,2025-07-31,148.65,154.15,148.45,150.9,5525,171795,0
FINNIFTY31JUL2526700PE.NFO,2025-07-28,13:19:00,2025-07-31,150.9,154.2,145.65,152.65,4160,165880,0
FINNIFTY31JUL2526700PE.NFO,2025-07-28,13:20:00,2025-07-31,152.65,155.0,148.2,154.2,14950,165880,0
FINNIFTY31JUL2526700PE.NFO,2025-07-28,13:21:00,2025-07-31,154.2,155.0,146.35,148.3,26780,165880,0
FINNIFTY31JUL2526700PE.NFO,2025-07-28,13:22:00,2025-07-31,148.3,148.4,143.4,144.1,5070,153400,0
FINNIFTY31JUL2526700PE.NFO,2025-07-28,13:23:00,2025-07-31,144.1,147.0,144.05,145.8,2080,153400,0
FINNIFTY31JUL2526700PE.NFO,2025-07-28,13:24:00,2025-07-31,145.8,154.5,145.8,153.95,2470,153400,0
FINNIFTY31JUL2526700PE.NFO,2025-07-28,13:25:00,2025-07-31,153.95,157.1,151.5,153.45,3445,153530,0
FINNIFTY31JUL2526700PE.NFO,2025-07-28,13:26:00,2025-07-31,153.45,155.75,151.55,155.75,2145,153530,0
FINNIFTY31JUL2526700PE.NFO,2025-07-28,13:27:00,2025-07-31,155.75,158.35,153.1,155.75,1690,153530,0
FINNIFTY31JUL2526700PE.NFO,2025-07-28,13:28:00,2025-07-31,155.75,163.1,153.0,161.95,1885,150670,0
FINNIFTY31JUL2526700PE.NFO,2025-07-28,13:29:00,2025-07-31,161.95,168.05,161.4,163.35,5720,150670,0
FINNIFTY31JUL2526700PE.NFO,2025-07-28,13:30:00,2025-07-31,163.35,164.65,160.25,160.25,4940,150670,0
FINNIFTY31JUL2526700PE.NFO,2025-07-28,13:31:00,2025-07-31,160.25,161.65,156.6,157.0,3185,148785,0
FINNIFTY31JUL2526700PE.NFO,2025-07-28,13:32:00,2025-07-31,157.0,174.75,156.8,174.75,4940,148785,0
FINNIFTY31JUL2526700PE.NFO,2025-07-28,13:33:00,2025-07-31,174.75,182.5,172.55,180.1,6175,148785,0
FINNIFTY31JUL2526700PE.NFO,2025-07-28,13:34:00,2025-07-31,180.1,185.0,177.2,179.65,3380,144625,0
FINNIFTY31JUL2526700PE.NFO,2025-07-28,13:35:00,2025-07-31,179.65,186.2,179.4,184.55,3965,144625,0
FINNIFTY31JUL2526700PE.NFO,2025-07-28,13:36:00,2025-07-31,184.55,184.55,179.2,180.2,1625,144625,0
FINNIFTY31JUL2526700PE.NFO,2025-07-28,13:37:00,2025-07-31,180.2,181.75,172.55,173.15,2275,142220,0
FINNIFTY31JUL2526700PE.NFO,2025-07-28,13:38:00,2025-07-31,173.15,175.25,171.85,175.25,1560,142220,0
FINNIFTY31JUL2526700PE.NFO,2025-07-28,13:39:00,2025-07-31,175.25,176.6,173.6,175.1,1365,142220,0
FINNIFTY31JUL2526700PE.NFO,2025-07-28,13:40:00,2025-07-31,175.1,175.45,167.65,168.75,4745,141375,0
FINNIFTY31JUL2526700PE.NFO,2025-07-28,13:41:00,2025-07-31,169.65,173.4,167.9,173.4,2340,141375,0
FINNIFTY31JUL2526700PE.NFO,2025-07-28,13:42:00,2025-07-31,173.4,174.1,170.3,171.0,2990,141375,0
FINNIFTY31JUL2526700PE.NFO,2025-07-28,13:43:00,2025-07-31,171.0,177.0,171.0,176.35,2015,138125,0
FINNIFTY31JUL2526700PE.NFO,2025-07-28,13:44:00,2025-07-31,176.35,177.45,171.3,177.45,5590,138125,0
FINNIFTY31JUL2526700PE.NFO,2025-07-28,13:45:00,2025-07-31,176.65,182.9,176.65,180.35,1430,138125,0
FINNIFTY31JUL2526700PE.NFO,2025-07-28,13:46:00,2025-07-31,180.35,185.0,179.6,179.6,910,138190,0
FINNIFTY31JUL2526700PE.NFO,2025-07-28,13:47:00,2025-07-31,179.6,179.6,176.2,177.05,1170,138190,0
FINNIFTY31JUL2526700PE.NFO,2025-07-28,13:48:00,2025-07-31,177.05,177.05,168.75,168.75,845,138190,0
FINNIFTY31JUL2526700PE.NFO,2025-07-28,13:49:00,2025-07-31,168.75,177.4,168.75,177.4,195,137540,0
FINNIFTY31JUL2526700PE.NFO,2025-07-28,13:50:00,2025-07-31,177.4,177.4,172.65,174.85,455,137540,0
FINNIFTY31JUL2526700PE.NFO,2025-07-28,13:51:00,2025-07-31,174.85,179.5,169.1,169.1,1040,137540,0
FINNIFTY31JUL2526700PE.NFO,2025-07-28,13:52:00,2025-07-31,169.1,169.75,166.25,169.25,1950,137215,0
FINNIFTY31JUL2526700PE.NFO,2025-07-28,13:53:00,2025-07-31,169.25,169.25,165.0,165.0,1170,137215,0
FINNIFTY31JUL2526700PE.NFO,2025-07-28,13:54:00,2025-07-31,165.0,166.4,159.0,160.75,1300,137215,0
FINNIFTY31JUL2526700PE.NFO,2025-07-28,13:55:00,2025-07-31,160.75,170.0,158.45,168.85,2080,137150,0
FINNIFTY31JUL2526700PE.NFO,2025-07-28,13:56:00,2025-07-31,168.85,174.0,167.1,172.25,1430,137150,0
FINNIFTY31JUL2526700PE.NFO,2025-07-28,13:57:00,2025-07-31,172.25,172.25,167.0,167.0,1300,137150,0
FINNIFTY31JUL2526700PE.NFO,2025-07-28,13:58:00,2025-07-31,167.0,169.1,166.55,169.1,325,134745,0
FINNIFTY31JUL2526700PE.NFO,2025-07-28,13:59:00,2025-07-31,169.1,171.35,169.1,170.0,390,134745,0
FINNIFTY31JUL2526700PE.NFO,2025-07-28,14:00:00,2025-07-31,170.0,185.2,170.0,185.2,2015,134745,0
FINNIFTY31JUL2526700PE.NFO,2025-07-28,14:01:00,2025-07-31,185.2,191.7,183.6,183.6,11505,136175,0
FINNIFTY31JUL2526700PE.NFO,2025-07-28,14:02:00,2025-07-31,183.6,183.6,178.3,181.9,1495,136175,0
FINNIFTY31JUL2526700PE.NFO,2025-07-28,14:03:00,2025-07-31,181.9,191.2,181.9,187.65,1365,136175,0
FINNIFTY31JUL2526700PE.NFO,2025-07-28,14:04:00,2025-07-31,187.65,189.8,186.5,189.55,1495,135525,0
FINNIFTY31JUL2526700PE.NFO,2025-07-28,14:05:00,2025-07-31,189.55,189.55,184.8,186.25,2210,135525,0
FINNIFTY31JUL2526700PE.NFO,2025-07-28,14:06:00,2025-07-31,186.25,194.25,186.25,192.05,1885,135525,0
FINNIFTY31JUL2526700PE.NFO,2025-07-28,14:07:00,2025-07-31,192.05,192.4,184.05,187.65,3705,135265,0
FINNIFTY31JUL2526700PE.NFO,2025-07-28,14:08:00,2025-07-31,187.65,191.5,175.45,179.1,4940,135265,0
FINNIFTY31JUL2526700PE.NFO,2025-07-28,14:09:00,2025-07-31,179.1,183.05,174.15,183.05,1040,135265,0
FINNIFTY31JUL2526700PE.NFO,2025-07-28,14:10:00,2025-07-31,183.05,183.05,174.35,174.35,2145,134420,0
FINNIFTY31JUL2526700PE.NFO,2025-07-28,14:11:00,2025-07-31,174.35,193.15,174.35,193.15,3315,134420,0
FINNIFTY31JUL2526700PE.NFO,2025-07-28,14:12:00,2025-07-31,193.0,200.0,177.45,177.45,2145,134420,0
FINNIFTY31JUL2526700PE.NFO,2025-07-28,14:13:00,2025-07-31,177.45,180.3,176.25,176.25,520,132275,0
FINNIFTY31JUL2526700PE.NFO,2025-07-28,14:14:00,2025-07-31,176.25,180.9,176.25,180.9,910,132275,0
FINNIFTY31JUL2526700PE.NFO,2025-07-28,14:15:00,2025-07-31,180.9,180.9,172.7,175.25,650,132275,0
FINNIFTY31JUL2526700PE.NFO,2025-07-28,14:16:00,2025-07-31,175.25,175.25,171.1,171.1,195,132210,0
FINNIFTY31JUL2526700PE.NFO,2025-07-28,14:17:00,2025-07-31,171.1,171.1,171.1,171.1,0,132210,0
FINNIFTY31JUL2526700PE.NFO,2025-07-28,14:18:00,2025-07-31,171.1,177.4,171.1,177.4,130,132210,0
FINNIFTY31JUL2526700PE.NFO,2025-07-28,14:19:00,2025-07-31,177.4,177.4,177.4,177.4,0,132210,0
FINNIFTY31JUL2526700PE.NFO,2025-07-28,14:20:00,2025-07-31,177.4,181.9,177.4,181.0,1105,132145,0
FINNIFTY31JUL2526700PE.NFO,2025-07-28,14:21:00,2025-07-31,181.0,181.0,171.2,171.2,130,132145,0
FINNIFTY31JUL2526700PE.NFO,2025-07-28,14:22:00,2025-07-31,171.2,171.2,170.1,170.1,195,132145,0
FINNIFTY31JUL2526700PE.NFO,2025-07-28,14:23:00,2025-07-31,170.1,175.0,170.1,175.0,130,132275,0
FINNIFTY31JUL2526700PE.NFO,2025-07-28,14:24:00,2025-07-31,175.0,175.0,169.3,169.3,195,132275,0
FINNIFTY31JUL2526700PE.NFO,2025-07-28,14:25:00,2025-07-31,169.3,171.4,169.3,171.4,195,132275,0
FINNIFTY31JUL2526700PE.NFO,2025-07-28,14:26:00,2025-07-31,171.4,176.4,171.4,175.85,260,132210,0
FINNIFTY31JUL2526700PE.NFO,2025-07-28,14:27:00,2025-07-31,175.85,184.9,175.85,184.9,1170,132210,0
FINNIFTY31JUL2526700PE.NFO,2025-07-28,14:28:00,2025-07-31,184.9,185.65,178.75,178.75,520,132145,0
FINNIFTY31JUL2526700PE.NFO,2025-07-28,14:29:00,2025-07-31,178.75,181.45,177.4,181.45,455,132145,0
FINNIFTY31JUL2526700PE.NFO,2025-07-28,14:30:00,2025-07-31,181.45,181.45,173.8,174.65,1040,132145,0
FINNIFTY31JUL2526700PE.NFO,2025-07-28,14:31:00,2025-07-31,174.65,181.35,172.8,175.3,1430,132600,0
FINNIFTY31JUL2526700PE.NFO,2025-07-28,14:32:00,2025-07-31,175.3,177.95,175.3,177.95,130,132600,0
FINNIFTY31JUL2526700PE.NFO,2025-07-28,14:33:00,2025-07-31,177.95,178.25,177.95,178.25,65,132600,0
FINNIFTY31JUL2526700PE.NFO,2025-07-28,14:34:00,2025-07-31,178.25,178.25,172.0,172.1,975,132795,0
FINNIFTY31JUL2526700PE.NFO,2025-07-28,14:35:00,2025-07-31,172.1,172.1,166.0,166.0,1105,132795,0
FINNIFTY31JUL2526700PE.NFO,2025-07-28,14:36:00,2025-07-31,166.0,171.0,166.0,169.35,1040,132795,0
FINNIFTY31JUL2526700PE.NFO,2025-07-28,14:37:00,2025-07-31,169.35,169.35,162.3,162.85,2015,131495,0
FINNIFTY31JUL2526700PE.NFO,2025-07-28,14:38:00,2025-07-31,162.85,162.85,157.15,157.75,2470,131495,0
FINNIFTY31JUL2526700PE.NFO,2025-07-28,14:39:00,2025-07-31,157.75,157.75,155.0,155.0,195,131495,0
FINNIFTY31JUL2526700PE.NFO,2025-07-28,14:40:00,2025-07-31,155.0,155.3,150.8,153.7,3120,130260,0
FINNIFTY31JUL2526700PE.NFO,2025-07-28,14:41:00,2025-07-31,155.25,157.95,153.8,157.95,780,130260,0
FINNIFTY31JUL2526700PE.NFO,2025-07-28,14:42:00,2025-07-31,157.95,157.95,155.35,155.35,1300,130260,0
FINNIFTY31JUL2526700PE.NFO,2025-07-28,14:43:00,2025-07-31,155.35,156.0,145.5,145.5,1235,129610,0
FINNIFTY31JUL2526700PE.NFO,2025-07-28,14:44:00,2025-07-31,145.5,148.25,143.8,145.6,1885,129610,0
FINNIFTY31JUL2526700PE.NFO,2025-07-28,14:45:00,2025-07-31,145.6,152.65,145.6,150.75,2600,129610,0
FINNIFTY31JUL2526700PE.NFO,2025-07-28,14:46:00,2025-07-31,150.75,150.75,149.1,150.3,455,129805,0
FINNIFTY31JUL2526700PE.NFO,2025-07-28,14:47:00,2025-07-31,150.3,152.95,150.15,152.95,325,129805,0
FINNIFTY31JUL2526700PE.NFO,2025-07-28,14:48:00,2025-07-31,152.95,158.15,152.95,157.85,1560,129805,0
FINNIFTY31JUL2526700PE.NFO,2025-07-28,14:49:00,2025-07-31,157.85,163.7,157.85,162.15,715,130195,0
FINNIFTY31JUL2526700PE.NFO,2025-07-28,14:50:00,2025-07-31,162.15,162.15,159.35,161.3,1300,130195,0
FINNIFTY31JUL2526700PE.NFO,2025-07-28,14:51:00,2025-07-31,161.3,162.85,159.4,159.4,845,130195,0
FINNIFTY31JUL2526700PE.NFO,2025-07-28,14:52:00,2025-07-31,159.4,159.4,153.05,153.35,1495,129740,0
FINNIFTY31JUL2526700PE.NFO,2025-07-28,14:53:00,2025-07-31,153.35,153.35,146.3,146.3,2665,129740,0
FINNIFTY31JUL2526700PE.NFO,2025-07-28,14:54:00,2025-07-31,146.3,150.45,143.75,150.15,1690,129740,0
FINNIFTY31JUL2526700PE.NFO,2025-07-28,14:55:00,2025-07-31,150.15,151.65,147.05,149.5,2730,130195,0
FINNIFTY31JUL2526700PE.NFO,2025-07-28,14:56:00,2025-07-31,149.5,150.85,145.2,145.2,195,130195,0
FINNIFTY31JUL2526700PE.NFO,2025-07-28,14:57:00,2025-07-31,145.2,147.25,141.65,147.25,585,130195,0
FINNIFTY31JUL2526700PE.NFO,2025-07-28,14:58:00,2025-07-31,147.25,148.8,144.2,144.2,910,129220,0
FINNIFTY31JUL2526700PE.NFO,2025-07-28,14:59:00,2025-07-31,144.2,145.5,142.45,144.05,585,129220,0
FINNIFTY31JUL2526700PE.NFO,2025-07-28,15:00:00,2025-07-31,144.75,152.6,141.55,149.6,5850,129220,0
FINNIFTY31JUL2526700PE.NFO,2025-07-28,15:01:00,2025-07-31,149.6,153.4,148.25,150.15,1820,129090,0
FINNIFTY31JUL2526700PE.NFO,2025-07-28,15:02:00,2025-07-31,150.15,151.25,148.1,151.25,1430,129090,0
FINNIFTY31JUL2526700PE.NFO,2025-07-28,15:03:00,2025-07-31,151.25,153.3,149.55,151.65,3055,129090,0
FINNIFTY31JUL2526700PE.NFO,2025-07-28,15:04:00,2025-07-31,151.65,151.65,145.6,145.6,390,128700,0
FINNIFTY31JUL2526700PE.NFO,2025-07-28,15:05:00,2025-07-31,144.1,148.5,144.1,148.5,2145,128700,0
FINNIFTY31JUL2526700PE.NFO,2025-07-28,15:06:00,2025-07-31,148.5,148.5,147.4,147.4,65,128700,0
FINNIFTY31JUL2526700PE.NFO,2025-07-28,15:07:00,2025-07-31,147.4,151.5,147.4,149.85,2405,127335,0
FINNIFTY31JUL2526700PE.NFO,2025-07-28,15:08:00,2025-07-31,149.85,155.6,148.85,154.05,1365,127335,0
FINNIFTY31JUL2526700PE.NFO,2025-07-28,15:09:00,2025-07-31,154.05,157.0,150.0,152.75,1300,127335,0
FINNIFTY31JUL2526700PE.NFO,2025-07-28,15:10:00,2025-07-31,152.75,153.4,150.05,151.4,3185,126165,0
FINNIFTY31JUL2526700PE.NFO,2025-07-28,15:11:00,2025-07-31,151.4,155.35,150.3,154.9,1755,126165,0
FINNIFTY31JUL2526700PE.NFO,2025-07-28,15:12:00,2025-07-31,154.9,157.85,153.05,153.05,1170,126165,0
FINNIFTY31JUL2526700PE.NFO,2025-07-28,15:13:00,2025-07-31,153.05,156.15,152.75,156.15,455,126425,0
FINNIFTY31JUL2526700PE.NFO,2025-07-28,15:14:00,2025-07-31,155.6,156.7,155.55,155.55,390,126425,0
FINNIFTY31JUL2526700PE.NFO,2025-07-28,15:15:00,2025-07-31,155.55,159.8,155.55,158.15,2080,126425,0
FINNIFTY31JUL2526700PE.NFO,2025-07-28,15:16:00,2025-07-31,158.15,159.6,155.55,157.9,1365,126620,0
FINNIFTY31JUL2526700PE.NFO,2025-07-28,15:17:00,2025-07-31,157.9,162.25,157.45,162.25,845,126620,0
FINNIFTY31JUL2526700PE.NFO,2025-07-28,15:18:00,2025-07-31,162.25,162.25,157.2,157.2,2990,126620,0
FINNIFTY31JUL2526700PE.NFO,2025-07-28,15:19:00,2025-07-31,157.2,157.2,154.8,154.9,1495,125255,0
FINNIFTY31JUL2526700PE.NFO,2025-07-28,15:20:00,2025-07-31,154.9,157.6,154.9,155.7,1235,125255,0
FINNIFTY31JUL2526700PE.NFO,2025-07-28,15:21:00,2025-07-31,155.7,156.45,153.95,153.95,780,125255,0
FINNIFTY31JUL2526700PE.NFO,2025-07-28,15:22:00,2025-07-31,153.95,154.75,151.45,154.75,3770,125190,0
FINNIFTY31JUL2526700PE.NFO,2025-07-28,15:23:00,2025-07-31,154.75,157.85,154.15,157.65,8320,125190,0
FINNIFTY31JUL2526700PE.NFO,2025-07-28,15:24:00,2025-07-31,157.65,158.3,156.6,158.3,1625,125190,0
FINNIFTY31JUL2526700PE.NFO,2025-07-28,15:25:00,2025-07-31,158.3,160.55,158.3,159.75,4550,130065,0
FINNIFTY31JUL2526700PE.NFO,2025-07-28,15:26:00,2025-07-31,159.75,160.25,158.1,158.1,1040,130065,0
FINNIFTY31JUL2526700PE.NFO,2025-07-28,15:27:00,2025-07-31,158.1,159.05,157.25,158.5,1755,130065,0
FINNIFTY31JUL2526700PE.NFO,2025-07-28,15:28:00,2025-07-31,158.5,158.5,154.5,155.05,3575,127920,0
FINNIFTY31JUL2526700PE.NFO,2025-07-28,15:29:00,2025-07-31,154.5,157.3,154.5,154.5,1040,127920,0
FINNIFTY31JUL2526700PE.NFO,2025-07-28,15:30:00,2025-07-31,154.5,154.5,154.5,154.5,1040,127920,1
FINNIFTY31JUL2526700PE.NFO,2025-07-29,09:15:00,2025-07-31,177.05,177.05,177.05,177.05,0,0,0
FINNIFTY31JUL2526700PE.NFO,2025-07-29,09:16:00,2025-07-31,195.3,205.1,161.05,188.05,12610,127400,0
FINNIFTY31JUL2526700PE.NFO,2025-07-29,09:17:00,2025-07-31,188.05,192.0,178.0,192.0,1105,127400,0
FINNIFTY31JUL2526700PE.NFO,2025-07-29,09:18:00,2025-07-31,192.0,192.0,179.25,181.1,15795,115830,0
FINNIFTY31JUL2526700PE.NFO,2025-07-29,09:19:00,2025-07-31,181.1,186.4,174.5,179.15,21710,115830,0
FINNIFTY31JUL2526700PE.NFO,2025-07-29,09:20:00,2025-07-31,179.15,186.35,179.15,182.65,1365,115830,0
FINNIFTY31JUL2526700PE.NFO,2025-07-29,09:21:00,2025-07-31,186.85,193.1,183.4,186.85,4745,112320,0
FINNIFTY31JUL2526700PE.NFO,2025-07-29,09:22:00,2025-07-31,186.85,195.1,183.45,185.8,4810,112320,0
FINNIFTY31JUL2526700PE.NFO,2025-07-29,09:23:00,2025-07-31,185.8,188.6,173.5,173.5,1885,112320,0
FINNIFTY31JUL2526700PE.NFO,2025-07-29,09:24:00,2025-07-31,173.5,191.35,173.25,191.35,390,111735,0
FINNIFTY31JUL2526700PE.NFO,2025-07-29,09:25:00,2025-07-31,191.35,191.35,184.85,191.25,4160,111735,0
FINNIFTY31JUL2526700PE.NFO,2025-07-29,09:26:00,2025-07-31,191.25,191.25,173.25,180.0,1495,111735,0
FINNIFTY31JUL2526700PE.NFO,2025-07-29,09:27:00,2025-07-31,180.0,180.0,180.0,180.0,0,111735,0
FINNIFTY31JUL2526700PE.NFO,2025-07-29,09:28:00,2025-07-31,180.0,183.0,180.0,183.0,130,111345,0
FINNIFTY31JUL2526700PE.NFO,2025-07-29,09:29:00,2025-07-31,183.0,183.0,163.0,163.8,1820,111345,0
FINNIFTY31JUL2526700PE.NFO,2025-07-29,09:30:00,2025-07-31,163.8,168.45,160.05,166.6,1950,111410,0
FINNIFTY31JUL2526700PE.NFO,2025-07-29,09:31:00,2025-07-31,166.6,176.4,166.6,169.45,390,111410,0
FINNIFTY31JUL2526700PE.NFO,2025-07-29,09:32:00,2025-07-31,169.45,170.65,158.8,161.15,585,111410,0
FINNIFTY31JUL2526700PE.NFO,2025-07-29,09:33:00,2025-07-31,160.8,162.0,160.15,160.15,325,112190,0
FINNIFTY31JUL2526700PE.NFO,2025-07-29,09:34:00,2025-07-31,160.15,162.45,157.4,159.45,1560,112190,0
FINNIFTY31JUL2526700PE.NFO,2025-07-29,09:35:00,2025-07-31,159.45,172.95,159.45,172.85,1300,112190,0
FINNIFTY31JUL2526700PE.NFO,2025-07-29,09:36:00,2025-07-31,172.85,173.05,164.75,164.75,650,112385,0
FINNIFTY31JUL2526700PE.NFO,2025-07-29,09:37:00,2025-07-31,164.75,168.45,163.95,165.9,1170,112385,0
FINNIFTY31JUL2526700PE.NFO,2025-07-29,09:38:00,2025-07-31,165.9,166.95,160.2,162.2,1105,112385,0
FINNIFTY31JUL2526700PE.NFO,2025-07-29,09:39:00,2025-07-31,162.2,168.0,161.4,168.0,780,111020,0
FINNIFTY31JUL2526700PE.NFO,2025-07-29,09:40:00,2025-07-31,168.0,168.0,160.9,162.45,1430,111020,0
FINNIFTY31JUL2526700PE.NFO,2025-07-29,09:41:00,2025-07-31,162.45,164.55,161.8,161.8,910,111020,0
FINNIFTY31JUL2526700PE.NFO,2025-07-29,09:42:00,2025-07-31,161.8,165.0,161.8,165.0,65,110045,0
FINNIFTY31JUL2526700PE.NFO,2025-07-29,09:43:00,2025-07-31,165.0,165.25,154.95,154.95,585,110045,0
FINNIFTY31JUL2526700PE.NFO,2025-07-29,09:44:00,2025-07-31,154.95,159.1,154.95,156.1,715,110045,0
FINNIFTY31JUL2526700PE.NFO,2025-07-29,09:45:00,2025-07-31,156.1,156.1,148.9,151.0,1365,110110,0
FINNIFTY31JUL2526700PE.NFO,2025-07-29,09:46:00,2025-07-31,151.0,154.55,139.25,154.55,2860,110110,0
FINNIFTY31JUL2526700PE.NFO,2025-07-29,09:47:00,2025-07-31,154.55,165.2,154.55,156.95,650,110110,0
FINNIFTY31JUL2526700PE.NFO,2025-07-29,09:48:00,2025-07-31,156.95,160.85,156.95,160.85,390,109200,0
FINNIFTY31JUL2526700PE.NFO,2025-07-29,09:49:00,2025-07-31,160.85,162.75,160.85,162.0,845,109200,0
FINNIFTY31JUL2526700PE.NFO,2025-07-29,09:50:00,2025-07-31,162.0,163.15,158.35,159.3,520,109200,0
FINNIFTY31JUL2526700PE.NFO,2025-07-29,09:51:00,2025-07-31,159.3,159.3,150.05,150.05,1170,108420,0
FINNIFTY31JUL2526700PE.NFO,2025-07-29,09:52:00,2025-07-31,150.05,150.65,146.25,147.6,650,108420,0
FINNIFTY31JUL2526700PE.NFO,2025-07-29,09:53:00,2025-07-31,147.6,147.6,144.65,147.1,650,108420,0
FINNIFTY31JUL2526700PE.NFO,2025-07-29,09:54:00,2025-07-31,147.1,147.1,139.9,139.9,845,108225,0
FINNIFTY31JUL2526700PE.NFO,2025-07-29,09:55:00,2025-07-31,139.9,139.9,134.95,135.95,1755,108225,0
FINNIFTY31JUL2526700PE.NFO,2025-07-29,09:56:00,2025-07-31,135.95,141.2,135.95,140.8,780,108225,0
FINNIFTY31JUL2526700PE.NFO,2025-07-29,09:57:00,2025-07-31,140.8,143.35,139.7,143.35,455,108355,0
FINNIFTY31JUL2526700PE.NFO,2025-07-29,09:58:00,2025-07-31,143.35,145.85,143.35,145.0,585,108355,0
FINNIFTY31JUL2526700PE.NFO,2025-07-29,09:59:00,2025-07-31,145.0,151.55,144.85,151.55,2210,108355,0
FINNIFTY31JUL2526700PE.NFO,2025-07-29,10:00:00,2025-07-31,151.55,153.2,147.9,150.5,2730,105885,0
FINNIFTY31JUL2526700PE.NFO,2025-07-29,10:01:00,2025-07-31,150.5,150.5,144.8,144.8,780,105885,0
FINNIFTY31JUL2526700PE.NFO,2025-07-29,10:02:00,2025-07-31,144.8,144.8,141.35,141.8,1040,105885,0
FINNIFTY31JUL2526700PE.NFO,2025-07-29,10:03:00,2025-07-31,141.85,143.9,141.85,143.55,780,105885,0
FINNIFTY31JUL2526700PE.NFO,2025-07-29,10:04:00,2025-07-31,143.55,143.55,143.55,143.55,0,105885,0
FINNIFTY31JUL2526700PE.NFO,2025-07-29,10:05:00,2025-07-31,143.55,144.8,143.2,144.8,390,105885,0
FINNIFTY31JUL2526700PE.NFO,2025-07-29,10:06:00,2025-07-31,144.8,147.0,144.8,145.65,130,105950,0
FINNIFTY31JUL2526700PE.NFO,2025-07-29,10:07:00,2025-07-31,145.65,147.35,144.55,144.55,1560,105950,0
FINNIFTY31JUL2526700PE.NFO,2025-07-29,10:08:00,2025-07-31,144.55,152.0,144.55,152.0,325,105950,0
FINNIFTY31JUL2526700PE.NFO,2025-07-29,10:09:00,2025-07-31,152.0,155.15,147.6,154.0,715,106015,0
FINNIFTY31JUL2526700PE.NFO,2025-07-29,10:10:00,2025-07-31,154.0,162.25,152.85,162.0,2600,106015,0
FINNIFTY31JUL2526700PE.NFO,2025-07-29,10:11:00,2025-07-31,162.0,174.6,158.75,167.7,1430,106015,0
FINNIFTY31JUL2526700PE.NFO,2025-07-29,10:12:00,2025-07-31,167.7,170.45,167.2,167.65,2275,105495,0
FINNIFTY31JUL2526700PE.NFO,2025-07-29,10:13:00,2025-07-31,167.65,175.55,167.65,169.0,1560,105495,0
FINNIFTY31JUL2526700PE.NFO,2025-07-29,10:14:00,2025-07-31,169.0,175.45,166.7,175.45,585,105495,0
FINNIFTY31JUL2526700PE.NFO,2025-07-29,10:15:00,2025-07-31,175.45,180.45,175.45,175.95,3965,107120,0
FINNIFTY31JUL2526700PE.NFO,2025-07-29,10:16:00,2025-07-31,175.95,177.65,169.25,177.65,520,107120,0
FINNIFTY31JUL2526700PE.NFO,2025-07-29,10:17:00,2025-07-31,177.65,178.6,172.6,178.05,1755,107120,0
FINNIFTY31JUL2526700PE.NFO,2025-07-29,10:18:00,2025-07-31,178.05,186.75,175.75,183.2,3185,107315,0
FINNIFTY31JUL2526700PE.NFO,2025-07-29,10:19:00,2025-07-31,183.2,183.2,175.95,178.05,455,107315,0
FINNIFTY31JUL2526700PE.NFO,2025-07-29,10:20:00,2025-07-31,178.05,182.7,175.35,182.7,1170,107315,0
FINNIFTY31JUL2526700PE.NFO,2025-07-29,10:21:00,2025-07-31,181.45,183.5,179.55,180.2,585,108745,0
FINNIFTY31JUL2526700PE.NFO,2025-07-29,10:22:00,2025-07-31,180.2,180.2,178.35,178.35,130,108745,0
FINNIFTY31JUL2526700PE.NFO,2025-07-29,10:23:00,2025-07-31,178.35,181.75,178.35,181.75,130,108745,0
FINNIFTY31JUL2526700PE.NFO,2025-07-29,10:24:00,2025-07-31,181.75,184.0,180.0,180.95,325,108810,0
FINNIFTY31JUL2526700PE.NFO,2025-07-29,10:25:00,2025-07-31,180.95,185.0,177.2,182.65,1170,108810,0
FINNIFTY31JUL2526700PE.NFO,2025-07-29,10:26:00,2025-07-31,182.65,183.15,180.3,181.35,3445,108810,0
FINNIFTY31JUL2526700PE.NFO,2025-07-29,10:27:00,2025-07-31,181.35,192.95,179.45,190.55,1625,109785,0
FINNIFTY31JUL2526700PE.NFO,2025-07-29,10:28:00,2025-07-31,190.55,195.55,190.55,191.75,1625,109785,0
FINNIFTY31JUL2526700PE.NFO,2025-07-29,10:29:00,2025-07-31,191.75,192.4,189.9,192.4,325,109785,0
FINNIFTY31JUL2526700PE.NFO,2025-07-29,10:30:00,2025-07-31,192.4,192.4,192.4,192.4,0,109785,0
FINNIFTY31JUL2526700PE.NFO,2025-07-29,10:31:00,2025-07-31,192.4,192.4,178.95,181.15,195,109460,0
FINNIFTY31JUL2526700PE.NFO,2025-07-29,10:32:00,2025-07-31,181.15,181.75,179.3,179.3,130,109460,0
FINNIFTY31JUL2526700PE.NFO,2025-07-29,10:33:00,2025-07-31,179.3,185.4,179.3,181.85,325,109460,0
FINNIFTY31JUL2526700PE.NFO,2025-07-29,10:34:00,2025-07-31,181.85,181.85,180.25,180.25,65,109395,0
FINNIFTY31JUL2526700PE.NFO,2025-07-29,10:35:00,2025-07-31,180.25,181.95,180.25,181.95,390,109395,0
FINNIFTY31JUL2526700PE.NFO,2025-07-29,10:36:00,2025-07-31,181.95,181.95,174.0,179.0,2665,109395,0
FINNIFTY31JUL2526700PE.NFO,2025-07-29,10:37:00,2025-07-31,179.0,187.0,179.0,187.0,585,109590,0
FINNIFTY31JUL2526700PE.NFO,2025-07-29,10:38:00,2025-07-31,187.0,188.65,182.75,182.75,2210,109590,0
FINNIFTY31JUL2526700PE.NFO,2025-07-29,10:39:00,2025-07-31,182.75,187.6,182.75,187.6,195,109590,0
FINNIFTY31JUL2526700PE.NFO,2025-07-29,10:40:00,2025-07-31,187.6,189.5,187.6,188.6,195,108485,0
FINNIFTY31JUL2526700PE.NFO,2025-07-29,10:41:00,2025-07-31,188.6,192.95,187.85,192.2,4355,108485,0
FINNIFTY31JUL2526700PE.NFO,2025-07-29,10:42:00,2025-07-31,192.2,195.4,185.1,191.0,3445,108095,0
FINNIFTY31JUL2526700PE.NFO,2025-07-29,10:43:00,2025-07-31,191.0,192.0,188.45,188.45,650,108095,0
FINNIFTY31JUL2526700PE.NFO,2025-07-29,10:44:00,2025-07-31,188.45,188.7,188.45,188.7,585,108095,0
FINNIFTY31JUL2526700PE.NFO,2025-07-29,10:45:00,2025-07-31,188.7,194.55,187.15,193.7,2210,108095,0
FINNIFTY31JUL2526700PE.NFO,2025-07-29,10:46:00,2025-07-31,193.7,200.0,193.7,200.0,650,106665,0
FINNIFTY31JUL2526700PE.NFO,2025-07-29,10:47:00,2025-07-31,200.0,203.6,197.45,197.45,650,106665,0
FINNIFTY31JUL2526700PE.NFO,2025-07-29,10:48:00,2025-07-31,197.45,203.65,197.45,203.65,65,106665,0
FINNIFTY31JUL2526700PE.NFO,2025-07-29,10:49:00,2025-07-31,203.65,203.65,199.25,202.25,780,106860,0
FINNIFTY31JUL2526700PE.NFO,2025-07-29,10:50:00,2025-07-31,202.25,202.25,191.9,196.1,520,106860,0
FINNIFTY31JUL2526700PE.NFO,2025-07-29,10:51:00,2025-07-31,196.1,198.05,196.1,197.6,390,106405,0
FINNIFTY31JUL2526700PE.NFO,2025-07-29,10:52:00,2025-07-31,197.6,197.85,197.6,197.85,65,106405,0
FINNIFTY31JUL2526700PE.NFO,2025-07-29,10:53:00,2025-07-31,197.85,199.85,197.85,199.85,65,106405,0
FINNIFTY31JUL2526700PE.NFO,2025-07-29,10:54:00,2025-07-31,199.85,199.85,192.5,192.5,650,106405,0
FINNIFTY31JUL2526700PE.NFO,2025-07-29,10:55:00,2025-07-31,192.5,193.05,192.5,193.05,65,106470,0
FINNIFTY31JUL2526700PE.NFO,2025-07-29,10:56:00,2025-07-31,193.05,193.05,193.05,193.05,0,106470,0
FINNIFTY31JUL2526700PE.NFO,2025-07-29,10:57:00,2025-07-31,193.05,196.5,188.1,189.25,1365,106145,0
FINNIFTY31JUL2526700PE.NFO,2025-07-29,10:58:00,2025-07-31,189.25,189.25,189.25,189.25,0,106145,0
FINNIFTY31JUL2526700PE.NFO,2025-07-29,10:59:00,2025-07-31,189.25,192.4,189.25,192.4,650,106145,0
FINNIFTY31JUL2526700PE.NFO,2025-07-29,11:00:00,2025-07-31,192.4,192.4,189.5,189.5,520,106145,0
FINNIFTY31JUL2526700PE.NFO,2025-07-29,11:01:00,2025-07-31,189.5,189.5,189.5,189.5,0,106145,0
FINNIFTY31JUL2526700PE.NFO,2025-07-29,11:02:00,2025-07-31,189.5,197.0,189.5,191.5,195,106275,0
FINNIFTY31JUL2526700PE.NFO,2025-07-29,11:03:00,2025-07-31,191.5,192.0,191.5,192.0,195,106275,0
FINNIFTY31JUL2526700PE.NFO,2025-07-29,11:04:00,2025-07-31,192.0,194.15,192.0,194.15,65,106275,0
FINNIFTY31JUL2526700PE.NFO,2025-07-29,11:05:00,2025-07-31,194.15,199.0,194.15,198.5,1430,106275,0
FINNIFTY31JUL2526700PE.NFO,2025-07-29,11:06:00,2025-07-31,198.5,198.5,195.0,198.1,2405,106275,0
FINNIFTY31JUL2526700PE.NFO,2025-07-29,11:07:00,2025-07-31,198.1,198.1,195.5,195.75,260,106990,0
FINNIFTY31JUL2526700PE.NFO,2025-07-29,11:08:00,2025-07-31,195.75,195.75,191.1,191.1,325,106990,0
FINNIFTY31JUL2526700PE.NFO,2025-07-29,11:09:00,2025-07-31,191.1,191.1,188.55,188.55,1495,106210,0
FINNIFTY31JUL2526700PE.NFO,2025-07-29,11:10:00,2025-07-31,188.55,192.6,187.45,192.6,195,106210,0
FINNIFTY31JUL2526700PE.NFO,2025-07-29,11:11:00,2025-07-31,192.6,192.6,192.3,192.3,130,106210,0
FINNIFTY31JUL2526700PE.NFO,2025-07-29,11:12:00,2025-07-31,192.3,192.3,191.4,191.4,65,106210,0
FINNIFTY31JUL2526700PE.NFO,2025-07-29,11:13:00,2025-07-31,191.4,191.4,191.4,191.4,0,106210,0
FINNIFTY31JUL2526700PE.NFO,2025-07-29,11:14:00,2025-07-31,191.4,191.4,187.8,189.85,1235,106145,0
FINNIFTY31JUL2526700PE.NFO,2025-07-29,11:15:00,2025-07-31,189.85,189.85,176.8,178.2,845,106145,0
FINNIFTY31JUL2526700PE.NFO,2025-07-29,11:16:00,2025-07-31,178.2,178.2,168.0,168.0,2925,106600,0
FINNIFTY31JUL2526700PE.NFO,2025-07-29,11:17:00,2025-07-31,168.0,168.0,158.2,159.15,1690,106600,0
FINNIFTY31JUL2526700PE.NFO,2025-07-29,11:18:00,2025-07-31,159.15,159.55,156.25,159.3,975,104975,0
FINNIFTY31JUL2526700PE.NFO,2025-07-29,11:19:00,2025-07-31,159.3,163.6,159.3,163.6,780,104975,0
FINNIFTY31JUL2526700PE.NFO,2025-07-29,11:20:00,2025-07-31,163.6,163.85,163.4,163.4,1235,104975,0
FINNIFTY31JUL2526700PE.NFO,2025-07-29,11:21:00,2025-07-31,163.4,169.65,163.4,169.65,195,104975,0
FINNIFTY31JUL2526700PE.NFO,2025-07-29,11:22:00,2025-07-31,169.65,171.05,165.55,167.35,1040,104520,0
FINNIFTY31JUL2526700PE.NFO,2025-07-29,11:23:00,2025-07-31,167.35,168.05,163.9,167.6,1495,104520,0
FINNIFTY31JUL2526700PE.NFO,2025-07-29,11:24:00,2025-07-31,167.6,168.0,153.4,153.6,1820,106990,0
FINNIFTY31JUL2526700PE.NFO,2025-07-29,11:25:00,2025-07-31,153.6,160.4,152.8,160.4,845,106990,0
FINNIFTY31JUL2526700PE.NFO,2025-07-29,11:26:00,2025-07-31,160.4,163.0,160.4,163.0,650,106990,0
FINNIFTY31JUL2526700PE.NFO,2025-07-29,11:27:00,2025-07-31,163.0,165.3,162.25,163.45,975,106990,0
FINNIFTY31JUL2526700PE.NFO,2025-07-29,11:28:00,2025-07-31,163.45,163.45,159.0,160.0,2080,107705,0
FINNIFTY31JUL2526700PE.NFO,2025-07-29,11:29:00,2025-07-31,160.0,166.15,160.0,166.0,2405,107705,0
FINNIFTY31JUL2526700PE.NFO,2025-07-29,11:30:00,2025-07-31,166.0,167.75,166.0,166.85,2600,110240,0
FINNIFTY31JUL2526700PE.NFO,2025-07-29,11:31:00,2025-07-31,166.85,167.1,165.2,165.2,780,110240,0
FINNIFTY31JUL2526700PE.NFO,2025-07-29,11:32:00,2025-07-31,165.2,165.8,159.3,159.3,1560,110240,0
FINNIFTY31JUL2526700PE.NFO,2025-07-29,11:33:00,2025-07-31,159.3,159.8,154.65,157.3,3055,110240,0
FINNIFTY31JUL2526700PE.NFO,2025-07-29,11:34:00,2025-07-31,157.3,158.0,153.9,154.8,780,110370,0
FINNIFTY31JUL2526700PE.NFO,2025-07-29,11:35:00,2025-07-31,154.8,157.15,149.9,156.55,3835,110370,0
FINNIFTY31JUL2526700PE.NFO,2025-07-29,11:36:00,2025-07-31,156.55,159.0,153.5,154.65,1430,110370,0
FINNIFTY31JUL2526700PE.NFO,2025-07-29,11:37:00,2025-07-31,154.65,155.6,151.75,155.6,1235,108420,0
FINNIFTY31JUL2526700PE.NFO,2025-07-29,11:38:00,2025-07-31,155.6,158.25,154.5,158.25,715,108420,0
FINNIFTY31JUL2526700PE.NFO,2025-07-29,11:39:00,2025-07-31,158.25,158.25,155.8,156.75,650,108420,0
FINNIFTY31JUL2526700PE.NFO,2025-07-29,11:40:00,2025-07-31,156.75,162.7,156.7,161.7,1105,107575,0
FINNIFTY31JUL2526700PE.NFO,2025-07-29,11:41:00,2025-07-31,161.7,166.4,159.6,165.5,1820,107575,0
FINNIFTY31JUL2526700PE.NFO,2025-07-29,11:42:00,2025-07-31,165.5,172.1,164.55,171.55,2990,107575,0
FINNIFTY31JUL2526700PE.NFO,2025-07-29,11:43:00,2025-07-31,171.55,171.55,164.5,165.75,3120,108290,0
FINNIFTY31JUL2526700PE.NFO,2025-07-29,11:44:00,2025-07-31,165.75,170.0,165.75,168.35,1950,108290,0
FINNIFTY31JUL2526700PE.NFO,2025-07-29,11:45:00,2025-07-31,168.35,168.35,160.45,161.25,3120,108290,0
FINNIFTY31JUL2526700PE.NFO,2025-07-29,11:46:00,2025-07-31,161.4,165.85,161.4,165.05,1495,106535,0
FINNIFTY31JUL2526700PE.NFO,2025-07-29,11:47:00,2025-07-31,165.05,169.8,165.05,169.15,1885,106535,0
FINNIFTY31JUL2526700PE.NFO,2025-07-29,11:48:00,2025-07-31,169.15,169.4,166.05,166.3,2340,106535,0
FINNIFTY31JUL2526700PE.NFO,2025-07-29,11:49:00,2025-07-31,166.3,166.3,161.3,162.4,1170,104975,0
FINNIFTY31JUL2526700PE.NFO,2025-07-29,11:50:00,2025-07-31,162.4,165.0,162.15,165.0,585,104975,0
FINNIFTY31JUL2526700PE.NFO,2025-07-29,11:51:00,2025-07-31,165.0,165.0,162.6,162.6,390,104975,0
FINNIFTY31JUL2526700PE.NFO,2025-07-29,11:52:00,2025-07-31,162.6,162.6,151.1,155.65,6110,103415,0
FINNIFTY31JUL2526700PE.NFO,2025-07-29,11:53:00,2025-07-31,155.65,155.65,155.35,155.35,65,103415,0
FINNIFTY31JUL2526700PE.NFO,2025-07-29,11:54:00,2025-07-31,155.35,166.0,155.35,161.0,4355,103415,0
FINNIFTY31JUL2526700PE.NFO,2025-07-29,11:55:00,2025-07-31,161.0,163.75,161.0,163.0,2535,100555,0
FINNIFTY31JUL2526700PE.NFO,2025-07-29,11:56:00,2025-07-31,163.0,166.0,162.1,165.15,1040,100555,0
FINNIFTY31JUL2526700PE.NFO,2025-07-29,11:57:00,2025-07-31,165.15,165.15,163.2,163.45,585,100555,0
FINNIFTY31JUL2526700PE.NFO,2025-07-29,11:58:00,2025-07-31,163.45,163.65,163.4,163.65,260,99840,0
FINNIFTY31JUL2526700PE.NFO,2025-07-29,11:59:00,2025-07-31,163.65,164.05,159.0,159.0,650,99840,0
FINNIFTY31JUL2526700PE.NFO,2025-07-29,12:00:00,2025-07-31,159.0,160.3,156.55,160.3,2405,99840,0
FINNIFTY31JUL2526700PE.NFO,2025-07-29,12:01:00,2025-07-31,160.3,161.35,159.0,159.7,1040,102505,0
FINNIFTY31JUL2526700PE.NFO,2025-07-29,12:02:00,2025-07-31,159.7,159.7,157.0,157.0,455,102505,0
FINNIFTY31JUL2526700PE.NFO,2025-07-29,12:03:00,2025-07-31,157.0,162.15,157.0,162.15,130,102505,0
FINNIFTY31JUL2526700PE.NFO,2025-07-29,12:04:00,2025-07-31,162.15,165.0,162.15,162.65,845,102570,0
FINNIFTY31JUL2526700PE.NFO,2025-07-29,12:05:00,2025-07-31,162.65,164.05,159.9,159.9,455,102570,0
FINNIFTY31JUL2526700PE.NFO,2025-07-29,12:06:00,2025-07-31,159.9,160.0,158.65,158.9,780,102570,0
FINNIFTY31JUL2526700PE.NFO,2025-07-29,12:07:00,2025-07-31,158.9,161.15,156.15,156.15,390,103025,0
FINNIFTY31JUL2526700PE.NFO,2025-07-29,12:08:00,2025-07-31,156.15,157.45,148.85,149.1,4225,103025,0
FINNIFTY31JUL2526700PE.NFO,2025-07-29,12:09:00,2025-07-31,149.1,149.1,142.55,144.45,3900,103025,0
FINNIFTY31JUL2526700PE.NFO,2025-07-29,12:10:00,2025-07-31,144.45,144.45,142.35,144.0,585,102635,0
FINNIFTY31JUL2526700PE.NFO,2025-07-29,12:11:00,2025-07-31,144.0,144.0,142.0,143.7,1430,102635,0
FINNIFTY31JUL2526700PE.NFO,2025-07-29,12:12:00,2025-07-31,143.7,143.7,135.0,135.8,3965,102635,0
FINNIFTY31JUL2526700PE.NFO,2025-07-29,12:13:00,2025-07-31,135.8,140.6,135.8,140.6,585,103805,0
FINNIFTY31JUL2526700PE.NFO,2025-07-29,12:14:00,2025-07-31,140.6,141.2,137.1,137.1,910,103805,0
FINNIFTY31JUL2526700PE.NFO,2025-07-29,12:15:00,2025-07-31,137.1,137.1,135.0,135.4,910,103805,0
FINNIFTY31JUL2526700PE.NFO,2025-07-29,12:16:00,2025-07-31,135.4,140.75,135.4,140.75,325,104455,0
FINNIFTY31JUL2526700PE.NFO,2025-07-29,12:17:00,2025-07-31,140.75,142.0,139.45,140.0,1365,104455,0
FINNIFTY31JUL2526700PE.NFO,2025-07-29,12:18:00,2025-07-31,140.0,140.0,135.5,135.95,845,104455,0
FINNIFTY31JUL2526700PE.NFO,2025-07-29,12:19:00,2025-07-31,135.95,136.0,133.95,134.9,1625,105235,0
FINNIFTY31JUL2526700PE.NFO,2025-07-29,12:20:00,2025-07-31,134.9,134.9,133.7,134.25,520,105235,0
FINNIFTY31JUL2526700PE.NFO,2025-07-29,12:21:00,2025-07-31,134.25,134.25,131.15,131.15,3185,105235,0
FINNIFTY31JUL2526700PE.NFO,2025-07-29,12:22:00,2025-07-31,131.15,133.55,131.15,133.1,845,103675,0
FINNIFTY31JUL2526700PE.NFO,2025-07-29,12:23:00,2025-07-31,133.1,134.55,133.1,134.2,975,103675,0
FINNIFTY31JUL2526700PE.NFO,2025-07-29,12:24:00,2025-07-31,134.2,136.9,134.2,136.9,585,103675,0
FINNIFTY31JUL2526700PE.NFO,2025-07-29,12:25:00,2025-07-31,136.1,138.6,136.1,138.05,195,103935,0
FINNIFTY31JUL2526700PE.NFO,2025-07-29,12:26:00,2025-07-31,138.05,140.95,138.0,138.15,975,103935,0
FINNIFTY31JUL2526700PE.NFO,2025-07-29,12:27:00,2025-07-31,138.15,140.15,138.15,139.6,130,103935,0
FINNIFTY31JUL2526700PE.NFO,2025-07-29,12:28:00,2025-07-31,139.6,139.6,129.95,131.5,325,103480,0
FINNIFTY31JUL2526700PE.NFO,2025-07-29,12:29:00,2025-07-31,131.5,134.9,130.05,134.7,585,103480,0
FINNIFTY31JUL2526700PE.NFO,2025-07-29,12:30:00,2025-07-31,134.7,134.7,130.1,133.75,650,103480,0
FINNIFTY31JUL2526700PE.NFO,2025-07-29,12:31:00,2025-07-31,133.75,133.75,128.5,128.9,1300,103610,0
FINNIFTY31JUL2526700PE.NFO,2025-07-29,12:32:00,2025-07-31,129.1,129.55,124.9,129.3,3965,103610,0
FINNIFTY31JUL2526700PE.NFO,2025-07-29,12:33:00,2025-07-31,129.3,135.5,129.3,134.05,1040,103610,0
FINNIFTY31JUL2526700PE.NFO,2025-07-29,12:34:00,2025-07-31,134.05,134.05,129.4,129.9,260,102830,0
FINNIFTY31JUL2526700PE.NFO,2025-07-29,12:35:00,2025-07-31,129.9,130.9,124.0,124.0,3185,102830,0
FINNIFTY31JUL2526700PE.NFO,2025-07-29,12:36:00,2025-07-31,124.0,125.0,121.0,125.0,455,102830,0
FINNIFTY31JUL2526700PE.NFO,2025-07-29,12:37:00,2025-07-31,125.0,125.0,123.35,124.05,260,104910,0
FINNIFTY31JUL2526700PE.NFO,2025-07-29,12:38:00,2025-07-31,124.05,124.05,120.4,120.4,2730,104910,0
FINNIFTY31JUL2526700PE.NFO,2025-07-29,12:39:00,2025-07-31,120.25,121.7,119.9,120.65,3835,104910,0
FINNIFTY31JUL2526700PE.NFO,2025-07-29,12:40:00,2025-07-31,120.65,120.65,116.0,116.9,1560,106535,0
FINNIFTY31JUL2526700PE.NFO,2025-07-29,12:41:00,2025-07-31,117.8,117.8,110.05,114.25,6045,106535,0
FINNIFTY31JUL2526700PE.NFO,2025-07-29,12:42:00,2025-07-31,114.25,116.3,113.0,113.0,2015,106535,0
FINNIFTY31JUL2526700PE.NFO,2025-07-29,12:43:00,2025-07-31,113.0,125.85,112.8,123.1,2080,103870,0
FINNIFTY31JUL2526700PE.NFO,2025-07-29,12:44:00,2025-07-31,123.1,123.75,120.55,122.65,520,103870,0
FINNIFTY31JUL2526700PE.NFO,2025-07-29,12:45:00,2025-07-31,122.65,123.1,120.0,120.35,390,103870,0
FINNIFTY31JUL2526700PE.NFO,2025-07-29,12:46:00,2025-07-31,120.35,127.0,120.35,125.55,910,103480,0
FINNIFTY31JUL2526700PE.NFO,2025-07-29,12:47:00,2025-07-31,125.55,125.55,123.05,123.05,780,103480,0
FINNIFTY31JUL2526700PE.NFO,2025-07-29,12:48:00,2025-07-31,123.05,123.5,122.1,123.45,1625,103480,0
FINNIFTY31JUL2526700PE.NFO,2025-07-29,12:49:00,2025-07-31,123.45,124.9,123.45,124.9,65,103025,0
FINNIFTY31JUL2526700PE.NFO,2025-07-29,12:50:00,2025-07-31,124.9,126.4,124.9,125.75,1300,103025,0
FINNIFTY31JUL2526700PE.NFO,2025-07-29,12:51:00,2025-07-31,125.75,125.75,123.5,124.45,1365,103025,0
FINNIFTY31JUL2526700PE.NFO,2025-07-29,12:52:00,2025-07-31,124.45,124.75,122.0,122.0,455,101335,0
FINNIFTY31JUL2526700PE.NFO,2025-07-29,12:53:00,2025-07-31,122.0,125.0,122.0,125.0,65,101335,0
FINNIFTY31JUL2526700PE.NFO,2025-07-29,12:54:00,2025-07-31,125.0,125.05,122.3,122.3,585,101335,0
FINNIFTY31JUL2526700PE.NFO,2025-07-29,12:55:00,2025-07-31,122.3,122.5,121.4,121.4,390,101140,0
FINNIFTY31JUL2526700PE.NFO,2025-07-29,12:56:00,2025-07-31,121.4,122.2,121.4,122.2,65,101140,0
FINNIFTY31JUL2526700PE.NFO,2025-07-29,12:57:00,2025-07-31,122.2,129.75,122.2,127.95,1950,101140,0
FINNIFTY31JUL2526700PE.NFO,2025-07-29,12:58:00,2025-07-31,127.95,131.85,127.95,131.4,455,100295,0
FINNIFTY31JUL2526700PE.NFO,2025-07-29,12:59:00,2025-07-31,131.4,133.45,131.4,132.65,390,100295,0
FINNIFTY31JUL2526700PE.NFO,2025-07-29,13:00:00,2025-07-31,132.65,132.65,130.15,131.4,130,100295,0
FINNIFTY31JUL2526700PE.NFO,2025-07-29,13:01:00,2025-07-31,131.4,131.4,130.7,131.05,390,100035,0
FINNIFTY31JUL2526700PE.NFO,2025-07-29,13:02:00,2025-07-31,131.05,135.0,131.05,134.95,1430,100035,0
FINNIFTY31JUL2526700PE.NFO,2025-07-29,13:03:00,2025-07-31,134.95,136.7,134.95,136.45,1690,100035,0
FINNIFTY31JUL2526700PE.NFO,2025-07-29,13:04:00,2025-07-31,136.45,136.45,130.9,131.65,260,100035,0
FINNIFTY31JUL2526700PE.NFO,2025-07-29,13:05:00,2025-07-31,131.65,132.2,131.5,131.5,845,98865,0
FINNIFTY31JUL2526700PE.NFO,2025-07-29,13:06:00,2025-07-31,131.5,133.0,131.5,133.0,195,98865,0
FINNIFTY31JUL2526700PE.NFO,2025-07-29,13:07:00,2025-07-31,133.0,133.0,121.7,121.7,1560,99060,0
FINNIFTY31JUL2526700PE.NFO,2025-07-29,13:08:00,2025-07-31,121.7,121.7,118.9,118.95,2600,99060,0
FINNIFTY31JUL2526700PE.NFO,2025-07-29,13:09:00,2025-07-31,118.95,121.0,118.45,118.5,455,99060,0
FINNIFTY31JUL2526700PE.NFO,2025-07-29,13:10:00,2025-07-31,118.5,118.5,112.85,115.5,2860,100035,0
FINNIFTY31JUL2526700PE.NFO,2025-07-29,13:11:00,2025-07-31,115.5,120.0,115.5,117.25,2600,100035,0
FINNIFTY31JUL2526700PE.NFO,2025-07-29,13:12:00,2025-07-31,117.25,117.25,112.65,116.3,975,100035,0
FINNIFTY31JUL2526700PE.NFO,2025-07-29,13:13:00,2025-07-31,116.3,116.3,106.15,111.3,6695,100490,0
FINNIFTY31JUL2526700PE.NFO,2025-07-29,13:14:00,2025-07-31,111.3,111.3,106.6,110.7,5720,100490,0
FINNIFTY31JUL2526700PE.NFO,2025-07-29,13:15:00,2025-07-31,110.7,112.6,107.0,107.25,2730,100490,0
FINNIFTY31JUL2526700PE.NFO,2025-07-29,13:16:00,2025-07-31,107.25,111.3,107.25,111.3,1885,101985,0
FINNIFTY31JUL2526700PE.NFO,2025-07-29,13:17:00,2025-07-31,111.3,111.3,107.05,109.25,2795,101985,0
FINNIFTY31JUL2526700PE.NFO,2025-07-29,13:18:00,2025-07-31,109.25,111.15,106.8,110.2,1560,101985,0
FINNIFTY31JUL2526700PE.NFO,2025-07-29,13:19:00,2025-07-31,110.2,110.8,109.85,110.65,3445,100815,0
FINNIFTY31JUL2526700PE.NFO,2025-07-29,13:20:00,2025-07-31,110.65,110.65,108.65,109.65,845,100815,0
FINNIFTY31JUL2526700PE.NFO,2025-07-29,13:21:00,2025-07-31,109.65,110.4,108.4,110.4,325,100815,0
FINNIFTY31JUL2526700PE.NFO,2025-07-29,13:22:00,2025-07-31,110.4,110.45,106.55,110.45,195,101725,0
FINNIFTY31JUL2526700PE.NFO,2025-07-29,13:23:00,2025-07-31,110.45,115.65,110.45,115.65,1040,101725,0
FINNIFTY31JUL2526700PE.NFO,2025-07-29,13:24:00,2025-07-31,115.65,117.45,114.6,117.45,130,101725,0
FINNIFTY31JUL2526700PE.NFO,2025-07-29,13:25:00,2025-07-31,117.45,117.45,113.85,113.85,390,100815,0
FINNIFTY31JUL2526700PE.NFO,2025-07-29,13:26:00,2025-07-31,113.85,113.85,110.95,110.95,130,100815,0
FINNIFTY31JUL2526700PE.NFO,2025-07-29,13:27:00,2025-07-31,110.95,111.8,110.95,110.95,715,100815,0
FINNIFTY31JUL2526700PE.NFO,2025-07-29,13:28:00,2025-07-31,110.95,113.7,110.95,113.7,520,101270,0
FINNIFTY31JUL2526700PE.NFO,2025-07-29,13:29:00,2025-07-31,113.7,115.3,113.7,115.3,975,101270,0
FINNIFTY31JUL2526700PE.NFO,2025-07-29,13:30:00,2025-07-31,115.3,115.3,114.0,114.0,975,101270,0
FINNIFTY31JUL2526700PE.NFO,2025-07-29,13:31:00,2025-07-31,114.0,114.0,113.0,113.0,65,101270,0
FINNIFTY31JUL2526700PE.NFO,2025-07-29,13:32:00,2025-07-31,113.0,113.0,105.0,107.35,715,101205,0
FINNIFTY31JUL2526700PE.NFO,2025-07-29,13:33:00,2025-07-31,107.35,107.35,98.8,99.85,2015,101205,0
FINNIFTY31JUL2526700PE.NFO,2025-07-29,13:34:00,2025-07-31,99.85,99.85,91.2,97.55,16445,104065,0
FINNIFTY31JUL2526700PE.NFO,2025-07-29,13:35:00,2025-07-31,97.55,100.95,96.3,96.3,1430,104065,0
FINNIFTY31JUL2526700PE.NFO,2025-07-29,13:36:00,2025-07-31,96.0,102.65,96.0,97.15,15080,104065,0
FINNIFTY31JUL2526700PE.NFO,2025-07-29,13:37:00,2025-07-31,97.15,97.15,93.85,95.0,6370,109590,0
FINNIFTY31JUL2526700PE.NFO,2025-07-29,13:38:00,2025-07-31,95.0,95.0,90.7,92.35,1690,109590,0
FINNIFTY31JUL2526700PE.NFO,2025-07-29,13:39:00,2025-07-31,92.35,92.35,90.7,91.8,3250,109590,0
FINNIFTY31JUL2526700PE.NFO,2025-07-29,13:40:00,2025-07-31,91.8,93.3,91.2,92.45,3705,111150,0
FINNIFTY31JUL2526700PE.NFO,2025-07-29,13:41:00,2025-07-31,92.45,93.0,91.45,93.0,845,111150,0
FINNIFTY31JUL2526700PE.NFO,2025-07-29,13:42:00,2025-07-31,93.0,93.0,89.0,90.3,2145,111150,0
FINNIFTY31JUL2526700PE.NFO,2025-07-29,13:43:00,2025-07-31,90.3,95.05,90.3,93.1,5590,110500,0
FINNIFTY31JUL2526700PE.NFO,2025-07-29,13:44:00,2025-07-31,93.1,93.3,91.55,93.3,1040,110500,0
FINNIFTY31JUL2526700PE.NFO,2025-07-29,13:45:00,2025-07-31,93.3,93.5,87.75,90.35,4745,110500,0
FINNIFTY31JUL2526700PE.NFO,2025-07-29,13:46:00,2025-07-31,90.35,90.35,87.75,87.95,8775,110435,0
FINNIFTY31JUL2526700PE.NFO,2025-07-29,13:47:00,2025-07-31,87.95,89.75,85.2,85.6,7345,110435,0
FINNIFTY31JUL2526700PE.NFO,2025-07-29,13:48:00,2025-07-31,85.6,86.0,82.3,82.55,10140,110435,0
FINNIFTY31JUL2526700PE.NFO,2025-07-29,13:49:00,2025-07-31,82.55,82.65,81.9,82.5,2145,116805,0
FINNIFTY31JUL2526700PE.NFO,2025-07-29,13:50:00,2025-07-31,82.5,85.75,81.0,85.2,13065,116805,0
FINNIFTY31JUL2526700PE.NFO,2025-07-29,13:51:00,2025-07-31,85.2,88.1,84.05,87.25,4940,116805,0
FINNIFTY31JUL2526700PE.NFO,2025-07-29,13:52:00,2025-07-31,87.25,87.25,82.1,82.1,3835,120510,0
FINNIFTY31JUL2526700PE.NFO,2025-07-29,13:53:00,2025-07-31,82.1,82.85,77.9,78.15,5460,120510,0
FINNIFTY31JUL2526700PE.NFO,2025-07-29,13:54:00,2025-07-31,78.15,79.55,76.85,78.15,6500,120510,0
FINNIFTY31JUL2526700PE.NFO,2025-07-29,13:55:00,2025-07-31,78.15,79.2,77.6,77.65,3705,122460,0
FINNIFTY31JUL2526700PE.NFO,2025-07-29,13:56:00,2025-07-31,77.65,77.65,75.0,75.3,6630,122460,0
FINNIFTY31JUL2526700PE.NFO,2025-07-29,13:57:00,2025-07-31,75.3,78.5,74.95,76.75,6630,122460,0
FINNIFTY31JUL2526700PE.NFO,2025-07-29,13:58:00,2025-07-31,76.75,80.25,76.75,80.0,4225,118560,0
FINNIFTY31JUL2526700PE.NFO,2025-07-29,13:59:00,2025-07-31,80.0,81.05,78.8,79.35,5460,118560,0
FINNIFTY31JUL2526700PE.NFO,2025-07-29,14:00:00,2025-07-31,79.35,79.35,74.3,74.3,8645,118560,0
FINNIFTY31JUL2526700PE.NFO,2025-07-29,14:01:00,2025-07-31,75.15,75.15,70.95,72.05,8125,123565,0
FINNIFTY31JUL2526700PE.NFO,2025-07-29,14:02:00,2025-07-31,70.55,71.55,69.05,69.45,10725,123565,0
FINNIFTY31JUL2526700PE.NFO,2025-07-29,14:03:00,2025-07-31,69.45,72.05,68.0,71.55,12155,123565,0
FINNIFTY31JUL2526700PE.NFO,2025-07-29,14:04:00,2025-07-31,71.8,73.7,70.85,73.7,3575,125320,0
FINNIFTY31JUL2526700PE.NFO,2025-07-29,14:05:00,2025-07-31,73.7,74.05,70.95,71.7,17485,125320,0
FINNIFTY31JUL2526700PE.NFO,2025-07-29,14:06:00,2025-07-31,71.4,75.1,71.35,74.25,12480,125320,0
FINNIFTY31JUL2526700PE.NFO,2025-07-29,14:07:00,2025-07-31,74.25,74.35,72.9,74.0,3185,128245,0
FINNIFTY31JUL2526700PE.NFO,2025-07-29,14:08:00,2025-07-31,74.0,74.35,71.5,73.95,2210,128245,0
FINNIFTY31JUL2526700PE.NFO,2025-07-29,14:09:00,2025-07-31,73.95,76.55,73.1,73.3,10790,128245,0
FINNIFTY31JUL2526700PE.NFO,2025-07-29,14:10:00,2025-07-31,73.3,75.1,72.6,75.1,8060,134680,0
FINNIFTY31JUL2526700PE.NFO,2025-07-29,14:11:00,2025-07-31,75.1,77.25,74.8,74.8,5395,134680,0
FINNIFTY31JUL2526700PE.NFO,2025-07-29,14:12:00,2025-07-31,74.8,75.6,73.75,73.75,4810,134680,0
FINNIFTY31JUL2526700PE.NFO,2025-07-29,14:13:00,2025-07-31,73.75,75.65,73.75,73.9,3445,136500,0
FINNIFTY31JUL2526700PE.NFO,2025-07-29,14:14:00,2025-07-31,73.9,75.75,73.9,75.75,520,136500,0
FINNIFTY31JUL2526700PE.NFO,2025-07-29,14:15:00,2025-07-31,75.75,75.75,73.4,73.4,7995,136500,0
FINNIFTY31JUL2526700PE.NFO,2025-07-29,14:16:00,2025-07-31,73.4,74.25,70.2,71.85,3900,138905,0
FINNIFTY31JUL2526700PE.NFO,2025-07-29,14:17:00,2025-07-31,71.85,73.05,71.85,73.05,2925,138905,0
FINNIFTY31JUL2526700PE.NFO,2025-07-29,14:18:00,2025-07-31,73.05,75.0,73.0,75.0,3055,138905,0
FINNIFTY31JUL2526700PE.NFO,2025-07-29,14:19:00,2025-07-31,76.0,76.0,74.55,75.0,2795,139555,0
FINNIFTY31JUL2526700PE.NFO,2025-07-29,14:20:00,2025-07-31,75.0,76.0,74.25,75.95,13390,139555,0
FINNIFTY31JUL2526700PE.NFO,2025-07-29,14:21:00,2025-07-31,75.95,79.0,71.85,72.65,7995,139555,0
FINNIFTY31JUL2526700PE.NFO,2025-07-29,14:22:00,2025-07-31,72.65,73.25,70.0,70.85,4810,131300,0
FINNIFTY31JUL2526700PE.NFO,2025-07-29,14:23:00,2025-07-31,70.85,71.2,69.45,69.95,3640,131300,0
FINNIFTY31JUL2526700PE.NFO,2025-07-29,14:24:00,2025-07-31,70.45,71.05,69.45,70.35,4160,131300,0
FINNIFTY31JUL2526700PE.NFO,2025-07-29,14:25:00,2025-07-31,70.35,71.0,70.0,70.0,2340,130325,0
FINNIFTY31JUL2526700PE.NFO,2025-07-29,14:26:00,2025-07-31,70.0,70.9,69.4,70.8,5785,130325,0
FINNIFTY31JUL2526700PE.NFO,2025-07-29,14:27:00,2025-07-31,70.8,72.95,70.15,72.5,3640,130325,0
FINNIFTY31JUL2526700PE.NFO,2025-07-29,14:28:00,2025-07-31,72.5,73.55,71.3,73.55,3510,131365,0
FINNIFTY31JUL2526700PE.NFO,2025-07-29,14:29:00,2025-07-31,73.55,73.55,70.85,70.85,1625,131365,0
FINNIFTY31JUL2526700PE.NFO,2025-07-29,14:30:00,2025-07-31,70.85,71.85,69.7,71.85,4225,131365,0
FINNIFTY31JUL2526700PE.NFO,2025-07-29,14:31:00,2025-07-31,71.85,72.9,71.0,71.0,2470,133055,0
FINNIFTY31JUL2526700PE.NFO,2025-07-29,14:32:00,2025-07-31,71.0,72.1,69.45,70.85,3185,133055,0
FINNIFTY31JUL2526700PE.NFO,2025-07-29,14:33:00,2025-07-31,70.85,74.0,70.85,74.0,2080,133055,0
FINNIFTY31JUL2526700PE.NFO,2025-07-29,14:34:00,2025-07-31,74.0,78.0,73.8,77.5,4550,135720,0
FINNIFTY31JUL2526700PE.NFO,2025-07-29,14:35:00,2025-07-31,77.25,83.0,77.25,83.0,12415,135720,0
FINNIFTY31JUL2526700PE.NFO,2025-07-29,14:36:00,2025-07-31,83.0,94.95,83.0,92.7,16380,135720,0
FINNIFTY31JUL2526700PE.NFO,2025-07-29,14:37:00,2025-07-31,92.2,92.95,85.0,85.0,21450,142740,0
FINNIFTY31JUL2526700PE.NFO,2025-07-29,14:38:00,2025-07-31,85.0,89.3,82.8,88.4,7020,142740,0
FINNIFTY31JUL2526700PE.NFO,2025-07-29,14:39:00,2025-07-31,88.4,95.35,88.0,94.6,9100,142740,0
FINNIFTY31JUL2526700PE.NFO,2025-07-29,14:40:00,2025-07-31,94.6,99.8,93.1,98.6,13000,139685,0
FINNIFTY31JUL2526700PE.NFO,2025-07-29,14:41:00,2025-07-31,98.6,102.45,97.55,98.95,12285,139685,0
FINNIFTY31JUL2526700PE.NFO,2025-07-29,14:42:00,2025-07-31,98.95,102.5,97.65,100.1,11700,139685,0
FINNIFTY31JUL2526700PE.NFO,2025-07-29,14:43:00,2025-07-31,100.1,101.05,97.55,98.55,5785,137215,0
FINNIFTY31JUL2526700PE.NFO,2025-07-29,14:44:00,2025-07-31,98.55,98.8,92.0,92.15,5135,137215,0
FINNIFTY31JUL2526700PE.NFO,2025-07-29,14:45:00,2025-07-31,92.15,97.15,91.25,97.15,4225,137215,0
FINNIFTY31JUL2526700PE.NFO,2025-07-29,14:46:00,2025-07-31,97.15,100.0,95.9,98.9,1365,137280,0
FINNIFTY31JUL2526700PE.NFO,2025-07-29,14:47:00,2025-07-31,98.9,100.0,96.7,100.0,6500,137280,0
FINNIFTY31JUL2526700PE.NFO,2025-07-29,14:48:00,2025-07-31,100.0,100.35,96.0,99.2,3250,137280,0
FINNIFTY31JUL2526700PE.NFO,2025-07-29,14:49:00,2025-07-31,99.2,103.95,98.55,103.95,16445,139360,0
FINNIFTY31JUL2526700PE.NFO,2025-07-29,14:50:00,2025-07-31,103.95,103.95,101.0,101.55,6565,139360,0
FINNIFTY31JUL2526700PE.NFO,2025-07-29,14:51:00,2025-07-31,101.55,102.05,96.9,98.4,2600,139360,0
FINNIFTY31JUL2526700PE.NFO,2025-07-29,14:52:00,2025-07-31,98.4,100.2,92.75,92.75,2405,131885,0
FINNIFTY31JUL2526700PE.NFO,2025-07-29,14:53:00,2025-07-31,92.75,92.75,87.85,89.45,4420,131885,0
FINNIFTY31JUL2526700PE.NFO,2025-07-29,14:54:00,2025-07-31,89.45,89.45,85.3,86.2,1495,131885,0
FINNIFTY31JUL2526700PE.NFO,2025-07-29,14:55:00,2025-07-31,86.2,87.55,82.15,82.15,2990,133250,0
FINNIFTY31JUL2526700PE.NFO,2025-07-29,14:56:00,2025-07-31,82.15,83.4,82.0,83.4,1300,133250,0
FINNIFTY31JUL2526700PE.NFO,2025-07-29,14:57:00,2025-07-31,83.4,89.0,83.4,89.0,2990,133250,0
FINNIFTY31JUL2526700PE.NFO,2025-07-29,14:58:00,2025-07-31,89.0,95.0,89.0,94.4,4940,133900,0
FINNIFTY31JUL2526700PE.NFO,2025-07-29,14:59:00,2025-07-31,94.4,94.8,89.95,89.95,2470,133900,0
FINNIFTY31JUL2526700PE.NFO,2025-07-29,15:00:00,2025-07-31,89.15,96.3,86.9,87.6,5200,133900,0
FINNIFTY31JUL2526700PE.NFO,2025-07-29,15:01:00,2025-07-31,87.55,87.55,83.45,85.7,4680,134225,0
FINNIFTY31JUL2526700PE.NFO,2025-07-29,15:02:00,2025-07-31,85.7,87.3,84.85,85.7,2015,134225,0
FINNIFTY31JUL2526700PE.NFO,2025-07-29,15:03:00,2025-07-31,85.2,85.2,81.45,82.65,4225,134225,0
FINNIFTY31JUL2526700PE.NFO,2025-07-29,15:04:00,2025-07-31,82.65,82.65,79.0,80.1,2145,135200,0
FINNIFTY31JUL2526700PE.NFO,2025-07-29,15:05:00,2025-07-31,80.1,82.1,77.25,81.3,11440,135200,0
FINNIFTY31JUL2526700PE.NFO,2025-07-29,15:06:00,2025-07-31,80.35,84.5,79.75,83.15,7345,135200,0
FINNIFTY31JUL2526700PE.NFO,2025-07-29,15:07:00,2025-07-31,83.0,83.9,80.3,80.3,5915,140595,0
FINNIFTY31JUL2526700PE.NFO,2025-07-29,15:08:00,2025-07-31,80.3,84.5,80.3,84.05,6240,140595,0
FINNIFTY31JUL2526700PE.NFO,2025-07-29,15:09:00,2025-07-31,84.05,84.3,82.0,84.3,585,140595,0
FINNIFTY31JUL2526700PE.NFO,2025-07-29,15:10:00,2025-07-31,84.3,84.85,82.2,82.2,8450,140595,0
FINNIFTY31JUL2526700PE.NFO,2025-07-29,15:11:00,2025-07-31,82.2,85.55,82.2,83.8,1950,140595,0
FINNIFTY31JUL2526700PE.NFO,2025-07-29,15:12:00,2025-07-31,83.8,86.4,83.5,85.4,1690,140595,0
FINNIFTY31JUL2526700PE.NFO,2025-07-29,15:13:00,2025-07-31,85.4,85.65,84.2,84.45,715,140855,0
FINNIFTY31JUL2526700PE.NFO,2025-07-29,15:14:00,2025-07-31,84.45,84.45,79.45,80.15,2210,140855,0
FINNIFTY31JUL2526700PE.NFO,2025-07-29,15:15:00,2025-07-31,80.15,80.15,72.05,72.05,9750,140855,0
FINNIFTY31JUL2526700PE.NFO,2025-07-29,15:16:00,2025-07-31,71.15,72.0,68.9,72.0,10530,145340,0
FINNIFTY31JUL2526700PE.NFO,2025-07-29,15:17:00,2025-07-31,72.0,75.2,70.75,74.0,6110,145340,0
FINNIFTY31JUL2526700PE.NFO,2025-07-29,15:18:00,2025-07-31,74.0,77.2,74.0,76.95,2470,145340,0
FINNIFTY31JUL2526700PE.NFO,2025-07-29,15:19:00,2025-07-31,76.95,77.95,75.35,76.3,5005,143390,0
FINNIFTY31JUL2526700PE.NFO,2025-07-29,15:20:00,2025-07-31,76.3,76.3,72.5,73.1,9425,143390,0
FINNIFTY31JUL2526700PE.NFO,2025-07-29,15:21:00,2025-07-31,73.2,73.8,71.35,72.0,7085,143390,0
FINNIFTY31JUL2526700PE.NFO,2025-07-29,15:22:00,2025-07-31,72.3,72.3,69.85,69.85,3900,142740,0
FINNIFTY31JUL2526700PE.NFO,2025-07-29,15:23:00,2025-07-31,69.85,71.45,69.85,71.45,4615,142740,0
FINNIFTY31JUL2526700PE.NFO,2025-07-29,15:24:00,2025-07-31,71.45,74.55,71.0,73.8,4095,142740,0
FINNIFTY31JUL2526700PE.NFO,2025-07-29,15:25:00,2025-07-31,74.15,75.25,73.25,74.65,5785,144300,0
FINNIFTY31JUL2526700PE.NFO,2025-07-29,15:26:00,2025-07-31,74.65,75.5,74.3,75.0,11570,144300,0
FINNIFTY31JUL2526700PE.NFO,2025-07-29,15:27:00,2025-07-31,75.0,75.0,72.05,74.4,7215,144300,0
FINNIFTY31JUL2526700PE.NFO,2025-07-29,15:28:00,2025-07-31,74.4,74.65,72.75,74.65,9620,146120,0
FINNIFTY31JUL2526700PE.NFO,2025-07-29,15:29:00,2025-07-31,74.65,75.0,72.15,73.0,4940,146120,0
FINNIFTY31JUL2526700PE.NFO,2025-07-29,15:30:00,2025-07-31,73.0,73.0,73.0,73.0,4940,146120,1
FINNIFTY31JUL2526700PE.NFO,2025-07-30,09:15:00,2025-07-31,73.0,89.85,73.0,86.0,14820,144365,0
FINNIFTY31JUL2526700PE.NFO,2025-07-30,09:16:00,2025-07-31,86.0,96.4,85.05,87.65,34450,144365,0
FINNIFTY31JUL2526700PE.NFO,2025-07-30,09:17:00,2025-07-31,87.65,88.4,83.3,85.9,40170,144365,0
FINNIFTY31JUL2526700PE.NFO,2025-07-30,09:18:00,2025-07-31,85.8,94.25,84.4,87.7,42640,156000,0
FINNIFTY31JUL2526700PE.NFO,2025-07-30,09:19:00,2025-07-31,87.4,97.3,87.4,93.25,31850,156000,0
FINNIFTY31JUL2526700PE.NFO,2025-07-30,09:20:00,2025-07-31,93.25,96.25,91.7,95.55,13000,156000,0
FINNIFTY31JUL2526700PE.NFO,2025-07-30,09:21:00,2025-07-31,95.55,102.8,95.5,99.5,28990,151580,0
FINNIFTY31JUL2526700PE.NFO,2025-07-30,09:22:00,2025-07-31,99.5,103.0,97.45,102.75,15925,151580,0
FINNIFTY31JUL2526700PE.NFO,2025-07-30,09:23:00,2025-07-31,102.75,108.65,100.75,103.5,23205,151580,0
FINNIFTY31JUL2526700PE.NFO,2025-07-30,09:24:00,2025-07-31,102.75,110.6,102.75,110.0,26780,147355,0
FINNIFTY31JUL2526700PE.NFO,2025-07-30,09:25:00,2025-07-31,110.0,113.55,108.4,110.85,22360,147355,0
FINNIFTY31JUL2526700PE.NFO,2025-07-30,09:26:00,2025-07-31,110.85,117.8,110.85,115.0,16510,147355,0
FINNIFTY31JUL2526700PE.NFO,2025-07-30,09:27:00,2025-07-31,115.0,115.0,103.45,108.65,16770,149435,0
FINNIFTY31JUL2526700PE.NFO,2025-07-30,09:28:00,2025-07-31,108.65,112.3,104.0,107.5,10465,149435,0
FINNIFTY31JUL2526700PE.NFO,2025-07-30,09:29:00,2025-07-31,107.5,109.7,103.4,104.0,5070,149435,0
FINNIFTY31JUL2526700PE.NFO,2025-07-30,09:30:00,2025-07-31,104.0,105.35,94.1,101.55,18980,151580,0
FINNIFTY31JUL2526700PE.NFO,2025-07-30,09:31:00,2025-07-31,101.65,106.1,98.35,104.8,11440,151580,0
FINNIFTY31JUL2526700PE.NFO,2025-07-30,09:32:00,2025-07-31,104.8,106.95,99.0,100.5,8775,151580,0
FINNIFTY31JUL2526700PE.NFO,2025-07-30,09:33:00,2025-07-31,100.5,102.05,88.75,88.75,26910,162565,0
FINNIFTY31JUL2526700PE.NFO,2025-07-30,09:34:00,2025-07-31,88.9,89.95,83.3,89.4,20410,162565,0
FINNIFTY31JUL2526700PE.NFO,2025-07-30,09:35:00,2025-07-31,90.25,90.85,87.0,90.05,16705,162565,0
FINNIFTY31JUL2526700PE.NFO,2025-07-30,09:36:00,2025-07-31,90.05,92.4,84.2,84.45,20930,162305,0
FINNIFTY31JUL2526700PE.NFO,2025-07-30,09:37:00,2025-07-31,84.45,86.0,81.6,81.9,13065,162305,0
FINNIFTY31JUL2526700PE.NFO,2025-07-30,09:38:00,2025-07-31,81.9,86.05,81.2,85.6,18070,162305,0
FINNIFTY31JUL2526700PE.NFO,2025-07-30,09:39:00,2025-07-31,85.6,85.6,82.0,84.2,6305,168415,0
FINNIFTY31JUL2526700PE.NFO,2025-07-30,09:40:00,2025-07-31,84.2,91.4,84.2,88.8,19110,168415,0
FINNIFTY31JUL2526700PE.NFO,2025-07-30,09:41:00,2025-07-31,88.8,88.8,85.55,86.5,8580,168415,0
FINNIFTY31JUL2526700PE.NFO,2025-07-30,09:42:00,2025-07-31,86.5,87.25,78.0,80.75,21645,179595,0
FINNIFTY31JUL2526700PE.NFO,2025-07-30,09:43:00,2025-07-31,80.75,86.65,80.05,85.0,9620,179595,0
FINNIFTY31JUL2526700PE.NFO,2025-07-30,09:44:00,2025-07-31,85.0,85.1,79.55,80.3,4485,179595,0
FINNIFTY31JUL2526700PE.NFO,2025-07-30,09:45:00,2025-07-31,80.3,84.1,80.05,82.65,17160,187525,0
FINNIFTY31JUL2526700PE.NFO,2025-07-30,09:46:00,2025-07-31,82.65,83.8,81.05,81.85,10010,187525,0
FINNIFTY31JUL2526700PE.NFO,2025-07-30,09:47:00,2025-07-31,81.85,94.3,81.85,92.35,17290,187525,0
FINNIFTY31JUL2526700PE.NFO,2025-07-30,09:48:00,2025-07-31,92.35,97.9,90.5,95.0,29835,182845,0
FINNIFTY31JUL2526700PE.NFO,2025-07-30,09:49:00,2025-07-31,95.0,99.85,94.85,98.3,15405,182845,0
FINNIFTY31JUL2526700PE.NFO,2025-07-30,09:50:00,2025-07-31,98.3,102.65,96.5,101.05,25610,182845,0
FINNIFTY31JUL2526700PE.NFO,2025-07-30,09:51:00,2025-07-31,101.05,104.75,98.7,98.85,27755,171470,0
FINNIFTY31JUL2526700PE.NFO,2025-07-30,09:52:00,2025-07-31,98.85,105.35,98.85,102.85,16510,171470,0
FINNIFTY31JUL2526700PE.NFO,2025-07-30,09:53:00,2025-07-31,102.85,107.6,102.65,104.2,9815,171470,0
FINNIFTY31JUL2526700PE.NFO,2025-07-30,09:54:00,2025-07-31,104.2,110.4,102.15,107.65,15470,171080,0
FINNIFTY31JUL2526700PE.NFO,2025-07-30,09:55:00,2025-07-31,107.65,111.0,94.45,95.9,25870,171080,0
FINNIFTY31JUL2526700PE.NFO,2025-07-30,09:56:00,2025-07-31,95.9,95.9,82.05,83.35,27235,171080,0
FINNIFTY31JUL2526700PE.NFO,2025-07-30,09:57:00,2025-07-31,83.35,83.35,75.45,78.15,24830,165555,0
FINNIFTY31JUL2526700PE.NFO,2025-07-30,09:58:00,2025-07-31,78.15,84.25,78.15,81.3,14625,165555,0
FINNIFTY31JUL2526700PE.NFO,2025-07-30,09:59:00,2025-07-31,81.3,83.9,80.3,81.55,5655,165555,0
FINNIFTY31JUL2526700PE.NFO,2025-07-30,10:00:00,2025-07-31,81.55,93.6,81.55,92.75,27560,173940,0
FINNIFTY31JUL2526700PE.NFO,2025-07-30,10:01:00,2025-07-31,92.75,92.75,89.0,92.5,28795,173940,0
FINNIFTY31JUL2526700PE.NFO,2025-07-30,10:02:00,2025-07-31,92.5,98.0,90.95,96.5,43355,173940,0
FINNIFTY31JUL2526700PE.NFO,2025-07-30,10:03:00,2025-07-31,96.5,97.05,88.9,90.9,27950,194285,0
FINNIFTY31JUL2526700PE.NFO,2025-07-30,10:04:00,2025-07-31,90.9,95.2,90.9,92.6,11700,194285,0
FINNIFTY31JUL2526700PE.NFO,2025-07-30,10:05:00,2025-07-31,92.6,93.0,88.55,91.2,13520,194285,0
FINNIFTY31JUL2526700PE.NFO,2025-07-30,10:06:00,2025-07-31,91.2,93.0,89.1,92.2,14820,193505,0
FINNIFTY31JUL2526700PE.NFO,2025-07-30,10:07:00,2025-07-31,92.2,97.95,91.3,94.4,18525,193505,0
FINNIFTY31JUL2526700PE.NFO,2025-07-30,10:08:00,2025-07-31,94.4,96.25,92.25,94.6,9555,193505,0
FINNIFTY31JUL2526700PE.NFO,2025-07-30,10:09:00,2025-07-31,94.6,102.9,94.6,99.9,28080,189800,0
FINNIFTY31JUL2526700PE.NFO,2025-07-30,10:10:00,2025-07-31,99.9,103.65,97.2,99.3,35945,189800,0
FINNIFTY31JUL2526700PE.NFO,2025-07-30,10:11:00,2025-07-31,99.3,100.75,94.05,97.95,15470,189800,0
FINNIFTY31JUL2526700PE.NFO,2025-07-30,10:12:00,2025-07-31,97.95,97.95,87.9,87.9,15015,182325,0
FINNIFTY31JUL2526700PE.NFO,2025-07-30,10:13:00,2025-07-31,87.9,92.4,84.85,92.4,18720,182325,0
FINNIFTY31JUL2526700PE.NFO,2025-07-30,10:14:00,2025-07-31,93.0,94.25,90.5,92.5,16315,182325,0
FINNIFTY31JUL2526700PE.NFO,2025-07-30,10:15:00,2025-07-31,92.5,96.0,89.0,94.75,18915,186420,0
FINNIFTY31JUL2526700PE.NFO,2025-07-30,10:16:00,2025-07-31,96.0,98.8,91.5,91.5,11765,186420,0
FINNIFTY31JUL2526700PE.NFO,2025-07-30,10:17:00,2025-07-31,91.7,94.2,88.0,93.45,12155,186420,0
FINNIFTY31JUL2526700PE.NFO,2025-07-30,10:18:00,2025-07-31,93.45,93.45,85.55,85.55,10140,190320,0
FINNIFTY31JUL2526700PE.NFO,2025-07-30,10:19:00,2025-07-31,85.55,89.55,83.0,89.55,13390,190320,0
FINNIFTY31JUL2526700PE.NFO,2025-07-30,10:20:00,2025-07-31,89.55,95.0,88.45,92.3,13325,190320,0
FINNIFTY31JUL2526700PE.NFO,2025-07-30,10:21:00,2025-07-31,90.9,93.0,89.5,90.7,5980,190970,0
FINNIFTY31JUL2526700PE.NFO,2025-07-30,10:22:00,2025-07-31,90.7,98.55,90.25,98.3,8970,190970,0
FINNIFTY31JUL2526700PE.NFO,2025-07-30,10:23:00,2025-07-31,98.3,101.1,94.3,95.4,10335,190970,0
FINNIFTY31JUL2526700PE.NFO,2025-07-30,10:24:00,2025-07-31,95.4,97.05,92.75,93.2,7215,190645,0
FINNIFTY31JUL2526700PE.NFO,2025-07-30,10:25:00,2025-07-31,93.2,96.85,93.2,96.8,2405,190645,0
FINNIFTY31JUL2526700PE.NFO,2025-07-30,10:26:00,2025-07-31,97.0,100.0,95.8,97.2,21645,190645,0
FINNIFTY31JUL2526700PE.NFO,2025-07-30,10:27:00,2025-07-31,97.2,100.2,95.95,97.5,10985,190645,0
FINNIFTY31JUL2526700PE.NFO,2025-07-30,10:28:00,2025-07-31,97.5,104.4,96.15,102.25,7020,187590,0
FINNIFTY31JUL2526700PE.NFO,2025-07-30,10:29:00,2025-07-31,102.25,104.0,100.0,102.0,6955,187590,0
FINNIFTY31JUL2526700PE.NFO,2025-07-30,10:30:00,2025-07-31,103.1,104.9,96.6,96.8,19175,184210,0
FINNIFTY31JUL2526700PE.NFO,2025-07-30,10:31:00,2025-07-31,96.8,99.95,92.2,94.2,23790,184210,0
FINNIFTY31JUL2526700PE.NFO,2025-07-30,10:32:00,2025-07-31,94.2,95.0,87.6,88.85,13650,184210,0
FINNIFTY31JUL2526700PE.NFO,2025-07-30,10:33:00,2025-07-31,88.85,94.4,88.85,94.25,4875,181155,0
FINNIFTY31JUL2526700PE.NFO,2025-07-30,10:34:00,2025-07-31,94.25,102.0,94.25,98.3,8255,181155,0
FINNIFTY31JUL2526700PE.NFO,2025-07-30,10:35:00,2025-07-31,98.3,100.15,97.6,99.7,6045,181155,0
FINNIFTY31JUL2526700PE.NFO,2025-07-30,10:36:00,2025-07-31,99.7,100.45,97.0,100.15,4160,177450,0
FINNIFTY31JUL2526700PE.NFO,2025-07-30,10:37:00,2025-07-31,100.15,101.9,98.9,99.7,4485,177450,0
FINNIFTY31JUL2526700PE.NFO,2025-07-30,10:38:00,2025-07-31,99.7,105.05,99.4,103.0,16250,177450,0
FINNIFTY31JUL2526700PE.NFO,2025-07-30,10:39:00,2025-07-31,102.85,112.35,102.25,108.55,18785,173745,0
FINNIFTY31JUL2526700PE.NFO,2025-07-30,10:40:00,2025-07-31,108.55,114.45,107.6,113.55,20865,173745,0
FINNIFTY31JUL2526700PE.NFO,2025-07-30,10:41:00,2025-07-31,113.55,116.0,109.6,112.05,19500,173745,0
FINNIFTY31JUL2526700PE.NFO,2025-07-30,10:42:00,2025-07-31,112.95,113.0,104.95,106.05,14235,165425,0
FINNIFTY31JUL2526700PE.NFO,2025-07-30,10:43:00,2025-07-31,106.05,108.95,100.95,103.45,12480,165425,0
FINNIFTY31JUL2526700PE.NFO,2025-07-30,10:44:00,2025-07-31,103.45,114.05,103.15,113.95,9880,165425,0
FINNIFTY31JUL2526700PE.NFO,2025-07-30,10:45:00,2025-07-31,113.15,133.1,112.4,126.4,55250,156845,0
FINNIFTY31JUL2526700PE.NFO,2025-07-30,10:46:00,2025-07-31,125.35,126.65,119.1,120.95,15275,156845,0
FINNIFTY31JUL2526700PE.NFO,2025-07-30,10:47:00,2025-07-31,120.95,122.5,118.65,119.5,7475,156845,0
FINNIFTY31JUL2526700PE.NFO,2025-07-30,10:48:00,2025-07-31,119.5,119.5,109.05,110.1,10790,156910,0
FINNIFTY31JUL2526700PE.NFO,2025-07-30,10:49:00,2025-07-31,110.1,118.55,110.1,117.45,5330,156910,0
FINNIFTY31JUL2526700PE.NFO,2025-07-30,10:50:00,2025-07-31,117.45,118.0,108.0,110.9,10660,156910,0
FINNIFTY31JUL2526700PE.NFO,2025-07-30,10:51:00,2025-07-31,111.35,112.6,105.85,108.4,5590,160940,0
FINNIFTY31JUL2526700PE.NFO,2025-07-30,10:52:00,2025-07-31,108.4,114.45,107.1,112.0,9035,160940,0
FINNIFTY31JUL2526700PE.NFO,2025-07-30,10:53:00,2025-07-31,112.0,112.95,109.5,110.15,4615,160940,0
FINNIFTY31JUL2526700PE.NFO,2025-07-30,10:54:00,2025-07-31,110.15,114.5,109.4,109.75,7735,165945,0
FINNIFTY31JUL2526700PE.NFO,2025-07-30,10:55:00,2025-07-31,109.75,112.5,107.05,108.85,10400,165945,0
FINNIFTY31JUL2526700PE.NFO,2025-07-30,10:56:00,2025-07-31,108.85,114.4,108.85,113.35,4875,165945,0
FINNIFTY31JUL2526700PE.NFO,2025-07-30,10:57:00,2025-07-31,113.35,115.85,110.3,110.3,12155,166075,0
FINNIFTY31JUL2526700PE.NFO,2025-07-30,10:58:00,2025-07-31,110.3,114.5,110.3,113.05,5200,166075,0
FINNIFTY31JUL2526700PE.NFO,2025-07-30,10:59:00,2025-07-31,113.05,114.5,112.05,113.75,2925,166075,0
FINNIFTY31JUL2526700PE.NFO,2025-07-30,11:00:00,2025-07-31,113.75,116.05,112.35,115.8,4680,165620,0
FINNIFTY31JUL2526700PE.NFO,2025-07-30,11:01:00,2025-07-31,115.8,120.75,113.75,115.2,10595,165620,0
FINNIFTY31JUL2526700PE.NFO,2025-07-30,11:02:00,2025-07-31,115.2,115.2,107.1,107.1,7995,165620,0
FINNIFTY31JUL2526700PE.NFO,2025-07-30,11:03:00,2025-07-31,105.0,111.65,103.45,111.65,11570,171470,0
FINNIFTY31JUL2526700PE.NFO,2025-07-30,11:04:00,2025-07-31,111.65,118.5,110.55,110.55,15600,171470,0
FINNIFTY31JUL2526700PE.NFO,2025-07-30,11:05:00,2025-07-31,110.55,115.3,110.55,113.95,3575,171470,0
FINNIFTY31JUL2526700PE.NFO,2025-07-30,11:06:00,2025-07-31,114.85,122.0,114.85,121.0,16510,168350,0
FINNIFTY31JUL2526700PE.NFO,2025-07-30,11:07:00,2025-07-31,121.0,121.0,116.55,119.45,8255,168350,0
FINNIFTY31JUL2526700PE.NFO,2025-07-30,11:08:00,2025-07-31,119.45,119.45,109.3,109.3,8385,168350,0
FINNIFTY31JUL2526700PE.NFO,2025-07-30,11:09:00,2025-07-31,109.3,113.3,109.3,110.45,4745,167375,0
FINNIFTY31JUL2526700PE.NFO,2025-07-30,11:10:00,2025-07-31,110.45,111.7,108.6,109.85,4680,167375,0
FINNIFTY31JUL2526700PE.NFO,2025-07-30,11:11:00,2025-07-31,109.3,109.3,98.55,101.65,23270,167375,0
FINNIFTY31JUL2526700PE.NFO,2025-07-30,11:12:00,2025-07-31,103.0,104.55,99.05,102.15,11310,167050,0
FINNIFTY31JUL2526700PE.NFO,2025-07-30,11:13:00,2025-07-31,102.15,104.75,100.0,100.0,7020,167050,0
FINNIFTY31JUL2526700PE.NFO,2025-07-30,11:14:00,2025-07-31,100.0,101.6,97.2,98.65,10465,167050,0
FINNIFTY31JUL2526700PE.NFO,2025-07-30,11:15:00,2025-07-31,98.65,99.0,93.25,93.65,18070,173745,0
FINNIFTY31JUL2526700PE.NFO,2025-07-30,11:16:00,2025-07-31,93.65,93.65,82.0,83.45,26130,173745,0
FINNIFTY31JUL2526700PE.NFO,2025-07-30,11:17:00,2025-07-31,83.45,89.35,82.5,88.75,13065,173745,0
FINNIFTY31JUL2526700PE.NFO,2025-07-30,11:18:00,2025-07-31,88.75,88.9,82.9,84.15,10530,175370,0
FINNIFTY31JUL2526700PE.NFO,2025-07-30,11:19:00,2025-07-31,84.15,85.1,78.9,79.55,17420,175370,0
FINNIFTY31JUL2526700PE.NFO,2025-07-30,11:20:00,2025-07-31,80.25,85.0,80.15,82.0,15015,175370,0
FINNIFTY31JUL2526700PE.NFO,2025-07-30,11:21:00,2025-07-31,82.0,83.8,80.65,83.75,9230,182130,0
FINNIFTY31JUL2526700PE.NFO,2025-07-30,11:22:00,2025-07-31,83.75,83.75,77.0,80.5,12025,182130,0
FINNIFTY31JUL2526700PE.NFO,2025-07-30,11:23:00,2025-07-31,80.5,80.5,76.55,78.0,17290,182130,0
FINNIFTY31JUL2526700PE.NFO,2025-07-30,11:24:00,2025-07-31,78.0,78.0,75.0,77.9,8450,190970,0
FINNIFTY31JUL2526700PE.NFO,2025-07-30,11:25:00,2025-07-31,77.9,78.75,74.4,77.0,10660,190970,0
FINNIFTY31JUL2526700PE.NFO,2025-07-30,11:26:00,2025-07-31,77.0,80.1,76.05,77.6,10790,190970,0
FINNIFTY31JUL2526700PE.NFO,2025-07-30,11:27:00,2025-07-31,78.0,79.8,76.95,78.9,8060,190970,0
FINNIFTY31JUL2526700PE.NFO,2025-07-30,11:28:00,2025-07-31,78.9,79.0,70.45,72.35,28795,197275,0
FINNIFTY31JUL2526700PE.NFO,2025-07-30,11:29:00,2025-07-31,72.35,72.35,66.3,68.9,27690,197275,0
FINNIFTY31JUL2526700PE.NFO,2025-07-30,11:30:00,2025-07-31,68.9,70.4,67.6,69.85,9490,193635,0
FINNIFTY31JUL2526700PE.NFO,2025-07-30,11:31:00,2025-07-31,69.85,76.0,69.7,74.65,13390,193635,0
FINNIFTY31JUL2526700PE.NFO,2025-07-30,11:32:00,2025-07-31,74.65,74.75,70.0,70.6,9230,193635,0
FINNIFTY31JUL2526700PE.NFO,2025-07-30,11:33:00,2025-07-31,70.6,74.45,69.7,73.3,7865,197535,0
FINNIFTY31JUL2526700PE.NFO,2025-07-30,11:34:00,2025-07-31,73.3,73.35,69.5,71.55,6240,197535,0
FINNIFTY31JUL2526700PE.NFO,2025-07-30,11:35:00,2025-07-31,71.55,73.25,70.3,71.65,14690,197535,0
FINNIFTY31JUL2526700PE.NFO,2025-07-30,11:36:00,2025-07-31,71.65,75.0,71.65,73.9,6565,197535,0
FINNIFTY31JUL2526700PE.NFO,2025-07-30,11:37:00,2025-07-31,74.45,74.7,69.9,73.45,11700,206635,0
FINNIFTY31JUL2526700PE.NFO,2025-07-30,11:38:00,2025-07-31,73.05,74.85,69.85,71.45,78390,206635,0
FINNIFTY31JUL2526700PE.NFO,2025-07-30,11:39:00,2025-07-31,71.45,80.9,71.45,79.85,66105,206635,0
FINNIFTY31JUL2526700PE.NFO,2025-07-30,11:40:00,2025-07-31,79.85,88.0,76.5,78.75,70330,211510,0
FINNIFTY31JUL2526700PE.NFO,2025-07-30,11:41:00,2025-07-31,78.25,78.25,71.85,75.1,23270,211510,0
FINNIFTY31JUL2526700PE.NFO,2025-07-30,11:42:00,2025-07-31,75.1,77.0,69.0,76.8,19045,211510,0
FINNIFTY31JUL2526700PE.NFO,2025-07-30,11:43:00,2025-07-31,76.8,77.2,71.55,72.25,5850,222430,0
FINNIFTY31JUL2526700PE.NFO,2025-07-30,11:44:00,2025-07-31,72.25,75.4,72.05,74.1,5265,222430,0
FINNIFTY31JUL2526700PE.NFO,2025-07-30,11:45:00,2025-07-31,74.1,74.9,72.4,73.2,9035,222430,0
FINNIFTY31JUL2526700PE.NFO,2025-07-30,11:46:00,2025-07-31,73.1,78.75,73.0,74.75,14755,224640,0
FINNIFTY31JUL2526700PE.NFO,2025-07-30,11:47:00,2025-07-31,74.75,78.15,74.75,75.75,5070,224640,0
FINNIFTY31JUL2526700PE.NFO,2025-07-30,11:48:00,2025-07-31,75.75,76.25,72.5,72.9,9165,224640,0
FINNIFTY31JUL2526700PE.NFO,2025-07-30,11:49:00,2025-07-31,72.9,74.9,71.95,73.4,8905,225225,0
FINNIFTY31JUL2526700PE.NFO,2025-07-30,11:50:00,2025-07-31,73.4,73.65,71.5,72.05,6565,225225,0
FINNIFTY31JUL2526700PE.NFO,2025-07-30,11:51:00,2025-07-31,72.05,73.65,69.4,71.0,6370,225225,0
FINNIFTY31JUL2526700PE.NFO,2025-07-30,11:52:00,2025-07-31,71.0,72.5,70.95,72.45,3315,225420,0
FINNIFTY31JUL2526700PE.NFO,2025-07-30,11:53:00,2025-07-31,73.0,73.0,68.65,69.75,11440,225420,0
FINNIFTY31JUL2526700PE.NFO,2025-07-30,11:54:00,2025-07-31,69.75,70.05,67.9,69.4,10010,225420,0
FINNIFTY31JUL2526700PE.NFO,2025-07-30,11:55:00,2025-07-31,69.4,70.35,68.65,69.95,12090,214630,0
FINNIFTY31JUL2526700PE.NFO,2025-07-30,11:56:00,2025-07-31,69.95,70.85,68.5,68.5,6760,214630,0
FINNIFTY31JUL2526700PE.NFO,2025-07-30,11:57:00,2025-07-31,68.5,69.5,67.85,69.1,5785,214630,0
FINNIFTY31JUL2526700PE.NFO,2025-07-30,11:58:00,2025-07-31,69.1,70.4,67.7,70.2,3055,214045,0
FINNIFTY31JUL2526700PE.NFO,2025-07-30,11:59:00,2025-07-31,70.2,72.15,69.5,70.4,6955,214045,0
FINNIFTY31JUL2526700PE.NFO,2025-07-30,12:00:00,2025-07-31,70.4,71.55,69.0,70.1,10530,214045,0
FINNIFTY31JUL2526700PE.NFO,2025-07-30,12:01:00,2025-07-31,70.1,72.0,69.9,69.9,3510,215020,0
FINNIFTY31JUL2526700PE.NFO,2025-07-30,12:02:00,2025-07-31,69.45,70.05,66.2,69.3,17355,215020,0
FINNIFTY31JUL2526700PE.NFO,2025-07-30,12:03:00,2025-07-31,69.3,71.45,68.0,70.85,7150,215020,0
FINNIFTY31JUL2526700PE.NFO,2025-07-30,12:04:00,2025-07-31,71.05,72.5,68.85,68.9,9230,222820,0
FINNIFTY31JUL2526700PE.NFO,2025-07-30,12:05:00,2025-07-31,68.9,72.45,68.9,72.35,6695,222820,0
FINNIFTY31JUL2526700PE.NFO,2025-07-30,12:06:00,2025-07-31,72.5,73.0,71.2,72.0,11115,222820,0
FINNIFTY31JUL2526700PE.NFO,2025-07-30,12:07:00,2025-07-31,72.0,73.45,70.55,70.55,6760,225940,0
FINNIFTY31JUL2526700PE.NFO,2025-07-30,12:08:00,2025-07-31,70.55,72.1,70.5,70.7,3640,225940,0
FINNIFTY31JUL2526700PE.NFO,2025-07-30,12:09:00,2025-07-31,70.7,76.35,70.7,74.25,12870,225940,0
FINNIFTY31JUL2526700PE.NFO,2025-07-30,12:10:00,2025-07-31,74.0,76.45,69.55,70.5,16705,225810,0
FINNIFTY31JUL2526700PE.NFO,2025-07-30,12:11:00,2025-07-31,70.8,75.15,70.8,73.75,15080,225810,0
FINNIFTY31JUL2526700PE.NFO,2025-07-30,12:12:00,2025-07-31,73.75,75.0,72.65,74.8,2990,225810,0
FINNIFTY31JUL2526700PE.NFO,2025-07-30,12:13:00,2025-07-31,74.8,75.5,72.6,75.5,12480,226980,0
FINNIFTY31JUL2526700PE.NFO,2025-07-30,12:14:00,2025-07-31,75.5,78.0,75.0,75.35,15665,226980,0
FINNIFTY31JUL2526700PE.NFO,2025-07-30,12:15:00,2025-07-31,76.8,76.8,72.65,74.15,16965,226980,0
FINNIFTY31JUL2526700PE.NFO,2025-07-30,12:16:00,2025-07-31,74.15,75.35,73.2,74.85,6435,228085,0
FINNIFTY31JUL2526700PE.NFO,2025-07-30,12:17:00,2025-07-31,74.5,74.75,62.95,64.05,29120,228085,0
FINNIFTY31JUL2526700PE.NFO,2025-07-30,12:18:00,2025-07-31,64.05,67.8,64.05,67.4,13130,228085,0
FINNIFTY31JUL2526700PE.NFO,2025-07-30,12:19:00,2025-07-31,67.4,69.2,64.15,65.9,7995,226980,0
FINNIFTY31JUL2526700PE.NFO,2025-07-30,12:20:00,2025-07-31,65.9,67.0,64.45,66.7,6760,226980,0
FINNIFTY31JUL2526700PE.NFO,2025-07-30,12:21:00,2025-07-31,66.7,67.0,66.1,66.3,5525,226980,0
FINNIFTY31JUL2526700PE.NFO,2025-07-30,12:22:00,2025-07-31,67.6,68.8,66.45,68.55,5395,229775,0
FINNIFTY31JUL2526700PE.NFO,2025-07-30,12:23:00,2025-07-31,68.0,68.15,65.4,66.6,7020,229775,0
FINNIFTY31JUL2526700PE.NFO,2025-07-30,12:24:00,2025-07-31,66.6,66.6,64.4,65.55,5590,229775,0
FINNIFTY31JUL2526700PE.NFO,2025-07-30,12:25:00,2025-07-31,65.55,66.7,65.55,66.15,5330,231205,0
FINNIFTY31JUL2526700PE.NFO,2025-07-30,12:26:00,2025-07-31,65.0,67.0,65.0,67.0,6435,231205,0
FINNIFTY31JUL2526700PE.NFO,2025-07-30,12:27:00,2025-07-31,67.0,69.15,67.0,67.3,4550,231205,0
FINNIFTY31JUL2526700PE.NFO,2025-07-30,12:28:00,2025-07-31,67.3,70.0,67.3,69.15,7020,230035,0
FINNIFTY31JUL2526700PE.NFO,2025-07-30,12:29:00,2025-07-31,69.15,69.8,66.9,67.45,4615,230035,0
FINNIFTY31JUL2526700PE.NFO,2025-07-30,12:30:00,2025-07-31,67.45,67.45,64.3,65.25,10790,230035,0
FINNIFTY31JUL2526700PE.NFO,2025-07-30,12:31:00,2025-07-31,65.25,68.15,64.7,68.0,5005,234715,0
FINNIFTY31JUL2526700PE.NFO,2025-07-30,12:32:00,2025-07-31,68.0,70.3,67.2,69.25,11180,234715,0
FINNIFTY31JUL2526700PE.NFO,2025-07-30,12:33:00,2025-07-31,69.25,72.0,68.8,71.4,12805,234715,0
FINNIFTY31JUL2526700PE.NFO,2025-07-30,12:34:00,2025-07-31,71.4,71.6,69.7,71.6,6045,232700,0
FINNIFTY31JUL2526700PE.NFO,2025-07-30,12:35:00,2025-07-31,71.6,71.9,68.4,68.45,10205,232700,0
FINNIFTY31JUL2526700PE.NFO,2025-07-30,12:36:00,2025-07-31,68.45,71.0,68.45,69.9,4290,232700,0
FINNIFTY31JUL2526700PE.NFO,2025-07-30,12:37:00,2025-07-31,69.9,72.5,69.9,71.55,10725,233545,0
FINNIFTY31JUL2526700PE.NFO,2025-07-30,12:38:00,2025-07-31,71.55,71.55,69.8,70.7,5005,233545,0
FINNIFTY31JUL2526700PE.NFO,2025-07-30,12:39:00,2025-07-31,70.7,73.45,70.7,72.6,9425,233545,0
FINNIFTY31JUL2526700PE.NFO,2025-07-30,12:40:00,2025-07-31,72.6,72.6,67.85,68.4,10335,235040,0
FINNIFTY31JUL2526700PE.NFO,2025-07-30,12:41:00,2025-07-31,68.4,68.8,66.8,67.8,7020,235040,0
FINNIFTY31JUL2526700PE.NFO,2025-07-30,12:42:00,2025-07-31,67.8,76.6,67.8,75.75,16770,235040,0
FINNIFTY31JUL2526700PE.NFO,2025-07-30,12:43:00,2025-07-31,75.75,79.05,74.5,78.55,29315,228605,0
FINNIFTY31JUL2526700PE.NFO,2025-07-30,12:44:00,2025-07-31,78.55,81.85,77.5,79.45,28925,228605,0
FINNIFTY31JUL2526700PE.NFO,2025-07-30,12:45:00,2025-07-31,79.45,80.25,76.4,78.4,16770,228605,0
FINNIFTY31JUL2526700PE.NFO,2025-07-30,12:46:00,2025-07-31,78.4,80.0,76.95,77.8,6370,235885,0
FINNIFTY31JUL2526700PE.NFO,2025-07-30,12:47:00,2025-07-31,78.65,78.65,71.6,72.15,19890,235885,0
FINNIFTY31JUL2526700PE.NFO,2025-07-30,12:48:00,2025-07-31,72.15,80.1,72.05,79.75,15405,235885,0
FINNIFTY31JUL2526700PE.NFO,2025-07-30,12:49:00,2025-07-31,79.75,83.0,79.05,80.25,21580,232505,0
FINNIFTY31JUL2526700PE.NFO,2025-07-30,12:50:00,2025-07-31,80.25,80.35,77.0,78.3,8320,232505,0
FINNIFTY31JUL2526700PE.NFO,2025-07-30,12:51:00,2025-07-31,78.3,78.3,73.0,75.0,11115,232505,0
FINNIFTY31JUL2526700PE.NFO,2025-07-30,12:52:00,2025-07-31,75.0,76.1,73.15,75.0,3640,233805,0
FINNIFTY31JUL2526700PE.NFO,2025-07-30,12:53:00,2025-07-31,75.0,75.0,70.15,74.3,18980,233805,0
FINNIFTY31JUL2526700PE.NFO,2025-07-30,12:54:00,2025-07-31,74.3,74.3,66.15,67.9,17290,233805,0
FINNIFTY31JUL2526700PE.NFO,2025-07-30,12:55:00,2025-07-31,67.9,71.55,66.65,70.7,13130,235755,0
FINNIFTY31JUL2526700PE.NFO,2025-07-30,12:56:00,2025-07-31,70.7,73.15,70.1,71.8,6955,235755,0
FINNIFTY31JUL2526700PE.NFO,2025-07-30,12:57:00,2025-07-31,71.8,74.0,71.6,73.9,6500,235755,0
FINNIFTY31JUL2526700PE.NFO,2025-07-30,12:58:00,2025-07-31,73.55,74.15,73.2,73.6,3835,232505,0
FINNIFTY31JUL2526700PE.NFO,2025-07-30,12:59:00,2025-07-31,73.6,74.05,71.0,72.05,7345,232505,0
FINNIFTY31JUL2526700PE.NFO,2025-07-30,13:00:00,2025-07-31,72.05,72.75,70.3,70.3,5655,232505,0
FINNIFTY31JUL2526700PE.NFO,2025-07-30,13:01:00,2025-07-31,70.3,71.75,70.3,70.6,4810,232375,0
FINNIFTY31JUL2526700PE.NFO,2025-07-30,13:02:00,2025-07-31,70.6,70.6,67.75,70.15,8255,232375,0
FINNIFTY31JUL2526700PE.NFO,2025-07-30,13:03:00,2025-07-31,70.15,70.15,67.3,69.2,3250,232375,0
FINNIFTY31JUL2526700PE.NFO,2025-07-30,13:04:00,2025-07-31,69.2,69.8,68.0,69.0,3835,232830,0
FINNIFTY31JUL2526700PE.NFO,2025-07-30,13:05:00,2025-07-31,69.2,75.95,68.85,74.15,48815,232830,0
FINNIFTY31JUL2526700PE.NFO,2025-07-30,13:06:00,2025-07-31,74.15,80.2,73.9,74.95,33150,232830,0
FINNIFTY31JUL2526700PE.NFO,2025-07-30,13:07:00,2025-07-31,74.95,79.3,74.95,78.5,9295,268125,0
FINNIFTY31JUL2526700PE.NFO,2025-07-30,13:08:00,2025-07-31,78.5,78.7,75.65,77.55,10985,268125,0
FINNIFTY31JUL2526700PE.NFO,2025-07-30,13:09:00,2025-07-31,77.5,77.85,75.05,76.45,3965,268125,0
FINNIFTY31JUL2526700PE.NFO,2025-07-30,13:10:00,2025-07-31,76.45,77.9,76.0,77.55,4420,267540,0
FINNIFTY31JUL2526700PE.NFO,2025-07-30,13:11:00,2025-07-31,77.55,80.0,68.75,69.75,65715,267540,0
FINNIFTY31JUL2526700PE.NFO,2025-07-30,13:12:00,2025-07-31,69.8,83.0,69.8,79.65,38740,267540,0
FINNIFTY31JUL2526700PE.NFO,2025-07-30,13:13:00,2025-07-31,80.55,80.55,75.6,76.4,9685,234975,0
FINNIFTY31JUL2526700PE.NFO,2025-07-30,13:14:00,2025-07-31,77.35,78.5,75.15,76.65,9230,234975,0
FINNIFTY31JUL2526700PE.NFO,2025-07-30,13:15:00,2025-07-31,76.65,76.9,74.55,75.65,13000,234975,0
FINNIFTY31JUL2526700PE.NFO,2025-07-30,13:16:00,2025-07-31,75.65,79.05,74.7,77.55,8190,233480,0
FINNIFTY31JUL2526700PE.NFO,2025-07-30,13:17:00,2025-07-31,77.55,79.65,76.1,77.0,8970,233480,0
FINNIFTY31JUL2526700PE.NFO,2025-07-30,13:18:00,2025-07-31,77.0,80.5,76.0,79.9,10010,233480,0
FINNIFTY31JUL2526700PE.NFO,2025-07-30,13:19:00,2025-07-31,79.9,82.3,79.35,80.4,11310,232830,0
FINNIFTY31JUL2526700PE.NFO,2025-07-30,13:20:00,2025-07-31,79.0,86.15,77.5,84.4,25090,232830,0
FINNIFTY31JUL2526700PE.NFO,2025-07-30,13:21:00,2025-07-31,84.4,84.4,81.0,83.85,11830,232830,0
FINNIFTY31JUL2526700PE.NFO,2025-07-30,13:22:00,2025-07-31,83.85,85.0,81.75,84.3,15860,230035,0
FINNIFTY31JUL2526700PE.NFO,2025-07-30,13:23:00,2025-07-31,84.3,85.6,82.7,85.3,16120,230035,0
FINNIFTY31JUL2526700PE.NFO,2025-07-30,13:24:00,2025-07-31,85.3,85.85,83.1,83.65,12090,230035,0
FINNIFTY31JUL2526700PE.NFO,2025-07-30,13:25:00,2025-07-31,83.65,84.65,80.8,84.65,13325,241020,0
FINNIFTY31JUL2526700PE.NFO,2025-07-30,13:26:00,2025-07-31,84.5,85.05,76.55,80.3,20930,241020,0
FINNIFTY31JUL2526700PE.NFO,2025-07-30,13:27:00,2025-07-31,80.3,81.5,78.45,81.0,8320,241020,0
FINNIFTY31JUL2526700PE.NFO,2025-07-30,13:28:00,2025-07-31,81.0,82.0,79.2,81.55,5980,251355,0
FINNIFTY31JUL2526700PE.NFO,2025-07-30,13:29:00,2025-07-31,81.55,92.35,81.55,88.35,58500,251355,0
FINNIFTY31JUL2526700PE.NFO,2025-07-30,13:30:00,2025-07-31,88.35,90.05,82.45,83.65,23010,251355,0
FINNIFTY31JUL2526700PE.NFO,2025-07-30,13:31:00,2025-07-31,83.65,87.35,82.0,87.15,11375,261690,0
FINNIFTY31JUL2526700PE.NFO,2025-07-30,13:32:00,2025-07-31,87.15,87.15,78.55,81.05,23725,261690,0
FINNIFTY31JUL2526700PE.NFO,2025-07-30,13:33:00,2025-07-31,81.35,81.35,69.55,70.4,50635,261690,0
FINNIFTY31JUL2526700PE.NFO,2025-07-30,13:34:00,2025-07-31,70.4,74.7,69.75,74.0,13910,252005,0
FINNIFTY31JUL2526700PE.NFO,2025-07-30,13:35:00,2025-07-31,74.0,77.75,74.0,75.3,10205,252005,0
FINNIFTY31JUL2526700PE.NFO,2025-07-30,13:36:00,2025-07-31,75.3,75.7,67.95,69.55,19500,252005,0
FINNIFTY31JUL2526700PE.NFO,2025-07-30,13:37:00,2025-07-31,69.55,72.8,69.35,72.55,12480,255905,0
FINNIFTY31JUL2526700PE.NFO,2025-07-30,13:38:00,2025-07-31,72.55,74.1,71.9,73.1,14755,255905,0
FINNIFTY31JUL2526700PE.NFO,2025-07-30,13:39:00,2025-07-31,73.1,73.5,70.65,73.05,12870,255905,0
FINNIFTY31JUL2526700PE.NFO,2025-07-30,13:40:00,2025-07-31,73.3,74.1,71.0,73.45,10725,262795,0
FINNIFTY31JUL2526700PE.NFO,2025-07-30,13:41:00,2025-07-31,73.45,73.45,69.25,70.9,13910,262795,0
FINNIFTY31JUL2526700PE.NFO,2025-07-30,13:42:00,2025-07-31,70.9,73.0,70.25,73.0,4290,262795,0
FINNIFTY31JUL2526700PE.NFO,2025-07-30,13:43:00,2025-07-31,73.0,73.85,70.9,71.2,6305,259870,0
FINNIFTY31JUL2526700PE.NFO,2025-07-30,13:44:00,2025-07-31,71.2,73.0,70.05,71.85,9815,259870,0
FINNIFTY31JUL2526700PE.NFO,2025-07-30,13:45:00,2025-07-31,71.85,74.5,70.8,74.5,18200,259870,0
FINNIFTY31JUL2526700PE.NFO,2025-07-30,13:46:00,2025-07-31,74.5,75.7,72.2,73.0,18070,268320,0
FINNIFTY31JUL2526700PE.NFO,2025-07-30,13:47:00,2025-07-31,73.0,75.4,71.85,73.2,17095,268320,0
FINNIFTY31JUL2526700PE.NFO,2025-07-30,13:48:00,2025-07-31,73.2,75.5,73.2,74.1,8645,268320,0
FINNIFTY31JUL2526700PE.NFO,2025-07-30,13:49:00,2025-07-31,74.6,75.45,72.95,73.7,7605,271830,0
FINNIFTY31JUL2526700PE.NFO,2025-07-30,13:50:00,2025-07-31,73.7,77.6,72.25,77.15,15795,271830,0
FINNIFTY31JUL2526700PE.NFO,2025-07-30,13:51:00,2025-07-31,77.55,80.9,75.15,75.9,68445,271830,0
FINNIFTY31JUL2526700PE.NFO,2025-07-30,13:52:00,2025-07-31,75.9,79.9,74.05,74.3,23075,266955,0
FINNIFTY31JUL2526700PE.NFO,2025-07-30,13:53:00,2025-07-31,74.0,77.95,72.85,77.65,46410,266955,0
FINNIFTY31JUL2526700PE.NFO,2025-07-30,13:54:00,2025-07-31,77.65,78.85,74.0,74.0,9360,266955,0
FINNIFTY31JUL2526700PE.NFO,2025-07-30,13:55:00,2025-07-31,74.0,75.05,71.95,73.2,15405,263315,0
FINNIFTY31JUL2526700PE.NFO,2025-07-30,13:56:00,2025-07-31,73.2,77.15,73.2,75.8,4420,263315,0
FINNIFTY31JUL2526700PE.NFO,2025-07-30,13:57:00,2025-07-31,75.8,76.35,74.0,75.4,5070,263315,0
FINNIFTY31JUL2526700PE.NFO,2025-07-30,13:58:00,2025-07-31,75.4,75.4,71.3,72.05,12415,263120,0
FINNIFTY31JUL2526700PE.NFO,2025-07-30,13:59:00,2025-07-31,72.05,72.6,68.55,71.0,24440,263120,0
FINNIFTY31JUL2526700PE.NFO,2025-07-30,14:00:00,2025-07-31,71.0,71.0,67.0,70.15,20930,263120,0
FINNIFTY31JUL2526700PE.NFO,2025-07-30,14:01:00,2025-07-31,69.5,71.5,69.25,71.5,8060,257075,0
FINNIFTY31JUL2526700PE.NFO,2025-07-30,14:02:00,2025-07-31,71.5,76.0,71.5,73.85,16575,257075,0
FINNIFTY31JUL2526700PE.NFO,2025-07-30,14:03:00,2025-07-31,73.85,78.3,73.25,78.3,7865,257075,0
FINNIFTY31JUL2526700PE.NFO,2025-07-30,14:04:00,2025-07-31,78.3,78.95,71.55,72.1,15080,254085,0
FINNIFTY31JUL2526700PE.NFO,2025-07-30,14:05:00,2025-07-31,72.1,73.85,72.0,73.85,4940,254085,0
FINNIFTY31JUL2526700PE.NFO,2025-07-30,14:06:00,2025-07-31,73.85,74.3,71.95,72.05,5265,254085,0
FINNIFTY31JUL2526700PE.NFO,2025-07-30,14:07:00,2025-07-31,72.05,76.95,72.05,75.7,7085,247650,0
FINNIFTY31JUL2526700PE.NFO,2025-07-30,14:08:00,2025-07-31,75.7,82.0,75.7,78.8,23595,247650,0
FINNIFTY31JUL2526700PE.NFO,2025-07-30,14:09:00,2025-07-31,78.8,78.8,74.1,77.85,10790,247650,0
FINNIFTY31JUL2526700PE.NFO,2025-07-30,14:10:00,2025-07-31,77.75,77.75,75.5,76.5,7410,246480,0
FINNIFTY31JUL2526700PE.NFO,2025-07-30,14:11:00,2025-07-31,76.5,77.65,74.7,75.6,9490,246480,0
FINNIFTY31JUL2526700PE.NFO,2025-07-30,14:12:00,2025-07-31,75.6,75.6,73.35,75.0,4940,246480,0
FINNIFTY31JUL2526700PE.NFO,2025-07-30,14:13:00,2025-07-31,75.0,75.8,74.65,75.8,3835,247390,0
FINNIFTY31JUL2526700PE.NFO,2025-07-30,14:14:00,2025-07-31,75.8,76.75,74.7,74.7,4290,247390,0
FINNIFTY31JUL2526700PE.NFO,2025-07-30,14:15:00,2025-07-31,74.7,77.15,74.0,74.2,4680,247390,0
FINNIFTY31JUL2526700PE.NFO,2025-07-30,14:16:00,2025-07-31,74.2,78.75,74.2,78.0,7280,246935,0
FINNIFTY31JUL2526700PE.NFO,2025-07-30,14:17:00,2025-07-31,78.0,79.3,77.1,78.25,14170,246935,0
FINNIFTY31JUL2526700PE.NFO,2025-07-30,14:18:00,2025-07-31,78.25,81.15,77.4,79.5,12090,246935,0
FINNIFTY31JUL2526700PE.NFO,2025-07-30,14:19:00,2025-07-31,79.5,81.0,77.75,78.8,13585,248040,0
FINNIFTY31JUL2526700PE.NFO,2025-07-30,14:20:00,2025-07-31,78.8,79.75,77.55,78.85,10595,248040,0
FINNIFTY31JUL2526700PE.NFO,2025-07-30,14:21:00,2025-07-31,78.85,80.0,77.65,80.0,2795,248040,0
FINNIFTY31JUL2526700PE.NFO,2025-07-30,14:22:00,2025-07-31,80.0,82.65,78.4,82.25,13000,254475,0
FINNIFTY31JUL2526700PE.NFO,2025-07-30,14:23:00,2025-07-31,82.25,82.3,77.8,80.9,15730,254475,0
FINNIFTY31JUL2526700PE.NFO,2025-07-30,14:24:00,2025-07-31,80.9,80.9,77.55,79.85,6435,254475,0
FINNIFTY31JUL2526700PE.NFO,2025-07-30,14:25:00,2025-07-31,79.85,79.85,74.9,74.9,10075,248495,0
FINNIFTY31JUL2526700PE.NFO,2025-07-30,14:26:00,2025-07-31,74.9,74.95,72.65,73.1,13000,248495,0
FINNIFTY31JUL2526700PE.NFO,2025-07-30,14:27:00,2025-07-31,73.1,74.75,71.9,72.35,10855,248495,0
FINNIFTY31JUL2526700PE.NFO,2025-07-30,14:28:00,2025-07-31,72.35,73.8,70.35,70.55,15275,239850,0
FINNIFTY31JUL2526700PE.NFO,2025-07-30,14:29:00,2025-07-31,70.55,71.0,68.2,69.9,15860,239850,0
FINNIFTY31JUL2526700PE.NFO,2025-07-30,14:30:00,2025-07-31,69.9,71.0,69.15,69.15,16380,239850,0
FINNIFTY31JUL2526700PE.NFO,2025-07-30,14:31:00,2025-07-31,69.15,72.4,69.15,72.15,19825,221845,0
FINNIFTY31JUL2526700PE.NFO,2025-07-30,14:32:00,2025-07-31,72.15,72.15,67.15,68.55,10465,221845,0
FINNIFTY31JUL2526700PE.NFO,2025-07-30,14:33:00,2025-07-31,68.55,68.55,62.75,63.9,28015,221845,0
FINNIFTY31JUL2526700PE.NFO,2025-07-30,14:34:00,2025-07-31,63.95,64.3,62.0,62.0,20930,222170,0
FINNIFTY31JUL2526700PE.NFO,2025-07-30,14:35:00,2025-07-31,62.6,64.85,61.35,64.85,17875,222170,0
FINNIFTY31JUL2526700PE.NFO,2025-07-30,14:36:00,2025-07-31,64.9,67.5,64.4,64.65,17745,222170,0
FINNIFTY31JUL2526700PE.NFO,2025-07-30,14:37:00,2025-07-31,65.2,66.4,64.65,66.4,3575,221065,0
FINNIFTY31JUL2526700PE.NFO,2025-07-30,14:38:00,2025-07-31,66.4,67.0,65.45,66.8,2795,221065,0
FINNIFTY31JUL2526700PE.NFO,2025-07-30,14:39:00,2025-07-31,66.35,66.95,64.4,65.15,5655,221065,0
FINNIFTY31JUL2526700PE.NFO,2025-07-30,14:40:00,2025-07-31,65.15,67.25,65.15,66.55,6825,222950,0
FINNIFTY31JUL2526700PE.NFO,2025-07-30,14:41:00,2025-07-31,66.55,68.65,66.15,68.6,13000,222950,0
FINNIFTY31JUL2526700PE.NFO,2025-07-30,14:42:00,2025-07-31,68.5,68.8,66.7,67.95,10010,222950,0
FINNIFTY31JUL2526700PE.NFO,2025-07-30,14:43:00,2025-07-31,67.95,70.3,66.85,68.9,13390,223405,0
FINNIFTY31JUL2526700PE.NFO,2025-07-30,14:44:00,2025-07-31,69.6,70.35,68.05,69.35,8840,223405,0
FINNIFTY31JUL2526700PE.NFO,2025-07-30,14:45:00,2025-07-31,69.35,69.45,66.55,66.55,14105,223405,0
FINNIFTY31JUL2526700PE.NFO,2025-07-30,14:46:00,2025-07-31,66.55,67.6,65.55,65.85,7865,223340,0
FINNIFTY31JUL2526700PE.NFO,2025-07-30,14:47:00,2025-07-31,65.85,66.5,64.0,65.45,11635,223340,0
FINNIFTY31JUL2526700PE.NFO,2025-07-30,14:48:00,2025-07-31,65.45,65.75,63.7,64.65,10790,223340,0
FINNIFTY31JUL2526700PE.NFO,2025-07-30,14:49:00,2025-07-31,64.65,68.25,64.65,66.0,15665,219245,0
FINNIFTY31JUL2526700PE.NFO,2025-07-30,14:50:00,2025-07-31,66.0,66.0,63.0,63.5,10335,219245,0
FINNIFTY31JUL2526700PE.NFO,2025-07-30,14:51:00,2025-07-31,63.5,67.65,63.35,66.0,5265,219245,0
FINNIFTY31JUL2526700PE.NFO,2025-07-30,14:52:00,2025-07-31,66.0,66.85,65.15,65.3,6565,224510,0
FINNIFTY31JUL2526700PE.NFO,2025-07-30,14:53:00,2025-07-31,65.3,66.55,63.55,65.0,6175,224510,0
FINNIFTY31JUL2526700PE.NFO,2025-07-30,14:54:00,2025-07-31,65.0,65.5,63.6,65.05,9360,224510,0
FINNIFTY31JUL2526700PE.NFO,2025-07-30,14:55:00,2025-07-31,65.05,66.05,63.7,63.7,9685,227435,0
FINNIFTY31JUL2526700PE.NFO,2025-07-30,14:56:00,2025-07-31,63.7,65.5,61.8,65.5,11440,227435,0
FINNIFTY31JUL2526700PE.NFO,2025-07-30,14:57:00,2025-07-31,65.5,66.0,64.55,65.25,4030,227435,0
FINNIFTY31JUL2526700PE.NFO,2025-07-30,14:58:00,2025-07-31,65.25,65.25,62.0,62.85,15340,228930,0
FINNIFTY31JUL2526700PE.NFO,2025-07-30,14:59:00,2025-07-31,62.85,66.8,61.4,65.7,7280,228930,0
FINNIFTY31JUL2526700PE.NFO,2025-07-30,15:00:00,2025-07-31,65.55,65.65,61.4,63.4,12090,228930,0
FINNIFTY31JUL2526700PE.NFO,2025-07-30,15:01:00,2025-07-31,63.4,64.75,62.95,64.25,10400,227825,0
FINNIFTY31JUL2526700PE.NFO,2025-07-30,15:02:00,2025-07-31,64.25,64.5,58.0,58.9,68640,227825,0
FINNIFTY31JUL2526700PE.NFO,2025-07-30,15:03:00,2025-07-31,59.2,62.15,57.2,62.0,32890,227825,0
FINNIFTY31JUL2526700PE.NFO,2025-07-30,15:04:00,2025-07-31,62.0,64.45,61.0,62.55,10075,243815,0
FINNIFTY31JUL2526700PE.NFO,2025-07-30,15:05:00,2025-07-31,62.55,63.55,61.75,63.55,13585,243815,0
FINNIFTY31JUL2526700PE.NFO,2025-07-30,15:06:00,2025-07-31,62.9,65.0,62.5,63.6,15015,243815,0
FINNIFTY31JUL2526700PE.NFO,2025-07-30,15:07:00,2025-07-31,63.6,67.0,63.6,65.55,23465,237250,0
FINNIFTY31JUL2526700PE.NFO,2025-07-30,15:08:00,2025-07-31,65.55,67.15,64.2,67.15,8645,237250,0
FINNIFTY31JUL2526700PE.NFO,2025-07-30,15:09:00,2025-07-31,67.15,68.4,65.35,67.4,15275,237250,0
FINNIFTY31JUL2526700PE.NFO,2025-07-30,15:10:00,2025-07-31,67.4,69.6,66.5,68.05,17550,233480,0
FINNIFTY31JUL2526700PE.NFO,2025-07-30,15:11:00,2025-07-31,68.05,68.05,65.05,66.0,16120,233480,0
FINNIFTY31JUL2526700PE.NFO,2025-07-30,15:12:00,2025-07-31,66.0,67.5,65.0,67.15,5785,233480,0
FINNIFTY31JUL2526700PE.NFO,2025-07-30,15:13:00,2025-07-31,67.15,68.0,66.35,66.95,8320,234325,0
FINNIFTY31JUL2526700PE.NFO,2025-07-30,15:14:00,2025-07-31,66.95,67.85,64.75,65.4,9295,234325,0
FINNIFTY31JUL2526700PE.NFO,2025-07-30,15:15:00,2025-07-31,65.4,66.85,62.85,63.65,30940,234325,0
FINNIFTY31JUL2526700PE.NFO,2025-07-30,15:16:00,2025-07-31,64.2,66.4,62.85,65.35,13260,230100,0
FINNIFTY31JUL2526700PE.NFO,2025-07-30,15:17:00,2025-07-31,64.9,66.05,63.7,65.8,7215,230100,0
FINNIFTY31JUL2526700PE.NFO,2025-07-30,15:18:00,2025-07-31,65.7,68.9,65.65,67.35,17745,230100,0
FINNIFTY31JUL2526700PE.NFO,2025-07-30,15:19:00,2025-07-31,65.75,67.4,65.55,66.2,11960,229580,0
FINNIFTY31JUL2526700PE.NFO,2025-07-30,15:20:00,2025-07-31,66.2,67.95,65.5,66.1,15535,229580,0
FINNIFTY31JUL2526700PE.NFO,2025-07-30,15:21:00,2025-07-31,66.1,67.85,66.1,67.25,10920,229580,0
FINNIFTY31JUL2526700PE.NFO,2025-07-30,15:22:00,2025-07-31,67.25,68.8,66.55,67.9,10530,229645,0
FINNIFTY31JUL2526700PE.NFO,2025-07-30,15:23:00,2025-07-31,67.9,69.85,67.2,67.2,12415,229645,0
FINNIFTY31JUL2526700PE.NFO,2025-07-30,15:24:00,2025-07-31,67.5,68.4,65.05,67.0,12870,229645,0
FINNIFTY31JUL2526700PE.NFO,2025-07-30,15:25:00,2025-07-31,67.15,67.15,65.8,66.85,13195,226005,0
FINNIFTY31JUL2526700PE.NFO,2025-07-30,15:26:00,2025-07-31,66.85,69.65,66.2,69.2,12870,226005,0
FINNIFTY31JUL2526700PE.NFO,2025-07-30,15:27:00,2025-07-31,69.2,70.0,67.45,69.65,16835,226005,0
FINNIFTY31JUL2526700PE.NFO,2025-07-30,15:28:00,2025-07-31,69.65,69.65,65.95,66.8,19890,209495,0
FINNIFTY31JUL2526700PE.NFO,2025-07-30,15:29:00,2025-07-31,66.65,73.0,60.0,73.0,25870,209495,0
FINNIFTY31JUL2526700PE.NFO,2025-07-30,15:30:00,2025-07-31,73.0,73.0,73.0,73.0,25870,209495,1
FINNIFTY31JUL2526700PE.NFO,2025-07-31,09:15:00,2025-07-31,145.15,200.0,101.25,114.55,69680,190775,0
FINNIFTY31JUL2526700PE.NFO,2025-07-31,09:16:00,2025-07-31,114.55,157.25,114.4,157.25,43680,190775,0
FINNIFTY31JUL2526700PE.NFO,2025-07-31,09:17:00,2025-07-31,157.25,198.7,156.0,166.0,26910,190775,0
FINNIFTY31JUL2526700PE.NFO,2025-07-31,09:18:00,2025-07-31,168.85,169.55,140.9,160.0,22100,178295,0
FINNIFTY31JUL2526700PE.NFO,2025-07-31,09:19:00,2025-07-31,160.0,174.35,155.65,166.25,20605,178295,0
FINNIFTY31JUL2526700PE.NFO,2025-07-31,09:20:00,2025-07-31,166.25,175.25,151.65,153.3,10595,178295,0
FINNIFTY31JUL2526700PE.NFO,2025-07-31,09:21:00,2025-07-31,153.3,157.55,139.15,146.05,12805,166400,0
FINNIFTY31JUL2526700PE.NFO,2025-07-31,09:22:00,2025-07-31,146.05,157.95,144.4,148.55,23985,166400,0
FINNIFTY31JUL2526700PE.NFO,2025-07-31,09:23:00,2025-07-31,148.55,153.85,136.05,149.6,12155,166400,0
FINNIFTY31JUL2526700PE.NFO,2025-07-31,09:24:00,2025-07-31,149.6,149.6,137.7,142.1,6305,152165,0
FINNIFTY31JUL2526700PE.NFO,2025-07-31,09:25:00,2025-07-31,142.1,156.2,139.65,154.6,14885,152165,0
FINNIFTY31JUL2526700PE.NFO,2025-07-31,09:26:00,2025-07-31,154.6,154.6,130.0,130.0,3445,152165,0
FINNIFTY31JUL2526700PE.NFO,2025-07-31,09:27:00,2025-07-31,129.0,141.55,123.2,138.6,14040,154830,0
FINNIFTY31JUL2526700PE.NFO,2025-07-31,09:28:00,2025-07-31,138.6,147.45,138.6,145.9,9490,154830,0
FINNIFTY31JUL2526700PE.NFO,2025-07-31,09:29:00,2025-07-31,145.9,153.5,143.9,147.6,27430,154830,0
FINNIFTY31JUL2526700PE.NFO,2025-07-31,09:30:00,2025-07-31,147.6,160.0,147.6,151.35,9035,148590,0
FINNIFTY31JUL2526700PE.NFO,2025-07-31,09:31:00,2025-07-31,151.35,159.55,140.0,142.85,5395,148590,0
FINNIFTY31JUL2526700PE.NFO,2025-07-31,09:32:00,2025-07-31,142.85,142.85,131.6,137.55,6240,148590,0
FINNIFTY31JUL2526700PE.NFO,2025-07-31,09:33:00,2025-07-31,137.55,152.3,137.55,150.45,3055,148590,0
FINNIFTY31JUL2526700PE.NFO,2025-07-31,09:34:00,2025-07-31,151.9,151.9,132.3,132.3,8515,148590,0
FINNIFTY31JUL2526700PE.NFO,2025-07-31,09:35:00,2025-07-31,132.3,145.95,132.3,140.5,3640,148590,0
FINNIFTY31JUL2526700PE.NFO,2025-07-31,09:36:00,2025-07-31,140.5,147.2,138.55,146.45,4225,146640,0
FINNIFTY31JUL2526700PE.NFO,2025-07-31,09:37:00,2025-07-31,146.45,148.4,138.0,144.15,5070,146640,0
FINNIFTY31JUL2526700PE.NFO,2025-07-31,09:38:00,2025-07-31,144.15,154.75,144.15,145.85,11635,146640,0
FINNIFTY31JUL2526700PE.NFO,2025-07-31,09:39:00,2025-07-31,145.85,155.0,145.85,152.2,8645,148720,0
FINNIFTY31JUL2526700PE.NFO,2025-07-31,09:40:00,2025-07-31,152.2,152.5,145.0,149.75,8190,148720,0
FINNIFTY31JUL2526700PE.NFO,2025-07-31,09:41:00,2025-07-31,149.75,149.75,138.5,146.4,6500,148720,0
FINNIFTY31JUL2526700PE.NFO,2025-07-31,09:42:00,2025-07-31,146.4,150.0,137.9,140.0,7670,147420,0
FINNIFTY31JUL2526700PE.NFO,2025-07-31,09:43:00,2025-07-31,140.0,148.55,139.8,142.45,8450,147420,0
FINNIFTY31JUL2526700PE.NFO,2025-07-31,09:44:00,2025-07-31,143.7,144.0,138.4,142.7,2990,147420,0
FINNIFTY31JUL2526700PE.NFO,2025-07-31,09:45:00,2025-07-31,142.7,144.95,137.0,138.5,7540,145925,0
FINNIFTY31JUL2526700PE.NFO,2025-07-31,09:46:00,2025-07-31,138.5,144.7,136.95,141.7,3380,145925,0
FINNIFTY31JUL2526700PE.NFO,2025-07-31,09:47:00,2025-07-31,141.7,155.8,139.25,148.8,8450,145925,0
FINNIFTY31JUL2526700PE.NFO,2025-07-31,09:48:00,2025-07-31,148.8,155.0,148.0,149.6,7475,142025,0
FINNIFTY31JUL2526700PE.NFO,2025-07-31,09:49:00,2025-07-31,149.6,163.0,149.6,158.35,11895,142025,0
FINNIFTY31JUL2526700PE.NFO,2025-07-31,09:50:00,2025-07-31,157.3,161.1,155.55,157.3,17615,142025,0
FINNIFTY31JUL2526700PE.NFO,2025-07-31,09:51:00,2025-07-31,157.3,162.0,147.85,154.8,9945,151905,0
FINNIFTY31JUL2526700PE.NFO,2025-07-31,09:52:00,2025-07-31,154.8,157.95,150.95,157.95,3185,151905,0
FINNIFTY31JUL2526700PE.NFO,2025-07-31,09:53:00,2025-07-31,157.95,161.0,150.65,154.8,5005,151905,0
FINNIFTY31JUL2526700PE.NFO,2025-07-31,09:54:00,2025-07-31,154.8,158.25,152.0,152.0,25025,156000,0
FINNIFTY31JUL2526700PE.NFO,2025-07-31,09:55:00,2025-07-31,152.0,159.35,151.1,156.0,4810,156000,0
FINNIFTY31JUL2526700PE.NFO,2025-07-31,09:56:00,2025-07-31,156.0,160.9,154.45,159.0,4160,156000,0
FINNIFTY31JUL2526700PE.NFO,2025-07-31,09:57:00,2025-07-31,159.0,192.8,159.0,191.65,22230,153010,0
FINNIFTY31JUL2526700PE.NFO,2025-07-31,09:58:00,2025-07-31,194.3,199.0,179.35,179.35,8905,153010,0
FINNIFTY31JUL2526700PE.NFO,2025-07-31,09:59:00,2025-07-31,179.35,186.0,179.35,186.0,2795,153010,0
FINNIFTY31JUL2526700PE.NFO,2025-07-31,10:00:00,2025-07-31,185.3,209.95,184.25,209.35,18980,160940,0
FINNIFTY31JUL2526700PE.NFO,2025-07-31,10:01:00,2025-07-31,211.6,220.55,197.9,209.55,13520,160940,0
FINNIFTY31JUL2526700PE.NFO,2025-07-31,10:02:00,2025-07-31,207.65,241.15,206.05,241.15,12090,160940,0
FINNIFTY31JUL2526700PE.NFO,2025-07-31,10:03:00,2025-07-31,241.15,241.15,229.45,232.6,7605,132990,0
FINNIFTY31JUL2526700PE.NFO,2025-07-31,10:04:00,2025-07-31,232.6,237.5,225.0,235.9,4615,132990,0
FINNIFTY31JUL2526700PE.NFO,2025-07-31,10:05:00,2025-07-31,235.9,237.5,225.0,225.0,3575,132990,0
FINNIFTY31JUL2526700PE.NFO,2025-07-31,10:06:00,2025-07-31,225.0,231.1,222.55,225.5,4420,130845,0
FINNIFTY31JUL2526700PE.NFO,2025-07-31,10:07:00,2025-07-31,222.15,222.15,206.35,209.45,14105,130845,0
FINNIFTY31JUL2526700PE.NFO,2025-07-31,10:08:00,2025-07-31,210.05,224.9,208.1,220.55,10660,130845,0
FINNIFTY31JUL2526700PE.NFO,2025-07-31,10:09:00,2025-07-31,220.55,222.3,219.9,220.6,1430,131885,0
FINNIFTY31JUL2526700PE.NFO,2025-07-31,10:10:00,2025-07-31,220.6,226.95,220.05,222.75,1170,131885,0
FINNIFTY31JUL2526700PE.NFO,2025-07-31,10:11:00,2025-07-31,222.75,222.75,211.3,218.1,1040,131885,0
FINNIFTY31JUL2526700PE.NFO,2025-07-31,10:12:00,2025-07-31,218.1,228.9,218.1,228.8,715,131170,0
FINNIFTY31JUL2526700PE.NFO,2025-07-31,10:13:00,2025-07-31,228.8,228.95,223.0,228.95,520,131170,0
FINNIFTY31JUL2526700PE.NFO,2025-07-31,10:14:00,2025-07-31,228.95,228.95,222.1,227.1,130,131170,0
FINNIFTY31JUL2526700PE.NFO,2025-07-31,10:15:00,2025-07-31,227.1,234.0,213.65,216.2,3380,131690,0
FINNIFTY31JUL2526700PE.NFO,2025-07-31,10:16:00,2025-07-31,216.2,216.2,210.0,213.6,1755,131690,0
FINNIFTY31JUL2526700PE.NFO,2025-07-31,10:17:00,2025-07-31,213.6,225.2,213.6,224.4,1105,131690,0
FINNIFTY31JUL2526700PE.NFO,2025-07-31,10:18:00,2025-07-31,224.4,224.4,216.2,221.35,1170,131690,0
FINNIFTY31JUL2526700PE.NFO,2025-07-31,10:19:00,2025-07-31,222.05,227.3,221.95,225.95,1105,132990,0
FINNIFTY31JUL2526700PE.NFO,2025-07-31,10:20:00,2025-07-31,225.95,258.45,225.95,250.0,9425,132990,0
FINNIFTY31JUL2526700PE.NFO,2025-07-31,10:21:00,2025-07-31,250.0,256.75,244.7,249.75,6175,118885,0
FINNIFTY31JUL2526700PE.NFO,2025-07-31,10:22:00,2025-07-31,249.75,249.75,239.0,241.1,2340,118885,0
FINNIFTY31JUL2526700PE.NFO,2025-07-31,10:23:00,2025-07-31,241.1,247.75,241.1,245.6,1950,118885,0
FINNIFTY31JUL2526700PE.NFO,2025-07-31,10:24:00,2025-07-31,245.6,245.6,233.5,235.0,1625,118690,0
FINNIFTY31JUL2526700PE.NFO,2025-07-31,10:25:00,2025-07-31,235.0,235.0,235.0,235.0,0,118690,0
FINNIFTY31JUL2526700PE.NFO,2025-07-31,10:26:00,2025-07-31,226.65,236.5,224.95,236.5,2275,118690,0
FINNIFTY31JUL2526700PE.NFO,2025-07-31,10:27:00,2025-07-31,236.5,236.5,221.65,228.2,2535,118690,0
FINNIFTY31JUL2526700PE.NFO,2025-07-31,10:28:00,2025-07-31,228.2,228.2,220.0,223.9,195,118820,0
FINNIFTY31JUL2526700PE.NFO,2025-07-31,10:29:00,2025-07-31,223.9,233.65,223.9,229.0,2405,118820,0
FINNIFTY31JUL2526700PE.NFO,2025-07-31,10:30:00,2025-07-31,229.0,235.0,221.25,221.55,3770,119340,0
FINNIFTY31JUL2526700PE.NFO,2025-07-31,10:31:00,2025-07-31,221.55,226.3,220.2,226.3,260,119340,0
FINNIFTY31JUL2526700PE.NFO,2025-07-31,10:32:00,2025-07-31,226.3,234.35,226.3,232.6,650,119340,0
FINNIFTY31JUL2526700PE.NFO,2025-07-31,10:33:00,2025-07-31,232.6,233.35,232.6,233.15,390,119340,0
FINNIFTY31JUL2526700PE.NFO,2025-07-31,10:34:00,2025-07-31,233.15,237.55,233.15,237.55,65,119080,0
FINNIFTY31JUL2526700PE.NFO,2025-07-31,10:35:00,2025-07-31,237.55,237.55,234.45,237.15,845,119080,0
FINNIFTY31JUL2526700PE.NFO,2025-07-31,10:36:00,2025-07-31,237.15,238.3,237.15,238.3,325,119080,0
FINNIFTY31JUL2526700PE.NFO,2025-07-31,10:37:00,2025-07-31,238.3,244.75,234.5,236.45,1040,118495,0
FINNIFTY31JUL2526700PE.NFO,2025-07-31,10:38:00,2025-07-31,236.45,237.25,229.95,237.25,1690,118495,0
FINNIFTY31JUL2526700PE.NFO,2025-07-31,10:39:00,2025-07-31,237.25,237.25,229.9,230.45,845,118495,0
FINNIFTY31JUL2526700PE.NFO,2025-07-31,10:40:00,2025-07-31,230.45,230.55,225.15,229.95,2795,118040,0
FINNIFTY31JUL2526700PE.NFO,2025-07-31,10:41:00,2025-07-31,229.95,231.85,226.9,226.9,1430,118040,0
FINNIFTY31JUL2526700PE.NFO,2025-07-31,10:42:00,2025-07-31,226.9,226.9,224.6,224.75,195,118040,0
FINNIFTY31JUL2526700PE.NFO,2025-07-31,10:43:00,2025-07-31,224.75,224.75,224.75,224.75,0,118040,0
FINNIFTY31JUL2526700PE.NFO,2025-07-31,10:44:00,2025-07-31,224.75,231.25,220.0,220.0,1040,118300,0
FINNIFTY31JUL2526700PE.NFO,2025-07-31,10:45:00,2025-07-31,220.0,220.9,204.55,215.25,2730,117715,0
FINNIFTY31JUL2526700PE.NFO,2025-07-31,10:46:00,2025-07-31,215.25,215.25,207.5,207.5,650,117715,0
FINNIFTY31JUL2526700PE.NFO,2025-07-31,10:47:00,2025-07-31,207.5,209.75,205.0,205.65,975,117715,0
FINNIFTY31JUL2526700PE.NFO,2025-07-31,10:48:00,2025-07-31,205.65,205.65,188.2,189.8,3835,118365,0
FINNIFTY31JUL2526700PE.NFO,2025-07-31,10:49:00,2025-07-31,189.8,201.65,189.8,198.55,2535,118365,0
FINNIFTY31JUL2526700PE.NFO,2025-07-31,10:50:00,2025-07-31,198.55,200.0,189.5,200.0,2210,118365,0
FINNIFTY31JUL2526700PE.NFO,2025-07-31,10:51:00,2025-07-31,200.0,208.25,200.0,205.9,1755,118365,0
FINNIFTY31JUL2526700PE.NFO,2025-07-31,10:52:00,2025-07-31,205.9,205.9,198.75,198.75,325,116740,0
FINNIFTY31JUL2526700PE.NFO,2025-07-31,10:53:00,2025-07-31,198.75,203.7,198.75,202.55,260,116740,0
FINNIFTY31JUL2526700PE.NFO,2025-07-31,10:54:00,2025-07-31,202.55,204.15,195.0,195.0,195,116740,0
FINNIFTY31JUL2526700PE.NFO,2025-07-31,10:55:00,2025-07-31,195.0,205.2,195.0,199.9,715,116935,0
FINNIFTY31JUL2526700PE.NFO,2025-07-31,10:56:00,2025-07-31,200.8,202.0,197.05,197.3,6890,116935,0
FINNIFTY31JUL2526700PE.NFO,2025-07-31,10:57:00,2025-07-31,197.3,212.0,195.8,201.2,4680,114595,0
FINNIFTY31JUL2526700PE.NFO,2025-07-31,10:58:00,2025-07-31,201.2,212.45,201.2,205.8,2925,114595,0
FINNIFTY31JUL2526700PE.NFO,2025-07-31,10:59:00,2025-07-31,205.8,205.85,193.8,193.8,1365,114595,0
FINNIFTY31JUL2526700PE.NFO,2025-07-31,11:00:00,2025-07-31,193.8,195.05,191.95,193.45,1755,113685,0
FINNIFTY31JUL2526700PE.NFO,2025-07-31,11:01:00,2025-07-31,193.45,193.45,172.3,182.5,2080,113685,0
FINNIFTY31JUL2526700PE.NFO,2025-07-31,11:02:00,2025-07-31,182.5,182.5,173.65,177.1,3380,113685,0
FINNIFTY31JUL2526700PE.NFO,2025-07-31,11:03:00,2025-07-31,177.1,180.35,173.15,177.25,3055,113685,0
FINNIFTY31JUL2526700PE.NFO,2025-07-31,11:04:00,2025-07-31,177.25,181.55,167.05,169.55,2600,112775,0
FINNIFTY31JUL2526700PE.NFO,2025-07-31,11:05:00,2025-07-31,169.55,169.55,148.65,148.65,9425,112775,0
FINNIFTY31JUL2526700PE.NFO,2025-07-31,11:06:00,2025-07-31,148.65,164.0,148.65,156.65,6890,112775,0
FINNIFTY31JUL2526700PE.NFO,2025-07-31,11:07:00,2025-07-31,156.65,165.65,153.4,153.4,1950,107640,0
FINNIFTY31JUL2526700PE.NFO,2025-07-31,11:08:00,2025-07-31,153.4,157.8,148.45,152.05,4355,107640,0
FINNIFTY31JUL2526700PE.NFO,2025-07-31,11:09:00,2025-07-31,152.05,158.75,143.95,155.4,12285,107445,0
FINNIFTY31JUL2526700PE.NFO,2025-07-31,11:10:00,2025-07-31,155.4,165.75,155.4,159.55,5330,107445,0
FINNIFTY31JUL2526700PE.NFO,2025-07-31,11:11:00,2025-07-31,159.55,162.8,158.0,158.0,4810,107445,0
FINNIFTY31JUL2526700PE.NFO,2025-07-31,11:12:00,2025-07-31,158.0,170.9,158.0,170.9,5005,107445,0
FINNIFTY31JUL2526700PE.NFO,2025-07-31,11:13:00,2025-07-31,170.9,170.9,163.85,165.25,585,108355,0
FINNIFTY31JUL2526700PE.NFO,2025-07-31,11:14:00,2025-07-31,165.25,168.9,160.3,163.25,2665,108355,0
FINNIFTY31JUL2526700PE.NFO,2025-07-31,11:15:00,2025-07-31,163.25,172.3,158.05,169.45,5200,108355,0
FINNIFTY31JUL2526700PE.NFO,2025-07-31,11:16:00,2025-07-31,169.45,169.45,161.15,164.55,4290,109850,0
FINNIFTY31JUL2526700PE.NFO,2025-07-31,11:17:00,2025-07-31,164.55,164.55,160.65,164.4,1170,109850,0
FINNIFTY31JUL2526700PE.NFO,2025-07-31,11:18:00,2025-07-31,164.4,164.85,162.4,164.85,715,109850,0
FINNIFTY31JUL2526700PE.NFO,2025-07-31,11:19:00,2025-07-31,164.85,164.85,156.4,158.45,2340,111150,0
FINNIFTY31JUL2526700PE.NFO,2025-07-31,11:20:00,2025-07-31,158.45,158.45,145.35,145.35,2210,111150,0
FINNIFTY31JUL2526700PE.NFO,2025-07-31,11:21:00,2025-07-31,145.35,150.9,145.35,146.0,2145,110435,0
FINNIFTY31JUL2526700PE.NFO,2025-07-31,11:22:00,2025-07-31,146.0,148.8,143.0,144.35,4810,110435,0
FINNIFTY31JUL2526700PE.NFO,2025-07-31,11:23:00,2025-07-31,144.35,149.45,140.0,146.4,3835,110435,0
FINNIFTY31JUL2526700PE.NFO,2025-07-31,11:24:00,2025-07-31,146.4,146.4,127.7,127.7,9685,109330,0
FINNIFTY31JUL2526700PE.NFO,2025-07-31,11:25:00,2025-07-31,128.5,133.3,117.05,130.95,16835,109330,0
FINNIFTY31JUL2526700PE.NFO,2025-07-31,11:26:00,2025-07-31,129.95,129.95,124.65,127.15,10205,109330,0
FINNIFTY31JUL2526700PE.NFO,2025-07-31,11:27:00,2025-07-31,127.15,131.95,120.1,125.85,8060,109330,0
FINNIFTY31JUL2526700PE.NFO,2025-07-31,11:28:00,2025-07-31,125.85,128.9,125.85,128.9,11505,113425,0
FINNIFTY31JUL2526700PE.NFO,2025-07-31,11:29:00,2025-07-31,128.9,134.3,124.95,131.7,6240,113425,0
FINNIFTY31JUL2526700PE.NFO,2025-07-31,11:30:00,2025-07-31,131.7,133.85,123.85,128.35,6565,113425,0
FINNIFTY31JUL2526700PE.NFO,2025-07-31,11:31:00,2025-07-31,128.35,129.95,121.9,123.5,3705,120380,0
FINNIFTY31JUL2526700PE.NFO,2025-07-31,11:32:00,2025-07-31,123.5,125.6,115.65,124.75,13715,120380,0
FINNIFTY31JUL2526700PE.NFO,2025-07-31,11:33:00,2025-07-31,124.75,125.7,116.95,121.2,17290,120380,0
FINNIFTY31JUL2526700PE.NFO,2025-07-31,11:34:00,2025-07-31,121.2,121.2,108.35,110.9,15405,129415,0
FINNIFTY31JUL2526700PE.NFO,2025-07-31,11:35:00,2025-07-31,110.9,120.1,102.0,119.0,17225,129415,0
FINNIFTY31JUL2526700PE.NFO,2025-07-31,11:36:00,2025-07-31,119.0,125.6,118.55,119.4,11180,129415,0
FINNIFTY31JUL2526700PE.NFO,2025-07-31,11:37:00,2025-07-31,119.4,119.85,114.0,119.5,6955,134485,0
FINNIFTY31JUL2526700PE.NFO,2025-07-31,11:38:00,2025-07-31,119.5,123.1,114.3,118.4,6305,134485,0
FINNIFTY31JUL2526700PE.NFO,2025-07-31,11:39:00,2025-07-31,118.4,119.95,111.6,115.05,7540,134485,0
FINNIFTY31JUL2526700PE.NFO,2025-07-31,11:40:00,2025-07-31,115.05,115.9,109.6,109.6,7410,136175,0
FINNIFTY31JUL2526700PE.NFO,2025-07-31,11:41:00,2025-07-31,109.6,113.9,109.0,109.8,5850,136175,0
FINNIFTY31JUL2526700PE.NFO,2025-07-31,11:42:00,2025-07-31,109.8,109.8,100.0,100.15,9555,136175,0
FINNIFTY31JUL2526700PE.NFO,2025-07-31,11:43:00,2025-07-31,101.0,101.65,92.0,96.55,18330,142935,0
FINNIFTY31JUL2526700PE.NFO,2025-07-31,11:44:00,2025-07-31,96.55,101.2,93.8,99.75,12480,142935,0
FINNIFTY31JUL2526700PE.NFO,2025-07-31,11:45:00,2025-07-31,99.75,102.9,92.65,95.2,21060,142935,0
FINNIFTY31JUL2526700PE.NFO,2025-07-31,11:46:00,2025-07-31,98.35,98.35,80.0,86.4,40950,159705,0
FINNIFTY31JUL2526700PE.NFO,2025-07-31,11:47:00,2025-07-31,86.4,86.4,79.2,81.15,51350,159705,0
FINNIFTY31JUL2526700PE.NFO,2025-07-31,11:48:00,2025-07-31,80.15,80.2,73.6,75.35,24635,159705,0
FINNIFTY31JUL2526700PE.NFO,2025-07-31,11:49:00,2025-07-31,76.8,83.3,75.95,83.15,46085,177905,0
FINNIFTY31JUL2526700PE.NFO,2025-07-31,11:50:00,2025-07-31,85.0,85.0,77.55,79.75,22815,177905,0
FINNIFTY31JUL2526700PE.NFO,2025-07-31,11:51:00,2025-07-31,79.75,81.8,75.0,77.25,17940,177905,0
FINNIFTY31JUL2526700PE.NFO,2025-07-31,11:52:00,2025-07-31,77.25,83.65,77.1,80.5,24895,205400,0
FINNIFTY31JUL2526700PE.NFO,2025-07-31,11:53:00,2025-07-31,80.5,84.0,75.4,78.65,19630,205400,0
FINNIFTY31JUL2526700PE.NFO,2025-07-31,11:54:00,2025-07-31,78.65,78.65,70.6,74.4,46345,205400,0
FINNIFTY31JUL2526700PE.NFO,2025-07-31,11:55:00,2025-07-31,74.4,79.1,71.35,74.7,26130,217100,0
FINNIFTY31JUL2526700PE.NFO,2025-07-31,11:56:00,2025-07-31,74.7,81.3,74.0,77.4,30095,217100,0
FINNIFTY31JUL2526700PE.NFO,2025-07-31,11:57:00,2025-07-31,77.4,79.35,73.55,74.55,20995,217100,0
FINNIFTY31JUL2526700PE.NFO,2025-07-31,11:58:00,2025-07-31,74.55,83.25,74.55,79.25,33605,227240,0
FINNIFTY31JUL2526700PE.NFO,2025-07-31,11:59:00,2025-07-31,79.25,81.6,76.6,77.9,32955,227240,0
FINNIFTY31JUL2526700PE.NFO,2025-07-31,12:00:00,2025-07-31,77.9,87.5,77.9,83.55,39845,227240,0
FINNIFTY31JUL2526700PE.NFO,2025-07-31,12:01:00,2025-07-31,83.55,92.2,82.45,91.0,47645,240175,0
FINNIFTY31JUL2526700PE.NFO,2025-07-31,12:02:00,2025-07-31,91.0,95.7,87.25,95.7,28990,240175,0
FINNIFTY31JUL2526700PE.NFO,2025-07-31,12:03:00,2025-07-31,95.7,106.5,92.25,97.5,30420,240175,0
FINNIFTY31JUL2526700PE.NFO,2025-07-31,12:04:00,2025-07-31,97.5,103.3,95.6,101.85,24050,233610,0
FINNIFTY31JUL2526700PE.NFO,2025-07-31,12:05:00,2025-07-31,101.85,106.2,94.25,95.25,31395,233610,0
FINNIFTY31JUL2526700PE.NFO,2025-07-31,12:06:00,2025-07-31,95.25,99.95,94.4,98.25,23140,233610,0
FINNIFTY31JUL2526700PE.NFO,2025-07-31,12:07:00,2025-07-31,98.25,113.0,98.25,113.0,29510,228150,0
FINNIFTY31JUL2526700PE.NFO,2025-07-31,12:08:00,2025-07-31,113.0,121.5,108.5,111.8,35750,228150,0
FINNIFTY31JUL2526700PE.NFO,2025-07-31,12:09:00,2025-07-31,111.8,112.75,105.4,109.6,18005,228150,0
FINNIFTY31JUL2526700PE.NFO,2025-07-31,12:10:00,2025-07-31,109.6,110.3,93.4,94.9,31070,224705,0
FINNIFTY31JUL2526700PE.NFO,2025-07-31,12:11:00,2025-07-31,94.9,97.05,79.0,80.4,28210,224705,0
FINNIFTY31JUL2526700PE.NFO,2025-07-31,12:12:00,2025-07-31,80.5,82.15,74.5,80.2,25545,224705,0
FINNIFTY31JUL2526700PE.NFO,2025-07-31,12:13:00,2025-07-31,80.2,80.2,71.25,72.7,26715,214305,0
FINNIFTY31JUL2526700PE.NFO,2025-07-31,12:14:00,2025-07-31,72.7,72.7,61.7,63.1,48100,214305,0
FINNIFTY31JUL2526700PE.NFO,2025-07-31,12:15:00,2025-07-31,63.1,63.25,53.85,54.45,83330,214305,0
FINNIFTY31JUL2526700PE.NFO,2025-07-31,12:16:00,2025-07-31,53.9,63.55,51.1,63.3,78910,247975,0
FINNIFTY31JUL2526700PE.NFO,2025-07-31,12:17:00,2025-07-31,63.3,66.25,59.55,64.35,63505,247975,0
FINNIFTY31JUL2526700PE.NFO,2025-07-31,12:18:00,2025-07-31,64.35,65.0,59.25,60.6,46280,247975,0
FINNIFTY31JUL2526700PE.NFO,2025-07-31,12:19:00,2025-07-31,60.0,64.4,56.2,57.7,45825,295100,0
FINNIFTY31JUL2526700PE.NFO,2025-07-31,12:20:00,2025-07-31,57.7,60.2,54.8,59.0,39780,295100,0
FINNIFTY31JUL2526700PE.NFO,2025-07-31,12:21:00,2025-07-31,59.0,59.0,53.0,57.0,88140,295100,0
FINNIFTY31JUL2526700PE.NFO,2025-07-31,12:22:00,2025-07-31,57.0,58.8,46.05,47.95,56940,362570,0
FINNIFTY31JUL2526700PE.NFO,2025-07-31,12:23:00,2025-07-31,47.95,50.0,44.45,48.6,82355,362570,0
FINNIFTY31JUL2526700PE.NFO,2025-07-31,12:24:00,2025-07-31,48.6,51.0,45.85,47.4,46540,362570,0
FINNIFTY31JUL2526700PE.NFO,2025-07-31,12:25:00,2025-07-31,47.4,49.25,43.2,48.95,62465,391495,0
FINNIFTY31JUL2526700PE.NFO,2025-07-31,12:26:00,2025-07-31,48.95,54.05,48.4,54.05,43550,391495,0
FINNIFTY31JUL2526700PE.NFO,2025-07-31,12:27:00,2025-07-31,54.05,57.05,52.05,55.2,53040,391495,0
FINNIFTY31JUL2526700PE.NFO,2025-07-31,12:28:00,2025-07-31,55.2,60.65,52.0,59.75,67600,417300,0
FINNIFTY31JUL2526700PE.NFO,2025-07-31,12:29:00,2025-07-31,59.75,60.9,56.0,57.6,52455,417300,0
FINNIFTY31JUL2526700PE.NFO,2025-07-31,12:30:00,2025-07-31,57.6,58.35,52.15,57.9,59475,417300,0
FINNIFTY31JUL2526700PE.NFO,2025-07-31,12:31:00,2025-07-31,57.9,63.85,56.2,60.7,50765,435435,0
FINNIFTY31JUL2526700PE.NFO,2025-07-31,12:32:00,2025-07-31,60.7,62.35,55.4,57.3,34970,435435,0
FINNIFTY31JUL2526700PE.NFO,2025-07-31,12:33:00,2025-07-31,57.3,60.65,40.35,40.35,135590,435435,0
FINNIFTY31JUL2526700PE.NFO,2025-07-31,12:34:00,2025-07-31,41.7,43.9,33.85,35.7,107380,429455,0
FINNIFTY31JUL2526700PE.NFO,2025-07-31,12:35:00,2025-07-31,35.7,36.25,31.7,34.95,103155,429455,0
FINNIFTY31JUL2526700PE.NFO,2025-07-31,12:36:00,2025-07-31,34.95,35.6,29.5,30.7,108810,429455,0
FINNIFTY31JUL2526700PE.NFO,2025-07-31,12:37:00,2025-07-31,31.55,31.55,26.65,27.8,95225,453765,0
FINNIFTY31JUL2526700PE.NFO,2025-07-31,12:38:00,2025-07-31,27.8,29.55,26.2,26.4,71305,453765,0
FINNIFTY31JUL2526700PE.NFO,2025-07-31,12:39:00,2025-07-31,26.4,30.3,26.4,29.75,78715,453765,0
FINNIFTY31JUL2526700PE.NFO,2025-07-31,12:40:00,2025-07-31,29.75,32.5,29.15,30.2,69940,508365,0
FINNIFTY31JUL2526700PE.NFO,2025-07-31,12:41:00,2025-07-31,29.95,31.8,27.6,28.85,76115,508365,0
FINNIFTY31JUL2526700PE.NFO,2025-07-31,12:42:00,2025-07-31,28.85,33.5,28.2,32.5,54795,508365,0
FINNIFTY31JUL2526700PE.NFO,2025-07-31,12:43:00,2025-07-31,32.5,39.35,32.0,37.6,88205,520065,0
FINNIFTY31JUL2526700PE.NFO,2025-07-31,12:44:00,2025-07-31,37.45,40.25,28.75,31.35,126880,520065,0
FINNIFTY31JUL2526700PE.NFO,2025-07-31,12:45:00,2025-07-31,31.55,37.3,28.5,35.15,93665,520065,0
FINNIFTY31JUL2526700PE.NFO,2025-07-31,12:46:00,2025-07-31,34.7,36.05,29.6,32.35,87490,510965,0
FINNIFTY31JUL2526700PE.NFO,2025-07-31,12:47:00,2025-07-31,32.35,34.7,30.85,33.75,115180,510965,0
FINNIFTY31JUL2526700PE.NFO,2025-07-31,12:48:00,2025-07-31,34.05,36.3,33.55,34.15,157365,510965,0
FINNIFTY31JUL2526700PE.NFO,2025-07-31,12:49:00,2025-07-31,33.25,35.0,31.35,31.5,189670,553865,0
FINNIFTY31JUL2526700PE.NFO,2025-07-31,12:50:00,2025-07-31,31.05,33.3,28.1,28.8,189150,553865,0
FINNIFTY31JUL2526700PE.NFO,2025-07-31,12:51:00,2025-07-31,28.8,31.4,28.35,30.8,107250,553865,0
FINNIFTY31JUL2526700PE.NFO,2025-07-31,12:52:00,2025-07-31,30.5,31.65,29.0,29.85,85865,671840,0
FINNIFTY31JUL2526700PE.NFO,2025-07-31,12:53:00,2025-07-31,29.85,32.0,26.7,28.8,174850,671840,0
FINNIFTY31JUL2526700PE.NFO,2025-07-31,12:54:00,2025-07-31,28.85,30.45,27.15,29.3,78650,671840,0
FINNIFTY31JUL2526700PE.NFO,2025-07-31,12:55:00,2025-07-31,29.4,31.35,29.0,30.35,88920,720200,0
FINNIFTY31JUL2526700PE.NFO,2025-07-31,12:56:00,2025-07-31,30.2,30.5,28.45,28.9,85735,720200,0
FINNIFTY31JUL2526700PE.NFO,2025-07-31,12:57:00,2025-07-31,29.05,29.75,25.05,25.3,122330,720200,0
FINNIFTY31JUL2526700PE.NFO,2025-07-31,12:58:00,2025-07-31,25.45,27.25,23.6,24.4,172835,749385,0
FINNIFTY31JUL2526700PE.NFO,2025-07-31,12:59:00,2025-07-31,24.65,26.7,24.1,25.4,53885,749385,0
FINNIFTY31JUL2526700PE.NFO,2025-07-31,13:00:00,2025-07-31,25.4,26.75,24.65,25.0,76505,749385,0
FINNIFTY31JUL2526700PE.NFO,2025-07-31,13:01:00,2025-07-31,25.0,26.95,22.1,24.25,108420,777400,0
FINNIFTY31JUL2526700PE.NFO,2025-07-31,13:02:00,2025-07-31,24.25,25.5,21.55,24.05,85930,777400,0
FINNIFTY31JUL2526700PE.NFO,2025-07-31,13:03:00,2025-07-31,24.05,25.8,22.85,24.8,82355,777400,0
FINNIFTY31JUL2526700PE.NFO,2025-07-31,13:04:00,2025-07-31,24.8,27.85,24.8,26.9,89375,752180,0
FINNIFTY31JUL2526700PE.NFO,2025-07-31,13:05:00,2025-07-31,26.9,28.4,24.75,26.1,105690,752180,0
FINNIFTY31JUL2526700PE.NFO,2025-07-31,13:06:00,2025-07-31,26.4,28.15,25.3,27.5,60775,752180,0
FINNIFTY31JUL2526700PE.NFO,2025-07-31,13:07:00,2025-07-31,27.5,27.8,24.2,25.0,57850,764530,0
FINNIFTY31JUL2526700PE.NFO,2025-07-31,13:08:00,2025-07-31,24.95,31.25,24.2,28.35,106990,764530,0
FINNIFTY31JUL2526700PE.NFO,2025-07-31,13:09:00,2025-07-31,28.35,30.15,27.4,27.75,60645,764530,0
FINNIFTY31JUL2526700PE.NFO,2025-07-31,13:10:00,2025-07-31,27.9,28.8,26.65,28.35,54470,759395,0
FINNIFTY31JUL2526700PE.NFO,2025-07-31,13:11:00,2025-07-31,28.7,28.7,24.05,24.35,82290,759395,0
FINNIFTY31JUL2526700PE.NFO,2025-07-31,13:12:00,2025-07-31,24.45,25.25,21.3,21.3,127985,759395,0
FINNIFTY31JUL2526700PE.NFO,2025-07-31,13:13:00,2025-07-31,21.5,27.65,21.5,26.4,95355,772395,0
FINNIFTY31JUL2526700PE.NFO,2025-07-31,13:14:00,2025-07-31,26.4,27.35,25.1,25.8,88595,772395,0
FINNIFTY31JUL2526700PE.NFO,2025-07-31,13:15:00,2025-07-31,25.9,27.75,24.55,26.0,78000,772395,0
FINNIFTY31JUL2526700PE.NFO,2025-07-31,13:16:00,2025-07-31,25.7,26.65,23.0,24.9,108810,796510,0
FINNIFTY31JUL2526700PE.NFO,2025-07-31,13:17:00,2025-07-31,24.65,24.8,22.0,22.65,64090,796510,0
FINNIFTY31JUL2526700PE.NFO,2025-07-31,13:18:00,2025-07-31,22.65,23.2,19.8,20.7,110045,796510,0
FINNIFTY31JUL2526700PE.NFO,2025-07-31,13:19:00,2025-07-31,20.7,20.7,17.05,18.3,132080,803400,0
FINNIFTY31JUL2526700PE.NFO,2025-07-31,13:20:00,2025-07-31,18.3,20.55,18.05,19.45,57590,803400,0
FINNIFTY31JUL2526700PE.NFO,2025-07-31,13:21:00,2025-07-31,19.45,19.45,16.0,18.35,122460,803400,0
FINNIFTY31JUL2526700PE.NFO,2025-07-31,13:22:00,2025-07-31,18.35,18.75,17.6,18.55,82550,790465,0
FINNIFTY31JUL2526700PE.NFO,2025-07-31,13:23:00,2025-07-31,18.55,19.15,17.0,18.45,70135,790465,0
FINNIFTY31JUL2526700PE.NFO,2025-07-31,13:24:00,2025-07-31,18.45,20.45,17.75,18.75,67535,790465,0
FINNIFTY31JUL2526700PE.NFO,2025-07-31,13:25:00,2025-07-31,18.75,19.05,17.25,18.95,91910,838630,0
FINNIFTY31JUL2526700PE.NFO,2025-07-31,13:26:00,2025-07-31,18.95,20.05,16.1,16.4,116220,838630,0
FINNIFTY31JUL2526700PE.NFO,2025-07-31,13:27:00,2025-07-31,16.4,16.4,12.05,12.3,338585,838630,0
FINNIFTY31JUL2526700PE.NFO,2025-07-31,13:28:00,2025-07-31,12.3,13.15,11.15,11.45,133575,727480,0
FINNIFTY31JUL2526700PE.NFO,2025-07-31,13:29:00,2025-07-31,11.45,11.5,10.55,11.2,113945,727480,0
FINNIFTY31JUL2526700PE.NFO,2025-07-31,13:30:00,2025-07-31,11.25,12.15,10.8,10.95,74685,727480,0
FINNIFTY31JUL2526700PE.NFO,2025-07-31,13:31:00,2025-07-31,10.85,10.85,9.7,9.8,83005,692900,0
FINNIFTY31JUL2526700PE.NFO,2025-07-31,13:32:00,2025-07-31,9.75,9.75,8.75,8.9,83070,692900,0
FINNIFTY31JUL2526700PE.NFO,2025-07-31,13:33:00,2025-07-31,8.8,9.5,8.3,9.5,66430,692900,0
FINNIFTY31JUL2526700PE.NFO,2025-07-31,13:34:00,2025-07-31,9.4,10.3,8.9,10.05,53820,629070,0
FINNIFTY31JUL2526700PE.NFO,2025-07-31,13:35:00,2025-07-31,10.0,10.7,9.3,9.65,69095,629070,0
FINNIFTY31JUL2526700PE.NFO,2025-07-31,13:36:00,2025-07-31,9.65,10.65,8.75,10.45,35555,629070,0
FINNIFTY31JUL2526700PE.NFO,2025-07-31,13:37:00,2025-07-31,10.45,10.45,9.25,10.05,29445,637715,0
FINNIFTY31JUL2526700PE.NFO,2025-07-31,13:38:00,2025-07-31,9.9,10.25,9.45,10.25,28535,637715,0
FINNIFTY31JUL2526700PE.NFO,2025-07-31,13:39:00,2025-07-31,10.15,11.15,9.9,10.15,74295,637715,0
FINNIFTY31JUL2526700PE.NFO,2025-07-31,13:40:00,2025-07-31,10.15,11.95,9.9,11.75,54860,621010,0
FINNIFTY31JUL2526700PE.NFO,2025-07-31,13:41:00,2025-07-31,11.7,14.5,11.5,14.5,110305,621010,0
FINNIFTY31JUL2526700PE.NFO,2025-07-31,13:42:00,2025-07-31,14.75,18.05,13.4,17.0,220155,621010,0
FINNIFTY31JUL2526700PE.NFO,2025-07-31,13:43:00,2025-07-31,17.6,17.6,13.1,16.15,158015,652535,0
FINNIFTY31JUL2526700PE.NFO,2025-07-31,13:44:00,2025-07-31,16.3,17.8,15.75,17.75,90545,652535,0
FINNIFTY31JUL2526700PE.NFO,2025-07-31,13:45:00,2025-07-31,17.2,20.05,14.85,16.7,125255,652535,0
FINNIFTY31JUL2526700PE.NFO,2025-07-31,13:46:00,2025-07-31,16.0,16.85,12.6,16.8,93145,646620,0
FINNIFTY31JUL2526700PE.NFO,2025-07-31,13:47:00,2025-07-31,16.8,18.6,14.45,16.1,68640,646620,0
FINNIFTY31JUL2526700PE.NFO,2025-07-31,13:48:00,2025-07-31,16.1,19.05,16.05,17.5,93210,646620,0
FINNIFTY31JUL2526700PE.NFO,2025-07-31,13:49:00,2025-07-31,17.5,17.8,15.3,15.9,76765,639275,0
FINNIFTY31JUL2526700PE.NFO,2025-07-31,13:50:00,2025-07-31,15.9,17.55,14.8,17.0,72410,639275,0
FINNIFTY31JUL2526700PE.NFO,2025-07-31,13:51:00,2025-07-31,17.0,17.7,14.05,14.3,75270,639275,0
FINNIFTY31JUL2526700PE.NFO,2025-07-31,13:52:00,2025-07-31,14.35,17.2,14.05,16.7,48750,627055,0
FINNIFTY31JUL2526700PE.NFO,2025-07-31,13:53:00,2025-07-31,17.0,17.6,15.55,17.35,58890,627055,0
FINNIFTY31JUL2526700PE.NFO,2025-07-31,13:54:00,2025-07-31,17.25,18.7,16.6,17.45,84045,627055,0
FINNIFTY31JUL2526700PE.NFO,2025-07-31,13:55:00,2025-07-31,17.3,17.85,15.15,16.7,71240,616200,0
FINNIFTY31JUL2526700PE.NFO,2025-07-31,13:56:00,2025-07-31,16.7,17.7,14.4,14.85,59410,616200,0
FINNIFTY31JUL2526700PE.NFO,2025-07-31,13:57:00,2025-07-31,14.85,14.85,10.6,10.6,100035,616200,0
FINNIFTY31JUL2526700PE.NFO,2025-07-31,13:58:00,2025-07-31,10.6,14.1,10.4,13.7,78780,621920,0
FINNIFTY31JUL2526700PE.NFO,2025-07-31,13:59:00,2025-07-31,13.6,14.15,12.6,13.0,63960,621920,0
FINNIFTY31JUL2526700PE.NFO,2025-07-31,14:00:00,2025-07-31,13.0,13.9,10.7,13.3,82290,621920,0
FINNIFTY31JUL2526700PE.NFO,2025-07-31,14:01:00,2025-07-31,13.3,13.65,10.8,11.75,70460,658905,0
FINNIFTY31JUL2526700PE.NFO,2025-07-31,14:02:00,2025-07-31,11.75,11.75,8.9,8.9,85020,658905,0
FINNIFTY31JUL2526700PE.NFO,2025-07-31,14:03:00,2025-07-31,9.1,9.15,7.7,9.05,144495,658905,0
FINNIFTY31JUL2526700PE.NFO,2025-07-31,14:04:00,2025-07-31,8.9,9.75,8.3,8.75,99385,622310,0
FINNIFTY31JUL2526700PE.NFO,2025-07-31,14:05:00,2025-07-31,8.75,9.0,7.65,8.1,98540,622310,0
FINNIFTY31JUL2526700PE.NFO,2025-07-31,14:06:00,2025-07-31,8.1,8.2,6.55,6.55,80145,622310,0
FINNIFTY31JUL2526700PE.NFO,2025-07-31,14:07:00,2025-07-31,6.9,7.15,5.8,5.8,130975,630760,0
FINNIFTY31JUL2526700PE.NFO,2025-07-31,14:08:00,2025-07-31,5.8,6.1,5.25,5.5,89700,630760,0
FINNIFTY31JUL2526700PE.NFO,2025-07-31,14:09:00,2025-07-31,5.45,5.9,5.3,5.4,38675,630760,0
FINNIFTY31JUL2526700PE.NFO,2025-07-31,14:10:00,2025-07-31,5.4,6.2,5.35,5.85,37960,644215,0
FINNIFTY31JUL2526700PE.NFO,2025-07-31,14:11:00,2025-07-31,5.85,5.95,5.2,5.2,25220,644215,0
FINNIFTY31JUL2526700PE.NFO,2025-07-31,14:12:00,2025-07-31,5.4,7.0,4.85,6.1,155610,644215,0
FINNIFTY31JUL2526700PE.NFO,2025-07-31,14:13:00,2025-07-31,6.3,7.3,5.6,6.05,99710,591825,0
FINNIFTY31JUL2526700PE.NFO,2025-07-31,14:14:00,2025-07-31,6.05,6.9,5.65,6.45,70460,591825,0
FINNIFTY31JUL2526700PE.NFO,2025-07-31,14:15:00,2025-07-31,6.45,7.3,6.3,6.85,93535,591825,0
FINNIFTY31JUL2526700PE.NFO,2025-07-31,14:16:00,2025-07-31,6.85,7.6,5.95,7.6,79950,620620,0
FINNIFTY31JUL2526700PE.NFO,2025-07-31,14:17:00,2025-07-31,7.6,7.85,6.9,7.4,96525,620620,0
FINNIFTY31JUL2526700PE.NFO,2025-07-31,14:18:00,2025-07-31,7.4,7.7,5.4,5.65,132665,620620,0
FINNIFTY31JUL2526700PE.NFO,2025-07-31,14:19:00,2025-07-31,5.65,7.2,5.65,6.95,80405,650715,0
FINNIFTY31JUL2526700PE.NFO,2025-07-31,14:20:00,2025-07-31,6.85,8.4,6.35,7.25,94055,650715,0
FINNIFTY31JUL2526700PE.NFO,2025-07-31,14:21:00,2025-07-31,7.25,7.8,6.15,7.8,58045,650715,0
FINNIFTY31JUL2526700PE.NFO,2025-07-31,14:22:00,2025-07-31,7.75,10.05,7.4,8.1,143520,669045,0
FINNIFTY31JUL2526700PE.NFO,2025-07-31,14:23:00,2025-07-31,8.2,9.9,7.95,9.0,112645,669045,0
FINNIFTY31JUL2526700PE.NFO,2025-07-31,14:24:00,2025-07-31,9.0,10.05,8.2,9.7,80470,669045,0
FINNIFTY31JUL2526700PE.NFO,2025-07-31,14:25:00,2025-07-31,9.7,16.55,9.55,13.7,347425,637845,0
FINNIFTY31JUL2526700PE.NFO,2025-07-31,14:26:00,2025-07-31,13.55,14.45,11.55,14.05,217165,637845,0
FINNIFTY31JUL2526700PE.NFO,2025-07-31,14:27:00,2025-07-31,14.05,14.25,8.75,9.7,143650,637845,0
FINNIFTY31JUL2526700PE.NFO,2025-07-31,14:28:00,2025-07-31,9.7,13.95,9.65,13.2,177905,643500,0
FINNIFTY31JUL2526700PE.NFO,2025-07-31,14:29:00,2025-07-31,12.65,17.6,12.65,17.0,285545,643500,0
FINNIFTY31JUL2526700PE.NFO,2025-07-31,14:30:00,2025-07-31,17.4,25.2,15.05,23.5,571285,643500,0
FINNIFTY31JUL2526700PE.NFO,2025-07-31,14:31:00,2025-07-31,23.7,28.15,18.75,21.7,481195,586430,0
FINNIFTY31JUL2526700PE.NFO,2025-07-31,14:32:00,2025-07-31,21.7,24.5,19.15,19.55,255580,586430,0
FINNIFTY31JUL2526700PE.NFO,2025-07-31,14:33:00,2025-07-31,19.0,19.9,10.35,11.0,378300,586430,0
FINNIFTY31JUL2526700PE.NFO,2025-07-31,14:34:00,2025-07-31,10.6,12.9,9.3,12.3,213460,575770,0
FINNIFTY31JUL2526700PE.NFO,2025-07-31,14:35:00,2025-07-31,12.25,17.15,10.8,14.85,224900,575770,0
FINNIFTY31JUL2526700PE.NFO,2025-07-31,14:36:00,2025-07-31,14.75,17.45,11.35,13.7,239850,575770,0
FINNIFTY31JUL2526700PE.NFO,2025-07-31,14:37:00,2025-07-31,14.05,14.05,8.6,9.25,202150,558025,0
FINNIFTY31JUL2526700PE.NFO,2025-07-31,14:38:00,2025-07-31,9.35,9.7,6.1,6.8,252655,558025,0
FINNIFTY31JUL2526700PE.NFO,2025-07-31,14:39:00,2025-07-31,6.75,8.7,6.5,7.2,200265,558025,0
FINNIFTY31JUL2526700PE.NFO,2025-07-31,14:40:00,2025-07-31,6.85,8.25,5.7,6.15,149825,553670,0
FINNIFTY31JUL2526700PE.NFO,2025-07-31,14:41:00,2025-07-31,6.2,11.25,6.0,10.7,241020,553670,0
FINNIFTY31JUL2526700PE.NFO,2025-07-31,14:42:00,2025-07-31,10.5,11.35,8.55,10.4,192205,553670,0
FINNIFTY31JUL2526700PE.NFO,2025-07-31,14:43:00,2025-07-31,10.4,13.0,7.8,8.3,226850,591890,0
FINNIFTY31JUL2526700PE.NFO,2025-07-31,14:44:00,2025-07-31,8.3,8.7,6.1,6.85,210145,591890,0
FINNIFTY31JUL2526700PE.NFO,2025-07-31,14:45:00,2025-07-31,6.85,9.2,6.6,8.0,133835,591890,0
FINNIFTY31JUL2526700PE.NFO,2025-07-31,14:46:00,2025-07-31,8.0,11.9,8.0,11.4,171535,591370,0
FINNIFTY31JUL2526700PE.NFO,2025-07-31,14:47:00,2025-07-31,11.4,17.1,9.8,15.2,349765,591370,0
FINNIFTY31JUL2526700PE.NFO,2025-07-31,14:48:00,2025-07-31,15.2,18.3,11.25,12.25,282620,591370,0
FINNIFTY31JUL2526700PE.NFO,2025-07-31,14:49:00,2025-07-31,12.25,14.8,9.65,14.1,198315,583960,0
FINNIFTY31JUL2526700PE.NFO,2025-07-31,14:50:00,2025-07-31,14.1,16.0,11.85,12.0,237640,583960,0
FINNIFTY31JUL2526700PE.NFO,2025-07-31,14:51:00,2025-07-31,12.0,15.05,10.15,13.85,187720,583960,0
FINNIFTY31JUL2526700PE.NFO,2025-07-31,14:52:00,2025-07-31,13.85,14.3,12.0,12.8,107640,607685,0
FINNIFTY31JUL2526700PE.NFO,2025-07-31,14:53:00,2025-07-31,12.8,14.5,9.0,10.0,215605,607685,0
FINNIFTY31JUL2526700PE.NFO,2025-07-31,14:54:00,2025-07-31,10.0,18.3,10.0,17.85,342420,607685,0
FINNIFTY31JUL2526700PE.NFO,2025-07-31,14:55:00,2025-07-31,17.95,21.35,10.8,13.05,385450,557505,0
FINNIFTY31JUL2526700PE.NFO,2025-07-31,14:56:00,2025-07-31,12.9,17.5,12.0,13.25,264160,557505,0
FINNIFTY31JUL2526700PE.NFO,2025-07-31,14:57:00,2025-07-31,13.25,14.95,11.15,12.0,186745,557505,0
FINNIFTY31JUL2526700PE.NFO,2025-07-31,14:58:00,2025-07-31,12.15,12.65,4.65,6.65,548340,591175,0
FINNIFTY31JUL2526700PE.NFO,2025-07-31,14:59:00,2025-07-31,6.35,10.8,5.85,8.9,440375,591175,0
FINNIFTY31JUL2526700PE.NFO,2025-07-31,15:00:00,2025-07-31,8.7,27.95,8.7,27.25,808145,591175,0
FINNIFTY31JUL2526700PE.NFO,2025-07-31,15:01:00,2025-07-31,27.3,39.0,24.4,37.3,582790,473915,0
FINNIFTY31JUL2526700PE.NFO,2025-07-31,15:02:00,2025-07-31,38.25,41.75,30.15,34.0,359385,473915,0
FINNIFTY31JUL2526700PE.NFO,2025-07-31,15:03:00,2025-07-31,31.3,38.2,31.25,35.7,234455,473915,0
FINNIFTY31JUL2526700PE.NFO,2025-07-31,15:04:00,2025-07-31,35.15,45.15,35.15,40.25,326365,397865,0
FINNIFTY31JUL2526700PE.NFO,2025-07-31,15:05:00,2025-07-31,39.65,52.6,39.0,48.05,377130,397865,0
FINNIFTY31JUL2526700PE.NFO,2025-07-31,15:06:00,2025-07-31,48.05,52.35,44.05,45.0,339950,397865,0
FINNIFTY31JUL2526700PE.NFO,2025-07-31,15:07:00,2025-07-31,44.7,48.45,43.75,47.35,130845,405080,0
FINNIFTY31JUL2526700PE.NFO,2025-07-31,15:08:00,2025-07-31,47.35,47.65,42.0,44.85,176410,405080,0
FINNIFTY31JUL2526700PE.NFO,2025-07-31,15:09:00,2025-07-31,45.3,54.35,41.7,50.15,276315,405080,0
FINNIFTY31JUL2526700PE.NFO,2025-07-31,15:10:00,2025-07-31,50.15,55.0,37.35,37.35,254995,390065,0
FINNIFTY31JUL2526700PE.NFO,2025-07-31,15:11:00,2025-07-31,37.35,43.0,31.0,38.0,336635,390065,0
FINNIFTY31JUL2526700PE.NFO,2025-07-31,15:12:00,2025-07-31,38.0,44.15,33.25,41.85,184860,390065,0
FINNIFTY31JUL2526700PE.NFO,2025-07-31,15:13:00,2025-07-31,41.85,49.35,41.25,48.15,187915,386815,0
FINNIFTY31JUL2526700PE.NFO,2025-07-31,15:14:00,2025-07-31,48.15,51.9,46.3,46.65,122200,386815,0
FINNIFTY31JUL2526700PE.NFO,2025-07-31,15:15:00,2025-07-31,46.85,49.5,45.25,48.2,109720,386815,0
FINNIFTY31JUL2526700PE.NFO,2025-07-31,15:16:00,2025-07-31,48.4,52.75,47.0,50.0,77155,365495,0
FINNIFTY31JUL2526700PE.NFO,2025-07-31,15:17:00,2025-07-31,50.0,53.3,49.1,51.7,59215,365495,0
FINNIFTY31JUL2526700PE.NFO,2025-07-31,15:18:00,2025-07-31,50.9,52.35,48.05,49.6,82225,365495,0
FINNIFTY31JUL2526700PE.NFO,2025-07-31,15:19:00,2025-07-31,49.6,52.6,48.0,49.5,129610,326300,0
FINNIFTY31JUL2526700PE.NFO,2025-07-31,15:20:00,2025-07-31,49.5,52.3,48.95,52.05,66300,326300,0
FINNIFTY31JUL2526700PE.NFO,2025-07-31,15:21:00,2025-07-31,52.05,52.85,50.05,50.1,46280,326300,0
FINNIFTY31JUL2526700PE.NFO,2025-07-31,15:22:00,2025-07-31,50.05,53.55,49.6,52.25,57850,288340,0
FINNIFTY31JUL2526700PE.NFO,2025-07-31,15:23:00,2025-07-31,52.3,52.65,48.6,50.9,36270,288340,0
FINNIFTY31JUL2526700PE.NFO,2025-07-31,15:24:00,2025-07-31,50.9,52.4,49.75,51.85,34710,288340,0
FINNIFTY31JUL2526700PE.NFO,2025-07-31,15:25:00,2025-07-31,51.8,52.7,50.35,50.35,37050,280865,0
FINNIFTY31JUL2526700PE.NFO,2025-07-31,15:26:00,2025-07-31,50.75,51.5,49.55,50.7,91910,280865,0
FINNIFTY31JUL2526700PE.NFO,2025-07-31,15:27:00,2025-07-31,50.85,51.1,49.7,49.95,14885,280865,0
FINNIFTY31JUL2526700PE.NFO,2025-07-31,15:28:00,2025-07-31,50.3,50.3,49.6,49.7,19565,282100,0
FINNIFTY31JUL2526700PE.NFO,2025-07-31,15:29:00,2025-07-31,49.75,52.0,45.95,47.0,21450,282100,0
FINNIFTY31JUL2526700PE.NFO,2025-07-31,15:30:00,2025-07-31,47.0,47.0,47.0,47.0,21450,282100,1
