Ticker,Date,Time,Expiry Date,Open,High,Low,Close,Volume,Open Interest,Padding Flag
FINNIFTY13FEB2421250CE.NFO,2024-01-10,09:15:00,2024-02-13,66.0,66.0,66.0,66.0,0,0,0
FINNIFTY13FEB2421250CE.NFO,2024-01-10,09:16:00,2024-02-13,66.0,66.0,66.0,66.0,0,0,1
FINNIFTY13FEB2421250CE.NFO,2024-01-10,09:17:00,2024-02-13,66.0,66.0,66.0,66.0,0,0,1
FINNIFTY13FEB2421250CE.NFO,2024-01-10,09:18:00,2024-02-13,66.0,66.0,66.0,66.0,0,0,1
FINNIFTY13FEB2421250CE.NFO,2024-01-10,09:19:00,2024-02-13,66.0,66.0,66.0,66.0,0,0,1
FINNIFTY13FEB2421250CE.NFO,2024-01-10,09:20:00,2024-02-13,66.0,66.0,66.0,66.0,0,0,1
FINNIFTY13FEB2421250CE.NFO,2024-01-10,09:21:00,2024-02-13,66.0,66.0,66.0,66.0,0,0,1
FINNIFTY13FEB2421250CE.NFO,2024-01-10,09:22:00,2024-02-13,66.0,66.0,66.0,66.0,0,0,1
FINNIFTY13FEB2421250CE.NFO,2024-01-10,09:23:00,2024-02-13,66.0,66.0,66.0,66.0,0,0,1
FINNIFTY13FEB2421250CE.NFO,2024-01-10,09:24:00,2024-02-13,66.0,66.0,66.0,66.0,0,0,1
FINNIFTY13FEB2421250CE.NFO,2024-01-10,09:25:00,2024-02-13,66.0,66.0,66.0,66.0,0,0,1
FINNIFTY13FEB2421250CE.NFO,2024-01-10,09:26:00,2024-02-13,66.0,66.0,66.0,66.0,0,0,1
FINNIFTY13FEB2421250CE.NFO,2024-01-10,09:27:00,2024-02-13,66.0,66.0,66.0,66.0,0,0,1
FINNIFTY13FEB2421250CE.NFO,2024-01-10,09:28:00,2024-02-13,66.0,66.0,66.0,66.0,0,0,1
FINNIFTY13FEB2421250CE.NFO,2024-01-10,09:29:00,2024-02-13,66.0,66.0,66.0,66.0,0,0,1
FINNIFTY13FEB2421250CE.NFO,2024-01-10,09:30:00,2024-02-13,66.0,66.0,66.0,66.0,0,0,1
FINNIFTY13FEB2421250CE.NFO,2024-01-10,09:31:00,2024-02-13,66.0,66.0,66.0,66.0,0,0,1
FINNIFTY13FEB2421250CE.NFO,2024-01-10,09:32:00,2024-02-13,66.0,66.0,66.0,66.0,0,0,1
FINNIFTY13FEB2421250CE.NFO,2024-01-10,09:33:00,2024-02-13,66.0,66.0,66.0,66.0,0,0,1
FINNIFTY13FEB2421250CE.NFO,2024-01-10,09:34:00,2024-02-13,66.0,66.0,66.0,66.0,0,0,1
FINNIFTY13FEB2421250CE.NFO,2024-01-10,09:35:00,2024-02-13,66.0,66.0,66.0,66.0,0,0,1
FINNIFTY13FEB2421250CE.NFO,2024-01-10,09:36:00,2024-02-13,66.0,66.0,66.0,66.0,0,0,1
FINNIFTY13FEB2421250CE.NFO,2024-01-10,09:37:00,2024-02-13,66.0,66.0,66.0,66.0,0,0,1
FINNIFTY13FEB2421250CE.NFO,2024-01-10,09:38:00,2024-02-13,66.0,66.0,66.0,66.0,0,0,1
FINNIFTY13FEB2421250CE.NFO,2024-01-10,09:39:00,2024-02-13,66.0,66.0,66.0,66.0,0,0,1
FINNIFTY13FEB2421250CE.NFO,2024-01-10,09:40:00,2024-02-13,66.0,66.0,66.0,66.0,0,0,1
FINNIFTY13FEB2421250CE.NFO,2024-01-10,09:41:00,2024-02-13,66.0,66.0,66.0,66.0,0,0,1
FINNIFTY13FEB2421250CE.NFO,2024-01-10,09:42:00,2024-02-13,66.0,66.0,66.0,66.0,0,0,1
FINNIFTY13FEB2421250CE.NFO,2024-01-10,09:43:00,2024-02-13,66.0,66.0,66.0,66.0,0,0,1
FINNIFTY13FEB2421250CE.NFO,2024-01-10,09:44:00,2024-02-13,66.0,66.0,66.0,66.0,0,0,1
FINNIFTY13FEB2421250CE.NFO,2024-01-10,09:45:00,2024-02-13,66.0,66.0,66.0,66.0,0,0,1
FINNIFTY13FEB2421250CE.NFO,2024-01-10,09:46:00,2024-02-13,66.0,66.0,66.0,66.0,0,0,1
FINNIFTY13FEB2421250CE.NFO,2024-01-10,09:47:00,2024-02-13,66.0,66.0,66.0,66.0,0,0,1
FINNIFTY13FEB2421250CE.NFO,2024-01-10,09:48:00,2024-02-13,66.0,66.0,66.0,66.0,0,0,1
FINNIFTY13FEB2421250CE.NFO,2024-01-10,09:49:00,2024-02-13,66.0,66.0,66.0,66.0,0,0,1
FINNIFTY13FEB2421250CE.NFO,2024-01-10,09:50:00,2024-02-13,66.0,66.0,66.0,66.0,0,0,1
FINNIFTY13FEB2421250CE.NFO,2024-01-10,09:51:00,2024-02-13,66.0,66.0,66.0,66.0,0,0,1
FINNIFTY13FEB2421250CE.NFO,2024-01-10,09:52:00,2024-02-13,66.0,66.0,66.0,66.0,0,0,1
FINNIFTY13FEB2421250CE.NFO,2024-01-10,09:53:00,2024-02-13,66.0,66.0,66.0,66.0,0,0,1
FINNIFTY13FEB2421250CE.NFO,2024-01-10,09:54:00,2024-02-13,66.0,66.0,66.0,66.0,0,0,1
FINNIFTY13FEB2421250CE.NFO,2024-01-10,09:55:00,2024-02-13,66.0,66.0,66.0,66.0,0,0,1
FINNIFTY13FEB2421250CE.NFO,2024-01-10,09:56:00,2024-02-13,66.0,66.0,66.0,66.0,0,0,1
FINNIFTY13FEB2421250CE.NFO,2024-01-10,09:57:00,2024-02-13,66.0,66.0,66.0,66.0,0,0,1
FINNIFTY13FEB2421250CE.NFO,2024-01-10,09:58:00,2024-02-13,66.0,66.0,66.0,66.0,0,0,1
FINNIFTY13FEB2421250CE.NFO,2024-01-10,09:59:00,2024-02-13,66.0,66.0,66.0,66.0,0,0,1
FINNIFTY13FEB2421250CE.NFO,2024-01-10,10:00:00,2024-02-13,66.0,66.0,66.0,66.0,0,0,1
FINNIFTY13FEB2421250CE.NFO,2024-01-10,10:01:00,2024-02-13,66.0,66.0,66.0,66.0,0,0,1
FINNIFTY13FEB2421250CE.NFO,2024-01-10,10:02:00,2024-02-13,66.0,66.0,66.0,66.0,0,0,1
FINNIFTY13FEB2421250CE.NFO,2024-01-10,10:03:00,2024-02-13,66.0,66.0,66.0,66.0,0,0,1
FINNIFTY13FEB2421250CE.NFO,2024-01-10,10:04:00,2024-02-13,66.0,66.0,66.0,66.0,0,0,1
FINNIFTY13FEB2421250CE.NFO,2024-01-10,10:05:00,2024-02-13,66.0,66.0,66.0,66.0,0,0,1
FINNIFTY13FEB2421250CE.NFO,2024-01-10,10:06:00,2024-02-13,66.0,66.0,66.0,66.0,0,0,1
FINNIFTY13FEB2421250CE.NFO,2024-01-10,10:07:00,2024-02-13,66.0,66.0,66.0,66.0,0,0,1
FINNIFTY13FEB2421250CE.NFO,2024-01-10,10:08:00,2024-02-13,66.0,66.0,66.0,66.0,0,0,1
FINNIFTY13FEB2421250CE.NFO,2024-01-10,10:09:00,2024-02-13,66.0,66.0,66.0,66.0,0,0,1
FINNIFTY13FEB2421250CE.NFO,2024-01-10,10:10:00,2024-02-13,66.0,66.0,66.0,66.0,0,0,1
FINNIFTY13FEB2421250CE.NFO,2024-01-10,10:11:00,2024-02-13,66.0,66.0,66.0,66.0,0,0,1
FINNIFTY13FEB2421250CE.NFO,2024-01-10,10:12:00,2024-02-13,66.0,66.0,66.0,66.0,0,0,1
FINNIFTY13FEB2421250CE.NFO,2024-01-10,10:13:00,2024-02-13,66.0,66.0,66.0,66.0,0,0,1
FINNIFTY13FEB2421250CE.NFO,2024-01-10,10:14:00,2024-02-13,66.0,66.0,66.0,66.0,0,0,1
FINNIFTY13FEB2421250CE.NFO,2024-01-10,10:15:00,2024-02-13,66.0,66.0,66.0,66.0,0,0,1
FINNIFTY13FEB2421250CE.NFO,2024-01-10,10:16:00,2024-02-13,66.0,66.0,66.0,66.0,0,0,1
FINNIFTY13FEB2421250CE.NFO,2024-01-10,10:17:00,2024-02-13,66.0,66.0,66.0,66.0,0,0,1
FINNIFTY13FEB2421250CE.NFO,2024-01-10,10:18:00,2024-02-13,66.0,66.0,66.0,66.0,0,0,1
FINNIFTY13FEB2421250CE.NFO,2024-01-10,10:19:00,2024-02-13,66.0,66.0,66.0,66.0,0,0,1
FINNIFTY13FEB2421250CE.NFO,2024-01-10,10:20:00,2024-02-13,66.0,66.0,66.0,66.0,0,0,1
FINNIFTY13FEB2421250CE.NFO,2024-01-10,10:21:00,2024-02-13,66.0,66.0,66.0,66.0,0,0,1
FINNIFTY13FEB2421250CE.NFO,2024-01-10,10:22:00,2024-02-13,66.0,66.0,66.0,66.0,0,0,1
FINNIFTY13FEB2421250CE.NFO,2024-01-10,10:23:00,2024-02-13,66.0,66.0,66.0,66.0,0,0,1
FINNIFTY13FEB2421250CE.NFO,2024-01-10,10:24:00,2024-02-13,66.0,66.0,66.0,66.0,0,0,1
FINNIFTY13FEB2421250CE.NFO,2024-01-10,10:25:00,2024-02-13,66.0,66.0,66.0,66.0,0,0,1
FINNIFTY13FEB2421250CE.NFO,2024-01-10,10:26:00,2024-02-13,66.0,66.0,66.0,66.0,0,0,1
FINNIFTY13FEB2421250CE.NFO,2024-01-10,10:27:00,2024-02-13,66.0,66.0,66.0,66.0,0,0,1
FINNIFTY13FEB2421250CE.NFO,2024-01-10,10:28:00,2024-02-13,66.0,66.0,66.0,66.0,0,0,1
FINNIFTY13FEB2421250CE.NFO,2024-01-10,10:29:00,2024-02-13,66.0,66.0,66.0,66.0,0,0,1
FINNIFTY13FEB2421250CE.NFO,2024-01-10,10:30:00,2024-02-13,66.0,66.0,66.0,66.0,0,0,1
FINNIFTY13FEB2421250CE.NFO,2024-01-10,10:31:00,2024-02-13,66.0,66.0,66.0,66.0,0,0,1
FINNIFTY13FEB2421250CE.NFO,2024-01-10,10:32:00,2024-02-13,66.0,66.0,66.0,66.0,0,0,1
FINNIFTY13FEB2421250CE.NFO,2024-01-10,10:33:00,2024-02-13,66.0,66.0,66.0,66.0,0,0,1
FINNIFTY13FEB2421250CE.NFO,2024-01-10,10:34:00,2024-02-13,66.0,66.0,66.0,66.0,0,0,1
FINNIFTY13FEB2421250CE.NFO,2024-01-10,10:35:00,2024-02-13,66.0,66.0,66.0,66.0,0,0,1
FINNIFTY13FEB2421250CE.NFO,2024-01-10,10:36:00,2024-02-13,66.0,66.0,66.0,66.0,0,0,1
FINNIFTY13FEB2421250CE.NFO,2024-01-10,10:37:00,2024-02-13,66.0,66.0,66.0,66.0,0,0,1
FINNIFTY13FEB2421250CE.NFO,2024-01-10,10:38:00,2024-02-13,66.0,66.0,66.0,66.0,0,0,1
FINNIFTY13FEB2421250CE.NFO,2024-01-10,10:39:00,2024-02-13,66.0,66.0,66.0,66.0,0,0,1
FINNIFTY13FEB2421250CE.NFO,2024-01-10,10:40:00,2024-02-13,66.0,66.0,66.0,66.0,0,0,1
FINNIFTY13FEB2421250CE.NFO,2024-01-10,10:41:00,2024-02-13,66.0,66.0,66.0,66.0,0,0,1
FINNIFTY13FEB2421250CE.NFO,2024-01-10,10:42:00,2024-02-13,66.0,66.0,66.0,66.0,0,0,1
FINNIFTY13FEB2421250CE.NFO,2024-01-10,10:43:00,2024-02-13,66.0,66.0,66.0,66.0,0,0,1
FINNIFTY13FEB2421250CE.NFO,2024-01-10,10:44:00,2024-02-13,66.0,66.0,66.0,66.0,0,0,1
FINNIFTY13FEB2421250CE.NFO,2024-01-10,10:45:00,2024-02-13,66.0,66.0,66.0,66.0,0,0,1
FINNIFTY13FEB2421250CE.NFO,2024-01-10,10:46:00,2024-02-13,66.0,66.0,66.0,66.0,0,0,1
FINNIFTY13FEB2421250CE.NFO,2024-01-10,10:47:00,2024-02-13,66.0,66.0,66.0,66.0,0,0,1
FINNIFTY13FEB2421250CE.NFO,2024-01-10,10:48:00,2024-02-13,66.0,66.0,66.0,66.0,0,0,1
FINNIFTY13FEB2421250CE.NFO,2024-01-10,10:49:00,2024-02-13,66.0,66.0,66.0,66.0,0,0,1
FINNIFTY13FEB2421250CE.NFO,2024-01-10,10:50:00,2024-02-13,66.0,66.0,66.0,66.0,0,0,1
FINNIFTY13FEB2421250CE.NFO,2024-01-10,10:51:00,2024-02-13,66.0,66.0,66.0,66.0,0,0,1
FINNIFTY13FEB2421250CE.NFO,2024-01-10,10:52:00,2024-02-13,66.0,66.0,66.0,66.0,0,0,1
FINNIFTY13FEB2421250CE.NFO,2024-01-10,10:53:00,2024-02-13,66.0,66.0,66.0,66.0,0,0,1
FINNIFTY13FEB2421250CE.NFO,2024-01-10,10:54:00,2024-02-13,66.0,66.0,66.0,66.0,0,0,1
FINNIFTY13FEB2421250CE.NFO,2024-01-10,10:55:00,2024-02-13,66.0,66.0,66.0,66.0,0,0,1
FINNIFTY13FEB2421250CE.NFO,2024-01-10,10:56:00,2024-02-13,66.0,66.0,66.0,66.0,0,0,1
FINNIFTY13FEB2421250CE.NFO,2024-01-10,10:57:00,2024-02-13,66.0,66.0,66.0,66.0,0,0,1
FINNIFTY13FEB2421250CE.NFO,2024-01-10,10:58:00,2024-02-13,66.0,66.0,66.0,66.0,0,0,1
FINNIFTY13FEB2421250CE.NFO,2024-01-10,10:59:00,2024-02-13,66.0,66.0,66.0,66.0,0,0,1
FINNIFTY13FEB2421250CE.NFO,2024-01-10,11:00:00,2024-02-13,66.0,66.0,66.0,66.0,0,0,1
FINNIFTY13FEB2421250CE.NFO,2024-01-10,11:01:00,2024-02-13,66.0,66.0,66.0,66.0,0,0,1
FINNIFTY13FEB2421250CE.NFO,2024-01-10,11:02:00,2024-02-13,66.0,66.0,66.0,66.0,0,0,1
FINNIFTY13FEB2421250CE.NFO,2024-01-10,11:03:00,2024-02-13,66.0,66.0,66.0,66.0,0,0,1
FINNIFTY13FEB2421250CE.NFO,2024-01-10,11:04:00,2024-02-13,66.0,66.0,66.0,66.0,0,0,1
FINNIFTY13FEB2421250CE.NFO,2024-01-10,11:05:00,2024-02-13,66.0,66.0,66.0,66.0,0,0,1
FINNIFTY13FEB2421250CE.NFO,2024-01-10,11:06:00,2024-02-13,66.0,66.0,66.0,66.0,0,0,1
FINNIFTY13FEB2421250CE.NFO,2024-01-10,11:07:00,2024-02-13,66.0,66.0,66.0,66.0,0,0,1
FINNIFTY13FEB2421250CE.NFO,2024-01-10,11:08:00,2024-02-13,66.0,66.0,66.0,66.0,0,0,1
FINNIFTY13FEB2421250CE.NFO,2024-01-10,11:09:00,2024-02-13,66.0,66.0,66.0,66.0,0,0,1
FINNIFTY13FEB2421250CE.NFO,2024-01-10,11:10:00,2024-02-13,66.0,66.0,66.0,66.0,0,0,1
FINNIFTY13FEB2421250CE.NFO,2024-01-10,11:11:00,2024-02-13,66.0,66.0,66.0,66.0,0,0,1
FINNIFTY13FEB2421250CE.NFO,2024-01-10,11:12:00,2024-02-13,66.0,66.0,66.0,66.0,0,0,1
FINNIFTY13FEB2421250CE.NFO,2024-01-10,11:13:00,2024-02-13,66.0,66.0,66.0,66.0,0,0,1
FINNIFTY13FEB2421250CE.NFO,2024-01-10,11:14:00,2024-02-13,66.0,66.0,66.0,66.0,0,0,1
FINNIFTY13FEB2421250CE.NFO,2024-01-10,11:15:00,2024-02-13,66.0,66.0,66.0,66.0,0,0,1
FINNIFTY13FEB2421250CE.NFO,2024-01-10,11:16:00,2024-02-13,66.0,66.0,66.0,66.0,0,0,1
FINNIFTY13FEB2421250CE.NFO,2024-01-10,11:17:00,2024-02-13,66.0,66.0,66.0,66.0,0,0,1
FINNIFTY13FEB2421250CE.NFO,2024-01-10,11:18:00,2024-02-13,66.0,66.0,66.0,66.0,0,0,1
FINNIFTY13FEB2421250CE.NFO,2024-01-10,11:19:00,2024-02-13,66.0,66.0,66.0,66.0,0,0,1
FINNIFTY13FEB2421250CE.NFO,2024-01-10,11:20:00,2024-02-13,66.0,66.0,66.0,66.0,0,0,1
FINNIFTY13FEB2421250CE.NFO,2024-01-10,11:21:00,2024-02-13,66.0,66.0,66.0,66.0,0,0,1
FINNIFTY13FEB2421250CE.NFO,2024-01-10,11:22:00,2024-02-13,66.0,66.0,66.0,66.0,0,0,1
FINNIFTY13FEB2421250CE.NFO,2024-01-10,11:23:00,2024-02-13,66.0,66.0,66.0,66.0,0,0,1
FINNIFTY13FEB2421250CE.NFO,2024-01-10,11:24:00,2024-02-13,66.0,66.0,66.0,66.0,0,0,1
FINNIFTY13FEB2421250CE.NFO,2024-01-10,11:25:00,2024-02-13,66.0,66.0,66.0,66.0,0,0,1
FINNIFTY13FEB2421250CE.NFO,2024-01-10,11:26:00,2024-02-13,66.0,66.0,66.0,66.0,0,0,1
FINNIFTY13FEB2421250CE.NFO,2024-01-10,11:27:00,2024-02-13,66.0,66.0,66.0,66.0,0,0,1
FINNIFTY13FEB2421250CE.NFO,2024-01-10,11:28:00,2024-02-13,66.0,66.0,66.0,66.0,0,0,1
FINNIFTY13FEB2421250CE.NFO,2024-01-10,11:29:00,2024-02-13,66.0,66.0,66.0,66.0,0,0,1
FINNIFTY13FEB2421250CE.NFO,2024-01-10,11:30:00,2024-02-13,66.0,66.0,66.0,66.0,0,0,1
FINNIFTY13FEB2421250CE.NFO,2024-01-10,11:31:00,2024-02-13,66.0,66.0,66.0,66.0,0,0,1
FINNIFTY13FEB2421250CE.NFO,2024-01-10,11:32:00,2024-02-13,66.0,66.0,66.0,66.0,0,0,1
FINNIFTY13FEB2421250CE.NFO,2024-01-10,11:33:00,2024-02-13,66.0,66.0,66.0,66.0,0,0,1
FINNIFTY13FEB2421250CE.NFO,2024-01-10,11:34:00,2024-02-13,66.0,66.0,66.0,66.0,0,0,1
FINNIFTY13FEB2421250CE.NFO,2024-01-10,11:35:00,2024-02-13,66.0,66.0,66.0,66.0,0,0,1
FINNIFTY13FEB2421250CE.NFO,2024-01-10,11:36:00,2024-02-13,66.0,66.0,66.0,66.0,0,0,1
FINNIFTY13FEB2421250CE.NFO,2024-01-10,11:37:00,2024-02-13,66.0,66.0,66.0,66.0,0,0,1
FINNIFTY13FEB2421250CE.NFO,2024-01-10,11:38:00,2024-02-13,66.0,66.0,66.0,66.0,0,0,1
FINNIFTY13FEB2421250CE.NFO,2024-01-10,11:39:00,2024-02-13,66.0,66.0,66.0,66.0,0,0,1
FINNIFTY13FEB2421250CE.NFO,2024-01-10,11:40:00,2024-02-13,66.0,66.0,66.0,66.0,0,0,1
FINNIFTY13FEB2421250CE.NFO,2024-01-10,11:41:00,2024-02-13,66.0,66.0,66.0,66.0,0,0,1
FINNIFTY13FEB2421250CE.NFO,2024-01-10,11:42:00,2024-02-13,66.0,66.0,66.0,66.0,0,0,1
FINNIFTY13FEB2421250CE.NFO,2024-01-10,11:43:00,2024-02-13,66.0,66.0,66.0,66.0,0,0,1
FINNIFTY13FEB2421250CE.NFO,2024-01-10,11:44:00,2024-02-13,66.0,66.0,66.0,66.0,0,0,1
FINNIFTY13FEB2421250CE.NFO,2024-01-10,11:45:00,2024-02-13,66.0,66.0,66.0,66.0,0,0,1
FINNIFTY13FEB2421250CE.NFO,2024-01-10,11:46:00,2024-02-13,66.0,66.0,66.0,66.0,0,0,1
FINNIFTY13FEB2421250CE.NFO,2024-01-10,11:47:00,2024-02-13,66.0,66.0,66.0,66.0,0,0,1
FINNIFTY13FEB2421250CE.NFO,2024-01-10,11:48:00,2024-02-13,66.0,66.0,66.0,66.0,0,0,1
FINNIFTY13FEB2421250CE.NFO,2024-01-10,11:49:00,2024-02-13,66.0,66.0,66.0,66.0,0,0,1
FINNIFTY13FEB2421250CE.NFO,2024-01-10,11:50:00,2024-02-13,66.0,66.0,66.0,66.0,0,0,1
FINNIFTY13FEB2421250CE.NFO,2024-01-10,11:51:00,2024-02-13,66.0,66.0,66.0,66.0,0,0,1
FINNIFTY13FEB2421250CE.NFO,2024-01-10,11:52:00,2024-02-13,66.0,66.0,66.0,66.0,0,0,1
FINNIFTY13FEB2421250CE.NFO,2024-01-10,11:53:00,2024-02-13,66.0,66.0,66.0,66.0,0,0,1
FINNIFTY13FEB2421250CE.NFO,2024-01-10,11:54:00,2024-02-13,66.0,66.0,66.0,66.0,0,0,1
FINNIFTY13FEB2421250CE.NFO,2024-01-10,11:55:00,2024-02-13,66.0,66.0,66.0,66.0,0,0,1
FINNIFTY13FEB2421250CE.NFO,2024-01-10,11:56:00,2024-02-13,66.0,66.0,66.0,66.0,0,0,1
FINNIFTY13FEB2421250CE.NFO,2024-01-10,11:57:00,2024-02-13,66.0,66.0,66.0,66.0,0,0,1
FINNIFTY13FEB2421250CE.NFO,2024-01-10,11:58:00,2024-02-13,66.0,66.0,66.0,66.0,0,0,1
FINNIFTY13FEB2421250CE.NFO,2024-01-10,11:59:00,2024-02-13,66.0,66.0,66.0,66.0,0,0,1
FINNIFTY13FEB2421250CE.NFO,2024-01-10,12:00:00,2024-02-13,66.0,66.0,66.0,66.0,0,0,1
FINNIFTY13FEB2421250CE.NFO,2024-01-10,12:01:00,2024-02-13,66.0,66.0,66.0,66.0,0,0,1
FINNIFTY13FEB2421250CE.NFO,2024-01-10,12:02:00,2024-02-13,66.0,66.0,66.0,66.0,0,0,1
FINNIFTY13FEB2421250CE.NFO,2024-01-10,12:03:00,2024-02-13,66.0,66.0,66.0,66.0,0,0,1
FINNIFTY13FEB2421250CE.NFO,2024-01-10,12:04:00,2024-02-13,66.0,66.0,66.0,66.0,0,0,1
FINNIFTY13FEB2421250CE.NFO,2024-01-10,12:05:00,2024-02-13,66.0,66.0,66.0,66.0,0,0,1
FINNIFTY13FEB2421250CE.NFO,2024-01-10,12:06:00,2024-02-13,66.0,66.0,66.0,66.0,0,0,1
FINNIFTY13FEB2421250CE.NFO,2024-01-10,12:07:00,2024-02-13,66.0,66.0,66.0,66.0,0,0,1
FINNIFTY13FEB2421250CE.NFO,2024-01-10,12:08:00,2024-02-13,66.0,66.0,66.0,66.0,0,0,1
FINNIFTY13FEB2421250CE.NFO,2024-01-10,12:09:00,2024-02-13,66.0,66.0,66.0,66.0,0,0,1
FINNIFTY13FEB2421250CE.NFO,2024-01-10,12:10:00,2024-02-13,66.0,66.0,66.0,66.0,0,0,1
FINNIFTY13FEB2421250CE.NFO,2024-01-10,12:11:00,2024-02-13,66.0,66.0,66.0,66.0,0,0,1
FINNIFTY13FEB2421250CE.NFO,2024-01-10,12:12:00,2024-02-13,66.0,66.0,66.0,66.0,0,0,1
FINNIFTY13FEB2421250CE.NFO,2024-01-10,12:13:00,2024-02-13,66.0,66.0,66.0,66.0,0,0,1
FINNIFTY13FEB2421250CE.NFO,2024-01-10,12:14:00,2024-02-13,66.0,66.0,66.0,66.0,0,0,1
FINNIFTY13FEB2421250CE.NFO,2024-01-10,12:15:00,2024-02-13,66.0,66.0,66.0,66.0,0,0,1
FINNIFTY13FEB2421250CE.NFO,2024-01-10,12:16:00,2024-02-13,66.0,66.0,66.0,66.0,0,0,1
FINNIFTY13FEB2421250CE.NFO,2024-01-10,12:17:00,2024-02-13,66.0,66.0,66.0,66.0,0,0,1
FINNIFTY13FEB2421250CE.NFO,2024-01-10,12:18:00,2024-02-13,66.0,66.0,66.0,66.0,0,0,1
FINNIFTY13FEB2421250CE.NFO,2024-01-10,12:19:00,2024-02-13,66.0,66.0,66.0,66.0,0,0,1
FINNIFTY13FEB2421250CE.NFO,2024-01-10,12:20:00,2024-02-13,66.0,66.0,66.0,66.0,0,0,1
FINNIFTY13FEB2421250CE.NFO,2024-01-10,12:21:00,2024-02-13,66.0,66.0,66.0,66.0,0,0,1
FINNIFTY13FEB2421250CE.NFO,2024-01-10,12:22:00,2024-02-13,66.0,66.0,66.0,66.0,0,0,1
FINNIFTY13FEB2421250CE.NFO,2024-01-10,12:23:00,2024-02-13,66.0,66.0,66.0,66.0,0,0,1
FINNIFTY13FEB2421250CE.NFO,2024-01-10,12:24:00,2024-02-13,66.0,66.0,66.0,66.0,0,0,1
FINNIFTY13FEB2421250CE.NFO,2024-01-10,12:25:00,2024-02-13,66.0,66.0,66.0,66.0,0,0,1
FINNIFTY13FEB2421250CE.NFO,2024-01-10,12:26:00,2024-02-13,66.0,66.0,66.0,66.0,0,0,1
FINNIFTY13FEB2421250CE.NFO,2024-01-10,12:27:00,2024-02-13,66.0,66.0,66.0,66.0,0,0,1
FINNIFTY13FEB2421250CE.NFO,2024-01-10,12:28:00,2024-02-13,66.0,66.0,66.0,66.0,0,0,1
FINNIFTY13FEB2421250CE.NFO,2024-01-10,12:29:00,2024-02-13,66.0,66.0,66.0,66.0,0,0,1
FINNIFTY13FEB2421250CE.NFO,2024-01-10,12:30:00,2024-02-13,66.0,66.0,66.0,66.0,0,0,1
FINNIFTY13FEB2421250CE.NFO,2024-01-10,12:31:00,2024-02-13,66.0,66.0,66.0,66.0,0,0,1
FINNIFTY13FEB2421250CE.NFO,2024-01-10,12:32:00,2024-02-13,66.0,66.0,66.0,66.0,0,0,1
FINNIFTY13FEB2421250CE.NFO,2024-01-10,12:33:00,2024-02-13,66.0,66.0,66.0,66.0,0,0,1
FINNIFTY13FEB2421250CE.NFO,2024-01-10,12:34:00,2024-02-13,66.0,66.0,66.0,66.0,0,0,1
FINNIFTY13FEB2421250CE.NFO,2024-01-10,12:35:00,2024-02-13,66.0,66.0,66.0,66.0,0,0,1
FINNIFTY13FEB2421250CE.NFO,2024-01-10,12:36:00,2024-02-13,66.0,66.0,66.0,66.0,0,0,1
FINNIFTY13FEB2421250CE.NFO,2024-01-10,12:37:00,2024-02-13,66.0,66.0,66.0,66.0,0,0,1
FINNIFTY13FEB2421250CE.NFO,2024-01-10,12:38:00,2024-02-13,66.0,66.0,66.0,66.0,0,0,1
FINNIFTY13FEB2421250CE.NFO,2024-01-10,12:39:00,2024-02-13,66.0,66.0,66.0,66.0,0,0,1
FINNIFTY13FEB2421250CE.NFO,2024-01-10,12:40:00,2024-02-13,66.0,66.0,66.0,66.0,0,0,1
FINNIFTY13FEB2421250CE.NFO,2024-01-10,12:41:00,2024-02-13,66.0,66.0,66.0,66.0,0,0,1
FINNIFTY13FEB2421250CE.NFO,2024-01-10,12:42:00,2024-02-13,66.0,66.0,66.0,66.0,0,0,1
FINNIFTY13FEB2421250CE.NFO,2024-01-10,12:43:00,2024-02-13,66.0,66.0,66.0,66.0,0,0,1
FINNIFTY13FEB2421250CE.NFO,2024-01-10,12:44:00,2024-02-13,66.0,66.0,66.0,66.0,0,0,1
FINNIFTY13FEB2421250CE.NFO,2024-01-10,12:45:00,2024-02-13,66.0,66.0,66.0,66.0,0,0,1
FINNIFTY13FEB2421250CE.NFO,2024-01-10,12:46:00,2024-02-13,66.0,66.0,66.0,66.0,0,0,1
FINNIFTY13FEB2421250CE.NFO,2024-01-10,12:47:00,2024-02-13,66.0,66.0,66.0,66.0,0,0,1
FINNIFTY13FEB2421250CE.NFO,2024-01-10,12:48:00,2024-02-13,66.0,66.0,66.0,66.0,0,0,1
FINNIFTY13FEB2421250CE.NFO,2024-01-10,12:49:00,2024-02-13,66.0,66.0,66.0,66.0,0,0,1
FINNIFTY13FEB2421250CE.NFO,2024-01-10,12:50:00,2024-02-13,66.0,66.0,66.0,66.0,0,0,1
FINNIFTY13FEB2421250CE.NFO,2024-01-10,12:51:00,2024-02-13,66.0,66.0,66.0,66.0,0,0,1
FINNIFTY13FEB2421250CE.NFO,2024-01-10,12:52:00,2024-02-13,66.0,66.0,66.0,66.0,0,0,1
FINNIFTY13FEB2421250CE.NFO,2024-01-10,12:53:00,2024-02-13,66.0,66.0,66.0,66.0,0,0,1
FINNIFTY13FEB2421250CE.NFO,2024-01-10,12:54:00,2024-02-13,66.0,66.0,66.0,66.0,0,0,1
FINNIFTY13FEB2421250CE.NFO,2024-01-10,12:55:00,2024-02-13,66.0,66.0,66.0,66.0,0,0,1
FINNIFTY13FEB2421250CE.NFO,2024-01-10,12:56:00,2024-02-13,66.0,66.0,66.0,66.0,0,0,1
FINNIFTY13FEB2421250CE.NFO,2024-01-10,12:57:00,2024-02-13,66.0,66.0,66.0,66.0,0,0,1
FINNIFTY13FEB2421250CE.NFO,2024-01-10,12:58:00,2024-02-13,66.0,66.0,66.0,66.0,0,0,1
FINNIFTY13FEB2421250CE.NFO,2024-01-10,12:59:00,2024-02-13,66.0,66.0,66.0,66.0,0,0,1
FINNIFTY13FEB2421250CE.NFO,2024-01-10,13:00:00,2024-02-13,66.0,66.0,66.0,66.0,0,0,1
FINNIFTY13FEB2421250CE.NFO,2024-01-10,13:01:00,2024-02-13,66.0,66.0,66.0,66.0,0,0,1
FINNIFTY13FEB2421250CE.NFO,2024-01-10,13:02:00,2024-02-13,66.0,66.0,66.0,66.0,0,0,1
FINNIFTY13FEB2421250CE.NFO,2024-01-10,13:03:00,2024-02-13,66.0,66.0,66.0,66.0,0,0,1
FINNIFTY13FEB2421250CE.NFO,2024-01-10,13:04:00,2024-02-13,66.0,66.0,66.0,66.0,0,0,1
FINNIFTY13FEB2421250CE.NFO,2024-01-10,13:05:00,2024-02-13,66.0,66.0,66.0,66.0,0,0,1
FINNIFTY13FEB2421250CE.NFO,2024-01-10,13:06:00,2024-02-13,66.0,66.0,66.0,66.0,0,0,1
FINNIFTY13FEB2421250CE.NFO,2024-01-10,13:07:00,2024-02-13,66.0,66.0,66.0,66.0,0,0,1
FINNIFTY13FEB2421250CE.NFO,2024-01-10,13:08:00,2024-02-13,66.0,66.0,66.0,66.0,0,0,1
FINNIFTY13FEB2421250CE.NFO,2024-01-10,13:09:00,2024-02-13,66.0,66.0,66.0,66.0,0,0,1
FINNIFTY13FEB2421250CE.NFO,2024-01-10,13:10:00,2024-02-13,66.0,66.0,66.0,66.0,0,0,1
FINNIFTY13FEB2421250CE.NFO,2024-01-10,13:11:00,2024-02-13,66.0,66.0,66.0,66.0,0,0,1
FINNIFTY13FEB2421250CE.NFO,2024-01-10,13:12:00,2024-02-13,66.0,66.0,66.0,66.0,0,0,1
FINNIFTY13FEB2421250CE.NFO,2024-01-10,13:13:00,2024-02-13,66.0,66.0,66.0,66.0,0,0,1
FINNIFTY13FEB2421250CE.NFO,2024-01-10,13:14:00,2024-02-13,66.0,66.0,66.0,66.0,0,0,1
FINNIFTY13FEB2421250CE.NFO,2024-01-10,13:15:00,2024-02-13,66.0,66.0,66.0,66.0,0,0,1
FINNIFTY13FEB2421250CE.NFO,2024-01-10,13:16:00,2024-02-13,66.0,66.0,66.0,66.0,0,0,1
FINNIFTY13FEB2421250CE.NFO,2024-01-10,13:17:00,2024-02-13,66.0,66.0,66.0,66.0,0,0,1
FINNIFTY13FEB2421250CE.NFO,2024-01-10,13:18:00,2024-02-13,66.0,66.0,66.0,66.0,0,0,1
FINNIFTY13FEB2421250CE.NFO,2024-01-10,13:19:00,2024-02-13,66.0,66.0,66.0,66.0,0,0,1
FINNIFTY13FEB2421250CE.NFO,2024-01-10,13:20:00,2024-02-13,66.0,66.0,66.0,66.0,0,0,1
FINNIFTY13FEB2421250CE.NFO,2024-01-10,13:21:00,2024-02-13,66.0,66.0,66.0,66.0,0,0,1
FINNIFTY13FEB2421250CE.NFO,2024-01-10,13:22:00,2024-02-13,66.0,66.0,66.0,66.0,0,0,1
FINNIFTY13FEB2421250CE.NFO,2024-01-10,13:23:00,2024-02-13,66.0,66.0,66.0,66.0,0,0,1
FINNIFTY13FEB2421250CE.NFO,2024-01-10,13:24:00,2024-02-13,66.0,66.0,66.0,66.0,0,0,1
FINNIFTY13FEB2421250CE.NFO,2024-01-10,13:25:00,2024-02-13,66.0,66.0,66.0,66.0,0,0,1
FINNIFTY13FEB2421250CE.NFO,2024-01-10,13:26:00,2024-02-13,66.0,66.0,66.0,66.0,0,0,1
FINNIFTY13FEB2421250CE.NFO,2024-01-10,13:27:00,2024-02-13,66.0,66.0,66.0,66.0,0,0,1
FINNIFTY13FEB2421250CE.NFO,2024-01-10,13:28:00,2024-02-13,66.0,66.0,66.0,66.0,0,0,1
FINNIFTY13FEB2421250CE.NFO,2024-01-10,13:29:00,2024-02-13,66.0,66.0,66.0,66.0,0,0,1
FINNIFTY13FEB2421250CE.NFO,2024-01-10,13:30:00,2024-02-13,66.0,66.0,66.0,66.0,0,0,1
FINNIFTY13FEB2421250CE.NFO,2024-01-10,13:31:00,2024-02-13,66.0,66.0,66.0,66.0,0,0,1
FINNIFTY13FEB2421250CE.NFO,2024-01-10,13:32:00,2024-02-13,66.0,66.0,66.0,66.0,0,0,1
FINNIFTY13FEB2421250CE.NFO,2024-01-10,13:33:00,2024-02-13,66.0,66.0,66.0,66.0,0,0,1
FINNIFTY13FEB2421250CE.NFO,2024-01-10,13:34:00,2024-02-13,66.0,66.0,66.0,66.0,0,0,1
FINNIFTY13FEB2421250CE.NFO,2024-01-10,13:35:00,2024-02-13,66.0,66.0,66.0,66.0,0,0,1
FINNIFTY13FEB2421250CE.NFO,2024-01-10,13:36:00,2024-02-13,66.0,66.0,66.0,66.0,0,0,1
FINNIFTY13FEB2421250CE.NFO,2024-01-10,13:37:00,2024-02-13,66.0,66.0,66.0,66.0,0,0,1
FINNIFTY13FEB2421250CE.NFO,2024-01-10,13:38:00,2024-02-13,66.0,66.0,66.0,66.0,0,0,1
FINNIFTY13FEB2421250CE.NFO,2024-01-10,13:39:00,2024-02-13,66.0,66.0,66.0,66.0,0,0,1
FINNIFTY13FEB2421250CE.NFO,2024-01-10,13:40:00,2024-02-13,66.0,66.0,66.0,66.0,0,0,1
FINNIFTY13FEB2421250CE.NFO,2024-01-10,13:41:00,2024-02-13,66.0,66.0,66.0,66.0,0,0,1
FINNIFTY13FEB2421250CE.NFO,2024-01-10,13:42:00,2024-02-13,66.0,66.0,66.0,66.0,0,0,1
FINNIFTY13FEB2421250CE.NFO,2024-01-10,13:43:00,2024-02-13,66.0,66.0,66.0,66.0,0,0,1
FINNIFTY13FEB2421250CE.NFO,2024-01-10,13:44:00,2024-02-13,66.0,66.0,66.0,66.0,0,0,1
FINNIFTY13FEB2421250CE.NFO,2024-01-10,13:45:00,2024-02-13,66.0,66.0,66.0,66.0,0,0,1
FINNIFTY13FEB2421250CE.NFO,2024-01-10,13:46:00,2024-02-13,66.0,66.0,66.0,66.0,0,0,1
FINNIFTY13FEB2421250CE.NFO,2024-01-10,13:47:00,2024-02-13,66.0,66.0,66.0,66.0,0,0,1
FINNIFTY13FEB2421250CE.NFO,2024-01-10,13:48:00,2024-02-13,66.0,66.0,66.0,66.0,0,0,1
FINNIFTY13FEB2421250CE.NFO,2024-01-10,13:49:00,2024-02-13,66.0,66.0,66.0,66.0,0,0,1
FINNIFTY13FEB2421250CE.NFO,2024-01-10,13:50:00,2024-02-13,66.0,66.0,66.0,66.0,0,0,1
FINNIFTY13FEB2421250CE.NFO,2024-01-10,13:51:00,2024-02-13,66.0,66.0,66.0,66.0,0,0,1
FINNIFTY13FEB2421250CE.NFO,2024-01-10,13:52:00,2024-02-13,66.0,66.0,66.0,66.0,0,0,1
FINNIFTY13FEB2421250CE.NFO,2024-01-10,13:53:00,2024-02-13,66.0,66.0,66.0,66.0,0,0,1
FINNIFTY13FEB2421250CE.NFO,2024-01-10,13:54:00,2024-02-13,66.0,66.0,66.0,66.0,0,0,1
FINNIFTY13FEB2421250CE.NFO,2024-01-10,13:55:00,2024-02-13,66.0,66.0,66.0,66.0,0,0,1
FINNIFTY13FEB2421250CE.NFO,2024-01-10,13:56:00,2024-02-13,66.0,66.0,66.0,66.0,0,0,1
FINNIFTY13FEB2421250CE.NFO,2024-01-10,13:57:00,2024-02-13,66.0,66.0,66.0,66.0,0,0,1
FINNIFTY13FEB2421250CE.NFO,2024-01-10,13:58:00,2024-02-13,66.0,66.0,66.0,66.0,0,0,1
FINNIFTY13FEB2421250CE.NFO,2024-01-10,13:59:00,2024-02-13,66.0,66.0,66.0,66.0,0,0,1
FINNIFTY13FEB2421250CE.NFO,2024-01-10,14:00:00,2024-02-13,66.0,66.0,66.0,66.0,0,0,1
FINNIFTY13FEB2421250CE.NFO,2024-01-10,14:01:00,2024-02-13,66.0,66.0,66.0,66.0,0,0,1
FINNIFTY13FEB2421250CE.NFO,2024-01-10,14:02:00,2024-02-13,66.0,66.0,66.0,66.0,0,0,1
FINNIFTY13FEB2421250CE.NFO,2024-01-10,14:03:00,2024-02-13,66.0,66.0,66.0,66.0,0,0,1
FINNIFTY13FEB2421250CE.NFO,2024-01-10,14:04:00,2024-02-13,66.0,66.0,66.0,66.0,0,0,1
FINNIFTY13FEB2421250CE.NFO,2024-01-10,14:05:00,2024-02-13,66.0,66.0,66.0,66.0,0,0,1
FINNIFTY13FEB2421250CE.NFO,2024-01-10,14:06:00,2024-02-13,66.0,66.0,66.0,66.0,0,0,1
FINNIFTY13FEB2421250CE.NFO,2024-01-10,14:07:00,2024-02-13,66.0,66.0,66.0,66.0,0,0,1
FINNIFTY13FEB2421250CE.NFO,2024-01-10,14:08:00,2024-02-13,66.0,66.0,66.0,66.0,0,0,1
FINNIFTY13FEB2421250CE.NFO,2024-01-10,14:09:00,2024-02-13,66.0,66.0,66.0,66.0,0,0,1
FINNIFTY13FEB2421250CE.NFO,2024-01-10,14:10:00,2024-02-13,66.0,66.0,66.0,66.0,0,0,1
FINNIFTY13FEB2421250CE.NFO,2024-01-10,14:11:00,2024-02-13,66.0,66.0,66.0,66.0,0,0,1
FINNIFTY13FEB2421250CE.NFO,2024-01-10,14:12:00,2024-02-13,66.0,66.0,66.0,66.0,0,0,1
FINNIFTY13FEB2421250CE.NFO,2024-01-10,14:13:00,2024-02-13,66.0,66.0,66.0,66.0,0,0,1
FINNIFTY13FEB2421250CE.NFO,2024-01-10,14:14:00,2024-02-13,66.0,66.0,66.0,66.0,0,0,1
FINNIFTY13FEB2421250CE.NFO,2024-01-10,14:15:00,2024-02-13,66.0,66.0,66.0,66.0,0,0,1
FINNIFTY13FEB2421250CE.NFO,2024-01-10,14:16:00,2024-02-13,66.0,66.0,66.0,66.0,0,0,1
FINNIFTY13FEB2421250CE.NFO,2024-01-10,14:17:00,2024-02-13,66.0,66.0,66.0,66.0,0,0,1
FINNIFTY13FEB2421250CE.NFO,2024-01-10,14:18:00,2024-02-13,66.0,66.0,66.0,66.0,0,0,1
FINNIFTY13FEB2421250CE.NFO,2024-01-10,14:19:00,2024-02-13,66.0,66.0,66.0,66.0,0,0,1
FINNIFTY13FEB2421250CE.NFO,2024-01-10,14:20:00,2024-02-13,66.0,66.0,66.0,66.0,0,0,1
FINNIFTY13FEB2421250CE.NFO,2024-01-10,14:21:00,2024-02-13,66.0,66.0,66.0,66.0,0,0,1
FINNIFTY13FEB2421250CE.NFO,2024-01-10,14:22:00,2024-02-13,66.0,66.0,66.0,66.0,0,0,1
FINNIFTY13FEB2421250CE.NFO,2024-01-10,14:23:00,2024-02-13,66.0,66.0,66.0,66.0,0,0,1
FINNIFTY13FEB2421250CE.NFO,2024-01-10,14:24:00,2024-02-13,66.0,66.0,66.0,66.0,0,0,1
FINNIFTY13FEB2421250CE.NFO,2024-01-10,14:25:00,2024-02-13,66.0,66.0,66.0,66.0,0,0,1
FINNIFTY13FEB2421250CE.NFO,2024-01-10,14:26:00,2024-02-13,66.0,66.0,66.0,66.0,0,0,1
FINNIFTY13FEB2421250CE.NFO,2024-01-10,14:27:00,2024-02-13,66.0,66.0,66.0,66.0,0,0,1
FINNIFTY13FEB2421250CE.NFO,2024-01-10,14:28:00,2024-02-13,66.0,66.0,66.0,66.0,0,0,1
FINNIFTY13FEB2421250CE.NFO,2024-01-10,14:29:00,2024-02-13,66.0,66.0,66.0,66.0,0,0,1
FINNIFTY13FEB2421250CE.NFO,2024-01-10,14:30:00,2024-02-13,66.0,66.0,66.0,66.0,0,0,1
FINNIFTY13FEB2421250CE.NFO,2024-01-10,14:31:00,2024-02-13,66.0,66.0,66.0,66.0,0,0,1
FINNIFTY13FEB2421250CE.NFO,2024-01-10,14:32:00,2024-02-13,66.0,66.0,66.0,66.0,0,0,1
FINNIFTY13FEB2421250CE.NFO,2024-01-10,14:33:00,2024-02-13,66.0,66.0,66.0,66.0,0,0,1
FINNIFTY13FEB2421250CE.NFO,2024-01-10,14:34:00,2024-02-13,66.0,66.0,66.0,66.0,0,0,1
FINNIFTY13FEB2421250CE.NFO,2024-01-10,14:35:00,2024-02-13,66.0,66.0,66.0,66.0,0,0,1
FINNIFTY13FEB2421250CE.NFO,2024-01-10,14:36:00,2024-02-13,66.0,66.0,66.0,66.0,0,0,1
FINNIFTY13FEB2421250CE.NFO,2024-01-10,14:37:00,2024-02-13,66.0,66.0,66.0,66.0,0,0,1
FINNIFTY13FEB2421250CE.NFO,2024-01-10,14:38:00,2024-02-13,66.0,66.0,66.0,66.0,0,0,1
FINNIFTY13FEB2421250CE.NFO,2024-01-10,14:39:00,2024-02-13,66.0,66.0,66.0,66.0,0,0,1
FINNIFTY13FEB2421250CE.NFO,2024-01-10,14:40:00,2024-02-13,66.0,66.0,66.0,66.0,0,0,1
FINNIFTY13FEB2421250CE.NFO,2024-01-10,14:41:00,2024-02-13,66.0,66.0,66.0,66.0,0,0,1
FINNIFTY13FEB2421250CE.NFO,2024-01-10,14:42:00,2024-02-13,66.0,66.0,66.0,66.0,0,0,1
FINNIFTY13FEB2421250CE.NFO,2024-01-10,14:43:00,2024-02-13,66.0,66.0,66.0,66.0,0,0,1
FINNIFTY13FEB2421250CE.NFO,2024-01-10,14:44:00,2024-02-13,66.0,66.0,66.0,66.0,0,0,1
FINNIFTY13FEB2421250CE.NFO,2024-01-10,14:45:00,2024-02-13,66.0,66.0,66.0,66.0,0,0,1
FINNIFTY13FEB2421250CE.NFO,2024-01-10,14:46:00,2024-02-13,66.0,66.0,66.0,66.0,0,0,1
FINNIFTY13FEB2421250CE.NFO,2024-01-10,14:47:00,2024-02-13,66.0,66.0,66.0,66.0,0,0,1
FINNIFTY13FEB2421250CE.NFO,2024-01-10,14:48:00,2024-02-13,66.0,66.0,66.0,66.0,0,0,1
FINNIFTY13FEB2421250CE.NFO,2024-01-10,14:49:00,2024-02-13,66.0,66.0,66.0,66.0,0,0,1
FINNIFTY13FEB2421250CE.NFO,2024-01-10,14:50:00,2024-02-13,66.0,66.0,66.0,66.0,0,0,1
FINNIFTY13FEB2421250CE.NFO,2024-01-10,14:51:00,2024-02-13,66.0,66.0,66.0,66.0,0,0,1
FINNIFTY13FEB2421250CE.NFO,2024-01-10,14:52:00,2024-02-13,66.0,66.0,66.0,66.0,0,0,1
FINNIFTY13FEB2421250CE.NFO,2024-01-10,14:53:00,2024-02-13,66.0,66.0,66.0,66.0,0,0,1
FINNIFTY13FEB2421250CE.NFO,2024-01-10,14:54:00,2024-02-13,66.0,66.0,66.0,66.0,0,0,1
FINNIFTY13FEB2421250CE.NFO,2024-01-10,14:55:00,2024-02-13,66.0,66.0,66.0,66.0,0,0,1
FINNIFTY13FEB2421250CE.NFO,2024-01-10,14:56:00,2024-02-13,66.0,66.0,66.0,66.0,0,0,1
FINNIFTY13FEB2421250CE.NFO,2024-01-10,14:57:00,2024-02-13,66.0,66.0,66.0,66.0,0,0,1
FINNIFTY13FEB2421250CE.NFO,2024-01-10,14:58:00,2024-02-13,66.0,66.0,66.0,66.0,0,0,1
FINNIFTY13FEB2421250CE.NFO,2024-01-10,14:59:00,2024-02-13,66.0,66.0,66.0,66.0,0,0,1
FINNIFTY13FEB2421250CE.NFO,2024-01-10,15:00:00,2024-02-13,66.0,66.0,66.0,66.0,0,0,1
FINNIFTY13FEB2421250CE.NFO,2024-01-10,15:01:00,2024-02-13,66.0,66.0,66.0,66.0,0,0,1
FINNIFTY13FEB2421250CE.NFO,2024-01-10,15:02:00,2024-02-13,66.0,66.0,66.0,66.0,0,0,1
FINNIFTY13FEB2421250CE.NFO,2024-01-10,15:03:00,2024-02-13,66.0,66.0,66.0,66.0,0,0,1
FINNIFTY13FEB2421250CE.NFO,2024-01-10,15:04:00,2024-02-13,66.0,66.0,66.0,66.0,0,0,1
FINNIFTY13FEB2421250CE.NFO,2024-01-10,15:05:00,2024-02-13,66.0,66.0,66.0,66.0,0,0,1
FINNIFTY13FEB2421250CE.NFO,2024-01-10,15:06:00,2024-02-13,66.0,66.0,66.0,66.0,0,0,1
FINNIFTY13FEB2421250CE.NFO,2024-01-10,15:07:00,2024-02-13,66.0,66.0,66.0,66.0,0,0,1
FINNIFTY13FEB2421250CE.NFO,2024-01-10,15:08:00,2024-02-13,66.0,66.0,66.0,66.0,0,0,1
FINNIFTY13FEB2421250CE.NFO,2024-01-10,15:09:00,2024-02-13,66.0,66.0,66.0,66.0,0,0,1
FINNIFTY13FEB2421250CE.NFO,2024-01-10,15:10:00,2024-02-13,66.0,66.0,66.0,66.0,0,0,1
FINNIFTY13FEB2421250CE.NFO,2024-01-10,15:11:00,2024-02-13,66.0,66.0,66.0,66.0,0,0,1
FINNIFTY13FEB2421250CE.NFO,2024-01-10,15:12:00,2024-02-13,66.0,66.0,66.0,66.0,0,0,1
FINNIFTY13FEB2421250CE.NFO,2024-01-10,15:13:00,2024-02-13,66.0,66.0,66.0,66.0,0,0,1
FINNIFTY13FEB2421250CE.NFO,2024-01-10,15:14:00,2024-02-13,66.0,66.0,66.0,66.0,0,0,1
FINNIFTY13FEB2421250CE.NFO,2024-01-10,15:15:00,2024-02-13,66.0,66.0,66.0,66.0,0,0,1
FINNIFTY13FEB2421250CE.NFO,2024-01-10,15:16:00,2024-02-13,66.0,66.0,66.0,66.0,0,0,1
FINNIFTY13FEB2421250CE.NFO,2024-01-10,15:17:00,2024-02-13,66.0,66.0,66.0,66.0,0,0,1
FINNIFTY13FEB2421250CE.NFO,2024-01-10,15:18:00,2024-02-13,66.0,66.0,66.0,66.0,0,0,1
FINNIFTY13FEB2421250CE.NFO,2024-01-10,15:19:00,2024-02-13,66.0,66.0,66.0,66.0,0,0,1
FINNIFTY13FEB2421250CE.NFO,2024-01-10,15:20:00,2024-02-13,66.0,66.0,66.0,66.0,0,0,1
FINNIFTY13FEB2421250CE.NFO,2024-01-10,15:21:00,2024-02-13,66.0,66.0,66.0,66.0,0,0,1
FINNIFTY13FEB2421250CE.NFO,2024-01-10,15:22:00,2024-02-13,66.0,66.0,66.0,66.0,0,0,1
FINNIFTY13FEB2421250CE.NFO,2024-01-10,15:23:00,2024-02-13,66.0,66.0,66.0,66.0,0,0,1
FINNIFTY13FEB2421250CE.NFO,2024-01-10,15:24:00,2024-02-13,66.0,66.0,66.0,66.0,0,0,1
FINNIFTY13FEB2421250CE.NFO,2024-01-10,15:25:00,2024-02-13,66.0,66.0,66.0,66.0,0,0,1
FINNIFTY13FEB2421250CE.NFO,2024-01-10,15:26:00,2024-02-13,66.0,66.0,66.0,66.0,0,0,1
FINNIFTY13FEB2421250CE.NFO,2024-01-10,15:27:00,2024-02-13,66.0,66.0,66.0,66.0,0,0,1
FINNIFTY13FEB2421250CE.NFO,2024-01-10,15:28:00,2024-02-13,66.0,66.0,66.0,66.0,0,0,1
FINNIFTY13FEB2421250CE.NFO,2024-01-10,15:29:00,2024-02-13,66.0,66.0,66.0,66.0,0,0,1
FINNIFTY13FEB2421250CE.NFO,2024-01-10,15:30:00,2024-02-13,66.0,66.0,66.0,66.0,0,0,1
FINNIFTY13FEB2421250CE.NFO,2024-01-11,09:15:00,2024-02-13,66.0,66.0,66.0,66.0,0,0,0
FINNIFTY13FEB2421250CE.NFO,2024-01-11,09:16:00,2024-02-13,66.0,66.0,66.0,66.0,0,0,1
FINNIFTY13FEB2421250CE.NFO,2024-01-11,09:17:00,2024-02-13,66.0,66.0,66.0,66.0,0,0,1
FINNIFTY13FEB2421250CE.NFO,2024-01-11,09:18:00,2024-02-13,66.0,66.0,66.0,66.0,0,0,1
FINNIFTY13FEB2421250CE.NFO,2024-01-11,09:19:00,2024-02-13,66.0,66.0,66.0,66.0,0,0,1
FINNIFTY13FEB2421250CE.NFO,2024-01-11,09:20:00,2024-02-13,66.0,66.0,66.0,66.0,0,0,1
FINNIFTY13FEB2421250CE.NFO,2024-01-11,09:21:00,2024-02-13,66.0,66.0,66.0,66.0,0,0,1
FINNIFTY13FEB2421250CE.NFO,2024-01-11,09:22:00,2024-02-13,66.0,66.0,66.0,66.0,0,0,1
FINNIFTY13FEB2421250CE.NFO,2024-01-11,09:23:00,2024-02-13,66.0,66.0,66.0,66.0,0,0,1
FINNIFTY13FEB2421250CE.NFO,2024-01-11,09:24:00,2024-02-13,66.0,66.0,66.0,66.0,0,0,1
FINNIFTY13FEB2421250CE.NFO,2024-01-11,09:25:00,2024-02-13,66.0,66.0,66.0,66.0,0,0,1
FINNIFTY13FEB2421250CE.NFO,2024-01-11,09:26:00,2024-02-13,66.0,66.0,66.0,66.0,0,0,1
FINNIFTY13FEB2421250CE.NFO,2024-01-11,09:27:00,2024-02-13,66.0,66.0,66.0,66.0,0,0,1
FINNIFTY13FEB2421250CE.NFO,2024-01-11,09:28:00,2024-02-13,66.0,66.0,66.0,66.0,0,0,1
FINNIFTY13FEB2421250CE.NFO,2024-01-11,09:29:00,2024-02-13,66.0,66.0,66.0,66.0,0,0,1
FINNIFTY13FEB2421250CE.NFO,2024-01-11,09:30:00,2024-02-13,66.0,66.0,66.0,66.0,0,0,1
FINNIFTY13FEB2421250CE.NFO,2024-01-11,09:31:00,2024-02-13,66.0,66.0,66.0,66.0,0,0,1
FINNIFTY13FEB2421250CE.NFO,2024-01-11,09:32:00,2024-02-13,66.0,66.0,66.0,66.0,0,0,1
FINNIFTY13FEB2421250CE.NFO,2024-01-11,09:33:00,2024-02-13,66.0,66.0,66.0,66.0,0,0,1
FINNIFTY13FEB2421250CE.NFO,2024-01-11,09:34:00,2024-02-13,66.0,66.0,66.0,66.0,0,0,1
FINNIFTY13FEB2421250CE.NFO,2024-01-11,09:35:00,2024-02-13,66.0,66.0,66.0,66.0,0,0,1
FINNIFTY13FEB2421250CE.NFO,2024-01-11,09:36:00,2024-02-13,66.0,66.0,66.0,66.0,0,0,1
FINNIFTY13FEB2421250CE.NFO,2024-01-11,09:37:00,2024-02-13,66.0,66.0,66.0,66.0,0,0,1
FINNIFTY13FEB2421250CE.NFO,2024-01-11,09:38:00,2024-02-13,66.0,66.0,66.0,66.0,0,0,1
FINNIFTY13FEB2421250CE.NFO,2024-01-11,09:39:00,2024-02-13,66.0,66.0,66.0,66.0,0,0,1
FINNIFTY13FEB2421250CE.NFO,2024-01-11,09:40:00,2024-02-13,66.0,66.0,66.0,66.0,0,0,1
FINNIFTY13FEB2421250CE.NFO,2024-01-11,09:41:00,2024-02-13,66.0,66.0,66.0,66.0,0,0,1
FINNIFTY13FEB2421250CE.NFO,2024-01-11,09:42:00,2024-02-13,66.0,66.0,66.0,66.0,0,0,1
FINNIFTY13FEB2421250CE.NFO,2024-01-11,09:43:00,2024-02-13,66.0,66.0,66.0,66.0,0,0,1
FINNIFTY13FEB2421250CE.NFO,2024-01-11,09:44:00,2024-02-13,66.0,66.0,66.0,66.0,0,0,1
FINNIFTY13FEB2421250CE.NFO,2024-01-11,09:45:00,2024-02-13,66.0,66.0,66.0,66.0,0,0,1
FINNIFTY13FEB2421250CE.NFO,2024-01-11,09:46:00,2024-02-13,66.0,66.0,66.0,66.0,0,0,1
FINNIFTY13FEB2421250CE.NFO,2024-01-11,09:47:00,2024-02-13,66.0,66.0,66.0,66.0,0,0,1
FINNIFTY13FEB2421250CE.NFO,2024-01-11,09:48:00,2024-02-13,66.0,66.0,66.0,66.0,0,0,1
FINNIFTY13FEB2421250CE.NFO,2024-01-11,09:49:00,2024-02-13,66.0,66.0,66.0,66.0,0,0,1
FINNIFTY13FEB2421250CE.NFO,2024-01-11,09:50:00,2024-02-13,66.0,66.0,66.0,66.0,0,0,1
FINNIFTY13FEB2421250CE.NFO,2024-01-11,09:51:00,2024-02-13,66.0,66.0,66.0,66.0,0,0,1
FINNIFTY13FEB2421250CE.NFO,2024-01-11,09:52:00,2024-02-13,66.0,66.0,66.0,66.0,0,0,1
FINNIFTY13FEB2421250CE.NFO,2024-01-11,09:53:00,2024-02-13,66.0,66.0,66.0,66.0,0,0,1
FINNIFTY13FEB2421250CE.NFO,2024-01-11,09:54:00,2024-02-13,66.0,66.0,66.0,66.0,0,0,1
FINNIFTY13FEB2421250CE.NFO,2024-01-11,09:55:00,2024-02-13,66.0,66.0,66.0,66.0,0,0,1
FINNIFTY13FEB2421250CE.NFO,2024-01-11,09:56:00,2024-02-13,66.0,66.0,66.0,66.0,0,0,1
FINNIFTY13FEB2421250CE.NFO,2024-01-11,09:57:00,2024-02-13,66.0,66.0,66.0,66.0,0,0,1
FINNIFTY13FEB2421250CE.NFO,2024-01-11,09:58:00,2024-02-13,66.0,66.0,66.0,66.0,0,0,1
FINNIFTY13FEB2421250CE.NFO,2024-01-11,09:59:00,2024-02-13,66.0,66.0,66.0,66.0,0,0,1
FINNIFTY13FEB2421250CE.NFO,2024-01-11,10:00:00,2024-02-13,66.0,66.0,66.0,66.0,0,0,1
FINNIFTY13FEB2421250CE.NFO,2024-01-11,10:01:00,2024-02-13,66.0,66.0,66.0,66.0,0,0,1
FINNIFTY13FEB2421250CE.NFO,2024-01-11,10:02:00,2024-02-13,66.0,66.0,66.0,66.0,0,0,1
FINNIFTY13FEB2421250CE.NFO,2024-01-11,10:03:00,2024-02-13,66.0,66.0,66.0,66.0,0,0,1
FINNIFTY13FEB2421250CE.NFO,2024-01-11,10:04:00,2024-02-13,66.0,66.0,66.0,66.0,0,0,1
FINNIFTY13FEB2421250CE.NFO,2024-01-11,10:05:00,2024-02-13,66.0,66.0,66.0,66.0,0,0,1
FINNIFTY13FEB2421250CE.NFO,2024-01-11,10:06:00,2024-02-13,66.0,66.0,66.0,66.0,0,0,1
FINNIFTY13FEB2421250CE.NFO,2024-01-11,10:07:00,2024-02-13,66.0,66.0,66.0,66.0,0,0,1
FINNIFTY13FEB2421250CE.NFO,2024-01-11,10:08:00,2024-02-13,66.0,66.0,66.0,66.0,0,0,1
FINNIFTY13FEB2421250CE.NFO,2024-01-11,10:09:00,2024-02-13,66.0,66.0,66.0,66.0,0,0,1
FINNIFTY13FEB2421250CE.NFO,2024-01-11,10:10:00,2024-02-13,66.0,66.0,66.0,66.0,0,0,1
FINNIFTY13FEB2421250CE.NFO,2024-01-11,10:11:00,2024-02-13,66.0,66.0,66.0,66.0,0,0,1
FINNIFTY13FEB2421250CE.NFO,2024-01-11,10:12:00,2024-02-13,66.0,66.0,66.0,66.0,0,0,1
FINNIFTY13FEB2421250CE.NFO,2024-01-11,10:13:00,2024-02-13,66.0,66.0,66.0,66.0,0,0,1
FINNIFTY13FEB2421250CE.NFO,2024-01-11,10:14:00,2024-02-13,66.0,66.0,66.0,66.0,0,0,1
FINNIFTY13FEB2421250CE.NFO,2024-01-11,10:15:00,2024-02-13,66.0,66.0,66.0,66.0,0,0,1
FINNIFTY13FEB2421250CE.NFO,2024-01-11,10:16:00,2024-02-13,66.0,66.0,66.0,66.0,0,0,1
FINNIFTY13FEB2421250CE.NFO,2024-01-11,10:17:00,2024-02-13,66.0,66.0,66.0,66.0,0,0,1
FINNIFTY13FEB2421250CE.NFO,2024-01-11,10:18:00,2024-02-13,66.0,66.0,66.0,66.0,0,0,1
FINNIFTY13FEB2421250CE.NFO,2024-01-11,10:19:00,2024-02-13,66.0,66.0,66.0,66.0,0,0,1
FINNIFTY13FEB2421250CE.NFO,2024-01-11,10:20:00,2024-02-13,66.0,66.0,66.0,66.0,0,0,1
FINNIFTY13FEB2421250CE.NFO,2024-01-11,10:21:00,2024-02-13,66.0,66.0,66.0,66.0,0,0,1
FINNIFTY13FEB2421250CE.NFO,2024-01-11,10:22:00,2024-02-13,66.0,66.0,66.0,66.0,0,0,1
FINNIFTY13FEB2421250CE.NFO,2024-01-11,10:23:00,2024-02-13,66.0,66.0,66.0,66.0,0,0,1
FINNIFTY13FEB2421250CE.NFO,2024-01-11,10:24:00,2024-02-13,66.0,66.0,66.0,66.0,0,0,1
FINNIFTY13FEB2421250CE.NFO,2024-01-11,10:25:00,2024-02-13,66.0,66.0,66.0,66.0,0,0,1
FINNIFTY13FEB2421250CE.NFO,2024-01-11,10:26:00,2024-02-13,66.0,66.0,66.0,66.0,0,0,1
FINNIFTY13FEB2421250CE.NFO,2024-01-11,10:27:00,2024-02-13,66.0,66.0,66.0,66.0,0,0,1
FINNIFTY13FEB2421250CE.NFO,2024-01-11,10:28:00,2024-02-13,66.0,66.0,66.0,66.0,0,0,1
FINNIFTY13FEB2421250CE.NFO,2024-01-11,10:29:00,2024-02-13,66.0,66.0,66.0,66.0,0,0,1
FINNIFTY13FEB2421250CE.NFO,2024-01-11,10:30:00,2024-02-13,66.0,66.0,66.0,66.0,0,0,1
FINNIFTY13FEB2421250CE.NFO,2024-01-11,10:31:00,2024-02-13,66.0,66.0,66.0,66.0,0,0,1
FINNIFTY13FEB2421250CE.NFO,2024-01-11,10:32:00,2024-02-13,66.0,66.0,66.0,66.0,0,0,1
FINNIFTY13FEB2421250CE.NFO,2024-01-11,10:33:00,2024-02-13,66.0,66.0,66.0,66.0,0,0,1
FINNIFTY13FEB2421250CE.NFO,2024-01-11,10:34:00,2024-02-13,66.0,66.0,66.0,66.0,0,0,1
FINNIFTY13FEB2421250CE.NFO,2024-01-11,10:35:00,2024-02-13,66.0,66.0,66.0,66.0,0,0,1
FINNIFTY13FEB2421250CE.NFO,2024-01-11,10:36:00,2024-02-13,66.0,66.0,66.0,66.0,0,0,1
FINNIFTY13FEB2421250CE.NFO,2024-01-11,10:37:00,2024-02-13,66.0,66.0,66.0,66.0,0,0,1
FINNIFTY13FEB2421250CE.NFO,2024-01-11,10:38:00,2024-02-13,66.0,66.0,66.0,66.0,0,0,1
FINNIFTY13FEB2421250CE.NFO,2024-01-11,10:39:00,2024-02-13,66.0,66.0,66.0,66.0,0,0,1
FINNIFTY13FEB2421250CE.NFO,2024-01-11,10:40:00,2024-02-13,66.0,66.0,66.0,66.0,0,0,1
FINNIFTY13FEB2421250CE.NFO,2024-01-11,10:41:00,2024-02-13,66.0,66.0,66.0,66.0,0,0,1
FINNIFTY13FEB2421250CE.NFO,2024-01-11,10:42:00,2024-02-13,66.0,66.0,66.0,66.0,0,0,1
FINNIFTY13FEB2421250CE.NFO,2024-01-11,10:43:00,2024-02-13,66.0,66.0,66.0,66.0,0,0,1
FINNIFTY13FEB2421250CE.NFO,2024-01-11,10:44:00,2024-02-13,66.0,66.0,66.0,66.0,0,0,1
FINNIFTY13FEB2421250CE.NFO,2024-01-11,10:45:00,2024-02-13,66.0,66.0,66.0,66.0,0,0,1
FINNIFTY13FEB2421250CE.NFO,2024-01-11,10:46:00,2024-02-13,66.0,66.0,66.0,66.0,0,0,1
FINNIFTY13FEB2421250CE.NFO,2024-01-11,10:47:00,2024-02-13,66.0,66.0,66.0,66.0,0,0,1
FINNIFTY13FEB2421250CE.NFO,2024-01-11,10:48:00,2024-02-13,66.0,66.0,66.0,66.0,0,0,1
FINNIFTY13FEB2421250CE.NFO,2024-01-11,10:49:00,2024-02-13,66.0,66.0,66.0,66.0,0,0,1
FINNIFTY13FEB2421250CE.NFO,2024-01-11,10:50:00,2024-02-13,66.0,66.0,66.0,66.0,0,0,1
FINNIFTY13FEB2421250CE.NFO,2024-01-11,10:51:00,2024-02-13,66.0,66.0,66.0,66.0,0,0,1
FINNIFTY13FEB2421250CE.NFO,2024-01-11,10:52:00,2024-02-13,66.0,66.0,66.0,66.0,0,0,1
FINNIFTY13FEB2421250CE.NFO,2024-01-11,10:53:00,2024-02-13,66.0,66.0,66.0,66.0,0,0,1
FINNIFTY13FEB2421250CE.NFO,2024-01-11,10:54:00,2024-02-13,66.0,66.0,66.0,66.0,0,0,1
FINNIFTY13FEB2421250CE.NFO,2024-01-11,10:55:00,2024-02-13,66.0,66.0,66.0,66.0,0,0,1
FINNIFTY13FEB2421250CE.NFO,2024-01-11,10:56:00,2024-02-13,66.0,66.0,66.0,66.0,0,0,1
FINNIFTY13FEB2421250CE.NFO,2024-01-11,10:57:00,2024-02-13,66.0,66.0,66.0,66.0,0,0,1
FINNIFTY13FEB2421250CE.NFO,2024-01-11,10:58:00,2024-02-13,66.0,66.0,66.0,66.0,0,0,1
FINNIFTY13FEB2421250CE.NFO,2024-01-11,10:59:00,2024-02-13,66.0,66.0,66.0,66.0,0,0,1
FINNIFTY13FEB2421250CE.NFO,2024-01-11,11:00:00,2024-02-13,66.0,66.0,66.0,66.0,0,0,1
FINNIFTY13FEB2421250CE.NFO,2024-01-11,11:01:00,2024-02-13,66.0,66.0,66.0,66.0,0,0,1
FINNIFTY13FEB2421250CE.NFO,2024-01-11,11:02:00,2024-02-13,66.0,66.0,66.0,66.0,0,0,1
FINNIFTY13FEB2421250CE.NFO,2024-01-11,11:03:00,2024-02-13,66.0,66.0,66.0,66.0,0,0,1
FINNIFTY13FEB2421250CE.NFO,2024-01-11,11:04:00,2024-02-13,66.0,66.0,66.0,66.0,0,0,1
FINNIFTY13FEB2421250CE.NFO,2024-01-11,11:05:00,2024-02-13,66.0,66.0,66.0,66.0,0,0,1
FINNIFTY13FEB2421250CE.NFO,2024-01-11,11:06:00,2024-02-13,66.0,66.0,66.0,66.0,0,0,1
FINNIFTY13FEB2421250CE.NFO,2024-01-11,11:07:00,2024-02-13,66.0,66.0,66.0,66.0,0,0,1
FINNIFTY13FEB2421250CE.NFO,2024-01-11,11:08:00,2024-02-13,66.0,66.0,66.0,66.0,0,0,1
FINNIFTY13FEB2421250CE.NFO,2024-01-11,11:09:00,2024-02-13,66.0,66.0,66.0,66.0,0,0,1
FINNIFTY13FEB2421250CE.NFO,2024-01-11,11:10:00,2024-02-13,66.0,66.0,66.0,66.0,0,0,1
FINNIFTY13FEB2421250CE.NFO,2024-01-11,11:11:00,2024-02-13,66.0,66.0,66.0,66.0,0,0,1
FINNIFTY13FEB2421250CE.NFO,2024-01-11,11:12:00,2024-02-13,66.0,66.0,66.0,66.0,0,0,1
FINNIFTY13FEB2421250CE.NFO,2024-01-11,11:13:00,2024-02-13,66.0,66.0,66.0,66.0,0,0,1
FINNIFTY13FEB2421250CE.NFO,2024-01-11,11:14:00,2024-02-13,66.0,66.0,66.0,66.0,0,0,1
FINNIFTY13FEB2421250CE.NFO,2024-01-11,11:15:00,2024-02-13,66.0,66.0,66.0,66.0,0,0,1
FINNIFTY13FEB2421250CE.NFO,2024-01-11,11:16:00,2024-02-13,66.0,66.0,66.0,66.0,0,0,1
FINNIFTY13FEB2421250CE.NFO,2024-01-11,11:17:00,2024-02-13,66.0,66.0,66.0,66.0,0,0,1
FINNIFTY13FEB2421250CE.NFO,2024-01-11,11:18:00,2024-02-13,66.0,66.0,66.0,66.0,0,0,1
FINNIFTY13FEB2421250CE.NFO,2024-01-11,11:19:00,2024-02-13,66.0,66.0,66.0,66.0,0,0,1
FINNIFTY13FEB2421250CE.NFO,2024-01-11,11:20:00,2024-02-13,66.0,66.0,66.0,66.0,0,0,1
FINNIFTY13FEB2421250CE.NFO,2024-01-11,11:21:00,2024-02-13,66.0,66.0,66.0,66.0,0,0,1
FINNIFTY13FEB2421250CE.NFO,2024-01-11,11:22:00,2024-02-13,66.0,66.0,66.0,66.0,0,0,1
FINNIFTY13FEB2421250CE.NFO,2024-01-11,11:23:00,2024-02-13,66.0,66.0,66.0,66.0,0,0,1
FINNIFTY13FEB2421250CE.NFO,2024-01-11,11:24:00,2024-02-13,66.0,66.0,66.0,66.0,0,0,1
FINNIFTY13FEB2421250CE.NFO,2024-01-11,11:25:00,2024-02-13,66.0,66.0,66.0,66.0,0,0,1
FINNIFTY13FEB2421250CE.NFO,2024-01-11,11:26:00,2024-02-13,66.0,66.0,66.0,66.0,0,0,1
FINNIFTY13FEB2421250CE.NFO,2024-01-11,11:27:00,2024-02-13,66.0,66.0,66.0,66.0,0,0,1
FINNIFTY13FEB2421250CE.NFO,2024-01-11,11:28:00,2024-02-13,66.0,66.0,66.0,66.0,0,0,1
FINNIFTY13FEB2421250CE.NFO,2024-01-11,11:29:00,2024-02-13,66.0,66.0,66.0,66.0,0,0,1
FINNIFTY13FEB2421250CE.NFO,2024-01-11,11:30:00,2024-02-13,66.0,66.0,66.0,66.0,0,0,1
FINNIFTY13FEB2421250CE.NFO,2024-01-11,11:31:00,2024-02-13,66.0,66.0,66.0,66.0,0,0,1
FINNIFTY13FEB2421250CE.NFO,2024-01-11,11:32:00,2024-02-13,66.0,66.0,66.0,66.0,0,0,1
FINNIFTY13FEB2421250CE.NFO,2024-01-11,11:33:00,2024-02-13,66.0,66.0,66.0,66.0,0,0,1
FINNIFTY13FEB2421250CE.NFO,2024-01-11,11:34:00,2024-02-13,66.0,66.0,66.0,66.0,0,0,1
FINNIFTY13FEB2421250CE.NFO,2024-01-11,11:35:00,2024-02-13,66.0,66.0,66.0,66.0,0,0,1
FINNIFTY13FEB2421250CE.NFO,2024-01-11,11:36:00,2024-02-13,66.0,66.0,66.0,66.0,0,0,1
FINNIFTY13FEB2421250CE.NFO,2024-01-11,11:37:00,2024-02-13,66.0,66.0,66.0,66.0,0,0,1
FINNIFTY13FEB2421250CE.NFO,2024-01-11,11:38:00,2024-02-13,66.0,66.0,66.0,66.0,0,0,1
FINNIFTY13FEB2421250CE.NFO,2024-01-11,11:39:00,2024-02-13,66.0,66.0,66.0,66.0,0,0,1
FINNIFTY13FEB2421250CE.NFO,2024-01-11,11:40:00,2024-02-13,66.0,66.0,66.0,66.0,0,0,1
FINNIFTY13FEB2421250CE.NFO,2024-01-11,11:41:00,2024-02-13,66.0,66.0,66.0,66.0,0,0,1
FINNIFTY13FEB2421250CE.NFO,2024-01-11,11:42:00,2024-02-13,66.0,66.0,66.0,66.0,0,0,1
FINNIFTY13FEB2421250CE.NFO,2024-01-11,11:43:00,2024-02-13,66.0,66.0,66.0,66.0,0,0,1
FINNIFTY13FEB2421250CE.NFO,2024-01-11,11:44:00,2024-02-13,66.0,66.0,66.0,66.0,0,0,1
FINNIFTY13FEB2421250CE.NFO,2024-01-11,11:45:00,2024-02-13,66.0,66.0,66.0,66.0,0,0,1
FINNIFTY13FEB2421250CE.NFO,2024-01-11,11:46:00,2024-02-13,66.0,66.0,66.0,66.0,0,0,1
FINNIFTY13FEB2421250CE.NFO,2024-01-11,11:47:00,2024-02-13,66.0,66.0,66.0,66.0,0,0,1
FINNIFTY13FEB2421250CE.NFO,2024-01-11,11:48:00,2024-02-13,66.0,66.0,66.0,66.0,0,0,1
FINNIFTY13FEB2421250CE.NFO,2024-01-11,11:49:00,2024-02-13,66.0,66.0,66.0,66.0,0,0,1
FINNIFTY13FEB2421250CE.NFO,2024-01-11,11:50:00,2024-02-13,66.0,66.0,66.0,66.0,0,0,1
FINNIFTY13FEB2421250CE.NFO,2024-01-11,11:51:00,2024-02-13,66.0,66.0,66.0,66.0,0,0,1
FINNIFTY13FEB2421250CE.NFO,2024-01-11,11:52:00,2024-02-13,66.0,66.0,66.0,66.0,0,0,1
FINNIFTY13FEB2421250CE.NFO,2024-01-11,11:53:00,2024-02-13,66.0,66.0,66.0,66.0,0,0,1
FINNIFTY13FEB2421250CE.NFO,2024-01-11,11:54:00,2024-02-13,66.0,66.0,66.0,66.0,0,0,1
FINNIFTY13FEB2421250CE.NFO,2024-01-11,11:55:00,2024-02-13,66.0,66.0,66.0,66.0,0,0,1
FINNIFTY13FEB2421250CE.NFO,2024-01-11,11:56:00,2024-02-13,66.0,66.0,66.0,66.0,0,0,1
FINNIFTY13FEB2421250CE.NFO,2024-01-11,11:57:00,2024-02-13,66.0,66.0,66.0,66.0,0,0,1
FINNIFTY13FEB2421250CE.NFO,2024-01-11,11:58:00,2024-02-13,66.0,66.0,66.0,66.0,0,0,1
FINNIFTY13FEB2421250CE.NFO,2024-01-11,11:59:00,2024-02-13,66.0,66.0,66.0,66.0,0,0,1
FINNIFTY13FEB2421250CE.NFO,2024-01-11,12:00:00,2024-02-13,66.0,66.0,66.0,66.0,0,0,1
FINNIFTY13FEB2421250CE.NFO,2024-01-11,12:01:00,2024-02-13,66.0,66.0,66.0,66.0,0,0,1
FINNIFTY13FEB2421250CE.NFO,2024-01-11,12:02:00,2024-02-13,66.0,66.0,66.0,66.0,0,0,1
FINNIFTY13FEB2421250CE.NFO,2024-01-11,12:03:00,2024-02-13,66.0,66.0,66.0,66.0,0,0,1
FINNIFTY13FEB2421250CE.NFO,2024-01-11,12:04:00,2024-02-13,66.0,66.0,66.0,66.0,0,0,1
FINNIFTY13FEB2421250CE.NFO,2024-01-11,12:05:00,2024-02-13,66.0,66.0,66.0,66.0,0,0,1
FINNIFTY13FEB2421250CE.NFO,2024-01-11,12:06:00,2024-02-13,66.0,66.0,66.0,66.0,0,0,1
FINNIFTY13FEB2421250CE.NFO,2024-01-11,12:07:00,2024-02-13,66.0,66.0,66.0,66.0,0,0,1
FINNIFTY13FEB2421250CE.NFO,2024-01-11,12:08:00,2024-02-13,66.0,66.0,66.0,66.0,0,0,1
FINNIFTY13FEB2421250CE.NFO,2024-01-11,12:09:00,2024-02-13,66.0,66.0,66.0,66.0,0,0,1
FINNIFTY13FEB2421250CE.NFO,2024-01-11,12:10:00,2024-02-13,66.0,66.0,66.0,66.0,0,0,1
FINNIFTY13FEB2421250CE.NFO,2024-01-11,12:11:00,2024-02-13,66.0,66.0,66.0,66.0,0,0,1
FINNIFTY13FEB2421250CE.NFO,2024-01-11,12:12:00,2024-02-13,66.0,66.0,66.0,66.0,0,0,1
FINNIFTY13FEB2421250CE.NFO,2024-01-11,12:13:00,2024-02-13,66.0,66.0,66.0,66.0,0,0,1
FINNIFTY13FEB2421250CE.NFO,2024-01-11,12:14:00,2024-02-13,66.0,66.0,66.0,66.0,0,0,1
FINNIFTY13FEB2421250CE.NFO,2024-01-11,12:15:00,2024-02-13,66.0,66.0,66.0,66.0,0,0,1
FINNIFTY13FEB2421250CE.NFO,2024-01-11,12:16:00,2024-02-13,66.0,66.0,66.0,66.0,0,0,1
FINNIFTY13FEB2421250CE.NFO,2024-01-11,12:17:00,2024-02-13,66.0,66.0,66.0,66.0,0,0,1
FINNIFTY13FEB2421250CE.NFO,2024-01-11,12:18:00,2024-02-13,66.0,66.0,66.0,66.0,0,0,1
FINNIFTY13FEB2421250CE.NFO,2024-01-11,12:19:00,2024-02-13,66.0,66.0,66.0,66.0,0,0,1
FINNIFTY13FEB2421250CE.NFO,2024-01-11,12:20:00,2024-02-13,66.0,66.0,66.0,66.0,0,0,1
FINNIFTY13FEB2421250CE.NFO,2024-01-11,12:21:00,2024-02-13,66.0,66.0,66.0,66.0,0,0,1
FINNIFTY13FEB2421250CE.NFO,2024-01-11,12:22:00,2024-02-13,66.0,66.0,66.0,66.0,0,0,1
FINNIFTY13FEB2421250CE.NFO,2024-01-11,12:23:00,2024-02-13,66.0,66.0,66.0,66.0,0,0,1
FINNIFTY13FEB2421250CE.NFO,2024-01-11,12:24:00,2024-02-13,66.0,66.0,66.0,66.0,0,0,1
FINNIFTY13FEB2421250CE.NFO,2024-01-11,12:25:00,2024-02-13,66.0,66.0,66.0,66.0,0,0,1
FINNIFTY13FEB2421250CE.NFO,2024-01-11,12:26:00,2024-02-13,66.0,66.0,66.0,66.0,0,0,1
FINNIFTY13FEB2421250CE.NFO,2024-01-11,12:27:00,2024-02-13,66.0,66.0,66.0,66.0,0,0,1
FINNIFTY13FEB2421250CE.NFO,2024-01-11,12:28:00,2024-02-13,66.0,66.0,66.0,66.0,0,0,1
FINNIFTY13FEB2421250CE.NFO,2024-01-11,12:29:00,2024-02-13,66.0,66.0,66.0,66.0,0,0,1
FINNIFTY13FEB2421250CE.NFO,2024-01-11,12:30:00,2024-02-13,66.0,66.0,66.0,66.0,0,0,1
FINNIFTY13FEB2421250CE.NFO,2024-01-11,12:31:00,2024-02-13,66.0,66.0,66.0,66.0,0,0,1
FINNIFTY13FEB2421250CE.NFO,2024-01-11,12:32:00,2024-02-13,66.0,66.0,66.0,66.0,0,0,1
FINNIFTY13FEB2421250CE.NFO,2024-01-11,12:33:00,2024-02-13,66.0,66.0,66.0,66.0,0,0,1
FINNIFTY13FEB2421250CE.NFO,2024-01-11,12:34:00,2024-02-13,66.0,66.0,66.0,66.0,0,0,1
FINNIFTY13FEB2421250CE.NFO,2024-01-11,12:35:00,2024-02-13,66.0,66.0,66.0,66.0,0,0,1
FINNIFTY13FEB2421250CE.NFO,2024-01-11,12:36:00,2024-02-13,66.0,66.0,66.0,66.0,0,0,1
FINNIFTY13FEB2421250CE.NFO,2024-01-11,12:37:00,2024-02-13,66.0,66.0,66.0,66.0,0,0,1
FINNIFTY13FEB2421250CE.NFO,2024-01-11,12:38:00,2024-02-13,66.0,66.0,66.0,66.0,0,0,1
FINNIFTY13FEB2421250CE.NFO,2024-01-11,12:39:00,2024-02-13,66.0,66.0,66.0,66.0,0,0,1
FINNIFTY13FEB2421250CE.NFO,2024-01-11,12:40:00,2024-02-13,66.0,66.0,66.0,66.0,0,0,1
FINNIFTY13FEB2421250CE.NFO,2024-01-11,12:41:00,2024-02-13,66.0,66.0,66.0,66.0,0,0,1
FINNIFTY13FEB2421250CE.NFO,2024-01-11,12:42:00,2024-02-13,66.0,66.0,66.0,66.0,0,0,1
FINNIFTY13FEB2421250CE.NFO,2024-01-11,12:43:00,2024-02-13,66.0,66.0,66.0,66.0,0,0,1
FINNIFTY13FEB2421250CE.NFO,2024-01-11,12:44:00,2024-02-13,66.0,66.0,66.0,66.0,0,0,1
FINNIFTY13FEB2421250CE.NFO,2024-01-11,12:45:00,2024-02-13,66.0,66.0,66.0,66.0,0,0,1
FINNIFTY13FEB2421250CE.NFO,2024-01-11,12:46:00,2024-02-13,66.0,66.0,66.0,66.0,0,0,1
FINNIFTY13FEB2421250CE.NFO,2024-01-11,12:47:00,2024-02-13,66.0,66.0,66.0,66.0,0,0,1
FINNIFTY13FEB2421250CE.NFO,2024-01-11,12:48:00,2024-02-13,66.0,66.0,66.0,66.0,0,0,1
FINNIFTY13FEB2421250CE.NFO,2024-01-11,12:49:00,2024-02-13,66.0,66.0,66.0,66.0,0,0,1
FINNIFTY13FEB2421250CE.NFO,2024-01-11,12:50:00,2024-02-13,66.0,66.0,66.0,66.0,0,0,1
FINNIFTY13FEB2421250CE.NFO,2024-01-11,12:51:00,2024-02-13,66.0,66.0,66.0,66.0,0,0,1
FINNIFTY13FEB2421250CE.NFO,2024-01-11,12:52:00,2024-02-13,66.0,66.0,66.0,66.0,0,0,1
FINNIFTY13FEB2421250CE.NFO,2024-01-11,12:53:00,2024-02-13,66.0,66.0,66.0,66.0,0,0,1
FINNIFTY13FEB2421250CE.NFO,2024-01-11,12:54:00,2024-02-13,66.0,66.0,66.0,66.0,0,0,1
FINNIFTY13FEB2421250CE.NFO,2024-01-11,12:55:00,2024-02-13,66.0,66.0,66.0,66.0,0,0,1
FINNIFTY13FEB2421250CE.NFO,2024-01-11,12:56:00,2024-02-13,66.0,66.0,66.0,66.0,0,0,1
FINNIFTY13FEB2421250CE.NFO,2024-01-11,12:57:00,2024-02-13,66.0,66.0,66.0,66.0,0,0,1
FINNIFTY13FEB2421250CE.NFO,2024-01-11,12:58:00,2024-02-13,66.0,66.0,66.0,66.0,0,0,1
FINNIFTY13FEB2421250CE.NFO,2024-01-11,12:59:00,2024-02-13,66.0,66.0,66.0,66.0,0,0,1
FINNIFTY13FEB2421250CE.NFO,2024-01-11,13:00:00,2024-02-13,66.0,66.0,66.0,66.0,0,0,1
FINNIFTY13FEB2421250CE.NFO,2024-01-11,13:01:00,2024-02-13,66.0,66.0,66.0,66.0,0,0,1
FINNIFTY13FEB2421250CE.NFO,2024-01-11,13:02:00,2024-02-13,66.0,66.0,66.0,66.0,0,0,1
FINNIFTY13FEB2421250CE.NFO,2024-01-11,13:03:00,2024-02-13,66.0,66.0,66.0,66.0,0,0,1
FINNIFTY13FEB2421250CE.NFO,2024-01-11,13:04:00,2024-02-13,66.0,66.0,66.0,66.0,0,0,1
FINNIFTY13FEB2421250CE.NFO,2024-01-11,13:05:00,2024-02-13,66.0,66.0,66.0,66.0,0,0,1
FINNIFTY13FEB2421250CE.NFO,2024-01-11,13:06:00,2024-02-13,66.0,66.0,66.0,66.0,0,0,1
FINNIFTY13FEB2421250CE.NFO,2024-01-11,13:07:00,2024-02-13,66.0,66.0,66.0,66.0,0,0,1
FINNIFTY13FEB2421250CE.NFO,2024-01-11,13:08:00,2024-02-13,66.0,66.0,66.0,66.0,0,0,1
FINNIFTY13FEB2421250CE.NFO,2024-01-11,13:09:00,2024-02-13,66.0,66.0,66.0,66.0,0,0,1
FINNIFTY13FEB2421250CE.NFO,2024-01-11,13:10:00,2024-02-13,66.0,66.0,66.0,66.0,0,0,1
FINNIFTY13FEB2421250CE.NFO,2024-01-11,13:11:00,2024-02-13,66.0,66.0,66.0,66.0,0,0,1
FINNIFTY13FEB2421250CE.NFO,2024-01-11,13:12:00,2024-02-13,66.0,66.0,66.0,66.0,0,0,1
FINNIFTY13FEB2421250CE.NFO,2024-01-11,13:13:00,2024-02-13,66.0,66.0,66.0,66.0,0,0,1
FINNIFTY13FEB2421250CE.NFO,2024-01-11,13:14:00,2024-02-13,66.0,66.0,66.0,66.0,0,0,1
FINNIFTY13FEB2421250CE.NFO,2024-01-11,13:15:00,2024-02-13,66.0,66.0,66.0,66.0,0,0,1
FINNIFTY13FEB2421250CE.NFO,2024-01-11,13:16:00,2024-02-13,66.0,66.0,66.0,66.0,0,0,1
FINNIFTY13FEB2421250CE.NFO,2024-01-11,13:17:00,2024-02-13,66.0,66.0,66.0,66.0,0,0,1
FINNIFTY13FEB2421250CE.NFO,2024-01-11,13:18:00,2024-02-13,66.0,66.0,66.0,66.0,0,0,1
FINNIFTY13FEB2421250CE.NFO,2024-01-11,13:19:00,2024-02-13,66.0,66.0,66.0,66.0,0,0,1
FINNIFTY13FEB2421250CE.NFO,2024-01-11,13:20:00,2024-02-13,66.0,66.0,66.0,66.0,0,0,1
FINNIFTY13FEB2421250CE.NFO,2024-01-11,13:21:00,2024-02-13,66.0,66.0,66.0,66.0,0,0,1
FINNIFTY13FEB2421250CE.NFO,2024-01-11,13:22:00,2024-02-13,66.0,66.0,66.0,66.0,0,0,1
FINNIFTY13FEB2421250CE.NFO,2024-01-11,13:23:00,2024-02-13,66.0,66.0,66.0,66.0,0,0,1
FINNIFTY13FEB2421250CE.NFO,2024-01-11,13:24:00,2024-02-13,66.0,66.0,66.0,66.0,0,0,1
FINNIFTY13FEB2421250CE.NFO,2024-01-11,13:25:00,2024-02-13,66.0,66.0,66.0,66.0,0,0,1
FINNIFTY13FEB2421250CE.NFO,2024-01-11,13:26:00,2024-02-13,66.0,66.0,66.0,66.0,0,0,1
FINNIFTY13FEB2421250CE.NFO,2024-01-11,13:27:00,2024-02-13,66.0,66.0,66.0,66.0,0,0,1
FINNIFTY13FEB2421250CE.NFO,2024-01-11,13:28:00,2024-02-13,66.0,66.0,66.0,66.0,0,0,1
FINNIFTY13FEB2421250CE.NFO,2024-01-11,13:29:00,2024-02-13,66.0,66.0,66.0,66.0,0,0,1
FINNIFTY13FEB2421250CE.NFO,2024-01-11,13:30:00,2024-02-13,66.0,66.0,66.0,66.0,0,0,1
FINNIFTY13FEB2421250CE.NFO,2024-01-11,13:31:00,2024-02-13,66.0,66.0,66.0,66.0,0,0,1
FINNIFTY13FEB2421250CE.NFO,2024-01-11,13:32:00,2024-02-13,66.0,66.0,66.0,66.0,0,0,1
FINNIFTY13FEB2421250CE.NFO,2024-01-11,13:33:00,2024-02-13,66.0,66.0,66.0,66.0,0,0,1
FINNIFTY13FEB2421250CE.NFO,2024-01-11,13:34:00,2024-02-13,66.0,66.0,66.0,66.0,0,0,1
FINNIFTY13FEB2421250CE.NFO,2024-01-11,13:35:00,2024-02-13,66.0,66.0,66.0,66.0,0,0,1
FINNIFTY13FEB2421250CE.NFO,2024-01-11,13:36:00,2024-02-13,66.0,66.0,66.0,66.0,0,0,1
FINNIFTY13FEB2421250CE.NFO,2024-01-11,13:37:00,2024-02-13,66.0,66.0,66.0,66.0,0,0,1
FINNIFTY13FEB2421250CE.NFO,2024-01-11,13:38:00,2024-02-13,66.0,66.0,66.0,66.0,0,0,1
FINNIFTY13FEB2421250CE.NFO,2024-01-11,13:39:00,2024-02-13,66.0,66.0,66.0,66.0,0,0,1
FINNIFTY13FEB2421250CE.NFO,2024-01-11,13:40:00,2024-02-13,66.0,66.0,66.0,66.0,0,0,1
FINNIFTY13FEB2421250CE.NFO,2024-01-11,13:41:00,2024-02-13,66.0,66.0,66.0,66.0,0,0,1
FINNIFTY13FEB2421250CE.NFO,2024-01-11,13:42:00,2024-02-13,66.0,66.0,66.0,66.0,0,0,1
FINNIFTY13FEB2421250CE.NFO,2024-01-11,13:43:00,2024-02-13,66.0,66.0,66.0,66.0,0,0,1
FINNIFTY13FEB2421250CE.NFO,2024-01-11,13:44:00,2024-02-13,66.0,66.0,66.0,66.0,0,0,1
FINNIFTY13FEB2421250CE.NFO,2024-01-11,13:45:00,2024-02-13,66.0,66.0,66.0,66.0,0,0,1
FINNIFTY13FEB2421250CE.NFO,2024-01-11,13:46:00,2024-02-13,66.0,66.0,66.0,66.0,0,0,1
FINNIFTY13FEB2421250CE.NFO,2024-01-11,13:47:00,2024-02-13,66.0,66.0,66.0,66.0,0,0,1
FINNIFTY13FEB2421250CE.NFO,2024-01-11,13:48:00,2024-02-13,66.0,66.0,66.0,66.0,0,0,1
FINNIFTY13FEB2421250CE.NFO,2024-01-11,13:49:00,2024-02-13,66.0,66.0,66.0,66.0,0,0,1
FINNIFTY13FEB2421250CE.NFO,2024-01-11,13:50:00,2024-02-13,66.0,66.0,66.0,66.0,0,0,1
FINNIFTY13FEB2421250CE.NFO,2024-01-11,13:51:00,2024-02-13,66.0,66.0,66.0,66.0,0,0,1
FINNIFTY13FEB2421250CE.NFO,2024-01-11,13:52:00,2024-02-13,66.0,66.0,66.0,66.0,0,0,1
FINNIFTY13FEB2421250CE.NFO,2024-01-11,13:53:00,2024-02-13,66.0,66.0,66.0,66.0,0,0,1
FINNIFTY13FEB2421250CE.NFO,2024-01-11,13:54:00,2024-02-13,66.0,66.0,66.0,66.0,0,0,1
FINNIFTY13FEB2421250CE.NFO,2024-01-11,13:55:00,2024-02-13,66.0,66.0,66.0,66.0,0,0,1
FINNIFTY13FEB2421250CE.NFO,2024-01-11,13:56:00,2024-02-13,66.0,66.0,66.0,66.0,0,0,1
FINNIFTY13FEB2421250CE.NFO,2024-01-11,13:57:00,2024-02-13,66.0,66.0,66.0,66.0,0,0,1
FINNIFTY13FEB2421250CE.NFO,2024-01-11,13:58:00,2024-02-13,66.0,66.0,66.0,66.0,0,0,1
FINNIFTY13FEB2421250CE.NFO,2024-01-11,13:59:00,2024-02-13,66.0,66.0,66.0,66.0,0,0,1
FINNIFTY13FEB2421250CE.NFO,2024-01-11,14:00:00,2024-02-13,66.0,66.0,66.0,66.0,0,0,1
FINNIFTY13FEB2421250CE.NFO,2024-01-11,14:01:00,2024-02-13,66.0,66.0,66.0,66.0,0,0,1
FINNIFTY13FEB2421250CE.NFO,2024-01-11,14:02:00,2024-02-13,66.0,66.0,66.0,66.0,0,0,1
FINNIFTY13FEB2421250CE.NFO,2024-01-11,14:03:00,2024-02-13,66.0,66.0,66.0,66.0,0,0,1
FINNIFTY13FEB2421250CE.NFO,2024-01-11,14:04:00,2024-02-13,66.0,66.0,66.0,66.0,0,0,1
FINNIFTY13FEB2421250CE.NFO,2024-01-11,14:05:00,2024-02-13,66.0,66.0,66.0,66.0,0,0,1
FINNIFTY13FEB2421250CE.NFO,2024-01-11,14:06:00,2024-02-13,66.0,66.0,66.0,66.0,0,0,1
FINNIFTY13FEB2421250CE.NFO,2024-01-11,14:07:00,2024-02-13,66.0,66.0,66.0,66.0,0,0,1
FINNIFTY13FEB2421250CE.NFO,2024-01-11,14:08:00,2024-02-13,66.0,66.0,66.0,66.0,0,0,1
FINNIFTY13FEB2421250CE.NFO,2024-01-11,14:09:00,2024-02-13,66.0,66.0,66.0,66.0,0,0,1
FINNIFTY13FEB2421250CE.NFO,2024-01-11,14:10:00,2024-02-13,66.0,66.0,66.0,66.0,0,0,1
FINNIFTY13FEB2421250CE.NFO,2024-01-11,14:11:00,2024-02-13,66.0,66.0,66.0,66.0,0,0,1
FINNIFTY13FEB2421250CE.NFO,2024-01-11,14:12:00,2024-02-13,66.0,66.0,66.0,66.0,0,0,1
FINNIFTY13FEB2421250CE.NFO,2024-01-11,14:13:00,2024-02-13,66.0,66.0,66.0,66.0,0,0,1
FINNIFTY13FEB2421250CE.NFO,2024-01-11,14:14:00,2024-02-13,66.0,66.0,66.0,66.0,0,0,1
FINNIFTY13FEB2421250CE.NFO,2024-01-11,14:15:00,2024-02-13,66.0,66.0,66.0,66.0,0,0,1
FINNIFTY13FEB2421250CE.NFO,2024-01-11,14:16:00,2024-02-13,66.0,66.0,66.0,66.0,0,0,1
FINNIFTY13FEB2421250CE.NFO,2024-01-11,14:17:00,2024-02-13,66.0,66.0,66.0,66.0,0,0,1
FINNIFTY13FEB2421250CE.NFO,2024-01-11,14:18:00,2024-02-13,66.0,66.0,66.0,66.0,0,0,1
FINNIFTY13FEB2421250CE.NFO,2024-01-11,14:19:00,2024-02-13,66.0,66.0,66.0,66.0,0,0,1
FINNIFTY13FEB2421250CE.NFO,2024-01-11,14:20:00,2024-02-13,66.0,66.0,66.0,66.0,0,0,1
FINNIFTY13FEB2421250CE.NFO,2024-01-11,14:21:00,2024-02-13,66.0,66.0,66.0,66.0,0,0,1
FINNIFTY13FEB2421250CE.NFO,2024-01-11,14:22:00,2024-02-13,66.0,66.0,66.0,66.0,0,0,1
FINNIFTY13FEB2421250CE.NFO,2024-01-11,14:23:00,2024-02-13,66.0,66.0,66.0,66.0,0,0,1
FINNIFTY13FEB2421250CE.NFO,2024-01-11,14:24:00,2024-02-13,66.0,66.0,66.0,66.0,0,0,1
FINNIFTY13FEB2421250CE.NFO,2024-01-11,14:25:00,2024-02-13,66.0,66.0,66.0,66.0,0,0,1
FINNIFTY13FEB2421250CE.NFO,2024-01-11,14:26:00,2024-02-13,66.0,66.0,66.0,66.0,0,0,1
FINNIFTY13FEB2421250CE.NFO,2024-01-11,14:27:00,2024-02-13,66.0,66.0,66.0,66.0,0,0,1
FINNIFTY13FEB2421250CE.NFO,2024-01-11,14:28:00,2024-02-13,66.0,66.0,66.0,66.0,0,0,1
FINNIFTY13FEB2421250CE.NFO,2024-01-11,14:29:00,2024-02-13,66.0,66.0,66.0,66.0,0,0,1
FINNIFTY13FEB2421250CE.NFO,2024-01-11,14:30:00,2024-02-13,66.0,66.0,66.0,66.0,0,0,1
FINNIFTY13FEB2421250CE.NFO,2024-01-11,14:31:00,2024-02-13,66.0,66.0,66.0,66.0,0,0,1
FINNIFTY13FEB2421250CE.NFO,2024-01-11,14:32:00,2024-02-13,66.0,66.0,66.0,66.0,0,0,1
FINNIFTY13FEB2421250CE.NFO,2024-01-11,14:33:00,2024-02-13,66.0,66.0,66.0,66.0,0,0,1
FINNIFTY13FEB2421250CE.NFO,2024-01-11,14:34:00,2024-02-13,66.0,66.0,66.0,66.0,0,0,1
FINNIFTY13FEB2421250CE.NFO,2024-01-11,14:35:00,2024-02-13,66.0,66.0,66.0,66.0,0,0,1
FINNIFTY13FEB2421250CE.NFO,2024-01-11,14:36:00,2024-02-13,66.0,66.0,66.0,66.0,0,0,1
FINNIFTY13FEB2421250CE.NFO,2024-01-11,14:37:00,2024-02-13,66.0,66.0,66.0,66.0,0,0,1
FINNIFTY13FEB2421250CE.NFO,2024-01-11,14:38:00,2024-02-13,66.0,66.0,66.0,66.0,0,0,1
FINNIFTY13FEB2421250CE.NFO,2024-01-11,14:39:00,2024-02-13,66.0,66.0,66.0,66.0,0,0,1
FINNIFTY13FEB2421250CE.NFO,2024-01-11,14:40:00,2024-02-13,66.0,66.0,66.0,66.0,0,0,1
FINNIFTY13FEB2421250CE.NFO,2024-01-11,14:41:00,2024-02-13,66.0,66.0,66.0,66.0,0,0,1
FINNIFTY13FEB2421250CE.NFO,2024-01-11,14:42:00,2024-02-13,66.0,66.0,66.0,66.0,0,0,1
FINNIFTY13FEB2421250CE.NFO,2024-01-11,14:43:00,2024-02-13,66.0,66.0,66.0,66.0,0,0,1
FINNIFTY13FEB2421250CE.NFO,2024-01-11,14:44:00,2024-02-13,66.0,66.0,66.0,66.0,0,0,1
FINNIFTY13FEB2421250CE.NFO,2024-01-11,14:45:00,2024-02-13,66.0,66.0,66.0,66.0,0,0,1
FINNIFTY13FEB2421250CE.NFO,2024-01-11,14:46:00,2024-02-13,66.0,66.0,66.0,66.0,0,0,1
FINNIFTY13FEB2421250CE.NFO,2024-01-11,14:47:00,2024-02-13,66.0,66.0,66.0,66.0,0,0,1
FINNIFTY13FEB2421250CE.NFO,2024-01-11,14:48:00,2024-02-13,66.0,66.0,66.0,66.0,0,0,1
FINNIFTY13FEB2421250CE.NFO,2024-01-11,14:49:00,2024-02-13,66.0,66.0,66.0,66.0,0,0,1
FINNIFTY13FEB2421250CE.NFO,2024-01-11,14:50:00,2024-02-13,66.0,66.0,66.0,66.0,0,0,1
FINNIFTY13FEB2421250CE.NFO,2024-01-11,14:51:00,2024-02-13,66.0,66.0,66.0,66.0,0,0,1
FINNIFTY13FEB2421250CE.NFO,2024-01-11,14:52:00,2024-02-13,66.0,66.0,66.0,66.0,0,0,1
FINNIFTY13FEB2421250CE.NFO,2024-01-11,14:53:00,2024-02-13,66.0,66.0,66.0,66.0,0,0,1
FINNIFTY13FEB2421250CE.NFO,2024-01-11,14:54:00,2024-02-13,66.0,66.0,66.0,66.0,0,0,1
FINNIFTY13FEB2421250CE.NFO,2024-01-11,14:55:00,2024-02-13,66.0,66.0,66.0,66.0,0,0,1
FINNIFTY13FEB2421250CE.NFO,2024-01-11,14:56:00,2024-02-13,66.0,66.0,66.0,66.0,0,0,1
FINNIFTY13FEB2421250CE.NFO,2024-01-11,14:57:00,2024-02-13,66.0,66.0,66.0,66.0,0,0,1
FINNIFTY13FEB2421250CE.NFO,2024-01-11,14:58:00,2024-02-13,66.0,66.0,66.0,66.0,0,0,1
FINNIFTY13FEB2421250CE.NFO,2024-01-11,14:59:00,2024-02-13,66.0,66.0,66.0,66.0,0,0,1
FINNIFTY13FEB2421250CE.NFO,2024-01-11,15:00:00,2024-02-13,66.0,66.0,66.0,66.0,0,0,1
FINNIFTY13FEB2421250CE.NFO,2024-01-11,15:01:00,2024-02-13,66.0,66.0,66.0,66.0,0,0,1
FINNIFTY13FEB2421250CE.NFO,2024-01-11,15:02:00,2024-02-13,66.0,66.0,66.0,66.0,0,0,1
FINNIFTY13FEB2421250CE.NFO,2024-01-11,15:03:00,2024-02-13,66.0,66.0,66.0,66.0,0,0,1
FINNIFTY13FEB2421250CE.NFO,2024-01-11,15:04:00,2024-02-13,66.0,66.0,66.0,66.0,0,0,1
FINNIFTY13FEB2421250CE.NFO,2024-01-11,15:05:00,2024-02-13,66.0,66.0,66.0,66.0,0,0,1
FINNIFTY13FEB2421250CE.NFO,2024-01-11,15:06:00,2024-02-13,66.0,66.0,66.0,66.0,0,0,1
FINNIFTY13FEB2421250CE.NFO,2024-01-11,15:07:00,2024-02-13,66.0,66.0,66.0,66.0,0,0,1
FINNIFTY13FEB2421250CE.NFO,2024-01-11,15:08:00,2024-02-13,66.0,66.0,66.0,66.0,0,0,1
FINNIFTY13FEB2421250CE.NFO,2024-01-11,15:09:00,2024-02-13,66.0,66.0,66.0,66.0,0,0,1
FINNIFTY13FEB2421250CE.NFO,2024-01-11,15:10:00,2024-02-13,66.0,66.0,66.0,66.0,0,0,1
FINNIFTY13FEB2421250CE.NFO,2024-01-11,15:11:00,2024-02-13,66.0,66.0,66.0,66.0,0,0,1
FINNIFTY13FEB2421250CE.NFO,2024-01-11,15:12:00,2024-02-13,66.0,66.0,66.0,66.0,0,0,1
FINNIFTY13FEB2421250CE.NFO,2024-01-11,15:13:00,2024-02-13,66.0,66.0,66.0,66.0,0,0,1
FINNIFTY13FEB2421250CE.NFO,2024-01-11,15:14:00,2024-02-13,66.0,66.0,66.0,66.0,0,0,1
FINNIFTY13FEB2421250CE.NFO,2024-01-11,15:15:00,2024-02-13,66.0,66.0,66.0,66.0,0,0,1
FINNIFTY13FEB2421250CE.NFO,2024-01-11,15:16:00,2024-02-13,66.0,66.0,66.0,66.0,0,0,1
FINNIFTY13FEB2421250CE.NFO,2024-01-11,15:17:00,2024-02-13,66.0,66.0,66.0,66.0,0,0,1
FINNIFTY13FEB2421250CE.NFO,2024-01-11,15:18:00,2024-02-13,66.0,66.0,66.0,66.0,0,0,1
FINNIFTY13FEB2421250CE.NFO,2024-01-11,15:19:00,2024-02-13,66.0,66.0,66.0,66.0,0,0,1
FINNIFTY13FEB2421250CE.NFO,2024-01-11,15:20:00,2024-02-13,66.0,66.0,66.0,66.0,0,0,1
FINNIFTY13FEB2421250CE.NFO,2024-01-11,15:21:00,2024-02-13,66.0,66.0,66.0,66.0,0,0,1
FINNIFTY13FEB2421250CE.NFO,2024-01-11,15:22:00,2024-02-13,66.0,66.0,66.0,66.0,0,0,1
FINNIFTY13FEB2421250CE.NFO,2024-01-11,15:23:00,2024-02-13,66.0,66.0,66.0,66.0,0,0,1
FINNIFTY13FEB2421250CE.NFO,2024-01-11,15:24:00,2024-02-13,66.0,66.0,66.0,66.0,0,0,1
FINNIFTY13FEB2421250CE.NFO,2024-01-11,15:25:00,2024-02-13,66.0,66.0,66.0,66.0,0,0,1
FINNIFTY13FEB2421250CE.NFO,2024-01-11,15:26:00,2024-02-13,66.0,66.0,66.0,66.0,0,0,1
FINNIFTY13FEB2421250CE.NFO,2024-01-11,15:27:00,2024-02-13,66.0,66.0,66.0,66.0,0,0,1
FINNIFTY13FEB2421250CE.NFO,2024-01-11,15:28:00,2024-02-13,66.0,66.0,66.0,66.0,0,0,1
FINNIFTY13FEB2421250CE.NFO,2024-01-11,15:29:00,2024-02-13,66.0,66.0,66.0,66.0,0,0,1
FINNIFTY13FEB2421250CE.NFO,2024-01-11,15:30:00,2024-02-13,66.0,66.0,66.0,66.0,0,0,1
FINNIFTY13FEB2421250CE.NFO,2024-01-12,09:15:00,2024-02-13,66.0,66.0,66.0,66.0,0,0,0
FINNIFTY13FEB2421250CE.NFO,2024-01-12,09:16:00,2024-02-13,66.0,66.0,66.0,66.0,0,0,1
FINNIFTY13FEB2421250CE.NFO,2024-01-12,09:17:00,2024-02-13,66.0,66.0,66.0,66.0,0,0,1
FINNIFTY13FEB2421250CE.NFO,2024-01-12,09:18:00,2024-02-13,66.0,66.0,66.0,66.0,0,0,1
FINNIFTY13FEB2421250CE.NFO,2024-01-12,09:19:00,2024-02-13,66.0,66.0,66.0,66.0,0,0,1
FINNIFTY13FEB2421250CE.NFO,2024-01-12,09:20:00,2024-02-13,66.0,66.0,66.0,66.0,0,0,1
FINNIFTY13FEB2421250CE.NFO,2024-01-12,09:21:00,2024-02-13,66.0,66.0,66.0,66.0,0,0,1
FINNIFTY13FEB2421250CE.NFO,2024-01-12,09:22:00,2024-02-13,66.0,66.0,66.0,66.0,0,0,1
FINNIFTY13FEB2421250CE.NFO,2024-01-12,09:23:00,2024-02-13,66.0,66.0,66.0,66.0,0,0,1
FINNIFTY13FEB2421250CE.NFO,2024-01-12,09:24:00,2024-02-13,66.0,66.0,66.0,66.0,0,0,1
FINNIFTY13FEB2421250CE.NFO,2024-01-12,09:25:00,2024-02-13,66.0,66.0,66.0,66.0,0,0,1
FINNIFTY13FEB2421250CE.NFO,2024-01-12,09:26:00,2024-02-13,66.0,66.0,66.0,66.0,0,0,1
FINNIFTY13FEB2421250CE.NFO,2024-01-12,09:27:00,2024-02-13,66.0,66.0,66.0,66.0,0,0,1
FINNIFTY13FEB2421250CE.NFO,2024-01-12,09:28:00,2024-02-13,66.0,66.0,66.0,66.0,0,0,1
FINNIFTY13FEB2421250CE.NFO,2024-01-12,09:29:00,2024-02-13,66.0,66.0,66.0,66.0,0,0,1
FINNIFTY13FEB2421250CE.NFO,2024-01-12,09:30:00,2024-02-13,66.0,66.0,66.0,66.0,0,0,1
FINNIFTY13FEB2421250CE.NFO,2024-01-12,09:31:00,2024-02-13,66.0,66.0,66.0,66.0,0,0,1
FINNIFTY13FEB2421250CE.NFO,2024-01-12,09:32:00,2024-02-13,66.0,66.0,66.0,66.0,0,0,1
FINNIFTY13FEB2421250CE.NFO,2024-01-12,09:33:00,2024-02-13,66.0,66.0,66.0,66.0,0,0,1
FINNIFTY13FEB2421250CE.NFO,2024-01-12,09:34:00,2024-02-13,66.0,66.0,66.0,66.0,0,0,1
FINNIFTY13FEB2421250CE.NFO,2024-01-12,09:35:00,2024-02-13,66.0,66.0,66.0,66.0,0,0,1
FINNIFTY13FEB2421250CE.NFO,2024-01-12,09:36:00,2024-02-13,66.0,66.0,66.0,66.0,0,0,1
FINNIFTY13FEB2421250CE.NFO,2024-01-12,09:37:00,2024-02-13,66.0,66.0,66.0,66.0,0,0,1
FINNIFTY13FEB2421250CE.NFO,2024-01-12,09:38:00,2024-02-13,66.0,66.0,66.0,66.0,0,0,1
FINNIFTY13FEB2421250CE.NFO,2024-01-12,09:39:00,2024-02-13,66.0,66.0,66.0,66.0,0,0,1
FINNIFTY13FEB2421250CE.NFO,2024-01-12,09:40:00,2024-02-13,66.0,66.0,66.0,66.0,0,0,1
FINNIFTY13FEB2421250CE.NFO,2024-01-12,09:41:00,2024-02-13,66.0,66.0,66.0,66.0,0,0,1
FINNIFTY13FEB2421250CE.NFO,2024-01-12,09:42:00,2024-02-13,66.0,66.0,66.0,66.0,0,0,1
FINNIFTY13FEB2421250CE.NFO,2024-01-12,09:43:00,2024-02-13,66.0,66.0,66.0,66.0,0,0,1
FINNIFTY13FEB2421250CE.NFO,2024-01-12,09:44:00,2024-02-13,66.0,66.0,66.0,66.0,0,0,1
FINNIFTY13FEB2421250CE.NFO,2024-01-12,09:45:00,2024-02-13,66.0,66.0,66.0,66.0,0,0,1
FINNIFTY13FEB2421250CE.NFO,2024-01-12,09:46:00,2024-02-13,66.0,66.0,66.0,66.0,0,0,1
FINNIFTY13FEB2421250CE.NFO,2024-01-12,09:47:00,2024-02-13,66.0,66.0,66.0,66.0,0,0,1
FINNIFTY13FEB2421250CE.NFO,2024-01-12,09:48:00,2024-02-13,66.0,66.0,66.0,66.0,0,0,1
FINNIFTY13FEB2421250CE.NFO,2024-01-12,09:49:00,2024-02-13,66.0,66.0,66.0,66.0,0,0,1
FINNIFTY13FEB2421250CE.NFO,2024-01-12,09:50:00,2024-02-13,66.0,66.0,66.0,66.0,0,0,1
FINNIFTY13FEB2421250CE.NFO,2024-01-12,09:51:00,2024-02-13,66.0,66.0,66.0,66.0,0,0,1
FINNIFTY13FEB2421250CE.NFO,2024-01-12,09:52:00,2024-02-13,66.0,66.0,66.0,66.0,0,0,1
FINNIFTY13FEB2421250CE.NFO,2024-01-12,09:53:00,2024-02-13,66.0,66.0,66.0,66.0,0,0,1
FINNIFTY13FEB2421250CE.NFO,2024-01-12,09:54:00,2024-02-13,66.0,66.0,66.0,66.0,0,0,1
FINNIFTY13FEB2421250CE.NFO,2024-01-12,09:55:00,2024-02-13,66.0,66.0,66.0,66.0,0,0,1
FINNIFTY13FEB2421250CE.NFO,2024-01-12,09:56:00,2024-02-13,66.0,66.0,66.0,66.0,0,0,1
FINNIFTY13FEB2421250CE.NFO,2024-01-12,09:57:00,2024-02-13,66.0,66.0,66.0,66.0,0,0,1
FINNIFTY13FEB2421250CE.NFO,2024-01-12,09:58:00,2024-02-13,66.0,66.0,66.0,66.0,0,0,1
FINNIFTY13FEB2421250CE.NFO,2024-01-12,09:59:00,2024-02-13,66.0,66.0,66.0,66.0,0,0,1
FINNIFTY13FEB2421250CE.NFO,2024-01-12,10:00:00,2024-02-13,66.0,66.0,66.0,66.0,0,0,1
FINNIFTY13FEB2421250CE.NFO,2024-01-12,10:01:00,2024-02-13,66.0,66.0,66.0,66.0,0,0,1
FINNIFTY13FEB2421250CE.NFO,2024-01-12,10:02:00,2024-02-13,66.0,66.0,66.0,66.0,0,0,1
FINNIFTY13FEB2421250CE.NFO,2024-01-12,10:03:00,2024-02-13,66.0,66.0,66.0,66.0,0,0,1
FINNIFTY13FEB2421250CE.NFO,2024-01-12,10:04:00,2024-02-13,66.0,66.0,66.0,66.0,0,0,1
FINNIFTY13FEB2421250CE.NFO,2024-01-12,10:05:00,2024-02-13,66.0,66.0,66.0,66.0,0,0,1
FINNIFTY13FEB2421250CE.NFO,2024-01-12,10:06:00,2024-02-13,66.0,66.0,66.0,66.0,0,0,1
FINNIFTY13FEB2421250CE.NFO,2024-01-12,10:07:00,2024-02-13,66.0,66.0,66.0,66.0,0,0,1
FINNIFTY13FEB2421250CE.NFO,2024-01-12,10:08:00,2024-02-13,66.0,66.0,66.0,66.0,0,0,1
FINNIFTY13FEB2421250CE.NFO,2024-01-12,10:09:00,2024-02-13,66.0,66.0,66.0,66.0,0,0,1
FINNIFTY13FEB2421250CE.NFO,2024-01-12,10:10:00,2024-02-13,66.0,66.0,66.0,66.0,0,0,1
FINNIFTY13FEB2421250CE.NFO,2024-01-12,10:11:00,2024-02-13,66.0,66.0,66.0,66.0,0,0,1
FINNIFTY13FEB2421250CE.NFO,2024-01-12,10:12:00,2024-02-13,66.0,66.0,66.0,66.0,0,0,1
FINNIFTY13FEB2421250CE.NFO,2024-01-12,10:13:00,2024-02-13,66.0,66.0,66.0,66.0,0,0,1
FINNIFTY13FEB2421250CE.NFO,2024-01-12,10:14:00,2024-02-13,66.0,66.0,66.0,66.0,0,0,1
FINNIFTY13FEB2421250CE.NFO,2024-01-12,10:15:00,2024-02-13,66.0,66.0,66.0,66.0,0,0,1
FINNIFTY13FEB2421250CE.NFO,2024-01-12,10:16:00,2024-02-13,66.0,66.0,66.0,66.0,0,0,1
FINNIFTY13FEB2421250CE.NFO,2024-01-12,10:17:00,2024-02-13,66.0,66.0,66.0,66.0,0,0,1
FINNIFTY13FEB2421250CE.NFO,2024-01-12,10:18:00,2024-02-13,66.0,66.0,66.0,66.0,0,0,1
FINNIFTY13FEB2421250CE.NFO,2024-01-12,10:19:00,2024-02-13,66.0,66.0,66.0,66.0,0,0,1
FINNIFTY13FEB2421250CE.NFO,2024-01-12,10:20:00,2024-02-13,66.0,66.0,66.0,66.0,0,0,1
FINNIFTY13FEB2421250CE.NFO,2024-01-12,10:21:00,2024-02-13,66.0,66.0,66.0,66.0,0,0,1
FINNIFTY13FEB2421250CE.NFO,2024-01-12,10:22:00,2024-02-13,66.0,66.0,66.0,66.0,0,0,1
FINNIFTY13FEB2421250CE.NFO,2024-01-12,10:23:00,2024-02-13,66.0,66.0,66.0,66.0,0,0,1
FINNIFTY13FEB2421250CE.NFO,2024-01-12,10:24:00,2024-02-13,66.0,66.0,66.0,66.0,0,0,1
FINNIFTY13FEB2421250CE.NFO,2024-01-12,10:25:00,2024-02-13,66.0,66.0,66.0,66.0,0,0,1
FINNIFTY13FEB2421250CE.NFO,2024-01-12,10:26:00,2024-02-13,66.0,66.0,66.0,66.0,0,0,1
FINNIFTY13FEB2421250CE.NFO,2024-01-12,10:27:00,2024-02-13,66.0,66.0,66.0,66.0,0,0,1
FINNIFTY13FEB2421250CE.NFO,2024-01-12,10:28:00,2024-02-13,66.0,66.0,66.0,66.0,0,0,1
FINNIFTY13FEB2421250CE.NFO,2024-01-12,10:29:00,2024-02-13,66.0,66.0,66.0,66.0,0,0,1
FINNIFTY13FEB2421250CE.NFO,2024-01-12,10:30:00,2024-02-13,66.0,66.0,66.0,66.0,0,0,1
FINNIFTY13FEB2421250CE.NFO,2024-01-12,10:31:00,2024-02-13,66.0,66.0,66.0,66.0,0,0,1
FINNIFTY13FEB2421250CE.NFO,2024-01-12,10:32:00,2024-02-13,66.0,66.0,66.0,66.0,0,0,1
FINNIFTY13FEB2421250CE.NFO,2024-01-12,10:33:00,2024-02-13,66.0,66.0,66.0,66.0,0,0,1
FINNIFTY13FEB2421250CE.NFO,2024-01-12,10:34:00,2024-02-13,66.0,66.0,66.0,66.0,0,0,1
FINNIFTY13FEB2421250CE.NFO,2024-01-12,10:35:00,2024-02-13,66.0,66.0,66.0,66.0,0,0,1
FINNIFTY13FEB2421250CE.NFO,2024-01-12,10:36:00,2024-02-13,66.0,66.0,66.0,66.0,0,0,1
FINNIFTY13FEB2421250CE.NFO,2024-01-12,10:37:00,2024-02-13,66.0,66.0,66.0,66.0,0,0,1
FINNIFTY13FEB2421250CE.NFO,2024-01-12,10:38:00,2024-02-13,66.0,66.0,66.0,66.0,0,0,1
FINNIFTY13FEB2421250CE.NFO,2024-01-12,10:39:00,2024-02-13,66.0,66.0,66.0,66.0,0,0,1
FINNIFTY13FEB2421250CE.NFO,2024-01-12,10:40:00,2024-02-13,66.0,66.0,66.0,66.0,0,0,1
FINNIFTY13FEB2421250CE.NFO,2024-01-12,10:41:00,2024-02-13,66.0,66.0,66.0,66.0,0,0,1
FINNIFTY13FEB2421250CE.NFO,2024-01-12,10:42:00,2024-02-13,66.0,66.0,66.0,66.0,0,0,1
FINNIFTY13FEB2421250CE.NFO,2024-01-12,10:43:00,2024-02-13,66.0,66.0,66.0,66.0,0,0,1
FINNIFTY13FEB2421250CE.NFO,2024-01-12,10:44:00,2024-02-13,66.0,66.0,66.0,66.0,0,0,1
FINNIFTY13FEB2421250CE.NFO,2024-01-12,10:45:00,2024-02-13,66.0,66.0,66.0,66.0,0,0,1
FINNIFTY13FEB2421250CE.NFO,2024-01-12,10:46:00,2024-02-13,66.0,66.0,66.0,66.0,0,0,1
FINNIFTY13FEB2421250CE.NFO,2024-01-12,10:47:00,2024-02-13,66.0,66.0,66.0,66.0,0,0,1
FINNIFTY13FEB2421250CE.NFO,2024-01-12,10:48:00,2024-02-13,66.0,66.0,66.0,66.0,0,0,1
FINNIFTY13FEB2421250CE.NFO,2024-01-12,10:49:00,2024-02-13,66.0,66.0,66.0,66.0,0,0,1
FINNIFTY13FEB2421250CE.NFO,2024-01-12,10:50:00,2024-02-13,66.0,66.0,66.0,66.0,0,0,1
FINNIFTY13FEB2421250CE.NFO,2024-01-12,10:51:00,2024-02-13,66.0,66.0,66.0,66.0,0,0,1
FINNIFTY13FEB2421250CE.NFO,2024-01-12,10:52:00,2024-02-13,66.0,66.0,66.0,66.0,0,0,1
FINNIFTY13FEB2421250CE.NFO,2024-01-12,10:53:00,2024-02-13,66.0,66.0,66.0,66.0,0,0,1
FINNIFTY13FEB2421250CE.NFO,2024-01-12,10:54:00,2024-02-13,66.0,66.0,66.0,66.0,0,0,1
FINNIFTY13FEB2421250CE.NFO,2024-01-12,10:55:00,2024-02-13,66.0,66.0,66.0,66.0,0,0,1
FINNIFTY13FEB2421250CE.NFO,2024-01-12,10:56:00,2024-02-13,66.0,66.0,66.0,66.0,0,0,1
FINNIFTY13FEB2421250CE.NFO,2024-01-12,10:57:00,2024-02-13,66.0,66.0,66.0,66.0,0,0,1
FINNIFTY13FEB2421250CE.NFO,2024-01-12,10:58:00,2024-02-13,66.0,66.0,66.0,66.0,0,0,1
FINNIFTY13FEB2421250CE.NFO,2024-01-12,10:59:00,2024-02-13,66.0,66.0,66.0,66.0,0,0,1
FINNIFTY13FEB2421250CE.NFO,2024-01-12,11:00:00,2024-02-13,66.0,66.0,66.0,66.0,0,0,1
FINNIFTY13FEB2421250CE.NFO,2024-01-12,11:01:00,2024-02-13,66.0,66.0,66.0,66.0,0,0,1
FINNIFTY13FEB2421250CE.NFO,2024-01-12,11:02:00,2024-02-13,66.0,66.0,66.0,66.0,0,0,1
FINNIFTY13FEB2421250CE.NFO,2024-01-12,11:03:00,2024-02-13,66.0,66.0,66.0,66.0,0,0,1
FINNIFTY13FEB2421250CE.NFO,2024-01-12,11:04:00,2024-02-13,66.0,66.0,66.0,66.0,0,0,1
FINNIFTY13FEB2421250CE.NFO,2024-01-12,11:05:00,2024-02-13,66.0,66.0,66.0,66.0,0,0,1
FINNIFTY13FEB2421250CE.NFO,2024-01-12,11:06:00,2024-02-13,66.0,66.0,66.0,66.0,0,0,1
FINNIFTY13FEB2421250CE.NFO,2024-01-12,11:07:00,2024-02-13,66.0,66.0,66.0,66.0,0,0,1
FINNIFTY13FEB2421250CE.NFO,2024-01-12,11:08:00,2024-02-13,66.0,66.0,66.0,66.0,0,0,1
FINNIFTY13FEB2421250CE.NFO,2024-01-12,11:09:00,2024-02-13,66.0,66.0,66.0,66.0,0,0,1
FINNIFTY13FEB2421250CE.NFO,2024-01-12,11:10:00,2024-02-13,66.0,66.0,66.0,66.0,0,0,1
FINNIFTY13FEB2421250CE.NFO,2024-01-12,11:11:00,2024-02-13,66.0,66.0,66.0,66.0,0,0,1
FINNIFTY13FEB2421250CE.NFO,2024-01-12,11:12:00,2024-02-13,66.0,66.0,66.0,66.0,0,0,1
FINNIFTY13FEB2421250CE.NFO,2024-01-12,11:13:00,2024-02-13,66.0,66.0,66.0,66.0,0,0,1
FINNIFTY13FEB2421250CE.NFO,2024-01-12,11:14:00,2024-02-13,66.0,66.0,66.0,66.0,0,0,1
FINNIFTY13FEB2421250CE.NFO,2024-01-12,11:15:00,2024-02-13,66.0,66.0,66.0,66.0,0,0,1
FINNIFTY13FEB2421250CE.NFO,2024-01-12,11:16:00,2024-02-13,66.0,66.0,66.0,66.0,0,0,1
FINNIFTY13FEB2421250CE.NFO,2024-01-12,11:17:00,2024-02-13,66.0,66.0,66.0,66.0,0,0,1
FINNIFTY13FEB2421250CE.NFO,2024-01-12,11:18:00,2024-02-13,66.0,66.0,66.0,66.0,0,0,1
FINNIFTY13FEB2421250CE.NFO,2024-01-12,11:19:00,2024-02-13,66.0,66.0,66.0,66.0,0,0,1
FINNIFTY13FEB2421250CE.NFO,2024-01-12,11:20:00,2024-02-13,66.0,66.0,66.0,66.0,0,0,1
FINNIFTY13FEB2421250CE.NFO,2024-01-12,11:21:00,2024-02-13,66.0,66.0,66.0,66.0,0,0,1
FINNIFTY13FEB2421250CE.NFO,2024-01-12,11:22:00,2024-02-13,66.0,66.0,66.0,66.0,0,0,1
FINNIFTY13FEB2421250CE.NFO,2024-01-12,11:23:00,2024-02-13,66.0,66.0,66.0,66.0,0,0,1
FINNIFTY13FEB2421250CE.NFO,2024-01-12,11:24:00,2024-02-13,66.0,66.0,66.0,66.0,0,0,1
FINNIFTY13FEB2421250CE.NFO,2024-01-12,11:25:00,2024-02-13,66.0,66.0,66.0,66.0,0,0,1
FINNIFTY13FEB2421250CE.NFO,2024-01-12,11:26:00,2024-02-13,66.0,66.0,66.0,66.0,0,0,1
FINNIFTY13FEB2421250CE.NFO,2024-01-12,11:27:00,2024-02-13,66.0,66.0,66.0,66.0,0,0,1
FINNIFTY13FEB2421250CE.NFO,2024-01-12,11:28:00,2024-02-13,66.0,66.0,66.0,66.0,0,0,1
FINNIFTY13FEB2421250CE.NFO,2024-01-12,11:29:00,2024-02-13,66.0,66.0,66.0,66.0,0,0,1
FINNIFTY13FEB2421250CE.NFO,2024-01-12,11:30:00,2024-02-13,66.0,66.0,66.0,66.0,0,0,1
FINNIFTY13FEB2421250CE.NFO,2024-01-12,11:31:00,2024-02-13,66.0,66.0,66.0,66.0,0,0,1
FINNIFTY13FEB2421250CE.NFO,2024-01-12,11:32:00,2024-02-13,66.0,66.0,66.0,66.0,0,0,1
FINNIFTY13FEB2421250CE.NFO,2024-01-12,11:33:00,2024-02-13,66.0,66.0,66.0,66.0,0,0,1
FINNIFTY13FEB2421250CE.NFO,2024-01-12,11:34:00,2024-02-13,66.0,66.0,66.0,66.0,0,0,1
FINNIFTY13FEB2421250CE.NFO,2024-01-12,11:35:00,2024-02-13,66.0,66.0,66.0,66.0,0,0,1
FINNIFTY13FEB2421250CE.NFO,2024-01-12,11:36:00,2024-02-13,66.0,66.0,66.0,66.0,0,0,1
FINNIFTY13FEB2421250CE.NFO,2024-01-12,11:37:00,2024-02-13,66.0,66.0,66.0,66.0,0,0,1
FINNIFTY13FEB2421250CE.NFO,2024-01-12,11:38:00,2024-02-13,66.0,66.0,66.0,66.0,0,0,1
FINNIFTY13FEB2421250CE.NFO,2024-01-12,11:39:00,2024-02-13,66.0,66.0,66.0,66.0,0,0,1
FINNIFTY13FEB2421250CE.NFO,2024-01-12,11:40:00,2024-02-13,66.0,66.0,66.0,66.0,0,0,1
FINNIFTY13FEB2421250CE.NFO,2024-01-12,11:41:00,2024-02-13,66.0,66.0,66.0,66.0,0,0,1
FINNIFTY13FEB2421250CE.NFO,2024-01-12,11:42:00,2024-02-13,66.0,66.0,66.0,66.0,0,0,1
FINNIFTY13FEB2421250CE.NFO,2024-01-12,11:43:00,2024-02-13,66.0,66.0,66.0,66.0,0,0,1
FINNIFTY13FEB2421250CE.NFO,2024-01-12,11:44:00,2024-02-13,66.0,66.0,66.0,66.0,0,0,1
FINNIFTY13FEB2421250CE.NFO,2024-01-12,11:45:00,2024-02-13,66.0,66.0,66.0,66.0,0,0,1
FINNIFTY13FEB2421250CE.NFO,2024-01-12,11:46:00,2024-02-13,66.0,66.0,66.0,66.0,0,0,1
FINNIFTY13FEB2421250CE.NFO,2024-01-12,11:47:00,2024-02-13,66.0,66.0,66.0,66.0,0,0,1
FINNIFTY13FEB2421250CE.NFO,2024-01-12,11:48:00,2024-02-13,66.0,66.0,66.0,66.0,0,0,1
FINNIFTY13FEB2421250CE.NFO,2024-01-12,11:49:00,2024-02-13,66.0,66.0,66.0,66.0,0,0,1
FINNIFTY13FEB2421250CE.NFO,2024-01-12,11:50:00,2024-02-13,66.0,66.0,66.0,66.0,0,0,1
FINNIFTY13FEB2421250CE.NFO,2024-01-12,11:51:00,2024-02-13,66.0,66.0,66.0,66.0,0,0,1
FINNIFTY13FEB2421250CE.NFO,2024-01-12,11:52:00,2024-02-13,66.0,66.0,66.0,66.0,0,0,1
FINNIFTY13FEB2421250CE.NFO,2024-01-12,11:53:00,2024-02-13,66.0,66.0,66.0,66.0,0,0,1
FINNIFTY13FEB2421250CE.NFO,2024-01-12,11:54:00,2024-02-13,66.0,66.0,66.0,66.0,0,0,1
FINNIFTY13FEB2421250CE.NFO,2024-01-12,11:55:00,2024-02-13,66.0,66.0,66.0,66.0,0,0,1
FINNIFTY13FEB2421250CE.NFO,2024-01-12,11:56:00,2024-02-13,66.0,66.0,66.0,66.0,0,0,1
FINNIFTY13FEB2421250CE.NFO,2024-01-12,11:57:00,2024-02-13,66.0,66.0,66.0,66.0,0,0,1
FINNIFTY13FEB2421250CE.NFO,2024-01-12,11:58:00,2024-02-13,66.0,66.0,66.0,66.0,0,0,1
FINNIFTY13FEB2421250CE.NFO,2024-01-12,11:59:00,2024-02-13,66.0,66.0,66.0,66.0,0,0,1
FINNIFTY13FEB2421250CE.NFO,2024-01-12,12:00:00,2024-02-13,66.0,66.0,66.0,66.0,0,0,1
FINNIFTY13FEB2421250CE.NFO,2024-01-12,12:01:00,2024-02-13,66.0,66.0,66.0,66.0,0,0,1
FINNIFTY13FEB2421250CE.NFO,2024-01-12,12:02:00,2024-02-13,66.0,66.0,66.0,66.0,0,0,1
FINNIFTY13FEB2421250CE.NFO,2024-01-12,12:03:00,2024-02-13,66.0,66.0,66.0,66.0,0,0,1
FINNIFTY13FEB2421250CE.NFO,2024-01-12,12:04:00,2024-02-13,66.0,66.0,66.0,66.0,0,0,1
FINNIFTY13FEB2421250CE.NFO,2024-01-12,12:05:00,2024-02-13,66.0,66.0,66.0,66.0,0,0,1
FINNIFTY13FEB2421250CE.NFO,2024-01-12,12:06:00,2024-02-13,66.0,66.0,66.0,66.0,0,0,1
FINNIFTY13FEB2421250CE.NFO,2024-01-12,12:07:00,2024-02-13,66.0,66.0,66.0,66.0,0,0,1
FINNIFTY13FEB2421250CE.NFO,2024-01-12,12:08:00,2024-02-13,66.0,66.0,66.0,66.0,0,0,1
FINNIFTY13FEB2421250CE.NFO,2024-01-12,12:09:00,2024-02-13,66.0,66.0,66.0,66.0,0,0,1
FINNIFTY13FEB2421250CE.NFO,2024-01-12,12:10:00,2024-02-13,66.0,66.0,66.0,66.0,0,0,1
FINNIFTY13FEB2421250CE.NFO,2024-01-12,12:11:00,2024-02-13,66.0,66.0,66.0,66.0,0,0,1
FINNIFTY13FEB2421250CE.NFO,2024-01-12,12:12:00,2024-02-13,66.0,66.0,66.0,66.0,0,0,1
FINNIFTY13FEB2421250CE.NFO,2024-01-12,12:13:00,2024-02-13,66.0,66.0,66.0,66.0,0,0,1
FINNIFTY13FEB2421250CE.NFO,2024-01-12,12:14:00,2024-02-13,66.0,66.0,66.0,66.0,0,0,1
FINNIFTY13FEB2421250CE.NFO,2024-01-12,12:15:00,2024-02-13,66.0,66.0,66.0,66.0,0,0,1
FINNIFTY13FEB2421250CE.NFO,2024-01-12,12:16:00,2024-02-13,66.0,66.0,66.0,66.0,0,0,1
FINNIFTY13FEB2421250CE.NFO,2024-01-12,12:17:00,2024-02-13,66.0,66.0,66.0,66.0,0,0,1
FINNIFTY13FEB2421250CE.NFO,2024-01-12,12:18:00,2024-02-13,66.0,66.0,66.0,66.0,0,0,1
FINNIFTY13FEB2421250CE.NFO,2024-01-12,12:19:00,2024-02-13,66.0,66.0,66.0,66.0,0,0,1
FINNIFTY13FEB2421250CE.NFO,2024-01-12,12:20:00,2024-02-13,66.0,66.0,66.0,66.0,0,0,1
FINNIFTY13FEB2421250CE.NFO,2024-01-12,12:21:00,2024-02-13,66.0,66.0,66.0,66.0,0,0,1
FINNIFTY13FEB2421250CE.NFO,2024-01-12,12:22:00,2024-02-13,66.0,66.0,66.0,66.0,0,0,1
FINNIFTY13FEB2421250CE.NFO,2024-01-12,12:23:00,2024-02-13,66.0,66.0,66.0,66.0,0,0,1
FINNIFTY13FEB2421250CE.NFO,2024-01-12,12:24:00,2024-02-13,66.0,66.0,66.0,66.0,0,0,1
FINNIFTY13FEB2421250CE.NFO,2024-01-12,12:25:00,2024-02-13,66.0,66.0,66.0,66.0,0,0,1
FINNIFTY13FEB2421250CE.NFO,2024-01-12,12:26:00,2024-02-13,66.0,66.0,66.0,66.0,0,0,1
FINNIFTY13FEB2421250CE.NFO,2024-01-12,12:27:00,2024-02-13,66.0,66.0,66.0,66.0,0,0,1
FINNIFTY13FEB2421250CE.NFO,2024-01-12,12:28:00,2024-02-13,66.0,66.0,66.0,66.0,0,0,1
FINNIFTY13FEB2421250CE.NFO,2024-01-12,12:29:00,2024-02-13,66.0,66.0,66.0,66.0,0,0,1
FINNIFTY13FEB2421250CE.NFO,2024-01-12,12:30:00,2024-02-13,66.0,66.0,66.0,66.0,0,0,1
FINNIFTY13FEB2421250CE.NFO,2024-01-12,12:31:00,2024-02-13,66.0,66.0,66.0,66.0,0,0,1
FINNIFTY13FEB2421250CE.NFO,2024-01-12,12:32:00,2024-02-13,66.0,66.0,66.0,66.0,0,0,1
FINNIFTY13FEB2421250CE.NFO,2024-01-12,12:33:00,2024-02-13,66.0,66.0,66.0,66.0,0,0,1
FINNIFTY13FEB2421250CE.NFO,2024-01-12,12:34:00,2024-02-13,66.0,66.0,66.0,66.0,0,0,1
FINNIFTY13FEB2421250CE.NFO,2024-01-12,12:35:00,2024-02-13,66.0,66.0,66.0,66.0,0,0,1
FINNIFTY13FEB2421250CE.NFO,2024-01-12,12:36:00,2024-02-13,66.0,66.0,66.0,66.0,0,0,1
FINNIFTY13FEB2421250CE.NFO,2024-01-12,12:37:00,2024-02-13,66.0,66.0,66.0,66.0,0,0,1
FINNIFTY13FEB2421250CE.NFO,2024-01-12,12:38:00,2024-02-13,66.0,66.0,66.0,66.0,0,0,1
FINNIFTY13FEB2421250CE.NFO,2024-01-12,12:39:00,2024-02-13,66.0,66.0,66.0,66.0,0,0,1
FINNIFTY13FEB2421250CE.NFO,2024-01-12,12:40:00,2024-02-13,66.0,66.0,66.0,66.0,0,0,1
FINNIFTY13FEB2421250CE.NFO,2024-01-12,12:41:00,2024-02-13,66.0,66.0,66.0,66.0,0,0,1
FINNIFTY13FEB2421250CE.NFO,2024-01-12,12:42:00,2024-02-13,66.0,66.0,66.0,66.0,0,0,1
FINNIFTY13FEB2421250CE.NFO,2024-01-12,12:43:00,2024-02-13,66.0,66.0,66.0,66.0,0,0,1
FINNIFTY13FEB2421250CE.NFO,2024-01-12,12:44:00,2024-02-13,66.0,66.0,66.0,66.0,0,0,1
FINNIFTY13FEB2421250CE.NFO,2024-01-12,12:45:00,2024-02-13,66.0,66.0,66.0,66.0,0,0,1
FINNIFTY13FEB2421250CE.NFO,2024-01-12,12:46:00,2024-02-13,66.0,66.0,66.0,66.0,0,0,1
FINNIFTY13FEB2421250CE.NFO,2024-01-12,12:47:00,2024-02-13,66.0,66.0,66.0,66.0,0,0,1
FINNIFTY13FEB2421250CE.NFO,2024-01-12,12:48:00,2024-02-13,66.0,66.0,66.0,66.0,0,0,1
FINNIFTY13FEB2421250CE.NFO,2024-01-12,12:49:00,2024-02-13,66.0,66.0,66.0,66.0,0,0,1
FINNIFTY13FEB2421250CE.NFO,2024-01-12,12:50:00,2024-02-13,66.0,66.0,66.0,66.0,0,0,1
FINNIFTY13FEB2421250CE.NFO,2024-01-12,12:51:00,2024-02-13,66.0,66.0,66.0,66.0,0,0,1
FINNIFTY13FEB2421250CE.NFO,2024-01-12,12:52:00,2024-02-13,66.0,66.0,66.0,66.0,0,0,1
FINNIFTY13FEB2421250CE.NFO,2024-01-12,12:53:00,2024-02-13,66.0,66.0,66.0,66.0,0,0,1
FINNIFTY13FEB2421250CE.NFO,2024-01-12,12:54:00,2024-02-13,66.0,66.0,66.0,66.0,0,0,1
FINNIFTY13FEB2421250CE.NFO,2024-01-12,12:55:00,2024-02-13,66.0,66.0,66.0,66.0,0,0,1
FINNIFTY13FEB2421250CE.NFO,2024-01-12,12:56:00,2024-02-13,66.0,66.0,66.0,66.0,0,0,1
FINNIFTY13FEB2421250CE.NFO,2024-01-12,12:57:00,2024-02-13,66.0,66.0,66.0,66.0,0,0,1
FINNIFTY13FEB2421250CE.NFO,2024-01-12,12:58:00,2024-02-13,66.0,66.0,66.0,66.0,0,0,1
FINNIFTY13FEB2421250CE.NFO,2024-01-12,12:59:00,2024-02-13,66.0,66.0,66.0,66.0,0,0,1
FINNIFTY13FEB2421250CE.NFO,2024-01-12,13:00:00,2024-02-13,66.0,66.0,66.0,66.0,0,0,1
FINNIFTY13FEB2421250CE.NFO,2024-01-12,13:01:00,2024-02-13,66.0,66.0,66.0,66.0,0,0,1
FINNIFTY13FEB2421250CE.NFO,2024-01-12,13:02:00,2024-02-13,66.0,66.0,66.0,66.0,0,0,1
FINNIFTY13FEB2421250CE.NFO,2024-01-12,13:03:00,2024-02-13,66.0,66.0,66.0,66.0,0,0,1
FINNIFTY13FEB2421250CE.NFO,2024-01-12,13:04:00,2024-02-13,66.0,66.0,66.0,66.0,0,0,1
FINNIFTY13FEB2421250CE.NFO,2024-01-12,13:05:00,2024-02-13,66.0,66.0,66.0,66.0,0,0,1
FINNIFTY13FEB2421250CE.NFO,2024-01-12,13:06:00,2024-02-13,66.0,66.0,66.0,66.0,0,0,1
FINNIFTY13FEB2421250CE.NFO,2024-01-12,13:07:00,2024-02-13,66.0,66.0,66.0,66.0,0,0,1
FINNIFTY13FEB2421250CE.NFO,2024-01-12,13:08:00,2024-02-13,66.0,66.0,66.0,66.0,0,0,1
FINNIFTY13FEB2421250CE.NFO,2024-01-12,13:09:00,2024-02-13,66.0,66.0,66.0,66.0,0,0,1
FINNIFTY13FEB2421250CE.NFO,2024-01-12,13:10:00,2024-02-13,66.0,66.0,66.0,66.0,0,0,1
FINNIFTY13FEB2421250CE.NFO,2024-01-12,13:11:00,2024-02-13,66.0,66.0,66.0,66.0,0,0,1
FINNIFTY13FEB2421250CE.NFO,2024-01-12,13:12:00,2024-02-13,66.0,66.0,66.0,66.0,0,0,1
FINNIFTY13FEB2421250CE.NFO,2024-01-12,13:13:00,2024-02-13,66.0,66.0,66.0,66.0,0,0,1
FINNIFTY13FEB2421250CE.NFO,2024-01-12,13:14:00,2024-02-13,66.0,66.0,66.0,66.0,0,0,1
FINNIFTY13FEB2421250CE.NFO,2024-01-12,13:15:00,2024-02-13,66.0,66.0,66.0,66.0,0,0,1
FINNIFTY13FEB2421250CE.NFO,2024-01-12,13:16:00,2024-02-13,66.0,66.0,66.0,66.0,0,0,1
FINNIFTY13FEB2421250CE.NFO,2024-01-12,13:17:00,2024-02-13,66.0,66.0,66.0,66.0,0,0,1
FINNIFTY13FEB2421250CE.NFO,2024-01-12,13:18:00,2024-02-13,66.0,66.0,66.0,66.0,0,0,1
FINNIFTY13FEB2421250CE.NFO,2024-01-12,13:19:00,2024-02-13,66.0,66.0,66.0,66.0,0,0,1
FINNIFTY13FEB2421250CE.NFO,2024-01-12,13:20:00,2024-02-13,66.0,66.0,66.0,66.0,0,0,1
FINNIFTY13FEB2421250CE.NFO,2024-01-12,13:21:00,2024-02-13,66.0,66.0,66.0,66.0,0,0,1
FINNIFTY13FEB2421250CE.NFO,2024-01-12,13:22:00,2024-02-13,66.0,66.0,66.0,66.0,0,0,1
FINNIFTY13FEB2421250CE.NFO,2024-01-12,13:23:00,2024-02-13,66.0,66.0,66.0,66.0,0,0,1
FINNIFTY13FEB2421250CE.NFO,2024-01-12,13:24:00,2024-02-13,66.0,66.0,66.0,66.0,0,0,1
FINNIFTY13FEB2421250CE.NFO,2024-01-12,13:25:00,2024-02-13,66.0,66.0,66.0,66.0,0,0,1
FINNIFTY13FEB2421250CE.NFO,2024-01-12,13:26:00,2024-02-13,66.0,66.0,66.0,66.0,0,0,1
FINNIFTY13FEB2421250CE.NFO,2024-01-12,13:27:00,2024-02-13,66.0,66.0,66.0,66.0,0,0,1
FINNIFTY13FEB2421250CE.NFO,2024-01-12,13:28:00,2024-02-13,66.0,66.0,66.0,66.0,0,0,1
FINNIFTY13FEB2421250CE.NFO,2024-01-12,13:29:00,2024-02-13,66.0,66.0,66.0,66.0,0,0,1
FINNIFTY13FEB2421250CE.NFO,2024-01-12,13:30:00,2024-02-13,66.0,66.0,66.0,66.0,0,0,1
FINNIFTY13FEB2421250CE.NFO,2024-01-12,13:31:00,2024-02-13,66.0,66.0,66.0,66.0,0,0,1
FINNIFTY13FEB2421250CE.NFO,2024-01-12,13:32:00,2024-02-13,66.0,66.0,66.0,66.0,0,0,1
FINNIFTY13FEB2421250CE.NFO,2024-01-12,13:33:00,2024-02-13,66.0,66.0,66.0,66.0,0,0,1
FINNIFTY13FEB2421250CE.NFO,2024-01-12,13:34:00,2024-02-13,66.0,66.0,66.0,66.0,0,0,1
FINNIFTY13FEB2421250CE.NFO,2024-01-12,13:35:00,2024-02-13,66.0,66.0,66.0,66.0,0,0,1
FINNIFTY13FEB2421250CE.NFO,2024-01-12,13:36:00,2024-02-13,66.0,66.0,66.0,66.0,0,0,1
FINNIFTY13FEB2421250CE.NFO,2024-01-12,13:37:00,2024-02-13,66.0,66.0,66.0,66.0,0,0,1
FINNIFTY13FEB2421250CE.NFO,2024-01-12,13:38:00,2024-02-13,66.0,66.0,66.0,66.0,0,0,1
FINNIFTY13FEB2421250CE.NFO,2024-01-12,13:39:00,2024-02-13,66.0,66.0,66.0,66.0,0,0,1
FINNIFTY13FEB2421250CE.NFO,2024-01-12,13:40:00,2024-02-13,66.0,66.0,66.0,66.0,0,0,1
FINNIFTY13FEB2421250CE.NFO,2024-01-12,13:41:00,2024-02-13,66.0,66.0,66.0,66.0,0,0,1
FINNIFTY13FEB2421250CE.NFO,2024-01-12,13:42:00,2024-02-13,66.0,66.0,66.0,66.0,0,0,1
FINNIFTY13FEB2421250CE.NFO,2024-01-12,13:43:00,2024-02-13,66.0,66.0,66.0,66.0,0,0,1
FINNIFTY13FEB2421250CE.NFO,2024-01-12,13:44:00,2024-02-13,66.0,66.0,66.0,66.0,0,0,1
FINNIFTY13FEB2421250CE.NFO,2024-01-12,13:45:00,2024-02-13,66.0,66.0,66.0,66.0,0,0,1
FINNIFTY13FEB2421250CE.NFO,2024-01-12,13:46:00,2024-02-13,66.0,66.0,66.0,66.0,0,0,1
FINNIFTY13FEB2421250CE.NFO,2024-01-12,13:47:00,2024-02-13,66.0,66.0,66.0,66.0,0,0,1
FINNIFTY13FEB2421250CE.NFO,2024-01-12,13:48:00,2024-02-13,66.0,66.0,66.0,66.0,0,0,1
FINNIFTY13FEB2421250CE.NFO,2024-01-12,13:49:00,2024-02-13,66.0,66.0,66.0,66.0,0,0,1
FINNIFTY13FEB2421250CE.NFO,2024-01-12,13:50:00,2024-02-13,66.0,66.0,66.0,66.0,0,0,1
FINNIFTY13FEB2421250CE.NFO,2024-01-12,13:51:00,2024-02-13,66.0,66.0,66.0,66.0,0,0,1
FINNIFTY13FEB2421250CE.NFO,2024-01-12,13:52:00,2024-02-13,66.0,66.0,66.0,66.0,0,0,1
FINNIFTY13FEB2421250CE.NFO,2024-01-12,13:53:00,2024-02-13,66.0,66.0,66.0,66.0,0,0,1
FINNIFTY13FEB2421250CE.NFO,2024-01-12,13:54:00,2024-02-13,66.0,66.0,66.0,66.0,0,0,1
FINNIFTY13FEB2421250CE.NFO,2024-01-12,13:55:00,2024-02-13,66.0,66.0,66.0,66.0,0,0,1
FINNIFTY13FEB2421250CE.NFO,2024-01-12,13:56:00,2024-02-13,66.0,66.0,66.0,66.0,0,0,1
FINNIFTY13FEB2421250CE.NFO,2024-01-12,13:57:00,2024-02-13,66.0,66.0,66.0,66.0,0,0,1
FINNIFTY13FEB2421250CE.NFO,2024-01-12,13:58:00,2024-02-13,66.0,66.0,66.0,66.0,0,0,1
FINNIFTY13FEB2421250CE.NFO,2024-01-12,13:59:00,2024-02-13,66.0,66.0,66.0,66.0,0,0,1
FINNIFTY13FEB2421250CE.NFO,2024-01-12,14:00:00,2024-02-13,66.0,66.0,66.0,66.0,0,0,1
FINNIFTY13FEB2421250CE.NFO,2024-01-12,14:01:00,2024-02-13,66.0,66.0,66.0,66.0,0,0,1
FINNIFTY13FEB2421250CE.NFO,2024-01-12,14:02:00,2024-02-13,66.0,66.0,66.0,66.0,0,0,1
FINNIFTY13FEB2421250CE.NFO,2024-01-12,14:03:00,2024-02-13,66.0,66.0,66.0,66.0,0,0,1
FINNIFTY13FEB2421250CE.NFO,2024-01-12,14:04:00,2024-02-13,66.0,66.0,66.0,66.0,0,0,1
FINNIFTY13FEB2421250CE.NFO,2024-01-12,14:05:00,2024-02-13,66.0,66.0,66.0,66.0,0,0,1
FINNIFTY13FEB2421250CE.NFO,2024-01-12,14:06:00,2024-02-13,66.0,66.0,66.0,66.0,0,0,1
FINNIFTY13FEB2421250CE.NFO,2024-01-12,14:07:00,2024-02-13,66.0,66.0,66.0,66.0,0,0,1
FINNIFTY13FEB2421250CE.NFO,2024-01-12,14:08:00,2024-02-13,66.0,66.0,66.0,66.0,0,0,1
FINNIFTY13FEB2421250CE.NFO,2024-01-12,14:09:00,2024-02-13,66.0,66.0,66.0,66.0,0,0,1
FINNIFTY13FEB2421250CE.NFO,2024-01-12,14:10:00,2024-02-13,66.0,66.0,66.0,66.0,0,0,1
FINNIFTY13FEB2421250CE.NFO,2024-01-12,14:11:00,2024-02-13,66.0,66.0,66.0,66.0,0,0,1
FINNIFTY13FEB2421250CE.NFO,2024-01-12,14:12:00,2024-02-13,66.0,66.0,66.0,66.0,0,0,1
FINNIFTY13FEB2421250CE.NFO,2024-01-12,14:13:00,2024-02-13,66.0,66.0,66.0,66.0,0,0,1
FINNIFTY13FEB2421250CE.NFO,2024-01-12,14:14:00,2024-02-13,66.0,66.0,66.0,66.0,0,0,1
FINNIFTY13FEB2421250CE.NFO,2024-01-12,14:15:00,2024-02-13,66.0,66.0,66.0,66.0,0,0,1
FINNIFTY13FEB2421250CE.NFO,2024-01-12,14:16:00,2024-02-13,66.0,66.0,66.0,66.0,0,0,1
FINNIFTY13FEB2421250CE.NFO,2024-01-12,14:17:00,2024-02-13,66.0,66.0,66.0,66.0,0,0,1
FINNIFTY13FEB2421250CE.NFO,2024-01-12,14:18:00,2024-02-13,66.0,66.0,66.0,66.0,0,0,1
FINNIFTY13FEB2421250CE.NFO,2024-01-12,14:19:00,2024-02-13,66.0,66.0,66.0,66.0,0,0,1
FINNIFTY13FEB2421250CE.NFO,2024-01-12,14:20:00,2024-02-13,66.0,66.0,66.0,66.0,0,0,1
FINNIFTY13FEB2421250CE.NFO,2024-01-12,14:21:00,2024-02-13,66.0,66.0,66.0,66.0,0,0,1
FINNIFTY13FEB2421250CE.NFO,2024-01-12,14:22:00,2024-02-13,66.0,66.0,66.0,66.0,0,0,1
FINNIFTY13FEB2421250CE.NFO,2024-01-12,14:23:00,2024-02-13,66.0,66.0,66.0,66.0,0,0,1
FINNIFTY13FEB2421250CE.NFO,2024-01-12,14:24:00,2024-02-13,66.0,66.0,66.0,66.0,0,0,1
FINNIFTY13FEB2421250CE.NFO,2024-01-12,14:25:00,2024-02-13,66.0,66.0,66.0,66.0,0,0,1
FINNIFTY13FEB2421250CE.NFO,2024-01-12,14:26:00,2024-02-13,66.0,66.0,66.0,66.0,0,0,1
FINNIFTY13FEB2421250CE.NFO,2024-01-12,14:27:00,2024-02-13,66.0,66.0,66.0,66.0,0,0,1
FINNIFTY13FEB2421250CE.NFO,2024-01-12,14:28:00,2024-02-13,66.0,66.0,66.0,66.0,0,0,1
FINNIFTY13FEB2421250CE.NFO,2024-01-12,14:29:00,2024-02-13,66.0,66.0,66.0,66.0,0,0,1
FINNIFTY13FEB2421250CE.NFO,2024-01-12,14:30:00,2024-02-13,66.0,66.0,66.0,66.0,0,0,1
FINNIFTY13FEB2421250CE.NFO,2024-01-12,14:31:00,2024-02-13,66.0,66.0,66.0,66.0,0,0,1
FINNIFTY13FEB2421250CE.NFO,2024-01-12,14:32:00,2024-02-13,66.0,66.0,66.0,66.0,0,0,1
FINNIFTY13FEB2421250CE.NFO,2024-01-12,14:33:00,2024-02-13,66.0,66.0,66.0,66.0,0,0,1
FINNIFTY13FEB2421250CE.NFO,2024-01-12,14:34:00,2024-02-13,66.0,66.0,66.0,66.0,0,0,1
FINNIFTY13FEB2421250CE.NFO,2024-01-12,14:35:00,2024-02-13,66.0,66.0,66.0,66.0,0,0,1
FINNIFTY13FEB2421250CE.NFO,2024-01-12,14:36:00,2024-02-13,66.0,66.0,66.0,66.0,0,0,1
FINNIFTY13FEB2421250CE.NFO,2024-01-12,14:37:00,2024-02-13,66.0,66.0,66.0,66.0,0,0,1
FINNIFTY13FEB2421250CE.NFO,2024-01-12,14:38:00,2024-02-13,66.0,66.0,66.0,66.0,0,0,1
FINNIFTY13FEB2421250CE.NFO,2024-01-12,14:39:00,2024-02-13,66.0,66.0,66.0,66.0,0,0,1
FINNIFTY13FEB2421250CE.NFO,2024-01-12,14:40:00,2024-02-13,66.0,66.0,66.0,66.0,0,0,1
FINNIFTY13FEB2421250CE.NFO,2024-01-12,14:41:00,2024-02-13,66.0,66.0,66.0,66.0,0,0,1
FINNIFTY13FEB2421250CE.NFO,2024-01-12,14:42:00,2024-02-13,66.0,66.0,66.0,66.0,0,0,1
FINNIFTY13FEB2421250CE.NFO,2024-01-12,14:43:00,2024-02-13,66.0,66.0,66.0,66.0,0,0,1
FINNIFTY13FEB2421250CE.NFO,2024-01-12,14:44:00,2024-02-13,66.0,66.0,66.0,66.0,0,0,1
FINNIFTY13FEB2421250CE.NFO,2024-01-12,14:45:00,2024-02-13,66.0,66.0,66.0,66.0,0,0,1
FINNIFTY13FEB2421250CE.NFO,2024-01-12,14:46:00,2024-02-13,66.0,66.0,66.0,66.0,0,0,1
FINNIFTY13FEB2421250CE.NFO,2024-01-12,14:47:00,2024-02-13,66.0,66.0,66.0,66.0,0,0,1
FINNIFTY13FEB2421250CE.NFO,2024-01-12,14:48:00,2024-02-13,66.0,66.0,66.0,66.0,0,0,1
FINNIFTY13FEB2421250CE.NFO,2024-01-12,14:49:00,2024-02-13,66.0,66.0,66.0,66.0,0,0,1
FINNIFTY13FEB2421250CE.NFO,2024-01-12,14:50:00,2024-02-13,66.0,66.0,66.0,66.0,0,0,1
FINNIFTY13FEB2421250CE.NFO,2024-01-12,14:51:00,2024-02-13,66.0,66.0,66.0,66.0,0,0,1
FINNIFTY13FEB2421250CE.NFO,2024-01-12,14:52:00,2024-02-13,66.0,66.0,66.0,66.0,0,0,1
FINNIFTY13FEB2421250CE.NFO,2024-01-12,14:53:00,2024-02-13,66.0,66.0,66.0,66.0,0,0,1
FINNIFTY13FEB2421250CE.NFO,2024-01-12,14:54:00,2024-02-13,66.0,66.0,66.0,66.0,0,0,1
FINNIFTY13FEB2421250CE.NFO,2024-01-12,14:55:00,2024-02-13,66.0,66.0,66.0,66.0,0,0,1
FINNIFTY13FEB2421250CE.NFO,2024-01-12,14:56:00,2024-02-13,66.0,66.0,66.0,66.0,0,0,1
FINNIFTY13FEB2421250CE.NFO,2024-01-12,14:57:00,2024-02-13,66.0,66.0,66.0,66.0,0,0,1
FINNIFTY13FEB2421250CE.NFO,2024-01-12,14:58:00,2024-02-13,66.0,66.0,66.0,66.0,0,0,1
FINNIFTY13FEB2421250CE.NFO,2024-01-12,14:59:00,2024-02-13,66.0,66.0,66.0,66.0,0,0,1
FINNIFTY13FEB2421250CE.NFO,2024-01-12,15:00:00,2024-02-13,66.0,66.0,66.0,66.0,0,0,1
FINNIFTY13FEB2421250CE.NFO,2024-01-12,15:01:00,2024-02-13,66.0,66.0,66.0,66.0,0,0,1
FINNIFTY13FEB2421250CE.NFO,2024-01-12,15:02:00,2024-02-13,66.0,66.0,66.0,66.0,0,0,1
FINNIFTY13FEB2421250CE.NFO,2024-01-12,15:03:00,2024-02-13,66.0,66.0,66.0,66.0,0,0,1
FINNIFTY13FEB2421250CE.NFO,2024-01-12,15:04:00,2024-02-13,66.0,66.0,66.0,66.0,0,0,1
FINNIFTY13FEB2421250CE.NFO,2024-01-12,15:05:00,2024-02-13,66.0,66.0,66.0,66.0,0,0,1
FINNIFTY13FEB2421250CE.NFO,2024-01-12,15:06:00,2024-02-13,66.0,66.0,66.0,66.0,0,0,1
FINNIFTY13FEB2421250CE.NFO,2024-01-12,15:07:00,2024-02-13,66.0,66.0,66.0,66.0,0,0,1
FINNIFTY13FEB2421250CE.NFO,2024-01-12,15:08:00,2024-02-13,66.0,66.0,66.0,66.0,0,0,1
FINNIFTY13FEB2421250CE.NFO,2024-01-12,15:09:00,2024-02-13,66.0,66.0,66.0,66.0,0,0,1
FINNIFTY13FEB2421250CE.NFO,2024-01-12,15:10:00,2024-02-13,66.0,66.0,66.0,66.0,0,0,1
FINNIFTY13FEB2421250CE.NFO,2024-01-12,15:11:00,2024-02-13,66.0,66.0,66.0,66.0,0,0,1
FINNIFTY13FEB2421250CE.NFO,2024-01-12,15:12:00,2024-02-13,66.0,66.0,66.0,66.0,0,0,1
FINNIFTY13FEB2421250CE.NFO,2024-01-12,15:13:00,2024-02-13,66.0,66.0,66.0,66.0,0,0,1
FINNIFTY13FEB2421250CE.NFO,2024-01-12,15:14:00,2024-02-13,66.0,66.0,66.0,66.0,0,0,1
FINNIFTY13FEB2421250CE.NFO,2024-01-12,15:15:00,2024-02-13,66.0,66.0,66.0,66.0,0,0,1
FINNIFTY13FEB2421250CE.NFO,2024-01-12,15:16:00,2024-02-13,66.0,66.0,66.0,66.0,0,0,1
FINNIFTY13FEB2421250CE.NFO,2024-01-12,15:17:00,2024-02-13,66.0,66.0,66.0,66.0,0,0,1
FINNIFTY13FEB2421250CE.NFO,2024-01-12,15:18:00,2024-02-13,66.0,66.0,66.0,66.0,0,0,1
FINNIFTY13FEB2421250CE.NFO,2024-01-12,15:19:00,2024-02-13,66.0,66.0,66.0,66.0,0,0,1
FINNIFTY13FEB2421250CE.NFO,2024-01-12,15:20:00,2024-02-13,66.0,66.0,66.0,66.0,0,0,1
FINNIFTY13FEB2421250CE.NFO,2024-01-12,15:21:00,2024-02-13,66.0,66.0,66.0,66.0,0,0,1
FINNIFTY13FEB2421250CE.NFO,2024-01-12,15:22:00,2024-02-13,66.0,66.0,66.0,66.0,0,0,1
FINNIFTY13FEB2421250CE.NFO,2024-01-12,15:23:00,2024-02-13,66.0,66.0,66.0,66.0,0,0,1
FINNIFTY13FEB2421250CE.NFO,2024-01-12,15:24:00,2024-02-13,66.0,66.0,66.0,66.0,0,0,1
FINNIFTY13FEB2421250CE.NFO,2024-01-12,15:25:00,2024-02-13,66.0,66.0,66.0,66.0,0,0,1
FINNIFTY13FEB2421250CE.NFO,2024-01-12,15:26:00,2024-02-13,66.0,66.0,66.0,66.0,0,0,1
FINNIFTY13FEB2421250CE.NFO,2024-01-12,15:27:00,2024-02-13,66.0,66.0,66.0,66.0,0,0,1
FINNIFTY13FEB2421250CE.NFO,2024-01-12,15:28:00,2024-02-13,66.0,66.0,66.0,66.0,0,0,1
FINNIFTY13FEB2421250CE.NFO,2024-01-12,15:29:00,2024-02-13,66.0,66.0,66.0,66.0,0,0,1
FINNIFTY13FEB2421250CE.NFO,2024-01-12,15:30:00,2024-02-13,66.0,66.0,66.0,66.0,0,0,1
FINNIFTY13FEB2421250CE.NFO,2024-01-15,09:15:00,2024-02-13,66.0,66.0,66.0,66.0,0,0,0
FINNIFTY13FEB2421250CE.NFO,2024-01-15,09:16:00,2024-02-13,66.0,66.0,66.0,66.0,0,0,1
FINNIFTY13FEB2421250CE.NFO,2024-01-15,09:17:00,2024-02-13,66.0,66.0,66.0,66.0,0,0,1
FINNIFTY13FEB2421250CE.NFO,2024-01-15,09:18:00,2024-02-13,66.0,66.0,66.0,66.0,0,0,1
FINNIFTY13FEB2421250CE.NFO,2024-01-15,09:19:00,2024-02-13,66.0,66.0,66.0,66.0,0,0,1
FINNIFTY13FEB2421250CE.NFO,2024-01-15,09:20:00,2024-02-13,66.0,66.0,66.0,66.0,0,0,1
FINNIFTY13FEB2421250CE.NFO,2024-01-15,09:21:00,2024-02-13,66.0,66.0,66.0,66.0,0,0,1
FINNIFTY13FEB2421250CE.NFO,2024-01-15,09:22:00,2024-02-13,66.0,66.0,66.0,66.0,0,0,1
FINNIFTY13FEB2421250CE.NFO,2024-01-15,09:23:00,2024-02-13,66.0,66.0,66.0,66.0,0,0,1
FINNIFTY13FEB2421250CE.NFO,2024-01-15,09:24:00,2024-02-13,66.0,66.0,66.0,66.0,0,0,1
FINNIFTY13FEB2421250CE.NFO,2024-01-15,09:25:00,2024-02-13,66.0,66.0,66.0,66.0,0,0,1
FINNIFTY13FEB2421250CE.NFO,2024-01-15,09:26:00,2024-02-13,66.0,66.0,66.0,66.0,0,0,1
FINNIFTY13FEB2421250CE.NFO,2024-01-15,09:27:00,2024-02-13,66.0,66.0,66.0,66.0,0,0,1
FINNIFTY13FEB2421250CE.NFO,2024-01-15,09:28:00,2024-02-13,66.0,66.0,66.0,66.0,0,0,1
FINNIFTY13FEB2421250CE.NFO,2024-01-15,09:29:00,2024-02-13,66.0,66.0,66.0,66.0,0,0,1
FINNIFTY13FEB2421250CE.NFO,2024-01-15,09:30:00,2024-02-13,66.0,66.0,66.0,66.0,0,0,1
FINNIFTY13FEB2421250CE.NFO,2024-01-15,09:31:00,2024-02-13,66.0,66.0,66.0,66.0,0,0,1
FINNIFTY13FEB2421250CE.NFO,2024-01-15,09:32:00,2024-02-13,66.0,66.0,66.0,66.0,0,0,1
FINNIFTY13FEB2421250CE.NFO,2024-01-15,09:33:00,2024-02-13,66.0,66.0,66.0,66.0,0,0,1
FINNIFTY13FEB2421250CE.NFO,2024-01-15,09:34:00,2024-02-13,66.0,66.0,66.0,66.0,0,0,1
FINNIFTY13FEB2421250CE.NFO,2024-01-15,09:35:00,2024-02-13,66.0,66.0,66.0,66.0,0,0,1
FINNIFTY13FEB2421250CE.NFO,2024-01-15,09:36:00,2024-02-13,66.0,66.0,66.0,66.0,0,0,1
FINNIFTY13FEB2421250CE.NFO,2024-01-15,09:37:00,2024-02-13,66.0,66.0,66.0,66.0,0,0,1
FINNIFTY13FEB2421250CE.NFO,2024-01-15,09:38:00,2024-02-13,66.0,66.0,66.0,66.0,0,0,1
FINNIFTY13FEB2421250CE.NFO,2024-01-15,09:39:00,2024-02-13,66.0,66.0,66.0,66.0,0,0,1
FINNIFTY13FEB2421250CE.NFO,2024-01-15,09:40:00,2024-02-13,66.0,66.0,66.0,66.0,0,0,1
FINNIFTY13FEB2421250CE.NFO,2024-01-15,09:41:00,2024-02-13,66.0,66.0,66.0,66.0,0,0,1
FINNIFTY13FEB2421250CE.NFO,2024-01-15,09:42:00,2024-02-13,66.0,66.0,66.0,66.0,0,0,1
FINNIFTY13FEB2421250CE.NFO,2024-01-15,09:43:00,2024-02-13,66.0,66.0,66.0,66.0,0,0,1
FINNIFTY13FEB2421250CE.NFO,2024-01-15,09:44:00,2024-02-13,66.0,66.0,66.0,66.0,0,0,1
FINNIFTY13FEB2421250CE.NFO,2024-01-15,09:45:00,2024-02-13,66.0,66.0,66.0,66.0,0,0,1
FINNIFTY13FEB2421250CE.NFO,2024-01-15,09:46:00,2024-02-13,66.0,66.0,66.0,66.0,0,0,1
FINNIFTY13FEB2421250CE.NFO,2024-01-15,09:47:00,2024-02-13,66.0,66.0,66.0,66.0,0,0,1
FINNIFTY13FEB2421250CE.NFO,2024-01-15,09:48:00,2024-02-13,66.0,66.0,66.0,66.0,0,0,1
FINNIFTY13FEB2421250CE.NFO,2024-01-15,09:49:00,2024-02-13,66.0,66.0,66.0,66.0,0,0,1
FINNIFTY13FEB2421250CE.NFO,2024-01-15,09:50:00,2024-02-13,66.0,66.0,66.0,66.0,0,0,1
FINNIFTY13FEB2421250CE.NFO,2024-01-15,09:51:00,2024-02-13,66.0,66.0,66.0,66.0,0,0,1
FINNIFTY13FEB2421250CE.NFO,2024-01-15,09:52:00,2024-02-13,66.0,66.0,66.0,66.0,0,0,1
FINNIFTY13FEB2421250CE.NFO,2024-01-15,09:53:00,2024-02-13,66.0,66.0,66.0,66.0,0,0,1
FINNIFTY13FEB2421250CE.NFO,2024-01-15,09:54:00,2024-02-13,66.0,66.0,66.0,66.0,0,0,1
FINNIFTY13FEB2421250CE.NFO,2024-01-15,09:55:00,2024-02-13,66.0,66.0,66.0,66.0,0,0,1
FINNIFTY13FEB2421250CE.NFO,2024-01-15,09:56:00,2024-02-13,66.0,66.0,66.0,66.0,0,0,1
FINNIFTY13FEB2421250CE.NFO,2024-01-15,09:57:00,2024-02-13,66.0,66.0,66.0,66.0,0,0,1
FINNIFTY13FEB2421250CE.NFO,2024-01-15,09:58:00,2024-02-13,66.0,66.0,66.0,66.0,0,0,1
FINNIFTY13FEB2421250CE.NFO,2024-01-15,09:59:00,2024-02-13,66.0,66.0,66.0,66.0,0,0,1
FINNIFTY13FEB2421250CE.NFO,2024-01-15,10:00:00,2024-02-13,66.0,66.0,66.0,66.0,0,0,1
FINNIFTY13FEB2421250CE.NFO,2024-01-15,10:01:00,2024-02-13,66.0,66.0,66.0,66.0,0,0,1
FINNIFTY13FEB2421250CE.NFO,2024-01-15,10:02:00,2024-02-13,66.0,66.0,66.0,66.0,0,0,1
FINNIFTY13FEB2421250CE.NFO,2024-01-15,10:03:00,2024-02-13,66.0,66.0,66.0,66.0,0,0,1
FINNIFTY13FEB2421250CE.NFO,2024-01-15,10:04:00,2024-02-13,66.0,66.0,66.0,66.0,0,0,1
FINNIFTY13FEB2421250CE.NFO,2024-01-15,10:05:00,2024-02-13,66.0,66.0,66.0,66.0,0,0,1
FINNIFTY13FEB2421250CE.NFO,2024-01-15,10:06:00,2024-02-13,66.0,66.0,66.0,66.0,0,0,1
FINNIFTY13FEB2421250CE.NFO,2024-01-15,10:07:00,2024-02-13,66.0,66.0,66.0,66.0,0,0,1
FINNIFTY13FEB2421250CE.NFO,2024-01-15,10:08:00,2024-02-13,66.0,66.0,66.0,66.0,0,0,1
FINNIFTY13FEB2421250CE.NFO,2024-01-15,10:09:00,2024-02-13,66.0,66.0,66.0,66.0,0,0,1
FINNIFTY13FEB2421250CE.NFO,2024-01-15,10:10:00,2024-02-13,66.0,66.0,66.0,66.0,0,0,1
FINNIFTY13FEB2421250CE.NFO,2024-01-15,10:11:00,2024-02-13,66.0,66.0,66.0,66.0,0,0,1
FINNIFTY13FEB2421250CE.NFO,2024-01-15,10:12:00,2024-02-13,66.0,66.0,66.0,66.0,0,0,1
FINNIFTY13FEB2421250CE.NFO,2024-01-15,10:13:00,2024-02-13,66.0,66.0,66.0,66.0,0,0,1
FINNIFTY13FEB2421250CE.NFO,2024-01-15,10:14:00,2024-02-13,66.0,66.0,66.0,66.0,0,0,1
FINNIFTY13FEB2421250CE.NFO,2024-01-15,10:15:00,2024-02-13,66.0,66.0,66.0,66.0,0,0,1
FINNIFTY13FEB2421250CE.NFO,2024-01-15,10:16:00,2024-02-13,66.0,66.0,66.0,66.0,0,0,1
FINNIFTY13FEB2421250CE.NFO,2024-01-15,10:17:00,2024-02-13,66.0,66.0,66.0,66.0,0,0,1
FINNIFTY13FEB2421250CE.NFO,2024-01-15,10:18:00,2024-02-13,66.0,66.0,66.0,66.0,0,0,1
FINNIFTY13FEB2421250CE.NFO,2024-01-15,10:19:00,2024-02-13,66.0,66.0,66.0,66.0,0,0,1
FINNIFTY13FEB2421250CE.NFO,2024-01-15,10:20:00,2024-02-13,66.0,66.0,66.0,66.0,0,0,1
FINNIFTY13FEB2421250CE.NFO,2024-01-15,10:21:00,2024-02-13,66.0,66.0,66.0,66.0,0,0,1
FINNIFTY13FEB2421250CE.NFO,2024-01-15,10:22:00,2024-02-13,66.0,66.0,66.0,66.0,0,0,1
FINNIFTY13FEB2421250CE.NFO,2024-01-15,10:23:00,2024-02-13,66.0,66.0,66.0,66.0,0,0,1
FINNIFTY13FEB2421250CE.NFO,2024-01-15,10:24:00,2024-02-13,66.0,66.0,66.0,66.0,0,0,1
FINNIFTY13FEB2421250CE.NFO,2024-01-15,10:25:00,2024-02-13,66.0,66.0,66.0,66.0,0,0,1
FINNIFTY13FEB2421250CE.NFO,2024-01-15,10:26:00,2024-02-13,66.0,66.0,66.0,66.0,0,0,1
FINNIFTY13FEB2421250CE.NFO,2024-01-15,10:27:00,2024-02-13,66.0,66.0,66.0,66.0,0,0,1
FINNIFTY13FEB2421250CE.NFO,2024-01-15,10:28:00,2024-02-13,66.0,66.0,66.0,66.0,0,0,1
FINNIFTY13FEB2421250CE.NFO,2024-01-15,10:29:00,2024-02-13,66.0,66.0,66.0,66.0,0,0,1
FINNIFTY13FEB2421250CE.NFO,2024-01-15,10:30:00,2024-02-13,66.0,66.0,66.0,66.0,0,0,1
FINNIFTY13FEB2421250CE.NFO,2024-01-15,10:31:00,2024-02-13,66.0,66.0,66.0,66.0,0,0,1
FINNIFTY13FEB2421250CE.NFO,2024-01-15,10:32:00,2024-02-13,66.0,66.0,66.0,66.0,0,0,1
FINNIFTY13FEB2421250CE.NFO,2024-01-15,10:33:00,2024-02-13,66.0,66.0,66.0,66.0,0,0,1
FINNIFTY13FEB2421250CE.NFO,2024-01-15,10:34:00,2024-02-13,66.0,66.0,66.0,66.0,0,0,1
FINNIFTY13FEB2421250CE.NFO,2024-01-15,10:35:00,2024-02-13,66.0,66.0,66.0,66.0,0,0,1
FINNIFTY13FEB2421250CE.NFO,2024-01-15,10:36:00,2024-02-13,66.0,66.0,66.0,66.0,0,0,1
FINNIFTY13FEB2421250CE.NFO,2024-01-15,10:37:00,2024-02-13,66.0,66.0,66.0,66.0,0,0,1
FINNIFTY13FEB2421250CE.NFO,2024-01-15,10:38:00,2024-02-13,66.0,66.0,66.0,66.0,0,0,1
FINNIFTY13FEB2421250CE.NFO,2024-01-15,10:39:00,2024-02-13,66.0,66.0,66.0,66.0,0,0,1
FINNIFTY13FEB2421250CE.NFO,2024-01-15,10:40:00,2024-02-13,66.0,66.0,66.0,66.0,0,0,1
FINNIFTY13FEB2421250CE.NFO,2024-01-15,10:41:00,2024-02-13,66.0,66.0,66.0,66.0,0,0,1
FINNIFTY13FEB2421250CE.NFO,2024-01-15,10:42:00,2024-02-13,66.0,66.0,66.0,66.0,0,0,1
FINNIFTY13FEB2421250CE.NFO,2024-01-15,10:43:00,2024-02-13,66.0,66.0,66.0,66.0,0,0,1
FINNIFTY13FEB2421250CE.NFO,2024-01-15,10:44:00,2024-02-13,66.0,66.0,66.0,66.0,0,0,1
FINNIFTY13FEB2421250CE.NFO,2024-01-15,10:45:00,2024-02-13,66.0,66.0,66.0,66.0,0,0,1
FINNIFTY13FEB2421250CE.NFO,2024-01-15,10:46:00,2024-02-13,66.0,66.0,66.0,66.0,0,0,1
FINNIFTY13FEB2421250CE.NFO,2024-01-15,10:47:00,2024-02-13,66.0,66.0,66.0,66.0,0,0,1
FINNIFTY13FEB2421250CE.NFO,2024-01-15,10:48:00,2024-02-13,66.0,66.0,66.0,66.0,0,0,1
FINNIFTY13FEB2421250CE.NFO,2024-01-15,10:49:00,2024-02-13,66.0,66.0,66.0,66.0,0,0,1
FINNIFTY13FEB2421250CE.NFO,2024-01-15,10:50:00,2024-02-13,66.0,66.0,66.0,66.0,0,0,1
FINNIFTY13FEB2421250CE.NFO,2024-01-15,10:51:00,2024-02-13,66.0,66.0,66.0,66.0,0,0,1
FINNIFTY13FEB2421250CE.NFO,2024-01-15,10:52:00,2024-02-13,66.0,66.0,66.0,66.0,0,0,1
FINNIFTY13FEB2421250CE.NFO,2024-01-15,10:53:00,2024-02-13,66.0,66.0,66.0,66.0,0,0,1
FINNIFTY13FEB2421250CE.NFO,2024-01-15,10:54:00,2024-02-13,66.0,66.0,66.0,66.0,0,0,1
FINNIFTY13FEB2421250CE.NFO,2024-01-15,10:55:00,2024-02-13,66.0,66.0,66.0,66.0,0,0,1
FINNIFTY13FEB2421250CE.NFO,2024-01-15,10:56:00,2024-02-13,66.0,66.0,66.0,66.0,0,0,1
FINNIFTY13FEB2421250CE.NFO,2024-01-15,10:57:00,2024-02-13,66.0,66.0,66.0,66.0,0,0,1
FINNIFTY13FEB2421250CE.NFO,2024-01-15,10:58:00,2024-02-13,66.0,66.0,66.0,66.0,0,0,1
FINNIFTY13FEB2421250CE.NFO,2024-01-15,10:59:00,2024-02-13,66.0,66.0,66.0,66.0,0,0,1
FINNIFTY13FEB2421250CE.NFO,2024-01-15,11:00:00,2024-02-13,66.0,66.0,66.0,66.0,0,0,1
FINNIFTY13FEB2421250CE.NFO,2024-01-15,11:01:00,2024-02-13,66.0,66.0,66.0,66.0,0,0,1
FINNIFTY13FEB2421250CE.NFO,2024-01-15,11:02:00,2024-02-13,66.0,66.0,66.0,66.0,0,0,1
FINNIFTY13FEB2421250CE.NFO,2024-01-15,11:03:00,2024-02-13,66.0,66.0,66.0,66.0,0,0,1
FINNIFTY13FEB2421250CE.NFO,2024-01-15,11:04:00,2024-02-13,66.0,66.0,66.0,66.0,0,0,1
FINNIFTY13FEB2421250CE.NFO,2024-01-15,11:05:00,2024-02-13,66.0,66.0,66.0,66.0,0,0,1
FINNIFTY13FEB2421250CE.NFO,2024-01-15,11:06:00,2024-02-13,66.0,66.0,66.0,66.0,0,0,1
FINNIFTY13FEB2421250CE.NFO,2024-01-15,11:07:00,2024-02-13,66.0,66.0,66.0,66.0,0,0,1
FINNIFTY13FEB2421250CE.NFO,2024-01-15,11:08:00,2024-02-13,66.0,66.0,66.0,66.0,0,0,1
FINNIFTY13FEB2421250CE.NFO,2024-01-15,11:09:00,2024-02-13,66.0,66.0,66.0,66.0,0,0,1
FINNIFTY13FEB2421250CE.NFO,2024-01-15,11:10:00,2024-02-13,66.0,66.0,66.0,66.0,0,0,1
FINNIFTY13FEB2421250CE.NFO,2024-01-15,11:11:00,2024-02-13,66.0,66.0,66.0,66.0,0,0,1
FINNIFTY13FEB2421250CE.NFO,2024-01-15,11:12:00,2024-02-13,66.0,66.0,66.0,66.0,0,0,1
FINNIFTY13FEB2421250CE.NFO,2024-01-15,11:13:00,2024-02-13,66.0,66.0,66.0,66.0,0,0,1
FINNIFTY13FEB2421250CE.NFO,2024-01-15,11:14:00,2024-02-13,66.0,66.0,66.0,66.0,0,0,1
FINNIFTY13FEB2421250CE.NFO,2024-01-15,11:15:00,2024-02-13,66.0,66.0,66.0,66.0,0,0,1
FINNIFTY13FEB2421250CE.NFO,2024-01-15,11:16:00,2024-02-13,66.0,66.0,66.0,66.0,0,0,1
FINNIFTY13FEB2421250CE.NFO,2024-01-15,11:17:00,2024-02-13,66.0,66.0,66.0,66.0,0,0,1
FINNIFTY13FEB2421250CE.NFO,2024-01-15,11:18:00,2024-02-13,66.0,66.0,66.0,66.0,0,0,1
FINNIFTY13FEB2421250CE.NFO,2024-01-15,11:19:00,2024-02-13,66.0,66.0,66.0,66.0,0,0,1
FINNIFTY13FEB2421250CE.NFO,2024-01-15,11:20:00,2024-02-13,66.0,66.0,66.0,66.0,0,0,1
FINNIFTY13FEB2421250CE.NFO,2024-01-15,11:21:00,2024-02-13,66.0,66.0,66.0,66.0,0,0,1
FINNIFTY13FEB2421250CE.NFO,2024-01-15,11:22:00,2024-02-13,66.0,66.0,66.0,66.0,0,0,1
FINNIFTY13FEB2421250CE.NFO,2024-01-15,11:23:00,2024-02-13,66.0,66.0,66.0,66.0,0,0,1
FINNIFTY13FEB2421250CE.NFO,2024-01-15,11:24:00,2024-02-13,66.0,66.0,66.0,66.0,0,0,1
FINNIFTY13FEB2421250CE.NFO,2024-01-15,11:25:00,2024-02-13,66.0,66.0,66.0,66.0,0,0,1
FINNIFTY13FEB2421250CE.NFO,2024-01-15,11:26:00,2024-02-13,66.0,66.0,66.0,66.0,0,0,1
FINNIFTY13FEB2421250CE.NFO,2024-01-15,11:27:00,2024-02-13,66.0,66.0,66.0,66.0,0,0,1
FINNIFTY13FEB2421250CE.NFO,2024-01-15,11:28:00,2024-02-13,66.0,66.0,66.0,66.0,0,0,1
FINNIFTY13FEB2421250CE.NFO,2024-01-15,11:29:00,2024-02-13,66.0,66.0,66.0,66.0,0,0,1
FINNIFTY13FEB2421250CE.NFO,2024-01-15,11:30:00,2024-02-13,66.0,66.0,66.0,66.0,0,0,1
FINNIFTY13FEB2421250CE.NFO,2024-01-15,11:31:00,2024-02-13,66.0,66.0,66.0,66.0,0,0,1
FINNIFTY13FEB2421250CE.NFO,2024-01-15,11:32:00,2024-02-13,66.0,66.0,66.0,66.0,0,0,1
FINNIFTY13FEB2421250CE.NFO,2024-01-15,11:33:00,2024-02-13,66.0,66.0,66.0,66.0,0,0,1
FINNIFTY13FEB2421250CE.NFO,2024-01-15,11:34:00,2024-02-13,66.0,66.0,66.0,66.0,0,0,1
FINNIFTY13FEB2421250CE.NFO,2024-01-15,11:35:00,2024-02-13,66.0,66.0,66.0,66.0,0,0,1
FINNIFTY13FEB2421250CE.NFO,2024-01-15,11:36:00,2024-02-13,66.0,66.0,66.0,66.0,0,0,1
FINNIFTY13FEB2421250CE.NFO,2024-01-15,11:37:00,2024-02-13,66.0,66.0,66.0,66.0,0,0,1
FINNIFTY13FEB2421250CE.NFO,2024-01-15,11:38:00,2024-02-13,66.0,66.0,66.0,66.0,0,0,1
FINNIFTY13FEB2421250CE.NFO,2024-01-15,11:39:00,2024-02-13,66.0,66.0,66.0,66.0,0,0,1
FINNIFTY13FEB2421250CE.NFO,2024-01-15,11:40:00,2024-02-13,66.0,66.0,66.0,66.0,0,0,1
FINNIFTY13FEB2421250CE.NFO,2024-01-15,11:41:00,2024-02-13,66.0,66.0,66.0,66.0,0,0,1
FINNIFTY13FEB2421250CE.NFO,2024-01-15,11:42:00,2024-02-13,66.0,66.0,66.0,66.0,0,0,1
FINNIFTY13FEB2421250CE.NFO,2024-01-15,11:43:00,2024-02-13,66.0,66.0,66.0,66.0,0,0,1
FINNIFTY13FEB2421250CE.NFO,2024-01-15,11:44:00,2024-02-13,66.0,66.0,66.0,66.0,0,0,1
FINNIFTY13FEB2421250CE.NFO,2024-01-15,11:45:00,2024-02-13,66.0,66.0,66.0,66.0,0,0,1
FINNIFTY13FEB2421250CE.NFO,2024-01-15,11:46:00,2024-02-13,66.0,66.0,66.0,66.0,0,0,1
FINNIFTY13FEB2421250CE.NFO,2024-01-15,11:47:00,2024-02-13,66.0,66.0,66.0,66.0,0,0,1
FINNIFTY13FEB2421250CE.NFO,2024-01-15,11:48:00,2024-02-13,66.0,66.0,66.0,66.0,0,0,1
FINNIFTY13FEB2421250CE.NFO,2024-01-15,11:49:00,2024-02-13,66.0,66.0,66.0,66.0,0,0,1
FINNIFTY13FEB2421250CE.NFO,2024-01-15,11:50:00,2024-02-13,66.0,66.0,66.0,66.0,0,0,1
FINNIFTY13FEB2421250CE.NFO,2024-01-15,11:51:00,2024-02-13,66.0,66.0,66.0,66.0,0,0,1
FINNIFTY13FEB2421250CE.NFO,2024-01-15,11:52:00,2024-02-13,66.0,66.0,66.0,66.0,0,0,1
FINNIFTY13FEB2421250CE.NFO,2024-01-15,11:53:00,2024-02-13,66.0,66.0,66.0,66.0,0,0,1
FINNIFTY13FEB2421250CE.NFO,2024-01-15,11:54:00,2024-02-13,66.0,66.0,66.0,66.0,0,0,1
FINNIFTY13FEB2421250CE.NFO,2024-01-15,11:55:00,2024-02-13,66.0,66.0,66.0,66.0,0,0,1
FINNIFTY13FEB2421250CE.NFO,2024-01-15,11:56:00,2024-02-13,66.0,66.0,66.0,66.0,0,0,1
FINNIFTY13FEB2421250CE.NFO,2024-01-15,11:57:00,2024-02-13,66.0,66.0,66.0,66.0,0,0,1
FINNIFTY13FEB2421250CE.NFO,2024-01-15,11:58:00,2024-02-13,66.0,66.0,66.0,66.0,0,0,1
FINNIFTY13FEB2421250CE.NFO,2024-01-15,11:59:00,2024-02-13,66.0,66.0,66.0,66.0,0,0,1
FINNIFTY13FEB2421250CE.NFO,2024-01-15,12:00:00,2024-02-13,66.0,66.0,66.0,66.0,0,0,1
FINNIFTY13FEB2421250CE.NFO,2024-01-15,12:01:00,2024-02-13,66.0,66.0,66.0,66.0,0,0,1
FINNIFTY13FEB2421250CE.NFO,2024-01-15,12:02:00,2024-02-13,66.0,66.0,66.0,66.0,0,0,1
FINNIFTY13FEB2421250CE.NFO,2024-01-15,12:03:00,2024-02-13,66.0,66.0,66.0,66.0,0,0,1
FINNIFTY13FEB2421250CE.NFO,2024-01-15,12:04:00,2024-02-13,66.0,66.0,66.0,66.0,0,0,1
FINNIFTY13FEB2421250CE.NFO,2024-01-15,12:05:00,2024-02-13,66.0,66.0,66.0,66.0,0,0,1
FINNIFTY13FEB2421250CE.NFO,2024-01-15,12:06:00,2024-02-13,66.0,66.0,66.0,66.0,0,0,1
FINNIFTY13FEB2421250CE.NFO,2024-01-15,12:07:00,2024-02-13,66.0,66.0,66.0,66.0,0,0,1
FINNIFTY13FEB2421250CE.NFO,2024-01-15,12:08:00,2024-02-13,66.0,66.0,66.0,66.0,0,0,1
FINNIFTY13FEB2421250CE.NFO,2024-01-15,12:09:00,2024-02-13,66.0,66.0,66.0,66.0,0,0,1
FINNIFTY13FEB2421250CE.NFO,2024-01-15,12:10:00,2024-02-13,66.0,66.0,66.0,66.0,0,0,1
FINNIFTY13FEB2421250CE.NFO,2024-01-15,12:11:00,2024-02-13,66.0,66.0,66.0,66.0,0,0,1
FINNIFTY13FEB2421250CE.NFO,2024-01-15,12:12:00,2024-02-13,66.0,66.0,66.0,66.0,0,0,1
FINNIFTY13FEB2421250CE.NFO,2024-01-15,12:13:00,2024-02-13,66.0,66.0,66.0,66.0,0,0,1
FINNIFTY13FEB2421250CE.NFO,2024-01-15,12:14:00,2024-02-13,66.0,66.0,66.0,66.0,0,0,1
FINNIFTY13FEB2421250CE.NFO,2024-01-15,12:15:00,2024-02-13,66.0,66.0,66.0,66.0,0,0,1
FINNIFTY13FEB2421250CE.NFO,2024-01-15,12:16:00,2024-02-13,66.0,66.0,66.0,66.0,0,0,1
FINNIFTY13FEB2421250CE.NFO,2024-01-15,12:17:00,2024-02-13,66.0,66.0,66.0,66.0,0,0,1
FINNIFTY13FEB2421250CE.NFO,2024-01-15,12:18:00,2024-02-13,66.0,66.0,66.0,66.0,0,0,1
FINNIFTY13FEB2421250CE.NFO,2024-01-15,12:19:00,2024-02-13,66.0,66.0,66.0,66.0,0,0,1
FINNIFTY13FEB2421250CE.NFO,2024-01-15,12:20:00,2024-02-13,66.0,66.0,66.0,66.0,0,0,1
FINNIFTY13FEB2421250CE.NFO,2024-01-15,12:21:00,2024-02-13,66.0,66.0,66.0,66.0,0,0,1
FINNIFTY13FEB2421250CE.NFO,2024-01-15,12:22:00,2024-02-13,66.0,66.0,66.0,66.0,0,0,1
FINNIFTY13FEB2421250CE.NFO,2024-01-15,12:23:00,2024-02-13,66.0,66.0,66.0,66.0,0,0,1
FINNIFTY13FEB2421250CE.NFO,2024-01-15,12:24:00,2024-02-13,66.0,66.0,66.0,66.0,0,0,1
FINNIFTY13FEB2421250CE.NFO,2024-01-15,12:25:00,2024-02-13,66.0,66.0,66.0,66.0,0,0,1
FINNIFTY13FEB2421250CE.NFO,2024-01-15,12:26:00,2024-02-13,66.0,66.0,66.0,66.0,0,0,1
FINNIFTY13FEB2421250CE.NFO,2024-01-15,12:27:00,2024-02-13,66.0,66.0,66.0,66.0,0,0,1
FINNIFTY13FEB2421250CE.NFO,2024-01-15,12:28:00,2024-02-13,66.0,66.0,66.0,66.0,0,0,1
FINNIFTY13FEB2421250CE.NFO,2024-01-15,12:29:00,2024-02-13,66.0,66.0,66.0,66.0,0,0,1
FINNIFTY13FEB2421250CE.NFO,2024-01-15,12:30:00,2024-02-13,66.0,66.0,66.0,66.0,0,0,1
FINNIFTY13FEB2421250CE.NFO,2024-01-15,12:31:00,2024-02-13,66.0,66.0,66.0,66.0,0,0,1
FINNIFTY13FEB2421250CE.NFO,2024-01-15,12:32:00,2024-02-13,66.0,66.0,66.0,66.0,0,0,1
FINNIFTY13FEB2421250CE.NFO,2024-01-15,12:33:00,2024-02-13,66.0,66.0,66.0,66.0,0,0,1
FINNIFTY13FEB2421250CE.NFO,2024-01-15,12:34:00,2024-02-13,66.0,66.0,66.0,66.0,0,0,1
FINNIFTY13FEB2421250CE.NFO,2024-01-15,12:35:00,2024-02-13,66.0,66.0,66.0,66.0,0,0,1
FINNIFTY13FEB2421250CE.NFO,2024-01-15,12:36:00,2024-02-13,66.0,66.0,66.0,66.0,0,0,1
FINNIFTY13FEB2421250CE.NFO,2024-01-15,12:37:00,2024-02-13,66.0,66.0,66.0,66.0,0,0,1
FINNIFTY13FEB2421250CE.NFO,2024-01-15,12:38:00,2024-02-13,66.0,66.0,66.0,66.0,0,0,1
FINNIFTY13FEB2421250CE.NFO,2024-01-15,12:39:00,2024-02-13,66.0,66.0,66.0,66.0,0,0,1
FINNIFTY13FEB2421250CE.NFO,2024-01-15,12:40:00,2024-02-13,66.0,66.0,66.0,66.0,0,0,1
FINNIFTY13FEB2421250CE.NFO,2024-01-15,12:41:00,2024-02-13,66.0,66.0,66.0,66.0,0,0,1
FINNIFTY13FEB2421250CE.NFO,2024-01-15,12:42:00,2024-02-13,66.0,66.0,66.0,66.0,0,0,1
FINNIFTY13FEB2421250CE.NFO,2024-01-15,12:43:00,2024-02-13,66.0,66.0,66.0,66.0,0,0,1
FINNIFTY13FEB2421250CE.NFO,2024-01-15,12:44:00,2024-02-13,66.0,66.0,66.0,66.0,0,0,1
FINNIFTY13FEB2421250CE.NFO,2024-01-15,12:45:00,2024-02-13,66.0,66.0,66.0,66.0,0,0,1
FINNIFTY13FEB2421250CE.NFO,2024-01-15,12:46:00,2024-02-13,66.0,66.0,66.0,66.0,0,0,1
FINNIFTY13FEB2421250CE.NFO,2024-01-15,12:47:00,2024-02-13,66.0,66.0,66.0,66.0,0,0,1
FINNIFTY13FEB2421250CE.NFO,2024-01-15,12:48:00,2024-02-13,66.0,66.0,66.0,66.0,0,0,1
FINNIFTY13FEB2421250CE.NFO,2024-01-15,12:49:00,2024-02-13,66.0,66.0,66.0,66.0,0,0,1
FINNIFTY13FEB2421250CE.NFO,2024-01-15,12:50:00,2024-02-13,66.0,66.0,66.0,66.0,0,0,1
FINNIFTY13FEB2421250CE.NFO,2024-01-15,12:51:00,2024-02-13,66.0,66.0,66.0,66.0,0,0,1
FINNIFTY13FEB2421250CE.NFO,2024-01-15,12:52:00,2024-02-13,66.0,66.0,66.0,66.0,0,0,1
FINNIFTY13FEB2421250CE.NFO,2024-01-15,12:53:00,2024-02-13,66.0,66.0,66.0,66.0,0,0,1
FINNIFTY13FEB2421250CE.NFO,2024-01-15,12:54:00,2024-02-13,66.0,66.0,66.0,66.0,0,0,1
FINNIFTY13FEB2421250CE.NFO,2024-01-15,12:55:00,2024-02-13,66.0,66.0,66.0,66.0,0,0,1
FINNIFTY13FEB2421250CE.NFO,2024-01-15,12:56:00,2024-02-13,66.0,66.0,66.0,66.0,0,0,1
FINNIFTY13FEB2421250CE.NFO,2024-01-15,12:57:00,2024-02-13,66.0,66.0,66.0,66.0,0,0,1
FINNIFTY13FEB2421250CE.NFO,2024-01-15,12:58:00,2024-02-13,66.0,66.0,66.0,66.0,0,0,1
FINNIFTY13FEB2421250CE.NFO,2024-01-15,12:59:00,2024-02-13,66.0,66.0,66.0,66.0,0,0,1
FINNIFTY13FEB2421250CE.NFO,2024-01-15,13:00:00,2024-02-13,66.0,66.0,66.0,66.0,0,0,1
FINNIFTY13FEB2421250CE.NFO,2024-01-15,13:01:00,2024-02-13,66.0,66.0,66.0,66.0,0,0,1
FINNIFTY13FEB2421250CE.NFO,2024-01-15,13:02:00,2024-02-13,66.0,66.0,66.0,66.0,0,0,1
FINNIFTY13FEB2421250CE.NFO,2024-01-15,13:03:00,2024-02-13,66.0,66.0,66.0,66.0,0,0,1
FINNIFTY13FEB2421250CE.NFO,2024-01-15,13:04:00,2024-02-13,66.0,66.0,66.0,66.0,0,0,1
FINNIFTY13FEB2421250CE.NFO,2024-01-15,13:05:00,2024-02-13,66.0,66.0,66.0,66.0,0,0,1
FINNIFTY13FEB2421250CE.NFO,2024-01-15,13:06:00,2024-02-13,66.0,66.0,66.0,66.0,0,0,1
FINNIFTY13FEB2421250CE.NFO,2024-01-15,13:07:00,2024-02-13,66.0,66.0,66.0,66.0,0,0,1
FINNIFTY13FEB2421250CE.NFO,2024-01-15,13:08:00,2024-02-13,66.0,66.0,66.0,66.0,0,0,1
FINNIFTY13FEB2421250CE.NFO,2024-01-15,13:09:00,2024-02-13,66.0,66.0,66.0,66.0,0,0,1
FINNIFTY13FEB2421250CE.NFO,2024-01-15,13:10:00,2024-02-13,66.0,66.0,66.0,66.0,0,0,1
FINNIFTY13FEB2421250CE.NFO,2024-01-15,13:11:00,2024-02-13,66.0,66.0,66.0,66.0,0,0,1
FINNIFTY13FEB2421250CE.NFO,2024-01-15,13:12:00,2024-02-13,66.0,66.0,66.0,66.0,0,0,1
FINNIFTY13FEB2421250CE.NFO,2024-01-15,13:13:00,2024-02-13,66.0,66.0,66.0,66.0,0,0,1
FINNIFTY13FEB2421250CE.NFO,2024-01-15,13:14:00,2024-02-13,66.0,66.0,66.0,66.0,0,0,1
FINNIFTY13FEB2421250CE.NFO,2024-01-15,13:15:00,2024-02-13,66.0,66.0,66.0,66.0,0,0,1
FINNIFTY13FEB2421250CE.NFO,2024-01-15,13:16:00,2024-02-13,66.0,66.0,66.0,66.0,0,0,1
FINNIFTY13FEB2421250CE.NFO,2024-01-15,13:17:00,2024-02-13,66.0,66.0,66.0,66.0,0,0,1
FINNIFTY13FEB2421250CE.NFO,2024-01-15,13:18:00,2024-02-13,66.0,66.0,66.0,66.0,0,0,1
FINNIFTY13FEB2421250CE.NFO,2024-01-15,13:19:00,2024-02-13,66.0,66.0,66.0,66.0,0,0,1
FINNIFTY13FEB2421250CE.NFO,2024-01-15,13:20:00,2024-02-13,66.0,66.0,66.0,66.0,0,0,1
FINNIFTY13FEB2421250CE.NFO,2024-01-15,13:21:00,2024-02-13,66.0,66.0,66.0,66.0,0,0,1
FINNIFTY13FEB2421250CE.NFO,2024-01-15,13:22:00,2024-02-13,66.0,66.0,66.0,66.0,0,0,1
FINNIFTY13FEB2421250CE.NFO,2024-01-15,13:23:00,2024-02-13,66.0,66.0,66.0,66.0,0,0,1
FINNIFTY13FEB2421250CE.NFO,2024-01-15,13:24:00,2024-02-13,66.0,66.0,66.0,66.0,0,0,1
FINNIFTY13FEB2421250CE.NFO,2024-01-15,13:25:00,2024-02-13,66.0,66.0,66.0,66.0,0,0,1
FINNIFTY13FEB2421250CE.NFO,2024-01-15,13:26:00,2024-02-13,66.0,66.0,66.0,66.0,0,0,1
FINNIFTY13FEB2421250CE.NFO,2024-01-15,13:27:00,2024-02-13,66.0,66.0,66.0,66.0,0,0,1
FINNIFTY13FEB2421250CE.NFO,2024-01-15,13:28:00,2024-02-13,66.0,66.0,66.0,66.0,0,0,1
FINNIFTY13FEB2421250CE.NFO,2024-01-15,13:29:00,2024-02-13,66.0,66.0,66.0,66.0,0,0,1
FINNIFTY13FEB2421250CE.NFO,2024-01-15,13:30:00,2024-02-13,66.0,66.0,66.0,66.0,0,0,1
FINNIFTY13FEB2421250CE.NFO,2024-01-15,13:31:00,2024-02-13,66.0,66.0,66.0,66.0,0,0,1
FINNIFTY13FEB2421250CE.NFO,2024-01-15,13:32:00,2024-02-13,66.0,66.0,66.0,66.0,0,0,1
FINNIFTY13FEB2421250CE.NFO,2024-01-15,13:33:00,2024-02-13,66.0,66.0,66.0,66.0,0,0,1
FINNIFTY13FEB2421250CE.NFO,2024-01-15,13:34:00,2024-02-13,66.0,66.0,66.0,66.0,0,0,1
FINNIFTY13FEB2421250CE.NFO,2024-01-15,13:35:00,2024-02-13,66.0,66.0,66.0,66.0,0,0,1
FINNIFTY13FEB2421250CE.NFO,2024-01-15,13:36:00,2024-02-13,66.0,66.0,66.0,66.0,0,0,1
FINNIFTY13FEB2421250CE.NFO,2024-01-15,13:37:00,2024-02-13,66.0,66.0,66.0,66.0,0,0,1
FINNIFTY13FEB2421250CE.NFO,2024-01-15,13:38:00,2024-02-13,66.0,66.0,66.0,66.0,0,0,1
FINNIFTY13FEB2421250CE.NFO,2024-01-15,13:39:00,2024-02-13,66.0,66.0,66.0,66.0,0,0,1
FINNIFTY13FEB2421250CE.NFO,2024-01-15,13:40:00,2024-02-13,66.0,66.0,66.0,66.0,0,0,1
FINNIFTY13FEB2421250CE.NFO,2024-01-15,13:41:00,2024-02-13,66.0,66.0,66.0,66.0,0,0,1
FINNIFTY13FEB2421250CE.NFO,2024-01-15,13:42:00,2024-02-13,66.0,66.0,66.0,66.0,0,0,1
FINNIFTY13FEB2421250CE.NFO,2024-01-15,13:43:00,2024-02-13,66.0,66.0,66.0,66.0,0,0,1
FINNIFTY13FEB2421250CE.NFO,2024-01-15,13:44:00,2024-02-13,66.0,66.0,66.0,66.0,0,0,1
FINNIFTY13FEB2421250CE.NFO,2024-01-15,13:45:00,2024-02-13,66.0,66.0,66.0,66.0,0,0,1
FINNIFTY13FEB2421250CE.NFO,2024-01-15,13:46:00,2024-02-13,66.0,66.0,66.0,66.0,0,0,1
FINNIFTY13FEB2421250CE.NFO,2024-01-15,13:47:00,2024-02-13,66.0,66.0,66.0,66.0,0,0,1
FINNIFTY13FEB2421250CE.NFO,2024-01-15,13:48:00,2024-02-13,66.0,66.0,66.0,66.0,0,0,1
FINNIFTY13FEB2421250CE.NFO,2024-01-15,13:49:00,2024-02-13,66.0,66.0,66.0,66.0,0,0,1
FINNIFTY13FEB2421250CE.NFO,2024-01-15,13:50:00,2024-02-13,66.0,66.0,66.0,66.0,0,0,1
FINNIFTY13FEB2421250CE.NFO,2024-01-15,13:51:00,2024-02-13,66.0,66.0,66.0,66.0,0,0,1
FINNIFTY13FEB2421250CE.NFO,2024-01-15,13:52:00,2024-02-13,66.0,66.0,66.0,66.0,0,0,1
FINNIFTY13FEB2421250CE.NFO,2024-01-15,13:53:00,2024-02-13,66.0,66.0,66.0,66.0,0,0,1
FINNIFTY13FEB2421250CE.NFO,2024-01-15,13:54:00,2024-02-13,66.0,66.0,66.0,66.0,0,0,1
FINNIFTY13FEB2421250CE.NFO,2024-01-15,13:55:00,2024-02-13,66.0,66.0,66.0,66.0,0,0,1
FINNIFTY13FEB2421250CE.NFO,2024-01-15,13:56:00,2024-02-13,66.0,66.0,66.0,66.0,0,0,1
FINNIFTY13FEB2421250CE.NFO,2024-01-15,13:57:00,2024-02-13,66.0,66.0,66.0,66.0,0,0,1
FINNIFTY13FEB2421250CE.NFO,2024-01-15,13:58:00,2024-02-13,66.0,66.0,66.0,66.0,0,0,1
FINNIFTY13FEB2421250CE.NFO,2024-01-15,13:59:00,2024-02-13,66.0,66.0,66.0,66.0,0,0,1
FINNIFTY13FEB2421250CE.NFO,2024-01-15,14:00:00,2024-02-13,66.0,66.0,66.0,66.0,0,0,1
FINNIFTY13FEB2421250CE.NFO,2024-01-15,14:01:00,2024-02-13,66.0,66.0,66.0,66.0,0,0,1
FINNIFTY13FEB2421250CE.NFO,2024-01-15,14:02:00,2024-02-13,66.0,66.0,66.0,66.0,0,0,1
FINNIFTY13FEB2421250CE.NFO,2024-01-15,14:03:00,2024-02-13,66.0,66.0,66.0,66.0,0,0,1
FINNIFTY13FEB2421250CE.NFO,2024-01-15,14:04:00,2024-02-13,66.0,66.0,66.0,66.0,0,0,1
FINNIFTY13FEB2421250CE.NFO,2024-01-15,14:05:00,2024-02-13,66.0,66.0,66.0,66.0,0,0,1
FINNIFTY13FEB2421250CE.NFO,2024-01-15,14:06:00,2024-02-13,66.0,66.0,66.0,66.0,0,0,1
FINNIFTY13FEB2421250CE.NFO,2024-01-15,14:07:00,2024-02-13,66.0,66.0,66.0,66.0,0,0,1
FINNIFTY13FEB2421250CE.NFO,2024-01-15,14:08:00,2024-02-13,66.0,66.0,66.0,66.0,0,0,1
FINNIFTY13FEB2421250CE.NFO,2024-01-15,14:09:00,2024-02-13,66.0,66.0,66.0,66.0,0,0,1
FINNIFTY13FEB2421250CE.NFO,2024-01-15,14:10:00,2024-02-13,66.0,66.0,66.0,66.0,0,0,1
FINNIFTY13FEB2421250CE.NFO,2024-01-15,14:11:00,2024-02-13,66.0,66.0,66.0,66.0,0,0,1
FINNIFTY13FEB2421250CE.NFO,2024-01-15,14:12:00,2024-02-13,66.0,66.0,66.0,66.0,0,0,1
FINNIFTY13FEB2421250CE.NFO,2024-01-15,14:13:00,2024-02-13,66.0,66.0,66.0,66.0,0,0,1
FINNIFTY13FEB2421250CE.NFO,2024-01-15,14:14:00,2024-02-13,66.0,66.0,66.0,66.0,0,0,1
FINNIFTY13FEB2421250CE.NFO,2024-01-15,14:15:00,2024-02-13,66.0,66.0,66.0,66.0,0,0,1
FINNIFTY13FEB2421250CE.NFO,2024-01-15,14:16:00,2024-02-13,66.0,66.0,66.0,66.0,0,0,1
FINNIFTY13FEB2421250CE.NFO,2024-01-15,14:17:00,2024-02-13,66.0,66.0,66.0,66.0,0,0,1
FINNIFTY13FEB2421250CE.NFO,2024-01-15,14:18:00,2024-02-13,66.0,66.0,66.0,66.0,0,0,1
FINNIFTY13FEB2421250CE.NFO,2024-01-15,14:19:00,2024-02-13,66.0,66.0,66.0,66.0,0,0,1
FINNIFTY13FEB2421250CE.NFO,2024-01-15,14:20:00,2024-02-13,66.0,66.0,66.0,66.0,0,0,1
FINNIFTY13FEB2421250CE.NFO,2024-01-15,14:21:00,2024-02-13,66.0,66.0,66.0,66.0,0,0,1
FINNIFTY13FEB2421250CE.NFO,2024-01-15,14:22:00,2024-02-13,66.0,66.0,66.0,66.0,0,0,1
FINNIFTY13FEB2421250CE.NFO,2024-01-15,14:23:00,2024-02-13,66.0,66.0,66.0,66.0,0,0,1
FINNIFTY13FEB2421250CE.NFO,2024-01-15,14:24:00,2024-02-13,66.0,66.0,66.0,66.0,0,0,1
FINNIFTY13FEB2421250CE.NFO,2024-01-15,14:25:00,2024-02-13,66.0,66.0,66.0,66.0,0,0,1
FINNIFTY13FEB2421250CE.NFO,2024-01-15,14:26:00,2024-02-13,66.0,66.0,66.0,66.0,0,0,1
FINNIFTY13FEB2421250CE.NFO,2024-01-15,14:27:00,2024-02-13,66.0,66.0,66.0,66.0,0,0,1
FINNIFTY13FEB2421250CE.NFO,2024-01-15,14:28:00,2024-02-13,66.0,66.0,66.0,66.0,0,0,1
FINNIFTY13FEB2421250CE.NFO,2024-01-15,14:29:00,2024-02-13,66.0,66.0,66.0,66.0,0,0,1
FINNIFTY13FEB2421250CE.NFO,2024-01-15,14:30:00,2024-02-13,66.0,66.0,66.0,66.0,0,0,1
FINNIFTY13FEB2421250CE.NFO,2024-01-15,14:31:00,2024-02-13,66.0,66.0,66.0,66.0,0,0,1
FINNIFTY13FEB2421250CE.NFO,2024-01-15,14:32:00,2024-02-13,66.0,66.0,66.0,66.0,0,0,1
FINNIFTY13FEB2421250CE.NFO,2024-01-15,14:33:00,2024-02-13,66.0,66.0,66.0,66.0,0,0,1
FINNIFTY13FEB2421250CE.NFO,2024-01-15,14:34:00,2024-02-13,66.0,66.0,66.0,66.0,0,0,1
FINNIFTY13FEB2421250CE.NFO,2024-01-15,14:35:00,2024-02-13,66.0,66.0,66.0,66.0,0,0,1
FINNIFTY13FEB2421250CE.NFO,2024-01-15,14:36:00,2024-02-13,66.0,66.0,66.0,66.0,0,0,1
FINNIFTY13FEB2421250CE.NFO,2024-01-15,14:37:00,2024-02-13,66.0,66.0,66.0,66.0,0,0,1
FINNIFTY13FEB2421250CE.NFO,2024-01-15,14:38:00,2024-02-13,66.0,66.0,66.0,66.0,0,0,1
FINNIFTY13FEB2421250CE.NFO,2024-01-15,14:39:00,2024-02-13,66.0,66.0,66.0,66.0,0,0,1
FINNIFTY13FEB2421250CE.NFO,2024-01-15,14:40:00,2024-02-13,66.0,66.0,66.0,66.0,0,0,1
FINNIFTY13FEB2421250CE.NFO,2024-01-15,14:41:00,2024-02-13,66.0,66.0,66.0,66.0,0,0,1
FINNIFTY13FEB2421250CE.NFO,2024-01-15,14:42:00,2024-02-13,66.0,66.0,66.0,66.0,0,0,1
FINNIFTY13FEB2421250CE.NFO,2024-01-15,14:43:00,2024-02-13,66.0,66.0,66.0,66.0,0,0,1
FINNIFTY13FEB2421250CE.NFO,2024-01-15,14:44:00,2024-02-13,66.0,66.0,66.0,66.0,0,0,1
FINNIFTY13FEB2421250CE.NFO,2024-01-15,14:45:00,2024-02-13,66.0,66.0,66.0,66.0,0,0,1
FINNIFTY13FEB2421250CE.NFO,2024-01-15,14:46:00,2024-02-13,66.0,66.0,66.0,66.0,0,0,1
FINNIFTY13FEB2421250CE.NFO,2024-01-15,14:47:00,2024-02-13,66.0,66.0,66.0,66.0,0,0,1
FINNIFTY13FEB2421250CE.NFO,2024-01-15,14:48:00,2024-02-13,66.0,66.0,66.0,66.0,0,0,1
FINNIFTY13FEB2421250CE.NFO,2024-01-15,14:49:00,2024-02-13,66.0,66.0,66.0,66.0,0,0,1
FINNIFTY13FEB2421250CE.NFO,2024-01-15,14:50:00,2024-02-13,66.0,66.0,66.0,66.0,0,0,1
FINNIFTY13FEB2421250CE.NFO,2024-01-15,14:51:00,2024-02-13,66.0,66.0,66.0,66.0,0,0,1
FINNIFTY13FEB2421250CE.NFO,2024-01-15,14:52:00,2024-02-13,66.0,66.0,66.0,66.0,0,0,1
FINNIFTY13FEB2421250CE.NFO,2024-01-15,14:53:00,2024-02-13,66.0,66.0,66.0,66.0,0,0,1
FINNIFTY13FEB2421250CE.NFO,2024-01-15,14:54:00,2024-02-13,66.0,66.0,66.0,66.0,0,0,1
FINNIFTY13FEB2421250CE.NFO,2024-01-15,14:55:00,2024-02-13,66.0,66.0,66.0,66.0,0,0,1
FINNIFTY13FEB2421250CE.NFO,2024-01-15,14:56:00,2024-02-13,66.0,66.0,66.0,66.0,0,0,1
FINNIFTY13FEB2421250CE.NFO,2024-01-15,14:57:00,2024-02-13,66.0,66.0,66.0,66.0,0,0,1
FINNIFTY13FEB2421250CE.NFO,2024-01-15,14:58:00,2024-02-13,66.0,66.0,66.0,66.0,0,0,1
FINNIFTY13FEB2421250CE.NFO,2024-01-15,14:59:00,2024-02-13,66.0,66.0,66.0,66.0,0,0,1
FINNIFTY13FEB2421250CE.NFO,2024-01-15,15:00:00,2024-02-13,66.0,66.0,66.0,66.0,0,0,1
FINNIFTY13FEB2421250CE.NFO,2024-01-15,15:01:00,2024-02-13,66.0,66.0,66.0,66.0,0,0,1
FINNIFTY13FEB2421250CE.NFO,2024-01-15,15:02:00,2024-02-13,66.0,66.0,66.0,66.0,0,0,1
FINNIFTY13FEB2421250CE.NFO,2024-01-15,15:03:00,2024-02-13,66.0,66.0,66.0,66.0,0,0,1
FINNIFTY13FEB2421250CE.NFO,2024-01-15,15:04:00,2024-02-13,66.0,66.0,66.0,66.0,0,0,1
FINNIFTY13FEB2421250CE.NFO,2024-01-15,15:05:00,2024-02-13,66.0,66.0,66.0,66.0,0,0,1
FINNIFTY13FEB2421250CE.NFO,2024-01-15,15:06:00,2024-02-13,66.0,66.0,66.0,66.0,0,0,1
FINNIFTY13FEB2421250CE.NFO,2024-01-15,15:07:00,2024-02-13,66.0,66.0,66.0,66.0,0,0,1
FINNIFTY13FEB2421250CE.NFO,2024-01-15,15:08:00,2024-02-13,66.0,66.0,66.0,66.0,0,0,1
FINNIFTY13FEB2421250CE.NFO,2024-01-15,15:09:00,2024-02-13,66.0,66.0,66.0,66.0,0,0,1
FINNIFTY13FEB2421250CE.NFO,2024-01-15,15:10:00,2024-02-13,66.0,66.0,66.0,66.0,0,0,1
FINNIFTY13FEB2421250CE.NFO,2024-01-15,15:11:00,2024-02-13,66.0,66.0,66.0,66.0,0,0,1
FINNIFTY13FEB2421250CE.NFO,2024-01-15,15:12:00,2024-02-13,66.0,66.0,66.0,66.0,0,0,1
FINNIFTY13FEB2421250CE.NFO,2024-01-15,15:13:00,2024-02-13,66.0,66.0,66.0,66.0,0,0,1
FINNIFTY13FEB2421250CE.NFO,2024-01-15,15:14:00,2024-02-13,66.0,66.0,66.0,66.0,0,0,1
FINNIFTY13FEB2421250CE.NFO,2024-01-15,15:15:00,2024-02-13,66.0,66.0,66.0,66.0,0,0,1
FINNIFTY13FEB2421250CE.NFO,2024-01-15,15:16:00,2024-02-13,66.0,66.0,66.0,66.0,0,0,1
FINNIFTY13FEB2421250CE.NFO,2024-01-15,15:17:00,2024-02-13,66.0,66.0,66.0,66.0,0,0,1
FINNIFTY13FEB2421250CE.NFO,2024-01-15,15:18:00,2024-02-13,66.0,66.0,66.0,66.0,0,0,1
FINNIFTY13FEB2421250CE.NFO,2024-01-15,15:19:00,2024-02-13,66.0,66.0,66.0,66.0,0,0,1
FINNIFTY13FEB2421250CE.NFO,2024-01-15,15:20:00,2024-02-13,66.0,66.0,66.0,66.0,0,0,1
FINNIFTY13FEB2421250CE.NFO,2024-01-15,15:21:00,2024-02-13,66.0,66.0,66.0,66.0,0,0,1
FINNIFTY13FEB2421250CE.NFO,2024-01-15,15:22:00,2024-02-13,66.0,66.0,66.0,66.0,0,0,1
FINNIFTY13FEB2421250CE.NFO,2024-01-15,15:23:00,2024-02-13,66.0,66.0,66.0,66.0,0,0,1
FINNIFTY13FEB2421250CE.NFO,2024-01-15,15:24:00,2024-02-13,66.0,66.0,66.0,66.0,0,0,1
FINNIFTY13FEB2421250CE.NFO,2024-01-15,15:25:00,2024-02-13,66.0,66.0,66.0,66.0,0,0,1
FINNIFTY13FEB2421250CE.NFO,2024-01-15,15:26:00,2024-02-13,66.0,66.0,66.0,66.0,0,0,1
FINNIFTY13FEB2421250CE.NFO,2024-01-15,15:27:00,2024-02-13,66.0,66.0,66.0,66.0,0,0,1
FINNIFTY13FEB2421250CE.NFO,2024-01-15,15:28:00,2024-02-13,66.0,66.0,66.0,66.0,0,0,1
FINNIFTY13FEB2421250CE.NFO,2024-01-15,15:29:00,2024-02-13,66.0,66.0,66.0,66.0,0,0,1
FINNIFTY13FEB2421250CE.NFO,2024-01-15,15:30:00,2024-02-13,66.0,66.0,66.0,66.0,0,0,1
FINNIFTY13FEB2421250CE.NFO,2024-01-16,09:15:00,2024-02-13,66.0,66.0,66.0,66.0,0,0,0
FINNIFTY13FEB2421250CE.NFO,2024-01-16,09:16:00,2024-02-13,66.0,66.0,66.0,66.0,0,0,1
FINNIFTY13FEB2421250CE.NFO,2024-01-16,09:17:00,2024-02-13,66.0,66.0,66.0,66.0,0,0,1
FINNIFTY13FEB2421250CE.NFO,2024-01-16,09:18:00,2024-02-13,66.0,66.0,66.0,66.0,0,0,1
FINNIFTY13FEB2421250CE.NFO,2024-01-16,09:19:00,2024-02-13,66.0,66.0,66.0,66.0,0,0,1
FINNIFTY13FEB2421250CE.NFO,2024-01-16,09:20:00,2024-02-13,66.0,66.0,66.0,66.0,0,0,1
FINNIFTY13FEB2421250CE.NFO,2024-01-16,09:21:00,2024-02-13,66.0,66.0,66.0,66.0,0,0,1
FINNIFTY13FEB2421250CE.NFO,2024-01-16,09:22:00,2024-02-13,66.0,66.0,66.0,66.0,0,0,1
FINNIFTY13FEB2421250CE.NFO,2024-01-16,09:23:00,2024-02-13,66.0,66.0,66.0,66.0,0,0,1
FINNIFTY13FEB2421250CE.NFO,2024-01-16,09:24:00,2024-02-13,66.0,66.0,66.0,66.0,0,0,1
FINNIFTY13FEB2421250CE.NFO,2024-01-16,09:25:00,2024-02-13,66.0,66.0,66.0,66.0,0,0,1
FINNIFTY13FEB2421250CE.NFO,2024-01-16,09:26:00,2024-02-13,66.0,66.0,66.0,66.0,0,0,1
FINNIFTY13FEB2421250CE.NFO,2024-01-16,09:27:00,2024-02-13,66.0,66.0,66.0,66.0,0,0,1
FINNIFTY13FEB2421250CE.NFO,2024-01-16,09:28:00,2024-02-13,66.0,66.0,66.0,66.0,0,0,1
FINNIFTY13FEB2421250CE.NFO,2024-01-16,09:29:00,2024-02-13,66.0,66.0,66.0,66.0,0,0,1
FINNIFTY13FEB2421250CE.NFO,2024-01-16,09:30:00,2024-02-13,66.0,66.0,66.0,66.0,0,0,1
FINNIFTY13FEB2421250CE.NFO,2024-01-16,09:31:00,2024-02-13,66.0,66.0,66.0,66.0,0,0,1
FINNIFTY13FEB2421250CE.NFO,2024-01-16,09:32:00,2024-02-13,66.0,66.0,66.0,66.0,0,0,1
FINNIFTY13FEB2421250CE.NFO,2024-01-16,09:33:00,2024-02-13,66.0,66.0,66.0,66.0,0,0,1
FINNIFTY13FEB2421250CE.NFO,2024-01-16,09:34:00,2024-02-13,66.0,66.0,66.0,66.0,0,0,1
FINNIFTY13FEB2421250CE.NFO,2024-01-16,09:35:00,2024-02-13,66.0,66.0,66.0,66.0,0,0,1
FINNIFTY13FEB2421250CE.NFO,2024-01-16,09:36:00,2024-02-13,66.0,66.0,66.0,66.0,0,0,1
FINNIFTY13FEB2421250CE.NFO,2024-01-16,09:37:00,2024-02-13,66.0,66.0,66.0,66.0,0,0,1
FINNIFTY13FEB2421250CE.NFO,2024-01-16,09:38:00,2024-02-13,66.0,66.0,66.0,66.0,0,0,1
FINNIFTY13FEB2421250CE.NFO,2024-01-16,09:39:00,2024-02-13,66.0,66.0,66.0,66.0,0,0,1
FINNIFTY13FEB2421250CE.NFO,2024-01-16,09:40:00,2024-02-13,66.0,66.0,66.0,66.0,0,0,1
FINNIFTY13FEB2421250CE.NFO,2024-01-16,09:41:00,2024-02-13,66.0,66.0,66.0,66.0,0,0,1
FINNIFTY13FEB2421250CE.NFO,2024-01-16,09:42:00,2024-02-13,66.0,66.0,66.0,66.0,0,0,1
FINNIFTY13FEB2421250CE.NFO,2024-01-16,09:43:00,2024-02-13,66.0,66.0,66.0,66.0,0,0,1
FINNIFTY13FEB2421250CE.NFO,2024-01-16,09:44:00,2024-02-13,66.0,66.0,66.0,66.0,0,0,1
FINNIFTY13FEB2421250CE.NFO,2024-01-16,09:45:00,2024-02-13,66.0,66.0,66.0,66.0,0,0,1
FINNIFTY13FEB2421250CE.NFO,2024-01-16,09:46:00,2024-02-13,66.0,66.0,66.0,66.0,0,0,1
FINNIFTY13FEB2421250CE.NFO,2024-01-16,09:47:00,2024-02-13,66.0,66.0,66.0,66.0,0,0,1
FINNIFTY13FEB2421250CE.NFO,2024-01-16,09:48:00,2024-02-13,66.0,66.0,66.0,66.0,0,0,1
FINNIFTY13FEB2421250CE.NFO,2024-01-16,09:49:00,2024-02-13,66.0,66.0,66.0,66.0,0,0,1
FINNIFTY13FEB2421250CE.NFO,2024-01-16,09:50:00,2024-02-13,66.0,66.0,66.0,66.0,0,0,1
FINNIFTY13FEB2421250CE.NFO,2024-01-16,09:51:00,2024-02-13,66.0,66.0,66.0,66.0,0,0,1
FINNIFTY13FEB2421250CE.NFO,2024-01-16,09:52:00,2024-02-13,66.0,66.0,66.0,66.0,0,0,1
FINNIFTY13FEB2421250CE.NFO,2024-01-16,09:53:00,2024-02-13,66.0,66.0,66.0,66.0,0,0,1
FINNIFTY13FEB2421250CE.NFO,2024-01-16,09:54:00,2024-02-13,66.0,66.0,66.0,66.0,0,0,1
FINNIFTY13FEB2421250CE.NFO,2024-01-16,09:55:00,2024-02-13,66.0,66.0,66.0,66.0,0,0,1
FINNIFTY13FEB2421250CE.NFO,2024-01-16,09:56:00,2024-02-13,66.0,66.0,66.0,66.0,0,0,1
FINNIFTY13FEB2421250CE.NFO,2024-01-16,09:57:00,2024-02-13,66.0,66.0,66.0,66.0,0,0,1
FINNIFTY13FEB2421250CE.NFO,2024-01-16,09:58:00,2024-02-13,66.0,66.0,66.0,66.0,0,0,1
FINNIFTY13FEB2421250CE.NFO,2024-01-16,09:59:00,2024-02-13,66.0,66.0,66.0,66.0,0,0,1
FINNIFTY13FEB2421250CE.NFO,2024-01-16,10:00:00,2024-02-13,66.0,66.0,66.0,66.0,0,0,1
FINNIFTY13FEB2421250CE.NFO,2024-01-16,10:01:00,2024-02-13,66.0,66.0,66.0,66.0,0,0,1
FINNIFTY13FEB2421250CE.NFO,2024-01-16,10:02:00,2024-02-13,66.0,66.0,66.0,66.0,0,0,1
FINNIFTY13FEB2421250CE.NFO,2024-01-16,10:03:00,2024-02-13,66.0,66.0,66.0,66.0,0,0,1
FINNIFTY13FEB2421250CE.NFO,2024-01-16,10:04:00,2024-02-13,66.0,66.0,66.0,66.0,0,0,1
FINNIFTY13FEB2421250CE.NFO,2024-01-16,10:05:00,2024-02-13,66.0,66.0,66.0,66.0,0,0,1
FINNIFTY13FEB2421250CE.NFO,2024-01-16,10:06:00,2024-02-13,66.0,66.0,66.0,66.0,0,0,1
FINNIFTY13FEB2421250CE.NFO,2024-01-16,10:07:00,2024-02-13,66.0,66.0,66.0,66.0,0,0,1
FINNIFTY13FEB2421250CE.NFO,2024-01-16,10:08:00,2024-02-13,66.0,66.0,66.0,66.0,0,0,1
FINNIFTY13FEB2421250CE.NFO,2024-01-16,10:09:00,2024-02-13,66.0,66.0,66.0,66.0,0,0,1
FINNIFTY13FEB2421250CE.NFO,2024-01-16,10:10:00,2024-02-13,66.0,66.0,66.0,66.0,0,0,1
FINNIFTY13FEB2421250CE.NFO,2024-01-16,10:11:00,2024-02-13,66.0,66.0,66.0,66.0,0,0,1
FINNIFTY13FEB2421250CE.NFO,2024-01-16,10:12:00,2024-02-13,66.0,66.0,66.0,66.0,0,0,1
FINNIFTY13FEB2421250CE.NFO,2024-01-16,10:13:00,2024-02-13,66.0,66.0,66.0,66.0,0,0,1
FINNIFTY13FEB2421250CE.NFO,2024-01-16,10:14:00,2024-02-13,66.0,66.0,66.0,66.0,0,0,1
FINNIFTY13FEB2421250CE.NFO,2024-01-16,10:15:00,2024-02-13,66.0,66.0,66.0,66.0,0,0,1
FINNIFTY13FEB2421250CE.NFO,2024-01-16,10:16:00,2024-02-13,66.0,66.0,66.0,66.0,0,0,1
FINNIFTY13FEB2421250CE.NFO,2024-01-16,10:17:00,2024-02-13,66.0,66.0,66.0,66.0,0,0,1
FINNIFTY13FEB2421250CE.NFO,2024-01-16,10:18:00,2024-02-13,66.0,66.0,66.0,66.0,0,0,1
FINNIFTY13FEB2421250CE.NFO,2024-01-16,10:19:00,2024-02-13,66.0,66.0,66.0,66.0,0,0,1
FINNIFTY13FEB2421250CE.NFO,2024-01-16,10:20:00,2024-02-13,66.0,66.0,66.0,66.0,0,0,1
FINNIFTY13FEB2421250CE.NFO,2024-01-16,10:21:00,2024-02-13,66.0,66.0,66.0,66.0,0,0,1
FINNIFTY13FEB2421250CE.NFO,2024-01-16,10:22:00,2024-02-13,66.0,66.0,66.0,66.0,0,0,1
FINNIFTY13FEB2421250CE.NFO,2024-01-16,10:23:00,2024-02-13,66.0,66.0,66.0,66.0,0,0,1
FINNIFTY13FEB2421250CE.NFO,2024-01-16,10:24:00,2024-02-13,66.0,66.0,66.0,66.0,0,0,1
FINNIFTY13FEB2421250CE.NFO,2024-01-16,10:25:00,2024-02-13,66.0,66.0,66.0,66.0,0,0,1
FINNIFTY13FEB2421250CE.NFO,2024-01-16,10:26:00,2024-02-13,66.0,66.0,66.0,66.0,0,0,1
FINNIFTY13FEB2421250CE.NFO,2024-01-16,10:27:00,2024-02-13,66.0,66.0,66.0,66.0,0,0,1
FINNIFTY13FEB2421250CE.NFO,2024-01-16,10:28:00,2024-02-13,66.0,66.0,66.0,66.0,0,0,1
FINNIFTY13FEB2421250CE.NFO,2024-01-16,10:29:00,2024-02-13,66.0,66.0,66.0,66.0,0,0,1
FINNIFTY13FEB2421250CE.NFO,2024-01-16,10:30:00,2024-02-13,66.0,66.0,66.0,66.0,0,0,1
FINNIFTY13FEB2421250CE.NFO,2024-01-16,10:31:00,2024-02-13,66.0,66.0,66.0,66.0,0,0,1
FINNIFTY13FEB2421250CE.NFO,2024-01-16,10:32:00,2024-02-13,66.0,66.0,66.0,66.0,0,0,1
FINNIFTY13FEB2421250CE.NFO,2024-01-16,10:33:00,2024-02-13,66.0,66.0,66.0,66.0,0,0,1
FINNIFTY13FEB2421250CE.NFO,2024-01-16,10:34:00,2024-02-13,66.0,66.0,66.0,66.0,0,0,1
FINNIFTY13FEB2421250CE.NFO,2024-01-16,10:35:00,2024-02-13,66.0,66.0,66.0,66.0,0,0,1
FINNIFTY13FEB2421250CE.NFO,2024-01-16,10:36:00,2024-02-13,66.0,66.0,66.0,66.0,0,0,1
FINNIFTY13FEB2421250CE.NFO,2024-01-16,10:37:00,2024-02-13,66.0,66.0,66.0,66.0,0,0,1
FINNIFTY13FEB2421250CE.NFO,2024-01-16,10:38:00,2024-02-13,66.0,66.0,66.0,66.0,0,0,1
FINNIFTY13FEB2421250CE.NFO,2024-01-16,10:39:00,2024-02-13,66.0,66.0,66.0,66.0,0,0,1
FINNIFTY13FEB2421250CE.NFO,2024-01-16,10:40:00,2024-02-13,66.0,66.0,66.0,66.0,0,0,1
FINNIFTY13FEB2421250CE.NFO,2024-01-16,10:41:00,2024-02-13,66.0,66.0,66.0,66.0,0,0,1
FINNIFTY13FEB2421250CE.NFO,2024-01-16,10:42:00,2024-02-13,66.0,66.0,66.0,66.0,0,0,1
FINNIFTY13FEB2421250CE.NFO,2024-01-16,10:43:00,2024-02-13,66.0,66.0,66.0,66.0,0,0,1
FINNIFTY13FEB2421250CE.NFO,2024-01-16,10:44:00,2024-02-13,66.0,66.0,66.0,66.0,0,0,1
FINNIFTY13FEB2421250CE.NFO,2024-01-16,10:45:00,2024-02-13,66.0,66.0,66.0,66.0,0,0,1
FINNIFTY13FEB2421250CE.NFO,2024-01-16,10:46:00,2024-02-13,66.0,66.0,66.0,66.0,0,0,1
FINNIFTY13FEB2421250CE.NFO,2024-01-16,10:47:00,2024-02-13,66.0,66.0,66.0,66.0,0,0,1
FINNIFTY13FEB2421250CE.NFO,2024-01-16,10:48:00,2024-02-13,66.0,66.0,66.0,66.0,0,0,1
FINNIFTY13FEB2421250CE.NFO,2024-01-16,10:49:00,2024-02-13,66.0,66.0,66.0,66.0,0,0,1
FINNIFTY13FEB2421250CE.NFO,2024-01-16,10:50:00,2024-02-13,66.0,66.0,66.0,66.0,0,0,1
FINNIFTY13FEB2421250CE.NFO,2024-01-16,10:51:00,2024-02-13,66.0,66.0,66.0,66.0,0,0,1
FINNIFTY13FEB2421250CE.NFO,2024-01-16,10:52:00,2024-02-13,66.0,66.0,66.0,66.0,0,0,1
FINNIFTY13FEB2421250CE.NFO,2024-01-16,10:53:00,2024-02-13,66.0,66.0,66.0,66.0,0,0,1
FINNIFTY13FEB2421250CE.NFO,2024-01-16,10:54:00,2024-02-13,66.0,66.0,66.0,66.0,0,0,1
FINNIFTY13FEB2421250CE.NFO,2024-01-16,10:55:00,2024-02-13,66.0,66.0,66.0,66.0,0,0,1
FINNIFTY13FEB2421250CE.NFO,2024-01-16,10:56:00,2024-02-13,66.0,66.0,66.0,66.0,0,0,1
FINNIFTY13FEB2421250CE.NFO,2024-01-16,10:57:00,2024-02-13,66.0,66.0,66.0,66.0,0,0,1
FINNIFTY13FEB2421250CE.NFO,2024-01-16,10:58:00,2024-02-13,66.0,66.0,66.0,66.0,0,0,1
FINNIFTY13FEB2421250CE.NFO,2024-01-16,10:59:00,2024-02-13,66.0,66.0,66.0,66.0,0,0,1
FINNIFTY13FEB2421250CE.NFO,2024-01-16,11:00:00,2024-02-13,66.0,66.0,66.0,66.0,0,0,1
FINNIFTY13FEB2421250CE.NFO,2024-01-16,11:01:00,2024-02-13,66.0,66.0,66.0,66.0,0,0,1
FINNIFTY13FEB2421250CE.NFO,2024-01-16,11:02:00,2024-02-13,66.0,66.0,66.0,66.0,0,0,1
FINNIFTY13FEB2421250CE.NFO,2024-01-16,11:03:00,2024-02-13,66.0,66.0,66.0,66.0,0,0,1
FINNIFTY13FEB2421250CE.NFO,2024-01-16,11:04:00,2024-02-13,66.0,66.0,66.0,66.0,0,0,1
FINNIFTY13FEB2421250CE.NFO,2024-01-16,11:05:00,2024-02-13,66.0,66.0,66.0,66.0,0,0,1
FINNIFTY13FEB2421250CE.NFO,2024-01-16,11:06:00,2024-02-13,66.0,66.0,66.0,66.0,0,0,1
FINNIFTY13FEB2421250CE.NFO,2024-01-16,11:07:00,2024-02-13,66.0,66.0,66.0,66.0,0,0,1
FINNIFTY13FEB2421250CE.NFO,2024-01-16,11:08:00,2024-02-13,66.0,66.0,66.0,66.0,0,0,1
FINNIFTY13FEB2421250CE.NFO,2024-01-16,11:09:00,2024-02-13,66.0,66.0,66.0,66.0,0,0,1
FINNIFTY13FEB2421250CE.NFO,2024-01-16,11:10:00,2024-02-13,66.0,66.0,66.0,66.0,0,0,1
FINNIFTY13FEB2421250CE.NFO,2024-01-16,11:11:00,2024-02-13,66.0,66.0,66.0,66.0,0,0,1
FINNIFTY13FEB2421250CE.NFO,2024-01-16,11:12:00,2024-02-13,66.0,66.0,66.0,66.0,0,0,1
FINNIFTY13FEB2421250CE.NFO,2024-01-16,11:13:00,2024-02-13,66.0,66.0,66.0,66.0,0,0,1
FINNIFTY13FEB2421250CE.NFO,2024-01-16,11:14:00,2024-02-13,66.0,66.0,66.0,66.0,0,0,1
FINNIFTY13FEB2421250CE.NFO,2024-01-16,11:15:00,2024-02-13,66.0,66.0,66.0,66.0,0,0,1
FINNIFTY13FEB2421250CE.NFO,2024-01-16,11:16:00,2024-02-13,66.0,66.0,66.0,66.0,0,0,1
FINNIFTY13FEB2421250CE.NFO,2024-01-16,11:17:00,2024-02-13,66.0,66.0,66.0,66.0,0,0,1
FINNIFTY13FEB2421250CE.NFO,2024-01-16,11:18:00,2024-02-13,66.0,66.0,66.0,66.0,0,0,1
FINNIFTY13FEB2421250CE.NFO,2024-01-16,11:19:00,2024-02-13,66.0,66.0,66.0,66.0,0,0,1
FINNIFTY13FEB2421250CE.NFO,2024-01-16,11:20:00,2024-02-13,66.0,66.0,66.0,66.0,0,0,1
FINNIFTY13FEB2421250CE.NFO,2024-01-16,11:21:00,2024-02-13,66.0,66.0,66.0,66.0,0,0,1
FINNIFTY13FEB2421250CE.NFO,2024-01-16,11:22:00,2024-02-13,66.0,66.0,66.0,66.0,0,0,1
FINNIFTY13FEB2421250CE.NFO,2024-01-16,11:23:00,2024-02-13,66.0,66.0,66.0,66.0,0,0,1
FINNIFTY13FEB2421250CE.NFO,2024-01-16,11:24:00,2024-02-13,66.0,66.0,66.0,66.0,0,0,1
FINNIFTY13FEB2421250CE.NFO,2024-01-16,11:25:00,2024-02-13,66.0,66.0,66.0,66.0,0,0,1
FINNIFTY13FEB2421250CE.NFO,2024-01-16,11:26:00,2024-02-13,66.0,66.0,66.0,66.0,0,0,1
FINNIFTY13FEB2421250CE.NFO,2024-01-16,11:27:00,2024-02-13,66.0,66.0,66.0,66.0,0,0,1
FINNIFTY13FEB2421250CE.NFO,2024-01-16,11:28:00,2024-02-13,66.0,66.0,66.0,66.0,0,0,1
FINNIFTY13FEB2421250CE.NFO,2024-01-16,11:29:00,2024-02-13,66.0,66.0,66.0,66.0,0,0,1
FINNIFTY13FEB2421250CE.NFO,2024-01-16,11:30:00,2024-02-13,66.0,66.0,66.0,66.0,0,0,1
FINNIFTY13FEB2421250CE.NFO,2024-01-16,11:31:00,2024-02-13,66.0,66.0,66.0,66.0,0,0,1
FINNIFTY13FEB2421250CE.NFO,2024-01-16,11:32:00,2024-02-13,66.0,66.0,66.0,66.0,0,0,1
FINNIFTY13FEB2421250CE.NFO,2024-01-16,11:33:00,2024-02-13,66.0,66.0,66.0,66.0,0,0,1
FINNIFTY13FEB2421250CE.NFO,2024-01-16,11:34:00,2024-02-13,66.0,66.0,66.0,66.0,0,0,1
FINNIFTY13FEB2421250CE.NFO,2024-01-16,11:35:00,2024-02-13,66.0,66.0,66.0,66.0,0,0,1
FINNIFTY13FEB2421250CE.NFO,2024-01-16,11:36:00,2024-02-13,66.0,66.0,66.0,66.0,0,0,1
FINNIFTY13FEB2421250CE.NFO,2024-01-16,11:37:00,2024-02-13,66.0,66.0,66.0,66.0,0,0,1
FINNIFTY13FEB2421250CE.NFO,2024-01-16,11:38:00,2024-02-13,66.0,66.0,66.0,66.0,0,0,1
FINNIFTY13FEB2421250CE.NFO,2024-01-16,11:39:00,2024-02-13,66.0,66.0,66.0,66.0,0,0,1
FINNIFTY13FEB2421250CE.NFO,2024-01-16,11:40:00,2024-02-13,66.0,66.0,66.0,66.0,0,0,1
FINNIFTY13FEB2421250CE.NFO,2024-01-16,11:41:00,2024-02-13,66.0,66.0,66.0,66.0,0,0,1
FINNIFTY13FEB2421250CE.NFO,2024-01-16,11:42:00,2024-02-13,66.0,66.0,66.0,66.0,0,0,1
FINNIFTY13FEB2421250CE.NFO,2024-01-16,11:43:00,2024-02-13,66.0,66.0,66.0,66.0,0,0,1
FINNIFTY13FEB2421250CE.NFO,2024-01-16,11:44:00,2024-02-13,66.0,66.0,66.0,66.0,0,0,1
FINNIFTY13FEB2421250CE.NFO,2024-01-16,11:45:00,2024-02-13,66.0,66.0,66.0,66.0,0,0,1
FINNIFTY13FEB2421250CE.NFO,2024-01-16,11:46:00,2024-02-13,66.0,66.0,66.0,66.0,0,0,1
FINNIFTY13FEB2421250CE.NFO,2024-01-16,11:47:00,2024-02-13,66.0,66.0,66.0,66.0,0,0,1
FINNIFTY13FEB2421250CE.NFO,2024-01-16,11:48:00,2024-02-13,66.0,66.0,66.0,66.0,0,0,1
FINNIFTY13FEB2421250CE.NFO,2024-01-16,11:49:00,2024-02-13,66.0,66.0,66.0,66.0,0,0,1
FINNIFTY13FEB2421250CE.NFO,2024-01-16,11:50:00,2024-02-13,66.0,66.0,66.0,66.0,0,0,1
FINNIFTY13FEB2421250CE.NFO,2024-01-16,11:51:00,2024-02-13,66.0,66.0,66.0,66.0,0,0,1
FINNIFTY13FEB2421250CE.NFO,2024-01-16,11:52:00,2024-02-13,66.0,66.0,66.0,66.0,0,0,1
FINNIFTY13FEB2421250CE.NFO,2024-01-16,11:53:00,2024-02-13,66.0,66.0,66.0,66.0,0,0,1
FINNIFTY13FEB2421250CE.NFO,2024-01-16,11:54:00,2024-02-13,66.0,66.0,66.0,66.0,0,0,1
FINNIFTY13FEB2421250CE.NFO,2024-01-16,11:55:00,2024-02-13,66.0,66.0,66.0,66.0,0,0,1
FINNIFTY13FEB2421250CE.NFO,2024-01-16,11:56:00,2024-02-13,66.0,66.0,66.0,66.0,0,0,1
FINNIFTY13FEB2421250CE.NFO,2024-01-16,11:57:00,2024-02-13,66.0,66.0,66.0,66.0,0,0,1
FINNIFTY13FEB2421250CE.NFO,2024-01-16,11:58:00,2024-02-13,66.0,66.0,66.0,66.0,0,0,1
FINNIFTY13FEB2421250CE.NFO,2024-01-16,11:59:00,2024-02-13,66.0,66.0,66.0,66.0,0,0,1
FINNIFTY13FEB2421250CE.NFO,2024-01-16,12:00:00,2024-02-13,66.0,66.0,66.0,66.0,0,0,1
FINNIFTY13FEB2421250CE.NFO,2024-01-16,12:01:00,2024-02-13,66.0,66.0,66.0,66.0,0,0,1
FINNIFTY13FEB2421250CE.NFO,2024-01-16,12:02:00,2024-02-13,66.0,66.0,66.0,66.0,0,0,1
FINNIFTY13FEB2421250CE.NFO,2024-01-16,12:03:00,2024-02-13,66.0,66.0,66.0,66.0,0,0,1
FINNIFTY13FEB2421250CE.NFO,2024-01-16,12:04:00,2024-02-13,66.0,66.0,66.0,66.0,0,0,1
FINNIFTY13FEB2421250CE.NFO,2024-01-16,12:05:00,2024-02-13,66.0,66.0,66.0,66.0,0,0,1
FINNIFTY13FEB2421250CE.NFO,2024-01-16,12:06:00,2024-02-13,66.0,66.0,66.0,66.0,0,0,1
FINNIFTY13FEB2421250CE.NFO,2024-01-16,12:07:00,2024-02-13,66.0,66.0,66.0,66.0,0,0,1
FINNIFTY13FEB2421250CE.NFO,2024-01-16,12:08:00,2024-02-13,66.0,66.0,66.0,66.0,0,0,1
FINNIFTY13FEB2421250CE.NFO,2024-01-16,12:09:00,2024-02-13,66.0,66.0,66.0,66.0,0,0,1
FINNIFTY13FEB2421250CE.NFO,2024-01-16,12:10:00,2024-02-13,66.0,66.0,66.0,66.0,0,0,1
FINNIFTY13FEB2421250CE.NFO,2024-01-16,12:11:00,2024-02-13,66.0,66.0,66.0,66.0,0,0,1
FINNIFTY13FEB2421250CE.NFO,2024-01-16,12:12:00,2024-02-13,66.0,66.0,66.0,66.0,0,0,1
FINNIFTY13FEB2421250CE.NFO,2024-01-16,12:13:00,2024-02-13,66.0,66.0,66.0,66.0,0,0,1
FINNIFTY13FEB2421250CE.NFO,2024-01-16,12:14:00,2024-02-13,66.0,66.0,66.0,66.0,0,0,1
FINNIFTY13FEB2421250CE.NFO,2024-01-16,12:15:00,2024-02-13,66.0,66.0,66.0,66.0,0,0,1
FINNIFTY13FEB2421250CE.NFO,2024-01-16,12:16:00,2024-02-13,66.0,66.0,66.0,66.0,0,0,1
FINNIFTY13FEB2421250CE.NFO,2024-01-16,12:17:00,2024-02-13,66.0,66.0,66.0,66.0,0,0,1
FINNIFTY13FEB2421250CE.NFO,2024-01-16,12:18:00,2024-02-13,66.0,66.0,66.0,66.0,0,0,1
FINNIFTY13FEB2421250CE.NFO,2024-01-16,12:19:00,2024-02-13,66.0,66.0,66.0,66.0,0,0,1
FINNIFTY13FEB2421250CE.NFO,2024-01-16,12:20:00,2024-02-13,66.0,66.0,66.0,66.0,0,0,1
FINNIFTY13FEB2421250CE.NFO,2024-01-16,12:21:00,2024-02-13,66.0,66.0,66.0,66.0,0,0,1
FINNIFTY13FEB2421250CE.NFO,2024-01-16,12:22:00,2024-02-13,66.0,66.0,66.0,66.0,0,0,1
FINNIFTY13FEB2421250CE.NFO,2024-01-16,12:23:00,2024-02-13,66.0,66.0,66.0,66.0,0,0,1
FINNIFTY13FEB2421250CE.NFO,2024-01-16,12:24:00,2024-02-13,66.0,66.0,66.0,66.0,0,0,1
FINNIFTY13FEB2421250CE.NFO,2024-01-16,12:25:00,2024-02-13,66.0,66.0,66.0,66.0,0,0,1
FINNIFTY13FEB2421250CE.NFO,2024-01-16,12:26:00,2024-02-13,66.0,66.0,66.0,66.0,0,0,1
FINNIFTY13FEB2421250CE.NFO,2024-01-16,12:27:00,2024-02-13,66.0,66.0,66.0,66.0,0,0,1
FINNIFTY13FEB2421250CE.NFO,2024-01-16,12:28:00,2024-02-13,66.0,66.0,66.0,66.0,0,0,1
FINNIFTY13FEB2421250CE.NFO,2024-01-16,12:29:00,2024-02-13,66.0,66.0,66.0,66.0,0,0,1
FINNIFTY13FEB2421250CE.NFO,2024-01-16,12:30:00,2024-02-13,66.0,66.0,66.0,66.0,0,0,1
FINNIFTY13FEB2421250CE.NFO,2024-01-16,12:31:00,2024-02-13,66.0,66.0,66.0,66.0,0,0,1
FINNIFTY13FEB2421250CE.NFO,2024-01-16,12:32:00,2024-02-13,66.0,66.0,66.0,66.0,0,0,1
FINNIFTY13FEB2421250CE.NFO,2024-01-16,12:33:00,2024-02-13,66.0,66.0,66.0,66.0,0,0,1
FINNIFTY13FEB2421250CE.NFO,2024-01-16,12:34:00,2024-02-13,66.0,66.0,66.0,66.0,0,0,1
FINNIFTY13FEB2421250CE.NFO,2024-01-16,12:35:00,2024-02-13,66.0,66.0,66.0,66.0,0,0,1
FINNIFTY13FEB2421250CE.NFO,2024-01-16,12:36:00,2024-02-13,66.0,66.0,66.0,66.0,0,0,1
FINNIFTY13FEB2421250CE.NFO,2024-01-16,12:37:00,2024-02-13,66.0,66.0,66.0,66.0,0,0,1
FINNIFTY13FEB2421250CE.NFO,2024-01-16,12:38:00,2024-02-13,66.0,66.0,66.0,66.0,0,0,1
FINNIFTY13FEB2421250CE.NFO,2024-01-16,12:39:00,2024-02-13,66.0,66.0,66.0,66.0,0,0,1
FINNIFTY13FEB2421250CE.NFO,2024-01-16,12:40:00,2024-02-13,66.0,66.0,66.0,66.0,0,0,1
FINNIFTY13FEB2421250CE.NFO,2024-01-16,12:41:00,2024-02-13,66.0,66.0,66.0,66.0,0,0,1
FINNIFTY13FEB2421250CE.NFO,2024-01-16,12:42:00,2024-02-13,66.0,66.0,66.0,66.0,0,0,1
FINNIFTY13FEB2421250CE.NFO,2024-01-16,12:43:00,2024-02-13,66.0,66.0,66.0,66.0,0,0,1
FINNIFTY13FEB2421250CE.NFO,2024-01-16,12:44:00,2024-02-13,66.0,66.0,66.0,66.0,0,0,1
FINNIFTY13FEB2421250CE.NFO,2024-01-16,12:45:00,2024-02-13,66.0,66.0,66.0,66.0,0,0,1
FINNIFTY13FEB2421250CE.NFO,2024-01-16,12:46:00,2024-02-13,66.0,66.0,66.0,66.0,0,0,1
FINNIFTY13FEB2421250CE.NFO,2024-01-16,12:47:00,2024-02-13,66.0,66.0,66.0,66.0,0,0,1
FINNIFTY13FEB2421250CE.NFO,2024-01-16,12:48:00,2024-02-13,66.0,66.0,66.0,66.0,0,0,1
FINNIFTY13FEB2421250CE.NFO,2024-01-16,12:49:00,2024-02-13,66.0,66.0,66.0,66.0,0,0,1
FINNIFTY13FEB2421250CE.NFO,2024-01-16,12:50:00,2024-02-13,66.0,66.0,66.0,66.0,0,0,1
FINNIFTY13FEB2421250CE.NFO,2024-01-16,12:51:00,2024-02-13,66.0,66.0,66.0,66.0,0,0,1
FINNIFTY13FEB2421250CE.NFO,2024-01-16,12:52:00,2024-02-13,66.0,66.0,66.0,66.0,0,0,1
FINNIFTY13FEB2421250CE.NFO,2024-01-16,12:53:00,2024-02-13,66.0,66.0,66.0,66.0,0,0,1
FINNIFTY13FEB2421250CE.NFO,2024-01-16,12:54:00,2024-02-13,66.0,66.0,66.0,66.0,0,0,1
FINNIFTY13FEB2421250CE.NFO,2024-01-16,12:55:00,2024-02-13,66.0,66.0,66.0,66.0,0,0,1
FINNIFTY13FEB2421250CE.NFO,2024-01-16,12:56:00,2024-02-13,66.0,66.0,66.0,66.0,0,0,1
FINNIFTY13FEB2421250CE.NFO,2024-01-16,12:57:00,2024-02-13,66.0,66.0,66.0,66.0,0,0,1
FINNIFTY13FEB2421250CE.NFO,2024-01-16,12:58:00,2024-02-13,66.0,66.0,66.0,66.0,0,0,1
FINNIFTY13FEB2421250CE.NFO,2024-01-16,12:59:00,2024-02-13,66.0,66.0,66.0,66.0,0,0,1
FINNIFTY13FEB2421250CE.NFO,2024-01-16,13:00:00,2024-02-13,66.0,66.0,66.0,66.0,0,0,1
FINNIFTY13FEB2421250CE.NFO,2024-01-16,13:01:00,2024-02-13,66.0,66.0,66.0,66.0,0,0,1
FINNIFTY13FEB2421250CE.NFO,2024-01-16,13:02:00,2024-02-13,66.0,66.0,66.0,66.0,0,0,1
FINNIFTY13FEB2421250CE.NFO,2024-01-16,13:03:00,2024-02-13,66.0,66.0,66.0,66.0,0,0,1
FINNIFTY13FEB2421250CE.NFO,2024-01-16,13:04:00,2024-02-13,66.0,66.0,66.0,66.0,0,0,1
FINNIFTY13FEB2421250CE.NFO,2024-01-16,13:05:00,2024-02-13,66.0,66.0,66.0,66.0,0,0,1
FINNIFTY13FEB2421250CE.NFO,2024-01-16,13:06:00,2024-02-13,66.0,66.0,66.0,66.0,0,0,1
FINNIFTY13FEB2421250CE.NFO,2024-01-16,13:07:00,2024-02-13,66.0,66.0,66.0,66.0,0,0,1
FINNIFTY13FEB2421250CE.NFO,2024-01-16,13:08:00,2024-02-13,66.0,66.0,66.0,66.0,0,0,1
FINNIFTY13FEB2421250CE.NFO,2024-01-16,13:09:00,2024-02-13,66.0,66.0,66.0,66.0,0,0,1
FINNIFTY13FEB2421250CE.NFO,2024-01-16,13:10:00,2024-02-13,66.0,66.0,66.0,66.0,0,0,1
FINNIFTY13FEB2421250CE.NFO,2024-01-16,13:11:00,2024-02-13,66.0,66.0,66.0,66.0,0,0,1
FINNIFTY13FEB2421250CE.NFO,2024-01-16,13:12:00,2024-02-13,66.0,66.0,66.0,66.0,0,0,1
FINNIFTY13FEB2421250CE.NFO,2024-01-16,13:13:00,2024-02-13,66.0,66.0,66.0,66.0,0,0,1
FINNIFTY13FEB2421250CE.NFO,2024-01-16,13:14:00,2024-02-13,66.0,66.0,66.0,66.0,0,0,1
FINNIFTY13FEB2421250CE.NFO,2024-01-16,13:15:00,2024-02-13,66.0,66.0,66.0,66.0,0,0,1
FINNIFTY13FEB2421250CE.NFO,2024-01-16,13:16:00,2024-02-13,66.0,66.0,66.0,66.0,0,0,1
FINNIFTY13FEB2421250CE.NFO,2024-01-16,13:17:00,2024-02-13,66.0,66.0,66.0,66.0,0,0,1
FINNIFTY13FEB2421250CE.NFO,2024-01-16,13:18:00,2024-02-13,66.0,66.0,66.0,66.0,0,0,1
FINNIFTY13FEB2421250CE.NFO,2024-01-16,13:19:00,2024-02-13,66.0,66.0,66.0,66.0,0,0,1
FINNIFTY13FEB2421250CE.NFO,2024-01-16,13:20:00,2024-02-13,66.0,66.0,66.0,66.0,0,0,1
FINNIFTY13FEB2421250CE.NFO,2024-01-16,13:21:00,2024-02-13,66.0,66.0,66.0,66.0,0,0,1
FINNIFTY13FEB2421250CE.NFO,2024-01-16,13:22:00,2024-02-13,66.0,66.0,66.0,66.0,0,0,1
FINNIFTY13FEB2421250CE.NFO,2024-01-16,13:23:00,2024-02-13,66.0,66.0,66.0,66.0,0,0,1
FINNIFTY13FEB2421250CE.NFO,2024-01-16,13:24:00,2024-02-13,66.0,66.0,66.0,66.0,0,0,1
FINNIFTY13FEB2421250CE.NFO,2024-01-16,13:25:00,2024-02-13,66.0,66.0,66.0,66.0,0,0,1
FINNIFTY13FEB2421250CE.NFO,2024-01-16,13:26:00,2024-02-13,66.0,66.0,66.0,66.0,0,0,1
FINNIFTY13FEB2421250CE.NFO,2024-01-16,13:27:00,2024-02-13,66.0,66.0,66.0,66.0,0,0,1
FINNIFTY13FEB2421250CE.NFO,2024-01-16,13:28:00,2024-02-13,66.0,66.0,66.0,66.0,0,0,1
FINNIFTY13FEB2421250CE.NFO,2024-01-16,13:29:00,2024-02-13,66.0,66.0,66.0,66.0,0,0,1
FINNIFTY13FEB2421250CE.NFO,2024-01-16,13:30:00,2024-02-13,66.0,66.0,66.0,66.0,0,0,1
FINNIFTY13FEB2421250CE.NFO,2024-01-16,13:31:00,2024-02-13,66.0,66.0,66.0,66.0,0,0,1
FINNIFTY13FEB2421250CE.NFO,2024-01-16,13:32:00,2024-02-13,66.0,66.0,66.0,66.0,0,0,1
FINNIFTY13FEB2421250CE.NFO,2024-01-16,13:33:00,2024-02-13,66.0,66.0,66.0,66.0,0,0,1
FINNIFTY13FEB2421250CE.NFO,2024-01-16,13:34:00,2024-02-13,66.0,66.0,66.0,66.0,0,0,1
FINNIFTY13FEB2421250CE.NFO,2024-01-16,13:35:00,2024-02-13,66.0,66.0,66.0,66.0,0,0,1
FINNIFTY13FEB2421250CE.NFO,2024-01-16,13:36:00,2024-02-13,66.0,66.0,66.0,66.0,0,0,1
FINNIFTY13FEB2421250CE.NFO,2024-01-16,13:37:00,2024-02-13,66.0,66.0,66.0,66.0,0,0,1
FINNIFTY13FEB2421250CE.NFO,2024-01-16,13:38:00,2024-02-13,66.0,66.0,66.0,66.0,0,0,1
FINNIFTY13FEB2421250CE.NFO,2024-01-16,13:39:00,2024-02-13,66.0,66.0,66.0,66.0,0,0,1
FINNIFTY13FEB2421250CE.NFO,2024-01-16,13:40:00,2024-02-13,66.0,66.0,66.0,66.0,0,0,1
FINNIFTY13FEB2421250CE.NFO,2024-01-16,13:41:00,2024-02-13,66.0,66.0,66.0,66.0,0,0,1
FINNIFTY13FEB2421250CE.NFO,2024-01-16,13:42:00,2024-02-13,66.0,66.0,66.0,66.0,0,0,1
FINNIFTY13FEB2421250CE.NFO,2024-01-16,13:43:00,2024-02-13,66.0,66.0,66.0,66.0,0,0,1
FINNIFTY13FEB2421250CE.NFO,2024-01-16,13:44:00,2024-02-13,66.0,66.0,66.0,66.0,0,0,1
FINNIFTY13FEB2421250CE.NFO,2024-01-16,13:45:00,2024-02-13,66.0,66.0,66.0,66.0,0,0,1
FINNIFTY13FEB2421250CE.NFO,2024-01-16,13:46:00,2024-02-13,66.0,66.0,66.0,66.0,0,0,1
FINNIFTY13FEB2421250CE.NFO,2024-01-16,13:47:00,2024-02-13,66.0,66.0,66.0,66.0,0,0,1
FINNIFTY13FEB2421250CE.NFO,2024-01-16,13:48:00,2024-02-13,66.0,66.0,66.0,66.0,0,0,1
FINNIFTY13FEB2421250CE.NFO,2024-01-16,13:49:00,2024-02-13,66.0,66.0,66.0,66.0,0,0,1
FINNIFTY13FEB2421250CE.NFO,2024-01-16,13:50:00,2024-02-13,66.0,66.0,66.0,66.0,0,0,1
FINNIFTY13FEB2421250CE.NFO,2024-01-16,13:51:00,2024-02-13,66.0,66.0,66.0,66.0,0,0,1
FINNIFTY13FEB2421250CE.NFO,2024-01-16,13:52:00,2024-02-13,66.0,66.0,66.0,66.0,0,0,1
FINNIFTY13FEB2421250CE.NFO,2024-01-16,13:53:00,2024-02-13,66.0,66.0,66.0,66.0,0,0,1
FINNIFTY13FEB2421250CE.NFO,2024-01-16,13:54:00,2024-02-13,66.0,66.0,66.0,66.0,0,0,1
FINNIFTY13FEB2421250CE.NFO,2024-01-16,13:55:00,2024-02-13,66.0,66.0,66.0,66.0,0,0,1
FINNIFTY13FEB2421250CE.NFO,2024-01-16,13:56:00,2024-02-13,66.0,66.0,66.0,66.0,0,0,1
FINNIFTY13FEB2421250CE.NFO,2024-01-16,13:57:00,2024-02-13,66.0,66.0,66.0,66.0,0,0,1
FINNIFTY13FEB2421250CE.NFO,2024-01-16,13:58:00,2024-02-13,66.0,66.0,66.0,66.0,0,0,1
FINNIFTY13FEB2421250CE.NFO,2024-01-16,13:59:00,2024-02-13,66.0,66.0,66.0,66.0,0,0,1
FINNIFTY13FEB2421250CE.NFO,2024-01-16,14:00:00,2024-02-13,66.0,66.0,66.0,66.0,0,0,1
FINNIFTY13FEB2421250CE.NFO,2024-01-16,14:01:00,2024-02-13,66.0,66.0,66.0,66.0,0,0,1
FINNIFTY13FEB2421250CE.NFO,2024-01-16,14:02:00,2024-02-13,66.0,66.0,66.0,66.0,0,0,1
FINNIFTY13FEB2421250CE.NFO,2024-01-16,14:03:00,2024-02-13,66.0,66.0,66.0,66.0,0,0,1
FINNIFTY13FEB2421250CE.NFO,2024-01-16,14:04:00,2024-02-13,66.0,66.0,66.0,66.0,0,0,1
FINNIFTY13FEB2421250CE.NFO,2024-01-16,14:05:00,2024-02-13,66.0,66.0,66.0,66.0,0,0,1
FINNIFTY13FEB2421250CE.NFO,2024-01-16,14:06:00,2024-02-13,66.0,66.0,66.0,66.0,0,0,1
FINNIFTY13FEB2421250CE.NFO,2024-01-16,14:07:00,2024-02-13,66.0,66.0,66.0,66.0,0,0,1
FINNIFTY13FEB2421250CE.NFO,2024-01-16,14:08:00,2024-02-13,66.0,66.0,66.0,66.0,0,0,1
FINNIFTY13FEB2421250CE.NFO,2024-01-16,14:09:00,2024-02-13,66.0,66.0,66.0,66.0,0,0,1
FINNIFTY13FEB2421250CE.NFO,2024-01-16,14:10:00,2024-02-13,66.0,66.0,66.0,66.0,0,0,1
FINNIFTY13FEB2421250CE.NFO,2024-01-16,14:11:00,2024-02-13,66.0,66.0,66.0,66.0,0,0,1
FINNIFTY13FEB2421250CE.NFO,2024-01-16,14:12:00,2024-02-13,66.0,66.0,66.0,66.0,0,0,1
FINNIFTY13FEB2421250CE.NFO,2024-01-16,14:13:00,2024-02-13,66.0,66.0,66.0,66.0,0,0,1
FINNIFTY13FEB2421250CE.NFO,2024-01-16,14:14:00,2024-02-13,66.0,66.0,66.0,66.0,0,0,1
FINNIFTY13FEB2421250CE.NFO,2024-01-16,14:15:00,2024-02-13,66.0,66.0,66.0,66.0,0,0,1
FINNIFTY13FEB2421250CE.NFO,2024-01-16,14:16:00,2024-02-13,66.0,66.0,66.0,66.0,0,0,1
FINNIFTY13FEB2421250CE.NFO,2024-01-16,14:17:00,2024-02-13,66.0,66.0,66.0,66.0,0,0,1
FINNIFTY13FEB2421250CE.NFO,2024-01-16,14:18:00,2024-02-13,66.0,66.0,66.0,66.0,0,0,1
FINNIFTY13FEB2421250CE.NFO,2024-01-16,14:19:00,2024-02-13,66.0,66.0,66.0,66.0,0,0,1
FINNIFTY13FEB2421250CE.NFO,2024-01-16,14:20:00,2024-02-13,66.0,66.0,66.0,66.0,0,0,1
FINNIFTY13FEB2421250CE.NFO,2024-01-16,14:21:00,2024-02-13,66.0,66.0,66.0,66.0,0,0,1
FINNIFTY13FEB2421250CE.NFO,2024-01-16,14:22:00,2024-02-13,66.0,66.0,66.0,66.0,0,0,1
FINNIFTY13FEB2421250CE.NFO,2024-01-16,14:23:00,2024-02-13,66.0,66.0,66.0,66.0,0,0,1
FINNIFTY13FEB2421250CE.NFO,2024-01-16,14:24:00,2024-02-13,66.0,66.0,66.0,66.0,0,0,1
FINNIFTY13FEB2421250CE.NFO,2024-01-16,14:25:00,2024-02-13,66.0,66.0,66.0,66.0,0,0,1
FINNIFTY13FEB2421250CE.NFO,2024-01-16,14:26:00,2024-02-13,66.0,66.0,66.0,66.0,0,0,1
FINNIFTY13FEB2421250CE.NFO,2024-01-16,14:27:00,2024-02-13,66.0,66.0,66.0,66.0,0,0,1
FINNIFTY13FEB2421250CE.NFO,2024-01-16,14:28:00,2024-02-13,66.0,66.0,66.0,66.0,0,0,1
FINNIFTY13FEB2421250CE.NFO,2024-01-16,14:29:00,2024-02-13,66.0,66.0,66.0,66.0,0,0,1
FINNIFTY13FEB2421250CE.NFO,2024-01-16,14:30:00,2024-02-13,66.0,66.0,66.0,66.0,0,0,1
FINNIFTY13FEB2421250CE.NFO,2024-01-16,14:31:00,2024-02-13,66.0,66.0,66.0,66.0,0,0,1
FINNIFTY13FEB2421250CE.NFO,2024-01-16,14:32:00,2024-02-13,66.0,66.0,66.0,66.0,0,0,1
FINNIFTY13FEB2421250CE.NFO,2024-01-16,14:33:00,2024-02-13,66.0,66.0,66.0,66.0,0,0,1
FINNIFTY13FEB2421250CE.NFO,2024-01-16,14:34:00,2024-02-13,66.0,66.0,66.0,66.0,0,0,1
FINNIFTY13FEB2421250CE.NFO,2024-01-16,14:35:00,2024-02-13,66.0,66.0,66.0,66.0,0,0,1
FINNIFTY13FEB2421250CE.NFO,2024-01-16,14:36:00,2024-02-13,66.0,66.0,66.0,66.0,0,0,1
FINNIFTY13FEB2421250CE.NFO,2024-01-16,14:37:00,2024-02-13,66.0,66.0,66.0,66.0,0,0,1
FINNIFTY13FEB2421250CE.NFO,2024-01-16,14:38:00,2024-02-13,66.0,66.0,66.0,66.0,0,0,1
FINNIFTY13FEB2421250CE.NFO,2024-01-16,14:39:00,2024-02-13,66.0,66.0,66.0,66.0,0,0,1
FINNIFTY13FEB2421250CE.NFO,2024-01-16,14:40:00,2024-02-13,66.0,66.0,66.0,66.0,0,0,1
FINNIFTY13FEB2421250CE.NFO,2024-01-16,14:41:00,2024-02-13,66.0,66.0,66.0,66.0,0,0,1
FINNIFTY13FEB2421250CE.NFO,2024-01-16,14:42:00,2024-02-13,66.0,66.0,66.0,66.0,0,0,1
FINNIFTY13FEB2421250CE.NFO,2024-01-16,14:43:00,2024-02-13,66.0,66.0,66.0,66.0,0,0,1
FINNIFTY13FEB2421250CE.NFO,2024-01-16,14:44:00,2024-02-13,66.0,66.0,66.0,66.0,0,0,1
FINNIFTY13FEB2421250CE.NFO,2024-01-16,14:45:00,2024-02-13,66.0,66.0,66.0,66.0,0,0,1
FINNIFTY13FEB2421250CE.NFO,2024-01-16,14:46:00,2024-02-13,66.0,66.0,66.0,66.0,0,0,1
FINNIFTY13FEB2421250CE.NFO,2024-01-16,14:47:00,2024-02-13,66.0,66.0,66.0,66.0,0,0,1
FINNIFTY13FEB2421250CE.NFO,2024-01-16,14:48:00,2024-02-13,66.0,66.0,66.0,66.0,0,0,1
FINNIFTY13FEB2421250CE.NFO,2024-01-16,14:49:00,2024-02-13,66.0,66.0,66.0,66.0,0,0,1
FINNIFTY13FEB2421250CE.NFO,2024-01-16,14:50:00,2024-02-13,66.0,66.0,66.0,66.0,0,0,1
FINNIFTY13FEB2421250CE.NFO,2024-01-16,14:51:00,2024-02-13,66.0,66.0,66.0,66.0,0,0,1
FINNIFTY13FEB2421250CE.NFO,2024-01-16,14:52:00,2024-02-13,66.0,66.0,66.0,66.0,0,0,1
FINNIFTY13FEB2421250CE.NFO,2024-01-16,14:53:00,2024-02-13,66.0,66.0,66.0,66.0,0,0,1
FINNIFTY13FEB2421250CE.NFO,2024-01-16,14:54:00,2024-02-13,66.0,66.0,66.0,66.0,0,0,1
FINNIFTY13FEB2421250CE.NFO,2024-01-16,14:55:00,2024-02-13,66.0,66.0,66.0,66.0,0,0,1
FINNIFTY13FEB2421250CE.NFO,2024-01-16,14:56:00,2024-02-13,66.0,66.0,66.0,66.0,0,0,1
FINNIFTY13FEB2421250CE.NFO,2024-01-16,14:57:00,2024-02-13,66.0,66.0,66.0,66.0,0,0,1
FINNIFTY13FEB2421250CE.NFO,2024-01-16,14:58:00,2024-02-13,66.0,66.0,66.0,66.0,0,0,1
FINNIFTY13FEB2421250CE.NFO,2024-01-16,14:59:00,2024-02-13,66.0,66.0,66.0,66.0,0,0,1
FINNIFTY13FEB2421250CE.NFO,2024-01-16,15:00:00,2024-02-13,66.0,66.0,66.0,66.0,0,0,1
FINNIFTY13FEB2421250CE.NFO,2024-01-16,15:01:00,2024-02-13,66.0,66.0,66.0,66.0,0,0,1
FINNIFTY13FEB2421250CE.NFO,2024-01-16,15:02:00,2024-02-13,66.0,66.0,66.0,66.0,0,0,1
FINNIFTY13FEB2421250CE.NFO,2024-01-16,15:03:00,2024-02-13,66.0,66.0,66.0,66.0,0,0,1
FINNIFTY13FEB2421250CE.NFO,2024-01-16,15:04:00,2024-02-13,66.0,66.0,66.0,66.0,0,0,1
FINNIFTY13FEB2421250CE.NFO,2024-01-16,15:05:00,2024-02-13,66.0,66.0,66.0,66.0,0,0,1
FINNIFTY13FEB2421250CE.NFO,2024-01-16,15:06:00,2024-02-13,66.0,66.0,66.0,66.0,0,0,1
FINNIFTY13FEB2421250CE.NFO,2024-01-16,15:07:00,2024-02-13,66.0,66.0,66.0,66.0,0,0,1
FINNIFTY13FEB2421250CE.NFO,2024-01-16,15:08:00,2024-02-13,66.0,66.0,66.0,66.0,0,0,1
FINNIFTY13FEB2421250CE.NFO,2024-01-16,15:09:00,2024-02-13,66.0,66.0,66.0,66.0,0,0,1
FINNIFTY13FEB2421250CE.NFO,2024-01-16,15:10:00,2024-02-13,66.0,66.0,66.0,66.0,0,0,1
FINNIFTY13FEB2421250CE.NFO,2024-01-16,15:11:00,2024-02-13,66.0,66.0,66.0,66.0,0,0,1
FINNIFTY13FEB2421250CE.NFO,2024-01-16,15:12:00,2024-02-13,66.0,66.0,66.0,66.0,0,0,1
FINNIFTY13FEB2421250CE.NFO,2024-01-16,15:13:00,2024-02-13,66.0,66.0,66.0,66.0,0,0,1
FINNIFTY13FEB2421250CE.NFO,2024-01-16,15:14:00,2024-02-13,66.0,66.0,66.0,66.0,0,0,1
FINNIFTY13FEB2421250CE.NFO,2024-01-16,15:15:00,2024-02-13,66.0,66.0,66.0,66.0,0,0,1
FINNIFTY13FEB2421250CE.NFO,2024-01-16,15:16:00,2024-02-13,66.0,66.0,66.0,66.0,0,0,1
FINNIFTY13FEB2421250CE.NFO,2024-01-16,15:17:00,2024-02-13,66.0,66.0,66.0,66.0,0,0,1
FINNIFTY13FEB2421250CE.NFO,2024-01-16,15:18:00,2024-02-13,66.0,66.0,66.0,66.0,0,0,1
FINNIFTY13FEB2421250CE.NFO,2024-01-16,15:19:00,2024-02-13,66.0,66.0,66.0,66.0,0,0,1
FINNIFTY13FEB2421250CE.NFO,2024-01-16,15:20:00,2024-02-13,66.0,66.0,66.0,66.0,0,0,1
FINNIFTY13FEB2421250CE.NFO,2024-01-16,15:21:00,2024-02-13,66.0,66.0,66.0,66.0,0,0,1
FINNIFTY13FEB2421250CE.NFO,2024-01-16,15:22:00,2024-02-13,66.0,66.0,66.0,66.0,0,0,1
FINNIFTY13FEB2421250CE.NFO,2024-01-16,15:23:00,2024-02-13,66.0,66.0,66.0,66.0,0,0,1
FINNIFTY13FEB2421250CE.NFO,2024-01-16,15:24:00,2024-02-13,66.0,66.0,66.0,66.0,0,0,1
FINNIFTY13FEB2421250CE.NFO,2024-01-16,15:25:00,2024-02-13,66.0,66.0,66.0,66.0,0,0,1
FINNIFTY13FEB2421250CE.NFO,2024-01-16,15:26:00,2024-02-13,66.0,66.0,66.0,66.0,0,0,1
FINNIFTY13FEB2421250CE.NFO,2024-01-16,15:27:00,2024-02-13,66.0,66.0,66.0,66.0,0,0,1
FINNIFTY13FEB2421250CE.NFO,2024-01-16,15:28:00,2024-02-13,66.0,66.0,66.0,66.0,0,0,1
FINNIFTY13FEB2421250CE.NFO,2024-01-16,15:29:00,2024-02-13,66.0,66.0,66.0,66.0,0,0,1
FINNIFTY13FEB2421250CE.NFO,2024-01-16,15:30:00,2024-02-13,66.0,66.0,66.0,66.0,0,0,1
FINNIFTY13FEB2421250CE.NFO,2024-01-17,09:15:00,2024-02-13,66.0,66.0,66.0,66.0,0,0,0
FINNIFTY13FEB2421250CE.NFO,2024-01-17,09:16:00,2024-02-13,66.0,66.0,66.0,66.0,0,0,1
FINNIFTY13FEB2421250CE.NFO,2024-01-17,09:17:00,2024-02-13,66.0,66.0,66.0,66.0,0,0,1
FINNIFTY13FEB2421250CE.NFO,2024-01-17,09:18:00,2024-02-13,66.0,66.0,66.0,66.0,0,0,1
FINNIFTY13FEB2421250CE.NFO,2024-01-17,09:19:00,2024-02-13,66.0,66.0,66.0,66.0,0,0,1
FINNIFTY13FEB2421250CE.NFO,2024-01-17,09:20:00,2024-02-13,66.0,66.0,66.0,66.0,0,0,1
FINNIFTY13FEB2421250CE.NFO,2024-01-17,09:21:00,2024-02-13,66.0,66.0,66.0,66.0,0,0,1
FINNIFTY13FEB2421250CE.NFO,2024-01-17,09:22:00,2024-02-13,66.0,66.0,66.0,66.0,0,0,1
FINNIFTY13FEB2421250CE.NFO,2024-01-17,09:23:00,2024-02-13,66.0,66.0,66.0,66.0,0,0,1
FINNIFTY13FEB2421250CE.NFO,2024-01-17,09:24:00,2024-02-13,66.0,66.0,66.0,66.0,0,0,1
FINNIFTY13FEB2421250CE.NFO,2024-01-17,09:25:00,2024-02-13,66.0,66.0,66.0,66.0,0,0,1
FINNIFTY13FEB2421250CE.NFO,2024-01-17,09:26:00,2024-02-13,66.0,66.0,66.0,66.0,0,0,1
FINNIFTY13FEB2421250CE.NFO,2024-01-17,09:27:00,2024-02-13,66.0,66.0,66.0,66.0,0,0,1
FINNIFTY13FEB2421250CE.NFO,2024-01-17,09:28:00,2024-02-13,66.0,66.0,66.0,66.0,0,0,1
FINNIFTY13FEB2421250CE.NFO,2024-01-17,09:29:00,2024-02-13,66.0,66.0,66.0,66.0,0,0,1
FINNIFTY13FEB2421250CE.NFO,2024-01-17,09:30:00,2024-02-13,66.0,66.0,66.0,66.0,0,0,1
FINNIFTY13FEB2421250CE.NFO,2024-01-17,09:31:00,2024-02-13,66.0,66.0,66.0,66.0,0,0,1
FINNIFTY13FEB2421250CE.NFO,2024-01-17,09:32:00,2024-02-13,66.0,66.0,66.0,66.0,0,0,1
FINNIFTY13FEB2421250CE.NFO,2024-01-17,09:33:00,2024-02-13,66.0,66.0,66.0,66.0,0,0,1
FINNIFTY13FEB2421250CE.NFO,2024-01-17,09:34:00,2024-02-13,66.0,66.0,66.0,66.0,0,0,1
FINNIFTY13FEB2421250CE.NFO,2024-01-17,09:35:00,2024-02-13,66.0,66.0,66.0,66.0,0,0,1
FINNIFTY13FEB2421250CE.NFO,2024-01-17,09:36:00,2024-02-13,66.0,66.0,66.0,66.0,0,0,1
FINNIFTY13FEB2421250CE.NFO,2024-01-17,09:37:00,2024-02-13,66.0,66.0,66.0,66.0,0,0,1
FINNIFTY13FEB2421250CE.NFO,2024-01-17,09:38:00,2024-02-13,66.0,66.0,66.0,66.0,0,0,1
FINNIFTY13FEB2421250CE.NFO,2024-01-17,09:39:00,2024-02-13,66.0,66.0,66.0,66.0,0,0,1
FINNIFTY13FEB2421250CE.NFO,2024-01-17,09:40:00,2024-02-13,66.0,66.0,66.0,66.0,0,0,1
FINNIFTY13FEB2421250CE.NFO,2024-01-17,09:41:00,2024-02-13,66.0,66.0,66.0,66.0,0,0,1
FINNIFTY13FEB2421250CE.NFO,2024-01-17,09:42:00,2024-02-13,66.0,66.0,66.0,66.0,0,0,1
FINNIFTY13FEB2421250CE.NFO,2024-01-17,09:43:00,2024-02-13,66.0,66.0,66.0,66.0,0,0,1
FINNIFTY13FEB2421250CE.NFO,2024-01-17,09:44:00,2024-02-13,66.0,66.0,66.0,66.0,0,0,1
FINNIFTY13FEB2421250CE.NFO,2024-01-17,09:45:00,2024-02-13,66.0,66.0,66.0,66.0,0,0,1
FINNIFTY13FEB2421250CE.NFO,2024-01-17,09:46:00,2024-02-13,66.0,66.0,66.0,66.0,0,0,1
FINNIFTY13FEB2421250CE.NFO,2024-01-17,09:47:00,2024-02-13,66.0,66.0,66.0,66.0,0,0,1
FINNIFTY13FEB2421250CE.NFO,2024-01-17,09:48:00,2024-02-13,66.0,66.0,66.0,66.0,0,0,1
FINNIFTY13FEB2421250CE.NFO,2024-01-17,09:49:00,2024-02-13,66.0,66.0,66.0,66.0,0,0,1
FINNIFTY13FEB2421250CE.NFO,2024-01-17,09:50:00,2024-02-13,66.0,66.0,66.0,66.0,0,0,1
FINNIFTY13FEB2421250CE.NFO,2024-01-17,09:51:00,2024-02-13,66.0,66.0,66.0,66.0,0,0,1
FINNIFTY13FEB2421250CE.NFO,2024-01-17,09:52:00,2024-02-13,66.0,66.0,66.0,66.0,0,0,1
FINNIFTY13FEB2421250CE.NFO,2024-01-17,09:53:00,2024-02-13,66.0,66.0,66.0,66.0,0,0,1
FINNIFTY13FEB2421250CE.NFO,2024-01-17,09:54:00,2024-02-13,66.0,66.0,66.0,66.0,0,0,1
FINNIFTY13FEB2421250CE.NFO,2024-01-17,09:55:00,2024-02-13,66.0,66.0,66.0,66.0,0,0,1
FINNIFTY13FEB2421250CE.NFO,2024-01-17,09:56:00,2024-02-13,66.0,66.0,66.0,66.0,0,0,1
FINNIFTY13FEB2421250CE.NFO,2024-01-17,09:57:00,2024-02-13,66.0,66.0,66.0,66.0,0,0,1
FINNIFTY13FEB2421250CE.NFO,2024-01-17,09:58:00,2024-02-13,66.0,66.0,66.0,66.0,0,0,1
FINNIFTY13FEB2421250CE.NFO,2024-01-17,09:59:00,2024-02-13,66.0,66.0,66.0,66.0,0,0,1
FINNIFTY13FEB2421250CE.NFO,2024-01-17,10:00:00,2024-02-13,66.0,66.0,66.0,66.0,0,0,1
FINNIFTY13FEB2421250CE.NFO,2024-01-17,10:01:00,2024-02-13,66.0,66.0,66.0,66.0,0,0,1
FINNIFTY13FEB2421250CE.NFO,2024-01-17,10:02:00,2024-02-13,66.0,66.0,66.0,66.0,0,0,1
FINNIFTY13FEB2421250CE.NFO,2024-01-17,10:03:00,2024-02-13,66.0,66.0,66.0,66.0,0,0,1
FINNIFTY13FEB2421250CE.NFO,2024-01-17,10:04:00,2024-02-13,66.0,66.0,66.0,66.0,0,0,1
FINNIFTY13FEB2421250CE.NFO,2024-01-17,10:05:00,2024-02-13,66.0,66.0,66.0,66.0,0,0,1
FINNIFTY13FEB2421250CE.NFO,2024-01-17,10:06:00,2024-02-13,66.0,66.0,66.0,66.0,0,0,1
FINNIFTY13FEB2421250CE.NFO,2024-01-17,10:07:00,2024-02-13,66.0,66.0,66.0,66.0,0,0,1
FINNIFTY13FEB2421250CE.NFO,2024-01-17,10:08:00,2024-02-13,66.0,66.0,66.0,66.0,0,0,1
FINNIFTY13FEB2421250CE.NFO,2024-01-17,10:09:00,2024-02-13,66.0,66.0,66.0,66.0,0,0,1
FINNIFTY13FEB2421250CE.NFO,2024-01-17,10:10:00,2024-02-13,66.0,66.0,66.0,66.0,0,0,1
FINNIFTY13FEB2421250CE.NFO,2024-01-17,10:11:00,2024-02-13,66.0,66.0,66.0,66.0,0,0,1
FINNIFTY13FEB2421250CE.NFO,2024-01-17,10:12:00,2024-02-13,66.0,66.0,66.0,66.0,0,0,1
FINNIFTY13FEB2421250CE.NFO,2024-01-17,10:13:00,2024-02-13,66.0,66.0,66.0,66.0,0,0,1
FINNIFTY13FEB2421250CE.NFO,2024-01-17,10:14:00,2024-02-13,66.0,66.0,66.0,66.0,0,0,1
FINNIFTY13FEB2421250CE.NFO,2024-01-17,10:15:00,2024-02-13,66.0,66.0,66.0,66.0,0,0,1
FINNIFTY13FEB2421250CE.NFO,2024-01-17,10:16:00,2024-02-13,66.0,66.0,66.0,66.0,0,0,1
FINNIFTY13FEB2421250CE.NFO,2024-01-17,10:17:00,2024-02-13,66.0,66.0,66.0,66.0,0,0,1
FINNIFTY13FEB2421250CE.NFO,2024-01-17,10:18:00,2024-02-13,66.0,66.0,66.0,66.0,0,0,1
FINNIFTY13FEB2421250CE.NFO,2024-01-17,10:19:00,2024-02-13,66.0,66.0,66.0,66.0,0,0,1
FINNIFTY13FEB2421250CE.NFO,2024-01-17,10:20:00,2024-02-13,66.0,66.0,66.0,66.0,0,0,1
FINNIFTY13FEB2421250CE.NFO,2024-01-17,10:21:00,2024-02-13,66.0,66.0,66.0,66.0,0,0,1
FINNIFTY13FEB2421250CE.NFO,2024-01-17,10:22:00,2024-02-13,66.0,66.0,66.0,66.0,0,0,1
FINNIFTY13FEB2421250CE.NFO,2024-01-17,10:23:00,2024-02-13,66.0,66.0,66.0,66.0,0,0,1
FINNIFTY13FEB2421250CE.NFO,2024-01-17,10:24:00,2024-02-13,66.0,66.0,66.0,66.0,0,0,1
FINNIFTY13FEB2421250CE.NFO,2024-01-17,10:25:00,2024-02-13,66.0,66.0,66.0,66.0,0,0,1
FINNIFTY13FEB2421250CE.NFO,2024-01-17,10:26:00,2024-02-13,66.0,66.0,66.0,66.0,0,0,1
FINNIFTY13FEB2421250CE.NFO,2024-01-17,10:27:00,2024-02-13,66.0,66.0,66.0,66.0,0,0,1
FINNIFTY13FEB2421250CE.NFO,2024-01-17,10:28:00,2024-02-13,66.0,66.0,66.0,66.0,0,0,1
FINNIFTY13FEB2421250CE.NFO,2024-01-17,10:29:00,2024-02-13,66.0,66.0,66.0,66.0,0,0,1
FINNIFTY13FEB2421250CE.NFO,2024-01-17,10:30:00,2024-02-13,66.0,66.0,66.0,66.0,0,0,1
FINNIFTY13FEB2421250CE.NFO,2024-01-17,10:31:00,2024-02-13,66.0,66.0,66.0,66.0,0,0,1
FINNIFTY13FEB2421250CE.NFO,2024-01-17,10:32:00,2024-02-13,66.0,66.0,66.0,66.0,0,0,1
FINNIFTY13FEB2421250CE.NFO,2024-01-17,10:33:00,2024-02-13,66.0,66.0,66.0,66.0,0,0,1
FINNIFTY13FEB2421250CE.NFO,2024-01-17,10:34:00,2024-02-13,66.0,66.0,66.0,66.0,0,0,1
FINNIFTY13FEB2421250CE.NFO,2024-01-17,10:35:00,2024-02-13,66.0,66.0,66.0,66.0,0,0,1
FINNIFTY13FEB2421250CE.NFO,2024-01-17,10:36:00,2024-02-13,66.0,66.0,66.0,66.0,0,0,1
FINNIFTY13FEB2421250CE.NFO,2024-01-17,10:37:00,2024-02-13,66.0,66.0,66.0,66.0,0,0,1
FINNIFTY13FEB2421250CE.NFO,2024-01-17,10:38:00,2024-02-13,66.0,66.0,66.0,66.0,0,0,1
FINNIFTY13FEB2421250CE.NFO,2024-01-17,10:39:00,2024-02-13,66.0,66.0,66.0,66.0,0,0,1
FINNIFTY13FEB2421250CE.NFO,2024-01-17,10:40:00,2024-02-13,66.0,66.0,66.0,66.0,0,0,1
FINNIFTY13FEB2421250CE.NFO,2024-01-17,10:41:00,2024-02-13,66.0,66.0,66.0,66.0,0,0,1
FINNIFTY13FEB2421250CE.NFO,2024-01-17,10:42:00,2024-02-13,66.0,66.0,66.0,66.0,0,0,1
FINNIFTY13FEB2421250CE.NFO,2024-01-17,10:43:00,2024-02-13,66.0,66.0,66.0,66.0,0,0,1
FINNIFTY13FEB2421250CE.NFO,2024-01-17,10:44:00,2024-02-13,66.0,66.0,66.0,66.0,0,0,1
FINNIFTY13FEB2421250CE.NFO,2024-01-17,10:45:00,2024-02-13,66.0,66.0,66.0,66.0,0,0,1
FINNIFTY13FEB2421250CE.NFO,2024-01-17,10:46:00,2024-02-13,66.0,66.0,66.0,66.0,0,0,1
FINNIFTY13FEB2421250CE.NFO,2024-01-17,10:47:00,2024-02-13,66.0,66.0,66.0,66.0,0,0,1
FINNIFTY13FEB2421250CE.NFO,2024-01-17,10:48:00,2024-02-13,66.0,66.0,66.0,66.0,0,0,1
FINNIFTY13FEB2421250CE.NFO,2024-01-17,10:49:00,2024-02-13,66.0,66.0,66.0,66.0,0,0,1
FINNIFTY13FEB2421250CE.NFO,2024-01-17,10:50:00,2024-02-13,66.0,66.0,66.0,66.0,0,0,1
FINNIFTY13FEB2421250CE.NFO,2024-01-17,10:51:00,2024-02-13,66.0,66.0,66.0,66.0,0,0,1
FINNIFTY13FEB2421250CE.NFO,2024-01-17,10:52:00,2024-02-13,66.0,66.0,66.0,66.0,0,0,1
FINNIFTY13FEB2421250CE.NFO,2024-01-17,10:53:00,2024-02-13,66.0,66.0,66.0,66.0,0,0,1
FINNIFTY13FEB2421250CE.NFO,2024-01-17,10:54:00,2024-02-13,66.0,66.0,66.0,66.0,0,0,1
FINNIFTY13FEB2421250CE.NFO,2024-01-17,10:55:00,2024-02-13,66.0,66.0,66.0,66.0,0,0,1
FINNIFTY13FEB2421250CE.NFO,2024-01-17,10:56:00,2024-02-13,66.0,66.0,66.0,66.0,0,0,1
FINNIFTY13FEB2421250CE.NFO,2024-01-17,10:57:00,2024-02-13,66.0,66.0,66.0,66.0,0,0,1
FINNIFTY13FEB2421250CE.NFO,2024-01-17,10:58:00,2024-02-13,66.0,66.0,66.0,66.0,0,0,1
FINNIFTY13FEB2421250CE.NFO,2024-01-17,10:59:00,2024-02-13,66.0,66.0,66.0,66.0,0,0,1
FINNIFTY13FEB2421250CE.NFO,2024-01-17,11:00:00,2024-02-13,66.0,66.0,66.0,66.0,0,0,1
FINNIFTY13FEB2421250CE.NFO,2024-01-17,11:01:00,2024-02-13,66.0,66.0,66.0,66.0,0,0,1
FINNIFTY13FEB2421250CE.NFO,2024-01-17,11:02:00,2024-02-13,66.0,66.0,66.0,66.0,0,0,1
FINNIFTY13FEB2421250CE.NFO,2024-01-17,11:03:00,2024-02-13,66.0,66.0,66.0,66.0,0,0,1
FINNIFTY13FEB2421250CE.NFO,2024-01-17,11:04:00,2024-02-13,66.0,66.0,66.0,66.0,0,0,1
FINNIFTY13FEB2421250CE.NFO,2024-01-17,11:05:00,2024-02-13,66.0,66.0,66.0,66.0,0,0,1
FINNIFTY13FEB2421250CE.NFO,2024-01-17,11:06:00,2024-02-13,66.0,66.0,66.0,66.0,0,0,1
FINNIFTY13FEB2421250CE.NFO,2024-01-17,11:07:00,2024-02-13,66.0,66.0,66.0,66.0,0,0,1
FINNIFTY13FEB2421250CE.NFO,2024-01-17,11:08:00,2024-02-13,66.0,66.0,66.0,66.0,0,0,1
FINNIFTY13FEB2421250CE.NFO,2024-01-17,11:09:00,2024-02-13,66.0,66.0,66.0,66.0,0,0,1
FINNIFTY13FEB2421250CE.NFO,2024-01-17,11:10:00,2024-02-13,66.0,66.0,66.0,66.0,0,0,1
FINNIFTY13FEB2421250CE.NFO,2024-01-17,11:11:00,2024-02-13,66.0,66.0,66.0,66.0,0,0,1
FINNIFTY13FEB2421250CE.NFO,2024-01-17,11:12:00,2024-02-13,66.0,66.0,66.0,66.0,0,0,1
FINNIFTY13FEB2421250CE.NFO,2024-01-17,11:13:00,2024-02-13,66.0,66.0,66.0,66.0,0,0,1
FINNIFTY13FEB2421250CE.NFO,2024-01-17,11:14:00,2024-02-13,66.0,66.0,66.0,66.0,0,0,1
FINNIFTY13FEB2421250CE.NFO,2024-01-17,11:15:00,2024-02-13,66.0,66.0,66.0,66.0,0,0,1
FINNIFTY13FEB2421250CE.NFO,2024-01-17,11:16:00,2024-02-13,66.0,66.0,66.0,66.0,0,0,1
FINNIFTY13FEB2421250CE.NFO,2024-01-17,11:17:00,2024-02-13,66.0,66.0,66.0,66.0,0,0,1
FINNIFTY13FEB2421250CE.NFO,2024-01-17,11:18:00,2024-02-13,66.0,66.0,66.0,66.0,0,0,1
FINNIFTY13FEB2421250CE.NFO,2024-01-17,11:19:00,2024-02-13,66.0,66.0,66.0,66.0,0,0,1
FINNIFTY13FEB2421250CE.NFO,2024-01-17,11:20:00,2024-02-13,66.0,66.0,66.0,66.0,0,0,1
FINNIFTY13FEB2421250CE.NFO,2024-01-17,11:21:00,2024-02-13,66.0,66.0,66.0,66.0,0,0,1
FINNIFTY13FEB2421250CE.NFO,2024-01-17,11:22:00,2024-02-13,66.0,66.0,66.0,66.0,0,0,1
FINNIFTY13FEB2421250CE.NFO,2024-01-17,11:23:00,2024-02-13,66.0,66.0,66.0,66.0,0,0,1
FINNIFTY13FEB2421250CE.NFO,2024-01-17,11:24:00,2024-02-13,66.0,66.0,66.0,66.0,0,0,1
FINNIFTY13FEB2421250CE.NFO,2024-01-17,11:25:00,2024-02-13,66.0,66.0,66.0,66.0,0,0,1
FINNIFTY13FEB2421250CE.NFO,2024-01-17,11:26:00,2024-02-13,66.0,66.0,66.0,66.0,0,0,1
FINNIFTY13FEB2421250CE.NFO,2024-01-17,11:27:00,2024-02-13,66.0,66.0,66.0,66.0,0,0,1
FINNIFTY13FEB2421250CE.NFO,2024-01-17,11:28:00,2024-02-13,66.0,66.0,66.0,66.0,0,0,1
FINNIFTY13FEB2421250CE.NFO,2024-01-17,11:29:00,2024-02-13,66.0,66.0,66.0,66.0,0,0,1
FINNIFTY13FEB2421250CE.NFO,2024-01-17,11:30:00,2024-02-13,66.0,66.0,66.0,66.0,0,0,1
FINNIFTY13FEB2421250CE.NFO,2024-01-17,11:31:00,2024-02-13,66.0,66.0,66.0,66.0,0,0,1
FINNIFTY13FEB2421250CE.NFO,2024-01-17,11:32:00,2024-02-13,66.0,66.0,66.0,66.0,0,0,1
FINNIFTY13FEB2421250CE.NFO,2024-01-17,11:33:00,2024-02-13,66.0,66.0,66.0,66.0,0,0,1
FINNIFTY13FEB2421250CE.NFO,2024-01-17,11:34:00,2024-02-13,66.0,66.0,66.0,66.0,0,0,1
FINNIFTY13FEB2421250CE.NFO,2024-01-17,11:35:00,2024-02-13,66.0,66.0,66.0,66.0,0,0,1
FINNIFTY13FEB2421250CE.NFO,2024-01-17,11:36:00,2024-02-13,66.0,66.0,66.0,66.0,0,0,1
FINNIFTY13FEB2421250CE.NFO,2024-01-17,11:37:00,2024-02-13,66.0,66.0,66.0,66.0,0,0,1
FINNIFTY13FEB2421250CE.NFO,2024-01-17,11:38:00,2024-02-13,66.0,66.0,66.0,66.0,0,0,1
FINNIFTY13FEB2421250CE.NFO,2024-01-17,11:39:00,2024-02-13,66.0,66.0,66.0,66.0,0,0,1
FINNIFTY13FEB2421250CE.NFO,2024-01-17,11:40:00,2024-02-13,66.0,66.0,66.0,66.0,0,0,1
FINNIFTY13FEB2421250CE.NFO,2024-01-17,11:41:00,2024-02-13,66.0,66.0,66.0,66.0,0,0,1
FINNIFTY13FEB2421250CE.NFO,2024-01-17,11:42:00,2024-02-13,66.0,66.0,66.0,66.0,0,0,1
FINNIFTY13FEB2421250CE.NFO,2024-01-17,11:43:00,2024-02-13,66.0,66.0,66.0,66.0,0,0,1
FINNIFTY13FEB2421250CE.NFO,2024-01-17,11:44:00,2024-02-13,66.0,66.0,66.0,66.0,0,0,1
FINNIFTY13FEB2421250CE.NFO,2024-01-17,11:45:00,2024-02-13,66.0,66.0,66.0,66.0,0,0,1
FINNIFTY13FEB2421250CE.NFO,2024-01-17,11:46:00,2024-02-13,66.0,66.0,66.0,66.0,0,0,1
FINNIFTY13FEB2421250CE.NFO,2024-01-17,11:47:00,2024-02-13,66.0,66.0,66.0,66.0,0,0,1
FINNIFTY13FEB2421250CE.NFO,2024-01-17,11:48:00,2024-02-13,66.0,66.0,66.0,66.0,0,0,1
FINNIFTY13FEB2421250CE.NFO,2024-01-17,11:49:00,2024-02-13,66.0,66.0,66.0,66.0,0,0,1
FINNIFTY13FEB2421250CE.NFO,2024-01-17,11:50:00,2024-02-13,66.0,66.0,66.0,66.0,0,0,1
FINNIFTY13FEB2421250CE.NFO,2024-01-17,11:51:00,2024-02-13,66.0,66.0,66.0,66.0,0,0,1
FINNIFTY13FEB2421250CE.NFO,2024-01-17,11:52:00,2024-02-13,66.0,66.0,66.0,66.0,0,0,1
FINNIFTY13FEB2421250CE.NFO,2024-01-17,11:53:00,2024-02-13,66.0,66.0,66.0,66.0,0,0,1
FINNIFTY13FEB2421250CE.NFO,2024-01-17,11:54:00,2024-02-13,66.0,66.0,66.0,66.0,0,0,1
FINNIFTY13FEB2421250CE.NFO,2024-01-17,11:55:00,2024-02-13,66.0,66.0,66.0,66.0,0,0,1
FINNIFTY13FEB2421250CE.NFO,2024-01-17,11:56:00,2024-02-13,66.0,66.0,66.0,66.0,0,0,1
FINNIFTY13FEB2421250CE.NFO,2024-01-17,11:57:00,2024-02-13,66.0,66.0,66.0,66.0,0,0,1
FINNIFTY13FEB2421250CE.NFO,2024-01-17,11:58:00,2024-02-13,66.0,66.0,66.0,66.0,0,0,1
FINNIFTY13FEB2421250CE.NFO,2024-01-17,11:59:00,2024-02-13,66.0,66.0,66.0,66.0,0,0,1
FINNIFTY13FEB2421250CE.NFO,2024-01-17,12:00:00,2024-02-13,66.0,66.0,66.0,66.0,0,0,1
FINNIFTY13FEB2421250CE.NFO,2024-01-17,12:01:00,2024-02-13,66.0,66.0,66.0,66.0,0,0,1
FINNIFTY13FEB2421250CE.NFO,2024-01-17,12:02:00,2024-02-13,66.0,66.0,66.0,66.0,0,0,1
FINNIFTY13FEB2421250CE.NFO,2024-01-17,12:03:00,2024-02-13,66.0,66.0,66.0,66.0,0,0,1
FINNIFTY13FEB2421250CE.NFO,2024-01-17,12:04:00,2024-02-13,66.0,66.0,66.0,66.0,0,0,1
FINNIFTY13FEB2421250CE.NFO,2024-01-17,12:05:00,2024-02-13,66.0,66.0,66.0,66.0,0,0,1
FINNIFTY13FEB2421250CE.NFO,2024-01-17,12:06:00,2024-02-13,66.0,66.0,66.0,66.0,0,0,1
FINNIFTY13FEB2421250CE.NFO,2024-01-17,12:07:00,2024-02-13,66.0,66.0,66.0,66.0,0,0,1
FINNIFTY13FEB2421250CE.NFO,2024-01-17,12:08:00,2024-02-13,66.0,66.0,66.0,66.0,0,0,1
FINNIFTY13FEB2421250CE.NFO,2024-01-17,12:09:00,2024-02-13,66.0,66.0,66.0,66.0,0,0,1
FINNIFTY13FEB2421250CE.NFO,2024-01-17,12:10:00,2024-02-13,66.0,66.0,66.0,66.0,0,0,1
FINNIFTY13FEB2421250CE.NFO,2024-01-17,12:11:00,2024-02-13,66.0,66.0,66.0,66.0,0,0,1
FINNIFTY13FEB2421250CE.NFO,2024-01-17,12:12:00,2024-02-13,66.0,66.0,66.0,66.0,0,0,1
FINNIFTY13FEB2421250CE.NFO,2024-01-17,12:13:00,2024-02-13,66.0,66.0,66.0,66.0,0,0,1
FINNIFTY13FEB2421250CE.NFO,2024-01-17,12:14:00,2024-02-13,66.0,66.0,66.0,66.0,0,0,1
FINNIFTY13FEB2421250CE.NFO,2024-01-17,12:15:00,2024-02-13,66.0,66.0,66.0,66.0,0,0,1
FINNIFTY13FEB2421250CE.NFO,2024-01-17,12:16:00,2024-02-13,66.0,66.0,66.0,66.0,0,0,1
FINNIFTY13FEB2421250CE.NFO,2024-01-17,12:17:00,2024-02-13,66.0,66.0,66.0,66.0,0,0,1
FINNIFTY13FEB2421250CE.NFO,2024-01-17,12:18:00,2024-02-13,66.0,66.0,66.0,66.0,0,0,1
FINNIFTY13FEB2421250CE.NFO,2024-01-17,12:19:00,2024-02-13,66.0,66.0,66.0,66.0,0,0,1
FINNIFTY13FEB2421250CE.NFO,2024-01-17,12:20:00,2024-02-13,66.0,66.0,66.0,66.0,0,0,1
FINNIFTY13FEB2421250CE.NFO,2024-01-17,12:21:00,2024-02-13,66.0,66.0,66.0,66.0,0,0,1
FINNIFTY13FEB2421250CE.NFO,2024-01-17,12:22:00,2024-02-13,66.0,66.0,66.0,66.0,0,0,1
FINNIFTY13FEB2421250CE.NFO,2024-01-17,12:23:00,2024-02-13,66.0,66.0,66.0,66.0,0,0,1
FINNIFTY13FEB2421250CE.NFO,2024-01-17,12:24:00,2024-02-13,66.0,66.0,66.0,66.0,0,0,1
FINNIFTY13FEB2421250CE.NFO,2024-01-17,12:25:00,2024-02-13,66.0,66.0,66.0,66.0,0,0,1
FINNIFTY13FEB2421250CE.NFO,2024-01-17,12:26:00,2024-02-13,66.0,66.0,66.0,66.0,0,0,1
FINNIFTY13FEB2421250CE.NFO,2024-01-17,12:27:00,2024-02-13,66.0,66.0,66.0,66.0,0,0,1
FINNIFTY13FEB2421250CE.NFO,2024-01-17,12:28:00,2024-02-13,66.0,66.0,66.0,66.0,0,0,1
FINNIFTY13FEB2421250CE.NFO,2024-01-17,12:29:00,2024-02-13,66.0,66.0,66.0,66.0,0,0,1
FINNIFTY13FEB2421250CE.NFO,2024-01-17,12:30:00,2024-02-13,66.0,66.0,66.0,66.0,0,0,1
FINNIFTY13FEB2421250CE.NFO,2024-01-17,12:31:00,2024-02-13,66.0,66.0,66.0,66.0,0,0,1
FINNIFTY13FEB2421250CE.NFO,2024-01-17,12:32:00,2024-02-13,66.0,66.0,66.0,66.0,0,0,1
FINNIFTY13FEB2421250CE.NFO,2024-01-17,12:33:00,2024-02-13,66.0,66.0,66.0,66.0,0,0,1
FINNIFTY13FEB2421250CE.NFO,2024-01-17,12:34:00,2024-02-13,66.0,66.0,66.0,66.0,0,0,1
FINNIFTY13FEB2421250CE.NFO,2024-01-17,12:35:00,2024-02-13,66.0,66.0,66.0,66.0,0,0,1
FINNIFTY13FEB2421250CE.NFO,2024-01-17,12:36:00,2024-02-13,66.0,66.0,66.0,66.0,0,0,1
FINNIFTY13FEB2421250CE.NFO,2024-01-17,12:37:00,2024-02-13,66.0,66.0,66.0,66.0,0,0,1
FINNIFTY13FEB2421250CE.NFO,2024-01-17,12:38:00,2024-02-13,66.0,66.0,66.0,66.0,0,0,1
FINNIFTY13FEB2421250CE.NFO,2024-01-17,12:39:00,2024-02-13,66.0,66.0,66.0,66.0,0,0,1
FINNIFTY13FEB2421250CE.NFO,2024-01-17,12:40:00,2024-02-13,66.0,66.0,66.0,66.0,0,0,1
FINNIFTY13FEB2421250CE.NFO,2024-01-17,12:41:00,2024-02-13,66.0,66.0,66.0,66.0,0,0,1
FINNIFTY13FEB2421250CE.NFO,2024-01-17,12:42:00,2024-02-13,66.0,66.0,66.0,66.0,0,0,1
FINNIFTY13FEB2421250CE.NFO,2024-01-17,12:43:00,2024-02-13,66.0,66.0,66.0,66.0,0,0,1
FINNIFTY13FEB2421250CE.NFO,2024-01-17,12:44:00,2024-02-13,66.0,66.0,66.0,66.0,0,0,1
FINNIFTY13FEB2421250CE.NFO,2024-01-17,12:45:00,2024-02-13,66.0,66.0,66.0,66.0,0,0,1
FINNIFTY13FEB2421250CE.NFO,2024-01-17,12:46:00,2024-02-13,66.0,66.0,66.0,66.0,0,0,1
FINNIFTY13FEB2421250CE.NFO,2024-01-17,12:47:00,2024-02-13,66.0,66.0,66.0,66.0,0,0,1
FINNIFTY13FEB2421250CE.NFO,2024-01-17,12:48:00,2024-02-13,66.0,66.0,66.0,66.0,0,0,1
FINNIFTY13FEB2421250CE.NFO,2024-01-17,12:49:00,2024-02-13,66.0,66.0,66.0,66.0,0,0,1
FINNIFTY13FEB2421250CE.NFO,2024-01-17,12:50:00,2024-02-13,66.0,66.0,66.0,66.0,0,0,1
FINNIFTY13FEB2421250CE.NFO,2024-01-17,12:51:00,2024-02-13,66.0,66.0,66.0,66.0,0,0,1
FINNIFTY13FEB2421250CE.NFO,2024-01-17,12:52:00,2024-02-13,66.0,66.0,66.0,66.0,0,0,1
FINNIFTY13FEB2421250CE.NFO,2024-01-17,12:53:00,2024-02-13,66.0,66.0,66.0,66.0,0,0,1
FINNIFTY13FEB2421250CE.NFO,2024-01-17,12:54:00,2024-02-13,66.0,66.0,66.0,66.0,0,0,1
FINNIFTY13FEB2421250CE.NFO,2024-01-17,12:55:00,2024-02-13,66.0,66.0,66.0,66.0,0,0,1
FINNIFTY13FEB2421250CE.NFO,2024-01-17,12:56:00,2024-02-13,66.0,66.0,66.0,66.0,0,0,1
FINNIFTY13FEB2421250CE.NFO,2024-01-17,12:57:00,2024-02-13,66.0,66.0,66.0,66.0,0,0,1
FINNIFTY13FEB2421250CE.NFO,2024-01-17,12:58:00,2024-02-13,66.0,66.0,66.0,66.0,0,0,1
FINNIFTY13FEB2421250CE.NFO,2024-01-17,12:59:00,2024-02-13,66.0,66.0,66.0,66.0,0,0,1
FINNIFTY13FEB2421250CE.NFO,2024-01-17,13:00:00,2024-02-13,66.0,66.0,66.0,66.0,0,0,1
FINNIFTY13FEB2421250CE.NFO,2024-01-17,13:01:00,2024-02-13,66.0,66.0,66.0,66.0,0,0,1
FINNIFTY13FEB2421250CE.NFO,2024-01-17,13:02:00,2024-02-13,66.0,66.0,66.0,66.0,0,0,1
FINNIFTY13FEB2421250CE.NFO,2024-01-17,13:03:00,2024-02-13,66.0,66.0,66.0,66.0,0,0,1
FINNIFTY13FEB2421250CE.NFO,2024-01-17,13:04:00,2024-02-13,66.0,66.0,66.0,66.0,0,0,1
FINNIFTY13FEB2421250CE.NFO,2024-01-17,13:05:00,2024-02-13,66.0,66.0,66.0,66.0,0,0,1
FINNIFTY13FEB2421250CE.NFO,2024-01-17,13:06:00,2024-02-13,66.0,66.0,66.0,66.0,0,0,1
FINNIFTY13FEB2421250CE.NFO,2024-01-17,13:07:00,2024-02-13,66.0,66.0,66.0,66.0,0,0,1
FINNIFTY13FEB2421250CE.NFO,2024-01-17,13:08:00,2024-02-13,66.0,66.0,66.0,66.0,0,0,1
FINNIFTY13FEB2421250CE.NFO,2024-01-17,13:09:00,2024-02-13,66.0,66.0,66.0,66.0,0,0,1
FINNIFTY13FEB2421250CE.NFO,2024-01-17,13:10:00,2024-02-13,66.0,66.0,66.0,66.0,0,0,1
FINNIFTY13FEB2421250CE.NFO,2024-01-17,13:11:00,2024-02-13,66.0,66.0,66.0,66.0,0,0,1
FINNIFTY13FEB2421250CE.NFO,2024-01-17,13:12:00,2024-02-13,66.0,66.0,66.0,66.0,0,0,1
FINNIFTY13FEB2421250CE.NFO,2024-01-17,13:13:00,2024-02-13,66.0,66.0,66.0,66.0,0,0,1
FINNIFTY13FEB2421250CE.NFO,2024-01-17,13:14:00,2024-02-13,66.0,66.0,66.0,66.0,0,0,1
FINNIFTY13FEB2421250CE.NFO,2024-01-17,13:15:00,2024-02-13,66.0,66.0,66.0,66.0,0,0,1
FINNIFTY13FEB2421250CE.NFO,2024-01-17,13:16:00,2024-02-13,66.0,66.0,66.0,66.0,0,0,1
FINNIFTY13FEB2421250CE.NFO,2024-01-17,13:17:00,2024-02-13,66.0,66.0,66.0,66.0,0,0,1
FINNIFTY13FEB2421250CE.NFO,2024-01-17,13:18:00,2024-02-13,66.0,66.0,66.0,66.0,0,0,1
FINNIFTY13FEB2421250CE.NFO,2024-01-17,13:19:00,2024-02-13,66.0,66.0,66.0,66.0,0,0,1
FINNIFTY13FEB2421250CE.NFO,2024-01-17,13:20:00,2024-02-13,66.0,66.0,66.0,66.0,0,0,1
FINNIFTY13FEB2421250CE.NFO,2024-01-17,13:21:00,2024-02-13,66.0,66.0,66.0,66.0,0,0,1
FINNIFTY13FEB2421250CE.NFO,2024-01-17,13:22:00,2024-02-13,66.0,66.0,66.0,66.0,0,0,1
FINNIFTY13FEB2421250CE.NFO,2024-01-17,13:23:00,2024-02-13,66.0,66.0,66.0,66.0,0,0,1
FINNIFTY13FEB2421250CE.NFO,2024-01-17,13:24:00,2024-02-13,66.0,66.0,66.0,66.0,0,0,1
FINNIFTY13FEB2421250CE.NFO,2024-01-17,13:25:00,2024-02-13,66.0,66.0,66.0,66.0,0,0,1
FINNIFTY13FEB2421250CE.NFO,2024-01-17,13:26:00,2024-02-13,66.0,66.0,66.0,66.0,0,0,1
FINNIFTY13FEB2421250CE.NFO,2024-01-17,13:27:00,2024-02-13,66.0,66.0,66.0,66.0,0,0,1
FINNIFTY13FEB2421250CE.NFO,2024-01-17,13:28:00,2024-02-13,66.0,66.0,66.0,66.0,0,0,1
FINNIFTY13FEB2421250CE.NFO,2024-01-17,13:29:00,2024-02-13,66.0,66.0,66.0,66.0,0,0,1
FINNIFTY13FEB2421250CE.NFO,2024-01-17,13:30:00,2024-02-13,66.0,66.0,66.0,66.0,0,0,1
FINNIFTY13FEB2421250CE.NFO,2024-01-17,13:31:00,2024-02-13,66.0,66.0,66.0,66.0,0,0,1
FINNIFTY13FEB2421250CE.NFO,2024-01-17,13:32:00,2024-02-13,66.0,66.0,66.0,66.0,0,0,1
FINNIFTY13FEB2421250CE.NFO,2024-01-17,13:33:00,2024-02-13,66.0,66.0,66.0,66.0,0,0,1
FINNIFTY13FEB2421250CE.NFO,2024-01-17,13:34:00,2024-02-13,66.0,66.0,66.0,66.0,0,0,1
FINNIFTY13FEB2421250CE.NFO,2024-01-17,13:35:00,2024-02-13,66.0,66.0,66.0,66.0,0,0,1
FINNIFTY13FEB2421250CE.NFO,2024-01-17,13:36:00,2024-02-13,66.0,66.0,66.0,66.0,0,0,1
FINNIFTY13FEB2421250CE.NFO,2024-01-17,13:37:00,2024-02-13,66.0,66.0,66.0,66.0,0,0,1
FINNIFTY13FEB2421250CE.NFO,2024-01-17,13:38:00,2024-02-13,66.0,66.0,66.0,66.0,0,0,1
FINNIFTY13FEB2421250CE.NFO,2024-01-17,13:39:00,2024-02-13,66.0,66.0,66.0,66.0,0,0,1
FINNIFTY13FEB2421250CE.NFO,2024-01-17,13:40:00,2024-02-13,66.0,66.0,66.0,66.0,0,0,1
FINNIFTY13FEB2421250CE.NFO,2024-01-17,13:41:00,2024-02-13,66.0,66.0,66.0,66.0,0,0,1
FINNIFTY13FEB2421250CE.NFO,2024-01-17,13:42:00,2024-02-13,66.0,66.0,66.0,66.0,0,0,1
FINNIFTY13FEB2421250CE.NFO,2024-01-17,13:43:00,2024-02-13,66.0,66.0,66.0,66.0,0,0,1
FINNIFTY13FEB2421250CE.NFO,2024-01-17,13:44:00,2024-02-13,66.0,66.0,66.0,66.0,0,0,1
FINNIFTY13FEB2421250CE.NFO,2024-01-17,13:45:00,2024-02-13,66.0,66.0,66.0,66.0,0,0,1
FINNIFTY13FEB2421250CE.NFO,2024-01-17,13:46:00,2024-02-13,66.0,66.0,66.0,66.0,0,0,1
FINNIFTY13FEB2421250CE.NFO,2024-01-17,13:47:00,2024-02-13,66.0,66.0,66.0,66.0,0,0,1
FINNIFTY13FEB2421250CE.NFO,2024-01-17,13:48:00,2024-02-13,66.0,66.0,66.0,66.0,0,0,1
FINNIFTY13FEB2421250CE.NFO,2024-01-17,13:49:00,2024-02-13,66.0,66.0,66.0,66.0,0,0,1
FINNIFTY13FEB2421250CE.NFO,2024-01-17,13:50:00,2024-02-13,66.0,66.0,66.0,66.0,0,0,1
FINNIFTY13FEB2421250CE.NFO,2024-01-17,13:51:00,2024-02-13,66.0,66.0,66.0,66.0,0,0,1
FINNIFTY13FEB2421250CE.NFO,2024-01-17,13:52:00,2024-02-13,66.0,66.0,66.0,66.0,0,0,1
FINNIFTY13FEB2421250CE.NFO,2024-01-17,13:53:00,2024-02-13,66.0,66.0,66.0,66.0,0,0,1
FINNIFTY13FEB2421250CE.NFO,2024-01-17,13:54:00,2024-02-13,66.0,66.0,66.0,66.0,0,0,1
FINNIFTY13FEB2421250CE.NFO,2024-01-17,13:55:00,2024-02-13,66.0,66.0,66.0,66.0,0,0,1
FINNIFTY13FEB2421250CE.NFO,2024-01-17,13:56:00,2024-02-13,66.0,66.0,66.0,66.0,0,0,1
FINNIFTY13FEB2421250CE.NFO,2024-01-17,13:57:00,2024-02-13,66.0,66.0,66.0,66.0,0,0,1
FINNIFTY13FEB2421250CE.NFO,2024-01-17,13:58:00,2024-02-13,66.0,66.0,66.0,66.0,0,0,1
FINNIFTY13FEB2421250CE.NFO,2024-01-17,13:59:00,2024-02-13,66.0,66.0,66.0,66.0,0,0,1
FINNIFTY13FEB2421250CE.NFO,2024-01-17,14:00:00,2024-02-13,66.0,66.0,66.0,66.0,0,0,1
FINNIFTY13FEB2421250CE.NFO,2024-01-17,14:01:00,2024-02-13,66.0,66.0,66.0,66.0,0,0,1
FINNIFTY13FEB2421250CE.NFO,2024-01-17,14:02:00,2024-02-13,66.0,66.0,66.0,66.0,0,0,1
FINNIFTY13FEB2421250CE.NFO,2024-01-17,14:03:00,2024-02-13,66.0,66.0,66.0,66.0,0,0,1
FINNIFTY13FEB2421250CE.NFO,2024-01-17,14:04:00,2024-02-13,66.0,66.0,66.0,66.0,0,0,1
FINNIFTY13FEB2421250CE.NFO,2024-01-17,14:05:00,2024-02-13,66.0,66.0,66.0,66.0,0,0,1
FINNIFTY13FEB2421250CE.NFO,2024-01-17,14:06:00,2024-02-13,66.0,66.0,66.0,66.0,0,0,1
FINNIFTY13FEB2421250CE.NFO,2024-01-17,14:07:00,2024-02-13,66.0,66.0,66.0,66.0,0,0,1
FINNIFTY13FEB2421250CE.NFO,2024-01-17,14:08:00,2024-02-13,66.0,66.0,66.0,66.0,0,0,1
FINNIFTY13FEB2421250CE.NFO,2024-01-17,14:09:00,2024-02-13,66.0,66.0,66.0,66.0,0,0,1
FINNIFTY13FEB2421250CE.NFO,2024-01-17,14:10:00,2024-02-13,66.0,66.0,66.0,66.0,0,0,1
FINNIFTY13FEB2421250CE.NFO,2024-01-17,14:11:00,2024-02-13,66.0,66.0,66.0,66.0,0,0,1
FINNIFTY13FEB2421250CE.NFO,2024-01-17,14:12:00,2024-02-13,66.0,66.0,66.0,66.0,0,0,1
FINNIFTY13FEB2421250CE.NFO,2024-01-17,14:13:00,2024-02-13,66.0,66.0,66.0,66.0,0,0,1
FINNIFTY13FEB2421250CE.NFO,2024-01-17,14:14:00,2024-02-13,66.0,66.0,66.0,66.0,0,0,1
FINNIFTY13FEB2421250CE.NFO,2024-01-17,14:15:00,2024-02-13,66.0,66.0,66.0,66.0,0,0,1
FINNIFTY13FEB2421250CE.NFO,2024-01-17,14:16:00,2024-02-13,66.0,66.0,66.0,66.0,0,0,1
FINNIFTY13FEB2421250CE.NFO,2024-01-17,14:17:00,2024-02-13,66.0,66.0,66.0,66.0,0,0,1
FINNIFTY13FEB2421250CE.NFO,2024-01-17,14:18:00,2024-02-13,66.0,66.0,66.0,66.0,0,0,1
FINNIFTY13FEB2421250CE.NFO,2024-01-17,14:19:00,2024-02-13,66.0,66.0,66.0,66.0,0,0,1
FINNIFTY13FEB2421250CE.NFO,2024-01-17,14:20:00,2024-02-13,66.0,66.0,66.0,66.0,0,0,1
FINNIFTY13FEB2421250CE.NFO,2024-01-17,14:21:00,2024-02-13,66.0,66.0,66.0,66.0,0,0,1
FINNIFTY13FEB2421250CE.NFO,2024-01-17,14:22:00,2024-02-13,66.0,66.0,66.0,66.0,0,0,1
FINNIFTY13FEB2421250CE.NFO,2024-01-17,14:23:00,2024-02-13,66.0,66.0,66.0,66.0,0,0,1
FINNIFTY13FEB2421250CE.NFO,2024-01-17,14:24:00,2024-02-13,66.0,66.0,66.0,66.0,0,0,1
FINNIFTY13FEB2421250CE.NFO,2024-01-17,14:25:00,2024-02-13,66.0,66.0,66.0,66.0,0,0,1
FINNIFTY13FEB2421250CE.NFO,2024-01-17,14:26:00,2024-02-13,66.0,66.0,66.0,66.0,0,0,1
FINNIFTY13FEB2421250CE.NFO,2024-01-17,14:27:00,2024-02-13,66.0,66.0,66.0,66.0,0,0,1
FINNIFTY13FEB2421250CE.NFO,2024-01-17,14:28:00,2024-02-13,66.0,66.0,66.0,66.0,0,0,1
FINNIFTY13FEB2421250CE.NFO,2024-01-17,14:29:00,2024-02-13,66.0,66.0,66.0,66.0,0,0,1
FINNIFTY13FEB2421250CE.NFO,2024-01-17,14:30:00,2024-02-13,66.0,66.0,66.0,66.0,0,0,1
FINNIFTY13FEB2421250CE.NFO,2024-01-17,14:31:00,2024-02-13,66.0,66.0,66.0,66.0,0,0,1
FINNIFTY13FEB2421250CE.NFO,2024-01-17,14:32:00,2024-02-13,66.0,66.0,66.0,66.0,0,0,1
FINNIFTY13FEB2421250CE.NFO,2024-01-17,14:33:00,2024-02-13,66.0,66.0,66.0,66.0,0,0,1
FINNIFTY13FEB2421250CE.NFO,2024-01-17,14:34:00,2024-02-13,66.0,66.0,66.0,66.0,0,0,1
FINNIFTY13FEB2421250CE.NFO,2024-01-17,14:35:00,2024-02-13,66.0,66.0,66.0,66.0,0,0,1
FINNIFTY13FEB2421250CE.NFO,2024-01-17,14:36:00,2024-02-13,66.0,66.0,66.0,66.0,0,0,1
FINNIFTY13FEB2421250CE.NFO,2024-01-17,14:37:00,2024-02-13,66.0,66.0,66.0,66.0,0,0,1
FINNIFTY13FEB2421250CE.NFO,2024-01-17,14:38:00,2024-02-13,66.0,66.0,66.0,66.0,0,0,1
FINNIFTY13FEB2421250CE.NFO,2024-01-17,14:39:00,2024-02-13,66.0,66.0,66.0,66.0,0,0,1
FINNIFTY13FEB2421250CE.NFO,2024-01-17,14:40:00,2024-02-13,66.0,66.0,66.0,66.0,0,0,1
FINNIFTY13FEB2421250CE.NFO,2024-01-17,14:41:00,2024-02-13,66.0,66.0,66.0,66.0,0,0,1
FINNIFTY13FEB2421250CE.NFO,2024-01-17,14:42:00,2024-02-13,66.0,66.0,66.0,66.0,0,0,1
FINNIFTY13FEB2421250CE.NFO,2024-01-17,14:43:00,2024-02-13,66.0,66.0,66.0,66.0,0,0,1
FINNIFTY13FEB2421250CE.NFO,2024-01-17,14:44:00,2024-02-13,66.0,66.0,66.0,66.0,0,0,1
FINNIFTY13FEB2421250CE.NFO,2024-01-17,14:45:00,2024-02-13,66.0,66.0,66.0,66.0,0,0,1
FINNIFTY13FEB2421250CE.NFO,2024-01-17,14:46:00,2024-02-13,66.0,66.0,66.0,66.0,0,0,1
FINNIFTY13FEB2421250CE.NFO,2024-01-17,14:47:00,2024-02-13,66.0,66.0,66.0,66.0,0,0,1
FINNIFTY13FEB2421250CE.NFO,2024-01-17,14:48:00,2024-02-13,66.0,66.0,66.0,66.0,0,0,1
FINNIFTY13FEB2421250CE.NFO,2024-01-17,14:49:00,2024-02-13,66.0,66.0,66.0,66.0,0,0,1
FINNIFTY13FEB2421250CE.NFO,2024-01-17,14:50:00,2024-02-13,66.0,66.0,66.0,66.0,0,0,1
FINNIFTY13FEB2421250CE.NFO,2024-01-17,14:51:00,2024-02-13,66.0,66.0,66.0,66.0,0,0,1
FINNIFTY13FEB2421250CE.NFO,2024-01-17,14:52:00,2024-02-13,66.0,66.0,66.0,66.0,0,0,1
FINNIFTY13FEB2421250CE.NFO,2024-01-17,14:53:00,2024-02-13,66.0,66.0,66.0,66.0,0,0,1
FINNIFTY13FEB2421250CE.NFO,2024-01-17,14:54:00,2024-02-13,66.0,66.0,66.0,66.0,0,0,1
FINNIFTY13FEB2421250CE.NFO,2024-01-17,14:55:00,2024-02-13,66.0,66.0,66.0,66.0,0,0,1
FINNIFTY13FEB2421250CE.NFO,2024-01-17,14:56:00,2024-02-13,66.0,66.0,66.0,66.0,0,0,1
FINNIFTY13FEB2421250CE.NFO,2024-01-17,14:57:00,2024-02-13,66.0,66.0,66.0,66.0,0,0,1
FINNIFTY13FEB2421250CE.NFO,2024-01-17,14:58:00,2024-02-13,66.0,66.0,66.0,66.0,0,0,1
FINNIFTY13FEB2421250CE.NFO,2024-01-17,14:59:00,2024-02-13,66.0,66.0,66.0,66.0,0,0,1
FINNIFTY13FEB2421250CE.NFO,2024-01-17,15:00:00,2024-02-13,66.0,66.0,66.0,66.0,0,0,1
FINNIFTY13FEB2421250CE.NFO,2024-01-17,15:01:00,2024-02-13,66.0,66.0,66.0,66.0,0,0,1
FINNIFTY13FEB2421250CE.NFO,2024-01-17,15:02:00,2024-02-13,66.0,66.0,66.0,66.0,0,0,1
FINNIFTY13FEB2421250CE.NFO,2024-01-17,15:03:00,2024-02-13,66.0,66.0,66.0,66.0,0,0,1
FINNIFTY13FEB2421250CE.NFO,2024-01-17,15:04:00,2024-02-13,66.0,66.0,66.0,66.0,0,0,1
FINNIFTY13FEB2421250CE.NFO,2024-01-17,15:05:00,2024-02-13,66.0,66.0,66.0,66.0,0,0,1
FINNIFTY13FEB2421250CE.NFO,2024-01-17,15:06:00,2024-02-13,66.0,66.0,66.0,66.0,0,0,1
FINNIFTY13FEB2421250CE.NFO,2024-01-17,15:07:00,2024-02-13,66.0,66.0,66.0,66.0,0,0,1
FINNIFTY13FEB2421250CE.NFO,2024-01-17,15:08:00,2024-02-13,66.0,66.0,66.0,66.0,0,0,1
FINNIFTY13FEB2421250CE.NFO,2024-01-17,15:09:00,2024-02-13,66.0,66.0,66.0,66.0,0,0,1
FINNIFTY13FEB2421250CE.NFO,2024-01-17,15:10:00,2024-02-13,66.0,66.0,66.0,66.0,0,0,1
FINNIFTY13FEB2421250CE.NFO,2024-01-17,15:11:00,2024-02-13,66.0,66.0,66.0,66.0,0,0,1
FINNIFTY13FEB2421250CE.NFO,2024-01-17,15:12:00,2024-02-13,66.0,66.0,66.0,66.0,0,0,1
FINNIFTY13FEB2421250CE.NFO,2024-01-17,15:13:00,2024-02-13,66.0,66.0,66.0,66.0,0,0,1
FINNIFTY13FEB2421250CE.NFO,2024-01-17,15:14:00,2024-02-13,66.0,66.0,66.0,66.0,0,0,1
FINNIFTY13FEB2421250CE.NFO,2024-01-17,15:15:00,2024-02-13,66.0,66.0,66.0,66.0,0,0,1
FINNIFTY13FEB2421250CE.NFO,2024-01-17,15:16:00,2024-02-13,66.0,66.0,66.0,66.0,0,0,1
FINNIFTY13FEB2421250CE.NFO,2024-01-17,15:17:00,2024-02-13,66.0,66.0,66.0,66.0,0,0,1
FINNIFTY13FEB2421250CE.NFO,2024-01-17,15:18:00,2024-02-13,66.0,66.0,66.0,66.0,0,0,1
FINNIFTY13FEB2421250CE.NFO,2024-01-17,15:19:00,2024-02-13,66.0,66.0,66.0,66.0,0,0,1
FINNIFTY13FEB2421250CE.NFO,2024-01-17,15:20:00,2024-02-13,66.0,66.0,66.0,66.0,0,0,1
FINNIFTY13FEB2421250CE.NFO,2024-01-17,15:21:00,2024-02-13,66.0,66.0,66.0,66.0,0,0,1
FINNIFTY13FEB2421250CE.NFO,2024-01-17,15:22:00,2024-02-13,66.0,66.0,66.0,66.0,0,0,1
FINNIFTY13FEB2421250CE.NFO,2024-01-17,15:23:00,2024-02-13,66.0,66.0,66.0,66.0,0,0,1
FINNIFTY13FEB2421250CE.NFO,2024-01-17,15:24:00,2024-02-13,66.0,66.0,66.0,66.0,0,0,1
FINNIFTY13FEB2421250CE.NFO,2024-01-17,15:25:00,2024-02-13,66.0,66.0,66.0,66.0,0,0,1
FINNIFTY13FEB2421250CE.NFO,2024-01-17,15:26:00,2024-02-13,66.0,66.0,66.0,66.0,0,0,1
FINNIFTY13FEB2421250CE.NFO,2024-01-17,15:27:00,2024-02-13,66.0,66.0,66.0,66.0,0,0,1
FINNIFTY13FEB2421250CE.NFO,2024-01-17,15:28:00,2024-02-13,66.0,66.0,66.0,66.0,0,0,1
FINNIFTY13FEB2421250CE.NFO,2024-01-17,15:29:00,2024-02-13,66.0,66.0,66.0,66.0,0,0,1
FINNIFTY13FEB2421250CE.NFO,2024-01-17,15:30:00,2024-02-13,66.0,66.0,66.0,66.0,0,0,1
FINNIFTY13FEB2421250CE.NFO,2024-01-18,09:15:00,2024-02-13,66.0,66.0,66.0,66.0,0,0,0
FINNIFTY13FEB2421250CE.NFO,2024-01-18,09:16:00,2024-02-13,66.0,66.0,66.0,66.0,0,0,1
FINNIFTY13FEB2421250CE.NFO,2024-01-18,09:17:00,2024-02-13,66.0,66.0,66.0,66.0,0,0,1
FINNIFTY13FEB2421250CE.NFO,2024-01-18,09:18:00,2024-02-13,66.0,66.0,66.0,66.0,0,0,1
FINNIFTY13FEB2421250CE.NFO,2024-01-18,09:19:00,2024-02-13,66.0,66.0,66.0,66.0,0,0,1
FINNIFTY13FEB2421250CE.NFO,2024-01-18,09:20:00,2024-02-13,66.0,66.0,66.0,66.0,0,0,1
FINNIFTY13FEB2421250CE.NFO,2024-01-18,09:21:00,2024-02-13,66.0,66.0,66.0,66.0,0,0,1
FINNIFTY13FEB2421250CE.NFO,2024-01-18,09:22:00,2024-02-13,66.0,66.0,66.0,66.0,0,0,1
FINNIFTY13FEB2421250CE.NFO,2024-01-18,09:23:00,2024-02-13,66.0,66.0,66.0,66.0,0,0,1
FINNIFTY13FEB2421250CE.NFO,2024-01-18,09:24:00,2024-02-13,66.0,66.0,66.0,66.0,0,0,1
FINNIFTY13FEB2421250CE.NFO,2024-01-18,09:25:00,2024-02-13,66.0,66.0,66.0,66.0,0,0,1
FINNIFTY13FEB2421250CE.NFO,2024-01-18,09:26:00,2024-02-13,66.0,66.0,66.0,66.0,0,0,1
FINNIFTY13FEB2421250CE.NFO,2024-01-18,09:27:00,2024-02-13,66.0,66.0,66.0,66.0,0,0,1
FINNIFTY13FEB2421250CE.NFO,2024-01-18,09:28:00,2024-02-13,66.0,66.0,66.0,66.0,0,0,1
FINNIFTY13FEB2421250CE.NFO,2024-01-18,09:29:00,2024-02-13,66.0,66.0,66.0,66.0,0,0,1
FINNIFTY13FEB2421250CE.NFO,2024-01-18,09:30:00,2024-02-13,66.0,66.0,66.0,66.0,0,0,1
FINNIFTY13FEB2421250CE.NFO,2024-01-18,09:31:00,2024-02-13,66.0,66.0,66.0,66.0,0,0,1
FINNIFTY13FEB2421250CE.NFO,2024-01-18,09:32:00,2024-02-13,66.0,66.0,66.0,66.0,0,0,1
FINNIFTY13FEB2421250CE.NFO,2024-01-18,09:33:00,2024-02-13,66.0,66.0,66.0,66.0,0,0,1
FINNIFTY13FEB2421250CE.NFO,2024-01-18,09:34:00,2024-02-13,66.0,66.0,66.0,66.0,0,0,1
FINNIFTY13FEB2421250CE.NFO,2024-01-18,09:35:00,2024-02-13,66.0,66.0,66.0,66.0,0,0,1
FINNIFTY13FEB2421250CE.NFO,2024-01-18,09:36:00,2024-02-13,66.0,66.0,66.0,66.0,0,0,1
FINNIFTY13FEB2421250CE.NFO,2024-01-18,09:37:00,2024-02-13,66.0,66.0,66.0,66.0,0,0,1
FINNIFTY13FEB2421250CE.NFO,2024-01-18,09:38:00,2024-02-13,66.0,66.0,66.0,66.0,0,0,1
FINNIFTY13FEB2421250CE.NFO,2024-01-18,09:39:00,2024-02-13,66.0,66.0,66.0,66.0,0,0,1
FINNIFTY13FEB2421250CE.NFO,2024-01-18,09:40:00,2024-02-13,66.0,66.0,66.0,66.0,0,0,1
FINNIFTY13FEB2421250CE.NFO,2024-01-18,09:41:00,2024-02-13,66.0,66.0,66.0,66.0,0,0,1
FINNIFTY13FEB2421250CE.NFO,2024-01-18,09:42:00,2024-02-13,66.0,66.0,66.0,66.0,0,0,1
FINNIFTY13FEB2421250CE.NFO,2024-01-18,09:43:00,2024-02-13,66.0,66.0,66.0,66.0,0,0,1
FINNIFTY13FEB2421250CE.NFO,2024-01-18,09:44:00,2024-02-13,66.0,66.0,66.0,66.0,0,0,1
FINNIFTY13FEB2421250CE.NFO,2024-01-18,09:45:00,2024-02-13,66.0,66.0,66.0,66.0,0,0,1
FINNIFTY13FEB2421250CE.NFO,2024-01-18,09:46:00,2024-02-13,66.0,66.0,66.0,66.0,0,0,1
FINNIFTY13FEB2421250CE.NFO,2024-01-18,09:47:00,2024-02-13,66.0,66.0,66.0,66.0,0,0,1
FINNIFTY13FEB2421250CE.NFO,2024-01-18,09:48:00,2024-02-13,66.0,66.0,66.0,66.0,0,0,1
FINNIFTY13FEB2421250CE.NFO,2024-01-18,09:49:00,2024-02-13,66.0,66.0,66.0,66.0,0,0,1
FINNIFTY13FEB2421250CE.NFO,2024-01-18,09:50:00,2024-02-13,66.0,66.0,66.0,66.0,0,0,1
FINNIFTY13FEB2421250CE.NFO,2024-01-18,09:51:00,2024-02-13,66.0,66.0,66.0,66.0,0,0,1
FINNIFTY13FEB2421250CE.NFO,2024-01-18,09:52:00,2024-02-13,66.0,66.0,66.0,66.0,0,0,1
FINNIFTY13FEB2421250CE.NFO,2024-01-18,09:53:00,2024-02-13,66.0,66.0,66.0,66.0,0,0,1
FINNIFTY13FEB2421250CE.NFO,2024-01-18,09:54:00,2024-02-13,66.0,66.0,66.0,66.0,0,0,1
FINNIFTY13FEB2421250CE.NFO,2024-01-18,09:55:00,2024-02-13,66.0,66.0,66.0,66.0,0,0,1
FINNIFTY13FEB2421250CE.NFO,2024-01-18,09:56:00,2024-02-13,66.0,66.0,66.0,66.0,0,0,1
FINNIFTY13FEB2421250CE.NFO,2024-01-18,09:57:00,2024-02-13,66.0,66.0,66.0,66.0,0,0,1
FINNIFTY13FEB2421250CE.NFO,2024-01-18,09:58:00,2024-02-13,66.0,66.0,66.0,66.0,0,0,1
FINNIFTY13FEB2421250CE.NFO,2024-01-18,09:59:00,2024-02-13,66.0,66.0,66.0,66.0,0,0,1
FINNIFTY13FEB2421250CE.NFO,2024-01-18,10:00:00,2024-02-13,66.0,66.0,66.0,66.0,0,0,1
FINNIFTY13FEB2421250CE.NFO,2024-01-18,10:01:00,2024-02-13,66.0,66.0,66.0,66.0,0,0,1
FINNIFTY13FEB2421250CE.NFO,2024-01-18,10:02:00,2024-02-13,66.0,66.0,66.0,66.0,0,0,1
FINNIFTY13FEB2421250CE.NFO,2024-01-18,10:03:00,2024-02-13,66.0,66.0,66.0,66.0,0,0,1
FINNIFTY13FEB2421250CE.NFO,2024-01-18,10:04:00,2024-02-13,66.0,66.0,66.0,66.0,0,0,1
FINNIFTY13FEB2421250CE.NFO,2024-01-18,10:05:00,2024-02-13,66.0,66.0,66.0,66.0,0,0,1
FINNIFTY13FEB2421250CE.NFO,2024-01-18,10:06:00,2024-02-13,66.0,66.0,66.0,66.0,0,0,1
FINNIFTY13FEB2421250CE.NFO,2024-01-18,10:07:00,2024-02-13,66.0,66.0,66.0,66.0,0,0,1
FINNIFTY13FEB2421250CE.NFO,2024-01-18,10:08:00,2024-02-13,66.0,66.0,66.0,66.0,0,0,1
FINNIFTY13FEB2421250CE.NFO,2024-01-18,10:09:00,2024-02-13,66.0,66.0,66.0,66.0,0,0,1
FINNIFTY13FEB2421250CE.NFO,2024-01-18,10:10:00,2024-02-13,66.0,66.0,66.0,66.0,0,0,1
FINNIFTY13FEB2421250CE.NFO,2024-01-18,10:11:00,2024-02-13,66.0,66.0,66.0,66.0,0,0,1
FINNIFTY13FEB2421250CE.NFO,2024-01-18,10:12:00,2024-02-13,66.0,66.0,66.0,66.0,0,0,1
FINNIFTY13FEB2421250CE.NFO,2024-01-18,10:13:00,2024-02-13,66.0,66.0,66.0,66.0,0,0,1
FINNIFTY13FEB2421250CE.NFO,2024-01-18,10:14:00,2024-02-13,66.0,66.0,66.0,66.0,0,0,1
FINNIFTY13FEB2421250CE.NFO,2024-01-18,10:15:00,2024-02-13,66.0,66.0,66.0,66.0,0,0,1
FINNIFTY13FEB2421250CE.NFO,2024-01-18,10:16:00,2024-02-13,66.0,66.0,66.0,66.0,0,0,1
FINNIFTY13FEB2421250CE.NFO,2024-01-18,10:17:00,2024-02-13,66.0,66.0,66.0,66.0,0,0,1
FINNIFTY13FEB2421250CE.NFO,2024-01-18,10:18:00,2024-02-13,66.0,66.0,66.0,66.0,0,0,1
FINNIFTY13FEB2421250CE.NFO,2024-01-18,10:19:00,2024-02-13,66.0,66.0,66.0,66.0,0,0,1
FINNIFTY13FEB2421250CE.NFO,2024-01-18,10:20:00,2024-02-13,66.0,66.0,66.0,66.0,0,0,1
FINNIFTY13FEB2421250CE.NFO,2024-01-18,10:21:00,2024-02-13,66.0,66.0,66.0,66.0,0,0,1
FINNIFTY13FEB2421250CE.NFO,2024-01-18,10:22:00,2024-02-13,66.0,66.0,66.0,66.0,0,0,1
FINNIFTY13FEB2421250CE.NFO,2024-01-18,10:23:00,2024-02-13,66.0,66.0,66.0,66.0,0,0,1
FINNIFTY13FEB2421250CE.NFO,2024-01-18,10:24:00,2024-02-13,66.0,66.0,66.0,66.0,0,0,1
FINNIFTY13FEB2421250CE.NFO,2024-01-18,10:25:00,2024-02-13,66.0,66.0,66.0,66.0,0,0,1
FINNIFTY13FEB2421250CE.NFO,2024-01-18,10:26:00,2024-02-13,66.0,66.0,66.0,66.0,0,0,1
FINNIFTY13FEB2421250CE.NFO,2024-01-18,10:27:00,2024-02-13,66.0,66.0,66.0,66.0,0,0,1
FINNIFTY13FEB2421250CE.NFO,2024-01-18,10:28:00,2024-02-13,66.0,66.0,66.0,66.0,0,0,1
FINNIFTY13FEB2421250CE.NFO,2024-01-18,10:29:00,2024-02-13,66.0,66.0,66.0,66.0,0,0,1
FINNIFTY13FEB2421250CE.NFO,2024-01-18,10:30:00,2024-02-13,66.0,66.0,66.0,66.0,0,0,1
FINNIFTY13FEB2421250CE.NFO,2024-01-18,10:31:00,2024-02-13,66.0,66.0,66.0,66.0,0,0,1
FINNIFTY13FEB2421250CE.NFO,2024-01-18,10:32:00,2024-02-13,66.0,66.0,66.0,66.0,0,0,1
FINNIFTY13FEB2421250CE.NFO,2024-01-18,10:33:00,2024-02-13,66.0,66.0,66.0,66.0,0,0,1
FINNIFTY13FEB2421250CE.NFO,2024-01-18,10:34:00,2024-02-13,66.0,66.0,66.0,66.0,0,0,1
FINNIFTY13FEB2421250CE.NFO,2024-01-18,10:35:00,2024-02-13,66.0,66.0,66.0,66.0,0,0,1
FINNIFTY13FEB2421250CE.NFO,2024-01-18,10:36:00,2024-02-13,66.0,66.0,66.0,66.0,0,0,1
FINNIFTY13FEB2421250CE.NFO,2024-01-18,10:37:00,2024-02-13,66.0,66.0,66.0,66.0,0,0,1
FINNIFTY13FEB2421250CE.NFO,2024-01-18,10:38:00,2024-02-13,66.0,66.0,66.0,66.0,0,0,1
FINNIFTY13FEB2421250CE.NFO,2024-01-18,10:39:00,2024-02-13,66.0,66.0,66.0,66.0,0,0,1
FINNIFTY13FEB2421250CE.NFO,2024-01-18,10:40:00,2024-02-13,66.0,66.0,66.0,66.0,0,0,1
FINNIFTY13FEB2421250CE.NFO,2024-01-18,10:41:00,2024-02-13,66.0,66.0,66.0,66.0,0,0,1
FINNIFTY13FEB2421250CE.NFO,2024-01-18,10:42:00,2024-02-13,66.0,66.0,66.0,66.0,0,0,1
FINNIFTY13FEB2421250CE.NFO,2024-01-18,10:43:00,2024-02-13,66.0,66.0,66.0,66.0,0,0,1
FINNIFTY13FEB2421250CE.NFO,2024-01-18,10:44:00,2024-02-13,66.0,66.0,66.0,66.0,0,0,1
FINNIFTY13FEB2421250CE.NFO,2024-01-18,10:45:00,2024-02-13,66.0,66.0,66.0,66.0,0,0,1
FINNIFTY13FEB2421250CE.NFO,2024-01-18,10:46:00,2024-02-13,66.0,66.0,66.0,66.0,0,0,1
FINNIFTY13FEB2421250CE.NFO,2024-01-18,10:47:00,2024-02-13,66.0,66.0,66.0,66.0,0,0,1
FINNIFTY13FEB2421250CE.NFO,2024-01-18,10:48:00,2024-02-13,66.0,66.0,66.0,66.0,0,0,1
FINNIFTY13FEB2421250CE.NFO,2024-01-18,10:49:00,2024-02-13,66.0,66.0,66.0,66.0,0,0,1
FINNIFTY13FEB2421250CE.NFO,2024-01-18,10:50:00,2024-02-13,66.0,66.0,66.0,66.0,0,0,1
FINNIFTY13FEB2421250CE.NFO,2024-01-18,10:51:00,2024-02-13,66.0,66.0,66.0,66.0,0,0,1
FINNIFTY13FEB2421250CE.NFO,2024-01-18,10:52:00,2024-02-13,66.0,66.0,66.0,66.0,0,0,1
FINNIFTY13FEB2421250CE.NFO,2024-01-18,10:53:00,2024-02-13,66.0,66.0,66.0,66.0,0,0,1
FINNIFTY13FEB2421250CE.NFO,2024-01-18,10:54:00,2024-02-13,66.0,66.0,66.0,66.0,0,0,1
FINNIFTY13FEB2421250CE.NFO,2024-01-18,10:55:00,2024-02-13,66.0,66.0,66.0,66.0,0,0,1
FINNIFTY13FEB2421250CE.NFO,2024-01-18,10:56:00,2024-02-13,66.0,66.0,66.0,66.0,0,0,1
FINNIFTY13FEB2421250CE.NFO,2024-01-18,10:57:00,2024-02-13,66.0,66.0,66.0,66.0,0,0,1
FINNIFTY13FEB2421250CE.NFO,2024-01-18,10:58:00,2024-02-13,66.0,66.0,66.0,66.0,0,0,1
FINNIFTY13FEB2421250CE.NFO,2024-01-18,10:59:00,2024-02-13,66.0,66.0,66.0,66.0,0,0,1
FINNIFTY13FEB2421250CE.NFO,2024-01-18,11:00:00,2024-02-13,66.0,66.0,66.0,66.0,0,0,1
FINNIFTY13FEB2421250CE.NFO,2024-01-18,11:01:00,2024-02-13,66.0,66.0,66.0,66.0,0,0,1
FINNIFTY13FEB2421250CE.NFO,2024-01-18,11:02:00,2024-02-13,66.0,66.0,66.0,66.0,0,0,1
FINNIFTY13FEB2421250CE.NFO,2024-01-18,11:03:00,2024-02-13,66.0,66.0,66.0,66.0,0,0,1
FINNIFTY13FEB2421250CE.NFO,2024-01-18,11:04:00,2024-02-13,66.0,66.0,66.0,66.0,0,0,1
FINNIFTY13FEB2421250CE.NFO,2024-01-18,11:05:00,2024-02-13,66.0,66.0,66.0,66.0,0,0,1
FINNIFTY13FEB2421250CE.NFO,2024-01-18,11:06:00,2024-02-13,66.0,66.0,66.0,66.0,0,0,1
FINNIFTY13FEB2421250CE.NFO,2024-01-18,11:07:00,2024-02-13,66.0,66.0,66.0,66.0,0,0,1
FINNIFTY13FEB2421250CE.NFO,2024-01-18,11:08:00,2024-02-13,66.0,66.0,66.0,66.0,0,0,1
FINNIFTY13FEB2421250CE.NFO,2024-01-18,11:09:00,2024-02-13,66.0,66.0,66.0,66.0,0,0,1
FINNIFTY13FEB2421250CE.NFO,2024-01-18,11:10:00,2024-02-13,66.0,66.0,66.0,66.0,0,0,1
FINNIFTY13FEB2421250CE.NFO,2024-01-18,11:11:00,2024-02-13,66.0,66.0,66.0,66.0,0,0,1
FINNIFTY13FEB2421250CE.NFO,2024-01-18,11:12:00,2024-02-13,66.0,66.0,66.0,66.0,0,0,1
FINNIFTY13FEB2421250CE.NFO,2024-01-18,11:13:00,2024-02-13,66.0,66.0,66.0,66.0,0,0,1
FINNIFTY13FEB2421250CE.NFO,2024-01-18,11:14:00,2024-02-13,66.0,66.0,66.0,66.0,0,0,1
FINNIFTY13FEB2421250CE.NFO,2024-01-18,11:15:00,2024-02-13,66.0,66.0,66.0,66.0,0,0,1
FINNIFTY13FEB2421250CE.NFO,2024-01-18,11:16:00,2024-02-13,66.0,66.0,66.0,66.0,0,0,1
FINNIFTY13FEB2421250CE.NFO,2024-01-18,11:17:00,2024-02-13,66.0,66.0,66.0,66.0,0,0,1
FINNIFTY13FEB2421250CE.NFO,2024-01-18,11:18:00,2024-02-13,66.0,66.0,66.0,66.0,0,0,1
FINNIFTY13FEB2421250CE.NFO,2024-01-18,11:19:00,2024-02-13,66.0,66.0,66.0,66.0,0,0,1
FINNIFTY13FEB2421250CE.NFO,2024-01-18,11:20:00,2024-02-13,66.0,66.0,66.0,66.0,0,0,1
FINNIFTY13FEB2421250CE.NFO,2024-01-18,11:21:00,2024-02-13,66.0,66.0,66.0,66.0,0,0,1
FINNIFTY13FEB2421250CE.NFO,2024-01-18,11:22:00,2024-02-13,66.0,66.0,66.0,66.0,0,0,1
FINNIFTY13FEB2421250CE.NFO,2024-01-18,11:23:00,2024-02-13,66.0,66.0,66.0,66.0,0,0,1
FINNIFTY13FEB2421250CE.NFO,2024-01-18,11:24:00,2024-02-13,66.0,66.0,66.0,66.0,0,0,1
FINNIFTY13FEB2421250CE.NFO,2024-01-18,11:25:00,2024-02-13,66.0,66.0,66.0,66.0,0,0,1
FINNIFTY13FEB2421250CE.NFO,2024-01-18,11:26:00,2024-02-13,66.0,66.0,66.0,66.0,0,0,1
FINNIFTY13FEB2421250CE.NFO,2024-01-18,11:27:00,2024-02-13,66.0,66.0,66.0,66.0,0,0,1
FINNIFTY13FEB2421250CE.NFO,2024-01-18,11:28:00,2024-02-13,66.0,66.0,66.0,66.0,0,0,1
FINNIFTY13FEB2421250CE.NFO,2024-01-18,11:29:00,2024-02-13,66.0,66.0,66.0,66.0,0,0,1
FINNIFTY13FEB2421250CE.NFO,2024-01-18,11:30:00,2024-02-13,66.0,66.0,66.0,66.0,0,0,1
FINNIFTY13FEB2421250CE.NFO,2024-01-18,11:31:00,2024-02-13,66.0,66.0,66.0,66.0,0,0,1
FINNIFTY13FEB2421250CE.NFO,2024-01-18,11:32:00,2024-02-13,66.0,66.0,66.0,66.0,0,0,1
FINNIFTY13FEB2421250CE.NFO,2024-01-18,11:33:00,2024-02-13,66.0,66.0,66.0,66.0,0,0,1
FINNIFTY13FEB2421250CE.NFO,2024-01-18,11:34:00,2024-02-13,66.0,66.0,66.0,66.0,0,0,1
FINNIFTY13FEB2421250CE.NFO,2024-01-18,11:35:00,2024-02-13,66.0,66.0,66.0,66.0,0,0,1
FINNIFTY13FEB2421250CE.NFO,2024-01-18,11:36:00,2024-02-13,66.0,66.0,66.0,66.0,0,0,1
FINNIFTY13FEB2421250CE.NFO,2024-01-18,11:37:00,2024-02-13,66.0,66.0,66.0,66.0,0,0,1
FINNIFTY13FEB2421250CE.NFO,2024-01-18,11:38:00,2024-02-13,66.0,66.0,66.0,66.0,0,0,1
FINNIFTY13FEB2421250CE.NFO,2024-01-18,11:39:00,2024-02-13,66.0,66.0,66.0,66.0,0,0,1
FINNIFTY13FEB2421250CE.NFO,2024-01-18,11:40:00,2024-02-13,66.0,66.0,66.0,66.0,0,0,1
FINNIFTY13FEB2421250CE.NFO,2024-01-18,11:41:00,2024-02-13,66.0,66.0,66.0,66.0,0,0,1
FINNIFTY13FEB2421250CE.NFO,2024-01-18,11:42:00,2024-02-13,66.0,66.0,66.0,66.0,0,0,1
FINNIFTY13FEB2421250CE.NFO,2024-01-18,11:43:00,2024-02-13,66.0,66.0,66.0,66.0,0,0,1
FINNIFTY13FEB2421250CE.NFO,2024-01-18,11:44:00,2024-02-13,66.0,66.0,66.0,66.0,0,0,1
FINNIFTY13FEB2421250CE.NFO,2024-01-18,11:45:00,2024-02-13,66.0,66.0,66.0,66.0,0,0,1
FINNIFTY13FEB2421250CE.NFO,2024-01-18,11:46:00,2024-02-13,66.0,66.0,66.0,66.0,0,0,1
FINNIFTY13FEB2421250CE.NFO,2024-01-18,11:47:00,2024-02-13,66.0,66.0,66.0,66.0,0,0,1
FINNIFTY13FEB2421250CE.NFO,2024-01-18,11:48:00,2024-02-13,66.0,66.0,66.0,66.0,0,0,1
FINNIFTY13FEB2421250CE.NFO,2024-01-18,11:49:00,2024-02-13,66.0,66.0,66.0,66.0,0,0,1
FINNIFTY13FEB2421250CE.NFO,2024-01-18,11:50:00,2024-02-13,66.0,66.0,66.0,66.0,0,0,1
FINNIFTY13FEB2421250CE.NFO,2024-01-18,11:51:00,2024-02-13,66.0,66.0,66.0,66.0,0,0,1
FINNIFTY13FEB2421250CE.NFO,2024-01-18,11:52:00,2024-02-13,66.0,66.0,66.0,66.0,0,0,1
FINNIFTY13FEB2421250CE.NFO,2024-01-18,11:53:00,2024-02-13,66.0,66.0,66.0,66.0,0,0,1
FINNIFTY13FEB2421250CE.NFO,2024-01-18,11:54:00,2024-02-13,66.0,66.0,66.0,66.0,0,0,1
FINNIFTY13FEB2421250CE.NFO,2024-01-18,11:55:00,2024-02-13,66.0,66.0,66.0,66.0,0,0,1
FINNIFTY13FEB2421250CE.NFO,2024-01-18,11:56:00,2024-02-13,66.0,66.0,66.0,66.0,0,0,1
FINNIFTY13FEB2421250CE.NFO,2024-01-18,11:57:00,2024-02-13,66.0,66.0,66.0,66.0,0,0,1
FINNIFTY13FEB2421250CE.NFO,2024-01-18,11:58:00,2024-02-13,66.0,66.0,66.0,66.0,0,0,1
FINNIFTY13FEB2421250CE.NFO,2024-01-18,11:59:00,2024-02-13,66.0,66.0,66.0,66.0,0,0,1
FINNIFTY13FEB2421250CE.NFO,2024-01-18,12:00:00,2024-02-13,66.0,66.0,66.0,66.0,0,0,1
FINNIFTY13FEB2421250CE.NFO,2024-01-18,12:01:00,2024-02-13,66.0,66.0,66.0,66.0,0,0,1
FINNIFTY13FEB2421250CE.NFO,2024-01-18,12:02:00,2024-02-13,66.0,66.0,66.0,66.0,0,0,1
FINNIFTY13FEB2421250CE.NFO,2024-01-18,12:03:00,2024-02-13,66.0,66.0,66.0,66.0,0,0,1
FINNIFTY13FEB2421250CE.NFO,2024-01-18,12:04:00,2024-02-13,66.0,66.0,66.0,66.0,0,0,1
FINNIFTY13FEB2421250CE.NFO,2024-01-18,12:05:00,2024-02-13,66.0,66.0,66.0,66.0,0,0,1
FINNIFTY13FEB2421250CE.NFO,2024-01-18,12:06:00,2024-02-13,66.0,66.0,66.0,66.0,0,0,1
FINNIFTY13FEB2421250CE.NFO,2024-01-18,12:07:00,2024-02-13,66.0,66.0,66.0,66.0,0,0,1
FINNIFTY13FEB2421250CE.NFO,2024-01-18,12:08:00,2024-02-13,66.0,66.0,66.0,66.0,0,0,1
FINNIFTY13FEB2421250CE.NFO,2024-01-18,12:09:00,2024-02-13,66.0,66.0,66.0,66.0,0,0,1
FINNIFTY13FEB2421250CE.NFO,2024-01-18,12:10:00,2024-02-13,66.0,66.0,66.0,66.0,0,0,1
FINNIFTY13FEB2421250CE.NFO,2024-01-18,12:11:00,2024-02-13,66.0,66.0,66.0,66.0,0,0,1
FINNIFTY13FEB2421250CE.NFO,2024-01-18,12:12:00,2024-02-13,66.0,66.0,66.0,66.0,0,0,1
FINNIFTY13FEB2421250CE.NFO,2024-01-18,12:13:00,2024-02-13,66.0,66.0,66.0,66.0,0,0,1
FINNIFTY13FEB2421250CE.NFO,2024-01-18,12:14:00,2024-02-13,66.0,66.0,66.0,66.0,0,0,1
FINNIFTY13FEB2421250CE.NFO,2024-01-18,12:15:00,2024-02-13,66.0,66.0,66.0,66.0,0,0,1
FINNIFTY13FEB2421250CE.NFO,2024-01-18,12:16:00,2024-02-13,66.0,66.0,66.0,66.0,0,0,1
FINNIFTY13FEB2421250CE.NFO,2024-01-18,12:17:00,2024-02-13,66.0,66.0,66.0,66.0,0,0,1
FINNIFTY13FEB2421250CE.NFO,2024-01-18,12:18:00,2024-02-13,66.0,66.0,66.0,66.0,0,0,1
FINNIFTY13FEB2421250CE.NFO,2024-01-18,12:19:00,2024-02-13,66.0,66.0,66.0,66.0,0,0,1
FINNIFTY13FEB2421250CE.NFO,2024-01-18,12:20:00,2024-02-13,66.0,66.0,66.0,66.0,0,0,1
FINNIFTY13FEB2421250CE.NFO,2024-01-18,12:21:00,2024-02-13,66.0,66.0,66.0,66.0,0,0,1
FINNIFTY13FEB2421250CE.NFO,2024-01-18,12:22:00,2024-02-13,66.0,66.0,66.0,66.0,0,0,1
FINNIFTY13FEB2421250CE.NFO,2024-01-18,12:23:00,2024-02-13,66.0,66.0,66.0,66.0,0,0,1
FINNIFTY13FEB2421250CE.NFO,2024-01-18,12:24:00,2024-02-13,66.0,66.0,66.0,66.0,0,0,1
FINNIFTY13FEB2421250CE.NFO,2024-01-18,12:25:00,2024-02-13,66.0,66.0,66.0,66.0,0,0,1
FINNIFTY13FEB2421250CE.NFO,2024-01-18,12:26:00,2024-02-13,66.0,66.0,66.0,66.0,0,0,1
FINNIFTY13FEB2421250CE.NFO,2024-01-18,12:27:00,2024-02-13,66.0,66.0,66.0,66.0,0,0,1
FINNIFTY13FEB2421250CE.NFO,2024-01-18,12:28:00,2024-02-13,66.0,66.0,66.0,66.0,0,0,1
FINNIFTY13FEB2421250CE.NFO,2024-01-18,12:29:00,2024-02-13,66.0,66.0,66.0,66.0,0,0,1
FINNIFTY13FEB2421250CE.NFO,2024-01-18,12:30:00,2024-02-13,66.0,66.0,66.0,66.0,0,0,1
FINNIFTY13FEB2421250CE.NFO,2024-01-18,12:31:00,2024-02-13,66.0,66.0,66.0,66.0,0,0,1
FINNIFTY13FEB2421250CE.NFO,2024-01-18,12:32:00,2024-02-13,66.0,66.0,66.0,66.0,0,0,1
FINNIFTY13FEB2421250CE.NFO,2024-01-18,12:33:00,2024-02-13,66.0,66.0,66.0,66.0,0,0,1
FINNIFTY13FEB2421250CE.NFO,2024-01-18,12:34:00,2024-02-13,66.0,66.0,66.0,66.0,0,0,1
FINNIFTY13FEB2421250CE.NFO,2024-01-18,12:35:00,2024-02-13,66.0,66.0,66.0,66.0,0,0,1
FINNIFTY13FEB2421250CE.NFO,2024-01-18,12:36:00,2024-02-13,66.0,66.0,66.0,66.0,0,0,1
FINNIFTY13FEB2421250CE.NFO,2024-01-18,12:37:00,2024-02-13,66.0,66.0,66.0,66.0,0,0,1
FINNIFTY13FEB2421250CE.NFO,2024-01-18,12:38:00,2024-02-13,66.0,66.0,66.0,66.0,0,0,1
FINNIFTY13FEB2421250CE.NFO,2024-01-18,12:39:00,2024-02-13,66.0,66.0,66.0,66.0,0,0,1
FINNIFTY13FEB2421250CE.NFO,2024-01-18,12:40:00,2024-02-13,66.0,66.0,66.0,66.0,0,0,1
FINNIFTY13FEB2421250CE.NFO,2024-01-18,12:41:00,2024-02-13,66.0,66.0,66.0,66.0,0,0,1
FINNIFTY13FEB2421250CE.NFO,2024-01-18,12:42:00,2024-02-13,66.0,66.0,66.0,66.0,0,0,1
FINNIFTY13FEB2421250CE.NFO,2024-01-18,12:43:00,2024-02-13,66.0,66.0,66.0,66.0,0,0,1
FINNIFTY13FEB2421250CE.NFO,2024-01-18,12:44:00,2024-02-13,66.0,66.0,66.0,66.0,0,0,1
FINNIFTY13FEB2421250CE.NFO,2024-01-18,12:45:00,2024-02-13,66.0,66.0,66.0,66.0,0,0,1
FINNIFTY13FEB2421250CE.NFO,2024-01-18,12:46:00,2024-02-13,66.0,66.0,66.0,66.0,0,0,1
FINNIFTY13FEB2421250CE.NFO,2024-01-18,12:47:00,2024-02-13,66.0,66.0,66.0,66.0,0,0,1
FINNIFTY13FEB2421250CE.NFO,2024-01-18,12:48:00,2024-02-13,66.0,66.0,66.0,66.0,0,0,1
FINNIFTY13FEB2421250CE.NFO,2024-01-18,12:49:00,2024-02-13,66.0,66.0,66.0,66.0,0,0,1
FINNIFTY13FEB2421250CE.NFO,2024-01-18,12:50:00,2024-02-13,66.0,66.0,66.0,66.0,0,0,1
FINNIFTY13FEB2421250CE.NFO,2024-01-18,12:51:00,2024-02-13,66.0,66.0,66.0,66.0,0,0,1
FINNIFTY13FEB2421250CE.NFO,2024-01-18,12:52:00,2024-02-13,66.0,66.0,66.0,66.0,0,0,1
FINNIFTY13FEB2421250CE.NFO,2024-01-18,12:53:00,2024-02-13,66.0,66.0,66.0,66.0,0,0,1
FINNIFTY13FEB2421250CE.NFO,2024-01-18,12:54:00,2024-02-13,66.0,66.0,66.0,66.0,0,0,1
FINNIFTY13FEB2421250CE.NFO,2024-01-18,12:55:00,2024-02-13,66.0,66.0,66.0,66.0,0,0,1
FINNIFTY13FEB2421250CE.NFO,2024-01-18,12:56:00,2024-02-13,66.0,66.0,66.0,66.0,0,0,1
FINNIFTY13FEB2421250CE.NFO,2024-01-18,12:57:00,2024-02-13,66.0,66.0,66.0,66.0,0,0,1
FINNIFTY13FEB2421250CE.NFO,2024-01-18,12:58:00,2024-02-13,66.0,66.0,66.0,66.0,0,0,1
FINNIFTY13FEB2421250CE.NFO,2024-01-18,12:59:00,2024-02-13,66.0,66.0,66.0,66.0,0,0,1
FINNIFTY13FEB2421250CE.NFO,2024-01-18,13:00:00,2024-02-13,66.0,66.0,66.0,66.0,0,0,1
FINNIFTY13FEB2421250CE.NFO,2024-01-18,13:01:00,2024-02-13,66.0,66.0,66.0,66.0,0,0,1
FINNIFTY13FEB2421250CE.NFO,2024-01-18,13:02:00,2024-02-13,66.0,66.0,66.0,66.0,0,0,1
FINNIFTY13FEB2421250CE.NFO,2024-01-18,13:03:00,2024-02-13,66.0,66.0,66.0,66.0,0,0,1
FINNIFTY13FEB2421250CE.NFO,2024-01-18,13:04:00,2024-02-13,66.0,66.0,66.0,66.0,0,0,1
FINNIFTY13FEB2421250CE.NFO,2024-01-18,13:05:00,2024-02-13,66.0,66.0,66.0,66.0,0,0,1
FINNIFTY13FEB2421250CE.NFO,2024-01-18,13:06:00,2024-02-13,66.0,66.0,66.0,66.0,0,0,1
FINNIFTY13FEB2421250CE.NFO,2024-01-18,13:07:00,2024-02-13,66.0,66.0,66.0,66.0,0,0,1
FINNIFTY13FEB2421250CE.NFO,2024-01-18,13:08:00,2024-02-13,66.0,66.0,66.0,66.0,0,0,1
FINNIFTY13FEB2421250CE.NFO,2024-01-18,13:09:00,2024-02-13,66.0,66.0,66.0,66.0,0,0,1
FINNIFTY13FEB2421250CE.NFO,2024-01-18,13:10:00,2024-02-13,66.0,66.0,66.0,66.0,0,0,1
FINNIFTY13FEB2421250CE.NFO,2024-01-18,13:11:00,2024-02-13,66.0,66.0,66.0,66.0,0,0,1
FINNIFTY13FEB2421250CE.NFO,2024-01-18,13:12:00,2024-02-13,66.0,66.0,66.0,66.0,0,0,1
FINNIFTY13FEB2421250CE.NFO,2024-01-18,13:13:00,2024-02-13,66.0,66.0,66.0,66.0,0,0,1
FINNIFTY13FEB2421250CE.NFO,2024-01-18,13:14:00,2024-02-13,66.0,66.0,66.0,66.0,0,0,1
FINNIFTY13FEB2421250CE.NFO,2024-01-18,13:15:00,2024-02-13,66.0,66.0,66.0,66.0,0,0,1
FINNIFTY13FEB2421250CE.NFO,2024-01-18,13:16:00,2024-02-13,66.0,66.0,66.0,66.0,0,0,1
FINNIFTY13FEB2421250CE.NFO,2024-01-18,13:17:00,2024-02-13,66.0,66.0,66.0,66.0,0,0,1
FINNIFTY13FEB2421250CE.NFO,2024-01-18,13:18:00,2024-02-13,66.0,66.0,66.0,66.0,0,0,1
FINNIFTY13FEB2421250CE.NFO,2024-01-18,13:19:00,2024-02-13,66.0,66.0,66.0,66.0,0,0,1
FINNIFTY13FEB2421250CE.NFO,2024-01-18,13:20:00,2024-02-13,66.0,66.0,66.0,66.0,0,0,1
FINNIFTY13FEB2421250CE.NFO,2024-01-18,13:21:00,2024-02-13,66.0,66.0,66.0,66.0,0,0,1
FINNIFTY13FEB2421250CE.NFO,2024-01-18,13:22:00,2024-02-13,66.0,66.0,66.0,66.0,0,0,1
FINNIFTY13FEB2421250CE.NFO,2024-01-18,13:23:00,2024-02-13,66.0,66.0,66.0,66.0,0,0,1
FINNIFTY13FEB2421250CE.NFO,2024-01-18,13:24:00,2024-02-13,66.0,66.0,66.0,66.0,0,0,1
FINNIFTY13FEB2421250CE.NFO,2024-01-18,13:25:00,2024-02-13,66.0,66.0,66.0,66.0,0,0,1
FINNIFTY13FEB2421250CE.NFO,2024-01-18,13:26:00,2024-02-13,66.0,66.0,66.0,66.0,0,0,1
FINNIFTY13FEB2421250CE.NFO,2024-01-18,13:27:00,2024-02-13,66.0,66.0,66.0,66.0,0,0,1
FINNIFTY13FEB2421250CE.NFO,2024-01-18,13:28:00,2024-02-13,66.0,66.0,66.0,66.0,0,0,1
FINNIFTY13FEB2421250CE.NFO,2024-01-18,13:29:00,2024-02-13,66.0,66.0,66.0,66.0,0,0,1
FINNIFTY13FEB2421250CE.NFO,2024-01-18,13:30:00,2024-02-13,66.0,66.0,66.0,66.0,0,0,1
FINNIFTY13FEB2421250CE.NFO,2024-01-18,13:31:00,2024-02-13,66.0,66.0,66.0,66.0,0,0,1
FINNIFTY13FEB2421250CE.NFO,2024-01-18,13:32:00,2024-02-13,66.0,66.0,66.0,66.0,0,0,1
FINNIFTY13FEB2421250CE.NFO,2024-01-18,13:33:00,2024-02-13,66.0,66.0,66.0,66.0,0,0,1
FINNIFTY13FEB2421250CE.NFO,2024-01-18,13:34:00,2024-02-13,66.0,66.0,66.0,66.0,0,0,1
FINNIFTY13FEB2421250CE.NFO,2024-01-18,13:35:00,2024-02-13,66.0,66.0,66.0,66.0,0,0,1
FINNIFTY13FEB2421250CE.NFO,2024-01-18,13:36:00,2024-02-13,66.0,66.0,66.0,66.0,0,0,1
FINNIFTY13FEB2421250CE.NFO,2024-01-18,13:37:00,2024-02-13,66.0,66.0,66.0,66.0,0,0,1
FINNIFTY13FEB2421250CE.NFO,2024-01-18,13:38:00,2024-02-13,66.0,66.0,66.0,66.0,0,0,1
FINNIFTY13FEB2421250CE.NFO,2024-01-18,13:39:00,2024-02-13,66.0,66.0,66.0,66.0,0,0,1
FINNIFTY13FEB2421250CE.NFO,2024-01-18,13:40:00,2024-02-13,66.0,66.0,66.0,66.0,0,0,1
FINNIFTY13FEB2421250CE.NFO,2024-01-18,13:41:00,2024-02-13,66.0,66.0,66.0,66.0,0,0,1
FINNIFTY13FEB2421250CE.NFO,2024-01-18,13:42:00,2024-02-13,66.0,66.0,66.0,66.0,0,0,1
FINNIFTY13FEB2421250CE.NFO,2024-01-18,13:43:00,2024-02-13,66.0,66.0,66.0,66.0,0,0,1
FINNIFTY13FEB2421250CE.NFO,2024-01-18,13:44:00,2024-02-13,66.0,66.0,66.0,66.0,0,0,1
FINNIFTY13FEB2421250CE.NFO,2024-01-18,13:45:00,2024-02-13,66.0,66.0,66.0,66.0,0,0,1
FINNIFTY13FEB2421250CE.NFO,2024-01-18,13:46:00,2024-02-13,66.0,66.0,66.0,66.0,0,0,1
FINNIFTY13FEB2421250CE.NFO,2024-01-18,13:47:00,2024-02-13,66.0,66.0,66.0,66.0,0,0,1
FINNIFTY13FEB2421250CE.NFO,2024-01-18,13:48:00,2024-02-13,66.0,66.0,66.0,66.0,0,0,1
FINNIFTY13FEB2421250CE.NFO,2024-01-18,13:49:00,2024-02-13,66.0,66.0,66.0,66.0,0,0,1
FINNIFTY13FEB2421250CE.NFO,2024-01-18,13:50:00,2024-02-13,66.0,66.0,66.0,66.0,0,0,1
FINNIFTY13FEB2421250CE.NFO,2024-01-18,13:51:00,2024-02-13,66.0,66.0,66.0,66.0,0,0,1
FINNIFTY13FEB2421250CE.NFO,2024-01-18,13:52:00,2024-02-13,66.0,66.0,66.0,66.0,0,0,1
FINNIFTY13FEB2421250CE.NFO,2024-01-18,13:53:00,2024-02-13,66.0,66.0,66.0,66.0,0,0,1
FINNIFTY13FEB2421250CE.NFO,2024-01-18,13:54:00,2024-02-13,66.0,66.0,66.0,66.0,0,0,1
FINNIFTY13FEB2421250CE.NFO,2024-01-18,13:55:00,2024-02-13,66.0,66.0,66.0,66.0,0,0,1
FINNIFTY13FEB2421250CE.NFO,2024-01-18,13:56:00,2024-02-13,66.0,66.0,66.0,66.0,0,0,1
FINNIFTY13FEB2421250CE.NFO,2024-01-18,13:57:00,2024-02-13,66.0,66.0,66.0,66.0,0,0,1
FINNIFTY13FEB2421250CE.NFO,2024-01-18,13:58:00,2024-02-13,66.0,66.0,66.0,66.0,0,0,1
FINNIFTY13FEB2421250CE.NFO,2024-01-18,13:59:00,2024-02-13,66.0,66.0,66.0,66.0,0,0,1
FINNIFTY13FEB2421250CE.NFO,2024-01-18,14:00:00,2024-02-13,66.0,66.0,66.0,66.0,0,0,1
FINNIFTY13FEB2421250CE.NFO,2024-01-18,14:01:00,2024-02-13,66.0,66.0,66.0,66.0,0,0,1
FINNIFTY13FEB2421250CE.NFO,2024-01-18,14:02:00,2024-02-13,66.0,66.0,66.0,66.0,0,0,1
FINNIFTY13FEB2421250CE.NFO,2024-01-18,14:03:00,2024-02-13,66.0,66.0,66.0,66.0,0,0,1
FINNIFTY13FEB2421250CE.NFO,2024-01-18,14:04:00,2024-02-13,66.0,66.0,66.0,66.0,0,0,1
FINNIFTY13FEB2421250CE.NFO,2024-01-18,14:05:00,2024-02-13,66.0,66.0,66.0,66.0,0,0,1
FINNIFTY13FEB2421250CE.NFO,2024-01-18,14:06:00,2024-02-13,66.0,66.0,66.0,66.0,0,0,1
FINNIFTY13FEB2421250CE.NFO,2024-01-18,14:07:00,2024-02-13,66.0,66.0,66.0,66.0,0,0,1
FINNIFTY13FEB2421250CE.NFO,2024-01-18,14:08:00,2024-02-13,66.0,66.0,66.0,66.0,0,0,1
FINNIFTY13FEB2421250CE.NFO,2024-01-18,14:09:00,2024-02-13,66.0,66.0,66.0,66.0,0,0,1
FINNIFTY13FEB2421250CE.NFO,2024-01-18,14:10:00,2024-02-13,66.0,66.0,66.0,66.0,0,0,1
FINNIFTY13FEB2421250CE.NFO,2024-01-18,14:11:00,2024-02-13,66.0,66.0,66.0,66.0,0,0,1
FINNIFTY13FEB2421250CE.NFO,2024-01-18,14:12:00,2024-02-13,66.0,66.0,66.0,66.0,0,0,1
FINNIFTY13FEB2421250CE.NFO,2024-01-18,14:13:00,2024-02-13,66.0,66.0,66.0,66.0,0,0,1
FINNIFTY13FEB2421250CE.NFO,2024-01-18,14:14:00,2024-02-13,66.0,66.0,66.0,66.0,0,0,1
FINNIFTY13FEB2421250CE.NFO,2024-01-18,14:15:00,2024-02-13,66.0,66.0,66.0,66.0,0,0,1
FINNIFTY13FEB2421250CE.NFO,2024-01-18,14:16:00,2024-02-13,66.0,66.0,66.0,66.0,0,0,1
FINNIFTY13FEB2421250CE.NFO,2024-01-18,14:17:00,2024-02-13,66.0,66.0,66.0,66.0,0,0,1
FINNIFTY13FEB2421250CE.NFO,2024-01-18,14:18:00,2024-02-13,66.0,66.0,66.0,66.0,0,0,1
FINNIFTY13FEB2421250CE.NFO,2024-01-18,14:19:00,2024-02-13,66.0,66.0,66.0,66.0,0,0,1
FINNIFTY13FEB2421250CE.NFO,2024-01-18,14:20:00,2024-02-13,66.0,66.0,66.0,66.0,0,0,1
FINNIFTY13FEB2421250CE.NFO,2024-01-18,14:21:00,2024-02-13,66.0,66.0,66.0,66.0,0,0,1
FINNIFTY13FEB2421250CE.NFO,2024-01-18,14:22:00,2024-02-13,66.0,66.0,66.0,66.0,0,0,1
FINNIFTY13FEB2421250CE.NFO,2024-01-18,14:23:00,2024-02-13,66.0,66.0,66.0,66.0,0,0,1
FINNIFTY13FEB2421250CE.NFO,2024-01-18,14:24:00,2024-02-13,66.0,66.0,66.0,66.0,0,0,1
FINNIFTY13FEB2421250CE.NFO,2024-01-18,14:25:00,2024-02-13,66.0,66.0,66.0,66.0,0,0,1
FINNIFTY13FEB2421250CE.NFO,2024-01-18,14:26:00,2024-02-13,66.0,66.0,66.0,66.0,0,0,1
FINNIFTY13FEB2421250CE.NFO,2024-01-18,14:27:00,2024-02-13,66.0,66.0,66.0,66.0,0,0,1
FINNIFTY13FEB2421250CE.NFO,2024-01-18,14:28:00,2024-02-13,66.0,66.0,66.0,66.0,0,0,1
FINNIFTY13FEB2421250CE.NFO,2024-01-18,14:29:00,2024-02-13,66.0,66.0,66.0,66.0,0,0,1
FINNIFTY13FEB2421250CE.NFO,2024-01-18,14:30:00,2024-02-13,66.0,66.0,66.0,66.0,0,0,1
FINNIFTY13FEB2421250CE.NFO,2024-01-18,14:31:00,2024-02-13,66.0,66.0,66.0,66.0,0,0,1
FINNIFTY13FEB2421250CE.NFO,2024-01-18,14:32:00,2024-02-13,66.0,66.0,66.0,66.0,0,0,1
FINNIFTY13FEB2421250CE.NFO,2024-01-18,14:33:00,2024-02-13,66.0,66.0,66.0,66.0,0,0,1
FINNIFTY13FEB2421250CE.NFO,2024-01-18,14:34:00,2024-02-13,66.0,66.0,66.0,66.0,0,0,1
FINNIFTY13FEB2421250CE.NFO,2024-01-18,14:35:00,2024-02-13,66.0,66.0,66.0,66.0,0,0,1
FINNIFTY13FEB2421250CE.NFO,2024-01-18,14:36:00,2024-02-13,66.0,66.0,66.0,66.0,0,0,1
FINNIFTY13FEB2421250CE.NFO,2024-01-18,14:37:00,2024-02-13,66.0,66.0,66.0,66.0,0,0,1
FINNIFTY13FEB2421250CE.NFO,2024-01-18,14:38:00,2024-02-13,66.0,66.0,66.0,66.0,0,0,1
FINNIFTY13FEB2421250CE.NFO,2024-01-18,14:39:00,2024-02-13,66.0,66.0,66.0,66.0,0,0,1
FINNIFTY13FEB2421250CE.NFO,2024-01-18,14:40:00,2024-02-13,66.0,66.0,66.0,66.0,0,0,1
FINNIFTY13FEB2421250CE.NFO,2024-01-18,14:41:00,2024-02-13,66.0,66.0,66.0,66.0,0,0,1
FINNIFTY13FEB2421250CE.NFO,2024-01-18,14:42:00,2024-02-13,66.0,66.0,66.0,66.0,0,0,1
FINNIFTY13FEB2421250CE.NFO,2024-01-18,14:43:00,2024-02-13,66.0,66.0,66.0,66.0,0,0,1
FINNIFTY13FEB2421250CE.NFO,2024-01-18,14:44:00,2024-02-13,66.0,66.0,66.0,66.0,0,0,1
FINNIFTY13FEB2421250CE.NFO,2024-01-18,14:45:00,2024-02-13,66.0,66.0,66.0,66.0,0,0,1
FINNIFTY13FEB2421250CE.NFO,2024-01-18,14:46:00,2024-02-13,66.0,66.0,66.0,66.0,0,0,1
FINNIFTY13FEB2421250CE.NFO,2024-01-18,14:47:00,2024-02-13,66.0,66.0,66.0,66.0,0,0,1
FINNIFTY13FEB2421250CE.NFO,2024-01-18,14:48:00,2024-02-13,66.0,66.0,66.0,66.0,0,0,1
FINNIFTY13FEB2421250CE.NFO,2024-01-18,14:49:00,2024-02-13,66.0,66.0,66.0,66.0,0,0,1
FINNIFTY13FEB2421250CE.NFO,2024-01-18,14:50:00,2024-02-13,66.0,66.0,66.0,66.0,0,0,1
FINNIFTY13FEB2421250CE.NFO,2024-01-18,14:51:00,2024-02-13,66.0,66.0,66.0,66.0,0,0,1
FINNIFTY13FEB2421250CE.NFO,2024-01-18,14:52:00,2024-02-13,66.0,66.0,66.0,66.0,0,0,1
FINNIFTY13FEB2421250CE.NFO,2024-01-18,14:53:00,2024-02-13,66.0,66.0,66.0,66.0,0,0,1
FINNIFTY13FEB2421250CE.NFO,2024-01-18,14:54:00,2024-02-13,66.0,66.0,66.0,66.0,0,0,1
FINNIFTY13FEB2421250CE.NFO,2024-01-18,14:55:00,2024-02-13,66.0,66.0,66.0,66.0,0,0,1
FINNIFTY13FEB2421250CE.NFO,2024-01-18,14:56:00,2024-02-13,66.0,66.0,66.0,66.0,0,0,1
FINNIFTY13FEB2421250CE.NFO,2024-01-18,14:57:00,2024-02-13,66.0,66.0,66.0,66.0,0,0,1
FINNIFTY13FEB2421250CE.NFO,2024-01-18,14:58:00,2024-02-13,66.0,66.0,66.0,66.0,0,0,1
FINNIFTY13FEB2421250CE.NFO,2024-01-18,14:59:00,2024-02-13,66.0,66.0,66.0,66.0,0,0,1
FINNIFTY13FEB2421250CE.NFO,2024-01-18,15:00:00,2024-02-13,66.0,66.0,66.0,66.0,0,0,1
FINNIFTY13FEB2421250CE.NFO,2024-01-18,15:01:00,2024-02-13,66.0,66.0,66.0,66.0,0,0,1
FINNIFTY13FEB2421250CE.NFO,2024-01-18,15:02:00,2024-02-13,66.0,66.0,66.0,66.0,0,0,1
FINNIFTY13FEB2421250CE.NFO,2024-01-18,15:03:00,2024-02-13,66.0,66.0,66.0,66.0,0,0,1
FINNIFTY13FEB2421250CE.NFO,2024-01-18,15:04:00,2024-02-13,66.0,66.0,66.0,66.0,0,0,1
FINNIFTY13FEB2421250CE.NFO,2024-01-18,15:05:00,2024-02-13,66.0,66.0,66.0,66.0,0,0,1
FINNIFTY13FEB2421250CE.NFO,2024-01-18,15:06:00,2024-02-13,66.0,66.0,66.0,66.0,0,0,1
FINNIFTY13FEB2421250CE.NFO,2024-01-18,15:07:00,2024-02-13,66.0,66.0,66.0,66.0,0,0,1
FINNIFTY13FEB2421250CE.NFO,2024-01-18,15:08:00,2024-02-13,66.0,66.0,66.0,66.0,0,0,1
FINNIFTY13FEB2421250CE.NFO,2024-01-18,15:09:00,2024-02-13,66.0,66.0,66.0,66.0,0,0,1
FINNIFTY13FEB2421250CE.NFO,2024-01-18,15:10:00,2024-02-13,66.0,66.0,66.0,66.0,0,0,1
FINNIFTY13FEB2421250CE.NFO,2024-01-18,15:11:00,2024-02-13,66.0,66.0,66.0,66.0,0,0,1
FINNIFTY13FEB2421250CE.NFO,2024-01-18,15:12:00,2024-02-13,66.0,66.0,66.0,66.0,0,0,1
FINNIFTY13FEB2421250CE.NFO,2024-01-18,15:13:00,2024-02-13,66.0,66.0,66.0,66.0,0,0,1
FINNIFTY13FEB2421250CE.NFO,2024-01-18,15:14:00,2024-02-13,66.0,66.0,66.0,66.0,0,0,1
FINNIFTY13FEB2421250CE.NFO,2024-01-18,15:15:00,2024-02-13,66.0,66.0,66.0,66.0,0,0,1
FINNIFTY13FEB2421250CE.NFO,2024-01-18,15:16:00,2024-02-13,66.0,66.0,66.0,66.0,0,0,1
FINNIFTY13FEB2421250CE.NFO,2024-01-18,15:17:00,2024-02-13,66.0,66.0,66.0,66.0,0,0,1
FINNIFTY13FEB2421250CE.NFO,2024-01-18,15:18:00,2024-02-13,66.0,66.0,66.0,66.0,0,0,1
FINNIFTY13FEB2421250CE.NFO,2024-01-18,15:19:00,2024-02-13,66.0,66.0,66.0,66.0,0,0,1
FINNIFTY13FEB2421250CE.NFO,2024-01-18,15:20:00,2024-02-13,66.0,66.0,66.0,66.0,0,0,1
FINNIFTY13FEB2421250CE.NFO,2024-01-18,15:21:00,2024-02-13,66.0,66.0,66.0,66.0,0,0,1
FINNIFTY13FEB2421250CE.NFO,2024-01-18,15:22:00,2024-02-13,66.0,66.0,66.0,66.0,0,0,1
FINNIFTY13FEB2421250CE.NFO,2024-01-18,15:23:00,2024-02-13,66.0,66.0,66.0,66.0,0,0,1
FINNIFTY13FEB2421250CE.NFO,2024-01-18,15:24:00,2024-02-13,66.0,66.0,66.0,66.0,0,0,1
FINNIFTY13FEB2421250CE.NFO,2024-01-18,15:25:00,2024-02-13,66.0,66.0,66.0,66.0,0,0,1
FINNIFTY13FEB2421250CE.NFO,2024-01-18,15:26:00,2024-02-13,66.0,66.0,66.0,66.0,0,0,1
FINNIFTY13FEB2421250CE.NFO,2024-01-18,15:27:00,2024-02-13,66.0,66.0,66.0,66.0,0,0,1
FINNIFTY13FEB2421250CE.NFO,2024-01-18,15:28:00,2024-02-13,66.0,66.0,66.0,66.0,0,0,1
FINNIFTY13FEB2421250CE.NFO,2024-01-18,15:29:00,2024-02-13,66.0,66.0,66.0,66.0,0,0,1
FINNIFTY13FEB2421250CE.NFO,2024-01-18,15:30:00,2024-02-13,66.0,66.0,66.0,66.0,0,0,1
FINNIFTY13FEB2421250CE.NFO,2024-01-19,09:15:00,2024-02-13,66.0,66.0,66.0,66.0,0,0,0
FINNIFTY13FEB2421250CE.NFO,2024-01-19,09:16:00,2024-02-13,66.0,66.0,66.0,66.0,0,0,1
FINNIFTY13FEB2421250CE.NFO,2024-01-19,09:17:00,2024-02-13,66.0,66.0,66.0,66.0,0,0,1
FINNIFTY13FEB2421250CE.NFO,2024-01-19,09:18:00,2024-02-13,66.0,66.0,66.0,66.0,0,0,1
FINNIFTY13FEB2421250CE.NFO,2024-01-19,09:19:00,2024-02-13,66.0,66.0,66.0,66.0,0,0,1
FINNIFTY13FEB2421250CE.NFO,2024-01-19,09:20:00,2024-02-13,66.0,66.0,66.0,66.0,0,0,1
FINNIFTY13FEB2421250CE.NFO,2024-01-19,09:21:00,2024-02-13,66.0,66.0,66.0,66.0,0,0,1
FINNIFTY13FEB2421250CE.NFO,2024-01-19,09:22:00,2024-02-13,66.0,66.0,66.0,66.0,0,0,1
FINNIFTY13FEB2421250CE.NFO,2024-01-19,09:23:00,2024-02-13,66.0,66.0,66.0,66.0,0,0,1
FINNIFTY13FEB2421250CE.NFO,2024-01-19,09:24:00,2024-02-13,66.0,66.0,66.0,66.0,0,0,1
FINNIFTY13FEB2421250CE.NFO,2024-01-19,09:25:00,2024-02-13,66.0,66.0,66.0,66.0,0,0,1
FINNIFTY13FEB2421250CE.NFO,2024-01-19,09:26:00,2024-02-13,66.0,66.0,66.0,66.0,0,0,1
FINNIFTY13FEB2421250CE.NFO,2024-01-19,09:27:00,2024-02-13,66.0,66.0,66.0,66.0,0,0,1
FINNIFTY13FEB2421250CE.NFO,2024-01-19,09:28:00,2024-02-13,66.0,66.0,66.0,66.0,0,0,1
FINNIFTY13FEB2421250CE.NFO,2024-01-19,09:29:00,2024-02-13,66.0,66.0,66.0,66.0,0,0,1
FINNIFTY13FEB2421250CE.NFO,2024-01-19,09:30:00,2024-02-13,66.0,66.0,66.0,66.0,0,0,1
FINNIFTY13FEB2421250CE.NFO,2024-01-19,09:31:00,2024-02-13,66.0,66.0,66.0,66.0,0,0,1
FINNIFTY13FEB2421250CE.NFO,2024-01-19,09:32:00,2024-02-13,66.0,66.0,66.0,66.0,0,0,1
FINNIFTY13FEB2421250CE.NFO,2024-01-19,09:33:00,2024-02-13,66.0,66.0,66.0,66.0,0,0,1
FINNIFTY13FEB2421250CE.NFO,2024-01-19,09:34:00,2024-02-13,66.0,66.0,66.0,66.0,0,0,1
FINNIFTY13FEB2421250CE.NFO,2024-01-19,09:35:00,2024-02-13,66.0,66.0,66.0,66.0,0,0,1
FINNIFTY13FEB2421250CE.NFO,2024-01-19,09:36:00,2024-02-13,66.0,66.0,66.0,66.0,0,0,1
FINNIFTY13FEB2421250CE.NFO,2024-01-19,09:37:00,2024-02-13,66.0,66.0,66.0,66.0,0,0,1
FINNIFTY13FEB2421250CE.NFO,2024-01-19,09:38:00,2024-02-13,66.0,66.0,66.0,66.0,0,0,1
FINNIFTY13FEB2421250CE.NFO,2024-01-19,09:39:00,2024-02-13,66.0,66.0,66.0,66.0,0,0,1
FINNIFTY13FEB2421250CE.NFO,2024-01-19,09:40:00,2024-02-13,66.0,66.0,66.0,66.0,0,0,1
FINNIFTY13FEB2421250CE.NFO,2024-01-19,09:41:00,2024-02-13,66.0,66.0,66.0,66.0,0,0,1
FINNIFTY13FEB2421250CE.NFO,2024-01-19,09:42:00,2024-02-13,66.0,66.0,66.0,66.0,0,0,1
FINNIFTY13FEB2421250CE.NFO,2024-01-19,09:43:00,2024-02-13,66.0,66.0,66.0,66.0,0,0,1
FINNIFTY13FEB2421250CE.NFO,2024-01-19,09:44:00,2024-02-13,66.0,66.0,66.0,66.0,0,0,1
FINNIFTY13FEB2421250CE.NFO,2024-01-19,09:45:00,2024-02-13,66.0,66.0,66.0,66.0,0,0,1
FINNIFTY13FEB2421250CE.NFO,2024-01-19,09:46:00,2024-02-13,66.0,66.0,66.0,66.0,0,0,1
FINNIFTY13FEB2421250CE.NFO,2024-01-19,09:47:00,2024-02-13,66.0,66.0,66.0,66.0,0,0,1
FINNIFTY13FEB2421250CE.NFO,2024-01-19,09:48:00,2024-02-13,66.0,66.0,66.0,66.0,0,0,1
FINNIFTY13FEB2421250CE.NFO,2024-01-19,09:49:00,2024-02-13,66.0,66.0,66.0,66.0,0,0,1
FINNIFTY13FEB2421250CE.NFO,2024-01-19,09:50:00,2024-02-13,66.0,66.0,66.0,66.0,0,0,1
FINNIFTY13FEB2421250CE.NFO,2024-01-19,09:51:00,2024-02-13,66.0,66.0,66.0,66.0,0,0,1
FINNIFTY13FEB2421250CE.NFO,2024-01-19,09:52:00,2024-02-13,66.0,66.0,66.0,66.0,0,0,1
FINNIFTY13FEB2421250CE.NFO,2024-01-19,09:53:00,2024-02-13,66.0,66.0,66.0,66.0,0,0,1
FINNIFTY13FEB2421250CE.NFO,2024-01-19,09:54:00,2024-02-13,66.0,66.0,66.0,66.0,0,0,1
FINNIFTY13FEB2421250CE.NFO,2024-01-19,09:55:00,2024-02-13,66.0,66.0,66.0,66.0,0,0,1
FINNIFTY13FEB2421250CE.NFO,2024-01-19,09:56:00,2024-02-13,66.0,66.0,66.0,66.0,0,0,1
FINNIFTY13FEB2421250CE.NFO,2024-01-19,09:57:00,2024-02-13,66.0,66.0,66.0,66.0,0,0,1
FINNIFTY13FEB2421250CE.NFO,2024-01-19,09:58:00,2024-02-13,66.0,66.0,66.0,66.0,0,0,1
FINNIFTY13FEB2421250CE.NFO,2024-01-19,09:59:00,2024-02-13,66.0,66.0,66.0,66.0,0,0,1
FINNIFTY13FEB2421250CE.NFO,2024-01-19,10:00:00,2024-02-13,66.0,66.0,66.0,66.0,0,0,1
FINNIFTY13FEB2421250CE.NFO,2024-01-19,10:01:00,2024-02-13,66.0,66.0,66.0,66.0,0,0,1
FINNIFTY13FEB2421250CE.NFO,2024-01-19,10:02:00,2024-02-13,66.0,66.0,66.0,66.0,0,0,1
FINNIFTY13FEB2421250CE.NFO,2024-01-19,10:03:00,2024-02-13,66.0,66.0,66.0,66.0,0,0,1
FINNIFTY13FEB2421250CE.NFO,2024-01-19,10:04:00,2024-02-13,66.0,66.0,66.0,66.0,0,0,1
FINNIFTY13FEB2421250CE.NFO,2024-01-19,10:05:00,2024-02-13,66.0,66.0,66.0,66.0,0,0,1
FINNIFTY13FEB2421250CE.NFO,2024-01-19,10:06:00,2024-02-13,66.0,66.0,66.0,66.0,0,0,1
FINNIFTY13FEB2421250CE.NFO,2024-01-19,10:07:00,2024-02-13,66.0,66.0,66.0,66.0,0,0,1
FINNIFTY13FEB2421250CE.NFO,2024-01-19,10:08:00,2024-02-13,66.0,66.0,66.0,66.0,0,0,1
FINNIFTY13FEB2421250CE.NFO,2024-01-19,10:09:00,2024-02-13,66.0,66.0,66.0,66.0,0,0,1
FINNIFTY13FEB2421250CE.NFO,2024-01-19,10:10:00,2024-02-13,66.0,66.0,66.0,66.0,0,0,1
FINNIFTY13FEB2421250CE.NFO,2024-01-19,10:11:00,2024-02-13,66.0,66.0,66.0,66.0,0,0,1
FINNIFTY13FEB2421250CE.NFO,2024-01-19,10:12:00,2024-02-13,66.0,66.0,66.0,66.0,0,0,1
FINNIFTY13FEB2421250CE.NFO,2024-01-19,10:13:00,2024-02-13,66.0,66.0,66.0,66.0,0,0,1
FINNIFTY13FEB2421250CE.NFO,2024-01-19,10:14:00,2024-02-13,66.0,66.0,66.0,66.0,0,0,1
FINNIFTY13FEB2421250CE.NFO,2024-01-19,10:15:00,2024-02-13,66.0,66.0,66.0,66.0,0,0,1
FINNIFTY13FEB2421250CE.NFO,2024-01-19,10:16:00,2024-02-13,66.0,66.0,66.0,66.0,0,0,1
FINNIFTY13FEB2421250CE.NFO,2024-01-19,10:17:00,2024-02-13,66.0,66.0,66.0,66.0,0,0,1
FINNIFTY13FEB2421250CE.NFO,2024-01-19,10:18:00,2024-02-13,66.0,66.0,66.0,66.0,0,0,1
FINNIFTY13FEB2421250CE.NFO,2024-01-19,10:19:00,2024-02-13,66.0,66.0,66.0,66.0,0,0,1
FINNIFTY13FEB2421250CE.NFO,2024-01-19,10:20:00,2024-02-13,66.0,66.0,66.0,66.0,0,0,1
FINNIFTY13FEB2421250CE.NFO,2024-01-19,10:21:00,2024-02-13,66.0,66.0,66.0,66.0,0,0,1
FINNIFTY13FEB2421250CE.NFO,2024-01-19,10:22:00,2024-02-13,66.0,66.0,66.0,66.0,0,0,1
FINNIFTY13FEB2421250CE.NFO,2024-01-19,10:23:00,2024-02-13,66.0,66.0,66.0,66.0,0,0,1
FINNIFTY13FEB2421250CE.NFO,2024-01-19,10:24:00,2024-02-13,66.0,66.0,66.0,66.0,0,0,1
FINNIFTY13FEB2421250CE.NFO,2024-01-19,10:25:00,2024-02-13,66.0,66.0,66.0,66.0,0,0,1
FINNIFTY13FEB2421250CE.NFO,2024-01-19,10:26:00,2024-02-13,66.0,66.0,66.0,66.0,0,0,1
FINNIFTY13FEB2421250CE.NFO,2024-01-19,10:27:00,2024-02-13,66.0,66.0,66.0,66.0,0,0,1
FINNIFTY13FEB2421250CE.NFO,2024-01-19,10:28:00,2024-02-13,66.0,66.0,66.0,66.0,0,0,1
FINNIFTY13FEB2421250CE.NFO,2024-01-19,10:29:00,2024-02-13,66.0,66.0,66.0,66.0,0,0,1
FINNIFTY13FEB2421250CE.NFO,2024-01-19,10:30:00,2024-02-13,66.0,66.0,66.0,66.0,0,0,1
FINNIFTY13FEB2421250CE.NFO,2024-01-19,10:31:00,2024-02-13,66.0,66.0,66.0,66.0,0,0,1
FINNIFTY13FEB2421250CE.NFO,2024-01-19,10:32:00,2024-02-13,66.0,66.0,66.0,66.0,0,0,1
FINNIFTY13FEB2421250CE.NFO,2024-01-19,10:33:00,2024-02-13,66.0,66.0,66.0,66.0,0,0,1
FINNIFTY13FEB2421250CE.NFO,2024-01-19,10:34:00,2024-02-13,66.0,66.0,66.0,66.0,0,0,1
FINNIFTY13FEB2421250CE.NFO,2024-01-19,10:35:00,2024-02-13,66.0,66.0,66.0,66.0,0,0,1
FINNIFTY13FEB2421250CE.NFO,2024-01-19,10:36:00,2024-02-13,66.0,66.0,66.0,66.0,0,0,1
FINNIFTY13FEB2421250CE.NFO,2024-01-19,10:37:00,2024-02-13,66.0,66.0,66.0,66.0,0,0,1
FINNIFTY13FEB2421250CE.NFO,2024-01-19,10:38:00,2024-02-13,66.0,66.0,66.0,66.0,0,0,1
FINNIFTY13FEB2421250CE.NFO,2024-01-19,10:39:00,2024-02-13,66.0,66.0,66.0,66.0,0,0,1
FINNIFTY13FEB2421250CE.NFO,2024-01-19,10:40:00,2024-02-13,66.0,66.0,66.0,66.0,0,0,1
FINNIFTY13FEB2421250CE.NFO,2024-01-19,10:41:00,2024-02-13,66.0,66.0,66.0,66.0,0,0,1
FINNIFTY13FEB2421250CE.NFO,2024-01-19,10:42:00,2024-02-13,66.0,66.0,66.0,66.0,0,0,1
FINNIFTY13FEB2421250CE.NFO,2024-01-19,10:43:00,2024-02-13,66.0,66.0,66.0,66.0,0,0,1
FINNIFTY13FEB2421250CE.NFO,2024-01-19,10:44:00,2024-02-13,66.0,66.0,66.0,66.0,0,0,1
FINNIFTY13FEB2421250CE.NFO,2024-01-19,10:45:00,2024-02-13,66.0,66.0,66.0,66.0,0,0,1
FINNIFTY13FEB2421250CE.NFO,2024-01-19,10:46:00,2024-02-13,66.0,66.0,66.0,66.0,0,0,1
FINNIFTY13FEB2421250CE.NFO,2024-01-19,10:47:00,2024-02-13,66.0,66.0,66.0,66.0,0,0,1
FINNIFTY13FEB2421250CE.NFO,2024-01-19,10:48:00,2024-02-13,66.0,66.0,66.0,66.0,0,0,1
FINNIFTY13FEB2421250CE.NFO,2024-01-19,10:49:00,2024-02-13,66.0,66.0,66.0,66.0,0,0,1
FINNIFTY13FEB2421250CE.NFO,2024-01-19,10:50:00,2024-02-13,66.0,66.0,66.0,66.0,0,0,1
FINNIFTY13FEB2421250CE.NFO,2024-01-19,10:51:00,2024-02-13,66.0,66.0,66.0,66.0,0,0,1
FINNIFTY13FEB2421250CE.NFO,2024-01-19,10:52:00,2024-02-13,66.0,66.0,66.0,66.0,0,0,1
FINNIFTY13FEB2421250CE.NFO,2024-01-19,10:53:00,2024-02-13,66.0,66.0,66.0,66.0,0,0,1
FINNIFTY13FEB2421250CE.NFO,2024-01-19,10:54:00,2024-02-13,66.0,66.0,66.0,66.0,0,0,1
FINNIFTY13FEB2421250CE.NFO,2024-01-19,10:55:00,2024-02-13,66.0,66.0,66.0,66.0,0,0,1
FINNIFTY13FEB2421250CE.NFO,2024-01-19,10:56:00,2024-02-13,66.0,66.0,66.0,66.0,0,0,1
FINNIFTY13FEB2421250CE.NFO,2024-01-19,10:57:00,2024-02-13,66.0,66.0,66.0,66.0,0,0,1
FINNIFTY13FEB2421250CE.NFO,2024-01-19,10:58:00,2024-02-13,66.0,66.0,66.0,66.0,0,0,1
FINNIFTY13FEB2421250CE.NFO,2024-01-19,10:59:00,2024-02-13,66.0,66.0,66.0,66.0,0,0,1
FINNIFTY13FEB2421250CE.NFO,2024-01-19,11:00:00,2024-02-13,66.0,66.0,66.0,66.0,0,0,1
FINNIFTY13FEB2421250CE.NFO,2024-01-19,11:01:00,2024-02-13,66.0,66.0,66.0,66.0,0,0,1
FINNIFTY13FEB2421250CE.NFO,2024-01-19,11:02:00,2024-02-13,66.0,66.0,66.0,66.0,0,0,1
FINNIFTY13FEB2421250CE.NFO,2024-01-19,11:03:00,2024-02-13,66.0,66.0,66.0,66.0,0,0,1
FINNIFTY13FEB2421250CE.NFO,2024-01-19,11:04:00,2024-02-13,66.0,66.0,66.0,66.0,0,0,1
FINNIFTY13FEB2421250CE.NFO,2024-01-19,11:05:00,2024-02-13,66.0,66.0,66.0,66.0,0,0,1
FINNIFTY13FEB2421250CE.NFO,2024-01-19,11:06:00,2024-02-13,66.0,66.0,66.0,66.0,0,0,1
FINNIFTY13FEB2421250CE.NFO,2024-01-19,11:07:00,2024-02-13,66.0,66.0,66.0,66.0,0,0,1
FINNIFTY13FEB2421250CE.NFO,2024-01-19,11:08:00,2024-02-13,66.0,66.0,66.0,66.0,0,0,1
FINNIFTY13FEB2421250CE.NFO,2024-01-19,11:09:00,2024-02-13,66.0,66.0,66.0,66.0,0,0,1
FINNIFTY13FEB2421250CE.NFO,2024-01-19,11:10:00,2024-02-13,66.0,66.0,66.0,66.0,0,0,1
FINNIFTY13FEB2421250CE.NFO,2024-01-19,11:11:00,2024-02-13,66.0,66.0,66.0,66.0,0,0,1
FINNIFTY13FEB2421250CE.NFO,2024-01-19,11:12:00,2024-02-13,66.0,66.0,66.0,66.0,0,0,1
FINNIFTY13FEB2421250CE.NFO,2024-01-19,11:13:00,2024-02-13,66.0,66.0,66.0,66.0,0,0,1
FINNIFTY13FEB2421250CE.NFO,2024-01-19,11:14:00,2024-02-13,66.0,66.0,66.0,66.0,0,0,1
FINNIFTY13FEB2421250CE.NFO,2024-01-19,11:15:00,2024-02-13,66.0,66.0,66.0,66.0,0,0,1
FINNIFTY13FEB2421250CE.NFO,2024-01-19,11:16:00,2024-02-13,66.0,66.0,66.0,66.0,0,0,1
FINNIFTY13FEB2421250CE.NFO,2024-01-19,11:17:00,2024-02-13,66.0,66.0,66.0,66.0,0,0,1
FINNIFTY13FEB2421250CE.NFO,2024-01-19,11:18:00,2024-02-13,66.0,66.0,66.0,66.0,0,0,1
FINNIFTY13FEB2421250CE.NFO,2024-01-19,11:19:00,2024-02-13,66.0,66.0,66.0,66.0,0,0,1
FINNIFTY13FEB2421250CE.NFO,2024-01-19,11:20:00,2024-02-13,66.0,66.0,66.0,66.0,0,0,1
FINNIFTY13FEB2421250CE.NFO,2024-01-19,11:21:00,2024-02-13,66.0,66.0,66.0,66.0,0,0,1
FINNIFTY13FEB2421250CE.NFO,2024-01-19,11:22:00,2024-02-13,66.0,66.0,66.0,66.0,0,0,1
FINNIFTY13FEB2421250CE.NFO,2024-01-19,11:23:00,2024-02-13,66.0,66.0,66.0,66.0,0,0,1
FINNIFTY13FEB2421250CE.NFO,2024-01-19,11:24:00,2024-02-13,66.0,66.0,66.0,66.0,0,0,1
FINNIFTY13FEB2421250CE.NFO,2024-01-19,11:25:00,2024-02-13,66.0,66.0,66.0,66.0,0,0,1
FINNIFTY13FEB2421250CE.NFO,2024-01-19,11:26:00,2024-02-13,66.0,66.0,66.0,66.0,0,0,1
FINNIFTY13FEB2421250CE.NFO,2024-01-19,11:27:00,2024-02-13,66.0,66.0,66.0,66.0,0,0,1
FINNIFTY13FEB2421250CE.NFO,2024-01-19,11:28:00,2024-02-13,66.0,66.0,66.0,66.0,0,0,1
FINNIFTY13FEB2421250CE.NFO,2024-01-19,11:29:00,2024-02-13,66.0,66.0,66.0,66.0,0,0,1
FINNIFTY13FEB2421250CE.NFO,2024-01-19,11:30:00,2024-02-13,66.0,66.0,66.0,66.0,0,0,1
FINNIFTY13FEB2421250CE.NFO,2024-01-19,11:31:00,2024-02-13,66.0,66.0,66.0,66.0,0,0,1
FINNIFTY13FEB2421250CE.NFO,2024-01-19,11:32:00,2024-02-13,66.0,66.0,66.0,66.0,0,0,1
FINNIFTY13FEB2421250CE.NFO,2024-01-19,11:33:00,2024-02-13,66.0,66.0,66.0,66.0,0,0,1
FINNIFTY13FEB2421250CE.NFO,2024-01-19,11:34:00,2024-02-13,66.0,66.0,66.0,66.0,0,0,1
FINNIFTY13FEB2421250CE.NFO,2024-01-19,11:35:00,2024-02-13,66.0,66.0,66.0,66.0,0,0,1
FINNIFTY13FEB2421250CE.NFO,2024-01-19,11:36:00,2024-02-13,66.0,66.0,66.0,66.0,0,0,1
FINNIFTY13FEB2421250CE.NFO,2024-01-19,11:37:00,2024-02-13,66.0,66.0,66.0,66.0,0,0,1
FINNIFTY13FEB2421250CE.NFO,2024-01-19,11:38:00,2024-02-13,66.0,66.0,66.0,66.0,0,0,1
FINNIFTY13FEB2421250CE.NFO,2024-01-19,11:39:00,2024-02-13,66.0,66.0,66.0,66.0,0,0,1
FINNIFTY13FEB2421250CE.NFO,2024-01-19,11:40:00,2024-02-13,66.0,66.0,66.0,66.0,0,0,1
FINNIFTY13FEB2421250CE.NFO,2024-01-19,11:41:00,2024-02-13,66.0,66.0,66.0,66.0,0,0,1
FINNIFTY13FEB2421250CE.NFO,2024-01-19,11:42:00,2024-02-13,66.0,66.0,66.0,66.0,0,0,1
FINNIFTY13FEB2421250CE.NFO,2024-01-19,11:43:00,2024-02-13,66.0,66.0,66.0,66.0,0,0,1
FINNIFTY13FEB2421250CE.NFO,2024-01-19,11:44:00,2024-02-13,66.0,66.0,66.0,66.0,0,0,1
FINNIFTY13FEB2421250CE.NFO,2024-01-19,11:45:00,2024-02-13,66.0,66.0,66.0,66.0,0,0,1
FINNIFTY13FEB2421250CE.NFO,2024-01-19,11:46:00,2024-02-13,66.0,66.0,66.0,66.0,0,0,1
FINNIFTY13FEB2421250CE.NFO,2024-01-19,11:47:00,2024-02-13,66.0,66.0,66.0,66.0,0,0,1
FINNIFTY13FEB2421250CE.NFO,2024-01-19,11:48:00,2024-02-13,66.0,66.0,66.0,66.0,0,0,1
FINNIFTY13FEB2421250CE.NFO,2024-01-19,11:49:00,2024-02-13,66.0,66.0,66.0,66.0,0,0,1
FINNIFTY13FEB2421250CE.NFO,2024-01-19,11:50:00,2024-02-13,66.0,66.0,66.0,66.0,0,0,1
FINNIFTY13FEB2421250CE.NFO,2024-01-19,11:51:00,2024-02-13,66.0,66.0,66.0,66.0,0,0,1
FINNIFTY13FEB2421250CE.NFO,2024-01-19,11:52:00,2024-02-13,66.0,66.0,66.0,66.0,0,0,1
FINNIFTY13FEB2421250CE.NFO,2024-01-19,11:53:00,2024-02-13,66.0,66.0,66.0,66.0,0,0,1
FINNIFTY13FEB2421250CE.NFO,2024-01-19,11:54:00,2024-02-13,66.0,66.0,66.0,66.0,0,0,1
FINNIFTY13FEB2421250CE.NFO,2024-01-19,11:55:00,2024-02-13,66.0,66.0,66.0,66.0,0,0,1
FINNIFTY13FEB2421250CE.NFO,2024-01-19,11:56:00,2024-02-13,66.0,66.0,66.0,66.0,0,0,1
FINNIFTY13FEB2421250CE.NFO,2024-01-19,11:57:00,2024-02-13,66.0,66.0,66.0,66.0,0,0,1
FINNIFTY13FEB2421250CE.NFO,2024-01-19,11:58:00,2024-02-13,66.0,66.0,66.0,66.0,0,0,1
FINNIFTY13FEB2421250CE.NFO,2024-01-19,11:59:00,2024-02-13,66.0,66.0,66.0,66.0,0,0,1
FINNIFTY13FEB2421250CE.NFO,2024-01-19,12:00:00,2024-02-13,66.0,66.0,66.0,66.0,0,0,1
FINNIFTY13FEB2421250CE.NFO,2024-01-19,12:01:00,2024-02-13,66.0,66.0,66.0,66.0,0,0,1
FINNIFTY13FEB2421250CE.NFO,2024-01-19,12:02:00,2024-02-13,66.0,66.0,66.0,66.0,0,0,1
FINNIFTY13FEB2421250CE.NFO,2024-01-19,12:03:00,2024-02-13,66.0,66.0,66.0,66.0,0,0,1
FINNIFTY13FEB2421250CE.NFO,2024-01-19,12:04:00,2024-02-13,66.0,66.0,66.0,66.0,0,0,1
FINNIFTY13FEB2421250CE.NFO,2024-01-19,12:05:00,2024-02-13,66.0,66.0,66.0,66.0,0,0,1
FINNIFTY13FEB2421250CE.NFO,2024-01-19,12:06:00,2024-02-13,66.0,66.0,66.0,66.0,0,0,1
FINNIFTY13FEB2421250CE.NFO,2024-01-19,12:07:00,2024-02-13,66.0,66.0,66.0,66.0,0,0,1
FINNIFTY13FEB2421250CE.NFO,2024-01-19,12:08:00,2024-02-13,66.0,66.0,66.0,66.0,0,0,1
FINNIFTY13FEB2421250CE.NFO,2024-01-19,12:09:00,2024-02-13,66.0,66.0,66.0,66.0,0,0,1
FINNIFTY13FEB2421250CE.NFO,2024-01-19,12:10:00,2024-02-13,66.0,66.0,66.0,66.0,0,0,1
FINNIFTY13FEB2421250CE.NFO,2024-01-19,12:11:00,2024-02-13,66.0,66.0,66.0,66.0,0,0,1
FINNIFTY13FEB2421250CE.NFO,2024-01-19,12:12:00,2024-02-13,66.0,66.0,66.0,66.0,0,0,1
FINNIFTY13FEB2421250CE.NFO,2024-01-19,12:13:00,2024-02-13,66.0,66.0,66.0,66.0,0,0,1
FINNIFTY13FEB2421250CE.NFO,2024-01-19,12:14:00,2024-02-13,66.0,66.0,66.0,66.0,0,0,1
FINNIFTY13FEB2421250CE.NFO,2024-01-19,12:15:00,2024-02-13,66.0,66.0,66.0,66.0,0,0,1
FINNIFTY13FEB2421250CE.NFO,2024-01-19,12:16:00,2024-02-13,66.0,66.0,66.0,66.0,0,0,1
FINNIFTY13FEB2421250CE.NFO,2024-01-19,12:17:00,2024-02-13,66.0,66.0,66.0,66.0,0,0,1
FINNIFTY13FEB2421250CE.NFO,2024-01-19,12:18:00,2024-02-13,66.0,66.0,66.0,66.0,0,0,1
FINNIFTY13FEB2421250CE.NFO,2024-01-19,12:19:00,2024-02-13,66.0,66.0,66.0,66.0,0,0,1
FINNIFTY13FEB2421250CE.NFO,2024-01-19,12:20:00,2024-02-13,66.0,66.0,66.0,66.0,0,0,1
FINNIFTY13FEB2421250CE.NFO,2024-01-19,12:21:00,2024-02-13,66.0,66.0,66.0,66.0,0,0,1
FINNIFTY13FEB2421250CE.NFO,2024-01-19,12:22:00,2024-02-13,66.0,66.0,66.0,66.0,0,0,1
FINNIFTY13FEB2421250CE.NFO,2024-01-19,12:23:00,2024-02-13,66.0,66.0,66.0,66.0,0,0,1
FINNIFTY13FEB2421250CE.NFO,2024-01-19,12:24:00,2024-02-13,66.0,66.0,66.0,66.0,0,0,1
FINNIFTY13FEB2421250CE.NFO,2024-01-19,12:25:00,2024-02-13,66.0,66.0,66.0,66.0,0,0,1
FINNIFTY13FEB2421250CE.NFO,2024-01-19,12:26:00,2024-02-13,66.0,66.0,66.0,66.0,0,0,1
FINNIFTY13FEB2421250CE.NFO,2024-01-19,12:27:00,2024-02-13,66.0,66.0,66.0,66.0,0,0,1
FINNIFTY13FEB2421250CE.NFO,2024-01-19,12:28:00,2024-02-13,66.0,66.0,66.0,66.0,0,0,1
FINNIFTY13FEB2421250CE.NFO,2024-01-19,12:29:00,2024-02-13,66.0,66.0,66.0,66.0,0,0,1
FINNIFTY13FEB2421250CE.NFO,2024-01-19,12:30:00,2024-02-13,66.0,66.0,66.0,66.0,0,0,1
FINNIFTY13FEB2421250CE.NFO,2024-01-19,12:31:00,2024-02-13,66.0,66.0,66.0,66.0,0,0,1
FINNIFTY13FEB2421250CE.NFO,2024-01-19,12:32:00,2024-02-13,66.0,66.0,66.0,66.0,0,0,1
FINNIFTY13FEB2421250CE.NFO,2024-01-19,12:33:00,2024-02-13,66.0,66.0,66.0,66.0,0,0,1
FINNIFTY13FEB2421250CE.NFO,2024-01-19,12:34:00,2024-02-13,66.0,66.0,66.0,66.0,0,0,1
FINNIFTY13FEB2421250CE.NFO,2024-01-19,12:35:00,2024-02-13,66.0,66.0,66.0,66.0,0,0,1
FINNIFTY13FEB2421250CE.NFO,2024-01-19,12:36:00,2024-02-13,66.0,66.0,66.0,66.0,0,0,1
FINNIFTY13FEB2421250CE.NFO,2024-01-19,12:37:00,2024-02-13,66.0,66.0,66.0,66.0,0,0,1
FINNIFTY13FEB2421250CE.NFO,2024-01-19,12:38:00,2024-02-13,66.0,66.0,66.0,66.0,0,0,1
FINNIFTY13FEB2421250CE.NFO,2024-01-19,12:39:00,2024-02-13,66.0,66.0,66.0,66.0,0,0,1
FINNIFTY13FEB2421250CE.NFO,2024-01-19,12:40:00,2024-02-13,66.0,66.0,66.0,66.0,0,0,1
FINNIFTY13FEB2421250CE.NFO,2024-01-19,12:41:00,2024-02-13,66.0,66.0,66.0,66.0,0,0,1
FINNIFTY13FEB2421250CE.NFO,2024-01-19,12:42:00,2024-02-13,66.0,66.0,66.0,66.0,0,0,1
FINNIFTY13FEB2421250CE.NFO,2024-01-19,12:43:00,2024-02-13,66.0,66.0,66.0,66.0,0,0,1
FINNIFTY13FEB2421250CE.NFO,2024-01-19,12:44:00,2024-02-13,66.0,66.0,66.0,66.0,0,0,1
FINNIFTY13FEB2421250CE.NFO,2024-01-19,12:45:00,2024-02-13,66.0,66.0,66.0,66.0,0,0,1
FINNIFTY13FEB2421250CE.NFO,2024-01-19,12:46:00,2024-02-13,66.0,66.0,66.0,66.0,0,0,1
FINNIFTY13FEB2421250CE.NFO,2024-01-19,12:47:00,2024-02-13,66.0,66.0,66.0,66.0,0,0,1
FINNIFTY13FEB2421250CE.NFO,2024-01-19,12:48:00,2024-02-13,66.0,66.0,66.0,66.0,0,0,1
FINNIFTY13FEB2421250CE.NFO,2024-01-19,12:49:00,2024-02-13,66.0,66.0,66.0,66.0,0,0,1
FINNIFTY13FEB2421250CE.NFO,2024-01-19,12:50:00,2024-02-13,66.0,66.0,66.0,66.0,0,0,1
FINNIFTY13FEB2421250CE.NFO,2024-01-19,12:51:00,2024-02-13,66.0,66.0,66.0,66.0,0,0,1
FINNIFTY13FEB2421250CE.NFO,2024-01-19,12:52:00,2024-02-13,66.0,66.0,66.0,66.0,0,0,1
FINNIFTY13FEB2421250CE.NFO,2024-01-19,12:53:00,2024-02-13,66.0,66.0,66.0,66.0,0,0,1
FINNIFTY13FEB2421250CE.NFO,2024-01-19,12:54:00,2024-02-13,66.0,66.0,66.0,66.0,0,0,1
FINNIFTY13FEB2421250CE.NFO,2024-01-19,12:55:00,2024-02-13,66.0,66.0,66.0,66.0,0,0,1
FINNIFTY13FEB2421250CE.NFO,2024-01-19,12:56:00,2024-02-13,66.0,66.0,66.0,66.0,0,0,1
FINNIFTY13FEB2421250CE.NFO,2024-01-19,12:57:00,2024-02-13,66.0,66.0,66.0,66.0,0,0,1
FINNIFTY13FEB2421250CE.NFO,2024-01-19,12:58:00,2024-02-13,66.0,66.0,66.0,66.0,0,0,1
FINNIFTY13FEB2421250CE.NFO,2024-01-19,12:59:00,2024-02-13,66.0,66.0,66.0,66.0,0,0,1
FINNIFTY13FEB2421250CE.NFO,2024-01-19,13:00:00,2024-02-13,66.0,66.0,66.0,66.0,0,0,1
FINNIFTY13FEB2421250CE.NFO,2024-01-19,13:01:00,2024-02-13,66.0,66.0,66.0,66.0,0,0,1
FINNIFTY13FEB2421250CE.NFO,2024-01-19,13:02:00,2024-02-13,66.0,66.0,66.0,66.0,0,0,1
FINNIFTY13FEB2421250CE.NFO,2024-01-19,13:03:00,2024-02-13,66.0,66.0,66.0,66.0,0,0,1
FINNIFTY13FEB2421250CE.NFO,2024-01-19,13:04:00,2024-02-13,66.0,66.0,66.0,66.0,0,0,1
FINNIFTY13FEB2421250CE.NFO,2024-01-19,13:05:00,2024-02-13,66.0,66.0,66.0,66.0,0,0,1
FINNIFTY13FEB2421250CE.NFO,2024-01-19,13:06:00,2024-02-13,66.0,66.0,66.0,66.0,0,0,1
FINNIFTY13FEB2421250CE.NFO,2024-01-19,13:07:00,2024-02-13,66.0,66.0,66.0,66.0,0,0,1
FINNIFTY13FEB2421250CE.NFO,2024-01-19,13:08:00,2024-02-13,66.0,66.0,66.0,66.0,0,0,1
FINNIFTY13FEB2421250CE.NFO,2024-01-19,13:09:00,2024-02-13,66.0,66.0,66.0,66.0,0,0,1
FINNIFTY13FEB2421250CE.NFO,2024-01-19,13:10:00,2024-02-13,66.0,66.0,66.0,66.0,0,0,1
FINNIFTY13FEB2421250CE.NFO,2024-01-19,13:11:00,2024-02-13,66.0,66.0,66.0,66.0,0,0,1
FINNIFTY13FEB2421250CE.NFO,2024-01-19,13:12:00,2024-02-13,66.0,66.0,66.0,66.0,0,0,1
FINNIFTY13FEB2421250CE.NFO,2024-01-19,13:13:00,2024-02-13,66.0,66.0,66.0,66.0,0,0,1
FINNIFTY13FEB2421250CE.NFO,2024-01-19,13:14:00,2024-02-13,66.0,66.0,66.0,66.0,0,0,1
FINNIFTY13FEB2421250CE.NFO,2024-01-19,13:15:00,2024-02-13,66.0,66.0,66.0,66.0,0,0,1
FINNIFTY13FEB2421250CE.NFO,2024-01-19,13:16:00,2024-02-13,66.0,66.0,66.0,66.0,0,0,1
FINNIFTY13FEB2421250CE.NFO,2024-01-19,13:17:00,2024-02-13,66.0,66.0,66.0,66.0,0,0,1
FINNIFTY13FEB2421250CE.NFO,2024-01-19,13:18:00,2024-02-13,66.0,66.0,66.0,66.0,0,0,1
FINNIFTY13FEB2421250CE.NFO,2024-01-19,13:19:00,2024-02-13,66.0,66.0,66.0,66.0,0,0,1
FINNIFTY13FEB2421250CE.NFO,2024-01-19,13:20:00,2024-02-13,66.0,66.0,66.0,66.0,0,0,1
FINNIFTY13FEB2421250CE.NFO,2024-01-19,13:21:00,2024-02-13,66.0,66.0,66.0,66.0,0,0,1
FINNIFTY13FEB2421250CE.NFO,2024-01-19,13:22:00,2024-02-13,66.0,66.0,66.0,66.0,0,0,1
FINNIFTY13FEB2421250CE.NFO,2024-01-19,13:23:00,2024-02-13,66.0,66.0,66.0,66.0,0,0,1
FINNIFTY13FEB2421250CE.NFO,2024-01-19,13:24:00,2024-02-13,66.0,66.0,66.0,66.0,0,0,1
FINNIFTY13FEB2421250CE.NFO,2024-01-19,13:25:00,2024-02-13,66.0,66.0,66.0,66.0,0,0,1
FINNIFTY13FEB2421250CE.NFO,2024-01-19,13:26:00,2024-02-13,66.0,66.0,66.0,66.0,0,0,1
FINNIFTY13FEB2421250CE.NFO,2024-01-19,13:27:00,2024-02-13,66.0,66.0,66.0,66.0,0,0,1
FINNIFTY13FEB2421250CE.NFO,2024-01-19,13:28:00,2024-02-13,66.0,66.0,66.0,66.0,0,0,1
FINNIFTY13FEB2421250CE.NFO,2024-01-19,13:29:00,2024-02-13,66.0,66.0,66.0,66.0,0,0,1
FINNIFTY13FEB2421250CE.NFO,2024-01-19,13:30:00,2024-02-13,66.0,66.0,66.0,66.0,0,0,1
FINNIFTY13FEB2421250CE.NFO,2024-01-19,13:31:00,2024-02-13,66.0,66.0,66.0,66.0,0,0,1
FINNIFTY13FEB2421250CE.NFO,2024-01-19,13:32:00,2024-02-13,66.0,66.0,66.0,66.0,0,0,1
FINNIFTY13FEB2421250CE.NFO,2024-01-19,13:33:00,2024-02-13,66.0,66.0,66.0,66.0,0,0,1
FINNIFTY13FEB2421250CE.NFO,2024-01-19,13:34:00,2024-02-13,66.0,66.0,66.0,66.0,0,0,1
FINNIFTY13FEB2421250CE.NFO,2024-01-19,13:35:00,2024-02-13,66.0,66.0,66.0,66.0,0,0,1
FINNIFTY13FEB2421250CE.NFO,2024-01-19,13:36:00,2024-02-13,66.0,66.0,66.0,66.0,0,0,1
FINNIFTY13FEB2421250CE.NFO,2024-01-19,13:37:00,2024-02-13,66.0,66.0,66.0,66.0,0,0,1
FINNIFTY13FEB2421250CE.NFO,2024-01-19,13:38:00,2024-02-13,66.0,66.0,66.0,66.0,0,0,1
FINNIFTY13FEB2421250CE.NFO,2024-01-19,13:39:00,2024-02-13,66.0,66.0,66.0,66.0,0,0,1
FINNIFTY13FEB2421250CE.NFO,2024-01-19,13:40:00,2024-02-13,66.0,66.0,66.0,66.0,0,0,1
FINNIFTY13FEB2421250CE.NFO,2024-01-19,13:41:00,2024-02-13,66.0,66.0,66.0,66.0,0,0,1
FINNIFTY13FEB2421250CE.NFO,2024-01-19,13:42:00,2024-02-13,66.0,66.0,66.0,66.0,0,0,1
FINNIFTY13FEB2421250CE.NFO,2024-01-19,13:43:00,2024-02-13,66.0,66.0,66.0,66.0,0,0,1
FINNIFTY13FEB2421250CE.NFO,2024-01-19,13:44:00,2024-02-13,66.0,66.0,66.0,66.0,0,0,1
FINNIFTY13FEB2421250CE.NFO,2024-01-19,13:45:00,2024-02-13,66.0,66.0,66.0,66.0,0,0,1
FINNIFTY13FEB2421250CE.NFO,2024-01-19,13:46:00,2024-02-13,66.0,66.0,66.0,66.0,0,0,1
FINNIFTY13FEB2421250CE.NFO,2024-01-19,13:47:00,2024-02-13,66.0,66.0,66.0,66.0,0,0,1
FINNIFTY13FEB2421250CE.NFO,2024-01-19,13:48:00,2024-02-13,66.0,66.0,66.0,66.0,0,0,1
FINNIFTY13FEB2421250CE.NFO,2024-01-19,13:49:00,2024-02-13,66.0,66.0,66.0,66.0,0,0,1
FINNIFTY13FEB2421250CE.NFO,2024-01-19,13:50:00,2024-02-13,66.0,66.0,66.0,66.0,0,0,1
FINNIFTY13FEB2421250CE.NFO,2024-01-19,13:51:00,2024-02-13,66.0,66.0,66.0,66.0,0,0,1
FINNIFTY13FEB2421250CE.NFO,2024-01-19,13:52:00,2024-02-13,66.0,66.0,66.0,66.0,0,0,1
FINNIFTY13FEB2421250CE.NFO,2024-01-19,13:53:00,2024-02-13,66.0,66.0,66.0,66.0,0,0,1
FINNIFTY13FEB2421250CE.NFO,2024-01-19,13:54:00,2024-02-13,66.0,66.0,66.0,66.0,0,0,1
FINNIFTY13FEB2421250CE.NFO,2024-01-19,13:55:00,2024-02-13,66.0,66.0,66.0,66.0,0,0,1
FINNIFTY13FEB2421250CE.NFO,2024-01-19,13:56:00,2024-02-13,66.0,66.0,66.0,66.0,0,0,1
FINNIFTY13FEB2421250CE.NFO,2024-01-19,13:57:00,2024-02-13,66.0,66.0,66.0,66.0,0,0,1
FINNIFTY13FEB2421250CE.NFO,2024-01-19,13:58:00,2024-02-13,66.0,66.0,66.0,66.0,0,0,1
FINNIFTY13FEB2421250CE.NFO,2024-01-19,13:59:00,2024-02-13,66.0,66.0,66.0,66.0,0,0,1
FINNIFTY13FEB2421250CE.NFO,2024-01-19,14:00:00,2024-02-13,66.0,66.0,66.0,66.0,0,0,1
FINNIFTY13FEB2421250CE.NFO,2024-01-19,14:01:00,2024-02-13,66.0,66.0,66.0,66.0,0,0,1
FINNIFTY13FEB2421250CE.NFO,2024-01-19,14:02:00,2024-02-13,66.0,66.0,66.0,66.0,0,0,1
FINNIFTY13FEB2421250CE.NFO,2024-01-19,14:03:00,2024-02-13,66.0,66.0,66.0,66.0,0,0,1
FINNIFTY13FEB2421250CE.NFO,2024-01-19,14:04:00,2024-02-13,66.0,66.0,66.0,66.0,0,0,1
FINNIFTY13FEB2421250CE.NFO,2024-01-19,14:05:00,2024-02-13,66.0,66.0,66.0,66.0,0,0,1
FINNIFTY13FEB2421250CE.NFO,2024-01-19,14:06:00,2024-02-13,66.0,66.0,66.0,66.0,0,0,1
FINNIFTY13FEB2421250CE.NFO,2024-01-19,14:07:00,2024-02-13,66.0,66.0,66.0,66.0,0,0,1
FINNIFTY13FEB2421250CE.NFO,2024-01-19,14:08:00,2024-02-13,66.0,66.0,66.0,66.0,0,0,1
FINNIFTY13FEB2421250CE.NFO,2024-01-19,14:09:00,2024-02-13,66.0,66.0,66.0,66.0,0,0,1
FINNIFTY13FEB2421250CE.NFO,2024-01-19,14:10:00,2024-02-13,66.0,66.0,66.0,66.0,0,0,1
FINNIFTY13FEB2421250CE.NFO,2024-01-19,14:11:00,2024-02-13,66.0,66.0,66.0,66.0,0,0,1
FINNIFTY13FEB2421250CE.NFO,2024-01-19,14:12:00,2024-02-13,66.0,66.0,66.0,66.0,0,0,1
FINNIFTY13FEB2421250CE.NFO,2024-01-19,14:13:00,2024-02-13,66.0,66.0,66.0,66.0,0,0,1
FINNIFTY13FEB2421250CE.NFO,2024-01-19,14:14:00,2024-02-13,66.0,66.0,66.0,66.0,0,0,1
FINNIFTY13FEB2421250CE.NFO,2024-01-19,14:15:00,2024-02-13,66.0,66.0,66.0,66.0,0,0,1
FINNIFTY13FEB2421250CE.NFO,2024-01-19,14:16:00,2024-02-13,66.0,66.0,66.0,66.0,0,0,1
FINNIFTY13FEB2421250CE.NFO,2024-01-19,14:17:00,2024-02-13,66.0,66.0,66.0,66.0,0,0,1
FINNIFTY13FEB2421250CE.NFO,2024-01-19,14:18:00,2024-02-13,66.0,66.0,66.0,66.0,0,0,1
FINNIFTY13FEB2421250CE.NFO,2024-01-19,14:19:00,2024-02-13,66.0,66.0,66.0,66.0,0,0,1
FINNIFTY13FEB2421250CE.NFO,2024-01-19,14:20:00,2024-02-13,66.0,66.0,66.0,66.0,0,0,1
FINNIFTY13FEB2421250CE.NFO,2024-01-19,14:21:00,2024-02-13,66.0,66.0,66.0,66.0,0,0,1
FINNIFTY13FEB2421250CE.NFO,2024-01-19,14:22:00,2024-02-13,66.0,66.0,66.0,66.0,0,0,1
FINNIFTY13FEB2421250CE.NFO,2024-01-19,14:23:00,2024-02-13,66.0,66.0,66.0,66.0,0,0,1
FINNIFTY13FEB2421250CE.NFO,2024-01-19,14:24:00,2024-02-13,66.0,66.0,66.0,66.0,0,0,1
FINNIFTY13FEB2421250CE.NFO,2024-01-19,14:25:00,2024-02-13,66.0,66.0,66.0,66.0,0,0,1
FINNIFTY13FEB2421250CE.NFO,2024-01-19,14:26:00,2024-02-13,66.0,66.0,66.0,66.0,0,0,1
FINNIFTY13FEB2421250CE.NFO,2024-01-19,14:27:00,2024-02-13,66.0,66.0,66.0,66.0,0,0,1
FINNIFTY13FEB2421250CE.NFO,2024-01-19,14:28:00,2024-02-13,66.0,66.0,66.0,66.0,0,0,1
FINNIFTY13FEB2421250CE.NFO,2024-01-19,14:29:00,2024-02-13,66.0,66.0,66.0,66.0,0,0,1
FINNIFTY13FEB2421250CE.NFO,2024-01-19,14:30:00,2024-02-13,66.0,66.0,66.0,66.0,0,0,1
FINNIFTY13FEB2421250CE.NFO,2024-01-19,14:31:00,2024-02-13,66.0,66.0,66.0,66.0,0,0,1
FINNIFTY13FEB2421250CE.NFO,2024-01-19,14:32:00,2024-02-13,66.0,66.0,66.0,66.0,0,0,1
FINNIFTY13FEB2421250CE.NFO,2024-01-19,14:33:00,2024-02-13,66.0,66.0,66.0,66.0,0,0,1
FINNIFTY13FEB2421250CE.NFO,2024-01-19,14:34:00,2024-02-13,66.0,66.0,66.0,66.0,0,0,1
FINNIFTY13FEB2421250CE.NFO,2024-01-19,14:35:00,2024-02-13,66.0,66.0,66.0,66.0,0,0,1
FINNIFTY13FEB2421250CE.NFO,2024-01-19,14:36:00,2024-02-13,66.0,66.0,66.0,66.0,0,0,1
FINNIFTY13FEB2421250CE.NFO,2024-01-19,14:37:00,2024-02-13,66.0,66.0,66.0,66.0,0,0,1
FINNIFTY13FEB2421250CE.NFO,2024-01-19,14:38:00,2024-02-13,66.0,66.0,66.0,66.0,0,0,1
FINNIFTY13FEB2421250CE.NFO,2024-01-19,14:39:00,2024-02-13,66.0,66.0,66.0,66.0,0,0,1
FINNIFTY13FEB2421250CE.NFO,2024-01-19,14:40:00,2024-02-13,66.0,66.0,66.0,66.0,0,0,1
FINNIFTY13FEB2421250CE.NFO,2024-01-19,14:41:00,2024-02-13,66.0,66.0,66.0,66.0,0,0,1
FINNIFTY13FEB2421250CE.NFO,2024-01-19,14:42:00,2024-02-13,66.0,66.0,66.0,66.0,0,0,1
FINNIFTY13FEB2421250CE.NFO,2024-01-19,14:43:00,2024-02-13,66.0,66.0,66.0,66.0,0,0,1
FINNIFTY13FEB2421250CE.NFO,2024-01-19,14:44:00,2024-02-13,66.0,66.0,66.0,66.0,0,0,1
FINNIFTY13FEB2421250CE.NFO,2024-01-19,14:45:00,2024-02-13,66.0,66.0,66.0,66.0,0,0,1
FINNIFTY13FEB2421250CE.NFO,2024-01-19,14:46:00,2024-02-13,66.0,66.0,66.0,66.0,0,0,1
FINNIFTY13FEB2421250CE.NFO,2024-01-19,14:47:00,2024-02-13,66.0,66.0,66.0,66.0,0,0,1
FINNIFTY13FEB2421250CE.NFO,2024-01-19,14:48:00,2024-02-13,66.0,66.0,66.0,66.0,0,0,1
FINNIFTY13FEB2421250CE.NFO,2024-01-19,14:49:00,2024-02-13,66.0,66.0,66.0,66.0,0,0,1
FINNIFTY13FEB2421250CE.NFO,2024-01-19,14:50:00,2024-02-13,66.0,66.0,66.0,66.0,0,0,1
FINNIFTY13FEB2421250CE.NFO,2024-01-19,14:51:00,2024-02-13,66.0,66.0,66.0,66.0,0,0,1
FINNIFTY13FEB2421250CE.NFO,2024-01-19,14:52:00,2024-02-13,66.0,66.0,66.0,66.0,0,0,1
FINNIFTY13FEB2421250CE.NFO,2024-01-19,14:53:00,2024-02-13,66.0,66.0,66.0,66.0,0,0,1
FINNIFTY13FEB2421250CE.NFO,2024-01-19,14:54:00,2024-02-13,66.0,66.0,66.0,66.0,0,0,1
FINNIFTY13FEB2421250CE.NFO,2024-01-19,14:55:00,2024-02-13,66.0,66.0,66.0,66.0,0,0,1
FINNIFTY13FEB2421250CE.NFO,2024-01-19,14:56:00,2024-02-13,66.0,66.0,66.0,66.0,0,0,1
FINNIFTY13FEB2421250CE.NFO,2024-01-19,14:57:00,2024-02-13,66.0,66.0,66.0,66.0,0,0,1
FINNIFTY13FEB2421250CE.NFO,2024-01-19,14:58:00,2024-02-13,66.0,66.0,66.0,66.0,0,0,1
FINNIFTY13FEB2421250CE.NFO,2024-01-19,14:59:00,2024-02-13,66.0,66.0,66.0,66.0,0,0,1
FINNIFTY13FEB2421250CE.NFO,2024-01-19,15:00:00,2024-02-13,66.0,66.0,66.0,66.0,0,0,1
FINNIFTY13FEB2421250CE.NFO,2024-01-19,15:01:00,2024-02-13,66.0,66.0,66.0,66.0,0,0,1
FINNIFTY13FEB2421250CE.NFO,2024-01-19,15:02:00,2024-02-13,66.0,66.0,66.0,66.0,0,0,1
FINNIFTY13FEB2421250CE.NFO,2024-01-19,15:03:00,2024-02-13,66.0,66.0,66.0,66.0,0,0,1
FINNIFTY13FEB2421250CE.NFO,2024-01-19,15:04:00,2024-02-13,66.0,66.0,66.0,66.0,0,0,1
FINNIFTY13FEB2421250CE.NFO,2024-01-19,15:05:00,2024-02-13,66.0,66.0,66.0,66.0,0,0,1
FINNIFTY13FEB2421250CE.NFO,2024-01-19,15:06:00,2024-02-13,66.0,66.0,66.0,66.0,0,0,1
FINNIFTY13FEB2421250CE.NFO,2024-01-19,15:07:00,2024-02-13,66.0,66.0,66.0,66.0,0,0,1
FINNIFTY13FEB2421250CE.NFO,2024-01-19,15:08:00,2024-02-13,66.0,66.0,66.0,66.0,0,0,1
FINNIFTY13FEB2421250CE.NFO,2024-01-19,15:09:00,2024-02-13,66.0,66.0,66.0,66.0,0,0,1
FINNIFTY13FEB2421250CE.NFO,2024-01-19,15:10:00,2024-02-13,66.0,66.0,66.0,66.0,0,0,1
FINNIFTY13FEB2421250CE.NFO,2024-01-19,15:11:00,2024-02-13,66.0,66.0,66.0,66.0,0,0,1
FINNIFTY13FEB2421250CE.NFO,2024-01-19,15:12:00,2024-02-13,66.0,66.0,66.0,66.0,0,0,1
FINNIFTY13FEB2421250CE.NFO,2024-01-19,15:13:00,2024-02-13,66.0,66.0,66.0,66.0,0,0,1
FINNIFTY13FEB2421250CE.NFO,2024-01-19,15:14:00,2024-02-13,66.0,66.0,66.0,66.0,0,0,1
FINNIFTY13FEB2421250CE.NFO,2024-01-19,15:15:00,2024-02-13,66.0,66.0,66.0,66.0,0,0,1
FINNIFTY13FEB2421250CE.NFO,2024-01-19,15:16:00,2024-02-13,66.0,66.0,66.0,66.0,0,0,1
FINNIFTY13FEB2421250CE.NFO,2024-01-19,15:17:00,2024-02-13,66.0,66.0,66.0,66.0,0,0,1
FINNIFTY13FEB2421250CE.NFO,2024-01-19,15:18:00,2024-02-13,66.0,66.0,66.0,66.0,0,0,1
FINNIFTY13FEB2421250CE.NFO,2024-01-19,15:19:00,2024-02-13,66.0,66.0,66.0,66.0,0,0,1
FINNIFTY13FEB2421250CE.NFO,2024-01-19,15:20:00,2024-02-13,66.0,66.0,66.0,66.0,0,0,1
FINNIFTY13FEB2421250CE.NFO,2024-01-19,15:21:00,2024-02-13,66.0,66.0,66.0,66.0,0,0,1
FINNIFTY13FEB2421250CE.NFO,2024-01-19,15:22:00,2024-02-13,66.0,66.0,66.0,66.0,0,0,1
FINNIFTY13FEB2421250CE.NFO,2024-01-19,15:23:00,2024-02-13,66.0,66.0,66.0,66.0,0,0,1
FINNIFTY13FEB2421250CE.NFO,2024-01-19,15:24:00,2024-02-13,66.0,66.0,66.0,66.0,0,0,1
FINNIFTY13FEB2421250CE.NFO,2024-01-19,15:25:00,2024-02-13,66.0,66.0,66.0,66.0,0,0,1
FINNIFTY13FEB2421250CE.NFO,2024-01-19,15:26:00,2024-02-13,66.0,66.0,66.0,66.0,0,0,1
FINNIFTY13FEB2421250CE.NFO,2024-01-19,15:27:00,2024-02-13,66.0,66.0,66.0,66.0,0,0,1
FINNIFTY13FEB2421250CE.NFO,2024-01-19,15:28:00,2024-02-13,66.0,66.0,66.0,66.0,0,0,1
FINNIFTY13FEB2421250CE.NFO,2024-01-19,15:29:00,2024-02-13,66.0,66.0,66.0,66.0,0,0,1
FINNIFTY13FEB2421250CE.NFO,2024-01-19,15:30:00,2024-02-13,66.0,66.0,66.0,66.0,0,0,1
FINNIFTY13FEB2421250CE.NFO,2024-01-20,09:15:00,2024-02-13,66.0,66.0,66.0,66.0,0,0,0
FINNIFTY13FEB2421250CE.NFO,2024-01-20,09:16:00,2024-02-13,66.0,66.0,66.0,66.0,0,0,1
FINNIFTY13FEB2421250CE.NFO,2024-01-20,09:17:00,2024-02-13,66.0,66.0,66.0,66.0,0,0,1
FINNIFTY13FEB2421250CE.NFO,2024-01-20,09:18:00,2024-02-13,66.0,66.0,66.0,66.0,0,0,1
FINNIFTY13FEB2421250CE.NFO,2024-01-20,09:19:00,2024-02-13,66.0,66.0,66.0,66.0,0,0,1
FINNIFTY13FEB2421250CE.NFO,2024-01-20,09:20:00,2024-02-13,66.0,66.0,66.0,66.0,0,0,1
FINNIFTY13FEB2421250CE.NFO,2024-01-20,09:21:00,2024-02-13,66.0,66.0,66.0,66.0,0,0,1
FINNIFTY13FEB2421250CE.NFO,2024-01-20,09:22:00,2024-02-13,66.0,66.0,66.0,66.0,0,0,1
FINNIFTY13FEB2421250CE.NFO,2024-01-20,09:23:00,2024-02-13,66.0,66.0,66.0,66.0,0,0,1
FINNIFTY13FEB2421250CE.NFO,2024-01-20,09:24:00,2024-02-13,66.0,66.0,66.0,66.0,0,0,1
FINNIFTY13FEB2421250CE.NFO,2024-01-20,09:25:00,2024-02-13,66.0,66.0,66.0,66.0,0,0,1
FINNIFTY13FEB2421250CE.NFO,2024-01-20,09:26:00,2024-02-13,66.0,66.0,66.0,66.0,0,0,1
FINNIFTY13FEB2421250CE.NFO,2024-01-20,09:27:00,2024-02-13,66.0,66.0,66.0,66.0,0,0,1
FINNIFTY13FEB2421250CE.NFO,2024-01-20,09:28:00,2024-02-13,66.0,66.0,66.0,66.0,0,0,1
FINNIFTY13FEB2421250CE.NFO,2024-01-20,09:29:00,2024-02-13,66.0,66.0,66.0,66.0,0,0,1
FINNIFTY13FEB2421250CE.NFO,2024-01-20,09:30:00,2024-02-13,66.0,66.0,66.0,66.0,0,0,1
FINNIFTY13FEB2421250CE.NFO,2024-01-20,09:31:00,2024-02-13,66.0,66.0,66.0,66.0,0,0,1
FINNIFTY13FEB2421250CE.NFO,2024-01-20,09:32:00,2024-02-13,66.0,66.0,66.0,66.0,0,0,1
FINNIFTY13FEB2421250CE.NFO,2024-01-20,09:33:00,2024-02-13,66.0,66.0,66.0,66.0,0,0,1
FINNIFTY13FEB2421250CE.NFO,2024-01-20,09:34:00,2024-02-13,66.0,66.0,66.0,66.0,0,0,1
FINNIFTY13FEB2421250CE.NFO,2024-01-20,09:35:00,2024-02-13,66.0,66.0,66.0,66.0,0,0,1
FINNIFTY13FEB2421250CE.NFO,2024-01-20,09:36:00,2024-02-13,66.0,66.0,66.0,66.0,0,0,1
FINNIFTY13FEB2421250CE.NFO,2024-01-20,09:37:00,2024-02-13,66.0,66.0,66.0,66.0,0,0,1
FINNIFTY13FEB2421250CE.NFO,2024-01-20,09:38:00,2024-02-13,66.0,66.0,66.0,66.0,0,0,1
FINNIFTY13FEB2421250CE.NFO,2024-01-20,09:39:00,2024-02-13,66.0,66.0,66.0,66.0,0,0,1
FINNIFTY13FEB2421250CE.NFO,2024-01-20,09:40:00,2024-02-13,66.0,66.0,66.0,66.0,0,0,1
FINNIFTY13FEB2421250CE.NFO,2024-01-20,09:41:00,2024-02-13,66.0,66.0,66.0,66.0,0,0,1
FINNIFTY13FEB2421250CE.NFO,2024-01-20,09:42:00,2024-02-13,66.0,66.0,66.0,66.0,0,0,1
FINNIFTY13FEB2421250CE.NFO,2024-01-20,09:43:00,2024-02-13,66.0,66.0,66.0,66.0,0,0,1
FINNIFTY13FEB2421250CE.NFO,2024-01-20,09:44:00,2024-02-13,66.0,66.0,66.0,66.0,0,0,1
FINNIFTY13FEB2421250CE.NFO,2024-01-20,09:45:00,2024-02-13,66.0,66.0,66.0,66.0,0,0,1
FINNIFTY13FEB2421250CE.NFO,2024-01-20,09:46:00,2024-02-13,66.0,66.0,66.0,66.0,0,0,1
FINNIFTY13FEB2421250CE.NFO,2024-01-20,09:47:00,2024-02-13,66.0,66.0,66.0,66.0,0,0,1
FINNIFTY13FEB2421250CE.NFO,2024-01-20,09:48:00,2024-02-13,66.0,66.0,66.0,66.0,0,0,1
FINNIFTY13FEB2421250CE.NFO,2024-01-20,09:49:00,2024-02-13,66.0,66.0,66.0,66.0,0,0,1
FINNIFTY13FEB2421250CE.NFO,2024-01-20,09:50:00,2024-02-13,66.0,66.0,66.0,66.0,0,0,1
FINNIFTY13FEB2421250CE.NFO,2024-01-20,09:51:00,2024-02-13,66.0,66.0,66.0,66.0,0,0,1
FINNIFTY13FEB2421250CE.NFO,2024-01-20,09:52:00,2024-02-13,66.0,66.0,66.0,66.0,0,0,1
FINNIFTY13FEB2421250CE.NFO,2024-01-20,09:53:00,2024-02-13,66.0,66.0,66.0,66.0,0,0,1
FINNIFTY13FEB2421250CE.NFO,2024-01-20,09:54:00,2024-02-13,66.0,66.0,66.0,66.0,0,0,1
FINNIFTY13FEB2421250CE.NFO,2024-01-20,09:55:00,2024-02-13,66.0,66.0,66.0,66.0,0,0,1
FINNIFTY13FEB2421250CE.NFO,2024-01-20,09:56:00,2024-02-13,66.0,66.0,66.0,66.0,0,0,1
FINNIFTY13FEB2421250CE.NFO,2024-01-20,09:57:00,2024-02-13,66.0,66.0,66.0,66.0,0,0,1
FINNIFTY13FEB2421250CE.NFO,2024-01-20,09:58:00,2024-02-13,66.0,66.0,66.0,66.0,0,0,1
FINNIFTY13FEB2421250CE.NFO,2024-01-20,09:59:00,2024-02-13,66.0,66.0,66.0,66.0,0,0,1
FINNIFTY13FEB2421250CE.NFO,2024-01-20,10:00:00,2024-02-13,66.0,66.0,66.0,66.0,0,0,1
FINNIFTY13FEB2421250CE.NFO,2024-01-20,10:01:00,2024-02-13,66.0,66.0,66.0,66.0,0,0,1
FINNIFTY13FEB2421250CE.NFO,2024-01-20,10:02:00,2024-02-13,66.0,66.0,66.0,66.0,0,0,1
FINNIFTY13FEB2421250CE.NFO,2024-01-20,10:03:00,2024-02-13,66.0,66.0,66.0,66.0,0,0,1
FINNIFTY13FEB2421250CE.NFO,2024-01-20,10:04:00,2024-02-13,66.0,66.0,66.0,66.0,0,0,1
FINNIFTY13FEB2421250CE.NFO,2024-01-20,10:05:00,2024-02-13,66.0,66.0,66.0,66.0,0,0,1
FINNIFTY13FEB2421250CE.NFO,2024-01-20,10:06:00,2024-02-13,66.0,66.0,66.0,66.0,0,0,1
FINNIFTY13FEB2421250CE.NFO,2024-01-20,10:07:00,2024-02-13,66.0,66.0,66.0,66.0,0,0,1
FINNIFTY13FEB2421250CE.NFO,2024-01-20,10:08:00,2024-02-13,66.0,66.0,66.0,66.0,0,0,1
FINNIFTY13FEB2421250CE.NFO,2024-01-20,10:09:00,2024-02-13,66.0,66.0,66.0,66.0,0,0,1
FINNIFTY13FEB2421250CE.NFO,2024-01-20,10:10:00,2024-02-13,66.0,66.0,66.0,66.0,0,0,1
FINNIFTY13FEB2421250CE.NFO,2024-01-20,10:11:00,2024-02-13,66.0,66.0,66.0,66.0,0,0,1
FINNIFTY13FEB2421250CE.NFO,2024-01-20,10:12:00,2024-02-13,66.0,66.0,66.0,66.0,0,0,1
FINNIFTY13FEB2421250CE.NFO,2024-01-20,10:13:00,2024-02-13,66.0,66.0,66.0,66.0,0,0,1
FINNIFTY13FEB2421250CE.NFO,2024-01-20,10:14:00,2024-02-13,66.0,66.0,66.0,66.0,0,0,1
FINNIFTY13FEB2421250CE.NFO,2024-01-20,10:15:00,2024-02-13,66.0,66.0,66.0,66.0,0,0,1
FINNIFTY13FEB2421250CE.NFO,2024-01-20,10:16:00,2024-02-13,66.0,66.0,66.0,66.0,0,0,1
FINNIFTY13FEB2421250CE.NFO,2024-01-20,10:17:00,2024-02-13,66.0,66.0,66.0,66.0,0,0,1
FINNIFTY13FEB2421250CE.NFO,2024-01-20,10:18:00,2024-02-13,66.0,66.0,66.0,66.0,0,0,1
FINNIFTY13FEB2421250CE.NFO,2024-01-20,10:19:00,2024-02-13,66.0,66.0,66.0,66.0,0,0,1
FINNIFTY13FEB2421250CE.NFO,2024-01-20,10:20:00,2024-02-13,66.0,66.0,66.0,66.0,0,0,1
FINNIFTY13FEB2421250CE.NFO,2024-01-20,10:21:00,2024-02-13,66.0,66.0,66.0,66.0,0,0,1
FINNIFTY13FEB2421250CE.NFO,2024-01-20,10:22:00,2024-02-13,66.0,66.0,66.0,66.0,0,0,1
FINNIFTY13FEB2421250CE.NFO,2024-01-20,10:23:00,2024-02-13,66.0,66.0,66.0,66.0,0,0,1
FINNIFTY13FEB2421250CE.NFO,2024-01-20,10:24:00,2024-02-13,66.0,66.0,66.0,66.0,0,0,1
FINNIFTY13FEB2421250CE.NFO,2024-01-20,10:25:00,2024-02-13,66.0,66.0,66.0,66.0,0,0,1
FINNIFTY13FEB2421250CE.NFO,2024-01-20,10:26:00,2024-02-13,66.0,66.0,66.0,66.0,0,0,1
FINNIFTY13FEB2421250CE.NFO,2024-01-20,10:27:00,2024-02-13,66.0,66.0,66.0,66.0,0,0,1
FINNIFTY13FEB2421250CE.NFO,2024-01-20,10:28:00,2024-02-13,66.0,66.0,66.0,66.0,0,0,1
FINNIFTY13FEB2421250CE.NFO,2024-01-20,10:29:00,2024-02-13,66.0,66.0,66.0,66.0,0,0,1
FINNIFTY13FEB2421250CE.NFO,2024-01-20,10:30:00,2024-02-13,66.0,66.0,66.0,66.0,0,0,1
FINNIFTY13FEB2421250CE.NFO,2024-01-20,10:31:00,2024-02-13,66.0,66.0,66.0,66.0,0,0,1
FINNIFTY13FEB2421250CE.NFO,2024-01-20,10:32:00,2024-02-13,66.0,66.0,66.0,66.0,0,0,1
FINNIFTY13FEB2421250CE.NFO,2024-01-20,10:33:00,2024-02-13,66.0,66.0,66.0,66.0,0,0,1
FINNIFTY13FEB2421250CE.NFO,2024-01-20,10:34:00,2024-02-13,66.0,66.0,66.0,66.0,0,0,1
FINNIFTY13FEB2421250CE.NFO,2024-01-20,10:35:00,2024-02-13,66.0,66.0,66.0,66.0,0,0,1
FINNIFTY13FEB2421250CE.NFO,2024-01-20,10:36:00,2024-02-13,66.0,66.0,66.0,66.0,0,0,1
FINNIFTY13FEB2421250CE.NFO,2024-01-20,10:37:00,2024-02-13,66.0,66.0,66.0,66.0,0,0,1
FINNIFTY13FEB2421250CE.NFO,2024-01-20,10:38:00,2024-02-13,66.0,66.0,66.0,66.0,0,0,1
FINNIFTY13FEB2421250CE.NFO,2024-01-20,10:39:00,2024-02-13,66.0,66.0,66.0,66.0,0,0,1
FINNIFTY13FEB2421250CE.NFO,2024-01-20,10:40:00,2024-02-13,66.0,66.0,66.0,66.0,0,0,1
FINNIFTY13FEB2421250CE.NFO,2024-01-20,10:41:00,2024-02-13,66.0,66.0,66.0,66.0,0,0,1
FINNIFTY13FEB2421250CE.NFO,2024-01-20,10:42:00,2024-02-13,66.0,66.0,66.0,66.0,0,0,1
FINNIFTY13FEB2421250CE.NFO,2024-01-20,10:43:00,2024-02-13,66.0,66.0,66.0,66.0,0,0,1
FINNIFTY13FEB2421250CE.NFO,2024-01-20,10:44:00,2024-02-13,66.0,66.0,66.0,66.0,0,0,1
FINNIFTY13FEB2421250CE.NFO,2024-01-20,10:45:00,2024-02-13,66.0,66.0,66.0,66.0,0,0,1
FINNIFTY13FEB2421250CE.NFO,2024-01-20,10:46:00,2024-02-13,66.0,66.0,66.0,66.0,0,0,1
FINNIFTY13FEB2421250CE.NFO,2024-01-20,10:47:00,2024-02-13,66.0,66.0,66.0,66.0,0,0,1
FINNIFTY13FEB2421250CE.NFO,2024-01-20,10:48:00,2024-02-13,66.0,66.0,66.0,66.0,0,0,1
FINNIFTY13FEB2421250CE.NFO,2024-01-20,10:49:00,2024-02-13,66.0,66.0,66.0,66.0,0,0,1
FINNIFTY13FEB2421250CE.NFO,2024-01-20,10:50:00,2024-02-13,66.0,66.0,66.0,66.0,0,0,1
FINNIFTY13FEB2421250CE.NFO,2024-01-20,10:51:00,2024-02-13,66.0,66.0,66.0,66.0,0,0,1
FINNIFTY13FEB2421250CE.NFO,2024-01-20,10:52:00,2024-02-13,66.0,66.0,66.0,66.0,0,0,1
FINNIFTY13FEB2421250CE.NFO,2024-01-20,10:53:00,2024-02-13,66.0,66.0,66.0,66.0,0,0,1
FINNIFTY13FEB2421250CE.NFO,2024-01-20,10:54:00,2024-02-13,66.0,66.0,66.0,66.0,0,0,1
FINNIFTY13FEB2421250CE.NFO,2024-01-20,10:55:00,2024-02-13,66.0,66.0,66.0,66.0,0,0,1
FINNIFTY13FEB2421250CE.NFO,2024-01-20,10:56:00,2024-02-13,66.0,66.0,66.0,66.0,0,0,1
FINNIFTY13FEB2421250CE.NFO,2024-01-20,10:57:00,2024-02-13,66.0,66.0,66.0,66.0,0,0,1
FINNIFTY13FEB2421250CE.NFO,2024-01-20,10:58:00,2024-02-13,66.0,66.0,66.0,66.0,0,0,1
FINNIFTY13FEB2421250CE.NFO,2024-01-20,10:59:00,2024-02-13,66.0,66.0,66.0,66.0,0,0,1
FINNIFTY13FEB2421250CE.NFO,2024-01-20,11:00:00,2024-02-13,66.0,66.0,66.0,66.0,0,0,1
FINNIFTY13FEB2421250CE.NFO,2024-01-20,11:01:00,2024-02-13,66.0,66.0,66.0,66.0,0,0,1
FINNIFTY13FEB2421250CE.NFO,2024-01-20,11:02:00,2024-02-13,66.0,66.0,66.0,66.0,0,0,1
FINNIFTY13FEB2421250CE.NFO,2024-01-20,11:03:00,2024-02-13,66.0,66.0,66.0,66.0,0,0,1
FINNIFTY13FEB2421250CE.NFO,2024-01-20,11:04:00,2024-02-13,66.0,66.0,66.0,66.0,0,0,1
FINNIFTY13FEB2421250CE.NFO,2024-01-20,11:05:00,2024-02-13,66.0,66.0,66.0,66.0,0,0,1
FINNIFTY13FEB2421250CE.NFO,2024-01-20,11:06:00,2024-02-13,66.0,66.0,66.0,66.0,0,0,1
FINNIFTY13FEB2421250CE.NFO,2024-01-20,11:07:00,2024-02-13,66.0,66.0,66.0,66.0,0,0,1
FINNIFTY13FEB2421250CE.NFO,2024-01-20,11:08:00,2024-02-13,66.0,66.0,66.0,66.0,0,0,1
FINNIFTY13FEB2421250CE.NFO,2024-01-20,11:09:00,2024-02-13,66.0,66.0,66.0,66.0,0,0,1
FINNIFTY13FEB2421250CE.NFO,2024-01-20,11:10:00,2024-02-13,66.0,66.0,66.0,66.0,0,0,1
FINNIFTY13FEB2421250CE.NFO,2024-01-20,11:11:00,2024-02-13,66.0,66.0,66.0,66.0,0,0,1
FINNIFTY13FEB2421250CE.NFO,2024-01-20,11:12:00,2024-02-13,66.0,66.0,66.0,66.0,0,0,1
FINNIFTY13FEB2421250CE.NFO,2024-01-20,11:13:00,2024-02-13,66.0,66.0,66.0,66.0,0,0,1
FINNIFTY13FEB2421250CE.NFO,2024-01-20,11:14:00,2024-02-13,66.0,66.0,66.0,66.0,0,0,1
FINNIFTY13FEB2421250CE.NFO,2024-01-20,11:15:00,2024-02-13,66.0,66.0,66.0,66.0,0,0,1
FINNIFTY13FEB2421250CE.NFO,2024-01-20,11:16:00,2024-02-13,66.0,66.0,66.0,66.0,0,0,1
FINNIFTY13FEB2421250CE.NFO,2024-01-20,11:17:00,2024-02-13,66.0,66.0,66.0,66.0,0,0,1
FINNIFTY13FEB2421250CE.NFO,2024-01-20,11:18:00,2024-02-13,66.0,66.0,66.0,66.0,0,0,1
FINNIFTY13FEB2421250CE.NFO,2024-01-20,11:19:00,2024-02-13,66.0,66.0,66.0,66.0,0,0,1
FINNIFTY13FEB2421250CE.NFO,2024-01-20,11:20:00,2024-02-13,66.0,66.0,66.0,66.0,0,0,1
FINNIFTY13FEB2421250CE.NFO,2024-01-20,11:21:00,2024-02-13,66.0,66.0,66.0,66.0,0,0,1
FINNIFTY13FEB2421250CE.NFO,2024-01-20,11:22:00,2024-02-13,66.0,66.0,66.0,66.0,0,0,1
FINNIFTY13FEB2421250CE.NFO,2024-01-20,11:23:00,2024-02-13,66.0,66.0,66.0,66.0,0,0,1
FINNIFTY13FEB2421250CE.NFO,2024-01-20,11:24:00,2024-02-13,66.0,66.0,66.0,66.0,0,0,1
FINNIFTY13FEB2421250CE.NFO,2024-01-20,11:25:00,2024-02-13,66.0,66.0,66.0,66.0,0,0,1
FINNIFTY13FEB2421250CE.NFO,2024-01-20,11:26:00,2024-02-13,66.0,66.0,66.0,66.0,0,0,1
FINNIFTY13FEB2421250CE.NFO,2024-01-20,11:27:00,2024-02-13,66.0,66.0,66.0,66.0,0,0,1
FINNIFTY13FEB2421250CE.NFO,2024-01-20,11:28:00,2024-02-13,66.0,66.0,66.0,66.0,0,0,1
FINNIFTY13FEB2421250CE.NFO,2024-01-20,11:29:00,2024-02-13,66.0,66.0,66.0,66.0,0,0,1
FINNIFTY13FEB2421250CE.NFO,2024-01-20,11:30:00,2024-02-13,66.0,66.0,66.0,66.0,0,0,1
FINNIFTY13FEB2421250CE.NFO,2024-01-20,11:31:00,2024-02-13,66.0,66.0,66.0,66.0,0,0,1
FINNIFTY13FEB2421250CE.NFO,2024-01-20,11:32:00,2024-02-13,66.0,66.0,66.0,66.0,0,0,1
FINNIFTY13FEB2421250CE.NFO,2024-01-20,11:33:00,2024-02-13,66.0,66.0,66.0,66.0,0,0,1
FINNIFTY13FEB2421250CE.NFO,2024-01-20,11:34:00,2024-02-13,66.0,66.0,66.0,66.0,0,0,1
FINNIFTY13FEB2421250CE.NFO,2024-01-20,11:35:00,2024-02-13,66.0,66.0,66.0,66.0,0,0,1
FINNIFTY13FEB2421250CE.NFO,2024-01-20,11:36:00,2024-02-13,66.0,66.0,66.0,66.0,0,0,1
FINNIFTY13FEB2421250CE.NFO,2024-01-20,11:37:00,2024-02-13,66.0,66.0,66.0,66.0,0,0,1
FINNIFTY13FEB2421250CE.NFO,2024-01-20,11:38:00,2024-02-13,66.0,66.0,66.0,66.0,0,0,1
FINNIFTY13FEB2421250CE.NFO,2024-01-20,11:39:00,2024-02-13,66.0,66.0,66.0,66.0,0,0,1
FINNIFTY13FEB2421250CE.NFO,2024-01-20,11:40:00,2024-02-13,66.0,66.0,66.0,66.0,0,0,1
FINNIFTY13FEB2421250CE.NFO,2024-01-20,11:41:00,2024-02-13,66.0,66.0,66.0,66.0,0,0,1
FINNIFTY13FEB2421250CE.NFO,2024-01-20,11:42:00,2024-02-13,66.0,66.0,66.0,66.0,0,0,1
FINNIFTY13FEB2421250CE.NFO,2024-01-20,11:43:00,2024-02-13,66.0,66.0,66.0,66.0,0,0,1
FINNIFTY13FEB2421250CE.NFO,2024-01-20,11:44:00,2024-02-13,66.0,66.0,66.0,66.0,0,0,1
FINNIFTY13FEB2421250CE.NFO,2024-01-20,11:45:00,2024-02-13,66.0,66.0,66.0,66.0,0,0,1
FINNIFTY13FEB2421250CE.NFO,2024-01-20,11:46:00,2024-02-13,66.0,66.0,66.0,66.0,0,0,1
FINNIFTY13FEB2421250CE.NFO,2024-01-20,11:47:00,2024-02-13,66.0,66.0,66.0,66.0,0,0,1
FINNIFTY13FEB2421250CE.NFO,2024-01-20,11:48:00,2024-02-13,66.0,66.0,66.0,66.0,0,0,1
FINNIFTY13FEB2421250CE.NFO,2024-01-20,11:49:00,2024-02-13,66.0,66.0,66.0,66.0,0,0,1
FINNIFTY13FEB2421250CE.NFO,2024-01-20,11:50:00,2024-02-13,66.0,66.0,66.0,66.0,0,0,1
FINNIFTY13FEB2421250CE.NFO,2024-01-20,11:51:00,2024-02-13,66.0,66.0,66.0,66.0,0,0,1
FINNIFTY13FEB2421250CE.NFO,2024-01-20,11:52:00,2024-02-13,66.0,66.0,66.0,66.0,0,0,1
FINNIFTY13FEB2421250CE.NFO,2024-01-20,11:53:00,2024-02-13,66.0,66.0,66.0,66.0,0,0,1
FINNIFTY13FEB2421250CE.NFO,2024-01-20,11:54:00,2024-02-13,66.0,66.0,66.0,66.0,0,0,1
FINNIFTY13FEB2421250CE.NFO,2024-01-20,11:55:00,2024-02-13,66.0,66.0,66.0,66.0,0,0,1
FINNIFTY13FEB2421250CE.NFO,2024-01-20,11:56:00,2024-02-13,66.0,66.0,66.0,66.0,0,0,1
FINNIFTY13FEB2421250CE.NFO,2024-01-20,11:57:00,2024-02-13,66.0,66.0,66.0,66.0,0,0,1
FINNIFTY13FEB2421250CE.NFO,2024-01-20,11:58:00,2024-02-13,66.0,66.0,66.0,66.0,0,0,1
FINNIFTY13FEB2421250CE.NFO,2024-01-20,11:59:00,2024-02-13,66.0,66.0,66.0,66.0,0,0,1
FINNIFTY13FEB2421250CE.NFO,2024-01-20,12:00:00,2024-02-13,66.0,66.0,66.0,66.0,0,0,1
FINNIFTY13FEB2421250CE.NFO,2024-01-20,12:01:00,2024-02-13,66.0,66.0,66.0,66.0,0,0,1
FINNIFTY13FEB2421250CE.NFO,2024-01-20,12:02:00,2024-02-13,66.0,66.0,66.0,66.0,0,0,1
FINNIFTY13FEB2421250CE.NFO,2024-01-20,12:03:00,2024-02-13,66.0,66.0,66.0,66.0,0,0,1
FINNIFTY13FEB2421250CE.NFO,2024-01-20,12:04:00,2024-02-13,66.0,66.0,66.0,66.0,0,0,1
FINNIFTY13FEB2421250CE.NFO,2024-01-20,12:05:00,2024-02-13,66.0,66.0,66.0,66.0,0,0,1
FINNIFTY13FEB2421250CE.NFO,2024-01-20,12:06:00,2024-02-13,66.0,66.0,66.0,66.0,0,0,1
FINNIFTY13FEB2421250CE.NFO,2024-01-20,12:07:00,2024-02-13,66.0,66.0,66.0,66.0,0,0,1
FINNIFTY13FEB2421250CE.NFO,2024-01-20,12:08:00,2024-02-13,66.0,66.0,66.0,66.0,0,0,1
FINNIFTY13FEB2421250CE.NFO,2024-01-20,12:09:00,2024-02-13,66.0,66.0,66.0,66.0,0,0,1
FINNIFTY13FEB2421250CE.NFO,2024-01-20,12:10:00,2024-02-13,66.0,66.0,66.0,66.0,0,0,1
FINNIFTY13FEB2421250CE.NFO,2024-01-20,12:11:00,2024-02-13,66.0,66.0,66.0,66.0,0,0,1
FINNIFTY13FEB2421250CE.NFO,2024-01-20,12:12:00,2024-02-13,66.0,66.0,66.0,66.0,0,0,1
FINNIFTY13FEB2421250CE.NFO,2024-01-20,12:13:00,2024-02-13,66.0,66.0,66.0,66.0,0,0,1
FINNIFTY13FEB2421250CE.NFO,2024-01-20,12:14:00,2024-02-13,66.0,66.0,66.0,66.0,0,0,1
FINNIFTY13FEB2421250CE.NFO,2024-01-20,12:15:00,2024-02-13,66.0,66.0,66.0,66.0,0,0,1
FINNIFTY13FEB2421250CE.NFO,2024-01-20,12:16:00,2024-02-13,66.0,66.0,66.0,66.0,0,0,1
FINNIFTY13FEB2421250CE.NFO,2024-01-20,12:17:00,2024-02-13,66.0,66.0,66.0,66.0,0,0,1
FINNIFTY13FEB2421250CE.NFO,2024-01-20,12:18:00,2024-02-13,66.0,66.0,66.0,66.0,0,0,1
FINNIFTY13FEB2421250CE.NFO,2024-01-20,12:19:00,2024-02-13,66.0,66.0,66.0,66.0,0,0,1
FINNIFTY13FEB2421250CE.NFO,2024-01-20,12:20:00,2024-02-13,66.0,66.0,66.0,66.0,0,0,1
FINNIFTY13FEB2421250CE.NFO,2024-01-20,12:21:00,2024-02-13,66.0,66.0,66.0,66.0,0,0,1
FINNIFTY13FEB2421250CE.NFO,2024-01-20,12:22:00,2024-02-13,66.0,66.0,66.0,66.0,0,0,1
FINNIFTY13FEB2421250CE.NFO,2024-01-20,12:23:00,2024-02-13,66.0,66.0,66.0,66.0,0,0,1
FINNIFTY13FEB2421250CE.NFO,2024-01-20,12:24:00,2024-02-13,66.0,66.0,66.0,66.0,0,0,1
FINNIFTY13FEB2421250CE.NFO,2024-01-20,12:25:00,2024-02-13,66.0,66.0,66.0,66.0,0,0,1
FINNIFTY13FEB2421250CE.NFO,2024-01-20,12:26:00,2024-02-13,66.0,66.0,66.0,66.0,0,0,1
FINNIFTY13FEB2421250CE.NFO,2024-01-20,12:27:00,2024-02-13,66.0,66.0,66.0,66.0,0,0,1
FINNIFTY13FEB2421250CE.NFO,2024-01-20,12:28:00,2024-02-13,66.0,66.0,66.0,66.0,0,0,1
FINNIFTY13FEB2421250CE.NFO,2024-01-20,12:29:00,2024-02-13,66.0,66.0,66.0,66.0,0,0,1
FINNIFTY13FEB2421250CE.NFO,2024-01-20,12:30:00,2024-02-13,66.0,66.0,66.0,66.0,0,0,1
FINNIFTY13FEB2421250CE.NFO,2024-01-20,12:31:00,2024-02-13,66.0,66.0,66.0,66.0,0,0,1
FINNIFTY13FEB2421250CE.NFO,2024-01-20,12:32:00,2024-02-13,66.0,66.0,66.0,66.0,0,0,1
FINNIFTY13FEB2421250CE.NFO,2024-01-20,12:33:00,2024-02-13,66.0,66.0,66.0,66.0,0,0,1
FINNIFTY13FEB2421250CE.NFO,2024-01-20,12:34:00,2024-02-13,66.0,66.0,66.0,66.0,0,0,1
FINNIFTY13FEB2421250CE.NFO,2024-01-20,12:35:00,2024-02-13,66.0,66.0,66.0,66.0,0,0,1
FINNIFTY13FEB2421250CE.NFO,2024-01-20,12:36:00,2024-02-13,66.0,66.0,66.0,66.0,0,0,1
FINNIFTY13FEB2421250CE.NFO,2024-01-20,12:37:00,2024-02-13,66.0,66.0,66.0,66.0,0,0,1
FINNIFTY13FEB2421250CE.NFO,2024-01-20,12:38:00,2024-02-13,66.0,66.0,66.0,66.0,0,0,1
FINNIFTY13FEB2421250CE.NFO,2024-01-20,12:39:00,2024-02-13,66.0,66.0,66.0,66.0,0,0,1
FINNIFTY13FEB2421250CE.NFO,2024-01-20,12:40:00,2024-02-13,66.0,66.0,66.0,66.0,0,0,1
FINNIFTY13FEB2421250CE.NFO,2024-01-20,12:41:00,2024-02-13,66.0,66.0,66.0,66.0,0,0,1
FINNIFTY13FEB2421250CE.NFO,2024-01-20,12:42:00,2024-02-13,66.0,66.0,66.0,66.0,0,0,1
FINNIFTY13FEB2421250CE.NFO,2024-01-20,12:43:00,2024-02-13,66.0,66.0,66.0,66.0,0,0,1
FINNIFTY13FEB2421250CE.NFO,2024-01-20,12:44:00,2024-02-13,66.0,66.0,66.0,66.0,0,0,1
FINNIFTY13FEB2421250CE.NFO,2024-01-20,12:45:00,2024-02-13,66.0,66.0,66.0,66.0,0,0,1
FINNIFTY13FEB2421250CE.NFO,2024-01-20,12:46:00,2024-02-13,66.0,66.0,66.0,66.0,0,0,1
FINNIFTY13FEB2421250CE.NFO,2024-01-20,12:47:00,2024-02-13,66.0,66.0,66.0,66.0,0,0,1
FINNIFTY13FEB2421250CE.NFO,2024-01-20,12:48:00,2024-02-13,66.0,66.0,66.0,66.0,0,0,1
FINNIFTY13FEB2421250CE.NFO,2024-01-20,12:49:00,2024-02-13,66.0,66.0,66.0,66.0,0,0,1
FINNIFTY13FEB2421250CE.NFO,2024-01-20,12:50:00,2024-02-13,66.0,66.0,66.0,66.0,0,0,1
FINNIFTY13FEB2421250CE.NFO,2024-01-20,12:51:00,2024-02-13,66.0,66.0,66.0,66.0,0,0,1
FINNIFTY13FEB2421250CE.NFO,2024-01-20,12:52:00,2024-02-13,66.0,66.0,66.0,66.0,0,0,1
FINNIFTY13FEB2421250CE.NFO,2024-01-20,12:53:00,2024-02-13,66.0,66.0,66.0,66.0,0,0,1
FINNIFTY13FEB2421250CE.NFO,2024-01-20,12:54:00,2024-02-13,66.0,66.0,66.0,66.0,0,0,1
FINNIFTY13FEB2421250CE.NFO,2024-01-20,12:55:00,2024-02-13,66.0,66.0,66.0,66.0,0,0,1
FINNIFTY13FEB2421250CE.NFO,2024-01-20,12:56:00,2024-02-13,66.0,66.0,66.0,66.0,0,0,1
FINNIFTY13FEB2421250CE.NFO,2024-01-20,12:57:00,2024-02-13,66.0,66.0,66.0,66.0,0,0,1
FINNIFTY13FEB2421250CE.NFO,2024-01-20,12:58:00,2024-02-13,66.0,66.0,66.0,66.0,0,0,1
FINNIFTY13FEB2421250CE.NFO,2024-01-20,12:59:00,2024-02-13,66.0,66.0,66.0,66.0,0,0,1
FINNIFTY13FEB2421250CE.NFO,2024-01-20,13:00:00,2024-02-13,66.0,66.0,66.0,66.0,0,0,1
FINNIFTY13FEB2421250CE.NFO,2024-01-20,13:01:00,2024-02-13,66.0,66.0,66.0,66.0,0,0,1
FINNIFTY13FEB2421250CE.NFO,2024-01-20,13:02:00,2024-02-13,66.0,66.0,66.0,66.0,0,0,1
FINNIFTY13FEB2421250CE.NFO,2024-01-20,13:03:00,2024-02-13,66.0,66.0,66.0,66.0,0,0,1
FINNIFTY13FEB2421250CE.NFO,2024-01-20,13:04:00,2024-02-13,66.0,66.0,66.0,66.0,0,0,1
FINNIFTY13FEB2421250CE.NFO,2024-01-20,13:05:00,2024-02-13,66.0,66.0,66.0,66.0,0,0,1
FINNIFTY13FEB2421250CE.NFO,2024-01-20,13:06:00,2024-02-13,66.0,66.0,66.0,66.0,0,0,1
FINNIFTY13FEB2421250CE.NFO,2024-01-20,13:07:00,2024-02-13,66.0,66.0,66.0,66.0,0,0,1
FINNIFTY13FEB2421250CE.NFO,2024-01-20,13:08:00,2024-02-13,66.0,66.0,66.0,66.0,0,0,1
FINNIFTY13FEB2421250CE.NFO,2024-01-20,13:09:00,2024-02-13,66.0,66.0,66.0,66.0,0,0,1
FINNIFTY13FEB2421250CE.NFO,2024-01-20,13:10:00,2024-02-13,66.0,66.0,66.0,66.0,0,0,1
FINNIFTY13FEB2421250CE.NFO,2024-01-20,13:11:00,2024-02-13,66.0,66.0,66.0,66.0,0,0,1
FINNIFTY13FEB2421250CE.NFO,2024-01-20,13:12:00,2024-02-13,66.0,66.0,66.0,66.0,0,0,1
FINNIFTY13FEB2421250CE.NFO,2024-01-20,13:13:00,2024-02-13,66.0,66.0,66.0,66.0,0,0,1
FINNIFTY13FEB2421250CE.NFO,2024-01-20,13:14:00,2024-02-13,66.0,66.0,66.0,66.0,0,0,1
FINNIFTY13FEB2421250CE.NFO,2024-01-20,13:15:00,2024-02-13,66.0,66.0,66.0,66.0,0,0,1
FINNIFTY13FEB2421250CE.NFO,2024-01-20,13:16:00,2024-02-13,66.0,66.0,66.0,66.0,0,0,1
FINNIFTY13FEB2421250CE.NFO,2024-01-20,13:17:00,2024-02-13,66.0,66.0,66.0,66.0,0,0,1
FINNIFTY13FEB2421250CE.NFO,2024-01-20,13:18:00,2024-02-13,66.0,66.0,66.0,66.0,0,0,1
FINNIFTY13FEB2421250CE.NFO,2024-01-20,13:19:00,2024-02-13,66.0,66.0,66.0,66.0,0,0,1
FINNIFTY13FEB2421250CE.NFO,2024-01-20,13:20:00,2024-02-13,66.0,66.0,66.0,66.0,0,0,1
FINNIFTY13FEB2421250CE.NFO,2024-01-20,13:21:00,2024-02-13,66.0,66.0,66.0,66.0,0,0,1
FINNIFTY13FEB2421250CE.NFO,2024-01-20,13:22:00,2024-02-13,66.0,66.0,66.0,66.0,0,0,1
FINNIFTY13FEB2421250CE.NFO,2024-01-20,13:23:00,2024-02-13,66.0,66.0,66.0,66.0,0,0,1
FINNIFTY13FEB2421250CE.NFO,2024-01-20,13:24:00,2024-02-13,66.0,66.0,66.0,66.0,0,0,1
FINNIFTY13FEB2421250CE.NFO,2024-01-20,13:25:00,2024-02-13,66.0,66.0,66.0,66.0,0,0,1
FINNIFTY13FEB2421250CE.NFO,2024-01-20,13:26:00,2024-02-13,66.0,66.0,66.0,66.0,0,0,1
FINNIFTY13FEB2421250CE.NFO,2024-01-20,13:27:00,2024-02-13,66.0,66.0,66.0,66.0,0,0,1
FINNIFTY13FEB2421250CE.NFO,2024-01-20,13:28:00,2024-02-13,66.0,66.0,66.0,66.0,0,0,1
FINNIFTY13FEB2421250CE.NFO,2024-01-20,13:29:00,2024-02-13,66.0,66.0,66.0,66.0,0,0,1
FINNIFTY13FEB2421250CE.NFO,2024-01-20,13:30:00,2024-02-13,66.0,66.0,66.0,66.0,0,0,1
FINNIFTY13FEB2421250CE.NFO,2024-01-20,13:31:00,2024-02-13,66.0,66.0,66.0,66.0,0,0,1
FINNIFTY13FEB2421250CE.NFO,2024-01-20,13:32:00,2024-02-13,66.0,66.0,66.0,66.0,0,0,1
FINNIFTY13FEB2421250CE.NFO,2024-01-20,13:33:00,2024-02-13,66.0,66.0,66.0,66.0,0,0,1
FINNIFTY13FEB2421250CE.NFO,2024-01-20,13:34:00,2024-02-13,66.0,66.0,66.0,66.0,0,0,1
FINNIFTY13FEB2421250CE.NFO,2024-01-20,13:35:00,2024-02-13,66.0,66.0,66.0,66.0,0,0,1
FINNIFTY13FEB2421250CE.NFO,2024-01-20,13:36:00,2024-02-13,66.0,66.0,66.0,66.0,0,0,1
FINNIFTY13FEB2421250CE.NFO,2024-01-20,13:37:00,2024-02-13,66.0,66.0,66.0,66.0,0,0,1
FINNIFTY13FEB2421250CE.NFO,2024-01-20,13:38:00,2024-02-13,66.0,66.0,66.0,66.0,0,0,1
FINNIFTY13FEB2421250CE.NFO,2024-01-20,13:39:00,2024-02-13,66.0,66.0,66.0,66.0,0,0,1
FINNIFTY13FEB2421250CE.NFO,2024-01-20,13:40:00,2024-02-13,66.0,66.0,66.0,66.0,0,0,1
FINNIFTY13FEB2421250CE.NFO,2024-01-20,13:41:00,2024-02-13,66.0,66.0,66.0,66.0,0,0,1
FINNIFTY13FEB2421250CE.NFO,2024-01-20,13:42:00,2024-02-13,66.0,66.0,66.0,66.0,0,0,1
FINNIFTY13FEB2421250CE.NFO,2024-01-20,13:43:00,2024-02-13,66.0,66.0,66.0,66.0,0,0,1
FINNIFTY13FEB2421250CE.NFO,2024-01-20,13:44:00,2024-02-13,66.0,66.0,66.0,66.0,0,0,1
FINNIFTY13FEB2421250CE.NFO,2024-01-20,13:45:00,2024-02-13,66.0,66.0,66.0,66.0,0,0,1
FINNIFTY13FEB2421250CE.NFO,2024-01-20,13:46:00,2024-02-13,66.0,66.0,66.0,66.0,0,0,1
FINNIFTY13FEB2421250CE.NFO,2024-01-20,13:47:00,2024-02-13,66.0,66.0,66.0,66.0,0,0,1
FINNIFTY13FEB2421250CE.NFO,2024-01-20,13:48:00,2024-02-13,66.0,66.0,66.0,66.0,0,0,1
FINNIFTY13FEB2421250CE.NFO,2024-01-20,13:49:00,2024-02-13,66.0,66.0,66.0,66.0,0,0,1
FINNIFTY13FEB2421250CE.NFO,2024-01-20,13:50:00,2024-02-13,66.0,66.0,66.0,66.0,0,0,1
FINNIFTY13FEB2421250CE.NFO,2024-01-20,13:51:00,2024-02-13,66.0,66.0,66.0,66.0,0,0,1
FINNIFTY13FEB2421250CE.NFO,2024-01-20,13:52:00,2024-02-13,66.0,66.0,66.0,66.0,0,0,1
FINNIFTY13FEB2421250CE.NFO,2024-01-20,13:53:00,2024-02-13,66.0,66.0,66.0,66.0,0,0,1
FINNIFTY13FEB2421250CE.NFO,2024-01-20,13:54:00,2024-02-13,66.0,66.0,66.0,66.0,0,0,1
FINNIFTY13FEB2421250CE.NFO,2024-01-20,13:55:00,2024-02-13,66.0,66.0,66.0,66.0,0,0,1
FINNIFTY13FEB2421250CE.NFO,2024-01-20,13:56:00,2024-02-13,66.0,66.0,66.0,66.0,0,0,1
FINNIFTY13FEB2421250CE.NFO,2024-01-20,13:57:00,2024-02-13,66.0,66.0,66.0,66.0,0,0,1
FINNIFTY13FEB2421250CE.NFO,2024-01-20,13:58:00,2024-02-13,66.0,66.0,66.0,66.0,0,0,1
FINNIFTY13FEB2421250CE.NFO,2024-01-20,13:59:00,2024-02-13,66.0,66.0,66.0,66.0,0,0,1
FINNIFTY13FEB2421250CE.NFO,2024-01-20,14:00:00,2024-02-13,66.0,66.0,66.0,66.0,0,0,1
FINNIFTY13FEB2421250CE.NFO,2024-01-20,14:01:00,2024-02-13,66.0,66.0,66.0,66.0,0,0,1
FINNIFTY13FEB2421250CE.NFO,2024-01-20,14:02:00,2024-02-13,66.0,66.0,66.0,66.0,0,0,1
FINNIFTY13FEB2421250CE.NFO,2024-01-20,14:03:00,2024-02-13,66.0,66.0,66.0,66.0,0,0,1
FINNIFTY13FEB2421250CE.NFO,2024-01-20,14:04:00,2024-02-13,66.0,66.0,66.0,66.0,0,0,1
FINNIFTY13FEB2421250CE.NFO,2024-01-20,14:05:00,2024-02-13,66.0,66.0,66.0,66.0,0,0,1
FINNIFTY13FEB2421250CE.NFO,2024-01-20,14:06:00,2024-02-13,66.0,66.0,66.0,66.0,0,0,1
FINNIFTY13FEB2421250CE.NFO,2024-01-20,14:07:00,2024-02-13,66.0,66.0,66.0,66.0,0,0,1
FINNIFTY13FEB2421250CE.NFO,2024-01-20,14:08:00,2024-02-13,66.0,66.0,66.0,66.0,0,0,1
FINNIFTY13FEB2421250CE.NFO,2024-01-20,14:09:00,2024-02-13,66.0,66.0,66.0,66.0,0,0,1
FINNIFTY13FEB2421250CE.NFO,2024-01-20,14:10:00,2024-02-13,66.0,66.0,66.0,66.0,0,0,1
FINNIFTY13FEB2421250CE.NFO,2024-01-20,14:11:00,2024-02-13,66.0,66.0,66.0,66.0,0,0,1
FINNIFTY13FEB2421250CE.NFO,2024-01-20,14:12:00,2024-02-13,66.0,66.0,66.0,66.0,0,0,1
FINNIFTY13FEB2421250CE.NFO,2024-01-20,14:13:00,2024-02-13,66.0,66.0,66.0,66.0,0,0,1
FINNIFTY13FEB2421250CE.NFO,2024-01-20,14:14:00,2024-02-13,66.0,66.0,66.0,66.0,0,0,1
FINNIFTY13FEB2421250CE.NFO,2024-01-20,14:15:00,2024-02-13,66.0,66.0,66.0,66.0,0,0,1
FINNIFTY13FEB2421250CE.NFO,2024-01-20,14:16:00,2024-02-13,66.0,66.0,66.0,66.0,0,0,1
FINNIFTY13FEB2421250CE.NFO,2024-01-20,14:17:00,2024-02-13,66.0,66.0,66.0,66.0,0,0,1
FINNIFTY13FEB2421250CE.NFO,2024-01-20,14:18:00,2024-02-13,66.0,66.0,66.0,66.0,0,0,1
FINNIFTY13FEB2421250CE.NFO,2024-01-20,14:19:00,2024-02-13,66.0,66.0,66.0,66.0,0,0,1
FINNIFTY13FEB2421250CE.NFO,2024-01-20,14:20:00,2024-02-13,66.0,66.0,66.0,66.0,0,0,1
FINNIFTY13FEB2421250CE.NFO,2024-01-20,14:21:00,2024-02-13,66.0,66.0,66.0,66.0,0,0,1
FINNIFTY13FEB2421250CE.NFO,2024-01-20,14:22:00,2024-02-13,66.0,66.0,66.0,66.0,0,0,1
FINNIFTY13FEB2421250CE.NFO,2024-01-20,14:23:00,2024-02-13,66.0,66.0,66.0,66.0,0,0,1
FINNIFTY13FEB2421250CE.NFO,2024-01-20,14:24:00,2024-02-13,66.0,66.0,66.0,66.0,0,0,1
FINNIFTY13FEB2421250CE.NFO,2024-01-20,14:25:00,2024-02-13,66.0,66.0,66.0,66.0,0,0,1
FINNIFTY13FEB2421250CE.NFO,2024-01-20,14:26:00,2024-02-13,66.0,66.0,66.0,66.0,0,0,1
FINNIFTY13FEB2421250CE.NFO,2024-01-20,14:27:00,2024-02-13,66.0,66.0,66.0,66.0,0,0,1
FINNIFTY13FEB2421250CE.NFO,2024-01-20,14:28:00,2024-02-13,66.0,66.0,66.0,66.0,0,0,1
FINNIFTY13FEB2421250CE.NFO,2024-01-20,14:29:00,2024-02-13,66.0,66.0,66.0,66.0,0,0,1
FINNIFTY13FEB2421250CE.NFO,2024-01-20,14:30:00,2024-02-13,66.0,66.0,66.0,66.0,0,0,1
FINNIFTY13FEB2421250CE.NFO,2024-01-20,14:31:00,2024-02-13,66.0,66.0,66.0,66.0,0,0,1
FINNIFTY13FEB2421250CE.NFO,2024-01-20,14:32:00,2024-02-13,66.0,66.0,66.0,66.0,0,0,1
FINNIFTY13FEB2421250CE.NFO,2024-01-20,14:33:00,2024-02-13,66.0,66.0,66.0,66.0,0,0,1
FINNIFTY13FEB2421250CE.NFO,2024-01-20,14:34:00,2024-02-13,66.0,66.0,66.0,66.0,0,0,1
FINNIFTY13FEB2421250CE.NFO,2024-01-20,14:35:00,2024-02-13,66.0,66.0,66.0,66.0,0,0,1
FINNIFTY13FEB2421250CE.NFO,2024-01-20,14:36:00,2024-02-13,66.0,66.0,66.0,66.0,0,0,1
FINNIFTY13FEB2421250CE.NFO,2024-01-20,14:37:00,2024-02-13,66.0,66.0,66.0,66.0,0,0,1
FINNIFTY13FEB2421250CE.NFO,2024-01-20,14:38:00,2024-02-13,66.0,66.0,66.0,66.0,0,0,1
FINNIFTY13FEB2421250CE.NFO,2024-01-20,14:39:00,2024-02-13,66.0,66.0,66.0,66.0,0,0,1
FINNIFTY13FEB2421250CE.NFO,2024-01-20,14:40:00,2024-02-13,66.0,66.0,66.0,66.0,0,0,1
FINNIFTY13FEB2421250CE.NFO,2024-01-20,14:41:00,2024-02-13,66.0,66.0,66.0,66.0,0,0,1
FINNIFTY13FEB2421250CE.NFO,2024-01-20,14:42:00,2024-02-13,66.0,66.0,66.0,66.0,0,0,1
FINNIFTY13FEB2421250CE.NFO,2024-01-20,14:43:00,2024-02-13,66.0,66.0,66.0,66.0,0,0,1
FINNIFTY13FEB2421250CE.NFO,2024-01-20,14:44:00,2024-02-13,66.0,66.0,66.0,66.0,0,0,1
FINNIFTY13FEB2421250CE.NFO,2024-01-20,14:45:00,2024-02-13,66.0,66.0,66.0,66.0,0,0,1
FINNIFTY13FEB2421250CE.NFO,2024-01-20,14:46:00,2024-02-13,66.0,66.0,66.0,66.0,0,0,1
FINNIFTY13FEB2421250CE.NFO,2024-01-20,14:47:00,2024-02-13,66.0,66.0,66.0,66.0,0,0,1
FINNIFTY13FEB2421250CE.NFO,2024-01-20,14:48:00,2024-02-13,66.0,66.0,66.0,66.0,0,0,1
FINNIFTY13FEB2421250CE.NFO,2024-01-20,14:49:00,2024-02-13,66.0,66.0,66.0,66.0,0,0,1
FINNIFTY13FEB2421250CE.NFO,2024-01-20,14:50:00,2024-02-13,66.0,66.0,66.0,66.0,0,0,1
FINNIFTY13FEB2421250CE.NFO,2024-01-20,14:51:00,2024-02-13,66.0,66.0,66.0,66.0,0,0,1
FINNIFTY13FEB2421250CE.NFO,2024-01-20,14:52:00,2024-02-13,66.0,66.0,66.0,66.0,0,0,1
FINNIFTY13FEB2421250CE.NFO,2024-01-20,14:53:00,2024-02-13,66.0,66.0,66.0,66.0,0,0,1
FINNIFTY13FEB2421250CE.NFO,2024-01-20,14:54:00,2024-02-13,66.0,66.0,66.0,66.0,0,0,1
FINNIFTY13FEB2421250CE.NFO,2024-01-20,14:55:00,2024-02-13,66.0,66.0,66.0,66.0,0,0,1
FINNIFTY13FEB2421250CE.NFO,2024-01-20,14:56:00,2024-02-13,66.0,66.0,66.0,66.0,0,0,1
FINNIFTY13FEB2421250CE.NFO,2024-01-20,14:57:00,2024-02-13,66.0,66.0,66.0,66.0,0,0,1
FINNIFTY13FEB2421250CE.NFO,2024-01-20,14:58:00,2024-02-13,66.0,66.0,66.0,66.0,0,0,1
FINNIFTY13FEB2421250CE.NFO,2024-01-20,14:59:00,2024-02-13,66.0,66.0,66.0,66.0,0,0,1
FINNIFTY13FEB2421250CE.NFO,2024-01-20,15:00:00,2024-02-13,66.0,66.0,66.0,66.0,0,0,1
FINNIFTY13FEB2421250CE.NFO,2024-01-20,15:01:00,2024-02-13,66.0,66.0,66.0,66.0,0,0,1
FINNIFTY13FEB2421250CE.NFO,2024-01-20,15:02:00,2024-02-13,66.0,66.0,66.0,66.0,0,0,1
FINNIFTY13FEB2421250CE.NFO,2024-01-20,15:03:00,2024-02-13,66.0,66.0,66.0,66.0,0,0,1
FINNIFTY13FEB2421250CE.NFO,2024-01-20,15:04:00,2024-02-13,66.0,66.0,66.0,66.0,0,0,1
FINNIFTY13FEB2421250CE.NFO,2024-01-20,15:05:00,2024-02-13,66.0,66.0,66.0,66.0,0,0,1
FINNIFTY13FEB2421250CE.NFO,2024-01-20,15:06:00,2024-02-13,66.0,66.0,66.0,66.0,0,0,1
FINNIFTY13FEB2421250CE.NFO,2024-01-20,15:07:00,2024-02-13,66.0,66.0,66.0,66.0,0,0,1
FINNIFTY13FEB2421250CE.NFO,2024-01-20,15:08:00,2024-02-13,66.0,66.0,66.0,66.0,0,0,1
FINNIFTY13FEB2421250CE.NFO,2024-01-20,15:09:00,2024-02-13,66.0,66.0,66.0,66.0,0,0,1
FINNIFTY13FEB2421250CE.NFO,2024-01-20,15:10:00,2024-02-13,66.0,66.0,66.0,66.0,0,0,1
FINNIFTY13FEB2421250CE.NFO,2024-01-20,15:11:00,2024-02-13,66.0,66.0,66.0,66.0,0,0,1
FINNIFTY13FEB2421250CE.NFO,2024-01-20,15:12:00,2024-02-13,66.0,66.0,66.0,66.0,0,0,1
FINNIFTY13FEB2421250CE.NFO,2024-01-20,15:13:00,2024-02-13,66.0,66.0,66.0,66.0,0,0,1
FINNIFTY13FEB2421250CE.NFO,2024-01-20,15:14:00,2024-02-13,66.0,66.0,66.0,66.0,0,0,1
FINNIFTY13FEB2421250CE.NFO,2024-01-20,15:15:00,2024-02-13,66.0,66.0,66.0,66.0,0,0,1
FINNIFTY13FEB2421250CE.NFO,2024-01-20,15:16:00,2024-02-13,66.0,66.0,66.0,66.0,0,0,1
FINNIFTY13FEB2421250CE.NFO,2024-01-20,15:17:00,2024-02-13,66.0,66.0,66.0,66.0,0,0,1
FINNIFTY13FEB2421250CE.NFO,2024-01-20,15:18:00,2024-02-13,66.0,66.0,66.0,66.0,0,0,1
FINNIFTY13FEB2421250CE.NFO,2024-01-20,15:19:00,2024-02-13,66.0,66.0,66.0,66.0,0,0,1
FINNIFTY13FEB2421250CE.NFO,2024-01-20,15:20:00,2024-02-13,66.0,66.0,66.0,66.0,0,0,1
FINNIFTY13FEB2421250CE.NFO,2024-01-20,15:21:00,2024-02-13,66.0,66.0,66.0,66.0,0,0,1
FINNIFTY13FEB2421250CE.NFO,2024-01-20,15:22:00,2024-02-13,66.0,66.0,66.0,66.0,0,0,1
FINNIFTY13FEB2421250CE.NFO,2024-01-20,15:23:00,2024-02-13,66.0,66.0,66.0,66.0,0,0,1
FINNIFTY13FEB2421250CE.NFO,2024-01-20,15:24:00,2024-02-13,66.0,66.0,66.0,66.0,0,0,1
FINNIFTY13FEB2421250CE.NFO,2024-01-20,15:25:00,2024-02-13,66.0,66.0,66.0,66.0,0,0,1
FINNIFTY13FEB2421250CE.NFO,2024-01-20,15:26:00,2024-02-13,66.0,66.0,66.0,66.0,0,0,1
FINNIFTY13FEB2421250CE.NFO,2024-01-20,15:27:00,2024-02-13,66.0,66.0,66.0,66.0,0,0,1
FINNIFTY13FEB2421250CE.NFO,2024-01-20,15:28:00,2024-02-13,66.0,66.0,66.0,66.0,0,0,1
FINNIFTY13FEB2421250CE.NFO,2024-01-20,15:29:00,2024-02-13,66.0,66.0,66.0,66.0,0,0,1
FINNIFTY13FEB2421250CE.NFO,2024-01-20,15:30:00,2024-02-13,66.0,66.0,66.0,66.0,0,0,1
FINNIFTY13FEB2421250CE.NFO,2024-02-01,09:15:00,2024-02-13,41.25,41.25,41.25,41.25,0,0,1
FINNIFTY13FEB2421250CE.NFO,2024-02-01,09:16:00,2024-02-13,41.25,41.25,41.25,41.25,0,0,1
FINNIFTY13FEB2421250CE.NFO,2024-02-01,09:17:00,2024-02-13,41.25,41.25,41.25,41.25,0,0,1
FINNIFTY13FEB2421250CE.NFO,2024-02-01,09:18:00,2024-02-13,41.25,41.25,41.25,41.25,0,0,1
FINNIFTY13FEB2421250CE.NFO,2024-02-01,09:19:00,2024-02-13,41.25,41.25,41.25,41.25,0,0,1
FINNIFTY13FEB2421250CE.NFO,2024-02-01,09:20:00,2024-02-13,41.25,41.25,41.25,41.25,0,0,1
FINNIFTY13FEB2421250CE.NFO,2024-02-01,09:21:00,2024-02-13,41.25,41.25,41.25,41.25,0,0,1
FINNIFTY13FEB2421250CE.NFO,2024-02-01,09:22:00,2024-02-13,41.25,41.25,41.25,41.25,0,0,1
FINNIFTY13FEB2421250CE.NFO,2024-02-01,09:23:00,2024-02-13,41.25,41.25,41.25,41.25,0,0,1
FINNIFTY13FEB2421250CE.NFO,2024-02-01,09:24:00,2024-02-13,41.25,41.25,41.25,41.25,0,0,1
FINNIFTY13FEB2421250CE.NFO,2024-02-01,09:25:00,2024-02-13,41.25,41.25,41.25,41.25,0,0,1
FINNIFTY13FEB2421250CE.NFO,2024-02-01,09:26:00,2024-02-13,41.25,41.25,41.25,41.25,0,0,1
FINNIFTY13FEB2421250CE.NFO,2024-02-01,09:27:00,2024-02-13,41.25,41.25,41.25,41.25,0,0,1
FINNIFTY13FEB2421250CE.NFO,2024-02-01,09:28:00,2024-02-13,41.25,41.25,41.25,41.25,0,0,1
FINNIFTY13FEB2421250CE.NFO,2024-02-01,09:29:00,2024-02-13,41.25,41.25,41.25,41.25,0,0,1
FINNIFTY13FEB2421250CE.NFO,2024-02-01,09:30:00,2024-02-13,41.25,41.25,41.25,41.25,0,0,1
FINNIFTY13FEB2421250CE.NFO,2024-02-01,09:31:00,2024-02-13,41.25,41.25,41.25,41.25,0,0,1
FINNIFTY13FEB2421250CE.NFO,2024-02-01,09:32:00,2024-02-13,41.25,41.25,41.25,41.25,0,0,1
FINNIFTY13FEB2421250CE.NFO,2024-02-01,09:33:00,2024-02-13,41.25,41.25,41.25,41.25,0,0,1
FINNIFTY13FEB2421250CE.NFO,2024-02-01,09:34:00,2024-02-13,41.25,41.25,41.25,41.25,0,0,1
FINNIFTY13FEB2421250CE.NFO,2024-02-01,09:35:00,2024-02-13,41.25,41.25,41.25,41.25,0,0,1
FINNIFTY13FEB2421250CE.NFO,2024-02-01,09:36:00,2024-02-13,41.25,41.25,41.25,41.25,0,0,1
FINNIFTY13FEB2421250CE.NFO,2024-02-01,09:37:00,2024-02-13,41.25,41.25,41.25,41.25,0,0,1
FINNIFTY13FEB2421250CE.NFO,2024-02-01,09:38:00,2024-02-13,41.25,41.25,41.25,41.25,0,0,1
FINNIFTY13FEB2421250CE.NFO,2024-02-01,09:39:00,2024-02-13,41.25,41.25,41.25,41.25,0,0,1
FINNIFTY13FEB2421250CE.NFO,2024-02-01,09:40:00,2024-02-13,41.25,41.25,41.25,41.25,0,0,1
FINNIFTY13FEB2421250CE.NFO,2024-02-01,09:41:00,2024-02-13,41.25,41.25,41.25,41.25,0,0,1
FINNIFTY13FEB2421250CE.NFO,2024-02-01,09:42:00,2024-02-13,41.25,41.25,41.25,41.25,0,0,1
FINNIFTY13FEB2421250CE.NFO,2024-02-01,09:43:00,2024-02-13,41.25,41.25,41.25,41.25,0,0,1
FINNIFTY13FEB2421250CE.NFO,2024-02-01,09:44:00,2024-02-13,41.25,41.25,41.25,41.25,0,0,1
FINNIFTY13FEB2421250CE.NFO,2024-02-01,09:45:00,2024-02-13,41.25,41.25,41.25,41.25,0,0,1
FINNIFTY13FEB2421250CE.NFO,2024-02-01,09:46:00,2024-02-13,41.25,41.25,41.25,41.25,0,0,1
FINNIFTY13FEB2421250CE.NFO,2024-02-01,09:47:00,2024-02-13,41.25,41.25,41.25,41.25,0,0,1
FINNIFTY13FEB2421250CE.NFO,2024-02-01,09:48:00,2024-02-13,41.25,41.25,41.25,41.25,0,0,1
FINNIFTY13FEB2421250CE.NFO,2024-02-01,09:49:00,2024-02-13,41.25,41.25,41.25,41.25,0,0,1
FINNIFTY13FEB2421250CE.NFO,2024-02-01,09:50:00,2024-02-13,41.25,41.25,41.25,41.25,0,0,1
FINNIFTY13FEB2421250CE.NFO,2024-02-01,09:51:00,2024-02-13,41.25,41.25,41.25,41.25,0,0,1
FINNIFTY13FEB2421250CE.NFO,2024-02-01,09:52:00,2024-02-13,41.25,41.25,41.25,41.25,0,0,1
FINNIFTY13FEB2421250CE.NFO,2024-02-01,09:53:00,2024-02-13,41.25,41.25,41.25,41.25,0,0,1
FINNIFTY13FEB2421250CE.NFO,2024-02-01,09:54:00,2024-02-13,41.25,41.25,41.25,41.25,0,0,1
FINNIFTY13FEB2421250CE.NFO,2024-02-01,09:55:00,2024-02-13,41.25,41.25,41.25,41.25,0,0,1
FINNIFTY13FEB2421250CE.NFO,2024-02-01,09:56:00,2024-02-13,41.25,41.25,41.25,41.25,0,0,1
FINNIFTY13FEB2421250CE.NFO,2024-02-01,09:57:00,2024-02-13,41.25,41.25,41.25,41.25,0,0,1
FINNIFTY13FEB2421250CE.NFO,2024-02-01,09:58:00,2024-02-13,41.25,41.25,41.25,41.25,0,0,1
FINNIFTY13FEB2421250CE.NFO,2024-02-01,09:59:00,2024-02-13,41.25,41.25,41.25,41.25,0,0,1
FINNIFTY13FEB2421250CE.NFO,2024-02-01,10:00:00,2024-02-13,41.25,41.25,41.25,41.25,0,0,1
FINNIFTY13FEB2421250CE.NFO,2024-02-01,10:01:00,2024-02-13,41.25,41.25,41.25,41.25,0,0,1
FINNIFTY13FEB2421250CE.NFO,2024-02-01,10:02:00,2024-02-13,41.25,41.25,41.25,41.25,0,0,1
FINNIFTY13FEB2421250CE.NFO,2024-02-01,10:03:00,2024-02-13,41.25,41.25,41.25,41.25,0,0,1
FINNIFTY13FEB2421250CE.NFO,2024-02-01,10:04:00,2024-02-13,41.25,41.25,41.25,41.25,0,0,1
FINNIFTY13FEB2421250CE.NFO,2024-02-01,10:05:00,2024-02-13,41.25,41.25,41.25,41.25,0,0,1
FINNIFTY13FEB2421250CE.NFO,2024-02-01,10:06:00,2024-02-13,41.25,41.25,41.25,41.25,0,0,1
FINNIFTY13FEB2421250CE.NFO,2024-02-01,10:07:00,2024-02-13,41.25,41.25,41.25,41.25,0,0,1
FINNIFTY13FEB2421250CE.NFO,2024-02-01,10:08:00,2024-02-13,41.25,41.25,41.25,41.25,0,0,1
FINNIFTY13FEB2421250CE.NFO,2024-02-01,10:09:00,2024-02-13,41.25,41.25,41.25,41.25,0,0,1
FINNIFTY13FEB2421250CE.NFO,2024-02-01,10:10:00,2024-02-13,41.25,41.25,41.25,41.25,0,0,1
FINNIFTY13FEB2421250CE.NFO,2024-02-01,10:11:00,2024-02-13,41.25,41.25,41.25,41.25,0,0,1
FINNIFTY13FEB2421250CE.NFO,2024-02-01,10:12:00,2024-02-13,41.25,41.25,41.25,41.25,0,0,1
FINNIFTY13FEB2421250CE.NFO,2024-02-01,10:13:00,2024-02-13,41.25,41.25,41.25,41.25,0,0,1
FINNIFTY13FEB2421250CE.NFO,2024-02-01,10:14:00,2024-02-13,41.25,41.25,41.25,41.25,0,0,1
FINNIFTY13FEB2421250CE.NFO,2024-02-01,10:15:00,2024-02-13,41.25,41.25,41.25,41.25,0,0,1
FINNIFTY13FEB2421250CE.NFO,2024-02-01,10:16:00,2024-02-13,41.25,41.25,41.25,41.25,0,0,1
FINNIFTY13FEB2421250CE.NFO,2024-02-01,10:17:00,2024-02-13,41.25,41.25,41.25,41.25,0,0,1
FINNIFTY13FEB2421250CE.NFO,2024-02-01,10:18:00,2024-02-13,41.25,41.25,41.25,41.25,0,0,1
FINNIFTY13FEB2421250CE.NFO,2024-02-01,10:19:00,2024-02-13,41.25,41.25,41.25,41.25,0,0,1
FINNIFTY13FEB2421250CE.NFO,2024-02-01,10:20:00,2024-02-13,41.25,41.25,41.25,41.25,0,0,1
FINNIFTY13FEB2421250CE.NFO,2024-02-01,10:21:00,2024-02-13,41.25,41.25,41.25,41.25,0,0,1
FINNIFTY13FEB2421250CE.NFO,2024-02-01,10:22:00,2024-02-13,41.25,41.25,41.25,41.25,0,0,1
FINNIFTY13FEB2421250CE.NFO,2024-02-01,10:23:00,2024-02-13,41.25,41.25,41.25,41.25,0,0,1
FINNIFTY13FEB2421250CE.NFO,2024-02-01,10:24:00,2024-02-13,41.25,41.25,41.25,41.25,0,0,1
FINNIFTY13FEB2421250CE.NFO,2024-02-01,10:25:00,2024-02-13,41.25,41.25,41.25,41.25,0,0,1
FINNIFTY13FEB2421250CE.NFO,2024-02-01,10:26:00,2024-02-13,41.25,41.25,41.25,41.25,0,0,1
FINNIFTY13FEB2421250CE.NFO,2024-02-01,10:27:00,2024-02-13,41.25,41.25,41.25,41.25,0,0,1
FINNIFTY13FEB2421250CE.NFO,2024-02-01,10:28:00,2024-02-13,41.25,41.25,41.25,41.25,0,0,1
FINNIFTY13FEB2421250CE.NFO,2024-02-01,10:29:00,2024-02-13,41.25,41.25,41.25,41.25,0,0,1
FINNIFTY13FEB2421250CE.NFO,2024-02-01,10:30:00,2024-02-13,41.25,41.25,41.25,41.25,0,0,1
FINNIFTY13FEB2421250CE.NFO,2024-02-01,10:31:00,2024-02-13,41.25,41.25,41.25,41.25,0,0,1
FINNIFTY13FEB2421250CE.NFO,2024-02-01,10:32:00,2024-02-13,41.25,41.25,41.25,41.25,0,0,1
FINNIFTY13FEB2421250CE.NFO,2024-02-01,10:33:00,2024-02-13,41.25,41.25,41.25,41.25,0,0,1
FINNIFTY13FEB2421250CE.NFO,2024-02-01,10:34:00,2024-02-13,41.25,41.25,41.25,41.25,0,0,1
FINNIFTY13FEB2421250CE.NFO,2024-02-01,10:35:00,2024-02-13,41.25,41.25,41.25,41.25,0,0,1
FINNIFTY13FEB2421250CE.NFO,2024-02-01,10:36:00,2024-02-13,41.25,41.25,41.25,41.25,0,0,1
FINNIFTY13FEB2421250CE.NFO,2024-02-01,10:37:00,2024-02-13,41.25,41.25,41.25,41.25,0,0,1
FINNIFTY13FEB2421250CE.NFO,2024-02-01,10:38:00,2024-02-13,41.25,41.25,41.25,41.25,0,0,1
FINNIFTY13FEB2421250CE.NFO,2024-02-01,10:39:00,2024-02-13,41.25,41.25,41.25,41.25,0,0,1
FINNIFTY13FEB2421250CE.NFO,2024-02-01,10:40:00,2024-02-13,41.25,41.25,41.25,41.25,0,0,1
FINNIFTY13FEB2421250CE.NFO,2024-02-01,10:41:00,2024-02-13,41.25,41.25,41.25,41.25,0,0,1
FINNIFTY13FEB2421250CE.NFO,2024-02-01,10:42:00,2024-02-13,41.25,41.25,41.25,41.25,0,0,1
FINNIFTY13FEB2421250CE.NFO,2024-02-01,10:43:00,2024-02-13,41.25,41.25,41.25,41.25,0,0,1
FINNIFTY13FEB2421250CE.NFO,2024-02-01,10:44:00,2024-02-13,41.25,41.25,41.25,41.25,0,0,1
FINNIFTY13FEB2421250CE.NFO,2024-02-01,10:45:00,2024-02-13,41.25,41.25,41.25,41.25,0,0,1
FINNIFTY13FEB2421250CE.NFO,2024-02-01,10:46:00,2024-02-13,41.25,41.25,41.25,41.25,0,0,1
FINNIFTY13FEB2421250CE.NFO,2024-02-01,10:47:00,2024-02-13,41.25,41.25,41.25,41.25,0,0,1
FINNIFTY13FEB2421250CE.NFO,2024-02-01,10:48:00,2024-02-13,41.25,41.25,41.25,41.25,0,0,1
FINNIFTY13FEB2421250CE.NFO,2024-02-01,10:49:00,2024-02-13,41.25,41.25,41.25,41.25,0,0,1
FINNIFTY13FEB2421250CE.NFO,2024-02-01,10:50:00,2024-02-13,41.25,41.25,41.25,41.25,0,0,1
FINNIFTY13FEB2421250CE.NFO,2024-02-01,10:51:00,2024-02-13,41.25,41.25,41.25,41.25,0,0,1
FINNIFTY13FEB2421250CE.NFO,2024-02-01,10:52:00,2024-02-13,41.25,41.25,41.25,41.25,0,0,1
FINNIFTY13FEB2421250CE.NFO,2024-02-01,10:53:00,2024-02-13,41.25,41.25,41.25,41.25,0,0,1
FINNIFTY13FEB2421250CE.NFO,2024-02-01,10:54:00,2024-02-13,41.25,41.25,41.25,41.25,0,0,1
FINNIFTY13FEB2421250CE.NFO,2024-02-01,10:55:00,2024-02-13,41.25,41.25,41.25,41.25,0,0,1
FINNIFTY13FEB2421250CE.NFO,2024-02-01,10:56:00,2024-02-13,41.25,41.25,41.25,41.25,0,0,1
FINNIFTY13FEB2421250CE.NFO,2024-02-01,10:57:00,2024-02-13,41.25,41.25,41.25,41.25,0,0,1
FINNIFTY13FEB2421250CE.NFO,2024-02-01,10:58:00,2024-02-13,41.25,41.25,41.25,41.25,0,0,1
FINNIFTY13FEB2421250CE.NFO,2024-02-01,10:59:00,2024-02-13,41.25,41.25,41.25,41.25,0,0,1
FINNIFTY13FEB2421250CE.NFO,2024-02-01,11:00:00,2024-02-13,41.25,41.25,41.25,41.25,0,0,1
FINNIFTY13FEB2421250CE.NFO,2024-02-01,11:01:00,2024-02-13,41.25,41.25,41.25,41.25,0,0,1
FINNIFTY13FEB2421250CE.NFO,2024-02-01,11:02:00,2024-02-13,41.25,41.25,41.25,41.25,0,0,1
FINNIFTY13FEB2421250CE.NFO,2024-02-01,11:03:00,2024-02-13,41.25,41.25,41.25,41.25,0,0,1
FINNIFTY13FEB2421250CE.NFO,2024-02-01,11:04:00,2024-02-13,41.25,41.25,41.25,41.25,0,0,1
FINNIFTY13FEB2421250CE.NFO,2024-02-01,11:05:00,2024-02-13,41.25,41.25,41.25,41.25,0,0,1
FINNIFTY13FEB2421250CE.NFO,2024-02-01,11:06:00,2024-02-13,41.25,41.25,41.25,41.25,0,0,1
FINNIFTY13FEB2421250CE.NFO,2024-02-01,11:07:00,2024-02-13,41.25,41.25,41.25,41.25,0,0,1
FINNIFTY13FEB2421250CE.NFO,2024-02-01,11:08:00,2024-02-13,41.25,41.25,41.25,41.25,0,0,1
FINNIFTY13FEB2421250CE.NFO,2024-02-01,11:09:00,2024-02-13,41.25,41.25,41.25,41.25,0,0,1
FINNIFTY13FEB2421250CE.NFO,2024-02-01,11:10:00,2024-02-13,41.25,41.25,41.25,41.25,0,0,1
FINNIFTY13FEB2421250CE.NFO,2024-02-01,11:11:00,2024-02-13,41.25,41.25,41.25,41.25,0,0,1
FINNIFTY13FEB2421250CE.NFO,2024-02-01,11:12:00,2024-02-13,41.25,41.25,41.25,41.25,0,0,1
FINNIFTY13FEB2421250CE.NFO,2024-02-01,11:13:00,2024-02-13,41.25,41.25,41.25,41.25,0,0,1
FINNIFTY13FEB2421250CE.NFO,2024-02-01,11:14:00,2024-02-13,41.25,41.25,41.25,41.25,0,0,1
FINNIFTY13FEB2421250CE.NFO,2024-02-01,11:15:00,2024-02-13,41.25,41.25,41.25,41.25,0,0,1
FINNIFTY13FEB2421250CE.NFO,2024-02-01,11:16:00,2024-02-13,41.25,41.25,41.25,41.25,0,0,1
FINNIFTY13FEB2421250CE.NFO,2024-02-01,11:17:00,2024-02-13,41.25,41.25,41.25,41.25,0,0,1
FINNIFTY13FEB2421250CE.NFO,2024-02-01,11:18:00,2024-02-13,41.25,41.25,41.25,41.25,0,0,1
FINNIFTY13FEB2421250CE.NFO,2024-02-01,11:19:00,2024-02-13,41.25,41.25,41.25,41.25,0,0,1
FINNIFTY13FEB2421250CE.NFO,2024-02-01,11:20:00,2024-02-13,41.25,41.25,41.25,41.25,0,0,1
FINNIFTY13FEB2421250CE.NFO,2024-02-01,11:21:00,2024-02-13,41.25,41.25,41.25,41.25,0,0,1
FINNIFTY13FEB2421250CE.NFO,2024-02-01,11:22:00,2024-02-13,41.25,41.25,41.25,41.25,0,0,1
FINNIFTY13FEB2421250CE.NFO,2024-02-01,11:23:00,2024-02-13,41.25,41.25,41.25,41.25,0,0,1
FINNIFTY13FEB2421250CE.NFO,2024-02-01,11:24:00,2024-02-13,41.25,41.25,41.25,41.25,0,0,1
FINNIFTY13FEB2421250CE.NFO,2024-02-01,11:25:00,2024-02-13,41.25,41.25,41.25,41.25,0,0,1
FINNIFTY13FEB2421250CE.NFO,2024-02-01,11:26:00,2024-02-13,41.25,41.25,41.25,41.25,0,0,1
FINNIFTY13FEB2421250CE.NFO,2024-02-01,11:27:00,2024-02-13,41.25,41.25,41.25,41.25,0,0,1
FINNIFTY13FEB2421250CE.NFO,2024-02-01,11:28:00,2024-02-13,41.25,41.25,41.25,41.25,0,0,1
FINNIFTY13FEB2421250CE.NFO,2024-02-01,11:29:00,2024-02-13,41.25,41.25,41.25,41.25,0,0,1
FINNIFTY13FEB2421250CE.NFO,2024-02-01,11:30:00,2024-02-13,41.25,41.25,41.25,41.25,0,0,1
FINNIFTY13FEB2421250CE.NFO,2024-02-01,11:31:00,2024-02-13,41.25,41.25,41.25,41.25,0,0,1
FINNIFTY13FEB2421250CE.NFO,2024-02-01,11:32:00,2024-02-13,41.25,41.25,41.25,41.25,0,0,1
FINNIFTY13FEB2421250CE.NFO,2024-02-01,11:33:00,2024-02-13,41.25,41.25,41.25,41.25,0,0,1
FINNIFTY13FEB2421250CE.NFO,2024-02-01,11:34:00,2024-02-13,41.25,41.25,41.25,41.25,0,0,1
FINNIFTY13FEB2421250CE.NFO,2024-02-01,11:35:00,2024-02-13,41.25,41.25,41.25,41.25,0,0,1
FINNIFTY13FEB2421250CE.NFO,2024-02-01,11:36:00,2024-02-13,41.25,41.25,41.25,41.25,0,0,1
FINNIFTY13FEB2421250CE.NFO,2024-02-01,11:37:00,2024-02-13,41.25,41.25,41.25,41.25,0,0,1
FINNIFTY13FEB2421250CE.NFO,2024-02-01,11:38:00,2024-02-13,41.25,41.25,41.25,41.25,0,0,1
FINNIFTY13FEB2421250CE.NFO,2024-02-01,11:39:00,2024-02-13,41.25,41.25,41.25,41.25,0,0,1
FINNIFTY13FEB2421250CE.NFO,2024-02-01,11:40:00,2024-02-13,41.25,41.25,41.25,41.25,0,0,1
FINNIFTY13FEB2421250CE.NFO,2024-02-01,11:41:00,2024-02-13,41.25,41.25,41.25,41.25,0,0,1
FINNIFTY13FEB2421250CE.NFO,2024-02-01,11:42:00,2024-02-13,41.25,41.25,41.25,41.25,0,0,1
FINNIFTY13FEB2421250CE.NFO,2024-02-01,11:43:00,2024-02-13,41.25,41.25,41.25,41.25,0,0,1
FINNIFTY13FEB2421250CE.NFO,2024-02-01,11:44:00,2024-02-13,41.25,41.25,41.25,41.25,0,0,1
FINNIFTY13FEB2421250CE.NFO,2024-02-01,11:45:00,2024-02-13,41.25,41.25,41.25,41.25,0,0,1
FINNIFTY13FEB2421250CE.NFO,2024-02-01,11:46:00,2024-02-13,41.25,41.25,41.25,41.25,0,0,1
FINNIFTY13FEB2421250CE.NFO,2024-02-01,11:47:00,2024-02-13,41.25,41.25,41.25,41.25,0,0,1
FINNIFTY13FEB2421250CE.NFO,2024-02-01,11:48:00,2024-02-13,41.25,41.25,41.25,41.25,0,0,1
FINNIFTY13FEB2421250CE.NFO,2024-02-01,11:49:00,2024-02-13,41.25,41.25,41.25,41.25,0,0,1
FINNIFTY13FEB2421250CE.NFO,2024-02-01,11:50:00,2024-02-13,41.25,41.25,41.25,41.25,0,0,1
FINNIFTY13FEB2421250CE.NFO,2024-02-01,11:51:00,2024-02-13,41.25,41.25,41.25,41.25,0,0,1
FINNIFTY13FEB2421250CE.NFO,2024-02-01,11:52:00,2024-02-13,41.25,41.25,41.25,41.25,0,0,1
FINNIFTY13FEB2421250CE.NFO,2024-02-01,11:53:00,2024-02-13,41.25,41.25,41.25,41.25,0,0,1
FINNIFTY13FEB2421250CE.NFO,2024-02-01,11:54:00,2024-02-13,41.25,41.25,41.25,41.25,0,0,1
FINNIFTY13FEB2421250CE.NFO,2024-02-01,11:55:00,2024-02-13,41.25,41.25,41.25,41.25,0,0,1
FINNIFTY13FEB2421250CE.NFO,2024-02-01,11:56:00,2024-02-13,41.25,41.25,41.25,41.25,0,0,1
FINNIFTY13FEB2421250CE.NFO,2024-02-01,11:57:00,2024-02-13,41.25,41.25,41.25,41.25,0,0,1
FINNIFTY13FEB2421250CE.NFO,2024-02-01,11:58:00,2024-02-13,41.25,41.25,41.25,41.25,0,0,1
FINNIFTY13FEB2421250CE.NFO,2024-02-01,11:59:00,2024-02-13,41.25,41.25,41.25,41.25,0,0,1
FINNIFTY13FEB2421250CE.NFO,2024-02-01,12:00:00,2024-02-13,41.25,41.25,41.25,41.25,0,0,1
FINNIFTY13FEB2421250CE.NFO,2024-02-01,12:01:00,2024-02-13,41.25,41.25,41.25,41.25,0,0,1
FINNIFTY13FEB2421250CE.NFO,2024-02-01,12:02:00,2024-02-13,41.25,41.25,41.25,41.25,0,0,1
FINNIFTY13FEB2421250CE.NFO,2024-02-01,12:03:00,2024-02-13,41.25,41.25,41.25,41.25,0,0,1
FINNIFTY13FEB2421250CE.NFO,2024-02-01,12:04:00,2024-02-13,41.25,41.25,41.25,41.25,0,0,1
FINNIFTY13FEB2421250CE.NFO,2024-02-01,12:05:00,2024-02-13,41.25,41.25,41.25,41.25,0,0,1
FINNIFTY13FEB2421250CE.NFO,2024-02-01,12:06:00,2024-02-13,41.25,41.25,41.25,41.25,0,0,1
FINNIFTY13FEB2421250CE.NFO,2024-02-01,12:07:00,2024-02-13,41.25,41.25,41.25,41.25,0,0,1
FINNIFTY13FEB2421250CE.NFO,2024-02-01,12:08:00,2024-02-13,41.25,41.25,41.25,41.25,0,0,1
FINNIFTY13FEB2421250CE.NFO,2024-02-01,12:09:00,2024-02-13,41.25,41.25,41.25,41.25,0,0,1
FINNIFTY13FEB2421250CE.NFO,2024-02-01,12:10:00,2024-02-13,41.25,41.25,41.25,41.25,0,0,1
FINNIFTY13FEB2421250CE.NFO,2024-02-01,12:11:00,2024-02-13,41.25,41.25,41.25,41.25,0,0,1
FINNIFTY13FEB2421250CE.NFO,2024-02-01,12:12:00,2024-02-13,41.25,41.25,41.25,41.25,0,0,1
FINNIFTY13FEB2421250CE.NFO,2024-02-01,12:13:00,2024-02-13,41.25,41.25,41.25,41.25,0,0,1
FINNIFTY13FEB2421250CE.NFO,2024-02-01,12:14:00,2024-02-13,41.25,41.25,41.25,41.25,0,0,1
FINNIFTY13FEB2421250CE.NFO,2024-02-01,12:15:00,2024-02-13,41.25,41.25,41.25,41.25,0,0,1
FINNIFTY13FEB2421250CE.NFO,2024-02-01,12:16:00,2024-02-13,41.25,41.25,41.25,41.25,0,0,1
FINNIFTY13FEB2421250CE.NFO,2024-02-01,12:17:00,2024-02-13,41.25,41.25,41.25,41.25,0,0,1
FINNIFTY13FEB2421250CE.NFO,2024-02-01,12:18:00,2024-02-13,41.25,41.25,41.25,41.25,0,0,1
FINNIFTY13FEB2421250CE.NFO,2024-02-01,12:19:00,2024-02-13,41.25,41.25,41.25,41.25,0,0,1
FINNIFTY13FEB2421250CE.NFO,2024-02-01,12:20:00,2024-02-13,41.25,41.25,41.25,41.25,0,0,1
FINNIFTY13FEB2421250CE.NFO,2024-02-01,12:21:00,2024-02-13,41.25,41.25,41.25,41.25,0,0,1
FINNIFTY13FEB2421250CE.NFO,2024-02-01,12:22:00,2024-02-13,41.25,41.25,41.25,41.25,0,0,1
FINNIFTY13FEB2421250CE.NFO,2024-02-01,12:23:00,2024-02-13,41.25,41.25,41.25,41.25,0,0,1
FINNIFTY13FEB2421250CE.NFO,2024-02-01,12:24:00,2024-02-13,41.25,41.25,41.25,41.25,0,0,1
FINNIFTY13FEB2421250CE.NFO,2024-02-01,12:25:00,2024-02-13,41.25,41.25,41.25,41.25,0,0,1
FINNIFTY13FEB2421250CE.NFO,2024-02-01,12:26:00,2024-02-13,41.25,41.25,41.25,41.25,0,0,1
FINNIFTY13FEB2421250CE.NFO,2024-02-01,12:27:00,2024-02-13,41.25,41.25,41.25,41.25,0,0,1
FINNIFTY13FEB2421250CE.NFO,2024-02-01,12:28:00,2024-02-13,41.25,41.25,41.25,41.25,0,0,1
FINNIFTY13FEB2421250CE.NFO,2024-02-01,12:29:00,2024-02-13,41.25,41.25,41.25,41.25,0,0,1
FINNIFTY13FEB2421250CE.NFO,2024-02-01,12:30:00,2024-02-13,41.25,41.25,41.25,41.25,0,0,1
FINNIFTY13FEB2421250CE.NFO,2024-02-01,12:31:00,2024-02-13,41.25,41.25,41.25,41.25,0,0,1
FINNIFTY13FEB2421250CE.NFO,2024-02-01,12:32:00,2024-02-13,41.25,41.25,41.25,41.25,0,0,1
FINNIFTY13FEB2421250CE.NFO,2024-02-01,12:33:00,2024-02-13,41.25,41.25,41.25,41.25,0,0,1
FINNIFTY13FEB2421250CE.NFO,2024-02-01,12:34:00,2024-02-13,41.25,41.25,41.25,41.25,0,0,1
FINNIFTY13FEB2421250CE.NFO,2024-02-01,12:35:00,2024-02-13,41.25,41.25,41.25,41.25,0,0,1
FINNIFTY13FEB2421250CE.NFO,2024-02-01,12:36:00,2024-02-13,41.25,41.25,41.25,41.25,0,0,1
FINNIFTY13FEB2421250CE.NFO,2024-02-01,12:37:00,2024-02-13,41.25,41.25,41.25,41.25,0,0,1
FINNIFTY13FEB2421250CE.NFO,2024-02-01,12:38:00,2024-02-13,41.25,41.25,41.25,41.25,0,0,1
FINNIFTY13FEB2421250CE.NFO,2024-02-01,12:39:00,2024-02-13,41.25,41.25,41.25,41.25,0,0,1
FINNIFTY13FEB2421250CE.NFO,2024-02-01,12:40:00,2024-02-13,41.25,41.25,41.25,41.25,0,0,1
FINNIFTY13FEB2421250CE.NFO,2024-02-01,12:41:00,2024-02-13,41.25,41.25,41.25,41.25,0,0,1
FINNIFTY13FEB2421250CE.NFO,2024-02-01,12:42:00,2024-02-13,41.25,41.25,41.25,41.25,0,0,1
FINNIFTY13FEB2421250CE.NFO,2024-02-01,12:43:00,2024-02-13,41.25,41.25,41.25,41.25,0,0,1
FINNIFTY13FEB2421250CE.NFO,2024-02-01,12:44:00,2024-02-13,41.25,41.25,41.25,41.25,0,0,1
FINNIFTY13FEB2421250CE.NFO,2024-02-01,12:45:00,2024-02-13,41.25,41.25,41.25,41.25,0,0,1
FINNIFTY13FEB2421250CE.NFO,2024-02-01,12:46:00,2024-02-13,41.25,41.25,41.25,41.25,0,0,1
FINNIFTY13FEB2421250CE.NFO,2024-02-01,12:47:00,2024-02-13,41.25,41.25,41.25,41.25,0,0,1
FINNIFTY13FEB2421250CE.NFO,2024-02-01,12:48:00,2024-02-13,41.25,41.25,41.25,41.25,0,0,1
FINNIFTY13FEB2421250CE.NFO,2024-02-01,12:49:00,2024-02-13,41.25,41.25,41.25,41.25,0,0,1
FINNIFTY13FEB2421250CE.NFO,2024-02-01,12:50:00,2024-02-13,41.25,41.25,41.25,41.25,0,0,1
FINNIFTY13FEB2421250CE.NFO,2024-02-01,12:51:00,2024-02-13,41.25,41.25,41.25,41.25,0,0,1
FINNIFTY13FEB2421250CE.NFO,2024-02-01,12:52:00,2024-02-13,41.25,41.25,41.25,41.25,0,0,1
FINNIFTY13FEB2421250CE.NFO,2024-02-01,12:53:00,2024-02-13,41.25,41.25,41.25,41.25,0,0,1
FINNIFTY13FEB2421250CE.NFO,2024-02-01,12:54:00,2024-02-13,41.25,41.25,41.25,41.25,0,0,1
FINNIFTY13FEB2421250CE.NFO,2024-02-01,12:55:00,2024-02-13,41.25,41.25,41.25,41.25,0,0,1
FINNIFTY13FEB2421250CE.NFO,2024-02-01,12:56:00,2024-02-13,41.25,41.25,41.25,41.25,0,0,1
FINNIFTY13FEB2421250CE.NFO,2024-02-01,12:57:00,2024-02-13,41.25,41.25,41.25,41.25,0,0,1
FINNIFTY13FEB2421250CE.NFO,2024-02-01,12:58:00,2024-02-13,41.25,41.25,41.25,41.25,0,0,1
FINNIFTY13FEB2421250CE.NFO,2024-02-01,12:59:00,2024-02-13,41.25,41.25,41.25,41.25,0,0,1
FINNIFTY13FEB2421250CE.NFO,2024-02-01,13:00:00,2024-02-13,41.25,41.25,41.25,41.25,0,0,1
FINNIFTY13FEB2421250CE.NFO,2024-02-01,13:01:00,2024-02-13,41.25,41.25,41.25,41.25,0,0,1
FINNIFTY13FEB2421250CE.NFO,2024-02-01,13:02:00,2024-02-13,41.25,41.25,41.25,41.25,0,0,1
FINNIFTY13FEB2421250CE.NFO,2024-02-01,13:03:00,2024-02-13,41.25,41.25,41.25,41.25,0,0,1
FINNIFTY13FEB2421250CE.NFO,2024-02-01,13:04:00,2024-02-13,41.25,41.25,41.25,41.25,0,0,1
FINNIFTY13FEB2421250CE.NFO,2024-02-01,13:05:00,2024-02-13,41.25,41.25,41.25,41.25,0,0,1
FINNIFTY13FEB2421250CE.NFO,2024-02-01,13:06:00,2024-02-13,41.25,41.25,41.25,41.25,0,0,1
FINNIFTY13FEB2421250CE.NFO,2024-02-01,13:07:00,2024-02-13,41.25,41.25,41.25,41.25,0,0,1
FINNIFTY13FEB2421250CE.NFO,2024-02-01,13:08:00,2024-02-13,41.25,41.25,41.25,41.25,0,0,1
FINNIFTY13FEB2421250CE.NFO,2024-02-01,13:09:00,2024-02-13,41.25,41.25,41.25,41.25,0,0,1
FINNIFTY13FEB2421250CE.NFO,2024-02-01,13:10:00,2024-02-13,41.25,41.25,41.25,41.25,0,0,1
FINNIFTY13FEB2421250CE.NFO,2024-02-01,13:11:00,2024-02-13,41.25,41.25,41.25,41.25,0,0,1
FINNIFTY13FEB2421250CE.NFO,2024-02-01,13:12:00,2024-02-13,41.25,41.25,41.25,41.25,0,0,1
FINNIFTY13FEB2421250CE.NFO,2024-02-01,13:13:00,2024-02-13,41.25,41.25,41.25,41.25,0,0,1
FINNIFTY13FEB2421250CE.NFO,2024-02-01,13:14:00,2024-02-13,41.25,41.25,41.25,41.25,0,0,1
FINNIFTY13FEB2421250CE.NFO,2024-02-01,13:15:00,2024-02-13,41.25,41.25,41.25,41.25,0,0,1
FINNIFTY13FEB2421250CE.NFO,2024-02-01,13:16:00,2024-02-13,41.25,41.25,41.25,41.25,0,0,1
FINNIFTY13FEB2421250CE.NFO,2024-02-01,13:17:00,2024-02-13,41.25,41.25,41.25,41.25,0,0,1
FINNIFTY13FEB2421250CE.NFO,2024-02-01,13:18:00,2024-02-13,41.25,41.25,41.25,41.25,0,0,1
FINNIFTY13FEB2421250CE.NFO,2024-02-01,13:19:00,2024-02-13,41.25,41.25,41.25,41.25,0,0,1
FINNIFTY13FEB2421250CE.NFO,2024-02-01,13:20:00,2024-02-13,41.25,41.25,41.25,41.25,0,0,1
FINNIFTY13FEB2421250CE.NFO,2024-02-01,13:21:00,2024-02-13,41.25,41.25,41.25,41.25,0,0,1
FINNIFTY13FEB2421250CE.NFO,2024-02-01,13:22:00,2024-02-13,41.25,41.25,41.25,41.25,0,0,1
FINNIFTY13FEB2421250CE.NFO,2024-02-01,13:23:00,2024-02-13,41.25,41.25,41.25,41.25,0,0,1
FINNIFTY13FEB2421250CE.NFO,2024-02-01,13:24:00,2024-02-13,41.25,41.25,41.25,41.25,0,0,1
FINNIFTY13FEB2421250CE.NFO,2024-02-01,13:25:00,2024-02-13,41.25,41.25,41.25,41.25,0,0,1
FINNIFTY13FEB2421250CE.NFO,2024-02-01,13:26:00,2024-02-13,41.25,41.25,41.25,41.25,0,0,1
FINNIFTY13FEB2421250CE.NFO,2024-02-01,13:27:00,2024-02-13,41.25,41.25,41.25,41.25,0,0,1
FINNIFTY13FEB2421250CE.NFO,2024-02-01,13:28:00,2024-02-13,41.25,41.25,41.25,41.25,0,0,1
FINNIFTY13FEB2421250CE.NFO,2024-02-01,13:29:00,2024-02-13,41.25,41.25,41.25,41.25,0,0,1
FINNIFTY13FEB2421250CE.NFO,2024-02-01,13:30:00,2024-02-13,41.25,41.25,41.25,41.25,0,0,1
FINNIFTY13FEB2421250CE.NFO,2024-02-01,13:31:00,2024-02-13,41.25,41.25,41.25,41.25,0,0,1
FINNIFTY13FEB2421250CE.NFO,2024-02-01,13:32:00,2024-02-13,41.25,41.25,41.25,41.25,0,0,1
FINNIFTY13FEB2421250CE.NFO,2024-02-01,13:33:00,2024-02-13,41.25,41.25,41.25,41.25,0,0,1
FINNIFTY13FEB2421250CE.NFO,2024-02-01,13:34:00,2024-02-13,41.25,41.25,41.25,41.25,0,0,1
FINNIFTY13FEB2421250CE.NFO,2024-02-01,13:35:00,2024-02-13,41.25,41.25,41.25,41.25,0,0,1
FINNIFTY13FEB2421250CE.NFO,2024-02-01,13:36:00,2024-02-13,41.25,41.25,41.25,41.25,0,0,1
FINNIFTY13FEB2421250CE.NFO,2024-02-01,13:37:00,2024-02-13,41.25,41.25,41.25,41.25,0,0,1
FINNIFTY13FEB2421250CE.NFO,2024-02-01,13:38:00,2024-02-13,41.25,41.25,41.25,41.25,0,0,1
FINNIFTY13FEB2421250CE.NFO,2024-02-01,13:39:00,2024-02-13,41.25,41.25,41.25,41.25,0,0,1
FINNIFTY13FEB2421250CE.NFO,2024-02-01,13:40:00,2024-02-13,41.25,41.25,41.25,41.25,0,0,1
FINNIFTY13FEB2421250CE.NFO,2024-02-01,13:41:00,2024-02-13,41.25,41.25,41.25,41.25,0,0,1
FINNIFTY13FEB2421250CE.NFO,2024-02-01,13:42:00,2024-02-13,41.25,41.25,41.25,41.25,0,0,1
FINNIFTY13FEB2421250CE.NFO,2024-02-01,13:43:00,2024-02-13,41.25,41.25,41.25,41.25,0,0,1
FINNIFTY13FEB2421250CE.NFO,2024-02-01,13:44:00,2024-02-13,41.25,41.25,41.25,41.25,0,0,1
FINNIFTY13FEB2421250CE.NFO,2024-02-01,13:45:00,2024-02-13,41.25,41.25,41.25,41.25,0,0,1
FINNIFTY13FEB2421250CE.NFO,2024-02-01,13:46:00,2024-02-13,41.25,41.25,41.25,41.25,0,0,1
FINNIFTY13FEB2421250CE.NFO,2024-02-01,13:47:00,2024-02-13,41.25,41.25,41.25,41.25,0,0,1
FINNIFTY13FEB2421250CE.NFO,2024-02-01,13:48:00,2024-02-13,41.25,41.25,41.25,41.25,0,0,1
FINNIFTY13FEB2421250CE.NFO,2024-02-01,13:49:00,2024-02-13,41.25,41.25,41.25,41.25,0,0,1
FINNIFTY13FEB2421250CE.NFO,2024-02-01,13:50:00,2024-02-13,41.25,41.25,41.25,41.25,0,0,1
FINNIFTY13FEB2421250CE.NFO,2024-02-01,13:51:00,2024-02-13,41.25,41.25,41.25,41.25,0,0,1
FINNIFTY13FEB2421250CE.NFO,2024-02-01,13:52:00,2024-02-13,41.25,41.25,41.25,41.25,0,0,1
FINNIFTY13FEB2421250CE.NFO,2024-02-01,13:53:00,2024-02-13,41.25,41.25,41.25,41.25,0,0,1
FINNIFTY13FEB2421250CE.NFO,2024-02-01,13:54:00,2024-02-13,41.25,41.25,41.25,41.25,0,0,1
FINNIFTY13FEB2421250CE.NFO,2024-02-01,13:55:00,2024-02-13,41.25,41.25,41.25,41.25,0,0,1
FINNIFTY13FEB2421250CE.NFO,2024-02-01,13:56:00,2024-02-13,41.25,41.25,41.25,41.25,0,0,1
FINNIFTY13FEB2421250CE.NFO,2024-02-01,13:57:00,2024-02-13,41.25,41.25,41.25,41.25,0,0,1
FINNIFTY13FEB2421250CE.NFO,2024-02-01,13:58:00,2024-02-13,41.25,41.25,41.25,41.25,0,0,1
FINNIFTY13FEB2421250CE.NFO,2024-02-01,13:59:00,2024-02-13,41.25,41.25,41.25,41.25,0,0,1
FINNIFTY13FEB2421250CE.NFO,2024-02-01,14:00:00,2024-02-13,41.25,41.25,41.25,41.25,0,0,1
FINNIFTY13FEB2421250CE.NFO,2024-02-01,14:01:00,2024-02-13,41.25,41.25,41.25,41.25,0,0,1
FINNIFTY13FEB2421250CE.NFO,2024-02-01,14:02:00,2024-02-13,41.25,41.25,41.25,41.25,0,0,1
FINNIFTY13FEB2421250CE.NFO,2024-02-01,14:03:00,2024-02-13,41.25,41.25,41.25,41.25,0,0,1
FINNIFTY13FEB2421250CE.NFO,2024-02-01,14:04:00,2024-02-13,41.25,41.25,41.25,41.25,0,0,1
FINNIFTY13FEB2421250CE.NFO,2024-02-01,14:05:00,2024-02-13,41.25,41.25,41.25,41.25,0,0,1
FINNIFTY13FEB2421250CE.NFO,2024-02-01,14:06:00,2024-02-13,41.25,41.25,41.25,41.25,0,0,1
FINNIFTY13FEB2421250CE.NFO,2024-02-01,14:07:00,2024-02-13,41.25,41.25,41.25,41.25,0,0,1
FINNIFTY13FEB2421250CE.NFO,2024-02-01,14:08:00,2024-02-13,41.25,41.25,41.25,41.25,0,0,1
FINNIFTY13FEB2421250CE.NFO,2024-02-01,14:09:00,2024-02-13,41.25,41.25,41.25,41.25,0,0,1
FINNIFTY13FEB2421250CE.NFO,2024-02-01,14:10:00,2024-02-13,41.25,41.25,41.25,41.25,0,0,1
FINNIFTY13FEB2421250CE.NFO,2024-02-01,14:11:00,2024-02-13,41.25,41.25,41.25,41.25,0,0,1
FINNIFTY13FEB2421250CE.NFO,2024-02-01,14:12:00,2024-02-13,41.25,41.25,41.25,41.25,0,0,1
FINNIFTY13FEB2421250CE.NFO,2024-02-01,14:13:00,2024-02-13,41.25,41.25,41.25,41.25,0,0,1
FINNIFTY13FEB2421250CE.NFO,2024-02-01,14:14:00,2024-02-13,41.25,41.25,41.25,41.25,0,0,1
FINNIFTY13FEB2421250CE.NFO,2024-02-01,14:15:00,2024-02-13,41.25,41.25,41.25,41.25,0,0,1
FINNIFTY13FEB2421250CE.NFO,2024-02-01,14:16:00,2024-02-13,41.25,41.25,41.25,41.25,0,0,1
FINNIFTY13FEB2421250CE.NFO,2024-02-01,14:17:00,2024-02-13,41.25,41.25,41.25,41.25,0,0,1
FINNIFTY13FEB2421250CE.NFO,2024-02-01,14:18:00,2024-02-13,41.25,41.25,41.25,41.25,0,0,1
FINNIFTY13FEB2421250CE.NFO,2024-02-01,14:19:00,2024-02-13,41.25,41.25,41.25,41.25,0,0,1
FINNIFTY13FEB2421250CE.NFO,2024-02-01,14:20:00,2024-02-13,41.25,41.25,41.25,41.25,0,0,1
FINNIFTY13FEB2421250CE.NFO,2024-02-01,14:21:00,2024-02-13,41.25,41.25,41.25,41.25,0,0,0
FINNIFTY13FEB2421250CE.NFO,2024-02-01,14:22:00,2024-02-13,41.25,41.25,41.25,41.25,0,0,1
FINNIFTY13FEB2421250CE.NFO,2024-02-01,14:23:00,2024-02-13,41.25,41.25,41.25,41.25,0,0,0
FINNIFTY13FEB2421250CE.NFO,2024-02-01,14:24:00,2024-02-13,41.25,41.25,41.25,41.25,0,0,1
FINNIFTY13FEB2421250CE.NFO,2024-02-01,14:25:00,2024-02-13,41.25,41.25,41.25,41.25,0,0,1
FINNIFTY13FEB2421250CE.NFO,2024-02-01,14:26:00,2024-02-13,41.25,41.25,41.25,41.25,0,0,1
FINNIFTY13FEB2421250CE.NFO,2024-02-01,14:27:00,2024-02-13,41.25,41.25,41.25,41.25,0,0,1
FINNIFTY13FEB2421250CE.NFO,2024-02-01,14:28:00,2024-02-13,41.25,41.25,41.25,41.25,0,0,1
FINNIFTY13FEB2421250CE.NFO,2024-02-01,14:29:00,2024-02-13,41.25,41.25,41.25,41.25,0,0,1
FINNIFTY13FEB2421250CE.NFO,2024-02-01,14:30:00,2024-02-13,41.25,41.25,41.25,41.25,0,0,0
FINNIFTY13FEB2421250CE.NFO,2024-02-01,14:31:00,2024-02-13,41.25,41.25,41.25,41.25,0,0,1
FINNIFTY13FEB2421250CE.NFO,2024-02-01,14:32:00,2024-02-13,41.25,41.25,41.25,41.25,0,0,1
FINNIFTY13FEB2421250CE.NFO,2024-02-01,14:33:00,2024-02-13,41.25,41.25,41.25,41.25,0,0,1
FINNIFTY13FEB2421250CE.NFO,2024-02-01,14:34:00,2024-02-13,41.25,41.25,41.25,41.25,0,0,1
FINNIFTY13FEB2421250CE.NFO,2024-02-01,14:35:00,2024-02-13,41.25,41.25,41.25,41.25,0,0,1
FINNIFTY13FEB2421250CE.NFO,2024-02-01,14:36:00,2024-02-13,41.25,41.25,41.25,41.25,0,0,0
FINNIFTY13FEB2421250CE.NFO,2024-02-01,14:37:00,2024-02-13,41.25,41.25,41.25,41.25,0,0,1
FINNIFTY13FEB2421250CE.NFO,2024-02-01,14:38:00,2024-02-13,41.25,41.25,41.25,41.25,0,0,1
FINNIFTY13FEB2421250CE.NFO,2024-02-01,14:39:00,2024-02-13,41.25,41.25,41.25,41.25,0,0,1
FINNIFTY13FEB2421250CE.NFO,2024-02-01,14:40:00,2024-02-13,41.25,41.25,41.25,41.25,0,0,1
FINNIFTY13FEB2421250CE.NFO,2024-02-01,14:41:00,2024-02-13,41.25,41.25,41.25,41.25,40,40,0
FINNIFTY13FEB2421250CE.NFO,2024-02-01,14:42:00,2024-02-13,41.25,41.25,41.25,41.25,0,40,0
FINNIFTY13FEB2421250CE.NFO,2024-02-01,14:43:00,2024-02-13,41.25,41.25,41.25,41.25,0,40,0
FINNIFTY13FEB2421250CE.NFO,2024-02-01,14:44:00,2024-02-13,41.25,41.25,41.25,41.25,0,40,0
FINNIFTY13FEB2421250CE.NFO,2024-02-01,14:45:00,2024-02-13,41.25,41.25,41.25,41.25,0,40,0
FINNIFTY13FEB2421250CE.NFO,2024-02-01,14:46:00,2024-02-13,41.25,41.25,41.25,41.25,0,40,0
FINNIFTY13FEB2421250CE.NFO,2024-02-01,14:47:00,2024-02-13,41.25,41.25,41.25,41.25,0,40,0
FINNIFTY13FEB2421250CE.NFO,2024-02-01,14:48:00,2024-02-13,41.25,41.25,41.25,41.25,0,40,0
FINNIFTY13FEB2421250CE.NFO,2024-02-01,14:49:00,2024-02-13,41.25,41.25,41.25,41.25,0,40,0
FINNIFTY13FEB2421250CE.NFO,2024-02-01,14:50:00,2024-02-13,41.25,41.25,41.25,41.25,0,40,0
FINNIFTY13FEB2421250CE.NFO,2024-02-01,14:51:00,2024-02-13,41.25,41.25,41.25,41.25,0,40,0
FINNIFTY13FEB2421250CE.NFO,2024-02-01,14:52:00,2024-02-13,41.25,41.25,41.25,41.25,0,40,1
FINNIFTY13FEB2421250CE.NFO,2024-02-01,14:53:00,2024-02-13,41.25,41.25,41.25,41.25,0,40,0
FINNIFTY13FEB2421250CE.NFO,2024-02-01,14:54:00,2024-02-13,41.25,41.25,41.25,41.25,0,40,0
FINNIFTY13FEB2421250CE.NFO,2024-02-01,14:55:00,2024-02-13,41.25,41.25,41.25,41.25,0,40,0
FINNIFTY13FEB2421250CE.NFO,2024-02-01,14:56:00,2024-02-13,41.25,41.25,41.25,41.25,0,40,0
FINNIFTY13FEB2421250CE.NFO,2024-02-01,14:57:00,2024-02-13,41.25,41.25,41.25,41.25,0,40,0
FINNIFTY13FEB2421250CE.NFO,2024-02-01,14:58:00,2024-02-13,41.25,41.25,41.25,41.25,0,40,0
FINNIFTY13FEB2421250CE.NFO,2024-02-01,14:59:00,2024-02-13,41.25,41.25,41.25,41.25,0,40,1
FINNIFTY13FEB2421250CE.NFO,2024-02-01,15:00:00,2024-02-13,41.25,41.25,41.25,41.25,0,40,1
FINNIFTY13FEB2421250CE.NFO,2024-02-01,15:01:00,2024-02-13,41.25,41.25,41.25,41.25,0,40,1
FINNIFTY13FEB2421250CE.NFO,2024-02-01,15:02:00,2024-02-13,41.25,41.25,41.25,41.25,0,40,1
FINNIFTY13FEB2421250CE.NFO,2024-02-01,15:03:00,2024-02-13,41.25,41.25,41.25,41.25,0,40,1
FINNIFTY13FEB2421250CE.NFO,2024-02-01,15:04:00,2024-02-13,41.25,41.25,41.25,41.25,0,40,1
FINNIFTY13FEB2421250CE.NFO,2024-02-01,15:05:00,2024-02-13,41.25,41.25,41.25,41.25,0,40,1
FINNIFTY13FEB2421250CE.NFO,2024-02-01,15:06:00,2024-02-13,41.25,41.25,41.25,41.25,0,40,1
FINNIFTY13FEB2421250CE.NFO,2024-02-01,15:07:00,2024-02-13,41.25,41.25,41.25,41.25,0,40,1
FINNIFTY13FEB2421250CE.NFO,2024-02-01,15:08:00,2024-02-13,41.25,41.25,41.25,41.25,0,40,1
FINNIFTY13FEB2421250CE.NFO,2024-02-01,15:09:00,2024-02-13,41.25,41.25,41.25,41.25,0,40,1
FINNIFTY13FEB2421250CE.NFO,2024-02-01,15:10:00,2024-02-13,41.25,41.25,41.25,41.25,0,40,1
FINNIFTY13FEB2421250CE.NFO,2024-02-01,15:11:00,2024-02-13,41.25,41.25,41.25,41.25,0,40,1
FINNIFTY13FEB2421250CE.NFO,2024-02-01,15:12:00,2024-02-13,41.25,41.25,41.25,41.25,0,40,0
FINNIFTY13FEB2421250CE.NFO,2024-02-01,15:13:00,2024-02-13,41.25,41.25,41.25,41.25,0,40,1
FINNIFTY13FEB2421250CE.NFO,2024-02-01,15:14:00,2024-02-13,41.25,41.25,41.25,41.25,0,40,1
FINNIFTY13FEB2421250CE.NFO,2024-02-01,15:15:00,2024-02-13,41.25,41.25,41.25,41.25,0,40,1
FINNIFTY13FEB2421250CE.NFO,2024-02-01,15:16:00,2024-02-13,41.25,41.25,41.25,41.25,0,40,1
FINNIFTY13FEB2421250CE.NFO,2024-02-01,15:17:00,2024-02-13,41.25,41.25,41.25,41.25,0,40,1
FINNIFTY13FEB2421250CE.NFO,2024-02-01,15:18:00,2024-02-13,41.25,41.25,41.25,41.25,0,40,1
FINNIFTY13FEB2421250CE.NFO,2024-02-01,15:19:00,2024-02-13,41.25,41.25,41.25,41.25,0,40,1
FINNIFTY13FEB2421250CE.NFO,2024-02-01,15:20:00,2024-02-13,41.25,41.25,41.25,41.25,0,40,1
FINNIFTY13FEB2421250CE.NFO,2024-02-01,15:21:00,2024-02-13,41.25,41.25,41.25,41.25,0,40,1
FINNIFTY13FEB2421250CE.NFO,2024-02-01,15:22:00,2024-02-13,41.25,41.25,41.25,41.25,0,40,1
FINNIFTY13FEB2421250CE.NFO,2024-02-01,15:23:00,2024-02-13,41.25,41.25,41.25,41.25,0,40,1
FINNIFTY13FEB2421250CE.NFO,2024-02-01,15:24:00,2024-02-13,41.25,41.25,41.25,41.25,0,40,1
FINNIFTY13FEB2421250CE.NFO,2024-02-01,15:25:00,2024-02-13,41.25,41.25,41.25,41.25,0,40,1
FINNIFTY13FEB2421250CE.NFO,2024-02-01,15:26:00,2024-02-13,41.25,41.25,41.25,41.25,0,40,0
FINNIFTY13FEB2421250CE.NFO,2024-02-01,15:27:00,2024-02-13,41.25,41.25,41.25,41.25,0,40,0
FINNIFTY13FEB2421250CE.NFO,2024-02-01,15:28:00,2024-02-13,41.25,41.25,41.25,41.25,0,40,0
FINNIFTY13FEB2421250CE.NFO,2024-02-01,15:29:00,2024-02-13,41.25,41.25,41.25,41.25,0,40,0
FINNIFTY13FEB2421250CE.NFO,2024-02-01,15:30:00,2024-02-13,41.25,41.25,41.25,41.25,0,40,1
FINNIFTY13FEB2421250CE.NFO,2024-02-02,09:15:00,2024-02-13,60.0,60.0,60.0,60.0,0,80,1
FINNIFTY13FEB2421250CE.NFO,2024-02-02,09:16:00,2024-02-13,60.0,60.0,60.0,60.0,0,80,1
FINNIFTY13FEB2421250CE.NFO,2024-02-02,09:17:00,2024-02-13,60.0,60.0,60.0,60.0,0,80,1
FINNIFTY13FEB2421250CE.NFO,2024-02-02,09:18:00,2024-02-13,60.0,60.0,60.0,60.0,0,80,1
FINNIFTY13FEB2421250CE.NFO,2024-02-02,09:19:00,2024-02-13,60.0,60.0,60.0,60.0,0,80,1
FINNIFTY13FEB2421250CE.NFO,2024-02-02,09:20:00,2024-02-13,60.0,60.0,60.0,60.0,0,80,1
FINNIFTY13FEB2421250CE.NFO,2024-02-02,09:21:00,2024-02-13,60.0,60.0,60.0,60.0,0,80,1
FINNIFTY13FEB2421250CE.NFO,2024-02-02,09:22:00,2024-02-13,60.0,60.0,60.0,60.0,0,80,1
FINNIFTY13FEB2421250CE.NFO,2024-02-02,09:23:00,2024-02-13,60.0,60.0,60.0,60.0,0,80,1
FINNIFTY13FEB2421250CE.NFO,2024-02-02,09:24:00,2024-02-13,60.0,60.0,60.0,60.0,0,80,1
FINNIFTY13FEB2421250CE.NFO,2024-02-02,09:25:00,2024-02-13,60.0,60.0,60.0,60.0,0,80,1
FINNIFTY13FEB2421250CE.NFO,2024-02-02,09:26:00,2024-02-13,60.0,60.0,60.0,60.0,0,80,1
FINNIFTY13FEB2421250CE.NFO,2024-02-02,09:27:00,2024-02-13,60.0,60.0,60.0,60.0,0,80,1
FINNIFTY13FEB2421250CE.NFO,2024-02-02,09:28:00,2024-02-13,60.0,60.0,60.0,60.0,0,80,1
FINNIFTY13FEB2421250CE.NFO,2024-02-02,09:29:00,2024-02-13,60.0,60.0,60.0,60.0,0,80,1
FINNIFTY13FEB2421250CE.NFO,2024-02-02,09:30:00,2024-02-13,60.0,60.0,60.0,60.0,0,80,1
FINNIFTY13FEB2421250CE.NFO,2024-02-02,09:31:00,2024-02-13,60.0,60.0,60.0,60.0,0,80,1
FINNIFTY13FEB2421250CE.NFO,2024-02-02,09:32:00,2024-02-13,60.0,60.0,60.0,60.0,0,80,1
FINNIFTY13FEB2421250CE.NFO,2024-02-02,09:33:00,2024-02-13,60.0,60.0,60.0,60.0,0,80,1
FINNIFTY13FEB2421250CE.NFO,2024-02-02,09:34:00,2024-02-13,60.0,60.0,60.0,60.0,0,80,1
FINNIFTY13FEB2421250CE.NFO,2024-02-02,09:35:00,2024-02-13,60.0,60.0,60.0,60.0,0,80,1
FINNIFTY13FEB2421250CE.NFO,2024-02-02,09:36:00,2024-02-13,60.0,60.0,60.0,60.0,0,80,1
FINNIFTY13FEB2421250CE.NFO,2024-02-02,09:37:00,2024-02-13,60.0,60.0,60.0,60.0,0,80,1
FINNIFTY13FEB2421250CE.NFO,2024-02-02,09:38:00,2024-02-13,60.0,60.0,60.0,60.0,0,80,1
FINNIFTY13FEB2421250CE.NFO,2024-02-02,09:39:00,2024-02-13,60.0,60.0,60.0,60.0,0,80,1
FINNIFTY13FEB2421250CE.NFO,2024-02-02,09:40:00,2024-02-13,60.0,60.0,60.0,60.0,0,80,1
FINNIFTY13FEB2421250CE.NFO,2024-02-02,09:41:00,2024-02-13,60.0,60.0,60.0,60.0,0,80,1
FINNIFTY13FEB2421250CE.NFO,2024-02-02,09:42:00,2024-02-13,60.0,60.0,60.0,60.0,0,80,1
FINNIFTY13FEB2421250CE.NFO,2024-02-02,09:43:00,2024-02-13,60.0,60.0,60.0,60.0,0,80,1
FINNIFTY13FEB2421250CE.NFO,2024-02-02,09:44:00,2024-02-13,60.0,60.0,60.0,60.0,0,80,1
FINNIFTY13FEB2421250CE.NFO,2024-02-02,09:45:00,2024-02-13,60.0,60.0,60.0,60.0,0,80,1
FINNIFTY13FEB2421250CE.NFO,2024-02-02,09:46:00,2024-02-13,60.0,60.0,60.0,60.0,0,80,1
FINNIFTY13FEB2421250CE.NFO,2024-02-02,09:47:00,2024-02-13,60.0,60.0,60.0,60.0,0,80,1
FINNIFTY13FEB2421250CE.NFO,2024-02-02,09:48:00,2024-02-13,60.0,60.0,60.0,60.0,0,80,1
FINNIFTY13FEB2421250CE.NFO,2024-02-02,09:49:00,2024-02-13,60.0,60.0,60.0,60.0,0,80,1
FINNIFTY13FEB2421250CE.NFO,2024-02-02,09:50:00,2024-02-13,60.0,60.0,60.0,60.0,0,80,1
FINNIFTY13FEB2421250CE.NFO,2024-02-02,09:51:00,2024-02-13,60.0,60.0,60.0,60.0,0,80,1
FINNIFTY13FEB2421250CE.NFO,2024-02-02,09:52:00,2024-02-13,60.0,60.0,60.0,60.0,0,80,1
FINNIFTY13FEB2421250CE.NFO,2024-02-02,09:53:00,2024-02-13,60.0,60.0,60.0,60.0,0,80,1
FINNIFTY13FEB2421250CE.NFO,2024-02-02,09:54:00,2024-02-13,60.0,60.0,60.0,60.0,0,80,1
FINNIFTY13FEB2421250CE.NFO,2024-02-02,09:55:00,2024-02-13,60.0,60.0,60.0,60.0,0,80,1
FINNIFTY13FEB2421250CE.NFO,2024-02-02,09:56:00,2024-02-13,60.0,60.0,60.0,60.0,0,80,1
FINNIFTY13FEB2421250CE.NFO,2024-02-02,09:57:00,2024-02-13,60.0,60.0,60.0,60.0,0,80,1
FINNIFTY13FEB2421250CE.NFO,2024-02-02,09:58:00,2024-02-13,60.0,60.0,60.0,60.0,0,80,1
FINNIFTY13FEB2421250CE.NFO,2024-02-02,09:59:00,2024-02-13,60.0,60.0,60.0,60.0,0,80,1
FINNIFTY13FEB2421250CE.NFO,2024-02-02,10:00:00,2024-02-13,60.0,60.0,60.0,60.0,0,80,1
FINNIFTY13FEB2421250CE.NFO,2024-02-02,10:01:00,2024-02-13,60.0,60.0,60.0,60.0,0,80,1
FINNIFTY13FEB2421250CE.NFO,2024-02-02,10:02:00,2024-02-13,60.0,60.0,60.0,60.0,0,80,1
FINNIFTY13FEB2421250CE.NFO,2024-02-02,10:03:00,2024-02-13,60.0,60.0,60.0,60.0,0,80,1
FINNIFTY13FEB2421250CE.NFO,2024-02-02,10:04:00,2024-02-13,60.0,60.0,60.0,60.0,0,80,1
FINNIFTY13FEB2421250CE.NFO,2024-02-02,10:05:00,2024-02-13,60.0,60.0,60.0,60.0,0,80,1
FINNIFTY13FEB2421250CE.NFO,2024-02-02,10:06:00,2024-02-13,60.0,60.0,60.0,60.0,0,80,1
FINNIFTY13FEB2421250CE.NFO,2024-02-02,10:07:00,2024-02-13,60.0,60.0,60.0,60.0,0,80,1
FINNIFTY13FEB2421250CE.NFO,2024-02-02,10:08:00,2024-02-13,60.0,60.0,60.0,60.0,0,80,1
FINNIFTY13FEB2421250CE.NFO,2024-02-02,10:09:00,2024-02-13,60.0,60.0,60.0,60.0,0,80,1
FINNIFTY13FEB2421250CE.NFO,2024-02-02,10:10:00,2024-02-13,60.0,60.0,60.0,60.0,0,80,1
FINNIFTY13FEB2421250CE.NFO,2024-02-02,10:11:00,2024-02-13,60.0,60.0,60.0,60.0,0,80,1
FINNIFTY13FEB2421250CE.NFO,2024-02-02,10:12:00,2024-02-13,60.0,60.0,60.0,60.0,0,80,1
FINNIFTY13FEB2421250CE.NFO,2024-02-02,10:13:00,2024-02-13,60.0,60.0,60.0,60.0,0,80,1
FINNIFTY13FEB2421250CE.NFO,2024-02-02,10:14:00,2024-02-13,60.0,60.0,60.0,60.0,0,80,1
FINNIFTY13FEB2421250CE.NFO,2024-02-02,10:15:00,2024-02-13,60.0,60.0,60.0,60.0,0,80,1
FINNIFTY13FEB2421250CE.NFO,2024-02-02,10:16:00,2024-02-13,60.0,60.0,60.0,60.0,0,80,1
FINNIFTY13FEB2421250CE.NFO,2024-02-02,10:17:00,2024-02-13,60.0,60.0,60.0,60.0,0,80,1
FINNIFTY13FEB2421250CE.NFO,2024-02-02,10:18:00,2024-02-13,60.0,60.0,60.0,60.0,0,80,1
FINNIFTY13FEB2421250CE.NFO,2024-02-02,10:19:00,2024-02-13,60.0,60.0,60.0,60.0,0,80,1
FINNIFTY13FEB2421250CE.NFO,2024-02-02,10:20:00,2024-02-13,60.0,60.0,60.0,60.0,0,80,1
FINNIFTY13FEB2421250CE.NFO,2024-02-02,10:21:00,2024-02-13,60.0,60.0,60.0,60.0,0,80,1
FINNIFTY13FEB2421250CE.NFO,2024-02-02,10:22:00,2024-02-13,60.0,60.0,60.0,60.0,0,80,1
FINNIFTY13FEB2421250CE.NFO,2024-02-02,10:23:00,2024-02-13,60.0,60.0,60.0,60.0,0,80,1
FINNIFTY13FEB2421250CE.NFO,2024-02-02,10:24:00,2024-02-13,60.0,60.0,60.0,60.0,0,80,1
FINNIFTY13FEB2421250CE.NFO,2024-02-02,10:25:00,2024-02-13,60.0,60.0,60.0,60.0,0,80,1
FINNIFTY13FEB2421250CE.NFO,2024-02-02,10:26:00,2024-02-13,60.0,60.0,60.0,60.0,0,80,1
FINNIFTY13FEB2421250CE.NFO,2024-02-02,10:27:00,2024-02-13,60.0,60.0,60.0,60.0,0,80,1
FINNIFTY13FEB2421250CE.NFO,2024-02-02,10:28:00,2024-02-13,60.0,60.0,60.0,60.0,0,80,1
FINNIFTY13FEB2421250CE.NFO,2024-02-02,10:29:00,2024-02-13,60.0,60.0,60.0,60.0,0,80,1
FINNIFTY13FEB2421250CE.NFO,2024-02-02,10:30:00,2024-02-13,60.0,60.0,60.0,60.0,0,80,1
FINNIFTY13FEB2421250CE.NFO,2024-02-02,10:31:00,2024-02-13,60.0,60.0,60.0,60.0,0,80,1
FINNIFTY13FEB2421250CE.NFO,2024-02-02,10:32:00,2024-02-13,60.0,60.0,60.0,60.0,0,80,1
FINNIFTY13FEB2421250CE.NFO,2024-02-02,10:33:00,2024-02-13,60.0,60.0,60.0,60.0,0,80,1
FINNIFTY13FEB2421250CE.NFO,2024-02-02,10:34:00,2024-02-13,60.0,60.0,60.0,60.0,0,80,1
FINNIFTY13FEB2421250CE.NFO,2024-02-02,10:35:00,2024-02-13,60.0,60.0,60.0,60.0,0,80,1
FINNIFTY13FEB2421250CE.NFO,2024-02-02,10:36:00,2024-02-13,60.0,60.0,60.0,60.0,0,80,1
FINNIFTY13FEB2421250CE.NFO,2024-02-02,10:37:00,2024-02-13,60.0,60.0,60.0,60.0,0,80,1
FINNIFTY13FEB2421250CE.NFO,2024-02-02,10:38:00,2024-02-13,60.0,60.0,60.0,60.0,0,80,1
FINNIFTY13FEB2421250CE.NFO,2024-02-02,10:39:00,2024-02-13,60.0,60.0,60.0,60.0,0,80,1
FINNIFTY13FEB2421250CE.NFO,2024-02-02,10:40:00,2024-02-13,60.0,60.0,60.0,60.0,0,80,1
FINNIFTY13FEB2421250CE.NFO,2024-02-02,10:41:00,2024-02-13,60.0,60.0,60.0,60.0,0,80,1
FINNIFTY13FEB2421250CE.NFO,2024-02-02,10:42:00,2024-02-13,60.0,60.0,60.0,60.0,0,80,1
FINNIFTY13FEB2421250CE.NFO,2024-02-02,10:43:00,2024-02-13,60.0,60.0,60.0,60.0,0,80,1
FINNIFTY13FEB2421250CE.NFO,2024-02-02,10:44:00,2024-02-13,60.0,60.0,60.0,60.0,0,80,1
FINNIFTY13FEB2421250CE.NFO,2024-02-02,10:45:00,2024-02-13,60.0,60.0,60.0,60.0,0,80,1
FINNIFTY13FEB2421250CE.NFO,2024-02-02,10:46:00,2024-02-13,60.0,60.0,60.0,60.0,0,80,1
FINNIFTY13FEB2421250CE.NFO,2024-02-02,10:47:00,2024-02-13,60.0,60.0,60.0,60.0,0,80,1
FINNIFTY13FEB2421250CE.NFO,2024-02-02,10:48:00,2024-02-13,60.0,60.0,60.0,60.0,0,80,1
FINNIFTY13FEB2421250CE.NFO,2024-02-02,10:49:00,2024-02-13,60.0,60.0,60.0,60.0,0,80,1
FINNIFTY13FEB2421250CE.NFO,2024-02-02,10:50:00,2024-02-13,60.0,60.0,60.0,60.0,0,80,1
FINNIFTY13FEB2421250CE.NFO,2024-02-02,10:51:00,2024-02-13,60.0,60.0,60.0,60.0,0,80,1
FINNIFTY13FEB2421250CE.NFO,2024-02-02,10:52:00,2024-02-13,60.0,60.0,60.0,60.0,0,80,1
FINNIFTY13FEB2421250CE.NFO,2024-02-02,10:53:00,2024-02-13,60.0,60.0,60.0,60.0,0,80,1
FINNIFTY13FEB2421250CE.NFO,2024-02-02,10:54:00,2024-02-13,60.0,60.0,60.0,60.0,0,80,1
FINNIFTY13FEB2421250CE.NFO,2024-02-02,10:55:00,2024-02-13,60.0,60.0,60.0,60.0,0,80,1
FINNIFTY13FEB2421250CE.NFO,2024-02-02,10:56:00,2024-02-13,60.0,60.0,60.0,60.0,0,80,1
FINNIFTY13FEB2421250CE.NFO,2024-02-02,10:57:00,2024-02-13,60.0,60.0,60.0,60.0,0,80,1
FINNIFTY13FEB2421250CE.NFO,2024-02-02,10:58:00,2024-02-13,60.0,60.0,60.0,60.0,0,80,1
FINNIFTY13FEB2421250CE.NFO,2024-02-02,10:59:00,2024-02-13,60.0,60.0,60.0,60.0,0,80,1
FINNIFTY13FEB2421250CE.NFO,2024-02-02,11:00:00,2024-02-13,60.0,60.0,60.0,60.0,0,80,1
FINNIFTY13FEB2421250CE.NFO,2024-02-02,11:01:00,2024-02-13,60.0,60.0,60.0,60.0,0,80,1
FINNIFTY13FEB2421250CE.NFO,2024-02-02,11:02:00,2024-02-13,60.0,60.0,60.0,60.0,0,80,1
FINNIFTY13FEB2421250CE.NFO,2024-02-02,11:03:00,2024-02-13,60.0,60.0,60.0,60.0,0,80,1
FINNIFTY13FEB2421250CE.NFO,2024-02-02,11:04:00,2024-02-13,60.0,60.0,60.0,60.0,0,80,1
FINNIFTY13FEB2421250CE.NFO,2024-02-02,11:05:00,2024-02-13,60.0,60.0,60.0,60.0,0,80,1
FINNIFTY13FEB2421250CE.NFO,2024-02-02,11:06:00,2024-02-13,60.0,60.0,60.0,60.0,0,80,1
FINNIFTY13FEB2421250CE.NFO,2024-02-02,11:07:00,2024-02-13,60.0,60.0,60.0,60.0,0,80,1
FINNIFTY13FEB2421250CE.NFO,2024-02-02,11:08:00,2024-02-13,60.0,60.0,60.0,60.0,0,80,1
FINNIFTY13FEB2421250CE.NFO,2024-02-02,11:09:00,2024-02-13,60.0,60.0,60.0,60.0,0,80,1
FINNIFTY13FEB2421250CE.NFO,2024-02-02,11:10:00,2024-02-13,60.0,60.0,60.0,60.0,0,80,1
FINNIFTY13FEB2421250CE.NFO,2024-02-02,11:11:00,2024-02-13,60.0,60.0,60.0,60.0,0,80,1
FINNIFTY13FEB2421250CE.NFO,2024-02-02,11:12:00,2024-02-13,60.0,60.0,60.0,60.0,0,80,1
FINNIFTY13FEB2421250CE.NFO,2024-02-02,11:13:00,2024-02-13,60.0,60.0,60.0,60.0,0,80,1
FINNIFTY13FEB2421250CE.NFO,2024-02-02,11:14:00,2024-02-13,60.0,60.0,60.0,60.0,0,80,1
FINNIFTY13FEB2421250CE.NFO,2024-02-02,11:15:00,2024-02-13,60.0,60.0,60.0,60.0,0,80,1
FINNIFTY13FEB2421250CE.NFO,2024-02-02,11:16:00,2024-02-13,60.0,60.0,60.0,60.0,0,80,1
FINNIFTY13FEB2421250CE.NFO,2024-02-02,11:17:00,2024-02-13,60.0,60.0,60.0,60.0,0,80,1
FINNIFTY13FEB2421250CE.NFO,2024-02-02,11:18:00,2024-02-13,60.0,60.0,60.0,60.0,0,80,1
FINNIFTY13FEB2421250CE.NFO,2024-02-02,11:19:00,2024-02-13,60.0,60.0,60.0,60.0,0,80,1
FINNIFTY13FEB2421250CE.NFO,2024-02-02,11:20:00,2024-02-13,60.0,60.0,60.0,60.0,0,80,1
FINNIFTY13FEB2421250CE.NFO,2024-02-02,11:21:00,2024-02-13,60.0,60.0,60.0,60.0,0,80,1
FINNIFTY13FEB2421250CE.NFO,2024-02-02,11:22:00,2024-02-13,60.0,60.0,60.0,60.0,0,80,1
FINNIFTY13FEB2421250CE.NFO,2024-02-02,11:23:00,2024-02-13,60.0,60.0,60.0,60.0,0,80,1
FINNIFTY13FEB2421250CE.NFO,2024-02-02,11:24:00,2024-02-13,60.0,60.0,60.0,60.0,0,80,1
FINNIFTY13FEB2421250CE.NFO,2024-02-02,11:25:00,2024-02-13,60.0,60.0,60.0,60.0,0,80,1
FINNIFTY13FEB2421250CE.NFO,2024-02-02,11:26:00,2024-02-13,60.0,60.0,60.0,60.0,0,80,1
FINNIFTY13FEB2421250CE.NFO,2024-02-02,11:27:00,2024-02-13,60.0,60.0,60.0,60.0,0,80,1
FINNIFTY13FEB2421250CE.NFO,2024-02-02,11:28:00,2024-02-13,60.0,60.0,60.0,60.0,0,80,1
FINNIFTY13FEB2421250CE.NFO,2024-02-02,11:29:00,2024-02-13,60.0,60.0,60.0,60.0,0,80,1
FINNIFTY13FEB2421250CE.NFO,2024-02-02,11:30:00,2024-02-13,60.0,60.0,60.0,60.0,0,80,1
FINNIFTY13FEB2421250CE.NFO,2024-02-02,11:31:00,2024-02-13,60.0,60.0,60.0,60.0,0,80,1
FINNIFTY13FEB2421250CE.NFO,2024-02-02,11:32:00,2024-02-13,60.0,60.0,60.0,60.0,0,80,1
FINNIFTY13FEB2421250CE.NFO,2024-02-02,11:33:00,2024-02-13,60.0,60.0,60.0,60.0,0,80,0
FINNIFTY13FEB2421250CE.NFO,2024-02-02,11:34:00,2024-02-13,60.0,60.0,60.0,60.0,0,80,1
FINNIFTY13FEB2421250CE.NFO,2024-02-02,11:35:00,2024-02-13,60.0,60.0,60.0,60.0,0,80,1
FINNIFTY13FEB2421250CE.NFO,2024-02-02,11:36:00,2024-02-13,60.0,60.0,60.0,60.0,0,80,1
FINNIFTY13FEB2421250CE.NFO,2024-02-02,11:37:00,2024-02-13,60.0,60.0,60.0,60.0,0,80,1
FINNIFTY13FEB2421250CE.NFO,2024-02-02,11:38:00,2024-02-13,60.0,60.0,60.0,60.0,0,80,0
FINNIFTY13FEB2421250CE.NFO,2024-02-02,11:39:00,2024-02-13,60.0,60.0,60.0,60.0,0,80,1
FINNIFTY13FEB2421250CE.NFO,2024-02-02,11:40:00,2024-02-13,60.0,60.0,60.0,60.0,0,80,0
FINNIFTY13FEB2421250CE.NFO,2024-02-02,11:41:00,2024-02-13,60.0,60.0,60.0,60.0,0,80,0
FINNIFTY13FEB2421250CE.NFO,2024-02-02,11:42:00,2024-02-13,60.0,60.0,60.0,60.0,0,80,0
FINNIFTY13FEB2421250CE.NFO,2024-02-02,11:43:00,2024-02-13,60.0,60.0,60.0,60.0,0,80,0
FINNIFTY13FEB2421250CE.NFO,2024-02-02,11:44:00,2024-02-13,60.0,60.0,60.0,60.0,0,80,1
FINNIFTY13FEB2421250CE.NFO,2024-02-02,11:45:00,2024-02-13,60.0,60.0,60.0,60.0,0,80,1
FINNIFTY13FEB2421250CE.NFO,2024-02-02,11:46:00,2024-02-13,60.0,60.0,60.0,60.0,0,80,1
FINNIFTY13FEB2421250CE.NFO,2024-02-02,11:47:00,2024-02-13,60.0,60.0,60.0,60.0,0,80,1
FINNIFTY13FEB2421250CE.NFO,2024-02-02,11:48:00,2024-02-13,60.0,60.0,60.0,60.0,0,80,0
FINNIFTY13FEB2421250CE.NFO,2024-02-02,11:49:00,2024-02-13,60.0,60.0,60.0,60.0,0,80,1
FINNIFTY13FEB2421250CE.NFO,2024-02-02,11:50:00,2024-02-13,60.0,60.0,60.0,60.0,0,80,1
FINNIFTY13FEB2421250CE.NFO,2024-02-02,11:51:00,2024-02-13,60.0,60.0,60.0,60.0,0,80,1
FINNIFTY13FEB2421250CE.NFO,2024-02-02,11:52:00,2024-02-13,60.0,60.0,60.0,60.0,0,80,1
FINNIFTY13FEB2421250CE.NFO,2024-02-02,11:53:00,2024-02-13,60.0,60.0,60.0,60.0,0,80,0
FINNIFTY13FEB2421250CE.NFO,2024-02-02,11:54:00,2024-02-13,60.0,60.0,60.0,60.0,0,80,1
FINNIFTY13FEB2421250CE.NFO,2024-02-02,11:55:00,2024-02-13,60.0,60.0,60.0,60.0,0,80,1
FINNIFTY13FEB2421250CE.NFO,2024-02-02,11:56:00,2024-02-13,60.0,60.0,60.0,60.0,0,80,1
FINNIFTY13FEB2421250CE.NFO,2024-02-02,11:57:00,2024-02-13,60.0,60.0,60.0,60.0,0,80,1
FINNIFTY13FEB2421250CE.NFO,2024-02-02,11:58:00,2024-02-13,60.0,60.0,60.0,60.0,0,80,0
FINNIFTY13FEB2421250CE.NFO,2024-02-02,11:59:00,2024-02-13,60.0,60.0,60.0,60.0,0,80,0
FINNIFTY13FEB2421250CE.NFO,2024-02-02,12:00:00,2024-02-13,60.0,60.0,60.0,60.0,0,80,1
FINNIFTY13FEB2421250CE.NFO,2024-02-02,12:01:00,2024-02-13,60.0,60.0,60.0,60.0,0,80,1
FINNIFTY13FEB2421250CE.NFO,2024-02-02,12:02:00,2024-02-13,60.0,60.0,60.0,60.0,0,80,1
FINNIFTY13FEB2421250CE.NFO,2024-02-02,12:03:00,2024-02-13,60.0,60.0,60.0,60.0,0,80,0
FINNIFTY13FEB2421250CE.NFO,2024-02-02,12:04:00,2024-02-13,60.0,60.0,60.0,60.0,0,80,1
FINNIFTY13FEB2421250CE.NFO,2024-02-02,12:05:00,2024-02-13,60.0,60.0,60.0,60.0,0,80,1
FINNIFTY13FEB2421250CE.NFO,2024-02-02,12:06:00,2024-02-13,60.0,60.0,60.0,60.0,0,80,0
FINNIFTY13FEB2421250CE.NFO,2024-02-02,12:07:00,2024-02-13,60.0,60.0,60.0,60.0,0,80,0
FINNIFTY13FEB2421250CE.NFO,2024-02-02,12:08:00,2024-02-13,60.0,60.0,60.0,60.0,0,80,1
FINNIFTY13FEB2421250CE.NFO,2024-02-02,12:09:00,2024-02-13,60.0,60.0,60.0,60.0,0,80,1
FINNIFTY13FEB2421250CE.NFO,2024-02-02,12:10:00,2024-02-13,60.0,60.0,60.0,60.0,0,80,1
FINNIFTY13FEB2421250CE.NFO,2024-02-02,12:11:00,2024-02-13,60.0,60.0,60.0,60.0,0,80,1
FINNIFTY13FEB2421250CE.NFO,2024-02-02,12:12:00,2024-02-13,60.0,60.0,60.0,60.0,0,80,1
FINNIFTY13FEB2421250CE.NFO,2024-02-02,12:13:00,2024-02-13,60.0,60.0,60.0,60.0,0,80,1
FINNIFTY13FEB2421250CE.NFO,2024-02-02,12:14:00,2024-02-13,60.0,60.0,60.0,60.0,0,80,1
FINNIFTY13FEB2421250CE.NFO,2024-02-02,12:15:00,2024-02-13,60.0,60.0,60.0,60.0,0,80,1
FINNIFTY13FEB2421250CE.NFO,2024-02-02,12:16:00,2024-02-13,60.0,60.0,60.0,60.0,0,80,1
FINNIFTY13FEB2421250CE.NFO,2024-02-02,12:17:00,2024-02-13,60.0,60.0,60.0,60.0,0,80,1
FINNIFTY13FEB2421250CE.NFO,2024-02-02,12:18:00,2024-02-13,60.0,60.0,60.0,60.0,0,80,0
FINNIFTY13FEB2421250CE.NFO,2024-02-02,12:19:00,2024-02-13,60.0,60.0,60.0,60.0,0,80,1
FINNIFTY13FEB2421250CE.NFO,2024-02-02,12:20:00,2024-02-13,60.0,60.0,60.0,60.0,0,80,1
FINNIFTY13FEB2421250CE.NFO,2024-02-02,12:21:00,2024-02-13,60.0,60.0,60.0,60.0,0,80,1
FINNIFTY13FEB2421250CE.NFO,2024-02-02,12:22:00,2024-02-13,60.0,60.0,60.0,60.0,0,80,1
FINNIFTY13FEB2421250CE.NFO,2024-02-02,12:23:00,2024-02-13,60.0,60.0,60.0,60.0,0,80,1
FINNIFTY13FEB2421250CE.NFO,2024-02-02,12:24:00,2024-02-13,60.0,60.0,60.0,60.0,0,80,1
FINNIFTY13FEB2421250CE.NFO,2024-02-02,12:25:00,2024-02-13,60.0,60.0,60.0,60.0,0,80,1
FINNIFTY13FEB2421250CE.NFO,2024-02-02,12:26:00,2024-02-13,60.0,60.0,60.0,60.0,0,80,1
FINNIFTY13FEB2421250CE.NFO,2024-02-02,12:27:00,2024-02-13,60.0,60.0,60.0,60.0,0,80,1
FINNIFTY13FEB2421250CE.NFO,2024-02-02,12:28:00,2024-02-13,60.0,60.0,60.0,60.0,0,80,0
FINNIFTY13FEB2421250CE.NFO,2024-02-02,12:29:00,2024-02-13,60.0,60.0,60.0,60.0,0,80,1
FINNIFTY13FEB2421250CE.NFO,2024-02-02,12:30:00,2024-02-13,60.0,60.0,60.0,60.0,0,80,1
FINNIFTY13FEB2421250CE.NFO,2024-02-02,12:31:00,2024-02-13,60.0,60.0,60.0,60.0,0,80,1
FINNIFTY13FEB2421250CE.NFO,2024-02-02,12:32:00,2024-02-13,60.0,60.0,60.0,60.0,0,80,1
FINNIFTY13FEB2421250CE.NFO,2024-02-02,12:33:00,2024-02-13,60.0,60.0,60.0,60.0,0,80,0
FINNIFTY13FEB2421250CE.NFO,2024-02-02,12:34:00,2024-02-13,60.0,60.0,60.0,60.0,0,80,1
FINNIFTY13FEB2421250CE.NFO,2024-02-02,12:35:00,2024-02-13,60.0,60.0,60.0,60.0,0,80,1
FINNIFTY13FEB2421250CE.NFO,2024-02-02,12:36:00,2024-02-13,60.0,60.0,60.0,60.0,0,80,1
FINNIFTY13FEB2421250CE.NFO,2024-02-02,12:37:00,2024-02-13,60.0,60.0,60.0,60.0,0,80,1
FINNIFTY13FEB2421250CE.NFO,2024-02-02,12:38:00,2024-02-13,60.0,60.0,60.0,60.0,0,80,1
FINNIFTY13FEB2421250CE.NFO,2024-02-02,12:39:00,2024-02-13,60.0,60.0,60.0,60.0,0,80,1
FINNIFTY13FEB2421250CE.NFO,2024-02-02,12:40:00,2024-02-13,60.0,60.0,60.0,60.0,0,80,1
FINNIFTY13FEB2421250CE.NFO,2024-02-02,12:41:00,2024-02-13,60.0,60.0,60.0,60.0,0,80,1
FINNIFTY13FEB2421250CE.NFO,2024-02-02,12:42:00,2024-02-13,60.0,60.0,60.0,60.0,0,80,0
FINNIFTY13FEB2421250CE.NFO,2024-02-02,12:43:00,2024-02-13,60.0,60.0,60.0,60.0,0,80,1
FINNIFTY13FEB2421250CE.NFO,2024-02-02,12:44:00,2024-02-13,60.0,60.0,60.0,60.0,0,80,1
FINNIFTY13FEB2421250CE.NFO,2024-02-02,12:45:00,2024-02-13,60.0,60.0,60.0,60.0,0,80,1
FINNIFTY13FEB2421250CE.NFO,2024-02-02,12:46:00,2024-02-13,60.0,60.0,60.0,60.0,0,80,1
FINNIFTY13FEB2421250CE.NFO,2024-02-02,12:47:00,2024-02-13,60.0,60.0,60.0,60.0,0,80,1
FINNIFTY13FEB2421250CE.NFO,2024-02-02,12:48:00,2024-02-13,60.0,60.0,60.0,60.0,0,80,0
FINNIFTY13FEB2421250CE.NFO,2024-02-02,12:49:00,2024-02-13,60.0,60.0,60.0,60.0,0,80,1
FINNIFTY13FEB2421250CE.NFO,2024-02-02,12:50:00,2024-02-13,60.0,60.0,60.0,60.0,0,80,1
FINNIFTY13FEB2421250CE.NFO,2024-02-02,12:51:00,2024-02-13,60.0,60.0,60.0,60.0,0,80,1
FINNIFTY13FEB2421250CE.NFO,2024-02-02,12:52:00,2024-02-13,60.0,60.0,60.0,60.0,0,80,1
FINNIFTY13FEB2421250CE.NFO,2024-02-02,12:53:00,2024-02-13,60.0,60.0,60.0,60.0,0,80,1
FINNIFTY13FEB2421250CE.NFO,2024-02-02,12:54:00,2024-02-13,60.0,60.0,60.0,60.0,0,80,1
FINNIFTY13FEB2421250CE.NFO,2024-02-02,12:55:00,2024-02-13,60.0,60.0,60.0,60.0,0,80,1
FINNIFTY13FEB2421250CE.NFO,2024-02-02,12:56:00,2024-02-13,60.0,60.0,60.0,60.0,0,80,1
FINNIFTY13FEB2421250CE.NFO,2024-02-02,12:57:00,2024-02-13,60.0,60.0,60.0,60.0,0,80,1
FINNIFTY13FEB2421250CE.NFO,2024-02-02,12:58:00,2024-02-13,60.0,60.0,60.0,60.0,0,80,1
FINNIFTY13FEB2421250CE.NFO,2024-02-02,12:59:00,2024-02-13,60.0,60.0,60.0,60.0,0,80,1
FINNIFTY13FEB2421250CE.NFO,2024-02-02,13:00:00,2024-02-13,60.0,60.0,60.0,60.0,0,80,1
FINNIFTY13FEB2421250CE.NFO,2024-02-02,13:01:00,2024-02-13,60.0,60.0,60.0,60.0,0,80,1
FINNIFTY13FEB2421250CE.NFO,2024-02-02,13:02:00,2024-02-13,60.0,60.0,60.0,60.0,0,80,1
FINNIFTY13FEB2421250CE.NFO,2024-02-02,13:03:00,2024-02-13,60.0,60.0,60.0,60.0,0,80,0
FINNIFTY13FEB2421250CE.NFO,2024-02-02,13:04:00,2024-02-13,60.0,60.0,60.0,60.0,0,80,1
FINNIFTY13FEB2421250CE.NFO,2024-02-02,13:05:00,2024-02-13,60.0,60.0,60.0,60.0,0,80,0
FINNIFTY13FEB2421250CE.NFO,2024-02-02,13:06:00,2024-02-13,60.0,60.0,60.0,60.0,0,80,1
FINNIFTY13FEB2421250CE.NFO,2024-02-02,13:07:00,2024-02-13,60.0,60.0,60.0,60.0,0,80,1
FINNIFTY13FEB2421250CE.NFO,2024-02-02,13:08:00,2024-02-13,60.0,60.0,60.0,60.0,0,80,1
FINNIFTY13FEB2421250CE.NFO,2024-02-02,13:09:00,2024-02-13,60.0,60.0,60.0,60.0,0,80,1
FINNIFTY13FEB2421250CE.NFO,2024-02-02,13:10:00,2024-02-13,60.0,60.0,60.0,60.0,0,80,1
FINNIFTY13FEB2421250CE.NFO,2024-02-02,13:11:00,2024-02-13,60.0,60.0,60.0,60.0,0,80,1
FINNIFTY13FEB2421250CE.NFO,2024-02-02,13:12:00,2024-02-13,60.0,60.0,60.0,60.0,0,80,1
FINNIFTY13FEB2421250CE.NFO,2024-02-02,13:13:00,2024-02-13,60.0,60.0,60.0,60.0,0,80,1
FINNIFTY13FEB2421250CE.NFO,2024-02-02,13:14:00,2024-02-13,60.0,60.0,60.0,60.0,0,80,1
FINNIFTY13FEB2421250CE.NFO,2024-02-02,13:15:00,2024-02-13,60.0,60.0,60.0,60.0,0,80,1
FINNIFTY13FEB2421250CE.NFO,2024-02-02,13:16:00,2024-02-13,60.0,60.0,60.0,60.0,0,80,1
FINNIFTY13FEB2421250CE.NFO,2024-02-02,13:17:00,2024-02-13,60.0,60.0,60.0,60.0,0,80,1
FINNIFTY13FEB2421250CE.NFO,2024-02-02,13:18:00,2024-02-13,60.0,60.0,60.0,60.0,0,80,0
FINNIFTY13FEB2421250CE.NFO,2024-02-02,13:19:00,2024-02-13,60.0,60.0,60.0,60.0,0,80,1
FINNIFTY13FEB2421250CE.NFO,2024-02-02,13:20:00,2024-02-13,60.0,60.0,60.0,60.0,0,80,1
FINNIFTY13FEB2421250CE.NFO,2024-02-02,13:21:00,2024-02-13,60.0,60.0,60.0,60.0,0,80,1
FINNIFTY13FEB2421250CE.NFO,2024-02-02,13:22:00,2024-02-13,60.0,60.0,60.0,60.0,0,80,1
FINNIFTY13FEB2421250CE.NFO,2024-02-02,13:23:00,2024-02-13,60.0,60.0,60.0,60.0,0,80,1
FINNIFTY13FEB2421250CE.NFO,2024-02-02,13:24:00,2024-02-13,60.0,60.0,60.0,60.0,0,80,1
FINNIFTY13FEB2421250CE.NFO,2024-02-02,13:25:00,2024-02-13,60.0,60.0,60.0,60.0,0,80,0
FINNIFTY13FEB2421250CE.NFO,2024-02-02,13:26:00,2024-02-13,60.0,60.0,60.0,60.0,0,80,0
FINNIFTY13FEB2421250CE.NFO,2024-02-02,13:27:00,2024-02-13,60.0,60.0,60.0,60.0,0,80,1
FINNIFTY13FEB2421250CE.NFO,2024-02-02,13:28:00,2024-02-13,60.0,60.0,60.0,60.0,0,80,1
FINNIFTY13FEB2421250CE.NFO,2024-02-02,13:29:00,2024-02-13,60.0,60.0,60.0,60.0,0,80,1
FINNIFTY13FEB2421250CE.NFO,2024-02-02,13:30:00,2024-02-13,60.0,60.0,60.0,60.0,0,80,1
FINNIFTY13FEB2421250CE.NFO,2024-02-02,13:31:00,2024-02-13,60.0,60.0,60.0,60.0,0,80,1
FINNIFTY13FEB2421250CE.NFO,2024-02-02,13:32:00,2024-02-13,60.0,60.0,60.0,60.0,0,80,0
FINNIFTY13FEB2421250CE.NFO,2024-02-02,13:33:00,2024-02-13,60.0,60.0,60.0,60.0,0,80,0
FINNIFTY13FEB2421250CE.NFO,2024-02-02,13:34:00,2024-02-13,60.0,60.0,60.0,60.0,0,80,1
FINNIFTY13FEB2421250CE.NFO,2024-02-02,13:35:00,2024-02-13,60.0,60.0,60.0,60.0,0,80,1
FINNIFTY13FEB2421250CE.NFO,2024-02-02,13:36:00,2024-02-13,60.0,60.0,60.0,60.0,0,80,1
FINNIFTY13FEB2421250CE.NFO,2024-02-02,13:37:00,2024-02-13,60.0,60.0,60.0,60.0,0,80,1
FINNIFTY13FEB2421250CE.NFO,2024-02-02,13:38:00,2024-02-13,60.0,60.0,60.0,60.0,0,80,1
FINNIFTY13FEB2421250CE.NFO,2024-02-02,13:39:00,2024-02-13,60.0,60.0,60.0,60.0,0,80,1
FINNIFTY13FEB2421250CE.NFO,2024-02-02,13:40:00,2024-02-13,60.0,60.0,60.0,60.0,0,80,1
FINNIFTY13FEB2421250CE.NFO,2024-02-02,13:41:00,2024-02-13,60.0,60.0,60.0,60.0,0,80,1
FINNIFTY13FEB2421250CE.NFO,2024-02-02,13:42:00,2024-02-13,60.0,60.0,60.0,60.0,0,80,1
FINNIFTY13FEB2421250CE.NFO,2024-02-02,13:43:00,2024-02-13,60.0,60.0,60.0,60.0,0,80,1
FINNIFTY13FEB2421250CE.NFO,2024-02-02,13:44:00,2024-02-13,60.0,60.0,60.0,60.0,0,80,0
FINNIFTY13FEB2421250CE.NFO,2024-02-02,13:45:00,2024-02-13,60.0,60.0,60.0,60.0,0,80,1
FINNIFTY13FEB2421250CE.NFO,2024-02-02,13:46:00,2024-02-13,60.0,60.0,60.0,60.0,0,80,1
FINNIFTY13FEB2421250CE.NFO,2024-02-02,13:47:00,2024-02-13,60.0,60.0,60.0,60.0,0,80,1
FINNIFTY13FEB2421250CE.NFO,2024-02-02,13:48:00,2024-02-13,60.0,60.0,60.0,60.0,0,80,0
FINNIFTY13FEB2421250CE.NFO,2024-02-02,13:49:00,2024-02-13,60.0,60.0,60.0,60.0,0,80,1
FINNIFTY13FEB2421250CE.NFO,2024-02-02,13:50:00,2024-02-13,60.0,60.0,60.0,60.0,0,80,1
FINNIFTY13FEB2421250CE.NFO,2024-02-02,13:51:00,2024-02-13,60.0,60.0,60.0,60.0,0,80,1
FINNIFTY13FEB2421250CE.NFO,2024-02-02,13:52:00,2024-02-13,60.0,60.0,60.0,60.0,0,80,1
FINNIFTY13FEB2421250CE.NFO,2024-02-02,13:53:00,2024-02-13,60.0,60.0,60.0,60.0,0,80,1
FINNIFTY13FEB2421250CE.NFO,2024-02-02,13:54:00,2024-02-13,60.0,60.0,60.0,60.0,0,80,1
FINNIFTY13FEB2421250CE.NFO,2024-02-02,13:55:00,2024-02-13,60.0,60.0,60.0,60.0,0,80,1
FINNIFTY13FEB2421250CE.NFO,2024-02-02,13:56:00,2024-02-13,60.0,60.0,60.0,60.0,0,80,1
FINNIFTY13FEB2421250CE.NFO,2024-02-02,13:57:00,2024-02-13,60.0,60.0,60.0,60.0,0,80,1
FINNIFTY13FEB2421250CE.NFO,2024-02-02,13:58:00,2024-02-13,60.0,60.0,60.0,60.0,0,80,1
FINNIFTY13FEB2421250CE.NFO,2024-02-02,13:59:00,2024-02-13,60.0,60.0,60.0,60.0,0,80,1
FINNIFTY13FEB2421250CE.NFO,2024-02-02,14:00:00,2024-02-13,60.0,60.0,60.0,60.0,0,80,1
FINNIFTY13FEB2421250CE.NFO,2024-02-02,14:01:00,2024-02-13,60.0,60.0,60.0,60.0,0,80,1
FINNIFTY13FEB2421250CE.NFO,2024-02-02,14:02:00,2024-02-13,60.0,60.0,60.0,60.0,0,80,1
FINNIFTY13FEB2421250CE.NFO,2024-02-02,14:03:00,2024-02-13,60.0,60.0,60.0,60.0,0,80,0
FINNIFTY13FEB2421250CE.NFO,2024-02-02,14:04:00,2024-02-13,60.0,60.0,60.0,60.0,0,80,1
FINNIFTY13FEB2421250CE.NFO,2024-02-02,14:05:00,2024-02-13,60.0,60.0,60.0,60.0,0,80,0
FINNIFTY13FEB2421250CE.NFO,2024-02-02,14:06:00,2024-02-13,60.0,60.0,60.0,60.0,0,80,1
FINNIFTY13FEB2421250CE.NFO,2024-02-02,14:07:00,2024-02-13,60.0,60.0,60.0,60.0,0,80,1
FINNIFTY13FEB2421250CE.NFO,2024-02-02,14:08:00,2024-02-13,60.0,60.0,60.0,60.0,0,80,1
FINNIFTY13FEB2421250CE.NFO,2024-02-02,14:09:00,2024-02-13,60.0,60.0,60.0,60.0,0,80,1
FINNIFTY13FEB2421250CE.NFO,2024-02-02,14:10:00,2024-02-13,60.0,60.0,60.0,60.0,0,80,1
FINNIFTY13FEB2421250CE.NFO,2024-02-02,14:11:00,2024-02-13,60.0,60.0,60.0,60.0,0,80,1
FINNIFTY13FEB2421250CE.NFO,2024-02-02,14:12:00,2024-02-13,60.0,60.0,60.0,60.0,0,80,1
FINNIFTY13FEB2421250CE.NFO,2024-02-02,14:13:00,2024-02-13,60.0,60.0,60.0,60.0,0,80,1
FINNIFTY13FEB2421250CE.NFO,2024-02-02,14:14:00,2024-02-13,60.0,60.0,60.0,60.0,0,80,1
FINNIFTY13FEB2421250CE.NFO,2024-02-02,14:15:00,2024-02-13,60.0,60.0,60.0,60.0,0,80,1
FINNIFTY13FEB2421250CE.NFO,2024-02-02,14:16:00,2024-02-13,60.0,60.0,60.0,60.0,0,80,1
FINNIFTY13FEB2421250CE.NFO,2024-02-02,14:17:00,2024-02-13,60.0,60.0,60.0,60.0,0,80,1
FINNIFTY13FEB2421250CE.NFO,2024-02-02,14:18:00,2024-02-13,60.0,60.0,60.0,60.0,0,80,0
FINNIFTY13FEB2421250CE.NFO,2024-02-02,14:19:00,2024-02-13,60.0,60.0,60.0,60.0,0,80,1
FINNIFTY13FEB2421250CE.NFO,2024-02-02,14:20:00,2024-02-13,60.0,60.0,60.0,60.0,0,80,1
FINNIFTY13FEB2421250CE.NFO,2024-02-02,14:21:00,2024-02-13,60.0,60.0,60.0,60.0,0,80,1
FINNIFTY13FEB2421250CE.NFO,2024-02-02,14:22:00,2024-02-13,60.0,60.0,60.0,60.0,0,80,0
FINNIFTY13FEB2421250CE.NFO,2024-02-02,14:23:00,2024-02-13,60.0,60.0,60.0,60.0,0,80,0
FINNIFTY13FEB2421250CE.NFO,2024-02-02,14:24:00,2024-02-13,60.0,60.0,60.0,60.0,0,80,1
FINNIFTY13FEB2421250CE.NFO,2024-02-02,14:25:00,2024-02-13,60.0,60.0,60.0,60.0,0,80,0
FINNIFTY13FEB2421250CE.NFO,2024-02-02,14:26:00,2024-02-13,60.0,60.0,60.0,60.0,0,80,1
FINNIFTY13FEB2421250CE.NFO,2024-02-02,14:27:00,2024-02-13,60.0,60.0,60.0,60.0,0,80,1
FINNIFTY13FEB2421250CE.NFO,2024-02-02,14:28:00,2024-02-13,60.0,60.0,60.0,60.0,0,80,1
FINNIFTY13FEB2421250CE.NFO,2024-02-02,14:29:00,2024-02-13,60.0,60.0,60.0,60.0,0,80,1
FINNIFTY13FEB2421250CE.NFO,2024-02-02,14:30:00,2024-02-13,60.0,60.0,60.0,60.0,0,80,0
FINNIFTY13FEB2421250CE.NFO,2024-02-02,14:31:00,2024-02-13,60.0,60.0,60.0,60.0,0,80,1
FINNIFTY13FEB2421250CE.NFO,2024-02-02,14:32:00,2024-02-13,60.0,60.0,60.0,60.0,0,80,1
FINNIFTY13FEB2421250CE.NFO,2024-02-02,14:33:00,2024-02-13,60.0,60.0,60.0,60.0,0,80,0
FINNIFTY13FEB2421250CE.NFO,2024-02-02,14:34:00,2024-02-13,60.0,60.0,60.0,60.0,0,80,0
FINNIFTY13FEB2421250CE.NFO,2024-02-02,14:35:00,2024-02-13,60.0,60.0,60.0,60.0,0,80,0
FINNIFTY13FEB2421250CE.NFO,2024-02-02,14:36:00,2024-02-13,60.0,60.0,60.0,60.0,0,80,1
FINNIFTY13FEB2421250CE.NFO,2024-02-02,14:37:00,2024-02-13,60.0,60.0,60.0,60.0,0,80,1
FINNIFTY13FEB2421250CE.NFO,2024-02-02,14:38:00,2024-02-13,60.0,60.0,60.0,60.0,0,80,1
FINNIFTY13FEB2421250CE.NFO,2024-02-02,14:39:00,2024-02-13,60.0,60.0,60.0,60.0,0,80,1
FINNIFTY13FEB2421250CE.NFO,2024-02-02,14:40:00,2024-02-13,60.0,60.0,60.0,60.0,0,80,1
FINNIFTY13FEB2421250CE.NFO,2024-02-02,14:41:00,2024-02-13,60.0,60.0,60.0,60.0,0,80,1
FINNIFTY13FEB2421250CE.NFO,2024-02-02,14:42:00,2024-02-13,60.0,60.0,60.0,60.0,0,80,0
FINNIFTY13FEB2421250CE.NFO,2024-02-02,14:43:00,2024-02-13,60.0,60.0,60.0,60.0,0,80,1
FINNIFTY13FEB2421250CE.NFO,2024-02-02,14:44:00,2024-02-13,60.0,60.0,60.0,60.0,0,80,1
FINNIFTY13FEB2421250CE.NFO,2024-02-02,14:45:00,2024-02-13,60.0,60.0,60.0,60.0,0,80,1
FINNIFTY13FEB2421250CE.NFO,2024-02-02,14:46:00,2024-02-13,60.0,60.0,60.0,60.0,0,80,1
FINNIFTY13FEB2421250CE.NFO,2024-02-02,14:47:00,2024-02-13,60.0,60.0,60.0,60.0,0,80,1
FINNIFTY13FEB2421250CE.NFO,2024-02-02,14:48:00,2024-02-13,60.0,60.0,60.0,60.0,0,80,0
FINNIFTY13FEB2421250CE.NFO,2024-02-02,14:49:00,2024-02-13,60.0,60.0,60.0,60.0,0,80,1
FINNIFTY13FEB2421250CE.NFO,2024-02-02,14:50:00,2024-02-13,60.0,60.0,60.0,60.0,0,80,1
FINNIFTY13FEB2421250CE.NFO,2024-02-02,14:51:00,2024-02-13,60.0,60.0,60.0,60.0,0,80,0
FINNIFTY13FEB2421250CE.NFO,2024-02-02,14:52:00,2024-02-13,60.0,60.0,60.0,60.0,0,80,1
FINNIFTY13FEB2421250CE.NFO,2024-02-02,14:53:00,2024-02-13,60.0,60.0,60.0,60.0,0,80,1
FINNIFTY13FEB2421250CE.NFO,2024-02-02,14:54:00,2024-02-13,60.0,60.0,60.0,60.0,0,80,0
FINNIFTY13FEB2421250CE.NFO,2024-02-02,14:55:00,2024-02-13,60.0,60.0,60.0,60.0,0,80,1
FINNIFTY13FEB2421250CE.NFO,2024-02-02,14:56:00,2024-02-13,60.0,60.0,60.0,60.0,0,80,1
FINNIFTY13FEB2421250CE.NFO,2024-02-02,14:57:00,2024-02-13,60.0,60.0,60.0,60.0,0,80,1
FINNIFTY13FEB2421250CE.NFO,2024-02-02,14:58:00,2024-02-13,60.0,60.0,60.0,60.0,0,80,1
FINNIFTY13FEB2421250CE.NFO,2024-02-02,14:59:00,2024-02-13,60.0,60.0,60.0,60.0,0,80,1
FINNIFTY13FEB2421250CE.NFO,2024-02-02,15:00:00,2024-02-13,60.0,60.0,60.0,60.0,0,80,1
FINNIFTY13FEB2421250CE.NFO,2024-02-02,15:01:00,2024-02-13,60.0,60.0,60.0,60.0,0,80,1
FINNIFTY13FEB2421250CE.NFO,2024-02-02,15:02:00,2024-02-13,60.0,60.0,60.0,60.0,0,80,1
FINNIFTY13FEB2421250CE.NFO,2024-02-02,15:03:00,2024-02-13,60.0,60.0,60.0,60.0,0,80,0
FINNIFTY13FEB2421250CE.NFO,2024-02-02,15:04:00,2024-02-13,60.0,60.0,60.0,60.0,0,80,1
FINNIFTY13FEB2421250CE.NFO,2024-02-02,15:05:00,2024-02-13,60.0,60.0,60.0,60.0,0,80,1
FINNIFTY13FEB2421250CE.NFO,2024-02-02,15:06:00,2024-02-13,60.0,60.0,60.0,60.0,0,80,1
FINNIFTY13FEB2421250CE.NFO,2024-02-02,15:07:00,2024-02-13,60.0,60.0,60.0,60.0,0,80,1
FINNIFTY13FEB2421250CE.NFO,2024-02-02,15:08:00,2024-02-13,60.0,60.0,60.0,60.0,0,80,0
FINNIFTY13FEB2421250CE.NFO,2024-02-02,15:09:00,2024-02-13,60.0,60.0,60.0,60.0,0,80,1
FINNIFTY13FEB2421250CE.NFO,2024-02-02,15:10:00,2024-02-13,60.0,60.0,60.0,60.0,0,80,1
FINNIFTY13FEB2421250CE.NFO,2024-02-02,15:11:00,2024-02-13,60.0,60.0,60.0,60.0,0,80,1
FINNIFTY13FEB2421250CE.NFO,2024-02-02,15:12:00,2024-02-13,60.0,60.0,60.0,60.0,0,80,1
FINNIFTY13FEB2421250CE.NFO,2024-02-02,15:13:00,2024-02-13,60.0,60.0,60.0,60.0,0,80,1
FINNIFTY13FEB2421250CE.NFO,2024-02-02,15:14:00,2024-02-13,60.0,60.0,60.0,60.0,0,80,1
FINNIFTY13FEB2421250CE.NFO,2024-02-02,15:15:00,2024-02-13,60.0,60.0,60.0,60.0,0,80,1
FINNIFTY13FEB2421250CE.NFO,2024-02-02,15:16:00,2024-02-13,60.0,60.0,60.0,60.0,0,80,1
FINNIFTY13FEB2421250CE.NFO,2024-02-02,15:17:00,2024-02-13,60.0,60.0,60.0,60.0,0,80,1
FINNIFTY13FEB2421250CE.NFO,2024-02-02,15:18:00,2024-02-13,60.0,60.0,60.0,60.0,0,80,0
FINNIFTY13FEB2421250CE.NFO,2024-02-02,15:19:00,2024-02-13,60.0,60.0,60.0,60.0,0,80,1
FINNIFTY13FEB2421250CE.NFO,2024-02-02,15:20:00,2024-02-13,60.0,60.0,60.0,60.0,0,80,1
FINNIFTY13FEB2421250CE.NFO,2024-02-02,15:21:00,2024-02-13,60.0,60.0,60.0,60.0,0,80,1
FINNIFTY13FEB2421250CE.NFO,2024-02-02,15:22:00,2024-02-13,60.0,60.0,60.0,60.0,0,80,1
FINNIFTY13FEB2421250CE.NFO,2024-02-02,15:23:00,2024-02-13,60.0,60.0,60.0,60.0,0,80,1
FINNIFTY13FEB2421250CE.NFO,2024-02-02,15:24:00,2024-02-13,60.0,60.0,60.0,60.0,0,80,1
FINNIFTY13FEB2421250CE.NFO,2024-02-02,15:25:00,2024-02-13,60.0,60.0,60.0,60.0,0,80,1
FINNIFTY13FEB2421250CE.NFO,2024-02-02,15:26:00,2024-02-13,60.0,60.0,60.0,60.0,0,80,1
FINNIFTY13FEB2421250CE.NFO,2024-02-02,15:27:00,2024-02-13,60.0,60.0,60.0,60.0,0,80,1
FINNIFTY13FEB2421250CE.NFO,2024-02-02,15:28:00,2024-02-13,60.0,60.0,60.0,60.0,0,80,1
FINNIFTY13FEB2421250CE.NFO,2024-02-02,15:29:00,2024-02-13,60.0,60.0,60.0,60.0,0,80,1
FINNIFTY13FEB2421250CE.NFO,2024-02-02,15:30:00,2024-02-13,60.0,60.0,60.0,60.0,0,80,1
FINNIFTY13FEB2421250CE.NFO,2024-02-05,09:15:00,2024-02-13,23.2,23.2,23.2,23.2,0,40,1
FINNIFTY13FEB2421250CE.NFO,2024-02-05,09:16:00,2024-02-13,23.2,23.2,23.2,23.2,0,40,1
FINNIFTY13FEB2421250CE.NFO,2024-02-05,09:17:00,2024-02-13,23.2,23.2,23.2,23.2,0,40,1
FINNIFTY13FEB2421250CE.NFO,2024-02-05,09:18:00,2024-02-13,23.2,23.2,23.2,23.2,0,40,1
FINNIFTY13FEB2421250CE.NFO,2024-02-05,09:19:00,2024-02-13,23.2,23.2,23.2,23.2,0,40,1
FINNIFTY13FEB2421250CE.NFO,2024-02-05,09:20:00,2024-02-13,23.2,23.2,23.2,23.2,0,40,1
FINNIFTY13FEB2421250CE.NFO,2024-02-05,09:21:00,2024-02-13,23.2,23.2,23.2,23.2,0,40,1
FINNIFTY13FEB2421250CE.NFO,2024-02-05,09:22:00,2024-02-13,23.2,23.2,23.2,23.2,0,40,1
FINNIFTY13FEB2421250CE.NFO,2024-02-05,09:23:00,2024-02-13,23.2,23.2,23.2,23.2,0,40,1
FINNIFTY13FEB2421250CE.NFO,2024-02-05,09:24:00,2024-02-13,23.2,23.2,23.2,23.2,0,40,1
FINNIFTY13FEB2421250CE.NFO,2024-02-05,09:25:00,2024-02-13,23.2,23.2,23.2,23.2,0,40,1
FINNIFTY13FEB2421250CE.NFO,2024-02-05,09:26:00,2024-02-13,23.2,23.2,23.2,23.2,0,40,1
FINNIFTY13FEB2421250CE.NFO,2024-02-05,09:27:00,2024-02-13,23.2,23.2,23.2,23.2,0,40,1
FINNIFTY13FEB2421250CE.NFO,2024-02-05,09:28:00,2024-02-13,23.2,23.2,23.2,23.2,0,40,1
FINNIFTY13FEB2421250CE.NFO,2024-02-05,09:29:00,2024-02-13,23.2,23.2,23.2,23.2,0,40,1
FINNIFTY13FEB2421250CE.NFO,2024-02-05,09:30:00,2024-02-13,23.2,23.2,23.2,23.2,0,40,1
FINNIFTY13FEB2421250CE.NFO,2024-02-05,09:31:00,2024-02-13,23.2,23.2,23.2,23.2,0,40,1
FINNIFTY13FEB2421250CE.NFO,2024-02-05,09:32:00,2024-02-13,23.2,23.2,23.2,23.2,0,40,1
FINNIFTY13FEB2421250CE.NFO,2024-02-05,09:33:00,2024-02-13,23.2,23.2,23.2,23.2,0,40,1
FINNIFTY13FEB2421250CE.NFO,2024-02-05,09:34:00,2024-02-13,23.2,23.2,23.2,23.2,0,40,1
FINNIFTY13FEB2421250CE.NFO,2024-02-05,09:35:00,2024-02-13,23.2,23.2,23.2,23.2,0,40,1
FINNIFTY13FEB2421250CE.NFO,2024-02-05,09:36:00,2024-02-13,23.2,23.2,23.2,23.2,0,40,1
FINNIFTY13FEB2421250CE.NFO,2024-02-05,09:37:00,2024-02-13,23.2,23.2,23.2,23.2,0,40,1
FINNIFTY13FEB2421250CE.NFO,2024-02-05,09:38:00,2024-02-13,23.2,23.2,23.2,23.2,0,40,1
FINNIFTY13FEB2421250CE.NFO,2024-02-05,09:39:00,2024-02-13,23.2,23.2,23.2,23.2,0,40,1
FINNIFTY13FEB2421250CE.NFO,2024-02-05,09:40:00,2024-02-13,23.2,23.2,23.2,23.2,0,40,1
FINNIFTY13FEB2421250CE.NFO,2024-02-05,09:41:00,2024-02-13,23.2,23.2,23.2,23.2,0,40,1
FINNIFTY13FEB2421250CE.NFO,2024-02-05,09:42:00,2024-02-13,23.2,23.2,23.2,23.2,0,40,1
FINNIFTY13FEB2421250CE.NFO,2024-02-05,09:43:00,2024-02-13,23.2,23.2,23.2,23.2,0,40,1
FINNIFTY13FEB2421250CE.NFO,2024-02-05,09:44:00,2024-02-13,23.2,23.2,23.2,23.2,0,40,1
FINNIFTY13FEB2421250CE.NFO,2024-02-05,09:45:00,2024-02-13,23.2,23.2,23.2,23.2,0,40,1
FINNIFTY13FEB2421250CE.NFO,2024-02-05,09:46:00,2024-02-13,23.2,23.2,23.2,23.2,0,40,1
FINNIFTY13FEB2421250CE.NFO,2024-02-05,09:47:00,2024-02-13,23.2,23.2,23.2,23.2,0,40,1
FINNIFTY13FEB2421250CE.NFO,2024-02-05,09:48:00,2024-02-13,23.2,23.2,23.2,23.2,0,40,1
FINNIFTY13FEB2421250CE.NFO,2024-02-05,09:49:00,2024-02-13,23.2,23.2,23.2,23.2,0,40,1
FINNIFTY13FEB2421250CE.NFO,2024-02-05,09:50:00,2024-02-13,23.2,23.2,23.2,23.2,0,40,1
FINNIFTY13FEB2421250CE.NFO,2024-02-05,09:51:00,2024-02-13,23.2,23.2,23.2,23.2,0,40,1
FINNIFTY13FEB2421250CE.NFO,2024-02-05,09:52:00,2024-02-13,23.2,23.2,23.2,23.2,0,40,1
FINNIFTY13FEB2421250CE.NFO,2024-02-05,09:53:00,2024-02-13,23.2,23.2,23.2,23.2,0,40,1
FINNIFTY13FEB2421250CE.NFO,2024-02-05,09:54:00,2024-02-13,23.2,23.2,23.2,23.2,0,40,1
FINNIFTY13FEB2421250CE.NFO,2024-02-05,09:55:00,2024-02-13,23.2,23.2,23.2,23.2,0,40,1
FINNIFTY13FEB2421250CE.NFO,2024-02-05,09:56:00,2024-02-13,23.2,23.2,23.2,23.2,0,40,1
FINNIFTY13FEB2421250CE.NFO,2024-02-05,09:57:00,2024-02-13,23.2,23.2,23.2,23.2,0,40,1
FINNIFTY13FEB2421250CE.NFO,2024-02-05,09:58:00,2024-02-13,23.2,23.2,23.2,23.2,0,40,1
FINNIFTY13FEB2421250CE.NFO,2024-02-05,09:59:00,2024-02-13,23.2,23.2,23.2,23.2,0,40,1
FINNIFTY13FEB2421250CE.NFO,2024-02-05,10:00:00,2024-02-13,23.2,23.2,23.2,23.2,0,40,1
FINNIFTY13FEB2421250CE.NFO,2024-02-05,10:01:00,2024-02-13,23.2,23.2,23.2,23.2,0,40,1
FINNIFTY13FEB2421250CE.NFO,2024-02-05,10:02:00,2024-02-13,23.2,23.2,23.2,23.2,0,40,1
FINNIFTY13FEB2421250CE.NFO,2024-02-05,10:03:00,2024-02-13,23.2,23.2,23.2,23.2,0,40,1
FINNIFTY13FEB2421250CE.NFO,2024-02-05,10:04:00,2024-02-13,23.2,23.2,23.2,23.2,0,40,1
FINNIFTY13FEB2421250CE.NFO,2024-02-05,10:05:00,2024-02-13,23.2,23.2,23.2,23.2,0,40,1
FINNIFTY13FEB2421250CE.NFO,2024-02-05,10:06:00,2024-02-13,23.2,23.2,23.2,23.2,0,40,1
FINNIFTY13FEB2421250CE.NFO,2024-02-05,10:07:00,2024-02-13,23.2,23.2,23.2,23.2,0,40,1
FINNIFTY13FEB2421250CE.NFO,2024-02-05,10:08:00,2024-02-13,23.2,23.2,23.2,23.2,0,40,1
FINNIFTY13FEB2421250CE.NFO,2024-02-05,10:09:00,2024-02-13,23.2,23.2,23.2,23.2,0,40,1
FINNIFTY13FEB2421250CE.NFO,2024-02-05,10:10:00,2024-02-13,23.2,23.2,23.2,23.2,0,40,1
FINNIFTY13FEB2421250CE.NFO,2024-02-05,10:11:00,2024-02-13,23.2,23.2,23.2,23.2,0,40,1
FINNIFTY13FEB2421250CE.NFO,2024-02-05,10:12:00,2024-02-13,23.2,23.2,23.2,23.2,0,40,1
FINNIFTY13FEB2421250CE.NFO,2024-02-05,10:13:00,2024-02-13,23.2,23.2,23.2,23.2,0,40,1
FINNIFTY13FEB2421250CE.NFO,2024-02-05,10:14:00,2024-02-13,23.2,23.2,23.2,23.2,0,40,1
FINNIFTY13FEB2421250CE.NFO,2024-02-05,10:15:00,2024-02-13,23.2,23.2,23.2,23.2,0,40,1
FINNIFTY13FEB2421250CE.NFO,2024-02-05,10:16:00,2024-02-13,23.2,23.2,23.2,23.2,0,40,1
FINNIFTY13FEB2421250CE.NFO,2024-02-05,10:17:00,2024-02-13,23.2,23.2,23.2,23.2,0,40,1
FINNIFTY13FEB2421250CE.NFO,2024-02-05,10:18:00,2024-02-13,23.2,23.2,23.2,23.2,0,40,1
FINNIFTY13FEB2421250CE.NFO,2024-02-05,10:19:00,2024-02-13,23.2,23.2,23.2,23.2,0,40,1
FINNIFTY13FEB2421250CE.NFO,2024-02-05,10:20:00,2024-02-13,23.2,23.2,23.2,23.2,0,40,1
FINNIFTY13FEB2421250CE.NFO,2024-02-05,10:21:00,2024-02-13,23.2,23.2,23.2,23.2,0,40,1
FINNIFTY13FEB2421250CE.NFO,2024-02-05,10:22:00,2024-02-13,23.2,23.2,23.2,23.2,0,40,1
FINNIFTY13FEB2421250CE.NFO,2024-02-05,10:23:00,2024-02-13,23.2,23.2,23.2,23.2,0,40,1
FINNIFTY13FEB2421250CE.NFO,2024-02-05,10:24:00,2024-02-13,23.2,23.2,23.2,23.2,0,40,1
FINNIFTY13FEB2421250CE.NFO,2024-02-05,10:25:00,2024-02-13,23.2,23.2,23.2,23.2,0,40,1
FINNIFTY13FEB2421250CE.NFO,2024-02-05,10:26:00,2024-02-13,23.2,23.2,23.2,23.2,0,40,1
FINNIFTY13FEB2421250CE.NFO,2024-02-05,10:27:00,2024-02-13,23.2,23.2,23.2,23.2,0,40,1
FINNIFTY13FEB2421250CE.NFO,2024-02-05,10:28:00,2024-02-13,23.2,23.2,23.2,23.2,0,40,1
FINNIFTY13FEB2421250CE.NFO,2024-02-05,10:29:00,2024-02-13,23.2,23.2,23.2,23.2,0,40,1
FINNIFTY13FEB2421250CE.NFO,2024-02-05,10:30:00,2024-02-13,23.2,23.2,23.2,23.2,0,40,1
FINNIFTY13FEB2421250CE.NFO,2024-02-05,10:31:00,2024-02-13,23.2,23.2,23.2,23.2,0,40,1
FINNIFTY13FEB2421250CE.NFO,2024-02-05,10:32:00,2024-02-13,23.2,23.2,23.2,23.2,0,40,1
FINNIFTY13FEB2421250CE.NFO,2024-02-05,10:33:00,2024-02-13,23.2,23.2,23.2,23.2,0,40,1
FINNIFTY13FEB2421250CE.NFO,2024-02-05,10:34:00,2024-02-13,23.2,23.2,23.2,23.2,0,40,1
FINNIFTY13FEB2421250CE.NFO,2024-02-05,10:35:00,2024-02-13,23.2,23.2,23.2,23.2,0,40,1
FINNIFTY13FEB2421250CE.NFO,2024-02-05,10:36:00,2024-02-13,23.2,23.2,23.2,23.2,0,40,1
FINNIFTY13FEB2421250CE.NFO,2024-02-05,10:37:00,2024-02-13,23.2,23.2,23.2,23.2,0,40,1
FINNIFTY13FEB2421250CE.NFO,2024-02-05,10:38:00,2024-02-13,23.2,23.2,23.2,23.2,0,40,1
FINNIFTY13FEB2421250CE.NFO,2024-02-05,10:39:00,2024-02-13,23.2,23.2,23.2,23.2,0,40,1
FINNIFTY13FEB2421250CE.NFO,2024-02-05,10:40:00,2024-02-13,23.2,23.2,23.2,23.2,0,40,1
FINNIFTY13FEB2421250CE.NFO,2024-02-05,10:41:00,2024-02-13,23.2,23.2,23.2,23.2,0,40,1
FINNIFTY13FEB2421250CE.NFO,2024-02-05,10:42:00,2024-02-13,23.2,23.2,23.2,23.2,0,40,1
FINNIFTY13FEB2421250CE.NFO,2024-02-05,10:43:00,2024-02-13,23.2,23.2,23.2,23.2,0,40,1
FINNIFTY13FEB2421250CE.NFO,2024-02-05,10:44:00,2024-02-13,23.2,23.2,23.2,23.2,0,40,1
FINNIFTY13FEB2421250CE.NFO,2024-02-05,10:45:00,2024-02-13,23.2,23.2,23.2,23.2,0,40,1
FINNIFTY13FEB2421250CE.NFO,2024-02-05,10:46:00,2024-02-13,23.2,23.2,23.2,23.2,0,40,1
FINNIFTY13FEB2421250CE.NFO,2024-02-05,10:47:00,2024-02-13,23.2,23.2,23.2,23.2,0,40,1
FINNIFTY13FEB2421250CE.NFO,2024-02-05,10:48:00,2024-02-13,23.2,23.2,23.2,23.2,0,40,1
FINNIFTY13FEB2421250CE.NFO,2024-02-05,10:49:00,2024-02-13,23.2,23.2,23.2,23.2,0,40,1
FINNIFTY13FEB2421250CE.NFO,2024-02-05,10:50:00,2024-02-13,23.2,23.2,23.2,23.2,0,40,1
FINNIFTY13FEB2421250CE.NFO,2024-02-05,10:51:00,2024-02-13,23.2,23.2,23.2,23.2,0,40,1
FINNIFTY13FEB2421250CE.NFO,2024-02-05,10:52:00,2024-02-13,23.2,23.2,23.2,23.2,0,40,1
FINNIFTY13FEB2421250CE.NFO,2024-02-05,10:53:00,2024-02-13,23.2,23.2,23.2,23.2,0,40,1
FINNIFTY13FEB2421250CE.NFO,2024-02-05,10:54:00,2024-02-13,23.2,23.2,23.2,23.2,0,40,1
FINNIFTY13FEB2421250CE.NFO,2024-02-05,10:55:00,2024-02-13,23.2,23.2,23.2,23.2,0,40,1
FINNIFTY13FEB2421250CE.NFO,2024-02-05,10:56:00,2024-02-13,23.2,23.2,23.2,23.2,0,40,1
FINNIFTY13FEB2421250CE.NFO,2024-02-05,10:57:00,2024-02-13,23.2,23.2,23.2,23.2,0,40,1
FINNIFTY13FEB2421250CE.NFO,2024-02-05,10:58:00,2024-02-13,23.2,23.2,23.2,23.2,0,40,1
FINNIFTY13FEB2421250CE.NFO,2024-02-05,10:59:00,2024-02-13,23.2,23.2,23.2,23.2,0,40,1
FINNIFTY13FEB2421250CE.NFO,2024-02-05,11:00:00,2024-02-13,23.2,23.2,23.2,23.2,0,40,1
FINNIFTY13FEB2421250CE.NFO,2024-02-05,11:01:00,2024-02-13,23.2,23.2,23.2,23.2,0,40,1
FINNIFTY13FEB2421250CE.NFO,2024-02-05,11:02:00,2024-02-13,23.2,23.2,23.2,23.2,0,40,1
FINNIFTY13FEB2421250CE.NFO,2024-02-05,11:03:00,2024-02-13,23.2,23.2,23.2,23.2,0,40,1
FINNIFTY13FEB2421250CE.NFO,2024-02-05,11:04:00,2024-02-13,23.2,23.2,23.2,23.2,0,40,1
FINNIFTY13FEB2421250CE.NFO,2024-02-05,11:05:00,2024-02-13,23.2,23.2,23.2,23.2,0,40,1
FINNIFTY13FEB2421250CE.NFO,2024-02-05,11:06:00,2024-02-13,23.2,23.2,23.2,23.2,0,40,1
FINNIFTY13FEB2421250CE.NFO,2024-02-05,11:07:00,2024-02-13,23.2,23.2,23.2,23.2,0,40,1
FINNIFTY13FEB2421250CE.NFO,2024-02-05,11:08:00,2024-02-13,23.2,23.2,23.2,23.2,0,40,1
FINNIFTY13FEB2421250CE.NFO,2024-02-05,11:09:00,2024-02-13,23.2,23.2,23.2,23.2,0,40,1
FINNIFTY13FEB2421250CE.NFO,2024-02-05,11:10:00,2024-02-13,23.2,23.2,23.2,23.2,0,40,1
FINNIFTY13FEB2421250CE.NFO,2024-02-05,11:11:00,2024-02-13,23.2,23.2,23.2,23.2,0,40,1
FINNIFTY13FEB2421250CE.NFO,2024-02-05,11:12:00,2024-02-13,23.2,23.2,23.2,23.2,0,40,1
FINNIFTY13FEB2421250CE.NFO,2024-02-05,11:13:00,2024-02-13,23.2,23.2,23.2,23.2,0,40,1
FINNIFTY13FEB2421250CE.NFO,2024-02-05,11:14:00,2024-02-13,23.2,23.2,23.2,23.2,0,40,1
FINNIFTY13FEB2421250CE.NFO,2024-02-05,11:15:00,2024-02-13,23.2,23.2,23.2,23.2,0,40,1
FINNIFTY13FEB2421250CE.NFO,2024-02-05,11:16:00,2024-02-13,23.2,23.2,23.2,23.2,0,40,1
FINNIFTY13FEB2421250CE.NFO,2024-02-05,11:17:00,2024-02-13,23.2,23.2,23.2,23.2,0,40,1
FINNIFTY13FEB2421250CE.NFO,2024-02-05,11:18:00,2024-02-13,23.2,23.2,23.2,23.2,0,40,1
FINNIFTY13FEB2421250CE.NFO,2024-02-05,11:19:00,2024-02-13,23.2,23.2,23.2,23.2,0,40,1
FINNIFTY13FEB2421250CE.NFO,2024-02-05,11:20:00,2024-02-13,23.2,23.2,23.2,23.2,0,40,1
FINNIFTY13FEB2421250CE.NFO,2024-02-05,11:21:00,2024-02-13,23.2,23.2,23.2,23.2,0,40,1
FINNIFTY13FEB2421250CE.NFO,2024-02-05,11:22:00,2024-02-13,23.2,23.2,23.2,23.2,0,40,1
FINNIFTY13FEB2421250CE.NFO,2024-02-05,11:23:00,2024-02-13,23.2,23.2,23.2,23.2,0,40,1
FINNIFTY13FEB2421250CE.NFO,2024-02-05,11:24:00,2024-02-13,23.2,23.2,23.2,23.2,0,40,1
FINNIFTY13FEB2421250CE.NFO,2024-02-05,11:25:00,2024-02-13,23.2,23.2,23.2,23.2,0,40,1
FINNIFTY13FEB2421250CE.NFO,2024-02-05,11:26:00,2024-02-13,23.2,23.2,23.2,23.2,0,40,1
FINNIFTY13FEB2421250CE.NFO,2024-02-05,11:27:00,2024-02-13,23.2,23.2,23.2,23.2,0,40,1
FINNIFTY13FEB2421250CE.NFO,2024-02-05,11:28:00,2024-02-13,23.2,23.2,23.2,23.2,0,40,1
FINNIFTY13FEB2421250CE.NFO,2024-02-05,11:29:00,2024-02-13,23.2,23.2,23.2,23.2,0,40,1
FINNIFTY13FEB2421250CE.NFO,2024-02-05,11:30:00,2024-02-13,23.2,23.2,23.2,23.2,0,40,1
FINNIFTY13FEB2421250CE.NFO,2024-02-05,11:31:00,2024-02-13,23.2,23.2,23.2,23.2,0,40,1
FINNIFTY13FEB2421250CE.NFO,2024-02-05,11:32:00,2024-02-13,23.2,23.2,23.2,23.2,0,40,1
FINNIFTY13FEB2421250CE.NFO,2024-02-05,11:33:00,2024-02-13,23.2,23.2,23.2,23.2,0,40,1
FINNIFTY13FEB2421250CE.NFO,2024-02-05,11:34:00,2024-02-13,23.2,23.2,23.2,23.2,0,40,1
FINNIFTY13FEB2421250CE.NFO,2024-02-05,11:35:00,2024-02-13,23.2,23.2,23.2,23.2,0,40,1
FINNIFTY13FEB2421250CE.NFO,2024-02-05,11:36:00,2024-02-13,23.2,23.2,23.2,23.2,0,40,1
FINNIFTY13FEB2421250CE.NFO,2024-02-05,11:37:00,2024-02-13,23.2,23.2,23.2,23.2,0,40,1
FINNIFTY13FEB2421250CE.NFO,2024-02-05,11:38:00,2024-02-13,23.2,23.2,23.2,23.2,0,40,1
FINNIFTY13FEB2421250CE.NFO,2024-02-05,11:39:00,2024-02-13,23.2,23.2,23.2,23.2,0,40,1
FINNIFTY13FEB2421250CE.NFO,2024-02-05,11:40:00,2024-02-13,23.2,23.2,23.2,23.2,0,40,1
FINNIFTY13FEB2421250CE.NFO,2024-02-05,11:41:00,2024-02-13,23.2,23.2,23.2,23.2,0,40,1
FINNIFTY13FEB2421250CE.NFO,2024-02-05,11:42:00,2024-02-13,23.2,23.2,23.2,23.2,0,40,1
FINNIFTY13FEB2421250CE.NFO,2024-02-05,11:43:00,2024-02-13,23.2,23.2,23.2,23.2,0,40,1
FINNIFTY13FEB2421250CE.NFO,2024-02-05,11:44:00,2024-02-13,23.2,23.2,23.2,23.2,0,40,1
FINNIFTY13FEB2421250CE.NFO,2024-02-05,11:45:00,2024-02-13,23.2,23.2,23.2,23.2,0,40,1
FINNIFTY13FEB2421250CE.NFO,2024-02-05,11:46:00,2024-02-13,23.2,23.2,23.2,23.2,0,40,1
FINNIFTY13FEB2421250CE.NFO,2024-02-05,11:47:00,2024-02-13,23.2,23.2,23.2,23.2,0,40,1
FINNIFTY13FEB2421250CE.NFO,2024-02-05,11:48:00,2024-02-13,23.2,23.2,23.2,23.2,0,40,1
FINNIFTY13FEB2421250CE.NFO,2024-02-05,11:49:00,2024-02-13,23.2,23.2,23.2,23.2,0,40,1
FINNIFTY13FEB2421250CE.NFO,2024-02-05,11:50:00,2024-02-13,23.2,23.2,23.2,23.2,0,40,1
FINNIFTY13FEB2421250CE.NFO,2024-02-05,11:51:00,2024-02-13,23.2,23.2,23.2,23.2,0,40,1
FINNIFTY13FEB2421250CE.NFO,2024-02-05,11:52:00,2024-02-13,23.2,23.2,23.2,23.2,0,40,1
FINNIFTY13FEB2421250CE.NFO,2024-02-05,11:53:00,2024-02-13,23.2,23.2,23.2,23.2,0,40,1
FINNIFTY13FEB2421250CE.NFO,2024-02-05,11:54:00,2024-02-13,23.2,23.2,23.2,23.2,0,40,1
FINNIFTY13FEB2421250CE.NFO,2024-02-05,11:55:00,2024-02-13,23.2,23.2,23.2,23.2,0,40,1
FINNIFTY13FEB2421250CE.NFO,2024-02-05,11:56:00,2024-02-13,23.2,23.2,23.2,23.2,0,40,1
FINNIFTY13FEB2421250CE.NFO,2024-02-05,11:57:00,2024-02-13,23.2,23.2,23.2,23.2,0,40,1
FINNIFTY13FEB2421250CE.NFO,2024-02-05,11:58:00,2024-02-13,23.2,23.2,23.2,23.2,0,40,1
FINNIFTY13FEB2421250CE.NFO,2024-02-05,11:59:00,2024-02-13,23.2,23.2,23.2,23.2,0,40,1
FINNIFTY13FEB2421250CE.NFO,2024-02-05,12:00:00,2024-02-13,23.2,23.2,23.2,23.2,0,40,1
FINNIFTY13FEB2421250CE.NFO,2024-02-05,12:01:00,2024-02-13,23.2,23.2,23.2,23.2,0,40,1
FINNIFTY13FEB2421250CE.NFO,2024-02-05,12:02:00,2024-02-13,23.2,23.2,23.2,23.2,0,40,1
FINNIFTY13FEB2421250CE.NFO,2024-02-05,12:03:00,2024-02-13,23.2,23.2,23.2,23.2,0,40,1
FINNIFTY13FEB2421250CE.NFO,2024-02-05,12:04:00,2024-02-13,23.2,23.2,23.2,23.2,0,40,1
FINNIFTY13FEB2421250CE.NFO,2024-02-05,12:05:00,2024-02-13,23.2,23.2,23.2,23.2,0,40,1
FINNIFTY13FEB2421250CE.NFO,2024-02-05,12:06:00,2024-02-13,23.2,23.2,23.2,23.2,0,40,1
FINNIFTY13FEB2421250CE.NFO,2024-02-05,12:07:00,2024-02-13,23.2,23.2,23.2,23.2,0,40,1
FINNIFTY13FEB2421250CE.NFO,2024-02-05,12:08:00,2024-02-13,23.2,23.2,23.2,23.2,0,40,1
FINNIFTY13FEB2421250CE.NFO,2024-02-05,12:09:00,2024-02-13,23.2,23.2,23.2,23.2,0,40,1
FINNIFTY13FEB2421250CE.NFO,2024-02-05,12:10:00,2024-02-13,23.2,23.2,23.2,23.2,0,40,1
FINNIFTY13FEB2421250CE.NFO,2024-02-05,12:11:00,2024-02-13,23.2,23.2,23.2,23.2,0,40,1
FINNIFTY13FEB2421250CE.NFO,2024-02-05,12:12:00,2024-02-13,23.2,23.2,23.2,23.2,0,40,1
FINNIFTY13FEB2421250CE.NFO,2024-02-05,12:13:00,2024-02-13,23.2,23.2,23.2,23.2,0,40,1
FINNIFTY13FEB2421250CE.NFO,2024-02-05,12:14:00,2024-02-13,23.2,23.2,23.2,23.2,0,40,1
FINNIFTY13FEB2421250CE.NFO,2024-02-05,12:15:00,2024-02-13,23.2,23.2,23.2,23.2,0,40,1
FINNIFTY13FEB2421250CE.NFO,2024-02-05,12:16:00,2024-02-13,23.2,23.2,23.2,23.2,0,40,1
FINNIFTY13FEB2421250CE.NFO,2024-02-05,12:17:00,2024-02-13,23.2,23.2,23.2,23.2,0,40,1
FINNIFTY13FEB2421250CE.NFO,2024-02-05,12:18:00,2024-02-13,23.2,23.2,23.2,23.2,0,40,1
FINNIFTY13FEB2421250CE.NFO,2024-02-05,12:19:00,2024-02-13,23.2,23.2,23.2,23.2,0,40,1
FINNIFTY13FEB2421250CE.NFO,2024-02-05,12:20:00,2024-02-13,23.2,23.2,23.2,23.2,0,40,1
FINNIFTY13FEB2421250CE.NFO,2024-02-05,12:21:00,2024-02-13,23.2,23.2,23.2,23.2,0,40,1
FINNIFTY13FEB2421250CE.NFO,2024-02-05,12:22:00,2024-02-13,23.2,23.2,23.2,23.2,0,40,1
FINNIFTY13FEB2421250CE.NFO,2024-02-05,12:23:00,2024-02-13,23.2,23.2,23.2,23.2,0,40,1
FINNIFTY13FEB2421250CE.NFO,2024-02-05,12:24:00,2024-02-13,23.2,23.2,23.2,23.2,0,40,1
FINNIFTY13FEB2421250CE.NFO,2024-02-05,12:25:00,2024-02-13,23.2,23.2,23.2,23.2,0,40,1
FINNIFTY13FEB2421250CE.NFO,2024-02-05,12:26:00,2024-02-13,23.2,23.2,23.2,23.2,0,40,1
FINNIFTY13FEB2421250CE.NFO,2024-02-05,12:27:00,2024-02-13,23.2,23.2,23.2,23.2,0,40,1
FINNIFTY13FEB2421250CE.NFO,2024-02-05,12:28:00,2024-02-13,23.2,23.2,23.2,23.2,0,40,1
FINNIFTY13FEB2421250CE.NFO,2024-02-05,12:29:00,2024-02-13,23.2,23.2,23.2,23.2,0,40,1
FINNIFTY13FEB2421250CE.NFO,2024-02-05,12:30:00,2024-02-13,23.2,23.2,23.2,23.2,0,40,1
FINNIFTY13FEB2421250CE.NFO,2024-02-05,12:31:00,2024-02-13,23.2,23.2,23.2,23.2,0,40,1
FINNIFTY13FEB2421250CE.NFO,2024-02-05,12:32:00,2024-02-13,23.2,23.2,23.2,23.2,0,40,1
FINNIFTY13FEB2421250CE.NFO,2024-02-05,12:33:00,2024-02-13,23.2,23.2,23.2,23.2,0,40,1
FINNIFTY13FEB2421250CE.NFO,2024-02-05,12:34:00,2024-02-13,23.2,23.2,23.2,23.2,0,40,1
FINNIFTY13FEB2421250CE.NFO,2024-02-05,12:35:00,2024-02-13,23.2,23.2,23.2,23.2,0,40,1
FINNIFTY13FEB2421250CE.NFO,2024-02-05,12:36:00,2024-02-13,23.2,23.2,23.2,23.2,0,40,1
FINNIFTY13FEB2421250CE.NFO,2024-02-05,12:37:00,2024-02-13,23.2,23.2,23.2,23.2,0,40,1
FINNIFTY13FEB2421250CE.NFO,2024-02-05,12:38:00,2024-02-13,23.2,23.2,23.2,23.2,0,40,1
FINNIFTY13FEB2421250CE.NFO,2024-02-05,12:39:00,2024-02-13,23.2,23.2,23.2,23.2,0,40,1
FINNIFTY13FEB2421250CE.NFO,2024-02-05,12:40:00,2024-02-13,23.2,23.2,23.2,23.2,0,40,1
FINNIFTY13FEB2421250CE.NFO,2024-02-05,12:41:00,2024-02-13,23.2,23.2,23.2,23.2,0,40,1
FINNIFTY13FEB2421250CE.NFO,2024-02-05,12:42:00,2024-02-13,23.2,23.2,23.2,23.2,0,40,1
FINNIFTY13FEB2421250CE.NFO,2024-02-05,12:43:00,2024-02-13,23.2,23.2,23.2,23.2,0,40,1
FINNIFTY13FEB2421250CE.NFO,2024-02-05,12:44:00,2024-02-13,23.2,23.2,23.2,23.2,0,40,1
FINNIFTY13FEB2421250CE.NFO,2024-02-05,12:45:00,2024-02-13,23.2,23.2,23.2,23.2,0,40,1
FINNIFTY13FEB2421250CE.NFO,2024-02-05,12:46:00,2024-02-13,23.2,23.2,23.2,23.2,0,40,1
FINNIFTY13FEB2421250CE.NFO,2024-02-05,12:47:00,2024-02-13,23.2,23.2,23.2,23.2,0,40,1
FINNIFTY13FEB2421250CE.NFO,2024-02-05,12:48:00,2024-02-13,23.2,23.2,23.2,23.2,0,40,1
FINNIFTY13FEB2421250CE.NFO,2024-02-05,12:49:00,2024-02-13,23.2,23.2,23.2,23.2,0,40,1
FINNIFTY13FEB2421250CE.NFO,2024-02-05,12:50:00,2024-02-13,23.2,23.2,23.2,23.2,0,40,1
FINNIFTY13FEB2421250CE.NFO,2024-02-05,12:51:00,2024-02-13,23.2,23.2,23.2,23.2,0,40,1
FINNIFTY13FEB2421250CE.NFO,2024-02-05,12:52:00,2024-02-13,23.2,23.2,23.2,23.2,0,40,1
FINNIFTY13FEB2421250CE.NFO,2024-02-05,12:53:00,2024-02-13,23.2,23.2,23.2,23.2,0,40,1
FINNIFTY13FEB2421250CE.NFO,2024-02-05,12:54:00,2024-02-13,23.2,23.2,23.2,23.2,0,40,1
FINNIFTY13FEB2421250CE.NFO,2024-02-05,12:55:00,2024-02-13,23.2,23.2,23.2,23.2,0,40,1
FINNIFTY13FEB2421250CE.NFO,2024-02-05,12:56:00,2024-02-13,23.2,23.2,23.2,23.2,0,40,1
FINNIFTY13FEB2421250CE.NFO,2024-02-05,12:57:00,2024-02-13,23.2,23.2,23.2,23.2,0,40,1
FINNIFTY13FEB2421250CE.NFO,2024-02-05,12:58:00,2024-02-13,23.2,23.2,23.2,23.2,0,40,1
FINNIFTY13FEB2421250CE.NFO,2024-02-05,12:59:00,2024-02-13,23.2,23.2,23.2,23.2,0,40,1
FINNIFTY13FEB2421250CE.NFO,2024-02-05,13:00:00,2024-02-13,23.2,23.2,23.2,23.2,0,40,1
FINNIFTY13FEB2421250CE.NFO,2024-02-05,13:01:00,2024-02-13,23.2,23.2,23.2,23.2,0,40,1
FINNIFTY13FEB2421250CE.NFO,2024-02-05,13:02:00,2024-02-13,23.2,23.2,23.2,23.2,0,40,1
FINNIFTY13FEB2421250CE.NFO,2024-02-05,13:03:00,2024-02-13,23.2,23.2,23.2,23.2,0,40,1
FINNIFTY13FEB2421250CE.NFO,2024-02-05,13:04:00,2024-02-13,23.2,23.2,23.2,23.2,0,40,1
FINNIFTY13FEB2421250CE.NFO,2024-02-05,13:05:00,2024-02-13,23.2,23.2,23.2,23.2,0,40,1
FINNIFTY13FEB2421250CE.NFO,2024-02-05,13:06:00,2024-02-13,23.2,23.2,23.2,23.2,0,40,1
FINNIFTY13FEB2421250CE.NFO,2024-02-05,13:07:00,2024-02-13,23.2,23.2,23.2,23.2,0,40,1
FINNIFTY13FEB2421250CE.NFO,2024-02-05,13:08:00,2024-02-13,23.2,23.2,23.2,23.2,0,40,1
FINNIFTY13FEB2421250CE.NFO,2024-02-05,13:09:00,2024-02-13,23.2,23.2,23.2,23.2,0,40,1
FINNIFTY13FEB2421250CE.NFO,2024-02-05,13:10:00,2024-02-13,23.2,23.2,23.2,23.2,0,40,1
FINNIFTY13FEB2421250CE.NFO,2024-02-05,13:11:00,2024-02-13,23.2,23.2,23.2,23.2,0,40,1
FINNIFTY13FEB2421250CE.NFO,2024-02-05,13:12:00,2024-02-13,23.2,23.2,23.2,23.2,0,40,1
FINNIFTY13FEB2421250CE.NFO,2024-02-05,13:13:00,2024-02-13,23.2,23.2,23.2,23.2,0,40,1
FINNIFTY13FEB2421250CE.NFO,2024-02-05,13:14:00,2024-02-13,23.2,23.2,23.2,23.2,0,40,1
FINNIFTY13FEB2421250CE.NFO,2024-02-05,13:15:00,2024-02-13,23.2,23.2,23.2,23.2,0,40,1
FINNIFTY13FEB2421250CE.NFO,2024-02-05,13:16:00,2024-02-13,23.2,23.2,23.2,23.2,0,40,1
FINNIFTY13FEB2421250CE.NFO,2024-02-05,13:17:00,2024-02-13,23.2,23.2,23.2,23.2,0,40,1
FINNIFTY13FEB2421250CE.NFO,2024-02-05,13:18:00,2024-02-13,23.2,23.2,23.2,23.2,0,40,1
FINNIFTY13FEB2421250CE.NFO,2024-02-05,13:19:00,2024-02-13,23.2,23.2,23.2,23.2,0,40,1
FINNIFTY13FEB2421250CE.NFO,2024-02-05,13:20:00,2024-02-13,23.2,23.2,23.2,23.2,0,40,1
FINNIFTY13FEB2421250CE.NFO,2024-02-05,13:21:00,2024-02-13,23.2,23.2,23.2,23.2,0,40,1
FINNIFTY13FEB2421250CE.NFO,2024-02-05,13:22:00,2024-02-13,23.2,23.2,23.2,23.2,0,40,1
FINNIFTY13FEB2421250CE.NFO,2024-02-05,13:23:00,2024-02-13,23.2,23.2,23.2,23.2,0,40,1
FINNIFTY13FEB2421250CE.NFO,2024-02-05,13:24:00,2024-02-13,23.2,23.2,23.2,23.2,0,40,1
FINNIFTY13FEB2421250CE.NFO,2024-02-05,13:25:00,2024-02-13,23.2,23.2,23.2,23.2,0,40,1
FINNIFTY13FEB2421250CE.NFO,2024-02-05,13:26:00,2024-02-13,23.2,23.2,23.2,23.2,0,40,1
FINNIFTY13FEB2421250CE.NFO,2024-02-05,13:27:00,2024-02-13,23.2,23.2,23.2,23.2,0,40,1
FINNIFTY13FEB2421250CE.NFO,2024-02-05,13:28:00,2024-02-13,23.2,23.2,23.2,23.2,0,40,1
FINNIFTY13FEB2421250CE.NFO,2024-02-05,13:29:00,2024-02-13,23.2,23.2,23.2,23.2,0,40,1
FINNIFTY13FEB2421250CE.NFO,2024-02-05,13:30:00,2024-02-13,23.2,23.2,23.2,23.2,0,40,1
FINNIFTY13FEB2421250CE.NFO,2024-02-05,13:31:00,2024-02-13,23.2,23.2,23.2,23.2,0,40,1
FINNIFTY13FEB2421250CE.NFO,2024-02-05,13:32:00,2024-02-13,23.2,23.2,23.2,23.2,0,40,1
FINNIFTY13FEB2421250CE.NFO,2024-02-05,13:33:00,2024-02-13,23.2,23.2,23.2,23.2,0,40,1
FINNIFTY13FEB2421250CE.NFO,2024-02-05,13:34:00,2024-02-13,23.2,23.2,23.2,23.2,0,40,1
FINNIFTY13FEB2421250CE.NFO,2024-02-05,13:35:00,2024-02-13,23.2,23.2,23.2,23.2,0,40,1
FINNIFTY13FEB2421250CE.NFO,2024-02-05,13:36:00,2024-02-13,23.2,23.2,23.2,23.2,0,40,1
FINNIFTY13FEB2421250CE.NFO,2024-02-05,13:37:00,2024-02-13,23.2,23.2,23.2,23.2,0,40,1
FINNIFTY13FEB2421250CE.NFO,2024-02-05,13:38:00,2024-02-13,23.2,23.2,23.2,23.2,0,40,1
FINNIFTY13FEB2421250CE.NFO,2024-02-05,13:39:00,2024-02-13,23.2,23.2,23.2,23.2,0,40,1
FINNIFTY13FEB2421250CE.NFO,2024-02-05,13:40:00,2024-02-13,23.2,23.2,23.2,23.2,0,40,1
FINNIFTY13FEB2421250CE.NFO,2024-02-05,13:41:00,2024-02-13,23.2,23.2,23.2,23.2,0,40,1
FINNIFTY13FEB2421250CE.NFO,2024-02-05,13:42:00,2024-02-13,23.2,23.2,23.2,23.2,0,40,1
FINNIFTY13FEB2421250CE.NFO,2024-02-05,13:43:00,2024-02-13,23.2,23.2,23.2,23.2,0,40,1
FINNIFTY13FEB2421250CE.NFO,2024-02-05,13:44:00,2024-02-13,23.2,23.2,23.2,23.2,0,40,1
FINNIFTY13FEB2421250CE.NFO,2024-02-05,13:45:00,2024-02-13,23.2,23.2,23.2,23.2,0,40,1
FINNIFTY13FEB2421250CE.NFO,2024-02-05,13:46:00,2024-02-13,23.2,23.2,23.2,23.2,0,40,1
FINNIFTY13FEB2421250CE.NFO,2024-02-05,13:47:00,2024-02-13,23.2,23.2,23.2,23.2,0,40,1
FINNIFTY13FEB2421250CE.NFO,2024-02-05,13:48:00,2024-02-13,23.2,23.2,23.2,23.2,0,40,1
FINNIFTY13FEB2421250CE.NFO,2024-02-05,13:49:00,2024-02-13,23.2,23.2,23.2,23.2,0,40,1
FINNIFTY13FEB2421250CE.NFO,2024-02-05,13:50:00,2024-02-13,23.2,23.2,23.2,23.2,0,40,1
FINNIFTY13FEB2421250CE.NFO,2024-02-05,13:51:00,2024-02-13,23.2,23.2,23.2,23.2,0,40,1
FINNIFTY13FEB2421250CE.NFO,2024-02-05,13:52:00,2024-02-13,23.2,23.2,23.2,23.2,0,40,1
FINNIFTY13FEB2421250CE.NFO,2024-02-05,13:53:00,2024-02-13,23.2,23.2,23.2,23.2,0,40,1
FINNIFTY13FEB2421250CE.NFO,2024-02-05,13:54:00,2024-02-13,23.2,23.2,23.2,23.2,0,40,1
FINNIFTY13FEB2421250CE.NFO,2024-02-05,13:55:00,2024-02-13,23.2,23.2,23.2,23.2,0,40,1
FINNIFTY13FEB2421250CE.NFO,2024-02-05,13:56:00,2024-02-13,23.2,23.2,23.2,23.2,0,40,1
FINNIFTY13FEB2421250CE.NFO,2024-02-05,13:57:00,2024-02-13,23.2,23.2,23.2,23.2,0,40,1
FINNIFTY13FEB2421250CE.NFO,2024-02-05,13:58:00,2024-02-13,23.2,23.2,23.2,23.2,0,40,1
FINNIFTY13FEB2421250CE.NFO,2024-02-05,13:59:00,2024-02-13,23.2,23.2,23.2,23.2,0,40,1
FINNIFTY13FEB2421250CE.NFO,2024-02-05,14:00:00,2024-02-13,23.2,23.2,23.2,23.2,0,40,1
FINNIFTY13FEB2421250CE.NFO,2024-02-05,14:01:00,2024-02-13,23.2,23.2,23.2,23.2,0,40,1
FINNIFTY13FEB2421250CE.NFO,2024-02-05,14:02:00,2024-02-13,23.2,23.2,23.2,23.2,0,40,0
FINNIFTY13FEB2421250CE.NFO,2024-02-05,14:03:00,2024-02-13,23.2,23.2,23.2,23.2,0,40,1
FINNIFTY13FEB2421250CE.NFO,2024-02-05,14:04:00,2024-02-13,23.2,23.2,23.2,23.2,0,40,0
FINNIFTY13FEB2421250CE.NFO,2024-02-05,14:05:00,2024-02-13,23.2,23.2,23.2,23.2,0,40,1
FINNIFTY13FEB2421250CE.NFO,2024-02-05,14:06:00,2024-02-13,23.2,23.2,23.2,23.2,0,40,1
FINNIFTY13FEB2421250CE.NFO,2024-02-05,14:07:00,2024-02-13,23.2,23.2,23.2,23.2,0,40,1
FINNIFTY13FEB2421250CE.NFO,2024-02-05,14:08:00,2024-02-13,23.2,23.2,23.2,23.2,0,40,1
FINNIFTY13FEB2421250CE.NFO,2024-02-05,14:09:00,2024-02-13,23.2,23.2,23.2,23.2,0,40,1
FINNIFTY13FEB2421250CE.NFO,2024-02-05,14:10:00,2024-02-13,23.2,23.2,23.2,23.2,0,40,1
FINNIFTY13FEB2421250CE.NFO,2024-02-05,14:11:00,2024-02-13,23.2,23.2,23.2,23.2,0,40,1
FINNIFTY13FEB2421250CE.NFO,2024-02-05,14:12:00,2024-02-13,23.2,23.2,23.2,23.2,0,40,1
FINNIFTY13FEB2421250CE.NFO,2024-02-05,14:13:00,2024-02-13,23.2,23.2,23.2,23.2,0,40,1
FINNIFTY13FEB2421250CE.NFO,2024-02-05,14:14:00,2024-02-13,23.2,23.2,23.2,23.2,0,40,1
FINNIFTY13FEB2421250CE.NFO,2024-02-05,14:15:00,2024-02-13,23.2,23.2,23.2,23.2,0,40,1
FINNIFTY13FEB2421250CE.NFO,2024-02-05,14:16:00,2024-02-13,23.2,23.2,23.2,23.2,0,40,1
FINNIFTY13FEB2421250CE.NFO,2024-02-05,14:17:00,2024-02-13,23.2,23.2,23.2,23.2,0,40,0
FINNIFTY13FEB2421250CE.NFO,2024-02-05,14:18:00,2024-02-13,23.2,23.2,23.2,23.2,0,40,1
FINNIFTY13FEB2421250CE.NFO,2024-02-05,14:19:00,2024-02-13,23.2,23.2,23.2,23.2,0,40,1
FINNIFTY13FEB2421250CE.NFO,2024-02-05,14:20:00,2024-02-13,23.2,23.2,23.2,23.2,0,40,1
FINNIFTY13FEB2421250CE.NFO,2024-02-05,14:21:00,2024-02-13,23.2,23.2,23.2,23.2,0,40,1
FINNIFTY13FEB2421250CE.NFO,2024-02-05,14:22:00,2024-02-13,23.2,23.2,23.2,23.2,0,40,1
FINNIFTY13FEB2421250CE.NFO,2024-02-05,14:23:00,2024-02-13,23.2,23.2,23.2,23.2,0,40,1
FINNIFTY13FEB2421250CE.NFO,2024-02-05,14:24:00,2024-02-13,23.2,23.2,23.2,23.2,0,40,1
FINNIFTY13FEB2421250CE.NFO,2024-02-05,14:25:00,2024-02-13,23.2,23.2,23.2,23.2,0,40,1
FINNIFTY13FEB2421250CE.NFO,2024-02-05,14:26:00,2024-02-13,23.2,23.2,23.2,23.2,0,40,1
FINNIFTY13FEB2421250CE.NFO,2024-02-05,14:27:00,2024-02-13,23.2,23.2,23.2,23.2,0,40,1
FINNIFTY13FEB2421250CE.NFO,2024-02-05,14:28:00,2024-02-13,23.2,23.2,23.2,23.2,0,40,0
FINNIFTY13FEB2421250CE.NFO,2024-02-05,14:29:00,2024-02-13,23.2,23.2,23.2,23.2,0,40,1
FINNIFTY13FEB2421250CE.NFO,2024-02-05,14:30:00,2024-02-13,23.2,23.2,23.2,23.2,0,40,1
FINNIFTY13FEB2421250CE.NFO,2024-02-05,14:31:00,2024-02-13,23.2,23.2,23.2,23.2,0,40,1
FINNIFTY13FEB2421250CE.NFO,2024-02-05,14:32:00,2024-02-13,23.2,23.2,23.2,23.2,0,40,0
FINNIFTY13FEB2421250CE.NFO,2024-02-05,14:33:00,2024-02-13,23.2,23.2,23.2,23.2,0,40,1
FINNIFTY13FEB2421250CE.NFO,2024-02-05,14:34:00,2024-02-13,23.2,23.2,23.2,23.2,0,40,0
FINNIFTY13FEB2421250CE.NFO,2024-02-05,14:35:00,2024-02-13,23.2,23.2,23.2,23.2,0,40,0
FINNIFTY13FEB2421250CE.NFO,2024-02-05,14:36:00,2024-02-13,23.2,23.2,23.2,23.2,0,40,1
FINNIFTY13FEB2421250CE.NFO,2024-02-05,14:37:00,2024-02-13,23.2,23.2,23.2,23.2,0,40,1
FINNIFTY13FEB2421250CE.NFO,2024-02-05,14:38:00,2024-02-13,23.2,23.2,23.2,23.2,0,40,1
FINNIFTY13FEB2421250CE.NFO,2024-02-05,14:39:00,2024-02-13,23.2,23.2,23.2,23.2,0,40,0
FINNIFTY13FEB2421250CE.NFO,2024-02-05,14:40:00,2024-02-13,23.2,23.2,23.2,23.2,0,40,1
FINNIFTY13FEB2421250CE.NFO,2024-02-05,14:41:00,2024-02-13,23.2,23.2,23.2,23.2,0,40,1
FINNIFTY13FEB2421250CE.NFO,2024-02-05,14:42:00,2024-02-13,23.2,23.2,23.2,23.2,0,40,0
FINNIFTY13FEB2421250CE.NFO,2024-02-05,14:43:00,2024-02-13,23.2,23.2,23.2,23.2,0,40,0
FINNIFTY13FEB2421250CE.NFO,2024-02-05,14:44:00,2024-02-13,23.2,23.2,23.2,23.2,0,40,0
FINNIFTY13FEB2421250CE.NFO,2024-02-05,14:45:00,2024-02-13,23.2,23.2,23.2,23.2,0,40,1
FINNIFTY13FEB2421250CE.NFO,2024-02-05,14:46:00,2024-02-13,23.2,23.2,23.2,23.2,0,40,0
FINNIFTY13FEB2421250CE.NFO,2024-02-05,14:47:00,2024-02-13,23.2,23.2,23.2,23.2,0,40,0
FINNIFTY13FEB2421250CE.NFO,2024-02-05,14:48:00,2024-02-13,23.2,23.2,23.2,23.2,0,40,1
FINNIFTY13FEB2421250CE.NFO,2024-02-05,14:49:00,2024-02-13,23.2,23.2,23.2,23.2,0,40,1
FINNIFTY13FEB2421250CE.NFO,2024-02-05,14:50:00,2024-02-13,23.2,23.2,23.2,23.2,0,40,0
FINNIFTY13FEB2421250CE.NFO,2024-02-05,14:51:00,2024-02-13,23.2,23.2,23.2,23.2,0,40,1
FINNIFTY13FEB2421250CE.NFO,2024-02-05,14:52:00,2024-02-13,23.2,23.2,23.2,23.2,0,40,1
FINNIFTY13FEB2421250CE.NFO,2024-02-05,14:53:00,2024-02-13,23.2,23.2,23.2,23.2,0,40,1
FINNIFTY13FEB2421250CE.NFO,2024-02-05,14:54:00,2024-02-13,23.2,23.2,23.2,23.2,0,40,0
FINNIFTY13FEB2421250CE.NFO,2024-02-05,14:55:00,2024-02-13,23.2,23.2,23.2,23.2,0,40,0
FINNIFTY13FEB2421250CE.NFO,2024-02-05,14:56:00,2024-02-13,23.2,23.2,23.2,23.2,0,40,0
FINNIFTY13FEB2421250CE.NFO,2024-02-05,14:57:00,2024-02-13,23.2,23.2,23.2,23.2,0,40,1
FINNIFTY13FEB2421250CE.NFO,2024-02-05,14:58:00,2024-02-13,23.2,23.2,23.2,23.2,0,40,1
FINNIFTY13FEB2421250CE.NFO,2024-02-05,14:59:00,2024-02-13,23.2,23.2,23.2,23.2,0,40,1
FINNIFTY13FEB2421250CE.NFO,2024-02-05,15:00:00,2024-02-13,23.2,23.2,23.2,23.2,0,40,0
FINNIFTY13FEB2421250CE.NFO,2024-02-05,15:01:00,2024-02-13,23.2,23.2,23.2,23.2,0,40,0
FINNIFTY13FEB2421250CE.NFO,2024-02-05,15:02:00,2024-02-13,23.2,23.2,23.2,23.2,0,40,1
FINNIFTY13FEB2421250CE.NFO,2024-02-05,15:03:00,2024-02-13,23.2,23.2,23.2,23.2,0,40,1
FINNIFTY13FEB2421250CE.NFO,2024-02-05,15:04:00,2024-02-13,23.2,23.2,23.2,23.2,0,40,0
FINNIFTY13FEB2421250CE.NFO,2024-02-05,15:05:00,2024-02-13,23.2,23.2,23.2,23.2,0,40,0
FINNIFTY13FEB2421250CE.NFO,2024-02-05,15:06:00,2024-02-13,23.2,23.2,23.2,23.2,0,40,1
FINNIFTY13FEB2421250CE.NFO,2024-02-05,15:07:00,2024-02-13,23.2,23.2,23.2,23.2,0,40,0
FINNIFTY13FEB2421250CE.NFO,2024-02-05,15:08:00,2024-02-13,23.2,23.2,23.2,23.2,0,40,1
FINNIFTY13FEB2421250CE.NFO,2024-02-05,15:09:00,2024-02-13,23.2,23.2,23.2,23.2,0,40,1
FINNIFTY13FEB2421250CE.NFO,2024-02-05,15:10:00,2024-02-13,23.2,23.2,23.2,23.2,0,40,1
FINNIFTY13FEB2421250CE.NFO,2024-02-05,15:11:00,2024-02-13,23.2,23.2,23.2,23.2,0,40,1
FINNIFTY13FEB2421250CE.NFO,2024-02-05,15:12:00,2024-02-13,23.2,23.2,23.2,23.2,0,40,1
FINNIFTY13FEB2421250CE.NFO,2024-02-05,15:13:00,2024-02-13,23.2,23.2,23.2,23.2,0,40,1
FINNIFTY13FEB2421250CE.NFO,2024-02-05,15:14:00,2024-02-13,23.2,23.2,23.2,23.2,0,40,1
FINNIFTY13FEB2421250CE.NFO,2024-02-05,15:15:00,2024-02-13,23.2,23.2,23.2,23.2,0,40,1
FINNIFTY13FEB2421250CE.NFO,2024-02-05,15:16:00,2024-02-13,23.2,23.2,23.2,23.2,0,40,0
FINNIFTY13FEB2421250CE.NFO,2024-02-05,15:17:00,2024-02-13,23.2,23.2,23.2,23.2,0,40,0
FINNIFTY13FEB2421250CE.NFO,2024-02-05,15:18:00,2024-02-13,23.2,23.2,23.2,23.2,0,40,0
FINNIFTY13FEB2421250CE.NFO,2024-02-05,15:19:00,2024-02-13,23.2,23.2,23.2,23.2,0,40,0
FINNIFTY13FEB2421250CE.NFO,2024-02-05,15:20:00,2024-02-13,23.2,23.2,23.2,23.2,0,40,0
FINNIFTY13FEB2421250CE.NFO,2024-02-05,15:21:00,2024-02-13,23.2,23.2,23.2,23.2,0,40,0
FINNIFTY13FEB2421250CE.NFO,2024-02-05,15:22:00,2024-02-13,23.2,23.2,23.2,23.2,0,40,1
FINNIFTY13FEB2421250CE.NFO,2024-02-05,15:23:00,2024-02-13,23.2,23.2,23.2,23.2,0,40,1
FINNIFTY13FEB2421250CE.NFO,2024-02-05,15:24:00,2024-02-13,23.2,23.2,23.2,23.2,0,40,1
FINNIFTY13FEB2421250CE.NFO,2024-02-05,15:25:00,2024-02-13,23.2,23.2,23.2,23.2,0,40,1
FINNIFTY13FEB2421250CE.NFO,2024-02-05,15:26:00,2024-02-13,23.2,23.2,23.2,23.2,0,40,1
FINNIFTY13FEB2421250CE.NFO,2024-02-05,15:27:00,2024-02-13,23.2,23.2,23.2,23.2,0,40,1
FINNIFTY13FEB2421250CE.NFO,2024-02-05,15:28:00,2024-02-13,23.2,23.2,23.2,23.2,0,40,1
FINNIFTY13FEB2421250CE.NFO,2024-02-05,15:29:00,2024-02-13,23.2,23.2,23.2,23.2,0,40,0
FINNIFTY13FEB2421250CE.NFO,2024-02-05,15:30:00,2024-02-13,23.2,23.2,23.2,23.2,0,40,1
FINNIFTY13FEB2421250CE.NFO,2024-02-06,09:15:00,2024-02-13,6.5,6.5,6.5,6.5,0,120,1
FINNIFTY13FEB2421250CE.NFO,2024-02-06,09:16:00,2024-02-13,6.5,6.5,6.5,6.5,0,120,1
FINNIFTY13FEB2421250CE.NFO,2024-02-06,09:17:00,2024-02-13,6.5,6.5,6.5,6.5,0,120,1
FINNIFTY13FEB2421250CE.NFO,2024-02-06,09:18:00,2024-02-13,6.5,6.5,6.5,6.5,0,120,1
FINNIFTY13FEB2421250CE.NFO,2024-02-06,09:19:00,2024-02-13,6.5,6.5,6.5,6.5,0,120,1
FINNIFTY13FEB2421250CE.NFO,2024-02-06,09:20:00,2024-02-13,6.5,6.5,6.5,6.5,0,120,1
FINNIFTY13FEB2421250CE.NFO,2024-02-06,09:21:00,2024-02-13,6.5,6.5,6.5,6.5,0,120,1
FINNIFTY13FEB2421250CE.NFO,2024-02-06,09:22:00,2024-02-13,6.5,6.5,6.5,6.5,0,120,1
FINNIFTY13FEB2421250CE.NFO,2024-02-06,09:23:00,2024-02-13,6.5,6.5,6.5,6.5,0,120,1
FINNIFTY13FEB2421250CE.NFO,2024-02-06,09:24:00,2024-02-13,6.5,6.5,6.5,6.5,0,120,1
FINNIFTY13FEB2421250CE.NFO,2024-02-06,09:25:00,2024-02-13,6.5,6.5,6.5,6.5,0,120,1
FINNIFTY13FEB2421250CE.NFO,2024-02-06,09:26:00,2024-02-13,6.5,6.5,6.5,6.5,0,120,1
FINNIFTY13FEB2421250CE.NFO,2024-02-06,09:27:00,2024-02-13,6.5,6.5,6.5,6.5,0,120,1
FINNIFTY13FEB2421250CE.NFO,2024-02-06,09:28:00,2024-02-13,6.5,6.5,6.5,6.5,0,120,1
FINNIFTY13FEB2421250CE.NFO,2024-02-06,09:29:00,2024-02-13,6.5,6.5,6.5,6.5,0,120,1
FINNIFTY13FEB2421250CE.NFO,2024-02-06,09:30:00,2024-02-13,6.5,6.5,6.5,6.5,0,120,1
FINNIFTY13FEB2421250CE.NFO,2024-02-06,09:31:00,2024-02-13,6.5,6.5,6.5,6.5,0,120,1
FINNIFTY13FEB2421250CE.NFO,2024-02-06,09:32:00,2024-02-13,6.5,6.5,6.5,6.5,0,120,1
FINNIFTY13FEB2421250CE.NFO,2024-02-06,09:33:00,2024-02-13,6.5,6.5,6.5,6.5,0,120,1
FINNIFTY13FEB2421250CE.NFO,2024-02-06,09:34:00,2024-02-13,6.5,6.5,6.5,6.5,0,120,1
FINNIFTY13FEB2421250CE.NFO,2024-02-06,09:35:00,2024-02-13,6.5,6.5,6.5,6.5,0,120,1
FINNIFTY13FEB2421250CE.NFO,2024-02-06,09:36:00,2024-02-13,6.5,6.5,6.5,6.5,0,120,1
FINNIFTY13FEB2421250CE.NFO,2024-02-06,09:37:00,2024-02-13,6.5,6.5,6.5,6.5,0,120,1
FINNIFTY13FEB2421250CE.NFO,2024-02-06,09:38:00,2024-02-13,6.5,6.5,6.5,6.5,0,120,1
FINNIFTY13FEB2421250CE.NFO,2024-02-06,09:39:00,2024-02-13,6.5,6.5,6.5,6.5,0,120,1
FINNIFTY13FEB2421250CE.NFO,2024-02-06,09:40:00,2024-02-13,6.5,6.5,6.5,6.5,0,120,1
FINNIFTY13FEB2421250CE.NFO,2024-02-06,09:41:00,2024-02-13,6.5,6.5,6.5,6.5,0,120,1
FINNIFTY13FEB2421250CE.NFO,2024-02-06,09:42:00,2024-02-13,6.5,6.5,6.5,6.5,0,120,1
FINNIFTY13FEB2421250CE.NFO,2024-02-06,09:43:00,2024-02-13,6.5,6.5,6.5,6.5,0,120,1
FINNIFTY13FEB2421250CE.NFO,2024-02-06,09:44:00,2024-02-13,6.5,6.5,6.5,6.5,0,120,1
FINNIFTY13FEB2421250CE.NFO,2024-02-06,09:45:00,2024-02-13,6.5,6.5,6.5,6.5,0,120,1
FINNIFTY13FEB2421250CE.NFO,2024-02-06,09:46:00,2024-02-13,6.5,6.5,6.5,6.5,0,120,1
FINNIFTY13FEB2421250CE.NFO,2024-02-06,09:47:00,2024-02-13,6.5,6.5,6.5,6.5,0,120,1
FINNIFTY13FEB2421250CE.NFO,2024-02-06,09:48:00,2024-02-13,6.5,6.5,6.5,6.5,0,120,1
FINNIFTY13FEB2421250CE.NFO,2024-02-06,09:49:00,2024-02-13,6.5,6.5,6.5,6.5,0,120,1
FINNIFTY13FEB2421250CE.NFO,2024-02-06,09:50:00,2024-02-13,6.5,6.5,6.5,6.5,0,120,1
FINNIFTY13FEB2421250CE.NFO,2024-02-06,09:51:00,2024-02-13,6.5,6.5,6.5,6.5,0,120,1
FINNIFTY13FEB2421250CE.NFO,2024-02-06,09:52:00,2024-02-13,6.5,6.5,6.5,6.5,0,120,1
FINNIFTY13FEB2421250CE.NFO,2024-02-06,09:53:00,2024-02-13,6.5,6.5,6.5,6.5,0,120,1
FINNIFTY13FEB2421250CE.NFO,2024-02-06,09:54:00,2024-02-13,6.5,6.5,6.5,6.5,0,120,1
FINNIFTY13FEB2421250CE.NFO,2024-02-06,09:55:00,2024-02-13,6.5,6.5,6.5,6.5,0,120,0
FINNIFTY13FEB2421250CE.NFO,2024-02-06,09:56:00,2024-02-13,6.5,6.5,6.5,6.5,0,120,0
FINNIFTY13FEB2421250CE.NFO,2024-02-06,09:57:00,2024-02-13,6.5,6.5,6.5,6.5,0,120,0
FINNIFTY13FEB2421250CE.NFO,2024-02-06,09:58:00,2024-02-13,6.5,6.5,6.5,6.5,0,120,0
FINNIFTY13FEB2421250CE.NFO,2024-02-06,09:59:00,2024-02-13,6.5,6.5,6.5,6.5,0,120,0
FINNIFTY13FEB2421250CE.NFO,2024-02-06,10:00:00,2024-02-13,6.5,6.5,6.5,6.5,0,120,0
FINNIFTY13FEB2421250CE.NFO,2024-02-06,10:01:00,2024-02-13,6.5,6.5,6.5,6.5,0,120,0
FINNIFTY13FEB2421250CE.NFO,2024-02-06,10:02:00,2024-02-13,6.5,6.5,6.5,6.5,0,120,0
FINNIFTY13FEB2421250CE.NFO,2024-02-06,10:03:00,2024-02-13,6.5,6.5,6.5,6.5,0,120,0
FINNIFTY13FEB2421250CE.NFO,2024-02-06,10:04:00,2024-02-13,6.5,6.5,6.5,6.5,0,120,0
FINNIFTY13FEB2421250CE.NFO,2024-02-06,10:05:00,2024-02-13,6.5,6.5,6.5,6.5,0,120,0
FINNIFTY13FEB2421250CE.NFO,2024-02-06,10:06:00,2024-02-13,6.5,6.5,6.5,6.5,0,120,0
FINNIFTY13FEB2421250CE.NFO,2024-02-06,10:07:00,2024-02-13,6.5,6.5,6.5,6.5,0,120,0
FINNIFTY13FEB2421250CE.NFO,2024-02-06,10:08:00,2024-02-13,6.5,6.5,6.5,6.5,0,120,0
FINNIFTY13FEB2421250CE.NFO,2024-02-06,10:09:00,2024-02-13,6.5,6.5,6.5,6.5,0,120,0
FINNIFTY13FEB2421250CE.NFO,2024-02-06,10:10:00,2024-02-13,6.5,6.5,6.5,6.5,0,120,0
FINNIFTY13FEB2421250CE.NFO,2024-02-06,10:11:00,2024-02-13,6.5,6.5,6.5,6.5,0,120,0
FINNIFTY13FEB2421250CE.NFO,2024-02-06,10:12:00,2024-02-13,6.5,6.5,6.5,6.5,0,120,0
FINNIFTY13FEB2421250CE.NFO,2024-02-06,10:13:00,2024-02-13,6.5,6.5,6.5,6.5,0,120,0
FINNIFTY13FEB2421250CE.NFO,2024-02-06,10:14:00,2024-02-13,6.5,6.5,6.5,6.5,0,120,0
FINNIFTY13FEB2421250CE.NFO,2024-02-06,10:15:00,2024-02-13,6.5,6.5,6.5,6.5,0,120,0
FINNIFTY13FEB2421250CE.NFO,2024-02-06,10:16:00,2024-02-13,6.5,6.5,6.5,6.5,0,120,0
FINNIFTY13FEB2421250CE.NFO,2024-02-06,10:17:00,2024-02-13,6.5,6.5,6.5,6.5,0,120,0
FINNIFTY13FEB2421250CE.NFO,2024-02-06,10:18:00,2024-02-13,6.5,6.5,6.5,6.5,0,120,0
FINNIFTY13FEB2421250CE.NFO,2024-02-06,10:19:00,2024-02-13,6.5,6.5,6.5,6.5,0,120,0
FINNIFTY13FEB2421250CE.NFO,2024-02-06,10:20:00,2024-02-13,6.5,6.5,6.5,6.5,0,120,0
FINNIFTY13FEB2421250CE.NFO,2024-02-06,10:21:00,2024-02-13,6.5,12.85,6.5,12.85,200,120,0
FINNIFTY13FEB2421250CE.NFO,2024-02-06,10:22:00,2024-02-13,12.85,12.85,12.85,12.85,0,120,0
FINNIFTY13FEB2421250CE.NFO,2024-02-06,10:23:00,2024-02-13,12.85,12.85,12.85,12.85,0,120,0
FINNIFTY13FEB2421250CE.NFO,2024-02-06,10:24:00,2024-02-13,12.85,13.0,12.85,13.0,160,320,0
FINNIFTY13FEB2421250CE.NFO,2024-02-06,10:25:00,2024-02-13,13.0,13.0,13.0,13.0,0,320,0
FINNIFTY13FEB2421250CE.NFO,2024-02-06,10:26:00,2024-02-13,13.0,13.0,13.0,13.0,0,320,0
FINNIFTY13FEB2421250CE.NFO,2024-02-06,10:27:00,2024-02-13,13.0,13.0,13.0,13.0,0,320,0
FINNIFTY13FEB2421250CE.NFO,2024-02-06,10:28:00,2024-02-13,13.0,13.0,13.0,13.0,0,320,0
FINNIFTY13FEB2421250CE.NFO,2024-02-06,10:29:00,2024-02-13,13.0,13.0,13.0,13.0,0,320,0
FINNIFTY13FEB2421250CE.NFO,2024-02-06,10:30:00,2024-02-13,13.0,13.0,13.0,13.0,0,320,0
FINNIFTY13FEB2421250CE.NFO,2024-02-06,10:31:00,2024-02-13,13.0,13.0,13.0,13.0,0,320,0
FINNIFTY13FEB2421250CE.NFO,2024-02-06,10:32:00,2024-02-13,13.0,13.0,13.0,13.0,0,320,0
FINNIFTY13FEB2421250CE.NFO,2024-02-06,10:33:00,2024-02-13,13.0,13.0,13.0,13.0,0,320,0
FINNIFTY13FEB2421250CE.NFO,2024-02-06,10:34:00,2024-02-13,13.0,13.0,13.0,13.0,0,320,0
FINNIFTY13FEB2421250CE.NFO,2024-02-06,10:35:00,2024-02-13,13.0,13.0,13.0,13.0,0,320,0
FINNIFTY13FEB2421250CE.NFO,2024-02-06,10:36:00,2024-02-13,13.0,13.0,13.0,13.0,0,320,0
FINNIFTY13FEB2421250CE.NFO,2024-02-06,10:37:00,2024-02-13,13.0,13.0,13.0,13.0,0,320,0
FINNIFTY13FEB2421250CE.NFO,2024-02-06,10:38:00,2024-02-13,13.0,13.0,13.0,13.0,0,320,0
FINNIFTY13FEB2421250CE.NFO,2024-02-06,10:39:00,2024-02-13,13.0,13.0,13.0,13.0,0,320,0
FINNIFTY13FEB2421250CE.NFO,2024-02-06,10:40:00,2024-02-13,13.0,13.0,13.0,13.0,0,320,0
FINNIFTY13FEB2421250CE.NFO,2024-02-06,10:41:00,2024-02-13,13.0,13.0,13.0,13.0,0,320,0
FINNIFTY13FEB2421250CE.NFO,2024-02-06,10:42:00,2024-02-13,13.0,13.0,13.0,13.0,0,320,0
FINNIFTY13FEB2421250CE.NFO,2024-02-06,10:43:00,2024-02-13,13.0,13.0,13.0,13.0,0,320,0
FINNIFTY13FEB2421250CE.NFO,2024-02-06,10:44:00,2024-02-13,13.0,13.0,13.0,13.0,0,320,0
FINNIFTY13FEB2421250CE.NFO,2024-02-06,10:45:00,2024-02-13,13.0,13.0,13.0,13.0,0,320,0
FINNIFTY13FEB2421250CE.NFO,2024-02-06,10:46:00,2024-02-13,13.0,13.0,13.0,13.0,0,320,0
FINNIFTY13FEB2421250CE.NFO,2024-02-06,10:47:00,2024-02-13,13.0,13.0,12.25,12.25,40,320,0
FINNIFTY13FEB2421250CE.NFO,2024-02-06,10:48:00,2024-02-13,12.25,12.25,12.25,12.25,0,320,0
FINNIFTY13FEB2421250CE.NFO,2024-02-06,10:49:00,2024-02-13,12.25,12.25,12.25,12.25,0,320,0
FINNIFTY13FEB2421250CE.NFO,2024-02-06,10:50:00,2024-02-13,12.25,12.25,12.25,12.25,0,320,0
FINNIFTY13FEB2421250CE.NFO,2024-02-06,10:51:00,2024-02-13,12.25,12.25,12.25,12.25,0,320,0
FINNIFTY13FEB2421250CE.NFO,2024-02-06,10:52:00,2024-02-13,12.25,12.25,12.25,12.25,0,320,0
FINNIFTY13FEB2421250CE.NFO,2024-02-06,10:53:00,2024-02-13,12.25,12.25,12.25,12.25,0,320,0
FINNIFTY13FEB2421250CE.NFO,2024-02-06,10:54:00,2024-02-13,12.25,12.25,12.25,12.25,0,320,0
FINNIFTY13FEB2421250CE.NFO,2024-02-06,10:55:00,2024-02-13,12.25,12.25,12.25,12.25,0,320,0
FINNIFTY13FEB2421250CE.NFO,2024-02-06,10:56:00,2024-02-13,12.25,12.25,12.25,12.25,0,320,0
FINNIFTY13FEB2421250CE.NFO,2024-02-06,10:57:00,2024-02-13,12.25,12.25,12.25,12.25,0,320,0
FINNIFTY13FEB2421250CE.NFO,2024-02-06,10:58:00,2024-02-13,12.25,12.25,11.5,11.5,40,360,0
FINNIFTY13FEB2421250CE.NFO,2024-02-06,10:59:00,2024-02-13,11.5,11.5,11.5,11.5,0,360,0
FINNIFTY13FEB2421250CE.NFO,2024-02-06,11:00:00,2024-02-13,11.5,11.5,11.5,11.5,0,360,0
FINNIFTY13FEB2421250CE.NFO,2024-02-06,11:01:00,2024-02-13,11.5,11.5,11.5,11.5,0,360,0
FINNIFTY13FEB2421250CE.NFO,2024-02-06,11:02:00,2024-02-13,11.5,11.5,11.5,11.5,0,360,0
FINNIFTY13FEB2421250CE.NFO,2024-02-06,11:03:00,2024-02-13,11.5,11.5,11.5,11.5,0,360,0
FINNIFTY13FEB2421250CE.NFO,2024-02-06,11:04:00,2024-02-13,11.5,11.5,11.5,11.5,0,360,0
FINNIFTY13FEB2421250CE.NFO,2024-02-06,11:05:00,2024-02-13,11.5,11.5,11.5,11.5,0,360,0
FINNIFTY13FEB2421250CE.NFO,2024-02-06,11:06:00,2024-02-13,11.5,11.5,11.5,11.5,0,360,0
FINNIFTY13FEB2421250CE.NFO,2024-02-06,11:07:00,2024-02-13,11.5,11.5,11.5,11.5,0,360,0
FINNIFTY13FEB2421250CE.NFO,2024-02-06,11:08:00,2024-02-13,11.5,11.5,11.5,11.5,0,360,0
FINNIFTY13FEB2421250CE.NFO,2024-02-06,11:09:00,2024-02-13,11.5,11.5,11.5,11.5,0,360,0
FINNIFTY13FEB2421250CE.NFO,2024-02-06,11:10:00,2024-02-13,11.5,11.5,11.5,11.5,0,360,0
FINNIFTY13FEB2421250CE.NFO,2024-02-06,11:11:00,2024-02-13,11.5,11.5,11.5,11.5,0,360,0
FINNIFTY13FEB2421250CE.NFO,2024-02-06,11:12:00,2024-02-13,11.5,11.5,11.5,11.5,0,360,0
FINNIFTY13FEB2421250CE.NFO,2024-02-06,11:13:00,2024-02-13,11.5,11.5,11.5,11.5,0,360,0
FINNIFTY13FEB2421250CE.NFO,2024-02-06,11:14:00,2024-02-13,11.5,11.5,11.5,11.5,0,360,0
FINNIFTY13FEB2421250CE.NFO,2024-02-06,11:15:00,2024-02-13,11.5,11.5,11.5,11.5,0,360,0
FINNIFTY13FEB2421250CE.NFO,2024-02-06,11:16:00,2024-02-13,11.5,11.5,11.5,11.5,0,360,0
FINNIFTY13FEB2421250CE.NFO,2024-02-06,11:17:00,2024-02-13,11.5,11.5,11.5,11.5,0,360,0
FINNIFTY13FEB2421250CE.NFO,2024-02-06,11:18:00,2024-02-13,11.5,11.5,11.5,11.5,160,360,0
FINNIFTY13FEB2421250CE.NFO,2024-02-06,11:19:00,2024-02-13,11.5,11.65,10.2,10.2,200,560,0
FINNIFTY13FEB2421250CE.NFO,2024-02-06,11:20:00,2024-02-13,10.2,10.2,10.2,10.2,0,560,0
FINNIFTY13FEB2421250CE.NFO,2024-02-06,11:21:00,2024-02-13,10.2,10.2,10.2,10.2,0,560,0
FINNIFTY13FEB2421250CE.NFO,2024-02-06,11:22:00,2024-02-13,10.2,10.2,10.2,10.2,0,560,0
FINNIFTY13FEB2421250CE.NFO,2024-02-06,11:23:00,2024-02-13,10.2,10.2,10.2,10.2,0,560,0
FINNIFTY13FEB2421250CE.NFO,2024-02-06,11:24:00,2024-02-13,10.2,10.2,10.2,10.2,0,560,0
FINNIFTY13FEB2421250CE.NFO,2024-02-06,11:25:00,2024-02-13,10.2,10.2,10.2,10.2,0,560,0
FINNIFTY13FEB2421250CE.NFO,2024-02-06,11:26:00,2024-02-13,10.2,10.2,10.2,10.2,0,560,0
FINNIFTY13FEB2421250CE.NFO,2024-02-06,11:27:00,2024-02-13,10.2,10.2,10.2,10.2,0,560,0
FINNIFTY13FEB2421250CE.NFO,2024-02-06,11:28:00,2024-02-13,10.2,10.2,10.2,10.2,0,560,0
FINNIFTY13FEB2421250CE.NFO,2024-02-06,11:29:00,2024-02-13,10.2,10.2,10.2,10.2,0,560,0
FINNIFTY13FEB2421250CE.NFO,2024-02-06,11:30:00,2024-02-13,10.2,10.2,10.2,10.2,0,560,0
FINNIFTY13FEB2421250CE.NFO,2024-02-06,11:31:00,2024-02-13,10.2,10.2,10.2,10.2,0,560,0
FINNIFTY13FEB2421250CE.NFO,2024-02-06,11:32:00,2024-02-13,10.2,10.2,10.2,10.2,0,560,0
FINNIFTY13FEB2421250CE.NFO,2024-02-06,11:33:00,2024-02-13,10.2,10.2,10.2,10.2,0,560,0
FINNIFTY13FEB2421250CE.NFO,2024-02-06,11:34:00,2024-02-13,10.2,10.2,10.2,10.2,0,560,0
FINNIFTY13FEB2421250CE.NFO,2024-02-06,11:35:00,2024-02-13,10.2,10.2,10.2,10.2,0,560,0
FINNIFTY13FEB2421250CE.NFO,2024-02-06,11:36:00,2024-02-13,10.2,10.2,10.2,10.2,0,560,0
FINNIFTY13FEB2421250CE.NFO,2024-02-06,11:37:00,2024-02-13,10.2,10.2,10.2,10.2,0,560,0
FINNIFTY13FEB2421250CE.NFO,2024-02-06,11:38:00,2024-02-13,10.2,10.2,10.2,10.2,0,560,0
FINNIFTY13FEB2421250CE.NFO,2024-02-06,11:39:00,2024-02-13,10.2,10.2,10.2,10.2,0,560,0
FINNIFTY13FEB2421250CE.NFO,2024-02-06,11:40:00,2024-02-13,10.2,10.2,10.2,10.2,0,560,0
FINNIFTY13FEB2421250CE.NFO,2024-02-06,11:41:00,2024-02-13,10.2,10.2,10.2,10.2,0,560,0
FINNIFTY13FEB2421250CE.NFO,2024-02-06,11:42:00,2024-02-13,10.2,10.2,10.2,10.2,0,560,0
FINNIFTY13FEB2421250CE.NFO,2024-02-06,11:43:00,2024-02-13,10.2,12.75,10.2,12.75,240,640,0
FINNIFTY13FEB2421250CE.NFO,2024-02-06,11:44:00,2024-02-13,12.75,12.75,11.75,11.75,80,640,0
FINNIFTY13FEB2421250CE.NFO,2024-02-06,11:45:00,2024-02-13,11.75,11.75,11.75,11.75,0,640,0
FINNIFTY13FEB2421250CE.NFO,2024-02-06,11:46:00,2024-02-13,11.75,11.95,11.75,11.95,80,640,0
FINNIFTY13FEB2421250CE.NFO,2024-02-06,11:47:00,2024-02-13,11.95,11.95,11.95,11.95,0,640,0
FINNIFTY13FEB2421250CE.NFO,2024-02-06,11:48:00,2024-02-13,11.95,11.95,11.75,11.75,80,640,0
FINNIFTY13FEB2421250CE.NFO,2024-02-06,11:49:00,2024-02-13,11.75,11.75,11.75,11.75,0,640,0
FINNIFTY13FEB2421250CE.NFO,2024-02-06,11:50:00,2024-02-13,11.75,11.75,11.75,11.75,0,640,0
FINNIFTY13FEB2421250CE.NFO,2024-02-06,11:51:00,2024-02-13,11.75,11.75,11.75,11.75,0,640,0
FINNIFTY13FEB2421250CE.NFO,2024-02-06,11:52:00,2024-02-13,11.75,11.75,11.35,11.35,40,720,0
FINNIFTY13FEB2421250CE.NFO,2024-02-06,11:53:00,2024-02-13,11.35,11.35,11.35,11.35,0,720,0
FINNIFTY13FEB2421250CE.NFO,2024-02-06,11:54:00,2024-02-13,11.35,11.35,11.35,11.35,0,720,0
FINNIFTY13FEB2421250CE.NFO,2024-02-06,11:55:00,2024-02-13,11.35,11.35,11.35,11.35,0,720,0
FINNIFTY13FEB2421250CE.NFO,2024-02-06,11:56:00,2024-02-13,11.35,11.35,11.35,11.35,0,720,0
FINNIFTY13FEB2421250CE.NFO,2024-02-06,11:57:00,2024-02-13,11.35,11.35,11.35,11.35,0,720,0
FINNIFTY13FEB2421250CE.NFO,2024-02-06,11:58:00,2024-02-13,11.35,11.35,11.35,11.35,0,720,0
FINNIFTY13FEB2421250CE.NFO,2024-02-06,11:59:00,2024-02-13,11.35,11.35,11.35,11.35,0,720,0
FINNIFTY13FEB2421250CE.NFO,2024-02-06,12:00:00,2024-02-13,11.35,11.35,11.35,11.35,0,720,0
FINNIFTY13FEB2421250CE.NFO,2024-02-06,12:01:00,2024-02-13,11.35,13.2,11.35,13.2,40,760,0
FINNIFTY13FEB2421250CE.NFO,2024-02-06,12:02:00,2024-02-13,13.2,13.2,13.2,13.2,0,760,0
FINNIFTY13FEB2421250CE.NFO,2024-02-06,12:03:00,2024-02-13,13.2,13.2,13.2,13.2,0,760,0
FINNIFTY13FEB2421250CE.NFO,2024-02-06,12:04:00,2024-02-13,13.2,13.2,13.2,13.2,0,760,0
FINNIFTY13FEB2421250CE.NFO,2024-02-06,12:05:00,2024-02-13,13.2,13.2,13.2,13.2,0,760,0
FINNIFTY13FEB2421250CE.NFO,2024-02-06,12:06:00,2024-02-13,13.2,13.2,12.0,12.0,440,800,0
FINNIFTY13FEB2421250CE.NFO,2024-02-06,12:07:00,2024-02-13,12.0,12.0,12.0,12.0,0,800,0
FINNIFTY13FEB2421250CE.NFO,2024-02-06,12:08:00,2024-02-13,12.0,12.0,12.0,12.0,0,800,0
FINNIFTY13FEB2421250CE.NFO,2024-02-06,12:09:00,2024-02-13,12.0,12.0,12.0,12.0,0,800,0
FINNIFTY13FEB2421250CE.NFO,2024-02-06,12:10:00,2024-02-13,12.0,12.0,12.0,12.0,0,800,0
FINNIFTY13FEB2421250CE.NFO,2024-02-06,12:11:00,2024-02-13,12.0,12.0,12.0,12.0,0,800,0
FINNIFTY13FEB2421250CE.NFO,2024-02-06,12:12:00,2024-02-13,12.0,12.0,12.0,12.0,0,800,0
FINNIFTY13FEB2421250CE.NFO,2024-02-06,12:13:00,2024-02-13,12.0,12.0,12.0,12.0,0,800,0
FINNIFTY13FEB2421250CE.NFO,2024-02-06,12:14:00,2024-02-13,12.0,12.0,12.0,12.0,0,800,0
FINNIFTY13FEB2421250CE.NFO,2024-02-06,12:15:00,2024-02-13,12.0,12.0,12.0,12.0,0,800,0
FINNIFTY13FEB2421250CE.NFO,2024-02-06,12:16:00,2024-02-13,12.0,13.1,12.0,13.1,120,920,0
FINNIFTY13FEB2421250CE.NFO,2024-02-06,12:17:00,2024-02-13,13.1,13.1,13.1,13.1,0,920,0
FINNIFTY13FEB2421250CE.NFO,2024-02-06,12:18:00,2024-02-13,13.1,13.1,13.1,13.1,0,920,0
FINNIFTY13FEB2421250CE.NFO,2024-02-06,12:19:00,2024-02-13,13.1,13.1,13.1,13.1,0,920,0
FINNIFTY13FEB2421250CE.NFO,2024-02-06,12:20:00,2024-02-13,13.1,13.1,13.1,13.1,0,920,0
FINNIFTY13FEB2421250CE.NFO,2024-02-06,12:21:00,2024-02-13,13.1,13.1,13.1,13.1,0,920,0
FINNIFTY13FEB2421250CE.NFO,2024-02-06,12:22:00,2024-02-13,13.1,13.1,13.1,13.1,0,920,0
FINNIFTY13FEB2421250CE.NFO,2024-02-06,12:23:00,2024-02-13,13.1,13.1,13.1,13.1,0,920,0
FINNIFTY13FEB2421250CE.NFO,2024-02-06,12:24:00,2024-02-13,13.1,13.1,13.1,13.1,0,920,0
FINNIFTY13FEB2421250CE.NFO,2024-02-06,12:25:00,2024-02-13,13.1,13.1,13.1,13.1,0,920,0
FINNIFTY13FEB2421250CE.NFO,2024-02-06,12:26:00,2024-02-13,13.1,13.1,13.1,13.1,0,920,0
FINNIFTY13FEB2421250CE.NFO,2024-02-06,12:27:00,2024-02-13,13.1,13.1,13.1,13.1,0,920,0
FINNIFTY13FEB2421250CE.NFO,2024-02-06,12:28:00,2024-02-13,13.1,13.1,13.1,13.1,0,920,0
FINNIFTY13FEB2421250CE.NFO,2024-02-06,12:29:00,2024-02-13,13.1,13.1,13.1,13.1,0,920,0
FINNIFTY13FEB2421250CE.NFO,2024-02-06,12:30:00,2024-02-13,13.1,13.1,13.1,13.1,0,920,0
FINNIFTY13FEB2421250CE.NFO,2024-02-06,12:31:00,2024-02-13,13.1,13.1,13.1,13.1,0,920,0
FINNIFTY13FEB2421250CE.NFO,2024-02-06,12:32:00,2024-02-13,13.1,13.1,13.1,13.1,0,920,0
FINNIFTY13FEB2421250CE.NFO,2024-02-06,12:33:00,2024-02-13,13.1,13.1,13.1,13.1,0,920,0
FINNIFTY13FEB2421250CE.NFO,2024-02-06,12:34:00,2024-02-13,13.1,13.1,13.1,13.1,0,920,0
FINNIFTY13FEB2421250CE.NFO,2024-02-06,12:35:00,2024-02-13,13.1,13.1,11.35,11.35,320,880,0
FINNIFTY13FEB2421250CE.NFO,2024-02-06,12:36:00,2024-02-13,11.35,12.3,11.35,12.3,40,880,0
FINNIFTY13FEB2421250CE.NFO,2024-02-06,12:37:00,2024-02-13,12.3,12.3,12.3,12.3,0,880,0
FINNIFTY13FEB2421250CE.NFO,2024-02-06,12:38:00,2024-02-13,12.3,12.3,12.3,12.3,0,880,0
FINNIFTY13FEB2421250CE.NFO,2024-02-06,12:39:00,2024-02-13,12.3,12.3,12.3,12.3,0,880,0
FINNIFTY13FEB2421250CE.NFO,2024-02-06,12:40:00,2024-02-13,12.3,12.3,12.3,12.3,0,880,0
FINNIFTY13FEB2421250CE.NFO,2024-02-06,12:41:00,2024-02-13,12.3,12.3,12.3,12.3,0,880,0
FINNIFTY13FEB2421250CE.NFO,2024-02-06,12:42:00,2024-02-13,12.3,12.3,12.3,12.3,0,880,0
FINNIFTY13FEB2421250CE.NFO,2024-02-06,12:43:00,2024-02-13,12.3,12.3,12.3,12.3,0,880,0
FINNIFTY13FEB2421250CE.NFO,2024-02-06,12:44:00,2024-02-13,12.3,12.3,12.3,12.3,0,880,0
FINNIFTY13FEB2421250CE.NFO,2024-02-06,12:45:00,2024-02-13,12.3,12.3,12.3,12.3,0,880,0
FINNIFTY13FEB2421250CE.NFO,2024-02-06,12:46:00,2024-02-13,12.3,12.3,12.3,12.3,0,880,0
FINNIFTY13FEB2421250CE.NFO,2024-02-06,12:47:00,2024-02-13,12.3,12.3,12.3,12.3,0,880,0
FINNIFTY13FEB2421250CE.NFO,2024-02-06,12:48:00,2024-02-13,12.3,12.3,12.3,12.3,0,880,0
FINNIFTY13FEB2421250CE.NFO,2024-02-06,12:49:00,2024-02-13,12.3,12.3,12.3,12.3,0,880,0
FINNIFTY13FEB2421250CE.NFO,2024-02-06,12:50:00,2024-02-13,12.3,12.3,11.3,11.3,40,1200,0
FINNIFTY13FEB2421250CE.NFO,2024-02-06,12:51:00,2024-02-13,11.3,11.3,11.3,11.3,0,1200,0
FINNIFTY13FEB2421250CE.NFO,2024-02-06,12:52:00,2024-02-13,11.3,11.3,11.3,11.3,0,1200,0
FINNIFTY13FEB2421250CE.NFO,2024-02-06,12:53:00,2024-02-13,11.3,11.3,11.3,11.3,0,1200,0
FINNIFTY13FEB2421250CE.NFO,2024-02-06,12:54:00,2024-02-13,11.3,11.3,11.3,11.3,0,1200,0
FINNIFTY13FEB2421250CE.NFO,2024-02-06,12:55:00,2024-02-13,11.3,11.3,11.3,11.3,0,1200,0
FINNIFTY13FEB2421250CE.NFO,2024-02-06,12:56:00,2024-02-13,11.3,11.3,11.3,11.3,0,1200,0
FINNIFTY13FEB2421250CE.NFO,2024-02-06,12:57:00,2024-02-13,11.3,11.3,11.3,11.3,0,1200,0
FINNIFTY13FEB2421250CE.NFO,2024-02-06,12:58:00,2024-02-13,11.3,11.3,11.3,11.3,0,1200,0
FINNIFTY13FEB2421250CE.NFO,2024-02-06,12:59:00,2024-02-13,11.3,11.3,11.3,11.3,0,1200,0
FINNIFTY13FEB2421250CE.NFO,2024-02-06,13:00:00,2024-02-13,11.3,11.3,11.3,11.3,0,1200,0
FINNIFTY13FEB2421250CE.NFO,2024-02-06,13:01:00,2024-02-13,11.3,11.3,11.3,11.3,0,1200,0
FINNIFTY13FEB2421250CE.NFO,2024-02-06,13:02:00,2024-02-13,11.3,11.3,11.3,11.3,0,1200,0
FINNIFTY13FEB2421250CE.NFO,2024-02-06,13:03:00,2024-02-13,11.3,11.3,11.3,11.3,0,1200,0
FINNIFTY13FEB2421250CE.NFO,2024-02-06,13:04:00,2024-02-13,11.3,11.3,11.3,11.3,0,1200,0
FINNIFTY13FEB2421250CE.NFO,2024-02-06,13:05:00,2024-02-13,11.3,11.3,11.3,11.3,0,1200,0
FINNIFTY13FEB2421250CE.NFO,2024-02-06,13:06:00,2024-02-13,11.3,11.3,11.3,11.3,0,1200,0
FINNIFTY13FEB2421250CE.NFO,2024-02-06,13:07:00,2024-02-13,11.3,11.3,11.3,11.3,0,1200,0
FINNIFTY13FEB2421250CE.NFO,2024-02-06,13:08:00,2024-02-13,11.3,11.3,11.3,11.3,0,1200,0
FINNIFTY13FEB2421250CE.NFO,2024-02-06,13:09:00,2024-02-13,11.3,11.3,11.3,11.3,0,1200,0
FINNIFTY13FEB2421250CE.NFO,2024-02-06,13:10:00,2024-02-13,11.3,11.3,11.3,11.3,0,1200,0
FINNIFTY13FEB2421250CE.NFO,2024-02-06,13:11:00,2024-02-13,11.3,11.3,11.3,11.3,0,1200,0
FINNIFTY13FEB2421250CE.NFO,2024-02-06,13:12:00,2024-02-13,11.3,11.3,11.3,11.3,0,1200,0
FINNIFTY13FEB2421250CE.NFO,2024-02-06,13:13:00,2024-02-13,11.3,11.3,11.3,11.3,0,1200,0
FINNIFTY13FEB2421250CE.NFO,2024-02-06,13:14:00,2024-02-13,11.3,11.3,11.3,11.3,0,1200,0
FINNIFTY13FEB2421250CE.NFO,2024-02-06,13:15:00,2024-02-13,11.3,11.3,11.3,11.3,0,1200,0
FINNIFTY13FEB2421250CE.NFO,2024-02-06,13:16:00,2024-02-13,11.3,11.3,11.3,11.3,0,1200,0
FINNIFTY13FEB2421250CE.NFO,2024-02-06,13:17:00,2024-02-13,11.3,11.3,11.3,11.3,0,1200,0
FINNIFTY13FEB2421250CE.NFO,2024-02-06,13:18:00,2024-02-13,11.3,11.3,11.3,11.3,0,1200,0
FINNIFTY13FEB2421250CE.NFO,2024-02-06,13:19:00,2024-02-13,11.3,11.3,11.3,11.3,0,1200,0
FINNIFTY13FEB2421250CE.NFO,2024-02-06,13:20:00,2024-02-13,11.3,11.3,11.3,11.3,0,1200,0
FINNIFTY13FEB2421250CE.NFO,2024-02-06,13:21:00,2024-02-13,11.3,11.3,11.3,11.3,0,1200,0
FINNIFTY13FEB2421250CE.NFO,2024-02-06,13:22:00,2024-02-13,11.3,11.3,11.3,11.3,0,1200,0
FINNIFTY13FEB2421250CE.NFO,2024-02-06,13:23:00,2024-02-13,11.3,11.3,11.3,11.3,0,1200,0
FINNIFTY13FEB2421250CE.NFO,2024-02-06,13:24:00,2024-02-13,11.3,11.3,11.3,11.3,0,1200,0
FINNIFTY13FEB2421250CE.NFO,2024-02-06,13:25:00,2024-02-13,11.3,11.3,11.3,11.3,0,1200,0
FINNIFTY13FEB2421250CE.NFO,2024-02-06,13:26:00,2024-02-13,11.3,11.3,11.3,11.3,0,1200,0
FINNIFTY13FEB2421250CE.NFO,2024-02-06,13:27:00,2024-02-13,11.3,12.75,11.3,12.75,120,1240,0
FINNIFTY13FEB2421250CE.NFO,2024-02-06,13:28:00,2024-02-13,12.75,12.85,12.75,12.85,40,1240,0
FINNIFTY13FEB2421250CE.NFO,2024-02-06,13:29:00,2024-02-13,12.85,12.85,12.85,12.85,80,1240,0
FINNIFTY13FEB2421250CE.NFO,2024-02-06,13:30:00,2024-02-13,12.85,14.0,12.85,14.0,40,1240,0
FINNIFTY13FEB2421250CE.NFO,2024-02-06,13:31:00,2024-02-13,14.0,14.0,14.0,14.0,0,1240,0
FINNIFTY13FEB2421250CE.NFO,2024-02-06,13:32:00,2024-02-13,14.0,14.0,14.0,14.0,0,1240,0
FINNIFTY13FEB2421250CE.NFO,2024-02-06,13:33:00,2024-02-13,14.0,14.0,13.6,13.6,40,1280,0
FINNIFTY13FEB2421250CE.NFO,2024-02-06,13:34:00,2024-02-13,13.6,13.6,13.6,13.6,0,1280,0
FINNIFTY13FEB2421250CE.NFO,2024-02-06,13:35:00,2024-02-13,13.6,13.6,13.35,13.35,40,1280,0
FINNIFTY13FEB2421250CE.NFO,2024-02-06,13:36:00,2024-02-13,13.35,13.35,10.95,12.55,80,1280,0
FINNIFTY13FEB2421250CE.NFO,2024-02-06,13:37:00,2024-02-13,12.55,12.55,12.55,12.55,0,1280,0
FINNIFTY13FEB2421250CE.NFO,2024-02-06,13:38:00,2024-02-13,12.55,12.55,12.55,12.55,0,1280,0
FINNIFTY13FEB2421250CE.NFO,2024-02-06,13:39:00,2024-02-13,12.55,12.55,12.55,12.55,0,1280,0
FINNIFTY13FEB2421250CE.NFO,2024-02-06,13:40:00,2024-02-13,12.55,12.55,12.55,12.55,0,1280,0
FINNIFTY13FEB2421250CE.NFO,2024-02-06,13:41:00,2024-02-13,12.55,12.55,12.55,12.55,0,1280,0
FINNIFTY13FEB2421250CE.NFO,2024-02-06,13:42:00,2024-02-13,12.55,12.85,12.55,12.85,280,1320,0
FINNIFTY13FEB2421250CE.NFO,2024-02-06,13:43:00,2024-02-13,12.85,12.85,12.75,12.75,40,1320,0
FINNIFTY13FEB2421250CE.NFO,2024-02-06,13:44:00,2024-02-13,12.75,12.75,12.75,12.75,0,1320,0
FINNIFTY13FEB2421250CE.NFO,2024-02-06,13:45:00,2024-02-13,12.75,12.75,11.25,12.05,2080,1360,0
FINNIFTY13FEB2421250CE.NFO,2024-02-06,13:46:00,2024-02-13,12.05,12.2,12.05,12.2,1000,1360,0
FINNIFTY13FEB2421250CE.NFO,2024-02-06,13:47:00,2024-02-13,12.2,12.2,12.2,12.2,0,1360,0
FINNIFTY13FEB2421250CE.NFO,2024-02-06,13:48:00,2024-02-13,12.2,12.2,12.2,12.2,0,1360,0
FINNIFTY13FEB2421250CE.NFO,2024-02-06,13:49:00,2024-02-13,12.2,12.2,12.2,12.2,0,1360,0
FINNIFTY13FEB2421250CE.NFO,2024-02-06,13:50:00,2024-02-13,12.2,12.2,12.2,12.2,0,1360,0
FINNIFTY13FEB2421250CE.NFO,2024-02-06,13:51:00,2024-02-13,12.2,12.2,12.2,12.2,0,1360,0
FINNIFTY13FEB2421250CE.NFO,2024-02-06,13:52:00,2024-02-13,12.2,12.2,12.2,12.2,0,1360,0
FINNIFTY13FEB2421250CE.NFO,2024-02-06,13:53:00,2024-02-13,12.2,12.8,12.2,12.8,120,2000,0
FINNIFTY13FEB2421250CE.NFO,2024-02-06,13:54:00,2024-02-13,12.8,13.75,12.8,13.75,40,2000,0
FINNIFTY13FEB2421250CE.NFO,2024-02-06,13:55:00,2024-02-13,13.75,13.75,12.85,12.85,120,2000,0
FINNIFTY13FEB2421250CE.NFO,2024-02-06,13:56:00,2024-02-13,12.85,12.85,12.85,12.85,0,2000,0
FINNIFTY13FEB2421250CE.NFO,2024-02-06,13:57:00,2024-02-13,12.85,12.85,12.85,12.85,0,2000,0
FINNIFTY13FEB2421250CE.NFO,2024-02-06,13:58:00,2024-02-13,12.85,12.85,12.85,12.85,0,2000,0
FINNIFTY13FEB2421250CE.NFO,2024-02-06,13:59:00,2024-02-13,12.85,12.85,12.85,12.85,0,2000,0
FINNIFTY13FEB2421250CE.NFO,2024-02-06,14:00:00,2024-02-13,12.85,12.85,12.85,12.85,0,2000,0
FINNIFTY13FEB2421250CE.NFO,2024-02-06,14:01:00,2024-02-13,12.85,12.85,12.15,12.15,120,2080,0
FINNIFTY13FEB2421250CE.NFO,2024-02-06,14:02:00,2024-02-13,12.15,12.15,12.15,12.15,0,2080,0
FINNIFTY13FEB2421250CE.NFO,2024-02-06,14:03:00,2024-02-13,12.15,12.15,11.9,11.9,40,2080,0
FINNIFTY13FEB2421250CE.NFO,2024-02-06,14:04:00,2024-02-13,11.9,12.0,11.9,12.0,80,2080,0
FINNIFTY13FEB2421250CE.NFO,2024-02-06,14:05:00,2024-02-13,12.0,12.0,12.0,12.0,0,2080,0
FINNIFTY13FEB2421250CE.NFO,2024-02-06,14:06:00,2024-02-13,12.0,12.0,12.0,12.0,0,2080,0
FINNIFTY13FEB2421250CE.NFO,2024-02-06,14:07:00,2024-02-13,12.0,12.0,11.9,11.9,80,1880,0
FINNIFTY13FEB2421250CE.NFO,2024-02-06,14:08:00,2024-02-13,11.9,11.9,11.9,11.9,0,1880,0
FINNIFTY13FEB2421250CE.NFO,2024-02-06,14:09:00,2024-02-13,11.9,12.2,11.9,12.2,40,1960,0
FINNIFTY13FEB2421250CE.NFO,2024-02-06,14:10:00,2024-02-13,11.95,11.95,11.95,11.95,40,1960,0
FINNIFTY13FEB2421250CE.NFO,2024-02-06,14:11:00,2024-02-13,11.95,11.95,11.9,11.9,40,1960,0
FINNIFTY13FEB2421250CE.NFO,2024-02-06,14:12:00,2024-02-13,11.9,11.9,11.9,11.9,0,1960,0
FINNIFTY13FEB2421250CE.NFO,2024-02-06,14:13:00,2024-02-13,11.9,11.9,11.9,11.9,0,1960,0
FINNIFTY13FEB2421250CE.NFO,2024-02-06,14:14:00,2024-02-13,11.9,11.9,11.9,11.9,0,1960,0
FINNIFTY13FEB2421250CE.NFO,2024-02-06,14:15:00,2024-02-13,11.9,11.9,11.9,11.9,0,1960,0
FINNIFTY13FEB2421250CE.NFO,2024-02-06,14:16:00,2024-02-13,11.9,11.9,11.9,11.9,0,1960,0
FINNIFTY13FEB2421250CE.NFO,2024-02-06,14:17:00,2024-02-13,11.9,11.9,11.9,11.9,0,1960,0
FINNIFTY13FEB2421250CE.NFO,2024-02-06,14:18:00,2024-02-13,11.9,11.9,11.9,11.9,0,1960,0
FINNIFTY13FEB2421250CE.NFO,2024-02-06,14:19:00,2024-02-13,11.9,11.9,11.9,11.9,0,1960,0
FINNIFTY13FEB2421250CE.NFO,2024-02-06,14:20:00,2024-02-13,11.9,12.5,11.9,12.5,40,1960,0
FINNIFTY13FEB2421250CE.NFO,2024-02-06,14:21:00,2024-02-13,12.5,12.5,12.5,12.5,0,1960,0
FINNIFTY13FEB2421250CE.NFO,2024-02-06,14:22:00,2024-02-13,12.5,12.5,12.5,12.5,0,1960,0
FINNIFTY13FEB2421250CE.NFO,2024-02-06,14:23:00,2024-02-13,12.5,12.5,12.5,12.5,0,1960,0
FINNIFTY13FEB2421250CE.NFO,2024-02-06,14:24:00,2024-02-13,12.5,12.5,12.5,12.5,0,1960,0
FINNIFTY13FEB2421250CE.NFO,2024-02-06,14:25:00,2024-02-13,12.5,12.5,12.3,12.3,80,1960,0
FINNIFTY13FEB2421250CE.NFO,2024-02-06,14:26:00,2024-02-13,12.3,12.3,12.3,12.3,0,1960,0
FINNIFTY13FEB2421250CE.NFO,2024-02-06,14:27:00,2024-02-13,12.3,12.3,12.3,12.3,0,1960,0
FINNIFTY13FEB2421250CE.NFO,2024-02-06,14:28:00,2024-02-13,12.3,12.3,12.3,12.3,0,1960,0
FINNIFTY13FEB2421250CE.NFO,2024-02-06,14:29:00,2024-02-13,12.3,12.3,12.05,12.05,360,2040,0
FINNIFTY13FEB2421250CE.NFO,2024-02-06,14:30:00,2024-02-13,12.05,12.05,12.05,12.05,0,2040,0
FINNIFTY13FEB2421250CE.NFO,2024-02-06,14:31:00,2024-02-13,12.05,12.05,12.05,12.05,0,2040,0
FINNIFTY13FEB2421250CE.NFO,2024-02-06,14:32:00,2024-02-13,12.05,12.65,12.05,12.65,160,2360,0
FINNIFTY13FEB2421250CE.NFO,2024-02-06,14:33:00,2024-02-13,12.65,12.85,12.45,12.45,120,2360,0
FINNIFTY13FEB2421250CE.NFO,2024-02-06,14:34:00,2024-02-13,12.45,12.45,12.45,12.45,0,2360,0
FINNIFTY13FEB2421250CE.NFO,2024-02-06,14:35:00,2024-02-13,12.45,12.45,12.45,12.45,0,2360,0
FINNIFTY13FEB2421250CE.NFO,2024-02-06,14:36:00,2024-02-13,12.45,12.45,12.45,12.45,0,2360,0
FINNIFTY13FEB2421250CE.NFO,2024-02-06,14:37:00,2024-02-13,12.45,12.45,12.4,12.45,120,2520,0
FINNIFTY13FEB2421250CE.NFO,2024-02-06,14:38:00,2024-02-13,12.45,12.45,12.3,12.3,80,2520,0
FINNIFTY13FEB2421250CE.NFO,2024-02-06,14:39:00,2024-02-13,12.3,12.55,12.3,12.35,120,2320,0
FINNIFTY13FEB2421250CE.NFO,2024-02-06,14:40:00,2024-02-13,12.35,12.35,12.05,12.05,40,2320,0
FINNIFTY13FEB2421250CE.NFO,2024-02-06,14:41:00,2024-02-13,12.05,12.05,12.05,12.05,0,2320,0
FINNIFTY13FEB2421250CE.NFO,2024-02-06,14:42:00,2024-02-13,12.05,12.05,12.05,12.05,0,2320,0
FINNIFTY13FEB2421250CE.NFO,2024-02-06,14:43:00,2024-02-13,12.05,12.05,12.05,12.05,0,2320,0
FINNIFTY13FEB2421250CE.NFO,2024-02-06,14:44:00,2024-02-13,12.05,13.45,12.05,13.45,80,2320,0
FINNIFTY13FEB2421250CE.NFO,2024-02-06,14:45:00,2024-02-13,13.45,13.6,13.3,13.3,120,2320,0
FINNIFTY13FEB2421250CE.NFO,2024-02-06,14:46:00,2024-02-13,13.3,13.3,13.3,13.3,0,2320,0
FINNIFTY13FEB2421250CE.NFO,2024-02-06,14:47:00,2024-02-13,13.3,13.3,13.3,13.3,0,2320,0
FINNIFTY13FEB2421250CE.NFO,2024-02-06,14:48:00,2024-02-13,13.3,13.3,13.3,13.3,0,2320,0
FINNIFTY13FEB2421250CE.NFO,2024-02-06,14:49:00,2024-02-13,13.3,13.3,13.3,13.3,0,2320,0
FINNIFTY13FEB2421250CE.NFO,2024-02-06,14:50:00,2024-02-13,13.3,13.3,12.45,12.45,160,2320,0
FINNIFTY13FEB2421250CE.NFO,2024-02-06,14:51:00,2024-02-13,12.45,12.45,12.15,12.15,40,2320,0
FINNIFTY13FEB2421250CE.NFO,2024-02-06,14:52:00,2024-02-13,12.15,12.15,12.15,12.15,0,2320,0
FINNIFTY13FEB2421250CE.NFO,2024-02-06,14:53:00,2024-02-13,12.15,12.15,12.15,12.15,0,2320,0
FINNIFTY13FEB2421250CE.NFO,2024-02-06,14:54:00,2024-02-13,12.15,12.15,12.15,12.15,0,2320,0
FINNIFTY13FEB2421250CE.NFO,2024-02-06,14:55:00,2024-02-13,12.15,12.15,11.9,11.9,120,2320,0
FINNIFTY13FEB2421250CE.NFO,2024-02-06,14:56:00,2024-02-13,11.9,11.9,11.9,11.9,0,2320,0
FINNIFTY13FEB2421250CE.NFO,2024-02-06,14:57:00,2024-02-13,11.9,12.4,11.9,12.4,120,2440,0
FINNIFTY13FEB2421250CE.NFO,2024-02-06,14:58:00,2024-02-13,12.4,12.4,12.4,12.4,0,2440,0
FINNIFTY13FEB2421250CE.NFO,2024-02-06,14:59:00,2024-02-13,12.4,12.4,12.1,12.1,40,2280,0
FINNIFTY13FEB2421250CE.NFO,2024-02-06,15:00:00,2024-02-13,12.1,12.1,12.1,12.1,0,2280,0
FINNIFTY13FEB2421250CE.NFO,2024-02-06,15:01:00,2024-02-13,12.1,12.2,12.1,12.2,40,2280,0
FINNIFTY13FEB2421250CE.NFO,2024-02-06,15:02:00,2024-02-13,12.2,12.2,11.75,11.75,40,2280,0
FINNIFTY13FEB2421250CE.NFO,2024-02-06,15:03:00,2024-02-13,11.75,12.3,11.75,12.3,200,2280,0
FINNIFTY13FEB2421250CE.NFO,2024-02-06,15:04:00,2024-02-13,12.3,12.3,12.25,12.3,80,2280,0
FINNIFTY13FEB2421250CE.NFO,2024-02-06,15:05:00,2024-02-13,12.3,12.3,12.0,12.0,840,2280,0
FINNIFTY13FEB2421250CE.NFO,2024-02-06,15:06:00,2024-02-13,12.0,12.65,12.0,12.65,2120,2280,0
FINNIFTY13FEB2421250CE.NFO,2024-02-06,15:07:00,2024-02-13,12.65,13.05,12.65,12.85,1200,2280,0
FINNIFTY13FEB2421250CE.NFO,2024-02-06,15:08:00,2024-02-13,12.85,12.85,12.75,12.75,320,4520,0
FINNIFTY13FEB2421250CE.NFO,2024-02-06,15:09:00,2024-02-13,12.75,12.75,12.4,12.4,40,4520,0
FINNIFTY13FEB2421250CE.NFO,2024-02-06,15:10:00,2024-02-13,12.4,12.4,12.4,12.4,40,4520,0
FINNIFTY13FEB2421250CE.NFO,2024-02-06,15:11:00,2024-02-13,12.4,12.4,12.4,12.4,920,5360,0
FINNIFTY13FEB2421250CE.NFO,2024-02-06,15:12:00,2024-02-13,12.4,12.6,12.4,12.55,680,5360,0
FINNIFTY13FEB2421250CE.NFO,2024-02-06,15:13:00,2024-02-13,12.55,12.55,12.25,12.25,1200,5360,0
FINNIFTY13FEB2421250CE.NFO,2024-02-06,15:14:00,2024-02-13,12.25,12.25,12.05,12.05,560,6840,0
FINNIFTY13FEB2421250CE.NFO,2024-02-06,15:15:00,2024-02-13,12.05,12.35,11.95,12.35,320,6840,0
FINNIFTY13FEB2421250CE.NFO,2024-02-06,15:16:00,2024-02-13,12.35,12.35,12.35,12.35,40,6840,0
FINNIFTY13FEB2421250CE.NFO,2024-02-06,15:17:00,2024-02-13,12.35,12.45,12.35,12.4,1840,7000,0
FINNIFTY13FEB2421250CE.NFO,2024-02-06,15:18:00,2024-02-13,12.4,12.4,12.15,12.2,160,7000,0
FINNIFTY13FEB2421250CE.NFO,2024-02-06,15:19:00,2024-02-13,12.2,12.3,12.05,12.3,400,7000,0
FINNIFTY13FEB2421250CE.NFO,2024-02-06,15:20:00,2024-02-13,12.3,12.5,12.25,12.5,480,9080,0
FINNIFTY13FEB2421250CE.NFO,2024-02-06,15:21:00,2024-02-13,12.5,12.5,12.5,12.5,0,9080,0
FINNIFTY13FEB2421250CE.NFO,2024-02-06,15:22:00,2024-02-13,12.5,12.75,12.5,12.75,320,9080,0
FINNIFTY13FEB2421250CE.NFO,2024-02-06,15:23:00,2024-02-13,12.75,12.95,12.5,12.6,3080,9240,0
FINNIFTY13FEB2421250CE.NFO,2024-02-06,15:24:00,2024-02-13,12.6,13.0,12.45,12.65,880,9240,0
FINNIFTY13FEB2421250CE.NFO,2024-02-06,15:25:00,2024-02-13,12.65,13.0,12.55,12.55,80,9240,0
FINNIFTY13FEB2421250CE.NFO,2024-02-06,15:26:00,2024-02-13,12.55,13.0,12.25,12.8,2560,9880,0
FINNIFTY13FEB2421250CE.NFO,2024-02-06,15:27:00,2024-02-13,12.8,12.8,12.2,12.2,560,9880,0
FINNIFTY13FEB2421250CE.NFO,2024-02-06,15:28:00,2024-02-13,12.2,12.75,12.1,12.7,320,9880,0
FINNIFTY13FEB2421250CE.NFO,2024-02-06,15:29:00,2024-02-13,12.7,12.7,11.55,12.5,520,10400,0
FINNIFTY13FEB2421250CE.NFO,2024-02-06,15:30:00,2024-02-13,12.5,12.5,12.5,12.5,520,10400,1
FINNIFTY13FEB2421250CE.NFO,2024-02-07,09:15:00,2024-02-13,15.4,16.35,15.3,16.15,320,10400,0
FINNIFTY13FEB2421250CE.NFO,2024-02-07,09:16:00,2024-02-13,16.15,16.15,14.75,15.55,2800,11320,0
FINNIFTY13FEB2421250CE.NFO,2024-02-07,09:17:00,2024-02-13,15.6,15.8,15.1,15.45,7240,11320,0
FINNIFTY13FEB2421250CE.NFO,2024-02-07,09:18:00,2024-02-13,15.45,16.4,15.45,15.9,2520,11320,0
FINNIFTY13FEB2421250CE.NFO,2024-02-07,09:19:00,2024-02-13,15.9,16.55,15.9,16.25,4400,15120,0
FINNIFTY13FEB2421250CE.NFO,2024-02-07,09:20:00,2024-02-13,16.25,16.25,15.3,15.35,7160,15120,0
FINNIFTY13FEB2421250CE.NFO,2024-02-07,09:21:00,2024-02-13,15.35,15.6,15.0,15.0,4840,15120,0
FINNIFTY13FEB2421250CE.NFO,2024-02-07,09:22:00,2024-02-13,15.0,15.65,15.0,15.05,360,24160,0
FINNIFTY13FEB2421250CE.NFO,2024-02-07,09:23:00,2024-02-13,15.05,15.2,14.9,15.15,720,24160,0
FINNIFTY13FEB2421250CE.NFO,2024-02-07,09:24:00,2024-02-13,15.15,16.2,15.15,16.2,1960,24160,0
FINNIFTY13FEB2421250CE.NFO,2024-02-07,09:25:00,2024-02-13,16.2,16.8,15.45,15.45,1520,25520,0
FINNIFTY13FEB2421250CE.NFO,2024-02-07,09:26:00,2024-02-13,15.45,15.75,14.5,14.5,1080,25520,0
FINNIFTY13FEB2421250CE.NFO,2024-02-07,09:27:00,2024-02-13,14.45,14.9,14.45,14.5,1720,25520,0
FINNIFTY13FEB2421250CE.NFO,2024-02-07,09:28:00,2024-02-13,14.5,14.75,14.2,14.35,2280,25640,0
FINNIFTY13FEB2421250CE.NFO,2024-02-07,09:29:00,2024-02-13,14.35,14.9,14.2,14.9,2160,25640,0
FINNIFTY13FEB2421250CE.NFO,2024-02-07,09:30:00,2024-02-13,14.9,14.9,14.35,14.75,2680,25640,0
FINNIFTY13FEB2421250CE.NFO,2024-02-07,09:31:00,2024-02-13,14.75,15.15,14.55,14.55,3000,24680,0
FINNIFTY13FEB2421250CE.NFO,2024-02-07,09:32:00,2024-02-13,14.55,14.95,14.4,14.55,640,24680,0
FINNIFTY13FEB2421250CE.NFO,2024-02-07,09:33:00,2024-02-13,14.55,14.75,14.4,14.7,1440,24680,0
FINNIFTY13FEB2421250CE.NFO,2024-02-07,09:34:00,2024-02-13,14.7,14.9,14.55,14.9,680,22600,0
FINNIFTY13FEB2421250CE.NFO,2024-02-07,09:35:00,2024-02-13,14.9,15.4,14.9,15.4,1080,22600,0
FINNIFTY13FEB2421250CE.NFO,2024-02-07,09:36:00,2024-02-13,15.4,15.55,15.3,15.4,1560,22600,0
FINNIFTY13FEB2421250CE.NFO,2024-02-07,09:37:00,2024-02-13,15.4,15.95,15.4,15.7,3520,23760,0
FINNIFTY13FEB2421250CE.NFO,2024-02-07,09:38:00,2024-02-13,15.6,16.25,15.6,16.15,3720,23760,0
FINNIFTY13FEB2421250CE.NFO,2024-02-07,09:39:00,2024-02-13,16.15,16.65,16.05,16.3,2160,23760,0
FINNIFTY13FEB2421250CE.NFO,2024-02-07,09:40:00,2024-02-13,16.3,20.9,16.3,19.05,20800,34120,0
FINNIFTY13FEB2421250CE.NFO,2024-02-07,09:41:00,2024-02-13,19.05,19.35,17.45,17.6,5080,34120,0
FINNIFTY13FEB2421250CE.NFO,2024-02-07,09:42:00,2024-02-13,17.6,17.8,15.0,15.55,7400,34120,0
FINNIFTY13FEB2421250CE.NFO,2024-02-07,09:43:00,2024-02-13,15.4,15.9,15.2,15.75,2920,36920,0
FINNIFTY13FEB2421250CE.NFO,2024-02-07,09:44:00,2024-02-13,15.75,15.75,15.3,15.45,3080,36920,0
FINNIFTY13FEB2421250CE.NFO,2024-02-07,09:45:00,2024-02-13,15.45,15.55,15.1,15.4,2120,36920,0
FINNIFTY13FEB2421250CE.NFO,2024-02-07,09:46:00,2024-02-13,15.4,15.5,15.05,15.05,400,38920,0
FINNIFTY13FEB2421250CE.NFO,2024-02-07,09:47:00,2024-02-13,15.05,15.25,13.25,14.35,12040,38920,0
FINNIFTY13FEB2421250CE.NFO,2024-02-07,09:48:00,2024-02-13,14.15,14.5,13.9,14.5,2840,38920,0
FINNIFTY13FEB2421250CE.NFO,2024-02-07,09:49:00,2024-02-13,14.5,14.7,14.25,14.35,1040,35640,0
FINNIFTY13FEB2421250CE.NFO,2024-02-07,09:50:00,2024-02-13,14.35,14.65,13.85,14.2,2080,35640,0
FINNIFTY13FEB2421250CE.NFO,2024-02-07,09:51:00,2024-02-13,14.2,14.6,14.05,14.6,840,35640,0
FINNIFTY13FEB2421250CE.NFO,2024-02-07,09:52:00,2024-02-13,14.6,14.6,14.05,14.05,1920,36640,0
FINNIFTY13FEB2421250CE.NFO,2024-02-07,09:53:00,2024-02-13,14.05,14.05,13.3,13.3,840,36640,0
FINNIFTY13FEB2421250CE.NFO,2024-02-07,09:54:00,2024-02-13,13.3,13.35,12.8,13.35,2720,36640,0
FINNIFTY13FEB2421250CE.NFO,2024-02-07,09:55:00,2024-02-13,13.35,13.5,13.2,13.2,1200,35720,0
FINNIFTY13FEB2421250CE.NFO,2024-02-07,09:56:00,2024-02-13,13.2,13.45,13.2,13.35,680,35720,0
FINNIFTY13FEB2421250CE.NFO,2024-02-07,09:57:00,2024-02-13,13.35,14.25,13.35,13.95,1400,35720,0
FINNIFTY13FEB2421250CE.NFO,2024-02-07,09:58:00,2024-02-13,13.95,14.45,13.95,14.3,4160,37600,0
FINNIFTY13FEB2421250CE.NFO,2024-02-07,09:59:00,2024-02-13,14.3,14.3,14.0,14.0,480,37600,0
FINNIFTY13FEB2421250CE.NFO,2024-02-07,10:00:00,2024-02-13,14.0,14.25,13.9,14.25,520,37600,0
FINNIFTY13FEB2421250CE.NFO,2024-02-07,10:01:00,2024-02-13,14.25,14.25,13.65,13.65,40,38040,0
FINNIFTY13FEB2421250CE.NFO,2024-02-07,10:02:00,2024-02-13,13.65,13.65,13.05,13.05,1120,38040,0
FINNIFTY13FEB2421250CE.NFO,2024-02-07,10:03:00,2024-02-13,13.05,13.3,12.9,13.1,2280,38040,0
FINNIFTY13FEB2421250CE.NFO,2024-02-07,10:04:00,2024-02-13,13.1,13.1,12.5,12.5,1400,39480,0
FINNIFTY13FEB2421250CE.NFO,2024-02-07,10:05:00,2024-02-13,12.5,12.6,12.1,12.35,3200,39480,0
FINNIFTY13FEB2421250CE.NFO,2024-02-07,10:06:00,2024-02-13,12.35,12.6,12.35,12.55,1120,39480,0
FINNIFTY13FEB2421250CE.NFO,2024-02-07,10:07:00,2024-02-13,12.55,12.75,12.45,12.75,6240,39720,0
FINNIFTY13FEB2421250CE.NFO,2024-02-07,10:08:00,2024-02-13,12.75,12.95,12.6,12.9,2200,39720,0
FINNIFTY13FEB2421250CE.NFO,2024-02-07,10:09:00,2024-02-13,12.9,13.0,12.85,13.0,680,39720,0
FINNIFTY13FEB2421250CE.NFO,2024-02-07,10:10:00,2024-02-13,13.0,13.0,12.8,12.8,640,39720,0
FINNIFTY13FEB2421250CE.NFO,2024-02-07,10:11:00,2024-02-13,12.8,12.95,12.8,12.95,280,41360,0
FINNIFTY13FEB2421250CE.NFO,2024-02-07,10:12:00,2024-02-13,12.95,13.15,12.9,13.1,640,41360,0
FINNIFTY13FEB2421250CE.NFO,2024-02-07,10:13:00,2024-02-13,13.1,13.25,12.9,13.25,1800,41000,0
FINNIFTY13FEB2421250CE.NFO,2024-02-07,10:14:00,2024-02-13,13.25,13.3,12.9,12.9,1280,41000,0
FINNIFTY13FEB2421250CE.NFO,2024-02-07,10:15:00,2024-02-13,12.9,13.15,12.9,13.15,160,41000,0
FINNIFTY13FEB2421250CE.NFO,2024-02-07,10:16:00,2024-02-13,13.05,13.05,12.95,12.95,400,41000,0
FINNIFTY13FEB2421250CE.NFO,2024-02-07,10:17:00,2024-02-13,13.05,13.05,12.95,13.05,560,41600,0
FINNIFTY13FEB2421250CE.NFO,2024-02-07,10:18:00,2024-02-13,13.1,13.3,13.1,13.15,960,41600,0
FINNIFTY13FEB2421250CE.NFO,2024-02-07,10:19:00,2024-02-13,13.15,13.15,13.0,13.0,80,41600,0
FINNIFTY13FEB2421250CE.NFO,2024-02-07,10:20:00,2024-02-13,13.0,13.0,12.8,12.8,240,42440,0
FINNIFTY13FEB2421250CE.NFO,2024-02-07,10:21:00,2024-02-13,12.8,13.05,12.8,13.05,200,42440,0
FINNIFTY13FEB2421250CE.NFO,2024-02-07,10:22:00,2024-02-13,13.05,13.1,12.9,12.9,160,42560,0
FINNIFTY13FEB2421250CE.NFO,2024-02-07,10:23:00,2024-02-13,12.9,12.9,12.4,12.4,1040,42560,0
FINNIFTY13FEB2421250CE.NFO,2024-02-07,10:24:00,2024-02-13,12.4,12.45,12.1,12.2,920,42560,0
FINNIFTY13FEB2421250CE.NFO,2024-02-07,10:25:00,2024-02-13,12.2,12.2,12.05,12.1,1960,44120,0
FINNIFTY13FEB2421250CE.NFO,2024-02-07,10:26:00,2024-02-13,12.1,12.1,11.9,11.95,1840,44120,0
FINNIFTY13FEB2421250CE.NFO,2024-02-07,10:27:00,2024-02-13,12.0,12.0,11.9,11.95,480,44120,0
FINNIFTY13FEB2421250CE.NFO,2024-02-07,10:28:00,2024-02-13,11.95,11.95,11.95,11.95,0,44120,0
FINNIFTY13FEB2421250CE.NFO,2024-02-07,10:29:00,2024-02-13,11.95,12.0,11.95,11.95,200,42800,0
FINNIFTY13FEB2421250CE.NFO,2024-02-07,10:30:00,2024-02-13,11.95,11.95,11.8,11.8,200,42800,0
FINNIFTY13FEB2421250CE.NFO,2024-02-07,10:31:00,2024-02-13,11.8,11.8,11.5,11.65,3320,43720,0
FINNIFTY13FEB2421250CE.NFO,2024-02-07,10:32:00,2024-02-13,11.65,11.85,11.6,11.85,440,43720,0
FINNIFTY13FEB2421250CE.NFO,2024-02-07,10:33:00,2024-02-13,11.85,11.85,11.5,11.5,3240,43720,0
FINNIFTY13FEB2421250CE.NFO,2024-02-07,10:34:00,2024-02-13,11.5,11.8,11.5,11.65,3400,45240,0
FINNIFTY13FEB2421250CE.NFO,2024-02-07,10:35:00,2024-02-13,11.65,11.85,11.65,11.65,3240,45240,0
FINNIFTY13FEB2421250CE.NFO,2024-02-07,10:36:00,2024-02-13,11.65,11.9,11.25,11.5,5280,45240,0
FINNIFTY13FEB2421250CE.NFO,2024-02-07,10:37:00,2024-02-13,11.5,11.5,11.25,11.35,5480,49160,0
FINNIFTY13FEB2421250CE.NFO,2024-02-07,10:38:00,2024-02-13,11.3,11.3,11.0,11.0,16160,49160,0
FINNIFTY13FEB2421250CE.NFO,2024-02-07,10:39:00,2024-02-13,11.0,11.0,10.8,10.9,1480,49160,0
FINNIFTY13FEB2421250CE.NFO,2024-02-07,10:40:00,2024-02-13,10.9,10.95,10.6,10.65,1840,59560,0
FINNIFTY13FEB2421250CE.NFO,2024-02-07,10:41:00,2024-02-13,10.65,10.85,10.6,10.6,1480,59560,0
FINNIFTY13FEB2421250CE.NFO,2024-02-07,10:42:00,2024-02-13,10.6,10.6,10.25,10.55,6120,59560,0
FINNIFTY13FEB2421250CE.NFO,2024-02-07,10:43:00,2024-02-13,10.55,10.6,10.3,10.3,2600,50320,0
FINNIFTY13FEB2421250CE.NFO,2024-02-07,10:44:00,2024-02-13,10.5,10.5,10.3,10.45,640,50320,0
FINNIFTY13FEB2421250CE.NFO,2024-02-07,10:45:00,2024-02-13,10.45,10.85,10.45,10.85,1320,50320,0
FINNIFTY13FEB2421250CE.NFO,2024-02-07,10:46:00,2024-02-13,10.85,10.85,10.75,10.75,80,50320,0
FINNIFTY13FEB2421250CE.NFO,2024-02-07,10:47:00,2024-02-13,10.75,10.8,10.7,10.8,640,50400,0
FINNIFTY13FEB2421250CE.NFO,2024-02-07,10:48:00,2024-02-13,10.7,10.7,10.3,10.4,5360,50400,0
FINNIFTY13FEB2421250CE.NFO,2024-02-07,10:49:00,2024-02-13,10.4,10.4,10.25,10.25,5120,58080,0
FINNIFTY13FEB2421250CE.NFO,2024-02-07,10:50:00,2024-02-13,10.25,10.25,10.2,10.2,160,58080,0
FINNIFTY13FEB2421250CE.NFO,2024-02-07,10:51:00,2024-02-13,10.2,10.3,10.2,10.3,40,58080,0
FINNIFTY13FEB2421250CE.NFO,2024-02-07,10:52:00,2024-02-13,10.3,10.45,10.3,10.3,200,58160,0
FINNIFTY13FEB2421250CE.NFO,2024-02-07,10:53:00,2024-02-13,10.3,10.4,10.3,10.3,160,58160,0
FINNIFTY13FEB2421250CE.NFO,2024-02-07,10:54:00,2024-02-13,10.3,10.3,10.3,10.3,40,58160,0
FINNIFTY13FEB2421250CE.NFO,2024-02-07,10:55:00,2024-02-13,10.3,10.3,10.25,10.25,480,58200,0
FINNIFTY13FEB2421250CE.NFO,2024-02-07,10:56:00,2024-02-13,10.25,10.25,10.0,10.1,1680,58200,0
FINNIFTY13FEB2421250CE.NFO,2024-02-07,10:57:00,2024-02-13,10.1,10.15,10.1,10.15,120,58200,0
FINNIFTY13FEB2421250CE.NFO,2024-02-07,10:58:00,2024-02-13,10.15,10.15,9.95,9.95,240,58000,0
FINNIFTY13FEB2421250CE.NFO,2024-02-07,10:59:00,2024-02-13,9.95,10.0,9.9,9.95,1760,58000,0
FINNIFTY13FEB2421250CE.NFO,2024-02-07,11:00:00,2024-02-13,9.95,10.1,9.8,10.1,1400,58000,0
FINNIFTY13FEB2421250CE.NFO,2024-02-07,11:01:00,2024-02-13,10.1,10.15,10.1,10.15,120,58000,0
FINNIFTY13FEB2421250CE.NFO,2024-02-07,11:02:00,2024-02-13,10.15,10.15,10.0,10.05,400,56440,0
FINNIFTY13FEB2421250CE.NFO,2024-02-07,11:03:00,2024-02-13,10.05,10.05,9.7,9.7,1720,56440,0
FINNIFTY13FEB2421250CE.NFO,2024-02-07,11:04:00,2024-02-13,9.7,9.8,9.55,9.75,3520,56440,0
FINNIFTY13FEB2421250CE.NFO,2024-02-07,11:05:00,2024-02-13,9.75,9.75,9.15,9.15,2040,54560,0
FINNIFTY13FEB2421250CE.NFO,2024-02-07,11:06:00,2024-02-13,9.15,9.3,8.95,9.25,7120,54560,0
FINNIFTY13FEB2421250CE.NFO,2024-02-07,11:07:00,2024-02-13,9.25,9.5,9.25,9.4,5360,54360,0
FINNIFTY13FEB2421250CE.NFO,2024-02-07,11:08:00,2024-02-13,9.4,9.65,9.4,9.6,1320,54360,0
FINNIFTY13FEB2421250CE.NFO,2024-02-07,11:09:00,2024-02-13,9.6,9.65,9.4,9.55,4400,54360,0
FINNIFTY13FEB2421250CE.NFO,2024-02-07,11:10:00,2024-02-13,9.6,9.65,9.5,9.65,720,55760,0
FINNIFTY13FEB2421250CE.NFO,2024-02-07,11:11:00,2024-02-13,9.65,9.65,9.5,9.5,1480,55760,0
FINNIFTY13FEB2421250CE.NFO,2024-02-07,11:12:00,2024-02-13,9.5,9.55,9.5,9.5,760,55760,0
FINNIFTY13FEB2421250CE.NFO,2024-02-07,11:13:00,2024-02-13,9.5,9.5,9.4,9.45,480,55880,0
FINNIFTY13FEB2421250CE.NFO,2024-02-07,11:14:00,2024-02-13,9.45,9.55,9.45,9.45,240,55880,0
FINNIFTY13FEB2421250CE.NFO,2024-02-07,11:15:00,2024-02-13,9.45,9.45,9.4,9.4,440,55880,0
FINNIFTY13FEB2421250CE.NFO,2024-02-07,11:16:00,2024-02-13,9.4,9.4,9.3,9.3,3160,55880,0
FINNIFTY13FEB2421250CE.NFO,2024-02-07,11:17:00,2024-02-13,9.3,9.5,9.3,9.4,280,51560,0
FINNIFTY13FEB2421250CE.NFO,2024-02-07,11:18:00,2024-02-13,9.4,9.5,9.35,9.45,840,51560,0
FINNIFTY13FEB2421250CE.NFO,2024-02-07,11:19:00,2024-02-13,9.4,9.4,9.35,9.35,1560,51560,0
FINNIFTY13FEB2421250CE.NFO,2024-02-07,11:20:00,2024-02-13,9.35,9.35,9.3,9.3,680,49240,0
FINNIFTY13FEB2421250CE.NFO,2024-02-07,11:21:00,2024-02-13,9.3,9.45,9.3,9.45,40,49240,0
FINNIFTY13FEB2421250CE.NFO,2024-02-07,11:22:00,2024-02-13,9.45,9.45,9.15,9.25,1760,48160,0
FINNIFTY13FEB2421250CE.NFO,2024-02-07,11:23:00,2024-02-13,9.25,9.3,9.1,9.1,2000,48160,0
FINNIFTY13FEB2421250CE.NFO,2024-02-07,11:24:00,2024-02-13,9.1,9.15,9.1,9.15,240,48160,0
FINNIFTY13FEB2421250CE.NFO,2024-02-07,11:25:00,2024-02-13,9.15,9.15,9.05,9.05,1280,48160,0
FINNIFTY13FEB2421250CE.NFO,2024-02-07,11:26:00,2024-02-13,9.05,9.15,9.05,9.05,680,46960,0
FINNIFTY13FEB2421250CE.NFO,2024-02-07,11:27:00,2024-02-13,9.05,9.35,9.05,9.3,3880,46960,0
FINNIFTY13FEB2421250CE.NFO,2024-02-07,11:28:00,2024-02-13,9.35,9.35,9.15,9.15,640,46960,0
FINNIFTY13FEB2421250CE.NFO,2024-02-07,11:29:00,2024-02-13,9.15,9.25,9.15,9.15,120,43320,0
FINNIFTY13FEB2421250CE.NFO,2024-02-07,11:30:00,2024-02-13,9.15,9.15,9.05,9.05,240,43320,0
FINNIFTY13FEB2421250CE.NFO,2024-02-07,11:31:00,2024-02-13,9.05,9.15,8.6,8.6,3560,43200,0
FINNIFTY13FEB2421250CE.NFO,2024-02-07,11:32:00,2024-02-13,8.6,8.65,8.1,8.1,5480,43200,0
FINNIFTY13FEB2421250CE.NFO,2024-02-07,11:33:00,2024-02-13,8.1,8.1,7.9,7.9,1520,43200,0
FINNIFTY13FEB2421250CE.NFO,2024-02-07,11:34:00,2024-02-13,7.9,7.95,7.9,7.95,840,46400,0
FINNIFTY13FEB2421250CE.NFO,2024-02-07,11:35:00,2024-02-13,7.95,8.35,7.95,8.35,760,46400,0
FINNIFTY13FEB2421250CE.NFO,2024-02-07,11:36:00,2024-02-13,8.35,8.5,8.25,8.5,2000,46400,0
FINNIFTY13FEB2421250CE.NFO,2024-02-07,11:37:00,2024-02-13,8.5,8.6,8.4,8.45,3480,48200,0
FINNIFTY13FEB2421250CE.NFO,2024-02-07,11:38:00,2024-02-13,8.45,8.45,8.1,8.1,4040,48200,0
FINNIFTY13FEB2421250CE.NFO,2024-02-07,11:39:00,2024-02-13,8.1,8.15,7.9,8.1,2800,48200,0
FINNIFTY13FEB2421250CE.NFO,2024-02-07,11:40:00,2024-02-13,8.1,8.2,8.05,8.1,5360,51480,0
FINNIFTY13FEB2421250CE.NFO,2024-02-07,11:41:00,2024-02-13,8.1,8.2,8.0,8.0,3680,51480,0
FINNIFTY13FEB2421250CE.NFO,2024-02-07,11:42:00,2024-02-13,8.0,8.1,7.95,8.0,4000,51480,0
FINNIFTY13FEB2421250CE.NFO,2024-02-07,11:43:00,2024-02-13,7.9,8.05,7.85,8.0,5320,54080,0
FINNIFTY13FEB2421250CE.NFO,2024-02-07,11:44:00,2024-02-13,8.0,8.25,8.0,8.2,3040,54080,0
FINNIFTY13FEB2421250CE.NFO,2024-02-07,11:45:00,2024-02-13,8.2,8.2,8.0,8.15,9000,54080,0
FINNIFTY13FEB2421250CE.NFO,2024-02-07,11:46:00,2024-02-13,8.15,8.25,8.0,8.0,7720,61680,0
FINNIFTY13FEB2421250CE.NFO,2024-02-07,11:47:00,2024-02-13,8.0,8.1,8.0,8.1,280,61680,0
FINNIFTY13FEB2421250CE.NFO,2024-02-07,11:48:00,2024-02-13,8.1,8.15,8.0,8.15,920,61680,0
FINNIFTY13FEB2421250CE.NFO,2024-02-07,11:49:00,2024-02-13,8.15,8.15,8.15,8.15,920,65400,0
FINNIFTY13FEB2421250CE.NFO,2024-02-07,11:50:00,2024-02-13,8.15,8.2,8.1,8.2,560,65400,0
FINNIFTY13FEB2421250CE.NFO,2024-02-07,11:51:00,2024-02-13,8.2,8.25,8.2,8.25,80,65400,0
FINNIFTY13FEB2421250CE.NFO,2024-02-07,11:52:00,2024-02-13,8.25,8.25,7.85,8.05,5560,73240,0
FINNIFTY13FEB2421250CE.NFO,2024-02-07,11:53:00,2024-02-13,8.05,8.05,7.8,7.85,4120,73240,0
FINNIFTY13FEB2421250CE.NFO,2024-02-07,11:54:00,2024-02-13,7.85,7.85,7.7,7.7,2320,73240,0
FINNIFTY13FEB2421250CE.NFO,2024-02-07,11:55:00,2024-02-13,7.8,7.85,7.7,7.8,600,77120,0
FINNIFTY13FEB2421250CE.NFO,2024-02-07,11:56:00,2024-02-13,7.8,7.8,7.6,7.8,1160,77120,0
FINNIFTY13FEB2421250CE.NFO,2024-02-07,11:57:00,2024-02-13,7.8,7.8,7.5,7.6,880,77120,0
FINNIFTY13FEB2421250CE.NFO,2024-02-07,11:58:00,2024-02-13,7.65,7.75,7.6,7.75,240,77120,0
FINNIFTY13FEB2421250CE.NFO,2024-02-07,11:59:00,2024-02-13,7.75,7.8,7.75,7.8,280,68520,0
FINNIFTY13FEB2421250CE.NFO,2024-02-07,12:00:00,2024-02-13,7.8,7.85,7.75,7.85,1040,68520,0
FINNIFTY13FEB2421250CE.NFO,2024-02-07,12:01:00,2024-02-13,7.85,7.9,7.85,7.85,320,68520,0
FINNIFTY13FEB2421250CE.NFO,2024-02-07,12:02:00,2024-02-13,7.85,7.95,7.85,7.95,280,68080,0
FINNIFTY13FEB2421250CE.NFO,2024-02-07,12:03:00,2024-02-13,7.95,8.05,7.95,8.05,160,68080,0
FINNIFTY13FEB2421250CE.NFO,2024-02-07,12:04:00,2024-02-13,8.05,8.05,8.05,8.05,40,68080,0
FINNIFTY13FEB2421250CE.NFO,2024-02-07,12:05:00,2024-02-13,8.05,8.3,8.05,8.15,2560,68080,0
FINNIFTY13FEB2421250CE.NFO,2024-02-07,12:06:00,2024-02-13,8.15,8.35,8.15,8.35,960,68080,0
FINNIFTY13FEB2421250CE.NFO,2024-02-07,12:07:00,2024-02-13,8.35,8.5,8.35,8.5,1240,68080,0
FINNIFTY13FEB2421250CE.NFO,2024-02-07,12:08:00,2024-02-13,8.5,8.6,8.35,8.6,880,69680,0
FINNIFTY13FEB2421250CE.NFO,2024-02-07,12:09:00,2024-02-13,8.6,8.6,8.4,8.4,640,69680,0
FINNIFTY13FEB2421250CE.NFO,2024-02-07,12:10:00,2024-02-13,8.4,8.5,8.4,8.5,1400,69680,0
FINNIFTY13FEB2421250CE.NFO,2024-02-07,12:11:00,2024-02-13,8.5,8.6,8.5,8.55,1280,69680,0
FINNIFTY13FEB2421250CE.NFO,2024-02-07,12:12:00,2024-02-13,8.55,8.65,8.45,8.45,2400,69680,0
FINNIFTY13FEB2421250CE.NFO,2024-02-07,12:13:00,2024-02-13,8.45,8.6,8.35,8.55,2280,67640,0
FINNIFTY13FEB2421250CE.NFO,2024-02-07,12:14:00,2024-02-13,8.55,8.55,8.45,8.5,120,67640,0
FINNIFTY13FEB2421250CE.NFO,2024-02-07,12:15:00,2024-02-13,8.5,8.5,8.4,8.4,800,67640,0
FINNIFTY13FEB2421250CE.NFO,2024-02-07,12:16:00,2024-02-13,8.45,8.45,8.4,8.4,480,67640,0
FINNIFTY13FEB2421250CE.NFO,2024-02-07,12:17:00,2024-02-13,8.4,8.4,8.1,8.2,1280,68280,0
FINNIFTY13FEB2421250CE.NFO,2024-02-07,12:18:00,2024-02-13,8.2,8.3,8.2,8.3,80,68280,0
FINNIFTY13FEB2421250CE.NFO,2024-02-07,12:19:00,2024-02-13,8.3,8.3,8.3,8.3,560,68280,0
FINNIFTY13FEB2421250CE.NFO,2024-02-07,12:20:00,2024-02-13,8.3,8.3,8.3,8.3,0,68280,0
FINNIFTY13FEB2421250CE.NFO,2024-02-07,12:21:00,2024-02-13,8.3,8.3,8.05,8.05,80,69480,0
FINNIFTY13FEB2421250CE.NFO,2024-02-07,12:22:00,2024-02-13,8.05,8.05,7.95,7.95,360,69480,0
FINNIFTY13FEB2421250CE.NFO,2024-02-07,12:23:00,2024-02-13,7.95,7.95,7.85,7.9,240,69280,0
FINNIFTY13FEB2421250CE.NFO,2024-02-07,12:24:00,2024-02-13,7.9,7.9,7.9,7.9,40,69280,0
FINNIFTY13FEB2421250CE.NFO,2024-02-07,12:25:00,2024-02-13,7.9,7.95,7.9,7.95,480,69280,0
FINNIFTY13FEB2421250CE.NFO,2024-02-07,12:26:00,2024-02-13,7.95,8.2,7.95,8.2,240,69280,0
FINNIFTY13FEB2421250CE.NFO,2024-02-07,12:27:00,2024-02-13,8.2,8.3,8.2,8.3,1040,69280,0
FINNIFTY13FEB2421250CE.NFO,2024-02-07,12:28:00,2024-02-13,8.3,8.45,8.3,8.35,2040,69280,0
FINNIFTY13FEB2421250CE.NFO,2024-02-07,12:29:00,2024-02-13,8.35,8.45,8.25,8.25,1280,70120,0
FINNIFTY13FEB2421250CE.NFO,2024-02-07,12:30:00,2024-02-13,8.25,8.3,8.15,8.15,1640,70120,0
FINNIFTY13FEB2421250CE.NFO,2024-02-07,12:31:00,2024-02-13,8.15,8.25,8.15,8.25,560,70120,0
FINNIFTY13FEB2421250CE.NFO,2024-02-07,12:32:00,2024-02-13,8.3,8.3,8.2,8.2,520,70120,0
FINNIFTY13FEB2421250CE.NFO,2024-02-07,12:33:00,2024-02-13,8.2,8.25,8.2,8.25,200,70120,0
FINNIFTY13FEB2421250CE.NFO,2024-02-07,12:34:00,2024-02-13,8.25,8.3,8.25,8.3,400,70760,0
FINNIFTY13FEB2421250CE.NFO,2024-02-07,12:35:00,2024-02-13,8.3,8.3,8.1,8.1,800,70760,0
FINNIFTY13FEB2421250CE.NFO,2024-02-07,12:36:00,2024-02-13,8.1,8.1,8.0,8.1,1160,70760,0
FINNIFTY13FEB2421250CE.NFO,2024-02-07,12:37:00,2024-02-13,8.1,8.1,7.75,7.75,840,70760,0
FINNIFTY13FEB2421250CE.NFO,2024-02-07,12:38:00,2024-02-13,7.75,7.95,7.75,7.9,680,70800,0
FINNIFTY13FEB2421250CE.NFO,2024-02-07,12:39:00,2024-02-13,7.9,8.0,7.85,7.85,760,70800,0
FINNIFTY13FEB2421250CE.NFO,2024-02-07,12:40:00,2024-02-13,7.85,7.9,7.8,7.9,240,70800,0
FINNIFTY13FEB2421250CE.NFO,2024-02-07,12:41:00,2024-02-13,7.9,7.95,7.85,7.85,3840,71200,0
FINNIFTY13FEB2421250CE.NFO,2024-02-07,12:42:00,2024-02-13,7.85,7.85,7.65,7.65,1160,71200,0
FINNIFTY13FEB2421250CE.NFO,2024-02-07,12:43:00,2024-02-13,7.75,7.85,7.65,7.85,640,71200,0
FINNIFTY13FEB2421250CE.NFO,2024-02-07,12:44:00,2024-02-13,7.85,7.85,7.85,7.85,160,74840,0
FINNIFTY13FEB2421250CE.NFO,2024-02-07,12:45:00,2024-02-13,7.7,7.7,7.7,7.7,160,74840,0
FINNIFTY13FEB2421250CE.NFO,2024-02-07,12:46:00,2024-02-13,7.7,7.9,7.7,7.9,120,74840,0
FINNIFTY13FEB2421250CE.NFO,2024-02-07,12:47:00,2024-02-13,7.9,7.9,7.85,7.85,80,75080,0
FINNIFTY13FEB2421250CE.NFO,2024-02-07,12:48:00,2024-02-13,7.85,7.85,7.7,7.8,1040,75080,0
FINNIFTY13FEB2421250CE.NFO,2024-02-07,12:49:00,2024-02-13,7.8,8.0,7.8,8.0,560,75080,0
FINNIFTY13FEB2421250CE.NFO,2024-02-07,12:50:00,2024-02-13,8.0,8.0,7.8,7.8,440,74360,0
FINNIFTY13FEB2421250CE.NFO,2024-02-07,12:51:00,2024-02-13,7.8,7.9,7.8,7.9,120,74360,0
FINNIFTY13FEB2421250CE.NFO,2024-02-07,12:52:00,2024-02-13,7.9,7.9,7.9,7.9,0,74360,0
FINNIFTY13FEB2421250CE.NFO,2024-02-07,12:53:00,2024-02-13,7.9,7.9,7.65,7.75,480,74640,0
FINNIFTY13FEB2421250CE.NFO,2024-02-07,12:54:00,2024-02-13,7.75,7.75,7.6,7.6,80,74640,0
FINNIFTY13FEB2421250CE.NFO,2024-02-07,12:55:00,2024-02-13,7.6,7.7,7.6,7.7,40,74640,0
FINNIFTY13FEB2421250CE.NFO,2024-02-07,12:56:00,2024-02-13,7.7,7.7,7.7,7.7,0,74640,0
FINNIFTY13FEB2421250CE.NFO,2024-02-07,12:57:00,2024-02-13,7.7,7.85,7.7,7.8,120,74640,0
FINNIFTY13FEB2421250CE.NFO,2024-02-07,12:58:00,2024-02-13,7.8,7.8,7.8,7.8,0,74640,0
FINNIFTY13FEB2421250CE.NFO,2024-02-07,12:59:00,2024-02-13,7.8,7.8,7.8,7.8,0,74640,0
FINNIFTY13FEB2421250CE.NFO,2024-02-07,13:00:00,2024-02-13,7.8,7.8,7.55,7.55,320,74440,0
FINNIFTY13FEB2421250CE.NFO,2024-02-07,13:01:00,2024-02-13,7.55,7.75,7.55,7.65,360,74440,0
FINNIFTY13FEB2421250CE.NFO,2024-02-07,13:02:00,2024-02-13,7.65,7.65,7.65,7.65,80,74960,0
FINNIFTY13FEB2421250CE.NFO,2024-02-07,13:03:00,2024-02-13,7.65,7.7,7.6,7.6,520,74960,0
FINNIFTY13FEB2421250CE.NFO,2024-02-07,13:04:00,2024-02-13,7.6,7.8,7.6,7.7,880,74960,0
FINNIFTY13FEB2421250CE.NFO,2024-02-07,13:05:00,2024-02-13,7.7,7.9,7.7,7.9,400,75280,0
FINNIFTY13FEB2421250CE.NFO,2024-02-07,13:06:00,2024-02-13,7.9,8.05,7.9,8.0,80,75280,0
FINNIFTY13FEB2421250CE.NFO,2024-02-07,13:07:00,2024-02-13,8.0,8.0,7.95,7.95,160,75280,0
FINNIFTY13FEB2421250CE.NFO,2024-02-07,13:08:00,2024-02-13,7.95,8.0,7.95,8.0,400,75360,0
FINNIFTY13FEB2421250CE.NFO,2024-02-07,13:09:00,2024-02-13,8.0,8.0,7.9,7.9,760,75360,0
FINNIFTY13FEB2421250CE.NFO,2024-02-07,13:10:00,2024-02-13,7.9,8.3,7.9,8.3,200,75360,0
FINNIFTY13FEB2421250CE.NFO,2024-02-07,13:11:00,2024-02-13,8.3,8.3,8.3,8.3,0,75360,0
FINNIFTY13FEB2421250CE.NFO,2024-02-07,13:12:00,2024-02-13,8.3,8.75,8.3,8.75,2120,76360,0
FINNIFTY13FEB2421250CE.NFO,2024-02-07,13:13:00,2024-02-13,8.65,8.75,8.65,8.65,840,76360,0
FINNIFTY13FEB2421250CE.NFO,2024-02-07,13:14:00,2024-02-13,8.65,8.7,8.65,8.7,1040,75320,0
FINNIFTY13FEB2421250CE.NFO,2024-02-07,13:15:00,2024-02-13,8.7,8.7,8.6,8.6,520,75320,0
FINNIFTY13FEB2421250CE.NFO,2024-02-07,13:16:00,2024-02-13,8.6,8.8,8.6,8.7,8360,75320,0
FINNIFTY13FEB2421250CE.NFO,2024-02-07,13:17:00,2024-02-13,8.7,8.75,8.7,8.75,80,78160,0
FINNIFTY13FEB2421250CE.NFO,2024-02-07,13:18:00,2024-02-13,8.75,8.8,8.45,8.5,5520,78160,0
FINNIFTY13FEB2421250CE.NFO,2024-02-07,13:19:00,2024-02-13,8.5,8.5,8.5,8.5,120,78160,0
FINNIFTY13FEB2421250CE.NFO,2024-02-07,13:20:00,2024-02-13,8.5,8.7,8.5,8.7,400,78160,0
FINNIFTY13FEB2421250CE.NFO,2024-02-07,13:21:00,2024-02-13,8.7,8.7,8.45,8.55,160,77920,0
FINNIFTY13FEB2421250CE.NFO,2024-02-07,13:22:00,2024-02-13,8.55,8.9,8.55,8.65,520,77920,0
FINNIFTY13FEB2421250CE.NFO,2024-02-07,13:23:00,2024-02-13,8.65,8.65,8.65,8.65,0,77920,0
FINNIFTY13FEB2421250CE.NFO,2024-02-07,13:24:00,2024-02-13,8.65,8.65,8.65,8.65,0,77920,0
FINNIFTY13FEB2421250CE.NFO,2024-02-07,13:25:00,2024-02-13,8.65,8.8,8.65,8.75,240,77960,0
FINNIFTY13FEB2421250CE.NFO,2024-02-07,13:26:00,2024-02-13,8.75,8.75,8.55,8.55,240,78000,0
FINNIFTY13FEB2421250CE.NFO,2024-02-07,13:27:00,2024-02-13,8.55,8.6,8.55,8.55,320,78000,0
FINNIFTY13FEB2421250CE.NFO,2024-02-07,13:28:00,2024-02-13,8.55,8.55,8.35,8.35,440,78000,0
FINNIFTY13FEB2421250CE.NFO,2024-02-07,13:29:00,2024-02-13,8.35,8.35,8.1,8.1,200,78320,0
FINNIFTY13FEB2421250CE.NFO,2024-02-07,13:30:00,2024-02-13,8.1,8.15,8.0,8.0,1840,78320,0
FINNIFTY13FEB2421250CE.NFO,2024-02-07,13:31:00,2024-02-13,8.0,8.25,8.0,8.25,160,78320,0
FINNIFTY13FEB2421250CE.NFO,2024-02-07,13:32:00,2024-02-13,8.45,8.55,8.45,8.5,280,77680,0
FINNIFTY13FEB2421250CE.NFO,2024-02-07,13:33:00,2024-02-13,8.5,8.55,8.5,8.55,1040,77680,0
FINNIFTY13FEB2421250CE.NFO,2024-02-07,13:34:00,2024-02-13,8.6,8.65,8.5,8.6,200,77680,0
FINNIFTY13FEB2421250CE.NFO,2024-02-07,13:35:00,2024-02-13,8.6,8.6,8.6,8.6,440,77720,0
FINNIFTY13FEB2421250CE.NFO,2024-02-07,13:36:00,2024-02-13,8.6,8.6,8.45,8.6,760,77720,0
FINNIFTY13FEB2421250CE.NFO,2024-02-07,13:37:00,2024-02-13,8.6,8.8,8.6,8.75,320,77720,0
FINNIFTY13FEB2421250CE.NFO,2024-02-07,13:38:00,2024-02-13,8.75,8.75,8.6,8.6,240,78080,0
FINNIFTY13FEB2421250CE.NFO,2024-02-07,13:39:00,2024-02-13,8.6,8.6,8.3,8.6,920,78080,0
FINNIFTY13FEB2421250CE.NFO,2024-02-07,13:40:00,2024-02-13,8.6,9.0,8.6,9.0,200,78080,0
FINNIFTY13FEB2421250CE.NFO,2024-02-07,13:41:00,2024-02-13,9.0,9.25,8.8,9.2,1240,78320,0
FINNIFTY13FEB2421250CE.NFO,2024-02-07,13:42:00,2024-02-13,9.2,9.3,9.05,9.05,880,78320,0
FINNIFTY13FEB2421250CE.NFO,2024-02-07,13:43:00,2024-02-13,9.05,9.05,8.9,8.9,1560,78320,0
FINNIFTY13FEB2421250CE.NFO,2024-02-07,13:44:00,2024-02-13,8.9,8.95,8.85,8.85,120,78600,0
FINNIFTY13FEB2421250CE.NFO,2024-02-07,13:45:00,2024-02-13,8.85,8.85,8.7,8.75,200,78600,0
FINNIFTY13FEB2421250CE.NFO,2024-02-07,13:46:00,2024-02-13,8.75,8.85,8.7,8.8,800,78600,0
FINNIFTY13FEB2421250CE.NFO,2024-02-07,13:47:00,2024-02-13,8.8,8.8,8.7,8.7,120,78840,0
FINNIFTY13FEB2421250CE.NFO,2024-02-07,13:48:00,2024-02-13,8.7,8.7,8.2,8.2,1280,78840,0
FINNIFTY13FEB2421250CE.NFO,2024-02-07,13:49:00,2024-02-13,8.2,8.4,8.2,8.35,320,78840,0
FINNIFTY13FEB2421250CE.NFO,2024-02-07,13:50:00,2024-02-13,8.35,8.4,8.3,8.3,120,78840,0
FINNIFTY13FEB2421250CE.NFO,2024-02-07,13:51:00,2024-02-13,8.3,8.5,8.3,8.45,11720,78920,0
FINNIFTY13FEB2421250CE.NFO,2024-02-07,13:52:00,2024-02-13,8.45,8.7,8.45,8.7,13240,78920,0
FINNIFTY13FEB2421250CE.NFO,2024-02-07,13:53:00,2024-02-13,8.7,8.7,8.45,8.45,27600,66800,0
FINNIFTY13FEB2421250CE.NFO,2024-02-07,13:54:00,2024-02-13,8.45,8.45,8.25,8.3,840,66800,0
FINNIFTY13FEB2421250CE.NFO,2024-02-07,13:55:00,2024-02-13,8.3,8.3,8.25,8.25,400,66800,0
FINNIFTY13FEB2421250CE.NFO,2024-02-07,13:56:00,2024-02-13,8.25,8.4,8.25,8.35,1120,73240,0
FINNIFTY13FEB2421250CE.NFO,2024-02-07,13:57:00,2024-02-13,8.35,8.5,8.35,8.4,760,73240,0
FINNIFTY13FEB2421250CE.NFO,2024-02-07,13:58:00,2024-02-13,8.4,8.45,8.35,8.45,1040,73240,0
FINNIFTY13FEB2421250CE.NFO,2024-02-07,13:59:00,2024-02-13,8.45,8.55,8.4,8.55,520,72880,0
FINNIFTY13FEB2421250CE.NFO,2024-02-07,14:00:00,2024-02-13,8.55,8.55,8.45,8.5,880,72880,0
FINNIFTY13FEB2421250CE.NFO,2024-02-07,14:01:00,2024-02-13,8.5,8.5,8.5,8.5,840,72880,0
FINNIFTY13FEB2421250CE.NFO,2024-02-07,14:02:00,2024-02-13,8.5,8.55,8.4,8.55,2040,71240,0
FINNIFTY13FEB2421250CE.NFO,2024-02-07,14:03:00,2024-02-13,8.55,8.55,8.4,8.4,1280,71240,0
FINNIFTY13FEB2421250CE.NFO,2024-02-07,14:04:00,2024-02-13,8.45,8.45,8.4,8.4,400,71240,0
FINNIFTY13FEB2421250CE.NFO,2024-02-07,14:05:00,2024-02-13,8.4,8.4,8.3,8.3,280,72560,0
FINNIFTY13FEB2421250CE.NFO,2024-02-07,14:06:00,2024-02-13,8.3,8.55,8.3,8.4,1240,72560,0
FINNIFTY13FEB2421250CE.NFO,2024-02-07,14:07:00,2024-02-13,8.4,8.7,8.4,8.65,2280,72560,0
FINNIFTY13FEB2421250CE.NFO,2024-02-07,14:08:00,2024-02-13,8.75,8.9,8.6,8.9,7160,71080,0
FINNIFTY13FEB2421250CE.NFO,2024-02-07,14:09:00,2024-02-13,8.85,8.85,8.45,8.5,2440,71080,0
FINNIFTY13FEB2421250CE.NFO,2024-02-07,14:10:00,2024-02-13,8.5,8.65,8.5,8.6,920,71080,0
FINNIFTY13FEB2421250CE.NFO,2024-02-07,14:11:00,2024-02-13,8.6,8.8,8.6,8.8,640,69400,0
FINNIFTY13FEB2421250CE.NFO,2024-02-07,14:12:00,2024-02-13,8.8,8.9,8.75,8.8,1520,69400,0
FINNIFTY13FEB2421250CE.NFO,2024-02-07,14:13:00,2024-02-13,8.8,8.85,8.65,8.65,920,69400,0
FINNIFTY13FEB2421250CE.NFO,2024-02-07,14:14:00,2024-02-13,8.6,8.65,8.45,8.5,2280,70720,0
FINNIFTY13FEB2421250CE.NFO,2024-02-07,14:15:00,2024-02-13,8.5,8.6,8.5,8.5,440,70720,0
FINNIFTY13FEB2421250CE.NFO,2024-02-07,14:16:00,2024-02-13,8.5,8.5,8.0,8.0,3160,70720,0
FINNIFTY13FEB2421250CE.NFO,2024-02-07,14:17:00,2024-02-13,8.0,8.05,7.8,8.05,4200,72280,0
FINNIFTY13FEB2421250CE.NFO,2024-02-07,14:18:00,2024-02-13,8.05,9.0,8.05,9.0,1200,72280,0
FINNIFTY13FEB2421250CE.NFO,2024-02-07,14:19:00,2024-02-13,9.0,9.05,8.6,8.6,640,72280,0
FINNIFTY13FEB2421250CE.NFO,2024-02-07,14:20:00,2024-02-13,8.6,8.65,8.55,8.6,320,71840,0
FINNIFTY13FEB2421250CE.NFO,2024-02-07,14:21:00,2024-02-13,8.6,8.75,8.55,8.6,2520,71840,0
FINNIFTY13FEB2421250CE.NFO,2024-02-07,14:22:00,2024-02-13,8.6,8.6,8.3,8.4,5200,71840,0
FINNIFTY13FEB2421250CE.NFO,2024-02-07,14:23:00,2024-02-13,8.4,8.5,8.4,8.5,4320,74640,0
FINNIFTY13FEB2421250CE.NFO,2024-02-07,14:24:00,2024-02-13,8.5,8.65,8.5,8.65,280,74640,0
FINNIFTY13FEB2421250CE.NFO,2024-02-07,14:25:00,2024-02-13,8.65,8.65,8.6,8.6,40,74640,0
FINNIFTY13FEB2421250CE.NFO,2024-02-07,14:26:00,2024-02-13,8.6,8.8,8.6,8.75,760,72280,0
FINNIFTY13FEB2421250CE.NFO,2024-02-07,14:27:00,2024-02-13,8.75,8.75,8.7,8.7,200,72280,0
FINNIFTY13FEB2421250CE.NFO,2024-02-07,14:28:00,2024-02-13,8.7,8.7,8.4,8.55,2720,72280,0
FINNIFTY13FEB2421250CE.NFO,2024-02-07,14:29:00,2024-02-13,8.55,8.55,8.35,8.4,560,71120,0
FINNIFTY13FEB2421250CE.NFO,2024-02-07,14:30:00,2024-02-13,8.4,8.55,8.35,8.45,440,71120,0
FINNIFTY13FEB2421250CE.NFO,2024-02-07,14:31:00,2024-02-13,8.45,8.5,8.35,8.35,1120,71120,0
FINNIFTY13FEB2421250CE.NFO,2024-02-07,14:32:00,2024-02-13,8.35,8.6,8.35,8.6,840,70360,0
FINNIFTY13FEB2421250CE.NFO,2024-02-07,14:33:00,2024-02-13,8.6,8.6,8.45,8.55,280,70360,0
FINNIFTY13FEB2421250CE.NFO,2024-02-07,14:34:00,2024-02-13,8.45,8.45,8.25,8.25,520,70360,0
FINNIFTY13FEB2421250CE.NFO,2024-02-07,14:35:00,2024-02-13,8.25,8.35,8.25,8.35,440,70400,0
FINNIFTY13FEB2421250CE.NFO,2024-02-07,14:36:00,2024-02-13,8.35,8.4,8.3,8.4,320,70400,0
FINNIFTY13FEB2421250CE.NFO,2024-02-07,14:37:00,2024-02-13,8.4,8.55,8.2,8.2,120,70400,0
FINNIFTY13FEB2421250CE.NFO,2024-02-07,14:38:00,2024-02-13,8.2,8.2,7.55,7.6,3280,70720,0
FINNIFTY13FEB2421250CE.NFO,2024-02-07,14:39:00,2024-02-13,7.6,7.6,7.35,7.55,2040,70720,0
FINNIFTY13FEB2421250CE.NFO,2024-02-07,14:40:00,2024-02-13,7.55,7.55,7.45,7.45,1400,70720,0
FINNIFTY13FEB2421250CE.NFO,2024-02-07,14:41:00,2024-02-13,7.45,7.5,7.4,7.5,1640,71560,0
FINNIFTY13FEB2421250CE.NFO,2024-02-07,14:42:00,2024-02-13,7.5,7.5,7.3,7.3,120,71560,0
FINNIFTY13FEB2421250CE.NFO,2024-02-07,14:43:00,2024-02-13,7.3,7.4,7.3,7.4,40,71560,0
FINNIFTY13FEB2421250CE.NFO,2024-02-07,14:44:00,2024-02-13,7.4,7.5,7.35,7.5,520,71520,0
FINNIFTY13FEB2421250CE.NFO,2024-02-07,14:45:00,2024-02-13,7.5,7.8,7.5,7.75,840,71520,0
FINNIFTY13FEB2421250CE.NFO,2024-02-07,14:46:00,2024-02-13,7.8,8.0,7.8,7.9,1840,71520,0
FINNIFTY13FEB2421250CE.NFO,2024-02-07,14:47:00,2024-02-13,7.9,7.9,7.85,7.9,200,71520,0
FINNIFTY13FEB2421250CE.NFO,2024-02-07,14:48:00,2024-02-13,7.9,7.95,7.8,7.85,760,69800,0
FINNIFTY13FEB2421250CE.NFO,2024-02-07,14:49:00,2024-02-13,7.85,7.9,7.65,7.65,960,69800,0
FINNIFTY13FEB2421250CE.NFO,2024-02-07,14:50:00,2024-02-13,7.65,7.65,7.55,7.65,3520,68960,0
FINNIFTY13FEB2421250CE.NFO,2024-02-07,14:51:00,2024-02-13,7.65,7.65,7.6,7.6,840,68960,0
FINNIFTY13FEB2421250CE.NFO,2024-02-07,14:52:00,2024-02-13,7.6,7.7,7.6,7.7,800,68960,0
FINNIFTY13FEB2421250CE.NFO,2024-02-07,14:53:00,2024-02-13,7.7,7.85,7.7,7.85,160,69080,0
FINNIFTY13FEB2421250CE.NFO,2024-02-07,14:54:00,2024-02-13,7.85,8.0,7.85,7.9,1800,69080,0
FINNIFTY13FEB2421250CE.NFO,2024-02-07,14:55:00,2024-02-13,7.9,8.1,7.9,7.95,1280,69080,0
FINNIFTY13FEB2421250CE.NFO,2024-02-07,14:56:00,2024-02-13,8.0,8.0,7.8,7.8,1800,68760,0
FINNIFTY13FEB2421250CE.NFO,2024-02-07,14:57:00,2024-02-13,7.8,7.8,7.5,7.55,360,68760,0
FINNIFTY13FEB2421250CE.NFO,2024-02-07,14:58:00,2024-02-13,7.55,7.65,7.4,7.6,1360,68760,0
FINNIFTY13FEB2421250CE.NFO,2024-02-07,14:59:00,2024-02-13,7.6,7.65,7.6,7.6,2240,69200,0
FINNIFTY13FEB2421250CE.NFO,2024-02-07,15:00:00,2024-02-13,7.6,8.05,7.6,7.9,3120,69200,0
FINNIFTY13FEB2421250CE.NFO,2024-02-07,15:01:00,2024-02-13,7.9,8.15,7.9,8.0,3240,69200,0
FINNIFTY13FEB2421250CE.NFO,2024-02-07,15:02:00,2024-02-13,8.0,8.15,7.9,8.1,1520,71720,0
FINNIFTY13FEB2421250CE.NFO,2024-02-07,15:03:00,2024-02-13,8.1,8.1,7.9,7.9,3880,71720,0
FINNIFTY13FEB2421250CE.NFO,2024-02-07,15:04:00,2024-02-13,7.9,8.05,7.85,8.05,1080,71720,0
FINNIFTY13FEB2421250CE.NFO,2024-02-07,15:05:00,2024-02-13,7.95,8.05,7.7,7.7,2120,72120,0
FINNIFTY13FEB2421250CE.NFO,2024-02-07,15:06:00,2024-02-13,7.7,7.75,7.2,7.2,1920,72120,0
FINNIFTY13FEB2421250CE.NFO,2024-02-07,15:07:00,2024-02-13,7.2,7.35,7.05,7.25,2160,72120,0
FINNIFTY13FEB2421250CE.NFO,2024-02-07,15:08:00,2024-02-13,7.25,7.35,7.05,7.1,1960,69800,0
FINNIFTY13FEB2421250CE.NFO,2024-02-07,15:09:00,2024-02-13,7.1,7.15,7.0,7.1,3920,69800,0
FINNIFTY13FEB2421250CE.NFO,2024-02-07,15:10:00,2024-02-13,7.1,7.1,7.0,7.1,720,69800,0
FINNIFTY13FEB2421250CE.NFO,2024-02-07,15:11:00,2024-02-13,7.1,7.3,7.1,7.3,2280,67800,0
FINNIFTY13FEB2421250CE.NFO,2024-02-07,15:12:00,2024-02-13,7.2,7.25,7.1,7.25,2880,67800,0
FINNIFTY13FEB2421250CE.NFO,2024-02-07,15:13:00,2024-02-13,7.25,7.25,7.15,7.15,840,67800,0
FINNIFTY13FEB2421250CE.NFO,2024-02-07,15:14:00,2024-02-13,7.15,7.4,7.15,7.25,1720,65280,0
FINNIFTY13FEB2421250CE.NFO,2024-02-07,15:15:00,2024-02-13,7.25,7.3,7.05,7.1,6480,65280,0
FINNIFTY13FEB2421250CE.NFO,2024-02-07,15:16:00,2024-02-13,7.1,7.25,6.95,7.15,7240,65280,0
FINNIFTY13FEB2421250CE.NFO,2024-02-07,15:17:00,2024-02-13,7.15,7.25,7.1,7.25,4680,64960,0
FINNIFTY13FEB2421250CE.NFO,2024-02-07,15:18:00,2024-02-13,7.25,7.25,7.0,7.0,5480,64960,0
FINNIFTY13FEB2421250CE.NFO,2024-02-07,15:19:00,2024-02-13,7.0,7.05,6.95,6.95,1240,64960,0
FINNIFTY13FEB2421250CE.NFO,2024-02-07,15:20:00,2024-02-13,6.95,7.05,6.75,6.75,1800,64000,0
FINNIFTY13FEB2421250CE.NFO,2024-02-07,15:21:00,2024-02-13,6.75,6.75,6.5,6.6,1560,64000,0
FINNIFTY13FEB2421250CE.NFO,2024-02-07,15:22:00,2024-02-13,6.7,6.7,6.05,6.5,13800,64000,0
FINNIFTY13FEB2421250CE.NFO,2024-02-07,15:23:00,2024-02-13,6.5,6.65,6.5,6.55,6480,61600,0
FINNIFTY13FEB2421250CE.NFO,2024-02-07,15:24:00,2024-02-13,6.55,6.55,6.4,6.5,2720,61600,0
FINNIFTY13FEB2421250CE.NFO,2024-02-07,15:25:00,2024-02-13,6.5,6.85,6.5,6.75,2320,61600,0
FINNIFTY13FEB2421250CE.NFO,2024-02-07,15:26:00,2024-02-13,6.75,7.0,6.75,7.0,3440,63760,0
FINNIFTY13FEB2421250CE.NFO,2024-02-07,15:27:00,2024-02-13,7.0,7.2,7.0,7.2,4080,63760,0
FINNIFTY13FEB2421250CE.NFO,2024-02-07,15:28:00,2024-02-13,7.2,7.65,7.1,7.3,3120,63760,0
FINNIFTY13FEB2421250CE.NFO,2024-02-07,15:29:00,2024-02-13,7.3,8.05,7.1,7.35,9520,64120,0
FINNIFTY13FEB2421250CE.NFO,2024-02-07,15:30:00,2024-02-13,7.35,7.35,7.35,7.35,9520,64120,1
FINNIFTY13FEB2421250CE.NFO,2024-02-08,09:15:00,2024-02-13,7.5,9.65,7.15,7.8,9040,55240,0
FINNIFTY13FEB2421250CE.NFO,2024-02-08,09:16:00,2024-02-13,7.7,7.8,7.2,7.3,3880,61040,0
FINNIFTY13FEB2421250CE.NFO,2024-02-08,09:17:00,2024-02-13,7.2,7.2,6.95,7.0,5560,61040,0
FINNIFTY13FEB2421250CE.NFO,2024-02-08,09:18:00,2024-02-13,7.05,7.2,6.9,7.15,3800,61040,0
FINNIFTY13FEB2421250CE.NFO,2024-02-08,09:19:00,2024-02-13,7.15,7.4,7.1,7.1,3560,62920,0
FINNIFTY13FEB2421250CE.NFO,2024-02-08,09:20:00,2024-02-13,7.05,7.35,7.05,7.35,2160,62920,0
FINNIFTY13FEB2421250CE.NFO,2024-02-08,09:21:00,2024-02-13,7.35,7.45,7.3,7.45,4560,62920,0
FINNIFTY13FEB2421250CE.NFO,2024-02-08,09:22:00,2024-02-13,7.45,7.6,7.4,7.6,16200,60840,0
FINNIFTY13FEB2421250CE.NFO,2024-02-08,09:23:00,2024-02-13,7.6,7.6,7.3,7.4,4440,60840,0
FINNIFTY13FEB2421250CE.NFO,2024-02-08,09:24:00,2024-02-13,7.4,7.5,7.25,7.35,1400,60840,0
FINNIFTY13FEB2421250CE.NFO,2024-02-08,09:25:00,2024-02-13,7.4,7.55,7.3,7.55,2400,60360,0
FINNIFTY13FEB2421250CE.NFO,2024-02-08,09:26:00,2024-02-13,7.6,7.75,7.5,7.6,3520,60360,0
FINNIFTY13FEB2421250CE.NFO,2024-02-08,09:27:00,2024-02-13,7.6,8.0,7.6,7.95,1600,60360,0
FINNIFTY13FEB2421250CE.NFO,2024-02-08,09:28:00,2024-02-13,7.95,8.15,7.75,7.95,4160,63600,0
FINNIFTY13FEB2421250CE.NFO,2024-02-08,09:29:00,2024-02-13,7.85,7.95,7.7,7.85,2520,63600,0
FINNIFTY13FEB2421250CE.NFO,2024-02-08,09:30:00,2024-02-13,7.85,8.6,7.75,8.45,3640,63600,0
FINNIFTY13FEB2421250CE.NFO,2024-02-08,09:31:00,2024-02-13,8.35,8.75,8.35,8.6,3040,62920,0
FINNIFTY13FEB2421250CE.NFO,2024-02-08,09:32:00,2024-02-13,8.6,8.65,8.05,8.05,1920,62920,0
FINNIFTY13FEB2421250CE.NFO,2024-02-08,09:33:00,2024-02-13,8.05,8.05,7.6,7.9,3240,62920,0
FINNIFTY13FEB2421250CE.NFO,2024-02-08,09:34:00,2024-02-13,7.95,8.05,7.7,8.05,1120,65440,0
FINNIFTY13FEB2421250CE.NFO,2024-02-08,09:35:00,2024-02-13,8.05,8.05,7.95,7.95,400,65440,0
FINNIFTY13FEB2421250CE.NFO,2024-02-08,09:36:00,2024-02-13,7.95,8.0,7.85,8.0,2640,65440,0
FINNIFTY13FEB2421250CE.NFO,2024-02-08,09:37:00,2024-02-13,8.0,8.0,7.7,7.7,640,64080,0
FINNIFTY13FEB2421250CE.NFO,2024-02-08,09:38:00,2024-02-13,7.75,7.8,7.55,7.7,2680,64080,0
FINNIFTY13FEB2421250CE.NFO,2024-02-08,09:39:00,2024-02-13,7.7,7.7,7.35,7.4,4480,64080,0
FINNIFTY13FEB2421250CE.NFO,2024-02-08,09:40:00,2024-02-13,7.4,7.5,7.3,7.45,2120,65040,0
FINNIFTY13FEB2421250CE.NFO,2024-02-08,09:41:00,2024-02-13,7.45,7.5,7.35,7.35,1960,65040,0
FINNIFTY13FEB2421250CE.NFO,2024-02-08,09:42:00,2024-02-13,7.35,7.35,7.0,7.1,4320,65040,0
FINNIFTY13FEB2421250CE.NFO,2024-02-08,09:43:00,2024-02-13,7.0,7.05,6.9,7.05,1720,62440,0
FINNIFTY13FEB2421250CE.NFO,2024-02-08,09:44:00,2024-02-13,7.05,7.1,6.85,6.9,1840,62440,0
FINNIFTY13FEB2421250CE.NFO,2024-02-08,09:45:00,2024-02-13,6.85,6.9,6.25,6.3,4680,62440,0
FINNIFTY13FEB2421250CE.NFO,2024-02-08,09:46:00,2024-02-13,6.3,6.3,6.0,6.15,3480,61760,0
FINNIFTY13FEB2421250CE.NFO,2024-02-08,09:47:00,2024-02-13,6.15,6.25,6.1,6.2,960,61760,0
FINNIFTY13FEB2421250CE.NFO,2024-02-08,09:48:00,2024-02-13,6.2,6.2,6.1,6.15,2440,61760,0
FINNIFTY13FEB2421250CE.NFO,2024-02-08,09:49:00,2024-02-13,6.15,6.2,6.05,6.05,2040,62040,0
FINNIFTY13FEB2421250CE.NFO,2024-02-08,09:50:00,2024-02-13,6.0,6.05,5.95,5.95,2080,62040,0
FINNIFTY13FEB2421250CE.NFO,2024-02-08,09:51:00,2024-02-13,6.05,6.05,5.9,5.9,1000,62040,0
FINNIFTY13FEB2421250CE.NFO,2024-02-08,09:52:00,2024-02-13,5.9,5.9,5.8,5.85,1480,62040,0
FINNIFTY13FEB2421250CE.NFO,2024-02-08,09:53:00,2024-02-13,5.85,5.95,5.8,5.95,1680,63560,0
FINNIFTY13FEB2421250CE.NFO,2024-02-08,09:54:00,2024-02-13,5.95,5.95,5.9,5.95,1800,63560,0
FINNIFTY13FEB2421250CE.NFO,2024-02-08,09:55:00,2024-02-13,5.95,6.1,5.95,6.1,1960,65040,0
FINNIFTY13FEB2421250CE.NFO,2024-02-08,09:56:00,2024-02-13,6.1,6.35,6.1,6.35,320,65040,0
FINNIFTY13FEB2421250CE.NFO,2024-02-08,09:57:00,2024-02-13,6.35,6.35,6.15,6.25,960,65040,0
FINNIFTY13FEB2421250CE.NFO,2024-02-08,09:58:00,2024-02-13,6.3,6.3,6.25,6.3,200,65040,0
FINNIFTY13FEB2421250CE.NFO,2024-02-08,09:59:00,2024-02-13,6.3,6.4,6.3,6.3,1800,65360,0
FINNIFTY13FEB2421250CE.NFO,2024-02-08,10:00:00,2024-02-13,6.25,6.5,6.1,6.45,2960,65360,0
FINNIFTY13FEB2421250CE.NFO,2024-02-08,10:01:00,2024-02-13,6.45,6.45,6.3,6.35,320,65360,0
FINNIFTY13FEB2421250CE.NFO,2024-02-08,10:02:00,2024-02-13,6.35,6.45,6.25,6.3,1960,65160,0
FINNIFTY13FEB2421250CE.NFO,2024-02-08,10:03:00,2024-02-13,6.3,6.95,6.25,6.7,3880,65160,0
FINNIFTY13FEB2421250CE.NFO,2024-02-08,10:04:00,2024-02-13,6.65,7.65,6.6,7.65,3640,63720,0
FINNIFTY13FEB2421250CE.NFO,2024-02-08,10:05:00,2024-02-13,7.8,8.6,6.65,6.65,10600,63720,0
FINNIFTY13FEB2421250CE.NFO,2024-02-08,10:06:00,2024-02-13,6.65,6.7,5.5,6.1,10000,63720,0
FINNIFTY13FEB2421250CE.NFO,2024-02-08,10:07:00,2024-02-13,6.1,6.15,5.7,5.75,5440,65400,0
FINNIFTY13FEB2421250CE.NFO,2024-02-08,10:08:00,2024-02-13,5.7,5.8,5.4,5.55,13000,65400,0
FINNIFTY13FEB2421250CE.NFO,2024-02-08,10:09:00,2024-02-13,5.55,5.55,4.75,4.85,10480,65400,0
FINNIFTY13FEB2421250CE.NFO,2024-02-08,10:10:00,2024-02-13,4.85,4.95,4.4,4.9,10640,68840,0
FINNIFTY13FEB2421250CE.NFO,2024-02-08,10:11:00,2024-02-13,4.9,5.15,4.8,4.85,18240,68840,0
FINNIFTY13FEB2421250CE.NFO,2024-02-08,10:12:00,2024-02-13,4.85,4.9,4.8,4.9,3640,68840,0
FINNIFTY13FEB2421250CE.NFO,2024-02-08,10:13:00,2024-02-13,4.9,5.05,4.85,4.95,600,75920,0
FINNIFTY13FEB2421250CE.NFO,2024-02-08,10:14:00,2024-02-13,5.05,5.05,4.95,4.95,2720,75920,0
FINNIFTY13FEB2421250CE.NFO,2024-02-08,10:15:00,2024-02-13,4.95,5.0,4.25,4.3,10200,75920,0
FINNIFTY13FEB2421250CE.NFO,2024-02-08,10:16:00,2024-02-13,4.3,4.6,4.25,4.6,12320,80360,0
FINNIFTY13FEB2421250CE.NFO,2024-02-08,10:17:00,2024-02-13,4.6,4.7,4.45,4.65,11760,80360,0
FINNIFTY13FEB2421250CE.NFO,2024-02-08,10:18:00,2024-02-13,4.55,4.7,4.5,4.6,8560,80360,0
FINNIFTY13FEB2421250CE.NFO,2024-02-08,10:19:00,2024-02-13,4.6,4.75,4.6,4.65,4080,88280,0
FINNIFTY13FEB2421250CE.NFO,2024-02-08,10:20:00,2024-02-13,4.6,4.6,4.5,4.6,2640,88280,0
FINNIFTY13FEB2421250CE.NFO,2024-02-08,10:21:00,2024-02-13,4.6,4.7,4.55,4.7,5320,88280,0
FINNIFTY13FEB2421250CE.NFO,2024-02-08,10:22:00,2024-02-13,4.7,4.75,4.7,4.75,3280,88440,0
FINNIFTY13FEB2421250CE.NFO,2024-02-08,10:23:00,2024-02-13,4.75,4.75,4.55,4.65,3840,88440,0
FINNIFTY13FEB2421250CE.NFO,2024-02-08,10:24:00,2024-02-13,4.65,4.65,4.55,4.6,1840,88440,0
FINNIFTY13FEB2421250CE.NFO,2024-02-08,10:25:00,2024-02-13,4.6,4.7,4.55,4.65,3400,90080,0
FINNIFTY13FEB2421250CE.NFO,2024-02-08,10:26:00,2024-02-13,4.65,4.8,4.65,4.75,2280,90080,0
FINNIFTY13FEB2421250CE.NFO,2024-02-08,10:27:00,2024-02-13,4.75,4.85,4.75,4.75,2720,90080,0
FINNIFTY13FEB2421250CE.NFO,2024-02-08,10:28:00,2024-02-13,4.75,4.8,4.65,4.65,840,88800,0
FINNIFTY13FEB2421250CE.NFO,2024-02-08,10:29:00,2024-02-13,4.65,4.8,4.65,4.8,1960,88800,0
FINNIFTY13FEB2421250CE.NFO,2024-02-08,10:30:00,2024-02-13,4.85,4.85,4.6,4.65,3320,88800,0
FINNIFTY13FEB2421250CE.NFO,2024-02-08,10:31:00,2024-02-13,4.65,4.8,4.65,4.75,520,97920,0
FINNIFTY13FEB2421250CE.NFO,2024-02-08,10:32:00,2024-02-13,4.75,4.75,4.55,4.65,5240,97920,0
FINNIFTY13FEB2421250CE.NFO,2024-02-08,10:33:00,2024-02-13,4.65,4.7,4.5,4.55,6840,97920,0
FINNIFTY13FEB2421250CE.NFO,2024-02-08,10:34:00,2024-02-13,4.55,4.65,4.55,4.65,1760,97920,0
FINNIFTY13FEB2421250CE.NFO,2024-02-08,10:35:00,2024-02-13,4.65,4.75,4.65,4.65,1320,94640,0
FINNIFTY13FEB2421250CE.NFO,2024-02-08,10:36:00,2024-02-13,4.65,4.7,4.45,4.45,5480,94640,0
FINNIFTY13FEB2421250CE.NFO,2024-02-08,10:37:00,2024-02-13,4.45,4.45,4.4,4.4,240,92120,0
FINNIFTY13FEB2421250CE.NFO,2024-02-08,10:38:00,2024-02-13,4.4,4.45,4.35,4.35,3400,92120,0
FINNIFTY13FEB2421250CE.NFO,2024-02-08,10:39:00,2024-02-13,4.35,4.5,4.35,4.35,3040,92120,0
FINNIFTY13FEB2421250CE.NFO,2024-02-08,10:40:00,2024-02-13,4.35,4.4,4.25,4.3,1840,92120,0
FINNIFTY13FEB2421250CE.NFO,2024-02-08,10:41:00,2024-02-13,4.3,4.3,3.65,3.75,18960,87920,0
FINNIFTY13FEB2421250CE.NFO,2024-02-08,10:42:00,2024-02-13,3.75,3.75,3.6,3.75,16440,87920,0
FINNIFTY13FEB2421250CE.NFO,2024-02-08,10:43:00,2024-02-13,3.75,3.75,3.4,3.5,12840,107520,0
FINNIFTY13FEB2421250CE.NFO,2024-02-08,10:44:00,2024-02-13,3.5,3.65,3.45,3.65,11720,107520,0
FINNIFTY13FEB2421250CE.NFO,2024-02-08,10:45:00,2024-02-13,3.65,3.85,3.65,3.65,7000,107520,0
FINNIFTY13FEB2421250CE.NFO,2024-02-08,10:46:00,2024-02-13,3.65,3.65,3.55,3.55,4880,119000,0
FINNIFTY13FEB2421250CE.NFO,2024-02-08,10:47:00,2024-02-13,3.55,3.65,3.5,3.55,2560,119000,0
FINNIFTY13FEB2421250CE.NFO,2024-02-08,10:48:00,2024-02-13,3.55,3.6,3.5,3.6,2200,119000,0
FINNIFTY13FEB2421250CE.NFO,2024-02-08,10:49:00,2024-02-13,3.6,3.75,3.55,3.6,440,119000,0
FINNIFTY13FEB2421250CE.NFO,2024-02-08,10:50:00,2024-02-13,3.6,3.6,3.5,3.55,2280,119360,0
FINNIFTY13FEB2421250CE.NFO,2024-02-08,10:51:00,2024-02-13,3.5,3.55,3.45,3.45,1960,119360,0
FINNIFTY13FEB2421250CE.NFO,2024-02-08,10:52:00,2024-02-13,3.45,3.45,3.3,3.35,4160,119360,0
FINNIFTY13FEB2421250CE.NFO,2024-02-08,10:53:00,2024-02-13,3.35,3.35,3.25,3.3,1320,119400,0
FINNIFTY13FEB2421250CE.NFO,2024-02-08,10:54:00,2024-02-13,3.3,3.3,3.2,3.25,680,119400,0
FINNIFTY13FEB2421250CE.NFO,2024-02-08,10:55:00,2024-02-13,3.25,3.25,3.2,3.25,1800,119600,0
FINNIFTY13FEB2421250CE.NFO,2024-02-08,10:56:00,2024-02-13,3.25,3.25,3.15,3.15,1800,119600,0
FINNIFTY13FEB2421250CE.NFO,2024-02-08,10:57:00,2024-02-13,3.15,3.35,3.1,3.35,5680,119600,0
FINNIFTY13FEB2421250CE.NFO,2024-02-08,10:58:00,2024-02-13,3.35,3.45,3.25,3.35,4400,119160,0
FINNIFTY13FEB2421250CE.NFO,2024-02-08,10:59:00,2024-02-13,3.35,3.35,3.15,3.15,3680,119160,0
FINNIFTY13FEB2421250CE.NFO,2024-02-08,11:00:00,2024-02-13,3.2,3.3,3.05,3.1,6720,119160,0
FINNIFTY13FEB2421250CE.NFO,2024-02-08,11:01:00,2024-02-13,3.1,3.4,3.05,3.4,24720,115160,0
FINNIFTY13FEB2421250CE.NFO,2024-02-08,11:02:00,2024-02-13,3.4,3.7,3.4,3.65,8840,115160,0
FINNIFTY13FEB2421250CE.NFO,2024-02-08,11:03:00,2024-02-13,3.65,3.75,3.55,3.65,3760,115160,0
FINNIFTY13FEB2421250CE.NFO,2024-02-08,11:04:00,2024-02-13,3.65,3.7,3.4,3.5,9360,114920,0
FINNIFTY13FEB2421250CE.NFO,2024-02-08,11:05:00,2024-02-13,3.5,3.5,3.2,3.2,1920,114920,0
FINNIFTY13FEB2421250CE.NFO,2024-02-08,11:06:00,2024-02-13,3.2,3.2,2.85,3.15,8680,114920,0
FINNIFTY13FEB2421250CE.NFO,2024-02-08,11:07:00,2024-02-13,3.15,3.4,3.1,3.35,12840,117200,0
FINNIFTY13FEB2421250CE.NFO,2024-02-08,11:08:00,2024-02-13,3.35,3.35,3.2,3.25,4240,117200,0
FINNIFTY13FEB2421250CE.NFO,2024-02-08,11:09:00,2024-02-13,3.25,3.25,3.15,3.2,2000,117200,0
FINNIFTY13FEB2421250CE.NFO,2024-02-08,11:10:00,2024-02-13,3.2,3.3,3.2,3.2,10760,117400,0
FINNIFTY13FEB2421250CE.NFO,2024-02-08,11:11:00,2024-02-13,3.2,3.3,3.1,3.3,5800,117400,0
FINNIFTY13FEB2421250CE.NFO,2024-02-08,11:12:00,2024-02-13,3.3,3.35,3.3,3.35,2480,117400,0
FINNIFTY13FEB2421250CE.NFO,2024-02-08,11:13:00,2024-02-13,3.35,3.45,3.3,3.45,3560,117400,0
FINNIFTY13FEB2421250CE.NFO,2024-02-08,11:14:00,2024-02-13,3.45,3.65,3.4,3.55,3000,116200,0
FINNIFTY13FEB2421250CE.NFO,2024-02-08,11:15:00,2024-02-13,3.55,3.55,3.4,3.5,14600,116200,0
FINNIFTY13FEB2421250CE.NFO,2024-02-08,11:16:00,2024-02-13,3.5,3.5,3.3,3.35,11760,116200,0
FINNIFTY13FEB2421250CE.NFO,2024-02-08,11:17:00,2024-02-13,3.35,3.4,3.2,3.2,6600,114320,0
FINNIFTY13FEB2421250CE.NFO,2024-02-08,11:18:00,2024-02-13,3.25,3.25,3.2,3.2,5360,114320,0
FINNIFTY13FEB2421250CE.NFO,2024-02-08,11:19:00,2024-02-13,3.2,3.25,3.15,3.2,5080,114320,0
FINNIFTY13FEB2421250CE.NFO,2024-02-08,11:20:00,2024-02-13,3.2,3.3,3.2,3.25,5040,111760,0
FINNIFTY13FEB2421250CE.NFO,2024-02-08,11:21:00,2024-02-13,3.25,3.35,3.2,3.3,1720,111760,0
FINNIFTY13FEB2421250CE.NFO,2024-02-08,11:22:00,2024-02-13,3.3,3.3,3.25,3.25,3640,111760,0
FINNIFTY13FEB2421250CE.NFO,2024-02-08,11:23:00,2024-02-13,3.25,3.3,3.2,3.2,7920,105680,0
FINNIFTY13FEB2421250CE.NFO,2024-02-08,11:24:00,2024-02-13,3.2,3.25,3.1,3.2,3960,105680,0
FINNIFTY13FEB2421250CE.NFO,2024-02-08,11:25:00,2024-02-13,3.2,3.2,3.1,3.1,240,105680,0
FINNIFTY13FEB2421250CE.NFO,2024-02-08,11:26:00,2024-02-13,3.1,3.15,3.1,3.1,3200,97840,0
FINNIFTY13FEB2421250CE.NFO,2024-02-08,11:27:00,2024-02-13,3.1,3.15,2.95,3.05,13840,97840,0
FINNIFTY13FEB2421250CE.NFO,2024-02-08,11:28:00,2024-02-13,3.05,3.15,3.05,3.1,7920,97840,0
FINNIFTY13FEB2421250CE.NFO,2024-02-08,11:29:00,2024-02-13,3.1,3.15,3.05,3.1,3240,110600,0
FINNIFTY13FEB2421250CE.NFO,2024-02-08,11:30:00,2024-02-13,3.1,3.1,3.0,3.1,1640,110600,0
FINNIFTY13FEB2421250CE.NFO,2024-02-08,11:31:00,2024-02-13,3.1,3.15,3.05,3.05,1200,110600,0
FINNIFTY13FEB2421250CE.NFO,2024-02-08,11:32:00,2024-02-13,3.05,3.2,3.05,3.15,5240,109920,0
FINNIFTY13FEB2421250CE.NFO,2024-02-08,11:33:00,2024-02-13,3.15,3.15,3.15,3.15,160,109920,0
FINNIFTY13FEB2421250CE.NFO,2024-02-08,11:34:00,2024-02-13,3.15,3.2,3.15,3.2,240,109920,0
FINNIFTY13FEB2421250CE.NFO,2024-02-08,11:35:00,2024-02-13,3.2,3.2,3.15,3.15,2160,113560,0
FINNIFTY13FEB2421250CE.NFO,2024-02-08,11:36:00,2024-02-13,3.15,3.15,3.15,3.15,720,113560,0
FINNIFTY13FEB2421250CE.NFO,2024-02-08,11:37:00,2024-02-13,3.15,3.15,3.1,3.1,1040,113560,0
FINNIFTY13FEB2421250CE.NFO,2024-02-08,11:38:00,2024-02-13,3.1,3.15,3.1,3.15,720,114160,0
FINNIFTY13FEB2421250CE.NFO,2024-02-08,11:39:00,2024-02-13,3.15,3.15,3.15,3.15,840,114160,0
FINNIFTY13FEB2421250CE.NFO,2024-02-08,11:40:00,2024-02-13,3.15,3.15,3.0,3.1,3640,114160,0
FINNIFTY13FEB2421250CE.NFO,2024-02-08,11:41:00,2024-02-13,3.1,3.1,3.0,3.0,2360,115400,0
FINNIFTY13FEB2421250CE.NFO,2024-02-08,11:42:00,2024-02-13,3.0,3.0,2.95,3.0,1320,115400,0
FINNIFTY13FEB2421250CE.NFO,2024-02-08,11:43:00,2024-02-13,3.0,3.0,2.95,2.95,1400,115400,0
FINNIFTY13FEB2421250CE.NFO,2024-02-08,11:44:00,2024-02-13,2.95,3.0,2.95,3.0,1200,116120,0
FINNIFTY13FEB2421250CE.NFO,2024-02-08,11:45:00,2024-02-13,2.95,3.15,2.95,3.1,8960,116120,0
FINNIFTY13FEB2421250CE.NFO,2024-02-08,11:46:00,2024-02-13,3.1,3.1,2.9,2.95,5520,116120,0
FINNIFTY13FEB2421250CE.NFO,2024-02-08,11:47:00,2024-02-13,2.95,2.95,2.85,2.95,7480,122560,0
FINNIFTY13FEB2421250CE.NFO,2024-02-08,11:48:00,2024-02-13,2.95,2.95,2.9,2.9,120,122560,0
FINNIFTY13FEB2421250CE.NFO,2024-02-08,11:49:00,2024-02-13,2.9,3.05,2.9,2.9,2400,122560,0
FINNIFTY13FEB2421250CE.NFO,2024-02-08,11:50:00,2024-02-13,3.0,3.0,2.85,2.9,1920,123880,0
FINNIFTY13FEB2421250CE.NFO,2024-02-08,11:51:00,2024-02-13,2.9,3.0,2.9,3.0,800,123880,0
FINNIFTY13FEB2421250CE.NFO,2024-02-08,11:52:00,2024-02-13,3.0,3.0,2.85,2.85,2680,123880,0
FINNIFTY13FEB2421250CE.NFO,2024-02-08,11:53:00,2024-02-13,2.85,2.9,2.85,2.9,160,125560,0
FINNIFTY13FEB2421250CE.NFO,2024-02-08,11:54:00,2024-02-13,2.9,2.9,2.8,2.8,2200,125560,0
FINNIFTY13FEB2421250CE.NFO,2024-02-08,11:55:00,2024-02-13,2.8,2.85,2.75,2.75,2760,125560,0
FINNIFTY13FEB2421250CE.NFO,2024-02-08,11:56:00,2024-02-13,2.75,2.9,2.6,2.7,13360,124680,0
FINNIFTY13FEB2421250CE.NFO,2024-02-08,11:57:00,2024-02-13,2.7,2.75,2.65,2.7,2080,124680,0
FINNIFTY13FEB2421250CE.NFO,2024-02-08,11:58:00,2024-02-13,2.7,2.7,2.7,2.7,1680,124680,0
FINNIFTY13FEB2421250CE.NFO,2024-02-08,11:59:00,2024-02-13,2.7,2.75,2.7,2.75,2160,125320,0
FINNIFTY13FEB2421250CE.NFO,2024-02-08,12:00:00,2024-02-13,2.75,2.75,2.55,2.65,2880,125320,0
FINNIFTY13FEB2421250CE.NFO,2024-02-08,12:01:00,2024-02-13,2.65,2.65,2.6,2.6,280,125320,0
FINNIFTY13FEB2421250CE.NFO,2024-02-08,12:02:00,2024-02-13,2.6,2.6,2.55,2.55,2160,125640,0
FINNIFTY13FEB2421250CE.NFO,2024-02-08,12:03:00,2024-02-13,2.55,2.55,2.5,2.5,15480,125640,0
FINNIFTY13FEB2421250CE.NFO,2024-02-08,12:04:00,2024-02-13,2.5,2.5,2.35,2.4,9080,125640,0
FINNIFTY13FEB2421250CE.NFO,2024-02-08,12:05:00,2024-02-13,2.4,2.6,2.4,2.55,10800,115640,0
FINNIFTY13FEB2421250CE.NFO,2024-02-08,12:06:00,2024-02-13,2.55,2.55,2.3,2.35,27400,115640,0
FINNIFTY13FEB2421250CE.NFO,2024-02-08,12:07:00,2024-02-13,2.35,2.5,2.35,2.5,8000,115640,0
FINNIFTY13FEB2421250CE.NFO,2024-02-08,12:08:00,2024-02-13,2.5,2.55,2.35,2.45,18520,109960,0
FINNIFTY13FEB2421250CE.NFO,2024-02-08,12:09:00,2024-02-13,2.45,2.45,2.3,2.4,2080,109960,0
FINNIFTY13FEB2421250CE.NFO,2024-02-08,12:10:00,2024-02-13,2.4,2.45,2.4,2.4,200,109960,0
FINNIFTY13FEB2421250CE.NFO,2024-02-08,12:11:00,2024-02-13,2.4,2.4,2.35,2.4,880,120120,0
FINNIFTY13FEB2421250CE.NFO,2024-02-08,12:12:00,2024-02-13,2.4,2.5,2.4,2.45,1560,120120,0
FINNIFTY13FEB2421250CE.NFO,2024-02-08,12:13:00,2024-02-13,2.45,2.45,2.4,2.45,3000,120120,0
FINNIFTY13FEB2421250CE.NFO,2024-02-08,12:14:00,2024-02-13,2.45,2.5,2.45,2.45,1520,120480,0
FINNIFTY13FEB2421250CE.NFO,2024-02-08,12:15:00,2024-02-13,2.45,2.5,2.45,2.5,560,120480,0
FINNIFTY13FEB2421250CE.NFO,2024-02-08,12:16:00,2024-02-13,2.5,2.5,2.45,2.45,40,120480,0
FINNIFTY13FEB2421250CE.NFO,2024-02-08,12:17:00,2024-02-13,2.45,2.45,2.45,2.45,240,120840,0
FINNIFTY13FEB2421250CE.NFO,2024-02-08,12:18:00,2024-02-13,2.45,2.45,2.45,2.45,800,120840,0
FINNIFTY13FEB2421250CE.NFO,2024-02-08,12:19:00,2024-02-13,2.45,2.45,2.4,2.45,560,120840,0
FINNIFTY13FEB2421250CE.NFO,2024-02-08,12:20:00,2024-02-13,2.45,2.45,2.45,2.45,0,120840,0
FINNIFTY13FEB2421250CE.NFO,2024-02-08,12:21:00,2024-02-13,2.45,2.45,2.35,2.35,400,120600,0
FINNIFTY13FEB2421250CE.NFO,2024-02-08,12:22:00,2024-02-13,2.35,2.4,2.35,2.35,1200,120600,0
FINNIFTY13FEB2421250CE.NFO,2024-02-08,12:23:00,2024-02-13,2.35,2.45,2.25,2.25,4840,120800,0
FINNIFTY13FEB2421250CE.NFO,2024-02-08,12:24:00,2024-02-13,2.25,2.35,2.25,2.3,1040,120800,0
FINNIFTY13FEB2421250CE.NFO,2024-02-08,12:25:00,2024-02-13,2.3,2.3,2.3,2.3,160,120800,0
FINNIFTY13FEB2421250CE.NFO,2024-02-08,12:26:00,2024-02-13,2.3,2.3,2.3,2.3,160,122840,0
FINNIFTY13FEB2421250CE.NFO,2024-02-08,12:27:00,2024-02-13,2.3,2.3,2.3,2.3,0,122840,0
FINNIFTY13FEB2421250CE.NFO,2024-02-08,12:28:00,2024-02-13,2.3,2.3,2.3,2.3,0,122840,0
FINNIFTY13FEB2421250CE.NFO,2024-02-08,12:29:00,2024-02-13,2.3,2.3,2.3,2.3,1160,122880,0
FINNIFTY13FEB2421250CE.NFO,2024-02-08,12:30:00,2024-02-13,2.3,2.3,2.2,2.25,7480,122880,0
FINNIFTY13FEB2421250CE.NFO,2024-02-08,12:31:00,2024-02-13,2.25,2.25,2.25,2.25,240,122880,0
FINNIFTY13FEB2421250CE.NFO,2024-02-08,12:32:00,2024-02-13,2.25,2.25,2.25,2.25,1600,126080,0
FINNIFTY13FEB2421250CE.NFO,2024-02-08,12:33:00,2024-02-13,2.25,2.25,2.15,2.2,3800,126080,0
FINNIFTY13FEB2421250CE.NFO,2024-02-08,12:34:00,2024-02-13,2.2,2.25,2.2,2.2,1440,126080,0
FINNIFTY13FEB2421250CE.NFO,2024-02-08,12:35:00,2024-02-13,2.2,2.2,2.2,2.2,0,126080,0
FINNIFTY13FEB2421250CE.NFO,2024-02-08,12:36:00,2024-02-13,2.2,2.2,2.2,2.2,3000,125160,0
FINNIFTY13FEB2421250CE.NFO,2024-02-08,12:37:00,2024-02-13,2.2,2.25,2.2,2.25,1480,125160,0
FINNIFTY13FEB2421250CE.NFO,2024-02-08,12:38:00,2024-02-13,2.25,2.25,2.25,2.25,0,125160,0
FINNIFTY13FEB2421250CE.NFO,2024-02-08,12:39:00,2024-02-13,2.25,2.25,2.25,2.25,320,126560,0
FINNIFTY13FEB2421250CE.NFO,2024-02-08,12:40:00,2024-02-13,2.25,2.3,2.25,2.3,320,126560,0
FINNIFTY13FEB2421250CE.NFO,2024-02-08,12:41:00,2024-02-13,2.3,2.3,2.3,2.3,360,126360,0
FINNIFTY13FEB2421250CE.NFO,2024-02-08,12:42:00,2024-02-13,2.3,2.3,2.3,2.3,1080,126360,0
FINNIFTY13FEB2421250CE.NFO,2024-02-08,12:43:00,2024-02-13,2.3,2.3,2.25,2.25,880,126360,0
FINNIFTY13FEB2421250CE.NFO,2024-02-08,12:44:00,2024-02-13,2.25,2.35,2.25,2.3,2800,125920,0
FINNIFTY13FEB2421250CE.NFO,2024-02-08,12:45:00,2024-02-13,2.3,2.3,2.3,2.3,320,125920,0
FINNIFTY13FEB2421250CE.NFO,2024-02-08,12:46:00,2024-02-13,2.3,2.3,2.2,2.25,1480,125920,0
FINNIFTY13FEB2421250CE.NFO,2024-02-08,12:47:00,2024-02-13,2.25,2.25,2.2,2.2,880,125920,0
FINNIFTY13FEB2421250CE.NFO,2024-02-08,12:48:00,2024-02-13,2.2,2.2,2.1,2.15,8760,125320,0
FINNIFTY13FEB2421250CE.NFO,2024-02-08,12:49:00,2024-02-13,2.15,2.15,2.1,2.1,2840,125320,0
FINNIFTY13FEB2421250CE.NFO,2024-02-08,12:50:00,2024-02-13,2.1,2.15,2.1,2.15,1960,130680,0
FINNIFTY13FEB2421250CE.NFO,2024-02-08,12:51:00,2024-02-13,2.15,2.15,2.1,2.15,5480,130680,0
FINNIFTY13FEB2421250CE.NFO,2024-02-08,12:52:00,2024-02-13,2.15,2.15,2.15,2.15,6000,130680,0
FINNIFTY13FEB2421250CE.NFO,2024-02-08,12:53:00,2024-02-13,2.15,2.2,2.15,2.15,200,137920,0
FINNIFTY13FEB2421250CE.NFO,2024-02-08,12:54:00,2024-02-13,2.15,2.15,2.1,2.1,200,137920,0
FINNIFTY13FEB2421250CE.NFO,2024-02-08,12:55:00,2024-02-13,2.1,2.1,2.1,2.1,2600,137920,0
FINNIFTY13FEB2421250CE.NFO,2024-02-08,12:56:00,2024-02-13,2.1,2.1,2.1,2.1,0,137920,0
FINNIFTY13FEB2421250CE.NFO,2024-02-08,12:57:00,2024-02-13,2.1,2.1,2.05,2.05,1520,140320,0
FINNIFTY13FEB2421250CE.NFO,2024-02-08,12:58:00,2024-02-13,2.05,2.05,2.0,2.0,2200,140320,0
FINNIFTY13FEB2421250CE.NFO,2024-02-08,12:59:00,2024-02-13,2.0,2.05,2.0,2.0,560,140320,0
FINNIFTY13FEB2421250CE.NFO,2024-02-08,13:00:00,2024-02-13,2.0,2.05,2.0,2.05,5440,142480,0
FINNIFTY13FEB2421250CE.NFO,2024-02-08,13:01:00,2024-02-13,2.05,2.1,2.05,2.1,280,142480,0
FINNIFTY13FEB2421250CE.NFO,2024-02-08,13:02:00,2024-02-13,2.1,2.1,2.05,2.05,1080,140680,0
FINNIFTY13FEB2421250CE.NFO,2024-02-08,13:03:00,2024-02-13,2.05,2.1,2.05,2.05,4720,140680,0
FINNIFTY13FEB2421250CE.NFO,2024-02-08,13:04:00,2024-02-13,2.1,2.1,2.05,2.1,440,140680,0
FINNIFTY13FEB2421250CE.NFO,2024-02-08,13:05:00,2024-02-13,2.1,2.1,2.05,2.05,1640,138280,0
FINNIFTY13FEB2421250CE.NFO,2024-02-08,13:06:00,2024-02-13,2.05,2.05,2.05,2.05,4600,138280,0
FINNIFTY13FEB2421250CE.NFO,2024-02-08,13:07:00,2024-02-13,2.05,2.05,2.05,2.05,0,138280,0
FINNIFTY13FEB2421250CE.NFO,2024-02-08,13:08:00,2024-02-13,2.05,2.05,2.0,2.0,1520,140120,0
FINNIFTY13FEB2421250CE.NFO,2024-02-08,13:09:00,2024-02-13,2.0,2.05,1.95,1.95,1240,140120,0
FINNIFTY13FEB2421250CE.NFO,2024-02-08,13:10:00,2024-02-13,1.95,1.95,1.9,1.9,1520,140120,0
FINNIFTY13FEB2421250CE.NFO,2024-02-08,13:11:00,2024-02-13,1.9,1.95,1.9,1.95,1040,141080,0
FINNIFTY13FEB2421250CE.NFO,2024-02-08,13:12:00,2024-02-13,1.95,1.95,1.9,1.9,1640,141080,0
FINNIFTY13FEB2421250CE.NFO,2024-02-08,13:13:00,2024-02-13,1.95,1.95,1.85,1.9,5040,141080,0
FINNIFTY13FEB2421250CE.NFO,2024-02-08,13:14:00,2024-02-13,1.9,1.95,1.9,1.9,1680,141720,0
FINNIFTY13FEB2421250CE.NFO,2024-02-08,13:15:00,2024-02-13,1.9,1.9,1.85,1.9,1080,141720,0
FINNIFTY13FEB2421250CE.NFO,2024-02-08,13:16:00,2024-02-13,1.9,1.9,1.85,1.9,3280,141720,0
FINNIFTY13FEB2421250CE.NFO,2024-02-08,13:17:00,2024-02-13,1.9,1.9,1.9,1.9,440,142800,0
FINNIFTY13FEB2421250CE.NFO,2024-02-08,13:18:00,2024-02-13,1.9,1.9,1.9,1.9,80,142800,0
FINNIFTY13FEB2421250CE.NFO,2024-02-08,13:19:00,2024-02-13,1.9,1.9,1.85,1.85,640,142800,0
FINNIFTY13FEB2421250CE.NFO,2024-02-08,13:20:00,2024-02-13,1.85,1.85,1.85,1.85,80,142880,0
FINNIFTY13FEB2421250CE.NFO,2024-02-08,13:21:00,2024-02-13,1.85,1.85,1.85,1.85,40,142880,0
FINNIFTY13FEB2421250CE.NFO,2024-02-08,13:22:00,2024-02-13,1.85,1.9,1.85,1.9,5960,142880,0
FINNIFTY13FEB2421250CE.NFO,2024-02-08,13:23:00,2024-02-13,1.9,1.9,1.85,1.85,1440,143880,0
FINNIFTY13FEB2421250CE.NFO,2024-02-08,13:24:00,2024-02-13,1.85,1.85,1.85,1.85,680,143880,0
FINNIFTY13FEB2421250CE.NFO,2024-02-08,13:25:00,2024-02-13,1.85,1.85,1.85,1.85,800,143880,0
FINNIFTY13FEB2421250CE.NFO,2024-02-08,13:26:00,2024-02-13,1.85,1.85,1.8,1.8,640,145040,0
FINNIFTY13FEB2421250CE.NFO,2024-02-08,13:27:00,2024-02-13,1.8,1.8,1.8,1.8,0,145040,0
FINNIFTY13FEB2421250CE.NFO,2024-02-08,13:28:00,2024-02-13,1.8,1.8,1.8,1.8,40,145040,0
FINNIFTY13FEB2421250CE.NFO,2024-02-08,13:29:00,2024-02-13,1.8,1.85,1.8,1.85,280,145040,0
FINNIFTY13FEB2421250CE.NFO,2024-02-08,13:30:00,2024-02-13,1.85,1.85,1.85,1.85,80,145040,0
FINNIFTY13FEB2421250CE.NFO,2024-02-08,13:31:00,2024-02-13,1.85,1.85,1.85,1.85,40,145040,0
FINNIFTY13FEB2421250CE.NFO,2024-02-08,13:32:00,2024-02-13,1.85,1.85,1.85,1.85,40,145200,0
FINNIFTY13FEB2421250CE.NFO,2024-02-08,13:33:00,2024-02-13,1.85,1.85,1.85,1.85,1920,145200,0
FINNIFTY13FEB2421250CE.NFO,2024-02-08,13:34:00,2024-02-13,1.85,1.85,1.8,1.8,600,145200,0
FINNIFTY13FEB2421250CE.NFO,2024-02-08,13:35:00,2024-02-13,1.8,1.85,1.8,1.85,320,145200,0
FINNIFTY13FEB2421250CE.NFO,2024-02-08,13:36:00,2024-02-13,1.85,1.85,1.85,1.85,440,145800,0
FINNIFTY13FEB2421250CE.NFO,2024-02-08,13:37:00,2024-02-13,1.85,1.85,1.85,1.85,0,145800,0
FINNIFTY13FEB2421250CE.NFO,2024-02-08,13:38:00,2024-02-13,1.85,1.85,1.8,1.8,2440,145800,0
FINNIFTY13FEB2421250CE.NFO,2024-02-08,13:39:00,2024-02-13,1.8,1.8,1.8,1.8,920,144960,0
FINNIFTY13FEB2421250CE.NFO,2024-02-08,13:40:00,2024-02-13,1.8,1.8,1.75,1.8,8320,144960,0
FINNIFTY13FEB2421250CE.NFO,2024-02-08,13:41:00,2024-02-13,1.8,1.8,1.8,1.8,1800,143960,0
FINNIFTY13FEB2421250CE.NFO,2024-02-08,13:42:00,2024-02-13,1.85,1.85,1.8,1.8,1080,143960,0
FINNIFTY13FEB2421250CE.NFO,2024-02-08,13:43:00,2024-02-13,1.8,1.85,1.8,1.8,1480,143960,0
FINNIFTY13FEB2421250CE.NFO,2024-02-08,13:44:00,2024-02-13,1.8,1.8,1.75,1.75,40,143960,0
FINNIFTY13FEB2421250CE.NFO,2024-02-08,13:45:00,2024-02-13,1.75,1.8,1.75,1.8,1600,144280,0
FINNIFTY13FEB2421250CE.NFO,2024-02-08,13:46:00,2024-02-13,1.8,1.8,1.8,1.8,0,144280,0
FINNIFTY13FEB2421250CE.NFO,2024-02-08,13:47:00,2024-02-13,1.8,1.8,1.75,1.8,8760,143280,0
FINNIFTY13FEB2421250CE.NFO,2024-02-08,13:48:00,2024-02-13,1.8,1.8,1.8,1.8,1400,143280,0
FINNIFTY13FEB2421250CE.NFO,2024-02-08,13:49:00,2024-02-13,1.8,1.85,1.8,1.85,11000,143280,0
FINNIFTY13FEB2421250CE.NFO,2024-02-08,13:50:00,2024-02-13,1.85,1.85,1.85,1.85,0,143280,0
FINNIFTY13FEB2421250CE.NFO,2024-02-08,13:51:00,2024-02-13,1.85,1.85,1.8,1.85,3120,141920,0
FINNIFTY13FEB2421250CE.NFO,2024-02-08,13:52:00,2024-02-13,1.85,1.85,1.8,1.8,2360,141920,0
FINNIFTY13FEB2421250CE.NFO,2024-02-08,13:53:00,2024-02-13,1.8,1.8,1.8,1.8,0,141920,0
FINNIFTY13FEB2421250CE.NFO,2024-02-08,13:54:00,2024-02-13,1.8,1.85,1.75,1.8,6520,145120,0
FINNIFTY13FEB2421250CE.NFO,2024-02-08,13:55:00,2024-02-13,1.8,1.8,1.8,1.8,1920,145120,0
FINNIFTY13FEB2421250CE.NFO,2024-02-08,13:56:00,2024-02-13,1.8,1.8,1.8,1.8,1000,146040,0
FINNIFTY13FEB2421250CE.NFO,2024-02-08,13:57:00,2024-02-13,1.8,1.8,1.7,1.75,2480,146040,0
FINNIFTY13FEB2421250CE.NFO,2024-02-08,13:58:00,2024-02-13,1.75,1.75,1.75,1.75,560,146040,0
FINNIFTY13FEB2421250CE.NFO,2024-02-08,13:59:00,2024-02-13,1.75,1.85,1.7,1.75,4600,145480,0
FINNIFTY13FEB2421250CE.NFO,2024-02-08,14:00:00,2024-02-13,1.75,1.75,1.7,1.7,1960,145480,0
FINNIFTY13FEB2421250CE.NFO,2024-02-08,14:01:00,2024-02-13,1.7,1.7,1.7,1.7,0,145480,0
FINNIFTY13FEB2421250CE.NFO,2024-02-08,14:02:00,2024-02-13,1.7,1.7,1.7,1.7,520,143440,0
FINNIFTY13FEB2421250CE.NFO,2024-02-08,14:03:00,2024-02-13,1.7,1.7,1.7,1.7,1720,143440,0
FINNIFTY13FEB2421250CE.NFO,2024-02-08,14:04:00,2024-02-13,1.7,1.7,1.65,1.65,1560,143440,0
FINNIFTY13FEB2421250CE.NFO,2024-02-08,14:05:00,2024-02-13,1.65,1.65,1.6,1.6,720,144200,0
FINNIFTY13FEB2421250CE.NFO,2024-02-08,14:06:00,2024-02-13,1.6,1.6,1.6,1.6,1680,144200,0
FINNIFTY13FEB2421250CE.NFO,2024-02-08,14:07:00,2024-02-13,1.6,1.65,1.6,1.65,280,144200,0
FINNIFTY13FEB2421250CE.NFO,2024-02-08,14:08:00,2024-02-13,1.65,1.65,1.65,1.65,2280,144480,0
FINNIFTY13FEB2421250CE.NFO,2024-02-08,14:09:00,2024-02-13,1.65,1.65,1.6,1.65,3040,144480,0
FINNIFTY13FEB2421250CE.NFO,2024-02-08,14:10:00,2024-02-13,1.65,1.65,1.65,1.65,80,144480,0
FINNIFTY13FEB2421250CE.NFO,2024-02-08,14:11:00,2024-02-13,1.65,1.7,1.65,1.7,40,144480,0
FINNIFTY13FEB2421250CE.NFO,2024-02-08,14:12:00,2024-02-13,1.7,1.8,1.7,1.8,5520,143000,0
FINNIFTY13FEB2421250CE.NFO,2024-02-08,14:13:00,2024-02-13,1.8,1.8,1.75,1.8,840,143000,0
FINNIFTY13FEB2421250CE.NFO,2024-02-08,14:14:00,2024-02-13,1.8,2.05,1.8,2.0,3960,140600,0
FINNIFTY13FEB2421250CE.NFO,2024-02-08,14:15:00,2024-02-13,2.0,2.05,1.95,2.0,4680,140600,0
FINNIFTY13FEB2421250CE.NFO,2024-02-08,14:16:00,2024-02-13,2.0,2.0,1.85,1.85,2720,140600,0
FINNIFTY13FEB2421250CE.NFO,2024-02-08,14:17:00,2024-02-13,1.85,1.85,1.55,1.6,25400,156320,0
FINNIFTY13FEB2421250CE.NFO,2024-02-08,14:18:00,2024-02-13,1.6,1.6,1.4,1.4,17560,156320,0
FINNIFTY13FEB2421250CE.NFO,2024-02-08,14:19:00,2024-02-13,1.4,1.4,1.4,1.4,120,156320,0
FINNIFTY13FEB2421250CE.NFO,2024-02-08,14:20:00,2024-02-13,1.4,1.45,1.35,1.35,11360,162120,0
FINNIFTY13FEB2421250CE.NFO,2024-02-08,14:21:00,2024-02-13,1.35,1.4,1.35,1.4,3440,162120,0
FINNIFTY13FEB2421250CE.NFO,2024-02-08,14:22:00,2024-02-13,1.35,1.45,1.35,1.45,8240,162120,0
FINNIFTY13FEB2421250CE.NFO,2024-02-08,14:23:00,2024-02-13,1.45,1.45,1.45,1.45,960,152280,0
FINNIFTY13FEB2421250CE.NFO,2024-02-08,14:24:00,2024-02-13,1.45,1.45,1.45,1.45,40,152280,0
FINNIFTY13FEB2421250CE.NFO,2024-02-08,14:25:00,2024-02-13,1.45,1.5,1.45,1.5,2360,152280,0
FINNIFTY13FEB2421250CE.NFO,2024-02-08,14:26:00,2024-02-13,1.5,1.5,1.45,1.5,2480,150120,0
FINNIFTY13FEB2421250CE.NFO,2024-02-08,14:27:00,2024-02-13,1.5,1.55,1.5,1.5,5280,150120,0
FINNIFTY13FEB2421250CE.NFO,2024-02-08,14:28:00,2024-02-13,1.5,1.5,1.5,1.5,0,150120,0
FINNIFTY13FEB2421250CE.NFO,2024-02-08,14:29:00,2024-02-13,1.5,1.55,1.5,1.55,1440,145200,0
FINNIFTY13FEB2421250CE.NFO,2024-02-08,14:30:00,2024-02-13,1.55,1.55,1.55,1.55,80,145200,0
FINNIFTY13FEB2421250CE.NFO,2024-02-08,14:31:00,2024-02-13,1.55,1.6,1.55,1.6,720,145200,0
FINNIFTY13FEB2421250CE.NFO,2024-02-08,14:32:00,2024-02-13,1.6,1.6,1.6,1.6,0,145200,0
FINNIFTY13FEB2421250CE.NFO,2024-02-08,14:33:00,2024-02-13,1.6,1.6,1.55,1.55,120,144640,0
FINNIFTY13FEB2421250CE.NFO,2024-02-08,14:34:00,2024-02-13,1.55,1.6,1.55,1.6,1920,144640,0
FINNIFTY13FEB2421250CE.NFO,2024-02-08,14:35:00,2024-02-13,1.6,1.6,1.6,1.6,600,143360,0
FINNIFTY13FEB2421250CE.NFO,2024-02-08,14:36:00,2024-02-13,1.6,1.7,1.6,1.7,2160,143360,0
FINNIFTY13FEB2421250CE.NFO,2024-02-08,14:37:00,2024-02-13,1.7,1.75,1.65,1.65,7640,143360,0
FINNIFTY13FEB2421250CE.NFO,2024-02-08,14:38:00,2024-02-13,1.65,1.65,1.6,1.65,4080,138920,0
FINNIFTY13FEB2421250CE.NFO,2024-02-08,14:39:00,2024-02-13,1.65,1.65,1.55,1.55,1720,138920,0
FINNIFTY13FEB2421250CE.NFO,2024-02-08,14:40:00,2024-02-13,1.55,1.65,1.55,1.6,8400,138920,0
FINNIFTY13FEB2421250CE.NFO,2024-02-08,14:41:00,2024-02-13,1.6,1.65,1.6,1.65,520,138920,0
FINNIFTY13FEB2421250CE.NFO,2024-02-08,14:42:00,2024-02-13,1.65,1.65,1.6,1.65,160,133400,0
FINNIFTY13FEB2421250CE.NFO,2024-02-08,14:43:00,2024-02-13,1.65,1.65,1.65,1.65,1080,133400,0
FINNIFTY13FEB2421250CE.NFO,2024-02-08,14:44:00,2024-02-13,1.65,1.7,1.6,1.65,4240,131160,0
FINNIFTY13FEB2421250CE.NFO,2024-02-08,14:45:00,2024-02-13,1.65,1.7,1.65,1.65,4080,131160,0
FINNIFTY13FEB2421250CE.NFO,2024-02-08,14:46:00,2024-02-13,1.65,1.65,1.6,1.6,1120,131160,0
FINNIFTY13FEB2421250CE.NFO,2024-02-08,14:47:00,2024-02-13,1.6,1.6,1.55,1.6,2880,131760,0
FINNIFTY13FEB2421250CE.NFO,2024-02-08,14:48:00,2024-02-13,1.6,1.6,1.5,1.5,160,131760,0
FINNIFTY13FEB2421250CE.NFO,2024-02-08,14:49:00,2024-02-13,1.5,1.55,1.4,1.45,5080,131760,0
FINNIFTY13FEB2421250CE.NFO,2024-02-08,14:50:00,2024-02-13,1.45,1.5,1.45,1.5,1920,132040,0
FINNIFTY13FEB2421250CE.NFO,2024-02-08,14:51:00,2024-02-13,1.5,1.5,1.5,1.5,280,132040,0
FINNIFTY13FEB2421250CE.NFO,2024-02-08,14:52:00,2024-02-13,1.5,1.5,1.5,1.5,120,132040,0
FINNIFTY13FEB2421250CE.NFO,2024-02-08,14:53:00,2024-02-13,1.5,1.5,1.5,1.5,80,131600,0
FINNIFTY13FEB2421250CE.NFO,2024-02-08,14:54:00,2024-02-13,1.5,1.5,1.45,1.45,1200,131600,0
FINNIFTY13FEB2421250CE.NFO,2024-02-08,14:55:00,2024-02-13,1.45,1.45,1.4,1.4,6240,131600,0
FINNIFTY13FEB2421250CE.NFO,2024-02-08,14:56:00,2024-02-13,1.4,1.4,1.25,1.3,9120,131440,0
FINNIFTY13FEB2421250CE.NFO,2024-02-08,14:57:00,2024-02-13,1.3,1.35,1.3,1.35,1360,131440,0
FINNIFTY13FEB2421250CE.NFO,2024-02-08,14:58:00,2024-02-13,1.35,1.35,1.35,1.35,1120,131440,0
FINNIFTY13FEB2421250CE.NFO,2024-02-08,14:59:00,2024-02-13,1.35,1.4,1.35,1.4,1840,131440,0
FINNIFTY13FEB2421250CE.NFO,2024-02-08,15:00:00,2024-02-13,1.4,1.55,1.4,1.55,5600,133640,0
FINNIFTY13FEB2421250CE.NFO,2024-02-08,15:01:00,2024-02-13,1.6,1.6,1.55,1.55,5520,133640,0
FINNIFTY13FEB2421250CE.NFO,2024-02-08,15:02:00,2024-02-13,1.55,1.65,1.55,1.65,3040,131680,0
FINNIFTY13FEB2421250CE.NFO,2024-02-08,15:03:00,2024-02-13,1.65,1.7,1.6,1.6,2200,131680,0
FINNIFTY13FEB2421250CE.NFO,2024-02-08,15:04:00,2024-02-13,1.6,1.65,1.55,1.55,10320,131680,0
FINNIFTY13FEB2421250CE.NFO,2024-02-08,15:05:00,2024-02-13,1.6,1.6,1.5,1.5,4120,132440,0
FINNIFTY13FEB2421250CE.NFO,2024-02-08,15:06:00,2024-02-13,1.5,1.55,1.4,1.45,7520,132440,0
FINNIFTY13FEB2421250CE.NFO,2024-02-08,15:07:00,2024-02-13,1.45,1.5,1.4,1.5,5040,132440,0
FINNIFTY13FEB2421250CE.NFO,2024-02-08,15:08:00,2024-02-13,1.5,1.5,1.4,1.45,5040,132440,0
FINNIFTY13FEB2421250CE.NFO,2024-02-08,15:09:00,2024-02-13,1.45,1.5,1.45,1.45,3840,132640,0
FINNIFTY13FEB2421250CE.NFO,2024-02-08,15:10:00,2024-02-13,1.45,1.5,1.45,1.5,1640,132640,0
FINNIFTY13FEB2421250CE.NFO,2024-02-08,15:11:00,2024-02-13,1.5,1.55,1.5,1.55,4880,131480,0
FINNIFTY13FEB2421250CE.NFO,2024-02-08,15:12:00,2024-02-13,1.55,1.6,1.5,1.6,5200,131480,0
FINNIFTY13FEB2421250CE.NFO,2024-02-08,15:13:00,2024-02-13,1.6,1.7,1.6,1.6,8400,131480,0
FINNIFTY13FEB2421250CE.NFO,2024-02-08,15:14:00,2024-02-13,1.6,1.7,1.6,1.6,7120,129360,0
FINNIFTY13FEB2421250CE.NFO,2024-02-08,15:15:00,2024-02-13,1.6,1.65,1.55,1.55,1720,129360,0
FINNIFTY13FEB2421250CE.NFO,2024-02-08,15:16:00,2024-02-13,1.55,1.6,1.5,1.55,6000,129360,0
FINNIFTY13FEB2421250CE.NFO,2024-02-08,15:17:00,2024-02-13,1.55,1.55,1.55,1.55,4120,129360,0
FINNIFTY13FEB2421250CE.NFO,2024-02-08,15:18:00,2024-02-13,1.55,1.65,1.55,1.6,4760,129360,0
FINNIFTY13FEB2421250CE.NFO,2024-02-08,15:19:00,2024-02-13,1.6,1.7,1.55,1.7,7440,129360,0
FINNIFTY13FEB2421250CE.NFO,2024-02-08,15:20:00,2024-02-13,1.7,1.75,1.65,1.65,28200,131120,0
FINNIFTY13FEB2421250CE.NFO,2024-02-08,15:21:00,2024-02-13,1.65,1.7,1.65,1.7,16520,131120,0
FINNIFTY13FEB2421250CE.NFO,2024-02-08,15:22:00,2024-02-13,1.7,1.7,1.6,1.6,6480,131120,0
FINNIFTY13FEB2421250CE.NFO,2024-02-08,15:23:00,2024-02-13,1.6,1.65,1.6,1.6,6400,131960,0
FINNIFTY13FEB2421250CE.NFO,2024-02-08,15:24:00,2024-02-13,1.6,1.7,1.6,1.6,6160,131960,0
FINNIFTY13FEB2421250CE.NFO,2024-02-08,15:25:00,2024-02-13,1.6,1.75,1.5,1.6,16160,131960,0
FINNIFTY13FEB2421250CE.NFO,2024-02-08,15:26:00,2024-02-13,1.55,1.75,1.55,1.75,3760,131320,0
FINNIFTY13FEB2421250CE.NFO,2024-02-08,15:27:00,2024-02-13,1.75,1.75,1.5,1.65,1160,131320,0
FINNIFTY13FEB2421250CE.NFO,2024-02-08,15:28:00,2024-02-13,1.65,1.7,1.4,1.55,2800,131320,0
FINNIFTY13FEB2421250CE.NFO,2024-02-08,15:29:00,2024-02-13,1.55,1.55,1.3,1.5,4800,133400,0
FINNIFTY13FEB2421250CE.NFO,2024-02-08,15:30:00,2024-02-13,1.5,1.5,1.5,1.5,4800,133400,1
FINNIFTY13FEB2421250CE.NFO,2024-02-09,09:15:00,2024-02-13,1.65,1.7,1.05,1.1,9840,133240,0
FINNIFTY13FEB2421250CE.NFO,2024-02-09,09:16:00,2024-02-13,1.1,1.2,1.0,1.15,2800,137960,0
FINNIFTY13FEB2421250CE.NFO,2024-02-09,09:17:00,2024-02-13,1.15,1.2,1.1,1.15,2360,137960,0
FINNIFTY13FEB2421250CE.NFO,2024-02-09,09:18:00,2024-02-13,1.15,1.15,1.1,1.15,1200,137960,0
FINNIFTY13FEB2421250CE.NFO,2024-02-09,09:19:00,2024-02-13,1.15,1.15,1.1,1.1,3040,139400,0
FINNIFTY13FEB2421250CE.NFO,2024-02-09,09:20:00,2024-02-13,1.1,1.15,1.1,1.1,3000,139400,0
FINNIFTY13FEB2421250CE.NFO,2024-02-09,09:21:00,2024-02-13,1.1,1.1,1.05,1.05,2080,139400,0
FINNIFTY13FEB2421250CE.NFO,2024-02-09,09:22:00,2024-02-13,1.05,1.15,1.05,1.1,2960,139120,0
FINNIFTY13FEB2421250CE.NFO,2024-02-09,09:23:00,2024-02-13,1.1,1.15,1.1,1.15,1520,139120,0
FINNIFTY13FEB2421250CE.NFO,2024-02-09,09:24:00,2024-02-13,1.15,1.2,1.1,1.2,4040,139120,0
FINNIFTY13FEB2421250CE.NFO,2024-02-09,09:25:00,2024-02-13,1.2,1.2,1.15,1.2,5120,143720,0
FINNIFTY13FEB2421250CE.NFO,2024-02-09,09:26:00,2024-02-13,1.2,1.3,1.15,1.3,14840,143720,0
FINNIFTY13FEB2421250CE.NFO,2024-02-09,09:27:00,2024-02-13,1.3,1.35,1.25,1.35,8960,143720,0
FINNIFTY13FEB2421250CE.NFO,2024-02-09,09:28:00,2024-02-13,1.35,1.45,1.35,1.4,6840,146920,0
FINNIFTY13FEB2421250CE.NFO,2024-02-09,09:29:00,2024-02-13,1.4,1.45,1.35,1.4,6960,146920,0
FINNIFTY13FEB2421250CE.NFO,2024-02-09,09:30:00,2024-02-13,1.4,1.4,1.35,1.4,4960,146920,0
FINNIFTY13FEB2421250CE.NFO,2024-02-09,09:31:00,2024-02-13,1.4,1.4,1.35,1.35,2200,147480,0
FINNIFTY13FEB2421250CE.NFO,2024-02-09,09:32:00,2024-02-13,1.35,1.4,1.35,1.4,3720,147480,0
FINNIFTY13FEB2421250CE.NFO,2024-02-09,09:33:00,2024-02-13,1.4,1.45,1.35,1.4,6720,147480,0
FINNIFTY13FEB2421250CE.NFO,2024-02-09,09:34:00,2024-02-13,1.4,1.45,1.4,1.4,8000,150360,0
FINNIFTY13FEB2421250CE.NFO,2024-02-09,09:35:00,2024-02-13,1.4,1.45,1.35,1.35,7640,150360,0
FINNIFTY13FEB2421250CE.NFO,2024-02-09,09:36:00,2024-02-13,1.35,1.4,1.25,1.25,14440,150360,0
FINNIFTY13FEB2421250CE.NFO,2024-02-09,09:37:00,2024-02-13,1.3,1.3,1.15,1.2,4360,151520,0
FINNIFTY13FEB2421250CE.NFO,2024-02-09,09:38:00,2024-02-13,1.2,1.2,1.15,1.15,3160,151520,0
FINNIFTY13FEB2421250CE.NFO,2024-02-09,09:39:00,2024-02-13,1.15,1.2,1.15,1.15,1720,151520,0
FINNIFTY13FEB2421250CE.NFO,2024-02-09,09:40:00,2024-02-13,1.15,1.15,1.1,1.1,2120,152960,0
FINNIFTY13FEB2421250CE.NFO,2024-02-09,09:41:00,2024-02-13,1.1,1.15,1.1,1.15,2200,152960,0
FINNIFTY13FEB2421250CE.NFO,2024-02-09,09:42:00,2024-02-13,1.15,1.15,1.15,1.15,440,152960,0
FINNIFTY13FEB2421250CE.NFO,2024-02-09,09:43:00,2024-02-13,1.1,1.2,1.1,1.15,2000,156560,0
FINNIFTY13FEB2421250CE.NFO,2024-02-09,09:44:00,2024-02-13,1.15,1.2,1.15,1.15,1920,156560,0
FINNIFTY13FEB2421250CE.NFO,2024-02-09,09:45:00,2024-02-13,1.15,1.2,1.15,1.2,1160,156560,0
FINNIFTY13FEB2421250CE.NFO,2024-02-09,09:46:00,2024-02-13,1.2,1.2,1.15,1.15,2200,157960,0
FINNIFTY13FEB2421250CE.NFO,2024-02-09,09:47:00,2024-02-13,1.15,1.15,1.15,1.15,320,157960,0
FINNIFTY13FEB2421250CE.NFO,2024-02-09,09:48:00,2024-02-13,1.15,1.2,1.1,1.2,23400,157960,0
FINNIFTY13FEB2421250CE.NFO,2024-02-09,09:49:00,2024-02-13,1.15,1.2,1.1,1.1,3520,170600,0
FINNIFTY13FEB2421250CE.NFO,2024-02-09,09:50:00,2024-02-13,1.1,1.15,1.05,1.1,3360,170600,0
FINNIFTY13FEB2421250CE.NFO,2024-02-09,09:51:00,2024-02-13,1.1,1.1,1.1,1.1,40,170600,0
FINNIFTY13FEB2421250CE.NFO,2024-02-09,09:52:00,2024-02-13,1.1,1.1,1.05,1.05,1960,170600,0
FINNIFTY13FEB2421250CE.NFO,2024-02-09,09:53:00,2024-02-13,1.05,1.1,1.05,1.05,1360,171360,0
FINNIFTY13FEB2421250CE.NFO,2024-02-09,09:54:00,2024-02-13,1.05,1.1,1.05,1.05,2080,171360,0
FINNIFTY13FEB2421250CE.NFO,2024-02-09,09:55:00,2024-02-13,1.05,1.1,1.05,1.05,4600,170520,0
FINNIFTY13FEB2421250CE.NFO,2024-02-09,09:56:00,2024-02-13,1.05,1.1,1.05,1.1,200,170520,0
FINNIFTY13FEB2421250CE.NFO,2024-02-09,09:57:00,2024-02-13,1.1,1.1,1.05,1.05,0,170520,0
FINNIFTY13FEB2421250CE.NFO,2024-02-09,09:58:00,2024-02-13,1.05,1.1,1.05,1.1,2240,170560,0
FINNIFTY13FEB2421250CE.NFO,2024-02-09,09:59:00,2024-02-13,1.1,1.1,1.05,1.05,1120,170560,0
FINNIFTY13FEB2421250CE.NFO,2024-02-09,10:00:00,2024-02-13,1.05,1.1,1.05,1.05,400,170560,0
FINNIFTY13FEB2421250CE.NFO,2024-02-09,10:01:00,2024-02-13,1.05,1.1,1.05,1.1,360,170680,0
FINNIFTY13FEB2421250CE.NFO,2024-02-09,10:02:00,2024-02-13,1.1,1.1,1.0,1.0,880,170680,0
FINNIFTY13FEB2421250CE.NFO,2024-02-09,10:03:00,2024-02-13,1.0,1.05,1.0,1.05,240,170680,0
FINNIFTY13FEB2421250CE.NFO,2024-02-09,10:04:00,2024-02-13,1.05,1.05,1.05,1.05,4200,171120,0
FINNIFTY13FEB2421250CE.NFO,2024-02-09,10:05:00,2024-02-13,1.05,1.05,1.05,1.05,880,171120,0
FINNIFTY13FEB2421250CE.NFO,2024-02-09,10:06:00,2024-02-13,1.05,1.1,1.05,1.1,6400,171120,0
FINNIFTY13FEB2421250CE.NFO,2024-02-09,10:07:00,2024-02-13,1.1,1.1,1.05,1.05,1080,170160,0
FINNIFTY13FEB2421250CE.NFO,2024-02-09,10:08:00,2024-02-13,1.05,1.05,1.05,1.05,1080,170160,0
FINNIFTY13FEB2421250CE.NFO,2024-02-09,10:09:00,2024-02-13,1.05,1.05,1.05,1.05,1160,170160,0
FINNIFTY13FEB2421250CE.NFO,2024-02-09,10:10:00,2024-02-13,1.05,1.1,1.05,1.05,1560,170240,0
FINNIFTY13FEB2421250CE.NFO,2024-02-09,10:11:00,2024-02-13,1.05,1.05,1.0,1.0,120,170240,0
FINNIFTY13FEB2421250CE.NFO,2024-02-09,10:12:00,2024-02-13,1.0,1.0,1.0,1.0,80,170240,0
FINNIFTY13FEB2421250CE.NFO,2024-02-09,10:13:00,2024-02-13,1.0,1.05,1.0,1.05,200,169360,0
FINNIFTY13FEB2421250CE.NFO,2024-02-09,10:14:00,2024-02-13,1.05,1.05,1.0,1.05,200,169360,0
FINNIFTY13FEB2421250CE.NFO,2024-02-09,10:15:00,2024-02-13,1.05,1.05,1.0,1.0,2200,169360,0
FINNIFTY13FEB2421250CE.NFO,2024-02-09,10:16:00,2024-02-13,1.0,1.0,0.95,0.95,2760,169800,0
FINNIFTY13FEB2421250CE.NFO,2024-02-09,10:17:00,2024-02-13,0.95,1.0,0.95,0.95,800,169800,0
FINNIFTY13FEB2421250CE.NFO,2024-02-09,10:18:00,2024-02-13,0.95,0.95,0.95,0.95,0,169800,0
FINNIFTY13FEB2421250CE.NFO,2024-02-09,10:19:00,2024-02-13,0.95,0.95,0.95,0.95,640,169600,0
FINNIFTY13FEB2421250CE.NFO,2024-02-09,10:20:00,2024-02-13,0.95,1.0,0.9,0.95,1960,169600,0
FINNIFTY13FEB2421250CE.NFO,2024-02-09,10:21:00,2024-02-13,0.95,0.95,0.95,0.95,1000,169600,0
FINNIFTY13FEB2421250CE.NFO,2024-02-09,10:22:00,2024-02-13,0.95,0.95,0.9,0.95,1600,169080,0
FINNIFTY13FEB2421250CE.NFO,2024-02-09,10:23:00,2024-02-13,0.95,0.95,0.85,0.85,1240,169080,0
FINNIFTY13FEB2421250CE.NFO,2024-02-09,10:24:00,2024-02-13,0.85,0.9,0.85,0.9,40,169080,0
FINNIFTY13FEB2421250CE.NFO,2024-02-09,10:25:00,2024-02-13,0.9,0.95,0.9,0.95,1880,166960,0
FINNIFTY13FEB2421250CE.NFO,2024-02-09,10:26:00,2024-02-13,0.95,1.0,0.95,0.95,1800,166960,0
FINNIFTY13FEB2421250CE.NFO,2024-02-09,10:27:00,2024-02-13,0.95,0.95,0.95,0.95,0,166960,0
FINNIFTY13FEB2421250CE.NFO,2024-02-09,10:28:00,2024-02-13,0.95,0.95,0.95,0.95,0,166960,0
FINNIFTY13FEB2421250CE.NFO,2024-02-09,10:29:00,2024-02-13,0.95,0.95,0.85,0.85,480,168200,0
FINNIFTY13FEB2421250CE.NFO,2024-02-09,10:30:00,2024-02-13,0.85,0.95,0.85,0.95,160,168200,0
FINNIFTY13FEB2421250CE.NFO,2024-02-09,10:31:00,2024-02-13,0.95,0.95,0.9,0.9,120,168200,0
FINNIFTY13FEB2421250CE.NFO,2024-02-09,10:32:00,2024-02-13,0.9,0.95,0.9,0.95,1400,168800,0
FINNIFTY13FEB2421250CE.NFO,2024-02-09,10:33:00,2024-02-13,0.95,0.95,0.95,0.95,0,168800,0
FINNIFTY13FEB2421250CE.NFO,2024-02-09,10:34:00,2024-02-13,0.95,0.95,0.9,0.9,2960,168800,0
FINNIFTY13FEB2421250CE.NFO,2024-02-09,10:35:00,2024-02-13,0.9,0.95,0.9,0.95,160,171640,0
FINNIFTY13FEB2421250CE.NFO,2024-02-09,10:36:00,2024-02-13,0.95,0.95,0.9,0.9,80,171640,0
FINNIFTY13FEB2421250CE.NFO,2024-02-09,10:37:00,2024-02-13,0.9,0.9,0.9,0.9,360,171400,0
FINNIFTY13FEB2421250CE.NFO,2024-02-09,10:38:00,2024-02-13,0.9,0.9,0.9,0.9,0,171400,0
FINNIFTY13FEB2421250CE.NFO,2024-02-09,10:39:00,2024-02-13,0.9,0.9,0.9,0.9,160,171400,0
FINNIFTY13FEB2421250CE.NFO,2024-02-09,10:40:00,2024-02-13,0.9,0.9,0.85,0.85,640,171400,0
FINNIFTY13FEB2421250CE.NFO,2024-02-09,10:41:00,2024-02-13,0.85,0.85,0.85,0.85,0,171400,0
FINNIFTY13FEB2421250CE.NFO,2024-02-09,10:42:00,2024-02-13,0.85,0.9,0.85,0.9,4480,171360,0
FINNIFTY13FEB2421250CE.NFO,2024-02-09,10:43:00,2024-02-13,0.9,0.9,0.9,0.9,440,171360,0
FINNIFTY13FEB2421250CE.NFO,2024-02-09,10:44:00,2024-02-13,0.9,0.9,0.9,0.9,240,173640,0
FINNIFTY13FEB2421250CE.NFO,2024-02-09,10:45:00,2024-02-13,0.9,0.9,0.9,0.9,0,173640,0
FINNIFTY13FEB2421250CE.NFO,2024-02-09,10:46:00,2024-02-13,0.9,0.95,0.9,0.9,1800,173640,0
FINNIFTY13FEB2421250CE.NFO,2024-02-09,10:47:00,2024-02-13,0.9,0.9,0.9,0.9,40,174600,0
FINNIFTY13FEB2421250CE.NFO,2024-02-09,10:48:00,2024-02-13,0.9,0.95,0.9,0.95,3480,174600,0
FINNIFTY13FEB2421250CE.NFO,2024-02-09,10:49:00,2024-02-13,0.95,0.95,0.95,0.95,0,174600,0
FINNIFTY13FEB2421250CE.NFO,2024-02-09,10:50:00,2024-02-13,0.95,0.95,0.95,0.95,0,174600,0
FINNIFTY13FEB2421250CE.NFO,2024-02-09,10:51:00,2024-02-13,0.95,0.95,0.95,0.95,800,176400,0
FINNIFTY13FEB2421250CE.NFO,2024-02-09,10:52:00,2024-02-13,0.95,0.95,0.95,0.95,0,176400,0
FINNIFTY13FEB2421250CE.NFO,2024-02-09,10:53:00,2024-02-13,0.95,0.95,0.9,0.9,40,176280,0
FINNIFTY13FEB2421250CE.NFO,2024-02-09,10:54:00,2024-02-13,0.9,0.9,0.9,0.9,80,176280,0
FINNIFTY13FEB2421250CE.NFO,2024-02-09,10:55:00,2024-02-13,0.9,0.9,0.9,0.9,440,176280,0
FINNIFTY13FEB2421250CE.NFO,2024-02-09,10:56:00,2024-02-13,0.9,0.95,0.9,0.95,4120,176160,0
FINNIFTY13FEB2421250CE.NFO,2024-02-09,10:57:00,2024-02-13,0.95,0.95,0.95,0.95,0,176160,0
FINNIFTY13FEB2421250CE.NFO,2024-02-09,10:58:00,2024-02-13,0.95,0.95,0.95,0.95,0,176160,0
FINNIFTY13FEB2421250CE.NFO,2024-02-09,10:59:00,2024-02-13,0.95,0.95,0.95,0.95,3040,177600,0
FINNIFTY13FEB2421250CE.NFO,2024-02-09,11:00:00,2024-02-13,0.95,0.95,0.95,0.95,4920,177600,0
FINNIFTY13FEB2421250CE.NFO,2024-02-09,11:01:00,2024-02-13,0.95,0.95,0.95,0.95,240,177600,0
FINNIFTY13FEB2421250CE.NFO,2024-02-09,11:02:00,2024-02-13,0.95,0.95,0.95,0.95,40,177320,0
FINNIFTY13FEB2421250CE.NFO,2024-02-09,11:03:00,2024-02-13,0.95,0.95,0.9,0.9,40,177320,0
FINNIFTY13FEB2421250CE.NFO,2024-02-09,11:04:00,2024-02-13,0.9,0.95,0.9,0.95,120,177400,0
FINNIFTY13FEB2421250CE.NFO,2024-02-09,11:05:00,2024-02-13,0.95,1.0,0.9,0.95,4040,177400,0
FINNIFTY13FEB2421250CE.NFO,2024-02-09,11:06:00,2024-02-13,0.95,0.95,0.95,0.95,880,177400,0
FINNIFTY13FEB2421250CE.NFO,2024-02-09,11:07:00,2024-02-13,0.95,1.0,0.9,1.0,840,177400,0
FINNIFTY13FEB2421250CE.NFO,2024-02-09,11:08:00,2024-02-13,0.9,0.9,0.9,0.9,160,179800,0
FINNIFTY13FEB2421250CE.NFO,2024-02-09,11:09:00,2024-02-13,0.9,0.9,0.9,0.9,120,179800,0
FINNIFTY13FEB2421250CE.NFO,2024-02-09,11:10:00,2024-02-13,0.95,0.95,0.95,0.95,8840,177840,0
FINNIFTY13FEB2421250CE.NFO,2024-02-09,11:11:00,2024-02-13,0.95,1.0,0.95,1.0,3640,177840,0
FINNIFTY13FEB2421250CE.NFO,2024-02-09,11:12:00,2024-02-13,1.0,1.05,0.95,1.0,5120,177840,0
FINNIFTY13FEB2421250CE.NFO,2024-02-09,11:13:00,2024-02-13,1.0,1.0,0.95,0.95,80,177840,0
FINNIFTY13FEB2421250CE.NFO,2024-02-09,11:14:00,2024-02-13,0.95,1.0,0.95,1.0,3960,177280,0
FINNIFTY13FEB2421250CE.NFO,2024-02-09,11:15:00,2024-02-13,1.0,1.0,0.95,0.95,840,177280,0
FINNIFTY13FEB2421250CE.NFO,2024-02-09,11:16:00,2024-02-13,0.95,0.95,0.95,0.95,160,177280,0
FINNIFTY13FEB2421250CE.NFO,2024-02-09,11:17:00,2024-02-13,0.95,1.0,0.95,1.0,160,179400,0
FINNIFTY13FEB2421250CE.NFO,2024-02-09,11:18:00,2024-02-13,1.0,1.0,0.95,0.95,5400,179400,0
FINNIFTY13FEB2421250CE.NFO,2024-02-09,11:19:00,2024-02-13,0.95,0.95,0.9,0.9,4400,179400,0
FINNIFTY13FEB2421250CE.NFO,2024-02-09,11:20:00,2024-02-13,0.9,1.0,0.9,1.0,2080,180120,0
FINNIFTY13FEB2421250CE.NFO,2024-02-09,11:21:00,2024-02-13,1.0,1.0,1.0,1.0,0,180120,0
FINNIFTY13FEB2421250CE.NFO,2024-02-09,11:22:00,2024-02-13,1.0,1.0,1.0,1.0,0,180120,0
FINNIFTY13FEB2421250CE.NFO,2024-02-09,11:23:00,2024-02-13,1.0,1.0,1.0,1.0,40,182000,0
FINNIFTY13FEB2421250CE.NFO,2024-02-09,11:24:00,2024-02-13,1.0,1.0,0.95,0.95,40,182000,0
FINNIFTY13FEB2421250CE.NFO,2024-02-09,11:25:00,2024-02-13,0.95,0.95,0.95,0.95,200,182000,0
FINNIFTY13FEB2421250CE.NFO,2024-02-09,11:26:00,2024-02-13,1.0,1.0,0.95,0.95,320,182080,0
FINNIFTY13FEB2421250CE.NFO,2024-02-09,11:27:00,2024-02-13,0.95,0.95,0.95,0.95,400,182080,0
FINNIFTY13FEB2421250CE.NFO,2024-02-09,11:28:00,2024-02-13,0.95,0.95,0.95,0.95,80,182080,0
FINNIFTY13FEB2421250CE.NFO,2024-02-09,11:29:00,2024-02-13,0.95,0.95,0.95,0.95,40,182080,0
FINNIFTY13FEB2421250CE.NFO,2024-02-09,11:30:00,2024-02-13,0.95,0.95,0.95,0.95,400,182600,0
FINNIFTY13FEB2421250CE.NFO,2024-02-09,11:31:00,2024-02-13,0.95,0.95,0.95,0.95,720,182600,0
FINNIFTY13FEB2421250CE.NFO,2024-02-09,11:32:00,2024-02-13,0.95,0.95,0.95,0.95,560,183000,0
FINNIFTY13FEB2421250CE.NFO,2024-02-09,11:33:00,2024-02-13,0.95,0.95,0.9,0.9,400,183000,0
FINNIFTY13FEB2421250CE.NFO,2024-02-09,11:34:00,2024-02-13,0.9,1.0,0.9,0.95,1640,183640,0
FINNIFTY13FEB2421250CE.NFO,2024-02-09,11:35:00,2024-02-13,1.0,1.0,0.95,0.95,36840,183640,0
FINNIFTY13FEB2421250CE.NFO,2024-02-09,11:36:00,2024-02-13,0.95,0.95,0.95,0.95,120,183640,0
FINNIFTY13FEB2421250CE.NFO,2024-02-09,11:37:00,2024-02-13,0.95,1.0,0.95,1.0,1800,206320,0
FINNIFTY13FEB2421250CE.NFO,2024-02-09,11:38:00,2024-02-13,0.95,0.95,0.95,0.95,1840,206320,0
FINNIFTY13FEB2421250CE.NFO,2024-02-09,11:39:00,2024-02-13,0.95,0.95,0.9,0.9,1000,206320,0
FINNIFTY13FEB2421250CE.NFO,2024-02-09,11:40:00,2024-02-13,0.9,1.0,0.9,1.0,9200,207320,0
FINNIFTY13FEB2421250CE.NFO,2024-02-09,11:41:00,2024-02-13,1.0,1.0,1.0,1.0,2120,207320,0
FINNIFTY13FEB2421250CE.NFO,2024-02-09,11:42:00,2024-02-13,1.0,1.0,1.0,1.0,200,207320,0
FINNIFTY13FEB2421250CE.NFO,2024-02-09,11:43:00,2024-02-13,1.0,1.0,1.0,1.0,800,206080,0
FINNIFTY13FEB2421250CE.NFO,2024-02-09,11:44:00,2024-02-13,1.0,1.0,0.95,0.95,80,206080,0
FINNIFTY13FEB2421250CE.NFO,2024-02-09,11:45:00,2024-02-13,0.95,0.95,0.95,0.95,0,206080,0
FINNIFTY13FEB2421250CE.NFO,2024-02-09,11:46:00,2024-02-13,0.95,1.0,0.95,1.0,1200,206080,0
FINNIFTY13FEB2421250CE.NFO,2024-02-09,11:47:00,2024-02-13,1.0,1.0,1.0,1.0,0,206080,0
FINNIFTY13FEB2421250CE.NFO,2024-02-09,11:48:00,2024-02-13,1.0,1.05,1.0,1.05,520,205440,0
FINNIFTY13FEB2421250CE.NFO,2024-02-09,11:49:00,2024-02-13,1.0,1.05,1.0,1.0,40,205440,0
FINNIFTY13FEB2421250CE.NFO,2024-02-09,11:50:00,2024-02-13,1.0,1.0,1.0,1.0,240,205040,0
FINNIFTY13FEB2421250CE.NFO,2024-02-09,11:51:00,2024-02-13,1.0,1.0,1.0,1.0,1320,205040,0
FINNIFTY13FEB2421250CE.NFO,2024-02-09,11:52:00,2024-02-13,1.0,1.0,1.0,1.0,200,205160,0
FINNIFTY13FEB2421250CE.NFO,2024-02-09,11:53:00,2024-02-13,1.0,1.0,0.95,0.95,840,205160,0
FINNIFTY13FEB2421250CE.NFO,2024-02-09,11:54:00,2024-02-13,0.95,0.95,0.95,0.95,40,205160,0
FINNIFTY13FEB2421250CE.NFO,2024-02-09,11:55:00,2024-02-13,0.95,1.0,0.95,0.95,360,205160,0
FINNIFTY13FEB2421250CE.NFO,2024-02-09,11:56:00,2024-02-13,0.95,0.95,0.95,0.95,0,205160,0
FINNIFTY13FEB2421250CE.NFO,2024-02-09,11:57:00,2024-02-13,0.95,0.95,0.95,0.95,80,205160,0
FINNIFTY13FEB2421250CE.NFO,2024-02-09,11:58:00,2024-02-13,0.95,1.0,0.95,0.95,520,205160,0
FINNIFTY13FEB2421250CE.NFO,2024-02-09,11:59:00,2024-02-13,0.95,0.95,0.95,0.95,0,205160,0
FINNIFTY13FEB2421250CE.NFO,2024-02-09,12:00:00,2024-02-13,0.95,0.95,0.95,0.95,600,205000,0
FINNIFTY13FEB2421250CE.NFO,2024-02-09,12:01:00,2024-02-13,0.95,0.95,0.95,0.95,0,205000,0
FINNIFTY13FEB2421250CE.NFO,2024-02-09,12:02:00,2024-02-13,0.95,0.95,0.75,0.95,26760,205000,0
FINNIFTY13FEB2421250CE.NFO,2024-02-09,12:03:00,2024-02-13,0.95,0.95,0.95,0.95,2360,205000,0
FINNIFTY13FEB2421250CE.NFO,2024-02-09,12:04:00,2024-02-13,0.95,1.0,0.95,1.0,40,182760,0
FINNIFTY13FEB2421250CE.NFO,2024-02-09,12:05:00,2024-02-13,1.0,1.0,1.0,1.0,5080,182760,0
FINNIFTY13FEB2421250CE.NFO,2024-02-09,12:06:00,2024-02-13,1.0,1.0,1.0,1.0,0,182760,0
FINNIFTY13FEB2421250CE.NFO,2024-02-09,12:07:00,2024-02-13,1.0,1.0,0.95,0.95,320,182640,0
FINNIFTY13FEB2421250CE.NFO,2024-02-09,12:08:00,2024-02-13,0.95,1.0,0.95,1.0,240,182640,0
FINNIFTY13FEB2421250CE.NFO,2024-02-09,12:09:00,2024-02-13,1.0,1.0,0.95,0.95,840,182640,0
FINNIFTY13FEB2421250CE.NFO,2024-02-09,12:10:00,2024-02-13,0.95,1.0,0.95,1.0,1440,182640,0
FINNIFTY13FEB2421250CE.NFO,2024-02-09,12:11:00,2024-02-13,1.0,1.0,1.0,1.0,40,184080,0
FINNIFTY13FEB2421250CE.NFO,2024-02-09,12:12:00,2024-02-13,1.0,1.0,1.0,1.0,80,184080,0
FINNIFTY13FEB2421250CE.NFO,2024-02-09,12:13:00,2024-02-13,1.0,1.0,1.0,1.0,0,184080,0
FINNIFTY13FEB2421250CE.NFO,2024-02-09,12:14:00,2024-02-13,1.0,1.0,0.95,0.95,80,184160,0
FINNIFTY13FEB2421250CE.NFO,2024-02-09,12:15:00,2024-02-13,0.95,0.95,0.95,0.95,0,184160,0
FINNIFTY13FEB2421250CE.NFO,2024-02-09,12:16:00,2024-02-13,0.95,0.95,0.95,0.95,0,184160,0
FINNIFTY13FEB2421250CE.NFO,2024-02-09,12:17:00,2024-02-13,0.95,1.0,0.95,1.0,560,184080,0
FINNIFTY13FEB2421250CE.NFO,2024-02-09,12:18:00,2024-02-13,1.0,1.0,1.0,1.0,480,184080,0
FINNIFTY13FEB2421250CE.NFO,2024-02-09,12:19:00,2024-02-13,1.0,1.0,1.0,1.0,320,184080,0
FINNIFTY13FEB2421250CE.NFO,2024-02-09,12:20:00,2024-02-13,1.0,1.05,1.0,1.05,240,184560,0
FINNIFTY13FEB2421250CE.NFO,2024-02-09,12:21:00,2024-02-13,1.05,1.05,1.0,1.0,200,184560,0
FINNIFTY13FEB2421250CE.NFO,2024-02-09,12:22:00,2024-02-13,1.0,1.0,1.0,1.0,0,184560,0
FINNIFTY13FEB2421250CE.NFO,2024-02-09,12:23:00,2024-02-13,1.0,1.05,1.0,1.05,40,184600,0
FINNIFTY13FEB2421250CE.NFO,2024-02-09,12:24:00,2024-02-13,1.05,1.05,1.05,1.05,0,184600,0
FINNIFTY13FEB2421250CE.NFO,2024-02-09,12:25:00,2024-02-13,1.05,1.05,1.05,1.05,920,184600,0
FINNIFTY13FEB2421250CE.NFO,2024-02-09,12:26:00,2024-02-13,1.05,1.05,1.05,1.05,40,185520,0
FINNIFTY13FEB2421250CE.NFO,2024-02-09,12:27:00,2024-02-13,1.05,1.05,1.0,1.0,1000,185520,0
FINNIFTY13FEB2421250CE.NFO,2024-02-09,12:28:00,2024-02-13,1.0,1.0,1.0,1.0,0,185520,0
FINNIFTY13FEB2421250CE.NFO,2024-02-09,12:29:00,2024-02-13,1.0,1.0,1.0,1.0,320,185560,0
FINNIFTY13FEB2421250CE.NFO,2024-02-09,12:30:00,2024-02-13,1.0,1.0,1.0,1.0,720,185560,0
FINNIFTY13FEB2421250CE.NFO,2024-02-09,12:31:00,2024-02-13,1.0,1.0,1.0,1.0,0,185560,0
FINNIFTY13FEB2421250CE.NFO,2024-02-09,12:32:00,2024-02-13,1.0,1.05,1.0,1.05,2040,185880,0
FINNIFTY13FEB2421250CE.NFO,2024-02-09,12:33:00,2024-02-13,1.05,1.05,1.0,1.05,2000,185880,0
FINNIFTY13FEB2421250CE.NFO,2024-02-09,12:34:00,2024-02-13,1.05,1.05,1.0,1.0,2000,188080,0
FINNIFTY13FEB2421250CE.NFO,2024-02-09,12:35:00,2024-02-13,1.0,1.0,1.0,1.0,240,188080,0
FINNIFTY13FEB2421250CE.NFO,2024-02-09,12:36:00,2024-02-13,1.0,1.0,0.95,0.95,520,188080,0
FINNIFTY13FEB2421250CE.NFO,2024-02-09,12:37:00,2024-02-13,0.95,1.05,0.95,1.05,1800,188120,0
FINNIFTY13FEB2421250CE.NFO,2024-02-09,12:38:00,2024-02-13,1.05,1.05,1.05,1.05,160,188120,0
FINNIFTY13FEB2421250CE.NFO,2024-02-09,12:39:00,2024-02-13,1.05,1.05,1.05,1.05,0,188120,0
FINNIFTY13FEB2421250CE.NFO,2024-02-09,12:40:00,2024-02-13,1.05,1.05,1.05,1.05,0,188120,0
FINNIFTY13FEB2421250CE.NFO,2024-02-09,12:41:00,2024-02-13,1.05,1.05,1.05,1.05,0,188120,0
FINNIFTY13FEB2421250CE.NFO,2024-02-09,12:42:00,2024-02-13,1.05,1.05,1.0,1.0,120,189280,0
FINNIFTY13FEB2421250CE.NFO,2024-02-09,12:43:00,2024-02-13,1.0,1.05,1.0,1.0,160,189280,0
FINNIFTY13FEB2421250CE.NFO,2024-02-09,12:44:00,2024-02-13,1.0,1.0,1.0,1.0,2240,189280,0
FINNIFTY13FEB2421250CE.NFO,2024-02-09,12:45:00,2024-02-13,1.0,1.05,1.0,1.05,120,189280,0
FINNIFTY13FEB2421250CE.NFO,2024-02-09,12:46:00,2024-02-13,1.05,1.05,1.05,1.05,240,189280,0
FINNIFTY13FEB2421250CE.NFO,2024-02-09,12:47:00,2024-02-13,1.05,1.05,1.05,1.05,400,187240,0
FINNIFTY13FEB2421250CE.NFO,2024-02-09,12:48:00,2024-02-13,1.05,1.05,1.05,1.05,3880,187240,0
FINNIFTY13FEB2421250CE.NFO,2024-02-09,12:49:00,2024-02-13,1.05,1.05,1.0,1.0,40,187240,0
FINNIFTY13FEB2421250CE.NFO,2024-02-09,12:50:00,2024-02-13,1.0,1.05,1.0,1.0,1360,184480,0
FINNIFTY13FEB2421250CE.NFO,2024-02-09,12:51:00,2024-02-13,1.0,1.0,1.0,1.0,0,184480,0
FINNIFTY13FEB2421250CE.NFO,2024-02-09,12:52:00,2024-02-13,1.0,1.0,1.0,1.0,0,184480,0
FINNIFTY13FEB2421250CE.NFO,2024-02-09,12:53:00,2024-02-13,1.0,1.0,1.0,1.0,40,183600,0
FINNIFTY13FEB2421250CE.NFO,2024-02-09,12:54:00,2024-02-13,1.0,1.05,0.95,0.95,5600,183600,0
FINNIFTY13FEB2421250CE.NFO,2024-02-09,12:55:00,2024-02-13,0.95,1.05,0.95,0.95,3680,180560,0
FINNIFTY13FEB2421250CE.NFO,2024-02-09,12:56:00,2024-02-13,1.0,1.0,1.0,1.0,3280,180560,0
FINNIFTY13FEB2421250CE.NFO,2024-02-09,12:57:00,2024-02-13,1.0,1.0,1.0,1.0,280,180560,0
FINNIFTY13FEB2421250CE.NFO,2024-02-09,12:58:00,2024-02-13,1.0,1.0,1.0,1.0,560,180120,0
FINNIFTY13FEB2421250CE.NFO,2024-02-09,12:59:00,2024-02-13,1.0,1.0,1.0,1.0,0,180120,0
FINNIFTY13FEB2421250CE.NFO,2024-02-09,13:00:00,2024-02-13,1.0,1.0,0.95,0.95,3840,180120,0
FINNIFTY13FEB2421250CE.NFO,2024-02-09,13:01:00,2024-02-13,0.95,1.0,0.95,1.0,560,180120,0
FINNIFTY13FEB2421250CE.NFO,2024-02-09,13:02:00,2024-02-13,1.0,1.0,1.0,1.0,1000,178000,0
FINNIFTY13FEB2421250CE.NFO,2024-02-09,13:03:00,2024-02-13,1.0,1.0,1.0,1.0,0,178000,0
FINNIFTY13FEB2421250CE.NFO,2024-02-09,13:04:00,2024-02-13,1.0,1.0,1.0,1.0,3000,178000,0
FINNIFTY13FEB2421250CE.NFO,2024-02-09,13:05:00,2024-02-13,1.0,1.0,0.95,0.95,40,179280,0
FINNIFTY13FEB2421250CE.NFO,2024-02-09,13:06:00,2024-02-13,0.95,0.95,0.95,0.95,80,179280,0
FINNIFTY13FEB2421250CE.NFO,2024-02-09,13:07:00,2024-02-13,0.95,0.95,0.95,0.95,160,179280,0
FINNIFTY13FEB2421250CE.NFO,2024-02-09,13:08:00,2024-02-13,0.95,1.0,0.95,1.0,5600,179040,0
FINNIFTY13FEB2421250CE.NFO,2024-02-09,13:09:00,2024-02-13,1.0,1.0,1.0,1.0,0,179040,0
FINNIFTY13FEB2421250CE.NFO,2024-02-09,13:10:00,2024-02-13,1.0,1.0,1.0,1.0,0,179040,0
FINNIFTY13FEB2421250CE.NFO,2024-02-09,13:11:00,2024-02-13,1.0,1.0,1.0,1.0,0,179040,1
FINNIFTY13FEB2421250CE.NFO,2024-02-09,13:12:00,2024-02-13,1.0,1.0,1.0,1.0,0,179040,0
FINNIFTY13FEB2421250CE.NFO,2024-02-09,13:13:00,2024-02-13,1.0,1.0,1.0,1.0,0,179040,0
FINNIFTY13FEB2421250CE.NFO,2024-02-09,13:14:00,2024-02-13,1.0,1.0,0.95,0.95,80,181560,0
FINNIFTY13FEB2421250CE.NFO,2024-02-09,13:15:00,2024-02-13,0.95,0.95,0.95,0.95,120,181560,0
FINNIFTY13FEB2421250CE.NFO,2024-02-09,13:16:00,2024-02-13,0.95,1.0,0.95,1.0,280,181600,0
FINNIFTY13FEB2421250CE.NFO,2024-02-09,13:17:00,2024-02-13,1.0,1.0,1.0,1.0,0,181600,0
FINNIFTY13FEB2421250CE.NFO,2024-02-09,13:18:00,2024-02-13,1.0,1.0,0.95,0.95,760,181600,0
FINNIFTY13FEB2421250CE.NFO,2024-02-09,13:19:00,2024-02-13,0.95,0.95,0.95,0.95,320,181960,0
FINNIFTY13FEB2421250CE.NFO,2024-02-09,13:20:00,2024-02-13,1.0,1.0,0.9,0.9,7880,181960,0
FINNIFTY13FEB2421250CE.NFO,2024-02-09,13:21:00,2024-02-13,0.9,0.9,0.9,0.9,8720,181960,0
FINNIFTY13FEB2421250CE.NFO,2024-02-09,13:22:00,2024-02-13,0.9,0.9,0.9,0.9,0,181960,0
FINNIFTY13FEB2421250CE.NFO,2024-02-09,13:23:00,2024-02-13,0.9,0.9,0.9,0.9,3440,182960,0
FINNIFTY13FEB2421250CE.NFO,2024-02-09,13:24:00,2024-02-13,0.9,0.95,0.9,0.9,5600,182960,0
FINNIFTY13FEB2421250CE.NFO,2024-02-09,13:25:00,2024-02-13,0.9,0.9,0.9,0.9,0,182960,0
FINNIFTY13FEB2421250CE.NFO,2024-02-09,13:26:00,2024-02-13,0.9,0.9,0.9,0.9,440,183400,0
FINNIFTY13FEB2421250CE.NFO,2024-02-09,13:27:00,2024-02-13,0.9,0.9,0.9,0.9,0,183400,0
FINNIFTY13FEB2421250CE.NFO,2024-02-09,13:28:00,2024-02-13,0.9,0.9,0.9,0.9,0,183400,0
FINNIFTY13FEB2421250CE.NFO,2024-02-09,13:29:00,2024-02-13,0.9,0.9,0.9,0.9,0,183400,1
FINNIFTY13FEB2421250CE.NFO,2024-02-09,13:30:00,2024-02-13,0.9,0.9,0.9,0.9,0,183400,0
FINNIFTY13FEB2421250CE.NFO,2024-02-09,13:31:00,2024-02-13,0.9,0.9,0.9,0.9,40,182960,0
FINNIFTY13FEB2421250CE.NFO,2024-02-09,13:32:00,2024-02-13,0.9,0.95,0.9,0.95,120,182920,0
FINNIFTY13FEB2421250CE.NFO,2024-02-09,13:33:00,2024-02-13,0.95,0.95,0.9,0.9,1600,182920,0
FINNIFTY13FEB2421250CE.NFO,2024-02-09,13:34:00,2024-02-13,0.95,0.95,0.95,0.95,120,182920,0
FINNIFTY13FEB2421250CE.NFO,2024-02-09,13:35:00,2024-02-13,0.95,0.95,0.95,0.95,120,181560,0
FINNIFTY13FEB2421250CE.NFO,2024-02-09,13:36:00,2024-02-13,0.95,0.95,0.95,0.95,0,181560,0
FINNIFTY13FEB2421250CE.NFO,2024-02-09,13:37:00,2024-02-13,0.95,0.95,0.95,0.95,40,181560,0
FINNIFTY13FEB2421250CE.NFO,2024-02-09,13:38:00,2024-02-13,0.95,0.95,0.95,0.95,0,181560,0
FINNIFTY13FEB2421250CE.NFO,2024-02-09,13:39:00,2024-02-13,0.95,0.95,0.95,0.95,0,181560,0
FINNIFTY13FEB2421250CE.NFO,2024-02-09,13:40:00,2024-02-13,0.95,0.95,0.95,0.95,0,181560,0
FINNIFTY13FEB2421250CE.NFO,2024-02-09,13:41:00,2024-02-13,0.95,0.95,0.95,0.95,0,181560,0
FINNIFTY13FEB2421250CE.NFO,2024-02-09,13:42:00,2024-02-13,0.9,0.9,0.9,0.9,280,181720,0
FINNIFTY13FEB2421250CE.NFO,2024-02-09,13:43:00,2024-02-13,0.9,0.95,0.9,0.95,15480,181720,0
FINNIFTY13FEB2421250CE.NFO,2024-02-09,13:44:00,2024-02-13,0.95,0.95,0.95,0.95,40,190760,0
FINNIFTY13FEB2421250CE.NFO,2024-02-09,13:45:00,2024-02-13,0.95,0.95,0.95,0.95,4400,190760,0
FINNIFTY13FEB2421250CE.NFO,2024-02-09,13:46:00,2024-02-13,0.95,0.95,0.95,0.95,800,190760,0
FINNIFTY13FEB2421250CE.NFO,2024-02-09,13:47:00,2024-02-13,0.95,0.95,0.95,0.95,80,194400,0
FINNIFTY13FEB2421250CE.NFO,2024-02-09,13:48:00,2024-02-13,0.95,0.95,0.95,0.95,0,194400,0
FINNIFTY13FEB2421250CE.NFO,2024-02-09,13:49:00,2024-02-13,0.95,0.95,0.95,0.95,160,194400,0
FINNIFTY13FEB2421250CE.NFO,2024-02-09,13:50:00,2024-02-13,0.95,0.95,0.95,0.95,0,194400,0
FINNIFTY13FEB2421250CE.NFO,2024-02-09,13:51:00,2024-02-13,0.95,0.95,0.85,0.85,6200,194360,0
FINNIFTY13FEB2421250CE.NFO,2024-02-09,13:52:00,2024-02-13,0.85,0.9,0.8,0.85,4000,194360,0
FINNIFTY13FEB2421250CE.NFO,2024-02-09,13:53:00,2024-02-13,0.85,0.85,0.8,0.8,200,193760,0
FINNIFTY13FEB2421250CE.NFO,2024-02-09,13:54:00,2024-02-13,0.8,0.8,0.8,0.8,0,193760,0
FINNIFTY13FEB2421250CE.NFO,2024-02-09,13:55:00,2024-02-13,0.8,0.8,0.8,0.8,0,193760,0
FINNIFTY13FEB2421250CE.NFO,2024-02-09,13:56:00,2024-02-13,0.8,0.85,0.8,0.85,1440,193560,0
FINNIFTY13FEB2421250CE.NFO,2024-02-09,13:57:00,2024-02-13,0.85,0.85,0.8,0.8,120,193560,0
FINNIFTY13FEB2421250CE.NFO,2024-02-09,13:58:00,2024-02-13,0.8,0.8,0.8,0.8,3200,193560,0
FINNIFTY13FEB2421250CE.NFO,2024-02-09,13:59:00,2024-02-13,0.8,0.8,0.8,0.8,0,193560,0
FINNIFTY13FEB2421250CE.NFO,2024-02-09,14:00:00,2024-02-13,0.75,0.75,0.75,0.75,920,194840,0
FINNIFTY13FEB2421250CE.NFO,2024-02-09,14:01:00,2024-02-13,0.75,0.8,0.75,0.8,80,194840,0
FINNIFTY13FEB2421250CE.NFO,2024-02-09,14:02:00,2024-02-13,0.8,0.8,0.8,0.8,40,194720,0
FINNIFTY13FEB2421250CE.NFO,2024-02-09,14:03:00,2024-02-13,0.8,0.8,0.8,0.8,0,194720,0
FINNIFTY13FEB2421250CE.NFO,2024-02-09,14:04:00,2024-02-13,0.8,0.8,0.8,0.8,640,194720,0
FINNIFTY13FEB2421250CE.NFO,2024-02-09,14:05:00,2024-02-13,0.8,0.8,0.8,0.8,2040,195400,0
FINNIFTY13FEB2421250CE.NFO,2024-02-09,14:06:00,2024-02-13,0.8,0.8,0.8,0.8,0,195400,0
FINNIFTY13FEB2421250CE.NFO,2024-02-09,14:07:00,2024-02-13,0.8,0.8,0.8,0.8,0,195400,1
FINNIFTY13FEB2421250CE.NFO,2024-02-09,14:08:00,2024-02-13,0.8,0.8,0.8,0.8,2080,196840,0
FINNIFTY13FEB2421250CE.NFO,2024-02-09,14:09:00,2024-02-13,0.8,0.8,0.8,0.8,3360,196840,0
FINNIFTY13FEB2421250CE.NFO,2024-02-09,14:10:00,2024-02-13,0.8,0.85,0.8,0.85,120,196840,0
FINNIFTY13FEB2421250CE.NFO,2024-02-09,14:11:00,2024-02-13,0.85,0.85,0.85,0.85,1400,194920,0
FINNIFTY13FEB2421250CE.NFO,2024-02-09,14:12:00,2024-02-13,0.85,0.85,0.85,0.85,600,194920,0
FINNIFTY13FEB2421250CE.NFO,2024-02-09,14:13:00,2024-02-13,0.85,0.85,0.8,0.8,360,194920,0
FINNIFTY13FEB2421250CE.NFO,2024-02-09,14:14:00,2024-02-13,0.8,0.8,0.8,0.8,1960,196440,0
FINNIFTY13FEB2421250CE.NFO,2024-02-09,14:15:00,2024-02-13,0.8,0.8,0.8,0.8,1400,196440,0
FINNIFTY13FEB2421250CE.NFO,2024-02-09,14:16:00,2024-02-13,0.8,0.8,0.8,0.8,0,196440,0
FINNIFTY13FEB2421250CE.NFO,2024-02-09,14:17:00,2024-02-13,0.8,0.8,0.8,0.8,0,196440,0
FINNIFTY13FEB2421250CE.NFO,2024-02-09,14:18:00,2024-02-13,0.8,0.85,0.8,0.85,1280,196240,0
FINNIFTY13FEB2421250CE.NFO,2024-02-09,14:19:00,2024-02-13,0.85,0.85,0.8,0.8,960,196240,0
FINNIFTY13FEB2421250CE.NFO,2024-02-09,14:20:00,2024-02-13,0.8,0.8,0.8,0.8,240,197520,0
FINNIFTY13FEB2421250CE.NFO,2024-02-09,14:21:00,2024-02-13,0.8,0.8,0.8,0.8,240,197520,0
FINNIFTY13FEB2421250CE.NFO,2024-02-09,14:22:00,2024-02-13,0.8,0.8,0.8,0.8,200,197520,0
FINNIFTY13FEB2421250CE.NFO,2024-02-09,14:23:00,2024-02-13,0.8,0.8,0.8,0.8,0,197520,0
FINNIFTY13FEB2421250CE.NFO,2024-02-09,14:24:00,2024-02-13,0.8,0.8,0.8,0.8,2080,197680,0
FINNIFTY13FEB2421250CE.NFO,2024-02-09,14:25:00,2024-02-13,0.8,0.8,0.8,0.8,0,197680,0
FINNIFTY13FEB2421250CE.NFO,2024-02-09,14:26:00,2024-02-13,0.75,0.75,0.75,0.75,840,197720,0
FINNIFTY13FEB2421250CE.NFO,2024-02-09,14:27:00,2024-02-13,0.8,0.8,0.8,0.8,40,197720,0
FINNIFTY13FEB2421250CE.NFO,2024-02-09,14:28:00,2024-02-13,0.8,0.8,0.75,0.8,2360,197720,0
FINNIFTY13FEB2421250CE.NFO,2024-02-09,14:29:00,2024-02-13,0.8,0.8,0.8,0.8,0,197720,0
FINNIFTY13FEB2421250CE.NFO,2024-02-09,14:30:00,2024-02-13,0.8,0.8,0.8,0.8,40,199280,0
FINNIFTY13FEB2421250CE.NFO,2024-02-09,14:31:00,2024-02-13,0.8,0.8,0.75,0.75,360,199280,0
FINNIFTY13FEB2421250CE.NFO,2024-02-09,14:32:00,2024-02-13,0.75,0.8,0.75,0.8,2440,198960,0
FINNIFTY13FEB2421250CE.NFO,2024-02-09,14:33:00,2024-02-13,0.8,0.8,0.8,0.8,40,198960,0
FINNIFTY13FEB2421250CE.NFO,2024-02-09,14:34:00,2024-02-13,0.8,0.8,0.8,0.8,0,198960,0
FINNIFTY13FEB2421250CE.NFO,2024-02-09,14:35:00,2024-02-13,0.8,0.8,0.8,0.8,0,198960,0
FINNIFTY13FEB2421250CE.NFO,2024-02-09,14:36:00,2024-02-13,0.8,0.8,0.8,0.8,0,198960,0
FINNIFTY13FEB2421250CE.NFO,2024-02-09,14:37:00,2024-02-13,0.8,0.8,0.8,0.8,320,197760,0
FINNIFTY13FEB2421250CE.NFO,2024-02-09,14:38:00,2024-02-13,0.8,0.8,0.8,0.8,0,197760,0
FINNIFTY13FEB2421250CE.NFO,2024-02-09,14:39:00,2024-02-13,0.8,0.85,0.8,0.85,3360,197840,0
FINNIFTY13FEB2421250CE.NFO,2024-02-09,14:40:00,2024-02-13,0.85,0.9,0.85,0.85,4640,197840,0
FINNIFTY13FEB2421250CE.NFO,2024-02-09,14:41:00,2024-02-13,0.85,0.9,0.85,0.9,3640,200680,0
FINNIFTY13FEB2421250CE.NFO,2024-02-09,14:42:00,2024-02-13,0.9,0.9,0.9,0.9,4800,200680,0
FINNIFTY13FEB2421250CE.NFO,2024-02-09,14:43:00,2024-02-13,0.9,0.9,0.85,0.85,4160,200680,0
FINNIFTY13FEB2421250CE.NFO,2024-02-09,14:44:00,2024-02-13,0.85,0.9,0.85,0.85,2600,197640,0
FINNIFTY13FEB2421250CE.NFO,2024-02-09,14:45:00,2024-02-13,0.85,0.9,0.85,0.85,7000,197640,0
FINNIFTY13FEB2421250CE.NFO,2024-02-09,14:46:00,2024-02-13,0.85,0.85,0.85,0.85,3680,197640,0
FINNIFTY13FEB2421250CE.NFO,2024-02-09,14:47:00,2024-02-13,0.85,0.85,0.85,0.85,0,197640,0
FINNIFTY13FEB2421250CE.NFO,2024-02-09,14:48:00,2024-02-13,0.9,0.9,0.9,0.9,360,194880,0
FINNIFTY13FEB2421250CE.NFO,2024-02-09,14:49:00,2024-02-13,0.9,0.9,0.85,0.9,2960,194880,0
FINNIFTY13FEB2421250CE.NFO,2024-02-09,14:50:00,2024-02-13,0.9,0.9,0.85,0.85,40,194880,0
FINNIFTY13FEB2421250CE.NFO,2024-02-09,14:51:00,2024-02-13,0.85,0.9,0.85,0.85,720,192320,0
FINNIFTY13FEB2421250CE.NFO,2024-02-09,14:52:00,2024-02-13,0.85,0.85,0.8,0.85,5320,192320,0
FINNIFTY13FEB2421250CE.NFO,2024-02-09,14:53:00,2024-02-13,0.85,0.85,0.8,0.8,14000,189600,0
FINNIFTY13FEB2421250CE.NFO,2024-02-09,14:54:00,2024-02-13,0.8,0.8,0.8,0.8,760,189600,0
FINNIFTY13FEB2421250CE.NFO,2024-02-09,14:55:00,2024-02-13,0.8,0.9,0.8,0.9,1680,189600,0
FINNIFTY13FEB2421250CE.NFO,2024-02-09,14:56:00,2024-02-13,0.9,0.9,0.9,0.9,1800,186680,0
FINNIFTY13FEB2421250CE.NFO,2024-02-09,14:57:00,2024-02-13,0.9,0.9,0.9,0.9,1200,186680,0
FINNIFTY13FEB2421250CE.NFO,2024-02-09,14:58:00,2024-02-13,0.9,0.9,0.8,0.8,19720,186680,0
FINNIFTY13FEB2421250CE.NFO,2024-02-09,14:59:00,2024-02-13,0.8,0.9,0.8,0.9,17840,188640,0
FINNIFTY13FEB2421250CE.NFO,2024-02-09,15:00:00,2024-02-13,0.8,0.85,0.8,0.85,1760,188640,0
FINNIFTY13FEB2421250CE.NFO,2024-02-09,15:01:00,2024-02-13,0.85,0.85,0.7,0.8,11080,188640,0
FINNIFTY13FEB2421250CE.NFO,2024-02-09,15:02:00,2024-02-13,0.75,0.85,0.75,0.8,4560,180280,0
FINNIFTY13FEB2421250CE.NFO,2024-02-09,15:03:00,2024-02-13,0.8,0.9,0.8,0.85,10280,180280,0
FINNIFTY13FEB2421250CE.NFO,2024-02-09,15:04:00,2024-02-13,0.85,0.85,0.75,0.8,11280,180280,0
FINNIFTY13FEB2421250CE.NFO,2024-02-09,15:05:00,2024-02-13,0.8,0.85,0.8,0.85,120,168200,0
FINNIFTY13FEB2421250CE.NFO,2024-02-09,15:06:00,2024-02-13,0.85,0.85,0.75,0.8,17320,168200,0
FINNIFTY13FEB2421250CE.NFO,2024-02-09,15:07:00,2024-02-13,0.8,0.8,0.8,0.8,0,168200,0
FINNIFTY13FEB2421250CE.NFO,2024-02-09,15:08:00,2024-02-13,0.8,0.8,0.8,0.8,2560,160360,0
FINNIFTY13FEB2421250CE.NFO,2024-02-09,15:09:00,2024-02-13,0.75,0.75,0.75,0.75,3080,160360,0
FINNIFTY13FEB2421250CE.NFO,2024-02-09,15:10:00,2024-02-13,0.75,0.8,0.65,0.75,30480,160360,0
FINNIFTY13FEB2421250CE.NFO,2024-02-09,15:11:00,2024-02-13,0.75,0.8,0.75,0.75,1040,167480,0
FINNIFTY13FEB2421250CE.NFO,2024-02-09,15:12:00,2024-02-13,0.7,0.8,0.7,0.8,21160,167480,0
FINNIFTY13FEB2421250CE.NFO,2024-02-09,15:13:00,2024-02-13,0.8,0.8,0.75,0.75,80,167480,0
FINNIFTY13FEB2421250CE.NFO,2024-02-09,15:14:00,2024-02-13,0.75,0.8,0.75,0.8,880,160440,0
FINNIFTY13FEB2421250CE.NFO,2024-02-09,15:15:00,2024-02-13,0.9,0.9,0.85,0.85,2400,160440,0
FINNIFTY13FEB2421250CE.NFO,2024-02-09,15:16:00,2024-02-13,0.85,0.9,0.85,0.9,2720,160440,0
FINNIFTY13FEB2421250CE.NFO,2024-02-09,15:17:00,2024-02-13,0.9,0.9,0.85,0.85,1320,161120,0
FINNIFTY13FEB2421250CE.NFO,2024-02-09,15:18:00,2024-02-13,0.85,0.9,0.85,0.9,6360,161120,0
FINNIFTY13FEB2421250CE.NFO,2024-02-09,15:19:00,2024-02-13,0.9,0.9,0.85,0.85,1200,161120,0
FINNIFTY13FEB2421250CE.NFO,2024-02-09,15:20:00,2024-02-13,0.85,0.9,0.85,0.9,800,161720,0
FINNIFTY13FEB2421250CE.NFO,2024-02-09,15:21:00,2024-02-13,0.9,0.9,0.9,0.9,1240,161720,0
FINNIFTY13FEB2421250CE.NFO,2024-02-09,15:22:00,2024-02-13,0.9,0.95,0.8,0.8,12480,161720,0
FINNIFTY13FEB2421250CE.NFO,2024-02-09,15:23:00,2024-02-13,0.8,0.9,0.8,0.9,3640,161720,0
FINNIFTY13FEB2421250CE.NFO,2024-02-09,15:24:00,2024-02-13,0.9,0.9,0.85,0.85,2360,163440,0
FINNIFTY13FEB2421250CE.NFO,2024-02-09,15:25:00,2024-02-13,0.85,0.9,0.85,0.85,3240,163440,0
FINNIFTY13FEB2421250CE.NFO,2024-02-09,15:26:00,2024-02-13,0.85,0.9,0.85,0.9,8560,165920,0
FINNIFTY13FEB2421250CE.NFO,2024-02-09,15:27:00,2024-02-13,0.9,0.9,0.7,0.7,32640,165920,0
FINNIFTY13FEB2421250CE.NFO,2024-02-09,15:28:00,2024-02-13,0.7,0.75,0.7,0.75,1040,165920,0
FINNIFTY13FEB2421250CE.NFO,2024-02-09,15:29:00,2024-02-13,0.7,0.85,0.7,0.85,3640,180360,0
FINNIFTY13FEB2421250CE.NFO,2024-02-09,15:30:00,2024-02-13,0.85,0.85,0.85,0.85,3640,180360,1
FINNIFTY13FEB2421250CE.NFO,2024-02-12,09:15:00,2024-02-13,0.8,0.8,0.5,0.55,7920,179640,0
FINNIFTY13FEB2421250CE.NFO,2024-02-12,09:16:00,2024-02-13,0.7,0.85,0.65,0.65,36480,179640,0
FINNIFTY13FEB2421250CE.NFO,2024-02-12,09:17:00,2024-02-13,0.65,0.65,0.55,0.55,16680,179640,0
FINNIFTY13FEB2421250CE.NFO,2024-02-12,09:18:00,2024-02-13,0.55,0.6,0.55,0.55,19000,181080,0
FINNIFTY13FEB2421250CE.NFO,2024-02-12,09:19:00,2024-02-13,0.55,0.6,0.5,0.5,29160,181080,0
FINNIFTY13FEB2421250CE.NFO,2024-02-12,09:20:00,2024-02-13,0.5,0.6,0.5,0.55,12240,181080,0
FINNIFTY13FEB2421250CE.NFO,2024-02-12,09:21:00,2024-02-13,0.55,0.55,0.5,0.55,9240,166600,0
FINNIFTY13FEB2421250CE.NFO,2024-02-12,09:22:00,2024-02-13,0.55,0.55,0.5,0.55,2920,166600,0
FINNIFTY13FEB2421250CE.NFO,2024-02-12,09:23:00,2024-02-13,0.55,0.6,0.55,0.6,3560,166600,0
FINNIFTY13FEB2421250CE.NFO,2024-02-12,09:24:00,2024-02-13,0.6,0.6,0.55,0.55,1400,161000,0
FINNIFTY13FEB2421250CE.NFO,2024-02-12,09:25:00,2024-02-13,0.55,0.55,0.55,0.55,600,161000,0
FINNIFTY13FEB2421250CE.NFO,2024-02-12,09:26:00,2024-02-13,0.55,0.6,0.55,0.6,3640,161000,0
FINNIFTY13FEB2421250CE.NFO,2024-02-12,09:27:00,2024-02-13,0.6,0.6,0.55,0.55,3160,155280,0
FINNIFTY13FEB2421250CE.NFO,2024-02-12,09:28:00,2024-02-13,0.55,0.55,0.5,0.5,3880,155280,0
FINNIFTY13FEB2421250CE.NFO,2024-02-12,09:29:00,2024-02-13,0.5,0.5,0.5,0.5,560,155280,0
FINNIFTY13FEB2421250CE.NFO,2024-02-12,09:30:00,2024-02-13,0.5,0.55,0.5,0.5,12040,154320,0
FINNIFTY13FEB2421250CE.NFO,2024-02-12,09:31:00,2024-02-13,0.5,0.55,0.5,0.55,7800,154320,0
FINNIFTY13FEB2421250CE.NFO,2024-02-12,09:32:00,2024-02-13,0.55,0.55,0.55,0.55,0,154320,0
FINNIFTY13FEB2421250CE.NFO,2024-02-12,09:33:00,2024-02-13,0.5,0.5,0.5,0.5,880,151800,0
FINNIFTY13FEB2421250CE.NFO,2024-02-12,09:34:00,2024-02-13,0.5,0.5,0.5,0.5,240,151800,0
FINNIFTY13FEB2421250CE.NFO,2024-02-12,09:35:00,2024-02-13,0.5,0.5,0.5,0.5,3000,151800,0
FINNIFTY13FEB2421250CE.NFO,2024-02-12,09:36:00,2024-02-13,0.5,0.5,0.45,0.5,15800,148160,0
FINNIFTY13FEB2421250CE.NFO,2024-02-12,09:37:00,2024-02-13,0.5,0.5,0.5,0.5,0,148160,0
FINNIFTY13FEB2421250CE.NFO,2024-02-12,09:38:00,2024-02-13,0.55,0.6,0.55,0.6,8200,148160,0
FINNIFTY13FEB2421250CE.NFO,2024-02-12,09:39:00,2024-02-13,0.55,0.6,0.55,0.6,80,151640,0
FINNIFTY13FEB2421250CE.NFO,2024-02-12,09:40:00,2024-02-13,0.55,0.6,0.55,0.55,2600,151640,0
FINNIFTY13FEB2421250CE.NFO,2024-02-12,09:41:00,2024-02-13,0.55,0.55,0.55,0.55,4840,151640,0
FINNIFTY13FEB2421250CE.NFO,2024-02-12,09:42:00,2024-02-13,0.55,0.55,0.55,0.55,4840,151640,1
FINNIFTY13FEB2421250CE.NFO,2024-02-12,09:43:00,2024-02-13,0.55,0.55,0.55,0.55,0,151640,0
FINNIFTY13FEB2421250CE.NFO,2024-02-12,09:44:00,2024-02-13,0.55,0.55,0.55,0.55,0,151640,0
FINNIFTY13FEB2421250CE.NFO,2024-02-12,09:45:00,2024-02-13,0.55,0.55,0.55,0.55,0,151640,0
FINNIFTY13FEB2421250CE.NFO,2024-02-12,09:46:00,2024-02-13,0.55,0.55,0.5,0.5,880,147960,0
FINNIFTY13FEB2421250CE.NFO,2024-02-12,09:47:00,2024-02-13,0.5,0.55,0.5,0.5,7640,147960,0
FINNIFTY13FEB2421250CE.NFO,2024-02-12,09:48:00,2024-02-13,0.5,0.5,0.45,0.45,3200,153000,0
FINNIFTY13FEB2421250CE.NFO,2024-02-12,09:49:00,2024-02-13,0.45,0.5,0.45,0.45,24000,153000,0
FINNIFTY13FEB2421250CE.NFO,2024-02-12,09:50:00,2024-02-13,0.45,0.5,0.45,0.45,22200,153000,0
FINNIFTY13FEB2421250CE.NFO,2024-02-12,09:51:00,2024-02-13,0.45,0.5,0.45,0.45,10760,154400,0
FINNIFTY13FEB2421250CE.NFO,2024-02-12,09:52:00,2024-02-13,0.45,0.45,0.45,0.45,320,154400,0
FINNIFTY13FEB2421250CE.NFO,2024-02-12,09:53:00,2024-02-13,0.45,0.5,0.45,0.45,24160,154400,0
FINNIFTY13FEB2421250CE.NFO,2024-02-12,09:54:00,2024-02-13,0.45,0.45,0.45,0.45,29200,152080,0
FINNIFTY13FEB2421250CE.NFO,2024-02-12,09:55:00,2024-02-13,0.45,0.5,0.45,0.5,1240,152080,0
FINNIFTY13FEB2421250CE.NFO,2024-02-12,09:56:00,2024-02-13,0.5,0.55,0.45,0.55,11200,152080,0
FINNIFTY13FEB2421250CE.NFO,2024-02-12,09:57:00,2024-02-13,0.55,0.55,0.55,0.55,920,155320,0
FINNIFTY13FEB2421250CE.NFO,2024-02-12,09:58:00,2024-02-13,0.55,0.55,0.5,0.5,9120,155320,0
FINNIFTY13FEB2421250CE.NFO,2024-02-12,09:59:00,2024-02-13,0.5,0.5,0.45,0.5,3120,155320,0
FINNIFTY13FEB2421250CE.NFO,2024-02-12,10:00:00,2024-02-13,0.5,0.5,0.45,0.45,10400,156400,0
FINNIFTY13FEB2421250CE.NFO,2024-02-12,10:01:00,2024-02-13,0.45,0.5,0.45,0.5,4400,156400,0
FINNIFTY13FEB2421250CE.NFO,2024-02-12,10:02:00,2024-02-13,0.5,0.5,0.45,0.5,240,156400,0
FINNIFTY13FEB2421250CE.NFO,2024-02-12,10:03:00,2024-02-13,0.5,0.5,0.5,0.5,120,156240,0
FINNIFTY13FEB2421250CE.NFO,2024-02-12,10:04:00,2024-02-13,0.5,0.55,0.5,0.55,9520,156240,0
FINNIFTY13FEB2421250CE.NFO,2024-02-12,10:05:00,2024-02-13,0.55,0.55,0.55,0.55,0,156240,0
FINNIFTY13FEB2421250CE.NFO,2024-02-12,10:06:00,2024-02-13,0.55,0.55,0.55,0.55,0,156240,0
FINNIFTY13FEB2421250CE.NFO,2024-02-12,10:07:00,2024-02-13,0.55,0.55,0.55,0.55,0,156240,0
FINNIFTY13FEB2421250CE.NFO,2024-02-12,10:08:00,2024-02-13,0.55,0.55,0.55,0.55,0,156240,0
FINNIFTY13FEB2421250CE.NFO,2024-02-12,10:09:00,2024-02-13,0.55,0.55,0.5,0.55,1080,158760,0
FINNIFTY13FEB2421250CE.NFO,2024-02-12,10:10:00,2024-02-13,0.55,0.55,0.55,0.55,11080,158760,0
FINNIFTY13FEB2421250CE.NFO,2024-02-12,10:11:00,2024-02-13,0.55,0.55,0.5,0.55,1720,158760,0
FINNIFTY13FEB2421250CE.NFO,2024-02-12,10:12:00,2024-02-13,0.55,0.55,0.5,0.5,11000,163160,0
FINNIFTY13FEB2421250CE.NFO,2024-02-12,10:13:00,2024-02-13,0.5,0.5,0.4,0.45,14880,163160,0
FINNIFTY13FEB2421250CE.NFO,2024-02-12,10:14:00,2024-02-13,0.45,0.45,0.4,0.4,1000,163160,0
FINNIFTY13FEB2421250CE.NFO,2024-02-12,10:15:00,2024-02-13,0.4,0.45,0.4,0.45,1320,162000,0
FINNIFTY13FEB2421250CE.NFO,2024-02-12,10:16:00,2024-02-13,0.45,0.45,0.4,0.4,120,162000,0
FINNIFTY13FEB2421250CE.NFO,2024-02-12,10:17:00,2024-02-13,0.4,0.4,0.4,0.4,1440,162000,0
FINNIFTY13FEB2421250CE.NFO,2024-02-12,10:18:00,2024-02-13,0.4,0.4,0.4,0.4,0,162000,0
FINNIFTY13FEB2421250CE.NFO,2024-02-12,10:19:00,2024-02-13,0.4,0.45,0.4,0.4,280,162520,0
FINNIFTY13FEB2421250CE.NFO,2024-02-12,10:20:00,2024-02-13,0.45,0.45,0.45,0.45,200,162520,0
FINNIFTY13FEB2421250CE.NFO,2024-02-12,10:21:00,2024-02-13,0.45,0.5,0.45,0.5,11040,158320,0
FINNIFTY13FEB2421250CE.NFO,2024-02-12,10:22:00,2024-02-13,0.5,0.5,0.45,0.5,3640,158320,0
FINNIFTY13FEB2421250CE.NFO,2024-02-12,10:23:00,2024-02-13,0.5,0.5,0.5,0.5,0,158320,0
FINNIFTY13FEB2421250CE.NFO,2024-02-12,10:24:00,2024-02-13,0.5,0.5,0.5,0.5,0,158320,0
FINNIFTY13FEB2421250CE.NFO,2024-02-12,10:25:00,2024-02-13,0.45,0.5,0.45,0.5,520,161840,0
FINNIFTY13FEB2421250CE.NFO,2024-02-12,10:26:00,2024-02-13,0.5,0.5,0.45,0.5,1240,161840,0
FINNIFTY13FEB2421250CE.NFO,2024-02-12,10:27:00,2024-02-13,0.5,0.55,0.45,0.5,5640,160800,0
FINNIFTY13FEB2421250CE.NFO,2024-02-12,10:28:00,2024-02-13,0.5,0.5,0.5,0.5,3360,160800,0
FINNIFTY13FEB2421250CE.NFO,2024-02-12,10:29:00,2024-02-13,0.5,0.55,0.5,0.55,160,160800,0
FINNIFTY13FEB2421250CE.NFO,2024-02-12,10:30:00,2024-02-13,0.55,0.55,0.5,0.5,480,157680,0
FINNIFTY13FEB2421250CE.NFO,2024-02-12,10:31:00,2024-02-13,0.55,0.55,0.5,0.5,6240,157680,0
FINNIFTY13FEB2421250CE.NFO,2024-02-12,10:32:00,2024-02-13,0.5,0.5,0.5,0.5,200,157680,0
FINNIFTY13FEB2421250CE.NFO,2024-02-12,10:33:00,2024-02-13,0.5,0.5,0.5,0.5,600,161760,0
FINNIFTY13FEB2421250CE.NFO,2024-02-12,10:34:00,2024-02-13,0.5,0.5,0.5,0.5,0,161760,0
FINNIFTY13FEB2421250CE.NFO,2024-02-12,10:35:00,2024-02-13,0.5,0.5,0.5,0.5,0,161760,0
FINNIFTY13FEB2421250CE.NFO,2024-02-12,10:36:00,2024-02-13,0.5,0.55,0.5,0.5,600,161760,0
FINNIFTY13FEB2421250CE.NFO,2024-02-12,10:37:00,2024-02-13,0.5,0.5,0.45,0.45,6320,161040,0
FINNIFTY13FEB2421250CE.NFO,2024-02-12,10:38:00,2024-02-13,0.45,0.45,0.45,0.45,2680,161040,0
FINNIFTY13FEB2421250CE.NFO,2024-02-12,10:39:00,2024-02-13,0.45,0.45,0.45,0.45,0,161040,0
FINNIFTY13FEB2421250CE.NFO,2024-02-12,10:40:00,2024-02-13,0.45,0.45,0.4,0.4,160,161760,0
FINNIFTY13FEB2421250CE.NFO,2024-02-12,10:41:00,2024-02-13,0.4,0.4,0.4,0.4,0,161760,0
FINNIFTY13FEB2421250CE.NFO,2024-02-12,10:42:00,2024-02-13,0.4,0.4,0.4,0.4,0,161760,0
FINNIFTY13FEB2421250CE.NFO,2024-02-12,10:43:00,2024-02-13,0.4,0.4,0.4,0.4,0,161760,0
FINNIFTY13FEB2421250CE.NFO,2024-02-12,10:44:00,2024-02-13,0.4,0.4,0.4,0.4,0,161760,0
FINNIFTY13FEB2421250CE.NFO,2024-02-12,10:45:00,2024-02-13,0.4,0.4,0.4,0.4,0,161760,0
FINNIFTY13FEB2421250CE.NFO,2024-02-12,10:46:00,2024-02-13,0.4,0.4,0.4,0.4,0,161760,0
FINNIFTY13FEB2421250CE.NFO,2024-02-12,10:47:00,2024-02-13,0.4,0.4,0.4,0.4,160,161760,0
FINNIFTY13FEB2421250CE.NFO,2024-02-12,10:48:00,2024-02-13,0.4,0.45,0.4,0.45,80,161760,0
FINNIFTY13FEB2421250CE.NFO,2024-02-12,10:49:00,2024-02-13,0.45,0.45,0.45,0.45,80,161760,0
FINNIFTY13FEB2421250CE.NFO,2024-02-12,10:50:00,2024-02-13,0.45,0.45,0.45,0.45,40,161760,0
FINNIFTY13FEB2421250CE.NFO,2024-02-12,10:51:00,2024-02-13,0.45,0.45,0.45,0.45,0,161760,0
FINNIFTY13FEB2421250CE.NFO,2024-02-12,10:52:00,2024-02-13,0.45,0.45,0.45,0.45,0,161760,0
FINNIFTY13FEB2421250CE.NFO,2024-02-12,10:53:00,2024-02-13,0.4,0.4,0.4,0.4,40,161760,0
FINNIFTY13FEB2421250CE.NFO,2024-02-12,10:54:00,2024-02-13,0.4,0.45,0.4,0.45,200,161760,0
FINNIFTY13FEB2421250CE.NFO,2024-02-12,10:55:00,2024-02-13,0.45,0.45,0.45,0.45,0,161760,0
FINNIFTY13FEB2421250CE.NFO,2024-02-12,10:56:00,2024-02-13,0.45,0.45,0.45,0.45,0,161760,0
FINNIFTY13FEB2421250CE.NFO,2024-02-12,10:57:00,2024-02-13,0.45,0.45,0.45,0.45,0,161760,0
FINNIFTY13FEB2421250CE.NFO,2024-02-12,10:58:00,2024-02-13,0.45,0.45,0.4,0.4,40,161720,0
FINNIFTY13FEB2421250CE.NFO,2024-02-12,10:59:00,2024-02-13,0.4,0.4,0.4,0.4,0,161720,0
FINNIFTY13FEB2421250CE.NFO,2024-02-12,11:00:00,2024-02-13,0.4,0.4,0.4,0.4,0,161720,0
FINNIFTY13FEB2421250CE.NFO,2024-02-12,11:01:00,2024-02-13,0.4,0.4,0.4,0.4,0,161720,0
FINNIFTY13FEB2421250CE.NFO,2024-02-12,11:02:00,2024-02-13,0.4,0.4,0.4,0.4,0,161720,0
FINNIFTY13FEB2421250CE.NFO,2024-02-12,11:03:00,2024-02-13,0.4,0.45,0.4,0.45,1920,161960,0
FINNIFTY13FEB2421250CE.NFO,2024-02-12,11:04:00,2024-02-13,0.45,0.45,0.4,0.4,360,161960,0
FINNIFTY13FEB2421250CE.NFO,2024-02-12,11:05:00,2024-02-13,0.4,0.45,0.4,0.45,40,161960,0
FINNIFTY13FEB2421250CE.NFO,2024-02-12,11:06:00,2024-02-13,0.45,0.45,0.45,0.45,80,161960,0
FINNIFTY13FEB2421250CE.NFO,2024-02-12,11:07:00,2024-02-13,0.45,0.45,0.45,0.45,0,161960,0
FINNIFTY13FEB2421250CE.NFO,2024-02-12,11:08:00,2024-02-13,0.4,0.4,0.4,0.4,200,161800,0
FINNIFTY13FEB2421250CE.NFO,2024-02-12,11:09:00,2024-02-13,0.4,0.4,0.4,0.4,1520,161200,0
FINNIFTY13FEB2421250CE.NFO,2024-02-12,11:10:00,2024-02-13,0.4,0.4,0.4,0.4,1880,161200,0
FINNIFTY13FEB2421250CE.NFO,2024-02-12,11:11:00,2024-02-13,0.4,0.45,0.4,0.45,80,161200,0
FINNIFTY13FEB2421250CE.NFO,2024-02-12,11:12:00,2024-02-13,0.45,0.45,0.45,0.45,320,161200,0
FINNIFTY13FEB2421250CE.NFO,2024-02-12,11:13:00,2024-02-13,0.45,0.45,0.4,0.4,160,159440,0
FINNIFTY13FEB2421250CE.NFO,2024-02-12,11:14:00,2024-02-13,0.4,0.4,0.4,0.4,0,159440,0
FINNIFTY13FEB2421250CE.NFO,2024-02-12,11:15:00,2024-02-13,0.4,0.4,0.4,0.4,0,159440,1
FINNIFTY13FEB2421250CE.NFO,2024-02-12,11:16:00,2024-02-13,0.4,0.4,0.4,0.4,0,159440,0
FINNIFTY13FEB2421250CE.NFO,2024-02-12,11:17:00,2024-02-13,0.45,0.45,0.45,0.45,40,159440,0
FINNIFTY13FEB2421250CE.NFO,2024-02-12,11:18:00,2024-02-13,0.45,0.45,0.45,0.45,0,159440,0
FINNIFTY13FEB2421250CE.NFO,2024-02-12,11:19:00,2024-02-13,0.45,0.45,0.45,0.45,0,159440,0
FINNIFTY13FEB2421250CE.NFO,2024-02-12,11:20:00,2024-02-13,0.45,0.45,0.45,0.45,0,159440,1
FINNIFTY13FEB2421250CE.NFO,2024-02-12,11:21:00,2024-02-13,0.45,0.45,0.45,0.45,0,159440,1
FINNIFTY13FEB2421250CE.NFO,2024-02-12,11:22:00,2024-02-13,0.45,0.45,0.45,0.45,0,159440,1
FINNIFTY13FEB2421250CE.NFO,2024-02-12,11:23:00,2024-02-13,0.45,0.45,0.45,0.45,0,159440,0
FINNIFTY13FEB2421250CE.NFO,2024-02-12,11:24:00,2024-02-13,0.45,0.45,0.45,0.45,0,159440,0
FINNIFTY13FEB2421250CE.NFO,2024-02-12,11:25:00,2024-02-13,0.45,0.45,0.4,0.4,720,159480,0
FINNIFTY13FEB2421250CE.NFO,2024-02-12,11:26:00,2024-02-13,0.4,0.45,0.4,0.45,440,159480,0
FINNIFTY13FEB2421250CE.NFO,2024-02-12,11:27:00,2024-02-13,0.4,0.4,0.4,0.4,1000,159480,0
FINNIFTY13FEB2421250CE.NFO,2024-02-12,11:28:00,2024-02-13,0.4,0.4,0.35,0.35,1640,159960,0
FINNIFTY13FEB2421250CE.NFO,2024-02-12,11:29:00,2024-02-13,0.35,0.4,0.35,0.4,440,159960,0
FINNIFTY13FEB2421250CE.NFO,2024-02-12,11:30:00,2024-02-13,0.4,0.4,0.4,0.4,160,159960,0
FINNIFTY13FEB2421250CE.NFO,2024-02-12,11:31:00,2024-02-13,0.4,0.4,0.4,0.4,0,159960,0
FINNIFTY13FEB2421250CE.NFO,2024-02-12,11:32:00,2024-02-13,0.4,0.4,0.4,0.4,0,159960,0
FINNIFTY13FEB2421250CE.NFO,2024-02-12,11:33:00,2024-02-13,0.4,0.4,0.35,0.4,680,159680,0
FINNIFTY13FEB2421250CE.NFO,2024-02-12,11:34:00,2024-02-13,0.4,0.4,0.4,0.4,2320,159680,0
FINNIFTY13FEB2421250CE.NFO,2024-02-12,11:35:00,2024-02-13,0.4,0.4,0.4,0.4,0,159680,0
FINNIFTY13FEB2421250CE.NFO,2024-02-12,11:36:00,2024-02-13,0.4,0.4,0.4,0.4,440,159680,0
FINNIFTY13FEB2421250CE.NFO,2024-02-12,11:37:00,2024-02-13,0.4,0.4,0.4,0.4,440,159680,1
FINNIFTY13FEB2421250CE.NFO,2024-02-12,11:38:00,2024-02-13,0.4,0.4,0.4,0.4,0,159680,0
FINNIFTY13FEB2421250CE.NFO,2024-02-12,11:39:00,2024-02-13,0.35,0.35,0.35,0.35,480,159400,0
FINNIFTY13FEB2421250CE.NFO,2024-02-12,11:40:00,2024-02-13,0.35,0.35,0.35,0.35,160,159400,0
FINNIFTY13FEB2421250CE.NFO,2024-02-12,11:41:00,2024-02-13,0.35,0.35,0.35,0.35,40,159400,0
FINNIFTY13FEB2421250CE.NFO,2024-02-12,11:42:00,2024-02-13,0.35,0.35,0.35,0.35,2240,159400,0
FINNIFTY13FEB2421250CE.NFO,2024-02-12,11:43:00,2024-02-13,0.35,0.4,0.35,0.4,800,159400,0
FINNIFTY13FEB2421250CE.NFO,2024-02-12,11:44:00,2024-02-13,0.4,0.4,0.4,0.4,40,159400,0
FINNIFTY13FEB2421250CE.NFO,2024-02-12,11:45:00,2024-02-13,0.4,0.4,0.4,0.4,5320,159400,0
FINNIFTY13FEB2421250CE.NFO,2024-02-12,11:46:00,2024-02-13,0.4,0.4,0.4,0.4,0,159400,0
FINNIFTY13FEB2421250CE.NFO,2024-02-12,11:47:00,2024-02-13,0.4,0.4,0.4,0.4,400,161920,0
FINNIFTY13FEB2421250CE.NFO,2024-02-12,11:48:00,2024-02-13,0.4,0.4,0.4,0.4,0,161920,0
FINNIFTY13FEB2421250CE.NFO,2024-02-12,11:49:00,2024-02-13,0.4,0.4,0.4,0.4,10440,161760,0
FINNIFTY13FEB2421250CE.NFO,2024-02-12,11:50:00,2024-02-13,0.45,0.45,0.45,0.45,1120,161760,0
FINNIFTY13FEB2421250CE.NFO,2024-02-12,11:51:00,2024-02-13,0.45,0.45,0.45,0.45,0,161760,0
FINNIFTY13FEB2421250CE.NFO,2024-02-12,11:52:00,2024-02-13,0.45,0.45,0.45,0.45,0,161760,0
FINNIFTY13FEB2421250CE.NFO,2024-02-12,11:53:00,2024-02-13,0.45,0.45,0.45,0.45,400,155560,0
FINNIFTY13FEB2421250CE.NFO,2024-02-12,11:54:00,2024-02-13,0.45,0.45,0.45,0.45,80,155560,0
FINNIFTY13FEB2421250CE.NFO,2024-02-12,11:55:00,2024-02-13,0.45,0.45,0.45,0.45,0,155560,0
FINNIFTY13FEB2421250CE.NFO,2024-02-12,11:56:00,2024-02-13,0.45,0.45,0.45,0.45,680,155160,0
FINNIFTY13FEB2421250CE.NFO,2024-02-12,11:57:00,2024-02-13,0.45,0.5,0.4,0.45,8440,153600,0
FINNIFTY13FEB2421250CE.NFO,2024-02-12,11:58:00,2024-02-13,0.45,0.45,0.45,0.45,2200,153600,0
FINNIFTY13FEB2421250CE.NFO,2024-02-12,11:59:00,2024-02-13,0.45,0.45,0.4,0.45,3440,153600,0
FINNIFTY13FEB2421250CE.NFO,2024-02-12,12:00:00,2024-02-13,0.45,0.5,0.45,0.45,3920,153600,0
FINNIFTY13FEB2421250CE.NFO,2024-02-12,12:01:00,2024-02-13,0.45,0.45,0.45,0.45,0,153600,0
FINNIFTY13FEB2421250CE.NFO,2024-02-12,12:02:00,2024-02-13,0.5,0.5,0.5,0.5,400,152800,0
FINNIFTY13FEB2421250CE.NFO,2024-02-12,12:03:00,2024-02-13,0.5,0.5,0.45,0.5,3560,155040,0
FINNIFTY13FEB2421250CE.NFO,2024-02-12,12:04:00,2024-02-13,0.5,0.55,0.5,0.5,6960,155040,0
FINNIFTY13FEB2421250CE.NFO,2024-02-12,12:05:00,2024-02-13,0.5,0.5,0.5,0.5,8160,155040,0
FINNIFTY13FEB2421250CE.NFO,2024-02-12,12:06:00,2024-02-13,0.5,0.5,0.45,0.45,9600,159560,0
FINNIFTY13FEB2421250CE.NFO,2024-02-12,12:07:00,2024-02-13,0.45,0.5,0.45,0.45,680,159560,0
FINNIFTY13FEB2421250CE.NFO,2024-02-12,12:08:00,2024-02-13,0.5,0.5,0.45,0.45,640,159560,0
FINNIFTY13FEB2421250CE.NFO,2024-02-12,12:09:00,2024-02-13,0.45,0.45,0.45,0.45,760,159560,0
FINNIFTY13FEB2421250CE.NFO,2024-02-12,12:10:00,2024-02-13,0.5,0.5,0.45,0.45,1720,159520,0
FINNIFTY13FEB2421250CE.NFO,2024-02-12,12:11:00,2024-02-13,0.45,0.45,0.45,0.45,320,159520,0
FINNIFTY13FEB2421250CE.NFO,2024-02-12,12:12:00,2024-02-13,0.45,0.5,0.45,0.45,520,159520,0
FINNIFTY13FEB2421250CE.NFO,2024-02-12,12:13:00,2024-02-13,0.45,0.45,0.45,0.45,280,159440,0
FINNIFTY13FEB2421250CE.NFO,2024-02-12,12:14:00,2024-02-13,0.45,0.45,0.45,0.45,0,159440,0
FINNIFTY13FEB2421250CE.NFO,2024-02-12,12:15:00,2024-02-13,0.45,0.45,0.45,0.45,0,159440,0
FINNIFTY13FEB2421250CE.NFO,2024-02-12,12:16:00,2024-02-13,0.45,0.45,0.45,0.45,0,159440,0
FINNIFTY13FEB2421250CE.NFO,2024-02-12,12:17:00,2024-02-13,0.45,0.45,0.45,0.45,0,159440,0
FINNIFTY13FEB2421250CE.NFO,2024-02-12,12:18:00,2024-02-13,0.45,0.5,0.45,0.5,560,159440,0
FINNIFTY13FEB2421250CE.NFO,2024-02-12,12:19:00,2024-02-13,0.5,0.5,0.5,0.5,0,159440,0
FINNIFTY13FEB2421250CE.NFO,2024-02-12,12:20:00,2024-02-13,0.5,0.5,0.5,0.5,0,159440,0
FINNIFTY13FEB2421250CE.NFO,2024-02-12,12:21:00,2024-02-13,0.45,0.45,0.45,0.45,8840,159440,0
FINNIFTY13FEB2421250CE.NFO,2024-02-12,12:22:00,2024-02-13,0.45,0.45,0.45,0.45,3360,155280,0
FINNIFTY13FEB2421250CE.NFO,2024-02-12,12:23:00,2024-02-13,0.45,0.45,0.45,0.45,1720,155280,0
FINNIFTY13FEB2421250CE.NFO,2024-02-12,12:24:00,2024-02-13,0.45,0.45,0.45,0.45,2040,155280,0
FINNIFTY13FEB2421250CE.NFO,2024-02-12,12:25:00,2024-02-13,0.5,0.5,0.5,0.5,6280,155480,0
FINNIFTY13FEB2421250CE.NFO,2024-02-12,12:26:00,2024-02-13,0.5,0.5,0.5,0.5,2520,155480,0
FINNIFTY13FEB2421250CE.NFO,2024-02-12,12:27:00,2024-02-13,0.5,0.5,0.5,0.5,280,155480,0
FINNIFTY13FEB2421250CE.NFO,2024-02-12,12:28:00,2024-02-13,0.5,0.5,0.45,0.5,3200,156680,0
FINNIFTY13FEB2421250CE.NFO,2024-02-12,12:29:00,2024-02-13,0.5,0.5,0.5,0.5,0,156680,0
FINNIFTY13FEB2421250CE.NFO,2024-02-12,12:30:00,2024-02-13,0.5,0.5,0.5,0.5,40,156680,0
FINNIFTY13FEB2421250CE.NFO,2024-02-12,12:31:00,2024-02-13,0.5,0.5,0.45,0.45,680,158080,0
FINNIFTY13FEB2421250CE.NFO,2024-02-12,12:32:00,2024-02-13,0.45,0.45,0.45,0.45,4880,158080,0
FINNIFTY13FEB2421250CE.NFO,2024-02-12,12:33:00,2024-02-13,0.45,0.45,0.45,0.45,200,158080,0
FINNIFTY13FEB2421250CE.NFO,2024-02-12,12:34:00,2024-02-13,0.45,0.45,0.45,0.45,0,158080,0
FINNIFTY13FEB2421250CE.NFO,2024-02-12,12:35:00,2024-02-13,0.45,0.45,0.45,0.45,0,158080,0
FINNIFTY13FEB2421250CE.NFO,2024-02-12,12:36:00,2024-02-13,0.45,0.45,0.45,0.45,0,158080,0
FINNIFTY13FEB2421250CE.NFO,2024-02-12,12:37:00,2024-02-13,0.45,0.45,0.45,0.45,0,158080,0
FINNIFTY13FEB2421250CE.NFO,2024-02-12,12:38:00,2024-02-13,0.45,0.45,0.45,0.45,0,158080,1
FINNIFTY13FEB2421250CE.NFO,2024-02-12,12:39:00,2024-02-13,0.45,0.5,0.45,0.5,3120,155360,0
FINNIFTY13FEB2421250CE.NFO,2024-02-12,12:40:00,2024-02-13,0.5,0.5,0.5,0.5,80,155760,0
FINNIFTY13FEB2421250CE.NFO,2024-02-12,12:41:00,2024-02-13,0.5,0.5,0.5,0.5,200,155760,0
FINNIFTY13FEB2421250CE.NFO,2024-02-12,12:42:00,2024-02-13,0.5,0.5,0.5,0.5,160,155760,0
FINNIFTY13FEB2421250CE.NFO,2024-02-12,12:43:00,2024-02-13,0.5,0.55,0.5,0.55,2120,155760,0
FINNIFTY13FEB2421250CE.NFO,2024-02-12,12:44:00,2024-02-13,0.55,0.55,0.5,0.5,3320,155760,0
FINNIFTY13FEB2421250CE.NFO,2024-02-12,12:45:00,2024-02-13,0.5,0.5,0.5,0.5,1720,155760,0
FINNIFTY13FEB2421250CE.NFO,2024-02-12,12:46:00,2024-02-13,0.5,0.55,0.5,0.5,1600,156680,0
FINNIFTY13FEB2421250CE.NFO,2024-02-12,12:47:00,2024-02-13,0.5,0.5,0.5,0.5,360,156680,0
FINNIFTY13FEB2421250CE.NFO,2024-02-12,12:48:00,2024-02-13,0.5,0.5,0.5,0.5,1520,156320,0
FINNIFTY13FEB2421250CE.NFO,2024-02-12,12:49:00,2024-02-13,0.5,0.55,0.5,0.5,1200,156320,0
FINNIFTY13FEB2421250CE.NFO,2024-02-12,12:50:00,2024-02-13,0.5,0.5,0.5,0.5,440,156320,0
FINNIFTY13FEB2421250CE.NFO,2024-02-12,12:51:00,2024-02-13,0.5,0.5,0.5,0.5,0,156320,0
FINNIFTY13FEB2421250CE.NFO,2024-02-12,12:52:00,2024-02-13,0.5,0.5,0.5,0.5,0,156320,0
FINNIFTY13FEB2421250CE.NFO,2024-02-12,12:53:00,2024-02-13,0.5,0.55,0.5,0.55,120,157080,0
FINNIFTY13FEB2421250CE.NFO,2024-02-12,12:54:00,2024-02-13,0.55,0.55,0.55,0.55,0,157080,0
FINNIFTY13FEB2421250CE.NFO,2024-02-12,12:55:00,2024-02-13,0.55,0.55,0.5,0.55,5520,157000,0
FINNIFTY13FEB2421250CE.NFO,2024-02-12,12:56:00,2024-02-13,0.55,0.55,0.5,0.55,1960,157000,0
FINNIFTY13FEB2421250CE.NFO,2024-02-12,12:57:00,2024-02-13,0.55,0.55,0.55,0.55,0,157000,0
FINNIFTY13FEB2421250CE.NFO,2024-02-12,12:58:00,2024-02-13,0.55,0.55,0.55,0.55,120,155280,0
FINNIFTY13FEB2421250CE.NFO,2024-02-12,12:59:00,2024-02-13,0.55,0.55,0.5,0.5,1800,155280,0
FINNIFTY13FEB2421250CE.NFO,2024-02-12,13:00:00,2024-02-13,0.5,0.55,0.5,0.55,15000,155280,0
FINNIFTY13FEB2421250CE.NFO,2024-02-12,13:01:00,2024-02-13,0.55,0.55,0.5,0.55,2240,154160,0
FINNIFTY13FEB2421250CE.NFO,2024-02-12,13:02:00,2024-02-13,0.5,0.55,0.5,0.55,6440,154160,0
FINNIFTY13FEB2421250CE.NFO,2024-02-12,13:03:00,2024-02-13,0.55,0.55,0.5,0.5,7440,154160,0
FINNIFTY13FEB2421250CE.NFO,2024-02-12,13:04:00,2024-02-13,0.5,0.55,0.5,0.55,6560,156040,0
FINNIFTY13FEB2421250CE.NFO,2024-02-12,13:05:00,2024-02-13,0.55,0.55,0.5,0.55,8160,156040,0
FINNIFTY13FEB2421250CE.NFO,2024-02-12,13:06:00,2024-02-13,0.55,0.55,0.55,0.55,680,156040,0
FINNIFTY13FEB2421250CE.NFO,2024-02-12,13:07:00,2024-02-13,0.55,0.55,0.5,0.5,4640,160200,0
FINNIFTY13FEB2421250CE.NFO,2024-02-12,13:08:00,2024-02-13,0.5,0.5,0.45,0.5,9320,160200,0
FINNIFTY13FEB2421250CE.NFO,2024-02-12,13:09:00,2024-02-13,0.5,0.5,0.45,0.5,17160,160200,0
FINNIFTY13FEB2421250CE.NFO,2024-02-12,13:10:00,2024-02-13,0.5,0.55,0.5,0.5,9120,154640,0
FINNIFTY13FEB2421250CE.NFO,2024-02-12,13:11:00,2024-02-13,0.5,0.5,0.45,0.5,21040,154640,0
FINNIFTY13FEB2421250CE.NFO,2024-02-12,13:12:00,2024-02-13,0.5,0.55,0.45,0.45,9560,154640,0
FINNIFTY13FEB2421250CE.NFO,2024-02-12,13:13:00,2024-02-13,0.45,0.5,0.45,0.5,240,139880,0
FINNIFTY13FEB2421250CE.NFO,2024-02-12,13:14:00,2024-02-13,0.5,0.5,0.5,0.5,9080,139880,0
FINNIFTY13FEB2421250CE.NFO,2024-02-12,13:15:00,2024-02-13,0.5,0.55,0.5,0.55,40,139880,0
FINNIFTY13FEB2421250CE.NFO,2024-02-12,13:16:00,2024-02-13,0.55,0.55,0.55,0.55,3600,135640,0
FINNIFTY13FEB2421250CE.NFO,2024-02-12,13:17:00,2024-02-13,0.55,0.55,0.5,0.55,400,135640,0
FINNIFTY13FEB2421250CE.NFO,2024-02-12,13:18:00,2024-02-13,0.55,0.55,0.55,0.55,640,135640,0
FINNIFTY13FEB2421250CE.NFO,2024-02-12,13:19:00,2024-02-13,0.55,0.55,0.55,0.55,600,137760,0
FINNIFTY13FEB2421250CE.NFO,2024-02-12,13:20:00,2024-02-13,0.55,0.55,0.55,0.55,160,137760,0
FINNIFTY13FEB2421250CE.NFO,2024-02-12,13:21:00,2024-02-13,0.55,0.55,0.55,0.55,0,137760,0
FINNIFTY13FEB2421250CE.NFO,2024-02-12,13:22:00,2024-02-13,0.55,0.55,0.55,0.55,0,137760,1
FINNIFTY13FEB2421250CE.NFO,2024-02-12,13:23:00,2024-02-13,0.55,0.55,0.55,0.55,5400,138360,0
FINNIFTY13FEB2421250CE.NFO,2024-02-12,13:24:00,2024-02-13,0.55,0.55,0.55,0.55,0,138360,0
FINNIFTY13FEB2421250CE.NFO,2024-02-12,13:25:00,2024-02-13,0.55,0.55,0.55,0.55,0,138360,0
FINNIFTY13FEB2421250CE.NFO,2024-02-12,13:26:00,2024-02-13,0.55,0.55,0.5,0.5,2320,133880,0
FINNIFTY13FEB2421250CE.NFO,2024-02-12,13:27:00,2024-02-13,0.5,0.5,0.5,0.5,400,133880,0
FINNIFTY13FEB2421250CE.NFO,2024-02-12,13:28:00,2024-02-13,0.5,0.5,0.5,0.5,0,133880,0
FINNIFTY13FEB2421250CE.NFO,2024-02-12,13:29:00,2024-02-13,0.5,0.5,0.5,0.5,0,133880,0
FINNIFTY13FEB2421250CE.NFO,2024-02-12,13:30:00,2024-02-13,0.5,0.5,0.5,0.5,0,133880,0
FINNIFTY13FEB2421250CE.NFO,2024-02-12,13:31:00,2024-02-13,0.5,0.5,0.5,0.5,80,131160,0
FINNIFTY13FEB2421250CE.NFO,2024-02-12,13:32:00,2024-02-13,0.5,0.5,0.5,0.5,920,131160,0
FINNIFTY13FEB2421250CE.NFO,2024-02-12,13:33:00,2024-02-13,0.5,0.55,0.5,0.5,4680,131160,0
FINNIFTY13FEB2421250CE.NFO,2024-02-12,13:34:00,2024-02-13,0.5,0.55,0.5,0.5,4480,132080,0
FINNIFTY13FEB2421250CE.NFO,2024-02-12,13:35:00,2024-02-13,0.5,0.5,0.5,0.5,240,132080,0
FINNIFTY13FEB2421250CE.NFO,2024-02-12,13:36:00,2024-02-13,0.5,0.55,0.5,0.5,800,132080,0
FINNIFTY13FEB2421250CE.NFO,2024-02-12,13:37:00,2024-02-13,0.5,0.5,0.5,0.5,1160,131800,0
FINNIFTY13FEB2421250CE.NFO,2024-02-12,13:38:00,2024-02-13,0.55,0.55,0.5,0.5,920,131800,0
FINNIFTY13FEB2421250CE.NFO,2024-02-12,13:39:00,2024-02-13,0.5,0.5,0.5,0.5,440,131800,0
FINNIFTY13FEB2421250CE.NFO,2024-02-12,13:40:00,2024-02-13,0.5,0.5,0.5,0.5,680,130800,0
FINNIFTY13FEB2421250CE.NFO,2024-02-12,13:41:00,2024-02-13,0.5,0.5,0.5,0.5,3560,130800,0
FINNIFTY13FEB2421250CE.NFO,2024-02-12,13:42:00,2024-02-13,0.5,0.5,0.5,0.5,3800,130800,0
FINNIFTY13FEB2421250CE.NFO,2024-02-12,13:43:00,2024-02-13,0.5,0.5,0.5,0.5,0,130800,0
FINNIFTY13FEB2421250CE.NFO,2024-02-12,13:44:00,2024-02-13,0.5,0.5,0.5,0.5,80,132520,0
FINNIFTY13FEB2421250CE.NFO,2024-02-12,13:45:00,2024-02-13,0.5,0.5,0.5,0.5,200,132520,0
FINNIFTY13FEB2421250CE.NFO,2024-02-12,13:46:00,2024-02-13,0.5,0.5,0.5,0.5,360,132520,0
FINNIFTY13FEB2421250CE.NFO,2024-02-12,13:47:00,2024-02-13,0.5,0.5,0.5,0.5,200,132520,0
FINNIFTY13FEB2421250CE.NFO,2024-02-12,13:48:00,2024-02-13,0.5,0.5,0.5,0.5,640,132520,0
FINNIFTY13FEB2421250CE.NFO,2024-02-12,13:49:00,2024-02-13,0.5,0.5,0.5,0.5,640,132520,1
FINNIFTY13FEB2421250CE.NFO,2024-02-12,13:50:00,2024-02-13,0.5,0.5,0.5,0.5,640,132520,1
FINNIFTY13FEB2421250CE.NFO,2024-02-12,13:51:00,2024-02-13,0.5,0.5,0.5,0.5,0,132520,0
FINNIFTY13FEB2421250CE.NFO,2024-02-12,13:52:00,2024-02-13,0.45,0.5,0.45,0.5,2000,132520,0
FINNIFTY13FEB2421250CE.NFO,2024-02-12,13:53:00,2024-02-13,0.5,0.5,0.45,0.5,12360,132520,0
FINNIFTY13FEB2421250CE.NFO,2024-02-12,13:54:00,2024-02-13,0.55,0.55,0.55,0.55,29200,132520,0
FINNIFTY13FEB2421250CE.NFO,2024-02-12,13:55:00,2024-02-13,0.55,0.6,0.55,0.6,2800,135800,0
FINNIFTY13FEB2421250CE.NFO,2024-02-12,13:56:00,2024-02-13,0.6,0.6,0.55,0.6,8160,135800,0
FINNIFTY13FEB2421250CE.NFO,2024-02-12,13:57:00,2024-02-13,0.6,0.65,0.6,0.65,5600,135800,0
FINNIFTY13FEB2421250CE.NFO,2024-02-12,13:58:00,2024-02-13,0.65,0.7,0.65,0.7,40840,146000,0
FINNIFTY13FEB2421250CE.NFO,2024-02-12,13:59:00,2024-02-13,0.7,0.7,0.65,0.65,3680,146000,0
FINNIFTY13FEB2421250CE.NFO,2024-02-12,14:00:00,2024-02-13,0.65,0.65,0.65,0.65,0,146000,0
FINNIFTY13FEB2421250CE.NFO,2024-02-12,14:01:00,2024-02-13,0.65,0.65,0.6,0.65,7680,146960,0
FINNIFTY13FEB2421250CE.NFO,2024-02-12,14:02:00,2024-02-13,0.65,0.65,0.6,0.6,1920,146960,0
FINNIFTY13FEB2421250CE.NFO,2024-02-12,14:03:00,2024-02-13,0.6,0.6,0.6,0.6,0,146960,0
FINNIFTY13FEB2421250CE.NFO,2024-02-12,14:04:00,2024-02-13,0.6,0.65,0.6,0.65,10920,148280,0
FINNIFTY13FEB2421250CE.NFO,2024-02-12,14:05:00,2024-02-13,0.65,0.7,0.65,0.7,3600,148280,0
FINNIFTY13FEB2421250CE.NFO,2024-02-12,14:06:00,2024-02-13,0.7,0.7,0.7,0.7,5960,148280,0
FINNIFTY13FEB2421250CE.NFO,2024-02-12,14:07:00,2024-02-13,0.7,0.7,0.65,0.65,2280,147280,0
FINNIFTY13FEB2421250CE.NFO,2024-02-12,14:08:00,2024-02-13,0.65,0.65,0.65,0.65,800,147280,0
FINNIFTY13FEB2421250CE.NFO,2024-02-12,14:09:00,2024-02-13,0.65,0.65,0.6,0.6,240,147280,0
FINNIFTY13FEB2421250CE.NFO,2024-02-12,14:10:00,2024-02-13,0.6,0.6,0.6,0.6,440,147960,0
FINNIFTY13FEB2421250CE.NFO,2024-02-12,14:11:00,2024-02-13,0.6,0.65,0.6,0.65,2120,147960,0
FINNIFTY13FEB2421250CE.NFO,2024-02-12,14:12:00,2024-02-13,0.65,0.65,0.6,0.6,600,147960,0
FINNIFTY13FEB2421250CE.NFO,2024-02-12,14:13:00,2024-02-13,0.6,0.6,0.6,0.6,200,147960,0
FINNIFTY13FEB2421250CE.NFO,2024-02-12,14:14:00,2024-02-13,0.6,0.65,0.6,0.65,2880,147040,0
FINNIFTY13FEB2421250CE.NFO,2024-02-12,14:15:00,2024-02-13,0.6,0.65,0.6,0.65,5960,147040,0
FINNIFTY13FEB2421250CE.NFO,2024-02-12,14:16:00,2024-02-13,0.65,0.65,0.6,0.6,3040,145840,0
FINNIFTY13FEB2421250CE.NFO,2024-02-12,14:17:00,2024-02-13,0.6,0.6,0.55,0.55,3160,145840,0
FINNIFTY13FEB2421250CE.NFO,2024-02-12,14:18:00,2024-02-13,0.55,0.55,0.5,0.55,3280,145840,0
FINNIFTY13FEB2421250CE.NFO,2024-02-12,14:19:00,2024-02-13,0.55,0.55,0.55,0.55,0,145840,0
FINNIFTY13FEB2421250CE.NFO,2024-02-12,14:20:00,2024-02-13,0.5,0.5,0.5,0.5,1040,145240,0
FINNIFTY13FEB2421250CE.NFO,2024-02-12,14:21:00,2024-02-13,0.5,0.5,0.5,0.5,0,145240,0
FINNIFTY13FEB2421250CE.NFO,2024-02-12,14:22:00,2024-02-13,0.5,0.5,0.5,0.5,18520,145800,0
FINNIFTY13FEB2421250CE.NFO,2024-02-12,14:23:00,2024-02-13,0.5,0.5,0.5,0.5,1640,145800,0
FINNIFTY13FEB2421250CE.NFO,2024-02-12,14:24:00,2024-02-13,0.5,0.55,0.5,0.55,280,145800,0
FINNIFTY13FEB2421250CE.NFO,2024-02-12,14:25:00,2024-02-13,0.55,0.55,0.5,0.5,160,144160,0
FINNIFTY13FEB2421250CE.NFO,2024-02-12,14:26:00,2024-02-13,0.5,0.6,0.5,0.55,5920,144160,0
FINNIFTY13FEB2421250CE.NFO,2024-02-12,14:27:00,2024-02-13,0.55,0.6,0.55,0.55,520,144160,0
FINNIFTY13FEB2421250CE.NFO,2024-02-12,14:28:00,2024-02-13,0.55,0.6,0.55,0.6,160,145000,0
FINNIFTY13FEB2421250CE.NFO,2024-02-12,14:29:00,2024-02-13,0.6,0.6,0.5,0.55,3360,145000,0
FINNIFTY13FEB2421250CE.NFO,2024-02-12,14:30:00,2024-02-13,0.5,0.55,0.5,0.5,2120,145000,0
FINNIFTY13FEB2421250CE.NFO,2024-02-12,14:31:00,2024-02-13,0.55,0.55,0.5,0.5,520,143320,0
FINNIFTY13FEB2421250CE.NFO,2024-02-12,14:32:00,2024-02-13,0.55,0.55,0.5,0.55,4240,143320,0
FINNIFTY13FEB2421250CE.NFO,2024-02-12,14:33:00,2024-02-13,0.55,0.55,0.5,0.5,12960,143320,0
FINNIFTY13FEB2421250CE.NFO,2024-02-12,14:34:00,2024-02-13,0.5,0.5,0.5,0.5,0,143320,0
FINNIFTY13FEB2421250CE.NFO,2024-02-12,14:35:00,2024-02-13,0.5,0.5,0.5,0.5,0,143320,0
FINNIFTY13FEB2421250CE.NFO,2024-02-12,14:36:00,2024-02-13,0.5,0.5,0.5,0.5,0,143320,0
FINNIFTY13FEB2421250CE.NFO,2024-02-12,14:37:00,2024-02-13,0.55,0.55,0.5,0.5,80,144720,0
FINNIFTY13FEB2421250CE.NFO,2024-02-12,14:38:00,2024-02-13,0.5,0.55,0.5,0.55,1040,144720,0
FINNIFTY13FEB2421250CE.NFO,2024-02-12,14:39:00,2024-02-13,0.55,0.55,0.55,0.55,80,144720,0
FINNIFTY13FEB2421250CE.NFO,2024-02-12,14:40:00,2024-02-13,0.55,0.6,0.55,0.6,4720,144720,0
FINNIFTY13FEB2421250CE.NFO,2024-02-12,14:41:00,2024-02-13,0.6,0.6,0.55,0.55,120,144720,0
FINNIFTY13FEB2421250CE.NFO,2024-02-12,14:42:00,2024-02-13,0.55,0.55,0.55,0.55,3440,144720,0
FINNIFTY13FEB2421250CE.NFO,2024-02-12,14:43:00,2024-02-13,0.55,0.6,0.55,0.6,880,139000,0
FINNIFTY13FEB2421250CE.NFO,2024-02-12,14:44:00,2024-02-13,0.6,0.6,0.6,0.6,480,139000,0
FINNIFTY13FEB2421250CE.NFO,2024-02-12,14:45:00,2024-02-13,0.6,0.6,0.6,0.6,0,139000,0
FINNIFTY13FEB2421250CE.NFO,2024-02-12,14:46:00,2024-02-13,0.6,0.6,0.6,0.6,240,139000,0
FINNIFTY13FEB2421250CE.NFO,2024-02-12,14:47:00,2024-02-13,0.6,0.6,0.5,0.5,5520,139000,0
FINNIFTY13FEB2421250CE.NFO,2024-02-12,14:48:00,2024-02-13,0.5,0.55,0.5,0.5,1880,139000,0
FINNIFTY13FEB2421250CE.NFO,2024-02-12,14:49:00,2024-02-13,0.5,0.55,0.5,0.55,200,140880,0
FINNIFTY13FEB2421250CE.NFO,2024-02-12,14:50:00,2024-02-13,0.5,0.55,0.5,0.5,11760,140880,0
FINNIFTY13FEB2421250CE.NFO,2024-02-12,14:51:00,2024-02-13,0.5,0.5,0.45,0.45,480,140880,0
FINNIFTY13FEB2421250CE.NFO,2024-02-12,14:52:00,2024-02-13,0.45,0.6,0.45,0.6,7400,132440,0
FINNIFTY13FEB2421250CE.NFO,2024-02-12,14:53:00,2024-02-13,0.6,0.6,0.6,0.6,0,132440,0
FINNIFTY13FEB2421250CE.NFO,2024-02-12,14:54:00,2024-02-13,0.6,0.6,0.6,0.6,0,132440,0
FINNIFTY13FEB2421250CE.NFO,2024-02-12,14:55:00,2024-02-13,0.6,0.6,0.55,0.55,1400,133240,0
FINNIFTY13FEB2421250CE.NFO,2024-02-12,14:56:00,2024-02-13,0.55,0.55,0.55,0.55,760,133240,0
FINNIFTY13FEB2421250CE.NFO,2024-02-12,14:57:00,2024-02-13,0.6,0.6,0.55,0.55,1440,133240,0
FINNIFTY13FEB2421250CE.NFO,2024-02-12,14:58:00,2024-02-13,0.55,0.6,0.5,0.5,10560,132000,0
FINNIFTY13FEB2421250CE.NFO,2024-02-12,14:59:00,2024-02-13,0.5,0.5,0.45,0.45,7520,132000,0
FINNIFTY13FEB2421250CE.NFO,2024-02-12,15:00:00,2024-02-13,0.45,0.5,0.45,0.45,1280,132000,0
FINNIFTY13FEB2421250CE.NFO,2024-02-12,15:01:00,2024-02-13,0.45,0.55,0.45,0.55,22120,122720,0
FINNIFTY13FEB2421250CE.NFO,2024-02-12,15:02:00,2024-02-13,0.55,0.55,0.5,0.5,12520,122720,0
FINNIFTY13FEB2421250CE.NFO,2024-02-12,15:03:00,2024-02-13,0.5,0.55,0.45,0.45,15000,122720,0
FINNIFTY13FEB2421250CE.NFO,2024-02-12,15:04:00,2024-02-13,0.45,0.45,0.4,0.45,20320,117480,0
FINNIFTY13FEB2421250CE.NFO,2024-02-12,15:05:00,2024-02-13,0.45,0.45,0.4,0.4,30080,117480,0
FINNIFTY13FEB2421250CE.NFO,2024-02-12,15:06:00,2024-02-13,0.45,0.45,0.45,0.45,4720,117480,0
FINNIFTY13FEB2421250CE.NFO,2024-02-12,15:07:00,2024-02-13,0.45,0.5,0.45,0.45,3040,109680,0
FINNIFTY13FEB2421250CE.NFO,2024-02-12,15:08:00,2024-02-13,0.45,0.45,0.4,0.4,11880,109680,0
FINNIFTY13FEB2421250CE.NFO,2024-02-12,15:09:00,2024-02-13,0.45,0.45,0.45,0.45,7240,109680,0
FINNIFTY13FEB2421250CE.NFO,2024-02-12,15:10:00,2024-02-13,0.45,0.45,0.4,0.45,10240,110240,0
FINNIFTY13FEB2421250CE.NFO,2024-02-12,15:11:00,2024-02-13,0.45,0.5,0.45,0.45,1440,110240,0
FINNIFTY13FEB2421250CE.NFO,2024-02-12,15:12:00,2024-02-13,0.45,0.5,0.45,0.5,360,110240,0
FINNIFTY13FEB2421250CE.NFO,2024-02-12,15:13:00,2024-02-13,0.5,0.5,0.45,0.5,3640,110080,0
FINNIFTY13FEB2421250CE.NFO,2024-02-12,15:14:00,2024-02-13,0.5,0.5,0.5,0.5,2520,110080,0
FINNIFTY13FEB2421250CE.NFO,2024-02-12,15:15:00,2024-02-13,0.5,0.55,0.45,0.45,67520,110080,0
FINNIFTY13FEB2421250CE.NFO,2024-02-12,15:16:00,2024-02-13,0.45,0.6,0.45,0.6,13720,93840,0
FINNIFTY13FEB2421250CE.NFO,2024-02-12,15:17:00,2024-02-13,0.6,0.6,0.55,0.55,12080,93840,0
FINNIFTY13FEB2421250CE.NFO,2024-02-12,15:18:00,2024-02-13,0.55,0.75,0.55,0.75,44880,93840,0
FINNIFTY13FEB2421250CE.NFO,2024-02-12,15:19:00,2024-02-13,0.75,0.8,0.7,0.75,28960,94680,0
FINNIFTY13FEB2421250CE.NFO,2024-02-12,15:20:00,2024-02-13,0.75,0.75,0.6,0.75,12480,94680,0
FINNIFTY13FEB2421250CE.NFO,2024-02-12,15:21:00,2024-02-13,0.75,0.8,0.7,0.75,21840,94680,0
FINNIFTY13FEB2421250CE.NFO,2024-02-12,15:22:00,2024-02-13,0.75,0.8,0.7,0.75,6960,76440,0
FINNIFTY13FEB2421250CE.NFO,2024-02-12,15:23:00,2024-02-13,0.75,0.8,0.75,0.8,13800,76440,0
FINNIFTY13FEB2421250CE.NFO,2024-02-12,15:24:00,2024-02-13,0.8,0.8,0.7,0.8,6760,76440,0
FINNIFTY13FEB2421250CE.NFO,2024-02-12,15:25:00,2024-02-13,0.8,0.8,0.75,0.75,1920,83480,0
FINNIFTY13FEB2421250CE.NFO,2024-02-12,15:26:00,2024-02-13,0.75,0.9,0.65,0.8,23960,83480,0
FINNIFTY13FEB2421250CE.NFO,2024-02-12,15:27:00,2024-02-13,0.8,0.8,0.7,0.8,13160,83480,0
FINNIFTY13FEB2421250CE.NFO,2024-02-12,15:28:00,2024-02-13,0.8,0.95,0.7,0.95,12520,83320,0
FINNIFTY13FEB2421250CE.NFO,2024-02-12,15:29:00,2024-02-13,0.95,1.0,0.45,0.45,7920,83320,0
FINNIFTY13FEB2421250CE.NFO,2024-02-12,15:30:00,2024-02-13,0.45,0.45,0.45,0.45,7920,83320,1
FINNIFTY13FEB2421250CE.NFO,2024-02-13,09:15:00,2024-02-13,0.45,0.7,0.25,0.3,3640,89080,0
FINNIFTY13FEB2421250CE.NFO,2024-02-13,09:16:00,2024-02-13,0.3,0.35,0.3,0.3,14040,89080,0
FINNIFTY13FEB2421250CE.NFO,2024-02-13,09:17:00,2024-02-13,0.3,0.35,0.25,0.25,21760,89080,0
FINNIFTY13FEB2421250CE.NFO,2024-02-13,09:18:00,2024-02-13,0.25,0.3,0.25,0.3,4360,98360,0
FINNIFTY13FEB2421250CE.NFO,2024-02-13,09:19:00,2024-02-13,0.25,0.3,0.25,0.3,2960,98360,0
FINNIFTY13FEB2421250CE.NFO,2024-02-13,09:20:00,2024-02-13,0.3,0.3,0.25,0.25,1080,98360,0
FINNIFTY13FEB2421250CE.NFO,2024-02-13,09:21:00,2024-02-13,0.25,0.3,0.25,0.3,720,96720,0
FINNIFTY13FEB2421250CE.NFO,2024-02-13,09:22:00,2024-02-13,0.3,0.3,0.3,0.3,240,96720,0
FINNIFTY13FEB2421250CE.NFO,2024-02-13,09:23:00,2024-02-13,0.3,0.3,0.25,0.3,360,96720,0
FINNIFTY13FEB2421250CE.NFO,2024-02-13,09:24:00,2024-02-13,0.3,0.3,0.25,0.25,2480,96920,0
FINNIFTY13FEB2421250CE.NFO,2024-02-13,09:25:00,2024-02-13,0.25,0.25,0.25,0.25,2080,96920,0
FINNIFTY13FEB2421250CE.NFO,2024-02-13,09:26:00,2024-02-13,0.25,0.25,0.25,0.25,600,96920,0
FINNIFTY13FEB2421250CE.NFO,2024-02-13,09:27:00,2024-02-13,0.25,0.3,0.25,0.3,6000,96920,0
FINNIFTY13FEB2421250CE.NFO,2024-02-13,09:28:00,2024-02-13,0.3,0.3,0.3,0.3,0,96920,0
FINNIFTY13FEB2421250CE.NFO,2024-02-13,09:29:00,2024-02-13,0.3,0.3,0.25,0.25,1040,101600,0
FINNIFTY13FEB2421250CE.NFO,2024-02-13,09:30:00,2024-02-13,0.25,0.3,0.25,0.3,520,101600,0
FINNIFTY13FEB2421250CE.NFO,2024-02-13,09:31:00,2024-02-13,0.3,0.3,0.25,0.25,1400,101600,0
FINNIFTY13FEB2421250CE.NFO,2024-02-13,09:32:00,2024-02-13,0.25,0.25,0.25,0.25,0,101600,0
FINNIFTY13FEB2421250CE.NFO,2024-02-13,09:33:00,2024-02-13,0.25,0.25,0.25,0.25,560,101600,0
FINNIFTY13FEB2421250CE.NFO,2024-02-13,09:34:00,2024-02-13,0.25,0.3,0.2,0.25,34920,103240,0
FINNIFTY13FEB2421250CE.NFO,2024-02-13,09:35:00,2024-02-13,0.25,0.3,0.25,0.3,25080,103240,0
FINNIFTY13FEB2421250CE.NFO,2024-02-13,09:36:00,2024-02-13,0.3,0.3,0.25,0.3,1080,103240,0
FINNIFTY13FEB2421250CE.NFO,2024-02-13,09:37:00,2024-02-13,0.3,0.3,0.25,0.3,5120,102800,0
FINNIFTY13FEB2421250CE.NFO,2024-02-13,09:38:00,2024-02-13,0.3,0.3,0.25,0.25,80,102800,0
FINNIFTY13FEB2421250CE.NFO,2024-02-13,09:39:00,2024-02-13,0.25,0.3,0.25,0.3,120,102720,0
FINNIFTY13FEB2421250CE.NFO,2024-02-13,09:40:00,2024-02-13,0.3,0.3,0.3,0.3,40,102720,0
FINNIFTY13FEB2421250CE.NFO,2024-02-13,09:41:00,2024-02-13,0.3,0.3,0.25,0.25,560,102720,0
FINNIFTY13FEB2421250CE.NFO,2024-02-13,09:42:00,2024-02-13,0.25,0.25,0.2,0.25,6040,102840,0
FINNIFTY13FEB2421250CE.NFO,2024-02-13,09:43:00,2024-02-13,0.25,0.25,0.25,0.25,1200,102840,0
FINNIFTY13FEB2421250CE.NFO,2024-02-13,09:44:00,2024-02-13,0.25,0.25,0.25,0.25,1440,102840,0
FINNIFTY13FEB2421250CE.NFO,2024-02-13,09:45:00,2024-02-13,0.25,0.25,0.25,0.25,3120,97520,0
FINNIFTY13FEB2421250CE.NFO,2024-02-13,09:46:00,2024-02-13,0.25,0.25,0.2,0.2,37520,97520,0
FINNIFTY13FEB2421250CE.NFO,2024-02-13,09:47:00,2024-02-13,0.2,0.25,0.2,0.2,5480,97520,0
FINNIFTY13FEB2421250CE.NFO,2024-02-13,09:48:00,2024-02-13,0.2,0.2,0.2,0.2,80,97520,0
FINNIFTY13FEB2421250CE.NFO,2024-02-13,09:49:00,2024-02-13,0.2,0.2,0.15,0.2,9600,93280,0
FINNIFTY13FEB2421250CE.NFO,2024-02-13,09:50:00,2024-02-13,0.2,0.2,0.15,0.15,15480,93280,0
FINNIFTY13FEB2421250CE.NFO,2024-02-13,09:51:00,2024-02-13,0.15,0.2,0.15,0.15,1760,89880,0
FINNIFTY13FEB2421250CE.NFO,2024-02-13,09:52:00,2024-02-13,0.15,0.2,0.15,0.15,160,89880,0
FINNIFTY13FEB2421250CE.NFO,2024-02-13,09:53:00,2024-02-13,0.15,0.2,0.15,0.2,640,89880,0
FINNIFTY13FEB2421250CE.NFO,2024-02-13,09:54:00,2024-02-13,0.15,0.15,0.15,0.15,400,89880,0
FINNIFTY13FEB2421250CE.NFO,2024-02-13,09:55:00,2024-02-13,0.2,0.2,0.15,0.2,920,89760,0
FINNIFTY13FEB2421250CE.NFO,2024-02-13,09:56:00,2024-02-13,0.15,0.2,0.15,0.2,3680,89760,0
FINNIFTY13FEB2421250CE.NFO,2024-02-13,09:57:00,2024-02-13,0.2,0.2,0.2,0.2,40,88280,0
FINNIFTY13FEB2421250CE.NFO,2024-02-13,09:58:00,2024-02-13,0.2,0.2,0.15,0.2,4280,88280,0
FINNIFTY13FEB2421250CE.NFO,2024-02-13,09:59:00,2024-02-13,0.2,0.2,0.2,0.2,320,88280,0
FINNIFTY13FEB2421250CE.NFO,2024-02-13,10:00:00,2024-02-13,0.2,0.2,0.2,0.2,0,88280,0
FINNIFTY13FEB2421250CE.NFO,2024-02-13,10:01:00,2024-02-13,0.2,0.2,0.2,0.2,400,88280,0
FINNIFTY13FEB2421250CE.NFO,2024-02-13,10:02:00,2024-02-13,0.2,0.2,0.15,0.2,15800,88280,0
FINNIFTY13FEB2421250CE.NFO,2024-02-13,10:03:00,2024-02-13,0.2,0.2,0.15,0.15,1400,73960,0
FINNIFTY13FEB2421250CE.NFO,2024-02-13,10:04:00,2024-02-13,0.15,0.15,0.15,0.15,240,73960,0
FINNIFTY13FEB2421250CE.NFO,2024-02-13,10:05:00,2024-02-13,0.15,0.15,0.15,0.15,0,73960,0
FINNIFTY13FEB2421250CE.NFO,2024-02-13,10:06:00,2024-02-13,0.15,0.15,0.15,0.15,0,73960,0
FINNIFTY13FEB2421250CE.NFO,2024-02-13,10:07:00,2024-02-13,0.15,0.15,0.15,0.15,0,73960,0
FINNIFTY13FEB2421250CE.NFO,2024-02-13,10:08:00,2024-02-13,0.15,0.15,0.15,0.15,5560,73960,0
FINNIFTY13FEB2421250CE.NFO,2024-02-13,10:09:00,2024-02-13,0.15,0.2,0.15,0.2,18480,78920,0
FINNIFTY13FEB2421250CE.NFO,2024-02-13,10:10:00,2024-02-13,0.2,0.2,0.15,0.15,18440,78920,0
FINNIFTY13FEB2421250CE.NFO,2024-02-13,10:11:00,2024-02-13,0.15,0.2,0.15,0.15,4520,78920,0
FINNIFTY13FEB2421250CE.NFO,2024-02-13,10:12:00,2024-02-13,0.15,0.2,0.15,0.15,1080,74840,0
FINNIFTY13FEB2421250CE.NFO,2024-02-13,10:13:00,2024-02-13,0.15,0.2,0.15,0.2,160,74840,0
FINNIFTY13FEB2421250CE.NFO,2024-02-13,10:14:00,2024-02-13,0.15,0.2,0.15,0.2,520,74840,0
FINNIFTY13FEB2421250CE.NFO,2024-02-13,10:15:00,2024-02-13,0.2,0.2,0.15,0.2,2680,74880,0
FINNIFTY13FEB2421250CE.NFO,2024-02-13,10:16:00,2024-02-13,0.2,0.2,0.15,0.15,1160,74880,0
FINNIFTY13FEB2421250CE.NFO,2024-02-13,10:17:00,2024-02-13,0.15,0.2,0.15,0.15,2920,74880,0
FINNIFTY13FEB2421250CE.NFO,2024-02-13,10:18:00,2024-02-13,0.15,0.2,0.15,0.2,2720,76120,0
FINNIFTY13FEB2421250CE.NFO,2024-02-13,10:19:00,2024-02-13,0.2,0.2,0.15,0.15,1520,76120,0
FINNIFTY13FEB2421250CE.NFO,2024-02-13,10:20:00,2024-02-13,0.15,0.2,0.15,0.15,1800,76120,0
FINNIFTY13FEB2421250CE.NFO,2024-02-13,10:21:00,2024-02-13,0.15,0.2,0.15,0.2,840,77520,0
FINNIFTY13FEB2421250CE.NFO,2024-02-13,10:22:00,2024-02-13,0.2,0.2,0.15,0.15,1080,77520,0
FINNIFTY13FEB2421250CE.NFO,2024-02-13,10:23:00,2024-02-13,0.15,0.15,0.15,0.15,1400,77520,0
FINNIFTY13FEB2421250CE.NFO,2024-02-13,10:24:00,2024-02-13,0.15,0.2,0.15,0.2,880,77920,0
FINNIFTY13FEB2421250CE.NFO,2024-02-13,10:25:00,2024-02-13,0.15,0.2,0.15,0.2,2120,77920,0
FINNIFTY13FEB2421250CE.NFO,2024-02-13,10:26:00,2024-02-13,0.2,0.2,0.15,0.2,920,77920,0
FINNIFTY13FEB2421250CE.NFO,2024-02-13,10:27:00,2024-02-13,0.2,0.2,0.15,0.2,2120,77920,0
FINNIFTY13FEB2421250CE.NFO,2024-02-13,10:28:00,2024-02-13,0.2,0.2,0.15,0.15,840,77920,0
FINNIFTY13FEB2421250CE.NFO,2024-02-13,10:29:00,2024-02-13,0.15,0.15,0.15,0.15,680,77920,0
FINNIFTY13FEB2421250CE.NFO,2024-02-13,10:30:00,2024-02-13,0.2,0.2,0.15,0.2,1080,78120,0
FINNIFTY13FEB2421250CE.NFO,2024-02-13,10:31:00,2024-02-13,0.2,0.2,0.15,0.15,1240,78120,0
FINNIFTY13FEB2421250CE.NFO,2024-02-13,10:32:00,2024-02-13,0.15,0.15,0.15,0.15,2040,78120,0
FINNIFTY13FEB2421250CE.NFO,2024-02-13,10:33:00,2024-02-13,0.15,0.15,0.15,0.15,600,78120,0
FINNIFTY13FEB2421250CE.NFO,2024-02-13,10:34:00,2024-02-13,0.15,0.15,0.15,0.15,0,78120,0
FINNIFTY13FEB2421250CE.NFO,2024-02-13,10:35:00,2024-02-13,0.15,0.15,0.15,0.15,520,80360,0
FINNIFTY13FEB2421250CE.NFO,2024-02-13,10:36:00,2024-02-13,0.2,0.2,0.15,0.15,560,80360,0
FINNIFTY13FEB2421250CE.NFO,2024-02-13,10:37:00,2024-02-13,0.15,0.2,0.15,0.15,1200,80360,0
FINNIFTY13FEB2421250CE.NFO,2024-02-13,10:38:00,2024-02-13,0.15,0.2,0.15,0.15,880,80360,0
FINNIFTY13FEB2421250CE.NFO,2024-02-13,10:39:00,2024-02-13,0.15,0.2,0.15,0.2,600,80560,0
FINNIFTY13FEB2421250CE.NFO,2024-02-13,10:40:00,2024-02-13,0.2,0.2,0.2,0.2,0,80560,0
FINNIFTY13FEB2421250CE.NFO,2024-02-13,10:41:00,2024-02-13,0.2,0.2,0.2,0.2,360,80560,0
FINNIFTY13FEB2421250CE.NFO,2024-02-13,10:42:00,2024-02-13,0.2,0.2,0.2,0.2,0,80560,0
FINNIFTY13FEB2421250CE.NFO,2024-02-13,10:43:00,2024-02-13,0.2,0.2,0.15,0.15,6000,80560,0
FINNIFTY13FEB2421250CE.NFO,2024-02-13,10:44:00,2024-02-13,0.15,0.15,0.15,0.15,1800,80560,0
FINNIFTY13FEB2421250CE.NFO,2024-02-13,10:45:00,2024-02-13,0.15,0.2,0.15,0.15,1200,82360,0
FINNIFTY13FEB2421250CE.NFO,2024-02-13,10:46:00,2024-02-13,0.15,0.15,0.15,0.15,1800,82360,0
FINNIFTY13FEB2421250CE.NFO,2024-02-13,10:47:00,2024-02-13,0.15,0.2,0.15,0.2,480,82360,0
FINNIFTY13FEB2421250CE.NFO,2024-02-13,10:48:00,2024-02-13,0.2,0.2,0.15,0.15,480,82360,0
FINNIFTY13FEB2421250CE.NFO,2024-02-13,10:49:00,2024-02-13,0.15,0.2,0.15,0.15,8880,84160,0
FINNIFTY13FEB2421250CE.NFO,2024-02-13,10:50:00,2024-02-13,0.15,0.15,0.15,0.15,400,84160,0
FINNIFTY13FEB2421250CE.NFO,2024-02-13,10:51:00,2024-02-13,0.15,0.15,0.15,0.15,0,84160,0
FINNIFTY13FEB2421250CE.NFO,2024-02-13,10:52:00,2024-02-13,0.15,0.15,0.15,0.15,400,90760,0
FINNIFTY13FEB2421250CE.NFO,2024-02-13,10:53:00,2024-02-13,0.15,0.15,0.15,0.15,7240,90760,0
FINNIFTY13FEB2421250CE.NFO,2024-02-13,10:54:00,2024-02-13,0.15,0.15,0.15,0.15,40,90760,0
FINNIFTY13FEB2421250CE.NFO,2024-02-13,10:55:00,2024-02-13,0.15,0.15,0.15,0.15,0,90760,0
FINNIFTY13FEB2421250CE.NFO,2024-02-13,10:56:00,2024-02-13,0.15,0.15,0.15,0.15,0,90760,0
FINNIFTY13FEB2421250CE.NFO,2024-02-13,10:57:00,2024-02-13,0.15,0.15,0.15,0.15,0,90760,0
FINNIFTY13FEB2421250CE.NFO,2024-02-13,10:58:00,2024-02-13,0.15,0.15,0.15,0.15,0,90760,0
FINNIFTY13FEB2421250CE.NFO,2024-02-13,10:59:00,2024-02-13,0.1,0.1,0.1,0.1,1400,89520,0
FINNIFTY13FEB2421250CE.NFO,2024-02-13,11:00:00,2024-02-13,0.1,0.1,0.1,0.1,0,89520,0
FINNIFTY13FEB2421250CE.NFO,2024-02-13,11:01:00,2024-02-13,0.1,0.1,0.1,0.1,0,89520,0
FINNIFTY13FEB2421250CE.NFO,2024-02-13,11:02:00,2024-02-13,0.1,0.1,0.1,0.1,0,89520,0
FINNIFTY13FEB2421250CE.NFO,2024-02-13,11:03:00,2024-02-13,0.1,0.1,0.1,0.1,400,89520,0
FINNIFTY13FEB2421250CE.NFO,2024-02-13,11:04:00,2024-02-13,0.1,0.15,0.1,0.1,1400,89920,0
FINNIFTY13FEB2421250CE.NFO,2024-02-13,11:05:00,2024-02-13,0.1,0.15,0.1,0.15,720,89920,0
FINNIFTY13FEB2421250CE.NFO,2024-02-13,11:06:00,2024-02-13,0.1,0.15,0.1,0.1,400,89920,0
FINNIFTY13FEB2421250CE.NFO,2024-02-13,11:07:00,2024-02-13,0.15,0.15,0.15,0.15,320,90040,0
FINNIFTY13FEB2421250CE.NFO,2024-02-13,11:08:00,2024-02-13,0.15,0.15,0.1,0.1,640,90040,0
FINNIFTY13FEB2421250CE.NFO,2024-02-13,11:09:00,2024-02-13,0.1,0.1,0.1,0.1,40,90040,0
FINNIFTY13FEB2421250CE.NFO,2024-02-13,11:10:00,2024-02-13,0.1,0.1,0.1,0.1,80,90040,0
FINNIFTY13FEB2421250CE.NFO,2024-02-13,11:11:00,2024-02-13,0.15,0.15,0.1,0.1,4040,90040,0
FINNIFTY13FEB2421250CE.NFO,2024-02-13,11:12:00,2024-02-13,0.1,0.15,0.1,0.15,3040,84160,0
FINNIFTY13FEB2421250CE.NFO,2024-02-13,11:13:00,2024-02-13,0.15,0.15,0.15,0.15,0,84160,0
FINNIFTY13FEB2421250CE.NFO,2024-02-13,11:14:00,2024-02-13,0.15,0.15,0.1,0.1,920,84160,0
FINNIFTY13FEB2421250CE.NFO,2024-02-13,11:15:00,2024-02-13,0.15,0.15,0.1,0.1,640,84160,0
FINNIFTY13FEB2421250CE.NFO,2024-02-13,11:16:00,2024-02-13,0.1,0.15,0.1,0.1,680,83960,0
FINNIFTY13FEB2421250CE.NFO,2024-02-13,11:17:00,2024-02-13,0.1,0.1,0.1,0.1,80,83960,0
FINNIFTY13FEB2421250CE.NFO,2024-02-13,11:18:00,2024-02-13,0.1,0.1,0.1,0.1,120,83960,0
FINNIFTY13FEB2421250CE.NFO,2024-02-13,11:19:00,2024-02-13,0.1,0.1,0.1,0.1,0,83960,0
FINNIFTY13FEB2421250CE.NFO,2024-02-13,11:20:00,2024-02-13,0.1,0.1,0.1,0.1,400,83960,0
FINNIFTY13FEB2421250CE.NFO,2024-02-13,11:21:00,2024-02-13,0.1,0.15,0.1,0.15,400,83960,0
FINNIFTY13FEB2421250CE.NFO,2024-02-13,11:22:00,2024-02-13,0.15,0.15,0.15,0.15,0,83960,0
FINNIFTY13FEB2421250CE.NFO,2024-02-13,11:23:00,2024-02-13,0.15,0.15,0.15,0.15,240,83960,0
FINNIFTY13FEB2421250CE.NFO,2024-02-13,11:24:00,2024-02-13,0.15,0.15,0.15,0.15,0,83960,0
FINNIFTY13FEB2421250CE.NFO,2024-02-13,11:25:00,2024-02-13,0.15,0.15,0.15,0.15,0,83960,1
FINNIFTY13FEB2421250CE.NFO,2024-02-13,11:26:00,2024-02-13,0.15,0.15,0.15,0.15,0,83960,0
FINNIFTY13FEB2421250CE.NFO,2024-02-13,11:27:00,2024-02-13,0.15,0.15,0.1,0.15,4040,83960,0
FINNIFTY13FEB2421250CE.NFO,2024-02-13,11:28:00,2024-02-13,0.15,0.15,0.1,0.15,2120,83960,0
FINNIFTY13FEB2421250CE.NFO,2024-02-13,11:29:00,2024-02-13,0.15,0.15,0.1,0.15,2080,83960,0
FINNIFTY13FEB2421250CE.NFO,2024-02-13,11:30:00,2024-02-13,0.15,0.15,0.15,0.15,1200,85960,0
FINNIFTY13FEB2421250CE.NFO,2024-02-13,11:31:00,2024-02-13,0.15,0.15,0.15,0.15,40,85960,0
FINNIFTY13FEB2421250CE.NFO,2024-02-13,11:32:00,2024-02-13,0.1,0.1,0.1,0.1,560,85960,0
FINNIFTY13FEB2421250CE.NFO,2024-02-13,11:33:00,2024-02-13,0.1,0.1,0.1,0.1,1280,85960,0
FINNIFTY13FEB2421250CE.NFO,2024-02-13,11:34:00,2024-02-13,0.1,0.1,0.1,0.1,1520,85960,0
FINNIFTY13FEB2421250CE.NFO,2024-02-13,11:35:00,2024-02-13,0.1,0.1,0.1,0.1,160,85960,0
FINNIFTY13FEB2421250CE.NFO,2024-02-13,11:36:00,2024-02-13,0.1,0.1,0.1,0.1,160,85960,0
FINNIFTY13FEB2421250CE.NFO,2024-02-13,11:37:00,2024-02-13,0.1,0.15,0.1,0.15,440,85960,0
FINNIFTY13FEB2421250CE.NFO,2024-02-13,11:38:00,2024-02-13,0.15,0.15,0.15,0.15,0,85960,0
FINNIFTY13FEB2421250CE.NFO,2024-02-13,11:39:00,2024-02-13,0.15,0.15,0.15,0.15,0,85960,0
FINNIFTY13FEB2421250CE.NFO,2024-02-13,11:40:00,2024-02-13,0.15,0.15,0.15,0.15,0,85960,0
FINNIFTY13FEB2421250CE.NFO,2024-02-13,11:41:00,2024-02-13,0.1,0.1,0.1,0.1,360,85960,0
FINNIFTY13FEB2421250CE.NFO,2024-02-13,11:42:00,2024-02-13,0.1,0.15,0.1,0.15,1400,85960,0
FINNIFTY13FEB2421250CE.NFO,2024-02-13,11:43:00,2024-02-13,0.15,0.15,0.1,0.15,520,85960,0
FINNIFTY13FEB2421250CE.NFO,2024-02-13,11:44:00,2024-02-13,0.15,0.15,0.1,0.1,240,85960,0
FINNIFTY13FEB2421250CE.NFO,2024-02-13,11:45:00,2024-02-13,0.1,0.1,0.1,0.1,1120,85960,0
FINNIFTY13FEB2421250CE.NFO,2024-02-13,11:46:00,2024-02-13,0.1,0.1,0.1,0.1,2840,85960,0
FINNIFTY13FEB2421250CE.NFO,2024-02-13,11:47:00,2024-02-13,0.1,0.1,0.1,0.1,240,85960,0
FINNIFTY13FEB2421250CE.NFO,2024-02-13,11:48:00,2024-02-13,0.1,0.1,0.1,0.1,40,85960,0
FINNIFTY13FEB2421250CE.NFO,2024-02-13,11:49:00,2024-02-13,0.1,0.1,0.1,0.1,0,85960,0
FINNIFTY13FEB2421250CE.NFO,2024-02-13,11:50:00,2024-02-13,0.1,0.1,0.1,0.1,0,85960,0
FINNIFTY13FEB2421250CE.NFO,2024-02-13,11:51:00,2024-02-13,0.1,0.1,0.1,0.1,0,85960,0
FINNIFTY13FEB2421250CE.NFO,2024-02-13,11:52:00,2024-02-13,0.1,0.1,0.1,0.1,240,88080,0
FINNIFTY13FEB2421250CE.NFO,2024-02-13,11:53:00,2024-02-13,0.1,0.15,0.1,0.15,520,88080,0
FINNIFTY13FEB2421250CE.NFO,2024-02-13,11:54:00,2024-02-13,0.15,0.15,0.1,0.15,720,88080,0
FINNIFTY13FEB2421250CE.NFO,2024-02-13,11:55:00,2024-02-13,0.15,0.15,0.1,0.1,3680,88080,0
FINNIFTY13FEB2421250CE.NFO,2024-02-13,11:56:00,2024-02-13,0.1,0.1,0.1,0.1,40,88080,0
FINNIFTY13FEB2421250CE.NFO,2024-02-13,11:57:00,2024-02-13,0.1,0.1,0.1,0.1,8000,92160,0
FINNIFTY13FEB2421250CE.NFO,2024-02-13,11:58:00,2024-02-13,0.1,0.1,0.1,0.1,26600,92160,0
FINNIFTY13FEB2421250CE.NFO,2024-02-13,11:59:00,2024-02-13,0.1,0.1,0.1,0.1,0,92160,0
FINNIFTY13FEB2421250CE.NFO,2024-02-13,12:00:00,2024-02-13,0.1,0.1,0.1,0.1,0,92160,0
FINNIFTY13FEB2421250CE.NFO,2024-02-13,12:01:00,2024-02-13,0.05,0.05,0.05,0.05,120,91160,0
FINNIFTY13FEB2421250CE.NFO,2024-02-13,12:02:00,2024-02-13,0.05,0.05,0.05,0.05,40,91160,0
FINNIFTY13FEB2421250CE.NFO,2024-02-13,12:03:00,2024-02-13,0.1,0.1,0.05,0.05,720,91160,0
FINNIFTY13FEB2421250CE.NFO,2024-02-13,12:04:00,2024-02-13,0.05,0.15,0.05,0.15,40680,91160,0
FINNIFTY13FEB2421250CE.NFO,2024-02-13,12:05:00,2024-02-13,0.15,0.15,0.1,0.1,16400,91160,0
FINNIFTY13FEB2421250CE.NFO,2024-02-13,12:06:00,2024-02-13,0.1,0.15,0.1,0.1,2840,91160,0
FINNIFTY13FEB2421250CE.NFO,2024-02-13,12:07:00,2024-02-13,0.1,0.1,0.05,0.05,4560,91160,0
FINNIFTY13FEB2421250CE.NFO,2024-02-13,12:08:00,2024-02-13,0.05,0.1,0.05,0.05,5240,91160,0
FINNIFTY13FEB2421250CE.NFO,2024-02-13,12:09:00,2024-02-13,0.05,0.05,0.05,0.05,120,91160,0
FINNIFTY13FEB2421250CE.NFO,2024-02-13,12:10:00,2024-02-13,0.05,0.1,0.05,0.1,280,91240,0
FINNIFTY13FEB2421250CE.NFO,2024-02-13,12:11:00,2024-02-13,0.1,0.1,0.05,0.05,480,91240,0
FINNIFTY13FEB2421250CE.NFO,2024-02-13,12:12:00,2024-02-13,0.05,0.1,0.05,0.1,760,90760,0
FINNIFTY13FEB2421250CE.NFO,2024-02-13,12:13:00,2024-02-13,0.1,0.1,0.05,0.05,1120,90760,0
FINNIFTY13FEB2421250CE.NFO,2024-02-13,12:14:00,2024-02-13,0.05,0.1,0.05,0.05,720,90760,0
FINNIFTY13FEB2421250CE.NFO,2024-02-13,12:15:00,2024-02-13,0.05,0.05,0.05,0.05,200,90760,0
FINNIFTY13FEB2421250CE.NFO,2024-02-13,12:16:00,2024-02-13,0.05,0.05,0.05,0.05,0,90760,0
FINNIFTY13FEB2421250CE.NFO,2024-02-13,12:17:00,2024-02-13,0.05,0.05,0.05,0.05,0,90760,0
FINNIFTY13FEB2421250CE.NFO,2024-02-13,12:18:00,2024-02-13,0.1,0.1,0.1,0.1,200,90760,0
FINNIFTY13FEB2421250CE.NFO,2024-02-13,12:19:00,2024-02-13,0.1,0.1,0.1,0.1,440,90760,0
FINNIFTY13FEB2421250CE.NFO,2024-02-13,12:20:00,2024-02-13,0.1,0.1,0.1,0.1,0,90760,0
FINNIFTY13FEB2421250CE.NFO,2024-02-13,12:21:00,2024-02-13,0.1,0.1,0.1,0.1,7520,90760,0
FINNIFTY13FEB2421250CE.NFO,2024-02-13,12:22:00,2024-02-13,0.1,0.1,0.1,0.1,80,83960,0
FINNIFTY13FEB2421250CE.NFO,2024-02-13,12:23:00,2024-02-13,0.1,0.1,0.1,0.1,200,83960,0
FINNIFTY13FEB2421250CE.NFO,2024-02-13,12:24:00,2024-02-13,0.1,0.1,0.1,0.1,80,83960,0
FINNIFTY13FEB2421250CE.NFO,2024-02-13,12:25:00,2024-02-13,0.05,0.1,0.05,0.1,2320,83960,0
FINNIFTY13FEB2421250CE.NFO,2024-02-13,12:26:00,2024-02-13,0.1,0.1,0.05,0.05,560,83960,0
FINNIFTY13FEB2421250CE.NFO,2024-02-13,12:27:00,2024-02-13,0.05,0.1,0.05,0.05,520,83960,0
FINNIFTY13FEB2421250CE.NFO,2024-02-13,12:28:00,2024-02-13,0.1,0.1,0.1,0.1,2120,83960,0
FINNIFTY13FEB2421250CE.NFO,2024-02-13,12:29:00,2024-02-13,0.1,0.1,0.1,0.1,2360,83960,0
FINNIFTY13FEB2421250CE.NFO,2024-02-13,12:30:00,2024-02-13,0.1,0.1,0.05,0.1,2040,83960,0
FINNIFTY13FEB2421250CE.NFO,2024-02-13,12:31:00,2024-02-13,0.1,0.1,0.05,0.1,1560,82320,0
FINNIFTY13FEB2421250CE.NFO,2024-02-13,12:32:00,2024-02-13,0.1,0.1,0.05,0.1,2240,82320,0
FINNIFTY13FEB2421250CE.NFO,2024-02-13,12:33:00,2024-02-13,0.1,0.1,0.05,0.05,1120,82320,0
FINNIFTY13FEB2421250CE.NFO,2024-02-13,12:34:00,2024-02-13,0.05,0.1,0.05,0.1,320,78880,0
FINNIFTY13FEB2421250CE.NFO,2024-02-13,12:35:00,2024-02-13,0.1,0.1,0.05,0.05,520,78880,0
FINNIFTY13FEB2421250CE.NFO,2024-02-13,12:36:00,2024-02-13,0.05,0.05,0.05,0.05,1760,78880,0
FINNIFTY13FEB2421250CE.NFO,2024-02-13,12:37:00,2024-02-13,0.05,0.05,0.05,0.05,320,78880,0
FINNIFTY13FEB2421250CE.NFO,2024-02-13,12:38:00,2024-02-13,0.05,0.1,0.05,0.05,1840,78880,0
FINNIFTY13FEB2421250CE.NFO,2024-02-13,12:39:00,2024-02-13,0.1,0.1,0.1,0.1,1600,78880,0
FINNIFTY13FEB2421250CE.NFO,2024-02-13,12:40:00,2024-02-13,0.1,0.1,0.1,0.1,0,78880,0
FINNIFTY13FEB2421250CE.NFO,2024-02-13,12:41:00,2024-02-13,0.1,0.1,0.1,0.1,0,78880,0
FINNIFTY13FEB2421250CE.NFO,2024-02-13,12:42:00,2024-02-13,0.1,0.1,0.05,0.05,840,78840,0
FINNIFTY13FEB2421250CE.NFO,2024-02-13,12:43:00,2024-02-13,0.05,0.05,0.05,0.05,320,79040,0
FINNIFTY13FEB2421250CE.NFO,2024-02-13,12:44:00,2024-02-13,0.05,0.05,0.05,0.05,200,79040,0
FINNIFTY13FEB2421250CE.NFO,2024-02-13,12:45:00,2024-02-13,0.05,0.05,0.05,0.05,80,79040,0
FINNIFTY13FEB2421250CE.NFO,2024-02-13,12:46:00,2024-02-13,0.05,0.05,0.05,0.05,440,79040,0
FINNIFTY13FEB2421250CE.NFO,2024-02-13,12:47:00,2024-02-13,0.05,0.1,0.05,0.05,1640,79040,0
FINNIFTY13FEB2421250CE.NFO,2024-02-13,12:48:00,2024-02-13,0.05,0.1,0.05,0.1,120,79040,0
FINNIFTY13FEB2421250CE.NFO,2024-02-13,12:49:00,2024-02-13,0.1,0.1,0.1,0.1,640,79680,0
FINNIFTY13FEB2421250CE.NFO,2024-02-13,12:50:00,2024-02-13,0.1,0.1,0.1,0.1,0,79680,0
FINNIFTY13FEB2421250CE.NFO,2024-02-13,12:51:00,2024-02-13,0.1,0.1,0.05,0.05,1600,79680,0
FINNIFTY13FEB2421250CE.NFO,2024-02-13,12:52:00,2024-02-13,0.1,0.1,0.05,0.05,240,79680,0
FINNIFTY13FEB2421250CE.NFO,2024-02-13,12:53:00,2024-02-13,0.05,0.05,0.05,0.05,40,79680,0
FINNIFTY13FEB2421250CE.NFO,2024-02-13,12:54:00,2024-02-13,0.05,0.05,0.05,0.05,0,79680,0
FINNIFTY13FEB2421250CE.NFO,2024-02-13,12:55:00,2024-02-13,0.05,0.05,0.05,0.05,2760,81400,0
FINNIFTY13FEB2421250CE.NFO,2024-02-13,12:56:00,2024-02-13,0.05,0.05,0.05,0.05,1200,81400,0
FINNIFTY13FEB2421250CE.NFO,2024-02-13,12:57:00,2024-02-13,0.05,0.05,0.05,0.05,0,81400,0
FINNIFTY13FEB2421250CE.NFO,2024-02-13,12:58:00,2024-02-13,0.05,0.1,0.05,0.05,320,82400,0
FINNIFTY13FEB2421250CE.NFO,2024-02-13,12:59:00,2024-02-13,0.05,0.05,0.05,0.05,3240,82400,0
FINNIFTY13FEB2421250CE.NFO,2024-02-13,13:00:00,2024-02-13,0.05,0.05,0.05,0.05,0,82400,0
FINNIFTY13FEB2421250CE.NFO,2024-02-13,13:01:00,2024-02-13,0.05,0.05,0.05,0.05,80,85200,0
FINNIFTY13FEB2421250CE.NFO,2024-02-13,13:02:00,2024-02-13,0.1,0.1,0.1,0.1,200,85200,0
FINNIFTY13FEB2421250CE.NFO,2024-02-13,13:03:00,2024-02-13,0.1,0.1,0.05,0.05,4840,85200,0
FINNIFTY13FEB2421250CE.NFO,2024-02-13,13:04:00,2024-02-13,0.05,0.1,0.05,0.1,680,81120,0
FINNIFTY13FEB2421250CE.NFO,2024-02-13,13:05:00,2024-02-13,0.1,0.1,0.1,0.1,0,81120,0
FINNIFTY13FEB2421250CE.NFO,2024-02-13,13:06:00,2024-02-13,0.1,0.1,0.1,0.1,0,81120,0
FINNIFTY13FEB2421250CE.NFO,2024-02-13,13:07:00,2024-02-13,0.1,0.1,0.05,0.05,1800,80560,0
FINNIFTY13FEB2421250CE.NFO,2024-02-13,13:08:00,2024-02-13,0.05,0.1,0.05,0.1,120,80560,0
FINNIFTY13FEB2421250CE.NFO,2024-02-13,13:09:00,2024-02-13,0.1,0.1,0.05,0.05,2360,80560,0
FINNIFTY13FEB2421250CE.NFO,2024-02-13,13:10:00,2024-02-13,0.05,0.1,0.05,0.1,40,78840,0
FINNIFTY13FEB2421250CE.NFO,2024-02-13,13:11:00,2024-02-13,0.05,0.05,0.05,0.05,240,78840,0
FINNIFTY13FEB2421250CE.NFO,2024-02-13,13:12:00,2024-02-13,0.05,0.1,0.05,0.05,960,78840,0
FINNIFTY13FEB2421250CE.NFO,2024-02-13,13:13:00,2024-02-13,0.05,0.1,0.05,0.1,840,79800,0
FINNIFTY13FEB2421250CE.NFO,2024-02-13,13:14:00,2024-02-13,0.1,0.1,0.1,0.1,0,79800,0
FINNIFTY13FEB2421250CE.NFO,2024-02-13,13:15:00,2024-02-13,0.05,0.05,0.05,0.05,40,79800,0
FINNIFTY13FEB2421250CE.NFO,2024-02-13,13:16:00,2024-02-13,0.05,0.05,0.05,0.05,0,79800,0
FINNIFTY13FEB2421250CE.NFO,2024-02-13,13:17:00,2024-02-13,0.05,0.1,0.05,0.05,480,79880,0
FINNIFTY13FEB2421250CE.NFO,2024-02-13,13:18:00,2024-02-13,0.05,0.1,0.05,0.05,1680,79880,0
FINNIFTY13FEB2421250CE.NFO,2024-02-13,13:19:00,2024-02-13,0.05,0.05,0.05,0.05,0,79880,0
FINNIFTY13FEB2421250CE.NFO,2024-02-13,13:20:00,2024-02-13,0.05,0.05,0.05,0.05,0,79880,0
FINNIFTY13FEB2421250CE.NFO,2024-02-13,13:21:00,2024-02-13,0.05,0.1,0.05,0.05,1120,79040,0
FINNIFTY13FEB2421250CE.NFO,2024-02-13,13:22:00,2024-02-13,0.05,0.05,0.05,0.05,40,78240,0
FINNIFTY13FEB2421250CE.NFO,2024-02-13,13:23:00,2024-02-13,0.1,0.1,0.1,0.1,40,78240,0
FINNIFTY13FEB2421250CE.NFO,2024-02-13,13:24:00,2024-02-13,0.1,0.1,0.05,0.05,400,78240,0
FINNIFTY13FEB2421250CE.NFO,2024-02-13,13:25:00,2024-02-13,0.05,0.1,0.05,0.05,7240,77760,0
FINNIFTY13FEB2421250CE.NFO,2024-02-13,13:26:00,2024-02-13,0.05,0.1,0.05,0.1,2000,77760,0
FINNIFTY13FEB2421250CE.NFO,2024-02-13,13:27:00,2024-02-13,0.1,0.1,0.05,0.05,320,77760,0
FINNIFTY13FEB2421250CE.NFO,2024-02-13,13:28:00,2024-02-13,0.1,0.1,0.05,0.05,1640,76280,0
FINNIFTY13FEB2421250CE.NFO,2024-02-13,13:29:00,2024-02-13,0.05,0.1,0.05,0.1,3000,76280,0
FINNIFTY13FEB2421250CE.NFO,2024-02-13,13:30:00,2024-02-13,0.1,0.1,0.1,0.1,2320,76280,0
FINNIFTY13FEB2421250CE.NFO,2024-02-13,13:31:00,2024-02-13,0.05,0.05,0.05,0.05,520,74080,0
FINNIFTY13FEB2421250CE.NFO,2024-02-13,13:32:00,2024-02-13,0.05,0.1,0.05,0.05,440,74080,0
FINNIFTY13FEB2421250CE.NFO,2024-02-13,13:33:00,2024-02-13,0.05,0.05,0.05,0.05,1840,74080,0
FINNIFTY13FEB2421250CE.NFO,2024-02-13,13:34:00,2024-02-13,0.05,0.1,0.05,0.1,40,74200,0
FINNIFTY13FEB2421250CE.NFO,2024-02-13,13:35:00,2024-02-13,0.1,0.1,0.1,0.1,160,74200,0
FINNIFTY13FEB2421250CE.NFO,2024-02-13,13:36:00,2024-02-13,0.1,0.1,0.1,0.1,0,74200,0
FINNIFTY13FEB2421250CE.NFO,2024-02-13,13:37:00,2024-02-13,0.1,0.1,0.05,0.05,520,74200,0
FINNIFTY13FEB2421250CE.NFO,2024-02-13,13:38:00,2024-02-13,0.05,0.1,0.05,0.1,400,74200,0
FINNIFTY13FEB2421250CE.NFO,2024-02-13,13:39:00,2024-02-13,0.1,0.1,0.1,0.1,480,74200,0
FINNIFTY13FEB2421250CE.NFO,2024-02-13,13:40:00,2024-02-13,0.1,0.1,0.05,0.1,20240,74200,0
FINNIFTY13FEB2421250CE.NFO,2024-02-13,13:41:00,2024-02-13,0.1,0.1,0.05,0.1,440,74200,0
FINNIFTY13FEB2421250CE.NFO,2024-02-13,13:42:00,2024-02-13,0.1,0.1,0.1,0.1,0,74200,0
FINNIFTY13FEB2421250CE.NFO,2024-02-13,13:43:00,2024-02-13,0.05,0.1,0.05,0.1,720,78920,0
FINNIFTY13FEB2421250CE.NFO,2024-02-13,13:44:00,2024-02-13,0.1,0.1,0.05,0.05,400,78920,0
FINNIFTY13FEB2421250CE.NFO,2024-02-13,13:45:00,2024-02-13,0.05,0.15,0.05,0.15,10200,78920,0
FINNIFTY13FEB2421250CE.NFO,2024-02-13,13:46:00,2024-02-13,0.15,0.15,0.1,0.1,4240,78920,0
FINNIFTY13FEB2421250CE.NFO,2024-02-13,13:47:00,2024-02-13,0.1,0.1,0.05,0.05,1120,77440,0
FINNIFTY13FEB2421250CE.NFO,2024-02-13,13:48:00,2024-02-13,0.05,0.1,0.05,0.05,200,77440,0
FINNIFTY13FEB2421250CE.NFO,2024-02-13,13:49:00,2024-02-13,0.05,0.1,0.05,0.1,1200,76480,0
FINNIFTY13FEB2421250CE.NFO,2024-02-13,13:50:00,2024-02-13,0.1,0.1,0.05,0.05,7120,76480,0
FINNIFTY13FEB2421250CE.NFO,2024-02-13,13:51:00,2024-02-13,0.05,0.05,0.05,0.05,440,76480,0
FINNIFTY13FEB2421250CE.NFO,2024-02-13,13:52:00,2024-02-13,0.1,0.1,0.1,0.1,760,73760,0
FINNIFTY13FEB2421250CE.NFO,2024-02-13,13:53:00,2024-02-13,0.1,0.1,0.1,0.1,920,73760,0
FINNIFTY13FEB2421250CE.NFO,2024-02-13,13:54:00,2024-02-13,0.1,0.1,0.1,0.1,6840,73760,0
FINNIFTY13FEB2421250CE.NFO,2024-02-13,13:55:00,2024-02-13,0.1,0.1,0.05,0.05,2800,78920,0
FINNIFTY13FEB2421250CE.NFO,2024-02-13,13:56:00,2024-02-13,0.05,0.1,0.05,0.1,640,78920,0
FINNIFTY13FEB2421250CE.NFO,2024-02-13,13:57:00,2024-02-13,0.1,0.1,0.05,0.1,1360,78920,0
FINNIFTY13FEB2421250CE.NFO,2024-02-13,13:58:00,2024-02-13,0.1,0.1,0.1,0.1,920,77680,0
FINNIFTY13FEB2421250CE.NFO,2024-02-13,13:59:00,2024-02-13,0.1,0.1,0.05,0.1,1320,77680,0
FINNIFTY13FEB2421250CE.NFO,2024-02-13,14:00:00,2024-02-13,0.05,0.1,0.05,0.1,1960,77680,0
FINNIFTY13FEB2421250CE.NFO,2024-02-13,14:01:00,2024-02-13,0.1,0.1,0.05,0.1,17760,74160,0
FINNIFTY13FEB2421250CE.NFO,2024-02-13,14:02:00,2024-02-13,0.1,0.15,0.05,0.1,3560,74160,0
FINNIFTY13FEB2421250CE.NFO,2024-02-13,14:03:00,2024-02-13,0.1,0.15,0.1,0.15,9520,74160,0
FINNIFTY13FEB2421250CE.NFO,2024-02-13,14:04:00,2024-02-13,0.15,0.15,0.1,0.1,36520,66640,0
FINNIFTY13FEB2421250CE.NFO,2024-02-13,14:05:00,2024-02-13,0.2,0.2,0.1,0.1,20800,66640,0
FINNIFTY13FEB2421250CE.NFO,2024-02-13,14:06:00,2024-02-13,0.1,0.15,0.1,0.15,1520,66640,0
FINNIFTY13FEB2421250CE.NFO,2024-02-13,14:07:00,2024-02-13,0.15,0.15,0.15,0.15,40,72040,0
FINNIFTY13FEB2421250CE.NFO,2024-02-13,14:08:00,2024-02-13,0.15,0.15,0.1,0.1,6480,72040,0
FINNIFTY13FEB2421250CE.NFO,2024-02-13,14:09:00,2024-02-13,0.1,0.1,0.05,0.1,1840,72040,0
FINNIFTY13FEB2421250CE.NFO,2024-02-13,14:10:00,2024-02-13,0.1,0.1,0.05,0.1,9640,67440,0
FINNIFTY13FEB2421250CE.NFO,2024-02-13,14:11:00,2024-02-13,0.1,0.1,0.05,0.1,1240,67440,0
FINNIFTY13FEB2421250CE.NFO,2024-02-13,14:12:00,2024-02-13,0.1,0.15,0.05,0.15,9600,67440,0
FINNIFTY13FEB2421250CE.NFO,2024-02-13,14:13:00,2024-02-13,0.15,0.15,0.1,0.1,1440,70600,0
FINNIFTY13FEB2421250CE.NFO,2024-02-13,14:14:00,2024-02-13,0.1,0.1,0.05,0.1,2040,70600,0
FINNIFTY13FEB2421250CE.NFO,2024-02-13,14:15:00,2024-02-13,0.1,0.1,0.05,0.05,320,70600,0
FINNIFTY13FEB2421250CE.NFO,2024-02-13,14:16:00,2024-02-13,0.05,0.15,0.05,0.1,3400,71520,0
FINNIFTY13FEB2421250CE.NFO,2024-02-13,14:17:00,2024-02-13,0.1,0.1,0.1,0.1,0,71520,0
FINNIFTY13FEB2421250CE.NFO,2024-02-13,14:18:00,2024-02-13,0.1,0.1,0.1,0.1,0,71520,0
FINNIFTY13FEB2421250CE.NFO,2024-02-13,14:19:00,2024-02-13,0.1,0.1,0.1,0.1,0,71520,0
FINNIFTY13FEB2421250CE.NFO,2024-02-13,14:20:00,2024-02-13,0.1,0.1,0.1,0.1,40,72680,0
FINNIFTY13FEB2421250CE.NFO,2024-02-13,14:21:00,2024-02-13,0.1,0.1,0.05,0.05,40,72680,0
FINNIFTY13FEB2421250CE.NFO,2024-02-13,14:22:00,2024-02-13,0.05,0.05,0.05,0.05,720,72680,0
FINNIFTY13FEB2421250CE.NFO,2024-02-13,14:23:00,2024-02-13,0.05,0.1,0.05,0.1,360,72680,0
FINNIFTY13FEB2421250CE.NFO,2024-02-13,14:24:00,2024-02-13,0.1,0.1,0.05,0.1,1040,72680,0
FINNIFTY13FEB2421250CE.NFO,2024-02-13,14:25:00,2024-02-13,0.1,0.1,0.05,0.05,160,72680,0
FINNIFTY13FEB2421250CE.NFO,2024-02-13,14:26:00,2024-02-13,0.05,0.05,0.05,0.05,120,72680,0
FINNIFTY13FEB2421250CE.NFO,2024-02-13,14:27:00,2024-02-13,0.05,0.05,0.05,0.05,0,72680,0
FINNIFTY13FEB2421250CE.NFO,2024-02-13,14:28:00,2024-02-13,0.1,0.1,0.05,0.1,680,72480,0
FINNIFTY13FEB2421250CE.NFO,2024-02-13,14:29:00,2024-02-13,0.1,0.1,0.1,0.1,200,72480,0
FINNIFTY13FEB2421250CE.NFO,2024-02-13,14:30:00,2024-02-13,0.1,0.1,0.1,0.1,2200,72480,0
FINNIFTY13FEB2421250CE.NFO,2024-02-13,14:31:00,2024-02-13,0.1,0.1,0.1,0.1,40,71600,0
FINNIFTY13FEB2421250CE.NFO,2024-02-13,14:32:00,2024-02-13,0.1,0.1,0.05,0.05,400,71600,0
FINNIFTY13FEB2421250CE.NFO,2024-02-13,14:33:00,2024-02-13,0.05,0.05,0.05,0.05,0,71600,0
FINNIFTY13FEB2421250CE.NFO,2024-02-13,14:34:00,2024-02-13,0.05,0.05,0.05,0.05,0,71600,0
FINNIFTY13FEB2421250CE.NFO,2024-02-13,14:35:00,2024-02-13,0.05,0.05,0.05,0.05,240,71600,0
FINNIFTY13FEB2421250CE.NFO,2024-02-13,14:36:00,2024-02-13,0.05,0.05,0.05,0.05,0,71600,0
FINNIFTY13FEB2421250CE.NFO,2024-02-13,14:37:00,2024-02-13,0.05,0.05,0.05,0.05,0,71600,0
FINNIFTY13FEB2421250CE.NFO,2024-02-13,14:38:00,2024-02-13,0.05,0.05,0.05,0.05,0,71600,0
FINNIFTY13FEB2421250CE.NFO,2024-02-13,14:39:00,2024-02-13,0.05,0.05,0.05,0.05,0,71600,0
FINNIFTY13FEB2421250CE.NFO,2024-02-13,14:40:00,2024-02-13,0.05,0.1,0.05,0.1,320,71600,0
FINNIFTY13FEB2421250CE.NFO,2024-02-13,14:41:00,2024-02-13,0.1,0.1,0.1,0.1,40,71600,0
FINNIFTY13FEB2421250CE.NFO,2024-02-13,14:42:00,2024-02-13,0.05,0.1,0.05,0.1,840,71600,0
FINNIFTY13FEB2421250CE.NFO,2024-02-13,14:43:00,2024-02-13,0.1,0.1,0.1,0.1,200,71720,0
FINNIFTY13FEB2421250CE.NFO,2024-02-13,14:44:00,2024-02-13,0.05,0.05,0.05,0.05,120,71720,0
FINNIFTY13FEB2421250CE.NFO,2024-02-13,14:45:00,2024-02-13,0.05,0.05,0.05,0.05,0,71720,0
FINNIFTY13FEB2421250CE.NFO,2024-02-13,14:46:00,2024-02-13,0.05,0.05,0.05,0.05,320,71720,0
FINNIFTY13FEB2421250CE.NFO,2024-02-13,14:47:00,2024-02-13,0.1,0.1,0.1,0.1,400,71720,0
FINNIFTY13FEB2421250CE.NFO,2024-02-13,14:48:00,2024-02-13,0.1,0.1,0.1,0.1,0,71720,0
FINNIFTY13FEB2421250CE.NFO,2024-02-13,14:49:00,2024-02-13,0.1,0.1,0.1,0.1,0,71720,0
FINNIFTY13FEB2421250CE.NFO,2024-02-13,14:50:00,2024-02-13,0.05,0.05,0.05,0.05,200,71880,0
FINNIFTY13FEB2421250CE.NFO,2024-02-13,14:51:00,2024-02-13,0.05,0.05,0.05,0.05,0,71880,0
FINNIFTY13FEB2421250CE.NFO,2024-02-13,14:52:00,2024-02-13,0.05,0.05,0.05,0.05,1120,71160,0
FINNIFTY13FEB2421250CE.NFO,2024-02-13,14:53:00,2024-02-13,0.05,0.05,0.05,0.05,0,71160,0
FINNIFTY13FEB2421250CE.NFO,2024-02-13,14:54:00,2024-02-13,0.05,0.05,0.05,0.05,0,71160,0
FINNIFTY13FEB2421250CE.NFO,2024-02-13,14:55:00,2024-02-13,0.05,0.05,0.05,0.05,0,71160,0
FINNIFTY13FEB2421250CE.NFO,2024-02-13,14:56:00,2024-02-13,0.05,0.05,0.05,0.05,0,71160,1
FINNIFTY13FEB2421250CE.NFO,2024-02-13,14:57:00,2024-02-13,0.05,0.05,0.05,0.05,40,71080,0
FINNIFTY13FEB2421250CE.NFO,2024-02-13,14:58:00,2024-02-13,0.1,0.15,0.05,0.15,17400,77880,0
FINNIFTY13FEB2421250CE.NFO,2024-02-13,14:59:00,2024-02-13,0.15,0.15,0.15,0.15,0,77880,0
FINNIFTY13FEB2421250CE.NFO,2024-02-13,15:00:00,2024-02-13,0.15,0.15,0.15,0.15,0,77880,0
FINNIFTY13FEB2421250CE.NFO,2024-02-13,15:01:00,2024-02-13,0.05,0.05,0.05,0.05,9000,73040,0
FINNIFTY13FEB2421250CE.NFO,2024-02-13,15:02:00,2024-02-13,0.05,0.05,0.05,0.05,1120,73040,0
FINNIFTY13FEB2421250CE.NFO,2024-02-13,15:03:00,2024-02-13,0.05,0.05,0.05,0.05,0,73040,0
FINNIFTY13FEB2421250CE.NFO,2024-02-13,15:04:00,2024-02-13,0.05,0.05,0.05,0.05,0,73040,0
FINNIFTY13FEB2421250CE.NFO,2024-02-13,15:05:00,2024-02-13,0.05,0.05,0.05,0.05,600,72160,0
FINNIFTY13FEB2421250CE.NFO,2024-02-13,15:06:00,2024-02-13,0.05,0.05,0.05,0.05,40,72160,0
FINNIFTY13FEB2421250CE.NFO,2024-02-13,15:07:00,2024-02-13,0.05,0.05,0.05,0.05,0,72160,0
FINNIFTY13FEB2421250CE.NFO,2024-02-13,15:08:00,2024-02-13,0.1,0.1,0.05,0.1,5680,72160,0
FINNIFTY13FEB2421250CE.NFO,2024-02-13,15:09:00,2024-02-13,0.1,0.1,0.1,0.1,480,72160,0
FINNIFTY13FEB2421250CE.NFO,2024-02-13,15:10:00,2024-02-13,0.1,0.1,0.05,0.05,3040,73160,0
FINNIFTY13FEB2421250CE.NFO,2024-02-13,15:11:00,2024-02-13,0.1,0.1,0.05,0.05,1200,73160,0
FINNIFTY13FEB2421250CE.NFO,2024-02-13,15:12:00,2024-02-13,0.05,0.1,0.05,0.1,2120,73160,0
FINNIFTY13FEB2421250CE.NFO,2024-02-13,15:13:00,2024-02-13,0.1,0.1,0.05,0.1,600,72160,0
FINNIFTY13FEB2421250CE.NFO,2024-02-13,15:14:00,2024-02-13,0.1,0.1,0.1,0.1,560,72160,0
FINNIFTY13FEB2421250CE.NFO,2024-02-13,15:15:00,2024-02-13,0.05,0.05,0.05,0.05,2400,72160,0
FINNIFTY13FEB2421250CE.NFO,2024-02-13,15:16:00,2024-02-13,0.05,0.05,0.05,0.05,400,72160,0
FINNIFTY13FEB2421250CE.NFO,2024-02-13,15:17:00,2024-02-13,0.05,0.05,0.05,0.05,560,72160,0
FINNIFTY13FEB2421250CE.NFO,2024-02-13,15:18:00,2024-02-13,0.05,0.05,0.05,0.05,360,72160,0
FINNIFTY13FEB2421250CE.NFO,2024-02-13,15:19:00,2024-02-13,0.05,0.05,0.05,0.05,0,72160,0
FINNIFTY13FEB2421250CE.NFO,2024-02-13,15:20:00,2024-02-13,0.05,0.05,0.05,0.05,0,72160,0
FINNIFTY13FEB2421250CE.NFO,2024-02-13,15:21:00,2024-02-13,0.05,0.05,0.05,0.05,0,72160,0
FINNIFTY13FEB2421250CE.NFO,2024-02-13,15:22:00,2024-02-13,0.05,0.05,0.05,0.05,0,72160,0
FINNIFTY13FEB2421250CE.NFO,2024-02-13,15:23:00,2024-02-13,0.05,0.05,0.05,0.05,0,72160,0
FINNIFTY13FEB2421250CE.NFO,2024-02-13,15:24:00,2024-02-13,0.05,0.05,0.05,0.05,600,71960,0
FINNIFTY13FEB2421250CE.NFO,2024-02-13,15:25:00,2024-02-13,0.05,0.05,0.05,0.05,1040,71960,0
FINNIFTY13FEB2421250CE.NFO,2024-02-13,15:26:00,2024-02-13,0.05,0.05,0.05,0.05,0,71960,0
FINNIFTY13FEB2421250CE.NFO,2024-02-13,15:27:00,2024-02-13,0.05,0.05,0.05,0.05,0,71960,0
FINNIFTY13FEB2421250CE.NFO,2024-02-13,15:28:00,2024-02-13,0.05,0.05,0.05,0.05,0,71960,0
FINNIFTY13FEB2421250CE.NFO,2024-02-13,15:29:00,2024-02-13,0.05,0.1,0.05,0.05,3120,72280,0
FINNIFTY13FEB2421250CE.NFO,2024-02-13,15:30:00,2024-02-13,0.05,0.05,0.05,0.05,3120,72280,1
