Ticker,Date,Time,Expiry Date,Open,High,Low,Close,Volume,Open Interest,Padding Flag
FINNIFTY17SEP2426300CE.NFO,2024-09-04,09:15:00,2024-09-17,0.05,0.05,0.05,0.05,0,0,0
FINNIFTY17SEP2426300CE.NFO,2024-09-04,09:16:00,2024-09-17,0.05,0.05,0.05,0.05,0,0,1
FINNIFTY17SEP2426300CE.NFO,2024-09-04,09:17:00,2024-09-17,0.05,0.05,0.05,0.05,0,0,1
FINNIFTY17SEP2426300CE.NFO,2024-09-04,09:18:00,2024-09-17,0.05,0.05,0.05,0.05,0,0,1
FINNIFTY17SEP2426300CE.NFO,2024-09-04,09:19:00,2024-09-17,0.05,0.05,0.05,0.05,0,0,1
FINNIFTY17SEP2426300CE.NFO,2024-09-04,09:20:00,2024-09-17,0.05,0.05,0.05,0.05,0,0,1
FINNIFTY17SEP2426300CE.NFO,2024-09-04,09:21:00,2024-09-17,0.05,0.05,0.05,0.05,0,0,1
FINNIFTY17SEP2426300CE.NFO,2024-09-04,09:22:00,2024-09-17,0.05,0.05,0.05,0.05,0,0,1
FINNIFTY17SEP2426300CE.NFO,2024-09-04,09:23:00,2024-09-17,0.05,0.05,0.05,0.05,0,0,1
FINNIFTY17SEP2426300CE.NFO,2024-09-04,09:24:00,2024-09-17,0.05,0.05,0.05,0.05,0,0,1
FINNIFTY17SEP2426300CE.NFO,2024-09-04,09:25:00,2024-09-17,0.05,0.05,0.05,0.05,0,0,1
FINNIFTY17SEP2426300CE.NFO,2024-09-04,09:26:00,2024-09-17,0.05,0.05,0.05,0.05,0,0,1
FINNIFTY17SEP2426300CE.NFO,2024-09-04,09:27:00,2024-09-17,0.05,0.05,0.05,0.05,0,0,1
FINNIFTY17SEP2426300CE.NFO,2024-09-04,09:28:00,2024-09-17,0.05,0.05,0.05,0.05,0,0,1
FINNIFTY17SEP2426300CE.NFO,2024-09-04,09:29:00,2024-09-17,0.05,0.05,0.05,0.05,0,0,1
FINNIFTY17SEP2426300CE.NFO,2024-09-04,09:30:00,2024-09-17,0.05,0.05,0.05,0.05,0,0,1
FINNIFTY17SEP2426300CE.NFO,2024-09-04,09:31:00,2024-09-17,0.05,0.05,0.05,0.05,0,0,1
FINNIFTY17SEP2426300CE.NFO,2024-09-04,09:32:00,2024-09-17,0.05,0.05,0.05,0.05,0,0,1
FINNIFTY17SEP2426300CE.NFO,2024-09-04,09:33:00,2024-09-17,0.05,0.05,0.05,0.05,0,0,1
FINNIFTY17SEP2426300CE.NFO,2024-09-04,09:34:00,2024-09-17,0.05,0.05,0.05,0.05,0,0,1
FINNIFTY17SEP2426300CE.NFO,2024-09-04,09:35:00,2024-09-17,0.05,0.05,0.05,0.05,0,0,1
FINNIFTY17SEP2426300CE.NFO,2024-09-04,09:36:00,2024-09-17,0.05,0.05,0.05,0.05,0,0,1
FINNIFTY17SEP2426300CE.NFO,2024-09-04,09:37:00,2024-09-17,0.05,0.05,0.05,0.05,0,0,1
FINNIFTY17SEP2426300CE.NFO,2024-09-04,09:38:00,2024-09-17,0.05,0.05,0.05,0.05,0,0,1
FINNIFTY17SEP2426300CE.NFO,2024-09-04,09:39:00,2024-09-17,0.05,0.05,0.05,0.05,0,0,1
FINNIFTY17SEP2426300CE.NFO,2024-09-04,09:40:00,2024-09-17,0.05,0.05,0.05,0.05,0,0,1
FINNIFTY17SEP2426300CE.NFO,2024-09-04,09:41:00,2024-09-17,0.05,0.05,0.05,0.05,0,0,1
FINNIFTY17SEP2426300CE.NFO,2024-09-04,09:42:00,2024-09-17,0.05,0.05,0.05,0.05,0,0,1
FINNIFTY17SEP2426300CE.NFO,2024-09-04,09:43:00,2024-09-17,0.05,0.05,0.05,0.05,0,0,1
FINNIFTY17SEP2426300CE.NFO,2024-09-04,09:44:00,2024-09-17,0.05,0.05,0.05,0.05,0,0,1
FINNIFTY17SEP2426300CE.NFO,2024-09-04,09:45:00,2024-09-17,0.05,0.05,0.05,0.05,0,0,1
FINNIFTY17SEP2426300CE.NFO,2024-09-04,09:46:00,2024-09-17,0.05,0.05,0.05,0.05,0,0,1
FINNIFTY17SEP2426300CE.NFO,2024-09-04,09:47:00,2024-09-17,0.05,0.05,0.05,0.05,0,0,1
FINNIFTY17SEP2426300CE.NFO,2024-09-04,09:48:00,2024-09-17,0.05,0.05,0.05,0.05,0,0,1
FINNIFTY17SEP2426300CE.NFO,2024-09-04,09:49:00,2024-09-17,0.05,0.05,0.05,0.05,0,0,1
FINNIFTY17SEP2426300CE.NFO,2024-09-04,09:50:00,2024-09-17,0.05,0.05,0.05,0.05,0,0,1
FINNIFTY17SEP2426300CE.NFO,2024-09-04,09:51:00,2024-09-17,0.05,0.05,0.05,0.05,0,0,1
FINNIFTY17SEP2426300CE.NFO,2024-09-04,09:52:00,2024-09-17,0.05,0.05,0.05,0.05,0,0,1
FINNIFTY17SEP2426300CE.NFO,2024-09-04,09:53:00,2024-09-17,0.05,0.05,0.05,0.05,0,0,1
FINNIFTY17SEP2426300CE.NFO,2024-09-04,09:54:00,2024-09-17,0.05,0.05,0.05,0.05,0,0,1
FINNIFTY17SEP2426300CE.NFO,2024-09-04,09:55:00,2024-09-17,0.05,0.05,0.05,0.05,0,0,1
FINNIFTY17SEP2426300CE.NFO,2024-09-04,09:56:00,2024-09-17,0.05,0.05,0.05,0.05,0,0,1
FINNIFTY17SEP2426300CE.NFO,2024-09-04,09:57:00,2024-09-17,0.05,0.05,0.05,0.05,0,0,1
FINNIFTY17SEP2426300CE.NFO,2024-09-04,09:58:00,2024-09-17,0.05,0.05,0.05,0.05,0,0,1
FINNIFTY17SEP2426300CE.NFO,2024-09-04,09:59:00,2024-09-17,0.05,0.05,0.05,0.05,0,0,1
FINNIFTY17SEP2426300CE.NFO,2024-09-04,10:00:00,2024-09-17,0.05,0.05,0.05,0.05,0,0,1
FINNIFTY17SEP2426300CE.NFO,2024-09-04,10:01:00,2024-09-17,0.05,0.05,0.05,0.05,0,0,1
FINNIFTY17SEP2426300CE.NFO,2024-09-04,10:02:00,2024-09-17,0.05,0.05,0.05,0.05,0,0,1
FINNIFTY17SEP2426300CE.NFO,2024-09-04,10:03:00,2024-09-17,0.05,0.05,0.05,0.05,0,0,1
FINNIFTY17SEP2426300CE.NFO,2024-09-04,10:04:00,2024-09-17,0.05,0.05,0.05,0.05,0,0,1
FINNIFTY17SEP2426300CE.NFO,2024-09-04,10:05:00,2024-09-17,0.05,0.05,0.05,0.05,0,0,1
FINNIFTY17SEP2426300CE.NFO,2024-09-04,10:06:00,2024-09-17,0.05,0.05,0.05,0.05,0,0,1
FINNIFTY17SEP2426300CE.NFO,2024-09-04,10:07:00,2024-09-17,0.05,0.05,0.05,0.05,0,0,1
FINNIFTY17SEP2426300CE.NFO,2024-09-04,10:08:00,2024-09-17,0.05,0.05,0.05,0.05,0,0,1
FINNIFTY17SEP2426300CE.NFO,2024-09-04,10:09:00,2024-09-17,0.05,0.05,0.05,0.05,0,0,1
FINNIFTY17SEP2426300CE.NFO,2024-09-04,10:10:00,2024-09-17,0.05,0.05,0.05,0.05,0,0,1
FINNIFTY17SEP2426300CE.NFO,2024-09-04,10:11:00,2024-09-17,0.05,0.05,0.05,0.05,0,0,1
FINNIFTY17SEP2426300CE.NFO,2024-09-04,10:12:00,2024-09-17,0.05,0.05,0.05,0.05,0,0,1
FINNIFTY17SEP2426300CE.NFO,2024-09-04,10:13:00,2024-09-17,0.05,0.05,0.05,0.05,0,0,1
FINNIFTY17SEP2426300CE.NFO,2024-09-04,10:14:00,2024-09-17,0.05,0.05,0.05,0.05,0,0,1
FINNIFTY17SEP2426300CE.NFO,2024-09-04,10:15:00,2024-09-17,0.05,0.05,0.05,0.05,0,0,1
FINNIFTY17SEP2426300CE.NFO,2024-09-04,10:16:00,2024-09-17,0.05,0.05,0.05,0.05,0,0,1
FINNIFTY17SEP2426300CE.NFO,2024-09-04,10:17:00,2024-09-17,0.05,0.05,0.05,0.05,0,0,1
FINNIFTY17SEP2426300CE.NFO,2024-09-04,10:18:00,2024-09-17,0.05,0.05,0.05,0.05,0,0,1
FINNIFTY17SEP2426300CE.NFO,2024-09-04,10:19:00,2024-09-17,0.05,0.05,0.05,0.05,0,0,1
FINNIFTY17SEP2426300CE.NFO,2024-09-04,10:20:00,2024-09-17,0.05,0.05,0.05,0.05,0,0,1
FINNIFTY17SEP2426300CE.NFO,2024-09-04,10:21:00,2024-09-17,0.05,0.05,0.05,0.05,0,0,1
FINNIFTY17SEP2426300CE.NFO,2024-09-04,10:22:00,2024-09-17,0.05,0.05,0.05,0.05,0,0,1
FINNIFTY17SEP2426300CE.NFO,2024-09-04,10:23:00,2024-09-17,0.05,0.05,0.05,0.05,0,0,1
FINNIFTY17SEP2426300CE.NFO,2024-09-04,10:24:00,2024-09-17,0.05,0.05,0.05,0.05,0,0,1
FINNIFTY17SEP2426300CE.NFO,2024-09-04,10:25:00,2024-09-17,0.05,0.05,0.05,0.05,0,0,1
FINNIFTY17SEP2426300CE.NFO,2024-09-04,10:26:00,2024-09-17,0.05,0.05,0.05,0.05,0,0,1
FINNIFTY17SEP2426300CE.NFO,2024-09-04,10:27:00,2024-09-17,0.05,0.05,0.05,0.05,0,0,1
FINNIFTY17SEP2426300CE.NFO,2024-09-04,10:28:00,2024-09-17,0.05,0.05,0.05,0.05,0,0,1
FINNIFTY17SEP2426300CE.NFO,2024-09-04,10:29:00,2024-09-17,0.05,0.05,0.05,0.05,0,0,1
FINNIFTY17SEP2426300CE.NFO,2024-09-04,10:30:00,2024-09-17,0.05,0.05,0.05,0.05,0,0,1
FINNIFTY17SEP2426300CE.NFO,2024-09-04,10:31:00,2024-09-17,0.05,0.05,0.05,0.05,0,0,1
FINNIFTY17SEP2426300CE.NFO,2024-09-04,10:32:00,2024-09-17,0.05,0.05,0.05,0.05,0,0,1
FINNIFTY17SEP2426300CE.NFO,2024-09-04,10:33:00,2024-09-17,0.05,0.05,0.05,0.05,0,0,1
FINNIFTY17SEP2426300CE.NFO,2024-09-04,10:34:00,2024-09-17,0.05,0.05,0.05,0.05,0,0,1
FINNIFTY17SEP2426300CE.NFO,2024-09-04,10:35:00,2024-09-17,0.05,0.05,0.05,0.05,0,0,1
FINNIFTY17SEP2426300CE.NFO,2024-09-04,10:36:00,2024-09-17,0.05,0.05,0.05,0.05,0,0,1
FINNIFTY17SEP2426300CE.NFO,2024-09-04,10:37:00,2024-09-17,0.05,0.05,0.05,0.05,0,0,1
FINNIFTY17SEP2426300CE.NFO,2024-09-04,10:38:00,2024-09-17,0.05,0.05,0.05,0.05,0,0,1
FINNIFTY17SEP2426300CE.NFO,2024-09-04,10:39:00,2024-09-17,0.05,0.05,0.05,0.05,0,0,1
FINNIFTY17SEP2426300CE.NFO,2024-09-04,10:40:00,2024-09-17,0.05,0.05,0.05,0.05,0,0,1
FINNIFTY17SEP2426300CE.NFO,2024-09-04,10:41:00,2024-09-17,0.05,0.05,0.05,0.05,0,0,1
FINNIFTY17SEP2426300CE.NFO,2024-09-04,10:42:00,2024-09-17,0.05,0.05,0.05,0.05,0,0,1
FINNIFTY17SEP2426300CE.NFO,2024-09-04,10:43:00,2024-09-17,0.05,0.05,0.05,0.05,0,0,1
FINNIFTY17SEP2426300CE.NFO,2024-09-04,10:44:00,2024-09-17,0.05,0.05,0.05,0.05,0,0,1
FINNIFTY17SEP2426300CE.NFO,2024-09-04,10:45:00,2024-09-17,0.05,0.05,0.05,0.05,0,0,1
FINNIFTY17SEP2426300CE.NFO,2024-09-04,10:46:00,2024-09-17,0.05,0.05,0.05,0.05,0,0,1
FINNIFTY17SEP2426300CE.NFO,2024-09-04,10:47:00,2024-09-17,0.05,0.05,0.05,0.05,0,0,1
FINNIFTY17SEP2426300CE.NFO,2024-09-04,10:48:00,2024-09-17,0.05,0.05,0.05,0.05,0,0,1
FINNIFTY17SEP2426300CE.NFO,2024-09-04,10:49:00,2024-09-17,0.05,0.05,0.05,0.05,0,0,1
FINNIFTY17SEP2426300CE.NFO,2024-09-04,10:50:00,2024-09-17,0.05,0.05,0.05,0.05,0,0,1
FINNIFTY17SEP2426300CE.NFO,2024-09-04,10:51:00,2024-09-17,0.05,0.05,0.05,0.05,0,0,1
FINNIFTY17SEP2426300CE.NFO,2024-09-04,10:52:00,2024-09-17,0.05,0.05,0.05,0.05,0,0,1
FINNIFTY17SEP2426300CE.NFO,2024-09-04,10:53:00,2024-09-17,0.05,0.05,0.05,0.05,0,0,1
FINNIFTY17SEP2426300CE.NFO,2024-09-04,10:54:00,2024-09-17,0.05,0.05,0.05,0.05,0,0,1
FINNIFTY17SEP2426300CE.NFO,2024-09-04,10:55:00,2024-09-17,0.05,0.05,0.05,0.05,0,0,1
FINNIFTY17SEP2426300CE.NFO,2024-09-04,10:56:00,2024-09-17,0.05,0.05,0.05,0.05,0,0,1
FINNIFTY17SEP2426300CE.NFO,2024-09-04,10:57:00,2024-09-17,0.05,0.05,0.05,0.05,0,0,1
FINNIFTY17SEP2426300CE.NFO,2024-09-04,10:58:00,2024-09-17,0.05,0.05,0.05,0.05,0,0,1
FINNIFTY17SEP2426300CE.NFO,2024-09-04,10:59:00,2024-09-17,0.05,0.05,0.05,0.05,0,0,1
FINNIFTY17SEP2426300CE.NFO,2024-09-04,11:00:00,2024-09-17,0.05,0.05,0.05,0.05,0,0,1
FINNIFTY17SEP2426300CE.NFO,2024-09-04,11:01:00,2024-09-17,0.05,0.05,0.05,0.05,0,0,1
FINNIFTY17SEP2426300CE.NFO,2024-09-04,11:02:00,2024-09-17,0.05,0.05,0.05,0.05,0,0,1
FINNIFTY17SEP2426300CE.NFO,2024-09-04,11:03:00,2024-09-17,0.05,0.05,0.05,0.05,0,0,1
FINNIFTY17SEP2426300CE.NFO,2024-09-04,11:04:00,2024-09-17,0.05,0.05,0.05,0.05,0,0,1
FINNIFTY17SEP2426300CE.NFO,2024-09-04,11:05:00,2024-09-17,0.05,0.05,0.05,0.05,0,0,1
FINNIFTY17SEP2426300CE.NFO,2024-09-04,11:06:00,2024-09-17,0.05,0.05,0.05,0.05,0,0,1
FINNIFTY17SEP2426300CE.NFO,2024-09-04,11:07:00,2024-09-17,0.05,0.05,0.05,0.05,0,0,1
FINNIFTY17SEP2426300CE.NFO,2024-09-04,11:08:00,2024-09-17,0.05,0.05,0.05,0.05,0,0,1
FINNIFTY17SEP2426300CE.NFO,2024-09-04,11:09:00,2024-09-17,0.05,0.05,0.05,0.05,0,0,1
FINNIFTY17SEP2426300CE.NFO,2024-09-04,11:10:00,2024-09-17,0.05,0.05,0.05,0.05,0,0,1
FINNIFTY17SEP2426300CE.NFO,2024-09-04,11:11:00,2024-09-17,0.05,0.05,0.05,0.05,0,0,1
FINNIFTY17SEP2426300CE.NFO,2024-09-04,11:12:00,2024-09-17,0.05,0.05,0.05,0.05,0,0,1
FINNIFTY17SEP2426300CE.NFO,2024-09-04,11:13:00,2024-09-17,0.05,0.05,0.05,0.05,0,0,1
FINNIFTY17SEP2426300CE.NFO,2024-09-04,11:14:00,2024-09-17,0.05,0.05,0.05,0.05,0,0,1
FINNIFTY17SEP2426300CE.NFO,2024-09-04,11:15:00,2024-09-17,0.05,0.05,0.05,0.05,0,0,1
FINNIFTY17SEP2426300CE.NFO,2024-09-04,11:16:00,2024-09-17,0.05,0.05,0.05,0.05,0,0,1
FINNIFTY17SEP2426300CE.NFO,2024-09-04,11:17:00,2024-09-17,0.05,0.05,0.05,0.05,0,0,1
FINNIFTY17SEP2426300CE.NFO,2024-09-04,11:18:00,2024-09-17,0.05,0.05,0.05,0.05,0,0,1
FINNIFTY17SEP2426300CE.NFO,2024-09-04,11:19:00,2024-09-17,0.05,0.05,0.05,0.05,0,0,1
FINNIFTY17SEP2426300CE.NFO,2024-09-04,11:20:00,2024-09-17,0.05,0.05,0.05,0.05,0,0,1
FINNIFTY17SEP2426300CE.NFO,2024-09-04,11:21:00,2024-09-17,0.05,0.05,0.05,0.05,0,0,1
FINNIFTY17SEP2426300CE.NFO,2024-09-04,11:22:00,2024-09-17,0.05,0.05,0.05,0.05,0,0,1
FINNIFTY17SEP2426300CE.NFO,2024-09-04,11:23:00,2024-09-17,0.05,0.05,0.05,0.05,0,0,1
FINNIFTY17SEP2426300CE.NFO,2024-09-04,11:24:00,2024-09-17,0.05,0.05,0.05,0.05,0,0,1
FINNIFTY17SEP2426300CE.NFO,2024-09-04,11:25:00,2024-09-17,0.05,0.05,0.05,0.05,0,0,1
FINNIFTY17SEP2426300CE.NFO,2024-09-04,11:26:00,2024-09-17,0.05,0.05,0.05,0.05,0,0,1
FINNIFTY17SEP2426300CE.NFO,2024-09-04,11:27:00,2024-09-17,0.05,0.05,0.05,0.05,0,0,1
FINNIFTY17SEP2426300CE.NFO,2024-09-04,11:28:00,2024-09-17,0.05,0.05,0.05,0.05,0,0,1
FINNIFTY17SEP2426300CE.NFO,2024-09-04,11:29:00,2024-09-17,0.05,0.05,0.05,0.05,0,0,1
FINNIFTY17SEP2426300CE.NFO,2024-09-04,11:30:00,2024-09-17,0.05,0.05,0.05,0.05,0,0,1
FINNIFTY17SEP2426300CE.NFO,2024-09-04,11:31:00,2024-09-17,0.05,0.05,0.05,0.05,0,0,1
FINNIFTY17SEP2426300CE.NFO,2024-09-04,11:32:00,2024-09-17,0.05,0.05,0.05,0.05,0,0,1
FINNIFTY17SEP2426300CE.NFO,2024-09-04,11:33:00,2024-09-17,0.05,0.05,0.05,0.05,0,0,1
FINNIFTY17SEP2426300CE.NFO,2024-09-04,11:34:00,2024-09-17,0.05,0.05,0.05,0.05,0,0,1
FINNIFTY17SEP2426300CE.NFO,2024-09-04,11:35:00,2024-09-17,0.05,0.05,0.05,0.05,0,0,1
FINNIFTY17SEP2426300CE.NFO,2024-09-04,11:36:00,2024-09-17,0.05,0.05,0.05,0.05,0,0,1
FINNIFTY17SEP2426300CE.NFO,2024-09-04,11:37:00,2024-09-17,0.05,0.05,0.05,0.05,0,0,1
FINNIFTY17SEP2426300CE.NFO,2024-09-04,11:38:00,2024-09-17,0.05,0.05,0.05,0.05,0,0,1
FINNIFTY17SEP2426300CE.NFO,2024-09-04,11:39:00,2024-09-17,0.05,0.05,0.05,0.05,0,0,1
FINNIFTY17SEP2426300CE.NFO,2024-09-04,11:40:00,2024-09-17,0.05,0.05,0.05,0.05,0,0,1
FINNIFTY17SEP2426300CE.NFO,2024-09-04,11:41:00,2024-09-17,0.05,0.05,0.05,0.05,0,0,1
FINNIFTY17SEP2426300CE.NFO,2024-09-04,11:42:00,2024-09-17,0.05,0.05,0.05,0.05,0,0,1
FINNIFTY17SEP2426300CE.NFO,2024-09-04,11:43:00,2024-09-17,0.05,0.05,0.05,0.05,0,0,1
FINNIFTY17SEP2426300CE.NFO,2024-09-04,11:44:00,2024-09-17,0.05,0.05,0.05,0.05,0,0,1
FINNIFTY17SEP2426300CE.NFO,2024-09-04,11:45:00,2024-09-17,0.05,0.05,0.05,0.05,0,0,1
FINNIFTY17SEP2426300CE.NFO,2024-09-04,11:46:00,2024-09-17,0.05,0.05,0.05,0.05,0,0,1
FINNIFTY17SEP2426300CE.NFO,2024-09-04,11:47:00,2024-09-17,0.05,0.05,0.05,0.05,0,0,1
FINNIFTY17SEP2426300CE.NFO,2024-09-04,11:48:00,2024-09-17,0.05,0.05,0.05,0.05,0,0,1
FINNIFTY17SEP2426300CE.NFO,2024-09-04,11:49:00,2024-09-17,0.05,0.05,0.05,0.05,0,0,1
FINNIFTY17SEP2426300CE.NFO,2024-09-04,11:50:00,2024-09-17,0.05,0.05,0.05,0.05,0,0,1
FINNIFTY17SEP2426300CE.NFO,2024-09-04,11:51:00,2024-09-17,0.05,0.05,0.05,0.05,0,0,1
FINNIFTY17SEP2426300CE.NFO,2024-09-04,11:52:00,2024-09-17,0.05,0.05,0.05,0.05,0,0,1
FINNIFTY17SEP2426300CE.NFO,2024-09-04,11:53:00,2024-09-17,0.05,0.05,0.05,0.05,0,0,1
FINNIFTY17SEP2426300CE.NFO,2024-09-04,11:54:00,2024-09-17,0.05,0.05,0.05,0.05,0,0,1
FINNIFTY17SEP2426300CE.NFO,2024-09-04,11:55:00,2024-09-17,0.05,0.05,0.05,0.05,0,0,1
FINNIFTY17SEP2426300CE.NFO,2024-09-04,11:56:00,2024-09-17,0.05,0.05,0.05,0.05,0,0,1
FINNIFTY17SEP2426300CE.NFO,2024-09-04,11:57:00,2024-09-17,0.05,0.05,0.05,0.05,0,0,1
FINNIFTY17SEP2426300CE.NFO,2024-09-04,11:58:00,2024-09-17,0.05,0.05,0.05,0.05,0,0,1
FINNIFTY17SEP2426300CE.NFO,2024-09-04,11:59:00,2024-09-17,0.05,0.05,0.05,0.05,0,0,1
FINNIFTY17SEP2426300CE.NFO,2024-09-04,12:00:00,2024-09-17,0.05,0.05,0.05,0.05,0,0,1
FINNIFTY17SEP2426300CE.NFO,2024-09-04,12:01:00,2024-09-17,0.05,0.05,0.05,0.05,0,0,1
FINNIFTY17SEP2426300CE.NFO,2024-09-04,12:02:00,2024-09-17,0.05,0.05,0.05,0.05,0,0,1
FINNIFTY17SEP2426300CE.NFO,2024-09-04,12:03:00,2024-09-17,0.05,0.05,0.05,0.05,0,0,1
FINNIFTY17SEP2426300CE.NFO,2024-09-04,12:04:00,2024-09-17,0.05,0.05,0.05,0.05,0,0,1
FINNIFTY17SEP2426300CE.NFO,2024-09-04,12:05:00,2024-09-17,0.05,0.05,0.05,0.05,0,0,1
FINNIFTY17SEP2426300CE.NFO,2024-09-04,12:06:00,2024-09-17,0.05,0.05,0.05,0.05,0,0,1
FINNIFTY17SEP2426300CE.NFO,2024-09-04,12:07:00,2024-09-17,0.05,0.05,0.05,0.05,0,0,1
FINNIFTY17SEP2426300CE.NFO,2024-09-04,12:08:00,2024-09-17,0.05,0.05,0.05,0.05,0,0,1
FINNIFTY17SEP2426300CE.NFO,2024-09-04,12:09:00,2024-09-17,0.05,0.05,0.05,0.05,0,0,1
FINNIFTY17SEP2426300CE.NFO,2024-09-04,12:10:00,2024-09-17,0.05,0.05,0.05,0.05,0,0,1
FINNIFTY17SEP2426300CE.NFO,2024-09-04,12:11:00,2024-09-17,0.05,0.05,0.05,0.05,0,0,1
FINNIFTY17SEP2426300CE.NFO,2024-09-04,12:12:00,2024-09-17,0.05,0.05,0.05,0.05,0,0,1
FINNIFTY17SEP2426300CE.NFO,2024-09-04,12:13:00,2024-09-17,0.05,0.05,0.05,0.05,0,0,1
FINNIFTY17SEP2426300CE.NFO,2024-09-04,12:14:00,2024-09-17,0.05,0.05,0.05,0.05,0,0,1
FINNIFTY17SEP2426300CE.NFO,2024-09-04,12:15:00,2024-09-17,0.05,0.05,0.05,0.05,0,0,1
FINNIFTY17SEP2426300CE.NFO,2024-09-04,12:16:00,2024-09-17,0.05,0.05,0.05,0.05,0,0,1
FINNIFTY17SEP2426300CE.NFO,2024-09-04,12:17:00,2024-09-17,0.05,0.05,0.05,0.05,0,0,1
FINNIFTY17SEP2426300CE.NFO,2024-09-04,12:18:00,2024-09-17,0.05,0.05,0.05,0.05,0,0,1
FINNIFTY17SEP2426300CE.NFO,2024-09-04,12:19:00,2024-09-17,0.05,0.05,0.05,0.05,0,0,1
FINNIFTY17SEP2426300CE.NFO,2024-09-04,12:20:00,2024-09-17,0.05,0.05,0.05,0.05,0,0,1
FINNIFTY17SEP2426300CE.NFO,2024-09-04,12:21:00,2024-09-17,0.05,0.05,0.05,0.05,0,0,1
FINNIFTY17SEP2426300CE.NFO,2024-09-04,12:22:00,2024-09-17,0.05,0.05,0.05,0.05,0,0,1
FINNIFTY17SEP2426300CE.NFO,2024-09-04,12:23:00,2024-09-17,0.05,0.05,0.05,0.05,0,0,1
FINNIFTY17SEP2426300CE.NFO,2024-09-04,12:24:00,2024-09-17,0.05,0.05,0.05,0.05,0,0,1
FINNIFTY17SEP2426300CE.NFO,2024-09-04,12:25:00,2024-09-17,0.05,0.05,0.05,0.05,0,0,1
FINNIFTY17SEP2426300CE.NFO,2024-09-04,12:26:00,2024-09-17,0.05,0.05,0.05,0.05,0,0,1
FINNIFTY17SEP2426300CE.NFO,2024-09-04,12:27:00,2024-09-17,0.05,0.05,0.05,0.05,0,0,1
FINNIFTY17SEP2426300CE.NFO,2024-09-04,12:28:00,2024-09-17,0.05,0.05,0.05,0.05,0,0,1
FINNIFTY17SEP2426300CE.NFO,2024-09-04,12:29:00,2024-09-17,0.05,0.05,0.05,0.05,0,0,1
FINNIFTY17SEP2426300CE.NFO,2024-09-04,12:30:00,2024-09-17,0.05,0.05,0.05,0.05,0,0,1
FINNIFTY17SEP2426300CE.NFO,2024-09-04,12:31:00,2024-09-17,0.05,0.05,0.05,0.05,0,0,1
FINNIFTY17SEP2426300CE.NFO,2024-09-04,12:32:00,2024-09-17,0.05,0.05,0.05,0.05,0,0,1
FINNIFTY17SEP2426300CE.NFO,2024-09-04,12:33:00,2024-09-17,0.05,0.05,0.05,0.05,0,0,1
FINNIFTY17SEP2426300CE.NFO,2024-09-04,12:34:00,2024-09-17,0.05,0.05,0.05,0.05,0,0,1
FINNIFTY17SEP2426300CE.NFO,2024-09-04,12:35:00,2024-09-17,0.05,0.05,0.05,0.05,0,0,1
FINNIFTY17SEP2426300CE.NFO,2024-09-04,12:36:00,2024-09-17,0.05,0.05,0.05,0.05,0,0,1
FINNIFTY17SEP2426300CE.NFO,2024-09-04,12:37:00,2024-09-17,0.05,0.05,0.05,0.05,0,0,1
FINNIFTY17SEP2426300CE.NFO,2024-09-04,12:38:00,2024-09-17,0.05,0.05,0.05,0.05,0,0,1
FINNIFTY17SEP2426300CE.NFO,2024-09-04,12:39:00,2024-09-17,0.05,0.05,0.05,0.05,0,0,1
FINNIFTY17SEP2426300CE.NFO,2024-09-04,12:40:00,2024-09-17,0.05,0.05,0.05,0.05,0,0,1
FINNIFTY17SEP2426300CE.NFO,2024-09-04,12:41:00,2024-09-17,0.05,0.05,0.05,0.05,0,0,1
FINNIFTY17SEP2426300CE.NFO,2024-09-04,12:42:00,2024-09-17,0.05,0.05,0.05,0.05,0,0,1
FINNIFTY17SEP2426300CE.NFO,2024-09-04,12:43:00,2024-09-17,0.05,0.05,0.05,0.05,0,0,1
FINNIFTY17SEP2426300CE.NFO,2024-09-04,12:44:00,2024-09-17,0.05,0.05,0.05,0.05,0,0,1
FINNIFTY17SEP2426300CE.NFO,2024-09-04,12:45:00,2024-09-17,0.05,0.05,0.05,0.05,0,0,1
FINNIFTY17SEP2426300CE.NFO,2024-09-04,12:46:00,2024-09-17,0.05,0.05,0.05,0.05,0,0,1
FINNIFTY17SEP2426300CE.NFO,2024-09-04,12:47:00,2024-09-17,0.05,0.05,0.05,0.05,0,0,1
FINNIFTY17SEP2426300CE.NFO,2024-09-04,12:48:00,2024-09-17,0.05,0.05,0.05,0.05,0,0,1
FINNIFTY17SEP2426300CE.NFO,2024-09-04,12:49:00,2024-09-17,0.05,0.05,0.05,0.05,0,0,1
FINNIFTY17SEP2426300CE.NFO,2024-09-04,12:50:00,2024-09-17,0.05,0.05,0.05,0.05,0,0,1
FINNIFTY17SEP2426300CE.NFO,2024-09-04,12:51:00,2024-09-17,0.05,0.05,0.05,0.05,0,0,1
FINNIFTY17SEP2426300CE.NFO,2024-09-04,12:52:00,2024-09-17,0.05,0.05,0.05,0.05,0,0,1
FINNIFTY17SEP2426300CE.NFO,2024-09-04,12:53:00,2024-09-17,0.05,0.05,0.05,0.05,0,0,1
FINNIFTY17SEP2426300CE.NFO,2024-09-04,12:54:00,2024-09-17,0.05,0.05,0.05,0.05,0,0,1
FINNIFTY17SEP2426300CE.NFO,2024-09-04,12:55:00,2024-09-17,0.05,0.05,0.05,0.05,0,0,1
FINNIFTY17SEP2426300CE.NFO,2024-09-04,12:56:00,2024-09-17,0.05,0.05,0.05,0.05,0,0,1
FINNIFTY17SEP2426300CE.NFO,2024-09-04,12:57:00,2024-09-17,0.05,0.05,0.05,0.05,0,0,1
FINNIFTY17SEP2426300CE.NFO,2024-09-04,12:58:00,2024-09-17,0.05,0.05,0.05,0.05,0,0,1
FINNIFTY17SEP2426300CE.NFO,2024-09-04,12:59:00,2024-09-17,0.05,0.05,0.05,0.05,0,0,1
FINNIFTY17SEP2426300CE.NFO,2024-09-04,13:00:00,2024-09-17,0.05,0.05,0.05,0.05,0,0,1
FINNIFTY17SEP2426300CE.NFO,2024-09-04,13:01:00,2024-09-17,0.05,0.05,0.05,0.05,0,0,1
FINNIFTY17SEP2426300CE.NFO,2024-09-04,13:02:00,2024-09-17,0.05,0.05,0.05,0.05,0,0,1
FINNIFTY17SEP2426300CE.NFO,2024-09-04,13:03:00,2024-09-17,0.05,0.05,0.05,0.05,0,0,1
FINNIFTY17SEP2426300CE.NFO,2024-09-04,13:04:00,2024-09-17,0.05,0.05,0.05,0.05,0,0,1
FINNIFTY17SEP2426300CE.NFO,2024-09-04,13:05:00,2024-09-17,0.05,0.05,0.05,0.05,0,0,1
FINNIFTY17SEP2426300CE.NFO,2024-09-04,13:06:00,2024-09-17,0.05,0.05,0.05,0.05,0,0,1
FINNIFTY17SEP2426300CE.NFO,2024-09-04,13:07:00,2024-09-17,0.05,0.05,0.05,0.05,0,0,1
FINNIFTY17SEP2426300CE.NFO,2024-09-04,13:08:00,2024-09-17,0.05,0.05,0.05,0.05,0,0,1
FINNIFTY17SEP2426300CE.NFO,2024-09-04,13:09:00,2024-09-17,0.05,0.05,0.05,0.05,0,0,1
FINNIFTY17SEP2426300CE.NFO,2024-09-04,13:10:00,2024-09-17,0.05,0.05,0.05,0.05,0,0,1
FINNIFTY17SEP2426300CE.NFO,2024-09-04,13:11:00,2024-09-17,0.05,0.05,0.05,0.05,0,0,1
FINNIFTY17SEP2426300CE.NFO,2024-09-04,13:12:00,2024-09-17,0.05,0.05,0.05,0.05,0,0,1
FINNIFTY17SEP2426300CE.NFO,2024-09-04,13:13:00,2024-09-17,0.05,0.05,0.05,0.05,0,0,1
FINNIFTY17SEP2426300CE.NFO,2024-09-04,13:14:00,2024-09-17,0.05,0.05,0.05,0.05,0,0,1
FINNIFTY17SEP2426300CE.NFO,2024-09-04,13:15:00,2024-09-17,0.05,0.05,0.05,0.05,0,0,1
FINNIFTY17SEP2426300CE.NFO,2024-09-04,13:16:00,2024-09-17,0.05,0.05,0.05,0.05,0,0,1
FINNIFTY17SEP2426300CE.NFO,2024-09-04,13:17:00,2024-09-17,0.05,0.05,0.05,0.05,0,0,1
FINNIFTY17SEP2426300CE.NFO,2024-09-04,13:18:00,2024-09-17,0.05,0.05,0.05,0.05,0,0,1
FINNIFTY17SEP2426300CE.NFO,2024-09-04,13:19:00,2024-09-17,0.05,0.05,0.05,0.05,0,0,1
FINNIFTY17SEP2426300CE.NFO,2024-09-04,13:20:00,2024-09-17,0.05,0.05,0.05,0.05,0,0,1
FINNIFTY17SEP2426300CE.NFO,2024-09-04,13:21:00,2024-09-17,0.05,0.05,0.05,0.05,0,0,1
FINNIFTY17SEP2426300CE.NFO,2024-09-04,13:22:00,2024-09-17,0.05,0.05,0.05,0.05,0,0,1
FINNIFTY17SEP2426300CE.NFO,2024-09-04,13:23:00,2024-09-17,0.05,0.05,0.05,0.05,0,0,1
FINNIFTY17SEP2426300CE.NFO,2024-09-04,13:24:00,2024-09-17,0.05,0.05,0.05,0.05,0,0,1
FINNIFTY17SEP2426300CE.NFO,2024-09-04,13:25:00,2024-09-17,0.05,0.05,0.05,0.05,0,0,1
FINNIFTY17SEP2426300CE.NFO,2024-09-04,13:26:00,2024-09-17,0.05,0.05,0.05,0.05,0,0,1
FINNIFTY17SEP2426300CE.NFO,2024-09-04,13:27:00,2024-09-17,0.05,0.05,0.05,0.05,0,0,1
FINNIFTY17SEP2426300CE.NFO,2024-09-04,13:28:00,2024-09-17,0.05,0.05,0.05,0.05,0,0,1
FINNIFTY17SEP2426300CE.NFO,2024-09-04,13:29:00,2024-09-17,0.05,0.05,0.05,0.05,0,0,1
FINNIFTY17SEP2426300CE.NFO,2024-09-04,13:30:00,2024-09-17,0.05,0.05,0.05,0.05,0,0,1
FINNIFTY17SEP2426300CE.NFO,2024-09-04,13:31:00,2024-09-17,0.05,0.05,0.05,0.05,0,0,1
FINNIFTY17SEP2426300CE.NFO,2024-09-04,13:32:00,2024-09-17,0.05,0.05,0.05,0.05,0,0,1
FINNIFTY17SEP2426300CE.NFO,2024-09-04,13:33:00,2024-09-17,0.05,0.05,0.05,0.05,0,0,1
FINNIFTY17SEP2426300CE.NFO,2024-09-04,13:34:00,2024-09-17,0.05,0.05,0.05,0.05,0,0,1
FINNIFTY17SEP2426300CE.NFO,2024-09-04,13:35:00,2024-09-17,0.05,0.05,0.05,0.05,0,0,1
FINNIFTY17SEP2426300CE.NFO,2024-09-04,13:36:00,2024-09-17,0.05,0.05,0.05,0.05,0,0,1
FINNIFTY17SEP2426300CE.NFO,2024-09-04,13:37:00,2024-09-17,0.05,0.05,0.05,0.05,0,0,1
FINNIFTY17SEP2426300CE.NFO,2024-09-04,13:38:00,2024-09-17,0.05,0.05,0.05,0.05,0,0,1
FINNIFTY17SEP2426300CE.NFO,2024-09-04,13:39:00,2024-09-17,0.05,0.05,0.05,0.05,0,0,1
FINNIFTY17SEP2426300CE.NFO,2024-09-04,13:40:00,2024-09-17,0.05,0.05,0.05,0.05,0,0,1
FINNIFTY17SEP2426300CE.NFO,2024-09-04,13:41:00,2024-09-17,0.05,0.05,0.05,0.05,0,0,1
FINNIFTY17SEP2426300CE.NFO,2024-09-04,13:42:00,2024-09-17,0.05,0.05,0.05,0.05,0,0,1
FINNIFTY17SEP2426300CE.NFO,2024-09-04,13:43:00,2024-09-17,0.05,0.05,0.05,0.05,0,0,1
FINNIFTY17SEP2426300CE.NFO,2024-09-04,13:44:00,2024-09-17,0.05,0.05,0.05,0.05,0,0,1
FINNIFTY17SEP2426300CE.NFO,2024-09-04,13:45:00,2024-09-17,0.05,0.05,0.05,0.05,0,0,1
FINNIFTY17SEP2426300CE.NFO,2024-09-04,13:46:00,2024-09-17,0.05,0.05,0.05,0.05,0,0,1
FINNIFTY17SEP2426300CE.NFO,2024-09-04,13:47:00,2024-09-17,0.05,0.05,0.05,0.05,0,0,1
FINNIFTY17SEP2426300CE.NFO,2024-09-04,13:48:00,2024-09-17,0.05,0.05,0.05,0.05,0,0,1
FINNIFTY17SEP2426300CE.NFO,2024-09-04,13:49:00,2024-09-17,0.05,0.05,0.05,0.05,0,0,1
FINNIFTY17SEP2426300CE.NFO,2024-09-04,13:50:00,2024-09-17,0.05,0.05,0.05,0.05,0,0,1
FINNIFTY17SEP2426300CE.NFO,2024-09-04,13:51:00,2024-09-17,0.05,0.05,0.05,0.05,0,0,1
FINNIFTY17SEP2426300CE.NFO,2024-09-04,13:52:00,2024-09-17,0.05,0.05,0.05,0.05,0,0,1
FINNIFTY17SEP2426300CE.NFO,2024-09-04,13:53:00,2024-09-17,0.05,0.05,0.05,0.05,0,0,1
FINNIFTY17SEP2426300CE.NFO,2024-09-04,13:54:00,2024-09-17,0.05,0.05,0.05,0.05,0,0,1
FINNIFTY17SEP2426300CE.NFO,2024-09-04,13:55:00,2024-09-17,0.05,0.05,0.05,0.05,0,0,1
FINNIFTY17SEP2426300CE.NFO,2024-09-04,13:56:00,2024-09-17,0.05,0.05,0.05,0.05,0,0,1
FINNIFTY17SEP2426300CE.NFO,2024-09-04,13:57:00,2024-09-17,0.05,0.05,0.05,0.05,0,0,1
FINNIFTY17SEP2426300CE.NFO,2024-09-04,13:58:00,2024-09-17,0.05,0.05,0.05,0.05,0,0,1
FINNIFTY17SEP2426300CE.NFO,2024-09-04,13:59:00,2024-09-17,0.05,0.05,0.05,0.05,0,0,1
FINNIFTY17SEP2426300CE.NFO,2024-09-04,14:00:00,2024-09-17,0.05,0.05,0.05,0.05,0,0,1
FINNIFTY17SEP2426300CE.NFO,2024-09-04,14:01:00,2024-09-17,0.05,0.05,0.05,0.05,0,0,1
FINNIFTY17SEP2426300CE.NFO,2024-09-04,14:02:00,2024-09-17,0.05,0.05,0.05,0.05,0,0,1
FINNIFTY17SEP2426300CE.NFO,2024-09-04,14:03:00,2024-09-17,0.05,0.05,0.05,0.05,0,0,1
FINNIFTY17SEP2426300CE.NFO,2024-09-04,14:04:00,2024-09-17,0.05,0.05,0.05,0.05,0,0,1
FINNIFTY17SEP2426300CE.NFO,2024-09-04,14:05:00,2024-09-17,0.05,0.05,0.05,0.05,0,0,1
FINNIFTY17SEP2426300CE.NFO,2024-09-04,14:06:00,2024-09-17,0.05,0.05,0.05,0.05,0,0,1
FINNIFTY17SEP2426300CE.NFO,2024-09-04,14:07:00,2024-09-17,0.05,0.05,0.05,0.05,0,0,1
FINNIFTY17SEP2426300CE.NFO,2024-09-04,14:08:00,2024-09-17,0.05,0.05,0.05,0.05,0,0,1
FINNIFTY17SEP2426300CE.NFO,2024-09-04,14:09:00,2024-09-17,0.05,0.05,0.05,0.05,0,0,1
FINNIFTY17SEP2426300CE.NFO,2024-09-04,14:10:00,2024-09-17,0.05,0.05,0.05,0.05,0,0,1
FINNIFTY17SEP2426300CE.NFO,2024-09-04,14:11:00,2024-09-17,0.05,0.05,0.05,0.05,0,0,1
FINNIFTY17SEP2426300CE.NFO,2024-09-04,14:12:00,2024-09-17,0.05,0.05,0.05,0.05,0,0,1
FINNIFTY17SEP2426300CE.NFO,2024-09-04,14:13:00,2024-09-17,0.05,0.05,0.05,0.05,0,0,1
FINNIFTY17SEP2426300CE.NFO,2024-09-04,14:14:00,2024-09-17,0.05,0.05,0.05,0.05,0,0,1
FINNIFTY17SEP2426300CE.NFO,2024-09-04,14:15:00,2024-09-17,0.05,0.05,0.05,0.05,0,0,1
FINNIFTY17SEP2426300CE.NFO,2024-09-04,14:16:00,2024-09-17,0.05,0.05,0.05,0.05,0,0,1
FINNIFTY17SEP2426300CE.NFO,2024-09-04,14:17:00,2024-09-17,0.05,0.05,0.05,0.05,0,0,1
FINNIFTY17SEP2426300CE.NFO,2024-09-04,14:18:00,2024-09-17,0.05,0.05,0.05,0.05,0,0,1
FINNIFTY17SEP2426300CE.NFO,2024-09-04,14:19:00,2024-09-17,0.05,0.05,0.05,0.05,0,0,1
FINNIFTY17SEP2426300CE.NFO,2024-09-04,14:20:00,2024-09-17,0.05,0.05,0.05,0.05,0,0,1
FINNIFTY17SEP2426300CE.NFO,2024-09-04,14:21:00,2024-09-17,0.05,0.05,0.05,0.05,0,0,1
FINNIFTY17SEP2426300CE.NFO,2024-09-04,14:22:00,2024-09-17,0.05,0.05,0.05,0.05,0,0,1
FINNIFTY17SEP2426300CE.NFO,2024-09-04,14:23:00,2024-09-17,0.05,0.05,0.05,0.05,0,0,1
FINNIFTY17SEP2426300CE.NFO,2024-09-04,14:24:00,2024-09-17,0.05,0.05,0.05,0.05,0,0,1
FINNIFTY17SEP2426300CE.NFO,2024-09-04,14:25:00,2024-09-17,0.05,0.05,0.05,0.05,0,0,1
FINNIFTY17SEP2426300CE.NFO,2024-09-04,14:26:00,2024-09-17,0.05,0.05,0.05,0.05,0,0,1
FINNIFTY17SEP2426300CE.NFO,2024-09-04,14:27:00,2024-09-17,0.05,0.05,0.05,0.05,0,0,1
FINNIFTY17SEP2426300CE.NFO,2024-09-04,14:28:00,2024-09-17,0.05,0.05,0.05,0.05,0,0,1
FINNIFTY17SEP2426300CE.NFO,2024-09-04,14:29:00,2024-09-17,0.05,0.05,0.05,0.05,0,0,1
FINNIFTY17SEP2426300CE.NFO,2024-09-04,14:30:00,2024-09-17,0.05,0.05,0.05,0.05,0,0,1
FINNIFTY17SEP2426300CE.NFO,2024-09-04,14:31:00,2024-09-17,0.05,0.05,0.05,0.05,0,0,1
FINNIFTY17SEP2426300CE.NFO,2024-09-04,14:32:00,2024-09-17,0.05,0.05,0.05,0.05,0,0,1
FINNIFTY17SEP2426300CE.NFO,2024-09-04,14:33:00,2024-09-17,0.05,0.05,0.05,0.05,0,0,1
FINNIFTY17SEP2426300CE.NFO,2024-09-04,14:34:00,2024-09-17,0.05,0.05,0.05,0.05,0,0,1
FINNIFTY17SEP2426300CE.NFO,2024-09-04,14:35:00,2024-09-17,0.05,0.05,0.05,0.05,0,0,1
FINNIFTY17SEP2426300CE.NFO,2024-09-04,14:36:00,2024-09-17,0.05,0.05,0.05,0.05,0,0,1
FINNIFTY17SEP2426300CE.NFO,2024-09-04,14:37:00,2024-09-17,0.05,0.05,0.05,0.05,0,0,1
FINNIFTY17SEP2426300CE.NFO,2024-09-04,14:38:00,2024-09-17,0.05,0.05,0.05,0.05,0,0,1
FINNIFTY17SEP2426300CE.NFO,2024-09-04,14:39:00,2024-09-17,0.05,0.05,0.05,0.05,0,0,1
FINNIFTY17SEP2426300CE.NFO,2024-09-04,14:40:00,2024-09-17,0.05,0.05,0.05,0.05,0,0,1
FINNIFTY17SEP2426300CE.NFO,2024-09-04,14:41:00,2024-09-17,0.05,0.05,0.05,0.05,0,0,1
FINNIFTY17SEP2426300CE.NFO,2024-09-04,14:42:00,2024-09-17,0.05,0.05,0.05,0.05,0,0,1
FINNIFTY17SEP2426300CE.NFO,2024-09-04,14:43:00,2024-09-17,0.05,0.05,0.05,0.05,0,0,1
FINNIFTY17SEP2426300CE.NFO,2024-09-04,14:44:00,2024-09-17,0.05,0.05,0.05,0.05,0,0,1
FINNIFTY17SEP2426300CE.NFO,2024-09-04,14:45:00,2024-09-17,0.05,0.05,0.05,0.05,0,0,1
FINNIFTY17SEP2426300CE.NFO,2024-09-04,14:46:00,2024-09-17,0.05,0.05,0.05,0.05,0,0,1
FINNIFTY17SEP2426300CE.NFO,2024-09-04,14:47:00,2024-09-17,0.05,0.05,0.05,0.05,0,0,1
FINNIFTY17SEP2426300CE.NFO,2024-09-04,14:48:00,2024-09-17,0.05,0.05,0.05,0.05,0,0,1
FINNIFTY17SEP2426300CE.NFO,2024-09-04,14:49:00,2024-09-17,0.05,0.05,0.05,0.05,0,0,1
FINNIFTY17SEP2426300CE.NFO,2024-09-04,14:50:00,2024-09-17,0.05,0.05,0.05,0.05,0,0,1
FINNIFTY17SEP2426300CE.NFO,2024-09-04,14:51:00,2024-09-17,0.05,0.05,0.05,0.05,0,0,1
FINNIFTY17SEP2426300CE.NFO,2024-09-04,14:52:00,2024-09-17,0.05,0.05,0.05,0.05,0,0,1
FINNIFTY17SEP2426300CE.NFO,2024-09-04,14:53:00,2024-09-17,0.05,0.05,0.05,0.05,0,0,1
FINNIFTY17SEP2426300CE.NFO,2024-09-04,14:54:00,2024-09-17,0.05,0.05,0.05,0.05,0,0,1
FINNIFTY17SEP2426300CE.NFO,2024-09-04,14:55:00,2024-09-17,0.05,0.05,0.05,0.05,0,0,1
FINNIFTY17SEP2426300CE.NFO,2024-09-04,14:56:00,2024-09-17,0.05,0.05,0.05,0.05,0,0,1
FINNIFTY17SEP2426300CE.NFO,2024-09-04,14:57:00,2024-09-17,0.05,0.05,0.05,0.05,0,0,1
FINNIFTY17SEP2426300CE.NFO,2024-09-04,14:58:00,2024-09-17,0.05,0.05,0.05,0.05,0,0,1
FINNIFTY17SEP2426300CE.NFO,2024-09-04,14:59:00,2024-09-17,0.05,0.05,0.05,0.05,0,0,1
FINNIFTY17SEP2426300CE.NFO,2024-09-04,15:00:00,2024-09-17,0.05,0.05,0.05,0.05,0,0,1
FINNIFTY17SEP2426300CE.NFO,2024-09-04,15:01:00,2024-09-17,0.05,0.05,0.05,0.05,0,0,1
FINNIFTY17SEP2426300CE.NFO,2024-09-04,15:02:00,2024-09-17,0.05,0.05,0.05,0.05,0,0,1
FINNIFTY17SEP2426300CE.NFO,2024-09-04,15:03:00,2024-09-17,0.05,0.05,0.05,0.05,0,0,1
FINNIFTY17SEP2426300CE.NFO,2024-09-04,15:04:00,2024-09-17,0.05,0.05,0.05,0.05,0,0,1
FINNIFTY17SEP2426300CE.NFO,2024-09-04,15:05:00,2024-09-17,0.05,0.05,0.05,0.05,0,0,1
FINNIFTY17SEP2426300CE.NFO,2024-09-04,15:06:00,2024-09-17,0.05,0.05,0.05,0.05,0,0,1
FINNIFTY17SEP2426300CE.NFO,2024-09-04,15:07:00,2024-09-17,0.05,0.05,0.05,0.05,0,0,1
FINNIFTY17SEP2426300CE.NFO,2024-09-04,15:08:00,2024-09-17,0.05,0.05,0.05,0.05,0,0,1
FINNIFTY17SEP2426300CE.NFO,2024-09-04,15:09:00,2024-09-17,0.05,0.05,0.05,0.05,0,0,1
FINNIFTY17SEP2426300CE.NFO,2024-09-04,15:10:00,2024-09-17,0.05,0.05,0.05,0.05,0,0,1
FINNIFTY17SEP2426300CE.NFO,2024-09-04,15:11:00,2024-09-17,0.05,0.05,0.05,0.05,0,0,1
FINNIFTY17SEP2426300CE.NFO,2024-09-04,15:12:00,2024-09-17,0.05,0.05,0.05,0.05,0,0,1
FINNIFTY17SEP2426300CE.NFO,2024-09-04,15:13:00,2024-09-17,0.05,0.05,0.05,0.05,0,0,1
FINNIFTY17SEP2426300CE.NFO,2024-09-04,15:14:00,2024-09-17,0.05,0.05,0.05,0.05,0,0,1
FINNIFTY17SEP2426300CE.NFO,2024-09-04,15:15:00,2024-09-17,0.05,0.05,0.05,0.05,0,0,1
FINNIFTY17SEP2426300CE.NFO,2024-09-04,15:16:00,2024-09-17,0.05,0.05,0.05,0.05,0,0,1
FINNIFTY17SEP2426300CE.NFO,2024-09-04,15:17:00,2024-09-17,0.05,0.05,0.05,0.05,0,0,1
FINNIFTY17SEP2426300CE.NFO,2024-09-04,15:18:00,2024-09-17,0.05,0.05,0.05,0.05,0,0,1
FINNIFTY17SEP2426300CE.NFO,2024-09-04,15:19:00,2024-09-17,0.05,0.05,0.05,0.05,0,0,1
FINNIFTY17SEP2426300CE.NFO,2024-09-04,15:20:00,2024-09-17,0.05,0.05,0.05,0.05,0,0,1
FINNIFTY17SEP2426300CE.NFO,2024-09-04,15:21:00,2024-09-17,0.05,0.05,0.05,0.05,0,0,1
FINNIFTY17SEP2426300CE.NFO,2024-09-04,15:22:00,2024-09-17,0.05,0.05,0.05,0.05,0,0,1
FINNIFTY17SEP2426300CE.NFO,2024-09-04,15:23:00,2024-09-17,0.05,0.05,0.05,0.05,0,0,1
FINNIFTY17SEP2426300CE.NFO,2024-09-04,15:24:00,2024-09-17,0.05,0.05,0.05,0.05,0,0,1
FINNIFTY17SEP2426300CE.NFO,2024-09-04,15:25:00,2024-09-17,0.05,0.05,0.05,0.05,0,0,1
FINNIFTY17SEP2426300CE.NFO,2024-09-04,15:26:00,2024-09-17,0.05,0.05,0.05,0.05,0,0,1
FINNIFTY17SEP2426300CE.NFO,2024-09-04,15:27:00,2024-09-17,0.05,0.05,0.05,0.05,0,0,1
FINNIFTY17SEP2426300CE.NFO,2024-09-04,15:28:00,2024-09-17,0.05,0.05,0.05,0.05,0,0,1
FINNIFTY17SEP2426300CE.NFO,2024-09-04,15:29:00,2024-09-17,0.05,0.05,0.05,0.05,0,0,1
FINNIFTY17SEP2426300CE.NFO,2024-09-04,15:30:00,2024-09-17,0.05,0.05,0.05,0.05,0,0,1
FINNIFTY17SEP2426300CE.NFO,2024-09-11,09:15:00,2024-09-17,1.65,1.65,1.65,1.65,0,0,0
FINNIFTY17SEP2426300CE.NFO,2024-09-11,09:16:00,2024-09-17,1.65,1.65,1.55,1.6,2275,0,0
FINNIFTY17SEP2426300CE.NFO,2024-09-11,09:17:00,2024-09-17,1.6,1.6,1.5,1.5,1750,0,0
FINNIFTY17SEP2426300CE.NFO,2024-09-11,09:18:00,2024-09-17,1.5,1.6,1.5,1.55,700,4400,0
FINNIFTY17SEP2426300CE.NFO,2024-09-11,09:19:00,2024-09-17,1.55,1.55,1.5,1.55,1075,4400,0
FINNIFTY17SEP2426300CE.NFO,2024-09-11,09:20:00,2024-09-17,1.55,1.55,1.55,1.55,700,4400,0
FINNIFTY17SEP2426300CE.NFO,2024-09-11,09:21:00,2024-09-17,1.55,1.55,1.55,1.55,1750,7950,0
FINNIFTY17SEP2426300CE.NFO,2024-09-11,09:22:00,2024-09-17,1.55,1.55,1.55,1.55,650,7950,0
FINNIFTY17SEP2426300CE.NFO,2024-09-11,09:23:00,2024-09-17,1.55,1.55,1.5,1.5,2550,7950,0
FINNIFTY17SEP2426300CE.NFO,2024-09-11,09:24:00,2024-09-17,1.5,1.65,1.5,1.65,3600,15850,0
FINNIFTY17SEP2426300CE.NFO,2024-09-11,09:25:00,2024-09-17,1.65,1.65,1.55,1.6,500,15850,0
FINNIFTY17SEP2426300CE.NFO,2024-09-11,09:26:00,2024-09-17,1.6,1.65,1.45,1.6,3350,15850,0
FINNIFTY17SEP2426300CE.NFO,2024-09-11,09:27:00,2024-09-17,1.6,1.6,1.6,1.6,1375,21475,0
FINNIFTY17SEP2426300CE.NFO,2024-09-11,09:28:00,2024-09-17,1.6,1.6,1.55,1.6,875,21475,0
FINNIFTY17SEP2426300CE.NFO,2024-09-11,09:29:00,2024-09-17,1.6,1.7,1.6,1.6,4700,21475,0
FINNIFTY17SEP2426300CE.NFO,2024-09-11,09:30:00,2024-09-17,1.6,1.6,1.6,1.6,325,21475,0
FINNIFTY17SEP2426300CE.NFO,2024-09-11,09:31:00,2024-09-17,1.5,1.5,1.5,1.5,900,27475,0
FINNIFTY17SEP2426300CE.NFO,2024-09-11,09:32:00,2024-09-17,1.5,1.5,1.5,1.5,175,27475,0
FINNIFTY17SEP2426300CE.NFO,2024-09-11,09:33:00,2024-09-17,1.5,1.7,1.45,1.55,15700,32650,0
FINNIFTY17SEP2426300CE.NFO,2024-09-11,09:34:00,2024-09-17,1.55,1.65,1.5,1.65,5450,32650,0
FINNIFTY17SEP2426300CE.NFO,2024-09-11,09:35:00,2024-09-17,1.65,1.65,1.5,1.5,350,32650,0
FINNIFTY17SEP2426300CE.NFO,2024-09-11,09:36:00,2024-09-17,1.5,1.55,1.4,1.5,2775,32650,0
FINNIFTY17SEP2426300CE.NFO,2024-09-11,09:37:00,2024-09-17,1.5,1.5,1.5,1.5,0,32650,0
FINNIFTY17SEP2426300CE.NFO,2024-09-11,09:38:00,2024-09-17,1.5,1.5,1.5,1.5,0,32650,0
FINNIFTY17SEP2426300CE.NFO,2024-09-11,09:39:00,2024-09-17,1.55,1.55,1.5,1.5,2550,50300,0
FINNIFTY17SEP2426300CE.NFO,2024-09-11,09:40:00,2024-09-17,1.5,1.55,1.45,1.45,200,50300,0
FINNIFTY17SEP2426300CE.NFO,2024-09-11,09:41:00,2024-09-17,1.45,1.55,1.45,1.55,250,50300,0
FINNIFTY17SEP2426300CE.NFO,2024-09-11,09:42:00,2024-09-17,1.55,1.55,1.4,1.55,2675,50775,0
FINNIFTY17SEP2426300CE.NFO,2024-09-11,09:43:00,2024-09-17,1.55,1.6,1.5,1.55,3875,50775,0
FINNIFTY17SEP2426300CE.NFO,2024-09-11,09:44:00,2024-09-17,1.55,1.55,1.45,1.45,1525,50775,0
FINNIFTY17SEP2426300CE.NFO,2024-09-11,09:45:00,2024-09-17,1.45,1.45,1.4,1.4,125,51325,0
FINNIFTY17SEP2426300CE.NFO,2024-09-11,09:46:00,2024-09-17,1.4,1.4,1.4,1.4,175,51325,0
FINNIFTY17SEP2426300CE.NFO,2024-09-11,09:47:00,2024-09-17,1.4,1.45,1.4,1.4,1700,51325,0
FINNIFTY17SEP2426300CE.NFO,2024-09-11,09:48:00,2024-09-17,1.4,1.5,1.35,1.5,1100,51550,0
FINNIFTY17SEP2426300CE.NFO,2024-09-11,09:49:00,2024-09-17,1.5,1.5,1.45,1.5,125,51550,0
FINNIFTY17SEP2426300CE.NFO,2024-09-11,09:50:00,2024-09-17,1.5,1.55,1.45,1.55,1950,51550,0
FINNIFTY17SEP2426300CE.NFO,2024-09-11,09:51:00,2024-09-17,1.55,1.6,1.55,1.55,1075,54100,0
FINNIFTY17SEP2426300CE.NFO,2024-09-11,09:52:00,2024-09-17,1.55,1.55,1.55,1.55,175,54100,0
FINNIFTY17SEP2426300CE.NFO,2024-09-11,09:53:00,2024-09-17,1.5,1.5,1.5,1.5,0,54100,0
FINNIFTY17SEP2426300CE.NFO,2024-09-11,09:54:00,2024-09-17,1.5,1.5,1.5,1.5,0,54100,0
FINNIFTY17SEP2426300CE.NFO,2024-09-11,09:55:00,2024-09-17,1.5,1.5,1.5,1.5,0,54100,0
FINNIFTY17SEP2426300CE.NFO,2024-09-11,09:56:00,2024-09-17,1.5,1.5,1.5,1.5,1500,54100,0
FINNIFTY17SEP2426300CE.NFO,2024-09-11,09:57:00,2024-09-17,1.5,1.5,1.5,1.5,0,54100,0
FINNIFTY17SEP2426300CE.NFO,2024-09-11,09:58:00,2024-09-17,1.5,1.5,1.5,1.5,0,54100,0
FINNIFTY17SEP2426300CE.NFO,2024-09-11,09:59:00,2024-09-17,1.5,1.5,1.5,1.5,0,54350,0
FINNIFTY17SEP2426300CE.NFO,2024-09-11,10:00:00,2024-09-17,1.5,1.5,1.5,1.5,0,54350,0
FINNIFTY17SEP2426300CE.NFO,2024-09-11,10:01:00,2024-09-17,1.45,1.45,1.45,1.45,175,54425,0
FINNIFTY17SEP2426300CE.NFO,2024-09-11,10:02:00,2024-09-17,1.45,1.45,1.45,1.45,100,54425,0
FINNIFTY17SEP2426300CE.NFO,2024-09-11,10:03:00,2024-09-17,1.45,1.45,1.45,1.45,300,54450,0
FINNIFTY17SEP2426300CE.NFO,2024-09-11,10:04:00,2024-09-17,1.45,1.45,1.45,1.45,0,54450,0
FINNIFTY17SEP2426300CE.NFO,2024-09-11,10:05:00,2024-09-17,1.45,1.45,1.45,1.45,0,54450,0
FINNIFTY17SEP2426300CE.NFO,2024-09-11,10:06:00,2024-09-17,1.45,1.45,1.45,1.45,0,54450,0
FINNIFTY17SEP2426300CE.NFO,2024-09-11,10:07:00,2024-09-17,1.45,1.45,1.45,1.45,0,54450,0
FINNIFTY17SEP2426300CE.NFO,2024-09-11,10:08:00,2024-09-17,1.45,1.45,1.45,1.45,0,54450,0
FINNIFTY17SEP2426300CE.NFO,2024-09-11,10:09:00,2024-09-17,1.45,1.45,1.45,1.45,0,54450,0
FINNIFTY17SEP2426300CE.NFO,2024-09-11,10:10:00,2024-09-17,1.45,1.45,1.45,1.45,0,54450,0
FINNIFTY17SEP2426300CE.NFO,2024-09-11,10:11:00,2024-09-17,1.45,1.45,1.4,1.4,350,54600,0
FINNIFTY17SEP2426300CE.NFO,2024-09-11,10:12:00,2024-09-17,1.4,1.4,1.4,1.4,525,53975,0
FINNIFTY17SEP2426300CE.NFO,2024-09-11,10:13:00,2024-09-17,1.4,1.4,1.35,1.35,850,53975,0
FINNIFTY17SEP2426300CE.NFO,2024-09-11,10:14:00,2024-09-17,1.35,1.4,1.35,1.35,475,53975,0
FINNIFTY17SEP2426300CE.NFO,2024-09-11,10:15:00,2024-09-17,1.35,1.35,1.3,1.3,875,51450,0
FINNIFTY17SEP2426300CE.NFO,2024-09-11,10:16:00,2024-09-17,1.35,1.35,1.3,1.3,1200,51450,0
FINNIFTY17SEP2426300CE.NFO,2024-09-11,10:17:00,2024-09-17,1.35,1.35,1.35,1.35,0,51450,0
FINNIFTY17SEP2426300CE.NFO,2024-09-11,10:18:00,2024-09-17,1.35,1.35,1.35,1.35,0,51450,0
FINNIFTY17SEP2426300CE.NFO,2024-09-11,10:19:00,2024-09-17,1.35,1.35,1.35,1.35,0,51450,0
FINNIFTY17SEP2426300CE.NFO,2024-09-11,10:20:00,2024-09-17,1.35,1.35,1.35,1.35,650,51400,0
FINNIFTY17SEP2426300CE.NFO,2024-09-11,10:21:00,2024-09-17,1.4,1.4,1.4,1.4,200,50675,0
FINNIFTY17SEP2426300CE.NFO,2024-09-11,10:22:00,2024-09-17,1.4,1.4,1.4,1.4,0,50675,0
FINNIFTY17SEP2426300CE.NFO,2024-09-11,10:23:00,2024-09-17,1.4,1.4,1.4,1.4,0,50675,0
FINNIFTY17SEP2426300CE.NFO,2024-09-11,10:24:00,2024-09-17,1.4,1.4,1.35,1.35,2950,50675,0
FINNIFTY17SEP2426300CE.NFO,2024-09-11,10:25:00,2024-09-17,1.35,1.35,1.35,1.35,0,50675,0
FINNIFTY17SEP2426300CE.NFO,2024-09-11,10:26:00,2024-09-17,1.35,1.35,1.3,1.3,2300,50675,0
FINNIFTY17SEP2426300CE.NFO,2024-09-11,10:27:00,2024-09-17,1.3,1.35,1.3,1.35,0,50675,0
FINNIFTY17SEP2426300CE.NFO,2024-09-11,10:28:00,2024-09-17,1.35,1.35,1.35,1.35,300,52350,0
FINNIFTY17SEP2426300CE.NFO,2024-09-11,10:29:00,2024-09-17,1.35,1.35,1.35,1.35,0,52350,0
FINNIFTY17SEP2426300CE.NFO,2024-09-11,10:30:00,2024-09-17,1.35,1.35,1.35,1.35,1750,53325,0
FINNIFTY17SEP2426300CE.NFO,2024-09-11,10:31:00,2024-09-17,1.35,1.35,1.35,1.35,0,53325,0
FINNIFTY17SEP2426300CE.NFO,2024-09-11,10:32:00,2024-09-17,1.35,1.35,1.3,1.3,0,53325,0
FINNIFTY17SEP2426300CE.NFO,2024-09-11,10:33:00,2024-09-17,1.3,1.3,1.25,1.25,5400,53375,0
FINNIFTY17SEP2426300CE.NFO,2024-09-11,10:34:00,2024-09-17,1.25,1.25,1.25,1.25,1950,53375,0
FINNIFTY17SEP2426300CE.NFO,2024-09-11,10:35:00,2024-09-17,1.25,1.25,1.25,1.25,900,53375,0
FINNIFTY17SEP2426300CE.NFO,2024-09-11,10:36:00,2024-09-17,1.25,1.25,1.2,1.2,500,53375,0
FINNIFTY17SEP2426300CE.NFO,2024-09-11,10:37:00,2024-09-17,1.2,1.2,1.2,1.2,50,54000,0
FINNIFTY17SEP2426300CE.NFO,2024-09-11,10:38:00,2024-09-17,1.2,1.2,1.2,1.2,0,54000,0
FINNIFTY17SEP2426300CE.NFO,2024-09-11,10:39:00,2024-09-17,1.2,1.2,1.2,1.2,0,54000,0
FINNIFTY17SEP2426300CE.NFO,2024-09-11,10:40:00,2024-09-17,1.2,1.2,1.2,1.2,0,54000,0
FINNIFTY17SEP2426300CE.NFO,2024-09-11,10:41:00,2024-09-17,1.2,1.2,1.2,1.2,425,54000,0
FINNIFTY17SEP2426300CE.NFO,2024-09-11,10:42:00,2024-09-17,1.2,1.2,1.2,1.2,50,54000,0
FINNIFTY17SEP2426300CE.NFO,2024-09-11,10:43:00,2024-09-17,1.2,1.2,1.2,1.2,825,53950,0
FINNIFTY17SEP2426300CE.NFO,2024-09-11,10:44:00,2024-09-17,1.2,1.2,1.2,1.2,300,53950,0
FINNIFTY17SEP2426300CE.NFO,2024-09-11,10:45:00,2024-09-17,1.2,1.2,1.2,1.2,0,53950,0
FINNIFTY17SEP2426300CE.NFO,2024-09-11,10:46:00,2024-09-17,1.2,1.2,1.2,1.2,0,53950,0
FINNIFTY17SEP2426300CE.NFO,2024-09-11,10:47:00,2024-09-17,1.2,1.2,1.2,1.2,0,53950,0
FINNIFTY17SEP2426300CE.NFO,2024-09-11,10:48:00,2024-09-17,1.2,1.2,1.2,1.2,0,53950,0
FINNIFTY17SEP2426300CE.NFO,2024-09-11,10:49:00,2024-09-17,1.2,1.2,1.2,1.2,0,52975,0
FINNIFTY17SEP2426300CE.NFO,2024-09-11,10:50:00,2024-09-17,1.2,1.2,1.15,1.15,25,52975,0
FINNIFTY17SEP2426300CE.NFO,2024-09-11,10:51:00,2024-09-17,1.15,1.15,1.15,1.15,200,52975,0
FINNIFTY17SEP2426300CE.NFO,2024-09-11,10:52:00,2024-09-17,1.15,1.15,1.15,1.15,1200,51925,0
FINNIFTY17SEP2426300CE.NFO,2024-09-11,10:53:00,2024-09-17,1.15,1.15,1.15,1.15,0,51925,0
FINNIFTY17SEP2426300CE.NFO,2024-09-11,10:54:00,2024-09-17,1.15,1.15,1.1,1.1,0,51925,0
FINNIFTY17SEP2426300CE.NFO,2024-09-11,10:55:00,2024-09-17,1.1,1.1,1.1,1.1,0,51925,0
FINNIFTY17SEP2426300CE.NFO,2024-09-11,10:56:00,2024-09-17,1.1,1.1,1.1,1.1,0,51925,0
FINNIFTY17SEP2426300CE.NFO,2024-09-11,10:57:00,2024-09-17,1.1,1.15,1.1,1.15,3775,51025,0
FINNIFTY17SEP2426300CE.NFO,2024-09-11,10:58:00,2024-09-17,1.15,1.15,1.15,1.15,575,51025,0
FINNIFTY17SEP2426300CE.NFO,2024-09-11,10:59:00,2024-09-17,1.15,1.15,1.15,1.15,0,51025,0
FINNIFTY17SEP2426300CE.NFO,2024-09-11,11:00:00,2024-09-17,1.15,1.15,1.15,1.15,100,50275,0
FINNIFTY17SEP2426300CE.NFO,2024-09-11,11:01:00,2024-09-17,1.15,1.15,1.15,1.15,2425,50275,0
FINNIFTY17SEP2426300CE.NFO,2024-09-11,11:02:00,2024-09-17,1.15,1.15,1.15,1.15,0,50275,0
FINNIFTY17SEP2426300CE.NFO,2024-09-11,11:03:00,2024-09-17,1.15,1.15,1.15,1.15,0,50275,0
FINNIFTY17SEP2426300CE.NFO,2024-09-11,11:04:00,2024-09-17,1.15,1.15,1.15,1.15,0,50275,0
FINNIFTY17SEP2426300CE.NFO,2024-09-11,11:05:00,2024-09-17,1.15,1.15,1.15,1.15,0,50275,0
FINNIFTY17SEP2426300CE.NFO,2024-09-11,11:06:00,2024-09-17,1.15,1.15,1.15,1.15,0,50275,0
FINNIFTY17SEP2426300CE.NFO,2024-09-11,11:07:00,2024-09-17,1.15,1.15,1.15,1.15,0,50275,0
FINNIFTY17SEP2426300CE.NFO,2024-09-11,11:08:00,2024-09-17,1.2,1.2,1.15,1.15,350,49650,0
FINNIFTY17SEP2426300CE.NFO,2024-09-11,11:09:00,2024-09-17,1.15,1.15,1.15,1.15,100,50900,0
FINNIFTY17SEP2426300CE.NFO,2024-09-11,11:10:00,2024-09-17,1.15,1.15,1.15,1.15,1800,50900,0
FINNIFTY17SEP2426300CE.NFO,2024-09-11,11:11:00,2024-09-17,1.15,1.15,1.15,1.15,550,50900,0
FINNIFTY17SEP2426300CE.NFO,2024-09-11,11:12:00,2024-09-17,1.15,1.15,1.15,1.15,2275,50900,0
FINNIFTY17SEP2426300CE.NFO,2024-09-11,11:13:00,2024-09-17,1.2,1.2,1.2,1.2,125,50900,0
FINNIFTY17SEP2426300CE.NFO,2024-09-11,11:14:00,2024-09-17,1.2,1.2,1.2,1.2,125,50900,1
FINNIFTY17SEP2426300CE.NFO,2024-09-11,11:15:00,2024-09-17,1.2,1.2,1.2,1.2,0,50900,0
FINNIFTY17SEP2426300CE.NFO,2024-09-11,11:16:00,2024-09-17,1.2,1.2,1.2,1.2,0,50900,0
FINNIFTY17SEP2426300CE.NFO,2024-09-11,11:17:00,2024-09-17,1.2,1.2,1.2,1.2,0,50900,0
FINNIFTY17SEP2426300CE.NFO,2024-09-11,11:18:00,2024-09-17,1.2,1.2,1.2,1.2,0,50900,0
FINNIFTY17SEP2426300CE.NFO,2024-09-11,11:19:00,2024-09-17,1.2,1.2,1.15,1.15,0,51100,0
FINNIFTY17SEP2426300CE.NFO,2024-09-11,11:20:00,2024-09-17,1.15,1.15,1.1,1.1,1875,51100,0
FINNIFTY17SEP2426300CE.NFO,2024-09-11,11:21:00,2024-09-17,1.1,1.1,1.05,1.05,1850,51100,0
FINNIFTY17SEP2426300CE.NFO,2024-09-11,11:22:00,2024-09-17,1.05,1.05,1.05,1.05,0,51100,0
FINNIFTY17SEP2426300CE.NFO,2024-09-11,11:23:00,2024-09-17,1.05,1.05,1.05,1.05,425,49350,0
FINNIFTY17SEP2426300CE.NFO,2024-09-11,11:24:00,2024-09-17,1.05,1.1,1.05,1.05,100,49350,0
FINNIFTY17SEP2426300CE.NFO,2024-09-11,11:25:00,2024-09-17,1.05,1.15,1.05,1.15,2025,48425,0
FINNIFTY17SEP2426300CE.NFO,2024-09-11,11:26:00,2024-09-17,1.15,1.15,1.15,1.15,0,48425,0
FINNIFTY17SEP2426300CE.NFO,2024-09-11,11:27:00,2024-09-17,1.1,1.1,1.1,1.1,950,48425,0
FINNIFTY17SEP2426300CE.NFO,2024-09-11,11:28:00,2024-09-17,1.1,1.1,1.1,1.1,0,48425,0
FINNIFTY17SEP2426300CE.NFO,2024-09-11,11:29:00,2024-09-17,1.1,1.1,1.05,1.05,0,45950,0
FINNIFTY17SEP2426300CE.NFO,2024-09-11,11:30:00,2024-09-17,1.05,1.05,1.05,1.05,550,45950,0
FINNIFTY17SEP2426300CE.NFO,2024-09-11,11:31:00,2024-09-17,1.05,1.05,1.05,1.05,0,45950,0
FINNIFTY17SEP2426300CE.NFO,2024-09-11,11:32:00,2024-09-17,1.05,1.05,1.05,1.05,1050,45075,0
FINNIFTY17SEP2426300CE.NFO,2024-09-11,11:33:00,2024-09-17,1.05,1.05,1.05,1.05,125,44925,0
FINNIFTY17SEP2426300CE.NFO,2024-09-11,11:34:00,2024-09-17,1.05,1.05,1.05,1.05,1000,44925,0
FINNIFTY17SEP2426300CE.NFO,2024-09-11,11:35:00,2024-09-17,1.05,1.05,1.05,1.05,0,44925,0
FINNIFTY17SEP2426300CE.NFO,2024-09-11,11:36:00,2024-09-17,1.05,1.05,1.05,1.05,0,44925,0
FINNIFTY17SEP2426300CE.NFO,2024-09-11,11:37:00,2024-09-17,1.05,1.05,1.05,1.05,0,44925,0
FINNIFTY17SEP2426300CE.NFO,2024-09-11,11:38:00,2024-09-17,1.05,1.05,1.05,1.05,0,44925,0
FINNIFTY17SEP2426300CE.NFO,2024-09-11,11:39:00,2024-09-17,1.05,1.05,1.05,1.05,0,44925,0
FINNIFTY17SEP2426300CE.NFO,2024-09-11,11:40:00,2024-09-17,1.05,1.1,1.05,1.1,2900,43425,0
FINNIFTY17SEP2426300CE.NFO,2024-09-11,11:41:00,2024-09-17,1.1,1.1,1.1,1.1,0,43425,0
FINNIFTY17SEP2426300CE.NFO,2024-09-11,11:42:00,2024-09-17,1.1,1.1,1.1,1.1,1850,43425,0
FINNIFTY17SEP2426300CE.NFO,2024-09-11,11:43:00,2024-09-17,1.1,1.15,1.1,1.15,0,43425,0
FINNIFTY17SEP2426300CE.NFO,2024-09-11,11:44:00,2024-09-17,1.15,1.15,1.15,1.15,200,43425,0
FINNIFTY17SEP2426300CE.NFO,2024-09-11,11:45:00,2024-09-17,1.15,1.2,1.15,1.2,550,43250,0
FINNIFTY17SEP2426300CE.NFO,2024-09-11,11:46:00,2024-09-17,1.2,1.25,1.2,1.2,1150,43250,0
FINNIFTY17SEP2426300CE.NFO,2024-09-11,11:47:00,2024-09-17,1.2,1.25,1.2,1.25,2150,43250,0
FINNIFTY17SEP2426300CE.NFO,2024-09-11,11:48:00,2024-09-17,1.25,1.25,1.2,1.2,500,43250,0
FINNIFTY17SEP2426300CE.NFO,2024-09-11,11:49:00,2024-09-17,1.2,1.2,1.2,1.2,0,43250,0
FINNIFTY17SEP2426300CE.NFO,2024-09-11,11:50:00,2024-09-17,1.2,1.2,1.2,1.2,0,43250,0
FINNIFTY17SEP2426300CE.NFO,2024-09-11,11:51:00,2024-09-17,1.15,1.2,1.15,1.2,175,43975,0
FINNIFTY17SEP2426300CE.NFO,2024-09-11,11:52:00,2024-09-17,1.2,1.2,1.15,1.15,175,43975,0
FINNIFTY17SEP2426300CE.NFO,2024-09-11,11:53:00,2024-09-17,1.15,1.15,1.15,1.15,0,43975,0
FINNIFTY17SEP2426300CE.NFO,2024-09-11,11:54:00,2024-09-17,1.15,1.15,1.15,1.15,0,43975,0
FINNIFTY17SEP2426300CE.NFO,2024-09-11,11:55:00,2024-09-17,1.15,1.15,1.15,1.15,0,43975,1
FINNIFTY17SEP2426300CE.NFO,2024-09-11,11:56:00,2024-09-17,1.15,1.15,1.15,1.15,0,43975,0
FINNIFTY17SEP2426300CE.NFO,2024-09-11,11:57:00,2024-09-17,1.15,1.15,1.15,1.15,0,43975,1
FINNIFTY17SEP2426300CE.NFO,2024-09-11,11:58:00,2024-09-17,1.15,1.15,1.1,1.15,800,43800,0
FINNIFTY17SEP2426300CE.NFO,2024-09-11,11:59:00,2024-09-17,1.15,1.15,1.1,1.1,350,43800,0
FINNIFTY17SEP2426300CE.NFO,2024-09-11,12:00:00,2024-09-17,1.1,1.1,1.1,1.1,275,43800,0
FINNIFTY17SEP2426300CE.NFO,2024-09-11,12:01:00,2024-09-17,1.1,1.1,1.1,1.1,0,42425,0
FINNIFTY17SEP2426300CE.NFO,2024-09-11,12:02:00,2024-09-17,1.1,1.1,1.1,1.1,225,42425,0
FINNIFTY17SEP2426300CE.NFO,2024-09-11,12:03:00,2024-09-17,1.1,1.1,1.1,1.1,25,42425,0
FINNIFTY17SEP2426300CE.NFO,2024-09-11,12:04:00,2024-09-17,1.1,1.1,1.1,1.1,25,42425,1
FINNIFTY17SEP2426300CE.NFO,2024-09-11,12:05:00,2024-09-17,1.1,1.1,1.1,1.1,25,42425,1
FINNIFTY17SEP2426300CE.NFO,2024-09-11,12:06:00,2024-09-17,1.1,1.1,1.1,1.1,25,42425,1
FINNIFTY17SEP2426300CE.NFO,2024-09-11,12:07:00,2024-09-17,1.1,1.1,1.1,1.1,25,42425,1
FINNIFTY17SEP2426300CE.NFO,2024-09-11,12:08:00,2024-09-17,1.2,1.2,1.1,1.15,1825,42100,0
FINNIFTY17SEP2426300CE.NFO,2024-09-11,12:09:00,2024-09-17,1.15,1.15,1.15,1.15,0,42100,0
FINNIFTY17SEP2426300CE.NFO,2024-09-11,12:10:00,2024-09-17,1.15,1.15,1.15,1.15,0,42100,1
FINNIFTY17SEP2426300CE.NFO,2024-09-11,12:11:00,2024-09-17,1.15,1.15,1.15,1.15,0,42100,1
FINNIFTY17SEP2426300CE.NFO,2024-09-11,12:12:00,2024-09-17,1.15,1.15,1.15,1.15,0,42100,1
FINNIFTY17SEP2426300CE.NFO,2024-09-11,12:13:00,2024-09-17,1.15,1.15,1.15,1.15,0,42100,1
FINNIFTY17SEP2426300CE.NFO,2024-09-11,12:14:00,2024-09-17,1.15,1.15,1.15,1.15,0,42100,0
FINNIFTY17SEP2426300CE.NFO,2024-09-11,12:15:00,2024-09-17,1.15,1.15,1.15,1.15,0,42100,0
FINNIFTY17SEP2426300CE.NFO,2024-09-11,12:16:00,2024-09-17,1.15,1.15,1.15,1.15,0,42100,0
FINNIFTY17SEP2426300CE.NFO,2024-09-11,12:17:00,2024-09-17,1.15,1.15,1.15,1.15,700,41925,0
FINNIFTY17SEP2426300CE.NFO,2024-09-11,12:18:00,2024-09-17,1.15,1.15,1.15,1.15,25,41925,0
FINNIFTY17SEP2426300CE.NFO,2024-09-11,12:19:00,2024-09-17,1.15,1.15,1.15,1.15,0,41925,0
FINNIFTY17SEP2426300CE.NFO,2024-09-11,12:20:00,2024-09-17,1.15,1.15,1.15,1.15,0,41925,0
FINNIFTY17SEP2426300CE.NFO,2024-09-11,12:21:00,2024-09-17,1.15,1.2,1.15,1.2,1500,41500,0
FINNIFTY17SEP2426300CE.NFO,2024-09-11,12:22:00,2024-09-17,1.2,1.2,1.2,1.2,125,41525,0
FINNIFTY17SEP2426300CE.NFO,2024-09-11,12:23:00,2024-09-17,1.2,1.2,1.2,1.2,1775,41525,0
FINNIFTY17SEP2426300CE.NFO,2024-09-11,12:24:00,2024-09-17,1.2,1.25,1.2,1.25,350,41525,0
FINNIFTY17SEP2426300CE.NFO,2024-09-11,12:25:00,2024-09-17,1.2,1.2,1.2,1.2,0,41550,0
FINNIFTY17SEP2426300CE.NFO,2024-09-11,12:26:00,2024-09-17,1.2,1.2,1.2,1.2,0,41550,0
FINNIFTY17SEP2426300CE.NFO,2024-09-11,12:27:00,2024-09-17,1.2,1.2,1.2,1.2,0,41550,1
FINNIFTY17SEP2426300CE.NFO,2024-09-11,12:28:00,2024-09-17,1.2,1.2,1.2,1.2,0,41550,0
FINNIFTY17SEP2426300CE.NFO,2024-09-11,12:29:00,2024-09-17,1.2,1.2,1.2,1.2,0,41550,1
FINNIFTY17SEP2426300CE.NFO,2024-09-11,12:30:00,2024-09-17,1.2,1.2,1.2,1.2,0,41550,1
FINNIFTY17SEP2426300CE.NFO,2024-09-11,12:31:00,2024-09-17,1.15,1.15,1.15,1.15,0,42300,0
FINNIFTY17SEP2426300CE.NFO,2024-09-11,12:32:00,2024-09-17,1.15,1.15,1.15,1.15,50,42300,0
FINNIFTY17SEP2426300CE.NFO,2024-09-11,12:33:00,2024-09-17,1.1,1.15,1.1,1.15,1450,42300,0
FINNIFTY17SEP2426300CE.NFO,2024-09-11,12:34:00,2024-09-17,1.15,1.15,1.1,1.1,750,41925,0
FINNIFTY17SEP2426300CE.NFO,2024-09-11,12:35:00,2024-09-17,1.1,1.1,1.1,1.1,0,41925,0
FINNIFTY17SEP2426300CE.NFO,2024-09-11,12:36:00,2024-09-17,1.1,1.1,1.1,1.1,0,41925,1
FINNIFTY17SEP2426300CE.NFO,2024-09-11,12:37:00,2024-09-17,1.1,1.1,1.1,1.1,0,41925,0
FINNIFTY17SEP2426300CE.NFO,2024-09-11,12:38:00,2024-09-17,1.1,1.1,1.1,1.1,0,41925,1
FINNIFTY17SEP2426300CE.NFO,2024-09-11,12:39:00,2024-09-17,1.1,1.1,1.1,1.1,0,41925,1
FINNIFTY17SEP2426300CE.NFO,2024-09-11,12:40:00,2024-09-17,1.1,1.2,1.1,1.2,700,41025,0
FINNIFTY17SEP2426300CE.NFO,2024-09-11,12:41:00,2024-09-17,1.2,1.2,1.2,1.2,0,41025,0
FINNIFTY17SEP2426300CE.NFO,2024-09-11,12:42:00,2024-09-17,1.2,1.2,1.2,1.2,0,41025,0
FINNIFTY17SEP2426300CE.NFO,2024-09-11,12:43:00,2024-09-17,1.2,1.2,1.2,1.2,0,41025,1
FINNIFTY17SEP2426300CE.NFO,2024-09-11,12:44:00,2024-09-17,1.2,1.2,1.2,1.2,0,41025,0
FINNIFTY17SEP2426300CE.NFO,2024-09-11,12:45:00,2024-09-17,1.2,1.2,1.2,1.2,0,41325,0
FINNIFTY17SEP2426300CE.NFO,2024-09-11,12:46:00,2024-09-17,1.2,1.2,1.15,1.2,150,41325,0
FINNIFTY17SEP2426300CE.NFO,2024-09-11,12:47:00,2024-09-17,1.2,1.2,1.2,1.2,0,41325,0
FINNIFTY17SEP2426300CE.NFO,2024-09-11,12:48:00,2024-09-17,1.2,1.2,1.2,1.2,0,41325,0
FINNIFTY17SEP2426300CE.NFO,2024-09-11,12:49:00,2024-09-17,1.2,1.2,1.15,1.15,1800,41500,0
FINNIFTY17SEP2426300CE.NFO,2024-09-11,12:50:00,2024-09-17,1.15,1.15,1.15,1.15,0,41500,0
FINNIFTY17SEP2426300CE.NFO,2024-09-11,12:51:00,2024-09-17,1.15,1.15,1.15,1.15,0,41500,0
FINNIFTY17SEP2426300CE.NFO,2024-09-11,12:52:00,2024-09-17,1.2,1.25,1.2,1.25,325,42400,0
FINNIFTY17SEP2426300CE.NFO,2024-09-11,12:53:00,2024-09-17,1.25,1.25,1.15,1.15,1300,42400,0
FINNIFTY17SEP2426300CE.NFO,2024-09-11,12:54:00,2024-09-17,1.2,1.2,1.2,1.2,500,42400,0
FINNIFTY17SEP2426300CE.NFO,2024-09-11,12:55:00,2024-09-17,1.2,1.2,1.2,1.2,0,42800,0
FINNIFTY17SEP2426300CE.NFO,2024-09-11,12:56:00,2024-09-17,1.2,1.2,1.2,1.2,0,42800,0
FINNIFTY17SEP2426300CE.NFO,2024-09-11,12:57:00,2024-09-17,1.2,1.2,1.2,1.2,125,42800,0
FINNIFTY17SEP2426300CE.NFO,2024-09-11,12:58:00,2024-09-17,1.2,1.25,1.2,1.25,0,42675,0
FINNIFTY17SEP2426300CE.NFO,2024-09-11,12:59:00,2024-09-17,1.25,1.25,1.25,1.25,650,42675,0
FINNIFTY17SEP2426300CE.NFO,2024-09-11,13:00:00,2024-09-17,1.25,1.25,1.25,1.25,525,42675,0
FINNIFTY17SEP2426300CE.NFO,2024-09-11,13:01:00,2024-09-17,1.25,1.25,1.25,1.25,0,42675,0
FINNIFTY17SEP2426300CE.NFO,2024-09-11,13:02:00,2024-09-17,1.25,1.25,1.25,1.25,0,42675,0
FINNIFTY17SEP2426300CE.NFO,2024-09-11,13:03:00,2024-09-17,1.2,1.2,1.2,1.2,1350,44175,0
FINNIFTY17SEP2426300CE.NFO,2024-09-11,13:04:00,2024-09-17,1.2,1.2,1.2,1.2,0,44175,0
FINNIFTY17SEP2426300CE.NFO,2024-09-11,13:05:00,2024-09-17,1.2,1.2,1.2,1.2,0,44175,0
FINNIFTY17SEP2426300CE.NFO,2024-09-11,13:06:00,2024-09-17,1.25,1.25,1.25,1.25,175,44175,0
FINNIFTY17SEP2426300CE.NFO,2024-09-11,13:07:00,2024-09-17,1.25,1.25,1.2,1.2,0,44250,0
FINNIFTY17SEP2426300CE.NFO,2024-09-11,13:08:00,2024-09-17,1.2,1.2,1.2,1.2,0,44250,0
FINNIFTY17SEP2426300CE.NFO,2024-09-11,13:09:00,2024-09-17,1.2,1.2,1.2,1.2,475,44250,0
FINNIFTY17SEP2426300CE.NFO,2024-09-11,13:10:00,2024-09-17,1.15,1.2,1.15,1.2,1150,44100,0
FINNIFTY17SEP2426300CE.NFO,2024-09-11,13:11:00,2024-09-17,1.2,1.2,1.2,1.2,350,44100,0
FINNIFTY17SEP2426300CE.NFO,2024-09-11,13:12:00,2024-09-17,1.2,1.2,1.2,1.2,525,44100,0
FINNIFTY17SEP2426300CE.NFO,2024-09-11,13:13:00,2024-09-17,1.2,1.2,1.2,1.2,0,44100,0
FINNIFTY17SEP2426300CE.NFO,2024-09-11,13:14:00,2024-09-17,1.2,1.2,1.2,1.2,0,44100,0
FINNIFTY17SEP2426300CE.NFO,2024-09-11,13:15:00,2024-09-17,1.2,1.2,1.2,1.2,0,44100,0
FINNIFTY17SEP2426300CE.NFO,2024-09-11,13:16:00,2024-09-17,1.2,1.2,1.2,1.2,600,43075,0
FINNIFTY17SEP2426300CE.NFO,2024-09-11,13:17:00,2024-09-17,1.2,1.2,1.2,1.2,850,43075,0
FINNIFTY17SEP2426300CE.NFO,2024-09-11,13:18:00,2024-09-17,1.2,1.2,1.15,1.15,1250,43075,0
FINNIFTY17SEP2426300CE.NFO,2024-09-11,13:19:00,2024-09-17,1.15,1.15,1.15,1.15,0,43075,0
FINNIFTY17SEP2426300CE.NFO,2024-09-11,13:20:00,2024-09-17,1.15,1.15,1.15,1.15,25,44850,0
FINNIFTY17SEP2426300CE.NFO,2024-09-11,13:21:00,2024-09-17,1.15,1.15,1.15,1.15,25,44850,1
FINNIFTY17SEP2426300CE.NFO,2024-09-11,13:22:00,2024-09-17,1.15,1.15,1.15,1.15,25,44850,1
FINNIFTY17SEP2426300CE.NFO,2024-09-11,13:23:00,2024-09-17,1.15,1.15,1.15,1.15,0,44850,0
FINNIFTY17SEP2426300CE.NFO,2024-09-11,13:24:00,2024-09-17,1.15,1.15,1.15,1.15,425,44850,0
FINNIFTY17SEP2426300CE.NFO,2024-09-11,13:25:00,2024-09-17,1.15,1.15,1.15,1.15,425,44850,1
FINNIFTY17SEP2426300CE.NFO,2024-09-11,13:26:00,2024-09-17,1.15,1.15,1.1,1.1,0,45000,0
FINNIFTY17SEP2426300CE.NFO,2024-09-11,13:27:00,2024-09-17,1.15,1.15,1.15,1.15,1025,45000,0
FINNIFTY17SEP2426300CE.NFO,2024-09-11,13:28:00,2024-09-17,1.15,1.15,1.15,1.15,0,44175,0
FINNIFTY17SEP2426300CE.NFO,2024-09-11,13:29:00,2024-09-17,1.15,1.15,1.15,1.15,0,44175,0
FINNIFTY17SEP2426300CE.NFO,2024-09-11,13:30:00,2024-09-17,1.15,1.15,1.15,1.15,0,44175,0
FINNIFTY17SEP2426300CE.NFO,2024-09-11,13:31:00,2024-09-17,1.15,1.15,1.15,1.15,150,44175,0
FINNIFTY17SEP2426300CE.NFO,2024-09-11,13:32:00,2024-09-17,1.15,1.15,1.1,1.1,1550,44175,0
FINNIFTY17SEP2426300CE.NFO,2024-09-11,13:33:00,2024-09-17,1.1,1.1,1.1,1.1,0,44175,0
FINNIFTY17SEP2426300CE.NFO,2024-09-11,13:34:00,2024-09-17,1.1,1.2,1.1,1.15,750,42875,0
FINNIFTY17SEP2426300CE.NFO,2024-09-11,13:35:00,2024-09-17,1.15,1.15,1.15,1.15,0,42875,0
FINNIFTY17SEP2426300CE.NFO,2024-09-11,13:36:00,2024-09-17,1.15,1.15,1.1,1.15,2225,42875,0
FINNIFTY17SEP2426300CE.NFO,2024-09-11,13:37:00,2024-09-17,1.15,1.15,1.15,1.15,0,42875,0
FINNIFTY17SEP2426300CE.NFO,2024-09-11,13:38:00,2024-09-17,1.15,1.2,1.15,1.2,25,43575,0
FINNIFTY17SEP2426300CE.NFO,2024-09-11,13:39:00,2024-09-17,1.2,1.2,1.2,1.2,0,43575,0
FINNIFTY17SEP2426300CE.NFO,2024-09-11,13:40:00,2024-09-17,1.2,1.2,1.15,1.2,300,43600,0
FINNIFTY17SEP2426300CE.NFO,2024-09-11,13:41:00,2024-09-17,1.2,1.2,1.2,1.2,0,43600,0
FINNIFTY17SEP2426300CE.NFO,2024-09-11,13:42:00,2024-09-17,1.2,1.2,1.2,1.2,0,43600,0
FINNIFTY17SEP2426300CE.NFO,2024-09-11,13:43:00,2024-09-17,1.2,1.2,1.15,1.15,250,43425,0
FINNIFTY17SEP2426300CE.NFO,2024-09-11,13:44:00,2024-09-17,1.15,1.15,1.15,1.15,475,43425,0
FINNIFTY17SEP2426300CE.NFO,2024-09-11,13:45:00,2024-09-17,1.15,1.15,1.15,1.15,0,43425,0
FINNIFTY17SEP2426300CE.NFO,2024-09-11,13:46:00,2024-09-17,1.15,1.2,1.15,1.2,600,43650,0
FINNIFTY17SEP2426300CE.NFO,2024-09-11,13:47:00,2024-09-17,1.2,1.2,1.2,1.2,0,43650,0
FINNIFTY17SEP2426300CE.NFO,2024-09-11,13:48:00,2024-09-17,1.2,1.2,1.2,1.2,0,43650,0
FINNIFTY17SEP2426300CE.NFO,2024-09-11,13:49:00,2024-09-17,1.2,1.2,1.2,1.2,0,43650,1
FINNIFTY17SEP2426300CE.NFO,2024-09-11,13:50:00,2024-09-17,1.2,1.2,1.2,1.2,250,43050,0
FINNIFTY17SEP2426300CE.NFO,2024-09-11,13:51:00,2024-09-17,1.25,1.25,1.2,1.2,275,43050,0
FINNIFTY17SEP2426300CE.NFO,2024-09-11,13:52:00,2024-09-17,1.2,1.2,1.15,1.15,1225,43350,0
FINNIFTY17SEP2426300CE.NFO,2024-09-11,13:53:00,2024-09-17,1.15,1.15,1.15,1.15,0,43350,0
FINNIFTY17SEP2426300CE.NFO,2024-09-11,13:54:00,2024-09-17,1.15,1.15,1.15,1.15,0,43350,0
FINNIFTY17SEP2426300CE.NFO,2024-09-11,13:55:00,2024-09-17,1.15,1.15,1.15,1.15,700,44425,0
FINNIFTY17SEP2426300CE.NFO,2024-09-11,13:56:00,2024-09-17,1.15,1.15,1.15,1.15,3725,44425,0
FINNIFTY17SEP2426300CE.NFO,2024-09-11,13:57:00,2024-09-17,1.15,1.15,1.15,1.15,150,44425,0
FINNIFTY17SEP2426300CE.NFO,2024-09-11,13:58:00,2024-09-17,1.15,1.15,1.15,1.15,400,49000,0
FINNIFTY17SEP2426300CE.NFO,2024-09-11,13:59:00,2024-09-17,1.15,1.15,1.1,1.1,625,49000,0
FINNIFTY17SEP2426300CE.NFO,2024-09-11,14:00:00,2024-09-17,1.1,1.1,1.1,1.1,0,49000,0
FINNIFTY17SEP2426300CE.NFO,2024-09-11,14:01:00,2024-09-17,1.05,1.1,1.05,1.1,0,49375,0
FINNIFTY17SEP2426300CE.NFO,2024-09-11,14:02:00,2024-09-17,1.1,1.15,1.1,1.1,100,49375,0
FINNIFTY17SEP2426300CE.NFO,2024-09-11,14:03:00,2024-09-17,1.1,1.15,1.1,1.15,1300,49375,0
FINNIFTY17SEP2426300CE.NFO,2024-09-11,14:04:00,2024-09-17,1.15,1.15,1.1,1.1,225,49075,0
FINNIFTY17SEP2426300CE.NFO,2024-09-11,14:05:00,2024-09-17,1.1,1.1,1.1,1.1,125,49075,0
FINNIFTY17SEP2426300CE.NFO,2024-09-11,14:06:00,2024-09-17,1.15,1.15,1.15,1.15,200,49075,0
FINNIFTY17SEP2426300CE.NFO,2024-09-11,14:07:00,2024-09-17,1.15,1.4,1.15,1.4,25,48850,0
FINNIFTY17SEP2426300CE.NFO,2024-09-11,14:08:00,2024-09-17,1.4,1.4,1.4,1.4,0,48850,0
FINNIFTY17SEP2426300CE.NFO,2024-09-11,14:09:00,2024-09-17,1.4,1.4,1.4,1.4,0,48850,0
FINNIFTY17SEP2426300CE.NFO,2024-09-11,14:10:00,2024-09-17,1.4,1.4,1.25,1.25,375,49000,0
FINNIFTY17SEP2426300CE.NFO,2024-09-11,14:11:00,2024-09-17,1.25,1.25,1.25,1.25,0,49000,0
FINNIFTY17SEP2426300CE.NFO,2024-09-11,14:12:00,2024-09-17,1.25,1.25,1.25,1.25,0,49000,1
FINNIFTY17SEP2426300CE.NFO,2024-09-11,14:13:00,2024-09-17,1.25,1.25,1.25,1.25,625,49000,0
FINNIFTY17SEP2426300CE.NFO,2024-09-11,14:14:00,2024-09-17,1.25,1.25,1.25,1.25,0,49000,0
FINNIFTY17SEP2426300CE.NFO,2024-09-11,14:15:00,2024-09-17,1.25,1.25,1.25,1.25,650,49200,0
FINNIFTY17SEP2426300CE.NFO,2024-09-11,14:16:00,2024-09-17,1.25,1.25,1.25,1.25,0,49200,0
FINNIFTY17SEP2426300CE.NFO,2024-09-11,14:17:00,2024-09-17,1.25,1.25,1.25,1.25,0,49200,0
FINNIFTY17SEP2426300CE.NFO,2024-09-11,14:18:00,2024-09-17,1.25,1.25,1.25,1.25,0,49200,1
FINNIFTY17SEP2426300CE.NFO,2024-09-11,14:19:00,2024-09-17,1.25,1.25,1.25,1.25,0,49200,1
FINNIFTY17SEP2426300CE.NFO,2024-09-11,14:20:00,2024-09-17,1.25,1.25,1.25,1.25,0,49200,1
FINNIFTY17SEP2426300CE.NFO,2024-09-11,14:21:00,2024-09-17,1.25,1.25,1.25,1.25,0,49100,0
FINNIFTY17SEP2426300CE.NFO,2024-09-11,14:22:00,2024-09-17,1.25,1.25,1.25,1.25,0,49100,0
FINNIFTY17SEP2426300CE.NFO,2024-09-11,14:23:00,2024-09-17,1.25,1.25,1.25,1.25,0,49100,0
FINNIFTY17SEP2426300CE.NFO,2024-09-11,14:24:00,2024-09-17,1.25,1.3,1.25,1.3,250,49100,0
FINNIFTY17SEP2426300CE.NFO,2024-09-11,14:25:00,2024-09-17,1.3,1.3,1.3,1.3,0,49100,0
FINNIFTY17SEP2426300CE.NFO,2024-09-11,14:26:00,2024-09-17,1.3,1.3,1.3,1.3,0,49100,1
FINNIFTY17SEP2426300CE.NFO,2024-09-11,14:27:00,2024-09-17,1.3,1.3,1.3,1.3,0,49100,1
FINNIFTY17SEP2426300CE.NFO,2024-09-11,14:28:00,2024-09-17,1.25,1.25,1.25,1.25,0,49750,0
FINNIFTY17SEP2426300CE.NFO,2024-09-11,14:29:00,2024-09-17,1.25,1.25,1.2,1.2,225,49900,0
FINNIFTY17SEP2426300CE.NFO,2024-09-11,14:30:00,2024-09-17,1.2,1.2,1.2,1.2,75,49900,0
FINNIFTY17SEP2426300CE.NFO,2024-09-11,14:31:00,2024-09-17,1.2,1.2,1.2,1.2,0,49900,0
FINNIFTY17SEP2426300CE.NFO,2024-09-11,14:32:00,2024-09-17,1.2,1.2,1.2,1.2,0,49900,0
FINNIFTY17SEP2426300CE.NFO,2024-09-11,14:33:00,2024-09-17,1.2,1.2,1.2,1.2,0,49900,0
FINNIFTY17SEP2426300CE.NFO,2024-09-11,14:34:00,2024-09-17,1.2,1.2,1.2,1.2,0,49900,0
FINNIFTY17SEP2426300CE.NFO,2024-09-11,14:35:00,2024-09-17,1.2,1.2,1.2,1.2,0,49900,0
FINNIFTY17SEP2426300CE.NFO,2024-09-11,14:36:00,2024-09-17,1.2,1.2,1.2,1.2,0,49900,1
FINNIFTY17SEP2426300CE.NFO,2024-09-11,14:37:00,2024-09-17,1.2,1.2,1.2,1.2,0,49900,0
FINNIFTY17SEP2426300CE.NFO,2024-09-11,14:38:00,2024-09-17,1.2,1.2,1.2,1.2,0,49900,1
FINNIFTY17SEP2426300CE.NFO,2024-09-11,14:39:00,2024-09-17,1.2,1.2,1.2,1.2,0,49900,0
FINNIFTY17SEP2426300CE.NFO,2024-09-11,14:40:00,2024-09-17,1.2,1.2,1.2,1.2,0,49900,0
FINNIFTY17SEP2426300CE.NFO,2024-09-11,14:41:00,2024-09-17,1.2,1.2,1.2,1.2,0,49900,0
FINNIFTY17SEP2426300CE.NFO,2024-09-11,14:42:00,2024-09-17,1.2,1.2,1.2,1.2,0,49900,0
FINNIFTY17SEP2426300CE.NFO,2024-09-11,14:43:00,2024-09-17,1.2,1.2,1.2,1.2,0,49900,0
FINNIFTY17SEP2426300CE.NFO,2024-09-11,14:44:00,2024-09-17,1.2,1.2,1.2,1.2,0,49900,0
FINNIFTY17SEP2426300CE.NFO,2024-09-11,14:45:00,2024-09-17,1.2,1.2,1.2,1.2,0,49900,0
FINNIFTY17SEP2426300CE.NFO,2024-09-11,14:46:00,2024-09-17,1.2,1.2,1.2,1.2,0,49900,0
FINNIFTY17SEP2426300CE.NFO,2024-09-11,14:47:00,2024-09-17,1.2,1.2,1.2,1.2,0,49900,0
FINNIFTY17SEP2426300CE.NFO,2024-09-11,14:48:00,2024-09-17,1.35,1.35,1.25,1.25,300,49900,0
FINNIFTY17SEP2426300CE.NFO,2024-09-11,14:49:00,2024-09-17,1.25,1.25,1.25,1.25,125,49900,0
FINNIFTY17SEP2426300CE.NFO,2024-09-11,14:50:00,2024-09-17,1.25,1.25,1.25,1.25,0,49900,0
FINNIFTY17SEP2426300CE.NFO,2024-09-11,14:51:00,2024-09-17,1.25,1.35,1.25,1.35,1650,50050,0
FINNIFTY17SEP2426300CE.NFO,2024-09-11,14:52:00,2024-09-17,1.35,1.35,1.35,1.35,975,50050,0
FINNIFTY17SEP2426300CE.NFO,2024-09-11,14:53:00,2024-09-17,1.35,1.35,1.3,1.3,250,50050,0
FINNIFTY17SEP2426300CE.NFO,2024-09-11,14:54:00,2024-09-17,1.35,1.35,1.25,1.35,1625,50050,0
FINNIFTY17SEP2426300CE.NFO,2024-09-11,14:55:00,2024-09-17,1.35,1.4,1.35,1.4,1350,49400,0
FINNIFTY17SEP2426300CE.NFO,2024-09-11,14:56:00,2024-09-17,1.4,1.45,1.4,1.45,100,49400,0
FINNIFTY17SEP2426300CE.NFO,2024-09-11,14:57:00,2024-09-17,1.45,1.55,1.45,1.5,2400,49400,0
FINNIFTY17SEP2426300CE.NFO,2024-09-11,14:58:00,2024-09-17,1.5,1.55,1.5,1.55,1400,51475,0
FINNIFTY17SEP2426300CE.NFO,2024-09-11,14:59:00,2024-09-17,1.55,1.55,1.5,1.5,150,51475,0
FINNIFTY17SEP2426300CE.NFO,2024-09-11,15:00:00,2024-09-17,1.5,1.5,1.4,1.45,1050,51475,0
FINNIFTY17SEP2426300CE.NFO,2024-09-11,15:01:00,2024-09-17,1.45,1.45,1.45,1.45,0,51475,0
FINNIFTY17SEP2426300CE.NFO,2024-09-11,15:02:00,2024-09-17,1.45,1.6,1.35,1.35,6750,52750,0
FINNIFTY17SEP2426300CE.NFO,2024-09-11,15:03:00,2024-09-17,1.35,1.35,1.35,1.35,0,52750,0
FINNIFTY17SEP2426300CE.NFO,2024-09-11,15:04:00,2024-09-17,1.35,1.35,1.35,1.35,0,52750,0
FINNIFTY17SEP2426300CE.NFO,2024-09-11,15:05:00,2024-09-17,1.35,1.35,1.35,1.35,0,52750,0
FINNIFTY17SEP2426300CE.NFO,2024-09-11,15:06:00,2024-09-17,1.35,1.35,1.35,1.35,0,52750,0
FINNIFTY17SEP2426300CE.NFO,2024-09-11,15:07:00,2024-09-17,1.35,1.35,1.35,1.35,0,52750,0
FINNIFTY17SEP2426300CE.NFO,2024-09-11,15:08:00,2024-09-17,1.35,1.35,1.35,1.35,0,52750,0
FINNIFTY17SEP2426300CE.NFO,2024-09-11,15:09:00,2024-09-17,1.35,1.4,1.35,1.4,0,51600,0
FINNIFTY17SEP2426300CE.NFO,2024-09-11,15:10:00,2024-09-17,1.4,1.4,1.4,1.4,0,51600,0
FINNIFTY17SEP2426300CE.NFO,2024-09-11,15:11:00,2024-09-17,1.4,1.4,1.4,1.4,100,52125,0
FINNIFTY17SEP2426300CE.NFO,2024-09-11,15:12:00,2024-09-17,1.4,1.4,1.4,1.4,0,52125,0
FINNIFTY17SEP2426300CE.NFO,2024-09-11,15:13:00,2024-09-17,1.4,1.4,1.4,1.4,0,52125,0
FINNIFTY17SEP2426300CE.NFO,2024-09-11,15:14:00,2024-09-17,1.3,1.35,1.3,1.35,475,52250,0
FINNIFTY17SEP2426300CE.NFO,2024-09-11,15:15:00,2024-09-17,1.35,1.35,1.3,1.3,125,52250,0
FINNIFTY17SEP2426300CE.NFO,2024-09-11,15:16:00,2024-09-17,1.3,1.3,1.3,1.3,0,52525,0
FINNIFTY17SEP2426300CE.NFO,2024-09-11,15:17:00,2024-09-17,1.3,1.3,1.3,1.3,250,52525,0
FINNIFTY17SEP2426300CE.NFO,2024-09-11,15:18:00,2024-09-17,1.3,1.3,1.3,1.3,0,52525,0
FINNIFTY17SEP2426300CE.NFO,2024-09-11,15:19:00,2024-09-17,1.3,1.3,1.3,1.3,0,52525,0
FINNIFTY17SEP2426300CE.NFO,2024-09-11,15:20:00,2024-09-17,1.3,1.3,1.25,1.3,0,53425,0
FINNIFTY17SEP2426300CE.NFO,2024-09-11,15:21:00,2024-09-17,1.3,1.4,1.25,1.4,175,53425,0
FINNIFTY17SEP2426300CE.NFO,2024-09-11,15:22:00,2024-09-17,1.4,1.4,1.4,1.4,0,53425,0
FINNIFTY17SEP2426300CE.NFO,2024-09-11,15:23:00,2024-09-17,1.4,1.4,1.35,1.4,200,52575,0
FINNIFTY17SEP2426300CE.NFO,2024-09-11,15:24:00,2024-09-17,1.4,1.45,1.4,1.45,1750,52575,0
FINNIFTY17SEP2426300CE.NFO,2024-09-11,15:25:00,2024-09-17,1.45,1.5,1.35,1.35,500,49025,0
FINNIFTY17SEP2426300CE.NFO,2024-09-11,15:26:00,2024-09-17,1.35,1.4,1.3,1.3,900,49025,0
FINNIFTY17SEP2426300CE.NFO,2024-09-11,15:27:00,2024-09-17,1.3,1.3,1.2,1.25,500,49025,0
FINNIFTY17SEP2426300CE.NFO,2024-09-11,15:28:00,2024-09-17,1.25,1.25,1.2,1.2,1150,48875,0
FINNIFTY17SEP2426300CE.NFO,2024-09-11,15:29:00,2024-09-17,1.2,1.2,1.05,1.05,375,48875,0
FINNIFTY17SEP2426300CE.NFO,2024-09-11,15:30:00,2024-09-17,1.05,1.05,1.05,1.05,375,48875,1
FINNIFTY17SEP2426300CE.NFO,2024-09-12,09:15:00,2024-09-17,2.0,2.0,0.9,0.95,425,49075,0
FINNIFTY17SEP2426300CE.NFO,2024-09-12,09:16:00,2024-09-17,0.9,1.1,0.9,1.1,600,49075,0
FINNIFTY17SEP2426300CE.NFO,2024-09-12,09:17:00,2024-09-17,1.1,1.1,1.1,1.1,0,49075,0
FINNIFTY17SEP2426300CE.NFO,2024-09-12,09:18:00,2024-09-17,0.9,0.9,0.9,0.9,150,49075,0
FINNIFTY17SEP2426300CE.NFO,2024-09-12,09:19:00,2024-09-17,0.9,0.9,0.9,0.9,350,49625,0
FINNIFTY17SEP2426300CE.NFO,2024-09-12,09:20:00,2024-09-17,0.9,1.1,0.9,0.9,1525,49625,0
FINNIFTY17SEP2426300CE.NFO,2024-09-12,09:21:00,2024-09-17,0.9,1.0,0.9,0.95,400,51150,0
FINNIFTY17SEP2426300CE.NFO,2024-09-12,09:22:00,2024-09-17,0.95,0.95,0.95,0.95,0,51150,0
FINNIFTY17SEP2426300CE.NFO,2024-09-12,09:23:00,2024-09-17,0.9,0.9,0.9,0.9,150,51150,0
FINNIFTY17SEP2426300CE.NFO,2024-09-12,09:24:00,2024-09-17,0.95,0.95,0.95,0.95,1575,51425,0
FINNIFTY17SEP2426300CE.NFO,2024-09-12,09:25:00,2024-09-17,0.95,0.95,0.9,0.9,2725,51425,0
FINNIFTY17SEP2426300CE.NFO,2024-09-12,09:26:00,2024-09-17,0.9,0.95,0.9,0.9,1250,51425,0
FINNIFTY17SEP2426300CE.NFO,2024-09-12,09:27:00,2024-09-17,0.9,0.9,0.9,0.9,1100,51325,0
FINNIFTY17SEP2426300CE.NFO,2024-09-12,09:28:00,2024-09-17,0.95,0.95,0.95,0.95,700,51325,0
FINNIFTY17SEP2426300CE.NFO,2024-09-12,09:29:00,2024-09-17,0.95,0.95,0.95,0.95,425,51325,0
FINNIFTY17SEP2426300CE.NFO,2024-09-12,09:30:00,2024-09-17,0.95,0.95,0.95,0.95,0,51325,0
FINNIFTY17SEP2426300CE.NFO,2024-09-12,09:31:00,2024-09-17,0.95,0.95,0.9,0.9,525,51450,0
FINNIFTY17SEP2426300CE.NFO,2024-09-12,09:32:00,2024-09-17,0.9,0.9,0.9,0.9,425,51450,0
FINNIFTY17SEP2426300CE.NFO,2024-09-12,09:33:00,2024-09-17,0.9,0.9,0.85,0.85,1400,52050,0
FINNIFTY17SEP2426300CE.NFO,2024-09-12,09:34:00,2024-09-17,0.85,0.85,0.8,0.85,800,52050,0
FINNIFTY17SEP2426300CE.NFO,2024-09-12,09:35:00,2024-09-17,0.85,0.85,0.85,0.85,0,52050,0
FINNIFTY17SEP2426300CE.NFO,2024-09-12,09:36:00,2024-09-17,0.85,0.85,0.85,0.85,0,52050,0
FINNIFTY17SEP2426300CE.NFO,2024-09-12,09:37:00,2024-09-17,0.85,0.9,0.85,0.9,450,52700,0
FINNIFTY17SEP2426300CE.NFO,2024-09-12,09:38:00,2024-09-17,0.9,0.95,0.9,0.95,4475,52700,0
FINNIFTY17SEP2426300CE.NFO,2024-09-12,09:39:00,2024-09-17,0.95,0.95,0.9,0.95,1300,56975,0
FINNIFTY17SEP2426300CE.NFO,2024-09-12,09:40:00,2024-09-17,0.95,0.95,0.9,0.9,675,56975,0
FINNIFTY17SEP2426300CE.NFO,2024-09-12,09:41:00,2024-09-17,0.9,0.95,0.9,0.95,775,56975,0
FINNIFTY17SEP2426300CE.NFO,2024-09-12,09:42:00,2024-09-17,0.95,0.95,0.95,0.95,175,57375,0
FINNIFTY17SEP2426300CE.NFO,2024-09-12,09:43:00,2024-09-17,0.95,0.95,0.9,0.9,475,57375,0
FINNIFTY17SEP2426300CE.NFO,2024-09-12,09:44:00,2024-09-17,0.9,0.9,0.9,0.9,775,57375,0
FINNIFTY17SEP2426300CE.NFO,2024-09-12,09:45:00,2024-09-17,0.9,0.9,0.85,0.9,1625,56850,0
FINNIFTY17SEP2426300CE.NFO,2024-09-12,09:46:00,2024-09-17,0.9,0.9,0.9,0.9,450,56850,0
FINNIFTY17SEP2426300CE.NFO,2024-09-12,09:47:00,2024-09-17,0.9,0.9,0.9,0.9,150,56850,0
FINNIFTY17SEP2426300CE.NFO,2024-09-12,09:48:00,2024-09-17,0.85,0.85,0.85,0.85,600,57750,0
FINNIFTY17SEP2426300CE.NFO,2024-09-12,09:49:00,2024-09-17,0.85,0.85,0.8,0.8,1650,57750,0
FINNIFTY17SEP2426300CE.NFO,2024-09-12,09:50:00,2024-09-17,0.8,0.8,0.8,0.8,100,57750,0
FINNIFTY17SEP2426300CE.NFO,2024-09-12,09:51:00,2024-09-17,0.8,0.85,0.8,0.85,2700,57850,0
FINNIFTY17SEP2426300CE.NFO,2024-09-12,09:52:00,2024-09-17,0.85,0.85,0.85,0.85,50,57850,0
FINNIFTY17SEP2426300CE.NFO,2024-09-12,09:53:00,2024-09-17,0.8,0.9,0.8,0.9,1225,57850,0
FINNIFTY17SEP2426300CE.NFO,2024-09-12,09:54:00,2024-09-17,0.9,0.9,0.85,0.9,1050,58850,0
FINNIFTY17SEP2426300CE.NFO,2024-09-12,09:55:00,2024-09-17,0.9,0.9,0.9,0.9,500,58850,0
FINNIFTY17SEP2426300CE.NFO,2024-09-12,09:56:00,2024-09-17,0.9,0.9,0.9,0.9,0,58850,0
FINNIFTY17SEP2426300CE.NFO,2024-09-12,09:57:00,2024-09-17,0.9,0.9,0.9,0.9,0,58850,0
FINNIFTY17SEP2426300CE.NFO,2024-09-12,09:58:00,2024-09-17,0.9,0.9,0.85,0.85,50,59125,0
FINNIFTY17SEP2426300CE.NFO,2024-09-12,09:59:00,2024-09-17,0.85,0.85,0.85,0.85,1075,59125,0
FINNIFTY17SEP2426300CE.NFO,2024-09-12,10:00:00,2024-09-17,0.85,0.95,0.85,0.95,3150,58650,0
FINNIFTY17SEP2426300CE.NFO,2024-09-12,10:01:00,2024-09-17,0.95,1.0,0.95,1.0,925,58650,0
FINNIFTY17SEP2426300CE.NFO,2024-09-12,10:02:00,2024-09-17,1.0,1.0,0.95,0.95,525,58650,0
FINNIFTY17SEP2426300CE.NFO,2024-09-12,10:03:00,2024-09-17,0.95,0.95,0.95,0.95,175,58650,0
FINNIFTY17SEP2426300CE.NFO,2024-09-12,10:04:00,2024-09-17,0.95,0.95,0.9,0.9,1275,60200,0
FINNIFTY17SEP2426300CE.NFO,2024-09-12,10:05:00,2024-09-17,0.9,0.9,0.85,0.85,725,60200,0
FINNIFTY17SEP2426300CE.NFO,2024-09-12,10:06:00,2024-09-17,0.85,0.85,0.85,0.85,1700,56650,0
FINNIFTY17SEP2426300CE.NFO,2024-09-12,10:07:00,2024-09-17,0.85,0.85,0.8,0.8,1025,56650,0
FINNIFTY17SEP2426300CE.NFO,2024-09-12,10:08:00,2024-09-17,0.8,0.8,0.8,0.8,0,56650,0
FINNIFTY17SEP2426300CE.NFO,2024-09-12,10:09:00,2024-09-17,0.8,0.8,0.8,0.8,0,56650,0
FINNIFTY17SEP2426300CE.NFO,2024-09-12,10:10:00,2024-09-17,0.8,0.8,0.8,0.8,0,56650,0
FINNIFTY17SEP2426300CE.NFO,2024-09-12,10:11:00,2024-09-17,0.85,0.85,0.85,0.85,50,56050,0
FINNIFTY17SEP2426300CE.NFO,2024-09-12,10:12:00,2024-09-17,0.85,0.85,0.85,0.85,0,56050,0
FINNIFTY17SEP2426300CE.NFO,2024-09-12,10:13:00,2024-09-17,0.85,0.85,0.85,0.85,0,56050,0
FINNIFTY17SEP2426300CE.NFO,2024-09-12,10:14:00,2024-09-17,0.85,0.85,0.85,0.85,0,56050,0
FINNIFTY17SEP2426300CE.NFO,2024-09-12,10:15:00,2024-09-17,0.85,0.85,0.85,0.85,0,56050,0
FINNIFTY17SEP2426300CE.NFO,2024-09-12,10:16:00,2024-09-17,0.85,0.85,0.85,0.85,3000,56050,0
FINNIFTY17SEP2426300CE.NFO,2024-09-12,10:17:00,2024-09-17,0.85,0.85,0.85,0.85,450,56050,0
FINNIFTY17SEP2426300CE.NFO,2024-09-12,10:18:00,2024-09-17,0.85,0.85,0.85,0.85,0,56050,0
FINNIFTY17SEP2426300CE.NFO,2024-09-12,10:19:00,2024-09-17,0.85,0.85,0.85,0.85,0,56050,1
FINNIFTY17SEP2426300CE.NFO,2024-09-12,10:20:00,2024-09-17,0.85,0.85,0.85,0.85,0,56050,1
FINNIFTY17SEP2426300CE.NFO,2024-09-12,10:21:00,2024-09-17,0.85,0.85,0.85,0.85,0,56050,0
FINNIFTY17SEP2426300CE.NFO,2024-09-12,10:22:00,2024-09-17,0.85,0.9,0.85,0.9,25,58075,0
FINNIFTY17SEP2426300CE.NFO,2024-09-12,10:23:00,2024-09-17,0.9,0.9,0.9,0.9,400,58075,0
FINNIFTY17SEP2426300CE.NFO,2024-09-12,10:24:00,2024-09-17,0.9,0.9,0.9,0.9,0,58075,0
FINNIFTY17SEP2426300CE.NFO,2024-09-12,10:25:00,2024-09-17,0.9,0.9,0.9,0.9,350,58500,0
FINNIFTY17SEP2426300CE.NFO,2024-09-12,10:26:00,2024-09-17,0.9,0.9,0.9,0.9,350,58500,0
FINNIFTY17SEP2426300CE.NFO,2024-09-12,10:27:00,2024-09-17,0.9,0.9,0.9,0.9,0,58500,0
FINNIFTY17SEP2426300CE.NFO,2024-09-12,10:28:00,2024-09-17,0.9,0.9,0.9,0.9,175,59050,0
FINNIFTY17SEP2426300CE.NFO,2024-09-12,10:29:00,2024-09-17,0.9,0.9,0.9,0.9,700,59050,0
FINNIFTY17SEP2426300CE.NFO,2024-09-12,10:30:00,2024-09-17,0.9,0.9,0.9,0.9,175,59125,0
FINNIFTY17SEP2426300CE.NFO,2024-09-12,10:31:00,2024-09-17,0.9,0.9,0.9,0.9,875,59125,0
FINNIFTY17SEP2426300CE.NFO,2024-09-12,10:32:00,2024-09-17,0.9,0.9,0.9,0.9,0,59125,0
FINNIFTY17SEP2426300CE.NFO,2024-09-12,10:33:00,2024-09-17,0.9,0.9,0.9,0.9,0,59125,0
FINNIFTY17SEP2426300CE.NFO,2024-09-12,10:34:00,2024-09-17,0.9,0.9,0.9,0.9,175,59125,0
FINNIFTY17SEP2426300CE.NFO,2024-09-12,10:35:00,2024-09-17,0.9,0.9,0.9,0.9,25,59125,0
FINNIFTY17SEP2426300CE.NFO,2024-09-12,10:36:00,2024-09-17,0.9,0.9,0.9,0.9,175,59125,0
FINNIFTY17SEP2426300CE.NFO,2024-09-12,10:37:00,2024-09-17,0.85,0.9,0.85,0.9,50,59125,0
FINNIFTY17SEP2426300CE.NFO,2024-09-12,10:38:00,2024-09-17,0.9,0.9,0.9,0.9,0,59125,0
FINNIFTY17SEP2426300CE.NFO,2024-09-12,10:39:00,2024-09-17,0.85,0.85,0.85,0.85,175,59125,0
FINNIFTY17SEP2426300CE.NFO,2024-09-12,10:40:00,2024-09-17,0.85,0.85,0.85,0.85,1075,59125,0
FINNIFTY17SEP2426300CE.NFO,2024-09-12,10:41:00,2024-09-17,0.85,0.85,0.85,0.85,175,59125,0
FINNIFTY17SEP2426300CE.NFO,2024-09-12,10:42:00,2024-09-17,0.85,0.85,0.85,0.85,700,59125,0
FINNIFTY17SEP2426300CE.NFO,2024-09-12,10:43:00,2024-09-17,0.85,0.85,0.8,0.8,525,58450,0
FINNIFTY17SEP2426300CE.NFO,2024-09-12,10:44:00,2024-09-17,0.8,0.8,0.8,0.8,525,58450,0
FINNIFTY17SEP2426300CE.NFO,2024-09-12,10:45:00,2024-09-17,0.8,0.85,0.8,0.85,0,58450,0
FINNIFTY17SEP2426300CE.NFO,2024-09-12,10:46:00,2024-09-17,0.85,0.85,0.85,0.85,50,58450,0
FINNIFTY17SEP2426300CE.NFO,2024-09-12,10:47:00,2024-09-17,0.85,0.85,0.85,0.85,0,58450,0
FINNIFTY17SEP2426300CE.NFO,2024-09-12,10:48:00,2024-09-17,0.85,0.85,0.85,0.85,375,58700,0
FINNIFTY17SEP2426300CE.NFO,2024-09-12,10:49:00,2024-09-17,0.85,0.9,0.85,0.9,1100,58700,0
FINNIFTY17SEP2426300CE.NFO,2024-09-12,10:50:00,2024-09-17,0.9,0.9,0.85,0.9,375,58700,0
FINNIFTY17SEP2426300CE.NFO,2024-09-12,10:51:00,2024-09-17,0.9,0.9,0.9,0.9,225,58700,0
FINNIFTY17SEP2426300CE.NFO,2024-09-12,10:52:00,2024-09-17,0.9,0.9,0.9,0.9,125,59500,0
FINNIFTY17SEP2426300CE.NFO,2024-09-12,10:53:00,2024-09-17,0.9,0.9,0.9,0.9,0,59500,0
FINNIFTY17SEP2426300CE.NFO,2024-09-12,10:54:00,2024-09-17,0.85,0.9,0.85,0.9,725,59325,0
FINNIFTY17SEP2426300CE.NFO,2024-09-12,10:55:00,2024-09-17,0.9,0.9,0.9,0.9,875,59325,0
FINNIFTY17SEP2426300CE.NFO,2024-09-12,10:56:00,2024-09-17,0.9,0.95,0.9,0.95,175,59325,0
FINNIFTY17SEP2426300CE.NFO,2024-09-12,10:57:00,2024-09-17,0.95,0.95,0.95,0.95,175,59325,0
FINNIFTY17SEP2426300CE.NFO,2024-09-12,10:58:00,2024-09-17,0.95,0.95,0.95,0.95,175,59200,0
FINNIFTY17SEP2426300CE.NFO,2024-09-12,10:59:00,2024-09-17,0.95,0.95,0.9,0.9,250,59200,0
FINNIFTY17SEP2426300CE.NFO,2024-09-12,11:00:00,2024-09-17,0.9,0.9,0.9,0.9,0,59200,0
FINNIFTY17SEP2426300CE.NFO,2024-09-12,11:01:00,2024-09-17,0.9,0.9,0.9,0.9,0,59200,1
FINNIFTY17SEP2426300CE.NFO,2024-09-12,11:02:00,2024-09-17,0.9,0.9,0.9,0.9,0,59200,1
FINNIFTY17SEP2426300CE.NFO,2024-09-12,11:03:00,2024-09-17,0.9,0.9,0.9,0.9,0,59200,0
FINNIFTY17SEP2426300CE.NFO,2024-09-12,11:04:00,2024-09-17,0.9,0.95,0.9,0.95,175,59200,0
FINNIFTY17SEP2426300CE.NFO,2024-09-12,11:05:00,2024-09-17,0.95,0.95,0.95,0.95,350,59200,0
FINNIFTY17SEP2426300CE.NFO,2024-09-12,11:06:00,2024-09-17,0.95,0.95,0.95,0.95,0,59200,0
FINNIFTY17SEP2426300CE.NFO,2024-09-12,11:07:00,2024-09-17,0.95,0.95,0.95,0.95,0,59200,0
FINNIFTY17SEP2426300CE.NFO,2024-09-12,11:08:00,2024-09-17,0.95,0.95,0.95,0.95,0,59200,0
FINNIFTY17SEP2426300CE.NFO,2024-09-12,11:09:00,2024-09-17,0.95,0.95,0.95,0.95,0,59200,1
FINNIFTY17SEP2426300CE.NFO,2024-09-12,11:10:00,2024-09-17,0.95,0.95,0.95,0.95,0,59200,1
FINNIFTY17SEP2426300CE.NFO,2024-09-12,11:11:00,2024-09-17,0.95,0.95,0.9,0.9,100,59200,0
FINNIFTY17SEP2426300CE.NFO,2024-09-12,11:12:00,2024-09-17,0.9,0.9,0.9,0.9,300,58900,0
FINNIFTY17SEP2426300CE.NFO,2024-09-12,11:13:00,2024-09-17,0.9,0.9,0.9,0.9,0,58900,0
FINNIFTY17SEP2426300CE.NFO,2024-09-12,11:14:00,2024-09-17,0.9,0.9,0.9,0.9,0,58900,1
FINNIFTY17SEP2426300CE.NFO,2024-09-12,11:15:00,2024-09-17,0.9,0.9,0.9,0.9,0,58900,0
FINNIFTY17SEP2426300CE.NFO,2024-09-12,11:16:00,2024-09-17,0.9,0.95,0.9,0.95,375,58800,0
FINNIFTY17SEP2426300CE.NFO,2024-09-12,11:17:00,2024-09-17,0.95,0.95,0.95,0.95,0,58800,0
FINNIFTY17SEP2426300CE.NFO,2024-09-12,11:18:00,2024-09-17,0.95,0.95,0.95,0.95,0,58800,0
FINNIFTY17SEP2426300CE.NFO,2024-09-12,11:19:00,2024-09-17,0.95,0.95,0.95,0.95,0,58800,1
FINNIFTY17SEP2426300CE.NFO,2024-09-12,11:20:00,2024-09-17,0.95,0.95,0.95,0.95,0,58800,1
FINNIFTY17SEP2426300CE.NFO,2024-09-12,11:21:00,2024-09-17,0.95,0.95,0.9,0.9,925,58875,0
FINNIFTY17SEP2426300CE.NFO,2024-09-12,11:22:00,2024-09-17,0.9,0.9,0.8,0.8,175,58025,0
FINNIFTY17SEP2426300CE.NFO,2024-09-12,11:23:00,2024-09-17,0.8,0.8,0.8,0.8,0,58025,0
FINNIFTY17SEP2426300CE.NFO,2024-09-12,11:24:00,2024-09-17,0.8,0.9,0.8,0.9,0,58025,0
FINNIFTY17SEP2426300CE.NFO,2024-09-12,11:25:00,2024-09-17,0.9,0.95,0.9,0.95,325,58425,0
FINNIFTY17SEP2426300CE.NFO,2024-09-12,11:26:00,2024-09-17,0.95,0.95,0.9,0.9,625,58425,0
FINNIFTY17SEP2426300CE.NFO,2024-09-12,11:27:00,2024-09-17,0.9,0.9,0.85,0.85,75,58425,0
FINNIFTY17SEP2426300CE.NFO,2024-09-12,11:28:00,2024-09-17,0.85,0.85,0.85,0.85,300,58775,0
FINNIFTY17SEP2426300CE.NFO,2024-09-12,11:29:00,2024-09-17,0.9,0.9,0.9,0.9,25,58775,0
FINNIFTY17SEP2426300CE.NFO,2024-09-12,11:30:00,2024-09-17,0.9,0.9,0.85,0.85,100,59225,0
FINNIFTY17SEP2426300CE.NFO,2024-09-12,11:31:00,2024-09-17,0.85,0.85,0.85,0.85,0,59225,0
FINNIFTY17SEP2426300CE.NFO,2024-09-12,11:32:00,2024-09-17,0.85,0.85,0.85,0.85,0,59225,1
FINNIFTY17SEP2426300CE.NFO,2024-09-12,11:33:00,2024-09-17,0.85,0.85,0.85,0.85,0,59225,0
FINNIFTY17SEP2426300CE.NFO,2024-09-12,11:34:00,2024-09-17,0.85,0.85,0.85,0.85,0,59225,1
FINNIFTY17SEP2426300CE.NFO,2024-09-12,11:35:00,2024-09-17,0.85,0.9,0.85,0.9,650,59250,0
FINNIFTY17SEP2426300CE.NFO,2024-09-12,11:36:00,2024-09-17,0.9,0.9,0.9,0.9,225,58725,0
FINNIFTY17SEP2426300CE.NFO,2024-09-12,11:37:00,2024-09-17,0.9,0.9,0.8,0.85,1250,58725,0
FINNIFTY17SEP2426300CE.NFO,2024-09-12,11:38:00,2024-09-17,0.85,0.85,0.8,0.8,1375,58725,0
FINNIFTY17SEP2426300CE.NFO,2024-09-12,11:39:00,2024-09-17,0.8,0.8,0.8,0.8,350,57250,0
FINNIFTY17SEP2426300CE.NFO,2024-09-12,11:40:00,2024-09-17,0.8,0.85,0.8,0.85,225,57250,0
FINNIFTY17SEP2426300CE.NFO,2024-09-12,11:41:00,2024-09-17,0.85,0.85,0.8,0.8,650,57250,0
FINNIFTY17SEP2426300CE.NFO,2024-09-12,11:42:00,2024-09-17,0.8,0.85,0.8,0.8,625,57625,0
FINNIFTY17SEP2426300CE.NFO,2024-09-12,11:43:00,2024-09-17,0.8,0.9,0.8,0.8,425,57625,0
FINNIFTY17SEP2426300CE.NFO,2024-09-12,11:44:00,2024-09-17,0.8,0.9,0.8,0.8,500,57625,0
FINNIFTY17SEP2426300CE.NFO,2024-09-12,11:45:00,2024-09-17,0.8,0.8,0.75,0.75,200,57625,0
FINNIFTY17SEP2426300CE.NFO,2024-09-12,11:46:00,2024-09-17,0.75,0.75,0.75,0.75,200,59025,0
FINNIFTY17SEP2426300CE.NFO,2024-09-12,11:47:00,2024-09-17,0.75,0.8,0.75,0.8,200,59025,0
FINNIFTY17SEP2426300CE.NFO,2024-09-12,11:48:00,2024-09-17,0.8,0.8,0.75,0.8,575,58800,0
FINNIFTY17SEP2426300CE.NFO,2024-09-12,11:49:00,2024-09-17,0.8,0.8,0.75,0.75,500,58800,0
FINNIFTY17SEP2426300CE.NFO,2024-09-12,11:50:00,2024-09-17,0.75,0.8,0.75,0.75,325,58800,0
FINNIFTY17SEP2426300CE.NFO,2024-09-12,11:51:00,2024-09-17,0.8,0.8,0.8,0.8,275,58800,0
FINNIFTY17SEP2426300CE.NFO,2024-09-12,11:52:00,2024-09-17,0.8,0.85,0.8,0.85,1625,59150,0
FINNIFTY17SEP2426300CE.NFO,2024-09-12,11:53:00,2024-09-17,0.85,0.9,0.85,0.85,775,59150,0
FINNIFTY17SEP2426300CE.NFO,2024-09-12,11:54:00,2024-09-17,0.9,0.95,0.9,0.95,1275,59150,0
FINNIFTY17SEP2426300CE.NFO,2024-09-12,11:55:00,2024-09-17,0.9,0.9,0.9,0.9,300,59425,0
FINNIFTY17SEP2426300CE.NFO,2024-09-12,11:56:00,2024-09-17,0.9,0.95,0.9,0.95,375,59425,0
FINNIFTY17SEP2426300CE.NFO,2024-09-12,11:57:00,2024-09-17,0.95,0.95,0.95,0.95,525,59425,0
FINNIFTY17SEP2426300CE.NFO,2024-09-12,11:58:00,2024-09-17,0.95,0.95,0.95,0.95,300,60525,0
FINNIFTY17SEP2426300CE.NFO,2024-09-12,11:59:00,2024-09-17,0.95,0.95,0.95,0.95,0,60525,0
FINNIFTY17SEP2426300CE.NFO,2024-09-12,12:00:00,2024-09-17,0.9,0.9,0.9,0.9,2375,60525,0
FINNIFTY17SEP2426300CE.NFO,2024-09-12,12:01:00,2024-09-17,0.9,0.9,0.85,0.85,100,62500,0
FINNIFTY17SEP2426300CE.NFO,2024-09-12,12:02:00,2024-09-17,0.85,0.85,0.8,0.8,100,62500,0
FINNIFTY17SEP2426300CE.NFO,2024-09-12,12:03:00,2024-09-17,0.8,0.8,0.8,0.8,200,61700,0
FINNIFTY17SEP2426300CE.NFO,2024-09-12,12:04:00,2024-09-17,0.8,0.8,0.8,0.8,450,61700,0
FINNIFTY17SEP2426300CE.NFO,2024-09-12,12:05:00,2024-09-17,0.8,0.8,0.8,0.8,400,61700,0
FINNIFTY17SEP2426300CE.NFO,2024-09-12,12:06:00,2024-09-17,0.8,0.95,0.8,0.8,1325,61050,0
FINNIFTY17SEP2426300CE.NFO,2024-09-12,12:07:00,2024-09-17,0.9,0.9,0.8,0.8,275,61050,0
FINNIFTY17SEP2426300CE.NFO,2024-09-12,12:08:00,2024-09-17,0.8,0.8,0.8,0.8,25,61050,0
FINNIFTY17SEP2426300CE.NFO,2024-09-12,12:09:00,2024-09-17,0.8,0.9,0.8,0.85,0,61050,0
FINNIFTY17SEP2426300CE.NFO,2024-09-12,12:10:00,2024-09-17,0.85,0.85,0.85,0.85,0,61050,0
FINNIFTY17SEP2426300CE.NFO,2024-09-12,12:11:00,2024-09-17,0.85,0.85,0.85,0.85,175,62725,0
FINNIFTY17SEP2426300CE.NFO,2024-09-12,12:12:00,2024-09-17,0.85,0.85,0.85,0.85,0,62725,0
FINNIFTY17SEP2426300CE.NFO,2024-09-12,12:13:00,2024-09-17,0.85,0.85,0.85,0.85,0,62725,1
FINNIFTY17SEP2426300CE.NFO,2024-09-12,12:14:00,2024-09-17,0.85,0.85,0.85,0.85,0,62725,1
FINNIFTY17SEP2426300CE.NFO,2024-09-12,12:15:00,2024-09-17,0.8,0.8,0.8,0.8,2125,62900,0
FINNIFTY17SEP2426300CE.NFO,2024-09-12,12:16:00,2024-09-17,0.8,0.8,0.8,0.8,1800,62925,0
FINNIFTY17SEP2426300CE.NFO,2024-09-12,12:17:00,2024-09-17,0.8,0.85,0.8,0.8,2600,62925,0
FINNIFTY17SEP2426300CE.NFO,2024-09-12,12:18:00,2024-09-17,0.8,0.8,0.8,0.8,50,62925,0
FINNIFTY17SEP2426300CE.NFO,2024-09-12,12:19:00,2024-09-17,0.8,0.8,0.8,0.8,0,62925,0
FINNIFTY17SEP2426300CE.NFO,2024-09-12,12:20:00,2024-09-17,0.8,0.8,0.8,0.8,0,62925,0
FINNIFTY17SEP2426300CE.NFO,2024-09-12,12:21:00,2024-09-17,0.8,0.8,0.8,0.8,0,62925,0
FINNIFTY17SEP2426300CE.NFO,2024-09-12,12:22:00,2024-09-17,0.8,0.8,0.8,0.8,350,67225,0
FINNIFTY17SEP2426300CE.NFO,2024-09-12,12:23:00,2024-09-17,0.8,0.8,0.8,0.8,350,67225,0
FINNIFTY17SEP2426300CE.NFO,2024-09-12,12:24:00,2024-09-17,0.8,0.8,0.8,0.8,1975,67225,0
FINNIFTY17SEP2426300CE.NFO,2024-09-12,12:25:00,2024-09-17,0.8,0.8,0.8,0.8,0,67225,0
FINNIFTY17SEP2426300CE.NFO,2024-09-12,12:26:00,2024-09-17,0.8,0.8,0.8,0.8,0,67225,0
FINNIFTY17SEP2426300CE.NFO,2024-09-12,12:27:00,2024-09-17,0.8,0.8,0.8,0.8,0,67225,0
FINNIFTY17SEP2426300CE.NFO,2024-09-12,12:28:00,2024-09-17,0.8,0.8,0.8,0.8,0,67225,0
FINNIFTY17SEP2426300CE.NFO,2024-09-12,12:29:00,2024-09-17,0.8,0.8,0.8,0.8,0,67225,0
FINNIFTY17SEP2426300CE.NFO,2024-09-12,12:30:00,2024-09-17,0.8,0.8,0.8,0.8,0,67225,0
FINNIFTY17SEP2426300CE.NFO,2024-09-12,12:31:00,2024-09-17,0.8,0.8,0.8,0.8,175,68000,0
FINNIFTY17SEP2426300CE.NFO,2024-09-12,12:32:00,2024-09-17,0.8,0.8,0.8,0.8,0,68000,0
FINNIFTY17SEP2426300CE.NFO,2024-09-12,12:33:00,2024-09-17,0.8,0.8,0.8,0.8,175,68000,0
FINNIFTY17SEP2426300CE.NFO,2024-09-12,12:34:00,2024-09-17,0.8,0.8,0.8,0.8,175,68350,0
FINNIFTY17SEP2426300CE.NFO,2024-09-12,12:35:00,2024-09-17,0.8,0.8,0.8,0.8,250,68350,0
FINNIFTY17SEP2426300CE.NFO,2024-09-12,12:36:00,2024-09-17,0.8,0.8,0.8,0.8,0,68350,0
FINNIFTY17SEP2426300CE.NFO,2024-09-12,12:37:00,2024-09-17,0.8,0.8,0.8,0.8,0,68350,0
FINNIFTY17SEP2426300CE.NFO,2024-09-12,12:38:00,2024-09-17,0.8,0.8,0.8,0.8,0,68350,1
FINNIFTY17SEP2426300CE.NFO,2024-09-12,12:39:00,2024-09-17,0.8,0.8,0.8,0.8,0,68350,1
FINNIFTY17SEP2426300CE.NFO,2024-09-12,12:40:00,2024-09-17,0.8,0.8,0.8,0.8,0,68350,0
FINNIFTY17SEP2426300CE.NFO,2024-09-12,12:41:00,2024-09-17,0.8,0.8,0.8,0.8,0,68350,0
FINNIFTY17SEP2426300CE.NFO,2024-09-12,12:42:00,2024-09-17,0.8,0.8,0.8,0.8,0,68350,1
FINNIFTY17SEP2426300CE.NFO,2024-09-12,12:43:00,2024-09-17,0.8,0.8,0.8,0.8,0,68350,0
FINNIFTY17SEP2426300CE.NFO,2024-09-12,12:44:00,2024-09-17,0.8,0.8,0.8,0.8,0,68350,0
FINNIFTY17SEP2426300CE.NFO,2024-09-12,12:45:00,2024-09-17,0.8,0.8,0.8,0.8,0,68350,1
FINNIFTY17SEP2426300CE.NFO,2024-09-12,12:46:00,2024-09-17,0.8,0.8,0.8,0.8,0,68350,0
FINNIFTY17SEP2426300CE.NFO,2024-09-12,12:47:00,2024-09-17,0.8,0.8,0.8,0.8,0,68350,0
FINNIFTY17SEP2426300CE.NFO,2024-09-12,12:48:00,2024-09-17,0.8,0.8,0.8,0.8,0,68350,0
FINNIFTY17SEP2426300CE.NFO,2024-09-12,12:49:00,2024-09-17,0.8,0.8,0.8,0.8,0,68350,0
FINNIFTY17SEP2426300CE.NFO,2024-09-12,12:50:00,2024-09-17,0.8,0.8,0.8,0.8,0,68350,0
FINNIFTY17SEP2426300CE.NFO,2024-09-12,12:51:00,2024-09-17,0.8,0.8,0.8,0.8,0,68350,0
FINNIFTY17SEP2426300CE.NFO,2024-09-12,12:52:00,2024-09-17,0.8,0.8,0.8,0.8,50,68775,0
FINNIFTY17SEP2426300CE.NFO,2024-09-12,12:53:00,2024-09-17,0.8,0.8,0.8,0.8,0,68775,0
FINNIFTY17SEP2426300CE.NFO,2024-09-12,12:54:00,2024-09-17,0.8,0.8,0.8,0.8,150,68775,0
FINNIFTY17SEP2426300CE.NFO,2024-09-12,12:55:00,2024-09-17,0.8,0.8,0.8,0.8,200,68775,0
FINNIFTY17SEP2426300CE.NFO,2024-09-12,12:56:00,2024-09-17,0.8,0.8,0.8,0.8,0,68775,0
FINNIFTY17SEP2426300CE.NFO,2024-09-12,12:57:00,2024-09-17,0.8,0.8,0.8,0.8,0,68775,0
FINNIFTY17SEP2426300CE.NFO,2024-09-12,12:58:00,2024-09-17,0.8,0.8,0.8,0.8,0,68775,0
FINNIFTY17SEP2426300CE.NFO,2024-09-12,12:59:00,2024-09-17,0.8,0.8,0.8,0.8,0,68775,0
FINNIFTY17SEP2426300CE.NFO,2024-09-12,13:00:00,2024-09-17,0.8,0.8,0.8,0.8,0,68775,1
FINNIFTY17SEP2426300CE.NFO,2024-09-12,13:01:00,2024-09-17,0.8,0.8,0.8,0.8,0,68775,0
FINNIFTY17SEP2426300CE.NFO,2024-09-12,13:02:00,2024-09-17,0.8,0.8,0.8,0.8,0,68775,0
FINNIFTY17SEP2426300CE.NFO,2024-09-12,13:03:00,2024-09-17,0.8,0.8,0.8,0.8,0,68775,1
FINNIFTY17SEP2426300CE.NFO,2024-09-12,13:04:00,2024-09-17,0.8,0.8,0.8,0.8,0,68775,1
FINNIFTY17SEP2426300CE.NFO,2024-09-12,13:05:00,2024-09-17,0.8,0.8,0.8,0.8,0,68775,0
FINNIFTY17SEP2426300CE.NFO,2024-09-12,13:06:00,2024-09-17,0.8,0.8,0.8,0.8,0,68775,1
FINNIFTY17SEP2426300CE.NFO,2024-09-12,13:07:00,2024-09-17,0.8,0.8,0.8,0.8,0,68775,0
FINNIFTY17SEP2426300CE.NFO,2024-09-12,13:08:00,2024-09-17,0.8,0.8,0.8,0.8,0,68775,0
FINNIFTY17SEP2426300CE.NFO,2024-09-12,13:09:00,2024-09-17,0.8,0.8,0.8,0.8,0,68775,1
FINNIFTY17SEP2426300CE.NFO,2024-09-12,13:10:00,2024-09-17,0.8,0.8,0.8,0.8,0,68775,0
FINNIFTY17SEP2426300CE.NFO,2024-09-12,13:11:00,2024-09-17,0.8,0.8,0.8,0.8,0,68775,0
FINNIFTY17SEP2426300CE.NFO,2024-09-12,13:12:00,2024-09-17,0.8,0.8,0.8,0.8,675,68775,0
FINNIFTY17SEP2426300CE.NFO,2024-09-12,13:13:00,2024-09-17,0.8,0.8,0.8,0.8,675,68775,1
FINNIFTY17SEP2426300CE.NFO,2024-09-12,13:14:00,2024-09-17,0.8,0.8,0.8,0.8,675,68775,1
FINNIFTY17SEP2426300CE.NFO,2024-09-12,13:15:00,2024-09-17,0.8,0.8,0.8,0.8,0,68775,0
FINNIFTY17SEP2426300CE.NFO,2024-09-12,13:16:00,2024-09-17,0.8,0.8,0.8,0.8,0,68775,1
FINNIFTY17SEP2426300CE.NFO,2024-09-12,13:17:00,2024-09-17,0.8,0.8,0.8,0.8,0,68775,0
FINNIFTY17SEP2426300CE.NFO,2024-09-12,13:18:00,2024-09-17,0.8,0.8,0.8,0.8,0,68775,0
FINNIFTY17SEP2426300CE.NFO,2024-09-12,13:19:00,2024-09-17,0.75,0.75,0.75,0.75,25,68775,0
FINNIFTY17SEP2426300CE.NFO,2024-09-12,13:20:00,2024-09-17,0.75,0.75,0.75,0.75,0,68775,0
FINNIFTY17SEP2426300CE.NFO,2024-09-12,13:21:00,2024-09-17,0.75,0.75,0.75,0.75,0,68775,0
FINNIFTY17SEP2426300CE.NFO,2024-09-12,13:22:00,2024-09-17,0.75,0.75,0.75,0.75,0,68775,0
FINNIFTY17SEP2426300CE.NFO,2024-09-12,13:23:00,2024-09-17,0.75,0.75,0.75,0.75,0,68775,0
FINNIFTY17SEP2426300CE.NFO,2024-09-12,13:24:00,2024-09-17,0.75,0.75,0.75,0.75,0,68775,0
FINNIFTY17SEP2426300CE.NFO,2024-09-12,13:25:00,2024-09-17,0.75,0.75,0.75,0.75,0,68750,0
FINNIFTY17SEP2426300CE.NFO,2024-09-12,13:26:00,2024-09-17,0.75,0.75,0.75,0.75,175,68750,0
FINNIFTY17SEP2426300CE.NFO,2024-09-12,13:27:00,2024-09-17,0.75,0.75,0.75,0.75,175,68750,0
FINNIFTY17SEP2426300CE.NFO,2024-09-12,13:28:00,2024-09-17,0.75,0.75,0.75,0.75,175,68750,1
FINNIFTY17SEP2426300CE.NFO,2024-09-12,13:29:00,2024-09-17,0.75,0.75,0.75,0.75,175,68750,1
FINNIFTY17SEP2426300CE.NFO,2024-09-12,13:30:00,2024-09-17,0.75,0.75,0.75,0.75,175,68750,1
FINNIFTY17SEP2426300CE.NFO,2024-09-12,13:31:00,2024-09-17,0.75,0.75,0.7,0.7,350,68050,0
FINNIFTY17SEP2426300CE.NFO,2024-09-12,13:32:00,2024-09-17,0.7,0.75,0.65,0.7,850,68050,0
FINNIFTY17SEP2426300CE.NFO,2024-09-12,13:33:00,2024-09-17,0.7,0.7,0.7,0.7,0,68050,0
FINNIFTY17SEP2426300CE.NFO,2024-09-12,13:34:00,2024-09-17,0.7,0.7,0.7,0.7,0,68050,0
FINNIFTY17SEP2426300CE.NFO,2024-09-12,13:35:00,2024-09-17,0.7,0.7,0.7,0.7,0,68050,0
FINNIFTY17SEP2426300CE.NFO,2024-09-12,13:36:00,2024-09-17,0.7,0.7,0.65,0.65,0,67575,0
FINNIFTY17SEP2426300CE.NFO,2024-09-12,13:37:00,2024-09-17,0.65,0.65,0.65,0.65,350,67525,0
FINNIFTY17SEP2426300CE.NFO,2024-09-12,13:38:00,2024-09-17,0.65,0.65,0.65,0.65,0,67525,0
FINNIFTY17SEP2426300CE.NFO,2024-09-12,13:39:00,2024-09-17,0.65,0.65,0.65,0.65,0,67525,1
FINNIFTY17SEP2426300CE.NFO,2024-09-12,13:40:00,2024-09-17,0.65,0.65,0.65,0.65,0,67525,0
FINNIFTY17SEP2426300CE.NFO,2024-09-12,13:41:00,2024-09-17,0.65,0.65,0.65,0.65,0,67525,0
FINNIFTY17SEP2426300CE.NFO,2024-09-12,13:42:00,2024-09-17,0.65,0.65,0.65,0.65,0,67525,1
FINNIFTY17SEP2426300CE.NFO,2024-09-12,13:43:00,2024-09-17,0.65,0.65,0.65,0.65,175,67525,0
FINNIFTY17SEP2426300CE.NFO,2024-09-12,13:44:00,2024-09-17,0.65,0.65,0.65,0.65,1050,67525,0
FINNIFTY17SEP2426300CE.NFO,2024-09-12,13:45:00,2024-09-17,0.65,0.7,0.65,0.7,4325,67525,0
FINNIFTY17SEP2426300CE.NFO,2024-09-12,13:46:00,2024-09-17,0.7,0.7,0.7,0.7,825,67575,0
FINNIFTY17SEP2426300CE.NFO,2024-09-12,13:47:00,2024-09-17,0.7,0.7,0.7,0.7,50,67575,0
FINNIFTY17SEP2426300CE.NFO,2024-09-12,13:48:00,2024-09-17,0.7,0.7,0.7,0.7,0,67575,0
FINNIFTY17SEP2426300CE.NFO,2024-09-12,13:49:00,2024-09-17,0.7,0.7,0.7,0.7,25,67175,0
FINNIFTY17SEP2426300CE.NFO,2024-09-12,13:50:00,2024-09-17,0.7,0.7,0.7,0.7,3250,67175,0
FINNIFTY17SEP2426300CE.NFO,2024-09-12,13:51:00,2024-09-17,0.7,0.7,0.7,0.7,125,67175,0
FINNIFTY17SEP2426300CE.NFO,2024-09-12,13:52:00,2024-09-17,0.7,0.7,0.7,0.7,0,67175,0
FINNIFTY17SEP2426300CE.NFO,2024-09-12,13:53:00,2024-09-17,0.7,0.7,0.7,0.7,125,67775,0
FINNIFTY17SEP2426300CE.NFO,2024-09-12,13:54:00,2024-09-17,0.7,0.75,0.7,0.75,425,67775,0
FINNIFTY17SEP2426300CE.NFO,2024-09-12,13:55:00,2024-09-17,0.75,0.75,0.75,0.75,350,68325,0
FINNIFTY17SEP2426300CE.NFO,2024-09-12,13:56:00,2024-09-17,0.75,0.75,0.75,0.75,350,68325,0
FINNIFTY17SEP2426300CE.NFO,2024-09-12,13:57:00,2024-09-17,0.75,0.75,0.75,0.75,825,68325,0
FINNIFTY17SEP2426300CE.NFO,2024-09-12,13:58:00,2024-09-17,0.75,0.75,0.75,0.75,550,68750,0
FINNIFTY17SEP2426300CE.NFO,2024-09-12,13:59:00,2024-09-17,0.75,0.75,0.75,0.75,175,68750,0
FINNIFTY17SEP2426300CE.NFO,2024-09-12,14:00:00,2024-09-17,0.75,0.75,0.75,0.75,775,68750,0
FINNIFTY17SEP2426300CE.NFO,2024-09-12,14:01:00,2024-09-17,0.75,0.75,0.65,0.65,4450,68750,0
FINNIFTY17SEP2426300CE.NFO,2024-09-12,14:02:00,2024-09-17,0.65,0.75,0.65,0.75,2275,68750,0
FINNIFTY17SEP2426300CE.NFO,2024-09-12,14:03:00,2024-09-17,0.75,0.75,0.7,0.7,0,68750,0
FINNIFTY17SEP2426300CE.NFO,2024-09-12,14:04:00,2024-09-17,0.7,0.7,0.7,0.7,0,68750,0
FINNIFTY17SEP2426300CE.NFO,2024-09-12,14:05:00,2024-09-17,0.7,0.75,0.7,0.75,1850,68600,0
FINNIFTY17SEP2426300CE.NFO,2024-09-12,14:06:00,2024-09-17,0.75,0.75,0.75,0.75,0,68600,0
FINNIFTY17SEP2426300CE.NFO,2024-09-12,14:07:00,2024-09-17,0.75,0.75,0.75,0.75,0,68600,0
FINNIFTY17SEP2426300CE.NFO,2024-09-12,14:08:00,2024-09-17,0.75,0.75,0.7,0.7,525,69375,0
FINNIFTY17SEP2426300CE.NFO,2024-09-12,14:09:00,2024-09-17,0.7,0.7,0.65,0.65,1375,69375,0
FINNIFTY17SEP2426300CE.NFO,2024-09-12,14:10:00,2024-09-17,0.65,0.65,0.65,0.65,1400,69375,0
FINNIFTY17SEP2426300CE.NFO,2024-09-12,14:11:00,2024-09-17,0.65,0.65,0.65,0.65,0,69375,0
FINNIFTY17SEP2426300CE.NFO,2024-09-12,14:12:00,2024-09-17,0.65,0.65,0.65,0.65,0,69375,0
FINNIFTY17SEP2426300CE.NFO,2024-09-12,14:13:00,2024-09-17,0.65,0.7,0.65,0.7,600,66425,0
FINNIFTY17SEP2426300CE.NFO,2024-09-12,14:14:00,2024-09-17,0.7,0.7,0.65,0.65,2500,66425,0
FINNIFTY17SEP2426300CE.NFO,2024-09-12,14:15:00,2024-09-17,0.65,0.65,0.65,0.65,0,66425,0
FINNIFTY17SEP2426300CE.NFO,2024-09-12,14:16:00,2024-09-17,0.65,0.65,0.65,0.65,0,66425,0
FINNIFTY17SEP2426300CE.NFO,2024-09-12,14:17:00,2024-09-17,0.65,0.65,0.65,0.65,425,68825,0
FINNIFTY17SEP2426300CE.NFO,2024-09-12,14:18:00,2024-09-17,0.65,0.65,0.65,0.65,0,68825,0
FINNIFTY17SEP2426300CE.NFO,2024-09-12,14:19:00,2024-09-17,0.65,0.65,0.65,0.65,0,68825,0
FINNIFTY17SEP2426300CE.NFO,2024-09-12,14:20:00,2024-09-17,0.65,0.65,0.65,0.65,0,68825,1
FINNIFTY17SEP2426300CE.NFO,2024-09-12,14:21:00,2024-09-17,0.65,0.65,0.65,0.65,0,68825,0
FINNIFTY17SEP2426300CE.NFO,2024-09-12,14:22:00,2024-09-17,0.7,0.7,0.7,0.7,1600,68825,0
FINNIFTY17SEP2426300CE.NFO,2024-09-12,14:23:00,2024-09-17,0.7,0.7,0.7,0.7,75,68075,0
FINNIFTY17SEP2426300CE.NFO,2024-09-12,14:24:00,2024-09-17,0.7,0.7,0.7,0.7,0,68075,0
FINNIFTY17SEP2426300CE.NFO,2024-09-12,14:25:00,2024-09-17,0.7,0.7,0.7,0.7,0,68075,0
FINNIFTY17SEP2426300CE.NFO,2024-09-12,14:26:00,2024-09-17,0.7,0.7,0.7,0.7,50,68000,0
FINNIFTY17SEP2426300CE.NFO,2024-09-12,14:27:00,2024-09-17,0.7,0.7,0.7,0.7,0,68000,0
FINNIFTY17SEP2426300CE.NFO,2024-09-12,14:28:00,2024-09-17,0.7,0.7,0.7,0.7,0,68000,0
FINNIFTY17SEP2426300CE.NFO,2024-09-12,14:29:00,2024-09-17,0.7,0.7,0.7,0.7,0,68000,0
FINNIFTY17SEP2426300CE.NFO,2024-09-12,14:30:00,2024-09-17,0.7,0.7,0.7,0.7,0,68000,1
FINNIFTY17SEP2426300CE.NFO,2024-09-12,14:31:00,2024-09-17,0.7,0.7,0.7,0.7,0,68000,0
FINNIFTY17SEP2426300CE.NFO,2024-09-12,14:32:00,2024-09-17,0.7,0.7,0.7,0.7,0,68000,0
FINNIFTY17SEP2426300CE.NFO,2024-09-12,14:33:00,2024-09-17,0.7,0.7,0.7,0.7,0,68000,1
FINNIFTY17SEP2426300CE.NFO,2024-09-12,14:34:00,2024-09-17,0.7,0.7,0.7,0.7,0,68000,0
FINNIFTY17SEP2426300CE.NFO,2024-09-12,14:35:00,2024-09-17,0.7,0.7,0.7,0.7,0,68000,1
FINNIFTY17SEP2426300CE.NFO,2024-09-12,14:36:00,2024-09-17,0.7,0.7,0.65,0.65,100,68000,0
FINNIFTY17SEP2426300CE.NFO,2024-09-12,14:37:00,2024-09-17,0.65,0.65,0.65,0.65,0,68000,0
FINNIFTY17SEP2426300CE.NFO,2024-09-12,14:38:00,2024-09-17,0.65,0.65,0.65,0.65,0,68000,1
FINNIFTY17SEP2426300CE.NFO,2024-09-12,14:39:00,2024-09-17,0.65,0.65,0.65,0.65,0,68000,0
FINNIFTY17SEP2426300CE.NFO,2024-09-12,14:40:00,2024-09-17,0.65,0.65,0.65,0.65,0,68000,0
FINNIFTY17SEP2426300CE.NFO,2024-09-12,14:41:00,2024-09-17,0.65,0.65,0.65,0.65,0,68000,0
FINNIFTY17SEP2426300CE.NFO,2024-09-12,14:42:00,2024-09-17,0.65,0.65,0.65,0.65,0,68000,0
FINNIFTY17SEP2426300CE.NFO,2024-09-12,14:43:00,2024-09-17,0.65,0.65,0.65,0.65,0,68000,0
FINNIFTY17SEP2426300CE.NFO,2024-09-12,14:44:00,2024-09-17,0.65,0.7,0.65,0.7,1425,68000,0
FINNIFTY17SEP2426300CE.NFO,2024-09-12,14:45:00,2024-09-17,0.7,0.7,0.7,0.7,850,68000,0
FINNIFTY17SEP2426300CE.NFO,2024-09-12,14:46:00,2024-09-17,0.7,0.7,0.7,0.7,0,68000,0
FINNIFTY17SEP2426300CE.NFO,2024-09-12,14:47:00,2024-09-17,0.7,0.7,0.7,0.7,0,68000,0
FINNIFTY17SEP2426300CE.NFO,2024-09-12,14:48:00,2024-09-17,0.7,0.7,0.7,0.7,0,68000,0
FINNIFTY17SEP2426300CE.NFO,2024-09-12,14:49:00,2024-09-17,0.7,0.7,0.7,0.7,0,68000,0
FINNIFTY17SEP2426300CE.NFO,2024-09-12,14:50:00,2024-09-17,0.7,0.7,0.7,0.7,0,68000,0
FINNIFTY17SEP2426300CE.NFO,2024-09-12,14:51:00,2024-09-17,0.7,0.75,0.7,0.75,450,64725,0
FINNIFTY17SEP2426300CE.NFO,2024-09-12,14:52:00,2024-09-17,0.75,0.75,0.75,0.75,0,64725,0
FINNIFTY17SEP2426300CE.NFO,2024-09-12,14:53:00,2024-09-17,0.75,0.75,0.75,0.75,0,64725,0
FINNIFTY17SEP2426300CE.NFO,2024-09-12,14:54:00,2024-09-17,0.75,0.75,0.75,0.75,0,64725,1
FINNIFTY17SEP2426300CE.NFO,2024-09-12,14:55:00,2024-09-17,0.75,0.75,0.75,0.75,0,64725,0
FINNIFTY17SEP2426300CE.NFO,2024-09-12,14:56:00,2024-09-17,0.75,0.75,0.75,0.75,0,64725,0
FINNIFTY17SEP2426300CE.NFO,2024-09-12,14:57:00,2024-09-17,0.75,0.75,0.7,0.7,125,64725,0
FINNIFTY17SEP2426300CE.NFO,2024-09-12,14:58:00,2024-09-17,0.7,0.75,0.7,0.75,825,64775,0
FINNIFTY17SEP2426300CE.NFO,2024-09-12,14:59:00,2024-09-17,0.75,0.75,0.75,0.75,0,64775,0
FINNIFTY17SEP2426300CE.NFO,2024-09-12,15:00:00,2024-09-17,0.75,0.75,0.75,0.75,300,64775,0
FINNIFTY17SEP2426300CE.NFO,2024-09-12,15:01:00,2024-09-17,0.75,0.85,0.75,0.75,400,65325,0
FINNIFTY17SEP2426300CE.NFO,2024-09-12,15:02:00,2024-09-17,0.75,0.75,0.75,0.75,0,65325,0
FINNIFTY17SEP2426300CE.NFO,2024-09-12,15:03:00,2024-09-17,0.75,0.75,0.75,0.75,125,65325,0
FINNIFTY17SEP2426300CE.NFO,2024-09-12,15:04:00,2024-09-17,0.75,0.75,0.75,0.75,0,65700,0
FINNIFTY17SEP2426300CE.NFO,2024-09-12,15:05:00,2024-09-17,0.75,0.75,0.75,0.75,0,65700,0
FINNIFTY17SEP2426300CE.NFO,2024-09-12,15:06:00,2024-09-17,0.75,0.75,0.75,0.75,0,65700,0
FINNIFTY17SEP2426300CE.NFO,2024-09-12,15:07:00,2024-09-17,0.75,0.75,0.75,0.75,0,65700,0
FINNIFTY17SEP2426300CE.NFO,2024-09-12,15:08:00,2024-09-17,0.75,0.85,0.75,0.8,25,65700,0
FINNIFTY17SEP2426300CE.NFO,2024-09-12,15:09:00,2024-09-17,0.8,0.8,0.75,0.75,125,65700,0
FINNIFTY17SEP2426300CE.NFO,2024-09-12,15:10:00,2024-09-17,0.75,0.75,0.75,0.75,0,65700,0
FINNIFTY17SEP2426300CE.NFO,2024-09-12,15:11:00,2024-09-17,0.8,0.8,0.8,0.8,1600,65550,0
FINNIFTY17SEP2426300CE.NFO,2024-09-12,15:12:00,2024-09-17,0.8,0.8,0.7,0.7,125,65550,0
FINNIFTY17SEP2426300CE.NFO,2024-09-12,15:13:00,2024-09-17,0.7,0.7,0.7,0.7,0,65550,0
FINNIFTY17SEP2426300CE.NFO,2024-09-12,15:14:00,2024-09-17,0.7,0.7,0.7,0.7,0,65550,0
FINNIFTY17SEP2426300CE.NFO,2024-09-12,15:15:00,2024-09-17,0.7,0.7,0.7,0.7,25,65350,0
FINNIFTY17SEP2426300CE.NFO,2024-09-12,15:16:00,2024-09-17,0.7,0.7,0.7,0.7,0,65350,0
FINNIFTY17SEP2426300CE.NFO,2024-09-12,15:17:00,2024-09-17,0.7,0.8,0.7,0.8,300,65325,0
FINNIFTY17SEP2426300CE.NFO,2024-09-12,15:18:00,2024-09-17,0.8,0.85,0.65,0.85,4250,65325,0
FINNIFTY17SEP2426300CE.NFO,2024-09-12,15:19:00,2024-09-17,0.85,0.85,0.85,0.85,0,65325,0
FINNIFTY17SEP2426300CE.NFO,2024-09-12,15:20:00,2024-09-17,0.85,0.85,0.85,0.85,0,65325,0
FINNIFTY17SEP2426300CE.NFO,2024-09-12,15:21:00,2024-09-17,0.85,0.85,0.85,0.85,150,63575,0
FINNIFTY17SEP2426300CE.NFO,2024-09-12,15:22:00,2024-09-17,0.85,0.85,0.85,0.85,0,63575,0
FINNIFTY17SEP2426300CE.NFO,2024-09-12,15:23:00,2024-09-17,0.85,0.85,0.8,0.8,550,63625,0
FINNIFTY17SEP2426300CE.NFO,2024-09-12,15:24:00,2024-09-17,0.8,0.85,0.8,0.85,800,63625,0
FINNIFTY17SEP2426300CE.NFO,2024-09-12,15:25:00,2024-09-17,0.85,0.85,0.85,0.85,0,63625,0
FINNIFTY17SEP2426300CE.NFO,2024-09-12,15:26:00,2024-09-17,0.85,0.85,0.7,0.7,75,63000,0
FINNIFTY17SEP2426300CE.NFO,2024-09-12,15:27:00,2024-09-17,0.7,0.7,0.65,0.65,125,63000,0
FINNIFTY17SEP2426300CE.NFO,2024-09-12,15:28:00,2024-09-17,0.65,0.7,0.65,0.7,550,63000,0
FINNIFTY17SEP2426300CE.NFO,2024-09-12,15:29:00,2024-09-17,0.7,1.2,0.65,0.65,700,63000,0
FINNIFTY17SEP2426300CE.NFO,2024-09-12,15:30:00,2024-09-17,0.65,0.65,0.65,0.65,700,63000,1
FINNIFTY17SEP2426300CE.NFO,2024-09-13,09:15:00,2024-09-17,0.8,1.4,0.55,0.55,12350,63100,0
FINNIFTY17SEP2426300CE.NFO,2024-09-13,09:16:00,2024-09-17,0.55,0.95,0.55,0.95,3450,63100,0
FINNIFTY17SEP2426300CE.NFO,2024-09-13,09:17:00,2024-09-17,0.95,1.1,0.9,0.9,2300,63100,0
FINNIFTY17SEP2426300CE.NFO,2024-09-13,09:18:00,2024-09-17,0.95,1.1,0.9,1.0,6775,61225,0
FINNIFTY17SEP2426300CE.NFO,2024-09-13,09:19:00,2024-09-17,1.0,1.0,0.95,0.95,1225,61225,0
FINNIFTY17SEP2426300CE.NFO,2024-09-13,09:20:00,2024-09-17,0.95,1.0,0.95,1.0,1100,61225,0
FINNIFTY17SEP2426300CE.NFO,2024-09-13,09:21:00,2024-09-17,1.0,1.05,1.0,1.05,3825,70025,0
FINNIFTY17SEP2426300CE.NFO,2024-09-13,09:22:00,2024-09-17,1.05,1.1,1.05,1.1,200,70025,0
FINNIFTY17SEP2426300CE.NFO,2024-09-13,09:23:00,2024-09-17,1.1,1.1,0.95,0.95,6125,70025,0
FINNIFTY17SEP2426300CE.NFO,2024-09-13,09:24:00,2024-09-17,0.95,1.0,0.9,0.95,5550,71925,0
FINNIFTY17SEP2426300CE.NFO,2024-09-13,09:25:00,2024-09-17,0.95,1.0,0.9,0.9,8825,71925,0
FINNIFTY17SEP2426300CE.NFO,2024-09-13,09:26:00,2024-09-17,0.95,0.95,0.85,0.85,21800,71925,0
FINNIFTY17SEP2426300CE.NFO,2024-09-13,09:27:00,2024-09-17,0.85,0.95,0.85,0.85,3450,94175,0
FINNIFTY17SEP2426300CE.NFO,2024-09-13,09:28:00,2024-09-17,0.85,0.9,0.85,0.9,1250,94175,0
FINNIFTY17SEP2426300CE.NFO,2024-09-13,09:29:00,2024-09-17,0.9,0.9,0.9,0.9,200,94175,0
FINNIFTY17SEP2426300CE.NFO,2024-09-13,09:30:00,2024-09-17,0.9,0.9,0.9,0.9,4500,95025,0
FINNIFTY17SEP2426300CE.NFO,2024-09-13,09:31:00,2024-09-17,0.9,0.9,0.9,0.9,1350,95025,0
FINNIFTY17SEP2426300CE.NFO,2024-09-13,09:32:00,2024-09-17,0.9,0.9,0.9,0.9,75,95025,0
FINNIFTY17SEP2426300CE.NFO,2024-09-13,09:33:00,2024-09-17,0.85,0.85,0.8,0.8,525,97425,0
FINNIFTY17SEP2426300CE.NFO,2024-09-13,09:34:00,2024-09-17,0.8,0.8,0.8,0.8,0,97425,0
FINNIFTY17SEP2426300CE.NFO,2024-09-13,09:35:00,2024-09-17,0.8,0.8,0.8,0.8,0,97425,0
FINNIFTY17SEP2426300CE.NFO,2024-09-13,09:36:00,2024-09-17,0.8,0.85,0.8,0.85,675,97600,0
FINNIFTY17SEP2426300CE.NFO,2024-09-13,09:37:00,2024-09-17,0.85,0.9,0.85,0.9,1175,97600,0
FINNIFTY17SEP2426300CE.NFO,2024-09-13,09:38:00,2024-09-17,0.9,0.9,0.9,0.9,325,97600,0
FINNIFTY17SEP2426300CE.NFO,2024-09-13,09:39:00,2024-09-17,0.9,0.95,0.9,0.95,150,99250,0
FINNIFTY17SEP2426300CE.NFO,2024-09-13,09:40:00,2024-09-17,0.95,0.95,0.95,0.95,150,99250,0
FINNIFTY17SEP2426300CE.NFO,2024-09-13,09:41:00,2024-09-17,0.95,0.95,0.95,0.95,300,99250,0
FINNIFTY17SEP2426300CE.NFO,2024-09-13,09:42:00,2024-09-17,0.95,0.95,0.95,0.95,175,100000,0
FINNIFTY17SEP2426300CE.NFO,2024-09-13,09:43:00,2024-09-17,0.95,0.95,0.9,0.9,1350,100000,0
FINNIFTY17SEP2426300CE.NFO,2024-09-13,09:44:00,2024-09-17,0.9,0.95,0.9,0.95,250,100000,0
FINNIFTY17SEP2426300CE.NFO,2024-09-13,09:45:00,2024-09-17,0.95,0.95,0.9,0.95,225,99725,0
FINNIFTY17SEP2426300CE.NFO,2024-09-13,09:46:00,2024-09-17,0.95,0.95,0.95,0.95,100,99725,0
FINNIFTY17SEP2426300CE.NFO,2024-09-13,09:47:00,2024-09-17,0.95,0.95,0.95,0.95,100,99725,0
FINNIFTY17SEP2426300CE.NFO,2024-09-13,09:48:00,2024-09-17,0.95,0.95,0.95,0.95,0,99725,0
FINNIFTY17SEP2426300CE.NFO,2024-09-13,09:49:00,2024-09-17,0.95,0.95,0.95,0.95,25,99900,0
FINNIFTY17SEP2426300CE.NFO,2024-09-13,09:50:00,2024-09-17,0.95,0.95,0.85,0.9,3225,99900,0
FINNIFTY17SEP2426300CE.NFO,2024-09-13,09:51:00,2024-09-17,0.9,0.9,0.9,0.9,25,99900,0
FINNIFTY17SEP2426300CE.NFO,2024-09-13,09:52:00,2024-09-17,0.9,0.95,0.9,0.95,600,101350,0
FINNIFTY17SEP2426300CE.NFO,2024-09-13,09:53:00,2024-09-17,0.95,0.95,0.95,0.95,4625,101350,0
FINNIFTY17SEP2426300CE.NFO,2024-09-13,09:54:00,2024-09-17,0.95,1.0,0.95,1.0,3750,108750,0
FINNIFTY17SEP2426300CE.NFO,2024-09-13,09:55:00,2024-09-17,1.0,1.0,0.95,0.95,50,108750,0
FINNIFTY17SEP2426300CE.NFO,2024-09-13,09:56:00,2024-09-17,1.0,1.0,0.95,1.0,7225,108750,0
FINNIFTY17SEP2426300CE.NFO,2024-09-13,09:57:00,2024-09-17,1.0,1.0,1.0,1.0,25,108750,0
FINNIFTY17SEP2426300CE.NFO,2024-09-13,09:58:00,2024-09-17,1.0,1.0,0.95,0.95,525,115275,0
FINNIFTY17SEP2426300CE.NFO,2024-09-13,09:59:00,2024-09-17,1.0,1.1,1.0,1.1,6975,115275,0
FINNIFTY17SEP2426300CE.NFO,2024-09-13,10:00:00,2024-09-17,1.1,1.1,1.05,1.05,650,121175,0
FINNIFTY17SEP2426300CE.NFO,2024-09-13,10:01:00,2024-09-17,1.05,1.05,1.0,1.05,1075,121175,0
FINNIFTY17SEP2426300CE.NFO,2024-09-13,10:02:00,2024-09-17,1.05,1.05,1.05,1.05,75,121175,0
FINNIFTY17SEP2426300CE.NFO,2024-09-13,10:03:00,2024-09-17,1.05,1.05,1.0,1.0,4025,120600,0
FINNIFTY17SEP2426300CE.NFO,2024-09-13,10:04:00,2024-09-17,1.0,1.05,1.0,1.05,1000,120600,0
FINNIFTY17SEP2426300CE.NFO,2024-09-13,10:05:00,2024-09-17,1.05,1.05,1.0,1.0,1325,120600,0
FINNIFTY17SEP2426300CE.NFO,2024-09-13,10:06:00,2024-09-17,1.0,1.0,1.0,1.0,0,120600,0
FINNIFTY17SEP2426300CE.NFO,2024-09-13,10:07:00,2024-09-17,1.0,1.0,1.0,1.0,0,120600,0
FINNIFTY17SEP2426300CE.NFO,2024-09-13,10:08:00,2024-09-17,1.0,1.0,1.0,1.0,0,120600,0
FINNIFTY17SEP2426300CE.NFO,2024-09-13,10:09:00,2024-09-17,1.0,1.0,1.0,1.0,0,120600,0
FINNIFTY17SEP2426300CE.NFO,2024-09-13,10:10:00,2024-09-17,1.0,1.0,1.0,1.0,0,120600,0
FINNIFTY17SEP2426300CE.NFO,2024-09-13,10:11:00,2024-09-17,1.0,1.0,1.0,1.0,0,120600,0
FINNIFTY17SEP2426300CE.NFO,2024-09-13,10:12:00,2024-09-17,1.0,1.0,1.0,1.0,0,120600,0
FINNIFTY17SEP2426300CE.NFO,2024-09-13,10:13:00,2024-09-17,1.0,1.0,1.0,1.0,0,120600,0
FINNIFTY17SEP2426300CE.NFO,2024-09-13,10:14:00,2024-09-17,1.0,1.0,0.95,0.95,0,121750,0
FINNIFTY17SEP2426300CE.NFO,2024-09-13,10:15:00,2024-09-17,0.95,0.95,0.95,0.95,0,121750,0
FINNIFTY17SEP2426300CE.NFO,2024-09-13,10:16:00,2024-09-17,0.95,0.95,0.95,0.95,0,121750,1
FINNIFTY17SEP2426300CE.NFO,2024-09-13,10:17:00,2024-09-17,1.0,1.0,1.0,1.0,25,121675,0
FINNIFTY17SEP2426300CE.NFO,2024-09-13,10:18:00,2024-09-17,1.0,1.0,1.0,1.0,50,121675,0
FINNIFTY17SEP2426300CE.NFO,2024-09-13,10:19:00,2024-09-17,1.0,1.0,1.0,1.0,0,121675,0
FINNIFTY17SEP2426300CE.NFO,2024-09-13,10:20:00,2024-09-17,1.0,1.0,1.0,1.0,1900,121675,0
FINNIFTY17SEP2426300CE.NFO,2024-09-13,10:21:00,2024-09-17,1.0,1.0,1.0,1.0,2725,121725,0
FINNIFTY17SEP2426300CE.NFO,2024-09-13,10:22:00,2024-09-17,1.0,1.0,0.95,0.95,250,121725,0
FINNIFTY17SEP2426300CE.NFO,2024-09-13,10:23:00,2024-09-17,0.95,1.05,0.9,0.9,2950,121725,0
FINNIFTY17SEP2426300CE.NFO,2024-09-13,10:24:00,2024-09-17,0.9,1.0,0.9,0.9,350,121725,0
FINNIFTY17SEP2426300CE.NFO,2024-09-13,10:25:00,2024-09-17,0.9,0.9,0.9,0.9,200,122775,0
FINNIFTY17SEP2426300CE.NFO,2024-09-13,10:26:00,2024-09-17,0.9,0.95,0.9,0.95,1950,122775,0
FINNIFTY17SEP2426300CE.NFO,2024-09-13,10:27:00,2024-09-17,0.95,1.0,0.95,0.95,550,121350,0
FINNIFTY17SEP2426300CE.NFO,2024-09-13,10:28:00,2024-09-17,0.95,1.0,0.95,0.95,350,121350,0
FINNIFTY17SEP2426300CE.NFO,2024-09-13,10:29:00,2024-09-17,0.95,0.95,0.95,0.95,500,121350,0
FINNIFTY17SEP2426300CE.NFO,2024-09-13,10:30:00,2024-09-17,0.95,0.95,0.95,0.95,0,121350,0
FINNIFTY17SEP2426300CE.NFO,2024-09-13,10:31:00,2024-09-17,0.95,0.95,0.95,0.95,0,121350,0
FINNIFTY17SEP2426300CE.NFO,2024-09-13,10:32:00,2024-09-17,0.95,1.0,0.95,1.0,25,120975,0
FINNIFTY17SEP2426300CE.NFO,2024-09-13,10:33:00,2024-09-17,1.0,1.0,1.0,1.0,0,120975,0
FINNIFTY17SEP2426300CE.NFO,2024-09-13,10:34:00,2024-09-17,1.0,1.0,0.95,0.95,850,120975,0
FINNIFTY17SEP2426300CE.NFO,2024-09-13,10:35:00,2024-09-17,0.95,0.95,0.95,0.95,0,120975,0
FINNIFTY17SEP2426300CE.NFO,2024-09-13,10:36:00,2024-09-17,0.95,0.95,0.95,0.95,0,120975,0
FINNIFTY17SEP2426300CE.NFO,2024-09-13,10:37:00,2024-09-17,0.95,0.95,0.95,0.95,0,120975,0
FINNIFTY17SEP2426300CE.NFO,2024-09-13,10:38:00,2024-09-17,0.95,0.95,0.95,0.95,0,120975,0
FINNIFTY17SEP2426300CE.NFO,2024-09-13,10:39:00,2024-09-17,0.95,1.05,0.95,1.0,10275,124075,0
FINNIFTY17SEP2426300CE.NFO,2024-09-13,10:40:00,2024-09-17,1.0,1.05,0.95,0.95,2375,124075,0
FINNIFTY17SEP2426300CE.NFO,2024-09-13,10:41:00,2024-09-17,0.95,1.0,0.9,1.0,2125,124075,0
FINNIFTY17SEP2426300CE.NFO,2024-09-13,10:42:00,2024-09-17,1.0,1.0,0.9,1.0,2900,119200,0
FINNIFTY17SEP2426300CE.NFO,2024-09-13,10:43:00,2024-09-17,1.0,1.0,0.95,1.0,3425,119200,0
FINNIFTY17SEP2426300CE.NFO,2024-09-13,10:44:00,2024-09-17,1.0,1.05,1.0,1.05,1200,119200,0
FINNIFTY17SEP2426300CE.NFO,2024-09-13,10:45:00,2024-09-17,1.05,1.05,0.95,0.95,250,119200,0
FINNIFTY17SEP2426300CE.NFO,2024-09-13,10:46:00,2024-09-17,0.95,0.95,0.95,0.95,0,121050,0
FINNIFTY17SEP2426300CE.NFO,2024-09-13,10:47:00,2024-09-17,0.95,1.0,0.95,1.0,25,121050,0
FINNIFTY17SEP2426300CE.NFO,2024-09-13,10:48:00,2024-09-17,1.0,1.0,1.0,1.0,25,121050,0
FINNIFTY17SEP2426300CE.NFO,2024-09-13,10:49:00,2024-09-17,1.0,1.0,1.0,1.0,0,121050,0
FINNIFTY17SEP2426300CE.NFO,2024-09-13,10:50:00,2024-09-17,0.95,0.95,0.95,0.95,125,121050,0
FINNIFTY17SEP2426300CE.NFO,2024-09-13,10:51:00,2024-09-17,0.95,0.95,0.9,0.9,1675,121050,0
FINNIFTY17SEP2426300CE.NFO,2024-09-13,10:52:00,2024-09-17,0.9,0.9,0.9,0.9,0,121050,0
FINNIFTY17SEP2426300CE.NFO,2024-09-13,10:53:00,2024-09-17,0.9,0.9,0.9,0.9,0,121050,0
FINNIFTY17SEP2426300CE.NFO,2024-09-13,10:54:00,2024-09-17,0.9,0.9,0.9,0.9,0,121050,0
FINNIFTY17SEP2426300CE.NFO,2024-09-13,10:55:00,2024-09-17,0.9,0.9,0.9,0.9,0,121050,0
FINNIFTY17SEP2426300CE.NFO,2024-09-13,10:56:00,2024-09-17,0.95,0.95,0.95,0.95,75,120100,0
FINNIFTY17SEP2426300CE.NFO,2024-09-13,10:57:00,2024-09-17,0.95,0.95,0.95,0.95,0,120100,0
FINNIFTY17SEP2426300CE.NFO,2024-09-13,10:58:00,2024-09-17,0.95,0.95,0.95,0.95,0,120100,0
FINNIFTY17SEP2426300CE.NFO,2024-09-13,10:59:00,2024-09-17,0.95,1.0,0.95,1.0,325,120050,0
FINNIFTY17SEP2426300CE.NFO,2024-09-13,11:00:00,2024-09-17,0.95,0.95,0.9,0.9,1350,120175,0
FINNIFTY17SEP2426300CE.NFO,2024-09-13,11:01:00,2024-09-17,0.9,0.95,0.9,0.95,950,120175,0
FINNIFTY17SEP2426300CE.NFO,2024-09-13,11:02:00,2024-09-17,0.95,0.95,0.95,0.95,0,120175,0
FINNIFTY17SEP2426300CE.NFO,2024-09-13,11:03:00,2024-09-17,0.95,0.95,0.95,0.95,0,120175,0
FINNIFTY17SEP2426300CE.NFO,2024-09-13,11:04:00,2024-09-17,0.95,0.95,0.9,0.9,200,121575,0
FINNIFTY17SEP2426300CE.NFO,2024-09-13,11:05:00,2024-09-17,0.9,0.9,0.9,0.9,0,121575,0
FINNIFTY17SEP2426300CE.NFO,2024-09-13,11:06:00,2024-09-17,0.9,0.9,0.9,0.9,0,121575,0
FINNIFTY17SEP2426300CE.NFO,2024-09-13,11:07:00,2024-09-17,0.9,0.9,0.9,0.9,0,121575,0
FINNIFTY17SEP2426300CE.NFO,2024-09-13,11:08:00,2024-09-17,0.9,0.95,0.9,0.95,250,121575,0
FINNIFTY17SEP2426300CE.NFO,2024-09-13,11:09:00,2024-09-17,0.95,0.95,0.95,0.95,0,121575,0
FINNIFTY17SEP2426300CE.NFO,2024-09-13,11:10:00,2024-09-17,0.95,0.95,0.9,0.9,900,121775,0
FINNIFTY17SEP2426300CE.NFO,2024-09-13,11:11:00,2024-09-17,0.9,0.9,0.9,0.9,800,121775,0
FINNIFTY17SEP2426300CE.NFO,2024-09-13,11:12:00,2024-09-17,0.9,0.95,0.9,0.95,275,121575,0
FINNIFTY17SEP2426300CE.NFO,2024-09-13,11:13:00,2024-09-17,0.95,1.0,0.9,0.95,3100,121575,0
FINNIFTY17SEP2426300CE.NFO,2024-09-13,11:14:00,2024-09-17,0.95,0.95,0.9,0.9,75,121575,0
FINNIFTY17SEP2426300CE.NFO,2024-09-13,11:15:00,2024-09-17,0.9,0.9,0.9,0.9,625,122800,0
FINNIFTY17SEP2426300CE.NFO,2024-09-13,11:16:00,2024-09-17,0.9,0.9,0.9,0.9,0,122800,0
FINNIFTY17SEP2426300CE.NFO,2024-09-13,11:17:00,2024-09-17,0.9,0.95,0.9,0.9,1375,122800,0
FINNIFTY17SEP2426300CE.NFO,2024-09-13,11:18:00,2024-09-17,0.9,0.9,0.9,0.9,0,122800,0
FINNIFTY17SEP2426300CE.NFO,2024-09-13,11:19:00,2024-09-17,0.9,1.05,0.9,1.05,7125,122800,0
FINNIFTY17SEP2426300CE.NFO,2024-09-13,11:20:00,2024-09-17,1.05,1.05,0.95,1.05,6075,122800,0
FINNIFTY17SEP2426300CE.NFO,2024-09-13,11:21:00,2024-09-17,1.05,1.1,1.05,1.05,4575,122800,0
FINNIFTY17SEP2426300CE.NFO,2024-09-13,11:22:00,2024-09-17,1.05,1.05,1.0,1.0,750,116475,0
FINNIFTY17SEP2426300CE.NFO,2024-09-13,11:23:00,2024-09-17,1.0,1.0,1.0,1.0,0,116475,0
FINNIFTY17SEP2426300CE.NFO,2024-09-13,11:24:00,2024-09-17,1.0,1.1,1.0,1.05,1125,116150,0
FINNIFTY17SEP2426300CE.NFO,2024-09-13,11:25:00,2024-09-17,1.05,1.05,1.05,1.05,1750,116150,0
FINNIFTY17SEP2426300CE.NFO,2024-09-13,11:26:00,2024-09-17,1.05,1.05,1.05,1.05,0,116150,0
FINNIFTY17SEP2426300CE.NFO,2024-09-13,11:27:00,2024-09-17,1.05,1.05,1.05,1.05,400,116150,0
FINNIFTY17SEP2426300CE.NFO,2024-09-13,11:28:00,2024-09-17,1.05,1.05,1.05,1.05,200,114525,0
FINNIFTY17SEP2426300CE.NFO,2024-09-13,11:29:00,2024-09-17,1.05,1.1,1.05,1.1,875,114525,0
FINNIFTY17SEP2426300CE.NFO,2024-09-13,11:30:00,2024-09-17,1.1,1.1,1.1,1.1,0,114525,0
FINNIFTY17SEP2426300CE.NFO,2024-09-13,11:31:00,2024-09-17,1.1,1.1,1.1,1.1,0,114525,0
FINNIFTY17SEP2426300CE.NFO,2024-09-13,11:32:00,2024-09-17,1.1,1.1,1.05,1.05,125,115000,0
FINNIFTY17SEP2426300CE.NFO,2024-09-13,11:33:00,2024-09-17,1.05,1.1,1.0,1.1,1400,113825,0
FINNIFTY17SEP2426300CE.NFO,2024-09-13,11:34:00,2024-09-17,1.1,1.1,1.1,1.1,200,113825,0
FINNIFTY17SEP2426300CE.NFO,2024-09-13,11:35:00,2024-09-17,1.1,1.1,1.1,1.1,0,113825,0
FINNIFTY17SEP2426300CE.NFO,2024-09-13,11:36:00,2024-09-17,1.1,1.1,1.1,1.1,1150,113825,0
FINNIFTY17SEP2426300CE.NFO,2024-09-13,11:37:00,2024-09-17,1.1,1.1,1.05,1.1,2225,114350,0
FINNIFTY17SEP2426300CE.NFO,2024-09-13,11:38:00,2024-09-17,1.1,1.1,1.1,1.1,0,114350,0
FINNIFTY17SEP2426300CE.NFO,2024-09-13,11:39:00,2024-09-17,1.1,1.2,1.1,1.15,2525,114350,0
FINNIFTY17SEP2426300CE.NFO,2024-09-13,11:40:00,2024-09-17,1.15,1.15,1.05,1.1,1675,113550,0
FINNIFTY17SEP2426300CE.NFO,2024-09-13,11:41:00,2024-09-17,1.1,1.1,1.05,1.05,225,113550,0
FINNIFTY17SEP2426300CE.NFO,2024-09-13,11:42:00,2024-09-17,1.05,1.05,1.05,1.05,200,113550,0
FINNIFTY17SEP2426300CE.NFO,2024-09-13,11:43:00,2024-09-17,1.05,1.05,1.05,1.05,25,107225,0
FINNIFTY17SEP2426300CE.NFO,2024-09-13,11:44:00,2024-09-17,1.05,1.05,1.05,1.05,0,107225,0
FINNIFTY17SEP2426300CE.NFO,2024-09-13,11:45:00,2024-09-17,1.05,1.1,1.0,1.05,400,107500,0
FINNIFTY17SEP2426300CE.NFO,2024-09-13,11:46:00,2024-09-17,1.05,1.05,1.05,1.05,0,107500,0
FINNIFTY17SEP2426300CE.NFO,2024-09-13,11:47:00,2024-09-17,1.05,1.05,1.05,1.05,0,107500,0
FINNIFTY17SEP2426300CE.NFO,2024-09-13,11:48:00,2024-09-17,1.05,1.05,1.05,1.05,0,107500,0
FINNIFTY17SEP2426300CE.NFO,2024-09-13,11:49:00,2024-09-17,1.05,1.05,1.05,1.05,0,107500,0
FINNIFTY17SEP2426300CE.NFO,2024-09-13,11:50:00,2024-09-17,1.05,1.05,1.05,1.05,0,107500,0
FINNIFTY17SEP2426300CE.NFO,2024-09-13,11:51:00,2024-09-17,1.05,1.05,1.05,1.05,0,107500,0
FINNIFTY17SEP2426300CE.NFO,2024-09-13,11:52:00,2024-09-17,1.05,1.05,1.05,1.05,0,107500,0
FINNIFTY17SEP2426300CE.NFO,2024-09-13,11:53:00,2024-09-17,1.05,1.1,1.05,1.1,125,107300,0
FINNIFTY17SEP2426300CE.NFO,2024-09-13,11:54:00,2024-09-17,1.1,1.1,1.1,1.1,250,107300,0
FINNIFTY17SEP2426300CE.NFO,2024-09-13,11:55:00,2024-09-17,1.0,1.0,0.95,0.95,2700,107300,0
FINNIFTY17SEP2426300CE.NFO,2024-09-13,11:56:00,2024-09-17,0.95,0.95,0.85,0.85,1825,107300,0
FINNIFTY17SEP2426300CE.NFO,2024-09-13,11:57:00,2024-09-17,0.85,0.9,0.85,0.9,125,107300,0
FINNIFTY17SEP2426300CE.NFO,2024-09-13,11:58:00,2024-09-17,0.9,0.9,0.85,0.85,2475,107875,0
FINNIFTY17SEP2426300CE.NFO,2024-09-13,11:59:00,2024-09-17,0.85,0.85,0.7,0.75,8225,107875,0
FINNIFTY17SEP2426300CE.NFO,2024-09-13,12:00:00,2024-09-17,0.75,0.75,0.75,0.75,225,107875,0
FINNIFTY17SEP2426300CE.NFO,2024-09-13,12:01:00,2024-09-17,0.75,0.75,0.75,0.75,125,113675,0
FINNIFTY17SEP2426300CE.NFO,2024-09-13,12:02:00,2024-09-17,0.75,0.75,0.75,0.75,25,113675,0
FINNIFTY17SEP2426300CE.NFO,2024-09-13,12:03:00,2024-09-17,0.75,0.75,0.75,0.75,0,113675,0
FINNIFTY17SEP2426300CE.NFO,2024-09-13,12:04:00,2024-09-17,0.75,0.75,0.75,0.75,0,113675,0
FINNIFTY17SEP2426300CE.NFO,2024-09-13,12:05:00,2024-09-17,0.75,0.75,0.75,0.75,1750,113675,0
FINNIFTY17SEP2426300CE.NFO,2024-09-13,12:06:00,2024-09-17,0.75,0.75,0.75,0.75,1750,113675,1
FINNIFTY17SEP2426300CE.NFO,2024-09-13,12:07:00,2024-09-17,0.75,0.75,0.75,0.75,0,113675,0
FINNIFTY17SEP2426300CE.NFO,2024-09-13,12:08:00,2024-09-17,0.75,0.75,0.75,0.75,0,113675,0
FINNIFTY17SEP2426300CE.NFO,2024-09-13,12:09:00,2024-09-17,0.75,0.75,0.75,0.75,0,113675,0
FINNIFTY17SEP2426300CE.NFO,2024-09-13,12:10:00,2024-09-17,0.75,0.75,0.75,0.75,0,113675,1
FINNIFTY17SEP2426300CE.NFO,2024-09-13,12:11:00,2024-09-17,0.75,0.75,0.75,0.75,0,113675,0
FINNIFTY17SEP2426300CE.NFO,2024-09-13,12:12:00,2024-09-17,0.75,0.75,0.7,0.7,300,112425,0
FINNIFTY17SEP2426300CE.NFO,2024-09-13,12:13:00,2024-09-17,0.7,0.75,0.65,0.7,2550,113350,0
FINNIFTY17SEP2426300CE.NFO,2024-09-13,12:14:00,2024-09-17,0.7,0.75,0.7,0.75,5425,113350,0
FINNIFTY17SEP2426300CE.NFO,2024-09-13,12:15:00,2024-09-17,0.75,0.75,0.7,0.7,250,113350,0
FINNIFTY17SEP2426300CE.NFO,2024-09-13,12:16:00,2024-09-17,0.7,0.7,0.7,0.7,550,121375,0
FINNIFTY17SEP2426300CE.NFO,2024-09-13,12:17:00,2024-09-17,0.7,0.7,0.7,0.7,100,121375,0
FINNIFTY17SEP2426300CE.NFO,2024-09-13,12:18:00,2024-09-17,0.7,0.7,0.65,0.65,5825,121375,0
FINNIFTY17SEP2426300CE.NFO,2024-09-13,12:19:00,2024-09-17,0.65,0.7,0.65,0.7,25,121125,0
FINNIFTY17SEP2426300CE.NFO,2024-09-13,12:20:00,2024-09-17,0.7,0.75,0.65,0.75,1825,121125,0
FINNIFTY17SEP2426300CE.NFO,2024-09-13,12:21:00,2024-09-17,0.75,0.75,0.75,0.75,0,121125,0
FINNIFTY17SEP2426300CE.NFO,2024-09-13,12:22:00,2024-09-17,0.75,0.75,0.7,0.7,25,124600,0
FINNIFTY17SEP2426300CE.NFO,2024-09-13,12:23:00,2024-09-17,0.7,0.7,0.7,0.7,450,124600,0
FINNIFTY17SEP2426300CE.NFO,2024-09-13,12:24:00,2024-09-17,0.7,0.7,0.7,0.7,0,124600,0
FINNIFTY17SEP2426300CE.NFO,2024-09-13,12:25:00,2024-09-17,0.7,0.7,0.7,0.7,0,124600,0
FINNIFTY17SEP2426300CE.NFO,2024-09-13,12:26:00,2024-09-17,0.7,0.7,0.7,0.7,0,124600,0
FINNIFTY17SEP2426300CE.NFO,2024-09-13,12:27:00,2024-09-17,0.7,0.75,0.7,0.75,125,124600,0
FINNIFTY17SEP2426300CE.NFO,2024-09-13,12:28:00,2024-09-17,0.75,0.75,0.75,0.75,0,124600,0
FINNIFTY17SEP2426300CE.NFO,2024-09-13,12:29:00,2024-09-17,0.75,0.75,0.75,0.75,0,124600,0
FINNIFTY17SEP2426300CE.NFO,2024-09-13,12:30:00,2024-09-17,0.75,0.75,0.75,0.75,0,124600,0
FINNIFTY17SEP2426300CE.NFO,2024-09-13,12:31:00,2024-09-17,0.7,0.75,0.7,0.75,2475,124725,0
FINNIFTY17SEP2426300CE.NFO,2024-09-13,12:32:00,2024-09-17,0.75,0.75,0.7,0.7,550,124725,0
FINNIFTY17SEP2426300CE.NFO,2024-09-13,12:33:00,2024-09-17,0.7,0.7,0.65,0.65,800,124725,0
FINNIFTY17SEP2426300CE.NFO,2024-09-13,12:34:00,2024-09-17,0.65,0.65,0.65,0.65,800,122375,0
FINNIFTY17SEP2426300CE.NFO,2024-09-13,12:35:00,2024-09-17,0.65,0.65,0.65,0.65,1275,122375,0
FINNIFTY17SEP2426300CE.NFO,2024-09-13,12:36:00,2024-09-17,0.65,0.65,0.65,0.65,0,122375,0
FINNIFTY17SEP2426300CE.NFO,2024-09-13,12:37:00,2024-09-17,0.65,0.65,0.65,0.65,0,122375,0
FINNIFTY17SEP2426300CE.NFO,2024-09-13,12:38:00,2024-09-17,0.65,0.65,0.65,0.65,0,122375,0
FINNIFTY17SEP2426300CE.NFO,2024-09-13,12:39:00,2024-09-17,0.65,0.7,0.65,0.7,2400,121000,0
FINNIFTY17SEP2426300CE.NFO,2024-09-13,12:40:00,2024-09-17,0.7,0.7,0.7,0.7,3425,120450,0
FINNIFTY17SEP2426300CE.NFO,2024-09-13,12:41:00,2024-09-17,0.7,0.75,0.7,0.75,25,120450,0
FINNIFTY17SEP2426300CE.NFO,2024-09-13,12:42:00,2024-09-17,0.75,0.75,0.75,0.75,0,120450,0
FINNIFTY17SEP2426300CE.NFO,2024-09-13,12:43:00,2024-09-17,0.75,0.75,0.75,0.75,1800,118850,0
FINNIFTY17SEP2426300CE.NFO,2024-09-13,12:44:00,2024-09-17,0.75,0.75,0.75,0.75,0,118850,0
FINNIFTY17SEP2426300CE.NFO,2024-09-13,12:45:00,2024-09-17,0.7,0.7,0.7,0.7,3100,118850,0
FINNIFTY17SEP2426300CE.NFO,2024-09-13,12:46:00,2024-09-17,0.7,0.7,0.7,0.7,250,117375,0
FINNIFTY17SEP2426300CE.NFO,2024-09-13,12:47:00,2024-09-17,0.7,0.7,0.7,0.7,1575,117375,0
FINNIFTY17SEP2426300CE.NFO,2024-09-13,12:48:00,2024-09-17,0.7,0.7,0.7,0.7,675,117375,0
FINNIFTY17SEP2426300CE.NFO,2024-09-13,12:49:00,2024-09-17,0.7,0.7,0.7,0.7,0,117375,0
FINNIFTY17SEP2426300CE.NFO,2024-09-13,12:50:00,2024-09-17,0.7,0.7,0.7,0.7,0,117375,0
FINNIFTY17SEP2426300CE.NFO,2024-09-13,12:51:00,2024-09-17,0.7,0.7,0.7,0.7,625,116550,0
FINNIFTY17SEP2426300CE.NFO,2024-09-13,12:52:00,2024-09-17,0.7,0.7,0.7,0.7,0,116550,0
FINNIFTY17SEP2426300CE.NFO,2024-09-13,12:53:00,2024-09-17,0.7,0.7,0.7,0.7,1925,116125,0
FINNIFTY17SEP2426300CE.NFO,2024-09-13,12:54:00,2024-09-17,0.7,0.7,0.65,0.65,8175,116125,0
FINNIFTY17SEP2426300CE.NFO,2024-09-13,12:55:00,2024-09-17,0.65,0.65,0.65,0.65,25,113700,0
FINNIFTY17SEP2426300CE.NFO,2024-09-13,12:56:00,2024-09-17,0.65,0.65,0.65,0.65,0,113700,0
FINNIFTY17SEP2426300CE.NFO,2024-09-13,12:57:00,2024-09-17,0.65,0.65,0.65,0.65,0,113700,0
FINNIFTY17SEP2426300CE.NFO,2024-09-13,12:58:00,2024-09-17,0.65,0.7,0.65,0.65,4425,113700,0
FINNIFTY17SEP2426300CE.NFO,2024-09-13,12:59:00,2024-09-17,0.65,0.7,0.65,0.65,1725,113700,0
FINNIFTY17SEP2426300CE.NFO,2024-09-13,13:00:00,2024-09-17,0.65,0.7,0.65,0.65,3125,113700,0
FINNIFTY17SEP2426300CE.NFO,2024-09-13,13:01:00,2024-09-17,0.65,0.75,0.65,0.7,4650,116250,0
FINNIFTY17SEP2426300CE.NFO,2024-09-13,13:02:00,2024-09-17,0.7,0.7,0.7,0.7,4350,116250,0
FINNIFTY17SEP2426300CE.NFO,2024-09-13,13:03:00,2024-09-17,0.7,0.75,0.7,0.75,2525,116250,0
FINNIFTY17SEP2426300CE.NFO,2024-09-13,13:04:00,2024-09-17,0.75,0.8,0.75,0.8,4750,117700,0
FINNIFTY17SEP2426300CE.NFO,2024-09-13,13:05:00,2024-09-17,0.8,0.8,0.8,0.8,1450,117700,0
FINNIFTY17SEP2426300CE.NFO,2024-09-13,13:06:00,2024-09-17,0.8,0.85,0.8,0.85,3025,117700,0
FINNIFTY17SEP2426300CE.NFO,2024-09-13,13:07:00,2024-09-17,0.85,0.9,0.85,0.9,950,117550,0
FINNIFTY17SEP2426300CE.NFO,2024-09-13,13:08:00,2024-09-17,0.9,0.9,0.9,0.9,1250,117550,0
FINNIFTY17SEP2426300CE.NFO,2024-09-13,13:09:00,2024-09-17,0.9,0.9,0.9,0.9,725,117550,0
FINNIFTY17SEP2426300CE.NFO,2024-09-13,13:10:00,2024-09-17,0.9,0.9,0.8,0.85,3400,117900,0
FINNIFTY17SEP2426300CE.NFO,2024-09-13,13:11:00,2024-09-17,0.85,0.85,0.8,0.8,3125,117900,0
FINNIFTY17SEP2426300CE.NFO,2024-09-13,13:12:00,2024-09-17,0.85,0.85,0.85,0.85,800,117900,0
FINNIFTY17SEP2426300CE.NFO,2024-09-13,13:13:00,2024-09-17,0.85,0.85,0.85,0.85,550,114300,0
FINNIFTY17SEP2426300CE.NFO,2024-09-13,13:14:00,2024-09-17,0.85,0.85,0.8,0.8,25,114300,0
FINNIFTY17SEP2426300CE.NFO,2024-09-13,13:15:00,2024-09-17,0.8,0.8,0.8,0.8,450,114300,0
FINNIFTY17SEP2426300CE.NFO,2024-09-13,13:16:00,2024-09-17,0.8,0.85,0.8,0.8,150,114575,0
FINNIFTY17SEP2426300CE.NFO,2024-09-13,13:17:00,2024-09-17,0.8,0.85,0.8,0.85,25,114575,0
FINNIFTY17SEP2426300CE.NFO,2024-09-13,13:18:00,2024-09-17,0.85,0.85,0.85,0.85,0,114575,0
FINNIFTY17SEP2426300CE.NFO,2024-09-13,13:19:00,2024-09-17,0.85,0.85,0.85,0.85,1875,114725,0
FINNIFTY17SEP2426300CE.NFO,2024-09-13,13:20:00,2024-09-17,0.85,0.85,0.85,0.85,25,114725,0
FINNIFTY17SEP2426300CE.NFO,2024-09-13,13:21:00,2024-09-17,0.85,0.85,0.85,0.85,75,114725,0
FINNIFTY17SEP2426300CE.NFO,2024-09-13,13:22:00,2024-09-17,0.85,0.85,0.85,0.85,25,115775,0
FINNIFTY17SEP2426300CE.NFO,2024-09-13,13:23:00,2024-09-17,0.85,0.85,0.85,0.85,0,115775,0
FINNIFTY17SEP2426300CE.NFO,2024-09-13,13:24:00,2024-09-17,0.85,0.85,0.85,0.85,0,115775,0
FINNIFTY17SEP2426300CE.NFO,2024-09-13,13:25:00,2024-09-17,0.85,0.85,0.85,0.85,50,115775,0
FINNIFTY17SEP2426300CE.NFO,2024-09-13,13:26:00,2024-09-17,0.85,0.85,0.85,0.85,0,115775,0
FINNIFTY17SEP2426300CE.NFO,2024-09-13,13:27:00,2024-09-17,0.85,0.85,0.85,0.85,0,115775,0
FINNIFTY17SEP2426300CE.NFO,2024-09-13,13:28:00,2024-09-17,0.85,0.85,0.85,0.85,0,115775,0
FINNIFTY17SEP2426300CE.NFO,2024-09-13,13:29:00,2024-09-17,0.85,0.85,0.85,0.85,0,115775,0
FINNIFTY17SEP2426300CE.NFO,2024-09-13,13:30:00,2024-09-17,0.85,0.85,0.8,0.8,300,115775,0
FINNIFTY17SEP2426300CE.NFO,2024-09-13,13:31:00,2024-09-17,0.8,0.9,0.8,0.9,11525,115800,0
FINNIFTY17SEP2426300CE.NFO,2024-09-13,13:32:00,2024-09-17,0.9,0.9,0.9,0.9,0,115800,0
FINNIFTY17SEP2426300CE.NFO,2024-09-13,13:33:00,2024-09-17,0.9,0.9,0.75,0.75,10825,115800,0
FINNIFTY17SEP2426300CE.NFO,2024-09-13,13:34:00,2024-09-17,0.75,0.75,0.75,0.75,0,115800,0
FINNIFTY17SEP2426300CE.NFO,2024-09-13,13:35:00,2024-09-17,0.8,0.8,0.8,0.8,150,110625,0
FINNIFTY17SEP2426300CE.NFO,2024-09-13,13:36:00,2024-09-17,0.8,0.8,0.8,0.8,550,110625,0
FINNIFTY17SEP2426300CE.NFO,2024-09-13,13:37:00,2024-09-17,0.8,0.8,0.8,0.8,0,110625,0
FINNIFTY17SEP2426300CE.NFO,2024-09-13,13:38:00,2024-09-17,0.8,0.8,0.8,0.8,0,110625,0
FINNIFTY17SEP2426300CE.NFO,2024-09-13,13:39:00,2024-09-17,0.8,0.8,0.8,0.8,0,110625,0
FINNIFTY17SEP2426300CE.NFO,2024-09-13,13:40:00,2024-09-17,0.8,0.85,0.8,0.85,100,110900,0
FINNIFTY17SEP2426300CE.NFO,2024-09-13,13:41:00,2024-09-17,0.85,0.85,0.8,0.8,0,110900,0
FINNIFTY17SEP2426300CE.NFO,2024-09-13,13:42:00,2024-09-17,0.8,0.8,0.8,0.8,0,110900,0
FINNIFTY17SEP2426300CE.NFO,2024-09-13,13:43:00,2024-09-17,0.8,0.8,0.8,0.8,0,110900,0
FINNIFTY17SEP2426300CE.NFO,2024-09-13,13:44:00,2024-09-17,0.8,0.8,0.8,0.8,0,111000,0
FINNIFTY17SEP2426300CE.NFO,2024-09-13,13:45:00,2024-09-17,0.8,0.8,0.8,0.8,0,111000,0
FINNIFTY17SEP2426300CE.NFO,2024-09-13,13:46:00,2024-09-17,0.8,0.8,0.8,0.8,0,111000,1
FINNIFTY17SEP2426300CE.NFO,2024-09-13,13:47:00,2024-09-17,0.8,0.8,0.8,0.8,0,111000,0
FINNIFTY17SEP2426300CE.NFO,2024-09-13,13:48:00,2024-09-17,0.8,0.8,0.8,0.8,175,111000,0
FINNIFTY17SEP2426300CE.NFO,2024-09-13,13:49:00,2024-09-17,0.8,0.8,0.8,0.8,0,111000,0
FINNIFTY17SEP2426300CE.NFO,2024-09-13,13:50:00,2024-09-17,0.8,0.8,0.8,0.8,0,111000,0
FINNIFTY17SEP2426300CE.NFO,2024-09-13,13:51:00,2024-09-17,0.8,0.8,0.8,0.8,0,111000,0
FINNIFTY17SEP2426300CE.NFO,2024-09-13,13:52:00,2024-09-17,0.8,0.8,0.8,0.8,25,111000,0
FINNIFTY17SEP2426300CE.NFO,2024-09-13,13:53:00,2024-09-17,0.8,0.8,0.8,0.8,25,111000,1
FINNIFTY17SEP2426300CE.NFO,2024-09-13,13:54:00,2024-09-17,0.8,0.8,0.8,0.8,25,111000,1
FINNIFTY17SEP2426300CE.NFO,2024-09-13,13:55:00,2024-09-17,0.8,0.8,0.8,0.8,0,111000,0
FINNIFTY17SEP2426300CE.NFO,2024-09-13,13:56:00,2024-09-17,0.8,0.8,0.8,0.8,0,111000,1
FINNIFTY17SEP2426300CE.NFO,2024-09-13,13:57:00,2024-09-17,0.8,0.8,0.8,0.8,0,111000,0
FINNIFTY17SEP2426300CE.NFO,2024-09-13,13:58:00,2024-09-17,0.8,0.8,0.8,0.8,0,111000,1
FINNIFTY17SEP2426300CE.NFO,2024-09-13,13:59:00,2024-09-17,0.8,0.8,0.8,0.8,0,111000,0
FINNIFTY17SEP2426300CE.NFO,2024-09-13,14:00:00,2024-09-17,0.8,0.8,0.8,0.8,250,111000,0
FINNIFTY17SEP2426300CE.NFO,2024-09-13,14:01:00,2024-09-17,0.8,0.8,0.8,0.8,0,111000,0
FINNIFTY17SEP2426300CE.NFO,2024-09-13,14:02:00,2024-09-17,0.8,0.8,0.8,0.8,1250,111000,0
FINNIFTY17SEP2426300CE.NFO,2024-09-13,14:03:00,2024-09-17,0.8,0.8,0.8,0.8,0,111000,0
FINNIFTY17SEP2426300CE.NFO,2024-09-13,14:04:00,2024-09-17,0.8,0.8,0.8,0.8,0,111000,0
FINNIFTY17SEP2426300CE.NFO,2024-09-13,14:05:00,2024-09-17,0.8,0.8,0.8,0.8,25,110250,0
FINNIFTY17SEP2426300CE.NFO,2024-09-13,14:06:00,2024-09-17,0.8,0.8,0.75,0.75,25,110250,0
FINNIFTY17SEP2426300CE.NFO,2024-09-13,14:07:00,2024-09-17,0.75,0.75,0.75,0.75,0,110250,0
FINNIFTY17SEP2426300CE.NFO,2024-09-13,14:08:00,2024-09-17,0.75,0.75,0.75,0.75,275,110250,0
FINNIFTY17SEP2426300CE.NFO,2024-09-13,14:09:00,2024-09-17,0.75,0.85,0.75,0.85,0,110250,0
FINNIFTY17SEP2426300CE.NFO,2024-09-13,14:10:00,2024-09-17,0.85,0.85,0.8,0.8,4275,110075,0
FINNIFTY17SEP2426300CE.NFO,2024-09-13,14:11:00,2024-09-17,0.8,0.8,0.8,0.8,0,110075,0
FINNIFTY17SEP2426300CE.NFO,2024-09-13,14:12:00,2024-09-17,0.8,0.85,0.8,0.85,0,110075,0
FINNIFTY17SEP2426300CE.NFO,2024-09-13,14:13:00,2024-09-17,0.85,0.85,0.8,0.8,975,112150,0
FINNIFTY17SEP2426300CE.NFO,2024-09-13,14:14:00,2024-09-17,0.8,0.8,0.75,0.75,1400,112150,0
FINNIFTY17SEP2426300CE.NFO,2024-09-13,14:15:00,2024-09-17,0.75,0.75,0.7,0.75,500,112150,0
FINNIFTY17SEP2426300CE.NFO,2024-09-13,14:16:00,2024-09-17,0.75,0.8,0.75,0.8,1625,110450,0
FINNIFTY17SEP2426300CE.NFO,2024-09-13,14:17:00,2024-09-17,0.8,0.8,0.75,0.75,325,110450,0
FINNIFTY17SEP2426300CE.NFO,2024-09-13,14:18:00,2024-09-17,0.75,0.75,0.7,0.7,1350,110450,0
FINNIFTY17SEP2426300CE.NFO,2024-09-13,14:19:00,2024-09-17,0.7,0.7,0.7,0.7,0,110450,0
FINNIFTY17SEP2426300CE.NFO,2024-09-13,14:20:00,2024-09-17,0.7,0.75,0.65,0.7,4475,109625,0
FINNIFTY17SEP2426300CE.NFO,2024-09-13,14:21:00,2024-09-17,0.7,0.7,0.65,0.65,25,109625,0
FINNIFTY17SEP2426300CE.NFO,2024-09-13,14:22:00,2024-09-17,0.65,0.7,0.65,0.65,825,108750,0
FINNIFTY17SEP2426300CE.NFO,2024-09-13,14:23:00,2024-09-17,0.65,0.65,0.65,0.65,475,108750,0
FINNIFTY17SEP2426300CE.NFO,2024-09-13,14:24:00,2024-09-17,0.65,0.65,0.65,0.65,1275,108750,0
FINNIFTY17SEP2426300CE.NFO,2024-09-13,14:25:00,2024-09-17,0.65,0.65,0.65,0.65,75,108750,0
FINNIFTY17SEP2426300CE.NFO,2024-09-13,14:26:00,2024-09-17,0.65,0.7,0.65,0.7,50,108300,0
FINNIFTY17SEP2426300CE.NFO,2024-09-13,14:27:00,2024-09-17,0.7,0.7,0.7,0.7,1175,108300,0
FINNIFTY17SEP2426300CE.NFO,2024-09-13,14:28:00,2024-09-17,0.7,0.7,0.65,0.7,25,108300,0
FINNIFTY17SEP2426300CE.NFO,2024-09-13,14:29:00,2024-09-17,0.7,0.7,0.6,0.6,400,108950,0
FINNIFTY17SEP2426300CE.NFO,2024-09-13,14:30:00,2024-09-17,0.6,0.65,0.6,0.6,1650,108950,0
FINNIFTY17SEP2426300CE.NFO,2024-09-13,14:31:00,2024-09-17,0.6,0.6,0.6,0.6,25,108950,0
FINNIFTY17SEP2426300CE.NFO,2024-09-13,14:32:00,2024-09-17,0.6,0.65,0.6,0.65,0,107625,0
FINNIFTY17SEP2426300CE.NFO,2024-09-13,14:33:00,2024-09-17,0.65,0.65,0.65,0.65,4150,107625,0
FINNIFTY17SEP2426300CE.NFO,2024-09-13,14:34:00,2024-09-17,0.65,0.7,0.65,0.7,975,109625,0
FINNIFTY17SEP2426300CE.NFO,2024-09-13,14:35:00,2024-09-17,0.7,0.7,0.65,0.65,1575,109625,0
FINNIFTY17SEP2426300CE.NFO,2024-09-13,14:36:00,2024-09-17,0.65,0.65,0.65,0.65,400,109625,0
FINNIFTY17SEP2426300CE.NFO,2024-09-13,14:37:00,2024-09-17,0.65,0.65,0.65,0.65,75,109625,0
FINNIFTY17SEP2426300CE.NFO,2024-09-13,14:38:00,2024-09-17,0.65,0.65,0.65,0.65,100,107800,0
FINNIFTY17SEP2426300CE.NFO,2024-09-13,14:39:00,2024-09-17,0.65,0.65,0.65,0.65,0,107800,0
FINNIFTY17SEP2426300CE.NFO,2024-09-13,14:40:00,2024-09-17,0.65,0.65,0.65,0.65,0,107800,0
FINNIFTY17SEP2426300CE.NFO,2024-09-13,14:41:00,2024-09-17,0.65,0.65,0.65,0.65,0,107800,0
FINNIFTY17SEP2426300CE.NFO,2024-09-13,14:42:00,2024-09-17,0.65,0.65,0.65,0.65,0,107800,0
FINNIFTY17SEP2426300CE.NFO,2024-09-13,14:43:00,2024-09-17,0.65,0.65,0.65,0.65,300,107675,0
FINNIFTY17SEP2426300CE.NFO,2024-09-13,14:44:00,2024-09-17,0.65,0.65,0.65,0.65,0,107675,0
FINNIFTY17SEP2426300CE.NFO,2024-09-13,14:45:00,2024-09-17,0.65,0.65,0.65,0.65,0,107675,0
FINNIFTY17SEP2426300CE.NFO,2024-09-13,14:46:00,2024-09-17,0.65,0.65,0.65,0.65,400,107375,0
FINNIFTY17SEP2426300CE.NFO,2024-09-13,14:47:00,2024-09-17,0.65,0.65,0.6,0.6,1425,107375,0
FINNIFTY17SEP2426300CE.NFO,2024-09-13,14:48:00,2024-09-17,0.6,0.65,0.6,0.65,475,107375,0
FINNIFTY17SEP2426300CE.NFO,2024-09-13,14:49:00,2024-09-17,0.65,0.65,0.6,0.65,775,105500,0
FINNIFTY17SEP2426300CE.NFO,2024-09-13,14:50:00,2024-09-17,0.65,0.65,0.6,0.65,1050,105500,0
FINNIFTY17SEP2426300CE.NFO,2024-09-13,14:51:00,2024-09-17,0.65,0.65,0.65,0.65,1625,105500,0
FINNIFTY17SEP2426300CE.NFO,2024-09-13,14:52:00,2024-09-17,0.65,0.65,0.65,0.65,0,105500,0
FINNIFTY17SEP2426300CE.NFO,2024-09-13,14:53:00,2024-09-17,0.65,0.65,0.65,0.65,1625,105250,0
FINNIFTY17SEP2426300CE.NFO,2024-09-13,14:54:00,2024-09-17,0.65,0.65,0.55,0.55,1725,105250,0
FINNIFTY17SEP2426300CE.NFO,2024-09-13,14:55:00,2024-09-17,0.55,0.55,0.55,0.55,0,105250,0
FINNIFTY17SEP2426300CE.NFO,2024-09-13,14:56:00,2024-09-17,0.55,0.55,0.55,0.55,900,104550,0
FINNIFTY17SEP2426300CE.NFO,2024-09-13,14:57:00,2024-09-17,0.55,0.55,0.55,0.55,75,104550,0
FINNIFTY17SEP2426300CE.NFO,2024-09-13,14:58:00,2024-09-17,0.55,0.55,0.55,0.55,975,104425,0
FINNIFTY17SEP2426300CE.NFO,2024-09-13,14:59:00,2024-09-17,0.55,0.55,0.55,0.55,0,104425,0
FINNIFTY17SEP2426300CE.NFO,2024-09-13,15:00:00,2024-09-17,0.55,0.55,0.5,0.5,625,104425,0
FINNIFTY17SEP2426300CE.NFO,2024-09-13,15:01:00,2024-09-17,0.5,0.55,0.5,0.55,100,104675,0
FINNIFTY17SEP2426300CE.NFO,2024-09-13,15:02:00,2024-09-17,0.55,0.55,0.55,0.55,0,104675,0
FINNIFTY17SEP2426300CE.NFO,2024-09-13,15:03:00,2024-09-17,0.55,0.55,0.55,0.55,500,104675,0
FINNIFTY17SEP2426300CE.NFO,2024-09-13,15:04:00,2024-09-17,0.55,0.55,0.55,0.55,750,104675,0
FINNIFTY17SEP2426300CE.NFO,2024-09-13,15:05:00,2024-09-17,0.55,0.55,0.55,0.55,0,104675,0
FINNIFTY17SEP2426300CE.NFO,2024-09-13,15:06:00,2024-09-17,0.55,0.55,0.55,0.55,0,104675,0
FINNIFTY17SEP2426300CE.NFO,2024-09-13,15:07:00,2024-09-17,0.55,0.55,0.55,0.55,0,104675,0
FINNIFTY17SEP2426300CE.NFO,2024-09-13,15:08:00,2024-09-17,0.55,0.55,0.55,0.55,0,104675,0
FINNIFTY17SEP2426300CE.NFO,2024-09-13,15:09:00,2024-09-17,0.55,0.6,0.55,0.6,175,104675,0
FINNIFTY17SEP2426300CE.NFO,2024-09-13,15:10:00,2024-09-17,0.6,0.6,0.6,0.6,1950,104900,0
FINNIFTY17SEP2426300CE.NFO,2024-09-13,15:11:00,2024-09-17,0.6,0.6,0.6,0.6,25,104900,0
FINNIFTY17SEP2426300CE.NFO,2024-09-13,15:12:00,2024-09-17,0.6,0.6,0.6,0.6,850,104900,0
FINNIFTY17SEP2426300CE.NFO,2024-09-13,15:13:00,2024-09-17,0.6,0.6,0.6,0.6,100,104900,0
FINNIFTY17SEP2426300CE.NFO,2024-09-13,15:14:00,2024-09-17,0.6,0.65,0.6,0.65,50,106725,0
FINNIFTY17SEP2426300CE.NFO,2024-09-13,15:15:00,2024-09-17,0.6,0.6,0.55,0.55,475,106725,0
FINNIFTY17SEP2426300CE.NFO,2024-09-13,15:16:00,2024-09-17,0.55,0.55,0.55,0.55,675,106075,0
FINNIFTY17SEP2426300CE.NFO,2024-09-13,15:17:00,2024-09-17,0.55,0.6,0.55,0.6,750,106075,0
FINNIFTY17SEP2426300CE.NFO,2024-09-13,15:18:00,2024-09-17,0.6,0.6,0.55,0.6,1325,106075,0
FINNIFTY17SEP2426300CE.NFO,2024-09-13,15:19:00,2024-09-17,0.6,0.6,0.55,0.55,375,104825,0
FINNIFTY17SEP2426300CE.NFO,2024-09-13,15:20:00,2024-09-17,0.55,0.6,0.55,0.6,750,104825,0
FINNIFTY17SEP2426300CE.NFO,2024-09-13,15:21:00,2024-09-17,0.6,0.6,0.55,0.55,1375,104825,0
FINNIFTY17SEP2426300CE.NFO,2024-09-13,15:22:00,2024-09-17,0.55,0.55,0.55,0.55,500,104825,0
FINNIFTY17SEP2426300CE.NFO,2024-09-13,15:23:00,2024-09-17,0.55,0.6,0.55,0.6,800,103775,0
FINNIFTY17SEP2426300CE.NFO,2024-09-13,15:24:00,2024-09-17,0.6,0.6,0.6,0.6,1225,103775,0
FINNIFTY17SEP2426300CE.NFO,2024-09-13,15:25:00,2024-09-17,0.55,0.55,0.55,0.55,925,103775,0
FINNIFTY17SEP2426300CE.NFO,2024-09-13,15:26:00,2024-09-17,0.55,0.55,0.55,0.55,1250,103775,0
FINNIFTY17SEP2426300CE.NFO,2024-09-13,15:27:00,2024-09-17,0.55,0.55,0.5,0.5,1325,103775,0
FINNIFTY17SEP2426300CE.NFO,2024-09-13,15:28:00,2024-09-17,0.5,0.5,0.45,0.5,1600,103050,0
FINNIFTY17SEP2426300CE.NFO,2024-09-13,15:29:00,2024-09-17,0.5,0.6,0.45,0.5,1200,103050,0
FINNIFTY17SEP2426300CE.NFO,2024-09-13,15:30:00,2024-09-17,0.5,0.5,0.5,0.5,1200,103050,1
FINNIFTY17SEP2426300CE.NFO,2024-09-16,09:15:00,2024-09-17,0.55,0.55,0.45,0.45,1000,103925,0
FINNIFTY17SEP2426300CE.NFO,2024-09-16,09:16:00,2024-09-17,0.5,0.6,0.5,0.6,1125,103925,0
FINNIFTY17SEP2426300CE.NFO,2024-09-16,09:17:00,2024-09-17,0.6,0.65,0.45,0.65,2750,103925,0
FINNIFTY17SEP2426300CE.NFO,2024-09-16,09:18:00,2024-09-17,0.65,0.7,0.45,0.7,3225,106300,0
FINNIFTY17SEP2426300CE.NFO,2024-09-16,09:19:00,2024-09-17,0.7,0.7,0.7,0.7,25,106300,0
FINNIFTY17SEP2426300CE.NFO,2024-09-16,09:20:00,2024-09-17,0.7,0.7,0.45,0.55,3275,106300,0
FINNIFTY17SEP2426300CE.NFO,2024-09-16,09:21:00,2024-09-17,0.55,0.55,0.5,0.5,25,106300,0
FINNIFTY17SEP2426300CE.NFO,2024-09-16,09:22:00,2024-09-17,0.55,0.55,0.55,0.55,0,107950,0
FINNIFTY17SEP2426300CE.NFO,2024-09-16,09:23:00,2024-09-17,0.55,0.55,0.55,0.55,0,107950,0
FINNIFTY17SEP2426300CE.NFO,2024-09-16,09:24:00,2024-09-17,0.55,0.55,0.45,0.5,2100,107675,0
FINNIFTY17SEP2426300CE.NFO,2024-09-16,09:25:00,2024-09-17,0.5,0.5,0.45,0.5,1575,107675,0
FINNIFTY17SEP2426300CE.NFO,2024-09-16,09:26:00,2024-09-17,0.5,0.55,0.45,0.55,875,107675,0
FINNIFTY17SEP2426300CE.NFO,2024-09-16,09:27:00,2024-09-17,0.55,0.55,0.45,0.45,5175,111375,0
FINNIFTY17SEP2426300CE.NFO,2024-09-16,09:28:00,2024-09-17,0.45,0.45,0.4,0.45,2250,111375,0
FINNIFTY17SEP2426300CE.NFO,2024-09-16,09:29:00,2024-09-17,0.45,0.5,0.45,0.45,975,111375,0
FINNIFTY17SEP2426300CE.NFO,2024-09-16,09:30:00,2024-09-17,0.45,0.45,0.45,0.45,675,108225,0
FINNIFTY17SEP2426300CE.NFO,2024-09-16,09:31:00,2024-09-17,0.45,0.45,0.45,0.45,2275,108225,0
FINNIFTY17SEP2426300CE.NFO,2024-09-16,09:32:00,2024-09-17,0.45,0.45,0.45,0.45,3550,108225,0
FINNIFTY17SEP2426300CE.NFO,2024-09-16,09:33:00,2024-09-17,0.45,0.45,0.45,0.45,0,108225,0
FINNIFTY17SEP2426300CE.NFO,2024-09-16,09:34:00,2024-09-17,0.5,0.5,0.5,0.5,1800,108775,0
FINNIFTY17SEP2426300CE.NFO,2024-09-16,09:35:00,2024-09-17,0.5,0.5,0.5,0.5,50,108775,0
FINNIFTY17SEP2426300CE.NFO,2024-09-16,09:36:00,2024-09-17,0.5,0.5,0.5,0.5,1475,110000,0
FINNIFTY17SEP2426300CE.NFO,2024-09-16,09:37:00,2024-09-17,0.5,0.5,0.5,0.5,525,110000,0
FINNIFTY17SEP2426300CE.NFO,2024-09-16,09:38:00,2024-09-17,0.5,0.5,0.5,0.5,525,110000,1
FINNIFTY17SEP2426300CE.NFO,2024-09-16,09:39:00,2024-09-17,0.5,0.5,0.5,0.5,700,110075,0
FINNIFTY17SEP2426300CE.NFO,2024-09-16,09:40:00,2024-09-17,0.5,0.5,0.5,0.5,175,110075,0
FINNIFTY17SEP2426300CE.NFO,2024-09-16,09:41:00,2024-09-17,0.5,0.5,0.5,0.5,175,110075,1
FINNIFTY17SEP2426300CE.NFO,2024-09-16,09:42:00,2024-09-17,0.5,0.5,0.5,0.5,1800,110425,0
FINNIFTY17SEP2426300CE.NFO,2024-09-16,09:43:00,2024-09-17,0.5,0.5,0.5,0.5,0,110425,0
FINNIFTY17SEP2426300CE.NFO,2024-09-16,09:44:00,2024-09-17,0.5,0.5,0.4,0.45,5500,110425,0
FINNIFTY17SEP2426300CE.NFO,2024-09-16,09:45:00,2024-09-17,0.45,0.45,0.45,0.45,2250,110425,0
FINNIFTY17SEP2426300CE.NFO,2024-09-16,09:46:00,2024-09-17,0.45,0.5,0.45,0.5,1825,111675,0
FINNIFTY17SEP2426300CE.NFO,2024-09-16,09:47:00,2024-09-17,0.5,0.5,0.45,0.45,6675,111675,0
FINNIFTY17SEP2426300CE.NFO,2024-09-16,09:48:00,2024-09-17,0.45,0.45,0.45,0.45,0,111675,0
FINNIFTY17SEP2426300CE.NFO,2024-09-16,09:49:00,2024-09-17,0.45,0.45,0.45,0.45,0,111675,0
FINNIFTY17SEP2426300CE.NFO,2024-09-16,09:50:00,2024-09-17,0.45,0.45,0.45,0.45,0,111675,0
FINNIFTY17SEP2426300CE.NFO,2024-09-16,09:51:00,2024-09-17,0.45,0.45,0.45,0.45,0,111675,0
FINNIFTY17SEP2426300CE.NFO,2024-09-16,09:52:00,2024-09-17,0.45,0.45,0.45,0.45,0,111675,1
FINNIFTY17SEP2426300CE.NFO,2024-09-16,09:53:00,2024-09-17,0.45,0.45,0.45,0.45,0,111675,0
FINNIFTY17SEP2426300CE.NFO,2024-09-16,09:54:00,2024-09-17,0.45,0.45,0.45,0.45,0,111675,0
FINNIFTY17SEP2426300CE.NFO,2024-09-16,09:55:00,2024-09-17,0.45,0.45,0.45,0.45,0,111675,1
FINNIFTY17SEP2426300CE.NFO,2024-09-16,09:56:00,2024-09-17,0.45,0.45,0.45,0.45,0,111675,1
FINNIFTY17SEP2426300CE.NFO,2024-09-16,09:57:00,2024-09-17,0.45,0.45,0.45,0.45,0,111675,0
FINNIFTY17SEP2426300CE.NFO,2024-09-16,09:58:00,2024-09-17,0.45,0.45,0.4,0.4,0,108375,0
FINNIFTY17SEP2426300CE.NFO,2024-09-16,09:59:00,2024-09-17,0.4,0.45,0.4,0.45,25,108375,0
FINNIFTY17SEP2426300CE.NFO,2024-09-16,10:00:00,2024-09-17,0.45,0.45,0.45,0.45,425,110175,0
FINNIFTY17SEP2426300CE.NFO,2024-09-16,10:01:00,2024-09-17,0.45,0.45,0.45,0.45,1275,110175,0
FINNIFTY17SEP2426300CE.NFO,2024-09-16,10:02:00,2024-09-17,0.45,0.45,0.45,0.45,2550,110175,0
FINNIFTY17SEP2426300CE.NFO,2024-09-16,10:03:00,2024-09-17,0.45,0.45,0.45,0.45,900,110750,0
FINNIFTY17SEP2426300CE.NFO,2024-09-16,10:04:00,2024-09-17,0.45,0.45,0.45,0.45,175,110750,0
FINNIFTY17SEP2426300CE.NFO,2024-09-16,10:05:00,2024-09-17,0.45,0.45,0.45,0.45,0,110750,0
FINNIFTY17SEP2426300CE.NFO,2024-09-16,10:06:00,2024-09-17,0.45,0.45,0.45,0.45,0,110750,0
FINNIFTY17SEP2426300CE.NFO,2024-09-16,10:07:00,2024-09-17,0.45,0.45,0.45,0.45,0,110750,0
FINNIFTY17SEP2426300CE.NFO,2024-09-16,10:08:00,2024-09-17,0.45,0.45,0.45,0.45,0,110750,0
FINNIFTY17SEP2426300CE.NFO,2024-09-16,10:09:00,2024-09-17,0.45,0.45,0.45,0.45,0,110750,0
FINNIFTY17SEP2426300CE.NFO,2024-09-16,10:10:00,2024-09-17,0.45,0.45,0.45,0.45,0,110750,0
FINNIFTY17SEP2426300CE.NFO,2024-09-16,10:11:00,2024-09-17,0.45,0.45,0.45,0.45,0,110750,0
FINNIFTY17SEP2426300CE.NFO,2024-09-16,10:12:00,2024-09-17,0.45,0.45,0.45,0.45,0,110750,0
FINNIFTY17SEP2426300CE.NFO,2024-09-16,10:13:00,2024-09-17,0.45,0.45,0.45,0.45,0,110750,0
FINNIFTY17SEP2426300CE.NFO,2024-09-16,10:14:00,2024-09-17,0.45,0.45,0.4,0.45,750,110975,0
FINNIFTY17SEP2426300CE.NFO,2024-09-16,10:15:00,2024-09-17,0.4,0.45,0.4,0.45,325,110975,0
FINNIFTY17SEP2426300CE.NFO,2024-09-16,10:16:00,2024-09-17,0.45,0.45,0.45,0.45,0,110975,0
FINNIFTY17SEP2426300CE.NFO,2024-09-16,10:17:00,2024-09-17,0.45,0.45,0.45,0.45,6850,111700,0
FINNIFTY17SEP2426300CE.NFO,2024-09-16,10:18:00,2024-09-17,0.45,0.45,0.45,0.45,0,111700,0
FINNIFTY17SEP2426300CE.NFO,2024-09-16,10:19:00,2024-09-17,0.45,0.45,0.45,0.45,0,111700,0
FINNIFTY17SEP2426300CE.NFO,2024-09-16,10:20:00,2024-09-17,0.45,0.45,0.45,0.45,0,111700,0
FINNIFTY17SEP2426300CE.NFO,2024-09-16,10:21:00,2024-09-17,0.45,0.45,0.45,0.45,75,116400,0
FINNIFTY17SEP2426300CE.NFO,2024-09-16,10:22:00,2024-09-17,0.45,0.45,0.45,0.45,0,116400,0
FINNIFTY17SEP2426300CE.NFO,2024-09-16,10:23:00,2024-09-17,0.45,0.45,0.45,0.45,0,116400,0
FINNIFTY17SEP2426300CE.NFO,2024-09-16,10:24:00,2024-09-17,0.45,0.45,0.45,0.45,0,116400,0
FINNIFTY17SEP2426300CE.NFO,2024-09-16,10:25:00,2024-09-17,0.45,0.45,0.45,0.45,25,116400,0
FINNIFTY17SEP2426300CE.NFO,2024-09-16,10:26:00,2024-09-17,0.45,0.45,0.45,0.45,25,116400,0
FINNIFTY17SEP2426300CE.NFO,2024-09-16,10:27:00,2024-09-17,0.45,0.45,0.45,0.45,0,116400,0
FINNIFTY17SEP2426300CE.NFO,2024-09-16,10:28:00,2024-09-17,0.45,0.45,0.45,0.45,0,116400,0
FINNIFTY17SEP2426300CE.NFO,2024-09-16,10:29:00,2024-09-17,0.45,0.5,0.45,0.5,500,116400,0
FINNIFTY17SEP2426300CE.NFO,2024-09-16,10:30:00,2024-09-17,0.5,0.5,0.5,0.5,0,116400,0
FINNIFTY17SEP2426300CE.NFO,2024-09-16,10:31:00,2024-09-17,0.5,0.5,0.5,0.5,0,116400,0
FINNIFTY17SEP2426300CE.NFO,2024-09-16,10:32:00,2024-09-17,0.5,0.5,0.5,0.5,0,116400,0
FINNIFTY17SEP2426300CE.NFO,2024-09-16,10:33:00,2024-09-17,0.5,0.5,0.5,0.5,0,116400,0
FINNIFTY17SEP2426300CE.NFO,2024-09-16,10:34:00,2024-09-17,0.5,0.5,0.5,0.5,0,116400,0
FINNIFTY17SEP2426300CE.NFO,2024-09-16,10:35:00,2024-09-17,0.5,0.5,0.5,0.5,25,116750,0
FINNIFTY17SEP2426300CE.NFO,2024-09-16,10:36:00,2024-09-17,0.5,0.5,0.5,0.5,150,116750,0
FINNIFTY17SEP2426300CE.NFO,2024-09-16,10:37:00,2024-09-17,0.5,0.5,0.5,0.5,75,116750,0
FINNIFTY17SEP2426300CE.NFO,2024-09-16,10:38:00,2024-09-17,0.5,0.5,0.5,0.5,0,116750,0
FINNIFTY17SEP2426300CE.NFO,2024-09-16,10:39:00,2024-09-17,0.5,0.5,0.5,0.5,150,116750,0
FINNIFTY17SEP2426300CE.NFO,2024-09-16,10:40:00,2024-09-17,0.5,0.5,0.45,0.5,475,116750,0
FINNIFTY17SEP2426300CE.NFO,2024-09-16,10:41:00,2024-09-17,0.5,0.5,0.45,0.45,150,116750,0
FINNIFTY17SEP2426300CE.NFO,2024-09-16,10:42:00,2024-09-17,0.45,0.45,0.45,0.45,0,116750,0
FINNIFTY17SEP2426300CE.NFO,2024-09-16,10:43:00,2024-09-17,0.45,0.45,0.45,0.45,0,116750,0
FINNIFTY17SEP2426300CE.NFO,2024-09-16,10:44:00,2024-09-17,0.45,0.5,0.45,0.5,25,116750,0
FINNIFTY17SEP2426300CE.NFO,2024-09-16,10:45:00,2024-09-17,0.5,0.5,0.5,0.5,0,116750,0
FINNIFTY17SEP2426300CE.NFO,2024-09-16,10:46:00,2024-09-17,0.5,0.5,0.5,0.5,0,116750,1
FINNIFTY17SEP2426300CE.NFO,2024-09-16,10:47:00,2024-09-17,0.5,0.5,0.5,0.5,425,116750,0
FINNIFTY17SEP2426300CE.NFO,2024-09-16,10:48:00,2024-09-17,0.5,0.5,0.5,0.5,0,116750,0
FINNIFTY17SEP2426300CE.NFO,2024-09-16,10:49:00,2024-09-17,0.5,0.5,0.5,0.5,175,116750,0
FINNIFTY17SEP2426300CE.NFO,2024-09-16,10:50:00,2024-09-17,0.5,0.5,0.5,0.5,525,116750,0
FINNIFTY17SEP2426300CE.NFO,2024-09-16,10:51:00,2024-09-17,0.5,0.5,0.5,0.5,0,116750,0
FINNIFTY17SEP2426300CE.NFO,2024-09-16,10:52:00,2024-09-17,0.5,0.5,0.45,0.45,175,117225,0
FINNIFTY17SEP2426300CE.NFO,2024-09-16,10:53:00,2024-09-17,0.45,0.45,0.45,0.45,1375,117225,0
FINNIFTY17SEP2426300CE.NFO,2024-09-16,10:54:00,2024-09-17,0.45,0.45,0.45,0.45,0,117225,0
FINNIFTY17SEP2426300CE.NFO,2024-09-16,10:55:00,2024-09-17,0.45,0.45,0.45,0.45,0,117225,0
FINNIFTY17SEP2426300CE.NFO,2024-09-16,10:56:00,2024-09-17,0.45,0.45,0.45,0.45,0,117225,0
FINNIFTY17SEP2426300CE.NFO,2024-09-16,10:57:00,2024-09-17,0.45,0.45,0.45,0.45,1025,114650,0
FINNIFTY17SEP2426300CE.NFO,2024-09-16,10:58:00,2024-09-17,0.45,0.45,0.45,0.45,275,114650,0
FINNIFTY17SEP2426300CE.NFO,2024-09-16,10:59:00,2024-09-17,0.45,0.45,0.45,0.45,0,114650,0
FINNIFTY17SEP2426300CE.NFO,2024-09-16,11:00:00,2024-09-17,0.45,0.45,0.45,0.45,0,114650,0
FINNIFTY17SEP2426300CE.NFO,2024-09-16,11:01:00,2024-09-17,0.45,0.45,0.45,0.45,1600,113850,0
FINNIFTY17SEP2426300CE.NFO,2024-09-16,11:02:00,2024-09-17,0.45,0.45,0.45,0.45,0,113850,0
FINNIFTY17SEP2426300CE.NFO,2024-09-16,11:03:00,2024-09-17,0.45,0.45,0.45,0.45,0,113850,0
FINNIFTY17SEP2426300CE.NFO,2024-09-16,11:04:00,2024-09-17,0.45,0.45,0.45,0.45,150,112250,0
FINNIFTY17SEP2426300CE.NFO,2024-09-16,11:05:00,2024-09-17,0.45,0.45,0.45,0.45,650,112250,0
FINNIFTY17SEP2426300CE.NFO,2024-09-16,11:06:00,2024-09-17,0.45,0.45,0.45,0.45,0,112250,0
FINNIFTY17SEP2426300CE.NFO,2024-09-16,11:07:00,2024-09-17,0.45,0.45,0.4,0.4,750,112850,0
FINNIFTY17SEP2426300CE.NFO,2024-09-16,11:08:00,2024-09-17,0.4,0.5,0.4,0.5,12350,112850,0
FINNIFTY17SEP2426300CE.NFO,2024-09-16,11:09:00,2024-09-17,0.5,0.5,0.5,0.5,6625,112850,0
FINNIFTY17SEP2426300CE.NFO,2024-09-16,11:10:00,2024-09-17,0.5,0.5,0.5,0.5,225,124550,0
FINNIFTY17SEP2426300CE.NFO,2024-09-16,11:11:00,2024-09-17,0.5,0.5,0.5,0.5,0,124550,0
FINNIFTY17SEP2426300CE.NFO,2024-09-16,11:12:00,2024-09-17,0.5,0.5,0.45,0.5,2500,124550,0
FINNIFTY17SEP2426300CE.NFO,2024-09-16,11:13:00,2024-09-17,0.5,0.5,0.5,0.5,0,124550,0
FINNIFTY17SEP2426300CE.NFO,2024-09-16,11:14:00,2024-09-17,0.5,0.5,0.5,0.5,0,124550,0
FINNIFTY17SEP2426300CE.NFO,2024-09-16,11:15:00,2024-09-17,0.5,0.5,0.5,0.5,100,126600,0
FINNIFTY17SEP2426300CE.NFO,2024-09-16,11:16:00,2024-09-17,0.5,0.5,0.5,0.5,0,126600,0
FINNIFTY17SEP2426300CE.NFO,2024-09-16,11:17:00,2024-09-17,0.5,0.5,0.5,0.5,0,126600,0
FINNIFTY17SEP2426300CE.NFO,2024-09-16,11:18:00,2024-09-17,0.5,0.5,0.5,0.5,0,126600,0
FINNIFTY17SEP2426300CE.NFO,2024-09-16,11:19:00,2024-09-17,0.5,0.5,0.5,0.5,625,126625,0
FINNIFTY17SEP2426300CE.NFO,2024-09-16,11:20:00,2024-09-17,0.5,0.55,0.5,0.5,5325,126625,0
FINNIFTY17SEP2426300CE.NFO,2024-09-16,11:21:00,2024-09-17,0.5,0.5,0.5,0.5,100,126625,0
FINNIFTY17SEP2426300CE.NFO,2024-09-16,11:22:00,2024-09-17,0.5,0.5,0.5,0.5,0,126625,0
FINNIFTY17SEP2426300CE.NFO,2024-09-16,11:23:00,2024-09-17,0.5,0.5,0.5,0.5,0,126625,0
FINNIFTY17SEP2426300CE.NFO,2024-09-16,11:24:00,2024-09-17,0.5,0.5,0.45,0.45,175,129050,0
FINNIFTY17SEP2426300CE.NFO,2024-09-16,11:25:00,2024-09-17,0.45,0.45,0.45,0.45,0,129050,0
FINNIFTY17SEP2426300CE.NFO,2024-09-16,11:26:00,2024-09-17,0.45,0.45,0.45,0.45,0,129050,0
FINNIFTY17SEP2426300CE.NFO,2024-09-16,11:27:00,2024-09-17,0.45,0.45,0.45,0.45,0,129050,0
FINNIFTY17SEP2426300CE.NFO,2024-09-16,11:28:00,2024-09-17,0.45,0.45,0.45,0.45,0,129050,0
FINNIFTY17SEP2426300CE.NFO,2024-09-16,11:29:00,2024-09-17,0.45,0.45,0.45,0.45,175,125975,0
FINNIFTY17SEP2426300CE.NFO,2024-09-16,11:30:00,2024-09-17,0.45,0.45,0.45,0.45,1250,125975,0
FINNIFTY17SEP2426300CE.NFO,2024-09-16,11:31:00,2024-09-17,0.45,0.45,0.4,0.4,0,125800,0
FINNIFTY17SEP2426300CE.NFO,2024-09-16,11:32:00,2024-09-17,0.4,0.4,0.4,0.4,0,125800,0
FINNIFTY17SEP2426300CE.NFO,2024-09-16,11:33:00,2024-09-17,0.4,0.4,0.4,0.4,0,125800,0
FINNIFTY17SEP2426300CE.NFO,2024-09-16,11:34:00,2024-09-17,0.4,0.45,0.4,0.45,200,125825,0
FINNIFTY17SEP2426300CE.NFO,2024-09-16,11:35:00,2024-09-17,0.45,0.45,0.4,0.4,1975,125825,0
FINNIFTY17SEP2426300CE.NFO,2024-09-16,11:36:00,2024-09-17,0.4,0.4,0.4,0.4,175,125825,0
FINNIFTY17SEP2426300CE.NFO,2024-09-16,11:37:00,2024-09-17,0.4,0.4,0.4,0.4,75,125225,0
FINNIFTY17SEP2426300CE.NFO,2024-09-16,11:38:00,2024-09-17,0.4,0.4,0.4,0.4,0,125225,0
FINNIFTY17SEP2426300CE.NFO,2024-09-16,11:39:00,2024-09-17,0.4,0.4,0.4,0.4,375,125225,0
FINNIFTY17SEP2426300CE.NFO,2024-09-16,11:40:00,2024-09-17,0.4,0.4,0.4,0.4,75,125075,0
FINNIFTY17SEP2426300CE.NFO,2024-09-16,11:41:00,2024-09-17,0.4,0.4,0.4,0.4,0,125075,0
FINNIFTY17SEP2426300CE.NFO,2024-09-16,11:42:00,2024-09-17,0.4,0.4,0.4,0.4,0,125075,0
FINNIFTY17SEP2426300CE.NFO,2024-09-16,11:43:00,2024-09-17,0.4,0.4,0.4,0.4,0,125075,0
FINNIFTY17SEP2426300CE.NFO,2024-09-16,11:44:00,2024-09-17,0.4,0.4,0.4,0.4,0,125075,0
FINNIFTY17SEP2426300CE.NFO,2024-09-16,11:45:00,2024-09-17,0.4,0.4,0.4,0.4,0,125075,0
FINNIFTY17SEP2426300CE.NFO,2024-09-16,11:46:00,2024-09-17,0.4,0.4,0.4,0.4,0,125075,0
FINNIFTY17SEP2426300CE.NFO,2024-09-16,11:47:00,2024-09-17,0.4,0.4,0.4,0.4,0,125075,0
FINNIFTY17SEP2426300CE.NFO,2024-09-16,11:48:00,2024-09-17,0.4,0.4,0.4,0.4,0,125075,0
FINNIFTY17SEP2426300CE.NFO,2024-09-16,11:49:00,2024-09-17,0.4,0.4,0.4,0.4,0,125075,0
FINNIFTY17SEP2426300CE.NFO,2024-09-16,11:50:00,2024-09-17,0.45,0.45,0.45,0.45,0,125100,0
FINNIFTY17SEP2426300CE.NFO,2024-09-16,11:51:00,2024-09-17,0.45,0.45,0.45,0.45,0,125100,0
FINNIFTY17SEP2426300CE.NFO,2024-09-16,11:52:00,2024-09-17,0.45,0.45,0.45,0.45,0,125100,0
FINNIFTY17SEP2426300CE.NFO,2024-09-16,11:53:00,2024-09-17,0.45,0.45,0.4,0.4,0,125200,0
FINNIFTY17SEP2426300CE.NFO,2024-09-16,11:54:00,2024-09-17,0.4,0.4,0.4,0.4,100,125200,0
FINNIFTY17SEP2426300CE.NFO,2024-09-16,11:55:00,2024-09-17,0.4,0.4,0.4,0.4,0,125200,0
FINNIFTY17SEP2426300CE.NFO,2024-09-16,11:56:00,2024-09-17,0.4,0.4,0.4,0.4,0,125200,0
FINNIFTY17SEP2426300CE.NFO,2024-09-16,11:57:00,2024-09-17,0.4,0.4,0.4,0.4,0,125200,0
FINNIFTY17SEP2426300CE.NFO,2024-09-16,11:58:00,2024-09-17,0.4,0.4,0.4,0.4,0,125200,0
FINNIFTY17SEP2426300CE.NFO,2024-09-16,11:59:00,2024-09-17,0.4,0.4,0.4,0.4,0,125200,0
FINNIFTY17SEP2426300CE.NFO,2024-09-16,12:00:00,2024-09-17,0.4,0.4,0.4,0.4,0,125200,0
FINNIFTY17SEP2426300CE.NFO,2024-09-16,12:01:00,2024-09-17,0.4,0.4,0.4,0.4,0,125200,0
FINNIFTY17SEP2426300CE.NFO,2024-09-16,12:02:00,2024-09-17,0.4,0.4,0.4,0.4,0,125200,0
FINNIFTY17SEP2426300CE.NFO,2024-09-16,12:03:00,2024-09-17,0.4,0.4,0.4,0.4,0,125200,0
FINNIFTY17SEP2426300CE.NFO,2024-09-16,12:04:00,2024-09-17,0.4,0.45,0.4,0.45,1250,125200,0
FINNIFTY17SEP2426300CE.NFO,2024-09-16,12:05:00,2024-09-17,0.45,0.45,0.45,0.45,0,125200,0
FINNIFTY17SEP2426300CE.NFO,2024-09-16,12:06:00,2024-09-17,0.45,0.45,0.45,0.45,0,125200,0
FINNIFTY17SEP2426300CE.NFO,2024-09-16,12:07:00,2024-09-17,0.45,0.45,0.45,0.45,0,125200,0
FINNIFTY17SEP2426300CE.NFO,2024-09-16,12:08:00,2024-09-17,0.45,0.45,0.45,0.45,0,125200,0
FINNIFTY17SEP2426300CE.NFO,2024-09-16,12:09:00,2024-09-17,0.45,0.45,0.45,0.45,0,125200,0
FINNIFTY17SEP2426300CE.NFO,2024-09-16,12:10:00,2024-09-17,0.45,0.45,0.45,0.45,0,125200,0
FINNIFTY17SEP2426300CE.NFO,2024-09-16,12:11:00,2024-09-17,0.45,0.45,0.45,0.45,0,125200,0
FINNIFTY17SEP2426300CE.NFO,2024-09-16,12:12:00,2024-09-17,0.45,0.45,0.45,0.45,0,125200,0
FINNIFTY17SEP2426300CE.NFO,2024-09-16,12:13:00,2024-09-17,0.45,0.45,0.45,0.45,0,125200,0
FINNIFTY17SEP2426300CE.NFO,2024-09-16,12:14:00,2024-09-17,0.45,0.45,0.45,0.45,0,125200,0
FINNIFTY17SEP2426300CE.NFO,2024-09-16,12:15:00,2024-09-17,0.45,0.45,0.45,0.45,0,125200,0
FINNIFTY17SEP2426300CE.NFO,2024-09-16,12:16:00,2024-09-17,0.45,0.45,0.45,0.45,0,125200,0
FINNIFTY17SEP2426300CE.NFO,2024-09-16,12:17:00,2024-09-17,0.45,0.45,0.45,0.45,0,125200,0
FINNIFTY17SEP2426300CE.NFO,2024-09-16,12:18:00,2024-09-17,0.45,0.45,0.45,0.45,0,125200,0
FINNIFTY17SEP2426300CE.NFO,2024-09-16,12:19:00,2024-09-17,0.45,0.45,0.4,0.4,350,124275,0
FINNIFTY17SEP2426300CE.NFO,2024-09-16,12:20:00,2024-09-17,0.4,0.4,0.4,0.4,5075,124275,0
FINNIFTY17SEP2426300CE.NFO,2024-09-16,12:21:00,2024-09-17,0.4,0.4,0.35,0.35,2375,124275,0
FINNIFTY17SEP2426300CE.NFO,2024-09-16,12:22:00,2024-09-17,0.35,0.35,0.35,0.35,225,127175,0
FINNIFTY17SEP2426300CE.NFO,2024-09-16,12:23:00,2024-09-17,0.35,0.35,0.35,0.35,50,127175,0
FINNIFTY17SEP2426300CE.NFO,2024-09-16,12:24:00,2024-09-17,0.35,0.35,0.35,0.35,0,127175,0
FINNIFTY17SEP2426300CE.NFO,2024-09-16,12:25:00,2024-09-17,0.35,0.35,0.35,0.35,0,127175,0
FINNIFTY17SEP2426300CE.NFO,2024-09-16,12:26:00,2024-09-17,0.35,0.35,0.35,0.35,0,127175,0
FINNIFTY17SEP2426300CE.NFO,2024-09-16,12:27:00,2024-09-17,0.35,0.35,0.35,0.35,0,127175,0
FINNIFTY17SEP2426300CE.NFO,2024-09-16,12:28:00,2024-09-17,0.35,0.35,0.35,0.35,0,127175,0
FINNIFTY17SEP2426300CE.NFO,2024-09-16,12:29:00,2024-09-17,0.35,0.35,0.35,0.35,0,127175,0
FINNIFTY17SEP2426300CE.NFO,2024-09-16,12:30:00,2024-09-17,0.35,0.35,0.35,0.35,0,127175,0
FINNIFTY17SEP2426300CE.NFO,2024-09-16,12:31:00,2024-09-17,0.35,0.35,0.35,0.35,0,127175,0
FINNIFTY17SEP2426300CE.NFO,2024-09-16,12:32:00,2024-09-17,0.35,0.35,0.35,0.35,0,127175,0
FINNIFTY17SEP2426300CE.NFO,2024-09-16,12:33:00,2024-09-17,0.35,0.35,0.35,0.35,0,127175,0
FINNIFTY17SEP2426300CE.NFO,2024-09-16,12:34:00,2024-09-17,0.35,0.35,0.35,0.35,300,127175,0
FINNIFTY17SEP2426300CE.NFO,2024-09-16,12:35:00,2024-09-17,0.35,0.35,0.35,0.35,300,127175,0
FINNIFTY17SEP2426300CE.NFO,2024-09-16,12:36:00,2024-09-17,0.35,0.35,0.35,0.35,0,127175,0
FINNIFTY17SEP2426300CE.NFO,2024-09-16,12:37:00,2024-09-17,0.35,0.35,0.35,0.35,0,127175,0
FINNIFTY17SEP2426300CE.NFO,2024-09-16,12:38:00,2024-09-17,0.35,0.35,0.35,0.35,0,127175,0
FINNIFTY17SEP2426300CE.NFO,2024-09-16,12:39:00,2024-09-17,0.35,0.35,0.35,0.35,0,127175,0
FINNIFTY17SEP2426300CE.NFO,2024-09-16,12:40:00,2024-09-17,0.35,0.35,0.35,0.35,0,127175,0
FINNIFTY17SEP2426300CE.NFO,2024-09-16,12:41:00,2024-09-17,0.4,0.4,0.4,0.4,50,127175,0
FINNIFTY17SEP2426300CE.NFO,2024-09-16,12:42:00,2024-09-17,0.4,0.4,0.35,0.35,300,127175,0
FINNIFTY17SEP2426300CE.NFO,2024-09-16,12:43:00,2024-09-17,0.35,0.35,0.35,0.35,50,127225,0
FINNIFTY17SEP2426300CE.NFO,2024-09-16,12:44:00,2024-09-17,0.35,0.35,0.35,0.35,1625,127225,0
FINNIFTY17SEP2426300CE.NFO,2024-09-16,12:45:00,2024-09-17,0.35,0.4,0.35,0.4,2450,127225,0
FINNIFTY17SEP2426300CE.NFO,2024-09-16,12:46:00,2024-09-17,0.4,0.4,0.4,0.4,3175,125850,0
FINNIFTY17SEP2426300CE.NFO,2024-09-16,12:47:00,2024-09-17,0.4,0.4,0.4,0.4,0,125850,0
FINNIFTY17SEP2426300CE.NFO,2024-09-16,12:48:00,2024-09-17,0.4,0.4,0.35,0.35,350,125850,0
FINNIFTY17SEP2426300CE.NFO,2024-09-16,12:49:00,2024-09-17,0.35,0.4,0.35,0.35,1750,125300,0
FINNIFTY17SEP2426300CE.NFO,2024-09-16,12:50:00,2024-09-17,0.4,0.4,0.35,0.4,700,125300,0
FINNIFTY17SEP2426300CE.NFO,2024-09-16,12:51:00,2024-09-17,0.4,0.4,0.4,0.4,200,125300,0
FINNIFTY17SEP2426300CE.NFO,2024-09-16,12:52:00,2024-09-17,0.4,0.4,0.4,0.4,1225,124000,0
FINNIFTY17SEP2426300CE.NFO,2024-09-16,12:53:00,2024-09-17,0.4,0.4,0.4,0.4,175,124000,0
FINNIFTY17SEP2426300CE.NFO,2024-09-16,12:54:00,2024-09-17,0.4,0.4,0.4,0.4,0,124000,0
FINNIFTY17SEP2426300CE.NFO,2024-09-16,12:55:00,2024-09-17,0.4,0.4,0.4,0.4,0,124000,0
FINNIFTY17SEP2426300CE.NFO,2024-09-16,12:56:00,2024-09-17,0.4,0.4,0.4,0.4,0,124000,0
FINNIFTY17SEP2426300CE.NFO,2024-09-16,12:57:00,2024-09-17,0.4,0.4,0.35,0.35,700,125100,0
FINNIFTY17SEP2426300CE.NFO,2024-09-16,12:58:00,2024-09-17,0.35,0.35,0.35,0.35,350,124400,0
FINNIFTY17SEP2426300CE.NFO,2024-09-16,12:59:00,2024-09-17,0.35,0.35,0.35,0.35,0,124400,0
FINNIFTY17SEP2426300CE.NFO,2024-09-16,13:00:00,2024-09-17,0.35,0.35,0.35,0.35,225,124400,0
FINNIFTY17SEP2426300CE.NFO,2024-09-16,13:01:00,2024-09-17,0.35,0.35,0.35,0.35,0,124400,0
FINNIFTY17SEP2426300CE.NFO,2024-09-16,13:02:00,2024-09-17,0.35,0.35,0.35,0.35,0,124400,0
FINNIFTY17SEP2426300CE.NFO,2024-09-16,13:03:00,2024-09-17,0.35,0.35,0.35,0.35,0,124400,0
FINNIFTY17SEP2426300CE.NFO,2024-09-16,13:04:00,2024-09-17,0.35,0.35,0.35,0.35,0,124400,0
FINNIFTY17SEP2426300CE.NFO,2024-09-16,13:05:00,2024-09-17,0.35,0.35,0.35,0.35,0,124400,0
FINNIFTY17SEP2426300CE.NFO,2024-09-16,13:06:00,2024-09-17,0.35,0.35,0.35,0.35,0,124400,0
FINNIFTY17SEP2426300CE.NFO,2024-09-16,13:07:00,2024-09-17,0.35,0.35,0.35,0.35,0,124400,0
FINNIFTY17SEP2426300CE.NFO,2024-09-16,13:08:00,2024-09-17,0.35,0.35,0.35,0.35,0,124400,0
FINNIFTY17SEP2426300CE.NFO,2024-09-16,13:09:00,2024-09-17,0.35,0.35,0.35,0.35,0,124400,0
FINNIFTY17SEP2426300CE.NFO,2024-09-16,13:10:00,2024-09-17,0.35,0.35,0.35,0.35,0,124400,0
FINNIFTY17SEP2426300CE.NFO,2024-09-16,13:11:00,2024-09-17,0.35,0.4,0.35,0.4,325,123475,0
FINNIFTY17SEP2426300CE.NFO,2024-09-16,13:12:00,2024-09-17,0.4,0.4,0.4,0.4,850,123475,0
FINNIFTY17SEP2426300CE.NFO,2024-09-16,13:13:00,2024-09-17,0.4,0.4,0.35,0.35,175,125675,0
FINNIFTY17SEP2426300CE.NFO,2024-09-16,13:14:00,2024-09-17,0.35,0.35,0.35,0.35,175,125675,0
FINNIFTY17SEP2426300CE.NFO,2024-09-16,13:15:00,2024-09-17,0.35,0.35,0.35,0.35,0,125675,0
FINNIFTY17SEP2426300CE.NFO,2024-09-16,13:16:00,2024-09-17,0.35,0.35,0.35,0.35,0,125675,0
FINNIFTY17SEP2426300CE.NFO,2024-09-16,13:17:00,2024-09-17,0.35,0.35,0.35,0.35,0,125675,0
FINNIFTY17SEP2426300CE.NFO,2024-09-16,13:18:00,2024-09-17,0.4,0.4,0.4,0.4,325,125350,0
FINNIFTY17SEP2426300CE.NFO,2024-09-16,13:19:00,2024-09-17,0.4,0.4,0.4,0.4,300,125850,0
FINNIFTY17SEP2426300CE.NFO,2024-09-16,13:20:00,2024-09-17,0.4,0.4,0.4,0.4,350,125850,0
FINNIFTY17SEP2426300CE.NFO,2024-09-16,13:21:00,2024-09-17,0.4,0.4,0.35,0.35,1975,125850,0
FINNIFTY17SEP2426300CE.NFO,2024-09-16,13:22:00,2024-09-17,0.35,0.4,0.35,0.35,700,128300,0
FINNIFTY17SEP2426300CE.NFO,2024-09-16,13:23:00,2024-09-17,0.4,0.4,0.4,0.4,425,128300,0
FINNIFTY17SEP2426300CE.NFO,2024-09-16,13:24:00,2024-09-17,0.4,0.4,0.4,0.4,0,128300,0
FINNIFTY17SEP2426300CE.NFO,2024-09-16,13:25:00,2024-09-17,0.4,0.4,0.4,0.4,0,128300,0
FINNIFTY17SEP2426300CE.NFO,2024-09-16,13:26:00,2024-09-17,0.4,0.4,0.4,0.4,0,128300,0
FINNIFTY17SEP2426300CE.NFO,2024-09-16,13:27:00,2024-09-17,0.4,0.4,0.4,0.4,0,128300,0
FINNIFTY17SEP2426300CE.NFO,2024-09-16,13:28:00,2024-09-17,0.4,0.4,0.4,0.4,0,128300,1
FINNIFTY17SEP2426300CE.NFO,2024-09-16,13:29:00,2024-09-17,0.4,0.4,0.4,0.4,0,128300,0
FINNIFTY17SEP2426300CE.NFO,2024-09-16,13:30:00,2024-09-17,0.4,0.4,0.35,0.35,300,129125,0
FINNIFTY17SEP2426300CE.NFO,2024-09-16,13:31:00,2024-09-17,0.35,0.35,0.35,0.35,2175,129125,0
FINNIFTY17SEP2426300CE.NFO,2024-09-16,13:32:00,2024-09-17,0.35,0.35,0.3,0.3,2400,129125,0
FINNIFTY17SEP2426300CE.NFO,2024-09-16,13:33:00,2024-09-17,0.3,0.3,0.3,0.3,300,129125,0
FINNIFTY17SEP2426300CE.NFO,2024-09-16,13:34:00,2024-09-17,0.3,0.3,0.3,0.3,0,129125,0
FINNIFTY17SEP2426300CE.NFO,2024-09-16,13:35:00,2024-09-17,0.3,0.3,0.3,0.3,875,124050,0
FINNIFTY17SEP2426300CE.NFO,2024-09-16,13:36:00,2024-09-17,0.3,0.3,0.3,0.3,0,124050,0
FINNIFTY17SEP2426300CE.NFO,2024-09-16,13:37:00,2024-09-17,0.3,0.3,0.3,0.3,0,124050,0
FINNIFTY17SEP2426300CE.NFO,2024-09-16,13:38:00,2024-09-17,0.3,0.3,0.3,0.3,175,124050,0
FINNIFTY17SEP2426300CE.NFO,2024-09-16,13:39:00,2024-09-17,0.3,0.3,0.3,0.3,0,124050,0
FINNIFTY17SEP2426300CE.NFO,2024-09-16,13:40:00,2024-09-17,0.3,0.35,0.3,0.3,175,124050,0
FINNIFTY17SEP2426300CE.NFO,2024-09-16,13:41:00,2024-09-17,0.3,0.35,0.3,0.35,5500,124050,0
FINNIFTY17SEP2426300CE.NFO,2024-09-16,13:42:00,2024-09-17,0.35,0.35,0.3,0.35,925,124050,0
FINNIFTY17SEP2426300CE.NFO,2024-09-16,13:43:00,2024-09-17,0.35,0.35,0.3,0.3,3950,124525,0
FINNIFTY17SEP2426300CE.NFO,2024-09-16,13:44:00,2024-09-17,0.3,0.3,0.25,0.25,750,124525,0
FINNIFTY17SEP2426300CE.NFO,2024-09-16,13:45:00,2024-09-17,0.25,0.25,0.25,0.25,0,124525,0
FINNIFTY17SEP2426300CE.NFO,2024-09-16,13:46:00,2024-09-17,0.25,0.3,0.25,0.3,50,123875,0
FINNIFTY17SEP2426300CE.NFO,2024-09-16,13:47:00,2024-09-17,0.3,0.3,0.3,0.3,0,123875,0
FINNIFTY17SEP2426300CE.NFO,2024-09-16,13:48:00,2024-09-17,0.3,0.3,0.25,0.3,750,123875,0
FINNIFTY17SEP2426300CE.NFO,2024-09-16,13:49:00,2024-09-17,0.3,0.3,0.3,0.3,0,123875,0
FINNIFTY17SEP2426300CE.NFO,2024-09-16,13:50:00,2024-09-17,0.3,0.3,0.25,0.25,300,124300,0
FINNIFTY17SEP2426300CE.NFO,2024-09-16,13:51:00,2024-09-17,0.25,0.3,0.25,0.25,475,124300,0
FINNIFTY17SEP2426300CE.NFO,2024-09-16,13:52:00,2024-09-17,0.3,0.3,0.3,0.3,325,124300,0
FINNIFTY17SEP2426300CE.NFO,2024-09-16,13:53:00,2024-09-17,0.3,0.3,0.3,0.3,650,124300,0
FINNIFTY17SEP2426300CE.NFO,2024-09-16,13:54:00,2024-09-17,0.3,0.3,0.3,0.3,800,124300,0
FINNIFTY17SEP2426300CE.NFO,2024-09-16,13:55:00,2024-09-17,0.3,0.3,0.3,0.3,500,125300,0
FINNIFTY17SEP2426300CE.NFO,2024-09-16,13:56:00,2024-09-17,0.3,0.3,0.3,0.3,450,125300,0
FINNIFTY17SEP2426300CE.NFO,2024-09-16,13:57:00,2024-09-17,0.3,0.3,0.25,0.3,1925,125300,0
FINNIFTY17SEP2426300CE.NFO,2024-09-16,13:58:00,2024-09-17,0.3,0.3,0.25,0.3,4800,127625,0
FINNIFTY17SEP2426300CE.NFO,2024-09-16,13:59:00,2024-09-17,0.3,0.35,0.3,0.35,3375,127625,0
FINNIFTY17SEP2426300CE.NFO,2024-09-16,14:00:00,2024-09-17,0.35,0.35,0.35,0.35,775,127625,0
FINNIFTY17SEP2426300CE.NFO,2024-09-16,14:01:00,2024-09-17,0.35,0.35,0.35,0.35,0,127625,0
FINNIFTY17SEP2426300CE.NFO,2024-09-16,14:02:00,2024-09-17,0.35,0.35,0.3,0.3,1500,132000,0
FINNIFTY17SEP2426300CE.NFO,2024-09-16,14:03:00,2024-09-17,0.3,0.3,0.3,0.3,0,132000,0
FINNIFTY17SEP2426300CE.NFO,2024-09-16,14:04:00,2024-09-17,0.3,0.3,0.3,0.3,0,132000,0
FINNIFTY17SEP2426300CE.NFO,2024-09-16,14:05:00,2024-09-17,0.3,0.3,0.3,0.3,0,132000,0
FINNIFTY17SEP2426300CE.NFO,2024-09-16,14:06:00,2024-09-17,0.3,0.3,0.3,0.3,0,132000,0
FINNIFTY17SEP2426300CE.NFO,2024-09-16,14:07:00,2024-09-17,0.3,0.3,0.3,0.3,0,132000,0
FINNIFTY17SEP2426300CE.NFO,2024-09-16,14:08:00,2024-09-17,0.3,0.3,0.3,0.3,0,132000,0
FINNIFTY17SEP2426300CE.NFO,2024-09-16,14:09:00,2024-09-17,0.3,0.3,0.3,0.3,0,130500,0
FINNIFTY17SEP2426300CE.NFO,2024-09-16,14:10:00,2024-09-17,0.3,0.3,0.3,0.3,0,130500,0
FINNIFTY17SEP2426300CE.NFO,2024-09-16,14:11:00,2024-09-17,0.3,0.3,0.3,0.3,0,130500,1
FINNIFTY17SEP2426300CE.NFO,2024-09-16,14:12:00,2024-09-17,0.35,0.35,0.35,0.35,50,128225,0
FINNIFTY17SEP2426300CE.NFO,2024-09-16,14:13:00,2024-09-17,0.35,0.35,0.35,0.35,75,128300,0
FINNIFTY17SEP2426300CE.NFO,2024-09-16,14:14:00,2024-09-17,0.35,0.35,0.35,0.35,0,128300,0
FINNIFTY17SEP2426300CE.NFO,2024-09-16,14:15:00,2024-09-17,0.35,0.35,0.35,0.35,525,128300,0
FINNIFTY17SEP2426300CE.NFO,2024-09-16,14:16:00,2024-09-17,0.35,0.35,0.35,0.35,0,128300,0
FINNIFTY17SEP2426300CE.NFO,2024-09-16,14:17:00,2024-09-17,0.35,0.35,0.3,0.3,625,129225,0
FINNIFTY17SEP2426300CE.NFO,2024-09-16,14:18:00,2024-09-17,0.3,0.3,0.3,0.3,0,129225,0
FINNIFTY17SEP2426300CE.NFO,2024-09-16,14:19:00,2024-09-17,0.3,0.35,0.3,0.35,125,128700,0
FINNIFTY17SEP2426300CE.NFO,2024-09-16,14:20:00,2024-09-17,0.35,0.35,0.3,0.3,600,128700,0
FINNIFTY17SEP2426300CE.NFO,2024-09-16,14:21:00,2024-09-17,0.35,0.35,0.35,0.35,525,128700,0
FINNIFTY17SEP2426300CE.NFO,2024-09-16,14:22:00,2024-09-17,0.35,0.35,0.35,0.35,175,128700,0
FINNIFTY17SEP2426300CE.NFO,2024-09-16,14:23:00,2024-09-17,0.35,0.35,0.35,0.35,0,128700,0
FINNIFTY17SEP2426300CE.NFO,2024-09-16,14:24:00,2024-09-17,0.35,0.35,0.35,0.35,275,128450,0
FINNIFTY17SEP2426300CE.NFO,2024-09-16,14:25:00,2024-09-17,0.35,0.35,0.35,0.35,0,128450,0
FINNIFTY17SEP2426300CE.NFO,2024-09-16,14:26:00,2024-09-17,0.35,0.35,0.35,0.35,1525,128450,0
FINNIFTY17SEP2426300CE.NFO,2024-09-16,14:27:00,2024-09-17,0.35,0.35,0.35,0.35,0,128450,0
FINNIFTY17SEP2426300CE.NFO,2024-09-16,14:28:00,2024-09-17,0.35,0.35,0.35,0.35,175,128700,0
FINNIFTY17SEP2426300CE.NFO,2024-09-16,14:29:00,2024-09-17,0.35,0.45,0.35,0.4,1550,128700,0
FINNIFTY17SEP2426300CE.NFO,2024-09-16,14:30:00,2024-09-17,0.4,0.4,0.4,0.4,0,128700,0
FINNIFTY17SEP2426300CE.NFO,2024-09-16,14:31:00,2024-09-17,0.4,0.4,0.4,0.4,150,129725,0
FINNIFTY17SEP2426300CE.NFO,2024-09-16,14:32:00,2024-09-17,0.4,0.4,0.4,0.4,0,129725,0
FINNIFTY17SEP2426300CE.NFO,2024-09-16,14:33:00,2024-09-17,0.4,0.4,0.4,0.4,1625,129725,0
FINNIFTY17SEP2426300CE.NFO,2024-09-16,14:34:00,2024-09-17,0.4,0.4,0.4,0.4,0,129725,0
FINNIFTY17SEP2426300CE.NFO,2024-09-16,14:35:00,2024-09-17,0.4,0.4,0.4,0.4,175,129350,0
FINNIFTY17SEP2426300CE.NFO,2024-09-16,14:36:00,2024-09-17,0.4,0.4,0.4,0.4,0,129350,0
FINNIFTY17SEP2426300CE.NFO,2024-09-16,14:37:00,2024-09-17,0.4,0.4,0.4,0.4,0,129350,0
FINNIFTY17SEP2426300CE.NFO,2024-09-16,14:38:00,2024-09-17,0.4,0.4,0.4,0.4,0,129350,0
FINNIFTY17SEP2426300CE.NFO,2024-09-16,14:39:00,2024-09-17,0.4,0.4,0.4,0.4,0,129350,0
FINNIFTY17SEP2426300CE.NFO,2024-09-16,14:40:00,2024-09-17,0.4,0.4,0.4,0.4,0,129350,0
FINNIFTY17SEP2426300CE.NFO,2024-09-16,14:41:00,2024-09-17,0.4,0.4,0.4,0.4,0,129350,0
FINNIFTY17SEP2426300CE.NFO,2024-09-16,14:42:00,2024-09-17,0.4,0.4,0.4,0.4,0,129350,0
FINNIFTY17SEP2426300CE.NFO,2024-09-16,14:43:00,2024-09-17,0.4,0.4,0.4,0.4,50,129525,0
FINNIFTY17SEP2426300CE.NFO,2024-09-16,14:44:00,2024-09-17,0.4,0.4,0.4,0.4,0,129525,0
FINNIFTY17SEP2426300CE.NFO,2024-09-16,14:45:00,2024-09-17,0.4,0.4,0.4,0.4,0,129525,0
FINNIFTY17SEP2426300CE.NFO,2024-09-16,14:46:00,2024-09-17,0.4,0.4,0.4,0.4,0,129525,0
FINNIFTY17SEP2426300CE.NFO,2024-09-16,14:47:00,2024-09-17,0.4,0.4,0.4,0.4,0,129525,0
FINNIFTY17SEP2426300CE.NFO,2024-09-16,14:48:00,2024-09-17,0.4,0.4,0.4,0.4,0,129525,0
FINNIFTY17SEP2426300CE.NFO,2024-09-16,14:49:00,2024-09-17,0.4,0.4,0.4,0.4,0,129525,0
FINNIFTY17SEP2426300CE.NFO,2024-09-16,14:50:00,2024-09-17,0.4,0.4,0.4,0.4,0,129525,0
FINNIFTY17SEP2426300CE.NFO,2024-09-16,14:51:00,2024-09-17,0.4,0.4,0.35,0.35,50,129575,0
FINNIFTY17SEP2426300CE.NFO,2024-09-16,14:52:00,2024-09-17,0.35,0.35,0.35,0.35,175,129350,0
FINNIFTY17SEP2426300CE.NFO,2024-09-16,14:53:00,2024-09-17,0.35,0.35,0.35,0.35,400,129350,0
FINNIFTY17SEP2426300CE.NFO,2024-09-16,14:54:00,2024-09-17,0.35,0.35,0.35,0.35,2225,129350,0
FINNIFTY17SEP2426300CE.NFO,2024-09-16,14:55:00,2024-09-17,0.35,0.35,0.3,0.3,350,129350,0
FINNIFTY17SEP2426300CE.NFO,2024-09-16,14:56:00,2024-09-17,0.3,0.3,0.25,0.25,350,125850,0
FINNIFTY17SEP2426300CE.NFO,2024-09-16,14:57:00,2024-09-17,0.25,0.25,0.25,0.25,525,125850,0
FINNIFTY17SEP2426300CE.NFO,2024-09-16,14:58:00,2024-09-17,0.25,0.25,0.25,0.25,1225,125850,0
FINNIFTY17SEP2426300CE.NFO,2024-09-16,14:59:00,2024-09-17,0.25,0.25,0.25,0.25,875,125850,0
FINNIFTY17SEP2426300CE.NFO,2024-09-16,15:00:00,2024-09-17,0.25,0.25,0.25,0.25,925,125850,0
FINNIFTY17SEP2426300CE.NFO,2024-09-16,15:01:00,2024-09-17,0.25,0.25,0.2,0.2,1050,124500,0
FINNIFTY17SEP2426300CE.NFO,2024-09-16,15:02:00,2024-09-17,0.2,0.2,0.2,0.2,1575,124500,0
FINNIFTY17SEP2426300CE.NFO,2024-09-16,15:03:00,2024-09-17,0.2,0.2,0.2,0.2,475,124500,0
FINNIFTY17SEP2426300CE.NFO,2024-09-16,15:04:00,2024-09-17,0.2,0.25,0.2,0.25,5325,123525,0
FINNIFTY17SEP2426300CE.NFO,2024-09-16,15:05:00,2024-09-17,0.25,0.25,0.25,0.25,1275,123525,0
FINNIFTY17SEP2426300CE.NFO,2024-09-16,15:06:00,2024-09-17,0.25,0.25,0.25,0.25,2075,123525,0
FINNIFTY17SEP2426300CE.NFO,2024-09-16,15:07:00,2024-09-17,0.25,0.25,0.25,0.25,875,127500,0
FINNIFTY17SEP2426300CE.NFO,2024-09-16,15:08:00,2024-09-17,0.25,0.25,0.25,0.25,400,127500,0
FINNIFTY17SEP2426300CE.NFO,2024-09-16,15:09:00,2024-09-17,0.25,0.25,0.25,0.25,25,127500,0
FINNIFTY17SEP2426300CE.NFO,2024-09-16,15:10:00,2024-09-17,0.25,0.25,0.25,0.25,0,127500,0
FINNIFTY17SEP2426300CE.NFO,2024-09-16,15:11:00,2024-09-17,0.25,0.25,0.25,0.25,0,127500,0
FINNIFTY17SEP2426300CE.NFO,2024-09-16,15:12:00,2024-09-17,0.25,0.25,0.25,0.25,0,127500,0
FINNIFTY17SEP2426300CE.NFO,2024-09-16,15:13:00,2024-09-17,0.25,0.25,0.25,0.25,0,127500,0
FINNIFTY17SEP2426300CE.NFO,2024-09-16,15:14:00,2024-09-17,0.25,0.25,0.25,0.25,100,126400,0
FINNIFTY17SEP2426300CE.NFO,2024-09-16,15:15:00,2024-09-17,0.25,0.25,0.25,0.25,4750,126400,0
FINNIFTY17SEP2426300CE.NFO,2024-09-16,15:16:00,2024-09-17,0.25,0.25,0.25,0.25,0,126400,0
FINNIFTY17SEP2426300CE.NFO,2024-09-16,15:17:00,2024-09-17,0.25,0.3,0.25,0.25,4825,122250,0
FINNIFTY17SEP2426300CE.NFO,2024-09-16,15:18:00,2024-09-17,0.25,0.25,0.2,0.2,200,122250,0
FINNIFTY17SEP2426300CE.NFO,2024-09-16,15:19:00,2024-09-17,0.2,0.2,0.2,0.2,0,122250,0
FINNIFTY17SEP2426300CE.NFO,2024-09-16,15:20:00,2024-09-17,0.2,0.25,0.2,0.25,2725,118775,0
FINNIFTY17SEP2426300CE.NFO,2024-09-16,15:21:00,2024-09-17,0.25,0.25,0.25,0.25,1525,118775,0
FINNIFTY17SEP2426300CE.NFO,2024-09-16,15:22:00,2024-09-17,0.25,0.25,0.25,0.25,250,118800,0
FINNIFTY17SEP2426300CE.NFO,2024-09-16,15:23:00,2024-09-17,0.25,0.25,0.25,0.25,200,118800,0
FINNIFTY17SEP2426300CE.NFO,2024-09-16,15:24:00,2024-09-17,0.25,0.25,0.25,0.25,325,118800,0
FINNIFTY17SEP2426300CE.NFO,2024-09-16,15:25:00,2024-09-17,0.25,0.25,0.25,0.25,250,119225,0
FINNIFTY17SEP2426300CE.NFO,2024-09-16,15:26:00,2024-09-17,0.25,0.3,0.25,0.3,150,119225,0
FINNIFTY17SEP2426300CE.NFO,2024-09-16,15:27:00,2024-09-17,0.3,0.3,0.3,0.3,125,119225,0
FINNIFTY17SEP2426300CE.NFO,2024-09-16,15:28:00,2024-09-17,0.3,0.3,0.25,0.25,2225,119475,0
FINNIFTY17SEP2426300CE.NFO,2024-09-16,15:29:00,2024-09-17,0.25,0.3,0.25,0.25,975,119475,0
FINNIFTY17SEP2426300CE.NFO,2024-09-16,15:30:00,2024-09-17,0.25,0.25,0.25,0.25,975,119475,1
FINNIFTY17SEP2426300CE.NFO,2024-09-17,09:15:00,2024-09-17,0.15,0.15,0.1,0.15,11725,124575,0
FINNIFTY17SEP2426300CE.NFO,2024-09-17,09:16:00,2024-09-17,0.15,0.15,0.1,0.1,12600,124575,0
FINNIFTY17SEP2426300CE.NFO,2024-09-17,09:17:00,2024-09-17,0.1,0.1,0.1,0.1,9000,124575,0
FINNIFTY17SEP2426300CE.NFO,2024-09-17,09:18:00,2024-09-17,0.1,0.15,0.1,0.15,25,119175,0
FINNIFTY17SEP2426300CE.NFO,2024-09-17,09:19:00,2024-09-17,0.15,0.15,0.1,0.1,25,119175,0
FINNIFTY17SEP2426300CE.NFO,2024-09-17,09:20:00,2024-09-17,0.1,0.15,0.1,0.15,35025,119175,0
FINNIFTY17SEP2426300CE.NFO,2024-09-17,09:21:00,2024-09-17,0.15,0.15,0.15,0.15,8575,130150,0
FINNIFTY17SEP2426300CE.NFO,2024-09-17,09:22:00,2024-09-17,0.15,0.15,0.15,0.15,2050,130150,0
FINNIFTY17SEP2426300CE.NFO,2024-09-17,09:23:00,2024-09-17,0.15,0.15,0.1,0.1,200,130150,0
FINNIFTY17SEP2426300CE.NFO,2024-09-17,09:24:00,2024-09-17,0.1,0.15,0.1,0.15,1800,130150,0
FINNIFTY17SEP2426300CE.NFO,2024-09-17,09:25:00,2024-09-17,0.15,0.15,0.1,0.15,18275,130050,0
FINNIFTY17SEP2426300CE.NFO,2024-09-17,09:26:00,2024-09-17,0.1,0.15,0.1,0.1,5700,130050,0
FINNIFTY17SEP2426300CE.NFO,2024-09-17,09:27:00,2024-09-17,0.1,0.1,0.1,0.1,9175,122850,0
FINNIFTY17SEP2426300CE.NFO,2024-09-17,09:28:00,2024-09-17,0.1,0.1,0.1,0.1,10300,122850,0
FINNIFTY17SEP2426300CE.NFO,2024-09-17,09:29:00,2024-09-17,0.1,0.1,0.1,0.1,0,122850,0
FINNIFTY17SEP2426300CE.NFO,2024-09-17,09:30:00,2024-09-17,0.1,0.15,0.1,0.15,425,122850,0
FINNIFTY17SEP2426300CE.NFO,2024-09-17,09:31:00,2024-09-17,0.15,0.15,0.15,0.15,1150,122850,0
FINNIFTY17SEP2426300CE.NFO,2024-09-17,09:32:00,2024-09-17,0.15,0.15,0.15,0.15,0,122850,0
FINNIFTY17SEP2426300CE.NFO,2024-09-17,09:33:00,2024-09-17,0.15,0.15,0.15,0.15,3100,122850,0
FINNIFTY17SEP2426300CE.NFO,2024-09-17,09:34:00,2024-09-17,0.15,0.15,0.15,0.15,0,122850,0
FINNIFTY17SEP2426300CE.NFO,2024-09-17,09:35:00,2024-09-17,0.15,0.15,0.15,0.15,0,122850,0
FINNIFTY17SEP2426300CE.NFO,2024-09-17,09:36:00,2024-09-17,0.15,0.15,0.15,0.15,0,122850,0
FINNIFTY17SEP2426300CE.NFO,2024-09-17,09:37:00,2024-09-17,0.15,0.15,0.15,0.15,100,119850,0
FINNIFTY17SEP2426300CE.NFO,2024-09-17,09:38:00,2024-09-17,0.15,0.15,0.1,0.1,350,119850,0
FINNIFTY17SEP2426300CE.NFO,2024-09-17,09:39:00,2024-09-17,0.1,0.1,0.1,0.1,550,119850,0
FINNIFTY17SEP2426300CE.NFO,2024-09-17,09:40:00,2024-09-17,0.1,0.1,0.1,0.1,500,119850,0
FINNIFTY17SEP2426300CE.NFO,2024-09-17,09:41:00,2024-09-17,0.1,0.1,0.1,0.1,900,119850,0
FINNIFTY17SEP2426300CE.NFO,2024-09-17,09:42:00,2024-09-17,0.1,0.1,0.1,0.1,1850,119850,0
FINNIFTY17SEP2426300CE.NFO,2024-09-17,09:43:00,2024-09-17,0.1,0.1,0.1,0.1,0,119850,0
FINNIFTY17SEP2426300CE.NFO,2024-09-17,09:44:00,2024-09-17,0.1,0.1,0.1,0.1,0,119850,0
FINNIFTY17SEP2426300CE.NFO,2024-09-17,09:45:00,2024-09-17,0.1,0.1,0.1,0.1,0,119850,0
FINNIFTY17SEP2426300CE.NFO,2024-09-17,09:46:00,2024-09-17,0.1,0.1,0.1,0.1,0,119850,0
FINNIFTY17SEP2426300CE.NFO,2024-09-17,09:47:00,2024-09-17,0.1,0.1,0.1,0.1,0,119850,0
FINNIFTY17SEP2426300CE.NFO,2024-09-17,09:48:00,2024-09-17,0.1,0.1,0.1,0.1,0,119850,0
FINNIFTY17SEP2426300CE.NFO,2024-09-17,09:49:00,2024-09-17,0.1,0.1,0.1,0.1,0,119850,0
FINNIFTY17SEP2426300CE.NFO,2024-09-17,09:50:00,2024-09-17,0.1,0.15,0.1,0.15,3525,118700,0
FINNIFTY17SEP2426300CE.NFO,2024-09-17,09:51:00,2024-09-17,0.15,0.15,0.15,0.15,925,118700,0
FINNIFTY17SEP2426300CE.NFO,2024-09-17,09:52:00,2024-09-17,0.15,0.15,0.15,0.15,0,118700,0
FINNIFTY17SEP2426300CE.NFO,2024-09-17,09:53:00,2024-09-17,0.15,0.15,0.15,0.15,200,118825,0
FINNIFTY17SEP2426300CE.NFO,2024-09-17,09:54:00,2024-09-17,0.15,0.15,0.15,0.15,500,119350,0
FINNIFTY17SEP2426300CE.NFO,2024-09-17,09:55:00,2024-09-17,0.15,0.15,0.15,0.15,3425,119350,0
FINNIFTY17SEP2426300CE.NFO,2024-09-17,09:56:00,2024-09-17,0.15,0.15,0.15,0.15,5200,119350,0
FINNIFTY17SEP2426300CE.NFO,2024-09-17,09:57:00,2024-09-17,0.15,0.15,0.15,0.15,2700,123125,0
FINNIFTY17SEP2426300CE.NFO,2024-09-17,09:58:00,2024-09-17,0.15,0.15,0.1,0.15,1525,123125,0
FINNIFTY17SEP2426300CE.NFO,2024-09-17,09:59:00,2024-09-17,0.15,0.15,0.1,0.1,250,123125,0
FINNIFTY17SEP2426300CE.NFO,2024-09-17,10:00:00,2024-09-17,0.1,0.15,0.1,0.15,7975,123125,0
FINNIFTY17SEP2426300CE.NFO,2024-09-17,10:01:00,2024-09-17,0.15,0.15,0.1,0.15,32350,117650,0
FINNIFTY17SEP2426300CE.NFO,2024-09-17,10:02:00,2024-09-17,0.15,0.2,0.15,0.2,1775,117650,0
FINNIFTY17SEP2426300CE.NFO,2024-09-17,10:03:00,2024-09-17,0.2,0.2,0.2,0.2,0,117650,0
FINNIFTY17SEP2426300CE.NFO,2024-09-17,10:04:00,2024-09-17,0.2,0.2,0.15,0.2,6925,129300,0
FINNIFTY17SEP2426300CE.NFO,2024-09-17,10:05:00,2024-09-17,0.2,0.2,0.2,0.2,100,129300,0
FINNIFTY17SEP2426300CE.NFO,2024-09-17,10:06:00,2024-09-17,0.2,0.2,0.2,0.2,1600,129300,0
FINNIFTY17SEP2426300CE.NFO,2024-09-17,10:07:00,2024-09-17,0.2,0.2,0.15,0.15,5725,129500,0
FINNIFTY17SEP2426300CE.NFO,2024-09-17,10:08:00,2024-09-17,0.15,0.15,0.1,0.1,18875,129500,0
FINNIFTY17SEP2426300CE.NFO,2024-09-17,10:09:00,2024-09-17,0.1,0.15,0.1,0.1,13025,123050,0
FINNIFTY17SEP2426300CE.NFO,2024-09-17,10:10:00,2024-09-17,0.1,0.1,0.1,0.1,0,123050,0
FINNIFTY17SEP2426300CE.NFO,2024-09-17,10:11:00,2024-09-17,0.1,0.15,0.1,0.1,2050,123050,0
FINNIFTY17SEP2426300CE.NFO,2024-09-17,10:12:00,2024-09-17,0.1,0.1,0.1,0.1,0,123050,0
FINNIFTY17SEP2426300CE.NFO,2024-09-17,10:13:00,2024-09-17,0.1,0.1,0.1,0.1,0,123050,0
FINNIFTY17SEP2426300CE.NFO,2024-09-17,10:14:00,2024-09-17,0.1,0.15,0.1,0.15,2000,123300,0
FINNIFTY17SEP2426300CE.NFO,2024-09-17,10:15:00,2024-09-17,0.15,0.15,0.15,0.15,0,123300,0
FINNIFTY17SEP2426300CE.NFO,2024-09-17,10:16:00,2024-09-17,0.15,0.15,0.15,0.15,0,123300,0
FINNIFTY17SEP2426300CE.NFO,2024-09-17,10:17:00,2024-09-17,0.15,0.15,0.15,0.15,525,125300,0
FINNIFTY17SEP2426300CE.NFO,2024-09-17,10:18:00,2024-09-17,0.15,0.15,0.15,0.15,0,125300,0
FINNIFTY17SEP2426300CE.NFO,2024-09-17,10:19:00,2024-09-17,0.15,0.15,0.15,0.15,0,125300,0
FINNIFTY17SEP2426300CE.NFO,2024-09-17,10:20:00,2024-09-17,0.15,0.15,0.15,0.15,0,125300,0
FINNIFTY17SEP2426300CE.NFO,2024-09-17,10:21:00,2024-09-17,0.15,0.15,0.15,0.15,0,125300,0
FINNIFTY17SEP2426300CE.NFO,2024-09-17,10:22:00,2024-09-17,0.15,0.15,0.15,0.15,475,125325,0
FINNIFTY17SEP2426300CE.NFO,2024-09-17,10:23:00,2024-09-17,0.15,0.15,0.15,0.15,2800,125325,0
FINNIFTY17SEP2426300CE.NFO,2024-09-17,10:24:00,2024-09-17,0.15,0.15,0.15,0.15,1050,132775,0
FINNIFTY17SEP2426300CE.NFO,2024-09-17,10:25:00,2024-09-17,0.15,0.15,0.15,0.15,3225,132775,0
FINNIFTY17SEP2426300CE.NFO,2024-09-17,10:26:00,2024-09-17,0.15,0.15,0.15,0.15,1450,132775,0
FINNIFTY17SEP2426300CE.NFO,2024-09-17,10:27:00,2024-09-17,0.15,0.15,0.15,0.15,0,132775,0
FINNIFTY17SEP2426300CE.NFO,2024-09-17,10:28:00,2024-09-17,0.15,0.15,0.15,0.15,0,132775,0
FINNIFTY17SEP2426300CE.NFO,2024-09-17,10:29:00,2024-09-17,0.15,0.15,0.15,0.15,250,132800,0
FINNIFTY17SEP2426300CE.NFO,2024-09-17,10:30:00,2024-09-17,0.15,0.15,0.15,0.15,0,132800,0
FINNIFTY17SEP2426300CE.NFO,2024-09-17,10:31:00,2024-09-17,0.15,0.15,0.1,0.1,850,132800,0
FINNIFTY17SEP2426300CE.NFO,2024-09-17,10:32:00,2024-09-17,0.1,0.1,0.1,0.1,0,132800,0
FINNIFTY17SEP2426300CE.NFO,2024-09-17,10:33:00,2024-09-17,0.1,0.15,0.1,0.15,0,132800,0
FINNIFTY17SEP2426300CE.NFO,2024-09-17,10:34:00,2024-09-17,0.15,0.15,0.15,0.15,0,132800,0
FINNIFTY17SEP2426300CE.NFO,2024-09-17,10:35:00,2024-09-17,0.15,0.15,0.15,0.15,725,132800,0
FINNIFTY17SEP2426300CE.NFO,2024-09-17,10:36:00,2024-09-17,0.15,0.15,0.15,0.15,0,132800,0
FINNIFTY17SEP2426300CE.NFO,2024-09-17,10:37:00,2024-09-17,0.15,0.15,0.15,0.15,0,132800,0
FINNIFTY17SEP2426300CE.NFO,2024-09-17,10:38:00,2024-09-17,0.15,0.15,0.15,0.15,0,132800,0
FINNIFTY17SEP2426300CE.NFO,2024-09-17,10:39:00,2024-09-17,0.15,0.15,0.15,0.15,0,132800,0
FINNIFTY17SEP2426300CE.NFO,2024-09-17,10:40:00,2024-09-17,0.15,0.15,0.1,0.1,2675,132075,0
FINNIFTY17SEP2426300CE.NFO,2024-09-17,10:41:00,2024-09-17,0.1,0.15,0.1,0.1,6625,132075,0
FINNIFTY17SEP2426300CE.NFO,2024-09-17,10:42:00,2024-09-17,0.1,0.15,0.1,0.1,4600,132075,0
FINNIFTY17SEP2426300CE.NFO,2024-09-17,10:43:00,2024-09-17,0.1,0.1,0.1,0.1,5150,132075,0
FINNIFTY17SEP2426300CE.NFO,2024-09-17,10:44:00,2024-09-17,0.1,0.1,0.1,0.1,0,132075,0
FINNIFTY17SEP2426300CE.NFO,2024-09-17,10:45:00,2024-09-17,0.1,0.1,0.1,0.1,0,132075,0
FINNIFTY17SEP2426300CE.NFO,2024-09-17,10:46:00,2024-09-17,0.1,0.15,0.1,0.1,10300,132075,0
FINNIFTY17SEP2426300CE.NFO,2024-09-17,10:47:00,2024-09-17,0.1,0.1,0.1,0.1,1500,132075,0
FINNIFTY17SEP2426300CE.NFO,2024-09-17,10:48:00,2024-09-17,0.1,0.1,0.1,0.1,0,132075,0
FINNIFTY17SEP2426300CE.NFO,2024-09-17,10:49:00,2024-09-17,0.1,0.1,0.1,0.1,0,132075,0
FINNIFTY17SEP2426300CE.NFO,2024-09-17,10:50:00,2024-09-17,0.1,0.1,0.1,0.1,0,132075,0
FINNIFTY17SEP2426300CE.NFO,2024-09-17,10:51:00,2024-09-17,0.1,0.1,0.1,0.1,0,132075,0
FINNIFTY17SEP2426300CE.NFO,2024-09-17,10:52:00,2024-09-17,0.1,0.1,0.1,0.1,0,132075,0
FINNIFTY17SEP2426300CE.NFO,2024-09-17,10:53:00,2024-09-17,0.1,0.1,0.1,0.1,0,132075,0
FINNIFTY17SEP2426300CE.NFO,2024-09-17,10:54:00,2024-09-17,0.1,0.1,0.1,0.1,0,132075,0
FINNIFTY17SEP2426300CE.NFO,2024-09-17,10:55:00,2024-09-17,0.1,0.1,0.1,0.1,0,132075,0
FINNIFTY17SEP2426300CE.NFO,2024-09-17,10:56:00,2024-09-17,0.1,0.1,0.1,0.1,0,132075,0
FINNIFTY17SEP2426300CE.NFO,2024-09-17,10:57:00,2024-09-17,0.1,0.15,0.1,0.15,75,136400,0
FINNIFTY17SEP2426300CE.NFO,2024-09-17,10:58:00,2024-09-17,0.15,0.15,0.15,0.15,175,136400,0
FINNIFTY17SEP2426300CE.NFO,2024-09-17,10:59:00,2024-09-17,0.15,0.15,0.15,0.15,2700,136400,0
FINNIFTY17SEP2426300CE.NFO,2024-09-17,11:00:00,2024-09-17,0.15,0.15,0.15,0.15,4800,137475,0
FINNIFTY17SEP2426300CE.NFO,2024-09-17,11:01:00,2024-09-17,0.15,0.15,0.15,0.15,2850,137475,0
FINNIFTY17SEP2426300CE.NFO,2024-09-17,11:02:00,2024-09-17,0.15,0.15,0.15,0.15,1225,137475,0
FINNIFTY17SEP2426300CE.NFO,2024-09-17,11:03:00,2024-09-17,0.15,0.15,0.15,0.15,550,141075,0
FINNIFTY17SEP2426300CE.NFO,2024-09-17,11:04:00,2024-09-17,0.15,0.15,0.15,0.15,950,141075,0
FINNIFTY17SEP2426300CE.NFO,2024-09-17,11:05:00,2024-09-17,0.15,0.15,0.15,0.15,1000,141075,0
FINNIFTY17SEP2426300CE.NFO,2024-09-17,11:06:00,2024-09-17,0.15,0.15,0.15,0.15,525,141075,0
FINNIFTY17SEP2426300CE.NFO,2024-09-17,11:07:00,2024-09-17,0.15,0.15,0.15,0.15,0,141075,0
FINNIFTY17SEP2426300CE.NFO,2024-09-17,11:08:00,2024-09-17,0.15,0.15,0.15,0.15,25,141075,0
FINNIFTY17SEP2426300CE.NFO,2024-09-17,11:09:00,2024-09-17,0.15,0.15,0.15,0.15,100,141075,0
FINNIFTY17SEP2426300CE.NFO,2024-09-17,11:10:00,2024-09-17,0.15,0.15,0.15,0.15,0,141075,0
FINNIFTY17SEP2426300CE.NFO,2024-09-17,11:11:00,2024-09-17,0.15,0.15,0.15,0.15,0,141075,0
FINNIFTY17SEP2426300CE.NFO,2024-09-17,11:12:00,2024-09-17,0.15,0.15,0.15,0.15,0,141075,0
FINNIFTY17SEP2426300CE.NFO,2024-09-17,11:13:00,2024-09-17,0.15,0.15,0.15,0.15,0,141075,0
FINNIFTY17SEP2426300CE.NFO,2024-09-17,11:14:00,2024-09-17,0.15,0.15,0.15,0.15,0,141075,0
FINNIFTY17SEP2426300CE.NFO,2024-09-17,11:15:00,2024-09-17,0.15,0.15,0.15,0.15,0,141075,0
FINNIFTY17SEP2426300CE.NFO,2024-09-17,11:16:00,2024-09-17,0.15,0.15,0.15,0.15,0,141075,0
FINNIFTY17SEP2426300CE.NFO,2024-09-17,11:17:00,2024-09-17,0.15,0.15,0.15,0.15,0,141075,0
FINNIFTY17SEP2426300CE.NFO,2024-09-17,11:18:00,2024-09-17,0.15,0.15,0.1,0.1,1800,141075,0
FINNIFTY17SEP2426300CE.NFO,2024-09-17,11:19:00,2024-09-17,0.1,0.1,0.1,0.1,0,141075,0
FINNIFTY17SEP2426300CE.NFO,2024-09-17,11:20:00,2024-09-17,0.1,0.1,0.1,0.1,0,141075,0
FINNIFTY17SEP2426300CE.NFO,2024-09-17,11:21:00,2024-09-17,0.1,0.1,0.1,0.1,3600,141075,0
FINNIFTY17SEP2426300CE.NFO,2024-09-17,11:22:00,2024-09-17,0.1,0.1,0.1,0.1,0,141075,0
FINNIFTY17SEP2426300CE.NFO,2024-09-17,11:23:00,2024-09-17,0.1,0.1,0.1,0.1,1800,144675,0
FINNIFTY17SEP2426300CE.NFO,2024-09-17,11:24:00,2024-09-17,0.1,0.1,0.1,0.1,0,144675,0
FINNIFTY17SEP2426300CE.NFO,2024-09-17,11:25:00,2024-09-17,0.1,0.1,0.1,0.1,0,144675,0
FINNIFTY17SEP2426300CE.NFO,2024-09-17,11:26:00,2024-09-17,0.1,0.1,0.1,0.1,0,144675,0
FINNIFTY17SEP2426300CE.NFO,2024-09-17,11:27:00,2024-09-17,0.1,0.1,0.1,0.1,0,144675,0
FINNIFTY17SEP2426300CE.NFO,2024-09-17,11:28:00,2024-09-17,0.1,0.15,0.1,0.15,25,144675,0
FINNIFTY17SEP2426300CE.NFO,2024-09-17,11:29:00,2024-09-17,0.15,0.15,0.1,0.1,200,144675,0
FINNIFTY17SEP2426300CE.NFO,2024-09-17,11:30:00,2024-09-17,0.1,0.1,0.1,0.1,0,144675,0
FINNIFTY17SEP2426300CE.NFO,2024-09-17,11:31:00,2024-09-17,0.1,0.15,0.1,0.15,1525,144675,0
FINNIFTY17SEP2426300CE.NFO,2024-09-17,11:32:00,2024-09-17,0.15,0.15,0.15,0.15,0,144675,0
FINNIFTY17SEP2426300CE.NFO,2024-09-17,11:33:00,2024-09-17,0.15,0.15,0.15,0.15,0,144675,0
FINNIFTY17SEP2426300CE.NFO,2024-09-17,11:34:00,2024-09-17,0.15,0.15,0.15,0.15,0,144675,0
FINNIFTY17SEP2426300CE.NFO,2024-09-17,11:35:00,2024-09-17,0.15,0.15,0.15,0.15,0,144675,0
FINNIFTY17SEP2426300CE.NFO,2024-09-17,11:36:00,2024-09-17,0.15,0.15,0.15,0.15,0,144675,0
FINNIFTY17SEP2426300CE.NFO,2024-09-17,11:37:00,2024-09-17,0.15,0.15,0.15,0.15,0,144675,0
FINNIFTY17SEP2426300CE.NFO,2024-09-17,11:38:00,2024-09-17,0.15,0.15,0.15,0.15,0,144675,0
FINNIFTY17SEP2426300CE.NFO,2024-09-17,11:39:00,2024-09-17,0.15,0.15,0.15,0.15,0,146150,0
FINNIFTY17SEP2426300CE.NFO,2024-09-17,11:40:00,2024-09-17,0.15,0.15,0.15,0.15,0,146150,0
FINNIFTY17SEP2426300CE.NFO,2024-09-17,11:41:00,2024-09-17,0.15,0.15,0.15,0.15,0,146150,0
FINNIFTY17SEP2426300CE.NFO,2024-09-17,11:42:00,2024-09-17,0.15,0.15,0.15,0.15,0,146150,0
FINNIFTY17SEP2426300CE.NFO,2024-09-17,11:43:00,2024-09-17,0.15,0.15,0.15,0.15,0,146150,0
FINNIFTY17SEP2426300CE.NFO,2024-09-17,11:44:00,2024-09-17,0.15,0.15,0.15,0.15,25,146175,0
FINNIFTY17SEP2426300CE.NFO,2024-09-17,11:45:00,2024-09-17,0.15,0.15,0.15,0.15,0,146175,0
FINNIFTY17SEP2426300CE.NFO,2024-09-17,11:46:00,2024-09-17,0.15,0.15,0.15,0.15,0,146175,0
FINNIFTY17SEP2426300CE.NFO,2024-09-17,11:47:00,2024-09-17,0.15,0.15,0.15,0.15,0,146175,0
FINNIFTY17SEP2426300CE.NFO,2024-09-17,11:48:00,2024-09-17,0.15,0.15,0.15,0.15,0,146175,0
FINNIFTY17SEP2426300CE.NFO,2024-09-17,11:49:00,2024-09-17,0.15,0.15,0.1,0.1,150,146200,0
FINNIFTY17SEP2426300CE.NFO,2024-09-17,11:50:00,2024-09-17,0.1,0.1,0.1,0.1,0,146200,0
FINNIFTY17SEP2426300CE.NFO,2024-09-17,11:51:00,2024-09-17,0.1,0.1,0.1,0.1,0,146200,0
FINNIFTY17SEP2426300CE.NFO,2024-09-17,11:52:00,2024-09-17,0.1,0.1,0.1,0.1,0,146200,0
FINNIFTY17SEP2426300CE.NFO,2024-09-17,11:53:00,2024-09-17,0.1,0.15,0.1,0.15,50,146200,0
FINNIFTY17SEP2426300CE.NFO,2024-09-17,11:54:00,2024-09-17,0.15,0.15,0.15,0.15,0,146375,0
FINNIFTY17SEP2426300CE.NFO,2024-09-17,11:55:00,2024-09-17,0.15,0.15,0.15,0.15,725,146375,0
FINNIFTY17SEP2426300CE.NFO,2024-09-17,11:56:00,2024-09-17,0.15,0.15,0.1,0.1,850,146375,0
FINNIFTY17SEP2426300CE.NFO,2024-09-17,11:57:00,2024-09-17,0.1,0.1,0.1,0.1,2825,146475,0
FINNIFTY17SEP2426300CE.NFO,2024-09-17,11:58:00,2024-09-17,0.1,0.1,0.1,0.1,4475,146475,0
FINNIFTY17SEP2426300CE.NFO,2024-09-17,11:59:00,2024-09-17,0.1,0.1,0.1,0.1,3025,146475,0
FINNIFTY17SEP2426300CE.NFO,2024-09-17,12:00:00,2024-09-17,0.1,0.1,0.1,0.1,4450,146475,0
FINNIFTY17SEP2426300CE.NFO,2024-09-17,12:01:00,2024-09-17,0.1,0.1,0.1,0.1,350,146475,0
FINNIFTY17SEP2426300CE.NFO,2024-09-17,12:02:00,2024-09-17,0.1,0.1,0.1,0.1,0,146475,0
FINNIFTY17SEP2426300CE.NFO,2024-09-17,12:03:00,2024-09-17,0.1,0.15,0.1,0.1,2850,146375,0
FINNIFTY17SEP2426300CE.NFO,2024-09-17,12:04:00,2024-09-17,0.1,0.1,0.1,0.1,450,146375,0
FINNIFTY17SEP2426300CE.NFO,2024-09-17,12:05:00,2024-09-17,0.1,0.1,0.1,0.1,0,146375,0
FINNIFTY17SEP2426300CE.NFO,2024-09-17,12:06:00,2024-09-17,0.1,0.15,0.1,0.15,1075,146475,0
FINNIFTY17SEP2426300CE.NFO,2024-09-17,12:07:00,2024-09-17,0.15,0.15,0.15,0.15,1100,146475,0
FINNIFTY17SEP2426300CE.NFO,2024-09-17,12:08:00,2024-09-17,0.15,0.15,0.15,0.15,0,146475,0
FINNIFTY17SEP2426300CE.NFO,2024-09-17,12:09:00,2024-09-17,0.15,0.15,0.15,0.15,425,146475,0
FINNIFTY17SEP2426300CE.NFO,2024-09-17,12:10:00,2024-09-17,0.15,0.15,0.1,0.15,3525,146475,0
FINNIFTY17SEP2426300CE.NFO,2024-09-17,12:11:00,2024-09-17,0.15,0.15,0.15,0.15,4000,146475,0
FINNIFTY17SEP2426300CE.NFO,2024-09-17,12:12:00,2024-09-17,0.15,0.15,0.15,0.15,2250,146475,0
FINNIFTY17SEP2426300CE.NFO,2024-09-17,12:13:00,2024-09-17,0.15,0.15,0.15,0.15,1200,154075,0
FINNIFTY17SEP2426300CE.NFO,2024-09-17,12:14:00,2024-09-17,0.15,0.15,0.15,0.15,80750,154075,0
FINNIFTY17SEP2426300CE.NFO,2024-09-17,12:15:00,2024-09-17,0.15,0.2,0.15,0.2,2475,124425,0
FINNIFTY17SEP2426300CE.NFO,2024-09-17,12:16:00,2024-09-17,0.2,0.2,0.2,0.2,600,124425,0
FINNIFTY17SEP2426300CE.NFO,2024-09-17,12:17:00,2024-09-17,0.2,0.2,0.2,0.2,600,124425,0
FINNIFTY17SEP2426300CE.NFO,2024-09-17,12:18:00,2024-09-17,0.2,0.2,0.2,0.2,250,124425,0
FINNIFTY17SEP2426300CE.NFO,2024-09-17,12:19:00,2024-09-17,0.2,0.2,0.15,0.15,1800,125975,0
FINNIFTY17SEP2426300CE.NFO,2024-09-17,12:20:00,2024-09-17,0.15,0.2,0.15,0.2,500,125975,0
FINNIFTY17SEP2426300CE.NFO,2024-09-17,12:21:00,2024-09-17,0.2,0.2,0.15,0.15,0,125975,0
FINNIFTY17SEP2426300CE.NFO,2024-09-17,12:22:00,2024-09-17,0.15,0.2,0.15,0.2,1325,124900,0
FINNIFTY17SEP2426300CE.NFO,2024-09-17,12:23:00,2024-09-17,0.2,0.2,0.2,0.2,0,124900,0
FINNIFTY17SEP2426300CE.NFO,2024-09-17,12:24:00,2024-09-17,0.2,0.2,0.15,0.15,1075,124900,0
FINNIFTY17SEP2426300CE.NFO,2024-09-17,12:25:00,2024-09-17,0.15,0.15,0.15,0.15,0,124900,0
FINNIFTY17SEP2426300CE.NFO,2024-09-17,12:26:00,2024-09-17,0.15,0.2,0.15,0.2,0,125000,0
FINNIFTY17SEP2426300CE.NFO,2024-09-17,12:27:00,2024-09-17,0.2,0.2,0.2,0.2,0,125000,0
FINNIFTY17SEP2426300CE.NFO,2024-09-17,12:28:00,2024-09-17,0.2,0.2,0.2,0.2,0,125000,0
FINNIFTY17SEP2426300CE.NFO,2024-09-17,12:29:00,2024-09-17,0.2,0.2,0.2,0.2,0,125000,0
FINNIFTY17SEP2426300CE.NFO,2024-09-17,12:30:00,2024-09-17,0.2,0.2,0.2,0.2,0,125000,0
FINNIFTY17SEP2426300CE.NFO,2024-09-17,12:31:00,2024-09-17,0.2,0.2,0.15,0.15,12650,125200,0
FINNIFTY17SEP2426300CE.NFO,2024-09-17,12:32:00,2024-09-17,0.15,0.15,0.15,0.15,1350,125200,0
FINNIFTY17SEP2426300CE.NFO,2024-09-17,12:33:00,2024-09-17,0.15,0.15,0.1,0.1,1050,117925,0
FINNIFTY17SEP2426300CE.NFO,2024-09-17,12:34:00,2024-09-17,0.1,0.1,0.1,0.1,3250,117925,0
FINNIFTY17SEP2426300CE.NFO,2024-09-17,12:35:00,2024-09-17,0.1,0.15,0.1,0.1,2300,117925,0
FINNIFTY17SEP2426300CE.NFO,2024-09-17,12:36:00,2024-09-17,0.1,0.15,0.1,0.1,2950,117925,0
FINNIFTY17SEP2426300CE.NFO,2024-09-17,12:37:00,2024-09-17,0.1,0.1,0.1,0.1,750,119700,0
FINNIFTY17SEP2426300CE.NFO,2024-09-17,12:38:00,2024-09-17,0.1,0.1,0.1,0.1,1000,119700,0
FINNIFTY17SEP2426300CE.NFO,2024-09-17,12:39:00,2024-09-17,0.1,0.15,0.1,0.15,1450,119700,0
FINNIFTY17SEP2426300CE.NFO,2024-09-17,12:40:00,2024-09-17,0.15,0.15,0.1,0.1,1800,120550,0
FINNIFTY17SEP2426300CE.NFO,2024-09-17,12:41:00,2024-09-17,0.1,0.15,0.1,0.15,2000,120550,0
FINNIFTY17SEP2426300CE.NFO,2024-09-17,12:42:00,2024-09-17,0.15,0.15,0.15,0.15,350,120550,0
FINNIFTY17SEP2426300CE.NFO,2024-09-17,12:43:00,2024-09-17,0.15,0.15,0.15,0.15,1550,128650,0
FINNIFTY17SEP2426300CE.NFO,2024-09-17,12:44:00,2024-09-17,0.15,0.15,0.15,0.15,1450,128650,0
FINNIFTY17SEP2426300CE.NFO,2024-09-17,12:45:00,2024-09-17,0.15,0.15,0.15,0.15,100,128650,0
FINNIFTY17SEP2426300CE.NFO,2024-09-17,12:46:00,2024-09-17,0.15,0.15,0.15,0.15,400,131500,0
FINNIFTY17SEP2426300CE.NFO,2024-09-17,12:47:00,2024-09-17,0.15,0.15,0.15,0.15,425,131500,0
FINNIFTY17SEP2426300CE.NFO,2024-09-17,12:48:00,2024-09-17,0.15,0.15,0.15,0.15,0,131500,0
FINNIFTY17SEP2426300CE.NFO,2024-09-17,12:49:00,2024-09-17,0.15,0.15,0.15,0.15,1900,132625,0
FINNIFTY17SEP2426300CE.NFO,2024-09-17,12:50:00,2024-09-17,0.15,0.15,0.15,0.15,100,132625,0
FINNIFTY17SEP2426300CE.NFO,2024-09-17,12:51:00,2024-09-17,0.15,0.15,0.15,0.15,175,132625,0
FINNIFTY17SEP2426300CE.NFO,2024-09-17,12:52:00,2024-09-17,0.15,0.15,0.15,0.15,0,132625,0
FINNIFTY17SEP2426300CE.NFO,2024-09-17,12:53:00,2024-09-17,0.15,0.15,0.15,0.15,150,134800,0
FINNIFTY17SEP2426300CE.NFO,2024-09-17,12:54:00,2024-09-17,0.15,0.15,0.15,0.15,100,134800,0
FINNIFTY17SEP2426300CE.NFO,2024-09-17,12:55:00,2024-09-17,0.15,0.15,0.15,0.15,100,136150,0
FINNIFTY17SEP2426300CE.NFO,2024-09-17,12:56:00,2024-09-17,0.15,0.15,0.1,0.15,75,136150,0
FINNIFTY17SEP2426300CE.NFO,2024-09-17,12:57:00,2024-09-17,0.15,0.15,0.1,0.1,75,136150,0
FINNIFTY17SEP2426300CE.NFO,2024-09-17,12:58:00,2024-09-17,0.1,0.15,0.1,0.15,50,136375,0
FINNIFTY17SEP2426300CE.NFO,2024-09-17,12:59:00,2024-09-17,0.15,0.15,0.15,0.15,0,136375,0
FINNIFTY17SEP2426300CE.NFO,2024-09-17,13:00:00,2024-09-17,0.15,0.15,0.15,0.15,25,136375,0
FINNIFTY17SEP2426300CE.NFO,2024-09-17,13:01:00,2024-09-17,0.15,0.15,0.15,0.15,150,136475,0
FINNIFTY17SEP2426300CE.NFO,2024-09-17,13:02:00,2024-09-17,0.15,0.15,0.15,0.15,0,136475,0
FINNIFTY17SEP2426300CE.NFO,2024-09-17,13:03:00,2024-09-17,0.15,0.15,0.1,0.1,0,136475,0
FINNIFTY17SEP2426300CE.NFO,2024-09-17,13:04:00,2024-09-17,0.1,0.1,0.1,0.1,0,136475,0
FINNIFTY17SEP2426300CE.NFO,2024-09-17,13:05:00,2024-09-17,0.1,0.1,0.1,0.1,0,136475,0
FINNIFTY17SEP2426300CE.NFO,2024-09-17,13:06:00,2024-09-17,0.1,0.1,0.1,0.1,0,136475,0
FINNIFTY17SEP2426300CE.NFO,2024-09-17,13:07:00,2024-09-17,0.1,0.1,0.1,0.1,2000,136775,0
FINNIFTY17SEP2426300CE.NFO,2024-09-17,13:08:00,2024-09-17,0.1,0.1,0.1,0.1,0,136775,0
FINNIFTY17SEP2426300CE.NFO,2024-09-17,13:09:00,2024-09-17,0.1,0.1,0.1,0.1,0,136775,0
FINNIFTY17SEP2426300CE.NFO,2024-09-17,13:10:00,2024-09-17,0.1,0.1,0.1,0.1,25,136775,0
FINNIFTY17SEP2426300CE.NFO,2024-09-17,13:11:00,2024-09-17,0.1,0.1,0.1,0.1,0,136775,0
FINNIFTY17SEP2426300CE.NFO,2024-09-17,13:12:00,2024-09-17,0.1,0.1,0.1,0.1,0,136775,0
FINNIFTY17SEP2426300CE.NFO,2024-09-17,13:13:00,2024-09-17,0.1,0.1,0.1,0.1,0,136775,0
FINNIFTY17SEP2426300CE.NFO,2024-09-17,13:14:00,2024-09-17,0.1,0.1,0.1,0.1,0,136775,0
FINNIFTY17SEP2426300CE.NFO,2024-09-17,13:15:00,2024-09-17,0.1,0.15,0.1,0.15,11850,136775,0
FINNIFTY17SEP2426300CE.NFO,2024-09-17,13:16:00,2024-09-17,0.15,0.15,0.15,0.15,225,127775,0
FINNIFTY17SEP2426300CE.NFO,2024-09-17,13:17:00,2024-09-17,0.15,0.15,0.15,0.15,2150,127775,0
FINNIFTY17SEP2426300CE.NFO,2024-09-17,13:18:00,2024-09-17,0.15,0.15,0.15,0.15,150,127775,0
FINNIFTY17SEP2426300CE.NFO,2024-09-17,13:19:00,2024-09-17,0.15,0.15,0.1,0.1,275,128075,0
FINNIFTY17SEP2426300CE.NFO,2024-09-17,13:20:00,2024-09-17,0.1,0.15,0.1,0.15,0,128075,0
FINNIFTY17SEP2426300CE.NFO,2024-09-17,13:21:00,2024-09-17,0.15,0.15,0.15,0.15,0,128075,0
FINNIFTY17SEP2426300CE.NFO,2024-09-17,13:22:00,2024-09-17,0.15,0.15,0.15,0.15,0,128075,0
FINNIFTY17SEP2426300CE.NFO,2024-09-17,13:23:00,2024-09-17,0.15,0.15,0.15,0.15,0,128075,0
FINNIFTY17SEP2426300CE.NFO,2024-09-17,13:24:00,2024-09-17,0.15,0.15,0.1,0.1,50,128075,0
FINNIFTY17SEP2426300CE.NFO,2024-09-17,13:25:00,2024-09-17,0.1,0.1,0.1,0.1,75,128075,0
FINNIFTY17SEP2426300CE.NFO,2024-09-17,13:26:00,2024-09-17,0.1,0.1,0.1,0.1,725,128075,0
FINNIFTY17SEP2426300CE.NFO,2024-09-17,13:27:00,2024-09-17,0.1,0.1,0.1,0.1,250,128075,0
FINNIFTY17SEP2426300CE.NFO,2024-09-17,13:28:00,2024-09-17,0.1,0.1,0.1,0.1,175,128075,0
FINNIFTY17SEP2426300CE.NFO,2024-09-17,13:29:00,2024-09-17,0.1,0.1,0.1,0.1,2300,128075,0
FINNIFTY17SEP2426300CE.NFO,2024-09-17,13:30:00,2024-09-17,0.1,0.1,0.1,0.1,5175,128075,0
FINNIFTY17SEP2426300CE.NFO,2024-09-17,13:31:00,2024-09-17,0.1,0.1,0.1,0.1,22850,126425,0
FINNIFTY17SEP2426300CE.NFO,2024-09-17,13:32:00,2024-09-17,0.1,0.1,0.1,0.1,2300,126425,0
FINNIFTY17SEP2426300CE.NFO,2024-09-17,13:33:00,2024-09-17,0.1,0.1,0.1,0.1,325,126425,0
FINNIFTY17SEP2426300CE.NFO,2024-09-17,13:34:00,2024-09-17,0.1,0.15,0.1,0.15,1275,105150,0
FINNIFTY17SEP2426300CE.NFO,2024-09-17,13:35:00,2024-09-17,0.15,0.15,0.15,0.15,1650,105150,0
FINNIFTY17SEP2426300CE.NFO,2024-09-17,13:36:00,2024-09-17,0.15,0.15,0.1,0.15,875,105150,0
FINNIFTY17SEP2426300CE.NFO,2024-09-17,13:37:00,2024-09-17,0.15,0.15,0.15,0.15,3850,105150,0
FINNIFTY17SEP2426300CE.NFO,2024-09-17,13:38:00,2024-09-17,0.15,0.15,0.15,0.15,1325,105150,0
FINNIFTY17SEP2426300CE.NFO,2024-09-17,13:39:00,2024-09-17,0.15,0.15,0.15,0.15,1675,105150,0
FINNIFTY17SEP2426300CE.NFO,2024-09-17,13:40:00,2024-09-17,0.15,0.15,0.15,0.15,825,112375,0
FINNIFTY17SEP2426300CE.NFO,2024-09-17,13:41:00,2024-09-17,0.15,0.15,0.15,0.15,550,112375,0
FINNIFTY17SEP2426300CE.NFO,2024-09-17,13:42:00,2024-09-17,0.15,0.15,0.15,0.15,200,112375,0
FINNIFTY17SEP2426300CE.NFO,2024-09-17,13:43:00,2024-09-17,0.15,0.15,0.15,0.15,100,114475,0
FINNIFTY17SEP2426300CE.NFO,2024-09-17,13:44:00,2024-09-17,0.15,0.15,0.15,0.15,100,114475,0
FINNIFTY17SEP2426300CE.NFO,2024-09-17,13:45:00,2024-09-17,0.15,0.15,0.15,0.15,100,114475,0
FINNIFTY17SEP2426300CE.NFO,2024-09-17,13:46:00,2024-09-17,0.15,0.15,0.15,0.15,0,114475,0
FINNIFTY17SEP2426300CE.NFO,2024-09-17,13:47:00,2024-09-17,0.15,0.15,0.15,0.15,0,114475,0
FINNIFTY17SEP2426300CE.NFO,2024-09-17,13:48:00,2024-09-17,0.15,0.15,0.15,0.15,175,115175,0
FINNIFTY17SEP2426300CE.NFO,2024-09-17,13:49:00,2024-09-17,0.15,0.15,0.15,0.15,100,115250,0
FINNIFTY17SEP2426300CE.NFO,2024-09-17,13:50:00,2024-09-17,0.15,0.15,0.1,0.1,350,115250,0
FINNIFTY17SEP2426300CE.NFO,2024-09-17,13:51:00,2024-09-17,0.1,0.1,0.1,0.1,250,115250,0
FINNIFTY17SEP2426300CE.NFO,2024-09-17,13:52:00,2024-09-17,0.1,0.15,0.1,0.15,450,114750,0
FINNIFTY17SEP2426300CE.NFO,2024-09-17,13:53:00,2024-09-17,0.15,0.15,0.15,0.15,1000,114750,0
FINNIFTY17SEP2426300CE.NFO,2024-09-17,13:54:00,2024-09-17,0.15,0.15,0.1,0.1,2400,114750,0
FINNIFTY17SEP2426300CE.NFO,2024-09-17,13:55:00,2024-09-17,0.1,0.1,0.1,0.1,0,114750,0
FINNIFTY17SEP2426300CE.NFO,2024-09-17,13:56:00,2024-09-17,0.1,0.1,0.1,0.1,0,114750,0
FINNIFTY17SEP2426300CE.NFO,2024-09-17,13:57:00,2024-09-17,0.1,0.15,0.1,0.15,100,112750,0
FINNIFTY17SEP2426300CE.NFO,2024-09-17,13:58:00,2024-09-17,0.15,0.15,0.15,0.15,0,112750,0
FINNIFTY17SEP2426300CE.NFO,2024-09-17,13:59:00,2024-09-17,0.15,0.15,0.15,0.15,0,112750,0
FINNIFTY17SEP2426300CE.NFO,2024-09-17,14:00:00,2024-09-17,0.15,0.15,0.15,0.15,0,112750,0
FINNIFTY17SEP2426300CE.NFO,2024-09-17,14:01:00,2024-09-17,0.15,0.15,0.15,0.15,0,112750,0
FINNIFTY17SEP2426300CE.NFO,2024-09-17,14:02:00,2024-09-17,0.15,0.15,0.15,0.15,0,112750,0
FINNIFTY17SEP2426300CE.NFO,2024-09-17,14:03:00,2024-09-17,0.15,0.15,0.15,0.15,75,112750,0
FINNIFTY17SEP2426300CE.NFO,2024-09-17,14:04:00,2024-09-17,0.15,0.15,0.15,0.15,25,112750,0
FINNIFTY17SEP2426300CE.NFO,2024-09-17,14:05:00,2024-09-17,0.15,0.15,0.15,0.15,0,112750,0
FINNIFTY17SEP2426300CE.NFO,2024-09-17,14:06:00,2024-09-17,0.15,0.15,0.15,0.15,200,112675,0
FINNIFTY17SEP2426300CE.NFO,2024-09-17,14:07:00,2024-09-17,0.15,0.15,0.15,0.15,250,112675,0
FINNIFTY17SEP2426300CE.NFO,2024-09-17,14:08:00,2024-09-17,0.15,0.15,0.15,0.15,100,112675,0
FINNIFTY17SEP2426300CE.NFO,2024-09-17,14:09:00,2024-09-17,0.15,0.15,0.15,0.15,125,112675,0
FINNIFTY17SEP2426300CE.NFO,2024-09-17,14:10:00,2024-09-17,0.15,0.15,0.15,0.15,650,112675,0
FINNIFTY17SEP2426300CE.NFO,2024-09-17,14:11:00,2024-09-17,0.15,0.15,0.15,0.15,0,112675,0
FINNIFTY17SEP2426300CE.NFO,2024-09-17,14:12:00,2024-09-17,0.1,0.15,0.1,0.15,950,112675,0
FINNIFTY17SEP2426300CE.NFO,2024-09-17,14:13:00,2024-09-17,0.15,0.15,0.15,0.15,25,112675,0
FINNIFTY17SEP2426300CE.NFO,2024-09-17,14:14:00,2024-09-17,0.15,0.15,0.15,0.15,0,112675,0
FINNIFTY17SEP2426300CE.NFO,2024-09-17,14:15:00,2024-09-17,0.15,0.15,0.1,0.1,10050,111775,0
FINNIFTY17SEP2426300CE.NFO,2024-09-17,14:16:00,2024-09-17,0.1,0.1,0.1,0.1,0,111775,0
FINNIFTY17SEP2426300CE.NFO,2024-09-17,14:17:00,2024-09-17,0.1,0.1,0.1,0.1,0,111775,0
FINNIFTY17SEP2426300CE.NFO,2024-09-17,14:18:00,2024-09-17,0.1,0.1,0.1,0.1,0,111775,0
FINNIFTY17SEP2426300CE.NFO,2024-09-17,14:19:00,2024-09-17,0.1,0.1,0.1,0.1,175,105075,0
FINNIFTY17SEP2426300CE.NFO,2024-09-17,14:20:00,2024-09-17,0.15,0.15,0.15,0.15,525,105075,0
FINNIFTY17SEP2426300CE.NFO,2024-09-17,14:21:00,2024-09-17,0.15,0.15,0.15,0.15,100,105075,0
FINNIFTY17SEP2426300CE.NFO,2024-09-17,14:22:00,2024-09-17,0.15,0.15,0.15,0.15,200,105075,0
FINNIFTY17SEP2426300CE.NFO,2024-09-17,14:23:00,2024-09-17,0.15,0.15,0.1,0.1,1900,105075,0
FINNIFTY17SEP2426300CE.NFO,2024-09-17,14:24:00,2024-09-17,0.1,0.15,0.1,0.1,4225,105075,0
FINNIFTY17SEP2426300CE.NFO,2024-09-17,14:25:00,2024-09-17,0.1,0.1,0.1,0.1,7075,105075,0
FINNIFTY17SEP2426300CE.NFO,2024-09-17,14:26:00,2024-09-17,0.1,0.15,0.1,0.1,4950,105075,0
FINNIFTY17SEP2426300CE.NFO,2024-09-17,14:27:00,2024-09-17,0.15,0.15,0.1,0.1,5475,105075,0
FINNIFTY17SEP2426300CE.NFO,2024-09-17,14:28:00,2024-09-17,0.1,0.1,0.1,0.1,1600,105075,0
FINNIFTY17SEP2426300CE.NFO,2024-09-17,14:29:00,2024-09-17,0.1,0.1,0.1,0.1,400,105075,0
FINNIFTY17SEP2426300CE.NFO,2024-09-17,14:30:00,2024-09-17,0.1,0.1,0.1,0.1,400,105075,0
FINNIFTY17SEP2426300CE.NFO,2024-09-17,14:31:00,2024-09-17,0.1,0.1,0.1,0.1,0,105075,0
FINNIFTY17SEP2426300CE.NFO,2024-09-17,14:32:00,2024-09-17,0.1,0.15,0.1,0.15,50,105075,0
FINNIFTY17SEP2426300CE.NFO,2024-09-17,14:33:00,2024-09-17,0.15,0.15,0.15,0.15,425,105075,0
FINNIFTY17SEP2426300CE.NFO,2024-09-17,14:34:00,2024-09-17,0.15,0.15,0.15,0.15,4625,105075,0
FINNIFTY17SEP2426300CE.NFO,2024-09-17,14:35:00,2024-09-17,0.15,0.15,0.1,0.15,4425,105075,0
FINNIFTY17SEP2426300CE.NFO,2024-09-17,14:36:00,2024-09-17,0.15,0.15,0.15,0.15,925,105075,0
FINNIFTY17SEP2426300CE.NFO,2024-09-17,14:37:00,2024-09-17,0.15,0.15,0.1,0.15,3400,105075,0
FINNIFTY17SEP2426300CE.NFO,2024-09-17,14:38:00,2024-09-17,0.15,0.15,0.15,0.15,300,105075,0
FINNIFTY17SEP2426300CE.NFO,2024-09-17,14:39:00,2024-09-17,0.15,0.15,0.15,0.15,1000,105075,0
FINNIFTY17SEP2426300CE.NFO,2024-09-17,14:40:00,2024-09-17,0.15,0.15,0.1,0.1,5650,105075,0
FINNIFTY17SEP2426300CE.NFO,2024-09-17,14:41:00,2024-09-17,0.1,0.1,0.1,0.1,2500,105075,0
FINNIFTY17SEP2426300CE.NFO,2024-09-17,14:42:00,2024-09-17,0.1,0.1,0.1,0.1,2375,105075,0
FINNIFTY17SEP2426300CE.NFO,2024-09-17,14:43:00,2024-09-17,0.1,0.1,0.05,0.05,8250,104325,0
FINNIFTY17SEP2426300CE.NFO,2024-09-17,14:44:00,2024-09-17,0.05,0.05,0.05,0.05,0,104325,0
FINNIFTY17SEP2426300CE.NFO,2024-09-17,14:45:00,2024-09-17,0.05,0.05,0.05,0.05,225,104325,0
FINNIFTY17SEP2426300CE.NFO,2024-09-17,14:46:00,2024-09-17,0.1,0.1,0.1,0.1,3600,104325,0
FINNIFTY17SEP2426300CE.NFO,2024-09-17,14:47:00,2024-09-17,0.1,0.1,0.1,0.1,0,104325,0
FINNIFTY17SEP2426300CE.NFO,2024-09-17,14:48:00,2024-09-17,0.1,0.1,0.05,0.05,1825,104450,0
FINNIFTY17SEP2426300CE.NFO,2024-09-17,14:49:00,2024-09-17,0.05,0.1,0.05,0.1,2150,104450,0
FINNIFTY17SEP2426300CE.NFO,2024-09-17,14:50:00,2024-09-17,0.1,0.1,0.1,0.1,0,104450,0
FINNIFTY17SEP2426300CE.NFO,2024-09-17,14:51:00,2024-09-17,0.1,0.1,0.1,0.1,1875,104450,0
FINNIFTY17SEP2426300CE.NFO,2024-09-17,14:52:00,2024-09-17,0.1,0.1,0.05,0.1,4275,104450,0
FINNIFTY17SEP2426300CE.NFO,2024-09-17,14:53:00,2024-09-17,0.1,0.1,0.1,0.1,2000,104450,0
FINNIFTY17SEP2426300CE.NFO,2024-09-17,14:54:00,2024-09-17,0.1,0.1,0.1,0.1,1150,104450,0
FINNIFTY17SEP2426300CE.NFO,2024-09-17,14:55:00,2024-09-17,0.1,0.1,0.1,0.1,3700,105075,0
FINNIFTY17SEP2426300CE.NFO,2024-09-17,14:56:00,2024-09-17,0.1,0.1,0.1,0.1,425,105075,0
FINNIFTY17SEP2426300CE.NFO,2024-09-17,14:57:00,2024-09-17,0.1,0.1,0.1,0.1,1425,105075,0
FINNIFTY17SEP2426300CE.NFO,2024-09-17,14:58:00,2024-09-17,0.1,0.1,0.1,0.1,350,105075,0
FINNIFTY17SEP2426300CE.NFO,2024-09-17,14:59:00,2024-09-17,0.1,0.1,0.1,0.1,175,105075,0
FINNIFTY17SEP2426300CE.NFO,2024-09-17,15:00:00,2024-09-17,0.1,0.1,0.05,0.1,2150,105075,0
FINNIFTY17SEP2426300CE.NFO,2024-09-17,15:01:00,2024-09-17,0.1,0.1,0.05,0.05,1000,105075,0
FINNIFTY17SEP2426300CE.NFO,2024-09-17,15:02:00,2024-09-17,0.05,0.05,0.05,0.05,0,105075,0
FINNIFTY17SEP2426300CE.NFO,2024-09-17,15:03:00,2024-09-17,0.05,0.05,0.05,0.05,225,105075,0
FINNIFTY17SEP2426300CE.NFO,2024-09-17,15:04:00,2024-09-17,0.05,0.1,0.05,0.1,17725,105075,0
FINNIFTY17SEP2426300CE.NFO,2024-09-17,15:05:00,2024-09-17,0.1,0.1,0.1,0.1,450,105075,0
FINNIFTY17SEP2426300CE.NFO,2024-09-17,15:06:00,2024-09-17,0.1,0.1,0.1,0.1,0,105075,0
FINNIFTY17SEP2426300CE.NFO,2024-09-17,15:07:00,2024-09-17,0.05,0.05,0.05,0.05,11525,105075,0
FINNIFTY17SEP2426300CE.NFO,2024-09-17,15:08:00,2024-09-17,0.05,0.1,0.05,0.1,450,105075,0
FINNIFTY17SEP2426300CE.NFO,2024-09-17,15:09:00,2024-09-17,0.1,0.1,0.1,0.1,0,105075,0
FINNIFTY17SEP2426300CE.NFO,2024-09-17,15:10:00,2024-09-17,0.1,0.1,0.1,0.1,0,105075,0
FINNIFTY17SEP2426300CE.NFO,2024-09-17,15:11:00,2024-09-17,0.1,0.1,0.05,0.05,1500,103725,0
FINNIFTY17SEP2426300CE.NFO,2024-09-17,15:12:00,2024-09-17,0.05,0.05,0.05,0.05,0,103725,0
FINNIFTY17SEP2426300CE.NFO,2024-09-17,15:13:00,2024-09-17,0.05,0.05,0.05,0.05,1500,102975,0
FINNIFTY17SEP2426300CE.NFO,2024-09-17,15:14:00,2024-09-17,0.05,0.05,0.05,0.05,25,102975,0
FINNIFTY17SEP2426300CE.NFO,2024-09-17,15:15:00,2024-09-17,0.05,0.1,0.05,0.05,16325,102975,0
FINNIFTY17SEP2426300CE.NFO,2024-09-17,15:16:00,2024-09-17,0.05,0.1,0.05,0.1,4775,87650,0
FINNIFTY17SEP2426300CE.NFO,2024-09-17,15:17:00,2024-09-17,0.1,0.1,0.1,0.1,300,87650,0
FINNIFTY17SEP2426300CE.NFO,2024-09-17,15:18:00,2024-09-17,0.1,0.1,0.05,0.05,500,87650,0
FINNIFTY17SEP2426300CE.NFO,2024-09-17,15:19:00,2024-09-17,0.05,0.05,0.05,0.05,2475,83675,0
FINNIFTY17SEP2426300CE.NFO,2024-09-17,15:20:00,2024-09-17,0.05,0.05,0.05,0.05,600,83675,0
FINNIFTY17SEP2426300CE.NFO,2024-09-17,15:21:00,2024-09-17,0.05,0.05,0.05,0.05,6825,83675,0
FINNIFTY17SEP2426300CE.NFO,2024-09-17,15:22:00,2024-09-17,0.05,0.05,0.05,0.05,29475,99525,0
FINNIFTY17SEP2426300CE.NFO,2024-09-17,15:23:00,2024-09-17,0.05,0.05,0.05,0.05,2475,99525,0
FINNIFTY17SEP2426300CE.NFO,2024-09-17,15:24:00,2024-09-17,0.05,0.05,0.05,0.05,18600,99525,0
FINNIFTY17SEP2426300CE.NFO,2024-09-17,15:25:00,2024-09-17,0.05,0.05,0.05,0.05,32675,126750,0
FINNIFTY17SEP2426300CE.NFO,2024-09-17,15:26:00,2024-09-17,0.05,0.05,0.05,0.05,4425,126750,0
FINNIFTY17SEP2426300CE.NFO,2024-09-17,15:27:00,2024-09-17,0.05,0.05,0.05,0.05,0,126750,0
FINNIFTY17SEP2426300CE.NFO,2024-09-17,15:28:00,2024-09-17,0.05,0.05,0.05,0.05,0,126750,0
FINNIFTY17SEP2426300CE.NFO,2024-09-17,15:29:00,2024-09-17,0.05,0.05,0.05,0.05,0,150450,0
FINNIFTY17SEP2426300CE.NFO,2024-09-17,15:30:00,2024-09-17,0.05,0.05,0.05,0.05,0,150450,1
