Date,ExpiryDate,Instrument,Symbol,StrikePrice,OptionType,Open,High,Low,Close,SettledPrice,Contracts,TurnOver,OpenInterest
2005-03-15,2005-03-31,FUTIDX,CNXIT,0.0,FF,2952.1,2964.0,2935.0,2937.9,2937.9,82,241.36,47200
2005-03-15,2005-04-28,FUTIDX,CNXIT,0.0,FF,3040.0,3040.0,2964.85,2964.85,2961.05,10,30.02,0
2005-03-15,2005-05-26,FUTIDX,CNXIT,0.0,FF,0.0,0.0,0.0,2960.0,2974.7,0,0.0,0
2005-03-15,2005-03-31,FUTIDX,NIFTY,0.0,FF,2138.1,2139.0,2113.1,2120.85,2120.85,88335,375445.99,17104800
2005-03-15,2005-04-28,FUTIDX,NIFTY,0.0,FF,2131.05,2140.0,2114.5,2122.25,2122.25,1506,6398.9,394000
2005-03-15,2005-05-26,FUTIDX,NIFTY,0.0,FF,2133.0,2133.0,2112.05,2120.25,2120.25,74,313.82,36600
2005-03-15,2005-03-31,FUTINT,NSE10Y06,0.0,FF,0.0,0.0,0.0,103.73,94.03,0,0.0,0
2005-03-15,2005-04-28,FUTINT,NSE10Y06,0.0,FF,0.0,0.0,0.0,94.23,93.97,0,0.0,0
2005-03-15,2005-05-26,FUTINT,NSE10Y06,0.0,FF,0.0,0.0,0.0,94.46,93.88,0,0.0,0
2005-03-15,2005-06-30,FUTINT,NSE10Y06,0.0,FF,0.0,0.0,0.0,97.95,93.78,0,0.0,0
2005-03-15,2005-09-29,FUTINT,NSE10Y06,0.0,FF,0.0,0.0,0.0,93.42,93.52,0,0.0,0
2005-03-15,2005-12-29,FUTINT,NSE10Y06,0.0,FF,0.0,0.0,0.0,93.87,93.24,0,0.0,0
2005-03-15,2005-03-31,FUTINT,NSE10YZC,0.0,FF,0.0,0.0,0.0,57.42,50.6,0,0.0,0
2005-03-15,2005-04-28,FUTINT,NSE10YZC,0.0,FF,0.0,0.0,0.0,51.02,50.55,0,0.0,0
2005-03-15,2005-05-26,FUTINT,NSE10YZC,0.0,FF,0.0,0.0,0.0,51.04,50.5,0,0.0,0
2005-03-15,2005-06-30,FUTINT,NSE10YZC,0.0,FF,0.0,0.0,0.0,53.37,50.43,0,0.0,0
2005-03-15,2005-09-29,FUTINT,NSE10YZC,0.0,FF,0.0,0.0,0.0,50.37,50.26,0,0.0,0
2005-03-15,2005-12-29,FUTINT,NSE10YZC,0.0,FF,0.0,0.0,0.0,50.64,50.07,0,0.0,0
2005-03-15,2005-03-31,FUTINT,NSETB91D,0.0,FF,0.0,0.0,0.0,100.44,94.64,0,0.0,0
2005-03-15,2005-04-28,FUTINT,NSETB91D,0.0,FF,0.0,0.0,0.0,96.01,95.07,0,0.0,0
2005-03-15,2005-05-26,FUTINT,NSETB91D,0.0,FF,0.0,0.0,0.0,95.35,95.49,0,0.0,0
2005-03-15,2005-06-30,FUTINT,NSETB91D,0.0,FF,0.0,0.0,0.0,99.67,96.02,0,0.0,0
2005-03-15,2005-09-29,FUTINT,NSETB91D,0.0,FF,0.0,0.0,0.0,98.82,97.39,0,0.0,0
2005-03-15,2005-12-29,FUTINT,NSETB91D,0.0,FF,0.0,0.0,0.0,99.64,98.8,0,0.0,0
2005-03-15,2005-03-31,FUTSTK,ACC,0.0,FF,369.4,369.4,363.2,364.9,364.9,1813,9937.61,8452500
2005-03-15,2005-04-28,FUTSTK,ACC,0.0,FF,367.2,367.85,366.0,367.85,367.85,7,38.49,85500
2005-03-15,2005-05-26,FUTSTK,ACC,0.0,FF,370.0,370.0,370.0,370.0,366.25,1,5.55,1500
2005-03-15,2005-03-31,FUTSTK,ANDHRABANK,0.0,FF,113.1,117.1,113.1,115.7,115.7,6593,35065.95,9186200
2005-03-15,2005-04-28,FUTSTK,ANDHRABANK,0.0,FF,114.4,117.4,114.4,116.25,116.25,45,240.7,358800
2005-03-15,2005-05-26,FUTSTK,ANDHRABANK,0.0,FF,113.2,117.5,113.2,117.5,116.75,2,10.61,9200
2005-03-15,2005-03-31,FUTSTK,ARVINDMILL,0.0,FF,125.2,125.2,122.3,122.9,122.9,815,4331.1,15346700
2005-03-15,2005-04-28,FUTSTK,ARVINDMILL,0.0,FF,125.0,125.0,123.2,123.65,123.65,59,314.38,395600
2005-03-15,2005-05-26,FUTSTK,ARVINDMILL,0.0,FF,0.0,0.0,0.0,127.05,123.1,0,0.0,4300
2005-03-15,2005-03-31,FUTSTK,BAJAJAUTO,0.0,FF,1093.0,1101.0,1085.0,1088.55,1088.55,268,1169.81,260400
2005-03-15,2005-04-28,FUTSTK,BAJAJAUTO,0.0,FF,1100.0,1100.0,1090.0,1092.0,1092.0,34,148.7,12400
2005-03-15,2005-05-26,FUTSTK,BAJAJAUTO,0.0,FF,0.0,0.0,0.0,1097.7,1101.95,0,0.0,4000
2005-03-15,2005-03-31,FUTSTK,BANKBARODA,0.0,FF,239.0,241.9,232.6,235.6,235.6,4112,13684.31,3270400
2005-03-15,2005-04-28,FUTSTK,BANKBARODA,0.0,FF,237.25,241.75,233.0,234.95,234.95,69,229.47,147000
2005-03-15,2005-05-26,FUTSTK,BANKBARODA,0.0,FF,235.0,235.0,226.0,228.0,236.7,8,25.59,21000
2005-03-15,2005-03-31,FUTSTK,BANKINDIA,0.0,FF,113.1,115.8,113.1,114.2,114.2,3791,16485.0,6961600
2005-03-15,2005-04-28,FUTSTK,BANKINDIA,0.0,FF,114.3,115.4,114.3,114.55,114.55,13,56.7,163400
2005-03-15,2005-05-26,FUTSTK,BANKINDIA,0.0,FF,113.5,117.0,113.5,116.9,115.45,16,70.73,45600
2005-03-15,2005-03-31,FUTSTK,BEL,0.0,FF,725.0,727.85,711.1,713.35,713.35,174,687.74,386100
2005-03-15,2005-04-28,FUTSTK,BEL,0.0,FF,725.0,735.3,718.0,724.95,724.95,26,103.64,9350
2005-03-15,2005-05-26,FUTSTK,BEL,0.0,FF,0.0,0.0,0.0,714.25,716.85,0,0.0,0
2005-03-15,2005-03-31,FUTSTK,BHEL,0.0,FF,805.5,823.9,805.5,811.6,811.6,2099,10283.2,1943400
2005-03-15,2005-04-28,FUTSTK,BHEL,0.0,FF,815.0,820.0,815.0,815.65,815.65,7,34.33,21600
2005-03-15,2005-05-26,FUTSTK,BHEL,0.0,FF,0.0,0.0,0.0,828.3,817.35,0,0.0,0
2005-03-15,2005-03-31,FUTSTK,BPCL,0.0,FF,397.0,400.0,390.3,391.85,391.85,1302,2821.68,2835250
2005-03-15,2005-04-28,FUTSTK,BPCL,0.0,FF,399.0,399.0,392.0,394.0,394.0,99,214.77,43450
2005-03-15,2005-05-26,FUTSTK,BPCL,0.0,FF,0.0,0.0,0.0,421.55,393.7,0,0.0,0
2005-03-15,2005-03-31,FUTSTK,CANBK,0.0,FF,230.1,233.9,225.7,226.7,226.7,3643,13366.12,3300800
2005-03-15,2005-04-28,FUTSTK,CANBK,0.0,FF,236.7,236.7,227.3,228.15,228.15,26,95.72,56000
2005-03-15,2005-05-26,FUTSTK,CANBK,0.0,FF,238.0,238.0,238.0,238.0,227.95,1,3.8,0
2005-03-15,2005-03-31,FUTSTK,CIPLA,0.0,FF,275.65,287.0,275.6,284.8,284.8,5307,14970.18,4341000
2005-03-15,2005-04-28,FUTSTK,CIPLA,0.0,FF,281.65,288.25,277.75,286.25,286.25,106,299.57,90000
2005-03-15,2005-05-26,FUTSTK,CIPLA,0.0,FF,0.0,0.0,0.0,298.0,286.9,0,0.0,1000
2005-03-15,2005-03-31,FUTSTK,DRREDDY,0.0,FF,743.0,763.0,736.65,758.6,758.6,3380,5097.27,1003000
2005-03-15,2005-04-28,FUTSTK,DRREDDY,0.0,FF,745.0,764.0,743.1,760.5,760.5,40,60.27,13600
2005-03-15,2005-05-26,FUTSTK,DRREDDY,0.0,FF,0.0,0.0,0.0,750.0,762.65,0,0.0,0
2005-03-15,2005-03-31,FUTSTK,GAIL,0.0,FF,243.0,245.75,240.7,242.15,242.15,2768,10100.87,9042000
2005-03-15,2005-04-28,FUTSTK,GAIL,0.0,FF,246.0,246.95,242.25,243.4,243.4,157,574.92,306000
2005-03-15,2005-05-26,FUTSTK,GAIL,0.0,FF,248.0,248.0,248.0,248.0,243.5,2,7.44,3000
2005-03-15,2005-03-31,FUTSTK,GRASIM,0.0,FF,1351.15,1364.45,1349.0,1354.6,1354.6,316,1498.64,582750
2005-03-15,2005-04-28,FUTSTK,GRASIM,0.0,FF,0.0,0.0,0.0,1365.5,1370.35,0,0.0,6300
2005-03-15,2005-05-26,FUTSTK,GRASIM,0.0,FF,0.0,0.0,0.0,1422.0,1376.65,0,0.0,700
2005-03-15,2005-03-31,FUTSTK,GUJAMBCEM,0.0,FF,430.0,434.0,427.4,429.25,429.25,894,4231.72,3468300
2005-03-15,2005-04-28,FUTSTK,GUJAMBCEM,0.0,FF,433.5,433.5,431.4,432.9,429.75,5,23.79,62700
2005-03-15,2005-05-26,FUTSTK,GUJAMBCEM,0.0,FF,0.0,0.0,0.0,434.7,431.75,0,0.0,0
2005-03-15,2005-03-31,FUTSTK,HCLTECH,0.0,FF,371.0,373.4,363.6,368.35,368.35,1509,7234.59,1371500
2005-03-15,2005-04-28,FUTSTK,HCLTECH,0.0,FF,368.0,374.5,367.0,369.95,369.95,18,86.38,20800
2005-03-15,2005-05-26,FUTSTK,HCLTECH,0.0,FF,0.0,0.0,0.0,373.5,371.1,0,0.0,0
2005-03-15,2005-03-31,FUTSTK,HDFC,0.0,FF,796.1,797.0,781.25,790.05,790.05,336,1591.49,471600
2005-03-15,2005-04-28,FUTSTK,HDFC,0.0,FF,792.0,792.0,788.9,789.0,794.0,4,18.95,13800
2005-03-15,2005-05-26,FUTSTK,HDFC,0.0,FF,0.0,0.0,0.0,782.55,797.65,0,0.0,0
2005-03-15,2005-03-31,FUTSTK,HDFCBANK,0.0,FF,598.15,598.15,591.1,594.7,594.7,283,1347.29,615200
2005-03-15,2005-04-28,FUTSTK,HDFCBANK,0.0,FF,608.0,608.0,592.35,600.0,600.0,71,341.67,36800
2005-03-15,2005-05-26,FUTSTK,HDFCBANK,0.0,FF,0.0,0.0,0.0,584.75,601.0,0,0.0,0
2005-03-15,2005-03-31,FUTSTK,HEROHONDA,0.0,FF,566.0,571.0,558.1,562.0,562.0,988,2222.73,541600
2005-03-15,2005-04-28,FUTSTK,HEROHONDA,0.0,FF,562.0,564.7,555.0,563.5,563.5,12,26.88,6800
2005-03-15,2005-05-26,FUTSTK,HEROHONDA,0.0,FF,0.0,0.0,0.0,573.5,570.7,0,0.0,0
2005-03-15,2005-03-31,FUTSTK,HINDALC0,0.0,FF,1440.0,1450.9,1423.0,1433.5,1433.5,980,4213.58,644400
2005-03-15,2005-04-28,FUTSTK,HINDALC0,0.0,FF,1460.0,1460.0,1426.45,1436.25,1449.7,22,95.56,15300
2005-03-15,2005-05-26,FUTSTK,HINDALC0,0.0,FF,0.0,0.0,0.0,1475.0,1456.4,0,0.0,0
2005-03-15,2005-03-31,FUTSTK,HINDLEVER,0.0,FF,139.7,140.25,136.2,136.75,136.75,1534,4245.89,14400000
2005-03-15,2005-04-28,FUTSTK,HINDLEVER,0.0,FF,140.7,140.8,136.7,137.6,137.6,217,601.99,608000
2005-03-15,2005-05-26,FUTSTK,HINDLEVER,0.0,FF,139.65,140.0,139.0,139.0,139.0,5,13.95,18000
2005-03-15,2005-03-31,FUTSTK,HINDPETRO,0.0,FF,337.0,338.3,331.5,334.15,334.15,1708,3712.18,5339750
2005-03-15,2005-04-28,FUTSTK,HINDPETRO,0.0,FF,340.0,340.5,333.0,335.9,335.9,207,451.56,136500
2005-03-15,2005-05-26,FUTSTK,HINDPETRO,0.0,FF,0.0,0.0,0.0,343.2,337.1,0,0.0,650
2005-03-15,2005-03-31,FUTSTK,I-FLEX,0.0,FF,618.0,619.85,611.0,612.85,612.85,289,532.91,703800
2005-03-15,2005-04-28,FUTSTK,I-FLEX,0.0,FF,629.9,631.9,613.5,618.05,618.05,79,146.94,8700
2005-03-15,2005-05-26,FUTSTK,I-FLEX,0.0,FF,648.0,648.0,613.0,613.0,616.25,22,41.95,0
2005-03-15,2005-03-31,FUTSTK,ICICIBANK,0.0,FF,387.4,388.7,378.5,384.4,384.4,1409,7568.11,8064000
2005-03-15,2005-04-28,FUTSTK,ICICIBANK,0.0,FF,389.95,390.0,383.0,386.75,385.4,12,65.09,246400
2005-03-15,2005-05-26,FUTSTK,ICICIBANK,0.0,FF,0.0,0.0,0.0,385.0,387.15,0,0.0,1400
2005-03-15,2005-03-31,FUTSTK,INFOSYSTCH,0.0,FF,2231.0,2233.0,2202.0,2211.1,2211.1,4110,18217.46,2060400
2005-03-15,2005-04-28,FUTSTK,INFOSYSTCH,0.0,FF,2235.0,2235.0,2212.0,2218.7,2218.7,50,222.49,36400
2005-03-15,2005-05-26,FUTSTK,INFOSYSTCH,0.0,FF,0.0,0.0,0.0,2279.0,2237.1,0,0.0,1000
2005-03-15,2005-03-31,FUTSTK,IOC,0.0,FF,475.5,482.5,475.5,476.45,476.45,507,1454.88,903000
2005-03-15,2005-04-28,FUTSTK,IOC,0.0,FF,472.5,487.5,472.5,478.8,478.8,56,161.19,4800
2005-03-15,2005-05-26,FUTSTK,IOC,0.0,FF,0.0,0.0,0.0,475.1,481.15,0,0.0,0
2005-03-15,2005-03-31,FUTSTK,IPCL,0.0,FF,180.5,182.7,180.15,180.8,180.8,2341,4668.31,18164300
2005-03-15,2005-04-28,FUTSTK,IPCL,0.0,FF,182.75,183.65,181.25,181.8,181.8,77,154.58,378400
2005-03-15,2005-05-26,FUTSTK,IPCL,0.0,FF,0.0,0.0,0.0,186.7,182.15,0,0.0,5500
2005-03-15,2005-03-31,FUTSTK,ITC,0.0,FF,1340.0,1351.9,1323.9,1335.6,1335.6,1086,4355.27,723900
2005-03-15,2005-04-28,FUTSTK,ITC,0.0,FF,1332.0,1344.5,1330.0,1338.3,1338.3,11,44.08,10800
2005-03-15,2005-05-26,FUTSTK,ITC,0.0,FF,0.0,0.0,0.0,1314.1,1355.45,0,0.0,0
2005-03-15,2005-03-31,FUTSTK,JETAIRWAYS,0.0,FF,1314.85,1318.8,1287.0,1299.35,1299.35,21350,55602.83,984800
2005-03-15,2005-04-28,FUTSTK,JETAIRWAYS,0.0,FF,1309.0,1321.0,1290.0,1303.75,1303.75,208,543.22,45000
2005-03-15,2005-05-26,FUTSTK,JETAIRWAYS,0.0,FF,1281.0,1345.0,1281.0,1286.0,1286.0,34,89.15,400
2005-03-15,2005-03-31,FUTSTK,M&M,0.0,FF,534.0,537.2,528.25,531.1,531.1,1243,4136.19,1701250
2005-03-15,2005-04-28,FUTSTK,M&M,0.0,FF,535.2,535.2,533.25,534.7,534.7,8,26.72,10000
2005-03-15,2005-05-26,FUTSTK,M&M,0.0,FF,0.0,0.0,0.0,563.15,535.15,0,0.0,0
2005-03-15,2005-03-31,FUTSTK,MARUTI,0.0,FF,455.5,458.4,448.65,452.75,452.75,4845,8795.15,2892400
2005-03-15,2005-04-28,FUTSTK,MARUTI,0.0,FF,459.95,459.95,452.0,454.85,454.85,28,50.88,28800
2005-03-15,2005-05-26,FUTSTK,MARUTI,0.0,FF,0.0,0.0,0.0,469.5,454.8,0,0.0,400
2005-03-15,2005-03-31,FUTSTK,MASTEK,0.0,FF,382.0,384.75,380.5,381.85,381.85,154,942.88,1054400
2005-03-15,2005-03-31,FUTSTK,MTNL,0.0,FF,137.1,137.8,135.3,135.55,135.55,1327,2892.06,16145600
2005-03-15,2005-04-28,FUTSTK,MTNL,0.0,FF,137.75,138.0,136.45,136.5,136.5,97,212.94,308800
2005-03-15,2005-05-26,FUTSTK,MTNL,0.0,FF,0.0,0.0,0.0,143.0,136.25,0,0.0,8000
2005-03-15,2005-03-31,FUTSTK,NATIONALUM,0.0,FF,186.0,187.25,183.85,184.7,184.7,882,1880.88,4779400
2005-03-15,2005-04-28,FUTSTK,NATIONALUM,0.0,FF,188.3,188.3,185.15,185.85,185.85,13,27.86,40250
2005-03-15,2005-05-26,FUTSTK,NATIONALUM,0.0,FF,0.0,0.0,0.0,183.05,186.75,0,0.0,1150
2005-03-15,2005-03-31,FUTSTK,NTPC,0.0,FF,93.0,93.9,92.3,92.45,92.45,3869,11685.46,48701250
2005-03-15,2005-04-28,FUTSTK,NTPC,0.0,FF,94.5,94.5,92.9,93.0,93.0,225,682.58,2057250
2005-03-15,2005-05-26,FUTSTK,NTPC,0.0,FF,95.25,95.25,95.0,95.0,92.85,2,6.18,39000
2005-03-15,2005-03-31,FUTSTK,ONGC,0.0,FF,916.75,920.9,904.25,913.6,913.6,7001,19182.86,4018200
2005-03-15,2005-04-28,FUTSTK,ONGC,0.0,FF,927.05,927.05,911.0,922.0,919.7,69,190.35,44400
2005-03-15,2005-05-26,FUTSTK,ONGC,0.0,FF,0.0,0.0,0.0,917.25,923.9,0,0.0,600
2005-03-15,2005-03-31,FUTSTK,ORIENTBANK,0.0,FF,360.5,370.45,360.5,361.85,361.85,1659,7275.61,2408400
2005-03-15,2005-04-28,FUTSTK,ORIENTBANK,0.0,FF,364.7,366.0,355.6,356.6,356.6,147,634.93,266400
2005-03-15,2005-05-26,FUTSTK,ORIENTBANK,0.0,FF,351.0,353.8,351.0,353.8,353.8,6,25.38,9600
2005-03-15,2005-03-31,FUTSTK,PNB,0.0,FF,450.0,456.7,448.5,453.2,453.2,2731,14858.67,4748400
2005-03-15,2005-04-28,FUTSTK,PNB,0.0,FF,446.0,454.9,445.0,452.85,452.85,527,2856.81,1336800
2005-03-15,2005-05-26,FUTSTK,PNB,0.0,FF,441.0,452.5,441.0,452.5,483.8,2,10.72,7200
2005-03-15,2005-03-31,FUTSTK,POLARIS,0.0,FF,129.15,129.8,127.5,127.85,127.85,591,1063.08,8702400
2005-03-15,2005-04-28,FUTSTK,POLARIS,0.0,FF,130.5,130.5,128.4,129.3,127.9,40,72.42,161000
2005-03-15,2005-05-26,FUTSTK,POLARIS,0.0,FF,135.85,135.85,128.1,128.1,128.5,15,27.78,8400
2005-03-15,2005-03-31,FUTSTK,RANBAXY,0.0,FF,1065.5,1081.9,1050.0,1073.95,1073.95,3049,13025.08,1189600
2005-03-15,2005-04-28,FUTSTK,RANBAXY,0.0,FF,1060.0,1088.5,1058.3,1080.0,1080.0,18,77.06,8400
2005-03-15,2005-05-26,FUTSTK,RANBAXY,0.0,FF,0.0,0.0,0.0,1092.25,1081.9,0,0.0,0
2005-03-15,2005-03-31,FUTSTK,REL,0.0,FF,566.0,571.5,551.0,552.55,552.55,664,2044.11,1267750
2005-03-15,2005-04-28,FUTSTK,REL,0.0,FF,560.3,561.0,555.0,556.35,556.35,14,43.03,34100
2005-03-15,2005-05-26,FUTSTK,REL,0.0,FF,573.1,573.1,561.0,561.0,556.05,4,12.5,2200
2005-03-15,2005-03-31,FUTSTK,RELIANCE,0.0,FF,582.15,586.35,572.8,574.15,574.15,15964,55417.82,13786800
2005-03-15,2005-04-28,FUTSTK,RELIANCE,0.0,FF,582.15,591.0,577.1,578.8,578.8,439,1536.98,287400
2005-03-15,2005-05-26,FUTSTK,RELIANCE,0.0,FF,583.45,583.45,583.45,583.45,577.65,1,3.5,3000
2005-03-15,2005-03-31,FUTSTK,SATYAMCOMP,0.0,FF,414.1,416.8,408.3,410.35,410.35,6712,33207.61,6144000
2005-03-15,2005-04-28,FUTSTK,SATYAMCOMP,0.0,FF,417.5,417.95,410.0,411.7,411.7,43,213.29,51600
2005-03-15,2005-05-26,FUTSTK,SATYAMCOMP,0.0,FF,0.0,0.0,0.0,402.75,413.95,0,0.0,0
2005-03-15,2005-03-31,FUTSTK,SBIN,0.0,FF,737.9,742.0,727.5,735.7,735.7,13928,51195.94,8929000
2005-03-15,2005-04-28,FUTSTK,SBIN,0.0,FF,742.0,747.95,735.0,741.6,741.6,110,407.21,92000
2005-03-15,2005-05-26,FUTSTK,SBIN,0.0,FF,740.05,740.1,740.0,740.0,740.45,3,11.1,2000
2005-03-15,2005-03-31,FUTSTK,SCI,0.0,FF,165.35,168.7,163.65,166.9,166.9,2027,5399.46,4673600
2005-03-15,2005-04-28,FUTSTK,SCI,0.0,FF,168.25,170.0,164.85,168.4,168.4,108,289.77,264000
2005-03-15,2005-05-26,FUTSTK,SCI,0.0,FF,173.95,173.95,173.95,173.95,168.85,1,2.78,3200
2005-03-15,2005-03-31,FUTSTK,SYNDIBANK,0.0,FF,62.45,63.1,61.7,62.05,62.05,1195,5661.25,15352000
2005-03-15,2005-04-28,FUTSTK,SYNDIBANK,0.0,FF,63.4,63.4,62.3,62.7,62.7,14,66.69,288800
2005-03-15,2005-05-26,FUTSTK,SYNDIBANK,0.0,FF,60.8,65.4,60.8,62.4,62.3,7,32.81,7600
2005-03-15,2005-03-31,FUTSTK,TATAMOTORS,0.0,FF,467.0,471.75,457.55,459.2,459.2,9194,35159.14,9773775
2005-03-15,2005-04-28,FUTSTK,TATAMOTORS,0.0,FF,470.7,473.7,460.25,461.35,461.35,206,787.02,166650
2005-03-15,2005-05-26,FUTSTK,TATAMOTORS,0.0,FF,0.0,0.0,0.0,478.95,461.85,0,0.0,0
2005-03-15,2005-03-31,FUTSTK,TATAPOWER,0.0,FF,389.0,393.45,385.15,386.1,386.1,1347,4191.33,2794400
2005-03-15,2005-04-28,FUTSTK,TATAPOWER,0.0,FF,390.45,390.6,388.0,388.0,386.55,3,9.35,17600
2005-03-15,2005-05-26,FUTSTK,TATAPOWER,0.0,FF,0.0,0.0,0.0,409.05,388.35,0,0.0,0
2005-03-15,2005-03-31,FUTSTK,TATATEA,0.0,FF,536.0,537.0,522.2,528.25,528.25,577,1677.52,1500400
2005-03-15,2005-04-28,FUTSTK,TATATEA,0.0,FF,536.0,536.0,525.5,530.8,530.8,67,195.27,31350
2005-03-15,2005-05-26,FUTSTK,TATATEA,0.0,FF,547.5,547.5,525.15,525.15,531.15,2,5.89,0
2005-03-15,2005-03-31,FUTSTK,TCS,0.0,FF,1447.4,1454.0,1431.55,1439.45,1439.45,5557,20042.97,1796250
2005-03-15,2005-04-28,FUTSTK,TCS,0.0,FF,1448.85,1460.0,1442.0,1446.45,1446.45,40,145.03,24000
2005-03-15,2005-05-26,FUTSTK,TCS,0.0,FF,1487.0,1487.0,1441.0,1441.0,1459.8,14,51.08,1750
2005-03-15,2005-03-31,FUTSTK,TISCO,0.0,FF,441.0,447.7,435.55,446.0,446.0,19697,117723.76,25942950
2005-03-15,2005-04-28,FUTSTK,TISCO,0.0,FF,443.9,451.0,439.7,449.25,449.25,549,3302.52,765450
2005-03-15,2005-05-26,FUTSTK,TISCO,0.0,FF,0.0,0.0,0.0,440.0,448.1,0,0.0,2700
2005-03-15,2005-03-31,FUTSTK,UNIONBANK,0.0,FF,127.7,128.9,125.55,126.5,126.5,2876,15393.85,9592800
2005-03-15,2005-04-28,FUTSTK,UNIONBANK,0.0,FF,128.5,129.0,126.5,126.95,126.95,29,155.6,163800
2005-03-15,2005-05-26,FUTSTK,UNIONBANK,0.0,FF,126.05,129.8,126.05,129.5,127.15,7,37.99,33600
2005-03-15,2005-03-31,FUTSTK,WIPRO,0.0,FF,697.0,698.0,685.1,687.0,687.0,1502,6229.81,1803600
2005-03-15,2005-04-28,FUTSTK,WIPRO,0.0,FF,698.7,699.5,684.0,687.35,687.35,280,1157.81,154800
2005-03-15,2005-05-26,FUTSTK,WIPRO,0.0,FF,0.0,0.0,0.0,687.65,691.85,0,0.0,0
2005-03-15,2005-03-31,OPTIDX,CNXIT,2610.0,CE,0.0,0.0,0.0,176.8,336.25,0,0.0,0
2005-03-15,2005-03-31,OPTIDX,CNXIT,2620.0,CE,0.0,0.0,0.0,171.55,326.3,0,0.0,0
2005-03-15,2005-03-31,OPTIDX,CNXIT,2630.0,CE,0.0,0.0,0.0,166.45,316.4,0,0.0,0
2005-03-15,2005-03-31,OPTIDX,CNXIT,2640.0,CE,0.0,0.0,0.0,161.45,306.5,0,0.0,0
2005-03-15,2005-03-31,OPTIDX,CNXIT,2650.0,CE,0.0,0.0,0.0,156.55,296.65,0,0.0,0
2005-03-15,2005-03-31,OPTIDX,CNXIT,2660.0,CE,0.0,0.0,0.0,250.0,286.8,0,0.0,0
2005-03-15,2005-03-31,OPTIDX,CNXIT,2670.0,CE,0.0,0.0,0.0,147.1,277.0,0,0.0,0
2005-03-15,2005-03-31,OPTIDX,CNXIT,2680.0,CE,0.0,0.0,0.0,142.5,267.2,0,0.0,0
2005-03-15,2005-03-31,OPTIDX,CNXIT,2690.0,CE,0.0,0.0,0.0,138.05,257.45,0,0.0,0
2005-03-15,2005-03-31,OPTIDX,CNXIT,2700.0,CE,0.0,0.0,0.0,166.1,247.75,0,0.0,0
2005-03-15,2005-03-31,OPTIDX,CNXIT,2710.0,CE,0.0,0.0,0.0,160.8,238.15,0,0.0,0
2005-03-15,2005-03-31,OPTIDX,CNXIT,2720.0,CE,0.0,0.0,0.0,174.35,228.55,0,0.0,0
2005-03-15,2005-03-31,OPTIDX,CNXIT,2730.0,CE,0.0,0.0,0.0,168.95,219.05,0,0.0,0
2005-03-15,2005-03-31,OPTIDX,CNXIT,2740.0,CE,0.0,0.0,0.0,163.7,209.65,0,0.0,0
2005-03-15,2005-03-31,OPTIDX,CNXIT,2750.0,CE,0.0,0.0,0.0,158.6,200.35,0,0.0,0
2005-03-15,2005-03-31,OPTIDX,CNXIT,2760.0,CE,0.0,0.0,0.0,153.55,191.1,0,0.0,0
2005-03-15,2005-03-31,OPTIDX,CNXIT,2770.0,CE,0.0,0.0,0.0,173.1,182.0,0,0.0,0
2005-03-15,2005-03-31,OPTIDX,CNXIT,2780.0,CE,0.0,0.0,0.0,167.65,173.05,0,0.0,0
2005-03-15,2005-03-31,OPTIDX,CNXIT,2790.0,CE,0.0,0.0,0.0,162.35,164.25,0,0.0,0
2005-03-15,2005-03-31,OPTIDX,CNXIT,2800.0,CE,0.0,0.0,0.0,157.15,155.55,0,0.0,0
2005-03-15,2005-03-31,OPTIDX,CNXIT,2810.0,CE,0.0,0.0,0.0,152.05,147.1,0,0.0,0
2005-03-15,2005-03-31,OPTIDX,CNXIT,2820.0,CE,0.0,0.0,0.0,172.0,138.75,0,0.0,0
2005-03-15,2005-03-31,OPTIDX,CNXIT,2830.0,CE,0.0,0.0,0.0,166.65,130.65,0,0.0,0
2005-03-15,2005-03-31,OPTIDX,CNXIT,2840.0,CE,0.0,0.0,0.0,161.35,122.75,0,0.0,0
2005-03-15,2005-03-31,OPTIDX,CNXIT,2850.0,CE,0.0,0.0,0.0,156.25,115.1,0,0.0,0
2005-03-15,2005-03-31,OPTIDX,CNXIT,2860.0,CE,0.0,0.0,0.0,151.2,107.75,0,0.0,0
2005-03-15,2005-03-31,OPTIDX,CNXIT,2870.0,CE,0.0,0.0,0.0,150.45,100.4,0,0.0,0
2005-03-15,2005-03-31,OPTIDX,CNXIT,2880.0,CE,0.0,0.0,0.0,144.85,93.5,0,0.0,0
2005-03-15,2005-03-31,OPTIDX,CNXIT,2890.0,CE,0.0,0.0,0.0,139.35,86.8,0,0.0,0
2005-03-15,2005-03-31,OPTIDX,CNXIT,2900.0,CE,0.0,0.0,0.0,134.05,80.45,0,0.0,0
2005-03-15,2005-03-31,OPTIDX,CNXIT,2910.0,CE,0.0,0.0,0.0,128.85,74.3,0,0.0,0
2005-03-15,2005-03-31,OPTIDX,CNXIT,2920.0,CE,0.0,0.0,0.0,123.8,68.5,0,0.0,0
2005-03-15,2005-03-31,OPTIDX,CNXIT,2930.0,CE,0.0,0.0,0.0,118.85,62.95,0,0.0,0
2005-03-15,2005-03-31,OPTIDX,CNXIT,2940.0,CE,0.0,0.0,0.0,137.25,57.7,0,0.0,0
2005-03-15,2005-03-31,OPTIDX,CNXIT,2950.0,CE,0.0,0.0,0.0,132.05,52.75,0,0.0,0
2005-03-15,2005-03-31,OPTIDX,CNXIT,2960.0,CE,0.0,0.0,0.0,127.05,48.1,0,0.0,0
2005-03-15,2005-03-31,OPTIDX,CNXIT,2970.0,CE,0.0,0.0,0.0,122.1,43.75,0,0.0,0
2005-03-15,2005-03-31,OPTIDX,CNXIT,2980.0,CE,0.0,0.0,0.0,132.25,39.65,0,0.0,0
2005-03-15,2005-03-31,OPTIDX,CNXIT,2990.0,CE,0.0,0.0,0.0,127.2,35.85,0,0.0,0
2005-03-15,2005-03-31,OPTIDX,CNXIT,3000.0,CE,0.0,0.0,0.0,122.25,32.3,0,0.0,0
2005-03-15,2005-03-31,OPTIDX,CNXIT,2610.0,PE,0.0,0.0,0.0,120.35,0.2,0,0.0,0
2005-03-15,2005-03-31,OPTIDX,CNXIT,2620.0,PE,0.0,0.0,0.0,125.05,0.25,0,0.0,0
2005-03-15,2005-03-31,OPTIDX,CNXIT,2630.0,PE,0.0,0.0,0.0,129.8,0.3,0,0.0,0
2005-03-15,2005-03-31,OPTIDX,CNXIT,2640.0,PE,0.0,0.0,0.0,134.7,0.4,0,0.0,0
2005-03-15,2005-03-31,OPTIDX,CNXIT,2650.0,PE,0.0,0.0,0.0,139.65,0.5,0,0.0,0
2005-03-15,2005-03-31,OPTIDX,CNXIT,2660.0,PE,0.0,0.0,0.0,144.75,0.65,0,0.0,0
2005-03-15,2005-03-31,OPTIDX,CNXIT,2670.0,PE,0.0,0.0,0.0,149.95,0.8,0,0.0,0
2005-03-15,2005-03-31,OPTIDX,CNXIT,2680.0,PE,0.0,0.0,0.0,155.25,1.0,0,0.0,0
2005-03-15,2005-03-31,OPTIDX,CNXIT,2690.0,PE,0.0,0.0,0.0,160.65,1.2,0,0.0,0
2005-03-15,2005-03-31,OPTIDX,CNXIT,2700.0,PE,0.0,0.0,0.0,107.95,1.5,0,0.0,0
2005-03-15,2005-03-31,OPTIDX,CNXIT,2710.0,PE,0.0,0.0,0.0,112.5,1.85,0,0.0,0
2005-03-15,2005-03-31,OPTIDX,CNXIT,2720.0,PE,0.0,0.0,0.0,109.3,2.25,0,0.0,0
2005-03-15,2005-03-31,OPTIDX,CNXIT,2730.0,PE,0.0,0.0,0.0,113.8,2.7,0,0.0,0
2005-03-15,2005-03-31,OPTIDX,CNXIT,2740.0,PE,0.0,0.0,0.0,118.4,3.3,0,0.0,0
2005-03-15,2005-03-31,OPTIDX,CNXIT,2750.0,PE,0.0,0.0,0.0,123.15,3.95,0,0.0,0
2005-03-15,2005-03-31,OPTIDX,CNXIT,2760.0,PE,0.0,0.0,0.0,128.0,4.7,0,0.0,0
2005-03-15,2005-03-31,OPTIDX,CNXIT,2770.0,PE,0.0,0.0,0.0,104.3,5.6,0,0.0,0
2005-03-15,2005-03-31,OPTIDX,CNXIT,2780.0,PE,0.0,0.0,0.0,108.75,6.6,0,0.0,0
2005-03-15,2005-03-31,OPTIDX,CNXIT,2790.0,PE,0.0,0.0,0.0,113.3,7.75,0,0.0,0
2005-03-15,2005-03-31,OPTIDX,CNXIT,2800.0,PE,0.0,0.0,0.0,118.0,9.05,0,0.0,0
2005-03-15,2005-03-31,OPTIDX,CNXIT,2810.0,PE,0.0,0.0,0.0,122.75,10.55,0,0.0,0
2005-03-15,2005-03-31,OPTIDX,CNXIT,2820.0,PE,0.0,0.0,0.0,107.95,12.2,0,0.0,0
2005-03-15,2005-03-31,OPTIDX,CNXIT,2830.0,PE,0.0,0.0,0.0,112.45,14.1,0,0.0,0
2005-03-15,2005-03-31,OPTIDX,CNXIT,2840.0,PE,0.0,0.0,0.0,117.1,16.15,0,0.0,0
2005-03-15,2005-03-31,OPTIDX,CNXIT,2850.0,PE,0.0,0.0,0.0,121.8,18.45,0,0.0,0
2005-03-15,2005-03-31,OPTIDX,CNXIT,2860.0,PE,0.0,0.0,0.0,126.65,21.1,0,0.0,0
2005-03-15,2005-03-31,OPTIDX,CNXIT,2870.0,PE,0.0,0.0,0.0,82.45,23.75,0,0.0,0
2005-03-15,2005-03-31,OPTIDX,CNXIT,2880.0,PE,0.0,0.0,0.0,86.7,26.8,0,0.0,0
2005-03-15,2005-03-31,OPTIDX,CNXIT,2890.0,PE,0.0,0.0,0.0,91.1,30.1,0,0.0,0
2005-03-15,2005-03-31,OPTIDX,CNXIT,2900.0,PE,0.0,0.0,0.0,95.65,33.7,0,0.0,0
2005-03-15,2005-03-31,OPTIDX,CNXIT,2910.0,PE,0.0,0.0,0.0,100.3,37.55,0,0.0,0
2005-03-15,2005-03-31,OPTIDX,CNXIT,2920.0,PE,0.0,0.0,0.0,105.1,41.7,0,0.0,0
2005-03-15,2005-03-31,OPTIDX,CNXIT,2930.0,PE,0.0,0.0,0.0,110.0,46.15,0,0.0,0
2005-03-15,2005-03-31,OPTIDX,CNXIT,2940.0,PE,0.0,0.0,0.0,99.45,50.9,0,0.0,0
2005-03-15,2005-03-31,OPTIDX,CNXIT,2950.0,PE,0.0,0.0,0.0,104.15,55.9,0,0.0,0
2005-03-15,2005-03-31,OPTIDX,CNXIT,2960.0,PE,0.0,0.0,0.0,108.95,61.2,0,0.0,0
2005-03-15,2005-03-31,OPTIDX,CNXIT,2970.0,PE,0.0,0.0,0.0,113.9,66.8,0,0.0,0
2005-03-15,2005-03-31,OPTIDX,CNXIT,2980.0,PE,0.0,0.0,0.0,103.2,72.7,0,0.0,0
2005-03-15,2005-03-31,OPTIDX,CNXIT,2990.0,PE,0.0,0.0,0.0,108.0,78.85,0,0.0,0
2005-03-15,2005-03-31,OPTIDX,CNXIT,3000.0,PE,0.0,0.0,0.0,112.95,85.3,0,0.0,0
2005-03-15,2005-04-28,OPTIDX,CNXIT,2690.0,CE,0.0,0.0,0.0,195.0,280.0,0,0.0,0
2005-03-15,2005-04-28,OPTIDX,CNXIT,2700.0,CE,0.0,0.0,0.0,189.75,271.25,0,0.0,0
2005-03-15,2005-04-28,OPTIDX,CNXIT,2710.0,CE,0.0,0.0,0.0,184.6,262.6,0,0.0,0
2005-03-15,2005-04-28,OPTIDX,CNXIT,2720.0,CE,0.0,0.0,0.0,179.5,254.0,0,0.0,0
2005-03-15,2005-04-28,OPTIDX,CNXIT,2730.0,CE,0.0,0.0,0.0,174.55,245.55,0,0.0,0
2005-03-15,2005-04-28,OPTIDX,CNXIT,2740.0,CE,0.0,0.0,0.0,169.65,237.2,0,0.0,0
2005-03-15,2005-04-28,OPTIDX,CNXIT,2750.0,CE,0.0,0.0,0.0,164.9,229.0,0,0.0,0
2005-03-15,2005-04-28,OPTIDX,CNXIT,2760.0,CE,0.0,0.0,0.0,221.8,220.9,0,0.0,0
2005-03-15,2005-04-28,OPTIDX,CNXIT,2770.0,CE,0.0,0.0,0.0,216.45,212.9,0,0.0,0
2005-03-15,2005-04-28,OPTIDX,CNXIT,2780.0,CE,0.0,0.0,0.0,211.25,205.05,0,0.0,0
2005-03-15,2005-04-28,OPTIDX,CNXIT,2790.0,CE,0.0,0.0,0.0,206.1,197.35,0,0.0,0
2005-03-15,2005-04-28,OPTIDX,CNXIT,2800.0,CE,0.0,0.0,0.0,201.0,189.8,0,0.0,0
2005-03-15,2005-04-28,OPTIDX,CNXIT,2810.0,CE,0.0,0.0,0.0,196.05,182.45,0,0.0,0
2005-03-15,2005-04-28,OPTIDX,CNXIT,2820.0,CE,0.0,0.0,0.0,191.15,175.2,0,0.0,0
2005-03-15,2005-04-28,OPTIDX,CNXIT,2830.0,CE,0.0,0.0,0.0,186.35,167.95,0,0.0,0
2005-03-15,2005-04-28,OPTIDX,CNXIT,2840.0,CE,0.0,0.0,0.0,181.65,160.95,0,0.0,0
2005-03-15,2005-04-28,OPTIDX,CNXIT,2850.0,CE,0.0,0.0,0.0,197.05,154.15,0,0.0,0
2005-03-15,2005-04-28,OPTIDX,CNXIT,2860.0,CE,0.0,0.0,0.0,192.1,147.5,0,0.0,0
2005-03-15,2005-04-28,OPTIDX,CNXIT,2870.0,CE,0.0,0.0,0.0,187.3,141.05,0,0.0,0
2005-03-15,2005-04-28,OPTIDX,CNXIT,2880.0,CE,0.0,0.0,0.0,182.55,134.75,0,0.0,0
2005-03-15,2005-04-28,OPTIDX,CNXIT,2890.0,CE,0.0,0.0,0.0,170.35,128.6,0,0.0,0
2005-03-15,2005-04-28,OPTIDX,CNXIT,2900.0,CE,0.0,0.0,0.0,162.2,122.65,0,0.0,0
2005-03-15,2005-04-28,OPTIDX,CNXIT,2910.0,CE,0.0,0.0,0.0,188.1,116.85,0,0.0,0
2005-03-15,2005-04-28,OPTIDX,CNXIT,2920.0,CE,0.0,0.0,0.0,182.75,111.25,0,0.0,0
2005-03-15,2005-04-28,OPTIDX,CNXIT,2930.0,CE,0.0,0.0,0.0,177.55,105.8,0,0.0,0
2005-03-15,2005-04-28,OPTIDX,CNXIT,2940.0,CE,0.0,0.0,0.0,172.4,100.5,0,0.0,0
2005-03-15,2005-04-28,OPTIDX,CNXIT,2950.0,CE,0.0,0.0,0.0,167.35,95.4,0,0.0,0
2005-03-15,2005-04-28,OPTIDX,CNXIT,2960.0,CE,0.0,0.0,0.0,162.45,90.5,0,0.0,0
2005-03-15,2005-04-28,OPTIDX,CNXIT,2970.0,CE,0.0,0.0,0.0,157.6,85.75,0,0.0,0
2005-03-15,2005-04-28,OPTIDX,CNXIT,2980.0,CE,0.0,0.0,0.0,116.3,81.2,0,0.0,0
2005-03-15,2005-04-28,OPTIDX,CNXIT,2990.0,CE,0.0,0.0,0.0,111.55,76.8,0,0.0,0
2005-03-15,2005-04-28,OPTIDX,CNXIT,3000.0,CE,0.0,0.0,0.0,110.7,72.55,0,0.0,0
2005-03-15,2005-04-28,OPTIDX,CNXIT,2690.0,PE,0.0,0.0,0.0,126.8,10.9,0,0.0,0
2005-03-15,2005-04-28,OPTIDX,CNXIT,2700.0,PE,0.0,0.0,0.0,131.4,12.05,0,0.0,0
2005-03-15,2005-04-28,OPTIDX,CNXIT,2710.0,PE,0.0,0.0,0.0,136.1,13.35,0,0.0,0
2005-03-15,2005-04-28,OPTIDX,CNXIT,2720.0,PE,0.0,0.0,0.0,140.9,14.7,0,0.0,0
2005-03-15,2005-04-28,OPTIDX,CNXIT,2730.0,PE,0.0,0.0,0.0,145.8,16.2,0,0.0,0
2005-03-15,2005-04-28,OPTIDX,CNXIT,2740.0,PE,0.0,0.0,0.0,150.75,17.75,0,0.0,0
2005-03-15,2005-04-28,OPTIDX,CNXIT,2750.0,PE,0.0,0.0,0.0,155.85,19.45,0,0.0,0
2005-03-15,2005-04-28,OPTIDX,CNXIT,2760.0,PE,0.0,0.0,0.0,137.15,21.3,0,0.0,0
2005-03-15,2005-04-28,OPTIDX,CNXIT,2770.0,PE,0.0,0.0,0.0,141.7,23.25,0,0.0,0
2005-03-15,2005-04-28,OPTIDX,CNXIT,2780.0,PE,0.0,0.0,0.0,146.3,25.3,0,0.0,0
2005-03-15,2005-04-28,OPTIDX,CNXIT,2790.0,PE,0.0,0.0,0.0,151.05,27.55,0,0.0,0
2005-03-15,2005-04-28,OPTIDX,CNXIT,2800.0,PE,0.0,0.0,0.0,155.85,29.9,0,0.0,0
2005-03-15,2005-04-28,OPTIDX,CNXIT,2810.0,PE,0.0,0.0,0.0,160.7,32.5,0,0.0,0
2005-03-15,2005-04-28,OPTIDX,CNXIT,2820.0,PE,0.0,0.0,0.0,165.7,35.15,0,0.0,0
2005-03-15,2005-04-28,OPTIDX,CNXIT,2830.0,PE,0.0,0.0,0.0,170.75,37.8,0,0.0,0
2005-03-15,2005-04-28,OPTIDX,CNXIT,2840.0,PE,0.0,0.0,0.0,175.9,40.8,0,0.0,0
2005-03-15,2005-04-28,OPTIDX,CNXIT,2850.0,PE,0.0,0.0,0.0,159.2,43.9,0,0.0,0
2005-03-15,2005-04-28,OPTIDX,CNXIT,2860.0,PE,0.0,0.0,0.0,164.1,47.2,0,0.0,0
2005-03-15,2005-04-28,OPTIDX,CNXIT,2870.0,PE,0.0,0.0,0.0,169.15,50.65,0,0.0,0
2005-03-15,2005-04-28,OPTIDX,CNXIT,2880.0,PE,0.0,0.0,0.0,174.3,54.25,0,0.0,0
2005-03-15,2005-04-28,OPTIDX,CNXIT,2890.0,PE,0.0,0.0,0.0,160.2,58.05,0,0.0,0
2005-03-15,2005-04-28,OPTIDX,CNXIT,2900.0,PE,0.0,0.0,0.0,153.9,62.0,0,0.0,0
2005-03-15,2005-04-28,OPTIDX,CNXIT,2910.0,PE,0.0,0.0,0.0,120.0,66.15,0,0.0,0
2005-03-15,2005-04-28,OPTIDX,CNXIT,2920.0,PE,0.0,0.0,0.0,124.55,70.45,0,0.0,0
2005-03-15,2005-04-28,OPTIDX,CNXIT,2930.0,PE,0.0,0.0,0.0,129.2,74.95,0,0.0,0
2005-03-15,2005-04-28,OPTIDX,CNXIT,2940.0,PE,0.0,0.0,0.0,133.95,79.6,0,0.0,0
2005-03-15,2005-04-28,OPTIDX,CNXIT,2950.0,PE,0.0,0.0,0.0,138.8,84.45,0,0.0,0
2005-03-15,2005-04-28,OPTIDX,CNXIT,2960.0,PE,0.0,0.0,0.0,143.75,89.45,0,0.0,0
2005-03-15,2005-04-28,OPTIDX,CNXIT,2970.0,PE,0.0,0.0,0.0,148.8,94.65,0,0.0,0
2005-03-15,2005-04-28,OPTIDX,CNXIT,2980.0,PE,0.0,0.0,0.0,112.5,100.0,0,0.0,0
2005-03-15,2005-04-28,OPTIDX,CNXIT,2990.0,PE,0.0,0.0,0.0,117.65,105.5,0,0.0,0
2005-03-15,2005-04-28,OPTIDX,CNXIT,3000.0,PE,0.0,0.0,0.0,111.4,111.2,0,0.0,0
2005-03-15,2005-05-26,OPTIDX,CNXIT,2820.0,CE,0.0,0.0,0.0,177.15,204.7,0,0.0,0
2005-03-15,2005-05-26,OPTIDX,CNXIT,2830.0,CE,0.0,0.0,0.0,171.65,197.95,0,0.0,0
2005-03-15,2005-05-26,OPTIDX,CNXIT,2840.0,CE,0.0,0.0,0.0,166.25,191.35,0,0.0,0
2005-03-15,2005-05-26,OPTIDX,CNXIT,2850.0,CE,0.0,0.0,0.0,160.95,184.85,0,0.0,0
2005-03-15,2005-05-26,OPTIDX,CNXIT,2860.0,CE,0.0,0.0,0.0,155.8,178.45,0,0.0,0
2005-03-15,2005-05-26,OPTIDX,CNXIT,2870.0,CE,0.0,0.0,0.0,150.7,172.25,0,0.0,0
2005-03-15,2005-05-26,OPTIDX,CNXIT,2880.0,CE,0.0,0.0,0.0,145.75,166.15,0,0.0,0
2005-03-15,2005-05-26,OPTIDX,CNXIT,2890.0,CE,0.0,0.0,0.0,178.45,160.2,0,0.0,0
2005-03-15,2005-05-26,OPTIDX,CNXIT,2900.0,CE,0.0,0.0,0.0,173.0,154.35,0,0.0,0
2005-03-15,2005-05-26,OPTIDX,CNXIT,2910.0,CE,0.0,0.0,0.0,167.7,148.65,0,0.0,0
2005-03-15,2005-05-26,OPTIDX,CNXIT,2920.0,CE,0.0,0.0,0.0,162.5,143.1,0,0.0,0
2005-03-15,2005-05-26,OPTIDX,CNXIT,2930.0,CE,0.0,0.0,0.0,157.4,137.65,0,0.0,0
2005-03-15,2005-05-26,OPTIDX,CNXIT,2940.0,CE,0.0,0.0,0.0,152.45,132.4,0,0.0,0
2005-03-15,2005-05-26,OPTIDX,CNXIT,2950.0,CE,0.0,0.0,0.0,147.55,127.25,0,0.0,0
2005-03-15,2005-05-26,OPTIDX,CNXIT,2960.0,CE,0.0,0.0,0.0,158.75,122.2,0,0.0,0
2005-03-15,2005-05-26,OPTIDX,CNXIT,2970.0,CE,0.0,0.0,0.0,153.85,117.35,0,0.0,0
2005-03-15,2005-05-26,OPTIDX,CNXIT,2980.0,CE,0.0,0.0,0.0,150.35,112.6,0,0.0,0
2005-03-15,2005-05-26,OPTIDX,CNXIT,2990.0,CE,0.0,0.0,0.0,145.5,107.95,0,0.0,0
2005-03-15,2005-05-26,OPTIDX,CNXIT,3000.0,CE,0.0,0.0,0.0,144.4,103.5,0,0.0,0
2005-03-15,2005-05-26,OPTIDX,CNXIT,2820.0,PE,0.0,0.0,0.0,100.45,51.85,0,0.0,0
2005-03-15,2005-05-26,OPTIDX,CNXIT,2830.0,PE,0.0,0.0,0.0,104.8,54.95,0,0.0,0
2005-03-15,2005-05-26,OPTIDX,CNXIT,2840.0,PE,0.0,0.0,0.0,109.25,58.25,0,0.0,0
2005-03-15,2005-05-26,OPTIDX,CNXIT,2850.0,PE,0.0,0.0,0.0,113.8,61.6,0,0.0,0
2005-03-15,2005-05-26,OPTIDX,CNXIT,2860.0,PE,0.0,0.0,0.0,118.5,65.15,0,0.0,0
2005-03-15,2005-05-26,OPTIDX,CNXIT,2870.0,PE,0.0,0.0,0.0,123.25,68.8,0,0.0,0
2005-03-15,2005-05-26,OPTIDX,CNXIT,2880.0,PE,0.0,0.0,0.0,128.15,72.55,0,0.0,0
2005-03-15,2005-05-26,OPTIDX,CNXIT,2890.0,PE,0.0,0.0,0.0,107.7,76.5,0,0.0,0
2005-03-15,2005-05-26,OPTIDX,CNXIT,2900.0,PE,0.0,0.0,0.0,112.1,80.55,0,0.0,0
2005-03-15,2005-05-26,OPTIDX,CNXIT,2910.0,PE,0.0,0.0,0.0,116.65,84.7,0,0.0,0
2005-03-15,2005-05-26,OPTIDX,CNXIT,2920.0,PE,0.0,0.0,0.0,121.3,89.05,0,0.0,0
2005-03-15,2005-05-26,OPTIDX,CNXIT,2930.0,PE,0.0,0.0,0.0,126.1,93.5,0,0.0,0
2005-03-15,2005-05-26,OPTIDX,CNXIT,2940.0,PE,0.0,0.0,0.0,130.95,98.1,0,0.0,0
2005-03-15,2005-05-26,OPTIDX,CNXIT,2950.0,PE,0.0,0.0,0.0,135.9,102.85,0,0.0,0
2005-03-15,2005-05-26,OPTIDX,CNXIT,2960.0,PE,0.0,0.0,0.0,135.85,107.7,0,0.0,0
2005-03-15,2005-05-26,OPTIDX,CNXIT,2970.0,PE,0.0,0.0,0.0,140.85,112.7,0,0.0,0
2005-03-15,2005-05-26,OPTIDX,CNXIT,2980.0,PE,0.0,0.0,0.0,133.05,117.85,0,0.0,0
2005-03-15,2005-05-26,OPTIDX,CNXIT,2990.0,PE,0.0,0.0,0.0,138.1,123.1,0,0.0,0
2005-03-15,2005-05-26,OPTIDX,CNXIT,3000.0,PE,0.0,0.0,0.0,131.55,128.5,0,0.0,0
2005-03-15,2005-03-31,OPTIDX,NIFTY,1880.0,CE,0.0,0.0,0.0,290.0,253.5,0,0.0,0
2005-03-15,2005-03-31,OPTIDX,NIFTY,1890.0,CE,0.0,0.0,0.0,280.0,243.55,0,0.0,0
2005-03-15,2005-03-31,OPTIDX,NIFTY,1900.0,CE,234.5,234.5,206.0,220.6,220.6,43,182.49,113000
2005-03-15,2005-03-31,OPTIDX,NIFTY,1910.0,CE,0.0,0.0,0.0,175.0,223.6,0,0.0,2000
2005-03-15,2005-03-31,OPTIDX,NIFTY,1920.0,CE,0.0,0.0,0.0,255.0,213.65,0,0.0,2000
2005-03-15,2005-03-31,OPTIDX,NIFTY,1930.0,CE,0.0,0.0,0.0,240.0,203.7,0,0.0,0
2005-03-15,2005-03-31,OPTIDX,NIFTY,1940.0,CE,0.0,0.0,0.0,230.0,193.75,0,0.0,0
2005-03-15,2005-03-31,OPTIDX,NIFTY,1950.0,CE,167.0,167.0,155.0,155.0,155.0,2,8.44,40400
2005-03-15,2005-03-31,OPTIDX,NIFTY,1960.0,CE,0.0,0.0,0.0,235.0,173.9,0,0.0,200
2005-03-15,2005-03-31,OPTIDX,NIFTY,1970.0,CE,0.0,0.0,0.0,200.0,164.05,0,0.0,5000
2005-03-15,2005-03-31,OPTIDX,NIFTY,1980.0,CE,0.0,0.0,0.0,125.0,154.25,0,0.0,0
2005-03-15,2005-03-31,OPTIDX,NIFTY,1990.0,CE,0.0,0.0,0.0,165.0,144.5,0,0.0,0
2005-03-15,2005-03-31,OPTIDX,NIFTY,2000.0,CE,137.0,141.0,120.0,129.9,129.9,92,392.11,180200
2005-03-15,2005-03-31,OPTIDX,NIFTY,2010.0,CE,110.0,110.0,110.0,110.0,110.0,15,63.6,3000
2005-03-15,2005-03-31,OPTIDX,NIFTY,2020.0,CE,0.0,0.0,0.0,150.0,115.85,0,0.0,200
2005-03-15,2005-03-31,OPTIDX,NIFTY,2030.0,CE,0.0,0.0,0.0,140.0,106.65,0,0.0,600
2005-03-15,2005-03-31,OPTIDX,NIFTY,2040.0,CE,86.0,86.0,86.0,86.0,86.0,1,4.25,1600
2005-03-15,2005-03-31,OPTIDX,NIFTY,2050.0,CE,91.05,95.0,75.85,81.7,81.7,231,985.49,623800
2005-03-15,2005-03-31,OPTIDX,NIFTY,2060.0,CE,0.0,0.0,0.0,110.0,80.35,0,0.0,24800
2005-03-15,2005-03-31,OPTIDX,NIFTY,2070.0,CE,66.1,71.0,62.0,63.0,63.0,36,153.74,20000
2005-03-15,2005-03-31,OPTIDX,NIFTY,2080.0,CE,67.5,67.5,52.25,54.05,54.05,24,102.57,61800
2005-03-15,2005-03-31,OPTIDX,NIFTY,2090.0,CE,99.0,99.0,26.0,60.0,60.0,70,300.47,15200
2005-03-15,2005-03-31,OPTIDX,NIFTY,2100.0,CE,54.25,57.0,41.2,44.3,44.3,2621,11255.88,1531400
2005-03-15,2005-03-31,OPTIDX,NIFTY,2110.0,CE,43.0,43.0,36.05,37.05,37.05,51,219.2,12400
2005-03-15,2005-03-31,OPTIDX,NIFTY,2120.0,CE,41.85,41.85,28.0,30.3,30.3,198,852.46,194800
2005-03-15,2005-03-31,OPTIDX,NIFTY,2130.0,CE,35.0,35.0,23.0,25.9,25.9,158,682.04,32800
2005-03-15,2005-03-31,OPTIDX,NIFTY,2140.0,CE,27.0,30.0,17.5,23.1,23.1,234,1012.91,68000
2005-03-15,2005-03-31,OPTIDX,NIFTY,2150.0,CE,25.1,25.95,14.9,17.25,17.25,3603,15629.92,1668600
2005-03-15,2005-03-31,OPTIDX,NIFTY,2160.0,CE,22.0,22.0,11.9,14.0,14.0,93,404.8,91400
2005-03-15,2005-03-31,OPTIDX,NIFTY,2170.0,CE,15.0,16.0,8.1,9.45,9.45,65,283.69,43200
2005-03-15,2005-03-31,OPTIDX,NIFTY,2180.0,CE,15.0,15.0,7.0,8.4,8.4,374,1638.27,339000
2005-03-15,2005-03-31,OPTIDX,NIFTY,2190.0,CE,10.8,10.8,5.15,6.9,6.9,120,527.64,88400
2005-03-15,2005-03-31,OPTIDX,NIFTY,2200.0,CE,8.0,9.0,4.35,6.1,6.1,552,2436.03,230600
2005-03-15,2005-03-31,OPTIDX,NIFTY,1880.0,PE,0.0,0.0,0.0,1.55,0.0,0,0.0,45000
2005-03-15,2005-03-31,OPTIDX,NIFTY,1890.0,PE,0.0,0.0,0.0,0.05,0.05,0,0.0,0
2005-03-15,2005-03-31,OPTIDX,NIFTY,1900.0,PE,1.1,1.45,1.1,1.45,1.45,5,19.01,228000
2005-03-15,2005-03-31,OPTIDX,NIFTY,1910.0,PE,0.0,0.0,0.0,5.0,0.05,0,0.0,200
2005-03-15,2005-03-31,OPTIDX,NIFTY,1920.0,PE,2.0,2.0,2.0,2.0,2.0,1,3.84,400
2005-03-15,2005-03-31,OPTIDX,NIFTY,1930.0,PE,0.0,0.0,0.0,64.4,0.05,0,0.0,0
2005-03-15,2005-03-31,OPTIDX,NIFTY,1940.0,PE,0.0,0.0,0.0,5.0,0.1,0,0.0,200
2005-03-15,2005-03-31,OPTIDX,NIFTY,1950.0,PE,3.0,3.0,2.35,2.85,2.85,25,97.63,440800
2005-03-15,2005-03-31,OPTIDX,NIFTY,1960.0,PE,0.0,0.0,0.0,7.6,0.25,0,0.0,2000
2005-03-15,2005-03-31,OPTIDX,NIFTY,1970.0,PE,0.0,0.0,0.0,16.45,0.35,0,0.0,1000
2005-03-15,2005-03-31,OPTIDX,NIFTY,1980.0,PE,4.0,4.0,4.0,4.0,4.0,1,3.96,8200
2005-03-15,2005-03-31,OPTIDX,NIFTY,1990.0,PE,0.0,0.0,0.0,8.85,0.75,0,0.0,1000
2005-03-15,2005-03-31,OPTIDX,NIFTY,2000.0,PE,6.0,6.2,4.35,5.0,5.0,329,1319.42,1166200
2005-03-15,2005-03-31,OPTIDX,NIFTY,2010.0,PE,0.0,0.0,0.0,5.0,1.45,0,0.0,3200
2005-03-15,2005-03-31,OPTIDX,NIFTY,2020.0,PE,0.0,0.0,0.0,5.0,2.05,0,0.0,13600
2005-03-15,2005-03-31,OPTIDX,NIFTY,2030.0,PE,5.5,5.75,5.5,5.75,5.75,4,16.28,13200
2005-03-15,2005-03-31,OPTIDX,NIFTY,2040.0,PE,6.2,9.0,6.15,8.95,8.95,10,40.95,21800
2005-03-15,2005-03-31,OPTIDX,NIFTY,2050.0,PE,10.0,12.25,9.0,10.65,10.65,686,2827.18,1665200
2005-03-15,2005-03-31,OPTIDX,NIFTY,2060.0,PE,11.0,13.0,10.0,11.0,11.0,79,327.17,70000
2005-03-15,2005-03-31,OPTIDX,NIFTY,2070.0,PE,13.05,15.8,13.0,15.0,15.0,34,141.68,77400
2005-03-15,2005-03-31,OPTIDX,NIFTY,2080.0,PE,13.9,18.85,13.25,16.05,16.05,105,440.23,82800
2005-03-15,2005-03-31,OPTIDX,NIFTY,2090.0,PE,17.0,22.3,17.0,17.0,17.0,40,168.77,45600
2005-03-15,2005-03-31,OPTIDX,NIFTY,2100.0,PE,22.0,28.25,19.2,24.1,24.1,3923,16666.79,2824000
2005-03-15,2005-03-31,OPTIDX,NIFTY,2110.0,PE,26.0,31.5,24.5,26.65,26.65,56,239.34,33800
2005-03-15,2005-03-31,OPTIDX,NIFTY,2120.0,PE,25.0,35.0,25.0,30.25,30.25,164,705.6,55200
2005-03-15,2005-03-31,OPTIDX,NIFTY,2130.0,PE,29.5,40.0,27.5,32.1,32.1,97,419.8,30000
2005-03-15,2005-03-31,OPTIDX,NIFTY,2140.0,PE,30.0,44.5,30.0,41.25,41.25,102,444.55,36600
2005-03-15,2005-03-31,OPTIDX,NIFTY,2150.0,PE,40.0,51.4,38.15,45.9,45.9,2528,11096.53,766600
2005-03-15,2005-03-31,OPTIDX,NIFTY,2160.0,PE,45.9,57.0,45.0,57.0,57.0,44,194.55,23000
2005-03-15,2005-03-31,OPTIDX,NIFTY,2170.0,PE,49.9,60.0,49.9,57.95,57.95,13,57.88,12200
2005-03-15,2005-03-31,OPTIDX,NIFTY,2180.0,PE,60.0,72.0,59.85,68.15,68.15,50,224.51,85400
2005-03-15,2005-03-31,OPTIDX,NIFTY,2190.0,PE,69.0,75.0,69.0,75.0,75.0,5,22.62,9400
2005-03-15,2005-03-31,OPTIDX,NIFTY,2200.0,PE,76.0,94.8,73.0,85.25,85.25,60,273.66,23400
2005-03-15,2005-04-28,OPTIDX,NIFTY,1930.0,CE,0.0,0.0,0.0,115.35,214.7,0,0.0,0
2005-03-15,2005-04-28,OPTIDX,NIFTY,1940.0,CE,217.0,218.0,217.0,218.0,218.0,10,43.15,2000
2005-03-15,2005-04-28,OPTIDX,NIFTY,1950.0,CE,210.0,210.0,210.0,210.0,210.0,5,21.6,1000
2005-03-15,2005-04-28,OPTIDX,NIFTY,1960.0,CE,0.0,0.0,0.0,200.0,186.5,0,0.0,0
2005-03-15,2005-04-28,OPTIDX,NIFTY,1970.0,CE,0.0,0.0,0.0,94.2,177.35,0,0.0,0
2005-03-15,2005-04-28,OPTIDX,NIFTY,1980.0,CE,0.0,0.0,0.0,89.35,168.3,0,0.0,0
2005-03-15,2005-04-28,OPTIDX,NIFTY,1990.0,CE,0.0,0.0,0.0,84.65,159.35,0,0.0,0
2005-03-15,2005-04-28,OPTIDX,NIFTY,2000.0,CE,0.0,0.0,0.0,160.0,150.6,0,0.0,17000
2005-03-15,2005-04-28,OPTIDX,NIFTY,2010.0,CE,0.0,0.0,0.0,113.5,142.0,0,0.0,0
2005-03-15,2005-04-28,OPTIDX,NIFTY,2020.0,CE,0.0,0.0,0.0,108.5,133.65,0,0.0,0
2005-03-15,2005-04-28,OPTIDX,NIFTY,2030.0,CE,0.0,0.0,0.0,103.6,125.45,0,0.0,0
2005-03-15,2005-04-28,OPTIDX,NIFTY,2040.0,CE,0.0,0.0,0.0,98.9,117.45,0,0.0,0
2005-03-15,2005-04-28,OPTIDX,NIFTY,2050.0,CE,115.0,115.0,107.2,110.0,110.0,51,220.55,46000
2005-03-15,2005-04-28,OPTIDX,NIFTY,2060.0,CE,0.0,0.0,0.0,113.8,102.3,0,0.0,0
2005-03-15,2005-04-28,OPTIDX,NIFTY,2070.0,CE,0.0,0.0,0.0,108.8,95.0,0,0.0,0
2005-03-15,2005-04-28,OPTIDX,NIFTY,2080.0,CE,0.0,0.0,0.0,103.95,88.05,0,0.0,0
2005-03-15,2005-04-28,OPTIDX,NIFTY,2090.0,CE,0.0,0.0,0.0,93.5,81.4,0,0.0,600
2005-03-15,2005-04-28,OPTIDX,NIFTY,2100.0,CE,77.1,77.1,64.0,74.0,74.0,43,186.6,85000
2005-03-15,2005-04-28,OPTIDX,NIFTY,2110.0,CE,0.0,0.0,0.0,80.0,68.95,0,0.0,400
2005-03-15,2005-04-28,OPTIDX,NIFTY,2120.0,CE,0.0,0.0,0.0,83.5,63.2,0,0.0,0
2005-03-15,2005-04-28,OPTIDX,NIFTY,2130.0,CE,0.0,0.0,0.0,62.0,57.75,0,0.0,3600
2005-03-15,2005-04-28,OPTIDX,NIFTY,2140.0,CE,0.0,0.0,0.0,67.5,52.6,0,0.0,600
2005-03-15,2005-04-28,OPTIDX,NIFTY,2150.0,CE,54.0,54.0,43.0,44.4,44.4,62,272.39,70800
2005-03-15,2005-04-28,OPTIDX,NIFTY,2160.0,CE,36.05,40.0,36.05,40.0,40.0,2,8.79,7400
2005-03-15,2005-04-28,OPTIDX,NIFTY,2170.0,CE,0.0,0.0,0.0,50.0,39.05,0,0.0,200
2005-03-15,2005-04-28,OPTIDX,NIFTY,2180.0,CE,36.1,36.1,32.0,32.0,32.0,14,61.98,35200
2005-03-15,2005-04-28,OPTIDX,NIFTY,2190.0,CE,0.0,0.0,0.0,42.6,31.5,0,0.0,1000
2005-03-15,2005-04-28,OPTIDX,NIFTY,2200.0,CE,31.0,31.0,25.5,26.45,26.45,24,106.89,9800
2005-03-15,2005-04-28,OPTIDX,NIFTY,1930.0,PE,0.0,0.0,0.0,63.3,1.85,0,0.0,0
2005-03-15,2005-04-28,OPTIDX,NIFTY,1940.0,PE,0.0,0.0,0.0,67.6,2.3,0,0.0,0
2005-03-15,2005-04-28,OPTIDX,NIFTY,1950.0,PE,12.0,12.0,12.0,12.0,12.0,1,3.92,80000
2005-03-15,2005-04-28,OPTIDX,NIFTY,1960.0,PE,0.0,0.0,0.0,76.75,3.45,0,0.0,0
2005-03-15,2005-04-28,OPTIDX,NIFTY,1970.0,PE,0.0,0.0,0.0,81.6,4.2,0,0.0,0
2005-03-15,2005-04-28,OPTIDX,NIFTY,1980.0,PE,0.0,0.0,0.0,86.6,5.1,0,0.0,0
2005-03-15,2005-04-28,OPTIDX,NIFTY,1990.0,PE,0.0,0.0,0.0,91.8,6.1,0,0.0,0
2005-03-15,2005-04-28,OPTIDX,NIFTY,2000.0,PE,19.0,19.0,19.0,19.0,19.0,1,4.03,61600
2005-03-15,2005-04-28,OPTIDX,NIFTY,2010.0,PE,0.0,0.0,0.0,10.05,8.6,0,0.0,0
2005-03-15,2005-04-28,OPTIDX,NIFTY,2020.0,PE,0.0,0.0,0.0,92.1,10.15,0,0.0,0
2005-03-15,2005-04-28,OPTIDX,NIFTY,2030.0,PE,0.0,0.0,0.0,97.1,11.9,0,0.0,0
2005-03-15,2005-04-28,OPTIDX,NIFTY,2040.0,PE,0.0,0.0,0.0,102.25,13.85,0,0.0,0
2005-03-15,2005-04-28,OPTIDX,NIFTY,2050.0,PE,22.0,31.15,22.0,29.95,29.95,41,170.49,29800
2005-03-15,2005-04-28,OPTIDX,NIFTY,2060.0,PE,0.0,0.0,0.0,88.4,18.55,0,0.0,0
2005-03-15,2005-04-28,OPTIDX,NIFTY,2070.0,PE,0.0,0.0,0.0,93.25,21.15,0,0.0,0
2005-03-15,2005-04-28,OPTIDX,NIFTY,2080.0,PE,0.0,0.0,0.0,98.3,24.15,0,0.0,0
2005-03-15,2005-04-28,OPTIDX,NIFTY,2090.0,PE,0.0,0.0,0.0,103.45,27.4,0,0.0,0
2005-03-15,2005-04-28,OPTIDX,NIFTY,2100.0,PE,55.0,55.0,44.5,52.0,52.0,274,1179.33,123200
2005-03-15,2005-04-28,OPTIDX,NIFTY,2110.0,PE,0.0,0.0,0.0,102.75,34.8,0,0.0,0
2005-03-15,2005-04-28,OPTIDX,NIFTY,2120.0,PE,0.0,0.0,0.0,80.5,39.0,0,0.0,0
2005-03-15,2005-04-28,OPTIDX,NIFTY,2130.0,PE,0.0,0.0,0.0,50.0,43.45,0,0.0,400
2005-03-15,2005-04-28,OPTIDX,NIFTY,2140.0,PE,0.0,0.0,0.0,55.0,48.25,0,0.0,200
2005-03-15,2005-04-28,OPTIDX,NIFTY,2150.0,PE,68.0,78.9,66.6,73.0,73.0,146,648.23,132600
2005-03-15,2005-04-28,OPTIDX,NIFTY,2160.0,PE,0.0,0.0,0.0,72.7,58.75,0,0.0,0
2005-03-15,2005-04-28,OPTIDX,NIFTY,2170.0,PE,0.0,0.0,0.0,67.3,64.45,0,0.0,0
2005-03-15,2005-04-28,OPTIDX,NIFTY,2180.0,PE,0.0,0.0,0.0,72.55,70.5,0,0.0,0
2005-03-15,2005-04-28,OPTIDX,NIFTY,2190.0,PE,0.0,0.0,0.0,69.25,76.8,0,0.0,0
2005-03-15,2005-04-28,OPTIDX,NIFTY,2200.0,PE,0.0,0.0,0.0,68.05,83.4,0,0.0,0
2005-03-15,2005-05-26,OPTIDX,NIFTY,2030.0,CE,0.0,0.0,0.0,104.6,142.3,0,0.0,0
2005-03-15,2005-05-26,OPTIDX,NIFTY,2040.0,CE,0.0,0.0,0.0,98.8,134.8,0,0.0,0
2005-03-15,2005-05-26,OPTIDX,NIFTY,2050.0,CE,0.0,0.0,0.0,93.2,127.5,0,0.0,0
2005-03-15,2005-05-26,OPTIDX,NIFTY,2060.0,CE,0.0,0.0,0.0,87.8,120.3,0,0.0,0
2005-03-15,2005-05-26,OPTIDX,NIFTY,2070.0,CE,0.0,0.0,0.0,82.6,113.4,0,0.0,0
2005-03-15,2005-05-26,OPTIDX,NIFTY,2080.0,CE,0.0,0.0,0.0,77.6,106.75,0,0.0,0
2005-03-15,2005-05-26,OPTIDX,NIFTY,2090.0,CE,0.0,0.0,0.0,72.85,100.3,0,0.0,0
2005-03-15,2005-05-26,OPTIDX,NIFTY,2100.0,CE,0.0,0.0,0.0,97.65,94.05,0,0.0,0
2005-03-15,2005-05-26,OPTIDX,NIFTY,2110.0,CE,0.0,0.0,0.0,92.35,88.1,0,0.0,0
2005-03-15,2005-05-26,OPTIDX,NIFTY,2120.0,CE,0.0,0.0,0.0,87.25,82.35,0,0.0,0
2005-03-15,2005-05-26,OPTIDX,NIFTY,2130.0,CE,0.0,0.0,0.0,82.35,76.85,0,0.0,0
2005-03-15,2005-05-26,OPTIDX,NIFTY,2140.0,CE,0.0,0.0,0.0,90.65,71.6,0,0.0,0
2005-03-15,2005-05-26,OPTIDX,NIFTY,2150.0,CE,0.0,0.0,0.0,85.65,66.55,0,0.0,0
2005-03-15,2005-05-26,OPTIDX,NIFTY,2160.0,CE,0.0,0.0,0.0,80.85,61.8,0,0.0,0
2005-03-15,2005-05-26,OPTIDX,NIFTY,2170.0,CE,0.0,0.0,0.0,85.0,57.25,0,0.0,0
2005-03-15,2005-05-26,OPTIDX,NIFTY,2180.0,CE,50.0,50.0,50.0,50.0,50.0,1,4.46,200
2005-03-15,2005-05-26,OPTIDX,NIFTY,2190.0,CE,0.0,0.0,0.0,76.5,48.9,0,0.0,200
2005-03-15,2005-05-26,OPTIDX,NIFTY,2200.0,CE,0.0,0.0,0.0,74.95,45.05,0,0.0,0
2005-03-15,2005-05-26,OPTIDX,NIFTY,2030.0,PE,0.0,0.0,0.0,49.1,19.5,0,0.0,0
2005-03-15,2005-05-26,OPTIDX,NIFTY,2040.0,PE,0.0,0.0,0.0,53.1,21.85,0,0.0,0
2005-03-15,2005-05-26,OPTIDX,NIFTY,2050.0,PE,0.0,0.0,0.0,35.0,24.5,0,0.0,56400
2005-03-15,2005-05-26,OPTIDX,NIFTY,2060.0,PE,0.0,0.0,0.0,61.8,27.15,0,0.0,0
2005-03-15,2005-05-26,OPTIDX,NIFTY,2070.0,PE,0.0,0.0,0.0,66.45,30.15,0,0.0,0
2005-03-15,2005-05-26,OPTIDX,NIFTY,2080.0,PE,0.0,0.0,0.0,71.35,33.35,0,0.0,0
2005-03-15,2005-05-26,OPTIDX,NIFTY,2090.0,PE,0.0,0.0,0.0,76.4,36.8,0,0.0,0
2005-03-15,2005-05-26,OPTIDX,NIFTY,2100.0,PE,0.0,0.0,0.0,64.1,40.45,0,0.0,0
2005-03-15,2005-05-26,OPTIDX,NIFTY,2110.0,PE,0.0,0.0,0.0,68.65,44.35,0,0.0,0
2005-03-15,2005-05-26,OPTIDX,NIFTY,2120.0,PE,0.0,0.0,0.0,73.4,48.5,0,0.0,0
2005-03-15,2005-05-26,OPTIDX,NIFTY,2130.0,PE,0.0,0.0,0.0,78.35,52.85,0,0.0,0
2005-03-15,2005-05-26,OPTIDX,NIFTY,2140.0,PE,0.0,0.0,0.0,72.55,57.5,0,0.0,0
2005-03-15,2005-05-26,OPTIDX,NIFTY,2150.0,PE,0.0,0.0,0.0,77.4,62.35,0,0.0,0
2005-03-15,2005-05-26,OPTIDX,NIFTY,2160.0,PE,0.0,0.0,0.0,82.5,67.45,0,0.0,0
2005-03-15,2005-05-26,OPTIDX,NIFTY,2170.0,PE,0.0,0.0,0.0,77.3,72.8,0,0.0,0
2005-03-15,2005-05-26,OPTIDX,NIFTY,2180.0,PE,0.0,0.0,0.0,82.35,78.4,0,0.0,0
2005-03-15,2005-05-26,OPTIDX,NIFTY,2190.0,PE,0.0,0.0,0.0,79.2,84.2,0,0.0,0
2005-03-15,2005-05-26,OPTIDX,NIFTY,2200.0,PE,0.0,0.0,0.0,77.75,90.25,0,0.0,0
2005-03-15,2005-03-31,OPTSTK,ACC,300.0,CA,65.0,65.0,65.0,65.0,65.0,1,5.47,1500
2005-03-15,2005-03-31,OPTSTK,ACC,310.0,CA,43.1,67.0,43.1,67.0,67.0,2,10.95,1500
2005-03-15,2005-03-31,OPTSTK,ACC,320.0,CA,0.0,0.0,0.0,63.0,42.8,0,0.0,1500
2005-03-15,2005-03-31,OPTSTK,ACC,330.0,CA,0.0,0.0,0.0,22.65,33.05,0,0.0,0
2005-03-15,2005-03-31,OPTSTK,ACC,340.0,CA,0.0,0.0,0.0,17.7,23.75,0,0.0,0
2005-03-15,2005-03-31,OPTSTK,ACC,350.0,CA,22.6,22.6,16.8,16.8,16.8,10,55.45,18000
2005-03-15,2005-03-31,OPTSTK,ACC,360.0,CA,11.4,11.45,7.85,9.05,9.05,79,437.6,582000
2005-03-15,2005-03-31,OPTSTK,ACC,370.0,CA,5.9,6.2,3.85,4.7,4.7,94,528.36,670500
2005-03-15,2005-03-31,OPTSTK,ACC,380.0,CA,5.25,5.25,2.1,2.45,2.45,51,292.62,609000
2005-03-15,2005-03-31,OPTSTK,ACC,390.0,CA,1.5,1.5,1.25,1.25,1.25,5,29.35,112500
2005-03-15,2005-03-31,OPTSTK,ACC,400.0,CA,0.6,0.8,0.6,0.8,0.8,7,42.07,115500
2005-03-15,2005-03-31,OPTSTK,ACC,410.0,CA,0.0,0.0,0.0,1.15,0.1,0,0.0,10500
2005-03-15,2005-03-31,OPTSTK,ACC,300.0,PA,0.0,0.0,0.0,0.5,0.0,0,0.0,1500
2005-03-15,2005-03-31,OPTSTK,ACC,310.0,PA,0.0,0.0,0.0,7.1,0.05,0,0.0,0
2005-03-15,2005-03-31,OPTSTK,ACC,320.0,PA,0.0,0.0,0.0,10.35,0.05,0,0.0,0
2005-03-15,2005-03-31,OPTSTK,ACC,330.0,PA,0.0,0.0,0.0,0.25,0.3,0,0.0,16500
2005-03-15,2005-03-31,OPTSTK,ACC,340.0,PA,0.0,0.0,0.0,0.45,1.0,0,0.0,130500
2005-03-15,2005-03-31,OPTSTK,ACC,350.0,PA,1.75,1.9,1.5,1.6,1.6,9,47.47,153000
2005-03-15,2005-03-31,OPTSTK,ACC,360.0,PA,4.0,4.4,3.35,3.9,3.9,61,332.96,289500
2005-03-15,2005-03-31,OPTSTK,ACC,370.0,PA,9.8,11.2,9.05,10.35,10.35,14,79.84,153000
2005-03-15,2005-03-31,OPTSTK,ACC,380.0,PA,0.0,0.0,0.0,15.5,19.2,0,0.0,78000
2005-03-15,2005-03-31,OPTSTK,ACC,390.0,PA,0.0,0.0,0.0,21.0,27.9,0,0.0,0
2005-03-15,2005-03-31,OPTSTK,ACC,400.0,PA,0.0,0.0,0.0,7.1,37.35,0,0.0,0
2005-03-15,2005-03-31,OPTSTK,ACC,410.0,PA,0.0,0.0,0.0,12.0,47.15,0,0.0,0
2005-03-15,2005-04-28,OPTSTK,ACC,320.0,CA,0.0,0.0,0.0,49.7,45.15,0,0.0,0
2005-03-15,2005-04-28,OPTSTK,ACC,330.0,CA,0.0,0.0,0.0,43.75,36.25,0,0.0,0
2005-03-15,2005-04-28,OPTSTK,ACC,340.0,CA,0.0,0.0,0.0,38.3,28.1,0,0.0,0
2005-03-15,2005-04-28,OPTSTK,ACC,350.0,CA,0.0,0.0,0.0,33.4,20.95,0,0.0,0
2005-03-15,2005-04-28,OPTSTK,ACC,360.0,CA,10.0,10.0,10.0,10.0,10.0,5,27.75,9000
2005-03-15,2005-04-28,OPTSTK,ACC,370.0,CA,0.0,0.0,0.0,25.05,10.2,0,0.0,0
2005-03-15,2005-04-28,OPTSTK,ACC,380.0,CA,0.0,0.0,0.0,6.0,6.65,0,0.0,1500
2005-03-15,2005-04-28,OPTSTK,ACC,390.0,CA,0.0,0.0,0.0,20.15,4.15,0,0.0,0
2005-03-15,2005-04-28,OPTSTK,ACC,400.0,CA,0.0,0.0,0.0,23.35,2.45,0,0.0,0
2005-03-15,2005-04-28,OPTSTK,ACC,410.0,CA,0.0,0.0,0.0,19.95,1.4,0,0.0,0
2005-03-15,2005-04-28,OPTSTK,ACC,320.0,PA,0.0,0.0,0.0,16.4,0.9,0,0.0,0
2005-03-15,2005-04-28,OPTSTK,ACC,330.0,PA,0.0,0.0,0.0,20.3,1.95,0,0.0,0
2005-03-15,2005-04-28,OPTSTK,ACC,340.0,PA,0.0,0.0,0.0,24.75,3.7,0,0.0,0
2005-03-15,2005-04-28,OPTSTK,ACC,350.0,PA,0.0,0.0,0.0,10.0,6.45,0,0.0,3000
2005-03-15,2005-04-28,OPTSTK,ACC,360.0,PA,0.0,0.0,0.0,35.15,10.4,0,0.0,0
2005-03-15,2005-04-28,OPTSTK,ACC,370.0,PA,0.0,0.0,0.0,41.05,15.6,0,0.0,0
2005-03-15,2005-04-28,OPTSTK,ACC,380.0,PA,0.0,0.0,0.0,47.4,21.95,0,0.0,0
2005-03-15,2005-04-28,OPTSTK,ACC,390.0,PA,0.0,0.0,0.0,47.6,29.4,0,0.0,0
2005-03-15,2005-04-28,OPTSTK,ACC,400.0,PA,0.0,0.0,0.0,42.25,37.65,0,0.0,0
2005-03-15,2005-04-28,OPTSTK,ACC,410.0,PA,0.0,0.0,0.0,48.7,46.5,0,0.0,0
2005-03-15,2005-05-26,OPTSTK,ACC,330.0,CA,0.0,0.0,0.0,43.35,39.5,0,0.0,0
2005-03-15,2005-05-26,OPTSTK,ACC,340.0,CA,0.0,0.0,0.0,36.65,31.85,0,0.0,0
2005-03-15,2005-05-26,OPTSTK,ACC,350.0,CA,0.0,0.0,0.0,30.65,25.1,0,0.0,0
2005-03-15,2005-05-26,OPTSTK,ACC,360.0,CA,0.0,0.0,0.0,25.35,19.3,0,0.0,0
2005-03-15,2005-05-26,OPTSTK,ACC,370.0,CA,0.0,0.0,0.0,20.7,14.45,0,0.0,0
2005-03-15,2005-05-26,OPTSTK,ACC,380.0,CA,0.0,0.0,0.0,16.75,10.55,0,0.0,0
2005-03-15,2005-05-26,OPTSTK,ACC,390.0,CA,0.0,0.0,0.0,13.4,7.5,0,0.0,0
2005-03-15,2005-05-26,OPTSTK,ACC,400.0,CA,0.0,0.0,0.0,12.25,5.2,0,0.0,0
2005-03-15,2005-05-26,OPTSTK,ACC,330.0,PA,0.0,0.0,0.0,8.7,3.65,0,0.0,0
2005-03-15,2005-05-26,OPTSTK,ACC,340.0,PA,0.0,0.0,0.0,11.85,5.95,0,0.0,0
2005-03-15,2005-05-26,OPTSTK,ACC,350.0,PA,0.0,0.0,0.0,15.75,9.05,0,0.0,0
2005-03-15,2005-05-26,OPTSTK,ACC,360.0,PA,0.0,0.0,0.0,20.25,13.1,0,0.0,0
2005-03-15,2005-05-26,OPTSTK,ACC,370.0,PA,0.0,0.0,0.0,25.5,18.15,0,0.0,0
2005-03-15,2005-05-26,OPTSTK,ACC,380.0,PA,0.0,0.0,0.0,31.4,24.1,0,0.0,0
2005-03-15,2005-05-26,OPTSTK,ACC,390.0,PA,0.0,0.0,0.0,37.9,30.95,0,0.0,0
2005-03-15,2005-05-26,OPTSTK,ACC,400.0,PA,0.0,0.0,0.0,38.95,38.55,0,0.0,0
2005-03-15,2005-03-31,OPTSTK,ANDHRABANK,55.0,CA,0.0,0.0,0.0,64.5,60.5,0,0.0,4600
2005-03-15,2005-03-31,OPTSTK,ANDHRABANK,60.0,CA,0.0,0.0,0.0,55.0,55.5,0,0.0,0
2005-03-15,2005-03-31,OPTSTK,ANDHRABANK,65.0,CA,0.0,0.0,0.0,55.0,50.55,0,0.0,0
2005-03-15,2005-03-31,OPTSTK,ANDHRABANK,70.0,CA,0.0,0.0,0.0,50.0,45.55,0,0.0,0
2005-03-15,2005-03-31,OPTSTK,ANDHRABANK,75.0,CA,0.0,0.0,0.0,42.0,40.55,0,0.0,0
2005-03-15,2005-03-31,OPTSTK,ANDHRABANK,80.0,CA,0.0,0.0,0.0,36.5,35.6,0,0.0,0
2005-03-15,2005-03-31,OPTSTK,ANDHRABANK,85.0,CA,0.0,0.0,0.0,31.0,30.65,0,0.0,82800
2005-03-15,2005-03-31,OPTSTK,ANDHRABANK,90.0,CA,0.0,0.0,0.0,26.3,25.85,0,0.0,124200
2005-03-15,2005-03-31,OPTSTK,ANDHRABANK,95.0,CA,22.0,22.0,20.15,20.15,20.15,2,10.67,101200
2005-03-15,2005-03-31,OPTSTK,ANDHRABANK,100.0,CA,17.65,18.0,17.0,17.0,17.0,6,32.42,391000
2005-03-15,2005-03-31,OPTSTK,ANDHRABANK,105.0,CA,12.0,13.0,12.0,12.3,12.3,8,43.22,266800
2005-03-15,2005-03-31,OPTSTK,ANDHRABANK,110.0,CA,7.5,9.25,7.35,8.6,8.6,68,370.65,933800
2005-03-15,2005-03-31,OPTSTK,ANDHRABANK,115.0,CA,4.3,5.8,4.2,4.9,4.9,183,1010.21,1375400
2005-03-15,2005-03-31,OPTSTK,ANDHRABANK,120.0,CA,2.7,3.5,2.5,2.65,2.65,191,1079.99,1430600
2005-03-15,2005-03-31,OPTSTK,ANDHRABANK,125.0,CA,1.6,1.95,1.55,1.6,1.6,10,58.3,253000
2005-03-15,2005-03-31,OPTSTK,ANDHRABANK,130.0,CA,1.0,1.1,0.95,1.1,1.1,5,30.13,147200
2005-03-15,2005-03-31,OPTSTK,ANDHRABANK,135.0,CA,0.0,0.0,0.0,0.55,1.35,0,0.0,50600
2005-03-15,2005-03-31,OPTSTK,ANDHRABANK,55.0,PA,0.0,0.0,0.0,2.35,0.0,0,0.0,0
2005-03-15,2005-03-31,OPTSTK,ANDHRABANK,60.0,PA,0.0,0.0,0.0,2.7,0.0,0,0.0,0
2005-03-15,2005-03-31,OPTSTK,ANDHRABANK,65.0,PA,0.0,0.0,0.0,2.1,0.0,0,0.0,0
2005-03-15,2005-03-31,OPTSTK,ANDHRABANK,70.0,PA,0.15,0.15,0.15,0.15,0.15,1,3.22,151800
2005-03-15,2005-03-31,OPTSTK,ANDHRABANK,75.0,PA,0.2,0.2,0.2,0.2,0.2,4,13.83,32200
2005-03-15,2005-03-31,OPTSTK,ANDHRABANK,80.0,PA,0.25,0.25,0.25,0.25,0.25,2,7.38,202400
2005-03-15,2005-03-31,OPTSTK,ANDHRABANK,85.0,PA,0.0,0.0,0.0,0.25,0.1,0,0.0,220800
2005-03-15,2005-03-31,OPTSTK,ANDHRABANK,90.0,PA,0.4,0.4,0.35,0.4,0.4,8,33.26,561200
2005-03-15,2005-03-31,OPTSTK,ANDHRABANK,95.0,PA,0.7,0.7,0.65,0.7,0.7,24,105.65,437000
2005-03-15,2005-03-31,OPTSTK,ANDHRABANK,100.0,PA,1.0,1.1,0.8,1.1,1.1,29,134.71,598000
2005-03-15,2005-03-31,OPTSTK,ANDHRABANK,105.0,PA,1.5,1.9,1.5,1.8,1.8,5,24.53,285200
2005-03-15,2005-03-31,OPTSTK,ANDHRABANK,110.0,PA,3.75,3.75,2.35,2.55,2.55,52,269.93,828000
2005-03-15,2005-03-31,OPTSTK,ANDHRABANK,115.0,PA,5.4,5.4,4.0,4.2,4.2,54,296.55,450800
2005-03-15,2005-03-31,OPTSTK,ANDHRABANK,120.0,PA,7.05,7.05,6.8,6.8,6.8,4,23.36,73600
2005-03-15,2005-03-31,OPTSTK,ANDHRABANK,125.0,PA,0.0,0.0,0.0,10.05,12.65,0,0.0,0
2005-03-15,2005-03-31,OPTSTK,ANDHRABANK,130.0,PA,0.0,0.0,0.0,16.1,16.5,0,0.0,0
2005-03-15,2005-03-31,OPTSTK,ANDHRABANK,135.0,PA,0.0,0.0,0.0,19.75,20.7,0,0.0,0
2005-03-15,2005-04-28,OPTSTK,ANDHRABANK,65.0,CA,0.0,0.0,0.0,55.5,50.9,0,0.0,18400
2005-03-15,2005-04-28,OPTSTK,ANDHRABANK,70.0,CA,0.0,0.0,0.0,71.0,46.0,0,0.0,0
2005-03-15,2005-04-28,OPTSTK,ANDHRABANK,75.0,CA,0.0,0.0,0.0,16.95,41.2,0,0.0,0
2005-03-15,2005-04-28,OPTSTK,ANDHRABANK,80.0,CA,0.0,0.0,0.0,6.95,36.55,0,0.0,0
2005-03-15,2005-04-28,OPTSTK,ANDHRABANK,85.0,CA,0.0,0.0,0.0,37.0,32.1,0,0.0,0
2005-03-15,2005-04-28,OPTSTK,ANDHRABANK,90.0,CA,0.0,0.0,0.0,3.1,27.85,0,0.0,0
2005-03-15,2005-04-28,OPTSTK,ANDHRABANK,95.0,CA,0.0,0.0,0.0,9.15,23.9,0,0.0,0
2005-03-15,2005-04-28,OPTSTK,ANDHRABANK,100.0,CA,0.0,0.0,0.0,2.0,20.3,0,0.0,9200
2005-03-15,2005-04-28,OPTSTK,ANDHRABANK,105.0,CA,0.0,0.0,0.0,3.4,17.05,0,0.0,0
2005-03-15,2005-04-28,OPTSTK,ANDHRABANK,110.0,CA,8.55,10.0,8.55,10.0,10.0,2,10.97,9200
2005-03-15,2005-04-28,OPTSTK,ANDHRABANK,115.0,CA,0.0,0.0,0.0,9.9,11.65,0,0.0,9200
2005-03-15,2005-04-28,OPTSTK,ANDHRABANK,120.0,CA,0.0,0.0,0.0,7.5,9.5,0,0.0,0
2005-03-15,2005-04-28,OPTSTK,ANDHRABANK,125.0,CA,0.0,0.0,0.0,5.0,7.65,0,0.0,4600
2005-03-15,2005-04-28,OPTSTK,ANDHRABANK,130.0,CA,0.0,0.0,0.0,10.0,6.15,0,0.0,0
2005-03-15,2005-04-28,OPTSTK,ANDHRABANK,135.0,CA,14.0,14.0,14.0,14.0,14.0,1,6.85,9200
2005-03-15,2005-04-28,OPTSTK,ANDHRABANK,65.0,PA,0.0,0.0,0.0,5.15,0.1,0,0.0,0
2005-03-15,2005-04-28,OPTSTK,ANDHRABANK,70.0,PA,0.0,0.0,0.0,7.05,0.15,0,0.0,0
2005-03-15,2005-04-28,OPTSTK,ANDHRABANK,75.0,PA,0.0,0.0,0.0,9.25,0.35,0,0.0,0
2005-03-15,2005-04-28,OPTSTK,ANDHRABANK,80.0,PA,0.0,0.0,0.0,11.85,0.65,0,0.0,0
2005-03-15,2005-04-28,OPTSTK,ANDHRABANK,85.0,PA,0.0,0.0,0.0,14.7,1.1,0,0.0,0
2005-03-15,2005-04-28,OPTSTK,ANDHRABANK,90.0,PA,0.0,0.0,0.0,17.8,1.85,0,0.0,0
2005-03-15,2005-04-28,OPTSTK,ANDHRABANK,95.0,PA,0.0,0.0,0.0,21.15,2.85,0,0.0,0
2005-03-15,2005-04-28,OPTSTK,ANDHRABANK,100.0,PA,10.0,10.0,10.0,10.0,10.0,1,5.06,9200
2005-03-15,2005-04-28,OPTSTK,ANDHRABANK,105.0,PA,15.0,15.0,15.0,15.0,15.0,1,5.52,4600
2005-03-15,2005-04-28,OPTSTK,ANDHRABANK,110.0,PA,0.0,0.0,0.0,17.95,8.0,0,0.0,0
2005-03-15,2005-04-28,OPTSTK,ANDHRABANK,115.0,PA,0.0,0.0,0.0,19.35,10.45,0,0.0,0
2005-03-15,2005-04-28,OPTSTK,ANDHRABANK,120.0,PA,0.0,0.0,0.0,17.8,13.25,0,0.0,0
2005-03-15,2005-04-28,OPTSTK,ANDHRABANK,125.0,PA,0.0,0.0,0.0,16.95,16.4,0,0.0,0
2005-03-15,2005-04-28,OPTSTK,ANDHRABANK,130.0,PA,0.0,0.0,0.0,20.1,19.85,0,0.0,0
2005-03-15,2005-04-28,OPTSTK,ANDHRABANK,135.0,PA,0.0,0.0,0.0,23.5,23.55,0,0.0,0
2005-03-15,2005-05-26,OPTSTK,ANDHRABANK,70.0,CA,0.0,0.0,0.0,20.7,46.75,0,0.0,0
2005-03-15,2005-05-26,OPTSTK,ANDHRABANK,75.0,CA,0.0,0.0,0.0,18.15,42.2,0,0.0,0
2005-03-15,2005-05-26,OPTSTK,ANDHRABANK,80.0,CA,0.0,0.0,0.0,15.0,37.9,0,0.0,0
2005-03-15,2005-05-26,OPTSTK,ANDHRABANK,85.0,CA,0.0,0.0,0.0,12.25,33.75,0,0.0,0
2005-03-15,2005-05-26,OPTSTK,ANDHRABANK,90.0,CA,0.0,0.0,0.0,9.9,29.9,0,0.0,0
2005-03-15,2005-05-26,OPTSTK,ANDHRABANK,95.0,CA,0.0,0.0,0.0,7.9,26.3,0,0.0,0
2005-03-15,2005-05-26,OPTSTK,ANDHRABANK,100.0,CA,0.0,0.0,0.0,6.3,23.0,0,0.0,0
2005-03-15,2005-05-26,OPTSTK,ANDHRABANK,105.0,CA,0.0,0.0,0.0,4.95,20.05,0,0.0,0
2005-03-15,2005-05-26,OPTSTK,ANDHRABANK,110.0,CA,2.05,2.05,2.05,2.05,2.05,1,5.15,0
2005-03-15,2005-05-26,OPTSTK,ANDHRABANK,115.0,CA,0.0,0.0,0.0,6.6,14.95,0,0.0,0
2005-03-15,2005-05-26,OPTSTK,ANDHRABANK,120.0,CA,0.0,0.0,0.0,8.65,12.8,0,0.0,0
2005-03-15,2005-05-26,OPTSTK,ANDHRABANK,125.0,CA,0.0,0.0,0.0,15.4,10.95,0,0.0,0
2005-03-15,2005-05-26,OPTSTK,ANDHRABANK,130.0,CA,0.0,0.0,0.0,13.6,9.3,0,0.0,0
2005-03-15,2005-05-26,OPTSTK,ANDHRABANK,135.0,CA,0.0,0.0,0.0,11.95,7.9,0,0.0,0
2005-03-15,2005-05-26,OPTSTK,ANDHRABANK,70.0,PA,0.0,0.0,0.0,2.4,0.6,0,0.0,0
2005-03-15,2005-05-26,OPTSTK,ANDHRABANK,75.0,PA,0.0,0.0,0.0,3.8,1.0,0,0.0,0
2005-03-15,2005-05-26,OPTSTK,ANDHRABANK,80.0,PA,0.0,0.0,0.0,5.55,1.6,0,0.0,0
2005-03-15,2005-05-26,OPTSTK,ANDHRABANK,85.0,PA,0.0,0.0,0.0,7.7,2.4,0,0.0,0
2005-03-15,2005-05-26,OPTSTK,ANDHRABANK,90.0,PA,0.0,0.0,0.0,10.3,3.5,0,0.0,0
2005-03-15,2005-05-26,OPTSTK,ANDHRABANK,95.0,PA,0.0,0.0,0.0,13.25,4.85,0,0.0,0
2005-03-15,2005-05-26,OPTSTK,ANDHRABANK,100.0,PA,0.0,0.0,0.0,16.55,6.5,0,0.0,0
2005-03-15,2005-05-26,OPTSTK,ANDHRABANK,105.0,PA,0.0,0.0,0.0,20.15,8.45,0,0.0,0
2005-03-15,2005-05-26,OPTSTK,ANDHRABANK,110.0,PA,0.0,0.0,0.0,19.45,10.7,0,0.0,0
2005-03-15,2005-05-26,OPTSTK,ANDHRABANK,115.0,PA,0.0,0.0,0.0,20.9,13.25,0,0.0,0
2005-03-15,2005-05-26,OPTSTK,ANDHRABANK,120.0,PA,0.0,0.0,0.0,19.85,16.05,0,0.0,0
2005-03-15,2005-05-26,OPTSTK,ANDHRABANK,125.0,PA,0.0,0.0,0.0,20.0,19.1,0,0.0,0
2005-03-15,2005-05-26,OPTSTK,ANDHRABANK,130.0,PA,0.0,0.0,0.0,23.1,22.45,0,0.0,0
2005-03-15,2005-05-26,OPTSTK,ANDHRABANK,135.0,PA,0.0,0.0,0.0,26.45,25.95,0,0.0,0
2005-03-15,2005-03-31,OPTSTK,ARVINDMILL,85.0,CA,0.0,0.0,0.0,21.0,36.9,0,0.0,0
2005-03-15,2005-03-31,OPTSTK,ARVINDMILL,90.0,CA,0.0,0.0,0.0,22.85,31.9,0,0.0,0
2005-03-15,2005-03-31,OPTSTK,ARVINDMILL,95.0,CA,0.0,0.0,0.0,21.2,26.9,0,0.0,0
2005-03-15,2005-03-31,OPTSTK,ARVINDMILL,100.0,CA,24.35,29.0,21.0,27.75,27.75,5,26.79,4300
2005-03-15,2005-03-31,OPTSTK,ARVINDMILL,105.0,CA,0.0,0.0,0.0,22.05,17.15,0,0.0,8600
2005-03-15,2005-03-31,OPTSTK,ARVINDMILL,110.0,CA,11.0,17.0,11.0,16.4,16.4,4,21.3,8600
2005-03-15,2005-03-31,OPTSTK,ARVINDMILL,115.0,CA,0.0,0.0,0.0,15.0,8.7,0,0.0,38700
2005-03-15,2005-03-31,OPTSTK,ARVINDMILL,120.0,CA,6.5,7.0,5.1,5.5,5.5,25,135.15,180600
2005-03-15,2005-03-31,OPTSTK,ARVINDMILL,125.0,CA,4.0,4.0,2.7,2.95,2.95,62,341.7,584800
2005-03-15,2005-03-31,OPTSTK,ARVINDMILL,130.0,CA,2.0,2.0,1.2,1.6,1.6,61,345.38,1849000
2005-03-15,2005-03-31,OPTSTK,ARVINDMILL,135.0,CA,1.3,1.3,0.9,1.0,1.0,15,87.75,928800
2005-03-15,2005-03-31,OPTSTK,ARVINDMILL,140.0,CA,0.95,0.95,0.65,0.75,0.75,11,66.57,1242700
2005-03-15,2005-03-31,OPTSTK,ARVINDMILL,145.0,CA,0.5,0.5,0.35,0.35,0.35,7,43.77,275200
2005-03-15,2005-03-31,OPTSTK,ARVINDMILL,150.0,CA,0.45,0.45,0.3,0.3,0.3,11,71.12,425700
2005-03-15,2005-03-31,OPTSTK,ARVINDMILL,85.0,PA,0.0,0.0,0.0,3.75,0.0,0,0.0,0
2005-03-15,2005-03-31,OPTSTK,ARVINDMILL,90.0,PA,0.0,0.0,0.0,4.8,0.0,0,0.0,0
2005-03-15,2005-03-31,OPTSTK,ARVINDMILL,95.0,PA,0.0,0.0,0.0,6.3,0.05,0,0.0,0
2005-03-15,2005-03-31,OPTSTK,ARVINDMILL,100.0,PA,0.0,0.0,0.0,0.5,0.1,0,0.0,17200
2005-03-15,2005-03-31,OPTSTK,ARVINDMILL,105.0,PA,0.0,0.0,0.0,6.35,0.25,0,0.0,0
2005-03-15,2005-03-31,OPTSTK,ARVINDMILL,110.0,PA,0.0,0.0,0.0,0.9,0.75,0,0.0,77400
2005-03-15,2005-03-31,OPTSTK,ARVINDMILL,115.0,PA,0.0,0.0,0.0,2.15,1.75,0,0.0,129000
2005-03-15,2005-03-31,OPTSTK,ARVINDMILL,120.0,PA,2.1,2.75,2.1,2.65,2.65,15,79.04,425700
2005-03-15,2005-03-31,OPTSTK,ARVINDMILL,125.0,PA,4.25,5.05,4.15,5.05,5.05,11,61.27,232200
2005-03-15,2005-03-31,OPTSTK,ARVINDMILL,130.0,PA,2.05,9.2,2.05,8.95,8.95,15,88.72,395600
2005-03-15,2005-03-31,OPTSTK,ARVINDMILL,135.0,PA,0.0,0.0,0.0,13.7,13.85,0,0.0,25800
2005-03-15,2005-03-31,OPTSTK,ARVINDMILL,140.0,PA,0.0,0.0,0.0,10.0,18.4,0,0.0,21500
2005-03-15,2005-03-31,OPTSTK,ARVINDMILL,145.0,PA,0.0,0.0,0.0,21.2,23.15,0,0.0,0
2005-03-15,2005-03-31,OPTSTK,ARVINDMILL,150.0,PA,0.0,0.0,0.0,22.7,28.05,0,0.0,0
2005-03-15,2005-04-28,OPTSTK,ARVINDMILL,100.0,CA,0.0,0.0,0.0,22.85,23.1,0,0.0,0
2005-03-15,2005-04-28,OPTSTK,ARVINDMILL,105.0,CA,0.0,0.0,0.0,20.1,18.85,0,0.0,0
2005-03-15,2005-04-28,OPTSTK,ARVINDMILL,110.0,CA,0.0,0.0,0.0,17.65,15.0,0,0.0,0
2005-03-15,2005-04-28,OPTSTK,ARVINDMILL,115.0,CA,0.0,0.0,0.0,15.4,11.6,0,0.0,0
2005-03-15,2005-04-28,OPTSTK,ARVINDMILL,120.0,CA,0.0,0.0,0.0,13.45,8.7,0,0.0,0
2005-03-15,2005-04-28,OPTSTK,ARVINDMILL,125.0,CA,0.0,0.0,0.0,11.7,6.4,0,0.0,0
2005-03-15,2005-04-28,OPTSTK,ARVINDMILL,130.0,CA,0.0,0.0,0.0,10.15,4.55,0,0.0,0
2005-03-15,2005-04-28,OPTSTK,ARVINDMILL,135.0,CA,0.0,0.0,0.0,7.0,3.15,0,0.0,8600
2005-03-15,2005-04-28,OPTSTK,ARVINDMILL,140.0,CA,0.0,0.0,0.0,3.3,2.15,0,0.0,0
2005-03-15,2005-04-28,OPTSTK,ARVINDMILL,145.0,CA,0.0,0.0,0.0,12.15,1.45,0,0.0,0
2005-03-15,2005-04-28,OPTSTK,ARVINDMILL,150.0,CA,0.0,0.0,0.0,5.25,0.95,0,0.0,0
2005-03-15,2005-04-28,OPTSTK,ARVINDMILL,100.0,PA,0.0,0.0,0.0,8.6,0.75,0,0.0,0
2005-03-15,2005-04-28,OPTSTK,ARVINDMILL,105.0,PA,0.0,0.0,0.0,10.8,1.45,0,0.0,0
2005-03-15,2005-04-28,OPTSTK,ARVINDMILL,110.0,PA,0.0,0.0,0.0,13.25,2.55,0,0.0,0
2005-03-15,2005-04-28,OPTSTK,ARVINDMILL,115.0,PA,0.0,0.0,0.0,15.95,4.1,0,0.0,0
2005-03-15,2005-04-28,OPTSTK,ARVINDMILL,120.0,PA,0.0,0.0,0.0,18.9,6.2,0,0.0,0
2005-03-15,2005-04-28,OPTSTK,ARVINDMILL,125.0,PA,0.0,0.0,0.0,22.1,8.85,0,0.0,0
2005-03-15,2005-04-28,OPTSTK,ARVINDMILL,130.0,PA,0.0,0.0,0.0,25.45,11.95,0,0.0,0
2005-03-15,2005-04-28,OPTSTK,ARVINDMILL,135.0,PA,0.0,0.0,0.0,26.15,15.55,0,0.0,0
2005-03-15,2005-04-28,OPTSTK,ARVINDMILL,140.0,PA,0.0,0.0,0.0,24.95,19.5,0,0.0,0
2005-03-15,2005-04-28,OPTSTK,ARVINDMILL,145.0,PA,0.0,0.0,0.0,24.9,23.75,0,0.0,0
2005-03-15,2005-04-28,OPTSTK,ARVINDMILL,150.0,PA,0.0,0.0,0.0,21.0,28.2,0,0.0,0
2005-03-15,2005-05-26,OPTSTK,ARVINDMILL,105.0,CA,0.0,0.0,0.0,22.3,20.5,0,0.0,0
2005-03-15,2005-05-26,OPTSTK,ARVINDMILL,110.0,CA,0.0,0.0,0.0,19.05,16.95,0,0.0,0
2005-03-15,2005-05-26,OPTSTK,ARVINDMILL,115.0,CA,0.0,0.0,0.0,16.15,13.8,0,0.0,0
2005-03-15,2005-05-26,OPTSTK,ARVINDMILL,120.0,CA,0.0,0.0,0.0,13.6,11.05,0,0.0,0
2005-03-15,2005-05-26,OPTSTK,ARVINDMILL,125.0,CA,0.0,0.0,0.0,11.35,8.7,0,0.0,0
2005-03-15,2005-05-26,OPTSTK,ARVINDMILL,130.0,CA,0.0,0.0,0.0,9.4,6.75,0,0.0,0
2005-03-15,2005-05-26,OPTSTK,ARVINDMILL,135.0,CA,0.0,0.0,0.0,7.75,5.2,0,0.0,0
2005-03-15,2005-05-26,OPTSTK,ARVINDMILL,140.0,CA,0.0,0.0,0.0,10.65,3.95,0,0.0,0
2005-03-15,2005-05-26,OPTSTK,ARVINDMILL,145.0,CA,0.0,0.0,0.0,9.05,2.95,0,0.0,0
2005-03-15,2005-05-26,OPTSTK,ARVINDMILL,150.0,CA,0.0,0.0,0.0,7.65,2.2,0,0.0,0
2005-03-15,2005-05-26,OPTSTK,ARVINDMILL,105.0,PA,0.0,0.0,0.0,4.65,2.65,0,0.0,0
2005-03-15,2005-05-26,OPTSTK,ARVINDMILL,110.0,PA,0.0,0.0,0.0,6.35,4.0,0,0.0,0
2005-03-15,2005-05-26,OPTSTK,ARVINDMILL,115.0,PA,0.0,0.0,0.0,8.4,5.8,0,0.0,0
2005-03-15,2005-05-26,OPTSTK,ARVINDMILL,120.0,PA,0.0,0.0,0.0,10.75,7.95,0,0.0,0
2005-03-15,2005-05-26,OPTSTK,ARVINDMILL,125.0,PA,0.0,0.0,0.0,13.45,10.6,0,0.0,0
2005-03-15,2005-05-26,OPTSTK,ARVINDMILL,130.0,PA,0.0,0.0,0.0,16.45,13.6,0,0.0,0
2005-03-15,2005-05-26,OPTSTK,ARVINDMILL,135.0,PA,0.0,0.0,0.0,19.7,16.95,0,0.0,0
2005-03-15,2005-05-26,OPTSTK,ARVINDMILL,140.0,PA,0.0,0.0,0.0,20.15,20.65,0,0.0,0
2005-03-15,2005-05-26,OPTSTK,ARVINDMILL,145.0,PA,0.0,0.0,0.0,23.45,24.6,0,0.0,0
2005-03-15,2005-05-26,OPTSTK,ARVINDMILL,150.0,PA,0.0,0.0,0.0,22.75,28.8,0,0.0,0
2005-03-15,2005-03-31,OPTSTK,BAJAJAUTO,900.0,CA,0.0,0.0,0.0,136.75,191.25,0,0.0,0
2005-03-15,2005-03-31,OPTSTK,BAJAJAUTO,930.0,CA,0.0,0.0,0.0,139.4,161.45,0,0.0,0
2005-03-15,2005-03-31,OPTSTK,BAJAJAUTO,960.0,CA,0.0,0.0,0.0,131.05,132.1,0,0.0,0
2005-03-15,2005-03-31,OPTSTK,BAJAJAUTO,990.0,CA,0.0,0.0,0.0,134.25,103.75,0,0.0,0
2005-03-15,2005-03-31,OPTSTK,BAJAJAUTO,1020.0,CA,0.0,0.0,0.0,155.0,77.35,0,0.0,0
2005-03-15,2005-03-31,OPTSTK,BAJAJAUTO,1050.0,CA,90.0,90.0,50.0,50.0,50.0,20,89.6,800
2005-03-15,2005-03-31,OPTSTK,BAJAJAUTO,1080.0,CA,0.0,0.0,0.0,18.0,35.35,0,0.0,400
2005-03-15,2005-03-31,OPTSTK,BAJAJAUTO,1110.0,CA,0.0,0.0,0.0,84.7,21.35,0,0.0,0
2005-03-15,2005-03-31,OPTSTK,BAJAJAUTO,1140.0,CA,0.0,0.0,0.0,69.05,11.9,0,0.0,0
2005-03-15,2005-03-31,OPTSTK,BAJAJAUTO,1170.0,CA,0.0,0.0,0.0,55.6,6.05,0,0.0,0
2005-03-15,2005-03-31,OPTSTK,BAJAJAUTO,1200.0,CA,0.0,0.0,0.0,44.2,2.85,0,0.0,0
2005-03-15,2005-03-31,OPTSTK,BAJAJAUTO,1230.0,CA,0.0,0.0,0.0,34.65,1.25,0,0.0,0
2005-03-15,2005-03-31,OPTSTK,BAJAJAUTO,900.0,PA,0.0,0.0,0.0,23.55,0.05,0,0.0,0
2005-03-15,2005-03-31,OPTSTK,BAJAJAUTO,930.0,PA,0.0,0.0,0.0,37.4,0.2,0,0.0,0
2005-03-15,2005-03-31,OPTSTK,BAJAJAUTO,960.0,PA,0.0,0.0,0.0,20.6,0.8,0,0.0,0
2005-03-15,2005-03-31,OPTSTK,BAJAJAUTO,990.0,PA,0.0,0.0,0.0,22.3,2.35,0,0.0,0
2005-03-15,2005-03-31,OPTSTK,BAJAJAUTO,1020.0,PA,0.0,0.0,0.0,31.05,5.9,0,0.0,0
2005-03-15,2005-03-31,OPTSTK,BAJAJAUTO,1050.0,PA,0.0,0.0,0.0,10.0,12.65,0,0.0,0
2005-03-15,2005-03-31,OPTSTK,BAJAJAUTO,1080.0,PA,0.0,0.0,0.0,19.65,23.75,0,0.0,0
2005-03-15,2005-03-31,OPTSTK,BAJAJAUTO,1110.0,PA,0.0,0.0,0.0,12.0,39.65,0,0.0,0
2005-03-15,2005-03-31,OPTSTK,BAJAJAUTO,1140.0,PA,29.0,29.0,28.5,28.5,28.5,14,65.44,5600
2005-03-15,2005-03-31,OPTSTK,BAJAJAUTO,1170.0,PA,0.0,0.0,0.0,76.95,84.25,0,0.0,0
2005-03-15,2005-03-31,OPTSTK,BAJAJAUTO,1200.0,PA,0.0,0.0,0.0,95.1,110.95,0,0.0,0
2005-03-15,2005-03-31,OPTSTK,BAJAJAUTO,1230.0,PA,0.0,0.0,0.0,115.15,139.25,0,0.0,0
2005-03-15,2005-04-28,OPTSTK,BAJAJAUTO,900.0,CA,0.0,0.0,0.0,150.1,197.2,0,0.0,0
2005-03-15,2005-04-28,OPTSTK,BAJAJAUTO,930.0,CA,0.0,0.0,0.0,130.5,169.2,0,0.0,0
2005-03-15,2005-04-28,OPTSTK,BAJAJAUTO,960.0,CA,0.0,0.0,0.0,112.7,142.45,0,0.0,0
2005-03-15,2005-04-28,OPTSTK,BAJAJAUTO,990.0,CA,0.0,0.0,0.0,96.65,117.45,0,0.0,0
2005-03-15,2005-04-28,OPTSTK,BAJAJAUTO,1020.0,CA,0.0,0.0,0.0,82.3,94.7,0,0.0,0
2005-03-15,2005-04-28,OPTSTK,BAJAJAUTO,1050.0,CA,0.0,0.0,0.0,69.6,74.45,0,0.0,0
2005-03-15,2005-04-28,OPTSTK,BAJAJAUTO,1080.0,CA,0.0,0.0,0.0,58.5,57.1,0,0.0,0
2005-03-15,2005-04-28,OPTSTK,BAJAJAUTO,1110.0,CA,0.0,0.0,0.0,68.0,42.7,0,0.0,0
2005-03-15,2005-04-28,OPTSTK,BAJAJAUTO,1140.0,CA,0.0,0.0,0.0,57.8,31.1,0,0.0,0
2005-03-15,2005-04-28,OPTSTK,BAJAJAUTO,1170.0,CA,0.0,0.0,0.0,51.4,22.1,0,0.0,0
2005-03-15,2005-04-28,OPTSTK,BAJAJAUTO,1200.0,CA,0.0,0.0,0.0,27.7,15.3,0,0.0,0
2005-03-15,2005-04-28,OPTSTK,BAJAJAUTO,900.0,PA,0.0,0.0,0.0,33.05,1.75,0,0.0,0
2005-03-15,2005-04-28,OPTSTK,BAJAJAUTO,930.0,PA,0.0,0.0,0.0,43.05,3.5,0,0.0,0
2005-03-15,2005-04-28,OPTSTK,BAJAJAUTO,960.0,PA,0.0,0.0,0.0,54.8,6.55,0,0.0,0
2005-03-15,2005-04-28,OPTSTK,BAJAJAUTO,990.0,PA,0.0,0.0,0.0,68.3,11.35,0,0.0,0
2005-03-15,2005-04-28,OPTSTK,BAJAJAUTO,1020.0,PA,0.0,0.0,0.0,83.55,18.35,0,0.0,0
2005-03-15,2005-04-28,OPTSTK,BAJAJAUTO,1050.0,PA,0.0,0.0,0.0,100.45,27.9,0,0.0,0
2005-03-15,2005-04-28,OPTSTK,BAJAJAUTO,1080.0,PA,0.0,0.0,0.0,118.9,40.35,0,0.0,0
2005-03-15,2005-04-28,OPTSTK,BAJAJAUTO,1110.0,PA,0.0,0.0,0.0,121.1,55.7,0,0.0,0
2005-03-15,2005-04-28,OPTSTK,BAJAJAUTO,1140.0,PA,0.0,0.0,0.0,140.5,73.9,0,0.0,0
2005-03-15,2005-04-28,OPTSTK,BAJAJAUTO,1170.0,PA,0.0,0.0,0.0,129.0,94.65,0,0.0,0
2005-03-15,2005-04-28,OPTSTK,BAJAJAUTO,1200.0,PA,0.0,0.0,0.0,114.65,117.65,0,0.0,0
2005-03-15,2005-05-26,OPTSTK,BAJAJAUTO,930.0,CA,0.0,0.0,0.0,123.45,178.25,0,0.0,0
2005-03-15,2005-05-26,OPTSTK,BAJAJAUTO,960.0,CA,0.0,0.0,0.0,103.75,153.3,0,0.0,0
2005-03-15,2005-05-26,OPTSTK,BAJAJAUTO,990.0,CA,0.0,0.0,0.0,86.15,130.1,0,0.0,0
2005-03-15,2005-05-26,OPTSTK,BAJAJAUTO,1020.0,CA,0.0,0.0,0.0,70.75,108.85,0,0.0,0
2005-03-15,2005-05-26,OPTSTK,BAJAJAUTO,1050.0,CA,0.0,0.0,0.0,57.4,89.8,0,0.0,0
2005-03-15,2005-05-26,OPTSTK,BAJAJAUTO,1080.0,CA,0.0,0.0,0.0,46.0,73.05,0,0.0,0
2005-03-15,2005-05-26,OPTSTK,BAJAJAUTO,1110.0,CA,0.0,0.0,0.0,36.5,58.5,0,0.0,0
2005-03-15,2005-05-26,OPTSTK,BAJAJAUTO,1140.0,CA,0.0,0.0,0.0,33.3,46.25,0,0.0,0
2005-03-15,2005-05-26,OPTSTK,BAJAJAUTO,1170.0,CA,0.0,0.0,0.0,48.05,36.0,0,0.0,0
2005-03-15,2005-05-26,OPTSTK,BAJAJAUTO,1200.0,CA,0.0,0.0,0.0,41.7,27.7,0,0.0,0
2005-03-15,2005-05-26,OPTSTK,BAJAJAUTO,930.0,PA,0.0,0.0,0.0,26.55,8.35,0,0.0,0
2005-03-15,2005-05-26,OPTSTK,BAJAJAUTO,960.0,PA,0.0,0.0,0.0,36.4,13.05,0,0.0,0
2005-03-15,2005-05-26,OPTSTK,BAJAJAUTO,990.0,PA,0.0,0.0,0.0,48.4,19.5,0,0.0,0
2005-03-15,2005-05-26,OPTSTK,BAJAJAUTO,1020.0,PA,0.0,0.0,0.0,62.5,27.9,0,0.0,0
2005-03-15,2005-05-26,OPTSTK,BAJAJAUTO,1050.0,PA,0.0,0.0,0.0,78.7,38.5,0,0.0,0
2005-03-15,2005-05-26,OPTSTK,BAJAJAUTO,1080.0,PA,0.0,0.0,0.0,96.9,51.35,0,0.0,0
2005-03-15,2005-05-26,OPTSTK,BAJAJAUTO,1110.0,PA,0.0,0.0,0.0,116.9,66.5,0,0.0,0
2005-03-15,2005-05-26,OPTSTK,BAJAJAUTO,1140.0,PA,0.0,0.0,0.0,113.2,83.85,0,0.0,0
2005-03-15,2005-05-26,OPTSTK,BAJAJAUTO,1170.0,PA,0.0,0.0,0.0,112.6,103.25,0,0.0,0
2005-03-15,2005-05-26,OPTSTK,BAJAJAUTO,1200.0,PA,0.0,0.0,0.0,123.15,124.6,0,0.0,0
2005-03-15,2005-03-31,OPTSTK,BANKBARODA,175.0,CA,0.0,0.0,0.0,30.9,59.35,0,0.0,0
2005-03-15,2005-03-31,OPTSTK,BANKBARODA,180.0,CA,0.0,0.0,0.0,30.85,54.4,0,0.0,0
2005-03-15,2005-03-31,OPTSTK,BANKBARODA,185.0,CA,0.0,0.0,0.0,28.15,49.45,0,0.0,0
2005-03-15,2005-03-31,OPTSTK,BANKBARODA,190.0,CA,0.0,0.0,0.0,31.45,44.55,0,0.0,0
2005-03-15,2005-03-31,OPTSTK,BANKBARODA,195.0,CA,0.0,0.0,0.0,28.75,39.75,0,0.0,0
2005-03-15,2005-03-31,OPTSTK,BANKBARODA,200.0,CA,0.0,0.0,0.0,48.1,35.05,0,0.0,7000
2005-03-15,2005-03-31,OPTSTK,BANKBARODA,205.0,CA,0.0,0.0,0.0,14.45,30.5,0,0.0,0
2005-03-15,2005-03-31,OPTSTK,BANKBARODA,210.0,CA,0.0,0.0,0.0,35.0,26.2,0,0.0,19600
2005-03-15,2005-03-31,OPTSTK,BANKBARODA,215.0,CA,0.0,0.0,0.0,7.0,22.15,0,0.0,1400
2005-03-15,2005-03-31,OPTSTK,BANKBARODA,220.0,CA,14.1,14.1,14.1,14.1,14.1,4,13.1,39200
2005-03-15,2005-03-31,OPTSTK,BANKBARODA,225.0,CA,0.0,0.0,0.0,21.5,15.05,0,0.0,7000
2005-03-15,2005-03-31,OPTSTK,BANKBARODA,230.0,CA,14.0,14.0,12.0,12.0,12.0,4,13.59,30800
2005-03-15,2005-03-31,OPTSTK,BANKBARODA,235.0,CA,7.0,7.0,7.0,7.0,7.0,1,3.38,0
2005-03-15,2005-03-31,OPTSTK,BANKBARODA,240.0,CA,9.5,9.5,6.25,7.15,7.15,31,107.5,74200
2005-03-15,2005-03-31,OPTSTK,BANKBARODA,245.0,CA,0.0,0.0,0.0,7.35,5.65,0,0.0,1400
2005-03-15,2005-03-31,OPTSTK,BANKBARODA,250.0,CA,6.5,7.05,4.0,5.0,5.0,17,60.79,82600
2005-03-15,2005-03-31,OPTSTK,BANKBARODA,255.0,CA,3.25,3.25,3.25,3.25,3.25,2,7.23,5600
2005-03-15,2005-03-31,OPTSTK,BANKBARODA,260.0,CA,3.0,3.0,3.0,3.0,3.0,1,3.68,28000
2005-03-15,2005-03-31,OPTSTK,BANKBARODA,265.0,CA,0.0,0.0,0.0,4.0,1.6,0,0.0,1400
2005-03-15,2005-03-31,OPTSTK,BANKBARODA,175.0,PA,0.0,0.0,0.0,11.75,0.05,0,0.0,0
2005-03-15,2005-03-31,OPTSTK,BANKBARODA,180.0,PA,0.0,0.0,0.0,14.6,0.05,0,0.0,0
2005-03-15,2005-03-31,OPTSTK,BANKBARODA,185.0,PA,0.0,0.0,0.0,1.25,0.1,0,0.0,0
2005-03-15,2005-03-31,OPTSTK,BANKBARODA,190.0,PA,0.0,0.0,0.0,14.45,0.2,0,0.0,0
2005-03-15,2005-03-31,OPTSTK,BANKBARODA,195.0,PA,0.0,0.0,0.0,1.3,0.4,0,0.0,2800
2005-03-15,2005-03-31,OPTSTK,BANKBARODA,200.0,PA,0.0,0.0,0.0,1.0,0.65,0,0.0,8400
2005-03-15,2005-03-31,OPTSTK,BANKBARODA,205.0,PA,0.0,0.0,0.0,0.75,1.1,0,0.0,0
2005-03-15,2005-03-31,OPTSTK,BANKBARODA,210.0,PA,0.0,0.0,0.0,2.7,1.8,0,0.0,5600
2005-03-15,2005-03-31,OPTSTK,BANKBARODA,215.0,PA,0.0,0.0,0.0,18.0,2.7,0,0.0,0
2005-03-15,2005-03-31,OPTSTK,BANKBARODA,220.0,PA,2.75,2.75,2.75,2.75,2.75,1,3.11,12600
2005-03-15,2005-03-31,OPTSTK,BANKBARODA,225.0,PA,0.0,0.0,0.0,4.0,5.6,0,0.0,0
2005-03-15,2005-03-31,OPTSTK,BANKBARODA,230.0,PA,6.0,6.5,6.0,6.5,6.5,3,9.92,7000
2005-03-15,2005-03-31,OPTSTK,BANKBARODA,235.0,PA,13.0,13.5,13.0,13.3,13.3,5,17.38,7000
2005-03-15,2005-03-31,OPTSTK,BANKBARODA,240.0,PA,8.75,9.5,8.75,9.5,9.5,4,13.95,18200
2005-03-15,2005-03-31,OPTSTK,BANKBARODA,245.0,PA,0.0,0.0,0.0,6.5,16.15,0,0.0,0
2005-03-15,2005-03-31,OPTSTK,BANKBARODA,250.0,PA,17.0,19.95,17.0,19.95,19.95,2,7.51,1400
2005-03-15,2005-03-31,OPTSTK,BANKBARODA,255.0,PA,0.0,0.0,0.0,29.3,23.6,0,0.0,0
2005-03-15,2005-03-31,OPTSTK,BANKBARODA,260.0,PA,0.0,0.0,0.0,16.8,27.7,0,0.0,0
2005-03-15,2005-03-31,OPTSTK,BANKBARODA,265.0,PA,0.0,0.0,0.0,22.3,32.05,0,0.0,0
2005-03-15,2005-04-28,OPTSTK,BANKBARODA,175.0,CA,0.0,0.0,0.0,31.95,60.8,0,0.0,0
2005-03-15,2005-04-28,OPTSTK,BANKBARODA,180.0,CA,0.0,0.0,0.0,29.25,56.15,0,0.0,0
2005-03-15,2005-04-28,OPTSTK,BANKBARODA,185.0,CA,0.0,0.0,0.0,26.7,51.6,0,0.0,0
2005-03-15,2005-04-28,OPTSTK,BANKBARODA,190.0,CA,0.0,0.0,0.0,24.35,47.2,0,0.0,0
2005-03-15,2005-04-28,OPTSTK,BANKBARODA,195.0,CA,0.0,0.0,0.0,22.2,42.95,0,0.0,0
2005-03-15,2005-04-28,OPTSTK,BANKBARODA,200.0,CA,0.0,0.0,0.0,20.15,38.85,0,0.0,0
2005-03-15,2005-04-28,OPTSTK,BANKBARODA,205.0,CA,0.0,0.0,0.0,18.3,34.95,0,0.0,0
2005-03-15,2005-04-28,OPTSTK,BANKBARODA,210.0,CA,0.0,0.0,0.0,21.4,31.3,0,0.0,0
2005-03-15,2005-04-28,OPTSTK,BANKBARODA,215.0,CA,0.0,0.0,0.0,19.55,27.85,0,0.0,0
2005-03-15,2005-04-28,OPTSTK,BANKBARODA,220.0,CA,0.0,0.0,0.0,20.25,24.65,0,0.0,0
2005-03-15,2005-04-28,OPTSTK,BANKBARODA,225.0,CA,0.0,0.0,0.0,19.35,21.7,0,0.0,0
2005-03-15,2005-04-28,OPTSTK,BANKBARODA,230.0,CA,0.0,0.0,0.0,19.45,18.95,0,0.0,0
2005-03-15,2005-04-28,OPTSTK,BANKBARODA,235.0,CA,0.0,0.0,0.0,11.35,16.5,0,0.0,0
2005-03-15,2005-04-28,OPTSTK,BANKBARODA,240.0,CA,0.0,0.0,0.0,12.05,14.3,0,0.0,0
2005-03-15,2005-04-28,OPTSTK,BANKBARODA,245.0,CA,0.0,0.0,0.0,17.25,12.3,0,0.0,0
2005-03-15,2005-04-28,OPTSTK,BANKBARODA,250.0,CA,0.0,0.0,0.0,15.25,10.55,0,0.0,0
2005-03-15,2005-04-28,OPTSTK,BANKBARODA,255.0,CA,0.0,0.0,0.0,13.45,9.0,0,0.0,0
2005-03-15,2005-04-28,OPTSTK,BANKBARODA,260.0,CA,0.0,0.0,0.0,14.3,7.6,0,0.0,0
2005-03-15,2005-04-28,OPTSTK,BANKBARODA,265.0,CA,0.0,0.0,0.0,12.5,6.45,0,0.0,0
2005-03-15,2005-04-28,OPTSTK,BANKBARODA,175.0,PA,0.0,0.0,0.0,14.35,0.65,0,0.0,0
2005-03-15,2005-04-28,OPTSTK,BANKBARODA,180.0,PA,0.0,0.0,0.0,16.55,0.95,0,0.0,0
2005-03-15,2005-04-28,OPTSTK,BANKBARODA,185.0,PA,0.0,0.0,0.0,18.95,1.35,0,0.0,0
2005-03-15,2005-04-28,OPTSTK,BANKBARODA,190.0,PA,0.0,0.0,0.0,21.55,1.9,0,0.0,0
2005-03-15,2005-04-28,OPTSTK,BANKBARODA,195.0,PA,0.0,0.0,0.0,24.3,2.65,0,0.0,0
2005-03-15,2005-04-28,OPTSTK,BANKBARODA,200.0,PA,0.0,0.0,0.0,27.2,3.5,0,0.0,0
2005-03-15,2005-04-28,OPTSTK,BANKBARODA,205.0,PA,0.0,0.0,0.0,30.3,4.6,0,0.0,0
2005-03-15,2005-04-28,OPTSTK,BANKBARODA,210.0,PA,0.0,0.0,0.0,29.5,5.9,0,0.0,0
2005-03-15,2005-04-28,OPTSTK,BANKBARODA,215.0,PA,0.0,0.0,0.0,32.6,7.4,0,0.0,0
2005-03-15,2005-04-28,OPTSTK,BANKBARODA,220.0,PA,0.0,0.0,0.0,32.25,9.15,0,0.0,0
2005-03-15,2005-04-28,OPTSTK,BANKBARODA,225.0,PA,0.0,0.0,0.0,32.7,11.15,0,0.0,0
2005-03-15,2005-04-28,OPTSTK,BANKBARODA,230.0,PA,0.0,0.0,0.0,33.5,13.4,0,0.0,0
2005-03-15,2005-04-28,OPTSTK,BANKBARODA,235.0,PA,0.0,0.0,0.0,26.55,15.9,0,0.0,0
2005-03-15,2005-04-28,OPTSTK,BANKBARODA,240.0,PA,0.0,0.0,0.0,24.9,18.65,0,0.0,0
2005-03-15,2005-04-28,OPTSTK,BANKBARODA,245.0,PA,0.0,0.0,0.0,21.55,21.65,0,0.0,0
2005-03-15,2005-04-28,OPTSTK,BANKBARODA,250.0,PA,0.0,0.0,0.0,24.5,24.85,0,0.0,0
2005-03-15,2005-04-28,OPTSTK,BANKBARODA,255.0,PA,0.0,0.0,0.0,27.6,28.25,0,0.0,0
2005-03-15,2005-04-28,OPTSTK,BANKBARODA,260.0,PA,0.0,0.0,0.0,24.35,31.85,0,0.0,0
2005-03-15,2005-04-28,OPTSTK,BANKBARODA,265.0,PA,0.0,0.0,0.0,27.5,35.65,0,0.0,0
2005-03-15,2005-05-26,OPTSTK,BANKBARODA,190.0,CA,0.0,0.0,0.0,27.7,50.15,0,0.0,0
2005-03-15,2005-05-26,OPTSTK,BANKBARODA,195.0,CA,0.0,0.0,0.0,24.8,46.2,0,0.0,0
2005-03-15,2005-05-26,OPTSTK,BANKBARODA,200.0,CA,0.0,0.0,0.0,22.1,42.45,0,0.0,0
2005-03-15,2005-05-26,OPTSTK,BANKBARODA,205.0,CA,0.0,0.0,0.0,19.65,38.9,0,0.0,0
2005-03-15,2005-05-26,OPTSTK,BANKBARODA,210.0,CA,0.0,0.0,0.0,17.4,35.5,0,0.0,0
2005-03-15,2005-05-26,OPTSTK,BANKBARODA,215.0,CA,0.0,0.0,0.0,15.35,32.3,0,0.0,0
2005-03-15,2005-05-26,OPTSTK,BANKBARODA,220.0,CA,0.0,0.0,0.0,13.5,29.3,0,0.0,0
2005-03-15,2005-05-26,OPTSTK,BANKBARODA,225.0,CA,0.0,0.0,0.0,19.2,26.5,0,0.0,0
2005-03-15,2005-05-26,OPTSTK,BANKBARODA,230.0,CA,0.0,0.0,0.0,17.2,23.9,0,0.0,0
2005-03-15,2005-05-26,OPTSTK,BANKBARODA,235.0,CA,0.0,0.0,0.0,15.4,21.5,0,0.0,0
2005-03-15,2005-05-26,OPTSTK,BANKBARODA,240.0,CA,0.0,0.0,0.0,16.3,19.3,0,0.0,0
2005-03-15,2005-05-26,OPTSTK,BANKBARODA,245.0,CA,0.0,0.0,0.0,22.35,17.25,0,0.0,0
2005-03-15,2005-05-26,OPTSTK,BANKBARODA,250.0,CA,0.0,0.0,0.0,20.3,15.4,0,0.0,0
2005-03-15,2005-05-26,OPTSTK,BANKBARODA,255.0,CA,0.0,0.0,0.0,18.4,13.7,0,0.0,0
2005-03-15,2005-05-26,OPTSTK,BANKBARODA,260.0,CA,0.0,0.0,0.0,19.45,12.15,0,0.0,0
2005-03-15,2005-05-26,OPTSTK,BANKBARODA,265.0,CA,0.0,0.0,0.0,17.55,10.75,0,0.0,0
2005-03-15,2005-05-26,OPTSTK,BANKBARODA,190.0,PA,0.0,0.0,0.0,10.25,4.0,0,0.0,0
2005-03-15,2005-05-26,OPTSTK,BANKBARODA,195.0,PA,0.0,0.0,0.0,12.3,5.0,0,0.0,0
2005-03-15,2005-05-26,OPTSTK,BANKBARODA,200.0,PA,0.0,0.0,0.0,14.55,6.2,0,0.0,0
2005-03-15,2005-05-26,OPTSTK,BANKBARODA,205.0,PA,0.0,0.0,0.0,17.0,7.6,0,0.0,0
2005-03-15,2005-05-26,OPTSTK,BANKBARODA,210.0,PA,0.0,0.0,0.0,19.65,9.15,0,0.0,0
2005-03-15,2005-05-26,OPTSTK,BANKBARODA,215.0,PA,0.0,0.0,0.0,22.55,10.9,0,0.0,0
2005-03-15,2005-05-26,OPTSTK,BANKBARODA,220.0,PA,0.0,0.0,0.0,25.65,12.85,0,0.0,0
2005-03-15,2005-05-26,OPTSTK,BANKBARODA,225.0,PA,0.0,0.0,0.0,23.45,15.0,0,0.0,0
2005-03-15,2005-05-26,OPTSTK,BANKBARODA,230.0,PA,0.0,0.0,0.0,26.4,17.3,0,0.0,0
2005-03-15,2005-05-26,OPTSTK,BANKBARODA,235.0,PA,0.0,0.0,0.0,29.5,19.85,0,0.0,0
2005-03-15,2005-05-26,OPTSTK,BANKBARODA,240.0,PA,0.0,0.0,0.0,28.05,22.55,0,0.0,0
2005-03-15,2005-05-26,OPTSTK,BANKBARODA,245.0,PA,0.0,0.0,0.0,25.5,25.45,0,0.0,0
2005-03-15,2005-05-26,OPTSTK,BANKBARODA,250.0,PA,0.0,0.0,0.0,28.4,28.55,0,0.0,0
2005-03-15,2005-05-26,OPTSTK,BANKBARODA,255.0,PA,0.0,0.0,0.0,31.45,31.8,0,0.0,0
2005-03-15,2005-05-26,OPTSTK,BANKBARODA,260.0,PA,0.0,0.0,0.0,28.3,35.2,0,0.0,0
2005-03-15,2005-05-26,OPTSTK,BANKBARODA,265.0,PA,0.0,0.0,0.0,31.35,38.75,0,0.0,0
2005-03-15,2005-03-31,OPTSTK,BANKINDIA,60.0,CA,0.0,0.0,0.0,20.05,54.2,0,0.0,0
2005-03-15,2005-03-31,OPTSTK,BANKINDIA,65.0,CA,0.0,0.0,0.0,20.1,49.25,0,0.0,0
2005-03-15,2005-03-31,OPTSTK,BANKINDIA,70.0,CA,0.0,0.0,0.0,42.5,44.25,0,0.0,0
2005-03-15,2005-03-31,OPTSTK,BANKINDIA,75.0,CA,0.0,0.0,0.0,55.0,39.25,0,0.0,0
2005-03-15,2005-03-31,OPTSTK,BANKINDIA,80.0,CA,0.0,0.0,0.0,40.0,34.3,0,0.0,26600
2005-03-15,2005-03-31,OPTSTK,BANKINDIA,85.0,CA,29.5,29.85,29.5,29.85,29.85,2,8.71,148200
2005-03-15,2005-03-31,OPTSTK,BANKINDIA,90.0,CA,0.0,0.0,0.0,28.9,24.6,0,0.0,197600
2005-03-15,2005-03-31,OPTSTK,BANKINDIA,95.0,CA,0.0,0.0,0.0,19.6,20.05,0,0.0,190000
2005-03-15,2005-03-31,OPTSTK,BANKINDIA,100.0,CA,16.0,16.25,15.75,15.75,15.75,5,22.04,437000
2005-03-15,2005-03-31,OPTSTK,BANKINDIA,105.0,CA,11.95,11.95,10.25,10.25,10.25,2,8.82,243200
2005-03-15,2005-03-31,OPTSTK,BANKINDIA,110.0,CA,7.1,8.2,6.6,7.0,7.0,24,106.92,551000
2005-03-15,2005-03-31,OPTSTK,BANKINDIA,115.0,CA,4.95,5.7,3.7,4.25,4.25,92,417.35,520600
2005-03-15,2005-03-31,OPTSTK,BANKINDIA,120.0,CA,3.0,3.0,2.1,2.2,2.2,37,172.16,433200
2005-03-15,2005-03-31,OPTSTK,BANKINDIA,125.0,CA,1.7,1.7,1.15,1.35,1.35,8,38.39,159600
2005-03-15,2005-03-31,OPTSTK,BANKINDIA,130.0,CA,0.65,0.75,0.65,0.75,0.75,2,9.93,49400
2005-03-15,2005-03-31,OPTSTK,BANKINDIA,60.0,PA,0.0,0.0,0.0,2.55,0.0,0,0.0,0
2005-03-15,2005-03-31,OPTSTK,BANKINDIA,65.0,PA,0.0,0.0,0.0,5.95,0.0,0,0.0,0
2005-03-15,2005-03-31,OPTSTK,BANKINDIA,70.0,PA,0.0,0.0,0.0,0.25,0.0,0,0.0,98800
2005-03-15,2005-03-31,OPTSTK,BANKINDIA,75.0,PA,0.0,0.0,0.0,0.25,0.05,0,0.0,60800
2005-03-15,2005-03-31,OPTSTK,BANKINDIA,80.0,PA,0.0,0.0,0.0,0.25,0.05,0,0.0,174800
2005-03-15,2005-03-31,OPTSTK,BANKINDIA,85.0,PA,0.2,0.3,0.2,0.3,0.3,3,9.72,205200
2005-03-15,2005-03-31,OPTSTK,BANKINDIA,90.0,PA,0.4,0.4,0.35,0.35,0.35,4,13.73,361000
2005-03-15,2005-03-31,OPTSTK,BANKINDIA,95.0,PA,0.65,0.7,0.65,0.7,0.7,3,10.9,220400
2005-03-15,2005-03-31,OPTSTK,BANKINDIA,100.0,PA,1.15,1.25,1.1,1.25,1.25,3,11.53,395200
2005-03-15,2005-03-31,OPTSTK,BANKINDIA,105.0,PA,1.35,1.95,1.35,1.7,1.7,4,16.2,197600
2005-03-15,2005-03-31,OPTSTK,BANKINDIA,110.0,PA,3.0,3.45,2.7,2.85,2.85,22,94.55,395200
2005-03-15,2005-03-31,OPTSTK,BANKINDIA,115.0,PA,5.2,5.5,4.45,5.4,5.4,18,82.1,228000
2005-03-15,2005-03-31,OPTSTK,BANKINDIA,120.0,PA,8.0,8.0,8.0,8.0,8.0,1,4.86,45600
2005-03-15,2005-03-31,OPTSTK,BANKINDIA,125.0,PA,0.0,0.0,0.0,10.05,13.6,0,0.0,0
2005-03-15,2005-03-31,OPTSTK,BANKINDIA,130.0,PA,0.0,0.0,0.0,19.4,17.55,0,0.0,0
2005-03-15,2005-04-28,OPTSTK,BANKINDIA,65.0,CA,0.0,0.0,0.0,21.7,49.6,0,0.0,0
2005-03-15,2005-04-28,OPTSTK,BANKINDIA,70.0,CA,0.0,0.0,0.0,19.0,44.75,0,0.0,0
2005-03-15,2005-04-28,OPTSTK,BANKINDIA,75.0,CA,0.0,0.0,0.0,16.6,40.0,0,0.0,0
2005-03-15,2005-04-28,OPTSTK,BANKINDIA,80.0,CA,0.0,0.0,0.0,22.0,35.35,0,0.0,0
2005-03-15,2005-04-28,OPTSTK,BANKINDIA,85.0,CA,0.0,0.0,0.0,12.55,30.95,0,0.0,0
2005-03-15,2005-04-28,OPTSTK,BANKINDIA,90.0,CA,0.0,0.0,0.0,10.9,26.75,0,0.0,0
2005-03-15,2005-04-28,OPTSTK,BANKINDIA,95.0,CA,0.0,0.0,0.0,9.5,22.9,0,0.0,0
2005-03-15,2005-04-28,OPTSTK,BANKINDIA,100.0,CA,0.0,0.0,0.0,1.35,19.4,0,0.0,0
2005-03-15,2005-04-28,OPTSTK,BANKINDIA,105.0,CA,0.0,0.0,0.0,1.3,16.25,0,0.0,0
2005-03-15,2005-04-28,OPTSTK,BANKINDIA,110.0,CA,0.0,0.0,0.0,2.15,13.45,0,0.0,0
2005-03-15,2005-04-28,OPTSTK,BANKINDIA,115.0,CA,0.0,0.0,0.0,5.25,11.05,0,0.0,0
2005-03-15,2005-04-28,OPTSTK,BANKINDIA,120.0,CA,0.0,0.0,0.0,8.5,9.0,0,0.0,0
2005-03-15,2005-04-28,OPTSTK,BANKINDIA,125.0,CA,0.0,0.0,0.0,7.05,7.25,0,0.0,0
2005-03-15,2005-04-28,OPTSTK,BANKINDIA,130.0,CA,0.0,0.0,0.0,8.3,5.8,0,0.0,0
2005-03-15,2005-04-28,OPTSTK,BANKINDIA,65.0,PA,0.0,0.0,0.0,7.1,0.1,0,0.0,0
2005-03-15,2005-04-28,OPTSTK,BANKINDIA,70.0,PA,0.0,0.0,0.0,9.3,0.2,0,0.0,0
2005-03-15,2005-04-28,OPTSTK,BANKINDIA,75.0,PA,0.0,0.0,0.0,11.85,0.4,0,0.0,0
2005-03-15,2005-04-28,OPTSTK,BANKINDIA,80.0,PA,0.0,0.0,0.0,14.6,0.75,0,0.0,0
2005-03-15,2005-04-28,OPTSTK,BANKINDIA,85.0,PA,0.0,0.0,0.0,17.65,1.25,0,0.0,0
2005-03-15,2005-04-28,OPTSTK,BANKINDIA,90.0,PA,0.0,0.0,0.0,20.95,2.05,0,0.0,0
2005-03-15,2005-04-28,OPTSTK,BANKINDIA,95.0,PA,0.0,0.0,0.0,24.45,3.2,0,0.0,0
2005-03-15,2005-04-28,OPTSTK,BANKINDIA,100.0,PA,0.0,0.0,0.0,25.45,4.65,0,0.0,0
2005-03-15,2005-04-28,OPTSTK,BANKINDIA,105.0,PA,0.0,0.0,0.0,2.35,6.45,0,0.0,0
2005-03-15,2005-04-28,OPTSTK,BANKINDIA,110.0,PA,0.0,0.0,0.0,18.45,8.6,0,0.0,0
2005-03-15,2005-04-28,OPTSTK,BANKINDIA,115.0,PA,0.0,0.0,0.0,19.9,11.2,0,0.0,0
2005-03-15,2005-04-28,OPTSTK,BANKINDIA,120.0,PA,0.0,0.0,0.0,19.7,14.1,0,0.0,0
2005-03-15,2005-04-28,OPTSTK,BANKINDIA,125.0,PA,0.0,0.0,0.0,23.2,17.3,0,0.0,0
2005-03-15,2005-04-28,OPTSTK,BANKINDIA,130.0,PA,0.0,0.0,0.0,23.15,20.8,0,0.0,0
2005-03-15,2005-05-26,OPTSTK,BANKINDIA,70.0,CA,0.0,0.0,0.0,18.95,45.55,0,0.0,0
2005-03-15,2005-05-26,OPTSTK,BANKINDIA,75.0,CA,0.0,0.0,0.0,15.75,41.05,0,0.0,0
2005-03-15,2005-05-26,OPTSTK,BANKINDIA,80.0,CA,0.0,0.0,0.0,13.0,36.75,0,0.0,0
2005-03-15,2005-05-26,OPTSTK,BANKINDIA,85.0,CA,0.0,0.0,0.0,10.6,32.7,0,0.0,0
2005-03-15,2005-05-26,OPTSTK,BANKINDIA,90.0,CA,0.0,0.0,0.0,8.6,28.9,0,0.0,0
2005-03-15,2005-05-26,OPTSTK,BANKINDIA,95.0,CA,0.0,0.0,0.0,6.95,25.4,0,0.0,0
2005-03-15,2005-05-26,OPTSTK,BANKINDIA,100.0,CA,0.0,0.0,0.0,5.55,22.2,0,0.0,0
2005-03-15,2005-05-26,OPTSTK,BANKINDIA,105.0,CA,0.0,0.0,0.0,6.15,19.3,0,0.0,0
2005-03-15,2005-05-26,OPTSTK,BANKINDIA,110.0,CA,0.0,0.0,0.0,7.85,16.7,0,0.0,0
2005-03-15,2005-05-26,OPTSTK,BANKINDIA,115.0,CA,0.0,0.0,0.0,7.6,14.35,0,0.0,0
2005-03-15,2005-05-26,OPTSTK,BANKINDIA,120.0,CA,0.0,0.0,0.0,11.7,12.3,0,0.0,0
2005-03-15,2005-05-26,OPTSTK,BANKINDIA,125.0,CA,0.0,0.0,0.0,10.15,10.5,0,0.0,0
2005-03-15,2005-05-26,OPTSTK,BANKINDIA,130.0,CA,0.0,0.0,0.0,11.8,8.95,0,0.0,0
2005-03-15,2005-05-26,OPTSTK,BANKINDIA,70.0,PA,0.0,0.0,0.0,3.75,0.65,0,0.0,0
2005-03-15,2005-05-26,OPTSTK,BANKINDIA,75.0,PA,0.0,0.0,0.0,5.5,1.1,0,0.0,0
2005-03-15,2005-05-26,OPTSTK,BANKINDIA,80.0,PA,0.0,0.0,0.0,7.65,1.75,0,0.0,0
2005-03-15,2005-05-26,OPTSTK,BANKINDIA,85.0,PA,0.0,0.0,0.0,10.2,2.65,0,0.0,0
2005-03-15,2005-05-26,OPTSTK,BANKINDIA,90.0,PA,0.0,0.0,0.0,13.1,3.8,0,0.0,0
2005-03-15,2005-05-26,OPTSTK,BANKINDIA,95.0,PA,0.0,0.0,0.0,16.35,5.25,0,0.0,0
2005-03-15,2005-05-26,OPTSTK,BANKINDIA,100.0,PA,0.0,0.0,0.0,19.9,7.0,0,0.0,0
2005-03-15,2005-05-26,OPTSTK,BANKINDIA,105.0,PA,0.0,0.0,0.0,20.75,9.0,0,0.0,0
2005-03-15,2005-05-26,OPTSTK,BANKINDIA,110.0,PA,0.0,0.0,0.0,20.25,11.35,0,0.0,0
2005-03-15,2005-05-26,OPTSTK,BANKINDIA,115.0,PA,0.0,0.0,0.0,21.75,13.95,0,0.0,0
2005-03-15,2005-05-26,OPTSTK,BANKINDIA,120.0,PA,0.0,0.0,0.0,22.35,16.85,0,0.0,0
2005-03-15,2005-05-26,OPTSTK,BANKINDIA,125.0,PA,0.0,0.0,0.0,25.75,20.0,0,0.0,0
2005-03-15,2005-05-26,OPTSTK,BANKINDIA,130.0,PA,0.0,0.0,0.0,26.0,23.35,0,0.0,0
2005-03-15,2005-03-31,OPTSTK,BEL,520.0,CA,34.0,34.0,34.0,34.0,34.0,2,6.09,1100
2005-03-15,2005-03-31,OPTSTK,BEL,540.0,CA,0.0,0.0,0.0,84.5,169.7,0,0.0,0
2005-03-15,2005-03-31,OPTSTK,BEL,560.0,CA,0.0,0.0,0.0,88.55,149.75,0,0.0,0
2005-03-15,2005-03-31,OPTSTK,BEL,580.0,CA,0.0,0.0,0.0,81.95,129.85,0,0.0,0
2005-03-15,2005-03-31,OPTSTK,BEL,600.0,CA,60.0,60.0,60.0,60.0,60.0,1,3.63,0
2005-03-15,2005-03-31,OPTSTK,BEL,620.0,CA,0.0,0.0,0.0,80.0,90.25,0,0.0,16500
2005-03-15,2005-03-31,OPTSTK,BEL,640.0,CA,0.0,0.0,0.0,12.0,71.15,0,0.0,0
2005-03-15,2005-03-31,OPTSTK,BEL,660.0,CA,0.0,0.0,0.0,18.0,53.25,0,0.0,0
2005-03-15,2005-03-31,OPTSTK,BEL,680.0,CA,0.0,0.0,0.0,45.0,37.4,0,0.0,0
2005-03-15,2005-03-31,OPTSTK,BEL,700.0,CA,0.0,0.0,0.0,39.5,24.35,0,0.0,550
2005-03-15,2005-03-31,OPTSTK,BEL,720.0,CA,0.0,0.0,0.0,15.25,14.6,0,0.0,0
2005-03-15,2005-03-31,OPTSTK,BEL,740.0,CA,8.05,8.05,8.05,8.05,8.05,1,4.11,1650
2005-03-15,2005-03-31,OPTSTK,BEL,760.0,CA,4.0,4.0,4.0,4.0,4.0,1,4.2,2200
2005-03-15,2005-03-31,OPTSTK,BEL,780.0,CA,0.0,0.0,0.0,24.0,1.85,0,0.0,0
2005-03-15,2005-03-31,OPTSTK,BEL,800.0,CA,0.0,0.0,0.0,10.1,0.8,0,0.0,0
2005-03-15,2005-03-31,OPTSTK,BEL,520.0,PA,0.0,0.0,0.0,13.15,0.0,0,0.0,0
2005-03-15,2005-03-31,OPTSTK,BEL,540.0,PA,0.0,0.0,0.0,9.45,0.0,0,0.0,0
2005-03-15,2005-03-31,OPTSTK,BEL,560.0,PA,0.0,0.0,0.0,13.8,0.0,0,0.0,0
2005-03-15,2005-03-31,OPTSTK,BEL,580.0,PA,0.0,0.0,0.0,0.05,0.05,0,0.0,0
2005-03-15,2005-03-31,OPTSTK,BEL,600.0,PA,0.0,0.0,0.0,0.1,0.1,0,0.0,0
2005-03-15,2005-03-31,OPTSTK,BEL,620.0,PA,0.0,0.0,0.0,23.4,0.4,0,0.0,0
2005-03-15,2005-03-31,OPTSTK,BEL,640.0,PA,0.0,0.0,0.0,32.05,1.2,0,0.0,0
2005-03-15,2005-03-31,OPTSTK,BEL,660.0,PA,0.0,0.0,0.0,1.0,3.25,0,0.0,0
2005-03-15,2005-03-31,OPTSTK,BEL,680.0,PA,0.0,0.0,0.0,54.15,7.35,0,0.0,0
2005-03-15,2005-03-31,OPTSTK,BEL,700.0,PA,0.0,0.0,0.0,67.5,14.25,0,0.0,0
2005-03-15,2005-03-31,OPTSTK,BEL,720.0,PA,0.0,0.0,0.0,5.5,24.45,0,0.0,0
2005-03-15,2005-03-31,OPTSTK,BEL,740.0,PA,12.0,12.0,11.8,11.8,11.8,8,33.08,4400
2005-03-15,2005-03-31,OPTSTK,BEL,760.0,PA,0.0,0.0,0.0,18.75,53.8,0,0.0,0
2005-03-15,2005-03-31,OPTSTK,BEL,780.0,PA,0.0,0.0,0.0,71.65,71.6,0,0.0,0
2005-03-15,2005-03-31,OPTSTK,BEL,800.0,PA,0.0,0.0,0.0,68.6,90.45,0,0.0,0
2005-03-15,2005-04-28,OPTSTK,BEL,520.0,CA,0.0,0.0,0.0,85.85,192.2,0,0.0,0
2005-03-15,2005-04-28,OPTSTK,BEL,540.0,CA,0.0,0.0,0.0,72.35,172.45,0,0.0,0
2005-03-15,2005-04-28,OPTSTK,BEL,560.0,CA,0.0,0.0,0.0,58.9,152.8,0,0.0,0
2005-03-15,2005-04-28,OPTSTK,BEL,580.0,CA,0.0,0.0,0.0,47.2,133.45,0,0.0,0
2005-03-15,2005-04-28,OPTSTK,BEL,600.0,CA,0.0,0.0,0.0,73.0,114.6,0,0.0,11000
2005-03-15,2005-04-28,OPTSTK,BEL,620.0,CA,0.0,0.0,0.0,58.0,96.5,0,0.0,11000
2005-03-15,2005-04-28,OPTSTK,BEL,640.0,CA,0.0,0.0,0.0,21.85,79.55,0,0.0,0
2005-03-15,2005-04-28,OPTSTK,BEL,660.0,CA,0.0,0.0,0.0,16.4,64.05,0,0.0,0
2005-03-15,2005-04-28,OPTSTK,BEL,680.0,CA,0.0,0.0,0.0,22.7,50.2,0,0.0,0
2005-03-15,2005-04-28,OPTSTK,BEL,700.0,CA,0.0,0.0,0.0,20.35,38.35,0,0.0,0
2005-03-15,2005-04-28,OPTSTK,BEL,720.0,CA,0.0,0.0,0.0,18.85,28.5,0,0.0,0
2005-03-15,2005-04-28,OPTSTK,BEL,740.0,CA,0.0,0.0,0.0,19.4,20.6,0,0.0,0
2005-03-15,2005-04-28,OPTSTK,BEL,760.0,CA,0.0,0.0,0.0,22.65,14.5,0,0.0,0
2005-03-15,2005-04-28,OPTSTK,BEL,780.0,CA,0.0,0.0,0.0,17.2,9.95,0,0.0,0
2005-03-15,2005-04-28,OPTSTK,BEL,800.0,CA,0.0,0.0,0.0,21.65,6.65,0,0.0,0
2005-03-15,2005-04-28,OPTSTK,BEL,520.0,PA,0.0,0.0,0.0,9.35,0.05,0,0.0,0
2005-03-15,2005-04-28,OPTSTK,BEL,540.0,PA,0.0,0.0,0.0,13.55,0.15,0,0.0,0
2005-03-15,2005-04-28,OPTSTK,BEL,560.0,PA,0.0,0.0,0.0,19.8,0.4,0,0.0,0
2005-03-15,2005-04-28,OPTSTK,BEL,580.0,PA,0.0,0.0,0.0,0.55,0.9,0,0.0,0
2005-03-15,2005-04-28,OPTSTK,BEL,600.0,PA,0.0,0.0,0.0,0.75,1.9,0,0.0,0
2005-03-15,2005-04-28,OPTSTK,BEL,620.0,PA,0.0,0.0,0.0,48.8,3.65,0,0.0,0
2005-03-15,2005-04-28,OPTSTK,BEL,640.0,PA,0.0,0.0,0.0,61.65,6.55,0,0.0,0
2005-03-15,2005-04-28,OPTSTK,BEL,660.0,PA,0.0,0.0,0.0,75.9,10.9,0,0.0,0
2005-03-15,2005-04-28,OPTSTK,BEL,680.0,PA,0.0,0.0,0.0,68.15,16.9,0,0.0,0
2005-03-15,2005-04-28,OPTSTK,BEL,700.0,PA,0.0,0.0,0.0,75.25,24.9,0,0.0,0
2005-03-15,2005-04-28,OPTSTK,BEL,720.0,PA,0.0,0.0,0.0,75.65,34.95,0,0.0,0
2005-03-15,2005-04-28,OPTSTK,BEL,740.0,PA,0.0,0.0,0.0,5.0,46.9,0,0.0,0
2005-03-15,2005-04-28,OPTSTK,BEL,760.0,PA,0.0,0.0,0.0,70.4,60.65,0,0.0,0
2005-03-15,2005-04-28,OPTSTK,BEL,780.0,PA,0.0,0.0,0.0,76.95,75.95,0,0.0,0
2005-03-15,2005-04-28,OPTSTK,BEL,800.0,PA,0.0,0.0,0.0,76.2,92.5,0,0.0,0
2005-03-15,2005-05-26,OPTSTK,BEL,640.0,CA,0.0,0.0,0.0,90.25,87.5,0,0.0,0
2005-03-15,2005-05-26,OPTSTK,BEL,660.0,CA,0.0,0.0,0.0,76.75,73.0,0,0.0,0
2005-03-15,2005-05-26,OPTSTK,BEL,680.0,CA,0.0,0.0,0.0,64.6,60.05,0,0.0,0
2005-03-15,2005-05-26,OPTSTK,BEL,700.0,CA,0.0,0.0,0.0,53.75,48.65,0,0.0,0
2005-03-15,2005-05-26,OPTSTK,BEL,720.0,CA,0.0,0.0,0.0,44.3,38.8,0,0.0,0
2005-03-15,2005-05-26,OPTSTK,BEL,740.0,CA,0.0,0.0,0.0,36.1,30.45,0,0.0,0
2005-03-15,2005-05-26,OPTSTK,BEL,760.0,CA,0.0,0.0,0.0,29.15,23.55,0,0.0,0
2005-03-15,2005-05-26,OPTSTK,BEL,780.0,CA,0.0,0.0,0.0,25.3,18.0,0,0.0,0
2005-03-15,2005-05-26,OPTSTK,BEL,800.0,CA,0.0,0.0,0.0,31.6,13.5,0,0.0,0
2005-03-15,2005-05-26,OPTSTK,BEL,640.0,PA,0.0,0.0,0.0,17.15,11.55,0,0.0,0
2005-03-15,2005-05-26,OPTSTK,BEL,660.0,PA,0.0,0.0,0.0,23.3,16.85,0,0.0,0
2005-03-15,2005-05-26,OPTSTK,BEL,680.0,PA,0.0,0.0,0.0,30.85,23.65,0,0.0,0
2005-03-15,2005-05-26,OPTSTK,BEL,700.0,PA,0.0,0.0,0.0,39.75,32.0,0,0.0,0
2005-03-15,2005-05-26,OPTSTK,BEL,720.0,PA,0.0,0.0,0.0,49.95,41.9,0,0.0,0
2005-03-15,2005-05-26,OPTSTK,BEL,740.0,PA,0.0,0.0,0.0,61.45,53.35,0,0.0,0
2005-03-15,2005-05-26,OPTSTK,BEL,760.0,PA,0.0,0.0,0.0,74.2,66.2,0,0.0,0
2005-03-15,2005-05-26,OPTSTK,BEL,780.0,PA,0.0,0.0,0.0,81.55,80.4,0,0.0,0
2005-03-15,2005-05-26,OPTSTK,BEL,800.0,PA,0.0,0.0,0.0,82.5,95.7,0,0.0,0
2005-03-15,2005-03-31,OPTSTK,BHEL,620.0,CA,0.0,0.0,0.0,84.9,189.25,0,0.0,0
2005-03-15,2005-03-31,OPTSTK,BHEL,640.0,CA,0.0,0.0,0.0,73.0,169.3,0,0.0,0
2005-03-15,2005-03-31,OPTSTK,BHEL,660.0,CA,0.0,0.0,0.0,87.5,149.35,0,0.0,0
2005-03-15,2005-03-31,OPTSTK,BHEL,680.0,CA,0.0,0.0,0.0,93.2,129.45,0,0.0,0
2005-03-15,2005-03-31,OPTSTK,BHEL,700.0,CA,15.0,15.0,15.0,15.0,15.0,5,21.45,3000
2005-03-15,2005-03-31,OPTSTK,BHEL,720.0,CA,0.0,0.0,0.0,95.0,89.9,0,0.0,1800
2005-03-15,2005-03-31,OPTSTK,BHEL,740.0,CA,72.0,72.0,72.0,72.0,72.0,3,14.61,1800
2005-03-15,2005-03-31,OPTSTK,BHEL,760.0,CA,0.0,0.0,0.0,45.05,52.9,0,0.0,0
2005-03-15,2005-03-31,OPTSTK,BHEL,780.0,CA,0.0,0.0,0.0,12.0,37.1,0,0.0,0
2005-03-15,2005-03-31,OPTSTK,BHEL,800.0,CA,0.0,0.0,0.0,28.0,24.1,0,0.0,5400
2005-03-15,2005-03-31,OPTSTK,BHEL,820.0,CA,15.0,22.0,15.0,16.2,16.2,8,40.18,11400
2005-03-15,2005-03-31,OPTSTK,BHEL,840.0,CA,8.0,8.0,7.5,7.5,7.5,3,15.25,22200
2005-03-15,2005-03-31,OPTSTK,BHEL,860.0,CA,6.0,6.0,3.6,3.6,3.6,2,10.37,29400
2005-03-15,2005-03-31,OPTSTK,BHEL,880.0,CA,0.0,0.0,0.0,5.0,1.8,0,0.0,7800
2005-03-15,2005-03-31,OPTSTK,BHEL,900.0,CA,0.0,0.0,0.0,14.0,0.75,0,0.0,1800
2005-03-15,2005-03-31,OPTSTK,BHEL,920.0,CA,0.0,0.0,0.0,27.3,0.3,0,0.0,0
2005-03-15,2005-03-31,OPTSTK,BHEL,620.0,PA,0.0,0.0,0.0,9.45,0.0,0,0.0,0
2005-03-15,2005-03-31,OPTSTK,BHEL,640.0,PA,0.0,0.0,0.0,12.1,0.0,0,0.0,0
2005-03-15,2005-03-31,OPTSTK,BHEL,660.0,PA,0.0,0.0,0.0,15.05,0.0,0,0.0,0
2005-03-15,2005-03-31,OPTSTK,BHEL,680.0,PA,0.0,0.0,0.0,14.45,0.05,0,0.0,0
2005-03-15,2005-03-31,OPTSTK,BHEL,700.0,PA,0.0,0.0,0.0,20.1,0.1,0,0.0,0
2005-03-15,2005-03-31,OPTSTK,BHEL,720.0,PA,0.0,0.0,0.0,27.05,0.4,0,0.0,0
2005-03-15,2005-03-31,OPTSTK,BHEL,740.0,PA,0.0,0.0,0.0,35.45,1.25,0,0.0,0
2005-03-15,2005-03-31,OPTSTK,BHEL,760.0,PA,0.0,0.0,0.0,45.2,3.35,0,0.0,0
2005-03-15,2005-03-31,OPTSTK,BHEL,780.0,PA,0.0,0.0,0.0,9.0,7.45,0,0.0,600
2005-03-15,2005-03-31,OPTSTK,BHEL,800.0,PA,0.0,0.0,0.0,10.0,14.4,0,0.0,3600
2005-03-15,2005-03-31,OPTSTK,BHEL,820.0,PA,20.0,20.0,11.5,20.0,20.0,10,50.04,6000
2005-03-15,2005-03-31,OPTSTK,BHEL,840.0,PA,30.0,30.0,30.0,30.0,30.0,1,5.22,5400
2005-03-15,2005-03-31,OPTSTK,BHEL,860.0,PA,0.0,0.0,0.0,48.0,54.1,0,0.0,1800
2005-03-15,2005-03-31,OPTSTK,BHEL,880.0,PA,72.0,75.0,72.0,75.0,75.0,14,80.09,9600
2005-03-15,2005-03-31,OPTSTK,BHEL,900.0,PA,0.0,0.0,0.0,95.0,90.8,0,0.0,0
2005-03-15,2005-03-31,OPTSTK,BHEL,920.0,PA,0.0,0.0,0.0,81.2,110.3,0,0.0,0
2005-03-15,2005-04-28,OPTSTK,BHEL,660.0,CA,0.0,0.0,0.0,82.6,152.9,0,0.0,0
2005-03-15,2005-04-28,OPTSTK,BHEL,680.0,CA,0.0,0.0,0.0,69.55,133.6,0,0.0,0
2005-03-15,2005-04-28,OPTSTK,BHEL,700.0,CA,0.0,0.0,0.0,57.9,114.75,0,0.0,0
2005-03-15,2005-04-28,OPTSTK,BHEL,720.0,CA,0.0,0.0,0.0,47.65,96.65,0,0.0,0
2005-03-15,2005-04-28,OPTSTK,BHEL,740.0,CA,0.0,0.0,0.0,38.8,79.7,0,0.0,0
2005-03-15,2005-04-28,OPTSTK,BHEL,760.0,CA,0.0,0.0,0.0,31.2,64.15,0,0.0,0
2005-03-15,2005-04-28,OPTSTK,BHEL,780.0,CA,0.0,0.0,0.0,24.85,50.3,0,0.0,0
2005-03-15,2005-04-28,OPTSTK,BHEL,800.0,CA,0.0,0.0,0.0,30.8,38.35,0,0.0,0
2005-03-15,2005-04-28,OPTSTK,BHEL,820.0,CA,0.0,0.0,0.0,24.5,28.45,0,0.0,0
2005-03-15,2005-04-28,OPTSTK,BHEL,840.0,CA,0.0,0.0,0.0,36.15,20.5,0,0.0,0
2005-03-15,2005-04-28,OPTSTK,BHEL,860.0,CA,0.0,0.0,0.0,37.75,14.35,0,0.0,0
2005-03-15,2005-04-28,OPTSTK,BHEL,880.0,CA,0.0,0.0,0.0,30.55,9.8,0,0.0,0
2005-03-15,2005-04-28,OPTSTK,BHEL,900.0,CA,0.0,0.0,0.0,48.55,6.45,0,0.0,0
2005-03-15,2005-04-28,OPTSTK,BHEL,920.0,CA,0.0,0.0,0.0,41.3,4.15,0,0.0,0
2005-03-15,2005-04-28,OPTSTK,BHEL,660.0,PA,0.0,0.0,0.0,18.8,0.4,0,0.0,0
2005-03-15,2005-04-28,OPTSTK,BHEL,680.0,PA,0.0,0.0,0.0,25.45,0.95,0,0.0,0
2005-03-15,2005-04-28,OPTSTK,BHEL,700.0,PA,0.0,0.0,0.0,33.55,1.95,0,0.0,0
2005-03-15,2005-04-28,OPTSTK,BHEL,720.0,PA,0.0,0.0,0.0,43.0,3.75,0,0.0,0
2005-03-15,2005-04-28,OPTSTK,BHEL,740.0,PA,0.0,0.0,0.0,53.85,6.6,0,0.0,0
2005-03-15,2005-04-28,OPTSTK,BHEL,760.0,PA,0.0,0.0,0.0,66.0,10.95,0,0.0,0
2005-03-15,2005-04-28,OPTSTK,BHEL,780.0,PA,0.0,0.0,0.0,79.35,16.9,0,0.0,0
2005-03-15,2005-04-28,OPTSTK,BHEL,800.0,PA,0.0,0.0,0.0,67.7,24.85,0,0.0,0
2005-03-15,2005-04-28,OPTSTK,BHEL,820.0,PA,0.0,0.0,0.0,81.15,34.8,0,0.0,0
2005-03-15,2005-04-28,OPTSTK,BHEL,840.0,PA,0.0,0.0,0.0,78.2,46.7,0,0.0,0
2005-03-15,2005-04-28,OPTSTK,BHEL,860.0,PA,0.0,0.0,0.0,90.1,60.4,0,0.0,0
2005-03-15,2005-04-28,OPTSTK,BHEL,880.0,PA,0.0,0.0,0.0,86.65,75.7,0,0.0,0
2005-03-15,2005-04-28,OPTSTK,BHEL,900.0,PA,0.0,0.0,0.0,78.55,92.25,0,0.0,0
2005-03-15,2005-04-28,OPTSTK,BHEL,920.0,PA,0.0,0.0,0.0,91.05,109.8,0,0.0,0
2005-03-15,2005-05-26,OPTSTK,BHEL,760.0,CA,0.0,0.0,0.0,83.0,73.5,0,0.0,0
2005-03-15,2005-05-26,OPTSTK,BHEL,780.0,CA,0.0,0.0,0.0,99.85,60.45,0,0.0,0
2005-03-15,2005-05-26,OPTSTK,BHEL,800.0,CA,0.0,0.0,0.0,102.25,48.9,0,0.0,0
2005-03-15,2005-05-26,OPTSTK,BHEL,820.0,CA,0.0,0.0,0.0,89.7,38.95,0,0.0,0
2005-03-15,2005-05-26,OPTSTK,BHEL,840.0,CA,0.0,0.0,0.0,78.2,30.5,0,0.0,0
2005-03-15,2005-05-26,OPTSTK,BHEL,860.0,CA,0.0,0.0,0.0,67.75,23.5,0,0.0,0
2005-03-15,2005-05-26,OPTSTK,BHEL,880.0,CA,0.0,0.0,0.0,58.3,17.85,0,0.0,0
2005-03-15,2005-05-26,OPTSTK,BHEL,900.0,CA,0.0,0.0,0.0,49.9,13.35,0,0.0,0
2005-03-15,2005-05-26,OPTSTK,BHEL,920.0,CA,0.0,0.0,0.0,42.45,9.85,0,0.0,0
2005-03-15,2005-05-26,OPTSTK,BHEL,760.0,PA,0.0,0.0,0.0,17.3,16.85,0,0.0,0
2005-03-15,2005-05-26,OPTSTK,BHEL,780.0,PA,0.0,0.0,0.0,21.25,23.5,0,0.0,0
2005-03-15,2005-05-26,OPTSTK,BHEL,800.0,PA,0.0,0.0,0.0,28.3,31.75,0,0.0,0
2005-03-15,2005-05-26,OPTSTK,BHEL,820.0,PA,0.0,0.0,0.0,35.45,41.55,0,0.0,0
2005-03-15,2005-05-26,OPTSTK,BHEL,840.0,PA,0.0,0.0,0.0,43.65,52.9,0,0.0,0
2005-03-15,2005-05-26,OPTSTK,BHEL,860.0,PA,0.0,0.0,0.0,52.9,65.65,0,0.0,0
2005-03-15,2005-05-26,OPTSTK,BHEL,880.0,PA,0.0,0.0,0.0,63.15,79.75,0,0.0,0
2005-03-15,2005-05-26,OPTSTK,BHEL,900.0,PA,0.0,0.0,0.0,74.45,95.05,0,0.0,0
2005-03-15,2005-05-26,OPTSTK,BHEL,920.0,PA,0.0,0.0,0.0,86.7,111.3,0,0.0,0
2005-03-15,2005-03-31,OPTSTK,BPCL,360.0,CA,0.0,0.0,0.0,19.0,31.75,0,0.0,550
2005-03-15,2005-03-31,OPTSTK,BPCL,370.0,CA,0.0,0.0,0.0,51.75,23.7,0,0.0,0
2005-03-15,2005-03-31,OPTSTK,BPCL,380.0,CA,14.75,14.75,14.75,14.75,14.75,9,19.54,4950
2005-03-15,2005-03-31,OPTSTK,BPCL,390.0,CA,20.0,20.0,14.0,14.8,14.8,7,15.62,3850
2005-03-15,2005-03-31,OPTSTK,BPCL,400.0,CA,10.45,10.5,7.0,7.85,7.85,34,76.38,30250
2005-03-15,2005-03-31,OPTSTK,BPCL,410.0,CA,7.95,8.0,5.0,5.0,5.0,13,29.74,63800
2005-03-15,2005-03-31,OPTSTK,BPCL,420.0,CA,3.1,3.1,2.9,2.9,2.9,6,13.95,68750
2005-03-15,2005-03-31,OPTSTK,BPCL,430.0,CA,4.0,4.0,2.0,2.0,2.0,3,7.13,34650
2005-03-15,2005-03-31,OPTSTK,BPCL,440.0,CA,2.0,2.0,2.0,2.0,2.0,2,4.86,24200
2005-03-15,2005-03-31,OPTSTK,BPCL,450.0,CA,0.9,0.9,0.9,0.9,0.9,2,4.95,17050
2005-03-15,2005-03-31,OPTSTK,BPCL,460.0,CA,0.0,0.0,0.0,1.0,0.15,0,0.0,3850
2005-03-15,2005-03-31,OPTSTK,BPCL,470.0,CA,0.0,0.0,0.0,37.5,0.05,0,0.0,0
2005-03-15,2005-03-31,OPTSTK,BPCL,480.0,CA,0.0,0.0,0.0,33.15,0.05,0,0.0,0
2005-03-15,2005-03-31,OPTSTK,BPCL,490.0,CA,0.0,0.0,0.0,29.2,0.05,0,0.0,0
2005-03-15,2005-03-31,OPTSTK,BPCL,500.0,CA,0.0,0.0,0.0,24.2,0.0,0,0.0,0
2005-03-15,2005-03-31,OPTSTK,BPCL,360.0,PA,0.0,0.0,0.0,14.7,1.85,0,0.0,0
2005-03-15,2005-03-31,OPTSTK,BPCL,370.0,PA,0.0,0.0,0.0,13.05,3.75,0,0.0,0
2005-03-15,2005-03-31,OPTSTK,BPCL,380.0,PA,0.0,0.0,0.0,16.5,6.8,0,0.0,0
2005-03-15,2005-03-31,OPTSTK,BPCL,390.0,PA,11.1,11.1,11.1,11.1,11.1,1,2.2,2750
2005-03-15,2005-03-31,OPTSTK,BPCL,400.0,PA,13.5,15.0,11.0,15.0,15.0,6,13.65,20350
2005-03-15,2005-03-31,OPTSTK,BPCL,410.0,PA,0.0,0.0,0.0,14.05,24.15,0,0.0,4950
2005-03-15,2005-03-31,OPTSTK,BPCL,420.0,PA,0.0,0.0,0.0,23.65,32.25,0,0.0,1650
2005-03-15,2005-03-31,OPTSTK,BPCL,430.0,PA,0.0,0.0,0.0,24.0,41.15,0,0.0,2200
2005-03-15,2005-03-31,OPTSTK,BPCL,440.0,PA,0.0,0.0,0.0,30.5,50.5,0,0.0,0
2005-03-15,2005-03-31,OPTSTK,BPCL,450.0,PA,0.0,0.0,0.0,48.0,60.15,0,0.0,0
2005-03-15,2005-03-31,OPTSTK,BPCL,460.0,PA,0.0,0.0,0.0,50.5,70.0,0,0.0,0
2005-03-15,2005-03-31,OPTSTK,BPCL,470.0,PA,7.0,81.0,7.0,44.0,44.0,2,5.65,0
2005-03-15,2005-03-31,OPTSTK,BPCL,480.0,PA,0.0,0.0,0.0,6.0,89.85,0,0.0,0
2005-03-15,2005-03-31,OPTSTK,BPCL,490.0,PA,0.0,0.0,0.0,48.4,99.8,0,0.0,0
2005-03-15,2005-03-31,OPTSTK,BPCL,500.0,PA,0.0,0.0,0.0,51.5,109.75,0,0.0,0
2005-03-15,2005-04-28,OPTSTK,BPCL,360.0,CA,0.0,0.0,0.0,53.5,37.95,0,0.0,0
2005-03-15,2005-04-28,OPTSTK,BPCL,370.0,CA,0.0,0.0,0.0,47.3,30.95,0,0.0,0
2005-03-15,2005-04-28,OPTSTK,BPCL,380.0,CA,0.0,0.0,0.0,41.6,24.8,0,0.0,0
2005-03-15,2005-04-28,OPTSTK,BPCL,390.0,CA,0.0,0.0,0.0,36.4,19.45,0,0.0,0
2005-03-15,2005-04-28,OPTSTK,BPCL,400.0,CA,0.0,0.0,0.0,31.65,15.0,0,0.0,0
2005-03-15,2005-04-28,OPTSTK,BPCL,410.0,CA,0.0,0.0,0.0,27.45,11.35,0,0.0,0
2005-03-15,2005-04-28,OPTSTK,BPCL,420.0,CA,0.0,0.0,0.0,23.65,8.4,0,0.0,0
2005-03-15,2005-04-28,OPTSTK,BPCL,430.0,CA,0.0,0.0,0.0,33.7,6.15,0,0.0,0
2005-03-15,2005-04-28,OPTSTK,BPCL,440.0,CA,0.0,0.0,0.0,29.8,4.4,0,0.0,0
2005-03-15,2005-04-28,OPTSTK,BPCL,450.0,CA,0.0,0.0,0.0,30.45,3.1,0,0.0,0
2005-03-15,2005-04-28,OPTSTK,BPCL,460.0,CA,0.0,0.0,0.0,27.8,2.15,0,0.0,0
2005-03-15,2005-04-28,OPTSTK,BPCL,470.0,CA,0.0,0.0,0.0,27.4,1.45,0,0.0,0
2005-03-15,2005-04-28,OPTSTK,BPCL,480.0,CA,0.0,0.0,0.0,29.0,0.95,0,0.0,0
2005-03-15,2005-04-28,OPTSTK,BPCL,490.0,CA,0.0,0.0,0.0,27.55,0.65,0,0.0,0
2005-03-15,2005-04-28,OPTSTK,BPCL,360.0,PA,0.0,0.0,0.0,15.15,6.3,0,0.0,0
2005-03-15,2005-04-28,OPTSTK,BPCL,370.0,PA,0.0,0.0,0.0,18.8,9.25,0,0.0,0
2005-03-15,2005-04-28,OPTSTK,BPCL,380.0,PA,0.0,0.0,0.0,22.95,13.0,0,0.0,0
2005-03-15,2005-04-28,OPTSTK,BPCL,390.0,PA,0.0,0.0,0.0,27.6,17.6,0,0.0,0
2005-03-15,2005-04-28,OPTSTK,BPCL,400.0,PA,0.0,0.0,0.0,32.75,23.1,0,0.0,0
2005-03-15,2005-04-28,OPTSTK,BPCL,410.0,PA,0.0,0.0,0.0,38.4,29.35,0,0.0,0
2005-03-15,2005-04-28,OPTSTK,BPCL,420.0,PA,0.0,0.0,0.0,44.45,36.35,0,0.0,0
2005-03-15,2005-04-28,OPTSTK,BPCL,430.0,PA,0.0,0.0,0.0,43.75,44.0,0,0.0,0
2005-03-15,2005-04-28,OPTSTK,BPCL,440.0,PA,0.0,0.0,0.0,49.75,52.15,0,0.0,0
2005-03-15,2005-04-28,OPTSTK,BPCL,450.0,PA,0.0,0.0,0.0,49.55,60.8,0,0.0,0
2005-03-15,2005-04-28,OPTSTK,BPCL,460.0,PA,0.0,0.0,0.0,52.4,69.75,0,0.0,0
2005-03-15,2005-04-28,OPTSTK,BPCL,470.0,PA,0.0,0.0,0.0,54.35,79.0,0,0.0,0
2005-03-15,2005-04-28,OPTSTK,BPCL,480.0,PA,0.0,0.0,0.0,52.45,88.45,0,0.0,0
2005-03-15,2005-04-28,OPTSTK,BPCL,490.0,PA,0.0,0.0,0.0,55.35,98.05,0,0.0,0
2005-03-15,2005-05-26,OPTSTK,BPCL,360.0,CA,0.0,0.0,0.0,47.45,43.15,0,0.0,0
2005-03-15,2005-05-26,OPTSTK,BPCL,370.0,CA,0.0,0.0,0.0,49.3,36.6,0,0.0,0
2005-03-15,2005-05-26,OPTSTK,BPCL,380.0,CA,0.0,0.0,0.0,50.5,30.7,0,0.0,0
2005-03-15,2005-05-26,OPTSTK,BPCL,390.0,CA,0.0,0.0,0.0,46.15,25.5,0,0.0,0
2005-03-15,2005-05-26,OPTSTK,BPCL,400.0,CA,0.0,0.0,0.0,40.15,20.95,0,0.0,0
2005-03-15,2005-05-26,OPTSTK,BPCL,410.0,CA,0.0,0.0,0.0,34.65,17.0,0,0.0,0
2005-03-15,2005-05-26,OPTSTK,BPCL,420.0,CA,0.0,0.0,0.0,29.75,13.7,0,0.0,0
2005-03-15,2005-05-26,OPTSTK,BPCL,430.0,CA,0.0,0.0,0.0,25.35,10.9,0,0.0,0
2005-03-15,2005-05-26,OPTSTK,BPCL,440.0,CA,0.0,0.0,0.0,21.45,8.6,0,0.0,0
2005-03-15,2005-05-26,OPTSTK,BPCL,450.0,CA,0.0,0.0,0.0,18.05,6.7,0,0.0,0
2005-03-15,2005-05-26,OPTSTK,BPCL,460.0,CA,0.0,0.0,0.0,20.7,5.2,0,0.0,0
2005-03-15,2005-05-26,OPTSTK,BPCL,360.0,PA,0.0,0.0,0.0,9.35,9.85,0,0.0,0
2005-03-15,2005-05-26,OPTSTK,BPCL,370.0,PA,0.0,0.0,0.0,11.9,13.2,0,0.0,0
2005-03-15,2005-05-26,OPTSTK,BPCL,380.0,PA,0.0,0.0,0.0,11.55,17.2,0,0.0,0
2005-03-15,2005-05-26,OPTSTK,BPCL,390.0,PA,0.0,0.0,0.0,15.1,21.85,0,0.0,0
2005-03-15,2005-05-26,OPTSTK,BPCL,400.0,PA,0.0,0.0,0.0,18.95,27.2,0,0.0,0
2005-03-15,2005-05-26,OPTSTK,BPCL,410.0,PA,0.0,0.0,0.0,23.3,33.15,0,0.0,0
2005-03-15,2005-05-26,OPTSTK,BPCL,420.0,PA,0.0,0.0,0.0,28.25,39.7,0,0.0,0
2005-03-15,2005-05-26,OPTSTK,BPCL,430.0,PA,0.0,0.0,0.0,33.7,46.8,0,0.0,0
2005-03-15,2005-05-26,OPTSTK,BPCL,440.0,PA,0.0,0.0,0.0,39.65,54.4,0,0.0,0
2005-03-15,2005-05-26,OPTSTK,BPCL,450.0,PA,0.0,0.0,0.0,46.1,62.4,0,0.0,0
2005-03-15,2005-05-26,OPTSTK,BPCL,460.0,PA,0.0,0.0,0.0,45.85,70.75,0,0.0,0
2005-03-15,2005-03-31,OPTSTK,CANBK,170.0,CA,0.0,0.0,0.0,31.1,55.7,0,0.0,0
2005-03-15,2005-03-31,OPTSTK,CANBK,175.0,CA,0.0,0.0,0.0,28.4,50.7,0,0.0,0
2005-03-15,2005-03-31,OPTSTK,CANBK,180.0,CA,0.0,0.0,0.0,68.95,45.8,0,0.0,0
2005-03-15,2005-03-31,OPTSTK,CANBK,185.0,CA,0.0,0.0,0.0,27.3,40.85,0,0.0,0
2005-03-15,2005-03-31,OPTSTK,CANBK,190.0,CA,0.0,0.0,0.0,24.4,36.05,0,0.0,0
2005-03-15,2005-03-31,OPTSTK,CANBK,195.0,CA,0.0,0.0,0.0,21.75,31.35,0,0.0,0
2005-03-15,2005-03-31,OPTSTK,CANBK,200.0,CA,0.0,0.0,0.0,33.25,26.85,0,0.0,9600
2005-03-15,2005-03-31,OPTSTK,CANBK,205.0,CA,0.0,0.0,0.0,26.0,22.6,0,0.0,0
2005-03-15,2005-03-31,OPTSTK,CANBK,210.0,CA,24.0,24.0,17.55,23.45,23.45,26,95.84,43200
2005-03-15,2005-03-31,OPTSTK,CANBK,215.0,CA,0.0,0.0,0.0,24.4,15.05,0,0.0,4800
2005-03-15,2005-03-31,OPTSTK,CANBK,220.0,CA,14.65,14.65,10.9,11.0,11.0,19,70.69,72000
2005-03-15,2005-03-31,OPTSTK,CANBK,225.0,CA,0.0,0.0,0.0,10.1,9.25,0,0.0,4800
2005-03-15,2005-03-31,OPTSTK,CANBK,230.0,CA,9.1,10.2,6.0,6.4,6.4,65,247.45,132800
2005-03-15,2005-03-31,OPTSTK,CANBK,235.0,CA,0.0,0.0,0.0,22.25,5.15,0,0.0,0
2005-03-15,2005-03-31,OPTSTK,CANBK,240.0,CA,5.4,5.75,3.25,3.35,3.35,32,125.11,182400
2005-03-15,2005-03-31,OPTSTK,CANBK,245.0,CA,0.0,0.0,0.0,8.25,2.65,0,0.0,0
2005-03-15,2005-03-31,OPTSTK,CANBK,250.0,CA,2.3,2.45,2.3,2.45,2.45,2,8.07,20800
2005-03-15,2005-03-31,OPTSTK,CANBK,170.0,PA,0.0,0.0,0.0,14.2,0.05,0,0.0,0
2005-03-15,2005-03-31,OPTSTK,CANBK,175.0,PA,0.5,0.5,0.5,0.5,0.5,3,8.42,9600
2005-03-15,2005-03-31,OPTSTK,CANBK,180.0,PA,0.0,0.0,0.0,0.9,0.1,0,0.0,14400
2005-03-15,2005-03-31,OPTSTK,CANBK,185.0,PA,0.0,0.0,0.0,10.1,0.2,0,0.0,0
2005-03-15,2005-03-31,OPTSTK,CANBK,190.0,PA,0.0,0.0,0.0,2.25,0.35,0,0.0,0
2005-03-15,2005-03-31,OPTSTK,CANBK,195.0,PA,0.0,0.0,0.0,4.0,0.65,0,0.0,1600
2005-03-15,2005-03-31,OPTSTK,CANBK,200.0,PA,0.0,0.0,0.0,1.0,1.1,0,0.0,14400
2005-03-15,2005-03-31,OPTSTK,CANBK,205.0,PA,0.0,0.0,0.0,19.55,1.85,0,0.0,0
2005-03-15,2005-03-31,OPTSTK,CANBK,210.0,PA,2.8,2.8,1.0,1.3,1.3,4,13.54,30400
2005-03-15,2005-03-31,OPTSTK,CANBK,215.0,PA,0.0,0.0,0.0,25.55,4.3,0,0.0,0
2005-03-15,2005-03-31,OPTSTK,CANBK,220.0,PA,3.35,4.85,3.0,4.65,4.65,11,39.43,28800
2005-03-15,2005-03-31,OPTSTK,CANBK,225.0,PA,0.0,0.0,0.0,9.5,8.45,0,0.0,0
2005-03-15,2005-03-31,OPTSTK,CANBK,230.0,PA,6.5,10.1,6.3,10.05,10.05,15,57.23,43200
2005-03-15,2005-03-31,OPTSTK,CANBK,235.0,PA,14.7,14.75,14.7,14.75,14.75,5,19.97,8000
2005-03-15,2005-03-31,OPTSTK,CANBK,240.0,PA,0.0,0.0,0.0,13.8,17.9,0,0.0,14400
2005-03-15,2005-03-31,OPTSTK,CANBK,245.0,PA,0.0,0.0,0.0,16.5,21.8,0,0.0,11200
2005-03-15,2005-03-31,OPTSTK,CANBK,250.0,PA,0.0,0.0,0.0,22.8,26.0,0,0.0,0
2005-03-15,2005-04-28,OPTSTK,CANBK,185.0,CA,0.0,0.0,0.0,39.6,43.25,0,0.0,0
2005-03-15,2005-04-28,OPTSTK,CANBK,190.0,CA,0.0,0.0,0.0,37.1,39.0,0,0.0,0
2005-03-15,2005-04-28,OPTSTK,CANBK,195.0,CA,0.0,0.0,0.0,34.75,34.9,0,0.0,0
2005-03-15,2005-04-28,OPTSTK,CANBK,200.0,CA,0.0,0.0,0.0,32.5,31.05,0,0.0,0
2005-03-15,2005-04-28,OPTSTK,CANBK,205.0,CA,0.0,0.0,0.0,30.4,27.4,0,0.0,0
2005-03-15,2005-04-28,OPTSTK,CANBK,210.0,CA,0.0,0.0,0.0,28.4,24.05,0,0.0,0
2005-03-15,2005-04-28,OPTSTK,CANBK,215.0,CA,0.0,0.0,0.0,26.5,20.9,0,0.0,0
2005-03-15,2005-04-28,OPTSTK,CANBK,220.0,CA,0.0,0.0,0.0,27.85,18.1,0,0.0,0
2005-03-15,2005-04-28,OPTSTK,CANBK,225.0,CA,0.0,0.0,0.0,26.05,15.55,0,0.0,0
2005-03-15,2005-04-28,OPTSTK,CANBK,230.0,CA,0.0,0.0,0.0,11.1,13.25,0,0.0,0
2005-03-15,2005-04-28,OPTSTK,CANBK,235.0,CA,0.0,0.0,0.0,12.85,11.2,0,0.0,0
2005-03-15,2005-04-28,OPTSTK,CANBK,240.0,CA,0.0,0.0,0.0,14.85,9.45,0,0.0,0
2005-03-15,2005-04-28,OPTSTK,CANBK,245.0,CA,0.0,0.0,0.0,14.6,7.9,0,0.0,0
2005-03-15,2005-04-28,OPTSTK,CANBK,250.0,CA,0.0,0.0,0.0,12.8,6.55,0,0.0,0
2005-03-15,2005-04-28,OPTSTK,CANBK,185.0,PA,0.0,0.0,0.0,21.15,1.7,0,0.0,0
2005-03-15,2005-04-28,OPTSTK,CANBK,190.0,PA,0.0,0.0,0.0,23.55,2.4,0,0.0,0
2005-03-15,2005-04-28,OPTSTK,CANBK,195.0,PA,0.0,0.0,0.0,26.1,3.25,0,0.0,0
2005-03-15,2005-04-28,OPTSTK,CANBK,200.0,PA,0.0,0.0,0.0,28.8,4.35,0,0.0,0
2005-03-15,2005-04-28,OPTSTK,CANBK,205.0,PA,0.0,0.0,0.0,31.6,5.7,0,0.0,0
2005-03-15,2005-04-28,OPTSTK,CANBK,210.0,PA,0.0,0.0,0.0,34.55,7.25,0,0.0,0
2005-03-15,2005-04-28,OPTSTK,CANBK,215.0,PA,0.0,0.0,0.0,37.6,9.15,0,0.0,0
2005-03-15,2005-04-28,OPTSTK,CANBK,220.0,PA,0.0,0.0,0.0,36.95,11.25,0,0.0,0
2005-03-15,2005-04-28,OPTSTK,CANBK,225.0,PA,0.0,0.0,0.0,40.05,13.65,0,0.0,0
2005-03-15,2005-04-28,OPTSTK,CANBK,230.0,PA,0.0,0.0,0.0,23.85,16.35,0,0.0,0
2005-03-15,2005-04-28,OPTSTK,CANBK,235.0,PA,0.0,0.0,0.0,27.0,19.3,0,0.0,0
2005-03-15,2005-04-28,OPTSTK,CANBK,240.0,PA,0.0,0.0,0.0,26.65,22.45,0,0.0,0
2005-03-15,2005-04-28,OPTSTK,CANBK,245.0,PA,0.0,0.0,0.0,24.5,25.85,0,0.0,0
2005-03-15,2005-04-28,OPTSTK,CANBK,250.0,PA,0.0,0.0,0.0,27.7,29.5,0,0.0,0
2005-03-15,2005-05-26,OPTSTK,CANBK,190.0,CA,0.0,0.0,0.0,30.2,42.0,0,0.0,0
2005-03-15,2005-05-26,OPTSTK,CANBK,195.0,CA,0.0,0.0,0.0,27.35,38.25,0,0.0,0
2005-03-15,2005-05-26,OPTSTK,CANBK,200.0,CA,0.0,0.0,0.0,24.7,34.7,0,0.0,0
2005-03-15,2005-05-26,OPTSTK,CANBK,205.0,CA,0.0,0.0,0.0,22.25,31.35,0,0.0,0
2005-03-15,2005-05-26,OPTSTK,CANBK,210.0,CA,0.0,0.0,0.0,20.0,28.2,0,0.0,0
2005-03-15,2005-05-26,OPTSTK,CANBK,215.0,CA,0.0,0.0,0.0,17.95,25.25,0,0.0,0
2005-03-15,2005-05-26,OPTSTK,CANBK,220.0,CA,0.0,0.0,0.0,16.05,22.55,0,0.0,0
2005-03-15,2005-05-26,OPTSTK,CANBK,225.0,CA,0.0,0.0,0.0,15.15,20.05,0,0.0,0
2005-03-15,2005-05-26,OPTSTK,CANBK,230.0,CA,0.0,0.0,0.0,19.05,17.8,0,0.0,0
2005-03-15,2005-05-26,OPTSTK,CANBK,235.0,CA,0.0,0.0,0.0,17.15,15.7,0,0.0,0
2005-03-15,2005-05-26,OPTSTK,CANBK,240.0,CA,0.0,0.0,0.0,16.5,13.8,0,0.0,0
2005-03-15,2005-05-26,OPTSTK,CANBK,245.0,CA,0.0,0.0,0.0,19.55,12.1,0,0.0,0
2005-03-15,2005-05-26,OPTSTK,CANBK,250.0,CA,0.0,0.0,0.0,17.65,10.6,0,0.0,0
2005-03-15,2005-05-26,OPTSTK,CANBK,190.0,PA,0.0,0.0,0.0,11.95,4.55,0,0.0,0
2005-03-15,2005-05-26,OPTSTK,CANBK,195.0,PA,0.0,0.0,0.0,14.05,5.7,0,0.0,0
2005-03-15,2005-05-26,OPTSTK,CANBK,200.0,PA,0.0,0.0,0.0,16.35,7.1,0,0.0,0
2005-03-15,2005-05-26,OPTSTK,CANBK,205.0,PA,0.0,0.0,0.0,18.8,8.7,0,0.0,0
2005-03-15,2005-05-26,OPTSTK,CANBK,210.0,PA,0.0,0.0,0.0,21.5,10.5,0,0.0,0
2005-03-15,2005-05-26,OPTSTK,CANBK,215.0,PA,0.0,0.0,0.0,24.35,12.5,0,0.0,0
2005-03-15,2005-05-26,OPTSTK,CANBK,220.0,PA,0.0,0.0,0.0,27.4,14.75,0,0.0,0
2005-03-15,2005-05-26,OPTSTK,CANBK,225.0,PA,0.0,0.0,0.0,28.3,17.2,0,0.0,0
2005-03-15,2005-05-26,OPTSTK,CANBK,230.0,PA,0.0,0.0,0.0,27.15,19.85,0,0.0,0
2005-03-15,2005-05-26,OPTSTK,CANBK,235.0,PA,0.0,0.0,0.0,30.2,22.7,0,0.0,0
2005-03-15,2005-05-26,OPTSTK,CANBK,240.0,PA,0.0,0.0,0.0,29.9,25.75,0,0.0,0
2005-03-15,2005-05-26,OPTSTK,CANBK,245.0,PA,0.0,0.0,0.0,28.35,29.0,0,0.0,0
2005-03-15,2005-05-26,OPTSTK,CANBK,250.0,PA,0.0,0.0,0.0,31.4,32.4,0,0.0,0
2005-03-15,2005-03-31,OPTSTK,CIPLA,220.0,CA,0.0,0.0,0.0,43.9,64.1,0,0.0,0
2005-03-15,2005-03-31,OPTSTK,CIPLA,230.0,CA,0.0,0.0,0.0,37.25,54.3,0,0.0,0
2005-03-15,2005-03-31,OPTSTK,CIPLA,240.0,CA,0.0,0.0,0.0,55.0,44.75,0,0.0,0
2005-03-15,2005-03-31,OPTSTK,CIPLA,250.0,CA,0.0,0.0,0.0,45.25,35.65,0,0.0,0
2005-03-15,2005-03-31,OPTSTK,CIPLA,260.0,CA,25.0,30.0,18.0,30.0,30.0,30,84.89,25000
2005-03-15,2005-03-31,OPTSTK,CIPLA,270.0,CA,13.0,19.9,10.0,18.15,18.15,31,88.06,103000
2005-03-15,2005-03-31,OPTSTK,CIPLA,280.0,CA,6.5,12.0,6.0,10.95,10.95,173,500.35,246000
2005-03-15,2005-03-31,OPTSTK,CIPLA,290.0,CA,3.5,7.45,3.2,6.5,6.5,106,313.37,182000
2005-03-15,2005-03-31,OPTSTK,CIPLA,300.0,CA,2.75,4.1,1.9,3.5,3.5,54,163.69,203000
2005-03-15,2005-03-31,OPTSTK,CIPLA,310.0,CA,1.8,2.0,1.75,1.9,1.9,5,15.59,33000
2005-03-15,2005-03-31,OPTSTK,CIPLA,320.0,CA,0.0,0.0,0.0,1.0,2.1,0,0.0,4000
2005-03-15,2005-03-31,OPTSTK,CIPLA,330.0,CA,0.0,0.0,0.0,9.6,1.15,0,0.0,0
2005-03-15,2005-03-31,OPTSTK,CIPLA,340.0,CA,0.0,0.0,0.0,0.5,0.6,0,0.0,0
2005-03-15,2005-03-31,OPTSTK,CIPLA,350.0,CA,0.0,0.0,0.0,6.55,0.3,0,0.0,0
2005-03-15,2005-03-31,OPTSTK,CIPLA,220.0,PA,19.0,19.0,19.0,19.0,19.0,3,7.17,3000
2005-03-15,2005-03-31,OPTSTK,CIPLA,230.0,PA,0.0,0.0,0.0,11.75,0.25,0,0.0,0
2005-03-15,2005-03-31,OPTSTK,CIPLA,240.0,PA,0.05,0.05,0.05,0.05,0.05,1,2.4,1000
2005-03-15,2005-03-31,OPTSTK,CIPLA,250.0,PA,0.3,0.3,0.3,0.3,0.3,1,2.5,6000
2005-03-15,2005-03-31,OPTSTK,CIPLA,260.0,PA,2.0,2.0,1.2,1.2,1.2,4,10.46,26000
2005-03-15,2005-03-31,OPTSTK,CIPLA,270.0,PA,3.55,4.0,2.35,2.35,2.35,6,16.38,35000
2005-03-15,2005-03-31,OPTSTK,CIPLA,280.0,PA,8.1,9.0,6.0,6.0,6.0,13,37.42,55000
2005-03-15,2005-03-31,OPTSTK,CIPLA,290.0,PA,16.1,16.1,7.5,8.0,8.0,64,190.8,69000
2005-03-15,2005-03-31,OPTSTK,CIPLA,300.0,PA,0.0,0.0,0.0,10.05,21.75,0,0.0,6000
2005-03-15,2005-03-31,OPTSTK,CIPLA,310.0,PA,0.0,0.0,0.0,38.0,29.35,0,0.0,0
2005-03-15,2005-03-31,OPTSTK,CIPLA,320.0,PA,0.0,0.0,0.0,17.35,37.8,0,0.0,0
2005-03-15,2005-03-31,OPTSTK,CIPLA,330.0,PA,0.0,0.0,0.0,23.4,46.85,0,0.0,0
2005-03-15,2005-03-31,OPTSTK,CIPLA,340.0,PA,0.0,0.0,0.0,30.35,56.3,0,0.0,0
2005-03-15,2005-03-31,OPTSTK,CIPLA,350.0,PA,0.0,0.0,0.0,33.9,66.0,0,0.0,0
2005-03-15,2005-04-28,OPTSTK,CIPLA,230.0,CA,0.0,0.0,0.0,34.25,57.5,0,0.0,0
2005-03-15,2005-04-28,OPTSTK,CIPLA,240.0,CA,0.0,0.0,0.0,41.55,49.05,0,0.0,0
2005-03-15,2005-04-28,OPTSTK,CIPLA,250.0,CA,0.0,0.0,0.0,35.25,41.25,0,0.0,0
2005-03-15,2005-04-28,OPTSTK,CIPLA,260.0,CA,0.0,0.0,0.0,29.65,34.2,0,0.0,0
2005-03-15,2005-04-28,OPTSTK,CIPLA,270.0,CA,0.0,0.0,0.0,22.0,27.9,0,0.0,1000
2005-03-15,2005-04-28,OPTSTK,CIPLA,280.0,CA,14.9,15.85,11.6,15.85,15.85,18,52.83,9000
2005-03-15,2005-04-28,OPTSTK,CIPLA,290.0,CA,10.25,10.25,10.25,10.25,10.25,1,3.0,2000
2005-03-15,2005-04-28,OPTSTK,CIPLA,300.0,CA,0.0,0.0,0.0,6.0,13.85,0,0.0,2000
2005-03-15,2005-04-28,OPTSTK,CIPLA,310.0,CA,0.0,0.0,0.0,17.5,10.7,0,0.0,0
2005-03-15,2005-04-28,OPTSTK,CIPLA,320.0,CA,0.0,0.0,0.0,14.35,8.15,0,0.0,0
2005-03-15,2005-04-28,OPTSTK,CIPLA,330.0,CA,0.0,0.0,0.0,10.55,6.1,0,0.0,0
2005-03-15,2005-04-28,OPTSTK,CIPLA,230.0,PA,0.0,0.0,0.0,3.65,2.3,0,0.0,0
2005-03-15,2005-04-28,OPTSTK,CIPLA,240.0,PA,0.0,0.0,0.0,10.3,3.85,0,0.0,0
2005-03-15,2005-04-28,OPTSTK,CIPLA,250.0,PA,0.0,0.0,0.0,13.9,5.95,0,0.0,0
2005-03-15,2005-04-28,OPTSTK,CIPLA,260.0,PA,0.0,0.0,0.0,18.15,8.8,0,0.0,0
2005-03-15,2005-04-28,OPTSTK,CIPLA,270.0,PA,0.0,0.0,0.0,23.1,12.45,0,0.0,0
2005-03-15,2005-04-28,OPTSTK,CIPLA,280.0,PA,0.0,0.0,0.0,9.0,16.9,0,0.0,2000
2005-03-15,2005-04-28,OPTSTK,CIPLA,290.0,PA,0.0,0.0,0.0,34.85,22.2,0,0.0,0
2005-03-15,2005-04-28,OPTSTK,CIPLA,300.0,PA,0.0,0.0,0.0,20.0,28.2,0,0.0,1000
2005-03-15,2005-04-28,OPTSTK,CIPLA,310.0,PA,0.0,0.0,0.0,36.75,34.95,0,0.0,0
2005-03-15,2005-04-28,OPTSTK,CIPLA,320.0,PA,0.0,0.0,0.0,43.5,42.35,0,0.0,0
2005-03-15,2005-04-28,OPTSTK,CIPLA,330.0,PA,0.0,0.0,0.0,42.45,50.25,0,0.0,0
2005-03-15,2005-05-26,OPTSTK,CIPLA,230.0,CA,0.0,0.0,0.0,37.05,61.05,0,0.0,0
2005-03-15,2005-05-26,OPTSTK,CIPLA,240.0,CA,0.0,0.0,0.0,30.05,53.3,0,0.0,0
2005-03-15,2005-05-26,OPTSTK,CIPLA,250.0,CA,0.0,0.0,0.0,23.95,46.15,0,0.0,0
2005-03-15,2005-05-26,OPTSTK,CIPLA,260.0,CA,0.0,0.0,0.0,18.75,39.6,0,0.0,0
2005-03-15,2005-05-26,OPTSTK,CIPLA,270.0,CA,0.0,0.0,0.0,14.4,33.7,0,0.0,0
2005-03-15,2005-05-26,OPTSTK,CIPLA,280.0,CA,0.0,0.0,0.0,10.85,28.45,0,0.0,0
2005-03-15,2005-05-26,OPTSTK,CIPLA,290.0,CA,0.0,0.0,0.0,8.1,23.85,0,0.0,0
2005-03-15,2005-05-26,OPTSTK,CIPLA,300.0,CA,0.0,0.0,0.0,8.15,19.85,0,0.0,0
2005-03-15,2005-05-26,OPTSTK,CIPLA,310.0,CA,0.0,0.0,0.0,22.85,16.4,0,0.0,0
2005-03-15,2005-05-26,OPTSTK,CIPLA,320.0,CA,0.0,0.0,0.0,19.2,13.45,0,0.0,0
2005-03-15,2005-05-26,OPTSTK,CIPLA,330.0,CA,0.0,0.0,0.0,16.05,10.95,0,0.0,0
2005-03-15,2005-05-26,OPTSTK,CIPLA,230.0,PA,0.0,0.0,0.0,5.4,4.85,0,0.0,0
2005-03-15,2005-05-26,OPTSTK,CIPLA,240.0,PA,0.0,0.0,0.0,8.3,7.0,0,0.0,0
2005-03-15,2005-05-26,OPTSTK,CIPLA,250.0,PA,0.0,0.0,0.0,12.05,9.7,0,0.0,0
2005-03-15,2005-05-26,OPTSTK,CIPLA,260.0,PA,0.0,0.0,0.0,16.65,13.05,0,0.0,0
2005-03-15,2005-05-26,OPTSTK,CIPLA,270.0,PA,0.0,0.0,0.0,22.15,17.05,0,0.0,0
2005-03-15,2005-05-26,OPTSTK,CIPLA,280.0,PA,0.0,0.0,0.0,28.5,21.7,0,0.0,0
2005-03-15,2005-05-26,OPTSTK,CIPLA,290.0,PA,0.0,0.0,0.0,35.55,26.95,0,0.0,0
2005-03-15,2005-05-26,OPTSTK,CIPLA,300.0,PA,0.0,0.0,0.0,35.8,32.8,0,0.0,0
2005-03-15,2005-05-26,OPTSTK,CIPLA,310.0,PA,0.0,0.0,0.0,33.45,39.25,0,0.0,0
2005-03-15,2005-05-26,OPTSTK,CIPLA,320.0,PA,0.0,0.0,0.0,39.7,46.15,0,0.0,0
2005-03-15,2005-05-26,OPTSTK,CIPLA,330.0,PA,0.0,0.0,0.0,46.45,53.6,0,0.0,0
2005-03-15,2005-03-31,OPTSTK,DRREDDY,640.0,CA,0.0,0.0,0.0,45.0,115.25,0,0.0,0
2005-03-15,2005-03-31,OPTSTK,DRREDDY,660.0,CA,0.0,0.0,0.0,51.0,95.35,0,0.0,0
2005-03-15,2005-03-31,OPTSTK,DRREDDY,680.0,CA,0.0,0.0,0.0,40.0,75.7,0,0.0,0
2005-03-15,2005-03-31,OPTSTK,DRREDDY,700.0,CA,62.0,62.0,62.0,62.0,62.0,2,3.04,400
2005-03-15,2005-03-31,OPTSTK,DRREDDY,720.0,CA,33.9,45.95,32.0,37.95,37.95,16,24.21,7400
2005-03-15,2005-03-31,OPTSTK,DRREDDY,740.0,CA,21.95,36.9,17.0,32.0,32.0,23,35.19,13600
2005-03-15,2005-03-31,OPTSTK,DRREDDY,760.0,CA,10.9,22.0,8.5,17.95,17.95,30,46.54,16600
2005-03-15,2005-03-31,OPTSTK,DRREDDY,780.0,CA,6.0,12.0,6.0,10.95,10.95,9,14.21,6200
2005-03-15,2005-03-31,OPTSTK,DRREDDY,800.0,CA,6.2,6.2,6.0,6.0,6.0,3,4.83,2400
2005-03-15,2005-03-31,OPTSTK,DRREDDY,820.0,CA,0.0,0.0,0.0,60.55,1.3,0,0.0,0
2005-03-15,2005-03-31,OPTSTK,DRREDDY,840.0,CA,0.0,0.0,0.0,48.5,0.45,0,0.0,0
2005-03-15,2005-03-31,OPTSTK,DRREDDY,860.0,CA,0.0,0.0,0.0,7.0,0.15,0,0.0,200
2005-03-15,2005-03-31,OPTSTK,DRREDDY,880.0,CA,0.0,0.0,0.0,29.4,0.05,0,0.0,0
2005-03-15,2005-03-31,OPTSTK,DRREDDY,900.0,CA,0.0,0.0,0.0,22.2,0.05,0,0.0,0
2005-03-15,2005-03-31,OPTSTK,DRREDDY,920.0,CA,0.0,0.0,0.0,23.15,0.0,0,0.0,0
2005-03-15,2005-03-31,OPTSTK,DRREDDY,640.0,PA,0.0,0.0,0.0,16.25,0.05,0,0.0,0
2005-03-15,2005-03-31,OPTSTK,DRREDDY,660.0,PA,0.0,0.0,0.0,18.75,0.1,0,0.0,0
2005-03-15,2005-03-31,OPTSTK,DRREDDY,680.0,PA,0.0,0.0,0.0,15.0,0.45,0,0.0,400
2005-03-15,2005-03-31,OPTSTK,DRREDDY,700.0,PA,0.0,0.0,0.0,5.45,1.5,0,0.0,4200
2005-03-15,2005-03-31,OPTSTK,DRREDDY,720.0,PA,3.5,3.5,3.0,3.5,3.5,21,30.37,5600
2005-03-15,2005-03-31,OPTSTK,DRREDDY,740.0,PA,8.0,8.0,8.0,8.0,8.0,2,2.99,2200
2005-03-15,2005-03-31,OPTSTK,DRREDDY,760.0,PA,0.0,0.0,0.0,13.1,18.85,0,0.0,800
2005-03-15,2005-03-31,OPTSTK,DRREDDY,780.0,PA,13.0,13.0,12.6,12.75,12.75,40,63.41,8000
2005-03-15,2005-03-31,OPTSTK,DRREDDY,800.0,PA,0.0,0.0,0.0,13.6,47.65,0,0.0,0
2005-03-15,2005-03-31,OPTSTK,DRREDDY,820.0,PA,0.0,0.0,0.0,89.8,65.65,0,0.0,0
2005-03-15,2005-03-31,OPTSTK,DRREDDY,840.0,PA,0.0,0.0,0.0,89.0,84.8,0,0.0,0
2005-03-15,2005-03-31,OPTSTK,DRREDDY,860.0,PA,0.0,0.0,0.0,36.6,104.45,0,0.0,0
2005-03-15,2005-03-31,OPTSTK,DRREDDY,880.0,PA,0.0,0.0,0.0,47.6,124.3,0,0.0,0
2005-03-15,2005-03-31,OPTSTK,DRREDDY,900.0,PA,0.0,0.0,0.0,60.15,144.2,0,0.0,0
2005-03-15,2005-03-31,OPTSTK,DRREDDY,920.0,PA,0.0,0.0,0.0,65.05,164.15,0,0.0,0
2005-03-15,2005-04-28,OPTSTK,DRREDDY,640.0,CA,0.0,0.0,0.0,95.75,119.0,0,0.0,0
2005-03-15,2005-04-28,OPTSTK,DRREDDY,660.0,CA,0.0,0.0,0.0,83.25,100.1,0,0.0,0
2005-03-15,2005-04-28,OPTSTK,DRREDDY,680.0,CA,0.0,0.0,0.0,84.1,82.1,0,0.0,0
2005-03-15,2005-04-28,OPTSTK,DRREDDY,700.0,CA,0.0,0.0,0.0,71.65,65.4,0,0.0,0
2005-03-15,2005-04-28,OPTSTK,DRREDDY,720.0,CA,0.0,0.0,0.0,60.5,50.4,0,0.0,0
2005-03-15,2005-04-28,OPTSTK,DRREDDY,740.0,CA,0.0,0.0,0.0,50.6,37.5,0,0.0,0
2005-03-15,2005-04-28,OPTSTK,DRREDDY,760.0,CA,0.0,0.0,0.0,33.0,26.85,0,0.0,200
2005-03-15,2005-04-28,OPTSTK,DRREDDY,780.0,CA,0.0,0.0,0.0,34.4,18.5,0,0.0,0
2005-03-15,2005-04-28,OPTSTK,DRREDDY,800.0,CA,0.0,0.0,0.0,28.0,12.25,0,0.0,0
2005-03-15,2005-04-28,OPTSTK,DRREDDY,820.0,CA,0.0,0.0,0.0,18.65,7.85,0,0.0,0
2005-03-15,2005-04-28,OPTSTK,DRREDDY,640.0,PA,0.0,0.0,0.0,17.95,0.75,0,0.0,0
2005-03-15,2005-04-28,OPTSTK,DRREDDY,660.0,PA,0.0,0.0,0.0,24.0,1.7,0,0.0,0
2005-03-15,2005-04-28,OPTSTK,DRREDDY,680.0,PA,0.0,0.0,0.0,13.5,3.55,0,0.0,600
2005-03-15,2005-04-28,OPTSTK,DRREDDY,700.0,PA,0.0,0.0,0.0,30.7,6.7,0,0.0,0
2005-03-15,2005-04-28,OPTSTK,DRREDDY,720.0,PA,0.0,0.0,0.0,39.25,11.55,0,0.0,0
2005-03-15,2005-04-28,OPTSTK,DRREDDY,740.0,PA,0.0,0.0,0.0,49.05,18.5,0,0.0,0
2005-03-15,2005-04-28,OPTSTK,DRREDDY,760.0,PA,0.0,0.0,0.0,60.1,27.75,0,0.0,0
2005-03-15,2005-04-28,OPTSTK,DRREDDY,780.0,PA,0.0,0.0,0.0,72.35,39.25,0,0.0,0
2005-03-15,2005-04-28,OPTSTK,DRREDDY,800.0,PA,0.0,0.0,0.0,85.65,52.85,0,0.0,0
2005-03-15,2005-04-28,OPTSTK,DRREDDY,820.0,PA,0.0,0.0,0.0,76.55,68.3,0,0.0,0
2005-03-15,2005-05-26,OPTSTK,DRREDDY,660.0,CA,0.0,0.0,0.0,82.7,105.6,0,0.0,0
2005-03-15,2005-05-26,OPTSTK,DRREDDY,680.0,CA,0.0,0.0,0.0,68.7,88.7,0,0.0,0
2005-03-15,2005-05-26,OPTSTK,DRREDDY,700.0,CA,0.0,0.0,0.0,56.2,73.1,0,0.0,0
2005-03-15,2005-05-26,OPTSTK,DRREDDY,720.0,CA,0.0,0.0,0.0,45.3,59.05,0,0.0,0
2005-03-15,2005-05-26,OPTSTK,DRREDDY,740.0,CA,0.0,0.0,0.0,35.95,46.7,0,0.0,0
2005-03-15,2005-05-26,OPTSTK,DRREDDY,760.0,CA,0.0,0.0,0.0,28.1,36.1,0,0.0,0
2005-03-15,2005-05-26,OPTSTK,DRREDDY,780.0,CA,0.0,0.0,0.0,21.6,27.35,0,0.0,0
2005-03-15,2005-05-26,OPTSTK,DRREDDY,800.0,CA,0.0,0.0,0.0,19.85,20.25,0,0.0,0
2005-03-15,2005-05-26,OPTSTK,DRREDDY,820.0,CA,0.0,0.0,0.0,15.65,14.7,0,0.0,0
2005-03-15,2005-05-26,OPTSTK,DRREDDY,660.0,PA,0.0,0.0,0.0,13.05,4.2,0,0.0,0
2005-03-15,2005-05-26,OPTSTK,DRREDDY,680.0,PA,0.0,0.0,0.0,18.75,7.05,0,0.0,0
2005-03-15,2005-05-26,OPTSTK,DRREDDY,700.0,PA,0.0,0.0,0.0,26.0,11.25,0,0.0,0
2005-03-15,2005-05-26,OPTSTK,DRREDDY,720.0,PA,0.0,0.0,0.0,34.8,16.95,0,0.0,0
2005-03-15,2005-05-26,OPTSTK,DRREDDY,740.0,PA,0.0,0.0,0.0,45.15,24.35,0,0.0,0
2005-03-15,2005-05-26,OPTSTK,DRREDDY,760.0,PA,0.0,0.0,0.0,56.95,33.55,0,0.0,0
2005-03-15,2005-05-26,OPTSTK,DRREDDY,780.0,PA,0.0,0.0,0.0,70.2,44.55,0,0.0,0
2005-03-15,2005-05-26,OPTSTK,DRREDDY,800.0,PA,0.0,0.0,0.0,64.55,57.2,0,0.0,0
2005-03-15,2005-05-26,OPTSTK,DRREDDY,820.0,PA,0.0,0.0,0.0,73.75,71.45,0,0.0,0
2005-03-15,2005-03-31,OPTSTK,GAIL,190.0,CA,0.0,0.0,0.0,28.5,51.1,0,0.0,0
2005-03-15,2005-03-31,OPTSTK,GAIL,195.0,CA,0.0,0.0,0.0,28.6,46.1,0,0.0,0
2005-03-15,2005-03-31,OPTSTK,GAIL,200.0,CA,0.0,0.0,0.0,35.0,41.1,0,0.0,0
2005-03-15,2005-03-31,OPTSTK,GAIL,205.0,CA,0.0,0.0,0.0,28.85,36.15,0,0.0,0
2005-03-15,2005-03-31,OPTSTK,GAIL,210.0,CA,0.0,0.0,0.0,30.4,31.3,0,0.0,0
2005-03-15,2005-03-31,OPTSTK,GAIL,215.0,CA,0.0,0.0,0.0,21.0,26.5,0,0.0,0
2005-03-15,2005-03-31,OPTSTK,GAIL,220.0,CA,0.0,0.0,0.0,37.25,21.9,0,0.0,4500
2005-03-15,2005-03-31,OPTSTK,GAIL,225.0,CA,0.0,0.0,0.0,19.3,17.6,0,0.0,0
2005-03-15,2005-03-31,OPTSTK,GAIL,230.0,CA,14.0,14.2,14.0,14.2,14.2,5,18.31,76500
2005-03-15,2005-03-31,OPTSTK,GAIL,235.0,CA,0.0,0.0,0.0,10.25,10.25,0,0.0,1500
2005-03-15,2005-03-31,OPTSTK,GAIL,240.0,CA,10.0,10.0,7.0,8.0,8.0,112,417.31,357000
2005-03-15,2005-03-31,OPTSTK,GAIL,245.0,CA,7.5,7.5,5.0,5.65,5.65,15,56.44,61500
2005-03-15,2005-03-31,OPTSTK,GAIL,250.0,CA,5.25,5.5,3.7,4.1,4.1,211,805.23,837000
2005-03-15,2005-03-31,OPTSTK,GAIL,255.0,CA,3.15,3.15,2.3,2.3,2.3,3,11.6,81000
2005-03-15,2005-03-31,OPTSTK,GAIL,260.0,CA,2.2,2.3,1.35,2.05,2.05,38,149.26,403500
2005-03-15,2005-03-31,OPTSTK,GAIL,265.0,CA,1.25,1.25,1.05,1.05,1.05,2,7.98,18000
2005-03-15,2005-03-31,OPTSTK,GAIL,270.0,CA,1.0,1.0,1.0,1.0,1.0,3,12.19,78000
2005-03-15,2005-03-31,OPTSTK,GAIL,280.0,CA,0.8,0.8,0.5,0.5,0.5,4,16.83,64500
2005-03-15,2005-03-31,OPTSTK,GAIL,190.0,PA,0.0,0.0,0.0,9.9,0.0,0,0.0,0
2005-03-15,2005-03-31,OPTSTK,GAIL,195.0,PA,0.0,0.0,0.0,10.6,0.05,0,0.0,0
2005-03-15,2005-03-31,OPTSTK,GAIL,200.0,PA,0.0,0.0,0.0,0.95,0.05,0,0.0,1500
2005-03-15,2005-03-31,OPTSTK,GAIL,205.0,PA,0.0,0.0,0.0,13.2,0.1,0,0.0,0
2005-03-15,2005-03-31,OPTSTK,GAIL,210.0,PA,0.0,0.0,0.0,13.15,0.15,0,0.0,0
2005-03-15,2005-03-31,OPTSTK,GAIL,215.0,PA,0.0,0.0,0.0,5.05,0.4,0,0.0,0
2005-03-15,2005-03-31,OPTSTK,GAIL,220.0,PA,0.9,0.9,0.9,0.9,0.9,1,3.31,13500
2005-03-15,2005-03-31,OPTSTK,GAIL,225.0,PA,0.0,0.0,0.0,15.0,1.45,0,0.0,1500
2005-03-15,2005-03-31,OPTSTK,GAIL,230.0,PA,1.5,2.75,1.5,2.55,2.55,14,48.72,136500
2005-03-15,2005-03-31,OPTSTK,GAIL,235.0,PA,2.95,2.95,2.95,2.95,2.95,1,3.56,6000
2005-03-15,2005-03-31,OPTSTK,GAIL,240.0,PA,5.25,5.75,4.9,5.6,5.6,11,40.47,123000
2005-03-15,2005-03-31,OPTSTK,GAIL,245.0,PA,0.0,0.0,0.0,8.0,8.95,0,0.0,9000
2005-03-15,2005-03-31,OPTSTK,GAIL,250.0,PA,9.25,13.0,9.25,11.5,11.5,9,35.26,70500
2005-03-15,2005-03-31,OPTSTK,GAIL,255.0,PA,0.0,0.0,0.0,10.0,15.95,0,0.0,19500
2005-03-15,2005-03-31,OPTSTK,GAIL,260.0,PA,0.0,0.0,0.0,14.5,20.1,0,0.0,12000
2005-03-15,2005-03-31,OPTSTK,GAIL,265.0,PA,0.0,0.0,0.0,28.25,24.55,0,0.0,0
2005-03-15,2005-03-31,OPTSTK,GAIL,270.0,PA,0.0,0.0,0.0,31.8,29.2,0,0.0,0
2005-03-15,2005-03-31,OPTSTK,GAIL,280.0,PA,0.0,0.0,0.0,38.55,38.85,0,0.0,0
2005-03-15,2005-04-28,OPTSTK,GAIL,205.0,CA,0.0,0.0,0.0,29.95,38.0,0,0.0,0
2005-03-15,2005-04-28,OPTSTK,GAIL,210.0,CA,0.0,0.0,0.0,27.15,33.55,0,0.0,0
2005-03-15,2005-04-28,OPTSTK,GAIL,215.0,CA,0.0,0.0,0.0,24.6,29.3,0,0.0,0
2005-03-15,2005-04-28,OPTSTK,GAIL,220.0,CA,0.0,0.0,0.0,22.2,25.3,0,0.0,0
2005-03-15,2005-04-28,OPTSTK,GAIL,225.0,CA,0.0,0.0,0.0,20.0,21.6,0,0.0,0
2005-03-15,2005-04-28,OPTSTK,GAIL,230.0,CA,0.0,0.0,0.0,18.0,18.2,0,0.0,0
2005-03-15,2005-04-28,OPTSTK,GAIL,235.0,CA,0.0,0.0,0.0,16.1,15.15,0,0.0,0
2005-03-15,2005-04-28,OPTSTK,GAIL,240.0,CA,12.0,12.0,12.0,12.0,12.0,1,3.78,1500
2005-03-15,2005-04-28,OPTSTK,GAIL,245.0,CA,0.0,0.0,0.0,16.8,10.1,0,0.0,0
2005-03-15,2005-04-28,OPTSTK,GAIL,250.0,CA,0.0,0.0,0.0,10.5,8.1,0,0.0,1500
2005-03-15,2005-04-28,OPTSTK,GAIL,255.0,CA,0.0,0.0,0.0,18.9,6.4,0,0.0,0
2005-03-15,2005-04-28,OPTSTK,GAIL,260.0,CA,0.0,0.0,0.0,15.4,4.95,0,0.0,0
2005-03-15,2005-04-28,OPTSTK,GAIL,265.0,CA,0.0,0.0,0.0,13.6,3.85,0,0.0,0
2005-03-15,2005-04-28,OPTSTK,GAIL,270.0,CA,0.0,0.0,0.0,13.4,2.9,0,0.0,0
2005-03-15,2005-04-28,OPTSTK,GAIL,280.0,CA,0.0,0.0,0.0,10.3,1.65,0,0.0,0
2005-03-15,2005-04-28,OPTSTK,GAIL,205.0,PA,0.0,0.0,0.0,13.25,0.95,0,0.0,0
2005-03-15,2005-04-28,OPTSTK,GAIL,210.0,PA,0.0,0.0,0.0,15.45,1.45,0,0.0,0
2005-03-15,2005-04-28,OPTSTK,GAIL,215.0,PA,0.0,0.0,0.0,17.8,2.15,0,0.0,0
2005-03-15,2005-04-28,OPTSTK,GAIL,220.0,PA,0.0,0.0,0.0,20.35,3.15,0,0.0,0
2005-03-15,2005-04-28,OPTSTK,GAIL,225.0,PA,0.0,0.0,0.0,23.05,4.4,0,0.0,0
2005-03-15,2005-04-28,OPTSTK,GAIL,230.0,PA,0.0,0.0,0.0,25.95,5.95,0,0.0,0
2005-03-15,2005-04-28,OPTSTK,GAIL,235.0,PA,0.0,0.0,0.0,29.05,7.85,0,0.0,0
2005-03-15,2005-04-28,OPTSTK,GAIL,240.0,PA,0.0,0.0,0.0,24.9,10.1,0,0.0,0
2005-03-15,2005-04-28,OPTSTK,GAIL,245.0,PA,0.0,0.0,0.0,27.9,12.75,0,0.0,0
2005-03-15,2005-04-28,OPTSTK,GAIL,250.0,PA,0.0,0.0,0.0,28.45,15.7,0,0.0,0
2005-03-15,2005-04-28,OPTSTK,GAIL,255.0,PA,0.0,0.0,0.0,31.5,18.95,0,0.0,0
2005-03-15,2005-04-28,OPTSTK,GAIL,260.0,PA,0.0,0.0,0.0,28.85,22.5,0,0.0,0
2005-03-15,2005-04-28,OPTSTK,GAIL,265.0,PA,0.0,0.0,0.0,26.3,26.35,0,0.0,0
2005-03-15,2005-04-28,OPTSTK,GAIL,270.0,PA,0.0,0.0,0.0,28.95,30.4,0,0.0,0
2005-03-15,2005-04-28,OPTSTK,GAIL,280.0,PA,0.0,0.0,0.0,35.75,39.0,0,0.0,0
2005-03-15,2005-05-26,OPTSTK,GAIL,220.0,CA,0.0,0.0,0.0,28.1,28.35,0,0.0,0
2005-03-15,2005-05-26,OPTSTK,GAIL,225.0,CA,0.0,0.0,0.0,25.2,24.9,0,0.0,0
2005-03-15,2005-05-26,OPTSTK,GAIL,230.0,CA,0.0,0.0,0.0,22.5,21.7,0,0.0,0
2005-03-15,2005-05-26,OPTSTK,GAIL,235.0,CA,0.0,0.0,0.0,20.0,18.75,0,0.0,0
2005-03-15,2005-05-26,OPTSTK,GAIL,240.0,CA,0.0,0.0,0.0,17.75,16.1,0,0.0,0
2005-03-15,2005-05-26,OPTSTK,GAIL,245.0,CA,0.0,0.0,0.0,15.65,13.75,0,0.0,0
2005-03-15,2005-05-26,OPTSTK,GAIL,250.0,CA,0.0,0.0,0.0,13.8,11.65,0,0.0,0
2005-03-15,2005-05-26,OPTSTK,GAIL,255.0,CA,0.0,0.0,0.0,16.2,9.8,0,0.0,0
2005-03-15,2005-05-26,OPTSTK,GAIL,260.0,CA,0.0,0.0,0.0,12.9,8.15,0,0.0,0
2005-03-15,2005-05-26,OPTSTK,GAIL,265.0,CA,0.0,0.0,0.0,11.0,6.75,0,0.0,0
2005-03-15,2005-05-26,OPTSTK,GAIL,220.0,PA,0.0,0.0,0.0,10.7,5.15,0,0.0,0
2005-03-15,2005-05-26,OPTSTK,GAIL,225.0,PA,0.0,0.0,0.0,12.7,6.65,0,0.0,0
2005-03-15,2005-05-26,OPTSTK,GAIL,230.0,PA,0.0,0.0,0.0,14.95,8.4,0,0.0,0
2005-03-15,2005-05-26,OPTSTK,GAIL,235.0,PA,0.0,0.0,0.0,17.4,10.4,0,0.0,0
2005-03-15,2005-05-26,OPTSTK,GAIL,240.0,PA,0.0,0.0,0.0,20.05,12.7,0,0.0,0
2005-03-15,2005-05-26,OPTSTK,GAIL,245.0,PA,0.0,0.0,0.0,22.9,15.25,0,0.0,0
2005-03-15,2005-05-26,OPTSTK,GAIL,250.0,PA,0.0,0.0,0.0,25.95,18.1,0,0.0,0
2005-03-15,2005-05-26,OPTSTK,GAIL,255.0,PA,0.0,0.0,0.0,25.5,21.2,0,0.0,0
2005-03-15,2005-05-26,OPTSTK,GAIL,260.0,PA,0.0,0.0,0.0,25.0,24.5,0,0.0,0
2005-03-15,2005-05-26,OPTSTK,GAIL,265.0,PA,0.0,0.0,0.0,25.0,28.05,0,0.0,0
2005-03-15,2005-03-31,OPTSTK,GRASIM,1140.0,CA,0.0,0.0,0.0,136.65,223.2,0,0.0,0
2005-03-15,2005-03-31,OPTSTK,GRASIM,1170.0,CA,0.0,0.0,0.0,133.65,193.3,0,0.0,0
2005-03-15,2005-03-31,OPTSTK,GRASIM,1200.0,CA,0.0,0.0,0.0,138.3,163.4,0,0.0,0
2005-03-15,2005-03-31,OPTSTK,GRASIM,1230.0,CA,125.0,125.0,125.0,125.0,125.0,6,28.45,2100
2005-03-15,2005-03-31,OPTSTK,GRASIM,1260.0,CA,150.0,150.0,150.0,150.0,150.0,3,14.8,0
2005-03-15,2005-03-31,OPTSTK,GRASIM,1290.0,CA,0.0,0.0,0.0,160.0,76.9,0,0.0,0
2005-03-15,2005-03-31,OPTSTK,GRASIM,1320.0,CA,90.0,90.0,65.0,65.0,65.0,8,39.13,1400
2005-03-15,2005-03-31,OPTSTK,GRASIM,1350.0,CA,0.0,0.0,0.0,30.0,32.25,0,0.0,3500
2005-03-15,2005-03-31,OPTSTK,GRASIM,1380.0,CA,0.0,0.0,0.0,25.0,17.8,0,0.0,1400
2005-03-15,2005-03-31,OPTSTK,GRASIM,1410.0,CA,0.0,0.0,0.0,12.0,8.7,0,0.0,0
2005-03-15,2005-03-31,OPTSTK,GRASIM,1440.0,CA,0.0,0.0,0.0,32.5,3.75,0,0.0,0
2005-03-15,2005-03-31,OPTSTK,GRASIM,1470.0,CA,0.0,0.0,0.0,17.35,1.4,0,0.0,0
2005-03-15,2005-03-31,OPTSTK,GRASIM,1500.0,CA,0.0,0.0,0.0,3.5,0.45,0,0.0,0
2005-03-15,2005-03-31,OPTSTK,GRASIM,1140.0,PA,0.0,0.0,0.0,19.0,0.0,0,0.0,0
2005-03-15,2005-03-31,OPTSTK,GRASIM,1170.0,PA,0.0,0.0,0.0,19.55,0.05,0,0.0,0
2005-03-15,2005-03-31,OPTSTK,GRASIM,1200.0,PA,0.0,0.0,0.0,19.55,0.05,0,0.0,0
2005-03-15,2005-03-31,OPTSTK,GRASIM,1230.0,PA,0.0,0.0,0.0,27.55,0.25,0,0.0,0
2005-03-15,2005-03-31,OPTSTK,GRASIM,1260.0,PA,0.0,0.0,0.0,37.6,1.05,0,0.0,0
2005-03-15,2005-03-31,OPTSTK,GRASIM,1290.0,PA,0.0,0.0,0.0,49.85,3.35,0,0.0,0
2005-03-15,2005-03-31,OPTSTK,GRASIM,1320.0,PA,0.0,0.0,0.0,25.0,8.65,0,0.0,350
2005-03-15,2005-03-31,OPTSTK,GRASIM,1350.0,PA,0.0,0.0,0.0,45.0,18.55,0,0.0,0
2005-03-15,2005-03-31,OPTSTK,GRASIM,1380.0,PA,0.0,0.0,0.0,13.5,34.0,0,0.0,0
2005-03-15,2005-03-31,OPTSTK,GRASIM,1410.0,PA,0.0,0.0,0.0,107.05,54.85,0,0.0,0
2005-03-15,2005-03-31,OPTSTK,GRASIM,1440.0,PA,0.0,0.0,0.0,113.0,79.8,0,0.0,0
2005-03-15,2005-03-31,OPTSTK,GRASIM,1470.0,PA,0.0,0.0,0.0,99.65,107.4,0,0.0,0
2005-03-15,2005-03-31,OPTSTK,GRASIM,1500.0,PA,0.0,0.0,0.0,101.6,136.4,0,0.0,0
2005-03-15,2005-04-28,OPTSTK,GRASIM,1200.0,CA,0.0,0.0,0.0,195.45,170.7,0,0.0,0
2005-03-15,2005-04-28,OPTSTK,GRASIM,1230.0,CA,0.0,0.0,0.0,123.25,142.75,0,0.0,0
2005-03-15,2005-04-28,OPTSTK,GRASIM,1260.0,CA,0.0,0.0,0.0,105.4,116.3,0,0.0,0
2005-03-15,2005-04-28,OPTSTK,GRASIM,1290.0,CA,0.0,0.0,0.0,89.3,91.95,0,0.0,0
2005-03-15,2005-04-28,OPTSTK,GRASIM,1320.0,CA,0.0,0.0,0.0,75.05,70.3,0,0.0,0
2005-03-15,2005-04-28,OPTSTK,GRASIM,1350.0,CA,0.0,0.0,0.0,100.0,51.85,0,0.0,700
2005-03-15,2005-04-28,OPTSTK,GRASIM,1380.0,CA,0.0,0.0,0.0,51.6,36.8,0,0.0,0
2005-03-15,2005-04-28,OPTSTK,GRASIM,1410.0,CA,0.0,0.0,0.0,50.85,25.1,0,0.0,0
2005-03-15,2005-04-28,OPTSTK,GRASIM,1440.0,CA,0.0,0.0,0.0,45.75,16.5,0,0.0,0
2005-03-15,2005-04-28,OPTSTK,GRASIM,1470.0,CA,0.0,0.0,0.0,30.1,10.35,0,0.0,0
2005-03-15,2005-04-28,OPTSTK,GRASIM,1500.0,CA,0.0,0.0,0.0,14.15,6.25,0,0.0,0
2005-03-15,2005-04-28,OPTSTK,GRASIM,1200.0,PA,0.0,0.0,0.0,32.9,1.6,0,0.0,0
2005-03-15,2005-04-28,OPTSTK,GRASIM,1230.0,PA,0.0,0.0,0.0,42.85,3.45,0,0.0,0
2005-03-15,2005-04-28,OPTSTK,GRASIM,1260.0,PA,0.0,0.0,0.0,54.55,6.8,0,0.0,0
2005-03-15,2005-04-28,OPTSTK,GRASIM,1290.0,PA,0.0,0.0,0.0,68.1,12.25,0,0.0,0
2005-03-15,2005-04-28,OPTSTK,GRASIM,1320.0,PA,0.0,0.0,0.0,83.4,20.35,0,0.0,0
2005-03-15,2005-04-28,OPTSTK,GRASIM,1350.0,PA,0.0,0.0,0.0,100.45,31.7,0,0.0,0
2005-03-15,2005-04-28,OPTSTK,GRASIM,1380.0,PA,0.0,0.0,0.0,119.15,46.45,0,0.0,0
2005-03-15,2005-04-28,OPTSTK,GRASIM,1410.0,PA,0.0,0.0,0.0,124.9,64.5,0,0.0,0
2005-03-15,2005-04-28,OPTSTK,GRASIM,1440.0,PA,0.0,0.0,0.0,120.75,85.7,0,0.0,0
2005-03-15,2005-04-28,OPTSTK,GRASIM,1470.0,PA,0.0,0.0,0.0,105.85,109.35,0,0.0,0
2005-03-15,2005-04-28,OPTSTK,GRASIM,1500.0,PA,0.0,0.0,0.0,105.0,135.0,0,0.0,0
2005-03-15,2005-05-26,OPTSTK,GRASIM,1230.0,CA,0.0,0.0,0.0,134.5,152.6,0,0.0,0
2005-03-15,2005-05-26,OPTSTK,GRASIM,1260.0,CA,0.0,0.0,0.0,111.85,127.8,0,0.0,0
2005-03-15,2005-05-26,OPTSTK,GRASIM,1290.0,CA,0.0,0.0,0.0,91.3,105.0,0,0.0,0
2005-03-15,2005-05-26,OPTSTK,GRASIM,1320.0,CA,0.0,0.0,0.0,73.2,84.45,0,0.0,0
2005-03-15,2005-05-26,OPTSTK,GRASIM,1350.0,CA,0.0,0.0,0.0,57.55,66.5,0,0.0,0
2005-03-15,2005-05-26,OPTSTK,GRASIM,1380.0,CA,0.0,0.0,0.0,44.4,51.2,0,0.0,0
2005-03-15,2005-05-26,OPTSTK,GRASIM,1410.0,CA,0.0,0.0,0.0,33.6,38.55,0,0.0,0
2005-03-15,2005-05-26,OPTSTK,GRASIM,1440.0,CA,0.0,0.0,0.0,32.05,28.4,0,0.0,0
2005-03-15,2005-05-26,OPTSTK,GRASIM,1470.0,CA,0.0,0.0,0.0,29.3,20.5,0,0.0,0
2005-03-15,2005-05-26,OPTSTK,GRASIM,1500.0,CA,0.0,0.0,0.0,24.95,14.4,0,0.0,0
2005-03-15,2005-05-26,OPTSTK,GRASIM,1230.0,PA,0.0,0.0,0.0,13.55,7.7,0,0.0,0
2005-03-15,2005-05-26,OPTSTK,GRASIM,1260.0,PA,0.0,0.0,0.0,20.5,12.55,0,0.0,0
2005-03-15,2005-05-26,OPTSTK,GRASIM,1290.0,PA,0.0,0.0,0.0,29.45,19.4,0,0.0,0
2005-03-15,2005-05-26,OPTSTK,GRASIM,1320.0,PA,0.0,0.0,0.0,40.9,28.5,0,0.0,0
2005-03-15,2005-05-26,OPTSTK,GRASIM,1350.0,PA,0.0,0.0,0.0,54.85,40.2,0,0.0,0
2005-03-15,2005-05-26,OPTSTK,GRASIM,1380.0,PA,0.0,0.0,0.0,71.25,54.55,0,0.0,0
2005-03-15,2005-05-26,OPTSTK,GRASIM,1410.0,PA,0.0,0.0,0.0,89.95,71.55,0,0.0,0
2005-03-15,2005-05-26,OPTSTK,GRASIM,1440.0,PA,0.0,0.0,0.0,104.35,91.0,0,0.0,0
2005-03-15,2005-05-26,OPTSTK,GRASIM,1470.0,PA,0.0,0.0,0.0,107.0,112.75,0,0.0,0
2005-03-15,2005-05-26,OPTSTK,GRASIM,1500.0,PA,0.0,0.0,0.0,109.05,136.3,0,0.0,0
2005-03-15,2005-03-31,OPTSTK,GUJAMBCEM,370.0,CA,0.0,0.0,0.0,38.35,57.6,0,0.0,0
2005-03-15,2005-03-31,OPTSTK,GUJAMBCEM,380.0,CA,0.0,0.0,0.0,31.6,47.8,0,0.0,0
2005-03-15,2005-03-31,OPTSTK,GUJAMBCEM,390.0,CA,0.0,0.0,0.0,22.0,38.25,0,0.0,0
2005-03-15,2005-03-31,OPTSTK,GUJAMBCEM,400.0,CA,0.0,0.0,0.0,12.0,29.25,0,0.0,0
2005-03-15,2005-03-31,OPTSTK,GUJAMBCEM,410.0,CA,0.0,0.0,0.0,48.0,21.15,0,0.0,0
2005-03-15,2005-03-31,OPTSTK,GUJAMBCEM,420.0,CA,0.0,0.0,0.0,12.0,14.35,0,0.0,0
2005-03-15,2005-03-31,OPTSTK,GUJAMBCEM,430.0,CA,10.05,10.45,7.0,8.0,8.0,16,77.16,27500
2005-03-15,2005-03-31,OPTSTK,GUJAMBCEM,440.0,CA,6.0,6.5,4.25,4.6,4.6,28,137.15,118800
2005-03-15,2005-03-31,OPTSTK,GUJAMBCEM,450.0,CA,4.0,4.0,2.6,2.65,2.65,12,59.79,117700
2005-03-15,2005-03-31,OPTSTK,GUJAMBCEM,460.0,CA,2.45,2.45,1.25,1.25,1.25,8,40.6,63800
2005-03-15,2005-03-31,OPTSTK,GUJAMBCEM,470.0,CA,0.0,0.0,0.0,2.0,0.65,0,0.0,8800
2005-03-15,2005-03-31,OPTSTK,GUJAMBCEM,480.0,CA,0.0,0.0,0.0,3.0,0.3,0,0.0,2200
2005-03-15,2005-03-31,OPTSTK,GUJAMBCEM,490.0,CA,0.0,0.0,0.0,22.65,0.1,0,0.0,0
2005-03-15,2005-03-31,OPTSTK,GUJAMBCEM,370.0,PA,0.0,0.0,0.0,7.35,0.1,0,0.0,0
2005-03-15,2005-03-31,OPTSTK,GUJAMBCEM,380.0,PA,0.0,0.0,0.0,10.45,0.25,0,0.0,0
2005-03-15,2005-03-31,OPTSTK,GUJAMBCEM,390.0,PA,0.0,0.0,0.0,14.3,0.65,0,0.0,0
2005-03-15,2005-03-31,OPTSTK,GUJAMBCEM,400.0,PA,0.0,0.0,0.0,1.35,1.6,0,0.0,0
2005-03-15,2005-03-31,OPTSTK,GUJAMBCEM,410.0,PA,0.0,0.0,0.0,5.0,3.5,0,0.0,1100
2005-03-15,2005-03-31,OPTSTK,GUJAMBCEM,420.0,PA,2.85,2.85,2.85,2.85,2.85,1,4.65,5500
2005-03-15,2005-03-31,OPTSTK,GUJAMBCEM,430.0,PA,8.0,9.95,8.0,9.95,9.95,2,9.65,24200
2005-03-15,2005-03-31,OPTSTK,GUJAMBCEM,440.0,PA,13.5,16.5,13.5,15.0,15.0,6,30.07,24200
2005-03-15,2005-03-31,OPTSTK,GUJAMBCEM,450.0,PA,0.0,0.0,0.0,12.5,25.1,0,0.0,7700
2005-03-15,2005-03-31,OPTSTK,GUJAMBCEM,460.0,PA,0.0,0.0,0.0,26.95,33.65,0,0.0,0
2005-03-15,2005-03-31,OPTSTK,GUJAMBCEM,470.0,PA,10.0,38.0,10.0,38.0,38.0,2,10.86,0
2005-03-15,2005-03-31,OPTSTK,GUJAMBCEM,480.0,PA,0.0,0.0,0.0,48.9,52.5,0,0.0,0
2005-03-15,2005-03-31,OPTSTK,GUJAMBCEM,490.0,PA,0.0,0.0,0.0,50.15,62.3,0,0.0,0
2005-03-15,2005-04-28,OPTSTK,GUJAMBCEM,390.0,CA,0.0,0.0,0.0,19.5,42.9,0,0.0,1100
2005-03-15,2005-04-28,OPTSTK,GUJAMBCEM,400.0,CA,0.0,0.0,0.0,48.1,35.1,0,0.0,0
2005-03-15,2005-04-28,OPTSTK,GUJAMBCEM,410.0,CA,0.0,0.0,0.0,42.65,28.0,0,0.0,0
2005-03-15,2005-04-28,OPTSTK,GUJAMBCEM,420.0,CA,0.0,0.0,0.0,37.7,21.85,0,0.0,0
2005-03-15,2005-04-28,OPTSTK,GUJAMBCEM,430.0,CA,0.0,0.0,0.0,33.15,16.65,0,0.0,0
2005-03-15,2005-04-28,OPTSTK,GUJAMBCEM,440.0,CA,0.0,0.0,0.0,29.05,12.35,0,0.0,0
2005-03-15,2005-04-28,OPTSTK,GUJAMBCEM,450.0,CA,0.0,0.0,0.0,25.35,8.95,0,0.0,0
2005-03-15,2005-04-28,OPTSTK,GUJAMBCEM,460.0,CA,0.0,0.0,0.0,42.45,6.35,0,0.0,0
2005-03-15,2005-04-28,OPTSTK,GUJAMBCEM,470.0,CA,0.0,0.0,0.0,38.4,4.35,0,0.0,0
2005-03-15,2005-04-28,OPTSTK,GUJAMBCEM,480.0,CA,0.0,0.0,0.0,34.65,2.95,0,0.0,0
2005-03-15,2005-04-28,OPTSTK,GUJAMBCEM,490.0,CA,0.0,0.0,0.0,30.9,1.95,0,0.0,0
2005-03-15,2005-04-28,OPTSTK,GUJAMBCEM,390.0,PA,0.0,0.0,0.0,19.2,3.45,0,0.0,0
2005-03-15,2005-04-28,OPTSTK,GUJAMBCEM,400.0,PA,0.0,0.0,0.0,23.2,5.55,0,0.0,0
2005-03-15,2005-04-28,OPTSTK,GUJAMBCEM,410.0,PA,0.0,0.0,0.0,27.6,8.45,0,0.0,0
2005-03-15,2005-04-28,OPTSTK,GUJAMBCEM,420.0,PA,0.0,0.0,0.0,32.5,12.2,0,0.0,0
2005-03-15,2005-04-28,OPTSTK,GUJAMBCEM,430.0,PA,0.0,0.0,0.0,37.85,16.9,0,0.0,0
2005-03-15,2005-04-28,OPTSTK,GUJAMBCEM,440.0,PA,0.0,0.0,0.0,43.6,22.55,0,0.0,0
2005-03-15,2005-04-28,OPTSTK,GUJAMBCEM,450.0,PA,0.0,0.0,0.0,49.75,29.05,0,0.0,0
2005-03-15,2005-04-28,OPTSTK,GUJAMBCEM,460.0,PA,0.0,0.0,0.0,48.6,36.4,0,0.0,0
2005-03-15,2005-04-28,OPTSTK,GUJAMBCEM,470.0,PA,0.0,0.0,0.0,54.4,44.35,0,0.0,0
2005-03-15,2005-04-28,OPTSTK,GUJAMBCEM,480.0,PA,0.0,0.0,0.0,60.5,52.85,0,0.0,0
2005-03-15,2005-04-28,OPTSTK,GUJAMBCEM,490.0,PA,0.0,0.0,0.0,56.2,61.75,0,0.0,0
2005-03-15,2005-05-26,OPTSTK,GUJAMBCEM,400.0,CA,0.0,0.0,0.0,47.3,40.05,0,0.0,0
2005-03-15,2005-05-26,OPTSTK,GUJAMBCEM,410.0,CA,0.0,0.0,0.0,41.0,33.35,0,0.0,0
2005-03-15,2005-05-26,OPTSTK,GUJAMBCEM,420.0,CA,0.0,0.0,0.0,35.3,27.45,0,0.0,0
2005-03-15,2005-05-26,OPTSTK,GUJAMBCEM,430.0,CA,0.0,0.0,0.0,30.15,22.25,0,0.0,0
2005-03-15,2005-05-26,OPTSTK,GUJAMBCEM,440.0,CA,0.0,0.0,0.0,25.55,17.8,0,0.0,0
2005-03-15,2005-05-26,OPTSTK,GUJAMBCEM,450.0,CA,0.0,0.0,0.0,21.55,14.05,0,0.0,0
2005-03-15,2005-05-26,OPTSTK,GUJAMBCEM,460.0,CA,0.0,0.0,0.0,18.0,10.9,0,0.0,0
2005-03-15,2005-05-26,OPTSTK,GUJAMBCEM,470.0,CA,0.0,0.0,0.0,24.85,8.4,0,0.0,0
2005-03-15,2005-05-26,OPTSTK,GUJAMBCEM,480.0,CA,0.0,0.0,0.0,21.15,6.35,0,0.0,0
2005-03-15,2005-05-26,OPTSTK,GUJAMBCEM,400.0,PA,0.0,0.0,0.0,13.15,8.7,0,0.0,0
2005-03-15,2005-05-26,OPTSTK,GUJAMBCEM,410.0,PA,0.0,0.0,0.0,16.7,11.9,0,0.0,0
2005-03-15,2005-05-26,OPTSTK,GUJAMBCEM,420.0,PA,0.0,0.0,0.0,20.85,15.85,0,0.0,0
2005-03-15,2005-05-26,OPTSTK,GUJAMBCEM,430.0,PA,0.0,0.0,0.0,25.55,20.55,0,0.0,0
2005-03-15,2005-05-26,OPTSTK,GUJAMBCEM,440.0,PA,0.0,0.0,0.0,30.8,26.0,0,0.0,0
2005-03-15,2005-05-26,OPTSTK,GUJAMBCEM,450.0,PA,0.0,0.0,0.0,36.6,32.1,0,0.0,0
2005-03-15,2005-05-26,OPTSTK,GUJAMBCEM,460.0,PA,0.0,0.0,0.0,42.95,38.85,0,0.0,0
2005-03-15,2005-05-26,OPTSTK,GUJAMBCEM,470.0,PA,0.0,0.0,0.0,38.8,46.25,0,0.0,0
2005-03-15,2005-05-26,OPTSTK,GUJAMBCEM,480.0,PA,0.0,0.0,0.0,45.0,54.05,0,0.0,0
2005-03-15,2005-03-31,OPTSTK,HCLTECH,270.0,CA,0.0,0.0,0.0,4.0,97.35,0,0.0,0
2005-03-15,2005-03-31,OPTSTK,HCLTECH,280.0,CA,0.0,0.0,0.0,44.35,87.4,0,0.0,0
2005-03-15,2005-03-31,OPTSTK,HCLTECH,290.0,CA,0.0,0.0,0.0,80.0,77.4,0,0.0,0
2005-03-15,2005-03-31,OPTSTK,HCLTECH,300.0,CA,0.0,0.0,0.0,44.65,67.45,0,0.0,0
2005-03-15,2005-03-31,OPTSTK,HCLTECH,310.0,CA,0.0,0.0,0.0,36.65,57.5,0,0.0,0
2005-03-15,2005-03-31,OPTSTK,HCLTECH,320.0,CA,0.0,0.0,0.0,54.65,47.65,0,0.0,0
2005-03-15,2005-03-31,OPTSTK,HCLTECH,330.0,CA,37.0,42.0,37.0,42.0,42.0,3,14.43,7800
2005-03-15,2005-03-31,OPTSTK,HCLTECH,340.0,CA,29.0,33.5,27.4,33.5,33.5,9,43.28,53300
2005-03-15,2005-03-31,OPTSTK,HCLTECH,350.0,CA,25.0,25.0,25.0,25.0,25.0,1,4.87,28600
2005-03-15,2005-03-31,OPTSTK,HCLTECH,360.0,CA,14.1,16.0,11.15,13.1,13.1,7,34.01,29900
2005-03-15,2005-03-31,OPTSTK,HCLTECH,370.0,CA,6.75,10.1,6.75,7.65,7.65,8,39.42,23400
2005-03-15,2005-03-31,OPTSTK,HCLTECH,380.0,CA,6.0,7.0,4.5,5.15,5.15,7,35.11,9100
2005-03-15,2005-03-31,OPTSTK,HCLTECH,390.0,CA,0.0,0.0,0.0,2.0,2.6,0,0.0,1300
2005-03-15,2005-03-31,OPTSTK,HCLTECH,400.0,CA,0.0,0.0,0.0,1.75,1.25,0,0.0,0
2005-03-15,2005-03-31,OPTSTK,HCLTECH,270.0,PA,0.0,0.0,0.0,6.55,0.0,0,0.0,0
2005-03-15,2005-03-31,OPTSTK,HCLTECH,280.0,PA,0.0,0.0,0.0,8.8,0.0,0,0.0,0
2005-03-15,2005-03-31,OPTSTK,HCLTECH,290.0,PA,0.0,0.0,0.0,7.9,0.0,0,0.0,0
2005-03-15,2005-03-31,OPTSTK,HCLTECH,300.0,PA,0.0,0.0,0.0,1.25,0.05,0,0.0,0
2005-03-15,2005-03-31,OPTSTK,HCLTECH,310.0,PA,1.05,1.05,1.05,1.05,1.05,1,4.04,1300
2005-03-15,2005-03-31,OPTSTK,HCLTECH,320.0,PA,0.0,0.0,0.0,1.0,0.2,0,0.0,1300
2005-03-15,2005-03-31,OPTSTK,HCLTECH,330.0,PA,0.0,0.0,0.0,2.35,0.55,0,0.0,2600
2005-03-15,2005-03-31,OPTSTK,HCLTECH,340.0,PA,2.1,2.2,2.1,2.2,2.2,3,13.34,7800
2005-03-15,2005-03-31,OPTSTK,HCLTECH,350.0,PA,0.0,0.0,0.0,5.8,3.25,0,0.0,1300
2005-03-15,2005-03-31,OPTSTK,HCLTECH,360.0,PA,6.8,6.8,6.8,6.8,6.8,1,4.76,2600
2005-03-15,2005-03-31,OPTSTK,HCLTECH,370.0,PA,13.0,14.5,13.0,14.2,14.2,14,69.88,18200
2005-03-15,2005-03-31,OPTSTK,HCLTECH,380.0,PA,0.0,0.0,0.0,35.2,17.35,0,0.0,0
2005-03-15,2005-03-31,OPTSTK,HCLTECH,390.0,PA,30.0,30.0,18.0,18.0,18.0,2,10.76,0
2005-03-15,2005-03-31,OPTSTK,HCLTECH,400.0,PA,0.0,0.0,0.0,30.1,33.6,0,0.0,0
2005-03-15,2005-04-28,OPTSTK,HCLTECH,290.0,CA,0.0,0.0,0.0,44.9,79.0,0,0.0,0
2005-03-15,2005-04-28,OPTSTK,HCLTECH,300.0,CA,0.0,0.0,0.0,38.05,69.3,0,0.0,0
2005-03-15,2005-04-28,OPTSTK,HCLTECH,310.0,CA,0.0,0.0,0.0,31.9,59.85,0,0.0,0
2005-03-15,2005-04-28,OPTSTK,HCLTECH,320.0,CA,0.0,0.0,0.0,26.5,50.75,0,0.0,0
2005-03-15,2005-04-28,OPTSTK,HCLTECH,330.0,CA,0.0,0.0,0.0,21.75,42.2,0,0.0,0
2005-03-15,2005-04-28,OPTSTK,HCLTECH,340.0,CA,0.0,0.0,0.0,17.65,34.3,0,0.0,0
2005-03-15,2005-04-28,OPTSTK,HCLTECH,350.0,CA,0.0,0.0,0.0,14.2,27.2,0,0.0,0
2005-03-15,2005-04-28,OPTSTK,HCLTECH,360.0,CA,0.0,0.0,0.0,12.3,21.05,0,0.0,0
2005-03-15,2005-04-28,OPTSTK,HCLTECH,370.0,CA,0.0,0.0,0.0,12.3,15.9,0,0.0,0
2005-03-15,2005-04-28,OPTSTK,HCLTECH,380.0,CA,0.0,0.0,0.0,11.7,11.7,0,0.0,0
2005-03-15,2005-04-28,OPTSTK,HCLTECH,390.0,CA,0.0,0.0,0.0,10.0,8.35,0,0.0,0
2005-03-15,2005-04-28,OPTSTK,HCLTECH,400.0,CA,0.0,0.0,0.0,6.65,5.85,0,0.0,0
2005-03-15,2005-04-28,OPTSTK,HCLTECH,290.0,PA,0.0,0.0,0.0,7.95,0.2,0,0.0,0
2005-03-15,2005-04-28,OPTSTK,HCLTECH,300.0,PA,0.0,0.0,0.0,11.0,0.45,0,0.0,0
2005-03-15,2005-04-28,OPTSTK,HCLTECH,310.0,PA,0.0,0.0,0.0,14.7,0.9,0,0.0,0
2005-03-15,2005-04-28,OPTSTK,HCLTECH,320.0,PA,0.0,0.0,0.0,19.15,1.75,0,0.0,0
2005-03-15,2005-04-28,OPTSTK,HCLTECH,330.0,PA,0.0,0.0,0.0,24.25,3.1,0,0.0,0
2005-03-15,2005-04-28,OPTSTK,HCLTECH,340.0,PA,0.0,0.0,0.0,30.05,5.15,0,0.0,0
2005-03-15,2005-04-28,OPTSTK,HCLTECH,350.0,PA,0.0,0.0,0.0,36.45,8.0,0,0.0,0
2005-03-15,2005-04-28,OPTSTK,HCLTECH,360.0,PA,0.0,0.0,0.0,40.15,11.75,0,0.0,0
2005-03-15,2005-04-28,OPTSTK,HCLTECH,370.0,PA,0.0,0.0,0.0,39.3,16.5,0,0.0,0
2005-03-15,2005-04-28,OPTSTK,HCLTECH,380.0,PA,0.0,0.0,0.0,39.5,22.25,0,0.0,0
2005-03-15,2005-04-28,OPTSTK,HCLTECH,390.0,PA,0.0,0.0,0.0,37.35,28.85,0,0.0,0
2005-03-15,2005-04-28,OPTSTK,HCLTECH,400.0,PA,0.0,0.0,0.0,33.1,36.25,0,0.0,0
2005-03-15,2005-05-26,OPTSTK,HCLTECH,300.0,CA,0.0,0.0,0.0,37.75,71.6,0,0.0,0
2005-03-15,2005-05-26,OPTSTK,HCLTECH,310.0,CA,0.0,0.0,0.0,31.05,62.65,0,0.0,0
2005-03-15,2005-05-26,OPTSTK,HCLTECH,320.0,CA,0.0,0.0,0.0,25.1,54.15,0,0.0,0
2005-03-15,2005-05-26,OPTSTK,HCLTECH,330.0,CA,0.0,0.0,0.0,20.0,46.2,0,0.0,0
2005-03-15,2005-05-26,OPTSTK,HCLTECH,340.0,CA,0.0,0.0,0.0,15.65,38.85,0,0.0,0
2005-03-15,2005-05-26,OPTSTK,HCLTECH,350.0,CA,0.0,0.0,0.0,12.1,32.2,0,0.0,0
2005-03-15,2005-05-26,OPTSTK,HCLTECH,360.0,CA,0.0,0.0,0.0,9.2,26.3,0,0.0,0
2005-03-15,2005-05-26,OPTSTK,HCLTECH,370.0,CA,0.0,0.0,0.0,10.75,21.2,0,0.0,0
2005-03-15,2005-05-26,OPTSTK,HCLTECH,380.0,CA,0.0,0.0,0.0,10.65,16.8,0,0.0,0
2005-03-15,2005-05-26,OPTSTK,HCLTECH,390.0,CA,0.0,0.0,0.0,11.05,13.15,0,0.0,0
2005-03-15,2005-05-26,OPTSTK,HCLTECH,400.0,CA,0.0,0.0,0.0,11.0,10.15,0,0.0,0
2005-03-15,2005-05-26,OPTSTK,HCLTECH,300.0,PA,0.0,0.0,0.0,7.15,1.4,0,0.0,0
2005-03-15,2005-05-26,OPTSTK,HCLTECH,310.0,PA,0.0,0.0,0.0,10.25,2.3,0,0.0,0
2005-03-15,2005-05-26,OPTSTK,HCLTECH,320.0,PA,0.0,0.0,0.0,14.2,3.7,0,0.0,0
2005-03-15,2005-05-26,OPTSTK,HCLTECH,330.0,PA,0.0,0.0,0.0,18.95,5.6,0,0.0,0
2005-03-15,2005-05-26,OPTSTK,HCLTECH,340.0,PA,0.0,0.0,0.0,24.45,8.15,0,0.0,0
2005-03-15,2005-05-26,OPTSTK,HCLTECH,350.0,PA,0.0,0.0,0.0,30.7,11.4,0,0.0,0
2005-03-15,2005-05-26,OPTSTK,HCLTECH,360.0,PA,0.0,0.0,0.0,37.65,15.4,0,0.0,0
2005-03-15,2005-05-26,OPTSTK,HCLTECH,370.0,PA,0.0,0.0,0.0,36.8,20.15,0,0.0,0
2005-03-15,2005-05-26,OPTSTK,HCLTECH,380.0,PA,0.0,0.0,0.0,40.1,25.65,0,0.0,0
2005-03-15,2005-05-26,OPTSTK,HCLTECH,390.0,PA,0.0,0.0,0.0,39.25,31.9,0,0.0,0
2005-03-15,2005-05-26,OPTSTK,HCLTECH,400.0,PA,0.0,0.0,0.0,35.65,38.75,0,0.0,0
2005-03-15,2005-03-31,OPTSTK,HDFC,660.0,CA,0.0,0.0,0.0,89.25,129.9,0,0.0,0
2005-03-15,2005-03-31,OPTSTK,HDFC,680.0,CA,0.0,0.0,0.0,91.95,110.05,0,0.0,0
2005-03-15,2005-03-31,OPTSTK,HDFC,700.0,CA,0.0,0.0,0.0,88.5,90.45,0,0.0,0
2005-03-15,2005-03-31,OPTSTK,HDFC,720.0,CA,0.0,0.0,0.0,12.5,71.45,0,0.0,6000
2005-03-15,2005-03-31,OPTSTK,HDFC,740.0,CA,17.0,99.0,17.0,99.0,99.0,4,19.0,0
2005-03-15,2005-03-31,OPTSTK,HDFC,760.0,CA,0.0,0.0,0.0,38.95,38.0,0,0.0,600
2005-03-15,2005-03-31,OPTSTK,HDFC,780.0,CA,25.25,25.25,25.25,25.25,25.25,1,4.83,4800
2005-03-15,2005-03-31,OPTSTK,HDFC,800.0,CA,12.2,23.5,11.55,23.5,23.5,4,19.55,8400
2005-03-15,2005-03-31,OPTSTK,HDFC,820.0,CA,0.0,0.0,0.0,30.15,8.6,0,0.0,0
2005-03-15,2005-03-31,OPTSTK,HDFC,840.0,CA,0.0,0.0,0.0,10.0,4.45,0,0.0,600
2005-03-15,2005-03-31,OPTSTK,HDFC,860.0,CA,0.0,0.0,0.0,30.05,2.15,0,0.0,0
2005-03-15,2005-03-31,OPTSTK,HDFC,880.0,CA,0.0,0.0,0.0,23.65,0.95,0,0.0,0
2005-03-15,2005-03-31,OPTSTK,HDFC,660.0,PA,0.0,0.0,0.0,14.65,0.05,0,0.0,0
2005-03-15,2005-03-31,OPTSTK,HDFC,680.0,PA,0.0,0.0,0.0,16.15,0.15,0,0.0,0
2005-03-15,2005-03-31,OPTSTK,HDFC,700.0,PA,0.0,0.0,0.0,21.85,0.5,0,0.0,0
2005-03-15,2005-03-31,OPTSTK,HDFC,720.0,PA,0.0,0.0,0.0,28.75,1.45,0,0.0,0
2005-03-15,2005-03-31,OPTSTK,HDFC,740.0,PA,0.0,0.0,0.0,36.9,3.65,0,0.0,0
2005-03-15,2005-03-31,OPTSTK,HDFC,760.0,PA,0.0,0.0,0.0,46.3,7.9,0,0.0,0
2005-03-15,2005-03-31,OPTSTK,HDFC,780.0,PA,0.0,0.0,0.0,9.35,14.95,0,0.0,600
2005-03-15,2005-03-31,OPTSTK,HDFC,800.0,PA,0.0,0.0,0.0,68.8,25.15,0,0.0,0
2005-03-15,2005-03-31,OPTSTK,HDFC,820.0,PA,0.0,0.0,0.0,7.6,38.4,0,0.0,0
2005-03-15,2005-03-31,OPTSTK,HDFC,840.0,PA,0.0,0.0,0.0,78.8,54.2,0,0.0,0
2005-03-15,2005-03-31,OPTSTK,HDFC,860.0,PA,0.0,0.0,0.0,65.55,71.8,0,0.0,0
2005-03-15,2005-03-31,OPTSTK,HDFC,880.0,PA,0.0,0.0,0.0,79.0,90.55,0,0.0,0
2005-03-15,2005-04-28,OPTSTK,HDFC,700.0,CA,0.0,0.0,0.0,85.3,97.55,0,0.0,0
2005-03-15,2005-04-28,OPTSTK,HDFC,720.0,CA,0.0,0.0,0.0,72.45,80.7,0,0.0,0
2005-03-15,2005-04-28,OPTSTK,HDFC,740.0,CA,0.0,0.0,0.0,60.9,65.35,0,0.0,0
2005-03-15,2005-04-28,OPTSTK,HDFC,760.0,CA,0.0,0.0,0.0,50.65,51.65,0,0.0,0
2005-03-15,2005-04-28,OPTSTK,HDFC,780.0,CA,0.0,0.0,0.0,41.7,39.8,0,0.0,0
2005-03-15,2005-04-28,OPTSTK,HDFC,800.0,CA,0.0,0.0,0.0,34.0,29.9,0,0.0,0
2005-03-15,2005-04-28,OPTSTK,HDFC,820.0,CA,0.0,0.0,0.0,27.45,21.9,0,0.0,0
2005-03-15,2005-04-28,OPTSTK,HDFC,840.0,CA,0.0,0.0,0.0,27.4,15.6,0,0.0,0
2005-03-15,2005-04-28,OPTSTK,HDFC,860.0,CA,0.0,0.0,0.0,41.45,10.85,0,0.0,0
2005-03-15,2005-04-28,OPTSTK,HDFC,880.0,CA,0.0,0.0,0.0,34.5,7.35,0,0.0,0
2005-03-15,2005-04-28,OPTSTK,HDFC,700.0,PA,0.0,0.0,0.0,20.75,4.25,0,0.0,0
2005-03-15,2005-04-28,OPTSTK,HDFC,720.0,PA,0.0,0.0,0.0,27.65,7.3,0,0.0,0
2005-03-15,2005-04-28,OPTSTK,HDFC,740.0,PA,0.0,0.0,0.0,35.8,11.8,0,0.0,0
2005-03-15,2005-04-28,OPTSTK,HDFC,760.0,PA,0.0,0.0,0.0,45.3,17.9,0,0.0,0
2005-03-15,2005-04-28,OPTSTK,HDFC,780.0,PA,0.0,0.0,0.0,56.05,25.95,0,0.0,0
2005-03-15,2005-04-28,OPTSTK,HDFC,800.0,PA,0.0,0.0,0.0,68.1,35.9,0,0.0,0
2005-03-15,2005-04-28,OPTSTK,HDFC,820.0,PA,0.0,0.0,0.0,81.25,47.75,0,0.0,0
2005-03-15,2005-04-28,OPTSTK,HDFC,840.0,PA,0.0,0.0,0.0,77.95,61.3,0,0.0,0
2005-03-15,2005-04-28,OPTSTK,HDFC,860.0,PA,0.0,0.0,0.0,73.2,76.4,0,0.0,0
2005-03-15,2005-04-28,OPTSTK,HDFC,880.0,PA,0.0,0.0,0.0,85.95,92.75,0,0.0,0
2005-03-15,2005-05-26,OPTSTK,HDFC,700.0,CA,0.0,0.0,0.0,83.95,104.95,0,0.0,0
2005-03-15,2005-05-26,OPTSTK,HDFC,720.0,CA,0.0,0.0,0.0,80.0,89.35,0,0.0,0
2005-03-15,2005-05-26,OPTSTK,HDFC,740.0,CA,0.0,0.0,0.0,67.0,75.0,0,0.0,0
2005-03-15,2005-05-26,OPTSTK,HDFC,760.0,CA,0.0,0.0,0.0,55.4,62.05,0,0.0,0
2005-03-15,2005-05-26,OPTSTK,HDFC,780.0,CA,0.0,0.0,0.0,45.25,50.6,0,0.0,0
2005-03-15,2005-05-26,OPTSTK,HDFC,800.0,CA,0.0,0.0,0.0,36.45,40.7,0,0.0,0
2005-03-15,2005-05-26,OPTSTK,HDFC,820.0,CA,0.0,0.0,0.0,29.0,32.25,0,0.0,0
2005-03-15,2005-05-26,OPTSTK,HDFC,840.0,CA,0.0,0.0,0.0,22.8,25.15,0,0.0,0
2005-03-15,2005-05-26,OPTSTK,HDFC,860.0,CA,0.0,0.0,0.0,26.6,19.35,0,0.0,0
2005-03-15,2005-05-26,OPTSTK,HDFC,880.0,CA,0.0,0.0,0.0,25.85,14.7,0,0.0,0
2005-03-15,2005-05-26,OPTSTK,HDFC,700.0,PA,0.0,0.0,0.0,16.2,8.5,0,0.0,0
2005-03-15,2005-05-26,OPTSTK,HDFC,720.0,PA,0.0,0.0,0.0,18.45,12.65,0,0.0,0
2005-03-15,2005-05-26,OPTSTK,HDFC,740.0,PA,0.0,0.0,0.0,25.15,18.05,0,0.0,0
2005-03-15,2005-05-26,OPTSTK,HDFC,760.0,PA,0.0,0.0,0.0,33.25,24.9,0,0.0,0
2005-03-15,2005-05-26,OPTSTK,HDFC,780.0,PA,0.0,0.0,0.0,42.75,33.2,0,0.0,0
2005-03-15,2005-05-26,OPTSTK,HDFC,800.0,PA,0.0,0.0,0.0,53.7,43.05,0,0.0,0
2005-03-15,2005-05-26,OPTSTK,HDFC,820.0,PA,0.0,0.0,0.0,65.95,54.35,0,0.0,0
2005-03-15,2005-05-26,OPTSTK,HDFC,840.0,PA,0.0,0.0,0.0,79.45,67.05,0,0.0,0
2005-03-15,2005-05-26,OPTSTK,HDFC,860.0,PA,0.0,0.0,0.0,73.0,81.0,0,0.0,0
2005-03-15,2005-05-26,OPTSTK,HDFC,880.0,PA,0.0,0.0,0.0,74.85,96.15,0,0.0,0
2005-03-15,2005-03-31,OPTSTK,HDFCBANK,440.0,CA,0.0,0.0,0.0,72.6,155.0,0,0.0,0
2005-03-15,2005-03-31,OPTSTK,HDFCBANK,450.0,CA,0.0,0.0,0.0,50.9,145.0,0,0.0,0
2005-03-15,2005-03-31,OPTSTK,HDFCBANK,460.0,CA,0.0,0.0,0.0,76.4,135.05,0,0.0,0
2005-03-15,2005-03-31,OPTSTK,HDFCBANK,470.0,CA,0.0,0.0,0.0,42.3,125.05,0,0.0,0
2005-03-15,2005-03-31,OPTSTK,HDFCBANK,480.0,CA,0.0,0.0,0.0,120.0,115.1,0,0.0,0
2005-03-15,2005-03-31,OPTSTK,HDFCBANK,490.0,CA,0.0,0.0,0.0,31.95,105.15,0,0.0,0
2005-03-15,2005-03-31,OPTSTK,HDFCBANK,500.0,CA,0.0,0.0,0.0,10.0,95.2,0,0.0,0
2005-03-15,2005-03-31,OPTSTK,HDFCBANK,510.0,CA,0.0,0.0,0.0,23.55,85.35,0,0.0,0
2005-03-15,2005-03-31,OPTSTK,HDFCBANK,520.0,CA,0.0,0.0,0.0,85.5,75.55,0,0.0,0
2005-03-15,2005-03-31,OPTSTK,HDFCBANK,530.0,CA,0.0,0.0,0.0,75.0,66.0,0,0.0,0
2005-03-15,2005-03-31,OPTSTK,HDFCBANK,540.0,CA,0.0,0.0,0.0,98.0,56.7,0,0.0,0
2005-03-15,2005-03-31,OPTSTK,HDFCBANK,560.0,CA,0.0,0.0,0.0,59.85,39.5,0,0.0,3200
2005-03-15,2005-03-31,OPTSTK,HDFCBANK,580.0,CA,0.0,0.0,0.0,53.9,25.15,0,0.0,11200
2005-03-15,2005-03-31,OPTSTK,HDFCBANK,600.0,CA,0.0,0.0,0.0,35.1,14.45,0,0.0,4800
2005-03-15,2005-03-31,OPTSTK,HDFCBANK,620.0,CA,0.0,0.0,0.0,8.0,7.4,0,0.0,8000
2005-03-15,2005-03-31,OPTSTK,HDFCBANK,640.0,CA,0.0,0.0,0.0,4.0,3.4,0,0.0,4800
2005-03-15,2005-03-31,OPTSTK,HDFCBANK,660.0,CA,0.0,0.0,0.0,4.95,1.4,0,0.0,0
2005-03-15,2005-03-31,OPTSTK,HDFCBANK,680.0,CA,0.0,0.0,0.0,4.1,0.5,0,0.0,0
2005-03-15,2005-03-31,OPTSTK,HDFCBANK,440.0,PA,0.0,0.0,0.0,6.85,0.0,0,0.0,0
2005-03-15,2005-03-31,OPTSTK,HDFCBANK,450.0,PA,0.0,0.0,0.0,12.15,0.0,0,0.0,0
2005-03-15,2005-03-31,OPTSTK,HDFCBANK,460.0,PA,0.0,0.0,0.0,5.5,0.0,0,0.0,0
2005-03-15,2005-03-31,OPTSTK,HDFCBANK,470.0,PA,0.0,0.0,0.0,21.25,0.0,0,0.0,0
2005-03-15,2005-03-31,OPTSTK,HDFCBANK,480.0,PA,0.0,0.0,0.0,9.7,0.05,0,0.0,0
2005-03-15,2005-03-31,OPTSTK,HDFCBANK,490.0,PA,0.0,0.0,0.0,30.6,0.05,0,0.0,0
2005-03-15,2005-03-31,OPTSTK,HDFCBANK,500.0,PA,0.0,0.0,0.0,15.7,0.1,0,0.0,0
2005-03-15,2005-03-31,OPTSTK,HDFCBANK,510.0,PA,0.0,0.0,0.0,41.95,0.2,0,0.0,0
2005-03-15,2005-03-31,OPTSTK,HDFCBANK,520.0,PA,0.0,0.0,0.0,23.8,0.4,0,0.0,0
2005-03-15,2005-03-31,OPTSTK,HDFCBANK,530.0,PA,0.0,0.0,0.0,43.05,0.8,0,0.0,0
2005-03-15,2005-03-31,OPTSTK,HDFCBANK,540.0,PA,0.0,0.0,0.0,18.0,1.5,0,0.0,0
2005-03-15,2005-03-31,OPTSTK,HDFCBANK,560.0,PA,0.0,0.0,0.0,3.5,4.25,0,0.0,1600
2005-03-15,2005-03-31,OPTSTK,HDFCBANK,580.0,PA,0.0,0.0,0.0,3.1,9.85,0,0.0,4800
2005-03-15,2005-03-31,OPTSTK,HDFCBANK,600.0,PA,0.0,0.0,0.0,16.5,19.1,0,0.0,800
2005-03-15,2005-03-31,OPTSTK,HDFCBANK,620.0,PA,0.0,0.0,0.0,5.8,32.0,0,0.0,0
2005-03-15,2005-03-31,OPTSTK,HDFCBANK,640.0,PA,0.0,0.0,0.0,33.0,47.95,0,0.0,4000
2005-03-15,2005-03-31,OPTSTK,HDFCBANK,660.0,PA,0.0,0.0,0.0,61.4,65.9,0,0.0,0
2005-03-15,2005-03-31,OPTSTK,HDFCBANK,680.0,PA,0.0,0.0,0.0,67.55,84.95,0,0.0,0
2005-03-15,2005-04-28,OPTSTK,HDFCBANK,480.0,CA,0.0,0.0,0.0,86.0,118.05,0,0.0,0
2005-03-15,2005-04-28,OPTSTK,HDFCBANK,500.0,CA,0.0,0.0,0.0,73.5,99.2,0,0.0,0
2005-03-15,2005-04-28,OPTSTK,HDFCBANK,520.0,CA,0.0,0.0,0.0,62.3,81.2,0,0.0,0
2005-03-15,2005-04-28,OPTSTK,HDFCBANK,540.0,CA,0.0,0.0,0.0,52.4,64.6,0,0.0,0
2005-03-15,2005-04-28,OPTSTK,HDFCBANK,560.0,CA,0.0,0.0,0.0,43.75,49.75,0,0.0,0
2005-03-15,2005-04-28,OPTSTK,HDFCBANK,580.0,CA,0.0,0.0,0.0,36.25,37.05,0,0.0,0
2005-03-15,2005-04-28,OPTSTK,HDFCBANK,600.0,CA,0.0,0.0,0.0,29.85,26.65,0,0.0,0
2005-03-15,2005-04-28,OPTSTK,HDFCBANK,620.0,CA,0.0,0.0,0.0,31.7,18.5,0,0.0,0
2005-03-15,2005-04-28,OPTSTK,HDFCBANK,640.0,CA,0.0,0.0,0.0,28.85,12.4,0,0.0,0
2005-03-15,2005-04-28,OPTSTK,HDFCBANK,660.0,CA,0.0,0.0,0.0,13.45,8.05,0,0.0,0
2005-03-15,2005-04-28,OPTSTK,HDFCBANK,680.0,CA,0.0,0.0,0.0,12.45,5.05,0,0.0,0
2005-03-15,2005-04-28,OPTSTK,HDFCBANK,480.0,PA,0.0,0.0,0.0,21.6,0.7,0,0.0,0
2005-03-15,2005-04-28,OPTSTK,HDFCBANK,500.0,PA,0.0,0.0,0.0,28.85,1.7,0,0.0,0
2005-03-15,2005-04-28,OPTSTK,HDFCBANK,520.0,PA,0.0,0.0,0.0,37.35,3.6,0,0.0,0
2005-03-15,2005-04-28,OPTSTK,HDFCBANK,540.0,PA,0.0,0.0,0.0,47.2,6.8,0,0.0,0
2005-03-15,2005-04-28,OPTSTK,HDFCBANK,560.0,PA,0.0,0.0,0.0,58.25,11.85,0,0.0,0
2005-03-15,2005-04-28,OPTSTK,HDFCBANK,580.0,PA,0.0,0.0,0.0,70.5,19.0,0,0.0,0
2005-03-15,2005-04-28,OPTSTK,HDFCBANK,600.0,PA,0.0,0.0,0.0,83.8,28.45,0,0.0,0
2005-03-15,2005-04-28,OPTSTK,HDFCBANK,620.0,PA,0.0,0.0,0.0,78.75,40.15,0,0.0,0
2005-03-15,2005-04-28,OPTSTK,HDFCBANK,640.0,PA,0.0,0.0,0.0,86.95,53.9,0,0.0,0
2005-03-15,2005-04-28,OPTSTK,HDFCBANK,660.0,PA,0.0,0.0,0.0,66.75,69.4,0,0.0,0
2005-03-15,2005-04-28,OPTSTK,HDFCBANK,680.0,PA,0.0,0.0,0.0,72.6,86.25,0,0.0,0
2005-03-15,2005-05-26,OPTSTK,HDFCBANK,520.0,CA,0.0,0.0,0.0,79.1,87.2,0,0.0,0
2005-03-15,2005-05-26,OPTSTK,HDFCBANK,540.0,CA,0.0,0.0,0.0,65.8,71.8,0,0.0,0
2005-03-15,2005-05-26,OPTSTK,HDFCBANK,560.0,CA,0.0,0.0,0.0,54.05,57.95,0,0.0,0
2005-03-15,2005-05-26,OPTSTK,HDFCBANK,580.0,CA,0.0,0.0,0.0,43.8,45.9,0,0.0,0
2005-03-15,2005-05-26,OPTSTK,HDFCBANK,600.0,CA,0.0,0.0,0.0,35.05,35.6,0,0.0,0
2005-03-15,2005-05-26,OPTSTK,HDFCBANK,620.0,CA,0.0,0.0,0.0,27.7,27.1,0,0.0,0
2005-03-15,2005-05-26,OPTSTK,HDFCBANK,640.0,CA,0.0,0.0,0.0,21.6,20.2,0,0.0,0
2005-03-15,2005-05-26,OPTSTK,HDFCBANK,660.0,CA,0.0,0.0,0.0,21.15,14.85,0,0.0,0
2005-03-15,2005-05-26,OPTSTK,HDFCBANK,680.0,CA,0.0,0.0,0.0,20.15,10.65,0,0.0,0
2005-03-15,2005-05-26,OPTSTK,HDFCBANK,520.0,PA,0.0,0.0,0.0,15.35,7.2,0,0.0,0
2005-03-15,2005-05-26,OPTSTK,HDFCBANK,540.0,PA,0.0,0.0,0.0,21.75,11.55,0,0.0,0
2005-03-15,2005-05-26,OPTSTK,HDFCBANK,560.0,PA,0.0,0.0,0.0,29.7,17.5,0,0.0,0
2005-03-15,2005-05-26,OPTSTK,HDFCBANK,580.0,PA,0.0,0.0,0.0,39.15,25.15,0,0.0,0
2005-03-15,2005-05-26,OPTSTK,HDFCBANK,600.0,PA,0.0,0.0,0.0,50.1,34.65,0,0.0,0
2005-03-15,2005-05-26,OPTSTK,HDFCBANK,620.0,PA,0.0,0.0,0.0,62.45,45.9,0,0.0,0
2005-03-15,2005-05-26,OPTSTK,HDFCBANK,640.0,PA,0.0,0.0,0.0,76.05,58.8,0,0.0,0
2005-03-15,2005-05-26,OPTSTK,HDFCBANK,660.0,PA,0.0,0.0,0.0,71.4,73.2,0,0.0,0
2005-03-15,2005-05-26,OPTSTK,HDFCBANK,680.0,PA,0.0,0.0,0.0,77.2,88.8,0,0.0,0
2005-03-15,2005-03-31,OPTSTK,HEROHONDA,460.0,CA,0.0,0.0,0.0,30.0,105.15,0,0.0,0
2005-03-15,2005-03-31,OPTSTK,HEROHONDA,480.0,CA,0.0,0.0,0.0,79.3,85.4,0,0.0,0
2005-03-15,2005-03-31,OPTSTK,HEROHONDA,500.0,CA,0.0,0.0,0.0,91.55,66.15,0,0.0,0
2005-03-15,2005-03-31,OPTSTK,HEROHONDA,520.0,CA,0.0,0.0,0.0,31.5,48.1,0,0.0,0
2005-03-15,2005-03-31,OPTSTK,HEROHONDA,540.0,CA,0.0,0.0,0.0,40.0,32.35,0,0.0,6800
2005-03-15,2005-03-31,OPTSTK,HEROHONDA,560.0,CA,17.95,17.95,17.95,17.95,17.95,1,2.31,17200
2005-03-15,2005-03-31,OPTSTK,HEROHONDA,580.0,CA,5.5,5.5,5.2,5.2,5.2,15,35.12,12800
2005-03-15,2005-03-31,OPTSTK,HEROHONDA,600.0,CA,0.0,0.0,0.0,5.0,5.5,0,0.0,0
2005-03-15,2005-03-31,OPTSTK,HEROHONDA,620.0,CA,0.0,0.0,0.0,29.9,2.45,0,0.0,0
2005-03-15,2005-03-31,OPTSTK,HEROHONDA,640.0,CA,0.0,0.0,0.0,23.65,1.0,0,0.0,0
2005-03-15,2005-03-31,OPTSTK,HEROHONDA,660.0,CA,0.0,0.0,0.0,33.15,0.4,0,0.0,0
2005-03-15,2005-03-31,OPTSTK,HEROHONDA,680.0,CA,0.0,0.0,0.0,30.3,0.15,0,0.0,0
2005-03-15,2005-03-31,OPTSTK,HEROHONDA,460.0,PA,0.0,0.0,0.0,22.1,0.05,0,0.0,0
2005-03-15,2005-03-31,OPTSTK,HEROHONDA,480.0,PA,0.0,0.0,0.0,29.25,0.25,0,0.0,0
2005-03-15,2005-03-31,OPTSTK,HEROHONDA,500.0,PA,0.0,0.0,0.0,5.0,0.9,0,0.0,400
2005-03-15,2005-03-31,OPTSTK,HEROHONDA,520.0,PA,0.0,0.0,0.0,5.0,2.85,0,0.0,0
2005-03-15,2005-03-31,OPTSTK,HEROHONDA,540.0,PA,9.0,9.0,9.0,9.0,9.0,1,2.19,2000
2005-03-15,2005-03-31,OPTSTK,HEROHONDA,560.0,PA,0.0,0.0,0.0,8.0,14.5,0,0.0,400
2005-03-15,2005-03-31,OPTSTK,HEROHONDA,580.0,PA,0.0,0.0,0.0,15.25,25.6,0,0.0,0
2005-03-15,2005-03-31,OPTSTK,HEROHONDA,600.0,PA,0.0,0.0,0.0,26.4,40.05,0,0.0,0
2005-03-15,2005-03-31,OPTSTK,HEROHONDA,620.0,PA,0.0,0.0,0.0,72.0,56.95,0,0.0,0
2005-03-15,2005-03-31,OPTSTK,HEROHONDA,640.0,PA,0.0,0.0,0.0,82.4,75.45,0,0.0,0
2005-03-15,2005-03-31,OPTSTK,HEROHONDA,660.0,PA,0.0,0.0,0.0,83.3,94.8,0,0.0,0
2005-03-15,2005-03-31,OPTSTK,HEROHONDA,680.0,PA,0.0,0.0,0.0,89.55,114.5,0,0.0,0
2005-03-15,2005-04-28,OPTSTK,HEROHONDA,460.0,CA,0.0,0.0,0.0,94.25,108.55,0,0.0,0
2005-03-15,2005-04-28,OPTSTK,HEROHONDA,480.0,CA,0.0,0.0,0.0,93.2,90.2,0,0.0,0
2005-03-15,2005-04-28,OPTSTK,HEROHONDA,500.0,CA,0.0,0.0,0.0,81.1,73.05,0,0.0,0
2005-03-15,2005-04-28,OPTSTK,HEROHONDA,520.0,CA,0.0,0.0,0.0,70.15,57.45,0,0.0,0
2005-03-15,2005-04-28,OPTSTK,HEROHONDA,540.0,CA,0.0,0.0,0.0,60.35,43.8,0,0.0,0
2005-03-15,2005-04-28,OPTSTK,HEROHONDA,560.0,CA,0.0,0.0,0.0,51.65,32.35,0,0.0,0
2005-03-15,2005-04-28,OPTSTK,HEROHONDA,580.0,CA,0.0,0.0,0.0,44.0,23.1,0,0.0,0
2005-03-15,2005-04-28,OPTSTK,HEROHONDA,600.0,CA,0.0,0.0,0.0,37.3,16.0,0,0.0,0
2005-03-15,2005-04-28,OPTSTK,HEROHONDA,620.0,CA,0.0,0.0,0.0,19.65,10.75,0,0.0,0
2005-03-15,2005-04-28,OPTSTK,HEROHONDA,640.0,CA,0.0,0.0,0.0,9.45,6.95,0,0.0,0
2005-03-15,2005-04-28,OPTSTK,HEROHONDA,460.0,PA,0.0,0.0,0.0,18.25,1.25,0,0.0,0
2005-03-15,2005-04-28,OPTSTK,HEROHONDA,480.0,PA,0.0,0.0,0.0,26.45,2.75,0,0.0,0
2005-03-15,2005-04-28,OPTSTK,HEROHONDA,500.0,PA,0.0,0.0,0.0,34.1,5.45,0,0.0,0
2005-03-15,2005-04-28,OPTSTK,HEROHONDA,520.0,PA,0.0,0.0,0.0,42.85,9.7,0,0.0,0
2005-03-15,2005-04-28,OPTSTK,HEROHONDA,540.0,PA,0.0,0.0,0.0,52.8,15.9,0,0.0,0
2005-03-15,2005-04-28,OPTSTK,HEROHONDA,560.0,PA,0.0,0.0,0.0,63.8,24.3,0,0.0,0
2005-03-15,2005-04-28,OPTSTK,HEROHONDA,580.0,PA,0.0,0.0,0.0,75.85,34.95,0,0.0,0
2005-03-15,2005-04-28,OPTSTK,HEROHONDA,600.0,PA,0.0,0.0,0.0,88.9,47.65,0,0.0,0
2005-03-15,2005-04-28,OPTSTK,HEROHONDA,620.0,PA,0.0,0.0,0.0,81.75,62.3,0,0.0,0
2005-03-15,2005-04-28,OPTSTK,HEROHONDA,640.0,PA,0.0,0.0,0.0,69.95,78.35,0,0.0,0
2005-03-15,2005-05-26,OPTSTK,HEROHONDA,460.0,CA,0.0,0.0,0.0,80.0,112.85,0,0.0,0
2005-03-15,2005-05-26,OPTSTK,HEROHONDA,480.0,CA,0.0,0.0,0.0,78.3,95.65,0,0.0,0
2005-03-15,2005-05-26,OPTSTK,HEROHONDA,500.0,CA,0.0,0.0,0.0,64.8,79.75,0,0.0,0
2005-03-15,2005-05-26,OPTSTK,HEROHONDA,520.0,CA,0.0,0.0,0.0,52.9,65.25,0,0.0,0
2005-03-15,2005-05-26,OPTSTK,HEROHONDA,540.0,CA,0.0,0.0,0.0,42.6,52.5,0,0.0,0
2005-03-15,2005-05-26,OPTSTK,HEROHONDA,560.0,CA,0.0,0.0,0.0,33.85,41.4,0,0.0,0
2005-03-15,2005-05-26,OPTSTK,HEROHONDA,580.0,CA,0.0,0.0,0.0,26.55,32.1,0,0.0,0
2005-03-15,2005-05-26,OPTSTK,HEROHONDA,600.0,CA,0.0,0.0,0.0,20.55,24.45,0,0.0,0
2005-03-15,2005-05-26,OPTSTK,HEROHONDA,620.0,CA,0.0,0.0,0.0,22.4,18.3,0,0.0,0
2005-03-15,2005-05-26,OPTSTK,HEROHONDA,640.0,CA,0.0,0.0,0.0,16.75,13.5,0,0.0,0
2005-03-15,2005-05-26,OPTSTK,HEROHONDA,460.0,PA,0.0,0.0,0.0,13.9,3.45,0,0.0,0
2005-03-15,2005-05-26,OPTSTK,HEROHONDA,480.0,PA,0.0,0.0,0.0,14.05,6.05,0,0.0,0
2005-03-15,2005-05-26,OPTSTK,HEROHONDA,500.0,PA,0.0,0.0,0.0,20.25,9.85,0,0.0,0
2005-03-15,2005-05-26,OPTSTK,HEROHONDA,520.0,PA,0.0,0.0,0.0,28.1,15.15,0,0.0,0
2005-03-15,2005-05-26,OPTSTK,HEROHONDA,540.0,PA,0.0,0.0,0.0,37.5,22.15,0,0.0,0
2005-03-15,2005-05-26,OPTSTK,HEROHONDA,560.0,PA,0.0,0.0,0.0,48.4,30.85,0,0.0,0
2005-03-15,2005-05-26,OPTSTK,HEROHONDA,580.0,PA,0.0,0.0,0.0,60.8,41.3,0,0.0,0
2005-03-15,2005-05-26,OPTSTK,HEROHONDA,600.0,PA,0.0,0.0,0.0,74.55,53.4,0,0.0,0
2005-03-15,2005-05-26,OPTSTK,HEROHONDA,620.0,PA,0.0,0.0,0.0,83.55,67.0,0,0.0,0
2005-03-15,2005-05-26,OPTSTK,HEROHONDA,640.0,PA,0.0,0.0,0.0,74.4,82.0,0,0.0,0
2005-03-15,2005-03-31,OPTSTK,HINDALC0,1140.0,CA,0.0,0.0,0.0,155.6,302.0,0,0.0,0
2005-03-15,2005-03-31,OPTSTK,HINDALC0,1170.0,CA,0.0,0.0,0.0,143.75,272.1,0,0.0,0
2005-03-15,2005-03-31,OPTSTK,HINDALC0,1200.0,CA,0.0,0.0,0.0,156.1,242.2,0,0.0,0
2005-03-15,2005-03-31,OPTSTK,HINDALC0,1230.0,CA,0.0,0.0,0.0,159.35,212.3,0,0.0,0
2005-03-15,2005-03-31,OPTSTK,HINDALC0,1260.0,CA,0.0,0.0,0.0,140.7,182.55,0,0.0,0
2005-03-15,2005-03-31,OPTSTK,HINDALC0,1290.0,CA,0.0,0.0,0.0,97.5,153.2,0,0.0,0
2005-03-15,2005-03-31,OPTSTK,HINDALC0,1320.0,CA,0.0,0.0,0.0,20.0,124.6,0,0.0,600
2005-03-15,2005-03-31,OPTSTK,HINDALC0,1350.0,CA,0.0,0.0,0.0,161.95,97.55,0,0.0,0
2005-03-15,2005-03-31,OPTSTK,HINDALC0,1380.0,CA,0.0,0.0,0.0,70.0,72.95,0,0.0,1800
2005-03-15,2005-03-31,OPTSTK,HINDALC0,1410.0,CA,50.0,50.0,28.0,28.0,28.0,8,34.77,2100
2005-03-15,2005-03-31,OPTSTK,HINDALC0,1440.0,CA,30.0,30.0,15.0,15.0,15.0,8,35.1,1800
2005-03-15,2005-03-31,OPTSTK,HINDALC0,1470.0,CA,0.0,0.0,0.0,94.65,21.65,0,0.0,0
2005-03-15,2005-03-31,OPTSTK,HINDALC0,1500.0,CA,0.0,0.0,0.0,81.55,12.75,0,0.0,0
2005-03-15,2005-03-31,OPTSTK,HINDALC0,1530.0,CA,0.0,0.0,0.0,69.85,6.95,0,0.0,0
2005-03-15,2005-03-31,OPTSTK,HINDALC0,1560.0,CA,0.0,0.0,0.0,5.8,3.55,0,0.0,0
2005-03-15,2005-03-31,OPTSTK,HINDALC0,1140.0,PA,0.0,0.0,0.0,41.55,0.0,0,0.0,0
2005-03-15,2005-03-31,OPTSTK,HINDALC0,1170.0,PA,0.0,0.0,0.0,53.25,0.0,0,0.0,0
2005-03-15,2005-03-31,OPTSTK,HINDALC0,1200.0,PA,0.0,0.0,0.0,39.25,0.05,0,0.0,0
2005-03-15,2005-03-31,OPTSTK,HINDALC0,1230.0,PA,0.0,0.0,0.0,46.8,0.1,0,0.0,0
2005-03-15,2005-03-31,OPTSTK,HINDALC0,1260.0,PA,0.0,0.0,0.0,57.8,0.25,0,0.0,0
2005-03-15,2005-03-31,OPTSTK,HINDALC0,1290.0,PA,0.0,0.0,0.0,53.85,0.8,0,0.0,0
2005-03-15,2005-03-31,OPTSTK,HINDALC0,1320.0,PA,0.0,0.0,0.0,41.0,2.15,0,0.0,0
2005-03-15,2005-03-31,OPTSTK,HINDALC0,1350.0,PA,0.0,0.0,0.0,43.4,5.05,0,0.0,0
2005-03-15,2005-03-31,OPTSTK,HINDALC0,1380.0,PA,0.0,0.0,0.0,53.85,10.35,0,0.0,0
2005-03-15,2005-03-31,OPTSTK,HINDALC0,1410.0,PA,0.0,0.0,0.0,65.85,19.05,0,0.0,0
2005-03-15,2005-03-31,OPTSTK,HINDALC0,1440.0,PA,0.0,0.0,0.0,79.35,31.85,0,0.0,0
2005-03-15,2005-03-31,OPTSTK,HINDALC0,1470.0,PA,0.0,0.0,0.0,19.25,48.85,0,0.0,0
2005-03-15,2005-03-31,OPTSTK,HINDALC0,1500.0,PA,0.0,0.0,0.0,18.6,69.9,0,0.0,0
2005-03-15,2005-03-31,OPTSTK,HINDALC0,1530.0,PA,0.0,0.0,0.0,24.0,94.0,0,0.0,0
2005-03-15,2005-03-31,OPTSTK,HINDALC0,1560.0,PA,0.0,0.0,0.0,106.5,120.55,0,0.0,0
2005-03-15,2005-04-28,OPTSTK,HINDALC0,1170.0,CA,0.0,0.0,0.0,156.25,278.25,0,0.0,0
2005-03-15,2005-04-28,OPTSTK,HINDALC0,1200.0,CA,0.0,0.0,0.0,198.5,249.05,0,0.0,0
2005-03-15,2005-04-28,OPTSTK,HINDALC0,1230.0,CA,0.0,0.0,0.0,119.6,220.4,0,0.0,0
2005-03-15,2005-04-28,OPTSTK,HINDALC0,1260.0,CA,0.0,0.0,0.0,65.0,192.45,0,0.0,0
2005-03-15,2005-04-28,OPTSTK,HINDALC0,1290.0,CA,0.0,0.0,0.0,65.5,165.6,0,0.0,0
2005-03-15,2005-04-28,OPTSTK,HINDALC0,1320.0,CA,0.0,0.0,0.0,76.4,140.25,0,0.0,0
2005-03-15,2005-04-28,OPTSTK,HINDALC0,1350.0,CA,0.0,0.0,0.0,65.0,116.7,0,0.0,0
2005-03-15,2005-04-28,OPTSTK,HINDALC0,1380.0,CA,0.0,0.0,0.0,60.95,95.25,0,0.0,0
2005-03-15,2005-04-28,OPTSTK,HINDALC0,1410.0,CA,0.0,0.0,0.0,65.6,76.25,0,0.0,0
2005-03-15,2005-04-28,OPTSTK,HINDALC0,1440.0,CA,0.0,0.0,0.0,68.95,59.8,0,0.0,0
2005-03-15,2005-04-28,OPTSTK,HINDALC0,1470.0,CA,0.0,0.0,0.0,58.55,45.95,0,0.0,0
2005-03-15,2005-04-28,OPTSTK,HINDALC0,1500.0,CA,0.0,0.0,0.0,30.0,34.55,0,0.0,0
2005-03-15,2005-04-28,OPTSTK,HINDALC0,1530.0,CA,0.0,0.0,0.0,39.05,25.4,0,0.0,0
2005-03-15,2005-04-28,OPTSTK,HINDALC0,1560.0,CA,0.0,0.0,0.0,22.8,18.35,0,0.0,0
2005-03-15,2005-04-28,OPTSTK,HINDALC0,1170.0,PA,0.0,0.0,0.0,40.35,0.55,0,0.0,0
2005-03-15,2005-04-28,OPTSTK,HINDALC0,1200.0,PA,0.0,0.0,0.0,50.85,1.2,0,0.0,0
2005-03-15,2005-04-28,OPTSTK,HINDALC0,1230.0,PA,0.0,0.0,0.0,62.85,2.3,0,0.0,0
2005-03-15,2005-04-28,OPTSTK,HINDALC0,1260.0,PA,0.0,0.0,0.0,76.5,4.15,0,0.0,0
2005-03-15,2005-04-28,OPTSTK,HINDALC0,1290.0,PA,0.0,0.0,0.0,91.7,7.1,0,0.0,0
2005-03-15,2005-04-28,OPTSTK,HINDALC0,1320.0,PA,0.0,0.0,0.0,108.4,11.5,0,0.0,0
2005-03-15,2005-04-28,OPTSTK,HINDALC0,1350.0,PA,0.0,0.0,0.0,126.6,17.7,0,0.0,0
2005-03-15,2005-04-28,OPTSTK,HINDALC0,1380.0,PA,0.0,0.0,0.0,133.4,26.1,0,0.0,0
2005-03-15,2005-04-28,OPTSTK,HINDALC0,1410.0,PA,0.0,0.0,0.0,125.9,36.85,0,0.0,0
2005-03-15,2005-04-28,OPTSTK,HINDALC0,1440.0,PA,0.0,0.0,0.0,124.85,50.2,0,0.0,0
2005-03-15,2005-04-28,OPTSTK,HINDALC0,1470.0,PA,0.0,0.0,0.0,144.05,66.1,0,0.0,0
2005-03-15,2005-04-28,OPTSTK,HINDALC0,1500.0,PA,0.0,0.0,0.0,113.3,84.5,0,0.0,0
2005-03-15,2005-04-28,OPTSTK,HINDALC0,1530.0,PA,0.0,0.0,0.0,101.6,105.15,0,0.0,0
2005-03-15,2005-04-28,OPTSTK,HINDALC0,1560.0,PA,0.0,0.0,0.0,116.0,127.85,0,0.0,0
2005-03-15,2005-05-26,OPTSTK,HINDALC0,1260.0,CA,0.0,0.0,0.0,138.45,203.7,0,0.0,0
2005-03-15,2005-05-26,OPTSTK,HINDALC0,1290.0,CA,0.0,0.0,0.0,133.0,178.6,0,0.0,0
2005-03-15,2005-05-26,OPTSTK,HINDALC0,1320.0,CA,0.0,0.0,0.0,113.05,154.95,0,0.0,0
2005-03-15,2005-05-26,OPTSTK,HINDALC0,1350.0,CA,0.0,0.0,0.0,95.1,133.0,0,0.0,0
2005-03-15,2005-05-26,OPTSTK,HINDALC0,1380.0,CA,0.0,0.0,0.0,79.1,112.8,0,0.0,0
2005-03-15,2005-05-26,OPTSTK,HINDALC0,1410.0,CA,0.0,0.0,0.0,65.05,94.6,0,0.0,0
2005-03-15,2005-05-26,OPTSTK,HINDALC0,1440.0,CA,0.0,0.0,0.0,52.9,78.4,0,0.0,0
2005-03-15,2005-05-26,OPTSTK,HINDALC0,1470.0,CA,0.0,0.0,0.0,42.55,64.2,0,0.0,0
2005-03-15,2005-05-26,OPTSTK,HINDALC0,1500.0,CA,0.0,0.0,0.0,45.0,51.95,0,0.0,0
2005-03-15,2005-05-26,OPTSTK,HINDALC0,1530.0,CA,0.0,0.0,0.0,56.65,41.55,0,0.0,0
2005-03-15,2005-05-26,OPTSTK,HINDALC0,1560.0,CA,0.0,0.0,0.0,38.2,32.85,0,0.0,0
2005-03-15,2005-05-26,OPTSTK,HINDALC0,1260.0,PA,0.0,0.0,0.0,30.15,9.65,0,0.0,0
2005-03-15,2005-05-26,OPTSTK,HINDALC0,1290.0,PA,0.0,0.0,0.0,29.05,14.2,0,0.0,0
2005-03-15,2005-05-26,OPTSTK,HINDALC0,1320.0,PA,0.0,0.0,0.0,38.65,20.2,0,0.0,0
2005-03-15,2005-05-26,OPTSTK,HINDALC0,1350.0,PA,0.0,0.0,0.0,50.25,27.9,0,0.0,0
2005-03-15,2005-05-26,OPTSTK,HINDALC0,1380.0,PA,0.0,0.0,0.0,63.8,37.35,0,0.0,0
2005-03-15,2005-05-26,OPTSTK,HINDALC0,1410.0,PA,0.0,0.0,0.0,79.3,48.8,0,0.0,0
2005-03-15,2005-05-26,OPTSTK,HINDALC0,1440.0,PA,0.0,0.0,0.0,96.7,62.25,0,0.0,0
2005-03-15,2005-05-26,OPTSTK,HINDALC0,1470.0,PA,0.0,0.0,0.0,115.9,77.7,0,0.0,0
2005-03-15,2005-05-26,OPTSTK,HINDALC0,1500.0,PA,0.0,0.0,0.0,121.5,95.1,0,0.0,0
2005-03-15,2005-05-26,OPTSTK,HINDALC0,1530.0,PA,0.0,0.0,0.0,112.3,114.35,0,0.0,0
2005-03-15,2005-05-26,OPTSTK,HINDALC0,1560.0,PA,0.0,0.0,0.0,124.4,135.25,0,0.0,0
2005-03-15,2005-03-31,OPTSTK,HINDLEVER,125.0,CA,27.0,27.0,13.0,14.0,14.0,40,115.62,10000
2005-03-15,2005-03-31,OPTSTK,HINDLEVER,130.0,CA,25.0,25.0,6.5,8.5,8.5,15,43.19,20000
2005-03-15,2005-03-31,OPTSTK,HINDLEVER,135.0,CA,6.8,6.8,4.4,4.65,4.65,37,103.8,68000
2005-03-15,2005-03-31,OPTSTK,HINDLEVER,140.0,CA,4.05,4.15,2.55,2.8,2.8,168,481.08,526000
2005-03-15,2005-03-31,OPTSTK,HINDLEVER,145.0,CA,2.1,2.3,1.25,1.45,1.45,63,184.82,546000
2005-03-15,2005-03-31,OPTSTK,HINDLEVER,150.0,CA,1.3,1.3,0.75,0.8,0.8,50,150.96,962000
2005-03-15,2005-03-31,OPTSTK,HINDLEVER,155.0,CA,0.55,0.7,0.4,0.4,0.4,16,49.75,224000
2005-03-15,2005-03-31,OPTSTK,HINDLEVER,160.0,CA,0.35,0.35,0.3,0.35,0.35,11,35.26,342000
2005-03-15,2005-03-31,OPTSTK,HINDLEVER,165.0,CA,0.2,0.2,0.2,0.2,0.2,6,19.82,48000
2005-03-15,2005-03-31,OPTSTK,HINDLEVER,170.0,CA,0.0,0.0,0.0,0.35,0.05,0,0.0,32000
2005-03-15,2005-03-31,OPTSTK,HINDLEVER,175.0,CA,0.0,0.0,0.0,2.55,0.0,0,0.0,0
2005-03-15,2005-03-31,OPTSTK,HINDLEVER,180.0,CA,0.0,0.0,0.0,0.5,0.0,0,0.0,6000
2005-03-15,2005-03-31,OPTSTK,HINDLEVER,185.0,CA,0.0,0.0,0.0,5.45,0.0,0,0.0,0
2005-03-15,2005-03-31,OPTSTK,HINDLEVER,125.0,PA,0.5,0.5,0.5,0.5,0.5,1,2.51,2000
2005-03-15,2005-03-31,OPTSTK,HINDLEVER,130.0,PA,1.25,2.1,1.25,2.1,2.1,2,5.26,48000
2005-03-15,2005-03-31,OPTSTK,HINDLEVER,135.0,PA,1.8,3.0,1.8,2.95,2.95,25,68.75,106000
2005-03-15,2005-03-31,OPTSTK,HINDLEVER,140.0,PA,4.2,6.0,3.9,5.75,5.75,34,98.47,316000
2005-03-15,2005-03-31,OPTSTK,HINDLEVER,145.0,PA,8.8,9.95,8.8,9.9,9.9,3,9.27,102000
2005-03-15,2005-03-31,OPTSTK,HINDLEVER,150.0,PA,12.9,13.25,12.9,13.25,13.25,2,6.52,88000
2005-03-15,2005-03-31,OPTSTK,HINDLEVER,155.0,PA,0.0,0.0,0.0,16.4,19.1,0,0.0,16000
2005-03-15,2005-03-31,OPTSTK,HINDLEVER,160.0,PA,0.0,0.0,0.0,20.75,23.95,0,0.0,2000
2005-03-15,2005-03-31,OPTSTK,HINDLEVER,165.0,PA,0.0,0.0,0.0,21.0,28.85,0,0.0,2000
2005-03-15,2005-03-31,OPTSTK,HINDLEVER,170.0,PA,0.0,0.0,0.0,11.15,33.8,0,0.0,0
2005-03-15,2005-03-31,OPTSTK,HINDLEVER,175.0,PA,0.0,0.0,0.0,16.15,38.8,0,0.0,0
2005-03-15,2005-03-31,OPTSTK,HINDLEVER,180.0,PA,0.0,0.0,0.0,16.9,43.8,0,0.0,0
2005-03-15,2005-03-31,OPTSTK,HINDLEVER,185.0,PA,0.0,0.0,0.0,20.4,48.75,0,0.0,0
2005-03-15,2005-04-28,OPTSTK,HINDLEVER,125.0,CA,0.0,0.0,0.0,19.5,14.3,0,0.0,0
2005-03-15,2005-04-28,OPTSTK,HINDLEVER,130.0,CA,0.0,0.0,0.0,20.35,10.95,0,0.0,0
2005-03-15,2005-04-28,OPTSTK,HINDLEVER,135.0,CA,0.0,0.0,0.0,7.35,8.15,0,0.0,0
2005-03-15,2005-04-28,OPTSTK,HINDLEVER,140.0,CA,0.0,0.0,0.0,16.7,5.85,0,0.0,0
2005-03-15,2005-04-28,OPTSTK,HINDLEVER,145.0,CA,4.0,4.0,4.0,4.0,4.0,1,2.98,6000
2005-03-15,2005-04-28,OPTSTK,HINDLEVER,150.0,CA,0.0,0.0,0.0,4.8,2.8,0,0.0,6000
2005-03-15,2005-04-28,OPTSTK,HINDLEVER,155.0,CA,0.0,0.0,0.0,8.0,1.85,0,0.0,0
2005-03-15,2005-04-28,OPTSTK,HINDLEVER,160.0,CA,0.0,0.0,0.0,6.0,1.2,0,0.0,0
2005-03-15,2005-04-28,OPTSTK,HINDLEVER,165.0,CA,0.0,0.0,0.0,4.4,0.75,0,0.0,0
2005-03-15,2005-04-28,OPTSTK,HINDLEVER,170.0,CA,0.0,0.0,0.0,3.45,0.45,0,0.0,0
2005-03-15,2005-04-28,OPTSTK,HINDLEVER,175.0,CA,0.0,0.0,0.0,4.0,0.3,0,0.0,0
2005-03-15,2005-04-28,OPTSTK,HINDLEVER,180.0,CA,0.0,0.0,0.0,9.5,0.2,0,0.0,0
2005-03-15,2005-04-28,OPTSTK,HINDLEVER,185.0,CA,0.0,0.0,0.0,7.9,0.1,0,0.0,0
2005-03-15,2005-04-28,OPTSTK,HINDLEVER,125.0,PA,0.0,0.0,0.0,2.7,2.6,0,0.0,0
2005-03-15,2005-04-28,OPTSTK,HINDLEVER,130.0,PA,0.0,0.0,0.0,4.95,4.25,0,0.0,0
2005-03-15,2005-04-28,OPTSTK,HINDLEVER,135.0,PA,0.0,0.0,0.0,1.95,6.35,0,0.0,0
2005-03-15,2005-04-28,OPTSTK,HINDLEVER,140.0,PA,7.45,7.45,7.45,7.45,7.45,5,14.74,0
2005-03-15,2005-04-28,OPTSTK,HINDLEVER,145.0,PA,0.0,0.0,0.0,4.7,12.25,0,0.0,0
2005-03-15,2005-04-28,OPTSTK,HINDLEVER,150.0,PA,0.0,0.0,0.0,6.7,15.9,0,0.0,0
2005-03-15,2005-04-28,OPTSTK,HINDLEVER,155.0,PA,0.0,0.0,0.0,9.2,19.95,0,0.0,0
2005-03-15,2005-04-28,OPTSTK,HINDLEVER,160.0,PA,0.0,0.0,0.0,12.15,24.25,0,0.0,0
2005-03-15,2005-04-28,OPTSTK,HINDLEVER,165.0,PA,0.0,0.0,0.0,15.5,28.75,0,0.0,0
2005-03-15,2005-04-28,OPTSTK,HINDLEVER,170.0,PA,0.0,0.0,0.0,17.9,33.45,0,0.0,0
2005-03-15,2005-04-28,OPTSTK,HINDLEVER,175.0,PA,0.0,0.0,0.0,16.85,38.25,0,0.0,0
2005-03-15,2005-04-28,OPTSTK,HINDLEVER,180.0,PA,0.0,0.0,0.0,18.7,43.1,0,0.0,0
2005-03-15,2005-04-28,OPTSTK,HINDLEVER,185.0,PA,0.0,0.0,0.0,22.0,48.0,0,0.0,0
2005-03-15,2005-05-26,OPTSTK,HINDLEVER,125.0,CA,0.0,0.0,0.0,21.25,16.3,0,0.0,0
2005-03-15,2005-05-26,OPTSTK,HINDLEVER,130.0,CA,0.0,0.0,0.0,19.7,13.15,0,0.0,0
2005-03-15,2005-05-26,OPTSTK,HINDLEVER,135.0,CA,0.0,0.0,0.0,16.55,10.45,0,0.0,0
2005-03-15,2005-05-26,OPTSTK,HINDLEVER,140.0,CA,0.0,0.0,0.0,24.0,8.15,0,0.0,0
2005-03-15,2005-05-26,OPTSTK,HINDLEVER,145.0,CA,0.0,0.0,0.0,11.35,6.25,0,0.0,0
2005-03-15,2005-05-26,OPTSTK,HINDLEVER,150.0,CA,0.0,0.0,0.0,9.25,4.75,0,0.0,0
2005-03-15,2005-05-26,OPTSTK,HINDLEVER,155.0,CA,0.0,0.0,0.0,7.5,3.55,0,0.0,0
2005-03-15,2005-05-26,OPTSTK,HINDLEVER,160.0,CA,0.0,0.0,0.0,6.0,2.6,0,0.0,0
2005-03-15,2005-05-26,OPTSTK,HINDLEVER,165.0,CA,0.0,0.0,0.0,6.4,1.9,0,0.0,0
2005-03-15,2005-05-26,OPTSTK,HINDLEVER,125.0,PA,0.0,0.0,0.0,3.9,4.05,0,0.0,0
2005-03-15,2005-05-26,OPTSTK,HINDLEVER,130.0,PA,0.0,0.0,0.0,5.0,5.85,0,0.0,0
2005-03-15,2005-05-26,OPTSTK,HINDLEVER,135.0,PA,0.0,0.0,0.0,6.8,8.05,0,0.0,0
2005-03-15,2005-05-26,OPTSTK,HINDLEVER,140.0,PA,0.0,0.0,0.0,8.95,10.7,0,0.0,0
2005-03-15,2005-05-26,OPTSTK,HINDLEVER,145.0,PA,0.0,0.0,0.0,11.45,13.75,0,0.0,0
2005-03-15,2005-05-26,OPTSTK,HINDLEVER,150.0,PA,0.0,0.0,0.0,14.3,17.15,0,0.0,0
2005-03-15,2005-05-26,OPTSTK,HINDLEVER,155.0,PA,0.0,0.0,0.0,17.45,20.9,0,0.0,0
2005-03-15,2005-05-26,OPTSTK,HINDLEVER,160.0,PA,0.0,0.0,0.0,20.85,24.9,0,0.0,0
2005-03-15,2005-05-26,OPTSTK,HINDLEVER,165.0,PA,0.0,0.0,0.0,18.85,29.15,0,0.0,0
2005-03-15,2005-03-31,OPTSTK,HINDPETRO,300.0,CA,0.0,0.0,0.0,40.15,34.25,0,0.0,0
2005-03-15,2005-03-31,OPTSTK,HINDPETRO,310.0,CA,0.0,0.0,0.0,11.0,25.15,0,0.0,0
2005-03-15,2005-03-31,OPTSTK,HINDPETRO,320.0,CA,0.0,0.0,0.0,47.45,17.15,0,0.0,0
2005-03-15,2005-03-31,OPTSTK,HINDPETRO,330.0,CA,12.2,12.25,9.4,11.0,11.0,16,35.46,22100
2005-03-15,2005-03-31,OPTSTK,HINDPETRO,340.0,CA,7.65,9.8,6.4,6.95,6.95,62,139.92,182650
2005-03-15,2005-03-31,OPTSTK,HINDPETRO,350.0,CA,5.0,5.95,3.5,4.25,4.25,78,179.73,274300
2005-03-15,2005-03-31,OPTSTK,HINDPETRO,360.0,CA,2.2,2.9,2.0,2.85,2.85,21,49.46,139750
2005-03-15,2005-03-31,OPTSTK,HINDPETRO,370.0,CA,1.35,1.95,1.35,1.95,1.95,5,12.07,65000
2005-03-15,2005-03-31,OPTSTK,HINDPETRO,380.0,CA,1.1,1.1,0.8,0.8,0.8,2,4.95,40300
2005-03-15,2005-03-31,OPTSTK,HINDPETRO,390.0,CA,0.0,0.0,0.0,4.5,0.1,0,0.0,7150
2005-03-15,2005-03-31,OPTSTK,HINDPETRO,400.0,CA,0.0,0.0,0.0,3.75,0.05,0,0.0,650
2005-03-15,2005-03-31,OPTSTK,HINDPETRO,410.0,CA,0.0,0.0,0.0,30.5,0.0,0,0.0,0
2005-03-15,2005-03-31,OPTSTK,HINDPETRO,420.0,CA,0.0,0.0,0.0,26.35,0.0,0,0.0,0
2005-03-15,2005-03-31,OPTSTK,HINDPETRO,430.0,CA,5.25,5.25,5.25,5.25,5.25,1,2.82,1300
2005-03-15,2005-03-31,OPTSTK,HINDPETRO,440.0,CA,0.0,0.0,0.0,19.9,0.0,0,0.0,0
2005-03-15,2005-03-31,OPTSTK,HINDPETRO,300.0,PA,0.0,0.0,0.0,9.1,0.45,0,0.0,0
2005-03-15,2005-03-31,OPTSTK,HINDPETRO,310.0,PA,0.0,0.0,0.0,9.4,1.3,0,0.0,0
2005-03-15,2005-03-31,OPTSTK,HINDPETRO,320.0,PA,0.0,0.0,0.0,3.35,3.25,0,0.0,9750
2005-03-15,2005-03-31,OPTSTK,HINDPETRO,330.0,PA,7.9,7.9,6.3,6.3,6.3,3,6.56,27950
2005-03-15,2005-03-31,OPTSTK,HINDPETRO,340.0,PA,14.0,14.0,13.0,13.0,13.0,2,4.59,82550
2005-03-15,2005-03-31,OPTSTK,HINDPETRO,350.0,PA,0.0,0.0,0.0,17.8,19.05,0,0.0,22100
2005-03-15,2005-03-31,OPTSTK,HINDPETRO,360.0,PA,0.0,0.0,0.0,12.0,27.4,0,0.0,1300
2005-03-15,2005-03-31,OPTSTK,HINDPETRO,370.0,PA,3.0,3.0,3.0,3.0,3.0,1,2.42,650
2005-03-15,2005-03-31,OPTSTK,HINDPETRO,380.0,PA,0.0,0.0,0.0,44.0,46.2,0,0.0,0
2005-03-15,2005-03-31,OPTSTK,HINDPETRO,390.0,PA,0.0,0.0,0.0,23.65,56.05,0,0.0,0
2005-03-15,2005-03-31,OPTSTK,HINDPETRO,400.0,PA,0.0,0.0,0.0,28.4,65.95,0,0.0,0
2005-03-15,2005-03-31,OPTSTK,HINDPETRO,410.0,PA,0.0,0.0,0.0,33.6,75.95,0,0.0,0
2005-03-15,2005-03-31,OPTSTK,HINDPETRO,420.0,PA,0.0,0.0,0.0,39.3,85.9,0,0.0,0
2005-03-15,2005-03-31,OPTSTK,HINDPETRO,430.0,PA,0.0,0.0,0.0,45.5,95.9,0,0.0,0
2005-03-15,2005-03-31,OPTSTK,HINDPETRO,440.0,PA,0.0,0.0,0.0,46.25,105.85,0,0.0,0
2005-03-15,2005-04-28,OPTSTK,HINDPETRO,300.0,CA,0.0,0.0,0.0,39.25,37.85,0,0.0,0
2005-03-15,2005-04-28,OPTSTK,HINDPETRO,310.0,CA,0.0,0.0,0.0,43.65,29.95,0,0.0,0
2005-03-15,2005-04-28,OPTSTK,HINDPETRO,320.0,CA,0.0,0.0,0.0,37.55,22.95,0,0.0,0
2005-03-15,2005-04-28,OPTSTK,HINDPETRO,330.0,CA,0.0,0.0,0.0,32.0,17.05,0,0.0,0
2005-03-15,2005-04-28,OPTSTK,HINDPETRO,340.0,CA,0.0,0.0,0.0,27.1,12.2,0,0.0,0
2005-03-15,2005-04-28,OPTSTK,HINDPETRO,350.0,CA,0.0,0.0,0.0,22.75,8.45,0,0.0,0
2005-03-15,2005-04-28,OPTSTK,HINDPETRO,360.0,CA,0.0,0.0,0.0,19.0,5.7,0,0.0,0
2005-03-15,2005-04-28,OPTSTK,HINDPETRO,370.0,CA,0.0,0.0,0.0,15.7,3.7,0,0.0,0
2005-03-15,2005-04-28,OPTSTK,HINDPETRO,380.0,CA,0.0,0.0,0.0,18.65,2.3,0,0.0,0
2005-03-15,2005-04-28,OPTSTK,HINDPETRO,390.0,CA,0.0,0.0,0.0,20.3,1.4,0,0.0,0
2005-03-15,2005-04-28,OPTSTK,HINDPETRO,400.0,CA,0.0,0.0,0.0,18.5,0.85,0,0.0,0
2005-03-15,2005-04-28,OPTSTK,HINDPETRO,410.0,CA,0.0,0.0,0.0,19.3,0.5,0,0.0,0
2005-03-15,2005-04-28,OPTSTK,HINDPETRO,300.0,PA,0.0,0.0,0.0,3.0,2.6,0,0.0,0
2005-03-15,2005-04-28,OPTSTK,HINDPETRO,310.0,PA,0.0,0.0,0.0,12.75,4.6,0,0.0,0
2005-03-15,2005-04-28,OPTSTK,HINDPETRO,320.0,PA,0.0,0.0,0.0,16.5,7.55,0,0.0,0
2005-03-15,2005-04-28,OPTSTK,HINDPETRO,330.0,PA,0.0,0.0,0.0,20.85,11.55,0,0.0,0
2005-03-15,2005-04-28,OPTSTK,HINDPETRO,340.0,PA,0.0,0.0,0.0,25.8,16.65,0,0.0,0
2005-03-15,2005-04-28,OPTSTK,HINDPETRO,350.0,PA,0.0,0.0,0.0,31.3,22.85,0,0.0,0
2005-03-15,2005-04-28,OPTSTK,HINDPETRO,360.0,PA,0.0,0.0,0.0,37.4,30.0,0,0.0,0
2005-03-15,2005-04-28,OPTSTK,HINDPETRO,370.0,PA,0.0,0.0,0.0,44.0,37.95,0,0.0,0
2005-03-15,2005-04-28,OPTSTK,HINDPETRO,380.0,PA,0.0,0.0,0.0,44.7,46.5,0,0.0,0
2005-03-15,2005-04-28,OPTSTK,HINDPETRO,390.0,PA,0.0,0.0,0.0,43.05,55.5,0,0.0,0
2005-03-15,2005-04-28,OPTSTK,HINDPETRO,400.0,PA,0.0,0.0,0.0,45.9,64.85,0,0.0,0
2005-03-15,2005-04-28,OPTSTK,HINDPETRO,410.0,PA,0.0,0.0,0.0,45.9,74.45,0,0.0,0
2005-03-15,2005-05-26,OPTSTK,HINDPETRO,300.0,CA,0.0,0.0,0.0,42.9,41.4,0,0.0,0
2005-03-15,2005-05-26,OPTSTK,HINDPETRO,310.0,CA,0.0,0.0,0.0,46.6,34.0,0,0.0,0
2005-03-15,2005-05-26,OPTSTK,HINDPETRO,320.0,CA,0.0,0.0,0.0,42.7,27.45,0,0.0,0
2005-03-15,2005-05-26,OPTSTK,HINDPETRO,330.0,CA,0.0,0.0,0.0,36.4,21.7,0,0.0,0
2005-03-15,2005-05-26,OPTSTK,HINDPETRO,340.0,CA,0.0,0.0,0.0,30.7,16.85,0,0.0,0
2005-03-15,2005-05-26,OPTSTK,HINDPETRO,350.0,CA,0.0,0.0,0.0,25.65,12.85,0,0.0,0
2005-03-15,2005-05-26,OPTSTK,HINDPETRO,360.0,CA,0.0,0.0,0.0,21.2,9.6,0,0.0,0
2005-03-15,2005-05-26,OPTSTK,HINDPETRO,370.0,CA,0.0,0.0,0.0,17.4,7.1,0,0.0,0
2005-03-15,2005-05-26,OPTSTK,HINDPETRO,380.0,CA,0.0,0.0,0.0,14.15,5.1,0,0.0,0
2005-03-15,2005-05-26,OPTSTK,HINDPETRO,300.0,PA,0.0,0.0,0.0,5.35,4.75,0,0.0,0
2005-03-15,2005-05-26,OPTSTK,HINDPETRO,310.0,PA,0.0,0.0,0.0,8.15,7.3,0,0.0,0
2005-03-15,2005-05-26,OPTSTK,HINDPETRO,320.0,PA,0.0,0.0,0.0,10.8,10.6,0,0.0,0
2005-03-15,2005-05-26,OPTSTK,HINDPETRO,330.0,PA,0.0,0.0,0.0,14.3,14.75,0,0.0,0
2005-03-15,2005-05-26,OPTSTK,HINDPETRO,340.0,PA,0.0,0.0,0.0,18.45,19.8,0,0.0,0
2005-03-15,2005-05-26,OPTSTK,HINDPETRO,350.0,PA,0.0,0.0,0.0,23.25,25.65,0,0.0,0
2005-03-15,2005-05-26,OPTSTK,HINDPETRO,360.0,PA,0.0,0.0,0.0,28.7,32.3,0,0.0,0
2005-03-15,2005-05-26,OPTSTK,HINDPETRO,370.0,PA,0.0,0.0,0.0,34.75,39.65,0,0.0,0
2005-03-15,2005-05-26,OPTSTK,HINDPETRO,380.0,PA,0.0,0.0,0.0,41.35,47.55,0,0.0,0
2005-03-15,2005-03-31,OPTSTK,I-FLEX,520.0,CA,0.0,0.0,0.0,210.0,90.3,0,0.0,0
2005-03-15,2005-03-31,OPTSTK,I-FLEX,540.0,CA,0.0,0.0,0.0,76.45,70.6,0,0.0,0
2005-03-15,2005-03-31,OPTSTK,I-FLEX,560.0,CA,0.0,0.0,0.0,129.0,51.65,0,0.0,0
2005-03-15,2005-03-31,OPTSTK,I-FLEX,580.0,CA,0.0,0.0,0.0,98.0,34.5,0,0.0,0
2005-03-15,2005-03-31,OPTSTK,I-FLEX,600.0,CA,0.0,0.0,0.0,50.0,20.5,0,0.0,0
2005-03-15,2005-03-31,OPTSTK,I-FLEX,620.0,CA,15.75,15.8,15.75,15.8,15.8,8,15.25,600
2005-03-15,2005-03-31,OPTSTK,I-FLEX,640.0,CA,10.0,10.0,9.8,9.8,9.8,6,11.69,1500
2005-03-15,2005-03-31,OPTSTK,I-FLEX,660.0,CA,0.0,0.0,0.0,5.0,1.85,0,0.0,900
2005-03-15,2005-03-31,OPTSTK,I-FLEX,680.0,CA,0.0,0.0,0.0,45.85,0.65,0,0.0,0
2005-03-15,2005-03-31,OPTSTK,I-FLEX,700.0,CA,0.0,0.0,0.0,39.1,0.2,0,0.0,0
2005-03-15,2005-03-31,OPTSTK,I-FLEX,720.0,CA,0.0,0.0,0.0,48.6,0.05,0,0.0,0
2005-03-15,2005-03-31,OPTSTK,I-FLEX,740.0,CA,0.0,0.0,0.0,43.0,0.05,0,0.0,0
2005-03-15,2005-03-31,OPTSTK,I-FLEX,520.0,PA,0.0,0.0,0.0,19.9,0.05,0,0.0,0
2005-03-15,2005-03-31,OPTSTK,I-FLEX,540.0,PA,0.0,0.0,0.0,16.9,0.3,0,0.0,0
2005-03-15,2005-03-31,OPTSTK,I-FLEX,560.0,PA,0.0,0.0,0.0,23.65,1.3,0,0.0,0
2005-03-15,2005-03-31,OPTSTK,I-FLEX,580.0,PA,0.0,0.0,0.0,2.0,4.1,0,0.0,0
2005-03-15,2005-03-31,OPTSTK,I-FLEX,600.0,PA,0.0,0.0,0.0,41.7,10.05,0,0.0,0
2005-03-15,2005-03-31,OPTSTK,I-FLEX,620.0,PA,0.0,0.0,0.0,17.25,20.2,0,0.0,0
2005-03-15,2005-03-31,OPTSTK,I-FLEX,640.0,PA,0.0,0.0,0.0,8.6,34.25,0,0.0,0
2005-03-15,2005-03-31,OPTSTK,I-FLEX,660.0,PA,0.0,0.0,0.0,20.5,51.25,0,0.0,0
2005-03-15,2005-03-31,OPTSTK,I-FLEX,680.0,PA,0.0,0.0,0.0,32.05,70.0,0,0.0,0
2005-03-15,2005-03-31,OPTSTK,I-FLEX,700.0,PA,0.0,0.0,0.0,94.0,89.5,0,0.0,0
2005-03-15,2005-03-31,OPTSTK,I-FLEX,720.0,PA,0.0,0.0,0.0,93.3,109.35,0,0.0,0
2005-03-15,2005-03-31,OPTSTK,I-FLEX,740.0,PA,0.0,0.0,0.0,100.3,129.25,0,0.0,0
2005-03-15,2005-04-28,OPTSTK,I-FLEX,540.0,CA,0.0,0.0,0.0,96.4,75.75,0,0.0,0
2005-03-15,2005-04-28,OPTSTK,I-FLEX,560.0,CA,0.0,0.0,0.0,83.95,58.95,0,0.0,0
2005-03-15,2005-04-28,OPTSTK,I-FLEX,580.0,CA,0.0,0.0,0.0,72.65,44.05,0,0.0,0
2005-03-15,2005-04-28,OPTSTK,I-FLEX,600.0,CA,0.0,0.0,0.0,62.5,31.55,0,0.0,0
2005-03-15,2005-04-28,OPTSTK,I-FLEX,620.0,CA,10.0,10.0,10.0,10.0,10.0,10,18.9,3000
2005-03-15,2005-04-28,OPTSTK,I-FLEX,640.0,CA,0.0,0.0,0.0,45.45,14.1,0,0.0,0
2005-03-15,2005-04-28,OPTSTK,I-FLEX,660.0,CA,0.0,0.0,0.0,38.45,8.8,0,0.0,0
2005-03-15,2005-04-28,OPTSTK,I-FLEX,680.0,CA,0.0,0.0,0.0,33.95,5.25,0,0.0,0
2005-03-15,2005-04-28,OPTSTK,I-FLEX,700.0,CA,0.0,0.0,0.0,27.65,3.0,0,0.0,0
2005-03-15,2005-04-28,OPTSTK,I-FLEX,540.0,PA,0.0,0.0,0.0,25.25,2.9,0,0.0,0
2005-03-15,2005-04-28,OPTSTK,I-FLEX,560.0,PA,0.0,0.0,0.0,32.5,5.95,0,0.0,0
2005-03-15,2005-04-28,OPTSTK,I-FLEX,580.0,PA,22.0,22.0,22.0,22.0,22.0,10,18.06,3000
2005-03-15,2005-04-28,OPTSTK,I-FLEX,600.0,PA,0.0,0.0,0.0,50.5,18.25,0,0.0,0
2005-03-15,2005-04-28,OPTSTK,I-FLEX,620.0,PA,0.0,0.0,0.0,61.15,28.1,0,0.0,0
2005-03-15,2005-04-28,OPTSTK,I-FLEX,640.0,PA,0.0,0.0,0.0,72.9,40.5,0,0.0,0
2005-03-15,2005-04-28,OPTSTK,I-FLEX,660.0,PA,0.0,0.0,0.0,85.6,55.05,0,0.0,0
2005-03-15,2005-04-28,OPTSTK,I-FLEX,680.0,PA,0.0,0.0,0.0,92.75,71.35,0,0.0,0
2005-03-15,2005-04-28,OPTSTK,I-FLEX,700.0,PA,0.0,0.0,0.0,80.6,88.95,0,0.0,0
2005-03-15,2005-05-26,OPTSTK,I-FLEX,560.0,CA,0.0,0.0,0.0,81.35,65.65,0,0.0,0
2005-03-15,2005-05-26,OPTSTK,I-FLEX,580.0,CA,0.0,0.0,0.0,68.0,51.7,0,0.0,0
2005-03-15,2005-05-26,OPTSTK,I-FLEX,600.0,CA,0.0,0.0,0.0,56.15,39.7,0,0.0,0
2005-03-15,2005-05-26,OPTSTK,I-FLEX,620.0,CA,0.0,0.0,0.0,45.8,29.7,0,0.0,0
2005-03-15,2005-05-26,OPTSTK,I-FLEX,640.0,CA,0.0,0.0,0.0,36.85,21.65,0,0.0,0
2005-03-15,2005-05-26,OPTSTK,I-FLEX,660.0,CA,0.0,0.0,0.0,29.35,15.4,0,0.0,0
2005-03-15,2005-05-26,OPTSTK,I-FLEX,680.0,CA,0.0,0.0,0.0,23.05,10.65,0,0.0,0
2005-03-15,2005-05-26,OPTSTK,I-FLEX,700.0,CA,0.0,0.0,0.0,24.95,7.2,0,0.0,0
2005-03-15,2005-05-26,OPTSTK,I-FLEX,560.0,PA,0.0,0.0,0.0,15.95,10.05,0,0.0,0
2005-03-15,2005-05-26,OPTSTK,I-FLEX,580.0,PA,0.0,0.0,0.0,22.3,15.9,0,0.0,0
2005-03-15,2005-05-26,OPTSTK,I-FLEX,600.0,PA,0.0,0.0,0.0,30.15,23.65,0,0.0,0
2005-03-15,2005-05-26,OPTSTK,I-FLEX,620.0,PA,0.0,0.0,0.0,39.5,33.4,0,0.0,0
2005-03-15,2005-05-26,OPTSTK,I-FLEX,640.0,PA,0.0,0.0,0.0,50.3,45.15,0,0.0,0
2005-03-15,2005-05-26,OPTSTK,I-FLEX,660.0,PA,0.0,0.0,0.0,62.45,58.65,0,0.0,0
2005-03-15,2005-05-26,OPTSTK,I-FLEX,680.0,PA,0.0,0.0,0.0,75.9,73.7,0,0.0,0
2005-03-15,2005-05-26,OPTSTK,I-FLEX,700.0,PA,0.0,0.0,0.0,80.05,90.0,0,0.0,0
2005-03-15,2005-03-31,OPTSTK,ICICIBANK,310.0,CA,0.0,0.0,0.0,30.0,73.35,0,0.0,1400
2005-03-15,2005-03-31,OPTSTK,ICICIBANK,320.0,CA,0.0,0.0,0.0,44.75,63.4,0,0.0,0
2005-03-15,2005-03-31,OPTSTK,ICICIBANK,330.0,CA,0.0,0.0,0.0,44.55,53.5,0,0.0,0
2005-03-15,2005-03-31,OPTSTK,ICICIBANK,340.0,CA,0.0,0.0,0.0,37.45,43.75,0,0.0,0
2005-03-15,2005-03-31,OPTSTK,ICICIBANK,350.0,CA,0.0,0.0,0.0,31.1,34.4,0,0.0,0
2005-03-15,2005-03-31,OPTSTK,ICICIBANK,360.0,CA,0.0,0.0,0.0,25.45,25.7,0,0.0,0
2005-03-15,2005-03-31,OPTSTK,ICICIBANK,370.0,CA,18.5,18.5,18.5,18.5,18.5,1,5.43,22400
2005-03-15,2005-03-31,OPTSTK,ICICIBANK,380.0,CA,10.05,10.05,7.8,9.05,9.05,7,38.11,42000
2005-03-15,2005-03-31,OPTSTK,ICICIBANK,390.0,CA,7.25,7.25,6.0,6.2,6.2,8,44.4,70000
2005-03-15,2005-03-31,OPTSTK,ICICIBANK,400.0,CA,4.5,4.5,3.25,3.7,3.7,14,79.11,151200
2005-03-15,2005-03-31,OPTSTK,ICICIBANK,410.0,CA,2.0,2.0,1.4,1.4,1.4,4,23.04,44800
2005-03-15,2005-03-31,OPTSTK,ICICIBANK,420.0,CA,0.0,0.0,0.0,4.0,1.05,0,0.0,5600
2005-03-15,2005-03-31,OPTSTK,ICICIBANK,430.0,CA,0.0,0.0,0.0,5.8,0.5,0,0.0,0
2005-03-15,2005-03-31,OPTSTK,ICICIBANK,310.0,PA,0.0,0.0,0.0,5.75,0.0,0,0.0,0
2005-03-15,2005-03-31,OPTSTK,ICICIBANK,320.0,PA,0.0,0.0,0.0,7.3,0.05,0,0.0,0
2005-03-15,2005-03-31,OPTSTK,ICICIBANK,330.0,PA,0.0,0.0,0.0,6.55,0.1,0,0.0,0
2005-03-15,2005-03-31,OPTSTK,ICICIBANK,340.0,PA,0.0,0.0,0.0,9.3,0.35,0,0.0,0
2005-03-15,2005-03-31,OPTSTK,ICICIBANK,350.0,PA,0.0,0.0,0.0,12.8,0.95,0,0.0,0
2005-03-15,2005-03-31,OPTSTK,ICICIBANK,360.0,PA,0.0,0.0,0.0,2.25,2.25,0,0.0,1400
2005-03-15,2005-03-31,OPTSTK,ICICIBANK,370.0,PA,0.0,0.0,0.0,4.0,4.6,0,0.0,8400
2005-03-15,2005-03-31,OPTSTK,ICICIBANK,380.0,PA,7.0,8.0,4.5,4.5,4.5,5,27.03,25200
2005-03-15,2005-03-31,OPTSTK,ICICIBANK,390.0,PA,14.4,14.4,14.4,14.4,14.4,1,5.66,18200
2005-03-15,2005-03-31,OPTSTK,ICICIBANK,400.0,PA,19.5,19.5,19.5,19.5,19.5,2,11.74,15400
2005-03-15,2005-03-31,OPTSTK,ICICIBANK,410.0,PA,0.0,0.0,0.0,19.25,28.6,0,0.0,0
2005-03-15,2005-03-31,OPTSTK,ICICIBANK,420.0,PA,0.0,0.0,0.0,27.5,37.45,0,0.0,0
2005-03-15,2005-03-31,OPTSTK,ICICIBANK,430.0,PA,0.0,0.0,0.0,33.5,46.85,0,0.0,0
2005-03-15,2005-04-28,OPTSTK,ICICIBANK,310.0,CA,0.0,0.0,0.0,39.85,75.2,0,0.0,0
2005-03-15,2005-04-28,OPTSTK,ICICIBANK,320.0,CA,0.0,0.0,0.0,33.15,65.65,0,0.0,0
2005-03-15,2005-04-28,OPTSTK,ICICIBANK,330.0,CA,0.0,0.0,0.0,27.25,56.4,0,0.0,0
2005-03-15,2005-04-28,OPTSTK,ICICIBANK,340.0,CA,0.0,0.0,0.0,22.05,47.55,0,0.0,0
2005-03-15,2005-04-28,OPTSTK,ICICIBANK,350.0,CA,0.0,0.0,0.0,17.65,39.35,0,0.0,0
2005-03-15,2005-04-28,OPTSTK,ICICIBANK,360.0,CA,0.0,0.0,0.0,13.9,31.85,0,0.0,0
2005-03-15,2005-04-28,OPTSTK,ICICIBANK,370.0,CA,0.0,0.0,0.0,10.85,25.15,0,0.0,0
2005-03-15,2005-04-28,OPTSTK,ICICIBANK,380.0,CA,0.0,0.0,0.0,12.95,19.45,0,0.0,0
2005-03-15,2005-04-28,OPTSTK,ICICIBANK,390.0,CA,0.0,0.0,0.0,14.25,14.65,0,0.0,0
2005-03-15,2005-04-28,OPTSTK,ICICIBANK,400.0,CA,0.0,0.0,0.0,14.15,10.8,0,0.0,0
2005-03-15,2005-04-28,OPTSTK,ICICIBANK,410.0,CA,0.0,0.0,0.0,11.8,7.75,0,0.0,0
2005-03-15,2005-04-28,OPTSTK,ICICIBANK,420.0,CA,0.0,0.0,0.0,12.8,5.45,0,0.0,0
2005-03-15,2005-04-28,OPTSTK,ICICIBANK,430.0,CA,0.0,0.0,0.0,12.25,3.75,0,0.0,0
2005-03-15,2005-04-28,OPTSTK,ICICIBANK,310.0,PA,0.0,0.0,0.0,8.0,0.35,0,0.0,0
2005-03-15,2005-04-28,OPTSTK,ICICIBANK,320.0,PA,0.0,0.0,0.0,11.2,0.75,0,0.0,0
2005-03-15,2005-04-28,OPTSTK,ICICIBANK,330.0,PA,0.0,0.0,0.0,15.1,1.4,0,0.0,0
2005-03-15,2005-04-28,OPTSTK,ICICIBANK,340.0,PA,0.0,0.0,0.0,19.8,2.5,0,0.0,0
2005-03-15,2005-04-28,OPTSTK,ICICIBANK,350.0,PA,0.0,0.0,0.0,25.25,4.2,0,0.0,0
2005-03-15,2005-04-28,OPTSTK,ICICIBANK,360.0,PA,0.0,0.0,0.0,31.4,6.65,0,0.0,0
2005-03-15,2005-04-28,OPTSTK,ICICIBANK,370.0,PA,0.0,0.0,0.0,38.15,9.9,0,0.0,0
2005-03-15,2005-04-28,OPTSTK,ICICIBANK,380.0,PA,0.0,0.0,0.0,39.65,14.1,0,0.0,0
2005-03-15,2005-04-28,OPTSTK,ICICIBANK,390.0,PA,0.0,0.0,0.0,38.1,19.25,0,0.0,0
2005-03-15,2005-04-28,OPTSTK,ICICIBANK,400.0,PA,0.0,0.0,0.0,42.85,25.3,0,0.0,0
2005-03-15,2005-04-28,OPTSTK,ICICIBANK,410.0,PA,0.0,0.0,0.0,36.2,32.2,0,0.0,0
2005-03-15,2005-04-28,OPTSTK,ICICIBANK,420.0,PA,0.0,0.0,0.0,39.4,39.8,0,0.0,0
2005-03-15,2005-04-28,OPTSTK,ICICIBANK,430.0,PA,0.0,0.0,0.0,41.3,48.05,0,0.0,0
2005-03-15,2005-05-26,OPTSTK,ICICIBANK,340.0,CA,0.0,0.0,0.0,41.35,51.45,0,0.0,0
2005-03-15,2005-05-26,OPTSTK,ICICIBANK,350.0,CA,0.0,0.0,0.0,34.4,43.8,0,0.0,0
2005-03-15,2005-05-26,OPTSTK,ICICIBANK,360.0,CA,0.0,0.0,0.0,28.2,36.8,0,0.0,0
2005-03-15,2005-05-26,OPTSTK,ICICIBANK,370.0,CA,0.0,0.0,0.0,22.8,30.5,0,0.0,0
2005-03-15,2005-05-26,OPTSTK,ICICIBANK,380.0,CA,0.0,0.0,0.0,18.15,24.95,0,0.0,0
2005-03-15,2005-05-26,OPTSTK,ICICIBANK,390.0,CA,0.0,0.0,0.0,14.2,20.1,0,0.0,0
2005-03-15,2005-05-26,OPTSTK,ICICIBANK,400.0,CA,0.0,0.0,0.0,11.0,16.0,0,0.0,0
2005-03-15,2005-05-26,OPTSTK,ICICIBANK,410.0,CA,0.0,0.0,0.0,13.85,12.55,0,0.0,0
2005-03-15,2005-05-26,OPTSTK,ICICIBANK,420.0,CA,0.0,0.0,0.0,18.25,9.75,0,0.0,0
2005-03-15,2005-05-26,OPTSTK,ICICIBANK,430.0,CA,0.0,0.0,0.0,17.75,7.45,0,0.0,0
2005-03-15,2005-05-26,OPTSTK,ICICIBANK,340.0,PA,0.0,0.0,0.0,6.9,4.85,0,0.0,0
2005-03-15,2005-05-26,OPTSTK,ICICIBANK,350.0,PA,0.0,0.0,0.0,9.8,7.1,0,0.0,0
2005-03-15,2005-05-26,OPTSTK,ICICIBANK,360.0,PA,0.0,0.0,0.0,13.45,9.95,0,0.0,0
2005-03-15,2005-05-26,OPTSTK,ICICIBANK,370.0,PA,0.0,0.0,0.0,17.9,13.55,0,0.0,0
2005-03-15,2005-05-26,OPTSTK,ICICIBANK,380.0,PA,0.0,0.0,0.0,23.1,17.9,0,0.0,0
2005-03-15,2005-05-26,OPTSTK,ICICIBANK,390.0,PA,0.0,0.0,0.0,29.0,22.95,0,0.0,0
2005-03-15,2005-05-26,OPTSTK,ICICIBANK,400.0,PA,0.0,0.0,0.0,35.65,28.7,0,0.0,0
2005-03-15,2005-05-26,OPTSTK,ICICIBANK,410.0,PA,0.0,0.0,0.0,37.0,35.15,0,0.0,0
2005-03-15,2005-05-26,OPTSTK,ICICIBANK,420.0,PA,0.0,0.0,0.0,42.95,42.2,0,0.0,0
2005-03-15,2005-05-26,OPTSTK,ICICIBANK,430.0,PA,0.0,0.0,0.0,44.9,49.8,0,0.0,0
2005-03-15,2005-03-31,OPTSTK,INFOSYSTCH,1830.0,CA,0.0,0.0,0.0,159.35,385.25,0,0.0,0
2005-03-15,2005-03-31,OPTSTK,INFOSYSTCH,1860.0,CA,0.0,0.0,0.0,141.6,355.3,0,0.0,0
2005-03-15,2005-03-31,OPTSTK,INFOSYSTCH,1890.0,CA,0.0,0.0,0.0,173.4,325.4,0,0.0,0
2005-03-15,2005-03-31,OPTSTK,INFOSYSTCH,1920.0,CA,0.0,0.0,0.0,422.0,295.55,0,0.0,0
2005-03-15,2005-03-31,OPTSTK,INFOSYSTCH,1950.0,CA,0.0,0.0,0.0,235.0,265.8,0,0.0,0
2005-03-15,2005-03-31,OPTSTK,INFOSYSTCH,1980.0,CA,0.0,0.0,0.0,149.1,236.3,0,0.0,0
2005-03-15,2005-03-31,OPTSTK,INFOSYSTCH,2010.0,CA,0.0,0.0,0.0,325.0,207.15,0,0.0,200
2005-03-15,2005-03-31,OPTSTK,INFOSYSTCH,2040.0,CA,0.0,0.0,0.0,250.0,178.65,0,0.0,0
2005-03-15,2005-03-31,OPTSTK,INFOSYSTCH,2070.0,CA,0.0,0.0,0.0,140.05,151.2,0,0.0,1400
2005-03-15,2005-03-31,OPTSTK,INFOSYSTCH,2100.0,CA,145.45,145.45,145.45,145.45,145.45,1,4.49,4400
2005-03-15,2005-03-31,OPTSTK,INFOSYSTCH,2130.0,CA,0.0,0.0,0.0,115.0,101.25,0,0.0,3600
2005-03-15,2005-03-31,OPTSTK,INFOSYSTCH,2160.0,CA,96.35,96.35,96.35,96.35,96.35,10,45.12,20400
2005-03-15,2005-03-31,OPTSTK,INFOSYSTCH,2190.0,CA,61.0,61.0,48.3,51.1,51.1,6,26.91,29400
2005-03-15,2005-03-31,OPTSTK,INFOSYSTCH,2220.0,CA,49.65,49.65,33.0,35.95,35.95,48,216.89,54800
2005-03-15,2005-03-31,OPTSTK,INFOSYSTCH,2250.0,CA,30.0,30.0,22.9,24.95,24.95,16,72.84,41600
2005-03-15,2005-03-31,OPTSTK,INFOSYSTCH,2280.0,CA,18.5,20.0,16.6,16.65,16.65,17,78.16,37600
2005-03-15,2005-03-31,OPTSTK,INFOSYSTCH,2310.0,CA,14.5,14.5,9.8,9.8,9.8,3,13.92,8000
2005-03-15,2005-03-31,OPTSTK,INFOSYSTCH,2340.0,CA,0.0,0.0,0.0,13.9,9.7,0,0.0,1000
2005-03-15,2005-03-31,OPTSTK,INFOSYSTCH,1830.0,PA,0.0,0.0,0.0,3.0,0.0,0,0.0,2000
2005-03-15,2005-03-31,OPTSTK,INFOSYSTCH,1860.0,PA,0.0,0.0,0.0,4.5,0.05,0,0.0,2000
2005-03-15,2005-03-31,OPTSTK,INFOSYSTCH,1890.0,PA,0.0,0.0,0.0,10.0,0.05,0,0.0,400
2005-03-15,2005-03-31,OPTSTK,INFOSYSTCH,1920.0,PA,0.0,0.0,0.0,55.75,0.15,0,0.0,0
2005-03-15,2005-03-31,OPTSTK,INFOSYSTCH,1950.0,PA,0.0,0.0,0.0,17.0,0.3,0,0.0,400
2005-03-15,2005-03-31,OPTSTK,INFOSYSTCH,1980.0,PA,0.0,0.0,0.0,52.35,0.7,0,0.0,0
2005-03-15,2005-03-31,OPTSTK,INFOSYSTCH,2010.0,PA,0.0,0.0,0.0,6.0,1.5,0,0.0,5400
2005-03-15,2005-03-31,OPTSTK,INFOSYSTCH,2040.0,PA,20.0,20.0,20.0,20.0,20.0,1,4.12,800
2005-03-15,2005-03-31,OPTSTK,INFOSYSTCH,2070.0,PA,0.0,0.0,0.0,7.0,5.4,0,0.0,1600
2005-03-15,2005-03-31,OPTSTK,INFOSYSTCH,2100.0,PA,0.0,0.0,0.0,8.1,9.35,0,0.0,15800
2005-03-15,2005-03-31,OPTSTK,INFOSYSTCH,2130.0,PA,0.0,0.0,0.0,14.45,15.3,0,0.0,13600
2005-03-15,2005-03-31,OPTSTK,INFOSYSTCH,2160.0,PA,0.0,0.0,0.0,18.0,23.65,0,0.0,23200
2005-03-15,2005-03-31,OPTSTK,INFOSYSTCH,2190.0,PA,25.0,34.0,25.0,29.1,29.1,9,39.94,17400
2005-03-15,2005-03-31,OPTSTK,INFOSYSTCH,2220.0,PA,41.0,47.0,40.15,40.15,40.15,17,77.0,13000
2005-03-15,2005-03-31,OPTSTK,INFOSYSTCH,2250.0,PA,54.9,66.95,54.9,66.95,66.95,6,27.72,9000
2005-03-15,2005-03-31,OPTSTK,INFOSYSTCH,2280.0,PA,75.0,75.0,75.0,75.0,75.0,2,9.42,4000
2005-03-15,2005-03-31,OPTSTK,INFOSYSTCH,2310.0,PA,0.0,0.0,0.0,89.0,108.65,0,0.0,0
2005-03-15,2005-03-31,OPTSTK,INFOSYSTCH,2340.0,PA,25.0,200.0,25.0,200.0,200.0,4,19.62,0
2005-03-15,2005-04-28,OPTSTK,INFOSYSTCH,1860.0,CA,0.0,0.0,0.0,187.5,365.55,0,0.0,0
2005-03-15,2005-04-28,OPTSTK,INFOSYSTCH,1890.0,CA,0.0,0.0,0.0,169.6,336.65,0,0.0,0
2005-03-15,2005-04-28,OPTSTK,INFOSYSTCH,1920.0,CA,0.0,0.0,0.0,152.9,308.1,0,0.0,0
2005-03-15,2005-04-28,OPTSTK,INFOSYSTCH,1950.0,CA,0.0,0.0,0.0,137.3,280.15,0,0.0,0
2005-03-15,2005-04-28,OPTSTK,INFOSYSTCH,1980.0,CA,0.0,0.0,0.0,122.9,252.9,0,0.0,0
2005-03-15,2005-04-28,OPTSTK,INFOSYSTCH,2010.0,CA,0.0,0.0,0.0,109.6,226.55,0,0.0,0
2005-03-15,2005-04-28,OPTSTK,INFOSYSTCH,2040.0,CA,0.0,0.0,0.0,97.4,201.3,0,0.0,0
2005-03-15,2005-04-28,OPTSTK,INFOSYSTCH,2070.0,CA,0.0,0.0,0.0,146.15,177.25,0,0.0,0
2005-03-15,2005-04-28,OPTSTK,INFOSYSTCH,2100.0,CA,0.0,0.0,0.0,175.0,154.75,0,0.0,0
2005-03-15,2005-04-28,OPTSTK,INFOSYSTCH,2130.0,CA,0.0,0.0,0.0,120.8,133.65,0,0.0,0
2005-03-15,2005-04-28,OPTSTK,INFOSYSTCH,2160.0,CA,0.0,0.0,0.0,120.7,114.35,0,0.0,0
2005-03-15,2005-04-28,OPTSTK,INFOSYSTCH,2190.0,CA,0.0,0.0,0.0,84.0,96.8,0,0.0,600
2005-03-15,2005-04-28,OPTSTK,INFOSYSTCH,2220.0,CA,0.0,0.0,0.0,125.7,81.1,0,0.0,0
2005-03-15,2005-04-28,OPTSTK,INFOSYSTCH,2250.0,CA,0.0,0.0,0.0,113.1,67.25,0,0.0,0
2005-03-15,2005-04-28,OPTSTK,INFOSYSTCH,2280.0,CA,0.0,0.0,0.0,102.05,55.15,0,0.0,0
2005-03-15,2005-04-28,OPTSTK,INFOSYSTCH,2310.0,CA,0.0,0.0,0.0,88.3,44.7,0,0.0,0
2005-03-15,2005-04-28,OPTSTK,INFOSYSTCH,2340.0,CA,0.0,0.0,0.0,76.8,35.85,0,0.0,0
2005-03-15,2005-04-28,OPTSTK,INFOSYSTCH,1860.0,PA,0.0,0.0,0.0,69.35,1.4,0,0.0,0
2005-03-15,2005-04-28,OPTSTK,INFOSYSTCH,1890.0,PA,0.0,0.0,0.0,81.05,2.25,0,0.0,0
2005-03-15,2005-04-28,OPTSTK,INFOSYSTCH,1920.0,PA,0.0,0.0,0.0,93.9,3.5,0,0.0,0
2005-03-15,2005-04-28,OPTSTK,INFOSYSTCH,1950.0,PA,0.0,0.0,0.0,107.9,5.35,0,0.0,0
2005-03-15,2005-04-28,OPTSTK,INFOSYSTCH,1980.0,PA,0.0,0.0,0.0,123.05,7.85,0,0.0,0
2005-03-15,2005-04-28,OPTSTK,INFOSYSTCH,2010.0,PA,0.0,0.0,0.0,139.35,11.3,0,0.0,0
2005-03-15,2005-04-28,OPTSTK,INFOSYSTCH,2040.0,PA,0.0,0.0,0.0,156.7,15.8,0,0.0,0
2005-03-15,2005-04-28,OPTSTK,INFOSYSTCH,2070.0,PA,0.0,0.0,0.0,149.7,21.55,0,0.0,0
2005-03-15,2005-04-28,OPTSTK,INFOSYSTCH,2100.0,PA,0.0,0.0,0.0,166.15,28.85,0,0.0,0
2005-03-15,2005-04-28,OPTSTK,INFOSYSTCH,2130.0,PA,0.0,0.0,0.0,183.5,37.5,0,0.0,0
2005-03-15,2005-04-28,OPTSTK,INFOSYSTCH,2160.0,PA,0.0,0.0,0.0,182.9,48.0,0,0.0,0
2005-03-15,2005-04-28,OPTSTK,INFOSYSTCH,2190.0,PA,0.0,0.0,0.0,171.3,60.25,0,0.0,0
2005-03-15,2005-04-28,OPTSTK,INFOSYSTCH,2220.0,PA,0.0,0.0,0.0,150.1,74.35,0,0.0,0
2005-03-15,2005-04-28,OPTSTK,INFOSYSTCH,2250.0,PA,0.0,0.0,0.0,167.2,90.25,0,0.0,0
2005-03-15,2005-04-28,OPTSTK,INFOSYSTCH,2280.0,PA,0.0,0.0,0.0,174.1,107.95,0,0.0,0
2005-03-15,2005-04-28,OPTSTK,INFOSYSTCH,2310.0,PA,0.0,0.0,0.0,135.55,127.3,0,0.0,0
2005-03-15,2005-04-28,OPTSTK,INFOSYSTCH,2340.0,PA,0.0,0.0,0.0,153.75,148.2,0,0.0,0
2005-03-15,2005-05-26,OPTSTK,INFOSYSTCH,2070.0,CA,0.0,0.0,0.0,194.4,200.25,0,0.0,0
2005-03-15,2005-05-26,OPTSTK,INFOSYSTCH,2100.0,CA,0.0,0.0,0.0,176.3,178.9,0,0.0,0
2005-03-15,2005-05-26,OPTSTK,INFOSYSTCH,2130.0,CA,0.0,0.0,0.0,159.3,159.05,0,0.0,0
2005-03-15,2005-05-26,OPTSTK,INFOSYSTCH,2160.0,CA,0.0,0.0,0.0,143.45,140.55,0,0.0,0
2005-03-15,2005-05-26,OPTSTK,INFOSYSTCH,2190.0,CA,0.0,0.0,0.0,128.7,123.45,0,0.0,0
2005-03-15,2005-05-26,OPTSTK,INFOSYSTCH,2220.0,CA,0.0,0.0,0.0,115.05,107.8,0,0.0,0
2005-03-15,2005-05-26,OPTSTK,INFOSYSTCH,2250.0,CA,0.0,0.0,0.0,102.55,93.55,0,0.0,0
2005-03-15,2005-05-26,OPTSTK,INFOSYSTCH,2280.0,CA,0.0,0.0,0.0,93.75,80.65,0,0.0,0
2005-03-15,2005-05-26,OPTSTK,INFOSYSTCH,2310.0,CA,0.0,0.0,0.0,116.1,69.15,0,0.0,0
2005-03-15,2005-05-26,OPTSTK,INFOSYSTCH,2340.0,CA,0.0,0.0,0.0,104.0,58.9,0,0.0,0
2005-03-15,2005-05-26,OPTSTK,INFOSYSTCH,2070.0,PA,0.0,0.0,0.0,69.3,35.1,0,0.0,0
2005-03-15,2005-05-26,OPTSTK,INFOSYSTCH,2100.0,PA,0.0,0.0,0.0,80.7,43.45,0,0.0,0
2005-03-15,2005-05-26,OPTSTK,INFOSYSTCH,2130.0,PA,0.0,0.0,0.0,93.3,53.25,0,0.0,0
2005-03-15,2005-05-26,OPTSTK,INFOSYSTCH,2160.0,PA,0.0,0.0,0.0,106.95,64.4,0,0.0,0
2005-03-15,2005-05-26,OPTSTK,INFOSYSTCH,2190.0,PA,0.0,0.0,0.0,121.8,76.95,0,0.0,0
2005-03-15,2005-05-26,OPTSTK,INFOSYSTCH,2220.0,PA,0.0,0.0,0.0,137.7,90.9,0,0.0,0
2005-03-15,2005-05-26,OPTSTK,INFOSYSTCH,2250.0,PA,0.0,0.0,0.0,154.7,106.3,0,0.0,0
2005-03-15,2005-05-26,OPTSTK,INFOSYSTCH,2280.0,PA,0.0,0.0,0.0,161.0,123.1,0,0.0,0
2005-03-15,2005-05-26,OPTSTK,INFOSYSTCH,2310.0,PA,0.0,0.0,0.0,152.7,141.2,0,0.0,0
2005-03-15,2005-05-26,OPTSTK,INFOSYSTCH,2340.0,PA,0.0,0.0,0.0,170.1,160.6,0,0.0,0
2005-03-15,2005-03-31,OPTSTK,IOC,410.0,CA,0.0,0.0,0.0,45.45,66.6,0,0.0,0
2005-03-15,2005-03-31,OPTSTK,IOC,420.0,CA,0.0,0.0,0.0,49.4,56.8,0,0.0,0
2005-03-15,2005-03-31,OPTSTK,IOC,430.0,CA,0.0,0.0,0.0,50.1,47.25,0,0.0,0
2005-03-15,2005-03-31,OPTSTK,IOC,440.0,CA,0.0,0.0,0.0,30.0,38.15,0,0.0,0
2005-03-15,2005-03-31,OPTSTK,IOC,450.0,CA,0.0,0.0,0.0,49.5,29.7,0,0.0,6000
2005-03-15,2005-03-31,OPTSTK,IOC,460.0,CA,0.0,0.0,0.0,16.0,22.15,0,0.0,600
2005-03-15,2005-03-31,OPTSTK,IOC,470.0,CA,10.5,10.5,10.5,10.5,10.5,10,28.83,9000
2005-03-15,2005-03-31,OPTSTK,IOC,480.0,CA,18.0,18.0,18.0,18.0,18.0,1,2.98,13200
2005-03-15,2005-03-31,OPTSTK,IOC,490.0,CA,0.0,0.0,0.0,12.9,6.9,0,0.0,27000
2005-03-15,2005-03-31,OPTSTK,IOC,500.0,CA,0.0,0.0,0.0,5.0,4.25,0,0.0,22200
2005-03-15,2005-03-31,OPTSTK,IOC,510.0,CA,0.0,0.0,0.0,5.0,2.45,0,0.0,1200
2005-03-15,2005-03-31,OPTSTK,IOC,520.0,CA,0.0,0.0,0.0,12.0,1.35,0,0.0,1200
2005-03-15,2005-03-31,OPTSTK,IOC,530.0,CA,0.0,0.0,0.0,6.0,0.7,0,0.0,600
2005-03-15,2005-03-31,OPTSTK,IOC,540.0,CA,0.0,0.0,0.0,22.65,0.35,0,0.0,0
2005-03-15,2005-03-31,OPTSTK,IOC,560.0,CA,0.0,0.0,0.0,16.35,0.1,0,0.0,0
2005-03-15,2005-03-31,OPTSTK,IOC,580.0,CA,0.0,0.0,0.0,11.85,0.05,0,0.0,0
2005-03-15,2005-03-31,OPTSTK,IOC,410.0,PA,0.0,0.0,0.0,9.85,0.1,0,0.0,0
2005-03-15,2005-03-31,OPTSTK,IOC,420.0,PA,0.0,0.0,0.0,12.8,0.3,0,0.0,0
2005-03-15,2005-03-31,OPTSTK,IOC,430.0,PA,0.0,0.0,0.0,13.3,0.7,0,0.0,0
2005-03-15,2005-03-31,OPTSTK,IOC,440.0,PA,0.0,0.0,0.0,6.05,1.55,0,0.0,0
2005-03-15,2005-03-31,OPTSTK,IOC,450.0,PA,0.0,0.0,0.0,4.1,3.1,0,0.0,0
2005-03-15,2005-03-31,OPTSTK,IOC,460.0,PA,0.0,0.0,0.0,3.3,5.55,0,0.0,600
2005-03-15,2005-03-31,OPTSTK,IOC,470.0,PA,0.0,0.0,0.0,19.5,9.2,0,0.0,0
2005-03-15,2005-03-31,OPTSTK,IOC,480.0,PA,0.0,0.0,0.0,23.5,14.1,0,0.0,600
2005-03-15,2005-03-31,OPTSTK,IOC,490.0,PA,0.0,0.0,0.0,23.1,20.25,0,0.0,0
2005-03-15,2005-03-31,OPTSTK,IOC,500.0,PA,0.0,0.0,0.0,13.5,27.55,0,0.0,0
2005-03-15,2005-03-31,OPTSTK,IOC,510.0,PA,0.0,0.0,0.0,34.2,35.75,0,0.0,0
2005-03-15,2005-03-31,OPTSTK,IOC,520.0,PA,0.0,0.0,0.0,33.9,44.6,0,0.0,0
2005-03-15,2005-03-31,OPTSTK,IOC,530.0,PA,0.0,0.0,0.0,46.35,53.95,0,0.0,0
2005-03-15,2005-03-31,OPTSTK,IOC,540.0,PA,0.0,0.0,0.0,45.65,63.55,0,0.0,0
2005-03-15,2005-03-31,OPTSTK,IOC,560.0,PA,0.0,0.0,0.0,59.1,83.25,0,0.0,0
2005-03-15,2005-03-31,OPTSTK,IOC,580.0,PA,0.0,0.0,0.0,70.55,103.15,0,0.0,0
2005-03-15,2005-04-28,OPTSTK,IOC,410.0,CA,0.0,0.0,0.0,43.2,70.05,0,0.0,0
2005-03-15,2005-04-28,OPTSTK,IOC,420.0,CA,0.0,0.0,0.0,36.9,61.1,0,0.0,0
2005-03-15,2005-04-28,OPTSTK,IOC,430.0,CA,0.0,0.0,0.0,31.2,52.6,0,0.0,0
2005-03-15,2005-04-28,OPTSTK,IOC,440.0,CA,0.0,0.0,0.0,26.15,44.65,0,0.0,0
2005-03-15,2005-04-28,OPTSTK,IOC,450.0,CA,0.0,0.0,0.0,21.7,37.35,0,0.0,0
2005-03-15,2005-04-28,OPTSTK,IOC,460.0,CA,0.0,0.0,0.0,17.85,30.75,0,0.0,0
2005-03-15,2005-04-28,OPTSTK,IOC,470.0,CA,0.0,0.0,0.0,14.5,24.95,0,0.0,0
2005-03-15,2005-04-28,OPTSTK,IOC,480.0,CA,0.0,0.0,0.0,17.65,19.85,0,0.0,0
2005-03-15,2005-04-28,OPTSTK,IOC,490.0,CA,0.0,0.0,0.0,10.0,15.6,0,0.0,0
2005-03-15,2005-04-28,OPTSTK,IOC,500.0,CA,0.0,0.0,0.0,18.25,12.0,0,0.0,0
2005-03-15,2005-04-28,OPTSTK,IOC,510.0,CA,0.0,0.0,0.0,17.75,9.1,0,0.0,0
2005-03-15,2005-04-28,OPTSTK,IOC,520.0,CA,0.0,0.0,0.0,17.0,6.8,0,0.0,0
2005-03-15,2005-04-28,OPTSTK,IOC,410.0,PA,0.0,0.0,0.0,11.85,1.6,0,0.0,0
2005-03-15,2005-04-28,OPTSTK,IOC,420.0,PA,0.0,0.0,0.0,15.4,2.6,0,0.0,0
2005-03-15,2005-04-28,OPTSTK,IOC,430.0,PA,0.0,0.0,0.0,19.6,4.0,0,0.0,0
2005-03-15,2005-04-28,OPTSTK,IOC,440.0,PA,0.0,0.0,0.0,24.4,6.0,0,0.0,0
2005-03-15,2005-04-28,OPTSTK,IOC,450.0,PA,0.0,0.0,0.0,29.8,8.6,0,0.0,0
2005-03-15,2005-04-28,OPTSTK,IOC,460.0,PA,0.0,0.0,0.0,35.8,11.95,0,0.0,0
2005-03-15,2005-04-28,OPTSTK,IOC,470.0,PA,0.0,0.0,0.0,42.35,16.05,0,0.0,0
2005-03-15,2005-04-28,OPTSTK,IOC,480.0,PA,0.0,0.0,0.0,36.9,20.9,0,0.0,0
2005-03-15,2005-04-28,OPTSTK,IOC,490.0,PA,0.0,0.0,0.0,39.35,26.55,0,0.0,0
2005-03-15,2005-04-28,OPTSTK,IOC,500.0,PA,0.0,0.0,0.0,45.75,32.9,0,0.0,0
2005-03-15,2005-04-28,OPTSTK,IOC,510.0,PA,0.0,0.0,0.0,45.45,39.95,0,0.0,0
2005-03-15,2005-04-28,OPTSTK,IOC,520.0,PA,0.0,0.0,0.0,40.95,47.55,0,0.0,0
2005-03-15,2005-05-26,OPTSTK,IOC,440.0,CA,0.0,0.0,0.0,47.9,50.4,0,0.0,0
2005-03-15,2005-05-26,OPTSTK,IOC,450.0,CA,0.0,0.0,0.0,41.2,43.5,0,0.0,0
2005-03-15,2005-05-26,OPTSTK,IOC,460.0,CA,0.0,0.0,0.0,35.15,37.25,0,0.0,0
2005-03-15,2005-05-26,OPTSTK,IOC,470.0,CA,0.0,0.0,0.0,29.65,31.65,0,0.0,0
2005-03-15,2005-05-26,OPTSTK,IOC,480.0,CA,0.0,0.0,0.0,24.8,26.6,0,0.0,0
2005-03-15,2005-05-26,OPTSTK,IOC,490.0,CA,0.0,0.0,0.0,20.55,22.15,0,0.0,0
2005-03-15,2005-05-26,OPTSTK,IOC,500.0,CA,0.0,0.0,0.0,16.9,18.25,0,0.0,0
2005-03-15,2005-05-26,OPTSTK,IOC,510.0,CA,0.0,0.0,0.0,21.2,14.95,0,0.0,0
2005-03-15,2005-05-26,OPTSTK,IOC,520.0,CA,0.0,0.0,0.0,17.7,12.1,0,0.0,0
2005-03-15,2005-05-26,OPTSTK,IOC,440.0,PA,0.0,0.0,0.0,10.25,9.7,0,0.0,0
2005-03-15,2005-05-26,OPTSTK,IOC,450.0,PA,0.0,0.0,0.0,13.4,12.75,0,0.0,0
2005-03-15,2005-05-26,OPTSTK,IOC,460.0,PA,0.0,0.0,0.0,17.2,16.35,0,0.0,0
2005-03-15,2005-05-26,OPTSTK,IOC,470.0,PA,0.0,0.0,0.0,21.55,20.6,0,0.0,0
2005-03-15,2005-05-26,OPTSTK,IOC,480.0,PA,0.0,0.0,0.0,26.55,25.45,0,0.0,0
2005-03-15,2005-05-26,OPTSTK,IOC,490.0,PA,0.0,0.0,0.0,32.15,30.9,0,0.0,0
2005-03-15,2005-05-26,OPTSTK,IOC,500.0,PA,0.0,0.0,0.0,38.35,36.9,0,0.0,0
2005-03-15,2005-05-26,OPTSTK,IOC,510.0,PA,0.0,0.0,0.0,38.75,43.45,0,0.0,0
2005-03-15,2005-05-26,OPTSTK,IOC,520.0,PA,0.0,0.0,0.0,45.1,50.5,0,0.0,0
2005-03-15,2005-03-31,OPTSTK,IPCL,150.0,CA,0.0,0.0,0.0,35.0,30.4,0,0.0,0
2005-03-15,2005-03-31,OPTSTK,IPCL,155.0,CA,0.0,0.0,0.0,31.0,25.4,0,0.0,0
2005-03-15,2005-03-31,OPTSTK,IPCL,160.0,CA,0.0,0.0,0.0,30.0,20.45,0,0.0,2200
2005-03-15,2005-03-31,OPTSTK,IPCL,165.0,CA,25.0,25.0,15.65,15.65,15.65,14,28.4,0
2005-03-15,2005-03-31,OPTSTK,IPCL,170.0,CA,11.75,13.0,11.75,12.2,12.2,6,12.02,61600
2005-03-15,2005-03-31,OPTSTK,IPCL,175.0,CA,0.0,0.0,0.0,8.6,7.25,0,0.0,60500
2005-03-15,2005-03-31,OPTSTK,IPCL,180.0,CA,5.9,6.3,5.05,5.2,5.2,66,134.67,580800
2005-03-15,2005-03-31,OPTSTK,IPCL,185.0,CA,4.0,4.0,3.15,3.25,3.25,21,43.53,287100
2005-03-15,2005-03-31,OPTSTK,IPCL,190.0,CA,2.25,2.9,1.75,1.95,1.95,71,150.09,811800
2005-03-15,2005-03-31,OPTSTK,IPCL,195.0,CA,1.55,1.8,1.25,1.35,1.35,12,25.94,205700
2005-03-15,2005-03-31,OPTSTK,IPCL,200.0,CA,0.8,0.9,0.65,0.8,0.8,15,33.12,451000
2005-03-15,2005-03-31,OPTSTK,IPCL,205.0,CA,0.0,0.0,0.0,1.0,0.05,0,0.0,24200
2005-03-15,2005-03-31,OPTSTK,IPCL,150.0,PA,0.0,0.0,0.0,5.05,0.0,0,0.0,0
2005-03-15,2005-03-31,OPTSTK,IPCL,155.0,PA,0.0,0.0,0.0,6.45,0.05,0,0.0,0
2005-03-15,2005-03-31,OPTSTK,IPCL,160.0,PA,0.0,0.0,0.0,0.55,0.05,0,0.0,7700
2005-03-15,2005-03-31,OPTSTK,IPCL,165.0,PA,0.0,0.0,0.0,1.0,0.25,0,0.0,15400
2005-03-15,2005-03-31,OPTSTK,IPCL,170.0,PA,1.0,1.35,1.0,1.35,1.35,5,9.41,102300
2005-03-15,2005-03-31,OPTSTK,IPCL,175.0,PA,2.5,2.5,2.0,2.0,2.0,2,3.89,49500
2005-03-15,2005-03-31,OPTSTK,IPCL,180.0,PA,3.75,4.65,3.3,4.35,4.35,25,50.6,184800
2005-03-15,2005-03-31,OPTSTK,IPCL,185.0,PA,0.0,0.0,0.0,6.2,6.75,0,0.0,49500
2005-03-15,2005-03-31,OPTSTK,IPCL,190.0,PA,11.0,11.0,11.0,11.0,11.0,1,2.21,52800
2005-03-15,2005-03-31,OPTSTK,IPCL,195.0,PA,0.0,0.0,0.0,18.0,14.95,0,0.0,8800
2005-03-15,2005-03-31,OPTSTK,IPCL,200.0,PA,20.0,20.0,20.0,20.0,20.0,1,2.42,1100
2005-03-15,2005-03-31,OPTSTK,IPCL,205.0,PA,43.0,43.0,25.0,25.0,25.0,2,5.25,0
2005-03-15,2005-04-28,OPTSTK,IPCL,150.0,CA,0.0,0.0,0.0,23.5,31.2,0,0.0,0
2005-03-15,2005-04-28,OPTSTK,IPCL,155.0,CA,0.0,0.0,0.0,20.1,26.4,0,0.0,0
2005-03-15,2005-04-28,OPTSTK,IPCL,160.0,CA,0.0,0.0,0.0,17.0,21.8,0,0.0,0
2005-03-15,2005-04-28,OPTSTK,IPCL,165.0,CA,0.0,0.0,0.0,14.3,17.5,0,0.0,0
2005-03-15,2005-04-28,OPTSTK,IPCL,170.0,CA,0.0,0.0,0.0,11.9,13.55,0,0.0,0
2005-03-15,2005-04-28,OPTSTK,IPCL,175.0,CA,13.0,13.0,13.0,13.0,13.0,1,2.06,1100
2005-03-15,2005-04-28,OPTSTK,IPCL,180.0,CA,12.25,12.25,9.5,10.5,10.5,7,14.7,11000
2005-03-15,2005-04-28,OPTSTK,IPCL,185.0,CA,7.2,7.2,7.2,7.2,7.2,1,2.11,3300
2005-03-15,2005-04-28,OPTSTK,IPCL,190.0,CA,5.0,6.35,5.0,6.35,6.35,3,6.45,4400
2005-03-15,2005-04-28,OPTSTK,IPCL,195.0,CA,0.0,0.0,0.0,8.05,2.15,0,0.0,0
2005-03-15,2005-04-28,OPTSTK,IPCL,200.0,CA,0.0,0.0,0.0,2.5,1.3,0,0.0,2200
2005-03-15,2005-04-28,OPTSTK,IPCL,150.0,PA,0.0,0.0,0.0,4.35,0.15,0,0.0,0
2005-03-15,2005-04-28,OPTSTK,IPCL,155.0,PA,0.0,0.0,0.0,5.85,0.3,0,0.0,0
2005-03-15,2005-04-28,OPTSTK,IPCL,160.0,PA,0.0,0.0,0.0,7.75,0.65,0,0.0,0
2005-03-15,2005-04-28,OPTSTK,IPCL,165.0,PA,0.0,0.0,0.0,9.95,1.3,0,0.0,0
2005-03-15,2005-04-28,OPTSTK,IPCL,170.0,PA,0.0,0.0,0.0,12.45,2.35,0,0.0,0
2005-03-15,2005-04-28,OPTSTK,IPCL,175.0,PA,0.0,0.0,0.0,15.3,3.9,0,0.0,0
2005-03-15,2005-04-28,OPTSTK,IPCL,180.0,PA,0.0,0.0,0.0,7.0,6.0,0,0.0,3300
2005-03-15,2005-04-28,OPTSTK,IPCL,185.0,PA,0.0,0.0,0.0,19.2,8.7,0,0.0,0
2005-03-15,2005-04-28,OPTSTK,IPCL,190.0,PA,0.0,0.0,0.0,19.3,12.0,0,0.0,0
2005-03-15,2005-04-28,OPTSTK,IPCL,195.0,PA,0.0,0.0,0.0,21.55,15.75,0,0.0,0
2005-03-15,2005-04-28,OPTSTK,IPCL,200.0,PA,0.0,0.0,0.0,19.4,19.9,0,0.0,0
2005-03-15,2005-05-26,OPTSTK,IPCL,160.0,CA,0.0,0.0,0.0,21.45,23.3,0,0.0,0
2005-03-15,2005-05-26,OPTSTK,IPCL,165.0,CA,0.0,0.0,0.0,18.1,19.25,0,0.0,0
2005-03-15,2005-05-26,OPTSTK,IPCL,170.0,CA,0.0,0.0,0.0,15.05,15.6,0,0.0,0
2005-03-15,2005-05-26,OPTSTK,IPCL,175.0,CA,0.0,0.0,0.0,12.4,12.35,0,0.0,0
2005-03-15,2005-05-26,OPTSTK,IPCL,180.0,CA,0.0,0.0,0.0,10.1,9.55,0,0.0,0
2005-03-15,2005-05-26,OPTSTK,IPCL,185.0,CA,0.0,0.0,0.0,8.1,7.25,0,0.0,0
2005-03-15,2005-05-26,OPTSTK,IPCL,190.0,CA,0.0,0.0,0.0,6.45,5.35,0,0.0,0
2005-03-15,2005-05-26,OPTSTK,IPCL,195.0,CA,0.0,0.0,0.0,7.0,3.9,0,0.0,0
2005-03-15,2005-05-26,OPTSTK,IPCL,200.0,CA,0.0,0.0,0.0,5.85,2.75,0,0.0,0
2005-03-15,2005-05-26,OPTSTK,IPCL,160.0,PA,0.0,0.0,0.0,4.1,1.4,0,0.0,0
2005-03-15,2005-05-26,OPTSTK,IPCL,165.0,PA,0.0,0.0,0.0,5.65,2.3,0,0.0,0
2005-03-15,2005-05-26,OPTSTK,IPCL,170.0,PA,0.0,0.0,0.0,7.55,3.6,0,0.0,0
2005-03-15,2005-05-26,OPTSTK,IPCL,175.0,PA,0.0,0.0,0.0,9.8,5.3,0,0.0,0
2005-03-15,2005-05-26,OPTSTK,IPCL,180.0,PA,0.0,0.0,0.0,12.4,7.45,0,0.0,0
2005-03-15,2005-05-26,OPTSTK,IPCL,185.0,PA,0.0,0.0,0.0,15.35,10.05,0,0.0,0
2005-03-15,2005-05-26,OPTSTK,IPCL,190.0,PA,0.0,0.0,0.0,18.6,13.15,0,0.0,0
2005-03-15,2005-05-26,OPTSTK,IPCL,195.0,PA,0.0,0.0,0.0,19.6,16.6,0,0.0,0
2005-03-15,2005-05-26,OPTSTK,IPCL,200.0,PA,0.0,0.0,0.0,19.75,20.4,0,0.0,0
2005-03-15,2005-03-31,OPTSTK,ITC,1140.0,CA,0.0,0.0,0.0,132.0,202.35,0,0.0,0
2005-03-15,2005-03-31,OPTSTK,ITC,1170.0,CA,0.0,0.0,0.0,136.95,172.65,0,0.0,0
2005-03-15,2005-03-31,OPTSTK,ITC,1200.0,CA,0.0,0.0,0.0,134.55,143.35,0,0.0,0
2005-03-15,2005-03-31,OPTSTK,ITC,1230.0,CA,0.0,0.0,0.0,113.65,115.0,0,0.0,0
2005-03-15,2005-03-31,OPTSTK,ITC,1260.0,CA,0.0,0.0,0.0,45.0,88.45,0,0.0,0
2005-03-15,2005-03-31,OPTSTK,ITC,1290.0,CA,75.75,75.75,75.75,75.75,75.75,8,32.77,1500
2005-03-15,2005-03-31,OPTSTK,ITC,1320.0,CA,31.0,48.0,20.0,48.0,48.0,92,372.22,19200
2005-03-15,2005-03-31,OPTSTK,ITC,1350.0,CA,15.0,21.0,15.0,21.0,21.0,13,53.31,16800
2005-03-15,2005-03-31,OPTSTK,ITC,1380.0,CA,10.0,17.25,10.0,17.25,17.25,4,16.7,11700
2005-03-15,2005-03-31,OPTSTK,ITC,1410.0,CA,0.0,0.0,0.0,10.0,9.8,0,0.0,10500
2005-03-15,2005-03-31,OPTSTK,ITC,1440.0,CA,0.0,0.0,0.0,9.75,5.15,0,0.0,1200
2005-03-15,2005-03-31,OPTSTK,ITC,1470.0,CA,0.0,0.0,0.0,28.8,2.5,0,0.0,0
2005-03-15,2005-03-31,OPTSTK,ITC,1500.0,CA,0.0,0.0,0.0,81.2,1.15,0,0.0,0
2005-03-15,2005-03-31,OPTSTK,ITC,1140.0,PA,0.0,0.0,0.0,14.3,0.1,0,0.0,0
2005-03-15,2005-03-31,OPTSTK,ITC,1170.0,PA,0.0,0.0,0.0,18.3,0.3,0,0.0,0
2005-03-15,2005-03-31,OPTSTK,ITC,1200.0,PA,0.0,0.0,0.0,22.9,0.95,0,0.0,0
2005-03-15,2005-03-31,OPTSTK,ITC,1230.0,PA,0.0,0.0,0.0,11.25,2.55,0,0.0,600
2005-03-15,2005-03-31,OPTSTK,ITC,1260.0,PA,0.0,0.0,0.0,25.0,5.9,0,0.0,1500
2005-03-15,2005-03-31,OPTSTK,ITC,1290.0,PA,0.0,0.0,0.0,33.0,12.1,0,0.0,900
2005-03-15,2005-03-31,OPTSTK,ITC,1320.0,PA,0.0,0.0,0.0,15.0,21.9,0,0.0,300
2005-03-15,2005-03-31,OPTSTK,ITC,1350.0,PA,0.0,0.0,0.0,25.0,36.1,0,0.0,1800
2005-03-15,2005-03-31,OPTSTK,ITC,1380.0,PA,0.0,0.0,0.0,22.8,54.6,0,0.0,0
2005-03-15,2005-03-31,OPTSTK,ITC,1410.0,PA,0.0,0.0,0.0,65.0,76.9,0,0.0,0
2005-03-15,2005-03-31,OPTSTK,ITC,1440.0,PA,0.0,0.0,0.0,36.0,102.15,0,0.0,0
2005-03-15,2005-03-31,OPTSTK,ITC,1470.0,PA,0.0,0.0,0.0,52.0,129.45,0,0.0,0
2005-03-15,2005-03-31,OPTSTK,ITC,1500.0,PA,0.0,0.0,0.0,167.45,158.0,0,0.0,0
2005-03-15,2005-04-28,OPTSTK,ITC,1170.0,CA,0.0,0.0,0.0,136.5,182.3,0,0.0,0
2005-03-15,2005-04-28,OPTSTK,ITC,1200.0,CA,0.0,0.0,0.0,148.0,155.7,0,0.0,0
2005-03-15,2005-04-28,OPTSTK,ITC,1230.0,CA,0.0,0.0,0.0,183.8,130.65,0,0.0,0
2005-03-15,2005-04-28,OPTSTK,ITC,1260.0,CA,0.0,0.0,0.0,195.45,107.65,0,0.0,0
2005-03-15,2005-04-28,OPTSTK,ITC,1290.0,CA,0.0,0.0,0.0,200.05,86.85,0,0.0,0
2005-03-15,2005-04-28,OPTSTK,ITC,1320.0,CA,0.0,0.0,0.0,183.5,68.65,0,0.0,0
2005-03-15,2005-04-28,OPTSTK,ITC,1350.0,CA,0.0,0.0,0.0,167.9,53.05,0,0.0,0
2005-03-15,2005-04-28,OPTSTK,ITC,1380.0,CA,0.0,0.0,0.0,45.0,40.15,0,0.0,300
2005-03-15,2005-04-28,OPTSTK,ITC,1410.0,CA,0.0,0.0,0.0,139.8,29.7,0,0.0,0
2005-03-15,2005-04-28,OPTSTK,ITC,1440.0,CA,0.0,0.0,0.0,127.2,21.55,0,0.0,0
2005-03-15,2005-04-28,OPTSTK,ITC,1470.0,CA,0.0,0.0,0.0,115.5,15.2,0,0.0,0
2005-03-15,2005-04-28,OPTSTK,ITC,1500.0,CA,0.0,0.0,0.0,107.0,10.55,0,0.0,0
2005-03-15,2005-04-28,OPTSTK,ITC,1170.0,PA,0.0,0.0,0.0,30.1,4.35,0,0.0,0
2005-03-15,2005-04-28,OPTSTK,ITC,1200.0,PA,0.0,0.0,0.0,35.4,7.55,0,0.0,0
2005-03-15,2005-04-28,OPTSTK,ITC,1230.0,PA,0.0,0.0,0.0,72.25,12.3,0,0.0,0
2005-03-15,2005-04-28,OPTSTK,ITC,1260.0,PA,0.0,0.0,0.0,76.95,19.1,0,0.0,0
2005-03-15,2005-04-28,OPTSTK,ITC,1290.0,PA,0.0,0.0,0.0,87.6,28.05,0,0.0,0
2005-03-15,2005-04-28,OPTSTK,ITC,1320.0,PA,0.0,0.0,0.0,100.6,39.65,0,0.0,0
2005-03-15,2005-04-28,OPTSTK,ITC,1350.0,PA,0.0,0.0,0.0,114.6,53.85,0,0.0,0
2005-03-15,2005-04-28,OPTSTK,ITC,1380.0,PA,0.0,0.0,0.0,129.6,70.7,0,0.0,0
2005-03-15,2005-04-28,OPTSTK,ITC,1410.0,PA,0.0,0.0,0.0,145.65,90.05,0,0.0,0
2005-03-15,2005-04-28,OPTSTK,ITC,1440.0,PA,0.0,0.0,0.0,162.6,111.7,0,0.0,0
2005-03-15,2005-04-28,OPTSTK,ITC,1470.0,PA,0.0,0.0,0.0,180.5,135.15,0,0.0,0
2005-03-15,2005-04-28,OPTSTK,ITC,1500.0,PA,0.0,0.0,0.0,186.85,160.25,0,0.0,0
2005-03-15,2005-05-26,OPTSTK,ITC,1200.0,CA,0.0,0.0,0.0,148.3,168.35,0,0.0,0
2005-03-15,2005-05-26,OPTSTK,ITC,1230.0,CA,0.0,0.0,0.0,128.9,145.05,0,0.0,0
2005-03-15,2005-05-26,OPTSTK,ITC,1260.0,CA,0.0,0.0,0.0,111.15,123.5,0,0.0,0
2005-03-15,2005-05-26,OPTSTK,ITC,1290.0,CA,0.0,0.0,0.0,95.15,103.95,0,0.0,0
2005-03-15,2005-05-26,OPTSTK,ITC,1320.0,CA,0.0,0.0,0.0,80.8,86.4,0,0.0,0
2005-03-15,2005-05-26,OPTSTK,ITC,1350.0,CA,0.0,0.0,0.0,55.0,70.9,0,0.0,300
2005-03-15,2005-05-26,OPTSTK,ITC,1380.0,CA,0.0,0.0,0.0,57.0,57.5,0,0.0,0
2005-03-15,2005-05-26,OPTSTK,ITC,1410.0,CA,0.0,0.0,0.0,65.4,46.05,0,0.0,0
2005-03-15,2005-05-26,OPTSTK,ITC,1440.0,CA,0.0,0.0,0.0,54.95,36.4,0,0.0,0
2005-03-15,2005-05-26,OPTSTK,ITC,1470.0,CA,0.0,0.0,0.0,52.85,28.5,0,0.0,0
2005-03-15,2005-05-26,OPTSTK,ITC,1200.0,PA,0.0,0.0,0.0,35.9,14.75,0,0.0,0
2005-03-15,2005-05-26,OPTSTK,ITC,1230.0,PA,0.0,0.0,0.0,46.05,21.1,0,0.0,0
2005-03-15,2005-05-26,OPTSTK,ITC,1260.0,PA,0.0,0.0,0.0,57.9,29.2,0,0.0,0
2005-03-15,2005-05-26,OPTSTK,ITC,1290.0,PA,0.0,0.0,0.0,71.4,39.3,0,0.0,0
2005-03-15,2005-05-26,OPTSTK,ITC,1320.0,PA,0.0,0.0,0.0,86.65,51.4,0,0.0,0
2005-03-15,2005-05-26,OPTSTK,ITC,1350.0,PA,0.0,0.0,0.0,103.5,65.55,0,0.0,0
2005-03-15,2005-05-26,OPTSTK,ITC,1380.0,PA,0.0,0.0,0.0,121.95,81.8,0,0.0,0
2005-03-15,2005-05-26,OPTSTK,ITC,1410.0,PA,0.0,0.0,0.0,117.05,100.0,0,0.0,0
2005-03-15,2005-05-26,OPTSTK,ITC,1440.0,PA,0.0,0.0,0.0,136.2,120.0,0,0.0,0
2005-03-15,2005-05-26,OPTSTK,ITC,1470.0,PA,0.0,0.0,0.0,129.85,141.75,0,0.0,0
2005-03-15,2005-03-31,OPTSTK,JETAIRWAYS,1140.0,CA,0.0,0.0,0.0,5.65,181.3,0,0.0,0
2005-03-15,2005-03-31,OPTSTK,JETAIRWAYS,1170.0,CA,0.0,0.0,0.0,100.0,159.45,0,0.0,1400
2005-03-15,2005-03-31,OPTSTK,JETAIRWAYS,1200.0,CA,108.0,127.0,100.0,105.55,105.55,44,115.32,24800
2005-03-15,2005-03-31,OPTSTK,JETAIRWAYS,1230.0,CA,81.2,95.0,80.05,84.0,84.0,76,200.19,11600
2005-03-15,2005-03-31,OPTSTK,JETAIRWAYS,1260.0,CA,71.5,75.0,55.1,60.65,60.65,130,343.84,32400
2005-03-15,2005-03-31,OPTSTK,JETAIRWAYS,1290.0,CA,42.0,56.0,39.0,44.2,44.2,297,794.11,40400
2005-03-15,2005-03-31,OPTSTK,JETAIRWAYS,1320.0,CA,40.0,40.0,27.5,30.65,30.65,891,2410.44,108600
2005-03-15,2005-03-31,OPTSTK,JETAIRWAYS,1350.0,CA,20.2,27.55,18.0,20.35,20.35,228,625.41,28400
2005-03-15,2005-03-31,OPTSTK,JETAIRWAYS,1380.0,CA,15.0,17.55,10.55,12.45,12.45,87,242.5,7200
2005-03-15,2005-03-31,OPTSTK,JETAIRWAYS,1140.0,PA,4.0,4.0,4.0,4.0,4.0,1,2.28,3000
2005-03-15,2005-03-31,OPTSTK,JETAIRWAYS,1170.0,PA,10.5,10.5,5.0,5.0,5.0,15,35.3,5200
2005-03-15,2005-03-31,OPTSTK,JETAIRWAYS,1200.0,PA,11.9,11.9,7.0,8.95,8.95,49,118.53,41200
2005-03-15,2005-03-31,OPTSTK,JETAIRWAYS,1230.0,PA,18.3,19.0,13.0,13.25,13.25,30,74.76,13800
2005-03-15,2005-03-31,OPTSTK,JETAIRWAYS,1260.0,PA,20.35,29.9,20.0,23.6,23.6,76,195.15,27400
2005-03-15,2005-03-31,OPTSTK,JETAIRWAYS,1290.0,PA,39.0,43.05,29.0,34.75,34.75,178,472.3,23800
2005-03-15,2005-03-31,OPTSTK,JETAIRWAYS,1320.0,PA,54.0,62.95,42.3,51.7,51.7,43,118.05,9000
2005-03-15,2005-03-31,OPTSTK,JETAIRWAYS,1350.0,PA,0.0,0.0,0.0,246.0,116.45,0,0.0,0
2005-03-15,2005-03-31,OPTSTK,JETAIRWAYS,1380.0,PA,0.0,0.0,0.0,275.95,135.95,0,0.0,0
2005-03-15,2005-04-28,OPTSTK,JETAIRWAYS,1140.0,CA,0.0,0.0,0.0,15.6,228.45,0,0.0,0
2005-03-15,2005-04-28,OPTSTK,JETAIRWAYS,1170.0,CA,0.0,0.0,0.0,8.1,210.05,0,0.0,0
2005-03-15,2005-04-28,OPTSTK,JETAIRWAYS,1200.0,CA,0.0,0.0,0.0,3.85,192.7,0,0.0,0
2005-03-15,2005-04-28,OPTSTK,JETAIRWAYS,1230.0,CA,0.0,0.0,0.0,1.65,176.45,0,0.0,0
2005-03-15,2005-04-28,OPTSTK,JETAIRWAYS,1260.0,CA,0.0,0.0,0.0,0.65,161.2,0,0.0,0
2005-03-15,2005-04-28,OPTSTK,JETAIRWAYS,1290.0,CA,0.0,0.0,0.0,0.25,147.05,0,0.0,0
2005-03-15,2005-04-28,OPTSTK,JETAIRWAYS,1320.0,CA,0.0,0.0,0.0,0.1,133.85,0,0.0,0
2005-03-15,2005-04-28,OPTSTK,JETAIRWAYS,1350.0,CA,0.0,0.0,0.0,0.05,121.6,0,0.0,0
2005-03-15,2005-04-28,OPTSTK,JETAIRWAYS,1380.0,CA,0.0,0.0,0.0,0.05,110.3,0,0.0,0
2005-03-15,2005-04-28,OPTSTK,JETAIRWAYS,1140.0,PA,0.0,0.0,0.0,46.7,66.9,0,0.0,0
2005-03-15,2005-04-28,OPTSTK,JETAIRWAYS,1170.0,PA,0.0,0.0,0.0,69.0,78.3,0,0.0,0
2005-03-15,2005-04-28,OPTSTK,JETAIRWAYS,1200.0,PA,0.0,0.0,0.0,94.5,90.75,0,0.0,0
2005-03-15,2005-04-28,OPTSTK,JETAIRWAYS,1230.0,PA,0.0,0.0,0.0,122.05,104.25,0,0.0,0
2005-03-15,2005-04-28,OPTSTK,JETAIRWAYS,1260.0,PA,0.0,0.0,0.0,150.85,118.8,0,0.0,0
2005-03-15,2005-04-28,OPTSTK,JETAIRWAYS,1290.0,PA,0.0,0.0,0.0,180.2,134.4,0,0.0,0
2005-03-15,2005-04-28,OPTSTK,JETAIRWAYS,1320.0,PA,0.0,0.0,0.0,209.8,151.0,0,0.0,0
2005-03-15,2005-04-28,OPTSTK,JETAIRWAYS,1350.0,PA,0.0,0.0,0.0,239.5,168.55,0,0.0,0
2005-03-15,2005-04-28,OPTSTK,JETAIRWAYS,1380.0,PA,0.0,0.0,0.0,269.25,187.05,0,0.0,0
2005-03-15,2005-05-26,OPTSTK,JETAIRWAYS,1140.0,CA,0.0,0.0,0.0,24.25,264.85,0,0.0,0
2005-03-15,2005-05-26,OPTSTK,JETAIRWAYS,1170.0,CA,0.0,0.0,0.0,15.05,247.9,0,0.0,0
2005-03-15,2005-05-26,OPTSTK,JETAIRWAYS,1200.0,CA,0.0,0.0,0.0,8.85,231.8,0,0.0,0
2005-03-15,2005-05-26,OPTSTK,JETAIRWAYS,1230.0,CA,0.0,0.0,0.0,4.9,216.55,0,0.0,0
2005-03-15,2005-05-26,OPTSTK,JETAIRWAYS,1260.0,CA,0.0,0.0,0.0,2.6,202.15,0,0.0,0
2005-03-15,2005-05-26,OPTSTK,JETAIRWAYS,1290.0,CA,0.0,0.0,0.0,1.3,188.5,0,0.0,0
2005-03-15,2005-05-26,OPTSTK,JETAIRWAYS,1320.0,CA,0.0,0.0,0.0,0.65,175.65,0,0.0,0
2005-03-15,2005-05-26,OPTSTK,JETAIRWAYS,1350.0,CA,0.0,0.0,0.0,0.3,163.55,0,0.0,0
2005-03-15,2005-05-26,OPTSTK,JETAIRWAYS,1380.0,CA,0.0,0.0,0.0,0.15,152.2,0,0.0,0
2005-03-15,2005-05-26,OPTSTK,JETAIRWAYS,1140.0,PA,0.0,0.0,0.0,50.25,98.1,0,0.0,0
2005-03-15,2005-05-26,OPTSTK,JETAIRWAYS,1170.0,PA,0.0,0.0,0.0,70.6,110.8,0,0.0,0
2005-03-15,2005-05-26,OPTSTK,JETAIRWAYS,1200.0,PA,0.0,0.0,0.0,94.05,124.35,0,0.0,0
2005-03-15,2005-05-26,OPTSTK,JETAIRWAYS,1230.0,PA,0.0,0.0,0.0,119.75,138.8,0,0.0,0
2005-03-15,2005-05-26,OPTSTK,JETAIRWAYS,1260.0,PA,0.0,0.0,0.0,147.1,154.0,0,0.0,0
2005-03-15,2005-05-26,OPTSTK,JETAIRWAYS,1290.0,PA,0.0,0.0,0.0,175.4,170.0,0,0.0,0
2005-03-15,2005-05-26,OPTSTK,JETAIRWAYS,1320.0,PA,0.0,0.0,0.0,204.4,186.8,0,0.0,0
2005-03-15,2005-05-26,OPTSTK,JETAIRWAYS,1350.0,PA,0.0,0.0,0.0,233.65,204.35,0,0.0,0
2005-03-15,2005-05-26,OPTSTK,JETAIRWAYS,1380.0,PA,0.0,0.0,0.0,263.15,222.6,0,0.0,0
2005-03-15,2005-03-31,OPTSTK,M&M,440.0,CA,0.0,0.0,0.0,38.0,89.95,0,0.0,0
2005-03-15,2005-03-31,OPTSTK,M&M,450.0,CA,0.0,0.0,0.0,41.0,79.95,0,0.0,0
2005-03-15,2005-03-31,OPTSTK,M&M,460.0,CA,0.0,0.0,0.0,78.2,70.05,0,0.0,0
2005-03-15,2005-03-31,OPTSTK,M&M,470.0,CA,0.0,0.0,0.0,45.7,60.2,0,0.0,0
2005-03-15,2005-03-31,OPTSTK,M&M,480.0,CA,0.0,0.0,0.0,66.75,50.55,0,0.0,0
2005-03-15,2005-03-31,OPTSTK,M&M,490.0,CA,0.0,0.0,0.0,34.45,41.2,0,0.0,0
2005-03-15,2005-03-31,OPTSTK,M&M,500.0,CA,12.0,49.0,7.0,45.85,45.85,11,36.02,1875
2005-03-15,2005-03-31,OPTSTK,M&M,510.0,CA,0.0,0.0,0.0,17.8,24.6,0,0.0,0
2005-03-15,2005-03-31,OPTSTK,M&M,520.0,CA,0.0,0.0,0.0,20.0,17.75,0,0.0,1875
2005-03-15,2005-03-31,OPTSTK,M&M,540.0,CA,9.0,9.0,7.0,7.75,7.75,14,47.94,52500
2005-03-15,2005-03-31,OPTSTK,M&M,560.0,CA,4.0,4.0,4.0,4.0,4.0,1,3.52,64375
2005-03-15,2005-03-31,OPTSTK,M&M,580.0,CA,2.9,2.9,2.75,2.75,2.75,3,10.92,9375
2005-03-15,2005-03-31,OPTSTK,M&M,600.0,CA,0.0,0.0,0.0,7.0,0.2,0,0.0,1250
2005-03-15,2005-03-31,OPTSTK,M&M,620.0,CA,0.0,0.0,0.0,11.5,0.05,0,0.0,0
2005-03-15,2005-03-31,OPTSTK,M&M,440.0,PA,0.0,0.0,0.0,8.05,0.0,0,0.0,0
2005-03-15,2005-03-31,OPTSTK,M&M,450.0,PA,0.0,0.0,0.0,1.0,0.05,0,0.0,625
2005-03-15,2005-03-31,OPTSTK,M&M,460.0,PA,0.0,0.0,0.0,4.8,0.1,0,0.0,0
2005-03-15,2005-03-31,OPTSTK,M&M,470.0,PA,0.0,0.0,0.0,17.0,0.2,0,0.0,0
2005-03-15,2005-03-31,OPTSTK,M&M,480.0,PA,0.0,0.0,0.0,2.0,0.5,0,0.0,625
2005-03-15,2005-03-31,OPTSTK,M&M,490.0,PA,0.0,0.0,0.0,25.5,1.2,0,0.0,0
2005-03-15,2005-03-31,OPTSTK,M&M,500.0,PA,0.0,0.0,0.0,4.0,2.4,0,0.0,625
2005-03-15,2005-03-31,OPTSTK,M&M,510.0,PA,0.0,0.0,0.0,36.1,4.5,0,0.0,0
2005-03-15,2005-03-31,OPTSTK,M&M,520.0,PA,6.0,6.0,6.0,6.0,6.0,1,3.28,11875
2005-03-15,2005-03-31,OPTSTK,M&M,540.0,PA,14.95,15.0,11.0,15.0,15.0,13,44.99,8750
2005-03-15,2005-03-31,OPTSTK,M&M,560.0,PA,0.0,0.0,0.0,20.0,32.7,0,0.0,1875
2005-03-15,2005-03-31,OPTSTK,M&M,580.0,PA,42.0,42.0,41.0,41.0,41.0,8,31.05,5000
2005-03-15,2005-03-31,OPTSTK,M&M,600.0,PA,25.0,75.0,25.0,75.0,75.0,4,16.25,0
2005-03-15,2005-03-31,OPTSTK,M&M,620.0,PA,0.0,0.0,0.0,66.8,89.7,0,0.0,0
2005-03-15,2005-04-28,OPTSTK,M&M,440.0,CA,0.0,0.0,0.0,84.55,92.4,0,0.0,0
2005-03-15,2005-04-28,OPTSTK,M&M,460.0,CA,0.0,0.0,0.0,70.05,73.45,0,0.0,0
2005-03-15,2005-04-28,OPTSTK,M&M,480.0,CA,0.0,0.0,0.0,57.1,55.7,0,0.0,0
2005-03-15,2005-04-28,OPTSTK,M&M,500.0,CA,0.0,0.0,0.0,45.85,39.9,0,0.0,0
2005-03-15,2005-04-28,OPTSTK,M&M,520.0,CA,0.0,0.0,0.0,36.25,26.85,0,0.0,0
2005-03-15,2005-04-28,OPTSTK,M&M,540.0,CA,0.0,0.0,0.0,28.25,16.85,0,0.0,0
2005-03-15,2005-04-28,OPTSTK,M&M,560.0,CA,0.0,0.0,0.0,21.7,9.85,0,0.0,0
2005-03-15,2005-04-28,OPTSTK,M&M,580.0,CA,0.0,0.0,0.0,30.0,5.4,0,0.0,0
2005-03-15,2005-04-28,OPTSTK,M&M,600.0,CA,0.0,0.0,0.0,24.0,2.75,0,0.0,0
2005-03-15,2005-04-28,OPTSTK,M&M,620.0,CA,0.0,0.0,0.0,14.85,1.3,0,0.0,0
2005-03-15,2005-04-28,OPTSTK,M&M,440.0,PA,0.0,0.0,0.0,9.8,0.4,0,0.0,0
2005-03-15,2005-04-28,OPTSTK,M&M,460.0,PA,0.0,0.0,0.0,15.0,1.3,0,0.0,0
2005-03-15,2005-04-28,OPTSTK,M&M,480.0,PA,0.0,0.0,0.0,21.8,3.35,0,0.0,0
2005-03-15,2005-04-28,OPTSTK,M&M,500.0,PA,0.0,0.0,0.0,30.25,7.45,0,0.0,0
2005-03-15,2005-04-28,OPTSTK,M&M,520.0,PA,0.0,0.0,0.0,40.35,14.25,0,0.0,0
2005-03-15,2005-04-28,OPTSTK,M&M,540.0,PA,0.0,0.0,0.0,52.05,24.15,0,0.0,0
2005-03-15,2005-04-28,OPTSTK,M&M,560.0,PA,0.0,0.0,0.0,65.25,37.0,0,0.0,0
2005-03-15,2005-04-28,OPTSTK,M&M,580.0,PA,0.0,0.0,0.0,68.5,52.4,0,0.0,0
2005-03-15,2005-04-28,OPTSTK,M&M,600.0,PA,0.0,0.0,0.0,82.2,69.6,0,0.0,0
2005-03-15,2005-04-28,OPTSTK,M&M,620.0,PA,0.0,0.0,0.0,74.25,88.0,0,0.0,0
2005-03-15,2005-05-26,OPTSTK,M&M,460.0,CA,0.0,0.0,0.0,82.65,77.4,0,0.0,0
2005-03-15,2005-05-26,OPTSTK,M&M,480.0,CA,0.0,0.0,0.0,73.05,60.75,0,0.0,0
2005-03-15,2005-05-26,OPTSTK,M&M,500.0,CA,0.0,0.0,0.0,59.0,46.05,0,0.0,0
2005-03-15,2005-05-26,OPTSTK,M&M,520.0,CA,0.0,0.0,0.0,46.7,33.6,0,0.0,0
2005-03-15,2005-05-26,OPTSTK,M&M,540.0,CA,0.0,0.0,0.0,36.25,23.55,0,0.0,0
2005-03-15,2005-05-26,OPTSTK,M&M,560.0,CA,0.0,0.0,0.0,27.6,15.85,0,0.0,0
2005-03-15,2005-05-26,OPTSTK,M&M,580.0,CA,0.0,0.0,0.0,20.6,10.3,0,0.0,0
2005-03-15,2005-05-26,OPTSTK,M&M,600.0,CA,0.0,0.0,0.0,15.15,6.45,0,0.0,0
2005-03-15,2005-05-26,OPTSTK,M&M,620.0,CA,0.0,0.0,0.0,14.2,3.9,0,0.0,0
2005-03-15,2005-05-26,OPTSTK,M&M,460.0,PA,0.0,0.0,0.0,6.8,3.15,0,0.0,0
2005-03-15,2005-05-26,OPTSTK,M&M,480.0,PA,0.0,0.0,0.0,10.35,6.3,0,0.0,0
2005-03-15,2005-05-26,OPTSTK,M&M,500.0,PA,0.0,0.0,0.0,16.0,11.3,0,0.0,0
2005-03-15,2005-05-26,OPTSTK,M&M,520.0,PA,0.0,0.0,0.0,23.4,18.6,0,0.0,0
2005-03-15,2005-05-26,OPTSTK,M&M,540.0,PA,0.0,0.0,0.0,32.65,28.35,0,0.0,0
2005-03-15,2005-05-26,OPTSTK,M&M,560.0,PA,0.0,0.0,0.0,43.7,40.45,0,0.0,0
2005-03-15,2005-05-26,OPTSTK,M&M,580.0,PA,0.0,0.0,0.0,56.45,54.65,0,0.0,0
2005-03-15,2005-05-26,OPTSTK,M&M,600.0,PA,0.0,0.0,0.0,70.65,70.55,0,0.0,0
2005-03-15,2005-05-26,OPTSTK,M&M,620.0,PA,0.0,0.0,0.0,71.85,87.75,0,0.0,0
2005-03-15,2005-03-31,OPTSTK,MARUTI,360.0,CA,0.0,0.0,0.0,53.95,90.35,0,0.0,0
2005-03-15,2005-03-31,OPTSTK,MARUTI,370.0,CA,0.0,0.0,0.0,87.8,80.4,0,0.0,400
2005-03-15,2005-03-31,OPTSTK,MARUTI,380.0,CA,0.0,0.0,0.0,86.0,70.5,0,0.0,400
2005-03-15,2005-03-31,OPTSTK,MARUTI,390.0,CA,0.0,0.0,0.0,52.9,60.7,0,0.0,0
2005-03-15,2005-03-31,OPTSTK,MARUTI,400.0,CA,0.0,0.0,0.0,70.0,51.1,0,0.0,0
2005-03-15,2005-03-31,OPTSTK,MARUTI,410.0,CA,0.0,0.0,0.0,48.2,41.95,0,0.0,0
2005-03-15,2005-03-31,OPTSTK,MARUTI,420.0,CA,0.0,0.0,0.0,80.0,33.35,0,0.0,4000
2005-03-15,2005-03-31,OPTSTK,MARUTI,430.0,CA,0.0,0.0,0.0,49.4,25.6,0,0.0,0
2005-03-15,2005-03-31,OPTSTK,MARUTI,440.0,CA,20.0,20.0,20.0,20.0,20.0,2,3.68,1200
2005-03-15,2005-03-31,OPTSTK,MARUTI,450.0,CA,13.0,13.6,10.3,13.6,13.6,38,70.19,22000
2005-03-15,2005-03-31,OPTSTK,MARUTI,460.0,CA,11.9,11.9,7.05,8.75,8.75,75,140.72,72400
2005-03-15,2005-03-31,OPTSTK,MARUTI,470.0,CA,7.55,7.55,5.2,5.85,5.85,318,605.03,132400
2005-03-15,2005-03-31,OPTSTK,MARUTI,480.0,CA,4.2,4.75,3.3,3.75,3.75,42,81.29,126000
2005-03-15,2005-03-31,OPTSTK,MARUTI,490.0,CA,2.0,2.0,2.0,2.0,2.0,1,1.96,24800
2005-03-15,2005-03-31,OPTSTK,MARUTI,500.0,CA,1.5,1.65,1.5,1.55,1.55,6,12.03,63600
2005-03-15,2005-03-31,OPTSTK,MARUTI,510.0,CA,0.0,0.0,0.0,1.05,0.65,0,0.0,7200
2005-03-15,2005-03-31,OPTSTK,MARUTI,520.0,CA,0.0,0.0,0.0,1.0,0.35,0,0.0,8400
2005-03-15,2005-03-31,OPTSTK,MARUTI,540.0,CA,0.0,0.0,0.0,1.35,0.1,0,0.0,800
2005-03-15,2005-03-31,OPTSTK,MARUTI,560.0,CA,0.0,0.0,0.0,1.0,0.05,0,0.0,1600
2005-03-15,2005-03-31,OPTSTK,MARUTI,360.0,PA,0.0,0.0,0.0,15.35,0.05,0,0.0,0
2005-03-15,2005-03-31,OPTSTK,MARUTI,370.0,PA,0.0,0.0,0.0,4.55,0.05,0,0.0,400
2005-03-15,2005-03-31,OPTSTK,MARUTI,380.0,PA,0.0,0.0,0.0,14.5,0.1,0,0.0,0
2005-03-15,2005-03-31,OPTSTK,MARUTI,390.0,PA,0.0,0.0,0.0,14.3,0.3,0,0.0,0
2005-03-15,2005-03-31,OPTSTK,MARUTI,400.0,PA,0.0,0.0,0.0,1.0,0.7,0,0.0,800
2005-03-15,2005-03-31,OPTSTK,MARUTI,410.0,PA,0.0,0.0,0.0,16.45,1.5,0,0.0,0
2005-03-15,2005-03-31,OPTSTK,MARUTI,420.0,PA,0.0,0.0,0.0,3.0,2.9,0,0.0,0
2005-03-15,2005-03-31,OPTSTK,MARUTI,430.0,PA,0.0,0.0,0.0,4.9,5.15,0,0.0,800
2005-03-15,2005-03-31,OPTSTK,MARUTI,440.0,PA,6.05,6.35,5.45,6.25,6.25,4,7.13,2800
2005-03-15,2005-03-31,OPTSTK,MARUTI,450.0,PA,8.75,11.0,8.75,10.65,10.65,14,25.75,22400
2005-03-15,2005-03-31,OPTSTK,MARUTI,460.0,PA,13.0,18.8,12.25,12.25,12.25,15,28.56,25200
2005-03-15,2005-03-31,OPTSTK,MARUTI,470.0,PA,19.05,25.0,19.05,22.1,22.1,10,19.7,26800
2005-03-15,2005-03-31,OPTSTK,MARUTI,480.0,PA,28.0,33.0,28.0,33.0,33.0,2,4.08,2800
2005-03-15,2005-03-31,OPTSTK,MARUTI,490.0,PA,0.0,0.0,0.0,8.85,41.55,0,0.0,1200
2005-03-15,2005-03-31,OPTSTK,MARUTI,500.0,PA,20.0,59.0,20.0,59.0,59.0,6,12.94,800
2005-03-15,2005-03-31,OPTSTK,MARUTI,510.0,PA,0.0,0.0,0.0,44.8,60.0,0,0.0,0
2005-03-15,2005-03-31,OPTSTK,MARUTI,520.0,PA,0.0,0.0,0.0,51.1,69.65,0,0.0,0
2005-03-15,2005-03-31,OPTSTK,MARUTI,540.0,PA,20.05,20.05,20.05,20.05,20.05,8,17.92,3200
2005-03-15,2005-03-31,OPTSTK,MARUTI,560.0,PA,31.1,31.1,31.1,31.1,31.1,23,54.38,9200
2005-03-15,2005-04-28,OPTSTK,MARUTI,410.0,CA,0.0,0.0,0.0,62.35,48.5,0,0.0,0
2005-03-15,2005-04-28,OPTSTK,MARUTI,420.0,CA,0.0,0.0,0.0,56.9,41.1,0,0.0,0
2005-03-15,2005-04-28,OPTSTK,MARUTI,430.0,CA,0.0,0.0,0.0,51.8,34.35,0,0.0,0
2005-03-15,2005-04-28,OPTSTK,MARUTI,440.0,CA,0.0,0.0,0.0,47.1,28.35,0,0.0,0
2005-03-15,2005-04-28,OPTSTK,MARUTI,450.0,CA,0.0,0.0,0.0,42.7,23.1,0,0.0,0
2005-03-15,2005-04-28,OPTSTK,MARUTI,460.0,CA,15.0,15.0,15.0,15.0,15.0,1,1.9,400
2005-03-15,2005-04-28,OPTSTK,MARUTI,470.0,CA,0.0,0.0,0.0,34.9,14.65,0,0.0,0
2005-03-15,2005-04-28,OPTSTK,MARUTI,480.0,CA,0.0,0.0,0.0,21.0,11.45,0,0.0,400
2005-03-15,2005-04-28,OPTSTK,MARUTI,490.0,CA,0.0,0.0,0.0,32.15,8.8,0,0.0,0
2005-03-15,2005-04-28,OPTSTK,MARUTI,500.0,CA,0.0,0.0,0.0,27.15,6.7,0,0.0,0
2005-03-15,2005-04-28,OPTSTK,MARUTI,510.0,CA,0.0,0.0,0.0,36.15,5.0,0,0.0,0
2005-03-15,2005-04-28,OPTSTK,MARUTI,520.0,CA,0.0,0.0,0.0,32.35,3.7,0,0.0,0
2005-03-15,2005-04-28,OPTSTK,MARUTI,540.0,CA,0.0,0.0,0.0,29.35,1.95,0,0.0,0
2005-03-15,2005-04-28,OPTSTK,MARUTI,560.0,CA,0.0,0.0,0.0,23.2,1.0,0,0.0,0
2005-03-15,2005-04-28,OPTSTK,MARUTI,410.0,PA,0.0,0.0,0.0,28.65,6.1,0,0.0,0
2005-03-15,2005-04-28,OPTSTK,MARUTI,420.0,PA,0.0,0.0,0.0,33.05,8.65,0,0.0,0
2005-03-15,2005-04-28,OPTSTK,MARUTI,430.0,PA,0.0,0.0,0.0,37.85,11.85,0,0.0,0
2005-03-15,2005-04-28,OPTSTK,MARUTI,440.0,PA,0.0,0.0,0.0,42.95,15.75,0,0.0,0
2005-03-15,2005-04-28,OPTSTK,MARUTI,450.0,PA,0.0,0.0,0.0,48.45,20.4,0,0.0,0
2005-03-15,2005-04-28,OPTSTK,MARUTI,460.0,PA,0.0,0.0,0.0,19.0,25.75,0,0.0,400
2005-03-15,2005-04-28,OPTSTK,MARUTI,470.0,PA,0.0,0.0,0.0,60.35,31.8,0,0.0,0
2005-03-15,2005-04-28,OPTSTK,MARUTI,480.0,PA,0.0,0.0,0.0,60.35,38.55,0,0.0,0
2005-03-15,2005-04-28,OPTSTK,MARUTI,490.0,PA,0.0,0.0,0.0,55.5,45.85,0,0.0,0
2005-03-15,2005-04-28,OPTSTK,MARUTI,500.0,PA,0.0,0.0,0.0,55.35,53.65,0,0.0,0
2005-03-15,2005-04-28,OPTSTK,MARUTI,510.0,PA,0.0,0.0,0.0,51.95,61.9,0,0.0,0
2005-03-15,2005-04-28,OPTSTK,MARUTI,520.0,PA,0.0,0.0,0.0,58.05,70.55,0,0.0,0
2005-03-15,2005-04-28,OPTSTK,MARUTI,540.0,PA,0.0,0.0,0.0,62.4,88.65,0,0.0,0
2005-03-15,2005-04-28,OPTSTK,MARUTI,560.0,PA,0.0,0.0,0.0,76.0,107.5,0,0.0,0
2005-03-15,2005-05-26,OPTSTK,MARUTI,420.0,CA,0.0,0.0,0.0,51.85,47.4,0,0.0,0
2005-03-15,2005-05-26,OPTSTK,MARUTI,430.0,CA,0.0,0.0,0.0,57.5,41.05,0,0.0,0
2005-03-15,2005-05-26,OPTSTK,MARUTI,440.0,CA,0.0,0.0,0.0,61.15,35.3,0,0.0,0
2005-03-15,2005-05-26,OPTSTK,MARUTI,450.0,CA,0.0,0.0,0.0,55.25,30.1,0,0.0,0
2005-03-15,2005-05-26,OPTSTK,MARUTI,460.0,CA,0.0,0.0,0.0,49.7,25.5,0,0.0,0
2005-03-15,2005-05-26,OPTSTK,MARUTI,470.0,CA,0.0,0.0,0.0,44.6,21.4,0,0.0,0
2005-03-15,2005-05-26,OPTSTK,MARUTI,480.0,CA,0.0,0.0,0.0,39.9,17.85,0,0.0,0
2005-03-15,2005-05-26,OPTSTK,MARUTI,490.0,CA,0.0,0.0,0.0,35.6,14.75,0,0.0,0
2005-03-15,2005-05-26,OPTSTK,MARUTI,500.0,CA,0.0,0.0,0.0,31.65,12.15,0,0.0,0
2005-03-15,2005-05-26,OPTSTK,MARUTI,510.0,CA,0.0,0.0,0.0,27.9,9.95,0,0.0,0
2005-03-15,2005-05-26,OPTSTK,MARUTI,420.0,PA,0.0,0.0,0.0,13.1,13.0,0,0.0,0
2005-03-15,2005-05-26,OPTSTK,MARUTI,430.0,PA,0.0,0.0,0.0,18.0,16.55,0,0.0,0
2005-03-15,2005-05-26,OPTSTK,MARUTI,440.0,PA,0.0,0.0,0.0,21.65,20.7,0,0.0,0
2005-03-15,2005-05-26,OPTSTK,MARUTI,450.0,PA,0.0,0.0,0.0,25.55,25.4,0,0.0,0
2005-03-15,2005-05-26,OPTSTK,MARUTI,460.0,PA,0.0,0.0,0.0,29.9,30.65,0,0.0,0
2005-03-15,2005-05-26,OPTSTK,MARUTI,470.0,PA,0.0,0.0,0.0,34.65,36.45,0,0.0,0
2005-03-15,2005-05-26,OPTSTK,MARUTI,480.0,PA,0.0,0.0,0.0,39.8,42.75,0,0.0,0
2005-03-15,2005-05-26,OPTSTK,MARUTI,490.0,PA,0.0,0.0,0.0,45.35,49.55,0,0.0,0
2005-03-15,2005-05-26,OPTSTK,MARUTI,500.0,PA,0.0,0.0,0.0,51.25,56.85,0,0.0,0
2005-03-15,2005-05-26,OPTSTK,MARUTI,510.0,PA,0.0,0.0,0.0,47.35,64.5,0,0.0,0
2005-03-15,2005-03-31,OPTSTK,MASTEK,290.0,CA,0.0,0.0,0.0,39.95,89.35,0,0.0,0
2005-03-15,2005-03-31,OPTSTK,MASTEK,300.0,CA,0.0,0.0,0.0,18.5,79.4,0,0.0,0
2005-03-15,2005-03-31,OPTSTK,MASTEK,310.0,CA,0.0,0.0,0.0,15.0,69.4,0,0.0,0
2005-03-15,2005-03-31,OPTSTK,MASTEK,320.0,CA,0.0,0.0,0.0,23.1,59.5,0,0.0,0
2005-03-15,2005-03-31,OPTSTK,MASTEK,330.0,CA,0.0,0.0,0.0,18.85,49.6,0,0.0,0
2005-03-15,2005-03-31,OPTSTK,MASTEK,340.0,CA,0.0,0.0,0.0,15.25,39.95,0,0.0,0
2005-03-15,2005-03-31,OPTSTK,MASTEK,350.0,CA,0.0,0.0,0.0,12.2,30.8,0,0.0,0
2005-03-15,2005-03-31,OPTSTK,MASTEK,360.0,CA,0.0,0.0,0.0,32.0,22.45,0,0.0,0
2005-03-15,2005-03-31,OPTSTK,MASTEK,370.0,CA,0.0,0.0,0.0,16.2,15.35,0,0.0,0
2005-03-15,2005-03-31,OPTSTK,MASTEK,380.0,CA,0.0,0.0,0.0,21.85,9.8,0,0.0,3200
2005-03-15,2005-03-31,OPTSTK,MASTEK,390.0,CA,0.0,0.0,0.0,8.25,5.75,0,0.0,0
2005-03-15,2005-03-31,OPTSTK,MASTEK,400.0,CA,0.0,0.0,0.0,7.0,3.15,0,0.0,17600
2005-03-15,2005-03-31,OPTSTK,MASTEK,410.0,CA,0.0,0.0,0.0,3.35,1.6,0,0.0,1600
2005-03-15,2005-03-31,OPTSTK,MASTEK,420.0,CA,0.0,0.0,0.0,2.15,0.75,0,0.0,0
2005-03-15,2005-03-31,OPTSTK,MASTEK,430.0,CA,0.0,0.0,0.0,20.0,0.3,0,0.0,0
2005-03-15,2005-03-31,OPTSTK,MASTEK,290.0,PA,0.0,0.0,0.0,10.15,0.0,0,0.0,0
2005-03-15,2005-03-31,OPTSTK,MASTEK,300.0,PA,0.0,0.0,0.0,13.7,0.0,0,0.0,0
2005-03-15,2005-03-31,OPTSTK,MASTEK,310.0,PA,0.0,0.0,0.0,17.95,0.05,0,0.0,0
2005-03-15,2005-03-31,OPTSTK,MASTEK,320.0,PA,0.0,0.0,0.0,22.85,0.05,0,0.0,0
2005-03-15,2005-03-31,OPTSTK,MASTEK,330.0,PA,0.0,0.0,0.0,28.45,0.15,0,0.0,0
2005-03-15,2005-03-31,OPTSTK,MASTEK,340.0,PA,0.0,0.0,0.0,34.7,0.5,0,0.0,0
2005-03-15,2005-03-31,OPTSTK,MASTEK,350.0,PA,0.0,0.0,0.0,41.5,1.3,0,0.0,0
2005-03-15,2005-03-31,OPTSTK,MASTEK,360.0,PA,0.0,0.0,0.0,37.7,2.95,0,0.0,0
2005-03-15,2005-03-31,OPTSTK,MASTEK,370.0,PA,0.0,0.0,0.0,1.15,5.8,0,0.0,0
2005-03-15,2005-03-31,OPTSTK,MASTEK,380.0,PA,8.05,8.05,8.05,8.05,8.05,25,155.22,43200
2005-03-15,2005-03-31,OPTSTK,MASTEK,390.0,PA,0.0,0.0,0.0,52.15,16.15,0,0.0,0
2005-03-15,2005-03-31,OPTSTK,MASTEK,400.0,PA,0.0,0.0,0.0,11.8,23.5,0,0.0,0
2005-03-15,2005-03-31,OPTSTK,MASTEK,410.0,PA,0.0,0.0,0.0,48.2,31.95,0,0.0,0
2005-03-15,2005-03-31,OPTSTK,MASTEK,420.0,PA,0.0,0.0,0.0,26.5,41.05,0,0.0,0
2005-03-15,2005-03-31,OPTSTK,MASTEK,430.0,PA,0.0,0.0,0.0,54.25,50.65,0,0.0,0
2005-03-15,2005-03-31,OPTSTK,MTNL,115.0,CA,0.0,0.0,0.0,43.0,20.0,0,0.0,0
2005-03-15,2005-03-31,OPTSTK,MTNL,120.0,CA,0.0,0.0,0.0,22.1,15.15,0,0.0,3200
2005-03-15,2005-03-31,OPTSTK,MTNL,125.0,CA,0.0,0.0,0.0,16.15,10.65,0,0.0,3200
2005-03-15,2005-03-31,OPTSTK,MTNL,130.0,CA,6.0,8.25,6.0,7.9,7.9,9,19.81,188800
2005-03-15,2005-03-31,OPTSTK,MTNL,135.0,CA,5.25,5.3,3.8,4.25,4.25,75,167.41,508800
2005-03-15,2005-03-31,OPTSTK,MTNL,140.0,CA,3.1,3.1,2.25,2.45,2.45,157,358.37,1380800
2005-03-15,2005-03-31,OPTSTK,MTNL,145.0,CA,1.95,1.95,1.4,1.5,1.5,35,82.1,396800
2005-03-15,2005-03-31,OPTSTK,MTNL,150.0,CA,1.3,1.3,0.85,1.0,1.0,30,72.49,569600
2005-03-15,2005-03-31,OPTSTK,MTNL,155.0,CA,0.65,0.65,0.65,0.65,0.65,3,7.47,56000
2005-03-15,2005-03-31,OPTSTK,MTNL,160.0,CA,0.4,0.4,0.4,0.4,0.4,1,2.56,75200
2005-03-15,2005-03-31,OPTSTK,MTNL,165.0,CA,0.3,0.3,0.3,0.3,0.3,1,2.64,11200
2005-03-15,2005-03-31,OPTSTK,MTNL,170.0,CA,0.2,0.2,0.2,0.2,0.2,1,2.72,4800
2005-03-15,2005-03-31,OPTSTK,MTNL,175.0,CA,0.0,0.0,0.0,11.4,0.0,0,0.0,0
2005-03-15,2005-03-31,OPTSTK,MTNL,180.0,CA,0.0,0.0,0.0,9.6,0.0,0,0.0,0
2005-03-15,2005-03-31,OPTSTK,MTNL,115.0,PA,0.0,0.0,0.0,0.35,0.05,0,0.0,0
2005-03-15,2005-03-31,OPTSTK,MTNL,120.0,PA,0.0,0.0,0.0,0.15,0.2,0,0.0,12800
2005-03-15,2005-03-31,OPTSTK,MTNL,125.0,PA,0.7,0.7,0.7,0.7,0.7,1,2.01,30400
2005-03-15,2005-03-31,OPTSTK,MTNL,130.0,PA,1.55,1.8,1.25,1.5,1.5,8,16.82,222400
2005-03-15,2005-03-31,OPTSTK,MTNL,135.0,PA,3.0,3.75,2.8,3.4,3.4,25,55.27,198400
2005-03-15,2005-03-31,OPTSTK,MTNL,140.0,PA,5.85,6.8,5.55,6.8,6.8,14,32.73,115200
2005-03-15,2005-03-31,OPTSTK,MTNL,145.0,PA,0.0,0.0,0.0,7.5,10.85,0,0.0,30400
2005-03-15,2005-03-31,OPTSTK,MTNL,150.0,PA,12.95,16.5,12.95,16.0,16.0,6,15.9,16000
2005-03-15,2005-03-31,OPTSTK,MTNL,155.0,PA,0.0,0.0,0.0,8.05,20.1,0,0.0,0
2005-03-15,2005-03-31,OPTSTK,MTNL,160.0,PA,0.0,0.0,0.0,11.0,25.0,0,0.0,4800
2005-03-15,2005-03-31,OPTSTK,MTNL,165.0,PA,0.0,0.0,0.0,13.95,30.0,0,0.0,0
2005-03-15,2005-03-31,OPTSTK,MTNL,170.0,PA,0.0,0.0,0.0,17.45,34.95,0,0.0,0
2005-03-15,2005-03-31,OPTSTK,MTNL,175.0,PA,0.0,0.0,0.0,17.5,39.95,0,0.0,0
2005-03-15,2005-03-31,OPTSTK,MTNL,180.0,PA,0.0,0.0,0.0,20.6,44.95,0,0.0,0
2005-03-15,2005-04-28,OPTSTK,MTNL,115.0,CA,0.0,0.0,0.0,19.3,21.05,0,0.0,0
2005-03-15,2005-04-28,OPTSTK,MTNL,120.0,CA,0.0,0.0,0.0,23.25,16.75,0,0.0,0
2005-03-15,2005-04-28,OPTSTK,MTNL,125.0,CA,0.0,0.0,0.0,24.95,12.85,0,0.0,0
2005-03-15,2005-04-28,OPTSTK,MTNL,130.0,CA,0.0,0.0,0.0,17.9,9.5,0,0.0,6400
2005-03-15,2005-04-28,OPTSTK,MTNL,135.0,CA,0.0,0.0,0.0,11.0,6.75,0,0.0,1600
2005-03-15,2005-04-28,OPTSTK,MTNL,140.0,CA,6.2,6.85,6.2,6.85,6.85,2,4.68,11200
2005-03-15,2005-04-28,OPTSTK,MTNL,145.0,CA,0.0,0.0,0.0,15.05,3.0,0,0.0,0
2005-03-15,2005-04-28,OPTSTK,MTNL,150.0,CA,0.0,0.0,0.0,12.9,1.9,0,0.0,0
2005-03-15,2005-04-28,OPTSTK,MTNL,155.0,CA,0.0,0.0,0.0,11.05,1.15,0,0.0,0
2005-03-15,2005-04-28,OPTSTK,MTNL,160.0,CA,0.0,0.0,0.0,9.4,0.7,0,0.0,0
2005-03-15,2005-04-28,OPTSTK,MTNL,165.0,CA,0.0,0.0,0.0,10.15,0.4,0,0.0,0
2005-03-15,2005-04-28,OPTSTK,MTNL,115.0,PA,0.0,0.0,0.0,1.05,0.6,0,0.0,0
2005-03-15,2005-04-28,OPTSTK,MTNL,120.0,PA,0.0,0.0,0.0,4.65,1.25,0,0.0,0
2005-03-15,2005-04-28,OPTSTK,MTNL,125.0,PA,0.0,0.0,0.0,6.2,2.3,0,0.0,0
2005-03-15,2005-04-28,OPTSTK,MTNL,130.0,PA,0.0,0.0,0.0,4.5,3.9,0,0.0,1600
2005-03-15,2005-04-28,OPTSTK,MTNL,135.0,PA,0.0,0.0,0.0,9.6,6.1,0,0.0,0
2005-03-15,2005-04-28,OPTSTK,MTNL,140.0,PA,0.0,0.0,0.0,11.85,8.95,0,0.0,0
2005-03-15,2005-04-28,OPTSTK,MTNL,145.0,PA,0.0,0.0,0.0,14.4,12.35,0,0.0,0
2005-03-15,2005-04-28,OPTSTK,MTNL,150.0,PA,0.0,0.0,0.0,17.2,16.2,0,0.0,0
2005-03-15,2005-04-28,OPTSTK,MTNL,155.0,PA,0.0,0.0,0.0,20.3,20.4,0,0.0,0
2005-03-15,2005-04-28,OPTSTK,MTNL,160.0,PA,0.0,0.0,0.0,23.55,24.9,0,0.0,0
2005-03-15,2005-04-28,OPTSTK,MTNL,165.0,PA,0.0,0.0,0.0,24.15,29.55,0,0.0,0
2005-03-15,2005-05-26,OPTSTK,MTNL,115.0,CA,0.0,0.0,0.0,20.55,22.3,0,0.0,0
2005-03-15,2005-05-26,OPTSTK,MTNL,120.0,CA,0.0,0.0,0.0,18.0,18.3,0,0.0,0
2005-03-15,2005-05-26,OPTSTK,MTNL,125.0,CA,0.0,0.0,0.0,14.75,14.65,0,0.0,0
2005-03-15,2005-05-26,OPTSTK,MTNL,130.0,CA,0.0,0.0,0.0,11.9,11.5,0,0.0,0
2005-03-15,2005-05-26,OPTSTK,MTNL,135.0,CA,0.0,0.0,0.0,9.45,8.85,0,0.0,0
2005-03-15,2005-05-26,OPTSTK,MTNL,140.0,CA,0.0,0.0,0.0,7.35,6.6,0,0.0,0
2005-03-15,2005-05-26,OPTSTK,MTNL,145.0,CA,0.0,0.0,0.0,5.7,4.85,0,0.0,0
2005-03-15,2005-05-26,OPTSTK,MTNL,150.0,CA,0.0,0.0,0.0,4.35,3.5,0,0.0,0
2005-03-15,2005-05-26,OPTSTK,MTNL,155.0,CA,0.0,0.0,0.0,4.75,2.45,0,0.0,0
2005-03-15,2005-05-26,OPTSTK,MTNL,115.0,PA,0.0,0.0,0.0,1.8,1.3,0,0.0,0
2005-03-15,2005-05-26,OPTSTK,MTNL,120.0,PA,0.0,0.0,0.0,3.7,2.25,0,0.0,0
2005-03-15,2005-05-26,OPTSTK,MTNL,125.0,PA,0.0,0.0,0.0,5.35,3.55,0,0.0,0
2005-03-15,2005-05-26,OPTSTK,MTNL,130.0,PA,0.0,0.0,0.0,7.4,5.35,0,0.0,0
2005-03-15,2005-05-26,OPTSTK,MTNL,135.0,PA,0.0,0.0,0.0,9.85,7.6,0,0.0,0
2005-03-15,2005-05-26,OPTSTK,MTNL,140.0,PA,0.0,0.0,0.0,12.75,10.35,0,0.0,0
2005-03-15,2005-05-26,OPTSTK,MTNL,145.0,PA,0.0,0.0,0.0,15.95,13.5,0,0.0,0
2005-03-15,2005-05-26,OPTSTK,MTNL,150.0,PA,0.0,0.0,0.0,19.55,17.1,0,0.0,0
2005-03-15,2005-05-26,OPTSTK,MTNL,155.0,PA,0.0,0.0,0.0,16.35,21.0,0,0.0,0
2005-03-15,2005-03-31,OPTSTK,NATIONALUM,150.0,CA,0.0,0.0,0.0,26.65,35.0,0,0.0,0
2005-03-15,2005-03-31,OPTSTK,NATIONALUM,155.0,CA,0.0,0.0,0.0,14.0,30.1,0,0.0,0
2005-03-15,2005-03-31,OPTSTK,NATIONALUM,160.0,CA,0.0,0.0,0.0,32.0,25.35,0,0.0,0
2005-03-15,2005-03-31,OPTSTK,NATIONALUM,165.0,CA,0.0,0.0,0.0,26.0,20.75,0,0.0,1150
2005-03-15,2005-03-31,OPTSTK,NATIONALUM,170.0,CA,0.0,0.0,0.0,19.45,16.55,0,0.0,25300
2005-03-15,2005-03-31,OPTSTK,NATIONALUM,175.0,CA,12.55,12.55,11.0,11.05,11.05,5,10.74,54050
2005-03-15,2005-03-31,OPTSTK,NATIONALUM,180.0,CA,9.0,9.0,7.85,8.05,8.05,14,30.33,175950
2005-03-15,2005-03-31,OPTSTK,NATIONALUM,185.0,CA,7.3,7.3,4.7,4.7,4.7,14,30.64,82800
2005-03-15,2005-03-31,OPTSTK,NATIONALUM,190.0,CA,4.55,4.55,2.9,3.2,3.2,21,46.71,207000
2005-03-15,2005-03-31,OPTSTK,NATIONALUM,195.0,CA,0.0,0.0,0.0,3.15,3.05,0,0.0,16100
2005-03-15,2005-03-31,OPTSTK,NATIONALUM,200.0,CA,1.75,1.75,1.25,1.25,1.25,4,9.27,52900
2005-03-15,2005-03-31,OPTSTK,NATIONALUM,205.0,CA,0.0,0.0,0.0,4.0,1.2,0,0.0,4600
2005-03-15,2005-03-31,OPTSTK,NATIONALUM,210.0,CA,0.0,0.0,0.0,1.0,0.7,0,0.0,4600
2005-03-15,2005-03-31,OPTSTK,NATIONALUM,215.0,CA,0.0,0.0,0.0,1.5,0.4,0,0.0,3450
2005-03-15,2005-03-31,OPTSTK,NATIONALUM,220.0,CA,0.0,0.0,0.0,6.9,0.25,0,0.0,0
2005-03-15,2005-03-31,OPTSTK,NATIONALUM,150.0,PA,0.0,0.0,0.0,7.7,0.1,0,0.0,0
2005-03-15,2005-03-31,OPTSTK,NATIONALUM,155.0,PA,0.0,0.0,0.0,1.85,0.2,0,0.0,0
2005-03-15,2005-03-31,OPTSTK,NATIONALUM,160.0,PA,0.0,0.0,0.0,0.85,0.4,0,0.0,0
2005-03-15,2005-03-31,OPTSTK,NATIONALUM,165.0,PA,0.0,0.0,0.0,2.15,0.85,0,0.0,0
2005-03-15,2005-03-31,OPTSTK,NATIONALUM,170.0,PA,0.8,1.0,0.8,1.0,1.0,5,9.82,33350
2005-03-15,2005-03-31,OPTSTK,NATIONALUM,175.0,PA,0.0,0.0,0.0,1.6,2.75,0,0.0,5750
2005-03-15,2005-03-31,OPTSTK,NATIONALUM,180.0,PA,2.95,3.5,2.95,3.5,3.5,4,8.42,20700
2005-03-15,2005-03-31,OPTSTK,NATIONALUM,185.0,PA,3.3,3.5,3.0,3.25,3.25,11,23.81,4600
2005-03-15,2005-03-31,OPTSTK,NATIONALUM,190.0,PA,0.0,0.0,0.0,9.0,9.6,0,0.0,8050
2005-03-15,2005-03-31,OPTSTK,NATIONALUM,195.0,PA,0.0,0.0,0.0,18.5,13.05,0,0.0,0
2005-03-15,2005-03-31,OPTSTK,NATIONALUM,200.0,PA,0.0,0.0,0.0,5.9,16.9,0,0.0,1150
2005-03-15,2005-03-31,OPTSTK,NATIONALUM,205.0,PA,0.0,0.0,0.0,12.3,21.15,0,0.0,0
2005-03-15,2005-03-31,OPTSTK,NATIONALUM,210.0,PA,0.0,0.0,0.0,15.25,25.65,0,0.0,0
2005-03-15,2005-03-31,OPTSTK,NATIONALUM,215.0,PA,0.0,0.0,0.0,18.55,30.35,0,0.0,0
2005-03-15,2005-03-31,OPTSTK,NATIONALUM,220.0,PA,0.0,0.0,0.0,17.95,35.15,0,0.0,0
2005-03-15,2005-04-28,OPTSTK,NATIONALUM,155.0,CA,0.0,0.0,0.0,26.85,32.1,0,0.0,0
2005-03-15,2005-04-28,OPTSTK,NATIONALUM,160.0,CA,0.0,0.0,0.0,23.75,27.95,0,0.0,0
2005-03-15,2005-04-28,OPTSTK,NATIONALUM,165.0,CA,0.0,0.0,0.0,20.9,24.0,0,0.0,0
2005-03-15,2005-04-28,OPTSTK,NATIONALUM,170.0,CA,0.0,0.0,0.0,18.3,20.4,0,0.0,0
2005-03-15,2005-04-28,OPTSTK,NATIONALUM,175.0,CA,0.0,0.0,0.0,15.95,17.1,0,0.0,0
2005-03-15,2005-04-28,OPTSTK,NATIONALUM,180.0,CA,0.0,0.0,0.0,13.85,14.15,0,0.0,0
2005-03-15,2005-04-28,OPTSTK,NATIONALUM,185.0,CA,0.0,0.0,0.0,12.0,11.6,0,0.0,0
2005-03-15,2005-04-28,OPTSTK,NATIONALUM,190.0,CA,7.0,14.0,7.0,14.0,14.0,6,13.99,9200
2005-03-15,2005-04-28,OPTSTK,NATIONALUM,195.0,CA,14.65,14.65,14.65,14.65,14.65,5,12.05,5750
2005-03-15,2005-04-28,OPTSTK,NATIONALUM,200.0,CA,0.0,0.0,0.0,9.85,5.9,0,0.0,0
2005-03-15,2005-04-28,OPTSTK,NATIONALUM,205.0,CA,0.0,0.0,0.0,8.75,4.6,0,0.0,0
2005-03-15,2005-04-28,OPTSTK,NATIONALUM,155.0,PA,0.0,0.0,0.0,7.35,1.45,0,0.0,0
2005-03-15,2005-04-28,OPTSTK,NATIONALUM,160.0,PA,0.0,0.0,0.0,9.15,2.25,0,0.0,0
2005-03-15,2005-04-28,OPTSTK,NATIONALUM,165.0,PA,0.0,0.0,0.0,11.25,3.25,0,0.0,0
2005-03-15,2005-04-28,OPTSTK,NATIONALUM,170.0,PA,0.0,0.0,0.0,13.6,4.6,0,0.0,0
2005-03-15,2005-04-28,OPTSTK,NATIONALUM,175.0,PA,0.0,0.0,0.0,16.15,6.3,0,0.0,0
2005-03-15,2005-04-28,OPTSTK,NATIONALUM,180.0,PA,0.0,0.0,0.0,19.0,8.3,0,0.0,0
2005-03-15,2005-04-28,OPTSTK,NATIONALUM,185.0,PA,0.0,0.0,0.0,22.05,10.7,0,0.0,0
2005-03-15,2005-04-28,OPTSTK,NATIONALUM,190.0,PA,0.0,0.0,0.0,23.65,13.45,0,0.0,0
2005-03-15,2005-04-28,OPTSTK,NATIONALUM,195.0,PA,0.0,0.0,0.0,24.85,16.55,0,0.0,0
2005-03-15,2005-04-28,OPTSTK,NATIONALUM,200.0,PA,0.0,0.0,0.0,24.15,19.9,0,0.0,0
2005-03-15,2005-04-28,OPTSTK,NATIONALUM,205.0,PA,0.0,0.0,0.0,21.25,23.6,0,0.0,0
2005-03-15,2005-05-26,OPTSTK,NATIONALUM,155.0,CA,0.0,0.0,0.0,22.35,34.3,0,0.0,0
2005-03-15,2005-05-26,OPTSTK,NATIONALUM,160.0,CA,0.0,0.0,0.0,19.8,30.45,0,0.0,0
2005-03-15,2005-05-26,OPTSTK,NATIONALUM,165.0,CA,0.0,0.0,0.0,16.45,26.85,0,0.0,0
2005-03-15,2005-05-26,OPTSTK,NATIONALUM,170.0,CA,0.0,0.0,0.0,13.55,23.45,0,0.0,0
2005-03-15,2005-05-26,OPTSTK,NATIONALUM,175.0,CA,0.0,0.0,0.0,10.95,20.4,0,0.0,0
2005-03-15,2005-05-26,OPTSTK,NATIONALUM,180.0,CA,0.0,0.0,0.0,8.8,17.6,0,0.0,0
2005-03-15,2005-05-26,OPTSTK,NATIONALUM,185.0,CA,0.0,0.0,0.0,6.95,15.1,0,0.0,0
2005-03-15,2005-05-26,OPTSTK,NATIONALUM,190.0,CA,0.0,0.0,0.0,5.4,12.85,0,0.0,0
2005-03-15,2005-05-26,OPTSTK,NATIONALUM,195.0,CA,0.0,0.0,0.0,16.25,10.85,0,0.0,0
2005-03-15,2005-05-26,OPTSTK,NATIONALUM,200.0,CA,0.0,0.0,0.0,14.2,9.15,0,0.0,0
2005-03-15,2005-05-26,OPTSTK,NATIONALUM,205.0,CA,0.0,0.0,0.0,12.35,7.65,0,0.0,0
2005-03-15,2005-05-26,OPTSTK,NATIONALUM,155.0,PA,0.0,0.0,0.0,3.3,2.95,0,0.0,0
2005-03-15,2005-05-26,OPTSTK,NATIONALUM,160.0,PA,0.0,0.0,0.0,4.15,4.0,0,0.0,0
2005-03-15,2005-05-26,OPTSTK,NATIONALUM,165.0,PA,0.0,0.0,0.0,5.75,5.35,0,0.0,0
2005-03-15,2005-05-26,OPTSTK,NATIONALUM,170.0,PA,0.0,0.0,0.0,7.75,6.9,0,0.0,0
2005-03-15,2005-05-26,OPTSTK,NATIONALUM,175.0,PA,0.0,0.0,0.0,10.1,8.8,0,0.0,0
2005-03-15,2005-05-26,OPTSTK,NATIONALUM,180.0,PA,0.0,0.0,0.0,12.85,10.95,0,0.0,0
2005-03-15,2005-05-26,OPTSTK,NATIONALUM,185.0,PA,0.0,0.0,0.0,15.9,13.35,0,0.0,0
2005-03-15,2005-05-26,OPTSTK,NATIONALUM,190.0,PA,0.0,0.0,0.0,19.3,16.05,0,0.0,0
2005-03-15,2005-05-26,OPTSTK,NATIONALUM,195.0,PA,0.0,0.0,0.0,17.95,19.05,0,0.0,0
2005-03-15,2005-05-26,OPTSTK,NATIONALUM,200.0,PA,0.0,0.0,0.0,20.8,22.25,0,0.0,0
2005-03-15,2005-05-26,OPTSTK,NATIONALUM,205.0,PA,0.0,0.0,0.0,23.9,25.7,0,0.0,0
2005-03-15,2005-03-31,OPTSTK,NTPC,65.0,CA,0.0,0.0,0.0,5.0,26.95,0,0.0,0
2005-03-15,2005-03-31,OPTSTK,NTPC,70.0,CA,16.0,32.0,16.0,30.8,30.8,4,12.18,0
2005-03-15,2005-03-31,OPTSTK,NTPC,75.0,CA,0.0,0.0,0.0,17.1,16.95,0,0.0,3250
2005-03-15,2005-03-31,OPTSTK,NTPC,80.0,CA,12.0,12.0,12.0,12.0,12.0,1,2.99,130000
2005-03-15,2005-03-31,OPTSTK,NTPC,85.0,CA,8.2,8.2,7.75,7.75,7.75,8,24.19,529750
2005-03-15,2005-03-31,OPTSTK,NTPC,90.0,CA,4.8,5.0,3.45,3.65,3.65,426,1302.77,5544500
2005-03-15,2005-03-31,OPTSTK,NTPC,95.0,CA,1.7,2.0,1.25,1.35,1.35,638,2001.4,10312250
2005-03-15,2005-03-31,OPTSTK,NTPC,100.0,CA,0.65,0.7,0.45,0.5,0.5,231,754.87,6734000
2005-03-15,2005-03-31,OPTSTK,NTPC,105.0,CA,0.3,0.3,0.25,0.25,0.25,60,205.27,1709500
2005-03-15,2005-03-31,OPTSTK,NTPC,110.0,CA,0.1,0.2,0.1,0.15,0.15,11,39.38,1095250
2005-03-15,2005-03-31,OPTSTK,NTPC,65.0,PA,0.0,0.0,0.0,0.6,0.0,0,0.0,0
2005-03-15,2005-03-31,OPTSTK,NTPC,70.0,PA,0.0,0.0,0.0,1.0,0.0,0,0.0,0
2005-03-15,2005-03-31,OPTSTK,NTPC,75.0,PA,0.0,0.0,0.0,2.0,0.0,0,0.0,0
2005-03-15,2005-03-31,OPTSTK,NTPC,80.0,PA,0.15,0.15,0.1,0.1,0.1,2,5.2,338000
2005-03-15,2005-03-31,OPTSTK,NTPC,85.0,PA,0.3,0.4,0.3,0.35,0.35,33,91.53,1105000
2005-03-15,2005-03-31,OPTSTK,NTPC,90.0,PA,1.15,1.3,1.0,1.15,1.15,161,476.64,2206750
2005-03-15,2005-03-31,OPTSTK,NTPC,95.0,PA,3.2,3.95,3.0,3.9,3.9,79,253.06,1384500
2005-03-15,2005-03-31,OPTSTK,NTPC,100.0,PA,7.95,8.25,7.75,8.25,8.25,3,10.52,204750
2005-03-15,2005-03-31,OPTSTK,NTPC,105.0,PA,0.0,0.0,0.0,13.0,13.05,0,0.0,22750
2005-03-15,2005-03-31,OPTSTK,NTPC,110.0,PA,0.0,0.0,0.0,17.85,18.0,0,0.0,0
2005-03-15,2005-04-28,OPTSTK,NTPC,65.0,CA,0.0,0.0,0.0,16.75,27.25,0,0.0,0
2005-03-15,2005-04-28,OPTSTK,NTPC,70.0,CA,0.0,0.0,0.0,12.85,22.3,0,0.0,0
2005-03-15,2005-04-28,OPTSTK,NTPC,75.0,CA,0.0,0.0,0.0,23.0,17.35,0,0.0,3250
2005-03-15,2005-04-28,OPTSTK,NTPC,80.0,CA,0.0,0.0,0.0,6.8,12.55,0,0.0,0
2005-03-15,2005-04-28,OPTSTK,NTPC,85.0,CA,0.0,0.0,0.0,10.95,8.15,0,0.0,6500
2005-03-15,2005-04-28,OPTSTK,NTPC,90.0,CA,6.6,6.6,6.0,6.0,6.0,13,40.67,130000
2005-03-15,2005-04-28,OPTSTK,NTPC,95.0,CA,4.4,4.4,3.75,3.8,3.8,39,125.58,562250
2005-03-15,2005-04-28,OPTSTK,NTPC,100.0,CA,2.45,2.6,2.15,2.2,2.2,21,69.84,237250
2005-03-15,2005-04-28,OPTSTK,NTPC,105.0,CA,0.0,0.0,0.0,1.5,0.35,0,0.0,9750
2005-03-15,2005-04-28,OPTSTK,NTPC,110.0,CA,0.95,1.0,0.8,0.8,0.8,3,10.81,22750
2005-03-15,2005-04-28,OPTSTK,NTPC,65.0,PA,0.0,0.0,0.0,0.95,0.0,0,0.0,0
2005-03-15,2005-04-28,OPTSTK,NTPC,70.0,PA,0.0,0.0,0.0,1.95,0.0,0,0.0,0
2005-03-15,2005-04-28,OPTSTK,NTPC,75.0,PA,0.0,0.0,0.0,3.0,0.05,0,0.0,29250
2005-03-15,2005-04-28,OPTSTK,NTPC,80.0,PA,0.0,0.0,0.0,5.75,0.2,0,0.0,0
2005-03-15,2005-04-28,OPTSTK,NTPC,85.0,PA,0.0,0.0,0.0,1.65,0.8,0,0.0,9750
2005-03-15,2005-04-28,OPTSTK,NTPC,90.0,PA,2.85,2.85,2.55,2.55,2.55,4,12.04,22750
2005-03-15,2005-04-28,OPTSTK,NTPC,95.0,PA,5.2,5.3,5.2,5.3,5.3,3,9.77,65000
2005-03-15,2005-04-28,OPTSTK,NTPC,100.0,PA,0.0,0.0,0.0,14.95,8.45,0,0.0,0
2005-03-15,2005-04-28,OPTSTK,NTPC,105.0,PA,0.0,0.0,0.0,17.8,12.85,0,0.0,0
2005-03-15,2005-04-28,OPTSTK,NTPC,110.0,PA,0.0,0.0,0.0,18.45,17.55,0,0.0,0
2005-03-15,2005-05-26,OPTSTK,NTPC,75.0,CA,0.0,0.0,0.0,18.4,17.75,0,0.0,0
2005-03-15,2005-05-26,OPTSTK,NTPC,80.0,CA,0.0,0.0,0.0,16.05,13.15,0,0.0,0
2005-03-15,2005-05-26,OPTSTK,NTPC,85.0,CA,0.0,0.0,0.0,12.15,9.05,0,0.0,0
2005-03-15,2005-05-26,OPTSTK,NTPC,90.0,CA,0.0,0.0,0.0,8.85,5.75,0,0.0,0
2005-03-15,2005-05-26,OPTSTK,NTPC,95.0,CA,0.0,0.0,0.0,6.15,3.3,0,0.0,0
2005-03-15,2005-05-26,OPTSTK,NTPC,100.0,CA,0.0,0.0,0.0,4.15,1.75,0,0.0,0
2005-03-15,2005-05-26,OPTSTK,NTPC,105.0,CA,0.0,0.0,0.0,1.0,0.85,0,0.0,3250
2005-03-15,2005-05-26,OPTSTK,NTPC,110.0,CA,0.0,0.0,0.0,1.65,0.4,0,0.0,0
2005-03-15,2005-05-26,OPTSTK,NTPC,75.0,PA,0.0,0.0,0.0,0.2,0.15,0,0.0,0
2005-03-15,2005-05-26,OPTSTK,NTPC,80.0,PA,0.0,0.0,0.0,1.0,0.5,0,0.0,0
2005-03-15,2005-05-26,OPTSTK,NTPC,85.0,PA,0.0,0.0,0.0,2.05,1.3,0,0.0,0
2005-03-15,2005-05-26,OPTSTK,NTPC,90.0,PA,0.0,0.0,0.0,3.65,2.95,0,0.0,0
2005-03-15,2005-05-26,OPTSTK,NTPC,95.0,PA,0.0,0.0,0.0,5.9,5.45,0,0.0,0
2005-03-15,2005-05-26,OPTSTK,NTPC,100.0,PA,0.0,0.0,0.0,8.8,8.85,0,0.0,0
2005-03-15,2005-05-26,OPTSTK,NTPC,105.0,PA,0.0,0.0,0.0,12.25,12.85,0,0.0,0
2005-03-15,2005-05-26,OPTSTK,NTPC,110.0,PA,0.0,0.0,0.0,16.2,17.35,0,0.0,0
2005-03-15,2005-03-31,OPTSTK,ONGC,720.0,CA,0.0,0.0,0.0,85.4,194.8,0,0.0,0
2005-03-15,2005-03-31,OPTSTK,ONGC,740.0,CA,0.0,0.0,0.0,80.15,174.85,0,0.0,0
2005-03-15,2005-03-31,OPTSTK,ONGC,760.0,CA,0.0,0.0,0.0,42.25,154.9,0,0.0,0
2005-03-15,2005-03-31,OPTSTK,ONGC,780.0,CA,0.0,0.0,0.0,72.0,135.0,0,0.0,600
2005-03-15,2005-03-31,OPTSTK,ONGC,800.0,CA,0.0,0.0,0.0,128.0,115.1,0,0.0,6000
2005-03-15,2005-03-31,OPTSTK,ONGC,820.0,CA,103.25,103.25,98.35,98.35,98.35,3,8.29,31800
2005-03-15,2005-03-31,OPTSTK,ONGC,840.0,CA,80.0,80.0,62.05,74.75,74.75,73,200.16,444900
2005-03-15,2005-03-31,OPTSTK,ONGC,860.0,CA,56.2,59.55,46.0,55.5,55.5,67,183.73,561900
2005-03-15,2005-03-31,OPTSTK,ONGC,880.0,CA,41.0,43.85,33.6,38.7,38.7,48,132.35,102300
2005-03-15,2005-03-31,OPTSTK,ONGC,900.0,CA,27.25,32.0,22.0,26.45,26.45,193,536.17,227400
2005-03-15,2005-03-31,OPTSTK,ONGC,920.0,CA,18.2,19.8,13.3,15.55,15.55,219,615.04,349500
2005-03-15,2005-03-31,OPTSTK,ONGC,940.0,CA,10.0,11.0,7.25,8.7,8.7,45,128.09,146100
2005-03-15,2005-03-31,OPTSTK,ONGC,960.0,CA,6.0,6.75,3.55,4.8,4.8,20,57.87,69900
2005-03-15,2005-03-31,OPTSTK,ONGC,980.0,CA,2.1,2.1,2.1,2.1,2.1,2,5.89,12600
2005-03-15,2005-03-31,OPTSTK,ONGC,1000.0,CA,0.0,0.0,0.0,4.8,1.25,0,0.0,0
2005-03-15,2005-03-31,OPTSTK,ONGC,720.0,PA,0.0,0.0,0.0,10.9,0.0,0,0.0,0
2005-03-15,2005-03-31,OPTSTK,ONGC,740.0,PA,0.0,0.0,0.0,13.1,0.0,0,0.0,0
2005-03-15,2005-03-31,OPTSTK,ONGC,760.0,PA,0.0,0.0,0.0,0.2,0.0,0,0.0,300
2005-03-15,2005-03-31,OPTSTK,ONGC,780.0,PA,0.0,0.0,0.0,1.0,0.05,0,0.0,2700
2005-03-15,2005-03-31,OPTSTK,ONGC,800.0,PA,1.25,1.3,1.25,1.3,1.3,2,4.8,74700
2005-03-15,2005-03-31,OPTSTK,ONGC,820.0,PA,0.6,0.6,0.5,0.5,0.5,5,12.3,25500
2005-03-15,2005-03-31,OPTSTK,ONGC,840.0,PA,0.6,0.6,0.1,0.25,0.25,5,12.6,66900
2005-03-15,2005-03-31,OPTSTK,ONGC,860.0,PA,2.0,2.3,1.7,1.7,1.7,23,59.47,118500
2005-03-15,2005-03-31,OPTSTK,ONGC,880.0,PA,7.0,9.0,6.0,6.0,6.0,11,29.27,27900
2005-03-15,2005-03-31,OPTSTK,ONGC,900.0,PA,10.55,16.0,10.1,12.1,12.1,136,372.35,81900
2005-03-15,2005-03-31,OPTSTK,ONGC,920.0,PA,21.8,28.7,20.05,20.1,20.1,10,28.31,69000
2005-03-15,2005-03-31,OPTSTK,ONGC,940.0,PA,39.5,39.8,39.5,39.8,39.8,2,5.87,6300
2005-03-15,2005-03-31,OPTSTK,ONGC,960.0,PA,0.0,0.0,0.0,70.5,50.25,0,0.0,0
2005-03-15,2005-03-31,OPTSTK,ONGC,980.0,PA,0.0,0.0,0.0,55.0,67.4,0,0.0,0
2005-03-15,2005-03-31,OPTSTK,ONGC,1000.0,PA,0.0,0.0,0.0,70.4,85.8,0,0.0,0
2005-03-15,2005-04-28,OPTSTK,ONGC,720.0,CA,0.0,0.0,0.0,85.6,198.35,0,0.0,0
2005-03-15,2005-04-28,OPTSTK,ONGC,740.0,CA,0.0,0.0,0.0,69.95,178.65,0,0.0,0
2005-03-15,2005-04-28,OPTSTK,ONGC,760.0,CA,0.0,0.0,0.0,55.85,159.1,0,0.0,0
2005-03-15,2005-04-28,OPTSTK,ONGC,780.0,CA,0.0,0.0,0.0,43.55,139.8,0,0.0,0
2005-03-15,2005-04-28,OPTSTK,ONGC,800.0,CA,0.0,0.0,0.0,104.0,121.05,0,0.0,600
2005-03-15,2005-04-28,OPTSTK,ONGC,820.0,CA,0.0,0.0,0.0,24.6,103.05,0,0.0,0
2005-03-15,2005-04-28,OPTSTK,ONGC,840.0,CA,0.0,0.0,0.0,17.8,86.05,0,0.0,0
2005-03-15,2005-04-28,OPTSTK,ONGC,860.0,CA,0.0,0.0,0.0,14.1,70.35,0,0.0,0
2005-03-15,2005-04-28,OPTSTK,ONGC,880.0,CA,0.0,0.0,0.0,14.95,56.2,0,0.0,0
2005-03-15,2005-04-28,OPTSTK,ONGC,900.0,CA,0.0,0.0,0.0,55.0,43.85,0,0.0,4800
2005-03-15,2005-04-28,OPTSTK,ONGC,920.0,CA,35.5,35.5,32.5,32.5,32.5,4,11.44,2400
2005-03-15,2005-04-28,OPTSTK,ONGC,940.0,CA,0.0,0.0,0.0,36.0,24.75,0,0.0,300
2005-03-15,2005-04-28,OPTSTK,ONGC,960.0,CA,0.0,0.0,0.0,16.85,17.9,0,0.0,0
2005-03-15,2005-04-28,OPTSTK,ONGC,980.0,CA,0.0,0.0,0.0,15.0,12.65,0,0.0,1200
2005-03-15,2005-04-28,OPTSTK,ONGC,1000.0,CA,0.0,0.0,0.0,15.2,8.7,0,0.0,0
2005-03-15,2005-04-28,OPTSTK,ONGC,720.0,PA,0.0,0.0,0.0,6.45,0.1,0,0.0,0
2005-03-15,2005-04-28,OPTSTK,ONGC,740.0,PA,0.0,0.0,0.0,10.5,0.25,0,0.0,0
2005-03-15,2005-04-28,OPTSTK,ONGC,760.0,PA,0.0,0.0,0.0,16.15,0.55,0,0.0,0
2005-03-15,2005-04-28,OPTSTK,ONGC,780.0,PA,0.0,0.0,0.0,23.55,1.15,0,0.0,0
2005-03-15,2005-04-28,OPTSTK,ONGC,800.0,PA,0.0,0.0,0.0,32.9,2.25,0,0.0,0
2005-03-15,2005-04-28,OPTSTK,ONGC,820.0,PA,0.0,0.0,0.0,44.05,4.1,0,0.0,0
2005-03-15,2005-04-28,OPTSTK,ONGC,840.0,PA,0.0,0.0,0.0,56.95,6.95,0,0.0,0
2005-03-15,2005-04-28,OPTSTK,ONGC,860.0,PA,0.0,0.0,0.0,65.9,11.1,0,0.0,0
2005-03-15,2005-04-28,OPTSTK,ONGC,880.0,PA,0.0,0.0,0.0,64.5,16.8,0,0.0,0
2005-03-15,2005-04-28,OPTSTK,ONGC,900.0,PA,0.0,0.0,0.0,70.6,24.35,0,0.0,0
2005-03-15,2005-04-28,OPTSTK,ONGC,920.0,PA,0.0,0.0,0.0,30.0,33.7,0,0.0,2100
2005-03-15,2005-04-28,OPTSTK,ONGC,940.0,PA,0.0,0.0,0.0,64.75,44.95,0,0.0,0
2005-03-15,2005-04-28,OPTSTK,ONGC,960.0,PA,0.0,0.0,0.0,75.75,57.95,0,0.0,0
2005-03-15,2005-04-28,OPTSTK,ONGC,980.0,PA,0.0,0.0,0.0,73.35,72.55,0,0.0,0
2005-03-15,2005-04-28,OPTSTK,ONGC,1000.0,PA,0.0,0.0,0.0,76.0,88.45,0,0.0,0
2005-03-15,2005-05-26,OPTSTK,ONGC,760.0,CA,0.0,0.0,0.0,73.15,164.0,0,0.0,0
2005-03-15,2005-05-26,OPTSTK,ONGC,780.0,CA,0.0,0.0,0.0,57.65,145.6,0,0.0,0
2005-03-15,2005-05-26,OPTSTK,ONGC,800.0,CA,0.0,0.0,0.0,43.95,127.85,0,0.0,0
2005-03-15,2005-05-26,OPTSTK,ONGC,820.0,CA,0.0,0.0,0.0,32.45,110.95,0,0.0,0
2005-03-15,2005-05-26,OPTSTK,ONGC,840.0,CA,0.0,0.0,0.0,23.1,95.1,0,0.0,0
2005-03-15,2005-05-26,OPTSTK,ONGC,860.0,CA,0.0,0.0,0.0,15.85,80.45,0,0.0,0
2005-03-15,2005-05-26,OPTSTK,ONGC,880.0,CA,0.0,0.0,0.0,10.55,67.1,0,0.0,0
2005-03-15,2005-05-26,OPTSTK,ONGC,900.0,CA,0.0,0.0,0.0,20.45,55.2,0,0.0,0
2005-03-15,2005-05-26,OPTSTK,ONGC,920.0,CA,0.0,0.0,0.0,17.45,44.75,0,0.0,0
2005-03-15,2005-05-26,OPTSTK,ONGC,940.0,CA,0.0,0.0,0.0,33.1,35.8,0,0.0,0
2005-03-15,2005-05-26,OPTSTK,ONGC,960.0,CA,0.0,0.0,0.0,26.0,28.2,0,0.0,0
2005-03-15,2005-05-26,OPTSTK,ONGC,980.0,CA,0.0,0.0,0.0,23.4,21.9,0,0.0,0
2005-03-15,2005-05-26,OPTSTK,ONGC,1000.0,CA,0.0,0.0,0.0,24.65,16.8,0,0.0,0
2005-03-15,2005-05-26,OPTSTK,ONGC,760.0,PA,0.0,0.0,0.0,5.7,2.0,0,0.0,0
2005-03-15,2005-05-26,OPTSTK,ONGC,780.0,PA,0.0,0.0,0.0,9.95,3.35,0,0.0,0
2005-03-15,2005-05-26,OPTSTK,ONGC,800.0,PA,0.0,0.0,0.0,15.95,5.4,0,0.0,0
2005-03-15,2005-05-26,OPTSTK,ONGC,820.0,PA,0.0,0.0,0.0,24.1,8.25,0,0.0,0
2005-03-15,2005-05-26,OPTSTK,ONGC,840.0,PA,0.0,0.0,0.0,34.45,12.2,0,0.0,0
2005-03-15,2005-05-26,OPTSTK,ONGC,860.0,PA,0.0,0.0,0.0,46.95,17.3,0,0.0,0
2005-03-15,2005-05-26,OPTSTK,ONGC,880.0,PA,0.0,0.0,0.0,61.3,23.7,0,0.0,0
2005-03-15,2005-05-26,OPTSTK,ONGC,900.0,PA,0.0,0.0,0.0,64.65,31.6,0,0.0,0
2005-03-15,2005-05-26,OPTSTK,ONGC,920.0,PA,0.0,0.0,0.0,71.45,40.9,0,0.0,0
2005-03-15,2005-05-26,OPTSTK,ONGC,940.0,PA,0.0,0.0,0.0,70.45,51.7,0,0.0,0
2005-03-15,2005-05-26,OPTSTK,ONGC,960.0,PA,0.0,0.0,0.0,80.45,63.85,0,0.0,0
2005-03-15,2005-05-26,OPTSTK,ONGC,980.0,PA,0.0,0.0,0.0,77.85,77.35,0,0.0,0
2005-03-15,2005-05-26,OPTSTK,ONGC,1000.0,PA,0.0,0.0,0.0,80.95,92.0,0,0.0,0
2005-03-15,2005-03-31,OPTSTK,ORIENTBANK,260.0,CA,0.0,0.0,0.0,160.0,100.3,0,0.0,0
2005-03-15,2005-03-31,OPTSTK,ORIENTBANK,270.0,CA,0.0,0.0,0.0,47.85,90.35,0,0.0,0
2005-03-15,2005-03-31,OPTSTK,ORIENTBANK,280.0,CA,0.0,0.0,0.0,48.2,80.45,0,0.0,0
2005-03-15,2005-03-31,OPTSTK,ORIENTBANK,290.0,CA,0.0,0.0,0.0,49.9,70.6,0,0.0,0
2005-03-15,2005-03-31,OPTSTK,ORIENTBANK,300.0,CA,0.0,0.0,0.0,55.0,61.0,0,0.0,2400
2005-03-15,2005-03-31,OPTSTK,ORIENTBANK,310.0,CA,0.0,0.0,0.0,72.0,51.65,0,0.0,7200
2005-03-15,2005-03-31,OPTSTK,ORIENTBANK,320.0,CA,50.0,50.0,50.0,50.0,50.0,1,4.44,15600
2005-03-15,2005-03-31,OPTSTK,ORIENTBANK,330.0,CA,46.15,46.15,30.25,32.05,32.05,4,17.52,24000
2005-03-15,2005-03-31,OPTSTK,ORIENTBANK,340.0,CA,0.0,0.0,0.0,33.0,27.2,0,0.0,26400
2005-03-15,2005-03-31,OPTSTK,ORIENTBANK,350.0,CA,21.25,23.9,14.55,16.4,16.4,15,66.43,22800
2005-03-15,2005-03-31,OPTSTK,ORIENTBANK,360.0,CA,15.0,15.0,12.1,12.1,12.1,14,62.7,27600
2005-03-15,2005-03-31,OPTSTK,ORIENTBANK,370.0,CA,10.15,11.05,7.15,8.15,8.15,40,181.82,154800
2005-03-15,2005-03-31,OPTSTK,ORIENTBANK,380.0,CA,10.3,10.3,4.5,5.5,5.5,6,27.81,38400
2005-03-15,2005-03-31,OPTSTK,ORIENTBANK,390.0,CA,4.15,4.15,4.1,4.1,4.1,2,9.45,30000
2005-03-15,2005-03-31,OPTSTK,ORIENTBANK,400.0,CA,0.0,0.0,0.0,9.85,3.5,0,0.0,0
2005-03-15,2005-03-31,OPTSTK,ORIENTBANK,260.0,PA,0.0,0.0,0.0,12.4,0.05,0,0.0,0
2005-03-15,2005-03-31,OPTSTK,ORIENTBANK,270.0,PA,0.0,0.0,0.0,10.7,0.05,0,0.0,0
2005-03-15,2005-03-31,OPTSTK,ORIENTBANK,280.0,PA,0.0,0.0,0.0,13.15,0.1,0,0.0,0
2005-03-15,2005-03-31,OPTSTK,ORIENTBANK,290.0,PA,0.0,0.0,0.0,4.5,0.25,0,0.0,1200
2005-03-15,2005-03-31,OPTSTK,ORIENTBANK,300.0,PA,0.0,0.0,0.0,1.0,0.6,0,0.0,1200
2005-03-15,2005-03-31,OPTSTK,ORIENTBANK,310.0,PA,0.0,0.0,0.0,1.25,1.25,0,0.0,2400
2005-03-15,2005-03-31,OPTSTK,ORIENTBANK,320.0,PA,0.0,0.0,0.0,1.0,2.35,0,0.0,2400
2005-03-15,2005-03-31,OPTSTK,ORIENTBANK,330.0,PA,0.0,0.0,0.0,2.0,4.15,0,0.0,9600
2005-03-15,2005-03-31,OPTSTK,ORIENTBANK,340.0,PA,0.0,0.0,0.0,3.0,6.75,0,0.0,19200
2005-03-15,2005-03-31,OPTSTK,ORIENTBANK,350.0,PA,0.0,0.0,0.0,5.0,10.3,0,0.0,9600
2005-03-15,2005-03-31,OPTSTK,ORIENTBANK,360.0,PA,9.0,9.0,9.0,9.0,9.0,1,4.42,16800
2005-03-15,2005-03-31,OPTSTK,ORIENTBANK,370.0,PA,0.0,0.0,0.0,11.1,20.6,0,0.0,15600
2005-03-15,2005-03-31,OPTSTK,ORIENTBANK,380.0,PA,0.0,0.0,0.0,21.5,27.2,0,0.0,0
2005-03-15,2005-03-31,OPTSTK,ORIENTBANK,390.0,PA,40.0,40.0,25.0,25.0,25.0,2,10.14,0
2005-03-15,2005-03-31,OPTSTK,ORIENTBANK,400.0,PA,0.0,0.0,0.0,40.15,42.85,0,0.0,0
2005-03-15,2005-04-28,OPTSTK,ORIENTBANK,270.0,CA,0.0,0.0,0.0,46.8,92.65,0,0.0,0
2005-03-15,2005-04-28,OPTSTK,ORIENTBANK,280.0,CA,0.0,0.0,0.0,49.2,83.45,0,0.0,0
2005-03-15,2005-04-28,OPTSTK,ORIENTBANK,290.0,CA,0.0,0.0,0.0,43.25,74.5,0,0.0,0
2005-03-15,2005-04-28,OPTSTK,ORIENTBANK,300.0,CA,0.0,0.0,0.0,37.85,65.95,0,0.0,0
2005-03-15,2005-04-28,OPTSTK,ORIENTBANK,310.0,CA,0.0,0.0,0.0,32.95,57.9,0,0.0,0
2005-03-15,2005-04-28,OPTSTK,ORIENTBANK,320.0,CA,0.0,0.0,0.0,28.55,50.35,0,0.0,0
2005-03-15,2005-04-28,OPTSTK,ORIENTBANK,330.0,CA,0.0,0.0,0.0,24.6,43.35,0,0.0,0
2005-03-15,2005-04-28,OPTSTK,ORIENTBANK,340.0,CA,0.0,0.0,0.0,30.0,37.0,0,0.0,1200
2005-03-15,2005-04-28,OPTSTK,ORIENTBANK,350.0,CA,0.0,0.0,0.0,27.0,31.3,0,0.0,3600
2005-03-15,2005-04-28,OPTSTK,ORIENTBANK,360.0,CA,22.05,22.05,22.05,22.05,22.05,1,4.58,6000
2005-03-15,2005-04-28,OPTSTK,ORIENTBANK,370.0,CA,0.0,0.0,0.0,30.25,21.75,0,0.0,0
2005-03-15,2005-04-28,OPTSTK,ORIENTBANK,380.0,CA,0.0,0.0,0.0,26.1,17.9,0,0.0,0
2005-03-15,2005-04-28,OPTSTK,ORIENTBANK,390.0,CA,0.0,0.0,0.0,22.45,14.6,0,0.0,0
2005-03-15,2005-04-28,OPTSTK,ORIENTBANK,400.0,CA,0.0,0.0,0.0,20.0,11.85,0,0.0,0
2005-03-15,2005-04-28,OPTSTK,ORIENTBANK,270.0,PA,0.0,0.0,0.0,11.05,1.1,0,0.0,0
2005-03-15,2005-04-28,OPTSTK,ORIENTBANK,280.0,PA,0.0,0.0,0.0,15.5,1.75,0,0.0,0
2005-03-15,2005-04-28,OPTSTK,ORIENTBANK,290.0,PA,0.0,0.0,0.0,19.45,2.75,0,0.0,0
2005-03-15,2005-04-28,OPTSTK,ORIENTBANK,300.0,PA,0.0,0.0,0.0,23.9,4.15,0,0.0,0
2005-03-15,2005-04-28,OPTSTK,ORIENTBANK,310.0,PA,0.0,0.0,0.0,28.85,6.0,0,0.0,0
2005-03-15,2005-04-28,OPTSTK,ORIENTBANK,320.0,PA,0.0,0.0,0.0,34.3,8.4,0,0.0,0
2005-03-15,2005-04-28,OPTSTK,ORIENTBANK,330.0,PA,0.0,0.0,0.0,5.0,11.35,0,0.0,4800
2005-03-15,2005-04-28,OPTSTK,ORIENTBANK,340.0,PA,0.0,0.0,0.0,46.65,14.9,0,0.0,0
2005-03-15,2005-04-28,OPTSTK,ORIENTBANK,350.0,PA,0.0,0.0,0.0,46.95,19.1,0,0.0,0
2005-03-15,2005-04-28,OPTSTK,ORIENTBANK,360.0,PA,0.0,0.0,0.0,37.8,24.0,0,0.0,0
2005-03-15,2005-04-28,OPTSTK,ORIENTBANK,370.0,PA,0.0,0.0,0.0,33.55,29.45,0,0.0,0
2005-03-15,2005-04-28,OPTSTK,ORIENTBANK,380.0,PA,0.0,0.0,0.0,39.35,35.55,0,0.0,0
2005-03-15,2005-04-28,OPTSTK,ORIENTBANK,390.0,PA,0.0,0.0,0.0,45.6,42.15,0,0.0,0
2005-03-15,2005-04-28,OPTSTK,ORIENTBANK,400.0,PA,0.0,0.0,0.0,48.4,49.3,0,0.0,0
2005-03-15,2005-05-26,OPTSTK,ORIENTBANK,280.0,CA,0.0,0.0,0.0,38.8,87.2,0,0.0,0
2005-03-15,2005-05-26,OPTSTK,ORIENTBANK,290.0,CA,0.0,0.0,0.0,32.4,78.95,0,0.0,0
2005-03-15,2005-05-26,OPTSTK,ORIENTBANK,300.0,CA,0.0,0.0,0.0,26.75,71.1,0,0.0,0
2005-03-15,2005-05-26,OPTSTK,ORIENTBANK,310.0,CA,0.0,0.0,0.0,21.85,63.7,0,0.0,0
2005-03-15,2005-05-26,OPTSTK,ORIENTBANK,320.0,CA,0.0,0.0,0.0,17.65,56.75,0,0.0,0
2005-03-15,2005-05-26,OPTSTK,ORIENTBANK,330.0,CA,0.0,0.0,0.0,14.05,50.25,0,0.0,0
2005-03-15,2005-05-26,OPTSTK,ORIENTBANK,340.0,CA,0.0,0.0,0.0,11.1,44.35,0,0.0,0
2005-03-15,2005-05-26,OPTSTK,ORIENTBANK,350.0,CA,0.0,0.0,0.0,12.75,38.9,0,0.0,0
2005-03-15,2005-05-26,OPTSTK,ORIENTBANK,360.0,CA,0.0,0.0,0.0,12.2,33.95,0,0.0,0
2005-03-15,2005-05-26,OPTSTK,ORIENTBANK,370.0,CA,0.0,0.0,0.0,38.6,29.5,0,0.0,0
2005-03-15,2005-05-26,OPTSTK,ORIENTBANK,380.0,CA,0.0,0.0,0.0,34.45,25.5,0,0.0,0
2005-03-15,2005-05-26,OPTSTK,ORIENTBANK,390.0,CA,0.0,0.0,0.0,30.65,22.0,0,0.0,0
2005-03-15,2005-05-26,OPTSTK,ORIENTBANK,400.0,CA,0.0,0.0,0.0,28.1,18.85,0,0.0,0
2005-03-15,2005-05-26,OPTSTK,ORIENTBANK,280.0,PA,0.0,0.0,0.0,9.35,4.25,0,0.0,0
2005-03-15,2005-05-26,OPTSTK,ORIENTBANK,290.0,PA,0.0,0.0,0.0,12.85,5.9,0,0.0,0
2005-03-15,2005-05-26,OPTSTK,ORIENTBANK,300.0,PA,0.0,0.0,0.0,17.05,7.9,0,0.0,0
2005-03-15,2005-05-26,OPTSTK,ORIENTBANK,310.0,PA,0.0,0.0,0.0,22.0,10.4,0,0.0,0
2005-03-15,2005-05-26,OPTSTK,ORIENTBANK,320.0,PA,0.0,0.0,0.0,27.6,13.35,0,0.0,0
2005-03-15,2005-05-26,OPTSTK,ORIENTBANK,330.0,PA,0.0,0.0,0.0,33.9,16.75,0,0.0,0
2005-03-15,2005-05-26,OPTSTK,ORIENTBANK,340.0,PA,0.0,0.0,0.0,40.8,20.7,0,0.0,0
2005-03-15,2005-05-26,OPTSTK,ORIENTBANK,350.0,PA,0.0,0.0,0.0,37.55,25.15,0,0.0,0
2005-03-15,2005-05-26,OPTSTK,ORIENTBANK,360.0,PA,0.0,0.0,0.0,40.3,30.1,0,0.0,0
2005-03-15,2005-05-26,OPTSTK,ORIENTBANK,370.0,PA,0.0,0.0,0.0,40.2,35.5,0,0.0,0
2005-03-15,2005-05-26,OPTSTK,ORIENTBANK,380.0,PA,0.0,0.0,0.0,45.95,41.4,0,0.0,0
2005-03-15,2005-05-26,OPTSTK,ORIENTBANK,390.0,PA,0.0,0.0,0.0,52.05,47.75,0,0.0,0
2005-03-15,2005-05-26,OPTSTK,ORIENTBANK,400.0,PA,0.0,0.0,0.0,54.65,54.5,0,0.0,0
2005-03-15,2005-03-31,OPTSTK,PNB,320.0,CA,0.0,0.0,0.0,56.85,158.9,0,0.0,0
2005-03-15,2005-03-31,OPTSTK,PNB,330.0,CA,0.0,0.0,0.0,51.0,148.95,0,0.0,0
2005-03-15,2005-03-31,OPTSTK,PNB,340.0,CA,0.0,0.0,0.0,17.9,139.0,0,0.0,0
2005-03-15,2005-03-31,OPTSTK,PNB,350.0,CA,0.0,0.0,0.0,40.0,129.05,0,0.0,0
2005-03-15,2005-03-31,OPTSTK,PNB,360.0,CA,0.0,0.0,0.0,50.15,119.15,0,0.0,0
2005-03-15,2005-03-31,OPTSTK,PNB,370.0,CA,0.0,0.0,0.0,97.3,109.35,0,0.0,0
2005-03-15,2005-03-31,OPTSTK,PNB,380.0,CA,0.0,0.0,0.0,96.75,99.65,0,0.0,0
2005-03-15,2005-03-31,OPTSTK,PNB,390.0,CA,0.0,0.0,0.0,118.5,90.1,0,0.0,0
2005-03-15,2005-03-31,OPTSTK,PNB,400.0,CA,92.0,92.0,78.05,79.15,79.15,38,219.49,24000
2005-03-15,2005-03-31,OPTSTK,PNB,410.0,CA,0.0,0.0,0.0,98.95,71.75,0,0.0,0
2005-03-15,2005-03-31,OPTSTK,PNB,420.0,CA,60.0,63.5,58.05,58.8,58.8,7,40.34,7200
2005-03-15,2005-03-31,OPTSTK,PNB,430.0,CA,50.0,55.55,41.95,53.3,53.3,42,242.85,12000
2005-03-15,2005-03-31,OPTSTK,PNB,440.0,CA,43.85,44.0,38.5,39.1,39.1,24,138.72,13200
2005-03-15,2005-03-31,OPTSTK,PNB,450.0,CA,33.0,35.75,29.0,30.1,30.1,50,288.86,36000
2005-03-15,2005-03-31,OPTSTK,PNB,460.0,CA,22.0,25.65,20.0,21.05,21.05,43,248.94,33600
2005-03-15,2005-03-31,OPTSTK,PNB,470.0,CA,16.0,16.7,12.0,13.0,13.0,14,81.51,27600
2005-03-15,2005-03-31,OPTSTK,PNB,480.0,CA,9.95,11.0,7.1,8.25,8.25,52,305.5,148800
2005-03-15,2005-03-31,OPTSTK,PNB,490.0,CA,4.3,7.3,4.3,5.3,5.3,42,249.85,124800
2005-03-15,2005-03-31,OPTSTK,PNB,500.0,CA,3.2,4.9,3.2,3.95,3.95,42,254.09,213600
2005-03-15,2005-03-31,OPTSTK,PNB,510.0,CA,2.5,3.0,2.4,2.45,2.45,7,43.06,124800
2005-03-15,2005-03-31,OPTSTK,PNB,520.0,CA,0.0,0.0,0.0,2.0,9.35,0,0.0,56400
2005-03-15,2005-03-31,OPTSTK,PNB,540.0,CA,0.0,0.0,0.0,1.25,5.55,0,0.0,4800
2005-03-15,2005-03-31,OPTSTK,PNB,560.0,CA,0.0,0.0,0.0,17.5,3.15,0,0.0,0
2005-03-15,2005-03-31,OPTSTK,PNB,580.0,CA,0.0,0.0,0.0,12.7,1.7,0,0.0,0
2005-03-15,2005-03-31,OPTSTK,PNB,320.0,PA,0.0,0.0,0.0,19.25,0.05,0,0.0,0
2005-03-15,2005-03-31,OPTSTK,PNB,330.0,PA,0.0,0.0,0.0,23.25,0.05,0,0.0,0
2005-03-15,2005-03-31,OPTSTK,PNB,340.0,PA,0.0,0.0,0.0,5.0,0.05,0,0.0,1200
2005-03-15,2005-03-31,OPTSTK,PNB,350.0,PA,0.0,0.0,0.0,0.5,0.1,0,0.0,2400
2005-03-15,2005-03-31,OPTSTK,PNB,360.0,PA,0.0,0.0,0.0,2.3,0.2,0,0.0,1200
2005-03-15,2005-03-31,OPTSTK,PNB,370.0,PA,0.0,0.0,0.0,1.35,0.35,0,0.0,0
2005-03-15,2005-03-31,OPTSTK,PNB,380.0,PA,0.0,0.0,0.0,0.5,0.6,0,0.0,38400
2005-03-15,2005-03-31,OPTSTK,PNB,390.0,PA,1.2,1.2,1.2,1.2,1.2,1,4.69,63600
2005-03-15,2005-03-31,OPTSTK,PNB,400.0,PA,1.8,2.15,1.5,1.7,1.7,11,53.03,516000
2005-03-15,2005-03-31,OPTSTK,PNB,410.0,PA,0.0,0.0,0.0,3.3,2.65,0,0.0,39600
2005-03-15,2005-03-31,OPTSTK,PNB,420.0,PA,4.95,4.95,4.85,4.85,4.85,2,10.19,159600
2005-03-15,2005-03-31,OPTSTK,PNB,430.0,PA,0.0,0.0,0.0,6.0,5.8,0,0.0,64800
2005-03-15,2005-03-31,OPTSTK,PNB,440.0,PA,8.0,8.5,7.5,8.5,8.5,7,37.62,88800
2005-03-15,2005-03-31,OPTSTK,PNB,450.0,PA,17.8,17.8,12.2,13.9,13.9,34,189.28,99600
2005-03-15,2005-03-31,OPTSTK,PNB,460.0,PA,22.4,22.4,18.05,19.45,19.45,21,120.84,56400
2005-03-15,2005-03-31,OPTSTK,PNB,470.0,PA,27.0,27.0,24.5,25.95,25.95,10,59.48,57600
2005-03-15,2005-03-31,OPTSTK,PNB,480.0,PA,31.55,33.4,31.55,32.9,32.9,4,24.59,90000
2005-03-15,2005-03-31,OPTSTK,PNB,490.0,PA,44.0,44.0,40.0,40.0,40.0,7,44.62,39600
2005-03-15,2005-03-31,OPTSTK,PNB,500.0,PA,48.0,48.0,48.0,48.0,48.0,1,6.57,79200
2005-03-15,2005-03-31,OPTSTK,PNB,510.0,PA,0.0,0.0,0.0,65.0,42.6,0,0.0,0
2005-03-15,2005-03-31,OPTSTK,PNB,520.0,PA,72.0,73.0,72.0,72.5,72.5,15,106.65,18000
2005-03-15,2005-03-31,OPTSTK,PNB,540.0,PA,0.0,0.0,0.0,50.1,66.15,0,0.0,0
2005-03-15,2005-03-31,OPTSTK,PNB,560.0,PA,0.0,0.0,0.0,63.8,83.7,0,0.0,0
2005-03-15,2005-03-31,OPTSTK,PNB,580.0,PA,0.0,0.0,0.0,78.95,102.2,0,0.0,0
2005-03-15,2005-04-28,OPTSTK,PNB,340.0,CA,0.0,0.0,0.0,56.6,142.05,0,0.0,0
2005-03-15,2005-04-28,OPTSTK,PNB,350.0,CA,0.0,0.0,0.0,51.15,132.75,0,0.0,0
2005-03-15,2005-04-28,OPTSTK,PNB,360.0,CA,0.0,0.0,0.0,46.1,123.65,0,0.0,0
2005-03-15,2005-04-28,OPTSTK,PNB,370.0,CA,0.0,0.0,0.0,41.45,114.75,0,0.0,0
2005-03-15,2005-04-28,OPTSTK,PNB,380.0,CA,0.0,0.0,0.0,37.2,106.1,0,0.0,0
2005-03-15,2005-04-28,OPTSTK,PNB,390.0,CA,0.0,0.0,0.0,33.3,97.8,0,0.0,0
2005-03-15,2005-04-28,OPTSTK,PNB,400.0,CA,0.0,0.0,0.0,95.0,89.75,0,0.0,0
2005-03-15,2005-04-28,OPTSTK,PNB,410.0,CA,0.0,0.0,0.0,34.8,82.1,0,0.0,0
2005-03-15,2005-04-28,OPTSTK,PNB,420.0,CA,0.0,0.0,0.0,44.6,74.8,0,0.0,0
2005-03-15,2005-04-28,OPTSTK,PNB,430.0,CA,0.0,0.0,0.0,40.5,67.9,0,0.0,0
2005-03-15,2005-04-28,OPTSTK,PNB,440.0,CA,0.0,0.0,0.0,63.0,61.4,0,0.0,0
2005-03-15,2005-04-28,OPTSTK,PNB,450.0,CA,40.0,40.0,40.0,40.0,40.0,1,5.88,1200
2005-03-15,2005-04-28,OPTSTK,PNB,460.0,CA,0.0,0.0,0.0,24.0,49.65,0,0.0,0
2005-03-15,2005-04-28,OPTSTK,PNB,470.0,CA,0.0,0.0,0.0,19.0,44.4,0,0.0,1200
2005-03-15,2005-04-28,OPTSTK,PNB,480.0,CA,0.0,0.0,0.0,20.0,39.6,0,0.0,6000
2005-03-15,2005-04-28,OPTSTK,PNB,490.0,CA,0.0,0.0,0.0,45.0,35.15,0,0.0,0
2005-03-15,2005-04-28,OPTSTK,PNB,500.0,CA,10.0,10.5,6.9,6.9,6.9,3,18.32,9600
2005-03-15,2005-04-28,OPTSTK,PNB,510.0,CA,3.2,6.8,3.2,6.8,6.8,4,24.72,2400
2005-03-15,2005-04-28,OPTSTK,PNB,520.0,CA,0.0,0.0,0.0,48.9,24.15,0,0.0,0
2005-03-15,2005-04-28,OPTSTK,PNB,540.0,CA,0.0,0.0,0.0,30.0,18.55,0,0.0,1200
2005-03-15,2005-04-28,OPTSTK,PNB,560.0,CA,0.0,0.0,0.0,33.8,14.05,0,0.0,0
2005-03-15,2005-04-28,OPTSTK,PNB,580.0,CA,0.0,0.0,0.0,3.0,10.55,0,0.0,2400
2005-03-15,2005-04-28,OPTSTK,PNB,340.0,PA,0.0,0.0,0.0,25.15,1.5,0,0.0,0
2005-03-15,2005-04-28,OPTSTK,PNB,350.0,PA,0.0,0.0,0.0,29.6,2.1,0,0.0,0
2005-03-15,2005-04-28,OPTSTK,PNB,360.0,PA,0.0,0.0,0.0,34.4,2.95,0,0.0,0
2005-03-15,2005-04-28,OPTSTK,PNB,370.0,PA,0.0,0.0,0.0,39.65,4.0,0,0.0,0
2005-03-15,2005-04-28,OPTSTK,PNB,380.0,PA,0.0,0.0,0.0,45.2,5.3,0,0.0,0
2005-03-15,2005-04-28,OPTSTK,PNB,390.0,PA,0.0,0.0,0.0,51.2,6.85,0,0.0,0
2005-03-15,2005-04-28,OPTSTK,PNB,400.0,PA,0.0,0.0,0.0,3.5,8.8,0,0.0,2400
2005-03-15,2005-04-28,OPTSTK,PNB,410.0,PA,0.0,0.0,0.0,56.45,11.05,0,0.0,0
2005-03-15,2005-04-28,OPTSTK,PNB,420.0,PA,4.5,4.5,4.5,4.5,4.5,6,30.56,0
2005-03-15,2005-04-28,OPTSTK,PNB,430.0,PA,0.0,0.0,0.0,53.65,16.7,0,0.0,0
2005-03-15,2005-04-28,OPTSTK,PNB,440.0,PA,0.0,0.0,0.0,59.7,20.1,0,0.0,0
2005-03-15,2005-04-28,OPTSTK,PNB,450.0,PA,24.0,24.0,23.3,23.3,23.3,2,11.36,6000
2005-03-15,2005-04-28,OPTSTK,PNB,460.0,PA,0.0,0.0,0.0,49.9,28.25,0,0.0,0
2005-03-15,2005-04-28,OPTSTK,PNB,470.0,PA,0.0,0.0,0.0,48.4,32.95,0,0.0,0
2005-03-15,2005-04-28,OPTSTK,PNB,480.0,PA,0.0,0.0,0.0,43.3,38.05,0,0.0,0
2005-03-15,2005-04-28,OPTSTK,PNB,490.0,PA,0.0,0.0,0.0,33.0,43.55,0,0.0,0
2005-03-15,2005-04-28,OPTSTK,PNB,500.0,PA,0.0,0.0,0.0,54.3,49.45,0,0.0,0
2005-03-15,2005-04-28,OPTSTK,PNB,510.0,PA,0.0,0.0,0.0,60.55,55.7,0,0.0,0
2005-03-15,2005-04-28,OPTSTK,PNB,520.0,PA,0.0,0.0,0.0,52.85,62.3,0,0.0,0
2005-03-15,2005-04-28,OPTSTK,PNB,540.0,PA,0.0,0.0,0.0,64.55,76.55,0,0.0,0
2005-03-15,2005-04-28,OPTSTK,PNB,560.0,PA,0.0,0.0,0.0,77.4,91.95,0,0.0,0
2005-03-15,2005-04-28,OPTSTK,PNB,580.0,PA,0.0,0.0,0.0,91.3,108.25,0,0.0,0
2005-03-15,2005-05-26,OPTSTK,PNB,410.0,CA,0.0,0.0,0.0,53.1,91.2,0,0.0,0
2005-03-15,2005-05-26,OPTSTK,PNB,420.0,CA,0.0,0.0,0.0,47.45,84.5,0,0.0,0
2005-03-15,2005-05-26,OPTSTK,PNB,430.0,CA,0.0,0.0,0.0,42.2,78.15,0,0.0,0
2005-03-15,2005-05-26,OPTSTK,PNB,440.0,CA,0.0,0.0,0.0,37.35,72.1,0,0.0,0
2005-03-15,2005-05-26,OPTSTK,PNB,450.0,CA,0.0,0.0,0.0,32.95,66.45,0,0.0,0
2005-03-15,2005-05-26,OPTSTK,PNB,460.0,CA,0.0,0.0,0.0,29.0,61.1,0,0.0,0
2005-03-15,2005-05-26,OPTSTK,PNB,470.0,CA,0.0,0.0,0.0,25.4,56.05,0,0.0,0
2005-03-15,2005-05-26,OPTSTK,PNB,480.0,CA,0.0,0.0,0.0,33.4,51.35,0,0.0,0
2005-03-15,2005-05-26,OPTSTK,PNB,490.0,CA,0.0,0.0,0.0,29.7,46.95,0,0.0,0
2005-03-15,2005-05-26,OPTSTK,PNB,500.0,CA,0.0,0.0,0.0,44.65,42.85,0,0.0,0
2005-03-15,2005-05-26,OPTSTK,PNB,510.0,CA,0.0,0.0,0.0,40.95,39.1,0,0.0,0
2005-03-15,2005-05-26,OPTSTK,PNB,520.0,CA,0.0,0.0,0.0,62.05,35.55,0,0.0,0
2005-03-15,2005-05-26,OPTSTK,PNB,540.0,CA,0.0,0.0,0.0,53.9,29.3,0,0.0,0
2005-03-15,2005-05-26,OPTSTK,PNB,560.0,CA,0.0,0.0,0.0,46.7,24.05,0,0.0,0
2005-03-15,2005-05-26,OPTSTK,PNB,580.0,CA,0.0,0.0,0.0,40.35,19.65,0,0.0,0
2005-03-15,2005-05-26,OPTSTK,PNB,410.0,PA,0.0,0.0,0.0,21.55,18.3,0,0.0,0
2005-03-15,2005-05-26,OPTSTK,PNB,420.0,PA,0.0,0.0,0.0,25.7,21.5,0,0.0,0
2005-03-15,2005-05-26,OPTSTK,PNB,430.0,PA,0.0,0.0,0.0,30.3,25.0,0,0.0,0
2005-03-15,2005-05-26,OPTSTK,PNB,440.0,PA,0.0,0.0,0.0,35.35,28.85,0,0.0,0
2005-03-15,2005-05-26,OPTSTK,PNB,450.0,PA,0.0,0.0,0.0,40.8,33.05,0,0.0,0
2005-03-15,2005-05-26,OPTSTK,PNB,460.0,PA,0.0,0.0,0.0,46.7,37.6,0,0.0,0
2005-03-15,2005-05-26,OPTSTK,PNB,470.0,PA,0.0,0.0,0.0,52.95,42.45,0,0.0,0
2005-03-15,2005-05-26,OPTSTK,PNB,480.0,PA,0.0,0.0,0.0,49.0,47.6,0,0.0,0
2005-03-15,2005-05-26,OPTSTK,PNB,490.0,PA,0.0,0.0,0.0,55.1,53.1,0,0.0,0
2005-03-15,2005-05-26,OPTSTK,PNB,500.0,PA,0.0,0.0,0.0,62.6,58.9,0,0.0,0
2005-03-15,2005-05-26,OPTSTK,PNB,510.0,PA,0.0,0.0,0.0,68.75,65.0,0,0.0,0
2005-03-15,2005-05-26,OPTSTK,PNB,520.0,PA,0.0,0.0,0.0,63.6,71.35,0,0.0,0
2005-03-15,2005-05-26,OPTSTK,PNB,540.0,PA,0.0,0.0,0.0,75.25,84.9,0,0.0,0
2005-03-15,2005-05-26,OPTSTK,PNB,560.0,PA,0.0,0.0,0.0,87.8,99.4,0,0.0,0
2005-03-15,2005-05-26,OPTSTK,PNB,580.0,PA,0.0,0.0,0.0,101.15,114.75,0,0.0,0
2005-03-15,2005-03-31,OPTSTK,POLARIS,110.0,CA,8.0,8.0,8.0,8.0,8.0,5,8.26,7000
2005-03-15,2005-03-31,OPTSTK,POLARIS,115.0,CA,0.0,0.0,0.0,17.9,12.45,0,0.0,1400
2005-03-15,2005-03-31,OPTSTK,POLARIS,120.0,CA,11.95,11.95,11.95,11.95,11.95,1,1.84,4200
2005-03-15,2005-03-31,OPTSTK,POLARIS,125.0,CA,6.3,6.3,5.5,5.6,5.6,11,20.13,37800
2005-03-15,2005-03-31,OPTSTK,POLARIS,130.0,CA,4.3,4.3,2.95,3.0,3.0,30,56.05,366800
2005-03-15,2005-03-31,OPTSTK,POLARIS,135.0,CA,2.0,2.0,1.6,1.7,1.7,8,15.32,263200
2005-03-15,2005-03-31,OPTSTK,POLARIS,140.0,CA,1.35,1.35,1.0,1.0,1.0,4,7.9,257600
2005-03-15,2005-03-31,OPTSTK,POLARIS,145.0,CA,0.75,0.75,0.7,0.7,0.7,4,8.15,23800
2005-03-15,2005-03-31,OPTSTK,POLARIS,150.0,CA,0.65,0.65,0.5,0.5,0.5,3,6.32,92400
2005-03-15,2005-03-31,OPTSTK,POLARIS,155.0,CA,0.0,0.0,0.0,0.95,0.0,0,0.0,1400
2005-03-15,2005-03-31,OPTSTK,POLARIS,160.0,CA,0.0,0.0,0.0,0.45,0.0,0,0.0,16800
2005-03-15,2005-03-31,OPTSTK,POLARIS,165.0,CA,0.0,0.0,0.0,16.95,0.0,0,0.0,0
2005-03-15,2005-03-31,OPTSTK,POLARIS,170.0,CA,0.0,0.0,0.0,14.6,0.0,0,0.0,0
2005-03-15,2005-03-31,OPTSTK,POLARIS,175.0,CA,0.0,0.0,0.0,12.5,0.0,0,0.0,0
2005-03-15,2005-03-31,OPTSTK,POLARIS,180.0,CA,0.0,0.0,0.0,10.65,0.0,0,0.0,0
2005-03-15,2005-03-31,OPTSTK,POLARIS,185.0,CA,0.0,0.0,0.0,10.7,0.0,0,0.0,0
2005-03-15,2005-03-31,OPTSTK,POLARIS,190.0,CA,0.0,0.0,0.0,9.1,0.0,0,0.0,0
2005-03-15,2005-03-31,OPTSTK,POLARIS,110.0,PA,0.0,0.0,0.0,0.55,0.05,0,0.0,0
2005-03-15,2005-03-31,OPTSTK,POLARIS,115.0,PA,0.0,0.0,0.0,1.45,0.2,0,0.0,0
2005-03-15,2005-03-31,OPTSTK,POLARIS,120.0,PA,1.3,1.3,1.3,1.3,1.3,1,1.69,58800
2005-03-15,2005-03-31,OPTSTK,POLARIS,125.0,PA,2.7,2.7,2.7,2.7,2.7,1,1.78,23800
2005-03-15,2005-03-31,OPTSTK,POLARIS,130.0,PA,4.9,5.05,4.9,5.05,5.05,5,9.44,137200
2005-03-15,2005-03-31,OPTSTK,POLARIS,135.0,PA,0.0,0.0,0.0,8.0,8.6,0,0.0,11200
2005-03-15,2005-03-31,OPTSTK,POLARIS,140.0,PA,0.0,0.0,0.0,9.5,13.0,0,0.0,1400
2005-03-15,2005-03-31,OPTSTK,POLARIS,145.0,PA,0.0,0.0,0.0,8.15,17.8,0,0.0,0
2005-03-15,2005-03-31,OPTSTK,POLARIS,150.0,PA,0.0,0.0,0.0,22.0,22.7,0,0.0,1400
2005-03-15,2005-03-31,OPTSTK,POLARIS,155.0,PA,0.0,0.0,0.0,8.1,27.7,0,0.0,0
2005-03-15,2005-03-31,OPTSTK,POLARIS,160.0,PA,0.0,0.0,0.0,10.15,32.7,0,0.0,0
2005-03-15,2005-03-31,OPTSTK,POLARIS,165.0,PA,0.0,0.0,0.0,12.45,37.65,0,0.0,0
2005-03-15,2005-03-31,OPTSTK,POLARIS,170.0,PA,0.0,0.0,0.0,15.05,42.65,0,0.0,0
2005-03-15,2005-03-31,OPTSTK,POLARIS,175.0,PA,0.0,0.0,0.0,17.85,47.65,0,0.0,0
2005-03-15,2005-03-31,OPTSTK,POLARIS,180.0,PA,0.0,0.0,0.0,20.95,52.65,0,0.0,0
2005-03-15,2005-03-31,OPTSTK,POLARIS,185.0,PA,0.0,0.0,0.0,21.8,57.6,0,0.0,0
2005-03-15,2005-03-31,OPTSTK,POLARIS,190.0,PA,0.0,0.0,0.0,23.6,62.6,0,0.0,0
2005-03-15,2005-04-28,OPTSTK,POLARIS,110.0,CA,0.0,0.0,0.0,19.75,18.25,0,0.0,0
2005-03-15,2005-04-28,OPTSTK,POLARIS,115.0,CA,0.0,0.0,0.0,23.35,13.9,0,0.0,0
2005-03-15,2005-04-28,OPTSTK,POLARIS,120.0,CA,0.0,0.0,0.0,20.4,10.1,0,0.0,0
2005-03-15,2005-04-28,OPTSTK,POLARIS,125.0,CA,0.0,0.0,0.0,17.75,6.95,0,0.0,0
2005-03-15,2005-04-28,OPTSTK,POLARIS,130.0,CA,0.0,0.0,0.0,15.4,4.55,0,0.0,0
2005-03-15,2005-04-28,OPTSTK,POLARIS,135.0,CA,0.0,0.0,0.0,13.3,2.8,0,0.0,0
2005-03-15,2005-04-28,OPTSTK,POLARIS,140.0,CA,0.0,0.0,0.0,2.0,1.65,0,0.0,1400
2005-03-15,2005-04-28,OPTSTK,POLARIS,145.0,CA,0.0,0.0,0.0,9.8,0.9,0,0.0,0
2005-03-15,2005-04-28,OPTSTK,POLARIS,150.0,CA,0.0,0.0,0.0,10.6,0.5,0,0.0,0
2005-03-15,2005-04-28,OPTSTK,POLARIS,110.0,PA,0.0,0.0,0.0,1.45,0.5,0,0.0,0
2005-03-15,2005-04-28,OPTSTK,POLARIS,115.0,PA,0.0,0.0,0.0,7.45,1.15,0,0.0,0
2005-03-15,2005-04-28,OPTSTK,POLARIS,120.0,PA,10.65,10.65,10.65,10.65,10.65,5,9.14,7000
2005-03-15,2005-04-28,OPTSTK,POLARIS,125.0,PA,0.0,0.0,0.0,11.75,4.1,0,0.0,0
2005-03-15,2005-04-28,OPTSTK,POLARIS,130.0,PA,0.0,0.0,0.0,14.35,6.65,0,0.0,0
2005-03-15,2005-04-28,OPTSTK,POLARIS,135.0,PA,0.0,0.0,0.0,17.15,9.85,0,0.0,0
2005-03-15,2005-04-28,OPTSTK,POLARIS,140.0,PA,0.0,0.0,0.0,20.2,13.65,0,0.0,0
2005-03-15,2005-04-28,OPTSTK,POLARIS,145.0,PA,0.0,0.0,0.0,23.5,17.9,0,0.0,0
2005-03-15,2005-04-28,OPTSTK,POLARIS,150.0,PA,0.0,0.0,0.0,24.15,22.45,0,0.0,0
2005-03-15,2005-05-26,OPTSTK,POLARIS,110.0,CA,0.0,0.0,0.0,21.15,19.35,0,0.0,0
2005-03-15,2005-05-26,OPTSTK,POLARIS,115.0,CA,0.0,0.0,0.0,19.15,15.3,0,0.0,0
2005-03-15,2005-05-26,OPTSTK,POLARIS,120.0,CA,0.0,0.0,0.0,15.8,11.75,0,0.0,0
2005-03-15,2005-05-26,OPTSTK,POLARIS,125.0,CA,0.0,0.0,0.0,12.85,8.75,0,0.0,0
2005-03-15,2005-05-26,OPTSTK,POLARIS,130.0,CA,0.0,0.0,0.0,10.3,6.3,0,0.0,0
2005-03-15,2005-05-26,OPTSTK,POLARIS,135.0,CA,0.0,0.0,0.0,8.15,4.4,0,0.0,0
2005-03-15,2005-05-26,OPTSTK,POLARIS,140.0,CA,0.0,0.0,0.0,6.35,3.0,0,0.0,0
2005-03-15,2005-05-26,OPTSTK,POLARIS,145.0,CA,0.0,0.0,0.0,4.9,1.95,0,0.0,0
2005-03-15,2005-05-26,OPTSTK,POLARIS,110.0,PA,0.0,0.0,0.0,2.4,1.1,0,0.0,0
2005-03-15,2005-05-26,OPTSTK,POLARIS,115.0,PA,0.0,0.0,0.0,3.5,2.0,0,0.0,0
2005-03-15,2005-05-26,OPTSTK,POLARIS,120.0,PA,0.0,0.0,0.0,5.05,3.4,0,0.0,0
2005-03-15,2005-05-26,OPTSTK,POLARIS,125.0,PA,0.0,0.0,0.0,7.05,5.35,0,0.0,0
2005-03-15,2005-05-26,OPTSTK,POLARIS,130.0,PA,0.0,0.0,0.0,9.4,7.85,0,0.0,0
2005-03-15,2005-05-26,OPTSTK,POLARIS,135.0,PA,0.0,0.0,0.0,12.2,10.9,0,0.0,0
2005-03-15,2005-05-26,OPTSTK,POLARIS,140.0,PA,0.0,0.0,0.0,15.3,14.4,0,0.0,0
2005-03-15,2005-05-26,OPTSTK,POLARIS,145.0,PA,0.0,0.0,0.0,18.8,18.3,0,0.0,0
2005-03-15,2005-03-31,OPTSTK,RANBAXY,900.0,CA,0.0,0.0,0.0,110.6,171.35,0,0.0,0
2005-03-15,2005-03-31,OPTSTK,RANBAXY,920.0,CA,0.0,0.0,0.0,25.1,151.5,0,0.0,0
2005-03-15,2005-03-31,OPTSTK,RANBAXY,930.0,CA,0.0,0.0,0.0,124.0,141.6,0,0.0,0
2005-03-15,2005-03-31,OPTSTK,RANBAXY,940.0,CA,0.0,0.0,0.0,105.5,131.7,0,0.0,0
2005-03-15,2005-03-31,OPTSTK,RANBAXY,960.0,CA,0.0,0.0,0.0,122.25,112.25,0,0.0,0
2005-03-15,2005-03-31,OPTSTK,RANBAXY,980.0,CA,0.0,0.0,0.0,82.3,93.3,0,0.0,0
2005-03-15,2005-03-31,OPTSTK,RANBAXY,990.0,CA,0.0,0.0,0.0,127.45,84.15,0,0.0,0
2005-03-15,2005-03-31,OPTSTK,RANBAXY,1000.0,CA,0.0,0.0,0.0,92.0,75.3,0,0.0,1600
2005-03-15,2005-03-31,OPTSTK,RANBAXY,1020.0,CA,59.35,59.35,57.0,59.0,59.0,4,17.25,17200
2005-03-15,2005-03-31,OPTSTK,RANBAXY,1040.0,CA,34.35,34.35,34.35,34.35,34.35,1,4.29,12000
2005-03-15,2005-03-31,OPTSTK,RANBAXY,1050.0,CA,20.0,35.0,20.0,35.0,35.0,10,43.12,17200
2005-03-15,2005-03-31,OPTSTK,RANBAXY,1060.0,CA,10.0,29.25,10.0,24.0,24.0,127,549.03,14800
2005-03-15,2005-03-31,OPTSTK,RANBAXY,1080.0,CA,15.3,23.0,11.2,16.45,16.45,34,149.1,19200
2005-03-15,2005-03-31,OPTSTK,RANBAXY,1110.0,CA,7.85,8.0,7.85,8.0,8.0,2,8.94,14400
2005-03-15,2005-03-31,OPTSTK,RANBAXY,1140.0,CA,0.0,0.0,0.0,7.0,5.1,0,0.0,1200
2005-03-15,2005-03-31,OPTSTK,RANBAXY,1170.0,CA,0.0,0.0,0.0,110.0,2.1,0,0.0,0
2005-03-15,2005-03-31,OPTSTK,RANBAXY,1200.0,CA,0.0,0.0,0.0,3.0,0.75,0,0.0,400
2005-03-15,2005-03-31,OPTSTK,RANBAXY,1230.0,CA,0.0,0.0,0.0,75.2,0.25,0,0.0,0
2005-03-15,2005-03-31,OPTSTK,RANBAXY,1260.0,CA,0.0,0.0,0.0,60.95,0.1,0,0.0,0
2005-03-15,2005-03-31,OPTSTK,RANBAXY,1290.0,CA,0.0,0.0,0.0,48.8,0.05,0,0.0,0
2005-03-15,2005-03-31,OPTSTK,RANBAXY,1320.0,CA,0.0,0.0,0.0,38.55,0.0,0,0.0,0
2005-03-15,2005-03-31,OPTSTK,RANBAXY,1350.0,CA,0.0,0.0,0.0,37.05,0.0,0,0.0,0
2005-03-15,2005-03-31,OPTSTK,RANBAXY,900.0,PA,0.0,0.0,0.0,4.8,0.05,0,0.0,0
2005-03-15,2005-03-31,OPTSTK,RANBAXY,920.0,PA,0.0,0.0,0.0,33.15,0.1,0,0.0,0
2005-03-15,2005-03-31,OPTSTK,RANBAXY,930.0,PA,0.0,0.0,0.0,29.55,0.2,0,0.0,0
2005-03-15,2005-03-31,OPTSTK,RANBAXY,940.0,PA,0.0,0.0,0.0,35.85,0.3,0,0.0,0
2005-03-15,2005-03-31,OPTSTK,RANBAXY,960.0,PA,0.0,0.0,0.0,31.85,0.75,0,0.0,0
2005-03-15,2005-03-31,OPTSTK,RANBAXY,980.0,PA,0.0,0.0,0.0,16.5,1.8,0,0.0,800
2005-03-15,2005-03-31,OPTSTK,RANBAXY,990.0,PA,0.0,0.0,0.0,23.5,2.6,0,0.0,800
2005-03-15,2005-03-31,OPTSTK,RANBAXY,1000.0,PA,5.5,5.5,5.5,5.5,5.5,5,20.11,2400
2005-03-15,2005-03-31,OPTSTK,RANBAXY,1020.0,PA,0.0,0.0,0.0,9.0,7.05,0,0.0,2800
2005-03-15,2005-03-31,OPTSTK,RANBAXY,1040.0,PA,6.55,6.55,6.55,6.55,6.55,1,4.18,2000
2005-03-15,2005-03-31,OPTSTK,RANBAXY,1050.0,PA,10.15,10.15,9.0,10.05,10.05,6,25.43,1200
2005-03-15,2005-03-31,OPTSTK,RANBAXY,1060.0,PA,10.5,23.0,10.5,22.25,22.25,178,765.71,13200
2005-03-15,2005-03-31,OPTSTK,RANBAXY,1080.0,PA,0.0,0.0,0.0,29.75,29.8,0,0.0,0
2005-03-15,2005-03-31,OPTSTK,RANBAXY,1110.0,PA,0.0,0.0,0.0,65.0,49.25,0,0.0,0
2005-03-15,2005-03-31,OPTSTK,RANBAXY,1140.0,PA,0.0,0.0,0.0,23.8,73.2,0,0.0,0
2005-03-15,2005-03-31,OPTSTK,RANBAXY,1170.0,PA,0.0,0.0,0.0,32.8,100.1,0,0.0,0
2005-03-15,2005-03-31,OPTSTK,RANBAXY,1200.0,PA,0.0,0.0,0.0,26.0,128.7,0,0.0,0
2005-03-15,2005-03-31,OPTSTK,RANBAXY,1230.0,PA,0.0,0.0,0.0,57.1,158.15,0,0.0,0
2005-03-15,2005-03-31,OPTSTK,RANBAXY,1260.0,PA,0.0,0.0,0.0,72.45,187.9,0,0.0,0
2005-03-15,2005-03-31,OPTSTK,RANBAXY,1290.0,PA,0.0,0.0,0.0,89.85,217.8,0,0.0,0
2005-03-15,2005-03-31,OPTSTK,RANBAXY,1320.0,PA,0.0,0.0,0.0,109.15,247.7,0,0.0,0
2005-03-15,2005-03-31,OPTSTK,RANBAXY,1350.0,PA,0.0,0.0,0.0,117.15,277.6,0,0.0,0
2005-03-15,2005-04-28,OPTSTK,RANBAXY,900.0,CA,0.0,0.0,0.0,120.8,176.95,0,0.0,0
2005-03-15,2005-04-28,OPTSTK,RANBAXY,930.0,CA,0.0,0.0,0.0,136.5,148.8,0,0.0,0
2005-03-15,2005-04-28,OPTSTK,RANBAXY,960.0,CA,0.0,0.0,0.0,117.4,122.05,0,0.0,0
2005-03-15,2005-04-28,OPTSTK,RANBAXY,990.0,CA,0.0,0.0,0.0,100.1,97.35,0,0.0,0
2005-03-15,2005-04-28,OPTSTK,RANBAXY,1020.0,CA,0.0,0.0,0.0,84.65,75.2,0,0.0,0
2005-03-15,2005-04-28,OPTSTK,RANBAXY,1050.0,CA,0.0,0.0,0.0,24.65,56.2,0,0.0,0
2005-03-15,2005-04-28,OPTSTK,RANBAXY,1080.0,CA,0.0,0.0,0.0,59.15,40.55,0,0.0,0
2005-03-15,2005-04-28,OPTSTK,RANBAXY,1110.0,CA,0.0,0.0,0.0,48.85,28.25,0,0.0,0
2005-03-15,2005-04-28,OPTSTK,RANBAXY,1140.0,CA,0.0,0.0,0.0,72.5,18.95,0,0.0,0
2005-03-15,2005-04-28,OPTSTK,RANBAXY,1170.0,CA,0.0,0.0,0.0,62.1,12.3,0,0.0,0
2005-03-15,2005-04-28,OPTSTK,RANBAXY,900.0,PA,0.0,0.0,0.0,10.9,1.35,0,0.0,0
2005-03-15,2005-04-28,OPTSTK,RANBAXY,930.0,PA,0.0,0.0,0.0,33.55,2.95,0,0.0,0
2005-03-15,2005-04-28,OPTSTK,RANBAXY,960.0,PA,0.0,0.0,0.0,44.05,6.0,0,0.0,0
2005-03-15,2005-04-28,OPTSTK,RANBAXY,990.0,PA,0.0,0.0,0.0,56.35,11.05,0,0.0,0
2005-03-15,2005-04-28,OPTSTK,RANBAXY,1020.0,PA,0.0,0.0,0.0,70.5,18.7,0,0.0,0
2005-03-15,2005-04-28,OPTSTK,RANBAXY,1050.0,PA,0.0,0.0,0.0,86.45,29.5,0,0.0,0
2005-03-15,2005-04-28,OPTSTK,RANBAXY,1080.0,PA,0.0,0.0,0.0,104.1,43.65,0,0.0,0
2005-03-15,2005-04-28,OPTSTK,RANBAXY,1110.0,PA,0.0,0.0,0.0,123.4,61.1,0,0.0,0
2005-03-15,2005-04-28,OPTSTK,RANBAXY,1140.0,PA,0.0,0.0,0.0,123.65,81.6,0,0.0,0
2005-03-15,2005-04-28,OPTSTK,RANBAXY,1170.0,PA,0.0,0.0,0.0,142.85,104.7,0,0.0,0
2005-03-15,2005-05-26,OPTSTK,RANBAXY,900.0,CA,0.0,0.0,0.0,130.45,183.7,0,0.0,0
2005-03-15,2005-05-26,OPTSTK,RANBAXY,930.0,CA,0.0,0.0,0.0,108.7,157.1,0,0.0,0
2005-03-15,2005-05-26,OPTSTK,RANBAXY,960.0,CA,0.0,0.0,0.0,89.2,132.1,0,0.0,0
2005-03-15,2005-05-26,OPTSTK,RANBAXY,990.0,CA,0.0,0.0,0.0,72.05,109.1,0,0.0,0
2005-03-15,2005-05-26,OPTSTK,RANBAXY,1020.0,CA,0.0,0.0,0.0,57.3,88.35,0,0.0,0
2005-03-15,2005-05-26,OPTSTK,RANBAXY,1050.0,CA,0.0,0.0,0.0,44.85,70.15,0,0.0,0
2005-03-15,2005-05-26,OPTSTK,RANBAXY,1080.0,CA,0.0,0.0,0.0,34.6,54.6,0,0.0,0
2005-03-15,2005-05-26,OPTSTK,RANBAXY,1110.0,CA,0.0,0.0,0.0,33.8,41.65,0,0.0,0
2005-03-15,2005-05-26,OPTSTK,RANBAXY,1140.0,CA,0.0,0.0,0.0,22.35,31.15,0,0.0,0
2005-03-15,2005-05-26,OPTSTK,RANBAXY,1170.0,CA,0.0,0.0,0.0,38.25,22.85,0,0.0,0
2005-03-15,2005-05-26,OPTSTK,RANBAXY,900.0,PA,0.0,0.0,0.0,16.4,3.95,0,0.0,0
2005-03-15,2005-05-26,OPTSTK,RANBAXY,930.0,PA,0.0,0.0,0.0,24.25,7.05,0,0.0,0
2005-03-15,2005-05-26,OPTSTK,RANBAXY,960.0,PA,0.0,0.0,0.0,34.3,11.7,0,0.0,0
2005-03-15,2005-05-26,OPTSTK,RANBAXY,990.0,PA,0.0,0.0,0.0,46.7,18.35,0,0.0,0
2005-03-15,2005-05-26,OPTSTK,RANBAXY,1020.0,PA,0.0,0.0,0.0,61.5,27.2,0,0.0,0
2005-03-15,2005-05-26,OPTSTK,RANBAXY,1050.0,PA,0.0,0.0,0.0,78.65,38.7,0,0.0,0
2005-03-15,2005-05-26,OPTSTK,RANBAXY,1080.0,PA,0.0,0.0,0.0,97.9,52.75,0,0.0,0
2005-03-15,2005-05-26,OPTSTK,RANBAXY,1110.0,PA,0.0,0.0,0.0,106.3,69.45,0,0.0,0
2005-03-15,2005-05-26,OPTSTK,RANBAXY,1140.0,PA,0.0,0.0,0.0,111.75,88.6,0,0.0,0
2005-03-15,2005-05-26,OPTSTK,RANBAXY,1170.0,PA,0.0,0.0,0.0,101.65,109.95,0,0.0,0
2005-03-15,2005-03-31,OPTSTK,REL,440.0,CA,0.0,0.0,0.0,82.05,110.6,0,0.0,0
2005-03-15,2005-03-31,OPTSTK,REL,460.0,CA,0.0,0.0,0.0,78.5,90.7,0,0.0,0
2005-03-15,2005-03-31,OPTSTK,REL,470.0,CA,0.0,0.0,0.0,56.2,80.85,0,0.0,0
2005-03-15,2005-03-31,OPTSTK,REL,480.0,CA,0.0,0.0,0.0,63.55,71.1,0,0.0,0
2005-03-15,2005-03-31,OPTSTK,REL,490.0,CA,0.0,0.0,0.0,45.2,61.6,0,0.0,0
2005-03-15,2005-03-31,OPTSTK,REL,500.0,CA,0.0,0.0,0.0,50.3,52.4,0,0.0,0
2005-03-15,2005-03-31,OPTSTK,REL,510.0,CA,0.0,0.0,0.0,35.8,43.7,0,0.0,0
2005-03-15,2005-03-31,OPTSTK,REL,520.0,CA,58.8,58.8,58.8,58.8,58.8,4,12.73,0
2005-03-15,2005-03-31,OPTSTK,REL,530.0,CA,0.0,0.0,0.0,5.0,28.3,0,0.0,0
2005-03-15,2005-03-31,OPTSTK,REL,540.0,CA,0.0,0.0,0.0,29.55,21.9,0,0.0,0
2005-03-15,2005-03-31,OPTSTK,REL,560.0,CA,13.0,13.0,12.5,12.8,12.8,3,9.45,9900
2005-03-15,2005-03-31,OPTSTK,REL,580.0,CA,0.0,0.0,0.0,11.0,5.9,0,0.0,5500
2005-03-15,2005-03-31,OPTSTK,REL,600.0,CA,0.0,0.0,0.0,6.0,2.55,0,0.0,9900
2005-03-15,2005-03-31,OPTSTK,REL,620.0,CA,0.0,0.0,0.0,5.0,1.0,0,0.0,1100
2005-03-15,2005-03-31,OPTSTK,REL,640.0,CA,0.0,0.0,0.0,23.2,0.35,0,0.0,0
2005-03-15,2005-03-31,OPTSTK,REL,440.0,PA,0.0,0.0,0.0,11.5,0.05,0,0.0,0
2005-03-15,2005-03-31,OPTSTK,REL,460.0,PA,0.0,0.0,0.0,7.5,0.1,0,0.0,0
2005-03-15,2005-03-31,OPTSTK,REL,470.0,PA,0.0,0.0,0.0,23.35,0.2,0,0.0,0
2005-03-15,2005-03-31,OPTSTK,REL,480.0,PA,0.0,0.0,0.0,12.3,0.45,0,0.0,0
2005-03-15,2005-03-31,OPTSTK,REL,490.0,PA,0.0,0.0,0.0,32.1,0.9,0,0.0,0
2005-03-15,2005-03-31,OPTSTK,REL,500.0,PA,0.0,0.0,0.0,18.75,1.7,0,0.0,0
2005-03-15,2005-03-31,OPTSTK,REL,510.0,PA,0.0,0.0,0.0,42.5,2.95,0,0.0,0
2005-03-15,2005-03-31,OPTSTK,REL,520.0,PA,0.0,0.0,0.0,27.15,4.85,0,0.0,0
2005-03-15,2005-03-31,OPTSTK,REL,530.0,PA,0.0,0.0,0.0,54.45,7.5,0,0.0,0
2005-03-15,2005-03-31,OPTSTK,REL,540.0,PA,0.0,0.0,0.0,16.9,11.1,0,0.0,0
2005-03-15,2005-03-31,OPTSTK,REL,560.0,PA,24.75,25.0,24.75,24.95,24.95,6,19.3,3300
2005-03-15,2005-03-31,OPTSTK,REL,580.0,PA,11.0,11.0,10.5,10.55,10.55,18,58.46,11000
2005-03-15,2005-03-31,OPTSTK,REL,600.0,PA,0.0,0.0,0.0,20.5,51.6,0,0.0,0
2005-03-15,2005-03-31,OPTSTK,REL,620.0,PA,0.0,0.0,0.0,26.6,70.0,0,0.0,0
2005-03-15,2005-03-31,OPTSTK,REL,640.0,PA,0.0,0.0,0.0,10.0,89.3,0,0.0,0
2005-03-15,2005-04-28,OPTSTK,REL,460.0,CA,0.0,0.0,0.0,81.95,94.55,0,0.0,0
2005-03-15,2005-04-28,OPTSTK,REL,470.0,CA,0.0,0.0,0.0,58.35,85.45,0,0.0,0
2005-03-15,2005-04-28,OPTSTK,REL,480.0,CA,0.0,0.0,0.0,52.5,76.65,0,0.0,0
2005-03-15,2005-04-28,OPTSTK,REL,490.0,CA,0.0,0.0,0.0,47.05,68.25,0,0.0,0
2005-03-15,2005-04-28,OPTSTK,REL,500.0,CA,0.0,0.0,0.0,42.05,60.3,0,0.0,0
2005-03-15,2005-04-28,OPTSTK,REL,510.0,CA,0.0,0.0,0.0,37.4,52.8,0,0.0,0
2005-03-15,2005-04-28,OPTSTK,REL,520.0,CA,0.0,0.0,0.0,33.2,45.8,0,0.0,0
2005-03-15,2005-04-28,OPTSTK,REL,530.0,CA,0.0,0.0,0.0,29.35,39.4,0,0.0,0
2005-03-15,2005-04-28,OPTSTK,REL,540.0,CA,0.0,0.0,0.0,37.75,33.55,0,0.0,0
2005-03-15,2005-04-28,OPTSTK,REL,560.0,CA,0.0,0.0,0.0,30.25,23.7,0,0.0,0
2005-03-15,2005-04-28,OPTSTK,REL,580.0,CA,0.0,0.0,0.0,24.05,16.1,0,0.0,0
2005-03-15,2005-04-28,OPTSTK,REL,600.0,CA,0.0,0.0,0.0,29.9,10.6,0,0.0,0
2005-03-15,2005-04-28,OPTSTK,REL,620.0,CA,0.0,0.0,0.0,23.9,6.7,0,0.0,0
2005-03-15,2005-04-28,OPTSTK,REL,640.0,CA,0.0,0.0,0.0,33.3,4.1,0,0.0,0
2005-03-15,2005-04-28,OPTSTK,REL,460.0,PA,0.0,0.0,0.0,15.7,1.7,0,0.0,0
2005-03-15,2005-04-28,OPTSTK,REL,470.0,PA,0.0,0.0,0.0,21.95,2.55,0,0.0,0
2005-03-15,2005-04-28,OPTSTK,REL,480.0,PA,0.0,0.0,0.0,26.0,3.7,0,0.0,0
2005-03-15,2005-04-28,OPTSTK,REL,490.0,PA,0.0,0.0,0.0,30.4,5.25,0,0.0,0
2005-03-15,2005-04-28,OPTSTK,REL,500.0,PA,0.0,0.0,0.0,35.25,7.2,0,0.0,0
2005-03-15,2005-04-28,OPTSTK,REL,510.0,PA,0.0,0.0,0.0,40.45,9.6,0,0.0,0
2005-03-15,2005-04-28,OPTSTK,REL,520.0,PA,0.0,0.0,0.0,46.1,12.55,0,0.0,0
2005-03-15,2005-04-28,OPTSTK,REL,530.0,PA,0.0,0.0,0.0,52.1,16.05,0,0.0,0
2005-03-15,2005-04-28,OPTSTK,REL,540.0,PA,0.0,0.0,0.0,50.4,20.15,0,0.0,0
2005-03-15,2005-04-28,OPTSTK,REL,560.0,PA,0.0,0.0,0.0,62.65,30.15,0,0.0,0
2005-03-15,2005-04-28,OPTSTK,REL,580.0,PA,0.0,0.0,0.0,76.1,42.45,0,0.0,0
2005-03-15,2005-04-28,OPTSTK,REL,600.0,PA,0.0,0.0,0.0,68.85,56.75,0,0.0,0
2005-03-15,2005-04-28,OPTSTK,REL,620.0,PA,0.0,0.0,0.0,82.6,72.75,0,0.0,0
2005-03-15,2005-04-28,OPTSTK,REL,640.0,PA,0.0,0.0,0.0,84.45,90.0,0,0.0,0
2005-03-15,2005-05-26,OPTSTK,REL,500.0,CA,0.0,0.0,0.0,82.15,67.3,0,0.0,0
2005-03-15,2005-05-26,OPTSTK,REL,520.0,CA,0.0,0.0,0.0,68.1,53.75,0,0.0,0
2005-03-15,2005-05-26,OPTSTK,REL,540.0,CA,0.0,0.0,0.0,55.6,42.1,0,0.0,0
2005-03-15,2005-05-26,OPTSTK,REL,560.0,CA,0.0,0.0,0.0,44.7,32.25,0,0.0,0
2005-03-15,2005-05-26,OPTSTK,REL,580.0,CA,0.0,0.0,0.0,35.4,24.2,0,0.0,0
2005-03-15,2005-05-26,OPTSTK,REL,600.0,CA,0.0,0.0,0.0,27.65,17.85,0,0.0,0
2005-03-15,2005-05-26,OPTSTK,REL,620.0,CA,0.0,0.0,0.0,21.25,12.9,0,0.0,0
2005-03-15,2005-05-26,OPTSTK,REL,640.0,CA,0.0,0.0,0.0,22.85,9.15,0,0.0,0
2005-03-15,2005-05-26,OPTSTK,REL,500.0,PA,0.0,0.0,0.0,11.7,11.95,0,0.0,0
2005-03-15,2005-05-26,OPTSTK,REL,520.0,PA,0.0,0.0,0.0,17.35,18.15,0,0.0,0
2005-03-15,2005-05-26,OPTSTK,REL,540.0,PA,0.0,0.0,0.0,24.55,26.25,0,0.0,0
2005-03-15,2005-05-26,OPTSTK,REL,560.0,PA,0.0,0.0,0.0,33.35,36.2,0,0.0,0
2005-03-15,2005-05-26,OPTSTK,REL,580.0,PA,0.0,0.0,0.0,43.75,47.9,0,0.0,0
2005-03-15,2005-05-26,OPTSTK,REL,600.0,PA,0.0,0.0,0.0,55.7,61.3,0,0.0,0
2005-03-15,2005-05-26,OPTSTK,REL,620.0,PA,0.0,0.0,0.0,69.05,76.15,0,0.0,0
2005-03-15,2005-05-26,OPTSTK,REL,640.0,PA,0.0,0.0,0.0,68.4,92.15,0,0.0,0
2005-03-15,2005-03-31,OPTSTK,RELIANCE,440.0,CA,0.0,0.0,0.0,74.0,131.95,0,0.0,0
2005-03-15,2005-03-31,OPTSTK,RELIANCE,460.0,CA,33.0,33.0,33.0,33.0,33.0,22,65.07,13200
2005-03-15,2005-03-31,OPTSTK,RELIANCE,480.0,CA,20.0,60.0,20.0,60.0,60.0,8,24.84,7800
2005-03-15,2005-03-31,OPTSTK,RELIANCE,500.0,CA,84.0,84.0,83.0,83.0,83.0,10,35.01,0
2005-03-15,2005-03-31,OPTSTK,RELIANCE,520.0,CA,60.5,60.5,54.3,58.8,58.8,74,256.5,54000
2005-03-15,2005-03-31,OPTSTK,RELIANCE,540.0,CA,44.0,46.7,35.0,36.35,36.35,138,481.13,370800
2005-03-15,2005-03-31,OPTSTK,RELIANCE,560.0,CA,26.3,29.6,18.35,19.15,19.15,331,1156.01,532800
2005-03-15,2005-03-31,OPTSTK,RELIANCE,580.0,CA,12.8,16.3,8.5,9.2,9.2,566,2009.75,489000
2005-03-15,2005-03-31,OPTSTK,RELIANCE,600.0,CA,6.55,8.0,4.0,4.7,4.7,364,1322.74,1099800
2005-03-15,2005-03-31,OPTSTK,RELIANCE,620.0,CA,3.0,3.45,1.3,2.0,2.0,73,272.62,202200
2005-03-15,2005-03-31,OPTSTK,RELIANCE,640.0,CA,1.15,1.15,0.8,1.0,1.0,10,38.45,51600
2005-03-15,2005-03-31,OPTSTK,RELIANCE,660.0,CA,0.0,0.0,0.0,1.4,0.1,0,0.0,0
2005-03-15,2005-03-31,OPTSTK,RELIANCE,440.0,PA,0.0,0.0,0.0,2.85,0.0,0,0.0,0
2005-03-15,2005-03-31,OPTSTK,RELIANCE,460.0,PA,0.0,0.0,0.0,1.0,0.0,0,0.0,1200
2005-03-15,2005-03-31,OPTSTK,RELIANCE,480.0,PA,0.0,0.0,0.0,1.15,0.05,0,0.0,1200
2005-03-15,2005-03-31,OPTSTK,RELIANCE,500.0,PA,0.0,0.0,0.0,0.9,0.1,0,0.0,27000
2005-03-15,2005-03-31,OPTSTK,RELIANCE,520.0,PA,0.85,0.85,0.7,0.8,0.8,2,6.24,92400
2005-03-15,2005-03-31,OPTSTK,RELIANCE,540.0,PA,1.75,1.85,1.3,1.6,1.6,48,155.99,308400
2005-03-15,2005-03-31,OPTSTK,RELIANCE,560.0,PA,4.5,5.75,3.7,5.15,5.15,163,552.61,204600
2005-03-15,2005-03-31,OPTSTK,RELIANCE,580.0,PA,12.0,15.5,10.25,14.7,14.7,311,1107.5,252600
2005-03-15,2005-03-31,OPTSTK,RELIANCE,600.0,PA,23.1,31.0,22.0,30.7,30.7,27,101.6,121200
2005-03-15,2005-03-31,OPTSTK,RELIANCE,620.0,PA,0.0,0.0,0.0,35.0,48.9,0,0.0,5400
2005-03-15,2005-03-31,OPTSTK,RELIANCE,640.0,PA,0.0,0.0,0.0,15.0,67.95,0,0.0,0
2005-03-15,2005-03-31,OPTSTK,RELIANCE,660.0,PA,0.0,0.0,0.0,68.0,87.65,0,0.0,0
2005-03-15,2005-04-28,OPTSTK,RELIANCE,440.0,CA,0.0,0.0,0.0,76.45,134.05,0,0.0,0
2005-03-15,2005-04-28,OPTSTK,RELIANCE,460.0,CA,0.0,0.0,0.0,60.4,114.35,0,0.0,0
2005-03-15,2005-04-28,OPTSTK,RELIANCE,480.0,CA,0.0,0.0,0.0,46.2,94.85,0,0.0,0
2005-03-15,2005-04-28,OPTSTK,RELIANCE,500.0,CA,0.0,0.0,0.0,34.25,76.0,0,0.0,0
2005-03-15,2005-04-28,OPTSTK,RELIANCE,520.0,CA,0.0,0.0,0.0,55.55,58.4,0,0.0,0
2005-03-15,2005-04-28,OPTSTK,RELIANCE,540.0,CA,0.0,0.0,0.0,40.05,42.7,0,0.0,13200
2005-03-15,2005-04-28,OPTSTK,RELIANCE,560.0,CA,0.0,0.0,0.0,11.45,29.5,0,0.0,0
2005-03-15,2005-04-28,OPTSTK,RELIANCE,580.0,CA,23.1,23.2,23.0,23.2,23.2,8,28.94,3600
2005-03-15,2005-04-28,OPTSTK,RELIANCE,600.0,CA,22.0,22.0,15.0,15.3,15.3,33,122.17,70200
2005-03-15,2005-04-28,OPTSTK,RELIANCE,620.0,CA,0.0,0.0,0.0,5.85,6.8,0,0.0,0
2005-03-15,2005-04-28,OPTSTK,RELIANCE,640.0,CA,0.0,0.0,0.0,5.85,3.7,0,0.0,0
2005-03-15,2005-04-28,OPTSTK,RELIANCE,660.0,CA,0.0,0.0,0.0,6.1,1.9,0,0.0,0
2005-03-15,2005-04-28,OPTSTK,RELIANCE,440.0,PA,0.0,0.0,0.0,4.15,0.05,0,0.0,0
2005-03-15,2005-04-28,OPTSTK,RELIANCE,460.0,PA,0.0,0.0,0.0,7.85,0.15,0,0.0,0
2005-03-15,2005-04-28,OPTSTK,RELIANCE,480.0,PA,0.0,0.0,0.0,13.4,0.55,0,0.0,0
2005-03-15,2005-04-28,OPTSTK,RELIANCE,500.0,PA,0.0,0.0,0.0,7.1,1.55,0,0.0,1800
2005-03-15,2005-04-28,OPTSTK,RELIANCE,520.0,PA,0.0,0.0,0.0,31.15,3.8,0,0.0,0
2005-03-15,2005-04-28,OPTSTK,RELIANCE,540.0,PA,0.0,0.0,0.0,43.35,8.0,0,0.0,0
2005-03-15,2005-04-28,OPTSTK,RELIANCE,560.0,PA,0.0,0.0,0.0,57.5,14.65,0,0.0,0
2005-03-15,2005-04-28,OPTSTK,RELIANCE,580.0,PA,20.0,20.0,20.0,20.0,20.0,1,3.6,600
2005-03-15,2005-04-28,OPTSTK,RELIANCE,600.0,PA,0.0,0.0,0.0,71.15,36.6,0,0.0,0
2005-03-15,2005-04-28,OPTSTK,RELIANCE,620.0,PA,0.0,0.0,0.0,63.5,51.5,0,0.0,0
2005-03-15,2005-04-28,OPTSTK,RELIANCE,640.0,PA,0.0,0.0,0.0,68.0,68.25,0,0.0,0
2005-03-15,2005-04-28,OPTSTK,RELIANCE,660.0,PA,0.0,0.0,0.0,69.55,86.3,0,0.0,0
2005-03-15,2005-05-26,OPTSTK,RELIANCE,480.0,CA,0.0,0.0,0.0,77.05,98.25,0,0.0,0
2005-03-15,2005-05-26,OPTSTK,RELIANCE,500.0,CA,0.0,0.0,0.0,60.35,80.4,0,0.0,0
2005-03-15,2005-05-26,OPTSTK,RELIANCE,520.0,CA,0.0,0.0,0.0,45.5,63.95,0,0.0,0
2005-03-15,2005-05-26,OPTSTK,RELIANCE,540.0,CA,0.0,0.0,0.0,33.0,49.25,0,0.0,0
2005-03-15,2005-05-26,OPTSTK,RELIANCE,560.0,CA,0.0,0.0,0.0,22.95,36.7,0,0.0,0
2005-03-15,2005-05-26,OPTSTK,RELIANCE,580.0,CA,0.0,0.0,0.0,20.0,26.45,0,0.0,600
2005-03-15,2005-05-26,OPTSTK,RELIANCE,600.0,CA,0.0,0.0,0.0,15.0,18.4,0,0.0,600
2005-03-15,2005-05-26,OPTSTK,RELIANCE,620.0,CA,0.0,0.0,0.0,10.15,12.35,0,0.0,0
2005-03-15,2005-05-26,OPTSTK,RELIANCE,640.0,CA,0.0,0.0,0.0,10.45,8.05,0,0.0,0
2005-03-15,2005-05-26,OPTSTK,RELIANCE,660.0,CA,0.0,0.0,0.0,2.55,5.05,0,0.0,6000
2005-03-15,2005-05-26,OPTSTK,RELIANCE,480.0,PA,0.0,0.0,0.0,2.9,1.75,0,0.0,0
2005-03-15,2005-05-26,OPTSTK,RELIANCE,500.0,PA,0.0,0.0,0.0,5.9,3.7,0,0.0,0
2005-03-15,2005-05-26,OPTSTK,RELIANCE,520.0,PA,0.0,0.0,0.0,10.8,7.0,0,0.0,0
2005-03-15,2005-05-26,OPTSTK,RELIANCE,540.0,PA,0.0,0.0,0.0,17.95,12.05,0,0.0,0
2005-03-15,2005-05-26,OPTSTK,RELIANCE,560.0,PA,0.0,0.0,0.0,27.6,19.3,0,0.0,0
2005-03-15,2005-05-26,OPTSTK,RELIANCE,580.0,PA,0.0,0.0,0.0,39.65,28.75,0,0.0,0
2005-03-15,2005-05-26,OPTSTK,RELIANCE,600.0,PA,0.0,0.0,0.0,53.85,40.5,0,0.0,0
2005-03-15,2005-05-26,OPTSTK,RELIANCE,620.0,PA,0.0,0.0,0.0,64.95,54.2,0,0.0,0
2005-03-15,2005-05-26,OPTSTK,RELIANCE,640.0,PA,0.0,0.0,0.0,69.7,69.65,0,0.0,0
2005-03-15,2005-05-26,OPTSTK,RELIANCE,660.0,PA,0.0,0.0,0.0,71.7,86.45,0,0.0,0
2005-03-15,2005-03-31,OPTSTK,SATYAMCOMP,330.0,CA,0.0,0.0,0.0,25.0,79.85,0,0.0,1200
2005-03-15,2005-03-31,OPTSTK,SATYAMCOMP,340.0,CA,0.0,0.0,0.0,40.0,69.9,0,0.0,0
2005-03-15,2005-03-31,OPTSTK,SATYAMCOMP,350.0,CA,0.0,0.0,0.0,46.45,60.0,0,0.0,0
2005-03-15,2005-03-31,OPTSTK,SATYAMCOMP,360.0,CA,0.0,0.0,0.0,59.0,50.15,0,0.0,0
2005-03-15,2005-03-31,OPTSTK,SATYAMCOMP,370.0,CA,0.0,0.0,0.0,44.0,40.6,0,0.0,0
2005-03-15,2005-03-31,OPTSTK,SATYAMCOMP,380.0,CA,0.0,0.0,0.0,30.2,31.55,0,0.0,6000
2005-03-15,2005-03-31,OPTSTK,SATYAMCOMP,390.0,CA,27.5,27.5,27.5,27.5,27.5,1,5.01,20400
2005-03-15,2005-03-31,OPTSTK,SATYAMCOMP,400.0,CA,19.3,20.0,15.0,16.15,16.15,60,300.14,325200
2005-03-15,2005-03-31,OPTSTK,SATYAMCOMP,410.0,CA,13.0,14.0,9.25,9.6,9.6,308,1556.12,661200
2005-03-15,2005-03-31,OPTSTK,SATYAMCOMP,420.0,CA,10.0,10.0,5.0,5.5,5.5,360,1843.05,770400
2005-03-15,2005-03-31,OPTSTK,SATYAMCOMP,430.0,CA,4.55,4.8,3.0,3.35,3.35,60,312.28,321600
2005-03-15,2005-03-31,OPTSTK,SATYAMCOMP,440.0,CA,2.45,2.45,1.7,1.8,1.8,9,47.73,97200
2005-03-15,2005-03-31,OPTSTK,SATYAMCOMP,450.0,CA,0.0,0.0,0.0,2.0,1.0,0,0.0,43200
2005-03-15,2005-03-31,OPTSTK,SATYAMCOMP,330.0,PA,0.0,0.0,0.0,15.1,0.0,0,0.0,0
2005-03-15,2005-03-31,OPTSTK,SATYAMCOMP,340.0,PA,0.0,0.0,0.0,12.5,0.05,0,0.0,0
2005-03-15,2005-03-31,OPTSTK,SATYAMCOMP,350.0,PA,0.0,0.0,0.0,0.5,0.1,0,0.0,8400
2005-03-15,2005-03-31,OPTSTK,SATYAMCOMP,360.0,PA,0.0,0.0,0.0,0.95,0.25,0,0.0,16800
2005-03-15,2005-03-31,OPTSTK,SATYAMCOMP,370.0,PA,0.0,0.0,0.0,1.0,0.65,0,0.0,19200
2005-03-15,2005-03-31,OPTSTK,SATYAMCOMP,380.0,PA,1.7,1.95,1.4,1.6,1.6,18,82.44,224400
2005-03-15,2005-03-31,OPTSTK,SATYAMCOMP,390.0,PA,2.75,3.05,2.4,3.0,3.0,16,75.42,144000
2005-03-15,2005-03-31,OPTSTK,SATYAMCOMP,400.0,PA,4.9,6.1,4.75,5.5,5.5,68,330.87,322800
2005-03-15,2005-03-31,OPTSTK,SATYAMCOMP,410.0,PA,7.5,10.5,7.1,9.3,9.3,181,910.26,296400
2005-03-15,2005-03-31,OPTSTK,SATYAMCOMP,420.0,PA,12.0,16.0,12.0,15.2,15.2,41,213.76,226800
2005-03-15,2005-03-31,OPTSTK,SATYAMCOMP,430.0,PA,0.0,0.0,0.0,19.5,23.7,0,0.0,28800
2005-03-15,2005-03-31,OPTSTK,SATYAMCOMP,440.0,PA,0.0,0.0,0.0,31.0,31.9,0,0.0,1200
2005-03-15,2005-03-31,OPTSTK,SATYAMCOMP,450.0,PA,0.0,0.0,0.0,37.75,40.85,0,0.0,0
2005-03-15,2005-04-28,OPTSTK,SATYAMCOMP,360.0,CA,0.0,0.0,0.0,54.65,53.8,0,0.0,0
2005-03-15,2005-04-28,OPTSTK,SATYAMCOMP,370.0,CA,0.0,0.0,0.0,48.7,45.3,0,0.0,0
2005-03-15,2005-04-28,OPTSTK,SATYAMCOMP,380.0,CA,0.0,0.0,0.0,43.2,37.45,0,0.0,0
2005-03-15,2005-04-28,OPTSTK,SATYAMCOMP,390.0,CA,0.0,0.0,0.0,38.2,30.35,0,0.0,0
2005-03-15,2005-04-28,OPTSTK,SATYAMCOMP,400.0,CA,0.0,0.0,0.0,33.6,24.1,0,0.0,0
2005-03-15,2005-04-28,OPTSTK,SATYAMCOMP,410.0,CA,0.0,0.0,0.0,29.45,18.7,0,0.0,0
2005-03-15,2005-04-28,OPTSTK,SATYAMCOMP,420.0,CA,0.0,0.0,0.0,25.75,14.2,0,0.0,0
2005-03-15,2005-04-28,OPTSTK,SATYAMCOMP,430.0,CA,0.0,0.0,0.0,25.7,10.6,0,0.0,0
2005-03-15,2005-04-28,OPTSTK,SATYAMCOMP,440.0,CA,0.0,0.0,0.0,27.35,7.7,0,0.0,0
2005-03-15,2005-04-28,OPTSTK,SATYAMCOMP,450.0,CA,0.0,0.0,0.0,19.55,5.5,0,0.0,0
2005-03-15,2005-04-28,OPTSTK,SATYAMCOMP,360.0,PA,0.0,0.0,0.0,18.25,2.15,0,0.0,0
2005-03-15,2005-04-28,OPTSTK,SATYAMCOMP,370.0,PA,0.0,0.0,0.0,22.15,3.6,0,0.0,0
2005-03-15,2005-04-28,OPTSTK,SATYAMCOMP,380.0,PA,0.0,0.0,0.0,26.55,5.65,0,0.0,0
2005-03-15,2005-04-28,OPTSTK,SATYAMCOMP,390.0,PA,0.0,0.0,0.0,31.35,8.5,0,0.0,0
2005-03-15,2005-04-28,OPTSTK,SATYAMCOMP,400.0,PA,0.0,0.0,0.0,36.65,12.15,0,0.0,0
2005-03-15,2005-04-28,OPTSTK,SATYAMCOMP,410.0,PA,0.0,0.0,0.0,42.35,16.7,0,0.0,0
2005-03-15,2005-04-28,OPTSTK,SATYAMCOMP,420.0,PA,0.0,0.0,0.0,48.5,22.15,0,0.0,0
2005-03-15,2005-04-28,OPTSTK,SATYAMCOMP,430.0,PA,0.0,0.0,0.0,49.7,28.45,0,0.0,0
2005-03-15,2005-04-28,OPTSTK,SATYAMCOMP,440.0,PA,0.0,0.0,0.0,48.2,35.5,0,0.0,0
2005-03-15,2005-04-28,OPTSTK,SATYAMCOMP,450.0,PA,0.0,0.0,0.0,42.35,43.2,0,0.0,0
2005-03-15,2005-05-26,OPTSTK,SATYAMCOMP,360.0,CA,0.0,0.0,0.0,52.5,57.7,0,0.0,0
2005-03-15,2005-05-26,OPTSTK,SATYAMCOMP,370.0,CA,0.0,0.0,0.0,45.25,49.8,0,0.0,0
2005-03-15,2005-05-26,OPTSTK,SATYAMCOMP,380.0,CA,0.0,0.0,0.0,39.05,42.5,0,0.0,0
2005-03-15,2005-05-26,OPTSTK,SATYAMCOMP,390.0,CA,0.0,0.0,0.0,33.45,35.85,0,0.0,0
2005-03-15,2005-05-26,OPTSTK,SATYAMCOMP,400.0,CA,0.0,0.0,0.0,28.4,29.85,0,0.0,0
2005-03-15,2005-05-26,OPTSTK,SATYAMCOMP,410.0,CA,0.0,0.0,0.0,23.95,24.55,0,0.0,0
2005-03-15,2005-05-26,OPTSTK,SATYAMCOMP,420.0,CA,0.0,0.0,0.0,20.05,19.95,0,0.0,0
2005-03-15,2005-05-26,OPTSTK,SATYAMCOMP,430.0,CA,0.0,0.0,0.0,16.65,16.05,0,0.0,0
2005-03-15,2005-05-26,OPTSTK,SATYAMCOMP,440.0,CA,0.0,0.0,0.0,18.95,12.7,0,0.0,0
2005-03-15,2005-05-26,OPTSTK,SATYAMCOMP,450.0,CA,0.0,0.0,0.0,16.2,10.0,0,0.0,0
2005-03-15,2005-05-26,OPTSTK,SATYAMCOMP,360.0,PA,0.0,0.0,0.0,12.7,4.4,0,0.0,0
2005-03-15,2005-05-26,OPTSTK,SATYAMCOMP,370.0,PA,0.0,0.0,0.0,13.0,6.4,0,0.0,0
2005-03-15,2005-05-26,OPTSTK,SATYAMCOMP,380.0,PA,0.0,0.0,0.0,16.65,9.0,0,0.0,0
2005-03-15,2005-05-26,OPTSTK,SATYAMCOMP,390.0,PA,0.0,0.0,0.0,20.9,12.2,0,0.0,0
2005-03-15,2005-05-26,OPTSTK,SATYAMCOMP,400.0,PA,0.0,0.0,0.0,25.7,16.1,0,0.0,0
2005-03-15,2005-05-26,OPTSTK,SATYAMCOMP,410.0,PA,0.0,0.0,0.0,31.1,20.7,0,0.0,0
2005-03-15,2005-05-26,OPTSTK,SATYAMCOMP,420.0,PA,0.0,0.0,0.0,37.05,26.0,0,0.0,0
2005-03-15,2005-05-26,OPTSTK,SATYAMCOMP,430.0,PA,0.0,0.0,0.0,43.5,31.95,0,0.0,0
2005-03-15,2005-05-26,OPTSTK,SATYAMCOMP,440.0,PA,0.0,0.0,0.0,40.95,38.5,0,0.0,0
2005-03-15,2005-05-26,OPTSTK,SATYAMCOMP,450.0,PA,0.0,0.0,0.0,45.35,45.65,0,0.0,0
2005-03-15,2005-03-31,OPTSTK,SBIN,520.0,CA,0.0,0.0,0.0,160.0,213.0,0,0.0,0
2005-03-15,2005-03-31,OPTSTK,SBIN,540.0,CA,0.0,0.0,0.0,94.45,193.05,0,0.0,0
2005-03-15,2005-03-31,OPTSTK,SBIN,560.0,CA,0.0,0.0,0.0,86.55,173.1,0,0.0,0
2005-03-15,2005-03-31,OPTSTK,SBIN,580.0,CA,0.0,0.0,0.0,64.0,153.2,0,0.0,0
2005-03-15,2005-03-31,OPTSTK,SBIN,600.0,CA,0.0,0.0,0.0,30.0,133.25,0,0.0,500
2005-03-15,2005-03-31,OPTSTK,SBIN,620.0,CA,0.0,0.0,0.0,110.0,113.4,0,0.0,0
2005-03-15,2005-03-31,OPTSTK,SBIN,640.0,CA,0.0,0.0,0.0,100.0,93.85,0,0.0,19500
2005-03-15,2005-03-31,OPTSTK,SBIN,660.0,CA,77.05,77.05,75.0,75.0,75.0,5,18.41,68000
2005-03-15,2005-03-31,OPTSTK,SBIN,680.0,CA,58.85,59.95,55.0,58.3,58.3,14,51.66,228500
2005-03-15,2005-03-31,OPTSTK,SBIN,700.0,CA,44.0,44.95,33.2,40.6,40.6,46,170.31,190000
2005-03-15,2005-03-31,OPTSTK,SBIN,720.0,CA,29.8,29.8,18.5,22.95,22.95,363,1349.06,358000
2005-03-15,2005-03-31,OPTSTK,SBIN,740.0,CA,14.0,16.85,10.0,13.2,13.2,400,1507.01,294500
2005-03-15,2005-03-31,OPTSTK,SBIN,760.0,CA,9.0,9.0,5.3,6.8,6.8,106,406.59,159500
2005-03-15,2005-03-31,OPTSTK,SBIN,780.0,CA,4.4,4.4,3.0,3.35,3.35,28,109.71,45000
2005-03-15,2005-03-31,OPTSTK,SBIN,800.0,CA,2.0,2.0,2.0,2.0,2.0,1,4.01,3500
2005-03-15,2005-03-31,OPTSTK,SBIN,520.0,PA,0.0,0.0,0.0,15.5,0.0,0,0.0,0
2005-03-15,2005-03-31,OPTSTK,SBIN,540.0,PA,0.0,0.0,0.0,18.65,0.0,0,0.0,0
2005-03-15,2005-03-31,OPTSTK,SBIN,560.0,PA,0.0,0.0,0.0,21.85,0.0,0,0.0,0
2005-03-15,2005-03-31,OPTSTK,SBIN,580.0,PA,0.0,0.0,0.0,1.2,0.05,0,0.0,2000
2005-03-15,2005-03-31,OPTSTK,SBIN,600.0,PA,1.0,2.9,0.5,0.5,0.5,4,12.02,19500
2005-03-15,2005-03-31,OPTSTK,SBIN,620.0,PA,0.6,0.6,0.6,0.6,0.6,1,3.1,17000
2005-03-15,2005-03-31,OPTSTK,SBIN,640.0,PA,0.0,0.0,0.0,1.2,0.55,0,0.0,44000
2005-03-15,2005-03-31,OPTSTK,SBIN,660.0,PA,1.3,1.75,1.3,1.75,1.75,4,13.23,97000
2005-03-15,2005-03-31,OPTSTK,SBIN,680.0,PA,2.2,2.7,2.0,2.0,2.0,18,61.42,230500
2005-03-15,2005-03-31,OPTSTK,SBIN,700.0,PA,4.95,5.8,4.05,4.25,4.25,68,239.67,268000
2005-03-15,2005-03-31,OPTSTK,SBIN,720.0,PA,9.5,10.65,7.5,8.2,8.2,267,973.78,225000
2005-03-15,2005-03-31,OPTSTK,SBIN,740.0,PA,16.0,21.8,15.0,16.45,16.45,159,602.88,115500
2005-03-15,2005-03-31,OPTSTK,SBIN,760.0,PA,29.0,35.8,29.0,32.0,32.0,8,31.68,8500
2005-03-15,2005-03-31,OPTSTK,SBIN,780.0,PA,0.0,0.0,0.0,73.45,52.25,0,0.0,0
2005-03-15,2005-03-31,OPTSTK,SBIN,800.0,PA,0.0,0.0,0.0,63.65,69.35,0,0.0,0
2005-03-15,2005-04-28,OPTSTK,SBIN,520.0,CA,0.0,0.0,0.0,84.05,215.55,0,0.0,0
2005-03-15,2005-04-28,OPTSTK,SBIN,540.0,CA,0.0,0.0,0.0,70.65,195.75,0,0.0,0
2005-03-15,2005-04-28,OPTSTK,SBIN,560.0,CA,0.0,0.0,0.0,58.7,176.05,0,0.0,0
2005-03-15,2005-04-28,OPTSTK,SBIN,580.0,CA,0.0,0.0,0.0,48.2,156.55,0,0.0,0
2005-03-15,2005-04-28,OPTSTK,SBIN,600.0,CA,0.0,0.0,0.0,39.15,137.4,0,0.0,0
2005-03-15,2005-04-28,OPTSTK,SBIN,620.0,CA,0.0,0.0,0.0,31.45,118.85,0,0.0,0
2005-03-15,2005-04-28,OPTSTK,SBIN,640.0,CA,0.0,0.0,0.0,25.0,101.05,0,0.0,0
2005-03-15,2005-04-28,OPTSTK,SBIN,660.0,CA,0.0,0.0,0.0,48.2,84.35,0,0.0,0
2005-03-15,2005-04-28,OPTSTK,SBIN,680.0,CA,0.0,0.0,0.0,41.15,69.1,0,0.0,0
2005-03-15,2005-04-28,OPTSTK,SBIN,700.0,CA,0.0,0.0,0.0,42.3,55.35,0,0.0,0
2005-03-15,2005-04-28,OPTSTK,SBIN,720.0,CA,0.0,0.0,0.0,42.5,43.4,0,0.0,1000
2005-03-15,2005-04-28,OPTSTK,SBIN,740.0,CA,30.0,30.0,28.0,28.0,28.0,24,92.22,9000
2005-03-15,2005-04-28,OPTSTK,SBIN,760.0,CA,0.0,0.0,0.0,23.5,25.0,0,0.0,500
2005-03-15,2005-04-28,OPTSTK,SBIN,780.0,CA,0.0,0.0,0.0,10.0,18.35,0,0.0,1500
2005-03-15,2005-04-28,OPTSTK,SBIN,800.0,CA,8.25,8.25,8.25,8.25,8.25,1,4.04,1000
2005-03-15,2005-04-28,OPTSTK,SBIN,520.0,PA,0.0,0.0,0.0,15.85,0.05,0,0.0,0
2005-03-15,2005-04-28,OPTSTK,SBIN,540.0,PA,0.0,0.0,0.0,22.15,0.1,0,0.0,0
2005-03-15,2005-04-28,OPTSTK,SBIN,560.0,PA,0.0,0.0,0.0,29.9,0.3,0,0.0,0
2005-03-15,2005-04-28,OPTSTK,SBIN,580.0,PA,0.0,0.0,0.0,39.15,0.65,0,0.0,0
2005-03-15,2005-04-28,OPTSTK,SBIN,600.0,PA,0.0,0.0,0.0,49.8,1.35,0,0.0,0
2005-03-15,2005-04-28,OPTSTK,SBIN,620.0,PA,0.0,0.0,0.0,61.8,2.6,0,0.0,0
2005-03-15,2005-04-28,OPTSTK,SBIN,640.0,PA,0.0,0.0,0.0,75.05,4.7,0,0.0,0
2005-03-15,2005-04-28,OPTSTK,SBIN,660.0,PA,5.0,5.0,5.0,5.0,5.0,1,3.32,500
2005-03-15,2005-04-28,OPTSTK,SBIN,680.0,PA,0.0,0.0,0.0,89.5,12.45,0,0.0,0
2005-03-15,2005-04-28,OPTSTK,SBIN,700.0,PA,0.0,0.0,0.0,89.85,18.55,0,0.0,0
2005-03-15,2005-04-28,OPTSTK,SBIN,720.0,PA,0.0,0.0,0.0,94.1,26.5,0,0.0,0
2005-03-15,2005-04-28,OPTSTK,SBIN,740.0,PA,0.0,0.0,0.0,75.0,36.25,0,0.0,0
2005-03-15,2005-04-28,OPTSTK,SBIN,760.0,PA,0.0,0.0,0.0,80.75,47.8,0,0.0,0
2005-03-15,2005-04-28,OPTSTK,SBIN,780.0,PA,0.0,0.0,0.0,81.65,61.0,0,0.0,0
2005-03-15,2005-04-28,OPTSTK,SBIN,800.0,PA,0.0,0.0,0.0,72.6,75.7,0,0.0,0
2005-03-15,2005-05-26,OPTSTK,SBIN,620.0,CA,0.0,0.0,0.0,91.9,125.15,0,0.0,0
2005-03-15,2005-05-26,OPTSTK,SBIN,640.0,CA,0.0,0.0,0.0,84.05,108.6,0,0.0,0
2005-03-15,2005-05-26,OPTSTK,SBIN,660.0,CA,0.0,0.0,0.0,71.65,93.15,0,0.0,0
2005-03-15,2005-05-26,OPTSTK,SBIN,680.0,CA,0.0,0.0,0.0,60.55,78.9,0,0.0,0
2005-03-15,2005-05-26,OPTSTK,SBIN,700.0,CA,0.0,0.0,0.0,50.7,66.05,0,0.0,0
2005-03-15,2005-05-26,OPTSTK,SBIN,720.0,CA,0.0,0.0,0.0,42.05,54.6,0,0.0,0
2005-03-15,2005-05-26,OPTSTK,SBIN,740.0,CA,0.0,0.0,0.0,34.6,44.55,0,0.0,0
2005-03-15,2005-05-26,OPTSTK,SBIN,760.0,CA,0.0,0.0,0.0,28.25,35.95,0,0.0,0
2005-03-15,2005-05-26,OPTSTK,SBIN,780.0,CA,0.0,0.0,0.0,34.25,28.65,0,0.0,0
2005-03-15,2005-05-26,OPTSTK,SBIN,800.0,CA,0.0,0.0,0.0,31.85,22.55,0,0.0,0
2005-03-15,2005-05-26,OPTSTK,SBIN,620.0,PA,0.0,0.0,0.0,17.75,6.15,0,0.0,0
2005-03-15,2005-05-26,OPTSTK,SBIN,640.0,PA,0.0,0.0,0.0,23.55,9.35,0,0.0,0
2005-03-15,2005-05-26,OPTSTK,SBIN,660.0,PA,0.0,0.0,0.0,30.85,13.65,0,0.0,0
2005-03-15,2005-05-26,OPTSTK,SBIN,680.0,PA,0.0,0.0,0.0,39.45,19.15,0,0.0,0
2005-03-15,2005-05-26,OPTSTK,SBIN,700.0,PA,0.0,0.0,0.0,49.3,26.05,0,0.0,0
2005-03-15,2005-05-26,OPTSTK,SBIN,720.0,PA,0.0,0.0,0.0,60.4,34.4,0,0.0,0
2005-03-15,2005-05-26,OPTSTK,SBIN,740.0,PA,0.0,0.0,0.0,72.65,44.1,0,0.0,0
2005-03-15,2005-05-26,OPTSTK,SBIN,760.0,PA,0.0,0.0,0.0,86.0,55.25,0,0.0,0
2005-03-15,2005-05-26,OPTSTK,SBIN,780.0,PA,0.0,0.0,0.0,88.3,67.7,0,0.0,0
2005-03-15,2005-05-26,OPTSTK,SBIN,800.0,PA,0.0,0.0,0.0,79.75,81.4,0,0.0,0
2005-03-15,2005-03-31,OPTSTK,SCI,125.0,CA,45.0,45.0,45.0,45.0,45.0,2,5.44,0
2005-03-15,2005-03-31,OPTSTK,SCI,130.0,CA,0.0,0.0,0.0,25.5,37.2,0,0.0,0
2005-03-15,2005-03-31,OPTSTK,SCI,135.0,CA,0.0,0.0,0.0,19.5,32.2,0,0.0,0
2005-03-15,2005-03-31,OPTSTK,SCI,140.0,CA,0.0,0.0,0.0,21.35,27.25,0,0.0,0
2005-03-15,2005-03-31,OPTSTK,SCI,145.0,CA,36.0,36.0,23.0,23.0,23.0,2,5.58,0
2005-03-15,2005-03-31,OPTSTK,SCI,150.0,CA,0.0,0.0,0.0,15.05,17.7,0,0.0,0
2005-03-15,2005-03-31,OPTSTK,SCI,155.0,CA,16.85,16.85,11.15,12.3,12.3,13,35.14,4800
2005-03-15,2005-03-31,OPTSTK,SCI,160.0,CA,10.0,10.5,7.6,9.6,9.6,27,73.15,150400
2005-03-15,2005-03-31,OPTSTK,SCI,165.0,CA,7.05,7.45,5.25,6.7,6.7,39,107.11,99200
2005-03-15,2005-03-31,OPTSTK,SCI,170.0,CA,5.5,5.5,3.6,4.75,4.75,188,525.14,617600
2005-03-15,2005-03-31,OPTSTK,SCI,175.0,CA,3.0,3.0,2.05,2.8,2.8,28,79.52,92800
2005-03-15,2005-03-31,OPTSTK,SCI,180.0,CA,1.9,2.0,1.1,1.6,1.6,22,63.9,153600
2005-03-15,2005-03-31,OPTSTK,SCI,185.0,CA,0.4,0.4,0.4,0.4,0.4,1,2.96,12800
2005-03-15,2005-03-31,OPTSTK,SCI,190.0,CA,0.65,0.65,0.65,0.65,0.65,1,3.05,22400
2005-03-15,2005-03-31,OPTSTK,SCI,125.0,PA,0.0,0.0,0.0,4.85,0.0,0,0.0,0
2005-03-15,2005-03-31,OPTSTK,SCI,130.0,PA,0.0,0.0,0.0,6.65,0.0,0,0.0,0
2005-03-15,2005-03-31,OPTSTK,SCI,135.0,PA,0.0,0.0,0.0,8.55,0.05,0,0.0,0
2005-03-15,2005-03-31,OPTSTK,SCI,140.0,PA,0.0,0.0,0.0,5.4,0.05,0,0.0,0
2005-03-15,2005-03-31,OPTSTK,SCI,145.0,PA,0.0,0.0,0.0,5.5,0.2,0,0.0,0
2005-03-15,2005-03-31,OPTSTK,SCI,150.0,PA,0.0,0.0,0.0,0.8,0.5,0,0.0,14400
2005-03-15,2005-03-31,OPTSTK,SCI,155.0,PA,1.1,1.1,1.1,1.1,1.1,1,2.49,4800
2005-03-15,2005-03-31,OPTSTK,SCI,160.0,PA,2.2,3.5,2.1,2.25,2.25,20,52.12,81600
2005-03-15,2005-03-31,OPTSTK,SCI,165.0,PA,4.15,4.5,4.15,4.5,4.5,2,5.41,16000
2005-03-15,2005-03-31,OPTSTK,SCI,170.0,PA,7.45,8.95,7.45,7.5,7.5,6,17.06,44800
2005-03-15,2005-03-31,OPTSTK,SCI,175.0,PA,0.0,0.0,0.0,16.0,10.1,0,0.0,0
2005-03-15,2005-03-31,OPTSTK,SCI,180.0,PA,0.0,0.0,0.0,15.0,14.0,0,0.0,1600
2005-03-15,2005-03-31,OPTSTK,SCI,185.0,PA,0.0,0.0,0.0,21.55,18.4,0,0.0,0
2005-03-15,2005-03-31,OPTSTK,SCI,190.0,PA,0.0,0.0,0.0,8.0,23.0,0,0.0,0
2005-03-15,2005-04-28,OPTSTK,SCI,140.0,CA,0.0,0.0,0.0,25.3,28.6,0,0.0,0
2005-03-15,2005-04-28,OPTSTK,SCI,145.0,CA,0.0,0.0,0.0,22.45,24.2,0,0.0,0
2005-03-15,2005-04-28,OPTSTK,SCI,150.0,CA,0.0,0.0,0.0,19.9,20.1,0,0.0,0
2005-03-15,2005-04-28,OPTSTK,SCI,155.0,CA,0.0,0.0,0.0,17.55,16.4,0,0.0,0
2005-03-15,2005-04-28,OPTSTK,SCI,160.0,CA,0.0,0.0,0.0,15.4,13.1,0,0.0,0
2005-03-15,2005-04-28,OPTSTK,SCI,165.0,CA,0.0,0.0,0.0,13.5,10.2,0,0.0,0
2005-03-15,2005-04-28,OPTSTK,SCI,170.0,CA,9.0,9.25,8.95,9.25,9.25,4,11.45,4800
2005-03-15,2005-04-28,OPTSTK,SCI,175.0,CA,0.0,0.0,0.0,11.8,5.85,0,0.0,0
2005-03-15,2005-04-28,OPTSTK,SCI,180.0,CA,0.0,0.0,0.0,12.65,4.3,0,0.0,0
2005-03-15,2005-04-28,OPTSTK,SCI,185.0,CA,0.0,0.0,0.0,11.0,3.1,0,0.0,0
2005-03-15,2005-04-28,OPTSTK,SCI,140.0,PA,0.0,0.0,0.0,9.6,0.75,0,0.0,0
2005-03-15,2005-04-28,OPTSTK,SCI,145.0,PA,0.0,0.0,0.0,11.7,1.3,0,0.0,0
2005-03-15,2005-04-28,OPTSTK,SCI,150.0,PA,0.0,0.0,0.0,14.05,2.2,0,0.0,0
2005-03-15,2005-04-28,OPTSTK,SCI,155.0,PA,0.0,0.0,0.0,16.6,3.45,0,0.0,0
2005-03-15,2005-04-28,OPTSTK,SCI,160.0,PA,0.0,0.0,0.0,19.4,5.1,0,0.0,0
2005-03-15,2005-04-28,OPTSTK,SCI,165.0,PA,0.0,0.0,0.0,22.45,7.2,0,0.0,0
2005-03-15,2005-04-28,OPTSTK,SCI,170.0,PA,0.0,0.0,0.0,25.65,9.75,0,0.0,0
2005-03-15,2005-04-28,OPTSTK,SCI,175.0,PA,0.0,0.0,0.0,26.45,12.75,0,0.0,0
2005-03-15,2005-04-28,OPTSTK,SCI,180.0,PA,0.0,0.0,0.0,25.9,16.15,0,0.0,0
2005-03-15,2005-04-28,OPTSTK,SCI,185.0,PA,0.0,0.0,0.0,24.25,19.9,0,0.0,0
2005-03-15,2005-05-26,OPTSTK,SCI,145.0,CA,0.0,0.0,0.0,23.25,26.1,0,0.0,0
2005-03-15,2005-05-26,OPTSTK,SCI,150.0,CA,0.0,0.0,0.0,20.0,22.3,0,0.0,0
2005-03-15,2005-05-26,OPTSTK,SCI,155.0,CA,0.0,0.0,0.0,17.1,18.85,0,0.0,0
2005-03-15,2005-05-26,OPTSTK,SCI,160.0,CA,0.0,0.0,0.0,14.5,15.75,0,0.0,0
2005-03-15,2005-05-26,OPTSTK,SCI,165.0,CA,0.0,0.0,0.0,12.2,13.0,0,0.0,0
2005-03-15,2005-05-26,OPTSTK,SCI,170.0,CA,0.0,0.0,0.0,10.2,10.6,0,0.0,0
2005-03-15,2005-05-26,OPTSTK,SCI,175.0,CA,0.0,0.0,0.0,8.45,8.5,0,0.0,0
2005-03-15,2005-05-26,OPTSTK,SCI,180.0,CA,0.0,0.0,0.0,6.7,6.8,0,0.0,0
2005-03-15,2005-05-26,OPTSTK,SCI,185.0,CA,0.0,0.0,0.0,9.05,5.35,0,0.0,0
2005-03-15,2005-05-26,OPTSTK,SCI,145.0,PA,0.0,0.0,0.0,5.35,2.55,0,0.0,0
2005-03-15,2005-05-26,OPTSTK,SCI,150.0,PA,0.0,0.0,0.0,7.05,3.7,0,0.0,0
2005-03-15,2005-05-26,OPTSTK,SCI,155.0,PA,0.0,0.0,0.0,9.1,5.2,0,0.0,0
2005-03-15,2005-05-26,OPTSTK,SCI,160.0,PA,0.0,0.0,0.0,11.4,7.0,0,0.0,0
2005-03-15,2005-05-26,OPTSTK,SCI,165.0,PA,0.0,0.0,0.0,14.05,9.2,0,0.0,0
2005-03-15,2005-05-26,OPTSTK,SCI,170.0,PA,0.0,0.0,0.0,16.95,11.75,0,0.0,0
2005-03-15,2005-05-26,OPTSTK,SCI,175.0,PA,0.0,0.0,0.0,20.15,14.6,0,0.0,0
2005-03-15,2005-05-26,OPTSTK,SCI,180.0,PA,0.0,0.0,0.0,21.55,17.8,0,0.0,0
2005-03-15,2005-05-26,OPTSTK,SCI,185.0,PA,0.0,0.0,0.0,20.65,21.35,0,0.0,0
2005-03-15,2005-03-31,OPTSTK,SYNDIBANK,35.0,CA,0.0,0.0,0.0,34.0,26.65,0,0.0,0
2005-03-15,2005-03-31,OPTSTK,SYNDIBANK,40.0,CA,24.0,24.0,21.0,21.0,21.0,2,9.5,0
2005-03-15,2005-03-31,OPTSTK,SYNDIBANK,42.5,CA,0.0,0.0,0.0,23.5,19.15,0,0.0,0
2005-03-15,2005-03-31,OPTSTK,SYNDIBANK,45.0,CA,17.0,20.0,17.0,19.65,19.65,7,33.67,30400
2005-03-15,2005-03-31,OPTSTK,SYNDIBANK,47.5,CA,0.0,0.0,0.0,18.2,14.2,0,0.0,0
2005-03-15,2005-03-31,OPTSTK,SYNDIBANK,50.0,CA,17.0,17.0,17.0,17.0,17.0,1,5.09,45600
2005-03-15,2005-03-31,OPTSTK,SYNDIBANK,52.5,CA,15.2,15.2,15.2,15.2,15.2,2,10.29,7600
2005-03-15,2005-03-31,OPTSTK,SYNDIBANK,55.0,CA,7.95,9.75,7.55,8.35,8.35,7,33.74,410400
2005-03-15,2005-03-31,OPTSTK,SYNDIBANK,57.5,CA,6.3,6.3,6.3,6.3,6.3,1,4.84,129200
2005-03-15,2005-03-31,OPTSTK,SYNDIBANK,60.0,CA,4.55,4.55,3.4,3.5,3.5,32,155.62,1330000
2005-03-15,2005-03-31,OPTSTK,SYNDIBANK,65.0,CA,2.0,2.2,1.5,1.7,1.7,78,396.15,2120400
2005-03-15,2005-03-31,OPTSTK,SYNDIBANK,70.0,CA,1.0,1.0,0.7,0.75,0.75,31,166.89,988000
2005-03-15,2005-03-31,OPTSTK,SYNDIBANK,75.0,CA,0.4,0.4,0.4,0.4,0.4,1,5.73,326800
2005-03-15,2005-03-31,OPTSTK,SYNDIBANK,80.0,CA,0.35,0.35,0.2,0.25,0.25,3,18.3,159600
2005-03-15,2005-03-31,OPTSTK,SYNDIBANK,35.0,PA,0.0,0.0,0.0,0.25,0.0,0,0.0,0
2005-03-15,2005-03-31,OPTSTK,SYNDIBANK,40.0,PA,0.0,0.0,0.0,2.75,0.0,0,0.0,0
2005-03-15,2005-03-31,OPTSTK,SYNDIBANK,42.5,PA,0.0,0.0,0.0,4.1,0.0,0,0.0,0
2005-03-15,2005-03-31,OPTSTK,SYNDIBANK,45.0,PA,0.0,0.0,0.0,0.35,0.0,0,0.0,7600
2005-03-15,2005-03-31,OPTSTK,SYNDIBANK,47.5,PA,0.0,0.0,0.0,6.5,0.05,0,0.0,0
2005-03-15,2005-03-31,OPTSTK,SYNDIBANK,50.0,PA,0.0,0.0,0.0,0.35,0.1,0,0.0,121600
2005-03-15,2005-03-31,OPTSTK,SYNDIBANK,52.5,PA,0.0,0.0,0.0,0.25,0.25,0,0.0,38000
2005-03-15,2005-03-31,OPTSTK,SYNDIBANK,55.0,PA,0.55,0.6,0.5,0.5,0.5,3,12.66,433200
2005-03-15,2005-03-31,OPTSTK,SYNDIBANK,57.5,PA,0.0,0.0,0.0,0.85,1.1,0,0.0,121600
2005-03-15,2005-03-31,OPTSTK,SYNDIBANK,60.0,PA,1.7,1.95,1.6,1.6,1.6,12,56.31,691600
2005-03-15,2005-03-31,OPTSTK,SYNDIBANK,65.0,PA,4.5,4.5,4.35,4.35,4.35,2,10.55,319200
2005-03-15,2005-03-31,OPTSTK,SYNDIBANK,70.0,PA,0.0,0.0,0.0,6.1,8.8,0,0.0,30400
2005-03-15,2005-03-31,OPTSTK,SYNDIBANK,75.0,PA,0.0,0.0,0.0,8.65,13.4,0,0.0,0
2005-03-15,2005-03-31,OPTSTK,SYNDIBANK,80.0,PA,0.0,0.0,0.0,20.2,18.3,0,0.0,0
2005-03-15,2005-04-28,OPTSTK,SYNDIBANK,40.0,CA,0.0,0.0,0.0,24.8,21.9,0,0.0,0
2005-03-15,2005-04-28,OPTSTK,SYNDIBANK,42.5,CA,0.0,0.0,0.0,11.4,19.45,0,0.0,0
2005-03-15,2005-04-28,OPTSTK,SYNDIBANK,45.0,CA,0.0,0.0,0.0,10.1,17.05,0,0.0,0
2005-03-15,2005-04-28,OPTSTK,SYNDIBANK,47.5,CA,0.0,0.0,0.0,8.95,14.75,0,0.0,0
2005-03-15,2005-04-28,OPTSTK,SYNDIBANK,50.0,CA,0.0,0.0,0.0,7.9,12.55,0,0.0,0
2005-03-15,2005-04-28,OPTSTK,SYNDIBANK,52.5,CA,0.0,0.0,0.0,6.95,10.5,0,0.0,0
2005-03-15,2005-04-28,OPTSTK,SYNDIBANK,55.0,CA,0.0,0.0,0.0,6.15,8.65,0,0.0,0
2005-03-15,2005-04-28,OPTSTK,SYNDIBANK,60.0,CA,3.15,3.15,3.15,3.15,3.15,2,9.59,0
2005-03-15,2005-04-28,OPTSTK,SYNDIBANK,65.0,CA,0.0,0.0,0.0,4.0,3.35,0,0.0,7600
2005-03-15,2005-04-28,OPTSTK,SYNDIBANK,70.0,CA,0.0,0.0,0.0,8.0,1.9,0,0.0,30400
2005-03-15,2005-04-28,OPTSTK,SYNDIBANK,75.0,CA,1.05,1.05,1.05,1.05,1.05,1,5.77,0
2005-03-15,2005-04-28,OPTSTK,SYNDIBANK,80.0,CA,0.0,0.0,0.0,1.95,0.55,0,0.0,0
2005-03-15,2005-04-28,OPTSTK,SYNDIBANK,40.0,PA,0.0,0.0,0.0,3.8,0.05,0,0.0,0
2005-03-15,2005-04-28,OPTSTK,SYNDIBANK,42.5,PA,0.0,0.0,0.0,4.85,0.1,0,0.0,0
2005-03-15,2005-04-28,OPTSTK,SYNDIBANK,45.0,PA,0.0,0.0,0.0,6.0,0.2,0,0.0,0
2005-03-15,2005-04-28,OPTSTK,SYNDIBANK,47.5,PA,0.0,0.0,0.0,7.35,0.35,0,0.0,0
2005-03-15,2005-04-28,OPTSTK,SYNDIBANK,50.0,PA,1.1,1.1,1.1,1.1,1.1,1,3.88,0
2005-03-15,2005-04-28,OPTSTK,SYNDIBANK,52.5,PA,0.0,0.0,0.0,10.3,1.1,0,0.0,0
2005-03-15,2005-04-28,OPTSTK,SYNDIBANK,55.0,PA,0.0,0.0,0.0,2.2,1.7,0,0.0,0
2005-03-15,2005-04-28,OPTSTK,SYNDIBANK,60.0,PA,0.0,0.0,0.0,5.5,3.6,0,0.0,0
2005-03-15,2005-04-28,OPTSTK,SYNDIBANK,65.0,PA,0.0,0.0,0.0,17.25,6.3,0,0.0,0
2005-03-15,2005-04-28,OPTSTK,SYNDIBANK,70.0,PA,0.0,0.0,0.0,21.05,9.85,0,0.0,0
2005-03-15,2005-04-28,OPTSTK,SYNDIBANK,75.0,PA,0.0,0.0,0.0,20.65,13.95,0,0.0,0
2005-03-15,2005-04-28,OPTSTK,SYNDIBANK,80.0,PA,0.0,0.0,0.0,18.45,18.4,0,0.0,0
2005-03-15,2005-05-26,OPTSTK,SYNDIBANK,40.0,CA,0.0,0.0,0.0,17.35,22.2,0,0.0,0
2005-03-15,2005-05-26,OPTSTK,SYNDIBANK,45.0,CA,0.0,0.0,0.0,13.55,17.6,0,0.0,0
2005-03-15,2005-05-26,OPTSTK,SYNDIBANK,50.0,CA,0.0,0.0,0.0,10.35,13.4,0,0.0,0
2005-03-15,2005-05-26,OPTSTK,SYNDIBANK,55.0,CA,0.0,0.0,0.0,7.75,9.85,0,0.0,0
2005-03-15,2005-05-26,OPTSTK,SYNDIBANK,60.0,CA,0.0,0.0,0.0,0.35,6.95,0,0.0,0
2005-03-15,2005-05-26,OPTSTK,SYNDIBANK,65.0,CA,0.0,0.0,0.0,4.15,4.7,0,0.0,0
2005-03-15,2005-05-26,OPTSTK,SYNDIBANK,70.0,CA,1.85,1.85,1.85,1.85,1.85,1,5.46,0
2005-03-15,2005-05-26,OPTSTK,SYNDIBANK,75.0,CA,0.0,0.0,0.0,2.6,2.0,0,0.0,0
2005-03-15,2005-05-26,OPTSTK,SYNDIBANK,80.0,CA,0.0,0.0,0.0,2.9,1.25,0,0.0,0
2005-03-15,2005-05-26,OPTSTK,SYNDIBANK,40.0,PA,0.0,0.0,0.0,1.05,0.15,0,0.0,0
2005-03-15,2005-05-26,OPTSTK,SYNDIBANK,45.0,PA,0.0,0.0,0.0,2.2,0.5,0,0.0,0
2005-03-15,2005-05-26,OPTSTK,SYNDIBANK,50.0,PA,0.0,0.0,0.0,3.9,1.25,0,0.0,0
2005-03-15,2005-05-26,OPTSTK,SYNDIBANK,55.0,PA,0.0,0.0,0.0,6.25,2.65,0,0.0,0
2005-03-15,2005-05-26,OPTSTK,SYNDIBANK,60.0,PA,0.0,0.0,0.0,9.1,4.65,0,0.0,0
2005-03-15,2005-05-26,OPTSTK,SYNDIBANK,65.0,PA,0.0,0.0,0.0,12.45,7.4,0,0.0,0
2005-03-15,2005-05-26,OPTSTK,SYNDIBANK,70.0,PA,0.0,0.0,0.0,16.2,10.75,0,0.0,0
2005-03-15,2005-05-26,OPTSTK,SYNDIBANK,75.0,PA,0.0,0.0,0.0,18.45,14.55,0,0.0,0
2005-03-15,2005-05-26,OPTSTK,SYNDIBANK,80.0,PA,0.0,0.0,0.0,19.25,18.75,0,0.0,0
2005-03-15,2005-03-31,OPTSTK,TATAMOTORS,430.0,CA,42.0,42.0,20.0,20.0,20.0,4,15.21,0
2005-03-15,2005-03-31,OPTSTK,TATAMOTORS,440.0,CA,19.5,19.5,19.5,19.5,19.5,1,3.79,0
2005-03-15,2005-03-31,OPTSTK,TATAMOTORS,450.0,CA,16.0,18.0,15.2,16.7,16.7,13,50.01,9900
2005-03-15,2005-03-31,OPTSTK,TATAMOTORS,460.0,CA,15.8,17.0,10.55,11.65,11.65,97,377.78,113850
2005-03-15,2005-03-31,OPTSTK,TATAMOTORS,470.0,CA,11.15,12.5,7.0,7.25,7.25,139,548.91,280500
2005-03-15,2005-03-31,OPTSTK,TATAMOTORS,480.0,CA,8.25,8.35,4.15,5.05,5.05,119,477.28,493350
2005-03-15,2005-03-31,OPTSTK,TATAMOTORS,490.0,CA,5.5,5.5,3.2,3.7,3.7,29,118.21,187275
2005-03-15,2005-03-31,OPTSTK,TATAMOTORS,500.0,CA,3.3,3.5,2.1,2.55,2.55,32,132.69,373725
2005-03-15,2005-03-31,OPTSTK,TATAMOTORS,510.0,CA,1.35,1.35,1.35,1.35,1.35,1,4.21,45375
2005-03-15,2005-03-31,OPTSTK,TATAMOTORS,520.0,CA,1.0,1.0,0.9,1.0,1.0,7,30.08,74250
2005-03-15,2005-03-31,OPTSTK,TATAMOTORS,530.0,CA,0.0,0.0,0.0,0.25,0.15,0,0.0,10725
2005-03-15,2005-03-31,OPTSTK,TATAMOTORS,540.0,CA,0.0,0.0,0.0,0.3,0.1,0,0.0,1650
2005-03-15,2005-03-31,OPTSTK,TATAMOTORS,560.0,CA,2.95,2.95,0.1,0.1,0.1,6,27.81,1650
2005-03-15,2005-03-31,OPTSTK,TATAMOTORS,580.0,CA,0.0,0.0,0.0,0.1,0.0,0,0.0,0
2005-03-15,2005-03-31,OPTSTK,TATAMOTORS,430.0,PA,0.0,0.0,0.0,0.3,2.75,0,0.0,4950
2005-03-15,2005-03-31,OPTSTK,TATAMOTORS,440.0,PA,3.0,3.0,3.0,3.0,3.0,1,3.65,5775
2005-03-15,2005-03-31,OPTSTK,TATAMOTORS,450.0,PA,3.0,7.3,3.0,7.3,7.3,9,33.86,33000
2005-03-15,2005-03-31,OPTSTK,TATAMOTORS,460.0,PA,7.25,13.25,6.4,12.55,12.55,23,89.11,61875
2005-03-15,2005-03-31,OPTSTK,TATAMOTORS,470.0,PA,11.0,18.9,10.75,18.25,18.25,28,112.05,94050
2005-03-15,2005-03-31,OPTSTK,TATAMOTORS,480.0,PA,15.5,25.8,15.5,25.8,25.8,5,20.62,71775
2005-03-15,2005-03-31,OPTSTK,TATAMOTORS,490.0,PA,0.0,0.0,0.0,27.0,34.85,0,0.0,20625
2005-03-15,2005-03-31,OPTSTK,TATAMOTORS,500.0,PA,0.0,0.0,0.0,19.0,43.7,0,0.0,7425
2005-03-15,2005-03-31,OPTSTK,TATAMOTORS,510.0,PA,15.0,65.0,15.0,65.0,65.0,4,18.15,0
2005-03-15,2005-03-31,OPTSTK,TATAMOTORS,520.0,PA,0.0,0.0,0.0,36.6,62.7,0,0.0,0
2005-03-15,2005-03-31,OPTSTK,TATAMOTORS,530.0,PA,0.0,0.0,0.0,42.9,72.5,0,0.0,0
2005-03-15,2005-03-31,OPTSTK,TATAMOTORS,540.0,PA,0.0,0.0,0.0,70.0,82.4,0,0.0,0
2005-03-15,2005-03-31,OPTSTK,TATAMOTORS,560.0,PA,0.0,0.0,0.0,100.0,102.3,0,0.0,0
2005-03-15,2005-03-31,OPTSTK,TATAMOTORS,580.0,PA,0.0,0.0,0.0,64.9,122.2,0,0.0,0
2005-03-15,2005-04-28,OPTSTK,TATAMOTORS,430.0,CA,0.0,0.0,0.0,44.65,37.55,0,0.0,0
2005-03-15,2005-04-28,OPTSTK,TATAMOTORS,440.0,CA,0.0,0.0,0.0,80.2,30.85,0,0.0,0
2005-03-15,2005-04-28,OPTSTK,TATAMOTORS,450.0,CA,0.0,0.0,0.0,55.5,24.95,0,0.0,0
2005-03-15,2005-04-28,OPTSTK,TATAMOTORS,460.0,CA,0.0,0.0,0.0,49.5,19.8,0,0.0,0
2005-03-15,2005-04-28,OPTSTK,TATAMOTORS,470.0,CA,17.0,17.0,16.3,16.35,16.35,3,12.04,1650
2005-03-15,2005-04-28,OPTSTK,TATAMOTORS,480.0,CA,13.1,13.1,13.1,13.1,13.1,1,4.06,825
2005-03-15,2005-04-28,OPTSTK,TATAMOTORS,490.0,CA,12.0,12.0,10.5,10.5,10.5,2,8.27,2475
2005-03-15,2005-04-28,OPTSTK,TATAMOTORS,500.0,CA,8.5,8.5,8.5,8.5,8.5,1,4.19,1650
2005-03-15,2005-04-28,OPTSTK,TATAMOTORS,510.0,CA,0.0,0.0,0.0,12.0,4.85,0,0.0,1650
2005-03-15,2005-04-28,OPTSTK,TATAMOTORS,520.0,CA,0.0,0.0,0.0,7.5,3.5,0,0.0,2475
2005-03-15,2005-04-28,OPTSTK,TATAMOTORS,530.0,CA,0.0,0.0,0.0,21.75,2.45,0,0.0,0
2005-03-15,2005-04-28,OPTSTK,TATAMOTORS,540.0,CA,0.0,0.0,0.0,25.25,1.7,0,0.0,0
2005-03-15,2005-04-28,OPTSTK,TATAMOTORS,560.0,CA,0.0,0.0,0.0,19.1,0.8,0,0.0,0
2005-03-15,2005-04-28,OPTSTK,TATAMOTORS,430.0,PA,0.0,0.0,0.0,7.1,8.05,0,0.0,0
2005-03-15,2005-04-28,OPTSTK,TATAMOTORS,440.0,PA,0.0,0.0,0.0,9.9,11.25,0,0.0,0
2005-03-15,2005-04-28,OPTSTK,TATAMOTORS,450.0,PA,0.0,0.0,0.0,18.6,15.3,0,0.0,0
2005-03-15,2005-04-28,OPTSTK,TATAMOTORS,460.0,PA,0.0,0.0,0.0,22.45,20.1,0,0.0,0
2005-03-15,2005-04-28,OPTSTK,TATAMOTORS,470.0,PA,20.0,20.0,20.0,20.0,20.0,2,8.08,1650
2005-03-15,2005-04-28,OPTSTK,TATAMOTORS,480.0,PA,0.0,0.0,0.0,31.45,32.0,0,0.0,0
2005-03-15,2005-04-28,OPTSTK,TATAMOTORS,490.0,PA,0.0,0.0,0.0,36.65,39.05,0,0.0,0
2005-03-15,2005-04-28,OPTSTK,TATAMOTORS,500.0,PA,0.0,0.0,0.0,42.25,46.65,0,0.0,0
2005-03-15,2005-04-28,OPTSTK,TATAMOTORS,510.0,PA,0.0,0.0,0.0,48.3,54.8,0,0.0,0
2005-03-15,2005-04-28,OPTSTK,TATAMOTORS,520.0,PA,0.0,0.0,0.0,48.5,63.35,0,0.0,0
2005-03-15,2005-04-28,OPTSTK,TATAMOTORS,530.0,PA,0.0,0.0,0.0,45.25,72.25,0,0.0,0
2005-03-15,2005-04-28,OPTSTK,TATAMOTORS,540.0,PA,0.0,0.0,0.0,53.55,81.45,0,0.0,0
2005-03-15,2005-04-28,OPTSTK,TATAMOTORS,560.0,PA,0.0,0.0,0.0,67.15,100.4,0,0.0,0
2005-03-15,2005-05-26,OPTSTK,TATAMOTORS,430.0,CA,0.0,0.0,0.0,49.7,43.45,0,0.0,0
2005-03-15,2005-05-26,OPTSTK,TATAMOTORS,440.0,CA,0.0,0.0,0.0,50.85,37.15,0,0.0,0
2005-03-15,2005-05-26,OPTSTK,TATAMOTORS,450.0,CA,0.0,0.0,0.0,44.35,31.45,0,0.0,0
2005-03-15,2005-05-26,OPTSTK,TATAMOTORS,460.0,CA,0.0,0.0,0.0,38.45,26.35,0,0.0,0
2005-03-15,2005-05-26,OPTSTK,TATAMOTORS,470.0,CA,0.0,0.0,0.0,33.05,21.9,0,0.0,0
2005-03-15,2005-05-26,OPTSTK,TATAMOTORS,480.0,CA,0.0,0.0,0.0,28.2,18.0,0,0.0,0
2005-03-15,2005-05-26,OPTSTK,TATAMOTORS,490.0,CA,0.0,0.0,0.0,23.9,14.65,0,0.0,0
2005-03-15,2005-05-26,OPTSTK,TATAMOTORS,500.0,CA,0.0,0.0,0.0,20.1,11.85,0,0.0,0
2005-03-15,2005-05-26,OPTSTK,TATAMOTORS,510.0,CA,0.0,0.0,0.0,16.6,9.5,0,0.0,0
2005-03-15,2005-05-26,OPTSTK,TATAMOTORS,520.0,CA,0.0,0.0,0.0,19.8,7.5,0,0.0,0
2005-03-15,2005-05-26,OPTSTK,TATAMOTORS,430.0,PA,0.0,0.0,0.0,10.2,12.0,0,0.0,0
2005-03-15,2005-05-26,OPTSTK,TATAMOTORS,440.0,PA,0.0,0.0,0.0,12.5,15.6,0,0.0,0
2005-03-15,2005-05-26,OPTSTK,TATAMOTORS,450.0,PA,0.0,0.0,0.0,15.85,19.75,0,0.0,0
2005-03-15,2005-05-26,OPTSTK,TATAMOTORS,460.0,PA,0.0,0.0,0.0,19.8,24.55,0,0.0,0
2005-03-15,2005-05-26,OPTSTK,TATAMOTORS,470.0,PA,0.0,0.0,0.0,24.25,29.95,0,0.0,0
2005-03-15,2005-05-26,OPTSTK,TATAMOTORS,480.0,PA,0.0,0.0,0.0,29.25,35.95,0,0.0,0
2005-03-15,2005-05-26,OPTSTK,TATAMOTORS,490.0,PA,0.0,0.0,0.0,34.8,42.5,0,0.0,0
2005-03-15,2005-05-26,OPTSTK,TATAMOTORS,500.0,PA,0.0,0.0,0.0,40.85,49.55,0,0.0,0
2005-03-15,2005-05-26,OPTSTK,TATAMOTORS,510.0,PA,0.0,0.0,0.0,43.3,57.1,0,0.0,0
2005-03-15,2005-05-26,OPTSTK,TATAMOTORS,520.0,PA,0.0,0.0,0.0,45.3,65.0,0,0.0,0
2005-03-15,2005-03-31,OPTSTK,TATAPOWER,310.0,CA,0.0,0.0,0.0,46.1,74.5,0,0.0,0
2005-03-15,2005-03-31,OPTSTK,TATAPOWER,320.0,CA,0.0,0.0,0.0,48.95,64.55,0,0.0,0
2005-03-15,2005-03-31,OPTSTK,TATAPOWER,330.0,CA,0.0,0.0,0.0,42.35,54.65,0,0.0,0
2005-03-15,2005-03-31,OPTSTK,TATAPOWER,340.0,CA,21.0,21.0,21.0,21.0,21.0,4,11.55,3200
2005-03-15,2005-03-31,OPTSTK,TATAPOWER,350.0,CA,0.0,0.0,0.0,43.1,35.55,0,0.0,0
2005-03-15,2005-03-31,OPTSTK,TATAPOWER,360.0,CA,0.0,0.0,0.0,10.15,26.85,0,0.0,0
2005-03-15,2005-03-31,OPTSTK,TATAPOWER,370.0,CA,0.0,0.0,0.0,12.0,19.2,0,0.0,0
2005-03-15,2005-03-31,OPTSTK,TATAPOWER,380.0,CA,10.1,10.5,10.1,10.5,10.5,3,9.36,2400
2005-03-15,2005-03-31,OPTSTK,TATAPOWER,390.0,CA,8.5,9.05,7.3,7.5,7.5,13,41.39,18400
2005-03-15,2005-03-31,OPTSTK,TATAPOWER,400.0,CA,6.0,6.0,4.5,4.75,4.75,30,97.24,135200
2005-03-15,2005-03-31,OPTSTK,TATAPOWER,410.0,CA,3.3,3.75,2.6,3.75,3.75,14,46.27,120000
2005-03-15,2005-03-31,OPTSTK,TATAPOWER,420.0,CA,2.3,2.4,2.3,2.4,2.4,3,10.13,68000
2005-03-15,2005-03-31,OPTSTK,TATAPOWER,430.0,CA,1.95,1.95,0.5,0.55,0.55,3,10.34,32000
2005-03-15,2005-03-31,OPTSTK,TATAPOWER,440.0,CA,0.0,0.0,0.0,0.5,0.3,0,0.0,2400
2005-03-15,2005-03-31,OPTSTK,TATAPOWER,450.0,CA,0.0,0.0,0.0,1.5,0.1,0,0.0,1600
2005-03-15,2005-03-31,OPTSTK,TATAPOWER,310.0,PA,0.0,0.0,0.0,13.1,0.0,0,0.0,0
2005-03-15,2005-03-31,OPTSTK,TATAPOWER,320.0,PA,0.0,0.0,0.0,10.5,0.05,0,0.0,0
2005-03-15,2005-03-31,OPTSTK,TATAPOWER,330.0,PA,0.0,0.0,0.0,13.8,0.1,0,0.0,0
2005-03-15,2005-03-31,OPTSTK,TATAPOWER,340.0,PA,0.0,0.0,0.0,11.25,0.35,0,0.0,0
2005-03-15,2005-03-31,OPTSTK,TATAPOWER,350.0,PA,0.0,0.0,0.0,7.7,0.95,0,0.0,0
2005-03-15,2005-03-31,OPTSTK,TATAPOWER,360.0,PA,0.0,0.0,0.0,10.65,2.25,0,0.0,0
2005-03-15,2005-03-31,OPTSTK,TATAPOWER,370.0,PA,0.0,0.0,0.0,2.5,4.55,0,0.0,800
2005-03-15,2005-03-31,OPTSTK,TATAPOWER,380.0,PA,0.0,0.0,0.0,4.25,8.2,0,0.0,17600
2005-03-15,2005-03-31,OPTSTK,TATAPOWER,390.0,PA,8.0,12.95,6.5,11.4,11.4,12,38.27,20800
2005-03-15,2005-03-31,OPTSTK,TATAPOWER,400.0,PA,16.0,19.0,13.0,18.15,18.15,13,43.11,54400
2005-03-15,2005-03-31,OPTSTK,TATAPOWER,410.0,PA,0.0,0.0,0.0,18.0,27.8,0,0.0,4000
2005-03-15,2005-03-31,OPTSTK,TATAPOWER,420.0,PA,0.0,0.0,0.0,30.5,36.55,0,0.0,0
2005-03-15,2005-03-31,OPTSTK,TATAPOWER,430.0,PA,0.0,0.0,0.0,39.65,45.8,0,0.0,0
2005-03-15,2005-03-31,OPTSTK,TATAPOWER,440.0,PA,0.0,0.0,0.0,47.25,55.45,0,0.0,0
2005-03-15,2005-03-31,OPTSTK,TATAPOWER,450.0,PA,11.0,11.0,11.0,11.0,11.0,1,3.68,800
2005-03-15,2005-04-28,OPTSTK,TATAPOWER,320.0,CA,0.0,0.0,0.0,57.15,66.85,0,0.0,0
2005-03-15,2005-04-28,OPTSTK,TATAPOWER,330.0,CA,0.0,0.0,0.0,51.5,57.6,0,0.0,0
2005-03-15,2005-04-28,OPTSTK,TATAPOWER,340.0,CA,0.0,0.0,0.0,46.2,48.8,0,0.0,0
2005-03-15,2005-04-28,OPTSTK,TATAPOWER,350.0,CA,0.0,0.0,0.0,41.35,40.6,0,0.0,0
2005-03-15,2005-04-28,OPTSTK,TATAPOWER,360.0,CA,0.0,0.0,0.0,36.9,33.1,0,0.0,0
2005-03-15,2005-04-28,OPTSTK,TATAPOWER,370.0,CA,0.0,0.0,0.0,32.85,26.4,0,0.0,0
2005-03-15,2005-04-28,OPTSTK,TATAPOWER,380.0,CA,0.0,0.0,0.0,29.2,20.6,0,0.0,0
2005-03-15,2005-04-28,OPTSTK,TATAPOWER,390.0,CA,0.0,0.0,0.0,44.25,15.7,0,0.0,0
2005-03-15,2005-04-28,OPTSTK,TATAPOWER,400.0,CA,7.35,7.35,7.35,7.35,7.35,5,16.29,0
2005-03-15,2005-04-28,OPTSTK,TATAPOWER,410.0,CA,0.0,0.0,0.0,36.65,8.55,0,0.0,0
2005-03-15,2005-04-28,OPTSTK,TATAPOWER,420.0,CA,0.0,0.0,0.0,35.85,6.1,0,0.0,0
2005-03-15,2005-04-28,OPTSTK,TATAPOWER,430.0,CA,0.0,0.0,0.0,34.0,4.25,0,0.0,0
2005-03-15,2005-04-28,OPTSTK,TATAPOWER,440.0,CA,0.0,0.0,0.0,28.55,2.9,0,0.0,0
2005-03-15,2005-04-28,OPTSTK,TATAPOWER,450.0,CA,0.0,0.0,0.0,27.55,1.95,0,0.0,0
2005-03-15,2005-04-28,OPTSTK,TATAPOWER,320.0,PA,0.0,0.0,0.0,21.4,0.8,0,0.0,0
2005-03-15,2005-04-28,OPTSTK,TATAPOWER,330.0,PA,0.0,0.0,0.0,25.55,1.5,0,0.0,0
2005-03-15,2005-04-28,OPTSTK,TATAPOWER,340.0,PA,0.0,0.0,0.0,30.15,2.6,0,0.0,0
2005-03-15,2005-04-28,OPTSTK,TATAPOWER,350.0,PA,0.0,0.0,0.0,35.15,4.35,0,0.0,0
2005-03-15,2005-04-28,OPTSTK,TATAPOWER,360.0,PA,0.0,0.0,0.0,40.55,6.75,0,0.0,0
2005-03-15,2005-04-28,OPTSTK,TATAPOWER,370.0,PA,0.0,0.0,0.0,46.4,9.95,0,0.0,0
2005-03-15,2005-04-28,OPTSTK,TATAPOWER,380.0,PA,0.0,0.0,0.0,52.55,14.1,0,0.0,0
2005-03-15,2005-04-28,OPTSTK,TATAPOWER,390.0,PA,0.0,0.0,0.0,51.15,19.15,0,0.0,0
2005-03-15,2005-04-28,OPTSTK,TATAPOWER,400.0,PA,0.0,0.0,0.0,57.1,25.1,0,0.0,0
2005-03-15,2005-04-28,OPTSTK,TATAPOWER,410.0,PA,0.0,0.0,0.0,63.3,31.85,0,0.0,0
2005-03-15,2005-04-28,OPTSTK,TATAPOWER,420.0,PA,0.0,0.0,0.0,65.1,39.3,0,0.0,0
2005-03-15,2005-04-28,OPTSTK,TATAPOWER,430.0,PA,0.0,0.0,0.0,63.25,47.4,0,0.0,0
2005-03-15,2005-04-28,OPTSTK,TATAPOWER,440.0,PA,0.0,0.0,0.0,53.8,56.0,0,0.0,0
2005-03-15,2005-04-28,OPTSTK,TATAPOWER,450.0,PA,0.0,0.0,0.0,51.55,64.95,0,0.0,0
2005-03-15,2005-05-26,OPTSTK,TATAPOWER,360.0,CA,0.0,0.0,0.0,46.45,38.15,0,0.0,0
2005-03-15,2005-05-26,OPTSTK,TATAPOWER,370.0,CA,0.0,0.0,0.0,54.55,31.85,0,0.0,0
2005-03-15,2005-05-26,OPTSTK,TATAPOWER,380.0,CA,0.0,0.0,0.0,48.45,26.25,0,0.0,0
2005-03-15,2005-05-26,OPTSTK,TATAPOWER,390.0,CA,0.0,0.0,0.0,42.75,21.35,0,0.0,0
2005-03-15,2005-05-26,OPTSTK,TATAPOWER,400.0,CA,0.0,0.0,0.0,37.6,17.15,0,0.0,0
2005-03-15,2005-05-26,OPTSTK,TATAPOWER,410.0,CA,0.0,0.0,0.0,32.9,13.6,0,0.0,0
2005-03-15,2005-05-26,OPTSTK,TATAPOWER,420.0,CA,0.0,0.0,0.0,28.65,10.65,0,0.0,0
2005-03-15,2005-05-26,OPTSTK,TATAPOWER,430.0,CA,0.0,0.0,0.0,24.8,8.3,0,0.0,0
2005-03-15,2005-05-26,OPTSTK,TATAPOWER,440.0,CA,0.0,0.0,0.0,21.4,6.35,0,0.0,0
2005-03-15,2005-05-26,OPTSTK,TATAPOWER,360.0,PA,0.0,0.0,0.0,8.8,10.15,0,0.0,0
2005-03-15,2005-05-26,OPTSTK,TATAPOWER,370.0,PA,0.0,0.0,0.0,16.1,13.75,0,0.0,0
2005-03-15,2005-05-26,OPTSTK,TATAPOWER,380.0,PA,0.0,0.0,0.0,19.8,18.0,0,0.0,0
2005-03-15,2005-05-26,OPTSTK,TATAPOWER,390.0,PA,0.0,0.0,0.0,24.0,23.0,0,0.0,0
2005-03-15,2005-05-26,OPTSTK,TATAPOWER,400.0,PA,0.0,0.0,0.0,28.7,28.7,0,0.0,0
2005-03-15,2005-05-26,OPTSTK,TATAPOWER,410.0,PA,0.0,0.0,0.0,33.8,35.05,0,0.0,0
2005-03-15,2005-05-26,OPTSTK,TATAPOWER,420.0,PA,0.0,0.0,0.0,39.45,41.95,0,0.0,0
2005-03-15,2005-05-26,OPTSTK,TATAPOWER,430.0,PA,0.0,0.0,0.0,45.45,49.5,0,0.0,0
2005-03-15,2005-05-26,OPTSTK,TATAPOWER,440.0,PA,0.0,0.0,0.0,47.05,57.4,0,0.0,0
2005-03-15,2005-03-31,OPTSTK,TATATEA,430.0,CA,0.0,0.0,0.0,47.05,95.95,0,0.0,0
2005-03-15,2005-03-31,OPTSTK,TATATEA,440.0,CA,0.0,0.0,0.0,39.9,86.0,0,0.0,0
2005-03-15,2005-03-31,OPTSTK,TATATEA,450.0,CA,0.0,0.0,0.0,33.45,76.05,0,0.0,0
2005-03-15,2005-03-31,OPTSTK,TATATEA,460.0,CA,0.0,0.0,0.0,30.0,66.15,0,0.0,0
2005-03-15,2005-03-31,OPTSTK,TATATEA,470.0,CA,0.0,0.0,0.0,22.6,56.35,0,0.0,0
2005-03-15,2005-03-31,OPTSTK,TATATEA,480.0,CA,0.0,0.0,0.0,18.2,46.8,0,0.0,0
2005-03-15,2005-03-31,OPTSTK,TATATEA,490.0,CA,0.0,0.0,0.0,14.5,37.65,0,0.0,0
2005-03-15,2005-03-31,OPTSTK,TATATEA,500.0,CA,0.0,0.0,0.0,59.8,29.2,0,0.0,0
2005-03-15,2005-03-31,OPTSTK,TATATEA,510.0,CA,0.0,0.0,0.0,18.95,21.7,0,0.0,0
2005-03-15,2005-03-31,OPTSTK,TATATEA,520.0,CA,12.65,12.65,12.65,12.65,12.65,1,2.92,1100
2005-03-15,2005-03-31,OPTSTK,TATATEA,530.0,CA,10.0,10.8,9.0,10.8,10.8,5,14.85,2750
2005-03-15,2005-03-31,OPTSTK,TATATEA,540.0,CA,6.3,6.3,5.05,6.25,6.25,4,12.01,13200
2005-03-15,2005-03-31,OPTSTK,TATATEA,560.0,CA,4.5,4.5,2.25,3.9,3.9,9,27.87,36850
2005-03-15,2005-03-31,OPTSTK,TATATEA,580.0,CA,1.05,1.05,1.05,1.05,1.05,1,3.19,6050
2005-03-15,2005-03-31,OPTSTK,TATATEA,600.0,CA,0.0,0.0,0.0,9.1,0.15,0,0.0,0
2005-03-15,2005-03-31,OPTSTK,TATATEA,620.0,CA,0.0,0.0,0.0,10.9,0.05,0,0.0,0
2005-03-15,2005-03-31,OPTSTK,TATATEA,430.0,PA,0.0,0.0,0.0,7.1,0.0,0,0.0,0
2005-03-15,2005-03-31,OPTSTK,TATATEA,440.0,PA,0.0,0.0,0.0,3.0,0.05,0,0.0,550
2005-03-15,2005-03-31,OPTSTK,TATATEA,450.0,PA,0.0,0.0,0.0,13.2,0.05,0,0.0,0
2005-03-15,2005-03-31,OPTSTK,TATATEA,460.0,PA,0.0,0.0,0.0,17.3,0.1,0,0.0,0
2005-03-15,2005-03-31,OPTSTK,TATATEA,470.0,PA,0.0,0.0,0.0,22.05,0.3,0,0.0,0
2005-03-15,2005-03-31,OPTSTK,TATATEA,480.0,PA,0.0,0.0,0.0,27.55,0.7,0,0.0,0
2005-03-15,2005-03-31,OPTSTK,TATATEA,490.0,PA,0.0,0.0,0.0,33.65,1.55,0,0.0,0
2005-03-15,2005-03-31,OPTSTK,TATATEA,500.0,PA,0.0,0.0,0.0,35.4,3.1,0,0.0,0
2005-03-15,2005-03-31,OPTSTK,TATATEA,510.0,PA,0.0,0.0,0.0,35.95,5.6,0,0.0,0
2005-03-15,2005-03-31,OPTSTK,TATATEA,520.0,PA,0.0,0.0,0.0,42.4,9.25,0,0.0,0
2005-03-15,2005-03-31,OPTSTK,TATATEA,530.0,PA,11.0,15.75,11.0,15.75,15.75,2,5.97,1100
2005-03-15,2005-03-31,OPTSTK,TATATEA,540.0,PA,0.0,0.0,0.0,9.9,20.4,0,0.0,4400
2005-03-15,2005-03-31,OPTSTK,TATATEA,560.0,PA,0.0,0.0,0.0,28.0,36.0,0,0.0,3300
2005-03-15,2005-03-31,OPTSTK,TATATEA,580.0,PA,0.0,0.0,0.0,39.8,54.35,0,0.0,0
2005-03-15,2005-03-31,OPTSTK,TATATEA,600.0,PA,0.0,0.0,0.0,70.15,73.8,0,0.0,0
2005-03-15,2005-03-31,OPTSTK,TATATEA,620.0,PA,0.0,0.0,0.0,67.25,93.65,0,0.0,0
2005-03-15,2005-04-28,OPTSTK,TATATEA,440.0,CA,0.0,0.0,0.0,78.6,88.6,0,0.0,0
2005-03-15,2005-04-28,OPTSTK,TATATEA,450.0,CA,0.0,0.0,0.0,50.6,79.05,0,0.0,0
2005-03-15,2005-04-28,OPTSTK,TATATEA,460.0,CA,0.0,0.0,0.0,44.8,69.75,0,0.0,0
2005-03-15,2005-04-28,OPTSTK,TATATEA,470.0,CA,0.0,0.0,0.0,39.4,60.85,0,0.0,0
2005-03-15,2005-04-28,OPTSTK,TATATEA,480.0,CA,0.0,0.0,0.0,34.5,52.35,0,0.0,0
2005-03-15,2005-04-28,OPTSTK,TATATEA,490.0,CA,0.0,0.0,0.0,30.05,44.35,0,0.0,0
2005-03-15,2005-04-28,OPTSTK,TATATEA,500.0,CA,0.0,0.0,0.0,26.05,37.0,0,0.0,0
2005-03-15,2005-04-28,OPTSTK,TATATEA,510.0,CA,0.0,0.0,0.0,22.5,30.4,0,0.0,0
2005-03-15,2005-04-28,OPTSTK,TATATEA,520.0,CA,0.0,0.0,0.0,24.25,24.55,0,0.0,0
2005-03-15,2005-04-28,OPTSTK,TATATEA,540.0,CA,0.0,0.0,0.0,22.0,15.2,0,0.0,0
2005-03-15,2005-04-28,OPTSTK,TATATEA,560.0,CA,0.0,0.0,0.0,16.0,8.75,0,0.0,0
2005-03-15,2005-04-28,OPTSTK,TATATEA,580.0,CA,0.0,0.0,0.0,13.6,4.7,0,0.0,0
2005-03-15,2005-04-28,OPTSTK,TATATEA,600.0,CA,0.0,0.0,0.0,15.55,2.4,0,0.0,0
2005-03-15,2005-04-28,OPTSTK,TATATEA,620.0,CA,0.0,0.0,0.0,18.55,1.1,0,0.0,0
2005-03-15,2005-04-28,OPTSTK,TATATEA,440.0,PA,0.0,0.0,0.0,7.4,0.5,0,0.0,0
2005-03-15,2005-04-28,OPTSTK,TATATEA,450.0,PA,0.0,0.0,0.0,19.15,0.9,0,0.0,0
2005-03-15,2005-04-28,OPTSTK,TATATEA,460.0,PA,0.0,0.0,0.0,23.2,1.55,0,0.0,0
2005-03-15,2005-04-28,OPTSTK,TATATEA,470.0,PA,0.0,0.0,0.0,27.65,2.55,0,0.0,0
2005-03-15,2005-04-28,OPTSTK,TATATEA,480.0,PA,0.0,0.0,0.0,32.65,3.95,0,0.0,0
2005-03-15,2005-04-28,OPTSTK,TATATEA,490.0,PA,0.0,0.0,0.0,38.05,5.95,0,0.0,0
2005-03-15,2005-04-28,OPTSTK,TATATEA,500.0,PA,18.0,18.0,18.0,18.0,18.0,4,11.39,2200
2005-03-15,2005-04-28,OPTSTK,TATATEA,510.0,PA,0.0,0.0,0.0,50.2,11.85,0,0.0,0
2005-03-15,2005-04-28,OPTSTK,TATATEA,520.0,PA,0.0,0.0,0.0,47.75,15.9,0,0.0,0
2005-03-15,2005-04-28,OPTSTK,TATATEA,540.0,PA,0.0,0.0,0.0,49.45,26.4,0,0.0,0
2005-03-15,2005-04-28,OPTSTK,TATATEA,560.0,PA,0.0,0.0,0.0,63.2,39.85,0,0.0,0
2005-03-15,2005-04-28,OPTSTK,TATATEA,580.0,PA,0.0,0.0,0.0,67.05,55.65,0,0.0,0
2005-03-15,2005-04-28,OPTSTK,TATATEA,600.0,PA,0.0,0.0,0.0,73.95,73.15,0,0.0,0
2005-03-15,2005-04-28,OPTSTK,TATATEA,620.0,PA,0.0,0.0,0.0,72.15,91.75,0,0.0,0
2005-03-15,2005-05-26,OPTSTK,TATATEA,460.0,CA,0.0,0.0,0.0,83.25,73.9,0,0.0,0
2005-03-15,2005-05-26,OPTSTK,TATATEA,480.0,CA,0.0,0.0,0.0,73.25,57.6,0,0.0,0
2005-03-15,2005-05-26,OPTSTK,TATATEA,500.0,CA,0.0,0.0,0.0,59.2,43.3,0,0.0,0
2005-03-15,2005-05-26,OPTSTK,TATATEA,520.0,CA,0.0,0.0,0.0,46.9,31.3,0,0.0,0
2005-03-15,2005-05-26,OPTSTK,TATATEA,540.0,CA,0.0,0.0,0.0,36.45,21.8,0,0.0,0
2005-03-15,2005-05-26,OPTSTK,TATATEA,560.0,CA,0.0,0.0,0.0,27.8,14.55,0,0.0,0
2005-03-15,2005-05-26,OPTSTK,TATATEA,580.0,CA,0.0,0.0,0.0,20.8,9.4,0,0.0,0
2005-03-15,2005-05-26,OPTSTK,TATATEA,600.0,CA,0.0,0.0,0.0,15.3,5.8,0,0.0,0
2005-03-15,2005-05-26,OPTSTK,TATATEA,620.0,CA,0.0,0.0,0.0,15.1,3.5,0,0.0,0
2005-03-15,2005-05-26,OPTSTK,TATATEA,460.0,PA,0.0,0.0,0.0,6.75,3.6,0,0.0,0
2005-03-15,2005-05-26,OPTSTK,TATATEA,480.0,PA,0.0,0.0,0.0,10.45,7.05,0,0.0,0
2005-03-15,2005-05-26,OPTSTK,TATATEA,500.0,PA,0.0,0.0,0.0,16.1,12.55,0,0.0,0
2005-03-15,2005-05-26,OPTSTK,TATATEA,520.0,PA,0.0,0.0,0.0,23.55,20.3,0,0.0,0
2005-03-15,2005-05-26,OPTSTK,TATATEA,540.0,PA,0.0,0.0,0.0,32.8,30.55,0,0.0,0
2005-03-15,2005-05-26,OPTSTK,TATATEA,560.0,PA,0.0,0.0,0.0,43.8,43.1,0,0.0,0
2005-03-15,2005-05-26,OPTSTK,TATATEA,580.0,PA,0.0,0.0,0.0,56.5,57.7,0,0.0,0
2005-03-15,2005-05-26,OPTSTK,TATATEA,600.0,PA,0.0,0.0,0.0,70.7,73.85,0,0.0,0
2005-03-15,2005-05-26,OPTSTK,TATATEA,620.0,PA,0.0,0.0,0.0,74.35,91.3,0,0.0,0
2005-03-15,2005-03-31,OPTSTK,TCS,1140.0,CA,0.0,0.0,0.0,110.0,305.4,0,0.0,0
2005-03-15,2005-03-31,OPTSTK,TCS,1170.0,CA,0.0,0.0,0.0,120.15,275.5,0,0.0,0
2005-03-15,2005-03-31,OPTSTK,TCS,1200.0,CA,0.0,0.0,0.0,50.0,245.55,0,0.0,0
2005-03-15,2005-03-31,OPTSTK,TCS,1230.0,CA,0.0,0.0,0.0,123.7,215.65,0,0.0,0
2005-03-15,2005-03-31,OPTSTK,TCS,1260.0,CA,0.0,0.0,0.0,170.0,185.75,0,0.0,500
2005-03-15,2005-03-31,OPTSTK,TCS,1290.0,CA,0.0,0.0,0.0,89.0,156.05,0,0.0,0
2005-03-15,2005-03-31,OPTSTK,TCS,1320.0,CA,0.0,0.0,0.0,71.25,126.8,0,0.0,250
2005-03-15,2005-03-31,OPTSTK,TCS,1350.0,CA,101.15,101.15,101.15,101.15,101.15,2,7.25,7500
2005-03-15,2005-03-31,OPTSTK,TCS,1380.0,CA,74.0,74.0,61.05,62.35,62.35,90,325.14,85000
2005-03-15,2005-03-31,OPTSTK,TCS,1410.0,CA,52.0,55.0,40.0,41.0,41.0,35,127.46,83500
2005-03-15,2005-03-31,OPTSTK,TCS,1440.0,CA,27.0,36.0,25.0,28.15,28.15,183,673.03,107250
2005-03-15,2005-03-31,OPTSTK,TCS,1470.0,CA,15.2,22.75,14.0,15.15,15.15,39,145.07,15000
2005-03-15,2005-03-31,OPTSTK,TCS,1500.0,CA,11.0,11.0,9.0,9.0,9.0,10,37.73,8250
2005-03-15,2005-03-31,OPTSTK,TCS,1530.0,CA,0.0,0.0,0.0,4.75,4.85,0,0.0,0
2005-03-15,2005-03-31,OPTSTK,TCS,1140.0,PA,0.0,0.0,0.0,5.0,0.0,0,0.0,250
2005-03-15,2005-03-31,OPTSTK,TCS,1170.0,PA,0.0,0.0,0.0,22.35,0.0,0,0.0,0
2005-03-15,2005-03-31,OPTSTK,TCS,1200.0,PA,0.0,0.0,0.0,29.85,0.0,0,0.0,0
2005-03-15,2005-03-31,OPTSTK,TCS,1230.0,PA,0.0,0.0,0.0,39.3,0.05,0,0.0,0
2005-03-15,2005-03-31,OPTSTK,TCS,1260.0,PA,0.0,0.0,0.0,2.2,0.1,0,0.0,1000
2005-03-15,2005-03-31,OPTSTK,TCS,1290.0,PA,0.0,0.0,0.0,2.5,0.3,0,0.0,4750
2005-03-15,2005-03-31,OPTSTK,TCS,1320.0,PA,0.0,0.0,0.0,9.0,0.95,0,0.0,2500
2005-03-15,2005-03-31,OPTSTK,TCS,1350.0,PA,6.0,6.0,3.75,3.8,3.8,5,16.93,21000
2005-03-15,2005-03-31,OPTSTK,TCS,1380.0,PA,6.0,9.0,3.65,4.15,4.15,15,51.94,18250
2005-03-15,2005-03-31,OPTSTK,TCS,1410.0,PA,14.5,18.0,12.25,14.25,14.25,24,85.47,14000
2005-03-15,2005-03-31,OPTSTK,TCS,1440.0,PA,24.9,34.0,24.9,30.0,30.0,14,51.38,7000
2005-03-15,2005-03-31,OPTSTK,TCS,1470.0,PA,0.0,0.0,0.0,45.0,42.45,0,0.0,2000
2005-03-15,2005-03-31,OPTSTK,TCS,1500.0,PA,0.0,0.0,0.0,109.15,63.7,0,0.0,0
2005-03-15,2005-03-31,OPTSTK,TCS,1530.0,PA,0.0,0.0,0.0,102.75,88.5,0,0.0,0
2005-03-15,2005-04-28,OPTSTK,TCS,1140.0,CA,0.0,0.0,0.0,136.55,310.9,0,0.0,0
2005-03-15,2005-04-28,OPTSTK,TCS,1170.0,CA,0.0,0.0,0.0,115.2,281.25,0,0.0,0
2005-03-15,2005-04-28,OPTSTK,TCS,1200.0,CA,0.0,0.0,0.0,95.85,251.7,0,0.0,0
2005-03-15,2005-04-28,OPTSTK,TCS,1230.0,CA,0.0,0.0,0.0,78.7,222.45,0,0.0,0
2005-03-15,2005-04-28,OPTSTK,TCS,1260.0,CA,0.0,0.0,0.0,63.7,193.7,0,0.0,0
2005-03-15,2005-04-28,OPTSTK,TCS,1290.0,CA,0.0,0.0,0.0,50.9,165.75,0,0.0,0
2005-03-15,2005-04-28,OPTSTK,TCS,1320.0,CA,0.0,0.0,0.0,63.0,139.15,0,0.0,0
2005-03-15,2005-04-28,OPTSTK,TCS,1350.0,CA,0.0,0.0,0.0,61.35,114.25,0,0.0,0
2005-03-15,2005-04-28,OPTSTK,TCS,1380.0,CA,0.0,0.0,0.0,50.65,91.6,0,0.0,0
2005-03-15,2005-04-28,OPTSTK,TCS,1410.0,CA,0.0,0.0,0.0,46.25,71.45,0,0.0,0
2005-03-15,2005-04-28,OPTSTK,TCS,1440.0,CA,0.0,0.0,0.0,45.75,54.3,0,0.0,0
2005-03-15,2005-04-28,OPTSTK,TCS,1470.0,CA,0.0,0.0,0.0,35.55,40.05,0,0.0,0
2005-03-15,2005-04-28,OPTSTK,TCS,1500.0,CA,0.0,0.0,0.0,46.85,28.7,0,0.0,0
2005-03-15,2005-04-28,OPTSTK,TCS,1530.0,CA,0.0,0.0,0.0,17.8,20.05,0,0.0,0
2005-03-15,2005-04-28,OPTSTK,TCS,1140.0,PA,0.0,0.0,0.0,20.05,0.05,0,0.0,0
2005-03-15,2005-04-28,OPTSTK,TCS,1170.0,PA,0.0,0.0,0.0,28.25,0.15,0,0.0,0
2005-03-15,2005-04-28,OPTSTK,TCS,1200.0,PA,0.0,0.0,0.0,38.5,0.4,0,0.0,0
2005-03-15,2005-04-28,OPTSTK,TCS,1230.0,PA,0.0,0.0,0.0,50.9,0.95,0,0.0,0
2005-03-15,2005-04-28,OPTSTK,TCS,1260.0,PA,0.0,0.0,0.0,65.5,1.95,0,0.0,0
2005-03-15,2005-04-28,OPTSTK,TCS,1290.0,PA,0.0,0.0,0.0,82.25,3.85,0,0.0,0
2005-03-15,2005-04-28,OPTSTK,TCS,1320.0,PA,0.0,0.0,0.0,101.05,7.0,0,0.0,0
2005-03-15,2005-04-28,OPTSTK,TCS,1350.0,PA,0.0,0.0,0.0,103.35,11.85,0,0.0,0
2005-03-15,2005-04-28,OPTSTK,TCS,1380.0,PA,0.0,0.0,0.0,122.25,19.0,0,0.0,0
2005-03-15,2005-04-28,OPTSTK,TCS,1410.0,PA,0.0,0.0,0.0,122.2,28.65,0,0.0,0
2005-03-15,2005-04-28,OPTSTK,TCS,1440.0,PA,0.0,0.0,0.0,86.45,41.25,0,0.0,0
2005-03-15,2005-04-28,OPTSTK,TCS,1470.0,PA,0.0,0.0,0.0,105.9,56.85,0,0.0,0
2005-03-15,2005-04-28,OPTSTK,TCS,1500.0,PA,0.0,0.0,0.0,119.7,75.25,0,0.0,0
2005-03-15,2005-04-28,OPTSTK,TCS,1530.0,PA,0.0,0.0,0.0,108.45,96.35,0,0.0,0
2005-03-15,2005-05-26,OPTSTK,TCS,1260.0,CA,0.0,0.0,0.0,143.95,202.85,0,0.0,0
2005-03-15,2005-05-26,OPTSTK,TCS,1290.0,CA,0.0,0.0,0.0,127.7,176.5,0,0.0,0
2005-03-15,2005-05-26,OPTSTK,TCS,1320.0,CA,0.0,0.0,0.0,108.2,151.5,0,0.0,0
2005-03-15,2005-05-26,OPTSTK,TCS,1350.0,CA,0.0,0.0,0.0,90.65,128.25,0,0.0,0
2005-03-15,2005-05-26,OPTSTK,TCS,1380.0,CA,0.0,0.0,0.0,75.05,106.9,0,0.0,0
2005-03-15,2005-05-26,OPTSTK,TCS,1410.0,CA,0.0,0.0,0.0,61.45,87.75,0,0.0,0
2005-03-15,2005-05-26,OPTSTK,TCS,1440.0,CA,0.0,0.0,0.0,49.75,70.9,0,0.0,0
2005-03-15,2005-05-26,OPTSTK,TCS,1470.0,CA,0.0,0.0,0.0,39.85,56.3,0,0.0,0
2005-03-15,2005-05-26,OPTSTK,TCS,1500.0,CA,0.0,0.0,0.0,32.45,44.0,0,0.0,0
2005-03-15,2005-05-26,OPTSTK,TCS,1530.0,CA,0.0,0.0,0.0,30.4,33.8,0,0.0,0
2005-03-15,2005-05-26,OPTSTK,TCS,1260.0,PA,0.0,0.0,0.0,21.5,5.4,0,0.0,0
2005-03-15,2005-05-26,OPTSTK,TCS,1290.0,PA,0.0,0.0,0.0,30.55,8.7,0,0.0,0
2005-03-15,2005-05-26,OPTSTK,TCS,1320.0,PA,0.0,0.0,0.0,40.6,13.35,0,0.0,0
2005-03-15,2005-05-26,OPTSTK,TCS,1350.0,PA,0.0,0.0,0.0,52.6,19.75,0,0.0,0
2005-03-15,2005-05-26,OPTSTK,TCS,1380.0,PA,0.0,0.0,0.0,66.55,28.05,0,0.0,0
2005-03-15,2005-05-26,OPTSTK,TCS,1410.0,PA,0.0,0.0,0.0,82.5,38.55,0,0.0,0
2005-03-15,2005-05-26,OPTSTK,TCS,1440.0,PA,0.0,0.0,0.0,100.35,51.3,0,0.0,0
2005-03-15,2005-05-26,OPTSTK,TCS,1470.0,PA,0.0,0.0,0.0,120.0,66.4,0,0.0,0
2005-03-15,2005-05-26,OPTSTK,TCS,1500.0,PA,0.0,0.0,0.0,112.75,83.75,0,0.0,0
2005-03-15,2005-05-26,OPTSTK,TCS,1530.0,PA,0.0,0.0,0.0,114.1,103.2,0,0.0,0
2005-03-15,2005-03-31,OPTSTK,TISCO,310.0,CA,0.0,0.0,0.0,62.0,133.55,0,0.0,5400
2005-03-15,2005-03-31,OPTSTK,TISCO,320.0,CA,0.0,0.0,0.0,45.6,123.6,0,0.0,0
2005-03-15,2005-03-31,OPTSTK,TISCO,330.0,CA,0.0,0.0,0.0,60.0,113.6,0,0.0,0
2005-03-15,2005-03-31,OPTSTK,TISCO,340.0,CA,0.0,0.0,0.0,92.0,103.65,0,0.0,0
2005-03-15,2005-03-31,OPTSTK,TISCO,350.0,CA,0.0,0.0,0.0,52.0,93.65,0,0.0,1350
2005-03-15,2005-03-31,OPTSTK,TISCO,360.0,CA,0.0,0.0,0.0,84.0,83.7,0,0.0,0
2005-03-15,2005-03-31,OPTSTK,TISCO,370.0,CA,0.0,0.0,0.0,39.6,73.7,0,0.0,0
2005-03-15,2005-03-31,OPTSTK,TISCO,380.0,CA,0.0,0.0,0.0,47.0,63.75,0,0.0,4050
2005-03-15,2005-03-31,OPTSTK,TISCO,390.0,CA,0.0,0.0,0.0,52.0,53.85,0,0.0,14850
2005-03-15,2005-03-31,OPTSTK,TISCO,400.0,CA,45.0,45.5,40.1,45.0,45.0,17,101.55,156600
2005-03-15,2005-03-31,OPTSTK,TISCO,410.0,CA,32.9,38.5,29.5,37.5,37.5,35,210.58,403650
2005-03-15,2005-03-31,OPTSTK,TISCO,420.0,CA,24.5,29.2,20.0,27.6,27.6,137,823.44,642600
2005-03-15,2005-03-31,OPTSTK,TISCO,430.0,CA,17.0,20.5,12.5,19.6,19.6,380,2295.15,629100
2005-03-15,2005-03-31,OPTSTK,TISCO,440.0,CA,10.7,14.45,7.4,13.35,13.35,958,5841.04,1030050
2005-03-15,2005-03-31,OPTSTK,TISCO,450.0,CA,6.05,9.0,4.5,8.2,8.2,457,2820.59,668250
2005-03-15,2005-03-31,OPTSTK,TISCO,460.0,CA,4.2,5.7,2.45,5.15,5.15,76,476.18,147150
2005-03-15,2005-03-31,OPTSTK,TISCO,470.0,CA,2.55,3.25,1.5,3.15,3.15,16,102.07,29700
2005-03-15,2005-03-31,OPTSTK,TISCO,310.0,PA,0.0,0.0,0.0,0.8,0.0,0,0.0,1350
2005-03-15,2005-03-31,OPTSTK,TISCO,320.0,PA,0.0,0.0,0.0,12.2,0.0,0,0.0,0
2005-03-15,2005-03-31,OPTSTK,TISCO,330.0,PA,0.0,0.0,0.0,0.3,0.0,0,0.0,1350
2005-03-15,2005-03-31,OPTSTK,TISCO,340.0,PA,0.0,0.0,0.0,13.75,0.0,0,0.0,0
2005-03-15,2005-03-31,OPTSTK,TISCO,350.0,PA,0.0,0.0,0.0,0.45,0.0,0,0.0,4050
2005-03-15,2005-03-31,OPTSTK,TISCO,360.0,PA,0.0,0.0,0.0,2.3,0.0,0,0.0,2700
2005-03-15,2005-03-31,OPTSTK,TISCO,370.0,PA,0.5,0.5,0.5,0.5,0.5,1,5.0,22950
2005-03-15,2005-03-31,OPTSTK,TISCO,380.0,PA,0.85,1.0,0.85,1.0,1.0,3,15.42,113400
2005-03-15,2005-03-31,OPTSTK,TISCO,390.0,PA,1.0,1.0,0.75,0.75,0.75,5,26.38,133650
2005-03-15,2005-03-31,OPTSTK,TISCO,400.0,PA,1.0,1.6,1.0,1.0,1.0,20,108.34,511650
2005-03-15,2005-03-31,OPTSTK,TISCO,410.0,PA,1.3,1.7,1.0,1.15,1.15,28,155.46,390150
2005-03-15,2005-03-31,OPTSTK,TISCO,420.0,PA,3.3,3.5,1.8,2.1,2.1,75,427.94,442800
2005-03-15,2005-03-31,OPTSTK,TISCO,430.0,PA,5.0,6.35,3.15,3.6,3.6,233,1367.94,410400
2005-03-15,2005-03-31,OPTSTK,TISCO,440.0,PA,8.5,12.0,6.5,7.2,7.2,215,1301.16,342900
2005-03-15,2005-03-31,OPTSTK,TISCO,450.0,PA,14.0,15.95,11.5,12.05,12.05,64,399.6,149850
2005-03-15,2005-03-31,OPTSTK,TISCO,460.0,PA,26.0,26.0,18.5,18.5,18.5,2,13.02,29700
2005-03-15,2005-03-31,OPTSTK,TISCO,470.0,PA,0.0,0.0,0.0,32.45,28.0,0,0.0,9450
2005-03-15,2005-04-28,OPTSTK,TISCO,340.0,CA,0.0,0.0,0.0,17.5,105.3,0,0.0,2700
2005-03-15,2005-04-28,OPTSTK,TISCO,350.0,CA,0.0,0.0,0.0,95.0,95.4,0,0.0,5400
2005-03-15,2005-04-28,OPTSTK,TISCO,360.0,CA,0.0,0.0,0.0,37.25,85.5,0,0.0,0
2005-03-15,2005-04-28,OPTSTK,TISCO,370.0,CA,0.0,0.0,0.0,32.05,75.75,0,0.0,0
2005-03-15,2005-04-28,OPTSTK,TISCO,380.0,CA,0.0,0.0,0.0,27.4,66.15,0,0.0,0
2005-03-15,2005-04-28,OPTSTK,TISCO,390.0,CA,0.0,0.0,0.0,65.0,56.75,0,0.0,1350
2005-03-15,2005-04-28,OPTSTK,TISCO,400.0,CA,0.0,0.0,0.0,55.0,47.8,0,0.0,1350
2005-03-15,2005-04-28,OPTSTK,TISCO,410.0,CA,47.65,47.65,47.65,47.65,47.65,2,12.35,2700
2005-03-15,2005-04-28,OPTSTK,TISCO,420.0,CA,0.0,0.0,0.0,18.65,31.75,0,0.0,0
2005-03-15,2005-04-28,OPTSTK,TISCO,430.0,CA,24.0,29.0,24.0,29.0,29.0,2,12.32,2700
2005-03-15,2005-04-28,OPTSTK,TISCO,440.0,CA,23.0,24.0,17.3,23.55,23.55,20,124.83,37800
2005-03-15,2005-04-28,OPTSTK,TISCO,450.0,CA,17.0,19.0,15.6,19.0,19.0,9,56.72,12150
2005-03-15,2005-04-28,OPTSTK,TISCO,460.0,CA,13.75,15.45,13.75,14.7,14.7,4,25.62,2700
2005-03-15,2005-04-28,OPTSTK,TISCO,470.0,CA,0.0,0.0,0.0,6.95,7.2,0,0.0,0
2005-03-15,2005-04-28,OPTSTK,TISCO,340.0,PA,0.0,0.0,0.0,12.9,0.05,0,0.0,0
2005-03-15,2005-04-28,OPTSTK,TISCO,350.0,PA,0.0,0.0,0.0,16.45,0.05,0,0.0,0
2005-03-15,2005-04-28,OPTSTK,TISCO,360.0,PA,0.0,0.0,0.0,20.55,0.15,0,0.0,0
2005-03-15,2005-04-28,OPTSTK,TISCO,370.0,PA,0.0,0.0,0.0,25.2,0.3,0,0.0,0
2005-03-15,2005-04-28,OPTSTK,TISCO,380.0,PA,0.0,0.0,0.0,5.8,0.6,0,0.0,2700
2005-03-15,2005-04-28,OPTSTK,TISCO,390.0,PA,0.0,0.0,0.0,36.15,1.15,0,0.0,0
2005-03-15,2005-04-28,OPTSTK,TISCO,400.0,PA,0.0,0.0,0.0,42.4,2.15,0,0.0,0
2005-03-15,2005-04-28,OPTSTK,TISCO,410.0,PA,0.0,0.0,0.0,43.85,3.7,0,0.0,0
2005-03-15,2005-04-28,OPTSTK,TISCO,420.0,PA,0.0,0.0,0.0,46.55,5.95,0,0.0,0
2005-03-15,2005-04-28,OPTSTK,TISCO,430.0,PA,0.0,0.0,0.0,45.35,9.05,0,0.0,0
2005-03-15,2005-04-28,OPTSTK,TISCO,440.0,PA,11.05,13.5,11.0,11.45,11.45,33,201.11,44550
2005-03-15,2005-04-28,OPTSTK,TISCO,450.0,PA,0.0,0.0,0.0,29.5,18.15,0,0.0,0
2005-03-15,2005-04-28,OPTSTK,TISCO,460.0,PA,0.0,0.0,0.0,36.6,24.15,0,0.0,0
2005-03-15,2005-04-28,OPTSTK,TISCO,470.0,PA,0.0,0.0,0.0,36.3,31.0,0,0.0,0
2005-03-15,2005-05-26,OPTSTK,TISCO,380.0,CA,0.0,0.0,0.0,45.55,68.95,0,0.0,0
2005-03-15,2005-05-26,OPTSTK,TISCO,390.0,CA,0.0,0.0,0.0,38.6,60.1,0,0.0,0
2005-03-15,2005-05-26,OPTSTK,TISCO,400.0,CA,0.0,0.0,0.0,32.35,51.7,0,0.0,0
2005-03-15,2005-05-26,OPTSTK,TISCO,410.0,CA,0.0,0.0,0.0,26.8,43.9,0,0.0,0
2005-03-15,2005-05-26,OPTSTK,TISCO,420.0,CA,0.0,0.0,0.0,21.95,36.7,0,0.0,0
2005-03-15,2005-05-26,OPTSTK,TISCO,430.0,CA,0.0,0.0,0.0,17.75,30.25,0,0.0,0
2005-03-15,2005-05-26,OPTSTK,TISCO,440.0,CA,0.0,0.0,0.0,14.15,24.5,0,0.0,0
2005-03-15,2005-05-26,OPTSTK,TISCO,450.0,CA,0.0,0.0,0.0,15.75,19.55,0,0.0,0
2005-03-15,2005-05-26,OPTSTK,TISCO,460.0,CA,0.0,0.0,0.0,14.1,15.35,0,0.0,0
2005-03-15,2005-05-26,OPTSTK,TISCO,470.0,CA,0.0,0.0,0.0,11.2,11.9,0,0.0,0
2005-03-15,2005-05-26,OPTSTK,TISCO,380.0,PA,0.0,0.0,0.0,7.9,1.65,0,0.0,0
2005-03-15,2005-05-26,OPTSTK,TISCO,390.0,PA,0.0,0.0,0.0,10.8,2.7,0,0.0,0
2005-03-15,2005-05-26,OPTSTK,TISCO,400.0,PA,0.0,0.0,0.0,14.4,4.2,0,0.0,0
2005-03-15,2005-05-26,OPTSTK,TISCO,410.0,PA,0.0,0.0,0.0,18.7,6.25,0,0.0,0
2005-03-15,2005-05-26,OPTSTK,TISCO,420.0,PA,0.0,0.0,0.0,23.65,8.95,0,0.0,0
2005-03-15,2005-05-26,OPTSTK,TISCO,430.0,PA,0.0,0.0,0.0,29.3,12.4,0,0.0,0
2005-03-15,2005-05-26,OPTSTK,TISCO,440.0,PA,0.0,0.0,0.0,35.6,16.55,0,0.0,0
2005-03-15,2005-05-26,OPTSTK,TISCO,450.0,PA,0.0,0.0,0.0,37.0,21.5,0,0.0,0
2005-03-15,2005-05-26,OPTSTK,TISCO,460.0,PA,0.0,0.0,0.0,39.15,27.15,0,0.0,0
2005-03-15,2005-05-26,OPTSTK,TISCO,470.0,PA,0.0,0.0,0.0,38.45,33.55,0,0.0,0
2005-03-15,2005-03-31,OPTSTK,UNIONBANK,80.0,CA,5.0,5.0,5.0,5.0,5.0,2,7.14,8400
2005-03-15,2005-03-31,OPTSTK,UNIONBANK,85.0,CA,0.0,0.0,0.0,44.0,40.9,0,0.0,0
2005-03-15,2005-03-31,OPTSTK,UNIONBANK,90.0,CA,0.0,0.0,0.0,36.0,35.9,0,0.0,0
2005-03-15,2005-03-31,OPTSTK,UNIONBANK,95.0,CA,0.0,0.0,0.0,32.0,30.95,0,0.0,0
2005-03-15,2005-03-31,OPTSTK,UNIONBANK,100.0,CA,0.0,0.0,0.0,34.5,26.05,0,0.0,12600
2005-03-15,2005-03-31,OPTSTK,UNIONBANK,105.0,CA,0.0,0.0,0.0,22.1,21.3,0,0.0,33600
2005-03-15,2005-03-31,OPTSTK,UNIONBANK,110.0,CA,15.5,16.0,15.5,16.0,16.0,4,21.12,474600
2005-03-15,2005-03-31,OPTSTK,UNIONBANK,115.0,CA,11.25,13.75,11.25,13.75,13.75,4,21.44,609000
2005-03-15,2005-03-31,OPTSTK,UNIONBANK,120.0,CA,10.0,10.95,8.4,8.8,8.8,9,49.01,617400
2005-03-15,2005-03-31,OPTSTK,UNIONBANK,125.0,CA,7.05,7.2,5.15,5.8,5.8,35,192.98,457800
2005-03-15,2005-03-31,OPTSTK,UNIONBANK,130.0,CA,4.05,4.85,3.25,3.6,3.6,112,631.01,886200
2005-03-15,2005-03-31,OPTSTK,UNIONBANK,135.0,CA,2.95,3.05,2.05,2.3,2.3,23,132.9,382200
2005-03-15,2005-03-31,OPTSTK,UNIONBANK,140.0,CA,1.75,1.8,1.35,1.35,1.35,6,35.67,193200
2005-03-15,2005-03-31,OPTSTK,UNIONBANK,145.0,CA,0.0,0.0,0.0,3.1,1.0,0,0.0,0
2005-03-15,2005-03-31,OPTSTK,UNIONBANK,80.0,PA,0.0,0.0,0.0,0.4,0.0,0,0.0,0
2005-03-15,2005-03-31,OPTSTK,UNIONBANK,85.0,PA,0.0,0.0,0.0,0.4,0.0,0,0.0,0
2005-03-15,2005-03-31,OPTSTK,UNIONBANK,90.0,PA,0.0,0.0,0.0,0.5,0.05,0,0.0,8400
2005-03-15,2005-03-31,OPTSTK,UNIONBANK,95.0,PA,0.0,0.0,0.0,0.2,0.05,0,0.0,12600
2005-03-15,2005-03-31,OPTSTK,UNIONBANK,100.0,PA,0.0,0.0,0.0,0.4,0.15,0,0.0,54600
2005-03-15,2005-03-31,OPTSTK,UNIONBANK,105.0,PA,0.0,0.0,0.0,0.4,0.4,0,0.0,71400
2005-03-15,2005-03-31,OPTSTK,UNIONBANK,110.0,PA,0.9,0.9,0.55,0.55,0.55,3,13.94,462000
2005-03-15,2005-03-31,OPTSTK,UNIONBANK,115.0,PA,0.9,1.0,0.9,1.0,1.0,9,43.83,407400
2005-03-15,2005-03-31,OPTSTK,UNIONBANK,120.0,PA,2.25,2.45,1.95,2.25,2.25,12,61.62,520800
2005-03-15,2005-03-31,OPTSTK,UNIONBANK,125.0,PA,4.4,4.75,3.85,4.5,4.5,9,48.86,243600
2005-03-15,2005-03-31,OPTSTK,UNIONBANK,130.0,PA,6.55,7.3,6.05,7.15,7.15,13,74.64,281400
2005-03-15,2005-03-31,OPTSTK,UNIONBANK,135.0,PA,0.0,0.0,0.0,7.65,11.8,0,0.0,50400
2005-03-15,2005-03-31,OPTSTK,UNIONBANK,140.0,PA,15.75,16.0,15.75,16.0,16.0,3,19.64,21000
2005-03-15,2005-03-31,OPTSTK,UNIONBANK,145.0,PA,0.0,0.0,0.0,16.6,20.0,0,0.0,0
2005-03-15,2005-04-28,OPTSTK,UNIONBANK,90.0,CA,0.0,0.0,0.0,18.85,36.7,0,0.0,0
2005-03-15,2005-04-28,OPTSTK,UNIONBANK,95.0,CA,32.0,32.0,32.0,32.0,32.0,2,10.66,8400
2005-03-15,2005-04-28,OPTSTK,UNIONBANK,100.0,CA,0.0,0.0,0.0,20.35,27.7,0,0.0,0
2005-03-15,2005-04-28,OPTSTK,UNIONBANK,105.0,CA,0.0,0.0,0.0,17.75,23.55,0,0.0,0
2005-03-15,2005-04-28,OPTSTK,UNIONBANK,110.0,CA,0.0,0.0,0.0,15.4,19.8,0,0.0,0
2005-03-15,2005-04-28,OPTSTK,UNIONBANK,115.0,CA,0.0,0.0,0.0,9.15,16.35,0,0.0,0
2005-03-15,2005-04-28,OPTSTK,UNIONBANK,120.0,CA,0.0,0.0,0.0,11.45,13.35,0,0.0,0
2005-03-15,2005-04-28,OPTSTK,UNIONBANK,125.0,CA,9.0,9.0,9.0,9.0,9.0,1,5.62,4200
2005-03-15,2005-04-28,OPTSTK,UNIONBANK,130.0,CA,14.85,14.85,14.85,14.85,14.85,3,18.25,0
2005-03-15,2005-04-28,OPTSTK,UNIONBANK,135.0,CA,0.0,0.0,0.0,3.1,6.65,0,0.0,4200
2005-03-15,2005-04-28,OPTSTK,UNIONBANK,140.0,CA,0.0,0.0,0.0,3.55,5.15,0,0.0,0
2005-03-15,2005-04-28,OPTSTK,UNIONBANK,145.0,CA,0.0,0.0,0.0,7.05,3.95,0,0.0,0
2005-03-15,2005-04-28,OPTSTK,UNIONBANK,90.0,PA,0.0,0.0,0.0,2.3,0.4,0,0.0,0
2005-03-15,2005-04-28,OPTSTK,UNIONBANK,95.0,PA,0.0,0.0,0.0,6.95,0.75,0,0.0,0
2005-03-15,2005-04-28,OPTSTK,UNIONBANK,100.0,PA,0.0,0.0,0.0,8.95,1.3,0,0.0,0
2005-03-15,2005-04-28,OPTSTK,UNIONBANK,105.0,PA,0.0,0.0,0.0,11.25,2.15,0,0.0,0
2005-03-15,2005-04-28,OPTSTK,UNIONBANK,110.0,PA,0.0,0.0,0.0,13.85,3.35,0,0.0,0
2005-03-15,2005-04-28,OPTSTK,UNIONBANK,115.0,PA,0.0,0.0,0.0,16.7,4.85,0,0.0,0
2005-03-15,2005-04-28,OPTSTK,UNIONBANK,120.0,PA,0.0,0.0,0.0,2.5,6.8,0,0.0,16800
2005-03-15,2005-04-28,OPTSTK,UNIONBANK,125.0,PA,0.0,0.0,0.0,23.1,9.2,0,0.0,0
2005-03-15,2005-04-28,OPTSTK,UNIONBANK,130.0,PA,0.0,0.0,0.0,5.75,11.95,0,0.0,0
2005-03-15,2005-04-28,OPTSTK,UNIONBANK,135.0,PA,0.0,0.0,0.0,23.65,15.05,0,0.0,0
2005-03-15,2005-04-28,OPTSTK,UNIONBANK,140.0,PA,0.0,0.0,0.0,20.35,18.5,0,0.0,0
2005-03-15,2005-04-28,OPTSTK,UNIONBANK,145.0,PA,0.0,0.0,0.0,19.8,22.25,0,0.0,0
2005-03-15,2005-05-26,OPTSTK,UNIONBANK,95.0,CA,0.0,0.0,0.0,22.9,33.55,0,0.0,0
2005-03-15,2005-05-26,OPTSTK,UNIONBANK,100.0,CA,0.0,0.0,0.0,19.6,29.5,0,0.0,0
2005-03-15,2005-05-26,OPTSTK,UNIONBANK,105.0,CA,0.0,0.0,0.0,16.7,25.7,0,0.0,0
2005-03-15,2005-05-26,OPTSTK,UNIONBANK,110.0,CA,0.0,0.0,0.0,14.1,22.25,0,0.0,0
2005-03-15,2005-05-26,OPTSTK,UNIONBANK,115.0,CA,0.0,0.0,0.0,11.8,19.1,0,0.0,0
2005-03-15,2005-05-26,OPTSTK,UNIONBANK,120.0,CA,0.0,0.0,0.0,9.85,16.25,0,0.0,0
2005-03-15,2005-05-26,OPTSTK,UNIONBANK,125.0,CA,0.0,0.0,0.0,8.15,13.75,0,0.0,0
2005-03-15,2005-05-26,OPTSTK,UNIONBANK,130.0,CA,0.0,0.0,0.0,12.15,11.55,0,0.0,0
2005-03-15,2005-05-26,OPTSTK,UNIONBANK,135.0,CA,0.0,0.0,0.0,10.5,9.65,0,0.0,0
2005-03-15,2005-05-26,OPTSTK,UNIONBANK,140.0,CA,0.0,0.0,0.0,11.9,8.0,0,0.0,0
2005-03-15,2005-05-26,OPTSTK,UNIONBANK,145.0,CA,0.0,0.0,0.0,10.15,6.6,0,0.0,0
2005-03-15,2005-05-26,OPTSTK,UNIONBANK,95.0,PA,0.0,0.0,0.0,4.35,1.75,0,0.0,0
2005-03-15,2005-05-26,OPTSTK,UNIONBANK,100.0,PA,0.0,0.0,0.0,6.0,2.65,0,0.0,0
2005-03-15,2005-05-26,OPTSTK,UNIONBANK,105.0,PA,0.0,0.0,0.0,7.95,3.85,0,0.0,0
2005-03-15,2005-05-26,OPTSTK,UNIONBANK,110.0,PA,0.0,0.0,0.0,10.3,5.3,0,0.0,0
2005-03-15,2005-05-26,OPTSTK,UNIONBANK,115.0,PA,0.0,0.0,0.0,12.95,7.1,0,0.0,0
2005-03-15,2005-05-26,OPTSTK,UNIONBANK,120.0,PA,0.0,0.0,0.0,15.9,9.2,0,0.0,0
2005-03-15,2005-05-26,OPTSTK,UNIONBANK,125.0,PA,0.0,0.0,0.0,19.1,11.65,0,0.0,0
2005-03-15,2005-05-26,OPTSTK,UNIONBANK,130.0,PA,0.0,0.0,0.0,19.9,14.35,0,0.0,0
2005-03-15,2005-05-26,OPTSTK,UNIONBANK,135.0,PA,0.0,0.0,0.0,23.15,17.4,0,0.0,0
2005-03-15,2005-05-26,OPTSTK,UNIONBANK,140.0,PA,0.0,0.0,0.0,22.8,20.7,0,0.0,0
2005-03-15,2005-05-26,OPTSTK,UNIONBANK,145.0,PA,0.0,0.0,0.0,22.3,24.25,0,0.0,0
2005-03-15,2005-03-31,OPTSTK,WIPRO,580.0,CA,0.0,0.0,0.0,87.65,105.3,0,0.0,0
2005-03-15,2005-03-31,OPTSTK,WIPRO,600.0,CA,0.0,0.0,0.0,90.0,85.75,0,0.0,0
2005-03-15,2005-03-31,OPTSTK,WIPRO,620.0,CA,0.0,0.0,0.0,93.4,67.0,0,0.0,0
2005-03-15,2005-03-31,OPTSTK,WIPRO,640.0,CA,0.0,0.0,0.0,92.4,49.65,0,0.0,0
2005-03-15,2005-03-31,OPTSTK,WIPRO,660.0,CA,21.0,22.0,21.0,21.5,21.5,10,40.89,6000
2005-03-15,2005-03-31,OPTSTK,WIPRO,680.0,CA,35.35,35.35,18.25,19.6,19.6,14,59.27,12000
2005-03-15,2005-03-31,OPTSTK,WIPRO,700.0,CA,12.55,12.95,10.0,12.75,12.75,9,38.44,34200
2005-03-15,2005-03-31,OPTSTK,WIPRO,720.0,CA,6.05,8.55,5.0,5.25,5.25,12,52.29,26400
2005-03-15,2005-03-31,OPTSTK,WIPRO,740.0,CA,5.0,5.0,4.0,4.0,4.0,2,8.93,22200
2005-03-15,2005-03-31,OPTSTK,WIPRO,760.0,CA,0.0,0.0,0.0,10.0,1.8,0,0.0,600
2005-03-15,2005-03-31,OPTSTK,WIPRO,780.0,CA,0.0,0.0,0.0,1.2,0.8,0,0.0,0
2005-03-15,2005-03-31,OPTSTK,WIPRO,800.0,CA,0.0,0.0,0.0,20.55,0.3,0,0.0,0
2005-03-15,2005-03-31,OPTSTK,WIPRO,820.0,CA,0.0,0.0,0.0,14.6,0.15,0,0.0,0
2005-03-15,2005-03-31,OPTSTK,WIPRO,580.0,PA,0.0,0.0,0.0,13.95,0.2,0,0.0,0
2005-03-15,2005-03-31,OPTSTK,WIPRO,600.0,PA,0.0,0.0,0.0,19.05,0.6,0,0.0,0
2005-03-15,2005-03-31,OPTSTK,WIPRO,620.0,PA,0.0,0.0,0.0,16.2,1.8,0,0.0,0
2005-03-15,2005-03-31,OPTSTK,WIPRO,640.0,PA,0.0,0.0,0.0,9.0,4.4,0,0.0,600
2005-03-15,2005-03-31,OPTSTK,WIPRO,660.0,PA,0.0,0.0,0.0,3.0,9.25,0,0.0,3000
2005-03-15,2005-03-31,OPTSTK,WIPRO,680.0,PA,0.0,0.0,0.0,5.0,17.05,0,0.0,4800
2005-03-15,2005-03-31,OPTSTK,WIPRO,700.0,PA,0.0,0.0,0.0,21.0,28.05,0,0.0,6000
2005-03-15,2005-03-31,OPTSTK,WIPRO,720.0,PA,38.5,38.9,38.5,38.7,38.7,2,9.1,1800
2005-03-15,2005-03-31,OPTSTK,WIPRO,740.0,PA,0.0,0.0,0.0,27.65,58.3,0,0.0,0
2005-03-15,2005-03-31,OPTSTK,WIPRO,760.0,PA,0.0,0.0,0.0,15.0,76.25,0,0.0,600
2005-03-15,2005-03-31,OPTSTK,WIPRO,780.0,PA,20.0,99.0,20.0,99.0,99.0,2,10.07,0
2005-03-15,2005-03-31,OPTSTK,WIPRO,800.0,PA,0.0,0.0,0.0,15.0,114.7,0,0.0,0
2005-03-15,2005-03-31,OPTSTK,WIPRO,820.0,PA,0.0,0.0,0.0,69.5,134.45,0,0.0,0
2005-03-15,2005-04-28,OPTSTK,WIPRO,620.0,CA,0.0,0.0,0.0,88.3,76.3,0,0.0,0
2005-03-15,2005-04-28,OPTSTK,WIPRO,640.0,CA,0.0,0.0,0.0,76.0,61.35,0,0.0,0
2005-03-15,2005-04-28,OPTSTK,WIPRO,660.0,CA,0.0,0.0,0.0,64.85,48.15,0,0.0,0
2005-03-15,2005-04-28,OPTSTK,WIPRO,680.0,CA,0.0,0.0,0.0,54.9,36.9,0,0.0,0
2005-03-15,2005-04-28,OPTSTK,WIPRO,700.0,CA,0.0,0.0,0.0,46.15,27.55,0,0.0,0
2005-03-15,2005-04-28,OPTSTK,WIPRO,720.0,CA,0.0,0.0,0.0,38.5,20.1,0,0.0,0
2005-03-15,2005-04-28,OPTSTK,WIPRO,740.0,CA,0.0,0.0,0.0,9.0,14.25,0,0.0,0
2005-03-15,2005-04-28,OPTSTK,WIPRO,760.0,CA,0.0,0.0,0.0,37.45,9.9,0,0.0,0
2005-03-15,2005-04-28,OPTSTK,WIPRO,780.0,CA,0.0,0.0,0.0,24.0,6.7,0,0.0,0
2005-03-15,2005-04-28,OPTSTK,WIPRO,620.0,PA,0.0,0.0,0.0,24.95,8.15,0,0.0,0
2005-03-15,2005-04-28,OPTSTK,WIPRO,640.0,PA,0.0,0.0,0.0,32.3,13.05,0,0.0,0
2005-03-15,2005-04-28,OPTSTK,WIPRO,660.0,PA,0.0,0.0,0.0,40.9,19.7,0,0.0,0
2005-03-15,2005-04-28,OPTSTK,WIPRO,680.0,PA,0.0,0.0,0.0,50.7,28.3,0,0.0,0
2005-03-15,2005-04-28,OPTSTK,WIPRO,700.0,PA,0.0,0.0,0.0,61.65,38.8,0,0.0,0
2005-03-15,2005-04-28,OPTSTK,WIPRO,720.0,PA,0.0,0.0,0.0,73.7,51.2,0,0.0,0
2005-03-15,2005-04-28,OPTSTK,WIPRO,740.0,PA,0.0,0.0,0.0,86.85,65.25,0,0.0,0
2005-03-15,2005-04-28,OPTSTK,WIPRO,760.0,PA,0.0,0.0,0.0,88.35,80.75,0,0.0,0
2005-03-15,2005-04-28,OPTSTK,WIPRO,780.0,PA,0.0,0.0,0.0,81.25,97.4,0,0.0,0
2005-03-15,2005-05-26,OPTSTK,WIPRO,620.0,CA,0.0,0.0,0.0,80.85,84.75,0,0.0,0
2005-03-15,2005-05-26,OPTSTK,WIPRO,640.0,CA,0.0,0.0,0.0,67.15,70.85,0,0.0,0
2005-03-15,2005-05-26,OPTSTK,WIPRO,660.0,CA,0.0,0.0,0.0,55.0,58.4,0,0.0,0
2005-03-15,2005-05-26,OPTSTK,WIPRO,680.0,CA,0.0,0.0,0.0,44.4,47.45,0,0.0,0
2005-03-15,2005-05-26,OPTSTK,WIPRO,700.0,CA,0.0,0.0,0.0,35.3,38.05,0,0.0,0
2005-03-15,2005-05-26,OPTSTK,WIPRO,720.0,CA,0.0,0.0,0.0,27.65,30.05,0,0.0,0
2005-03-15,2005-05-26,OPTSTK,WIPRO,740.0,CA,0.0,0.0,0.0,21.4,23.45,0,0.0,0
2005-03-15,2005-05-26,OPTSTK,WIPRO,760.0,CA,0.0,0.0,0.0,27.05,18.1,0,0.0,0
2005-03-15,2005-05-26,OPTSTK,WIPRO,780.0,CA,0.0,0.0,0.0,36.15,13.75,0,0.0,0
2005-03-15,2005-05-26,OPTSTK,WIPRO,620.0,PA,0.0,0.0,0.0,14.2,13.8,0,0.0,0
2005-03-15,2005-05-26,OPTSTK,WIPRO,640.0,PA,0.0,0.0,0.0,20.2,19.6,0,0.0,0
2005-03-15,2005-05-26,OPTSTK,WIPRO,660.0,PA,0.0,0.0,0.0,27.75,26.95,0,0.0,0
2005-03-15,2005-05-26,OPTSTK,WIPRO,680.0,PA,0.0,0.0,0.0,36.85,35.75,0,0.0,0
2005-03-15,2005-05-26,OPTSTK,WIPRO,700.0,PA,0.0,0.0,0.0,47.45,46.1,0,0.0,0
2005-03-15,2005-05-26,OPTSTK,WIPRO,720.0,PA,0.0,0.0,0.0,59.55,57.9,0,0.0,0
2005-03-15,2005-05-26,OPTSTK,WIPRO,740.0,PA,0.0,0.0,0.0,72.95,71.05,0,0.0,0
2005-03-15,2005-05-26,OPTSTK,WIPRO,760.0,PA,0.0,0.0,0.0,76.6,85.45,0,0.0,0
2005-03-15,2005-05-26,OPTSTK,WIPRO,780.0,PA,0.0,0.0,0.0,85.5,100.9,0,0.0,0
