Date,ExpiryDate,Instrument,Symbol,StrikePrice,OptionType,Open,High,Low,Close,SettledPrice,Contracts,TurnOver,OpenInterest
2005-10-10,2005-10-27,FUTIDX,BANKNIFTY,0.0,FUT,4450.0,4470.0,4375.1,4391.2,4391.2,1032.0,4561.08,168300.0
2005-10-10,2005-11-24,FUTIDX,BANKNIFTY,0.0,FUT,4444.0,4444.0,4415.0,4415.0,4403.4,2.0,8.85,700.0
2005-10-10,2005-12-29,FUTIDX,BANKNIFTY,0.0,FUT,0.0,0.0,0.0,4668.95,4428.85,0.0,0.0,0.0
2005-10-10,2005-10-27,FUTIDX,CNXIT,0.0,FUT,3405.25,3412.0,3372.0,3387.55,3387.55,551.0,1869.68,95400.0
2005-10-10,2005-11-24,FUTIDX,CNXIT,0.0,FUT,0.0,0.0,0.0,3095.85,3408.15,0.0,0.0,0.0
2005-10-10,2005-12-29,FUTIDX,CNXIT,0.0,FUT,0.0,0.0,0.0,3341.8,3427.9,0.0,0.0,0.0
2005-10-10,2005-10-27,FUTIDX,NIFTY,0.0,FUT,2570.0,2590.9,2553.55,2562.5,2562.5,212168.0,545621.2,24402700.0
2005-10-10,2005-11-24,FUTIDX,NIFTY,0.0,FUT,2478.85,2584.0,2478.85,2556.85,2556.85,2815.0,7224.87,812200.0
2005-10-10,2005-12-29,FUTIDX,NIFTY,0.0,FUT,2572.0,2574.75,2543.3,2555.5,2555.5,93.0,238.27,53700.0
2005-10-10,2005-10-27,FUTINT,NSE10Y06,0.0,FUT,0.0,0.0,0.0,92.91,90.86,0.0,0.0,0.0
2005-10-10,2005-11-24,FUTINT,NSE10Y06,0.0,FUT,0.0,0.0,0.0,91.03,90.78,0.0,0.0,0.0
2005-10-10,2005-12-29,FUTINT,NSE10Y06,0.0,FUT,0.0,0.0,0.0,93.87,90.64,0.0,0.0,0.0
2005-10-10,2006-03-30,FUTINT,NSE10Y06,0.0,FUT,0.0,0.0,0.0,93.16,90.25,0.0,0.0,0.0
2005-10-10,2006-06-29,FUTINT,NSE10Y06,0.0,FUT,0.0,0.0,0.0,92.16,89.89,0.0,0.0,0.0
2005-10-10,2006-09-28,FUTINT,NSE10Y06,0.0,FUT,0.0,0.0,0.0,90.41,89.52,0.0,0.0,0.0
2005-10-10,2005-10-27,FUTINT,NSE10YZC,0.0,FUT,0.0,0.0,0.0,49.84,48.25,0.0,0.0,0.0
2005-10-10,2005-11-24,FUTINT,NSE10YZC,0.0,FUT,0.0,0.0,0.0,48.36,48.2,0.0,0.0,0.0
2005-10-10,2005-12-29,FUTINT,NSE10YZC,0.0,FUT,0.0,0.0,0.0,50.64,48.11,0.0,0.0,0.0
2005-10-10,2006-03-30,FUTINT,NSE10YZC,0.0,FUT,0.0,0.0,0.0,50.02,47.87,0.0,0.0,0.0
2005-10-10,2006-06-29,FUTINT,NSE10YZC,0.0,FUT,0.0,0.0,0.0,49.14,47.64,0.0,0.0,0.0
2005-10-10,2006-09-28,FUTINT,NSE10YZC,0.0,FUT,0.0,0.0,0.0,47.97,47.41,0.0,0.0,0.0
2005-10-10,2005-10-27,FUTINT,NSETB91D,0.0,FUT,0.0,0.0,0.0,94.78,94.59,0.0,0.0,0.0
2005-10-10,2005-11-24,FUTINT,NSETB91D,0.0,FUT,0.0,0.0,0.0,95.91,95.02,0.0,0.0,0.0
2005-10-10,2005-12-29,FUTINT,NSETB91D,0.0,FUT,0.0,0.0,0.0,99.64,95.53,0.0,0.0,0.0
2005-10-10,2006-03-30,FUTINT,NSETB91D,0.0,FUT,0.0,0.0,0.0,100.04,96.87,0.0,0.0,0.0
2005-10-10,2006-06-29,FUTINT,NSETB91D,0.0,FUT,0.0,0.0,0.0,99.57,98.24,0.0,0.0,0.0
2005-10-10,2006-09-28,FUTINT,NSETB91D,0.0,FUT,0.0,0.0,0.0,99.61,99.65,0.0,0.0,0.0
2005-10-10,2005-10-27,FUTSTK,ABB,0.0,FUT,1750.0,1750.0,1723.0,1729.15,1729.15,131.0,453.86,297200.0
2005-10-10,2005-11-24,FUTSTK,ABB,0.0,FUT,0.0,0.0,0.0,1740.0,1734.4,0.0,0.0,800.0
2005-10-10,2005-12-29,FUTSTK,ABB,0.0,FUT,0.0,0.0,0.0,1730.6,1744.45,0.0,0.0,0.0
2005-10-10,2005-10-27,FUTSTK,ACC,0.0,FUT,481.1,482.0,468.1,470.55,470.55,1608.0,5724.45,3445500.0
2005-10-10,2005-11-24,FUTSTK,ACC,0.0,FUT,485.0,485.0,470.2,473.85,473.85,9.0,32.19,14250.0
2005-10-10,2005-12-29,FUTSTK,ACC,0.0,FUT,0.0,0.0,0.0,492.7,474.65,0.0,0.0,0.0
2005-10-10,2005-10-27,FUTSTK,ALBK,0.0,FUT,91.6,91.9,90.0,90.85,90.85,194.0,433.31,5924100.0
2005-10-10,2005-11-24,FUTSTK,ALBK,0.0,FUT,90.9,90.9,90.9,90.9,90.9,1.0,2.22,12250.0
2005-10-10,2005-12-29,FUTSTK,ALBK,0.0,FUT,0.0,0.0,0.0,91.45,92.3,0.0,0.0,0.0
2005-10-10,2005-10-27,FUTSTK,ALOKTEXT,0.0,FUT,77.7,78.4,76.75,78.2,78.2,354.0,922.74,8596100.0
2005-10-10,2005-11-24,FUTSTK,ALOKTEXT,0.0,FUT,77.5,77.5,77.5,77.5,78.75,2.0,5.19,70350.0
2005-10-10,2005-12-29,FUTSTK,ALOKTEXT,0.0,FUT,0.0,0.0,0.0,78.3,79.2,0.0,0.0,0.0
2005-10-10,2005-10-27,FUTSTK,ANDHRABANK,0.0,FUT,105.0,105.9,103.0,103.15,103.15,421.0,1008.03,4365400.0
2005-10-10,2005-11-24,FUTSTK,ANDHRABANK,0.0,FUT,106.0,106.0,104.1,104.1,104.1,7.0,16.89,48300.0
2005-10-10,2005-12-29,FUTSTK,ANDHRABANK,0.0,FUT,0.0,0.0,0.0,104.5,104.0,0.0,0.0,0.0
2005-10-10,2005-10-27,FUTSTK,ARVINDMILL,0.0,FUT,134.0,134.95,131.65,132.3,132.3,1315.0,3756.14,14170650.0
2005-10-10,2005-11-24,FUTSTK,ARVINDMILL,0.0,FUT,134.95,134.95,132.7,133.15,133.15,18.0,51.69,116100.0
2005-10-10,2005-12-29,FUTSTK,ARVINDMILL,0.0,FUT,0.0,0.0,0.0,142.0,133.25,0.0,0.0,2150.0
2005-10-10,2005-10-27,FUTSTK,ASHOKLEY,0.0,FUT,29.35,29.35,28.55,28.7,28.7,436.0,1202.17,34905250.0
2005-10-10,2005-11-24,FUTSTK,ASHOKLEY,0.0,FUT,29.0,29.2,28.9,28.95,28.95,18.0,49.86,496600.0
2005-10-10,2005-12-29,FUTSTK,ASHOKLEY,0.0,FUT,0.0,0.0,0.0,28.8,29.0,0.0,0.0,0.0
2005-10-10,2005-10-27,FUTSTK,AUROPHARMA,0.0,FUT,360.95,360.95,354.8,356.05,356.05,61.0,152.73,1498700.0
2005-10-10,2005-11-24,FUTSTK,AUROPHARMA,0.0,FUT,0.0,0.0,0.0,360.0,358.05,0.0,0.0,1400.0
2005-10-10,2005-12-29,FUTSTK,AUROPHARMA,0.0,FUT,0.0,0.0,0.0,353.55,360.15,0.0,0.0,0.0
2005-10-10,2005-10-27,FUTSTK,BAJAJAUTO,0.0,FUT,1744.0,1758.9,1726.0,1738.4,1738.4,639.0,2225.1,487800.0
2005-10-10,2005-11-24,FUTSTK,BAJAJAUTO,0.0,FUT,1701.1,1737.0,1701.0,1737.0,1748.9,8.0,27.48,3000.0
2005-10-10,2005-12-29,FUTSTK,BAJAJAUTO,0.0,FUT,0.0,0.0,0.0,1687.7,1759.05,0.0,0.0,0.0
2005-10-10,2005-10-27,FUTSTK,BANKBARODA,0.0,FUT,233.0,234.8,225.6,226.15,226.15,1580.0,5077.51,4778200.0
2005-10-10,2005-11-24,FUTSTK,BANKBARODA,0.0,FUT,231.0,232.15,226.25,227.05,227.05,25.0,80.62,144200.0
2005-10-10,2005-12-29,FUTSTK,BANKBARODA,0.0,FUT,0.0,0.0,0.0,245.0,227.85,0.0,0.0,1400.0
2005-10-10,2005-10-27,FUTSTK,BANKINDIA,0.0,FUT,123.5,123.5,118.5,119.25,119.25,994.0,2277.03,6382100.0
2005-10-10,2005-11-24,FUTSTK,BANKINDIA,0.0,FUT,123.0,123.0,120.0,120.2,120.2,14.0,32.2,60800.0
2005-10-10,2005-12-29,FUTSTK,BANKINDIA,0.0,FUT,0.0,0.0,0.0,122.05,120.35,0.0,0.0,0.0
2005-10-10,2005-10-27,FUTSTK,BEL,0.0,FUT,815.9,818.95,787.1,792.15,792.15,534.0,2347.14,673200.0
2005-10-10,2005-11-24,FUTSTK,BEL,0.0,FUT,811.0,811.0,796.0,800.0,800.0,4.0,17.67,4950.0
2005-10-10,2005-12-29,FUTSTK,BEL,0.0,FUT,0.0,0.0,0.0,800.25,797.4,0.0,0.0,0.0
2005-10-10,2005-10-27,FUTSTK,BHARATFORG,0.0,FUT,357.4,357.9,345.55,349.1,349.1,858.0,3014.85,3982000.0
2005-10-10,2005-11-24,FUTSTK,BHARATFORG,0.0,FUT,350.0,353.65,350.0,350.0,350.0,7.0,24.58,131000.0
2005-10-10,2005-12-29,FUTSTK,BHARATFORG,0.0,FUT,0.0,0.0,0.0,337.95,352.6,0.0,0.0,0.0
2005-10-10,2005-10-27,FUTSTK,BHARTI,0.0,FUT,342.0,349.0,341.5,346.7,346.7,2836.0,9813.67,7394000.0
2005-10-10,2005-11-24,FUTSTK,BHARTI,0.0,FUT,0.0,0.0,0.0,345.0,352.55,0.0,0.0,12000.0
2005-10-10,2005-12-29,FUTSTK,BHARTI,0.0,FUT,0.0,0.0,0.0,351.95,354.55,0.0,0.0,0.0
2005-10-10,2005-10-27,FUTSTK,BHEL,0.0,FUT,1223.0,1231.8,1192.0,1196.55,1196.55,1187.0,4320.69,1249500.0
2005-10-10,2005-11-24,FUTSTK,BHEL,0.0,FUT,1226.0,1226.0,1202.8,1205.0,1204.45,8.0,29.12,6300.0
2005-10-10,2005-12-29,FUTSTK,BHEL,0.0,FUT,0.0,0.0,0.0,1243.8,1211.4,0.0,0.0,0.0
2005-10-10,2005-10-27,FUTSTK,BILT,0.0,FUT,120.5,121.35,118.1,118.8,118.8,182.0,412.72,5004600.0
2005-10-10,2005-11-24,FUTSTK,BILT,0.0,FUT,119.0,119.0,119.0,119.0,119.55,1.0,2.26,15200.0
2005-10-10,2005-12-29,FUTSTK,BILT,0.0,FUT,0.0,0.0,0.0,123.25,120.25,0.0,0.0,0.0
2005-10-10,2005-10-27,FUTSTK,BONGAIREFN,0.0,FUT,81.2,82.5,80.65,80.85,80.85,175.0,319.89,3894750.0
2005-10-10,2005-11-24,FUTSTK,BONGAIREFN,0.0,FUT,81.8,81.95,81.45,81.45,81.45,5.0,9.19,74250.0
2005-10-10,2005-12-29,FUTSTK,BONGAIREFN,0.0,FUT,0.0,0.0,0.0,81.35,81.65,0.0,0.0,0.0
2005-10-10,2005-10-27,FUTSTK,BPCL,0.0,FUT,412.4,413.4,405.25,406.2,406.2,438.0,987.7,1430000.0
2005-10-10,2005-11-24,FUTSTK,BPCL,0.0,FUT,410.0,413.0,405.0,405.5,405.5,4.0,8.98,9350.0
2005-10-10,2005-12-29,FUTSTK,BPCL,0.0,FUT,0.0,0.0,0.0,417.7,414.5,0.0,0.0,0.0
2005-10-10,2005-10-27,FUTSTK,CANBK,0.0,FUT,227.0,227.0,219.6,220.2,220.2,589.0,2095.22,2009600.0
2005-10-10,2005-11-24,FUTSTK,CANBK,0.0,FUT,228.65,235.0,222.0,222.0,220.45,8.0,28.86,17600.0
2005-10-10,2005-12-29,FUTSTK,CANBK,0.0,FUT,0.0,0.0,0.0,233.15,221.75,0.0,0.0,0.0
2005-10-10,2005-10-27,FUTSTK,CENTURYTEX,0.0,FUT,335.0,337.9,329.55,332.8,332.8,3046.0,8644.02,7939000.0
2005-10-10,2005-11-24,FUTSTK,CENTURYTEX,0.0,FUT,335.0,338.3,335.0,338.3,335.0,5.0,14.31,37400.0
2005-10-10,2005-12-29,FUTSTK,CENTURYTEX,0.0,FUT,0.0,0.0,0.0,335.4,336.95,0.0,0.0,0.0
2005-10-10,2005-10-27,FUTSTK,CESC,0.0,FUT,224.0,225.3,218.55,223.8,223.8,431.0,1055.15,3071200.0
2005-10-10,2005-11-24,FUTSTK,CESC,0.0,FUT,223.8,223.8,223.8,223.8,223.8,1.0,2.46,2200.0
2005-10-10,2005-12-29,FUTSTK,CESC,0.0,FUT,0.0,0.0,0.0,191.15,225.25,0.0,0.0,0.0
2005-10-10,2005-10-27,FUTSTK,CHAMBLFERT,0.0,FUT,37.35,37.35,36.85,37.0,37.0,56.0,143.38,7196700.0
2005-10-10,2005-11-24,FUTSTK,CHAMBLFERT,0.0,FUT,0.0,0.0,0.0,38.4,37.25,0.0,0.0,34500.0
2005-10-10,2005-12-29,FUTSTK,CHAMBLFERT,0.0,FUT,0.0,0.0,0.0,37.7,37.45,0.0,0.0,0.0
2005-10-10,2005-10-27,FUTSTK,CHENNPETRO,0.0,FUT,268.0,269.8,262.65,264.95,264.95,131.0,331.7,425600.0
2005-10-10,2005-11-24,FUTSTK,CHENNPETRO,0.0,FUT,0.0,0.0,0.0,275.8,266.85,0.0,0.0,2850.0
2005-10-10,2005-12-29,FUTSTK,CHENNPETRO,0.0,FUT,0.0,0.0,0.0,209.0,268.4,0.0,0.0,0.0
2005-10-10,2005-10-27,FUTSTK,CIPLA,0.0,FUT,369.7,370.9,359.25,364.9,364.9,815.0,2976.33,1396000.0
2005-10-10,2005-11-24,FUTSTK,CIPLA,0.0,FUT,373.9,373.9,363.0,363.0,366.0,2.0,7.36,4000.0
2005-10-10,2005-12-29,FUTSTK,CIPLA,0.0,FUT,0.0,0.0,0.0,386.5,368.1,0.0,0.0,0.0
2005-10-10,2005-10-27,FUTSTK,COCHINREFN,0.0,FUT,177.1,177.1,171.65,172.45,172.45,90.0,203.91,737100.0
2005-10-10,2005-11-24,FUTSTK,COCHINREFN,0.0,FUT,0.0,0.0,0.0,179.7,172.7,0.0,0.0,5200.0
2005-10-10,2005-12-29,FUTSTK,COCHINREFN,0.0,FUT,0.0,0.0,0.0,173.75,173.7,0.0,0.0,0.0
2005-10-10,2005-10-27,FUTSTK,COLGATE,0.0,FUT,259.95,262.0,253.5,254.75,254.75,429.0,1160.77,1299900.0
2005-10-10,2005-11-24,FUTSTK,COLGATE,0.0,FUT,260.0,260.0,260.0,260.0,255.85,1.0,2.73,4200.0
2005-10-10,2005-12-29,FUTSTK,COLGATE,0.0,FUT,0.0,0.0,0.0,250.45,257.35,0.0,0.0,0.0
2005-10-10,2005-10-27,FUTSTK,CORPBANK,0.0,FUT,401.95,401.95,387.0,388.35,388.35,56.0,131.72,150600.0
2005-10-10,2005-11-24,FUTSTK,CORPBANK,0.0,FUT,0.0,0.0,0.0,434.9,388.0,0.0,0.0,600.0
2005-10-10,2005-12-29,FUTSTK,CORPBANK,0.0,FUT,0.0,0.0,0.0,426.45,390.25,0.0,0.0,0.0
2005-10-10,2005-10-27,FUTSTK,CUMMINSIND,0.0,FUT,151.8,154.4,149.55,151.95,151.95,595.0,1724.5,3990000.0
2005-10-10,2005-11-24,FUTSTK,CUMMINSIND,0.0,FUT,0.0,0.0,0.0,153.5,153.05,0.0,0.0,20900.0
2005-10-10,2005-12-29,FUTSTK,CUMMINSIND,0.0,FUT,0.0,0.0,0.0,153.55,153.95,0.0,0.0,0.0
2005-10-10,2005-10-27,FUTSTK,DABUR,0.0,FUT,170.25,171.8,166.25,167.0,167.0,453.0,1379.32,1526400.0
2005-10-10,2005-11-24,FUTSTK,DABUR,0.0,FUT,170.0,170.0,168.3,168.35,168.35,3.0,9.12,18000.0
2005-10-10,2005-12-29,FUTSTK,DABUR,0.0,FUT,0.0,0.0,0.0,165.2,168.05,0.0,0.0,0.0
2005-10-10,2005-10-27,FUTSTK,DIVISLAB,0.0,FUT,1632.1,1634.0,1558.15,1566.25,1566.25,407.0,1622.22,283250.0
2005-10-10,2005-11-24,FUTSTK,DIVISLAB,0.0,FUT,1600.0,1600.0,1600.0,1600.0,1569.4,2.0,8.0,1000.0
2005-10-10,2005-12-29,FUTSTK,DIVISLAB,0.0,FUT,0.0,0.0,0.0,1533.0,1578.5,0.0,0.0,0.0
2005-10-10,2005-10-27,FUTSTK,DRREDDY,0.0,FUT,857.0,963.75,857.0,956.75,956.75,1605.0,6112.6,615600.0
2005-10-10,2005-11-24,FUTSTK,DRREDDY,0.0,FUT,957.95,965.95,950.0,961.7,961.7,20.0,76.65,9600.0
2005-10-10,2005-12-29,FUTSTK,DRREDDY,0.0,FUT,957.95,957.95,957.95,957.95,977.9,1.0,3.83,800.0
2005-10-10,2005-10-27,FUTSTK,ESCORTS,0.0,FUT,92.1,92.6,89.05,89.75,89.75,446.0,970.97,8224800.0
2005-10-10,2005-11-24,FUTSTK,ESCORTS,0.0,FUT,91.0,91.0,90.05,90.65,90.65,3.0,6.52,62400.0
2005-10-10,2005-12-29,FUTSTK,ESCORTS,0.0,FUT,0.0,0.0,0.0,93.7,90.65,0.0,0.0,0.0
2005-10-10,2005-10-27,FUTSTK,ESSAROIL,0.0,FUT,39.4,39.4,38.65,38.85,38.85,145.0,319.15,15904750.0
2005-10-10,2005-11-24,FUTSTK,ESSAROIL,0.0,FUT,39.4,39.4,39.4,39.4,39.05,1.0,2.22,96050.0
2005-10-10,2005-12-29,FUTSTK,ESSAROIL,0.0,FUT,0.0,0.0,0.0,39.9,39.3,0.0,0.0,0.0
2005-10-10,2005-10-27,FUTSTK,FEDERALBNK,0.0,FUT,192.0,193.6,187.4,188.35,188.35,265.0,655.35,2440100.0
2005-10-10,2005-11-24,FUTSTK,FEDERALBNK,0.0,FUT,0.0,0.0,0.0,192.0,189.2,0.0,0.0,6500.0
2005-10-10,2005-12-29,FUTSTK,FEDERALBNK,0.0,FUT,0.0,0.0,0.0,190.15,190.3,0.0,0.0,0.0
2005-10-10,2005-10-27,FUTSTK,GAIL,0.0,FUT,269.0,274.25,263.8,272.6,272.6,3160.0,12803.53,3844500.0
2005-10-10,2005-11-24,FUTSTK,GAIL,0.0,FUT,266.25,275.0,266.1,275.0,273.35,5.0,20.25,36000.0
2005-10-10,2005-12-29,FUTSTK,GAIL,0.0,FUT,0.0,0.0,0.0,281.9,274.9,0.0,0.0,1500.0
2005-10-10,2005-10-27,FUTSTK,GESHIPPING,0.0,FUT,205.7,206.0,200.05,201.45,201.45,826.0,2260.53,5489100.0
2005-10-10,2005-11-24,FUTSTK,GESHIPPING,0.0,FUT,205.0,206.0,202.25,202.9,202.9,12.0,33.04,89100.0
2005-10-10,2005-12-29,FUTSTK,GESHIPPING,0.0,FUT,0.0,0.0,0.0,199.3,203.65,0.0,0.0,0.0
2005-10-10,2005-10-27,FUTSTK,GLAXO,0.0,FUT,895.0,895.0,877.2,879.8,879.8,77.0,203.89,246900.0
2005-10-10,2005-11-24,FUTSTK,GLAXO,0.0,FUT,0.0,0.0,0.0,890.0,882.15,0.0,0.0,300.0
2005-10-10,2005-12-29,FUTSTK,GLAXO,0.0,FUT,0.0,0.0,0.0,903.85,887.25,0.0,0.0,0.0
2005-10-10,2005-10-27,FUTSTK,GNFC,0.0,FUT,102.5,102.8,99.75,100.25,100.25,479.0,1429.22,8389800.0
2005-10-10,2005-11-24,FUTSTK,GNFC,0.0,FUT,102.0,102.15,101.0,101.45,101.45,9.0,26.98,79650.0
2005-10-10,2005-12-29,FUTSTK,GNFC,0.0,FUT,0.0,0.0,0.0,99.6,101.1,0.0,0.0,0.0
2005-10-10,2005-10-27,FUTSTK,GRASIM,0.0,FUT,1330.0,1330.0,1285.1,1288.05,1288.05,827.0,1878.92,913325.0
2005-10-10,2005-11-24,FUTSTK,GRASIM,0.0,FUT,1310.15,1312.0,1291.2,1293.7,1293.7,28.0,63.77,6825.0
2005-10-10,2005-12-29,FUTSTK,GRASIM,0.0,FUT,0.0,0.0,0.0,1340.2,1297.8,0.0,0.0,0.0
2005-10-10,2005-10-27,FUTSTK,GUJAMBCEM,0.0,FUT,75.95,76.25,73.6,73.85,73.85,717.0,2211.51,11690250.0
2005-10-10,2005-11-24,FUTSTK,GUJAMBCEM,0.0,FUT,76.25,76.3,74.3,74.4,74.4,28.0,87.03,581625.0
2005-10-10,2005-12-29,FUTSTK,GUJAMBCEM,0.0,FUT,0.0,0.0,0.0,77.25,75.2,0.0,0.0,0.0
2005-10-10,2005-10-27,FUTSTK,HCLTECH,0.0,FUT,459.6,464.9,456.1,460.65,460.65,1215.0,3636.1,1478750.0
2005-10-10,2005-11-24,FUTSTK,HCLTECH,0.0,FUT,460.0,460.0,459.95,459.95,463.3,2.0,5.97,7800.0
2005-10-10,2005-12-29,FUTSTK,HCLTECH,0.0,FUT,0.0,0.0,0.0,460.2,466.0,0.0,0.0,0.0
2005-10-10,2005-10-27,FUTSTK,HDFC,0.0,FUT,997.0,1003.4,982.55,987.25,987.25,409.0,1218.19,632100.0
2005-10-10,2005-11-24,FUTSTK,HDFC,0.0,FUT,990.1,991.0,990.0,991.0,991.15,4.0,11.88,7200.0
2005-10-10,2005-12-29,FUTSTK,HDFC,0.0,FUT,0.0,0.0,0.0,1035.05,996.9,0.0,0.0,0.0
2005-10-10,2005-10-27,FUTSTK,HDFCBANK,0.0,FUT,681.55,692.0,678.25,684.05,684.05,499.0,1365.26,1455600.0
2005-10-10,2005-11-24,FUTSTK,HDFCBANK,0.0,FUT,0.0,0.0,0.0,680.1,693.4,0.0,0.0,2000.0
2005-10-10,2005-12-29,FUTSTK,HDFCBANK,0.0,FUT,0.0,0.0,0.0,706.45,697.4,0.0,0.0,0.0
2005-10-10,2005-10-27,FUTSTK,HEROHONDA,0.0,FUT,732.9,744.9,729.05,740.25,740.25,441.0,1301.24,630800.0
2005-10-10,2005-11-24,FUTSTK,HEROHONDA,0.0,FUT,720.0,743.0,720.0,742.9,748.95,22.0,64.57,7600.0
2005-10-10,2005-12-29,FUTSTK,HEROHONDA,0.0,FUT,0.0,0.0,0.0,755.2,753.3,0.0,0.0,0.0
2005-10-10,2005-10-27,FUTSTK,HINDALC0,0.0,FUT,148.0,148.5,143.25,143.65,143.65,2078.0,4527.01,18466500.0
2005-10-10,2005-11-24,FUTSTK,HINDALC0,0.0,FUT,148.0,148.0,144.5,144.9,144.9,33.0,72.18,183000.0
2005-10-10,2005-12-29,FUTSTK,HINDALC0,0.0,FUT,0.0,0.0,0.0,149.4,144.7,0.0,0.0,0.0
2005-10-10,2005-10-27,FUTSTK,HINDLEVER,0.0,FUT,179.0,182.3,177.2,180.0,180.0,3138.0,11321.15,14798000.0
2005-10-10,2005-11-24,FUTSTK,HINDLEVER,0.0,FUT,178.7,182.95,178.65,181.25,181.25,21.0,76.16,90000.0
2005-10-10,2005-12-29,FUTSTK,HINDLEVER,0.0,FUT,0.0,0.0,0.0,188.1,182.6,0.0,0.0,0.0
2005-10-10,2005-10-27,FUTSTK,HINDPETRO,0.0,FUT,324.0,327.0,317.1,318.4,318.4,958.0,2003.92,3135600.0
2005-10-10,2005-11-24,FUTSTK,HINDPETRO,0.0,FUT,321.0,321.0,318.15,319.6,319.6,2.0,4.15,48100.0
2005-10-10,2005-12-29,FUTSTK,HINDPETRO,0.0,FUT,0.0,0.0,0.0,326.35,320.6,0.0,0.0,0.0
2005-10-10,2005-10-27,FUTSTK,I-FLEX,0.0,FUT,993.55,1014.0,987.0,995.15,995.15,2089.0,12593.43,2437800.0
2005-10-10,2005-11-24,FUTSTK,I-FLEX,0.0,FUT,1010.0,1010.0,1000.0,1001.0,1001.0,3.0,18.07,6600.0
2005-10-10,2005-12-29,FUTSTK,I-FLEX,0.0,FUT,0.0,0.0,0.0,949.9,999.65,0.0,0.0,0.0
2005-10-10,2005-10-27,FUTSTK,ICICIBANK,0.0,FUT,533.4,541.0,527.65,531.3,531.3,4837.0,18161.74,5315800.0
2005-10-10,2005-11-24,FUTSTK,ICICIBANK,0.0,FUT,535.8,538.0,525.25,529.95,529.95,77.0,287.62,205100.0
2005-10-10,2005-12-29,FUTSTK,ICICIBANK,0.0,FUT,0.0,0.0,0.0,607.95,538.5,0.0,0.0,0.0
2005-10-10,2005-10-27,FUTSTK,IDBI,0.0,FUT,121.15,122.25,118.5,118.95,118.95,2737.0,7876.79,19003200.0
2005-10-10,2005-11-24,FUTSTK,IDBI,0.0,FUT,121.5,121.5,119.6,119.9,119.9,36.0,104.1,278400.0
2005-10-10,2005-12-29,FUTSTK,IDBI,0.0,FUT,0.0,0.0,0.0,123.5,119.95,0.0,0.0,0.0
2005-10-10,2005-10-27,FUTSTK,IDFC,0.0,FUT,70.9,72.1,70.15,71.0,71.0,1107.0,4654.16,23151600.0
2005-10-10,2005-11-24,FUTSTK,IDFC,0.0,FUT,71.05,72.75,71.0,71.5,71.5,11.0,46.48,300900.0
2005-10-10,2005-12-29,FUTSTK,IDFC,0.0,FUT,0.0,0.0,0.0,75.0,71.9,0.0,0.0,5900.0
2005-10-10,2005-10-27,FUTSTK,IFCI,0.0,FUT,15.65,15.75,15.5,15.6,15.6,499.0,1228.46,72560250.0
2005-10-10,2005-11-24,FUTSTK,IFCI,0.0,FUT,15.9,15.9,15.7,15.75,15.75,35.0,87.0,1732500.0
2005-10-10,2005-12-29,FUTSTK,IFCI,0.0,FUT,0.0,0.0,0.0,15.6,15.75,0.0,0.0,0.0
2005-10-10,2005-10-27,FUTSTK,INDHOTEL,0.0,FUT,764.0,771.8,761.1,762.6,762.6,208.0,556.6,855750.0
2005-10-10,2005-11-24,FUTSTK,INDHOTEL,0.0,FUT,0.0,0.0,0.0,760.0,765.8,0.0,0.0,6650.0
2005-10-10,2005-12-29,FUTSTK,INDHOTEL,0.0,FUT,0.0,0.0,0.0,762.1,770.2,0.0,0.0,0.0
2005-10-10,2005-10-27,FUTSTK,INDIACEM,0.0,FUT,107.8,108.8,104.1,104.75,104.75,1045.0,3206.09,11608700.0
2005-10-10,2005-11-24,FUTSTK,INDIACEM,0.0,FUT,108.4,108.4,106.3,106.3,105.35,6.0,18.65,87000.0
2005-10-10,2005-12-29,FUTSTK,INDIACEM,0.0,FUT,0.0,0.0,0.0,109.0,105.95,0.0,0.0,2900.0
2005-10-10,2005-10-27,FUTSTK,INDUSINDBK,0.0,FUT,70.4,70.4,67.7,67.9,67.9,539.0,1424.85,15126650.0
2005-10-10,2005-11-24,FUTSTK,INDUSINDBK,0.0,FUT,70.0,70.0,68.65,68.65,68.05,8.0,21.32,103950.0
2005-10-10,2005-12-29,FUTSTK,INDUSINDBK,0.0,FUT,0.0,0.0,0.0,71.45,68.45,0.0,0.0,0.0
2005-10-10,2005-10-27,FUTSTK,INFOSYSTCH,0.0,FUT,2585.35,2641.0,2585.35,2616.8,2616.8,16637.0,43530.64,1609500.0
2005-10-10,2005-11-24,FUTSTK,INFOSYSTCH,0.0,FUT,2540.0,2646.0,2540.0,2622.05,2622.05,79.0,206.99,17800.0
2005-10-10,2005-12-29,FUTSTK,INFOSYSTCH,0.0,FUT,2475.05,2673.35,2475.05,2575.25,2657.15,4.0,10.29,200.0
2005-10-10,2005-10-27,FUTSTK,IOB,0.0,FUT,89.9,92.0,89.65,91.45,91.45,167.0,448.02,1784750.0
2005-10-10,2005-11-24,FUTSTK,IOB,0.0,FUT,92.4,92.4,92.4,92.4,92.4,2.0,5.45,5900.0
2005-10-10,2005-12-29,FUTSTK,IOB,0.0,FUT,0.0,0.0,0.0,88.6,92.5,0.0,0.0,2950.0
2005-10-10,2005-10-27,FUTSTK,IOC,0.0,FUT,470.5,472.8,463.15,464.9,464.9,192.0,537.8,486000.0
2005-10-10,2005-11-24,FUTSTK,IOC,0.0,FUT,0.0,0.0,0.0,498.0,471.3,0.0,0.0,1800.0
2005-10-10,2005-12-29,FUTSTK,IOC,0.0,FUT,0.0,0.0,0.0,464.65,474.05,0.0,0.0,0.0
2005-10-10,2005-10-27,FUTSTK,IPCL,0.0,FUT,238.0,240.55,226.0,228.15,228.15,3110.0,15923.36,20906600.0
2005-10-10,2005-11-24,FUTSTK,IPCL,0.0,FUT,238.3,238.3,230.0,230.9,230.9,22.0,113.29,228800.0
2005-10-10,2005-12-29,FUTSTK,IPCL,0.0,FUT,0.0,0.0,0.0,250.0,230.55,0.0,0.0,2200.0
2005-10-10,2005-10-27,FUTSTK,ITC,0.0,FUT,128.4,130.95,127.1,129.3,129.3,7459.0,21715.88,36542250.0
2005-10-10,2005-11-24,FUTSTK,ITC,0.0,FUT,129.0,131.8,128.35,130.2,130.2,153.0,448.46,1188000.0
2005-10-10,2005-12-29,FUTSTK,ITC,0.0,FUT,0.0,0.0,0.0,140.5,130.55,0.0,0.0,0.0
2005-10-10,2005-10-27,FUTSTK,IVRCLINFRA,0.0,FUT,802.0,813.9,791.35,795.15,795.15,1432.0,4605.55,1187600.0
2005-10-10,2005-11-24,FUTSTK,IVRCLINFRA,0.0,FUT,817.7,821.0,817.7,821.0,795.15,2.0,6.55,5200.0
2005-10-10,2005-12-29,FUTSTK,IVRCLINFRA,0.0,FUT,0.0,0.0,0.0,832.75,799.75,0.0,0.0,0.0
2005-10-10,2005-10-27,FUTSTK,J&KBANK,0.0,FUT,454.0,473.0,454.0,464.95,464.95,7.0,19.41,15000.0
2005-10-10,2005-11-24,FUTSTK,J&KBANK,0.0,FUT,0.0,0.0,0.0,400.0,461.45,0.0,0.0,0.0
2005-10-10,2005-12-29,FUTSTK,J&KBANK,0.0,FUT,0.0,0.0,0.0,377.5,464.1,0.0,0.0,0.0
2005-10-10,2005-10-27,FUTSTK,JETAIRWAYS,0.0,FUT,1223.9,1231.0,1190.0,1194.7,1194.7,1877.0,4531.52,1053400.0
2005-10-10,2005-11-24,FUTSTK,JETAIRWAYS,0.0,FUT,1214.0,1214.0,1189.0,1191.05,1191.05,9.0,21.61,5800.0
2005-10-10,2005-12-29,FUTSTK,JETAIRWAYS,0.0,FUT,0.0,0.0,0.0,1243.95,1217.5,0.0,0.0,200.0
2005-10-10,2005-10-27,FUTSTK,JINDALSTEL,0.0,FUT,1395.0,1449.95,1395.0,1422.55,1422.55,28.0,99.96,107750.0
2005-10-10,2005-11-24,FUTSTK,JINDALSTEL,0.0,FUT,1457.05,1457.05,1457.05,1457.05,1425.05,1.0,3.64,3000.0
2005-10-10,2005-12-29,FUTSTK,JINDALSTEL,0.0,FUT,0.0,0.0,0.0,1462.95,1433.3,0.0,0.0,0.0
2005-10-10,2005-10-27,FUTSTK,JPHYDRO,0.0,FUT,34.65,34.65,33.75,33.85,33.85,393.0,834.7,28881250.0
2005-10-10,2005-11-24,FUTSTK,JPHYDRO,0.0,FUT,34.85,34.85,34.0,34.0,33.95,14.0,29.98,118750.0
2005-10-10,2005-12-29,FUTSTK,JPHYDRO,0.0,FUT,0.0,0.0,0.0,32.0,34.15,0.0,0.0,0.0
2005-10-10,2005-10-27,FUTSTK,JSTAINLESS,0.0,FUT,142.35,143.0,137.1,138.4,138.4,493.0,1377.5,9180000.0
2005-10-10,2005-11-24,FUTSTK,JSTAINLESS,0.0,FUT,140.0,140.5,140.0,140.5,138.8,2.0,5.61,38000.0
2005-10-10,2005-12-29,FUTSTK,JSTAINLESS,0.0,FUT,0.0,0.0,0.0,146.35,139.6,0.0,0.0,0.0
2005-10-10,2005-10-27,FUTSTK,KTKBANK,0.0,FUT,117.95,118.9,114.95,115.65,115.65,481.0,1400.32,7172500.0
2005-10-10,2005-11-24,FUTSTK,KTKBANK,0.0,FUT,117.05,117.05,116.5,117.0,116.5,3.0,8.76,25000.0
2005-10-10,2005-12-29,FUTSTK,KTKBANK,0.0,FUT,0.0,0.0,0.0,116.95,117.15,0.0,0.0,0.0
2005-10-10,2005-10-27,FUTSTK,LICHSGFIN,0.0,FUT,203.25,207.1,200.5,205.35,205.35,1034.0,1801.09,2856850.0
2005-10-10,2005-11-24,FUTSTK,LICHSGFIN,0.0,FUT,208.0,208.0,208.0,208.0,206.75,1.0,1.76,2550.0
2005-10-10,2005-12-29,FUTSTK,LICHSGFIN,0.0,FUT,0.0,0.0,0.0,164.0,207.95,0.0,0.0,850.0
2005-10-10,2005-10-27,FUTSTK,M&M,0.0,FUT,386.5,388.7,380.5,381.9,381.9,884.0,4237.42,2765000.0
2005-10-10,2005-11-24,FUTSTK,M&M,0.0,FUT,385.15,386.0,383.6,385.1,383.85,6.0,28.87,47500.0
2005-10-10,2005-12-29,FUTSTK,M&M,0.0,FUT,0.0,0.0,0.0,377.45,386.1,0.0,0.0,0.0
2005-10-10,2005-10-27,FUTSTK,MAHSEAMLES,0.0,FUT,460.0,460.0,444.0,447.6,447.6,130.0,350.21,527400.0
2005-10-10,2005-11-24,FUTSTK,MAHSEAMLES,0.0,FUT,0.0,0.0,0.0,460.0,448.6,0.0,0.0,600.0
2005-10-10,2005-12-29,FUTSTK,MAHSEAMLES,0.0,FUT,0.0,0.0,0.0,471.85,451.2,0.0,0.0,0.0
2005-10-10,2005-10-27,FUTSTK,MARUTI,0.0,FUT,573.0,575.0,558.3,560.65,560.65,2743.0,12380.33,2140800.0
2005-10-10,2005-11-24,FUTSTK,MARUTI,0.0,FUT,560.0,560.0,558.5,560.0,563.95,5.0,22.36,18400.0
2005-10-10,2005-12-29,FUTSTK,MARUTI,0.0,FUT,0.0,0.0,0.0,573.7,567.2,0.0,0.0,0.0
2005-10-10,2005-10-27,FUTSTK,MATRIXLABS,0.0,FUT,186.0,186.3,183.55,183.9,183.9,300.0,693.17,6555000.0
2005-10-10,2005-11-24,FUTSTK,MATRIXLABS,0.0,FUT,185.9,185.9,185.5,185.5,185.5,4.0,9.28,32500.0
2005-10-10,2005-12-29,FUTSTK,MATRIXLABS,0.0,FUT,0.0,0.0,0.0,216.1,185.85,0.0,0.0,1250.0
2005-10-10,2005-10-27,FUTSTK,MPHASISBFL,0.0,FUT,261.9,264.55,256.3,259.1,259.1,879.0,1839.33,2709600.0
2005-10-10,2005-11-24,FUTSTK,MPHASISBFL,0.0,FUT,266.7,266.7,258.2,258.2,260.05,20.0,41.99,2400.0
2005-10-10,2005-12-29,FUTSTK,MPHASISBFL,0.0,FUT,0.0,0.0,0.0,265.0,261.55,0.0,0.0,4000.0
2005-10-10,2005-10-27,FUTSTK,MRPL,0.0,FUT,55.45,55.45,54.1,54.2,54.2,296.0,719.43,10853550.0
2005-10-10,2005-11-24,FUTSTK,MRPL,0.0,FUT,55.2,55.3,54.5,54.5,54.5,3.0,7.34,93450.0
2005-10-10,2005-12-29,FUTSTK,MRPL,0.0,FUT,0.0,0.0,0.0,56.45,54.85,0.0,0.0,4450.0
2005-10-10,2005-10-27,FUTSTK,MTNL,0.0,FUT,135.05,136.05,132.25,133.3,133.3,1406.0,3032.48,11817600.0
2005-10-10,2005-11-24,FUTSTK,MTNL,0.0,FUT,136.8,137.0,133.55,134.35,134.35,48.0,104.39,142400.0
2005-10-10,2005-12-29,FUTSTK,MTNL,0.0,FUT,0.0,0.0,0.0,131.1,134.45,0.0,0.0,0.0
2005-10-10,2005-10-27,FUTSTK,NAGARFERT,0.0,FUT,15.7,15.8,15.5,15.75,15.75,156.0,342.49,38010000.0
2005-10-10,2005-11-24,FUTSTK,NAGARFERT,0.0,FUT,15.9,15.9,15.7,15.85,15.7,12.0,26.56,406000.0
2005-10-10,2005-12-29,FUTSTK,NAGARFERT,0.0,FUT,0.0,0.0,0.0,15.9,15.8,0.0,0.0,0.0
2005-10-10,2005-10-27,FUTSTK,NATIONALUM,0.0,FUT,174.15,174.4,168.2,173.3,173.3,515.0,1016.48,3977850.0
2005-10-10,2005-11-24,FUTSTK,NATIONALUM,0.0,FUT,171.3,173.95,171.3,173.95,174.0,2.0,3.97,18400.0
2005-10-10,2005-12-29,FUTSTK,NATIONALUM,0.0,FUT,0.0,0.0,0.0,178.5,175.0,0.0,0.0,0.0
2005-10-10,2005-10-27,FUTSTK,NDTV,0.0,FUT,209.2,211.0,204.25,205.35,205.35,447.0,1020.08,4001800.0
2005-10-10,2005-11-24,FUTSTK,NDTV,0.0,FUT,206.7,206.7,206.7,206.7,206.7,1.0,2.27,9900.0
2005-10-10,2005-12-29,FUTSTK,NDTV,0.0,FUT,0.0,0.0,0.0,196.2,207.7,0.0,0.0,1100.0
2005-10-10,2005-10-27,FUTSTK,NEYVELILIG,0.0,FUT,84.25,84.5,82.65,82.75,82.75,172.0,422.9,5501750.0
2005-10-10,2005-11-24,FUTSTK,NEYVELILIG,0.0,FUT,84.1,84.1,83.5,83.65,83.65,4.0,9.89,73750.0
2005-10-10,2005-12-29,FUTSTK,NEYVELILIG,0.0,FUT,0.0,0.0,0.0,84.2,83.45,0.0,0.0,0.0
2005-10-10,2005-10-27,FUTSTK,NICOLASPIR,0.0,FUT,285.9,293.85,282.2,289.05,289.05,203.0,612.74,640585.0
2005-10-10,2005-11-24,FUTSTK,NICOLASPIR,0.0,FUT,0.0,0.0,0.0,287.0,290.95,0.0,0.0,1045.0
2005-10-10,2005-12-29,FUTSTK,NICOLASPIR,0.0,FUT,0.0,0.0,0.0,240.0,292.65,0.0,0.0,0.0
2005-10-10,2005-10-27,FUTSTK,NIPPONDENR,0.0,FUT,21.0,21.0,20.4,20.5,20.5,529.0,871.53,38272000.0
2005-10-10,2005-11-24,FUTSTK,NIPPONDENR,0.0,FUT,20.9,20.95,20.6,20.75,20.75,19.0,31.6,1080000.0
2005-10-10,2005-12-29,FUTSTK,NIPPONDENR,0.0,FUT,0.0,0.0,0.0,21.9,20.7,0.0,0.0,8000.0
2005-10-10,2005-10-27,FUTSTK,NTPC,0.0,FUT,108.3,108.75,105.85,106.25,106.25,1454.0,5050.78,15967250.0
2005-10-10,2005-11-24,FUTSTK,NTPC,0.0,FUT,108.5,108.5,106.75,107.15,107.15,28.0,97.7,234000.0
2005-10-10,2005-12-29,FUTSTK,NTPC,0.0,FUT,0.0,0.0,0.0,109.3,107.0,0.0,0.0,0.0
2005-10-10,2005-10-27,FUTSTK,ONGC,0.0,FUT,1040.25,1051.0,1026.0,1029.15,1029.15,2638.0,8195.0,3646800.0
2005-10-10,2005-11-24,FUTSTK,ONGC,0.0,FUT,1043.05,1043.05,1028.2,1032.15,1032.15,41.0,127.03,28500.0
2005-10-10,2005-12-29,FUTSTK,ONGC,0.0,FUT,0.0,0.0,0.0,1093.1,1042.9,0.0,0.0,0.0
2005-10-10,2005-10-27,FUTSTK,ORCHIDCHEM,0.0,FUT,273.0,274.5,269.05,271.95,271.95,552.0,1577.64,3258150.0
2005-10-10,2005-11-24,FUTSTK,ORCHIDCHEM,0.0,FUT,273.0,281.25,273.0,274.45,274.45,13.0,37.53,26250.0
2005-10-10,2005-12-29,FUTSTK,ORCHIDCHEM,0.0,FUT,0.0,0.0,0.0,264.7,274.25,0.0,0.0,0.0
2005-10-10,2005-10-27,FUTSTK,ORIENTBANK,0.0,FUT,286.05,288.75,280.0,281.6,281.6,914.0,1553.47,8809200.0
2005-10-10,2005-11-24,FUTSTK,ORIENTBANK,0.0,FUT,290.9,290.9,282.1,282.1,282.1,21.0,36.6,13800.0
2005-10-10,2005-12-29,FUTSTK,ORIENTBANK,0.0,FUT,0.0,0.0,0.0,274.45,284.3,0.0,0.0,0.0
2005-10-10,2005-10-27,FUTSTK,PATNI,0.0,FUT,493.0,498.9,486.0,489.45,489.45,535.0,1713.58,383500.0
2005-10-10,2005-11-24,FUTSTK,PATNI,0.0,FUT,0.0,0.0,0.0,480.0,490.75,0.0,0.0,650.0
2005-10-10,2005-12-29,FUTSTK,PATNI,0.0,FUT,0.0,0.0,0.0,454.55,493.6,0.0,0.0,0.0
2005-10-10,2005-10-27,FUTSTK,PNB,0.0,FUT,449.75,449.75,432.8,436.7,436.7,1133.0,2978.88,4275600.0
2005-10-10,2005-11-24,FUTSTK,PNB,0.0,FUT,438.0,438.0,438.0,438.0,438.0,1.0,2.62,4200.0
2005-10-10,2005-12-29,FUTSTK,PNB,0.0,FUT,0.0,0.0,0.0,449.0,440.55,0.0,0.0,0.0
2005-10-10,2005-10-27,FUTSTK,POLARIS,0.0,FUT,138.0,139.6,136.35,137.3,137.3,759.0,2934.73,10035200.0
2005-10-10,2005-11-24,FUTSTK,POLARIS,0.0,FUT,138.35,138.35,138.35,138.35,138.35,1.0,3.87,19600.0
2005-10-10,2005-12-29,FUTSTK,POLARIS,0.0,FUT,139.0,139.0,139.0,139.0,138.7,1.0,3.89,2800.0
2005-10-10,2005-10-27,FUTSTK,RANBAXY,0.0,FUT,525.0,530.0,501.1,503.4,503.4,5819.0,11908.97,6173200.0
2005-10-10,2005-11-24,FUTSTK,RANBAXY,0.0,FUT,527.0,527.0,505.0,507.3,507.3,108.0,222.59,63600.0
2005-10-10,2005-12-29,FUTSTK,RANBAXY,0.0,FUT,0.0,0.0,0.0,502.6,506.85,0.0,0.0,0.0
2005-10-10,2005-10-27,FUTSTK,REL,0.0,FUT,560.6,564.6,552.55,557.05,557.05,1834.0,5635.62,5804150.0
2005-10-10,2005-11-24,FUTSTK,REL,0.0,FUT,559.0,566.0,555.25,566.0,558.0,4.0,12.31,20350.0
2005-10-10,2005-12-29,FUTSTK,REL,0.0,FUT,0.0,0.0,0.0,566.8,561.25,0.0,0.0,0.0
2005-10-10,2005-10-27,FUTSTK,RELCAPITAL,0.0,FUT,378.25,380.1,365.0,369.05,369.05,5208.0,21298.73,10804200.0
2005-10-10,2005-11-24,FUTSTK,RELCAPITAL,0.0,FUT,375.1,376.0,369.5,372.4,372.4,19.0,78.05,59400.0
2005-10-10,2005-12-29,FUTSTK,RELCAPITAL,0.0,FUT,0.0,0.0,0.0,413.8,373.75,0.0,0.0,0.0
2005-10-10,2005-10-27,FUTSTK,RELIANCE,0.0,FUT,794.5,797.6,784.1,787.15,787.15,15969.0,75756.22,20043000.0
2005-10-10,2005-11-24,FUTSTK,RELIANCE,0.0,FUT,808.0,808.0,790.0,792.15,792.15,58.0,277.05,102000.0
2005-10-10,2005-12-29,FUTSTK,RELIANCE,0.0,FUT,0.0,0.0,0.0,801.45,793.35,0.0,0.0,3600.0
2005-10-10,2005-10-27,FUTSTK,SATYAMCOMP,0.0,FUT,587.7,599.65,586.1,592.5,592.5,17560.0,62558.16,3727200.0
2005-10-10,2005-11-24,FUTSTK,SATYAMCOMP,0.0,FUT,591.0,600.1,590.8,593.0,593.0,45.0,160.72,15600.0
2005-10-10,2005-12-29,FUTSTK,SATYAMCOMP,0.0,FUT,0.0,0.0,0.0,580.0,600.5,0.0,0.0,0.0
2005-10-10,2005-10-27,FUTSTK,SBIN,0.0,FUT,923.35,927.25,904.2,906.55,906.55,13847.0,63234.66,5858000.0
2005-10-10,2005-11-24,FUTSTK,SBIN,0.0,FUT,929.0,929.0,910.5,913.05,913.05,37.0,169.94,27000.0
2005-10-10,2005-12-29,FUTSTK,SBIN,0.0,FUT,921.0,921.0,920.0,920.0,920.0,2.0,9.2,1500.0
2005-10-10,2005-10-27,FUTSTK,SCI,0.0,FUT,161.0,161.0,157.1,157.85,157.85,468.0,1189.53,4214400.0
2005-10-10,2005-11-24,FUTSTK,SCI,0.0,FUT,160.0,160.15,158.3,158.7,158.7,13.0,33.1,54400.0
2005-10-10,2005-12-29,FUTSTK,SCI,0.0,FUT,0.0,0.0,0.0,159.3,159.4,0.0,0.0,0.0
2005-10-10,2005-10-27,FUTSTK,SIEMENS,0.0,FUT,2501.0,2584.95,2501.0,2543.65,2543.65,84.0,322.26,82200.0
2005-10-10,2005-11-24,FUTSTK,SIEMENS,0.0,FUT,0.0,0.0,0.0,2455.15,2547.35,0.0,0.0,150.0
2005-10-10,2005-12-29,FUTSTK,SIEMENS,0.0,FUT,0.0,0.0,0.0,2559.6,2562.1,0.0,0.0,0.0
2005-10-10,2005-10-27,FUTSTK,SRF,0.0,FUT,311.0,316.0,309.65,311.75,311.75,2187.0,10261.3,5454000.0
2005-10-10,2005-11-24,FUTSTK,SRF,0.0,FUT,318.75,318.75,313.0,313.0,312.5,2.0,9.47,27000.0
2005-10-10,2005-12-29,FUTSTK,SRF,0.0,FUT,0.0,0.0,0.0,326.45,314.3,0.0,0.0,0.0
2005-10-10,2005-10-27,FUTSTK,STAR,0.0,FUT,302.0,303.9,296.0,298.75,298.75,83.0,211.17,1059100.0
2005-10-10,2005-11-24,FUTSTK,STAR,0.0,FUT,0.0,0.0,0.0,309.5,300.95,0.0,0.0,1700.0
2005-10-10,2005-12-29,FUTSTK,STAR,0.0,FUT,0.0,0.0,0.0,297.75,302.7,0.0,0.0,0.0
2005-10-10,2005-10-27,FUTSTK,STER,0.0,FUT,859.0,877.0,845.95,862.55,862.55,362.0,1095.32,641550.0
2005-10-10,2005-11-24,FUTSTK,STER,0.0,FUT,880.0,884.0,880.0,884.0,864.45,3.0,9.26,3850.0
2005-10-10,2005-12-29,FUTSTK,STER,0.0,FUT,0.0,0.0,0.0,852.95,869.45,0.0,0.0,0.0
2005-10-10,2005-10-27,FUTSTK,SUNPHARMA,0.0,FUT,655.0,655.0,640.25,644.2,644.2,95.0,276.66,301050.0
2005-10-10,2005-11-24,FUTSTK,SUNPHARMA,0.0,FUT,642.0,642.0,642.0,642.0,649.7,1.0,2.88,2700.0
2005-10-10,2005-12-29,FUTSTK,SUNPHARMA,0.0,FUT,0.0,0.0,0.0,569.95,653.5,0.0,0.0,450.0
2005-10-10,2005-10-27,FUTSTK,SYNDIBANK,0.0,FUT,87.75,87.8,84.0,84.25,84.25,956.0,3097.03,5741800.0
2005-10-10,2005-11-24,FUTSTK,SYNDIBANK,0.0,FUT,85.5,86.35,85.25,85.25,85.25,14.0,45.7,121600.0
2005-10-10,2005-12-29,FUTSTK,SYNDIBANK,0.0,FUT,0.0,0.0,0.0,85.0,84.9,0.0,0.0,0.0
2005-10-10,2005-10-27,FUTSTK,TATACHEM,0.0,FUT,196.9,196.9,192.1,194.65,194.65,520.0,1366.81,5062500.0
2005-10-10,2005-11-24,FUTSTK,TATACHEM,0.0,FUT,195.5,196.4,195.5,196.4,195.6,2.0,5.29,32400.0
2005-10-10,2005-12-29,FUTSTK,TATACHEM,0.0,FUT,0.0,0.0,0.0,195.5,196.75,0.0,0.0,0.0
2005-10-10,2005-10-27,FUTSTK,TATAMOTORS,0.0,FUT,547.0,549.0,537.2,539.65,539.65,4699.0,21030.4,4072200.0
2005-10-10,2005-11-24,FUTSTK,TATAMOTORS,0.0,FUT,544.0,547.0,541.1,542.75,542.75,13.0,58.34,24750.0
2005-10-10,2005-12-29,FUTSTK,TATAMOTORS,0.0,FUT,0.0,0.0,0.0,531.0,546.35,0.0,0.0,825.0
2005-10-10,2005-10-27,FUTSTK,TATAPOWER,0.0,FUT,473.0,474.9,462.5,463.9,463.9,1188.0,4439.76,1268000.0
2005-10-10,2005-11-24,FUTSTK,TATAPOWER,0.0,FUT,471.0,471.0,467.0,467.0,466.25,4.0,14.98,11200.0
2005-10-10,2005-12-29,FUTSTK,TATAPOWER,0.0,FUT,472.0,472.0,472.0,472.0,468.95,1.0,3.77,800.0
2005-10-10,2005-10-27,FUTSTK,TATATEA,0.0,FUT,840.0,841.9,826.0,828.35,828.35,322.0,1472.69,920700.0
2005-10-10,2005-11-24,FUTSTK,TATATEA,0.0,FUT,0.0,0.0,0.0,849.5,828.15,0.0,0.0,550.0
2005-10-10,2005-12-29,FUTSTK,TATATEA,0.0,FUT,0.0,0.0,0.0,865.85,832.95,0.0,0.0,0.0
2005-10-10,2005-10-27,FUTSTK,TCS,0.0,FUT,1452.6,1464.8,1445.0,1449.4,1449.4,4383.0,15942.52,2582500.0
2005-10-10,2005-11-24,FUTSTK,TCS,0.0,FUT,1460.0,1469.9,1453.4,1454.75,1454.75,32.0,117.24,29000.0
2005-10-10,2005-12-29,FUTSTK,TCS,0.0,FUT,0.0,0.0,0.0,1494.9,1467.75,0.0,0.0,0.0
2005-10-10,2005-10-27,FUTSTK,TISCO,0.0,FUT,399.0,399.45,389.55,390.55,390.55,14067.0,37344.17,18492975.0
2005-10-10,2005-11-24,FUTSTK,TISCO,0.0,FUT,402.0,402.0,392.5,393.5,393.5,143.0,381.57,168075.0
2005-10-10,2005-12-29,FUTSTK,TISCO,0.0,FUT,0.0,0.0,0.0,403.0,393.4,0.0,0.0,675.0
2005-10-10,2005-10-27,FUTSTK,TITAN,0.0,FUT,498.45,500.8,488.0,490.2,490.2,1451.0,5738.25,2569600.0
2005-10-10,2005-11-24,FUTSTK,TITAN,0.0,FUT,499.0,500.0,493.5,496.45,496.45,6.0,23.81,14400.0
2005-10-10,2005-12-29,FUTSTK,TITAN,0.0,FUT,0.0,0.0,0.0,497.4,494.05,0.0,0.0,0.0
2005-10-10,2005-10-27,FUTSTK,TVSMOTOR,0.0,FUT,99.5,99.85,97.65,98.15,98.15,266.0,774.09,2681550.0
2005-10-10,2005-11-24,FUTSTK,TVSMOTOR,0.0,FUT,98.55,98.6,98.55,98.6,98.6,2.0,5.81,59000.0
2005-10-10,2005-12-29,FUTSTK,TVSMOTOR,0.0,FUT,0.0,0.0,0.0,95.35,99.35,0.0,0.0,0.0
2005-10-10,2005-10-27,FUTSTK,UNIONBANK,0.0,FUT,133.0,133.7,128.05,128.7,128.7,592.0,1619.07,4065600.0
2005-10-10,2005-11-24,FUTSTK,UNIONBANK,0.0,FUT,133.0,133.0,129.0,129.15,129.15,19.0,52.14,37800.0
2005-10-10,2005-12-29,FUTSTK,UNIONBANK,0.0,FUT,0.0,0.0,0.0,148.9,129.75,0.0,0.0,2100.0
2005-10-10,2005-10-27,FUTSTK,UTIBANK,0.0,FUT,257.0,262.0,253.15,260.05,260.05,370.0,859.85,702000.0
2005-10-10,2005-11-24,FUTSTK,UTIBANK,0.0,FUT,267.0,267.0,260.0,260.0,262.45,2.0,4.74,2700.0
2005-10-10,2005-12-29,FUTSTK,UTIBANK,0.0,FUT,0.0,0.0,0.0,267.55,264.0,0.0,0.0,0.0
2005-10-10,2005-10-27,FUTSTK,VDOCONINTL,0.0,FUT,92.1,92.95,89.0,89.65,89.65,363.0,1052.85,7724800.0
2005-10-10,2005-11-24,FUTSTK,VDOCONINTL,0.0,FUT,91.95,91.95,90.25,90.65,90.65,3.0,8.74,102400.0
2005-10-10,2005-12-29,FUTSTK,VDOCONINTL,0.0,FUT,0.0,0.0,0.0,85.95,90.5,0.0,0.0,0.0
2005-10-10,2005-10-27,FUTSTK,VIJAYABANK,0.0,FUT,61.9,62.35,60.5,60.75,60.75,223.0,470.22,7817700.0
2005-10-10,2005-11-24,FUTSTK,VIJAYABANK,0.0,FUT,61.3,61.3,61.25,61.3,61.3,2.0,4.22,58650.0
2005-10-10,2005-12-29,FUTSTK,VIJAYABANK,0.0,FUT,0.0,0.0,0.0,65.05,61.15,0.0,0.0,0.0
2005-10-10,2005-10-27,FUTSTK,VSNL,0.0,FUT,341.0,348.9,336.3,342.5,342.5,6949.0,25022.1,9947700.0
2005-10-10,2005-11-24,FUTSTK,VSNL,0.0,FUT,341.0,351.0,341.0,345.15,345.15,25.0,91.28,57750.0
2005-10-10,2005-12-29,FUTSTK,VSNL,0.0,FUT,0.0,0.0,0.0,358.25,345.95,0.0,0.0,0.0
2005-10-10,2005-10-27,FUTSTK,WIPRO,0.0,FUT,392.0,398.25,388.1,393.25,393.25,3461.0,8183.46,5229600.0
2005-10-10,2005-11-24,FUTSTK,WIPRO,0.0,FUT,392.0,398.5,392.0,394.0,394.0,12.0,28.49,27000.0
2005-10-10,2005-12-29,FUTSTK,WIPRO,0.0,FUT,0.0,0.0,0.0,417.5,399.65,0.0,0.0,600.0
2005-10-10,2005-10-27,FUTSTK,WOCKPHARMA,0.0,FUT,504.0,505.5,493.5,494.75,494.75,553.0,1654.71,3261600.0
2005-10-10,2005-11-24,FUTSTK,WOCKPHARMA,0.0,FUT,507.9,507.9,496.3,496.3,496.5,20.0,60.25,1800.0
2005-10-10,2005-12-29,FUTSTK,WOCKPHARMA,0.0,FUT,0.0,0.0,0.0,494.7,499.35,0.0,0.0,0.0
2005-10-10,2005-10-27,OPTIDX,BANKNIFTY,3950.0,CE,0.0,0.0,0.0,204.15,435.45,0.0,0.0,0.0
2005-10-10,2005-10-27,OPTIDX,BANKNIFTY,3960.0,CE,0.0,0.0,0.0,198.8,426.0,0.0,0.0,0.0
2005-10-10,2005-10-27,OPTIDX,BANKNIFTY,3970.0,CE,0.0,0.0,0.0,193.55,416.55,0.0,0.0,0.0
2005-10-10,2005-10-27,OPTIDX,BANKNIFTY,3980.0,CE,0.0,0.0,0.0,224.75,407.1,0.0,0.0,0.0
2005-10-10,2005-10-27,OPTIDX,BANKNIFTY,3990.0,CE,0.0,0.0,0.0,219.45,397.75,0.0,0.0,0.0
2005-10-10,2005-10-27,OPTIDX,BANKNIFTY,4000.0,CE,0.0,0.0,0.0,214.2,388.45,0.0,0.0,0.0
2005-10-10,2005-10-27,OPTIDX,BANKNIFTY,4010.0,CE,0.0,0.0,0.0,228.5,379.2,0.0,0.0,0.0
2005-10-10,2005-10-27,OPTIDX,BANKNIFTY,4020.0,CE,0.0,0.0,0.0,223.3,370.0,0.0,0.0,0.0
2005-10-10,2005-10-27,OPTIDX,BANKNIFTY,4030.0,CE,0.0,0.0,0.0,218.15,360.9,0.0,0.0,0.0
2005-10-10,2005-10-27,OPTIDX,BANKNIFTY,4040.0,CE,0.0,0.0,0.0,213.05,351.85,0.0,0.0,0.0
2005-10-10,2005-10-27,OPTIDX,BANKNIFTY,4050.0,CE,0.0,0.0,0.0,208.05,342.85,0.0,0.0,0.0
2005-10-10,2005-10-27,OPTIDX,BANKNIFTY,4060.0,CE,0.0,0.0,0.0,203.15,333.9,0.0,0.0,0.0
2005-10-10,2005-10-27,OPTIDX,BANKNIFTY,4070.0,CE,0.0,0.0,0.0,198.3,325.05,0.0,0.0,0.0
2005-10-10,2005-10-27,OPTIDX,BANKNIFTY,4080.0,CE,0.0,0.0,0.0,275.75,316.3,0.0,0.0,0.0
2005-10-10,2005-10-27,OPTIDX,BANKNIFTY,4090.0,CE,0.0,0.0,0.0,283.15,307.6,0.0,0.0,0.0
2005-10-10,2005-10-27,OPTIDX,BANKNIFTY,4100.0,CE,0.0,0.0,0.0,278.0,299.0,0.0,0.0,0.0
2005-10-10,2005-10-27,OPTIDX,BANKNIFTY,4110.0,CE,0.0,0.0,0.0,272.95,290.5,0.0,0.0,0.0
2005-10-10,2005-10-27,OPTIDX,BANKNIFTY,4120.0,CE,0.0,0.0,0.0,267.95,282.1,0.0,0.0,0.0
2005-10-10,2005-10-27,OPTIDX,BANKNIFTY,4130.0,CE,0.0,0.0,0.0,263.0,273.8,0.0,0.0,0.0
2005-10-10,2005-10-27,OPTIDX,BANKNIFTY,4140.0,CE,0.0,0.0,0.0,258.1,265.55,0.0,0.0,0.0
2005-10-10,2005-10-27,OPTIDX,BANKNIFTY,4150.0,CE,0.0,0.0,0.0,253.3,257.45,0.0,0.0,0.0
2005-10-10,2005-10-27,OPTIDX,BANKNIFTY,4160.0,CE,0.0,0.0,0.0,301.25,249.45,0.0,0.0,0.0
2005-10-10,2005-10-27,OPTIDX,BANKNIFTY,4170.0,CE,0.0,0.0,0.0,295.95,241.55,0.0,0.0,0.0
2005-10-10,2005-10-27,OPTIDX,BANKNIFTY,4180.0,CE,0.0,0.0,0.0,290.7,233.8,0.0,0.0,0.0
2005-10-10,2005-10-27,OPTIDX,BANKNIFTY,4190.0,CE,0.0,0.0,0.0,285.55,226.15,0.0,0.0,0.0
2005-10-10,2005-10-27,OPTIDX,BANKNIFTY,4200.0,CE,0.0,0.0,0.0,280.45,218.6,0.0,0.0,0.0
2005-10-10,2005-10-27,OPTIDX,BANKNIFTY,4210.0,CE,0.0,0.0,0.0,275.4,211.35,0.0,0.0,0.0
2005-10-10,2005-10-27,OPTIDX,BANKNIFTY,4220.0,CE,0.0,0.0,0.0,270.4,203.85,0.0,0.0,0.0
2005-10-10,2005-10-27,OPTIDX,BANKNIFTY,4230.0,CE,0.0,0.0,0.0,265.45,196.7,0.0,0.0,0.0
2005-10-10,2005-10-27,OPTIDX,BANKNIFTY,4240.0,CE,0.0,0.0,0.0,260.6,189.7,0.0,0.0,0.0
2005-10-10,2005-10-27,OPTIDX,BANKNIFTY,4250.0,CE,0.0,0.0,0.0,262.0,182.8,0.0,0.0,0.0
2005-10-10,2005-10-27,OPTIDX,BANKNIFTY,4260.0,CE,0.0,0.0,0.0,256.75,176.1,0.0,0.0,0.0
2005-10-10,2005-10-27,OPTIDX,BANKNIFTY,4270.0,CE,0.0,0.0,0.0,270.9,169.5,0.0,0.0,0.0
2005-10-10,2005-10-27,OPTIDX,BANKNIFTY,4280.0,CE,0.0,0.0,0.0,265.7,163.0,0.0,0.0,0.0
2005-10-10,2005-10-27,OPTIDX,BANKNIFTY,4290.0,CE,0.0,0.0,0.0,290.85,156.7,0.0,0.0,0.0
2005-10-10,2005-10-27,OPTIDX,BANKNIFTY,4300.0,CE,0.0,0.0,0.0,285.65,150.55,0.0,0.0,0.0
2005-10-10,2005-10-27,OPTIDX,BANKNIFTY,4310.0,CE,0.0,0.0,0.0,298.3,144.5,0.0,0.0,0.0
2005-10-10,2005-10-27,OPTIDX,BANKNIFTY,4320.0,CE,0.0,0.0,0.0,293.15,138.65,0.0,0.0,0.0
2005-10-10,2005-10-27,OPTIDX,BANKNIFTY,4330.0,CE,0.0,0.0,0.0,315.5,132.9,0.0,0.0,0.0
2005-10-10,2005-10-27,OPTIDX,BANKNIFTY,4340.0,CE,0.0,0.0,0.0,310.35,127.35,0.0,0.0,0.0
2005-10-10,2005-10-27,OPTIDX,BANKNIFTY,4350.0,CE,0.0,0.0,0.0,305.25,121.9,0.0,0.0,0.0
2005-10-10,2005-10-27,OPTIDX,BANKNIFTY,4360.0,CE,0.0,0.0,0.0,300.2,116.65,0.0,0.0,0.0
2005-10-10,2005-10-27,OPTIDX,BANKNIFTY,4370.0,CE,0.0,0.0,0.0,295.25,111.5,0.0,0.0,0.0
2005-10-10,2005-10-27,OPTIDX,BANKNIFTY,4380.0,CE,0.0,0.0,0.0,290.3,106.5,0.0,0.0,0.0
2005-10-10,2005-10-27,OPTIDX,BANKNIFTY,4390.0,CE,0.0,0.0,0.0,285.45,101.7,0.0,0.0,0.0
2005-10-10,2005-10-27,OPTIDX,BANKNIFTY,4400.0,CE,0.0,0.0,0.0,171.5,97.0,0.0,0.0,0.0
2005-10-10,2005-10-27,OPTIDX,BANKNIFTY,4410.0,CE,0.0,0.0,0.0,166.35,92.5,0.0,0.0,0.0
2005-10-10,2005-10-27,OPTIDX,BANKNIFTY,4420.0,CE,0.0,0.0,0.0,161.3,88.1,0.0,0.0,0.0
2005-10-10,2005-10-27,OPTIDX,BANKNIFTY,4430.0,CE,0.0,0.0,0.0,156.35,83.9,0.0,0.0,0.0
2005-10-10,2005-10-27,OPTIDX,BANKNIFTY,4440.0,CE,0.0,0.0,0.0,151.5,79.8,0.0,0.0,0.0
2005-10-10,2005-10-27,OPTIDX,BANKNIFTY,4450.0,CE,0.0,0.0,0.0,149.15,75.85,0.0,0.0,0.0
2005-10-10,2005-10-27,OPTIDX,BANKNIFTY,4460.0,CE,0.0,0.0,0.0,153.45,72.05,0.0,0.0,0.0
2005-10-10,2005-10-27,OPTIDX,BANKNIFTY,4470.0,CE,0.0,0.0,0.0,148.4,68.4,0.0,0.0,0.0
2005-10-10,2005-10-27,OPTIDX,BANKNIFTY,4480.0,CE,0.0,0.0,0.0,143.5,64.9,0.0,0.0,0.0
2005-10-10,2005-10-27,OPTIDX,BANKNIFTY,4490.0,CE,0.0,0.0,0.0,151.15,61.5,0.0,0.0,0.0
2005-10-10,2005-10-27,OPTIDX,BANKNIFTY,4500.0,CE,0.0,0.0,0.0,146.1,58.25,0.0,0.0,0.0
2005-10-10,2005-10-27,OPTIDX,BANKNIFTY,4510.0,CE,0.0,0.0,0.0,141.15,55.1,0.0,0.0,0.0
2005-10-10,2005-10-27,OPTIDX,BANKNIFTY,4520.0,CE,0.0,0.0,0.0,136.35,52.1,0.0,0.0,0.0
2005-10-10,2005-10-27,OPTIDX,BANKNIFTY,4530.0,CE,0.0,0.0,0.0,153.1,49.25,0.0,0.0,0.0
2005-10-10,2005-10-27,OPTIDX,BANKNIFTY,4540.0,CE,0.0,0.0,0.0,147.95,46.5,0.0,0.0,0.0
2005-10-10,2005-10-27,OPTIDX,BANKNIFTY,4550.0,CE,0.0,0.0,0.0,142.85,43.9,0.0,0.0,0.0
2005-10-10,2005-10-27,OPTIDX,BANKNIFTY,4560.0,CE,0.0,0.0,0.0,137.9,41.6,0.0,0.0,0.0
2005-10-10,2005-10-27,OPTIDX,BANKNIFTY,4570.0,CE,0.0,0.0,0.0,133.05,39.05,0.0,0.0,0.0
2005-10-10,2005-10-27,OPTIDX,BANKNIFTY,4580.0,CE,0.0,0.0,0.0,169.45,36.75,0.0,0.0,0.0
2005-10-10,2005-10-27,OPTIDX,BANKNIFTY,4590.0,CE,0.0,0.0,0.0,164.0,34.6,0.0,0.0,0.0
2005-10-10,2005-10-27,OPTIDX,BANKNIFTY,4600.0,CE,0.0,0.0,0.0,158.65,32.5,0.0,0.0,0.0
2005-10-10,2005-10-27,OPTIDX,BANKNIFTY,4610.0,CE,0.0,0.0,0.0,153.45,30.55,0.0,0.0,0.0
2005-10-10,2005-10-27,OPTIDX,BANKNIFTY,4620.0,CE,0.0,0.0,0.0,148.35,28.65,0.0,0.0,0.0
2005-10-10,2005-10-27,OPTIDX,BANKNIFTY,4630.0,CE,0.0,0.0,0.0,143.3,26.9,0.0,0.0,0.0
2005-10-10,2005-10-27,OPTIDX,BANKNIFTY,4640.0,CE,0.0,0.0,0.0,138.45,25.2,0.0,0.0,0.0
2005-10-10,2005-10-27,OPTIDX,BANKNIFTY,4650.0,CE,0.0,0.0,0.0,124.55,23.6,0.0,0.0,0.0
2005-10-10,2005-10-27,OPTIDX,BANKNIFTY,4660.0,CE,0.0,0.0,0.0,143.55,22.1,0.0,0.0,0.0
2005-10-10,2005-10-27,OPTIDX,BANKNIFTY,4670.0,CE,0.0,0.0,0.0,138.1,20.65,0.0,0.0,0.0
2005-10-10,2005-10-27,OPTIDX,BANKNIFTY,4680.0,CE,0.0,0.0,0.0,132.8,19.3,0.0,0.0,0.0
2005-10-10,2005-10-27,OPTIDX,BANKNIFTY,4690.0,CE,0.0,0.0,0.0,127.6,18.0,0.0,0.0,0.0
2005-10-10,2005-10-27,OPTIDX,BANKNIFTY,4700.0,CE,0.0,0.0,0.0,122.55,16.8,0.0,0.0,0.0
2005-10-10,2005-10-27,OPTIDX,BANKNIFTY,4710.0,CE,0.0,0.0,0.0,117.65,15.65,0.0,0.0,0.0
2005-10-10,2005-10-27,OPTIDX,BANKNIFTY,4720.0,CE,0.0,0.0,0.0,112.85,14.6,0.0,0.0,0.0
2005-10-10,2005-10-27,OPTIDX,BANKNIFTY,3950.0,PE,0.0,0.0,0.0,134.9,4.45,0.0,0.0,0.0
2005-10-10,2005-10-27,OPTIDX,BANKNIFTY,3960.0,PE,0.0,0.0,0.0,139.45,4.95,0.0,0.0,0.0
2005-10-10,2005-10-27,OPTIDX,BANKNIFTY,3970.0,PE,0.0,0.0,0.0,144.1,5.45,0.0,0.0,0.0
2005-10-10,2005-10-27,OPTIDX,BANKNIFTY,3980.0,PE,0.0,0.0,0.0,149.05,6.05,0.0,0.0,0.0
2005-10-10,2005-10-27,OPTIDX,BANKNIFTY,3990.0,PE,0.0,0.0,0.0,153.65,6.65,0.0,0.0,0.0
2005-10-10,2005-10-27,OPTIDX,BANKNIFTY,4000.0,PE,0.0,0.0,0.0,158.3,7.3,0.0,0.0,0.0
2005-10-10,2005-10-27,OPTIDX,BANKNIFTY,4010.0,PE,0.0,0.0,0.0,159.65,8.05,0.0,0.0,0.0
2005-10-10,2005-10-27,OPTIDX,BANKNIFTY,4020.0,PE,0.0,0.0,0.0,164.3,8.85,0.0,0.0,0.0
2005-10-10,2005-10-27,OPTIDX,BANKNIFTY,4030.0,PE,0.0,0.0,0.0,169.05,9.65,0.0,0.0,0.0
2005-10-10,2005-10-27,OPTIDX,BANKNIFTY,4040.0,PE,0.0,0.0,0.0,173.85,10.6,0.0,0.0,0.0
2005-10-10,2005-10-27,OPTIDX,BANKNIFTY,4050.0,PE,0.0,0.0,0.0,178.75,11.55,0.0,0.0,0.0
2005-10-10,2005-10-27,OPTIDX,BANKNIFTY,4060.0,PE,0.0,0.0,0.0,183.75,12.6,0.0,0.0,0.0
2005-10-10,2005-10-27,OPTIDX,BANKNIFTY,4070.0,PE,0.0,0.0,0.0,188.8,13.75,0.0,0.0,0.0
2005-10-10,2005-10-27,OPTIDX,BANKNIFTY,4080.0,PE,0.0,0.0,0.0,191.95,14.95,0.0,0.0,0.0
2005-10-10,2005-10-27,OPTIDX,BANKNIFTY,4090.0,PE,0.0,0.0,0.0,202.3,16.25,0.0,0.0,0.0
2005-10-10,2005-10-27,OPTIDX,BANKNIFTY,4100.0,PE,0.0,0.0,0.0,207.05,17.6,0.0,0.0,0.0
2005-10-10,2005-10-27,OPTIDX,BANKNIFTY,4110.0,PE,0.0,0.0,0.0,211.8,19.1,0.0,0.0,0.0
2005-10-10,2005-10-27,OPTIDX,BANKNIFTY,4120.0,PE,0.0,0.0,0.0,216.7,20.65,0.0,0.0,0.0
2005-10-10,2005-10-27,OPTIDX,BANKNIFTY,4130.0,PE,0.0,0.0,0.0,221.6,22.3,0.0,0.0,0.0
2005-10-10,2005-10-27,OPTIDX,BANKNIFTY,4140.0,PE,0.0,0.0,0.0,226.6,24.05,0.0,0.0,0.0
2005-10-10,2005-10-27,OPTIDX,BANKNIFTY,4150.0,PE,0.0,0.0,0.0,231.65,25.95,0.0,0.0,0.0
2005-10-10,2005-10-27,OPTIDX,BANKNIFTY,4160.0,PE,0.0,0.0,0.0,194.85,27.9,0.0,0.0,0.0
2005-10-10,2005-10-27,OPTIDX,BANKNIFTY,4170.0,PE,0.0,0.0,0.0,199.45,30.0,0.0,0.0,0.0
2005-10-10,2005-10-27,OPTIDX,BANKNIFTY,4180.0,PE,0.0,0.0,0.0,204.1,32.2,0.0,0.0,0.0
2005-10-10,2005-10-27,OPTIDX,BANKNIFTY,4190.0,PE,0.0,0.0,0.0,208.8,34.5,0.0,0.0,0.0
2005-10-10,2005-10-27,OPTIDX,BANKNIFTY,4200.0,PE,0.0,0.0,0.0,213.55,36.95,0.0,0.0,0.0
2005-10-10,2005-10-27,OPTIDX,BANKNIFTY,4210.0,PE,0.0,0.0,0.0,218.4,39.65,0.0,0.0,0.0
2005-10-10,2005-10-27,OPTIDX,BANKNIFTY,4220.0,PE,0.0,0.0,0.0,223.3,42.15,0.0,0.0,0.0
2005-10-10,2005-10-27,OPTIDX,BANKNIFTY,4230.0,PE,0.0,0.0,0.0,228.2,45.0,0.0,0.0,0.0
2005-10-10,2005-10-27,OPTIDX,BANKNIFTY,4240.0,PE,0.0,0.0,0.0,233.25,47.95,0.0,0.0,0.0
2005-10-10,2005-10-27,OPTIDX,BANKNIFTY,4250.0,PE,0.0,0.0,0.0,177.05,51.05,0.0,0.0,0.0
2005-10-10,2005-10-27,OPTIDX,BANKNIFTY,4260.0,PE,0.0,0.0,0.0,181.7,54.25,0.0,0.0,0.0
2005-10-10,2005-10-27,OPTIDX,BANKNIFTY,4270.0,PE,0.0,0.0,0.0,184.9,57.65,0.0,0.0,0.0
2005-10-10,2005-10-27,OPTIDX,BANKNIFTY,4280.0,PE,0.0,0.0,0.0,189.55,61.15,0.0,0.0,0.0
2005-10-10,2005-10-27,OPTIDX,BANKNIFTY,4290.0,PE,0.0,0.0,0.0,200.55,64.8,0.0,0.0,0.0
2005-10-10,2005-10-27,OPTIDX,BANKNIFTY,4300.0,PE,0.0,0.0,0.0,205.2,68.6,0.0,0.0,0.0
2005-10-10,2005-10-27,OPTIDX,BANKNIFTY,4310.0,PE,0.0,0.0,0.0,211.8,72.55,0.0,0.0,0.0
2005-10-10,2005-10-27,OPTIDX,BANKNIFTY,4320.0,PE,0.0,0.0,0.0,216.55,76.65,0.0,0.0,0.0
2005-10-10,2005-10-27,OPTIDX,BANKNIFTY,4330.0,PE,0.0,0.0,0.0,220.45,80.9,0.0,0.0,0.0
2005-10-10,2005-10-27,OPTIDX,BANKNIFTY,4340.0,PE,0.0,0.0,0.0,225.15,85.3,0.0,0.0,0.0
2005-10-10,2005-10-27,OPTIDX,BANKNIFTY,4350.0,PE,0.0,0.0,0.0,229.9,89.85,0.0,0.0,0.0
2005-10-10,2005-10-27,OPTIDX,BANKNIFTY,4360.0,PE,0.0,0.0,0.0,234.7,94.55,0.0,0.0,0.0
2005-10-10,2005-10-27,OPTIDX,BANKNIFTY,4370.0,PE,0.0,0.0,0.0,239.6,99.4,0.0,0.0,0.0
2005-10-10,2005-10-27,OPTIDX,BANKNIFTY,4380.0,PE,0.0,0.0,0.0,244.5,104.4,0.0,0.0,0.0
2005-10-10,2005-10-27,OPTIDX,BANKNIFTY,4390.0,PE,0.0,0.0,0.0,249.5,109.55,0.0,0.0,0.0
2005-10-10,2005-10-27,OPTIDX,BANKNIFTY,4400.0,PE,0.0,0.0,0.0,131.9,114.85,0.0,0.0,0.0
2005-10-10,2005-10-27,OPTIDX,BANKNIFTY,4410.0,PE,0.0,0.0,0.0,136.7,120.3,0.0,0.0,0.0
2005-10-10,2005-10-27,OPTIDX,BANKNIFTY,4420.0,PE,0.0,0.0,0.0,141.55,125.9,0.0,0.0,0.0
2005-10-10,2005-10-27,OPTIDX,BANKNIFTY,4430.0,PE,0.0,0.0,0.0,146.55,131.65,0.0,0.0,0.0
2005-10-10,2005-10-27,OPTIDX,BANKNIFTY,4440.0,PE,0.0,0.0,0.0,151.6,137.5,0.0,0.0,0.0
2005-10-10,2005-10-27,OPTIDX,BANKNIFTY,4450.0,PE,0.0,0.0,0.0,143.15,143.55,0.0,0.0,0.0
2005-10-10,2005-10-27,OPTIDX,BANKNIFTY,4460.0,PE,0.0,0.0,0.0,130.55,149.75,0.0,0.0,0.0
2005-10-10,2005-10-27,OPTIDX,BANKNIFTY,4470.0,PE,0.0,0.0,0.0,135.45,156.05,0.0,0.0,0.0
2005-10-10,2005-10-27,OPTIDX,BANKNIFTY,4480.0,PE,0.0,0.0,0.0,140.5,162.5,0.0,0.0,0.0
2005-10-10,2005-10-27,OPTIDX,BANKNIFTY,4490.0,PE,0.0,0.0,0.0,126.1,169.1,0.0,0.0,0.0
2005-10-10,2005-10-27,OPTIDX,BANKNIFTY,4500.0,PE,0.0,0.0,0.0,130.95,175.8,0.0,0.0,0.0
2005-10-10,2005-10-27,OPTIDX,BANKNIFTY,4510.0,PE,0.0,0.0,0.0,135.95,182.65,0.0,0.0,0.0
2005-10-10,2005-10-27,OPTIDX,BANKNIFTY,4520.0,PE,0.0,0.0,0.0,141.1,189.65,0.0,0.0,0.0
2005-10-10,2005-10-27,OPTIDX,BANKNIFTY,4530.0,PE,0.0,0.0,0.0,116.85,196.75,0.0,0.0,0.0
2005-10-10,2005-10-27,OPTIDX,BANKNIFTY,4540.0,PE,0.0,0.0,0.0,121.6,203.95,0.0,0.0,0.0
2005-10-10,2005-10-27,OPTIDX,BANKNIFTY,4550.0,PE,0.0,0.0,0.0,126.5,211.3,0.0,0.0,0.0
2005-10-10,2005-10-27,OPTIDX,BANKNIFTY,4560.0,PE,0.0,0.0,0.0,131.45,219.0,0.0,0.0,0.0
2005-10-10,2005-10-27,OPTIDX,BANKNIFTY,4570.0,PE,0.0,0.0,0.0,136.55,226.4,0.0,0.0,0.0
2005-10-10,2005-10-27,OPTIDX,BANKNIFTY,4580.0,PE,0.0,0.0,0.0,109.65,234.1,0.0,0.0,0.0
2005-10-10,2005-10-27,OPTIDX,BANKNIFTY,4590.0,PE,0.0,0.0,0.0,114.1,241.9,0.0,0.0,0.0
2005-10-10,2005-10-27,OPTIDX,BANKNIFTY,4600.0,PE,0.0,0.0,0.0,118.7,249.8,0.0,0.0,0.0
2005-10-10,2005-10-27,OPTIDX,BANKNIFTY,4610.0,PE,0.0,0.0,0.0,123.45,257.8,0.0,0.0,0.0
2005-10-10,2005-10-27,OPTIDX,BANKNIFTY,4620.0,PE,0.0,0.0,0.0,128.25,265.9,0.0,0.0,0.0
2005-10-10,2005-10-27,OPTIDX,BANKNIFTY,4630.0,PE,0.0,0.0,0.0,133.2,274.1,0.0,0.0,0.0
2005-10-10,2005-10-27,OPTIDX,BANKNIFTY,4640.0,PE,0.0,0.0,0.0,138.25,282.4,0.0,0.0,0.0
2005-10-10,2005-10-27,OPTIDX,BANKNIFTY,4650.0,PE,0.0,0.0,0.0,132.8,290.8,0.0,0.0,0.0
2005-10-10,2005-10-27,OPTIDX,BANKNIFTY,4660.0,PE,0.0,0.0,0.0,94.5,299.25,0.0,0.0,0.0
2005-10-10,2005-10-27,OPTIDX,BANKNIFTY,4670.0,PE,0.0,0.0,0.0,99.0,307.8,0.0,0.0,0.0
2005-10-10,2005-10-27,OPTIDX,BANKNIFTY,4680.0,PE,0.0,0.0,0.0,103.65,316.4,0.0,0.0,0.0
2005-10-10,2005-10-27,OPTIDX,BANKNIFTY,4690.0,PE,0.0,0.0,0.0,108.45,325.1,0.0,0.0,0.0
2005-10-10,2005-10-27,OPTIDX,BANKNIFTY,4700.0,PE,0.0,0.0,0.0,113.35,333.85,0.0,0.0,0.0
2005-10-10,2005-10-27,OPTIDX,BANKNIFTY,4710.0,PE,0.0,0.0,0.0,118.4,342.7,0.0,0.0,0.0
2005-10-10,2005-10-27,OPTIDX,BANKNIFTY,4720.0,PE,0.0,0.0,0.0,123.6,351.6,0.0,0.0,0.0
2005-10-10,2005-11-24,OPTIDX,BANKNIFTY,3950.0,CE,0.0,0.0,0.0,249.15,477.85,0.0,0.0,0.0
2005-10-10,2005-11-24,OPTIDX,BANKNIFTY,3960.0,CE,0.0,0.0,0.0,243.85,469.4,0.0,0.0,0.0
2005-10-10,2005-11-24,OPTIDX,BANKNIFTY,3970.0,CE,0.0,0.0,0.0,238.6,461.0,0.0,0.0,0.0
2005-10-10,2005-11-24,OPTIDX,BANKNIFTY,3980.0,CE,0.0,0.0,0.0,233.45,452.65,0.0,0.0,0.0
2005-10-10,2005-11-24,OPTIDX,BANKNIFTY,3990.0,CE,0.0,0.0,0.0,228.35,444.4,0.0,0.0,0.0
2005-10-10,2005-11-24,OPTIDX,BANKNIFTY,4000.0,CE,0.0,0.0,0.0,223.35,436.2,0.0,0.0,0.0
2005-10-10,2005-11-24,OPTIDX,BANKNIFTY,4010.0,CE,0.0,0.0,0.0,261.95,428.05,0.0,0.0,0.0
2005-10-10,2005-11-24,OPTIDX,BANKNIFTY,4020.0,CE,0.0,0.0,0.0,256.7,420.0,0.0,0.0,0.0
2005-10-10,2005-11-24,OPTIDX,BANKNIFTY,4030.0,CE,0.0,0.0,0.0,251.5,412.0,0.0,0.0,0.0
2005-10-10,2005-11-24,OPTIDX,BANKNIFTY,4040.0,CE,0.0,0.0,0.0,246.35,404.05,0.0,0.0,0.0
2005-10-10,2005-11-24,OPTIDX,BANKNIFTY,4050.0,CE,0.0,0.0,0.0,241.35,396.2,0.0,0.0,0.0
2005-10-10,2005-11-24,OPTIDX,BANKNIFTY,4060.0,CE,0.0,0.0,0.0,236.35,388.4,0.0,0.0,0.0
2005-10-10,2005-11-24,OPTIDX,BANKNIFTY,4070.0,CE,0.0,0.0,0.0,231.45,380.7,0.0,0.0,0.0
2005-10-10,2005-11-24,OPTIDX,BANKNIFTY,4080.0,CE,0.0,0.0,0.0,220.4,373.05,0.0,0.0,0.0
2005-10-10,2005-11-24,OPTIDX,BANKNIFTY,4090.0,CE,0.0,0.0,0.0,217.25,365.5,0.0,0.0,0.0
2005-10-10,2005-11-24,OPTIDX,BANKNIFTY,4100.0,CE,0.0,0.0,0.0,213.25,358.0,0.0,0.0,0.0
2005-10-10,2005-11-24,OPTIDX,BANKNIFTY,4110.0,CE,0.0,0.0,0.0,208.2,350.75,0.0,0.0,0.0
2005-10-10,2005-11-24,OPTIDX,BANKNIFTY,4120.0,CE,0.0,0.0,0.0,203.25,343.4,0.0,0.0,0.0
2005-10-10,2005-11-24,OPTIDX,BANKNIFTY,4130.0,CE,0.0,0.0,0.0,213.8,336.1,0.0,0.0,0.0
2005-10-10,2005-11-24,OPTIDX,BANKNIFTY,4140.0,CE,0.0,0.0,0.0,208.7,328.95,0.0,0.0,0.0
2005-10-10,2005-11-24,OPTIDX,BANKNIFTY,4150.0,CE,0.0,0.0,0.0,203.65,321.65,0.0,0.0,0.0
2005-10-10,2005-11-24,OPTIDX,BANKNIFTY,4160.0,CE,0.0,0.0,0.0,198.7,314.65,0.0,0.0,0.0
2005-10-10,2005-11-24,OPTIDX,BANKNIFTY,4170.0,CE,0.0,0.0,0.0,211.8,307.75,0.0,0.0,0.0
2005-10-10,2005-11-24,OPTIDX,BANKNIFTY,4180.0,CE,0.0,0.0,0.0,206.7,300.9,0.0,0.0,0.0
2005-10-10,2005-11-24,OPTIDX,BANKNIFTY,4190.0,CE,0.0,0.0,0.0,201.65,294.15,0.0,0.0,0.0
2005-10-10,2005-11-24,OPTIDX,BANKNIFTY,4200.0,CE,0.0,0.0,0.0,196.65,287.5,0.0,0.0,0.0
2005-10-10,2005-11-24,OPTIDX,BANKNIFTY,4210.0,CE,0.0,0.0,0.0,218.25,280.9,0.0,0.0,0.0
2005-10-10,2005-11-24,OPTIDX,BANKNIFTY,4220.0,CE,0.0,0.0,0.0,213.05,274.45,0.0,0.0,0.0
2005-10-10,2005-11-24,OPTIDX,BANKNIFTY,4230.0,CE,0.0,0.0,0.0,207.9,268.05,0.0,0.0,0.0
2005-10-10,2005-11-24,OPTIDX,BANKNIFTY,4240.0,CE,0.0,0.0,0.0,202.85,261.7,0.0,0.0,0.0
2005-10-10,2005-11-24,OPTIDX,BANKNIFTY,4250.0,CE,0.0,0.0,0.0,197.85,255.5,0.0,0.0,0.0
2005-10-10,2005-11-24,OPTIDX,BANKNIFTY,4260.0,CE,0.0,0.0,0.0,254.35,249.35,0.0,0.0,0.0
2005-10-10,2005-11-24,OPTIDX,BANKNIFTY,4270.0,CE,0.0,0.0,0.0,248.85,243.35,0.0,0.0,0.0
2005-10-10,2005-11-24,OPTIDX,BANKNIFTY,4280.0,CE,0.0,0.0,0.0,243.4,237.4,0.0,0.0,0.0
2005-10-10,2005-11-24,OPTIDX,BANKNIFTY,4290.0,CE,0.0,0.0,0.0,238.05,231.5,0.0,0.0,0.0
2005-10-10,2005-11-24,OPTIDX,BANKNIFTY,4300.0,CE,0.0,0.0,0.0,232.75,225.75,0.0,0.0,0.0
2005-10-10,2005-11-24,OPTIDX,BANKNIFTY,4310.0,CE,0.0,0.0,0.0,227.55,220.1,0.0,0.0,0.0
2005-10-10,2005-11-24,OPTIDX,BANKNIFTY,4320.0,CE,0.0,0.0,0.0,222.4,214.5,0.0,0.0,0.0
2005-10-10,2005-11-24,OPTIDX,BANKNIFTY,4330.0,CE,0.0,0.0,0.0,217.35,209.0,0.0,0.0,0.0
2005-10-10,2005-11-24,OPTIDX,BANKNIFTY,4340.0,CE,0.0,0.0,0.0,212.4,203.6,0.0,0.0,0.0
2005-10-10,2005-11-24,OPTIDX,BANKNIFTY,4350.0,CE,0.0,0.0,0.0,228.05,198.3,0.0,0.0,0.0
2005-10-10,2005-11-24,OPTIDX,BANKNIFTY,4360.0,CE,0.0,0.0,0.0,222.85,193.1,0.0,0.0,0.0
2005-10-10,2005-11-24,OPTIDX,BANKNIFTY,4370.0,CE,0.0,0.0,0.0,217.75,188.0,0.0,0.0,0.0
2005-10-10,2005-11-24,OPTIDX,BANKNIFTY,4380.0,CE,0.0,0.0,0.0,212.7,182.95,0.0,0.0,0.0
2005-10-10,2005-11-24,OPTIDX,BANKNIFTY,4390.0,CE,0.0,0.0,0.0,207.7,178.0,0.0,0.0,0.0
2005-10-10,2005-11-24,OPTIDX,BANKNIFTY,4400.0,CE,0.0,0.0,0.0,223.8,173.15,0.0,0.0,0.0
2005-10-10,2005-11-24,OPTIDX,BANKNIFTY,4410.0,CE,0.0,0.0,0.0,218.6,168.4,0.0,0.0,0.0
2005-10-10,2005-11-24,OPTIDX,BANKNIFTY,4420.0,CE,0.0,0.0,0.0,213.55,163.75,0.0,0.0,0.0
2005-10-10,2005-11-24,OPTIDX,BANKNIFTY,4430.0,CE,0.0,0.0,0.0,208.5,159.15,0.0,0.0,0.0
2005-10-10,2005-11-24,OPTIDX,BANKNIFTY,4440.0,CE,0.0,0.0,0.0,203.6,154.7,0.0,0.0,0.0
2005-10-10,2005-11-24,OPTIDX,BANKNIFTY,4450.0,CE,0.0,0.0,0.0,200.75,150.3,0.0,0.0,0.0
2005-10-10,2005-11-24,OPTIDX,BANKNIFTY,4460.0,CE,0.0,0.0,0.0,204.85,146.0,0.0,0.0,0.0
2005-10-10,2005-11-24,OPTIDX,BANKNIFTY,4470.0,CE,0.0,0.0,0.0,199.8,141.8,0.0,0.0,0.0
2005-10-10,2005-11-24,OPTIDX,BANKNIFTY,4480.0,CE,0.0,0.0,0.0,194.8,137.65,0.0,0.0,0.0
2005-10-10,2005-11-24,OPTIDX,BANKNIFTY,4490.0,CE,0.0,0.0,0.0,202.5,133.6,0.0,0.0,0.0
2005-10-10,2005-11-24,OPTIDX,BANKNIFTY,4500.0,CE,0.0,0.0,0.0,197.4,129.65,0.0,0.0,0.0
2005-10-10,2005-11-24,OPTIDX,BANKNIFTY,4510.0,CE,0.0,0.0,0.0,192.4,125.8,0.0,0.0,0.0
2005-10-10,2005-11-24,OPTIDX,BANKNIFTY,4520.0,CE,0.0,0.0,0.0,187.45,122.0,0.0,0.0,0.0
2005-10-10,2005-11-24,OPTIDX,BANKNIFTY,4530.0,CE,0.0,0.0,0.0,206.4,118.35,0.0,0.0,0.0
2005-10-10,2005-11-24,OPTIDX,BANKNIFTY,4540.0,CE,0.0,0.0,0.0,201.2,114.7,0.0,0.0,0.0
2005-10-10,2005-11-24,OPTIDX,BANKNIFTY,4550.0,CE,0.0,0.0,0.0,196.05,111.2,0.0,0.0,0.0
2005-10-10,2005-11-24,OPTIDX,BANKNIFTY,4560.0,CE,0.0,0.0,0.0,191.0,107.75,0.0,0.0,0.0
2005-10-10,2005-11-24,OPTIDX,BANKNIFTY,4570.0,CE,0.0,0.0,0.0,186.05,104.4,0.0,0.0,0.0
2005-10-10,2005-11-24,OPTIDX,BANKNIFTY,4580.0,CE,0.0,0.0,0.0,224.95,101.1,0.0,0.0,0.0
2005-10-10,2005-11-24,OPTIDX,BANKNIFTY,4590.0,CE,0.0,0.0,0.0,219.55,97.9,0.0,0.0,0.0
2005-10-10,2005-11-24,OPTIDX,BANKNIFTY,4600.0,CE,0.0,0.0,0.0,214.25,94.75,0.0,0.0,0.0
2005-10-10,2005-11-24,OPTIDX,BANKNIFTY,4610.0,CE,0.0,0.0,0.0,209.0,91.7,0.0,0.0,0.0
2005-10-10,2005-11-24,OPTIDX,BANKNIFTY,4620.0,CE,0.0,0.0,0.0,203.85,88.75,0.0,0.0,0.0
2005-10-10,2005-11-24,OPTIDX,BANKNIFTY,4630.0,CE,0.0,0.0,0.0,198.8,85.85,0.0,0.0,0.0
2005-10-10,2005-11-24,OPTIDX,BANKNIFTY,4640.0,CE,0.0,0.0,0.0,193.8,83.05,0.0,0.0,0.0
2005-10-10,2005-11-24,OPTIDX,BANKNIFTY,4650.0,CE,0.0,0.0,0.0,190.4,80.3,0.0,0.0,0.0
2005-10-10,2005-11-24,OPTIDX,BANKNIFTY,4660.0,CE,0.0,0.0,0.0,212.55,77.6,0.0,0.0,0.0
2005-10-10,2005-11-24,OPTIDX,BANKNIFTY,4670.0,CE,0.0,0.0,0.0,207.15,75.0,0.0,0.0,0.0
2005-10-10,2005-11-24,OPTIDX,BANKNIFTY,4680.0,CE,0.0,0.0,0.0,201.9,72.65,0.0,0.0,0.0
2005-10-10,2005-11-24,OPTIDX,BANKNIFTY,4690.0,CE,0.0,0.0,0.0,196.7,70.2,0.0,0.0,0.0
2005-10-10,2005-11-24,OPTIDX,BANKNIFTY,4700.0,CE,0.0,0.0,0.0,191.55,67.85,0.0,0.0,0.0
2005-10-10,2005-11-24,OPTIDX,BANKNIFTY,4710.0,CE,0.0,0.0,0.0,186.55,65.5,0.0,0.0,0.0
2005-10-10,2005-11-24,OPTIDX,BANKNIFTY,4720.0,CE,0.0,0.0,0.0,181.6,63.25,0.0,0.0,0.0
2005-10-10,2005-11-24,OPTIDX,BANKNIFTY,3950.0,PE,0.0,0.0,0.0,161.95,27.8,0.0,0.0,0.0
2005-10-10,2005-11-24,OPTIDX,BANKNIFTY,3960.0,PE,0.0,0.0,0.0,166.5,29.3,0.0,0.0,0.0
2005-10-10,2005-11-24,OPTIDX,BANKNIFTY,3970.0,PE,0.0,0.0,0.0,171.15,30.85,0.0,0.0,0.0
2005-10-10,2005-11-24,OPTIDX,BANKNIFTY,3980.0,PE,0.0,0.0,0.0,175.85,32.45,0.0,0.0,0.0
2005-10-10,2005-11-24,OPTIDX,BANKNIFTY,3990.0,PE,0.0,0.0,0.0,180.6,34.1,0.0,0.0,0.0
2005-10-10,2005-11-24,OPTIDX,BANKNIFTY,4000.0,PE,0.0,0.0,0.0,185.45,35.8,0.0,0.0,0.0
2005-10-10,2005-11-24,OPTIDX,BANKNIFTY,4010.0,PE,0.0,0.0,0.0,174.35,37.6,0.0,0.0,0.0
2005-10-10,2005-11-24,OPTIDX,BANKNIFTY,4020.0,PE,0.0,0.0,0.0,178.95,39.45,0.0,0.0,0.0
2005-10-10,2005-11-24,OPTIDX,BANKNIFTY,4030.0,PE,0.0,0.0,0.0,183.6,41.4,0.0,0.0,0.0
2005-10-10,2005-11-24,OPTIDX,BANKNIFTY,4040.0,PE,0.0,0.0,0.0,188.35,43.4,0.0,0.0,0.0
2005-10-10,2005-11-24,OPTIDX,BANKNIFTY,4050.0,PE,0.0,0.0,0.0,193.15,45.45,0.0,0.0,0.0
2005-10-10,2005-11-24,OPTIDX,BANKNIFTY,4060.0,PE,0.0,0.0,0.0,198.05,47.6,0.0,0.0,0.0
2005-10-10,2005-11-24,OPTIDX,BANKNIFTY,4070.0,PE,0.0,0.0,0.0,202.95,49.8,0.0,0.0,0.0
2005-10-10,2005-11-24,OPTIDX,BANKNIFTY,4080.0,PE,0.0,0.0,0.0,197.4,52.1,0.0,0.0,0.0
2005-10-10,2005-11-24,OPTIDX,BANKNIFTY,4090.0,PE,0.0,0.0,0.0,188.3,54.45,0.0,0.0,0.0
2005-10-10,2005-11-24,OPTIDX,BANKNIFTY,4100.0,PE,0.0,0.0,0.0,168.8,56.85,0.0,0.0,0.0
2005-10-10,2005-11-24,OPTIDX,BANKNIFTY,4110.0,PE,0.0,0.0,0.0,173.65,59.55,0.0,0.0,0.0
2005-10-10,2005-11-24,OPTIDX,BANKNIFTY,4120.0,PE,0.0,0.0,0.0,178.55,62.1,0.0,0.0,0.0
2005-10-10,2005-11-24,OPTIDX,BANKNIFTY,4130.0,PE,0.0,0.0,0.0,160.4,64.8,0.0,0.0,0.0
2005-10-10,2005-11-24,OPTIDX,BANKNIFTY,4140.0,PE,0.0,0.0,0.0,165.15,67.5,0.0,0.0,0.0
2005-10-10,2005-11-24,OPTIDX,BANKNIFTY,4150.0,PE,0.0,0.0,0.0,170.0,70.15,0.0,0.0,0.0
2005-10-10,2005-11-24,OPTIDX,BANKNIFTY,4160.0,PE,0.0,0.0,0.0,174.9,73.1,0.0,0.0,0.0
2005-10-10,2005-11-24,OPTIDX,BANKNIFTY,4170.0,PE,0.0,0.0,0.0,158.9,76.1,0.0,0.0,0.0
2005-10-10,2005-11-24,OPTIDX,BANKNIFTY,4180.0,PE,0.0,0.0,0.0,163.65,79.2,0.0,0.0,0.0
2005-10-10,2005-11-24,OPTIDX,BANKNIFTY,4190.0,PE,0.0,0.0,0.0,168.5,82.35,0.0,0.0,0.0
2005-10-10,2005-11-24,OPTIDX,BANKNIFTY,4200.0,PE,0.0,0.0,0.0,173.4,85.65,0.0,0.0,0.0
2005-10-10,2005-11-24,OPTIDX,BANKNIFTY,4210.0,PE,0.0,0.0,0.0,153.25,89.0,0.0,0.0,0.0
2005-10-10,2005-11-24,OPTIDX,BANKNIFTY,4220.0,PE,0.0,0.0,0.0,157.9,92.4,0.0,0.0,0.0
2005-10-10,2005-11-24,OPTIDX,BANKNIFTY,4230.0,PE,0.0,0.0,0.0,162.65,95.95,0.0,0.0,0.0
2005-10-10,2005-11-24,OPTIDX,BANKNIFTY,4240.0,PE,0.0,0.0,0.0,167.45,99.55,0.0,0.0,0.0
2005-10-10,2005-11-24,OPTIDX,BANKNIFTY,4250.0,PE,0.0,0.0,0.0,172.3,103.25,0.0,0.0,0.0
2005-10-10,2005-11-24,OPTIDX,BANKNIFTY,4260.0,PE,0.0,0.0,0.0,147.6,107.05,0.0,0.0,0.0
2005-10-10,2005-11-24,OPTIDX,BANKNIFTY,4270.0,PE,0.0,0.0,0.0,151.95,110.95,0.0,0.0,0.0
2005-10-10,2005-11-24,OPTIDX,BANKNIFTY,4280.0,PE,0.0,0.0,0.0,156.4,114.95,0.0,0.0,0.0
2005-10-10,2005-11-24,OPTIDX,BANKNIFTY,4290.0,PE,0.0,0.0,0.0,160.9,119.0,0.0,0.0,0.0
2005-10-10,2005-11-24,OPTIDX,BANKNIFTY,4300.0,PE,0.0,0.0,0.0,165.5,123.15,0.0,0.0,0.0
2005-10-10,2005-11-24,OPTIDX,BANKNIFTY,4310.0,PE,0.0,0.0,0.0,170.15,127.4,0.0,0.0,0.0
2005-10-10,2005-11-24,OPTIDX,BANKNIFTY,4320.0,PE,0.0,0.0,0.0,174.9,131.75,0.0,0.0,0.0
2005-10-10,2005-11-24,OPTIDX,BANKNIFTY,4330.0,PE,0.0,0.0,0.0,179.75,136.2,0.0,0.0,0.0
2005-10-10,2005-11-24,OPTIDX,BANKNIFTY,4340.0,PE,0.0,0.0,0.0,184.6,140.75,0.0,0.0,0.0
2005-10-10,2005-11-24,OPTIDX,BANKNIFTY,4350.0,PE,0.0,0.0,0.0,163.55,145.35,0.0,0.0,0.0
2005-10-10,2005-11-24,OPTIDX,BANKNIFTY,4360.0,PE,0.0,0.0,0.0,168.2,150.05,0.0,0.0,0.0
2005-10-10,2005-11-24,OPTIDX,BANKNIFTY,4370.0,PE,0.0,0.0,0.0,173.0,154.85,0.0,0.0,0.0
2005-10-10,2005-11-24,OPTIDX,BANKNIFTY,4380.0,PE,0.0,0.0,0.0,177.8,159.75,0.0,0.0,0.0
2005-10-10,2005-11-24,OPTIDX,BANKNIFTY,4390.0,PE,0.0,0.0,0.0,182.75,164.75,0.0,0.0,0.0
2005-10-10,2005-11-24,OPTIDX,BANKNIFTY,4400.0,PE,0.0,0.0,0.0,164.25,169.8,0.0,0.0,0.0
2005-10-10,2005-11-24,OPTIDX,BANKNIFTY,4410.0,PE,0.0,0.0,0.0,168.95,175.0,0.0,0.0,0.0
2005-10-10,2005-11-24,OPTIDX,BANKNIFTY,4420.0,PE,0.0,0.0,0.0,173.75,180.25,0.0,0.0,0.0
2005-10-10,2005-11-24,OPTIDX,BANKNIFTY,4430.0,PE,0.0,0.0,0.0,178.6,185.6,0.0,0.0,0.0
2005-10-10,2005-11-24,OPTIDX,BANKNIFTY,4440.0,PE,0.0,0.0,0.0,183.55,191.05,0.0,0.0,0.0
2005-10-10,2005-11-24,OPTIDX,BANKNIFTY,4450.0,PE,0.0,0.0,0.0,174.5,196.6,0.0,0.0,0.0
2005-10-10,2005-11-24,OPTIDX,BANKNIFTY,4460.0,PE,0.0,0.0,0.0,161.7,202.2,0.0,0.0,0.0
2005-10-10,2005-11-24,OPTIDX,BANKNIFTY,4470.0,PE,0.0,0.0,0.0,166.55,207.95,0.0,0.0,0.0
2005-10-10,2005-11-24,OPTIDX,BANKNIFTY,4480.0,PE,0.0,0.0,0.0,171.4,213.75,0.0,0.0,0.0
2005-10-10,2005-11-24,OPTIDX,BANKNIFTY,4490.0,PE,0.0,0.0,0.0,157.15,219.6,0.0,0.0,0.0
2005-10-10,2005-11-24,OPTIDX,BANKNIFTY,4500.0,PE,0.0,0.0,0.0,161.95,225.6,0.0,0.0,0.0
2005-10-10,2005-11-24,OPTIDX,BANKNIFTY,4510.0,PE,0.0,0.0,0.0,166.8,231.65,0.0,0.0,0.0
2005-10-10,2005-11-24,OPTIDX,BANKNIFTY,4520.0,PE,0.0,0.0,0.0,171.75,237.8,0.0,0.0,0.0
2005-10-10,2005-11-24,OPTIDX,BANKNIFTY,4530.0,PE,0.0,0.0,0.0,149.45,244.05,0.0,0.0,0.0
2005-10-10,2005-11-24,OPTIDX,BANKNIFTY,4540.0,PE,0.0,0.0,0.0,154.1,250.35,0.0,0.0,0.0
2005-10-10,2005-11-24,OPTIDX,BANKNIFTY,4550.0,PE,0.0,0.0,0.0,158.85,256.75,0.0,0.0,0.0
2005-10-10,2005-11-24,OPTIDX,BANKNIFTY,4560.0,PE,0.0,0.0,0.0,163.7,263.25,0.0,0.0,0.0
2005-10-10,2005-11-24,OPTIDX,BANKNIFTY,4570.0,PE,0.0,0.0,0.0,168.65,269.8,0.0,0.0,0.0
2005-10-10,2005-11-24,OPTIDX,BANKNIFTY,4580.0,PE,0.0,0.0,0.0,144.2,276.45,0.0,0.0,0.0
2005-10-10,2005-11-24,OPTIDX,BANKNIFTY,4590.0,PE,0.0,0.0,0.0,148.7,283.15,0.0,0.0,0.0
2005-10-10,2005-11-24,OPTIDX,BANKNIFTY,4600.0,PE,0.0,0.0,0.0,153.25,289.95,0.0,0.0,0.0
2005-10-10,2005-11-24,OPTIDX,BANKNIFTY,4610.0,PE,0.0,0.0,0.0,157.95,296.85,0.0,0.0,0.0
2005-10-10,2005-11-24,OPTIDX,BANKNIFTY,4620.0,PE,0.0,0.0,0.0,162.7,303.8,0.0,0.0,0.0
2005-10-10,2005-11-24,OPTIDX,BANKNIFTY,4630.0,PE,0.0,0.0,0.0,167.5,310.8,0.0,0.0,0.0
2005-10-10,2005-11-24,OPTIDX,BANKNIFTY,4640.0,PE,0.0,0.0,0.0,172.4,317.9,0.0,0.0,0.0
2005-10-10,2005-11-24,OPTIDX,BANKNIFTY,4650.0,PE,0.0,0.0,0.0,176.0,325.1,0.0,0.0,0.0
2005-10-10,2005-11-24,OPTIDX,BANKNIFTY,4660.0,PE,0.0,0.0,0.0,140.85,332.35,0.0,0.0,0.0
2005-10-10,2005-11-24,OPTIDX,BANKNIFTY,4670.0,PE,0.0,0.0,0.0,145.4,339.65,0.0,0.0,0.0
2005-10-10,2005-11-24,OPTIDX,BANKNIFTY,4680.0,PE,0.0,0.0,0.0,150.0,347.25,0.0,0.0,0.0
2005-10-10,2005-11-24,OPTIDX,BANKNIFTY,4690.0,PE,0.0,0.0,0.0,154.75,354.75,0.0,0.0,0.0
2005-10-10,2005-11-24,OPTIDX,BANKNIFTY,4700.0,PE,0.0,0.0,0.0,159.55,362.25,0.0,0.0,0.0
2005-10-10,2005-11-24,OPTIDX,BANKNIFTY,4710.0,PE,0.0,0.0,0.0,164.45,369.9,0.0,0.0,0.0
2005-10-10,2005-11-24,OPTIDX,BANKNIFTY,4720.0,PE,0.0,0.0,0.0,169.4,377.55,0.0,0.0,0.0
2005-10-10,2005-12-29,OPTIDX,BANKNIFTY,4340.0,CE,0.0,0.0,0.0,0.0,0.0,0.0,0.0,0.0
2005-10-10,2005-12-29,OPTIDX,BANKNIFTY,4350.0,CE,0.0,0.0,0.0,0.0,0.0,0.0,0.0,0.0
2005-10-10,2005-12-29,OPTIDX,BANKNIFTY,4360.0,CE,0.0,0.0,0.0,0.0,0.0,0.0,0.0,0.0
2005-10-10,2005-12-29,OPTIDX,BANKNIFTY,4370.0,CE,0.0,0.0,0.0,0.0,0.0,0.0,0.0,0.0
2005-10-10,2005-12-29,OPTIDX,BANKNIFTY,4380.0,CE,0.0,0.0,0.0,286.5,252.35,0.0,0.0,0.0
2005-10-10,2005-12-29,OPTIDX,BANKNIFTY,4390.0,CE,0.0,0.0,0.0,281.25,247.35,0.0,0.0,0.0
2005-10-10,2005-12-29,OPTIDX,BANKNIFTY,4400.0,CE,0.0,0.0,0.0,276.05,242.45,0.0,0.0,0.0
2005-10-10,2005-12-29,OPTIDX,BANKNIFTY,4410.0,CE,0.0,0.0,0.0,270.95,237.6,0.0,0.0,0.0
2005-10-10,2005-12-29,OPTIDX,BANKNIFTY,4420.0,CE,0.0,0.0,0.0,265.9,232.85,0.0,0.0,0.0
2005-10-10,2005-12-29,OPTIDX,BANKNIFTY,4430.0,CE,0.0,0.0,0.0,260.9,228.15,0.0,0.0,0.0
2005-10-10,2005-12-29,OPTIDX,BANKNIFTY,4440.0,CE,0.0,0.0,0.0,289.6,223.5,0.0,0.0,0.0
2005-10-10,2005-12-29,OPTIDX,BANKNIFTY,4450.0,CE,0.0,0.0,0.0,284.45,218.95,0.0,0.0,0.0
2005-10-10,2005-12-29,OPTIDX,BANKNIFTY,4460.0,CE,0.0,0.0,0.0,279.35,214.45,0.0,0.0,0.0
2005-10-10,2005-12-29,OPTIDX,BANKNIFTY,4470.0,CE,0.0,0.0,0.0,274.3,210.0,0.0,0.0,0.0
2005-10-10,2005-12-29,OPTIDX,BANKNIFTY,4480.0,CE,0.0,0.0,0.0,269.3,205.6,0.0,0.0,0.0
2005-10-10,2005-12-29,OPTIDX,BANKNIFTY,4490.0,CE,0.0,0.0,0.0,264.35,201.3,0.0,0.0,0.0
2005-10-10,2005-12-29,OPTIDX,BANKNIFTY,4500.0,CE,0.0,0.0,0.0,259.5,197.1,0.0,0.0,0.0
2005-10-10,2005-12-29,OPTIDX,BANKNIFTY,4510.0,CE,0.0,0.0,0.0,254.7,192.9,0.0,0.0,0.0
2005-10-10,2005-12-29,OPTIDX,BANKNIFTY,4520.0,CE,0.0,0.0,0.0,249.95,188.8,0.0,0.0,0.0
2005-10-10,2005-12-29,OPTIDX,BANKNIFTY,4530.0,CE,0.0,0.0,0.0,245.3,184.75,0.0,0.0,0.0
2005-10-10,2005-12-29,OPTIDX,BANKNIFTY,4540.0,CE,0.0,0.0,0.0,240.65,180.8,0.0,0.0,0.0
2005-10-10,2005-12-29,OPTIDX,BANKNIFTY,4550.0,CE,0.0,0.0,0.0,236.1,176.9,0.0,0.0,0.0
2005-10-10,2005-12-29,OPTIDX,BANKNIFTY,4560.0,CE,0.0,0.0,0.0,231.65,173.05,0.0,0.0,0.0
2005-10-10,2005-12-29,OPTIDX,BANKNIFTY,4570.0,CE,0.0,0.0,0.0,290.45,169.25,0.0,0.0,0.0
2005-10-10,2005-12-29,OPTIDX,BANKNIFTY,4580.0,CE,0.0,0.0,0.0,285.15,165.55,0.0,0.0,0.0
2005-10-10,2005-12-29,OPTIDX,BANKNIFTY,4590.0,CE,0.0,0.0,0.0,279.95,161.85,0.0,0.0,0.0
2005-10-10,2005-12-29,OPTIDX,BANKNIFTY,4600.0,CE,0.0,0.0,0.0,274.8,158.3,0.0,0.0,0.0
2005-10-10,2005-12-29,OPTIDX,BANKNIFTY,4610.0,CE,0.0,0.0,0.0,269.75,154.75,0.0,0.0,0.0
2005-10-10,2005-12-29,OPTIDX,BANKNIFTY,4620.0,CE,0.0,0.0,0.0,264.7,151.25,0.0,0.0,0.0
2005-10-10,2005-12-29,OPTIDX,BANKNIFTY,4630.0,CE,0.0,0.0,0.0,259.75,147.85,0.0,0.0,0.0
2005-10-10,2005-12-29,OPTIDX,BANKNIFTY,4640.0,CE,0.0,0.0,0.0,259.6,144.5,0.0,0.0,0.0
2005-10-10,2005-12-29,OPTIDX,BANKNIFTY,4650.0,CE,0.0,0.0,0.0,254.6,141.2,0.0,0.0,0.0
2005-10-10,2005-12-29,OPTIDX,BANKNIFTY,4660.0,CE,0.0,0.0,0.0,278.15,137.95,0.0,0.0,0.0
2005-10-10,2005-12-29,OPTIDX,BANKNIFTY,4670.0,CE,0.0,0.0,0.0,272.8,134.8,0.0,0.0,0.0
2005-10-10,2005-12-29,OPTIDX,BANKNIFTY,4680.0,CE,0.0,0.0,0.0,267.55,131.65,0.0,0.0,0.0
2005-10-10,2005-12-29,OPTIDX,BANKNIFTY,4690.0,CE,0.0,0.0,0.0,262.35,128.6,0.0,0.0,0.0
2005-10-10,2005-12-29,OPTIDX,BANKNIFTY,4700.0,CE,0.0,0.0,0.0,257.2,125.6,0.0,0.0,0.0
2005-10-10,2005-12-29,OPTIDX,BANKNIFTY,4710.0,CE,0.0,0.0,0.0,252.15,122.65,0.0,0.0,0.0
2005-10-10,2005-12-29,OPTIDX,BANKNIFTY,4720.0,CE,0.0,0.0,0.0,247.15,119.75,0.0,0.0,0.0
2005-10-10,2005-12-29,OPTIDX,BANKNIFTY,4340.0,PE,0.0,0.0,0.0,0.0,0.0,0.0,0.0,0.0
2005-10-10,2005-12-29,OPTIDX,BANKNIFTY,4350.0,PE,0.0,0.0,0.0,0.0,0.0,0.0,0.0,0.0
2005-10-10,2005-12-29,OPTIDX,BANKNIFTY,4360.0,PE,0.0,0.0,0.0,0.0,0.0,0.0,0.0,0.0
2005-10-10,2005-12-29,OPTIDX,BANKNIFTY,4370.0,PE,0.0,0.0,0.0,0.0,0.0,0.0,0.0,0.0
2005-10-10,2005-12-29,OPTIDX,BANKNIFTY,4380.0,PE,0.0,0.0,0.0,193.0,204.1,0.0,0.0,0.0
2005-10-10,2005-12-29,OPTIDX,BANKNIFTY,4390.0,PE,0.0,0.0,0.0,197.6,209.0,0.0,0.0,0.0
2005-10-10,2005-12-29,OPTIDX,BANKNIFTY,4400.0,PE,0.0,0.0,0.0,202.3,213.95,0.0,0.0,0.0
2005-10-10,2005-12-29,OPTIDX,BANKNIFTY,4410.0,PE,0.0,0.0,0.0,207.05,219.0,0.0,0.0,0.0
2005-10-10,2005-12-29,OPTIDX,BANKNIFTY,4420.0,PE,0.0,0.0,0.0,211.85,224.1,0.0,0.0,0.0
2005-10-10,2005-12-29,OPTIDX,BANKNIFTY,4430.0,PE,0.0,0.0,0.0,216.7,229.25,0.0,0.0,0.0
2005-10-10,2005-12-29,OPTIDX,BANKNIFTY,4440.0,PE,0.0,0.0,0.0,203.7,234.5,0.0,0.0,0.0
2005-10-10,2005-12-29,OPTIDX,BANKNIFTY,4450.0,PE,0.0,0.0,0.0,208.35,239.8,0.0,0.0,0.0
2005-10-10,2005-12-29,OPTIDX,BANKNIFTY,4460.0,PE,0.0,0.0,0.0,213.1,245.15,0.0,0.0,0.0
2005-10-10,2005-12-29,OPTIDX,BANKNIFTY,4470.0,PE,0.0,0.0,0.0,217.95,250.6,0.0,0.0,0.0
2005-10-10,2005-12-29,OPTIDX,BANKNIFTY,4480.0,PE,0.0,0.0,0.0,222.8,256.1,0.0,0.0,0.0
2005-10-10,2005-12-29,OPTIDX,BANKNIFTY,4490.0,PE,0.0,0.0,0.0,227.75,261.65,0.0,0.0,0.0
2005-10-10,2005-12-29,OPTIDX,BANKNIFTY,4500.0,PE,0.0,0.0,0.0,232.75,267.3,0.0,0.0,0.0
2005-10-10,2005-12-29,OPTIDX,BANKNIFTY,4510.0,PE,0.0,0.0,0.0,237.8,273.0,0.0,0.0,0.0
2005-10-10,2005-12-29,OPTIDX,BANKNIFTY,4520.0,PE,0.0,0.0,0.0,242.9,278.75,0.0,0.0,0.0
2005-10-10,2005-12-29,OPTIDX,BANKNIFTY,4530.0,PE,0.0,0.0,0.0,248.1,284.6,0.0,0.0,0.0
2005-10-10,2005-12-29,OPTIDX,BANKNIFTY,4540.0,PE,0.0,0.0,0.0,253.35,290.5,0.0,0.0,0.0
2005-10-10,2005-12-29,OPTIDX,BANKNIFTY,4550.0,PE,0.0,0.0,0.0,258.7,296.45,0.0,0.0,0.0
2005-10-10,2005-12-29,OPTIDX,BANKNIFTY,4560.0,PE,0.0,0.0,0.0,264.05,302.45,0.0,0.0,0.0
2005-10-10,2005-12-29,OPTIDX,BANKNIFTY,4570.0,PE,0.0,0.0,0.0,193.0,308.55,0.0,0.0,0.0
2005-10-10,2005-12-29,OPTIDX,BANKNIFTY,4580.0,PE,0.0,0.0,0.0,197.55,314.7,0.0,0.0,0.0
2005-10-10,2005-12-29,OPTIDX,BANKNIFTY,4590.0,PE,0.0,0.0,0.0,202.2,320.9,0.0,0.0,0.0
2005-10-10,2005-12-29,OPTIDX,BANKNIFTY,4600.0,PE,0.0,0.0,0.0,206.9,327.2,0.0,0.0,0.0
2005-10-10,2005-12-29,OPTIDX,BANKNIFTY,4610.0,PE,0.0,0.0,0.0,211.7,333.5,0.0,0.0,0.0
2005-10-10,2005-12-29,OPTIDX,BANKNIFTY,4620.0,PE,0.0,0.0,0.0,216.5,339.9,0.0,0.0,0.0
2005-10-10,2005-12-29,OPTIDX,BANKNIFTY,4630.0,PE,0.0,0.0,0.0,221.4,346.35,0.0,0.0,0.0
2005-10-10,2005-12-29,OPTIDX,BANKNIFTY,4640.0,PE,0.0,0.0,0.0,208.65,352.85,0.0,0.0,0.0
2005-10-10,2005-12-29,OPTIDX,BANKNIFTY,4650.0,PE,0.0,0.0,0.0,213.55,359.45,0.0,0.0,0.0
2005-10-10,2005-12-29,OPTIDX,BANKNIFTY,4660.0,PE,0.0,0.0,0.0,180.0,366.05,0.0,0.0,0.0
2005-10-10,2005-12-29,OPTIDX,BANKNIFTY,4670.0,PE,0.0,0.0,0.0,184.5,372.75,0.0,0.0,0.0
2005-10-10,2005-12-29,OPTIDX,BANKNIFTY,4680.0,PE,0.0,0.0,0.0,189.1,379.5,0.0,0.0,0.0
2005-10-10,2005-12-29,OPTIDX,BANKNIFTY,4690.0,PE,0.0,0.0,0.0,193.75,386.3,0.0,0.0,0.0
2005-10-10,2005-12-29,OPTIDX,BANKNIFTY,4700.0,PE,0.0,0.0,0.0,198.5,393.15,0.0,0.0,0.0
2005-10-10,2005-12-29,OPTIDX,BANKNIFTY,4710.0,PE,0.0,0.0,0.0,203.3,400.1,0.0,0.0,0.0
2005-10-10,2005-12-29,OPTIDX,BANKNIFTY,4720.0,PE,0.0,0.0,0.0,208.15,407.05,0.0,0.0,0.0
2005-10-10,2005-10-27,OPTIDX,CNXIT,2930.0,CE,0.0,0.0,0.0,175.3,461.05,0.0,0.0,0.0
2005-10-10,2005-10-27,OPTIDX,CNXIT,2940.0,CE,0.0,0.0,0.0,169.9,451.2,0.0,0.0,0.0
2005-10-10,2005-10-27,OPTIDX,CNXIT,2950.0,CE,0.0,0.0,0.0,164.65,441.3,0.0,0.0,0.0
2005-10-10,2005-10-27,OPTIDX,CNXIT,2960.0,CE,0.0,0.0,0.0,182.2,431.45,0.0,0.0,0.0
2005-10-10,2005-10-27,OPTIDX,CNXIT,2970.0,CE,0.0,0.0,0.0,176.85,421.65,0.0,0.0,0.0
2005-10-10,2005-10-27,OPTIDX,CNXIT,2980.0,CE,0.0,0.0,0.0,171.55,411.85,0.0,0.0,0.0
2005-10-10,2005-10-27,OPTIDX,CNXIT,2990.0,CE,0.0,0.0,0.0,166.4,402.05,0.0,0.0,0.0
2005-10-10,2005-10-27,OPTIDX,CNXIT,3000.0,CE,0.0,0.0,0.0,161.3,392.3,0.0,0.0,0.0
2005-10-10,2005-10-27,OPTIDX,CNXIT,3010.0,CE,0.0,0.0,0.0,156.35,382.55,0.0,0.0,0.0
2005-10-10,2005-10-27,OPTIDX,CNXIT,3020.0,CE,0.0,0.0,0.0,151.5,372.9,0.0,0.0,0.0
2005-10-10,2005-10-27,OPTIDX,CNXIT,3030.0,CE,0.0,0.0,0.0,165.9,363.25,0.0,0.0,0.0
2005-10-10,2005-10-27,OPTIDX,CNXIT,3040.0,CE,0.0,0.0,0.0,160.95,353.6,0.0,0.0,0.0
2005-10-10,2005-10-27,OPTIDX,CNXIT,3050.0,CE,0.0,0.0,0.0,156.1,344.05,0.0,0.0,0.0
2005-10-10,2005-10-27,OPTIDX,CNXIT,3060.0,CE,0.0,0.0,0.0,182.85,334.55,0.0,0.0,0.0
2005-10-10,2005-10-27,OPTIDX,CNXIT,3070.0,CE,0.0,0.0,0.0,177.7,325.05,0.0,0.0,0.0
2005-10-10,2005-10-27,OPTIDX,CNXIT,3080.0,CE,0.0,0.0,0.0,172.6,315.65,0.0,0.0,0.0
2005-10-10,2005-10-27,OPTIDX,CNXIT,3090.0,CE,0.0,0.0,0.0,167.6,306.35,0.0,0.0,0.0
2005-10-10,2005-10-27,OPTIDX,CNXIT,3100.0,CE,0.0,0.0,0.0,162.7,297.05,0.0,0.0,0.0
2005-10-10,2005-10-27,OPTIDX,CNXIT,3110.0,CE,0.0,0.0,0.0,117.2,287.85,0.0,0.0,0.0
2005-10-10,2005-10-27,OPTIDX,CNXIT,3120.0,CE,0.0,0.0,0.0,144.45,278.75,0.0,0.0,0.0
2005-10-10,2005-10-27,OPTIDX,CNXIT,3130.0,CE,0.0,0.0,0.0,139.2,269.7,0.0,0.0,0.0
2005-10-10,2005-10-27,OPTIDX,CNXIT,3140.0,CE,0.0,0.0,0.0,134.1,260.75,0.0,0.0,0.0
2005-10-10,2005-10-27,OPTIDX,CNXIT,3150.0,CE,0.0,0.0,0.0,129.1,251.9,0.0,0.0,0.0
2005-10-10,2005-10-27,OPTIDX,CNXIT,3160.0,CE,0.0,0.0,0.0,124.25,243.15,0.0,0.0,0.0
2005-10-10,2005-10-27,OPTIDX,CNXIT,3170.0,CE,0.0,0.0,0.0,142.8,234.55,0.0,0.0,0.0
2005-10-10,2005-10-27,OPTIDX,CNXIT,3180.0,CE,0.0,0.0,0.0,137.65,226.0,0.0,0.0,0.0
2005-10-10,2005-10-27,OPTIDX,CNXIT,3190.0,CE,0.0,0.0,0.0,132.6,217.6,0.0,0.0,0.0
2005-10-10,2005-10-27,OPTIDX,CNXIT,3200.0,CE,0.0,0.0,0.0,127.7,209.35,0.0,0.0,0.0
2005-10-10,2005-10-27,OPTIDX,CNXIT,3210.0,CE,0.0,0.0,0.0,122.9,201.2,0.0,0.0,0.0
2005-10-10,2005-10-27,OPTIDX,CNXIT,3220.0,CE,0.0,0.0,0.0,139.3,193.2,0.0,0.0,0.0
2005-10-10,2005-10-27,OPTIDX,CNXIT,3230.0,CE,0.0,0.0,0.0,134.25,185.35,0.0,0.0,0.0
2005-10-10,2005-10-27,OPTIDX,CNXIT,3240.0,CE,0.0,0.0,0.0,129.3,177.65,0.0,0.0,0.0
2005-10-10,2005-10-27,OPTIDX,CNXIT,3250.0,CE,0.0,0.0,0.0,124.5,170.05,0.0,0.0,0.0
2005-10-10,2005-10-27,OPTIDX,CNXIT,3260.0,CE,0.0,0.0,0.0,94.7,162.8,0.0,0.0,0.0
2005-10-10,2005-10-27,OPTIDX,CNXIT,3270.0,CE,0.0,0.0,0.0,92.15,155.4,0.0,0.0,0.0
2005-10-10,2005-10-27,OPTIDX,CNXIT,3280.0,CE,0.0,0.0,0.0,106.25,148.35,0.0,0.0,0.0
2005-10-10,2005-10-27,OPTIDX,CNXIT,3290.0,CE,0.0,0.0,0.0,101.15,141.5,0.0,0.0,0.0
2005-10-10,2005-10-27,OPTIDX,CNXIT,3300.0,CE,0.0,0.0,0.0,96.2,134.8,0.0,0.0,0.0
2005-10-10,2005-10-27,OPTIDX,CNXIT,3310.0,CE,0.0,0.0,0.0,91.4,128.25,0.0,0.0,0.0
2005-10-10,2005-10-27,OPTIDX,CNXIT,3320.0,CE,0.0,0.0,0.0,96.3,121.95,0.0,0.0,0.0
2005-10-10,2005-10-27,OPTIDX,CNXIT,3330.0,CE,0.0,0.0,0.0,91.15,115.8,0.0,0.0,0.0
2005-10-10,2005-10-27,OPTIDX,CNXIT,3340.0,CE,0.0,0.0,0.0,86.2,109.8,0.0,0.0,0.0
2005-10-10,2005-10-27,OPTIDX,CNXIT,3350.0,CE,0.0,0.0,0.0,81.45,104.05,0.0,0.0,0.0
2005-10-10,2005-10-27,OPTIDX,CNXIT,3360.0,CE,0.0,0.0,0.0,98.75,98.45,0.0,0.0,0.0
2005-10-10,2005-10-27,OPTIDX,CNXIT,3370.0,CE,0.0,0.0,0.0,93.85,93.1,0.0,0.0,0.0
2005-10-10,2005-10-27,OPTIDX,CNXIT,3380.0,CE,0.0,0.0,0.0,89.15,87.9,0.0,0.0,0.0
2005-10-10,2005-10-27,OPTIDX,CNXIT,3390.0,CE,0.0,0.0,0.0,130.75,82.9,0.0,0.0,0.0
2005-10-10,2005-10-27,OPTIDX,CNXIT,3400.0,CE,0.0,0.0,0.0,125.1,78.1,0.0,0.0,0.0
2005-10-10,2005-10-27,OPTIDX,CNXIT,3410.0,CE,0.0,0.0,0.0,119.6,73.5,0.0,0.0,0.0
2005-10-10,2005-10-27,OPTIDX,CNXIT,3420.0,CE,0.0,0.0,0.0,114.25,69.05,0.0,0.0,0.0
2005-10-10,2005-10-27,OPTIDX,CNXIT,3430.0,CE,0.0,0.0,0.0,109.05,64.8,0.0,0.0,0.0
2005-10-10,2005-10-27,OPTIDX,CNXIT,3440.0,CE,0.0,0.0,0.0,104.0,60.8,0.0,0.0,0.0
2005-10-10,2005-10-27,OPTIDX,CNXIT,3450.0,CE,0.0,0.0,0.0,99.1,56.9,0.0,0.0,0.0
2005-10-10,2005-10-27,OPTIDX,CNXIT,3460.0,CE,0.0,0.0,0.0,94.4,53.25,0.0,0.0,0.0
2005-10-10,2005-10-27,OPTIDX,CNXIT,3470.0,CE,0.0,0.0,0.0,89.8,49.75,0.0,0.0,0.0
2005-10-10,2005-10-27,OPTIDX,CNXIT,2930.0,PE,0.0,0.0,0.0,108.35,0.55,0.0,0.0,0.0
2005-10-10,2005-10-27,OPTIDX,CNXIT,2940.0,PE,0.0,0.0,0.0,112.8,0.65,0.0,0.0,0.0
2005-10-10,2005-10-27,OPTIDX,CNXIT,2950.0,PE,0.0,0.0,0.0,117.4,0.75,0.0,0.0,0.0
2005-10-10,2005-10-27,OPTIDX,CNXIT,2960.0,PE,0.0,0.0,0.0,112.55,0.85,0.0,0.0,0.0
2005-10-10,2005-10-27,OPTIDX,CNXIT,2970.0,PE,0.0,0.0,0.0,117.05,1.0,0.0,0.0,0.0
2005-10-10,2005-10-27,OPTIDX,CNXIT,2980.0,PE,0.0,0.0,0.0,121.6,1.2,0.0,0.0,0.0
2005-10-10,2005-10-27,OPTIDX,CNXIT,2990.0,PE,0.0,0.0,0.0,126.3,1.35,0.0,0.0,0.0
2005-10-10,2005-10-27,OPTIDX,CNXIT,3000.0,PE,0.0,0.0,0.0,131.1,1.6,0.0,0.0,0.0
2005-10-10,2005-10-27,OPTIDX,CNXIT,3010.0,PE,0.0,0.0,0.0,136.0,1.85,0.0,0.0,0.0
2005-10-10,2005-10-27,OPTIDX,CNXIT,3020.0,PE,0.0,0.0,0.0,141.0,2.1,0.0,0.0,0.0
2005-10-10,2005-10-27,OPTIDX,CNXIT,3030.0,PE,0.0,0.0,0.0,134.15,2.45,0.0,0.0,0.0
2005-10-10,2005-10-27,OPTIDX,CNXIT,3040.0,PE,0.0,0.0,0.0,139.05,2.8,0.0,0.0,0.0
2005-10-10,2005-10-27,OPTIDX,CNXIT,3050.0,PE,0.0,0.0,0.0,144.05,3.2,0.0,0.0,0.0
2005-10-10,2005-10-27,OPTIDX,CNXIT,3060.0,PE,0.0,0.0,0.0,127.85,3.65,0.0,0.0,0.0
2005-10-10,2005-10-27,OPTIDX,CNXIT,3070.0,PE,0.0,0.0,0.0,132.5,4.2,0.0,0.0,0.0
2005-10-10,2005-10-27,OPTIDX,CNXIT,3080.0,PE,0.0,0.0,0.0,137.3,4.75,0.0,0.0,0.0
2005-10-10,2005-10-27,OPTIDX,CNXIT,3090.0,PE,0.0,0.0,0.0,142.15,5.4,0.0,0.0,0.0
2005-10-10,2005-10-27,OPTIDX,CNXIT,3100.0,PE,0.0,0.0,0.0,147.1,6.1,0.0,0.0,0.0
2005-10-10,2005-10-27,OPTIDX,CNXIT,3110.0,PE,0.0,0.0,0.0,120.75,6.85,0.0,0.0,0.0
2005-10-10,2005-10-27,OPTIDX,CNXIT,3120.0,PE,0.0,0.0,0.0,102.4,7.7,0.0,0.0,0.0
2005-10-10,2005-10-27,OPTIDX,CNXIT,3130.0,PE,0.0,0.0,0.0,107.05,8.65,0.0,0.0,0.0
2005-10-10,2005-10-27,OPTIDX,CNXIT,3140.0,PE,0.0,0.0,0.0,111.85,9.7,0.0,0.0,0.0
2005-10-10,2005-10-27,OPTIDX,CNXIT,3150.0,PE,0.0,0.0,0.0,116.75,10.8,0.0,0.0,0.0
2005-10-10,2005-10-27,OPTIDX,CNXIT,3160.0,PE,0.0,0.0,0.0,121.8,12.05,0.0,0.0,0.0
2005-10-10,2005-10-27,OPTIDX,CNXIT,3170.0,PE,0.0,0.0,0.0,106.3,13.4,0.0,0.0,0.0
2005-10-10,2005-10-27,OPTIDX,CNXIT,3180.0,PE,0.0,0.0,0.0,111.05,14.85,0.0,0.0,0.0
2005-10-10,2005-10-27,OPTIDX,CNXIT,3190.0,PE,0.0,0.0,0.0,115.9,16.4,0.0,0.0,0.0
2005-10-10,2005-10-27,OPTIDX,CNXIT,3200.0,PE,0.0,0.0,0.0,60.0,18.1,0.0,0.0,100.0
2005-10-10,2005-10-27,OPTIDX,CNXIT,3210.0,PE,0.0,0.0,0.0,126.0,19.95,0.0,0.0,0.0
2005-10-10,2005-10-27,OPTIDX,CNXIT,3220.0,PE,0.0,0.0,0.0,110.7,21.9,0.0,0.0,0.0
2005-10-10,2005-10-27,OPTIDX,CNXIT,3230.0,PE,0.0,0.0,0.0,115.55,24.05,0.0,0.0,0.0
2005-10-10,2005-10-27,OPTIDX,CNXIT,3240.0,PE,0.0,0.0,0.0,120.5,26.3,0.0,0.0,0.0
2005-10-10,2005-10-27,OPTIDX,CNXIT,3250.0,PE,0.0,0.0,0.0,125.6,28.7,0.0,0.0,0.0
2005-10-10,2005-10-27,OPTIDX,CNXIT,3260.0,PE,0.0,0.0,0.0,104.8,31.4,0.0,0.0,0.0
2005-10-10,2005-10-27,OPTIDX,CNXIT,3270.0,PE,0.0,0.0,0.0,100.35,34.0,0.0,0.0,0.0
2005-10-10,2005-10-27,OPTIDX,CNXIT,3280.0,PE,0.0,0.0,0.0,83.6,36.95,0.0,0.0,0.0
2005-10-10,2005-10-27,OPTIDX,CNXIT,3290.0,PE,0.0,0.0,0.0,88.4,40.05,0.0,0.0,0.0
2005-10-10,2005-10-27,OPTIDX,CNXIT,3300.0,PE,0.0,0.0,0.0,93.35,43.3,0.0,0.0,0.0
2005-10-10,2005-10-27,OPTIDX,CNXIT,3310.0,PE,0.0,0.0,0.0,98.5,46.75,0.0,0.0,0.0
2005-10-10,2005-10-27,OPTIDX,CNXIT,3320.0,PE,0.0,0.0,0.0,75.85,50.4,0.0,0.0,0.0
2005-10-10,2005-10-27,OPTIDX,CNXIT,3330.0,PE,0.0,0.0,0.0,80.7,54.2,0.0,0.0,0.0
2005-10-10,2005-10-27,OPTIDX,CNXIT,3340.0,PE,0.0,0.0,0.0,85.65,58.25,0.0,0.0,0.0
2005-10-10,2005-10-27,OPTIDX,CNXIT,3350.0,PE,0.0,0.0,0.0,90.85,62.45,0.0,0.0,0.0
2005-10-10,2005-10-27,OPTIDX,CNXIT,3360.0,PE,0.0,0.0,0.0,91.65,66.85,0.0,0.0,0.0
2005-10-10,2005-10-27,OPTIDX,CNXIT,3370.0,PE,0.0,0.0,0.0,96.75,71.4,0.0,0.0,0.0
2005-10-10,2005-10-27,OPTIDX,CNXIT,3380.0,PE,0.0,0.0,0.0,102.0,76.2,0.0,0.0,0.0
2005-10-10,2005-10-27,OPTIDX,CNXIT,3390.0,PE,0.0,0.0,0.0,73.3,81.15,0.0,0.0,0.0
2005-10-10,2005-10-27,OPTIDX,CNXIT,3400.0,PE,0.0,0.0,0.0,77.6,86.35,0.0,0.0,0.0
2005-10-10,2005-10-27,OPTIDX,CNXIT,3410.0,PE,0.0,0.0,0.0,82.05,91.7,0.0,0.0,0.0
2005-10-10,2005-10-27,OPTIDX,CNXIT,3420.0,PE,0.0,0.0,0.0,86.65,97.25,0.0,0.0,0.0
2005-10-10,2005-10-27,OPTIDX,CNXIT,3430.0,PE,0.0,0.0,0.0,91.4,103.0,0.0,0.0,0.0
2005-10-10,2005-10-27,OPTIDX,CNXIT,3440.0,PE,0.0,0.0,0.0,96.3,108.95,0.0,0.0,0.0
2005-10-10,2005-10-27,OPTIDX,CNXIT,3450.0,PE,0.0,0.0,0.0,101.4,115.05,0.0,0.0,0.0
2005-10-10,2005-10-27,OPTIDX,CNXIT,3460.0,PE,0.0,0.0,0.0,106.65,121.35,0.0,0.0,0.0
2005-10-10,2005-10-27,OPTIDX,CNXIT,3470.0,PE,0.0,0.0,0.0,112.05,127.8,0.0,0.0,0.0
2005-10-10,2005-11-24,OPTIDX,CNXIT,3020.0,CE,0.0,0.0,0.0,183.95,402.2,0.0,0.0,0.0
2005-10-10,2005-11-24,OPTIDX,CNXIT,3030.0,CE,0.0,0.0,0.0,178.5,393.55,0.0,0.0,0.0
2005-10-10,2005-11-24,OPTIDX,CNXIT,3040.0,CE,0.0,0.0,0.0,173.15,384.9,0.0,0.0,0.0
2005-10-10,2005-11-24,OPTIDX,CNXIT,3050.0,CE,0.0,0.0,0.0,167.95,376.35,0.0,0.0,0.0
2005-10-10,2005-11-24,OPTIDX,CNXIT,3060.0,CE,0.0,0.0,0.0,162.8,367.85,0.0,0.0,0.0
2005-10-10,2005-11-24,OPTIDX,CNXIT,3070.0,CE,0.0,0.0,0.0,157.8,359.45,0.0,0.0,0.0
2005-10-10,2005-11-24,OPTIDX,CNXIT,3080.0,CE,0.0,0.0,0.0,152.85,351.15,0.0,0.0,0.0
2005-10-10,2005-11-24,OPTIDX,CNXIT,3090.0,CE,0.0,0.0,0.0,158.1,342.9,0.0,0.0,0.0
2005-10-10,2005-11-24,OPTIDX,CNXIT,3100.0,CE,0.0,0.0,0.0,153.1,334.7,0.0,0.0,0.0
2005-10-10,2005-11-24,OPTIDX,CNXIT,3110.0,CE,0.0,0.0,0.0,148.25,326.65,0.0,0.0,0.0
2005-10-10,2005-11-24,OPTIDX,CNXIT,3120.0,CE,0.0,0.0,0.0,178.25,318.65,0.0,0.0,0.0
2005-10-10,2005-11-24,OPTIDX,CNXIT,3130.0,CE,0.0,0.0,0.0,173.0,310.75,0.0,0.0,0.0
2005-10-10,2005-11-24,OPTIDX,CNXIT,3140.0,CE,0.0,0.0,0.0,167.85,302.95,0.0,0.0,0.0
2005-10-10,2005-11-24,OPTIDX,CNXIT,3150.0,CE,0.0,0.0,0.0,162.85,295.25,0.0,0.0,0.0
2005-10-10,2005-11-24,OPTIDX,CNXIT,3160.0,CE,0.0,0.0,0.0,157.9,287.6,0.0,0.0,0.0
2005-10-10,2005-11-24,OPTIDX,CNXIT,3170.0,CE,0.0,0.0,0.0,177.45,280.1,0.0,0.0,0.0
2005-10-10,2005-11-24,OPTIDX,CNXIT,3180.0,CE,0.0,0.0,0.0,172.25,272.8,0.0,0.0,0.0
2005-10-10,2005-11-24,OPTIDX,CNXIT,3190.0,CE,0.0,0.0,0.0,167.2,265.45,0.0,0.0,0.0
2005-10-10,2005-11-24,OPTIDX,CNXIT,3200.0,CE,0.0,0.0,0.0,162.2,258.2,0.0,0.0,0.0
2005-10-10,2005-11-24,OPTIDX,CNXIT,3210.0,CE,0.0,0.0,0.0,157.35,250.95,0.0,0.0,0.0
2005-10-10,2005-11-24,OPTIDX,CNXIT,3220.0,CE,0.0,0.0,0.0,174.6,243.95,0.0,0.0,0.0
2005-10-10,2005-11-24,OPTIDX,CNXIT,3230.0,CE,0.0,0.0,0.0,169.55,237.05,0.0,0.0,0.0
2005-10-10,2005-11-24,OPTIDX,CNXIT,3240.0,CE,0.0,0.0,0.0,164.55,230.3,0.0,0.0,0.0
2005-10-10,2005-11-24,OPTIDX,CNXIT,3250.0,CE,0.0,0.0,0.0,159.65,223.6,0.0,0.0,0.0
2005-10-10,2005-11-24,OPTIDX,CNXIT,3260.0,CE,0.0,0.0,0.0,128.95,217.05,0.0,0.0,0.0
2005-10-10,2005-11-24,OPTIDX,CNXIT,3270.0,CE,0.0,0.0,0.0,126.1,210.6,0.0,0.0,0.0
2005-10-10,2005-11-24,OPTIDX,CNXIT,3280.0,CE,0.0,0.0,0.0,141.4,204.25,0.0,0.0,0.0
2005-10-10,2005-11-24,OPTIDX,CNXIT,3290.0,CE,0.0,0.0,0.0,136.25,198.05,0.0,0.0,0.0
2005-10-10,2005-11-24,OPTIDX,CNXIT,3300.0,CE,0.0,0.0,0.0,131.2,191.95,0.0,0.0,0.0
2005-10-10,2005-11-24,OPTIDX,CNXIT,3310.0,CE,0.0,0.0,0.0,126.25,185.95,0.0,0.0,0.0
2005-10-10,2005-11-24,OPTIDX,CNXIT,3320.0,CE,0.0,0.0,0.0,132.0,180.1,0.0,0.0,0.0
2005-10-10,2005-11-24,OPTIDX,CNXIT,3330.0,CE,0.0,0.0,0.0,126.8,174.35,0.0,0.0,0.0
2005-10-10,2005-11-24,OPTIDX,CNXIT,3340.0,CE,0.0,0.0,0.0,121.7,168.7,0.0,0.0,0.0
2005-10-10,2005-11-24,OPTIDX,CNXIT,3350.0,CE,0.0,0.0,0.0,116.8,163.2,0.0,0.0,0.0
2005-10-10,2005-11-24,OPTIDX,CNXIT,3360.0,CE,0.0,0.0,0.0,151.75,157.8,0.0,0.0,0.0
2005-10-10,2005-11-24,OPTIDX,CNXIT,3370.0,CE,0.0,0.0,0.0,146.75,152.5,0.0,0.0,0.0
2005-10-10,2005-11-24,OPTIDX,CNXIT,3380.0,CE,0.0,0.0,0.0,141.9,147.35,0.0,0.0,0.0
2005-10-10,2005-11-24,OPTIDX,CNXIT,3390.0,CE,0.0,0.0,0.0,187.5,142.3,0.0,0.0,0.0
2005-10-10,2005-11-24,OPTIDX,CNXIT,3400.0,CE,0.0,0.0,0.0,182.0,137.4,0.0,0.0,0.0
2005-10-10,2005-11-24,OPTIDX,CNXIT,3410.0,CE,0.0,0.0,0.0,176.65,132.6,0.0,0.0,0.0
2005-10-10,2005-11-24,OPTIDX,CNXIT,3420.0,CE,0.0,0.0,0.0,171.4,127.9,0.0,0.0,0.0
2005-10-10,2005-11-24,OPTIDX,CNXIT,3430.0,CE,0.0,0.0,0.0,166.2,123.3,0.0,0.0,0.0
2005-10-10,2005-11-24,OPTIDX,CNXIT,3440.0,CE,0.0,0.0,0.0,161.15,118.85,0.0,0.0,0.0
2005-10-10,2005-11-24,OPTIDX,CNXIT,3450.0,CE,0.0,0.0,0.0,156.2,114.5,0.0,0.0,0.0
2005-10-10,2005-11-24,OPTIDX,CNXIT,3460.0,CE,0.0,0.0,0.0,151.35,110.3,0.0,0.0,0.0
2005-10-10,2005-11-24,OPTIDX,CNXIT,3470.0,CE,0.0,0.0,0.0,146.65,106.2,0.0,0.0,0.0
2005-10-10,2005-11-24,OPTIDX,CNXIT,3020.0,PE,0.0,0.0,0.0,109.25,16.95,0.0,0.0,0.0
2005-10-10,2005-11-24,OPTIDX,CNXIT,3030.0,PE,0.0,0.0,0.0,113.65,18.15,0.0,0.0,0.0
2005-10-10,2005-11-24,OPTIDX,CNXIT,3040.0,PE,0.0,0.0,0.0,118.2,19.45,0.0,0.0,0.0
2005-10-10,2005-11-24,OPTIDX,CNXIT,3050.0,PE,0.0,0.0,0.0,122.8,20.85,0.0,0.0,0.0
2005-10-10,2005-11-24,OPTIDX,CNXIT,3060.0,PE,0.0,0.0,0.0,127.5,22.3,0.0,0.0,0.0
2005-10-10,2005-11-24,OPTIDX,CNXIT,3070.0,PE,0.0,0.0,0.0,132.35,23.8,0.0,0.0,0.0
2005-10-10,2005-11-24,OPTIDX,CNXIT,3080.0,PE,0.0,0.0,0.0,137.3,25.4,0.0,0.0,0.0
2005-10-10,2005-11-24,OPTIDX,CNXIT,3090.0,PE,0.0,0.0,0.0,128.0,27.1,0.0,0.0,0.0
2005-10-10,2005-11-24,OPTIDX,CNXIT,3100.0,PE,0.0,0.0,0.0,132.85,28.85,0.0,0.0,0.0
2005-10-10,2005-11-24,OPTIDX,CNXIT,3110.0,PE,0.0,0.0,0.0,137.85,30.7,0.0,0.0,0.0
2005-10-10,2005-11-24,OPTIDX,CNXIT,3120.0,PE,0.0,0.0,0.0,122.15,32.65,0.0,0.0,0.0
2005-10-10,2005-11-24,OPTIDX,CNXIT,3130.0,PE,0.0,0.0,0.0,126.75,34.65,0.0,0.0,0.0
2005-10-10,2005-11-24,OPTIDX,CNXIT,3140.0,PE,0.0,0.0,0.0,131.5,36.75,0.0,0.0,0.0
2005-10-10,2005-11-24,OPTIDX,CNXIT,3150.0,PE,0.0,0.0,0.0,136.35,39.0,0.0,0.0,0.0
2005-10-10,2005-11-24,OPTIDX,CNXIT,3160.0,PE,0.0,0.0,0.0,141.25,41.3,0.0,0.0,0.0
2005-10-10,2005-11-24,OPTIDX,CNXIT,3170.0,PE,0.0,0.0,0.0,126.6,43.7,0.0,0.0,0.0
2005-10-10,2005-11-24,OPTIDX,CNXIT,3180.0,PE,0.0,0.0,0.0,131.3,46.3,0.0,0.0,0.0
2005-10-10,2005-11-24,OPTIDX,CNXIT,3190.0,PE,0.0,0.0,0.0,136.1,48.9,0.0,0.0,0.0
2005-10-10,2005-11-24,OPTIDX,CNXIT,3200.0,PE,0.0,0.0,0.0,140.95,51.6,0.0,0.0,0.0
2005-10-10,2005-11-24,OPTIDX,CNXIT,3210.0,PE,0.0,0.0,0.0,145.95,54.25,0.0,0.0,0.0
2005-10-10,2005-11-24,OPTIDX,CNXIT,3220.0,PE,0.0,0.0,0.0,131.45,57.2,0.0,0.0,0.0
2005-10-10,2005-11-24,OPTIDX,CNXIT,3230.0,PE,0.0,0.0,0.0,136.25,60.25,0.0,0.0,0.0
2005-10-10,2005-11-24,OPTIDX,CNXIT,3240.0,PE,0.0,0.0,0.0,141.1,63.35,0.0,0.0,0.0
2005-10-10,2005-11-24,OPTIDX,CNXIT,3250.0,PE,0.0,0.0,0.0,146.05,66.6,0.0,0.0,0.0
2005-10-10,2005-11-24,OPTIDX,CNXIT,3260.0,PE,0.0,0.0,0.0,124.35,70.0,0.0,0.0,0.0
2005-10-10,2005-11-24,OPTIDX,CNXIT,3270.0,PE,0.0,0.0,0.0,119.45,73.45,0.0,0.0,0.0
2005-10-10,2005-11-24,OPTIDX,CNXIT,3280.0,PE,0.0,0.0,0.0,103.8,77.05,0.0,0.0,0.0
2005-10-10,2005-11-24,OPTIDX,CNXIT,3290.0,PE,0.0,0.0,0.0,108.5,80.75,0.0,0.0,0.0
2005-10-10,2005-11-24,OPTIDX,CNXIT,3300.0,PE,0.0,0.0,0.0,113.35,84.6,0.0,0.0,0.0
2005-10-10,2005-11-24,OPTIDX,CNXIT,3310.0,PE,0.0,0.0,0.0,118.3,88.55,0.0,0.0,0.0
2005-10-10,2005-11-24,OPTIDX,CNXIT,3320.0,PE,0.0,0.0,0.0,96.4,92.6,0.0,0.0,0.0
2005-10-10,2005-11-24,OPTIDX,CNXIT,3330.0,PE,0.0,0.0,0.0,101.1,96.75,0.0,0.0,0.0
2005-10-10,2005-11-24,OPTIDX,CNXIT,3340.0,PE,0.0,0.0,0.0,105.9,101.05,0.0,0.0,0.0
2005-10-10,2005-11-24,OPTIDX,CNXIT,3350.0,PE,0.0,0.0,0.0,110.85,105.45,0.0,0.0,0.0
2005-10-10,2005-11-24,OPTIDX,CNXIT,3360.0,PE,0.0,0.0,0.0,128.3,110.0,0.0,0.0,0.0
2005-10-10,2005-11-24,OPTIDX,CNXIT,3370.0,PE,0.0,0.0,0.0,133.25,114.65,0.0,0.0,0.0
2005-10-10,2005-11-24,OPTIDX,CNXIT,3380.0,PE,0.0,0.0,0.0,138.3,119.4,0.0,0.0,0.0
2005-10-10,2005-11-24,OPTIDX,CNXIT,3390.0,PE,0.0,0.0,0.0,113.55,124.3,0.0,0.0,0.0
2005-10-10,2005-11-24,OPTIDX,CNXIT,3400.0,PE,0.0,0.0,0.0,118.0,129.3,0.0,0.0,0.0
2005-10-10,2005-11-24,OPTIDX,CNXIT,3410.0,PE,0.0,0.0,0.0,122.55,134.4,0.0,0.0,0.0
2005-10-10,2005-11-24,OPTIDX,CNXIT,3420.0,PE,0.0,0.0,0.0,127.2,139.65,0.0,0.0,0.0
2005-10-10,2005-11-24,OPTIDX,CNXIT,3430.0,PE,0.0,0.0,0.0,131.95,145.0,0.0,0.0,0.0
2005-10-10,2005-11-24,OPTIDX,CNXIT,3440.0,PE,0.0,0.0,0.0,136.8,150.5,0.0,0.0,0.0
2005-10-10,2005-11-24,OPTIDX,CNXIT,3450.0,PE,0.0,0.0,0.0,141.75,156.05,0.0,0.0,0.0
2005-10-10,2005-11-24,OPTIDX,CNXIT,3460.0,PE,0.0,0.0,0.0,146.85,161.75,0.0,0.0,0.0
2005-10-10,2005-11-24,OPTIDX,CNXIT,3470.0,PE,0.0,0.0,0.0,152.0,167.6,0.0,0.0,0.0
2005-10-10,2005-12-29,OPTIDX,CNXIT,3260.0,CE,0.0,0.0,0.0,225.75,268.8,0.0,0.0,0.0
2005-10-10,2005-12-29,OPTIDX,CNXIT,3270.0,CE,0.0,0.0,0.0,220.45,262.65,0.0,0.0,0.0
2005-10-10,2005-12-29,OPTIDX,CNXIT,3280.0,CE,0.0,0.0,0.0,215.2,256.65,0.0,0.0,0.0
2005-10-10,2005-12-29,OPTIDX,CNXIT,3290.0,CE,0.0,0.0,0.0,210.1,250.7,0.0,0.0,0.0
2005-10-10,2005-12-29,OPTIDX,CNXIT,3300.0,CE,0.0,0.0,0.0,205.05,244.85,0.0,0.0,0.0
2005-10-10,2005-12-29,OPTIDX,CNXIT,3310.0,CE,0.0,0.0,0.0,200.1,239.1,0.0,0.0,0.0
2005-10-10,2005-12-29,OPTIDX,CNXIT,3320.0,CE,0.0,0.0,0.0,195.2,233.45,0.0,0.0,0.0
2005-10-10,2005-12-29,OPTIDX,CNXIT,3330.0,CE,0.0,0.0,0.0,186.15,227.85,0.0,0.0,0.0
2005-10-10,2005-12-29,OPTIDX,CNXIT,3340.0,CE,0.0,0.0,0.0,212.45,222.35,0.0,0.0,0.0
2005-10-10,2005-12-29,OPTIDX,CNXIT,3350.0,CE,0.0,0.0,0.0,207.3,216.95,0.0,0.0,0.0
2005-10-10,2005-12-29,OPTIDX,CNXIT,3360.0,CE,0.0,0.0,0.0,202.2,211.65,0.0,0.0,0.0
2005-10-10,2005-12-29,OPTIDX,CNXIT,3370.0,CE,0.0,0.0,0.0,197.2,206.4,0.0,0.0,0.0
2005-10-10,2005-12-29,OPTIDX,CNXIT,3380.0,CE,0.0,0.0,0.0,192.3,201.3,0.0,0.0,0.0
2005-10-10,2005-12-29,OPTIDX,CNXIT,3390.0,CE,0.0,0.0,0.0,241.25,196.25,0.0,0.0,0.0
2005-10-10,2005-12-29,OPTIDX,CNXIT,3400.0,CE,0.0,0.0,0.0,235.85,191.25,0.0,0.0,0.0
2005-10-10,2005-12-29,OPTIDX,CNXIT,3410.0,CE,0.0,0.0,0.0,230.55,186.4,0.0,0.0,0.0
2005-10-10,2005-12-29,OPTIDX,CNXIT,3420.0,CE,0.0,0.0,0.0,225.35,181.6,0.0,0.0,0.0
2005-10-10,2005-12-29,OPTIDX,CNXIT,3430.0,CE,0.0,0.0,0.0,220.25,176.9,0.0,0.0,0.0
2005-10-10,2005-12-29,OPTIDX,CNXIT,3440.0,CE,0.0,0.0,0.0,215.2,172.3,0.0,0.0,0.0
2005-10-10,2005-12-29,OPTIDX,CNXIT,3450.0,CE,0.0,0.0,0.0,210.2,167.75,0.0,0.0,0.0
2005-10-10,2005-12-29,OPTIDX,CNXIT,3460.0,CE,0.0,0.0,0.0,205.3,163.3,0.0,0.0,0.0
2005-10-10,2005-12-29,OPTIDX,CNXIT,3470.0,CE,0.0,0.0,0.0,200.5,158.95,0.0,0.0,0.0
2005-10-10,2005-12-29,OPTIDX,CNXIT,3260.0,PE,0.0,0.0,0.0,145.15,103.1,0.0,0.0,0.0
2005-10-10,2005-12-29,OPTIDX,CNXIT,3270.0,PE,0.0,0.0,0.0,149.7,106.85,0.0,0.0,0.0
2005-10-10,2005-12-29,OPTIDX,CNXIT,3280.0,PE,0.0,0.0,0.0,154.35,110.7,0.0,0.0,0.0
2005-10-10,2005-12-29,OPTIDX,CNXIT,3290.0,PE,0.0,0.0,0.0,159.05,114.65,0.0,0.0,0.0
2005-10-10,2005-12-29,OPTIDX,CNXIT,3300.0,PE,0.0,0.0,0.0,163.9,118.65,0.0,0.0,0.0
2005-10-10,2005-12-29,OPTIDX,CNXIT,3310.0,PE,0.0,0.0,0.0,168.75,122.75,0.0,0.0,0.0
2005-10-10,2005-12-29,OPTIDX,CNXIT,3320.0,PE,0.0,0.0,0.0,173.75,126.95,0.0,0.0,0.0
2005-10-10,2005-12-29,OPTIDX,CNXIT,3330.0,PE,0.0,0.0,0.0,170.3,131.25,0.0,0.0,0.0
2005-10-10,2005-12-29,OPTIDX,CNXIT,3340.0,PE,0.0,0.0,0.0,150.15,135.65,0.0,0.0,0.0
2005-10-10,2005-12-29,OPTIDX,CNXIT,3350.0,PE,0.0,0.0,0.0,154.85,140.1,0.0,0.0,0.0
2005-10-10,2005-12-29,OPTIDX,CNXIT,3360.0,PE,0.0,0.0,0.0,159.65,144.65,0.0,0.0,0.0
2005-10-10,2005-12-29,OPTIDX,CNXIT,3370.0,PE,0.0,0.0,0.0,164.5,149.3,0.0,0.0,0.0
2005-10-10,2005-12-29,OPTIDX,CNXIT,3380.0,PE,0.0,0.0,0.0,169.45,154.0,0.0,0.0,0.0
2005-10-10,2005-12-29,OPTIDX,CNXIT,3390.0,PE,0.0,0.0,0.0,148.05,158.85,0.0,0.0,0.0
2005-10-10,2005-12-29,OPTIDX,CNXIT,3400.0,PE,0.0,0.0,0.0,152.5,163.75,0.0,0.0,0.0
2005-10-10,2005-12-29,OPTIDX,CNXIT,3410.0,PE,0.0,0.0,0.0,157.1,168.75,0.0,0.0,0.0
2005-10-10,2005-12-29,OPTIDX,CNXIT,3420.0,PE,0.0,0.0,0.0,161.75,173.8,0.0,0.0,0.0
2005-10-10,2005-12-29,OPTIDX,CNXIT,3430.0,PE,0.0,0.0,0.0,166.45,179.0,0.0,0.0,0.0
2005-10-10,2005-12-29,OPTIDX,CNXIT,3440.0,PE,0.0,0.0,0.0,171.25,184.25,0.0,0.0,0.0
2005-10-10,2005-12-29,OPTIDX,CNXIT,3450.0,PE,0.0,0.0,0.0,176.15,189.6,0.0,0.0,0.0
2005-10-10,2005-12-29,OPTIDX,CNXIT,3460.0,PE,0.0,0.0,0.0,181.1,195.0,0.0,0.0,0.0
2005-10-10,2005-12-29,OPTIDX,CNXIT,3470.0,PE,0.0,0.0,0.0,186.15,200.5,0.0,0.0,0.0
2005-10-10,2005-10-27,OPTIDX,NIFTY,2240.0,CE,95.55,95.55,95.55,95.55,95.55,1.0,2.33,600.0
2005-10-10,2005-10-27,OPTIDX,NIFTY,2250.0,CE,301.25,332.0,283.0,308.75,308.75,86.0,221.12,53700.0
2005-10-10,2005-10-27,OPTIDX,NIFTY,2260.0,CE,0.0,0.0,0.0,126.25,312.95,0.0,0.0,0.0
2005-10-10,2005-10-27,OPTIDX,NIFTY,2270.0,CE,0.0,0.0,0.0,119.9,303.05,0.0,0.0,0.0
2005-10-10,2005-10-27,OPTIDX,NIFTY,2280.0,CE,0.0,0.0,0.0,113.7,293.15,0.0,0.0,0.0
2005-10-10,2005-10-27,OPTIDX,NIFTY,2290.0,CE,0.0,0.0,0.0,107.7,283.3,0.0,0.0,0.0
2005-10-10,2005-10-27,OPTIDX,NIFTY,2300.0,CE,273.0,280.0,263.0,263.0,263.0,16.0,41.22,138600.0
2005-10-10,2005-10-27,OPTIDX,NIFTY,2310.0,CE,0.0,0.0,0.0,96.3,263.65,0.0,0.0,0.0
2005-10-10,2005-10-27,OPTIDX,NIFTY,2320.0,CE,258.0,258.0,258.0,258.0,258.0,1.0,2.57,1300.0
2005-10-10,2005-10-27,OPTIDX,NIFTY,2330.0,CE,0.0,0.0,0.0,85.65,244.2,0.0,0.0,0.0
2005-10-10,2005-10-27,OPTIDX,NIFTY,2340.0,CE,0.0,0.0,0.0,80.65,234.5,0.0,0.0,0.0
2005-10-10,2005-10-27,OPTIDX,NIFTY,2350.0,CE,222.0,222.0,218.0,218.0,218.0,12.0,30.86,109600.0
2005-10-10,2005-10-27,OPTIDX,NIFTY,2360.0,CE,0.0,0.0,0.0,71.25,215.4,0.0,0.0,0.0
2005-10-10,2005-10-27,OPTIDX,NIFTY,2370.0,CE,0.0,0.0,0.0,66.85,205.95,0.0,0.0,0.0
2005-10-10,2005-10-27,OPTIDX,NIFTY,2380.0,CE,0.0,0.0,0.0,62.65,196.6,0.0,0.0,0.0
2005-10-10,2005-10-27,OPTIDX,NIFTY,2390.0,CE,0.0,0.0,0.0,57.05,187.35,0.0,0.0,0.0
2005-10-10,2005-10-27,OPTIDX,NIFTY,2400.0,CE,190.0,196.7,154.0,166.75,166.75,102.0,263.44,193200.0
2005-10-10,2005-10-27,OPTIDX,NIFTY,2410.0,CE,0.0,0.0,0.0,45.0,169.25,0.0,0.0,200.0
2005-10-10,2005-10-27,OPTIDX,NIFTY,2420.0,CE,0.0,0.0,0.0,64.85,160.4,0.0,0.0,0.0
2005-10-10,2005-10-27,OPTIDX,NIFTY,2430.0,CE,0.0,0.0,0.0,59.35,151.7,0.0,0.0,0.0
2005-10-10,2005-10-27,OPTIDX,NIFTY,2440.0,CE,0.0,0.0,0.0,57.8,143.2,0.0,0.0,0.0
2005-10-10,2005-10-27,OPTIDX,NIFTY,2450.0,CE,144.0,149.0,123.0,126.95,126.95,88.0,227.7,92100.0
2005-10-10,2005-10-27,OPTIDX,NIFTY,2460.0,CE,0.0,0.0,0.0,64.15,126.75,0.0,0.0,0.0
2005-10-10,2005-10-27,OPTIDX,NIFTY,2470.0,CE,0.0,0.0,0.0,60.05,118.9,0.0,0.0,0.0
2005-10-10,2005-10-27,OPTIDX,NIFTY,2480.0,CE,0.0,0.0,0.0,120.0,111.2,0.0,0.0,500.0
2005-10-10,2005-10-27,OPTIDX,NIFTY,2490.0,CE,0.0,0.0,0.0,43.8,103.9,0.0,0.0,0.0
2005-10-10,2005-10-27,OPTIDX,NIFTY,2500.0,CE,104.0,108.0,84.0,91.1,91.1,667.0,1733.2,423100.0
2005-10-10,2005-10-27,OPTIDX,NIFTY,2510.0,CE,136.0,136.0,66.0,66.0,66.0,2.0,5.22,400.0
2005-10-10,2005-10-27,OPTIDX,NIFTY,2520.0,CE,0.0,0.0,0.0,90.0,83.1,0.0,0.0,500.0
2005-10-10,2005-10-27,OPTIDX,NIFTY,2530.0,CE,0.0,0.0,0.0,76.0,76.75,0.0,0.0,300.0
2005-10-10,2005-10-27,OPTIDX,NIFTY,2540.0,CE,50.1,50.1,50.1,50.1,50.1,2.0,5.18,800.0
2005-10-10,2005-10-27,OPTIDX,NIFTY,2550.0,CE,75.0,76.5,58.0,61.35,61.35,4350.0,11376.34,655500.0
2005-10-10,2005-10-27,OPTIDX,NIFTY,2560.0,CE,80.9,80.9,80.9,80.9,80.9,1.0,2.64,1600.0
2005-10-10,2005-10-27,OPTIDX,NIFTY,2570.0,CE,60.0,60.0,50.0,50.0,50.0,4.0,10.5,2400.0
2005-10-10,2005-10-27,OPTIDX,NIFTY,2580.0,CE,55.0,58.0,44.25,46.95,46.95,25.0,65.77,13200.0
2005-10-10,2005-10-27,OPTIDX,NIFTY,2590.0,CE,64.6,64.6,42.0,42.0,42.0,5.0,13.2,2900.0
2005-10-10,2005-10-27,OPTIDX,NIFTY,2600.0,CE,45.0,50.95,35.55,37.95,37.95,8003.0,21145.15,1453100.0
2005-10-10,2005-10-27,OPTIDX,NIFTY,2610.0,CE,55.0,55.0,30.0,31.5,31.5,38.0,100.43,14900.0
2005-10-10,2005-10-27,OPTIDX,NIFTY,2620.0,CE,50.0,53.0,23.5,30.05,30.05,22.0,58.43,29600.0
2005-10-10,2005-10-27,OPTIDX,NIFTY,2630.0,CE,36.0,36.0,36.0,36.0,36.0,1.0,2.66,2600.0
2005-10-10,2005-10-27,OPTIDX,NIFTY,2640.0,CE,25.0,25.0,25.0,25.0,25.0,1.0,2.66,5800.0
2005-10-10,2005-10-27,OPTIDX,NIFTY,2650.0,CE,32.0,39.0,19.5,21.4,21.4,9136.0,24434.89,1254900.0
2005-10-10,2005-10-27,OPTIDX,NIFTY,2660.0,CE,29.0,29.0,20.0,20.0,20.0,2.0,5.36,13800.0
2005-10-10,2005-10-27,OPTIDX,NIFTY,2670.0,CE,18.1,20.25,15.0,15.6,15.6,102.0,274.06,47800.0
2005-10-10,2005-10-27,OPTIDX,NIFTY,2680.0,CE,18.0,18.0,14.0,14.05,14.05,3.0,8.08,8100.0
2005-10-10,2005-10-27,OPTIDX,NIFTY,2690.0,CE,15.0,15.25,13.0,14.45,14.45,117.0,316.42,48700.0
2005-10-10,2005-10-27,OPTIDX,NIFTY,2700.0,CE,18.25,18.25,11.25,11.9,11.9,1756.0,4764.61,791200.0
2005-10-10,2005-10-27,OPTIDX,NIFTY,2710.0,CE,8.45,24.0,8.45,24.0,24.0,3.0,8.18,4000.0
2005-10-10,2005-10-27,OPTIDX,NIFTY,2720.0,CE,18.75,18.75,9.05,9.05,9.05,11.0,30.05,20400.0
2005-10-10,2005-10-27,OPTIDX,NIFTY,2730.0,CE,0.0,0.0,0.0,25.0,8.5,0.0,0.0,200.0
2005-10-10,2005-10-27,OPTIDX,NIFTY,2740.0,CE,0.0,0.0,0.0,20.05,7.4,0.0,0.0,200.0
2005-10-10,2005-10-27,OPTIDX,NIFTY,2750.0,CE,7.0,8.85,5.55,6.1,6.1,118.0,325.3,179600.0
2005-10-10,2005-10-27,OPTIDX,NIFTY,2240.0,PE,1.0,1.0,1.0,1.0,1.0,1.0,2.24,400.0
2005-10-10,2005-10-27,OPTIDX,NIFTY,2250.0,PE,3.5,3.5,2.45,2.85,2.85,17.0,38.29,475400.0
2005-10-10,2005-10-27,OPTIDX,NIFTY,2260.0,PE,0.0,0.0,0.0,40.6,0.25,0.0,0.0,0.0
2005-10-10,2005-10-27,OPTIDX,NIFTY,2270.0,PE,0.0,0.0,0.0,4.5,0.3,0.0,0.0,100000.0
2005-10-10,2005-10-27,OPTIDX,NIFTY,2280.0,PE,0.0,0.0,0.0,47.75,0.4,0.0,0.0,0.0
2005-10-10,2005-10-27,OPTIDX,NIFTY,2290.0,PE,0.0,0.0,0.0,51.6,0.5,0.0,0.0,0.0
2005-10-10,2005-10-27,OPTIDX,NIFTY,2300.0,PE,4.0,4.0,3.5,3.95,3.95,14.0,32.25,407400.0
2005-10-10,2005-10-27,OPTIDX,NIFTY,2310.0,PE,0.0,0.0,0.0,59.9,0.85,0.0,0.0,0.0
2005-10-10,2005-10-27,OPTIDX,NIFTY,2320.0,PE,0.0,0.0,0.0,64.35,1.05,0.0,0.0,0.0
2005-10-10,2005-10-27,OPTIDX,NIFTY,2330.0,PE,0.0,0.0,0.0,69.0,1.3,0.0,0.0,0.0
2005-10-10,2005-10-27,OPTIDX,NIFTY,2340.0,PE,0.0,0.0,0.0,73.85,1.6,0.0,0.0,0.0
2005-10-10,2005-10-27,OPTIDX,NIFTY,2350.0,PE,4.55,6.0,4.55,5.3,5.3,65.0,153.08,322700.0
2005-10-10,2005-10-27,OPTIDX,NIFTY,2360.0,PE,0.0,0.0,0.0,84.15,2.45,0.0,0.0,0.0
2005-10-10,2005-10-27,OPTIDX,NIFTY,2370.0,PE,0.0,0.0,0.0,89.6,2.95,0.0,0.0,0.0
2005-10-10,2005-10-27,OPTIDX,NIFTY,2380.0,PE,0.0,0.0,0.0,95.2,3.6,0.0,0.0,0.0
2005-10-10,2005-10-27,OPTIDX,NIFTY,2390.0,PE,0.0,0.0,0.0,95.45,4.3,0.0,0.0,0.0
2005-10-10,2005-10-27,OPTIDX,NIFTY,2400.0,PE,8.5,12.0,7.5,8.75,8.75,406.0,978.15,667900.0
2005-10-10,2005-10-27,OPTIDX,NIFTY,2410.0,PE,0.0,0.0,0.0,91.55,6.15,0.0,0.0,0.0
2005-10-10,2005-10-27,OPTIDX,NIFTY,2420.0,PE,0.0,0.0,0.0,28.75,7.3,0.0,0.0,1000.0
2005-10-10,2005-10-27,OPTIDX,NIFTY,2430.0,PE,0.0,0.0,0.0,98.5,8.6,0.0,0.0,0.0
2005-10-10,2005-10-27,OPTIDX,NIFTY,2440.0,PE,0.0,0.0,0.0,96.45,10.05,0.0,0.0,0.0
2005-10-10,2005-10-27,OPTIDX,NIFTY,2450.0,PE,16.9,21.95,13.0,16.85,16.85,2277.0,5617.65,721500.0
2005-10-10,2005-10-27,OPTIDX,NIFTY,2460.0,PE,0.0,0.0,0.0,14.95,13.55,0.0,0.0,700.0
2005-10-10,2005-10-27,OPTIDX,NIFTY,2470.0,PE,0.0,0.0,0.0,98.2,15.65,0.0,0.0,0.0
2005-10-10,2005-10-27,OPTIDX,NIFTY,2480.0,PE,0.0,0.0,0.0,97.5,17.95,0.0,0.0,0.0
2005-10-10,2005-10-27,OPTIDX,NIFTY,2490.0,PE,0.0,0.0,0.0,95.8,20.6,0.0,0.0,0.0
2005-10-10,2005-10-27,OPTIDX,NIFTY,2500.0,PE,22.5,35.0,22.5,31.0,31.0,4780.0,12088.4,1642500.0
2005-10-10,2005-10-27,OPTIDX,NIFTY,2510.0,PE,0.0,0.0,0.0,35.0,26.4,0.0,0.0,100.0
2005-10-10,2005-10-27,OPTIDX,NIFTY,2520.0,PE,40.0,40.0,40.0,40.0,40.0,1.0,2.56,400.0
2005-10-10,2005-10-27,OPTIDX,NIFTY,2530.0,PE,0.0,0.0,0.0,45.0,33.4,0.0,0.0,1300.0
2005-10-10,2005-10-27,OPTIDX,NIFTY,2540.0,PE,41.0,46.9,40.0,46.9,46.9,5.0,12.9,2500.0
2005-10-10,2005-10-27,OPTIDX,NIFTY,2550.0,PE,45.05,58.0,38.15,50.05,50.05,5857.0,15207.59,1301500.0
2005-10-10,2005-10-27,OPTIDX,NIFTY,2560.0,PE,48.0,63.0,48.0,52.6,52.6,14.0,36.57,8600.0
2005-10-10,2005-10-27,OPTIDX,NIFTY,2570.0,PE,53.05,53.05,49.05,49.05,49.05,2.0,5.24,2700.0
2005-10-10,2005-10-27,OPTIDX,NIFTY,2580.0,PE,58.0,65.0,52.25,65.0,65.0,32.0,84.43,6200.0
2005-10-10,2005-10-27,OPTIDX,NIFTY,2590.0,PE,60.0,60.0,60.0,60.0,60.0,2.0,5.3,8400.0
2005-10-10,2005-10-27,OPTIDX,NIFTY,2600.0,PE,98.85,98.85,62.0,75.0,75.0,5723.0,15295.46,973300.0
2005-10-10,2005-10-27,OPTIDX,NIFTY,2610.0,PE,85.25,85.25,72.0,72.0,72.0,15.0,40.3,4600.0
2005-10-10,2005-10-27,OPTIDX,NIFTY,2620.0,PE,0.0,0.0,0.0,93.0,79.5,0.0,0.0,2400.0
2005-10-10,2005-10-27,OPTIDX,NIFTY,2630.0,PE,0.0,0.0,0.0,90.0,86.1,0.0,0.0,3000.0
2005-10-10,2005-10-27,OPTIDX,NIFTY,2640.0,PE,0.0,0.0,0.0,120.0,92.95,0.0,0.0,2100.0
2005-10-10,2005-10-27,OPTIDX,NIFTY,2650.0,PE,92.0,111.0,91.0,108.35,108.35,1631.0,4488.36,365600.0
2005-10-10,2005-10-27,OPTIDX,NIFTY,2660.0,PE,0.0,0.0,0.0,80.0,107.5,0.0,0.0,1100.0
2005-10-10,2005-10-27,OPTIDX,NIFTY,2670.0,PE,0.0,0.0,0.0,75.0,115.0,0.0,0.0,600.0
2005-10-10,2005-10-27,OPTIDX,NIFTY,2680.0,PE,0.0,0.0,0.0,120.0,122.8,0.0,0.0,700.0
2005-10-10,2005-10-27,OPTIDX,NIFTY,2690.0,PE,0.0,0.0,0.0,150.0,130.8,0.0,0.0,1500.0
2005-10-10,2005-10-27,OPTIDX,NIFTY,2700.0,PE,141.0,156.0,131.2,147.6,147.6,243.0,690.62,98400.0
2005-10-10,2005-10-27,OPTIDX,NIFTY,2710.0,PE,0.0,0.0,0.0,105.35,147.35,0.0,0.0,0.0
2005-10-10,2005-10-27,OPTIDX,NIFTY,2720.0,PE,0.0,0.0,0.0,112.25,155.9,0.0,0.0,0.0
2005-10-10,2005-10-27,OPTIDX,NIFTY,2730.0,PE,0.0,0.0,0.0,96.3,164.6,0.0,0.0,0.0
2005-10-10,2005-10-27,OPTIDX,NIFTY,2740.0,PE,0.0,0.0,0.0,102.9,173.45,0.0,0.0,0.0
2005-10-10,2005-10-27,OPTIDX,NIFTY,2750.0,PE,0.0,0.0,0.0,109.7,182.4,0.0,0.0,0.0
2005-10-10,2005-11-24,OPTIDX,NIFTY,2270.0,CE,0.0,0.0,0.0,139.5,318.85,0.0,0.0,0.0
2005-10-10,2005-11-24,OPTIDX,NIFTY,2280.0,CE,0.0,0.0,0.0,150.2,309.6,0.0,0.0,0.0
2005-10-10,2005-11-24,OPTIDX,NIFTY,2290.0,CE,0.0,0.0,0.0,143.6,300.4,0.0,0.0,0.0
2005-10-10,2005-11-24,OPTIDX,NIFTY,2300.0,CE,0.0,0.0,0.0,305.0,291.3,0.0,0.0,1000.0
2005-10-10,2005-11-24,OPTIDX,NIFTY,2310.0,CE,0.0,0.0,0.0,130.95,282.3,0.0,0.0,0.0
2005-10-10,2005-11-24,OPTIDX,NIFTY,2320.0,CE,0.0,0.0,0.0,124.85,273.4,0.0,0.0,0.0
2005-10-10,2005-11-24,OPTIDX,NIFTY,2330.0,CE,0.0,0.0,0.0,118.95,264.55,0.0,0.0,0.0
2005-10-10,2005-11-24,OPTIDX,NIFTY,2340.0,CE,0.0,0.0,0.0,113.25,255.8,0.0,0.0,0.0
2005-10-10,2005-11-24,OPTIDX,NIFTY,2350.0,CE,0.0,0.0,0.0,249.0,247.15,0.0,0.0,10100.0
2005-10-10,2005-11-24,OPTIDX,NIFTY,2360.0,CE,0.0,0.0,0.0,102.35,238.65,0.0,0.0,0.0
2005-10-10,2005-11-24,OPTIDX,NIFTY,2370.0,CE,0.0,0.0,0.0,97.15,230.25,0.0,0.0,0.0
2005-10-10,2005-11-24,OPTIDX,NIFTY,2380.0,CE,0.0,0.0,0.0,92.1,221.95,0.0,0.0,0.0
2005-10-10,2005-11-24,OPTIDX,NIFTY,2390.0,CE,0.0,0.0,0.0,87.3,213.75,0.0,0.0,0.0
2005-10-10,2005-11-24,OPTIDX,NIFTY,2400.0,CE,0.0,0.0,0.0,185.0,205.75,0.0,0.0,19900.0
2005-10-10,2005-11-24,OPTIDX,NIFTY,2410.0,CE,0.0,0.0,0.0,78.15,197.85,0.0,0.0,0.0
2005-10-10,2005-11-24,OPTIDX,NIFTY,2420.0,CE,0.0,0.0,0.0,73.85,190.1,0.0,0.0,0.0
2005-10-10,2005-11-24,OPTIDX,NIFTY,2430.0,CE,0.0,0.0,0.0,67.4,182.5,0.0,0.0,0.0
2005-10-10,2005-11-24,OPTIDX,NIFTY,2440.0,CE,0.0,0.0,0.0,67.1,175.15,0.0,0.0,0.0
2005-10-10,2005-11-24,OPTIDX,NIFTY,2450.0,CE,170.0,170.0,170.0,170.0,170.0,1.0,2.62,303800.0
2005-10-10,2005-11-24,OPTIDX,NIFTY,2460.0,CE,0.0,0.0,0.0,73.5,160.55,0.0,0.0,0.0
2005-10-10,2005-11-24,OPTIDX,NIFTY,2470.0,CE,0.0,0.0,0.0,69.2,153.6,0.0,0.0,0.0
2005-10-10,2005-11-24,OPTIDX,NIFTY,2480.0,CE,0.0,0.0,0.0,65.1,146.8,0.0,0.0,0.0
2005-10-10,2005-11-24,OPTIDX,NIFTY,2490.0,CE,0.0,0.0,0.0,62.85,140.15,0.0,0.0,0.0
2005-10-10,2005-11-24,OPTIDX,NIFTY,2500.0,CE,130.0,130.0,115.0,115.0,115.0,2.0,5.24,32100.0
2005-10-10,2005-11-24,OPTIDX,NIFTY,2510.0,CE,0.0,0.0,0.0,64.9,127.45,0.0,0.0,0.0
2005-10-10,2005-11-24,OPTIDX,NIFTY,2520.0,CE,0.0,0.0,0.0,60.0,121.35,0.0,0.0,0.0
2005-10-10,2005-11-24,OPTIDX,NIFTY,2530.0,CE,0.0,0.0,0.0,107.0,115.4,0.0,0.0,100.0
2005-10-10,2005-11-24,OPTIDX,NIFTY,2540.0,CE,0.0,0.0,0.0,62.5,109.7,0.0,0.0,0.0
2005-10-10,2005-11-24,OPTIDX,NIFTY,2550.0,CE,96.75,97.0,90.0,90.15,90.15,29.0,76.62,14300.0
2005-10-10,2005-11-24,OPTIDX,NIFTY,2560.0,CE,0.0,0.0,0.0,59.85,98.75,0.0,0.0,0.0
2005-10-10,2005-11-24,OPTIDX,NIFTY,2570.0,CE,0.0,0.0,0.0,55.8,93.6,0.0,0.0,0.0
2005-10-10,2005-11-24,OPTIDX,NIFTY,2580.0,CE,0.0,0.0,0.0,51.95,88.55,0.0,0.0,0.0
2005-10-10,2005-11-24,OPTIDX,NIFTY,2590.0,CE,0.0,0.0,0.0,48.25,83.75,0.0,0.0,0.0
2005-10-10,2005-11-24,OPTIDX,NIFTY,2600.0,CE,69.9,94.95,63.1,65.95,65.95,263.0,701.41,56900.0
2005-10-10,2005-11-24,OPTIDX,NIFTY,2610.0,CE,0.0,0.0,0.0,49.65,74.65,0.0,0.0,0.0
2005-10-10,2005-11-24,OPTIDX,NIFTY,2620.0,CE,0.0,0.0,0.0,58.25,70.4,0.0,0.0,0.0
2005-10-10,2005-11-24,OPTIDX,NIFTY,2630.0,CE,0.0,0.0,0.0,54.3,66.3,0.0,0.0,0.0
2005-10-10,2005-11-24,OPTIDX,NIFTY,2640.0,CE,0.0,0.0,0.0,50.6,62.4,0.0,0.0,0.0
2005-10-10,2005-11-24,OPTIDX,NIFTY,2650.0,CE,50.95,51.5,50.95,51.5,51.5,21.0,56.72,36100.0
2005-10-10,2005-11-24,OPTIDX,NIFTY,2660.0,CE,0.0,0.0,0.0,46.0,55.05,0.0,0.0,0.0
2005-10-10,2005-11-24,OPTIDX,NIFTY,2670.0,CE,0.0,0.0,0.0,44.35,51.65,0.0,0.0,0.0
2005-10-10,2005-11-24,OPTIDX,NIFTY,2680.0,CE,0.0,0.0,0.0,77.85,48.4,0.0,0.0,0.0
2005-10-10,2005-11-24,OPTIDX,NIFTY,2690.0,CE,0.0,0.0,0.0,74.0,45.3,0.0,0.0,0.0
2005-10-10,2005-11-24,OPTIDX,NIFTY,2700.0,CE,31.0,38.0,30.0,38.0,38.0,4.0,10.93,33700.0
2005-10-10,2005-11-24,OPTIDX,NIFTY,2710.0,CE,0.0,0.0,0.0,68.7,39.55,0.0,0.0,0.0
2005-10-10,2005-11-24,OPTIDX,NIFTY,2720.0,CE,0.0,0.0,0.0,64.9,36.9,0.0,0.0,0.0
2005-10-10,2005-11-24,OPTIDX,NIFTY,2730.0,CE,0.0,0.0,0.0,74.25,34.55,0.0,0.0,0.0
2005-10-10,2005-11-24,OPTIDX,NIFTY,2740.0,CE,0.0,0.0,0.0,70.25,32.2,0.0,0.0,0.0
2005-10-10,2005-11-24,OPTIDX,NIFTY,2750.0,CE,29.0,29.0,29.0,29.0,29.0,1.0,2.77,50300.0
2005-10-10,2005-11-24,OPTIDX,NIFTY,2270.0,PE,0.0,0.0,0.0,39.65,5.2,0.0,0.0,0.0
2005-10-10,2005-11-24,OPTIDX,NIFTY,2280.0,PE,0.0,0.0,0.0,41.8,5.9,0.0,0.0,0.0
2005-10-10,2005-11-24,OPTIDX,NIFTY,2290.0,PE,0.0,0.0,0.0,45.05,6.65,0.0,0.0,0.0
2005-10-10,2005-11-24,OPTIDX,NIFTY,2300.0,PE,17.0,17.0,17.0,17.0,17.0,2.0,4.63,108100.0
2005-10-10,2005-11-24,OPTIDX,NIFTY,2310.0,PE,0.0,0.0,0.0,52.1,8.35,0.0,0.0,0.0
2005-10-10,2005-11-24,OPTIDX,NIFTY,2320.0,PE,0.0,0.0,0.0,55.85,9.35,0.0,0.0,0.0
2005-10-10,2005-11-24,OPTIDX,NIFTY,2330.0,PE,0.0,0.0,0.0,59.8,10.45,0.0,0.0,0.0
2005-10-10,2005-11-24,OPTIDX,NIFTY,2340.0,PE,0.0,0.0,0.0,63.95,11.65,0.0,0.0,0.0
2005-10-10,2005-11-24,OPTIDX,NIFTY,2350.0,PE,28.0,28.0,28.0,28.0,28.0,1.0,2.37,100.0
2005-10-10,2005-11-24,OPTIDX,NIFTY,2360.0,PE,0.0,0.0,0.0,72.75,14.35,0.0,0.0,0.0
2005-10-10,2005-11-24,OPTIDX,NIFTY,2370.0,PE,0.0,0.0,0.0,77.4,15.85,0.0,0.0,0.0
2005-10-10,2005-11-24,OPTIDX,NIFTY,2380.0,PE,0.0,0.0,0.0,82.25,17.5,0.0,0.0,0.0
2005-10-10,2005-11-24,OPTIDX,NIFTY,2390.0,PE,0.0,0.0,0.0,87.25,19.25,0.0,0.0,0.0
2005-10-10,2005-11-24,OPTIDX,NIFTY,2400.0,PE,38.0,38.0,38.0,38.0,38.0,1.0,2.43,93000.0
2005-10-10,2005-11-24,OPTIDX,NIFTY,2410.0,PE,0.0,0.0,0.0,97.8,23.2,0.0,0.0,0.0
2005-10-10,2005-11-24,OPTIDX,NIFTY,2420.0,PE,0.0,0.0,0.0,103.35,25.35,0.0,0.0,0.0
2005-10-10,2005-11-24,OPTIDX,NIFTY,2430.0,PE,0.0,0.0,0.0,105.1,27.65,0.0,0.0,0.0
2005-10-10,2005-11-24,OPTIDX,NIFTY,2440.0,PE,0.0,0.0,0.0,105.5,30.25,0.0,0.0,0.0
2005-10-10,2005-11-24,OPTIDX,NIFTY,2450.0,PE,43.0,43.0,37.25,37.25,37.25,20.0,49.8,684500.0
2005-10-10,2005-11-24,OPTIDX,NIFTY,2460.0,PE,0.0,0.0,0.0,94.25,35.5,0.0,0.0,0.0
2005-10-10,2005-11-24,OPTIDX,NIFTY,2470.0,PE,0.0,0.0,0.0,99.8,38.5,0.0,0.0,0.0
2005-10-10,2005-11-24,OPTIDX,NIFTY,2480.0,PE,0.0,0.0,0.0,105.6,41.6,0.0,0.0,0.0
2005-10-10,2005-11-24,OPTIDX,NIFTY,2490.0,PE,0.0,0.0,0.0,103.6,44.9,0.0,0.0,0.0
2005-10-10,2005-11-24,OPTIDX,NIFTY,2500.0,PE,52.6,60.0,52.6,60.0,60.0,4.0,10.23,582900.0
2005-10-10,2005-11-24,OPTIDX,NIFTY,2510.0,PE,0.0,0.0,0.0,60.0,52.0,0.0,0.0,1000.0
2005-10-10,2005-11-24,OPTIDX,NIFTY,2520.0,PE,0.0,0.0,0.0,94.55,55.85,0.0,0.0,0.0
2005-10-10,2005-11-24,OPTIDX,NIFTY,2530.0,PE,0.0,0.0,0.0,97.45,59.85,0.0,0.0,0.0
2005-10-10,2005-11-24,OPTIDX,NIFTY,2540.0,PE,0.0,0.0,0.0,88.35,64.05,0.0,0.0,0.0
2005-10-10,2005-11-24,OPTIDX,NIFTY,2550.0,PE,70.0,80.0,70.0,80.0,80.0,17.0,44.64,74700.0
2005-10-10,2005-11-24,OPTIDX,NIFTY,2560.0,PE,0.0,0.0,0.0,89.55,73.0,0.0,0.0,0.0
2005-10-10,2005-11-24,OPTIDX,NIFTY,2570.0,PE,0.0,0.0,0.0,95.35,77.75,0.0,0.0,0.0
2005-10-10,2005-11-24,OPTIDX,NIFTY,2580.0,PE,0.0,0.0,0.0,101.4,82.65,0.0,0.0,0.0
2005-10-10,2005-11-24,OPTIDX,NIFTY,2590.0,PE,0.0,0.0,0.0,46.5,87.75,0.0,0.0,100.0
2005-10-10,2005-11-24,OPTIDX,NIFTY,2600.0,PE,100.0,108.0,100.0,108.0,108.0,6.0,16.21,40100.0
2005-10-10,2005-11-24,OPTIDX,NIFTY,2610.0,PE,0.0,0.0,0.0,115.0,98.5,0.0,0.0,5400.0
2005-10-10,2005-11-24,OPTIDX,NIFTY,2620.0,PE,0.0,0.0,0.0,96.6,104.2,0.0,0.0,0.0
2005-10-10,2005-11-24,OPTIDX,NIFTY,2630.0,PE,0.0,0.0,0.0,102.55,110.0,0.0,0.0,0.0
2005-10-10,2005-11-24,OPTIDX,NIFTY,2640.0,PE,0.0,0.0,0.0,108.7,116.0,0.0,0.0,0.0
2005-10-10,2005-11-24,OPTIDX,NIFTY,2650.0,PE,135.25,135.55,130.0,130.0,130.0,37.0,102.95,397500.0
2005-10-10,2005-11-24,OPTIDX,NIFTY,2660.0,PE,0.0,0.0,0.0,110.15,128.55,0.0,0.0,0.0
2005-10-10,2005-11-24,OPTIDX,NIFTY,2670.0,PE,0.0,0.0,0.0,107.95,135.05,0.0,0.0,0.0
2005-10-10,2005-11-24,OPTIDX,NIFTY,2680.0,PE,0.0,0.0,0.0,134.75,141.7,0.0,0.0,0.0
2005-10-10,2005-11-24,OPTIDX,NIFTY,2690.0,PE,0.0,0.0,0.0,140.85,148.55,0.0,0.0,0.0
2005-10-10,2005-11-24,OPTIDX,NIFTY,2700.0,PE,0.0,0.0,0.0,136.25,155.55,0.0,0.0,0.0
2005-10-10,2005-11-24,OPTIDX,NIFTY,2710.0,PE,0.0,0.0,0.0,125.55,162.65,0.0,0.0,0.0
2005-10-10,2005-11-24,OPTIDX,NIFTY,2720.0,PE,0.0,0.0,0.0,131.7,169.95,0.0,0.0,0.0
2005-10-10,2005-11-24,OPTIDX,NIFTY,2730.0,PE,0.0,0.0,0.0,118.15,177.5,0.0,0.0,0.0
2005-10-10,2005-11-24,OPTIDX,NIFTY,2740.0,PE,0.0,0.0,0.0,124.05,185.1,0.0,0.0,0.0
2005-10-10,2005-11-24,OPTIDX,NIFTY,2750.0,PE,0.0,0.0,0.0,130.15,192.65,0.0,0.0,0.0
2005-10-10,2005-12-29,OPTIDX,NIFTY,2480.0,CE,0.0,0.0,0.0,191.85,181.25,0.0,0.0,0.0
2005-10-10,2005-12-29,OPTIDX,NIFTY,2490.0,CE,0.0,0.0,0.0,193.2,174.95,0.0,0.0,0.0
2005-10-10,2005-12-29,OPTIDX,NIFTY,2500.0,CE,0.0,0.0,0.0,143.0,168.75,0.0,0.0,200.0
2005-10-10,2005-12-29,OPTIDX,NIFTY,2510.0,CE,0.0,0.0,0.0,194.5,162.75,0.0,0.0,0.0
2005-10-10,2005-12-29,OPTIDX,NIFTY,2520.0,CE,0.0,0.0,0.0,198.5,156.85,0.0,0.0,0.0
2005-10-10,2005-12-29,OPTIDX,NIFTY,2530.0,CE,0.0,0.0,0.0,192.25,151.1,0.0,0.0,0.0
2005-10-10,2005-12-29,OPTIDX,NIFTY,2540.0,CE,0.0,0.0,0.0,186.15,145.5,0.0,0.0,0.0
2005-10-10,2005-12-29,OPTIDX,NIFTY,2550.0,CE,123.9,124.75,123.9,124.75,124.75,21.0,56.16,2300.0
2005-10-10,2005-12-29,OPTIDX,NIFTY,2560.0,CE,0.0,0.0,0.0,174.35,134.65,0.0,0.0,0.0
2005-10-10,2005-12-29,OPTIDX,NIFTY,2570.0,CE,0.0,0.0,0.0,168.6,129.45,0.0,0.0,0.0
2005-10-10,2005-12-29,OPTIDX,NIFTY,2580.0,CE,0.0,0.0,0.0,163.0,124.4,0.0,0.0,0.0
2005-10-10,2005-12-29,OPTIDX,NIFTY,2590.0,CE,0.0,0.0,0.0,157.5,119.45,0.0,0.0,0.0
2005-10-10,2005-12-29,OPTIDX,NIFTY,2600.0,CE,95.9,95.9,95.9,95.9,95.9,1.0,2.69,3800.0
2005-10-10,2005-12-29,OPTIDX,NIFTY,2610.0,CE,0.0,0.0,0.0,110.0,110.0,0.0,0.0,100.0
2005-10-10,2005-12-29,OPTIDX,NIFTY,2620.0,CE,0.0,0.0,0.0,141.8,105.45,0.0,0.0,0.0
2005-10-10,2005-12-29,OPTIDX,NIFTY,2630.0,CE,0.0,0.0,0.0,136.8,101.05,0.0,0.0,0.0
2005-10-10,2005-12-29,OPTIDX,NIFTY,2640.0,CE,0.0,0.0,0.0,131.9,96.8,0.0,0.0,0.0
2005-10-10,2005-12-29,OPTIDX,NIFTY,2650.0,CE,70.0,75.0,67.0,67.0,67.0,27.0,73.47,5100.0
2005-10-10,2005-12-29,OPTIDX,NIFTY,2660.0,CE,0.0,0.0,0.0,122.5,88.7,0.0,0.0,0.0
2005-10-10,2005-12-29,OPTIDX,NIFTY,2670.0,CE,0.0,0.0,0.0,118.0,84.8,0.0,0.0,0.0
2005-10-10,2005-12-29,OPTIDX,NIFTY,2680.0,CE,0.0,0.0,0.0,113.6,81.05,0.0,0.0,0.0
2005-10-10,2005-12-29,OPTIDX,NIFTY,2690.0,CE,0.0,0.0,0.0,109.35,77.45,0.0,0.0,0.0
2005-10-10,2005-12-29,OPTIDX,NIFTY,2700.0,CE,54.9,54.9,54.9,54.9,54.9,1.0,2.75,3700.0
2005-10-10,2005-12-29,OPTIDX,NIFTY,2710.0,CE,0.0,0.0,0.0,102.15,70.6,0.0,0.0,0.0
2005-10-10,2005-12-29,OPTIDX,NIFTY,2720.0,CE,0.0,0.0,0.0,98.0,67.35,0.0,0.0,0.0
2005-10-10,2005-12-29,OPTIDX,NIFTY,2730.0,CE,0.0,0.0,0.0,108.75,64.2,0.0,0.0,0.0
2005-10-10,2005-12-29,OPTIDX,NIFTY,2740.0,CE,0.0,0.0,0.0,104.45,61.15,0.0,0.0,0.0
2005-10-10,2005-12-29,OPTIDX,NIFTY,2750.0,CE,0.0,0.0,0.0,100.3,58.25,0.0,0.0,0.0
2005-10-10,2005-12-29,OPTIDX,NIFTY,2480.0,PE,0.0,0.0,0.0,64.25,61.85,0.0,0.0,0.0
2005-10-10,2005-12-29,OPTIDX,NIFTY,2490.0,PE,0.0,0.0,0.0,70.0,65.45,0.0,0.0,0.0
2005-10-10,2005-12-29,OPTIDX,NIFTY,2500.0,PE,0.0,0.0,0.0,92.0,69.15,0.0,0.0,600.0
2005-10-10,2005-12-29,OPTIDX,NIFTY,2510.0,PE,0.0,0.0,0.0,65.85,73.0,0.0,0.0,0.0
2005-10-10,2005-12-29,OPTIDX,NIFTY,2520.0,PE,0.0,0.0,0.0,70.15,76.95,0.0,0.0,0.0
2005-10-10,2005-12-29,OPTIDX,NIFTY,2530.0,PE,0.0,0.0,0.0,73.75,81.1,0.0,0.0,0.0
2005-10-10,2005-12-29,OPTIDX,NIFTY,2540.0,PE,0.0,0.0,0.0,77.5,85.35,0.0,0.0,0.0
2005-10-10,2005-12-29,OPTIDX,NIFTY,2550.0,PE,0.0,0.0,0.0,120.0,89.75,0.0,0.0,4500.0
2005-10-10,2005-12-29,OPTIDX,NIFTY,2560.0,PE,0.0,0.0,0.0,85.4,94.25,0.0,0.0,0.0
2005-10-10,2005-12-29,OPTIDX,NIFTY,2570.0,PE,0.0,0.0,0.0,89.5,98.9,0.0,0.0,0.0
2005-10-10,2005-12-29,OPTIDX,NIFTY,2580.0,PE,0.0,0.0,0.0,93.75,103.7,0.0,0.0,0.0
2005-10-10,2005-12-29,OPTIDX,NIFTY,2590.0,PE,0.0,0.0,0.0,98.1,108.65,0.0,0.0,0.0
2005-10-10,2005-12-29,OPTIDX,NIFTY,2600.0,PE,0.0,0.0,0.0,125.0,113.7,0.0,0.0,6400.0
2005-10-10,2005-12-29,OPTIDX,NIFTY,2610.0,PE,0.0,0.0,0.0,120.0,118.9,0.0,0.0,200.0
2005-10-10,2005-12-29,OPTIDX,NIFTY,2620.0,PE,0.0,0.0,0.0,111.95,124.25,0.0,0.0,0.0
2005-10-10,2005-12-29,OPTIDX,NIFTY,2630.0,PE,0.0,0.0,0.0,116.8,129.75,0.0,0.0,0.0
2005-10-10,2005-12-29,OPTIDX,NIFTY,2640.0,PE,0.0,0.0,0.0,121.75,135.35,0.0,0.0,0.0
2005-10-10,2005-12-29,OPTIDX,NIFTY,2650.0,PE,0.0,0.0,0.0,126.85,141.1,0.0,0.0,0.0
2005-10-10,2005-12-29,OPTIDX,NIFTY,2660.0,PE,0.0,0.0,0.0,132.1,146.95,0.0,0.0,0.0
2005-10-10,2005-12-29,OPTIDX,NIFTY,2670.0,PE,0.0,0.0,0.0,137.45,152.95,0.0,0.0,0.0
2005-10-10,2005-12-29,OPTIDX,NIFTY,2680.0,PE,0.0,0.0,0.0,142.9,159.1,0.0,0.0,0.0
2005-10-10,2005-12-29,OPTIDX,NIFTY,2690.0,PE,0.0,0.0,0.0,148.45,165.35,0.0,0.0,0.0
2005-10-10,2005-12-29,OPTIDX,NIFTY,2700.0,PE,0.0,0.0,0.0,154.15,171.7,0.0,0.0,0.0
2005-10-10,2005-12-29,OPTIDX,NIFTY,2710.0,PE,0.0,0.0,0.0,143.6,178.2,0.0,0.0,0.0
2005-10-10,2005-12-29,OPTIDX,NIFTY,2720.0,PE,0.0,0.0,0.0,149.35,184.85,0.0,0.0,0.0
2005-10-10,2005-12-29,OPTIDX,NIFTY,2730.0,PE,0.0,0.0,0.0,137.15,191.55,0.0,0.0,0.0
2005-10-10,2005-12-29,OPTIDX,NIFTY,2740.0,PE,0.0,0.0,0.0,142.7,198.4,0.0,0.0,0.0
2005-10-10,2005-12-29,OPTIDX,NIFTY,2750.0,PE,0.0,0.0,0.0,148.4,205.35,0.0,0.0,0.0
2005-10-10,2005-10-27,OPTSTK,ABB,1380.0,CA,0.0,0.0,0.0,153.85,345.15,0.0,0.0,0.0
2005-10-10,2005-10-27,OPTSTK,ABB,1410.0,CA,0.0,0.0,0.0,135.9,315.2,0.0,0.0,0.0
2005-10-10,2005-10-27,OPTSTK,ABB,1440.0,CA,0.0,0.0,0.0,119.45,285.3,0.0,0.0,0.0
2005-10-10,2005-10-27,OPTSTK,ABB,1470.0,CA,0.0,0.0,0.0,104.4,255.4,0.0,0.0,0.0
2005-10-10,2005-10-27,OPTSTK,ABB,1500.0,CA,0.0,0.0,0.0,90.75,225.55,0.0,0.0,0.0
2005-10-10,2005-10-27,OPTSTK,ABB,1530.0,CA,0.0,0.0,0.0,78.5,195.85,0.0,0.0,0.0
2005-10-10,2005-10-27,OPTSTK,ABB,1560.0,CA,0.0,0.0,0.0,67.55,166.55,0.0,0.0,0.0
2005-10-10,2005-10-27,OPTSTK,ABB,1590.0,CA,0.0,0.0,0.0,71.5,138.0,0.0,0.0,0.0
2005-10-10,2005-10-27,OPTSTK,ABB,1620.0,CA,0.0,0.0,0.0,76.6,110.8,0.0,0.0,0.0
2005-10-10,2005-10-27,OPTSTK,ABB,1650.0,CA,0.0,0.0,0.0,83.8,85.75,0.0,0.0,0.0
2005-10-10,2005-10-27,OPTSTK,ABB,1680.0,CA,0.0,0.0,0.0,81.0,63.55,0.0,0.0,600.0
2005-10-10,2005-10-27,OPTSTK,ABB,1710.0,CA,0.0,0.0,0.0,44.2,44.9,0.0,0.0,0.0
2005-10-10,2005-10-27,OPTSTK,ABB,1740.0,CA,0.0,0.0,0.0,70.0,30.1,0.0,0.0,400.0
2005-10-10,2005-10-27,OPTSTK,ABB,1770.0,CA,0.0,0.0,0.0,55.6,19.1,0.0,0.0,0.0
2005-10-10,2005-10-27,OPTSTK,ABB,1800.0,CA,0.0,0.0,0.0,75.6,11.45,0.0,0.0,0.0
2005-10-10,2005-10-27,OPTSTK,ABB,1830.0,CA,0.0,0.0,0.0,64.65,6.5,0.0,0.0,0.0
2005-10-10,2005-10-27,OPTSTK,ABB,1860.0,CA,0.0,0.0,0.0,62.4,3.45,0.0,0.0,0.0
2005-10-10,2005-10-27,OPTSTK,ABB,1890.0,CA,0.0,0.0,0.0,70.35,1.75,0.0,0.0,0.0
2005-10-10,2005-10-27,OPTSTK,ABB,1920.0,CA,0.0,0.0,0.0,59.75,0.85,0.0,0.0,0.0
2005-10-10,2005-10-27,OPTSTK,ABB,1380.0,PA,0.0,0.0,0.0,53.55,0.0,0.0,0.0,0.0
2005-10-10,2005-10-27,OPTSTK,ABB,1410.0,PA,0.0,0.0,0.0,65.15,0.0,0.0,0.0,0.0
2005-10-10,2005-10-27,OPTSTK,ABB,1440.0,PA,0.0,0.0,0.0,78.25,0.05,0.0,0.0,0.0
2005-10-10,2005-10-27,OPTSTK,ABB,1470.0,PA,0.0,0.0,0.0,92.75,0.05,0.0,0.0,0.0
2005-10-10,2005-10-27,OPTSTK,ABB,1500.0,PA,0.0,0.0,0.0,108.65,0.15,0.0,0.0,0.0
2005-10-10,2005-10-27,OPTSTK,ABB,1530.0,PA,0.0,0.0,0.0,125.95,0.35,0.0,0.0,0.0
2005-10-10,2005-10-27,OPTSTK,ABB,1560.0,PA,0.0,0.0,0.0,144.55,1.0,0.0,0.0,0.0
2005-10-10,2005-10-27,OPTSTK,ABB,1590.0,PA,0.0,0.0,0.0,135.5,2.35,0.0,0.0,0.0
2005-10-10,2005-10-27,OPTSTK,ABB,1620.0,PA,0.0,0.0,0.0,136.1,5.1,0.0,0.0,0.0
2005-10-10,2005-10-27,OPTSTK,ABB,1650.0,PA,0.0,0.0,0.0,135.7,9.9,0.0,0.0,0.0
2005-10-10,2005-10-27,OPTSTK,ABB,1680.0,PA,0.0,0.0,0.0,154.3,17.65,0.0,0.0,0.0
2005-10-10,2005-10-27,OPTSTK,ABB,1710.0,PA,0.0,0.0,0.0,128.45,28.9,0.0,0.0,0.0
2005-10-10,2005-10-27,OPTSTK,ABB,1740.0,PA,0.0,0.0,0.0,119.85,44.05,0.0,0.0,0.0
2005-10-10,2005-10-27,OPTSTK,ABB,1770.0,PA,0.0,0.0,0.0,139.0,62.95,0.0,0.0,0.0
2005-10-10,2005-10-27,OPTSTK,ABB,1800.0,PA,0.0,0.0,0.0,127.25,85.25,0.0,0.0,0.0
2005-10-10,2005-10-27,OPTSTK,ABB,1830.0,PA,0.0,0.0,0.0,146.05,110.2,0.0,0.0,0.0
2005-10-10,2005-10-27,OPTSTK,ABB,1860.0,PA,0.0,0.0,0.0,148.05,137.1,0.0,0.0,0.0
2005-10-10,2005-10-27,OPTSTK,ABB,1890.0,PA,0.0,0.0,0.0,130.55,165.3,0.0,0.0,0.0
2005-10-10,2005-10-27,OPTSTK,ABB,1920.0,PA,0.0,0.0,0.0,149.75,194.3,0.0,0.0,0.0
2005-10-10,2005-11-24,OPTSTK,ABB,1410.0,CA,0.0,0.0,0.0,160.95,322.35,0.0,0.0,0.0
2005-10-10,2005-11-24,OPTSTK,ABB,1440.0,CA,0.0,0.0,0.0,141.85,293.0,0.0,0.0,0.0
2005-10-10,2005-11-24,OPTSTK,ABB,1470.0,CA,0.0,0.0,0.0,124.25,263.9,0.0,0.0,0.0
2005-10-10,2005-11-24,OPTSTK,ABB,1500.0,CA,0.0,0.0,0.0,108.2,235.35,0.0,0.0,0.0
2005-10-10,2005-11-24,OPTSTK,ABB,1530.0,CA,0.0,0.0,0.0,93.6,207.5,0.0,0.0,0.0
2005-10-10,2005-11-24,OPTSTK,ABB,1560.0,CA,0.0,0.0,0.0,80.5,180.65,0.0,0.0,0.0
2005-10-10,2005-11-24,OPTSTK,ABB,1590.0,CA,0.0,0.0,0.0,68.85,155.1,0.0,0.0,0.0
2005-10-10,2005-11-24,OPTSTK,ABB,1620.0,CA,0.0,0.0,0.0,82.6,131.2,0.0,0.0,0.0
2005-10-10,2005-11-24,OPTSTK,ABB,1650.0,CA,0.0,0.0,0.0,71.45,109.2,0.0,0.0,0.0
2005-10-10,2005-11-24,OPTSTK,ABB,1680.0,CA,0.0,0.0,0.0,69.2,89.35,0.0,0.0,0.0
2005-10-10,2005-11-24,OPTSTK,ABB,1710.0,CA,0.0,0.0,0.0,63.35,71.85,0.0,0.0,0.0
2005-10-10,2005-11-24,OPTSTK,ABB,1740.0,CA,0.0,0.0,0.0,89.5,56.7,0.0,0.0,0.0
2005-10-10,2005-11-24,OPTSTK,ABB,1770.0,CA,0.0,0.0,0.0,78.15,43.95,0.0,0.0,0.0
2005-10-10,2005-11-24,OPTSTK,ABB,1800.0,CA,0.0,0.0,0.0,102.3,33.4,0.0,0.0,0.0
2005-10-10,2005-11-24,OPTSTK,ABB,1830.0,CA,0.0,0.0,0.0,90.75,25.0,0.0,0.0,0.0
2005-10-10,2005-11-24,OPTSTK,ABB,1860.0,CA,0.0,0.0,0.0,88.6,18.25,0.0,0.0,0.0
2005-10-10,2005-11-24,OPTSTK,ABB,1890.0,CA,0.0,0.0,0.0,98.25,13.15,0.0,0.0,0.0
2005-10-10,2005-11-24,OPTSTK,ABB,1920.0,CA,0.0,0.0,0.0,86.9,9.25,0.0,0.0,0.0
2005-10-10,2005-11-24,OPTSTK,ABB,1410.0,PA,0.0,0.0,0.0,43.3,0.4,0.0,0.0,0.0
2005-10-10,2005-11-24,OPTSTK,ABB,1440.0,PA,0.0,0.0,0.0,53.8,0.8,0.0,0.0,0.0
2005-10-10,2005-11-24,OPTSTK,ABB,1470.0,PA,0.0,0.0,0.0,65.75,1.5,0.0,0.0,0.0
2005-10-10,2005-11-24,OPTSTK,ABB,1500.0,PA,0.0,0.0,0.0,79.2,2.7,0.0,0.0,0.0
2005-10-10,2005-11-24,OPTSTK,ABB,1530.0,PA,0.0,0.0,0.0,94.2,4.6,0.0,0.0,0.0
2005-10-10,2005-11-24,OPTSTK,ABB,1560.0,PA,0.0,0.0,0.0,110.65,7.55,0.0,0.0,0.0
2005-10-10,2005-11-24,OPTSTK,ABB,1590.0,PA,0.0,0.0,0.0,128.55,11.8,0.0,0.0,0.0
2005-10-10,2005-11-24,OPTSTK,ABB,1620.0,PA,0.0,0.0,0.0,127.85,17.65,0.0,0.0,0.0
2005-10-10,2005-11-24,OPTSTK,ABB,1650.0,PA,0.0,0.0,0.0,146.25,25.45,0.0,0.0,0.0
2005-10-10,2005-11-24,OPTSTK,ABB,1680.0,PA,0.0,0.0,0.0,148.85,35.4,0.0,0.0,0.0
2005-10-10,2005-11-24,OPTSTK,ABB,1710.0,PA,0.0,0.0,0.0,139.9,47.65,0.0,0.0,0.0
2005-10-10,2005-11-24,OPTSTK,ABB,1740.0,PA,0.0,0.0,0.0,135.3,62.3,0.0,0.0,0.0
2005-10-10,2005-11-24,OPTSTK,ABB,1770.0,PA,0.0,0.0,0.0,153.55,79.3,0.0,0.0,0.0
2005-10-10,2005-11-24,OPTSTK,ABB,1800.0,PA,0.0,0.0,0.0,145.75,98.55,0.0,0.0,0.0
2005-10-10,2005-11-24,OPTSTK,ABB,1830.0,PA,0.0,0.0,0.0,163.8,119.9,0.0,0.0,0.0
2005-10-10,2005-11-24,OPTSTK,ABB,1860.0,PA,0.0,0.0,0.0,165.75,142.95,0.0,0.0,0.0
2005-10-10,2005-11-24,OPTSTK,ABB,1890.0,PA,0.0,0.0,0.0,149.9,167.6,0.0,0.0,0.0
2005-10-10,2005-11-24,OPTSTK,ABB,1920.0,PA,0.0,0.0,0.0,168.2,193.5,0.0,0.0,0.0
2005-10-10,2005-12-29,OPTSTK,ABB,1620.0,CA,0.0,0.0,0.0,153.6,152.95,0.0,0.0,0.0
2005-10-10,2005-12-29,OPTSTK,ABB,1650.0,CA,0.0,0.0,0.0,134.75,132.4,0.0,0.0,0.0
2005-10-10,2005-12-29,OPTSTK,ABB,1680.0,CA,0.0,0.0,0.0,117.4,113.55,0.0,0.0,0.0
2005-10-10,2005-12-29,OPTSTK,ABB,1710.0,CA,0.0,0.0,0.0,101.6,96.5,0.0,0.0,0.0
2005-10-10,2005-12-29,OPTSTK,ABB,1740.0,CA,0.0,0.0,0.0,87.35,81.25,0.0,0.0,0.0
2005-10-10,2005-12-29,OPTSTK,ABB,1770.0,CA,0.0,0.0,0.0,74.55,67.75,0.0,0.0,0.0
2005-10-10,2005-12-29,OPTSTK,ABB,1800.0,CA,0.0,0.0,0.0,63.25,55.9,0.0,0.0,0.0
2005-10-10,2005-12-29,OPTSTK,ABB,1830.0,CA,0.0,0.0,0.0,59.25,45.75,0.0,0.0,0.0
2005-10-10,2005-12-29,OPTSTK,ABB,1860.0,CA,0.0,0.0,0.0,59.35,37.05,0.0,0.0,0.0
2005-10-10,2005-12-29,OPTSTK,ABB,1620.0,PA,0.0,0.0,0.0,44.65,30.2,0.0,0.0,0.0
2005-10-10,2005-12-29,OPTSTK,ABB,1650.0,PA,0.0,0.0,0.0,55.35,39.2,0.0,0.0,0.0
2005-10-10,2005-12-29,OPTSTK,ABB,1680.0,PA,0.0,0.0,0.0,67.6,50.0,0.0,0.0,0.0
2005-10-10,2005-12-29,OPTSTK,ABB,1710.0,PA,0.0,0.0,0.0,81.35,62.55,0.0,0.0,0.0
2005-10-10,2005-12-29,OPTSTK,ABB,1740.0,PA,0.0,0.0,0.0,96.6,76.9,0.0,0.0,0.0
2005-10-10,2005-12-29,OPTSTK,ABB,1770.0,PA,0.0,0.0,0.0,113.4,93.0,0.0,0.0,0.0
2005-10-10,2005-12-29,OPTSTK,ABB,1800.0,PA,0.0,0.0,0.0,131.65,110.8,0.0,0.0,0.0
2005-10-10,2005-12-29,OPTSTK,ABB,1830.0,PA,0.0,0.0,0.0,123.95,130.2,0.0,0.0,0.0
2005-10-10,2005-12-29,OPTSTK,ABB,1860.0,PA,0.0,0.0,0.0,127.65,151.1,0.0,0.0,0.0
2005-10-10,2005-10-27,OPTSTK,ACC,400.0,CA,10.0,10.0,10.0,10.0,10.0,1.0,3.07,750.0
2005-10-10,2005-10-27,OPTSTK,ACC,410.0,CA,0.0,0.0,0.0,41.85,59.55,0.0,0.0,0.0
2005-10-10,2005-10-27,OPTSTK,ACC,420.0,CA,0.0,0.0,0.0,36.0,49.7,0.0,0.0,0.0
2005-10-10,2005-10-27,OPTSTK,ACC,430.0,CA,0.0,0.0,0.0,30.7,40.15,0.0,0.0,0.0
2005-10-10,2005-10-27,OPTSTK,ACC,440.0,CA,0.0,0.0,0.0,26.0,31.05,0.0,0.0,0.0
2005-10-10,2005-10-27,OPTSTK,ACC,450.0,CA,0.0,0.0,0.0,21.85,22.8,0.0,0.0,0.0
2005-10-10,2005-10-27,OPTSTK,ACC,460.0,CA,0.0,0.0,0.0,18.2,15.8,0.0,0.0,0.0
2005-10-10,2005-10-27,OPTSTK,ACC,470.0,CA,17.0,17.3,11.05,12.15,12.15,53.0,193.08,43500.0
2005-10-10,2005-10-27,OPTSTK,ACC,480.0,CA,12.0,12.0,6.75,7.45,7.45,79.0,289.7,133500.0
2005-10-10,2005-10-27,OPTSTK,ACC,490.0,CA,7.5,7.5,5.2,5.25,5.25,24.0,89.4,116250.0
2005-10-10,2005-10-27,OPTSTK,ACC,500.0,CA,5.0,5.6,2.8,3.15,3.15,27.0,102.1,216000.0
2005-10-10,2005-10-27,OPTSTK,ACC,510.0,CA,2.9,3.0,1.75,1.85,1.85,28.0,107.63,152250.0
2005-10-10,2005-10-27,OPTSTK,ACC,520.0,CA,0.55,0.55,0.55,0.55,0.55,1.0,3.9,19500.0
2005-10-10,2005-10-27,OPTSTK,ACC,530.0,CA,0.0,0.0,0.0,1.9,0.15,0.0,0.0,0.0
2005-10-10,2005-10-27,OPTSTK,ACC,400.0,PA,0.0,0.0,0.0,12.0,0.05,0.0,0.0,0.0
2005-10-10,2005-10-27,OPTSTK,ACC,410.0,PA,0.0,0.0,0.0,15.4,0.1,0.0,0.0,0.0
2005-10-10,2005-10-27,OPTSTK,ACC,420.0,PA,0.0,0.0,0.0,19.4,0.2,0.0,0.0,0.0
2005-10-10,2005-10-27,OPTSTK,ACC,430.0,PA,0.0,0.0,0.0,23.95,0.6,0.0,0.0,0.0
2005-10-10,2005-10-27,OPTSTK,ACC,440.0,PA,0.0,0.0,0.0,1.95,1.5,0.0,0.0,1500.0
2005-10-10,2005-10-27,OPTSTK,ACC,450.0,PA,0.0,0.0,0.0,5.0,3.25,0.0,0.0,750.0
2005-10-10,2005-10-27,OPTSTK,ACC,460.0,PA,6.3,6.45,6.3,6.4,6.4,3.0,10.49,12000.0
2005-10-10,2005-10-27,OPTSTK,ACC,470.0,PA,8.35,11.4,8.0,11.1,11.1,22.0,79.0,27000.0
2005-10-10,2005-10-27,OPTSTK,ACC,480.0,PA,13.0,18.0,12.25,17.3,17.3,88.0,325.82,234750.0
2005-10-10,2005-10-27,OPTSTK,ACC,490.0,PA,20.0,24.9,20.0,24.9,24.9,11.0,42.29,66750.0
2005-10-10,2005-10-27,OPTSTK,ACC,500.0,PA,29.0,29.0,29.0,29.0,29.0,1.0,3.96,3750.0
2005-10-10,2005-10-27,OPTSTK,ACC,510.0,PA,0.0,0.0,0.0,38.9,41.1,0.0,0.0,0.0
2005-10-10,2005-10-27,OPTSTK,ACC,520.0,PA,0.0,0.0,0.0,35.8,50.65,0.0,0.0,0.0
2005-10-10,2005-10-27,OPTSTK,ACC,530.0,PA,0.0,0.0,0.0,34.45,60.4,0.0,0.0,0.0
2005-10-10,2005-11-24,OPTSTK,ACC,430.0,CA,0.0,0.0,0.0,44.55,44.8,0.0,0.0,0.0
2005-10-10,2005-11-24,OPTSTK,ACC,440.0,CA,0.0,0.0,0.0,37.95,36.8,0.0,0.0,0.0
2005-10-10,2005-11-24,OPTSTK,ACC,450.0,CA,0.0,0.0,0.0,32.0,29.6,0.0,0.0,0.0
2005-10-10,2005-11-24,OPTSTK,ACC,460.0,CA,0.0,0.0,0.0,26.65,23.25,0.0,0.0,0.0
2005-10-10,2005-11-24,OPTSTK,ACC,470.0,CA,0.0,0.0,0.0,22.0,17.8,0.0,0.0,0.0
2005-10-10,2005-11-24,OPTSTK,ACC,480.0,CA,0.0,0.0,0.0,17.95,13.3,0.0,0.0,0.0
2005-10-10,2005-11-24,OPTSTK,ACC,490.0,CA,0.0,0.0,0.0,14.5,9.7,0.0,0.0,0.0
2005-10-10,2005-11-24,OPTSTK,ACC,500.0,CA,0.0,0.0,0.0,18.65,6.9,0.0,0.0,0.0
2005-10-10,2005-11-24,OPTSTK,ACC,510.0,CA,0.0,0.0,0.0,15.25,4.8,0.0,0.0,0.0
2005-10-10,2005-11-24,OPTSTK,ACC,520.0,CA,0.0,0.0,0.0,8.35,3.25,0.0,0.0,0.0
2005-10-10,2005-11-24,OPTSTK,ACC,530.0,CA,0.0,0.0,0.0,6.35,2.15,0.0,0.0,0.0
2005-10-10,2005-11-24,OPTSTK,ACC,430.0,PA,0.0,0.0,0.0,9.95,3.2,0.0,0.0,0.0
2005-10-10,2005-11-24,OPTSTK,ACC,440.0,PA,0.0,0.0,0.0,13.2,5.15,0.0,0.0,0.0
2005-10-10,2005-11-24,OPTSTK,ACC,450.0,PA,0.0,0.0,0.0,17.1,7.85,0.0,0.0,0.0
2005-10-10,2005-11-24,OPTSTK,ACC,460.0,PA,0.0,0.0,0.0,21.65,11.45,0.0,0.0,0.0
2005-10-10,2005-11-24,OPTSTK,ACC,470.0,PA,0.0,0.0,0.0,26.8,15.95,0.0,0.0,0.0
2005-10-10,2005-11-24,OPTSTK,ACC,480.0,PA,0.0,0.0,0.0,32.6,21.35,0.0,0.0,0.0
2005-10-10,2005-11-24,OPTSTK,ACC,490.0,PA,0.0,0.0,0.0,39.0,27.7,0.0,0.0,0.0
2005-10-10,2005-11-24,OPTSTK,ACC,500.0,PA,0.0,0.0,0.0,39.55,34.8,0.0,0.0,0.0
2005-10-10,2005-11-24,OPTSTK,ACC,510.0,PA,0.0,0.0,0.0,41.55,42.6,0.0,0.0,0.0
2005-10-10,2005-11-24,OPTSTK,ACC,520.0,PA,0.0,0.0,0.0,38.2,51.0,0.0,0.0,0.0
2005-10-10,2005-11-24,OPTSTK,ACC,530.0,PA,0.0,0.0,0.0,36.35,59.8,0.0,0.0,0.0
2005-10-10,2005-12-29,OPTSTK,ACC,440.0,CA,0.0,0.0,0.0,0.0,0.0,0.0,0.0,0.0
2005-10-10,2005-12-29,OPTSTK,ACC,450.0,CA,0.0,0.0,0.0,47.85,36.2,0.0,0.0,0.0
2005-10-10,2005-12-29,OPTSTK,ACC,460.0,CA,0.0,0.0,0.0,43.15,30.15,0.0,0.0,0.0
2005-10-10,2005-12-29,OPTSTK,ACC,470.0,CA,0.0,0.0,0.0,36.75,24.75,0.0,0.0,0.0
2005-10-10,2005-12-29,OPTSTK,ACC,480.0,CA,0.0,0.0,0.0,30.95,20.1,0.0,0.0,0.0
2005-10-10,2005-12-29,OPTSTK,ACC,490.0,CA,0.0,0.0,0.0,25.75,16.1,0.0,0.0,0.0
2005-10-10,2005-12-29,OPTSTK,ACC,500.0,CA,0.0,0.0,0.0,21.25,12.7,0.0,0.0,0.0
2005-10-10,2005-12-29,OPTSTK,ACC,510.0,CA,0.0,0.0,0.0,17.3,9.95,0.0,0.0,0.0
2005-10-10,2005-12-29,OPTSTK,ACC,520.0,CA,0.0,0.0,0.0,13.95,7.65,0.0,0.0,0.0
2005-10-10,2005-12-29,OPTSTK,ACC,530.0,CA,0.0,0.0,0.0,11.55,5.85,0.0,0.0,0.0
2005-10-10,2005-12-29,OPTSTK,ACC,440.0,PA,0.0,0.0,0.0,0.0,0.0,0.0,0.0,0.0
2005-10-10,2005-12-29,OPTSTK,ACC,450.0,PA,0.0,0.0,0.0,7.5,11.9,0.0,0.0,0.0
2005-10-10,2005-12-29,OPTSTK,ACC,460.0,PA,0.0,0.0,0.0,11.0,15.7,0.0,0.0,0.0
2005-10-10,2005-12-29,OPTSTK,ACC,470.0,PA,0.0,0.0,0.0,14.4,20.2,0.0,0.0,0.0
2005-10-10,2005-12-29,OPTSTK,ACC,480.0,PA,0.0,0.0,0.0,18.45,25.4,0.0,0.0,0.0
2005-10-10,2005-12-29,OPTSTK,ACC,490.0,PA,0.0,0.0,0.0,23.15,31.25,0.0,0.0,0.0
2005-10-10,2005-12-29,OPTSTK,ACC,500.0,PA,0.0,0.0,0.0,28.45,37.75,0.0,0.0,0.0
2005-10-10,2005-12-29,OPTSTK,ACC,510.0,PA,0.0,0.0,0.0,34.4,44.85,0.0,0.0,0.0
2005-10-10,2005-12-29,OPTSTK,ACC,520.0,PA,0.0,0.0,0.0,40.9,52.45,0.0,0.0,0.0
2005-10-10,2005-12-29,OPTSTK,ACC,530.0,PA,0.0,0.0,0.0,38.55,60.5,0.0,0.0,0.0
2005-10-10,2005-10-27,OPTSTK,ALBK,70.0,CA,0.0,0.0,0.0,18.45,21.25,0.0,0.0,0.0
2005-10-10,2005-10-27,OPTSTK,ALBK,75.0,CA,0.0,0.0,0.0,18.5,16.25,0.0,0.0,0.0
2005-10-10,2005-10-27,OPTSTK,ALBK,80.0,CA,0.0,0.0,0.0,4.0,11.3,0.0,0.0,0.0
2005-10-10,2005-10-27,OPTSTK,ALBK,85.0,CA,0.0,0.0,0.0,9.95,6.55,0.0,0.0,0.0
2005-10-10,2005-10-27,OPTSTK,ALBK,90.0,CA,4.25,4.3,3.5,3.6,3.6,6.0,13.79,68600.0
2005-10-10,2005-10-27,OPTSTK,ALBK,95.0,CA,2.4,2.6,2.0,2.1,2.1,9.0,21.45,193550.0
2005-10-10,2005-10-27,OPTSTK,ALBK,100.0,CA,0.0,0.0,0.0,1.0,0.15,0.0,0.0,129850.0
2005-10-10,2005-10-27,OPTSTK,ALBK,105.0,CA,0.0,0.0,0.0,0.9,0.05,0.0,0.0,7350.0
2005-10-10,2005-10-27,OPTSTK,ALBK,110.0,CA,0.0,0.0,0.0,0.8,0.0,0.0,0.0,2450.0
2005-10-10,2005-10-27,OPTSTK,ALBK,115.0,CA,0.0,0.0,0.0,2.45,0.0,0.0,0.0,0.0
2005-10-10,2005-10-27,OPTSTK,ALBK,70.0,PA,0.0,0.0,0.0,0.3,0.0,0.0,0.0,0.0
2005-10-10,2005-10-27,OPTSTK,ALBK,75.0,PA,0.0,0.0,0.0,0.9,0.0,0.0,0.0,0.0
2005-10-10,2005-10-27,OPTSTK,ALBK,80.0,PA,0.0,0.0,0.0,1.4,0.05,0.0,0.0,0.0
2005-10-10,2005-10-27,OPTSTK,ALBK,85.0,PA,0.0,0.0,0.0,0.9,0.3,0.0,0.0,2450.0
2005-10-10,2005-10-27,OPTSTK,ALBK,90.0,PA,2.6,2.6,2.6,2.6,2.6,2.0,4.53,71050.0
2005-10-10,2005-10-27,OPTSTK,ALBK,95.0,PA,0.0,0.0,0.0,6.65,4.5,0.0,0.0,0.0
2005-10-10,2005-10-27,OPTSTK,ALBK,100.0,PA,0.0,0.0,0.0,9.5,8.85,0.0,0.0,0.0
2005-10-10,2005-10-27,OPTSTK,ALBK,105.0,PA,0.0,0.0,0.0,12.85,13.7,0.0,0.0,0.0
2005-10-10,2005-10-27,OPTSTK,ALBK,110.0,PA,0.0,0.0,0.0,16.65,18.7,0.0,0.0,0.0
2005-10-10,2005-10-27,OPTSTK,ALBK,115.0,PA,0.0,0.0,0.0,17.55,23.65,0.0,0.0,0.0
2005-10-10,2005-11-24,OPTSTK,ALBK,70.0,CA,0.0,0.0,0.0,17.5,21.6,0.0,0.0,0.0
2005-10-10,2005-11-24,OPTSTK,ALBK,75.0,CA,0.0,0.0,0.0,13.35,16.65,0.0,0.0,0.0
2005-10-10,2005-11-24,OPTSTK,ALBK,80.0,CA,0.0,0.0,0.0,3.0,11.9,0.0,0.0,0.0
2005-10-10,2005-11-24,OPTSTK,ALBK,85.0,CA,0.0,0.0,0.0,2.5,7.65,0.0,0.0,0.0
2005-10-10,2005-11-24,OPTSTK,ALBK,90.0,CA,0.0,0.0,0.0,4.5,4.3,0.0,0.0,0.0
2005-10-10,2005-11-24,OPTSTK,ALBK,95.0,CA,0.0,0.0,0.0,2.85,2.1,0.0,0.0,0.0
2005-10-10,2005-11-24,OPTSTK,ALBK,100.0,CA,0.0,0.0,0.0,1.75,0.85,0.0,0.0,0.0
2005-10-10,2005-11-24,OPTSTK,ALBK,105.0,CA,0.0,0.0,0.0,1.55,0.3,0.0,0.0,0.0
2005-10-10,2005-11-24,OPTSTK,ALBK,110.0,CA,0.0,0.0,0.0,1.3,0.1,0.0,0.0,0.0
2005-10-10,2005-11-24,OPTSTK,ALBK,70.0,PA,0.0,0.0,0.0,0.55,0.0,0.0,0.0,0.0
2005-10-10,2005-11-24,OPTSTK,ALBK,75.0,PA,0.0,0.0,0.0,1.3,0.05,0.0,0.0,0.0
2005-10-10,2005-11-24,OPTSTK,ALBK,80.0,PA,0.0,0.0,0.0,2.6,0.25,0.0,0.0,0.0
2005-10-10,2005-11-24,OPTSTK,ALBK,85.0,PA,0.0,0.0,0.0,4.6,0.95,0.0,0.0,0.0
2005-10-10,2005-11-24,OPTSTK,ALBK,90.0,PA,0.0,0.0,0.0,7.25,2.6,0.0,0.0,0.0
2005-10-10,2005-11-24,OPTSTK,ALBK,95.0,PA,0.0,0.0,0.0,10.55,5.3,0.0,0.0,0.0
2005-10-10,2005-11-24,OPTSTK,ALBK,100.0,PA,0.0,0.0,0.0,14.35,9.1,0.0,0.0,0.0
2005-10-10,2005-11-24,OPTSTK,ALBK,105.0,PA,0.0,0.0,0.0,16.85,13.5,0.0,0.0,0.0
2005-10-10,2005-11-24,OPTSTK,ALBK,110.0,PA,0.0,0.0,0.0,17.2,18.25,0.0,0.0,0.0
2005-10-10,2005-12-29,OPTSTK,ALBK,75.0,CA,0.0,0.0,0.0,16.7,17.25,0.0,0.0,0.0
2005-10-10,2005-12-29,OPTSTK,ALBK,80.0,CA,0.0,0.0,0.0,12.45,12.8,0.0,0.0,0.0
2005-10-10,2005-12-29,OPTSTK,ALBK,85.0,CA,0.0,0.0,0.0,8.8,8.85,0.0,0.0,0.0
2005-10-10,2005-12-29,OPTSTK,ALBK,90.0,CA,0.0,0.0,0.0,5.9,5.65,0.0,0.0,0.0
2005-10-10,2005-12-29,OPTSTK,ALBK,95.0,CA,0.0,0.0,0.0,3.7,3.35,0.0,0.0,0.0
2005-10-10,2005-12-29,OPTSTK,ALBK,100.0,CA,0.0,0.0,0.0,2.25,1.85,0.0,0.0,0.0
2005-10-10,2005-12-29,OPTSTK,ALBK,105.0,CA,0.0,0.0,0.0,1.25,0.95,0.0,0.0,0.0
2005-10-10,2005-12-29,OPTSTK,ALBK,110.0,CA,0.0,0.0,0.0,1.0,0.45,0.0,0.0,0.0
2005-10-10,2005-12-29,OPTSTK,ALBK,75.0,PA,0.0,0.0,0.0,0.45,0.2,0.0,0.0,0.0
2005-10-10,2005-12-29,OPTSTK,ALBK,80.0,PA,0.0,0.0,0.0,1.15,0.7,0.0,0.0,0.0
2005-10-10,2005-12-29,OPTSTK,ALBK,85.0,PA,0.0,0.0,0.0,2.45,1.7,0.0,0.0,0.0
2005-10-10,2005-12-29,OPTSTK,ALBK,90.0,PA,0.0,0.0,0.0,4.45,3.45,0.0,0.0,0.0
2005-10-10,2005-12-29,OPTSTK,ALBK,95.0,PA,0.0,0.0,0.0,7.2,6.05,0.0,0.0,0.0
2005-10-10,2005-12-29,OPTSTK,ALBK,100.0,PA,0.0,0.0,0.0,10.65,9.5,0.0,0.0,0.0
2005-10-10,2005-12-29,OPTSTK,ALBK,105.0,PA,0.0,0.0,0.0,14.6,13.5,0.0,0.0,0.0
2005-10-10,2005-12-29,OPTSTK,ALBK,110.0,PA,0.0,0.0,0.0,16.65,17.95,0.0,0.0,0.0
2005-10-10,2005-10-27,OPTSTK,ALOKTEXT,50.0,CA,0.0,0.0,0.0,14.3,28.3,0.0,0.0,0.0
2005-10-10,2005-10-27,OPTSTK,ALOKTEXT,55.0,CA,0.0,0.0,0.0,10.35,23.3,0.0,0.0,0.0
2005-10-10,2005-10-27,OPTSTK,ALOKTEXT,60.0,CA,0.0,0.0,0.0,7.1,18.35,0.0,0.0,0.0
2005-10-10,2005-10-27,OPTSTK,ALOKTEXT,65.0,CA,0.0,0.0,0.0,4.65,13.4,0.0,0.0,0.0
2005-10-10,2005-10-27,OPTSTK,ALOKTEXT,70.0,CA,0.0,0.0,0.0,9.95,8.8,0.0,0.0,6700.0
2005-10-10,2005-10-27,OPTSTK,ALOKTEXT,75.0,CA,4.5,4.75,3.8,4.75,4.75,7.0,18.56,83750.0
2005-10-10,2005-10-27,OPTSTK,ALOKTEXT,80.0,CA,2.1,2.4,1.8,2.4,2.4,15.0,41.26,579550.0
2005-10-10,2005-10-27,OPTSTK,ALOKTEXT,85.0,CA,1.0,1.15,0.7,1.15,1.15,5.0,14.39,405350.0
2005-10-10,2005-10-27,OPTSTK,ALOKTEXT,90.0,CA,0.0,0.0,0.0,0.9,0.3,0.0,0.0,53600.0
2005-10-10,2005-10-27,OPTSTK,ALOKTEXT,95.0,CA,0.0,0.0,0.0,3.2,0.1,0.0,0.0,0.0
2005-10-10,2005-10-27,OPTSTK,ALOKTEXT,100.0,CA,0.0,0.0,0.0,0.5,0.05,0.0,0.0,6700.0
2005-10-10,2005-10-27,OPTSTK,ALOKTEXT,50.0,PA,0.0,0.0,0.0,0.65,0.0,0.0,0.0,0.0
2005-10-10,2005-10-27,OPTSTK,ALOKTEXT,55.0,PA,0.0,0.0,0.0,1.65,0.0,0.0,0.0,0.0
2005-10-10,2005-10-27,OPTSTK,ALOKTEXT,60.0,PA,0.0,0.0,0.0,3.35,0.05,0.0,0.0,0.0
2005-10-10,2005-10-27,OPTSTK,ALOKTEXT,65.0,PA,0.0,0.0,0.0,5.8,0.1,0.0,0.0,0.0
2005-10-10,2005-10-27,OPTSTK,ALOKTEXT,70.0,PA,0.0,0.0,0.0,0.6,0.45,0.0,0.0,10050.0
2005-10-10,2005-10-27,OPTSTK,ALOKTEXT,75.0,PA,1.55,1.55,1.55,1.55,1.55,1.0,2.56,23450.0
2005-10-10,2005-10-27,OPTSTK,ALOKTEXT,80.0,PA,0.0,0.0,0.0,4.9,3.95,0.0,0.0,67000.0
2005-10-10,2005-10-27,OPTSTK,ALOKTEXT,85.0,PA,0.0,0.0,0.0,17.7,7.55,0.0,0.0,0.0
2005-10-10,2005-10-27,OPTSTK,ALOKTEXT,90.0,PA,0.0,0.0,0.0,16.85,11.9,0.0,0.0,0.0
2005-10-10,2005-10-27,OPTSTK,ALOKTEXT,95.0,PA,0.0,0.0,0.0,19.2,16.7,0.0,0.0,0.0
2005-10-10,2005-10-27,OPTSTK,ALOKTEXT,100.0,PA,0.0,0.0,0.0,18.05,21.65,0.0,0.0,0.0
2005-10-10,2005-11-24,OPTSTK,ALOKTEXT,55.0,CA,0.0,0.0,0.0,17.05,23.6,0.0,0.0,0.0
2005-10-10,2005-11-24,OPTSTK,ALOKTEXT,60.0,CA,0.0,0.0,0.0,13.05,18.8,0.0,0.0,0.0
2005-10-10,2005-11-24,OPTSTK,ALOKTEXT,65.0,CA,0.0,0.0,0.0,9.65,14.25,0.0,0.0,0.0
2005-10-10,2005-11-24,OPTSTK,ALOKTEXT,70.0,CA,0.0,0.0,0.0,6.9,10.25,0.0,0.0,0.0
2005-10-10,2005-11-24,OPTSTK,ALOKTEXT,75.0,CA,0.0,0.0,0.0,4.75,6.9,0.0,0.0,0.0
2005-10-10,2005-11-24,OPTSTK,ALOKTEXT,80.0,CA,0.0,0.0,0.0,3.2,4.4,0.0,0.0,0.0
2005-10-10,2005-11-24,OPTSTK,ALOKTEXT,85.0,CA,0.0,0.0,0.0,2.1,2.6,0.0,0.0,0.0
2005-10-10,2005-11-24,OPTSTK,ALOKTEXT,90.0,CA,0.0,0.0,0.0,6.1,1.5,0.0,0.0,0.0
2005-10-10,2005-11-24,OPTSTK,ALOKTEXT,95.0,CA,0.0,0.0,0.0,4.8,0.8,0.0,0.0,0.0
2005-10-10,2005-11-24,OPTSTK,ALOKTEXT,100.0,CA,0.0,0.0,0.0,3.9,0.4,0.0,0.0,0.0
2005-10-10,2005-11-24,OPTSTK,ALOKTEXT,55.0,PA,0.0,0.0,0.0,0.8,0.05,0.0,0.0,0.0
2005-10-10,2005-11-24,OPTSTK,ALOKTEXT,60.0,PA,0.0,0.0,0.0,1.7,0.2,0.0,0.0,0.0
2005-10-10,2005-11-24,OPTSTK,ALOKTEXT,65.0,PA,0.0,0.0,0.0,3.25,0.65,0.0,0.0,0.0
2005-10-10,2005-11-24,OPTSTK,ALOKTEXT,70.0,PA,0.0,0.0,0.0,5.4,1.55,0.0,0.0,0.0
2005-10-10,2005-11-24,OPTSTK,ALOKTEXT,75.0,PA,0.0,0.0,0.0,8.2,3.2,0.0,0.0,0.0
2005-10-10,2005-11-24,OPTSTK,ALOKTEXT,80.0,PA,0.0,0.0,0.0,11.55,5.65,0.0,0.0,0.0
2005-10-10,2005-11-24,OPTSTK,ALOKTEXT,85.0,PA,0.0,0.0,0.0,15.35,8.85,0.0,0.0,0.0
2005-10-10,2005-11-24,OPTSTK,ALOKTEXT,90.0,PA,0.0,0.0,0.0,16.7,12.65,0.0,0.0,0.0
2005-10-10,2005-11-24,OPTSTK,ALOKTEXT,95.0,PA,0.0,0.0,0.0,20.35,16.95,0.0,0.0,0.0
2005-10-10,2005-11-24,OPTSTK,ALOKTEXT,100.0,PA,0.0,0.0,0.0,19.15,21.55,0.0,0.0,0.0
2005-10-10,2005-12-29,OPTSTK,ALOKTEXT,60.0,CA,0.0,0.0,0.0,19.4,19.6,0.0,0.0,0.0
2005-10-10,2005-12-29,OPTSTK,ALOKTEXT,65.0,CA,0.0,0.0,0.0,15.6,15.4,0.0,0.0,0.0
2005-10-10,2005-12-29,OPTSTK,ALOKTEXT,70.0,CA,0.0,0.0,0.0,12.3,11.75,0.0,0.0,0.0
2005-10-10,2005-12-29,OPTSTK,ALOKTEXT,75.0,CA,0.0,0.0,0.0,11.0,8.7,0.0,0.0,0.0
2005-10-10,2005-12-29,OPTSTK,ALOKTEXT,80.0,CA,0.0,0.0,0.0,7.2,6.25,0.0,0.0,0.0
2005-10-10,2005-12-29,OPTSTK,ALOKTEXT,85.0,CA,0.0,0.0,0.0,5.35,4.35,0.0,0.0,0.0
2005-10-10,2005-12-29,OPTSTK,ALOKTEXT,90.0,CA,0.0,0.0,0.0,3.95,2.95,0.0,0.0,0.0
2005-10-10,2005-12-29,OPTSTK,ALOKTEXT,95.0,CA,0.0,0.0,0.0,2.85,1.95,0.0,0.0,0.0
2005-10-10,2005-12-29,OPTSTK,ALOKTEXT,60.0,PA,0.0,0.0,0.0,1.35,0.65,0.0,0.0,0.0
2005-10-10,2005-12-29,OPTSTK,ALOKTEXT,65.0,PA,0.0,0.0,0.0,2.5,1.4,0.0,0.0,0.0
2005-10-10,2005-12-29,OPTSTK,ALOKTEXT,70.0,PA,0.0,0.0,0.0,4.1,2.7,0.0,0.0,0.0
2005-10-10,2005-12-29,OPTSTK,ALOKTEXT,75.0,PA,0.0,0.0,0.0,6.25,4.55,0.0,0.0,0.0
2005-10-10,2005-12-29,OPTSTK,ALOKTEXT,80.0,PA,0.0,0.0,0.0,8.85,7.05,0.0,0.0,0.0
2005-10-10,2005-12-29,OPTSTK,ALOKTEXT,85.0,PA,0.0,0.0,0.0,11.95,10.05,0.0,0.0,0.0
2005-10-10,2005-12-29,OPTSTK,ALOKTEXT,90.0,PA,0.0,0.0,0.0,15.45,13.6,0.0,0.0,0.0
2005-10-10,2005-12-29,OPTSTK,ALOKTEXT,95.0,PA,0.0,0.0,0.0,18.6,17.55,0.0,0.0,0.0
2005-10-10,2005-10-27,OPTSTK,ANDHRABANK,75.0,CA,0.0,0.0,0.0,18.0,27.8,0.0,0.0,0.0
2005-10-10,2005-10-27,OPTSTK,ANDHRABANK,80.0,CA,0.0,0.0,0.0,18.85,22.85,0.0,0.0,0.0
2005-10-10,2005-10-27,OPTSTK,ANDHRABANK,85.0,CA,0.0,0.0,0.0,18.95,17.85,0.0,0.0,0.0
2005-10-10,2005-10-27,OPTSTK,ANDHRABANK,90.0,CA,0.0,0.0,0.0,19.65,12.95,0.0,0.0,0.0
2005-10-10,2005-10-27,OPTSTK,ANDHRABANK,95.0,CA,0.0,0.0,0.0,19.05,8.45,0.0,0.0,0.0
2005-10-10,2005-10-27,OPTSTK,ANDHRABANK,100.0,CA,6.0,6.65,6.0,6.65,6.65,2.0,4.89,50600.0
2005-10-10,2005-10-27,OPTSTK,ANDHRABANK,105.0,CA,4.0,4.1,4.0,4.1,4.1,4.0,10.03,135700.0
2005-10-10,2005-10-27,OPTSTK,ANDHRABANK,110.0,CA,2.5,2.5,2.05,2.25,2.25,8.0,20.66,282900.0
2005-10-10,2005-10-27,OPTSTK,ANDHRABANK,115.0,CA,0.0,0.0,0.0,2.7,0.3,0.0,0.0,20700.0
2005-10-10,2005-10-27,OPTSTK,ANDHRABANK,120.0,CA,0.0,0.0,0.0,1.5,0.1,0.0,0.0,9200.0
2005-10-10,2005-10-27,OPTSTK,ANDHRABANK,125.0,CA,0.0,0.0,0.0,5.05,0.05,0.0,0.0,0.0
2005-10-10,2005-10-27,OPTSTK,ANDHRABANK,75.0,PA,0.0,0.0,0.0,0.6,0.0,0.0,0.0,0.0
2005-10-10,2005-10-27,OPTSTK,ANDHRABANK,80.0,PA,0.0,0.0,0.0,0.75,0.0,0.0,0.0,0.0
2005-10-10,2005-10-27,OPTSTK,ANDHRABANK,85.0,PA,0.0,0.0,0.0,2.5,0.05,0.0,0.0,0.0
2005-10-10,2005-10-27,OPTSTK,ANDHRABANK,90.0,PA,0.0,0.0,0.0,3.05,0.15,0.0,0.0,0.0
2005-10-10,2005-10-27,OPTSTK,ANDHRABANK,95.0,PA,0.0,0.0,0.0,2.5,0.6,0.0,0.0,2300.0
2005-10-10,2005-10-27,OPTSTK,ANDHRABANK,100.0,PA,2.5,2.5,2.5,2.5,2.5,1.0,2.35,34500.0
2005-10-10,2005-10-27,OPTSTK,ANDHRABANK,105.0,PA,0.0,0.0,0.0,4.3,4.35,0.0,0.0,11500.0
2005-10-10,2005-10-27,OPTSTK,ANDHRABANK,110.0,PA,8.75,8.75,8.75,8.75,8.75,1.0,2.73,0.0
2005-10-10,2005-10-27,OPTSTK,ANDHRABANK,115.0,PA,0.0,0.0,0.0,12.45,12.4,0.0,0.0,0.0
2005-10-10,2005-10-27,OPTSTK,ANDHRABANK,120.0,PA,0.0,0.0,0.0,15.65,17.2,0.0,0.0,0.0
2005-10-10,2005-10-27,OPTSTK,ANDHRABANK,125.0,PA,0.0,0.0,0.0,30.0,22.1,0.0,0.0,9200.0
2005-10-10,2005-11-24,OPTSTK,ANDHRABANK,75.0,CA,0.0,0.0,0.0,18.8,28.2,0.0,0.0,0.0
2005-10-10,2005-11-24,OPTSTK,ANDHRABANK,80.0,CA,0.0,0.0,0.0,14.9,23.3,0.0,0.0,0.0
2005-10-10,2005-11-24,OPTSTK,ANDHRABANK,85.0,CA,0.0,0.0,0.0,11.45,18.5,0.0,0.0,0.0
2005-10-10,2005-11-24,OPTSTK,ANDHRABANK,90.0,CA,0.0,0.0,0.0,8.55,14.05,0.0,0.0,0.0
2005-10-10,2005-11-24,OPTSTK,ANDHRABANK,95.0,CA,0.0,0.0,0.0,6.25,10.1,0.0,0.0,0.0
2005-10-10,2005-11-24,OPTSTK,ANDHRABANK,100.0,CA,0.0,0.0,0.0,4.4,6.85,0.0,0.0,0.0
2005-10-10,2005-11-24,OPTSTK,ANDHRABANK,105.0,CA,0.0,0.0,0.0,3.05,4.35,0.0,0.0,0.0
2005-10-10,2005-11-24,OPTSTK,ANDHRABANK,110.0,CA,0.0,0.0,0.0,2.8,2.6,0.0,0.0,0.0
2005-10-10,2005-11-24,OPTSTK,ANDHRABANK,115.0,CA,0.0,0.0,0.0,2.2,1.45,0.0,0.0,0.0
2005-10-10,2005-11-24,OPTSTK,ANDHRABANK,120.0,CA,0.0,0.0,0.0,1.4,0.75,0.0,0.0,0.0
2005-10-10,2005-11-24,OPTSTK,ANDHRABANK,125.0,CA,0.0,0.0,0.0,1.4,0.4,0.0,0.0,0.0
2005-10-10,2005-11-24,OPTSTK,ANDHRABANK,75.0,PA,0.0,0.0,0.0,1.1,0.05,0.0,0.0,0.0
2005-10-10,2005-11-24,OPTSTK,ANDHRABANK,80.0,PA,0.0,0.0,0.0,2.1,0.1,0.0,0.0,0.0
2005-10-10,2005-11-24,OPTSTK,ANDHRABANK,85.0,PA,0.0,0.0,0.0,3.55,0.3,0.0,0.0,0.0
2005-10-10,2005-11-24,OPTSTK,ANDHRABANK,90.0,PA,0.0,0.0,0.0,5.6,0.8,0.0,0.0,0.0
2005-10-10,2005-11-24,OPTSTK,ANDHRABANK,95.0,PA,0.0,0.0,0.0,8.2,1.8,0.0,0.0,0.0
2005-10-10,2005-11-24,OPTSTK,ANDHRABANK,100.0,PA,0.0,0.0,0.0,11.35,3.5,0.0,0.0,0.0
2005-10-10,2005-11-24,OPTSTK,ANDHRABANK,105.0,PA,0.0,0.0,0.0,14.9,5.95,0.0,0.0,0.0
2005-10-10,2005-11-24,OPTSTK,ANDHRABANK,110.0,PA,0.0,0.0,0.0,17.1,9.15,0.0,0.0,0.0
2005-10-10,2005-11-24,OPTSTK,ANDHRABANK,115.0,PA,0.0,0.0,0.0,15.7,13.0,0.0,0.0,0.0
2005-10-10,2005-11-24,OPTSTK,ANDHRABANK,120.0,PA,0.0,0.0,0.0,17.45,17.3,0.0,0.0,0.0
2005-10-10,2005-11-24,OPTSTK,ANDHRABANK,125.0,PA,0.0,0.0,0.0,17.15,21.85,0.0,0.0,0.0
2005-10-10,2005-12-29,OPTSTK,ANDHRABANK,90.0,CA,0.0,0.0,0.0,16.4,15.45,0.0,0.0,0.0
2005-10-10,2005-12-29,OPTSTK,ANDHRABANK,95.0,CA,0.0,0.0,0.0,12.85,11.8,0.0,0.0,0.0
2005-10-10,2005-12-29,OPTSTK,ANDHRABANK,100.0,CA,0.0,0.0,0.0,9.85,8.75,0.0,0.0,0.0
2005-10-10,2005-12-29,OPTSTK,ANDHRABANK,105.0,CA,0.0,0.0,0.0,7.35,6.25,0.0,0.0,0.0
2005-10-10,2005-12-29,OPTSTK,ANDHRABANK,110.0,CA,0.0,0.0,0.0,5.4,4.35,0.0,0.0,0.0
2005-10-10,2005-12-29,OPTSTK,ANDHRABANK,115.0,CA,0.0,0.0,0.0,3.85,2.95,0.0,0.0,0.0
2005-10-10,2005-12-29,OPTSTK,ANDHRABANK,120.0,CA,0.0,0.0,0.0,2.7,1.95,0.0,0.0,0.0
2005-10-10,2005-12-29,OPTSTK,ANDHRABANK,125.0,CA,0.0,0.0,0.0,2.85,1.25,0.0,0.0,0.0
2005-10-10,2005-12-29,OPTSTK,ANDHRABANK,90.0,PA,0.0,0.0,0.0,2.1,1.65,0.0,0.0,0.0
2005-10-10,2005-12-29,OPTSTK,ANDHRABANK,95.0,PA,0.0,0.0,0.0,3.5,2.95,0.0,0.0,0.0
2005-10-10,2005-12-29,OPTSTK,ANDHRABANK,100.0,PA,0.0,0.0,0.0,5.45,4.85,0.0,0.0,0.0
2005-10-10,2005-12-29,OPTSTK,ANDHRABANK,105.0,PA,0.0,0.0,0.0,7.85,7.3,0.0,0.0,0.0
2005-10-10,2005-12-29,OPTSTK,ANDHRABANK,110.0,PA,0.0,0.0,0.0,10.8,10.3,0.0,0.0,0.0
2005-10-10,2005-12-29,OPTSTK,ANDHRABANK,115.0,PA,0.0,0.0,0.0,14.2,13.85,0.0,0.0,0.0
2005-10-10,2005-12-29,OPTSTK,ANDHRABANK,120.0,PA,0.0,0.0,0.0,18.0,17.75,0.0,0.0,0.0
2005-10-10,2005-12-29,OPTSTK,ANDHRABANK,125.0,PA,0.0,0.0,0.0,17.9,22.0,0.0,0.0,0.0
2005-10-10,2005-10-27,OPTSTK,ARVINDMILL,110.0,CA,0.0,0.0,0.0,29.0,21.85,0.0,0.0,4300.0
2005-10-10,2005-10-27,OPTSTK,ARVINDMILL,115.0,CA,0.0,0.0,0.0,18.65,17.05,0.0,0.0,0.0
2005-10-10,2005-10-27,OPTSTK,ARVINDMILL,120.0,CA,0.0,0.0,0.0,15.3,12.6,0.0,0.0,0.0
2005-10-10,2005-10-27,OPTSTK,ARVINDMILL,125.0,CA,0.0,0.0,0.0,16.75,8.65,0.0,0.0,19350.0
2005-10-10,2005-10-27,OPTSTK,ARVINDMILL,130.0,CA,6.75,7.5,6.1,6.3,6.3,28.0,82.17,260150.0
2005-10-10,2005-10-27,OPTSTK,ARVINDMILL,135.0,CA,4.5,5.0,3.7,3.9,3.9,77.0,230.21,636400.0
2005-10-10,2005-10-27,OPTSTK,ARVINDMILL,140.0,CA,3.05,3.3,2.4,2.5,2.5,87.0,266.92,937400.0
2005-10-10,2005-10-27,OPTSTK,ARVINDMILL,145.0,CA,1.8,1.95,1.3,1.35,1.35,20.0,63.07,350450.0
2005-10-10,2005-10-27,OPTSTK,ARVINDMILL,150.0,CA,1.5,1.5,0.7,0.9,0.9,27.0,87.64,292400.0
2005-10-10,2005-10-27,OPTSTK,ARVINDMILL,155.0,CA,0.75,0.75,0.65,0.7,0.7,3.0,10.04,58050.0
2005-10-10,2005-10-27,OPTSTK,ARVINDMILL,110.0,PA,0.0,0.0,0.0,1.95,0.1,0.0,0.0,0.0
2005-10-10,2005-10-27,OPTSTK,ARVINDMILL,115.0,PA,0.0,0.0,0.0,3.5,0.25,0.0,0.0,0.0
2005-10-10,2005-10-27,OPTSTK,ARVINDMILL,120.0,PA,0.0,0.0,0.0,1.2,0.75,0.0,0.0,4300.0
2005-10-10,2005-10-27,OPTSTK,ARVINDMILL,125.0,PA,1.3,1.6,1.3,1.6,1.6,3.0,8.15,58050.0
2005-10-10,2005-10-27,OPTSTK,ARVINDMILL,130.0,PA,3.0,4.2,3.0,3.85,3.85,28.0,80.51,270900.0
2005-10-10,2005-10-27,OPTSTK,ARVINDMILL,135.0,PA,6.5,6.65,6.5,6.6,6.6,3.0,9.13,139750.0
2005-10-10,2005-10-27,OPTSTK,ARVINDMILL,140.0,PA,10.45,10.45,10.45,10.45,10.45,1.0,3.23,27950.0
2005-10-10,2005-10-27,OPTSTK,ARVINDMILL,145.0,PA,0.0,0.0,0.0,9.6,13.95,0.0,0.0,2150.0
2005-10-10,2005-10-27,OPTSTK,ARVINDMILL,150.0,PA,0.0,0.0,0.0,19.95,18.5,0.0,0.0,0.0
2005-10-10,2005-10-27,OPTSTK,ARVINDMILL,155.0,PA,0.0,0.0,0.0,28.0,23.25,0.0,0.0,4300.0
2005-10-10,2005-11-24,OPTSTK,ARVINDMILL,110.0,CA,0.0,0.0,0.0,20.1,23.05,0.0,0.0,0.0
2005-10-10,2005-11-24,OPTSTK,ARVINDMILL,115.0,CA,0.0,0.0,0.0,16.5,18.75,0.0,0.0,0.0
2005-10-10,2005-11-24,OPTSTK,ARVINDMILL,120.0,CA,0.0,0.0,0.0,13.35,14.85,0.0,0.0,0.0
2005-10-10,2005-11-24,OPTSTK,ARVINDMILL,125.0,CA,0.0,0.0,0.0,10.6,11.45,0.0,0.0,0.0
2005-10-10,2005-11-24,OPTSTK,ARVINDMILL,130.0,CA,0.0,0.0,0.0,8.25,8.55,0.0,0.0,0.0
2005-10-10,2005-11-24,OPTSTK,ARVINDMILL,135.0,CA,0.0,0.0,0.0,6.35,6.2,0.0,0.0,0.0
2005-10-10,2005-11-24,OPTSTK,ARVINDMILL,140.0,CA,0.0,0.0,0.0,4.8,4.4,0.0,0.0,0.0
2005-10-10,2005-11-24,OPTSTK,ARVINDMILL,145.0,CA,0.0,0.0,0.0,6.45,3.0,0.0,0.0,0.0
2005-10-10,2005-11-24,OPTSTK,ARVINDMILL,150.0,CA,0.0,0.0,0.0,4.6,2.0,0.0,0.0,0.0
2005-10-10,2005-11-24,OPTSTK,ARVINDMILL,155.0,CA,0.0,0.0,0.0,6.75,1.3,0.0,0.0,0.0
2005-10-10,2005-11-24,OPTSTK,ARVINDMILL,110.0,PA,0.0,0.0,0.0,2.5,0.75,0.0,0.0,0.0
2005-10-10,2005-11-24,OPTSTK,ARVINDMILL,115.0,PA,0.0,0.0,0.0,3.85,1.4,0.0,0.0,0.0
2005-10-10,2005-11-24,OPTSTK,ARVINDMILL,120.0,PA,0.0,0.0,0.0,5.6,2.5,0.0,0.0,0.0
2005-10-10,2005-11-24,OPTSTK,ARVINDMILL,125.0,PA,0.0,0.0,0.0,7.8,4.0,0.0,0.0,0.0
2005-10-10,2005-11-24,OPTSTK,ARVINDMILL,130.0,PA,0.0,0.0,0.0,10.4,6.1,0.0,0.0,0.0
2005-10-10,2005-11-24,OPTSTK,ARVINDMILL,135.0,PA,0.0,0.0,0.0,13.4,8.7,0.0,0.0,0.0
2005-10-10,2005-11-24,OPTSTK,ARVINDMILL,140.0,PA,0.0,0.0,0.0,16.8,11.85,0.0,0.0,0.0
2005-10-10,2005-11-24,OPTSTK,ARVINDMILL,145.0,PA,0.0,0.0,0.0,17.7,15.45,0.0,0.0,0.0
2005-10-10,2005-11-24,OPTSTK,ARVINDMILL,150.0,PA,0.0,0.0,0.0,19.7,19.4,0.0,0.0,0.0
2005-10-10,2005-11-24,OPTSTK,ARVINDMILL,155.0,PA,0.0,0.0,0.0,20.1,23.65,0.0,0.0,0.0
2005-10-10,2005-12-29,OPTSTK,ARVINDMILL,115.0,CA,0.0,0.0,0.0,22.55,20.8,0.0,0.0,0.0
2005-10-10,2005-12-29,OPTSTK,ARVINDMILL,120.0,CA,0.0,0.0,0.0,19.1,17.25,0.0,0.0,0.0
2005-10-10,2005-12-29,OPTSTK,ARVINDMILL,125.0,CA,0.0,0.0,0.0,16.0,14.1,0.0,0.0,0.0
2005-10-10,2005-12-29,OPTSTK,ARVINDMILL,130.0,CA,0.0,0.0,0.0,13.25,11.35,0.0,0.0,0.0
2005-10-10,2005-12-29,OPTSTK,ARVINDMILL,135.0,CA,0.0,0.0,0.0,10.85,9.0,0.0,0.0,0.0
2005-10-10,2005-12-29,OPTSTK,ARVINDMILL,140.0,CA,0.0,0.0,0.0,8.85,7.05,0.0,0.0,0.0
2005-10-10,2005-12-29,OPTSTK,ARVINDMILL,145.0,CA,0.0,0.0,0.0,7.1,5.45,0.0,0.0,0.0
2005-10-10,2005-12-29,OPTSTK,ARVINDMILL,150.0,CA,0.0,0.0,0.0,5.5,4.15,0.0,0.0,0.0
2005-10-10,2005-12-29,OPTSTK,ARVINDMILL,155.0,CA,0.0,0.0,0.0,6.4,3.1,0.0,0.0,0.0
2005-10-10,2005-12-29,OPTSTK,ARVINDMILL,115.0,PA,0.0,0.0,0.0,3.55,2.8,0.0,0.0,0.0
2005-10-10,2005-12-29,OPTSTK,ARVINDMILL,120.0,PA,0.0,0.0,0.0,5.0,4.15,0.0,0.0,0.0
2005-10-10,2005-12-29,OPTSTK,ARVINDMILL,125.0,PA,0.0,0.0,0.0,6.85,5.95,0.0,0.0,0.0
2005-10-10,2005-12-29,OPTSTK,ARVINDMILL,130.0,PA,0.0,0.0,0.0,9.05,8.15,0.0,0.0,0.0
2005-10-10,2005-12-29,OPTSTK,ARVINDMILL,135.0,PA,0.0,0.0,0.0,11.6,10.7,0.0,0.0,0.0
2005-10-10,2005-12-29,OPTSTK,ARVINDMILL,140.0,PA,0.0,0.0,0.0,14.45,13.7,0.0,0.0,0.0
2005-10-10,2005-12-29,OPTSTK,ARVINDMILL,145.0,PA,0.0,0.0,0.0,17.65,17.05,0.0,0.0,0.0
2005-10-10,2005-12-29,OPTSTK,ARVINDMILL,150.0,PA,0.0,0.0,0.0,20.4,20.7,0.0,0.0,0.0
2005-10-10,2005-12-29,OPTSTK,ARVINDMILL,155.0,PA,0.0,0.0,0.0,21.1,24.6,0.0,0.0,0.0
2005-10-10,2005-10-27,OPTSTK,ASHOKLEY,17.5,CA,0.0,0.0,0.0,8.85,11.15,0.0,0.0,0.0
2005-10-10,2005-10-27,OPTSTK,ASHOKLEY,20.0,CA,0.0,0.0,0.0,8.8,8.65,0.0,0.0,0.0
2005-10-10,2005-10-27,OPTSTK,ASHOKLEY,22.5,CA,0.0,0.0,0.0,7.55,6.2,0.0,0.0,0.0
2005-10-10,2005-10-27,OPTSTK,ASHOKLEY,25.0,CA,0.0,0.0,0.0,4.8,3.75,0.0,0.0,296050.0
2005-10-10,2005-10-27,OPTSTK,ASHOKLEY,27.5,CA,2.0,2.0,1.65,1.75,1.75,14.0,39.2,916800.0
2005-10-10,2005-10-27,OPTSTK,ASHOKLEY,30.0,CA,1.1,1.1,0.7,0.75,0.75,47.0,138.27,3543050.0
2005-10-10,2005-10-27,OPTSTK,ASHOKLEY,32.5,CA,0.4,0.4,0.25,0.3,0.3,11.0,34.45,974100.0
2005-10-10,2005-10-27,OPTSTK,ASHOKLEY,35.0,CA,0.15,0.15,0.15,0.15,0.15,1.0,3.35,257850.0
2005-10-10,2005-10-27,OPTSTK,ASHOKLEY,37.5,CA,0.1,0.1,0.1,0.1,0.1,1.0,3.59,47750.0
2005-10-10,2005-10-27,OPTSTK,ASHOKLEY,17.5,PA,0.0,0.0,0.0,0.05,0.0,0.0,0.0,0.0
2005-10-10,2005-10-27,OPTSTK,ASHOKLEY,20.0,PA,0.0,0.0,0.0,0.1,0.0,0.0,0.0,0.0
2005-10-10,2005-10-27,OPTSTK,ASHOKLEY,22.5,PA,0.0,0.0,0.0,0.3,0.0,0.0,0.0,0.0
2005-10-10,2005-10-27,OPTSTK,ASHOKLEY,25.0,PA,0.1,0.15,0.1,0.15,0.15,3.0,7.2,420200.0
2005-10-10,2005-10-27,OPTSTK,ASHOKLEY,27.5,PA,0.6,0.6,0.5,0.55,0.55,5.0,13.39,592100.0
2005-10-10,2005-10-27,OPTSTK,ASHOKLEY,30.0,PA,1.85,1.85,1.85,1.85,1.85,2.0,6.08,133700.0
2005-10-10,2005-10-27,OPTSTK,ASHOKLEY,32.5,PA,0.0,0.0,0.0,4.35,3.95,0.0,0.0,0.0
2005-10-10,2005-10-27,OPTSTK,ASHOKLEY,35.0,PA,0.0,0.0,0.0,4.65,6.35,0.0,0.0,0.0
2005-10-10,2005-10-27,OPTSTK,ASHOKLEY,37.5,PA,0.0,0.0,0.0,8.1,8.8,0.0,0.0,0.0
2005-10-10,2005-11-24,OPTSTK,ASHOKLEY,17.5,CA,0.0,0.0,0.0,8.95,11.25,0.0,0.0,0.0
2005-10-10,2005-11-24,OPTSTK,ASHOKLEY,20.0,CA,0.0,0.0,0.0,6.65,8.8,0.0,0.0,0.0
2005-10-10,2005-11-24,OPTSTK,ASHOKLEY,22.5,CA,0.0,0.0,0.0,4.55,6.35,0.0,0.0,0.0
2005-10-10,2005-11-24,OPTSTK,ASHOKLEY,25.0,CA,0.0,0.0,0.0,2.9,4.2,0.0,0.0,0.0
2005-10-10,2005-11-24,OPTSTK,ASHOKLEY,27.5,CA,0.0,0.0,0.0,3.5,2.45,0.0,0.0,0.0
2005-10-10,2005-11-24,OPTSTK,ASHOKLEY,30.0,CA,0.0,0.0,0.0,0.95,1.25,0.0,0.0,0.0
2005-10-10,2005-11-24,OPTSTK,ASHOKLEY,32.5,CA,0.8,0.8,0.8,0.8,0.8,1.0,3.18,19100.0
2005-10-10,2005-11-24,OPTSTK,ASHOKLEY,35.0,CA,0.0,0.0,0.0,0.75,0.25,0.0,0.0,0.0
2005-10-10,2005-11-24,OPTSTK,ASHOKLEY,37.5,CA,0.0,0.0,0.0,0.55,0.1,0.0,0.0,0.0
2005-10-10,2005-11-24,OPTSTK,ASHOKLEY,17.5,PA,0.0,0.0,0.0,0.05,0.0,0.0,0.0,0.0
2005-10-10,2005-11-24,OPTSTK,ASHOKLEY,20.0,PA,0.0,0.0,0.0,0.2,0.05,0.0,0.0,0.0
2005-10-10,2005-11-24,OPTSTK,ASHOKLEY,22.5,PA,0.0,0.0,0.0,0.55,0.1,0.0,0.0,0.0
2005-10-10,2005-11-24,OPTSTK,ASHOKLEY,25.0,PA,0.0,0.0,0.0,1.4,0.4,0.0,0.0,0.0
2005-10-10,2005-11-24,OPTSTK,ASHOKLEY,27.5,PA,0.0,0.0,0.0,2.75,1.15,0.0,0.0,19100.0
2005-10-10,2005-11-24,OPTSTK,ASHOKLEY,30.0,PA,0.0,0.0,0.0,1.0,2.45,0.0,0.0,0.0
2005-10-10,2005-11-24,OPTSTK,ASHOKLEY,32.5,PA,0.0,0.0,0.0,1.0,4.25,0.0,0.0,0.0
2005-10-10,2005-11-24,OPTSTK,ASHOKLEY,35.0,PA,0.0,0.0,0.0,4.15,6.4,0.0,0.0,0.0
2005-10-10,2005-11-24,OPTSTK,ASHOKLEY,37.5,PA,0.0,0.0,0.0,8.75,8.7,0.0,0.0,0.0
2005-10-10,2005-12-29,OPTSTK,ASHOKLEY,20.0,CA,0.0,0.0,0.0,8.75,8.95,0.0,0.0,0.0
2005-10-10,2005-12-29,OPTSTK,ASHOKLEY,22.5,CA,0.0,0.0,0.0,6.55,6.65,0.0,0.0,0.0
2005-10-10,2005-12-29,OPTSTK,ASHOKLEY,25.0,CA,0.0,0.0,0.0,4.65,4.65,0.0,0.0,0.0
2005-10-10,2005-12-29,OPTSTK,ASHOKLEY,27.5,CA,0.0,0.0,0.0,3.1,3.05,0.0,0.0,0.0
2005-10-10,2005-12-29,OPTSTK,ASHOKLEY,30.0,CA,0.0,0.0,0.0,1.95,1.9,0.0,0.0,0.0
2005-10-10,2005-12-29,OPTSTK,ASHOKLEY,32.5,CA,0.0,0.0,0.0,1.2,1.1,0.0,0.0,0.0
2005-10-10,2005-12-29,OPTSTK,ASHOKLEY,35.0,CA,0.0,0.0,0.0,0.7,0.6,0.0,0.0,0.0
2005-10-10,2005-12-29,OPTSTK,ASHOKLEY,37.5,CA,0.0,0.0,0.0,0.45,0.35,0.0,0.0,0.0
2005-10-10,2005-12-29,OPTSTK,ASHOKLEY,20.0,PA,0.0,0.0,0.0,0.1,0.1,0.0,0.0,0.0
2005-10-10,2005-12-29,OPTSTK,ASHOKLEY,22.5,PA,0.0,0.0,0.0,0.35,0.25,0.0,0.0,0.0
2005-10-10,2005-12-29,OPTSTK,ASHOKLEY,25.0,PA,0.0,0.0,0.0,0.9,0.75,0.0,0.0,0.0
2005-10-10,2005-12-29,OPTSTK,ASHOKLEY,27.5,PA,0.0,0.0,0.0,1.85,1.6,0.0,0.0,0.0
2005-10-10,2005-12-29,OPTSTK,ASHOKLEY,30.0,PA,0.0,0.0,0.0,3.15,2.9,0.0,0.0,0.0
2005-10-10,2005-12-29,OPTSTK,ASHOKLEY,32.5,PA,0.0,0.0,0.0,4.85,4.55,0.0,0.0,0.0
2005-10-10,2005-12-29,OPTSTK,ASHOKLEY,35.0,PA,0.0,0.0,0.0,6.85,6.55,0.0,0.0,0.0
2005-10-10,2005-12-29,OPTSTK,ASHOKLEY,37.5,PA,0.0,0.0,0.0,8.25,8.75,0.0,0.0,0.0
2005-10-10,2005-10-27,OPTSTK,AUROPHARMA,310.0,CA,0.0,0.0,0.0,49.95,46.35,0.0,0.0,0.0
2005-10-10,2005-10-27,OPTSTK,AUROPHARMA,320.0,CA,0.0,0.0,0.0,54.95,36.75,0.0,0.0,0.0
2005-10-10,2005-10-27,OPTSTK,AUROPHARMA,330.0,CA,43.0,43.0,43.0,43.0,43.0,2.0,5.22,0.0
2005-10-10,2005-10-27,OPTSTK,AUROPHARMA,340.0,CA,0.0,0.0,0.0,52.7,19.6,0.0,0.0,0.0
2005-10-10,2005-10-27,OPTSTK,AUROPHARMA,350.0,CA,0.0,0.0,0.0,47.05,12.85,0.0,0.0,0.0
2005-10-10,2005-10-27,OPTSTK,AUROPHARMA,360.0,CA,0.0,0.0,0.0,41.85,7.8,0.0,0.0,0.0
2005-10-10,2005-10-27,OPTSTK,AUROPHARMA,370.0,CA,0.0,0.0,0.0,37.1,4.3,0.0,0.0,0.0
2005-10-10,2005-10-27,OPTSTK,AUROPHARMA,380.0,CA,0.0,0.0,0.0,32.75,2.2,0.0,0.0,0.0
2005-10-10,2005-10-27,OPTSTK,AUROPHARMA,390.0,CA,0.0,0.0,0.0,28.85,1.0,0.0,0.0,0.0
2005-10-10,2005-10-27,OPTSTK,AUROPHARMA,400.0,CA,0.0,0.0,0.0,25.3,0.45,0.0,0.0,0.0
2005-10-10,2005-10-27,OPTSTK,AUROPHARMA,410.0,CA,0.0,0.0,0.0,14.75,0.2,0.0,0.0,0.0
2005-10-10,2005-10-27,OPTSTK,AUROPHARMA,310.0,PA,0.0,0.0,0.0,13.25,0.15,0.0,0.0,0.0
2005-10-10,2005-10-27,OPTSTK,AUROPHARMA,320.0,PA,0.0,0.0,0.0,18.55,0.55,0.0,0.0,0.0
2005-10-10,2005-10-27,OPTSTK,AUROPHARMA,330.0,PA,0.0,0.0,0.0,22.55,1.45,0.0,0.0,0.0
2005-10-10,2005-10-27,OPTSTK,AUROPHARMA,340.0,PA,0.0,0.0,0.0,20.75,3.3,0.0,0.0,0.0
2005-10-10,2005-10-27,OPTSTK,AUROPHARMA,350.0,PA,0.0,0.0,0.0,24.95,6.55,0.0,0.0,0.0
2005-10-10,2005-10-27,OPTSTK,AUROPHARMA,360.0,PA,0.0,0.0,0.0,29.6,11.45,0.0,0.0,0.0
2005-10-10,2005-10-27,OPTSTK,AUROPHARMA,370.0,PA,0.0,0.0,0.0,34.7,17.95,0.0,0.0,0.0
2005-10-10,2005-10-27,OPTSTK,AUROPHARMA,380.0,PA,0.0,0.0,0.0,40.2,25.8,0.0,0.0,0.0
2005-10-10,2005-10-27,OPTSTK,AUROPHARMA,390.0,PA,0.0,0.0,0.0,46.1,34.6,0.0,0.0,0.0
2005-10-10,2005-10-27,OPTSTK,AUROPHARMA,400.0,PA,0.0,0.0,0.0,52.45,44.0,0.0,0.0,0.0
2005-10-10,2005-10-27,OPTSTK,AUROPHARMA,410.0,PA,0.0,0.0,0.0,44.3,53.7,0.0,0.0,0.0
2005-10-10,2005-11-24,OPTSTK,AUROPHARMA,310.0,CA,0.0,0.0,0.0,47.0,49.25,0.0,0.0,0.0
2005-10-10,2005-11-24,OPTSTK,AUROPHARMA,320.0,CA,0.0,0.0,0.0,40.5,40.6,0.0,0.0,0.0
2005-10-10,2005-11-24,OPTSTK,AUROPHARMA,330.0,CA,0.0,0.0,0.0,34.65,32.7,0.0,0.0,0.0
2005-10-10,2005-11-24,OPTSTK,AUROPHARMA,340.0,CA,0.0,0.0,0.0,29.4,25.6,0.0,0.0,0.0
2005-10-10,2005-11-24,OPTSTK,AUROPHARMA,350.0,CA,0.0,0.0,0.0,24.7,19.55,0.0,0.0,0.0
2005-10-10,2005-11-24,OPTSTK,AUROPHARMA,360.0,CA,0.0,0.0,0.0,20.65,14.45,0.0,0.0,0.0
2005-10-10,2005-11-24,OPTSTK,AUROPHARMA,370.0,CA,0.0,0.0,0.0,17.1,10.4,0.0,0.0,0.0
2005-10-10,2005-11-24,OPTSTK,AUROPHARMA,380.0,CA,0.0,0.0,0.0,16.8,7.25,0.0,0.0,0.0
2005-10-10,2005-11-24,OPTSTK,AUROPHARMA,390.0,CA,0.0,0.0,0.0,15.3,4.95,0.0,0.0,0.0
2005-10-10,2005-11-24,OPTSTK,AUROPHARMA,400.0,CA,0.0,0.0,0.0,24.3,3.25,0.0,0.0,0.0
2005-10-10,2005-11-24,OPTSTK,AUROPHARMA,410.0,CA,0.0,0.0,0.0,20.85,2.1,0.0,0.0,0.0
2005-10-10,2005-11-24,OPTSTK,AUROPHARMA,310.0,PA,0.0,0.0,0.0,10.65,1.55,0.0,0.0,0.0
2005-10-10,2005-11-24,OPTSTK,AUROPHARMA,320.0,PA,0.0,0.0,0.0,14.0,2.85,0.0,0.0,0.0
2005-10-10,2005-11-24,OPTSTK,AUROPHARMA,330.0,PA,0.0,0.0,0.0,18.0,4.85,0.0,0.0,0.0
2005-10-10,2005-11-24,OPTSTK,AUROPHARMA,340.0,PA,0.0,0.0,0.0,22.6,7.7,0.0,0.0,0.0
2005-10-10,2005-11-24,OPTSTK,AUROPHARMA,350.0,PA,0.0,0.0,0.0,27.75,11.55,0.0,0.0,0.0
2005-10-10,2005-11-24,OPTSTK,AUROPHARMA,360.0,PA,0.0,0.0,0.0,33.55,16.4,0.0,0.0,0.0
2005-10-10,2005-11-24,OPTSTK,AUROPHARMA,370.0,PA,0.0,0.0,0.0,39.85,22.25,0.0,0.0,0.0
2005-10-10,2005-11-24,OPTSTK,AUROPHARMA,380.0,PA,0.0,0.0,0.0,42.05,29.05,0.0,0.0,0.0
2005-10-10,2005-11-24,OPTSTK,AUROPHARMA,390.0,PA,0.0,0.0,0.0,44.55,36.65,0.0,0.0,0.0
2005-10-10,2005-11-24,OPTSTK,AUROPHARMA,400.0,PA,0.0,0.0,0.0,42.15,44.9,0.0,0.0,0.0
2005-10-10,2005-11-24,OPTSTK,AUROPHARMA,410.0,PA,0.0,0.0,0.0,48.55,53.65,0.0,0.0,0.0
2005-10-10,2005-12-29,OPTSTK,AUROPHARMA,320.0,CA,0.0,0.0,0.0,41.3,45.25,0.0,0.0,0.0
2005-10-10,2005-12-29,OPTSTK,AUROPHARMA,330.0,CA,0.0,0.0,0.0,34.65,37.95,0.0,0.0,0.0
2005-10-10,2005-12-29,OPTSTK,AUROPHARMA,340.0,CA,0.0,0.0,0.0,28.7,31.4,0.0,0.0,0.0
2005-10-10,2005-12-29,OPTSTK,AUROPHARMA,350.0,CA,0.0,0.0,0.0,23.45,25.6,0.0,0.0,0.0
2005-10-10,2005-12-29,OPTSTK,AUROPHARMA,360.0,CA,0.0,0.0,0.0,18.95,20.55,0.0,0.0,0.0
2005-10-10,2005-12-29,OPTSTK,AUROPHARMA,370.0,CA,0.0,0.0,0.0,15.1,16.25,0.0,0.0,0.0
2005-10-10,2005-12-29,OPTSTK,AUROPHARMA,380.0,CA,0.0,0.0,0.0,11.9,12.65,0.0,0.0,0.0
2005-10-10,2005-12-29,OPTSTK,AUROPHARMA,390.0,CA,0.0,0.0,0.0,11.45,9.75,0.0,0.0,0.0
2005-10-10,2005-12-29,OPTSTK,AUROPHARMA,400.0,CA,0.0,0.0,0.0,13.8,7.4,0.0,0.0,0.0
2005-10-10,2005-12-29,OPTSTK,AUROPHARMA,320.0,PA,0.0,0.0,0.0,8.3,5.65,0.0,0.0,0.0
2005-10-10,2005-12-29,OPTSTK,AUROPHARMA,330.0,PA,0.0,0.0,0.0,11.45,8.25,0.0,0.0,0.0
2005-10-10,2005-12-29,OPTSTK,AUROPHARMA,340.0,PA,0.0,0.0,0.0,15.35,11.55,0.0,0.0,0.0
2005-10-10,2005-12-29,OPTSTK,AUROPHARMA,350.0,PA,0.0,0.0,0.0,20.0,15.6,0.0,0.0,0.0
2005-10-10,2005-12-29,OPTSTK,AUROPHARMA,360.0,PA,0.0,0.0,0.0,25.3,20.4,0.0,0.0,0.0
2005-10-10,2005-12-29,OPTSTK,AUROPHARMA,370.0,PA,0.0,0.0,0.0,31.35,26.0,0.0,0.0,0.0
2005-10-10,2005-12-29,OPTSTK,AUROPHARMA,380.0,PA,0.0,0.0,0.0,38.0,32.3,0.0,0.0,0.0
2005-10-10,2005-12-29,OPTSTK,AUROPHARMA,390.0,PA,0.0,0.0,0.0,40.7,39.25,0.0,0.0,0.0
2005-10-10,2005-12-29,OPTSTK,AUROPHARMA,400.0,PA,0.0,0.0,0.0,39.8,46.75,0.0,0.0,0.0
2005-10-10,2005-10-27,OPTSTK,BAJAJAUTO,1260.0,CA,0.0,0.0,0.0,143.5,479.25,0.0,0.0,0.0
2005-10-10,2005-10-27,OPTSTK,BAJAJAUTO,1290.0,CA,0.0,0.0,0.0,155.9,449.3,0.0,0.0,0.0
2005-10-10,2005-10-27,OPTSTK,BAJAJAUTO,1320.0,CA,0.0,0.0,0.0,150.5,419.4,0.0,0.0,0.0
2005-10-10,2005-10-27,OPTSTK,BAJAJAUTO,1350.0,CA,0.0,0.0,0.0,153.95,389.5,0.0,0.0,0.0
2005-10-10,2005-10-27,OPTSTK,BAJAJAUTO,1380.0,CA,0.0,0.0,0.0,134.15,359.65,0.0,0.0,0.0
2005-10-10,2005-10-27,OPTSTK,BAJAJAUTO,1410.0,CA,40.0,40.0,40.0,40.0,40.0,5.0,14.5,1000.0
2005-10-10,2005-10-27,OPTSTK,BAJAJAUTO,1440.0,CA,0.0,0.0,0.0,99.55,300.2,0.0,0.0,0.0
2005-10-10,2005-10-27,OPTSTK,BAJAJAUTO,1470.0,CA,0.0,0.0,0.0,84.75,270.8,0.0,0.0,0.0
2005-10-10,2005-10-27,OPTSTK,BAJAJAUTO,1500.0,CA,0.0,0.0,0.0,71.6,241.8,0.0,0.0,0.0
2005-10-10,2005-10-27,OPTSTK,BAJAJAUTO,1530.0,CA,0.0,0.0,0.0,60.05,213.45,0.0,0.0,0.0
2005-10-10,2005-10-27,OPTSTK,BAJAJAUTO,1560.0,CA,0.0,0.0,0.0,52.1,186.0,0.0,0.0,0.0
2005-10-10,2005-10-27,OPTSTK,BAJAJAUTO,1590.0,CA,0.0,0.0,0.0,68.9,159.8,0.0,0.0,0.0
2005-10-10,2005-10-27,OPTSTK,BAJAJAUTO,1620.0,CA,0.0,0.0,0.0,60.65,135.15,0.0,0.0,0.0
2005-10-10,2005-10-27,OPTSTK,BAJAJAUTO,1650.0,CA,0.0,0.0,0.0,70.0,112.4,0.0,0.0,0.0
2005-10-10,2005-10-27,OPTSTK,BAJAJAUTO,1680.0,CA,0.0,0.0,0.0,66.4,91.75,0.0,0.0,0.0
2005-10-10,2005-10-27,OPTSTK,BAJAJAUTO,1710.0,CA,0.0,0.0,0.0,75.45,73.5,0.0,0.0,0.0
2005-10-10,2005-10-27,OPTSTK,BAJAJAUTO,1740.0,CA,0.0,0.0,0.0,50.15,57.75,0.0,0.0,200.0
2005-10-10,2005-10-27,OPTSTK,BAJAJAUTO,1770.0,CA,0.0,0.0,0.0,56.7,44.5,0.0,0.0,0.0
2005-10-10,2005-10-27,OPTSTK,BAJAJAUTO,1800.0,CA,0.0,0.0,0.0,61.0,33.55,0.0,0.0,0.0
2005-10-10,2005-10-27,OPTSTK,BAJAJAUTO,1830.0,CA,0.0,0.0,0.0,49.25,24.8,0.0,0.0,0.0
2005-10-10,2005-10-27,OPTSTK,BAJAJAUTO,1860.0,CA,0.0,0.0,0.0,39.3,18.0,0.0,0.0,0.0
2005-10-10,2005-10-27,OPTSTK,BAJAJAUTO,1890.0,CA,0.0,0.0,0.0,41.5,12.75,0.0,0.0,0.0
2005-10-10,2005-10-27,OPTSTK,BAJAJAUTO,1260.0,PA,0.0,0.0,0.0,45.65,0.0,0.0,0.0,0.0
2005-10-10,2005-10-27,OPTSTK,BAJAJAUTO,1290.0,PA,0.0,0.0,0.0,36.55,0.0,0.0,0.0,0.0
2005-10-10,2005-10-27,OPTSTK,BAJAJAUTO,1320.0,PA,0.0,0.0,0.0,41.3,0.05,0.0,0.0,0.0
2005-10-10,2005-10-27,OPTSTK,BAJAJAUTO,1350.0,PA,0.0,0.0,0.0,34.95,0.05,0.0,0.0,0.0
2005-10-10,2005-10-27,OPTSTK,BAJAJAUTO,1380.0,PA,0.0,0.0,0.0,44.7,0.1,0.0,0.0,0.0
2005-10-10,2005-10-27,OPTSTK,BAJAJAUTO,1410.0,PA,0.0,0.0,0.0,56.1,0.25,0.0,0.0,0.0
2005-10-10,2005-10-27,OPTSTK,BAJAJAUTO,1440.0,PA,0.0,0.0,0.0,69.2,0.55,0.0,0.0,0.0
2005-10-10,2005-10-27,OPTSTK,BAJAJAUTO,1470.0,PA,0.0,0.0,0.0,83.95,1.05,0.0,0.0,0.0
2005-10-10,2005-10-27,OPTSTK,BAJAJAUTO,1500.0,PA,0.0,0.0,0.0,100.4,2.0,0.0,0.0,0.0
2005-10-10,2005-10-27,OPTSTK,BAJAJAUTO,1530.0,PA,0.0,0.0,0.0,118.35,3.55,0.0,0.0,0.0
2005-10-10,2005-10-27,OPTSTK,BAJAJAUTO,1560.0,PA,0.0,0.0,0.0,123.05,6.05,0.0,0.0,0.0
2005-10-10,2005-10-27,OPTSTK,BAJAJAUTO,1590.0,PA,0.0,0.0,0.0,122.05,9.75,0.0,0.0,0.0
2005-10-10,2005-10-27,OPTSTK,BAJAJAUTO,1620.0,PA,0.0,0.0,0.0,131.25,15.0,0.0,0.0,0.0
2005-10-10,2005-10-27,OPTSTK,BAJAJAUTO,1650.0,PA,0.0,0.0,0.0,150.6,22.2,0.0,0.0,0.0
2005-10-10,2005-10-27,OPTSTK,BAJAJAUTO,1680.0,PA,0.0,0.0,0.0,145.6,31.45,0.0,0.0,0.0
2005-10-10,2005-10-27,OPTSTK,BAJAJAUTO,1710.0,PA,0.0,0.0,0.0,138.4,43.15,0.0,0.0,0.0
2005-10-10,2005-10-27,OPTSTK,BAJAJAUTO,1740.0,PA,0.0,0.0,0.0,20.0,57.3,0.0,0.0,200.0
2005-10-10,2005-10-27,OPTSTK,BAJAJAUTO,1770.0,PA,0.0,0.0,0.0,137.25,73.95,0.0,0.0,0.0
2005-10-10,2005-10-27,OPTSTK,BAJAJAUTO,1800.0,PA,0.0,0.0,0.0,86.35,92.95,0.0,0.0,0.0
2005-10-10,2005-10-27,OPTSTK,BAJAJAUTO,1830.0,PA,0.0,0.0,0.0,104.5,114.1,0.0,0.0,0.0
2005-10-10,2005-10-27,OPTSTK,BAJAJAUTO,1860.0,PA,0.0,0.0,0.0,124.4,137.2,0.0,0.0,0.0
2005-10-10,2005-10-27,OPTSTK,BAJAJAUTO,1890.0,PA,0.0,0.0,0.0,119.35,161.9,0.0,0.0,0.0
2005-10-10,2005-11-24,OPTSTK,BAJAJAUTO,1290.0,CA,0.0,0.0,0.0,167.4,456.35,0.0,0.0,0.0
2005-10-10,2005-11-24,OPTSTK,BAJAJAUTO,1320.0,CA,0.0,0.0,0.0,174.7,427.1,0.0,0.0,0.0
2005-10-10,2005-11-24,OPTSTK,BAJAJAUTO,1350.0,CA,0.0,0.0,0.0,157.5,398.15,0.0,0.0,0.0
2005-10-10,2005-11-24,OPTSTK,BAJAJAUTO,1380.0,CA,0.0,0.0,0.0,141.45,369.55,0.0,0.0,0.0
2005-10-10,2005-11-24,OPTSTK,BAJAJAUTO,1410.0,CA,0.0,0.0,0.0,126.65,341.4,0.0,0.0,0.0
2005-10-10,2005-11-24,OPTSTK,BAJAJAUTO,1440.0,CA,0.0,0.0,0.0,113.0,313.8,0.0,0.0,0.0
2005-10-10,2005-11-24,OPTSTK,BAJAJAUTO,1470.0,CA,0.0,0.0,0.0,100.5,286.95,0.0,0.0,0.0
2005-10-10,2005-11-24,OPTSTK,BAJAJAUTO,1500.0,CA,0.0,0.0,0.0,89.15,261.0,0.0,0.0,0.0
2005-10-10,2005-11-24,OPTSTK,BAJAJAUTO,1530.0,CA,0.0,0.0,0.0,95.6,236.0,0.0,0.0,0.0
2005-10-10,2005-11-24,OPTSTK,BAJAJAUTO,1560.0,CA,0.0,0.0,0.0,84.55,212.1,0.0,0.0,0.0
2005-10-10,2005-11-24,OPTSTK,BAJAJAUTO,1590.0,CA,0.0,0.0,0.0,96.35,189.5,0.0,0.0,0.0
2005-10-10,2005-11-24,OPTSTK,BAJAJAUTO,1620.0,CA,0.0,0.0,0.0,101.6,168.15,0.0,0.0,0.0
2005-10-10,2005-11-24,OPTSTK,BAJAJAUTO,1650.0,CA,0.0,0.0,0.0,92.75,148.3,0.0,0.0,0.0
2005-10-10,2005-11-24,OPTSTK,BAJAJAUTO,1680.0,CA,0.0,0.0,0.0,95.75,129.95,0.0,0.0,0.0
2005-10-10,2005-11-24,OPTSTK,BAJAJAUTO,1710.0,CA,0.0,0.0,0.0,106.75,113.1,0.0,0.0,0.0
2005-10-10,2005-11-24,OPTSTK,BAJAJAUTO,1740.0,CA,0.0,0.0,0.0,97.7,97.8,0.0,0.0,0.0
2005-10-10,2005-11-24,OPTSTK,BAJAJAUTO,1770.0,CA,0.0,0.0,0.0,87.3,84.0,0.0,0.0,0.0
2005-10-10,2005-11-24,OPTSTK,BAJAJAUTO,1800.0,CA,0.0,0.0,0.0,99.05,71.7,0.0,0.0,0.0
2005-10-10,2005-11-24,OPTSTK,BAJAJAUTO,1830.0,CA,0.0,0.0,0.0,86.45,60.8,0.0,0.0,0.0
2005-10-10,2005-11-24,OPTSTK,BAJAJAUTO,1860.0,CA,0.0,0.0,0.0,75.05,51.2,0.0,0.0,0.0
2005-10-10,2005-11-24,OPTSTK,BAJAJAUTO,1890.0,CA,0.0,0.0,0.0,78.95,42.9,0.0,0.0,0.0
2005-10-10,2005-11-24,OPTSTK,BAJAJAUTO,1290.0,PA,0.0,0.0,0.0,63.3,0.85,0.0,0.0,0.0
2005-10-10,2005-11-24,OPTSTK,BAJAJAUTO,1320.0,PA,0.0,0.0,0.0,68.8,1.4,0.0,0.0,0.0
2005-10-10,2005-11-24,OPTSTK,BAJAJAUTO,1350.0,PA,0.0,0.0,0.0,81.1,2.2,0.0,0.0,0.0
2005-10-10,2005-11-24,OPTSTK,BAJAJAUTO,1380.0,PA,0.0,0.0,0.0,94.6,3.4,0.0,0.0,0.0
2005-10-10,2005-11-24,OPTSTK,BAJAJAUTO,1410.0,PA,0.0,0.0,0.0,109.35,5.0,0.0,0.0,0.0
2005-10-10,2005-11-24,OPTSTK,BAJAJAUTO,1440.0,PA,0.0,0.0,0.0,125.25,7.2,0.0,0.0,0.0
2005-10-10,2005-11-24,OPTSTK,BAJAJAUTO,1470.0,PA,0.0,0.0,0.0,142.35,10.15,0.0,0.0,0.0
2005-10-10,2005-11-24,OPTSTK,BAJAJAUTO,1500.0,PA,0.0,0.0,0.0,160.5,13.95,0.0,0.0,0.0
2005-10-10,2005-11-24,OPTSTK,BAJAJAUTO,1530.0,PA,0.0,0.0,0.0,147.2,18.7,0.0,0.0,0.0
2005-10-10,2005-11-24,OPTSTK,BAJAJAUTO,1560.0,PA,0.0,0.0,0.0,165.7,24.6,0.0,0.0,0.0
2005-10-10,2005-11-24,OPTSTK,BAJAJAUTO,1590.0,PA,0.0,0.0,0.0,162.05,31.8,0.0,0.0,0.0
2005-10-10,2005-11-24,OPTSTK,BAJAJAUTO,1620.0,PA,0.0,0.0,0.0,164.1,40.2,0.0,0.0,0.0
2005-10-10,2005-11-24,OPTSTK,BAJAJAUTO,1650.0,PA,0.0,0.0,0.0,170.95,50.15,0.0,0.0,0.0
2005-10-10,2005-11-24,OPTSTK,BAJAJAUTO,1680.0,PA,0.0,0.0,0.0,167.35,61.55,0.0,0.0,0.0
2005-10-10,2005-11-24,OPTSTK,BAJAJAUTO,1710.0,PA,0.0,0.0,0.0,161.9,74.5,0.0,0.0,0.0
2005-10-10,2005-11-24,OPTSTK,BAJAJAUTO,1740.0,PA,0.0,0.0,0.0,168.15,89.0,0.0,0.0,0.0
2005-10-10,2005-11-24,OPTSTK,BAJAJAUTO,1770.0,PA,0.0,0.0,0.0,159.75,105.0,0.0,0.0,0.0
2005-10-10,2005-11-24,OPTSTK,BAJAJAUTO,1800.0,PA,0.0,0.0,0.0,115.6,122.45,0.0,0.0,0.0
2005-10-10,2005-11-24,OPTSTK,BAJAJAUTO,1830.0,PA,0.0,0.0,0.0,132.75,141.3,0.0,0.0,0.0
2005-10-10,2005-11-24,OPTSTK,BAJAJAUTO,1860.0,PA,0.0,0.0,0.0,151.15,161.5,0.0,0.0,0.0
2005-10-10,2005-11-24,OPTSTK,BAJAJAUTO,1890.0,PA,0.0,0.0,0.0,147.6,182.95,0.0,0.0,0.0
2005-10-10,2005-12-29,OPTSTK,BAJAJAUTO,1560.0,CA,0.0,0.0,0.0,187.85,241.0,0.0,0.0,0.0
2005-10-10,2005-12-29,OPTSTK,BAJAJAUTO,1590.0,CA,0.0,0.0,0.0,169.65,220.2,0.0,0.0,0.0
2005-10-10,2005-12-29,OPTSTK,BAJAJAUTO,1620.0,CA,0.0,0.0,0.0,152.65,200.6,0.0,0.0,0.0
2005-10-10,2005-12-29,OPTSTK,BAJAJAUTO,1650.0,CA,0.0,0.0,0.0,136.8,182.1,0.0,0.0,0.0
2005-10-10,2005-12-29,OPTSTK,BAJAJAUTO,1680.0,CA,0.0,0.0,0.0,122.2,164.8,0.0,0.0,0.0
2005-10-10,2005-12-29,OPTSTK,BAJAJAUTO,1710.0,CA,0.0,0.0,0.0,108.75,148.65,0.0,0.0,0.0
2005-10-10,2005-12-29,OPTSTK,BAJAJAUTO,1740.0,CA,0.0,0.0,0.0,96.45,133.6,0.0,0.0,0.0
2005-10-10,2005-12-29,OPTSTK,BAJAJAUTO,1770.0,CA,0.0,0.0,0.0,98.85,119.7,0.0,0.0,0.0
2005-10-10,2005-12-29,OPTSTK,BAJAJAUTO,1800.0,CA,0.0,0.0,0.0,134.9,106.95,0.0,0.0,0.0
2005-10-10,2005-12-29,OPTSTK,BAJAJAUTO,1830.0,CA,0.0,0.0,0.0,122.0,95.2,0.0,0.0,0.0
2005-10-10,2005-12-29,OPTSTK,BAJAJAUTO,1860.0,CA,0.0,0.0,0.0,110.05,84.5,0.0,0.0,0.0
2005-10-10,2005-12-29,OPTSTK,BAJAJAUTO,1890.0,CA,0.0,0.0,0.0,115.1,74.8,0.0,0.0,0.0
2005-10-10,2005-12-29,OPTSTK,BAJAJAUTO,1560.0,PA,0.0,0.0,0.0,62.05,44.6,0.0,0.0,0.0
2005-10-10,2005-12-29,OPTSTK,BAJAJAUTO,1590.0,PA,0.0,0.0,0.0,73.4,53.4,0.0,0.0,0.0
2005-10-10,2005-12-29,OPTSTK,BAJAJAUTO,1620.0,PA,0.0,0.0,0.0,85.95,63.4,0.0,0.0,0.0
2005-10-10,2005-12-29,OPTSTK,BAJAJAUTO,1650.0,PA,0.0,0.0,0.0,99.7,74.55,0.0,0.0,0.0
2005-10-10,2005-12-29,OPTSTK,BAJAJAUTO,1680.0,PA,0.0,0.0,0.0,114.6,86.8,0.0,0.0,0.0
2005-10-10,2005-12-29,OPTSTK,BAJAJAUTO,1710.0,PA,0.0,0.0,0.0,130.75,100.25,0.0,0.0,0.0
2005-10-10,2005-12-29,OPTSTK,BAJAJAUTO,1740.0,PA,0.0,0.0,0.0,148.0,114.85,0.0,0.0,0.0
2005-10-10,2005-12-29,OPTSTK,BAJAJAUTO,1770.0,PA,0.0,0.0,0.0,148.3,130.55,0.0,0.0,0.0
2005-10-10,2005-12-29,OPTSTK,BAJAJAUTO,1800.0,PA,0.0,0.0,0.0,141.25,147.4,0.0,0.0,0.0
2005-10-10,2005-12-29,OPTSTK,BAJAJAUTO,1830.0,PA,0.0,0.0,0.0,157.9,165.25,0.0,0.0,0.0
2005-10-10,2005-12-29,OPTSTK,BAJAJAUTO,1860.0,PA,0.0,0.0,0.0,175.55,184.15,0.0,0.0,0.0
2005-10-10,2005-12-29,OPTSTK,BAJAJAUTO,1890.0,PA,0.0,0.0,0.0,173.0,204.05,0.0,0.0,0.0
2005-10-10,2005-10-27,OPTSTK,BANKBARODA,210.0,CA,0.0,0.0,0.0,24.1,19.5,0.0,0.0,0.0
2005-10-10,2005-10-27,OPTSTK,BANKBARODA,215.0,CA,0.0,0.0,0.0,21.1,16.1,0.0,0.0,0.0
2005-10-10,2005-10-27,OPTSTK,BANKBARODA,220.0,CA,0.0,0.0,0.0,43.45,13.1,0.0,0.0,0.0
2005-10-10,2005-10-27,OPTSTK,BANKBARODA,225.0,CA,0.0,0.0,0.0,27.75,10.5,0.0,0.0,0.0
2005-10-10,2005-10-27,OPTSTK,BANKBARODA,230.0,CA,10.0,10.0,6.0,6.3,6.3,18.0,59.86,21000.0
2005-10-10,2005-10-27,OPTSTK,BANKBARODA,235.0,CA,0.0,0.0,0.0,32.3,6.4,0.0,0.0,0.0
2005-10-10,2005-10-27,OPTSTK,BANKBARODA,240.0,CA,6.2,6.2,4.1,4.15,4.15,19.0,65.14,51800.0
2005-10-10,2005-10-27,OPTSTK,BANKBARODA,245.0,CA,0.0,0.0,0.0,26.95,3.7,0.0,0.0,0.0
2005-10-10,2005-10-27,OPTSTK,BANKBARODA,250.0,CA,3.75,3.75,2.3,2.4,2.4,23.0,81.41,149800.0
2005-10-10,2005-10-27,OPTSTK,BANKBARODA,255.0,CA,0.0,0.0,0.0,22.25,2.0,0.0,0.0,0.0
2005-10-10,2005-10-27,OPTSTK,BANKBARODA,260.0,CA,1.0,1.5,1.0,1.3,1.3,7.0,25.6,82600.0
2005-10-10,2005-10-27,OPTSTK,BANKBARODA,265.0,CA,0.0,0.0,0.0,18.25,1.0,0.0,0.0,0.0
2005-10-10,2005-10-27,OPTSTK,BANKBARODA,270.0,CA,0.0,0.0,0.0,2.5,0.7,0.0,0.0,2800.0
2005-10-10,2005-10-27,OPTSTK,BANKBARODA,280.0,CA,0.0,0.0,0.0,18.45,0.35,0.0,0.0,0.0
2005-10-10,2005-10-27,OPTSTK,BANKBARODA,290.0,CA,0.0,0.0,0.0,15.3,0.15,0.0,0.0,0.0
2005-10-10,2005-10-27,OPTSTK,BANKBARODA,300.0,CA,0.0,0.0,0.0,17.15,0.1,0.0,0.0,0.0
2005-10-10,2005-10-27,OPTSTK,BANKBARODA,210.0,PA,0.0,0.0,0.0,8.15,4.1,0.0,0.0,0.0
2005-10-10,2005-10-27,OPTSTK,BANKBARODA,215.0,PA,0.0,0.0,0.0,10.1,5.7,0.0,0.0,0.0
2005-10-10,2005-10-27,OPTSTK,BANKBARODA,220.0,PA,0.0,0.0,0.0,10.1,7.7,0.0,0.0,0.0
2005-10-10,2005-10-27,OPTSTK,BANKBARODA,225.0,PA,0.0,0.0,0.0,9.45,10.05,0.0,0.0,0.0
2005-10-10,2005-10-27,OPTSTK,BANKBARODA,230.0,PA,10.8,10.8,10.8,10.8,10.8,1.0,3.37,4200.0
2005-10-10,2005-10-27,OPTSTK,BANKBARODA,235.0,PA,0.0,0.0,0.0,14.65,15.95,0.0,0.0,0.0
2005-10-10,2005-10-27,OPTSTK,BANKBARODA,240.0,PA,16.6,16.6,16.6,16.6,16.6,1.0,3.59,23800.0
2005-10-10,2005-10-27,OPTSTK,BANKBARODA,245.0,PA,0.0,0.0,0.0,18.25,23.2,0.0,0.0,14000.0
2005-10-10,2005-10-27,OPTSTK,BANKBARODA,250.0,PA,0.0,0.0,0.0,10.0,27.25,0.0,0.0,4200.0
2005-10-10,2005-10-27,OPTSTK,BANKBARODA,255.0,PA,0.0,0.0,0.0,24.35,31.5,0.0,0.0,0.0
2005-10-10,2005-10-27,OPTSTK,BANKBARODA,260.0,PA,0.0,0.0,0.0,24.95,35.9,0.0,0.0,0.0
2005-10-10,2005-10-27,OPTSTK,BANKBARODA,265.0,PA,0.0,0.0,0.0,30.2,40.5,0.0,0.0,0.0
2005-10-10,2005-10-27,OPTSTK,BANKBARODA,270.0,PA,0.0,0.0,0.0,30.6,45.15,0.0,0.0,0.0
2005-10-10,2005-10-27,OPTSTK,BANKBARODA,280.0,PA,0.0,0.0,0.0,36.8,54.75,0.0,0.0,0.0
2005-10-10,2005-10-27,OPTSTK,BANKBARODA,290.0,PA,0.0,0.0,0.0,43.5,64.55,0.0,0.0,0.0
2005-10-10,2005-10-27,OPTSTK,BANKBARODA,300.0,PA,0.0,0.0,0.0,43.0,74.45,0.0,0.0,0.0
2005-10-10,2005-11-24,OPTSTK,BANKBARODA,210.0,CA,0.0,0.0,0.0,29.35,25.6,0.0,0.0,0.0
2005-10-10,2005-11-24,OPTSTK,BANKBARODA,215.0,CA,0.0,0.0,0.0,26.55,22.65,0.0,0.0,0.0
2005-10-10,2005-11-24,OPTSTK,BANKBARODA,220.0,CA,0.0,0.0,0.0,41.3,19.9,0.0,0.0,0.0
2005-10-10,2005-11-24,OPTSTK,BANKBARODA,225.0,CA,0.0,0.0,0.0,31.75,17.45,0.0,0.0,0.0
2005-10-10,2005-11-24,OPTSTK,BANKBARODA,230.0,CA,0.0,0.0,0.0,33.35,15.2,0.0,0.0,0.0
2005-10-10,2005-11-24,OPTSTK,BANKBARODA,235.0,CA,0.0,0.0,0.0,30.45,13.15,0.0,0.0,0.0
2005-10-10,2005-11-24,OPTSTK,BANKBARODA,240.0,CA,0.0,0.0,0.0,27.7,11.35,0.0,0.0,0.0
2005-10-10,2005-11-24,OPTSTK,BANKBARODA,245.0,CA,0.0,0.0,0.0,25.2,9.75,0.0,0.0,0.0
2005-10-10,2005-11-24,OPTSTK,BANKBARODA,250.0,CA,0.0,0.0,0.0,22.85,8.35,0.0,0.0,0.0
2005-10-10,2005-11-24,OPTSTK,BANKBARODA,255.0,CA,0.0,0.0,0.0,20.65,7.1,0.0,0.0,0.0
2005-10-10,2005-11-24,OPTSTK,BANKBARODA,260.0,CA,0.0,0.0,0.0,8.0,6.0,0.0,0.0,1400.0
2005-10-10,2005-11-24,OPTSTK,BANKBARODA,265.0,CA,0.0,0.0,0.0,17.1,5.1,0.0,0.0,0.0
2005-10-10,2005-11-24,OPTSTK,BANKBARODA,270.0,CA,0.0,0.0,0.0,14.0,4.25,0.0,0.0,0.0
2005-10-10,2005-11-24,OPTSTK,BANKBARODA,280.0,CA,0.0,0.0,0.0,10.8,3.0,0.0,0.0,0.0
2005-10-10,2005-11-24,OPTSTK,BANKBARODA,290.0,CA,0.0,0.0,0.0,7.6,2.05,0.0,0.0,0.0
2005-10-10,2005-11-24,OPTSTK,BANKBARODA,300.0,CA,0.0,0.0,0.0,7.5,1.4,0.0,0.0,0.0
2005-10-10,2005-11-24,OPTSTK,BANKBARODA,210.0,PA,0.0,0.0,0.0,12.45,9.2,0.0,0.0,0.0
2005-10-10,2005-11-24,OPTSTK,BANKBARODA,215.0,PA,0.0,0.0,0.0,14.55,11.2,0.0,0.0,0.0
2005-10-10,2005-11-24,OPTSTK,BANKBARODA,220.0,PA,0.0,0.0,0.0,5.65,13.45,0.0,0.0,0.0
2005-10-10,2005-11-24,OPTSTK,BANKBARODA,225.0,PA,0.0,0.0,0.0,12.4,15.9,0.0,0.0,0.0
2005-10-10,2005-11-24,OPTSTK,BANKBARODA,230.0,PA,0.0,0.0,0.0,12.7,18.65,0.0,0.0,0.0
2005-10-10,2005-11-24,OPTSTK,BANKBARODA,235.0,PA,0.0,0.0,0.0,14.75,21.55,0.0,0.0,0.0
2005-10-10,2005-11-24,OPTSTK,BANKBARODA,240.0,PA,0.0,0.0,0.0,16.95,24.7,0.0,0.0,0.0
2005-10-10,2005-11-24,OPTSTK,BANKBARODA,245.0,PA,0.0,0.0,0.0,19.35,28.1,0.0,0.0,0.0
2005-10-10,2005-11-24,OPTSTK,BANKBARODA,250.0,PA,0.0,0.0,0.0,21.9,31.65,0.0,0.0,0.0
2005-10-10,2005-11-24,OPTSTK,BANKBARODA,255.0,PA,0.0,0.0,0.0,24.65,35.35,0.0,0.0,0.0
2005-10-10,2005-11-24,OPTSTK,BANKBARODA,260.0,PA,0.0,0.0,0.0,27.55,39.25,0.0,0.0,0.0
2005-10-10,2005-11-24,OPTSTK,BANKBARODA,265.0,PA,0.0,0.0,0.0,28.75,43.25,0.0,0.0,0.0
2005-10-10,2005-11-24,OPTSTK,BANKBARODA,270.0,PA,0.0,0.0,0.0,27.65,47.45,0.0,0.0,0.0
2005-10-10,2005-11-24,OPTSTK,BANKBARODA,280.0,PA,0.0,0.0,0.0,34.35,56.05,0.0,0.0,0.0
2005-10-10,2005-11-24,OPTSTK,BANKBARODA,290.0,PA,0.0,0.0,0.0,35.5,65.05,0.0,0.0,0.0
2005-10-10,2005-11-24,OPTSTK,BANKBARODA,300.0,PA,0.0,0.0,0.0,38.45,74.35,0.0,0.0,0.0
2005-10-10,2005-12-29,OPTSTK,BANKBARODA,210.0,CA,0.0,0.0,0.0,0.0,0.0,0.0,0.0,0.0
2005-10-10,2005-12-29,OPTSTK,BANKBARODA,215.0,CA,0.0,0.0,0.0,33.2,28.55,0.0,0.0,0.0
2005-10-10,2005-12-29,OPTSTK,BANKBARODA,220.0,CA,0.0,0.0,0.0,45.0,25.95,0.0,0.0,0.0
2005-10-10,2005-12-29,OPTSTK,BANKBARODA,225.0,CA,0.0,0.0,0.0,33.0,23.55,0.0,0.0,0.0
2005-10-10,2005-12-29,OPTSTK,BANKBARODA,230.0,CA,0.0,0.0,0.0,36.25,21.3,0.0,0.0,0.0
2005-10-10,2005-12-29,OPTSTK,BANKBARODA,235.0,CA,0.0,0.0,0.0,33.6,19.25,0.0,0.0,0.0
2005-10-10,2005-12-29,OPTSTK,BANKBARODA,240.0,CA,0.0,0.0,0.0,31.05,17.35,0.0,0.0,0.0
2005-10-10,2005-12-29,OPTSTK,BANKBARODA,245.0,CA,0.0,0.0,0.0,28.7,15.6,0.0,0.0,0.0
2005-10-10,2005-12-29,OPTSTK,BANKBARODA,250.0,CA,0.0,0.0,0.0,26.5,14.0,0.0,0.0,0.0
2005-10-10,2005-12-29,OPTSTK,BANKBARODA,255.0,CA,0.0,0.0,0.0,24.4,12.55,0.0,0.0,0.0
2005-10-10,2005-12-29,OPTSTK,BANKBARODA,260.0,CA,0.0,0.0,0.0,22.45,11.2,0.0,0.0,0.0
2005-10-10,2005-12-29,OPTSTK,BANKBARODA,265.0,CA,0.0,0.0,0.0,21.8,10.05,0.0,0.0,0.0
2005-10-10,2005-12-29,OPTSTK,BANKBARODA,270.0,CA,0.0,0.0,0.0,19.45,8.95,0.0,0.0,0.0
2005-10-10,2005-12-29,OPTSTK,BANKBARODA,280.0,CA,0.0,0.0,0.0,16.1,7.05,0.0,0.0,0.0
2005-10-10,2005-12-29,OPTSTK,BANKBARODA,210.0,PA,0.0,0.0,0.0,0.0,0.0,0.0,0.0,0.0
2005-10-10,2005-12-29,OPTSTK,BANKBARODA,215.0,PA,0.0,0.0,0.0,14.05,15.9,0.0,0.0,0.0
2005-10-10,2005-12-29,OPTSTK,BANKBARODA,220.0,PA,0.0,0.0,0.0,10.05,18.25,0.0,0.0,0.0
2005-10-10,2005-12-29,OPTSTK,BANKBARODA,225.0,PA,0.0,0.0,0.0,14.9,20.75,0.0,0.0,0.0
2005-10-10,2005-12-29,OPTSTK,BANKBARODA,230.0,PA,0.0,0.0,0.0,17.85,23.45,0.0,0.0,0.0
2005-10-10,2005-12-29,OPTSTK,BANKBARODA,235.0,PA,0.0,0.0,0.0,20.1,26.3,0.0,0.0,0.0
2005-10-10,2005-12-29,OPTSTK,BANKBARODA,240.0,PA,0.0,0.0,0.0,22.55,29.35,0.0,0.0,0.0
2005-10-10,2005-12-29,OPTSTK,BANKBARODA,245.0,PA,0.0,0.0,0.0,25.1,32.55,0.0,0.0,0.0
2005-10-10,2005-12-29,OPTSTK,BANKBARODA,250.0,PA,0.0,0.0,0.0,27.8,35.9,0.0,0.0,0.0
2005-10-10,2005-12-29,OPTSTK,BANKBARODA,255.0,PA,0.0,0.0,0.0,30.65,39.35,0.0,0.0,0.0
2005-10-10,2005-12-29,OPTSTK,BANKBARODA,260.0,PA,0.0,0.0,0.0,33.6,42.95,0.0,0.0,0.0
2005-10-10,2005-12-29,OPTSTK,BANKBARODA,265.0,PA,0.0,0.0,0.0,33.9,46.7,0.0,0.0,0.0
2005-10-10,2005-12-29,OPTSTK,BANKBARODA,270.0,PA,0.0,0.0,0.0,33.75,50.55,0.0,0.0,0.0
2005-10-10,2005-12-29,OPTSTK,BANKBARODA,280.0,PA,0.0,0.0,0.0,40.3,58.55,0.0,0.0,0.0
2005-10-10,2005-10-27,OPTSTK,BANKINDIA,100.0,CA,0.0,0.0,0.0,18.5,19.45,0.0,0.0,0.0
2005-10-10,2005-10-27,OPTSTK,BANKINDIA,105.0,CA,0.0,0.0,0.0,21.3,15.05,0.0,0.0,0.0
2005-10-10,2005-10-27,OPTSTK,BANKINDIA,110.0,CA,0.0,0.0,0.0,29.4,11.1,0.0,0.0,0.0
2005-10-10,2005-10-27,OPTSTK,BANKINDIA,115.0,CA,0.0,0.0,0.0,8.5,7.8,0.0,0.0,1900.0
2005-10-10,2005-10-27,OPTSTK,BANKINDIA,120.0,CA,5.45,5.55,5.0,5.05,5.05,7.0,16.65,57000.0
2005-10-10,2005-10-27,OPTSTK,BANKINDIA,125.0,CA,3.5,3.95,3.2,3.5,3.5,10.0,24.43,77900.0
2005-10-10,2005-10-27,OPTSTK,BANKINDIA,130.0,CA,2.55,2.85,1.75,2.35,2.35,20.0,50.26,190000.0
2005-10-10,2005-10-27,OPTSTK,BANKINDIA,135.0,CA,1.7,1.75,1.7,1.75,1.75,2.0,5.19,136800.0
2005-10-10,2005-10-27,OPTSTK,BANKINDIA,140.0,CA,1.0,1.15,1.0,1.15,1.15,3.0,8.03,47500.0
2005-10-10,2005-10-27,OPTSTK,BANKINDIA,145.0,CA,0.0,0.0,0.0,1.0,0.35,0.0,0.0,13300.0
2005-10-10,2005-10-27,OPTSTK,BANKINDIA,150.0,CA,0.0,0.0,0.0,0.75,0.15,0.0,0.0,5700.0
2005-10-10,2005-10-27,OPTSTK,BANKINDIA,155.0,CA,0.0,0.0,0.0,13.1,0.1,0.0,0.0,0.0
2005-10-10,2005-10-27,OPTSTK,BANKINDIA,160.0,CA,0.0,0.0,0.0,11.45,0.05,0.0,0.0,0.0
2005-10-10,2005-10-27,OPTSTK,BANKINDIA,100.0,PA,0.0,0.0,0.0,3.8,0.45,0.0,0.0,0.0
2005-10-10,2005-10-27,OPTSTK,BANKINDIA,105.0,PA,0.0,0.0,0.0,3.15,1.0,0.0,0.0,0.0
2005-10-10,2005-10-27,OPTSTK,BANKINDIA,110.0,PA,0.0,0.0,0.0,3.4,2.05,0.0,0.0,0.0
2005-10-10,2005-10-27,OPTSTK,BANKINDIA,115.0,PA,0.0,0.0,0.0,2.95,3.75,0.0,0.0,13300.0
2005-10-10,2005-10-27,OPTSTK,BANKINDIA,120.0,PA,4.0,5.8,4.0,5.8,5.8,3.0,7.12,38000.0
2005-10-10,2005-10-27,OPTSTK,BANKINDIA,125.0,PA,0.0,0.0,0.0,7.5,9.2,0.0,0.0,15200.0
2005-10-10,2005-10-27,OPTSTK,BANKINDIA,130.0,PA,0.0,0.0,0.0,11.0,12.9,0.0,0.0,13300.0
2005-10-10,2005-10-27,OPTSTK,BANKINDIA,135.0,PA,0.0,0.0,0.0,12.2,17.05,0.0,0.0,0.0
2005-10-10,2005-10-27,OPTSTK,BANKINDIA,140.0,PA,0.0,0.0,0.0,13.45,21.5,0.0,0.0,1900.0
2005-10-10,2005-10-27,OPTSTK,BANKINDIA,145.0,PA,0.0,0.0,0.0,17.3,26.2,0.0,0.0,0.0
2005-10-10,2005-10-27,OPTSTK,BANKINDIA,150.0,PA,0.0,0.0,0.0,20.2,31.05,0.0,0.0,0.0
2005-10-10,2005-10-27,OPTSTK,BANKINDIA,155.0,PA,0.0,0.0,0.0,23.25,35.95,0.0,0.0,0.0
2005-10-10,2005-10-27,OPTSTK,BANKINDIA,160.0,PA,0.0,0.0,0.0,26.55,40.9,0.0,0.0,0.0
2005-10-10,2005-11-24,OPTSTK,BANKINDIA,100.0,CA,0.0,0.0,0.0,19.4,21.5,0.0,0.0,0.0
2005-10-10,2005-11-24,OPTSTK,BANKINDIA,105.0,CA,0.0,0.0,0.0,20.8,17.75,0.0,0.0,0.0
2005-10-10,2005-11-24,OPTSTK,BANKINDIA,110.0,CA,0.0,0.0,0.0,17.85,14.35,0.0,0.0,0.0
2005-10-10,2005-11-24,OPTSTK,BANKINDIA,115.0,CA,0.0,0.0,0.0,15.15,11.45,0.0,0.0,0.0
2005-10-10,2005-11-24,OPTSTK,BANKINDIA,120.0,CA,0.0,0.0,0.0,12.8,9.0,0.0,0.0,0.0
2005-10-10,2005-11-24,OPTSTK,BANKINDIA,125.0,CA,0.0,0.0,0.0,10.75,6.95,0.0,0.0,0.0
2005-10-10,2005-11-24,OPTSTK,BANKINDIA,130.0,CA,0.0,0.0,0.0,9.0,5.25,0.0,0.0,0.0
2005-10-10,2005-11-24,OPTSTK,BANKINDIA,135.0,CA,0.0,0.0,0.0,7.45,3.95,0.0,0.0,0.0
2005-10-10,2005-11-24,OPTSTK,BANKINDIA,140.0,CA,0.0,0.0,0.0,8.85,2.9,0.0,0.0,0.0
2005-10-10,2005-11-24,OPTSTK,BANKINDIA,145.0,CA,0.0,0.0,0.0,6.75,2.15,0.0,0.0,0.0
2005-10-10,2005-11-24,OPTSTK,BANKINDIA,100.0,PA,0.0,0.0,0.0,3.9,2.0,0.0,0.0,0.0
2005-10-10,2005-11-24,OPTSTK,BANKINDIA,105.0,PA,0.0,0.0,0.0,6.0,3.2,0.0,0.0,0.0
2005-10-10,2005-11-24,OPTSTK,BANKINDIA,110.0,PA,0.0,0.0,0.0,7.95,4.8,0.0,0.0,0.0
2005-10-10,2005-11-24,OPTSTK,BANKINDIA,115.0,PA,0.0,0.0,0.0,10.2,6.85,0.0,0.0,0.0
2005-10-10,2005-11-24,OPTSTK,BANKINDIA,120.0,PA,0.0,0.0,0.0,12.8,9.35,0.0,0.0,0.0
2005-10-10,2005-11-24,OPTSTK,BANKINDIA,125.0,PA,0.0,0.0,0.0,15.65,12.25,0.0,0.0,0.0
2005-10-10,2005-11-24,OPTSTK,BANKINDIA,130.0,PA,0.0,0.0,0.0,18.8,15.55,0.0,0.0,0.0
2005-10-10,2005-11-24,OPTSTK,BANKINDIA,135.0,PA,0.0,0.0,0.0,22.2,19.2,0.0,0.0,0.0
2005-10-10,2005-11-24,OPTSTK,BANKINDIA,140.0,PA,0.0,0.0,0.0,22.85,23.15,0.0,0.0,0.0
2005-10-10,2005-11-24,OPTSTK,BANKINDIA,145.0,PA,0.0,0.0,0.0,20.25,27.3,0.0,0.0,0.0
2005-10-10,2005-12-29,OPTSTK,BANKINDIA,105.0,CA,0.0,0.0,0.0,21.85,20.5,0.0,0.0,0.0
2005-10-10,2005-12-29,OPTSTK,BANKINDIA,110.0,CA,0.0,0.0,0.0,18.7,17.45,0.0,0.0,0.0
2005-10-10,2005-12-29,OPTSTK,BANKINDIA,115.0,CA,0.0,0.0,0.0,15.85,14.7,0.0,0.0,0.0
2005-10-10,2005-12-29,OPTSTK,BANKINDIA,120.0,CA,0.0,0.0,0.0,13.35,12.3,0.0,0.0,0.0
2005-10-10,2005-12-29,OPTSTK,BANKINDIA,125.0,CA,0.0,0.0,0.0,11.2,10.25,0.0,0.0,0.0
2005-10-10,2005-12-29,OPTSTK,BANKINDIA,130.0,CA,0.0,0.0,0.0,9.3,8.45,0.0,0.0,0.0
2005-10-10,2005-12-29,OPTSTK,BANKINDIA,135.0,CA,0.0,0.0,0.0,7.7,6.95,0.0,0.0,0.0
2005-10-10,2005-12-29,OPTSTK,BANKINDIA,140.0,CA,0.0,0.0,0.0,7.05,5.65,0.0,0.0,0.0
2005-10-10,2005-12-29,OPTSTK,BANKINDIA,145.0,CA,0.0,0.0,0.0,9.95,4.6,0.0,0.0,0.0
2005-10-10,2005-12-29,OPTSTK,BANKINDIA,105.0,PA,0.0,0.0,0.0,5.05,5.4,0.0,0.0,0.0
2005-10-10,2005-12-29,OPTSTK,BANKINDIA,110.0,PA,0.0,0.0,0.0,6.8,7.25,0.0,0.0,0.0
2005-10-10,2005-12-29,OPTSTK,BANKINDIA,115.0,PA,0.0,0.0,0.0,8.9,9.45,0.0,0.0,0.0
2005-10-10,2005-12-29,OPTSTK,BANKINDIA,120.0,PA,0.0,0.0,0.0,11.35,12.0,0.0,0.0,0.0
2005-10-10,2005-12-29,OPTSTK,BANKINDIA,125.0,PA,0.0,0.0,0.0,14.1,14.85,0.0,0.0,0.0
2005-10-10,2005-12-29,OPTSTK,BANKINDIA,130.0,PA,0.0,0.0,0.0,17.15,18.0,0.0,0.0,0.0
2005-10-10,2005-12-29,OPTSTK,BANKINDIA,135.0,PA,0.0,0.0,0.0,20.45,21.4,0.0,0.0,0.0
2005-10-10,2005-12-29,OPTSTK,BANKINDIA,140.0,PA,0.0,0.0,0.0,22.1,25.1,0.0,0.0,0.0
2005-10-10,2005-12-29,OPTSTK,BANKINDIA,145.0,PA,0.0,0.0,0.0,20.55,28.95,0.0,0.0,0.0
2005-10-10,2005-10-27,OPTSTK,BEL,640.0,CA,0.0,0.0,0.0,79.3,149.3,0.0,0.0,0.0
2005-10-10,2005-10-27,OPTSTK,BEL,660.0,CA,0.0,0.0,0.0,75.4,130.15,0.0,0.0,0.0
2005-10-10,2005-10-27,OPTSTK,BEL,680.0,CA,0.0,0.0,0.0,79.3,111.6,0.0,0.0,0.0
2005-10-10,2005-10-27,OPTSTK,BEL,700.0,CA,0.0,0.0,0.0,66.45,93.95,0.0,0.0,0.0
2005-10-10,2005-10-27,OPTSTK,BEL,720.0,CA,0.0,0.0,0.0,55.0,77.45,0.0,0.0,0.0
2005-10-10,2005-10-27,OPTSTK,BEL,740.0,CA,0.0,0.0,0.0,44.95,62.5,0.0,0.0,0.0
2005-10-10,2005-10-27,OPTSTK,BEL,760.0,CA,0.0,0.0,0.0,125.0,49.25,0.0,0.0,0.0
2005-10-10,2005-10-27,OPTSTK,BEL,780.0,CA,0.0,0.0,0.0,28.95,37.9,0.0,0.0,0.0
2005-10-10,2005-10-27,OPTSTK,BEL,800.0,CA,0.0,0.0,0.0,22.85,28.4,0.0,0.0,0.0
2005-10-10,2005-10-27,OPTSTK,BEL,820.0,CA,5.0,5.0,5.0,5.0,5.0,1.0,4.53,550.0
2005-10-10,2005-10-27,OPTSTK,BEL,840.0,CA,0.0,0.0,0.0,31.0,14.85,0.0,0.0,550.0
2005-10-10,2005-10-27,OPTSTK,BEL,860.0,CA,0.0,0.0,0.0,46.9,10.35,0.0,0.0,0.0
2005-10-10,2005-10-27,OPTSTK,BEL,880.0,CA,0.0,0.0,0.0,38.4,7.05,0.0,0.0,0.0
2005-10-10,2005-10-27,OPTSTK,BEL,900.0,CA,0.0,0.0,0.0,31.15,4.65,0.0,0.0,0.0
2005-10-10,2005-10-27,OPTSTK,BEL,920.0,CA,0.0,0.0,0.0,25.0,3.05,0.0,0.0,0.0
2005-10-10,2005-10-27,OPTSTK,BEL,640.0,PA,0.0,0.0,0.0,9.45,0.7,0.0,0.0,0.0
2005-10-10,2005-10-27,OPTSTK,BEL,660.0,PA,0.0,0.0,0.0,10.85,1.5,0.0,0.0,0.0
2005-10-10,2005-10-27,OPTSTK,BEL,680.0,PA,0.0,0.0,0.0,19.05,2.9,0.0,0.0,0.0
2005-10-10,2005-10-27,OPTSTK,BEL,700.0,PA,0.0,0.0,0.0,25.85,5.15,0.0,0.0,0.0
2005-10-10,2005-10-27,OPTSTK,BEL,720.0,PA,0.0,0.0,0.0,34.1,8.65,0.0,0.0,0.0
2005-10-10,2005-10-27,OPTSTK,BEL,740.0,PA,0.0,0.0,0.0,43.8,13.6,0.0,0.0,0.0
2005-10-10,2005-10-27,OPTSTK,BEL,760.0,PA,0.0,0.0,0.0,54.85,20.35,0.0,0.0,0.0
2005-10-10,2005-10-27,OPTSTK,BEL,780.0,PA,0.0,0.0,0.0,67.2,28.9,0.0,0.0,0.0
2005-10-10,2005-10-27,OPTSTK,BEL,800.0,PA,0.0,0.0,0.0,80.8,39.4,0.0,0.0,0.0
2005-10-10,2005-10-27,OPTSTK,BEL,820.0,PA,0.0,0.0,0.0,74.75,51.7,0.0,0.0,0.0
2005-10-10,2005-10-27,OPTSTK,BEL,840.0,PA,0.0,0.0,0.0,79.1,65.7,0.0,0.0,0.0
2005-10-10,2005-10-27,OPTSTK,BEL,860.0,PA,0.0,0.0,0.0,51.45,81.15,0.0,0.0,0.0
2005-10-10,2005-10-27,OPTSTK,BEL,880.0,PA,0.0,0.0,0.0,62.9,97.8,0.0,0.0,0.0
2005-10-10,2005-10-27,OPTSTK,BEL,900.0,PA,0.0,0.0,0.0,75.55,115.4,0.0,0.0,0.0
2005-10-10,2005-10-27,OPTSTK,BEL,920.0,PA,0.0,0.0,0.0,89.3,133.7,0.0,0.0,0.0
2005-10-10,2005-11-24,OPTSTK,BEL,640.0,CA,0.0,0.0,0.0,83.2,158.05,0.0,0.0,0.0
2005-10-10,2005-11-24,OPTSTK,BEL,660.0,CA,0.0,0.0,0.0,69.2,141.1,0.0,0.0,0.0
2005-10-10,2005-11-24,OPTSTK,BEL,680.0,CA,0.0,0.0,0.0,56.75,124.95,0.0,0.0,0.0
2005-10-10,2005-11-24,OPTSTK,BEL,700.0,CA,0.0,0.0,0.0,45.85,109.85,0.0,0.0,0.0
2005-10-10,2005-11-24,OPTSTK,BEL,720.0,CA,0.0,0.0,0.0,36.5,95.7,0.0,0.0,0.0
2005-10-10,2005-11-24,OPTSTK,BEL,740.0,CA,0.0,0.0,0.0,28.6,82.75,0.0,0.0,0.0
2005-10-10,2005-11-24,OPTSTK,BEL,760.0,CA,0.0,0.0,0.0,22.1,71.0,0.0,0.0,0.0
2005-10-10,2005-11-24,OPTSTK,BEL,780.0,CA,0.0,0.0,0.0,25.15,60.4,0.0,0.0,0.0
2005-10-10,2005-11-24,OPTSTK,BEL,800.0,CA,0.0,0.0,0.0,22.2,51.0,0.0,0.0,0.0
2005-10-10,2005-11-24,OPTSTK,BEL,820.0,CA,0.0,0.0,0.0,28.8,42.75,0.0,0.0,0.0
2005-10-10,2005-11-24,OPTSTK,BEL,840.0,CA,0.0,0.0,0.0,18.7,35.55,0.0,0.0,0.0
2005-10-10,2005-11-24,OPTSTK,BEL,860.0,CA,0.0,0.0,0.0,69.7,29.35,0.0,0.0,0.0
2005-10-10,2005-11-24,OPTSTK,BEL,880.0,CA,0.0,0.0,0.0,61.05,24.1,0.0,0.0,0.0
2005-10-10,2005-11-24,OPTSTK,BEL,900.0,CA,0.0,0.0,0.0,53.25,19.65,0.0,0.0,0.0
2005-10-10,2005-11-24,OPTSTK,BEL,920.0,CA,0.0,0.0,0.0,46.3,15.85,0.0,0.0,0.0
2005-10-10,2005-11-24,OPTSTK,BEL,640.0,PA,0.0,0.0,0.0,13.2,6.35,0.0,0.0,0.0
2005-10-10,2005-11-24,OPTSTK,BEL,660.0,PA,0.0,0.0,0.0,18.95,9.25,0.0,0.0,0.0
2005-10-10,2005-11-24,OPTSTK,BEL,680.0,PA,0.0,0.0,0.0,26.15,13.0,0.0,0.0,0.0
2005-10-10,2005-11-24,OPTSTK,BEL,700.0,PA,0.0,0.0,0.0,34.95,17.7,0.0,0.0,0.0
2005-10-10,2005-11-24,OPTSTK,BEL,720.0,PA,0.0,0.0,0.0,45.3,23.45,0.0,0.0,0.0
2005-10-10,2005-11-24,OPTSTK,BEL,740.0,PA,0.0,0.0,0.0,57.1,30.35,0.0,0.0,0.0
2005-10-10,2005-11-24,OPTSTK,BEL,760.0,PA,0.0,0.0,0.0,70.3,38.45,0.0,0.0,0.0
2005-10-10,2005-11-24,OPTSTK,BEL,780.0,PA,0.0,0.0,0.0,74.05,47.7,0.0,0.0,0.0
2005-10-10,2005-11-24,OPTSTK,BEL,800.0,PA,0.0,0.0,0.0,69.2,58.15,0.0,0.0,0.0
2005-10-10,2005-11-24,OPTSTK,BEL,820.0,PA,0.0,0.0,0.0,70.55,69.75,0.0,0.0,0.0
2005-10-10,2005-11-24,OPTSTK,BEL,840.0,PA,0.0,0.0,0.0,74.35,82.4,0.0,0.0,0.0
2005-10-10,2005-11-24,OPTSTK,BEL,860.0,PA,0.0,0.0,0.0,70.05,96.0,0.0,0.0,0.0
2005-10-10,2005-11-24,OPTSTK,BEL,880.0,PA,0.0,0.0,0.0,81.25,110.6,0.0,0.0,0.0
2005-10-10,2005-11-24,OPTSTK,BEL,900.0,PA,0.0,0.0,0.0,93.3,126.0,0.0,0.0,0.0
2005-10-10,2005-11-24,OPTSTK,BEL,920.0,PA,0.0,0.0,0.0,106.1,142.1,0.0,0.0,0.0
2005-10-10,2005-12-29,OPTSTK,BEL,720.0,CA,0.0,0.0,0.0,107.25,113.55,0.0,0.0,0.0
2005-10-10,2005-12-29,OPTSTK,BEL,740.0,CA,0.0,0.0,0.0,94.65,101.6,0.0,0.0,0.0
2005-10-10,2005-12-29,OPTSTK,BEL,760.0,CA,0.0,0.0,0.0,83.05,90.55,0.0,0.0,0.0
2005-10-10,2005-12-29,OPTSTK,BEL,780.0,CA,0.0,0.0,0.0,72.45,80.4,0.0,0.0,0.0
2005-10-10,2005-12-29,OPTSTK,BEL,800.0,CA,0.0,0.0,0.0,62.9,71.1,0.0,0.0,0.0
2005-10-10,2005-12-29,OPTSTK,BEL,820.0,CA,0.0,0.0,0.0,54.3,62.7,0.0,0.0,0.0
2005-10-10,2005-12-29,OPTSTK,BEL,840.0,CA,0.0,0.0,0.0,46.6,55.05,0.0,0.0,0.0
2005-10-10,2005-12-29,OPTSTK,BEL,860.0,CA,0.0,0.0,0.0,91.3,48.2,0.0,0.0,0.0
2005-10-10,2005-12-29,OPTSTK,BEL,880.0,CA,0.0,0.0,0.0,82.7,42.05,0.0,0.0,0.0
2005-10-10,2005-12-29,OPTSTK,BEL,900.0,CA,0.0,0.0,0.0,74.7,36.6,0.0,0.0,0.0
2005-10-10,2005-12-29,OPTSTK,BEL,920.0,CA,0.0,0.0,0.0,67.35,31.8,0.0,0.0,0.0
2005-10-10,2005-12-29,OPTSTK,BEL,720.0,PA,0.0,0.0,0.0,28.2,37.15,0.0,0.0,0.0
2005-10-10,2005-12-29,OPTSTK,BEL,740.0,PA,0.0,0.0,0.0,35.3,44.95,0.0,0.0,0.0
2005-10-10,2005-12-29,OPTSTK,BEL,760.0,PA,0.0,0.0,0.0,43.4,53.65,0.0,0.0,0.0
2005-10-10,2005-12-29,OPTSTK,BEL,780.0,PA,0.0,0.0,0.0,52.5,63.2,0.0,0.0,0.0
2005-10-10,2005-12-29,OPTSTK,BEL,800.0,PA,0.0,0.0,0.0,62.65,73.7,0.0,0.0,0.0
2005-10-10,2005-12-29,OPTSTK,BEL,820.0,PA,0.0,0.0,0.0,73.75,85.0,0.0,0.0,0.0
2005-10-10,2005-12-29,OPTSTK,BEL,840.0,PA,0.0,0.0,0.0,85.8,97.1,0.0,0.0,0.0
2005-10-10,2005-12-29,OPTSTK,BEL,860.0,PA,0.0,0.0,0.0,86.75,109.95,0.0,0.0,0.0
2005-10-10,2005-12-29,OPTSTK,BEL,880.0,PA,0.0,0.0,0.0,97.85,123.55,0.0,0.0,0.0
2005-10-10,2005-12-29,OPTSTK,BEL,900.0,PA,0.0,0.0,0.0,109.55,137.85,0.0,0.0,0.0
2005-10-10,2005-12-29,OPTSTK,BEL,920.0,PA,0.0,0.0,0.0,121.95,152.75,0.0,0.0,0.0
2005-10-10,2005-10-27,OPTSTK,BHARATFORG,260.0,CA,0.0,0.0,0.0,39.75,88.65,0.0,0.0,0.0
2005-10-10,2005-10-27,OPTSTK,BHARATFORG,270.0,CA,0.0,0.0,0.0,45.3,78.7,0.0,0.0,0.0
2005-10-10,2005-10-27,OPTSTK,BHARATFORG,280.0,CA,0.0,0.0,0.0,47.55,68.85,0.0,0.0,0.0
2005-10-10,2005-10-27,OPTSTK,BHARATFORG,290.0,CA,0.0,0.0,0.0,41.15,59.1,0.0,0.0,0.0
2005-10-10,2005-10-27,OPTSTK,BHARATFORG,300.0,CA,0.0,0.0,0.0,35.95,49.6,0.0,0.0,1000.0
2005-10-10,2005-10-27,OPTSTK,BHARATFORG,310.0,CA,0.0,0.0,0.0,30.2,40.55,0.0,0.0,0.0
2005-10-10,2005-10-27,OPTSTK,BHARATFORG,320.0,CA,0.0,0.0,0.0,60.0,32.2,0.0,0.0,0.0
2005-10-10,2005-10-27,OPTSTK,BHARATFORG,330.0,CA,0.0,0.0,0.0,21.5,24.7,0.0,0.0,1000.0
2005-10-10,2005-10-27,OPTSTK,BHARATFORG,340.0,CA,0.0,0.0,0.0,22.0,18.3,0.0,0.0,11000.0
2005-10-10,2005-10-27,OPTSTK,BHARATFORG,350.0,CA,7.25,9.0,7.15,9.0,9.0,5.0,17.91,17000.0
2005-10-10,2005-10-27,OPTSTK,BHARATFORG,360.0,CA,5.25,7.0,5.0,6.5,6.5,13.0,47.61,54000.0
2005-10-10,2005-10-27,OPTSTK,BHARATFORG,370.0,CA,2.6,4.5,2.55,3.3,3.3,5.0,18.66,20000.0
2005-10-10,2005-10-27,OPTSTK,BHARATFORG,380.0,CA,0.0,0.0,0.0,8.0,3.8,0.0,0.0,5000.0
2005-10-10,2005-10-27,OPTSTK,BHARATFORG,390.0,CA,0.0,0.0,0.0,9.5,2.3,0.0,0.0,0.0
2005-10-10,2005-10-27,OPTSTK,BHARATFORG,260.0,PA,0.0,0.0,0.0,4.75,0.05,0.0,0.0,0.0
2005-10-10,2005-10-27,OPTSTK,BHARATFORG,270.0,PA,0.0,0.0,0.0,8.3,0.05,0.0,0.0,0.0
2005-10-10,2005-10-27,OPTSTK,BHARATFORG,280.0,PA,0.0,0.0,0.0,11.25,0.15,0.0,0.0,0.0
2005-10-10,2005-10-27,OPTSTK,BHARATFORG,290.0,PA,0.0,0.0,0.0,14.7,0.4,0.0,0.0,0.0
2005-10-10,2005-10-27,OPTSTK,BHARATFORG,300.0,PA,0.0,0.0,0.0,18.8,0.85,0.0,0.0,0.0
2005-10-10,2005-10-27,OPTSTK,BHARATFORG,310.0,PA,0.0,0.0,0.0,5.0,1.8,0.0,0.0,1000.0
2005-10-10,2005-10-27,OPTSTK,BHARATFORG,320.0,PA,0.0,0.0,0.0,28.7,3.4,0.0,0.0,0.0
2005-10-10,2005-10-27,OPTSTK,BHARATFORG,330.0,PA,0.0,0.0,0.0,5.45,5.9,0.0,0.0,11000.0
2005-10-10,2005-10-27,OPTSTK,BHARATFORG,340.0,PA,0.0,0.0,0.0,10.1,9.5,0.0,0.0,3000.0
2005-10-10,2005-10-27,OPTSTK,BHARATFORG,350.0,PA,0.0,0.0,0.0,9.5,14.2,0.0,0.0,3000.0
2005-10-10,2005-10-27,OPTSTK,BHARATFORG,360.0,PA,0.0,0.0,0.0,13.0,20.1,0.0,0.0,4000.0
2005-10-10,2005-10-27,OPTSTK,BHARATFORG,370.0,PA,0.0,0.0,0.0,33.1,27.05,0.0,0.0,0.0
2005-10-10,2005-10-27,OPTSTK,BHARATFORG,380.0,PA,0.0,0.0,0.0,39.15,34.85,0.0,0.0,0.0
2005-10-10,2005-10-27,OPTSTK,BHARATFORG,390.0,PA,0.0,0.0,0.0,35.35,43.35,0.0,0.0,0.0
2005-10-10,2005-11-24,OPTSTK,BHARATFORG,260.0,CA,0.0,0.0,0.0,41.25,90.45,0.0,0.0,0.0
2005-10-10,2005-11-24,OPTSTK,BHARATFORG,270.0,CA,0.0,0.0,0.0,34.25,81.0,0.0,0.0,0.0
2005-10-10,2005-11-24,OPTSTK,BHARATFORG,280.0,CA,0.0,0.0,0.0,28.0,71.85,0.0,0.0,0.0
2005-10-10,2005-11-24,OPTSTK,BHARATFORG,290.0,CA,0.0,0.0,0.0,22.55,63.0,0.0,0.0,0.0
2005-10-10,2005-11-24,OPTSTK,BHARATFORG,300.0,CA,0.0,0.0,0.0,17.9,54.65,0.0,0.0,0.0
2005-10-10,2005-11-24,OPTSTK,BHARATFORG,310.0,CA,0.0,0.0,0.0,14.0,46.85,0.0,0.0,0.0
2005-10-10,2005-11-24,OPTSTK,BHARATFORG,320.0,CA,0.0,0.0,0.0,10.8,39.7,0.0,0.0,0.0
2005-10-10,2005-11-24,OPTSTK,BHARATFORG,330.0,CA,0.0,0.0,0.0,11.55,33.2,0.0,0.0,0.0
2005-10-10,2005-11-24,OPTSTK,BHARATFORG,340.0,CA,0.0,0.0,0.0,25.55,27.45,0.0,0.0,0.0
2005-10-10,2005-11-24,OPTSTK,BHARATFORG,350.0,CA,0.0,0.0,0.0,28.0,22.4,0.0,0.0,0.0
2005-10-10,2005-11-24,OPTSTK,BHARATFORG,360.0,CA,0.0,0.0,0.0,21.45,18.05,0.0,0.0,0.0
2005-10-10,2005-11-24,OPTSTK,BHARATFORG,370.0,CA,0.0,0.0,0.0,16.5,14.4,0.0,0.0,0.0
2005-10-10,2005-11-24,OPTSTK,BHARATFORG,380.0,CA,0.0,0.0,0.0,12.85,11.3,0.0,0.0,0.0
2005-10-10,2005-11-24,OPTSTK,BHARATFORG,390.0,CA,0.0,0.0,0.0,18.6,8.85,0.0,0.0,0.0
2005-10-10,2005-11-24,OPTSTK,BHARATFORG,260.0,PA,0.0,0.0,0.0,6.05,0.6,0.0,0.0,0.0
2005-10-10,2005-11-24,OPTSTK,BHARATFORG,270.0,PA,0.0,0.0,0.0,8.9,1.05,0.0,0.0,0.0
2005-10-10,2005-11-24,OPTSTK,BHARATFORG,280.0,PA,0.0,0.0,0.0,12.5,1.8,0.0,0.0,0.0
2005-10-10,2005-11-24,OPTSTK,BHARATFORG,290.0,PA,0.0,0.0,0.0,16.9,2.9,0.0,0.0,0.0
2005-10-10,2005-11-24,OPTSTK,BHARATFORG,300.0,PA,0.0,0.0,0.0,22.1,4.5,0.0,0.0,0.0
2005-10-10,2005-11-24,OPTSTK,BHARATFORG,310.0,PA,0.0,0.0,0.0,28.05,6.6,0.0,0.0,0.0
2005-10-10,2005-11-24,OPTSTK,BHARATFORG,320.0,PA,0.0,0.0,0.0,34.7,9.35,0.0,0.0,0.0
2005-10-10,2005-11-24,OPTSTK,BHARATFORG,330.0,PA,0.0,0.0,0.0,37.1,12.8,0.0,0.0,0.0
2005-10-10,2005-11-24,OPTSTK,BHARATFORG,340.0,PA,0.0,0.0,0.0,42.7,16.95,0.0,0.0,0.0
2005-10-10,2005-11-24,OPTSTK,BHARATFORG,350.0,PA,0.0,0.0,0.0,49.15,21.85,0.0,0.0,0.0
2005-10-10,2005-11-24,OPTSTK,BHARATFORG,360.0,PA,0.0,0.0,0.0,51.1,27.45,0.0,0.0,0.0
2005-10-10,2005-11-24,OPTSTK,BHARATFORG,370.0,PA,0.0,0.0,0.0,37.7,33.7,0.0,0.0,0.0
2005-10-10,2005-11-24,OPTSTK,BHARATFORG,380.0,PA,0.0,0.0,0.0,43.1,40.55,0.0,0.0,0.0
2005-10-10,2005-11-24,OPTSTK,BHARATFORG,390.0,PA,0.0,0.0,0.0,42.6,48.0,0.0,0.0,0.0
2005-10-10,2005-12-29,OPTSTK,BHARATFORG,300.0,CA,0.0,0.0,0.0,51.05,60.7,0.0,0.0,0.0
2005-10-10,2005-12-29,OPTSTK,BHARATFORG,310.0,CA,0.0,0.0,0.0,44.85,53.6,0.0,0.0,0.0
2005-10-10,2005-12-29,OPTSTK,BHARATFORG,320.0,CA,0.0,0.0,0.0,39.15,47.05,0.0,0.0,0.0
2005-10-10,2005-12-29,OPTSTK,BHARATFORG,330.0,CA,0.0,0.0,0.0,34.0,41.05,0.0,0.0,0.0
2005-10-10,2005-12-29,OPTSTK,BHARATFORG,340.0,CA,0.0,0.0,0.0,29.35,35.6,0.0,0.0,0.0
2005-10-10,2005-12-29,OPTSTK,BHARATFORG,350.0,CA,0.0,0.0,0.0,25.25,30.65,0.0,0.0,0.0
2005-10-10,2005-12-29,OPTSTK,BHARATFORG,360.0,CA,0.0,0.0,0.0,21.6,26.25,0.0,0.0,0.0
2005-10-10,2005-12-29,OPTSTK,BHARATFORG,370.0,CA,0.0,0.0,0.0,29.4,22.4,0.0,0.0,0.0
2005-10-10,2005-12-29,OPTSTK,BHARATFORG,380.0,CA,0.0,0.0,0.0,25.75,18.95,0.0,0.0,0.0
2005-10-10,2005-12-29,OPTSTK,BHARATFORG,390.0,CA,0.0,0.0,0.0,27.5,16.0,0.0,0.0,0.0
2005-10-10,2005-12-29,OPTSTK,BHARATFORG,300.0,PA,0.0,0.0,0.0,13.65,8.85,0.0,0.0,0.0
2005-10-10,2005-12-29,OPTSTK,BHARATFORG,310.0,PA,0.0,0.0,0.0,17.3,11.6,0.0,0.0,0.0
2005-10-10,2005-12-29,OPTSTK,BHARATFORG,320.0,PA,0.0,0.0,0.0,21.5,14.9,0.0,0.0,0.0
2005-10-10,2005-12-29,OPTSTK,BHARATFORG,330.0,PA,0.0,0.0,0.0,26.2,18.75,0.0,0.0,0.0
2005-10-10,2005-12-29,OPTSTK,BHARATFORG,340.0,PA,0.0,0.0,0.0,31.4,23.15,0.0,0.0,0.0
2005-10-10,2005-12-29,OPTSTK,BHARATFORG,350.0,PA,0.0,0.0,0.0,37.15,28.1,0.0,0.0,0.0
2005-10-10,2005-12-29,OPTSTK,BHARATFORG,360.0,PA,0.0,0.0,0.0,43.35,33.6,0.0,0.0,0.0
2005-10-10,2005-12-29,OPTSTK,BHARATFORG,370.0,PA,0.0,0.0,0.0,43.05,39.6,0.0,0.0,0.0
2005-10-10,2005-12-29,OPTSTK,BHARATFORG,380.0,PA,0.0,0.0,0.0,49.25,46.05,0.0,0.0,0.0
2005-10-10,2005-12-29,OPTSTK,BHARATFORG,390.0,PA,0.0,0.0,0.0,49.3,52.95,0.0,0.0,0.0
2005-10-10,2005-10-27,OPTSTK,BHARTI,250.0,CA,0.0,0.0,0.0,44.15,100.55,0.0,0.0,0.0
2005-10-10,2005-10-27,OPTSTK,BHARTI,260.0,CA,0.0,0.0,0.0,37.25,90.6,0.0,0.0,0.0
2005-10-10,2005-10-27,OPTSTK,BHARTI,270.0,CA,0.0,0.0,0.0,31.1,80.6,0.0,0.0,0.0
2005-10-10,2005-10-27,OPTSTK,BHARTI,280.0,CA,0.0,0.0,0.0,25.7,70.65,0.0,0.0,0.0
2005-10-10,2005-10-27,OPTSTK,BHARTI,290.0,CA,0.0,0.0,0.0,21.0,60.75,0.0,0.0,0.0
2005-10-10,2005-10-27,OPTSTK,BHARTI,300.0,CA,0.0,0.0,0.0,16.95,50.95,0.0,0.0,0.0
2005-10-10,2005-10-27,OPTSTK,BHARTI,310.0,CA,0.0,0.0,0.0,13.55,41.45,0.0,0.0,0.0
2005-10-10,2005-10-27,OPTSTK,BHARTI,320.0,CA,0.0,0.0,0.0,11.0,32.5,0.0,0.0,0.0
2005-10-10,2005-10-27,OPTSTK,BHARTI,330.0,CA,0.0,0.0,0.0,13.7,24.35,0.0,0.0,0.0
2005-10-10,2005-10-27,OPTSTK,BHARTI,340.0,CA,14.05,19.75,14.05,18.0,18.0,8.0,28.57,10000.0
2005-10-10,2005-10-27,OPTSTK,BHARTI,350.0,CA,10.0,13.6,9.1,11.35,11.35,53.0,191.52,68000.0
2005-10-10,2005-10-27,OPTSTK,BHARTI,360.0,CA,7.5,8.5,7.25,7.85,7.85,13.0,47.84,44000.0
2005-10-10,2005-10-27,OPTSTK,BHARTI,370.0,CA,5.0,5.0,5.0,5.0,5.0,3.0,11.25,26000.0
2005-10-10,2005-10-27,OPTSTK,BHARTI,380.0,CA,0.0,0.0,0.0,14.15,2.55,0.0,0.0,0.0
2005-10-10,2005-10-27,OPTSTK,BHARTI,390.0,CA,0.0,0.0,0.0,10.85,1.35,0.0,0.0,0.0
2005-10-10,2005-10-27,OPTSTK,BHARTI,250.0,PA,0.0,0.0,0.0,7.3,0.0,0.0,0.0,0.0
2005-10-10,2005-10-27,OPTSTK,BHARTI,260.0,PA,0.0,0.0,0.0,10.25,0.0,0.0,0.0,0.0
2005-10-10,2005-10-27,OPTSTK,BHARTI,270.0,PA,0.0,0.0,0.0,14.0,0.0,0.0,0.0,0.0
2005-10-10,2005-10-27,OPTSTK,BHARTI,280.0,PA,0.0,0.0,0.0,18.4,0.05,0.0,0.0,0.0
2005-10-10,2005-10-27,OPTSTK,BHARTI,290.0,PA,0.0,0.0,0.0,23.55,0.1,0.0,0.0,0.0
2005-10-10,2005-10-27,OPTSTK,BHARTI,300.0,PA,0.0,0.0,0.0,29.35,0.3,0.0,0.0,0.0
2005-10-10,2005-10-27,OPTSTK,BHARTI,310.0,PA,0.0,0.0,0.0,35.85,0.75,0.0,0.0,0.0
2005-10-10,2005-10-27,OPTSTK,BHARTI,320.0,PA,0.0,0.0,0.0,40.15,1.75,0.0,0.0,0.0
2005-10-10,2005-10-27,OPTSTK,BHARTI,330.0,PA,0.0,0.0,0.0,10.5,3.6,0.0,0.0,2000.0
2005-10-10,2005-10-27,OPTSTK,BHARTI,340.0,PA,7.1,7.5,7.1,7.5,7.5,2.0,6.94,5000.0
2005-10-10,2005-10-27,OPTSTK,BHARTI,350.0,PA,0.0,0.0,0.0,21.8,10.9,0.0,0.0,5000.0
2005-10-10,2005-10-27,OPTSTK,BHARTI,360.0,PA,0.0,0.0,0.0,36.8,16.65,0.0,0.0,0.0
2005-10-10,2005-10-27,OPTSTK,BHARTI,370.0,PA,0.0,0.0,0.0,35.9,23.65,0.0,0.0,0.0
2005-10-10,2005-10-27,OPTSTK,BHARTI,380.0,PA,0.0,0.0,0.0,28.15,31.65,0.0,0.0,0.0
2005-10-10,2005-10-27,OPTSTK,BHARTI,390.0,PA,0.0,0.0,0.0,34.8,40.45,0.0,0.0,0.0
2005-10-10,2005-11-24,OPTSTK,BHARTI,280.0,CA,0.0,0.0,0.0,45.95,72.65,0.0,0.0,0.0
2005-10-10,2005-11-24,OPTSTK,BHARTI,290.0,CA,0.0,0.0,0.0,39.05,63.35,0.0,0.0,0.0
2005-10-10,2005-11-24,OPTSTK,BHARTI,300.0,CA,0.0,0.0,0.0,32.8,54.4,0.0,0.0,0.0
2005-10-10,2005-11-24,OPTSTK,BHARTI,310.0,CA,0.0,0.0,0.0,27.3,46.0,0.0,0.0,0.0
2005-10-10,2005-11-24,OPTSTK,BHARTI,320.0,CA,0.0,0.0,0.0,22.45,38.2,0.0,0.0,0.0
2005-10-10,2005-11-24,OPTSTK,BHARTI,330.0,CA,0.0,0.0,0.0,18.3,31.15,0.0,0.0,0.0
2005-10-10,2005-11-24,OPTSTK,BHARTI,340.0,CA,0.0,0.0,0.0,14.75,24.95,0.0,0.0,0.0
2005-10-10,2005-11-24,OPTSTK,BHARTI,350.0,CA,0.0,0.0,0.0,11.9,19.6,0.0,0.0,0.0
2005-10-10,2005-11-24,OPTSTK,BHARTI,360.0,CA,0.0,0.0,0.0,8.65,15.1,0.0,0.0,0.0
2005-10-10,2005-11-24,OPTSTK,BHARTI,370.0,CA,0.0,0.0,0.0,7.7,11.45,0.0,0.0,0.0
2005-10-10,2005-11-24,OPTSTK,BHARTI,380.0,CA,0.0,0.0,0.0,20.65,8.5,0.0,0.0,0.0
2005-10-10,2005-11-24,OPTSTK,BHARTI,390.0,CA,0.0,0.0,0.0,17.05,6.2,0.0,0.0,0.0
2005-10-10,2005-11-24,OPTSTK,BHARTI,280.0,PA,0.0,0.0,0.0,7.55,0.7,0.0,0.0,0.0
2005-10-10,2005-11-24,OPTSTK,BHARTI,290.0,PA,0.0,0.0,0.0,10.5,1.3,0.0,0.0,0.0
2005-10-10,2005-11-24,OPTSTK,BHARTI,300.0,PA,0.0,0.0,0.0,14.1,2.3,0.0,0.0,0.0
2005-10-10,2005-11-24,OPTSTK,BHARTI,310.0,PA,0.0,0.0,0.0,18.45,3.8,0.0,0.0,0.0
2005-10-10,2005-11-24,OPTSTK,BHARTI,320.0,PA,0.0,0.0,0.0,23.45,5.95,0.0,0.0,0.0
2005-10-10,2005-11-24,OPTSTK,BHARTI,330.0,PA,0.0,0.0,0.0,29.15,8.8,0.0,0.0,0.0
2005-10-10,2005-11-24,OPTSTK,BHARTI,340.0,PA,0.0,0.0,0.0,35.45,12.55,0.0,0.0,0.0
2005-10-10,2005-11-24,OPTSTK,BHARTI,350.0,PA,0.0,0.0,0.0,39.55,17.1,0.0,0.0,0.0
2005-10-10,2005-11-24,OPTSTK,BHARTI,360.0,PA,0.0,0.0,0.0,38.7,22.55,0.0,0.0,0.0
2005-10-10,2005-11-24,OPTSTK,BHARTI,370.0,PA,0.0,0.0,0.0,37.7,28.8,0.0,0.0,0.0
2005-10-10,2005-11-24,OPTSTK,BHARTI,380.0,PA,0.0,0.0,0.0,32.95,35.75,0.0,0.0,0.0
2005-10-10,2005-11-24,OPTSTK,BHARTI,390.0,PA,0.0,0.0,0.0,39.25,43.4,0.0,0.0,0.0
2005-10-10,2005-12-29,OPTSTK,BHARTI,310.0,CA,0.0,0.0,0.0,42.2,51.35,0.0,0.0,0.0
2005-10-10,2005-12-29,OPTSTK,BHARTI,320.0,CA,0.0,0.0,0.0,45.45,44.2,0.0,0.0,0.0
2005-10-10,2005-12-29,OPTSTK,BHARTI,330.0,CA,0.0,0.0,0.0,39.4,37.7,0.0,0.0,0.0
2005-10-10,2005-12-29,OPTSTK,BHARTI,340.0,CA,0.0,0.0,0.0,33.9,31.85,0.0,0.0,0.0
2005-10-10,2005-12-29,OPTSTK,BHARTI,350.0,CA,0.0,0.0,0.0,29.0,26.65,0.0,0.0,0.0
2005-10-10,2005-12-29,OPTSTK,BHARTI,360.0,CA,0.0,0.0,0.0,24.65,22.1,0.0,0.0,0.0
2005-10-10,2005-12-29,OPTSTK,BHARTI,370.0,CA,0.0,0.0,0.0,20.8,18.15,0.0,0.0,0.0
2005-10-10,2005-12-29,OPTSTK,BHARTI,380.0,CA,0.0,0.0,0.0,17.45,14.75,0.0,0.0,0.0
2005-10-10,2005-12-29,OPTSTK,BHARTI,310.0,PA,0.0,0.0,0.0,10.7,7.35,0.0,0.0,0.0
2005-10-10,2005-12-29,OPTSTK,BHARTI,320.0,PA,0.0,0.0,0.0,13.95,10.15,0.0,0.0,0.0
2005-10-10,2005-12-29,OPTSTK,BHARTI,330.0,PA,0.0,0.0,0.0,17.75,13.5,0.0,0.0,0.0
2005-10-10,2005-12-29,OPTSTK,BHARTI,340.0,PA,0.0,0.0,0.0,22.15,17.5,0.0,0.0,0.0
2005-10-10,2005-12-29,OPTSTK,BHARTI,350.0,PA,0.0,0.0,0.0,27.1,22.15,0.0,0.0,0.0
2005-10-10,2005-12-29,OPTSTK,BHARTI,360.0,PA,0.0,0.0,0.0,32.55,27.5,0.0,0.0,0.0
2005-10-10,2005-12-29,OPTSTK,BHARTI,370.0,PA,0.0,0.0,0.0,38.6,33.4,0.0,0.0,0.0
2005-10-10,2005-12-29,OPTSTK,BHARTI,380.0,PA,0.0,0.0,0.0,45.1,39.9,0.0,0.0,0.0
2005-10-10,2005-10-27,OPTSTK,BHEL,930.0,CA,0.0,0.0,0.0,118.9,267.95,0.0,0.0,0.0
2005-10-10,2005-10-27,OPTSTK,BHEL,940.0,CA,0.0,0.0,0.0,100.2,258.0,0.0,0.0,0.0
2005-10-10,2005-10-27,OPTSTK,BHEL,960.0,CA,0.0,0.0,0.0,99.7,238.15,0.0,0.0,0.0
2005-10-10,2005-10-27,OPTSTK,BHEL,980.0,CA,0.0,0.0,0.0,77.2,218.4,0.0,0.0,0.0
2005-10-10,2005-10-27,OPTSTK,BHEL,990.0,CA,0.0,0.0,0.0,82.55,208.55,0.0,0.0,0.0
2005-10-10,2005-10-27,OPTSTK,BHEL,1000.0,CA,0.0,0.0,0.0,67.15,198.75,0.0,0.0,0.0
2005-10-10,2005-10-27,OPTSTK,BHEL,1020.0,CA,0.0,0.0,0.0,67.55,179.35,0.0,0.0,0.0
2005-10-10,2005-10-27,OPTSTK,BHEL,1040.0,CA,0.0,0.0,0.0,49.95,160.3,0.0,0.0,0.0
2005-10-10,2005-10-27,OPTSTK,BHEL,1050.0,CA,0.0,0.0,0.0,54.65,151.0,0.0,0.0,0.0
2005-10-10,2005-10-27,OPTSTK,BHEL,1060.0,CA,0.0,0.0,0.0,42.7,141.8,0.0,0.0,0.0
2005-10-10,2005-10-27,OPTSTK,BHEL,1080.0,CA,0.0,0.0,0.0,43.7,123.9,0.0,0.0,0.0
2005-10-10,2005-10-27,OPTSTK,BHEL,1110.0,CA,0.0,0.0,0.0,34.6,98.8,0.0,0.0,0.0
2005-10-10,2005-10-27,OPTSTK,BHEL,1140.0,CA,0.0,0.0,0.0,63.65,76.3,0.0,0.0,0.0
2005-10-10,2005-10-27,OPTSTK,BHEL,1170.0,CA,0.0,0.0,0.0,53.3,56.9,0.0,0.0,0.0
2005-10-10,2005-10-27,OPTSTK,BHEL,1200.0,CA,35.5,35.5,35.5,35.5,35.5,1.0,3.7,600.0
2005-10-10,2005-10-27,OPTSTK,BHEL,1230.0,CA,0.0,0.0,0.0,35.0,28.3,0.0,0.0,5700.0
2005-10-10,2005-10-27,OPTSTK,BHEL,1260.0,CA,0.0,0.0,0.0,32.0,18.8,0.0,0.0,900.0
2005-10-10,2005-10-27,OPTSTK,BHEL,1290.0,CA,0.0,0.0,0.0,19.5,12.05,0.0,0.0,1200.0
2005-10-10,2005-10-27,OPTSTK,BHEL,1320.0,CA,10.0,10.0,10.0,10.0,10.0,1.0,3.99,900.0
2005-10-10,2005-10-27,OPTSTK,BHEL,1350.0,CA,0.0,0.0,0.0,27.1,4.4,0.0,0.0,0.0
2005-10-10,2005-10-27,OPTSTK,BHEL,1380.0,CA,0.0,0.0,0.0,19.5,2.5,0.0,0.0,0.0
2005-10-10,2005-10-27,OPTSTK,BHEL,930.0,PA,0.0,0.0,0.0,28.35,0.05,0.0,0.0,0.0
2005-10-10,2005-10-27,OPTSTK,BHEL,940.0,PA,0.0,0.0,0.0,34.45,0.1,0.0,0.0,0.0
2005-10-10,2005-10-27,OPTSTK,BHEL,960.0,PA,0.0,0.0,0.0,38.65,0.2,0.0,0.0,0.0
2005-10-10,2005-10-27,OPTSTK,BHEL,980.0,PA,0.0,0.0,0.0,50.85,0.35,0.0,0.0,0.0
2005-10-10,2005-10-27,OPTSTK,BHEL,990.0,PA,0.0,0.0,0.0,51.1,0.5,0.0,0.0,0.0
2005-10-10,2005-10-27,OPTSTK,BHEL,1000.0,PA,0.0,0.0,0.0,60.5,0.65,0.0,0.0,0.0
2005-10-10,2005-10-27,OPTSTK,BHEL,1020.0,PA,0.0,0.0,0.0,65.65,1.25,0.0,0.0,0.0
2005-10-10,2005-10-27,OPTSTK,BHEL,1040.0,PA,0.0,0.0,0.0,82.75,2.15,0.0,0.0,0.0
2005-10-10,2005-10-27,OPTSTK,BHEL,1050.0,PA,0.0,0.0,0.0,82.3,2.75,0.0,0.0,0.0
2005-10-10,2005-10-27,OPTSTK,BHEL,1060.0,PA,0.0,0.0,0.0,95.25,3.55,0.0,0.0,0.0
2005-10-10,2005-10-27,OPTSTK,BHEL,1080.0,PA,0.0,0.0,0.0,100.95,5.65,0.0,0.0,0.0
2005-10-10,2005-10-27,OPTSTK,BHEL,1110.0,PA,0.0,0.0,0.0,121.35,10.45,0.0,0.0,0.0
2005-10-10,2005-10-27,OPTSTK,BHEL,1140.0,PA,0.0,0.0,0.0,110.85,17.85,0.0,0.0,0.0
2005-10-10,2005-10-27,OPTSTK,BHEL,1170.0,PA,0.0,0.0,0.0,130.1,28.35,0.0,0.0,0.0
2005-10-10,2005-10-27,OPTSTK,BHEL,1200.0,PA,33.95,33.95,33.95,33.95,33.95,1.0,3.7,2400.0
2005-10-10,2005-10-27,OPTSTK,BHEL,1230.0,PA,0.0,0.0,0.0,65.0,59.6,0.0,0.0,1500.0
2005-10-10,2005-10-27,OPTSTK,BHEL,1260.0,PA,0.0,0.0,0.0,75.9,80.05,0.0,0.0,900.0
2005-10-10,2005-10-27,OPTSTK,BHEL,1290.0,PA,0.0,0.0,0.0,65.0,103.2,0.0,0.0,300.0
2005-10-10,2005-10-27,OPTSTK,BHEL,1320.0,PA,0.0,0.0,0.0,114.35,128.5,0.0,0.0,0.0
2005-10-10,2005-10-27,OPTSTK,BHEL,1350.0,PA,0.0,0.0,0.0,94.85,155.4,0.0,0.0,0.0
2005-10-10,2005-10-27,OPTSTK,BHEL,1380.0,PA,0.0,0.0,0.0,117.15,183.45,0.0,0.0,0.0
2005-10-10,2005-11-24,OPTSTK,BHEL,960.0,CA,0.0,0.0,0.0,157.55,246.15,0.0,0.0,0.0
2005-10-10,2005-11-24,OPTSTK,BHEL,990.0,CA,0.0,0.0,0.0,160.45,218.7,0.0,0.0,0.0
2005-10-10,2005-11-24,OPTSTK,BHEL,1020.0,CA,0.0,0.0,0.0,156.05,192.35,0.0,0.0,0.0
2005-10-10,2005-11-24,OPTSTK,BHEL,1050.0,CA,0.0,0.0,0.0,138.5,167.3,0.0,0.0,0.0
2005-10-10,2005-11-24,OPTSTK,BHEL,1080.0,CA,0.0,0.0,0.0,122.35,143.85,0.0,0.0,0.0
2005-10-10,2005-11-24,OPTSTK,BHEL,1110.0,CA,0.0,0.0,0.0,107.65,122.2,0.0,0.0,0.0
2005-10-10,2005-11-24,OPTSTK,BHEL,1140.0,CA,0.0,0.0,0.0,94.3,102.6,0.0,0.0,0.0
2005-10-10,2005-11-24,OPTSTK,BHEL,1170.0,CA,0.0,0.0,0.0,82.3,85.05,0.0,0.0,0.0
2005-10-10,2005-11-24,OPTSTK,BHEL,1200.0,CA,0.0,0.0,0.0,71.55,69.65,0.0,0.0,0.0
2005-10-10,2005-11-24,OPTSTK,BHEL,1230.0,CA,0.0,0.0,0.0,30.35,56.35,0.0,0.0,0.0
2005-10-10,2005-11-24,OPTSTK,BHEL,1260.0,CA,0.0,0.0,0.0,33.85,45.0,0.0,0.0,0.0
2005-10-10,2005-11-24,OPTSTK,BHEL,1290.0,CA,0.0,0.0,0.0,59.35,35.5,0.0,0.0,0.0
2005-10-10,2005-11-24,OPTSTK,BHEL,1320.0,CA,0.0,0.0,0.0,49.15,27.75,0.0,0.0,0.0
2005-10-10,2005-11-24,OPTSTK,BHEL,1350.0,CA,0.0,0.0,0.0,53.8,21.4,0.0,0.0,0.0
2005-10-10,2005-11-24,OPTSTK,BHEL,1380.0,CA,0.0,0.0,0.0,44.1,16.35,0.0,0.0,0.0
2005-10-10,2005-11-24,OPTSTK,BHEL,960.0,PA,0.0,0.0,0.0,43.6,3.55,0.0,0.0,0.0
2005-10-10,2005-11-24,OPTSTK,BHEL,990.0,PA,0.0,0.0,0.0,46.55,5.9,0.0,0.0,0.0
2005-10-10,2005-11-24,OPTSTK,BHEL,1020.0,PA,0.0,0.0,0.0,54.45,9.3,0.0,0.0,0.0
2005-10-10,2005-11-24,OPTSTK,BHEL,1050.0,PA,0.0,0.0,0.0,66.45,14.05,0.0,0.0,0.0
2005-10-10,2005-11-24,OPTSTK,BHEL,1080.0,PA,0.0,0.0,0.0,79.9,20.4,0.0,0.0,0.0
2005-10-10,2005-11-24,OPTSTK,BHEL,1110.0,PA,0.0,0.0,0.0,94.7,28.5,0.0,0.0,0.0
2005-10-10,2005-11-24,OPTSTK,BHEL,1140.0,PA,0.0,0.0,0.0,110.95,38.65,0.0,0.0,0.0
2005-10-10,2005-11-24,OPTSTK,BHEL,1170.0,PA,0.0,0.0,0.0,128.45,50.9,0.0,0.0,0.0
2005-10-10,2005-11-24,OPTSTK,BHEL,1200.0,PA,0.0,0.0,0.0,147.25,65.3,0.0,0.0,0.0
2005-10-10,2005-11-24,OPTSTK,BHEL,1230.0,PA,0.0,0.0,0.0,115.0,81.75,0.0,0.0,0.0
2005-10-10,2005-11-24,OPTSTK,BHEL,1260.0,PA,0.0,0.0,0.0,119.0,100.2,0.0,0.0,0.0
2005-10-10,2005-11-24,OPTSTK,BHEL,1290.0,PA,0.0,0.0,0.0,112.15,120.5,0.0,0.0,0.0
2005-10-10,2005-11-24,OPTSTK,BHEL,1320.0,PA,0.0,0.0,0.0,131.7,142.5,0.0,0.0,0.0
2005-10-10,2005-11-24,OPTSTK,BHEL,1350.0,PA,0.0,0.0,0.0,115.0,165.9,0.0,0.0,0.0
2005-10-10,2005-11-24,OPTSTK,BHEL,1380.0,PA,0.0,0.0,0.0,135.05,190.6,0.0,0.0,0.0
2005-10-10,2005-12-29,OPTSTK,BHEL,1110.0,CA,0.0,0.0,0.0,160.8,145.3,0.0,0.0,0.0
2005-10-10,2005-12-29,OPTSTK,BHEL,1140.0,CA,0.0,0.0,0.0,158.65,127.05,0.0,0.0,0.0
2005-10-10,2005-12-29,OPTSTK,BHEL,1170.0,CA,0.0,0.0,0.0,141.05,110.4,0.0,0.0,0.0
2005-10-10,2005-12-29,OPTSTK,BHEL,1200.0,CA,0.0,0.0,0.0,124.8,95.35,0.0,0.0,0.0
2005-10-10,2005-12-29,OPTSTK,BHEL,1230.0,CA,0.0,0.0,0.0,110.0,81.8,0.0,0.0,0.0
2005-10-10,2005-12-29,OPTSTK,BHEL,1260.0,CA,0.0,0.0,0.0,96.5,69.8,0.0,0.0,0.0
2005-10-10,2005-12-29,OPTSTK,BHEL,1290.0,CA,0.0,0.0,0.0,84.35,59.25,0.0,0.0,0.0
2005-10-10,2005-12-29,OPTSTK,BHEL,1320.0,CA,0.0,0.0,0.0,73.4,49.95,0.0,0.0,0.0
2005-10-10,2005-12-29,OPTSTK,BHEL,1350.0,CA,0.0,0.0,0.0,79.9,42.0,0.0,0.0,0.0
2005-10-10,2005-12-29,OPTSTK,BHEL,1380.0,CA,0.0,0.0,0.0,69.25,35.1,0.0,0.0,0.0
2005-10-10,2005-12-29,OPTSTK,BHEL,1110.0,PA,0.0,0.0,0.0,43.05,45.25,0.0,0.0,0.0
2005-10-10,2005-12-29,OPTSTK,BHEL,1140.0,PA,0.0,0.0,0.0,56.35,56.6,0.0,0.0,0.0
2005-10-10,2005-12-29,OPTSTK,BHEL,1170.0,PA,0.0,0.0,0.0,68.3,69.55,0.0,0.0,0.0
2005-10-10,2005-12-29,OPTSTK,BHEL,1200.0,PA,0.0,0.0,0.0,81.65,84.1,0.0,0.0,0.0
2005-10-10,2005-12-29,OPTSTK,BHEL,1230.0,PA,0.0,0.0,0.0,96.4,100.2,0.0,0.0,0.0
2005-10-10,2005-12-29,OPTSTK,BHEL,1260.0,PA,0.0,0.0,0.0,112.45,117.8,0.0,0.0,0.0
2005-10-10,2005-12-29,OPTSTK,BHEL,1290.0,PA,0.0,0.0,0.0,129.85,136.8,0.0,0.0,0.0
2005-10-10,2005-12-29,OPTSTK,BHEL,1320.0,PA,0.0,0.0,0.0,148.45,157.15,0.0,0.0,0.0
2005-10-10,2005-12-29,OPTSTK,BHEL,1350.0,PA,0.0,0.0,0.0,133.4,178.8,0.0,0.0,0.0
2005-10-10,2005-12-29,OPTSTK,BHEL,1380.0,PA,0.0,0.0,0.0,152.35,201.5,0.0,0.0,0.0
2005-10-10,2005-10-27,OPTSTK,BILT,100.0,CA,0.0,0.0,0.0,17.15,19.15,0.0,0.0,0.0
2005-10-10,2005-10-27,OPTSTK,BILT,105.0,CA,0.0,0.0,0.0,13.75,14.55,0.0,0.0,0.0
2005-10-10,2005-10-27,OPTSTK,BILT,110.0,CA,0.0,0.0,0.0,10.85,10.45,0.0,0.0,0.0
2005-10-10,2005-10-27,OPTSTK,BILT,115.0,CA,0.0,0.0,0.0,8.45,7.0,0.0,0.0,0.0
2005-10-10,2005-10-27,OPTSTK,BILT,120.0,CA,4.0,4.0,3.4,3.4,3.4,6.0,14.11,79800.0
2005-10-10,2005-10-27,OPTSTK,BILT,125.0,CA,2.25,2.6,1.9,2.0,2.0,11.0,26.58,136800.0
2005-10-10,2005-10-27,OPTSTK,BILT,130.0,CA,1.45,1.45,1.1,1.1,1.1,3.0,7.48,153900.0
2005-10-10,2005-10-27,OPTSTK,BILT,135.0,CA,0.0,0.0,0.0,4.05,0.7,0.0,0.0,0.0
2005-10-10,2005-10-27,OPTSTK,BILT,140.0,CA,0.0,0.0,0.0,3.5,0.35,0.0,0.0,0.0
2005-10-10,2005-10-27,OPTSTK,BILT,145.0,CA,0.0,0.0,0.0,2.15,0.15,0.0,0.0,0.0
2005-10-10,2005-10-27,OPTSTK,BILT,100.0,PA,0.0,0.0,0.0,2.95,0.25,0.0,0.0,0.0
2005-10-10,2005-10-27,OPTSTK,BILT,105.0,PA,0.0,0.0,0.0,4.5,0.65,0.0,0.0,0.0
2005-10-10,2005-10-27,OPTSTK,BILT,110.0,PA,0.0,0.0,0.0,6.55,1.5,0.0,0.0,0.0
2005-10-10,2005-10-27,OPTSTK,BILT,115.0,PA,0.0,0.0,0.0,1.25,3.1,0.0,0.0,1900.0
2005-10-10,2005-10-27,OPTSTK,BILT,120.0,PA,0.0,0.0,0.0,2.7,5.45,0.0,0.0,13300.0
2005-10-10,2005-10-27,OPTSTK,BILT,125.0,PA,0.0,0.0,0.0,5.0,8.6,0.0,0.0,1900.0
2005-10-10,2005-10-27,OPTSTK,BILT,130.0,PA,0.0,0.0,0.0,18.95,12.4,0.0,0.0,0.0
2005-10-10,2005-10-27,OPTSTK,BILT,135.0,PA,0.0,0.0,0.0,16.25,16.7,0.0,0.0,0.0
2005-10-10,2005-10-27,OPTSTK,BILT,140.0,PA,0.0,0.0,0.0,15.65,21.3,0.0,0.0,0.0
2005-10-10,2005-10-27,OPTSTK,BILT,145.0,PA,0.0,0.0,0.0,18.45,26.15,0.0,0.0,0.0
2005-10-10,2005-11-24,OPTSTK,BILT,100.0,CA,0.0,0.0,0.0,17.2,20.75,0.0,0.0,0.0
2005-10-10,2005-11-24,OPTSTK,BILT,105.0,CA,0.0,0.0,0.0,13.6,16.75,0.0,0.0,0.0
2005-10-10,2005-11-24,OPTSTK,BILT,110.0,CA,0.0,0.0,0.0,10.5,13.25,0.0,0.0,0.0
2005-10-10,2005-11-24,OPTSTK,BILT,115.0,CA,0.0,0.0,0.0,7.95,10.2,0.0,0.0,0.0
2005-10-10,2005-11-24,OPTSTK,BILT,120.0,CA,0.0,0.0,0.0,5.85,7.7,0.0,0.0,0.0
2005-10-10,2005-11-24,OPTSTK,BILT,125.0,CA,0.0,0.0,0.0,4.2,5.65,0.0,0.0,0.0
2005-10-10,2005-11-24,OPTSTK,BILT,130.0,CA,0.0,0.0,0.0,2.95,4.1,0.0,0.0,0.0
2005-10-10,2005-11-24,OPTSTK,BILT,135.0,CA,0.0,0.0,0.0,2.8,2.9,0.0,0.0,0.0
2005-10-10,2005-11-24,OPTSTK,BILT,140.0,CA,0.0,0.0,0.0,5.6,2.0,0.0,0.0,0.0
2005-10-10,2005-11-24,OPTSTK,BILT,145.0,CA,0.0,0.0,0.0,4.0,1.35,0.0,0.0,0.0
2005-10-10,2005-11-24,OPTSTK,BILT,100.0,PA,0.0,0.0,0.0,2.05,1.35,0.0,0.0,0.0
2005-10-10,2005-11-24,OPTSTK,BILT,105.0,PA,0.0,0.0,0.0,3.4,2.35,0.0,0.0,0.0
2005-10-10,2005-11-24,OPTSTK,BILT,110.0,PA,0.0,0.0,0.0,5.25,3.8,0.0,0.0,0.0
2005-10-10,2005-11-24,OPTSTK,BILT,115.0,PA,0.0,0.0,0.0,7.55,5.7,0.0,0.0,0.0
2005-10-10,2005-11-24,OPTSTK,BILT,120.0,PA,0.0,0.0,0.0,10.4,8.15,0.0,0.0,0.0
2005-10-10,2005-11-24,OPTSTK,BILT,125.0,PA,0.0,0.0,0.0,13.7,11.1,0.0,0.0,0.0
2005-10-10,2005-11-24,OPTSTK,BILT,130.0,PA,0.0,0.0,0.0,17.4,14.45,0.0,0.0,0.0
2005-10-10,2005-11-24,OPTSTK,BILT,135.0,PA,0.0,0.0,0.0,18.25,18.25,0.0,0.0,0.0
2005-10-10,2005-11-24,OPTSTK,BILT,140.0,PA,0.0,0.0,0.0,17.1,22.3,0.0,0.0,0.0
2005-10-10,2005-11-24,OPTSTK,BILT,145.0,PA,0.0,0.0,0.0,19.65,26.65,0.0,0.0,0.0
2005-10-10,2005-12-29,OPTSTK,BILT,105.0,CA,0.0,0.0,0.0,23.4,19.15,0.0,0.0,0.0
2005-10-10,2005-12-29,OPTSTK,BILT,110.0,CA,0.0,0.0,0.0,20.25,15.9,0.0,0.0,0.0
2005-10-10,2005-12-29,OPTSTK,BILT,115.0,CA,0.0,0.0,0.0,17.45,13.1,0.0,0.0,0.0
2005-10-10,2005-12-29,OPTSTK,BILT,120.0,CA,0.0,0.0,0.0,14.9,10.65,0.0,0.0,0.0
2005-10-10,2005-12-29,OPTSTK,BILT,125.0,CA,0.0,0.0,0.0,12.7,8.55,0.0,0.0,0.0
2005-10-10,2005-12-29,OPTSTK,BILT,130.0,CA,0.0,0.0,0.0,10.75,6.8,0.0,0.0,0.0
2005-10-10,2005-12-29,OPTSTK,BILT,135.0,CA,0.0,0.0,0.0,9.05,5.35,0.0,0.0,0.0
2005-10-10,2005-12-29,OPTSTK,BILT,140.0,CA,0.0,0.0,0.0,7.8,4.2,0.0,0.0,0.0
2005-10-10,2005-12-29,OPTSTK,BILT,105.0,PA,0.0,0.0,0.0,5.45,4.1,0.0,0.0,0.0
2005-10-10,2005-12-29,OPTSTK,BILT,110.0,PA,0.0,0.0,0.0,7.25,5.85,0.0,0.0,0.0
2005-10-10,2005-12-29,OPTSTK,BILT,115.0,PA,0.0,0.0,0.0,9.35,7.95,0.0,0.0,0.0
2005-10-10,2005-12-29,OPTSTK,BILT,120.0,PA,0.0,0.0,0.0,11.75,10.4,0.0,0.0,0.0
2005-10-10,2005-12-29,OPTSTK,BILT,125.0,PA,0.0,0.0,0.0,14.45,13.25,0.0,0.0,0.0
2005-10-10,2005-12-29,OPTSTK,BILT,130.0,PA,0.0,0.0,0.0,17.4,16.45,0.0,0.0,0.0
2005-10-10,2005-12-29,OPTSTK,BILT,135.0,PA,0.0,0.0,0.0,20.65,19.95,0.0,0.0,0.0
2005-10-10,2005-12-29,OPTSTK,BILT,140.0,PA,0.0,0.0,0.0,22.05,23.7,0.0,0.0,0.0
2005-10-10,2005-10-27,OPTSTK,BONGAIREFN,60.0,CA,0.0,0.0,0.0,17.95,20.75,0.0,0.0,0.0
2005-10-10,2005-10-27,OPTSTK,BONGAIREFN,65.0,CA,0.0,0.0,0.0,16.7,15.75,0.0,0.0,0.0
2005-10-10,2005-10-27,OPTSTK,BONGAIREFN,70.0,CA,0.0,0.0,0.0,15.5,10.8,0.0,0.0,0.0
2005-10-10,2005-10-27,OPTSTK,BONGAIREFN,75.0,CA,0.0,0.0,0.0,15.35,6.2,0.0,0.0,0.0
2005-10-10,2005-10-27,OPTSTK,BONGAIREFN,80.0,CA,3.05,3.05,3.0,3.05,3.05,2.0,3.73,69750.0
2005-10-10,2005-10-27,OPTSTK,BONGAIREFN,85.0,CA,1.9,1.9,1.0,1.45,1.45,22.0,42.86,267750.0
2005-10-10,2005-10-27,OPTSTK,BONGAIREFN,90.0,CA,1.5,1.5,1.0,1.0,1.0,5.0,10.26,146250.0
2005-10-10,2005-10-27,OPTSTK,BONGAIREFN,95.0,CA,0.0,0.0,0.0,0.5,0.05,0.0,0.0,4500.0
2005-10-10,2005-10-27,OPTSTK,BONGAIREFN,100.0,CA,0.0,0.0,0.0,1.9,0.0,0.0,0.0,0.0
2005-10-10,2005-10-27,OPTSTK,BONGAIREFN,105.0,CA,0.0,0.0,0.0,1.05,0.0,0.0,0.0,0.0
2005-10-10,2005-10-27,OPTSTK,BONGAIREFN,110.0,CA,0.0,0.0,0.0,1.4,0.0,0.0,0.0,0.0
2005-10-10,2005-10-27,OPTSTK,BONGAIREFN,60.0,PA,0.0,0.0,0.0,0.1,0.0,0.0,0.0,0.0
2005-10-10,2005-10-27,OPTSTK,BONGAIREFN,65.0,PA,0.0,0.0,0.0,0.1,0.0,0.0,0.0,0.0
2005-10-10,2005-10-27,OPTSTK,BONGAIREFN,70.0,PA,0.0,0.0,0.0,0.4,0.05,0.0,0.0,0.0
2005-10-10,2005-10-27,OPTSTK,BONGAIREFN,75.0,PA,0.0,0.0,0.0,0.6,0.45,0.0,0.0,0.0
2005-10-10,2005-10-27,OPTSTK,BONGAIREFN,80.0,PA,2.0,2.0,2.0,2.0,2.0,1.0,1.84,45000.0
2005-10-10,2005-10-27,OPTSTK,BONGAIREFN,85.0,PA,0.0,0.0,0.0,2.95,5.05,0.0,0.0,0.0
2005-10-10,2005-10-27,OPTSTK,BONGAIREFN,90.0,PA,0.0,0.0,0.0,5.2,9.4,0.0,0.0,0.0
2005-10-10,2005-10-27,OPTSTK,BONGAIREFN,95.0,PA,0.0,0.0,0.0,8.15,14.25,0.0,0.0,0.0
2005-10-10,2005-10-27,OPTSTK,BONGAIREFN,100.0,PA,0.0,0.0,0.0,11.75,19.2,0.0,0.0,0.0
2005-10-10,2005-10-27,OPTSTK,BONGAIREFN,105.0,PA,0.0,0.0,0.0,15.85,24.2,0.0,0.0,0.0
2005-10-10,2005-10-27,OPTSTK,BONGAIREFN,110.0,PA,0.0,0.0,0.0,17.4,29.2,0.0,0.0,0.0
2005-10-10,2005-11-24,OPTSTK,BONGAIREFN,60.0,CA,0.0,0.0,0.0,18.35,21.05,0.0,0.0,0.0
2005-10-10,2005-11-24,OPTSTK,BONGAIREFN,65.0,CA,0.0,0.0,0.0,13.8,16.15,0.0,0.0,0.0
2005-10-10,2005-11-24,OPTSTK,BONGAIREFN,70.0,CA,0.0,0.0,0.0,9.75,11.5,0.0,0.0,0.0
2005-10-10,2005-11-24,OPTSTK,BONGAIREFN,75.0,CA,0.0,0.0,0.0,6.4,7.45,0.0,0.0,0.0
2005-10-10,2005-11-24,OPTSTK,BONGAIREFN,80.0,CA,0.0,0.0,0.0,3.95,4.35,0.0,0.0,0.0
2005-10-10,2005-11-24,OPTSTK,BONGAIREFN,85.0,CA,0.0,0.0,0.0,2.25,2.25,0.0,0.0,0.0
2005-10-10,2005-11-24,OPTSTK,BONGAIREFN,90.0,CA,0.0,0.0,0.0,1.2,1.05,0.0,0.0,0.0
2005-10-10,2005-11-24,OPTSTK,BONGAIREFN,95.0,CA,0.0,0.0,0.0,0.6,0.45,0.0,0.0,0.0
2005-10-10,2005-11-24,OPTSTK,BONGAIREFN,100.0,CA,0.0,0.0,0.0,2.3,0.15,0.0,0.0,0.0
2005-10-10,2005-11-24,OPTSTK,BONGAIREFN,60.0,PA,0.0,0.0,0.0,0.15,0.05,0.0,0.0,0.0
2005-10-10,2005-11-24,OPTSTK,BONGAIREFN,65.0,PA,0.0,0.0,0.0,0.55,0.1,0.0,0.0,0.0
2005-10-10,2005-11-24,OPTSTK,BONGAIREFN,70.0,PA,0.0,0.0,0.0,1.4,0.45,0.0,0.0,0.0
2005-10-10,2005-11-24,OPTSTK,BONGAIREFN,75.0,PA,0.0,0.0,0.0,3.0,1.35,0.0,0.0,0.0
2005-10-10,2005-11-24,OPTSTK,BONGAIREFN,80.0,PA,0.0,0.0,0.0,5.45,3.2,0.0,0.0,0.0
2005-10-10,2005-11-24,OPTSTK,BONGAIREFN,85.0,PA,0.0,0.0,0.0,8.7,6.05,0.0,0.0,0.0
2005-10-10,2005-11-24,OPTSTK,BONGAIREFN,90.0,PA,0.0,0.0,0.0,12.6,9.8,0.0,0.0,0.0
2005-10-10,2005-11-24,OPTSTK,BONGAIREFN,95.0,PA,0.0,0.0,0.0,16.6,14.2,0.0,0.0,0.0
2005-10-10,2005-11-24,OPTSTK,BONGAIREFN,100.0,PA,0.0,0.0,0.0,16.35,18.9,0.0,0.0,0.0
2005-10-10,2005-12-29,OPTSTK,BONGAIREFN,65.0,CA,0.0,0.0,0.0,16.9,16.75,0.0,0.0,0.0
2005-10-10,2005-12-29,OPTSTK,BONGAIREFN,70.0,CA,0.0,0.0,0.0,12.9,12.45,0.0,0.0,0.0
2005-10-10,2005-12-29,OPTSTK,BONGAIREFN,75.0,CA,0.0,0.0,0.0,9.5,8.75,0.0,0.0,0.0
2005-10-10,2005-12-29,OPTSTK,BONGAIREFN,80.0,CA,0.0,0.0,0.0,6.7,5.8,0.0,0.0,0.0
2005-10-10,2005-12-29,OPTSTK,BONGAIREFN,85.0,CA,0.0,0.0,0.0,4.55,3.6,0.0,0.0,0.0
2005-10-10,2005-12-29,OPTSTK,BONGAIREFN,90.0,CA,0.0,0.0,0.0,3.0,2.1,0.0,0.0,0.0
2005-10-10,2005-12-29,OPTSTK,BONGAIREFN,95.0,CA,0.0,0.0,0.0,1.9,1.2,0.0,0.0,0.0
2005-10-10,2005-12-29,OPTSTK,BONGAIREFN,100.0,CA,0.0,0.0,0.0,1.4,0.65,0.0,0.0,0.0
2005-10-10,2005-12-29,OPTSTK,BONGAIREFN,65.0,PA,0.0,0.0,0.0,0.8,0.35,0.0,0.0,0.0
2005-10-10,2005-12-29,OPTSTK,BONGAIREFN,70.0,PA,0.0,0.0,0.0,1.75,1.0,0.0,0.0,0.0
2005-10-10,2005-12-29,OPTSTK,BONGAIREFN,75.0,PA,0.0,0.0,0.0,3.2,2.2,0.0,0.0,0.0
2005-10-10,2005-12-29,OPTSTK,BONGAIREFN,80.0,PA,0.0,0.0,0.0,5.35,4.2,0.0,0.0,0.0
2005-10-10,2005-12-29,OPTSTK,BONGAIREFN,85.0,PA,0.0,0.0,0.0,8.15,6.95,0.0,0.0,0.0
2005-10-10,2005-12-29,OPTSTK,BONGAIREFN,90.0,PA,0.0,0.0,0.0,11.55,10.4,0.0,0.0,0.0
2005-10-10,2005-12-29,OPTSTK,BONGAIREFN,95.0,PA,0.0,0.0,0.0,15.35,14.4,0.0,0.0,0.0
2005-10-10,2005-12-29,OPTSTK,BONGAIREFN,100.0,PA,0.0,0.0,0.0,17.0,18.8,0.0,0.0,0.0
2005-10-10,2005-10-27,OPTSTK,BPCL,320.0,CA,0.0,0.0,0.0,44.1,89.9,0.0,0.0,0.0
2005-10-10,2005-10-27,OPTSTK,BPCL,330.0,CA,0.0,0.0,0.0,42.8,80.0,0.0,0.0,0.0
2005-10-10,2005-10-27,OPTSTK,BPCL,340.0,CA,0.0,0.0,0.0,37.35,70.15,0.0,0.0,0.0
2005-10-10,2005-10-27,OPTSTK,BPCL,350.0,CA,0.0,0.0,0.0,30.35,60.4,0.0,0.0,0.0
2005-10-10,2005-10-27,OPTSTK,BPCL,360.0,CA,0.0,0.0,0.0,24.15,50.95,0.0,0.0,0.0
2005-10-10,2005-10-27,OPTSTK,BPCL,370.0,CA,0.0,0.0,0.0,18.85,41.95,0.0,0.0,0.0
2005-10-10,2005-10-27,OPTSTK,BPCL,380.0,CA,0.0,0.0,0.0,14.4,33.6,0.0,0.0,0.0
2005-10-10,2005-10-27,OPTSTK,BPCL,390.0,CA,0.0,0.0,0.0,10.8,26.1,0.0,0.0,0.0
2005-10-10,2005-10-27,OPTSTK,BPCL,400.0,CA,0.0,0.0,0.0,27.0,19.6,0.0,0.0,2750.0
2005-10-10,2005-10-27,OPTSTK,BPCL,410.0,CA,11.05,11.05,11.05,11.05,11.05,11.0,25.47,15950.0
2005-10-10,2005-10-27,OPTSTK,BPCL,420.0,CA,0.0,0.0,0.0,8.9,9.95,0.0,0.0,33000.0
2005-10-10,2005-10-27,OPTSTK,BPCL,430.0,CA,0.0,0.0,0.0,7.0,6.7,0.0,0.0,9350.0
2005-10-10,2005-10-27,OPTSTK,BPCL,440.0,CA,0.0,0.0,0.0,7.0,4.35,0.0,0.0,5500.0
2005-10-10,2005-10-27,OPTSTK,BPCL,450.0,CA,0.0,0.0,0.0,9.2,2.75,0.0,0.0,0.0
2005-10-10,2005-10-27,OPTSTK,BPCL,320.0,PA,0.0,0.0,0.0,7.7,0.05,0.0,0.0,0.0
2005-10-10,2005-10-27,OPTSTK,BPCL,330.0,PA,0.0,0.0,0.0,8.55,0.1,0.0,0.0,0.0
2005-10-10,2005-10-27,OPTSTK,BPCL,340.0,PA,0.0,0.0,0.0,5.75,0.2,0.0,0.0,0.0
2005-10-10,2005-10-27,OPTSTK,BPCL,350.0,PA,0.0,0.0,0.0,8.6,0.45,0.0,0.0,0.0
2005-10-10,2005-10-27,OPTSTK,BPCL,360.0,PA,0.0,0.0,0.0,12.25,1.0,0.0,0.0,0.0
2005-10-10,2005-10-27,OPTSTK,BPCL,370.0,PA,0.0,0.0,0.0,16.8,1.95,0.0,0.0,0.0
2005-10-10,2005-10-27,OPTSTK,BPCL,380.0,PA,0.0,0.0,0.0,22.2,3.6,0.0,0.0,0.0
2005-10-10,2005-10-27,OPTSTK,BPCL,390.0,PA,0.0,0.0,0.0,28.45,6.05,0.0,0.0,0.0
2005-10-10,2005-10-27,OPTSTK,BPCL,400.0,PA,0.0,0.0,0.0,3.3,9.5,0.0,0.0,1100.0
2005-10-10,2005-10-27,OPTSTK,BPCL,410.0,PA,0.0,0.0,0.0,32.8,14.1,0.0,0.0,0.0
2005-10-10,2005-10-27,OPTSTK,BPCL,420.0,PA,0.0,0.0,0.0,39.4,19.8,0.0,0.0,0.0
2005-10-10,2005-10-27,OPTSTK,BPCL,430.0,PA,0.0,0.0,0.0,35.4,26.55,0.0,0.0,0.0
2005-10-10,2005-10-27,OPTSTK,BPCL,440.0,PA,0.0,0.0,0.0,41.95,34.15,0.0,0.0,0.0
2005-10-10,2005-10-27,OPTSTK,BPCL,450.0,PA,0.0,0.0,0.0,40.65,42.5,0.0,0.0,0.0
2005-10-10,2005-11-24,OPTSTK,BPCL,330.0,CA,0.0,0.0,0.0,39.75,82.8,0.0,0.0,0.0
2005-10-10,2005-11-24,OPTSTK,BPCL,340.0,CA,0.0,0.0,0.0,33.15,73.65,0.0,0.0,0.0
2005-10-10,2005-11-24,OPTSTK,BPCL,350.0,CA,0.0,0.0,0.0,27.3,64.9,0.0,0.0,0.0
2005-10-10,2005-11-24,OPTSTK,BPCL,360.0,CA,0.0,0.0,0.0,22.15,56.6,0.0,0.0,0.0
2005-10-10,2005-11-24,OPTSTK,BPCL,370.0,CA,0.0,0.0,0.0,17.75,48.8,0.0,0.0,0.0
2005-10-10,2005-11-24,OPTSTK,BPCL,380.0,CA,0.0,0.0,0.0,14.05,41.6,0.0,0.0,0.0
2005-10-10,2005-11-24,OPTSTK,BPCL,390.0,CA,0.0,0.0,0.0,11.0,35.05,0.0,0.0,0.0
2005-10-10,2005-11-24,OPTSTK,BPCL,400.0,CA,0.0,0.0,0.0,16.6,29.2,0.0,0.0,0.0
2005-10-10,2005-11-24,OPTSTK,BPCL,410.0,CA,0.0,0.0,0.0,21.45,24.0,0.0,0.0,0.0
2005-10-10,2005-11-24,OPTSTK,BPCL,420.0,CA,0.0,0.0,0.0,21.15,19.55,0.0,0.0,0.0
2005-10-10,2005-11-24,OPTSTK,BPCL,430.0,CA,0.0,0.0,0.0,27.1,15.7,0.0,0.0,0.0
2005-10-10,2005-11-24,OPTSTK,BPCL,440.0,CA,0.0,0.0,0.0,23.45,12.45,0.0,0.0,0.0
2005-10-10,2005-11-24,OPTSTK,BPCL,450.0,CA,0.0,0.0,0.0,17.45,9.8,0.0,0.0,0.0
2005-10-10,2005-11-24,OPTSTK,BPCL,330.0,PA,0.0,0.0,0.0,8.5,1.3,0.0,0.0,0.0
2005-10-10,2005-11-24,OPTSTK,BPCL,340.0,PA,0.0,0.0,0.0,11.75,2.1,0.0,0.0,0.0
2005-10-10,2005-11-24,OPTSTK,BPCL,350.0,PA,0.0,0.0,0.0,15.75,3.25,0.0,0.0,0.0
2005-10-10,2005-11-24,OPTSTK,BPCL,360.0,PA,0.0,0.0,0.0,20.45,4.9,0.0,0.0,0.0
2005-10-10,2005-11-24,OPTSTK,BPCL,370.0,PA,0.0,0.0,0.0,25.9,7.0,0.0,0.0,0.0
2005-10-10,2005-11-24,OPTSTK,BPCL,380.0,PA,0.0,0.0,0.0,32.05,9.75,0.0,0.0,0.0
2005-10-10,2005-11-24,OPTSTK,BPCL,390.0,PA,0.0,0.0,0.0,38.85,13.1,0.0,0.0,0.0
2005-10-10,2005-11-24,OPTSTK,BPCL,400.0,PA,0.0,0.0,0.0,39.45,17.2,0.0,0.0,0.0
2005-10-10,2005-11-24,OPTSTK,BPCL,410.0,PA,0.0,0.0,0.0,41.65,21.95,0.0,0.0,0.0
2005-10-10,2005-11-24,OPTSTK,BPCL,420.0,PA,0.0,0.0,0.0,50.9,27.35,0.0,0.0,0.0
2005-10-10,2005-11-24,OPTSTK,BPCL,430.0,PA,0.0,0.0,0.0,42.2,33.45,0.0,0.0,0.0
2005-10-10,2005-11-24,OPTSTK,BPCL,440.0,PA,0.0,0.0,0.0,48.45,40.15,0.0,0.0,0.0
2005-10-10,2005-11-24,OPTSTK,BPCL,450.0,PA,0.0,0.0,0.0,46.7,47.45,0.0,0.0,0.0
2005-10-10,2005-12-29,OPTSTK,BPCL,370.0,CA,0.0,0.0,0.0,56.35,56.1,0.0,0.0,0.0
2005-10-10,2005-12-29,OPTSTK,BPCL,380.0,CA,0.0,0.0,0.0,55.35,49.45,0.0,0.0,0.0
2005-10-10,2005-12-29,OPTSTK,BPCL,390.0,CA,0.0,0.0,0.0,49.35,43.4,0.0,0.0,0.0
2005-10-10,2005-12-29,OPTSTK,BPCL,400.0,CA,0.0,0.0,0.0,43.8,37.8,0.0,0.0,0.0
2005-10-10,2005-12-29,OPTSTK,BPCL,410.0,CA,0.0,0.0,0.0,38.75,32.75,0.0,0.0,0.0
2005-10-10,2005-12-29,OPTSTK,BPCL,420.0,CA,0.0,0.0,0.0,34.15,28.2,0.0,0.0,0.0
2005-10-10,2005-12-29,OPTSTK,BPCL,430.0,CA,0.0,0.0,0.0,29.95,24.15,0.0,0.0,0.0
2005-10-10,2005-12-29,OPTSTK,BPCL,440.0,CA,0.0,0.0,0.0,26.15,20.6,0.0,0.0,0.0
2005-10-10,2005-12-29,OPTSTK,BPCL,450.0,CA,0.0,0.0,0.0,25.05,17.45,0.0,0.0,0.0
2005-10-10,2005-12-29,OPTSTK,BPCL,370.0,PA,0.0,0.0,0.0,15.95,12.2,0.0,0.0,0.0
2005-10-10,2005-12-29,OPTSTK,BPCL,380.0,PA,0.0,0.0,0.0,18.25,15.45,0.0,0.0,0.0
2005-10-10,2005-12-29,OPTSTK,BPCL,390.0,PA,0.0,0.0,0.0,22.1,19.2,0.0,0.0,0.0
2005-10-10,2005-12-29,OPTSTK,BPCL,400.0,PA,0.0,0.0,0.0,26.45,23.5,0.0,0.0,0.0
2005-10-10,2005-12-29,OPTSTK,BPCL,410.0,PA,0.0,0.0,0.0,31.2,28.35,0.0,0.0,0.0
2005-10-10,2005-12-29,OPTSTK,BPCL,420.0,PA,0.0,0.0,0.0,36.45,33.65,0.0,0.0,0.0
2005-10-10,2005-12-29,OPTSTK,BPCL,430.0,PA,0.0,0.0,0.0,42.1,39.5,0.0,0.0,0.0
2005-10-10,2005-12-29,OPTSTK,BPCL,440.0,PA,0.0,0.0,0.0,48.15,45.75,0.0,0.0,0.0
2005-10-10,2005-12-29,OPTSTK,BPCL,450.0,PA,0.0,0.0,0.0,44.35,52.5,0.0,0.0,0.0
2005-10-10,2005-10-27,OPTSTK,CANBK,200.0,CA,0.0,0.0,0.0,24.75,20.25,0.0,0.0,0.0
2005-10-10,2005-10-27,OPTSTK,CANBK,205.0,CA,0.0,0.0,0.0,24.95,16.05,0.0,0.0,0.0
2005-10-10,2005-10-27,OPTSTK,CANBK,210.0,CA,0.0,0.0,0.0,21.7,12.3,0.0,0.0,0.0
2005-10-10,2005-10-27,OPTSTK,CANBK,215.0,CA,0.0,0.0,0.0,28.25,9.1,0.0,0.0,0.0
2005-10-10,2005-10-27,OPTSTK,CANBK,220.0,CA,7.75,7.75,7.5,7.7,7.7,3.0,10.92,4800.0
2005-10-10,2005-10-27,OPTSTK,CANBK,225.0,CA,0.0,0.0,0.0,27.75,4.4,0.0,0.0,0.0
2005-10-10,2005-10-27,OPTSTK,CANBK,230.0,CA,4.0,4.0,4.0,4.0,4.0,1.0,3.74,8000.0
2005-10-10,2005-10-27,OPTSTK,CANBK,235.0,CA,0.0,0.0,0.0,28.4,1.8,0.0,0.0,0.0
2005-10-10,2005-10-27,OPTSTK,CANBK,240.0,CA,2.4,2.4,1.5,1.5,1.5,3.0,11.6,30400.0
2005-10-10,2005-10-27,OPTSTK,CANBK,245.0,CA,0.0,0.0,0.0,22.7,0.65,0.0,0.0,0.0
2005-10-10,2005-10-27,OPTSTK,CANBK,250.0,CA,0.0,0.0,0.0,1.7,0.35,0.0,0.0,1600.0
2005-10-10,2005-10-27,OPTSTK,CANBK,255.0,CA,0.0,0.0,0.0,17.85,0.2,0.0,0.0,0.0
2005-10-10,2005-10-27,OPTSTK,CANBK,260.0,CA,0.0,0.0,0.0,15.75,0.1,0.0,0.0,0.0
2005-10-10,2005-10-27,OPTSTK,CANBK,265.0,CA,0.0,0.0,0.0,13.85,0.05,0.0,0.0,0.0
2005-10-10,2005-10-27,OPTSTK,CANBK,270.0,CA,0.0,0.0,0.0,15.4,0.05,0.0,0.0,0.0
2005-10-10,2005-10-27,OPTSTK,CANBK,280.0,CA,0.0,0.0,0.0,11.95,0.0,0.0,0.0,0.0
2005-10-10,2005-10-27,OPTSTK,CANBK,290.0,CA,0.0,0.0,0.0,9.15,0.0,0.0,0.0,0.0
2005-10-10,2005-10-27,OPTSTK,CANBK,200.0,PA,0.0,0.0,0.0,5.8,0.95,0.0,0.0,0.0
2005-10-10,2005-10-27,OPTSTK,CANBK,205.0,PA,0.0,0.0,0.0,6.1,1.75,0.0,0.0,0.0
2005-10-10,2005-10-27,OPTSTK,CANBK,210.0,PA,0.0,0.0,0.0,7.85,2.95,0.0,0.0,0.0
2005-10-10,2005-10-27,OPTSTK,CANBK,215.0,PA,0.0,0.0,0.0,8.35,4.75,0.0,0.0,0.0
2005-10-10,2005-10-27,OPTSTK,CANBK,220.0,PA,0.0,0.0,0.0,2.0,7.1,0.0,0.0,1600.0
2005-10-10,2005-10-27,OPTSTK,CANBK,225.0,PA,10.0,10.25,10.0,10.25,10.25,5.0,18.8,8000.0
2005-10-10,2005-10-27,OPTSTK,CANBK,230.0,PA,0.0,0.0,0.0,10.5,13.45,0.0,0.0,1600.0
2005-10-10,2005-10-27,OPTSTK,CANBK,235.0,PA,0.0,0.0,0.0,10.35,17.4,0.0,0.0,0.0
2005-10-10,2005-10-27,OPTSTK,CANBK,240.0,PA,0.0,0.0,0.0,12.35,21.65,0.0,0.0,0.0
2005-10-10,2005-10-27,OPTSTK,CANBK,245.0,PA,0.0,0.0,0.0,14.55,26.2,0.0,0.0,0.0
2005-10-10,2005-10-27,OPTSTK,CANBK,250.0,PA,0.0,0.0,0.0,16.95,30.9,0.0,0.0,0.0
2005-10-10,2005-10-27,OPTSTK,CANBK,255.0,PA,0.0,0.0,0.0,19.55,35.75,0.0,0.0,0.0
2005-10-10,2005-10-27,OPTSTK,CANBK,260.0,PA,0.0,0.0,0.0,22.35,40.65,0.0,0.0,0.0
2005-10-10,2005-10-27,OPTSTK,CANBK,265.0,PA,0.0,0.0,0.0,25.4,45.6,0.0,0.0,0.0
2005-10-10,2005-10-27,OPTSTK,CANBK,270.0,PA,0.0,0.0,0.0,24.9,50.55,0.0,0.0,0.0
2005-10-10,2005-10-27,OPTSTK,CANBK,280.0,PA,0.0,0.0,0.0,31.3,60.5,0.0,0.0,0.0
2005-10-10,2005-10-27,OPTSTK,CANBK,290.0,PA,0.0,0.0,0.0,38.35,70.45,0.0,0.0,0.0
2005-10-10,2005-11-24,OPTSTK,CANBK,200.0,CA,0.0,0.0,0.0,27.45,23.6,0.0,0.0,0.0
2005-10-10,2005-11-24,OPTSTK,CANBK,205.0,CA,0.0,0.0,0.0,24.85,19.95,0.0,0.0,0.0
2005-10-10,2005-11-24,OPTSTK,CANBK,210.0,CA,0.0,0.0,0.0,21.9,16.65,0.0,0.0,0.0
2005-10-10,2005-11-24,OPTSTK,CANBK,215.0,CA,0.0,0.0,0.0,19.2,13.75,0.0,0.0,0.0
2005-10-10,2005-11-24,OPTSTK,CANBK,220.0,CA,0.0,0.0,0.0,16.7,11.15,0.0,0.0,0.0
2005-10-10,2005-11-24,OPTSTK,CANBK,225.0,CA,0.0,0.0,0.0,14.5,8.95,0.0,0.0,0.0
2005-10-10,2005-11-24,OPTSTK,CANBK,230.0,CA,0.0,0.0,0.0,12.5,7.1,0.0,0.0,0.0
2005-10-10,2005-11-24,OPTSTK,CANBK,235.0,CA,0.0,0.0,0.0,10.7,5.55,0.0,0.0,0.0
2005-10-10,2005-11-24,OPTSTK,CANBK,240.0,CA,0.0,0.0,0.0,11.1,4.3,0.0,0.0,0.0
2005-10-10,2005-11-24,OPTSTK,CANBK,245.0,CA,0.0,0.0,0.0,11.5,3.25,0.0,0.0,0.0
2005-10-10,2005-11-24,OPTSTK,CANBK,250.0,CA,0.0,0.0,0.0,10.95,2.45,0.0,0.0,0.0
2005-10-10,2005-11-24,OPTSTK,CANBK,255.0,CA,0.0,0.0,0.0,10.1,1.8,0.0,0.0,0.0
2005-10-10,2005-11-24,OPTSTK,CANBK,260.0,CA,0.0,0.0,0.0,8.95,1.35,0.0,0.0,0.0
2005-10-10,2005-11-24,OPTSTK,CANBK,265.0,CA,0.0,0.0,0.0,8.3,0.95,0.0,0.0,0.0
2005-10-10,2005-11-24,OPTSTK,CANBK,200.0,PA,0.0,0.0,0.0,7.45,3.3,0.0,0.0,0.0
2005-10-10,2005-11-24,OPTSTK,CANBK,205.0,PA,0.0,0.0,0.0,8.7,4.65,0.0,0.0,0.0
2005-10-10,2005-11-24,OPTSTK,CANBK,210.0,PA,0.0,0.0,0.0,10.65,6.3,0.0,0.0,0.0
2005-10-10,2005-11-24,OPTSTK,CANBK,215.0,PA,0.0,0.0,0.0,12.9,8.35,0.0,0.0,0.0
2005-10-10,2005-11-24,OPTSTK,CANBK,220.0,PA,0.0,0.0,0.0,15.35,10.75,0.0,0.0,0.0
2005-10-10,2005-11-24,OPTSTK,CANBK,225.0,PA,0.0,0.0,0.0,18.05,13.5,0.0,0.0,0.0
2005-10-10,2005-11-24,OPTSTK,CANBK,230.0,PA,0.0,0.0,0.0,20.95,16.6,0.0,0.0,0.0
2005-10-10,2005-11-24,OPTSTK,CANBK,235.0,PA,0.0,0.0,0.0,24.1,20.0,0.0,0.0,0.0
2005-10-10,2005-11-24,OPTSTK,CANBK,240.0,PA,0.0,0.0,0.0,24.55,23.7,0.0,0.0,0.0
2005-10-10,2005-11-24,OPTSTK,CANBK,245.0,PA,0.0,0.0,0.0,22.8,27.65,0.0,0.0,0.0
2005-10-10,2005-11-24,OPTSTK,CANBK,250.0,PA,0.0,0.0,0.0,21.8,31.8,0.0,0.0,0.0
2005-10-10,2005-11-24,OPTSTK,CANBK,255.0,PA,0.0,0.0,0.0,22.55,36.15,0.0,0.0,0.0
2005-10-10,2005-11-24,OPTSTK,CANBK,260.0,PA,0.0,0.0,0.0,21.8,40.6,0.0,0.0,0.0
2005-10-10,2005-11-24,OPTSTK,CANBK,265.0,PA,0.0,0.0,0.0,21.1,45.2,0.0,0.0,0.0
2005-10-10,2005-12-29,OPTSTK,CANBK,205.0,CA,0.0,0.0,0.0,0.0,0.0,0.0,0.0,0.0
2005-10-10,2005-12-29,OPTSTK,CANBK,210.0,CA,0.0,0.0,0.0,24.65,20.75,0.0,0.0,0.0
2005-10-10,2005-12-29,OPTSTK,CANBK,215.0,CA,0.0,0.0,0.0,25.3,17.95,0.0,0.0,0.0
2005-10-10,2005-12-29,OPTSTK,CANBK,220.0,CA,0.0,0.0,0.0,22.2,15.4,0.0,0.0,0.0
2005-10-10,2005-12-29,OPTSTK,CANBK,225.0,CA,0.0,0.0,0.0,19.35,13.15,0.0,0.0,0.0
2005-10-10,2005-12-29,OPTSTK,CANBK,230.0,CA,0.0,0.0,0.0,16.75,11.15,0.0,0.0,0.0
2005-10-10,2005-12-29,OPTSTK,CANBK,235.0,CA,0.0,0.0,0.0,14.4,9.4,0.0,0.0,0.0
2005-10-10,2005-12-29,OPTSTK,CANBK,240.0,CA,0.0,0.0,0.0,12.35,7.85,0.0,0.0,0.0
2005-10-10,2005-12-29,OPTSTK,CANBK,245.0,CA,0.0,0.0,0.0,10.5,6.55,0.0,0.0,0.0
2005-10-10,2005-12-29,OPTSTK,CANBK,250.0,CA,0.0,0.0,0.0,9.15,5.4,0.0,0.0,0.0
2005-10-10,2005-12-29,OPTSTK,CANBK,255.0,CA,0.0,0.0,0.0,10.3,4.45,0.0,0.0,0.0
2005-10-10,2005-12-29,OPTSTK,CANBK,205.0,PA,0.0,0.0,0.0,0.0,0.0,0.0,0.0,0.0
2005-10-10,2005-12-29,OPTSTK,CANBK,210.0,PA,0.0,0.0,0.0,7.1,9.2,0.0,0.0,0.0
2005-10-10,2005-12-29,OPTSTK,CANBK,215.0,PA,0.0,0.0,0.0,7.4,11.3,0.0,0.0,0.0
2005-10-10,2005-12-29,OPTSTK,CANBK,220.0,PA,0.0,0.0,0.0,9.25,13.75,0.0,0.0,0.0
2005-10-10,2005-12-29,OPTSTK,CANBK,225.0,PA,0.0,0.0,0.0,11.3,16.4,0.0,0.0,0.0
2005-10-10,2005-12-29,OPTSTK,CANBK,230.0,PA,0.0,0.0,0.0,13.65,19.35,0.0,0.0,0.0
2005-10-10,2005-12-29,OPTSTK,CANBK,235.0,PA,0.0,0.0,0.0,16.25,22.5,0.0,0.0,0.0
2005-10-10,2005-12-29,OPTSTK,CANBK,240.0,PA,0.0,0.0,0.0,19.1,25.9,0.0,0.0,0.0
2005-10-10,2005-12-29,OPTSTK,CANBK,245.0,PA,0.0,0.0,0.0,22.2,29.55,0.0,0.0,0.0
2005-10-10,2005-12-29,OPTSTK,CANBK,250.0,PA,0.0,0.0,0.0,22.35,33.35,0.0,0.0,0.0
2005-10-10,2005-12-29,OPTSTK,CANBK,255.0,PA,0.0,0.0,0.0,22.5,37.3,0.0,0.0,0.0
2005-10-10,2005-10-27,OPTSTK,CENTURYTEX,260.0,CA,0.0,0.0,0.0,45.9,73.3,0.0,0.0,0.0
2005-10-10,2005-10-27,OPTSTK,CENTURYTEX,270.0,CA,0.0,0.0,0.0,44.95,63.5,0.0,0.0,0.0
2005-10-10,2005-10-27,OPTSTK,CENTURYTEX,280.0,CA,0.0,0.0,0.0,39.1,53.9,0.0,0.0,0.0
2005-10-10,2005-10-27,OPTSTK,CENTURYTEX,290.0,CA,0.0,0.0,0.0,33.85,44.7,0.0,0.0,0.0
2005-10-10,2005-10-27,OPTSTK,CENTURYTEX,300.0,CA,0.0,0.0,0.0,38.95,36.1,0.0,0.0,5950.0
2005-10-10,2005-10-27,OPTSTK,CENTURYTEX,310.0,CA,0.0,0.0,0.0,49.8,28.25,0.0,0.0,7650.0
2005-10-10,2005-10-27,OPTSTK,CENTURYTEX,320.0,CA,15.0,15.0,15.0,15.0,15.0,1.0,2.84,3400.0
2005-10-10,2005-10-27,OPTSTK,CENTURYTEX,330.0,CA,15.0,15.0,12.0,12.0,12.0,2.0,5.83,28050.0
2005-10-10,2005-10-27,OPTSTK,CENTURYTEX,340.0,CA,11.0,11.0,7.0,7.7,7.7,28.0,82.98,147050.0
2005-10-10,2005-10-27,OPTSTK,CENTURYTEX,350.0,CA,6.5,6.5,5.0,5.5,5.5,9.0,27.2,119000.0
2005-10-10,2005-10-27,OPTSTK,CENTURYTEX,360.0,CA,0.0,0.0,0.0,4.55,5.0,0.0,0.0,58650.0
2005-10-10,2005-10-27,OPTSTK,CENTURYTEX,370.0,CA,0.0,0.0,0.0,3.95,3.2,0.0,0.0,11050.0
2005-10-10,2005-10-27,OPTSTK,CENTURYTEX,380.0,CA,0.0,0.0,0.0,3.0,1.95,0.0,0.0,14450.0
2005-10-10,2005-10-27,OPTSTK,CENTURYTEX,260.0,PA,0.0,0.0,0.0,9.5,0.1,0.0,0.0,0.0
2005-10-10,2005-10-27,OPTSTK,CENTURYTEX,270.0,PA,0.0,0.0,0.0,15.1,0.3,0.0,0.0,0.0
2005-10-10,2005-10-27,OPTSTK,CENTURYTEX,280.0,PA,0.0,0.0,0.0,19.1,0.7,0.0,0.0,0.0
2005-10-10,2005-10-27,OPTSTK,CENTURYTEX,290.0,PA,0.0,0.0,0.0,23.65,1.45,0.0,0.0,0.0
2005-10-10,2005-10-27,OPTSTK,CENTURYTEX,300.0,PA,0.0,0.0,0.0,1.9,2.8,0.0,0.0,3400.0
2005-10-10,2005-10-27,OPTSTK,CENTURYTEX,310.0,PA,0.0,0.0,0.0,4.2,4.95,0.0,0.0,850.0
2005-10-10,2005-10-27,OPTSTK,CENTURYTEX,320.0,PA,0.0,0.0,0.0,5.0,8.1,0.0,0.0,5100.0
2005-10-10,2005-10-27,OPTSTK,CENTURYTEX,330.0,PA,0.0,0.0,0.0,8.1,12.35,0.0,0.0,13600.0
2005-10-10,2005-10-27,OPTSTK,CENTURYTEX,340.0,PA,0.0,0.0,0.0,8.0,17.7,0.0,0.0,2550.0
2005-10-10,2005-10-27,OPTSTK,CENTURYTEX,350.0,PA,0.0,0.0,0.0,13.0,24.15,0.0,0.0,1700.0
2005-10-10,2005-10-27,OPTSTK,CENTURYTEX,360.0,PA,0.0,0.0,0.0,49.25,31.55,0.0,0.0,0.0
2005-10-10,2005-10-27,OPTSTK,CENTURYTEX,370.0,PA,0.0,0.0,0.0,55.7,39.7,0.0,0.0,0.0
2005-10-10,2005-10-27,OPTSTK,CENTURYTEX,380.0,PA,0.0,0.0,0.0,39.45,48.5,0.0,0.0,0.0
2005-10-10,2005-11-24,OPTSTK,CENTURYTEX,260.0,CA,0.0,0.0,0.0,50.55,76.0,0.0,0.0,0.0
2005-10-10,2005-11-24,OPTSTK,CENTURYTEX,270.0,CA,0.0,0.0,0.0,44.2,67.1,0.0,0.0,0.0
2005-10-10,2005-11-24,OPTSTK,CENTURYTEX,280.0,CA,0.0,0.0,0.0,38.4,58.6,0.0,0.0,0.0
2005-10-10,2005-11-24,OPTSTK,CENTURYTEX,290.0,CA,0.0,0.0,0.0,33.2,50.6,0.0,0.0,0.0
2005-10-10,2005-11-24,OPTSTK,CENTURYTEX,300.0,CA,0.0,0.0,0.0,28.5,43.25,0.0,0.0,0.0
2005-10-10,2005-11-24,OPTSTK,CENTURYTEX,310.0,CA,0.0,0.0,0.0,24.35,36.5,0.0,0.0,0.0
2005-10-10,2005-11-24,OPTSTK,CENTURYTEX,320.0,CA,0.0,0.0,0.0,20.7,30.5,0.0,0.0,0.0
2005-10-10,2005-11-24,OPTSTK,CENTURYTEX,330.0,CA,0.0,0.0,0.0,23.6,25.15,0.0,0.0,0.0
2005-10-10,2005-11-24,OPTSTK,CENTURYTEX,340.0,CA,0.0,0.0,0.0,20.3,20.55,0.0,0.0,0.0
2005-10-10,2005-11-24,OPTSTK,CENTURYTEX,350.0,CA,0.0,0.0,0.0,12.5,16.6,0.0,0.0,0.0
2005-10-10,2005-11-24,OPTSTK,CENTURYTEX,360.0,CA,0.0,0.0,0.0,10.75,13.25,0.0,0.0,0.0
2005-10-10,2005-11-24,OPTSTK,CENTURYTEX,370.0,CA,0.0,0.0,0.0,16.6,10.5,0.0,0.0,0.0
2005-10-10,2005-11-24,OPTSTK,CENTURYTEX,380.0,CA,0.0,0.0,0.0,12.8,8.2,0.0,0.0,0.0
2005-10-10,2005-11-24,OPTSTK,CENTURYTEX,260.0,PA,0.0,0.0,0.0,11.9,1.6,0.0,0.0,0.0
2005-10-10,2005-11-24,OPTSTK,CENTURYTEX,270.0,PA,0.0,0.0,0.0,15.4,2.6,0.0,0.0,0.0
2005-10-10,2005-11-24,OPTSTK,CENTURYTEX,280.0,PA,0.0,0.0,0.0,19.45,4.0,0.0,0.0,0.0
2005-10-10,2005-11-24,OPTSTK,CENTURYTEX,290.0,PA,0.0,0.0,0.0,24.05,5.95,0.0,0.0,0.0
2005-10-10,2005-11-24,OPTSTK,CENTURYTEX,300.0,PA,0.0,0.0,0.0,29.25,8.55,0.0,0.0,0.0
2005-10-10,2005-11-24,OPTSTK,CENTURYTEX,310.0,PA,0.0,0.0,0.0,34.95,11.7,0.0,0.0,0.0
2005-10-10,2005-11-24,OPTSTK,CENTURYTEX,320.0,PA,0.0,0.0,0.0,41.15,15.6,0.0,0.0,0.0
2005-10-10,2005-11-24,OPTSTK,CENTURYTEX,330.0,PA,0.0,0.0,0.0,42.05,20.2,0.0,0.0,0.0
2005-10-10,2005-11-24,OPTSTK,CENTURYTEX,340.0,PA,0.0,0.0,0.0,48.55,25.5,0.0,0.0,0.0
2005-10-10,2005-11-24,OPTSTK,CENTURYTEX,350.0,PA,0.0,0.0,0.0,42.95,31.5,0.0,0.0,0.0
2005-10-10,2005-11-24,OPTSTK,CENTURYTEX,360.0,PA,0.0,0.0,0.0,38.95,38.1,0.0,0.0,0.0
2005-10-10,2005-11-24,OPTSTK,CENTURYTEX,370.0,PA,0.0,0.0,0.0,38.45,45.25,0.0,0.0,0.0
2005-10-10,2005-11-24,OPTSTK,CENTURYTEX,380.0,PA,0.0,0.0,0.0,43.25,52.9,0.0,0.0,0.0
2005-10-10,2005-12-29,OPTSTK,CENTURYTEX,300.0,CA,0.0,0.0,0.0,52.95,50.45,0.0,0.0,0.0
2005-10-10,2005-12-29,OPTSTK,CENTURYTEX,310.0,CA,0.0,0.0,0.0,47.15,44.3,0.0,0.0,0.0
2005-10-10,2005-12-29,OPTSTK,CENTURYTEX,320.0,CA,0.0,0.0,0.0,41.8,38.65,0.0,0.0,0.0
2005-10-10,2005-12-29,OPTSTK,CENTURYTEX,330.0,CA,0.0,0.0,0.0,36.9,33.55,0.0,0.0,0.0
2005-10-10,2005-12-29,OPTSTK,CENTURYTEX,340.0,CA,0.0,0.0,0.0,32.45,28.95,0.0,0.0,0.0
2005-10-10,2005-12-29,OPTSTK,CENTURYTEX,350.0,CA,0.0,0.0,0.0,28.45,24.9,0.0,0.0,0.0
2005-10-10,2005-12-29,OPTSTK,CENTURYTEX,360.0,CA,0.0,0.0,0.0,24.9,21.25,0.0,0.0,0.0
2005-10-10,2005-12-29,OPTSTK,CENTURYTEX,370.0,CA,0.0,0.0,0.0,26.05,18.1,0.0,0.0,0.0
2005-10-10,2005-12-29,OPTSTK,CENTURYTEX,380.0,CA,0.0,0.0,0.0,26.55,15.35,0.0,0.0,0.0
2005-10-10,2005-12-29,OPTSTK,CENTURYTEX,300.0,PA,0.0,0.0,0.0,18.1,14.05,0.0,0.0,0.0
2005-10-10,2005-12-29,OPTSTK,CENTURYTEX,310.0,PA,0.0,0.0,0.0,22.1,17.75,0.0,0.0,0.0
2005-10-10,2005-12-29,OPTSTK,CENTURYTEX,320.0,PA,0.0,0.0,0.0,26.6,21.95,0.0,0.0,0.0
2005-10-10,2005-12-29,OPTSTK,CENTURYTEX,330.0,PA,0.0,0.0,0.0,31.6,26.7,0.0,0.0,0.0
2005-10-10,2005-12-29,OPTSTK,CENTURYTEX,340.0,PA,0.0,0.0,0.0,37.0,32.0,0.0,0.0,0.0
2005-10-10,2005-12-29,OPTSTK,CENTURYTEX,350.0,PA,0.0,0.0,0.0,42.85,37.8,0.0,0.0,0.0
2005-10-10,2005-12-29,OPTSTK,CENTURYTEX,360.0,PA,0.0,0.0,0.0,49.1,44.05,0.0,0.0,0.0
2005-10-10,2005-12-29,OPTSTK,CENTURYTEX,370.0,PA,0.0,0.0,0.0,49.95,50.75,0.0,0.0,0.0
2005-10-10,2005-12-29,OPTSTK,CENTURYTEX,380.0,PA,0.0,0.0,0.0,50.5,57.85,0.0,0.0,0.0
2005-10-10,2005-10-27,OPTSTK,CESC,195.0,CA,0.0,0.0,0.0,25.8,28.45,0.0,0.0,0.0
2005-10-10,2005-10-27,OPTSTK,CESC,200.0,CA,0.0,0.0,0.0,22.7,23.95,0.0,0.0,0.0
2005-10-10,2005-10-27,OPTSTK,CESC,205.0,CA,0.0,0.0,0.0,19.85,19.75,0.0,0.0,0.0
2005-10-10,2005-10-27,OPTSTK,CESC,210.0,CA,0.0,0.0,0.0,17.3,15.9,0.0,0.0,0.0
2005-10-10,2005-10-27,OPTSTK,CESC,215.0,CA,0.0,0.0,0.0,14.95,12.5,0.0,0.0,0.0
2005-10-10,2005-10-27,OPTSTK,CESC,220.0,CA,8.1,8.1,8.1,8.1,8.1,1.0,2.5,13200.0
2005-10-10,2005-10-27,OPTSTK,CESC,225.0,CA,0.0,0.0,0.0,11.0,7.1,0.0,0.0,0.0
2005-10-10,2005-10-27,OPTSTK,CESC,230.0,CA,5.25,5.9,5.25,5.25,5.25,3.0,7.77,41800.0
2005-10-10,2005-10-27,OPTSTK,CESC,235.0,CA,0.0,0.0,0.0,11.75,3.65,0.0,0.0,0.0
2005-10-10,2005-10-27,OPTSTK,CESC,240.0,CA,3.0,3.0,3.0,3.0,3.0,1.0,2.67,19800.0
2005-10-10,2005-10-27,OPTSTK,CESC,245.0,CA,0.0,0.0,0.0,12.45,1.65,0.0,0.0,0.0
2005-10-10,2005-10-27,OPTSTK,CESC,250.0,CA,0.0,0.0,0.0,3.5,1.1,0.0,0.0,2200.0
2005-10-10,2005-10-27,OPTSTK,CESC,255.0,CA,0.0,0.0,0.0,8.4,0.7,0.0,0.0,0.0
2005-10-10,2005-10-27,OPTSTK,CESC,260.0,CA,0.0,0.0,0.0,9.45,0.45,0.0,0.0,0.0
2005-10-10,2005-10-27,OPTSTK,CESC,195.0,PA,0.0,0.0,0.0,7.55,0.6,0.0,0.0,0.0
2005-10-10,2005-10-27,OPTSTK,CESC,200.0,PA,0.0,0.0,0.0,9.4,1.1,0.0,0.0,0.0
2005-10-10,2005-10-27,OPTSTK,CESC,205.0,PA,0.0,0.0,0.0,11.5,1.9,0.0,0.0,0.0
2005-10-10,2005-10-27,OPTSTK,CESC,210.0,PA,3.5,3.5,3.5,3.5,3.5,1.0,2.34,2200.0
2005-10-10,2005-10-27,OPTSTK,CESC,215.0,PA,0.0,0.0,0.0,16.45,4.65,0.0,0.0,0.0
2005-10-10,2005-10-27,OPTSTK,CESC,220.0,PA,0.0,0.0,0.0,19.3,6.7,0.0,0.0,0.0
2005-10-10,2005-10-27,OPTSTK,CESC,225.0,PA,0.0,0.0,0.0,22.35,9.25,0.0,0.0,0.0
2005-10-10,2005-10-27,OPTSTK,CESC,230.0,PA,0.0,0.0,0.0,22.15,12.25,0.0,0.0,0.0
2005-10-10,2005-10-27,OPTSTK,CESC,235.0,PA,0.0,0.0,0.0,23.35,15.7,0.0,0.0,0.0
2005-10-10,2005-10-27,OPTSTK,CESC,240.0,PA,0.0,0.0,0.0,5.0,19.55,0.0,0.0,1100.0
2005-10-10,2005-10-27,OPTSTK,CESC,245.0,PA,0.0,0.0,0.0,24.25,23.75,0.0,0.0,0.0
2005-10-10,2005-10-27,OPTSTK,CESC,250.0,PA,0.0,0.0,0.0,22.8,28.15,0.0,0.0,0.0
2005-10-10,2005-10-27,OPTSTK,CESC,255.0,PA,0.0,0.0,0.0,23.55,32.75,0.0,0.0,0.0
2005-10-10,2005-10-27,OPTSTK,CESC,260.0,PA,0.0,0.0,0.0,23.0,37.45,0.0,0.0,0.0
2005-10-10,2005-11-24,OPTSTK,CESC,195.0,CA,0.0,0.0,0.0,23.35,31.65,0.0,0.0,0.0
2005-10-10,2005-11-24,OPTSTK,CESC,200.0,CA,0.0,0.0,0.0,20.35,27.8,0.0,0.0,0.0
2005-10-10,2005-11-24,OPTSTK,CESC,205.0,CA,0.0,0.0,0.0,17.6,24.2,0.0,0.0,0.0
2005-10-10,2005-11-24,OPTSTK,CESC,210.0,CA,0.0,0.0,0.0,15.1,20.85,0.0,0.0,0.0
2005-10-10,2005-11-24,OPTSTK,CESC,215.0,CA,0.0,0.0,0.0,12.9,17.8,0.0,0.0,0.0
2005-10-10,2005-11-24,OPTSTK,CESC,220.0,CA,0.0,0.0,0.0,10.95,15.1,0.0,0.0,0.0
2005-10-10,2005-11-24,OPTSTK,CESC,225.0,CA,0.0,0.0,0.0,9.2,12.65,0.0,0.0,0.0
2005-10-10,2005-11-24,OPTSTK,CESC,230.0,CA,0.0,0.0,0.0,10.35,10.55,0.0,0.0,0.0
2005-10-10,2005-11-24,OPTSTK,CESC,235.0,CA,0.0,0.0,0.0,13.15,8.7,0.0,0.0,0.0
2005-10-10,2005-11-24,OPTSTK,CESC,240.0,CA,0.0,0.0,0.0,11.35,7.1,0.0,0.0,0.0
2005-10-10,2005-11-24,OPTSTK,CESC,245.0,CA,0.0,0.0,0.0,16.3,5.8,0.0,0.0,0.0
2005-10-10,2005-11-24,OPTSTK,CESC,250.0,CA,0.0,0.0,0.0,14.4,4.65,0.0,0.0,0.0
2005-10-10,2005-11-24,OPTSTK,CESC,255.0,CA,0.0,0.0,0.0,12.1,3.7,0.0,0.0,0.0
2005-10-10,2005-11-24,OPTSTK,CESC,260.0,CA,0.0,0.0,0.0,13.4,2.95,0.0,0.0,0.0
2005-10-10,2005-11-24,OPTSTK,CESC,195.0,PA,0.0,0.0,0.0,7.5,2.9,0.0,0.0,0.0
2005-10-10,2005-11-24,OPTSTK,CESC,200.0,PA,0.0,0.0,0.0,9.4,4.0,0.0,0.0,0.0
2005-10-10,2005-11-24,OPTSTK,CESC,205.0,PA,0.0,0.0,0.0,11.6,5.35,0.0,0.0,0.0
2005-10-10,2005-11-24,OPTSTK,CESC,210.0,PA,0.0,0.0,0.0,14.05,7.0,0.0,0.0,0.0
2005-10-10,2005-11-24,OPTSTK,CESC,215.0,PA,0.0,0.0,0.0,16.75,8.95,0.0,0.0,0.0
2005-10-10,2005-11-24,OPTSTK,CESC,220.0,PA,0.0,0.0,0.0,19.7,11.15,0.0,0.0,0.0
2005-10-10,2005-11-24,OPTSTK,CESC,225.0,PA,0.0,0.0,0.0,22.9,13.7,0.0,0.0,0.0
2005-10-10,2005-11-24,OPTSTK,CESC,230.0,PA,0.0,0.0,0.0,23.2,16.55,0.0,0.0,0.0
2005-10-10,2005-11-24,OPTSTK,CESC,235.0,PA,0.0,0.0,0.0,21.25,19.65,0.0,0.0,0.0
2005-10-10,2005-11-24,OPTSTK,CESC,240.0,PA,0.0,0.0,0.0,24.4,23.05,0.0,0.0,0.0
2005-10-10,2005-11-24,OPTSTK,CESC,245.0,PA,0.0,0.0,0.0,22.5,26.65,0.0,0.0,0.0
2005-10-10,2005-11-24,OPTSTK,CESC,250.0,PA,0.0,0.0,0.0,25.5,30.5,0.0,0.0,0.0
2005-10-10,2005-11-24,OPTSTK,CESC,255.0,PA,0.0,0.0,0.0,26.1,34.5,0.0,0.0,0.0
2005-10-10,2005-11-24,OPTSTK,CESC,260.0,PA,0.0,0.0,0.0,25.8,38.7,0.0,0.0,0.0
2005-10-10,2005-12-29,OPTSTK,CESC,205.0,CA,0.0,0.0,0.0,28.85,28.6,0.0,0.0,0.0
2005-10-10,2005-12-29,OPTSTK,CESC,210.0,CA,0.0,0.0,0.0,29.45,25.5,0.0,0.0,0.0
2005-10-10,2005-12-29,OPTSTK,CESC,215.0,CA,0.0,0.0,0.0,26.65,22.65,0.0,0.0,0.0
2005-10-10,2005-12-29,OPTSTK,CESC,220.0,CA,0.0,0.0,0.0,24.0,20.05,0.0,0.0,0.0
2005-10-10,2005-12-29,OPTSTK,CESC,225.0,CA,0.0,0.0,0.0,21.6,17.65,0.0,0.0,0.0
2005-10-10,2005-12-29,OPTSTK,CESC,230.0,CA,0.0,0.0,0.0,19.35,15.45,0.0,0.0,0.0
2005-10-10,2005-12-29,OPTSTK,CESC,235.0,CA,0.0,0.0,0.0,17.3,13.5,0.0,0.0,0.0
2005-10-10,2005-12-29,OPTSTK,CESC,240.0,CA,0.0,0.0,0.0,15.4,11.75,0.0,0.0,0.0
2005-10-10,2005-12-29,OPTSTK,CESC,245.0,CA,0.0,0.0,0.0,15.4,10.15,0.0,0.0,0.0
2005-10-10,2005-12-29,OPTSTK,CESC,250.0,CA,0.0,0.0,0.0,13.85,8.75,0.0,0.0,0.0
2005-10-10,2005-12-29,OPTSTK,CESC,205.0,PA,0.0,0.0,0.0,10.3,8.6,0.0,0.0,0.0
2005-10-10,2005-12-29,OPTSTK,CESC,210.0,PA,0.0,0.0,0.0,12.15,10.45,0.0,0.0,0.0
2005-10-10,2005-12-29,OPTSTK,CESC,215.0,PA,0.0,0.0,0.0,14.25,12.55,0.0,0.0,0.0
2005-10-10,2005-12-29,OPTSTK,CESC,220.0,PA,0.0,0.0,0.0,16.55,14.85,0.0,0.0,0.0
2005-10-10,2005-12-29,OPTSTK,CESC,225.0,PA,0.0,0.0,0.0,19.05,17.4,0.0,0.0,0.0
2005-10-10,2005-12-29,OPTSTK,CESC,230.0,PA,0.0,0.0,0.0,21.75,20.15,0.0,0.0,0.0
2005-10-10,2005-12-29,OPTSTK,CESC,235.0,PA,0.0,0.0,0.0,24.6,23.1,0.0,0.0,0.0
2005-10-10,2005-12-29,OPTSTK,CESC,240.0,PA,0.0,0.0,0.0,27.65,26.3,0.0,0.0,0.0
2005-10-10,2005-12-29,OPTSTK,CESC,245.0,PA,0.0,0.0,0.0,26.0,29.65,0.0,0.0,0.0
2005-10-10,2005-12-29,OPTSTK,CESC,250.0,PA,0.0,0.0,0.0,27.45,33.2,0.0,0.0,0.0
2005-10-10,2005-10-27,OPTSTK,CHAMBLFERT,27.5,CA,0.0,0.0,0.0,7.15,9.55,0.0,0.0,0.0
2005-10-10,2005-10-27,OPTSTK,CHAMBLFERT,30.0,CA,0.0,0.0,0.0,5.25,7.05,0.0,0.0,0.0
2005-10-10,2005-10-27,OPTSTK,CHAMBLFERT,32.5,CA,0.0,0.0,0.0,3.65,4.7,0.0,0.0,0.0
2005-10-10,2005-10-27,OPTSTK,CHAMBLFERT,35.0,CA,0.0,0.0,0.0,3.95,2.7,0.0,0.0,20700.0
2005-10-10,2005-10-27,OPTSTK,CHAMBLFERT,37.5,CA,1.1,1.2,1.0,1.1,1.1,13.0,34.62,593400.0
2005-10-10,2005-10-27,OPTSTK,CHAMBLFERT,40.0,CA,0.45,0.65,0.45,0.6,0.6,11.0,30.74,910800.0
2005-10-10,2005-10-27,OPTSTK,CHAMBLFERT,42.5,CA,0.0,0.0,0.0,0.3,0.15,0.0,0.0,144900.0
2005-10-10,2005-10-27,OPTSTK,CHAMBLFERT,45.0,CA,0.0,0.0,0.0,0.2,0.05,0.0,0.0,34500.0
2005-10-10,2005-10-27,OPTSTK,CHAMBLFERT,47.5,CA,0.0,0.0,0.0,0.65,0.05,0.0,0.0,0.0
2005-10-10,2005-10-27,OPTSTK,CHAMBLFERT,50.0,CA,0.0,0.0,0.0,0.75,0.0,0.0,0.0,0.0
2005-10-10,2005-10-27,OPTSTK,CHAMBLFERT,27.5,PA,0.0,0.0,0.0,0.25,0.0,0.0,0.0,6900.0
2005-10-10,2005-10-27,OPTSTK,CHAMBLFERT,30.0,PA,0.0,0.0,0.0,1.05,0.05,0.0,0.0,0.0
2005-10-10,2005-10-27,OPTSTK,CHAMBLFERT,32.5,PA,0.0,0.0,0.0,0.3,0.15,0.0,0.0,13800.0
2005-10-10,2005-10-27,OPTSTK,CHAMBLFERT,35.0,PA,0.0,0.0,0.0,0.4,0.65,0.0,0.0,34500.0
2005-10-10,2005-10-27,OPTSTK,CHAMBLFERT,37.5,PA,0.0,0.0,0.0,1.3,1.7,0.0,0.0,62100.0
2005-10-10,2005-10-27,OPTSTK,CHAMBLFERT,40.0,PA,0.0,0.0,0.0,6.65,3.45,0.0,0.0,0.0
2005-10-10,2005-10-27,OPTSTK,CHAMBLFERT,42.5,PA,0.0,0.0,0.0,8.75,5.6,0.0,0.0,0.0
2005-10-10,2005-10-27,OPTSTK,CHAMBLFERT,45.0,PA,0.0,0.0,0.0,8.25,8.0,0.0,0.0,0.0
2005-10-10,2005-10-27,OPTSTK,CHAMBLFERT,47.5,PA,0.0,0.0,0.0,8.45,10.45,0.0,0.0,0.0
2005-10-10,2005-10-27,OPTSTK,CHAMBLFERT,50.0,PA,0.0,0.0,0.0,8.95,12.95,0.0,0.0,0.0
2005-10-10,2005-11-24,OPTSTK,CHAMBLFERT,27.5,CA,0.0,0.0,0.0,7.9,9.75,0.0,0.0,0.0
2005-10-10,2005-11-24,OPTSTK,CHAMBLFERT,30.0,CA,0.0,0.0,0.0,5.65,7.4,0.0,0.0,0.0
2005-10-10,2005-11-24,OPTSTK,CHAMBLFERT,32.5,CA,0.0,0.0,0.0,3.8,5.3,0.0,0.0,0.0
2005-10-10,2005-11-24,OPTSTK,CHAMBLFERT,35.0,CA,0.0,0.0,0.0,2.2,3.6,0.0,0.0,0.0
2005-10-10,2005-11-24,OPTSTK,CHAMBLFERT,37.5,CA,0.0,0.0,0.0,1.3,2.25,0.0,0.0,0.0
2005-10-10,2005-11-24,OPTSTK,CHAMBLFERT,40.0,CA,0.0,0.0,0.0,0.7,1.35,0.0,0.0,0.0
2005-10-10,2005-11-24,OPTSTK,CHAMBLFERT,42.5,CA,0.0,0.0,0.0,0.35,0.75,0.0,0.0,0.0
2005-10-10,2005-11-24,OPTSTK,CHAMBLFERT,45.0,CA,0.0,0.0,0.0,0.25,0.4,0.0,0.0,0.0
2005-10-10,2005-11-24,OPTSTK,CHAMBLFERT,47.5,CA,0.0,0.0,0.0,1.15,0.2,0.0,0.0,0.0
2005-10-10,2005-11-24,OPTSTK,CHAMBLFERT,50.0,CA,0.0,0.0,0.0,1.4,0.1,0.0,0.0,0.0
2005-10-10,2005-11-24,OPTSTK,CHAMBLFERT,27.5,PA,0.0,0.0,0.0,0.1,0.1,0.0,0.0,0.0
2005-10-10,2005-11-24,OPTSTK,CHAMBLFERT,30.0,PA,0.0,0.0,0.0,0.35,0.25,0.0,0.0,0.0
2005-10-10,2005-11-24,OPTSTK,CHAMBLFERT,32.5,PA,0.0,0.0,0.0,0.95,0.65,0.0,0.0,0.0
2005-10-10,2005-11-24,OPTSTK,CHAMBLFERT,35.0,PA,0.0,0.0,0.0,1.95,1.35,0.0,0.0,0.0
2005-10-10,2005-11-24,OPTSTK,CHAMBLFERT,37.5,PA,0.0,0.0,0.0,3.4,2.55,0.0,0.0,0.0
2005-10-10,2005-11-24,OPTSTK,CHAMBLFERT,40.0,PA,0.0,0.0,0.0,5.25,4.1,0.0,0.0,0.0
2005-10-10,2005-11-24,OPTSTK,CHAMBLFERT,42.5,PA,0.0,0.0,0.0,7.35,6.0,0.0,0.0,0.0
2005-10-10,2005-11-24,OPTSTK,CHAMBLFERT,45.0,PA,0.0,0.0,0.0,8.2,8.1,0.0,0.0,0.0
2005-10-10,2005-11-24,OPTSTK,CHAMBLFERT,47.5,PA,0.0,0.0,0.0,8.75,10.4,0.0,0.0,0.0
2005-10-10,2005-11-24,OPTSTK,CHAMBLFERT,50.0,PA,0.0,0.0,0.0,9.35,12.8,0.0,0.0,0.0
2005-10-10,2005-12-29,OPTSTK,CHAMBLFERT,30.0,CA,0.0,0.0,0.0,8.6,7.9,0.0,0.0,0.0
2005-10-10,2005-12-29,OPTSTK,CHAMBLFERT,32.5,CA,0.0,0.0,0.0,6.85,6.0,0.0,0.0,0.0
2005-10-10,2005-12-29,OPTSTK,CHAMBLFERT,35.0,CA,0.0,0.0,0.0,5.4,4.4,0.0,0.0,0.0
2005-10-10,2005-12-29,OPTSTK,CHAMBLFERT,37.5,CA,0.0,0.0,0.0,4.15,3.15,0.0,0.0,0.0
2005-10-10,2005-12-29,OPTSTK,CHAMBLFERT,40.0,CA,0.0,0.0,0.0,3.15,2.15,0.0,0.0,0.0
2005-10-10,2005-12-29,OPTSTK,CHAMBLFERT,42.5,CA,0.0,0.0,0.0,2.35,1.45,0.0,0.0,0.0
2005-10-10,2005-12-29,OPTSTK,CHAMBLFERT,45.0,CA,0.0,0.0,0.0,1.75,0.95,0.0,0.0,0.0
2005-10-10,2005-12-29,OPTSTK,CHAMBLFERT,30.0,PA,0.0,0.0,0.0,1.05,0.55,0.0,0.0,0.0
2005-10-10,2005-12-29,OPTSTK,CHAMBLFERT,32.5,PA,0.0,0.0,0.0,1.8,1.15,0.0,0.0,0.0
2005-10-10,2005-12-29,OPTSTK,CHAMBLFERT,35.0,PA,0.0,0.0,0.0,2.75,2.0,0.0,0.0,0.0
2005-10-10,2005-12-29,OPTSTK,CHAMBLFERT,37.5,PA,0.0,0.0,0.0,4.0,3.2,0.0,0.0,0.0
2005-10-10,2005-12-29,OPTSTK,CHAMBLFERT,40.0,PA,0.0,0.0,0.0,5.45,4.7,0.0,0.0,0.0
2005-10-10,2005-12-29,OPTSTK,CHAMBLFERT,42.5,PA,0.0,0.0,0.0,7.15,6.45,0.0,0.0,0.0
2005-10-10,2005-12-29,OPTSTK,CHAMBLFERT,45.0,PA,0.0,0.0,0.0,9.0,8.4,0.0,0.0,0.0
2005-10-10,2005-10-27,OPTSTK,CHENNPETRO,175.0,CA,0.0,0.0,0.0,22.35,90.35,0.0,0.0,0.0
2005-10-10,2005-10-27,OPTSTK,CHENNPETRO,180.0,CA,0.0,0.0,0.0,19.3,85.35,0.0,0.0,0.0
2005-10-10,2005-10-27,OPTSTK,CHENNPETRO,185.0,CA,0.0,0.0,0.0,16.5,80.35,0.0,0.0,0.0
2005-10-10,2005-10-27,OPTSTK,CHENNPETRO,190.0,CA,0.0,0.0,0.0,14.0,75.4,0.0,0.0,0.0
2005-10-10,2005-10-27,OPTSTK,CHENNPETRO,195.0,CA,0.0,0.0,0.0,11.8,70.45,0.0,0.0,0.0
2005-10-10,2005-10-27,OPTSTK,CHENNPETRO,200.0,CA,0.0,0.0,0.0,9.9,65.5,0.0,0.0,0.0
2005-10-10,2005-10-27,OPTSTK,CHENNPETRO,205.0,CA,0.0,0.0,0.0,8.2,60.65,0.0,0.0,0.0
2005-10-10,2005-10-27,OPTSTK,CHENNPETRO,210.0,CA,0.0,0.0,0.0,12.8,55.8,0.0,0.0,0.0
2005-10-10,2005-10-27,OPTSTK,CHENNPETRO,215.0,CA,0.0,0.0,0.0,11.05,51.05,0.0,0.0,0.0
2005-10-10,2005-10-27,OPTSTK,CHENNPETRO,220.0,CA,0.0,0.0,0.0,17.55,46.35,0.0,0.0,0.0
2005-10-10,2005-10-27,OPTSTK,CHENNPETRO,225.0,CA,0.0,0.0,0.0,15.65,41.85,0.0,0.0,0.0
2005-10-10,2005-10-27,OPTSTK,CHENNPETRO,230.0,CA,0.0,0.0,0.0,16.05,37.5,0.0,0.0,0.0
2005-10-10,2005-10-27,OPTSTK,CHENNPETRO,235.0,CA,0.0,0.0,0.0,21.45,33.3,0.0,0.0,0.0
2005-10-10,2005-10-27,OPTSTK,CHENNPETRO,240.0,CA,0.0,0.0,0.0,17.0,29.35,0.0,0.0,0.0
2005-10-10,2005-10-27,OPTSTK,CHENNPETRO,245.0,CA,0.0,0.0,0.0,17.3,25.65,0.0,0.0,0.0
2005-10-10,2005-10-27,OPTSTK,CHENNPETRO,250.0,CA,0.0,0.0,0.0,15.45,22.2,0.0,0.0,0.0
2005-10-10,2005-10-27,OPTSTK,CHENNPETRO,255.0,CA,0.0,0.0,0.0,10.45,19.05,0.0,0.0,0.0
2005-10-10,2005-10-27,OPTSTK,CHENNPETRO,260.0,CA,0.0,0.0,0.0,17.4,16.2,0.0,0.0,0.0
2005-10-10,2005-10-27,OPTSTK,CHENNPETRO,270.0,CA,0.0,0.0,0.0,13.55,11.4,0.0,0.0,0.0
2005-10-10,2005-10-27,OPTSTK,CHENNPETRO,280.0,CA,0.0,0.0,0.0,6.5,7.75,0.0,0.0,4750.0
2005-10-10,2005-10-27,OPTSTK,CHENNPETRO,290.0,CA,0.0,0.0,0.0,12.4,5.1,0.0,0.0,0.0
2005-10-10,2005-10-27,OPTSTK,CHENNPETRO,300.0,CA,0.0,0.0,0.0,9.65,3.2,0.0,0.0,0.0
2005-10-10,2005-10-27,OPTSTK,CHENNPETRO,175.0,PA,0.0,0.0,0.0,6.6,0.0,0.0,0.0,0.0
2005-10-10,2005-10-27,OPTSTK,CHENNPETRO,180.0,PA,0.0,0.0,0.0,8.45,0.05,0.0,0.0,0.0
2005-10-10,2005-10-27,OPTSTK,CHENNPETRO,185.0,PA,0.0,0.0,0.0,10.6,0.05,0.0,0.0,0.0
2005-10-10,2005-10-27,OPTSTK,CHENNPETRO,190.0,PA,0.0,0.0,0.0,13.05,0.05,0.0,0.0,0.0
2005-10-10,2005-10-27,OPTSTK,CHENNPETRO,195.0,PA,0.0,0.0,0.0,15.8,0.1,0.0,0.0,0.0
2005-10-10,2005-10-27,OPTSTK,CHENNPETRO,200.0,PA,0.0,0.0,0.0,18.8,0.15,0.0,0.0,0.0
2005-10-10,2005-10-27,OPTSTK,CHENNPETRO,205.0,PA,0.0,0.0,0.0,22.05,0.25,0.0,0.0,0.0
2005-10-10,2005-10-27,OPTSTK,CHENNPETRO,210.0,PA,0.0,0.0,0.0,21.7,0.4,0.0,0.0,0.0
2005-10-10,2005-10-27,OPTSTK,CHENNPETRO,215.0,PA,0.0,0.0,0.0,24.9,0.65,0.0,0.0,0.0
2005-10-10,2005-10-27,OPTSTK,CHENNPETRO,220.0,PA,0.0,0.0,0.0,24.1,0.95,0.0,0.0,0.0
2005-10-10,2005-10-27,OPTSTK,CHENNPETRO,225.0,PA,0.0,0.0,0.0,27.15,1.4,0.0,0.0,0.0
2005-10-10,2005-10-27,OPTSTK,CHENNPETRO,230.0,PA,0.0,0.0,0.0,27.3,2.05,0.0,0.0,0.0
2005-10-10,2005-10-27,OPTSTK,CHENNPETRO,235.0,PA,0.0,0.0,0.0,21.1,2.85,0.0,0.0,0.0
2005-10-10,2005-10-27,OPTSTK,CHENNPETRO,240.0,PA,0.0,0.0,0.0,23.9,3.9,0.0,0.0,0.0
2005-10-10,2005-10-27,OPTSTK,CHENNPETRO,245.0,PA,0.0,0.0,0.0,26.85,5.15,0.0,0.0,0.0
2005-10-10,2005-10-27,OPTSTK,CHENNPETRO,250.0,PA,0.0,0.0,0.0,30.0,6.7,0.0,0.0,0.0
2005-10-10,2005-10-27,OPTSTK,CHENNPETRO,255.0,PA,0.0,0.0,0.0,25.75,8.55,0.0,0.0,0.0
2005-10-10,2005-10-27,OPTSTK,CHENNPETRO,260.0,PA,0.0,0.0,0.0,3.5,10.7,0.0,0.0,950.0
2005-10-10,2005-10-27,OPTSTK,CHENNPETRO,270.0,PA,0.0,0.0,0.0,28.7,15.85,0.0,0.0,0.0
2005-10-10,2005-10-27,OPTSTK,CHENNPETRO,280.0,PA,0.0,0.0,0.0,10.0,22.2,0.0,0.0,950.0
2005-10-10,2005-10-27,OPTSTK,CHENNPETRO,290.0,PA,0.0,0.0,0.0,34.6,29.5,0.0,0.0,0.0
2005-10-10,2005-10-27,OPTSTK,CHENNPETRO,300.0,PA,0.0,0.0,0.0,41.8,37.6,0.0,0.0,0.0
2005-10-10,2005-11-24,OPTSTK,CHENNPETRO,180.0,CA,0.0,0.0,0.0,25.95,86.7,0.0,0.0,0.0
2005-10-10,2005-11-24,OPTSTK,CHENNPETRO,185.0,CA,0.0,0.0,0.0,22.7,81.95,0.0,0.0,0.0
2005-10-10,2005-11-24,OPTSTK,CHENNPETRO,190.0,CA,0.0,0.0,0.0,19.75,77.25,0.0,0.0,0.0
2005-10-10,2005-11-24,OPTSTK,CHENNPETRO,195.0,CA,0.0,0.0,0.0,17.05,72.6,0.0,0.0,0.0
2005-10-10,2005-11-24,OPTSTK,CHENNPETRO,200.0,CA,0.0,0.0,0.0,14.65,68.1,0.0,0.0,0.0
2005-10-10,2005-11-24,OPTSTK,CHENNPETRO,205.0,CA,0.0,0.0,0.0,12.5,63.7,0.0,0.0,0.0
2005-10-10,2005-11-24,OPTSTK,CHENNPETRO,210.0,CA,0.0,0.0,0.0,10.6,59.35,0.0,0.0,0.0
2005-10-10,2005-11-24,OPTSTK,CHENNPETRO,215.0,CA,0.0,0.0,0.0,10.5,55.2,0.0,0.0,0.0
2005-10-10,2005-11-24,OPTSTK,CHENNPETRO,220.0,CA,0.0,0.0,0.0,8.8,51.15,0.0,0.0,0.0
2005-10-10,2005-11-24,OPTSTK,CHENNPETRO,225.0,CA,0.0,0.0,0.0,12.85,47.3,0.0,0.0,0.0
2005-10-10,2005-11-24,OPTSTK,CHENNPETRO,230.0,CA,0.0,0.0,0.0,11.05,43.6,0.0,0.0,0.0
2005-10-10,2005-11-24,OPTSTK,CHENNPETRO,235.0,CA,0.0,0.0,0.0,26.7,40.05,0.0,0.0,0.0
2005-10-10,2005-11-24,OPTSTK,CHENNPETRO,240.0,CA,0.0,0.0,0.0,24.55,36.65,0.0,0.0,0.0
2005-10-10,2005-11-24,OPTSTK,CHENNPETRO,245.0,CA,0.0,0.0,0.0,22.5,33.5,0.0,0.0,0.0
2005-10-10,2005-11-24,OPTSTK,CHENNPETRO,250.0,CA,0.0,0.0,0.0,20.65,30.5,0.0,0.0,0.0
2005-10-10,2005-11-24,OPTSTK,CHENNPETRO,255.0,CA,0.0,0.0,0.0,15.35,27.7,0.0,0.0,0.0
2005-10-10,2005-11-24,OPTSTK,CHENNPETRO,260.0,CA,0.0,0.0,0.0,23.7,25.05,0.0,0.0,0.0
2005-10-10,2005-11-24,OPTSTK,CHENNPETRO,270.0,CA,0.0,0.0,0.0,19.8,20.4,0.0,0.0,0.0
2005-10-10,2005-11-24,OPTSTK,CHENNPETRO,280.0,CA,0.0,0.0,0.0,16.45,16.4,0.0,0.0,0.0
2005-10-10,2005-11-24,OPTSTK,CHENNPETRO,290.0,CA,0.0,0.0,0.0,19.3,13.05,0.0,0.0,0.0
2005-10-10,2005-11-24,OPTSTK,CHENNPETRO,300.0,CA,0.0,0.0,0.0,16.2,10.3,0.0,0.0,0.0
2005-10-10,2005-11-24,OPTSTK,CHENNPETRO,180.0,PA,0.0,0.0,0.0,6.2,0.5,0.0,0.0,0.0
2005-10-10,2005-11-24,OPTSTK,CHENNPETRO,185.0,PA,0.0,0.0,0.0,7.9,0.7,0.0,0.0,0.0
2005-10-10,2005-11-24,OPTSTK,CHENNPETRO,190.0,PA,0.0,0.0,0.0,9.9,1.0,0.0,0.0,0.0
2005-10-10,2005-11-24,OPTSTK,CHENNPETRO,195.0,PA,0.0,0.0,0.0,12.15,1.35,0.0,0.0,0.0
2005-10-10,2005-11-24,OPTSTK,CHENNPETRO,200.0,PA,0.0,0.0,0.0,14.65,1.75,0.0,0.0,0.0
2005-10-10,2005-11-24,OPTSTK,CHENNPETRO,205.0,PA,0.0,0.0,0.0,17.4,2.3,0.0,0.0,0.0
2005-10-10,2005-11-24,OPTSTK,CHENNPETRO,210.0,PA,0.0,0.0,0.0,20.45,2.95,0.0,0.0,0.0
2005-10-10,2005-11-24,OPTSTK,CHENNPETRO,215.0,PA,0.0,0.0,0.0,21.3,3.75,0.0,0.0,0.0
2005-10-10,2005-11-24,OPTSTK,CHENNPETRO,220.0,PA,0.0,0.0,0.0,22.5,4.7,0.0,0.0,0.0
2005-10-10,2005-11-24,OPTSTK,CHENNPETRO,225.0,PA,0.0,0.0,0.0,22.05,5.8,0.0,0.0,0.0
2005-10-10,2005-11-24,OPTSTK,CHENNPETRO,230.0,PA,0.0,0.0,0.0,25.25,7.05,0.0,0.0,0.0
2005-10-10,2005-11-24,OPTSTK,CHENNPETRO,235.0,PA,0.0,0.0,0.0,25.3,8.45,0.0,0.0,0.0
2005-10-10,2005-11-24,OPTSTK,CHENNPETRO,240.0,PA,0.0,0.0,0.0,28.05,10.05,0.0,0.0,0.0
2005-10-10,2005-11-24,OPTSTK,CHENNPETRO,245.0,PA,0.0,0.0,0.0,31.0,11.8,0.0,0.0,0.0
2005-10-10,2005-11-24,OPTSTK,CHENNPETRO,250.0,PA,0.0,0.0,0.0,34.05,13.8,0.0,0.0,0.0
2005-10-10,2005-11-24,OPTSTK,CHENNPETRO,255.0,PA,0.0,0.0,0.0,29.5,15.95,0.0,0.0,0.0
2005-10-10,2005-11-24,OPTSTK,CHENNPETRO,260.0,PA,0.0,0.0,0.0,27.7,18.3,0.0,0.0,0.0
2005-10-10,2005-11-24,OPTSTK,CHENNPETRO,270.0,PA,0.0,0.0,0.0,33.7,23.55,0.0,0.0,0.0
2005-10-10,2005-11-24,OPTSTK,CHENNPETRO,280.0,PA,0.0,0.0,0.0,40.2,29.45,0.0,0.0,0.0
2005-10-10,2005-11-24,OPTSTK,CHENNPETRO,290.0,PA,0.0,0.0,0.0,40.15,36.05,0.0,0.0,0.0
2005-10-10,2005-11-24,OPTSTK,CHENNPETRO,300.0,PA,0.0,0.0,0.0,46.95,43.25,0.0,0.0,0.0
2005-10-10,2005-12-29,OPTSTK,CHENNPETRO,230.0,CA,0.0,0.0,0.0,49.95,49.95,0.0,0.0,0.0
2005-10-10,2005-12-29,OPTSTK,CHENNPETRO,240.0,CA,0.0,0.0,0.0,44.5,43.7,0.0,0.0,0.0
2005-10-10,2005-12-29,OPTSTK,CHENNPETRO,250.0,CA,0.0,0.0,0.0,39.55,38.0,0.0,0.0,0.0
2005-10-10,2005-12-29,OPTSTK,CHENNPETRO,260.0,CA,0.0,0.0,0.0,35.0,32.85,0.0,0.0,0.0
2005-10-10,2005-12-29,OPTSTK,CHENNPETRO,270.0,CA,0.0,0.0,0.0,30.95,28.3,0.0,0.0,0.0
2005-10-10,2005-12-29,OPTSTK,CHENNPETRO,280.0,CA,0.0,0.0,0.0,27.3,24.25,0.0,0.0,0.0
2005-10-10,2005-12-29,OPTSTK,CHENNPETRO,290.0,CA,0.0,0.0,0.0,24.05,20.7,0.0,0.0,0.0
2005-10-10,2005-12-29,OPTSTK,CHENNPETRO,300.0,CA,0.0,0.0,0.0,27.55,17.55,0.0,0.0,0.0
2005-10-10,2005-12-29,OPTSTK,CHENNPETRO,230.0,PA,0.0,0.0,0.0,19.9,12.1,0.0,0.0,0.0
2005-10-10,2005-12-29,OPTSTK,CHENNPETRO,240.0,PA,0.0,0.0,0.0,24.3,15.7,0.0,0.0,0.0
2005-10-10,2005-12-29,OPTSTK,CHENNPETRO,250.0,PA,0.0,0.0,0.0,29.2,19.85,0.0,0.0,0.0
2005-10-10,2005-12-29,OPTSTK,CHENNPETRO,260.0,PA,0.0,0.0,0.0,34.55,24.6,0.0,0.0,0.0
2005-10-10,2005-12-29,OPTSTK,CHENNPETRO,270.0,PA,0.0,0.0,0.0,40.35,29.9,0.0,0.0,0.0
2005-10-10,2005-12-29,OPTSTK,CHENNPETRO,280.0,PA,0.0,0.0,0.0,46.5,35.75,0.0,0.0,0.0
2005-10-10,2005-12-29,OPTSTK,CHENNPETRO,290.0,PA,0.0,0.0,0.0,53.1,42.05,0.0,0.0,0.0
2005-10-10,2005-12-29,OPTSTK,CHENNPETRO,300.0,PA,0.0,0.0,0.0,49.3,48.8,0.0,0.0,0.0
2005-10-10,2005-10-27,OPTSTK,CIPLA,290.0,CA,10.7,10.7,10.7,10.7,10.7,1.0,3.0,1000.0
2005-10-10,2005-10-27,OPTSTK,CIPLA,300.0,CA,0.0,0.0,0.0,42.55,64.1,0.0,0.0,0.0
2005-10-10,2005-10-27,OPTSTK,CIPLA,310.0,CA,0.0,0.0,0.0,38.2,54.3,0.0,0.0,0.0
2005-10-10,2005-10-27,OPTSTK,CIPLA,320.0,CA,0.0,0.0,0.0,31.35,44.7,0.0,0.0,0.0
2005-10-10,2005-10-27,OPTSTK,CIPLA,330.0,CA,0.0,0.0,0.0,25.3,35.6,0.0,0.0,0.0
2005-10-10,2005-10-27,OPTSTK,CIPLA,340.0,CA,0.0,0.0,0.0,20.1,27.2,0.0,0.0,0.0
2005-10-10,2005-10-27,OPTSTK,CIPLA,350.0,CA,0.0,0.0,0.0,15.65,19.85,0.0,0.0,0.0
2005-10-10,2005-10-27,OPTSTK,CIPLA,360.0,CA,10.7,10.7,10.7,10.7,10.7,1.0,3.7,3000.0
2005-10-10,2005-10-27,OPTSTK,CIPLA,370.0,CA,7.0,10.0,7.0,10.0,10.0,4.0,15.17,10000.0
2005-10-10,2005-10-27,OPTSTK,CIPLA,380.0,CA,0.0,0.0,0.0,7.0,5.6,0.0,0.0,20000.0
2005-10-10,2005-10-27,OPTSTK,CIPLA,390.0,CA,0.0,0.0,0.0,4.0,3.3,0.0,0.0,13000.0
2005-10-10,2005-10-27,OPTSTK,CIPLA,400.0,CA,0.0,0.0,0.0,5.5,1.85,0.0,0.0,13000.0
2005-10-10,2005-10-27,OPTSTK,CIPLA,410.0,CA,0.0,0.0,0.0,6.45,0.95,0.0,0.0,0.0
2005-10-10,2005-10-27,OPTSTK,CIPLA,420.0,CA,0.0,0.0,0.0,5.7,0.5,0.0,0.0,0.0
2005-10-10,2005-10-27,OPTSTK,CIPLA,290.0,PA,0.0,0.0,0.0,5.25,0.05,0.0,0.0,0.0
2005-10-10,2005-10-27,OPTSTK,CIPLA,300.0,PA,0.0,0.0,0.0,4.5,0.1,0.0,0.0,0.0
2005-10-10,2005-10-27,OPTSTK,CIPLA,310.0,PA,0.0,0.0,0.0,6.65,0.25,0.0,0.0,0.0
2005-10-10,2005-10-27,OPTSTK,CIPLA,320.0,PA,0.0,0.0,0.0,9.65,0.65,0.0,0.0,0.0
2005-10-10,2005-10-27,OPTSTK,CIPLA,330.0,PA,0.0,0.0,0.0,13.5,1.5,0.0,0.0,0.0
2005-10-10,2005-10-27,OPTSTK,CIPLA,340.0,PA,0.0,0.0,0.0,18.1,3.05,0.0,0.0,0.0
2005-10-10,2005-10-27,OPTSTK,CIPLA,350.0,PA,0.0,0.0,0.0,23.55,5.7,0.0,0.0,0.0
2005-10-10,2005-10-27,OPTSTK,CIPLA,360.0,PA,0.0,0.0,0.0,4.75,9.6,0.0,0.0,2000.0
2005-10-10,2005-10-27,OPTSTK,CIPLA,370.0,PA,0.0,0.0,0.0,36.65,14.85,0.0,0.0,0.0
2005-10-10,2005-10-27,OPTSTK,CIPLA,380.0,PA,0.0,0.0,0.0,12.5,21.4,0.0,0.0,1000.0
2005-10-10,2005-10-27,OPTSTK,CIPLA,390.0,PA,0.0,0.0,0.0,37.8,29.05,0.0,0.0,0.0
2005-10-10,2005-10-27,OPTSTK,CIPLA,400.0,PA,0.0,0.0,0.0,39.35,37.55,0.0,0.0,0.0
2005-10-10,2005-10-27,OPTSTK,CIPLA,410.0,PA,0.0,0.0,0.0,25.0,46.65,0.0,0.0,1000.0
2005-10-10,2005-10-27,OPTSTK,CIPLA,420.0,PA,0.0,0.0,0.0,33.5,56.15,0.0,0.0,0.0
2005-10-10,2005-11-24,OPTSTK,CIPLA,310.0,CA,0.0,0.0,0.0,45.0,57.65,0.0,0.0,0.0
2005-10-10,2005-11-24,OPTSTK,CIPLA,320.0,CA,0.0,0.0,0.0,45.9,49.1,0.0,0.0,0.0
2005-10-10,2005-11-24,OPTSTK,CIPLA,330.0,CA,0.0,0.0,0.0,39.4,41.15,0.0,0.0,0.0
2005-10-10,2005-11-24,OPTSTK,CIPLA,340.0,CA,0.0,0.0,0.0,33.45,33.9,0.0,0.0,0.0
2005-10-10,2005-11-24,OPTSTK,CIPLA,350.0,CA,0.0,0.0,0.0,28.2,27.45,0.0,0.0,0.0
2005-10-10,2005-11-24,OPTSTK,CIPLA,360.0,CA,0.0,0.0,0.0,23.55,21.85,0.0,0.0,0.0
2005-10-10,2005-11-24,OPTSTK,CIPLA,370.0,CA,0.0,0.0,0.0,19.5,17.05,0.0,0.0,0.0
2005-10-10,2005-11-24,OPTSTK,CIPLA,380.0,CA,0.0,0.0,0.0,16.0,13.05,0.0,0.0,0.0
2005-10-10,2005-11-24,OPTSTK,CIPLA,390.0,CA,0.0,0.0,0.0,10.9,9.85,0.0,0.0,0.0
2005-10-10,2005-11-24,OPTSTK,CIPLA,400.0,CA,0.0,0.0,0.0,12.25,7.3,0.0,0.0,0.0
2005-10-10,2005-11-24,OPTSTK,CIPLA,410.0,CA,0.0,0.0,0.0,12.95,5.3,0.0,0.0,0.0
2005-10-10,2005-11-24,OPTSTK,CIPLA,420.0,CA,0.0,0.0,0.0,12.65,3.8,0.0,0.0,0.0
2005-10-10,2005-11-24,OPTSTK,CIPLA,310.0,PA,0.0,0.0,0.0,8.9,2.1,0.0,0.0,0.0
2005-10-10,2005-11-24,OPTSTK,CIPLA,320.0,PA,0.0,0.0,0.0,10.15,3.5,0.0,0.0,0.0
2005-10-10,2005-11-24,OPTSTK,CIPLA,330.0,PA,0.0,0.0,0.0,13.5,5.5,0.0,0.0,0.0
2005-10-10,2005-11-24,OPTSTK,CIPLA,340.0,PA,0.0,0.0,0.0,17.4,8.15,0.0,0.0,0.0
2005-10-10,2005-11-24,OPTSTK,CIPLA,350.0,PA,0.0,0.0,0.0,22.0,11.6,0.0,0.0,0.0
2005-10-10,2005-11-24,OPTSTK,CIPLA,360.0,PA,0.0,0.0,0.0,27.2,15.9,0.0,0.0,0.0
2005-10-10,2005-11-24,OPTSTK,CIPLA,370.0,PA,0.0,0.0,0.0,33.0,21.05,0.0,0.0,0.0
2005-10-10,2005-11-24,OPTSTK,CIPLA,380.0,PA,0.0,0.0,0.0,39.35,27.0,0.0,0.0,0.0
2005-10-10,2005-11-24,OPTSTK,CIPLA,390.0,PA,0.0,0.0,0.0,40.7,33.7,0.0,0.0,0.0
2005-10-10,2005-11-24,OPTSTK,CIPLA,400.0,PA,0.0,0.0,0.0,42.05,41.1,0.0,0.0,0.0
2005-10-10,2005-11-24,OPTSTK,CIPLA,410.0,PA,0.0,0.0,0.0,38.4,49.05,0.0,0.0,0.0
2005-10-10,2005-11-24,OPTSTK,CIPLA,420.0,PA,0.0,0.0,0.0,38.35,57.45,0.0,0.0,0.0
2005-10-10,2005-12-29,OPTSTK,CIPLA,330.0,CA,0.0,0.0,0.0,0.0,0.0,0.0,0.0,0.0
2005-10-10,2005-12-29,OPTSTK,CIPLA,340.0,CA,0.0,0.0,0.0,44.15,40.5,0.0,0.0,0.0
2005-10-10,2005-12-29,OPTSTK,CIPLA,350.0,CA,0.0,0.0,0.0,49.25,34.5,0.0,0.0,0.0
2005-10-10,2005-12-29,OPTSTK,CIPLA,360.0,CA,0.0,0.0,0.0,42.95,29.05,0.0,0.0,0.0
2005-10-10,2005-12-29,OPTSTK,CIPLA,370.0,CA,0.0,0.0,0.0,37.25,24.3,0.0,0.0,0.0
2005-10-10,2005-12-29,OPTSTK,CIPLA,380.0,CA,0.0,0.0,0.0,32.05,20.1,0.0,0.0,0.0
2005-10-10,2005-12-29,OPTSTK,CIPLA,390.0,CA,0.0,0.0,0.0,27.45,16.5,0.0,0.0,0.0
2005-10-10,2005-12-29,OPTSTK,CIPLA,400.0,CA,0.0,0.0,0.0,23.3,13.45,0.0,0.0,0.0
2005-10-10,2005-12-29,OPTSTK,CIPLA,410.0,CA,0.0,0.0,0.0,19.7,10.85,0.0,0.0,0.0
2005-10-10,2005-12-29,OPTSTK,CIPLA,420.0,CA,0.0,0.0,0.0,19.75,8.7,0.0,0.0,0.0
2005-10-10,2005-12-29,OPTSTK,CIPLA,330.0,PA,0.0,0.0,0.0,0.0,0.0,0.0,0.0,0.0
2005-10-10,2005-12-29,OPTSTK,CIPLA,340.0,PA,0.0,0.0,0.0,12.6,12.8,0.0,0.0,0.0
2005-10-10,2005-12-29,OPTSTK,CIPLA,350.0,PA,0.0,0.0,0.0,13.25,16.65,0.0,0.0,0.0
2005-10-10,2005-12-29,OPTSTK,CIPLA,360.0,PA,0.0,0.0,0.0,16.85,21.1,0.0,0.0,0.0
2005-10-10,2005-12-29,OPTSTK,CIPLA,370.0,PA,0.0,0.0,0.0,21.0,26.2,0.0,0.0,0.0
2005-10-10,2005-12-29,OPTSTK,CIPLA,380.0,PA,0.0,0.0,0.0,25.65,31.85,0.0,0.0,0.0
2005-10-10,2005-12-29,OPTSTK,CIPLA,390.0,PA,0.0,0.0,0.0,30.9,38.15,0.0,0.0,0.0
2005-10-10,2005-12-29,OPTSTK,CIPLA,400.0,PA,0.0,0.0,0.0,36.6,44.95,0.0,0.0,0.0
2005-10-10,2005-12-29,OPTSTK,CIPLA,410.0,PA,0.0,0.0,0.0,42.85,52.25,0.0,0.0,0.0
2005-10-10,2005-12-29,OPTSTK,CIPLA,420.0,PA,0.0,0.0,0.0,43.1,59.95,0.0,0.0,0.0
2005-10-10,2005-10-27,OPTSTK,COCHINREFN,135.0,CA,0.0,0.0,0.0,17.35,36.75,0.0,0.0,0.0
2005-10-10,2005-10-27,OPTSTK,COCHINREFN,140.0,CA,0.0,0.0,0.0,13.35,31.8,0.0,0.0,0.0
2005-10-10,2005-10-27,OPTSTK,COCHINREFN,145.0,CA,0.0,0.0,0.0,9.9,26.85,0.0,0.0,0.0
2005-10-10,2005-10-27,OPTSTK,COCHINREFN,150.0,CA,0.0,0.0,0.0,7.05,21.95,0.0,0.0,0.0
2005-10-10,2005-10-27,OPTSTK,COCHINREFN,155.0,CA,0.0,0.0,0.0,4.8,17.25,0.0,0.0,0.0
2005-10-10,2005-10-27,OPTSTK,COCHINREFN,160.0,CA,0.0,0.0,0.0,3.15,12.9,0.0,0.0,0.0
2005-10-10,2005-10-27,OPTSTK,COCHINREFN,165.0,CA,0.0,0.0,0.0,1.95,9.1,0.0,0.0,0.0
2005-10-10,2005-10-27,OPTSTK,COCHINREFN,170.0,CA,0.0,0.0,0.0,8.0,6.0,0.0,0.0,6500.0
2005-10-10,2005-10-27,OPTSTK,COCHINREFN,175.0,CA,0.0,0.0,0.0,4.95,3.65,0.0,0.0,2600.0
2005-10-10,2005-10-27,OPTSTK,COCHINREFN,180.0,CA,0.0,0.0,0.0,5.4,2.1,0.0,0.0,3900.0
2005-10-10,2005-10-27,OPTSTK,COCHINREFN,185.0,CA,0.0,0.0,0.0,3.95,1.1,0.0,0.0,0.0
2005-10-10,2005-10-27,OPTSTK,COCHINREFN,190.0,CA,0.0,0.0,0.0,2.5,0.55,0.0,0.0,0.0
2005-10-10,2005-10-27,OPTSTK,COCHINREFN,195.0,CA,0.0,0.0,0.0,1.45,0.25,0.0,0.0,0.0
2005-10-10,2005-10-27,OPTSTK,COCHINREFN,135.0,PA,0.0,0.0,0.0,1.05,0.0,0.0,0.0,0.0
2005-10-10,2005-10-27,OPTSTK,COCHINREFN,140.0,PA,0.0,0.0,0.0,2.0,0.05,0.0,0.0,0.0
2005-10-10,2005-10-27,OPTSTK,COCHINREFN,145.0,PA,0.0,0.0,0.0,3.45,0.05,0.0,0.0,0.0
2005-10-10,2005-10-27,OPTSTK,COCHINREFN,150.0,PA,0.0,0.0,0.0,5.5,0.15,0.0,0.0,0.0
2005-10-10,2005-10-27,OPTSTK,COCHINREFN,155.0,PA,0.0,0.0,0.0,8.2,0.45,0.0,0.0,0.0
2005-10-10,2005-10-27,OPTSTK,COCHINREFN,160.0,PA,0.0,0.0,0.0,11.45,1.1,0.0,0.0,0.0
2005-10-10,2005-10-27,OPTSTK,COCHINREFN,165.0,PA,0.0,0.0,0.0,15.2,2.25,0.0,0.0,0.0
2005-10-10,2005-10-27,OPTSTK,COCHINREFN,170.0,PA,0.0,0.0,0.0,17.0,4.15,0.0,0.0,0.0
2005-10-10,2005-10-27,OPTSTK,COCHINREFN,175.0,PA,0.0,0.0,0.0,17.95,6.8,0.0,0.0,0.0
2005-10-10,2005-10-27,OPTSTK,COCHINREFN,180.0,PA,0.0,0.0,0.0,21.2,10.25,0.0,0.0,0.0
2005-10-10,2005-10-27,OPTSTK,COCHINREFN,185.0,PA,0.0,0.0,0.0,16.1,14.2,0.0,0.0,0.0
2005-10-10,2005-10-27,OPTSTK,COCHINREFN,190.0,PA,0.0,0.0,0.0,15.1,18.65,0.0,0.0,0.0
2005-10-10,2005-10-27,OPTSTK,COCHINREFN,195.0,PA,0.0,0.0,0.0,17.65,23.35,0.0,0.0,0.0
2005-10-10,2005-11-24,OPTSTK,COCHINREFN,135.0,CA,0.0,0.0,0.0,20.1,37.55,0.0,0.0,0.0
2005-10-10,2005-11-24,OPTSTK,COCHINREFN,140.0,CA,0.0,0.0,0.0,16.55,32.75,0.0,0.0,0.0
2005-10-10,2005-11-24,OPTSTK,COCHINREFN,145.0,CA,0.0,0.0,0.0,13.4,28.1,0.0,0.0,0.0
2005-10-10,2005-11-24,OPTSTK,COCHINREFN,150.0,CA,0.0,0.0,0.0,10.65,23.65,0.0,0.0,0.0
2005-10-10,2005-11-24,OPTSTK,COCHINREFN,155.0,CA,0.0,0.0,0.0,8.35,19.5,0.0,0.0,0.0
2005-10-10,2005-11-24,OPTSTK,COCHINREFN,160.0,CA,0.0,0.0,0.0,6.4,15.75,0.0,0.0,0.0
2005-10-10,2005-11-24,OPTSTK,COCHINREFN,165.0,CA,0.0,0.0,0.0,4.85,12.4,0.0,0.0,0.0
2005-10-10,2005-11-24,OPTSTK,COCHINREFN,170.0,CA,0.0,0.0,0.0,5.55,9.5,0.0,0.0,0.0
2005-10-10,2005-11-24,OPTSTK,COCHINREFN,175.0,CA,0.0,0.0,0.0,6.6,7.15,0.0,0.0,0.0
2005-10-10,2005-11-24,OPTSTK,COCHINREFN,180.0,CA,0.0,0.0,0.0,4.8,5.2,0.0,0.0,0.0
2005-10-10,2005-11-24,OPTSTK,COCHINREFN,185.0,CA,0.0,0.0,0.0,6.65,3.75,0.0,0.0,0.0
2005-10-10,2005-11-24,OPTSTK,COCHINREFN,190.0,CA,0.0,0.0,0.0,5.25,2.6,0.0,0.0,0.0
2005-10-10,2005-11-24,OPTSTK,COCHINREFN,195.0,CA,0.0,0.0,0.0,3.95,1.8,0.0,0.0,0.0
2005-10-10,2005-11-24,OPTSTK,COCHINREFN,135.0,PA,0.0,0.0,0.0,2.8,0.15,0.0,0.0,0.0
2005-10-10,2005-11-24,OPTSTK,COCHINREFN,140.0,PA,0.0,0.0,0.0,4.15,0.3,0.0,0.0,0.0
2005-10-10,2005-11-24,OPTSTK,COCHINREFN,145.0,PA,0.0,0.0,0.0,5.95,0.6,0.0,0.0,0.0
2005-10-10,2005-11-24,OPTSTK,COCHINREFN,150.0,PA,0.0,0.0,0.0,8.1,1.15,0.0,0.0,0.0
2005-10-10,2005-11-24,OPTSTK,COCHINREFN,155.0,PA,0.0,0.0,0.0,10.75,1.95,0.0,0.0,0.0
2005-10-10,2005-11-24,OPTSTK,COCHINREFN,160.0,PA,0.0,0.0,0.0,13.75,3.15,0.0,0.0,0.0
2005-10-10,2005-11-24,OPTSTK,COCHINREFN,165.0,PA,0.0,0.0,0.0,17.1,4.75,0.0,0.0,0.0
2005-10-10,2005-11-24,OPTSTK,COCHINREFN,170.0,PA,0.0,0.0,0.0,18.2,6.85,0.0,0.0,0.0
2005-10-10,2005-11-24,OPTSTK,COCHINREFN,175.0,PA,0.0,0.0,0.0,17.85,9.45,0.0,0.0,0.0
2005-10-10,2005-11-24,OPTSTK,COCHINREFN,180.0,PA,0.0,0.0,0.0,19.85,12.5,0.0,0.0,0.0
2005-10-10,2005-11-24,OPTSTK,COCHINREFN,185.0,PA,0.0,0.0,0.0,17.95,15.95,0.0,0.0,0.0
2005-10-10,2005-11-24,OPTSTK,COCHINREFN,190.0,PA,0.0,0.0,0.0,16.95,19.8,0.0,0.0,0.0
2005-10-10,2005-11-24,OPTSTK,COCHINREFN,195.0,PA,0.0,0.0,0.0,19.15,23.95,0.0,0.0,0.0
2005-10-10,2005-12-29,OPTSTK,COCHINREFN,155.0,CA,0.0,0.0,0.0,22.4,22.05,0.0,0.0,0.0
2005-10-10,2005-12-29,OPTSTK,COCHINREFN,160.0,CA,0.0,0.0,0.0,18.95,18.55,0.0,0.0,0.0
2005-10-10,2005-12-29,OPTSTK,COCHINREFN,165.0,CA,0.0,0.0,0.0,15.9,15.45,0.0,0.0,0.0
2005-10-10,2005-12-29,OPTSTK,COCHINREFN,170.0,CA,0.0,0.0,0.0,13.15,12.7,0.0,0.0,0.0
2005-10-10,2005-12-29,OPTSTK,COCHINREFN,175.0,CA,0.0,0.0,0.0,10.8,10.3,0.0,0.0,0.0
2005-10-10,2005-12-29,OPTSTK,COCHINREFN,180.0,CA,0.0,0.0,0.0,8.75,8.25,0.0,0.0,0.0
2005-10-10,2005-12-29,OPTSTK,COCHINREFN,185.0,CA,0.0,0.0,0.0,7.0,6.55,0.0,0.0,0.0
2005-10-10,2005-12-29,OPTSTK,COCHINREFN,190.0,CA,0.0,0.0,0.0,8.2,5.1,0.0,0.0,0.0
2005-10-10,2005-12-29,OPTSTK,COCHINREFN,195.0,CA,0.0,0.0,0.0,6.7,3.95,0.0,0.0,0.0
2005-10-10,2005-12-29,OPTSTK,COCHINREFN,155.0,PA,0.0,0.0,0.0,3.95,3.6,0.0,0.0,0.0
2005-10-10,2005-12-29,OPTSTK,COCHINREFN,160.0,PA,0.0,0.0,0.0,5.45,5.1,0.0,0.0,0.0
2005-10-10,2005-12-29,OPTSTK,COCHINREFN,165.0,PA,0.0,0.0,0.0,7.3,6.9,0.0,0.0,0.0
2005-10-10,2005-12-29,OPTSTK,COCHINREFN,170.0,PA,0.0,0.0,0.0,9.5,9.05,0.0,0.0,0.0
2005-10-10,2005-12-29,OPTSTK,COCHINREFN,175.0,PA,0.0,0.0,0.0,12.05,11.6,0.0,0.0,0.0
2005-10-10,2005-12-29,OPTSTK,COCHINREFN,180.0,PA,0.0,0.0,0.0,14.95,14.5,0.0,0.0,0.0
2005-10-10,2005-12-29,OPTSTK,COCHINREFN,185.0,PA,0.0,0.0,0.0,18.1,17.7,0.0,0.0,0.0
2005-10-10,2005-12-29,OPTSTK,COCHINREFN,190.0,PA,0.0,0.0,0.0,18.75,21.25,0.0,0.0,0.0
2005-10-10,2005-12-29,OPTSTK,COCHINREFN,195.0,PA,0.0,0.0,0.0,20.8,25.0,0.0,0.0,0.0
2005-10-10,2005-10-27,OPTSTK,COLGATE,210.0,CA,0.0,0.0,0.0,24.7,44.5,0.0,0.0,0.0
2005-10-10,2005-10-27,OPTSTK,COLGATE,215.0,CA,0.0,0.0,0.0,21.5,39.55,0.0,0.0,0.0
2005-10-10,2005-10-27,OPTSTK,COLGATE,220.0,CA,0.0,0.0,0.0,18.6,34.65,0.0,0.0,0.0
2005-10-10,2005-10-27,OPTSTK,COLGATE,225.0,CA,0.0,0.0,0.0,15.95,29.8,0.0,0.0,0.0
2005-10-10,2005-10-27,OPTSTK,COLGATE,230.0,CA,0.0,0.0,0.0,13.6,25.05,0.0,0.0,0.0
2005-10-10,2005-10-27,OPTSTK,COLGATE,235.0,CA,0.0,0.0,0.0,11.5,20.55,0.0,0.0,0.0
2005-10-10,2005-10-27,OPTSTK,COLGATE,240.0,CA,0.0,0.0,0.0,9.65,16.4,0.0,0.0,0.0
2005-10-10,2005-10-27,OPTSTK,COLGATE,245.0,CA,0.0,0.0,0.0,11.6,12.65,0.0,0.0,0.0
2005-10-10,2005-10-27,OPTSTK,COLGATE,250.0,CA,13.85,13.85,13.85,13.85,13.85,1.0,2.77,9450.0
2005-10-10,2005-10-27,OPTSTK,COLGATE,255.0,CA,0.0,0.0,0.0,13.35,6.7,0.0,0.0,0.0
2005-10-10,2005-10-27,OPTSTK,COLGATE,260.0,CA,0.0,0.0,0.0,7.0,4.6,0.0,0.0,8400.0
2005-10-10,2005-10-27,OPTSTK,COLGATE,265.0,CA,0.0,0.0,0.0,11.45,3.05,0.0,0.0,0.0
2005-10-10,2005-10-27,OPTSTK,COLGATE,270.0,CA,1.1,1.1,1.1,1.1,1.1,1.0,2.84,6300.0
2005-10-10,2005-10-27,OPTSTK,COLGATE,280.0,CA,0.0,0.0,0.0,7.9,0.7,0.0,0.0,0.0
2005-10-10,2005-10-27,OPTSTK,COLGATE,290.0,CA,0.0,0.0,0.0,4.7,0.2,0.0,0.0,0.0
2005-10-10,2005-10-27,OPTSTK,COLGATE,210.0,PA,0.0,0.0,0.0,6.4,0.05,0.0,0.0,0.0
2005-10-10,2005-10-27,OPTSTK,COLGATE,215.0,PA,0.0,0.0,0.0,8.15,0.05,0.0,0.0,0.0
2005-10-10,2005-10-27,OPTSTK,COLGATE,220.0,PA,0.0,0.0,0.0,10.15,0.1,0.0,0.0,0.0
2005-10-10,2005-10-27,OPTSTK,COLGATE,225.0,PA,0.0,0.0,0.0,12.45,0.25,0.0,0.0,0.0
2005-10-10,2005-10-27,OPTSTK,COLGATE,230.0,PA,0.0,0.0,0.0,15.0,0.5,0.0,0.0,0.0
2005-10-10,2005-10-27,OPTSTK,COLGATE,235.0,PA,0.0,0.0,0.0,17.85,1.0,0.0,0.0,0.0
2005-10-10,2005-10-27,OPTSTK,COLGATE,240.0,PA,0.0,0.0,0.0,20.9,1.8,0.0,0.0,0.0
2005-10-10,2005-10-27,OPTSTK,COLGATE,245.0,PA,0.0,0.0,0.0,20.85,3.05,0.0,0.0,0.0
2005-10-10,2005-10-27,OPTSTK,COLGATE,250.0,PA,0.0,0.0,0.0,20.45,4.8,0.0,0.0,0.0
2005-10-10,2005-10-27,OPTSTK,COLGATE,255.0,PA,0.0,0.0,0.0,23.45,7.1,0.0,0.0,0.0
2005-10-10,2005-10-27,OPTSTK,COLGATE,260.0,PA,0.0,0.0,0.0,24.15,10.0,0.0,0.0,0.0
2005-10-10,2005-10-27,OPTSTK,COLGATE,265.0,PA,0.0,0.0,0.0,23.6,13.4,0.0,0.0,0.0
2005-10-10,2005-10-27,OPTSTK,COLGATE,270.0,PA,0.0,0.0,0.0,24.35,17.3,0.0,0.0,0.0
2005-10-10,2005-10-27,OPTSTK,COLGATE,280.0,PA,0.0,0.0,0.0,31.25,26.0,0.0,0.0,0.0
2005-10-10,2005-10-27,OPTSTK,COLGATE,290.0,PA,0.0,0.0,0.0,34.75,35.5,0.0,0.0,0.0
2005-10-10,2005-11-24,OPTSTK,COLGATE,220.0,CA,0.0,0.0,0.0,37.5,36.65,0.0,0.0,0.0
2005-10-10,2005-11-24,OPTSTK,COLGATE,225.0,CA,0.0,0.0,0.0,23.9,32.25,0.0,0.0,0.0
2005-10-10,2005-11-24,OPTSTK,COLGATE,230.0,CA,0.0,0.0,0.0,30.15,28.05,0.0,0.0,0.0
2005-10-10,2005-11-24,OPTSTK,COLGATE,235.0,CA,0.0,0.0,0.0,25.45,24.15,0.0,0.0,0.0
2005-10-10,2005-11-24,OPTSTK,COLGATE,240.0,CA,0.0,0.0,0.0,23.7,20.5,0.0,0.0,0.0
2005-10-10,2005-11-24,OPTSTK,COLGATE,245.0,CA,0.0,0.0,0.0,19.55,17.2,0.0,0.0,0.0
2005-10-10,2005-11-24,OPTSTK,COLGATE,250.0,CA,0.0,0.0,0.0,18.2,14.25,0.0,0.0,0.0
2005-10-10,2005-11-24,OPTSTK,COLGATE,255.0,CA,0.0,0.0,0.0,14.65,11.65,0.0,0.0,0.0
2005-10-10,2005-11-24,OPTSTK,COLGATE,260.0,CA,0.0,0.0,0.0,13.7,9.4,0.0,0.0,0.0
2005-10-10,2005-11-24,OPTSTK,COLGATE,265.0,CA,0.0,0.0,0.0,10.7,7.45,0.0,0.0,0.0
2005-10-10,2005-11-24,OPTSTK,COLGATE,270.0,CA,0.0,0.0,0.0,10.1,5.85,0.0,0.0,0.0
2005-10-10,2005-11-24,OPTSTK,COLGATE,280.0,CA,0.0,0.0,0.0,7.3,3.45,0.0,0.0,0.0
2005-10-10,2005-11-24,OPTSTK,COLGATE,290.0,CA,0.0,0.0,0.0,9.1,1.95,0.0,0.0,0.0
2005-10-10,2005-11-24,OPTSTK,COLGATE,220.0,PA,0.0,0.0,0.0,3.95,1.05,0.0,0.0,0.0
2005-10-10,2005-11-24,OPTSTK,COLGATE,225.0,PA,0.0,0.0,0.0,4.7,1.65,0.0,0.0,0.0
2005-10-10,2005-11-24,OPTSTK,COLGATE,230.0,PA,0.0,0.0,0.0,6.45,2.4,0.0,0.0,0.0
2005-10-10,2005-11-24,OPTSTK,COLGATE,235.0,PA,0.0,0.0,0.0,7.95,3.45,0.0,0.0,0.0
2005-10-10,2005-11-24,OPTSTK,COLGATE,240.0,PA,0.0,0.0,0.0,9.85,4.8,0.0,0.0,0.0
2005-10-10,2005-11-24,OPTSTK,COLGATE,245.0,PA,0.0,0.0,0.0,11.9,6.45,0.0,0.0,0.0
2005-10-10,2005-11-24,OPTSTK,COLGATE,250.0,PA,0.0,0.0,0.0,14.2,8.45,0.0,0.0,0.0
2005-10-10,2005-11-24,OPTSTK,COLGATE,255.0,PA,0.0,0.0,0.0,16.85,10.8,0.0,0.0,0.0
2005-10-10,2005-11-24,OPTSTK,COLGATE,260.0,PA,0.0,0.0,0.0,19.55,13.5,0.0,0.0,0.0
2005-10-10,2005-11-24,OPTSTK,COLGATE,265.0,PA,0.0,0.0,0.0,22.75,16.55,0.0,0.0,0.0
2005-10-10,2005-11-24,OPTSTK,COLGATE,270.0,PA,0.0,0.0,0.0,25.75,19.9,0.0,0.0,0.0
2005-10-10,2005-11-24,OPTSTK,COLGATE,280.0,PA,0.0,0.0,0.0,32.8,27.45,0.0,0.0,0.0
2005-10-10,2005-11-24,OPTSTK,COLGATE,290.0,PA,0.0,0.0,0.0,36.1,35.85,0.0,0.0,0.0
2005-10-10,2005-12-29,OPTSTK,COLGATE,220.0,CA,0.0,0.0,0.0,37.0,39.4,0.0,0.0,0.0
2005-10-10,2005-12-29,OPTSTK,COLGATE,230.0,CA,0.0,0.0,0.0,26.8,31.55,0.0,0.0,0.0
2005-10-10,2005-12-29,OPTSTK,COLGATE,235.0,CA,0.0,0.0,0.0,23.55,27.95,0.0,0.0,0.0
2005-10-10,2005-12-29,OPTSTK,COLGATE,240.0,CA,0.0,0.0,0.0,20.55,24.6,0.0,0.0,0.0
2005-10-10,2005-12-29,OPTSTK,COLGATE,245.0,CA,0.0,0.0,0.0,17.85,21.5,0.0,0.0,0.0
2005-10-10,2005-12-29,OPTSTK,COLGATE,250.0,CA,0.0,0.0,0.0,15.4,18.65,0.0,0.0,0.0
2005-10-10,2005-12-29,OPTSTK,COLGATE,255.0,CA,0.0,0.0,0.0,13.2,16.05,0.0,0.0,0.0
2005-10-10,2005-12-29,OPTSTK,COLGATE,260.0,CA,0.0,0.0,0.0,11.2,13.75,0.0,0.0,0.0
2005-10-10,2005-12-29,OPTSTK,COLGATE,270.0,CA,0.0,0.0,0.0,9.15,9.9,0.0,0.0,0.0
2005-10-10,2005-12-29,OPTSTK,COLGATE,280.0,CA,0.0,0.0,0.0,6.45,6.9,0.0,0.0,0.0
2005-10-10,2005-12-29,OPTSTK,COLGATE,290.0,CA,0.0,0.0,0.0,7.0,4.7,0.0,0.0,0.0
2005-10-10,2005-12-29,OPTSTK,COLGATE,220.0,PA,0.0,0.0,0.0,3.3,2.6,0.0,0.0,0.0
2005-10-10,2005-12-29,OPTSTK,COLGATE,230.0,PA,0.0,0.0,0.0,6.65,4.6,0.0,0.0,0.0
2005-10-10,2005-12-29,OPTSTK,COLGATE,235.0,PA,0.0,0.0,0.0,8.35,5.9,0.0,0.0,0.0
2005-10-10,2005-12-29,OPTSTK,COLGATE,240.0,PA,0.0,0.0,0.0,10.3,7.5,0.0,0.0,0.0
2005-10-10,2005-12-29,OPTSTK,COLGATE,245.0,PA,0.0,0.0,0.0,12.5,9.3,0.0,0.0,0.0
2005-10-10,2005-12-29,OPTSTK,COLGATE,250.0,PA,0.0,0.0,0.0,14.95,11.4,0.0,0.0,0.0
2005-10-10,2005-12-29,OPTSTK,COLGATE,255.0,PA,0.0,0.0,0.0,17.65,13.8,0.0,0.0,0.0
2005-10-10,2005-12-29,OPTSTK,COLGATE,260.0,PA,0.0,0.0,0.0,20.65,16.4,0.0,0.0,0.0
2005-10-10,2005-12-29,OPTSTK,COLGATE,270.0,PA,0.0,0.0,0.0,24.7,22.4,0.0,0.0,0.0
2005-10-10,2005-12-29,OPTSTK,COLGATE,280.0,PA,0.0,0.0,0.0,31.85,29.3,0.0,0.0,0.0
2005-10-10,2005-12-29,OPTSTK,COLGATE,290.0,PA,0.0,0.0,0.0,32.65,36.95,0.0,0.0,0.0
2005-10-10,2005-10-27,OPTSTK,CORPBANK,350.0,CA,0.0,0.0,0.0,47.55,40.7,0.0,0.0,0.0
2005-10-10,2005-10-27,OPTSTK,CORPBANK,360.0,CA,0.0,0.0,0.0,47.2,33.25,0.0,0.0,0.0
2005-10-10,2005-10-27,OPTSTK,CORPBANK,370.0,CA,0.0,0.0,0.0,48.85,26.6,0.0,0.0,0.0
2005-10-10,2005-10-27,OPTSTK,CORPBANK,380.0,CA,0.0,0.0,0.0,42.7,20.85,0.0,0.0,0.0
2005-10-10,2005-10-27,OPTSTK,CORPBANK,390.0,CA,0.0,0.0,0.0,58.4,16.0,0.0,0.0,0.0
2005-10-10,2005-10-27,OPTSTK,CORPBANK,400.0,CA,0.0,0.0,0.0,58.85,12.0,0.0,0.0,0.0
2005-10-10,2005-10-27,OPTSTK,CORPBANK,410.0,CA,0.0,0.0,0.0,53.1,8.85,0.0,0.0,0.0
2005-10-10,2005-10-27,OPTSTK,CORPBANK,420.0,CA,0.0,0.0,0.0,63.25,6.35,0.0,0.0,0.0
2005-10-10,2005-10-27,OPTSTK,CORPBANK,430.0,CA,0.0,0.0,0.0,57.45,4.5,0.0,0.0,0.0
2005-10-10,2005-10-27,OPTSTK,CORPBANK,440.0,CA,0.0,0.0,0.0,60.9,3.1,0.0,0.0,0.0
2005-10-10,2005-10-27,OPTSTK,CORPBANK,450.0,CA,0.0,0.0,0.0,63.95,2.1,0.0,0.0,0.0
2005-10-10,2005-10-27,OPTSTK,CORPBANK,460.0,CA,0.0,0.0,0.0,67.15,1.4,0.0,0.0,0.0
2005-10-10,2005-10-27,OPTSTK,CORPBANK,470.0,CA,0.0,0.0,0.0,61.65,0.95,0.0,0.0,0.0
2005-10-10,2005-10-27,OPTSTK,CORPBANK,480.0,CA,0.0,0.0,0.0,56.5,0.6,0.0,0.0,0.0
2005-10-10,2005-10-27,OPTSTK,CORPBANK,490.0,CA,0.0,0.0,0.0,51.65,0.4,0.0,0.0,0.0
2005-10-10,2005-10-27,OPTSTK,CORPBANK,500.0,CA,0.0,0.0,0.0,47.15,0.25,0.0,0.0,0.0
2005-10-10,2005-10-27,OPTSTK,CORPBANK,510.0,CA,0.0,0.0,0.0,42.95,0.15,0.0,0.0,0.0
2005-10-10,2005-10-27,OPTSTK,CORPBANK,520.0,CA,0.0,0.0,0.0,39.05,0.1,0.0,0.0,0.0
2005-10-10,2005-10-27,OPTSTK,CORPBANK,350.0,PA,0.0,0.0,0.0,11.0,4.7,0.0,0.0,0.0
2005-10-10,2005-10-27,OPTSTK,CORPBANK,360.0,PA,0.0,0.0,0.0,13.55,7.2,0.0,0.0,0.0
2005-10-10,2005-10-27,OPTSTK,CORPBANK,370.0,PA,0.0,0.0,0.0,14.7,10.55,0.0,0.0,0.0
2005-10-10,2005-10-27,OPTSTK,CORPBANK,380.0,PA,0.0,0.0,0.0,18.45,14.8,0.0,0.0,0.0
2005-10-10,2005-10-27,OPTSTK,CORPBANK,390.0,PA,0.0,0.0,0.0,20.65,19.9,0.0,0.0,0.0
2005-10-10,2005-10-27,OPTSTK,CORPBANK,400.0,PA,0.0,0.0,0.0,22.55,25.9,0.0,0.0,0.0
2005-10-10,2005-10-27,OPTSTK,CORPBANK,410.0,PA,0.0,0.0,0.0,26.7,32.7,0.0,0.0,0.0
2005-10-10,2005-10-27,OPTSTK,CORPBANK,420.0,PA,0.0,0.0,0.0,24.05,40.2,0.0,0.0,0.0
2005-10-10,2005-10-27,OPTSTK,CORPBANK,430.0,PA,0.0,0.0,0.0,28.15,48.3,0.0,0.0,0.0
2005-10-10,2005-10-27,OPTSTK,CORPBANK,440.0,PA,0.0,0.0,0.0,27.25,56.85,0.0,0.0,0.0
2005-10-10,2005-10-27,OPTSTK,CORPBANK,450.0,PA,0.0,0.0,0.0,27.1,65.85,0.0,0.0,0.0
2005-10-10,2005-10-27,OPTSTK,CORPBANK,460.0,PA,0.0,0.0,0.0,30.5,75.1,0.0,0.0,0.0
2005-10-10,2005-10-27,OPTSTK,CORPBANK,470.0,PA,0.0,0.0,0.0,34.9,84.6,0.0,0.0,0.0
2005-10-10,2005-10-27,OPTSTK,CORPBANK,480.0,PA,0.0,0.0,0.0,39.55,94.25,0.0,0.0,0.0
2005-10-10,2005-10-27,OPTSTK,CORPBANK,490.0,PA,0.0,0.0,0.0,44.6,104.0,0.0,0.0,0.0
2005-10-10,2005-10-27,OPTSTK,CORPBANK,500.0,PA,0.0,0.0,0.0,49.95,113.85,0.0,0.0,0.0
2005-10-10,2005-10-27,OPTSTK,CORPBANK,510.0,PA,0.0,0.0,0.0,55.6,123.75,0.0,0.0,0.0
2005-10-10,2005-10-27,OPTSTK,CORPBANK,520.0,PA,0.0,0.0,0.0,61.55,133.65,0.0,0.0,0.0
2005-10-10,2005-11-24,OPTSTK,CORPBANK,350.0,CA,0.0,0.0,0.0,53.35,50.35,0.0,0.0,0.0
2005-10-10,2005-11-24,OPTSTK,CORPBANK,360.0,CA,0.0,0.0,0.0,53.45,43.9,0.0,0.0,0.0
2005-10-10,2005-11-24,OPTSTK,CORPBANK,370.0,CA,0.0,0.0,0.0,57.35,38.05,0.0,0.0,0.0
2005-10-10,2005-11-24,OPTSTK,CORPBANK,380.0,CA,0.0,0.0,0.0,51.25,32.75,0.0,0.0,0.0
2005-10-10,2005-11-24,OPTSTK,CORPBANK,390.0,CA,0.0,0.0,0.0,45.55,28.0,0.0,0.0,0.0
2005-10-10,2005-11-24,OPTSTK,CORPBANK,400.0,CA,0.0,0.0,0.0,40.35,23.8,0.0,0.0,0.0
2005-10-10,2005-11-24,OPTSTK,CORPBANK,410.0,CA,0.0,0.0,0.0,35.6,20.05,0.0,0.0,0.0
2005-10-10,2005-11-24,OPTSTK,CORPBANK,420.0,CA,0.0,0.0,0.0,31.25,16.85,0.0,0.0,0.0
2005-10-10,2005-11-24,OPTSTK,CORPBANK,430.0,CA,0.0,0.0,0.0,27.35,14.05,0.0,0.0,0.0
2005-10-10,2005-11-24,OPTSTK,CORPBANK,440.0,CA,0.0,0.0,0.0,23.3,11.65,0.0,0.0,0.0
2005-10-10,2005-11-24,OPTSTK,CORPBANK,450.0,CA,0.0,0.0,0.0,20.2,9.6,0.0,0.0,0.0
2005-10-10,2005-11-24,OPTSTK,CORPBANK,460.0,CA,0.0,0.0,0.0,14.25,7.9,0.0,0.0,0.0
2005-10-10,2005-11-24,OPTSTK,CORPBANK,350.0,PA,0.0,0.0,0.0,15.25,12.65,0.0,0.0,0.0
2005-10-10,2005-11-24,OPTSTK,CORPBANK,360.0,PA,0.0,0.0,0.0,18.15,16.15,0.0,0.0,0.0
2005-10-10,2005-11-24,OPTSTK,CORPBANK,370.0,PA,0.0,0.0,0.0,17.0,20.2,0.0,0.0,0.0
2005-10-10,2005-11-24,OPTSTK,CORPBANK,380.0,PA,0.0,0.0,0.0,20.75,24.85,0.0,0.0,0.0
2005-10-10,2005-11-24,OPTSTK,CORPBANK,390.0,PA,0.0,0.0,0.0,24.95,30.0,0.0,0.0,0.0
2005-10-10,2005-11-24,OPTSTK,CORPBANK,400.0,PA,0.0,0.0,0.0,29.55,35.7,0.0,0.0,0.0
2005-10-10,2005-11-24,OPTSTK,CORPBANK,410.0,PA,0.0,0.0,0.0,34.65,41.95,0.0,0.0,0.0
2005-10-10,2005-11-24,OPTSTK,CORPBANK,420.0,PA,0.0,0.0,0.0,40.2,48.65,0.0,0.0,0.0
2005-10-10,2005-11-24,OPTSTK,CORPBANK,430.0,PA,0.0,0.0,0.0,46.15,55.75,0.0,0.0,0.0
2005-10-10,2005-11-24,OPTSTK,CORPBANK,440.0,PA,0.0,0.0,0.0,50.4,63.3,0.0,0.0,0.0
2005-10-10,2005-11-24,OPTSTK,CORPBANK,450.0,PA,0.0,0.0,0.0,45.9,71.2,0.0,0.0,0.0
2005-10-10,2005-11-24,OPTSTK,CORPBANK,460.0,PA,0.0,0.0,0.0,41.1,79.4,0.0,0.0,0.0
2005-10-10,2005-12-29,OPTSTK,CORPBANK,360.0,CA,0.0,0.0,0.0,0.0,0.0,0.0,0.0,0.0
2005-10-10,2005-12-29,OPTSTK,CORPBANK,370.0,CA,0.0,0.0,0.0,56.35,48.3,0.0,0.0,0.0
2005-10-10,2005-12-29,OPTSTK,CORPBANK,380.0,CA,0.0,0.0,0.0,60.3,43.25,0.0,0.0,0.0
2005-10-10,2005-12-29,OPTSTK,CORPBANK,390.0,CA,0.0,0.0,0.0,66.9,38.6,0.0,0.0,0.0
2005-10-10,2005-12-29,OPTSTK,CORPBANK,400.0,CA,0.0,0.0,0.0,61.5,34.35,0.0,0.0,0.0
2005-10-10,2005-12-29,OPTSTK,CORPBANK,410.0,CA,0.0,0.0,0.0,56.45,30.5,0.0,0.0,0.0
2005-10-10,2005-12-29,OPTSTK,CORPBANK,420.0,CA,0.0,0.0,0.0,51.75,26.95,0.0,0.0,0.0
2005-10-10,2005-12-29,OPTSTK,CORPBANK,430.0,CA,0.0,0.0,0.0,47.35,23.8,0.0,0.0,0.0
2005-10-10,2005-12-29,OPTSTK,CORPBANK,440.0,CA,0.0,0.0,0.0,43.25,20.95,0.0,0.0,0.0
2005-10-10,2005-12-29,OPTSTK,CORPBANK,450.0,CA,0.0,0.0,0.0,39.45,18.45,0.0,0.0,0.0
2005-10-10,2005-12-29,OPTSTK,CORPBANK,360.0,PA,0.0,0.0,0.0,0.0,0.0,0.0,0.0,0.0
2005-10-10,2005-12-29,OPTSTK,CORPBANK,370.0,PA,0.0,0.0,0.0,25.0,28.35,0.0,0.0,0.0
2005-10-10,2005-12-29,OPTSTK,CORPBANK,380.0,PA,0.0,0.0,0.0,23.35,33.15,0.0,0.0,0.0
2005-10-10,2005-12-29,OPTSTK,CORPBANK,390.0,PA,0.0,0.0,0.0,31.0,38.4,0.0,0.0,0.0
2005-10-10,2005-12-29,OPTSTK,CORPBANK,400.0,PA,0.0,0.0,0.0,35.45,44.0,0.0,0.0,0.0
2005-10-10,2005-12-29,OPTSTK,CORPBANK,410.0,PA,0.0,0.0,0.0,40.25,50.0,0.0,0.0,0.0
2005-10-10,2005-12-29,OPTSTK,CORPBANK,420.0,PA,0.0,0.0,0.0,45.4,56.35,0.0,0.0,0.0
2005-10-10,2005-12-29,OPTSTK,CORPBANK,430.0,PA,0.0,0.0,0.0,50.85,63.05,0.0,0.0,0.0
2005-10-10,2005-12-29,OPTSTK,CORPBANK,440.0,PA,0.0,0.0,0.0,56.6,70.1,0.0,0.0,0.0
2005-10-10,2005-12-29,OPTSTK,CORPBANK,450.0,PA,0.0,0.0,0.0,62.65,77.45,0.0,0.0,0.0
2005-10-10,2005-10-27,OPTSTK,CUMMINSIND,125.0,CA,0.0,0.0,0.0,22.25,27.3,0.0,0.0,0.0
2005-10-10,2005-10-27,OPTSTK,CUMMINSIND,130.0,CA,0.0,0.0,0.0,19.35,22.5,0.0,0.0,0.0
2005-10-10,2005-10-27,OPTSTK,CUMMINSIND,135.0,CA,0.0,0.0,0.0,16.75,17.85,0.0,0.0,0.0
2005-10-10,2005-10-27,OPTSTK,CUMMINSIND,140.0,CA,0.0,0.0,0.0,4.5,13.6,0.0,0.0,1900.0
2005-10-10,2005-10-27,OPTSTK,CUMMINSIND,145.0,CA,0.0,0.0,0.0,12.35,9.9,0.0,0.0,0.0
2005-10-10,2005-10-27,OPTSTK,CUMMINSIND,150.0,CA,0.0,0.0,0.0,8.0,6.8,0.0,0.0,11400.0
2005-10-10,2005-10-27,OPTSTK,CUMMINSIND,155.0,CA,3.5,4.0,3.0,4.0,4.0,5.0,15.03,11400.0
2005-10-10,2005-10-27,OPTSTK,CUMMINSIND,160.0,CA,0.0,0.0,0.0,5.0,2.7,0.0,0.0,9500.0
2005-10-10,2005-10-27,OPTSTK,CUMMINSIND,165.0,CA,0.0,0.0,0.0,10.3,1.6,0.0,0.0,0.0
2005-10-10,2005-10-27,OPTSTK,CUMMINSIND,170.0,CA,0.0,0.0,0.0,8.45,0.9,0.0,0.0,0.0
2005-10-10,2005-10-27,OPTSTK,CUMMINSIND,175.0,CA,0.0,0.0,0.0,4.85,0.45,0.0,0.0,0.0
2005-10-10,2005-10-27,OPTSTK,CUMMINSIND,125.0,PA,0.0,0.0,0.0,7.7,0.1,0.0,0.0,0.0
2005-10-10,2005-10-27,OPTSTK,CUMMINSIND,130.0,PA,0.0,0.0,0.0,9.75,0.25,0.0,0.0,0.0
2005-10-10,2005-10-27,OPTSTK,CUMMINSIND,135.0,PA,0.0,0.0,0.0,12.05,0.6,0.0,0.0,0.0
2005-10-10,2005-10-27,OPTSTK,CUMMINSIND,140.0,PA,0.0,0.0,0.0,5.0,1.35,0.0,0.0,1900.0
2005-10-10,2005-10-27,OPTSTK,CUMMINSIND,145.0,PA,0.0,0.0,0.0,17.55,2.6,0.0,0.0,0.0
2005-10-10,2005-10-27,OPTSTK,CUMMINSIND,150.0,PA,0.0,0.0,0.0,4.0,4.5,0.0,0.0,5700.0
2005-10-10,2005-10-27,OPTSTK,CUMMINSIND,155.0,PA,0.0,0.0,0.0,23.95,7.15,0.0,0.0,0.0
2005-10-10,2005-10-27,OPTSTK,CUMMINSIND,160.0,PA,0.0,0.0,0.0,23.9,10.4,0.0,0.0,0.0
2005-10-10,2005-10-27,OPTSTK,CUMMINSIND,165.0,PA,0.0,0.0,0.0,22.95,14.25,0.0,0.0,0.0
2005-10-10,2005-10-27,OPTSTK,CUMMINSIND,170.0,PA,0.0,0.0,0.0,23.05,18.55,0.0,0.0,0.0
2005-10-10,2005-10-27,OPTSTK,CUMMINSIND,175.0,PA,0.0,0.0,0.0,19.9,23.1,0.0,0.0,0.0
2005-10-10,2005-11-24,OPTSTK,CUMMINSIND,125.0,CA,0.0,0.0,0.0,21.9,28.7,0.0,0.0,0.0
2005-10-10,2005-11-24,OPTSTK,CUMMINSIND,130.0,CA,0.0,0.0,0.0,21.1,24.4,0.0,0.0,0.0
2005-10-10,2005-11-24,OPTSTK,CUMMINSIND,135.0,CA,0.0,0.0,0.0,17.9,20.35,0.0,0.0,0.0
2005-10-10,2005-11-24,OPTSTK,CUMMINSIND,140.0,CA,0.0,0.0,0.0,15.1,16.7,0.0,0.0,0.0
2005-10-10,2005-11-24,OPTSTK,CUMMINSIND,145.0,CA,0.0,0.0,0.0,12.6,13.45,0.0,0.0,0.0
2005-10-10,2005-11-24,OPTSTK,CUMMINSIND,150.0,CA,0.0,0.0,0.0,10.4,10.65,0.0,0.0,0.0
2005-10-10,2005-11-24,OPTSTK,CUMMINSIND,155.0,CA,0.0,0.0,0.0,8.55,8.25,0.0,0.0,0.0
2005-10-10,2005-11-24,OPTSTK,CUMMINSIND,160.0,CA,0.0,0.0,0.0,6.95,6.3,0.0,0.0,0.0
2005-10-10,2005-11-24,OPTSTK,CUMMINSIND,165.0,CA,0.0,0.0,0.0,8.2,4.7,0.0,0.0,0.0
2005-10-10,2005-11-24,OPTSTK,CUMMINSIND,170.0,CA,0.0,0.0,0.0,6.65,3.5,0.0,0.0,0.0
2005-10-10,2005-11-24,OPTSTK,CUMMINSIND,175.0,CA,0.0,0.0,0.0,7.35,2.5,0.0,0.0,0.0
2005-10-10,2005-11-24,OPTSTK,CUMMINSIND,125.0,PA,0.0,0.0,0.0,5.0,0.9,0.0,0.0,0.0
2005-10-10,2005-11-24,OPTSTK,CUMMINSIND,130.0,PA,0.0,0.0,0.0,5.15,1.5,0.0,0.0,0.0
2005-10-10,2005-11-24,OPTSTK,CUMMINSIND,135.0,PA,0.0,0.0,0.0,6.9,2.45,0.0,0.0,0.0
2005-10-10,2005-11-24,OPTSTK,CUMMINSIND,140.0,PA,0.0,0.0,0.0,9.0,3.75,0.0,0.0,0.0
2005-10-10,2005-11-24,OPTSTK,CUMMINSIND,145.0,PA,0.0,0.0,0.0,11.45,5.5,0.0,0.0,0.0
2005-10-10,2005-11-24,OPTSTK,CUMMINSIND,150.0,PA,0.0,0.0,0.0,14.2,7.6,0.0,0.0,0.0
2005-10-10,2005-11-24,OPTSTK,CUMMINSIND,155.0,PA,0.0,0.0,0.0,17.25,10.2,0.0,0.0,0.0
2005-10-10,2005-11-24,OPTSTK,CUMMINSIND,160.0,PA,0.0,0.0,0.0,20.6,13.2,0.0,0.0,0.0
2005-10-10,2005-11-24,OPTSTK,CUMMINSIND,165.0,PA,0.0,0.0,0.0,21.2,16.6,0.0,0.0,0.0
2005-10-10,2005-11-24,OPTSTK,CUMMINSIND,170.0,PA,0.0,0.0,0.0,21.15,20.3,0.0,0.0,0.0
2005-10-10,2005-11-24,OPTSTK,CUMMINSIND,175.0,PA,0.0,0.0,0.0,21.6,24.35,0.0,0.0,0.0
2005-10-10,2005-12-29,OPTSTK,CUMMINSIND,135.0,CA,0.0,0.0,0.0,25.05,23.1,0.0,0.0,0.0
2005-10-10,2005-12-29,OPTSTK,CUMMINSIND,140.0,CA,0.0,0.0,0.0,21.95,19.75,0.0,0.0,0.0
2005-10-10,2005-12-29,OPTSTK,CUMMINSIND,145.0,CA,0.0,0.0,0.0,19.15,16.75,0.0,0.0,0.0
2005-10-10,2005-12-29,OPTSTK,CUMMINSIND,150.0,CA,0.0,0.0,0.0,16.65,14.05,0.0,0.0,0.0
2005-10-10,2005-12-29,OPTSTK,CUMMINSIND,155.0,CA,0.0,0.0,0.0,14.35,11.7,0.0,0.0,0.0
2005-10-10,2005-12-29,OPTSTK,CUMMINSIND,160.0,CA,0.0,0.0,0.0,12.35,9.65,0.0,0.0,0.0
2005-10-10,2005-12-29,OPTSTK,CUMMINSIND,165.0,CA,0.0,0.0,0.0,10.55,7.9,0.0,0.0,0.0
2005-10-10,2005-12-29,OPTSTK,CUMMINSIND,170.0,CA,0.0,0.0,0.0,9.0,6.4,0.0,0.0,0.0
2005-10-10,2005-12-29,OPTSTK,CUMMINSIND,135.0,PA,0.0,0.0,0.0,6.8,4.45,0.0,0.0,0.0
2005-10-10,2005-12-29,OPTSTK,CUMMINSIND,140.0,PA,0.0,0.0,0.0,8.65,6.0,0.0,0.0,0.0
2005-10-10,2005-12-29,OPTSTK,CUMMINSIND,145.0,PA,0.0,0.0,0.0,10.75,7.95,0.0,0.0,0.0
2005-10-10,2005-12-29,OPTSTK,CUMMINSIND,150.0,PA,0.0,0.0,0.0,13.15,10.2,0.0,0.0,0.0
2005-10-10,2005-12-29,OPTSTK,CUMMINSIND,155.0,PA,0.0,0.0,0.0,15.8,12.75,0.0,0.0,0.0
2005-10-10,2005-12-29,OPTSTK,CUMMINSIND,160.0,PA,0.0,0.0,0.0,18.7,15.65,0.0,0.0,0.0
2005-10-10,2005-12-29,OPTSTK,CUMMINSIND,165.0,PA,0.0,0.0,0.0,21.85,18.8,0.0,0.0,0.0
2005-10-10,2005-12-29,OPTSTK,CUMMINSIND,170.0,PA,0.0,0.0,0.0,23.55,22.25,0.0,0.0,0.0
2005-10-10,2005-10-27,OPTSTK,DABUR,130.0,CA,0.0,0.0,0.0,23.8,36.25,0.0,0.0,0.0
2005-10-10,2005-10-27,OPTSTK,DABUR,135.0,CA,0.0,0.0,0.0,20.7,31.3,0.0,0.0,0.0
2005-10-10,2005-10-27,OPTSTK,DABUR,140.0,CA,0.0,0.0,0.0,17.95,26.45,0.0,0.0,0.0
2005-10-10,2005-10-27,OPTSTK,DABUR,145.0,CA,0.0,0.0,0.0,15.45,21.8,0.0,0.0,0.0
2005-10-10,2005-10-27,OPTSTK,DABUR,150.0,CA,0.0,0.0,0.0,13.2,17.45,0.0,0.0,0.0
2005-10-10,2005-10-27,OPTSTK,DABUR,155.0,CA,0.0,0.0,0.0,11.25,13.45,0.0,0.0,0.0
2005-10-10,2005-10-27,OPTSTK,DABUR,160.0,CA,0.0,0.0,0.0,9.5,10.0,0.0,0.0,0.0
2005-10-10,2005-10-27,OPTSTK,DABUR,165.0,CA,0.0,0.0,0.0,9.4,7.15,0.0,0.0,0.0
2005-10-10,2005-10-27,OPTSTK,DABUR,170.0,CA,0.0,0.0,0.0,8.55,4.9,0.0,0.0,0.0
2005-10-10,2005-10-27,OPTSTK,DABUR,175.0,CA,0.0,0.0,0.0,7.55,3.2,0.0,0.0,0.0
2005-10-10,2005-10-27,OPTSTK,DABUR,180.0,CA,0.0,0.0,0.0,3.1,2.05,0.0,0.0,0.0
2005-10-10,2005-10-27,OPTSTK,DABUR,185.0,CA,5.75,5.75,5.75,5.75,5.75,2.0,6.86,3600.0
2005-10-10,2005-10-27,OPTSTK,DABUR,130.0,PA,0.0,0.0,0.0,6.45,0.05,0.0,0.0,0.0
2005-10-10,2005-10-27,OPTSTK,DABUR,135.0,PA,0.0,0.0,0.0,8.3,0.1,0.0,0.0,0.0
2005-10-10,2005-10-27,OPTSTK,DABUR,140.0,PA,0.0,0.0,0.0,10.45,0.25,0.0,0.0,0.0
2005-10-10,2005-10-27,OPTSTK,DABUR,145.0,PA,0.0,0.0,0.0,12.9,0.6,0.0,0.0,0.0
2005-10-10,2005-10-27,OPTSTK,DABUR,150.0,PA,0.0,0.0,0.0,15.6,1.2,0.0,0.0,0.0
2005-10-10,2005-10-27,OPTSTK,DABUR,155.0,PA,0.0,0.0,0.0,18.55,2.2,0.0,0.0,0.0
2005-10-10,2005-10-27,OPTSTK,DABUR,160.0,PA,0.0,0.0,0.0,21.75,3.75,0.0,0.0,0.0
2005-10-10,2005-10-27,OPTSTK,DABUR,165.0,PA,0.0,0.0,0.0,22.6,5.85,0.0,0.0,0.0
2005-10-10,2005-10-27,OPTSTK,DABUR,170.0,PA,0.0,0.0,0.0,22.2,8.6,0.0,0.0,0.0
2005-10-10,2005-10-27,OPTSTK,DABUR,175.0,PA,0.0,0.0,0.0,22.8,11.9,0.0,0.0,0.0
2005-10-10,2005-10-27,OPTSTK,DABUR,180.0,PA,0.0,0.0,0.0,18.65,15.7,0.0,0.0,0.0
2005-10-10,2005-10-27,OPTSTK,DABUR,185.0,PA,0.0,0.0,0.0,19.0,19.9,0.0,0.0,0.0
2005-10-10,2005-11-24,OPTSTK,DABUR,135.0,CA,0.0,0.0,0.0,24.15,32.9,0.0,0.0,0.0
2005-10-10,2005-11-24,OPTSTK,DABUR,140.0,CA,0.0,0.0,0.0,20.95,28.55,0.0,0.0,0.0
2005-10-10,2005-11-24,OPTSTK,DABUR,145.0,CA,0.0,0.0,0.0,18.0,24.5,0.0,0.0,0.0
2005-10-10,2005-11-24,OPTSTK,DABUR,150.0,CA,0.0,0.0,0.0,15.4,20.7,0.0,0.0,0.0
2005-10-10,2005-11-24,OPTSTK,DABUR,155.0,CA,0.0,0.0,0.0,13.1,17.3,0.0,0.0,0.0
2005-10-10,2005-11-24,OPTSTK,DABUR,160.0,CA,0.0,0.0,0.0,11.05,14.25,0.0,0.0,0.0
2005-10-10,2005-11-24,OPTSTK,DABUR,165.0,CA,0.0,0.0,0.0,9.25,11.6,0.0,0.0,0.0
2005-10-10,2005-11-24,OPTSTK,DABUR,170.0,CA,0.0,0.0,0.0,6.75,9.3,0.0,0.0,0.0
2005-10-10,2005-11-24,OPTSTK,DABUR,175.0,CA,0.0,0.0,0.0,5.05,7.35,0.0,0.0,0.0
2005-10-10,2005-11-24,OPTSTK,DABUR,180.0,CA,0.0,0.0,0.0,5.3,5.75,0.0,0.0,0.0
2005-10-10,2005-11-24,OPTSTK,DABUR,185.0,CA,0.0,0.0,0.0,5.5,4.45,0.0,0.0,0.0
2005-10-10,2005-11-24,OPTSTK,DABUR,135.0,PA,0.0,0.0,0.0,5.55,1.05,0.0,0.0,0.0
2005-10-10,2005-11-24,OPTSTK,DABUR,140.0,PA,0.0,0.0,0.0,7.25,1.65,0.0,0.0,0.0
2005-10-10,2005-11-24,OPTSTK,DABUR,145.0,PA,0.0,0.0,0.0,9.25,2.55,0.0,0.0,0.0
2005-10-10,2005-11-24,OPTSTK,DABUR,150.0,PA,0.0,0.0,0.0,11.6,3.75,0.0,0.0,0.0
2005-10-10,2005-11-24,OPTSTK,DABUR,155.0,PA,0.0,0.0,0.0,14.2,5.3,0.0,0.0,0.0
2005-10-10,2005-11-24,OPTSTK,DABUR,160.0,PA,0.0,0.0,0.0,17.05,7.2,0.0,0.0,0.0
2005-10-10,2005-11-24,OPTSTK,DABUR,165.0,PA,0.0,0.0,0.0,20.2,9.5,0.0,0.0,0.0
2005-10-10,2005-11-24,OPTSTK,DABUR,170.0,PA,0.0,0.0,0.0,20.95,12.2,0.0,0.0,0.0
2005-10-10,2005-11-24,OPTSTK,DABUR,175.0,PA,0.0,0.0,0.0,19.65,15.2,0.0,0.0,0.0
2005-10-10,2005-11-24,OPTSTK,DABUR,180.0,PA,0.0,0.0,0.0,20.0,18.55,0.0,0.0,0.0
2005-10-10,2005-11-24,OPTSTK,DABUR,185.0,PA,0.0,0.0,0.0,20.5,22.25,0.0,0.0,0.0
2005-10-10,2005-12-29,OPTSTK,DABUR,150.0,CA,0.0,0.0,0.0,24.2,24.1,0.0,0.0,0.0
2005-10-10,2005-12-29,OPTSTK,DABUR,155.0,CA,0.0,0.0,0.0,21.4,20.95,0.0,0.0,0.0
2005-10-10,2005-12-29,OPTSTK,DABUR,160.0,CA,0.0,0.0,0.0,18.8,18.1,0.0,0.0,0.0
2005-10-10,2005-12-29,OPTSTK,DABUR,165.0,CA,0.0,0.0,0.0,16.45,15.5,0.0,0.0,0.0
2005-10-10,2005-12-29,OPTSTK,DABUR,170.0,CA,0.0,0.0,0.0,14.35,13.25,0.0,0.0,0.0
2005-10-10,2005-12-29,OPTSTK,DABUR,175.0,CA,0.0,0.0,0.0,12.45,11.2,0.0,0.0,0.0
2005-10-10,2005-12-29,OPTSTK,DABUR,180.0,CA,0.0,0.0,0.0,10.8,9.45,0.0,0.0,0.0
2005-10-10,2005-12-29,OPTSTK,DABUR,185.0,CA,0.0,0.0,0.0,10.9,7.9,0.0,0.0,0.0
2005-10-10,2005-12-29,OPTSTK,DABUR,150.0,PA,0.0,0.0,0.0,9.25,6.25,0.0,0.0,0.0
2005-10-10,2005-12-29,OPTSTK,DABUR,155.0,PA,0.0,0.0,0.0,11.35,8.05,0.0,0.0,0.0
2005-10-10,2005-12-29,OPTSTK,DABUR,160.0,PA,0.0,0.0,0.0,13.7,10.15,0.0,0.0,0.0
2005-10-10,2005-12-29,OPTSTK,DABUR,165.0,PA,0.0,0.0,0.0,16.25,12.5,0.0,0.0,0.0
2005-10-10,2005-12-29,OPTSTK,DABUR,170.0,PA,0.0,0.0,0.0,19.1,15.15,0.0,0.0,0.0
2005-10-10,2005-12-29,OPTSTK,DABUR,175.0,PA,0.0,0.0,0.0,22.1,18.05,0.0,0.0,0.0
2005-10-10,2005-12-29,OPTSTK,DABUR,180.0,PA,0.0,0.0,0.0,25.35,21.25,0.0,0.0,0.0
2005-10-10,2005-12-29,OPTSTK,DABUR,185.0,PA,0.0,0.0,0.0,23.3,24.65,0.0,0.0,0.0
2005-10-10,2005-10-27,OPTSTK,DIVISLAB,1140.0,CA,0.0,0.0,0.0,165.25,420.85,0.0,0.0,0.0
2005-10-10,2005-10-27,OPTSTK,DIVISLAB,1170.0,CA,0.0,0.0,0.0,163.45,391.0,0.0,0.0,0.0
2005-10-10,2005-10-27,OPTSTK,DIVISLAB,1200.0,CA,0.0,0.0,0.0,168.85,361.3,0.0,0.0,0.0
2005-10-10,2005-10-27,OPTSTK,DIVISLAB,1230.0,CA,0.0,0.0,0.0,151.9,331.75,0.0,0.0,0.0
2005-10-10,2005-10-27,OPTSTK,DIVISLAB,1260.0,CA,0.0,0.0,0.0,136.15,302.45,0.0,0.0,0.0
2005-10-10,2005-10-27,OPTSTK,DIVISLAB,1290.0,CA,0.0,0.0,0.0,121.7,273.55,0.0,0.0,0.0
2005-10-10,2005-10-27,OPTSTK,DIVISLAB,1320.0,CA,0.0,0.0,0.0,108.4,245.3,0.0,0.0,0.0
2005-10-10,2005-10-27,OPTSTK,DIVISLAB,1350.0,CA,0.0,0.0,0.0,96.25,217.85,0.0,0.0,0.0
2005-10-10,2005-10-27,OPTSTK,DIVISLAB,1380.0,CA,0.0,0.0,0.0,85.25,191.45,0.0,0.0,0.0
2005-10-10,2005-10-27,OPTSTK,DIVISLAB,1410.0,CA,0.0,0.0,0.0,64.2,166.35,0.0,0.0,0.0
2005-10-10,2005-10-27,OPTSTK,DIVISLAB,1440.0,CA,0.0,0.0,0.0,131.35,142.85,0.0,0.0,0.0
2005-10-10,2005-10-27,OPTSTK,DIVISLAB,1470.0,CA,0.0,0.0,0.0,118.15,121.1,0.0,0.0,0.0
2005-10-10,2005-10-27,OPTSTK,DIVISLAB,1500.0,CA,0.0,0.0,0.0,106.0,101.4,0.0,0.0,0.0
2005-10-10,2005-10-27,OPTSTK,DIVISLAB,1530.0,CA,0.0,0.0,0.0,94.8,83.75,0.0,0.0,0.0
2005-10-10,2005-10-27,OPTSTK,DIVISLAB,1560.0,CA,0.0,0.0,0.0,93.3,68.25,0.0,0.0,0.0
2005-10-10,2005-10-27,OPTSTK,DIVISLAB,1590.0,CA,0.0,0.0,0.0,100.15,54.85,0.0,0.0,0.0
2005-10-10,2005-10-27,OPTSTK,DIVISLAB,1620.0,CA,0.0,0.0,0.0,98.7,43.45,0.0,0.0,0.0
2005-10-10,2005-10-27,OPTSTK,DIVISLAB,1650.0,CA,0.0,0.0,0.0,87.75,34.0,0.0,0.0,0.0
2005-10-10,2005-10-27,OPTSTK,DIVISLAB,1680.0,CA,0.0,0.0,0.0,52.6,26.3,0.0,0.0,0.0
2005-10-10,2005-10-27,OPTSTK,DIVISLAB,1710.0,CA,0.0,0.0,0.0,65.75,19.95,0.0,0.0,0.0
2005-10-10,2005-10-27,OPTSTK,DIVISLAB,1740.0,CA,0.0,0.0,0.0,54.85,15.0,0.0,0.0,0.0
2005-10-10,2005-10-27,OPTSTK,DIVISLAB,1140.0,PA,0.0,0.0,0.0,46.45,0.1,0.0,0.0,0.0
2005-10-10,2005-10-27,OPTSTK,DIVISLAB,1170.0,PA,0.0,0.0,0.0,65.6,0.2,0.0,0.0,0.0
2005-10-10,2005-10-27,OPTSTK,DIVISLAB,1200.0,PA,0.0,0.0,0.0,69.15,0.4,0.0,0.0,0.0
2005-10-10,2005-10-27,OPTSTK,DIVISLAB,1230.0,PA,0.0,0.0,0.0,81.75,0.75,0.0,0.0,0.0
2005-10-10,2005-10-27,OPTSTK,DIVISLAB,1260.0,PA,0.0,0.0,0.0,95.6,1.4,0.0,0.0,0.0
2005-10-10,2005-10-27,OPTSTK,DIVISLAB,1290.0,PA,0.0,0.0,0.0,110.65,2.45,0.0,0.0,0.0
2005-10-10,2005-10-27,OPTSTK,DIVISLAB,1320.0,PA,0.0,0.0,0.0,126.9,4.05,0.0,0.0,0.0
2005-10-10,2005-10-27,OPTSTK,DIVISLAB,1350.0,PA,0.0,0.0,0.0,144.35,6.55,0.0,0.0,0.0
2005-10-10,2005-10-27,OPTSTK,DIVISLAB,1380.0,PA,0.0,0.0,0.0,162.85,10.05,0.0,0.0,0.0
2005-10-10,2005-10-27,OPTSTK,DIVISLAB,1410.0,PA,0.0,0.0,0.0,148.7,14.9,0.0,0.0,0.0
2005-10-10,2005-10-27,OPTSTK,DIVISLAB,1440.0,PA,0.0,0.0,0.0,124.2,21.35,0.0,0.0,0.0
2005-10-10,2005-10-27,OPTSTK,DIVISLAB,1470.0,PA,0.0,0.0,0.0,140.6,29.5,0.0,0.0,0.0
2005-10-10,2005-10-27,OPTSTK,DIVISLAB,1500.0,PA,0.0,0.0,0.0,158.1,39.7,0.0,0.0,0.0
2005-10-10,2005-10-27,OPTSTK,DIVISLAB,1530.0,PA,0.0,0.0,0.0,176.6,52.0,0.0,0.0,0.0
2005-10-10,2005-10-27,OPTSTK,DIVISLAB,1560.0,PA,0.0,0.0,0.0,178.65,66.4,0.0,0.0,0.0
2005-10-10,2005-10-27,OPTSTK,DIVISLAB,1590.0,PA,0.0,0.0,0.0,168.5,82.95,0.0,0.0,0.0
2005-10-10,2005-10-27,OPTSTK,DIVISLAB,1620.0,PA,0.0,0.0,0.0,158.85,101.45,0.0,0.0,0.0
2005-10-10,2005-10-27,OPTSTK,DIVISLAB,1650.0,PA,0.0,0.0,0.0,177.65,121.9,0.0,0.0,0.0
2005-10-10,2005-10-27,OPTSTK,DIVISLAB,1680.0,PA,0.0,0.0,0.0,127.8,144.15,0.0,0.0,0.0
2005-10-10,2005-10-27,OPTSTK,DIVISLAB,1710.0,PA,0.0,0.0,0.0,113.25,167.75,0.0,0.0,0.0
2005-10-10,2005-10-27,OPTSTK,DIVISLAB,1740.0,PA,0.0,0.0,0.0,132.25,192.7,0.0,0.0,0.0
2005-10-10,2005-11-24,OPTSTK,DIVISLAB,1260.0,CA,0.0,0.0,0.0,165.65,319.75,0.0,0.0,0.0
2005-10-10,2005-11-24,OPTSTK,DIVISLAB,1290.0,CA,0.0,0.0,0.0,183.35,294.05,0.0,0.0,0.0
2005-10-10,2005-11-24,OPTSTK,DIVISLAB,1320.0,CA,0.0,0.0,0.0,166.6,269.35,0.0,0.0,0.0
2005-10-10,2005-11-24,OPTSTK,DIVISLAB,1350.0,CA,0.0,0.0,0.0,151.0,245.6,0.0,0.0,0.0
2005-10-10,2005-11-24,OPTSTK,DIVISLAB,1380.0,CA,0.0,0.0,0.0,136.45,223.05,0.0,0.0,0.0
2005-10-10,2005-11-24,OPTSTK,DIVISLAB,1410.0,CA,0.0,0.0,0.0,123.0,201.65,0.0,0.0,0.0
2005-10-10,2005-11-24,OPTSTK,DIVISLAB,1440.0,CA,0.0,0.0,0.0,110.6,181.4,0.0,0.0,0.0
2005-10-10,2005-11-24,OPTSTK,DIVISLAB,1470.0,CA,0.0,0.0,0.0,99.25,162.55,0.0,0.0,0.0
2005-10-10,2005-11-24,OPTSTK,DIVISLAB,1500.0,CA,0.0,0.0,0.0,145.5,145.0,0.0,0.0,0.0
2005-10-10,2005-11-24,OPTSTK,DIVISLAB,1530.0,CA,0.0,0.0,0.0,133.3,128.8,0.0,0.0,0.0
2005-10-10,2005-11-24,OPTSTK,DIVISLAB,1560.0,CA,0.0,0.0,0.0,121.95,113.9,0.0,0.0,0.0
2005-10-10,2005-11-24,OPTSTK,DIVISLAB,1590.0,CA,0.0,0.0,0.0,130.9,100.3,0.0,0.0,0.0
2005-10-10,2005-11-24,OPTSTK,DIVISLAB,1620.0,CA,0.0,0.0,0.0,129.5,87.95,0.0,0.0,0.0
2005-10-10,2005-11-24,OPTSTK,DIVISLAB,1650.0,CA,0.0,0.0,0.0,118.15,76.8,0.0,0.0,0.0
2005-10-10,2005-11-24,OPTSTK,DIVISLAB,1680.0,CA,0.0,0.0,0.0,94.0,66.75,0.0,0.0,0.0
2005-10-10,2005-11-24,OPTSTK,DIVISLAB,1710.0,CA,0.0,0.0,0.0,111.1,57.85,0.0,0.0,0.0
2005-10-10,2005-11-24,OPTSTK,DIVISLAB,1740.0,CA,0.0,0.0,0.0,99.3,50.0,0.0,0.0,0.0
2005-10-10,2005-11-24,OPTSTK,DIVISLAB,1260.0,PA,0.0,0.0,0.0,50.8,12.6,0.0,0.0,0.0
2005-10-10,2005-11-24,OPTSTK,DIVISLAB,1290.0,PA,0.0,0.0,0.0,78.65,16.75,0.0,0.0,0.0
2005-10-10,2005-11-24,OPTSTK,DIVISLAB,1320.0,PA,0.0,0.0,0.0,91.45,21.75,0.0,0.0,0.0
2005-10-10,2005-11-24,OPTSTK,DIVISLAB,1350.0,PA,0.0,0.0,0.0,105.4,27.85,0.0,0.0,0.0
2005-10-10,2005-11-24,OPTSTK,DIVISLAB,1380.0,PA,0.0,0.0,0.0,120.4,35.05,0.0,0.0,0.0
2005-10-10,2005-11-24,OPTSTK,DIVISLAB,1410.0,PA,0.0,0.0,0.0,136.5,43.4,0.0,0.0,0.0
2005-10-10,2005-11-24,OPTSTK,DIVISLAB,1440.0,PA,0.0,0.0,0.0,153.7,52.95,0.0,0.0,0.0
2005-10-10,2005-11-24,OPTSTK,DIVISLAB,1470.0,PA,0.0,0.0,0.0,171.85,63.9,0.0,0.0,0.0
2005-10-10,2005-11-24,OPTSTK,DIVISLAB,1500.0,PA,0.0,0.0,0.0,164.75,76.1,0.0,0.0,0.0
2005-10-10,2005-11-24,OPTSTK,DIVISLAB,1530.0,PA,0.0,0.0,0.0,182.1,89.65,0.0,0.0,0.0
2005-10-10,2005-11-24,OPTSTK,DIVISLAB,1560.0,PA,0.0,0.0,0.0,200.3,104.55,0.0,0.0,0.0
2005-10-10,2005-11-24,OPTSTK,DIVISLAB,1590.0,PA,0.0,0.0,0.0,192.1,120.7,0.0,0.0,0.0
2005-10-10,2005-11-24,OPTSTK,DIVISLAB,1620.0,PA,0.0,0.0,0.0,182.35,138.15,0.0,0.0,0.0
2005-10-10,2005-11-24,OPTSTK,DIVISLAB,1650.0,PA,0.0,0.0,0.0,200.55,156.75,0.0,0.0,0.0
2005-10-10,2005-11-24,OPTSTK,DIVISLAB,1680.0,PA,0.0,0.0,0.0,161.0,176.55,0.0,0.0,0.0
2005-10-10,2005-11-24,OPTSTK,DIVISLAB,1710.0,PA,0.0,0.0,0.0,150.3,197.4,0.0,0.0,0.0
2005-10-10,2005-11-24,OPTSTK,DIVISLAB,1740.0,PA,0.0,0.0,0.0,168.25,219.3,0.0,0.0,0.0
2005-10-10,2005-12-29,OPTSTK,DIVISLAB,1410.0,CA,0.0,0.0,0.0,207.25,236.7,0.0,0.0,0.0
2005-10-10,2005-12-29,OPTSTK,DIVISLAB,1440.0,CA,0.0,0.0,0.0,190.3,218.2,0.0,0.0,0.0
2005-10-10,2005-12-29,OPTSTK,DIVISLAB,1470.0,CA,0.0,0.0,0.0,174.35,200.75,0.0,0.0,0.0
2005-10-10,2005-12-29,OPTSTK,DIVISLAB,1500.0,CA,0.0,0.0,0.0,159.4,184.25,0.0,0.0,0.0
2005-10-10,2005-12-29,OPTSTK,DIVISLAB,1530.0,CA,0.0,0.0,0.0,145.45,168.75,0.0,0.0,0.0
2005-10-10,2005-12-29,OPTSTK,DIVISLAB,1560.0,CA,0.0,0.0,0.0,132.5,154.25,0.0,0.0,0.0
2005-10-10,2005-12-29,OPTSTK,DIVISLAB,1590.0,CA,0.0,0.0,0.0,120.4,140.75,0.0,0.0,0.0
2005-10-10,2005-12-29,OPTSTK,DIVISLAB,1620.0,CA,0.0,0.0,0.0,109.8,128.15,0.0,0.0,0.0
2005-10-10,2005-12-29,OPTSTK,DIVISLAB,1650.0,CA,0.0,0.0,0.0,145.6,116.45,0.0,0.0,0.0
2005-10-10,2005-12-29,OPTSTK,DIVISLAB,1680.0,CA,0.0,0.0,0.0,133.5,105.65,0.0,0.0,0.0
2005-10-10,2005-12-29,OPTSTK,DIVISLAB,1710.0,CA,0.0,0.0,0.0,153.5,95.65,0.0,0.0,0.0
2005-10-10,2005-12-29,OPTSTK,DIVISLAB,1740.0,CA,0.0,0.0,0.0,141.4,86.5,0.0,0.0,0.0
2005-10-10,2005-12-29,OPTSTK,DIVISLAB,1410.0,PA,0.0,0.0,0.0,86.1,70.4,0.0,0.0,0.0
2005-10-10,2005-12-29,OPTSTK,DIVISLAB,1440.0,PA,0.0,0.0,0.0,98.7,81.55,0.0,0.0,0.0
2005-10-10,2005-12-29,OPTSTK,DIVISLAB,1470.0,PA,0.0,0.0,0.0,112.3,93.65,0.0,0.0,0.0
2005-10-10,2005-12-29,OPTSTK,DIVISLAB,1500.0,PA,0.0,0.0,0.0,126.95,106.8,0.0,0.0,0.0
2005-10-10,2005-12-29,OPTSTK,DIVISLAB,1530.0,PA,0.0,0.0,0.0,142.55,120.9,0.0,0.0,0.0
2005-10-10,2005-12-29,OPTSTK,DIVISLAB,1560.0,PA,0.0,0.0,0.0,159.1,136.05,0.0,0.0,0.0
2005-10-10,2005-12-29,OPTSTK,DIVISLAB,1590.0,PA,0.0,0.0,0.0,176.6,152.1,0.0,0.0,0.0
2005-10-10,2005-12-29,OPTSTK,DIVISLAB,1620.0,PA,0.0,0.0,0.0,183.95,169.1,0.0,0.0,0.0
2005-10-10,2005-12-29,OPTSTK,DIVISLAB,1650.0,PA,0.0,0.0,0.0,173.5,187.05,0.0,0.0,0.0
2005-10-10,2005-12-29,OPTSTK,DIVISLAB,1680.0,PA,0.0,0.0,0.0,190.95,205.85,0.0,0.0,0.0
2005-10-10,2005-12-29,OPTSTK,DIVISLAB,1710.0,PA,0.0,0.0,0.0,183.0,225.45,0.0,0.0,0.0
2005-10-10,2005-12-29,OPTSTK,DIVISLAB,1740.0,PA,0.0,0.0,0.0,200.45,245.85,0.0,0.0,0.0
2005-10-10,2005-10-27,OPTSTK,DRREDDY,720.0,CA,0.0,0.0,0.0,78.8,246.95,0.0,0.0,0.0
2005-10-10,2005-10-27,OPTSTK,DRREDDY,740.0,CA,0.0,0.0,0.0,94.05,227.0,0.0,0.0,0.0
2005-10-10,2005-10-27,OPTSTK,DRREDDY,760.0,CA,0.0,0.0,0.0,80.8,207.05,0.0,0.0,0.0
2005-10-10,2005-10-27,OPTSTK,DRREDDY,780.0,CA,0.0,0.0,0.0,94.05,187.15,0.0,0.0,0.0
2005-10-10,2005-10-27,OPTSTK,DRREDDY,800.0,CA,0.0,0.0,0.0,81.45,167.3,0.0,0.0,0.0
2005-10-10,2005-10-27,OPTSTK,DRREDDY,820.0,CA,0.0,0.0,0.0,69.95,147.6,0.0,0.0,0.0
2005-10-10,2005-10-27,OPTSTK,DRREDDY,840.0,CA,0.0,0.0,0.0,59.65,128.15,0.0,0.0,0.0
2005-10-10,2005-10-27,OPTSTK,DRREDDY,860.0,CA,0.0,0.0,0.0,60.0,109.25,0.0,0.0,2800.0
2005-10-10,2005-10-27,OPTSTK,DRREDDY,880.0,CA,0.0,0.0,0.0,50.0,91.1,0.0,0.0,2000.0
2005-10-10,2005-10-27,OPTSTK,DRREDDY,900.0,CA,63.0,63.0,63.0,63.0,63.0,1.0,3.85,2000.0
2005-10-10,2005-10-27,OPTSTK,DRREDDY,920.0,CA,0.0,0.0,0.0,20.0,58.7,0.0,0.0,800.0
2005-10-10,2005-10-27,OPTSTK,DRREDDY,940.0,CA,0.0,0.0,0.0,39.0,45.1,0.0,0.0,800.0
2005-10-10,2005-10-27,OPTSTK,DRREDDY,960.0,CA,0.0,0.0,0.0,15.8,33.55,0.0,0.0,0.0
2005-10-10,2005-10-27,OPTSTK,DRREDDY,980.0,CA,25.0,25.0,25.0,25.0,25.0,1.0,4.02,400.0
2005-10-10,2005-10-27,OPTSTK,DRREDDY,1000.0,CA,0.0,0.0,0.0,10.6,16.75,0.0,0.0,0.0
2005-10-10,2005-10-27,OPTSTK,DRREDDY,1020.0,CA,0.0,0.0,0.0,0.0,0.0,0.0,0.0,0.0
2005-10-10,2005-10-27,OPTSTK,DRREDDY,720.0,PA,0.0,0.0,0.0,14.45,0.0,0.0,0.0,0.0
2005-10-10,2005-10-27,OPTSTK,DRREDDY,740.0,PA,0.0,0.0,0.0,20.75,0.0,0.0,0.0,0.0
2005-10-10,2005-10-27,OPTSTK,DRREDDY,760.0,PA,0.0,0.0,0.0,27.25,0.05,0.0,0.0,0.0
2005-10-10,2005-10-27,OPTSTK,DRREDDY,780.0,PA,0.0,0.0,0.0,25.3,0.05,0.0,0.0,0.0
2005-10-10,2005-10-27,OPTSTK,DRREDDY,800.0,PA,0.0,0.0,0.0,32.4,0.15,0.0,0.0,0.0
2005-10-10,2005-10-27,OPTSTK,DRREDDY,820.0,PA,0.0,0.0,0.0,40.6,0.4,0.0,0.0,0.0
2005-10-10,2005-10-27,OPTSTK,DRREDDY,840.0,PA,0.0,0.0,0.0,50.0,0.95,0.0,0.0,0.0
2005-10-10,2005-10-27,OPTSTK,DRREDDY,860.0,PA,0.0,0.0,0.0,60.5,1.95,0.0,0.0,0.0
2005-10-10,2005-10-27,OPTSTK,DRREDDY,880.0,PA,0.0,0.0,0.0,29.0,3.8,0.0,0.0,800.0
2005-10-10,2005-10-27,OPTSTK,DRREDDY,900.0,PA,10.0,10.0,10.0,10.0,10.0,1.0,3.64,800.0
2005-10-10,2005-10-27,OPTSTK,DRREDDY,920.0,PA,0.0,0.0,0.0,85.05,11.3,0.0,0.0,0.0
2005-10-10,2005-10-27,OPTSTK,DRREDDY,940.0,PA,0.0,0.0,0.0,65.8,17.6,0.0,0.0,0.0
2005-10-10,2005-10-27,OPTSTK,DRREDDY,960.0,PA,40.0,40.0,40.0,40.0,40.0,1.0,4.0,400.0
2005-10-10,2005-10-27,OPTSTK,DRREDDY,980.0,PA,0.0,0.0,0.0,75.85,36.55,0.0,0.0,0.0
2005-10-10,2005-10-27,OPTSTK,DRREDDY,1000.0,PA,0.0,0.0,0.0,68.0,49.15,0.0,0.0,0.0
2005-10-10,2005-10-27,OPTSTK,DRREDDY,1020.0,PA,0.0,0.0,0.0,0.0,0.0,0.0,0.0,0.0
2005-10-10,2005-11-24,OPTSTK,DRREDDY,720.0,CA,0.0,0.0,0.0,87.8,250.7,0.0,0.0,0.0
2005-10-10,2005-11-24,OPTSTK,DRREDDY,740.0,CA,0.0,0.0,0.0,85.35,231.1,0.0,0.0,0.0
2005-10-10,2005-11-24,OPTSTK,DRREDDY,760.0,CA,0.0,0.0,0.0,72.8,211.7,0.0,0.0,0.0
2005-10-10,2005-11-24,OPTSTK,DRREDDY,780.0,CA,0.0,0.0,0.0,61.55,192.6,0.0,0.0,0.0
2005-10-10,2005-11-24,OPTSTK,DRREDDY,800.0,CA,0.0,0.0,0.0,51.55,173.85,0.0,0.0,0.0
2005-10-10,2005-11-24,OPTSTK,DRREDDY,820.0,CA,0.0,0.0,0.0,42.75,155.65,0.0,0.0,0.0
2005-10-10,2005-11-24,OPTSTK,DRREDDY,840.0,CA,0.0,0.0,0.0,35.15,138.1,0.0,0.0,0.0
2005-10-10,2005-11-24,OPTSTK,DRREDDY,860.0,CA,0.0,0.0,0.0,28.6,121.35,0.0,0.0,0.0
2005-10-10,2005-11-24,OPTSTK,DRREDDY,880.0,CA,0.0,0.0,0.0,15.5,105.6,0.0,0.0,0.0
2005-10-10,2005-11-24,OPTSTK,DRREDDY,900.0,CA,0.0,0.0,0.0,19.0,90.95,0.0,0.0,0.0
2005-10-10,2005-11-24,OPTSTK,DRREDDY,920.0,CA,0.0,0.0,0.0,17.85,77.45,0.0,0.0,0.0
2005-10-10,2005-11-24,OPTSTK,DRREDDY,940.0,CA,0.0,0.0,0.0,24.85,65.25,0.0,0.0,0.0
2005-10-10,2005-11-24,OPTSTK,DRREDDY,960.0,CA,0.0,0.0,0.0,32.3,54.35,0.0,0.0,0.0
2005-10-10,2005-11-24,OPTSTK,DRREDDY,980.0,CA,0.0,0.0,0.0,25.95,44.8,0.0,0.0,0.0
2005-10-10,2005-11-24,OPTSTK,DRREDDY,1000.0,CA,0.0,0.0,0.0,26.5,36.5,0.0,0.0,0.0
2005-10-10,2005-11-24,OPTSTK,DRREDDY,1020.0,CA,0.0,0.0,0.0,0.0,0.0,0.0,0.0,0.0
2005-10-10,2005-11-24,OPTSTK,DRREDDY,720.0,PA,0.0,0.0,0.0,20.15,0.3,0.0,0.0,0.0
2005-10-10,2005-11-24,OPTSTK,DRREDDY,740.0,PA,0.0,0.0,0.0,23.55,0.6,0.0,0.0,0.0
2005-10-10,2005-11-24,OPTSTK,DRREDDY,760.0,PA,0.0,0.0,0.0,30.75,1.05,0.0,0.0,0.0
2005-10-10,2005-11-24,OPTSTK,DRREDDY,780.0,PA,0.0,0.0,0.0,39.15,1.75,0.0,0.0,0.0
2005-10-10,2005-11-24,OPTSTK,DRREDDY,800.0,PA,0.0,0.0,0.0,48.85,2.9,0.0,0.0,0.0
2005-10-10,2005-11-24,OPTSTK,DRREDDY,820.0,PA,0.0,0.0,0.0,59.75,4.55,0.0,0.0,0.0
2005-10-10,2005-11-24,OPTSTK,DRREDDY,840.0,PA,0.0,0.0,0.0,71.85,6.85,0.0,0.0,0.0
2005-10-10,2005-11-24,OPTSTK,DRREDDY,860.0,PA,0.0,0.0,0.0,85.05,9.95,0.0,0.0,0.0
2005-10-10,2005-11-24,OPTSTK,DRREDDY,880.0,PA,0.0,0.0,0.0,75.8,14.05,0.0,0.0,0.0
2005-10-10,2005-11-24,OPTSTK,DRREDDY,900.0,PA,0.0,0.0,0.0,73.2,19.25,0.0,0.0,0.0
2005-10-10,2005-11-24,OPTSTK,DRREDDY,920.0,PA,0.0,0.0,0.0,77.8,25.6,0.0,0.0,0.0
2005-10-10,2005-11-24,OPTSTK,DRREDDY,940.0,PA,0.0,0.0,0.0,74.95,33.25,0.0,0.0,0.0
2005-10-10,2005-11-24,OPTSTK,DRREDDY,960.0,PA,0.0,0.0,0.0,72.6,42.2,0.0,0.0,0.0
2005-10-10,2005-11-24,OPTSTK,DRREDDY,980.0,PA,0.0,0.0,0.0,86.1,52.5,0.0,0.0,0.0
2005-10-10,2005-11-24,OPTSTK,DRREDDY,1000.0,PA,0.0,0.0,0.0,79.05,64.05,0.0,0.0,0.0
2005-10-10,2005-11-24,OPTSTK,DRREDDY,1020.0,PA,0.0,0.0,0.0,0.0,0.0,0.0,0.0,0.0
2005-10-10,2005-12-29,OPTSTK,DRREDDY,780.0,CA,0.0,0.0,0.0,90.15,201.2,0.0,0.0,0.0
2005-10-10,2005-12-29,OPTSTK,DRREDDY,800.0,CA,0.0,0.0,0.0,77.1,183.8,0.0,0.0,0.0
2005-10-10,2005-12-29,OPTSTK,DRREDDY,820.0,CA,0.0,0.0,0.0,65.35,167.0,0.0,0.0,0.0
2005-10-10,2005-12-29,OPTSTK,DRREDDY,840.0,CA,0.0,0.0,0.0,54.8,150.9,0.0,0.0,0.0
2005-10-10,2005-12-29,OPTSTK,DRREDDY,860.0,CA,0.0,0.0,0.0,45.5,135.65,0.0,0.0,0.0
2005-10-10,2005-12-29,OPTSTK,DRREDDY,880.0,CA,0.0,0.0,0.0,37.45,121.25,0.0,0.0,0.0
2005-10-10,2005-12-29,OPTSTK,DRREDDY,900.0,CA,0.0,0.0,0.0,30.5,107.7,0.0,0.0,0.0
2005-10-10,2005-12-29,OPTSTK,DRREDDY,920.0,CA,0.0,0.0,0.0,29.45,95.15,0.0,0.0,0.0
2005-10-10,2005-12-29,OPTSTK,DRREDDY,940.0,CA,0.0,0.0,0.0,39.1,83.6,0.0,0.0,0.0
2005-10-10,2005-12-29,OPTSTK,DRREDDY,960.0,CA,0.0,0.0,0.0,48.65,73.05,0.0,0.0,0.0
2005-10-10,2005-12-29,OPTSTK,DRREDDY,980.0,CA,0.0,0.0,0.0,41.55,63.45,0.0,0.0,0.0
2005-10-10,2005-12-29,OPTSTK,DRREDDY,1000.0,CA,0.0,0.0,0.0,42.6,54.8,0.0,0.0,0.0
2005-10-10,2005-12-29,OPTSTK,DRREDDY,1020.0,CA,0.0,0.0,0.0,0.0,0.0,0.0,0.0,0.0
2005-10-10,2005-12-29,OPTSTK,DRREDDY,780.0,PA,0.0,0.0,0.0,21.05,5.95,0.0,0.0,0.0
2005-10-10,2005-12-29,OPTSTK,DRREDDY,800.0,PA,0.0,0.0,0.0,27.7,8.25,0.0,0.0,0.0
2005-10-10,2005-12-29,OPTSTK,DRREDDY,820.0,PA,0.0,0.0,0.0,35.65,11.2,0.0,0.0,0.0
2005-10-10,2005-12-29,OPTSTK,DRREDDY,840.0,PA,0.0,0.0,0.0,44.8,14.85,0.0,0.0,0.0
2005-10-10,2005-12-29,OPTSTK,DRREDDY,860.0,PA,0.0,0.0,0.0,55.25,19.3,0.0,0.0,0.0
2005-10-10,2005-12-29,OPTSTK,DRREDDY,880.0,PA,0.0,0.0,0.0,66.85,24.65,0.0,0.0,0.0
2005-10-10,2005-12-29,OPTSTK,DRREDDY,900.0,PA,0.0,0.0,0.0,79.65,30.85,0.0,0.0,0.0
2005-10-10,2005-12-29,OPTSTK,DRREDDY,920.0,PA,0.0,0.0,0.0,84.1,38.05,0.0,0.0,0.0
2005-10-10,2005-12-29,OPTSTK,DRREDDY,940.0,PA,0.0,0.0,0.0,83.85,46.25,0.0,0.0,0.0
2005-10-10,2005-12-29,OPTSTK,DRREDDY,960.0,PA,0.0,0.0,0.0,83.5,55.4,0.0,0.0,0.0
2005-10-10,2005-12-29,OPTSTK,DRREDDY,980.0,PA,0.0,0.0,0.0,96.15,65.55,0.0,0.0,0.0
2005-10-10,2005-12-29,OPTSTK,DRREDDY,1000.0,PA,0.0,0.0,0.0,89.45,76.65,0.0,0.0,0.0
2005-10-10,2005-12-29,OPTSTK,DRREDDY,1020.0,PA,0.0,0.0,0.0,0.0,0.0,0.0,0.0,0.0
2005-10-10,2005-10-27,OPTSTK,ESCORTS,75.0,CA,0.0,0.0,0.0,17.35,15.4,0.0,0.0,0.0
2005-10-10,2005-10-27,OPTSTK,ESCORTS,80.0,CA,0.0,0.0,0.0,18.95,11.35,0.0,0.0,0.0
2005-10-10,2005-10-27,OPTSTK,ESCORTS,85.0,CA,0.0,0.0,0.0,15.95,7.95,0.0,0.0,0.0
2005-10-10,2005-10-27,OPTSTK,ESCORTS,90.0,CA,5.5,5.5,4.0,4.15,4.15,15.0,34.08,91200.0
2005-10-10,2005-10-27,OPTSTK,ESCORTS,95.0,CA,3.0,3.05,3.0,3.05,3.05,2.0,4.7,28800.0
2005-10-10,2005-10-27,OPTSTK,ESCORTS,100.0,CA,2.5,2.65,1.8,2.05,2.05,9.0,22.08,170400.0
2005-10-10,2005-10-27,OPTSTK,ESCORTS,105.0,CA,1.5,1.5,1.3,1.4,1.4,2.0,5.1,156000.0
2005-10-10,2005-10-27,OPTSTK,ESCORTS,110.0,CA,0.0,0.0,0.0,1.1,0.65,0.0,0.0,165600.0
2005-10-10,2005-10-27,OPTSTK,ESCORTS,115.0,CA,0.0,0.0,0.0,1.7,0.35,0.0,0.0,12000.0
2005-10-10,2005-10-27,OPTSTK,ESCORTS,120.0,CA,0.0,0.0,0.0,0.5,0.2,0.0,0.0,26400.0
2005-10-10,2005-10-27,OPTSTK,ESCORTS,125.0,CA,0.0,0.0,0.0,10.0,0.1,0.0,0.0,0.0
2005-10-10,2005-10-27,OPTSTK,ESCORTS,130.0,CA,0.0,0.0,0.0,2.25,0.05,0.0,0.0,2400.0
2005-10-10,2005-10-27,OPTSTK,ESCORTS,75.0,PA,0.0,0.0,0.0,0.85,0.75,0.0,0.0,0.0
2005-10-10,2005-10-27,OPTSTK,ESCORTS,80.0,PA,0.0,0.0,0.0,5.0,1.7,0.0,0.0,0.0
2005-10-10,2005-10-27,OPTSTK,ESCORTS,85.0,PA,0.0,0.0,0.0,6.9,3.3,0.0,0.0,0.0
2005-10-10,2005-10-27,OPTSTK,ESCORTS,90.0,PA,0.0,0.0,0.0,9.2,5.6,0.0,0.0,0.0
2005-10-10,2005-10-27,OPTSTK,ESCORTS,95.0,PA,0.0,0.0,0.0,11.85,8.65,0.0,0.0,0.0
2005-10-10,2005-10-27,OPTSTK,ESCORTS,100.0,PA,0.0,0.0,0.0,5.45,12.3,0.0,0.0,14400.0
2005-10-10,2005-10-27,OPTSTK,ESCORTS,105.0,PA,0.0,0.0,0.0,18.1,16.45,0.0,0.0,0.0
2005-10-10,2005-10-27,OPTSTK,ESCORTS,110.0,PA,0.0,0.0,0.0,21.65,20.9,0.0,0.0,0.0
2005-10-10,2005-10-27,OPTSTK,ESCORTS,115.0,PA,0.0,0.0,0.0,22.5,25.6,0.0,0.0,0.0
2005-10-10,2005-10-27,OPTSTK,ESCORTS,120.0,PA,0.0,0.0,0.0,22.75,30.45,0.0,0.0,0.0
2005-10-10,2005-10-27,OPTSTK,ESCORTS,125.0,PA,0.0,0.0,0.0,24.25,35.35,0.0,0.0,0.0
2005-10-10,2005-10-27,OPTSTK,ESCORTS,130.0,PA,0.0,0.0,0.0,25.0,40.25,0.0,0.0,0.0
2005-10-10,2005-11-24,OPTSTK,ESCORTS,75.0,CA,0.0,0.0,0.0,19.6,17.7,0.0,0.0,0.0
2005-10-10,2005-11-24,OPTSTK,ESCORTS,80.0,CA,0.0,0.0,0.0,19.8,14.3,0.0,0.0,0.0
2005-10-10,2005-11-24,OPTSTK,ESCORTS,85.0,CA,0.0,0.0,0.0,24.4,11.35,0.0,0.0,0.0
2005-10-10,2005-11-24,OPTSTK,ESCORTS,90.0,CA,0.0,0.0,0.0,21.4,8.9,0.0,0.0,0.0
2005-10-10,2005-11-24,OPTSTK,ESCORTS,95.0,CA,0.0,0.0,0.0,18.7,6.85,0.0,0.0,0.0
2005-10-10,2005-11-24,OPTSTK,ESCORTS,100.0,CA,0.0,0.0,0.0,16.3,5.25,0.0,0.0,0.0
2005-10-10,2005-11-24,OPTSTK,ESCORTS,105.0,CA,0.0,0.0,0.0,14.15,3.95,0.0,0.0,0.0
2005-10-10,2005-11-24,OPTSTK,ESCORTS,110.0,CA,0.0,0.0,0.0,12.25,2.95,0.0,0.0,0.0
2005-10-10,2005-11-24,OPTSTK,ESCORTS,115.0,CA,0.0,0.0,0.0,10.6,2.15,0.0,0.0,0.0
2005-10-10,2005-11-24,OPTSTK,ESCORTS,120.0,CA,0.0,0.0,0.0,9.55,1.6,0.0,0.0,0.0
2005-10-10,2005-11-24,OPTSTK,ESCORTS,125.0,CA,0.0,0.0,0.0,8.15,1.15,0.0,0.0,0.0
2005-10-10,2005-11-24,OPTSTK,ESCORTS,75.0,PA,0.0,0.0,0.0,2.7,2.7,0.0,0.0,0.0
2005-10-10,2005-11-24,OPTSTK,ESCORTS,80.0,PA,0.0,0.0,0.0,5.1,4.25,0.0,0.0,0.0
2005-10-10,2005-11-24,OPTSTK,ESCORTS,85.0,PA,0.0,0.0,0.0,6.4,6.3,0.0,0.0,0.0
2005-10-10,2005-11-24,OPTSTK,ESCORTS,90.0,PA,0.0,0.0,0.0,8.3,8.8,0.0,0.0,0.0
2005-10-10,2005-11-24,OPTSTK,ESCORTS,95.0,PA,0.0,0.0,0.0,10.55,11.7,0.0,0.0,0.0
2005-10-10,2005-11-24,OPTSTK,ESCORTS,100.0,PA,0.0,0.0,0.0,13.05,15.05,0.0,0.0,0.0
2005-10-10,2005-11-24,OPTSTK,ESCORTS,105.0,PA,0.0,0.0,0.0,15.85,18.7,0.0,0.0,0.0
2005-10-10,2005-11-24,OPTSTK,ESCORTS,110.0,PA,0.0,0.0,0.0,18.9,22.65,0.0,0.0,0.0
2005-10-10,2005-11-24,OPTSTK,ESCORTS,115.0,PA,0.0,0.0,0.0,22.15,26.85,0.0,0.0,0.0
2005-10-10,2005-11-24,OPTSTK,ESCORTS,120.0,PA,0.0,0.0,0.0,24.05,31.25,0.0,0.0,0.0
2005-10-10,2005-11-24,OPTSTK,ESCORTS,125.0,PA,0.0,0.0,0.0,22.5,35.8,0.0,0.0,0.0
2005-10-10,2005-12-29,OPTSTK,ESCORTS,75.0,CA,0.0,0.0,0.0,22.0,20.15,0.0,0.0,0.0
2005-10-10,2005-12-29,OPTSTK,ESCORTS,80.0,CA,0.0,0.0,0.0,22.1,17.1,0.0,0.0,0.0
2005-10-10,2005-12-29,OPTSTK,ESCORTS,85.0,CA,0.0,0.0,0.0,24.9,14.4,0.0,0.0,0.0
2005-10-10,2005-12-29,OPTSTK,ESCORTS,90.0,CA,0.0,0.0,0.0,23.2,12.05,0.0,0.0,0.0
2005-10-10,2005-12-29,OPTSTK,ESCORTS,95.0,CA,0.0,0.0,0.0,20.55,10.0,0.0,0.0,0.0
2005-10-10,2005-12-29,OPTSTK,ESCORTS,100.0,CA,0.0,0.0,0.0,18.15,8.3,0.0,0.0,0.0
2005-10-10,2005-12-29,OPTSTK,ESCORTS,105.0,CA,0.0,0.0,0.0,16.0,6.85,0.0,0.0,0.0
2005-10-10,2005-12-29,OPTSTK,ESCORTS,110.0,CA,0.0,0.0,0.0,14.05,5.6,0.0,0.0,0.0
2005-10-10,2005-12-29,OPTSTK,ESCORTS,115.0,CA,0.0,0.0,0.0,12.35,4.6,0.0,0.0,0.0
2005-10-10,2005-12-29,OPTSTK,ESCORTS,120.0,CA,0.0,0.0,0.0,10.85,3.75,0.0,0.0,0.0
2005-10-10,2005-12-29,OPTSTK,ESCORTS,75.0,PA,0.0,0.0,0.0,4.7,4.75,0.0,0.0,0.0
2005-10-10,2005-12-29,OPTSTK,ESCORTS,80.0,PA,0.0,0.0,0.0,5.15,6.6,0.0,0.0,0.0
2005-10-10,2005-12-29,OPTSTK,ESCORTS,85.0,PA,0.0,0.0,0.0,7.0,8.85,0.0,0.0,0.0
2005-10-10,2005-12-29,OPTSTK,ESCORTS,90.0,PA,0.0,0.0,0.0,9.2,11.4,0.0,0.0,0.0
2005-10-10,2005-12-29,OPTSTK,ESCORTS,95.0,PA,0.0,0.0,0.0,11.5,14.3,0.0,0.0,0.0
2005-10-10,2005-12-29,OPTSTK,ESCORTS,100.0,PA,0.0,0.0,0.0,14.0,17.55,0.0,0.0,0.0
2005-10-10,2005-12-29,OPTSTK,ESCORTS,105.0,PA,0.0,0.0,0.0,16.8,21.0,0.0,0.0,0.0
2005-10-10,2005-12-29,OPTSTK,ESCORTS,110.0,PA,0.0,0.0,0.0,19.8,24.7,0.0,0.0,0.0
2005-10-10,2005-12-29,OPTSTK,ESCORTS,115.0,PA,0.0,0.0,0.0,23.0,28.65,0.0,0.0,0.0
2005-10-10,2005-12-29,OPTSTK,ESCORTS,120.0,PA,0.0,0.0,0.0,26.4,32.75,0.0,0.0,0.0
2005-10-10,2005-10-27,OPTSTK,ESSAROIL,30.0,CA,0.0,0.0,0.0,9.05,8.85,0.0,0.0,0.0
2005-10-10,2005-10-27,OPTSTK,ESSAROIL,32.5,CA,0.0,0.0,0.0,6.9,6.4,0.0,0.0,0.0
2005-10-10,2005-10-27,OPTSTK,ESSAROIL,35.0,CA,0.0,0.0,0.0,5.45,4.15,0.0,0.0,16950.0
2005-10-10,2005-10-27,OPTSTK,ESSAROIL,37.5,CA,0.0,0.0,0.0,3.95,2.35,0.0,0.0,16950.0
2005-10-10,2005-10-27,OPTSTK,ESSAROIL,40.0,CA,1.45,1.55,1.4,1.4,1.4,9.0,21.09,638450.0
2005-10-10,2005-10-27,OPTSTK,ESSAROIL,42.5,CA,0.8,0.8,0.75,0.75,0.75,2.0,4.89,169500.0
2005-10-10,2005-10-27,OPTSTK,ESSAROIL,45.0,CA,0.4,0.4,0.4,0.4,0.4,1.0,2.56,367250.0
2005-10-10,2005-10-27,OPTSTK,ESSAROIL,47.5,CA,0.0,0.0,0.0,0.35,0.05,0.0,0.0,16950.0
2005-10-10,2005-10-27,OPTSTK,ESSAROIL,50.0,CA,0.0,0.0,0.0,0.3,0.05,0.0,0.0,5650.0
2005-10-10,2005-10-27,OPTSTK,ESSAROIL,52.5,CA,0.0,0.0,0.0,4.3,0.0,0.0,0.0,0.0
2005-10-10,2005-10-27,OPTSTK,ESSAROIL,55.0,CA,0.0,0.0,0.0,3.6,0.0,0.0,0.0,0.0
2005-10-10,2005-10-27,OPTSTK,ESSAROIL,30.0,PA,0.0,0.0,0.0,0.25,0.05,0.0,0.0,0.0
2005-10-10,2005-10-27,OPTSTK,ESSAROIL,32.5,PA,0.0,0.0,0.0,0.55,0.1,0.0,0.0,0.0
2005-10-10,2005-10-27,OPTSTK,ESSAROIL,35.0,PA,0.0,0.0,0.0,0.75,0.3,0.0,0.0,5650.0
2005-10-10,2005-10-27,OPTSTK,ESSAROIL,37.5,PA,0.0,0.0,0.0,0.9,1.0,0.0,0.0,56500.0
2005-10-10,2005-10-27,OPTSTK,ESSAROIL,40.0,PA,2.5,2.5,2.5,2.5,2.5,1.0,2.4,113000.0
2005-10-10,2005-10-27,OPTSTK,ESSAROIL,42.5,PA,0.0,0.0,0.0,5.1,4.1,0.0,0.0,0.0
2005-10-10,2005-10-27,OPTSTK,ESSAROIL,45.0,PA,0.0,0.0,0.0,6.6,6.3,0.0,0.0,0.0
2005-10-10,2005-10-27,OPTSTK,ESSAROIL,47.5,PA,0.0,0.0,0.0,8.25,8.7,0.0,0.0,0.0
2005-10-10,2005-10-27,OPTSTK,ESSAROIL,50.0,PA,0.0,0.0,0.0,10.05,11.15,0.0,0.0,0.0
2005-10-10,2005-10-27,OPTSTK,ESSAROIL,52.5,PA,0.0,0.0,0.0,9.3,13.65,0.0,0.0,0.0
2005-10-10,2005-10-27,OPTSTK,ESSAROIL,55.0,PA,0.0,0.0,0.0,11.05,16.15,0.0,0.0,0.0
2005-10-10,2005-11-24,OPTSTK,ESSAROIL,30.0,CA,0.0,0.0,0.0,9.55,9.1,0.0,0.0,0.0
2005-10-10,2005-11-24,OPTSTK,ESSAROIL,32.5,CA,0.0,0.0,0.0,7.6,6.9,0.0,0.0,0.0
2005-10-10,2005-11-24,OPTSTK,ESSAROIL,35.0,CA,0.0,0.0,0.0,8.45,4.95,0.0,0.0,0.0
2005-10-10,2005-11-24,OPTSTK,ESSAROIL,37.5,CA,0.0,0.0,0.0,6.85,3.35,0.0,0.0,0.0
2005-10-10,2005-11-24,OPTSTK,ESSAROIL,40.0,CA,0.0,0.0,0.0,5.45,2.15,0.0,0.0,0.0
2005-10-10,2005-11-24,OPTSTK,ESSAROIL,42.5,CA,0.0,0.0,0.0,4.25,1.3,0.0,0.0,0.0
2005-10-10,2005-11-24,OPTSTK,ESSAROIL,45.0,CA,0.0,0.0,0.0,3.3,0.75,0.0,0.0,0.0
2005-10-10,2005-11-24,OPTSTK,ESSAROIL,47.5,CA,0.0,0.0,0.0,2.55,0.45,0.0,0.0,0.0
2005-10-10,2005-11-24,OPTSTK,ESSAROIL,50.0,CA,0.0,0.0,0.0,1.95,0.25,0.0,0.0,0.0
2005-10-10,2005-11-24,OPTSTK,ESSAROIL,52.5,CA,0.0,0.0,0.0,3.8,0.15,0.0,0.0,0.0
2005-10-10,2005-11-24,OPTSTK,ESSAROIL,30.0,PA,0.0,0.0,0.0,0.6,0.15,0.0,0.0,0.0
2005-10-10,2005-11-24,OPTSTK,ESSAROIL,32.5,PA,0.0,0.0,0.0,1.1,0.4,0.0,0.0,0.0
2005-10-10,2005-11-24,OPTSTK,ESSAROIL,35.0,PA,0.0,0.0,0.0,1.55,0.95,0.0,0.0,0.0
2005-10-10,2005-11-24,OPTSTK,ESSAROIL,37.5,PA,0.0,0.0,0.0,2.35,1.85,0.0,0.0,0.0
2005-10-10,2005-11-24,OPTSTK,ESSAROIL,40.0,PA,0.0,0.0,0.0,3.45,3.1,0.0,0.0,0.0
2005-10-10,2005-11-24,OPTSTK,ESSAROIL,42.5,PA,0.0,0.0,0.0,4.75,4.75,0.0,0.0,0.0
2005-10-10,2005-11-24,OPTSTK,ESSAROIL,45.0,PA,0.0,0.0,0.0,6.25,6.7,0.0,0.0,0.0
2005-10-10,2005-11-24,OPTSTK,ESSAROIL,47.5,PA,0.0,0.0,0.0,7.95,8.8,0.0,0.0,0.0
2005-10-10,2005-11-24,OPTSTK,ESSAROIL,50.0,PA,0.0,0.0,0.0,9.8,11.1,0.0,0.0,0.0
2005-10-10,2005-11-24,OPTSTK,ESSAROIL,52.5,PA,0.0,0.0,0.0,10.15,13.5,0.0,0.0,0.0
2005-10-10,2005-12-29,OPTSTK,ESSAROIL,32.5,CA,0.0,0.0,0.0,8.45,7.55,0.0,0.0,0.0
2005-10-10,2005-12-29,OPTSTK,ESSAROIL,35.0,CA,0.0,0.0,0.0,6.75,5.75,0.0,0.0,0.0
2005-10-10,2005-12-29,OPTSTK,ESSAROIL,37.5,CA,0.0,0.0,0.0,5.3,4.3,0.0,0.0,0.0
2005-10-10,2005-12-29,OPTSTK,ESSAROIL,40.0,CA,0.0,0.0,0.0,4.1,3.1,0.0,0.0,0.0
2005-10-10,2005-12-29,OPTSTK,ESSAROIL,42.5,CA,0.0,0.0,0.0,3.1,2.2,0.0,0.0,0.0
2005-10-10,2005-12-29,OPTSTK,ESSAROIL,45.0,CA,0.0,0.0,0.0,2.35,1.5,0.0,0.0,0.0
2005-10-10,2005-12-29,OPTSTK,ESSAROIL,47.5,CA,0.0,0.0,0.0,1.75,1.0,0.0,0.0,0.0
2005-10-10,2005-12-29,OPTSTK,ESSAROIL,32.5,PA,0.0,0.0,0.0,1.2,0.85,0.0,0.0,0.0
2005-10-10,2005-12-29,OPTSTK,ESSAROIL,35.0,PA,0.0,0.0,0.0,1.95,1.55,0.0,0.0,0.0
2005-10-10,2005-12-29,OPTSTK,ESSAROIL,37.5,PA,0.0,0.0,0.0,2.95,2.55,0.0,0.0,0.0
2005-10-10,2005-12-29,OPTSTK,ESSAROIL,40.0,PA,0.0,0.0,0.0,4.2,3.8,0.0,0.0,0.0
2005-10-10,2005-12-29,OPTSTK,ESSAROIL,42.5,PA,0.0,0.0,0.0,5.7,5.4,0.0,0.0,0.0
2005-10-10,2005-12-29,OPTSTK,ESSAROIL,45.0,PA,0.0,0.0,0.0,7.35,7.15,0.0,0.0,0.0
2005-10-10,2005-12-29,OPTSTK,ESSAROIL,47.5,PA,0.0,0.0,0.0,9.25,9.15,0.0,0.0,0.0
2005-10-10,2005-10-27,OPTSTK,FEDERALBNK,160.0,CA,0.0,0.0,0.0,24.5,28.45,0.0,0.0,0.0
2005-10-10,2005-10-27,OPTSTK,FEDERALBNK,165.0,CA,0.0,0.0,0.0,27.45,23.8,0.0,0.0,0.0
2005-10-10,2005-10-27,OPTSTK,FEDERALBNK,170.0,CA,0.0,0.0,0.0,26.2,19.35,0.0,0.0,0.0
2005-10-10,2005-10-27,OPTSTK,FEDERALBNK,175.0,CA,0.0,0.0,0.0,23.4,15.25,0.0,0.0,0.0
2005-10-10,2005-10-27,OPTSTK,FEDERALBNK,180.0,CA,0.0,0.0,0.0,20.85,11.6,0.0,0.0,0.0
2005-10-10,2005-10-27,OPTSTK,FEDERALBNK,185.0,CA,0.0,0.0,0.0,18.45,8.55,0.0,0.0,0.0
2005-10-10,2005-10-27,OPTSTK,FEDERALBNK,190.0,CA,6.0,6.0,5.35,5.35,5.35,2.0,5.08,14300.0
2005-10-10,2005-10-27,OPTSTK,FEDERALBNK,195.0,CA,0.0,0.0,0.0,14.4,4.1,0.0,0.0,0.0
2005-10-10,2005-10-27,OPTSTK,FEDERALBNK,200.0,CA,3.5,3.5,2.2,2.2,2.2,9.0,23.74,62400.0
2005-10-10,2005-10-27,OPTSTK,FEDERALBNK,205.0,CA,0.0,0.0,0.0,3.7,1.7,0.0,0.0,2600.0
2005-10-10,2005-10-27,OPTSTK,FEDERALBNK,210.0,CA,0.0,0.0,0.0,2.1,1.05,0.0,0.0,3900.0
2005-10-10,2005-10-27,OPTSTK,FEDERALBNK,215.0,CA,0.0,0.0,0.0,18.05,0.6,0.0,0.0,0.0
2005-10-10,2005-10-27,OPTSTK,FEDERALBNK,160.0,PA,0.0,0.0,0.0,8.0,0.25,0.0,0.0,0.0
2005-10-10,2005-10-27,OPTSTK,FEDERALBNK,165.0,PA,0.0,0.0,0.0,7.75,0.55,0.0,0.0,0.0
2005-10-10,2005-10-27,OPTSTK,FEDERALBNK,170.0,PA,0.0,0.0,0.0,10.7,1.1,0.0,0.0,0.0
2005-10-10,2005-10-27,OPTSTK,FEDERALBNK,175.0,PA,0.0,0.0,0.0,12.85,2.0,0.0,0.0,0.0
2005-10-10,2005-10-27,OPTSTK,FEDERALBNK,180.0,PA,0.0,0.0,0.0,15.2,3.35,0.0,0.0,0.0
2005-10-10,2005-10-27,OPTSTK,FEDERALBNK,185.0,PA,0.0,0.0,0.0,17.75,5.25,0.0,0.0,0.0
2005-10-10,2005-10-27,OPTSTK,FEDERALBNK,190.0,PA,0.0,0.0,0.0,6.0,7.75,0.0,0.0,1300.0
2005-10-10,2005-10-27,OPTSTK,FEDERALBNK,195.0,PA,0.0,0.0,0.0,23.5,10.8,0.0,0.0,0.0
2005-10-10,2005-10-27,OPTSTK,FEDERALBNK,200.0,PA,0.0,0.0,0.0,26.7,14.4,0.0,0.0,0.0
2005-10-10,2005-10-27,OPTSTK,FEDERALBNK,205.0,PA,0.0,0.0,0.0,23.45,18.4,0.0,0.0,0.0
2005-10-10,2005-10-27,OPTSTK,FEDERALBNK,210.0,PA,0.0,0.0,0.0,26.35,22.7,0.0,0.0,0.0
2005-10-10,2005-10-27,OPTSTK,FEDERALBNK,215.0,PA,0.0,0.0,0.0,29.35,27.25,0.0,0.0,0.0
2005-10-10,2005-11-24,OPTSTK,FEDERALBNK,160.0,CA,0.0,0.0,0.0,26.3,30.65,0.0,0.0,0.0
2005-10-10,2005-11-24,OPTSTK,FEDERALBNK,165.0,CA,0.0,0.0,0.0,23.5,26.55,0.0,0.0,0.0
2005-10-10,2005-11-24,OPTSTK,FEDERALBNK,170.0,CA,0.0,0.0,0.0,20.9,22.7,0.0,0.0,0.0
2005-10-10,2005-11-24,OPTSTK,FEDERALBNK,175.0,CA,0.0,0.0,0.0,18.5,19.2,0.0,0.0,0.0
2005-10-10,2005-11-24,OPTSTK,FEDERALBNK,180.0,CA,0.0,0.0,0.0,16.35,16.0,0.0,0.0,0.0
2005-10-10,2005-11-24,OPTSTK,FEDERALBNK,185.0,CA,0.0,0.0,0.0,14.4,13.2,0.0,0.0,0.0
2005-10-10,2005-11-24,OPTSTK,FEDERALBNK,190.0,CA,0.0,0.0,0.0,12.6,10.75,0.0,0.0,0.0
2005-10-10,2005-11-24,OPTSTK,FEDERALBNK,195.0,CA,0.0,0.0,0.0,16.35,8.65,0.0,0.0,0.0
2005-10-10,2005-11-24,OPTSTK,FEDERALBNK,200.0,CA,0.0,0.0,0.0,14.6,6.85,0.0,0.0,0.0
2005-10-10,2005-11-24,OPTSTK,FEDERALBNK,205.0,CA,0.0,0.0,0.0,8.4,5.4,0.0,0.0,0.0
2005-10-10,2005-11-24,OPTSTK,FEDERALBNK,210.0,CA,0.0,0.0,0.0,8.8,4.2,0.0,0.0,0.0
2005-10-10,2005-11-24,OPTSTK,FEDERALBNK,160.0,PA,0.0,0.0,0.0,10.2,1.65,0.0,0.0,0.0
2005-10-10,2005-11-24,OPTSTK,FEDERALBNK,165.0,PA,0.0,0.0,0.0,12.3,2.5,0.0,0.0,0.0
2005-10-10,2005-11-24,OPTSTK,FEDERALBNK,170.0,PA,0.0,0.0,0.0,14.6,3.65,0.0,0.0,0.0
2005-10-10,2005-11-24,OPTSTK,FEDERALBNK,175.0,PA,0.0,0.0,0.0,17.15,5.1,0.0,0.0,0.0
2005-10-10,2005-11-24,OPTSTK,FEDERALBNK,180.0,PA,0.0,0.0,0.0,19.9,6.9,0.0,0.0,0.0
2005-10-10,2005-11-24,OPTSTK,FEDERALBNK,185.0,PA,0.0,0.0,0.0,22.9,9.05,0.0,0.0,0.0
2005-10-10,2005-11-24,OPTSTK,FEDERALBNK,190.0,PA,0.0,0.0,0.0,26.05,11.55,0.0,0.0,0.0
2005-10-10,2005-11-24,OPTSTK,FEDERALBNK,195.0,PA,0.0,0.0,0.0,25.6,14.4,0.0,0.0,0.0
2005-10-10,2005-11-24,OPTSTK,FEDERALBNK,200.0,PA,0.0,0.0,0.0,28.75,17.6,0.0,0.0,0.0
2005-10-10,2005-11-24,OPTSTK,FEDERALBNK,205.0,PA,0.0,0.0,0.0,23.25,21.05,0.0,0.0,0.0
2005-10-10,2005-11-24,OPTSTK,FEDERALBNK,210.0,PA,0.0,0.0,0.0,21.35,24.85,0.0,0.0,0.0
2005-10-10,2005-12-29,OPTSTK,FEDERALBNK,170.0,CA,0.0,0.0,0.0,28.55,26.25,0.0,0.0,0.0
2005-10-10,2005-12-29,OPTSTK,FEDERALBNK,175.0,CA,0.0,0.0,0.0,25.55,23.0,0.0,0.0,0.0
2005-10-10,2005-12-29,OPTSTK,FEDERALBNK,180.0,CA,0.0,0.0,0.0,22.75,20.05,0.0,0.0,0.0
2005-10-10,2005-12-29,OPTSTK,FEDERALBNK,185.0,CA,0.0,0.0,0.0,20.15,17.35,0.0,0.0,0.0
2005-10-10,2005-12-29,OPTSTK,FEDERALBNK,190.0,CA,0.0,0.0,0.0,17.8,14.95,0.0,0.0,0.0
2005-10-10,2005-12-29,OPTSTK,FEDERALBNK,195.0,CA,0.0,0.0,0.0,15.7,12.8,0.0,0.0,0.0
2005-10-10,2005-12-29,OPTSTK,FEDERALBNK,200.0,CA,0.0,0.0,0.0,13.75,10.85,0.0,0.0,0.0
2005-10-10,2005-12-29,OPTSTK,FEDERALBNK,205.0,CA,0.0,0.0,0.0,11.75,9.2,0.0,0.0,0.0
2005-10-10,2005-12-29,OPTSTK,FEDERALBNK,210.0,CA,0.0,0.0,0.0,11.95,7.75,0.0,0.0,0.0
2005-10-10,2005-12-29,OPTSTK,FEDERALBNK,170.0,PA,0.0,0.0,0.0,8.7,6.2,0.0,0.0,0.0
2005-10-10,2005-12-29,OPTSTK,FEDERALBNK,175.0,PA,0.0,0.0,0.0,10.6,7.9,0.0,0.0,0.0
2005-10-10,2005-12-29,OPTSTK,FEDERALBNK,180.0,PA,0.0,0.0,0.0,12.75,9.9,0.0,0.0,0.0
2005-10-10,2005-12-29,OPTSTK,FEDERALBNK,185.0,PA,0.0,0.0,0.0,15.1,12.15,0.0,0.0,0.0
2005-10-10,2005-12-29,OPTSTK,FEDERALBNK,190.0,PA,0.0,0.0,0.0,17.65,14.65,0.0,0.0,0.0
2005-10-10,2005-12-29,OPTSTK,FEDERALBNK,195.0,PA,0.0,0.0,0.0,20.45,17.4,0.0,0.0,0.0
2005-10-10,2005-12-29,OPTSTK,FEDERALBNK,200.0,PA,0.0,0.0,0.0,23.45,20.45,0.0,0.0,0.0
2005-10-10,2005-12-29,OPTSTK,FEDERALBNK,205.0,PA,0.0,0.0,0.0,25.6,23.7,0.0,0.0,0.0
2005-10-10,2005-12-29,OPTSTK,FEDERALBNK,210.0,PA,0.0,0.0,0.0,24.35,27.2,0.0,0.0,0.0
2005-10-10,2005-10-27,OPTSTK,GAIL,210.0,CA,0.0,0.0,0.0,24.15,61.85,0.0,0.0,0.0
2005-10-10,2005-10-27,OPTSTK,GAIL,215.0,CA,0.0,0.0,0.0,50.0,56.9,0.0,0.0,1500.0
2005-10-10,2005-10-27,OPTSTK,GAIL,220.0,CA,0.0,0.0,0.0,17.75,51.95,0.0,0.0,0.0
2005-10-10,2005-10-27,OPTSTK,GAIL,225.0,CA,0.0,0.0,0.0,15.0,47.0,0.0,0.0,0.0
2005-10-10,2005-10-27,OPTSTK,GAIL,230.0,CA,0.0,0.0,0.0,7.0,42.15,0.0,0.0,0.0
2005-10-10,2005-10-27,OPTSTK,GAIL,235.0,CA,0.0,0.0,0.0,10.4,37.35,0.0,0.0,0.0
2005-10-10,2005-10-27,OPTSTK,GAIL,240.0,CA,0.0,0.0,0.0,42.0,32.7,0.0,0.0,0.0
2005-10-10,2005-10-27,OPTSTK,GAIL,245.0,CA,0.0,0.0,0.0,14.3,28.25,0.0,0.0,0.0
2005-10-10,2005-10-27,OPTSTK,GAIL,250.0,CA,21.0,23.0,21.0,23.0,23.0,2.0,8.16,25500.0
2005-10-10,2005-10-27,OPTSTK,GAIL,255.0,CA,0.0,0.0,0.0,35.0,20.1,0.0,0.0,3000.0
2005-10-10,2005-10-27,OPTSTK,GAIL,260.0,CA,15.8,20.0,15.8,20.0,20.0,4.0,16.66,76500.0
2005-10-10,2005-10-27,OPTSTK,GAIL,265.0,CA,0.0,0.0,0.0,5.3,13.3,0.0,0.0,0.0
2005-10-10,2005-10-27,OPTSTK,GAIL,270.0,CA,8.8,13.0,8.2,11.9,11.9,102.0,429.2,222000.0
2005-10-10,2005-10-27,OPTSTK,GAIL,280.0,CA,7.5,8.75,5.5,8.0,8.0,197.0,847.96,817500.0
2005-10-10,2005-10-27,OPTSTK,GAIL,290.0,CA,3.1,5.25,2.3,4.6,4.6,41.0,180.84,250500.0
2005-10-10,2005-10-27,OPTSTK,GAIL,300.0,CA,2.5,3.0,1.75,2.6,2.6,17.0,77.05,145500.0
2005-10-10,2005-10-27,OPTSTK,GAIL,310.0,CA,0.0,0.0,0.0,1.0,0.8,0.0,0.0,12000.0
2005-10-10,2005-10-27,OPTSTK,GAIL,210.0,PA,0.0,0.0,0.0,5.05,0.05,0.0,0.0,0.0
2005-10-10,2005-10-27,OPTSTK,GAIL,215.0,PA,0.0,0.0,0.0,6.6,0.05,0.0,0.0,0.0
2005-10-10,2005-10-27,OPTSTK,GAIL,220.0,PA,0.0,0.0,0.0,8.5,0.1,0.0,0.0,0.0
2005-10-10,2005-10-27,OPTSTK,GAIL,225.0,PA,0.0,0.0,0.0,10.7,0.15,0.0,0.0,0.0
2005-10-10,2005-10-27,OPTSTK,GAIL,230.0,PA,0.0,0.0,0.0,13.15,0.25,0.0,0.0,0.0
2005-10-10,2005-10-27,OPTSTK,GAIL,235.0,PA,0.0,0.0,0.0,15.95,0.45,0.0,0.0,0.0
2005-10-10,2005-10-27,OPTSTK,GAIL,240.0,PA,0.0,0.0,0.0,19.05,0.8,0.0,0.0,0.0
2005-10-10,2005-10-27,OPTSTK,GAIL,245.0,PA,0.0,0.0,0.0,19.85,1.3,0.0,0.0,0.0
2005-10-10,2005-10-27,OPTSTK,GAIL,250.0,PA,3.15,3.15,3.0,3.0,3.0,2.0,7.59,45000.0
2005-10-10,2005-10-27,OPTSTK,GAIL,255.0,PA,4.0,4.0,4.0,4.0,4.0,1.0,3.88,3000.0
2005-10-10,2005-10-27,OPTSTK,GAIL,260.0,PA,7.25,7.65,5.1,5.95,5.95,8.0,31.99,82500.0
2005-10-10,2005-10-27,OPTSTK,GAIL,265.0,PA,0.0,0.0,0.0,7.0,6.3,0.0,0.0,1500.0
2005-10-10,2005-10-27,OPTSTK,GAIL,270.0,PA,12.5,12.5,8.9,9.0,9.0,5.0,21.04,48000.0
2005-10-10,2005-10-27,OPTSTK,GAIL,280.0,PA,20.0,20.0,16.5,16.5,16.5,3.0,13.44,60000.0
2005-10-10,2005-10-27,OPTSTK,GAIL,290.0,PA,0.0,0.0,0.0,31.05,21.3,0.0,0.0,0.0
2005-10-10,2005-10-27,OPTSTK,GAIL,300.0,PA,0.0,0.0,0.0,35.1,29.6,0.0,0.0,0.0
2005-10-10,2005-10-27,OPTSTK,GAIL,310.0,PA,0.0,0.0,0.0,31.65,38.7,0.0,0.0,0.0
2005-10-10,2005-11-24,OPTSTK,GAIL,215.0,CA,0.0,0.0,0.0,25.35,58.55,0.0,0.0,0.0
2005-10-10,2005-11-24,OPTSTK,GAIL,220.0,CA,0.0,0.0,0.0,22.15,53.95,0.0,0.0,0.0
2005-10-10,2005-11-24,OPTSTK,GAIL,225.0,CA,0.0,0.0,0.0,19.25,49.4,0.0,0.0,0.0
2005-10-10,2005-11-24,OPTSTK,GAIL,230.0,CA,0.0,0.0,0.0,16.6,45.0,0.0,0.0,0.0
2005-10-10,2005-11-24,OPTSTK,GAIL,235.0,CA,0.0,0.0,0.0,14.2,40.75,0.0,0.0,0.0
2005-10-10,2005-11-24,OPTSTK,GAIL,240.0,CA,0.0,0.0,0.0,12.05,36.7,0.0,0.0,0.0
2005-10-10,2005-11-24,OPTSTK,GAIL,245.0,CA,0.0,0.0,0.0,10.2,32.8,0.0,0.0,0.0
2005-10-10,2005-11-24,OPTSTK,GAIL,250.0,CA,0.0,0.0,0.0,7.75,29.2,0.0,0.0,0.0
2005-10-10,2005-11-24,OPTSTK,GAIL,255.0,CA,0.0,0.0,0.0,8.25,25.75,0.0,0.0,0.0
2005-10-10,2005-11-24,OPTSTK,GAIL,260.0,CA,0.0,0.0,0.0,20.95,22.6,0.0,0.0,1500.0
2005-10-10,2005-11-24,OPTSTK,GAIL,265.0,CA,0.0,0.0,0.0,9.15,19.7,0.0,0.0,0.0
2005-10-10,2005-11-24,OPTSTK,GAIL,270.0,CA,0.0,0.0,0.0,7.1,17.1,0.0,0.0,0.0
2005-10-10,2005-11-24,OPTSTK,GAIL,280.0,CA,0.0,0.0,0.0,4.65,12.55,0.0,0.0,0.0
2005-10-10,2005-11-24,OPTSTK,GAIL,290.0,CA,0.0,0.0,0.0,10.0,9.0,0.0,0.0,3000.0
2005-10-10,2005-11-24,OPTSTK,GAIL,300.0,CA,0.0,0.0,0.0,5.8,6.3,0.0,0.0,0.0
2005-10-10,2005-11-24,OPTSTK,GAIL,310.0,CA,0.0,0.0,0.0,8.95,4.3,0.0,0.0,0.0
2005-10-10,2005-11-24,OPTSTK,GAIL,215.0,PA,0.0,0.0,0.0,6.6,0.7,0.0,0.0,0.0
2005-10-10,2005-11-24,OPTSTK,GAIL,220.0,PA,0.0,0.0,0.0,8.3,1.0,0.0,0.0,0.0
2005-10-10,2005-11-24,OPTSTK,GAIL,225.0,PA,0.0,0.0,0.0,10.3,1.45,0.0,0.0,0.0
2005-10-10,2005-11-24,OPTSTK,GAIL,230.0,PA,0.0,0.0,0.0,12.55,2.0,0.0,0.0,0.0
2005-10-10,2005-11-24,OPTSTK,GAIL,235.0,PA,0.0,0.0,0.0,15.1,2.7,0.0,0.0,0.0
2005-10-10,2005-11-24,OPTSTK,GAIL,240.0,PA,0.0,0.0,0.0,17.9,3.6,0.0,0.0,0.0
2005-10-10,2005-11-24,OPTSTK,GAIL,245.0,PA,0.0,0.0,0.0,20.95,4.7,0.0,0.0,0.0
2005-10-10,2005-11-24,OPTSTK,GAIL,250.0,PA,0.0,0.0,0.0,21.2,6.05,0.0,0.0,0.0
2005-10-10,2005-11-24,OPTSTK,GAIL,255.0,PA,0.0,0.0,0.0,21.75,7.6,0.0,0.0,0.0
2005-10-10,2005-11-24,OPTSTK,GAIL,260.0,PA,0.0,0.0,0.0,20.35,9.4,0.0,0.0,0.0
2005-10-10,2005-11-24,OPTSTK,GAIL,265.0,PA,0.0,0.0,0.0,23.9,11.45,0.0,0.0,0.0
2005-10-10,2005-11-24,OPTSTK,GAIL,270.0,PA,0.0,0.0,0.0,23.35,13.8,0.0,0.0,0.0
2005-10-10,2005-11-24,OPTSTK,GAIL,280.0,PA,0.0,0.0,0.0,30.75,19.2,0.0,0.0,0.0
2005-10-10,2005-11-24,OPTSTK,GAIL,290.0,PA,0.0,0.0,0.0,33.0,25.55,0.0,0.0,0.0
2005-10-10,2005-11-24,OPTSTK,GAIL,300.0,PA,0.0,0.0,0.0,36.7,32.8,0.0,0.0,0.0
2005-10-10,2005-11-24,OPTSTK,GAIL,310.0,PA,0.0,0.0,0.0,35.4,40.7,0.0,0.0,0.0
2005-10-10,2005-12-29,OPTSTK,GAIL,230.0,CA,0.0,0.0,0.0,40.0,48.75,0.0,0.0,0.0
2005-10-10,2005-12-29,OPTSTK,GAIL,240.0,CA,0.0,0.0,0.0,32.65,41.2,0.0,0.0,0.0
2005-10-10,2005-12-29,OPTSTK,GAIL,250.0,CA,0.0,0.0,0.0,26.2,34.35,0.0,0.0,0.0
2005-10-10,2005-12-29,OPTSTK,GAIL,260.0,CA,0.0,0.0,0.0,20.6,28.25,0.0,0.0,0.0
2005-10-10,2005-12-29,OPTSTK,GAIL,270.0,CA,0.0,0.0,0.0,15.9,22.95,0.0,0.0,0.0
2005-10-10,2005-12-29,OPTSTK,GAIL,280.0,CA,0.0,0.0,0.0,12.05,18.4,0.0,0.0,0.0
2005-10-10,2005-12-29,OPTSTK,GAIL,290.0,CA,0.0,0.0,0.0,9.0,14.55,0.0,0.0,0.0
2005-10-10,2005-12-29,OPTSTK,GAIL,300.0,CA,0.0,0.0,0.0,17.8,11.4,0.0,0.0,0.0
2005-10-10,2005-12-29,OPTSTK,GAIL,310.0,CA,0.0,0.0,0.0,14.5,8.8,0.0,0.0,0.0
2005-10-10,2005-12-29,OPTSTK,GAIL,230.0,PA,0.0,0.0,0.0,4.45,4.45,0.0,0.0,0.0
2005-10-10,2005-12-29,OPTSTK,GAIL,240.0,PA,0.0,0.0,0.0,7.0,6.75,0.0,0.0,0.0
2005-10-10,2005-12-29,OPTSTK,GAIL,250.0,PA,0.0,0.0,0.0,10.35,9.75,0.0,0.0,0.0
2005-10-10,2005-12-29,OPTSTK,GAIL,260.0,PA,0.0,0.0,0.0,14.6,13.55,0.0,0.0,0.0
2005-10-10,2005-12-29,OPTSTK,GAIL,270.0,PA,0.0,0.0,0.0,19.8,18.1,0.0,0.0,0.0
2005-10-10,2005-12-29,OPTSTK,GAIL,280.0,PA,0.0,0.0,0.0,25.8,23.4,0.0,0.0,0.0
2005-10-10,2005-12-29,OPTSTK,GAIL,290.0,PA,0.0,0.0,0.0,32.55,29.45,0.0,0.0,0.0
2005-10-10,2005-12-29,OPTSTK,GAIL,300.0,PA,0.0,0.0,0.0,32.65,36.15,0.0,0.0,0.0
2005-10-10,2005-12-29,OPTSTK,GAIL,310.0,PA,0.0,0.0,0.0,39.2,43.45,0.0,0.0,0.0
2005-10-10,2005-10-27,OPTSTK,GESHIPPING,140.0,CA,0.0,0.0,0.0,23.55,61.35,0.0,0.0,0.0
2005-10-10,2005-10-27,OPTSTK,GESHIPPING,145.0,CA,0.0,0.0,0.0,20.45,56.35,0.0,0.0,0.0
2005-10-10,2005-10-27,OPTSTK,GESHIPPING,150.0,CA,0.0,0.0,0.0,17.6,51.35,0.0,0.0,0.0
2005-10-10,2005-10-27,OPTSTK,GESHIPPING,155.0,CA,0.0,0.0,0.0,15.05,46.4,0.0,0.0,0.0
2005-10-10,2005-10-27,OPTSTK,GESHIPPING,160.0,CA,0.0,0.0,0.0,12.8,41.4,0.0,0.0,0.0
2005-10-10,2005-10-27,OPTSTK,GESHIPPING,165.0,CA,0.0,0.0,0.0,10.8,36.5,0.0,0.0,0.0
2005-10-10,2005-10-27,OPTSTK,GESHIPPING,170.0,CA,0.0,0.0,0.0,9.1,31.65,0.0,0.0,0.0
2005-10-10,2005-10-27,OPTSTK,GESHIPPING,175.0,CA,0.0,0.0,0.0,10.85,26.9,0.0,0.0,0.0
2005-10-10,2005-10-27,OPTSTK,GESHIPPING,180.0,CA,0.0,0.0,0.0,17.5,22.4,0.0,0.0,0.0
2005-10-10,2005-10-27,OPTSTK,GESHIPPING,185.0,CA,0.0,0.0,0.0,15.55,18.15,0.0,0.0,0.0
2005-10-10,2005-10-27,OPTSTK,GESHIPPING,190.0,CA,0.0,0.0,0.0,13.75,14.35,0.0,0.0,0.0
2005-10-10,2005-10-27,OPTSTK,GESHIPPING,195.0,CA,0.0,0.0,0.0,10.0,11.0,0.0,0.0,1350.0
2005-10-10,2005-10-27,OPTSTK,GESHIPPING,200.0,CA,7.5,9.85,7.4,8.0,8.0,8.0,22.47,87750.0
2005-10-10,2005-10-27,OPTSTK,GESHIPPING,205.0,CA,5.2,6.0,5.15,6.0,6.0,3.0,8.52,22950.0
2005-10-10,2005-10-27,OPTSTK,GESHIPPING,210.0,CA,4.8,5.0,4.0,4.3,4.3,23.0,66.57,149850.0
2005-10-10,2005-10-27,OPTSTK,GESHIPPING,215.0,CA,0.0,0.0,0.0,4.5,2.75,0.0,0.0,40500.0
2005-10-10,2005-10-27,OPTSTK,GESHIPPING,220.0,CA,1.5,2.2,1.5,1.7,1.7,12.0,35.93,86400.0
2005-10-10,2005-10-27,OPTSTK,GESHIPPING,225.0,CA,0.0,0.0,0.0,2.5,1.15,0.0,0.0,5400.0
2005-10-10,2005-10-27,OPTSTK,GESHIPPING,230.0,CA,1.5,1.5,1.5,1.5,1.5,1.0,3.12,10800.0
2005-10-10,2005-10-27,OPTSTK,GESHIPPING,140.0,PA,0.0,0.0,0.0,6.15,0.0,0.0,0.0,0.0
2005-10-10,2005-10-27,OPTSTK,GESHIPPING,145.0,PA,0.0,0.0,0.0,7.95,0.0,0.0,0.0,0.0
2005-10-10,2005-10-27,OPTSTK,GESHIPPING,150.0,PA,0.0,0.0,0.0,10.05,0.0,0.0,0.0,0.0
2005-10-10,2005-10-27,OPTSTK,GESHIPPING,155.0,PA,0.0,0.0,0.0,12.45,0.05,0.0,0.0,0.0
2005-10-10,2005-10-27,OPTSTK,GESHIPPING,160.0,PA,0.0,0.0,0.0,15.1,0.05,0.0,0.0,0.0
2005-10-10,2005-10-27,OPTSTK,GESHIPPING,165.0,PA,0.0,0.0,0.0,18.05,0.1,0.0,0.0,0.0
2005-10-10,2005-10-27,OPTSTK,GESHIPPING,170.0,PA,0.0,0.0,0.0,21.25,0.25,0.0,0.0,0.0
2005-10-10,2005-10-27,OPTSTK,GESHIPPING,175.0,PA,0.0,0.0,0.0,21.15,0.5,0.0,0.0,0.0
2005-10-10,2005-10-27,OPTSTK,GESHIPPING,180.0,PA,0.0,0.0,0.0,21.05,1.0,0.0,0.0,0.0
2005-10-10,2005-10-27,OPTSTK,GESHIPPING,185.0,PA,0.0,0.0,0.0,24.05,1.75,0.0,0.0,0.0
2005-10-10,2005-10-27,OPTSTK,GESHIPPING,190.0,PA,0.0,0.0,0.0,1.05,2.9,0.0,0.0,20250.0
2005-10-10,2005-10-27,OPTSTK,GESHIPPING,195.0,PA,0.0,0.0,0.0,3.25,4.55,0.0,0.0,1350.0
2005-10-10,2005-10-27,OPTSTK,GESHIPPING,200.0,PA,0.0,0.0,0.0,6.75,6.7,0.0,0.0,21600.0
2005-10-10,2005-10-27,OPTSTK,GESHIPPING,205.0,PA,0.0,0.0,0.0,12.0,9.4,0.0,0.0,4050.0
2005-10-10,2005-10-27,OPTSTK,GESHIPPING,210.0,PA,0.0,0.0,0.0,9.0,12.6,0.0,0.0,8100.0
2005-10-10,2005-10-27,OPTSTK,GESHIPPING,215.0,PA,0.0,0.0,0.0,8.0,16.25,0.0,0.0,4050.0
2005-10-10,2005-10-27,OPTSTK,GESHIPPING,220.0,PA,0.0,0.0,0.0,7.15,20.3,0.0,0.0,1350.0
2005-10-10,2005-10-27,OPTSTK,GESHIPPING,225.0,PA,0.0,0.0,0.0,21.9,24.6,0.0,0.0,0.0
2005-10-10,2005-10-27,OPTSTK,GESHIPPING,230.0,PA,0.0,0.0,0.0,25.05,29.15,0.0,0.0,0.0
2005-10-10,2005-11-24,OPTSTK,GESHIPPING,155.0,CA,0.0,0.0,0.0,25.2,47.5,0.0,0.0,0.0
2005-10-10,2005-11-24,OPTSTK,GESHIPPING,160.0,CA,0.0,0.0,0.0,22.35,42.85,0.0,0.0,0.0
2005-10-10,2005-11-24,OPTSTK,GESHIPPING,165.0,CA,0.0,0.0,0.0,19.7,38.3,0.0,0.0,0.0
2005-10-10,2005-11-24,OPTSTK,GESHIPPING,170.0,CA,0.0,0.0,0.0,17.35,33.9,0.0,0.0,0.0
2005-10-10,2005-11-24,OPTSTK,GESHIPPING,175.0,CA,0.0,0.0,0.0,15.2,29.75,0.0,0.0,0.0
2005-10-10,2005-11-24,OPTSTK,GESHIPPING,180.0,CA,0.0,0.0,0.0,13.25,25.85,0.0,0.0,0.0
2005-10-10,2005-11-24,OPTSTK,GESHIPPING,185.0,CA,0.0,0.0,0.0,11.55,22.25,0.0,0.0,0.0
2005-10-10,2005-11-24,OPTSTK,GESHIPPING,190.0,CA,0.0,0.0,0.0,17.25,18.9,0.0,0.0,0.0
2005-10-10,2005-11-24,OPTSTK,GESHIPPING,195.0,CA,0.0,0.0,0.0,15.35,15.95,0.0,0.0,0.0
2005-10-10,2005-11-24,OPTSTK,GESHIPPING,200.0,CA,0.0,0.0,0.0,19.15,13.25,0.0,0.0,0.0
2005-10-10,2005-11-24,OPTSTK,GESHIPPING,205.0,CA,0.0,0.0,0.0,17.25,10.95,0.0,0.0,0.0
2005-10-10,2005-11-24,OPTSTK,GESHIPPING,210.0,CA,0.0,0.0,0.0,16.15,8.9,0.0,0.0,0.0
2005-10-10,2005-11-24,OPTSTK,GESHIPPING,215.0,CA,0.0,0.0,0.0,20.45,7.2,0.0,0.0,0.0
2005-10-10,2005-11-24,OPTSTK,GESHIPPING,220.0,CA,0.0,0.0,0.0,18.5,5.75,0.0,0.0,0.0
2005-10-10,2005-11-24,OPTSTK,GESHIPPING,225.0,CA,0.0,0.0,0.0,19.3,4.6,0.0,0.0,0.0
2005-10-10,2005-11-24,OPTSTK,GESHIPPING,230.0,CA,0.0,0.0,0.0,17.4,3.6,0.0,0.0,0.0
2005-10-10,2005-11-24,OPTSTK,GESHIPPING,155.0,PA,0.0,0.0,0.0,9.4,0.45,0.0,0.0,0.0
2005-10-10,2005-11-24,OPTSTK,GESHIPPING,160.0,PA,0.0,0.0,0.0,11.45,0.7,0.0,0.0,0.0
2005-10-10,2005-11-24,OPTSTK,GESHIPPING,165.0,PA,0.0,0.0,0.0,13.75,1.1,0.0,0.0,0.0
2005-10-10,2005-11-24,OPTSTK,GESHIPPING,170.0,PA,0.0,0.0,0.0,16.3,1.7,0.0,0.0,0.0
2005-10-10,2005-11-24,OPTSTK,GESHIPPING,175.0,PA,0.0,0.0,0.0,19.1,2.5,0.0,0.0,0.0
2005-10-10,2005-11-24,OPTSTK,GESHIPPING,180.0,PA,0.0,0.0,0.0,22.1,3.55,0.0,0.0,0.0
2005-10-10,2005-11-24,OPTSTK,GESHIPPING,185.0,PA,0.0,0.0,0.0,25.3,4.9,0.0,0.0,0.0
2005-10-10,2005-11-24,OPTSTK,GESHIPPING,190.0,PA,0.0,0.0,0.0,23.35,6.55,0.0,0.0,0.0
2005-10-10,2005-11-24,OPTSTK,GESHIPPING,195.0,PA,0.0,0.0,0.0,26.4,8.55,0.0,0.0,0.0
2005-10-10,2005-11-24,OPTSTK,GESHIPPING,200.0,PA,0.0,0.0,0.0,25.7,10.85,0.0,0.0,0.0
2005-10-10,2005-11-24,OPTSTK,GESHIPPING,205.0,PA,0.0,0.0,0.0,28.8,13.45,0.0,0.0,0.0
2005-10-10,2005-11-24,OPTSTK,GESHIPPING,210.0,PA,0.0,0.0,0.0,29.8,16.4,0.0,0.0,0.0
2005-10-10,2005-11-24,OPTSTK,GESHIPPING,215.0,PA,0.0,0.0,0.0,26.2,19.65,0.0,0.0,0.0
2005-10-10,2005-11-24,OPTSTK,GESHIPPING,220.0,PA,0.0,0.0,0.0,29.2,23.2,0.0,0.0,0.0
2005-10-10,2005-11-24,OPTSTK,GESHIPPING,225.0,PA,0.0,0.0,0.0,26.1,26.95,0.0,0.0,0.0
2005-10-10,2005-11-24,OPTSTK,GESHIPPING,230.0,PA,0.0,0.0,0.0,29.1,30.95,0.0,0.0,0.0
2005-10-10,2005-12-29,OPTSTK,GESHIPPING,180.0,CA,0.0,0.0,0.0,28.15,29.6,0.0,0.0,0.0
2005-10-10,2005-12-29,OPTSTK,GESHIPPING,185.0,CA,0.0,0.0,0.0,25.2,26.25,0.0,0.0,0.0
2005-10-10,2005-12-29,OPTSTK,GESHIPPING,190.0,CA,0.0,0.0,0.0,22.4,23.2,0.0,0.0,0.0
2005-10-10,2005-12-29,OPTSTK,GESHIPPING,195.0,CA,0.0,0.0,0.0,19.9,20.35,0.0,0.0,0.0
2005-10-10,2005-12-29,OPTSTK,GESHIPPING,200.0,CA,0.0,0.0,0.0,17.55,17.8,0.0,0.0,0.0
2005-10-10,2005-12-29,OPTSTK,GESHIPPING,205.0,CA,0.0,0.0,0.0,15.45,15.5,0.0,0.0,0.0
2005-10-10,2005-12-29,OPTSTK,GESHIPPING,210.0,CA,0.0,0.0,0.0,13.55,13.4,0.0,0.0,0.0
2005-10-10,2005-12-29,OPTSTK,GESHIPPING,215.0,CA,0.0,0.0,0.0,12.7,11.55,0.0,0.0,0.0
2005-10-10,2005-12-29,OPTSTK,GESHIPPING,220.0,CA,0.0,0.0,0.0,13.6,9.9,0.0,0.0,0.0
2005-10-10,2005-12-29,OPTSTK,GESHIPPING,225.0,CA,0.0,0.0,0.0,14.6,8.45,0.0,0.0,0.0
2005-10-10,2005-12-29,OPTSTK,GESHIPPING,180.0,PA,0.0,0.0,0.0,9.15,6.25,0.0,0.0,0.0
2005-10-10,2005-12-29,OPTSTK,GESHIPPING,185.0,PA,0.0,0.0,0.0,11.1,7.9,0.0,0.0,0.0
2005-10-10,2005-12-29,OPTSTK,GESHIPPING,190.0,PA,0.0,0.0,0.0,13.25,9.75,0.0,0.0,0.0
2005-10-10,2005-12-29,OPTSTK,GESHIPPING,195.0,PA,0.0,0.0,0.0,15.65,11.85,0.0,0.0,0.0
2005-10-10,2005-12-29,OPTSTK,GESHIPPING,200.0,PA,0.0,0.0,0.0,18.25,14.25,0.0,0.0,0.0
2005-10-10,2005-12-29,OPTSTK,GESHIPPING,205.0,PA,0.0,0.0,0.0,21.1,16.85,0.0,0.0,0.0
2005-10-10,2005-12-29,OPTSTK,GESHIPPING,210.0,PA,0.0,0.0,0.0,24.1,19.7,0.0,0.0,0.0
2005-10-10,2005-12-29,OPTSTK,GESHIPPING,215.0,PA,0.0,0.0,0.0,25.2,22.75,0.0,0.0,0.0
2005-10-10,2005-12-29,OPTSTK,GESHIPPING,220.0,PA,0.0,0.0,0.0,25.1,26.05,0.0,0.0,0.0
2005-10-10,2005-12-29,OPTSTK,GESHIPPING,225.0,PA,0.0,0.0,0.0,25.15,29.55,0.0,0.0,0.0
2005-10-10,2005-10-27,OPTSTK,GLAXO,780.0,CA,0.0,0.0,0.0,76.6,98.35,0.0,0.0,0.0
2005-10-10,2005-10-27,OPTSTK,GLAXO,800.0,CA,0.0,0.0,0.0,90.8,79.5,0.0,0.0,0.0
2005-10-10,2005-10-27,OPTSTK,GLAXO,820.0,CA,0.0,0.0,0.0,92.4,61.8,0.0,0.0,0.0
2005-10-10,2005-10-27,OPTSTK,GLAXO,840.0,CA,0.0,0.0,0.0,78.8,45.9,0.0,0.0,0.0
2005-10-10,2005-10-27,OPTSTK,GLAXO,860.0,CA,0.0,0.0,0.0,66.55,32.3,0.0,0.0,0.0
2005-10-10,2005-10-27,OPTSTK,GLAXO,880.0,CA,0.0,0.0,0.0,55.6,21.45,0.0,0.0,0.0
2005-10-10,2005-10-27,OPTSTK,GLAXO,900.0,CA,0.0,0.0,0.0,45.95,13.4,0.0,0.0,0.0
2005-10-10,2005-10-27,OPTSTK,GLAXO,920.0,CA,0.0,0.0,0.0,37.55,7.85,0.0,0.0,0.0
2005-10-10,2005-10-27,OPTSTK,GLAXO,940.0,CA,0.0,0.0,0.0,30.4,4.3,0.0,0.0,0.0
2005-10-10,2005-10-27,OPTSTK,GLAXO,960.0,CA,0.0,0.0,0.0,24.4,2.2,0.0,0.0,0.0
2005-10-10,2005-10-27,OPTSTK,GLAXO,980.0,CA,0.0,0.0,0.0,25.3,1.1,0.0,0.0,0.0
2005-10-10,2005-10-27,OPTSTK,GLAXO,780.0,PA,0.0,0.0,0.0,7.45,0.7,0.0,0.0,0.0
2005-10-10,2005-10-27,OPTSTK,GLAXO,800.0,PA,0.0,0.0,0.0,17.6,1.8,0.0,0.0,0.0
2005-10-10,2005-10-27,OPTSTK,GLAXO,820.0,PA,0.0,0.0,0.0,18.25,4.05,0.0,0.0,0.0
2005-10-10,2005-10-27,OPTSTK,GLAXO,840.0,PA,0.0,0.0,0.0,24.35,8.1,0.0,0.0,0.0
2005-10-10,2005-10-27,OPTSTK,GLAXO,860.0,PA,0.0,0.0,0.0,31.8,14.45,0.0,0.0,0.0
2005-10-10,2005-10-27,OPTSTK,GLAXO,880.0,PA,0.0,0.0,0.0,40.55,23.55,0.0,0.0,0.0
2005-10-10,2005-10-27,OPTSTK,GLAXO,900.0,PA,0.0,0.0,0.0,50.6,35.45,0.0,0.0,0.0
2005-10-10,2005-10-27,OPTSTK,GLAXO,920.0,PA,0.0,0.0,0.0,61.95,49.9,0.0,0.0,0.0
2005-10-10,2005-10-27,OPTSTK,GLAXO,940.0,PA,0.0,0.0,0.0,74.45,66.3,0.0,0.0,0.0
2005-10-10,2005-10-27,OPTSTK,GLAXO,960.0,PA,0.0,0.0,0.0,79.6,84.15,0.0,0.0,0.0
2005-10-10,2005-10-27,OPTSTK,GLAXO,980.0,PA,0.0,0.0,0.0,81.45,102.95,0.0,0.0,0.0
2005-10-10,2005-11-24,OPTSTK,GLAXO,780.0,CA,0.0,0.0,0.0,87.0,106.45,0.0,0.0,0.0
2005-10-10,2005-11-24,OPTSTK,GLAXO,800.0,CA,0.0,0.0,0.0,91.2,89.75,0.0,0.0,0.0
2005-10-10,2005-11-24,OPTSTK,GLAXO,820.0,CA,0.0,0.0,0.0,102.8,74.35,0.0,0.0,0.0
2005-10-10,2005-11-24,OPTSTK,GLAXO,840.0,CA,0.0,0.0,0.0,89.4,60.4,0.0,0.0,0.0
2005-10-10,2005-11-24,OPTSTK,GLAXO,860.0,CA,0.0,0.0,0.0,77.15,48.1,0.0,0.0,0.0
2005-10-10,2005-11-24,OPTSTK,GLAXO,880.0,CA,0.0,0.0,0.0,66.05,37.55,0.0,0.0,0.0
2005-10-10,2005-11-24,OPTSTK,GLAXO,900.0,CA,0.0,0.0,0.0,56.1,28.7,0.0,0.0,0.0
2005-10-10,2005-11-24,OPTSTK,GLAXO,920.0,CA,0.0,0.0,0.0,47.3,21.5,0.0,0.0,0.0
2005-10-10,2005-11-24,OPTSTK,GLAXO,940.0,CA,0.0,0.0,0.0,39.55,15.75,0.0,0.0,0.0
2005-10-10,2005-11-24,OPTSTK,GLAXO,960.0,CA,0.0,0.0,0.0,29.6,11.35,0.0,0.0,0.0
2005-10-10,2005-11-24,OPTSTK,GLAXO,780.0,PA,0.0,0.0,0.0,14.3,5.1,0.0,0.0,0.0
2005-10-10,2005-11-24,OPTSTK,GLAXO,800.0,PA,0.0,0.0,0.0,24.75,8.25,0.0,0.0,0.0
2005-10-10,2005-11-24,OPTSTK,GLAXO,820.0,PA,0.0,0.0,0.0,21.6,12.7,0.0,0.0,0.0
2005-10-10,2005-11-24,OPTSTK,GLAXO,840.0,PA,0.0,0.0,0.0,27.9,18.6,0.0,0.0,0.0
2005-10-10,2005-11-24,OPTSTK,GLAXO,860.0,PA,0.0,0.0,0.0,35.4,26.15,0.0,0.0,0.0
2005-10-10,2005-11-24,OPTSTK,GLAXO,880.0,PA,0.0,0.0,0.0,44.0,35.45,0.0,0.0,0.0
2005-10-10,2005-11-24,OPTSTK,GLAXO,900.0,PA,0.0,0.0,0.0,53.75,46.45,0.0,0.0,0.0
2005-10-10,2005-11-24,OPTSTK,GLAXO,920.0,PA,0.0,0.0,0.0,64.65,59.1,0.0,0.0,0.0
2005-10-10,2005-11-24,OPTSTK,GLAXO,940.0,PA,0.0,0.0,0.0,76.6,73.2,0.0,0.0,0.0
2005-10-10,2005-11-24,OPTSTK,GLAXO,960.0,PA,0.0,0.0,0.0,80.35,88.65,0.0,0.0,0.0
2005-10-10,2005-12-29,OPTSTK,GLAXO,820.0,CA,0.0,0.0,0.0,101.85,87.3,0.0,0.0,0.0
2005-10-10,2005-12-29,OPTSTK,GLAXO,840.0,CA,0.0,0.0,0.0,93.55,74.3,0.0,0.0,0.0
2005-10-10,2005-12-29,OPTSTK,GLAXO,860.0,CA,0.0,0.0,0.0,81.45,62.55,0.0,0.0,0.0
2005-10-10,2005-12-29,OPTSTK,GLAXO,880.0,CA,0.0,0.0,0.0,70.4,52.15,0.0,0.0,0.0
2005-10-10,2005-12-29,OPTSTK,GLAXO,900.0,CA,0.0,0.0,0.0,60.5,43.0,0.0,0.0,0.0
2005-10-10,2005-12-29,OPTSTK,GLAXO,920.0,CA,0.0,0.0,0.0,51.6,35.05,0.0,0.0,0.0
2005-10-10,2005-12-29,OPTSTK,GLAXO,940.0,CA,0.0,0.0,0.0,43.75,28.3,0.0,0.0,0.0
2005-10-10,2005-12-29,OPTSTK,GLAXO,960.0,CA,0.0,0.0,0.0,36.8,22.65,0.0,0.0,0.0
2005-10-10,2005-12-29,OPTSTK,GLAXO,820.0,PA,0.0,0.0,0.0,23.65,20.95,0.0,0.0,0.0
2005-10-10,2005-12-29,OPTSTK,GLAXO,840.0,PA,0.0,0.0,0.0,30.65,27.65,0.0,0.0,0.0
2005-10-10,2005-12-29,OPTSTK,GLAXO,860.0,PA,0.0,0.0,0.0,38.25,35.7,0.0,0.0,0.0
2005-10-10,2005-12-29,OPTSTK,GLAXO,880.0,PA,0.0,0.0,0.0,46.95,45.0,0.0,0.0,0.0
2005-10-10,2005-12-29,OPTSTK,GLAXO,900.0,PA,0.0,0.0,0.0,56.7,55.6,0.0,0.0,0.0
2005-10-10,2005-12-29,OPTSTK,GLAXO,920.0,PA,0.0,0.0,0.0,67.55,67.4,0.0,0.0,0.0
2005-10-10,2005-12-29,OPTSTK,GLAXO,940.0,PA,0.0,0.0,0.0,79.35,80.4,0.0,0.0,0.0
2005-10-10,2005-12-29,OPTSTK,GLAXO,960.0,PA,0.0,0.0,0.0,92.15,94.45,0.0,0.0,0.0
2005-10-10,2005-10-27,OPTSTK,GNFC,75.0,CA,0.0,0.0,0.0,18.3,24.95,0.0,0.0,0.0
2005-10-10,2005-10-27,OPTSTK,GNFC,80.0,CA,0.0,0.0,0.0,20.05,20.0,0.0,0.0,0.0
2005-10-10,2005-10-27,OPTSTK,GNFC,85.0,CA,0.0,0.0,0.0,10.0,15.15,0.0,0.0,2950.0
2005-10-10,2005-10-27,OPTSTK,GNFC,90.0,CA,0.0,0.0,0.0,15.65,10.6,0.0,0.0,8850.0
2005-10-10,2005-10-27,OPTSTK,GNFC,95.0,CA,0.0,0.0,0.0,8.5,6.7,0.0,0.0,32450.0
2005-10-10,2005-10-27,OPTSTK,GNFC,100.0,CA,4.5,5.0,4.5,4.65,4.65,9.0,27.79,209450.0
2005-10-10,2005-10-27,OPTSTK,GNFC,105.0,CA,3.0,3.05,2.2,2.75,2.75,22.0,70.0,218300.0
2005-10-10,2005-10-27,OPTSTK,GNFC,110.0,CA,1.5,1.65,1.5,1.65,1.65,4.0,13.17,200600.0
2005-10-10,2005-10-27,OPTSTK,GNFC,115.0,CA,0.0,0.0,0.0,1.2,0.35,0.0,0.0,14750.0
2005-10-10,2005-10-27,OPTSTK,GNFC,120.0,CA,0.0,0.0,0.0,0.9,0.1,0.0,0.0,8850.0
2005-10-10,2005-10-27,OPTSTK,GNFC,75.0,PA,0.0,0.0,0.0,0.65,0.0,0.0,0.0,0.0
2005-10-10,2005-10-27,OPTSTK,GNFC,80.0,PA,0.0,0.0,0.0,2.05,0.05,0.0,0.0,0.0
2005-10-10,2005-10-27,OPTSTK,GNFC,85.0,PA,0.0,0.0,0.0,2.75,0.15,0.0,0.0,0.0
2005-10-10,2005-10-27,OPTSTK,GNFC,90.0,PA,0.0,0.0,0.0,4.15,0.6,0.0,0.0,0.0
2005-10-10,2005-10-27,OPTSTK,GNFC,95.0,PA,0.0,0.0,0.0,2.45,1.7,0.0,0.0,11800.0
2005-10-10,2005-10-27,OPTSTK,GNFC,100.0,PA,4.5,4.5,4.5,4.5,4.5,2.0,6.16,41300.0
2005-10-10,2005-10-27,OPTSTK,GNFC,105.0,PA,0.0,0.0,0.0,5.9,6.85,0.0,0.0,2950.0
2005-10-10,2005-10-27,OPTSTK,GNFC,110.0,PA,0.0,0.0,0.0,13.9,10.8,0.0,0.0,0.0
2005-10-10,2005-10-27,OPTSTK,GNFC,115.0,PA,0.0,0.0,0.0,17.25,15.3,0.0,0.0,0.0
2005-10-10,2005-10-27,OPTSTK,GNFC,120.0,PA,0.0,0.0,0.0,19.05,20.05,0.0,0.0,0.0
2005-10-10,2005-11-24,OPTSTK,GNFC,75.0,CA,0.0,0.0,0.0,19.6,25.45,0.0,0.0,0.0
2005-10-10,2005-11-24,OPTSTK,GNFC,80.0,CA,0.0,0.0,0.0,16.45,20.75,0.0,0.0,0.0
2005-10-10,2005-11-24,OPTSTK,GNFC,85.0,CA,0.0,0.0,0.0,12.95,16.35,0.0,0.0,0.0
2005-10-10,2005-11-24,OPTSTK,GNFC,90.0,CA,0.0,0.0,0.0,10.0,12.45,0.0,0.0,0.0
2005-10-10,2005-11-24,OPTSTK,GNFC,95.0,CA,0.0,0.0,0.0,7.55,9.05,0.0,0.0,0.0
2005-10-10,2005-11-24,OPTSTK,GNFC,100.0,CA,0.0,0.0,0.0,5.6,6.35,0.0,0.0,0.0
2005-10-10,2005-11-24,OPTSTK,GNFC,105.0,CA,0.0,0.0,0.0,5.8,4.25,0.0,0.0,2950.0
2005-10-10,2005-11-24,OPTSTK,GNFC,110.0,CA,18.0,18.0,18.0,18.0,18.0,3.0,11.32,8850.0
2005-10-10,2005-11-24,OPTSTK,GNFC,115.0,CA,0.0,0.0,0.0,3.7,1.7,0.0,0.0,0.0
2005-10-10,2005-11-24,OPTSTK,GNFC,120.0,CA,0.0,0.0,0.0,2.5,1.05,0.0,0.0,0.0
2005-10-10,2005-11-24,OPTSTK,GNFC,75.0,PA,0.0,0.0,0.0,1.65,0.15,0.0,0.0,0.0
2005-10-10,2005-11-24,OPTSTK,GNFC,80.0,PA,0.0,0.0,0.0,2.25,0.45,0.0,0.0,0.0
2005-10-10,2005-11-24,OPTSTK,GNFC,85.0,PA,0.0,0.0,0.0,3.7,1.0,0.0,0.0,0.0
2005-10-10,2005-11-24,OPTSTK,GNFC,90.0,PA,0.0,0.0,0.0,5.7,2.0,0.0,0.0,0.0
2005-10-10,2005-11-24,OPTSTK,GNFC,95.0,PA,0.0,0.0,0.0,8.15,3.6,0.0,0.0,0.0
2005-10-10,2005-11-24,OPTSTK,GNFC,100.0,PA,0.0,0.0,0.0,11.1,5.85,0.0,0.0,0.0
2005-10-10,2005-11-24,OPTSTK,GNFC,105.0,PA,0.0,0.0,0.0,14.5,8.75,0.0,0.0,0.0
2005-10-10,2005-11-24,OPTSTK,GNFC,110.0,PA,0.0,0.0,0.0,18.3,12.2,0.0,0.0,0.0
2005-10-10,2005-11-24,OPTSTK,GNFC,115.0,PA,0.0,0.0,0.0,18.3,16.1,0.0,0.0,0.0
2005-10-10,2005-11-24,OPTSTK,GNFC,120.0,PA,0.0,0.0,0.0,16.35,20.4,0.0,0.0,0.0
2005-10-10,2005-12-29,OPTSTK,GNFC,85.0,CA,0.0,0.0,0.0,18.15,17.95,0.0,0.0,0.0
2005-10-10,2005-12-29,OPTSTK,GNFC,90.0,CA,0.0,0.0,0.0,15.0,14.35,0.0,0.0,0.0
2005-10-10,2005-12-29,OPTSTK,GNFC,95.0,CA,0.0,0.0,0.0,12.2,11.25,0.0,0.0,0.0
2005-10-10,2005-12-29,OPTSTK,GNFC,100.0,CA,0.0,0.0,0.0,9.85,8.6,0.0,0.0,0.0
2005-10-10,2005-12-29,OPTSTK,GNFC,105.0,CA,0.0,0.0,0.0,7.85,6.5,0.0,0.0,0.0
2005-10-10,2005-12-29,OPTSTK,GNFC,110.0,CA,0.0,0.0,0.0,6.2,4.8,0.0,0.0,0.0
2005-10-10,2005-12-29,OPTSTK,GNFC,115.0,CA,0.0,0.0,0.0,4.85,3.5,0.0,0.0,0.0
2005-10-10,2005-12-29,OPTSTK,GNFC,85.0,PA,0.0,0.0,0.0,3.8,2.05,0.0,0.0,0.0
2005-10-10,2005-12-29,OPTSTK,GNFC,90.0,PA,0.0,0.0,0.0,5.55,3.4,0.0,0.0,0.0
2005-10-10,2005-12-29,OPTSTK,GNFC,95.0,PA,0.0,0.0,0.0,7.7,5.25,0.0,0.0,0.0
2005-10-10,2005-12-29,OPTSTK,GNFC,100.0,PA,0.0,0.0,0.0,10.25,7.55,0.0,0.0,0.0
2005-10-10,2005-12-29,OPTSTK,GNFC,105.0,PA,0.0,0.0,0.0,13.2,10.35,0.0,0.0,0.0
2005-10-10,2005-12-29,OPTSTK,GNFC,110.0,PA,0.0,0.0,0.0,16.45,13.6,0.0,0.0,0.0
2005-10-10,2005-12-29,OPTSTK,GNFC,115.0,PA,0.0,0.0,0.0,20.05,17.2,0.0,0.0,0.0
2005-10-10,2005-10-27,OPTSTK,GRASIM,1080.0,CA,0.0,0.0,0.0,128.45,203.7,0.0,0.0,0.0
2005-10-10,2005-10-27,OPTSTK,GRASIM,1110.0,CA,0.0,0.0,0.0,106.65,174.05,0.0,0.0,0.0
2005-10-10,2005-10-27,OPTSTK,GRASIM,1140.0,CA,0.0,0.0,0.0,87.05,144.95,0.0,0.0,0.0
2005-10-10,2005-10-27,OPTSTK,GRASIM,1170.0,CA,0.0,0.0,0.0,69.85,116.85,0.0,0.0,0.0
2005-10-10,2005-10-27,OPTSTK,GRASIM,1200.0,CA,0.0,0.0,0.0,55.1,90.6,0.0,0.0,0.0
2005-10-10,2005-10-27,OPTSTK,GRASIM,1230.0,CA,0.0,0.0,0.0,42.7,67.15,0.0,0.0,0.0
2005-10-10,2005-10-27,OPTSTK,GRASIM,1260.0,CA,0.0,0.0,0.0,32.55,47.2,0.0,0.0,0.0
2005-10-10,2005-10-27,OPTSTK,GRASIM,1290.0,CA,0.0,0.0,0.0,29.05,31.35,0.0,0.0,0.0
2005-10-10,2005-10-27,OPTSTK,GRASIM,1320.0,CA,0.0,0.0,0.0,50.0,19.65,0.0,0.0,175.0
2005-10-10,2005-10-27,OPTSTK,GRASIM,1350.0,CA,24.9,24.9,24.9,24.9,24.9,1.0,2.4,1750.0
2005-10-10,2005-10-27,OPTSTK,GRASIM,1380.0,CA,0.0,0.0,0.0,10.0,6.4,0.0,0.0,700.0
2005-10-10,2005-10-27,OPTSTK,GRASIM,1410.0,CA,0.0,0.0,0.0,55.15,3.3,0.0,0.0,0.0
2005-10-10,2005-10-27,OPTSTK,GRASIM,1440.0,CA,0.0,0.0,0.0,45.25,1.65,0.0,0.0,0.0
2005-10-10,2005-10-27,OPTSTK,GRASIM,1470.0,CA,0.0,0.0,0.0,39.25,0.75,0.0,0.0,0.0
2005-10-10,2005-10-27,OPTSTK,GRASIM,1500.0,CA,0.0,0.0,0.0,30.25,0.35,0.0,0.0,0.0
2005-10-10,2005-10-27,OPTSTK,GRASIM,1080.0,PA,0.0,0.0,0.0,16.35,0.15,0.0,0.0,0.0
2005-10-10,2005-10-27,OPTSTK,GRASIM,1110.0,PA,0.0,0.0,0.0,24.05,0.45,0.0,0.0,0.0
2005-10-10,2005-10-27,OPTSTK,GRASIM,1140.0,PA,0.0,0.0,0.0,34.05,1.25,0.0,0.0,0.0
2005-10-10,2005-10-27,OPTSTK,GRASIM,1170.0,PA,0.0,0.0,0.0,46.4,3.1,0.0,0.0,0.0
2005-10-10,2005-10-27,OPTSTK,GRASIM,1200.0,PA,0.0,0.0,0.0,61.2,6.75,0.0,0.0,0.0
2005-10-10,2005-10-27,OPTSTK,GRASIM,1230.0,PA,0.0,0.0,0.0,78.35,13.25,0.0,0.0,0.0
2005-10-10,2005-10-27,OPTSTK,GRASIM,1260.0,PA,0.0,0.0,0.0,97.75,23.2,0.0,0.0,0.0
2005-10-10,2005-10-27,OPTSTK,GRASIM,1290.0,PA,0.0,0.0,0.0,105.65,37.3,0.0,0.0,0.0
2005-10-10,2005-10-27,OPTSTK,GRASIM,1320.0,PA,0.0,0.0,0.0,30.0,55.45,0.0,0.0,700.0
2005-10-10,2005-10-27,OPTSTK,GRASIM,1350.0,PA,0.0,0.0,0.0,50.0,77.3,0.0,0.0,700.0
2005-10-10,2005-10-27,OPTSTK,GRASIM,1380.0,PA,0.0,0.0,0.0,111.8,102.05,0.0,0.0,0.0
2005-10-10,2005-10-27,OPTSTK,GRASIM,1410.0,PA,0.0,0.0,0.0,112.25,128.95,0.0,0.0,0.0
2005-10-10,2005-10-27,OPTSTK,GRASIM,1440.0,PA,0.0,0.0,0.0,131.95,157.15,0.0,0.0,0.0
2005-10-10,2005-10-27,OPTSTK,GRASIM,1470.0,PA,0.0,0.0,0.0,100.55,186.2,0.0,0.0,0.0
2005-10-10,2005-10-27,OPTSTK,GRASIM,1500.0,PA,0.0,0.0,0.0,121.35,215.7,0.0,0.0,0.0
2005-10-10,2005-11-24,OPTSTK,GRASIM,1200.0,CA,0.0,0.0,0.0,137.8,109.95,0.0,0.0,0.0
2005-10-10,2005-11-24,OPTSTK,GRASIM,1230.0,CA,0.0,0.0,0.0,116.75,89.35,0.0,0.0,0.0
2005-10-10,2005-11-24,OPTSTK,GRASIM,1260.0,CA,0.0,0.0,0.0,97.75,71.25,0.0,0.0,0.0
2005-10-10,2005-11-24,OPTSTK,GRASIM,1290.0,CA,0.0,0.0,0.0,80.85,55.7,0.0,0.0,0.0
2005-10-10,2005-11-24,OPTSTK,GRASIM,1320.0,CA,0.0,0.0,0.0,66.0,42.65,0.0,0.0,0.0
2005-10-10,2005-11-24,OPTSTK,GRASIM,1350.0,CA,0.0,0.0,0.0,53.25,32.05,0.0,0.0,0.0
2005-10-10,2005-11-24,OPTSTK,GRASIM,1380.0,CA,0.0,0.0,0.0,42.4,23.65,0.0,0.0,0.0
2005-10-10,2005-11-24,OPTSTK,GRASIM,1410.0,CA,0.0,0.0,0.0,33.3,17.05,0.0,0.0,0.0
2005-10-10,2005-11-24,OPTSTK,GRASIM,1440.0,CA,0.0,0.0,0.0,45.3,12.1,0.0,0.0,0.0
2005-10-10,2005-11-24,OPTSTK,GRASIM,1470.0,CA,0.0,0.0,0.0,59.65,8.4,0.0,0.0,0.0
2005-10-10,2005-11-24,OPTSTK,GRASIM,1500.0,CA,0.0,0.0,0.0,49.45,5.75,0.0,0.0,0.0
2005-10-10,2005-11-24,OPTSTK,GRASIM,1200.0,PA,0.0,0.0,0.0,22.65,20.35,0.0,0.0,0.0
2005-10-10,2005-11-24,OPTSTK,GRASIM,1230.0,PA,0.0,0.0,0.0,31.2,29.5,0.0,0.0,0.0
2005-10-10,2005-11-24,OPTSTK,GRASIM,1260.0,PA,0.0,0.0,0.0,41.75,41.2,0.0,0.0,0.0
2005-10-10,2005-11-24,OPTSTK,GRASIM,1290.0,PA,0.0,0.0,0.0,54.4,55.4,0.0,0.0,0.0
2005-10-10,2005-11-24,OPTSTK,GRASIM,1320.0,PA,0.0,0.0,0.0,69.1,72.15,0.0,0.0,0.0
2005-10-10,2005-11-24,OPTSTK,GRASIM,1350.0,PA,0.0,0.0,0.0,85.9,91.3,0.0,0.0,0.0
2005-10-10,2005-11-24,OPTSTK,GRASIM,1380.0,PA,0.0,0.0,0.0,104.6,112.7,0.0,0.0,0.0
2005-10-10,2005-11-24,OPTSTK,GRASIM,1410.0,PA,0.0,0.0,0.0,118.2,135.85,0.0,0.0,0.0
2005-10-10,2005-11-24,OPTSTK,GRASIM,1440.0,PA,0.0,0.0,0.0,111.75,160.7,0.0,0.0,0.0
2005-10-10,2005-11-24,OPTSTK,GRASIM,1470.0,PA,0.0,0.0,0.0,114.3,186.75,0.0,0.0,0.0
2005-10-10,2005-11-24,OPTSTK,GRASIM,1500.0,PA,0.0,0.0,0.0,133.75,213.9,0.0,0.0,0.0
2005-10-10,2005-12-29,OPTSTK,GRASIM,1200.0,CA,0.0,0.0,0.0,0.0,0.0,0.0,0.0,0.0
2005-10-10,2005-12-29,OPTSTK,GRASIM,1230.0,CA,0.0,0.0,0.0,147.45,110.4,0.0,0.0,0.0
2005-10-10,2005-12-29,OPTSTK,GRASIM,1260.0,CA,0.0,0.0,0.0,128.4,93.1,0.0,0.0,0.0
2005-10-10,2005-12-29,OPTSTK,GRASIM,1290.0,CA,0.0,0.0,0.0,110.95,77.7,0.0,0.0,0.0
2005-10-10,2005-12-29,OPTSTK,GRASIM,1320.0,CA,0.0,0.0,0.0,95.25,64.2,0.0,0.0,0.0
2005-10-10,2005-12-29,OPTSTK,GRASIM,1350.0,CA,0.0,0.0,0.0,81.1,52.5,0.0,0.0,0.0
2005-10-10,2005-12-29,OPTSTK,GRASIM,1380.0,CA,0.0,0.0,0.0,68.6,42.55,0.0,0.0,0.0
2005-10-10,2005-12-29,OPTSTK,GRASIM,1410.0,CA,0.0,0.0,0.0,57.65,34.15,0.0,0.0,0.0
2005-10-10,2005-12-29,OPTSTK,GRASIM,1440.0,CA,0.0,0.0,0.0,47.2,27.2,0.0,0.0,0.0
2005-10-10,2005-12-29,OPTSTK,GRASIM,1200.0,PA,0.0,0.0,0.0,0.0,0.0,0.0,0.0,0.0
2005-10-10,2005-12-29,OPTSTK,GRASIM,1230.0,PA,0.0,0.0,0.0,38.9,43.55,0.0,0.0,0.0
2005-10-10,2005-12-29,OPTSTK,GRASIM,1260.0,PA,0.0,0.0,0.0,49.4,55.85,0.0,0.0,0.0
2005-10-10,2005-12-29,OPTSTK,GRASIM,1290.0,PA,0.0,0.0,0.0,61.55,70.05,0.0,0.0,0.0
2005-10-10,2005-12-29,OPTSTK,GRASIM,1320.0,PA,0.0,0.0,0.0,75.35,86.15,0.0,0.0,0.0
2005-10-10,2005-12-29,OPTSTK,GRASIM,1350.0,PA,0.0,0.0,0.0,90.8,104.1,0.0,0.0,0.0
2005-10-10,2005-12-29,OPTSTK,GRASIM,1380.0,PA,0.0,0.0,0.0,107.85,123.7,0.0,0.0,0.0
2005-10-10,2005-12-29,OPTSTK,GRASIM,1410.0,PA,0.0,0.0,0.0,126.45,144.9,0.0,0.0,0.0
2005-10-10,2005-12-29,OPTSTK,GRASIM,1440.0,PA,0.0,0.0,0.0,125.7,167.6,0.0,0.0,0.0
2005-10-10,2005-10-27,OPTSTK,GUJAMBCEM,50.0,CA,0.0,0.0,0.0,15.4,24.35,0.0,0.0,0.0
2005-10-10,2005-10-27,OPTSTK,GUJAMBCEM,55.0,CA,0.0,0.0,0.0,10.95,19.35,0.0,0.0,0.0
2005-10-10,2005-10-27,OPTSTK,GUJAMBCEM,60.0,CA,0.0,0.0,0.0,7.2,14.4,0.0,0.0,0.0
2005-10-10,2005-10-27,OPTSTK,GUJAMBCEM,65.0,CA,0.0,0.0,0.0,4.35,9.55,0.0,0.0,0.0
2005-10-10,2005-10-27,OPTSTK,GUJAMBCEM,70.0,CA,5.55,5.75,5.35,5.35,5.35,3.0,9.34,74250.0
2005-10-10,2005-10-27,OPTSTK,GUJAMBCEM,75.0,CA,2.45,2.45,1.8,2.0,2.0,38.0,121.09,870375.0
2005-10-10,2005-10-27,OPTSTK,GUJAMBCEM,80.0,CA,1.1,1.2,0.9,0.95,0.95,22.0,73.5,783750.0
2005-10-10,2005-10-27,OPTSTK,GUJAMBCEM,85.0,CA,0.0,0.0,0.0,0.6,0.2,0.0,0.0,202125.0
2005-10-10,2005-10-27,OPTSTK,GUJAMBCEM,90.0,CA,0.3,0.3,0.3,0.3,0.3,1.0,3.72,28875.0
2005-10-10,2005-10-27,OPTSTK,GUJAMBCEM,95.0,CA,0.0,0.0,0.0,0.15,0.0,0.0,0.0,0.0
2005-10-10,2005-10-27,OPTSTK,GUJAMBCEM,50.0,PA,0.0,0.0,0.0,0.2,0.0,0.0,0.0,0.0
2005-10-10,2005-10-27,OPTSTK,GUJAMBCEM,55.0,PA,0.0,0.0,0.0,0.7,0.0,0.0,0.0,0.0
2005-10-10,2005-10-27,OPTSTK,GUJAMBCEM,60.0,PA,0.0,0.0,0.0,1.85,0.05,0.0,0.0,0.0
2005-10-10,2005-10-27,OPTSTK,GUJAMBCEM,65.0,PA,0.0,0.0,0.0,3.95,0.15,0.0,0.0,0.0
2005-10-10,2005-10-27,OPTSTK,GUJAMBCEM,70.0,PA,0.8,1.0,0.8,1.0,1.0,7.0,20.47,78375.0
2005-10-10,2005-10-27,OPTSTK,GUJAMBCEM,75.0,PA,2.0,3.1,2.0,3.0,3.0,36.0,115.23,177375.0
2005-10-10,2005-10-27,OPTSTK,GUJAMBCEM,80.0,PA,0.0,0.0,0.0,5.0,6.35,0.0,0.0,28875.0
2005-10-10,2005-10-27,OPTSTK,GUJAMBCEM,85.0,PA,0.0,0.0,0.0,16.75,10.8,0.0,0.0,0.0
2005-10-10,2005-10-27,OPTSTK,GUJAMBCEM,90.0,PA,0.0,0.0,0.0,16.45,15.6,0.0,0.0,0.0
2005-10-10,2005-10-27,OPTSTK,GUJAMBCEM,95.0,PA,0.0,0.0,0.0,16.3,20.6,0.0,0.0,0.0
2005-10-10,2005-11-24,OPTSTK,GUJAMBCEM,50.0,CA,0.0,0.0,0.0,14.55,24.6,0.0,0.0,0.0
2005-10-10,2005-11-24,OPTSTK,GUJAMBCEM,55.0,CA,0.0,0.0,0.0,10.25,19.65,0.0,0.0,0.0
2005-10-10,2005-11-24,OPTSTK,GUJAMBCEM,60.0,CA,0.0,0.0,0.0,6.7,14.9,0.0,0.0,0.0
2005-10-10,2005-11-24,OPTSTK,GUJAMBCEM,65.0,CA,0.0,0.0,0.0,4.0,10.5,0.0,0.0,0.0
2005-10-10,2005-11-24,OPTSTK,GUJAMBCEM,70.0,CA,0.0,0.0,0.0,2.25,6.85,0.0,0.0,0.0
2005-10-10,2005-11-24,OPTSTK,GUJAMBCEM,75.0,CA,0.0,0.0,0.0,1.15,4.05,0.0,0.0,0.0
2005-10-10,2005-11-24,OPTSTK,GUJAMBCEM,80.0,CA,0.0,0.0,0.0,0.55,2.2,0.0,0.0,0.0
2005-10-10,2005-11-24,OPTSTK,GUJAMBCEM,85.0,CA,0.0,0.0,0.0,0.65,1.1,0.0,0.0,0.0
2005-10-10,2005-11-24,OPTSTK,GUJAMBCEM,90.0,CA,0.0,0.0,0.0,0.7,0.5,0.0,0.0,0.0
2005-10-10,2005-11-24,OPTSTK,GUJAMBCEM,95.0,CA,0.0,0.0,0.0,0.8,0.25,0.0,0.0,0.0
2005-10-10,2005-11-24,OPTSTK,GUJAMBCEM,50.0,PA,0.0,0.0,0.0,0.3,0.05,0.0,0.0,0.0
2005-10-10,2005-11-24,OPTSTK,GUJAMBCEM,55.0,PA,0.0,0.0,0.0,0.9,0.05,0.0,0.0,0.0
2005-10-10,2005-11-24,OPTSTK,GUJAMBCEM,60.0,PA,0.0,0.0,0.0,2.25,0.25,0.0,0.0,0.0
2005-10-10,2005-11-24,OPTSTK,GUJAMBCEM,65.0,PA,0.0,0.0,0.0,4.5,0.85,0.0,0.0,0.0
2005-10-10,2005-11-24,OPTSTK,GUJAMBCEM,70.0,PA,0.0,0.0,0.0,7.65,2.1,0.0,0.0,0.0
2005-10-10,2005-11-24,OPTSTK,GUJAMBCEM,75.0,PA,0.0,0.0,0.0,11.5,4.3,0.0,0.0,0.0
2005-10-10,2005-11-24,OPTSTK,GUJAMBCEM,80.0,PA,0.0,0.0,0.0,15.85,7.4,0.0,0.0,0.0
2005-10-10,2005-11-24,OPTSTK,GUJAMBCEM,85.0,PA,0.0,0.0,0.0,16.75,11.25,0.0,0.0,0.0
2005-10-10,2005-11-24,OPTSTK,GUJAMBCEM,90.0,PA,0.0,0.0,0.0,16.5,15.65,0.0,0.0,0.0
2005-10-10,2005-11-24,OPTSTK,GUJAMBCEM,95.0,PA,0.0,0.0,0.0,16.5,20.35,0.0,0.0,0.0
2005-10-10,2005-12-29,OPTSTK,GUJAMBCEM,60.0,CA,0.0,0.0,0.0,17.8,15.7,0.0,0.0,0.0
2005-10-10,2005-12-29,OPTSTK,GUJAMBCEM,65.0,CA,0.0,0.0,0.0,13.8,11.7,0.0,0.0,0.0
2005-10-10,2005-12-29,OPTSTK,GUJAMBCEM,70.0,CA,0.0,0.0,0.0,10.35,8.3,0.0,0.0,0.0
2005-10-10,2005-12-29,OPTSTK,GUJAMBCEM,75.0,CA,0.0,0.0,0.0,7.5,5.65,0.0,0.0,0.0
2005-10-10,2005-12-29,OPTSTK,GUJAMBCEM,80.0,CA,0.0,0.0,0.0,5.25,3.65,0.0,0.0,0.0
2005-10-10,2005-12-29,OPTSTK,GUJAMBCEM,85.0,CA,0.0,0.0,0.0,3.6,2.3,0.0,0.0,0.0
2005-10-10,2005-12-29,OPTSTK,GUJAMBCEM,90.0,CA,0.0,0.0,0.0,2.4,1.4,0.0,0.0,0.0
2005-10-10,2005-12-29,OPTSTK,GUJAMBCEM,95.0,CA,0.0,0.0,0.0,1.8,0.8,0.0,0.0,0.0
2005-10-10,2005-12-29,OPTSTK,GUJAMBCEM,60.0,PA,0.0,0.0,0.0,0.8,0.7,0.0,0.0,0.0
2005-10-10,2005-12-29,OPTSTK,GUJAMBCEM,65.0,PA,0.0,0.0,0.0,1.75,1.65,0.0,0.0,0.0
2005-10-10,2005-12-29,OPTSTK,GUJAMBCEM,70.0,PA,0.0,0.0,0.0,3.2,3.2,0.0,0.0,0.0
2005-10-10,2005-12-29,OPTSTK,GUJAMBCEM,75.0,PA,0.0,0.0,0.0,5.3,5.45,0.0,0.0,0.0
2005-10-10,2005-12-29,OPTSTK,GUJAMBCEM,80.0,PA,0.0,0.0,0.0,8.0,8.4,0.0,0.0,0.0
2005-10-10,2005-12-29,OPTSTK,GUJAMBCEM,85.0,PA,0.0,0.0,0.0,11.25,11.95,0.0,0.0,0.0
2005-10-10,2005-12-29,OPTSTK,GUJAMBCEM,90.0,PA,0.0,0.0,0.0,14.95,16.0,0.0,0.0,0.0
2005-10-10,2005-12-29,OPTSTK,GUJAMBCEM,95.0,PA,0.0,0.0,0.0,16.95,20.35,0.0,0.0,0.0
2005-10-10,2005-10-27,OPTSTK,HCLTECH,370.0,CA,0.0,0.0,0.0,45.85,91.1,0.0,0.0,0.0
2005-10-10,2005-10-27,OPTSTK,HCLTECH,380.0,CA,0.0,0.0,0.0,38.75,81.4,0.0,0.0,0.0
2005-10-10,2005-10-27,OPTSTK,HCLTECH,390.0,CA,0.0,0.0,0.0,32.35,71.9,0.0,0.0,0.0
2005-10-10,2005-10-27,OPTSTK,HCLTECH,400.0,CA,0.0,0.0,0.0,26.6,62.7,0.0,0.0,0.0
2005-10-10,2005-10-27,OPTSTK,HCLTECH,410.0,CA,0.0,0.0,0.0,21.65,53.9,0.0,0.0,0.0
2005-10-10,2005-10-27,OPTSTK,HCLTECH,420.0,CA,0.0,0.0,0.0,17.35,45.65,0.0,0.0,0.0
2005-10-10,2005-10-27,OPTSTK,HCLTECH,430.0,CA,0.0,0.0,0.0,13.7,38.05,0.0,0.0,0.0
2005-10-10,2005-10-27,OPTSTK,HCLTECH,440.0,CA,0.0,0.0,0.0,32.35,31.1,0.0,0.0,0.0
2005-10-10,2005-10-27,OPTSTK,HCLTECH,450.0,CA,0.0,0.0,0.0,28.2,25.0,0.0,0.0,0.0
2005-10-10,2005-10-27,OPTSTK,HCLTECH,460.0,CA,0.0,0.0,0.0,18.0,19.7,0.0,0.0,1300.0
2005-10-10,2005-10-27,OPTSTK,HCLTECH,470.0,CA,14.0,14.0,14.0,14.0,14.0,1.0,3.14,1300.0
2005-10-10,2005-10-27,OPTSTK,HCLTECH,480.0,CA,0.0,0.0,0.0,7.5,11.6,0.0,0.0,1950.0
2005-10-10,2005-10-27,OPTSTK,HCLTECH,490.0,CA,0.0,0.0,0.0,23.6,8.6,0.0,0.0,0.0
2005-10-10,2005-10-27,OPTSTK,HCLTECH,500.0,CA,0.0,0.0,0.0,8.7,6.3,0.0,0.0,3250.0
2005-10-10,2005-10-27,OPTSTK,HCLTECH,510.0,CA,0.0,0.0,0.0,15.05,4.55,0.0,0.0,0.0
2005-10-10,2005-10-27,OPTSTK,HCLTECH,520.0,CA,0.0,0.0,0.0,13.0,3.2,0.0,0.0,0.0
2005-10-10,2005-10-27,OPTSTK,HCLTECH,370.0,PA,0.0,0.0,0.0,6.8,0.3,0.0,0.0,0.0
2005-10-10,2005-10-27,OPTSTK,HCLTECH,380.0,PA,0.0,0.0,0.0,9.55,0.55,0.0,0.0,0.0
2005-10-10,2005-10-27,OPTSTK,HCLTECH,390.0,PA,0.0,0.0,0.0,13.0,1.05,0.0,0.0,0.0
2005-10-10,2005-10-27,OPTSTK,HCLTECH,400.0,PA,0.0,0.0,0.0,17.1,1.85,0.0,0.0,0.0
2005-10-10,2005-10-27,OPTSTK,HCLTECH,410.0,PA,0.0,0.0,0.0,21.95,3.0,0.0,0.0,0.0
2005-10-10,2005-10-27,OPTSTK,HCLTECH,420.0,PA,0.0,0.0,0.0,27.55,4.7,0.0,0.0,0.0
2005-10-10,2005-10-27,OPTSTK,HCLTECH,430.0,PA,0.0,0.0,0.0,33.75,7.05,0.0,0.0,0.0
2005-10-10,2005-10-27,OPTSTK,HCLTECH,440.0,PA,0.0,0.0,0.0,36.85,10.1,0.0,0.0,0.0
2005-10-10,2005-10-27,OPTSTK,HCLTECH,450.0,PA,0.0,0.0,0.0,42.6,14.0,0.0,0.0,0.0
2005-10-10,2005-10-27,OPTSTK,HCLTECH,460.0,PA,0.0,0.0,0.0,48.75,18.65,0.0,0.0,0.0
2005-10-10,2005-10-27,OPTSTK,HCLTECH,470.0,PA,0.0,0.0,0.0,47.75,24.2,0.0,0.0,0.0
2005-10-10,2005-10-27,OPTSTK,HCLTECH,480.0,PA,0.0,0.0,0.0,53.95,30.5,0.0,0.0,0.0
2005-10-10,2005-10-27,OPTSTK,HCLTECH,490.0,PA,0.0,0.0,0.0,52.55,37.5,0.0,0.0,0.0
2005-10-10,2005-10-27,OPTSTK,HCLTECH,500.0,PA,0.0,0.0,0.0,44.2,45.15,0.0,0.0,0.0
2005-10-10,2005-10-27,OPTSTK,HCLTECH,510.0,PA,0.0,0.0,0.0,43.95,53.35,0.0,0.0,0.0
2005-10-10,2005-10-27,OPTSTK,HCLTECH,520.0,PA,0.0,0.0,0.0,38.65,62.0,0.0,0.0,0.0
2005-10-10,2005-11-24,OPTSTK,HCLTECH,400.0,CA,0.0,0.0,0.0,53.8,70.65,0.0,0.0,0.0
2005-10-10,2005-11-24,OPTSTK,HCLTECH,410.0,CA,0.0,0.0,0.0,47.95,63.1,0.0,0.0,0.0
2005-10-10,2005-11-24,OPTSTK,HCLTECH,420.0,CA,0.0,0.0,0.0,42.5,56.0,0.0,0.0,0.0
2005-10-10,2005-11-24,OPTSTK,HCLTECH,430.0,CA,0.0,0.0,0.0,37.55,49.45,0.0,0.0,0.0
2005-10-10,2005-11-24,OPTSTK,HCLTECH,440.0,CA,0.0,0.0,0.0,33.0,43.35,0.0,0.0,0.0
2005-10-10,2005-11-24,OPTSTK,HCLTECH,450.0,CA,0.0,0.0,0.0,28.9,37.8,0.0,0.0,0.0
2005-10-10,2005-11-24,OPTSTK,HCLTECH,460.0,CA,0.0,0.0,0.0,25.25,32.75,0.0,0.0,0.0
2005-10-10,2005-11-24,OPTSTK,HCLTECH,470.0,CA,0.0,0.0,0.0,25.95,28.2,0.0,0.0,0.0
2005-10-10,2005-11-24,OPTSTK,HCLTECH,480.0,CA,0.0,0.0,0.0,25.0,24.15,0.0,0.0,650.0
2005-10-10,2005-11-24,OPTSTK,HCLTECH,490.0,CA,0.0,0.0,0.0,32.0,20.55,0.0,0.0,0.0
2005-10-10,2005-11-24,OPTSTK,HCLTECH,500.0,CA,0.0,0.0,0.0,21.95,17.4,0.0,0.0,0.0
2005-10-10,2005-11-24,OPTSTK,HCLTECH,510.0,CA,0.0,0.0,0.0,24.0,14.65,0.0,0.0,0.0
2005-10-10,2005-11-24,OPTSTK,HCLTECH,520.0,CA,0.0,0.0,0.0,24.7,12.3,0.0,0.0,0.0
2005-10-10,2005-11-24,OPTSTK,HCLTECH,400.0,PA,0.0,0.0,0.0,19.25,7.85,0.0,0.0,0.0
2005-10-10,2005-11-24,OPTSTK,HCLTECH,410.0,PA,0.0,0.0,0.0,23.25,10.25,0.0,0.0,0.0
2005-10-10,2005-11-24,OPTSTK,HCLTECH,420.0,PA,0.0,0.0,0.0,27.7,13.05,0.0,0.0,0.0
2005-10-10,2005-11-24,OPTSTK,HCLTECH,430.0,PA,0.0,0.0,0.0,32.55,16.4,0.0,0.0,0.0
2005-10-10,2005-11-24,OPTSTK,HCLTECH,440.0,PA,0.0,0.0,0.0,37.9,20.25,0.0,0.0,0.0
2005-10-10,2005-11-24,OPTSTK,HCLTECH,450.0,PA,0.0,0.0,0.0,43.65,24.6,0.0,0.0,0.0
2005-10-10,2005-11-24,OPTSTK,HCLTECH,460.0,PA,0.0,0.0,0.0,49.8,29.5,0.0,0.0,0.0
2005-10-10,2005-11-24,OPTSTK,HCLTECH,470.0,PA,0.0,0.0,0.0,50.55,34.9,0.0,0.0,0.0
2005-10-10,2005-11-24,OPTSTK,HCLTECH,480.0,PA,0.0,0.0,0.0,56.4,40.75,0.0,0.0,0.0
2005-10-10,2005-11-24,OPTSTK,HCLTECH,490.0,PA,0.0,0.0,0.0,58.75,47.1,0.0,0.0,0.0
2005-10-10,2005-11-24,OPTSTK,HCLTECH,500.0,PA,0.0,0.0,0.0,49.75,53.85,0.0,0.0,0.0
2005-10-10,2005-11-24,OPTSTK,HCLTECH,510.0,PA,0.0,0.0,0.0,50.6,61.05,0.0,0.0,0.0
2005-10-10,2005-11-24,OPTSTK,HCLTECH,520.0,PA,0.0,0.0,0.0,47.9,68.6,0.0,0.0,0.0
2005-10-10,2005-12-29,OPTSTK,HCLTECH,420.0,CA,0.0,0.0,0.0,59.7,66.25,0.0,0.0,0.0
2005-10-10,2005-12-29,OPTSTK,HCLTECH,430.0,CA,0.0,0.0,0.0,53.75,60.15,0.0,0.0,0.0
2005-10-10,2005-12-29,OPTSTK,HCLTECH,440.0,CA,0.0,0.0,0.0,48.15,54.5,0.0,0.0,0.0
2005-10-10,2005-12-29,OPTSTK,HCLTECH,450.0,CA,0.0,0.0,0.0,43.05,49.2,0.0,0.0,0.0
2005-10-10,2005-12-29,OPTSTK,HCLTECH,460.0,CA,0.0,0.0,0.0,38.3,44.3,0.0,0.0,0.0
2005-10-10,2005-12-29,OPTSTK,HCLTECH,470.0,CA,0.0,0.0,0.0,34.0,39.8,0.0,0.0,0.0
2005-10-10,2005-12-29,OPTSTK,HCLTECH,480.0,CA,0.0,0.0,0.0,30.05,35.6,0.0,0.0,0.0
2005-10-10,2005-12-29,OPTSTK,HCLTECH,490.0,CA,0.0,0.0,0.0,26.0,31.8,0.0,0.0,0.0
2005-10-10,2005-12-29,OPTSTK,HCLTECH,500.0,CA,0.0,0.0,0.0,29.6,28.35,0.0,0.0,0.0
2005-10-10,2005-12-29,OPTSTK,HCLTECH,510.0,CA,0.0,0.0,0.0,39.95,25.2,0.0,0.0,0.0
2005-10-10,2005-12-29,OPTSTK,HCLTECH,520.0,CA,0.0,0.0,0.0,36.0,22.3,0.0,0.0,0.0
2005-10-10,2005-12-29,OPTSTK,HCLTECH,420.0,PA,0.0,0.0,0.0,20.1,20.9,0.0,0.0,0.0
2005-10-10,2005-12-29,OPTSTK,HCLTECH,430.0,PA,0.0,0.0,0.0,24.0,24.7,0.0,0.0,0.0
2005-10-10,2005-12-29,OPTSTK,HCLTECH,440.0,PA,0.0,0.0,0.0,28.3,28.9,0.0,0.0,0.0
2005-10-10,2005-12-29,OPTSTK,HCLTECH,450.0,PA,0.0,0.0,0.0,33.0,33.45,0.0,0.0,0.0
2005-10-10,2005-12-29,OPTSTK,HCLTECH,460.0,PA,0.0,0.0,0.0,38.15,38.45,0.0,0.0,0.0
2005-10-10,2005-12-29,OPTSTK,HCLTECH,470.0,PA,0.0,0.0,0.0,43.65,43.75,0.0,0.0,0.0
2005-10-10,2005-12-29,OPTSTK,HCLTECH,480.0,PA,0.0,0.0,0.0,49.6,49.5,0.0,0.0,0.0
2005-10-10,2005-12-29,OPTSTK,HCLTECH,490.0,PA,0.0,0.0,0.0,53.45,55.55,0.0,0.0,0.0
2005-10-10,2005-12-29,OPTSTK,HCLTECH,500.0,PA,0.0,0.0,0.0,52.35,61.95,0.0,0.0,0.0
2005-10-10,2005-12-29,OPTSTK,HCLTECH,510.0,PA,0.0,0.0,0.0,50.3,68.65,0.0,0.0,0.0
2005-10-10,2005-12-29,OPTSTK,HCLTECH,520.0,PA,0.0,0.0,0.0,56.2,75.65,0.0,0.0,0.0
2005-10-10,2005-10-27,OPTSTK,HDFC,820.0,CA,0.0,0.0,0.0,88.1,166.55,0.0,0.0,0.0
2005-10-10,2005-10-27,OPTSTK,HDFC,840.0,CA,0.0,0.0,0.0,96.1,147.25,0.0,0.0,0.0
2005-10-10,2005-10-27,OPTSTK,HDFC,860.0,CA,0.0,0.0,0.0,104.5,128.4,0.0,0.0,0.0
2005-10-10,2005-10-27,OPTSTK,HDFC,880.0,CA,0.0,0.0,0.0,91.6,110.25,0.0,0.0,0.0
2005-10-10,2005-10-27,OPTSTK,HDFC,900.0,CA,0.0,0.0,0.0,79.75,93.05,0.0,0.0,0.0
2005-10-10,2005-10-27,OPTSTK,HDFC,920.0,CA,0.0,0.0,0.0,68.95,77.1,0.0,0.0,0.0
2005-10-10,2005-10-27,OPTSTK,HDFC,930.0,CA,0.0,0.0,0.0,95.95,69.65,0.0,0.0,0.0
2005-10-10,2005-10-27,OPTSTK,HDFC,940.0,CA,0.0,0.0,0.0,59.2,62.55,0.0,0.0,0.0
2005-10-10,2005-10-27,OPTSTK,HDFC,960.0,CA,0.0,0.0,0.0,50.55,49.7,0.0,0.0,0.0
2005-10-10,2005-10-27,OPTSTK,HDFC,980.0,CA,0.0,0.0,0.0,42.85,38.65,0.0,0.0,0.0
2005-10-10,2005-10-27,OPTSTK,HDFC,990.0,CA,0.0,0.0,0.0,58.4,33.75,0.0,0.0,0.0
2005-10-10,2005-10-27,OPTSTK,HDFC,1000.0,CA,0.0,0.0,0.0,44.15,29.35,0.0,0.0,0.0
2005-10-10,2005-10-27,OPTSTK,HDFC,1020.0,CA,0.0,0.0,0.0,37.2,21.75,0.0,0.0,0.0
2005-10-10,2005-10-27,OPTSTK,HDFC,1040.0,CA,0.0,0.0,0.0,26.0,15.75,0.0,0.0,600.0
2005-10-10,2005-10-27,OPTSTK,HDFC,1050.0,CA,0.0,0.0,0.0,32.25,13.35,0.0,0.0,0.0
2005-10-10,2005-10-27,OPTSTK,HDFC,1060.0,CA,0.0,0.0,0.0,33.4,11.2,0.0,0.0,0.0
2005-10-10,2005-10-27,OPTSTK,HDFC,1080.0,CA,0.0,0.0,0.0,23.1,7.75,0.0,0.0,0.0
2005-10-10,2005-10-27,OPTSTK,HDFC,1110.0,CA,0.0,0.0,0.0,48.9,4.25,0.0,0.0,0.0
2005-10-10,2005-10-27,OPTSTK,HDFC,1140.0,CA,0.0,0.0,0.0,38.5,2.25,0.0,0.0,0.0
2005-10-10,2005-10-27,OPTSTK,HDFC,820.0,PA,0.0,0.0,0.0,14.25,0.65,0.0,0.0,0.0
2005-10-10,2005-10-27,OPTSTK,HDFC,840.0,PA,0.0,0.0,0.0,18.65,1.25,0.0,0.0,0.0
2005-10-10,2005-10-27,OPTSTK,HDFC,860.0,PA,0.0,0.0,0.0,26.0,2.35,0.0,0.0,0.0
2005-10-10,2005-10-27,OPTSTK,HDFC,880.0,PA,0.0,0.0,0.0,32.8,4.15,0.0,0.0,0.0
2005-10-10,2005-10-27,OPTSTK,HDFC,900.0,PA,0.0,0.0,0.0,40.65,6.95,0.0,0.0,0.0
2005-10-10,2005-10-27,OPTSTK,HDFC,920.0,PA,0.0,0.0,0.0,49.55,10.9,0.0,0.0,0.0
2005-10-10,2005-10-27,OPTSTK,HDFC,930.0,PA,0.0,0.0,0.0,18.5,13.45,0.0,0.0,0.0
2005-10-10,2005-10-27,OPTSTK,HDFC,940.0,PA,0.0,0.0,0.0,59.55,16.35,0.0,0.0,0.0
2005-10-10,2005-10-27,OPTSTK,HDFC,960.0,PA,0.0,0.0,0.0,70.55,23.45,0.0,0.0,0.0
2005-10-10,2005-10-27,OPTSTK,HDFC,980.0,PA,0.0,0.0,0.0,82.55,32.3,0.0,0.0,0.0
2005-10-10,2005-10-27,OPTSTK,HDFC,990.0,PA,0.0,0.0,0.0,40.5,37.4,0.0,0.0,0.0
2005-10-10,2005-10-27,OPTSTK,HDFC,1000.0,PA,0.0,0.0,0.0,80.6,42.95,0.0,0.0,0.0
2005-10-10,2005-10-27,OPTSTK,HDFC,1020.0,PA,0.0,0.0,0.0,93.4,55.3,0.0,0.0,0.0
2005-10-10,2005-10-27,OPTSTK,HDFC,1040.0,PA,0.0,0.0,0.0,77.1,69.3,0.0,0.0,0.0
2005-10-10,2005-10-27,OPTSTK,HDFC,1050.0,PA,0.0,0.0,0.0,73.95,76.85,0.0,0.0,0.0
2005-10-10,2005-10-27,OPTSTK,HDFC,1060.0,PA,0.0,0.0,0.0,96.8,84.65,0.0,0.0,0.0
2005-10-10,2005-10-27,OPTSTK,HDFC,1080.0,PA,0.0,0.0,0.0,94.6,101.15,0.0,0.0,0.0
2005-10-10,2005-10-27,OPTSTK,HDFC,1110.0,PA,0.0,0.0,0.0,86.7,127.6,0.0,0.0,0.0
2005-10-10,2005-10-27,OPTSTK,HDFC,1140.0,PA,0.0,0.0,0.0,106.1,155.5,0.0,0.0,0.0
2005-10-10,2005-11-24,OPTSTK,HDFC,820.0,CA,0.0,0.0,0.0,97.4,176.05,0.0,0.0,0.0
2005-10-10,2005-11-24,OPTSTK,HDFC,840.0,CA,0.0,0.0,0.0,83.9,158.75,0.0,0.0,0.0
2005-10-10,2005-11-24,OPTSTK,HDFC,860.0,CA,0.0,0.0,0.0,71.65,142.2,0.0,0.0,0.0
2005-10-10,2005-11-24,OPTSTK,HDFC,880.0,CA,0.0,0.0,0.0,60.65,126.45,0.0,0.0,0.0
2005-10-10,2005-11-24,OPTSTK,HDFC,900.0,CA,0.0,0.0,0.0,50.8,111.7,0.0,0.0,0.0
2005-10-10,2005-11-24,OPTSTK,HDFC,920.0,CA,0.0,0.0,0.0,42.2,97.9,0.0,0.0,0.0
2005-10-10,2005-11-24,OPTSTK,HDFC,930.0,CA,0.0,0.0,0.0,110.4,91.4,0.0,0.0,0.0
2005-10-10,2005-11-24,OPTSTK,HDFC,940.0,CA,0.0,0.0,0.0,34.75,85.15,0.0,0.0,0.0
2005-10-10,2005-11-24,OPTSTK,HDFC,960.0,CA,0.0,0.0,0.0,29.7,73.55,0.0,0.0,0.0
2005-10-10,2005-11-24,OPTSTK,HDFC,980.0,CA,0.0,0.0,0.0,35.65,63.05,0.0,0.0,0.0
2005-10-10,2005-11-24,OPTSTK,HDFC,990.0,CA,0.0,0.0,0.0,74.8,58.2,0.0,0.0,0.0
2005-10-10,2005-11-24,OPTSTK,HDFC,1000.0,CA,0.0,0.0,0.0,37.85,53.65,0.0,0.0,0.0
2005-10-10,2005-11-24,OPTSTK,HDFC,1020.0,CA,0.0,0.0,0.0,42.1,45.3,0.0,0.0,0.0
2005-10-10,2005-11-24,OPTSTK,HDFC,1040.0,CA,0.0,0.0,0.0,47.1,38.0,0.0,0.0,0.0
2005-10-10,2005-11-24,OPTSTK,HDFC,1050.0,CA,0.0,0.0,0.0,48.05,34.7,0.0,0.0,0.0
2005-10-10,2005-11-24,OPTSTK,HDFC,1060.0,CA,0.0,0.0,0.0,53.65,31.6,0.0,0.0,0.0
2005-10-10,2005-11-24,OPTSTK,HDFC,1080.0,CA,0.0,0.0,0.0,37.8,26.15,0.0,0.0,0.0
2005-10-10,2005-11-24,OPTSTK,HDFC,1110.0,CA,0.0,0.0,0.0,70.05,19.4,0.0,0.0,0.0
2005-10-10,2005-11-24,OPTSTK,HDFC,1140.0,CA,0.0,0.0,0.0,58.95,14.2,0.0,0.0,0.0
2005-10-10,2005-11-24,OPTSTK,HDFC,820.0,PA,0.0,0.0,0.0,19.8,6.15,0.0,0.0,0.0
2005-10-10,2005-11-24,OPTSTK,HDFC,840.0,PA,0.0,0.0,0.0,26.05,8.75,0.0,0.0,0.0
2005-10-10,2005-11-24,OPTSTK,HDFC,860.0,PA,0.0,0.0,0.0,33.5,12.05,0.0,0.0,0.0
2005-10-10,2005-11-24,OPTSTK,HDFC,880.0,PA,0.0,0.0,0.0,42.15,16.15,0.0,0.0,0.0
2005-10-10,2005-11-24,OPTSTK,HDFC,900.0,PA,0.0,0.0,0.0,52.05,21.25,0.0,0.0,0.0
2005-10-10,2005-11-24,OPTSTK,HDFC,920.0,PA,0.0,0.0,0.0,63.15,27.3,0.0,0.0,0.0
2005-10-10,2005-11-24,OPTSTK,HDFC,930.0,PA,0.0,0.0,0.0,28.7,30.7,0.0,0.0,0.0
2005-10-10,2005-11-24,OPTSTK,HDFC,940.0,PA,0.0,0.0,0.0,75.4,34.4,0.0,0.0,0.0
2005-10-10,2005-11-24,OPTSTK,HDFC,960.0,PA,0.0,0.0,0.0,82.75,42.65,0.0,0.0,0.0
2005-10-10,2005-11-24,OPTSTK,HDFC,980.0,PA,0.0,0.0,0.0,83.8,52.0,0.0,0.0,0.0
2005-10-10,2005-11-24,OPTSTK,HDFC,990.0,PA,0.0,0.0,0.0,52.45,57.1,0.0,0.0,0.0
2005-10-10,2005-11-24,OPTSTK,HDFC,1000.0,PA,0.0,0.0,0.0,87.95,62.45,0.0,0.0,0.0
2005-10-10,2005-11-24,OPTSTK,HDFC,1020.0,PA,0.0,0.0,0.0,88.75,73.95,0.0,0.0,0.0
2005-10-10,2005-11-24,OPTSTK,HDFC,1040.0,PA,0.0,0.0,0.0,87.9,86.5,0.0,0.0,0.0
2005-10-10,2005-11-24,OPTSTK,HDFC,1050.0,PA,0.0,0.0,0.0,85.0,93.1,0.0,0.0,0.0
2005-10-10,2005-11-24,OPTSTK,HDFC,1060.0,PA,0.0,0.0,0.0,112.2,99.95,0.0,0.0,0.0
2005-10-10,2005-11-24,OPTSTK,HDFC,1080.0,PA,0.0,0.0,0.0,104.4,114.35,0.0,0.0,0.0
2005-10-10,2005-11-24,OPTSTK,HDFC,1110.0,PA,0.0,0.0,0.0,102.85,137.4,0.0,0.0,0.0
2005-10-10,2005-11-24,OPTSTK,HDFC,1140.0,PA,0.0,0.0,0.0,121.4,161.95,0.0,0.0,0.0
2005-10-10,2005-12-29,OPTSTK,HDFC,900.0,CA,0.0,0.0,0.0,148.65,130.6,0.0,0.0,0.0
2005-10-10,2005-12-29,OPTSTK,HDFC,920.0,CA,0.0,0.0,0.0,0.0,0.0,0.0,0.0,0.0
2005-10-10,2005-12-29,OPTSTK,HDFC,930.0,CA,0.0,0.0,0.0,151.05,111.85,0.0,0.0,0.0
2005-10-10,2005-12-29,OPTSTK,HDFC,940.0,CA,0.0,0.0,0.0,116.4,106.05,0.0,0.0,0.0
2005-10-10,2005-12-29,OPTSTK,HDFC,960.0,CA,0.0,0.0,0.0,133.1,95.0,0.0,0.0,0.0
2005-10-10,2005-12-29,OPTSTK,HDFC,980.0,CA,0.0,0.0,0.0,94.55,84.8,0.0,0.0,0.0
2005-10-10,2005-12-29,OPTSTK,HDFC,990.0,CA,0.0,0.0,0.0,116.7,80.0,0.0,0.0,0.0
2005-10-10,2005-12-29,OPTSTK,HDFC,1000.0,CA,0.0,0.0,0.0,84.75,75.45,0.0,0.0,0.0
2005-10-10,2005-12-29,OPTSTK,HDFC,1020.0,CA,0.0,0.0,0.0,101.8,66.85,0.0,0.0,0.0
2005-10-10,2005-12-29,OPTSTK,HDFC,1040.0,CA,0.0,0.0,0.0,67.5,59.05,0.0,0.0,0.0
2005-10-10,2005-12-29,OPTSTK,HDFC,1050.0,CA,0.0,0.0,0.0,88.4,55.4,0.0,0.0,0.0
2005-10-10,2005-12-29,OPTSTK,HDFC,1060.0,CA,0.0,0.0,0.0,60.0,51.95,0.0,0.0,0.0
2005-10-10,2005-12-29,OPTSTK,HDFC,1080.0,CA,0.0,0.0,0.0,76.4,45.6,0.0,0.0,0.0
2005-10-10,2005-12-29,OPTSTK,HDFC,1110.0,CA,0.0,0.0,0.0,65.75,37.25,0.0,0.0,0.0
2005-10-10,2005-12-29,OPTSTK,HDFC,1140.0,CA,0.0,0.0,0.0,62.6,30.25,0.0,0.0,0.0
2005-10-10,2005-12-29,OPTSTK,HDFC,900.0,PA,0.0,0.0,0.0,35.45,35.0,0.0,0.0,0.0
2005-10-10,2005-12-29,OPTSTK,HDFC,920.0,PA,0.0,0.0,0.0,0.0,0.0,0.0,0.0,0.0
2005-10-10,2005-12-29,OPTSTK,HDFC,930.0,PA,0.0,0.0,0.0,47.6,45.85,0.0,0.0,0.0
2005-10-10,2005-12-29,OPTSTK,HDFC,940.0,PA,0.0,0.0,0.0,49.15,49.9,0.0,0.0,0.0
2005-10-10,2005-12-29,OPTSTK,HDFC,960.0,PA,0.0,0.0,0.0,59.2,58.6,0.0,0.0,0.0
2005-10-10,2005-12-29,OPTSTK,HDFC,980.0,PA,0.0,0.0,0.0,66.7,68.15,0.0,0.0,0.0
2005-10-10,2005-12-29,OPTSTK,HDFC,990.0,PA,0.0,0.0,0.0,72.35,73.25,0.0,0.0,0.0
2005-10-10,2005-12-29,OPTSTK,HDFC,1000.0,PA,0.0,0.0,0.0,76.7,78.5,0.0,0.0,0.0
2005-10-10,2005-12-29,OPTSTK,HDFC,1020.0,PA,0.0,0.0,0.0,87.0,89.7,0.0,0.0,0.0
2005-10-10,2005-12-29,OPTSTK,HDFC,1040.0,PA,0.0,0.0,0.0,98.9,101.6,0.0,0.0,0.0
2005-10-10,2005-12-29,OPTSTK,HDFC,1050.0,PA,0.0,0.0,0.0,103.2,107.85,0.0,0.0,0.0
2005-10-10,2005-12-29,OPTSTK,HDFC,1060.0,PA,0.0,0.0,0.0,111.1,114.25,0.0,0.0,0.0
2005-10-10,2005-12-29,OPTSTK,HDFC,1080.0,PA,0.0,0.0,0.0,120.75,127.65,0.0,0.0,0.0
2005-10-10,2005-12-29,OPTSTK,HDFC,1110.0,PA,0.0,0.0,0.0,139.65,148.9,0.0,0.0,0.0
2005-10-10,2005-12-29,OPTSTK,HDFC,1140.0,PA,0.0,0.0,0.0,146.3,171.5,0.0,0.0,0.0
2005-10-10,2005-10-27,OPTSTK,HDFCBANK,580.0,CA,0.0,0.0,0.0,85.35,110.15,0.0,0.0,0.0
2005-10-10,2005-10-27,OPTSTK,HDFCBANK,600.0,CA,0.0,0.0,0.0,96.7,90.95,0.0,0.0,0.0
2005-10-10,2005-10-27,OPTSTK,HDFCBANK,620.0,CA,0.0,0.0,0.0,90.0,72.6,0.0,0.0,0.0
2005-10-10,2005-10-27,OPTSTK,HDFCBANK,640.0,CA,0.0,0.0,0.0,92.6,55.65,0.0,0.0,0.0
2005-10-10,2005-10-27,OPTSTK,HDFCBANK,660.0,CA,0.0,0.0,0.0,79.95,40.8,0.0,0.0,0.0
2005-10-10,2005-10-27,OPTSTK,HDFCBANK,680.0,CA,0.0,0.0,0.0,21.0,28.4,0.0,0.0,800.0
2005-10-10,2005-10-27,OPTSTK,HDFCBANK,700.0,CA,0.0,0.0,0.0,12.25,18.75,0.0,0.0,6000.0
2005-10-10,2005-10-27,OPTSTK,HDFCBANK,720.0,CA,0.0,0.0,0.0,7.75,11.7,0.0,0.0,3600.0
2005-10-10,2005-10-27,OPTSTK,HDFCBANK,740.0,CA,0.0,0.0,0.0,4.25,6.95,0.0,0.0,2800.0
2005-10-10,2005-10-27,OPTSTK,HDFCBANK,760.0,CA,0.0,0.0,0.0,34.25,3.9,0.0,0.0,0.0
2005-10-10,2005-10-27,OPTSTK,HDFCBANK,780.0,CA,0.0,0.0,0.0,13.25,2.05,0.0,0.0,0.0
2005-10-10,2005-10-27,OPTSTK,HDFCBANK,800.0,CA,0.0,0.0,0.0,8.75,1.05,0.0,0.0,0.0
2005-10-10,2005-10-27,OPTSTK,HDFCBANK,580.0,PA,0.0,0.0,0.0,11.3,0.4,0.0,0.0,0.0
2005-10-10,2005-10-27,OPTSTK,HDFCBANK,600.0,PA,0.0,0.0,0.0,19.3,1.15,0.0,0.0,0.0
2005-10-10,2005-10-27,OPTSTK,HDFCBANK,620.0,PA,0.0,0.0,0.0,24.8,2.75,0.0,0.0,0.0
2005-10-10,2005-10-27,OPTSTK,HDFCBANK,640.0,PA,0.0,0.0,0.0,23.7,5.75,0.0,0.0,0.0
2005-10-10,2005-10-27,OPTSTK,HDFCBANK,660.0,PA,0.0,0.0,0.0,30.8,10.8,0.0,0.0,0.0
2005-10-10,2005-10-27,OPTSTK,HDFCBANK,680.0,PA,0.0,0.0,0.0,19.0,18.4,0.0,0.0,400.0
2005-10-10,2005-10-27,OPTSTK,HDFCBANK,700.0,PA,0.0,0.0,0.0,48.5,28.7,0.0,0.0,0.0
2005-10-10,2005-10-27,OPTSTK,HDFCBANK,720.0,PA,0.0,0.0,0.0,59.1,41.6,0.0,0.0,0.0
2005-10-10,2005-10-27,OPTSTK,HDFCBANK,740.0,PA,0.0,0.0,0.0,70.8,56.75,0.0,0.0,0.0
2005-10-10,2005-10-27,OPTSTK,HDFCBANK,760.0,PA,0.0,0.0,0.0,83.6,73.65,0.0,0.0,0.0
2005-10-10,2005-10-27,OPTSTK,HDFCBANK,780.0,PA,0.0,0.0,0.0,56.2,91.8,0.0,0.0,0.0
2005-10-10,2005-10-27,OPTSTK,HDFCBANK,800.0,PA,0.0,0.0,0.0,71.55,110.7,0.0,0.0,0.0
2005-10-10,2005-11-24,OPTSTK,HDFCBANK,580.0,CA,0.0,0.0,0.0,87.5,116.55,0.0,0.0,0.0
2005-10-10,2005-11-24,OPTSTK,HDFCBANK,600.0,CA,0.0,0.0,0.0,72.7,99.35,0.0,0.0,0.0
2005-10-10,2005-11-24,OPTSTK,HDFCBANK,620.0,CA,0.0,0.0,0.0,59.35,83.4,0.0,0.0,0.0
2005-10-10,2005-11-24,OPTSTK,HDFCBANK,640.0,CA,0.0,0.0,0.0,47.7,68.75,0.0,0.0,0.0
2005-10-10,2005-11-24,OPTSTK,HDFCBANK,660.0,CA,0.0,0.0,0.0,37.65,55.75,0.0,0.0,0.0
2005-10-10,2005-11-24,OPTSTK,HDFCBANK,680.0,CA,0.0,0.0,0.0,29.2,44.4,0.0,0.0,0.0
2005-10-10,2005-11-24,OPTSTK,HDFCBANK,700.0,CA,0.0,0.0,0.0,22.3,34.75,0.0,0.0,0.0
2005-10-10,2005-11-24,OPTSTK,HDFCBANK,720.0,CA,0.0,0.0,0.0,13.6,26.7,0.0,0.0,0.0
2005-10-10,2005-11-24,OPTSTK,HDFCBANK,740.0,CA,0.0,0.0,0.0,17.15,20.15,0.0,0.0,0.0
2005-10-10,2005-11-24,OPTSTK,HDFCBANK,760.0,CA,0.0,0.0,0.0,12.9,15.0,0.0,0.0,0.0
2005-10-10,2005-11-24,OPTSTK,HDFCBANK,780.0,CA,0.0,0.0,0.0,23.0,10.95,0.0,0.0,0.0
2005-10-10,2005-11-24,OPTSTK,HDFCBANK,800.0,CA,0.0,0.0,0.0,17.3,7.9,0.0,0.0,0.0
2005-10-10,2005-11-24,OPTSTK,HDFCBANK,580.0,PA,0.0,0.0,0.0,9.45,4.0,0.0,0.0,0.0
2005-10-10,2005-11-24,OPTSTK,HDFCBANK,600.0,PA,0.0,0.0,0.0,14.35,6.7,0.0,0.0,0.0
2005-10-10,2005-11-24,OPTSTK,HDFCBANK,620.0,PA,0.0,0.0,0.0,20.7,10.55,0.0,0.0,0.0
2005-10-10,2005-11-24,OPTSTK,HDFCBANK,640.0,PA,0.0,0.0,0.0,28.7,15.8,0.0,0.0,0.0
2005-10-10,2005-11-24,OPTSTK,HDFCBANK,660.0,PA,0.0,0.0,0.0,38.4,22.65,0.0,0.0,0.0
2005-10-10,2005-11-24,OPTSTK,HDFCBANK,680.0,PA,0.0,0.0,0.0,49.65,31.15,0.0,0.0,0.0
2005-10-10,2005-11-24,OPTSTK,HDFCBANK,700.0,PA,0.0,0.0,0.0,62.45,41.3,0.0,0.0,0.0
2005-10-10,2005-11-24,OPTSTK,HDFCBANK,720.0,PA,0.0,0.0,0.0,68.7,53.15,0.0,0.0,0.0
2005-10-10,2005-11-24,OPTSTK,HDFCBANK,740.0,PA,0.0,0.0,0.0,72.0,66.45,0.0,0.0,0.0
2005-10-10,2005-11-24,OPTSTK,HDFCBANK,760.0,PA,0.0,0.0,0.0,72.0,81.15,0.0,0.0,0.0
2005-10-10,2005-11-24,OPTSTK,HDFCBANK,780.0,PA,0.0,0.0,0.0,62.35,96.95,0.0,0.0,0.0
2005-10-10,2005-11-24,OPTSTK,HDFCBANK,800.0,PA,0.0,0.0,0.0,76.45,113.7,0.0,0.0,0.0
2005-10-10,2005-12-29,OPTSTK,HDFCBANK,620.0,CA,0.0,0.0,0.0,92.2,95.15,0.0,0.0,0.0
2005-10-10,2005-12-29,OPTSTK,HDFCBANK,640.0,CA,0.0,0.0,0.0,87.15,81.75,0.0,0.0,0.0
2005-10-10,2005-12-29,OPTSTK,HDFCBANK,660.0,CA,0.0,0.0,0.0,74.45,69.6,0.0,0.0,0.0
2005-10-10,2005-12-29,OPTSTK,HDFCBANK,680.0,CA,0.0,0.0,0.0,63.0,58.75,0.0,0.0,0.0
2005-10-10,2005-12-29,OPTSTK,HDFCBANK,700.0,CA,0.0,0.0,0.0,52.8,49.15,0.0,0.0,0.0
2005-10-10,2005-12-29,OPTSTK,HDFCBANK,720.0,CA,0.0,0.0,0.0,43.9,40.75,0.0,0.0,0.0
2005-10-10,2005-12-29,OPTSTK,HDFCBANK,740.0,CA,0.0,0.0,0.0,36.15,33.5,0.0,0.0,0.0
2005-10-10,2005-12-29,OPTSTK,HDFCBANK,760.0,CA,0.0,0.0,0.0,29.55,27.3,0.0,0.0,0.0
2005-10-10,2005-12-29,OPTSTK,HDFCBANK,620.0,PA,0.0,0.0,0.0,17.85,18.8,0.0,0.0,0.0
2005-10-10,2005-12-29,OPTSTK,HDFCBANK,640.0,PA,0.0,0.0,0.0,21.75,25.1,0.0,0.0,0.0
2005-10-10,2005-12-29,OPTSTK,HDFCBANK,660.0,PA,0.0,0.0,0.0,28.7,32.7,0.0,0.0,0.0
2005-10-10,2005-12-29,OPTSTK,HDFCBANK,680.0,PA,0.0,0.0,0.0,36.95,41.55,0.0,0.0,0.0
2005-10-10,2005-12-29,OPTSTK,HDFCBANK,700.0,PA,0.0,0.0,0.0,46.5,51.7,0.0,0.0,0.0
2005-10-10,2005-12-29,OPTSTK,HDFCBANK,720.0,PA,0.0,0.0,0.0,57.25,63.05,0.0,0.0,0.0
2005-10-10,2005-12-29,OPTSTK,HDFCBANK,740.0,PA,0.0,0.0,0.0,69.25,75.55,0.0,0.0,0.0
2005-10-10,2005-12-29,OPTSTK,HDFCBANK,760.0,PA,0.0,0.0,0.0,82.3,89.1,0.0,0.0,0.0
2005-10-10,2005-10-27,OPTSTK,HEROHONDA,540.0,CA,0.0,0.0,0.0,83.2,204.8,0.0,0.0,0.0
2005-10-10,2005-10-27,OPTSTK,HEROHONDA,560.0,CA,0.0,0.0,0.0,85.4,184.85,0.0,0.0,0.0
2005-10-10,2005-10-27,OPTSTK,HEROHONDA,580.0,CA,0.0,0.0,0.0,71.65,164.9,0.0,0.0,0.0
2005-10-10,2005-10-27,OPTSTK,HEROHONDA,600.0,CA,0.0,0.0,0.0,59.35,145.0,0.0,0.0,0.0
2005-10-10,2005-10-27,OPTSTK,HEROHONDA,620.0,CA,0.0,0.0,0.0,48.55,125.05,0.0,0.0,0.0
2005-10-10,2005-10-27,OPTSTK,HEROHONDA,640.0,CA,0.0,0.0,0.0,39.25,105.25,0.0,0.0,0.0
2005-10-10,2005-10-27,OPTSTK,HEROHONDA,660.0,CA,0.0,0.0,0.0,31.3,85.75,0.0,0.0,0.0
2005-10-10,2005-10-27,OPTSTK,HEROHONDA,680.0,CA,0.0,0.0,0.0,24.7,66.95,0.0,0.0,0.0
2005-10-10,2005-10-27,OPTSTK,HEROHONDA,700.0,CA,0.0,0.0,0.0,21.4,49.6,0.0,0.0,0.0
2005-10-10,2005-10-27,OPTSTK,HEROHONDA,720.0,CA,0.0,0.0,0.0,24.6,34.5,0.0,0.0,0.0
2005-10-10,2005-10-27,OPTSTK,HEROHONDA,740.0,CA,20.0,20.0,20.0,20.0,20.0,1.0,3.04,400.0
2005-10-10,2005-10-27,OPTSTK,HEROHONDA,760.0,CA,0.0,0.0,0.0,22.0,13.35,0.0,0.0,4800.0
2005-10-10,2005-10-27,OPTSTK,HEROHONDA,780.0,CA,0.0,0.0,0.0,6.9,7.4,0.0,0.0,0.0
2005-10-10,2005-10-27,OPTSTK,HEROHONDA,800.0,CA,0.0,0.0,0.0,8.6,3.75,0.0,0.0,0.0
2005-10-10,2005-10-27,OPTSTK,HEROHONDA,820.0,CA,0.0,0.0,0.0,6.4,1.75,0.0,0.0,0.0
2005-10-10,2005-10-27,OPTSTK,HEROHONDA,540.0,PA,0.0,0.0,0.0,9.55,0.0,0.0,0.0,0.0
2005-10-10,2005-10-27,OPTSTK,HEROHONDA,560.0,PA,0.0,0.0,0.0,14.4,0.0,0.0,0.0,0.0
2005-10-10,2005-10-27,OPTSTK,HEROHONDA,580.0,PA,0.0,0.0,0.0,20.35,0.0,0.0,0.0,0.0
2005-10-10,2005-10-27,OPTSTK,HEROHONDA,600.0,PA,0.0,0.0,0.0,27.8,0.05,0.0,0.0,0.0
2005-10-10,2005-10-27,OPTSTK,HEROHONDA,620.0,PA,0.0,0.0,0.0,36.7,0.05,0.0,0.0,0.0
2005-10-10,2005-10-27,OPTSTK,HEROHONDA,640.0,PA,0.0,0.0,0.0,47.1,0.2,0.0,0.0,0.0
2005-10-10,2005-10-27,OPTSTK,HEROHONDA,660.0,PA,0.0,0.0,0.0,58.9,0.6,0.0,0.0,0.0
2005-10-10,2005-10-27,OPTSTK,HEROHONDA,680.0,PA,0.0,0.0,0.0,71.95,1.8,0.0,0.0,0.0
2005-10-10,2005-10-27,OPTSTK,HEROHONDA,700.0,PA,0.0,0.0,0.0,78.9,4.4,0.0,0.0,0.0
2005-10-10,2005-10-27,OPTSTK,HEROHONDA,720.0,PA,0.0,0.0,0.0,81.5,9.25,0.0,0.0,0.0
2005-10-10,2005-10-27,OPTSTK,HEROHONDA,740.0,PA,0.0,0.0,0.0,80.2,17.0,0.0,0.0,0.0
2005-10-10,2005-10-27,OPTSTK,HEROHONDA,760.0,PA,0.0,0.0,0.0,93.3,28.0,0.0,0.0,0.0
2005-10-10,2005-10-27,OPTSTK,HEROHONDA,780.0,PA,0.0,0.0,0.0,69.55,41.95,0.0,0.0,0.0
2005-10-10,2005-10-27,OPTSTK,HEROHONDA,800.0,PA,0.0,0.0,0.0,61.15,58.25,0.0,0.0,0.0
2005-10-10,2005-10-27,OPTSTK,HEROHONDA,820.0,PA,0.0,0.0,0.0,60.15,76.2,0.0,0.0,0.0
2005-10-10,2005-11-24,OPTSTK,HEROHONDA,580.0,CA,0.0,0.0,0.0,92.15,167.9,0.0,0.0,0.0
2005-10-10,2005-11-24,OPTSTK,HEROHONDA,600.0,CA,0.0,0.0,0.0,87.4,148.35,0.0,0.0,0.0
2005-10-10,2005-11-24,OPTSTK,HEROHONDA,620.0,CA,0.0,0.0,0.0,75.5,129.15,0.0,0.0,0.0
2005-10-10,2005-11-24,OPTSTK,HEROHONDA,640.0,CA,0.0,0.0,0.0,64.75,110.5,0.0,0.0,0.0
2005-10-10,2005-11-24,OPTSTK,HEROHONDA,660.0,CA,0.0,0.0,0.0,55.15,92.75,0.0,0.0,0.0
2005-10-10,2005-11-24,OPTSTK,HEROHONDA,680.0,CA,0.0,0.0,0.0,46.7,76.15,0.0,0.0,0.0
2005-10-10,2005-11-24,OPTSTK,HEROHONDA,700.0,CA,0.0,0.0,0.0,39.3,61.05,0.0,0.0,0.0
2005-10-10,2005-11-24,OPTSTK,HEROHONDA,720.0,CA,0.0,0.0,0.0,32.85,47.7,0.0,0.0,0.0
2005-10-10,2005-11-24,OPTSTK,HEROHONDA,740.0,CA,0.0,0.0,0.0,34.75,36.35,0.0,0.0,0.0
2005-10-10,2005-11-24,OPTSTK,HEROHONDA,760.0,CA,0.0,0.0,0.0,30.8,26.95,0.0,0.0,0.0
2005-10-10,2005-11-24,OPTSTK,HEROHONDA,780.0,CA,0.0,0.0,0.0,15.55,19.45,0.0,0.0,0.0
2005-10-10,2005-11-24,OPTSTK,HEROHONDA,800.0,CA,0.0,0.0,0.0,18.75,13.7,0.0,0.0,0.0
2005-10-10,2005-11-24,OPTSTK,HEROHONDA,820.0,CA,0.0,0.0,0.0,16.7,9.35,0.0,0.0,0.0
2005-10-10,2005-11-24,OPTSTK,HEROHONDA,580.0,PA,0.0,0.0,0.0,20.4,0.25,0.0,0.0,0.0
2005-10-10,2005-11-24,OPTSTK,HEROHONDA,600.0,PA,0.0,0.0,0.0,28.25,0.55,0.0,0.0,0.0
2005-10-10,2005-11-24,OPTSTK,HEROHONDA,620.0,PA,0.0,0.0,0.0,36.05,1.2,0.0,0.0,0.0
2005-10-10,2005-11-24,OPTSTK,HEROHONDA,640.0,PA,0.0,0.0,0.0,45.05,2.4,0.0,0.0,0.0
2005-10-10,2005-11-24,OPTSTK,HEROHONDA,660.0,PA,0.0,0.0,0.0,55.15,4.45,0.0,0.0,0.0
2005-10-10,2005-11-24,OPTSTK,HEROHONDA,680.0,PA,0.0,0.0,0.0,66.4,7.7,0.0,0.0,0.0
2005-10-10,2005-11-24,OPTSTK,HEROHONDA,700.0,PA,0.0,0.0,0.0,78.7,12.5,0.0,0.0,0.0
2005-10-10,2005-11-24,OPTSTK,HEROHONDA,720.0,PA,0.0,0.0,0.0,91.95,19.0,0.0,0.0,0.0
2005-10-10,2005-11-24,OPTSTK,HEROHONDA,740.0,PA,0.0,0.0,0.0,80.35,27.45,0.0,0.0,0.0
2005-10-10,2005-11-24,OPTSTK,HEROHONDA,760.0,PA,0.0,0.0,0.0,85.85,37.9,0.0,0.0,0.0
2005-10-10,2005-11-24,OPTSTK,HEROHONDA,780.0,PA,0.0,0.0,0.0,74.6,50.25,0.0,0.0,0.0
2005-10-10,2005-11-24,OPTSTK,HEROHONDA,800.0,PA,0.0,0.0,0.0,67.45,64.35,0.0,0.0,0.0
2005-10-10,2005-11-24,OPTSTK,HEROHONDA,820.0,PA,0.0,0.0,0.0,66.45,79.9,0.0,0.0,0.0
2005-10-10,2005-12-29,OPTSTK,HEROHONDA,680.0,CA,0.0,0.0,0.0,91.35,86.5,0.0,0.0,0.0
2005-10-10,2005-12-29,OPTSTK,HEROHONDA,700.0,CA,0.0,0.0,0.0,77.75,72.55,0.0,0.0,0.0
2005-10-10,2005-12-29,OPTSTK,HEROHONDA,720.0,CA,0.0,0.0,0.0,65.55,60.05,0.0,0.0,0.0
2005-10-10,2005-12-29,OPTSTK,HEROHONDA,740.0,CA,0.0,0.0,0.0,54.65,49.0,0.0,0.0,0.0
2005-10-10,2005-12-29,OPTSTK,HEROHONDA,760.0,CA,0.0,0.0,0.0,45.05,39.45,0.0,0.0,0.0
2005-10-10,2005-12-29,OPTSTK,HEROHONDA,780.0,CA,0.0,0.0,0.0,36.8,31.35,0.0,0.0,0.0
2005-10-10,2005-12-29,OPTSTK,HEROHONDA,800.0,CA,0.0,0.0,0.0,29.7,24.55,0.0,0.0,0.0
2005-10-10,2005-12-29,OPTSTK,HEROHONDA,820.0,CA,0.0,0.0,0.0,27.75,19.05,0.0,0.0,0.0
2005-10-10,2005-12-29,OPTSTK,HEROHONDA,680.0,PA,0.0,0.0,0.0,17.25,14.2,0.0,0.0,0.0
2005-10-10,2005-12-29,OPTSTK,HEROHONDA,700.0,PA,0.0,0.0,0.0,23.4,19.95,0.0,0.0,0.0
2005-10-10,2005-12-29,OPTSTK,HEROHONDA,720.0,PA,0.0,0.0,0.0,30.85,27.2,0.0,0.0,0.0
2005-10-10,2005-12-29,OPTSTK,HEROHONDA,740.0,PA,0.0,0.0,0.0,39.65,35.9,0.0,0.0,0.0
2005-10-10,2005-12-29,OPTSTK,HEROHONDA,760.0,PA,0.0,0.0,0.0,49.8,46.1,0.0,0.0,0.0
2005-10-10,2005-12-29,OPTSTK,HEROHONDA,780.0,PA,0.0,0.0,0.0,61.25,57.7,0.0,0.0,0.0
2005-10-10,2005-12-29,OPTSTK,HEROHONDA,800.0,PA,0.0,0.0,0.0,73.85,70.7,0.0,0.0,0.0
2005-10-10,2005-12-29,OPTSTK,HEROHONDA,820.0,PA,0.0,0.0,0.0,72.9,84.9,0.0,0.0,0.0
2005-10-10,2005-10-27,OPTSTK,HINDALC0,117.0,CA,0.0,0.0,0.0,136.8,26.2,0.0,0.0,0.0
2005-10-10,2005-10-27,OPTSTK,HINDALC0,120.0,CA,0.0,0.0,0.0,116.55,23.25,0.0,0.0,0.0
2005-10-10,2005-10-27,OPTSTK,HINDALC0,123.0,CA,0.0,0.0,0.0,98.25,20.4,0.0,0.0,0.0
2005-10-10,2005-10-27,OPTSTK,HINDALC0,125.0,CA,0.0,0.0,0.0,18.95,18.5,0.0,0.0,0.0
2005-10-10,2005-10-27,OPTSTK,HINDALC0,126.0,CA,0.0,0.0,0.0,81.95,17.6,0.0,0.0,0.0
2005-10-10,2005-10-27,OPTSTK,HINDALC0,129.0,CA,0.0,0.0,0.0,67.6,14.95,0.0,0.0,0.0
2005-10-10,2005-10-27,OPTSTK,HINDALC0,130.0,CA,0.0,0.0,0.0,14.75,14.1,0.0,0.0,0.0
2005-10-10,2005-10-27,OPTSTK,HINDALC0,132.0,CA,0.0,0.0,0.0,55.15,12.45,0.0,0.0,0.0
2005-10-10,2005-10-27,OPTSTK,HINDALC0,135.0,CA,0.0,0.0,0.0,44.55,10.15,0.0,0.0,0.0
2005-10-10,2005-10-27,OPTSTK,HINDALC0,138.0,CA,0.0,0.0,0.0,42.05,8.1,0.0,0.0,0.0
2005-10-10,2005-10-27,OPTSTK,HINDALC0,140.0,CA,0.0,0.0,0.0,8.0,6.9,0.0,0.0,0.0
2005-10-10,2005-10-27,OPTSTK,HINDALC0,141.0,CA,10.0,10.25,10.0,10.25,10.25,10.0,22.66,15000.0
2005-10-10,2005-10-27,OPTSTK,HINDALC0,144.0,CA,0.0,0.0,0.0,42.7,4.8,0.0,0.0,0.0
2005-10-10,2005-10-27,OPTSTK,HINDALC0,145.0,CA,6.05,6.7,4.7,4.85,4.85,20.0,45.22,85500.0
2005-10-10,2005-10-27,OPTSTK,HINDALC0,147.0,CA,0.0,0.0,0.0,38.05,3.6,0.0,0.0,0.0
2005-10-10,2005-10-27,OPTSTK,HINDALC0,150.0,CA,5.1,5.2,3.3,3.5,3.5,39.0,90.12,535500.0
2005-10-10,2005-10-27,OPTSTK,HINDALC0,153.0,CA,0.0,0.0,0.0,7.0,1.85,0.0,0.0,4500.0
2005-10-10,2005-10-27,OPTSTK,HINDALC0,155.0,CA,2.95,2.95,1.75,1.95,1.95,11.0,25.95,199500.0
2005-10-10,2005-10-27,OPTSTK,HINDALC0,160.0,CA,2.75,2.75,1.4,1.5,1.5,25.0,60.62,504000.0
2005-10-10,2005-10-27,OPTSTK,HINDALC0,165.0,CA,0.0,0.0,0.0,1.75,0.4,0.0,0.0,60000.0
2005-10-10,2005-10-27,OPTSTK,HINDALC0,170.0,CA,0.0,0.0,0.0,0.95,0.2,0.0,0.0,63000.0
2005-10-10,2005-10-27,OPTSTK,HINDALC0,175.0,CA,0.0,0.0,0.0,0.95,0.1,0.0,0.0,13500.0
2005-10-10,2005-10-27,OPTSTK,HINDALC0,117.0,PA,0.0,0.0,0.0,27.25,0.05,0.0,0.0,0.0
2005-10-10,2005-10-27,OPTSTK,HINDALC0,120.0,PA,0.0,0.0,0.0,36.55,0.15,0.0,0.0,0.0
2005-10-10,2005-10-27,OPTSTK,HINDALC0,123.0,PA,0.0,0.0,0.0,47.85,0.25,0.0,0.0,0.0
2005-10-10,2005-10-27,OPTSTK,HINDALC0,125.0,PA,0.0,0.0,0.0,0.8,0.4,0.0,0.0,0.0
2005-10-10,2005-10-27,OPTSTK,HINDALC0,126.0,PA,0.0,0.0,0.0,61.1,0.45,0.0,0.0,0.0
2005-10-10,2005-10-27,OPTSTK,HINDALC0,129.0,PA,0.0,0.0,0.0,76.3,0.8,0.0,0.0,0.0
2005-10-10,2005-10-27,OPTSTK,HINDALC0,130.0,PA,0.0,0.0,0.0,1.6,0.95,0.0,0.0,0.0
2005-10-10,2005-10-27,OPTSTK,HINDALC0,132.0,PA,0.0,0.0,0.0,93.45,1.3,0.0,0.0,0.0
2005-10-10,2005-10-27,OPTSTK,HINDALC0,135.0,PA,2.05,2.05,2.05,2.05,2.05,1.0,2.05,3000.0
2005-10-10,2005-10-27,OPTSTK,HINDALC0,138.0,PA,0.0,0.0,0.0,114.7,2.95,0.0,0.0,0.0
2005-10-10,2005-10-27,OPTSTK,HINDALC0,140.0,PA,3.05,4.35,3.0,3.85,3.85,8.0,17.23,27000.0
2005-10-10,2005-10-27,OPTSTK,HINDALC0,141.0,PA,0.0,0.0,0.0,120.65,4.15,0.0,0.0,0.0
2005-10-10,2005-10-27,OPTSTK,HINDALC0,144.0,PA,0.0,0.0,0.0,118.45,5.65,0.0,0.0,0.0
2005-10-10,2005-10-27,OPTSTK,HINDALC0,145.0,PA,5.9,5.9,4.15,5.5,5.5,3.0,6.75,54000.0
2005-10-10,2005-10-27,OPTSTK,HINDALC0,147.0,PA,0.0,0.0,0.0,114.05,7.4,0.0,0.0,0.0
2005-10-10,2005-10-27,OPTSTK,HINDALC0,150.0,PA,9.35,9.35,9.35,9.35,9.35,1.0,2.39,88500.0
2005-10-10,2005-10-27,OPTSTK,HINDALC0,153.0,PA,0.0,0.0,0.0,123.6,11.65,0.0,0.0,0.0
2005-10-10,2005-10-27,OPTSTK,HINDALC0,155.0,PA,0.0,0.0,0.0,7.0,13.25,0.0,0.0,1500.0
2005-10-10,2005-10-27,OPTSTK,HINDALC0,160.0,PA,0.0,0.0,0.0,12.05,17.55,0.0,0.0,4500.0
2005-10-10,2005-10-27,OPTSTK,HINDALC0,165.0,PA,0.0,0.0,0.0,17.5,22.15,0.0,0.0,0.0
2005-10-10,2005-10-27,OPTSTK,HINDALC0,170.0,PA,0.0,0.0,0.0,17.1,26.95,0.0,0.0,0.0
2005-10-10,2005-10-27,OPTSTK,HINDALC0,175.0,PA,0.0,0.0,0.0,16.3,31.85,0.0,0.0,0.0
2005-10-10,2005-11-24,OPTSTK,HINDALC0,125.0,CA,0.0,0.0,0.0,20.1,20.55,0.0,0.0,0.0
2005-10-10,2005-11-24,OPTSTK,HINDALC0,126.0,CA,0.0,0.0,0.0,144.95,19.75,0.0,0.0,0.0
2005-10-10,2005-11-24,OPTSTK,HINDALC0,129.0,CA,0.0,0.0,0.0,140.25,17.45,0.0,0.0,0.0
2005-10-10,2005-11-24,OPTSTK,HINDALC0,130.0,CA,0.0,0.0,0.0,16.15,16.75,0.0,0.0,0.0
2005-10-10,2005-11-24,OPTSTK,HINDALC0,132.0,CA,0.0,0.0,0.0,119.55,15.3,0.0,0.0,0.0
2005-10-10,2005-11-24,OPTSTK,HINDALC0,135.0,CA,0.0,0.0,0.0,100.85,13.35,0.0,0.0,0.0
2005-10-10,2005-11-24,OPTSTK,HINDALC0,138.0,CA,0.0,0.0,0.0,84.1,11.5,0.0,0.0,0.0
2005-10-10,2005-11-24,OPTSTK,HINDALC0,140.0,CA,0.0,0.0,0.0,9.7,10.4,0.0,0.0,0.0
2005-10-10,2005-11-24,OPTSTK,HINDALC0,141.0,CA,0.0,0.0,0.0,69.3,9.85,0.0,0.0,0.0
2005-10-10,2005-11-24,OPTSTK,HINDALC0,144.0,CA,0.0,0.0,0.0,56.5,8.4,0.0,0.0,0.0
2005-10-10,2005-11-24,OPTSTK,HINDALC0,145.0,CA,0.0,0.0,0.0,7.2,7.95,0.0,0.0,0.0
2005-10-10,2005-11-24,OPTSTK,HINDALC0,147.0,CA,0.0,0.0,0.0,45.5,7.1,0.0,0.0,0.0
2005-10-10,2005-11-24,OPTSTK,HINDALC0,150.0,CA,0.0,0.0,0.0,5.2,5.9,0.0,0.0,0.0
2005-10-10,2005-11-24,OPTSTK,HINDALC0,155.0,CA,0.0,0.0,0.0,3.7,4.35,0.0,0.0,0.0
2005-10-10,2005-11-24,OPTSTK,HINDALC0,160.0,CA,0.0,0.0,0.0,5.75,3.1,0.0,0.0,3000.0
2005-10-10,2005-11-24,OPTSTK,HINDALC0,165.0,CA,0.0,0.0,0.0,2.9,2.2,0.0,0.0,0.0
2005-10-10,2005-11-24,OPTSTK,HINDALC0,170.0,CA,0.0,0.0,0.0,3.05,1.5,0.0,0.0,0.0
2005-10-10,2005-11-24,OPTSTK,HINDALC0,175.0,CA,0.0,0.0,0.0,4.05,1.05,0.0,0.0,0.0
2005-10-10,2005-11-24,OPTSTK,HINDALC0,125.0,PA,0.0,0.0,0.0,1.4,1.85,0.0,0.0,0.0
2005-10-10,2005-11-24,OPTSTK,HINDALC0,126.0,PA,0.0,0.0,0.0,23.2,2.05,0.0,0.0,0.0
2005-10-10,2005-11-24,OPTSTK,HINDALC0,129.0,PA,0.0,0.0,0.0,25.6,2.7,0.0,0.0,0.0
2005-10-10,2005-11-24,OPTSTK,HINDALC0,130.0,PA,0.0,0.0,0.0,2.4,3.0,0.0,0.0,0.0
2005-10-10,2005-11-24,OPTSTK,HINDALC0,132.0,PA,0.0,0.0,0.0,34.45,3.55,0.0,0.0,0.0
2005-10-10,2005-11-24,OPTSTK,HINDALC0,135.0,PA,0.0,0.0,0.0,45.3,4.55,0.0,0.0,0.0
2005-10-10,2005-11-24,OPTSTK,HINDALC0,138.0,PA,0.0,0.0,0.0,58.1,5.7,0.0,0.0,0.0
2005-10-10,2005-11-24,OPTSTK,HINDALC0,140.0,PA,0.0,0.0,0.0,5.8,6.55,0.0,0.0,0.0
2005-10-10,2005-11-24,OPTSTK,HINDALC0,141.0,PA,0.0,0.0,0.0,72.85,7.0,0.0,0.0,0.0
2005-10-10,2005-11-24,OPTSTK,HINDALC0,144.0,PA,0.0,0.0,0.0,89.6,8.5,0.0,0.0,0.0
2005-10-10,2005-11-24,OPTSTK,HINDALC0,145.0,PA,0.0,0.0,0.0,8.25,9.05,0.0,0.0,0.0
2005-10-10,2005-11-24,OPTSTK,HINDALC0,147.0,PA,0.0,0.0,0.0,108.2,10.2,0.0,0.0,0.0
2005-10-10,2005-11-24,OPTSTK,HINDALC0,150.0,PA,0.0,0.0,0.0,11.2,12.0,0.0,0.0,0.0
2005-10-10,2005-11-24,OPTSTK,HINDALC0,155.0,PA,0.0,0.0,0.0,14.6,15.4,0.0,0.0,0.0
2005-10-10,2005-11-24,OPTSTK,HINDALC0,160.0,PA,0.0,0.0,0.0,17.2,19.15,0.0,0.0,0.0
2005-10-10,2005-11-24,OPTSTK,HINDALC0,165.0,PA,0.0,0.0,0.0,18.05,23.15,0.0,0.0,0.0
2005-10-10,2005-11-24,OPTSTK,HINDALC0,170.0,PA,0.0,0.0,0.0,17.85,27.45,0.0,0.0,0.0
2005-10-10,2005-11-24,OPTSTK,HINDALC0,175.0,PA,0.0,0.0,0.0,17.45,31.95,0.0,0.0,0.0
2005-10-10,2005-12-29,OPTSTK,HINDALC0,130.0,CA,0.0,0.0,0.0,23.85,19.45,0.0,0.0,0.0
2005-10-10,2005-12-29,OPTSTK,HINDALC0,135.0,CA,0.0,0.0,0.0,20.55,16.3,0.0,0.0,0.0
2005-10-10,2005-12-29,OPTSTK,HINDALC0,140.0,CA,0.0,0.0,0.0,17.55,13.55,0.0,0.0,0.0
2005-10-10,2005-12-29,OPTSTK,HINDALC0,145.0,CA,0.0,0.0,0.0,14.9,11.1,0.0,0.0,0.0
2005-10-10,2005-12-29,OPTSTK,HINDALC0,150.0,CA,0.0,0.0,0.0,12.55,9.05,0.0,0.0,0.0
2005-10-10,2005-12-29,OPTSTK,HINDALC0,155.0,CA,0.0,0.0,0.0,10.45,7.25,0.0,0.0,0.0
2005-10-10,2005-12-29,OPTSTK,HINDALC0,160.0,CA,0.0,0.0,0.0,8.65,5.8,0.0,0.0,0.0
2005-10-10,2005-12-29,OPTSTK,HINDALC0,165.0,CA,0.0,0.0,0.0,8.45,4.6,0.0,0.0,0.0
2005-10-10,2005-12-29,OPTSTK,HINDALC0,170.0,CA,0.0,0.0,0.0,7.0,3.6,0.0,0.0,0.0
2005-10-10,2005-12-29,OPTSTK,HINDALC0,130.0,PA,0.0,0.0,0.0,4.75,4.95,0.0,0.0,0.0
2005-10-10,2005-12-29,OPTSTK,HINDALC0,135.0,PA,0.0,0.0,0.0,6.35,6.75,0.0,0.0,0.0
2005-10-10,2005-12-29,OPTSTK,HINDALC0,140.0,PA,0.0,0.0,0.0,8.3,8.9,0.0,0.0,0.0
2005-10-10,2005-12-29,OPTSTK,HINDALC0,145.0,PA,0.0,0.0,0.0,10.55,11.4,0.0,0.0,0.0
2005-10-10,2005-12-29,OPTSTK,HINDALC0,150.0,PA,0.0,0.0,0.0,13.1,14.25,0.0,0.0,0.0
2005-10-10,2005-12-29,OPTSTK,HINDALC0,155.0,PA,0.0,0.0,0.0,15.95,17.45,0.0,0.0,0.0
2005-10-10,2005-12-29,OPTSTK,HINDALC0,160.0,PA,0.0,0.0,0.0,19.1,20.9,0.0,0.0,0.0
2005-10-10,2005-12-29,OPTSTK,HINDALC0,165.0,PA,0.0,0.0,0.0,19.55,24.6,0.0,0.0,0.0
2005-10-10,2005-12-29,OPTSTK,HINDALC0,170.0,PA,0.0,0.0,0.0,21.85,28.55,0.0,0.0,0.0
2005-10-10,2005-10-27,OPTSTK,HINDLEVER,145.0,CA,0.0,0.0,0.0,21.5,35.6,0.0,0.0,0.0
2005-10-10,2005-10-27,OPTSTK,HINDLEVER,150.0,CA,0.0,0.0,0.0,21.4,30.7,0.0,0.0,0.0
2005-10-10,2005-10-27,OPTSTK,HINDLEVER,155.0,CA,0.0,0.0,0.0,17.75,25.8,0.0,0.0,0.0
2005-10-10,2005-10-27,OPTSTK,HINDLEVER,160.0,CA,0.0,0.0,0.0,6.05,21.15,0.0,0.0,2000.0
2005-10-10,2005-10-27,OPTSTK,HINDLEVER,165.0,CA,0.0,0.0,0.0,14.5,16.7,0.0,0.0,12000.0
2005-10-10,2005-10-27,OPTSTK,HINDLEVER,170.0,CA,11.45,13.5,11.45,12.2,12.2,4.0,14.6,94000.0
2005-10-10,2005-10-27,OPTSTK,HINDLEVER,175.0,CA,7.5,9.7,7.1,8.2,8.2,41.0,150.38,130000.0
2005-10-10,2005-10-27,OPTSTK,HINDLEVER,180.0,CA,5.0,6.4,4.3,5.3,5.3,217.0,805.16,1020000.0
2005-10-10,2005-10-27,OPTSTK,HINDLEVER,185.0,CA,3.75,4.25,3.0,3.35,3.35,96.0,362.2,576000.0
2005-10-10,2005-10-27,OPTSTK,HINDLEVER,190.0,CA,2.3,2.9,1.95,2.3,2.3,69.0,265.57,588000.0
2005-10-10,2005-10-27,OPTSTK,HINDLEVER,195.0,CA,1.75,1.8,1.2,1.3,1.3,17.0,66.83,204000.0
2005-10-10,2005-10-27,OPTSTK,HINDLEVER,200.0,CA,0.8,1.3,0.8,1.15,1.15,18.0,72.39,148000.0
2005-10-10,2005-10-27,OPTSTK,HINDLEVER,145.0,PA,0.0,0.0,0.0,2.7,0.05,0.0,0.0,0.0
2005-10-10,2005-10-27,OPTSTK,HINDLEVER,150.0,PA,0.0,0.0,0.0,2.55,0.1,0.0,0.0,0.0
2005-10-10,2005-10-27,OPTSTK,HINDLEVER,155.0,PA,0.0,0.0,0.0,1.05,0.2,0.0,0.0,4000.0
2005-10-10,2005-10-27,OPTSTK,HINDLEVER,160.0,PA,0.0,0.0,0.0,0.75,0.5,0.0,0.0,18000.0
2005-10-10,2005-10-27,OPTSTK,HINDLEVER,165.0,PA,0.6,0.6,0.6,0.6,0.6,1.0,3.31,52000.0
2005-10-10,2005-10-27,OPTSTK,HINDLEVER,170.0,PA,2.05,2.2,1.35,1.65,1.65,17.0,58.38,194000.0
2005-10-10,2005-10-27,OPTSTK,HINDLEVER,175.0,PA,4.1,4.15,2.5,2.5,2.5,19.0,67.64,124000.0
2005-10-10,2005-10-27,OPTSTK,HINDLEVER,180.0,PA,5.3,5.3,4.0,5.1,5.1,30.0,110.76,178000.0
2005-10-10,2005-10-27,OPTSTK,HINDLEVER,185.0,PA,0.0,0.0,0.0,8.5,8.6,0.0,0.0,14000.0
2005-10-10,2005-10-27,OPTSTK,HINDLEVER,190.0,PA,0.0,0.0,0.0,19.95,12.0,0.0,0.0,0.0
2005-10-10,2005-10-27,OPTSTK,HINDLEVER,195.0,PA,0.0,0.0,0.0,18.0,15.9,0.0,0.0,0.0
2005-10-10,2005-10-27,OPTSTK,HINDLEVER,200.0,PA,0.0,0.0,0.0,17.65,20.2,0.0,0.0,0.0
2005-10-10,2005-11-24,OPTSTK,HINDLEVER,145.0,CA,0.0,0.0,0.0,22.2,36.8,0.0,0.0,0.0
2005-10-10,2005-11-24,OPTSTK,HINDLEVER,150.0,CA,0.0,0.0,0.0,18.65,32.2,0.0,0.0,0.0
2005-10-10,2005-11-24,OPTSTK,HINDLEVER,155.0,CA,0.0,0.0,0.0,15.45,27.8,0.0,0.0,0.0
2005-10-10,2005-11-24,OPTSTK,HINDLEVER,160.0,CA,0.0,0.0,0.0,12.65,23.7,0.0,0.0,0.0
2005-10-10,2005-11-24,OPTSTK,HINDLEVER,165.0,CA,0.0,0.0,0.0,10.2,19.9,0.0,0.0,0.0
2005-10-10,2005-11-24,OPTSTK,HINDLEVER,170.0,CA,0.0,0.0,0.0,8.1,16.4,0.0,0.0,0.0
2005-10-10,2005-11-24,OPTSTK,HINDLEVER,175.0,CA,0.0,0.0,0.0,6.4,13.35,0.0,0.0,0.0
2005-10-10,2005-11-24,OPTSTK,HINDLEVER,180.0,CA,0.0,0.0,0.0,5.25,10.7,0.0,0.0,0.0
2005-10-10,2005-11-24,OPTSTK,HINDLEVER,185.0,CA,0.0,0.0,0.0,4.8,8.4,0.0,0.0,0.0
2005-10-10,2005-11-24,OPTSTK,HINDLEVER,190.0,CA,0.0,0.0,0.0,4.8,6.5,0.0,0.0,0.0
2005-10-10,2005-11-24,OPTSTK,HINDLEVER,195.0,CA,0.0,0.0,0.0,3.7,5.0,0.0,0.0,0.0
2005-10-10,2005-11-24,OPTSTK,HINDLEVER,200.0,CA,0.0,0.0,0.0,6.15,3.75,0.0,0.0,0.0
2005-10-10,2005-11-24,OPTSTK,HINDLEVER,145.0,PA,0.0,0.0,0.0,3.1,0.5,0.0,0.0,0.0
2005-10-10,2005-11-24,OPTSTK,HINDLEVER,150.0,PA,0.0,0.0,0.0,4.5,0.9,0.0,0.0,0.0
2005-10-10,2005-11-24,OPTSTK,HINDLEVER,155.0,PA,0.0,0.0,0.0,6.2,1.45,0.0,0.0,0.0
2005-10-10,2005-11-24,OPTSTK,HINDLEVER,160.0,PA,0.0,0.0,0.0,8.3,2.3,0.0,0.0,0.0
2005-10-10,2005-11-24,OPTSTK,HINDLEVER,165.0,PA,0.0,0.0,0.0,10.8,3.45,0.0,0.0,0.0
2005-10-10,2005-11-24,OPTSTK,HINDLEVER,170.0,PA,0.0,0.0,0.0,13.65,4.95,0.0,0.0,0.0
2005-10-10,2005-11-24,OPTSTK,HINDLEVER,175.0,PA,0.0,0.0,0.0,16.85,6.85,0.0,0.0,0.0
2005-10-10,2005-11-24,OPTSTK,HINDLEVER,180.0,PA,0.0,0.0,0.0,19.0,9.15,0.0,0.0,0.0
2005-10-10,2005-11-24,OPTSTK,HINDLEVER,185.0,PA,0.0,0.0,0.0,19.4,11.85,0.0,0.0,0.0
2005-10-10,2005-11-24,OPTSTK,HINDLEVER,190.0,PA,0.0,0.0,0.0,16.45,14.9,0.0,0.0,0.0
2005-10-10,2005-11-24,OPTSTK,HINDLEVER,195.0,PA,0.0,0.0,0.0,18.9,18.35,0.0,0.0,0.0
2005-10-10,2005-11-24,OPTSTK,HINDLEVER,200.0,PA,0.0,0.0,0.0,19.75,22.05,0.0,0.0,0.0
2005-10-10,2005-12-29,OPTSTK,HINDLEVER,160.0,CA,0.0,0.0,0.0,23.05,26.65,0.0,0.0,0.0
2005-10-10,2005-12-29,OPTSTK,HINDLEVER,165.0,CA,0.0,0.0,0.0,24.35,23.15,0.0,0.0,0.0
2005-10-10,2005-12-29,OPTSTK,HINDLEVER,170.0,CA,0.0,0.0,0.0,24.0,19.95,0.0,0.0,0.0
2005-10-10,2005-12-29,OPTSTK,HINDLEVER,175.0,CA,0.0,0.0,0.0,20.85,17.05,0.0,0.0,0.0
2005-10-10,2005-12-29,OPTSTK,HINDLEVER,180.0,CA,0.0,0.0,0.0,18.0,14.45,0.0,0.0,0.0
2005-10-10,2005-12-29,OPTSTK,HINDLEVER,185.0,CA,0.0,0.0,0.0,15.4,12.15,0.0,0.0,0.0
2005-10-10,2005-12-29,OPTSTK,HINDLEVER,190.0,CA,0.0,0.0,0.0,13.05,10.15,0.0,0.0,0.0
2005-10-10,2005-12-29,OPTSTK,HINDLEVER,195.0,CA,0.0,0.0,0.0,11.05,8.45,0.0,0.0,0.0
2005-10-10,2005-12-29,OPTSTK,HINDLEVER,200.0,CA,0.0,0.0,0.0,9.25,6.95,0.0,0.0,0.0
2005-10-10,2005-12-29,OPTSTK,HINDLEVER,160.0,PA,0.0,0.0,0.0,5.8,4.35,0.0,0.0,0.0
2005-10-10,2005-12-29,OPTSTK,HINDLEVER,165.0,PA,0.0,0.0,0.0,5.75,5.75,0.0,0.0,0.0
2005-10-10,2005-12-29,OPTSTK,HINDLEVER,170.0,PA,0.0,0.0,0.0,6.2,7.5,0.0,0.0,0.0
2005-10-10,2005-12-29,OPTSTK,HINDLEVER,175.0,PA,0.0,0.0,0.0,7.95,9.55,0.0,0.0,0.0
2005-10-10,2005-12-29,OPTSTK,HINDLEVER,180.0,PA,0.0,0.0,0.0,8.0,11.9,0.0,0.0,2000.0
2005-10-10,2005-12-29,OPTSTK,HINDLEVER,185.0,PA,0.0,0.0,0.0,12.35,14.55,0.0,0.0,0.0
2005-10-10,2005-12-29,OPTSTK,HINDLEVER,190.0,PA,0.0,0.0,0.0,14.95,17.5,0.0,0.0,0.0
2005-10-10,2005-12-29,OPTSTK,HINDLEVER,195.0,PA,0.0,0.0,0.0,17.85,20.65,0.0,0.0,0.0
2005-10-10,2005-12-29,OPTSTK,HINDLEVER,200.0,PA,0.0,0.0,0.0,21.0,24.1,0.0,0.0,0.0
2005-10-10,2005-10-27,OPTSTK,HINDPETRO,260.0,CA,0.0,0.0,0.0,36.55,57.1,0.0,0.0,0.0
2005-10-10,2005-10-27,OPTSTK,HINDPETRO,270.0,CA,0.0,0.0,0.0,28.65,47.2,0.0,0.0,0.0
2005-10-10,2005-10-27,OPTSTK,HINDPETRO,280.0,CA,0.0,0.0,0.0,21.7,37.5,0.0,0.0,0.0
2005-10-10,2005-10-27,OPTSTK,HINDPETRO,290.0,CA,0.0,0.0,0.0,15.9,28.25,0.0,0.0,0.0
2005-10-10,2005-10-27,OPTSTK,HINDPETRO,300.0,CA,0.0,0.0,0.0,25.5,19.9,0.0,0.0,1300.0
2005-10-10,2005-10-27,OPTSTK,HINDPETRO,310.0,CA,23.05,23.05,14.0,14.7,14.7,10.0,21.34,11050.0
2005-10-10,2005-10-27,OPTSTK,HINDPETRO,320.0,CA,12.25,13.75,9.0,9.85,9.85,84.0,181.39,128700.0
2005-10-10,2005-10-27,OPTSTK,HINDPETRO,330.0,CA,7.25,8.4,5.7,6.1,6.1,26.0,56.92,104000.0
2005-10-10,2005-10-27,OPTSTK,HINDPETRO,340.0,CA,5.1,5.1,3.25,3.3,3.3,6.0,13.42,37050.0
2005-10-10,2005-10-27,OPTSTK,HINDPETRO,350.0,CA,0.0,0.0,0.0,2.85,0.95,0.0,0.0,9750.0
2005-10-10,2005-10-27,OPTSTK,HINDPETRO,360.0,CA,0.0,0.0,0.0,1.75,0.4,0.0,0.0,0.0
2005-10-10,2005-10-27,OPTSTK,HINDPETRO,260.0,PA,0.0,0.0,0.0,2.3,0.05,0.0,0.0,0.0
2005-10-10,2005-10-27,OPTSTK,HINDPETRO,270.0,PA,0.0,0.0,0.0,4.2,0.1,0.0,0.0,0.0
2005-10-10,2005-10-27,OPTSTK,HINDPETRO,280.0,PA,0.0,0.0,0.0,7.1,0.35,0.0,0.0,0.0
2005-10-10,2005-10-27,OPTSTK,HINDPETRO,290.0,PA,0.0,0.0,0.0,11.15,1.1,0.0,0.0,0.0
2005-10-10,2005-10-27,OPTSTK,HINDPETRO,300.0,PA,2.0,2.0,2.0,2.0,2.0,1.0,1.96,2600.0
2005-10-10,2005-10-27,OPTSTK,HINDPETRO,310.0,PA,0.0,0.0,0.0,5.0,5.8,0.0,0.0,3250.0
2005-10-10,2005-10-27,OPTSTK,HINDPETRO,320.0,PA,8.7,10.0,8.3,10.0,10.0,10.0,21.42,24700.0
2005-10-10,2005-10-27,OPTSTK,HINDPETRO,330.0,PA,0.0,0.0,0.0,10.0,16.95,0.0,0.0,2600.0
2005-10-10,2005-10-27,OPTSTK,HINDPETRO,340.0,PA,0.0,0.0,0.0,35.55,24.8,0.0,0.0,0.0
2005-10-10,2005-10-27,OPTSTK,HINDPETRO,350.0,PA,0.0,0.0,0.0,28.75,33.65,0.0,0.0,0.0
2005-10-10,2005-10-27,OPTSTK,HINDPETRO,360.0,PA,0.0,0.0,0.0,32.45,43.05,0.0,0.0,0.0
2005-10-10,2005-11-24,OPTSTK,HINDPETRO,260.0,CA,0.0,0.0,0.0,36.6,58.85,0.0,0.0,0.0
2005-10-10,2005-11-24,OPTSTK,HINDPETRO,270.0,CA,0.0,0.0,0.0,29.0,49.6,0.0,0.0,0.0
2005-10-10,2005-11-24,OPTSTK,HINDPETRO,280.0,CA,0.0,0.0,0.0,22.4,40.8,0.0,0.0,0.0
2005-10-10,2005-11-24,OPTSTK,HINDPETRO,290.0,CA,0.0,0.0,0.0,16.8,32.65,0.0,0.0,0.0
2005-10-10,2005-11-24,OPTSTK,HINDPETRO,300.0,CA,0.0,0.0,0.0,12.25,25.45,0.0,0.0,0.0
2005-10-10,2005-11-24,OPTSTK,HINDPETRO,310.0,CA,0.0,0.0,0.0,8.65,19.2,0.0,0.0,0.0
2005-10-10,2005-11-24,OPTSTK,HINDPETRO,320.0,CA,0.0,0.0,0.0,6.0,14.1,0.0,0.0,0.0
2005-10-10,2005-11-24,OPTSTK,HINDPETRO,330.0,CA,0.0,0.0,0.0,17.95,10.0,0.0,0.0,650.0
2005-10-10,2005-11-24,OPTSTK,HINDPETRO,340.0,CA,0.0,0.0,0.0,4.35,6.9,0.0,0.0,0.0
2005-10-10,2005-11-24,OPTSTK,HINDPETRO,350.0,CA,0.0,0.0,0.0,9.1,4.6,0.0,0.0,0.0
2005-10-10,2005-11-24,OPTSTK,HINDPETRO,360.0,CA,0.0,0.0,0.0,5.85,3.0,0.0,0.0,0.0
2005-10-10,2005-11-24,OPTSTK,HINDPETRO,260.0,PA,0.0,0.0,0.0,3.25,0.55,0.0,0.0,0.0
2005-10-10,2005-11-24,OPTSTK,HINDPETRO,270.0,PA,0.0,0.0,0.0,5.55,1.2,0.0,0.0,0.0
2005-10-10,2005-11-24,OPTSTK,HINDPETRO,280.0,PA,0.0,0.0,0.0,8.75,2.3,0.0,0.0,0.0
2005-10-10,2005-11-24,OPTSTK,HINDPETRO,290.0,PA,0.0,0.0,0.0,13.05,4.15,0.0,0.0,0.0
2005-10-10,2005-11-24,OPTSTK,HINDPETRO,300.0,PA,0.0,0.0,0.0,18.35,6.8,0.0,0.0,0.0
2005-10-10,2005-11-24,OPTSTK,HINDPETRO,310.0,PA,0.0,0.0,0.0,24.6,10.55,0.0,0.0,0.0
2005-10-10,2005-11-24,OPTSTK,HINDPETRO,320.0,PA,0.0,0.0,0.0,31.8,15.3,0.0,0.0,0.0
2005-10-10,2005-11-24,OPTSTK,HINDPETRO,330.0,PA,0.0,0.0,0.0,35.7,21.15,0.0,0.0,0.0
2005-10-10,2005-11-24,OPTSTK,HINDPETRO,340.0,PA,0.0,0.0,0.0,34.5,27.95,0.0,0.0,0.0
2005-10-10,2005-11-24,OPTSTK,HINDPETRO,350.0,PA,0.0,0.0,0.0,31.25,35.6,0.0,0.0,0.0
2005-10-10,2005-11-24,OPTSTK,HINDPETRO,360.0,PA,0.0,0.0,0.0,34.8,43.95,0.0,0.0,0.0
2005-10-10,2005-12-29,OPTSTK,HINDPETRO,280.0,CA,0.0,0.0,0.0,45.1,44.9,0.0,0.0,0.0
2005-10-10,2005-12-29,OPTSTK,HINDPETRO,290.0,CA,0.0,0.0,0.0,43.25,37.5,0.0,0.0,0.0
2005-10-10,2005-12-29,OPTSTK,HINDPETRO,300.0,CA,0.0,0.0,0.0,36.4,30.8,0.0,0.0,0.0
2005-10-10,2005-12-29,OPTSTK,HINDPETRO,310.0,CA,0.0,0.0,0.0,30.25,24.9,0.0,0.0,0.0
2005-10-10,2005-12-29,OPTSTK,HINDPETRO,320.0,CA,0.0,0.0,0.0,24.85,19.8,0.0,0.0,0.0
2005-10-10,2005-12-29,OPTSTK,HINDPETRO,330.0,CA,0.0,0.0,0.0,20.15,15.55,0.0,0.0,0.0
2005-10-10,2005-12-29,OPTSTK,HINDPETRO,340.0,CA,0.0,0.0,0.0,16.15,12.0,0.0,0.0,0.0
2005-10-10,2005-12-29,OPTSTK,HINDPETRO,350.0,CA,0.0,0.0,0.0,12.8,9.1,0.0,0.0,0.0
2005-10-10,2005-12-29,OPTSTK,HINDPETRO,360.0,CA,0.0,0.0,0.0,10.55,6.85,0.0,0.0,0.0
2005-10-10,2005-12-29,OPTSTK,HINDPETRO,280.0,PA,0.0,0.0,0.0,6.55,4.85,0.0,0.0,0.0
2005-10-10,2005-12-29,OPTSTK,HINDPETRO,290.0,PA,0.0,0.0,0.0,7.45,7.3,0.0,0.0,0.0
2005-10-10,2005-12-29,OPTSTK,HINDPETRO,300.0,PA,0.0,0.0,0.0,10.45,10.45,0.0,0.0,0.0
2005-10-10,2005-12-29,OPTSTK,HINDPETRO,310.0,PA,0.0,0.0,0.0,14.2,14.45,0.0,0.0,0.0
2005-10-10,2005-12-29,OPTSTK,HINDPETRO,320.0,PA,0.0,0.0,0.0,18.65,19.2,0.0,0.0,0.0
2005-10-10,2005-12-29,OPTSTK,HINDPETRO,330.0,PA,0.0,0.0,0.0,23.8,24.8,0.0,0.0,0.0
2005-10-10,2005-12-29,OPTSTK,HINDPETRO,340.0,PA,0.0,0.0,0.0,29.65,31.15,0.0,0.0,0.0
2005-10-10,2005-12-29,OPTSTK,HINDPETRO,350.0,PA,0.0,0.0,0.0,36.15,38.1,0.0,0.0,0.0
2005-10-10,2005-12-29,OPTSTK,HINDPETRO,360.0,PA,0.0,0.0,0.0,37.5,45.7,0.0,0.0,0.0
2005-10-10,2005-10-27,OPTSTK,I-FLEX,760.0,CA,0.0,0.0,0.0,123.5,228.55,0.0,0.0,0.0
2005-10-10,2005-10-27,OPTSTK,I-FLEX,780.0,CA,0.0,0.0,0.0,111.75,208.6,0.0,0.0,0.0
2005-10-10,2005-10-27,OPTSTK,I-FLEX,800.0,CA,0.0,0.0,0.0,117.7,188.65,0.0,0.0,0.0
2005-10-10,2005-10-27,OPTSTK,I-FLEX,820.0,CA,0.0,0.0,0.0,106.65,168.8,0.0,0.0,0.0
2005-10-10,2005-10-27,OPTSTK,I-FLEX,840.0,CA,0.0,0.0,0.0,96.4,149.0,0.0,0.0,0.0
2005-10-10,2005-10-27,OPTSTK,I-FLEX,860.0,CA,0.0,0.0,0.0,86.85,129.45,0.0,0.0,0.0
2005-10-10,2005-10-27,OPTSTK,I-FLEX,880.0,CA,0.0,0.0,0.0,78.1,110.3,0.0,0.0,0.0
2005-10-10,2005-10-27,OPTSTK,I-FLEX,900.0,CA,0.0,0.0,0.0,70.05,91.9,0.0,0.0,0.0
2005-10-10,2005-10-27,OPTSTK,I-FLEX,920.0,CA,0.0,0.0,0.0,62.65,74.55,0.0,0.0,0.0
2005-10-10,2005-10-27,OPTSTK,I-FLEX,930.0,CA,0.0,0.0,0.0,18.0,66.4,0.0,0.0,0.0
2005-10-10,2005-10-27,OPTSTK,I-FLEX,940.0,CA,0.0,0.0,0.0,92.6,58.7,0.0,0.0,0.0
2005-10-10,2005-10-27,OPTSTK,I-FLEX,960.0,CA,0.0,0.0,0.0,52.0,44.75,0.0,0.0,1200.0
2005-10-10,2005-10-27,OPTSTK,I-FLEX,980.0,CA,0.0,0.0,0.0,99.95,32.9,0.0,0.0,0.0
2005-10-10,2005-10-27,OPTSTK,I-FLEX,990.0,CA,0.0,0.0,0.0,38.0,27.85,0.0,0.0,0.0
2005-10-10,2005-10-27,OPTSTK,I-FLEX,1000.0,CA,0.0,0.0,0.0,42.0,23.3,0.0,0.0,8400.0
2005-10-10,2005-10-27,OPTSTK,I-FLEX,1020.0,CA,25.0,29.0,17.0,20.0,20.0,15.0,93.79,16800.0
2005-10-10,2005-10-27,OPTSTK,I-FLEX,1040.0,CA,9.1,9.1,9.0,9.05,9.05,2.0,12.58,1800.0
2005-10-10,2005-10-27,OPTSTK,I-FLEX,1050.0,CA,0.0,0.0,0.0,127.15,8.3,0.0,0.0,0.0
2005-10-10,2005-10-27,OPTSTK,I-FLEX,1060.0,CA,0.0,0.0,0.0,53.25,6.55,0.0,0.0,0.0
2005-10-10,2005-10-27,OPTSTK,I-FLEX,1080.0,CA,0.0,0.0,0.0,114.25,3.95,0.0,0.0,0.0
2005-10-10,2005-10-27,OPTSTK,I-FLEX,1110.0,CA,0.0,0.0,0.0,5.0,1.75,0.0,0.0,0.0
2005-10-10,2005-10-27,OPTSTK,I-FLEX,1140.0,CA,0.0,0.0,0.0,91.6,0.7,0.0,0.0,0.0
2005-10-10,2005-10-27,OPTSTK,I-FLEX,760.0,PA,0.0,0.0,0.0,42.95,0.0,0.0,0.0,0.0
2005-10-10,2005-10-27,OPTSTK,I-FLEX,780.0,PA,0.0,0.0,0.0,50.9,0.05,0.0,0.0,0.0
2005-10-10,2005-10-27,OPTSTK,I-FLEX,800.0,PA,0.0,0.0,0.0,51.7,0.05,0.0,0.0,0.0
2005-10-10,2005-10-27,OPTSTK,I-FLEX,820.0,PA,0.0,0.0,0.0,60.35,0.1,0.0,0.0,0.0
2005-10-10,2005-10-27,OPTSTK,I-FLEX,840.0,PA,0.0,0.0,0.0,69.8,0.3,0.0,0.0,0.0
2005-10-10,2005-10-27,OPTSTK,I-FLEX,860.0,PA,0.0,0.0,0.0,80.0,0.65,0.0,0.0,0.0
2005-10-10,2005-10-27,OPTSTK,I-FLEX,880.0,PA,0.0,0.0,0.0,90.9,1.5,0.0,0.0,0.0
2005-10-10,2005-10-27,OPTSTK,I-FLEX,900.0,PA,0.0,0.0,0.0,102.55,3.0,0.0,0.0,0.0
2005-10-10,2005-10-27,OPTSTK,I-FLEX,920.0,PA,0.0,0.0,0.0,114.85,5.6,0.0,0.0,0.0
2005-10-10,2005-10-27,OPTSTK,I-FLEX,930.0,PA,0.0,0.0,0.0,64.55,7.45,0.0,0.0,0.0
2005-10-10,2005-10-27,OPTSTK,I-FLEX,940.0,PA,0.0,0.0,0.0,20.0,9.75,0.0,0.0,600.0
2005-10-10,2005-10-27,OPTSTK,I-FLEX,960.0,PA,0.0,0.0,0.0,134.25,15.7,0.0,0.0,0.0
2005-10-10,2005-10-27,OPTSTK,I-FLEX,980.0,PA,0.0,0.0,0.0,128.7,23.85,0.0,0.0,0.0
2005-10-10,2005-10-27,OPTSTK,I-FLEX,990.0,PA,0.0,0.0,0.0,86.3,28.7,0.0,0.0,0.0
2005-10-10,2005-10-27,OPTSTK,I-FLEX,1000.0,PA,0.0,0.0,0.0,30.0,34.2,0.0,0.0,600.0
2005-10-10,2005-10-27,OPTSTK,I-FLEX,1020.0,PA,0.0,0.0,0.0,140.65,46.7,0.0,0.0,0.0
2005-10-10,2005-10-27,OPTSTK,I-FLEX,1040.0,PA,0.0,0.0,0.0,130.75,61.2,0.0,0.0,0.0
2005-10-10,2005-10-27,OPTSTK,I-FLEX,1050.0,PA,0.0,0.0,0.0,116.15,69.05,0.0,0.0,0.0
2005-10-10,2005-10-27,OPTSTK,I-FLEX,1060.0,PA,0.0,0.0,0.0,109.4,77.25,0.0,0.0,0.0
2005-10-10,2005-10-27,OPTSTK,I-FLEX,1080.0,PA,0.0,0.0,0.0,132.85,94.65,0.0,0.0,0.0
2005-10-10,2005-10-27,OPTSTK,I-FLEX,1110.0,PA,0.0,0.0,0.0,150.6,122.3,0.0,0.0,0.0
2005-10-10,2005-10-27,OPTSTK,I-FLEX,1140.0,PA,0.0,0.0,0.0,169.45,151.2,0.0,0.0,0.0
2005-10-10,2005-11-24,OPTSTK,I-FLEX,880.0,CA,0.0,0.0,0.0,136.95,121.4,0.0,0.0,0.0
2005-10-10,2005-11-24,OPTSTK,I-FLEX,900.0,CA,0.0,0.0,0.0,125.7,105.3,0.0,0.0,0.0
2005-10-10,2005-11-24,OPTSTK,I-FLEX,920.0,CA,0.0,0.0,0.0,115.2,90.3,0.0,0.0,0.0
2005-10-10,2005-11-24,OPTSTK,I-FLEX,930.0,CA,0.0,0.0,0.0,98.75,83.2,0.0,0.0,0.0
2005-10-10,2005-11-24,OPTSTK,I-FLEX,940.0,CA,0.0,0.0,0.0,105.3,76.45,0.0,0.0,0.0
2005-10-10,2005-11-24,OPTSTK,I-FLEX,960.0,CA,0.0,0.0,0.0,96.1,64.0,0.0,0.0,0.0
2005-10-10,2005-11-24,OPTSTK,I-FLEX,980.0,CA,0.0,0.0,0.0,87.55,52.85,0.0,0.0,0.0
2005-10-10,2005-11-24,OPTSTK,I-FLEX,990.0,CA,0.0,0.0,0.0,59.95,47.85,0.0,0.0,0.0
2005-10-10,2005-11-24,OPTSTK,I-FLEX,1000.0,CA,0.0,0.0,0.0,79.6,43.15,0.0,0.0,0.0
2005-10-10,2005-11-24,OPTSTK,I-FLEX,1020.0,CA,0.0,0.0,0.0,79.05,34.75,0.0,0.0,0.0
2005-10-10,2005-11-24,OPTSTK,I-FLEX,1040.0,CA,0.0,0.0,0.0,76.15,27.65,0.0,0.0,0.0
2005-10-10,2005-11-24,OPTSTK,I-FLEX,1050.0,CA,0.0,0.0,0.0,32.9,24.55,0.0,0.0,0.0
2005-10-10,2005-11-24,OPTSTK,I-FLEX,1060.0,CA,0.0,0.0,0.0,71.35,21.7,0.0,0.0,0.0
2005-10-10,2005-11-24,OPTSTK,I-FLEX,1080.0,CA,0.0,0.0,0.0,23.4,16.9,0.0,0.0,0.0
2005-10-10,2005-11-24,OPTSTK,I-FLEX,1110.0,CA,0.0,0.0,0.0,16.3,11.25,0.0,0.0,0.0
2005-10-10,2005-11-24,OPTSTK,I-FLEX,880.0,PA,0.0,0.0,0.0,57.25,8.35,0.0,0.0,0.0
2005-10-10,2005-11-24,OPTSTK,I-FLEX,900.0,PA,0.0,0.0,0.0,65.75,12.1,0.0,0.0,0.0
2005-10-10,2005-11-24,OPTSTK,I-FLEX,920.0,PA,0.0,0.0,0.0,74.9,16.95,0.0,0.0,0.0
2005-10-10,2005-11-24,OPTSTK,I-FLEX,930.0,PA,0.0,0.0,0.0,16.15,19.75,0.0,0.0,0.0
2005-10-10,2005-11-24,OPTSTK,I-FLEX,940.0,PA,0.0,0.0,0.0,84.75,22.95,0.0,0.0,0.0
2005-10-10,2005-11-24,OPTSTK,I-FLEX,960.0,PA,0.0,0.0,0.0,95.25,30.35,0.0,0.0,0.0
2005-10-10,2005-11-24,OPTSTK,I-FLEX,980.0,PA,0.0,0.0,0.0,106.4,39.05,0.0,0.0,0.0
2005-10-10,2005-11-24,OPTSTK,I-FLEX,990.0,PA,0.0,0.0,0.0,36.9,43.95,0.0,0.0,0.0
2005-10-10,2005-11-24,OPTSTK,I-FLEX,1000.0,PA,0.0,0.0,0.0,118.15,49.2,0.0,0.0,0.0
2005-10-10,2005-11-24,OPTSTK,I-FLEX,1020.0,PA,0.0,0.0,0.0,118.95,60.65,0.0,0.0,0.0
2005-10-10,2005-11-24,OPTSTK,I-FLEX,1040.0,PA,0.0,0.0,0.0,119.3,73.4,0.0,0.0,0.0
2005-10-10,2005-11-24,OPTSTK,I-FLEX,1050.0,PA,0.0,0.0,0.0,69.35,80.2,0.0,0.0,0.0
2005-10-10,2005-11-24,OPTSTK,I-FLEX,1060.0,PA,0.0,0.0,0.0,122.75,87.3,0.0,0.0,0.0
2005-10-10,2005-11-24,OPTSTK,I-FLEX,1080.0,PA,0.0,0.0,0.0,89.65,102.35,0.0,0.0,0.0
2005-10-10,2005-11-24,OPTSTK,I-FLEX,1110.0,PA,0.0,0.0,0.0,112.3,126.5,0.0,0.0,0.0
2005-10-10,2005-12-29,OPTSTK,I-FLEX,880.0,CA,0.0,0.0,0.0,98.75,134.85,0.0,0.0,0.0
2005-10-10,2005-12-29,OPTSTK,I-FLEX,900.0,CA,0.0,0.0,0.0,86.4,120.15,0.0,0.0,0.0
2005-10-10,2005-12-29,OPTSTK,I-FLEX,920.0,CA,0.0,0.0,0.0,75.1,106.25,0.0,0.0,0.0
2005-10-10,2005-12-29,OPTSTK,I-FLEX,930.0,CA,0.0,0.0,0.0,114.25,99.7,0.0,0.0,0.0
2005-10-10,2005-12-29,OPTSTK,I-FLEX,940.0,CA,0.0,0.0,0.0,64.85,93.4,0.0,0.0,0.0
2005-10-10,2005-12-29,OPTSTK,I-FLEX,960.0,CA,0.0,0.0,0.0,55.65,81.6,0.0,0.0,0.0
2005-10-10,2005-12-29,OPTSTK,I-FLEX,980.0,CA,0.0,0.0,0.0,47.45,70.85,0.0,0.0,0.0
2005-10-10,2005-12-29,OPTSTK,I-FLEX,990.0,CA,0.0,0.0,0.0,77.7,65.85,0.0,0.0,0.0
2005-10-10,2005-12-29,OPTSTK,I-FLEX,1000.0,CA,0.0,0.0,0.0,40.2,61.1,0.0,0.0,0.0
2005-10-10,2005-12-29,OPTSTK,I-FLEX,1020.0,CA,0.0,0.0,0.0,59.35,52.35,0.0,0.0,0.0
2005-10-10,2005-12-29,OPTSTK,I-FLEX,1040.0,CA,0.0,0.0,0.0,51.85,44.55,0.0,0.0,0.0
2005-10-10,2005-12-29,OPTSTK,I-FLEX,1050.0,CA,0.0,0.0,0.0,50.05,41.05,0.0,0.0,0.0
2005-10-10,2005-12-29,OPTSTK,I-FLEX,1060.0,CA,0.0,0.0,0.0,48.15,37.7,0.0,0.0,0.0
2005-10-10,2005-12-29,OPTSTK,I-FLEX,1080.0,CA,0.0,0.0,0.0,39.4,31.75,0.0,0.0,0.0
2005-10-10,2005-12-29,OPTSTK,I-FLEX,1110.0,CA,0.0,0.0,0.0,30.6,24.25,0.0,0.0,0.0
2005-10-10,2005-12-29,OPTSTK,I-FLEX,880.0,PA,0.0,0.0,0.0,29.95,16.8,0.0,0.0,0.0
2005-10-10,2005-12-29,OPTSTK,I-FLEX,900.0,PA,0.0,0.0,0.0,37.3,21.8,0.0,0.0,0.0
2005-10-10,2005-12-29,OPTSTK,I-FLEX,920.0,PA,0.0,0.0,0.0,45.7,27.65,0.0,0.0,0.0
2005-10-10,2005-12-29,OPTSTK,I-FLEX,930.0,PA,0.0,0.0,0.0,26.4,30.95,0.0,0.0,0.0
2005-10-10,2005-12-29,OPTSTK,I-FLEX,940.0,PA,0.0,0.0,0.0,55.15,34.55,0.0,0.0,0.0
2005-10-10,2005-12-29,OPTSTK,I-FLEX,960.0,PA,0.0,0.0,0.0,65.65,42.5,0.0,0.0,0.0
2005-10-10,2005-12-29,OPTSTK,I-FLEX,980.0,PA,0.0,0.0,0.0,77.15,51.45,0.0,0.0,0.0
2005-10-10,2005-12-29,OPTSTK,I-FLEX,990.0,PA,0.0,0.0,0.0,49.0,56.3,0.0,0.0,0.0
2005-10-10,2005-12-29,OPTSTK,I-FLEX,1000.0,PA,0.0,0.0,0.0,89.6,61.4,0.0,0.0,0.0
2005-10-10,2005-12-29,OPTSTK,I-FLEX,1020.0,PA,0.0,0.0,0.0,87.85,72.4,0.0,0.0,0.0
2005-10-10,2005-12-29,OPTSTK,I-FLEX,1040.0,PA,0.0,0.0,0.0,100.0,84.4,0.0,0.0,0.0
2005-10-10,2005-12-29,OPTSTK,I-FLEX,1050.0,PA,0.0,0.0,0.0,80.55,90.7,0.0,0.0,0.0
2005-10-10,2005-12-29,OPTSTK,I-FLEX,1060.0,PA,0.0,0.0,0.0,103.1,97.25,0.0,0.0,0.0
2005-10-10,2005-12-29,OPTSTK,I-FLEX,1080.0,PA,0.0,0.0,0.0,99.5,111.0,0.0,0.0,0.0
2005-10-10,2005-12-29,OPTSTK,I-FLEX,1110.0,PA,0.0,0.0,0.0,120.3,133.15,0.0,0.0,0.0
2005-10-10,2005-10-27,OPTSTK,ICICIBANK,440.0,CA,0.0,0.0,0.0,86.1,92.85,0.0,0.0,0.0
2005-10-10,2005-10-27,OPTSTK,ICICIBANK,450.0,CA,0.0,0.0,0.0,65.5,83.2,0.0,0.0,0.0
2005-10-10,2005-10-27,OPTSTK,ICICIBANK,460.0,CA,0.0,0.0,0.0,91.7,73.7,0.0,0.0,0.0
2005-10-10,2005-10-27,OPTSTK,ICICIBANK,470.0,CA,0.0,0.0,0.0,55.0,64.5,0.0,0.0,0.0
2005-10-10,2005-10-27,OPTSTK,ICICIBANK,480.0,CA,9.95,41.5,9.95,41.5,41.5,5.0,17.38,2800.0
2005-10-10,2005-10-27,OPTSTK,ICICIBANK,490.0,CA,0.0,0.0,0.0,45.85,47.35,0.0,0.0,0.0
2005-10-10,2005-10-27,OPTSTK,ICICIBANK,500.0,CA,0.0,0.0,0.0,79.85,39.7,0.0,0.0,0.0
2005-10-10,2005-10-27,OPTSTK,ICICIBANK,510.0,CA,0.0,0.0,0.0,37.95,32.65,0.0,0.0,0.0
2005-10-10,2005-10-27,OPTSTK,ICICIBANK,520.0,CA,39.75,39.75,27.25,27.4,27.4,6.0,23.15,29400.0
2005-10-10,2005-10-27,OPTSTK,ICICIBANK,530.0,CA,27.9,33.5,23.0,23.0,23.0,6.0,23.42,3500.0
2005-10-10,2005-10-27,OPTSTK,ICICIBANK,540.0,CA,22.5,23.0,17.55,18.65,18.65,60.0,235.37,109900.0
2005-10-10,2005-10-27,OPTSTK,ICICIBANK,560.0,CA,15.75,15.8,10.65,11.4,11.4,37.0,148.28,89600.0
2005-10-10,2005-10-27,OPTSTK,ICICIBANK,580.0,CA,9.0,9.0,5.2,6.4,6.4,34.0,139.76,128100.0
2005-10-10,2005-10-27,OPTSTK,ICICIBANK,600.0,CA,5.05,5.75,4.0,4.2,4.2,20.0,84.67,209300.0
2005-10-10,2005-10-27,OPTSTK,ICICIBANK,620.0,CA,2.5,2.5,2.1,2.3,2.3,2.0,8.71,35000.0
2005-10-10,2005-10-27,OPTSTK,ICICIBANK,640.0,CA,2.5,2.5,2.5,2.5,2.5,1.0,4.49,7000.0
2005-10-10,2005-10-27,OPTSTK,ICICIBANK,660.0,CA,0.0,0.0,0.0,5.5,0.2,0.0,0.0,0.0
2005-10-10,2005-10-27,OPTSTK,ICICIBANK,440.0,PA,0.0,0.0,0.0,19.95,0.35,0.0,0.0,0.0
2005-10-10,2005-10-27,OPTSTK,ICICIBANK,450.0,PA,0.0,0.0,0.0,31.5,0.6,0.0,0.0,0.0
2005-10-10,2005-10-27,OPTSTK,ICICIBANK,460.0,PA,0.0,0.0,0.0,24.85,1.1,0.0,0.0,0.0
2005-10-10,2005-10-27,OPTSTK,ICICIBANK,470.0,PA,0.0,0.0,0.0,40.75,1.9,0.0,0.0,0.0
2005-10-10,2005-10-27,OPTSTK,ICICIBANK,480.0,PA,0.0,0.0,0.0,29.95,3.05,0.0,0.0,0.0
2005-10-10,2005-10-27,OPTSTK,ICICIBANK,490.0,PA,0.0,0.0,0.0,51.35,4.7,0.0,0.0,0.0
2005-10-10,2005-10-27,OPTSTK,ICICIBANK,500.0,PA,0.0,0.0,0.0,10.0,7.0,0.0,0.0,2100.0
2005-10-10,2005-10-27,OPTSTK,ICICIBANK,510.0,PA,0.0,0.0,0.0,63.15,9.9,0.0,0.0,0.0
2005-10-10,2005-10-27,OPTSTK,ICICIBANK,520.0,PA,0.0,0.0,0.0,13.25,13.65,0.0,0.0,8400.0
2005-10-10,2005-10-27,OPTSTK,ICICIBANK,530.0,PA,0.0,0.0,0.0,55.2,18.2,0.0,0.0,0.0
2005-10-10,2005-10-27,OPTSTK,ICICIBANK,540.0,PA,0.0,0.0,0.0,23.0,23.55,0.0,0.0,6300.0
2005-10-10,2005-10-27,OPTSTK,ICICIBANK,560.0,PA,0.0,0.0,0.0,37.0,36.5,0.0,0.0,9800.0
2005-10-10,2005-10-27,OPTSTK,ICICIBANK,580.0,PA,0.0,0.0,0.0,54.5,52.1,0.0,0.0,2100.0
2005-10-10,2005-10-27,OPTSTK,ICICIBANK,600.0,PA,0.0,0.0,0.0,94.35,69.5,0.0,0.0,0.0
2005-10-10,2005-10-27,OPTSTK,ICICIBANK,620.0,PA,0.0,0.0,0.0,67.8,88.15,0.0,0.0,0.0
2005-10-10,2005-10-27,OPTSTK,ICICIBANK,640.0,PA,0.0,0.0,0.0,66.0,107.45,0.0,0.0,0.0
2005-10-10,2005-10-27,OPTSTK,ICICIBANK,660.0,PA,0.0,0.0,0.0,72.15,127.1,0.0,0.0,0.0
2005-10-10,2005-11-24,OPTSTK,ICICIBANK,440.0,CA,0.0,0.0,0.0,57.2,97.95,0.0,0.0,0.0
2005-10-10,2005-11-24,OPTSTK,ICICIBANK,450.0,CA,0.0,0.0,0.0,63.85,89.25,0.0,0.0,0.0
2005-10-10,2005-11-24,OPTSTK,ICICIBANK,460.0,CA,0.0,0.0,0.0,57.95,80.9,0.0,0.0,0.0
2005-10-10,2005-11-24,OPTSTK,ICICIBANK,470.0,CA,0.0,0.0,0.0,52.45,72.9,0.0,0.0,0.0
2005-10-10,2005-11-24,OPTSTK,ICICIBANK,480.0,CA,0.0,0.0,0.0,47.3,65.3,0.0,0.0,0.0
2005-10-10,2005-11-24,OPTSTK,ICICIBANK,490.0,CA,0.0,0.0,0.0,42.55,58.15,0.0,0.0,0.0
2005-10-10,2005-11-24,OPTSTK,ICICIBANK,500.0,CA,0.0,0.0,0.0,38.2,51.45,0.0,0.0,0.0
2005-10-10,2005-11-24,OPTSTK,ICICIBANK,510.0,CA,0.0,0.0,0.0,34.15,45.3,0.0,0.0,0.0
2005-10-10,2005-11-24,OPTSTK,ICICIBANK,520.0,CA,0.0,0.0,0.0,23.3,39.6,0.0,0.0,0.0
2005-10-10,2005-11-24,OPTSTK,ICICIBANK,540.0,CA,0.0,0.0,0.0,25.2,29.75,0.0,0.0,0.0
2005-10-10,2005-11-24,OPTSTK,ICICIBANK,560.0,CA,0.0,0.0,0.0,19.0,21.8,0.0,0.0,0.0
2005-10-10,2005-11-24,OPTSTK,ICICIBANK,580.0,CA,0.0,0.0,0.0,15.95,15.6,0.0,0.0,0.0
2005-10-10,2005-11-24,OPTSTK,ICICIBANK,600.0,CA,0.0,0.0,0.0,13.05,10.95,0.0,0.0,0.0
2005-10-10,2005-11-24,OPTSTK,ICICIBANK,620.0,CA,0.0,0.0,0.0,14.2,7.5,0.0,0.0,0.0
2005-10-10,2005-11-24,OPTSTK,ICICIBANK,640.0,CA,0.0,0.0,0.0,21.8,5.05,0.0,0.0,0.0
2005-10-10,2005-11-24,OPTSTK,ICICIBANK,660.0,CA,0.0,0.0,0.0,13.4,3.35,0.0,0.0,0.0
2005-10-10,2005-11-24,OPTSTK,ICICIBANK,440.0,PA,0.0,0.0,0.0,23.0,3.3,0.0,0.0,0.0
2005-10-10,2005-11-24,OPTSTK,ICICIBANK,450.0,PA,0.0,0.0,0.0,22.7,4.5,0.0,0.0,0.0
2005-10-10,2005-11-24,OPTSTK,ICICIBANK,460.0,PA,0.0,0.0,0.0,26.65,6.1,0.0,0.0,0.0
2005-10-10,2005-11-24,OPTSTK,ICICIBANK,470.0,PA,0.0,0.0,0.0,30.95,8.0,0.0,0.0,0.0
2005-10-10,2005-11-24,OPTSTK,ICICIBANK,480.0,PA,0.0,0.0,0.0,35.7,10.35,0.0,0.0,0.0
2005-10-10,2005-11-24,OPTSTK,ICICIBANK,490.0,PA,0.0,0.0,0.0,40.8,13.15,0.0,0.0,0.0
2005-10-10,2005-11-24,OPTSTK,ICICIBANK,500.0,PA,0.0,0.0,0.0,46.25,16.4,0.0,0.0,0.0
2005-10-10,2005-11-24,OPTSTK,ICICIBANK,510.0,PA,0.0,0.0,0.0,52.1,20.1,0.0,0.0,0.0
2005-10-10,2005-11-24,OPTSTK,ICICIBANK,520.0,PA,0.0,0.0,0.0,48.55,24.35,0.0,0.0,0.0
2005-10-10,2005-11-24,OPTSTK,ICICIBANK,540.0,PA,0.0,0.0,0.0,53.15,34.35,0.0,0.0,0.0
2005-10-10,2005-11-24,OPTSTK,ICICIBANK,560.0,PA,0.0,0.0,0.0,66.7,46.25,0.0,0.0,0.0
2005-10-10,2005-11-24,OPTSTK,ICICIBANK,580.0,PA,0.0,0.0,0.0,75.25,59.95,0.0,0.0,0.0
2005-10-10,2005-11-24,OPTSTK,ICICIBANK,600.0,PA,0.0,0.0,0.0,73.1,75.1,0.0,0.0,0.0
2005-10-10,2005-11-24,OPTSTK,ICICIBANK,620.0,PA,0.0,0.0,0.0,72.1,91.55,0.0,0.0,0.0
2005-10-10,2005-11-24,OPTSTK,ICICIBANK,640.0,PA,0.0,0.0,0.0,72.65,108.9,0.0,0.0,0.0
2005-10-10,2005-11-24,OPTSTK,ICICIBANK,660.0,PA,0.0,0.0,0.0,76.8,127.05,0.0,0.0,0.0
2005-10-10,2005-12-29,OPTSTK,ICICIBANK,460.0,CA,0.0,0.0,0.0,90.0,89.55,0.0,0.0,0.0
2005-10-10,2005-12-29,OPTSTK,ICICIBANK,480.0,CA,0.0,0.0,0.0,80.8,75.4,0.0,0.0,0.0
2005-10-10,2005-12-29,OPTSTK,ICICIBANK,500.0,CA,0.0,0.0,0.0,84.05,62.65,0.0,0.0,0.0
2005-10-10,2005-12-29,OPTSTK,ICICIBANK,520.0,CA,0.0,0.0,0.0,70.5,51.45,0.0,0.0,0.0
2005-10-10,2005-12-29,OPTSTK,ICICIBANK,540.0,CA,0.0,0.0,0.0,82.65,41.75,0.0,0.0,0.0
2005-10-10,2005-12-29,OPTSTK,ICICIBANK,560.0,CA,0.0,0.0,0.0,69.25,33.5,0.0,0.0,0.0
2005-10-10,2005-12-29,OPTSTK,ICICIBANK,580.0,CA,0.0,0.0,0.0,57.3,26.55,0.0,0.0,0.0
2005-10-10,2005-12-29,OPTSTK,ICICIBANK,600.0,CA,0.0,0.0,0.0,46.85,20.85,0.0,0.0,0.0
2005-10-10,2005-12-29,OPTSTK,ICICIBANK,620.0,CA,0.0,0.0,0.0,37.85,16.25,0.0,0.0,0.0
2005-10-10,2005-12-29,OPTSTK,ICICIBANK,640.0,CA,0.0,0.0,0.0,30.25,12.5,0.0,0.0,0.0
2005-10-10,2005-12-29,OPTSTK,ICICIBANK,660.0,CA,0.0,0.0,0.0,23.9,9.55,0.0,0.0,0.0
2005-10-10,2005-12-29,OPTSTK,ICICIBANK,460.0,PA,0.0,0.0,0.0,13.85,12.15,0.0,0.0,0.0
2005-10-10,2005-12-29,OPTSTK,ICICIBANK,480.0,PA,0.0,0.0,0.0,19.75,17.7,0.0,0.0,0.0
2005-10-10,2005-12-29,OPTSTK,ICICIBANK,500.0,PA,0.0,0.0,0.0,15.0,24.7,0.0,0.0,0.0
2005-10-10,2005-12-29,OPTSTK,ICICIBANK,520.0,PA,0.0,0.0,0.0,21.2,33.25,0.0,0.0,0.0
2005-10-10,2005-12-29,OPTSTK,ICICIBANK,540.0,PA,0.0,0.0,0.0,15.7,43.25,0.0,0.0,0.0
2005-10-10,2005-12-29,OPTSTK,ICICIBANK,560.0,PA,0.0,0.0,0.0,22.05,54.75,0.0,0.0,0.0
2005-10-10,2005-12-29,OPTSTK,ICICIBANK,580.0,PA,0.0,0.0,0.0,29.8,67.55,0.0,0.0,0.0
2005-10-10,2005-12-29,OPTSTK,ICICIBANK,600.0,PA,0.0,0.0,0.0,39.05,81.6,0.0,0.0,0.0
2005-10-10,2005-12-29,OPTSTK,ICICIBANK,620.0,PA,0.0,0.0,0.0,49.8,96.7,0.0,0.0,0.0
2005-10-10,2005-12-29,OPTSTK,ICICIBANK,640.0,PA,0.0,0.0,0.0,61.85,112.7,0.0,0.0,0.0
2005-10-10,2005-12-29,OPTSTK,ICICIBANK,660.0,PA,0.0,0.0,0.0,75.2,129.5,0.0,0.0,0.0
2005-10-10,2005-10-27,OPTSTK,IDBI,90.0,CA,0.0,0.0,0.0,18.25,28.65,0.0,0.0,0.0
2005-10-10,2005-10-27,OPTSTK,IDBI,95.0,CA,0.0,0.0,0.0,21.5,23.7,0.0,0.0,0.0
2005-10-10,2005-10-27,OPTSTK,IDBI,100.0,CA,0.0,0.0,0.0,18.2,18.95,0.0,0.0,0.0
2005-10-10,2005-10-27,OPTSTK,IDBI,105.0,CA,0.0,0.0,0.0,15.3,14.45,0.0,0.0,0.0
2005-10-10,2005-10-27,OPTSTK,IDBI,110.0,CA,0.0,0.0,0.0,19.75,10.5,0.0,0.0,4800.0
2005-10-10,2005-10-27,OPTSTK,IDBI,115.0,CA,7.0,7.05,6.5,6.85,6.85,4.0,11.7,38400.0
2005-10-10,2005-10-27,OPTSTK,IDBI,120.0,CA,5.1,5.65,3.9,4.25,4.25,73.0,218.37,410400.0
2005-10-10,2005-10-27,OPTSTK,IDBI,125.0,CA,3.45,3.45,2.65,2.7,2.7,61.0,187.44,508800.0
2005-10-10,2005-10-27,OPTSTK,IDBI,130.0,CA,1.8,2.0,1.4,1.65,1.65,38.0,120.16,717600.0
2005-10-10,2005-10-27,OPTSTK,IDBI,135.0,CA,1.1,1.25,1.0,1.0,1.0,10.0,32.66,211200.0
2005-10-10,2005-10-27,OPTSTK,IDBI,140.0,CA,0.9,0.9,0.9,0.9,0.9,1.0,3.38,151200.0
2005-10-10,2005-10-27,OPTSTK,IDBI,145.0,CA,0.75,0.75,0.5,0.5,0.5,6.0,20.96,45600.0
2005-10-10,2005-10-27,OPTSTK,IDBI,90.0,PA,0.0,0.0,0.0,1.5,0.05,0.0,0.0,0.0
2005-10-10,2005-10-27,OPTSTK,IDBI,95.0,PA,0.0,0.0,0.0,4.15,0.1,0.0,0.0,0.0
2005-10-10,2005-10-27,OPTSTK,IDBI,100.0,PA,0.0,0.0,0.0,5.8,0.35,0.0,0.0,0.0
2005-10-10,2005-10-27,OPTSTK,IDBI,105.0,PA,0.0,0.0,0.0,7.8,0.85,0.0,0.0,0.0
2005-10-10,2005-10-27,OPTSTK,IDBI,110.0,PA,0.5,0.5,0.5,0.5,0.5,1.0,2.65,7200.0
2005-10-10,2005-10-27,OPTSTK,IDBI,115.0,PA,2.85,3.0,2.7,3.0,3.0,4.0,11.31,45600.0
2005-10-10,2005-10-27,OPTSTK,IDBI,120.0,PA,5.0,5.5,5.0,5.25,5.25,6.0,18.03,100800.0
2005-10-10,2005-10-27,OPTSTK,IDBI,125.0,PA,0.0,0.0,0.0,7.0,9.1,0.0,0.0,52800.0
2005-10-10,2005-10-27,OPTSTK,IDBI,130.0,PA,0.0,0.0,0.0,8.9,12.9,0.0,0.0,60000.0
2005-10-10,2005-10-27,OPTSTK,IDBI,135.0,PA,0.0,0.0,0.0,16.25,17.15,0.0,0.0,0.0
2005-10-10,2005-10-27,OPTSTK,IDBI,140.0,PA,0.0,0.0,0.0,16.65,21.75,0.0,0.0,0.0
2005-10-10,2005-10-27,OPTSTK,IDBI,145.0,PA,0.0,0.0,0.0,18.5,26.5,0.0,0.0,0.0
2005-10-10,2005-11-24,OPTSTK,IDBI,90.0,CA,0.0,0.0,0.0,18.0,29.5,0.0,0.0,0.0
2005-10-10,2005-11-24,OPTSTK,IDBI,95.0,CA,0.0,0.0,0.0,14.5,25.0,0.0,0.0,0.0
2005-10-10,2005-11-24,OPTSTK,IDBI,100.0,CA,0.0,0.0,0.0,11.5,20.8,0.0,0.0,0.0
2005-10-10,2005-11-24,OPTSTK,IDBI,105.0,CA,0.0,0.0,0.0,8.95,16.95,0.0,0.0,0.0
2005-10-10,2005-11-24,OPTSTK,IDBI,110.0,CA,0.0,0.0,0.0,6.85,13.55,0.0,0.0,0.0
2005-10-10,2005-11-24,OPTSTK,IDBI,115.0,CA,0.0,0.0,0.0,5.15,10.6,0.0,0.0,0.0
2005-10-10,2005-11-24,OPTSTK,IDBI,120.0,CA,0.0,0.0,0.0,3.8,8.15,0.0,0.0,0.0
2005-10-10,2005-11-24,OPTSTK,IDBI,125.0,CA,0.0,0.0,0.0,3.65,6.1,0.0,0.0,0.0
2005-10-10,2005-11-24,OPTSTK,IDBI,130.0,CA,0.0,0.0,0.0,3.75,4.5,0.0,0.0,0.0
2005-10-10,2005-11-24,OPTSTK,IDBI,135.0,CA,0.0,0.0,0.0,4.0,3.3,0.0,0.0,0.0
2005-10-10,2005-11-24,OPTSTK,IDBI,140.0,CA,0.0,0.0,0.0,4.7,2.35,0.0,0.0,0.0
2005-10-10,2005-11-24,OPTSTK,IDBI,145.0,CA,0.0,0.0,0.0,4.95,1.65,0.0,0.0,0.0
2005-10-10,2005-11-24,OPTSTK,IDBI,90.0,PA,0.0,0.0,0.0,2.45,0.5,0.0,0.0,0.0
2005-10-10,2005-11-24,OPTSTK,IDBI,95.0,PA,0.0,0.0,0.0,3.9,0.95,0.0,0.0,0.0
2005-10-10,2005-11-24,OPTSTK,IDBI,100.0,PA,0.0,0.0,0.0,5.8,1.7,0.0,0.0,0.0
2005-10-10,2005-11-24,OPTSTK,IDBI,105.0,PA,0.0,0.0,0.0,8.2,2.85,0.0,0.0,0.0
2005-10-10,2005-11-24,OPTSTK,IDBI,110.0,PA,0.0,0.0,0.0,11.0,4.4,0.0,0.0,0.0
2005-10-10,2005-11-24,OPTSTK,IDBI,115.0,PA,0.0,0.0,0.0,14.2,6.4,0.0,0.0,0.0
2005-10-10,2005-11-24,OPTSTK,IDBI,120.0,PA,0.0,0.0,0.0,17.8,8.9,0.0,0.0,0.0
2005-10-10,2005-11-24,OPTSTK,IDBI,125.0,PA,0.0,0.0,0.0,17.85,11.85,0.0,0.0,0.0
2005-10-10,2005-11-24,OPTSTK,IDBI,130.0,PA,0.0,0.0,0.0,16.15,15.2,0.0,0.0,0.0
2005-10-10,2005-11-24,OPTSTK,IDBI,135.0,PA,0.0,0.0,0.0,17.45,18.95,0.0,0.0,0.0
2005-10-10,2005-11-24,OPTSTK,IDBI,140.0,PA,0.0,0.0,0.0,18.15,22.95,0.0,0.0,0.0
2005-10-10,2005-11-24,OPTSTK,IDBI,145.0,PA,0.0,0.0,0.0,20.7,27.25,0.0,0.0,0.0
2005-10-10,2005-12-29,OPTSTK,IDBI,105.0,CA,0.0,0.0,0.0,23.3,19.55,0.0,0.0,0.0
2005-10-10,2005-12-29,OPTSTK,IDBI,110.0,CA,0.0,0.0,0.0,20.1,16.4,0.0,0.0,0.0
2005-10-10,2005-12-29,OPTSTK,IDBI,115.0,CA,0.0,0.0,0.0,17.25,13.65,0.0,0.0,0.0
2005-10-10,2005-12-29,OPTSTK,IDBI,120.0,CA,0.0,0.0,0.0,14.7,11.25,0.0,0.0,0.0
2005-10-10,2005-12-29,OPTSTK,IDBI,125.0,CA,0.0,0.0,0.0,12.45,9.2,0.0,0.0,0.0
2005-10-10,2005-12-29,OPTSTK,IDBI,130.0,CA,0.0,0.0,0.0,10.45,7.45,0.0,0.0,0.0
2005-10-10,2005-12-29,OPTSTK,IDBI,135.0,CA,0.0,0.0,0.0,8.75,6.0,0.0,0.0,0.0
2005-10-10,2005-12-29,OPTSTK,IDBI,140.0,CA,0.0,0.0,0.0,7.5,4.8,0.0,0.0,0.0
2005-10-10,2005-12-29,OPTSTK,IDBI,145.0,CA,0.0,0.0,0.0,8.0,3.8,0.0,0.0,0.0
2005-10-10,2005-12-29,OPTSTK,IDBI,105.0,PA,0.0,0.0,0.0,5.1,4.8,0.0,0.0,0.0
2005-10-10,2005-12-29,OPTSTK,IDBI,110.0,PA,0.0,0.0,0.0,6.85,6.6,0.0,0.0,0.0
2005-10-10,2005-12-29,OPTSTK,IDBI,115.0,PA,0.0,0.0,0.0,8.9,8.8,0.0,0.0,0.0
2005-10-10,2005-12-29,OPTSTK,IDBI,120.0,PA,0.0,0.0,0.0,11.25,11.35,0.0,0.0,0.0
2005-10-10,2005-12-29,OPTSTK,IDBI,125.0,PA,0.0,0.0,0.0,13.95,14.2,0.0,0.0,0.0
2005-10-10,2005-12-29,OPTSTK,IDBI,130.0,PA,0.0,0.0,0.0,16.9,17.4,0.0,0.0,0.0
2005-10-10,2005-12-29,OPTSTK,IDBI,135.0,PA,0.0,0.0,0.0,20.1,20.85,0.0,0.0,0.0
2005-10-10,2005-12-29,OPTSTK,IDBI,140.0,PA,0.0,0.0,0.0,22.25,24.6,0.0,0.0,0.0
2005-10-10,2005-12-29,OPTSTK,IDBI,145.0,PA,0.0,0.0,0.0,22.95,28.55,0.0,0.0,0.0
2005-10-10,2005-10-27,OPTSTK,IDFC,50.0,CA,0.0,0.0,0.0,22.0,21.5,0.0,0.0,5900.0
2005-10-10,2005-10-27,OPTSTK,IDFC,52.5,CA,0.0,0.0,0.0,34.0,19.25,0.0,0.0,0.0
2005-10-10,2005-10-27,OPTSTK,IDFC,55.0,CA,0.0,0.0,0.0,34.0,17.05,0.0,0.0,0.0
2005-10-10,2005-10-27,OPTSTK,IDFC,57.5,CA,0.0,0.0,0.0,34.0,15.05,0.0,0.0,0.0
2005-10-10,2005-10-27,OPTSTK,IDFC,60.0,CA,0.0,0.0,0.0,34.0,13.15,0.0,0.0,0.0
2005-10-10,2005-10-27,OPTSTK,IDFC,62.5,CA,0.0,0.0,0.0,34.0,11.4,0.0,0.0,0.0
2005-10-10,2005-10-27,OPTSTK,IDFC,65.0,CA,0.0,0.0,0.0,34.0,9.8,0.0,0.0,0.0
2005-10-10,2005-10-27,OPTSTK,IDFC,67.5,CA,0.0,0.0,0.0,34.0,8.35,0.0,0.0,0.0
2005-10-10,2005-10-27,OPTSTK,IDFC,70.0,CA,3.0,3.75,2.5,3.1,3.1,90.0,388.9,1982400.0
2005-10-10,2005-10-27,OPTSTK,IDFC,75.0,CA,1.3,1.3,1.0,1.05,1.05,91.0,408.79,4177200.0
2005-10-10,2005-10-27,OPTSTK,IDFC,80.0,CA,0.4,0.55,0.4,0.45,0.45,16.0,75.94,1115100.0
2005-10-10,2005-10-27,OPTSTK,IDFC,85.0,CA,0.3,0.3,0.3,0.3,0.3,1.0,5.03,47200.0
2005-10-10,2005-10-27,OPTSTK,IDFC,90.0,CA,0.15,0.15,0.15,0.15,0.15,2.0,10.63,70800.0
2005-10-10,2005-10-27,OPTSTK,IDFC,50.0,PA,0.0,0.0,0.0,23.15,0.4,0.0,0.0,0.0
2005-10-10,2005-10-27,OPTSTK,IDFC,52.5,PA,0.0,0.0,0.0,17.85,0.65,0.0,0.0,0.0
2005-10-10,2005-10-27,OPTSTK,IDFC,55.0,PA,0.0,0.0,0.0,20.35,1.0,0.0,0.0,0.0
2005-10-10,2005-10-27,OPTSTK,IDFC,57.5,PA,0.0,0.0,0.0,22.8,1.45,0.0,0.0,0.0
2005-10-10,2005-10-27,OPTSTK,IDFC,60.0,PA,0.0,0.0,0.0,0.15,2.05,0.0,0.0,17700.0
2005-10-10,2005-10-27,OPTSTK,IDFC,62.5,PA,0.0,0.0,0.0,27.75,2.8,0.0,0.0,0.0
2005-10-10,2005-10-27,OPTSTK,IDFC,65.0,PA,0.4,0.45,0.4,0.45,0.45,3.0,11.58,247800.0
2005-10-10,2005-10-27,OPTSTK,IDFC,67.5,PA,0.9,1.0,0.9,1.0,1.0,2.0,8.07,112100.0
2005-10-10,2005-10-27,OPTSTK,IDFC,70.0,PA,2.55,2.55,1.55,2.0,2.0,10.0,42.48,814200.0
2005-10-10,2005-10-27,OPTSTK,IDFC,75.0,PA,0.0,0.0,0.0,5.0,8.8,0.0,0.0,64900.0
2005-10-10,2005-10-27,OPTSTK,IDFC,80.0,PA,0.0,0.0,0.0,46.15,12.25,0.0,0.0,0.0
2005-10-10,2005-10-27,OPTSTK,IDFC,85.0,PA,0.0,0.0,0.0,50.15,16.1,0.0,0.0,0.0
2005-10-10,2005-10-27,OPTSTK,IDFC,90.0,PA,0.0,0.0,0.0,32.4,20.3,0.0,0.0,0.0
2005-10-10,2005-11-24,OPTSTK,IDFC,50.0,CA,0.0,0.0,0.0,36.65,23.35,0.0,0.0,0.0
2005-10-10,2005-11-24,OPTSTK,IDFC,55.0,CA,0.0,0.0,0.0,35.1,19.7,0.0,0.0,0.0
2005-10-10,2005-11-24,OPTSTK,IDFC,60.0,CA,0.0,0.0,0.0,33.7,16.45,0.0,0.0,0.0
2005-10-10,2005-11-24,OPTSTK,IDFC,65.0,CA,0.0,0.0,0.0,32.35,13.65,0.0,0.0,0.0
2005-10-10,2005-11-24,OPTSTK,IDFC,70.0,CA,0.0,0.0,0.0,31.15,11.25,0.0,0.0,0.0
2005-10-10,2005-11-24,OPTSTK,IDFC,75.0,CA,0.0,0.0,0.0,30.0,9.2,0.0,0.0,0.0
2005-10-10,2005-11-24,OPTSTK,IDFC,80.0,CA,0.0,0.0,0.0,28.9,7.5,0.0,0.0,0.0
2005-10-10,2005-11-24,OPTSTK,IDFC,85.0,CA,0.0,0.0,0.0,22.75,6.1,0.0,0.0,0.0
2005-10-10,2005-11-24,OPTSTK,IDFC,90.0,CA,0.0,0.0,0.0,22.25,4.9,0.0,0.0,0.0
2005-10-10,2005-11-24,OPTSTK,IDFC,50.0,PA,0.0,0.0,0.0,20.65,2.05,0.0,0.0,0.0
2005-10-10,2005-11-24,OPTSTK,IDFC,55.0,PA,0.0,0.0,0.0,24.0,3.35,0.0,0.0,0.0
2005-10-10,2005-11-24,OPTSTK,IDFC,60.0,PA,0.0,0.0,0.0,27.5,5.05,0.0,0.0,0.0
2005-10-10,2005-11-24,OPTSTK,IDFC,65.0,PA,0.0,0.0,0.0,31.1,7.2,0.0,0.0,0.0
2005-10-10,2005-11-24,OPTSTK,IDFC,70.0,PA,0.0,0.0,0.0,34.8,9.75,0.0,0.0,0.0
2005-10-10,2005-11-24,OPTSTK,IDFC,75.0,PA,0.0,0.0,0.0,38.55,12.7,0.0,0.0,0.0
2005-10-10,2005-11-24,OPTSTK,IDFC,80.0,PA,0.0,0.0,0.0,42.4,15.95,0.0,0.0,0.0
2005-10-10,2005-11-24,OPTSTK,IDFC,85.0,PA,0.0,0.0,0.0,37.25,19.5,0.0,0.0,0.0
2005-10-10,2005-11-24,OPTSTK,IDFC,90.0,PA,0.0,0.0,0.0,37.55,23.3,0.0,0.0,0.0
2005-10-10,2005-12-29,OPTSTK,IDFC,55.0,CA,0.0,0.0,0.0,26.15,22.45,0.0,0.0,0.0
2005-10-10,2005-12-29,OPTSTK,IDFC,60.0,CA,0.0,0.0,0.0,23.65,19.6,0.0,0.0,0.0
2005-10-10,2005-12-29,OPTSTK,IDFC,65.0,CA,0.0,0.0,0.0,21.4,17.05,0.0,0.0,0.0
2005-10-10,2005-12-29,OPTSTK,IDFC,70.0,CA,0.0,0.0,0.0,19.4,14.85,0.0,0.0,0.0
2005-10-10,2005-12-29,OPTSTK,IDFC,75.0,CA,0.0,0.0,0.0,17.55,12.9,0.0,0.0,0.0
2005-10-10,2005-12-29,OPTSTK,IDFC,80.0,CA,0.0,0.0,0.0,15.9,11.2,0.0,0.0,0.0
2005-10-10,2005-12-29,OPTSTK,IDFC,85.0,CA,0.0,0.0,0.0,14.45,9.7,0.0,0.0,0.0
2005-10-10,2005-12-29,OPTSTK,IDFC,55.0,PA,0.0,0.0,0.0,9.0,5.75,0.0,0.0,0.0
2005-10-10,2005-12-29,OPTSTK,IDFC,60.0,PA,0.0,0.0,0.0,11.45,7.85,0.0,0.0,0.0
2005-10-10,2005-12-29,OPTSTK,IDFC,65.0,PA,0.0,0.0,0.0,14.1,10.25,0.0,0.0,0.0
2005-10-10,2005-12-29,OPTSTK,IDFC,70.0,PA,0.0,0.0,0.0,17.0,12.95,0.0,0.0,0.0
2005-10-10,2005-12-29,OPTSTK,IDFC,75.0,PA,0.0,0.0,0.0,20.1,15.95,0.0,0.0,0.0
2005-10-10,2005-12-29,OPTSTK,IDFC,80.0,PA,0.0,0.0,0.0,23.4,19.2,0.0,0.0,0.0
2005-10-10,2005-12-29,OPTSTK,IDFC,85.0,PA,0.0,0.0,0.0,26.85,22.65,0.0,0.0,0.0
2005-10-10,2005-10-27,OPTSTK,IFCI,7.5,CA,0.0,0.0,0.0,8.8,8.05,0.0,0.0,0.0
2005-10-10,2005-10-27,OPTSTK,IFCI,10.0,CA,0.0,0.0,0.0,7.05,5.55,0.0,0.0,0.0
2005-10-10,2005-10-27,OPTSTK,IFCI,12.5,CA,0.0,0.0,0.0,4.85,3.05,0.0,0.0,0.0
2005-10-10,2005-10-27,OPTSTK,IFCI,15.0,CA,1.05,1.05,0.85,0.9,0.9,29.0,72.85,4032000.0
2005-10-10,2005-10-27,OPTSTK,IFCI,17.5,CA,0.3,0.35,0.25,0.25,0.25,26.0,72.79,9733500.0
2005-10-10,2005-10-27,OPTSTK,IFCI,20.0,CA,0.1,0.1,0.1,0.1,0.1,4.0,12.66,3228750.0
2005-10-10,2005-10-27,OPTSTK,IFCI,22.5,CA,0.0,0.0,0.0,0.05,0.0,0.0,0.0,141750.0
2005-10-10,2005-10-27,OPTSTK,IFCI,25.0,CA,0.0,0.0,0.0,0.3,0.0,0.0,0.0,0.0
2005-10-10,2005-10-27,OPTSTK,IFCI,7.5,PA,0.0,0.0,0.0,16.3,0.0,0.0,0.0,0.0
2005-10-10,2005-10-27,OPTSTK,IFCI,10.0,PA,0.0,0.0,0.0,0.1,0.0,0.0,0.0,0.0
2005-10-10,2005-10-27,OPTSTK,IFCI,12.5,PA,0.1,0.1,0.1,0.1,0.1,1.0,1.98,47250.0
2005-10-10,2005-10-27,OPTSTK,IFCI,15.0,PA,0.4,0.4,0.3,0.3,0.3,6.0,14.48,3465000.0
2005-10-10,2005-10-27,OPTSTK,IFCI,17.5,PA,2.2,2.2,2.2,2.2,2.2,1.0,3.1,1275750.0
2005-10-10,2005-10-27,OPTSTK,IFCI,20.0,PA,0.0,0.0,0.0,3.95,4.5,0.0,0.0,0.0
2005-10-10,2005-10-27,OPTSTK,IFCI,22.5,PA,0.0,0.0,0.0,5.95,6.95,0.0,0.0,0.0
2005-10-10,2005-10-27,OPTSTK,IFCI,25.0,PA,0.0,0.0,0.0,8.15,9.45,0.0,0.0,0.0
2005-10-10,2005-11-24,OPTSTK,IFCI,7.5,CA,0.0,0.0,0.0,8.0,8.1,0.0,0.0,0.0
2005-10-10,2005-11-24,OPTSTK,IFCI,10.0,CA,0.0,0.0,0.0,5.55,5.6,0.0,0.0,0.0
2005-10-10,2005-11-24,OPTSTK,IFCI,12.5,CA,0.0,0.0,0.0,3.4,3.25,0.0,0.0,0.0
2005-10-10,2005-11-24,OPTSTK,IFCI,15.0,CA,0.0,0.0,0.0,1.25,1.45,0.0,0.0,15750.0
2005-10-10,2005-11-24,OPTSTK,IFCI,17.5,CA,0.0,0.0,0.0,0.9,0.5,0.0,0.0,31500.0
2005-10-10,2005-11-24,OPTSTK,IFCI,20.0,CA,0.0,0.0,0.0,0.35,0.15,0.0,0.0,0.0
2005-10-10,2005-11-24,OPTSTK,IFCI,22.5,CA,0.0,0.0,0.0,0.15,0.05,0.0,0.0,0.0
2005-10-10,2005-11-24,OPTSTK,IFCI,25.0,CA,0.0,0.0,0.0,0.45,0.0,0.0,0.0,0.0
2005-10-10,2005-11-24,OPTSTK,IFCI,7.5,PA,0.0,0.0,0.0,15.8,0.0,0.0,0.0,0.0
2005-10-10,2005-11-24,OPTSTK,IFCI,10.0,PA,0.0,0.0,0.0,0.05,0.0,0.0,0.0,0.0
2005-10-10,2005-11-24,OPTSTK,IFCI,12.5,PA,0.15,0.15,0.15,0.15,0.15,1.0,1.99,15750.0
2005-10-10,2005-11-24,OPTSTK,IFCI,15.0,PA,0.0,0.0,0.0,1.25,0.8,0.0,0.0,0.0
2005-10-10,2005-11-24,OPTSTK,IFCI,17.5,PA,0.0,0.0,0.0,2.75,2.35,0.0,0.0,0.0
2005-10-10,2005-11-24,OPTSTK,IFCI,20.0,PA,0.0,0.0,0.0,4.7,4.5,0.0,0.0,0.0
2005-10-10,2005-11-24,OPTSTK,IFCI,22.5,PA,0.0,0.0,0.0,6.95,6.9,0.0,0.0,0.0
2005-10-10,2005-11-24,OPTSTK,IFCI,25.0,PA,0.0,0.0,0.0,8.15,9.35,0.0,0.0,0.0
2005-10-10,2005-12-29,OPTSTK,IFCI,7.5,CA,0.0,0.0,0.0,8.0,8.1,0.0,0.0,0.0
2005-10-10,2005-12-29,OPTSTK,IFCI,10.0,CA,0.0,0.0,0.0,5.6,5.7,0.0,0.0,0.0
2005-10-10,2005-12-29,OPTSTK,IFCI,12.5,CA,0.0,0.0,0.0,3.55,3.5,0.0,0.0,0.0
2005-10-10,2005-12-29,OPTSTK,IFCI,15.0,CA,0.0,0.0,0.0,2.05,1.85,0.0,0.0,0.0
2005-10-10,2005-12-29,OPTSTK,IFCI,17.5,CA,0.0,0.0,0.0,1.05,0.85,0.0,0.0,0.0
2005-10-10,2005-12-29,OPTSTK,IFCI,20.0,CA,0.0,0.0,0.0,0.55,0.35,0.0,0.0,0.0
2005-10-10,2005-12-29,OPTSTK,IFCI,22.5,CA,0.0,0.0,0.0,0.25,0.15,0.0,0.0,0.0
2005-10-10,2005-12-29,OPTSTK,IFCI,7.5,PA,0.0,0.0,0.0,0.05,0.0,0.0,0.0,0.0
2005-10-10,2005-12-29,OPTSTK,IFCI,10.0,PA,0.0,0.0,0.0,0.1,0.05,0.0,0.0,0.0
2005-10-10,2005-12-29,OPTSTK,IFCI,12.5,PA,0.0,0.0,0.0,0.5,0.3,0.0,0.0,0.0
2005-10-10,2005-12-29,OPTSTK,IFCI,15.0,PA,0.0,0.0,0.0,1.45,1.15,0.0,0.0,0.0
2005-10-10,2005-12-29,OPTSTK,IFCI,17.5,PA,0.0,0.0,0.0,2.95,2.6,0.0,0.0,0.0
2005-10-10,2005-12-29,OPTSTK,IFCI,20.0,PA,0.0,0.0,0.0,4.9,4.6,0.0,0.0,0.0
2005-10-10,2005-12-29,OPTSTK,IFCI,22.5,PA,0.0,0.0,0.0,7.1,6.85,0.0,0.0,0.0
2005-10-10,2005-10-27,OPTSTK,INDHOTEL,600.0,CA,0.0,0.0,0.0,74.3,161.65,0.0,0.0,0.0
2005-10-10,2005-10-27,OPTSTK,INDHOTEL,620.0,CA,0.0,0.0,0.0,59.95,141.75,0.0,0.0,0.0
2005-10-10,2005-10-27,OPTSTK,INDHOTEL,640.0,CA,0.0,0.0,0.0,47.4,121.85,0.0,0.0,0.0
2005-10-10,2005-10-27,OPTSTK,INDHOTEL,660.0,CA,0.0,0.0,0.0,36.65,102.1,0.0,0.0,0.0
2005-10-10,2005-10-27,OPTSTK,INDHOTEL,680.0,CA,0.0,0.0,0.0,27.7,82.75,0.0,0.0,0.0
2005-10-10,2005-10-27,OPTSTK,INDHOTEL,700.0,CA,0.0,0.0,0.0,20.5,64.3,0.0,0.0,0.0
2005-10-10,2005-10-27,OPTSTK,INDHOTEL,720.0,CA,0.0,0.0,0.0,14.9,47.45,0.0,0.0,0.0
2005-10-10,2005-10-27,OPTSTK,INDHOTEL,740.0,CA,0.0,0.0,0.0,16.7,32.95,0.0,0.0,0.0
2005-10-10,2005-10-27,OPTSTK,INDHOTEL,760.0,CA,0.0,0.0,0.0,19.6,21.35,0.0,0.0,0.0
2005-10-10,2005-10-27,OPTSTK,INDHOTEL,780.0,CA,0.0,0.0,0.0,28.95,12.85,0.0,0.0,0.0
2005-10-10,2005-10-27,OPTSTK,INDHOTEL,800.0,CA,0.0,0.0,0.0,10.0,7.15,0.0,0.0,1400.0
2005-10-10,2005-10-27,OPTSTK,INDHOTEL,820.0,CA,0.0,0.0,0.0,36.7,3.7,0.0,0.0,0.0
2005-10-10,2005-10-27,OPTSTK,INDHOTEL,840.0,CA,0.0,0.0,0.0,16.3,1.75,0.0,0.0,0.0
2005-10-10,2005-10-27,OPTSTK,INDHOTEL,860.0,CA,0.0,0.0,0.0,5.1,0.8,0.0,0.0,0.0
2005-10-10,2005-10-27,OPTSTK,INDHOTEL,600.0,PA,0.0,0.0,0.0,9.9,0.0,0.0,0.0,0.0
2005-10-10,2005-10-27,OPTSTK,INDHOTEL,620.0,PA,0.0,0.0,0.0,15.25,0.05,0.0,0.0,0.0
2005-10-10,2005-10-27,OPTSTK,INDHOTEL,640.0,PA,0.0,0.0,0.0,22.4,0.1,0.0,0.0,0.0
2005-10-10,2005-10-27,OPTSTK,INDHOTEL,660.0,PA,0.0,0.0,0.0,31.35,0.3,0.0,0.0,0.0
2005-10-10,2005-10-27,OPTSTK,INDHOTEL,680.0,PA,0.0,0.0,0.0,42.15,0.9,0.0,0.0,0.0
2005-10-10,2005-10-27,OPTSTK,INDHOTEL,700.0,PA,0.0,0.0,0.0,54.65,2.4,0.0,0.0,0.0
2005-10-10,2005-10-27,OPTSTK,INDHOTEL,720.0,PA,0.0,0.0,0.0,68.7,5.5,0.0,0.0,0.0
2005-10-10,2005-10-27,OPTSTK,INDHOTEL,740.0,PA,0.0,0.0,0.0,64.65,10.9,0.0,0.0,0.0
2005-10-10,2005-10-27,OPTSTK,INDHOTEL,760.0,PA,0.0,0.0,0.0,68.8,19.3,0.0,0.0,0.0
2005-10-10,2005-10-27,OPTSTK,INDHOTEL,780.0,PA,0.0,0.0,0.0,70.5,30.75,0.0,0.0,0.0
2005-10-10,2005-10-27,OPTSTK,INDHOTEL,800.0,PA,0.0,0.0,0.0,79.05,45.0,0.0,0.0,0.0
2005-10-10,2005-10-27,OPTSTK,INDHOTEL,820.0,PA,0.0,0.0,0.0,91.95,61.45,0.0,0.0,0.0
2005-10-10,2005-10-27,OPTSTK,INDHOTEL,840.0,PA,0.0,0.0,0.0,72.1,79.5,0.0,0.0,0.0
2005-10-10,2005-10-27,OPTSTK,INDHOTEL,860.0,PA,0.0,0.0,0.0,70.75,98.45,0.0,0.0,0.0
2005-10-10,2005-11-24,OPTSTK,INDHOTEL,680.0,CA,0.0,0.0,0.0,87.7,90.6,0.0,0.0,0.0
2005-10-10,2005-11-24,OPTSTK,INDHOTEL,700.0,CA,0.0,0.0,0.0,74.6,74.45,0.0,0.0,0.0
2005-10-10,2005-11-24,OPTSTK,INDHOTEL,720.0,CA,0.0,0.0,0.0,62.8,59.75,0.0,0.0,0.0
2005-10-10,2005-11-24,OPTSTK,INDHOTEL,740.0,CA,0.0,0.0,0.0,52.35,46.85,0.0,0.0,0.0
2005-10-10,2005-11-24,OPTSTK,INDHOTEL,760.0,CA,0.0,0.0,0.0,43.2,35.85,0.0,0.0,0.0
2005-10-10,2005-11-24,OPTSTK,INDHOTEL,780.0,CA,0.0,0.0,0.0,35.3,26.75,0.0,0.0,0.0
2005-10-10,2005-11-24,OPTSTK,INDHOTEL,800.0,CA,0.0,0.0,0.0,28.55,19.45,0.0,0.0,0.0
2005-10-10,2005-11-24,OPTSTK,INDHOTEL,820.0,CA,0.0,0.0,0.0,37.3,13.85,0.0,0.0,0.0
2005-10-10,2005-11-24,OPTSTK,INDHOTEL,840.0,CA,0.0,0.0,0.0,25.8,9.6,0.0,0.0,0.0
2005-10-10,2005-11-24,OPTSTK,INDHOTEL,860.0,CA,0.0,0.0,0.0,14.85,6.5,0.0,0.0,0.0
2005-10-10,2005-11-24,OPTSTK,INDHOTEL,680.0,PA,0.0,0.0,0.0,19.6,5.5,0.0,0.0,0.0
2005-10-10,2005-11-24,OPTSTK,INDHOTEL,700.0,PA,0.0,0.0,0.0,26.2,9.15,0.0,0.0,0.0
2005-10-10,2005-11-24,OPTSTK,INDHOTEL,720.0,PA,0.0,0.0,0.0,34.15,14.35,0.0,0.0,0.0
2005-10-10,2005-11-24,OPTSTK,INDHOTEL,740.0,PA,0.0,0.0,0.0,43.35,21.3,0.0,0.0,0.0
2005-10-10,2005-11-24,OPTSTK,INDHOTEL,760.0,PA,0.0,0.0,0.0,53.9,30.15,0.0,0.0,0.0
2005-10-10,2005-11-24,OPTSTK,INDHOTEL,780.0,PA,0.0,0.0,0.0,65.7,40.9,0.0,0.0,0.0
2005-10-10,2005-11-24,OPTSTK,INDHOTEL,800.0,PA,0.0,0.0,0.0,78.65,53.45,0.0,0.0,0.0
2005-10-10,2005-11-24,OPTSTK,INDHOTEL,820.0,PA,0.0,0.0,0.0,79.95,67.7,0.0,0.0,0.0
2005-10-10,2005-11-24,OPTSTK,INDHOTEL,840.0,PA,0.0,0.0,0.0,77.75,83.25,0.0,0.0,0.0
2005-10-10,2005-11-24,OPTSTK,INDHOTEL,860.0,PA,0.0,0.0,0.0,76.35,100.0,0.0,0.0,0.0
2005-10-10,2005-12-29,OPTSTK,INDHOTEL,700.0,CA,0.0,0.0,0.0,80.75,85.45,0.0,0.0,0.0
2005-10-10,2005-12-29,OPTSTK,INDHOTEL,720.0,CA,0.0,0.0,0.0,67.9,71.85,0.0,0.0,0.0
2005-10-10,2005-12-29,OPTSTK,INDHOTEL,740.0,CA,0.0,0.0,0.0,56.4,59.7,0.0,0.0,0.0
2005-10-10,2005-12-29,OPTSTK,INDHOTEL,760.0,CA,0.0,0.0,0.0,46.35,48.95,0.0,0.0,0.0
2005-10-10,2005-12-29,OPTSTK,INDHOTEL,780.0,CA,0.0,0.0,0.0,37.6,39.65,0.0,0.0,0.0
2005-10-10,2005-12-29,OPTSTK,INDHOTEL,800.0,CA,0.0,0.0,0.0,30.15,31.7,0.0,0.0,0.0
2005-10-10,2005-12-29,OPTSTK,INDHOTEL,820.0,CA,0.0,0.0,0.0,23.95,25.05,0.0,0.0,0.0
2005-10-10,2005-12-29,OPTSTK,INDHOTEL,840.0,CA,0.0,0.0,0.0,26.15,19.55,0.0,0.0,0.0
2005-10-10,2005-12-29,OPTSTK,INDHOTEL,860.0,CA,0.0,0.0,0.0,25.85,15.1,0.0,0.0,0.0
2005-10-10,2005-12-29,OPTSTK,INDHOTEL,700.0,PA,0.0,0.0,0.0,19.55,16.2,0.0,0.0,0.0
2005-10-10,2005-12-29,OPTSTK,INDHOTEL,720.0,PA,0.0,0.0,0.0,26.45,22.3,0.0,0.0,0.0
2005-10-10,2005-12-29,OPTSTK,INDHOTEL,740.0,PA,0.0,0.0,0.0,34.65,29.9,0.0,0.0,0.0
2005-10-10,2005-12-29,OPTSTK,INDHOTEL,760.0,PA,0.0,0.0,0.0,44.25,38.9,0.0,0.0,0.0
2005-10-10,2005-12-29,OPTSTK,INDHOTEL,780.0,PA,0.0,0.0,0.0,55.25,49.3,0.0,0.0,0.0
2005-10-10,2005-12-29,OPTSTK,INDHOTEL,800.0,PA,0.0,0.0,0.0,67.5,61.1,0.0,0.0,0.0
2005-10-10,2005-12-29,OPTSTK,INDHOTEL,820.0,PA,0.0,0.0,0.0,81.0,74.2,0.0,0.0,0.0
2005-10-10,2005-12-29,OPTSTK,INDHOTEL,840.0,PA,0.0,0.0,0.0,77.95,88.45,0.0,0.0,0.0
2005-10-10,2005-12-29,OPTSTK,INDHOTEL,860.0,PA,0.0,0.0,0.0,82.45,103.7,0.0,0.0,0.0
2005-10-10,2005-10-27,OPTSTK,INDIACEM,70.0,CA,0.0,0.0,0.0,19.0,34.75,0.0,0.0,0.0
2005-10-10,2005-10-27,OPTSTK,INDIACEM,75.0,CA,0.0,0.0,0.0,15.5,29.8,0.0,0.0,0.0
2005-10-10,2005-10-27,OPTSTK,INDIACEM,80.0,CA,0.0,0.0,0.0,12.4,24.85,0.0,0.0,0.0
2005-10-10,2005-10-27,OPTSTK,INDIACEM,85.0,CA,0.0,0.0,0.0,9.8,20.05,0.0,0.0,0.0
2005-10-10,2005-10-27,OPTSTK,INDIACEM,90.0,CA,0.0,0.0,0.0,7.65,15.55,0.0,0.0,0.0
2005-10-10,2005-10-27,OPTSTK,INDIACEM,95.0,CA,0.0,0.0,0.0,5.9,11.5,0.0,0.0,0.0
2005-10-10,2005-10-27,OPTSTK,INDIACEM,100.0,CA,0.0,0.0,0.0,3.0,8.05,0.0,0.0,2900.0
2005-10-10,2005-10-27,OPTSTK,INDIACEM,105.0,CA,4.2,5.0,4.2,5.0,5.0,2.0,6.35,5800.0
2005-10-10,2005-10-27,OPTSTK,INDIACEM,110.0,CA,2.5,3.0,2.1,2.55,2.55,12.0,39.16,150800.0
2005-10-10,2005-10-27,OPTSTK,INDIACEM,115.0,CA,1.05,1.85,1.0,1.85,1.85,3.0,10.11,130500.0
2005-10-10,2005-10-27,OPTSTK,INDIACEM,120.0,CA,0.0,0.0,0.0,2.15,1.15,0.0,0.0,37700.0
2005-10-10,2005-10-27,OPTSTK,INDIACEM,125.0,CA,0.0,0.0,0.0,7.05,0.6,0.0,0.0,0.0
2005-10-10,2005-10-27,OPTSTK,INDIACEM,130.0,CA,0.0,0.0,0.0,8.15,0.35,0.0,0.0,0.0
2005-10-10,2005-10-27,OPTSTK,INDIACEM,70.0,PA,0.0,0.0,0.0,2.3,0.0,0.0,0.0,0.0
2005-10-10,2005-10-27,OPTSTK,INDIACEM,75.0,PA,0.0,0.0,0.0,3.75,0.05,0.0,0.0,0.0
2005-10-10,2005-10-27,OPTSTK,INDIACEM,80.0,PA,0.0,0.0,0.0,5.6,0.1,0.0,0.0,0.0
2005-10-10,2005-10-27,OPTSTK,INDIACEM,85.0,PA,0.0,0.0,0.0,7.9,0.3,0.0,0.0,0.0
2005-10-10,2005-10-27,OPTSTK,INDIACEM,90.0,PA,0.0,0.0,0.0,10.7,0.75,0.0,0.0,0.0
2005-10-10,2005-10-27,OPTSTK,INDIACEM,95.0,PA,0.0,0.0,0.0,13.85,1.7,0.0,0.0,0.0
2005-10-10,2005-10-27,OPTSTK,INDIACEM,100.0,PA,0.0,0.0,0.0,17.4,3.25,0.0,0.0,0.0
2005-10-10,2005-10-27,OPTSTK,INDIACEM,105.0,PA,0.0,0.0,0.0,3.0,5.55,0.0,0.0,20300.0
2005-10-10,2005-10-27,OPTSTK,INDIACEM,110.0,PA,0.0,0.0,0.0,6.0,8.55,0.0,0.0,26100.0
2005-10-10,2005-10-27,OPTSTK,INDIACEM,115.0,PA,0.0,0.0,0.0,19.0,12.15,0.0,0.0,0.0
2005-10-10,2005-10-27,OPTSTK,INDIACEM,120.0,PA,0.0,0.0,0.0,19.15,16.3,0.0,0.0,0.0
2005-10-10,2005-10-27,OPTSTK,INDIACEM,125.0,PA,0.0,0.0,0.0,22.65,20.75,0.0,0.0,0.0
2005-10-10,2005-10-27,OPTSTK,INDIACEM,130.0,PA,0.0,0.0,0.0,23.1,25.45,0.0,0.0,0.0
2005-10-10,2005-11-24,OPTSTK,INDIACEM,80.0,CA,0.0,0.0,0.0,21.8,26.05,0.0,0.0,0.0
2005-10-10,2005-11-24,OPTSTK,INDIACEM,85.0,CA,0.0,0.0,0.0,18.55,21.8,0.0,0.0,0.0
2005-10-10,2005-11-24,OPTSTK,INDIACEM,90.0,CA,0.0,0.0,0.0,26.55,17.95,0.0,0.0,0.0
2005-10-10,2005-11-24,OPTSTK,INDIACEM,95.0,CA,0.0,0.0,0.0,23.75,14.5,0.0,0.0,0.0
2005-10-10,2005-11-24,OPTSTK,INDIACEM,100.0,CA,0.0,0.0,0.0,21.15,11.5,0.0,0.0,0.0
2005-10-10,2005-11-24,OPTSTK,INDIACEM,105.0,CA,0.0,0.0,0.0,18.8,8.95,0.0,0.0,0.0
2005-10-10,2005-11-24,OPTSTK,INDIACEM,110.0,CA,0.0,0.0,0.0,16.7,6.9,0.0,0.0,0.0
2005-10-10,2005-11-24,OPTSTK,INDIACEM,115.0,CA,0.0,0.0,0.0,4.9,5.2,0.0,0.0,2900.0
2005-10-10,2005-11-24,OPTSTK,INDIACEM,120.0,CA,0.0,0.0,0.0,13.1,3.9,0.0,0.0,0.0
2005-10-10,2005-11-24,OPTSTK,INDIACEM,125.0,CA,0.0,0.0,0.0,12.45,2.85,0.0,0.0,0.0
2005-10-10,2005-11-24,OPTSTK,INDIACEM,130.0,CA,0.0,0.0,0.0,11.3,2.1,0.0,0.0,0.0
2005-10-10,2005-11-24,OPTSTK,INDIACEM,80.0,PA,0.0,0.0,0.0,4.15,0.9,0.0,0.0,0.0
2005-10-10,2005-11-24,OPTSTK,INDIACEM,85.0,PA,0.0,0.0,0.0,5.85,1.65,0.0,0.0,0.0
2005-10-10,2005-11-24,OPTSTK,INDIACEM,90.0,PA,0.0,0.0,0.0,8.35,2.75,0.0,0.0,0.0
2005-10-10,2005-11-24,OPTSTK,INDIACEM,95.0,PA,0.0,0.0,0.0,10.45,4.25,0.0,0.0,0.0
2005-10-10,2005-11-24,OPTSTK,INDIACEM,100.0,PA,0.0,0.0,0.0,12.8,6.2,0.0,0.0,0.0
2005-10-10,2005-11-24,OPTSTK,INDIACEM,105.0,PA,0.0,0.0,0.0,15.4,8.65,0.0,0.0,0.0
2005-10-10,2005-11-24,OPTSTK,INDIACEM,110.0,PA,0.0,0.0,0.0,18.25,11.5,0.0,0.0,0.0
2005-10-10,2005-11-24,OPTSTK,INDIACEM,115.0,PA,0.0,0.0,0.0,21.25,14.8,0.0,0.0,0.0
2005-10-10,2005-11-24,OPTSTK,INDIACEM,120.0,PA,0.0,0.0,0.0,24.5,18.45,0.0,0.0,0.0
2005-10-10,2005-11-24,OPTSTK,INDIACEM,125.0,PA,0.0,0.0,0.0,23.85,22.4,0.0,0.0,0.0
2005-10-10,2005-11-24,OPTSTK,INDIACEM,130.0,PA,0.0,0.0,0.0,25.65,26.55,0.0,0.0,0.0
2005-10-10,2005-12-29,OPTSTK,INDIACEM,90.0,CA,0.0,0.0,0.0,22.75,20.45,0.0,0.0,0.0
2005-10-10,2005-12-29,OPTSTK,INDIACEM,95.0,CA,0.0,0.0,0.0,23.1,17.35,0.0,0.0,0.0
2005-10-10,2005-12-29,OPTSTK,INDIACEM,100.0,CA,0.0,0.0,0.0,20.25,14.6,0.0,0.0,0.0
2005-10-10,2005-12-29,OPTSTK,INDIACEM,105.0,CA,0.0,0.0,0.0,17.7,12.15,0.0,0.0,0.0
2005-10-10,2005-12-29,OPTSTK,INDIACEM,110.0,CA,0.0,0.0,0.0,15.4,10.05,0.0,0.0,0.0
2005-10-10,2005-12-29,OPTSTK,INDIACEM,115.0,CA,0.0,0.0,0.0,13.4,8.3,0.0,0.0,0.0
2005-10-10,2005-12-29,OPTSTK,INDIACEM,120.0,CA,0.0,0.0,0.0,11.6,6.75,0.0,0.0,0.0
2005-10-10,2005-12-29,OPTSTK,INDIACEM,125.0,CA,0.0,0.0,0.0,10.0,5.5,0.0,0.0,0.0
2005-10-10,2005-12-29,OPTSTK,INDIACEM,130.0,CA,0.0,0.0,0.0,8.6,4.45,0.0,0.0,0.0
2005-10-10,2005-12-29,OPTSTK,INDIACEM,90.0,PA,0.0,0.0,0.0,4.45,4.75,0.0,0.0,0.0
2005-10-10,2005-12-29,OPTSTK,INDIACEM,95.0,PA,0.0,0.0,0.0,7.65,6.55,0.0,0.0,0.0
2005-10-10,2005-12-29,OPTSTK,INDIACEM,100.0,PA,0.0,0.0,0.0,9.7,8.7,0.0,0.0,0.0
2005-10-10,2005-12-29,OPTSTK,INDIACEM,105.0,PA,0.0,0.0,0.0,12.1,11.25,0.0,0.0,0.0
2005-10-10,2005-12-29,OPTSTK,INDIACEM,110.0,PA,0.0,0.0,0.0,14.75,14.05,0.0,0.0,0.0
2005-10-10,2005-12-29,OPTSTK,INDIACEM,115.0,PA,0.0,0.0,0.0,17.65,17.2,0.0,0.0,0.0
2005-10-10,2005-12-29,OPTSTK,INDIACEM,120.0,PA,0.0,0.0,0.0,20.75,20.65,0.0,0.0,0.0
2005-10-10,2005-12-29,OPTSTK,INDIACEM,125.0,PA,0.0,0.0,0.0,24.1,24.3,0.0,0.0,0.0
2005-10-10,2005-12-29,OPTSTK,INDIACEM,130.0,PA,0.0,0.0,0.0,23.9,28.2,0.0,0.0,0.0
2005-10-10,2005-10-27,OPTSTK,INDUSINDBK,55.0,CA,0.0,0.0,0.0,15.15,12.75,0.0,0.0,0.0
2005-10-10,2005-10-27,OPTSTK,INDUSINDBK,60.0,CA,0.0,0.0,0.0,18.8,8.15,0.0,0.0,0.0
2005-10-10,2005-10-27,OPTSTK,INDUSINDBK,65.0,CA,0.0,0.0,0.0,14.95,4.35,0.0,0.0,0.0
2005-10-10,2005-10-27,OPTSTK,INDUSINDBK,70.0,CA,3.1,3.1,1.9,2.05,2.05,26.0,72.49,250250.0
2005-10-10,2005-10-27,OPTSTK,INDUSINDBK,75.0,CA,1.8,1.8,0.9,1.0,1.0,22.0,64.57,635250.0
2005-10-10,2005-10-27,OPTSTK,INDUSINDBK,80.0,CA,0.0,0.0,0.0,0.9,0.2,0.0,0.0,127050.0
2005-10-10,2005-10-27,OPTSTK,INDUSINDBK,85.0,CA,0.0,0.0,0.0,0.7,0.05,0.0,0.0,3850.0
2005-10-10,2005-10-27,OPTSTK,INDUSINDBK,90.0,CA,0.0,0.0,0.0,3.4,0.05,0.0,0.0,0.0
2005-10-10,2005-10-27,OPTSTK,INDUSINDBK,95.0,CA,0.0,0.0,0.0,2.0,0.0,0.0,0.0,3850.0
2005-10-10,2005-10-27,OPTSTK,INDUSINDBK,100.0,CA,0.0,0.0,0.0,4.1,0.0,0.0,0.0,0.0
2005-10-10,2005-10-27,OPTSTK,INDUSINDBK,55.0,PA,0.0,0.0,0.0,0.45,0.1,0.0,0.0,0.0
2005-10-10,2005-10-27,OPTSTK,INDUSINDBK,60.0,PA,0.0,0.0,0.0,1.2,0.45,0.0,0.0,0.0
2005-10-10,2005-10-27,OPTSTK,INDUSINDBK,65.0,PA,0.0,0.0,0.0,2.25,1.65,0.0,0.0,0.0
2005-10-10,2005-10-27,OPTSTK,INDUSINDBK,70.0,PA,4.05,4.05,4.05,4.05,4.05,1.0,2.85,7700.0
2005-10-10,2005-10-27,OPTSTK,INDUSINDBK,75.0,PA,0.0,0.0,0.0,7.5,7.95,0.0,0.0,0.0
2005-10-10,2005-10-27,OPTSTK,INDUSINDBK,80.0,PA,0.0,0.0,0.0,14.8,12.45,0.0,0.0,30800.0
2005-10-10,2005-10-27,OPTSTK,INDUSINDBK,85.0,PA,0.0,0.0,0.0,11.75,17.3,0.0,0.0,0.0
2005-10-10,2005-10-27,OPTSTK,INDUSINDBK,90.0,PA,0.0,0.0,0.0,15.3,22.25,0.0,0.0,0.0
2005-10-10,2005-10-27,OPTSTK,INDUSINDBK,95.0,PA,0.0,0.0,0.0,17.7,27.25,0.0,0.0,0.0
2005-10-10,2005-10-27,OPTSTK,INDUSINDBK,100.0,PA,0.0,0.0,0.0,20.3,32.2,0.0,0.0,0.0
2005-10-10,2005-11-24,OPTSTK,INDUSINDBK,55.0,CA,0.0,0.0,0.0,16.1,13.5,0.0,0.0,0.0
2005-10-10,2005-11-24,OPTSTK,INDUSINDBK,60.0,CA,0.0,0.0,0.0,18.45,9.45,0.0,0.0,0.0
2005-10-10,2005-11-24,OPTSTK,INDUSINDBK,65.0,CA,0.0,0.0,0.0,15.1,6.2,0.0,0.0,0.0
2005-10-10,2005-11-24,OPTSTK,INDUSINDBK,70.0,CA,0.0,0.0,0.0,12.2,3.8,0.0,0.0,0.0
2005-10-10,2005-11-24,OPTSTK,INDUSINDBK,75.0,CA,0.0,0.0,0.0,9.75,2.15,0.0,0.0,0.0
2005-10-10,2005-11-24,OPTSTK,INDUSINDBK,80.0,CA,0.0,0.0,0.0,7.75,1.15,0.0,0.0,0.0
2005-10-10,2005-11-24,OPTSTK,INDUSINDBK,85.0,CA,0.0,0.0,0.0,6.1,0.6,0.0,0.0,0.0
2005-10-10,2005-11-24,OPTSTK,INDUSINDBK,90.0,CA,0.0,0.0,0.0,4.75,0.3,0.0,0.0,0.0
2005-10-10,2005-11-24,OPTSTK,INDUSINDBK,95.0,CA,0.0,0.0,0.0,4.65,0.15,0.0,0.0,0.0
2005-10-10,2005-11-24,OPTSTK,INDUSINDBK,55.0,PA,0.0,0.0,0.0,1.2,0.55,0.0,0.0,0.0
2005-10-10,2005-11-24,OPTSTK,INDUSINDBK,60.0,PA,0.0,0.0,0.0,2.8,1.45,0.0,0.0,0.0
2005-10-10,2005-11-24,OPTSTK,INDUSINDBK,65.0,PA,0.0,0.0,0.0,4.35,3.15,0.0,0.0,0.0
2005-10-10,2005-11-24,OPTSTK,INDUSINDBK,70.0,PA,0.0,0.0,0.0,6.4,5.7,0.0,0.0,0.0
2005-10-10,2005-11-24,OPTSTK,INDUSINDBK,75.0,PA,0.0,0.0,0.0,8.9,9.05,0.0,0.0,0.0
2005-10-10,2005-11-24,OPTSTK,INDUSINDBK,80.0,PA,0.0,0.0,0.0,11.8,13.05,0.0,0.0,0.0
2005-10-10,2005-11-24,OPTSTK,INDUSINDBK,85.0,PA,0.0,0.0,0.0,15.1,17.45,0.0,0.0,0.0
2005-10-10,2005-11-24,OPTSTK,INDUSINDBK,90.0,PA,0.0,0.0,0.0,18.65,22.1,0.0,0.0,0.0
2005-10-10,2005-11-24,OPTSTK,INDUSINDBK,95.0,PA,0.0,0.0,0.0,20.55,26.9,0.0,0.0,0.0
2005-10-10,2005-12-29,OPTSTK,INDUSINDBK,55.0,CA,0.0,0.0,0.0,17.75,14.5,0.0,0.0,0.0
2005-10-10,2005-12-29,OPTSTK,INDUSINDBK,60.0,CA,0.0,0.0,0.0,14.05,10.85,0.0,0.0,0.0
2005-10-10,2005-12-29,OPTSTK,INDUSINDBK,65.0,CA,0.0,0.0,0.0,10.9,7.85,0.0,0.0,0.0
2005-10-10,2005-12-29,OPTSTK,INDUSINDBK,70.0,CA,0.0,0.0,0.0,8.3,5.45,0.0,0.0,0.0
2005-10-10,2005-12-29,OPTSTK,INDUSINDBK,75.0,CA,0.0,0.0,0.0,6.2,3.7,0.0,0.0,0.0
2005-10-10,2005-12-29,OPTSTK,INDUSINDBK,80.0,CA,0.0,0.0,0.0,4.55,2.45,0.0,0.0,0.0
2005-10-10,2005-12-29,OPTSTK,INDUSINDBK,85.0,CA,0.0,0.0,0.0,3.35,1.6,0.0,0.0,0.0
2005-10-10,2005-12-29,OPTSTK,INDUSINDBK,90.0,CA,0.0,0.0,0.0,2.35,1.0,0.0,0.0,0.0
2005-10-10,2005-12-29,OPTSTK,INDUSINDBK,55.0,PA,0.0,0.0,0.0,1.5,1.25,0.0,0.0,0.0
2005-10-10,2005-12-29,OPTSTK,INDUSINDBK,60.0,PA,0.0,0.0,0.0,2.8,2.55,0.0,0.0,0.0
2005-10-10,2005-12-29,OPTSTK,INDUSINDBK,65.0,PA,0.0,0.0,0.0,4.55,4.45,0.0,0.0,0.0
2005-10-10,2005-12-29,OPTSTK,INDUSINDBK,70.0,PA,0.0,0.0,0.0,6.85,7.0,0.0,0.0,0.0
2005-10-10,2005-12-29,OPTSTK,INDUSINDBK,75.0,PA,0.0,0.0,0.0,9.7,10.15,0.0,0.0,0.0
2005-10-10,2005-12-29,OPTSTK,INDUSINDBK,80.0,PA,0.0,0.0,0.0,13.0,13.85,0.0,0.0,0.0
2005-10-10,2005-12-29,OPTSTK,INDUSINDBK,85.0,PA,0.0,0.0,0.0,16.65,17.9,0.0,0.0,0.0
2005-10-10,2005-12-29,OPTSTK,INDUSINDBK,90.0,PA,0.0,0.0,0.0,18.35,22.25,0.0,0.0,0.0
2005-10-10,2005-10-27,OPTSTK,INFOSYSTCH,2160.0,CA,0.0,0.0,0.0,715.35,467.95,0.0,0.0,100.0
2005-10-10,2005-10-27,OPTSTK,INFOSYSTCH,2190.0,CA,0.0,0.0,0.0,205.45,438.1,0.0,0.0,0.0
2005-10-10,2005-10-27,OPTSTK,INFOSYSTCH,2220.0,CA,0.0,0.0,0.0,188.55,408.3,0.0,0.0,0.0
2005-10-10,2005-10-27,OPTSTK,INFOSYSTCH,2250.0,CA,0.0,0.0,0.0,172.55,378.55,0.0,0.0,0.0
2005-10-10,2005-10-27,OPTSTK,INFOSYSTCH,2280.0,CA,0.0,0.0,0.0,157.55,349.0,0.0,0.0,0.0
2005-10-10,2005-10-27,OPTSTK,INFOSYSTCH,2310.0,CA,0.0,0.0,0.0,143.5,319.65,0.0,0.0,0.0
2005-10-10,2005-10-27,OPTSTK,INFOSYSTCH,2340.0,CA,0.0,0.0,0.0,130.35,290.65,0.0,0.0,0.0
2005-10-10,2005-10-27,OPTSTK,INFOSYSTCH,2350.0,CA,0.0,0.0,0.0,188.65,281.1,0.0,0.0,0.0
2005-10-10,2005-10-27,OPTSTK,INFOSYSTCH,2370.0,CA,0.0,0.0,0.0,118.15,262.2,0.0,0.0,0.0
2005-10-10,2005-10-27,OPTSTK,INFOSYSTCH,2400.0,CA,0.0,0.0,0.0,240.0,234.4,0.0,0.0,1100.0
2005-10-10,2005-10-27,OPTSTK,INFOSYSTCH,2430.0,CA,0.0,0.0,0.0,250.0,207.5,0.0,0.0,1400.0
2005-10-10,2005-10-27,OPTSTK,INFOSYSTCH,2450.0,CA,0.0,0.0,0.0,117.9,190.15,0.0,0.0,0.0
2005-10-10,2005-10-27,OPTSTK,INFOSYSTCH,2460.0,CA,0.0,0.0,0.0,180.0,181.7,0.0,0.0,800.0
2005-10-10,2005-10-27,OPTSTK,INFOSYSTCH,2490.0,CA,150.0,170.0,150.0,170.0,170.0,2.0,5.3,12900.0
2005-10-10,2005-10-27,OPTSTK,INFOSYSTCH,2500.0,CA,175.0,199.0,170.0,184.0,184.0,8.0,21.44,4400.0
2005-10-10,2005-10-27,OPTSTK,INFOSYSTCH,2520.0,CA,150.0,167.0,140.0,159.5,159.5,11.0,29.41,5900.0
2005-10-10,2005-10-27,OPTSTK,INFOSYSTCH,2550.0,CA,112.15,151.0,112.15,131.15,131.15,171.0,459.21,21100.0
2005-10-10,2005-10-27,OPTSTK,INFOSYSTCH,2580.0,CA,119.5,129.9,115.0,115.25,115.25,15.0,40.51,4400.0
2005-10-10,2005-10-27,OPTSTK,INFOSYSTCH,2600.0,CA,83.0,119.0,70.0,101.9,101.9,1233.0,3333.56,109300.0
2005-10-10,2005-10-27,OPTSTK,INFOSYSTCH,2650.0,CA,69.9,89.9,61.0,75.1,75.1,437.0,1192.39,51100.0
2005-10-10,2005-10-27,OPTSTK,INFOSYSTCH,2700.0,CA,48.0,63.0,48.0,53.55,53.55,461.0,1270.52,53500.0
2005-10-10,2005-10-27,OPTSTK,INFOSYSTCH,2750.0,CA,43.5,47.0,34.0,36.1,36.1,47.0,131.15,8200.0
2005-10-10,2005-10-27,OPTSTK,INFOSYSTCH,2800.0,CA,33.0,34.0,25.5,27.0,27.0,116.0,328.05,14500.0
2005-10-10,2005-10-27,OPTSTK,INFOSYSTCH,2160.0,PA,0.0,0.0,0.0,78.8,0.05,0.0,0.0,0.0
2005-10-10,2005-10-27,OPTSTK,INFOSYSTCH,2190.0,PA,0.0,0.0,0.0,94.7,0.15,0.0,0.0,0.0
2005-10-10,2005-10-27,OPTSTK,INFOSYSTCH,2220.0,PA,0.0,0.0,0.0,107.3,0.25,0.0,0.0,0.0
2005-10-10,2005-10-27,OPTSTK,INFOSYSTCH,2250.0,PA,0.0,0.0,0.0,120.9,0.45,0.0,0.0,0.0
2005-10-10,2005-10-27,OPTSTK,INFOSYSTCH,2280.0,PA,0.0,0.0,0.0,135.45,0.8,0.0,0.0,0.0
2005-10-10,2005-10-27,OPTSTK,INFOSYSTCH,2310.0,PA,10.0,10.0,8.1,8.1,8.1,2.0,4.63,600.0
2005-10-10,2005-10-27,OPTSTK,INFOSYSTCH,2340.0,PA,0.0,0.0,0.0,10.0,2.3,0.0,0.0,500.0
2005-10-10,2005-10-27,OPTSTK,INFOSYSTCH,2350.0,PA,0.0,0.0,0.0,24.0,2.75,0.0,0.0,300.0
2005-10-10,2005-10-27,OPTSTK,INFOSYSTCH,2370.0,PA,0.0,0.0,0.0,22.0,3.75,0.0,0.0,600.0
2005-10-10,2005-10-27,OPTSTK,INFOSYSTCH,2400.0,PA,22.0,30.0,22.0,27.05,27.05,129.0,312.89,23800.0
2005-10-10,2005-10-27,OPTSTK,INFOSYSTCH,2430.0,PA,33.0,34.0,33.0,33.5,33.5,2.0,4.92,2300.0
2005-10-10,2005-10-27,OPTSTK,INFOSYSTCH,2450.0,PA,44.0,44.0,40.0,40.0,40.0,3.0,7.47,500.0
2005-10-10,2005-10-27,OPTSTK,INFOSYSTCH,2460.0,PA,43.0,43.0,35.0,43.0,43.0,5.0,12.49,2000.0
2005-10-10,2005-10-27,OPTSTK,INFOSYSTCH,2490.0,PA,41.0,49.9,41.0,49.9,49.9,2.0,5.07,1500.0
2005-10-10,2005-10-27,OPTSTK,INFOSYSTCH,2500.0,PA,51.85,63.5,45.05,55.65,55.65,174.0,444.15,26000.0
2005-10-10,2005-10-27,OPTSTK,INFOSYSTCH,2520.0,PA,56.4,63.75,50.0,57.4,57.4,10.0,25.75,3800.0
2005-10-10,2005-10-27,OPTSTK,INFOSYSTCH,2550.0,PA,70.0,75.0,60.0,69.95,69.95,126.0,329.88,13700.0
2005-10-10,2005-10-27,OPTSTK,INFOSYSTCH,2580.0,PA,90.0,90.0,71.25,80.0,80.0,8.0,21.29,1400.0
2005-10-10,2005-10-27,OPTSTK,INFOSYSTCH,2600.0,PA,90.0,100.0,80.0,88.0,88.0,780.0,2097.0,67200.0
2005-10-10,2005-10-27,OPTSTK,INFOSYSTCH,2650.0,PA,111.0,120.0,105.0,114.0,114.0,28.0,77.31,4800.0
2005-10-10,2005-10-27,OPTSTK,INFOSYSTCH,2700.0,PA,0.0,0.0,0.0,100.0,109.7,0.0,0.0,100.0
2005-10-10,2005-10-27,OPTSTK,INFOSYSTCH,2750.0,PA,0.0,0.0,0.0,151.25,145.75,0.0,0.0,0.0
2005-10-10,2005-10-27,OPTSTK,INFOSYSTCH,2800.0,PA,0.0,0.0,0.0,189.0,185.85,0.0,0.0,0.0
2005-10-10,2005-11-24,OPTSTK,INFOSYSTCH,2190.0,CA,0.0,0.0,0.0,188.2,452.3,0.0,0.0,0.0
2005-10-10,2005-11-24,OPTSTK,INFOSYSTCH,2220.0,CA,0.0,0.0,0.0,170.5,423.95,0.0,0.0,0.0
2005-10-10,2005-11-24,OPTSTK,INFOSYSTCH,2250.0,CA,0.0,0.0,0.0,153.85,396.05,0.0,0.0,0.0
2005-10-10,2005-11-24,OPTSTK,INFOSYSTCH,2280.0,CA,0.0,0.0,0.0,138.4,368.65,0.0,0.0,0.0
2005-10-10,2005-11-24,OPTSTK,INFOSYSTCH,2310.0,CA,0.0,0.0,0.0,124.0,341.85,0.0,0.0,0.0
2005-10-10,2005-11-24,OPTSTK,INFOSYSTCH,2340.0,CA,0.0,0.0,0.0,110.75,315.75,0.0,0.0,0.0
2005-10-10,2005-11-24,OPTSTK,INFOSYSTCH,2350.0,CA,0.0,0.0,0.0,215.6,307.2,0.0,0.0,0.0
2005-10-10,2005-11-24,OPTSTK,INFOSYSTCH,2370.0,CA,0.0,0.0,0.0,98.55,290.4,0.0,0.0,0.0
2005-10-10,2005-11-24,OPTSTK,INFOSYSTCH,2400.0,CA,0.0,0.0,0.0,92.85,266.0,0.0,0.0,0.0
2005-10-10,2005-11-24,OPTSTK,INFOSYSTCH,2430.0,CA,0.0,0.0,0.0,104.05,242.5,0.0,0.0,0.0
2005-10-10,2005-11-24,OPTSTK,INFOSYSTCH,2450.0,CA,0.0,0.0,0.0,149.05,227.45,0.0,0.0,0.0
2005-10-10,2005-11-24,OPTSTK,INFOSYSTCH,2460.0,CA,0.0,0.0,0.0,103.55,220.2,0.0,0.0,0.0
2005-10-10,2005-11-24,OPTSTK,INFOSYSTCH,2490.0,CA,0.0,0.0,0.0,117.7,198.75,0.0,0.0,0.0
2005-10-10,2005-11-24,OPTSTK,INFOSYSTCH,2500.0,CA,0.0,0.0,0.0,121.25,191.95,0.0,0.0,0.0
2005-10-10,2005-11-24,OPTSTK,INFOSYSTCH,2520.0,CA,0.0,0.0,0.0,105.3,178.7,0.0,0.0,0.0
2005-10-10,2005-11-24,OPTSTK,INFOSYSTCH,2550.0,CA,0.0,0.0,0.0,85.0,159.85,0.0,0.0,0.0
2005-10-10,2005-11-24,OPTSTK,INFOSYSTCH,2580.0,CA,0.0,0.0,0.0,90.95,142.3,0.0,0.0,0.0
2005-10-10,2005-11-24,OPTSTK,INFOSYSTCH,2600.0,CA,0.0,0.0,0.0,76.65,131.3,0.0,0.0,0.0
2005-10-10,2005-11-24,OPTSTK,INFOSYSTCH,2650.0,CA,0.0,0.0,0.0,59.55,106.3,0.0,0.0,0.0
2005-10-10,2005-11-24,OPTSTK,INFOSYSTCH,2700.0,CA,0.0,0.0,0.0,59.8,84.85,0.0,0.0,0.0
2005-10-10,2005-11-24,OPTSTK,INFOSYSTCH,2750.0,CA,0.0,0.0,0.0,80.1,66.75,0.0,0.0,0.0
2005-10-10,2005-11-24,OPTSTK,INFOSYSTCH,2800.0,CA,0.0,0.0,0.0,64.05,51.75,0.0,0.0,0.0
2005-10-10,2005-11-24,OPTSTK,INFOSYSTCH,2190.0,PA,0.0,0.0,0.0,73.9,3.8,0.0,0.0,0.0
2005-10-10,2005-11-24,OPTSTK,INFOSYSTCH,2220.0,PA,0.0,0.0,0.0,85.7,5.25,0.0,0.0,0.0
2005-10-10,2005-11-24,OPTSTK,INFOSYSTCH,2250.0,PA,0.0,0.0,0.0,98.65,7.1,0.0,0.0,0.0
2005-10-10,2005-11-24,OPTSTK,INFOSYSTCH,2280.0,PA,0.0,0.0,0.0,112.75,9.5,0.0,0.0,0.0
2005-10-10,2005-11-24,OPTSTK,INFOSYSTCH,2310.0,PA,0.0,0.0,0.0,127.9,12.45,0.0,0.0,0.0
2005-10-10,2005-11-24,OPTSTK,INFOSYSTCH,2340.0,PA,0.0,0.0,0.0,144.2,16.15,0.0,0.0,0.0
2005-10-10,2005-11-24,OPTSTK,INFOSYSTCH,2350.0,PA,0.0,0.0,0.0,36.95,17.5,0.0,0.0,0.0
2005-10-10,2005-11-24,OPTSTK,INFOSYSTCH,2370.0,PA,0.0,0.0,0.0,161.55,20.6,0.0,0.0,0.0
2005-10-10,2005-11-24,OPTSTK,INFOSYSTCH,2400.0,PA,0.0,0.0,0.0,157.6,25.95,0.0,0.0,0.0
2005-10-10,2005-11-24,OPTSTK,INFOSYSTCH,2430.0,PA,0.0,0.0,0.0,153.45,32.25,0.0,0.0,0.0
2005-10-10,2005-11-24,OPTSTK,INFOSYSTCH,2450.0,PA,0.0,0.0,0.0,69.35,37.05,0.0,0.0,0.0
2005-10-10,2005-11-24,OPTSTK,INFOSYSTCH,2460.0,PA,0.0,0.0,0.0,153.55,39.7,0.0,0.0,0.0
2005-10-10,2005-11-24,OPTSTK,INFOSYSTCH,2490.0,PA,0.0,0.0,0.0,148.1,48.05,0.0,0.0,0.0
2005-10-10,2005-11-24,OPTSTK,INFOSYSTCH,2500.0,PA,0.0,0.0,0.0,91.05,51.15,0.0,0.0,0.0
2005-10-10,2005-11-24,OPTSTK,INFOSYSTCH,2520.0,PA,0.0,0.0,0.0,165.3,57.75,0.0,0.0,0.0
2005-10-10,2005-11-24,OPTSTK,INFOSYSTCH,2550.0,PA,0.0,0.0,0.0,158.85,68.7,0.0,0.0,0.0
2005-10-10,2005-11-24,OPTSTK,INFOSYSTCH,2580.0,PA,0.0,0.0,0.0,159.7,80.9,0.0,0.0,0.0
2005-10-10,2005-11-24,OPTSTK,INFOSYSTCH,2600.0,PA,0.0,0.0,0.0,145.4,89.75,0.0,0.0,0.0
2005-10-10,2005-11-24,OPTSTK,INFOSYSTCH,2650.0,PA,0.0,0.0,0.0,177.75,114.4,0.0,0.0,0.0
2005-10-10,2005-11-24,OPTSTK,INFOSYSTCH,2700.0,PA,0.0,0.0,0.0,209.0,142.6,0.0,0.0,0.0
2005-10-10,2005-11-24,OPTSTK,INFOSYSTCH,2750.0,PA,0.0,0.0,0.0,179.35,174.1,0.0,0.0,0.0
2005-10-10,2005-11-24,OPTSTK,INFOSYSTCH,2800.0,PA,0.0,0.0,0.0,212.85,208.75,0.0,0.0,0.0
2005-10-10,2005-12-29,OPTSTK,INFOSYSTCH,2350.0,CA,0.0,0.0,0.0,259.9,339.55,0.0,0.0,0.0
2005-10-10,2005-12-29,OPTSTK,INFOSYSTCH,2400.0,CA,0.0,0.0,0.0,238.7,301.8,0.0,0.0,0.0
2005-10-10,2005-12-29,OPTSTK,INFOSYSTCH,2450.0,CA,0.0,0.0,0.0,208.2,266.15,0.0,0.0,0.0
2005-10-10,2005-12-29,OPTSTK,INFOSYSTCH,2500.0,CA,0.0,0.0,0.0,180.3,233.15,0.0,0.0,0.0
2005-10-10,2005-12-29,OPTSTK,INFOSYSTCH,2550.0,CA,0.0,0.0,0.0,155.1,202.8,0.0,0.0,0.0
2005-10-10,2005-12-29,OPTSTK,INFOSYSTCH,2600.0,CA,0.0,0.0,0.0,132.45,175.15,0.0,0.0,0.0
2005-10-10,2005-12-29,OPTSTK,INFOSYSTCH,2650.0,CA,0.0,0.0,0.0,112.35,150.15,0.0,0.0,0.0
2005-10-10,2005-12-29,OPTSTK,INFOSYSTCH,2700.0,CA,0.0,0.0,0.0,94.65,127.75,0.0,0.0,0.0
2005-10-10,2005-12-29,OPTSTK,INFOSYSTCH,2750.0,CA,0.0,0.0,0.0,121.4,107.95,0.0,0.0,0.0
2005-10-10,2005-12-29,OPTSTK,INFOSYSTCH,2800.0,CA,0.0,0.0,0.0,103.4,90.55,0.0,0.0,0.0
2005-10-10,2005-12-29,OPTSTK,INFOSYSTCH,2350.0,PA,0.0,0.0,0.0,59.75,36.45,0.0,0.0,0.0
2005-10-10,2005-12-29,OPTSTK,INFOSYSTCH,2400.0,PA,0.0,0.0,0.0,77.1,48.05,0.0,0.0,0.0
2005-10-10,2005-12-29,OPTSTK,INFOSYSTCH,2450.0,PA,0.0,0.0,0.0,95.85,61.75,0.0,0.0,0.0
2005-10-10,2005-12-29,OPTSTK,INFOSYSTCH,2500.0,PA,0.0,0.0,0.0,117.25,78.1,0.0,0.0,0.0
2005-10-10,2005-12-29,OPTSTK,INFOSYSTCH,2550.0,PA,0.0,0.0,0.0,141.25,97.1,0.0,0.0,0.0
2005-10-10,2005-12-29,OPTSTK,INFOSYSTCH,2600.0,PA,0.0,0.0,0.0,167.9,118.75,0.0,0.0,0.0
2005-10-10,2005-12-29,OPTSTK,INFOSYSTCH,2650.0,PA,0.0,0.0,0.0,197.1,143.1,0.0,0.0,0.0
2005-10-10,2005-12-29,OPTSTK,INFOSYSTCH,2700.0,PA,0.0,0.0,0.0,228.65,170.1,0.0,0.0,0.0
2005-10-10,2005-12-29,OPTSTK,INFOSYSTCH,2750.0,PA,0.0,0.0,0.0,205.05,199.6,0.0,0.0,0.0
2005-10-10,2005-12-29,OPTSTK,INFOSYSTCH,2800.0,PA,0.0,0.0,0.0,236.3,231.55,0.0,0.0,0.0
2005-10-10,2005-10-27,OPTSTK,IOB,65.0,CA,0.0,0.0,0.0,18.75,26.45,0.0,0.0,0.0
2005-10-10,2005-10-27,OPTSTK,IOB,70.0,CA,0.0,0.0,0.0,19.35,21.45,0.0,0.0,0.0
2005-10-10,2005-10-27,OPTSTK,IOB,75.0,CA,0.0,0.0,0.0,17.2,16.5,0.0,0.0,0.0
2005-10-10,2005-10-27,OPTSTK,IOB,80.0,CA,0.0,0.0,0.0,13.95,11.65,0.0,0.0,0.0
2005-10-10,2005-10-27,OPTSTK,IOB,85.0,CA,0.0,0.0,0.0,11.15,7.3,0.0,0.0,0.0
2005-10-10,2005-10-27,OPTSTK,IOB,90.0,CA,0.0,0.0,0.0,4.0,3.9,0.0,0.0,8850.0
2005-10-10,2005-10-27,OPTSTK,IOB,95.0,CA,0.0,0.0,0.0,2.05,1.7,0.0,0.0,38350.0
2005-10-10,2005-10-27,OPTSTK,IOB,100.0,CA,0.0,0.0,0.0,1.25,0.65,0.0,0.0,8850.0
2005-10-10,2005-10-27,OPTSTK,IOB,105.0,CA,0.0,0.0,0.0,4.0,0.2,0.0,0.0,0.0
2005-10-10,2005-10-27,OPTSTK,IOB,110.0,CA,0.0,0.0,0.0,1.25,0.05,0.0,0.0,0.0
2005-10-10,2005-10-27,OPTSTK,IOB,65.0,PA,0.0,0.0,0.0,1.15,0.0,0.0,0.0,0.0
2005-10-10,2005-10-27,OPTSTK,IOB,70.0,PA,0.0,0.0,0.0,1.6,0.0,0.0,0.0,0.0
2005-10-10,2005-10-27,OPTSTK,IOB,75.0,PA,0.0,0.0,0.0,3.2,0.05,0.0,0.0,0.0
2005-10-10,2005-10-27,OPTSTK,IOB,80.0,PA,0.0,0.0,0.0,4.85,0.2,0.0,0.0,0.0
2005-10-10,2005-10-27,OPTSTK,IOB,85.0,PA,0.0,0.0,0.0,7.0,0.8,0.0,0.0,0.0
2005-10-10,2005-10-27,OPTSTK,IOB,90.0,PA,0.0,0.0,0.0,2.0,2.4,0.0,0.0,2950.0
2005-10-10,2005-10-27,OPTSTK,IOB,95.0,PA,0.0,0.0,0.0,12.55,5.2,0.0,0.0,0.0
2005-10-10,2005-10-27,OPTSTK,IOB,100.0,PA,0.0,0.0,0.0,15.9,9.1,0.0,0.0,0.0
2005-10-10,2005-10-27,OPTSTK,IOB,105.0,PA,0.0,0.0,0.0,19.55,13.7,0.0,0.0,0.0
2005-10-10,2005-10-27,OPTSTK,IOB,110.0,PA,0.0,0.0,0.0,17.9,18.55,0.0,0.0,0.0
2005-10-10,2005-11-24,OPTSTK,IOB,70.0,CA,0.0,0.0,0.0,18.45,21.9,0.0,0.0,0.0
2005-10-10,2005-11-24,OPTSTK,IOB,75.0,CA,0.0,0.0,0.0,14.85,17.2,0.0,0.0,0.0
2005-10-10,2005-11-24,OPTSTK,IOB,80.0,CA,0.0,0.0,0.0,11.7,12.85,0.0,0.0,0.0
2005-10-10,2005-11-24,OPTSTK,IOB,85.0,CA,0.0,0.0,0.0,9.1,9.05,0.0,0.0,0.0
2005-10-10,2005-11-24,OPTSTK,IOB,90.0,CA,0.0,0.0,0.0,6.9,6.0,0.0,0.0,0.0
2005-10-10,2005-11-24,OPTSTK,IOB,95.0,CA,0.0,0.0,0.0,5.2,3.75,0.0,0.0,0.0
2005-10-10,2005-11-24,OPTSTK,IOB,100.0,CA,0.0,0.0,0.0,3.85,2.2,0.0,0.0,0.0
2005-10-10,2005-11-24,OPTSTK,IOB,105.0,CA,0.0,0.0,0.0,3.55,1.2,0.0,0.0,0.0
2005-10-10,2005-11-24,OPTSTK,IOB,110.0,CA,0.0,0.0,0.0,2.45,0.65,0.0,0.0,0.0
2005-10-10,2005-11-24,OPTSTK,IOB,70.0,PA,0.0,0.0,0.0,1.95,0.1,0.0,0.0,0.0
2005-10-10,2005-11-24,OPTSTK,IOB,75.0,PA,0.0,0.0,0.0,3.25,0.35,0.0,0.0,0.0
2005-10-10,2005-11-24,OPTSTK,IOB,80.0,PA,0.0,0.0,0.0,5.05,1.0,0.0,0.0,0.0
2005-10-10,2005-11-24,OPTSTK,IOB,85.0,PA,0.0,0.0,0.0,7.3,2.15,0.0,0.0,0.0
2005-10-10,2005-11-24,OPTSTK,IOB,90.0,PA,0.0,0.0,0.0,10.1,4.1,0.0,0.0,0.0
2005-10-10,2005-11-24,OPTSTK,IOB,95.0,PA,0.0,0.0,0.0,13.3,6.8,0.0,0.0,0.0
2005-10-10,2005-11-24,OPTSTK,IOB,100.0,PA,0.0,0.0,0.0,16.85,10.2,0.0,0.0,0.0
2005-10-10,2005-11-24,OPTSTK,IOB,105.0,PA,0.0,0.0,0.0,18.95,14.2,0.0,0.0,0.0
2005-10-10,2005-11-24,OPTSTK,IOB,110.0,PA,0.0,0.0,0.0,18.6,18.6,0.0,0.0,0.0
2005-10-10,2005-12-29,OPTSTK,IOB,75.0,CA,0.0,0.0,0.0,19.3,18.2,0.0,0.0,0.0
2005-10-10,2005-12-29,OPTSTK,IOB,80.0,CA,0.0,0.0,0.0,15.6,14.25,0.0,0.0,0.0
2005-10-10,2005-12-29,OPTSTK,IOB,85.0,CA,0.0,0.0,0.0,12.3,10.75,0.0,0.0,0.0
2005-10-10,2005-12-29,OPTSTK,IOB,90.0,CA,0.0,0.0,0.0,9.55,7.9,0.0,0.0,0.0
2005-10-10,2005-12-29,OPTSTK,IOB,95.0,CA,0.0,0.0,0.0,7.25,5.6,0.0,0.0,0.0
2005-10-10,2005-12-29,OPTSTK,IOB,100.0,CA,0.0,0.0,0.0,5.45,3.9,0.0,0.0,0.0
2005-10-10,2005-12-29,OPTSTK,IOB,105.0,CA,0.0,0.0,0.0,4.0,2.6,0.0,0.0,0.0
2005-10-10,2005-12-29,OPTSTK,IOB,110.0,CA,0.0,0.0,0.0,3.4,1.7,0.0,0.0,0.0
2005-10-10,2005-12-29,OPTSTK,IOB,75.0,PA,0.0,0.0,0.0,1.7,1.0,0.0,0.0,0.0
2005-10-10,2005-12-29,OPTSTK,IOB,80.0,PA,0.0,0.0,0.0,2.9,1.95,0.0,0.0,0.0
2005-10-10,2005-12-29,OPTSTK,IOB,85.0,PA,0.0,0.0,0.0,4.55,3.4,0.0,0.0,0.0
2005-10-10,2005-12-29,OPTSTK,IOB,90.0,PA,0.0,0.0,0.0,6.7,5.45,0.0,0.0,0.0
2005-10-10,2005-12-29,OPTSTK,IOB,95.0,PA,0.0,0.0,0.0,9.35,8.1,0.0,0.0,0.0
2005-10-10,2005-12-29,OPTSTK,IOB,100.0,PA,0.0,0.0,0.0,12.45,11.3,0.0,0.0,0.0
2005-10-10,2005-12-29,OPTSTK,IOB,105.0,PA,0.0,0.0,0.0,15.95,15.0,0.0,0.0,0.0
2005-10-10,2005-12-29,OPTSTK,IOB,110.0,PA,0.0,0.0,0.0,18.25,19.0,0.0,0.0,0.0
2005-10-10,2005-10-27,OPTSTK,IOC,370.0,CA,0.0,0.0,0.0,41.4,98.8,0.0,0.0,0.0
2005-10-10,2005-10-27,OPTSTK,IOC,380.0,CA,0.0,0.0,0.0,34.25,88.8,0.0,0.0,0.0
2005-10-10,2005-10-27,OPTSTK,IOC,390.0,CA,0.0,0.0,0.0,27.9,78.85,0.0,0.0,0.0
2005-10-10,2005-10-27,OPTSTK,IOC,400.0,CA,0.0,0.0,0.0,22.3,68.95,0.0,0.0,0.0
2005-10-10,2005-10-27,OPTSTK,IOC,410.0,CA,0.0,0.0,0.0,17.55,59.15,0.0,0.0,0.0
2005-10-10,2005-10-27,OPTSTK,IOC,420.0,CA,0.0,0.0,0.0,13.55,49.55,0.0,0.0,0.0
2005-10-10,2005-10-27,OPTSTK,IOC,430.0,CA,0.0,0.0,0.0,10.3,40.35,0.0,0.0,0.0
2005-10-10,2005-10-27,OPTSTK,IOC,440.0,CA,0.0,0.0,0.0,10.8,31.75,0.0,0.0,0.0
2005-10-10,2005-10-27,OPTSTK,IOC,450.0,CA,0.0,0.0,0.0,20.0,24.05,0.0,0.0,2400.0
2005-10-10,2005-10-27,OPTSTK,IOC,460.0,CA,0.0,0.0,0.0,20.0,17.5,0.0,0.0,3600.0
2005-10-10,2005-10-27,OPTSTK,IOC,470.0,CA,0.0,0.0,0.0,8.0,12.1,0.0,0.0,4200.0
2005-10-10,2005-10-27,OPTSTK,IOC,480.0,CA,0.0,0.0,0.0,8.6,8.0,0.0,0.0,0.0
2005-10-10,2005-10-27,OPTSTK,IOC,490.0,CA,0.0,0.0,0.0,4.2,5.05,0.0,0.0,0.0
2005-10-10,2005-10-27,OPTSTK,IOC,500.0,CA,0.0,0.0,0.0,5.4,3.0,0.0,0.0,0.0
2005-10-10,2005-10-27,OPTSTK,IOC,370.0,PA,0.0,0.0,0.0,5.95,0.0,0.0,0.0,0.0
2005-10-10,2005-10-27,OPTSTK,IOC,380.0,PA,0.0,0.0,0.0,8.65,0.05,0.0,0.0,0.0
2005-10-10,2005-10-27,OPTSTK,IOC,390.0,PA,0.0,0.0,0.0,12.15,0.05,0.0,0.0,0.0
2005-10-10,2005-10-27,OPTSTK,IOC,400.0,PA,0.0,0.0,0.0,16.4,0.1,0.0,0.0,0.0
2005-10-10,2005-10-27,OPTSTK,IOC,410.0,PA,0.0,0.0,0.0,21.5,0.25,0.0,0.0,0.0
2005-10-10,2005-10-27,OPTSTK,IOC,420.0,PA,0.0,0.0,0.0,27.35,0.65,0.0,0.0,0.0
2005-10-10,2005-10-27,OPTSTK,IOC,430.0,PA,0.0,0.0,0.0,33.95,1.45,0.0,0.0,0.0
2005-10-10,2005-10-27,OPTSTK,IOC,440.0,PA,0.0,0.0,0.0,36.05,2.85,0.0,0.0,0.0
2005-10-10,2005-10-27,OPTSTK,IOC,450.0,PA,0.0,0.0,0.0,36.55,5.1,0.0,0.0,0.0
2005-10-10,2005-10-27,OPTSTK,IOC,460.0,PA,0.0,0.0,0.0,11.0,8.5,0.0,0.0,600.0
2005-10-10,2005-10-27,OPTSTK,IOC,470.0,PA,0.0,0.0,0.0,31.7,13.1,0.0,0.0,0.0
2005-10-10,2005-10-27,OPTSTK,IOC,480.0,PA,0.0,0.0,0.0,32.7,18.95,0.0,0.0,0.0
2005-10-10,2005-10-27,OPTSTK,IOC,490.0,PA,0.0,0.0,0.0,36.85,26.0,0.0,0.0,0.0
2005-10-10,2005-10-27,OPTSTK,IOC,500.0,PA,0.0,0.0,0.0,32.85,33.9,0.0,0.0,0.0
2005-10-10,2005-11-24,OPTSTK,IOC,390.0,CA,0.0,0.0,0.0,46.05,81.5,0.0,0.0,0.0
2005-10-10,2005-11-24,OPTSTK,IOC,400.0,CA,0.0,0.0,0.0,39.25,72.2,0.0,0.0,0.0
2005-10-10,2005-11-24,OPTSTK,IOC,410.0,CA,0.0,0.0,0.0,33.15,63.15,0.0,0.0,0.0
2005-10-10,2005-11-24,OPTSTK,IOC,420.0,CA,0.0,0.0,0.0,27.65,54.6,0.0,0.0,0.0
2005-10-10,2005-11-24,OPTSTK,IOC,430.0,CA,0.0,0.0,0.0,22.85,46.5,0.0,0.0,0.0
2005-10-10,2005-11-24,OPTSTK,IOC,440.0,CA,0.0,0.0,0.0,18.65,39.1,0.0,0.0,0.0
2005-10-10,2005-11-24,OPTSTK,IOC,450.0,CA,0.0,0.0,0.0,15.1,32.3,0.0,0.0,0.0
2005-10-10,2005-11-24,OPTSTK,IOC,460.0,CA,0.0,0.0,0.0,11.75,26.3,0.0,0.0,0.0
2005-10-10,2005-11-24,OPTSTK,IOC,470.0,CA,0.0,0.0,0.0,10.2,21.1,0.0,0.0,0.0
2005-10-10,2005-11-24,OPTSTK,IOC,480.0,CA,0.0,0.0,0.0,14.55,16.6,0.0,0.0,0.0
2005-10-10,2005-11-24,OPTSTK,IOC,490.0,CA,0.0,0.0,0.0,9.55,12.9,0.0,0.0,0.0
2005-10-10,2005-11-24,OPTSTK,IOC,500.0,CA,0.0,0.0,0.0,12.95,9.8,0.0,0.0,0.0
2005-10-10,2005-11-24,OPTSTK,IOC,390.0,PA,0.0,0.0,0.0,8.95,0.8,0.0,0.0,0.0
2005-10-10,2005-11-24,OPTSTK,IOC,400.0,PA,0.0,0.0,0.0,12.05,1.4,0.0,0.0,0.0
2005-10-10,2005-11-24,OPTSTK,IOC,410.0,PA,0.0,0.0,0.0,15.75,2.35,0.0,0.0,0.0
2005-10-10,2005-11-24,OPTSTK,IOC,420.0,PA,0.0,0.0,0.0,20.15,3.7,0.0,0.0,0.0
2005-10-10,2005-11-24,OPTSTK,IOC,430.0,PA,0.0,0.0,0.0,25.15,5.55,0.0,0.0,0.0
2005-10-10,2005-11-24,OPTSTK,IOC,440.0,PA,0.0,0.0,0.0,30.85,8.05,0.0,0.0,0.0
2005-10-10,2005-11-24,OPTSTK,IOC,450.0,PA,0.0,0.0,0.0,37.1,11.2,0.0,0.0,0.0
2005-10-10,2005-11-24,OPTSTK,IOC,460.0,PA,0.0,0.0,0.0,33.5,15.1,0.0,0.0,0.0
2005-10-10,2005-11-24,OPTSTK,IOC,470.0,PA,0.0,0.0,0.0,33.8,19.8,0.0,0.0,0.0
2005-10-10,2005-11-24,OPTSTK,IOC,480.0,PA,0.0,0.0,0.0,36.4,25.25,0.0,0.0,0.0
2005-10-10,2005-11-24,OPTSTK,IOC,490.0,PA,0.0,0.0,0.0,39.75,31.45,0.0,0.0,0.0
2005-10-10,2005-11-24,OPTSTK,IOC,500.0,PA,0.0,0.0,0.0,38.0,38.35,0.0,0.0,0.0
2005-10-10,2005-12-29,OPTSTK,IOC,420.0,CA,0.0,0.0,0.0,47.65,60.7,0.0,0.0,0.0
2005-10-10,2005-12-29,OPTSTK,IOC,430.0,CA,0.0,0.0,0.0,45.35,53.3,0.0,0.0,0.0
2005-10-10,2005-12-29,OPTSTK,IOC,440.0,CA,0.0,0.0,0.0,38.9,46.4,0.0,0.0,0.0
2005-10-10,2005-12-29,OPTSTK,IOC,450.0,CA,0.0,0.0,0.0,33.0,40.1,0.0,0.0,0.0
2005-10-10,2005-12-29,OPTSTK,IOC,460.0,CA,0.0,0.0,0.0,27.8,34.35,0.0,0.0,0.0
2005-10-10,2005-12-29,OPTSTK,IOC,470.0,CA,0.0,0.0,0.0,23.15,29.15,0.0,0.0,0.0
2005-10-10,2005-12-29,OPTSTK,IOC,480.0,CA,0.0,0.0,0.0,19.1,24.6,0.0,0.0,0.0
2005-10-10,2005-12-29,OPTSTK,IOC,490.0,CA,0.0,0.0,0.0,15.6,20.55,0.0,0.0,0.0
2005-10-10,2005-12-29,OPTSTK,IOC,500.0,CA,0.0,0.0,0.0,20.7,17.05,0.0,0.0,0.0
2005-10-10,2005-12-29,OPTSTK,IOC,420.0,PA,0.0,0.0,0.0,9.5,7.4,0.0,0.0,0.0
2005-10-10,2005-12-29,OPTSTK,IOC,430.0,PA,0.0,0.0,0.0,11.2,9.85,0.0,0.0,0.0
2005-10-10,2005-12-29,OPTSTK,IOC,440.0,PA,0.0,0.0,0.0,14.6,12.85,0.0,0.0,0.0
2005-10-10,2005-12-29,OPTSTK,IOC,450.0,PA,0.0,0.0,0.0,18.6,16.4,0.0,0.0,0.0
2005-10-10,2005-12-29,OPTSTK,IOC,460.0,PA,0.0,0.0,0.0,23.2,20.5,0.0,0.0,0.0
2005-10-10,2005-12-29,OPTSTK,IOC,470.0,PA,0.0,0.0,0.0,28.4,25.2,0.0,0.0,0.0
2005-10-10,2005-12-29,OPTSTK,IOC,480.0,PA,0.0,0.0,0.0,34.25,30.5,0.0,0.0,0.0
2005-10-10,2005-12-29,OPTSTK,IOC,490.0,PA,0.0,0.0,0.0,40.6,36.3,0.0,0.0,0.0
2005-10-10,2005-12-29,OPTSTK,IOC,500.0,PA,0.0,0.0,0.0,42.9,42.7,0.0,0.0,0.0
2005-10-10,2005-10-27,OPTSTK,IPCL,165.0,CA,0.0,0.0,0.0,25.15,62.95,0.0,0.0,0.0
2005-10-10,2005-10-27,OPTSTK,IPCL,170.0,CA,0.0,0.0,0.0,25.05,58.0,0.0,0.0,0.0
2005-10-10,2005-10-27,OPTSTK,IPCL,175.0,CA,0.0,0.0,0.0,22.35,53.05,0.0,0.0,0.0
2005-10-10,2005-10-27,OPTSTK,IPCL,180.0,CA,0.0,0.0,0.0,19.3,48.1,0.0,0.0,0.0
2005-10-10,2005-10-27,OPTSTK,IPCL,185.0,CA,0.0,0.0,0.0,16.55,43.25,0.0,0.0,0.0
2005-10-10,2005-10-27,OPTSTK,IPCL,190.0,CA,0.0,0.0,0.0,44.0,38.45,0.0,0.0,2200.0
2005-10-10,2005-10-27,OPTSTK,IPCL,195.0,CA,0.0,0.0,0.0,11.9,33.8,0.0,0.0,0.0
2005-10-10,2005-10-27,OPTSTK,IPCL,200.0,CA,0.0,0.0,0.0,49.0,29.35,0.0,0.0,8800.0
2005-10-10,2005-10-27,OPTSTK,IPCL,205.0,CA,0.0,0.0,0.0,40.0,25.1,0.0,0.0,8800.0
2005-10-10,2005-10-27,OPTSTK,IPCL,210.0,CA,0.0,0.0,0.0,30.0,21.15,0.0,0.0,39600.0
2005-10-10,2005-10-27,OPTSTK,IPCL,215.0,CA,0.0,0.0,0.0,34.0,17.55,0.0,0.0,13200.0
2005-10-10,2005-10-27,OPTSTK,IPCL,220.0,CA,19.85,20.0,11.15,11.85,11.85,8.0,41.32,110000.0
2005-10-10,2005-10-27,OPTSTK,IPCL,225.0,CA,0.0,0.0,0.0,26.0,11.45,0.0,0.0,24200.0
2005-10-10,2005-10-27,OPTSTK,IPCL,230.0,CA,13.0,13.9,6.8,7.6,7.6,28.0,147.53,312400.0
2005-10-10,2005-10-27,OPTSTK,IPCL,235.0,CA,9.9,9.9,5.55,6.1,6.1,9.0,47.85,66000.0
2005-10-10,2005-10-27,OPTSTK,IPCL,240.0,CA,9.1,9.1,4.5,4.85,4.85,81.0,439.23,723800.0
2005-10-10,2005-10-27,OPTSTK,IPCL,245.0,CA,5.0,5.0,4.0,4.0,4.0,5.0,27.46,268400.0
2005-10-10,2005-10-27,OPTSTK,IPCL,250.0,CA,4.6,4.6,2.1,2.5,2.5,34.0,189.41,741400.0
2005-10-10,2005-10-27,OPTSTK,IPCL,255.0,CA,2.0,2.0,1.6,1.6,1.6,2.0,11.29,61600.0
2005-10-10,2005-10-27,OPTSTK,IPCL,260.0,CA,2.0,2.25,1.1,1.25,1.25,10.0,57.56,281600.0
2005-10-10,2005-10-27,OPTSTK,IPCL,165.0,PA,0.0,0.0,0.0,5.6,0.05,0.0,0.0,0.0
2005-10-10,2005-10-27,OPTSTK,IPCL,170.0,PA,0.0,0.0,0.0,6.05,0.05,0.0,0.0,0.0
2005-10-10,2005-10-27,OPTSTK,IPCL,175.0,PA,0.0,0.0,0.0,6.8,0.05,0.0,0.0,0.0
2005-10-10,2005-10-27,OPTSTK,IPCL,180.0,PA,0.0,0.0,0.0,8.7,0.15,0.0,0.0,0.0
2005-10-10,2005-10-27,OPTSTK,IPCL,185.0,PA,0.0,0.0,0.0,10.85,0.25,0.0,0.0,0.0
2005-10-10,2005-10-27,OPTSTK,IPCL,190.0,PA,0.0,0.0,0.0,13.3,0.45,0.0,0.0,0.0
2005-10-10,2005-10-27,OPTSTK,IPCL,195.0,PA,0.0,0.0,0.0,16.05,0.8,0.0,0.0,0.0
2005-10-10,2005-10-27,OPTSTK,IPCL,200.0,PA,0.0,0.0,0.0,0.5,1.3,0.0,0.0,28600.0
2005-10-10,2005-10-27,OPTSTK,IPCL,205.0,PA,0.0,0.0,0.0,8.9,2.05,0.0,0.0,2200.0
2005-10-10,2005-10-27,OPTSTK,IPCL,210.0,PA,0.0,0.0,0.0,0.95,3.1,0.0,0.0,46200.0
2005-10-10,2005-10-27,OPTSTK,IPCL,215.0,PA,0.0,0.0,0.0,22.9,4.5,0.0,0.0,0.0
2005-10-10,2005-10-27,OPTSTK,IPCL,220.0,PA,3.0,4.45,3.0,4.3,4.3,8.0,39.37,96800.0
2005-10-10,2005-10-27,OPTSTK,IPCL,225.0,PA,5.5,5.95,5.5,5.8,5.8,4.0,20.3,52800.0
2005-10-10,2005-10-27,OPTSTK,IPCL,230.0,PA,8.3,9.95,6.0,8.75,8.75,32.0,167.4,215600.0
2005-10-10,2005-10-27,OPTSTK,IPCL,235.0,PA,9.8,12.0,9.8,12.0,12.0,2.0,10.81,59400.0
2005-10-10,2005-10-27,OPTSTK,IPCL,240.0,PA,12.6,17.15,11.1,16.2,16.2,17.0,94.9,145200.0
2005-10-10,2005-10-27,OPTSTK,IPCL,245.0,PA,0.0,0.0,0.0,10.25,20.85,0.0,0.0,15400.0
2005-10-10,2005-10-27,OPTSTK,IPCL,250.0,PA,0.0,0.0,0.0,17.0,24.8,0.0,0.0,33000.0
2005-10-10,2005-10-27,OPTSTK,IPCL,255.0,PA,0.0,0.0,0.0,11.0,28.95,0.0,0.0,2200.0
2005-10-10,2005-10-27,OPTSTK,IPCL,260.0,PA,0.0,0.0,0.0,20.55,33.35,0.0,0.0,0.0
2005-10-10,2005-11-24,OPTSTK,IPCL,165.0,CA,0.0,0.0,0.0,22.1,64.15,0.0,0.0,0.0
2005-10-10,2005-11-24,OPTSTK,IPCL,170.0,CA,0.0,0.0,0.0,18.8,59.45,0.0,0.0,0.0
2005-10-10,2005-11-24,OPTSTK,IPCL,175.0,CA,0.0,0.0,0.0,15.9,54.8,0.0,0.0,0.0
2005-10-10,2005-11-24,OPTSTK,IPCL,180.0,CA,0.0,0.0,0.0,13.25,50.3,0.0,0.0,0.0
2005-10-10,2005-11-24,OPTSTK,IPCL,185.0,CA,0.0,0.0,0.0,10.95,45.9,0.0,0.0,0.0
2005-10-10,2005-11-24,OPTSTK,IPCL,190.0,CA,0.0,0.0,0.0,9.0,41.7,0.0,0.0,0.0
2005-10-10,2005-11-24,OPTSTK,IPCL,195.0,CA,0.0,0.0,0.0,7.3,37.65,0.0,0.0,0.0
2005-10-10,2005-11-24,OPTSTK,IPCL,200.0,CA,0.0,0.0,0.0,7.9,33.8,0.0,0.0,0.0
2005-10-10,2005-11-24,OPTSTK,IPCL,205.0,CA,0.0,0.0,0.0,7.25,30.2,0.0,0.0,0.0
2005-10-10,2005-11-24,OPTSTK,IPCL,210.0,CA,0.0,0.0,0.0,7.45,26.8,0.0,0.0,0.0
2005-10-10,2005-11-24,OPTSTK,IPCL,215.0,CA,0.0,0.0,0.0,5.9,23.65,0.0,0.0,0.0
2005-10-10,2005-11-24,OPTSTK,IPCL,220.0,CA,0.0,0.0,0.0,9.6,20.75,0.0,0.0,0.0
2005-10-10,2005-11-24,OPTSTK,IPCL,225.0,CA,0.0,0.0,0.0,7.85,18.15,0.0,0.0,0.0
2005-10-10,2005-11-24,OPTSTK,IPCL,230.0,CA,0.0,0.0,0.0,8.45,15.75,0.0,0.0,0.0
2005-10-10,2005-11-24,OPTSTK,IPCL,235.0,CA,0.0,0.0,0.0,11.3,13.6,0.0,0.0,0.0
2005-10-10,2005-11-24,OPTSTK,IPCL,240.0,CA,0.0,0.0,0.0,17.95,11.7,0.0,0.0,4400.0
2005-10-10,2005-11-24,OPTSTK,IPCL,245.0,CA,0.0,0.0,0.0,12.15,10.0,0.0,0.0,0.0
2005-10-10,2005-11-24,OPTSTK,IPCL,250.0,CA,0.0,0.0,0.0,10.0,8.5,0.0,0.0,2200.0
2005-10-10,2005-11-24,OPTSTK,IPCL,255.0,CA,0.0,0.0,0.0,16.8,7.2,0.0,0.0,0.0
2005-10-10,2005-11-24,OPTSTK,IPCL,260.0,CA,0.0,0.0,0.0,14.85,6.05,0.0,0.0,0.0
2005-10-10,2005-11-24,OPTSTK,IPCL,165.0,PA,0.0,0.0,0.0,4.95,0.45,0.0,0.0,0.0
2005-10-10,2005-11-24,OPTSTK,IPCL,170.0,PA,0.0,0.0,0.0,6.6,0.7,0.0,0.0,0.0
2005-10-10,2005-11-24,OPTSTK,IPCL,175.0,PA,0.0,0.0,0.0,8.6,1.0,0.0,0.0,0.0
2005-10-10,2005-11-24,OPTSTK,IPCL,180.0,PA,0.0,0.0,0.0,10.9,1.45,0.0,0.0,0.0
2005-10-10,2005-11-24,OPTSTK,IPCL,185.0,PA,0.0,0.0,0.0,13.55,2.05,0.0,0.0,0.0
2005-10-10,2005-11-24,OPTSTK,IPCL,190.0,PA,0.0,0.0,0.0,16.45,2.75,0.0,0.0,0.0
2005-10-10,2005-11-24,OPTSTK,IPCL,195.0,PA,0.0,0.0,0.0,19.7,3.7,0.0,0.0,0.0
2005-10-10,2005-11-24,OPTSTK,IPCL,200.0,PA,0.0,0.0,0.0,19.05,4.8,0.0,0.0,0.0
2005-10-10,2005-11-24,OPTSTK,IPCL,205.0,PA,0.0,0.0,0.0,20.15,6.15,0.0,0.0,0.0
2005-10-10,2005-11-24,OPTSTK,IPCL,210.0,PA,0.0,0.0,0.0,17.3,7.75,0.0,0.0,0.0
2005-10-10,2005-11-24,OPTSTK,IPCL,215.0,PA,0.0,0.0,0.0,20.7,9.55,0.0,0.0,0.0
2005-10-10,2005-11-24,OPTSTK,IPCL,220.0,PA,0.0,0.0,0.0,20.15,11.65,0.0,0.0,0.0
2005-10-10,2005-11-24,OPTSTK,IPCL,225.0,PA,0.0,0.0,0.0,22.5,13.95,0.0,0.0,0.0
2005-10-10,2005-11-24,OPTSTK,IPCL,230.0,PA,0.0,0.0,0.0,22.75,16.55,0.0,0.0,0.0
2005-10-10,2005-11-24,OPTSTK,IPCL,235.0,PA,0.0,0.0,0.0,22.0,19.35,0.0,0.0,0.0
2005-10-10,2005-11-24,OPTSTK,IPCL,240.0,PA,0.0,0.0,0.0,22.5,22.4,0.0,0.0,0.0
2005-10-10,2005-11-24,OPTSTK,IPCL,245.0,PA,0.0,0.0,0.0,26.85,25.65,0.0,0.0,0.0
2005-10-10,2005-11-24,OPTSTK,IPCL,250.0,PA,0.0,0.0,0.0,24.95,29.15,0.0,0.0,0.0
2005-10-10,2005-11-24,OPTSTK,IPCL,255.0,PA,0.0,0.0,0.0,22.85,32.8,0.0,0.0,0.0
2005-10-10,2005-11-24,OPTSTK,IPCL,260.0,PA,0.0,0.0,0.0,25.85,36.65,0.0,0.0,0.0
2005-10-10,2005-12-29,OPTSTK,IPCL,215.0,CA,0.0,0.0,0.0,30.65,29.3,0.0,0.0,0.0
2005-10-10,2005-12-29,OPTSTK,IPCL,220.0,CA,0.0,0.0,0.0,27.9,26.55,0.0,0.0,0.0
2005-10-10,2005-12-29,OPTSTK,IPCL,225.0,CA,0.0,0.0,0.0,25.35,24.05,0.0,0.0,0.0
2005-10-10,2005-12-29,OPTSTK,IPCL,230.0,CA,0.0,0.0,0.0,22.95,21.7,0.0,0.0,0.0
2005-10-10,2005-12-29,OPTSTK,IPCL,235.0,CA,0.0,0.0,0.0,20.75,19.55,0.0,0.0,0.0
2005-10-10,2005-12-29,OPTSTK,IPCL,240.0,CA,0.0,0.0,0.0,18.7,17.55,0.0,0.0,0.0
2005-10-10,2005-12-29,OPTSTK,IPCL,245.0,CA,0.0,0.0,0.0,16.85,15.7,0.0,0.0,0.0
2005-10-10,2005-12-29,OPTSTK,IPCL,250.0,CA,0.0,0.0,0.0,18.9,14.05,0.0,0.0,0.0
2005-10-10,2005-12-29,OPTSTK,IPCL,255.0,CA,0.0,0.0,0.0,23.1,12.55,0.0,0.0,0.0
2005-10-10,2005-12-29,OPTSTK,IPCL,260.0,CA,0.0,0.0,0.0,21.1,11.15,0.0,0.0,0.0
2005-10-10,2005-12-29,OPTSTK,IPCL,215.0,PA,0.0,0.0,0.0,13.95,13.95,0.0,0.0,0.0
2005-10-10,2005-12-29,OPTSTK,IPCL,220.0,PA,0.0,0.0,0.0,16.15,16.2,0.0,0.0,0.0
2005-10-10,2005-12-29,OPTSTK,IPCL,225.0,PA,0.0,0.0,0.0,18.5,18.6,0.0,0.0,0.0
2005-10-10,2005-12-29,OPTSTK,IPCL,230.0,PA,0.0,0.0,0.0,21.05,21.2,0.0,0.0,0.0
2005-10-10,2005-12-29,OPTSTK,IPCL,235.0,PA,0.0,0.0,0.0,23.8,23.95,0.0,0.0,0.0
2005-10-10,2005-12-29,OPTSTK,IPCL,240.0,PA,0.0,0.0,0.0,26.65,26.9,0.0,0.0,0.0
2005-10-10,2005-12-29,OPTSTK,IPCL,245.0,PA,0.0,0.0,0.0,29.75,30.0,0.0,0.0,0.0
2005-10-10,2005-12-29,OPTSTK,IPCL,250.0,PA,0.0,0.0,0.0,29.1,33.25,0.0,0.0,0.0
2005-10-10,2005-12-29,OPTSTK,IPCL,255.0,PA,0.0,0.0,0.0,27.7,36.7,0.0,0.0,0.0
2005-10-10,2005-12-29,OPTSTK,IPCL,260.0,PA,0.0,0.0,0.0,30.6,40.25,0.0,0.0,0.0
2005-10-10,2005-10-27,OPTSTK,ITC,104.0,CA,0.0,0.0,0.0,158.1,25.15,0.0,0.0,0.0
2005-10-10,2005-10-27,OPTSTK,ITC,106.0,CA,0.0,0.0,0.0,154.65,23.2,0.0,0.0,0.0
2005-10-10,2005-10-27,OPTSTK,ITC,108.0,CA,0.0,0.0,0.0,135.15,21.25,0.0,0.0,0.0
2005-10-10,2005-10-27,OPTSTK,ITC,110.0,CA,0.0,0.0,0.0,117.2,19.35,0.0,0.0,0.0
2005-10-10,2005-10-27,OPTSTK,ITC,112.0,CA,0.0,0.0,0.0,100.85,17.45,0.0,0.0,0.0
2005-10-10,2005-10-27,OPTSTK,ITC,114.0,CA,0.0,0.0,0.0,86.15,15.65,0.0,0.0,0.0
2005-10-10,2005-10-27,OPTSTK,ITC,115.0,CA,0.0,0.0,0.0,17.6,14.75,0.0,0.0,0.0
2005-10-10,2005-10-27,OPTSTK,ITC,116.0,CA,0.0,0.0,0.0,17.0,13.9,0.0,0.0,2250.0
2005-10-10,2005-10-27,OPTSTK,ITC,118.0,CA,0.0,0.0,0.0,61.4,12.25,0.0,0.0,0.0
2005-10-10,2005-10-27,OPTSTK,ITC,120.0,CA,0.0,0.0,0.0,67.8,10.65,0.0,0.0,0.0
2005-10-10,2005-10-27,OPTSTK,ITC,122.0,CA,0.0,0.0,0.0,62.15,9.2,0.0,0.0,0.0
2005-10-10,2005-10-27,OPTSTK,ITC,124.0,CA,0.0,0.0,0.0,17.0,7.85,0.0,0.0,13500.0
2005-10-10,2005-10-27,OPTSTK,ITC,125.0,CA,6.15,8.0,5.05,6.3,6.3,59.0,175.12,146250.0
2005-10-10,2005-10-27,OPTSTK,ITC,126.0,CA,6.3,6.3,6.3,6.3,6.3,1.0,2.97,9000.0
2005-10-10,2005-10-27,OPTSTK,ITC,128.0,CA,5.6,6.6,5.6,6.0,6.0,10.0,30.22,38250.0
2005-10-10,2005-10-27,OPTSTK,ITC,130.0,CA,4.75,5.4,3.8,4.35,4.35,281.0,851.08,1383750.0
2005-10-10,2005-10-27,OPTSTK,ITC,132.0,CA,3.95,5.0,3.8,3.8,3.8,6.0,18.39,40500.0
2005-10-10,2005-10-27,OPTSTK,ITC,134.0,CA,2.8,2.8,2.8,2.8,2.8,1.0,3.07,29250.0
2005-10-10,2005-10-27,OPTSTK,ITC,135.0,CA,2.75,3.55,2.1,2.6,2.6,100.0,309.88,731250.0
2005-10-10,2005-10-27,OPTSTK,ITC,136.0,CA,2.25,3.2,2.2,2.65,2.65,13.0,40.52,274500.0
2005-10-10,2005-10-27,OPTSTK,ITC,140.0,CA,2.1,2.15,1.6,1.75,1.75,593.0,1893.81,2495250.0
2005-10-10,2005-10-27,OPTSTK,ITC,145.0,CA,1.35,1.5,1.1,1.2,1.2,15.0,49.37,585000.0
2005-10-10,2005-10-27,OPTSTK,ITC,150.0,CA,1.0,1.15,0.75,0.85,0.85,23.0,78.11,652500.0
2005-10-10,2005-10-27,OPTSTK,ITC,155.0,CA,0.7,0.9,0.6,0.6,0.6,6.0,21.02,303750.0
2005-10-10,2005-10-27,OPTSTK,ITC,160.0,CA,0.7,0.7,0.7,0.7,0.7,1.0,3.61,130500.0
2005-10-10,2005-10-27,OPTSTK,ITC,104.0,PA,0.0,0.0,0.0,33.3,0.05,0.0,0.0,0.0
2005-10-10,2005-10-27,OPTSTK,ITC,106.0,PA,0.0,0.0,0.0,38.35,0.1,0.0,0.0,0.0
2005-10-10,2005-10-27,OPTSTK,ITC,108.0,PA,0.0,0.0,0.0,48.35,0.15,0.0,0.0,0.0
2005-10-10,2005-10-27,OPTSTK,ITC,110.0,PA,0.0,0.0,0.0,60.0,0.25,0.0,0.0,0.0
2005-10-10,2005-10-27,OPTSTK,ITC,112.0,PA,0.0,0.0,0.0,0.5,0.35,0.0,0.0,2250.0
2005-10-10,2005-10-27,OPTSTK,ITC,114.0,PA,0.0,0.0,0.0,88.05,0.55,0.0,0.0,0.0
2005-10-10,2005-10-27,OPTSTK,ITC,115.0,PA,0.0,0.0,0.0,0.75,0.65,0.0,0.0,0.0
2005-10-10,2005-10-27,OPTSTK,ITC,116.0,PA,0.0,0.0,0.0,104.5,0.8,0.0,0.0,0.0
2005-10-10,2005-10-27,OPTSTK,ITC,118.0,PA,0.0,0.0,0.0,122.45,1.1,0.0,0.0,0.0
2005-10-10,2005-10-27,OPTSTK,ITC,120.0,PA,2.4,2.4,1.0,1.2,1.2,8.0,21.86,36000.0
2005-10-10,2005-10-27,OPTSTK,ITC,122.0,PA,0.0,0.0,0.0,130.95,2.05,0.0,0.0,0.0
2005-10-10,2005-10-27,OPTSTK,ITC,124.0,PA,0.0,0.0,0.0,1.9,2.7,0.0,0.0,2250.0
2005-10-10,2005-10-27,OPTSTK,ITC,125.0,PA,3.1,3.1,2.1,3.0,3.0,17.0,48.85,76500.0
2005-10-10,2005-10-27,OPTSTK,ITC,126.0,PA,0.0,0.0,0.0,2.0,3.5,0.0,0.0,6750.0
2005-10-10,2005-10-27,OPTSTK,ITC,128.0,PA,3.5,3.5,3.5,3.5,3.5,1.0,2.95,24750.0
2005-10-10,2005-10-27,OPTSTK,ITC,130.0,PA,5.6,5.6,4.15,5.0,5.0,86.0,260.84,371250.0
2005-10-10,2005-10-27,OPTSTK,ITC,132.0,PA,0.0,0.0,0.0,10.25,6.55,0.0,0.0,0.0
2005-10-10,2005-10-27,OPTSTK,ITC,134.0,PA,0.0,0.0,0.0,106.65,7.85,0.0,0.0,0.0
2005-10-10,2005-10-27,OPTSTK,ITC,135.0,PA,0.0,0.0,0.0,9.0,8.5,0.0,0.0,13500.0
2005-10-10,2005-10-27,OPTSTK,ITC,136.0,PA,0.0,0.0,0.0,7.0,9.2,0.0,0.0,6750.0
2005-10-10,2005-10-27,OPTSTK,ITC,140.0,PA,12.5,12.5,12.5,12.5,12.5,1.0,3.43,38250.0
2005-10-10,2005-10-27,OPTSTK,ITC,145.0,PA,0.0,0.0,0.0,10.85,16.55,0.0,0.0,0.0
2005-10-10,2005-10-27,OPTSTK,ITC,150.0,PA,0.0,0.0,0.0,14.05,21.15,0.0,0.0,0.0
2005-10-10,2005-10-27,OPTSTK,ITC,155.0,PA,0.0,0.0,0.0,17.6,25.95,0.0,0.0,0.0
2005-10-10,2005-10-27,OPTSTK,ITC,160.0,PA,0.0,0.0,0.0,19.0,30.85,0.0,0.0,0.0
2005-10-10,2005-11-24,OPTSTK,ITC,108.0,CA,0.0,0.0,0.0,142.8,22.7,0.0,0.0,0.0
2005-10-10,2005-11-24,OPTSTK,ITC,110.0,CA,0.0,0.0,0.0,122.6,21.0,0.0,0.0,0.0
2005-10-10,2005-11-24,OPTSTK,ITC,112.0,CA,0.0,0.0,0.0,104.2,19.4,0.0,0.0,0.0
2005-10-10,2005-11-24,OPTSTK,ITC,114.0,CA,0.0,0.0,0.0,87.7,17.8,0.0,0.0,0.0
2005-10-10,2005-11-24,OPTSTK,ITC,115.0,CA,0.0,0.0,0.0,19.75,17.05,0.0,0.0,0.0
2005-10-10,2005-11-24,OPTSTK,ITC,116.0,CA,0.0,0.0,0.0,73.0,16.3,0.0,0.0,0.0
2005-10-10,2005-11-24,OPTSTK,ITC,118.0,CA,0.0,0.0,0.0,60.15,14.9,0.0,0.0,0.0
2005-10-10,2005-11-24,OPTSTK,ITC,120.0,CA,0.0,0.0,0.0,49.0,13.5,0.0,0.0,0.0
2005-10-10,2005-11-24,OPTSTK,ITC,122.0,CA,0.0,0.0,0.0,41.2,12.25,0.0,0.0,0.0
2005-10-10,2005-11-24,OPTSTK,ITC,124.0,CA,0.0,0.0,0.0,65.0,11.05,0.0,0.0,0.0
2005-10-10,2005-11-24,OPTSTK,ITC,125.0,CA,0.0,0.0,0.0,21.0,10.45,0.0,0.0,0.0
2005-10-10,2005-11-24,OPTSTK,ITC,126.0,CA,0.0,0.0,0.0,54.0,9.9,0.0,0.0,0.0
2005-10-10,2005-11-24,OPTSTK,ITC,128.0,CA,0.0,0.0,0.0,59.45,8.9,0.0,0.0,0.0
2005-10-10,2005-11-24,OPTSTK,ITC,130.0,CA,0.0,0.0,0.0,62.15,7.9,0.0,0.0,0.0
2005-10-10,2005-11-24,OPTSTK,ITC,132.0,CA,0.0,0.0,0.0,61.0,7.05,0.0,0.0,0.0
2005-10-10,2005-11-24,OPTSTK,ITC,134.0,CA,0.0,0.0,0.0,75.65,6.25,0.0,0.0,0.0
2005-10-10,2005-11-24,OPTSTK,ITC,135.0,CA,0.0,0.0,0.0,14.8,5.85,0.0,0.0,0.0
2005-10-10,2005-11-24,OPTSTK,ITC,136.0,CA,0.0,0.0,0.0,64.55,5.5,0.0,0.0,0.0
2005-10-10,2005-11-24,OPTSTK,ITC,140.0,CA,3.95,3.95,3.95,3.95,3.95,1.0,3.23,6750.0
2005-10-10,2005-11-24,OPTSTK,ITC,145.0,CA,0.0,0.0,0.0,10.0,3.0,0.0,0.0,0.0
2005-10-10,2005-11-24,OPTSTK,ITC,150.0,CA,0.0,0.0,0.0,8.1,2.1,0.0,0.0,0.0
2005-10-10,2005-11-24,OPTSTK,ITC,155.0,CA,0.0,0.0,0.0,6.5,1.4,0.0,0.0,0.0
2005-10-10,2005-11-24,OPTSTK,ITC,160.0,CA,0.0,0.0,0.0,5.9,0.95,0.0,0.0,0.0
2005-10-10,2005-11-24,OPTSTK,ITC,108.0,PA,0.0,0.0,0.0,30.45,1.1,0.0,0.0,0.0
2005-10-10,2005-11-24,OPTSTK,ITC,110.0,PA,0.0,0.0,0.0,39.8,1.4,0.0,0.0,0.0
2005-10-10,2005-11-24,OPTSTK,ITC,112.0,PA,0.0,0.0,0.0,50.95,1.75,0.0,0.0,0.0
2005-10-10,2005-11-24,OPTSTK,ITC,114.0,PA,0.0,0.0,0.0,64.0,2.15,0.0,0.0,0.0
2005-10-10,2005-11-24,OPTSTK,ITC,115.0,PA,0.0,0.0,0.0,2.3,2.4,0.0,0.0,0.0
2005-10-10,2005-11-24,OPTSTK,ITC,116.0,PA,0.0,0.0,0.0,78.85,2.65,0.0,0.0,0.0
2005-10-10,2005-11-24,OPTSTK,ITC,118.0,PA,0.0,0.0,0.0,95.55,3.2,0.0,0.0,0.0
2005-10-10,2005-11-24,OPTSTK,ITC,120.0,PA,0.0,0.0,0.0,114.0,3.85,0.0,0.0,0.0
2005-10-10,2005-11-24,OPTSTK,ITC,122.0,PA,0.0,0.0,0.0,114.3,4.55,0.0,0.0,0.0
2005-10-10,2005-11-24,OPTSTK,ITC,124.0,PA,0.0,0.0,0.0,108.2,5.3,0.0,0.0,0.0
2005-10-10,2005-11-24,OPTSTK,ITC,125.0,PA,0.0,0.0,0.0,4.45,5.75,0.0,0.0,0.0
2005-10-10,2005-11-24,OPTSTK,ITC,126.0,PA,0.0,0.0,0.0,126.8,6.2,0.0,0.0,0.0
2005-10-10,2005-11-24,OPTSTK,ITC,128.0,PA,0.0,0.0,0.0,127.5,7.15,0.0,0.0,0.0
2005-10-10,2005-11-24,OPTSTK,ITC,130.0,PA,0.0,0.0,0.0,119.15,8.15,0.0,0.0,0.0
2005-10-10,2005-11-24,OPTSTK,ITC,132.0,PA,0.0,0.0,0.0,122.45,9.25,0.0,0.0,0.0
2005-10-10,2005-11-24,OPTSTK,ITC,134.0,PA,0.0,0.0,0.0,123.85,10.45,0.0,0.0,0.0
2005-10-10,2005-11-24,OPTSTK,ITC,135.0,PA,0.0,0.0,0.0,8.2,11.05,0.0,0.0,0.0
2005-10-10,2005-11-24,OPTSTK,ITC,136.0,PA,0.0,0.0,0.0,142.4,11.7,0.0,0.0,0.0
2005-10-10,2005-11-24,OPTSTK,ITC,140.0,PA,0.0,0.0,0.0,10.55,14.4,0.0,0.0,0.0
2005-10-10,2005-11-24,OPTSTK,ITC,145.0,PA,0.0,0.0,0.0,13.3,18.15,0.0,0.0,0.0
2005-10-10,2005-11-24,OPTSTK,ITC,150.0,PA,0.0,0.0,0.0,16.35,22.15,0.0,0.0,0.0
2005-10-10,2005-11-24,OPTSTK,ITC,155.0,PA,0.0,0.0,0.0,19.7,26.45,0.0,0.0,0.0
2005-10-10,2005-11-24,OPTSTK,ITC,160.0,PA,0.0,0.0,0.0,21.2,30.95,0.0,0.0,0.0
2005-10-10,2005-12-29,OPTSTK,ITC,110.0,CA,0.0,0.0,0.0,21.4,23.1,0.0,0.0,0.0
2005-10-10,2005-12-29,OPTSTK,ITC,115.0,CA,0.0,0.0,0.0,22.1,19.5,0.0,0.0,0.0
2005-10-10,2005-12-29,OPTSTK,ITC,120.0,CA,0.0,0.0,0.0,23.0,16.25,0.0,0.0,0.0
2005-10-10,2005-12-29,OPTSTK,ITC,125.0,CA,0.0,0.0,0.0,21.15,13.4,0.0,0.0,0.0
2005-10-10,2005-12-29,OPTSTK,ITC,130.0,CA,0.0,0.0,0.0,18.1,10.9,0.0,0.0,0.0
2005-10-10,2005-12-29,OPTSTK,ITC,135.0,CA,0.0,0.0,0.0,15.4,8.8,0.0,0.0,0.0
2005-10-10,2005-12-29,OPTSTK,ITC,140.0,CA,0.0,0.0,0.0,12.95,7.0,0.0,0.0,0.0
2005-10-10,2005-12-29,OPTSTK,ITC,145.0,CA,0.0,0.0,0.0,10.85,5.55,0.0,0.0,0.0
2005-10-10,2005-12-29,OPTSTK,ITC,150.0,CA,0.0,0.0,0.0,9.0,4.35,0.0,0.0,0.0
2005-10-10,2005-12-29,OPTSTK,ITC,155.0,CA,0.0,0.0,0.0,7.45,3.35,0.0,0.0,0.0
2005-10-10,2005-12-29,OPTSTK,ITC,110.0,PA,0.0,0.0,0.0,3.55,2.85,0.0,0.0,0.0
2005-10-10,2005-12-29,OPTSTK,ITC,115.0,PA,0.0,0.0,0.0,4.0,4.2,0.0,0.0,0.0
2005-10-10,2005-12-29,OPTSTK,ITC,120.0,PA,0.0,0.0,0.0,4.45,5.9,0.0,0.0,0.0
2005-10-10,2005-12-29,OPTSTK,ITC,125.0,PA,0.0,0.0,0.0,5.9,7.95,0.0,0.0,0.0
2005-10-10,2005-12-29,OPTSTK,ITC,130.0,PA,0.0,0.0,0.0,7.8,10.4,0.0,0.0,0.0
2005-10-10,2005-12-29,OPTSTK,ITC,135.0,PA,0.0,0.0,0.0,10.0,13.25,0.0,0.0,0.0
2005-10-10,2005-12-29,OPTSTK,ITC,140.0,PA,0.0,0.0,0.0,12.5,16.4,0.0,0.0,0.0
2005-10-10,2005-12-29,OPTSTK,ITC,145.0,PA,0.0,0.0,0.0,15.3,19.85,0.0,0.0,0.0
2005-10-10,2005-12-29,OPTSTK,ITC,150.0,PA,0.0,0.0,0.0,18.4,23.55,0.0,0.0,0.0
2005-10-10,2005-12-29,OPTSTK,ITC,155.0,PA,0.0,0.0,0.0,21.75,27.55,0.0,0.0,0.0
2005-10-10,2005-10-27,OPTSTK,IVRCLINFRA,560.0,CA,0.0,0.0,0.0,90.85,230.7,0.0,0.0,0.0
2005-10-10,2005-10-27,OPTSTK,IVRCLINFRA,580.0,CA,0.0,0.0,0.0,78.0,210.75,0.0,0.0,0.0
2005-10-10,2005-10-27,OPTSTK,IVRCLINFRA,600.0,CA,0.0,0.0,0.0,66.45,190.8,0.0,0.0,0.0
2005-10-10,2005-10-27,OPTSTK,IVRCLINFRA,620.0,CA,0.0,0.0,0.0,56.15,170.9,0.0,0.0,0.0
2005-10-10,2005-10-27,OPTSTK,IVRCLINFRA,640.0,CA,0.0,0.0,0.0,47.1,150.95,0.0,0.0,0.0
2005-10-10,2005-10-27,OPTSTK,IVRCLINFRA,660.0,CA,0.0,0.0,0.0,39.2,131.05,0.0,0.0,0.0
2005-10-10,2005-10-27,OPTSTK,IVRCLINFRA,680.0,CA,0.0,0.0,0.0,32.35,111.35,0.0,0.0,0.0
2005-10-10,2005-10-27,OPTSTK,IVRCLINFRA,700.0,CA,0.0,0.0,0.0,33.7,92.0,0.0,0.0,0.0
2005-10-10,2005-10-27,OPTSTK,IVRCLINFRA,720.0,CA,0.0,0.0,0.0,39.95,73.4,0.0,0.0,0.0
2005-10-10,2005-10-27,OPTSTK,IVRCLINFRA,740.0,CA,0.0,0.0,0.0,37.75,56.2,0.0,0.0,0.0
2005-10-10,2005-10-27,OPTSTK,IVRCLINFRA,760.0,CA,0.0,0.0,0.0,40.1,41.0,0.0,0.0,0.0
2005-10-10,2005-10-27,OPTSTK,IVRCLINFRA,780.0,CA,0.0,0.0,0.0,66.75,28.3,0.0,0.0,0.0
2005-10-10,2005-10-27,OPTSTK,IVRCLINFRA,800.0,CA,0.0,0.0,0.0,58.95,18.4,0.0,0.0,0.0
2005-10-10,2005-10-27,OPTSTK,IVRCLINFRA,820.0,CA,0.0,0.0,0.0,51.85,11.25,0.0,0.0,0.0
2005-10-10,2005-10-27,OPTSTK,IVRCLINFRA,840.0,CA,0.0,0.0,0.0,68.2,6.5,0.0,0.0,0.0
2005-10-10,2005-10-27,OPTSTK,IVRCLINFRA,860.0,CA,0.0,0.0,0.0,60.95,3.5,0.0,0.0,0.0
2005-10-10,2005-10-27,OPTSTK,IVRCLINFRA,880.0,CA,0.0,0.0,0.0,54.8,1.75,0.0,0.0,0.0
2005-10-10,2005-10-27,OPTSTK,IVRCLINFRA,900.0,CA,0.0,0.0,0.0,51.6,0.85,0.0,0.0,0.0
2005-10-10,2005-10-27,OPTSTK,IVRCLINFRA,560.0,PA,0.0,0.0,0.0,21.35,0.0,0.0,0.0,0.0
2005-10-10,2005-10-27,OPTSTK,IVRCLINFRA,580.0,PA,0.0,0.0,0.0,28.2,0.0,0.0,0.0,0.0
2005-10-10,2005-10-27,OPTSTK,IVRCLINFRA,600.0,PA,0.0,0.0,0.0,36.35,0.0,0.0,0.0,0.0
2005-10-10,2005-10-27,OPTSTK,IVRCLINFRA,620.0,PA,0.0,0.0,0.0,45.75,0.0,0.0,0.0,0.0
2005-10-10,2005-10-27,OPTSTK,IVRCLINFRA,640.0,PA,0.0,0.0,0.0,56.4,0.05,0.0,0.0,0.0
2005-10-10,2005-10-27,OPTSTK,IVRCLINFRA,660.0,PA,0.0,0.0,0.0,68.2,0.1,0.0,0.0,0.0
2005-10-10,2005-10-27,OPTSTK,IVRCLINFRA,680.0,PA,0.0,0.0,0.0,81.05,0.35,0.0,0.0,0.0
2005-10-10,2005-10-27,OPTSTK,IVRCLINFRA,700.0,PA,0.0,0.0,0.0,82.05,0.95,0.0,0.0,0.0
2005-10-10,2005-10-27,OPTSTK,IVRCLINFRA,720.0,PA,0.0,0.0,0.0,83.35,2.3,0.0,0.0,0.0
2005-10-10,2005-10-27,OPTSTK,IVRCLINFRA,740.0,PA,0.0,0.0,0.0,88.1,5.05,0.0,0.0,0.0
2005-10-10,2005-10-27,OPTSTK,IVRCLINFRA,760.0,PA,0.0,0.0,0.0,87.5,9.75,0.0,0.0,0.0
2005-10-10,2005-10-27,OPTSTK,IVRCLINFRA,780.0,PA,0.0,0.0,0.0,83.3,17.05,0.0,0.0,0.0
2005-10-10,2005-10-27,OPTSTK,IVRCLINFRA,800.0,PA,0.0,0.0,0.0,95.25,27.1,0.0,0.0,0.0
2005-10-10,2005-10-27,OPTSTK,IVRCLINFRA,820.0,PA,0.0,0.0,0.0,107.95,39.9,0.0,0.0,0.0
2005-10-10,2005-10-27,OPTSTK,IVRCLINFRA,840.0,PA,0.0,0.0,0.0,103.05,55.05,0.0,0.0,0.0
2005-10-10,2005-10-27,OPTSTK,IVRCLINFRA,860.0,PA,0.0,0.0,0.0,115.55,72.0,0.0,0.0,0.0
2005-10-10,2005-10-27,OPTSTK,IVRCLINFRA,880.0,PA,0.0,0.0,0.0,111.45,90.25,0.0,0.0,0.0
2005-10-10,2005-10-27,OPTSTK,IVRCLINFRA,900.0,PA,0.0,0.0,0.0,110.05,109.25,0.0,0.0,0.0
2005-10-10,2005-11-24,OPTSTK,IVRCLINFRA,720.0,CA,0.0,0.0,0.0,93.5,84.0,0.0,0.0,0.0
2005-10-10,2005-11-24,OPTSTK,IVRCLINFRA,740.0,CA,0.0,0.0,0.0,80.6,69.1,0.0,0.0,0.0
2005-10-10,2005-11-24,OPTSTK,IVRCLINFRA,760.0,CA,0.0,0.0,0.0,121.45,55.7,0.0,0.0,0.0
2005-10-10,2005-11-24,OPTSTK,IVRCLINFRA,780.0,CA,0.0,0.0,0.0,110.7,44.05,0.0,0.0,0.0
2005-10-10,2005-11-24,OPTSTK,IVRCLINFRA,800.0,CA,0.0,0.0,0.0,100.7,34.1,0.0,0.0,0.0
2005-10-10,2005-11-24,OPTSTK,IVRCLINFRA,820.0,CA,0.0,0.0,0.0,91.4,25.9,0.0,0.0,0.0
2005-10-10,2005-11-24,OPTSTK,IVRCLINFRA,840.0,CA,0.0,0.0,0.0,82.8,19.25,0.0,0.0,0.0
2005-10-10,2005-11-24,OPTSTK,IVRCLINFRA,860.0,CA,0.0,0.0,0.0,74.85,14.1,0.0,0.0,0.0
2005-10-10,2005-11-24,OPTSTK,IVRCLINFRA,880.0,CA,0.0,0.0,0.0,67.55,10.05,0.0,0.0,0.0
2005-10-10,2005-11-24,OPTSTK,IVRCLINFRA,900.0,CA,0.0,0.0,0.0,68.2,7.05,0.0,0.0,0.0
2005-10-10,2005-11-24,OPTSTK,IVRCLINFRA,720.0,PA,0.0,0.0,0.0,23.05,9.4,0.0,0.0,0.0
2005-10-10,2005-11-24,OPTSTK,IVRCLINFRA,740.0,PA,0.0,0.0,0.0,29.95,14.35,0.0,0.0,0.0
2005-10-10,2005-11-24,OPTSTK,IVRCLINFRA,760.0,PA,0.0,0.0,0.0,57.3,20.8,0.0,0.0,0.0
2005-10-10,2005-11-24,OPTSTK,IVRCLINFRA,780.0,PA,0.0,0.0,0.0,66.3,29.0,0.0,0.0,0.0
2005-10-10,2005-11-24,OPTSTK,IVRCLINFRA,800.0,PA,0.0,0.0,0.0,76.0,38.95,0.0,0.0,0.0
2005-10-10,2005-11-24,OPTSTK,IVRCLINFRA,820.0,PA,0.0,0.0,0.0,86.4,50.6,0.0,0.0,0.0
2005-10-10,2005-11-24,OPTSTK,IVRCLINFRA,840.0,PA,0.0,0.0,0.0,97.5,63.8,0.0,0.0,0.0
2005-10-10,2005-11-24,OPTSTK,IVRCLINFRA,860.0,PA,0.0,0.0,0.0,109.25,78.5,0.0,0.0,0.0
2005-10-10,2005-11-24,OPTSTK,IVRCLINFRA,880.0,PA,0.0,0.0,0.0,121.65,94.3,0.0,0.0,0.0
2005-10-10,2005-11-24,OPTSTK,IVRCLINFRA,900.0,PA,0.0,0.0,0.0,122.6,111.15,0.0,0.0,0.0
2005-10-10,2005-12-29,OPTSTK,IVRCLINFRA,720.0,CA,0.0,0.0,0.0,0.0,0.0,0.0,0.0,0.0
2005-10-10,2005-12-29,OPTSTK,IVRCLINFRA,740.0,CA,0.0,0.0,0.0,94.45,81.9,0.0,0.0,0.0
2005-10-10,2005-12-29,OPTSTK,IVRCLINFRA,760.0,CA,0.0,0.0,0.0,102.25,69.45,0.0,0.0,0.0
2005-10-10,2005-12-29,OPTSTK,IVRCLINFRA,780.0,CA,0.0,0.0,0.0,89.95,58.25,0.0,0.0,0.0
2005-10-10,2005-12-29,OPTSTK,IVRCLINFRA,800.0,CA,0.0,0.0,0.0,78.7,48.35,0.0,0.0,0.0
2005-10-10,2005-12-29,OPTSTK,IVRCLINFRA,820.0,CA,0.0,0.0,0.0,68.45,39.75,0.0,0.0,0.0
2005-10-10,2005-12-29,OPTSTK,IVRCLINFRA,840.0,CA,0.0,0.0,0.0,59.2,32.3,0.0,0.0,0.0
2005-10-10,2005-12-29,OPTSTK,IVRCLINFRA,860.0,CA,0.0,0.0,0.0,50.95,26.05,0.0,0.0,0.0
2005-10-10,2005-12-29,OPTSTK,IVRCLINFRA,880.0,CA,0.0,0.0,0.0,43.6,20.8,0.0,0.0,0.0
2005-10-10,2005-12-29,OPTSTK,IVRCLINFRA,720.0,PA,0.0,0.0,0.0,0.0,0.0,0.0,0.0,0.0
2005-10-10,2005-12-29,OPTSTK,IVRCLINFRA,740.0,PA,0.0,0.0,0.0,22.6,22.95,0.0,0.0,0.0
2005-10-10,2005-12-29,OPTSTK,IVRCLINFRA,760.0,PA,0.0,0.0,0.0,30.6,30.2,0.0,0.0,0.0
2005-10-10,2005-12-29,OPTSTK,IVRCLINFRA,780.0,PA,0.0,0.0,0.0,38.0,38.75,0.0,0.0,0.0
2005-10-10,2005-12-29,OPTSTK,IVRCLINFRA,800.0,PA,0.0,0.0,0.0,46.45,48.6,0.0,0.0,0.0
2005-10-10,2005-12-29,OPTSTK,IVRCLINFRA,820.0,PA,0.0,0.0,0.0,55.9,59.75,0.0,0.0,0.0
2005-10-10,2005-12-29,OPTSTK,IVRCLINFRA,840.0,PA,0.0,0.0,0.0,66.4,72.05,0.0,0.0,0.0
2005-10-10,2005-12-29,OPTSTK,IVRCLINFRA,860.0,PA,0.0,0.0,0.0,77.8,85.5,0.0,0.0,0.0
2005-10-10,2005-12-29,OPTSTK,IVRCLINFRA,880.0,PA,0.0,0.0,0.0,90.2,100.05,0.0,0.0,0.0
2005-10-10,2005-10-27,OPTSTK,J&KBANK,390.0,CA,0.0,0.0,0.0,51.1,69.6,0.0,0.0,0.0
2005-10-10,2005-10-27,OPTSTK,J&KBANK,400.0,CA,0.0,0.0,0.0,44.7,60.15,0.0,0.0,0.0
2005-10-10,2005-10-27,OPTSTK,J&KBANK,410.0,CA,0.0,0.0,0.0,47.1,51.1,0.0,0.0,0.0
2005-10-10,2005-10-27,OPTSTK,J&KBANK,420.0,CA,0.0,0.0,0.0,58.5,42.55,0.0,0.0,0.0
2005-10-10,2005-10-27,OPTSTK,J&KBANK,430.0,CA,0.0,0.0,0.0,52.75,34.65,0.0,0.0,0.0
2005-10-10,2005-10-27,OPTSTK,J&KBANK,440.0,CA,0.0,0.0,0.0,47.45,27.6,0.0,0.0,0.0
2005-10-10,2005-10-27,OPTSTK,J&KBANK,450.0,CA,0.0,0.0,0.0,42.5,21.4,0.0,0.0,0.0
2005-10-10,2005-10-27,OPTSTK,J&KBANK,460.0,CA,0.0,0.0,0.0,37.95,16.2,0.0,0.0,0.0
2005-10-10,2005-10-27,OPTSTK,J&KBANK,470.0,CA,0.0,0.0,0.0,33.8,11.95,0.0,0.0,0.0
2005-10-10,2005-10-27,OPTSTK,J&KBANK,480.0,CA,0.0,0.0,0.0,30.0,8.6,0.0,0.0,0.0
2005-10-10,2005-10-27,OPTSTK,J&KBANK,490.0,CA,0.0,0.0,0.0,42.55,6.0,0.0,0.0,0.0
2005-10-10,2005-10-27,OPTSTK,J&KBANK,500.0,CA,0.0,0.0,0.0,38.45,4.1,0.0,0.0,0.0
2005-10-10,2005-10-27,OPTSTK,J&KBANK,510.0,CA,0.0,0.0,0.0,34.65,2.7,0.0,0.0,0.0
2005-10-10,2005-10-27,OPTSTK,J&KBANK,520.0,CA,0.0,0.0,0.0,33.2,1.75,0.0,0.0,0.0
2005-10-10,2005-10-27,OPTSTK,J&KBANK,390.0,PA,0.0,0.0,0.0,12.8,0.55,0.0,0.0,0.0
2005-10-10,2005-10-27,OPTSTK,J&KBANK,400.0,PA,0.0,0.0,0.0,16.25,1.1,0.0,0.0,0.0
2005-10-10,2005-10-27,OPTSTK,J&KBANK,410.0,PA,0.0,0.0,0.0,15.05,2.0,0.0,0.0,0.0
2005-10-10,2005-10-27,OPTSTK,J&KBANK,420.0,PA,0.0,0.0,0.0,22.75,3.45,0.0,0.0,0.0
2005-10-10,2005-10-27,OPTSTK,J&KBANK,430.0,PA,0.0,0.0,0.0,26.9,5.55,0.0,0.0,0.0
2005-10-10,2005-10-27,OPTSTK,J&KBANK,440.0,PA,0.0,0.0,0.0,31.4,8.45,0.0,0.0,0.0
2005-10-10,2005-10-27,OPTSTK,J&KBANK,450.0,PA,0.0,0.0,0.0,36.3,12.25,0.0,0.0,0.0
2005-10-10,2005-10-27,OPTSTK,J&KBANK,460.0,PA,0.0,0.0,0.0,41.6,17.0,0.0,0.0,0.0
2005-10-10,2005-10-27,OPTSTK,J&KBANK,470.0,PA,0.0,0.0,0.0,47.3,22.75,0.0,0.0,0.0
2005-10-10,2005-10-27,OPTSTK,J&KBANK,480.0,PA,0.0,0.0,0.0,53.35,29.35,0.0,0.0,0.0
2005-10-10,2005-10-27,OPTSTK,J&KBANK,490.0,PA,0.0,0.0,0.0,48.05,36.75,0.0,0.0,0.0
2005-10-10,2005-10-27,OPTSTK,J&KBANK,500.0,PA,0.0,0.0,0.0,53.8,44.8,0.0,0.0,0.0
2005-10-10,2005-10-27,OPTSTK,J&KBANK,510.0,PA,0.0,0.0,0.0,59.85,53.4,0.0,0.0,0.0
2005-10-10,2005-10-27,OPTSTK,J&KBANK,520.0,PA,0.0,0.0,0.0,61.05,62.4,0.0,0.0,0.0
2005-10-10,2005-11-24,OPTSTK,J&KBANK,390.0,CA,0.0,0.0,0.0,55.7,74.85,0.0,0.0,0.0
2005-10-10,2005-11-24,OPTSTK,J&KBANK,400.0,CA,0.0,0.0,0.0,49.55,66.55,0.0,0.0,0.0
2005-10-10,2005-11-24,OPTSTK,J&KBANK,410.0,CA,0.0,0.0,0.0,43.8,58.7,0.0,0.0,0.0
2005-10-10,2005-11-24,OPTSTK,J&KBANK,420.0,CA,0.0,0.0,0.0,38.55,51.4,0.0,0.0,0.0
2005-10-10,2005-11-24,OPTSTK,J&KBANK,430.0,CA,0.0,0.0,0.0,33.8,44.55,0.0,0.0,0.0
2005-10-10,2005-11-24,OPTSTK,J&KBANK,440.0,CA,0.0,0.0,0.0,29.5,38.35,0.0,0.0,0.0
2005-10-10,2005-11-24,OPTSTK,J&KBANK,450.0,CA,0.0,0.0,0.0,25.6,32.7,0.0,0.0,0.0
2005-10-10,2005-11-24,OPTSTK,J&KBANK,460.0,CA,0.0,0.0,0.0,23.2,27.65,0.0,0.0,0.0
2005-10-10,2005-11-24,OPTSTK,J&KBANK,470.0,CA,0.0,0.0,0.0,20.35,23.2,0.0,0.0,0.0
2005-10-10,2005-11-24,OPTSTK,J&KBANK,480.0,CA,0.0,0.0,0.0,19.15,19.25,0.0,0.0,0.0
2005-10-10,2005-11-24,OPTSTK,J&KBANK,490.0,CA,0.0,0.0,0.0,23.1,15.9,0.0,0.0,0.0
2005-10-10,2005-11-24,OPTSTK,J&KBANK,500.0,CA,0.0,0.0,0.0,26.9,13.0,0.0,0.0,0.0
2005-10-10,2005-11-24,OPTSTK,J&KBANK,510.0,CA,0.0,0.0,0.0,23.3,10.6,0.0,0.0,0.0
2005-10-10,2005-11-24,OPTSTK,J&KBANK,390.0,PA,0.0,0.0,0.0,16.15,4.0,0.0,0.0,0.0
2005-10-10,2005-11-24,OPTSTK,J&KBANK,400.0,PA,0.0,0.0,0.0,19.8,5.6,0.0,0.0,0.0
2005-10-10,2005-11-24,OPTSTK,J&KBANK,410.0,PA,0.0,0.0,0.0,23.95,7.7,0.0,0.0,0.0
2005-10-10,2005-11-24,OPTSTK,J&KBANK,420.0,PA,0.0,0.0,0.0,28.55,10.3,0.0,0.0,0.0
2005-10-10,2005-11-24,OPTSTK,J&KBANK,430.0,PA,0.0,0.0,0.0,33.6,13.4,0.0,0.0,0.0
2005-10-10,2005-11-24,OPTSTK,J&KBANK,440.0,PA,0.0,0.0,0.0,39.15,17.1,0.0,0.0,0.0
2005-10-10,2005-11-24,OPTSTK,J&KBANK,450.0,PA,0.0,0.0,0.0,45.1,21.35,0.0,0.0,0.0
2005-10-10,2005-11-24,OPTSTK,J&KBANK,460.0,PA,0.0,0.0,0.0,47.9,26.25,0.0,0.0,0.0
2005-10-10,2005-11-24,OPTSTK,J&KBANK,470.0,PA,0.0,0.0,0.0,45.0,31.7,0.0,0.0,0.0
2005-10-10,2005-11-24,OPTSTK,J&KBANK,480.0,PA,0.0,0.0,0.0,47.65,37.7,0.0,0.0,0.0
2005-10-10,2005-11-24,OPTSTK,J&KBANK,490.0,PA,0.0,0.0,0.0,46.85,44.25,0.0,0.0,0.0
2005-10-10,2005-11-24,OPTSTK,J&KBANK,500.0,PA,0.0,0.0,0.0,45.45,51.3,0.0,0.0,0.0
2005-10-10,2005-11-24,OPTSTK,J&KBANK,510.0,PA,0.0,0.0,0.0,51.8,58.8,0.0,0.0,0.0
2005-10-10,2005-12-29,OPTSTK,J&KBANK,410.0,CA,0.0,0.0,0.0,56.35,67.0,0.0,0.0,0.0
2005-10-10,2005-12-29,OPTSTK,J&KBANK,420.0,CA,0.0,0.0,0.0,50.5,60.25,0.0,0.0,0.0
2005-10-10,2005-12-29,OPTSTK,J&KBANK,430.0,CA,0.0,0.0,0.0,45.1,54.0,0.0,0.0,0.0
2005-10-10,2005-12-29,OPTSTK,J&KBANK,440.0,CA,0.0,0.0,0.0,40.1,48.15,0.0,0.0,0.0
2005-10-10,2005-12-29,OPTSTK,J&KBANK,450.0,CA,0.0,0.0,0.0,35.55,42.8,0.0,0.0,0.0
2005-10-10,2005-12-29,OPTSTK,J&KBANK,460.0,CA,0.0,0.0,0.0,31.4,37.85,0.0,0.0,0.0
2005-10-10,2005-12-29,OPTSTK,J&KBANK,470.0,CA,0.0,0.0,0.0,27.6,33.3,0.0,0.0,0.0
2005-10-10,2005-12-29,OPTSTK,J&KBANK,480.0,CA,0.0,0.0,0.0,31.2,29.25,0.0,0.0,0.0
2005-10-10,2005-12-29,OPTSTK,J&KBANK,490.0,CA,0.0,0.0,0.0,26.8,25.55,0.0,0.0,0.0
2005-10-10,2005-12-29,OPTSTK,J&KBANK,410.0,PA,0.0,0.0,0.0,20.6,13.65,0.0,0.0,0.0
2005-10-10,2005-12-29,OPTSTK,J&KBANK,420.0,PA,0.0,0.0,0.0,24.6,16.75,0.0,0.0,0.0
2005-10-10,2005-12-29,OPTSTK,J&KBANK,430.0,PA,0.0,0.0,0.0,29.05,20.35,0.0,0.0,0.0
2005-10-10,2005-12-29,OPTSTK,J&KBANK,440.0,PA,0.0,0.0,0.0,33.9,24.4,0.0,0.0,0.0
2005-10-10,2005-12-29,OPTSTK,J&KBANK,450.0,PA,0.0,0.0,0.0,39.2,28.9,0.0,0.0,0.0
2005-10-10,2005-12-29,OPTSTK,J&KBANK,460.0,PA,0.0,0.0,0.0,44.9,33.8,0.0,0.0,0.0
2005-10-10,2005-12-29,OPTSTK,J&KBANK,470.0,PA,0.0,0.0,0.0,51.0,39.15,0.0,0.0,0.0
2005-10-10,2005-12-29,OPTSTK,J&KBANK,480.0,PA,0.0,0.0,0.0,50.4,44.95,0.0,0.0,0.0
2005-10-10,2005-12-29,OPTSTK,J&KBANK,490.0,PA,0.0,0.0,0.0,53.7,51.1,0.0,0.0,0.0
2005-10-10,2005-10-27,OPTSTK,JETAIRWAYS,960.0,CA,0.0,0.0,0.0,111.9,244.25,0.0,0.0,0.0
2005-10-10,2005-10-27,OPTSTK,JETAIRWAYS,990.0,CA,0.0,0.0,0.0,87.7,214.8,0.0,0.0,0.0
2005-10-10,2005-10-27,OPTSTK,JETAIRWAYS,1020.0,CA,0.0,0.0,0.0,114.95,185.8,0.0,0.0,0.0
2005-10-10,2005-10-27,OPTSTK,JETAIRWAYS,1050.0,CA,0.0,0.0,0.0,125.25,157.65,0.0,0.0,0.0
2005-10-10,2005-10-27,OPTSTK,JETAIRWAYS,1080.0,CA,0.0,0.0,0.0,127.45,130.85,0.0,0.0,0.0
2005-10-10,2005-10-27,OPTSTK,JETAIRWAYS,1110.0,CA,0.0,0.0,0.0,64.0,105.95,0.0,0.0,200.0
2005-10-10,2005-10-27,OPTSTK,JETAIRWAYS,1140.0,CA,0.0,0.0,0.0,65.0,83.45,0.0,0.0,1600.0
2005-10-10,2005-10-27,OPTSTK,JETAIRWAYS,1170.0,CA,0.0,0.0,0.0,64.1,63.85,0.0,0.0,10800.0
2005-10-10,2005-10-27,OPTSTK,JETAIRWAYS,1200.0,CA,30.3,38.0,26.0,30.0,30.0,7.0,17.23,4000.0
2005-10-10,2005-10-27,OPTSTK,JETAIRWAYS,1230.0,CA,32.0,32.0,20.1,20.1,20.1,4.0,10.03,1400.0
2005-10-10,2005-10-27,OPTSTK,JETAIRWAYS,1260.0,CA,20.0,20.0,19.0,19.0,19.0,2.0,5.11,600.0
2005-10-10,2005-10-27,OPTSTK,JETAIRWAYS,1290.0,CA,0.0,0.0,0.0,61.35,16.0,0.0,0.0,0.0
2005-10-10,2005-10-27,OPTSTK,JETAIRWAYS,1320.0,CA,0.0,0.0,0.0,47.6,10.45,0.0,0.0,0.0
2005-10-10,2005-10-27,OPTSTK,JETAIRWAYS,1350.0,CA,0.0,0.0,0.0,36.2,6.6,0.0,0.0,0.0
2005-10-10,2005-10-27,OPTSTK,JETAIRWAYS,1380.0,CA,0.0,0.0,0.0,27.0,4.05,0.0,0.0,0.0
2005-10-10,2005-10-27,OPTSTK,JETAIRWAYS,960.0,PA,0.0,0.0,0.0,6.65,0.3,0.0,0.0,0.0
2005-10-10,2005-10-27,OPTSTK,JETAIRWAYS,990.0,PA,0.0,0.0,0.0,12.25,0.7,0.0,0.0,0.0
2005-10-10,2005-10-27,OPTSTK,JETAIRWAYS,1020.0,PA,0.0,0.0,0.0,7.95,1.65,0.0,0.0,0.0
2005-10-10,2005-10-27,OPTSTK,JETAIRWAYS,1050.0,PA,0.0,0.0,0.0,18.0,3.45,0.0,0.0,200.0
2005-10-10,2005-10-27,OPTSTK,JETAIRWAYS,1080.0,PA,0.0,0.0,0.0,10.1,6.55,0.0,0.0,0.0
2005-10-10,2005-10-27,OPTSTK,JETAIRWAYS,1110.0,PA,0.0,0.0,0.0,5.0,11.6,0.0,0.0,400.0
2005-10-10,2005-10-27,OPTSTK,JETAIRWAYS,1140.0,PA,0.0,0.0,0.0,13.4,19.0,0.0,0.0,0.0
2005-10-10,2005-10-27,OPTSTK,JETAIRWAYS,1170.0,PA,15.7,15.9,15.7,15.8,15.8,2.0,4.74,400.0
2005-10-10,2005-10-27,OPTSTK,JETAIRWAYS,1200.0,PA,29.7,29.7,29.7,29.7,29.7,1.0,2.45,400.0
2005-10-10,2005-10-27,OPTSTK,JETAIRWAYS,1230.0,PA,0.0,0.0,0.0,26.7,59.4,0.0,0.0,0.0
2005-10-10,2005-10-27,OPTSTK,JETAIRWAYS,1260.0,PA,0.0,0.0,0.0,37.5,78.95,0.0,0.0,0.0
2005-10-10,2005-10-27,OPTSTK,JETAIRWAYS,1290.0,PA,0.0,0.0,0.0,50.8,101.15,0.0,0.0,0.0
2005-10-10,2005-10-27,OPTSTK,JETAIRWAYS,1320.0,PA,0.0,0.0,0.0,66.55,125.55,0.0,0.0,0.0
2005-10-10,2005-10-27,OPTSTK,JETAIRWAYS,1350.0,PA,0.0,0.0,0.0,84.7,151.6,0.0,0.0,0.0
2005-10-10,2005-10-27,OPTSTK,JETAIRWAYS,1380.0,PA,0.0,0.0,0.0,105.05,179.0,0.0,0.0,0.0
2005-10-10,2005-11-24,OPTSTK,JETAIRWAYS,960.0,CA,0.0,0.0,0.0,123.7,253.3,0.0,0.0,0.0
2005-10-10,2005-11-24,OPTSTK,JETAIRWAYS,990.0,CA,0.0,0.0,0.0,101.5,226.25,0.0,0.0,0.0
2005-10-10,2005-11-24,OPTSTK,JETAIRWAYS,1020.0,CA,0.0,0.0,0.0,124.2,200.3,0.0,0.0,0.0
2005-10-10,2005-11-24,OPTSTK,JETAIRWAYS,1050.0,CA,0.0,0.0,0.0,117.95,175.65,0.0,0.0,0.0
2005-10-10,2005-11-24,OPTSTK,JETAIRWAYS,1080.0,CA,0.0,0.0,0.0,96.4,152.55,0.0,0.0,0.0
2005-10-10,2005-11-24,OPTSTK,JETAIRWAYS,1110.0,CA,0.0,0.0,0.0,77.25,131.1,0.0,0.0,0.0
2005-10-10,2005-11-24,OPTSTK,JETAIRWAYS,1140.0,CA,0.0,0.0,0.0,60.7,111.6,0.0,0.0,0.0
2005-10-10,2005-11-24,OPTSTK,JETAIRWAYS,1170.0,CA,0.0,0.0,0.0,46.7,94.0,0.0,0.0,0.0
2005-10-10,2005-11-24,OPTSTK,JETAIRWAYS,1200.0,CA,0.0,0.0,0.0,35.25,78.35,0.0,0.0,0.0
2005-10-10,2005-11-24,OPTSTK,JETAIRWAYS,1230.0,CA,0.0,0.0,0.0,26.05,64.65,0.0,0.0,0.0
2005-10-10,2005-11-24,OPTSTK,JETAIRWAYS,1260.0,CA,0.0,0.0,0.0,18.55,52.85,0.0,0.0,0.0
2005-10-10,2005-11-24,OPTSTK,JETAIRWAYS,1290.0,CA,0.0,0.0,0.0,57.8,42.75,0.0,0.0,0.0
2005-10-10,2005-11-24,OPTSTK,JETAIRWAYS,1320.0,CA,0.0,0.0,0.0,47.3,34.25,0.0,0.0,0.0
2005-10-10,2005-11-24,OPTSTK,JETAIRWAYS,960.0,PA,0.0,0.0,0.0,14.05,4.7,0.0,0.0,0.0
2005-10-10,2005-11-24,OPTSTK,JETAIRWAYS,990.0,PA,0.0,0.0,0.0,21.55,7.4,0.0,0.0,0.0
2005-10-10,2005-11-24,OPTSTK,JETAIRWAYS,1020.0,PA,0.0,0.0,0.0,12.6,11.25,0.0,0.0,0.0
2005-10-10,2005-11-24,OPTSTK,JETAIRWAYS,1050.0,PA,0.0,0.0,0.0,15.8,16.35,0.0,0.0,0.0
2005-10-10,2005-11-24,OPTSTK,JETAIRWAYS,1080.0,PA,0.0,0.0,0.0,23.8,23.05,0.0,0.0,0.0
2005-10-10,2005-11-24,OPTSTK,JETAIRWAYS,1110.0,PA,0.0,0.0,0.0,34.2,31.4,0.0,0.0,0.0
2005-10-10,2005-11-24,OPTSTK,JETAIRWAYS,1140.0,PA,0.0,0.0,0.0,47.2,41.65,0.0,0.0,0.0
2005-10-10,2005-11-24,OPTSTK,JETAIRWAYS,1170.0,PA,0.0,0.0,0.0,62.8,53.85,0.0,0.0,0.0
2005-10-10,2005-11-24,OPTSTK,JETAIRWAYS,1200.0,PA,0.0,0.0,0.0,80.9,68.0,0.0,0.0,0.0
2005-10-10,2005-11-24,OPTSTK,JETAIRWAYS,1230.0,PA,0.0,0.0,0.0,101.25,84.05,0.0,0.0,0.0
2005-10-10,2005-11-24,OPTSTK,JETAIRWAYS,1260.0,PA,0.0,0.0,0.0,107.15,102.0,0.0,0.0,0.0
2005-10-10,2005-11-24,OPTSTK,JETAIRWAYS,1290.0,PA,0.0,0.0,0.0,102.5,121.7,0.0,0.0,0.0
2005-10-10,2005-11-24,OPTSTK,JETAIRWAYS,1320.0,PA,0.0,0.0,0.0,121.8,143.0,0.0,0.0,0.0
2005-10-10,2005-12-29,OPTSTK,JETAIRWAYS,1020.0,CA,0.0,0.0,0.0,148.8,218.85,0.0,0.0,0.0
2005-10-10,2005-12-29,OPTSTK,JETAIRWAYS,1050.0,CA,0.0,0.0,0.0,128.8,196.5,0.0,0.0,0.0
2005-10-10,2005-12-29,OPTSTK,JETAIRWAYS,1080.0,CA,0.0,0.0,0.0,110.65,175.45,0.0,0.0,0.0
2005-10-10,2005-12-29,OPTSTK,JETAIRWAYS,1110.0,CA,0.0,0.0,0.0,94.3,155.85,0.0,0.0,0.0
2005-10-10,2005-12-29,OPTSTK,JETAIRWAYS,1140.0,CA,0.0,0.0,0.0,79.7,137.7,0.0,0.0,0.0
2005-10-10,2005-12-29,OPTSTK,JETAIRWAYS,1170.0,CA,0.0,0.0,0.0,66.85,121.1,0.0,0.0,0.0
2005-10-10,2005-12-29,OPTSTK,JETAIRWAYS,1200.0,CA,0.0,0.0,0.0,55.65,105.9,0.0,0.0,0.0
2005-10-10,2005-12-29,OPTSTK,JETAIRWAYS,1230.0,CA,0.0,0.0,0.0,53.3,92.2,0.0,0.0,0.0
2005-10-10,2005-12-29,OPTSTK,JETAIRWAYS,1260.0,CA,0.0,0.0,0.0,46.9,79.85,0.0,0.0,0.0
2005-10-10,2005-12-29,OPTSTK,JETAIRWAYS,1290.0,CA,0.0,0.0,0.0,84.75,68.85,0.0,0.0,0.0
2005-10-10,2005-12-29,OPTSTK,JETAIRWAYS,1320.0,CA,0.0,0.0,0.0,73.5,59.1,0.0,0.0,0.0
2005-10-10,2005-12-29,OPTSTK,JETAIRWAYS,1020.0,PA,0.0,0.0,0.0,30.9,24.0,0.0,0.0,0.0
2005-10-10,2005-12-29,OPTSTK,JETAIRWAYS,1050.0,PA,0.0,0.0,0.0,40.5,31.25,0.0,0.0,0.0
2005-10-10,2005-12-29,OPTSTK,JETAIRWAYS,1080.0,PA,0.0,0.0,0.0,51.9,39.8,0.0,0.0,0.0
2005-10-10,2005-12-29,OPTSTK,JETAIRWAYS,1110.0,PA,0.0,0.0,0.0,65.1,49.8,0.0,0.0,0.0
2005-10-10,2005-12-29,OPTSTK,JETAIRWAYS,1140.0,PA,0.0,0.0,0.0,80.05,61.25,0.0,0.0,0.0
2005-10-10,2005-12-29,OPTSTK,JETAIRWAYS,1170.0,PA,0.0,0.0,0.0,96.75,74.25,0.0,0.0,0.0
2005-10-10,2005-12-29,OPTSTK,JETAIRWAYS,1200.0,PA,0.0,0.0,0.0,115.1,88.7,0.0,0.0,0.0
2005-10-10,2005-12-29,OPTSTK,JETAIRWAYS,1230.0,PA,0.0,0.0,0.0,116.65,104.55,0.0,0.0,0.0
2005-10-10,2005-12-29,OPTSTK,JETAIRWAYS,1260.0,PA,0.0,0.0,0.0,123.7,121.85,0.0,0.0,0.0
2005-10-10,2005-12-29,OPTSTK,JETAIRWAYS,1290.0,PA,0.0,0.0,0.0,122.15,140.45,0.0,0.0,0.0
2005-10-10,2005-12-29,OPTSTK,JETAIRWAYS,1320.0,PA,0.0,0.0,0.0,140.45,160.3,0.0,0.0,0.0
2005-10-10,2005-10-27,OPTSTK,JINDALSTEL,930.0,CA,0.0,0.0,0.0,124.1,486.95,0.0,0.0,0.0
2005-10-10,2005-10-27,OPTSTK,JINDALSTEL,960.0,CA,0.0,0.0,0.0,104.1,457.0,0.0,0.0,0.0
2005-10-10,2005-10-27,OPTSTK,JINDALSTEL,990.0,CA,0.0,0.0,0.0,86.25,427.1,0.0,0.0,0.0
2005-10-10,2005-10-27,OPTSTK,JINDALSTEL,1020.0,CA,0.0,0.0,0.0,70.55,397.15,0.0,0.0,0.0
2005-10-10,2005-10-27,OPTSTK,JINDALSTEL,1050.0,CA,0.0,0.0,0.0,57.0,367.25,0.0,0.0,0.0
2005-10-10,2005-10-27,OPTSTK,JINDALSTEL,1080.0,CA,0.0,0.0,0.0,45.5,337.3,0.0,0.0,0.0
2005-10-10,2005-10-27,OPTSTK,JINDALSTEL,1110.0,CA,0.0,0.0,0.0,35.9,307.4,0.0,0.0,0.0
2005-10-10,2005-10-27,OPTSTK,JINDALSTEL,1140.0,CA,0.0,0.0,0.0,37.0,277.5,0.0,0.0,0.0
2005-10-10,2005-10-27,OPTSTK,JINDALSTEL,1170.0,CA,0.0,0.0,0.0,41.65,247.7,0.0,0.0,0.0
2005-10-10,2005-10-27,OPTSTK,JINDALSTEL,1200.0,CA,0.0,0.0,0.0,39.35,218.05,0.0,0.0,0.0
2005-10-10,2005-10-27,OPTSTK,JINDALSTEL,1230.0,CA,0.0,0.0,0.0,76.35,188.8,0.0,0.0,0.0
2005-10-10,2005-10-27,OPTSTK,JINDALSTEL,1260.0,CA,0.0,0.0,0.0,65.35,160.25,0.0,0.0,0.0
2005-10-10,2005-10-27,OPTSTK,JINDALSTEL,1290.0,CA,0.0,0.0,0.0,33.45,132.85,0.0,0.0,0.0
2005-10-10,2005-10-27,OPTSTK,JINDALSTEL,1320.0,CA,0.0,0.0,0.0,36.15,107.2,0.0,0.0,0.0
2005-10-10,2005-10-27,OPTSTK,JINDALSTEL,1350.0,CA,0.0,0.0,0.0,39.8,84.0,0.0,0.0,0.0
2005-10-10,2005-10-27,OPTSTK,JINDALSTEL,1380.0,CA,0.0,0.0,0.0,30.95,63.55,0.0,0.0,0.0
2005-10-10,2005-10-27,OPTSTK,JINDALSTEL,1410.0,CA,0.0,0.0,0.0,46.6,46.4,0.0,0.0,0.0
2005-10-10,2005-10-27,OPTSTK,JINDALSTEL,1440.0,CA,0.0,0.0,0.0,60.3,32.65,0.0,0.0,0.0
2005-10-10,2005-10-27,OPTSTK,JINDALSTEL,1470.0,CA,0.0,0.0,0.0,49.75,22.1,0.0,0.0,0.0
2005-10-10,2005-10-27,OPTSTK,JINDALSTEL,1500.0,CA,0.0,0.0,0.0,41.6,14.4,0.0,0.0,0.0
2005-10-10,2005-10-27,OPTSTK,JINDALSTEL,1530.0,CA,0.0,0.0,0.0,24.2,9.0,0.0,0.0,0.0
2005-10-10,2005-10-27,OPTSTK,JINDALSTEL,1560.0,CA,0.0,0.0,0.0,34.05,5.45,0.0,0.0,0.0
2005-10-10,2005-10-27,OPTSTK,JINDALSTEL,1590.0,CA,0.0,0.0,0.0,25.0,3.15,0.0,0.0,0.0
2005-10-10,2005-10-27,OPTSTK,JINDALSTEL,930.0,PA,0.0,0.0,0.0,24.75,0.0,0.0,0.0,0.0
2005-10-10,2005-10-27,OPTSTK,JINDALSTEL,960.0,PA,0.0,0.0,0.0,34.25,0.0,0.0,0.0,0.0
2005-10-10,2005-10-27,OPTSTK,JINDALSTEL,990.0,PA,0.0,0.0,0.0,45.95,0.0,0.0,0.0,0.0
2005-10-10,2005-10-27,OPTSTK,JINDALSTEL,1020.0,PA,0.0,0.0,0.0,59.85,0.0,0.0,0.0,0.0
2005-10-10,2005-10-27,OPTSTK,JINDALSTEL,1050.0,PA,0.0,0.0,0.0,75.85,0.0,0.0,0.0,0.0
2005-10-10,2005-10-27,OPTSTK,JINDALSTEL,1080.0,PA,0.0,0.0,0.0,93.9,0.0,0.0,0.0,0.0
2005-10-10,2005-10-27,OPTSTK,JINDALSTEL,1110.0,PA,0.0,0.0,0.0,113.85,0.05,0.0,0.0,0.0
2005-10-10,2005-10-27,OPTSTK,JINDALSTEL,1140.0,PA,0.0,0.0,0.0,108.75,0.05,0.0,0.0,0.0
2005-10-10,2005-10-27,OPTSTK,JINDALSTEL,1170.0,PA,0.0,0.0,0.0,113.3,0.2,0.0,0.0,0.0
2005-10-10,2005-10-27,OPTSTK,JINDALSTEL,1200.0,PA,0.0,0.0,0.0,121.15,0.45,0.0,0.0,0.0
2005-10-10,2005-10-27,OPTSTK,JINDALSTEL,1230.0,PA,0.0,0.0,0.0,116.3,1.1,0.0,0.0,0.0
2005-10-10,2005-10-27,OPTSTK,JINDALSTEL,1260.0,PA,0.0,0.0,0.0,134.9,2.5,0.0,0.0,0.0
2005-10-10,2005-10-27,OPTSTK,JINDALSTEL,1290.0,PA,0.0,0.0,0.0,125.85,5.0,0.0,0.0,0.0
2005-10-10,2005-10-27,OPTSTK,JINDALSTEL,1320.0,PA,0.0,0.0,0.0,124.0,9.3,0.0,0.0,0.0
2005-10-10,2005-10-27,OPTSTK,JINDALSTEL,1350.0,PA,0.0,0.0,0.0,103.7,16.0,0.0,0.0,0.0
2005-10-10,2005-10-27,OPTSTK,JINDALSTEL,1380.0,PA,0.0,0.0,0.0,124.6,25.45,0.0,0.0,0.0
2005-10-10,2005-10-27,OPTSTK,JINDALSTEL,1410.0,PA,0.0,0.0,0.0,115.05,38.25,0.0,0.0,0.0
2005-10-10,2005-10-27,OPTSTK,JINDALSTEL,1440.0,PA,0.0,0.0,0.0,108.55,54.45,0.0,0.0,0.0
2005-10-10,2005-10-27,OPTSTK,JINDALSTEL,1470.0,PA,0.0,0.0,0.0,127.85,73.8,0.0,0.0,0.0
2005-10-10,2005-10-27,OPTSTK,JINDALSTEL,1500.0,PA,0.0,0.0,0.0,131.95,96.0,0.0,0.0,0.0
2005-10-10,2005-10-27,OPTSTK,JINDALSTEL,1530.0,PA,0.0,0.0,0.0,116.3,120.55,0.0,0.0,0.0
2005-10-10,2005-10-27,OPTSTK,JINDALSTEL,1560.0,PA,0.0,0.0,0.0,85.15,146.9,0.0,0.0,0.0
2005-10-10,2005-10-27,OPTSTK,JINDALSTEL,1590.0,PA,0.0,0.0,0.0,105.95,174.55,0.0,0.0,0.0
2005-10-10,2005-11-24,OPTSTK,JINDALSTEL,1080.0,CA,0.0,0.0,0.0,142.35,343.1,0.0,0.0,0.0
2005-10-10,2005-11-24,OPTSTK,JINDALSTEL,1110.0,CA,0.0,0.0,0.0,124.25,313.85,0.0,0.0,0.0
2005-10-10,2005-11-24,OPTSTK,JINDALSTEL,1140.0,CA,0.0,0.0,0.0,107.8,285.0,0.0,0.0,0.0
2005-10-10,2005-11-24,OPTSTK,JINDALSTEL,1170.0,CA,0.0,0.0,0.0,92.95,256.7,0.0,0.0,0.0
2005-10-10,2005-11-24,OPTSTK,JINDALSTEL,1200.0,CA,0.0,0.0,0.0,79.65,229.1,0.0,0.0,0.0
2005-10-10,2005-11-24,OPTSTK,JINDALSTEL,1230.0,CA,0.0,0.0,0.0,67.85,202.55,0.0,0.0,0.0
2005-10-10,2005-11-24,OPTSTK,JINDALSTEL,1260.0,CA,0.0,0.0,0.0,57.5,177.15,0.0,0.0,0.0
2005-10-10,2005-11-24,OPTSTK,JINDALSTEL,1290.0,CA,0.0,0.0,0.0,48.85,153.3,0.0,0.0,0.0
2005-10-10,2005-11-24,OPTSTK,JINDALSTEL,1320.0,CA,0.0,0.0,0.0,52.85,131.1,0.0,0.0,0.0
2005-10-10,2005-11-24,OPTSTK,JINDALSTEL,1350.0,CA,0.0,0.0,0.0,58.3,110.75,0.0,0.0,0.0
2005-10-10,2005-11-24,OPTSTK,JINDALSTEL,1380.0,CA,0.0,0.0,0.0,48.3,92.45,0.0,0.0,0.0
2005-10-10,2005-11-24,OPTSTK,JINDALSTEL,1410.0,CA,0.0,0.0,0.0,68.6,76.2,0.0,0.0,0.0
2005-10-10,2005-11-24,OPTSTK,JINDALSTEL,1440.0,CA,0.0,0.0,0.0,85.25,62.05,0.0,0.0,0.0
2005-10-10,2005-11-24,OPTSTK,JINDALSTEL,1470.0,CA,0.0,0.0,0.0,74.0,49.85,0.0,0.0,0.0
2005-10-10,2005-11-24,OPTSTK,JINDALSTEL,1500.0,CA,0.0,0.0,0.0,64.9,39.6,0.0,0.0,0.0
2005-10-10,2005-11-24,OPTSTK,JINDALSTEL,1530.0,CA,0.0,0.0,0.0,46.5,31.05,0.0,0.0,0.0
2005-10-10,2005-11-24,OPTSTK,JINDALSTEL,1560.0,CA,0.0,0.0,0.0,62.2,24.1,0.0,0.0,0.0
2005-10-10,2005-11-24,OPTSTK,JINDALSTEL,1590.0,CA,0.0,0.0,0.0,51.35,18.45,0.0,0.0,0.0
2005-10-10,2005-11-24,OPTSTK,JINDALSTEL,1080.0,PA,0.0,0.0,0.0,45.65,0.6,0.0,0.0,0.0
2005-10-10,2005-11-24,OPTSTK,JINDALSTEL,1110.0,PA,0.0,0.0,0.0,57.15,1.15,0.0,0.0,0.0
2005-10-10,2005-11-24,OPTSTK,JINDALSTEL,1140.0,PA,0.0,0.0,0.0,70.25,2.1,0.0,0.0,0.0
2005-10-10,2005-11-24,OPTSTK,JINDALSTEL,1170.0,PA,0.0,0.0,0.0,84.95,3.55,0.0,0.0,0.0
2005-10-10,2005-11-24,OPTSTK,JINDALSTEL,1200.0,PA,0.0,0.0,0.0,101.2,5.75,0.0,0.0,0.0
2005-10-10,2005-11-24,OPTSTK,JINDALSTEL,1230.0,PA,0.0,0.0,0.0,118.95,8.95,0.0,0.0,0.0
2005-10-10,2005-11-24,OPTSTK,JINDALSTEL,1260.0,PA,0.0,0.0,0.0,138.15,13.35,0.0,0.0,0.0
2005-10-10,2005-11-24,OPTSTK,JINDALSTEL,1290.0,PA,0.0,0.0,0.0,135.45,19.25,0.0,0.0,0.0
2005-10-10,2005-11-24,OPTSTK,JINDALSTEL,1320.0,PA,0.0,0.0,0.0,134.75,26.85,0.0,0.0,0.0
2005-10-10,2005-11-24,OPTSTK,JINDALSTEL,1350.0,PA,0.0,0.0,0.0,116.05,36.25,0.0,0.0,0.0
2005-10-10,2005-11-24,OPTSTK,JINDALSTEL,1380.0,PA,0.0,0.0,0.0,135.7,47.75,0.0,0.0,0.0
2005-10-10,2005-11-24,OPTSTK,JINDALSTEL,1410.0,PA,0.0,0.0,0.0,130.65,61.3,0.0,0.0,0.0
2005-10-10,2005-11-24,OPTSTK,JINDALSTEL,1440.0,PA,0.0,0.0,0.0,127.0,76.9,0.0,0.0,0.0
2005-10-10,2005-11-24,OPTSTK,JINDALSTEL,1470.0,PA,0.0,0.0,0.0,145.4,94.5,0.0,0.0,0.0
2005-10-10,2005-11-24,OPTSTK,JINDALSTEL,1500.0,PA,0.0,0.0,0.0,148.45,114.0,0.0,0.0,0.0
2005-10-10,2005-11-24,OPTSTK,JINDALSTEL,1530.0,PA,0.0,0.0,0.0,131.05,135.25,0.0,0.0,0.0
2005-10-10,2005-11-24,OPTSTK,JINDALSTEL,1560.0,PA,0.0,0.0,0.0,105.65,158.05,0.0,0.0,0.0
2005-10-10,2005-11-24,OPTSTK,JINDALSTEL,1590.0,PA,0.0,0.0,0.0,124.6,182.2,0.0,0.0,0.0
2005-10-10,2005-12-29,OPTSTK,JINDALSTEL,1320.0,CA,0.0,0.0,0.0,0.0,0.0,0.0,0.0,0.0
2005-10-10,2005-12-29,OPTSTK,JINDALSTEL,1350.0,CA,0.0,0.0,0.0,157.2,136.15,0.0,0.0,0.0
2005-10-10,2005-12-29,OPTSTK,JINDALSTEL,1380.0,CA,0.0,0.0,0.0,138.55,118.75,0.0,0.0,0.0
2005-10-10,2005-12-29,OPTSTK,JINDALSTEL,1410.0,CA,0.0,0.0,0.0,121.35,102.95,0.0,0.0,0.0
2005-10-10,2005-12-29,OPTSTK,JINDALSTEL,1440.0,CA,0.0,0.0,0.0,105.65,88.7,0.0,0.0,0.0
2005-10-10,2005-12-29,OPTSTK,JINDALSTEL,1470.0,CA,0.0,0.0,0.0,91.45,75.9,0.0,0.0,0.0
2005-10-10,2005-12-29,OPTSTK,JINDALSTEL,1500.0,CA,0.0,0.0,0.0,78.7,64.6,0.0,0.0,0.0
2005-10-10,2005-12-29,OPTSTK,JINDALSTEL,1530.0,CA,0.0,0.0,0.0,67.35,54.65,0.0,0.0,0.0
2005-10-10,2005-12-29,OPTSTK,JINDALSTEL,1560.0,CA,0.0,0.0,0.0,89.4,45.95,0.0,0.0,0.0
2005-10-10,2005-12-29,OPTSTK,JINDALSTEL,1590.0,CA,0.0,0.0,0.0,77.8,38.5,0.0,0.0,0.0
2005-10-10,2005-12-29,OPTSTK,JINDALSTEL,1320.0,PA,0.0,0.0,0.0,0.0,0.0,0.0,0.0,0.0
2005-10-10,2005-12-29,OPTSTK,JINDALSTEL,1350.0,PA,0.0,0.0,0.0,45.95,53.95,0.0,0.0,0.0
2005-10-10,2005-12-29,OPTSTK,JINDALSTEL,1380.0,PA,0.0,0.0,0.0,56.8,66.2,0.0,0.0,0.0
2005-10-10,2005-12-29,OPTSTK,JINDALSTEL,1410.0,PA,0.0,0.0,0.0,69.2,80.0,0.0,0.0,0.0
2005-10-10,2005-12-29,OPTSTK,JINDALSTEL,1440.0,PA,0.0,0.0,0.0,83.05,95.3,0.0,0.0,0.0
2005-10-10,2005-12-29,OPTSTK,JINDALSTEL,1470.0,PA,0.0,0.0,0.0,98.4,112.15,0.0,0.0,0.0
2005-10-10,2005-12-29,OPTSTK,JINDALSTEL,1500.0,PA,0.0,0.0,0.0,115.2,130.45,0.0,0.0,0.0
2005-10-10,2005-12-29,OPTSTK,JINDALSTEL,1530.0,PA,0.0,0.0,0.0,133.4,150.1,0.0,0.0,0.0
2005-10-10,2005-12-29,OPTSTK,JINDALSTEL,1560.0,PA,0.0,0.0,0.0,124.0,171.0,0.0,0.0,0.0
2005-10-10,2005-12-29,OPTSTK,JINDALSTEL,1590.0,PA,0.0,0.0,0.0,141.95,193.15,0.0,0.0,0.0
2005-10-10,2005-10-27,OPTSTK,JPHYDRO,22.5,CA,0.0,0.0,0.0,7.7,11.3,0.0,0.0,0.0
2005-10-10,2005-10-27,OPTSTK,JPHYDRO,25.0,CA,0.0,0.0,0.0,5.5,8.8,0.0,0.0,0.0
2005-10-10,2005-10-27,OPTSTK,JPHYDRO,27.5,CA,0.0,0.0,0.0,3.7,6.3,0.0,0.0,0.0
2005-10-10,2005-10-27,OPTSTK,JPHYDRO,30.0,CA,0.0,0.0,0.0,4.3,3.9,0.0,0.0,68750.0
2005-10-10,2005-10-27,OPTSTK,JPHYDRO,32.5,CA,2.0,2.0,1.55,1.65,1.65,9.0,19.25,1431250.0
2005-10-10,2005-10-27,OPTSTK,JPHYDRO,35.0,CA,1.1,1.1,0.55,0.6,0.6,61.0,136.23,1712500.0
2005-10-10,2005-10-27,OPTSTK,JPHYDRO,37.5,CA,0.35,0.4,0.3,0.3,0.3,6.0,14.19,131250.0
2005-10-10,2005-10-27,OPTSTK,JPHYDRO,40.0,CA,0.2,0.4,0.2,0.25,0.25,8.0,20.13,68750.0
2005-10-10,2005-10-27,OPTSTK,JPHYDRO,42.5,CA,0.0,0.0,0.0,0.3,0.05,0.0,0.0,6250.0
2005-10-10,2005-10-27,OPTSTK,JPHYDRO,22.5,PA,0.0,0.0,0.0,0.15,0.0,0.0,0.0,0.0
2005-10-10,2005-10-27,OPTSTK,JPHYDRO,25.0,PA,0.0,0.0,0.0,0.45,0.0,0.0,0.0,0.0
2005-10-10,2005-10-27,OPTSTK,JPHYDRO,27.5,PA,0.0,0.0,0.0,1.1,0.05,0.0,0.0,0.0
2005-10-10,2005-10-27,OPTSTK,JPHYDRO,30.0,PA,0.0,0.0,0.0,0.15,0.15,0.0,0.0,56250.0
2005-10-10,2005-10-27,OPTSTK,JPHYDRO,32.5,PA,0.45,0.45,0.4,0.4,0.4,3.0,6.17,231250.0
2005-10-10,2005-10-27,OPTSTK,JPHYDRO,35.0,PA,0.0,0.0,0.0,1.5,1.95,0.0,0.0,25000.0
2005-10-10,2005-10-27,OPTSTK,JPHYDRO,37.5,PA,0.0,0.0,0.0,7.65,3.9,0.0,0.0,0.0
2005-10-10,2005-10-27,OPTSTK,JPHYDRO,40.0,PA,0.0,0.0,0.0,7.8,6.25,0.0,0.0,0.0
2005-10-10,2005-10-27,OPTSTK,JPHYDRO,42.5,PA,0.0,0.0,0.0,8.5,8.7,0.0,0.0,0.0
2005-10-10,2005-11-24,OPTSTK,JPHYDRO,22.5,CA,0.0,0.0,0.0,8.7,11.4,0.0,0.0,0.0
2005-10-10,2005-11-24,OPTSTK,JPHYDRO,25.0,CA,0.0,0.0,0.0,7.55,8.95,0.0,0.0,0.0
2005-10-10,2005-11-24,OPTSTK,JPHYDRO,27.5,CA,0.0,0.0,0.0,5.5,6.55,0.0,0.0,0.0
2005-10-10,2005-11-24,OPTSTK,JPHYDRO,30.0,CA,0.0,0.0,0.0,3.75,4.45,0.0,0.0,0.0
2005-10-10,2005-11-24,OPTSTK,JPHYDRO,32.5,CA,0.0,0.0,0.0,2.4,2.75,0.0,0.0,0.0
2005-10-10,2005-11-24,OPTSTK,JPHYDRO,35.0,CA,0.0,0.0,0.0,1.5,1.5,0.0,0.0,0.0
2005-10-10,2005-11-24,OPTSTK,JPHYDRO,37.5,CA,0.0,0.0,0.0,0.85,0.8,0.0,0.0,0.0
2005-10-10,2005-11-24,OPTSTK,JPHYDRO,40.0,CA,0.0,0.0,0.0,0.5,0.35,0.0,0.0,0.0
2005-10-10,2005-11-24,OPTSTK,JPHYDRO,42.5,CA,0.0,0.0,0.0,0.25,0.15,0.0,0.0,0.0
2005-10-10,2005-11-24,OPTSTK,JPHYDRO,22.5,PA,0.0,0.0,0.0,0.05,0.0,0.0,0.0,0.0
2005-10-10,2005-11-24,OPTSTK,JPHYDRO,25.0,PA,0.0,0.0,0.0,0.25,0.05,0.0,0.0,0.0
2005-10-10,2005-11-24,OPTSTK,JPHYDRO,27.5,PA,0.0,0.0,0.0,0.6,0.15,0.0,0.0,0.0
2005-10-10,2005-11-24,OPTSTK,JPHYDRO,30.0,PA,0.0,0.0,0.0,1.35,0.5,0.0,0.0,0.0
2005-10-10,2005-11-24,OPTSTK,JPHYDRO,32.5,PA,0.0,0.0,0.0,2.5,1.3,0.0,0.0,0.0
2005-10-10,2005-11-24,OPTSTK,JPHYDRO,35.0,PA,0.0,0.0,0.0,4.0,2.55,0.0,0.0,0.0
2005-10-10,2005-11-24,OPTSTK,JPHYDRO,37.5,PA,0.0,0.0,0.0,5.85,4.3,0.0,0.0,0.0
2005-10-10,2005-11-24,OPTSTK,JPHYDRO,40.0,PA,0.0,0.0,0.0,7.95,6.35,0.0,0.0,0.0
2005-10-10,2005-11-24,OPTSTK,JPHYDRO,42.5,PA,0.0,0.0,0.0,8.5,8.65,0.0,0.0,0.0
2005-10-10,2005-12-29,OPTSTK,JPHYDRO,25.0,CA,0.0,0.0,0.0,7.25,9.15,0.0,0.0,0.0
2005-10-10,2005-12-29,OPTSTK,JPHYDRO,27.5,CA,0.0,0.0,0.0,5.3,6.95,0.0,0.0,0.0
2005-10-10,2005-12-29,OPTSTK,JPHYDRO,30.0,CA,0.0,0.0,0.0,3.7,5.05,0.0,0.0,0.0
2005-10-10,2005-12-29,OPTSTK,JPHYDRO,32.5,CA,0.0,0.0,0.0,2.45,3.45,0.0,0.0,0.0
2005-10-10,2005-12-29,OPTSTK,JPHYDRO,35.0,CA,0.0,0.0,0.0,1.55,2.25,0.0,0.0,0.0
2005-10-10,2005-12-29,OPTSTK,JPHYDRO,37.5,CA,0.0,0.0,0.0,0.95,1.4,0.0,0.0,0.0
2005-10-10,2005-12-29,OPTSTK,JPHYDRO,40.0,CA,0.0,0.0,0.0,0.6,0.85,0.0,0.0,0.0
2005-10-10,2005-12-29,OPTSTK,JPHYDRO,42.5,CA,0.0,0.0,0.0,0.65,0.5,0.0,0.0,0.0
2005-10-10,2005-12-29,OPTSTK,JPHYDRO,25.0,PA,0.0,0.0,0.0,0.4,0.15,0.0,0.0,0.0
2005-10-10,2005-12-29,OPTSTK,JPHYDRO,27.5,PA,0.0,0.0,0.0,0.9,0.4,0.0,0.0,0.0
2005-10-10,2005-12-29,OPTSTK,JPHYDRO,30.0,PA,0.0,0.0,0.0,1.75,0.95,0.0,0.0,0.0
2005-10-10,2005-12-29,OPTSTK,JPHYDRO,32.5,PA,0.0,0.0,0.0,2.95,1.85,0.0,0.0,0.0
2005-10-10,2005-12-29,OPTSTK,JPHYDRO,35.0,PA,0.0,0.0,0.0,4.55,3.1,0.0,0.0,0.0
2005-10-10,2005-12-29,OPTSTK,JPHYDRO,37.5,PA,0.0,0.0,0.0,6.4,4.7,0.0,0.0,0.0
2005-10-10,2005-12-29,OPTSTK,JPHYDRO,40.0,PA,0.0,0.0,0.0,8.5,6.6,0.0,0.0,0.0
2005-10-10,2005-12-29,OPTSTK,JPHYDRO,42.5,PA,0.0,0.0,0.0,8.8,8.75,0.0,0.0,0.0
2005-10-10,2005-10-27,OPTSTK,JSTAINLESS,100.0,CA,0.0,0.0,0.0,19.25,38.35,0.0,0.0,0.0
2005-10-10,2005-10-27,OPTSTK,JSTAINLESS,105.0,CA,0.0,0.0,0.0,15.75,33.65,0.0,0.0,0.0
2005-10-10,2005-10-27,OPTSTK,JSTAINLESS,110.0,CA,0.0,0.0,0.0,12.65,29.15,0.0,0.0,0.0
2005-10-10,2005-10-27,OPTSTK,JSTAINLESS,115.0,CA,0.0,0.0,0.0,10.05,24.85,0.0,0.0,0.0
2005-10-10,2005-10-27,OPTSTK,JSTAINLESS,120.0,CA,0.0,0.0,0.0,7.8,20.95,0.0,0.0,0.0
2005-10-10,2005-10-27,OPTSTK,JSTAINLESS,125.0,CA,0.0,0.0,0.0,6.0,17.35,0.0,0.0,0.0
2005-10-10,2005-10-27,OPTSTK,JSTAINLESS,130.0,CA,0.0,0.0,0.0,5.55,14.15,0.0,0.0,2000.0
2005-10-10,2005-10-27,OPTSTK,JSTAINLESS,135.0,CA,0.0,0.0,0.0,20.15,11.4,0.0,0.0,2000.0
2005-10-10,2005-10-27,OPTSTK,JSTAINLESS,140.0,CA,6.5,6.5,4.75,4.85,4.85,8.0,23.26,92000.0
2005-10-10,2005-10-27,OPTSTK,JSTAINLESS,145.0,CA,0.0,0.0,0.0,4.5,7.05,0.0,0.0,16000.0
2005-10-10,2005-10-27,OPTSTK,JSTAINLESS,150.0,CA,2.5,2.5,1.6,1.7,1.7,15.0,45.58,544000.0
2005-10-10,2005-10-27,OPTSTK,JSTAINLESS,155.0,CA,0.0,0.0,0.0,3.0,4.15,0.0,0.0,8000.0
2005-10-10,2005-10-27,OPTSTK,JSTAINLESS,160.0,CA,1.2,1.2,0.9,1.1,1.1,4.0,12.88,64000.0
2005-10-10,2005-10-27,OPTSTK,JSTAINLESS,165.0,CA,0.0,0.0,0.0,2.5,2.3,0.0,0.0,2000.0
2005-10-10,2005-10-27,OPTSTK,JSTAINLESS,170.0,CA,0.0,0.0,0.0,2.0,1.7,0.0,0.0,4000.0
2005-10-10,2005-10-27,OPTSTK,JSTAINLESS,175.0,CA,0.0,0.0,0.0,0.5,1.25,0.0,0.0,10000.0
2005-10-10,2005-10-27,OPTSTK,JSTAINLESS,100.0,PA,0.0,0.0,0.0,2.65,0.3,0.0,0.0,0.0
2005-10-10,2005-10-27,OPTSTK,JSTAINLESS,105.0,PA,0.0,0.0,0.0,4.1,0.6,0.0,0.0,0.0
2005-10-10,2005-10-27,OPTSTK,JSTAINLESS,110.0,PA,0.0,0.0,0.0,5.95,1.1,0.0,0.0,0.0
2005-10-10,2005-10-27,OPTSTK,JSTAINLESS,115.0,PA,0.0,0.0,0.0,8.25,1.8,0.0,0.0,0.0
2005-10-10,2005-10-27,OPTSTK,JSTAINLESS,120.0,PA,0.0,0.0,0.0,10.95,2.85,0.0,0.0,0.0
2005-10-10,2005-10-27,OPTSTK,JSTAINLESS,125.0,PA,0.0,0.0,0.0,1.5,4.25,0.0,0.0,2000.0
2005-10-10,2005-10-27,OPTSTK,JSTAINLESS,130.0,PA,0.0,0.0,0.0,17.55,6.05,0.0,0.0,0.0
2005-10-10,2005-10-27,OPTSTK,JSTAINLESS,135.0,PA,0.0,0.0,0.0,18.95,8.3,0.0,0.0,0.0
2005-10-10,2005-10-27,OPTSTK,JSTAINLESS,140.0,PA,0.0,0.0,0.0,5.0,10.9,0.0,0.0,2000.0
2005-10-10,2005-10-27,OPTSTK,JSTAINLESS,145.0,PA,0.0,0.0,0.0,5.5,13.9,0.0,0.0,2000.0
2005-10-10,2005-10-27,OPTSTK,JSTAINLESS,150.0,PA,0.0,0.0,0.0,15.0,17.3,0.0,0.0,264000.0
2005-10-10,2005-10-27,OPTSTK,JSTAINLESS,155.0,PA,0.0,0.0,0.0,21.65,21.0,0.0,0.0,0.0
2005-10-10,2005-10-27,OPTSTK,JSTAINLESS,160.0,PA,0.0,0.0,0.0,24.8,24.95,0.0,0.0,0.0
2005-10-10,2005-10-27,OPTSTK,JSTAINLESS,165.0,PA,0.0,0.0,0.0,28.1,29.15,0.0,0.0,0.0
2005-10-10,2005-10-27,OPTSTK,JSTAINLESS,170.0,PA,0.0,0.0,0.0,23.75,33.5,0.0,0.0,0.0
2005-10-10,2005-10-27,OPTSTK,JSTAINLESS,175.0,PA,0.0,0.0,0.0,26.95,38.05,0.0,0.0,0.0
2005-10-10,2005-11-24,OPTSTK,JSTAINLESS,100.0,CA,0.0,0.0,0.0,19.5,40.75,0.0,0.0,0.0
2005-10-10,2005-11-24,OPTSTK,JSTAINLESS,105.0,CA,0.0,0.0,0.0,15.8,36.7,0.0,0.0,0.0
2005-10-10,2005-11-24,OPTSTK,JSTAINLESS,110.0,CA,0.0,0.0,0.0,12.5,32.9,0.0,0.0,0.0
2005-10-10,2005-11-24,OPTSTK,JSTAINLESS,115.0,CA,0.0,0.0,0.0,9.7,29.35,0.0,0.0,0.0
2005-10-10,2005-11-24,OPTSTK,JSTAINLESS,120.0,CA,0.0,0.0,0.0,7.4,26.05,0.0,0.0,0.0
2005-10-10,2005-11-24,OPTSTK,JSTAINLESS,125.0,CA,0.0,0.0,0.0,5.5,23.0,0.0,0.0,0.0
2005-10-10,2005-11-24,OPTSTK,JSTAINLESS,130.0,CA,0.0,0.0,0.0,4.05,20.25,0.0,0.0,0.0
2005-10-10,2005-11-24,OPTSTK,JSTAINLESS,135.0,CA,0.0,0.0,0.0,4.6,17.7,0.0,0.0,0.0
2005-10-10,2005-11-24,OPTSTK,JSTAINLESS,140.0,CA,0.0,0.0,0.0,3.2,15.45,0.0,0.0,0.0
2005-10-10,2005-11-24,OPTSTK,JSTAINLESS,145.0,CA,0.0,0.0,0.0,24.55,13.45,0.0,0.0,0.0
2005-10-10,2005-11-24,OPTSTK,JSTAINLESS,150.0,CA,0.0,0.0,0.0,22.4,11.65,0.0,0.0,0.0
2005-10-10,2005-11-24,OPTSTK,JSTAINLESS,155.0,CA,0.0,0.0,0.0,20.45,10.05,0.0,0.0,0.0
2005-10-10,2005-11-24,OPTSTK,JSTAINLESS,160.0,CA,0.0,0.0,0.0,18.6,8.65,0.0,0.0,0.0
2005-10-10,2005-11-24,OPTSTK,JSTAINLESS,165.0,CA,0.0,0.0,0.0,16.95,7.45,0.0,0.0,0.0
2005-10-10,2005-11-24,OPTSTK,JSTAINLESS,170.0,CA,0.0,0.0,0.0,20.75,6.4,0.0,0.0,0.0
2005-10-10,2005-11-24,OPTSTK,JSTAINLESS,175.0,CA,0.0,0.0,0.0,19.0,5.5,0.0,0.0,0.0
2005-10-10,2005-11-24,OPTSTK,JSTAINLESS,100.0,PA,0.0,0.0,0.0,1.9,2.25,0.0,0.0,0.0
2005-10-10,2005-11-24,OPTSTK,JSTAINLESS,105.0,PA,0.0,0.0,0.0,3.1,3.15,0.0,0.0,0.0
2005-10-10,2005-11-24,OPTSTK,JSTAINLESS,110.0,PA,0.0,0.0,0.0,4.75,4.35,0.0,0.0,0.0
2005-10-10,2005-11-24,OPTSTK,JSTAINLESS,115.0,PA,0.0,0.0,0.0,6.85,5.75,0.0,0.0,0.0
2005-10-10,2005-11-24,OPTSTK,JSTAINLESS,120.0,PA,0.0,0.0,0.0,9.45,7.4,0.0,0.0,0.0
2005-10-10,2005-11-24,OPTSTK,JSTAINLESS,125.0,PA,0.0,0.0,0.0,12.5,9.3,0.0,0.0,0.0
2005-10-10,2005-11-24,OPTSTK,JSTAINLESS,130.0,PA,0.0,0.0,0.0,15.95,11.5,0.0,0.0,0.0
2005-10-10,2005-11-24,OPTSTK,JSTAINLESS,135.0,PA,0.0,0.0,0.0,17.35,14.0,0.0,0.0,0.0
2005-10-10,2005-11-24,OPTSTK,JSTAINLESS,140.0,PA,0.0,0.0,0.0,17.9,16.7,0.0,0.0,0.0
2005-10-10,2005-11-24,OPTSTK,JSTAINLESS,145.0,PA,0.0,0.0,0.0,20.35,19.65,0.0,0.0,0.0
2005-10-10,2005-11-24,OPTSTK,JSTAINLESS,150.0,PA,0.0,0.0,0.0,23.15,22.8,0.0,0.0,0.0
2005-10-10,2005-11-24,OPTSTK,JSTAINLESS,155.0,PA,0.0,0.0,0.0,26.1,26.15,0.0,0.0,0.0
2005-10-10,2005-11-24,OPTSTK,JSTAINLESS,160.0,PA,0.0,0.0,0.0,29.2,29.75,0.0,0.0,0.0
2005-10-10,2005-11-24,OPTSTK,JSTAINLESS,165.0,PA,0.0,0.0,0.0,32.5,33.5,0.0,0.0,0.0
2005-10-10,2005-11-24,OPTSTK,JSTAINLESS,170.0,PA,0.0,0.0,0.0,28.65,37.4,0.0,0.0,0.0
2005-10-10,2005-11-24,OPTSTK,JSTAINLESS,175.0,PA,0.0,0.0,0.0,31.85,41.45,0.0,0.0,0.0
2005-10-10,2005-12-29,OPTSTK,JSTAINLESS,125.0,CA,0.0,0.0,0.0,29.55,28.15,0.0,0.0,0.0
2005-10-10,2005-12-29,OPTSTK,JSTAINLESS,130.0,CA,0.0,0.0,0.0,35.15,25.6,0.0,0.0,0.0
2005-10-10,2005-12-29,OPTSTK,JSTAINLESS,135.0,CA,0.0,0.0,0.0,32.8,23.25,0.0,0.0,0.0
2005-10-10,2005-12-29,OPTSTK,JSTAINLESS,140.0,CA,0.0,0.0,0.0,30.55,21.1,0.0,0.0,0.0
2005-10-10,2005-12-29,OPTSTK,JSTAINLESS,145.0,CA,0.0,0.0,0.0,28.45,19.1,0.0,0.0,0.0
2005-10-10,2005-12-29,OPTSTK,JSTAINLESS,150.0,CA,0.0,0.0,0.0,26.5,17.3,0.0,0.0,0.0
2005-10-10,2005-12-29,OPTSTK,JSTAINLESS,155.0,CA,0.0,0.0,0.0,24.7,15.65,0.0,0.0,0.0
2005-10-10,2005-12-29,OPTSTK,JSTAINLESS,160.0,CA,0.0,0.0,0.0,23.0,14.1,0.0,0.0,0.0
2005-10-10,2005-12-29,OPTSTK,JSTAINLESS,125.0,PA,0.0,0.0,0.0,15.1,13.75,0.0,0.0,0.0
2005-10-10,2005-12-29,OPTSTK,JSTAINLESS,130.0,PA,0.0,0.0,0.0,19.1,16.15,0.0,0.0,0.0
2005-10-10,2005-12-29,OPTSTK,JSTAINLESS,135.0,PA,0.0,0.0,0.0,21.65,18.75,0.0,0.0,0.0
2005-10-10,2005-12-29,OPTSTK,JSTAINLESS,140.0,PA,0.0,0.0,0.0,24.35,21.5,0.0,0.0,0.0
2005-10-10,2005-12-29,OPTSTK,JSTAINLESS,145.0,PA,0.0,0.0,0.0,27.2,24.45,0.0,0.0,0.0
2005-10-10,2005-12-29,OPTSTK,JSTAINLESS,150.0,PA,0.0,0.0,0.0,30.15,27.55,0.0,0.0,0.0
2005-10-10,2005-12-29,OPTSTK,JSTAINLESS,155.0,PA,0.0,0.0,0.0,33.25,30.85,0.0,0.0,0.0
2005-10-10,2005-12-29,OPTSTK,JSTAINLESS,160.0,PA,0.0,0.0,0.0,36.5,34.25,0.0,0.0,0.0
2005-10-10,2005-10-27,OPTSTK,KTKBANK,95.0,CA,0.0,0.0,0.0,21.95,20.9,0.0,0.0,0.0
2005-10-10,2005-10-27,OPTSTK,KTKBANK,100.0,CA,0.0,0.0,0.0,18.7,16.1,0.0,0.0,0.0
2005-10-10,2005-10-27,OPTSTK,KTKBANK,105.0,CA,0.0,0.0,0.0,22.0,11.65,0.0,0.0,0.0
2005-10-10,2005-10-27,OPTSTK,KTKBANK,110.0,CA,0.0,0.0,0.0,13.0,7.75,0.0,0.0,12500.0
2005-10-10,2005-10-27,OPTSTK,KTKBANK,115.0,CA,4.4,5.5,4.35,4.65,4.65,9.0,26.97,57500.0
2005-10-10,2005-10-27,OPTSTK,KTKBANK,120.0,CA,3.5,3.5,2.75,2.9,2.9,20.0,61.53,250000.0
2005-10-10,2005-10-27,OPTSTK,KTKBANK,125.0,CA,2.2,2.2,1.65,1.75,1.75,4.0,12.68,117500.0
2005-10-10,2005-10-27,OPTSTK,KTKBANK,130.0,CA,1.15,1.15,1.0,1.0,1.0,3.0,9.83,85000.0
2005-10-10,2005-10-27,OPTSTK,KTKBANK,135.0,CA,0.0,0.0,0.0,1.5,0.25,0.0,0.0,20000.0
2005-10-10,2005-10-27,OPTSTK,KTKBANK,140.0,CA,0.0,0.0,0.0,0.95,0.1,0.0,0.0,2500.0
2005-10-10,2005-10-27,OPTSTK,KTKBANK,145.0,CA,0.0,0.0,0.0,15.45,0.05,0.0,0.0,0.0
2005-10-10,2005-10-27,OPTSTK,KTKBANK,150.0,CA,0.0,0.0,0.0,15.9,0.05,0.0,0.0,0.0
2005-10-10,2005-10-27,OPTSTK,KTKBANK,95.0,PA,0.0,0.0,0.0,4.45,0.05,0.0,0.0,0.0
2005-10-10,2005-10-27,OPTSTK,KTKBANK,100.0,PA,0.0,0.0,0.0,0.9,0.25,0.0,0.0,5000.0
2005-10-10,2005-10-27,OPTSTK,KTKBANK,105.0,PA,0.0,0.0,0.0,5.25,0.75,0.0,0.0,0.0
2005-10-10,2005-10-27,OPTSTK,KTKBANK,110.0,PA,0.0,0.0,0.0,1.9,1.85,0.0,0.0,5000.0
2005-10-10,2005-10-27,OPTSTK,KTKBANK,115.0,PA,0.0,0.0,0.0,4.0,3.85,0.0,0.0,7500.0
2005-10-10,2005-10-27,OPTSTK,KTKBANK,120.0,PA,0.0,0.0,0.0,6.0,6.7,0.0,0.0,10000.0
2005-10-10,2005-10-27,OPTSTK,KTKBANK,125.0,PA,0.0,0.0,0.0,19.6,10.4,0.0,0.0,0.0
2005-10-10,2005-10-27,OPTSTK,KTKBANK,130.0,PA,0.0,0.0,0.0,22.5,14.65,0.0,0.0,0.0
2005-10-10,2005-10-27,OPTSTK,KTKBANK,135.0,PA,0.0,0.0,0.0,25.55,19.3,0.0,0.0,0.0
2005-10-10,2005-10-27,OPTSTK,KTKBANK,140.0,PA,0.0,0.0,0.0,28.75,24.15,0.0,0.0,0.0
2005-10-10,2005-10-27,OPTSTK,KTKBANK,145.0,PA,0.0,0.0,0.0,29.75,29.1,0.0,0.0,0.0
2005-10-10,2005-10-27,OPTSTK,KTKBANK,150.0,PA,0.0,0.0,0.0,33.0,34.05,0.0,0.0,5000.0
2005-10-10,2005-11-24,OPTSTK,KTKBANK,95.0,CA,0.0,0.0,0.0,2.55,21.95,0.0,0.0,0.0
2005-10-10,2005-11-24,OPTSTK,KTKBANK,100.0,CA,0.0,0.0,0.0,21.1,17.65,0.0,0.0,0.0
2005-10-10,2005-11-24,OPTSTK,KTKBANK,105.0,CA,0.0,0.0,0.0,4.0,13.8,0.0,0.0,0.0
2005-10-10,2005-11-24,OPTSTK,KTKBANK,110.0,CA,0.0,0.0,0.0,15.75,10.45,0.0,0.0,0.0
2005-10-10,2005-11-24,OPTSTK,KTKBANK,115.0,CA,0.0,0.0,0.0,13.5,7.65,0.0,0.0,0.0
2005-10-10,2005-11-24,OPTSTK,KTKBANK,120.0,CA,0.0,0.0,0.0,11.55,5.45,0.0,0.0,0.0
2005-10-10,2005-11-24,OPTSTK,KTKBANK,125.0,CA,0.0,0.0,0.0,9.85,3.75,0.0,0.0,0.0
2005-10-10,2005-11-24,OPTSTK,KTKBANK,130.0,CA,0.0,0.0,0.0,8.5,2.5,0.0,0.0,0.0
2005-10-10,2005-11-24,OPTSTK,KTKBANK,135.0,CA,0.0,0.0,0.0,8.1,1.65,0.0,0.0,0.0
2005-10-10,2005-11-24,OPTSTK,KTKBANK,140.0,CA,0.0,0.0,0.0,5.95,1.05,0.0,0.0,0.0
2005-10-10,2005-11-24,OPTSTK,KTKBANK,95.0,PA,0.0,0.0,0.0,5.55,0.65,0.0,0.0,0.0
2005-10-10,2005-11-24,OPTSTK,KTKBANK,100.0,PA,0.0,0.0,0.0,7.35,1.35,0.0,0.0,0.0
2005-10-10,2005-11-24,OPTSTK,KTKBANK,105.0,PA,0.0,0.0,0.0,9.45,2.4,0.0,0.0,0.0
2005-10-10,2005-11-24,OPTSTK,KTKBANK,110.0,PA,0.0,0.0,0.0,11.85,4.0,0.0,0.0,0.0
2005-10-10,2005-11-24,OPTSTK,KTKBANK,115.0,PA,0.0,0.0,0.0,14.55,6.2,0.0,0.0,0.0
2005-10-10,2005-11-24,OPTSTK,KTKBANK,120.0,PA,0.0,0.0,0.0,17.5,8.95,0.0,0.0,0.0
2005-10-10,2005-11-24,OPTSTK,KTKBANK,125.0,PA,0.0,0.0,0.0,20.7,12.2,0.0,0.0,0.0
2005-10-10,2005-11-24,OPTSTK,KTKBANK,130.0,PA,0.0,0.0,0.0,22.85,15.95,0.0,0.0,0.0
2005-10-10,2005-11-24,OPTSTK,KTKBANK,135.0,PA,0.0,0.0,0.0,23.0,20.05,0.0,0.0,0.0
2005-10-10,2005-11-24,OPTSTK,KTKBANK,140.0,PA,0.0,0.0,0.0,21.3,24.4,0.0,0.0,0.0
2005-10-10,2005-12-29,OPTSTK,KTKBANK,100.0,CA,0.0,0.0,0.0,20.9,19.55,0.0,0.0,0.0
2005-10-10,2005-12-29,OPTSTK,KTKBANK,105.0,CA,0.0,0.0,0.0,17.65,16.0,0.0,0.0,0.0
2005-10-10,2005-12-29,OPTSTK,KTKBANK,110.0,CA,0.0,0.0,0.0,14.8,12.9,0.0,0.0,0.0
2005-10-10,2005-12-29,OPTSTK,KTKBANK,115.0,CA,0.0,0.0,0.0,12.25,10.25,0.0,0.0,0.0
2005-10-10,2005-12-29,OPTSTK,KTKBANK,120.0,CA,0.0,0.0,0.0,10.05,8.0,0.0,0.0,0.0
2005-10-10,2005-12-29,OPTSTK,KTKBANK,125.0,CA,0.0,0.0,0.0,8.2,6.15,0.0,0.0,0.0
2005-10-10,2005-12-29,OPTSTK,KTKBANK,130.0,CA,0.0,0.0,0.0,6.65,4.7,0.0,0.0,0.0
2005-10-10,2005-12-29,OPTSTK,KTKBANK,135.0,CA,0.0,0.0,0.0,5.15,3.5,0.0,0.0,0.0
2005-10-10,2005-12-29,OPTSTK,KTKBANK,100.0,PA,0.0,0.0,0.0,4.25,2.65,0.0,0.0,0.0
2005-10-10,2005-12-29,OPTSTK,KTKBANK,105.0,PA,0.0,0.0,0.0,5.9,4.05,0.0,0.0,0.0
2005-10-10,2005-12-29,OPTSTK,KTKBANK,110.0,PA,0.0,0.0,0.0,7.95,5.85,0.0,0.0,0.0
2005-10-10,2005-12-29,OPTSTK,KTKBANK,115.0,PA,0.0,0.0,0.0,10.35,8.15,0.0,0.0,0.0
2005-10-10,2005-12-29,OPTSTK,KTKBANK,120.0,PA,0.0,0.0,0.0,13.1,10.85,0.0,0.0,0.0
2005-10-10,2005-12-29,OPTSTK,KTKBANK,125.0,PA,0.0,0.0,0.0,16.15,13.95,0.0,0.0,0.0
2005-10-10,2005-12-29,OPTSTK,KTKBANK,130.0,PA,0.0,0.0,0.0,19.55,17.4,0.0,0.0,0.0
2005-10-10,2005-12-29,OPTSTK,KTKBANK,135.0,PA,0.0,0.0,0.0,20.7,21.15,0.0,0.0,0.0
2005-10-10,2005-10-27,OPTSTK,LICHSGFIN,180.0,CA,0.0,0.0,0.0,24.4,25.95,0.0,0.0,0.0
2005-10-10,2005-10-27,OPTSTK,LICHSGFIN,185.0,CA,0.0,0.0,0.0,26.2,21.35,0.0,0.0,0.0
2005-10-10,2005-10-27,OPTSTK,LICHSGFIN,190.0,CA,0.0,0.0,0.0,23.0,17.0,0.0,0.0,0.0
2005-10-10,2005-10-27,OPTSTK,LICHSGFIN,195.0,CA,0.0,0.0,0.0,33.4,13.05,0.0,0.0,0.0
2005-10-10,2005-10-27,OPTSTK,LICHSGFIN,200.0,CA,8.9,10.05,5.5,10.05,10.05,4.0,7.05,10200.0
2005-10-10,2005-10-27,OPTSTK,LICHSGFIN,205.0,CA,0.0,0.0,0.0,28.05,6.85,0.0,0.0,0.0
2005-10-10,2005-10-27,OPTSTK,LICHSGFIN,210.0,CA,5.0,6.7,3.5,6.55,6.55,24.0,43.92,55250.0
2005-10-10,2005-10-27,OPTSTK,LICHSGFIN,215.0,CA,0.0,0.0,0.0,7.0,3.0,0.0,0.0,850.0
2005-10-10,2005-10-27,OPTSTK,LICHSGFIN,220.0,CA,0.0,0.0,0.0,5.5,1.85,0.0,0.0,21250.0
2005-10-10,2005-10-27,OPTSTK,LICHSGFIN,225.0,CA,0.0,0.0,0.0,19.35,1.1,0.0,0.0,0.0
2005-10-10,2005-10-27,OPTSTK,LICHSGFIN,230.0,CA,0.0,0.0,0.0,18.7,0.65,0.0,0.0,0.0
2005-10-10,2005-10-27,OPTSTK,LICHSGFIN,235.0,CA,0.0,0.0,0.0,17.65,0.35,0.0,0.0,0.0
2005-10-10,2005-10-27,OPTSTK,LICHSGFIN,180.0,PA,0.0,0.0,0.0,6.4,0.3,0.0,0.0,0.0
2005-10-10,2005-10-27,OPTSTK,LICHSGFIN,185.0,PA,0.0,0.0,0.0,6.9,0.65,0.0,0.0,0.0
2005-10-10,2005-10-27,OPTSTK,LICHSGFIN,190.0,PA,0.0,0.0,0.0,8.7,1.3,0.0,0.0,0.0
2005-10-10,2005-10-27,OPTSTK,LICHSGFIN,195.0,PA,0.0,0.0,0.0,6.0,2.35,0.0,0.0,850.0
2005-10-10,2005-10-27,OPTSTK,LICHSGFIN,200.0,PA,0.0,0.0,0.0,7.0,3.95,0.0,0.0,5100.0
2005-10-10,2005-10-27,OPTSTK,LICHSGFIN,205.0,PA,0.0,0.0,0.0,18.75,6.1,0.0,0.0,0.0
2005-10-10,2005-10-27,OPTSTK,LICHSGFIN,210.0,PA,0.0,0.0,0.0,21.25,8.9,0.0,0.0,0.0
2005-10-10,2005-10-27,OPTSTK,LICHSGFIN,215.0,PA,0.0,0.0,0.0,23.9,12.25,0.0,0.0,0.0
2005-10-10,2005-10-27,OPTSTK,LICHSGFIN,220.0,PA,0.0,0.0,0.0,26.75,16.1,0.0,0.0,0.0
2005-10-10,2005-10-27,OPTSTK,LICHSGFIN,225.0,PA,0.0,0.0,0.0,29.75,20.3,0.0,0.0,0.0
2005-10-10,2005-10-27,OPTSTK,LICHSGFIN,230.0,PA,0.0,0.0,0.0,29.95,24.85,0.0,0.0,0.0
2005-10-10,2005-10-27,OPTSTK,LICHSGFIN,235.0,PA,0.0,0.0,0.0,30.75,29.55,0.0,0.0,0.0
2005-10-10,2005-11-24,OPTSTK,LICHSGFIN,180.0,CA,0.0,0.0,0.0,27.35,28.3,0.0,0.0,0.0
2005-10-10,2005-11-24,OPTSTK,LICHSGFIN,185.0,CA,0.0,0.0,0.0,24.35,24.25,0.0,0.0,0.0
2005-10-10,2005-11-24,OPTSTK,LICHSGFIN,190.0,CA,0.0,0.0,0.0,21.55,20.5,0.0,0.0,0.0
2005-10-10,2005-11-24,OPTSTK,LICHSGFIN,195.0,CA,0.0,0.0,0.0,19.0,17.1,0.0,0.0,0.0
2005-10-10,2005-11-24,OPTSTK,LICHSGFIN,200.0,CA,0.0,0.0,0.0,16.65,14.05,0.0,0.0,0.0
2005-10-10,2005-11-24,OPTSTK,LICHSGFIN,205.0,CA,0.0,0.0,0.0,14.55,11.35,0.0,0.0,0.0
2005-10-10,2005-11-24,OPTSTK,LICHSGFIN,210.0,CA,0.0,0.0,0.0,12.7,9.05,0.0,0.0,0.0
2005-10-10,2005-11-24,OPTSTK,LICHSGFIN,215.0,CA,0.0,0.0,0.0,12.95,7.1,0.0,0.0,0.0
2005-10-10,2005-11-24,OPTSTK,LICHSGFIN,220.0,CA,0.0,0.0,0.0,14.0,5.5,0.0,0.0,0.0
2005-10-10,2005-11-24,OPTSTK,LICHSGFIN,225.0,CA,0.0,0.0,0.0,11.7,4.2,0.0,0.0,0.0
2005-10-10,2005-11-24,OPTSTK,LICHSGFIN,230.0,CA,0.0,0.0,0.0,7.65,3.2,0.0,0.0,0.0
2005-10-10,2005-11-24,OPTSTK,LICHSGFIN,235.0,CA,0.0,0.0,0.0,6.75,2.35,0.0,0.0,0.0
2005-10-10,2005-11-24,OPTSTK,LICHSGFIN,180.0,PA,0.0,0.0,0.0,8.55,1.8,0.0,0.0,0.0
2005-10-10,2005-11-24,OPTSTK,LICHSGFIN,185.0,PA,0.0,0.0,0.0,10.45,2.7,0.0,0.0,0.0
2005-10-10,2005-11-24,OPTSTK,LICHSGFIN,190.0,PA,0.0,0.0,0.0,12.55,3.9,0.0,0.0,0.0
2005-10-10,2005-11-24,OPTSTK,LICHSGFIN,195.0,PA,0.0,0.0,0.0,14.95,5.45,0.0,0.0,0.0
2005-10-10,2005-11-24,OPTSTK,LICHSGFIN,200.0,PA,0.0,0.0,0.0,17.55,7.35,0.0,0.0,0.0
2005-10-10,2005-11-24,OPTSTK,LICHSGFIN,205.0,PA,0.0,0.0,0.0,20.35,9.65,0.0,0.0,0.0
2005-10-10,2005-11-24,OPTSTK,LICHSGFIN,210.0,PA,0.0,0.0,0.0,23.4,12.3,0.0,0.0,0.0
2005-10-10,2005-11-24,OPTSTK,LICHSGFIN,215.0,PA,0.0,0.0,0.0,23.9,15.35,0.0,0.0,0.0
2005-10-10,2005-11-24,OPTSTK,LICHSGFIN,220.0,PA,0.0,0.0,0.0,24.75,18.7,0.0,0.0,0.0
2005-10-10,2005-11-24,OPTSTK,LICHSGFIN,225.0,PA,0.0,0.0,0.0,25.85,22.35,0.0,0.0,0.0
2005-10-10,2005-11-24,OPTSTK,LICHSGFIN,230.0,PA,0.0,0.0,0.0,21.0,26.3,0.0,0.0,0.0
2005-10-10,2005-11-24,OPTSTK,LICHSGFIN,235.0,PA,0.0,0.0,0.0,20.95,30.45,0.0,0.0,0.0
2005-10-10,2005-12-29,OPTSTK,LICHSGFIN,185.0,CA,0.0,0.0,0.0,24.65,27.5,0.0,0.0,0.0
2005-10-10,2005-12-29,OPTSTK,LICHSGFIN,190.0,CA,0.0,0.0,0.0,21.65,24.05,0.0,0.0,0.0
2005-10-10,2005-12-29,OPTSTK,LICHSGFIN,195.0,CA,0.0,0.0,0.0,18.9,20.9,0.0,0.0,0.0
2005-10-10,2005-12-29,OPTSTK,LICHSGFIN,200.0,CA,0.0,0.0,0.0,16.4,18.0,0.0,0.0,0.0
2005-10-10,2005-12-29,OPTSTK,LICHSGFIN,205.0,CA,0.0,0.0,0.0,14.2,15.4,0.0,0.0,0.0
2005-10-10,2005-12-29,OPTSTK,LICHSGFIN,210.0,CA,0.0,0.0,0.0,12.2,13.1,0.0,0.0,0.0
2005-10-10,2005-12-29,OPTSTK,LICHSGFIN,215.0,CA,0.0,0.0,0.0,10.4,11.05,0.0,0.0,0.0
2005-10-10,2005-12-29,OPTSTK,LICHSGFIN,220.0,CA,0.0,0.0,0.0,11.9,9.25,0.0,0.0,0.0
2005-10-10,2005-12-29,OPTSTK,LICHSGFIN,225.0,CA,0.0,0.0,0.0,10.1,7.7,0.0,0.0,0.0
2005-10-10,2005-12-29,OPTSTK,LICHSGFIN,185.0,PA,0.0,0.0,0.0,8.1,4.9,0.0,0.0,0.0
2005-10-10,2005-12-29,OPTSTK,LICHSGFIN,190.0,PA,0.0,0.0,0.0,10.0,6.35,0.0,0.0,0.0
2005-10-10,2005-12-29,OPTSTK,LICHSGFIN,195.0,PA,0.0,0.0,0.0,12.2,8.15,0.0,0.0,0.0
2005-10-10,2005-12-29,OPTSTK,LICHSGFIN,200.0,PA,0.0,0.0,0.0,14.6,10.2,0.0,0.0,0.0
2005-10-10,2005-12-29,OPTSTK,LICHSGFIN,205.0,PA,0.0,0.0,0.0,17.3,12.5,0.0,0.0,0.0
2005-10-10,2005-12-29,OPTSTK,LICHSGFIN,210.0,PA,0.0,0.0,0.0,20.25,15.15,0.0,0.0,0.0
2005-10-10,2005-12-29,OPTSTK,LICHSGFIN,215.0,PA,0.0,0.0,0.0,23.4,18.0,0.0,0.0,0.0
2005-10-10,2005-12-29,OPTSTK,LICHSGFIN,220.0,PA,0.0,0.0,0.0,21.7,21.15,0.0,0.0,0.0
2005-10-10,2005-12-29,OPTSTK,LICHSGFIN,225.0,PA,0.0,0.0,0.0,23.7,24.55,0.0,0.0,0.0
2005-10-10,2005-10-27,OPTSTK,M&M,310.0,CA,0.0,0.0,0.0,92.95,71.95,0.0,0.0,0.0
2005-10-10,2005-10-27,OPTSTK,M&M,320.0,CA,0.0,0.0,0.0,80.2,62.15,0.0,0.0,0.0
2005-10-10,2005-10-27,OPTSTK,M&M,330.0,CA,0.0,0.0,0.0,68.6,52.6,0.0,0.0,0.0
2005-10-10,2005-10-27,OPTSTK,M&M,340.0,CA,0.0,0.0,0.0,58.25,43.45,0.0,0.0,0.0
2005-10-10,2005-10-27,OPTSTK,M&M,350.0,CA,0.0,0.0,0.0,49.05,34.85,0.0,0.0,0.0
2005-10-10,2005-10-27,OPTSTK,M&M,360.0,CA,0.0,0.0,0.0,32.0,27.15,0.0,0.0,13750.0
2005-10-10,2005-10-27,OPTSTK,M&M,370.0,CA,0.0,0.0,0.0,29.95,20.35,0.0,0.0,3750.0
2005-10-10,2005-10-27,OPTSTK,M&M,380.0,CA,0.0,0.0,0.0,22.0,14.75,0.0,0.0,11250.0
2005-10-10,2005-10-27,OPTSTK,M&M,390.0,CA,12.0,12.0,12.0,12.0,12.0,1.0,5.02,3750.0
2005-10-10,2005-10-27,OPTSTK,M&M,400.0,CA,5.8,8.0,5.8,6.8,6.8,7.0,35.65,66250.0
2005-10-10,2005-10-27,OPTSTK,M&M,410.0,CA,0.0,0.0,0.0,7.0,4.45,0.0,0.0,20000.0
2005-10-10,2005-10-27,OPTSTK,M&M,420.0,CA,0.0,0.0,0.0,5.7,2.8,0.0,0.0,0.0
2005-10-10,2005-10-27,OPTSTK,M&M,430.0,CA,0.0,0.0,0.0,7.95,1.65,0.0,0.0,0.0
2005-10-10,2005-10-27,OPTSTK,M&M,440.0,CA,0.0,0.0,0.0,5.5,0.95,0.0,0.0,0.0
2005-10-10,2005-10-27,OPTSTK,M&M,310.0,PA,0.0,0.0,0.0,22.5,0.15,0.0,0.0,0.0
2005-10-10,2005-10-27,OPTSTK,M&M,320.0,PA,0.0,0.0,0.0,29.45,0.3,0.0,0.0,0.0
2005-10-10,2005-10-27,OPTSTK,M&M,330.0,PA,0.0,0.0,0.0,37.6,0.75,0.0,0.0,0.0
2005-10-10,2005-10-27,OPTSTK,M&M,340.0,PA,0.0,0.0,0.0,46.9,1.55,0.0,0.0,0.0
2005-10-10,2005-10-27,OPTSTK,M&M,350.0,PA,0.0,0.0,0.0,57.45,2.95,0.0,0.0,0.0
2005-10-10,2005-10-27,OPTSTK,M&M,360.0,PA,0.0,0.0,0.0,9.0,5.2,0.0,0.0,2500.0
2005-10-10,2005-10-27,OPTSTK,M&M,370.0,PA,5.5,7.0,5.5,7.0,7.0,3.0,14.1,3750.0
2005-10-10,2005-10-27,OPTSTK,M&M,380.0,PA,0.0,0.0,0.0,10.0,12.8,0.0,0.0,3750.0
2005-10-10,2005-10-27,OPTSTK,M&M,390.0,PA,0.0,0.0,0.0,11.1,18.3,0.0,0.0,1250.0
2005-10-10,2005-10-27,OPTSTK,M&M,400.0,PA,0.0,0.0,0.0,18.75,24.85,0.0,0.0,5000.0
2005-10-10,2005-10-27,OPTSTK,M&M,410.0,PA,0.0,0.0,0.0,37.25,32.4,0.0,0.0,0.0
2005-10-10,2005-10-27,OPTSTK,M&M,420.0,PA,0.0,0.0,0.0,34.9,40.7,0.0,0.0,0.0
2005-10-10,2005-10-27,OPTSTK,M&M,430.0,PA,0.0,0.0,0.0,29.9,49.55,0.0,0.0,0.0
2005-10-10,2005-10-27,OPTSTK,M&M,440.0,PA,0.0,0.0,0.0,37.45,58.85,0.0,0.0,0.0
2005-10-10,2005-11-24,OPTSTK,M&M,320.0,CA,0.0,0.0,0.0,37.2,66.05,0.0,0.0,0.0
2005-10-10,2005-11-24,OPTSTK,M&M,330.0,CA,0.0,0.0,0.0,86.45,57.6,0.0,0.0,0.0
2005-10-10,2005-11-24,OPTSTK,M&M,340.0,CA,0.0,0.0,0.0,74.05,49.65,0.0,0.0,0.0
2005-10-10,2005-11-24,OPTSTK,M&M,350.0,CA,0.0,0.0,0.0,62.9,42.25,0.0,0.0,0.0
2005-10-10,2005-11-24,OPTSTK,M&M,360.0,CA,0.0,0.0,0.0,53.0,35.55,0.0,0.0,0.0
2005-10-10,2005-11-24,OPTSTK,M&M,370.0,CA,0.0,0.0,0.0,44.25,29.55,0.0,0.0,0.0
2005-10-10,2005-11-24,OPTSTK,M&M,380.0,CA,0.0,0.0,0.0,36.65,24.25,0.0,0.0,0.0
2005-10-10,2005-11-24,OPTSTK,M&M,390.0,CA,0.0,0.0,0.0,30.15,19.65,0.0,0.0,0.0
2005-10-10,2005-11-24,OPTSTK,M&M,400.0,CA,0.0,0.0,0.0,10.45,15.75,0.0,0.0,0.0
2005-10-10,2005-11-24,OPTSTK,M&M,410.0,CA,0.0,0.0,0.0,10.1,12.45,0.0,0.0,0.0
2005-10-10,2005-11-24,OPTSTK,M&M,420.0,CA,0.0,0.0,0.0,12.75,9.75,0.0,0.0,0.0
2005-10-10,2005-11-24,OPTSTK,M&M,430.0,CA,0.0,0.0,0.0,16.35,7.55,0.0,0.0,0.0
2005-10-10,2005-11-24,OPTSTK,M&M,440.0,CA,0.0,0.0,0.0,13.2,5.75,0.0,0.0,0.0
2005-10-10,2005-11-24,OPTSTK,M&M,320.0,PA,0.0,0.0,0.0,8.25,2.7,0.0,0.0,0.0
2005-10-10,2005-11-24,OPTSTK,M&M,330.0,PA,0.0,0.0,0.0,24.3,4.15,0.0,0.0,0.0
2005-10-10,2005-11-24,OPTSTK,M&M,340.0,PA,0.0,0.0,0.0,31.65,6.1,0.0,0.0,0.0
2005-10-10,2005-11-24,OPTSTK,M&M,350.0,PA,0.0,0.0,0.0,40.15,8.7,0.0,0.0,0.0
2005-10-10,2005-11-24,OPTSTK,M&M,360.0,PA,0.0,0.0,0.0,49.95,11.9,0.0,0.0,0.0
2005-10-10,2005-11-24,OPTSTK,M&M,370.0,PA,0.0,0.0,0.0,60.9,15.8,0.0,0.0,0.0
2005-10-10,2005-11-24,OPTSTK,M&M,380.0,PA,0.0,0.0,0.0,73.0,20.45,0.0,0.0,0.0
2005-10-10,2005-11-24,OPTSTK,M&M,390.0,PA,0.0,0.0,0.0,86.2,25.75,0.0,0.0,0.0
2005-10-10,2005-11-24,OPTSTK,M&M,400.0,PA,0.0,0.0,0.0,39.85,31.75,0.0,0.0,0.0
2005-10-10,2005-11-24,OPTSTK,M&M,410.0,PA,0.0,0.0,0.0,39.65,38.4,0.0,0.0,0.0
2005-10-10,2005-11-24,OPTSTK,M&M,420.0,PA,0.0,0.0,0.0,39.9,45.65,0.0,0.0,0.0
2005-10-10,2005-11-24,OPTSTK,M&M,430.0,PA,0.0,0.0,0.0,36.25,53.35,0.0,0.0,0.0
2005-10-10,2005-11-24,OPTSTK,M&M,440.0,PA,0.0,0.0,0.0,43.0,61.5,0.0,0.0,0.0
2005-10-10,2005-12-29,OPTSTK,M&M,340.0,CA,0.0,0.0,0.0,49.35,56.45,0.0,0.0,0.0
2005-10-10,2005-12-29,OPTSTK,M&M,350.0,CA,0.0,0.0,0.0,42.95,49.7,0.0,0.0,0.0
2005-10-10,2005-12-29,OPTSTK,M&M,360.0,CA,0.0,0.0,0.0,37.15,43.5,0.0,0.0,0.0
2005-10-10,2005-12-29,OPTSTK,M&M,370.0,CA,0.0,0.0,0.0,31.95,37.8,0.0,0.0,0.0
2005-10-10,2005-12-29,OPTSTK,M&M,380.0,CA,0.0,0.0,0.0,27.25,32.7,0.0,0.0,0.0
2005-10-10,2005-12-29,OPTSTK,M&M,390.0,CA,0.0,0.0,0.0,23.1,28.1,0.0,0.0,0.0
2005-10-10,2005-12-29,OPTSTK,M&M,400.0,CA,0.0,0.0,0.0,19.45,24.0,0.0,0.0,0.0
2005-10-10,2005-12-29,OPTSTK,M&M,410.0,CA,0.0,0.0,0.0,17.95,20.35,0.0,0.0,0.0
2005-10-10,2005-12-29,OPTSTK,M&M,420.0,CA,0.0,0.0,0.0,20.0,17.2,0.0,0.0,0.0
2005-10-10,2005-12-29,OPTSTK,M&M,430.0,CA,0.0,0.0,0.0,24.55,14.45,0.0,0.0,0.0
2005-10-10,2005-12-29,OPTSTK,M&M,440.0,CA,0.0,0.0,0.0,21.05,12.1,0.0,0.0,0.0
2005-10-10,2005-12-29,OPTSTK,M&M,340.0,PA,0.0,0.0,0.0,12.45,11.0,0.0,0.0,0.0
2005-10-10,2005-12-29,OPTSTK,M&M,350.0,PA,0.0,0.0,0.0,15.95,14.1,0.0,0.0,0.0
2005-10-10,2005-12-29,OPTSTK,M&M,360.0,PA,0.0,0.0,0.0,20.0,17.75,0.0,0.0,0.0
2005-10-10,2005-12-29,OPTSTK,M&M,370.0,PA,0.0,0.0,0.0,24.65,21.95,0.0,0.0,0.0
2005-10-10,2005-12-29,OPTSTK,M&M,380.0,PA,0.0,0.0,0.0,29.8,26.7,0.0,0.0,0.0
2005-10-10,2005-12-29,OPTSTK,M&M,390.0,PA,0.0,0.0,0.0,35.5,31.95,0.0,0.0,0.0
2005-10-10,2005-12-29,OPTSTK,M&M,400.0,PA,0.0,0.0,0.0,41.7,37.75,0.0,0.0,0.0
2005-10-10,2005-12-29,OPTSTK,M&M,410.0,PA,0.0,0.0,0.0,44.4,44.0,0.0,0.0,0.0
2005-10-10,2005-12-29,OPTSTK,M&M,420.0,PA,0.0,0.0,0.0,44.75,50.7,0.0,0.0,0.0
2005-10-10,2005-12-29,OPTSTK,M&M,430.0,PA,0.0,0.0,0.0,42.0,57.8,0.0,0.0,0.0
2005-10-10,2005-12-29,OPTSTK,M&M,440.0,PA,0.0,0.0,0.0,48.35,65.35,0.0,0.0,0.0
2005-10-10,2005-10-27,OPTSTK,MAHSEAMLES,380.0,CA,0.0,0.0,0.0,47.35,68.5,0.0,0.0,0.0
2005-10-10,2005-10-27,OPTSTK,MAHSEAMLES,390.0,CA,0.0,0.0,0.0,40.45,59.8,0.0,0.0,0.0
2005-10-10,2005-10-27,OPTSTK,MAHSEAMLES,400.0,CA,0.0,0.0,0.0,34.15,51.55,0.0,0.0,0.0
2005-10-10,2005-10-27,OPTSTK,MAHSEAMLES,410.0,CA,0.0,0.0,0.0,28.55,43.9,0.0,0.0,0.0
2005-10-10,2005-10-27,OPTSTK,MAHSEAMLES,420.0,CA,0.0,0.0,0.0,23.6,36.85,0.0,0.0,0.0
2005-10-10,2005-10-27,OPTSTK,MAHSEAMLES,430.0,CA,0.0,0.0,0.0,19.25,30.55,0.0,0.0,0.0
2005-10-10,2005-10-27,OPTSTK,MAHSEAMLES,440.0,CA,0.0,0.0,0.0,15.6,25.0,0.0,0.0,0.0
2005-10-10,2005-10-27,OPTSTK,MAHSEAMLES,450.0,CA,0.0,0.0,0.0,55.0,20.15,0.0,0.0,600.0
2005-10-10,2005-10-27,OPTSTK,MAHSEAMLES,460.0,CA,0.0,0.0,0.0,20.45,16.0,0.0,0.0,0.0
2005-10-10,2005-10-27,OPTSTK,MAHSEAMLES,470.0,CA,11.0,11.0,11.0,11.0,11.0,1.0,2.88,600.0
2005-10-10,2005-10-27,OPTSTK,MAHSEAMLES,480.0,CA,0.0,0.0,0.0,22.45,9.7,0.0,0.0,0.0
2005-10-10,2005-10-27,OPTSTK,MAHSEAMLES,490.0,CA,0.0,0.0,0.0,32.6,7.4,0.0,0.0,0.0
2005-10-10,2005-10-27,OPTSTK,MAHSEAMLES,500.0,CA,0.0,0.0,0.0,28.8,5.55,0.0,0.0,0.0
2005-10-10,2005-10-27,OPTSTK,MAHSEAMLES,510.0,CA,0.0,0.0,0.0,31.5,4.15,0.0,0.0,0.0
2005-10-10,2005-10-27,OPTSTK,MAHSEAMLES,520.0,CA,0.0,0.0,0.0,32.45,3.05,0.0,0.0,0.0
2005-10-10,2005-10-27,OPTSTK,MAHSEAMLES,530.0,CA,0.0,0.0,0.0,19.7,2.2,0.0,0.0,0.0
2005-10-10,2005-10-27,OPTSTK,MAHSEAMLES,540.0,CA,0.0,0.0,0.0,25.1,1.6,0.0,0.0,0.0
2005-10-10,2005-10-27,OPTSTK,MAHSEAMLES,560.0,CA,0.0,0.0,0.0,19.15,0.8,0.0,0.0,0.0
2005-10-10,2005-10-27,OPTSTK,MAHSEAMLES,580.0,CA,0.0,0.0,0.0,15.5,0.4,0.0,0.0,0.0
2005-10-10,2005-10-27,OPTSTK,MAHSEAMLES,380.0,PA,0.0,0.0,0.0,8.2,2.25,0.0,0.0,0.0
2005-10-10,2005-10-27,OPTSTK,MAHSEAMLES,390.0,PA,0.0,0.0,0.0,11.15,3.5,0.0,0.0,0.0
2005-10-10,2005-10-27,OPTSTK,MAHSEAMLES,400.0,PA,0.0,0.0,0.0,14.7,5.25,0.0,0.0,0.0
2005-10-10,2005-10-27,OPTSTK,MAHSEAMLES,410.0,PA,0.0,0.0,0.0,18.95,7.6,0.0,0.0,0.0
2005-10-10,2005-10-27,OPTSTK,MAHSEAMLES,420.0,PA,0.0,0.0,0.0,23.85,10.55,0.0,0.0,0.0
2005-10-10,2005-10-27,OPTSTK,MAHSEAMLES,430.0,PA,0.0,0.0,0.0,29.4,14.2,0.0,0.0,0.0
2005-10-10,2005-10-27,OPTSTK,MAHSEAMLES,440.0,PA,0.0,0.0,0.0,35.55,18.6,0.0,0.0,0.0
2005-10-10,2005-10-27,OPTSTK,MAHSEAMLES,450.0,PA,0.0,0.0,0.0,35.8,23.7,0.0,0.0,0.0
2005-10-10,2005-10-27,OPTSTK,MAHSEAMLES,460.0,PA,0.0,0.0,0.0,41.9,29.55,0.0,0.0,0.0
2005-10-10,2005-10-27,OPTSTK,MAHSEAMLES,470.0,PA,0.0,0.0,0.0,41.5,36.05,0.0,0.0,0.0
2005-10-10,2005-10-27,OPTSTK,MAHSEAMLES,480.0,PA,0.0,0.0,0.0,47.75,43.2,0.0,0.0,0.0
2005-10-10,2005-10-27,OPTSTK,MAHSEAMLES,490.0,PA,0.0,0.0,0.0,46.25,50.9,0.0,0.0,0.0
2005-10-10,2005-10-27,OPTSTK,MAHSEAMLES,500.0,PA,0.0,0.0,0.0,52.3,59.05,0.0,0.0,0.0
2005-10-10,2005-10-27,OPTSTK,MAHSEAMLES,510.0,PA,0.0,0.0,0.0,56.0,67.55,0.0,0.0,0.0
2005-10-10,2005-10-27,OPTSTK,MAHSEAMLES,520.0,PA,0.0,0.0,0.0,45.6,76.45,0.0,0.0,0.0
2005-10-10,2005-10-27,OPTSTK,MAHSEAMLES,530.0,PA,0.0,0.0,0.0,50.05,85.6,0.0,0.0,0.0
2005-10-10,2005-10-27,OPTSTK,MAHSEAMLES,540.0,PA,0.0,0.0,0.0,58.1,94.95,0.0,0.0,0.0
2005-10-10,2005-10-27,OPTSTK,MAHSEAMLES,560.0,PA,0.0,0.0,0.0,72.0,114.1,0.0,0.0,0.0
2005-10-10,2005-10-27,OPTSTK,MAHSEAMLES,580.0,PA,0.0,0.0,0.0,77.35,133.65,0.0,0.0,0.0
2005-10-10,2005-11-24,OPTSTK,MAHSEAMLES,390.0,CA,0.0,0.0,0.0,56.85,69.95,0.0,0.0,0.0
2005-10-10,2005-11-24,OPTSTK,MAHSEAMLES,400.0,CA,0.0,0.0,0.0,50.9,62.95,0.0,0.0,0.0
2005-10-10,2005-11-24,OPTSTK,MAHSEAMLES,410.0,CA,0.0,0.0,0.0,45.4,56.4,0.0,0.0,0.0
2005-10-10,2005-11-24,OPTSTK,MAHSEAMLES,420.0,CA,0.0,0.0,0.0,40.35,50.3,0.0,0.0,0.0
2005-10-10,2005-11-24,OPTSTK,MAHSEAMLES,430.0,CA,0.0,0.0,0.0,35.7,44.65,0.0,0.0,0.0
2005-10-10,2005-11-24,OPTSTK,MAHSEAMLES,440.0,CA,0.0,0.0,0.0,31.5,39.5,0.0,0.0,0.0
2005-10-10,2005-11-24,OPTSTK,MAHSEAMLES,450.0,CA,0.0,0.0,0.0,27.65,34.75,0.0,0.0,0.0
2005-10-10,2005-11-24,OPTSTK,MAHSEAMLES,460.0,CA,0.0,0.0,0.0,32.95,30.45,0.0,0.0,0.0
2005-10-10,2005-11-24,OPTSTK,MAHSEAMLES,470.0,CA,0.0,0.0,0.0,29.25,26.6,0.0,0.0,0.0
2005-10-10,2005-11-24,OPTSTK,MAHSEAMLES,480.0,CA,0.0,0.0,0.0,29.45,23.1,0.0,0.0,0.0
2005-10-10,2005-11-24,OPTSTK,MAHSEAMLES,490.0,CA,0.0,0.0,0.0,27.75,20.05,0.0,0.0,0.0
2005-10-10,2005-11-24,OPTSTK,MAHSEAMLES,500.0,CA,0.0,0.0,0.0,52.95,17.3,0.0,0.0,0.0
2005-10-10,2005-11-24,OPTSTK,MAHSEAMLES,510.0,CA,0.0,0.0,0.0,38.4,14.9,0.0,0.0,0.0
2005-10-10,2005-11-24,OPTSTK,MAHSEAMLES,520.0,CA,0.0,0.0,0.0,44.1,12.75,0.0,0.0,0.0
2005-10-10,2005-11-24,OPTSTK,MAHSEAMLES,530.0,CA,0.0,0.0,0.0,30.65,10.9,0.0,0.0,0.0
2005-10-10,2005-11-24,OPTSTK,MAHSEAMLES,540.0,CA,0.0,0.0,0.0,36.45,9.3,0.0,0.0,0.0
2005-10-10,2005-11-24,OPTSTK,MAHSEAMLES,560.0,CA,0.0,0.0,0.0,29.9,6.65,0.0,0.0,0.0
2005-10-10,2005-11-24,OPTSTK,MAHSEAMLES,580.0,CA,0.0,0.0,0.0,25.8,4.75,0.0,0.0,0.0
2005-10-10,2005-11-24,OPTSTK,MAHSEAMLES,390.0,PA,0.0,0.0,0.0,19.2,11.8,0.0,0.0,0.0
2005-10-10,2005-11-24,OPTSTK,MAHSEAMLES,400.0,PA,0.0,0.0,0.0,23.1,14.75,0.0,0.0,0.0
2005-10-10,2005-11-24,OPTSTK,MAHSEAMLES,410.0,PA,0.0,0.0,0.0,27.45,18.1,0.0,0.0,0.0
2005-10-10,2005-11-24,OPTSTK,MAHSEAMLES,420.0,PA,0.0,0.0,0.0,32.25,21.95,0.0,0.0,0.0
2005-10-10,2005-11-24,OPTSTK,MAHSEAMLES,430.0,PA,0.0,0.0,0.0,37.45,26.25,0.0,0.0,0.0
2005-10-10,2005-11-24,OPTSTK,MAHSEAMLES,440.0,PA,0.0,0.0,0.0,43.1,30.95,0.0,0.0,0.0
2005-10-10,2005-11-24,OPTSTK,MAHSEAMLES,450.0,PA,0.0,0.0,0.0,49.15,36.15,0.0,0.0,0.0
2005-10-10,2005-11-24,OPTSTK,MAHSEAMLES,460.0,PA,0.0,0.0,0.0,48.4,41.8,0.0,0.0,0.0
2005-10-10,2005-11-24,OPTSTK,MAHSEAMLES,470.0,PA,0.0,0.0,0.0,54.55,47.85,0.0,0.0,0.0
2005-10-10,2005-11-24,OPTSTK,MAHSEAMLES,480.0,PA,0.0,0.0,0.0,54.55,54.3,0.0,0.0,0.0
2005-10-10,2005-11-24,OPTSTK,MAHSEAMLES,490.0,PA,0.0,0.0,0.0,55.1,61.15,0.0,0.0,0.0
2005-10-10,2005-11-24,OPTSTK,MAHSEAMLES,500.0,PA,0.0,0.0,0.0,44.0,68.35,0.0,0.0,0.0
2005-10-10,2005-11-24,OPTSTK,MAHSEAMLES,510.0,PA,0.0,0.0,0.0,46.5,75.85,0.0,0.0,0.0
2005-10-10,2005-11-24,OPTSTK,MAHSEAMLES,520.0,PA,0.0,0.0,0.0,54.9,83.65,0.0,0.0,0.0
2005-10-10,2005-11-24,OPTSTK,MAHSEAMLES,530.0,PA,0.0,0.0,0.0,58.55,91.7,0.0,0.0,0.0
2005-10-10,2005-11-24,OPTSTK,MAHSEAMLES,540.0,PA,0.0,0.0,0.0,67.0,100.05,0.0,0.0,0.0
2005-10-10,2005-11-24,OPTSTK,MAHSEAMLES,560.0,PA,0.0,0.0,0.0,80.25,117.3,0.0,0.0,0.0
2005-10-10,2005-11-24,OPTSTK,MAHSEAMLES,580.0,PA,0.0,0.0,0.0,85.0,135.2,0.0,0.0,0.0
2005-10-10,2005-12-29,OPTSTK,MAHSEAMLES,420.0,CA,0.0,0.0,0.0,70.25,62.5,0.0,0.0,0.0
2005-10-10,2005-12-29,OPTSTK,MAHSEAMLES,430.0,CA,0.0,0.0,0.0,79.5,57.2,0.0,0.0,0.0
2005-10-10,2005-12-29,OPTSTK,MAHSEAMLES,440.0,CA,0.0,0.0,0.0,74.2,52.25,0.0,0.0,0.0
2005-10-10,2005-12-29,OPTSTK,MAHSEAMLES,450.0,CA,0.0,0.0,0.0,69.2,47.65,0.0,0.0,0.0
2005-10-10,2005-12-29,OPTSTK,MAHSEAMLES,460.0,CA,0.0,0.0,0.0,64.45,43.35,0.0,0.0,0.0
2005-10-10,2005-12-29,OPTSTK,MAHSEAMLES,470.0,CA,0.0,0.0,0.0,59.95,39.4,0.0,0.0,0.0
2005-10-10,2005-12-29,OPTSTK,MAHSEAMLES,480.0,CA,0.0,0.0,0.0,55.75,35.7,0.0,0.0,0.0
2005-10-10,2005-12-29,OPTSTK,MAHSEAMLES,490.0,CA,0.0,0.0,0.0,51.8,32.35,0.0,0.0,0.0
2005-10-10,2005-12-29,OPTSTK,MAHSEAMLES,500.0,CA,0.0,0.0,0.0,51.15,29.2,0.0,0.0,0.0
2005-10-10,2005-12-29,OPTSTK,MAHSEAMLES,510.0,CA,0.0,0.0,0.0,47.35,26.35,0.0,0.0,0.0
2005-10-10,2005-12-29,OPTSTK,MAHSEAMLES,420.0,PA,0.0,0.0,0.0,30.2,31.75,0.0,0.0,0.0
2005-10-10,2005-12-29,OPTSTK,MAHSEAMLES,430.0,PA,0.0,0.0,0.0,38.3,36.35,0.0,0.0,0.0
2005-10-10,2005-12-29,OPTSTK,MAHSEAMLES,440.0,PA,0.0,0.0,0.0,42.85,41.25,0.0,0.0,0.0
2005-10-10,2005-12-29,OPTSTK,MAHSEAMLES,450.0,PA,0.0,0.0,0.0,47.7,46.5,0.0,0.0,0.0
2005-10-10,2005-12-29,OPTSTK,MAHSEAMLES,460.0,PA,0.0,0.0,0.0,52.8,52.1,0.0,0.0,0.0
2005-10-10,2005-12-29,OPTSTK,MAHSEAMLES,470.0,PA,0.0,0.0,0.0,58.2,57.95,0.0,0.0,0.0
2005-10-10,2005-12-29,OPTSTK,MAHSEAMLES,480.0,PA,0.0,0.0,0.0,63.8,64.15,0.0,0.0,0.0
2005-10-10,2005-12-29,OPTSTK,MAHSEAMLES,490.0,PA,0.0,0.0,0.0,69.7,70.65,0.0,0.0,0.0
2005-10-10,2005-12-29,OPTSTK,MAHSEAMLES,500.0,PA,0.0,0.0,0.0,66.7,77.4,0.0,0.0,0.0
2005-10-10,2005-12-29,OPTSTK,MAHSEAMLES,510.0,PA,0.0,0.0,0.0,72.75,84.45,0.0,0.0,0.0
2005-10-10,2005-10-27,OPTSTK,MARUTI,430.0,CA,0.0,0.0,0.0,40.05,130.9,0.0,0.0,0.0
2005-10-10,2005-10-27,OPTSTK,MARUTI,440.0,CA,0.0,0.0,0.0,69.85,120.95,0.0,0.0,0.0
2005-10-10,2005-10-27,OPTSTK,MARUTI,450.0,CA,0.0,0.0,0.0,47.8,111.0,0.0,0.0,0.0
2005-10-10,2005-10-27,OPTSTK,MARUTI,460.0,CA,0.0,0.0,0.0,40.8,101.15,0.0,0.0,0.0
2005-10-10,2005-10-27,OPTSTK,MARUTI,470.0,CA,0.0,0.0,0.0,34.5,91.35,0.0,0.0,0.0
2005-10-10,2005-10-27,OPTSTK,MARUTI,480.0,CA,0.0,0.0,0.0,28.85,81.7,0.0,0.0,0.0
2005-10-10,2005-10-27,OPTSTK,MARUTI,490.0,CA,0.0,0.0,0.0,23.85,72.25,0.0,0.0,0.0
2005-10-10,2005-10-27,OPTSTK,MARUTI,500.0,CA,0.0,0.0,0.0,99.9,63.1,0.0,0.0,0.0
2005-10-10,2005-10-27,OPTSTK,MARUTI,510.0,CA,0.0,0.0,0.0,15.75,54.35,0.0,0.0,0.0
2005-10-10,2005-10-27,OPTSTK,MARUTI,520.0,CA,0.0,0.0,0.0,16.25,46.1,0.0,0.0,0.0
2005-10-10,2005-10-27,OPTSTK,MARUTI,530.0,CA,0.0,0.0,0.0,15.0,38.5,0.0,0.0,0.0
2005-10-10,2005-10-27,OPTSTK,MARUTI,540.0,CA,26.85,26.85,26.1,26.5,26.5,2.0,9.06,5600.0
2005-10-10,2005-10-27,OPTSTK,MARUTI,560.0,CA,26.0,26.0,18.5,19.5,19.5,19.0,88.41,39200.0
2005-10-10,2005-10-27,OPTSTK,MARUTI,580.0,CA,19.4,19.4,12.0,13.15,13.15,54.0,256.69,244000.0
2005-10-10,2005-10-27,OPTSTK,MARUTI,600.0,CA,7.25,7.9,6.25,6.3,6.3,36.0,174.86,80000.0
2005-10-10,2005-10-27,OPTSTK,MARUTI,620.0,CA,4.5,4.85,4.0,4.05,4.05,9.0,44.94,31200.0
2005-10-10,2005-10-27,OPTSTK,MARUTI,640.0,CA,0.0,0.0,0.0,3.0,1.55,0.0,0.0,4800.0
2005-10-10,2005-10-27,OPTSTK,MARUTI,430.0,PA,0.0,0.0,0.0,4.4,0.05,0.0,0.0,0.0
2005-10-10,2005-10-27,OPTSTK,MARUTI,440.0,PA,0.0,0.0,0.0,3.3,0.05,0.0,0.0,0.0
2005-10-10,2005-10-27,OPTSTK,MARUTI,450.0,PA,0.0,0.0,0.0,8.45,0.1,0.0,0.0,0.0
2005-10-10,2005-10-27,OPTSTK,MARUTI,460.0,PA,0.0,0.0,0.0,11.35,0.2,0.0,0.0,0.0
2005-10-10,2005-10-27,OPTSTK,MARUTI,470.0,PA,0.0,0.0,0.0,14.9,0.4,0.0,0.0,0.0
2005-10-10,2005-10-27,OPTSTK,MARUTI,480.0,PA,0.0,0.0,0.0,4.0,0.7,0.0,0.0,1600.0
2005-10-10,2005-10-27,OPTSTK,MARUTI,490.0,PA,0.0,0.0,0.0,23.9,1.2,0.0,0.0,0.0
2005-10-10,2005-10-27,OPTSTK,MARUTI,500.0,PA,0.0,0.0,0.0,29.4,2.05,0.0,0.0,0.0
2005-10-10,2005-10-27,OPTSTK,MARUTI,510.0,PA,0.0,0.0,0.0,35.5,3.25,0.0,0.0,0.0
2005-10-10,2005-10-27,OPTSTK,MARUTI,520.0,PA,4.9,4.9,4.9,4.9,4.9,1.0,4.19,1600.0
2005-10-10,2005-10-27,OPTSTK,MARUTI,530.0,PA,0.0,0.0,0.0,39.4,7.4,0.0,0.0,0.0
2005-10-10,2005-10-27,OPTSTK,MARUTI,540.0,PA,10.0,10.0,10.0,10.0,10.0,1.0,4.4,6400.0
2005-10-10,2005-10-27,OPTSTK,MARUTI,560.0,PA,16.0,20.0,16.0,16.65,16.65,4.0,18.49,19200.0
2005-10-10,2005-10-27,OPTSTK,MARUTI,580.0,PA,27.5,31.0,27.5,31.0,31.0,3.0,14.63,26400.0
2005-10-10,2005-10-27,OPTSTK,MARUTI,600.0,PA,0.0,0.0,0.0,29.0,45.2,0.0,0.0,2400.0
2005-10-10,2005-10-27,OPTSTK,MARUTI,620.0,PA,0.0,0.0,0.0,64.35,61.95,0.0,0.0,0.0
2005-10-10,2005-10-27,OPTSTK,MARUTI,640.0,PA,0.0,0.0,0.0,62.2,80.15,0.0,0.0,0.0
2005-10-10,2005-11-24,OPTSTK,MARUTI,430.0,CA,0.0,0.0,0.0,43.95,133.7,0.0,0.0,0.0
2005-10-10,2005-11-24,OPTSTK,MARUTI,440.0,CA,0.0,0.0,0.0,36.8,124.2,0.0,0.0,0.0
2005-10-10,2005-11-24,OPTSTK,MARUTI,450.0,CA,0.0,0.0,0.0,30.35,114.8,0.0,0.0,0.0
2005-10-10,2005-11-24,OPTSTK,MARUTI,460.0,CA,0.0,0.0,0.0,24.6,105.65,0.0,0.0,0.0
2005-10-10,2005-11-24,OPTSTK,MARUTI,470.0,CA,0.0,0.0,0.0,19.65,96.7,0.0,0.0,0.0
2005-10-10,2005-11-24,OPTSTK,MARUTI,480.0,CA,0.0,0.0,0.0,15.45,88.05,0.0,0.0,0.0
2005-10-10,2005-11-24,OPTSTK,MARUTI,490.0,CA,0.0,0.0,0.0,11.95,79.75,0.0,0.0,0.0
2005-10-10,2005-11-24,OPTSTK,MARUTI,500.0,CA,0.0,0.0,0.0,16.5,71.8,0.0,0.0,0.0
2005-10-10,2005-11-24,OPTSTK,MARUTI,510.0,CA,0.0,0.0,0.0,19.3,64.3,0.0,0.0,0.0
2005-10-10,2005-11-24,OPTSTK,MARUTI,520.0,CA,0.0,0.0,0.0,15.9,57.15,0.0,0.0,0.0
2005-10-10,2005-11-24,OPTSTK,MARUTI,540.0,CA,0.0,0.0,0.0,27.65,44.4,0.0,0.0,0.0
2005-10-10,2005-11-24,OPTSTK,MARUTI,560.0,CA,0.0,0.0,0.0,20.95,33.65,0.0,0.0,0.0
2005-10-10,2005-11-24,OPTSTK,MARUTI,580.0,CA,0.0,0.0,0.0,15.65,24.9,0.0,0.0,0.0
2005-10-10,2005-11-24,OPTSTK,MARUTI,600.0,CA,0.0,0.0,0.0,14.95,17.95,0.0,0.0,0.0
2005-10-10,2005-11-24,OPTSTK,MARUTI,620.0,CA,0.0,0.0,0.0,18.45,12.65,0.0,0.0,0.0
2005-10-10,2005-11-24,OPTSTK,MARUTI,640.0,CA,0.0,0.0,0.0,26.25,8.7,0.0,0.0,0.0
2005-10-10,2005-11-24,OPTSTK,MARUTI,430.0,PA,0.0,0.0,0.0,6.3,0.8,0.0,0.0,0.0
2005-10-10,2005-11-24,OPTSTK,MARUTI,440.0,PA,0.0,0.0,0.0,9.0,1.2,0.0,0.0,0.0
2005-10-10,2005-11-24,OPTSTK,MARUTI,450.0,PA,0.0,0.0,0.0,12.4,1.75,0.0,0.0,0.0
2005-10-10,2005-11-24,OPTSTK,MARUTI,460.0,PA,0.0,0.0,0.0,16.55,2.5,0.0,0.0,0.0
2005-10-10,2005-11-24,OPTSTK,MARUTI,470.0,PA,0.0,0.0,0.0,21.45,3.5,0.0,0.0,0.0
2005-10-10,2005-11-24,OPTSTK,MARUTI,480.0,PA,0.0,0.0,0.0,27.1,4.75,0.0,0.0,0.0
2005-10-10,2005-11-24,OPTSTK,MARUTI,490.0,PA,0.0,0.0,0.0,33.45,6.35,0.0,0.0,0.0
2005-10-10,2005-11-24,OPTSTK,MARUTI,500.0,PA,0.0,0.0,0.0,34.45,8.35,0.0,0.0,0.0
2005-10-10,2005-11-24,OPTSTK,MARUTI,510.0,PA,0.0,0.0,0.0,37.25,10.75,0.0,0.0,0.0
2005-10-10,2005-11-24,OPTSTK,MARUTI,520.0,PA,0.0,0.0,0.0,43.7,13.55,0.0,0.0,0.0
2005-10-10,2005-11-24,OPTSTK,MARUTI,540.0,PA,0.0,0.0,0.0,48.75,20.65,0.0,0.0,0.0
2005-10-10,2005-11-24,OPTSTK,MARUTI,560.0,PA,0.0,0.0,0.0,61.8,29.75,0.0,0.0,0.0
2005-10-10,2005-11-24,OPTSTK,MARUTI,580.0,PA,0.0,0.0,0.0,76.25,40.85,0.0,0.0,0.0
2005-10-10,2005-11-24,OPTSTK,MARUTI,600.0,PA,0.0,0.0,0.0,66.3,53.75,0.0,0.0,0.0
2005-10-10,2005-11-24,OPTSTK,MARUTI,620.0,PA,0.0,0.0,0.0,69.5,68.35,0.0,0.0,0.0
2005-10-10,2005-11-24,OPTSTK,MARUTI,640.0,PA,0.0,0.0,0.0,69.8,84.25,0.0,0.0,0.0
2005-10-10,2005-12-29,OPTSTK,MARUTI,500.0,CA,0.0,0.0,0.0,90.25,81.45,0.0,0.0,0.0
2005-10-10,2005-12-29,OPTSTK,MARUTI,520.0,CA,0.0,0.0,0.0,76.95,68.0,0.0,0.0,0.0
2005-10-10,2005-12-29,OPTSTK,MARUTI,540.0,CA,0.0,0.0,0.0,65.05,56.1,0.0,0.0,0.0
2005-10-10,2005-12-29,OPTSTK,MARUTI,560.0,CA,0.0,0.0,0.0,54.5,45.7,0.0,0.0,0.0
2005-10-10,2005-12-29,OPTSTK,MARUTI,580.0,CA,0.0,0.0,0.0,45.25,36.8,0.0,0.0,0.0
2005-10-10,2005-12-29,OPTSTK,MARUTI,600.0,CA,0.0,0.0,0.0,37.25,29.25,0.0,0.0,0.0
2005-10-10,2005-12-29,OPTSTK,MARUTI,620.0,CA,0.0,0.0,0.0,30.4,23.0,0.0,0.0,0.0
2005-10-10,2005-12-29,OPTSTK,MARUTI,640.0,CA,0.0,0.0,0.0,28.6,17.95,0.0,0.0,0.0
2005-10-10,2005-12-29,OPTSTK,MARUTI,500.0,PA,0.0,0.0,0.0,17.65,15.15,0.0,0.0,0.0
2005-10-10,2005-12-29,OPTSTK,MARUTI,520.0,PA,0.0,0.0,0.0,24.1,21.45,0.0,0.0,0.0
2005-10-10,2005-12-29,OPTSTK,MARUTI,540.0,PA,0.0,0.0,0.0,31.9,29.3,0.0,0.0,0.0
2005-10-10,2005-12-29,OPTSTK,MARUTI,560.0,PA,0.0,0.0,0.0,41.05,38.6,0.0,0.0,0.0
2005-10-10,2005-12-29,OPTSTK,MARUTI,580.0,PA,0.0,0.0,0.0,51.5,49.45,0.0,0.0,0.0
2005-10-10,2005-12-29,OPTSTK,MARUTI,600.0,PA,0.0,0.0,0.0,63.2,61.65,0.0,0.0,0.0
2005-10-10,2005-12-29,OPTSTK,MARUTI,620.0,PA,0.0,0.0,0.0,76.05,75.15,0.0,0.0,0.0
2005-10-10,2005-12-29,OPTSTK,MARUTI,640.0,PA,0.0,0.0,0.0,81.35,89.8,0.0,0.0,0.0
2005-10-10,2005-10-27,OPTSTK,MATRIXLABS,165.0,CA,0.0,0.0,0.0,29.05,19.35,0.0,0.0,0.0
2005-10-10,2005-10-27,OPTSTK,MATRIXLABS,170.0,CA,0.0,0.0,0.0,28.25,15.0,0.0,0.0,0.0
2005-10-10,2005-10-27,OPTSTK,MATRIXLABS,175.0,CA,0.0,0.0,0.0,25.55,11.15,0.0,0.0,0.0
2005-10-10,2005-10-27,OPTSTK,MATRIXLABS,180.0,CA,10.0,10.0,10.0,10.0,10.0,1.0,2.37,5000.0
2005-10-10,2005-10-27,OPTSTK,MATRIXLABS,185.0,CA,7.0,7.0,7.0,7.0,7.0,1.0,2.4,5000.0
2005-10-10,2005-10-27,OPTSTK,MATRIXLABS,190.0,CA,6.25,6.25,5.25,5.5,5.5,6.0,14.67,120000.0
2005-10-10,2005-10-27,OPTSTK,MATRIXLABS,195.0,CA,4.0,4.0,4.0,4.0,4.0,1.0,2.48,10000.0
2005-10-10,2005-10-27,OPTSTK,MATRIXLABS,200.0,CA,2.0,2.75,2.0,2.5,2.5,3.0,7.58,80000.0
2005-10-10,2005-10-27,OPTSTK,MATRIXLABS,205.0,CA,0.0,0.0,0.0,3.0,0.6,0.0,0.0,6250.0
2005-10-10,2005-10-27,OPTSTK,MATRIXLABS,210.0,CA,1.5,2.0,1.5,2.0,2.0,3.0,7.94,16250.0
2005-10-10,2005-10-27,OPTSTK,MATRIXLABS,215.0,CA,2.0,2.0,2.0,2.0,2.0,1.0,2.71,1250.0
2005-10-10,2005-10-27,OPTSTK,MATRIXLABS,165.0,PA,0.0,0.0,0.0,10.65,0.55,0.0,0.0,0.0
2005-10-10,2005-10-27,OPTSTK,MATRIXLABS,170.0,PA,0.0,0.0,0.0,12.85,1.2,0.0,0.0,0.0
2005-10-10,2005-10-27,OPTSTK,MATRIXLABS,175.0,PA,0.0,0.0,0.0,15.1,2.3,0.0,0.0,0.0
2005-10-10,2005-10-27,OPTSTK,MATRIXLABS,180.0,PA,0.0,0.0,0.0,5.3,4.0,0.0,0.0,6250.0
2005-10-10,2005-10-27,OPTSTK,MATRIXLABS,185.0,PA,0.0,0.0,0.0,6.5,6.35,0.0,0.0,3750.0
2005-10-10,2005-10-27,OPTSTK,MATRIXLABS,190.0,PA,10.0,10.0,10.0,10.0,10.0,1.0,2.5,11250.0
2005-10-10,2005-10-27,OPTSTK,MATRIXLABS,195.0,PA,0.0,0.0,0.0,25.9,13.1,0.0,0.0,0.0
2005-10-10,2005-10-27,OPTSTK,MATRIXLABS,200.0,PA,0.0,0.0,0.0,29.1,17.2,0.0,0.0,0.0
2005-10-10,2005-10-27,OPTSTK,MATRIXLABS,205.0,PA,0.0,0.0,0.0,26.1,21.65,0.0,0.0,0.0
2005-10-10,2005-10-27,OPTSTK,MATRIXLABS,210.0,PA,0.0,0.0,0.0,29.25,26.35,0.0,0.0,0.0
2005-10-10,2005-10-27,OPTSTK,MATRIXLABS,215.0,PA,0.0,0.0,0.0,28.75,31.2,0.0,0.0,0.0
2005-10-10,2005-11-24,OPTSTK,MATRIXLABS,165.0,CA,0.0,0.0,0.0,24.85,21.95,0.0,0.0,0.0
2005-10-10,2005-11-24,OPTSTK,MATRIXLABS,170.0,CA,0.0,0.0,0.0,21.8,18.15,0.0,0.0,0.0
2005-10-10,2005-11-24,OPTSTK,MATRIXLABS,175.0,CA,0.0,0.0,0.0,19.05,14.8,0.0,0.0,0.0
2005-10-10,2005-11-24,OPTSTK,MATRIXLABS,180.0,CA,0.0,0.0,0.0,16.5,11.8,0.0,0.0,0.0
2005-10-10,2005-11-24,OPTSTK,MATRIXLABS,185.0,CA,0.0,0.0,0.0,14.25,9.25,0.0,0.0,0.0
2005-10-10,2005-11-24,OPTSTK,MATRIXLABS,190.0,CA,0.0,0.0,0.0,12.25,7.15,0.0,0.0,0.0
2005-10-10,2005-11-24,OPTSTK,MATRIXLABS,195.0,CA,0.0,0.0,0.0,10.45,5.4,0.0,0.0,0.0
2005-10-10,2005-11-24,OPTSTK,MATRIXLABS,200.0,CA,0.0,0.0,0.0,16.6,4.0,0.0,0.0,0.0
2005-10-10,2005-11-24,OPTSTK,MATRIXLABS,205.0,CA,0.0,0.0,0.0,14.7,2.95,0.0,0.0,0.0
2005-10-10,2005-11-24,OPTSTK,MATRIXLABS,210.0,CA,0.0,0.0,0.0,13.6,2.1,0.0,0.0,0.0
2005-10-10,2005-11-24,OPTSTK,MATRIXLABS,215.0,CA,0.0,0.0,0.0,11.4,1.5,0.0,0.0,0.0
2005-10-10,2005-11-24,OPTSTK,MATRIXLABS,165.0,PA,0.0,0.0,0.0,7.5,2.3,0.0,0.0,0.0
2005-10-10,2005-11-24,OPTSTK,MATRIXLABS,170.0,PA,0.0,0.0,0.0,9.4,3.5,0.0,0.0,0.0
2005-10-10,2005-11-24,OPTSTK,MATRIXLABS,175.0,PA,0.0,0.0,0.0,11.55,5.1,0.0,0.0,0.0
2005-10-10,2005-11-24,OPTSTK,MATRIXLABS,180.0,PA,0.0,0.0,0.0,13.95,7.1,0.0,0.0,0.0
2005-10-10,2005-11-24,OPTSTK,MATRIXLABS,185.0,PA,0.0,0.0,0.0,16.6,9.5,0.0,0.0,0.0
2005-10-10,2005-11-24,OPTSTK,MATRIXLABS,190.0,PA,0.0,0.0,0.0,19.5,12.35,0.0,0.0,0.0
2005-10-10,2005-11-24,OPTSTK,MATRIXLABS,195.0,PA,0.0,0.0,0.0,22.65,15.55,0.0,0.0,0.0
2005-10-10,2005-11-24,OPTSTK,MATRIXLABS,200.0,PA,0.0,0.0,0.0,22.4,19.15,0.0,0.0,0.0
2005-10-10,2005-11-24,OPTSTK,MATRIXLABS,205.0,PA,0.0,0.0,0.0,25.45,23.0,0.0,0.0,0.0
2005-10-10,2005-11-24,OPTSTK,MATRIXLABS,210.0,PA,0.0,0.0,0.0,23.35,27.15,0.0,0.0,0.0
2005-10-10,2005-11-24,OPTSTK,MATRIXLABS,215.0,PA,0.0,0.0,0.0,25.7,31.5,0.0,0.0,0.0
2005-10-10,2005-12-29,OPTSTK,MATRIXLABS,165.0,CA,0.0,0.0,0.0,26.25,24.8,0.0,0.0,0.0
2005-10-10,2005-12-29,OPTSTK,MATRIXLABS,170.0,CA,0.0,0.0,0.0,23.05,21.35,0.0,0.0,0.0
2005-10-10,2005-12-29,OPTSTK,MATRIXLABS,175.0,CA,0.0,0.0,0.0,20.15,18.2,0.0,0.0,0.0
2005-10-10,2005-12-29,OPTSTK,MATRIXLABS,180.0,CA,0.0,0.0,0.0,17.45,15.4,0.0,0.0,0.0
2005-10-10,2005-12-29,OPTSTK,MATRIXLABS,185.0,CA,0.0,0.0,0.0,15.05,12.85,0.0,0.0,0.0
2005-10-10,2005-12-29,OPTSTK,MATRIXLABS,190.0,CA,0.0,0.0,0.0,12.9,10.65,0.0,0.0,0.0
2005-10-10,2005-12-29,OPTSTK,MATRIXLABS,195.0,CA,0.0,0.0,0.0,11.0,8.75,0.0,0.0,0.0
2005-10-10,2005-12-29,OPTSTK,MATRIXLABS,200.0,CA,0.0,0.0,0.0,10.1,7.15,0.0,0.0,0.0
2005-10-10,2005-12-29,OPTSTK,MATRIXLABS,205.0,CA,0.0,0.0,0.0,8.95,5.75,0.0,0.0,0.0
2005-10-10,2005-12-29,OPTSTK,MATRIXLABS,165.0,PA,0.0,0.0,0.0,6.4,4.25,0.0,0.0,0.0
2005-10-10,2005-12-29,OPTSTK,MATRIXLABS,170.0,PA,0.0,0.0,0.0,8.1,5.7,0.0,0.0,0.0
2005-10-10,2005-12-29,OPTSTK,MATRIXLABS,175.0,PA,0.0,0.0,0.0,10.1,7.5,0.0,0.0,0.0
2005-10-10,2005-12-29,OPTSTK,MATRIXLABS,180.0,PA,0.0,0.0,0.0,12.35,9.6,0.0,0.0,0.0
2005-10-10,2005-12-29,OPTSTK,MATRIXLABS,185.0,PA,0.0,0.0,0.0,14.9,12.05,0.0,0.0,0.0
2005-10-10,2005-12-29,OPTSTK,MATRIXLABS,190.0,PA,0.0,0.0,0.0,17.65,14.8,0.0,0.0,0.0
2005-10-10,2005-12-29,OPTSTK,MATRIXLABS,195.0,PA,0.0,0.0,0.0,20.7,17.8,0.0,0.0,0.0
2005-10-10,2005-12-29,OPTSTK,MATRIXLABS,200.0,PA,0.0,0.0,0.0,22.05,21.15,0.0,0.0,0.0
2005-10-10,2005-12-29,OPTSTK,MATRIXLABS,205.0,PA,0.0,0.0,0.0,23.4,24.7,0.0,0.0,0.0
2005-10-10,2005-10-27,OPTSTK,MPHASISBFL,220.0,CA,0.0,0.0,0.0,37.05,38.8,0.0,0.0,0.0
2005-10-10,2005-10-27,OPTSTK,MPHASISBFL,225.0,CA,0.0,0.0,0.0,25.8,33.9,0.0,0.0,0.0
2005-10-10,2005-10-27,OPTSTK,MPHASISBFL,230.0,CA,0.0,0.0,0.0,40.85,29.15,0.0,0.0,0.0
2005-10-10,2005-10-27,OPTSTK,MPHASISBFL,235.0,CA,0.0,0.0,0.0,20.25,24.55,0.0,0.0,0.0
2005-10-10,2005-10-27,OPTSTK,MPHASISBFL,240.0,CA,0.0,0.0,0.0,34.2,20.25,0.0,0.0,0.0
2005-10-10,2005-10-27,OPTSTK,MPHASISBFL,245.0,CA,0.0,0.0,0.0,15.6,16.25,0.0,0.0,0.0
2005-10-10,2005-10-27,OPTSTK,MPHASISBFL,250.0,CA,15.0,17.0,14.55,14.55,14.55,7.0,14.87,21600.0
2005-10-10,2005-10-27,OPTSTK,MPHASISBFL,255.0,CA,0.0,0.0,0.0,11.8,9.65,0.0,0.0,0.0
2005-10-10,2005-10-27,OPTSTK,MPHASISBFL,260.0,CA,9.6,12.4,9.0,9.7,9.7,26.0,56.3,66400.0
2005-10-10,2005-10-27,OPTSTK,MPHASISBFL,265.0,CA,0.0,0.0,0.0,16.5,5.05,0.0,0.0,0.0
2005-10-10,2005-10-27,OPTSTK,MPHASISBFL,270.0,CA,5.4,7.4,5.1,5.45,5.45,9.0,19.87,46400.0
2005-10-10,2005-10-27,OPTSTK,MPHASISBFL,280.0,CA,0.0,0.0,0.0,3.0,1.5,0.0,0.0,2400.0
2005-10-10,2005-10-27,OPTSTK,MPHASISBFL,290.0,CA,0.0,0.0,0.0,11.9,0.55,0.0,0.0,0.0
2005-10-10,2005-10-27,OPTSTK,MPHASISBFL,300.0,CA,0.0,0.0,0.0,10.9,0.2,0.0,0.0,0.0
2005-10-10,2005-10-27,OPTSTK,MPHASISBFL,310.0,CA,0.0,0.0,0.0,11.6,0.05,0.0,0.0,0.0
2005-10-10,2005-10-27,OPTSTK,MPHASISBFL,220.0,PA,0.0,0.0,0.0,3.9,0.1,0.0,0.0,0.0
2005-10-10,2005-10-27,OPTSTK,MPHASISBFL,225.0,PA,0.0,0.0,0.0,10.25,0.25,0.0,0.0,0.0
2005-10-10,2005-10-27,OPTSTK,MPHASISBFL,230.0,PA,0.0,0.0,0.0,7.7,0.45,0.0,0.0,0.0
2005-10-10,2005-10-27,OPTSTK,MPHASISBFL,235.0,PA,0.0,0.0,0.0,14.6,0.85,0.0,0.0,0.0
2005-10-10,2005-10-27,OPTSTK,MPHASISBFL,240.0,PA,0.0,0.0,0.0,10.9,1.5,0.0,0.0,0.0
2005-10-10,2005-10-27,OPTSTK,MPHASISBFL,245.0,PA,0.0,0.0,0.0,19.85,2.55,0.0,0.0,0.0
2005-10-10,2005-10-27,OPTSTK,MPHASISBFL,250.0,PA,0.0,0.0,0.0,14.85,3.95,0.0,0.0,0.0
2005-10-10,2005-10-27,OPTSTK,MPHASISBFL,255.0,PA,0.0,0.0,0.0,25.95,5.9,0.0,0.0,0.0
2005-10-10,2005-10-27,OPTSTK,MPHASISBFL,260.0,PA,0.0,0.0,0.0,19.6,8.3,0.0,0.0,0.0
2005-10-10,2005-10-27,OPTSTK,MPHASISBFL,265.0,PA,0.0,0.0,0.0,30.1,11.25,0.0,0.0,0.0
2005-10-10,2005-10-27,OPTSTK,MPHASISBFL,270.0,PA,0.0,0.0,0.0,25.0,14.7,0.0,0.0,0.0
2005-10-10,2005-10-27,OPTSTK,MPHASISBFL,280.0,PA,0.0,0.0,0.0,31.1,22.7,0.0,0.0,0.0
2005-10-10,2005-10-27,OPTSTK,MPHASISBFL,290.0,PA,0.0,0.0,0.0,37.85,31.7,0.0,0.0,0.0
2005-10-10,2005-10-27,OPTSTK,MPHASISBFL,300.0,PA,0.0,0.0,0.0,39.95,41.35,0.0,0.0,0.0
2005-10-10,2005-10-27,OPTSTK,MPHASISBFL,310.0,PA,0.0,0.0,0.0,42.3,51.15,0.0,0.0,0.0
2005-10-10,2005-11-24,OPTSTK,MPHASISBFL,220.0,CA,0.0,0.0,0.0,47.0,40.85,0.0,0.0,0.0
2005-10-10,2005-11-24,OPTSTK,MPHASISBFL,225.0,CA,0.0,0.0,0.0,29.6,36.45,0.0,0.0,0.0
2005-10-10,2005-11-24,OPTSTK,MPHASISBFL,230.0,CA,0.0,0.0,0.0,26.8,32.2,0.0,0.0,0.0
2005-10-10,2005-11-24,OPTSTK,MPHASISBFL,235.0,CA,0.0,0.0,0.0,24.2,28.2,0.0,0.0,0.0
2005-10-10,2005-11-24,OPTSTK,MPHASISBFL,240.0,CA,0.0,0.0,0.0,21.8,24.45,0.0,0.0,0.0
2005-10-10,2005-11-24,OPTSTK,MPHASISBFL,245.0,CA,0.0,0.0,0.0,19.6,21.0,0.0,0.0,0.0
2005-10-10,2005-11-24,OPTSTK,MPHASISBFL,250.0,CA,0.0,0.0,0.0,17.55,17.85,0.0,0.0,0.0
2005-10-10,2005-11-24,OPTSTK,MPHASISBFL,255.0,CA,0.0,0.0,0.0,15.65,15.0,0.0,0.0,0.0
2005-10-10,2005-11-24,OPTSTK,MPHASISBFL,260.0,CA,0.0,0.0,0.0,30.45,12.45,0.0,0.0,0.0
2005-10-10,2005-11-24,OPTSTK,MPHASISBFL,265.0,CA,0.0,0.0,0.0,21.7,10.25,0.0,0.0,0.0
2005-10-10,2005-11-24,OPTSTK,MPHASISBFL,270.0,CA,0.0,0.0,0.0,26.2,8.35,0.0,0.0,0.0
2005-10-10,2005-11-24,OPTSTK,MPHASISBFL,280.0,CA,0.0,0.0,0.0,22.5,5.4,0.0,0.0,0.0
2005-10-10,2005-11-24,OPTSTK,MPHASISBFL,290.0,CA,0.0,0.0,0.0,19.2,3.3,0.0,0.0,0.0
2005-10-10,2005-11-24,OPTSTK,MPHASISBFL,220.0,PA,0.0,0.0,0.0,12.25,1.1,0.0,0.0,0.0
2005-10-10,2005-11-24,OPTSTK,MPHASISBFL,225.0,PA,0.0,0.0,0.0,13.05,1.65,0.0,0.0,0.0
2005-10-10,2005-11-24,OPTSTK,MPHASISBFL,230.0,PA,0.0,0.0,0.0,15.2,2.4,0.0,0.0,0.0
2005-10-10,2005-11-24,OPTSTK,MPHASISBFL,235.0,PA,0.0,0.0,0.0,17.5,3.35,0.0,0.0,0.0
2005-10-10,2005-11-24,OPTSTK,MPHASISBFL,240.0,PA,0.0,0.0,0.0,20.05,4.6,0.0,0.0,0.0
2005-10-10,2005-11-24,OPTSTK,MPHASISBFL,245.0,PA,0.0,0.0,0.0,22.75,6.1,0.0,0.0,0.0
2005-10-10,2005-11-24,OPTSTK,MPHASISBFL,250.0,PA,0.0,0.0,0.0,25.65,7.9,0.0,0.0,0.0
2005-10-10,2005-11-24,OPTSTK,MPHASISBFL,255.0,PA,0.0,0.0,0.0,28.7,10.0,0.0,0.0,0.0
2005-10-10,2005-11-24,OPTSTK,MPHASISBFL,260.0,PA,0.0,0.0,0.0,28.15,12.45,0.0,0.0,0.0
2005-10-10,2005-11-24,OPTSTK,MPHASISBFL,265.0,PA,0.0,0.0,0.0,34.15,15.2,0.0,0.0,0.0
2005-10-10,2005-11-24,OPTSTK,MPHASISBFL,270.0,PA,0.0,0.0,0.0,33.75,18.25,0.0,0.0,0.0
2005-10-10,2005-11-24,OPTSTK,MPHASISBFL,280.0,PA,0.0,0.0,0.0,39.85,25.2,0.0,0.0,0.0
2005-10-10,2005-11-24,OPTSTK,MPHASISBFL,290.0,PA,0.0,0.0,0.0,46.45,33.05,0.0,0.0,0.0
2005-10-10,2005-12-29,OPTSTK,MPHASISBFL,220.0,CA,0.0,0.0,0.0,39.1,43.75,0.0,0.0,0.0
2005-10-10,2005-12-29,OPTSTK,MPHASISBFL,230.0,CA,0.0,0.0,0.0,27.05,35.85,0.0,0.0,0.0
2005-10-10,2005-12-29,OPTSTK,MPHASISBFL,235.0,CA,0.0,0.0,0.0,24.1,32.2,0.0,0.0,0.0
2005-10-10,2005-12-29,OPTSTK,MPHASISBFL,240.0,CA,0.0,0.0,0.0,21.4,28.75,0.0,0.0,0.0
2005-10-10,2005-12-29,OPTSTK,MPHASISBFL,245.0,CA,0.0,0.0,0.0,18.9,25.55,0.0,0.0,0.0
2005-10-10,2005-12-29,OPTSTK,MPHASISBFL,250.0,CA,0.0,0.0,0.0,16.65,22.55,0.0,0.0,0.0
2005-10-10,2005-12-29,OPTSTK,MPHASISBFL,255.0,CA,0.0,0.0,0.0,14.6,19.8,0.0,0.0,0.0
2005-10-10,2005-12-29,OPTSTK,MPHASISBFL,260.0,CA,0.0,0.0,0.0,12.75,17.3,0.0,0.0,0.0
2005-10-10,2005-12-29,OPTSTK,MPHASISBFL,270.0,CA,0.0,0.0,0.0,12.5,13.0,0.0,0.0,0.0
2005-10-10,2005-12-29,OPTSTK,MPHASISBFL,280.0,CA,0.0,0.0,0.0,9.5,9.6,0.0,0.0,0.0
2005-10-10,2005-12-29,OPTSTK,MPHASISBFL,290.0,CA,0.0,0.0,0.0,9.65,6.95,0.0,0.0,0.0
2005-10-10,2005-12-29,OPTSTK,MPHASISBFL,220.0,PA,0.0,0.0,0.0,5.65,2.8,0.0,0.0,0.0
2005-10-10,2005-12-29,OPTSTK,MPHASISBFL,230.0,PA,0.0,0.0,0.0,10.1,4.75,0.0,0.0,0.0
2005-10-10,2005-12-29,OPTSTK,MPHASISBFL,235.0,PA,0.0,0.0,0.0,12.1,6.0,0.0,0.0,0.0
2005-10-10,2005-12-29,OPTSTK,MPHASISBFL,240.0,PA,0.0,0.0,0.0,14.3,7.5,0.0,0.0,0.0
2005-10-10,2005-12-29,OPTSTK,MPHASISBFL,245.0,PA,0.0,0.0,0.0,16.75,9.2,0.0,0.0,0.0
2005-10-10,2005-12-29,OPTSTK,MPHASISBFL,250.0,PA,0.0,0.0,0.0,19.4,11.2,0.0,0.0,0.0
2005-10-10,2005-12-29,OPTSTK,MPHASISBFL,255.0,PA,0.0,0.0,0.0,22.25,13.4,0.0,0.0,0.0
2005-10-10,2005-12-29,OPTSTK,MPHASISBFL,260.0,PA,0.0,0.0,0.0,25.35,15.8,0.0,0.0,0.0
2005-10-10,2005-12-29,OPTSTK,MPHASISBFL,270.0,PA,0.0,0.0,0.0,28.3,21.4,0.0,0.0,0.0
2005-10-10,2005-12-29,OPTSTK,MPHASISBFL,280.0,PA,0.0,0.0,0.0,35.15,27.8,0.0,0.0,0.0
2005-10-10,2005-12-29,OPTSTK,MPHASISBFL,290.0,PA,0.0,0.0,0.0,37.85,35.05,0.0,0.0,0.0
2005-10-10,2005-10-27,OPTSTK,MRPL,35.0,CA,0.0,0.0,0.0,15.9,19.2,0.0,0.0,0.0
2005-10-10,2005-10-27,OPTSTK,MRPL,40.0,CA,0.0,0.0,0.0,11.7,14.2,0.0,0.0,0.0
2005-10-10,2005-10-27,OPTSTK,MRPL,42.5,CA,0.0,0.0,0.0,8.9,11.75,0.0,0.0,0.0
2005-10-10,2005-10-27,OPTSTK,MRPL,45.0,CA,0.0,0.0,0.0,8.2,9.3,0.0,0.0,0.0
2005-10-10,2005-10-27,OPTSTK,MRPL,47.5,CA,0.0,0.0,0.0,5.6,6.95,0.0,0.0,0.0
2005-10-10,2005-10-27,OPTSTK,MRPL,50.0,CA,0.0,0.0,0.0,6.0,4.85,0.0,0.0,71200.0
2005-10-10,2005-10-27,OPTSTK,MRPL,52.5,CA,0.0,0.0,0.0,4.15,3.1,0.0,0.0,71200.0
2005-10-10,2005-10-27,OPTSTK,MRPL,55.0,CA,2.1,2.25,1.6,1.65,1.65,17.0,43.0,627450.0
2005-10-10,2005-10-27,OPTSTK,MRPL,57.5,CA,0.0,0.0,0.0,1.45,0.95,0.0,0.0,102350.0
2005-10-10,2005-10-27,OPTSTK,MRPL,60.0,CA,0.9,0.9,0.65,0.65,0.65,3.0,8.11,186900.0
2005-10-10,2005-10-27,OPTSTK,MRPL,65.0,CA,0.6,0.6,0.6,0.6,0.6,1.0,2.91,31150.0
2005-10-10,2005-10-27,OPTSTK,MRPL,70.0,CA,0.0,0.0,0.0,3.05,0.05,0.0,0.0,0.0
2005-10-10,2005-10-27,OPTSTK,MRPL,75.0,CA,0.0,0.0,0.0,0.15,0.0,0.0,0.0,0.0
2005-10-10,2005-10-27,OPTSTK,MRPL,35.0,PA,0.0,0.0,0.0,0.35,0.0,0.0,0.0,0.0
2005-10-10,2005-10-27,OPTSTK,MRPL,40.0,PA,0.0,0.0,0.0,1.05,0.0,0.0,0.0,0.0
2005-10-10,2005-10-27,OPTSTK,MRPL,42.5,PA,0.0,0.0,0.0,1.1,0.05,0.0,0.0,0.0
2005-10-10,2005-10-27,OPTSTK,MRPL,45.0,PA,0.0,0.0,0.0,2.45,0.05,0.0,0.0,0.0
2005-10-10,2005-10-27,OPTSTK,MRPL,47.5,PA,0.0,0.0,0.0,2.75,0.2,0.0,0.0,0.0
2005-10-10,2005-10-27,OPTSTK,MRPL,50.0,PA,0.0,0.0,0.0,0.95,0.6,0.0,0.0,31150.0
2005-10-10,2005-10-27,OPTSTK,MRPL,52.5,PA,0.0,0.0,0.0,2.0,1.35,0.0,0.0,31150.0
2005-10-10,2005-10-27,OPTSTK,MRPL,55.0,PA,0.0,0.0,0.0,2.25,2.55,0.0,0.0,8900.0
2005-10-10,2005-10-27,OPTSTK,MRPL,57.5,PA,0.0,0.0,0.0,8.8,4.2,0.0,0.0,0.0
2005-10-10,2005-10-27,OPTSTK,MRPL,60.0,PA,0.0,0.0,0.0,11.2,6.2,0.0,0.0,0.0
2005-10-10,2005-10-27,OPTSTK,MRPL,65.0,PA,0.0,0.0,0.0,15.3,10.85,0.0,0.0,0.0
2005-10-10,2005-10-27,OPTSTK,MRPL,70.0,PA,0.0,0.0,0.0,16.05,15.75,0.0,0.0,0.0
2005-10-10,2005-10-27,OPTSTK,MRPL,75.0,PA,0.0,0.0,0.0,16.6,20.75,0.0,0.0,0.0
2005-10-10,2005-11-24,OPTSTK,MRPL,35.0,CA,0.0,0.0,0.0,16.65,19.4,0.0,0.0,0.0
2005-10-10,2005-11-24,OPTSTK,MRPL,40.0,CA,0.0,0.0,0.0,9.1,14.5,0.0,0.0,0.0
2005-10-10,2005-11-24,OPTSTK,MRPL,42.5,CA,0.0,0.0,0.0,7.4,12.15,0.0,0.0,0.0
2005-10-10,2005-11-24,OPTSTK,MRPL,45.0,CA,0.0,0.0,0.0,6.0,9.9,0.0,0.0,0.0
2005-10-10,2005-11-24,OPTSTK,MRPL,47.5,CA,0.0,0.0,0.0,4.75,7.85,0.0,0.0,0.0
2005-10-10,2005-11-24,OPTSTK,MRPL,50.0,CA,0.0,0.0,0.0,3.75,6.0,0.0,0.0,0.0
2005-10-10,2005-11-24,OPTSTK,MRPL,52.5,CA,0.0,0.0,0.0,2.9,4.5,0.0,0.0,0.0
2005-10-10,2005-11-24,OPTSTK,MRPL,55.0,CA,0.0,0.0,0.0,2.25,3.25,0.0,0.0,0.0
2005-10-10,2005-11-24,OPTSTK,MRPL,57.5,CA,0.0,0.0,0.0,2.45,2.25,0.0,0.0,0.0
2005-10-10,2005-11-24,OPTSTK,MRPL,60.0,CA,0.0,0.0,0.0,1.5,1.55,0.0,0.0,4450.0
2005-10-10,2005-11-24,OPTSTK,MRPL,65.0,CA,0.0,0.0,0.0,1.6,0.65,0.0,0.0,0.0
2005-10-10,2005-11-24,OPTSTK,MRPL,70.0,CA,0.0,0.0,0.0,1.35,0.25,0.0,0.0,0.0
2005-10-10,2005-11-24,OPTSTK,MRPL,75.0,CA,0.0,0.0,0.0,0.55,0.1,0.0,0.0,0.0
2005-10-10,2005-11-24,OPTSTK,MRPL,35.0,PA,0.0,0.0,0.0,0.35,0.05,0.0,0.0,0.0
2005-10-10,2005-11-24,OPTSTK,MRPL,40.0,PA,0.0,0.0,0.0,1.6,0.1,0.0,0.0,0.0
2005-10-10,2005-11-24,OPTSTK,MRPL,42.5,PA,0.0,0.0,0.0,2.4,0.2,0.0,0.0,0.0
2005-10-10,2005-11-24,OPTSTK,MRPL,45.0,PA,0.0,0.0,0.0,3.4,0.45,0.0,0.0,0.0
2005-10-10,2005-11-24,OPTSTK,MRPL,47.5,PA,0.0,0.0,0.0,4.65,0.9,0.0,0.0,0.0
2005-10-10,2005-11-24,OPTSTK,MRPL,50.0,PA,0.0,0.0,0.0,6.1,1.55,0.0,0.0,0.0
2005-10-10,2005-11-24,OPTSTK,MRPL,52.5,PA,0.0,0.0,0.0,7.75,2.5,0.0,0.0,0.0
2005-10-10,2005-11-24,OPTSTK,MRPL,55.0,PA,0.0,0.0,0.0,9.55,3.7,0.0,0.0,0.0
2005-10-10,2005-11-24,OPTSTK,MRPL,57.5,PA,0.0,0.0,0.0,10.25,5.25,0.0,0.0,0.0
2005-10-10,2005-11-24,OPTSTK,MRPL,60.0,PA,0.0,0.0,0.0,10.9,7.0,0.0,0.0,0.0
2005-10-10,2005-11-24,OPTSTK,MRPL,65.0,PA,0.0,0.0,0.0,14.85,11.1,0.0,0.0,0.0
2005-10-10,2005-11-24,OPTSTK,MRPL,70.0,PA,0.0,0.0,0.0,17.3,15.65,0.0,0.0,0.0
2005-10-10,2005-11-24,OPTSTK,MRPL,75.0,PA,0.0,0.0,0.0,16.65,20.45,0.0,0.0,0.0
2005-10-10,2005-12-29,OPTSTK,MRPL,40.0,CA,0.0,0.0,0.0,14.6,14.95,0.0,0.0,0.0
2005-10-10,2005-12-29,OPTSTK,MRPL,45.0,CA,0.0,0.0,0.0,10.65,10.7,0.0,0.0,0.0
2005-10-10,2005-12-29,OPTSTK,MRPL,50.0,CA,0.0,0.0,0.0,7.4,7.2,0.0,0.0,0.0
2005-10-10,2005-12-29,OPTSTK,MRPL,55.0,CA,0.0,0.0,0.0,4.95,4.5,0.0,0.0,0.0
2005-10-10,2005-12-29,OPTSTK,MRPL,60.0,CA,0.0,0.0,0.0,3.15,2.7,0.0,0.0,0.0
2005-10-10,2005-12-29,OPTSTK,MRPL,65.0,CA,0.0,0.0,0.0,2.0,1.5,0.0,0.0,0.0
2005-10-10,2005-12-29,OPTSTK,MRPL,70.0,CA,0.0,0.0,0.0,1.2,0.8,0.0,0.0,0.0
2005-10-10,2005-12-29,OPTSTK,MRPL,40.0,PA,0.0,0.0,0.0,0.65,0.3,0.0,0.0,0.0
2005-10-10,2005-12-29,OPTSTK,MRPL,45.0,PA,0.0,0.0,0.0,1.6,1.0,0.0,0.0,0.0
2005-10-10,2005-12-29,OPTSTK,MRPL,50.0,PA,0.0,0.0,0.0,3.3,2.4,0.0,0.0,0.0
2005-10-10,2005-12-29,OPTSTK,MRPL,55.0,PA,0.0,0.0,0.0,5.75,4.7,0.0,0.0,0.0
2005-10-10,2005-12-29,OPTSTK,MRPL,60.0,PA,0.0,0.0,0.0,8.9,7.8,0.0,0.0,0.0
2005-10-10,2005-12-29,OPTSTK,MRPL,65.0,PA,0.0,0.0,0.0,12.6,11.55,0.0,0.0,0.0
2005-10-10,2005-12-29,OPTSTK,MRPL,70.0,PA,0.0,0.0,0.0,16.75,15.8,0.0,0.0,0.0
2005-10-10,2005-10-27,OPTSTK,MTNL,105.0,CA,0.0,0.0,0.0,19.15,27.95,0.0,0.0,0.0
2005-10-10,2005-10-27,OPTSTK,MTNL,110.0,CA,0.0,0.0,0.0,19.95,23.0,0.0,0.0,0.0
2005-10-10,2005-10-27,OPTSTK,MTNL,115.0,CA,0.0,0.0,0.0,19.9,18.2,0.0,0.0,0.0
2005-10-10,2005-10-27,OPTSTK,MTNL,120.0,CA,0.0,0.0,0.0,18.9,13.6,0.0,0.0,0.0
2005-10-10,2005-10-27,OPTSTK,MTNL,125.0,CA,9.35,9.35,9.25,9.3,9.3,2.0,4.29,11200.0
2005-10-10,2005-10-27,OPTSTK,MTNL,130.0,CA,7.9,7.95,5.35,5.9,5.9,59.0,129.49,324800.0
2005-10-10,2005-10-27,OPTSTK,MTNL,135.0,CA,5.4,5.5,3.1,3.4,3.4,115.0,256.04,499200.0
2005-10-10,2005-10-27,OPTSTK,MTNL,140.0,CA,3.6,3.6,1.75,2.1,2.1,243.0,554.06,1140800.0
2005-10-10,2005-10-27,OPTSTK,MTNL,145.0,CA,1.95,2.0,1.15,1.25,1.25,28.0,65.65,297600.0
2005-10-10,2005-10-27,OPTSTK,MTNL,150.0,CA,1.7,1.7,0.8,0.85,0.85,22.0,53.2,182400.0
2005-10-10,2005-10-27,OPTSTK,MTNL,155.0,CA,0.0,0.0,0.0,1.35,0.2,0.0,0.0,0.0
2005-10-10,2005-10-27,OPTSTK,MTNL,105.0,PA,0.0,0.0,0.0,0.9,0.05,0.0,0.0,0.0
2005-10-10,2005-10-27,OPTSTK,MTNL,110.0,PA,0.0,0.0,0.0,1.75,0.05,0.0,0.0,0.0
2005-10-10,2005-10-27,OPTSTK,MTNL,115.0,PA,0.0,0.0,0.0,0.7,0.25,0.0,0.0,1600.0
2005-10-10,2005-10-27,OPTSTK,MTNL,120.0,PA,0.0,0.0,0.0,0.25,0.65,0.0,0.0,8000.0
2005-10-10,2005-10-27,OPTSTK,MTNL,125.0,PA,0.85,0.9,0.8,0.85,0.85,3.0,6.04,33600.0
2005-10-10,2005-10-27,OPTSTK,MTNL,130.0,PA,2.0,2.6,1.85,2.05,2.05,44.0,92.96,142400.0
2005-10-10,2005-10-27,OPTSTK,MTNL,135.0,PA,4.15,5.5,3.7,5.15,5.15,17.0,37.9,67200.0
2005-10-10,2005-10-27,OPTSTK,MTNL,140.0,PA,7.0,8.55,7.0,8.55,8.55,12.0,28.27,52800.0
2005-10-10,2005-10-27,OPTSTK,MTNL,145.0,PA,0.0,0.0,0.0,15.9,13.0,0.0,0.0,0.0
2005-10-10,2005-10-27,OPTSTK,MTNL,150.0,PA,0.0,0.0,0.0,19.4,17.45,0.0,0.0,0.0
2005-10-10,2005-10-27,OPTSTK,MTNL,155.0,PA,0.0,0.0,0.0,15.25,22.15,0.0,0.0,0.0
2005-10-10,2005-11-24,OPTSTK,MTNL,110.0,CA,0.0,0.0,0.0,16.8,24.15,0.0,0.0,0.0
2005-10-10,2005-11-24,OPTSTK,MTNL,115.0,CA,0.0,0.0,0.0,13.25,19.8,0.0,0.0,0.0
2005-10-10,2005-11-24,OPTSTK,MTNL,120.0,CA,0.0,0.0,0.0,10.2,15.85,0.0,0.0,0.0
2005-10-10,2005-11-24,OPTSTK,MTNL,125.0,CA,0.0,0.0,0.0,7.65,12.35,0.0,0.0,0.0
2005-10-10,2005-11-24,OPTSTK,MTNL,130.0,CA,0.0,0.0,0.0,5.6,9.35,0.0,0.0,0.0
2005-10-10,2005-11-24,OPTSTK,MTNL,135.0,CA,0.0,0.0,0.0,4.0,6.85,0.0,0.0,0.0
2005-10-10,2005-11-24,OPTSTK,MTNL,140.0,CA,0.0,0.0,0.0,2.8,4.9,0.0,0.0,0.0
2005-10-10,2005-11-24,OPTSTK,MTNL,145.0,CA,0.0,0.0,0.0,4.5,3.45,0.0,0.0,1600.0
2005-10-10,2005-11-24,OPTSTK,MTNL,150.0,CA,2.75,2.75,2.75,2.75,2.75,1.0,2.44,4800.0
2005-10-10,2005-11-24,OPTSTK,MTNL,155.0,CA,0.0,0.0,0.0,3.75,1.55,0.0,0.0,0.0
2005-10-10,2005-11-24,OPTSTK,MTNL,110.0,PA,0.0,0.0,0.0,2.2,0.7,0.0,0.0,0.0
2005-10-10,2005-11-24,OPTSTK,MTNL,115.0,PA,0.0,0.0,0.0,3.6,1.3,0.0,0.0,0.0
2005-10-10,2005-11-24,OPTSTK,MTNL,120.0,PA,0.0,0.0,0.0,5.45,2.3,0.0,0.0,0.0
2005-10-10,2005-11-24,OPTSTK,MTNL,125.0,PA,0.0,0.0,0.0,7.85,3.75,0.0,0.0,0.0
2005-10-10,2005-11-24,OPTSTK,MTNL,130.0,PA,0.0,0.0,0.0,10.75,5.7,0.0,0.0,0.0
2005-10-10,2005-11-24,OPTSTK,MTNL,135.0,PA,0.0,0.0,0.0,14.05,8.2,0.0,0.0,0.0
2005-10-10,2005-11-24,OPTSTK,MTNL,140.0,PA,0.0,0.0,0.0,17.8,11.25,0.0,0.0,0.0
2005-10-10,2005-11-24,OPTSTK,MTNL,145.0,PA,0.0,0.0,0.0,17.1,14.7,0.0,0.0,0.0
2005-10-10,2005-11-24,OPTSTK,MTNL,150.0,PA,0.0,0.0,0.0,15.8,18.55,0.0,0.0,0.0
2005-10-10,2005-11-24,OPTSTK,MTNL,155.0,PA,0.0,0.0,0.0,16.9,22.75,0.0,0.0,0.0
2005-10-10,2005-12-29,OPTSTK,MTNL,110.0,CA,0.0,0.0,0.0,20.6,25.8,0.0,0.0,0.0
2005-10-10,2005-12-29,OPTSTK,MTNL,115.0,CA,0.0,0.0,0.0,18.15,21.8,0.0,0.0,0.0
2005-10-10,2005-12-29,OPTSTK,MTNL,120.0,CA,0.0,0.0,0.0,14.6,18.2,0.0,0.0,0.0
2005-10-10,2005-12-29,OPTSTK,MTNL,125.0,CA,0.0,0.0,0.0,11.45,14.95,0.0,0.0,0.0
2005-10-10,2005-12-29,OPTSTK,MTNL,130.0,CA,0.0,0.0,0.0,8.8,12.15,0.0,0.0,0.0
2005-10-10,2005-12-29,OPTSTK,MTNL,135.0,CA,0.0,0.0,0.0,6.65,9.7,0.0,0.0,0.0
2005-10-10,2005-12-29,OPTSTK,MTNL,140.0,CA,0.0,0.0,0.0,4.9,7.65,0.0,0.0,0.0
2005-10-10,2005-12-29,OPTSTK,MTNL,145.0,CA,0.0,0.0,0.0,3.55,5.95,0.0,0.0,0.0
2005-10-10,2005-12-29,OPTSTK,MTNL,150.0,CA,0.0,0.0,0.0,5.25,4.6,0.0,0.0,0.0
2005-10-10,2005-12-29,OPTSTK,MTNL,155.0,CA,0.0,0.0,0.0,6.35,3.5,0.0,0.0,0.0
2005-10-10,2005-12-29,OPTSTK,MTNL,110.0,PA,0.0,0.0,0.0,1.5,1.7,0.0,0.0,0.0
2005-10-10,2005-12-29,OPTSTK,MTNL,115.0,PA,0.0,0.0,0.0,2.3,2.65,0.0,0.0,0.0
2005-10-10,2005-12-29,OPTSTK,MTNL,120.0,PA,0.0,0.0,0.0,3.65,4.0,0.0,0.0,0.0
2005-10-10,2005-12-29,OPTSTK,MTNL,125.0,PA,0.0,0.0,0.0,5.45,5.7,0.0,0.0,0.0
2005-10-10,2005-12-29,OPTSTK,MTNL,130.0,PA,0.0,0.0,0.0,7.75,7.8,0.0,0.0,0.0
2005-10-10,2005-12-29,OPTSTK,MTNL,135.0,PA,0.0,0.0,0.0,10.5,10.3,0.0,0.0,0.0
2005-10-10,2005-12-29,OPTSTK,MTNL,140.0,PA,0.0,0.0,0.0,13.7,13.15,0.0,0.0,0.0
2005-10-10,2005-12-29,OPTSTK,MTNL,145.0,PA,0.0,0.0,0.0,17.25,16.4,0.0,0.0,0.0
2005-10-10,2005-12-29,OPTSTK,MTNL,150.0,PA,0.0,0.0,0.0,17.75,20.0,0.0,0.0,0.0
2005-10-10,2005-12-29,OPTSTK,MTNL,155.0,PA,0.0,0.0,0.0,18.6,23.8,0.0,0.0,0.0
2005-10-10,2005-10-27,OPTSTK,NAGARFERT,7.5,CA,0.0,0.0,0.0,8.45,8.1,0.0,0.0,0.0
2005-10-10,2005-10-27,OPTSTK,NAGARFERT,10.0,CA,0.0,0.0,0.0,6.0,5.6,0.0,0.0,0.0
2005-10-10,2005-10-27,OPTSTK,NAGARFERT,12.5,CA,0.0,0.0,0.0,3.7,3.1,0.0,0.0,0.0
2005-10-10,2005-10-27,OPTSTK,NAGARFERT,15.0,CA,1.0,1.0,0.95,1.0,1.0,11.0,24.62,756000.0
2005-10-10,2005-10-27,OPTSTK,NAGARFERT,17.5,CA,0.2,0.2,0.2,0.2,0.2,9.0,22.3,3038000.0
2005-10-10,2005-10-27,OPTSTK,NAGARFERT,20.0,CA,0.0,0.0,0.0,0.1,0.0,0.0,0.0,476000.0
2005-10-10,2005-10-27,OPTSTK,NAGARFERT,22.5,CA,0.0,0.0,0.0,0.15,0.0,0.0,0.0,0.0
2005-10-10,2005-10-27,OPTSTK,NAGARFERT,25.0,CA,0.0,0.0,0.0,0.05,0.0,0.0,0.0,0.0
2005-10-10,2005-10-27,OPTSTK,NAGARFERT,7.5,PA,0.0,0.0,0.0,16.15,0.0,0.0,0.0,0.0
2005-10-10,2005-10-27,OPTSTK,NAGARFERT,10.0,PA,0.0,0.0,0.0,0.05,0.0,0.0,0.0,0.0
2005-10-10,2005-10-27,OPTSTK,NAGARFERT,12.5,PA,0.0,0.0,0.0,0.2,0.0,0.0,0.0,0.0
2005-10-10,2005-10-27,OPTSTK,NAGARFERT,15.0,PA,0.35,0.35,0.3,0.35,0.35,3.0,6.44,266000.0
2005-10-10,2005-10-27,OPTSTK,NAGARFERT,17.5,PA,0.0,0.0,0.0,2.3,2.0,0.0,0.0,0.0
2005-10-10,2005-10-27,OPTSTK,NAGARFERT,20.0,PA,0.0,0.0,0.0,4.25,4.4,0.0,0.0,0.0
2005-10-10,2005-10-27,OPTSTK,NAGARFERT,22.5,PA,0.0,0.0,0.0,6.5,6.9,0.0,0.0,0.0
2005-10-10,2005-10-27,OPTSTK,NAGARFERT,25.0,PA,0.0,0.0,0.0,8.4,9.4,0.0,0.0,0.0
2005-10-10,2005-11-24,OPTSTK,NAGARFERT,7.5,CA,0.0,0.0,0.0,8.4,8.15,0.0,0.0,0.0
2005-10-10,2005-11-24,OPTSTK,NAGARFERT,10.0,CA,0.0,0.0,0.0,5.9,5.65,0.0,0.0,0.0
2005-10-10,2005-11-24,OPTSTK,NAGARFERT,12.5,CA,0.0,0.0,0.0,3.6,3.2,0.0,0.0,0.0
2005-10-10,2005-11-24,OPTSTK,NAGARFERT,15.0,CA,0.0,0.0,0.0,1.75,1.25,0.0,0.0,0.0
2005-10-10,2005-11-24,OPTSTK,NAGARFERT,17.5,CA,0.0,0.0,0.0,0.65,0.3,0.0,0.0,0.0
2005-10-10,2005-11-24,OPTSTK,NAGARFERT,20.0,CA,0.0,0.0,0.0,0.4,0.05,0.0,0.0,14000.0
2005-10-10,2005-11-24,OPTSTK,NAGARFERT,22.5,CA,0.0,0.0,0.0,0.05,0.0,0.0,0.0,0.0
2005-10-10,2005-11-24,OPTSTK,NAGARFERT,25.0,CA,0.0,0.0,0.0,0.1,0.0,0.0,0.0,0.0
2005-10-10,2005-11-24,OPTSTK,NAGARFERT,7.5,PA,0.0,0.0,0.0,15.9,0.0,0.0,0.0,0.0
2005-10-10,2005-11-24,OPTSTK,NAGARFERT,10.0,PA,0.0,0.0,0.0,0.05,0.0,0.0,0.0,0.0
2005-10-10,2005-11-24,OPTSTK,NAGARFERT,12.5,PA,0.0,0.0,0.0,0.15,0.05,0.0,0.0,0.0
2005-10-10,2005-11-24,OPTSTK,NAGARFERT,15.0,PA,0.0,0.0,0.0,0.75,0.55,0.0,0.0,0.0
2005-10-10,2005-11-24,OPTSTK,NAGARFERT,17.5,PA,0.0,0.0,0.0,2.15,2.1,0.0,0.0,0.0
2005-10-10,2005-11-24,OPTSTK,NAGARFERT,20.0,PA,0.0,0.0,0.0,4.2,4.35,0.0,0.0,0.0
2005-10-10,2005-11-24,OPTSTK,NAGARFERT,22.5,PA,0.0,0.0,0.0,6.5,6.8,0.0,0.0,0.0
2005-10-10,2005-11-24,OPTSTK,NAGARFERT,25.0,PA,0.0,0.0,0.0,7.85,9.3,0.0,0.0,0.0
2005-10-10,2005-12-29,OPTSTK,NAGARFERT,7.5,CA,0.0,0.0,0.0,8.3,8.15,0.0,0.0,0.0
2005-10-10,2005-12-29,OPTSTK,NAGARFERT,10.0,CA,0.0,0.0,0.0,5.85,5.7,0.0,0.0,0.0
2005-10-10,2005-12-29,OPTSTK,NAGARFERT,12.5,CA,0.0,0.0,0.0,3.6,3.35,0.0,0.0,0.0
2005-10-10,2005-12-29,OPTSTK,NAGARFERT,15.0,CA,0.0,0.0,0.0,1.9,1.55,0.0,0.0,0.0
2005-10-10,2005-12-29,OPTSTK,NAGARFERT,17.5,CA,0.0,0.0,0.0,0.9,0.55,0.0,0.0,0.0
2005-10-10,2005-12-29,OPTSTK,NAGARFERT,20.0,CA,0.0,0.0,0.0,0.35,0.15,0.0,0.0,0.0
2005-10-10,2005-12-29,OPTSTK,NAGARFERT,22.5,CA,0.0,0.0,0.0,0.15,0.05,0.0,0.0,0.0
2005-10-10,2005-12-29,OPTSTK,NAGARFERT,7.5,PA,0.0,0.0,0.0,16.05,0.0,0.0,0.0,0.0
2005-10-10,2005-12-29,OPTSTK,NAGARFERT,10.0,PA,0.0,0.0,0.0,0.05,0.05,0.0,0.0,0.0
2005-10-10,2005-12-29,OPTSTK,NAGARFERT,12.5,PA,0.0,0.0,0.0,0.3,0.15,0.0,0.0,0.0
2005-10-10,2005-12-29,OPTSTK,NAGARFERT,15.0,PA,0.0,0.0,0.0,1.05,0.8,0.0,0.0,0.0
2005-10-10,2005-12-29,OPTSTK,NAGARFERT,17.5,PA,0.0,0.0,0.0,2.5,2.3,0.0,0.0,0.0
2005-10-10,2005-12-29,OPTSTK,NAGARFERT,20.0,PA,0.0,0.0,0.0,4.45,4.35,0.0,0.0,0.0
2005-10-10,2005-12-29,OPTSTK,NAGARFERT,22.5,PA,0.0,0.0,0.0,6.65,6.7,0.0,0.0,0.0
2005-10-10,2005-10-27,OPTSTK,NATIONALUM,140.0,CA,0.0,0.0,0.0,20.3,33.1,0.0,0.0,0.0
2005-10-10,2005-10-27,OPTSTK,NATIONALUM,145.0,CA,0.0,0.0,0.0,16.4,28.15,0.0,0.0,0.0
2005-10-10,2005-10-27,OPTSTK,NATIONALUM,150.0,CA,0.0,0.0,0.0,12.9,23.3,0.0,0.0,0.0
2005-10-10,2005-10-27,OPTSTK,NATIONALUM,155.0,CA,0.0,0.0,0.0,9.9,18.65,0.0,0.0,0.0
2005-10-10,2005-10-27,OPTSTK,NATIONALUM,160.0,CA,0.0,0.0,0.0,7.4,14.35,0.0,0.0,0.0
2005-10-10,2005-10-27,OPTSTK,NATIONALUM,165.0,CA,0.0,0.0,0.0,5.4,10.5,0.0,0.0,0.0
2005-10-10,2005-10-27,OPTSTK,NATIONALUM,170.0,CA,6.85,7.5,6.85,7.5,7.5,5.0,10.18,14950.0
2005-10-10,2005-10-27,OPTSTK,NATIONALUM,175.0,CA,4.0,5.0,4.0,5.0,5.0,4.0,8.26,24150.0
2005-10-10,2005-10-27,OPTSTK,NATIONALUM,180.0,CA,2.35,3.4,2.25,3.4,3.4,10.0,21.0,113850.0
2005-10-10,2005-10-27,OPTSTK,NATIONALUM,185.0,CA,0.0,0.0,0.0,2.0,1.75,0.0,0.0,19550.0
2005-10-10,2005-10-27,OPTSTK,NATIONALUM,190.0,CA,0.0,0.0,0.0,1.25,0.95,0.0,0.0,37950.0
2005-10-10,2005-10-27,OPTSTK,NATIONALUM,195.0,CA,0.0,0.0,0.0,2.4,0.5,0.0,0.0,0.0
2005-10-10,2005-10-27,OPTSTK,NATIONALUM,200.0,CA,0.5,0.5,0.5,0.5,0.5,1.0,2.3,3450.0
2005-10-10,2005-10-27,OPTSTK,NATIONALUM,140.0,PA,0.0,0.0,0.0,1.5,0.05,0.0,0.0,0.0
2005-10-10,2005-10-27,OPTSTK,NATIONALUM,145.0,PA,0.0,0.0,0.0,2.5,0.1,0.0,0.0,0.0
2005-10-10,2005-10-27,OPTSTK,NATIONALUM,150.0,PA,0.0,0.0,0.0,3.95,0.25,0.0,0.0,0.0
2005-10-10,2005-10-27,OPTSTK,NATIONALUM,155.0,PA,0.0,0.0,0.0,5.85,0.55,0.0,0.0,0.0
2005-10-10,2005-10-27,OPTSTK,NATIONALUM,160.0,PA,0.0,0.0,0.0,8.3,1.25,0.0,0.0,0.0
2005-10-10,2005-10-27,OPTSTK,NATIONALUM,165.0,PA,0.0,0.0,0.0,11.2,2.4,0.0,0.0,0.0
2005-10-10,2005-10-27,OPTSTK,NATIONALUM,170.0,PA,4.1,4.1,4.0,4.0,4.0,2.0,4.0,11500.0
2005-10-10,2005-10-27,OPTSTK,NATIONALUM,175.0,PA,0.0,0.0,0.0,6.0,6.65,0.0,0.0,2300.0
2005-10-10,2005-10-27,OPTSTK,NATIONALUM,180.0,PA,0.0,0.0,0.0,9.95,9.8,0.0,0.0,1150.0
2005-10-10,2005-10-27,OPTSTK,NATIONALUM,185.0,PA,0.0,0.0,0.0,18.1,13.55,0.0,0.0,0.0
2005-10-10,2005-10-27,OPTSTK,NATIONALUM,190.0,PA,0.0,0.0,0.0,17.9,17.8,0.0,0.0,0.0
2005-10-10,2005-10-27,OPTSTK,NATIONALUM,195.0,PA,0.0,0.0,0.0,17.75,22.3,0.0,0.0,0.0
2005-10-10,2005-10-27,OPTSTK,NATIONALUM,200.0,PA,0.0,0.0,0.0,17.1,27.05,0.0,0.0,0.0
2005-10-10,2005-11-24,OPTSTK,NATIONALUM,150.0,CA,0.0,0.0,0.0,22.05,25.25,0.0,0.0,0.0
2005-10-10,2005-11-24,OPTSTK,NATIONALUM,155.0,CA,0.0,0.0,0.0,18.4,21.2,0.0,0.0,0.0
2005-10-10,2005-11-24,OPTSTK,NATIONALUM,160.0,CA,0.0,0.0,0.0,15.05,17.45,0.0,0.0,0.0
2005-10-10,2005-11-24,OPTSTK,NATIONALUM,165.0,CA,0.0,0.0,0.0,12.15,14.1,0.0,0.0,0.0
2005-10-10,2005-11-24,OPTSTK,NATIONALUM,170.0,CA,0.0,0.0,0.0,9.6,11.2,0.0,0.0,0.0
2005-10-10,2005-11-24,OPTSTK,NATIONALUM,175.0,CA,0.0,0.0,0.0,7.5,8.7,0.0,0.0,0.0
2005-10-10,2005-11-24,OPTSTK,NATIONALUM,180.0,CA,0.0,0.0,0.0,5.75,6.65,0.0,0.0,0.0
2005-10-10,2005-11-24,OPTSTK,NATIONALUM,185.0,CA,0.0,0.0,0.0,4.15,5.0,0.0,0.0,0.0
2005-10-10,2005-11-24,OPTSTK,NATIONALUM,190.0,CA,0.0,0.0,0.0,4.3,3.7,0.0,0.0,0.0
2005-10-10,2005-11-24,OPTSTK,NATIONALUM,195.0,CA,0.0,0.0,0.0,4.05,2.65,0.0,0.0,0.0
2005-10-10,2005-11-24,OPTSTK,NATIONALUM,200.0,CA,0.0,0.0,0.0,4.15,1.9,0.0,0.0,0.0
2005-10-10,2005-11-24,OPTSTK,NATIONALUM,150.0,PA,0.0,0.0,0.0,2.5,1.45,0.0,0.0,0.0
2005-10-10,2005-11-24,OPTSTK,NATIONALUM,155.0,PA,0.0,0.0,0.0,3.75,2.35,0.0,0.0,0.0
2005-10-10,2005-11-24,OPTSTK,NATIONALUM,160.0,PA,0.0,0.0,0.0,5.35,3.55,0.0,0.0,0.0
2005-10-10,2005-11-24,OPTSTK,NATIONALUM,165.0,PA,0.0,0.0,0.0,7.35,5.2,0.0,0.0,0.0
2005-10-10,2005-11-24,OPTSTK,NATIONALUM,170.0,PA,0.0,0.0,0.0,9.75,7.25,0.0,0.0,0.0
2005-10-10,2005-11-24,OPTSTK,NATIONALUM,175.0,PA,0.0,0.0,0.0,12.55,9.75,0.0,0.0,0.0
2005-10-10,2005-11-24,OPTSTK,NATIONALUM,180.0,PA,0.0,0.0,0.0,15.75,12.65,0.0,0.0,0.0
2005-10-10,2005-11-24,OPTSTK,NATIONALUM,185.0,PA,0.0,0.0,0.0,18.75,15.95,0.0,0.0,0.0
2005-10-10,2005-11-24,OPTSTK,NATIONALUM,190.0,PA,0.0,0.0,0.0,18.7,19.6,0.0,0.0,0.0
2005-10-10,2005-11-24,OPTSTK,NATIONALUM,195.0,PA,0.0,0.0,0.0,18.55,23.55,0.0,0.0,0.0
2005-10-10,2005-11-24,OPTSTK,NATIONALUM,200.0,PA,0.0,0.0,0.0,18.05,27.7,0.0,0.0,0.0
2005-10-10,2005-12-29,OPTSTK,NATIONALUM,155.0,CA,0.0,0.0,0.0,23.15,24.0,0.0,0.0,0.0
2005-10-10,2005-12-29,OPTSTK,NATIONALUM,160.0,CA,0.0,0.0,0.0,23.0,20.55,0.0,0.0,0.0
2005-10-10,2005-12-29,OPTSTK,NATIONALUM,165.0,CA,0.0,0.0,0.0,19.7,17.45,0.0,0.0,0.0
2005-10-10,2005-12-29,OPTSTK,NATIONALUM,170.0,CA,0.0,0.0,0.0,16.7,14.7,0.0,0.0,0.0
2005-10-10,2005-12-29,OPTSTK,NATIONALUM,175.0,CA,0.0,0.0,0.0,14.0,12.25,0.0,0.0,0.0
2005-10-10,2005-12-29,OPTSTK,NATIONALUM,180.0,CA,0.0,0.0,0.0,11.65,10.1,0.0,0.0,0.0
2005-10-10,2005-12-29,OPTSTK,NATIONALUM,185.0,CA,0.0,0.0,0.0,9.6,8.25,0.0,0.0,0.0
2005-10-10,2005-12-29,OPTSTK,NATIONALUM,190.0,CA,0.0,0.0,0.0,7.85,6.7,0.0,0.0,0.0
2005-10-10,2005-12-29,OPTSTK,NATIONALUM,195.0,CA,0.0,0.0,0.0,7.35,5.4,0.0,0.0,0.0
2005-10-10,2005-12-29,OPTSTK,NATIONALUM,155.0,PA,0.0,0.0,0.0,5.05,4.25,0.0,0.0,0.0
2005-10-10,2005-12-29,OPTSTK,NATIONALUM,160.0,PA,0.0,0.0,0.0,4.8,5.75,0.0,0.0,0.0
2005-10-10,2005-12-29,OPTSTK,NATIONALUM,165.0,PA,0.0,0.0,0.0,6.4,7.6,0.0,0.0,0.0
2005-10-10,2005-12-29,OPTSTK,NATIONALUM,170.0,PA,0.0,0.0,0.0,8.35,9.75,0.0,0.0,0.0
2005-10-10,2005-12-29,OPTSTK,NATIONALUM,175.0,PA,0.0,0.0,0.0,10.6,12.25,0.0,0.0,0.0
2005-10-10,2005-12-29,OPTSTK,NATIONALUM,180.0,PA,0.0,0.0,0.0,13.15,15.05,0.0,0.0,0.0
2005-10-10,2005-12-29,OPTSTK,NATIONALUM,185.0,PA,0.0,0.0,0.0,16.05,18.15,0.0,0.0,0.0
2005-10-10,2005-12-29,OPTSTK,NATIONALUM,190.0,PA,0.0,0.0,0.0,19.2,21.5,0.0,0.0,0.0
2005-10-10,2005-12-29,OPTSTK,NATIONALUM,195.0,PA,0.0,0.0,0.0,20.75,25.15,0.0,0.0,0.0
2005-10-10,2005-10-27,OPTSTK,NDTV,180.0,CA,0.0,0.0,0.0,24.6,27.0,0.0,0.0,0.0
2005-10-10,2005-10-27,OPTSTK,NDTV,185.0,CA,0.0,0.0,0.0,23.8,22.85,0.0,0.0,0.0
2005-10-10,2005-10-27,OPTSTK,NDTV,190.0,CA,0.0,0.0,0.0,20.95,19.1,0.0,0.0,0.0
2005-10-10,2005-10-27,OPTSTK,NDTV,195.0,CA,0.0,0.0,0.0,18.4,15.65,0.0,0.0,0.0
2005-10-10,2005-10-27,OPTSTK,NDTV,200.0,CA,0.0,0.0,0.0,16.0,12.65,0.0,0.0,4400.0
2005-10-10,2005-10-27,OPTSTK,NDTV,205.0,CA,0.0,0.0,0.0,37.85,10.0,0.0,0.0,0.0
2005-10-10,2005-10-27,OPTSTK,NDTV,210.0,CA,8.0,8.0,8.0,8.0,8.0,1.0,2.39,14300.0
2005-10-10,2005-10-27,OPTSTK,NDTV,215.0,CA,0.0,0.0,0.0,33.3,5.95,0.0,0.0,0.0
2005-10-10,2005-10-27,OPTSTK,NDTV,220.0,CA,3.6,3.6,3.6,3.6,3.6,1.0,2.45,14300.0
2005-10-10,2005-10-27,OPTSTK,NDTV,225.0,CA,0.0,0.0,0.0,29.25,3.3,0.0,0.0,0.0
2005-10-10,2005-10-27,OPTSTK,NDTV,230.0,CA,0.0,0.0,0.0,6.0,2.4,0.0,0.0,5500.0
2005-10-10,2005-10-27,OPTSTK,NDTV,235.0,CA,0.0,0.0,0.0,37.1,1.75,0.0,0.0,0.0
2005-10-10,2005-10-27,OPTSTK,NDTV,240.0,CA,0.0,0.0,0.0,4.0,1.25,0.0,0.0,4400.0
2005-10-10,2005-10-27,OPTSTK,NDTV,245.0,CA,0.0,0.0,0.0,33.15,0.85,0.0,0.0,0.0
2005-10-10,2005-10-27,OPTSTK,NDTV,250.0,CA,0.0,0.0,0.0,33.55,0.6,0.0,0.0,0.0
2005-10-10,2005-10-27,OPTSTK,NDTV,255.0,CA,0.0,0.0,0.0,30.45,0.4,0.0,0.0,0.0
2005-10-10,2005-10-27,OPTSTK,NDTV,180.0,PA,0.0,0.0,0.0,8.1,1.55,0.0,0.0,0.0
2005-10-10,2005-10-27,OPTSTK,NDTV,185.0,PA,0.0,0.0,0.0,9.85,2.45,0.0,0.0,0.0
2005-10-10,2005-10-27,OPTSTK,NDTV,190.0,PA,0.0,0.0,0.0,12.0,3.65,0.0,0.0,0.0
2005-10-10,2005-10-27,OPTSTK,NDTV,195.0,PA,0.0,0.0,0.0,14.35,5.2,0.0,0.0,0.0
2005-10-10,2005-10-27,OPTSTK,NDTV,200.0,PA,0.0,0.0,0.0,7.9,7.15,0.0,0.0,1100.0
2005-10-10,2005-10-27,OPTSTK,NDTV,205.0,PA,0.0,0.0,0.0,25.9,9.55,0.0,0.0,0.0
2005-10-10,2005-10-27,OPTSTK,NDTV,210.0,PA,0.0,0.0,0.0,28.5,12.3,0.0,0.0,0.0
2005-10-10,2005-10-27,OPTSTK,NDTV,215.0,PA,0.0,0.0,0.0,31.25,15.45,0.0,0.0,0.0
2005-10-10,2005-10-27,OPTSTK,NDTV,220.0,PA,0.0,0.0,0.0,34.1,18.95,0.0,0.0,0.0
2005-10-10,2005-10-27,OPTSTK,NDTV,225.0,PA,0.0,0.0,0.0,37.05,22.8,0.0,0.0,0.0
2005-10-10,2005-10-27,OPTSTK,NDTV,230.0,PA,0.0,0.0,0.0,40.1,26.85,0.0,0.0,0.0
2005-10-10,2005-10-27,OPTSTK,NDTV,235.0,PA,0.0,0.0,0.0,37.45,31.2,0.0,0.0,0.0
2005-10-10,2005-10-27,OPTSTK,NDTV,240.0,PA,0.0,0.0,0.0,40.35,35.65,0.0,0.0,0.0
2005-10-10,2005-10-27,OPTSTK,NDTV,245.0,PA,0.0,0.0,0.0,43.35,40.25,0.0,0.0,0.0
2005-10-10,2005-10-27,OPTSTK,NDTV,250.0,PA,0.0,0.0,0.0,42.7,45.0,0.0,0.0,0.0
2005-10-10,2005-10-27,OPTSTK,NDTV,255.0,PA,0.0,0.0,0.0,42.0,49.8,0.0,0.0,0.0
2005-10-10,2005-11-24,OPTSTK,NDTV,180.0,CA,0.0,0.0,0.0,29.9,31.55,0.0,0.0,0.0
2005-10-10,2005-11-24,OPTSTK,NDTV,185.0,CA,0.0,0.0,0.0,29.45,28.05,0.0,0.0,0.0
2005-10-10,2005-11-24,OPTSTK,NDTV,190.0,CA,0.0,0.0,0.0,26.75,24.8,0.0,0.0,0.0
2005-10-10,2005-11-24,OPTSTK,NDTV,195.0,CA,0.0,0.0,0.0,24.3,21.8,0.0,0.0,0.0
2005-10-10,2005-11-24,OPTSTK,NDTV,200.0,CA,0.0,0.0,0.0,34.75,19.05,0.0,0.0,0.0
2005-10-10,2005-11-24,OPTSTK,NDTV,205.0,CA,0.0,0.0,0.0,32.1,16.55,0.0,0.0,0.0
2005-10-10,2005-11-24,OPTSTK,NDTV,210.0,CA,0.0,0.0,0.0,29.55,14.35,0.0,0.0,0.0
2005-10-10,2005-11-24,OPTSTK,NDTV,215.0,CA,0.0,0.0,0.0,27.2,12.3,0.0,0.0,0.0
2005-10-10,2005-11-24,OPTSTK,NDTV,220.0,CA,0.0,0.0,0.0,25.0,10.55,0.0,0.0,0.0
2005-10-10,2005-11-24,OPTSTK,NDTV,225.0,CA,0.0,0.0,0.0,22.95,9.0,0.0,0.0,0.0
2005-10-10,2005-11-24,OPTSTK,NDTV,230.0,CA,0.0,0.0,0.0,21.05,7.6,0.0,0.0,0.0
2005-10-10,2005-11-24,OPTSTK,NDTV,235.0,CA,0.0,0.0,0.0,29.65,6.45,0.0,0.0,0.0
2005-10-10,2005-11-24,OPTSTK,NDTV,240.0,CA,0.0,0.0,0.0,27.6,5.4,0.0,0.0,0.0
2005-10-10,2005-11-24,OPTSTK,NDTV,245.0,CA,0.0,0.0,0.0,25.65,4.55,0.0,0.0,0.0
2005-10-10,2005-11-24,OPTSTK,NDTV,250.0,CA,0.0,0.0,0.0,22.3,3.8,0.0,0.0,0.0
2005-10-10,2005-11-24,OPTSTK,NDTV,255.0,CA,0.0,0.0,0.0,23.25,3.15,0.0,0.0,0.0
2005-10-10,2005-11-24,OPTSTK,NDTV,180.0,PA,0.0,0.0,0.0,12.6,5.25,0.0,0.0,0.0
2005-10-10,2005-11-24,OPTSTK,NDTV,185.0,PA,0.0,0.0,0.0,14.6,6.75,0.0,0.0,0.0
2005-10-10,2005-11-24,OPTSTK,NDTV,190.0,PA,0.0,0.0,0.0,16.9,8.45,0.0,0.0,0.0
2005-10-10,2005-11-24,OPTSTK,NDTV,195.0,PA,0.0,0.0,0.0,19.4,10.4,0.0,0.0,0.0
2005-10-10,2005-11-24,OPTSTK,NDTV,200.0,PA,0.0,0.0,0.0,16.4,12.65,0.0,0.0,0.0
2005-10-10,2005-11-24,OPTSTK,NDTV,205.0,PA,0.0,0.0,0.0,18.65,15.1,0.0,0.0,0.0
2005-10-10,2005-11-24,OPTSTK,NDTV,210.0,PA,0.0,0.0,0.0,21.05,17.8,0.0,0.0,0.0
2005-10-10,2005-11-24,OPTSTK,NDTV,215.0,PA,0.0,0.0,0.0,23.6,20.8,0.0,0.0,0.0
2005-10-10,2005-11-24,OPTSTK,NDTV,220.0,PA,0.0,0.0,0.0,26.35,23.95,0.0,0.0,0.0
2005-10-10,2005-11-24,OPTSTK,NDTV,225.0,PA,0.0,0.0,0.0,29.2,27.35,0.0,0.0,0.0
2005-10-10,2005-11-24,OPTSTK,NDTV,230.0,PA,0.0,0.0,0.0,32.2,30.95,0.0,0.0,0.0
2005-10-10,2005-11-24,OPTSTK,NDTV,235.0,PA,0.0,0.0,0.0,30.7,34.75,0.0,0.0,0.0
2005-10-10,2005-11-24,OPTSTK,NDTV,240.0,PA,0.0,0.0,0.0,33.55,38.7,0.0,0.0,0.0
2005-10-10,2005-11-24,OPTSTK,NDTV,245.0,PA,0.0,0.0,0.0,36.55,42.75,0.0,0.0,0.0
2005-10-10,2005-11-24,OPTSTK,NDTV,250.0,PA,0.0,0.0,0.0,36.35,47.0,0.0,0.0,0.0
2005-10-10,2005-11-24,OPTSTK,NDTV,255.0,PA,0.0,0.0,0.0,33.55,51.3,0.0,0.0,0.0
2005-10-10,2005-12-29,OPTSTK,NDTV,190.0,CA,0.0,0.0,0.0,32.95,30.15,0.0,0.0,0.0
2005-10-10,2005-12-29,OPTSTK,NDTV,195.0,CA,0.0,0.0,0.0,36.35,27.35,0.0,0.0,0.0
2005-10-10,2005-12-29,OPTSTK,NDTV,200.0,CA,0.0,0.0,0.0,33.65,24.75,0.0,0.0,0.0
2005-10-10,2005-12-29,OPTSTK,NDTV,205.0,CA,0.0,0.0,0.0,31.15,22.35,0.0,0.0,0.0
2005-10-10,2005-12-29,OPTSTK,NDTV,210.0,CA,0.0,0.0,0.0,28.75,20.15,0.0,0.0,0.0
2005-10-10,2005-12-29,OPTSTK,NDTV,215.0,CA,0.0,0.0,0.0,26.5,18.1,0.0,0.0,0.0
2005-10-10,2005-12-29,OPTSTK,NDTV,220.0,CA,0.0,0.0,0.0,24.4,16.2,0.0,0.0,0.0
2005-10-10,2005-12-29,OPTSTK,NDTV,225.0,CA,0.0,0.0,0.0,22.45,14.5,0.0,0.0,0.0
2005-10-10,2005-12-29,OPTSTK,NDTV,230.0,CA,0.0,0.0,0.0,21.95,12.95,0.0,0.0,0.0
2005-10-10,2005-12-29,OPTSTK,NDTV,190.0,PA,0.0,0.0,0.0,13.75,12.7,0.0,0.0,0.0
2005-10-10,2005-12-29,OPTSTK,NDTV,195.0,PA,0.0,0.0,0.0,16.5,14.85,0.0,0.0,0.0
2005-10-10,2005-12-29,OPTSTK,NDTV,200.0,PA,0.0,0.0,0.0,18.7,17.2,0.0,0.0,0.0
2005-10-10,2005-12-29,OPTSTK,NDTV,205.0,PA,0.0,0.0,0.0,21.1,19.7,0.0,0.0,0.0
2005-10-10,2005-12-29,OPTSTK,NDTV,210.0,PA,0.0,0.0,0.0,23.65,22.45,0.0,0.0,0.0
2005-10-10,2005-12-29,OPTSTK,NDTV,215.0,PA,0.0,0.0,0.0,26.35,25.3,0.0,0.0,0.0
2005-10-10,2005-12-29,OPTSTK,NDTV,220.0,PA,0.0,0.0,0.0,29.2,28.4,0.0,0.0,0.0
2005-10-10,2005-12-29,OPTSTK,NDTV,225.0,PA,0.0,0.0,0.0,32.15,31.6,0.0,0.0,0.0
2005-10-10,2005-12-29,OPTSTK,NDTV,230.0,PA,0.0,0.0,0.0,31.45,35.0,0.0,0.0,0.0
2005-10-10,2005-10-27,OPTSTK,NEYVELILIG,65.0,CA,0.0,0.0,0.0,16.5,17.55,0.0,0.0,0.0
2005-10-10,2005-10-27,OPTSTK,NEYVELILIG,70.0,CA,0.0,0.0,0.0,12.75,12.6,0.0,0.0,0.0
2005-10-10,2005-10-27,OPTSTK,NEYVELILIG,75.0,CA,0.0,0.0,0.0,8.5,7.9,0.0,0.0,2950.0
2005-10-10,2005-10-27,OPTSTK,NEYVELILIG,80.0,CA,3.1,4.2,3.1,4.2,4.2,3.0,7.41,11800.0
2005-10-10,2005-10-27,OPTSTK,NEYVELILIG,85.0,CA,2.1,2.1,1.8,1.8,1.8,6.0,15.38,118000.0
2005-10-10,2005-10-27,OPTSTK,NEYVELILIG,90.0,CA,1.05,1.05,1.05,1.05,1.05,1.0,2.68,109150.0
2005-10-10,2005-10-27,OPTSTK,NEYVELILIG,95.0,CA,0.0,0.0,0.0,2.3,0.15,0.0,0.0,0.0
2005-10-10,2005-10-27,OPTSTK,NEYVELILIG,100.0,CA,0.0,0.0,0.0,2.2,0.05,0.0,0.0,0.0
2005-10-10,2005-10-27,OPTSTK,NEYVELILIG,105.0,CA,0.0,0.0,0.0,1.3,0.0,0.0,0.0,0.0
2005-10-10,2005-10-27,OPTSTK,NEYVELILIG,65.0,PA,0.0,0.0,0.0,1.3,0.0,0.0,0.0,0.0
2005-10-10,2005-10-27,OPTSTK,NEYVELILIG,70.0,PA,0.0,0.0,0.0,2.45,0.05,0.0,0.0,0.0
2005-10-10,2005-10-27,OPTSTK,NEYVELILIG,75.0,PA,0.0,0.0,0.0,4.2,0.4,0.0,0.0,0.0
2005-10-10,2005-10-27,OPTSTK,NEYVELILIG,80.0,PA,0.0,0.0,0.0,6.5,1.55,0.0,0.0,0.0
2005-10-10,2005-10-27,OPTSTK,NEYVELILIG,85.0,PA,0.0,0.0,0.0,3.95,4.1,0.0,0.0,2950.0
2005-10-10,2005-10-27,OPTSTK,NEYVELILIG,90.0,PA,0.0,0.0,0.0,12.8,7.95,0.0,0.0,0.0
2005-10-10,2005-10-27,OPTSTK,NEYVELILIG,95.0,PA,0.0,0.0,0.0,16.65,12.55,0.0,0.0,0.0
2005-10-10,2005-10-27,OPTSTK,NEYVELILIG,100.0,PA,0.0,0.0,0.0,17.8,17.45,0.0,0.0,0.0
2005-10-10,2005-10-27,OPTSTK,NEYVELILIG,105.0,PA,0.0,0.0,0.0,17.35,22.4,0.0,0.0,0.0
2005-10-10,2005-11-24,OPTSTK,NEYVELILIG,65.0,CA,0.0,0.0,0.0,14.8,17.95,0.0,0.0,0.0
2005-10-10,2005-11-24,OPTSTK,NEYVELILIG,70.0,CA,0.0,0.0,0.0,16.6,13.35,0.0,0.0,0.0
2005-10-10,2005-11-24,OPTSTK,NEYVELILIG,75.0,CA,0.0,0.0,0.0,12.45,9.2,0.0,0.0,0.0
2005-10-10,2005-11-24,OPTSTK,NEYVELILIG,80.0,CA,0.0,0.0,0.0,8.9,5.85,0.0,0.0,0.0
2005-10-10,2005-11-24,OPTSTK,NEYVELILIG,85.0,CA,0.0,0.0,0.0,6.05,3.4,0.0,0.0,0.0
2005-10-10,2005-11-24,OPTSTK,NEYVELILIG,90.0,CA,0.0,0.0,0.0,3.9,1.85,0.0,0.0,0.0
2005-10-10,2005-11-24,OPTSTK,NEYVELILIG,95.0,CA,0.0,0.0,0.0,2.4,0.9,0.0,0.0,0.0
2005-10-10,2005-11-24,OPTSTK,NEYVELILIG,100.0,CA,0.0,0.0,0.0,1.45,0.45,0.0,0.0,0.0
2005-10-10,2005-11-24,OPTSTK,NEYVELILIG,65.0,PA,0.0,0.0,0.0,0.65,0.15,0.0,0.0,0.0
2005-10-10,2005-11-24,OPTSTK,NEYVELILIG,70.0,PA,0.0,0.0,0.0,0.55,0.45,0.0,0.0,0.0
2005-10-10,2005-11-24,OPTSTK,NEYVELILIG,75.0,PA,0.0,0.0,0.0,1.35,1.3,0.0,0.0,0.0
2005-10-10,2005-11-24,OPTSTK,NEYVELILIG,80.0,PA,0.0,0.0,0.0,2.7,2.9,0.0,0.0,0.0
2005-10-10,2005-11-24,OPTSTK,NEYVELILIG,85.0,PA,0.0,0.0,0.0,4.8,5.45,0.0,0.0,0.0
2005-10-10,2005-11-24,OPTSTK,NEYVELILIG,90.0,PA,0.0,0.0,0.0,7.6,8.85,0.0,0.0,0.0
2005-10-10,2005-11-24,OPTSTK,NEYVELILIG,95.0,PA,0.0,0.0,0.0,11.0,12.85,0.0,0.0,0.0
2005-10-10,2005-11-24,OPTSTK,NEYVELILIG,100.0,PA,0.0,0.0,0.0,14.95,17.35,0.0,0.0,0.0
2005-10-10,2005-12-29,OPTSTK,NEYVELILIG,65.0,CA,0.0,0.0,0.0,0.0,0.0,0.0,0.0,0.0
2005-10-10,2005-12-29,OPTSTK,NEYVELILIG,70.0,CA,0.0,0.0,0.0,15.7,14.35,0.0,0.0,0.0
2005-10-10,2005-12-29,OPTSTK,NEYVELILIG,75.0,CA,0.0,0.0,0.0,12.1,10.6,0.0,0.0,0.0
2005-10-10,2005-12-29,OPTSTK,NEYVELILIG,80.0,CA,0.0,0.0,0.0,9.1,7.5,0.0,0.0,0.0
2005-10-10,2005-12-29,OPTSTK,NEYVELILIG,85.0,CA,0.0,0.0,0.0,6.65,5.05,0.0,0.0,0.0
2005-10-10,2005-12-29,OPTSTK,NEYVELILIG,90.0,CA,0.0,0.0,0.0,4.75,3.25,0.0,0.0,0.0
2005-10-10,2005-12-29,OPTSTK,NEYVELILIG,95.0,CA,0.0,0.0,0.0,3.3,2.05,0.0,0.0,0.0
2005-10-10,2005-12-29,OPTSTK,NEYVELILIG,100.0,CA,0.0,0.0,0.0,2.25,1.25,0.0,0.0,0.0
2005-10-10,2005-12-29,OPTSTK,NEYVELILIG,65.0,PA,0.0,0.0,0.0,0.0,0.0,0.0,0.0,0.0
2005-10-10,2005-12-29,OPTSTK,NEYVELILIG,70.0,PA,0.0,0.0,0.0,1.7,1.1,0.0,0.0,0.0
2005-10-10,2005-12-29,OPTSTK,NEYVELILIG,75.0,PA,0.0,0.0,0.0,3.05,2.25,0.0,0.0,0.0
2005-10-10,2005-12-29,OPTSTK,NEYVELILIG,80.0,PA,0.0,0.0,0.0,4.95,4.1,0.0,0.0,0.0
2005-10-10,2005-12-29,OPTSTK,NEYVELILIG,85.0,PA,0.0,0.0,0.0,7.45,6.6,0.0,0.0,0.0
2005-10-10,2005-12-29,OPTSTK,NEYVELILIG,90.0,PA,0.0,0.0,0.0,10.45,9.75,0.0,0.0,0.0
2005-10-10,2005-12-29,OPTSTK,NEYVELILIG,95.0,PA,0.0,0.0,0.0,13.95,13.45,0.0,0.0,0.0
2005-10-10,2005-12-29,OPTSTK,NEYVELILIG,100.0,PA,0.0,0.0,0.0,17.8,17.55,0.0,0.0,0.0
2005-10-10,2005-10-27,OPTSTK,NICOLASPIR,220.0,CA,0.0,0.0,0.0,41.6,69.4,0.0,0.0,0.0
2005-10-10,2005-10-27,OPTSTK,NICOLASPIR,230.0,CA,0.0,0.0,0.0,34.65,59.45,0.0,0.0,0.0
2005-10-10,2005-10-27,OPTSTK,NICOLASPIR,235.0,CA,0.0,0.0,0.0,28.95,54.45,0.0,0.0,0.0
2005-10-10,2005-10-27,OPTSTK,NICOLASPIR,240.0,CA,0.0,0.0,0.0,28.5,49.5,0.0,0.0,0.0
2005-10-10,2005-10-27,OPTSTK,NICOLASPIR,245.0,CA,0.0,0.0,0.0,23.35,44.6,0.0,0.0,0.0
2005-10-10,2005-10-27,OPTSTK,NICOLASPIR,250.0,CA,0.0,0.0,0.0,23.15,39.75,0.0,0.0,0.0
2005-10-10,2005-10-27,OPTSTK,NICOLASPIR,255.0,CA,0.0,0.0,0.0,18.5,35.05,0.0,0.0,0.0
2005-10-10,2005-10-27,OPTSTK,NICOLASPIR,260.0,CA,0.0,0.0,0.0,18.5,30.45,0.0,0.0,0.0
2005-10-10,2005-10-27,OPTSTK,NICOLASPIR,265.0,CA,0.0,0.0,0.0,14.5,26.05,0.0,0.0,0.0
2005-10-10,2005-10-27,OPTSTK,NICOLASPIR,270.0,CA,0.0,0.0,0.0,14.65,21.95,0.0,0.0,0.0
2005-10-10,2005-10-27,OPTSTK,NICOLASPIR,280.0,CA,0.0,0.0,0.0,11.45,14.75,0.0,0.0,0.0
2005-10-10,2005-10-27,OPTSTK,NICOLASPIR,290.0,CA,8.1,9.0,8.1,9.0,9.0,2.0,6.23,2090.0
2005-10-10,2005-10-27,OPTSTK,NICOLASPIR,300.0,CA,0.0,0.0,0.0,6.5,5.2,0.0,0.0,3135.0
2005-10-10,2005-10-27,OPTSTK,NICOLASPIR,310.0,CA,0.0,0.0,0.0,14.95,2.75,0.0,0.0,0.0
2005-10-10,2005-10-27,OPTSTK,NICOLASPIR,320.0,CA,0.0,0.0,0.0,5.6,1.3,0.0,0.0,0.0
2005-10-10,2005-10-27,OPTSTK,NICOLASPIR,220.0,PA,0.0,0.0,0.0,6.25,0.0,0.0,0.0,0.0
2005-10-10,2005-10-27,OPTSTK,NICOLASPIR,230.0,PA,0.0,0.0,0.0,9.15,0.05,0.0,0.0,0.0
2005-10-10,2005-10-27,OPTSTK,NICOLASPIR,235.0,PA,0.0,0.0,0.0,10.95,0.05,0.0,0.0,0.0
2005-10-10,2005-10-27,OPTSTK,NICOLASPIR,240.0,PA,0.0,0.0,0.0,12.8,0.1,0.0,0.0,0.0
2005-10-10,2005-10-27,OPTSTK,NICOLASPIR,245.0,PA,0.0,0.0,0.0,15.2,0.2,0.0,0.0,0.0
2005-10-10,2005-10-27,OPTSTK,NICOLASPIR,250.0,PA,0.0,0.0,0.0,17.3,0.3,0.0,0.0,0.0
2005-10-10,2005-10-27,OPTSTK,NICOLASPIR,255.0,PA,0.0,0.0,0.0,20.25,0.55,0.0,0.0,0.0
2005-10-10,2005-10-27,OPTSTK,NICOLASPIR,260.0,PA,0.0,0.0,0.0,22.55,1.0,0.0,0.0,0.0
2005-10-10,2005-10-27,OPTSTK,NICOLASPIR,265.0,PA,0.0,0.0,0.0,26.1,1.6,0.0,0.0,0.0
2005-10-10,2005-10-27,OPTSTK,NICOLASPIR,270.0,PA,0.0,0.0,0.0,28.5,2.45,0.0,0.0,0.0
2005-10-10,2005-10-27,OPTSTK,NICOLASPIR,280.0,PA,0.0,0.0,0.0,5.0,5.2,0.0,0.0,1045.0
2005-10-10,2005-10-27,OPTSTK,NICOLASPIR,290.0,PA,0.0,0.0,0.0,39.45,9.6,0.0,0.0,0.0
2005-10-10,2005-10-27,OPTSTK,NICOLASPIR,300.0,PA,0.0,0.0,0.0,34.7,15.65,0.0,0.0,0.0
2005-10-10,2005-10-27,OPTSTK,NICOLASPIR,310.0,PA,0.0,0.0,0.0,41.3,23.15,0.0,0.0,0.0
2005-10-10,2005-10-27,OPTSTK,NICOLASPIR,320.0,PA,0.0,0.0,0.0,32.55,31.7,0.0,0.0,0.0
2005-10-10,2005-11-24,OPTSTK,NICOLASPIR,220.0,CA,0.0,0.0,0.0,40.75,70.65,0.0,0.0,0.0
2005-10-10,2005-11-24,OPTSTK,NICOLASPIR,230.0,CA,0.0,0.0,0.0,33.95,61.05,0.0,0.0,0.0
2005-10-10,2005-11-24,OPTSTK,NICOLASPIR,240.0,CA,0.0,0.0,0.0,28.0,51.7,0.0,0.0,0.0
2005-10-10,2005-11-24,OPTSTK,NICOLASPIR,250.0,CA,0.0,0.0,0.0,22.75,42.85,0.0,0.0,0.0
2005-10-10,2005-11-24,OPTSTK,NICOLASPIR,260.0,CA,0.0,0.0,0.0,18.3,34.7,0.0,0.0,0.0
2005-10-10,2005-11-24,OPTSTK,NICOLASPIR,270.0,CA,0.0,0.0,0.0,14.55,27.35,0.0,0.0,0.0
2005-10-10,2005-11-24,OPTSTK,NICOLASPIR,280.0,CA,0.0,0.0,0.0,11.45,21.0,0.0,0.0,0.0
2005-10-10,2005-11-24,OPTSTK,NICOLASPIR,290.0,CA,0.0,0.0,0.0,12.05,15.65,0.0,0.0,0.0
2005-10-10,2005-11-24,OPTSTK,NICOLASPIR,300.0,CA,0.0,0.0,0.0,10.35,11.35,0.0,0.0,0.0
2005-10-10,2005-11-24,OPTSTK,NICOLASPIR,310.0,CA,0.0,0.0,0.0,7.3,8.05,0.0,0.0,0.0
2005-10-10,2005-11-24,OPTSTK,NICOLASPIR,320.0,CA,0.0,0.0,0.0,10.05,5.55,0.0,0.0,0.0
2005-10-10,2005-11-24,OPTSTK,NICOLASPIR,220.0,PA,0.0,0.0,0.0,7.0,0.2,0.0,0.0,0.0
2005-10-10,2005-11-24,OPTSTK,NICOLASPIR,230.0,PA,0.0,0.0,0.0,10.1,0.55,0.0,0.0,0.0
2005-10-10,2005-11-24,OPTSTK,NICOLASPIR,240.0,PA,0.0,0.0,0.0,13.95,1.15,0.0,0.0,0.0
2005-10-10,2005-11-24,OPTSTK,NICOLASPIR,250.0,PA,0.0,0.0,0.0,18.6,2.2,0.0,0.0,0.0
2005-10-10,2005-11-24,OPTSTK,NICOLASPIR,260.0,PA,0.0,0.0,0.0,24.0,3.95,0.0,0.0,0.0
2005-10-10,2005-11-24,OPTSTK,NICOLASPIR,270.0,PA,0.0,0.0,0.0,30.1,6.55,0.0,0.0,0.0
2005-10-10,2005-11-24,OPTSTK,NICOLASPIR,280.0,PA,0.0,0.0,0.0,36.85,10.1,0.0,0.0,0.0
2005-10-10,2005-11-24,OPTSTK,NICOLASPIR,290.0,PA,0.0,0.0,0.0,39.35,14.7,0.0,0.0,0.0
2005-10-10,2005-11-24,OPTSTK,NICOLASPIR,300.0,PA,0.0,0.0,0.0,38.25,20.35,0.0,0.0,0.0
2005-10-10,2005-11-24,OPTSTK,NICOLASPIR,310.0,PA,0.0,0.0,0.0,34.9,26.95,0.0,0.0,0.0
2005-10-10,2005-11-24,OPTSTK,NICOLASPIR,320.0,PA,0.0,0.0,0.0,35.5,34.35,0.0,0.0,0.0
2005-10-10,2005-12-29,OPTSTK,NICOLASPIR,250.0,CA,0.0,0.0,0.0,44.3,46.85,0.0,0.0,0.0
2005-10-10,2005-12-29,OPTSTK,NICOLASPIR,260.0,CA,0.0,0.0,0.0,40.2,39.4,0.0,0.0,0.0
2005-10-10,2005-12-29,OPTSTK,NICOLASPIR,270.0,CA,0.0,0.0,0.0,33.95,32.65,0.0,0.0,0.0
2005-10-10,2005-12-29,OPTSTK,NICOLASPIR,280.0,CA,0.0,0.0,0.0,28.4,26.7,0.0,0.0,0.0
2005-10-10,2005-12-29,OPTSTK,NICOLASPIR,290.0,CA,0.0,0.0,0.0,23.55,21.5,0.0,0.0,0.0
2005-10-10,2005-12-29,OPTSTK,NICOLASPIR,300.0,CA,0.0,0.0,0.0,19.35,17.1,0.0,0.0,0.0
2005-10-10,2005-12-29,OPTSTK,NICOLASPIR,310.0,CA,0.0,0.0,0.0,15.75,13.4,0.0,0.0,0.0
2005-10-10,2005-12-29,OPTSTK,NICOLASPIR,320.0,CA,0.0,0.0,0.0,12.7,10.35,0.0,0.0,0.0
2005-10-10,2005-12-29,OPTSTK,NICOLASPIR,250.0,PA,0.0,0.0,0.0,7.65,4.8,0.0,0.0,0.0
2005-10-10,2005-12-29,OPTSTK,NICOLASPIR,260.0,PA,0.0,0.0,0.0,10.45,7.2,0.0,0.0,0.0
2005-10-10,2005-12-29,OPTSTK,NICOLASPIR,270.0,PA,0.0,0.0,0.0,14.1,10.3,0.0,0.0,0.0
2005-10-10,2005-12-29,OPTSTK,NICOLASPIR,280.0,PA,0.0,0.0,0.0,18.4,14.2,0.0,0.0,0.0
2005-10-10,2005-12-29,OPTSTK,NICOLASPIR,290.0,PA,0.0,0.0,0.0,23.4,18.9,0.0,0.0,0.0
2005-10-10,2005-12-29,OPTSTK,NICOLASPIR,300.0,PA,0.0,0.0,0.0,29.0,24.35,0.0,0.0,0.0
2005-10-10,2005-12-29,OPTSTK,NICOLASPIR,310.0,PA,0.0,0.0,0.0,35.25,30.55,0.0,0.0,0.0
2005-10-10,2005-12-29,OPTSTK,NICOLASPIR,320.0,PA,0.0,0.0,0.0,42.1,37.4,0.0,0.0,0.0
2005-10-10,2005-10-27,OPTSTK,NIPPONDENR,12.5,CA,0.0,0.0,0.0,7.1,7.95,0.0,0.0,0.0
2005-10-10,2005-10-27,OPTSTK,NIPPONDENR,15.0,CA,0.0,0.0,0.0,4.9,5.45,0.0,0.0,0.0
2005-10-10,2005-10-27,OPTSTK,NIPPONDENR,17.5,CA,0.0,0.0,0.0,3.1,3.0,0.0,0.0,0.0
2005-10-10,2005-10-27,OPTSTK,NIPPONDENR,20.0,CA,1.5,1.5,0.9,1.0,1.0,96.0,161.55,1408000.0
2005-10-10,2005-10-27,OPTSTK,NIPPONDENR,22.5,CA,0.5,0.5,0.3,0.35,0.35,71.0,129.9,4072000.0
2005-10-10,2005-10-27,OPTSTK,NIPPONDENR,25.0,CA,0.25,0.25,0.1,0.15,0.15,11.0,22.14,1840000.0
2005-10-10,2005-10-27,OPTSTK,NIPPONDENR,27.5,CA,0.0,0.0,0.0,0.05,0.0,0.0,0.0,144000.0
2005-10-10,2005-10-27,OPTSTK,NIPPONDENR,30.0,CA,0.0,0.0,0.0,0.15,0.0,0.0,0.0,160000.0
2005-10-10,2005-10-27,OPTSTK,NIPPONDENR,32.5,CA,0.0,0.0,0.0,0.05,0.0,0.0,0.0,0.0
2005-10-10,2005-10-27,OPTSTK,NIPPONDENR,12.5,PA,0.0,0.0,0.0,0.1,0.0,0.0,0.0,0.0
2005-10-10,2005-10-27,OPTSTK,NIPPONDENR,15.0,PA,0.0,0.0,0.0,0.35,0.0,0.0,0.0,0.0
2005-10-10,2005-10-27,OPTSTK,NIPPONDENR,17.5,PA,0.15,0.15,0.15,0.15,0.15,1.0,1.41,8000.0
2005-10-10,2005-10-27,OPTSTK,NIPPONDENR,20.0,PA,0.45,0.6,0.4,0.5,0.5,25.0,40.98,616000.0
2005-10-10,2005-10-27,OPTSTK,NIPPONDENR,22.5,PA,2.35,2.35,2.15,2.15,2.15,6.0,11.85,472000.0
2005-10-10,2005-10-27,OPTSTK,NIPPONDENR,25.0,PA,0.0,0.0,0.0,5.9,4.6,0.0,0.0,0.0
2005-10-10,2005-10-27,OPTSTK,NIPPONDENR,27.5,PA,0.0,0.0,0.0,2.9,7.05,0.0,0.0,0.0
2005-10-10,2005-10-27,OPTSTK,NIPPONDENR,30.0,PA,0.0,0.0,0.0,8.0,9.55,0.0,0.0,0.0
2005-10-10,2005-10-27,OPTSTK,NIPPONDENR,32.5,PA,0.0,0.0,0.0,8.6,12.05,0.0,0.0,0.0
2005-10-10,2005-11-24,OPTSTK,NIPPONDENR,12.5,CA,0.0,0.0,0.0,8.6,8.0,0.0,0.0,0.0
2005-10-10,2005-11-24,OPTSTK,NIPPONDENR,15.0,CA,15.0,15.0,15.0,15.0,15.0,1.0,2.4,8000.0
2005-10-10,2005-11-24,OPTSTK,NIPPONDENR,17.5,CA,0.0,0.0,0.0,6.0,3.3,0.0,0.0,0.0
2005-10-10,2005-11-24,OPTSTK,NIPPONDENR,20.0,CA,0.0,0.0,0.0,4.3,1.65,0.0,0.0,0.0
2005-10-10,2005-11-24,OPTSTK,NIPPONDENR,22.5,CA,0.0,0.0,0.0,1.0,0.65,0.0,0.0,16000.0
2005-10-10,2005-11-24,OPTSTK,NIPPONDENR,25.0,CA,0.0,0.0,0.0,2.05,0.25,0.0,0.0,0.0
2005-10-10,2005-11-24,OPTSTK,NIPPONDENR,27.5,CA,0.0,0.0,0.0,1.35,0.1,0.0,0.0,0.0
2005-10-10,2005-11-24,OPTSTK,NIPPONDENR,30.0,CA,0.0,0.0,0.0,0.9,0.05,0.0,0.0,0.0
2005-10-10,2005-11-24,OPTSTK,NIPPONDENR,32.5,CA,0.0,0.0,0.0,0.15,0.0,0.0,0.0,0.0
2005-10-10,2005-11-24,OPTSTK,NIPPONDENR,12.5,PA,0.0,0.0,0.0,0.05,0.0,0.0,0.0,0.0
2005-10-10,2005-11-24,OPTSTK,NIPPONDENR,15.0,PA,0.0,0.0,0.0,0.25,0.05,0.0,0.0,0.0
2005-10-10,2005-11-24,OPTSTK,NIPPONDENR,17.5,PA,0.0,0.0,0.0,0.7,0.3,0.0,0.0,0.0
2005-10-10,2005-11-24,OPTSTK,NIPPONDENR,20.0,PA,0.0,0.0,0.0,1.5,1.1,0.0,0.0,0.0
2005-10-10,2005-11-24,OPTSTK,NIPPONDENR,22.5,PA,0.0,0.0,0.0,2.65,2.6,0.0,0.0,0.0
2005-10-10,2005-11-24,OPTSTK,NIPPONDENR,25.0,PA,0.0,0.0,0.0,4.15,4.65,0.0,0.0,0.0
2005-10-10,2005-11-24,OPTSTK,NIPPONDENR,27.5,PA,0.0,0.0,0.0,5.95,7.0,0.0,0.0,0.0
2005-10-10,2005-11-24,OPTSTK,NIPPONDENR,30.0,PA,0.0,0.0,0.0,7.95,9.4,0.0,0.0,0.0
2005-10-10,2005-11-24,OPTSTK,NIPPONDENR,32.5,PA,0.0,0.0,0.0,8.55,11.9,0.0,0.0,0.0
2005-10-10,2005-12-29,OPTSTK,NIPPONDENR,12.5,CA,0.0,0.0,0.0,8.45,8.1,0.0,0.0,0.0
2005-10-10,2005-12-29,OPTSTK,NIPPONDENR,15.0,CA,0.0,0.0,0.0,7.15,5.75,0.0,0.0,0.0
2005-10-10,2005-12-29,OPTSTK,NIPPONDENR,17.5,CA,0.0,0.0,0.0,5.1,3.7,0.0,0.0,0.0
2005-10-10,2005-12-29,OPTSTK,NIPPONDENR,20.0,CA,0.0,0.0,0.0,3.4,2.1,0.0,0.0,0.0
2005-10-10,2005-12-29,OPTSTK,NIPPONDENR,22.5,CA,0.0,0.0,0.0,2.15,1.1,0.0,0.0,0.0
2005-10-10,2005-12-29,OPTSTK,NIPPONDENR,25.0,CA,0.0,0.0,0.0,1.3,0.55,0.0,0.0,0.0
2005-10-10,2005-12-29,OPTSTK,NIPPONDENR,27.5,CA,0.0,0.0,0.0,0.75,0.25,0.0,0.0,0.0
2005-10-10,2005-12-29,OPTSTK,NIPPONDENR,30.0,CA,0.0,0.0,0.0,0.45,0.1,0.0,0.0,0.0
2005-10-10,2005-12-29,OPTSTK,NIPPONDENR,12.5,PA,0.0,0.0,0.0,0.05,0.05,0.0,0.0,0.0
2005-10-10,2005-12-29,OPTSTK,NIPPONDENR,15.0,PA,0.0,0.0,0.0,0.2,0.15,0.0,0.0,0.0
2005-10-10,2005-12-29,OPTSTK,NIPPONDENR,17.5,PA,0.0,0.0,0.0,0.55,0.55,0.0,0.0,0.0
2005-10-10,2005-12-29,OPTSTK,NIPPONDENR,20.0,PA,0.0,0.0,0.0,1.35,1.45,0.0,0.0,0.0
2005-10-10,2005-12-29,OPTSTK,NIPPONDENR,22.5,PA,0.0,0.0,0.0,2.55,2.9,0.0,0.0,0.0
2005-10-10,2005-12-29,OPTSTK,NIPPONDENR,25.0,PA,0.0,0.0,0.0,4.2,4.8,0.0,0.0,0.0
2005-10-10,2005-12-29,OPTSTK,NIPPONDENR,27.5,PA,0.0,0.0,0.0,6.1,7.0,0.0,0.0,0.0
2005-10-10,2005-12-29,OPTSTK,NIPPONDENR,30.0,PA,0.0,0.0,0.0,8.25,9.35,0.0,0.0,0.0
2005-10-10,2005-10-27,OPTSTK,NTPC,80.0,CA,0.0,0.0,0.0,16.0,25.85,0.0,0.0,0.0
2005-10-10,2005-10-27,OPTSTK,NTPC,85.0,CA,0.0,0.0,0.0,12.1,20.85,0.0,0.0,0.0
2005-10-10,2005-10-27,OPTSTK,NTPC,90.0,CA,0.0,0.0,0.0,8.8,15.9,0.0,0.0,0.0
2005-10-10,2005-10-27,OPTSTK,NTPC,95.0,CA,0.0,0.0,0.0,14.25,11.1,0.0,0.0,3250.0
2005-10-10,2005-10-27,OPTSTK,NTPC,100.0,CA,8.25,8.25,7.1,7.25,7.25,17.0,59.43,308750.0
2005-10-10,2005-10-27,OPTSTK,NTPC,105.0,CA,5.25,5.35,3.7,3.9,3.9,125.0,444.14,1001000.0
2005-10-10,2005-10-27,OPTSTK,NTPC,110.0,CA,3.0,3.05,1.85,1.95,1.95,291.0,1061.18,4322500.0
2005-10-10,2005-10-27,OPTSTK,NTPC,115.0,CA,1.35,1.35,0.9,0.95,0.95,56.0,211.2,1160250.0
2005-10-10,2005-10-27,OPTSTK,NTPC,120.0,CA,0.6,0.6,0.4,0.45,0.45,30.0,117.5,481000.0
2005-10-10,2005-10-27,OPTSTK,NTPC,125.0,CA,0.2,0.2,0.15,0.2,0.2,13.0,52.87,146250.0
2005-10-10,2005-10-27,OPTSTK,NTPC,80.0,PA,0.0,0.0,0.0,1.0,0.0,0.0,0.0,0.0
2005-10-10,2005-10-27,OPTSTK,NTPC,85.0,PA,0.0,0.0,0.0,2.05,0.0,0.0,0.0,0.0
2005-10-10,2005-10-27,OPTSTK,NTPC,90.0,PA,0.0,0.0,0.0,3.65,0.05,0.0,0.0,0.0
2005-10-10,2005-10-27,OPTSTK,NTPC,95.0,PA,0.0,0.0,0.0,5.95,0.25,0.0,0.0,0.0
2005-10-10,2005-10-27,OPTSTK,NTPC,100.0,PA,0.9,1.0,0.8,0.95,0.95,18.0,59.02,497250.0
2005-10-10,2005-10-27,OPTSTK,NTPC,105.0,PA,2.15,3.05,2.15,2.3,2.3,28.0,97.93,611000.0
2005-10-10,2005-10-27,OPTSTK,NTPC,110.0,PA,5.15,5.8,5.1,5.7,5.7,28.0,104.99,435500.0
2005-10-10,2005-10-27,OPTSTK,NTPC,115.0,PA,0.0,0.0,0.0,7.95,9.65,0.0,0.0,3250.0
2005-10-10,2005-10-27,OPTSTK,NTPC,120.0,PA,0.0,0.0,0.0,15.65,14.25,0.0,0.0,0.0
2005-10-10,2005-10-27,OPTSTK,NTPC,125.0,PA,0.0,0.0,0.0,16.6,19.15,0.0,0.0,0.0
2005-10-10,2005-11-24,OPTSTK,NTPC,80.0,CA,0.0,0.0,0.0,18.4,26.25,0.0,0.0,0.0
2005-10-10,2005-11-24,OPTSTK,NTPC,85.0,CA,0.0,0.0,0.0,13.95,21.4,0.0,0.0,0.0
2005-10-10,2005-11-24,OPTSTK,NTPC,90.0,CA,0.0,0.0,0.0,9.95,16.7,0.0,0.0,0.0
2005-10-10,2005-11-24,OPTSTK,NTPC,95.0,CA,0.0,0.0,0.0,6.7,12.45,0.0,0.0,0.0
2005-10-10,2005-11-24,OPTSTK,NTPC,100.0,CA,0.0,0.0,0.0,4.2,8.75,0.0,0.0,0.0
2005-10-10,2005-11-24,OPTSTK,NTPC,105.0,CA,0.0,0.0,0.0,6.85,5.75,0.0,0.0,3250.0
2005-10-10,2005-11-24,OPTSTK,NTPC,110.0,CA,5.75,5.75,4.0,4.0,4.0,2.0,7.46,13000.0
2005-10-10,2005-11-24,OPTSTK,NTPC,115.0,CA,0.0,0.0,0.0,3.0,2.05,0.0,0.0,6500.0
2005-10-10,2005-11-24,OPTSTK,NTPC,120.0,CA,0.0,0.0,0.0,1.3,1.15,0.0,0.0,0.0
2005-10-10,2005-11-24,OPTSTK,NTPC,125.0,CA,0.0,0.0,0.0,1.05,0.6,0.0,0.0,0.0
2005-10-10,2005-11-24,OPTSTK,NTPC,80.0,PA,0.0,0.0,0.0,0.25,0.05,0.0,0.0,0.0
2005-10-10,2005-11-24,OPTSTK,NTPC,85.0,PA,0.0,0.0,0.0,0.7,0.15,0.0,0.0,0.0
2005-10-10,2005-11-24,OPTSTK,NTPC,90.0,PA,0.0,0.0,0.0,1.7,0.45,0.0,0.0,0.0
2005-10-10,2005-11-24,OPTSTK,NTPC,95.0,PA,0.0,0.0,0.0,3.35,1.15,0.0,0.0,0.0
2005-10-10,2005-11-24,OPTSTK,NTPC,100.0,PA,0.0,0.0,0.0,5.75,2.4,0.0,0.0,0.0
2005-10-10,2005-11-24,OPTSTK,NTPC,105.0,PA,0.0,0.0,0.0,8.95,4.4,0.0,0.0,0.0
2005-10-10,2005-11-24,OPTSTK,NTPC,110.0,PA,0.0,0.0,0.0,12.8,7.15,0.0,0.0,0.0
2005-10-10,2005-11-24,OPTSTK,NTPC,115.0,PA,0.0,0.0,0.0,15.4,10.6,0.0,0.0,0.0
2005-10-10,2005-11-24,OPTSTK,NTPC,120.0,PA,0.0,0.0,0.0,15.75,14.65,0.0,0.0,0.0
2005-10-10,2005-11-24,OPTSTK,NTPC,125.0,PA,0.0,0.0,0.0,16.75,19.05,0.0,0.0,0.0
2005-10-10,2005-12-29,OPTSTK,NTPC,90.0,CA,0.0,0.0,0.0,19.15,17.9,0.0,0.0,0.0
2005-10-10,2005-12-29,OPTSTK,NTPC,95.0,CA,0.0,0.0,0.0,16.9,14.0,0.0,0.0,0.0
2005-10-10,2005-12-29,OPTSTK,NTPC,100.0,CA,0.0,0.0,0.0,13.55,10.55,0.0,0.0,0.0
2005-10-10,2005-12-29,OPTSTK,NTPC,105.0,CA,0.0,0.0,0.0,10.65,7.7,0.0,0.0,0.0
2005-10-10,2005-12-29,OPTSTK,NTPC,110.0,CA,0.0,0.0,0.0,8.2,5.45,0.0,0.0,0.0
2005-10-10,2005-12-29,OPTSTK,NTPC,115.0,CA,0.0,0.0,0.0,6.2,3.75,0.0,0.0,0.0
2005-10-10,2005-12-29,OPTSTK,NTPC,120.0,CA,0.0,0.0,0.0,4.65,2.5,0.0,0.0,0.0
2005-10-10,2005-12-29,OPTSTK,NTPC,125.0,CA,0.0,0.0,0.0,3.4,1.65,0.0,0.0,0.0
2005-10-10,2005-12-29,OPTSTK,NTPC,90.0,PA,0.0,0.0,0.0,1.85,1.1,0.0,0.0,0.0
2005-10-10,2005-12-29,OPTSTK,NTPC,95.0,PA,0.0,0.0,0.0,2.85,2.15,0.0,0.0,0.0
2005-10-10,2005-12-29,OPTSTK,NTPC,100.0,PA,0.0,0.0,0.0,4.4,3.65,0.0,0.0,0.0
2005-10-10,2005-12-29,OPTSTK,NTPC,105.0,PA,0.0,0.0,0.0,6.45,5.75,0.0,0.0,0.0
2005-10-10,2005-12-29,OPTSTK,NTPC,110.0,PA,0.0,0.0,0.0,8.95,8.45,0.0,0.0,0.0
2005-10-10,2005-12-29,OPTSTK,NTPC,115.0,PA,0.0,0.0,0.0,11.85,11.65,0.0,0.0,0.0
2005-10-10,2005-12-29,OPTSTK,NTPC,120.0,PA,0.0,0.0,0.0,15.2,15.35,0.0,0.0,0.0
2005-10-10,2005-12-29,OPTSTK,NTPC,125.0,PA,0.0,0.0,0.0,18.9,19.4,0.0,0.0,0.0
2005-10-10,2005-10-27,OPTSTK,ONGC,880.0,CA,0.0,0.0,0.0,103.2,151.8,0.0,0.0,0.0
2005-10-10,2005-10-27,OPTSTK,ONGC,900.0,CA,0.0,0.0,0.0,90.9,132.25,0.0,0.0,0.0
2005-10-10,2005-10-27,OPTSTK,ONGC,920.0,CA,0.0,0.0,0.0,79.6,113.2,0.0,0.0,0.0
2005-10-10,2005-10-27,OPTSTK,ONGC,930.0,CA,0.0,0.0,0.0,108.1,103.9,0.0,0.0,0.0
2005-10-10,2005-10-27,OPTSTK,ONGC,940.0,CA,0.0,0.0,0.0,69.3,94.8,0.0,0.0,0.0
2005-10-10,2005-10-27,OPTSTK,ONGC,960.0,CA,0.0,0.0,0.0,59.95,77.45,0.0,0.0,0.0
2005-10-10,2005-10-27,OPTSTK,ONGC,980.0,CA,0.0,0.0,0.0,51.6,61.6,0.0,0.0,0.0
2005-10-10,2005-10-27,OPTSTK,ONGC,990.0,CA,0.0,0.0,0.0,71.35,54.25,0.0,0.0,0.0
2005-10-10,2005-10-27,OPTSTK,ONGC,1000.0,CA,0.0,0.0,0.0,79.0,47.45,0.0,0.0,1200.0
2005-10-10,2005-10-27,OPTSTK,ONGC,1020.0,CA,40.0,42.0,40.0,42.0,42.0,2.0,6.36,7500.0
2005-10-10,2005-10-27,OPTSTK,ONGC,1040.0,CA,33.8,33.8,27.05,27.4,27.4,6.0,19.25,28500.0
2005-10-10,2005-10-27,OPTSTK,ONGC,1050.0,CA,0.0,0.0,0.0,29.0,21.35,0.0,0.0,9000.0
2005-10-10,2005-10-27,OPTSTK,ONGC,1060.0,CA,26.5,26.5,20.0,20.05,20.05,11.0,35.7,56400.0
2005-10-10,2005-10-27,OPTSTK,ONGC,1080.0,CA,19.1,20.0,15.1,15.5,15.5,23.0,75.69,62700.0
2005-10-10,2005-10-27,OPTSTK,ONGC,1110.0,CA,9.0,10.5,9.0,9.75,9.75,11.0,36.95,42300.0
2005-10-10,2005-10-27,OPTSTK,ONGC,1140.0,CA,0.0,0.0,0.0,8.0,2.85,0.0,0.0,11100.0
2005-10-10,2005-10-27,OPTSTK,ONGC,1170.0,CA,5.0,5.0,4.0,4.0,4.0,17.0,59.91,6300.0
2005-10-10,2005-10-27,OPTSTK,ONGC,880.0,PA,0.0,0.0,0.0,31.7,0.3,0.0,0.0,0.0
2005-10-10,2005-10-27,OPTSTK,ONGC,900.0,PA,0.0,0.0,0.0,39.1,0.75,0.0,0.0,0.0
2005-10-10,2005-10-27,OPTSTK,ONGC,920.0,PA,0.0,0.0,0.0,10.0,1.6,0.0,0.0,600.0
2005-10-10,2005-10-27,OPTSTK,ONGC,930.0,PA,0.0,0.0,0.0,24.15,2.25,0.0,0.0,0.0
2005-10-10,2005-10-27,OPTSTK,ONGC,940.0,PA,0.0,0.0,0.0,56.9,3.15,0.0,0.0,0.0
2005-10-10,2005-10-27,OPTSTK,ONGC,960.0,PA,0.0,0.0,0.0,5.0,5.8,0.0,0.0,300.0
2005-10-10,2005-10-27,OPTSTK,ONGC,980.0,PA,0.0,0.0,0.0,78.65,9.85,0.0,0.0,0.0
2005-10-10,2005-10-27,OPTSTK,ONGC,990.0,PA,0.0,0.0,0.0,46.75,12.5,0.0,0.0,0.0
2005-10-10,2005-10-27,OPTSTK,ONGC,1000.0,PA,18.0,18.0,18.0,18.0,18.0,1.0,3.05,2100.0
2005-10-10,2005-10-27,OPTSTK,ONGC,1020.0,PA,0.0,0.0,0.0,20.0,23.55,0.0,0.0,7500.0
2005-10-10,2005-10-27,OPTSTK,ONGC,1040.0,PA,0.0,0.0,0.0,34.5,33.6,0.0,0.0,900.0
2005-10-10,2005-10-27,OPTSTK,ONGC,1050.0,PA,0.0,0.0,0.0,78.9,39.45,0.0,0.0,0.0
2005-10-10,2005-10-27,OPTSTK,ONGC,1060.0,PA,0.0,0.0,0.0,35.0,45.8,0.0,0.0,600.0
2005-10-10,2005-10-27,OPTSTK,ONGC,1080.0,PA,60.0,60.0,60.0,60.0,60.0,1.0,3.42,900.0
2005-10-10,2005-10-27,OPTSTK,ONGC,1110.0,PA,0.0,0.0,0.0,105.5,84.0,0.0,0.0,0.0
2005-10-10,2005-10-27,OPTSTK,ONGC,1140.0,PA,0.0,0.0,0.0,98.45,110.7,0.0,0.0,0.0
2005-10-10,2005-10-27,OPTSTK,ONGC,1170.0,PA,0.0,0.0,0.0,107.0,139.0,0.0,0.0,0.0
2005-10-10,2005-11-24,OPTSTK,ONGC,900.0,CA,0.0,0.0,0.0,108.55,141.85,0.0,0.0,0.0
2005-10-10,2005-11-24,OPTSTK,ONGC,920.0,CA,0.0,0.0,0.0,107.35,124.85,0.0,0.0,0.0
2005-10-10,2005-11-24,OPTSTK,ONGC,930.0,CA,0.0,0.0,0.0,103.2,116.7,0.0,0.0,0.0
2005-10-10,2005-11-24,OPTSTK,ONGC,940.0,CA,0.0,0.0,0.0,104.95,108.75,0.0,0.0,0.0
2005-10-10,2005-11-24,OPTSTK,ONGC,960.0,CA,0.0,0.0,0.0,92.85,93.8,0.0,0.0,0.0
2005-10-10,2005-11-24,OPTSTK,ONGC,980.0,CA,0.0,0.0,0.0,81.7,79.9,0.0,0.0,0.0
2005-10-10,2005-11-24,OPTSTK,ONGC,990.0,CA,0.0,0.0,0.0,64.15,73.45,0.0,0.0,0.0
2005-10-10,2005-11-24,OPTSTK,ONGC,1000.0,CA,0.0,0.0,0.0,71.55,67.3,0.0,0.0,0.0
2005-10-10,2005-11-24,OPTSTK,ONGC,1020.0,CA,0.0,0.0,0.0,62.3,56.05,0.0,0.0,0.0
2005-10-10,2005-11-24,OPTSTK,ONGC,1040.0,CA,0.0,0.0,0.0,53.95,46.15,0.0,0.0,0.0
2005-10-10,2005-11-24,OPTSTK,ONGC,1050.0,CA,0.0,0.0,0.0,36.25,41.65,0.0,0.0,0.0
2005-10-10,2005-11-24,OPTSTK,ONGC,1060.0,CA,0.0,0.0,0.0,46.5,37.5,0.0,0.0,0.0
2005-10-10,2005-11-24,OPTSTK,ONGC,1080.0,CA,0.0,0.0,0.0,26.3,30.15,0.0,0.0,0.0
2005-10-10,2005-11-24,OPTSTK,ONGC,1110.0,CA,0.0,0.0,0.0,18.7,21.25,0.0,0.0,0.0
2005-10-10,2005-11-24,OPTSTK,ONGC,1140.0,CA,0.0,0.0,0.0,15.35,14.6,0.0,0.0,0.0
2005-10-10,2005-11-24,OPTSTK,ONGC,1170.0,CA,0.0,0.0,0.0,27.4,9.8,0.0,0.0,0.0
2005-10-10,2005-11-24,OPTSTK,ONGC,900.0,PA,0.0,0.0,0.0,27.05,6.0,0.0,0.0,0.0
2005-10-10,2005-11-24,OPTSTK,ONGC,920.0,PA,0.0,0.0,0.0,30.8,8.85,0.0,0.0,0.0
2005-10-10,2005-11-24,OPTSTK,ONGC,930.0,PA,0.0,0.0,0.0,16.2,10.6,0.0,0.0,0.0
2005-10-10,2005-11-24,OPTSTK,ONGC,940.0,PA,0.0,0.0,0.0,34.9,12.6,0.0,0.0,0.0
2005-10-10,2005-11-24,OPTSTK,ONGC,960.0,PA,0.0,0.0,0.0,42.5,17.5,0.0,0.0,0.0
2005-10-10,2005-11-24,OPTSTK,ONGC,980.0,PA,0.0,0.0,0.0,51.05,23.45,0.0,0.0,0.0
2005-10-10,2005-11-24,OPTSTK,ONGC,990.0,PA,0.0,0.0,0.0,36.4,26.9,0.0,0.0,0.0
2005-10-10,2005-11-24,OPTSTK,ONGC,1000.0,PA,0.0,0.0,0.0,60.6,30.7,0.0,0.0,0.0
2005-10-10,2005-11-24,OPTSTK,ONGC,1020.0,PA,0.0,0.0,0.0,71.05,39.3,0.0,0.0,0.0
2005-10-10,2005-11-24,OPTSTK,ONGC,1040.0,PA,0.0,0.0,0.0,82.4,49.25,0.0,0.0,0.0
2005-10-10,2005-11-24,OPTSTK,ONGC,1050.0,PA,0.0,0.0,0.0,67.8,54.7,0.0,0.0,0.0
2005-10-10,2005-11-24,OPTSTK,ONGC,1060.0,PA,0.0,0.0,0.0,94.65,60.5,0.0,0.0,0.0
2005-10-10,2005-11-24,OPTSTK,ONGC,1080.0,PA,0.0,0.0,0.0,87.5,72.95,0.0,0.0,0.0
2005-10-10,2005-11-24,OPTSTK,ONGC,1110.0,PA,0.0,0.0,0.0,109.55,93.85,0.0,0.0,0.0
2005-10-10,2005-11-24,OPTSTK,ONGC,1140.0,PA,0.0,0.0,0.0,102.0,116.95,0.0,0.0,0.0
2005-10-10,2005-11-24,OPTSTK,ONGC,1170.0,PA,0.0,0.0,0.0,116.5,141.95,0.0,0.0,0.0
2005-10-10,2005-12-29,OPTSTK,ONGC,930.0,CA,0.0,0.0,0.0,0.0,0.0,0.0,0.0,0.0
2005-10-10,2005-12-29,OPTSTK,ONGC,960.0,CA,0.0,0.0,0.0,140.35,110.3,0.0,0.0,0.0
2005-10-10,2005-12-29,OPTSTK,ONGC,990.0,CA,0.0,0.0,0.0,132.35,91.35,0.0,0.0,0.0
2005-10-10,2005-12-29,OPTSTK,ONGC,1020.0,CA,0.0,0.0,0.0,112.95,74.65,0.0,0.0,0.0
2005-10-10,2005-12-29,OPTSTK,ONGC,1050.0,CA,0.0,0.0,0.0,95.45,60.2,0.0,0.0,0.0
2005-10-10,2005-12-29,OPTSTK,ONGC,1080.0,CA,0.0,0.0,0.0,79.9,47.9,0.0,0.0,0.0
2005-10-10,2005-12-29,OPTSTK,ONGC,1110.0,CA,0.0,0.0,0.0,66.25,37.6,0.0,0.0,0.0
2005-10-10,2005-12-29,OPTSTK,ONGC,1140.0,CA,0.0,0.0,0.0,54.45,29.15,0.0,0.0,0.0
2005-10-10,2005-12-29,OPTSTK,ONGC,1170.0,CA,0.0,0.0,0.0,44.3,22.35,0.0,0.0,0.0
2005-10-10,2005-12-29,OPTSTK,ONGC,930.0,PA,0.0,0.0,0.0,0.0,0.0,0.0,0.0,0.0
2005-10-10,2005-12-29,OPTSTK,ONGC,960.0,PA,0.0,0.0,0.0,25.1,28.55,0.0,0.0,0.0
2005-10-10,2005-12-29,OPTSTK,ONGC,990.0,PA,0.0,0.0,0.0,30.8,39.2,0.0,0.0,0.0
2005-10-10,2005-12-29,OPTSTK,ONGC,1020.0,PA,0.0,0.0,0.0,40.95,52.1,0.0,0.0,0.0
2005-10-10,2005-12-29,OPTSTK,ONGC,1050.0,PA,0.0,0.0,0.0,53.0,67.2,0.0,0.0,0.0
2005-10-10,2005-12-29,OPTSTK,ONGC,1080.0,PA,0.0,0.0,0.0,67.0,84.5,0.0,0.0,0.0
2005-10-10,2005-12-29,OPTSTK,ONGC,1110.0,PA,0.0,0.0,0.0,82.95,103.85,0.0,0.0,0.0
2005-10-10,2005-12-29,OPTSTK,ONGC,1140.0,PA,0.0,0.0,0.0,100.65,125.0,0.0,0.0,0.0
2005-10-10,2005-12-29,OPTSTK,ONGC,1170.0,PA,0.0,0.0,0.0,120.1,147.8,0.0,0.0,0.0
2005-10-10,2005-10-27,OPTSTK,ORCHIDCHEM,213.35,CA,0.0,0.0,0.0,47.75,57.9,0.0,0.0,0.0
2005-10-10,2005-10-27,OPTSTK,ORCHIDCHEM,215.0,CA,0.0,0.0,0.0,19.0,56.25,0.0,0.0,0.0
2005-10-10,2005-10-27,OPTSTK,ORCHIDCHEM,220.0,CA,0.0,0.0,0.0,41.75,51.3,0.0,0.0,0.0
2005-10-10,2005-10-27,OPTSTK,ORCHIDCHEM,225.0,CA,0.0,0.0,0.0,18.95,46.35,0.0,0.0,0.0
2005-10-10,2005-10-27,OPTSTK,ORCHIDCHEM,226.65,CA,0.0,0.0,0.0,36.25,44.75,0.0,0.0,0.0
2005-10-10,2005-10-27,OPTSTK,ORCHIDCHEM,230.0,CA,0.0,0.0,0.0,25.3,41.5,0.0,0.0,0.0
2005-10-10,2005-10-27,OPTSTK,ORCHIDCHEM,233.35,CA,0.0,0.0,0.0,31.35,38.25,0.0,0.0,0.0
2005-10-10,2005-10-27,OPTSTK,ORCHIDCHEM,235.0,CA,0.0,0.0,0.0,18.35,36.7,0.0,0.0,0.0
2005-10-10,2005-10-27,OPTSTK,ORCHIDCHEM,240.0,CA,0.0,0.0,0.0,26.95,32.05,0.0,0.0,0.0
2005-10-10,2005-10-27,OPTSTK,ORCHIDCHEM,245.0,CA,0.0,0.0,0.0,12.05,27.55,0.0,0.0,0.0
2005-10-10,2005-10-27,OPTSTK,ORCHIDCHEM,246.65,CA,0.0,0.0,0.0,4.0,26.15,0.0,0.0,1050.0
2005-10-10,2005-10-27,OPTSTK,ORCHIDCHEM,250.0,CA,0.0,0.0,0.0,11.7,23.35,0.0,0.0,0.0
2005-10-10,2005-10-27,OPTSTK,ORCHIDCHEM,253.35,CA,0.0,0.0,0.0,19.55,20.7,0.0,0.0,0.0
2005-10-10,2005-10-27,OPTSTK,ORCHIDCHEM,255.0,CA,0.0,0.0,0.0,7.35,19.4,0.0,0.0,0.0
2005-10-10,2005-10-27,OPTSTK,ORCHIDCHEM,260.0,CA,0.0,0.0,0.0,21.4,15.85,0.0,0.0,0.0
2005-10-10,2005-10-27,OPTSTK,ORCHIDCHEM,265.0,CA,0.0,0.0,0.0,4.15,12.7,0.0,0.0,0.0
2005-10-10,2005-10-27,OPTSTK,ORCHIDCHEM,266.65,CA,0.0,0.0,0.0,19.7,11.75,0.0,0.0,0.0
2005-10-10,2005-10-27,OPTSTK,ORCHIDCHEM,270.0,CA,10.0,10.0,10.0,10.0,10.0,1.0,2.94,3150.0
2005-10-10,2005-10-27,OPTSTK,ORCHIDCHEM,273.35,CA,0.0,0.0,0.0,12.55,8.35,0.0,0.0,0.0
2005-10-10,2005-10-27,OPTSTK,ORCHIDCHEM,280.0,CA,0.0,0.0,0.0,9.0,5.75,0.0,0.0,3150.0
2005-10-10,2005-10-27,OPTSTK,ORCHIDCHEM,290.0,CA,0.0,0.0,0.0,3.4,3.05,0.0,0.0,0.0
2005-10-10,2005-10-27,OPTSTK,ORCHIDCHEM,300.0,CA,0.0,0.0,0.0,3.4,1.5,0.0,0.0,0.0
2005-10-10,2005-10-27,OPTSTK,ORCHIDCHEM,213.35,PA,0.0,0.0,0.0,15.1,0.05,0.0,0.0,0.0
2005-10-10,2005-10-27,OPTSTK,ORCHIDCHEM,215.0,PA,0.0,0.0,0.0,4.25,0.05,0.0,0.0,0.0
2005-10-10,2005-10-27,OPTSTK,ORCHIDCHEM,220.0,PA,0.0,0.0,0.0,18.95,0.05,0.0,0.0,0.0
2005-10-10,2005-10-27,OPTSTK,ORCHIDCHEM,225.0,PA,0.0,0.0,0.0,2.75,0.15,0.0,0.0,0.0
2005-10-10,2005-10-27,OPTSTK,ORCHIDCHEM,226.65,PA,0.0,0.0,0.0,23.35,0.15,0.0,0.0,0.0
2005-10-10,2005-10-27,OPTSTK,ORCHIDCHEM,230.0,PA,0.0,0.0,0.0,2.15,0.25,0.0,0.0,0.0
2005-10-10,2005-10-27,OPTSTK,ORCHIDCHEM,233.35,PA,0.0,0.0,0.0,28.25,0.35,0.0,0.0,0.0
2005-10-10,2005-10-27,OPTSTK,ORCHIDCHEM,235.0,PA,0.0,0.0,0.0,3.95,0.45,0.0,0.0,0.0
2005-10-10,2005-10-27,OPTSTK,ORCHIDCHEM,240.0,PA,0.0,0.0,0.0,33.7,0.75,0.0,0.0,0.0
2005-10-10,2005-10-27,OPTSTK,ORCHIDCHEM,245.0,PA,0.0,0.0,0.0,7.6,1.3,0.0,0.0,0.0
2005-10-10,2005-10-27,OPTSTK,ORCHIDCHEM,246.65,PA,0.0,0.0,0.0,39.65,1.5,0.0,0.0,0.0
2005-10-10,2005-10-27,OPTSTK,ORCHIDCHEM,250.0,PA,0.0,0.0,0.0,8.4,2.05,0.0,0.0,0.0
2005-10-10,2005-10-27,OPTSTK,ORCHIDCHEM,253.35,PA,0.0,0.0,0.0,46.05,2.7,0.0,0.0,0.0
2005-10-10,2005-10-27,OPTSTK,ORCHIDCHEM,255.0,PA,0.0,0.0,0.0,12.8,3.1,0.0,0.0,0.0
2005-10-10,2005-10-27,OPTSTK,ORCHIDCHEM,260.0,PA,0.0,0.0,0.0,46.5,4.55,0.0,0.0,0.0
2005-10-10,2005-10-27,OPTSTK,ORCHIDCHEM,265.0,PA,0.0,0.0,0.0,19.55,6.35,0.0,0.0,0.0
2005-10-10,2005-10-27,OPTSTK,ORCHIDCHEM,266.65,PA,0.0,0.0,0.0,46.65,7.05,0.0,0.0,0.0
2005-10-10,2005-10-27,OPTSTK,ORCHIDCHEM,270.0,PA,0.0,0.0,0.0,20.65,8.6,0.0,0.0,0.0
2005-10-10,2005-10-27,OPTSTK,ORCHIDCHEM,273.35,PA,0.0,0.0,0.0,42.7,10.35,0.0,0.0,0.0
2005-10-10,2005-10-27,OPTSTK,ORCHIDCHEM,280.0,PA,0.0,0.0,0.0,28.7,14.35,0.0,0.0,0.0
2005-10-10,2005-10-27,OPTSTK,ORCHIDCHEM,290.0,PA,0.0,0.0,0.0,31.35,21.65,0.0,0.0,0.0
2005-10-10,2005-10-27,OPTSTK,ORCHIDCHEM,300.0,PA,0.0,0.0,0.0,32.8,30.05,0.0,0.0,0.0
2005-10-10,2005-11-24,OPTSTK,ORCHIDCHEM,215.0,CA,0.0,0.0,0.0,22.6,57.85,0.0,0.0,0.0
2005-10-10,2005-11-24,OPTSTK,ORCHIDCHEM,220.0,CA,0.0,0.0,0.0,46.8,53.2,0.0,0.0,0.0
2005-10-10,2005-11-24,OPTSTK,ORCHIDCHEM,225.0,CA,0.0,0.0,0.0,21.95,48.65,0.0,0.0,0.0
2005-10-10,2005-11-24,OPTSTK,ORCHIDCHEM,226.65,CA,0.0,0.0,0.0,40.3,47.2,0.0,0.0,0.0
2005-10-10,2005-11-24,OPTSTK,ORCHIDCHEM,230.0,CA,0.0,0.0,0.0,28.05,44.25,0.0,0.0,0.0
2005-10-10,2005-11-24,OPTSTK,ORCHIDCHEM,233.35,CA,0.0,0.0,0.0,34.45,41.4,0.0,0.0,0.0
2005-10-10,2005-11-24,OPTSTK,ORCHIDCHEM,235.0,CA,0.0,0.0,0.0,21.5,40.0,0.0,0.0,0.0
2005-10-10,2005-11-24,OPTSTK,ORCHIDCHEM,240.0,CA,0.0,0.0,0.0,29.2,35.9,0.0,0.0,0.0
2005-10-10,2005-11-24,OPTSTK,ORCHIDCHEM,245.0,CA,0.0,0.0,0.0,15.5,32.05,0.0,0.0,0.0
2005-10-10,2005-11-24,OPTSTK,ORCHIDCHEM,246.65,CA,0.0,0.0,0.0,24.55,30.85,0.0,0.0,0.0
2005-10-10,2005-11-24,OPTSTK,ORCHIDCHEM,250.0,CA,0.0,0.0,0.0,15.15,28.4,0.0,0.0,0.0
2005-10-10,2005-11-24,OPTSTK,ORCHIDCHEM,253.35,CA,0.0,0.0,0.0,20.45,26.1,0.0,0.0,0.0
2005-10-10,2005-11-24,OPTSTK,ORCHIDCHEM,255.0,CA,0.0,0.0,0.0,10.7,25.0,0.0,0.0,0.0
2005-10-10,2005-11-24,OPTSTK,ORCHIDCHEM,260.0,CA,0.0,0.0,0.0,16.9,21.85,0.0,0.0,0.0
2005-10-10,2005-11-24,OPTSTK,ORCHIDCHEM,265.0,CA,0.0,0.0,0.0,7.1,19.0,0.0,0.0,0.0
2005-10-10,2005-11-24,OPTSTK,ORCHIDCHEM,266.65,CA,0.0,0.0,0.0,18.35,18.1,0.0,0.0,0.0
2005-10-10,2005-11-24,OPTSTK,ORCHIDCHEM,270.0,CA,0.0,0.0,0.0,7.05,16.35,0.0,0.0,0.0
2005-10-10,2005-11-24,OPTSTK,ORCHIDCHEM,280.0,CA,0.0,0.0,0.0,4.55,11.9,0.0,0.0,0.0
2005-10-10,2005-11-24,OPTSTK,ORCHIDCHEM,290.0,CA,0.0,0.0,0.0,7.75,8.45,0.0,0.0,0.0
2005-10-10,2005-11-24,OPTSTK,ORCHIDCHEM,300.0,CA,0.0,0.0,0.0,8.5,5.85,0.0,0.0,0.0
2005-10-10,2005-11-24,OPTSTK,ORCHIDCHEM,215.0,PA,0.0,0.0,0.0,6.85,0.65,0.0,0.0,0.0
2005-10-10,2005-11-24,OPTSTK,ORCHIDCHEM,220.0,PA,0.0,0.0,0.0,10.9,0.95,0.0,0.0,0.0
2005-10-10,2005-11-24,OPTSTK,ORCHIDCHEM,225.0,PA,0.0,0.0,0.0,4.75,1.35,0.0,0.0,0.0
2005-10-10,2005-11-24,OPTSTK,ORCHIDCHEM,226.65,PA,0.0,0.0,0.0,14.25,1.5,0.0,0.0,0.0
2005-10-10,2005-11-24,OPTSTK,ORCHIDCHEM,230.0,PA,0.0,0.0,0.0,3.8,1.9,0.0,0.0,0.0
2005-10-10,2005-11-24,OPTSTK,ORCHIDCHEM,233.35,PA,0.0,0.0,0.0,18.25,2.35,0.0,0.0,0.0
2005-10-10,2005-11-24,OPTSTK,ORCHIDCHEM,235.0,PA,0.0,0.0,0.0,6.0,2.6,0.0,0.0,0.0
2005-10-10,2005-11-24,OPTSTK,ORCHIDCHEM,240.0,PA,0.0,0.0,0.0,22.85,3.5,0.0,0.0,0.0
2005-10-10,2005-11-24,OPTSTK,ORCHIDCHEM,245.0,PA,0.0,0.0,0.0,9.9,4.6,0.0,0.0,0.0
2005-10-10,2005-11-24,OPTSTK,ORCHIDCHEM,246.65,PA,0.0,0.0,0.0,28.05,5.0,0.0,0.0,0.0
2005-10-10,2005-11-24,OPTSTK,ORCHIDCHEM,250.0,PA,0.0,0.0,0.0,10.7,5.9,0.0,0.0,0.0
2005-10-10,2005-11-24,OPTSTK,ORCHIDCHEM,253.35,PA,0.0,0.0,0.0,33.8,6.95,0.0,0.0,0.0
2005-10-10,2005-11-24,OPTSTK,ORCHIDCHEM,255.0,PA,0.0,0.0,0.0,15.0,7.45,0.0,0.0,0.0
2005-10-10,2005-11-24,OPTSTK,ORCHIDCHEM,260.0,PA,0.0,0.0,0.0,40.15,9.3,0.0,0.0,0.0
2005-10-10,2005-11-24,OPTSTK,ORCHIDCHEM,265.0,PA,0.0,0.0,0.0,21.3,11.4,0.0,0.0,0.0
2005-10-10,2005-11-24,OPTSTK,ORCHIDCHEM,266.65,PA,0.0,0.0,0.0,38.75,12.1,0.0,0.0,0.0
2005-10-10,2005-11-24,OPTSTK,ORCHIDCHEM,270.0,PA,0.0,0.0,0.0,22.35,13.75,0.0,0.0,0.0
2005-10-10,2005-11-24,OPTSTK,ORCHIDCHEM,280.0,PA,0.0,0.0,0.0,29.75,19.2,0.0,0.0,0.0
2005-10-10,2005-11-24,OPTSTK,ORCHIDCHEM,290.0,PA,0.0,0.0,0.0,34.35,25.65,0.0,0.0,0.0
2005-10-10,2005-11-24,OPTSTK,ORCHIDCHEM,300.0,PA,0.0,0.0,0.0,36.4,33.0,0.0,0.0,0.0
2005-10-10,2005-12-29,OPTSTK,ORCHIDCHEM,230.0,CA,0.0,0.0,0.0,41.9,47.95,0.0,0.0,0.0
2005-10-10,2005-12-29,OPTSTK,ORCHIDCHEM,240.0,CA,0.0,0.0,0.0,35.2,40.35,0.0,0.0,0.0
2005-10-10,2005-12-29,OPTSTK,ORCHIDCHEM,250.0,CA,0.0,0.0,0.0,29.25,33.5,0.0,0.0,0.0
2005-10-10,2005-12-29,OPTSTK,ORCHIDCHEM,260.0,CA,0.0,0.0,0.0,24.05,27.4,0.0,0.0,0.0
2005-10-10,2005-12-29,OPTSTK,ORCHIDCHEM,270.0,CA,0.0,0.0,0.0,19.55,22.1,0.0,0.0,0.0
2005-10-10,2005-12-29,OPTSTK,ORCHIDCHEM,280.0,CA,0.0,0.0,0.0,15.75,17.6,0.0,0.0,0.0
2005-10-10,2005-12-29,OPTSTK,ORCHIDCHEM,290.0,CA,0.0,0.0,0.0,12.55,13.8,0.0,0.0,0.0
2005-10-10,2005-12-29,OPTSTK,ORCHIDCHEM,300.0,CA,0.0,0.0,0.0,13.95,10.7,0.0,0.0,0.0
2005-10-10,2005-12-29,OPTSTK,ORCHIDCHEM,230.0,PA,0.0,0.0,0.0,7.7,4.3,0.0,0.0,0.0
2005-10-10,2005-12-29,OPTSTK,ORCHIDCHEM,240.0,PA,0.0,0.0,0.0,10.85,6.55,0.0,0.0,0.0
2005-10-10,2005-12-29,OPTSTK,ORCHIDCHEM,250.0,PA,0.0,0.0,0.0,14.75,9.55,0.0,0.0,0.0
2005-10-10,2005-12-29,OPTSTK,ORCHIDCHEM,260.0,PA,0.0,0.0,0.0,19.4,13.35,0.0,0.0,0.0
2005-10-10,2005-12-29,OPTSTK,ORCHIDCHEM,270.0,PA,0.0,0.0,0.0,24.75,17.9,0.0,0.0,0.0
2005-10-10,2005-12-29,OPTSTK,ORCHIDCHEM,280.0,PA,0.0,0.0,0.0,30.8,23.25,0.0,0.0,0.0
2005-10-10,2005-12-29,OPTSTK,ORCHIDCHEM,290.0,PA,0.0,0.0,0.0,37.45,29.35,0.0,0.0,0.0
2005-10-10,2005-12-29,OPTSTK,ORCHIDCHEM,300.0,PA,0.0,0.0,0.0,40.2,36.15,0.0,0.0,0.0
2005-10-10,2005-10-27,OPTSTK,ORIENTBANK,220.0,CA,0.0,0.0,0.0,13.0,61.15,0.0,0.0,600.0
2005-10-10,2005-10-27,OPTSTK,ORIENTBANK,230.0,CA,0.0,0.0,0.0,37.55,51.15,0.0,0.0,0.0
2005-10-10,2005-10-27,OPTSTK,ORIENTBANK,240.0,CA,0.0,0.0,0.0,41.2,41.25,0.0,0.0,0.0
2005-10-10,2005-10-27,OPTSTK,ORIENTBANK,250.0,CA,0.0,0.0,0.0,35.45,31.45,0.0,0.0,0.0
2005-10-10,2005-10-27,OPTSTK,ORIENTBANK,260.0,CA,0.0,0.0,0.0,22.75,22.15,0.0,0.0,600.0
2005-10-10,2005-10-27,OPTSTK,ORIENTBANK,270.0,CA,17.85,17.85,14.5,14.5,14.5,3.0,5.16,41400.0
2005-10-10,2005-10-27,OPTSTK,ORIENTBANK,280.0,CA,9.55,10.0,9.55,10.0,10.0,4.0,6.95,57000.0
2005-10-10,2005-10-27,OPTSTK,ORIENTBANK,290.0,CA,6.4,8.35,6.4,6.65,6.65,12.0,21.39,49200.0
2005-10-10,2005-10-27,OPTSTK,ORIENTBANK,300.0,CA,5.0,5.0,4.15,5.0,5.0,17.0,31.07,59400.0
2005-10-10,2005-10-27,OPTSTK,ORIENTBANK,310.0,CA,2.3,2.3,2.3,2.3,2.3,2.0,3.74,9000.0
2005-10-10,2005-10-27,OPTSTK,ORIENTBANK,320.0,CA,0.0,0.0,0.0,5.0,0.2,0.0,0.0,600.0
2005-10-10,2005-10-27,OPTSTK,ORIENTBANK,220.0,PA,0.0,0.0,0.0,0.9,0.0,0.0,0.0,0.0
2005-10-10,2005-10-27,OPTSTK,ORIENTBANK,230.0,PA,0.0,0.0,0.0,1.25,0.0,0.0,0.0,0.0
2005-10-10,2005-10-27,OPTSTK,ORIENTBANK,240.0,PA,0.0,0.0,0.0,3.5,0.05,0.0,0.0,0.0
2005-10-10,2005-10-27,OPTSTK,ORIENTBANK,250.0,PA,0.0,0.0,0.0,5.9,0.25,0.0,0.0,0.0
2005-10-10,2005-10-27,OPTSTK,ORIENTBANK,260.0,PA,0.0,0.0,0.0,1.0,0.95,0.0,0.0,2400.0
2005-10-10,2005-10-27,OPTSTK,ORIENTBANK,270.0,PA,0.0,0.0,0.0,2.25,2.85,0.0,0.0,12600.0
2005-10-10,2005-10-27,OPTSTK,ORIENTBANK,280.0,PA,8.0,8.0,8.0,8.0,8.0,1.0,1.72,15000.0
2005-10-10,2005-10-27,OPTSTK,ORIENTBANK,290.0,PA,0.0,0.0,0.0,11.1,12.45,0.0,0.0,4200.0
2005-10-10,2005-10-27,OPTSTK,ORIENTBANK,300.0,PA,0.0,0.0,0.0,29.75,20.25,0.0,0.0,0.0
2005-10-10,2005-10-27,OPTSTK,ORIENTBANK,310.0,PA,0.0,0.0,0.0,36.95,29.2,0.0,0.0,0.0
2005-10-10,2005-10-27,OPTSTK,ORIENTBANK,320.0,PA,0.0,0.0,0.0,34.15,38.8,0.0,0.0,0.0
2005-10-10,2005-11-24,OPTSTK,ORIENTBANK,220.0,CA,0.0,0.0,0.0,36.05,62.25,0.0,0.0,0.0
2005-10-10,2005-11-24,OPTSTK,ORIENTBANK,230.0,CA,0.0,0.0,0.0,31.3,52.5,0.0,0.0,0.0
2005-10-10,2005-11-24,OPTSTK,ORIENTBANK,240.0,CA,0.0,0.0,0.0,23.8,43.05,0.0,0.0,0.0
2005-10-10,2005-11-24,OPTSTK,ORIENTBANK,250.0,CA,0.0,0.0,0.0,17.4,34.05,0.0,0.0,0.0
2005-10-10,2005-11-24,OPTSTK,ORIENTBANK,260.0,CA,0.0,0.0,0.0,12.25,25.9,0.0,0.0,0.0
2005-10-10,2005-11-24,OPTSTK,ORIENTBANK,270.0,CA,0.0,0.0,0.0,8.3,18.8,0.0,0.0,0.0
2005-10-10,2005-11-24,OPTSTK,ORIENTBANK,280.0,CA,0.0,0.0,0.0,5.4,13.0,0.0,0.0,0.0
2005-10-10,2005-11-24,OPTSTK,ORIENTBANK,290.0,CA,0.0,0.0,0.0,3.4,8.55,0.0,0.0,0.0
2005-10-10,2005-11-24,OPTSTK,ORIENTBANK,300.0,CA,0.0,0.0,0.0,2.75,5.35,0.0,0.0,0.0
2005-10-10,2005-11-24,OPTSTK,ORIENTBANK,310.0,CA,0.0,0.0,0.0,3.3,3.2,0.0,0.0,0.0
2005-10-10,2005-11-24,OPTSTK,ORIENTBANK,320.0,CA,0.0,0.0,0.0,3.35,1.8,0.0,0.0,0.0
2005-10-10,2005-11-24,OPTSTK,ORIENTBANK,220.0,PA,0.0,0.0,0.0,1.8,0.1,0.0,0.0,0.0
2005-10-10,2005-11-24,OPTSTK,ORIENTBANK,230.0,PA,0.0,0.0,0.0,2.8,0.25,0.0,0.0,0.0
2005-10-10,2005-11-24,OPTSTK,ORIENTBANK,240.0,PA,0.0,0.0,0.0,5.2,0.7,0.0,0.0,0.0
2005-10-10,2005-11-24,OPTSTK,ORIENTBANK,250.0,PA,0.0,0.0,0.0,8.65,1.65,0.0,0.0,0.0
2005-10-10,2005-11-24,OPTSTK,ORIENTBANK,260.0,PA,0.0,0.0,0.0,13.35,3.4,0.0,0.0,0.0
2005-10-10,2005-11-24,OPTSTK,ORIENTBANK,270.0,PA,0.0,0.0,0.0,19.25,6.25,0.0,0.0,0.0
2005-10-10,2005-11-24,OPTSTK,ORIENTBANK,280.0,PA,0.0,0.0,0.0,26.2,10.4,0.0,0.0,0.0
2005-10-10,2005-11-24,OPTSTK,ORIENTBANK,290.0,PA,0.0,0.0,0.0,34.05,15.85,0.0,0.0,0.0
2005-10-10,2005-11-24,OPTSTK,ORIENTBANK,300.0,PA,0.0,0.0,0.0,33.45,22.6,0.0,0.0,0.0
2005-10-10,2005-11-24,OPTSTK,ORIENTBANK,310.0,PA,0.0,0.0,0.0,31.0,30.35,0.0,0.0,0.0
2005-10-10,2005-11-24,OPTSTK,ORIENTBANK,320.0,PA,0.0,0.0,0.0,35.2,38.9,0.0,0.0,0.0
2005-10-10,2005-12-29,OPTSTK,ORIENTBANK,240.0,CA,0.0,0.0,0.0,38.55,45.65,0.0,0.0,0.0
2005-10-10,2005-12-29,OPTSTK,ORIENTBANK,250.0,CA,0.0,0.0,0.0,31.3,37.4,0.0,0.0,0.0
2005-10-10,2005-12-29,OPTSTK,ORIENTBANK,260.0,CA,0.0,0.0,0.0,24.9,29.85,0.0,0.0,0.0
2005-10-10,2005-12-29,OPTSTK,ORIENTBANK,270.0,CA,0.0,0.0,0.0,19.45,23.25,0.0,0.0,0.0
2005-10-10,2005-12-29,OPTSTK,ORIENTBANK,280.0,CA,0.0,0.0,0.0,14.85,17.7,0.0,0.0,0.0
2005-10-10,2005-12-29,OPTSTK,ORIENTBANK,290.0,CA,0.0,0.0,0.0,11.15,13.1,0.0,0.0,0.0
2005-10-10,2005-12-29,OPTSTK,ORIENTBANK,300.0,CA,0.0,0.0,0.0,8.2,9.45,0.0,0.0,0.0
2005-10-10,2005-12-29,OPTSTK,ORIENTBANK,310.0,CA,0.0,0.0,0.0,7.0,6.65,0.0,0.0,0.0
2005-10-10,2005-12-29,OPTSTK,ORIENTBANK,320.0,CA,0.0,0.0,0.0,6.75,4.6,0.0,0.0,0.0
2005-10-10,2005-12-29,OPTSTK,ORIENTBANK,240.0,PA,0.0,0.0,0.0,4.6,1.95,0.0,0.0,0.0
2005-10-10,2005-12-29,OPTSTK,ORIENTBANK,250.0,PA,0.0,0.0,0.0,7.2,3.55,0.0,0.0,0.0
2005-10-10,2005-12-29,OPTSTK,ORIENTBANK,260.0,PA,0.0,0.0,0.0,10.65,5.9,0.0,0.0,0.0
2005-10-10,2005-12-29,OPTSTK,ORIENTBANK,270.0,PA,0.0,0.0,0.0,15.05,9.2,0.0,0.0,0.0
2005-10-10,2005-12-29,OPTSTK,ORIENTBANK,280.0,PA,0.0,0.0,0.0,20.35,13.45,0.0,0.0,0.0
2005-10-10,2005-12-29,OPTSTK,ORIENTBANK,290.0,PA,0.0,0.0,0.0,26.5,18.75,0.0,0.0,0.0
2005-10-10,2005-12-29,OPTSTK,ORIENTBANK,300.0,PA,0.0,0.0,0.0,33.4,24.95,0.0,0.0,0.0
2005-10-10,2005-12-29,OPTSTK,ORIENTBANK,310.0,PA,0.0,0.0,0.0,35.55,32.05,0.0,0.0,0.0
2005-10-10,2005-12-29,OPTSTK,ORIENTBANK,320.0,PA,0.0,0.0,0.0,36.8,39.85,0.0,0.0,0.0
2005-10-10,2005-10-27,OPTSTK,PATNI,320.0,CA,0.0,0.0,0.0,45.65,167.95,0.0,0.0,0.0
2005-10-10,2005-10-27,OPTSTK,PATNI,330.0,CA,0.0,0.0,0.0,38.5,157.95,0.0,0.0,0.0
2005-10-10,2005-10-27,OPTSTK,PATNI,340.0,CA,0.0,0.0,0.0,32.0,148.0,0.0,0.0,0.0
2005-10-10,2005-10-27,OPTSTK,PATNI,350.0,CA,0.0,0.0,0.0,26.25,138.05,0.0,0.0,0.0
2005-10-10,2005-10-27,OPTSTK,PATNI,360.0,CA,0.0,0.0,0.0,21.25,128.05,0.0,0.0,0.0
2005-10-10,2005-10-27,OPTSTK,PATNI,370.0,CA,0.0,0.0,0.0,16.95,118.15,0.0,0.0,0.0
2005-10-10,2005-10-27,OPTSTK,PATNI,380.0,CA,0.0,0.0,0.0,13.35,108.25,0.0,0.0,0.0
2005-10-10,2005-10-27,OPTSTK,PATNI,390.0,CA,0.0,0.0,0.0,14.2,98.4,0.0,0.0,0.0
2005-10-10,2005-10-27,OPTSTK,PATNI,400.0,CA,0.0,0.0,0.0,15.05,88.65,0.0,0.0,0.0
2005-10-10,2005-10-27,OPTSTK,PATNI,410.0,CA,0.0,0.0,0.0,12.85,79.1,0.0,0.0,0.0
2005-10-10,2005-10-27,OPTSTK,PATNI,420.0,CA,0.0,0.0,0.0,20.25,69.8,0.0,0.0,0.0
2005-10-10,2005-10-27,OPTSTK,PATNI,430.0,CA,0.0,0.0,0.0,16.8,60.85,0.0,0.0,0.0
2005-10-10,2005-10-27,OPTSTK,PATNI,440.0,CA,0.0,0.0,0.0,26.2,52.35,0.0,0.0,0.0
2005-10-10,2005-10-27,OPTSTK,PATNI,450.0,CA,0.0,0.0,0.0,22.55,44.4,0.0,0.0,0.0
2005-10-10,2005-10-27,OPTSTK,PATNI,460.0,CA,0.0,0.0,0.0,19.85,37.05,0.0,0.0,0.0
2005-10-10,2005-10-27,OPTSTK,PATNI,470.0,CA,0.0,0.0,0.0,18.45,30.5,0.0,0.0,0.0
2005-10-10,2005-10-27,OPTSTK,PATNI,480.0,CA,0.0,0.0,0.0,24.85,24.65,0.0,0.0,0.0
2005-10-10,2005-10-27,OPTSTK,PATNI,490.0,CA,0.0,0.0,0.0,21.3,19.6,0.0,0.0,0.0
2005-10-10,2005-10-27,OPTSTK,PATNI,500.0,CA,0.0,0.0,0.0,17.1,15.35,0.0,0.0,0.0
2005-10-10,2005-10-27,OPTSTK,PATNI,510.0,CA,0.0,0.0,0.0,14.8,11.8,0.0,0.0,0.0
2005-10-10,2005-10-27,OPTSTK,PATNI,520.0,CA,0.0,0.0,0.0,0.0,0.0,0.0,0.0,0.0
2005-10-10,2005-10-27,OPTSTK,PATNI,320.0,PA,0.0,0.0,0.0,6.15,0.0,0.0,0.0,0.0
2005-10-10,2005-10-27,OPTSTK,PATNI,330.0,PA,0.0,0.0,0.0,8.8,0.0,0.0,0.0,0.0
2005-10-10,2005-10-27,OPTSTK,PATNI,340.0,PA,0.0,0.0,0.0,12.15,0.0,0.0,0.0,0.0
2005-10-10,2005-10-27,OPTSTK,PATNI,350.0,PA,0.0,0.0,0.0,16.25,0.05,0.0,0.0,0.0
2005-10-10,2005-10-27,OPTSTK,PATNI,360.0,PA,0.0,0.0,0.0,21.1,0.05,0.0,0.0,0.0
2005-10-10,2005-10-27,OPTSTK,PATNI,370.0,PA,0.0,0.0,0.0,26.7,0.1,0.0,0.0,0.0
2005-10-10,2005-10-27,OPTSTK,PATNI,380.0,PA,0.0,0.0,0.0,32.95,0.15,0.0,0.0,0.0
2005-10-10,2005-10-27,OPTSTK,PATNI,390.0,PA,0.0,0.0,0.0,34.7,0.3,0.0,0.0,0.0
2005-10-10,2005-10-27,OPTSTK,PATNI,400.0,PA,0.0,0.0,0.0,36.45,0.55,0.0,0.0,0.0
2005-10-10,2005-10-27,OPTSTK,PATNI,410.0,PA,0.0,0.0,0.0,40.2,0.95,0.0,0.0,0.0
2005-10-10,2005-10-27,OPTSTK,PATNI,420.0,PA,0.0,0.0,0.0,36.25,1.6,0.0,0.0,0.0
2005-10-10,2005-10-27,OPTSTK,PATNI,430.0,PA,0.0,0.0,0.0,42.7,2.65,0.0,0.0,0.0
2005-10-10,2005-10-27,OPTSTK,PATNI,440.0,PA,0.0,0.0,0.0,40.6,4.1,0.0,0.0,0.0
2005-10-10,2005-10-27,OPTSTK,PATNI,450.0,PA,0.0,0.0,0.0,46.8,6.15,0.0,0.0,0.0
2005-10-10,2005-10-27,OPTSTK,PATNI,460.0,PA,0.0,0.0,0.0,49.85,8.8,0.0,0.0,0.0
2005-10-10,2005-10-27,OPTSTK,PATNI,470.0,PA,0.0,0.0,0.0,48.8,12.15,0.0,0.0,0.0
2005-10-10,2005-10-27,OPTSTK,PATNI,480.0,PA,0.0,0.0,0.0,43.3,16.3,0.0,0.0,0.0
2005-10-10,2005-10-27,OPTSTK,PATNI,490.0,PA,0.0,0.0,0.0,49.65,21.25,0.0,0.0,0.0
2005-10-10,2005-10-27,OPTSTK,PATNI,500.0,PA,0.0,0.0,0.0,40.4,26.95,0.0,0.0,0.0
2005-10-10,2005-10-27,OPTSTK,PATNI,510.0,PA,0.0,0.0,0.0,42.45,33.4,0.0,0.0,0.0
2005-10-10,2005-10-27,OPTSTK,PATNI,520.0,PA,0.0,0.0,0.0,0.0,0.0,0.0,0.0,0.0
2005-10-10,2005-11-24,OPTSTK,PATNI,350.0,CA,0.0,0.0,0.0,50.85,140.35,0.0,0.0,0.0
2005-10-10,2005-11-24,OPTSTK,PATNI,360.0,CA,0.0,0.0,0.0,44.55,130.75,0.0,0.0,0.0
2005-10-10,2005-11-24,OPTSTK,PATNI,370.0,CA,0.0,0.0,0.0,38.8,121.35,0.0,0.0,0.0
2005-10-10,2005-11-24,OPTSTK,PATNI,380.0,CA,0.0,0.0,0.0,33.6,112.1,0.0,0.0,0.0
2005-10-10,2005-11-24,OPTSTK,PATNI,390.0,CA,0.0,0.0,0.0,28.9,103.05,0.0,0.0,0.0
2005-10-10,2005-11-24,OPTSTK,PATNI,400.0,CA,0.0,0.0,0.0,24.7,94.3,0.0,0.0,0.0
2005-10-10,2005-11-24,OPTSTK,PATNI,410.0,CA,0.0,0.0,0.0,21.0,85.85,0.0,0.0,0.0
2005-10-10,2005-11-24,OPTSTK,PATNI,420.0,CA,0.0,0.0,0.0,31.05,77.8,0.0,0.0,0.0
2005-10-10,2005-11-24,OPTSTK,PATNI,430.0,CA,0.0,0.0,0.0,27.25,70.1,0.0,0.0,0.0
2005-10-10,2005-11-24,OPTSTK,PATNI,440.0,CA,0.0,0.0,0.0,34.05,62.8,0.0,0.0,0.0
2005-10-10,2005-11-24,OPTSTK,PATNI,450.0,CA,0.0,0.0,0.0,30.25,55.95,0.0,0.0,0.0
2005-10-10,2005-11-24,OPTSTK,PATNI,460.0,CA,0.0,0.0,0.0,27.35,49.6,0.0,0.0,0.0
2005-10-10,2005-11-24,OPTSTK,PATNI,470.0,CA,0.0,0.0,0.0,25.85,43.75,0.0,0.0,0.0
2005-10-10,2005-11-24,OPTSTK,PATNI,480.0,CA,0.0,0.0,0.0,34.55,38.35,0.0,0.0,0.0
2005-10-10,2005-11-24,OPTSTK,PATNI,490.0,CA,0.0,0.0,0.0,30.85,33.45,0.0,0.0,0.0
2005-10-10,2005-11-24,OPTSTK,PATNI,500.0,CA,0.0,0.0,0.0,30.25,29.05,0.0,0.0,0.0
2005-10-10,2005-11-24,OPTSTK,PATNI,510.0,CA,0.0,0.0,0.0,27.8,25.05,0.0,0.0,0.0
2005-10-10,2005-11-24,OPTSTK,PATNI,520.0,CA,0.0,0.0,0.0,0.0,0.0,0.0,0.0,0.0
2005-10-10,2005-11-24,OPTSTK,PATNI,350.0,PA,0.0,0.0,0.0,13.45,0.65,0.0,0.0,0.0
2005-10-10,2005-11-24,OPTSTK,PATNI,360.0,PA,0.0,0.0,0.0,17.0,1.0,0.0,0.0,0.0
2005-10-10,2005-11-24,OPTSTK,PATNI,370.0,PA,0.0,0.0,0.0,21.1,1.5,0.0,0.0,0.0
2005-10-10,2005-11-24,OPTSTK,PATNI,380.0,PA,0.0,0.0,0.0,25.75,2.15,0.0,0.0,0.0
2005-10-10,2005-11-24,OPTSTK,PATNI,390.0,PA,0.0,0.0,0.0,30.9,3.1,0.0,0.0,0.0
2005-10-10,2005-11-24,OPTSTK,PATNI,400.0,PA,0.0,0.0,0.0,36.55,4.25,0.0,0.0,0.0
2005-10-10,2005-11-24,OPTSTK,PATNI,410.0,PA,0.0,0.0,0.0,42.7,5.75,0.0,0.0,0.0
2005-10-10,2005-11-24,OPTSTK,PATNI,420.0,PA,0.0,0.0,0.0,42.35,7.55,0.0,0.0,0.0
2005-10-10,2005-11-24,OPTSTK,PATNI,430.0,PA,0.0,0.0,0.0,48.4,9.8,0.0,0.0,0.0
2005-10-10,2005-11-24,OPTSTK,PATNI,440.0,PA,0.0,0.0,0.0,46.45,12.45,0.0,0.0,0.0
2005-10-10,2005-11-24,OPTSTK,PATNI,450.0,PA,0.0,0.0,0.0,52.5,15.55,0.0,0.0,0.0
2005-10-10,2005-11-24,OPTSTK,PATNI,460.0,PA,0.0,0.0,0.0,55.3,19.1,0.0,0.0,0.0
2005-10-10,2005-11-24,OPTSTK,PATNI,470.0,PA,0.0,0.0,0.0,54.1,23.2,0.0,0.0,0.0
2005-10-10,2005-11-24,OPTSTK,PATNI,480.0,PA,0.0,0.0,0.0,50.85,27.7,0.0,0.0,0.0
2005-10-10,2005-11-24,OPTSTK,PATNI,490.0,PA,0.0,0.0,0.0,57.0,32.75,0.0,0.0,0.0
2005-10-10,2005-11-24,OPTSTK,PATNI,500.0,PA,0.0,0.0,0.0,51.15,38.25,0.0,0.0,0.0
2005-10-10,2005-11-24,OPTSTK,PATNI,510.0,PA,0.0,0.0,0.0,52.95,44.2,0.0,0.0,0.0
2005-10-10,2005-11-24,OPTSTK,PATNI,520.0,PA,0.0,0.0,0.0,0.0,0.0,0.0,0.0,0.0
2005-10-10,2005-12-29,OPTSTK,PATNI,420.0,CA,0.0,0.0,0.0,63.75,87.0,0.0,0.0,0.0
2005-10-10,2005-12-29,OPTSTK,PATNI,430.0,CA,0.0,0.0,0.0,58.35,80.0,0.0,0.0,0.0
2005-10-10,2005-12-29,OPTSTK,PATNI,440.0,CA,0.0,0.0,0.0,53.25,73.35,0.0,0.0,0.0
2005-10-10,2005-12-29,OPTSTK,PATNI,450.0,CA,0.0,0.0,0.0,48.5,67.1,0.0,0.0,0.0
2005-10-10,2005-12-29,OPTSTK,PATNI,460.0,CA,0.0,0.0,0.0,44.1,61.2,0.0,0.0,0.0
2005-10-10,2005-12-29,OPTSTK,PATNI,470.0,CA,0.0,0.0,0.0,40.05,55.7,0.0,0.0,0.0
2005-10-10,2005-12-29,OPTSTK,PATNI,480.0,CA,0.0,0.0,0.0,36.25,50.55,0.0,0.0,0.0
2005-10-10,2005-12-29,OPTSTK,PATNI,490.0,CA,0.0,0.0,0.0,46.8,45.75,0.0,0.0,0.0
2005-10-10,2005-12-29,OPTSTK,PATNI,500.0,CA,0.0,0.0,0.0,42.8,41.3,0.0,0.0,0.0
2005-10-10,2005-12-29,OPTSTK,PATNI,510.0,CA,0.0,0.0,0.0,40.2,37.2,0.0,0.0,0.0
2005-10-10,2005-12-29,OPTSTK,PATNI,520.0,CA,0.0,0.0,0.0,0.0,0.0,0.0,0.0,0.0
2005-10-10,2005-12-29,OPTSTK,PATNI,420.0,PA,0.0,0.0,0.0,29.7,14.35,0.0,0.0,0.0
2005-10-10,2005-12-29,OPTSTK,PATNI,430.0,PA,0.0,0.0,0.0,34.15,17.25,0.0,0.0,0.0
2005-10-10,2005-12-29,OPTSTK,PATNI,440.0,PA,0.0,0.0,0.0,38.9,20.5,0.0,0.0,0.0
2005-10-10,2005-12-29,OPTSTK,PATNI,450.0,PA,0.0,0.0,0.0,44.05,24.1,0.0,0.0,0.0
2005-10-10,2005-12-29,OPTSTK,PATNI,460.0,PA,0.0,0.0,0.0,49.5,28.1,0.0,0.0,0.0
2005-10-10,2005-12-29,OPTSTK,PATNI,470.0,PA,0.0,0.0,0.0,55.25,32.45,0.0,0.0,0.0
2005-10-10,2005-12-29,OPTSTK,PATNI,480.0,PA,0.0,0.0,0.0,61.35,37.15,0.0,0.0,0.0
2005-10-10,2005-12-29,OPTSTK,PATNI,490.0,PA,0.0,0.0,0.0,55.0,42.25,0.0,0.0,0.0
2005-10-10,2005-12-29,OPTSTK,PATNI,500.0,PA,0.0,0.0,0.0,60.85,47.65,0.0,0.0,0.0
2005-10-10,2005-12-29,OPTSTK,PATNI,510.0,PA,0.0,0.0,0.0,62.45,53.45,0.0,0.0,0.0
2005-10-10,2005-12-29,OPTSTK,PATNI,520.0,PA,0.0,0.0,0.0,0.0,0.0,0.0,0.0,0.0
2005-10-10,2005-10-27,OPTSTK,PNB,370.0,CA,0.0,0.0,0.0,51.05,65.75,0.0,0.0,0.0
2005-10-10,2005-10-27,OPTSTK,PNB,380.0,CA,0.0,0.0,0.0,47.1,55.9,0.0,0.0,0.0
2005-10-10,2005-10-27,OPTSTK,PNB,390.0,CA,0.0,0.0,0.0,49.95,46.25,0.0,0.0,0.0
2005-10-10,2005-10-27,OPTSTK,PNB,400.0,CA,0.0,0.0,0.0,43.2,36.95,0.0,0.0,0.0
2005-10-10,2005-10-27,OPTSTK,PNB,410.0,CA,0.0,0.0,0.0,37.05,28.3,0.0,0.0,0.0
2005-10-10,2005-10-27,OPTSTK,PNB,420.0,CA,0.0,0.0,0.0,10.95,20.65,0.0,0.0,600.0
2005-10-10,2005-10-27,OPTSTK,PNB,430.0,CA,17.75,20.9,17.75,20.9,20.9,46.0,124.3,26400.0
2005-10-10,2005-10-27,OPTSTK,PNB,440.0,CA,14.0,15.5,13.3,13.3,13.3,6.0,16.35,13800.0
2005-10-10,2005-10-27,OPTSTK,PNB,450.0,CA,9.5,11.7,8.75,9.75,9.75,18.0,49.68,54600.0
2005-10-10,2005-10-27,OPTSTK,PNB,460.0,CA,4.0,7.0,4.0,5.8,5.8,6.0,16.77,51600.0
2005-10-10,2005-10-27,OPTSTK,PNB,470.0,CA,4.75,4.75,4.75,4.75,4.75,1.0,2.84,18600.0
2005-10-10,2005-10-27,OPTSTK,PNB,480.0,CA,0.0,0.0,0.0,6.1,0.9,0.0,0.0,9000.0
2005-10-10,2005-10-27,OPTSTK,PNB,490.0,CA,0.0,0.0,0.0,4.1,0.4,0.0,0.0,0.0
2005-10-10,2005-10-27,OPTSTK,PNB,370.0,PA,0.0,0.0,0.0,11.35,0.05,0.0,0.0,0.0
2005-10-10,2005-10-27,OPTSTK,PNB,380.0,PA,0.0,0.0,0.0,14.65,0.15,0.0,0.0,0.0
2005-10-10,2005-10-27,OPTSTK,PNB,390.0,PA,0.0,0.0,0.0,10.0,0.45,0.0,0.0,0.0
2005-10-10,2005-10-27,OPTSTK,PNB,400.0,PA,0.0,0.0,0.0,0.5,1.15,0.0,0.0,600.0
2005-10-10,2005-10-27,OPTSTK,PNB,410.0,PA,0.0,0.0,0.0,16.8,2.5,0.0,0.0,0.0
2005-10-10,2005-10-27,OPTSTK,PNB,420.0,PA,5.0,7.0,5.0,7.0,7.0,3.0,7.66,1800.0
2005-10-10,2005-10-27,OPTSTK,PNB,430.0,PA,10.5,12.0,10.0,12.0,12.0,8.0,21.17,7800.0
2005-10-10,2005-10-27,OPTSTK,PNB,440.0,PA,18.0,18.0,14.0,14.0,14.0,3.0,8.22,3600.0
2005-10-10,2005-10-27,OPTSTK,PNB,450.0,PA,0.0,0.0,0.0,37.5,19.75,0.0,0.0,0.0
2005-10-10,2005-10-27,OPTSTK,PNB,460.0,PA,0.0,0.0,0.0,10.0,27.3,0.0,0.0,600.0
2005-10-10,2005-10-27,OPTSTK,PNB,470.0,PA,0.0,0.0,0.0,44.45,35.75,0.0,0.0,0.0
2005-10-10,2005-10-27,OPTSTK,PNB,480.0,PA,0.0,0.0,0.0,16.0,44.9,0.0,0.0,600.0
2005-10-10,2005-10-27,OPTSTK,PNB,490.0,PA,0.0,0.0,0.0,34.95,54.4,0.0,0.0,0.0
2005-10-10,2005-11-24,OPTSTK,PNB,370.0,CA,0.0,0.0,0.0,46.2,68.45,0.0,0.0,0.0
2005-10-10,2005-11-24,OPTSTK,PNB,380.0,CA,0.0,0.0,0.0,39.65,59.3,0.0,0.0,0.0
2005-10-10,2005-11-24,OPTSTK,PNB,390.0,CA,0.0,0.0,0.0,33.7,50.55,0.0,0.0,0.0
2005-10-10,2005-11-24,OPTSTK,PNB,400.0,CA,0.0,0.0,0.0,28.4,42.35,0.0,0.0,0.0
2005-10-10,2005-11-24,OPTSTK,PNB,410.0,CA,0.0,0.0,0.0,23.7,34.85,0.0,0.0,0.0
2005-10-10,2005-11-24,OPTSTK,PNB,420.0,CA,0.0,0.0,0.0,19.55,28.1,0.0,0.0,0.0
2005-10-10,2005-11-24,OPTSTK,PNB,430.0,CA,0.0,0.0,0.0,16.05,22.2,0.0,0.0,0.0
2005-10-10,2005-11-24,OPTSTK,PNB,440.0,CA,0.0,0.0,0.0,10.55,17.2,0.0,0.0,0.0
2005-10-10,2005-11-24,OPTSTK,PNB,450.0,CA,0.0,0.0,0.0,11.1,13.0,0.0,0.0,0.0
2005-10-10,2005-11-24,OPTSTK,PNB,460.0,CA,0.0,0.0,0.0,12.0,9.65,0.0,0.0,0.0
2005-10-10,2005-11-24,OPTSTK,PNB,470.0,CA,0.0,0.0,0.0,10.7,7.05,0.0,0.0,0.0
2005-10-10,2005-11-24,OPTSTK,PNB,480.0,CA,0.0,0.0,0.0,10.25,5.0,0.0,0.0,0.0
2005-10-10,2005-11-24,OPTSTK,PNB,490.0,CA,0.0,0.0,0.0,10.1,3.5,0.0,0.0,0.0
2005-10-10,2005-11-24,OPTSTK,PNB,370.0,PA,0.0,0.0,0.0,10.35,0.95,0.0,0.0,0.0
2005-10-10,2005-11-24,OPTSTK,PNB,380.0,PA,0.0,0.0,0.0,13.65,1.7,0.0,0.0,0.0
2005-10-10,2005-11-24,OPTSTK,PNB,390.0,PA,0.0,0.0,0.0,17.55,2.9,0.0,0.0,0.0
2005-10-10,2005-11-24,OPTSTK,PNB,400.0,PA,0.0,0.0,0.0,22.1,4.65,0.0,0.0,0.0
2005-10-10,2005-11-24,OPTSTK,PNB,410.0,PA,0.0,0.0,0.0,27.25,7.05,0.0,0.0,0.0
2005-10-10,2005-11-24,OPTSTK,PNB,420.0,PA,0.0,0.0,0.0,33.0,10.25,0.0,0.0,0.0
2005-10-10,2005-11-24,OPTSTK,PNB,430.0,PA,0.0,0.0,0.0,39.3,14.25,0.0,0.0,0.0
2005-10-10,2005-11-24,OPTSTK,PNB,440.0,PA,0.0,0.0,0.0,39.2,19.2,0.0,0.0,0.0
2005-10-10,2005-11-24,OPTSTK,PNB,450.0,PA,0.0,0.0,0.0,38.25,24.95,0.0,0.0,0.0
2005-10-10,2005-11-24,OPTSTK,PNB,460.0,PA,0.0,0.0,0.0,37.45,31.5,0.0,0.0,0.0
2005-10-10,2005-11-24,OPTSTK,PNB,470.0,PA,0.0,0.0,0.0,40.05,38.8,0.0,0.0,0.0
2005-10-10,2005-11-24,OPTSTK,PNB,480.0,PA,0.0,0.0,0.0,40.75,46.7,0.0,0.0,0.0
2005-10-10,2005-11-24,OPTSTK,PNB,490.0,PA,0.0,0.0,0.0,38.6,55.1,0.0,0.0,0.0
2005-10-10,2005-12-29,OPTSTK,PNB,400.0,CA,0.0,0.0,0.0,0.0,0.0,0.0,0.0,0.0
2005-10-10,2005-12-29,OPTSTK,PNB,410.0,CA,0.0,0.0,0.0,48.9,41.4,0.0,0.0,0.0
2005-10-10,2005-12-29,OPTSTK,PNB,420.0,CA,0.0,0.0,0.0,42.25,35.1,0.0,0.0,0.0
2005-10-10,2005-12-29,OPTSTK,PNB,430.0,CA,0.0,0.0,0.0,36.2,29.4,0.0,0.0,0.0
2005-10-10,2005-12-29,OPTSTK,PNB,440.0,CA,0.0,0.0,0.0,30.75,24.4,0.0,0.0,0.0
2005-10-10,2005-12-29,OPTSTK,PNB,450.0,CA,0.0,0.0,0.0,25.85,20.0,0.0,0.0,0.0
2005-10-10,2005-12-29,OPTSTK,PNB,460.0,CA,0.0,0.0,0.0,21.55,16.25,0.0,0.0,0.0
2005-10-10,2005-12-29,OPTSTK,PNB,470.0,CA,0.0,0.0,0.0,17.85,13.05,0.0,0.0,0.0
2005-10-10,2005-12-29,OPTSTK,PNB,480.0,CA,0.0,0.0,0.0,17.95,10.4,0.0,0.0,0.0
2005-10-10,2005-12-29,OPTSTK,PNB,490.0,CA,0.0,0.0,0.0,16.65,8.2,0.0,0.0,0.0
2005-10-10,2005-12-29,OPTSTK,PNB,400.0,PA,0.0,0.0,0.0,0.0,0.0,0.0,0.0,0.0
2005-10-10,2005-12-29,OPTSTK,PNB,410.0,PA,0.0,0.0,0.0,10.5,11.3,0.0,0.0,0.0
2005-10-10,2005-12-29,OPTSTK,PNB,420.0,PA,0.0,0.0,0.0,13.7,14.85,0.0,0.0,0.0
2005-10-10,2005-12-29,OPTSTK,PNB,430.0,PA,0.0,0.0,0.0,17.5,19.05,0.0,0.0,0.0
2005-10-10,2005-12-29,OPTSTK,PNB,440.0,PA,0.0,0.0,0.0,21.9,23.9,0.0,0.0,0.0
2005-10-10,2005-12-29,OPTSTK,PNB,450.0,PA,0.0,0.0,0.0,26.85,29.35,0.0,0.0,0.0
2005-10-10,2005-12-29,OPTSTK,PNB,460.0,PA,0.0,0.0,0.0,32.45,35.45,0.0,0.0,0.0
2005-10-10,2005-12-29,OPTSTK,PNB,470.0,PA,0.0,0.0,0.0,38.55,42.15,0.0,0.0,0.0
2005-10-10,2005-12-29,OPTSTK,PNB,480.0,PA,0.0,0.0,0.0,40.2,49.35,0.0,0.0,0.0
2005-10-10,2005-12-29,OPTSTK,PNB,490.0,PA,0.0,0.0,0.0,42.3,57.0,0.0,0.0,0.0
2005-10-10,2005-10-27,OPTSTK,POLARIS,115.0,CA,0.0,0.0,0.0,20.6,22.65,0.0,0.0,0.0
2005-10-10,2005-10-27,OPTSTK,POLARIS,120.0,CA,0.0,0.0,0.0,20.0,18.25,0.0,0.0,2800.0
2005-10-10,2005-10-27,OPTSTK,POLARIS,125.0,CA,0.0,0.0,0.0,23.35,14.2,0.0,0.0,0.0
2005-10-10,2005-10-27,OPTSTK,POLARIS,130.0,CA,12.9,12.9,12.9,12.9,12.9,1.0,4.0,39200.0
2005-10-10,2005-10-27,OPTSTK,POLARIS,135.0,CA,0.0,0.0,0.0,6.25,7.7,0.0,0.0,61600.0
2005-10-10,2005-10-27,OPTSTK,POLARIS,140.0,CA,5.9,6.45,5.5,5.5,5.5,18.0,73.55,291200.0
2005-10-10,2005-10-27,OPTSTK,POLARIS,145.0,CA,4.0,4.0,3.85,3.85,3.85,2.0,8.33,98000.0
2005-10-10,2005-10-27,OPTSTK,POLARIS,150.0,CA,2.25,2.95,2.25,2.45,2.45,11.0,46.97,232400.0
2005-10-10,2005-10-27,OPTSTK,POLARIS,155.0,CA,0.0,0.0,0.0,1.45,1.45,0.0,0.0,14000.0
2005-10-10,2005-10-27,OPTSTK,POLARIS,160.0,CA,0.95,0.95,0.95,0.95,0.95,1.0,4.5,61600.0
2005-10-10,2005-10-27,OPTSTK,POLARIS,165.0,CA,0.0,0.0,0.0,11.0,0.5,0.0,0.0,0.0
2005-10-10,2005-10-27,OPTSTK,POLARIS,170.0,CA,0.0,0.0,0.0,2.0,0.3,0.0,0.0,5600.0
2005-10-10,2005-10-27,OPTSTK,POLARIS,115.0,PA,0.0,0.0,0.0,3.5,0.5,0.0,0.0,0.0
2005-10-10,2005-10-27,OPTSTK,POLARIS,120.0,PA,0.0,0.0,0.0,9.65,1.05,0.0,0.0,0.0
2005-10-10,2005-10-27,OPTSTK,POLARIS,125.0,PA,0.0,0.0,0.0,2.0,2.0,0.0,0.0,5600.0
2005-10-10,2005-10-27,OPTSTK,POLARIS,130.0,PA,2.8,2.8,2.75,2.75,2.75,3.0,11.15,47600.0
2005-10-10,2005-10-27,OPTSTK,POLARIS,135.0,PA,0.0,0.0,0.0,4.0,5.5,0.0,0.0,25200.0
2005-10-10,2005-10-27,OPTSTK,POLARIS,140.0,PA,0.0,0.0,0.0,7.25,8.15,0.0,0.0,81200.0
2005-10-10,2005-10-27,OPTSTK,POLARIS,145.0,PA,0.0,0.0,0.0,22.6,11.4,0.0,0.0,0.0
2005-10-10,2005-10-27,OPTSTK,POLARIS,150.0,PA,0.0,0.0,0.0,12.5,15.1,0.0,0.0,2800.0
2005-10-10,2005-10-27,OPTSTK,POLARIS,155.0,PA,0.0,0.0,0.0,26.85,19.2,0.0,0.0,0.0
2005-10-10,2005-10-27,OPTSTK,POLARIS,160.0,PA,0.0,0.0,0.0,25.65,23.6,0.0,0.0,0.0
2005-10-10,2005-10-27,OPTSTK,POLARIS,165.0,PA,0.0,0.0,0.0,25.85,28.25,0.0,0.0,0.0
2005-10-10,2005-10-27,OPTSTK,POLARIS,170.0,PA,0.0,0.0,0.0,22.35,33.0,0.0,0.0,0.0
2005-10-10,2005-11-24,OPTSTK,POLARIS,115.0,CA,0.0,0.0,0.0,23.75,25.1,0.0,0.0,0.0
2005-10-10,2005-11-24,OPTSTK,POLARIS,120.0,CA,0.0,0.0,0.0,22.55,21.3,0.0,0.0,0.0
2005-10-10,2005-11-24,OPTSTK,POLARIS,125.0,CA,0.0,0.0,0.0,22.35,17.85,0.0,0.0,0.0
2005-10-10,2005-11-24,OPTSTK,POLARIS,130.0,CA,0.0,0.0,0.0,19.45,14.8,0.0,0.0,0.0
2005-10-10,2005-11-24,OPTSTK,POLARIS,135.0,CA,0.0,0.0,0.0,16.85,12.1,0.0,0.0,0.0
2005-10-10,2005-11-24,OPTSTK,POLARIS,140.0,CA,0.0,0.0,0.0,14.55,9.8,0.0,0.0,0.0
2005-10-10,2005-11-24,OPTSTK,POLARIS,145.0,CA,0.0,0.0,0.0,12.45,7.85,0.0,0.0,0.0
2005-10-10,2005-11-24,OPTSTK,POLARIS,150.0,CA,0.0,0.0,0.0,10.65,6.2,0.0,0.0,0.0
2005-10-10,2005-11-24,OPTSTK,POLARIS,155.0,CA,0.0,0.0,0.0,9.05,4.85,0.0,0.0,0.0
2005-10-10,2005-11-24,OPTSTK,POLARIS,160.0,CA,0.0,0.0,0.0,9.05,3.8,0.0,0.0,0.0
2005-10-10,2005-11-24,OPTSTK,POLARIS,165.0,CA,0.0,0.0,0.0,11.0,2.9,0.0,0.0,0.0
2005-10-10,2005-11-24,OPTSTK,POLARIS,170.0,CA,0.0,0.0,0.0,9.35,2.2,0.0,0.0,0.0
2005-10-10,2005-11-24,OPTSTK,POLARIS,115.0,PA,0.0,0.0,0.0,6.15,2.4,0.0,0.0,0.0
2005-10-10,2005-11-24,OPTSTK,POLARIS,120.0,PA,0.0,0.0,0.0,7.75,3.55,0.0,0.0,0.0
2005-10-10,2005-11-24,OPTSTK,POLARIS,125.0,PA,0.0,0.0,0.0,7.75,5.1,0.0,0.0,0.0
2005-10-10,2005-11-24,OPTSTK,POLARIS,130.0,PA,0.0,0.0,0.0,9.8,7.0,0.0,0.0,0.0
2005-10-10,2005-11-24,OPTSTK,POLARIS,135.0,PA,0.0,0.0,0.0,12.1,9.25,0.0,0.0,0.0
2005-10-10,2005-11-24,OPTSTK,POLARIS,140.0,PA,0.0,0.0,0.0,14.7,11.9,0.0,0.0,0.0
2005-10-10,2005-11-24,OPTSTK,POLARIS,145.0,PA,0.0,0.0,0.0,17.55,14.9,0.0,0.0,0.0
2005-10-10,2005-11-24,OPTSTK,POLARIS,150.0,PA,0.0,0.0,0.0,20.65,18.25,0.0,0.0,0.0
2005-10-10,2005-11-24,OPTSTK,POLARIS,155.0,PA,0.0,0.0,0.0,24.0,21.85,0.0,0.0,0.0
2005-10-10,2005-11-24,OPTSTK,POLARIS,160.0,PA,0.0,0.0,0.0,23.4,25.75,0.0,0.0,0.0
2005-10-10,2005-11-24,OPTSTK,POLARIS,165.0,PA,0.0,0.0,0.0,21.15,29.85,0.0,0.0,0.0
2005-10-10,2005-11-24,OPTSTK,POLARIS,170.0,PA,0.0,0.0,0.0,24.45,34.1,0.0,0.0,0.0
2005-10-10,2005-12-29,OPTSTK,POLARIS,120.0,CA,0.0,0.0,0.0,24.55,24.5,0.0,0.0,0.0
2005-10-10,2005-12-29,OPTSTK,POLARIS,125.0,CA,0.0,0.0,0.0,21.75,21.4,0.0,0.0,0.0
2005-10-10,2005-12-29,OPTSTK,POLARIS,130.0,CA,0.0,0.0,0.0,19.25,18.55,0.0,0.0,0.0
2005-10-10,2005-12-29,OPTSTK,POLARIS,135.0,CA,0.0,0.0,0.0,16.95,16.0,0.0,0.0,0.0
2005-10-10,2005-12-29,OPTSTK,POLARIS,140.0,CA,0.0,0.0,0.0,14.9,13.7,0.0,0.0,0.0
2005-10-10,2005-12-29,OPTSTK,POLARIS,145.0,CA,0.0,0.0,0.0,13.05,11.7,0.0,0.0,0.0
2005-10-10,2005-12-29,OPTSTK,POLARIS,150.0,CA,0.0,0.0,0.0,11.4,9.95,0.0,0.0,0.0
2005-10-10,2005-12-29,OPTSTK,POLARIS,155.0,CA,0.0,0.0,0.0,12.6,8.4,0.0,0.0,0.0
2005-10-10,2005-12-29,OPTSTK,POLARIS,160.0,CA,0.0,0.0,0.0,11.65,7.1,0.0,0.0,0.0
2005-10-10,2005-12-29,OPTSTK,POLARIS,120.0,PA,0.0,0.0,0.0,9.3,6.1,0.0,0.0,0.0
2005-10-10,2005-12-29,OPTSTK,POLARIS,125.0,PA,0.0,0.0,0.0,11.45,7.9,0.0,0.0,0.0
2005-10-10,2005-12-29,OPTSTK,POLARIS,130.0,PA,0.0,0.0,0.0,13.8,10.0,0.0,0.0,0.0
2005-10-10,2005-12-29,OPTSTK,POLARIS,135.0,PA,0.0,0.0,0.0,16.45,12.35,0.0,0.0,0.0
2005-10-10,2005-12-29,OPTSTK,POLARIS,140.0,PA,0.0,0.0,0.0,19.3,15.05,0.0,0.0,0.0
2005-10-10,2005-12-29,OPTSTK,POLARIS,145.0,PA,0.0,0.0,0.0,22.4,17.95,0.0,0.0,0.0
2005-10-10,2005-12-29,OPTSTK,POLARIS,150.0,PA,0.0,0.0,0.0,25.65,21.15,0.0,0.0,0.0
2005-10-10,2005-12-29,OPTSTK,POLARIS,155.0,PA,0.0,0.0,0.0,24.15,24.55,0.0,0.0,0.0
2005-10-10,2005-12-29,OPTSTK,POLARIS,160.0,PA,0.0,0.0,0.0,25.55,28.15,0.0,0.0,0.0
2005-10-10,2005-10-27,OPTSTK,RANBAXY,440.0,CA,0.0,0.0,0.0,58.3,62.4,0.0,0.0,0.0
2005-10-10,2005-10-27,OPTSTK,RANBAXY,450.0,CA,0.0,0.0,0.0,52.55,53.3,0.0,0.0,0.0
2005-10-10,2005-10-27,OPTSTK,RANBAXY,460.0,CA,0.0,0.0,0.0,47.2,44.65,0.0,0.0,0.0
2005-10-10,2005-10-27,OPTSTK,RANBAXY,470.0,CA,0.0,0.0,0.0,42.25,36.65,0.0,0.0,0.0
2005-10-10,2005-10-27,OPTSTK,RANBAXY,480.0,CA,0.0,0.0,0.0,37.7,29.45,0.0,0.0,0.0
2005-10-10,2005-10-27,OPTSTK,RANBAXY,490.0,CA,31.2,31.2,31.2,31.2,31.2,1.0,2.08,400.0
2005-10-10,2005-10-27,OPTSTK,RANBAXY,500.0,CA,34.5,37.0,25.0,26.15,26.15,52.0,109.78,46400.0
2005-10-10,2005-10-27,OPTSTK,RANBAXY,510.0,CA,23.7,27.0,19.75,20.95,20.95,38.0,81.12,19200.0
2005-10-10,2005-10-27,OPTSTK,RANBAXY,520.0,CA,27.0,27.0,16.2,16.85,16.85,134.0,289.54,193600.0
2005-10-10,2005-10-27,OPTSTK,RANBAXY,530.0,CA,21.0,21.0,12.0,14.5,14.5,22.0,48.09,9200.0
2005-10-10,2005-10-27,OPTSTK,RANBAXY,540.0,CA,16.0,17.4,10.0,10.6,10.6,148.0,327.63,110400.0
2005-10-10,2005-10-27,OPTSTK,RANBAXY,560.0,CA,8.65,9.5,6.5,7.2,7.2,42.0,95.42,60000.0
2005-10-10,2005-10-27,OPTSTK,RANBAXY,580.0,CA,8.4,8.5,5.0,6.0,6.0,15.0,35.15,11200.0
2005-10-10,2005-10-27,OPTSTK,RANBAXY,600.0,CA,0.0,0.0,0.0,31.7,0.3,0.0,0.0,0.0
2005-10-10,2005-10-27,OPTSTK,RANBAXY,440.0,PA,0.0,0.0,0.0,2.95,1.05,0.0,0.0,400.0
2005-10-10,2005-10-27,OPTSTK,RANBAXY,450.0,PA,0.0,0.0,0.0,1.95,1.95,0.0,0.0,2000.0
2005-10-10,2005-10-27,OPTSTK,RANBAXY,460.0,PA,0.0,0.0,0.0,3.0,3.3,0.0,0.0,400.0
2005-10-10,2005-10-27,OPTSTK,RANBAXY,470.0,PA,0.0,0.0,0.0,36.25,5.25,0.0,0.0,0.0
2005-10-10,2005-10-27,OPTSTK,RANBAXY,480.0,PA,0.0,0.0,0.0,3.5,8.0,0.0,0.0,5200.0
2005-10-10,2005-10-27,OPTSTK,RANBAXY,490.0,PA,0.0,0.0,0.0,47.25,11.6,0.0,0.0,0.0
2005-10-10,2005-10-27,OPTSTK,RANBAXY,500.0,PA,16.0,23.65,16.0,22.1,22.1,28.0,58.24,30800.0
2005-10-10,2005-10-27,OPTSTK,RANBAXY,510.0,PA,16.5,27.9,16.5,27.9,27.9,3.0,6.38,2000.0
2005-10-10,2005-10-27,OPTSTK,RANBAXY,520.0,PA,35.0,35.0,35.0,35.0,35.0,1.0,2.22,4400.0
2005-10-10,2005-10-27,OPTSTK,RANBAXY,530.0,PA,0.0,0.0,0.0,44.05,35.2,0.0,0.0,0.0
2005-10-10,2005-10-27,OPTSTK,RANBAXY,540.0,PA,0.0,0.0,0.0,70.1,43.05,0.0,0.0,0.0
2005-10-10,2005-10-27,OPTSTK,RANBAXY,560.0,PA,0.0,0.0,0.0,82.45,60.4,0.0,0.0,0.0
2005-10-10,2005-10-27,OPTSTK,RANBAXY,580.0,PA,0.0,0.0,0.0,95.75,79.1,0.0,0.0,0.0
2005-10-10,2005-10-27,OPTSTK,RANBAXY,600.0,PA,0.0,0.0,0.0,87.85,98.55,0.0,0.0,0.0
2005-10-10,2005-11-24,OPTSTK,RANBAXY,440.0,CA,0.0,0.0,0.0,76.75,69.0,0.0,0.0,0.0
2005-10-10,2005-11-24,OPTSTK,RANBAXY,460.0,CA,0.0,0.0,0.0,96.05,53.65,0.0,0.0,0.0
2005-10-10,2005-11-24,OPTSTK,RANBAXY,470.0,CA,0.0,0.0,0.0,48.65,46.7,0.0,0.0,0.0
2005-10-10,2005-11-24,OPTSTK,RANBAXY,480.0,CA,0.0,0.0,0.0,86.45,40.35,0.0,0.0,0.0
2005-10-10,2005-11-24,OPTSTK,RANBAXY,490.0,CA,0.0,0.0,0.0,37.45,34.55,0.0,0.0,0.0
2005-10-10,2005-11-24,OPTSTK,RANBAXY,500.0,CA,0.0,0.0,0.0,74.8,29.35,0.0,0.0,0.0
2005-10-10,2005-11-24,OPTSTK,RANBAXY,510.0,CA,0.0,0.0,0.0,28.15,24.75,0.0,0.0,0.0
2005-10-10,2005-11-24,OPTSTK,RANBAXY,520.0,CA,0.0,0.0,0.0,64.3,20.65,0.0,0.0,0.0
2005-10-10,2005-11-24,OPTSTK,RANBAXY,530.0,CA,0.0,0.0,0.0,20.7,17.1,0.0,0.0,0.0
2005-10-10,2005-11-24,OPTSTK,RANBAXY,540.0,CA,0.0,0.0,0.0,55.0,14.05,0.0,0.0,0.0
2005-10-10,2005-11-24,OPTSTK,RANBAXY,560.0,CA,0.0,0.0,0.0,46.8,9.3,0.0,0.0,0.0
2005-10-10,2005-11-24,OPTSTK,RANBAXY,580.0,CA,0.0,0.0,0.0,39.6,5.95,0.0,0.0,0.0
2005-10-10,2005-11-24,OPTSTK,RANBAXY,600.0,CA,0.0,0.0,0.0,33.35,3.7,0.0,0.0,0.0
2005-10-10,2005-11-24,OPTSTK,RANBAXY,440.0,PA,0.0,0.0,0.0,6.65,5.55,0.0,0.0,0.0
2005-10-10,2005-11-24,OPTSTK,RANBAXY,460.0,PA,0.0,0.0,0.0,20.65,10.05,0.0,0.0,0.0
2005-10-10,2005-11-24,OPTSTK,RANBAXY,470.0,PA,0.0,0.0,0.0,18.7,13.05,0.0,0.0,0.0
2005-10-10,2005-11-24,OPTSTK,RANBAXY,480.0,PA,0.0,0.0,0.0,28.4,16.6,0.0,0.0,0.0
2005-10-10,2005-11-24,OPTSTK,RANBAXY,490.0,PA,0.0,0.0,0.0,27.25,20.75,0.0,0.0,0.0
2005-10-10,2005-11-24,OPTSTK,RANBAXY,500.0,PA,0.0,0.0,0.0,36.45,25.45,0.0,0.0,0.0
2005-10-10,2005-11-24,OPTSTK,RANBAXY,510.0,PA,0.0,0.0,0.0,37.75,30.75,0.0,0.0,0.0
2005-10-10,2005-11-24,OPTSTK,RANBAXY,520.0,PA,0.0,0.0,0.0,45.7,36.6,0.0,0.0,0.0
2005-10-10,2005-11-24,OPTSTK,RANBAXY,530.0,PA,0.0,0.0,0.0,50.15,43.0,0.0,0.0,0.0
2005-10-10,2005-11-24,OPTSTK,RANBAXY,540.0,PA,0.0,0.0,0.0,56.1,49.85,0.0,0.0,0.0
2005-10-10,2005-11-24,OPTSTK,RANBAXY,560.0,PA,0.0,0.0,0.0,67.55,64.95,0.0,0.0,0.0
2005-10-10,2005-11-24,OPTSTK,RANBAXY,580.0,PA,0.0,0.0,0.0,80.05,81.45,0.0,0.0,0.0
2005-10-10,2005-11-24,OPTSTK,RANBAXY,600.0,PA,0.0,0.0,0.0,93.5,99.05,0.0,0.0,0.0
2005-10-10,2005-12-29,OPTSTK,RANBAXY,440.0,CA,0.0,0.0,0.0,76.8,76.8,0.0,0.0,0.0
2005-10-10,2005-12-29,OPTSTK,RANBAXY,460.0,CA,0.0,0.0,0.0,57.1,62.75,0.0,0.0,0.0
2005-10-10,2005-12-29,OPTSTK,RANBAXY,470.0,CA,0.0,0.0,0.0,54.4,56.4,0.0,0.0,0.0
2005-10-10,2005-12-29,OPTSTK,RANBAXY,480.0,CA,0.0,0.0,0.0,48.7,50.45,0.0,0.0,0.0
2005-10-10,2005-12-29,OPTSTK,RANBAXY,490.0,CA,0.0,0.0,0.0,43.4,44.9,0.0,0.0,0.0
2005-10-10,2005-12-29,OPTSTK,RANBAXY,500.0,CA,0.0,0.0,0.0,38.55,39.85,0.0,0.0,0.0
2005-10-10,2005-12-29,OPTSTK,RANBAXY,510.0,CA,0.0,0.0,0.0,34.05,35.2,0.0,0.0,0.0
2005-10-10,2005-12-29,OPTSTK,RANBAXY,520.0,CA,0.0,0.0,0.0,30.0,30.95,0.0,0.0,0.0
2005-10-10,2005-12-29,OPTSTK,RANBAXY,530.0,CA,0.0,0.0,0.0,26.35,27.1,0.0,0.0,0.0
2005-10-10,2005-12-29,OPTSTK,RANBAXY,540.0,CA,0.0,0.0,0.0,23.1,23.65,0.0,0.0,0.0
2005-10-10,2005-12-29,OPTSTK,RANBAXY,560.0,CA,0.0,0.0,0.0,17.25,17.8,0.0,0.0,0.0
2005-10-10,2005-12-29,OPTSTK,RANBAXY,580.0,CA,0.0,0.0,0.0,14.85,13.25,0.0,0.0,0.0
2005-10-10,2005-12-29,OPTSTK,RANBAXY,440.0,PA,0.0,0.0,0.0,10.1,10.85,0.0,0.0,0.0
2005-10-10,2005-12-29,OPTSTK,RANBAXY,460.0,PA,0.0,0.0,0.0,18.6,16.55,0.0,0.0,0.0
2005-10-10,2005-12-29,OPTSTK,RANBAXY,470.0,PA,0.0,0.0,0.0,22.35,20.05,0.0,0.0,0.0
2005-10-10,2005-12-29,OPTSTK,RANBAXY,480.0,PA,0.0,0.0,0.0,26.45,23.95,0.0,0.0,0.0
2005-10-10,2005-12-29,OPTSTK,RANBAXY,490.0,PA,0.0,0.0,0.0,31.0,28.3,0.0,0.0,0.0
2005-10-10,2005-12-29,OPTSTK,RANBAXY,500.0,PA,0.0,0.0,0.0,36.0,33.1,0.0,0.0,0.0
2005-10-10,2005-12-29,OPTSTK,RANBAXY,510.0,PA,0.0,0.0,0.0,41.4,38.3,0.0,0.0,0.0
2005-10-10,2005-12-29,OPTSTK,RANBAXY,520.0,PA,0.0,0.0,0.0,47.2,43.95,0.0,0.0,0.0
2005-10-10,2005-12-29,OPTSTK,RANBAXY,530.0,PA,0.0,0.0,0.0,53.4,49.95,0.0,0.0,0.0
2005-10-10,2005-12-29,OPTSTK,RANBAXY,540.0,PA,0.0,0.0,0.0,55.0,56.4,0.0,0.0,0.0
2005-10-10,2005-12-29,OPTSTK,RANBAXY,560.0,PA,0.0,0.0,0.0,68.85,70.3,0.0,0.0,0.0
2005-10-10,2005-12-29,OPTSTK,RANBAXY,580.0,PA,0.0,0.0,0.0,74.25,85.45,0.0,0.0,0.0
2005-10-10,2005-10-27,OPTSTK,REL,480.0,CA,0.0,0.0,0.0,70.85,75.7,0.0,0.0,0.0
2005-10-10,2005-10-27,OPTSTK,REL,500.0,CA,0.0,0.0,0.0,81.45,57.15,0.0,0.0,0.0
2005-10-10,2005-10-27,OPTSTK,REL,520.0,CA,0.0,0.0,0.0,78.55,40.4,0.0,0.0,0.0
2005-10-10,2005-10-27,OPTSTK,REL,540.0,CA,0.0,0.0,0.0,50.0,26.4,0.0,0.0,2200.0
2005-10-10,2005-10-27,OPTSTK,REL,560.0,CA,18.5,19.15,15.1,16.05,16.05,39.0,123.83,37400.0
2005-10-10,2005-10-27,OPTSTK,REL,580.0,CA,9.0,9.5,7.8,8.8,8.8,17.0,55.04,54450.0
2005-10-10,2005-10-27,OPTSTK,REL,600.0,CA,4.05,5.8,4.05,4.9,4.9,7.0,23.29,71500.0
2005-10-10,2005-10-27,OPTSTK,REL,620.0,CA,0.0,0.0,0.0,3.1,1.95,0.0,0.0,26400.0
2005-10-10,2005-10-27,OPTSTK,REL,640.0,CA,0.0,0.0,0.0,6.7,0.8,0.0,0.0,1650.0
2005-10-10,2005-10-27,OPTSTK,REL,660.0,CA,0.0,0.0,0.0,30.65,0.3,0.0,0.0,0.0
2005-10-10,2005-10-27,OPTSTK,REL,680.0,CA,0.0,0.0,0.0,35.7,0.1,0.0,0.0,0.0
2005-10-10,2005-10-27,OPTSTK,REL,700.0,CA,0.0,0.0,0.0,29.4,0.05,0.0,0.0,0.0
2005-10-10,2005-10-27,OPTSTK,REL,480.0,PA,0.0,0.0,0.0,5.55,0.65,0.0,0.0,0.0
2005-10-10,2005-10-27,OPTSTK,REL,500.0,PA,0.0,0.0,0.0,4.0,2.0,0.0,0.0,550.0
2005-10-10,2005-10-27,OPTSTK,REL,520.0,PA,0.0,0.0,0.0,8.8,5.2,0.0,0.0,0.0
2005-10-10,2005-10-27,OPTSTK,REL,540.0,PA,10.9,10.9,10.9,10.9,10.9,1.0,3.02,11000.0
2005-10-10,2005-10-27,OPTSTK,REL,560.0,PA,16.1,16.1,15.5,15.5,15.5,3.0,9.5,12650.0
2005-10-10,2005-10-27,OPTSTK,REL,580.0,PA,0.0,0.0,0.0,25.0,33.25,0.0,0.0,12100.0
2005-10-10,2005-10-27,OPTSTK,REL,600.0,PA,0.0,0.0,0.0,39.45,48.9,0.0,0.0,0.0
2005-10-10,2005-10-27,OPTSTK,REL,620.0,PA,0.0,0.0,0.0,49.65,66.5,0.0,0.0,0.0
2005-10-10,2005-10-27,OPTSTK,REL,640.0,PA,0.0,0.0,0.0,61.15,85.3,0.0,0.0,0.0
2005-10-10,2005-10-27,OPTSTK,REL,660.0,PA,0.0,0.0,0.0,73.85,104.75,0.0,0.0,0.0
2005-10-10,2005-10-27,OPTSTK,REL,680.0,PA,0.0,0.0,0.0,75.9,124.5,0.0,0.0,0.0
2005-10-10,2005-10-27,OPTSTK,REL,700.0,PA,0.0,0.0,0.0,89.35,144.4,0.0,0.0,0.0
2005-10-10,2005-11-24,OPTSTK,REL,480.0,CA,0.0,0.0,0.0,78.65,81.75,0.0,0.0,0.0
2005-10-10,2005-11-24,OPTSTK,REL,500.0,CA,0.0,0.0,0.0,86.35,65.5,0.0,0.0,0.0
2005-10-10,2005-11-24,OPTSTK,REL,520.0,CA,0.0,0.0,0.0,71.85,51.0,0.0,0.0,0.0
2005-10-10,2005-11-24,OPTSTK,REL,540.0,CA,0.0,0.0,0.0,58.8,38.55,0.0,0.0,0.0
2005-10-10,2005-11-24,OPTSTK,REL,560.0,CA,0.0,0.0,0.0,47.45,28.3,0.0,0.0,0.0
2005-10-10,2005-11-24,OPTSTK,REL,580.0,CA,0.0,0.0,0.0,37.65,20.15,0.0,0.0,0.0
2005-10-10,2005-11-24,OPTSTK,REL,600.0,CA,0.0,0.0,0.0,29.45,13.9,0.0,0.0,0.0
2005-10-10,2005-11-24,OPTSTK,REL,620.0,CA,0.0,0.0,0.0,22.75,9.35,0.0,0.0,0.0
2005-10-10,2005-11-24,OPTSTK,REL,640.0,CA,0.0,0.0,0.0,20.55,6.1,0.0,0.0,0.0
2005-10-10,2005-11-24,OPTSTK,REL,660.0,CA,0.0,0.0,0.0,16.95,3.9,0.0,0.0,0.0
2005-10-10,2005-11-24,OPTSTK,REL,480.0,PA,0.0,0.0,0.0,11.15,4.35,0.0,0.0,0.0
2005-10-10,2005-11-24,OPTSTK,REL,500.0,PA,0.0,0.0,0.0,10.25,7.95,0.0,0.0,0.0
2005-10-10,2005-11-24,OPTSTK,REL,520.0,PA,0.0,0.0,0.0,15.4,13.3,0.0,0.0,0.0
2005-10-10,2005-11-24,OPTSTK,REL,540.0,PA,0.0,0.0,0.0,22.1,20.7,0.0,0.0,0.0
2005-10-10,2005-11-24,OPTSTK,REL,560.0,PA,0.0,0.0,0.0,30.4,30.3,0.0,0.0,0.0
2005-10-10,2005-11-24,OPTSTK,REL,580.0,PA,0.0,0.0,0.0,40.35,42.0,0.0,0.0,0.0
2005-10-10,2005-11-24,OPTSTK,REL,600.0,PA,0.0,0.0,0.0,51.85,55.65,0.0,0.0,0.0
2005-10-10,2005-11-24,OPTSTK,REL,620.0,PA,0.0,0.0,0.0,64.8,70.9,0.0,0.0,0.0
2005-10-10,2005-11-24,OPTSTK,REL,640.0,PA,0.0,0.0,0.0,71.85,87.55,0.0,0.0,0.0
2005-10-10,2005-11-24,OPTSTK,REL,660.0,PA,0.0,0.0,0.0,63.05,105.15,0.0,0.0,0.0
2005-10-10,2005-12-29,OPTSTK,REL,500.0,CA,0.0,0.0,0.0,80.95,74.65,0.0,0.0,0.0
2005-10-10,2005-12-29,OPTSTK,REL,520.0,CA,0.0,0.0,0.0,67.6,61.3,0.0,0.0,0.0
2005-10-10,2005-12-29,OPTSTK,REL,540.0,CA,0.0,0.0,0.0,55.75,49.55,0.0,0.0,0.0
2005-10-10,2005-12-29,OPTSTK,REL,560.0,CA,0.0,0.0,0.0,45.35,39.5,0.0,0.0,0.0
2005-10-10,2005-12-29,OPTSTK,REL,580.0,CA,0.0,0.0,0.0,36.5,31.0,0.0,0.0,0.0
2005-10-10,2005-12-29,OPTSTK,REL,600.0,CA,0.0,0.0,0.0,29.0,24.0,0.0,0.0,0.0
2005-10-10,2005-12-29,OPTSTK,REL,620.0,CA,0.0,0.0,0.0,22.8,18.3,0.0,0.0,0.0
2005-10-10,2005-12-29,OPTSTK,REL,640.0,CA,0.0,0.0,0.0,28.3,13.85,0.0,0.0,0.0
2005-10-10,2005-12-29,OPTSTK,REL,500.0,PA,0.0,0.0,0.0,15.2,14.25,0.0,0.0,0.0
2005-10-10,2005-12-29,OPTSTK,REL,520.0,PA,0.0,0.0,0.0,21.5,20.6,0.0,0.0,0.0
2005-10-10,2005-12-29,OPTSTK,REL,540.0,PA,0.0,0.0,0.0,29.35,28.65,0.0,0.0,0.0
2005-10-10,2005-12-29,OPTSTK,REL,560.0,PA,0.0,0.0,0.0,38.7,38.3,0.0,0.0,0.0
2005-10-10,2005-12-29,OPTSTK,REL,580.0,PA,0.0,0.0,0.0,49.55,49.55,0.0,0.0,0.0
2005-10-10,2005-12-29,OPTSTK,REL,600.0,PA,0.0,0.0,0.0,61.75,62.25,0.0,0.0,0.0
2005-10-10,2005-12-29,OPTSTK,REL,620.0,PA,0.0,0.0,0.0,75.25,76.35,0.0,0.0,0.0
2005-10-10,2005-12-29,OPTSTK,REL,640.0,PA,0.0,0.0,0.0,78.15,91.6,0.0,0.0,0.0
2005-10-10,2005-10-27,OPTSTK,RELCAPITAL,340.0,CA,0.0,0.0,0.0,57.8,40.65,0.0,0.0,0.0
2005-10-10,2005-10-27,OPTSTK,RELCAPITAL,350.0,CA,0.0,0.0,0.0,52.2,34.3,0.0,0.0,0.0
2005-10-10,2005-10-27,OPTSTK,RELCAPITAL,360.0,CA,22.25,22.25,22.25,22.25,22.25,1.0,4.2,1100.0
2005-10-10,2005-10-27,OPTSTK,RELCAPITAL,370.0,CA,18.0,20.5,17.0,17.05,17.05,14.0,59.8,20900.0
2005-10-10,2005-10-27,OPTSTK,RELCAPITAL,380.0,CA,15.55,15.75,10.55,13.25,13.25,47.0,203.83,88000.0
2005-10-10,2005-10-27,OPTSTK,RELCAPITAL,390.0,CA,12.5,12.75,7.05,8.25,8.25,21.0,92.46,92400.0
2005-10-10,2005-10-27,OPTSTK,RELCAPITAL,400.0,CA,9.4,9.9,6.3,7.15,7.15,70.0,314.29,273900.0
2005-10-10,2005-10-27,OPTSTK,RELCAPITAL,410.0,CA,6.0,6.05,5.0,5.25,5.25,15.0,68.54,96800.0
2005-10-10,2005-10-27,OPTSTK,RELCAPITAL,420.0,CA,5.6,5.6,3.5,4.55,4.55,30.0,140.09,172700.0
2005-10-10,2005-10-27,OPTSTK,RELCAPITAL,430.0,CA,5.4,5.4,2.75,3.5,3.5,30.0,143.17,61600.0
2005-10-10,2005-10-27,OPTSTK,RELCAPITAL,440.0,CA,3.0,3.0,2.25,2.3,2.3,4.0,19.46,126500.0
2005-10-10,2005-10-27,OPTSTK,RELCAPITAL,450.0,CA,2.0,3.15,2.0,2.35,2.35,48.0,239.14,118800.0
2005-10-10,2005-10-27,OPTSTK,RELCAPITAL,460.0,CA,0.0,0.0,0.0,6.0,2.75,0.0,0.0,15400.0
2005-10-10,2005-10-27,OPTSTK,RELCAPITAL,470.0,CA,0.0,0.0,0.0,3.5,2.05,0.0,0.0,2200.0
2005-10-10,2005-10-27,OPTSTK,RELCAPITAL,480.0,CA,0.0,0.0,0.0,59.75,1.55,0.0,0.0,0.0
2005-10-10,2005-10-27,OPTSTK,RELCAPITAL,490.0,CA,0.0,0.0,0.0,3.0,1.15,0.0,0.0,1100.0
2005-10-10,2005-10-27,OPTSTK,RELCAPITAL,500.0,CA,0.0,0.0,0.0,0.9,0.85,0.0,0.0,4400.0
2005-10-10,2005-10-27,OPTSTK,RELCAPITAL,510.0,CA,0.0,0.0,0.0,58.55,0.65,0.0,0.0,0.0
2005-10-10,2005-10-27,OPTSTK,RELCAPITAL,340.0,PA,20.0,20.0,20.0,20.0,20.0,1.0,3.96,1100.0
2005-10-10,2005-10-27,OPTSTK,RELCAPITAL,350.0,PA,0.0,0.0,0.0,28.25,14.55,0.0,0.0,0.0
2005-10-10,2005-10-27,OPTSTK,RELCAPITAL,360.0,PA,11.05,13.5,11.05,13.5,13.5,4.0,16.38,15400.0
2005-10-10,2005-10-27,OPTSTK,RELCAPITAL,370.0,PA,17.0,19.75,15.1,18.65,18.65,14.0,59.65,31900.0
2005-10-10,2005-10-27,OPTSTK,RELCAPITAL,380.0,PA,20.0,24.75,20.0,21.0,21.0,7.0,31.02,48400.0
2005-10-10,2005-10-27,OPTSTK,RELCAPITAL,390.0,PA,25.55,31.0,25.55,30.45,30.45,4.0,18.43,48400.0
2005-10-10,2005-10-27,OPTSTK,RELCAPITAL,400.0,PA,35.0,39.9,32.4,38.0,38.0,12.0,57.6,118800.0
2005-10-10,2005-10-27,OPTSTK,RELCAPITAL,410.0,PA,0.0,0.0,0.0,31.0,50.05,0.0,0.0,6600.0
2005-10-10,2005-10-27,OPTSTK,RELCAPITAL,420.0,PA,0.0,0.0,0.0,56.65,57.85,0.0,0.0,0.0
2005-10-10,2005-10-27,OPTSTK,RELCAPITAL,430.0,PA,0.0,0.0,0.0,62.3,66.1,0.0,0.0,0.0
2005-10-10,2005-10-27,OPTSTK,RELCAPITAL,440.0,PA,0.0,0.0,0.0,68.2,74.7,0.0,0.0,0.0
2005-10-10,2005-10-27,OPTSTK,RELCAPITAL,450.0,PA,0.0,0.0,0.0,74.3,83.6,0.0,0.0,0.0
2005-10-10,2005-10-27,OPTSTK,RELCAPITAL,460.0,PA,0.0,0.0,0.0,69.6,92.7,0.0,0.0,0.0
2005-10-10,2005-10-27,OPTSTK,RELCAPITAL,470.0,PA,0.0,0.0,0.0,75.4,102.0,0.0,0.0,0.0
2005-10-10,2005-10-27,OPTSTK,RELCAPITAL,480.0,PA,0.0,0.0,0.0,81.45,111.45,0.0,0.0,0.0
2005-10-10,2005-10-27,OPTSTK,RELCAPITAL,490.0,PA,0.0,0.0,0.0,81.95,121.05,0.0,0.0,0.0
2005-10-10,2005-10-27,OPTSTK,RELCAPITAL,500.0,PA,0.0,0.0,0.0,2.0,130.7,0.0,0.0,0.0
2005-10-10,2005-10-27,OPTSTK,RELCAPITAL,510.0,PA,0.0,0.0,0.0,86.4,140.45,0.0,0.0,0.0
2005-10-10,2005-11-24,OPTSTK,RELCAPITAL,340.0,CA,0.0,0.0,0.0,71.05,54.7,0.0,0.0,0.0
2005-10-10,2005-11-24,OPTSTK,RELCAPITAL,350.0,CA,0.0,0.0,0.0,65.9,49.15,0.0,0.0,0.0
2005-10-10,2005-11-24,OPTSTK,RELCAPITAL,360.0,CA,0.0,0.0,0.0,61.1,44.0,0.0,0.0,0.0
2005-10-10,2005-11-24,OPTSTK,RELCAPITAL,370.0,CA,0.0,0.0,0.0,56.55,39.3,0.0,0.0,0.0
2005-10-10,2005-11-24,OPTSTK,RELCAPITAL,380.0,CA,0.0,0.0,0.0,52.3,34.95,0.0,0.0,0.0
2005-10-10,2005-11-24,OPTSTK,RELCAPITAL,390.0,CA,20.0,20.0,20.0,20.0,20.0,1.0,4.51,1100.0
2005-10-10,2005-11-24,OPTSTK,RELCAPITAL,400.0,CA,8.25,8.25,8.25,8.25,8.25,2.0,8.98,2200.0
2005-10-10,2005-11-24,OPTSTK,RELCAPITAL,410.0,CA,0.0,0.0,0.0,51.0,24.3,0.0,0.0,0.0
2005-10-10,2005-11-24,OPTSTK,RELCAPITAL,420.0,CA,0.0,0.0,0.0,73.3,21.4,0.0,0.0,0.0
2005-10-10,2005-11-24,OPTSTK,RELCAPITAL,430.0,CA,0.0,0.0,0.0,67.9,18.85,0.0,0.0,0.0
2005-10-10,2005-11-24,OPTSTK,RELCAPITAL,440.0,CA,0.0,0.0,0.0,62.85,16.55,0.0,0.0,0.0
2005-10-10,2005-11-24,OPTSTK,RELCAPITAL,450.0,CA,0.0,0.0,0.0,58.05,14.5,0.0,0.0,0.0
2005-10-10,2005-11-24,OPTSTK,RELCAPITAL,460.0,CA,0.0,0.0,0.0,53.6,12.65,0.0,0.0,0.0
2005-10-10,2005-11-24,OPTSTK,RELCAPITAL,470.0,CA,0.0,0.0,0.0,49.4,11.05,0.0,0.0,0.0
2005-10-10,2005-11-24,OPTSTK,RELCAPITAL,480.0,CA,0.0,0.0,0.0,45.45,9.6,0.0,0.0,0.0
2005-10-10,2005-11-24,OPTSTK,RELCAPITAL,490.0,CA,0.0,0.0,0.0,41.55,8.35,0.0,0.0,0.0
2005-10-10,2005-11-24,OPTSTK,RELCAPITAL,500.0,CA,0.0,0.0,0.0,44.3,7.25,0.0,0.0,0.0
2005-10-10,2005-11-24,OPTSTK,RELCAPITAL,510.0,CA,0.0,0.0,0.0,42.55,6.3,0.0,0.0,0.0
2005-10-10,2005-11-24,OPTSTK,RELCAPITAL,340.0,PA,0.0,0.0,0.0,35.6,23.35,0.0,0.0,0.0
2005-10-10,2005-11-24,OPTSTK,RELCAPITAL,350.0,PA,0.0,0.0,0.0,40.35,27.7,0.0,0.0,0.0
2005-10-10,2005-11-24,OPTSTK,RELCAPITAL,360.0,PA,0.0,0.0,0.0,45.4,32.5,0.0,0.0,0.0
2005-10-10,2005-11-24,OPTSTK,RELCAPITAL,370.0,PA,0.0,0.0,0.0,50.75,37.7,0.0,0.0,0.0
2005-10-10,2005-11-24,OPTSTK,RELCAPITAL,380.0,PA,0.0,0.0,0.0,56.4,43.3,0.0,0.0,0.0
2005-10-10,2005-11-24,OPTSTK,RELCAPITAL,390.0,PA,0.0,0.0,0.0,62.3,49.3,0.0,0.0,0.0
2005-10-10,2005-11-24,OPTSTK,RELCAPITAL,400.0,PA,0.0,0.0,0.0,68.5,55.7,0.0,0.0,0.0
2005-10-10,2005-11-24,OPTSTK,RELCAPITAL,410.0,PA,0.0,0.0,0.0,19.75,62.4,0.0,0.0,0.0
2005-10-10,2005-11-24,OPTSTK,RELCAPITAL,420.0,PA,0.0,0.0,0.0,33.95,69.45,0.0,0.0,0.0
2005-10-10,2005-11-24,OPTSTK,RELCAPITAL,430.0,PA,0.0,0.0,0.0,38.45,76.8,0.0,0.0,0.0
2005-10-10,2005-11-24,OPTSTK,RELCAPITAL,440.0,PA,0.0,0.0,0.0,43.2,84.45,0.0,0.0,0.0
2005-10-10,2005-11-24,OPTSTK,RELCAPITAL,450.0,PA,0.0,0.0,0.0,48.3,92.3,0.0,0.0,0.0
2005-10-10,2005-11-24,OPTSTK,RELCAPITAL,460.0,PA,0.0,0.0,0.0,53.65,100.4,0.0,0.0,0.0
2005-10-10,2005-11-24,OPTSTK,RELCAPITAL,470.0,PA,0.0,0.0,0.0,59.3,108.7,0.0,0.0,0.0
2005-10-10,2005-11-24,OPTSTK,RELCAPITAL,480.0,PA,0.0,0.0,0.0,65.25,117.2,0.0,0.0,0.0
2005-10-10,2005-11-24,OPTSTK,RELCAPITAL,490.0,PA,0.0,0.0,0.0,67.9,125.9,0.0,0.0,0.0
2005-10-10,2005-11-24,OPTSTK,RELCAPITAL,500.0,PA,0.0,0.0,0.0,69.1,134.7,0.0,0.0,0.0
2005-10-10,2005-11-24,OPTSTK,RELCAPITAL,510.0,PA,0.0,0.0,0.0,70.0,143.7,0.0,0.0,0.0
2005-10-10,2005-12-29,OPTSTK,RELCAPITAL,340.0,CA,0.0,0.0,0.0,0.0,0.0,0.0,0.0,0.0
2005-10-10,2005-12-29,OPTSTK,RELCAPITAL,350.0,CA,0.0,0.0,0.0,68.7,62.25,0.0,0.0,0.0
2005-10-10,2005-12-29,OPTSTK,RELCAPITAL,360.0,CA,0.0,0.0,0.0,78.95,57.45,0.0,0.0,0.0
2005-10-10,2005-12-29,OPTSTK,RELCAPITAL,370.0,CA,0.0,0.0,0.0,74.15,52.9,0.0,0.0,0.0
2005-10-10,2005-12-29,OPTSTK,RELCAPITAL,380.0,CA,0.0,0.0,0.0,82.25,48.7,0.0,0.0,0.0
2005-10-10,2005-12-29,OPTSTK,RELCAPITAL,390.0,CA,0.0,0.0,0.0,77.45,44.8,0.0,0.0,0.0
2005-10-10,2005-12-29,OPTSTK,RELCAPITAL,400.0,CA,0.0,0.0,0.0,72.9,41.15,0.0,0.0,0.0
2005-10-10,2005-12-29,OPTSTK,RELCAPITAL,410.0,CA,0.0,0.0,0.0,68.6,37.75,0.0,0.0,0.0
2005-10-10,2005-12-29,OPTSTK,RELCAPITAL,420.0,CA,0.0,0.0,0.0,64.5,34.6,0.0,0.0,0.0
2005-10-10,2005-12-29,OPTSTK,RELCAPITAL,430.0,CA,0.0,0.0,0.0,60.6,31.7,0.0,0.0,0.0
2005-10-10,2005-12-29,OPTSTK,RELCAPITAL,440.0,CA,0.0,0.0,0.0,56.95,29.05,0.0,0.0,0.0
2005-10-10,2005-12-29,OPTSTK,RELCAPITAL,340.0,PA,0.0,0.0,0.0,0.0,0.0,0.0,0.0,0.0
2005-10-10,2005-12-29,OPTSTK,RELCAPITAL,350.0,PA,0.0,0.0,0.0,38.6,38.8,0.0,0.0,0.0
2005-10-10,2005-12-29,OPTSTK,RELCAPITAL,360.0,PA,0.0,0.0,0.0,46.45,43.85,0.0,0.0,0.0
2005-10-10,2005-12-29,OPTSTK,RELCAPITAL,370.0,PA,0.0,0.0,0.0,51.5,49.2,0.0,0.0,0.0
2005-10-10,2005-12-29,OPTSTK,RELCAPITAL,380.0,PA,0.0,0.0,0.0,48.95,54.85,0.0,0.0,0.0
2005-10-10,2005-12-29,OPTSTK,RELCAPITAL,390.0,PA,0.0,0.0,0.0,54.0,60.8,0.0,0.0,0.0
2005-10-10,2005-12-29,OPTSTK,RELCAPITAL,400.0,PA,0.0,0.0,0.0,59.3,67.05,0.0,0.0,0.0
2005-10-10,2005-12-29,OPTSTK,RELCAPITAL,410.0,PA,0.0,0.0,0.0,64.85,73.5,0.0,0.0,0.0
2005-10-10,2005-12-29,OPTSTK,RELCAPITAL,420.0,PA,0.0,0.0,0.0,70.6,80.25,0.0,0.0,0.0
2005-10-10,2005-12-29,OPTSTK,RELCAPITAL,430.0,PA,0.0,0.0,0.0,76.6,87.2,0.0,0.0,0.0
2005-10-10,2005-12-29,OPTSTK,RELCAPITAL,440.0,PA,0.0,0.0,0.0,82.75,94.4,0.0,0.0,0.0
2005-10-10,2005-10-27,OPTSTK,RELIANCE,620.0,CA,0.0,0.0,0.0,83.15,164.55,0.0,0.0,0.0
2005-10-10,2005-10-27,OPTSTK,RELIANCE,640.0,CA,0.0,0.0,0.0,88.55,144.65,0.0,0.0,0.0
2005-10-10,2005-10-27,OPTSTK,RELIANCE,660.0,CA,0.0,0.0,0.0,74.85,124.7,0.0,0.0,0.0
2005-10-10,2005-10-27,OPTSTK,RELIANCE,680.0,CA,0.0,0.0,0.0,62.6,104.9,0.0,0.0,0.0
2005-10-10,2005-10-27,OPTSTK,RELIANCE,700.0,CA,0.0,0.0,0.0,68.0,85.45,0.0,0.0,600.0
2005-10-10,2005-10-27,OPTSTK,RELIANCE,720.0,CA,52.05,80.0,52.05,80.0,80.0,2.0,9.43,13200.0
2005-10-10,2005-10-27,OPTSTK,RELIANCE,740.0,CA,54.0,54.4,50.0,50.45,50.45,4.0,19.01,44400.0
2005-10-10,2005-10-27,OPTSTK,RELIANCE,760.0,CA,34.6,39.7,34.6,36.65,36.65,27.0,129.3,98400.0
2005-10-10,2005-10-27,OPTSTK,RELIANCE,780.0,CA,27.25,29.0,20.0,21.85,21.85,298.0,1439.18,610800.0
2005-10-10,2005-10-27,OPTSTK,RELIANCE,800.0,CA,19.0,20.4,12.5,13.45,13.45,1138.0,5564.5,1234800.0
2005-10-10,2005-10-27,OPTSTK,RELIANCE,820.0,CA,11.55,11.55,7.35,8.05,8.05,210.0,1044.3,678600.0
2005-10-10,2005-10-27,OPTSTK,RELIANCE,840.0,CA,6.0,6.0,4.55,4.95,4.95,207.0,1049.63,293400.0
2005-10-10,2005-10-27,OPTSTK,RELIANCE,860.0,CA,3.25,3.65,2.65,2.9,2.9,37.0,191.6,163800.0
2005-10-10,2005-10-27,OPTSTK,RELIANCE,620.0,PA,0.0,0.0,0.0,11.4,0.0,0.0,0.0,0.0
2005-10-10,2005-10-27,OPTSTK,RELIANCE,640.0,PA,0.0,0.0,0.0,15.75,0.05,0.0,0.0,0.0
2005-10-10,2005-10-27,OPTSTK,RELIANCE,660.0,PA,0.0,0.0,0.0,4.0,0.05,0.0,0.0,600.0
2005-10-10,2005-10-27,OPTSTK,RELIANCE,680.0,PA,0.0,0.0,0.0,29.2,0.2,0.0,0.0,0.0
2005-10-10,2005-10-27,OPTSTK,RELIANCE,700.0,PA,0.0,0.0,0.0,2.1,0.7,0.0,0.0,1800.0
2005-10-10,2005-10-27,OPTSTK,RELIANCE,720.0,PA,0.0,0.0,0.0,2.95,1.95,0.0,0.0,12600.0
2005-10-10,2005-10-27,OPTSTK,RELIANCE,740.0,PA,5.0,5.0,3.0,3.55,3.55,11.0,49.1,57000.0
2005-10-10,2005-10-27,OPTSTK,RELIANCE,760.0,PA,8.1,8.45,5.4,7.1,7.1,167.0,769.19,231000.0
2005-10-10,2005-10-27,OPTSTK,RELIANCE,780.0,PA,15.75,17.0,11.0,15.35,15.35,162.0,771.91,349200.0
2005-10-10,2005-10-27,OPTSTK,RELIANCE,800.0,PA,21.5,28.0,19.95,25.2,25.2,110.0,543.29,280200.0
2005-10-10,2005-10-27,OPTSTK,RELIANCE,820.0,PA,30.0,30.0,30.0,30.0,30.0,1.0,5.1,19800.0
2005-10-10,2005-10-27,OPTSTK,RELIANCE,840.0,PA,0.0,0.0,0.0,64.75,58.7,0.0,0.0,0.0
2005-10-10,2005-10-27,OPTSTK,RELIANCE,860.0,PA,0.0,0.0,0.0,67.1,76.6,0.0,0.0,0.0
2005-10-10,2005-11-24,OPTSTK,RELIANCE,640.0,CA,0.0,0.0,0.0,83.3,148.3,0.0,0.0,0.0
2005-10-10,2005-11-24,OPTSTK,RELIANCE,660.0,CA,0.0,0.0,0.0,70.05,129.15,0.0,0.0,0.0
2005-10-10,2005-11-24,OPTSTK,RELIANCE,680.0,CA,0.0,0.0,0.0,58.25,110.55,0.0,0.0,0.0
2005-10-10,2005-11-24,OPTSTK,RELIANCE,700.0,CA,0.0,0.0,0.0,47.85,92.85,0.0,0.0,0.0
2005-10-10,2005-11-24,OPTSTK,RELIANCE,720.0,CA,0.0,0.0,0.0,38.8,76.35,0.0,0.0,0.0
2005-10-10,2005-11-24,OPTSTK,RELIANCE,740.0,CA,0.0,0.0,0.0,31.15,61.35,0.0,0.0,0.0
2005-10-10,2005-11-24,OPTSTK,RELIANCE,760.0,CA,0.0,0.0,0.0,24.7,48.05,0.0,0.0,0.0
2005-10-10,2005-11-24,OPTSTK,RELIANCE,780.0,CA,0.0,0.0,0.0,22.4,36.7,0.0,0.0,0.0
2005-10-10,2005-11-24,OPTSTK,RELIANCE,800.0,CA,0.0,0.0,0.0,18.35,27.3,0.0,0.0,0.0
2005-10-10,2005-11-24,OPTSTK,RELIANCE,820.0,CA,0.0,0.0,0.0,14.65,19.75,0.0,0.0,0.0
2005-10-10,2005-11-24,OPTSTK,RELIANCE,840.0,CA,0.0,0.0,0.0,12.0,13.95,0.0,0.0,1200.0
2005-10-10,2005-11-24,OPTSTK,RELIANCE,860.0,CA,0.0,0.0,0.0,23.2,9.6,0.0,0.0,0.0
2005-10-10,2005-11-24,OPTSTK,RELIANCE,640.0,PA,0.0,0.0,0.0,17.45,0.6,0.0,0.0,0.0
2005-10-10,2005-11-24,OPTSTK,RELIANCE,660.0,PA,0.0,0.0,0.0,23.9,1.3,0.0,0.0,0.0
2005-10-10,2005-11-24,OPTSTK,RELIANCE,680.0,PA,0.0,0.0,0.0,31.8,2.6,0.0,0.0,0.0
2005-10-10,2005-11-24,OPTSTK,RELIANCE,700.0,PA,0.0,0.0,0.0,41.1,4.75,0.0,0.0,0.0
2005-10-10,2005-11-24,OPTSTK,RELIANCE,720.0,PA,0.0,0.0,0.0,51.8,8.05,0.0,0.0,0.0
2005-10-10,2005-11-24,OPTSTK,RELIANCE,740.0,PA,0.0,0.0,0.0,63.8,12.9,0.0,0.0,0.0
2005-10-10,2005-11-24,OPTSTK,RELIANCE,760.0,PA,0.0,0.0,0.0,77.05,19.5,0.0,0.0,0.0
2005-10-10,2005-11-24,OPTSTK,RELIANCE,780.0,PA,0.0,0.0,0.0,72.25,28.0,0.0,0.0,0.0
2005-10-10,2005-11-24,OPTSTK,RELIANCE,800.0,PA,0.0,0.0,0.0,77.15,38.4,0.0,0.0,0.0
2005-10-10,2005-11-24,OPTSTK,RELIANCE,820.0,PA,0.0,0.0,0.0,72.45,50.75,0.0,0.0,0.0
2005-10-10,2005-11-24,OPTSTK,RELIANCE,840.0,PA,0.0,0.0,0.0,68.7,64.75,0.0,0.0,0.0
2005-10-10,2005-11-24,OPTSTK,RELIANCE,860.0,PA,0.0,0.0,0.0,74.75,80.25,0.0,0.0,0.0
2005-10-10,2005-12-29,OPTSTK,RELIANCE,720.0,CA,0.0,0.0,0.0,92.95,87.05,0.0,0.0,0.0
2005-10-10,2005-12-29,OPTSTK,RELIANCE,740.0,CA,0.0,0.0,0.0,100.1,73.15,0.0,0.0,0.0
2005-10-10,2005-12-29,OPTSTK,RELIANCE,760.0,CA,0.0,0.0,0.0,86.7,60.65,0.0,0.0,0.0
2005-10-10,2005-12-29,OPTSTK,RELIANCE,780.0,CA,0.0,0.0,0.0,74.55,49.65,0.0,0.0,0.0
2005-10-10,2005-12-29,OPTSTK,RELIANCE,800.0,CA,0.0,0.0,0.0,63.6,40.05,0.0,0.0,0.0
2005-10-10,2005-12-29,OPTSTK,RELIANCE,820.0,CA,0.0,0.0,0.0,53.8,31.9,0.0,0.0,0.0
2005-10-10,2005-12-29,OPTSTK,RELIANCE,840.0,CA,0.0,0.0,0.0,45.1,25.05,0.0,0.0,0.0
2005-10-10,2005-12-29,OPTSTK,RELIANCE,860.0,CA,0.0,0.0,0.0,37.55,19.45,0.0,0.0,0.0
2005-10-10,2005-12-29,OPTSTK,RELIANCE,720.0,PA,0.0,0.0,0.0,14.8,14.65,0.0,0.0,0.0
2005-10-10,2005-12-29,OPTSTK,RELIANCE,740.0,PA,0.0,0.0,0.0,20.85,20.5,0.0,0.0,0.0
2005-10-10,2005-12-29,OPTSTK,RELIANCE,760.0,PA,0.0,0.0,0.0,27.2,27.75,0.0,0.0,0.0
2005-10-10,2005-12-29,OPTSTK,RELIANCE,780.0,PA,0.0,0.0,0.0,34.75,36.45,0.0,0.0,0.0
2005-10-10,2005-12-29,OPTSTK,RELIANCE,800.0,PA,0.0,0.0,0.0,43.5,46.6,0.0,0.0,0.0
2005-10-10,2005-12-29,OPTSTK,RELIANCE,820.0,PA,0.0,0.0,0.0,53.4,58.2,0.0,0.0,0.0
2005-10-10,2005-12-29,OPTSTK,RELIANCE,840.0,PA,0.0,0.0,0.0,64.45,71.1,0.0,0.0,0.0
2005-10-10,2005-12-29,OPTSTK,RELIANCE,860.0,PA,0.0,0.0,0.0,76.55,85.2,0.0,0.0,0.0
2005-10-10,2005-10-27,OPTSTK,SATYAMCOMP,440.0,CA,0.0,0.0,0.0,84.45,153.75,0.0,0.0,0.0
2005-10-10,2005-10-27,OPTSTK,SATYAMCOMP,460.0,CA,0.0,0.0,0.0,79.7,133.8,0.0,0.0,0.0
2005-10-10,2005-10-27,OPTSTK,SATYAMCOMP,470.0,CA,0.0,0.0,0.0,55.8,123.85,0.0,0.0,0.0
2005-10-10,2005-10-27,OPTSTK,SATYAMCOMP,480.0,CA,0.0,0.0,0.0,65.6,113.9,0.0,0.0,0.0
2005-10-10,2005-10-27,OPTSTK,SATYAMCOMP,490.0,CA,0.0,0.0,0.0,44.65,104.0,0.0,0.0,0.0
2005-10-10,2005-10-27,OPTSTK,SATYAMCOMP,500.0,CA,0.0,0.0,0.0,67.0,94.1,0.0,0.0,600.0
2005-10-10,2005-10-27,OPTSTK,SATYAMCOMP,510.0,CA,0.0,0.0,0.0,32.0,84.35,0.0,0.0,600.0
2005-10-10,2005-10-27,OPTSTK,SATYAMCOMP,520.0,CA,0.0,0.0,0.0,79.9,74.75,0.0,0.0,3000.0
2005-10-10,2005-10-27,OPTSTK,SATYAMCOMP,530.0,CA,0.0,0.0,0.0,57.0,65.4,0.0,0.0,1800.0
2005-10-10,2005-10-27,OPTSTK,SATYAMCOMP,540.0,CA,63.0,64.0,58.0,58.0,58.0,10.0,36.09,110400.0
2005-10-10,2005-10-27,OPTSTK,SATYAMCOMP,560.0,CA,31.5,48.5,31.5,42.7,42.7,78.0,282.27,196200.0
2005-10-10,2005-10-27,OPTSTK,SATYAMCOMP,580.0,CA,26.5,34.0,26.5,29.2,29.2,282.0,1033.35,224400.0
2005-10-10,2005-10-27,OPTSTK,SATYAMCOMP,600.0,CA,17.65,22.5,15.65,18.75,18.75,737.0,2741.55,370200.0
2005-10-10,2005-10-27,OPTSTK,SATYAMCOMP,620.0,CA,10.9,14.25,9.7,11.35,11.35,120.0,455.31,130800.0
2005-10-10,2005-10-27,OPTSTK,SATYAMCOMP,640.0,CA,6.2,8.0,5.7,6.4,6.4,51.0,198.08,52200.0
2005-10-10,2005-10-27,OPTSTK,SATYAMCOMP,660.0,CA,0.0,0.0,0.0,0.0,0.0,0.0,0.0,0.0
2005-10-10,2005-10-27,OPTSTK,SATYAMCOMP,440.0,PA,0.0,0.0,0.0,10.45,0.0,0.0,0.0,0.0
2005-10-10,2005-10-27,OPTSTK,SATYAMCOMP,460.0,PA,0.0,0.0,0.0,11.1,0.05,0.0,0.0,0.0
2005-10-10,2005-10-27,OPTSTK,SATYAMCOMP,470.0,PA,3.0,3.0,3.0,3.0,3.0,1.0,2.83,1200.0
2005-10-10,2005-10-27,OPTSTK,SATYAMCOMP,480.0,PA,0.0,0.0,0.0,5.0,0.05,0.0,0.0,10200.0
2005-10-10,2005-10-27,OPTSTK,SATYAMCOMP,490.0,PA,0.0,0.0,0.0,2.5,0.1,0.0,0.0,2400.0
2005-10-10,2005-10-27,OPTSTK,SATYAMCOMP,500.0,PA,1.65,1.65,1.65,1.65,1.65,1.0,3.0,19800.0
2005-10-10,2005-10-27,OPTSTK,SATYAMCOMP,510.0,PA,2.05,5.8,1.5,1.9,1.9,13.0,40.03,8400.0
2005-10-10,2005-10-27,OPTSTK,SATYAMCOMP,520.0,PA,2.3,3.0,2.0,2.25,2.25,19.0,59.53,42600.0
2005-10-10,2005-10-27,OPTSTK,SATYAMCOMP,530.0,PA,3.0,3.9,3.0,3.3,3.3,5.0,16.0,21600.0
2005-10-10,2005-10-27,OPTSTK,SATYAMCOMP,540.0,PA,6.0,6.5,4.5,5.75,5.75,31.0,101.43,145800.0
2005-10-10,2005-10-27,OPTSTK,SATYAMCOMP,560.0,PA,10.05,11.0,8.1,10.25,10.25,148.0,505.84,307200.0
2005-10-10,2005-10-27,OPTSTK,SATYAMCOMP,580.0,PA,18.9,19.75,14.7,16.55,16.55,229.0,819.48,175200.0
2005-10-10,2005-10-27,OPTSTK,SATYAMCOMP,600.0,PA,25.5,27.0,22.95,26.3,26.3,172.0,644.78,78000.0
2005-10-10,2005-10-27,OPTSTK,SATYAMCOMP,620.0,PA,35.0,35.0,35.0,35.0,35.0,1.0,3.93,600.0
2005-10-10,2005-10-27,OPTSTK,SATYAMCOMP,640.0,PA,0.0,0.0,0.0,68.05,50.2,0.0,0.0,0.0
2005-10-10,2005-10-27,OPTSTK,SATYAMCOMP,660.0,PA,0.0,0.0,0.0,0.0,0.0,0.0,0.0,0.0
2005-10-10,2005-11-24,OPTSTK,SATYAMCOMP,440.0,CA,0.0,0.0,0.0,86.05,156.05,0.0,0.0,0.0
2005-10-10,2005-11-24,OPTSTK,SATYAMCOMP,460.0,CA,0.0,0.0,0.0,71.85,136.55,0.0,0.0,0.0
2005-10-10,2005-11-24,OPTSTK,SATYAMCOMP,470.0,CA,0.0,0.0,0.0,58.3,126.9,0.0,0.0,0.0
2005-10-10,2005-11-24,OPTSTK,SATYAMCOMP,480.0,CA,0.0,0.0,0.0,52.55,117.4,0.0,0.0,0.0
2005-10-10,2005-11-24,OPTSTK,SATYAMCOMP,490.0,CA,0.0,0.0,0.0,47.25,108.05,0.0,0.0,0.0
2005-10-10,2005-11-24,OPTSTK,SATYAMCOMP,500.0,CA,0.0,0.0,0.0,42.3,98.9,0.0,0.0,0.0
2005-10-10,2005-11-24,OPTSTK,SATYAMCOMP,510.0,CA,0.0,0.0,0.0,37.75,90.05,0.0,0.0,0.0
2005-10-10,2005-11-24,OPTSTK,SATYAMCOMP,520.0,CA,0.0,0.0,0.0,33.6,81.5,0.0,0.0,0.0
2005-10-10,2005-11-24,OPTSTK,SATYAMCOMP,530.0,CA,0.0,0.0,0.0,29.8,73.3,0.0,0.0,0.0
2005-10-10,2005-11-24,OPTSTK,SATYAMCOMP,540.0,CA,0.0,0.0,0.0,30.5,65.45,0.0,0.0,0.0
2005-10-10,2005-11-24,OPTSTK,SATYAMCOMP,560.0,CA,0.0,0.0,0.0,23.9,51.2,0.0,0.0,0.0
2005-10-10,2005-11-24,OPTSTK,SATYAMCOMP,580.0,CA,0.0,0.0,0.0,24.95,38.95,0.0,0.0,0.0
2005-10-10,2005-11-24,OPTSTK,SATYAMCOMP,600.0,CA,0.0,0.0,0.0,16.55,28.8,0.0,0.0,0.0
2005-10-10,2005-11-24,OPTSTK,SATYAMCOMP,620.0,CA,0.0,0.0,0.0,11.3,20.7,0.0,0.0,0.0
2005-10-10,2005-11-24,OPTSTK,SATYAMCOMP,640.0,CA,0.0,0.0,0.0,13.55,14.45,0.0,0.0,0.0
2005-10-10,2005-11-24,OPTSTK,SATYAMCOMP,660.0,CA,0.0,0.0,0.0,0.0,0.0,0.0,0.0,0.0
2005-10-10,2005-11-24,OPTSTK,SATYAMCOMP,440.0,PA,0.0,0.0,0.0,11.3,0.2,0.0,0.0,0.0
2005-10-10,2005-11-24,OPTSTK,SATYAMCOMP,460.0,PA,0.0,0.0,0.0,16.85,0.5,0.0,0.0,0.0
2005-10-10,2005-11-24,OPTSTK,SATYAMCOMP,470.0,PA,0.0,0.0,0.0,23.5,0.8,0.0,0.0,0.0
2005-10-10,2005-11-24,OPTSTK,SATYAMCOMP,480.0,PA,0.0,0.0,0.0,27.6,1.25,0.0,0.0,0.0
2005-10-10,2005-11-24,OPTSTK,SATYAMCOMP,490.0,PA,0.0,0.0,0.0,32.1,1.85,0.0,0.0,0.0
2005-10-10,2005-11-24,OPTSTK,SATYAMCOMP,500.0,PA,0.0,0.0,0.0,37.0,2.65,0.0,0.0,0.0
2005-10-10,2005-11-24,OPTSTK,SATYAMCOMP,510.0,PA,0.0,0.0,0.0,42.3,3.7,0.0,0.0,0.0
2005-10-10,2005-11-24,OPTSTK,SATYAMCOMP,520.0,PA,0.0,0.0,0.0,48.0,5.05,0.0,0.0,0.0
2005-10-10,2005-11-24,OPTSTK,SATYAMCOMP,530.0,PA,0.0,0.0,0.0,14.95,6.75,0.0,0.0,600.0
2005-10-10,2005-11-24,OPTSTK,SATYAMCOMP,540.0,PA,0.0,0.0,0.0,54.35,8.9,0.0,0.0,0.0
2005-10-10,2005-11-24,OPTSTK,SATYAMCOMP,560.0,PA,0.0,0.0,0.0,67.4,14.45,0.0,0.0,0.0
2005-10-10,2005-11-24,OPTSTK,SATYAMCOMP,580.0,PA,0.0,0.0,0.0,74.85,22.05,0.0,0.0,0.0
2005-10-10,2005-11-24,OPTSTK,SATYAMCOMP,600.0,PA,0.0,0.0,0.0,77.1,31.75,0.0,0.0,0.0
2005-10-10,2005-11-24,OPTSTK,SATYAMCOMP,620.0,PA,0.0,0.0,0.0,68.85,43.5,0.0,0.0,0.0
2005-10-10,2005-11-24,OPTSTK,SATYAMCOMP,640.0,PA,20.25,20.25,20.25,20.25,20.25,1.0,3.96,600.0
2005-10-10,2005-11-24,OPTSTK,SATYAMCOMP,660.0,PA,0.0,0.0,0.0,0.0,0.0,0.0,0.0,0.0
2005-10-10,2005-12-29,OPTSTK,SATYAMCOMP,500.0,CA,0.0,0.0,0.0,77.85,105.8,0.0,0.0,0.0
2005-10-10,2005-12-29,OPTSTK,SATYAMCOMP,520.0,CA,0.0,0.0,0.0,65.05,89.85,0.0,0.0,0.0
2005-10-10,2005-12-29,OPTSTK,SATYAMCOMP,540.0,CA,0.0,0.0,0.0,53.7,75.2,0.0,0.0,0.0
2005-10-10,2005-12-29,OPTSTK,SATYAMCOMP,560.0,CA,0.0,0.0,0.0,43.85,62.05,0.0,0.0,0.0
2005-10-10,2005-12-29,OPTSTK,SATYAMCOMP,580.0,CA,0.0,0.0,0.0,35.4,50.45,0.0,0.0,0.0
2005-10-10,2005-12-29,OPTSTK,SATYAMCOMP,600.0,CA,0.0,0.0,0.0,28.3,40.4,0.0,0.0,0.0
2005-10-10,2005-12-29,OPTSTK,SATYAMCOMP,620.0,CA,0.0,0.0,0.0,22.35,31.95,0.0,0.0,0.0
2005-10-10,2005-12-29,OPTSTK,SATYAMCOMP,640.0,CA,0.0,0.0,0.0,23.3,24.9,0.0,0.0,0.0
2005-10-10,2005-12-29,OPTSTK,SATYAMCOMP,660.0,CA,0.0,0.0,0.0,0.0,0.0,0.0,0.0,0.0
2005-10-10,2005-12-29,OPTSTK,SATYAMCOMP,500.0,PA,0.0,0.0,0.0,17.85,6.65,0.0,0.0,0.0
2005-10-10,2005-12-29,OPTSTK,SATYAMCOMP,520.0,PA,0.0,0.0,0.0,24.75,10.4,0.0,0.0,0.0
2005-10-10,2005-12-29,OPTSTK,SATYAMCOMP,540.0,PA,0.0,0.0,0.0,33.1,15.55,0.0,0.0,0.0
2005-10-10,2005-12-29,OPTSTK,SATYAMCOMP,560.0,PA,0.0,0.0,0.0,42.95,22.1,0.0,0.0,0.0
2005-10-10,2005-12-29,OPTSTK,SATYAMCOMP,580.0,PA,0.0,0.0,0.0,54.2,30.25,0.0,0.0,0.0
2005-10-10,2005-12-29,OPTSTK,SATYAMCOMP,600.0,PA,0.0,0.0,0.0,66.8,39.95,0.0,0.0,0.0
2005-10-10,2005-12-29,OPTSTK,SATYAMCOMP,620.0,PA,0.0,0.0,0.0,80.55,51.2,0.0,0.0,0.0
2005-10-10,2005-12-29,OPTSTK,SATYAMCOMP,640.0,PA,0.0,0.0,0.0,79.85,63.9,0.0,0.0,0.0
2005-10-10,2005-12-29,OPTSTK,SATYAMCOMP,660.0,PA,0.0,0.0,0.0,0.0,0.0,0.0,0.0,0.0
2005-10-10,2005-10-27,OPTSTK,SBIN,720.0,CA,0.0,0.0,0.0,99.5,185.35,0.0,0.0,0.0
2005-10-10,2005-10-27,OPTSTK,SBIN,740.0,CA,0.0,0.0,0.0,95.2,165.4,0.0,0.0,0.0
2005-10-10,2005-10-27,OPTSTK,SBIN,760.0,CA,0.0,0.0,0.0,82.45,145.45,0.0,0.0,0.0
2005-10-10,2005-10-27,OPTSTK,SBIN,780.0,CA,0.0,0.0,0.0,70.8,125.6,0.0,0.0,0.0
2005-10-10,2005-10-27,OPTSTK,SBIN,800.0,CA,0.0,0.0,0.0,40.0,105.9,0.0,0.0,1000.0
2005-10-10,2005-10-27,OPTSTK,SBIN,820.0,CA,0.0,0.0,0.0,51.05,86.6,0.0,0.0,0.0
2005-10-10,2005-10-27,OPTSTK,SBIN,840.0,CA,0.0,0.0,0.0,95.0,68.25,0.0,0.0,500.0
2005-10-10,2005-10-27,OPTSTK,SBIN,860.0,CA,55.0,55.0,55.0,55.0,55.0,1.0,4.57,2500.0
2005-10-10,2005-10-27,OPTSTK,SBIN,880.0,CA,0.0,0.0,0.0,58.0,36.55,0.0,0.0,1500.0
2005-10-10,2005-10-27,OPTSTK,SBIN,900.0,CA,36.0,42.0,26.7,27.9,27.9,40.0,186.33,36000.0
2005-10-10,2005-10-27,OPTSTK,SBIN,920.0,CA,33.0,34.0,18.1,19.8,19.8,175.0,825.95,93500.0
2005-10-10,2005-10-27,OPTSTK,SBIN,940.0,CA,23.9,24.0,12.05,12.9,12.9,133.0,635.95,181000.0
2005-10-10,2005-10-27,OPTSTK,SBIN,960.0,CA,13.0,13.7,8.0,8.55,8.55,80.0,387.88,308500.0
2005-10-10,2005-10-27,OPTSTK,SBIN,980.0,CA,8.0,8.0,5.5,5.85,5.85,12.0,59.16,106500.0
2005-10-10,2005-10-27,OPTSTK,SBIN,1000.0,CA,5.0,5.0,3.5,3.75,3.75,11.0,55.23,42000.0
2005-10-10,2005-10-27,OPTSTK,SBIN,1020.0,CA,0.0,0.0,0.0,7.25,0.55,0.0,0.0,0.0
2005-10-10,2005-10-27,OPTSTK,SBIN,720.0,PA,0.0,0.0,0.0,19.45,0.0,0.0,0.0,0.0
2005-10-10,2005-10-27,OPTSTK,SBIN,740.0,PA,0.0,0.0,0.0,24.05,0.0,0.0,0.0,0.0
2005-10-10,2005-10-27,OPTSTK,SBIN,760.0,PA,0.0,0.0,0.0,31.0,0.05,0.0,0.0,0.0
2005-10-10,2005-10-27,OPTSTK,SBIN,780.0,PA,0.0,0.0,0.0,39.05,0.1,0.0,0.0,0.0
2005-10-10,2005-10-27,OPTSTK,SBIN,800.0,PA,3.0,3.0,3.0,3.0,3.0,1.0,4.01,5000.0
2005-10-10,2005-10-27,OPTSTK,SBIN,820.0,PA,0.0,0.0,0.0,58.7,1.05,0.0,0.0,0.0
2005-10-10,2005-10-27,OPTSTK,SBIN,840.0,PA,0.0,0.0,0.0,4.0,2.6,0.0,0.0,3500.0
2005-10-10,2005-10-27,OPTSTK,SBIN,860.0,PA,0.0,0.0,0.0,6.0,5.65,0.0,0.0,8000.0
2005-10-10,2005-10-27,OPTSTK,SBIN,880.0,PA,9.5,13.65,8.9,12.55,12.55,13.0,57.97,21500.0
2005-10-10,2005-10-27,OPTSTK,SBIN,900.0,PA,18.0,22.7,16.7,21.65,21.65,67.0,308.53,60000.0
2005-10-10,2005-10-27,OPTSTK,SBIN,920.0,PA,28.0,33.1,25.25,32.7,32.7,56.0,265.99,42500.0
2005-10-10,2005-10-27,OPTSTK,SBIN,940.0,PA,38.0,47.0,36.0,46.95,46.95,97.0,475.56,46500.0
2005-10-10,2005-10-27,OPTSTK,SBIN,960.0,PA,0.0,0.0,0.0,54.25,59.0,0.0,0.0,9500.0
2005-10-10,2005-10-27,OPTSTK,SBIN,980.0,PA,0.0,0.0,0.0,73.25,76.5,0.0,0.0,0.0
2005-10-10,2005-10-27,OPTSTK,SBIN,1000.0,PA,0.0,0.0,0.0,69.55,95.15,0.0,0.0,0.0
2005-10-10,2005-10-27,OPTSTK,SBIN,1020.0,PA,0.0,0.0,0.0,65.2,114.45,0.0,0.0,0.0
2005-10-10,2005-11-24,OPTSTK,SBIN,720.0,CA,0.0,0.0,0.0,90.35,189.0,0.0,0.0,0.0
2005-10-10,2005-11-24,OPTSTK,SBIN,740.0,CA,0.0,0.0,0.0,76.9,169.4,0.0,0.0,0.0
2005-10-10,2005-11-24,OPTSTK,SBIN,760.0,CA,0.0,0.0,0.0,64.8,150.1,0.0,0.0,0.0
2005-10-10,2005-11-24,OPTSTK,SBIN,780.0,CA,0.0,0.0,0.0,54.0,131.2,0.0,0.0,0.0
2005-10-10,2005-11-24,OPTSTK,SBIN,800.0,CA,0.0,0.0,0.0,44.5,112.95,0.0,0.0,0.0
2005-10-10,2005-11-24,OPTSTK,SBIN,820.0,CA,0.0,0.0,0.0,36.3,95.6,0.0,0.0,0.0
2005-10-10,2005-11-24,OPTSTK,SBIN,840.0,CA,0.0,0.0,0.0,29.3,79.4,0.0,0.0,0.0
2005-10-10,2005-11-24,OPTSTK,SBIN,860.0,CA,0.0,0.0,0.0,25.7,64.65,0.0,0.0,0.0
2005-10-10,2005-11-24,OPTSTK,SBIN,880.0,CA,0.0,0.0,0.0,23.3,51.55,0.0,0.0,0.0
2005-10-10,2005-11-24,OPTSTK,SBIN,900.0,CA,0.0,0.0,0.0,24.8,40.2,0.0,0.0,0.0
2005-10-10,2005-11-24,OPTSTK,SBIN,920.0,CA,0.0,0.0,0.0,26.2,30.6,0.0,0.0,0.0
2005-10-10,2005-11-24,OPTSTK,SBIN,940.0,CA,0.0,0.0,0.0,27.25,22.8,0.0,0.0,0.0
2005-10-10,2005-11-24,OPTSTK,SBIN,960.0,CA,0.0,0.0,0.0,26.95,16.6,0.0,0.0,0.0
2005-10-10,2005-11-24,OPTSTK,SBIN,980.0,CA,0.0,0.0,0.0,21.1,11.8,0.0,0.0,0.0
2005-10-10,2005-11-24,OPTSTK,SBIN,1000.0,CA,0.0,0.0,0.0,22.85,8.2,0.0,0.0,0.0
2005-10-10,2005-11-24,OPTSTK,SBIN,1020.0,CA,0.0,0.0,0.0,18.8,5.6,0.0,0.0,0.0
2005-10-10,2005-11-24,OPTSTK,SBIN,720.0,PA,0.0,0.0,0.0,18.05,0.25,0.0,0.0,0.0
2005-10-10,2005-11-24,OPTSTK,SBIN,740.0,PA,0.0,0.0,0.0,24.25,0.5,0.0,0.0,0.0
2005-10-10,2005-11-24,OPTSTK,SBIN,760.0,PA,0.0,0.0,0.0,31.85,1.05,0.0,0.0,0.0
2005-10-10,2005-11-24,OPTSTK,SBIN,780.0,PA,0.0,0.0,0.0,40.75,2.0,0.0,0.0,0.0
2005-10-10,2005-11-24,OPTSTK,SBIN,800.0,PA,0.0,0.0,0.0,51.0,3.6,0.0,0.0,0.0
2005-10-10,2005-11-24,OPTSTK,SBIN,820.0,PA,0.0,0.0,0.0,62.5,6.1,0.0,0.0,0.0
2005-10-10,2005-11-24,OPTSTK,SBIN,840.0,PA,0.0,0.0,0.0,75.2,9.75,0.0,0.0,0.0
2005-10-10,2005-11-24,OPTSTK,SBIN,860.0,PA,0.0,0.0,0.0,77.5,14.85,0.0,0.0,0.0
2005-10-10,2005-11-24,OPTSTK,SBIN,880.0,PA,0.0,0.0,0.0,74.7,21.6,0.0,0.0,0.0
2005-10-10,2005-11-24,OPTSTK,SBIN,900.0,PA,0.0,0.0,0.0,78.0,30.05,0.0,0.0,0.0
2005-10-10,2005-11-24,OPTSTK,SBIN,920.0,PA,0.0,0.0,0.0,77.1,40.35,0.0,0.0,0.0
2005-10-10,2005-11-24,OPTSTK,SBIN,940.0,PA,0.0,0.0,0.0,73.8,52.4,0.0,0.0,0.0
2005-10-10,2005-11-24,OPTSTK,SBIN,960.0,PA,0.0,0.0,0.0,77.35,66.05,0.0,0.0,0.0
2005-10-10,2005-11-24,OPTSTK,SBIN,980.0,PA,0.0,0.0,0.0,78.6,81.1,0.0,0.0,0.0
2005-10-10,2005-11-24,OPTSTK,SBIN,1000.0,PA,0.0,0.0,0.0,76.65,97.35,0.0,0.0,0.0
2005-10-10,2005-11-24,OPTSTK,SBIN,1020.0,PA,0.0,0.0,0.0,71.8,114.6,0.0,0.0,0.0
2005-10-10,2005-12-29,OPTSTK,SBIN,840.0,CA,0.0,0.0,0.0,0.0,0.0,0.0,0.0,0.0
2005-10-10,2005-12-29,OPTSTK,SBIN,860.0,CA,0.0,0.0,0.0,96.05,77.85,0.0,0.0,0.0
2005-10-10,2005-12-29,OPTSTK,SBIN,880.0,CA,0.0,0.0,0.0,96.7,65.45,0.0,0.0,0.0
2005-10-10,2005-12-29,OPTSTK,SBIN,900.0,CA,0.0,0.0,0.0,83.6,54.4,0.0,0.0,0.0
2005-10-10,2005-12-29,OPTSTK,SBIN,920.0,CA,0.0,0.0,0.0,71.7,44.65,0.0,0.0,0.0
2005-10-10,2005-12-29,OPTSTK,SBIN,940.0,CA,0.0,0.0,0.0,60.95,36.25,0.0,0.0,0.0
2005-10-10,2005-12-29,OPTSTK,SBIN,960.0,CA,0.0,0.0,0.0,51.35,29.1,0.0,0.0,0.0
2005-10-10,2005-12-29,OPTSTK,SBIN,980.0,CA,0.0,0.0,0.0,42.9,23.05,0.0,0.0,0.0
2005-10-10,2005-12-29,OPTSTK,SBIN,1000.0,CA,0.0,0.0,0.0,35.55,18.15,0.0,0.0,0.0
2005-10-10,2005-12-29,OPTSTK,SBIN,1020.0,CA,0.0,0.0,0.0,31.35,14.05,0.0,0.0,0.0
2005-10-10,2005-12-29,OPTSTK,SBIN,840.0,PA,0.0,0.0,0.0,0.0,0.0,0.0,0.0,0.0
2005-10-10,2005-12-29,OPTSTK,SBIN,860.0,PA,0.0,0.0,0.0,18.9,23.15,0.0,0.0,0.0
2005-10-10,2005-12-29,OPTSTK,SBIN,880.0,PA,0.0,0.0,0.0,22.75,30.45,0.0,0.0,0.0
2005-10-10,2005-12-29,OPTSTK,SBIN,900.0,PA,0.0,0.0,0.0,29.4,39.15,0.0,0.0,0.0
2005-10-10,2005-12-29,OPTSTK,SBIN,920.0,PA,0.0,0.0,0.0,37.15,49.15,0.0,0.0,0.0
2005-10-10,2005-12-29,OPTSTK,SBIN,940.0,PA,0.0,0.0,0.0,46.1,60.5,0.0,0.0,0.0
2005-10-10,2005-12-29,OPTSTK,SBIN,960.0,PA,0.0,0.0,0.0,56.25,73.05,0.0,0.0,0.0
2005-10-10,2005-12-29,OPTSTK,SBIN,980.0,PA,0.0,0.0,0.0,67.5,86.75,0.0,0.0,0.0
2005-10-10,2005-12-29,OPTSTK,SBIN,1000.0,PA,0.0,0.0,0.0,79.85,101.6,0.0,0.0,0.0
2005-10-10,2005-12-29,OPTSTK,SBIN,1020.0,PA,0.0,0.0,0.0,78.55,117.25,0.0,0.0,0.0
2005-10-10,2005-10-27,OPTSTK,SCI,130.0,CA,0.0,0.0,0.0,20.25,27.65,0.0,0.0,0.0
2005-10-10,2005-10-27,OPTSTK,SCI,135.0,CA,0.0,0.0,0.0,16.5,22.7,0.0,0.0,0.0
2005-10-10,2005-10-27,OPTSTK,SCI,140.0,CA,0.0,0.0,0.0,13.15,17.85,0.0,0.0,0.0
2005-10-10,2005-10-27,OPTSTK,SCI,145.0,CA,0.0,0.0,0.0,10.3,13.25,0.0,0.0,0.0
2005-10-10,2005-10-27,OPTSTK,SCI,150.0,CA,12.0,12.0,12.0,12.0,12.0,1.0,2.59,4800.0
2005-10-10,2005-10-27,OPTSTK,SCI,155.0,CA,8.0,8.0,8.0,8.0,8.0,1.0,2.6,20800.0
2005-10-10,2005-10-27,OPTSTK,SCI,160.0,CA,6.0,6.0,4.7,4.75,4.75,11.0,29.14,209600.0
2005-10-10,2005-10-27,OPTSTK,SCI,165.0,CA,3.45,3.45,3.1,3.35,3.35,4.0,10.77,152000.0
2005-10-10,2005-10-27,OPTSTK,SCI,170.0,CA,2.0,2.15,1.6,1.65,1.65,8.0,22.0,176000.0
2005-10-10,2005-10-27,OPTSTK,SCI,175.0,CA,1.0,1.0,0.8,0.8,0.8,3.0,8.44,36800.0
2005-10-10,2005-10-27,OPTSTK,SCI,180.0,CA,1.5,1.5,0.4,0.4,0.4,2.0,5.79,27200.0
2005-10-10,2005-10-27,OPTSTK,SCI,130.0,PA,0.0,0.0,0.0,1.95,0.05,0.0,0.0,0.0
2005-10-10,2005-10-27,OPTSTK,SCI,135.0,PA,0.0,0.0,0.0,3.15,0.05,0.0,0.0,0.0
2005-10-10,2005-10-27,OPTSTK,SCI,140.0,PA,0.0,0.0,0.0,4.75,0.2,0.0,0.0,0.0
2005-10-10,2005-10-27,OPTSTK,SCI,145.0,PA,0.0,0.0,0.0,6.8,0.55,0.0,0.0,0.0
2005-10-10,2005-10-27,OPTSTK,SCI,150.0,PA,0.0,0.0,0.0,2.0,1.45,0.0,0.0,17600.0
2005-10-10,2005-10-27,OPTSTK,SCI,155.0,PA,0.0,0.0,0.0,4.0,3.05,0.0,0.0,12800.0
2005-10-10,2005-10-27,OPTSTK,SCI,160.0,PA,0.0,0.0,0.0,6.0,5.6,0.0,0.0,25600.0
2005-10-10,2005-10-27,OPTSTK,SCI,165.0,PA,0.0,0.0,0.0,5.1,9.0,0.0,0.0,3200.0
2005-10-10,2005-10-27,OPTSTK,SCI,170.0,PA,0.0,0.0,0.0,17.85,13.05,0.0,0.0,0.0
2005-10-10,2005-10-27,OPTSTK,SCI,175.0,PA,0.0,0.0,0.0,17.55,17.6,0.0,0.0,0.0
2005-10-10,2005-10-27,OPTSTK,SCI,180.0,PA,0.0,0.0,0.0,16.55,22.35,0.0,0.0,0.0
2005-10-10,2005-11-24,OPTSTK,SCI,140.0,CA,0.0,0.0,0.0,18.5,19.45,0.0,0.0,0.0
2005-10-10,2005-11-24,OPTSTK,SCI,145.0,CA,0.0,0.0,0.0,14.9,15.45,0.0,0.0,0.0
2005-10-10,2005-11-24,OPTSTK,SCI,150.0,CA,0.0,0.0,0.0,11.8,11.85,0.0,0.0,0.0
2005-10-10,2005-11-24,OPTSTK,SCI,155.0,CA,0.0,0.0,0.0,9.1,8.8,0.0,0.0,0.0
2005-10-10,2005-11-24,OPTSTK,SCI,160.0,CA,0.0,0.0,0.0,6.9,6.3,0.0,0.0,0.0
2005-10-10,2005-11-24,OPTSTK,SCI,165.0,CA,0.0,0.0,0.0,5.1,4.4,0.0,0.0,0.0
2005-10-10,2005-11-24,OPTSTK,SCI,170.0,CA,0.0,0.0,0.0,18.0,2.95,0.0,0.0,6400.0
2005-10-10,2005-11-24,OPTSTK,SCI,175.0,CA,0.0,0.0,0.0,4.1,1.9,0.0,0.0,0.0
2005-10-10,2005-11-24,OPTSTK,SCI,180.0,CA,0.0,0.0,0.0,2.4,1.2,0.0,0.0,0.0
2005-10-10,2005-11-24,OPTSTK,SCI,140.0,PA,0.0,0.0,0.0,2.45,1.15,0.0,0.0,0.0
2005-10-10,2005-11-24,OPTSTK,SCI,145.0,PA,0.0,0.0,0.0,3.8,2.05,0.0,0.0,0.0
2005-10-10,2005-11-24,OPTSTK,SCI,150.0,PA,0.0,0.0,0.0,5.6,3.45,0.0,0.0,0.0
2005-10-10,2005-11-24,OPTSTK,SCI,155.0,PA,0.0,0.0,0.0,7.85,5.35,0.0,0.0,0.0
2005-10-10,2005-11-24,OPTSTK,SCI,160.0,PA,0.0,0.0,0.0,10.55,7.85,0.0,0.0,0.0
2005-10-10,2005-11-24,OPTSTK,SCI,165.0,PA,0.0,0.0,0.0,13.7,10.85,0.0,0.0,0.0
2005-10-10,2005-11-24,OPTSTK,SCI,170.0,PA,0.0,0.0,0.0,17.25,14.4,0.0,0.0,0.0
2005-10-10,2005-11-24,OPTSTK,SCI,175.0,PA,0.0,0.0,0.0,18.35,18.3,0.0,0.0,0.0
2005-10-10,2005-11-24,OPTSTK,SCI,180.0,PA,0.0,0.0,0.0,17.0,22.55,0.0,0.0,0.0
2005-10-10,2005-12-29,OPTSTK,SCI,140.0,CA,0.0,0.0,0.0,20.2,21.5,0.0,0.0,0.0
2005-10-10,2005-12-29,OPTSTK,SCI,145.0,CA,0.0,0.0,0.0,16.15,17.8,0.0,0.0,0.0
2005-10-10,2005-12-29,OPTSTK,SCI,150.0,CA,0.0,0.0,0.0,12.6,14.45,0.0,0.0,0.0
2005-10-10,2005-12-29,OPTSTK,SCI,155.0,CA,0.0,0.0,0.0,9.5,11.55,0.0,0.0,0.0
2005-10-10,2005-12-29,OPTSTK,SCI,160.0,CA,0.0,0.0,0.0,6.95,9.05,0.0,0.0,0.0
2005-10-10,2005-12-29,OPTSTK,SCI,165.0,CA,0.0,0.0,0.0,4.95,7.0,0.0,0.0,0.0
2005-10-10,2005-12-29,OPTSTK,SCI,170.0,CA,0.0,0.0,0.0,3.4,5.3,0.0,0.0,0.0
2005-10-10,2005-12-29,OPTSTK,SCI,175.0,CA,0.0,0.0,0.0,7.2,4.0,0.0,0.0,0.0
2005-10-10,2005-12-29,OPTSTK,SCI,180.0,CA,0.0,0.0,0.0,5.6,2.9,0.0,0.0,0.0
2005-10-10,2005-12-29,OPTSTK,SCI,140.0,PA,0.0,0.0,0.0,1.15,2.35,0.0,0.0,0.0
2005-10-10,2005-12-29,OPTSTK,SCI,145.0,PA,0.0,0.0,0.0,2.1,3.55,0.0,0.0,0.0
2005-10-10,2005-12-29,OPTSTK,SCI,150.0,PA,0.0,0.0,0.0,3.45,5.2,0.0,0.0,0.0
2005-10-10,2005-12-29,OPTSTK,SCI,155.0,PA,0.0,0.0,0.0,5.3,7.2,0.0,0.0,0.0
2005-10-10,2005-12-29,OPTSTK,SCI,160.0,PA,0.0,0.0,0.0,7.65,9.65,0.0,0.0,0.0
2005-10-10,2005-12-29,OPTSTK,SCI,165.0,PA,0.0,0.0,0.0,10.55,12.55,0.0,0.0,0.0
2005-10-10,2005-12-29,OPTSTK,SCI,170.0,PA,0.0,0.0,0.0,13.95,15.8,0.0,0.0,0.0
2005-10-10,2005-12-29,OPTSTK,SCI,175.0,PA,0.0,0.0,0.0,15.05,19.4,0.0,0.0,0.0
2005-10-10,2005-12-29,OPTSTK,SCI,180.0,PA,0.0,0.0,0.0,18.4,23.25,0.0,0.0,0.0
2005-10-10,2005-10-27,OPTSTK,SIEMENS,2010.0,CA,0.0,0.0,0.0,193.1,523.75,0.0,0.0,0.0
2005-10-10,2005-10-27,OPTSTK,SIEMENS,2040.0,CA,0.0,0.0,0.0,175.65,493.9,0.0,0.0,0.0
2005-10-10,2005-10-27,OPTSTK,SIEMENS,2070.0,CA,0.0,0.0,0.0,159.25,464.1,0.0,0.0,0.0
2005-10-10,2005-10-27,OPTSTK,SIEMENS,2100.0,CA,0.0,0.0,0.0,143.95,434.3,0.0,0.0,0.0
2005-10-10,2005-10-27,OPTSTK,SIEMENS,2130.0,CA,0.0,0.0,0.0,129.7,404.7,0.0,0.0,0.0
2005-10-10,2005-10-27,OPTSTK,SIEMENS,2160.0,CA,0.0,0.0,0.0,116.55,375.25,0.0,0.0,0.0
2005-10-10,2005-10-27,OPTSTK,SIEMENS,2190.0,CA,0.0,0.0,0.0,104.4,346.0,0.0,0.0,0.0
2005-10-10,2005-10-27,OPTSTK,SIEMENS,2220.0,CA,0.0,0.0,0.0,142.6,317.2,0.0,0.0,0.0
2005-10-10,2005-10-27,OPTSTK,SIEMENS,2250.0,CA,0.0,0.0,0.0,129.5,288.85,0.0,0.0,0.0
2005-10-10,2005-10-27,OPTSTK,SIEMENS,2280.0,CA,0.0,0.0,0.0,117.35,261.15,0.0,0.0,0.0
2005-10-10,2005-10-27,OPTSTK,SIEMENS,2310.0,CA,0.0,0.0,0.0,203.55,234.3,0.0,0.0,0.0
2005-10-10,2005-10-27,OPTSTK,SIEMENS,2340.0,CA,0.0,0.0,0.0,189.6,208.4,0.0,0.0,0.0
2005-10-10,2005-10-27,OPTSTK,SIEMENS,2350.0,CA,0.0,0.0,0.0,218.25,200.05,0.0,0.0,0.0
2005-10-10,2005-10-27,OPTSTK,SIEMENS,2370.0,CA,0.0,0.0,0.0,176.35,183.75,0.0,0.0,0.0
2005-10-10,2005-10-27,OPTSTK,SIEMENS,2400.0,CA,0.0,0.0,0.0,163.85,160.45,0.0,0.0,0.0
2005-10-10,2005-10-27,OPTSTK,SIEMENS,2430.0,CA,0.0,0.0,0.0,164.4,138.7,0.0,0.0,0.0
2005-10-10,2005-10-27,OPTSTK,SIEMENS,2450.0,CA,0.0,0.0,0.0,155.45,125.15,0.0,0.0,0.0
2005-10-10,2005-10-27,OPTSTK,SIEMENS,2460.0,CA,0.0,0.0,0.0,134.5,118.7,0.0,0.0,0.0
2005-10-10,2005-10-27,OPTSTK,SIEMENS,2490.0,CA,0.0,0.0,0.0,75.35,100.45,0.0,0.0,0.0
2005-10-10,2005-10-27,OPTSTK,SIEMENS,2500.0,CA,0.0,0.0,0.0,129.0,94.75,0.0,0.0,0.0
2005-10-10,2005-10-27,OPTSTK,SIEMENS,2520.0,CA,0.0,0.0,0.0,70.8,84.05,0.0,0.0,0.0
2005-10-10,2005-10-27,OPTSTK,SIEMENS,2550.0,CA,0.0,0.0,0.0,105.8,69.55,0.0,0.0,0.0
2005-10-10,2005-10-27,OPTSTK,SIEMENS,2580.0,CA,0.0,0.0,0.0,77.8,56.85,0.0,0.0,0.0
2005-10-10,2005-10-27,OPTSTK,SIEMENS,2600.0,CA,0.0,0.0,0.0,50.0,49.4,0.0,0.0,750.0
2005-10-10,2005-10-27,OPTSTK,SIEMENS,2650.0,CA,0.0,0.0,0.0,68.7,33.95,0.0,0.0,0.0
2005-10-10,2005-10-27,OPTSTK,SIEMENS,2700.0,CA,0.0,0.0,0.0,68.5,22.6,0.0,0.0,0.0
2005-10-10,2005-10-27,OPTSTK,SIEMENS,2750.0,CA,0.0,0.0,0.0,50.5,14.5,0.0,0.0,0.0
2005-10-10,2005-10-27,OPTSTK,SIEMENS,2010.0,PA,0.0,0.0,0.0,79.05,0.05,0.0,0.0,0.0
2005-10-10,2005-10-27,OPTSTK,SIEMENS,2040.0,PA,0.0,0.0,0.0,91.15,0.15,0.0,0.0,0.0
2005-10-10,2005-10-27,OPTSTK,SIEMENS,2070.0,PA,0.0,0.0,0.0,104.35,0.2,0.0,0.0,0.0
2005-10-10,2005-10-27,OPTSTK,SIEMENS,2100.0,PA,0.0,0.0,0.0,118.6,0.4,0.0,0.0,0.0
2005-10-10,2005-10-27,OPTSTK,SIEMENS,2130.0,PA,0.0,0.0,0.0,133.95,0.7,0.0,0.0,0.0
2005-10-10,2005-10-27,OPTSTK,SIEMENS,2160.0,PA,0.0,0.0,0.0,150.3,1.15,0.0,0.0,0.0
2005-10-10,2005-10-27,OPTSTK,SIEMENS,2190.0,PA,0.0,0.0,0.0,167.7,1.85,0.0,0.0,0.0
2005-10-10,2005-10-27,OPTSTK,SIEMENS,2220.0,PA,0.0,0.0,0.0,150.25,2.95,0.0,0.0,0.0
2005-10-10,2005-10-27,OPTSTK,SIEMENS,2250.0,PA,0.0,0.0,0.0,166.7,4.5,0.0,0.0,0.0
2005-10-10,2005-10-27,OPTSTK,SIEMENS,2280.0,PA,0.0,0.0,0.0,184.15,6.75,0.0,0.0,0.0
2005-10-10,2005-10-27,OPTSTK,SIEMENS,2310.0,PA,0.0,0.0,0.0,173.35,9.8,0.0,0.0,0.0
2005-10-10,2005-10-27,OPTSTK,SIEMENS,2340.0,PA,0.0,0.0,0.0,188.95,13.85,0.0,0.0,0.0
2005-10-10,2005-10-27,OPTSTK,SIEMENS,2350.0,PA,0.0,0.0,0.0,51.1,15.45,0.0,0.0,0.0
2005-10-10,2005-10-27,OPTSTK,SIEMENS,2370.0,PA,0.0,0.0,0.0,205.3,19.1,0.0,0.0,0.0
2005-10-10,2005-10-27,OPTSTK,SIEMENS,2400.0,PA,0.0,0.0,0.0,222.4,25.75,0.0,0.0,0.0
2005-10-10,2005-10-27,OPTSTK,SIEMENS,2430.0,PA,0.0,0.0,0.0,210.4,33.9,0.0,0.0,0.0
2005-10-10,2005-10-27,OPTSTK,SIEMENS,2450.0,PA,0.0,0.0,0.0,87.6,40.3,0.0,0.0,0.0
2005-10-10,2005-10-27,OPTSTK,SIEMENS,2460.0,PA,0.0,0.0,0.0,203.9,43.8,0.0,0.0,0.0
2005-10-10,2005-10-27,OPTSTK,SIEMENS,2490.0,PA,0.0,0.0,0.0,155.3,55.5,0.0,0.0,0.0
2005-10-10,2005-10-27,OPTSTK,SIEMENS,2500.0,PA,0.0,0.0,0.0,110.75,59.8,0.0,0.0,0.0
2005-10-10,2005-10-27,OPTSTK,SIEMENS,2520.0,PA,0.0,0.0,0.0,158.65,69.05,0.0,0.0,0.0
2005-10-10,2005-10-27,OPTSTK,SIEMENS,2550.0,PA,0.0,0.0,0.0,137.2,84.45,0.0,0.0,0.0
2005-10-10,2005-10-27,OPTSTK,SIEMENS,2580.0,PA,0.0,0.0,0.0,153.5,101.7,0.0,0.0,0.0
2005-10-10,2005-10-27,OPTSTK,SIEMENS,2600.0,PA,0.0,0.0,0.0,166.8,114.15,0.0,0.0,0.0
2005-10-10,2005-10-27,OPTSTK,SIEMENS,2650.0,PA,0.0,0.0,0.0,199.4,148.6,0.0,0.0,0.0
2005-10-10,2005-10-27,OPTSTK,SIEMENS,2700.0,PA,0.0,0.0,0.0,202.6,187.1,0.0,0.0,0.0
2005-10-10,2005-10-27,OPTSTK,SIEMENS,2750.0,PA,0.0,0.0,0.0,207.9,228.9,0.0,0.0,0.0
2005-10-10,2005-11-24,OPTSTK,SIEMENS,2190.0,CA,0.0,0.0,0.0,210.1,370.2,0.0,0.0,0.0
2005-10-10,2005-11-24,OPTSTK,SIEMENS,2220.0,CA,0.0,0.0,0.0,193.45,344.4,0.0,0.0,0.0
2005-10-10,2005-11-24,OPTSTK,SIEMENS,2250.0,CA,0.0,0.0,0.0,177.7,319.4,0.0,0.0,0.0
2005-10-10,2005-11-24,OPTSTK,SIEMENS,2280.0,CA,0.0,0.0,0.0,162.9,295.15,0.0,0.0,0.0
2005-10-10,2005-11-24,OPTSTK,SIEMENS,2310.0,CA,0.0,0.0,0.0,149.0,271.85,0.0,0.0,0.0
2005-10-10,2005-11-24,OPTSTK,SIEMENS,2340.0,CA,0.0,0.0,0.0,136.0,249.55,0.0,0.0,0.0
2005-10-10,2005-11-24,OPTSTK,SIEMENS,2350.0,CA,0.0,0.0,0.0,253.6,242.3,0.0,0.0,0.0
2005-10-10,2005-11-24,OPTSTK,SIEMENS,2370.0,CA,0.0,0.0,0.0,123.85,228.1,0.0,0.0,0.0
2005-10-10,2005-11-24,OPTSTK,SIEMENS,2400.0,CA,0.0,0.0,0.0,124.55,207.8,0.0,0.0,0.0
2005-10-10,2005-11-24,OPTSTK,SIEMENS,2430.0,CA,0.0,0.0,0.0,132.2,188.6,0.0,0.0,0.0
2005-10-10,2005-11-24,OPTSTK,SIEMENS,2450.0,CA,0.0,0.0,0.0,193.9,176.45,0.0,0.0,0.0
2005-10-10,2005-11-24,OPTSTK,SIEMENS,2460.0,CA,0.0,0.0,0.0,119.05,170.55,0.0,0.0,0.0
2005-10-10,2005-11-24,OPTSTK,SIEMENS,2490.0,CA,0.0,0.0,0.0,106.9,153.6,0.0,0.0,0.0
2005-10-10,2005-11-24,OPTSTK,SIEMENS,2500.0,CA,0.0,0.0,0.0,167.9,148.25,0.0,0.0,0.0
2005-10-10,2005-11-24,OPTSTK,SIEMENS,2520.0,CA,0.0,0.0,0.0,112.0,137.85,0.0,0.0,0.0
2005-10-10,2005-11-24,OPTSTK,SIEMENS,2550.0,CA,0.0,0.0,0.0,144.45,123.2,0.0,0.0,0.0
2005-10-10,2005-11-24,OPTSTK,SIEMENS,2580.0,CA,0.0,0.0,0.0,123.7,109.7,0.0,0.0,0.0
2005-10-10,2005-11-24,OPTSTK,SIEMENS,2600.0,CA,0.0,0.0,0.0,123.5,101.35,0.0,0.0,0.0
2005-10-10,2005-11-24,OPTSTK,SIEMENS,2650.0,CA,0.0,0.0,0.0,104.9,82.45,0.0,0.0,0.0
2005-10-10,2005-11-24,OPTSTK,SIEMENS,2700.0,CA,0.0,0.0,0.0,105.6,66.4,0.0,0.0,0.0
2005-10-10,2005-11-24,OPTSTK,SIEMENS,2750.0,CA,0.0,0.0,0.0,95.05,53.0,0.0,0.0,0.0
2005-10-10,2005-11-24,OPTSTK,SIEMENS,2190.0,PA,0.0,0.0,0.0,102.4,15.5,0.0,0.0,0.0
2005-10-10,2005-11-24,OPTSTK,SIEMENS,2220.0,PA,0.0,0.0,0.0,115.3,19.5,0.0,0.0,0.0
2005-10-10,2005-11-24,OPTSTK,SIEMENS,2250.0,PA,0.0,0.0,0.0,129.1,24.25,0.0,0.0,0.0
2005-10-10,2005-11-24,OPTSTK,SIEMENS,2280.0,PA,0.0,0.0,0.0,143.85,29.8,0.0,0.0,0.0
2005-10-10,2005-11-24,OPTSTK,SIEMENS,2310.0,PA,0.0,0.0,0.0,159.5,36.25,0.0,0.0,0.0
2005-10-10,2005-11-24,OPTSTK,SIEMENS,2340.0,PA,0.0,0.0,0.0,176.05,43.75,0.0,0.0,0.0
2005-10-10,2005-11-24,OPTSTK,SIEMENS,2350.0,PA,0.0,0.0,0.0,75.8,46.45,0.0,0.0,0.0
2005-10-10,2005-11-24,OPTSTK,SIEMENS,2370.0,PA,0.0,0.0,0.0,193.45,52.05,0.0,0.0,0.0
2005-10-10,2005-11-24,OPTSTK,SIEMENS,2400.0,PA,0.0,0.0,0.0,191.6,61.55,0.0,0.0,0.0
2005-10-10,2005-11-24,OPTSTK,SIEMENS,2430.0,PA,0.0,0.0,0.0,141.55,72.15,0.0,0.0,0.0
2005-10-10,2005-11-24,OPTSTK,SIEMENS,2450.0,PA,0.0,0.0,0.0,114.9,79.8,0.0,0.0,0.0
2005-10-10,2005-11-24,OPTSTK,SIEMENS,2460.0,PA,0.0,0.0,0.0,158.0,83.85,0.0,0.0,0.0
2005-10-10,2005-11-24,OPTSTK,SIEMENS,2490.0,PA,0.0,0.0,0.0,175.5,96.7,0.0,0.0,0.0
2005-10-10,2005-11-24,OPTSTK,SIEMENS,2500.0,PA,0.0,0.0,0.0,138.3,101.25,0.0,0.0,0.0
2005-10-10,2005-11-24,OPTSTK,SIEMENS,2520.0,PA,0.0,0.0,0.0,188.25,110.7,0.0,0.0,0.0
2005-10-10,2005-11-24,OPTSTK,SIEMENS,2550.0,PA,0.0,0.0,0.0,164.3,125.85,0.0,0.0,0.0
2005-10-10,2005-11-24,OPTSTK,SIEMENS,2580.0,PA,0.0,0.0,0.0,187.6,142.15,0.0,0.0,0.0
2005-10-10,2005-11-24,OPTSTK,SIEMENS,2600.0,PA,0.0,0.0,0.0,192.75,153.6,0.0,0.0,0.0
2005-10-10,2005-11-24,OPTSTK,SIEMENS,2650.0,PA,0.0,0.0,0.0,223.6,184.35,0.0,0.0,0.0
2005-10-10,2005-11-24,OPTSTK,SIEMENS,2700.0,PA,0.0,0.0,0.0,227.45,217.95,0.0,0.0,0.0
2005-10-10,2005-11-24,OPTSTK,SIEMENS,2750.0,PA,0.0,0.0,0.0,238.95,254.2,0.0,0.0,0.0
2005-10-10,2005-12-29,OPTSTK,SIEMENS,2350.0,CA,0.0,0.0,0.0,303.8,285.0,0.0,0.0,0.0
2005-10-10,2005-12-29,OPTSTK,SIEMENS,2400.0,CA,0.0,0.0,0.0,273.35,253.05,0.0,0.0,0.0
2005-10-10,2005-12-29,OPTSTK,SIEMENS,2450.0,CA,0.0,0.0,0.0,245.0,223.5,0.0,0.0,0.0
2005-10-10,2005-12-29,OPTSTK,SIEMENS,2500.0,CA,0.0,0.0,0.0,218.75,196.3,0.0,0.0,0.0
2005-10-10,2005-12-29,OPTSTK,SIEMENS,2550.0,CA,0.0,0.0,0.0,194.55,171.5,0.0,0.0,0.0
2005-10-10,2005-12-29,OPTSTK,SIEMENS,2600.0,CA,0.0,0.0,0.0,172.4,149.05,0.0,0.0,0.0
2005-10-10,2005-12-29,OPTSTK,SIEMENS,2650.0,CA,0.0,0.0,0.0,152.2,128.85,0.0,0.0,0.0
2005-10-10,2005-12-29,OPTSTK,SIEMENS,2700.0,CA,0.0,0.0,0.0,180.35,110.8,0.0,0.0,0.0
2005-10-10,2005-12-29,OPTSTK,SIEMENS,2750.0,CA,0.0,0.0,0.0,160.65,94.85,0.0,0.0,0.0
2005-10-10,2005-12-29,OPTSTK,SIEMENS,2350.0,PA,0.0,0.0,0.0,97.3,75.7,0.0,0.0,0.0
2005-10-10,2005-12-29,OPTSTK,SIEMENS,2400.0,PA,0.0,0.0,0.0,116.1,93.1,0.0,0.0,0.0
2005-10-10,2005-12-29,OPTSTK,SIEMENS,2450.0,PA,0.0,0.0,0.0,137.0,112.9,0.0,0.0,0.0
2005-10-10,2005-12-29,OPTSTK,SIEMENS,2500.0,PA,0.0,0.0,0.0,160.0,135.05,0.0,0.0,0.0
2005-10-10,2005-12-29,OPTSTK,SIEMENS,2550.0,PA,0.0,0.0,0.0,185.1,159.6,0.0,0.0,0.0
2005-10-10,2005-12-29,OPTSTK,SIEMENS,2600.0,PA,0.0,0.0,0.0,212.2,186.45,0.0,0.0,0.0
2005-10-10,2005-12-29,OPTSTK,SIEMENS,2650.0,PA,0.0,0.0,0.0,241.25,215.6,0.0,0.0,0.0
2005-10-10,2005-12-29,OPTSTK,SIEMENS,2700.0,PA,0.0,0.0,0.0,235.7,246.95,0.0,0.0,0.0
2005-10-10,2005-12-29,OPTSTK,SIEMENS,2750.0,PA,0.0,0.0,0.0,265.2,280.3,0.0,0.0,0.0
2005-10-10,2005-10-27,OPTSTK,SRF,230.0,CA,0.0,0.0,0.0,63.2,80.9,0.0,0.0,0.0
2005-10-10,2005-10-27,OPTSTK,SRF,240.0,CA,0.0,0.0,0.0,58.2,71.1,0.0,0.0,0.0
2005-10-10,2005-10-27,OPTSTK,SRF,250.0,CA,0.0,0.0,0.0,53.55,61.55,0.0,0.0,0.0
2005-10-10,2005-10-27,OPTSTK,SRF,260.0,CA,0.0,0.0,0.0,49.25,52.3,0.0,0.0,0.0
2005-10-10,2005-10-27,OPTSTK,SRF,270.0,CA,0.0,0.0,0.0,45.25,43.55,0.0,0.0,0.0
2005-10-10,2005-10-27,OPTSTK,SRF,280.0,CA,0.0,0.0,0.0,41.55,35.5,0.0,0.0,0.0
2005-10-10,2005-10-27,OPTSTK,SRF,290.0,CA,0.0,0.0,0.0,38.15,28.25,0.0,0.0,0.0
2005-10-10,2005-10-27,OPTSTK,SRF,300.0,CA,0.0,0.0,0.0,22.15,21.95,0.0,0.0,6000.0
2005-10-10,2005-10-27,OPTSTK,SRF,310.0,CA,16.9,17.0,16.5,16.5,16.5,4.0,19.61,15000.0
2005-10-10,2005-10-27,OPTSTK,SRF,320.0,CA,11.25,13.55,11.0,11.2,11.2,19.0,94.46,102000.0
2005-10-10,2005-10-27,OPTSTK,SRF,330.0,CA,6.7,8.55,6.7,7.25,7.25,7.0,35.42,75000.0
2005-10-10,2005-10-27,OPTSTK,SRF,340.0,CA,4.0,5.3,4.0,4.7,4.7,7.0,36.2,84000.0
2005-10-10,2005-10-27,OPTSTK,SRF,350.0,CA,3.4,3.4,3.25,3.25,3.25,3.0,15.9,69000.0
2005-10-10,2005-10-27,OPTSTK,SRF,360.0,CA,1.0,1.0,1.0,1.0,1.0,1.0,5.41,3000.0
2005-10-10,2005-10-27,OPTSTK,SRF,370.0,CA,0.0,0.0,0.0,18.15,1.9,0.0,0.0,0.0
2005-10-10,2005-10-27,OPTSTK,SRF,230.0,PA,0.0,0.0,0.0,29.9,0.15,0.0,0.0,0.0
2005-10-10,2005-10-27,OPTSTK,SRF,240.0,PA,0.0,0.0,0.0,34.75,0.35,0.0,0.0,0.0
2005-10-10,2005-10-27,OPTSTK,SRF,250.0,PA,0.0,0.0,0.0,39.95,0.75,0.0,0.0,0.0
2005-10-10,2005-10-27,OPTSTK,SRF,260.0,PA,0.0,0.0,0.0,45.5,1.5,0.0,0.0,0.0
2005-10-10,2005-10-27,OPTSTK,SRF,270.0,PA,0.0,0.0,0.0,51.35,2.7,0.0,0.0,0.0
2005-10-10,2005-10-27,OPTSTK,SRF,280.0,PA,0.0,0.0,0.0,57.55,4.65,0.0,0.0,0.0
2005-10-10,2005-10-27,OPTSTK,SRF,290.0,PA,0.0,0.0,0.0,3.4,7.35,0.0,0.0,4500.0
2005-10-10,2005-10-27,OPTSTK,SRF,300.0,PA,0.0,0.0,0.0,9.0,11.05,0.0,0.0,27000.0
2005-10-10,2005-10-27,OPTSTK,SRF,310.0,PA,0.0,0.0,0.0,10.1,15.7,0.0,0.0,3000.0
2005-10-10,2005-10-27,OPTSTK,SRF,320.0,PA,0.0,0.0,0.0,66.25,21.3,0.0,0.0,0.0
2005-10-10,2005-10-27,OPTSTK,SRF,330.0,PA,0.0,0.0,0.0,72.5,27.85,0.0,0.0,0.0
2005-10-10,2005-10-27,OPTSTK,SRF,340.0,PA,0.0,0.0,0.0,76.25,35.25,0.0,0.0,0.0
2005-10-10,2005-10-27,OPTSTK,SRF,350.0,PA,0.0,0.0,0.0,48.85,43.25,0.0,0.0,0.0
2005-10-10,2005-10-27,OPTSTK,SRF,360.0,PA,0.0,0.0,0.0,34.7,51.8,0.0,0.0,0.0
2005-10-10,2005-10-27,OPTSTK,SRF,370.0,PA,0.0,0.0,0.0,41.0,60.8,0.0,0.0,0.0
2005-10-10,2005-11-24,OPTSTK,SRF,270.0,CA,0.0,0.0,0.0,56.3,51.1,0.0,0.0,0.0
2005-10-10,2005-11-24,OPTSTK,SRF,280.0,CA,0.0,0.0,0.0,51.1,44.25,0.0,0.0,0.0
2005-10-10,2005-11-24,OPTSTK,SRF,290.0,CA,0.0,0.0,0.0,46.35,38.0,0.0,0.0,0.0
2005-10-10,2005-11-24,OPTSTK,SRF,300.0,CA,0.0,0.0,0.0,41.9,32.4,0.0,0.0,0.0
2005-10-10,2005-11-24,OPTSTK,SRF,310.0,CA,0.0,0.0,0.0,37.9,27.4,0.0,0.0,0.0
2005-10-10,2005-11-24,OPTSTK,SRF,320.0,CA,0.0,0.0,0.0,34.2,23.0,0.0,0.0,0.0
2005-10-10,2005-11-24,OPTSTK,SRF,330.0,CA,0.0,0.0,0.0,30.8,19.2,0.0,0.0,0.0
2005-10-10,2005-11-24,OPTSTK,SRF,340.0,CA,0.0,0.0,0.0,34.55,15.9,0.0,0.0,0.0
2005-10-10,2005-11-24,OPTSTK,SRF,350.0,CA,0.0,0.0,0.0,25.95,13.1,0.0,0.0,0.0
2005-10-10,2005-11-24,OPTSTK,SRF,360.0,CA,0.0,0.0,0.0,31.3,10.7,0.0,0.0,0.0
2005-10-10,2005-11-24,OPTSTK,SRF,370.0,CA,0.0,0.0,0.0,27.5,8.7,0.0,0.0,0.0
2005-10-10,2005-11-24,OPTSTK,SRF,270.0,PA,0.0,0.0,0.0,26.85,8.95,0.0,0.0,0.0
2005-10-10,2005-11-24,OPTSTK,SRF,280.0,PA,0.0,0.0,0.0,31.55,12.05,0.0,0.0,0.0
2005-10-10,2005-11-24,OPTSTK,SRF,290.0,PA,0.0,0.0,0.0,36.6,15.75,0.0,0.0,0.0
2005-10-10,2005-11-24,OPTSTK,SRF,300.0,PA,0.0,0.0,0.0,42.05,20.05,0.0,0.0,0.0
2005-10-10,2005-11-24,OPTSTK,SRF,310.0,PA,0.0,0.0,0.0,47.9,24.95,0.0,0.0,0.0
2005-10-10,2005-11-24,OPTSTK,SRF,320.0,PA,0.0,0.0,0.0,54.05,30.5,0.0,0.0,0.0
2005-10-10,2005-11-24,OPTSTK,SRF,330.0,PA,0.0,0.0,0.0,60.5,36.6,0.0,0.0,0.0
2005-10-10,2005-11-24,OPTSTK,SRF,340.0,PA,0.0,0.0,0.0,55.85,43.25,0.0,0.0,0.0
2005-10-10,2005-11-24,OPTSTK,SRF,350.0,PA,0.0,0.0,0.0,54.8,50.35,0.0,0.0,0.0
2005-10-10,2005-11-24,OPTSTK,SRF,360.0,PA,0.0,0.0,0.0,42.55,57.9,0.0,0.0,0.0
2005-10-10,2005-11-24,OPTSTK,SRF,370.0,PA,0.0,0.0,0.0,48.7,65.8,0.0,0.0,0.0
2005-10-10,2005-12-29,OPTSTK,SRF,280.0,CA,0.0,0.0,0.0,55.15,52.65,0.0,0.0,0.0
2005-10-10,2005-12-29,OPTSTK,SRF,290.0,CA,0.0,0.0,0.0,63.6,46.95,0.0,0.0,0.0
2005-10-10,2005-12-29,OPTSTK,SRF,300.0,CA,0.0,0.0,0.0,58.3,41.7,0.0,0.0,0.0
2005-10-10,2005-12-29,OPTSTK,SRF,310.0,CA,0.0,0.0,0.0,53.35,36.9,0.0,0.0,0.0
2005-10-10,2005-12-29,OPTSTK,SRF,320.0,CA,0.0,0.0,0.0,48.75,32.55,0.0,0.0,0.0
2005-10-10,2005-12-29,OPTSTK,SRF,330.0,CA,0.0,0.0,0.0,44.45,28.6,0.0,0.0,0.0
2005-10-10,2005-12-29,OPTSTK,SRF,340.0,CA,0.0,0.0,0.0,40.5,25.1,0.0,0.0,0.0
2005-10-10,2005-12-29,OPTSTK,SRF,350.0,CA,0.0,0.0,0.0,36.9,21.95,0.0,0.0,0.0
2005-10-10,2005-12-29,OPTSTK,SRF,360.0,CA,0.0,0.0,0.0,32.15,19.15,0.0,0.0,0.0
2005-10-10,2005-12-29,OPTSTK,SRF,280.0,PA,0.0,0.0,0.0,19.95,18.85,0.0,0.0,0.0
2005-10-10,2005-12-29,OPTSTK,SRF,290.0,PA,0.0,0.0,0.0,27.75,23.0,0.0,0.0,0.0
2005-10-10,2005-12-29,OPTSTK,SRF,300.0,PA,0.0,0.0,0.0,32.3,27.6,0.0,0.0,0.0
2005-10-10,2005-12-29,OPTSTK,SRF,310.0,PA,0.0,0.0,0.0,37.15,32.7,0.0,0.0,0.0
2005-10-10,2005-12-29,OPTSTK,SRF,320.0,PA,0.0,0.0,0.0,42.4,38.2,0.0,0.0,0.0
2005-10-10,2005-12-29,OPTSTK,SRF,330.0,PA,0.0,0.0,0.0,48.0,44.15,0.0,0.0,0.0
2005-10-10,2005-12-29,OPTSTK,SRF,340.0,PA,0.0,0.0,0.0,53.9,50.5,0.0,0.0,0.0
2005-10-10,2005-12-29,OPTSTK,SRF,350.0,PA,0.0,0.0,0.0,60.1,57.2,0.0,0.0,0.0
2005-10-10,2005-12-29,OPTSTK,SRF,360.0,PA,0.0,0.0,0.0,61.75,64.3,0.0,0.0,0.0
2005-10-10,2005-10-27,OPTSTK,STAR,225.0,CA,0.0,0.0,0.0,27.9,74.35,0.0,0.0,0.0
2005-10-10,2005-10-27,OPTSTK,STAR,230.0,CA,0.0,0.0,0.0,25.05,69.4,0.0,0.0,0.0
2005-10-10,2005-10-27,OPTSTK,STAR,235.0,CA,0.0,0.0,0.0,22.4,64.5,0.0,0.0,0.0
2005-10-10,2005-10-27,OPTSTK,STAR,240.0,CA,0.0,0.0,0.0,19.95,59.6,0.0,0.0,0.0
2005-10-10,2005-10-27,OPTSTK,STAR,245.0,CA,0.0,0.0,0.0,17.7,54.8,0.0,0.0,0.0
2005-10-10,2005-10-27,OPTSTK,STAR,250.0,CA,0.0,0.0,0.0,15.65,50.1,0.0,0.0,0.0
2005-10-10,2005-10-27,OPTSTK,STAR,255.0,CA,0.0,0.0,0.0,13.8,45.45,0.0,0.0,0.0
2005-10-10,2005-10-27,OPTSTK,STAR,260.0,CA,0.0,0.0,0.0,29.45,40.95,0.0,0.0,0.0
2005-10-10,2005-10-27,OPTSTK,STAR,270.0,CA,0.0,0.0,0.0,25.0,32.55,0.0,0.0,0.0
2005-10-10,2005-10-27,OPTSTK,STAR,280.0,CA,0.0,0.0,0.0,21.15,24.95,0.0,0.0,0.0
2005-10-10,2005-10-27,OPTSTK,STAR,290.0,CA,0.0,0.0,0.0,17.75,18.5,0.0,0.0,0.0
2005-10-10,2005-10-27,OPTSTK,STAR,300.0,CA,0.0,0.0,0.0,26.0,13.2,0.0,0.0,850.0
2005-10-10,2005-10-27,OPTSTK,STAR,310.0,CA,0.0,0.0,0.0,15.0,9.05,0.0,0.0,850.0
2005-10-10,2005-10-27,OPTSTK,STAR,320.0,CA,0.0,0.0,0.0,12.0,6.0,0.0,0.0,850.0
2005-10-10,2005-10-27,OPTSTK,STAR,330.0,CA,0.0,0.0,0.0,45.75,3.85,0.0,0.0,0.0
2005-10-10,2005-10-27,OPTSTK,STAR,340.0,CA,0.0,0.0,0.0,42.2,2.35,0.0,0.0,0.0
2005-10-10,2005-10-27,OPTSTK,STAR,350.0,CA,0.0,0.0,0.0,41.45,1.4,0.0,0.0,0.0
2005-10-10,2005-10-27,OPTSTK,STAR,225.0,PA,0.0,0.0,0.0,11.3,0.05,0.0,0.0,0.0
2005-10-10,2005-10-27,OPTSTK,STAR,230.0,PA,0.0,0.0,0.0,13.4,0.1,0.0,0.0,0.0
2005-10-10,2005-10-27,OPTSTK,STAR,235.0,PA,0.0,0.0,0.0,15.65,0.2,0.0,0.0,0.0
2005-10-10,2005-10-27,OPTSTK,STAR,240.0,PA,0.0,0.0,0.0,18.15,0.3,0.0,0.0,0.0
2005-10-10,2005-10-27,OPTSTK,STAR,245.0,PA,0.0,0.0,0.0,20.85,0.5,0.0,0.0,0.0
2005-10-10,2005-10-27,OPTSTK,STAR,250.0,PA,0.0,0.0,0.0,23.7,0.75,0.0,0.0,0.0
2005-10-10,2005-10-27,OPTSTK,STAR,255.0,PA,0.0,0.0,0.0,26.8,1.1,0.0,0.0,0.0
2005-10-10,2005-10-27,OPTSTK,STAR,260.0,PA,0.0,0.0,0.0,24.35,1.6,0.0,0.0,0.0
2005-10-10,2005-10-27,OPTSTK,STAR,270.0,PA,0.0,0.0,0.0,29.75,3.15,0.0,0.0,0.0
2005-10-10,2005-10-27,OPTSTK,STAR,280.0,PA,0.0,0.0,0.0,35.75,5.55,0.0,0.0,0.0
2005-10-10,2005-10-27,OPTSTK,STAR,290.0,PA,0.0,0.0,0.0,42.25,9.05,0.0,0.0,0.0
2005-10-10,2005-10-27,OPTSTK,STAR,300.0,PA,0.0,0.0,0.0,3.5,13.75,0.0,0.0,0.0
2005-10-10,2005-10-27,OPTSTK,STAR,310.0,PA,0.0,0.0,0.0,49.0,19.55,0.0,0.0,0.0
2005-10-10,2005-10-27,OPTSTK,STAR,320.0,PA,0.0,0.0,0.0,54.75,26.5,0.0,0.0,0.0
2005-10-10,2005-10-27,OPTSTK,STAR,330.0,PA,0.0,0.0,0.0,60.8,34.3,0.0,0.0,0.0
2005-10-10,2005-10-27,OPTSTK,STAR,340.0,PA,0.0,0.0,0.0,67.1,42.8,0.0,0.0,0.0
2005-10-10,2005-10-27,OPTSTK,STAR,350.0,PA,0.0,0.0,0.0,68.2,51.8,0.0,0.0,0.0
2005-10-10,2005-11-24,OPTSTK,STAR,240.0,CA,0.0,0.0,0.0,42.2,63.05,0.0,0.0,0.0
2005-10-10,2005-11-24,OPTSTK,STAR,250.0,CA,0.0,0.0,0.0,36.25,54.65,0.0,0.0,0.0
2005-10-10,2005-11-24,OPTSTK,STAR,260.0,CA,0.0,0.0,0.0,59.05,46.8,0.0,0.0,0.0
2005-10-10,2005-11-24,OPTSTK,STAR,270.0,CA,0.0,0.0,0.0,53.65,39.6,0.0,0.0,0.0
2005-10-10,2005-11-24,OPTSTK,STAR,280.0,CA,0.0,0.0,0.0,48.65,33.1,0.0,0.0,0.0
2005-10-10,2005-11-24,OPTSTK,STAR,290.0,CA,0.0,0.0,0.0,44.05,27.3,0.0,0.0,0.0
2005-10-10,2005-11-24,OPTSTK,STAR,300.0,CA,0.0,0.0,0.0,39.8,22.3,0.0,0.0,0.0
2005-10-10,2005-11-24,OPTSTK,STAR,310.0,CA,0.0,0.0,0.0,35.9,17.95,0.0,0.0,0.0
2005-10-10,2005-11-24,OPTSTK,STAR,320.0,CA,0.0,0.0,0.0,32.4,14.3,0.0,0.0,0.0
2005-10-10,2005-11-24,OPTSTK,STAR,330.0,CA,0.0,0.0,0.0,31.45,11.3,0.0,0.0,0.0
2005-10-10,2005-11-24,OPTSTK,STAR,340.0,CA,0.0,0.0,0.0,28.1,8.85,0.0,0.0,0.0
2005-10-10,2005-11-24,OPTSTK,STAR,240.0,PA,0.0,0.0,0.0,12.95,2.6,0.0,0.0,0.0
2005-10-10,2005-11-24,OPTSTK,STAR,250.0,PA,0.0,0.0,0.0,16.9,4.1,0.0,0.0,0.0
2005-10-10,2005-11-24,OPTSTK,STAR,260.0,PA,0.0,0.0,0.0,24.2,6.15,0.0,0.0,0.0
2005-10-10,2005-11-24,OPTSTK,STAR,270.0,PA,0.0,0.0,0.0,28.65,8.9,0.0,0.0,0.0
2005-10-10,2005-11-24,OPTSTK,STAR,280.0,PA,0.0,0.0,0.0,33.5,12.3,0.0,0.0,0.0
2005-10-10,2005-11-24,OPTSTK,STAR,290.0,PA,0.0,0.0,0.0,38.75,16.45,0.0,0.0,0.0
2005-10-10,2005-11-24,OPTSTK,STAR,300.0,PA,0.0,0.0,0.0,44.35,21.35,0.0,0.0,0.0
2005-10-10,2005-11-24,OPTSTK,STAR,310.0,PA,0.0,0.0,0.0,50.3,26.95,0.0,0.0,0.0
2005-10-10,2005-11-24,OPTSTK,STAR,320.0,PA,0.0,0.0,0.0,56.65,33.25,0.0,0.0,0.0
2005-10-10,2005-11-24,OPTSTK,STAR,330.0,PA,0.0,0.0,0.0,58.45,40.15,0.0,0.0,0.0
2005-10-10,2005-11-24,OPTSTK,STAR,340.0,PA,0.0,0.0,0.0,55.45,47.6,0.0,0.0,0.0
2005-10-10,2005-12-29,OPTSTK,STAR,250.0,CA,0.0,0.0,0.0,51.45,60.25,0.0,0.0,0.0
2005-10-10,2005-12-29,OPTSTK,STAR,260.0,CA,0.0,0.0,0.0,45.25,53.15,0.0,0.0,0.0
2005-10-10,2005-12-29,OPTSTK,STAR,270.0,CA,0.0,0.0,0.0,39.6,46.55,0.0,0.0,0.0
2005-10-10,2005-12-29,OPTSTK,STAR,280.0,CA,0.0,0.0,0.0,34.45,40.6,0.0,0.0,0.0
2005-10-10,2005-12-29,OPTSTK,STAR,290.0,CA,0.0,0.0,0.0,29.85,35.15,0.0,0.0,0.0
2005-10-10,2005-12-29,OPTSTK,STAR,300.0,CA,0.0,0.0,0.0,25.75,30.3,0.0,0.0,0.0
2005-10-10,2005-12-29,OPTSTK,STAR,310.0,CA,0.0,0.0,0.0,22.15,25.95,0.0,0.0,0.0
2005-10-10,2005-12-29,OPTSTK,STAR,320.0,CA,0.0,0.0,0.0,25.1,22.15,0.0,0.0,0.0
2005-10-10,2005-12-29,OPTSTK,STAR,330.0,CA,0.0,0.0,0.0,21.75,18.8,0.0,0.0,0.0
2005-10-10,2005-12-29,OPTSTK,STAR,340.0,CA,0.0,0.0,0.0,27.1,15.85,0.0,0.0,0.0
2005-10-10,2005-12-29,OPTSTK,STAR,250.0,PA,0.0,0.0,0.0,13.15,8.25,0.0,0.0,0.0
2005-10-10,2005-12-29,OPTSTK,STAR,260.0,PA,0.0,0.0,0.0,16.8,11.05,0.0,0.0,0.0
2005-10-10,2005-12-29,OPTSTK,STAR,270.0,PA,0.0,0.0,0.0,21.0,14.35,0.0,0.0,0.0
2005-10-10,2005-12-29,OPTSTK,STAR,280.0,PA,0.0,0.0,0.0,25.75,18.2,0.0,0.0,0.0
2005-10-10,2005-12-29,OPTSTK,STAR,290.0,PA,0.0,0.0,0.0,31.0,22.65,0.0,0.0,0.0
2005-10-10,2005-12-29,OPTSTK,STAR,300.0,PA,0.0,0.0,0.0,36.75,27.65,0.0,0.0,0.0
2005-10-10,2005-12-29,OPTSTK,STAR,310.0,PA,0.0,0.0,0.0,42.95,33.2,0.0,0.0,0.0
2005-10-10,2005-12-29,OPTSTK,STAR,320.0,PA,0.0,0.0,0.0,43.7,39.25,0.0,0.0,0.0
2005-10-10,2005-12-29,OPTSTK,STAR,330.0,PA,0.0,0.0,0.0,50.2,45.75,0.0,0.0,0.0
2005-10-10,2005-12-29,OPTSTK,STAR,340.0,PA,0.0,0.0,0.0,49.55,52.7,0.0,0.0,0.0
2005-10-10,2005-10-27,OPTSTK,STER,600.0,CA,0.0,0.0,0.0,90.4,259.65,0.0,0.0,0.0
2005-10-10,2005-10-27,OPTSTK,STER,620.0,CA,0.0,0.0,0.0,78.15,239.75,0.0,0.0,0.0
2005-10-10,2005-10-27,OPTSTK,STER,640.0,CA,0.0,0.0,0.0,67.1,219.9,0.0,0.0,0.0
2005-10-10,2005-10-27,OPTSTK,STER,660.0,CA,0.0,0.0,0.0,57.15,200.15,0.0,0.0,0.0
2005-10-10,2005-10-27,OPTSTK,STER,680.0,CA,0.0,0.0,0.0,48.4,180.6,0.0,0.0,0.0
2005-10-10,2005-10-27,OPTSTK,STER,700.0,CA,0.0,0.0,0.0,40.7,161.35,0.0,0.0,0.0
2005-10-10,2005-10-27,OPTSTK,STER,720.0,CA,0.0,0.0,0.0,34.0,142.55,0.0,0.0,0.0
2005-10-10,2005-10-27,OPTSTK,STER,740.0,CA,0.0,0.0,0.0,37.55,124.4,0.0,0.0,0.0
2005-10-10,2005-10-27,OPTSTK,STER,760.0,CA,0.0,0.0,0.0,52.8,107.15,0.0,0.0,0.0
2005-10-10,2005-10-27,OPTSTK,STER,780.0,CA,0.0,0.0,0.0,45.65,90.95,0.0,0.0,0.0
2005-10-10,2005-10-27,OPTSTK,STER,800.0,CA,0.0,0.0,0.0,45.2,76.05,0.0,0.0,0.0
2005-10-10,2005-10-27,OPTSTK,STER,820.0,CA,0.0,0.0,0.0,47.95,62.55,0.0,0.0,0.0
2005-10-10,2005-10-27,OPTSTK,STER,840.0,CA,0.0,0.0,0.0,48.35,50.65,0.0,0.0,0.0
2005-10-10,2005-10-27,OPTSTK,STER,860.0,CA,0.0,0.0,0.0,39.55,40.3,0.0,0.0,0.0
2005-10-10,2005-10-27,OPTSTK,STER,880.0,CA,0.0,0.0,0.0,32.2,31.55,0.0,0.0,0.0
2005-10-10,2005-10-27,OPTSTK,STER,900.0,CA,0.0,0.0,0.0,25.95,24.3,0.0,0.0,0.0
2005-10-10,2005-10-27,OPTSTK,STER,920.0,CA,0.0,0.0,0.0,30.95,18.4,0.0,0.0,0.0
2005-10-10,2005-10-27,OPTSTK,STER,940.0,CA,0.0,0.0,0.0,69.8,13.7,0.0,0.0,0.0
2005-10-10,2005-10-27,OPTSTK,STER,960.0,CA,0.0,0.0,0.0,61.0,10.05,0.0,0.0,0.0
2005-10-10,2005-10-27,OPTSTK,STER,980.0,CA,0.0,0.0,0.0,53.05,7.25,0.0,0.0,0.0
2005-10-10,2005-10-27,OPTSTK,STER,1000.0,CA,0.0,0.0,0.0,45.9,5.15,0.0,0.0,0.0
2005-10-10,2005-10-27,OPTSTK,STER,600.0,PA,0.0,0.0,0.0,26.05,0.05,0.0,0.0,0.0
2005-10-10,2005-10-27,OPTSTK,STER,620.0,PA,0.0,0.0,0.0,33.5,0.1,0.0,0.0,0.0
2005-10-10,2005-10-27,OPTSTK,STER,640.0,PA,0.0,0.0,0.0,42.15,0.2,0.0,0.0,0.0
2005-10-10,2005-10-27,OPTSTK,STER,660.0,PA,0.0,0.0,0.0,51.95,0.4,0.0,0.0,0.0
2005-10-10,2005-10-27,OPTSTK,STER,680.0,PA,0.0,0.0,0.0,62.85,0.8,0.0,0.0,0.0
2005-10-10,2005-10-27,OPTSTK,STER,700.0,PA,0.0,0.0,0.0,74.85,1.45,0.0,0.0,0.0
2005-10-10,2005-10-27,OPTSTK,STER,720.0,PA,0.0,0.0,0.0,87.9,2.65,0.0,0.0,0.0
2005-10-10,2005-10-27,OPTSTK,STER,740.0,PA,0.0,0.0,0.0,89.4,4.45,0.0,0.0,0.0
2005-10-10,2005-10-27,OPTSTK,STER,760.0,PA,0.0,0.0,0.0,83.75,7.1,0.0,0.0,0.0
2005-10-10,2005-10-27,OPTSTK,STER,780.0,PA,0.0,0.0,0.0,96.35,10.9,0.0,0.0,0.0
2005-10-10,2005-10-27,OPTSTK,STER,800.0,PA,0.0,0.0,0.0,99.25,15.95,0.0,0.0,0.0
2005-10-10,2005-10-27,OPTSTK,STER,820.0,PA,0.0,0.0,0.0,99.25,22.4,0.0,0.0,0.0
2005-10-10,2005-10-27,OPTSTK,STER,840.0,PA,0.0,0.0,0.0,95.55,30.4,0.0,0.0,0.0
2005-10-10,2005-10-27,OPTSTK,STER,860.0,PA,0.0,0.0,0.0,61.75,40.05,0.0,0.0,0.0
2005-10-10,2005-10-27,OPTSTK,STER,880.0,PA,0.0,0.0,0.0,74.2,51.25,0.0,0.0,0.0
2005-10-10,2005-10-27,OPTSTK,STER,900.0,PA,0.0,0.0,0.0,87.8,63.9,0.0,0.0,0.0
2005-10-10,2005-10-27,OPTSTK,STER,920.0,PA,0.0,0.0,0.0,82.2,77.95,0.0,0.0,0.0
2005-10-10,2005-10-27,OPTSTK,STER,940.0,PA,0.0,0.0,0.0,68.25,93.25,0.0,0.0,0.0
2005-10-10,2005-10-27,OPTSTK,STER,960.0,PA,0.0,0.0,0.0,79.3,109.55,0.0,0.0,0.0
2005-10-10,2005-10-27,OPTSTK,STER,980.0,PA,0.0,0.0,0.0,91.25,126.7,0.0,0.0,0.0
2005-10-10,2005-10-27,OPTSTK,STER,1000.0,PA,0.0,0.0,0.0,104.0,144.55,0.0,0.0,0.0
2005-10-10,2005-11-24,OPTSTK,STER,660.0,CA,0.0,0.0,0.0,106.15,208.05,0.0,0.0,0.0
2005-10-10,2005-11-24,OPTSTK,STER,680.0,CA,0.0,0.0,0.0,94.3,190.35,0.0,0.0,0.0
2005-10-10,2005-11-24,OPTSTK,STER,700.0,CA,0.0,0.0,0.0,83.45,173.25,0.0,0.0,0.0
2005-10-10,2005-11-24,OPTSTK,STER,720.0,CA,0.0,0.0,0.0,73.5,156.9,0.0,0.0,0.0
2005-10-10,2005-11-24,OPTSTK,STER,740.0,CA,0.0,0.0,0.0,64.5,141.3,0.0,0.0,0.0
2005-10-10,2005-11-24,OPTSTK,STER,760.0,CA,0.0,0.0,0.0,56.35,126.6,0.0,0.0,0.0
2005-10-10,2005-11-24,OPTSTK,STER,780.0,CA,0.0,0.0,0.0,49.05,112.75,0.0,0.0,0.0
2005-10-10,2005-11-24,OPTSTK,STER,800.0,CA,0.0,0.0,0.0,48.7,99.95,0.0,0.0,0.0
2005-10-10,2005-11-24,OPTSTK,STER,820.0,CA,0.0,0.0,0.0,38.25,88.1,0.0,0.0,0.0
2005-10-10,2005-11-24,OPTSTK,STER,840.0,CA,0.0,0.0,0.0,34.35,77.25,0.0,0.0,0.0
2005-10-10,2005-11-24,OPTSTK,STER,860.0,CA,0.0,0.0,0.0,55.15,67.35,0.0,0.0,0.0
2005-10-10,2005-11-24,OPTSTK,STER,880.0,CA,0.0,0.0,0.0,47.4,58.45,0.0,0.0,0.0
2005-10-10,2005-11-24,OPTSTK,STER,900.0,CA,0.0,0.0,0.0,40.5,50.45,0.0,0.0,0.0
2005-10-10,2005-11-24,OPTSTK,STER,920.0,CA,0.0,0.0,0.0,47.15,43.35,0.0,0.0,0.0
2005-10-10,2005-11-24,OPTSTK,STER,940.0,CA,0.0,0.0,0.0,93.65,37.1,0.0,0.0,0.0
2005-10-10,2005-11-24,OPTSTK,STER,960.0,CA,0.0,0.0,0.0,84.85,31.55,0.0,0.0,0.0
2005-10-10,2005-11-24,OPTSTK,STER,980.0,CA,0.0,0.0,0.0,76.7,26.8,0.0,0.0,0.0
2005-10-10,2005-11-24,OPTSTK,STER,1000.0,CA,0.0,0.0,0.0,69.2,22.6,0.0,0.0,0.0
2005-10-10,2005-11-24,OPTSTK,STER,660.0,PA,0.0,0.0,0.0,35.25,5.15,0.0,0.0,0.0
2005-10-10,2005-11-24,OPTSTK,STER,680.0,PA,0.0,0.0,0.0,43.1,7.3,0.0,0.0,0.0
2005-10-10,2005-11-24,OPTSTK,STER,700.0,PA,0.0,0.0,0.0,51.95,10.05,0.0,0.0,0.0
2005-10-10,2005-11-24,OPTSTK,STER,720.0,PA,0.0,0.0,0.0,61.7,13.55,0.0,0.0,0.0
2005-10-10,2005-11-24,OPTSTK,STER,740.0,PA,0.0,0.0,0.0,72.4,17.8,0.0,0.0,0.0
2005-10-10,2005-11-24,OPTSTK,STER,760.0,PA,0.0,0.0,0.0,84.0,22.95,0.0,0.0,0.0
2005-10-10,2005-11-24,OPTSTK,STER,780.0,PA,0.0,0.0,0.0,96.4,28.95,0.0,0.0,0.0
2005-10-10,2005-11-24,OPTSTK,STER,800.0,PA,0.0,0.0,0.0,99.4,35.95,0.0,0.0,0.0
2005-10-10,2005-11-24,OPTSTK,STER,820.0,PA,0.0,0.0,0.0,96.25,44.0,0.0,0.0,0.0
2005-10-10,2005-11-24,OPTSTK,STER,840.0,PA,0.0,0.0,0.0,75.55,53.0,0.0,0.0,0.0
2005-10-10,2005-11-24,OPTSTK,STER,860.0,PA,0.0,0.0,0.0,73.45,62.95,0.0,0.0,0.0
2005-10-10,2005-11-24,OPTSTK,STER,880.0,PA,0.0,0.0,0.0,85.4,73.9,0.0,0.0,0.0
2005-10-10,2005-11-24,OPTSTK,STER,900.0,PA,0.0,0.0,0.0,98.3,85.75,0.0,0.0,0.0
2005-10-10,2005-11-24,OPTSTK,STER,920.0,PA,0.0,0.0,0.0,94.2,98.5,0.0,0.0,0.0
2005-10-10,2005-11-24,OPTSTK,STER,940.0,PA,0.0,0.0,0.0,87.75,112.1,0.0,0.0,0.0
2005-10-10,2005-11-24,OPTSTK,STER,960.0,PA,0.0,0.0,0.0,98.75,126.4,0.0,0.0,0.0
2005-10-10,2005-11-24,OPTSTK,STER,980.0,PA,0.0,0.0,0.0,110.4,141.5,0.0,0.0,0.0
2005-10-10,2005-11-24,OPTSTK,STER,1000.0,PA,0.0,0.0,0.0,122.7,157.15,0.0,0.0,0.0
2005-10-10,2005-12-29,OPTSTK,STER,780.0,CA,0.0,0.0,0.0,141.5,133.95,0.0,0.0,0.0
2005-10-10,2005-12-29,OPTSTK,STER,800.0,CA,0.0,0.0,0.0,131.0,122.15,0.0,0.0,0.0
2005-10-10,2005-12-29,OPTSTK,STER,820.0,CA,0.0,0.0,0.0,121.15,111.1,0.0,0.0,0.0
2005-10-10,2005-12-29,OPTSTK,STER,840.0,CA,0.0,0.0,0.0,111.85,100.8,0.0,0.0,0.0
2005-10-10,2005-12-29,OPTSTK,STER,860.0,CA,0.0,0.0,0.0,103.15,91.25,0.0,0.0,0.0
2005-10-10,2005-12-29,OPTSTK,STER,880.0,CA,0.0,0.0,0.0,95.05,82.4,0.0,0.0,0.0
2005-10-10,2005-12-29,OPTSTK,STER,900.0,CA,0.0,0.0,0.0,87.45,74.2,0.0,0.0,0.0
2005-10-10,2005-12-29,OPTSTK,STER,920.0,CA,0.0,0.0,0.0,93.3,66.75,0.0,0.0,0.0
2005-10-10,2005-12-29,OPTSTK,STER,940.0,CA,0.0,0.0,0.0,86.1,59.85,0.0,0.0,0.0
2005-10-10,2005-12-29,OPTSTK,STER,780.0,PA,0.0,0.0,0.0,69.65,45.7,0.0,0.0,0.0
2005-10-10,2005-12-29,OPTSTK,STER,800.0,PA,0.0,0.0,0.0,78.85,53.6,0.0,0.0,0.0
2005-10-10,2005-12-29,OPTSTK,STER,820.0,PA,0.0,0.0,0.0,88.7,62.3,0.0,0.0,0.0
2005-10-10,2005-12-29,OPTSTK,STER,840.0,PA,0.0,0.0,0.0,99.1,71.75,0.0,0.0,0.0
2005-10-10,2005-12-29,OPTSTK,STER,860.0,PA,0.0,0.0,0.0,110.15,81.9,0.0,0.0,0.0
2005-10-10,2005-12-29,OPTSTK,STER,880.0,PA,0.0,0.0,0.0,121.7,92.8,0.0,0.0,0.0
2005-10-10,2005-12-29,OPTSTK,STER,900.0,PA,0.0,0.0,0.0,133.85,104.4,0.0,0.0,0.0
2005-10-10,2005-12-29,OPTSTK,STER,920.0,PA,0.0,0.0,0.0,131.4,116.6,0.0,0.0,0.0
2005-10-10,2005-12-29,OPTSTK,STER,940.0,PA,0.0,0.0,0.0,134.15,129.5,0.0,0.0,0.0
2005-10-10,2005-10-27,OPTSTK,SUNPHARMA,540.0,CA,0.0,0.0,0.0,90.5,106.3,0.0,0.0,0.0
2005-10-10,2005-10-27,OPTSTK,SUNPHARMA,560.0,CA,0.0,0.0,0.0,86.55,86.4,0.0,0.0,0.0
2005-10-10,2005-10-27,OPTSTK,SUNPHARMA,580.0,CA,0.0,0.0,0.0,73.15,66.75,0.0,0.0,0.0
2005-10-10,2005-10-27,OPTSTK,SUNPHARMA,600.0,CA,0.0,0.0,0.0,61.2,47.9,0.0,0.0,0.0
2005-10-10,2005-10-27,OPTSTK,SUNPHARMA,620.0,CA,0.0,0.0,0.0,50.65,31.05,0.0,0.0,0.0
2005-10-10,2005-10-27,OPTSTK,SUNPHARMA,640.0,CA,0.0,0.0,0.0,27.0,17.7,0.0,0.0,1350.0
2005-10-10,2005-10-27,OPTSTK,SUNPHARMA,660.0,CA,0.0,0.0,0.0,33.55,8.7,0.0,0.0,0.0
2005-10-10,2005-10-27,OPTSTK,SUNPHARMA,680.0,CA,0.0,0.0,0.0,3.95,3.65,0.0,0.0,450.0
2005-10-10,2005-10-27,OPTSTK,SUNPHARMA,700.0,CA,0.0,0.0,0.0,18.6,1.3,0.0,0.0,0.0
2005-10-10,2005-10-27,OPTSTK,SUNPHARMA,720.0,CA,0.0,0.0,0.0,7.25,0.4,0.0,0.0,0.0
2005-10-10,2005-10-27,OPTSTK,SUNPHARMA,540.0,PA,0.0,0.0,0.0,13.65,0.05,0.0,0.0,0.0
2005-10-10,2005-10-27,OPTSTK,SUNPHARMA,560.0,PA,0.0,0.0,0.0,16.75,0.05,0.0,0.0,0.0
2005-10-10,2005-10-27,OPTSTK,SUNPHARMA,580.0,PA,0.0,0.0,0.0,23.1,0.35,0.0,0.0,0.0
2005-10-10,2005-10-27,OPTSTK,SUNPHARMA,600.0,PA,0.0,0.0,0.0,30.85,1.45,0.0,0.0,0.0
2005-10-10,2005-10-27,OPTSTK,SUNPHARMA,620.0,PA,0.0,0.0,0.0,40.0,4.55,0.0,0.0,0.0
2005-10-10,2005-10-27,OPTSTK,SUNPHARMA,640.0,PA,0.0,0.0,0.0,50.5,11.15,0.0,0.0,0.0
2005-10-10,2005-10-27,OPTSTK,SUNPHARMA,660.0,PA,0.0,0.0,0.0,62.35,22.1,0.0,0.0,0.0
2005-10-10,2005-10-27,OPTSTK,SUNPHARMA,680.0,PA,0.0,0.0,0.0,75.4,37.0,0.0,0.0,0.0
2005-10-10,2005-10-27,OPTSTK,SUNPHARMA,700.0,PA,0.0,0.0,0.0,74.1,54.6,0.0,0.0,0.0
2005-10-10,2005-10-27,OPTSTK,SUNPHARMA,720.0,PA,0.0,0.0,0.0,68.85,73.65,0.0,0.0,0.0
2005-10-10,2005-11-24,OPTSTK,SUNPHARMA,560.0,CA,0.0,0.0,0.0,89.3,90.2,0.0,0.0,0.0
2005-10-10,2005-11-24,OPTSTK,SUNPHARMA,580.0,CA,0.0,0.0,0.0,75.3,71.95,0.0,0.0,0.0
2005-10-10,2005-11-24,OPTSTK,SUNPHARMA,600.0,CA,0.0,0.0,0.0,62.7,55.15,0.0,0.0,0.0
2005-10-10,2005-11-24,OPTSTK,SUNPHARMA,620.0,CA,0.0,0.0,0.0,51.6,40.4,0.0,0.0,0.0
2005-10-10,2005-11-24,OPTSTK,SUNPHARMA,640.0,CA,0.0,0.0,0.0,41.95,28.15,0.0,0.0,0.0
2005-10-10,2005-11-24,OPTSTK,SUNPHARMA,660.0,CA,0.0,0.0,0.0,33.7,18.65,0.0,0.0,0.0
2005-10-10,2005-11-24,OPTSTK,SUNPHARMA,680.0,CA,0.0,0.0,0.0,26.75,11.65,0.0,0.0,0.0
2005-10-10,2005-11-24,OPTSTK,SUNPHARMA,700.0,CA,0.0,0.0,0.0,21.45,6.95,0.0,0.0,0.0
2005-10-10,2005-11-24,OPTSTK,SUNPHARMA,720.0,CA,0.0,0.0,0.0,13.65,3.9,0.0,0.0,0.0
2005-10-10,2005-11-24,OPTSTK,SUNPHARMA,560.0,PA,0.0,0.0,0.0,13.65,1.15,0.0,0.0,0.0
2005-10-10,2005-11-24,OPTSTK,SUNPHARMA,580.0,PA,0.0,0.0,0.0,19.3,2.75,0.0,0.0,0.0
2005-10-10,2005-11-24,OPTSTK,SUNPHARMA,600.0,PA,0.0,0.0,0.0,26.45,5.8,0.0,0.0,0.0
2005-10-10,2005-11-24,OPTSTK,SUNPHARMA,620.0,PA,0.0,0.0,0.0,35.05,10.9,0.0,0.0,0.0
2005-10-10,2005-11-24,OPTSTK,SUNPHARMA,640.0,PA,0.0,0.0,0.0,45.1,18.55,0.0,0.0,0.0
2005-10-10,2005-11-24,OPTSTK,SUNPHARMA,660.0,PA,0.0,0.0,0.0,56.55,28.85,0.0,0.0,0.0
2005-10-10,2005-11-24,OPTSTK,SUNPHARMA,680.0,PA,0.0,0.0,0.0,69.3,41.75,0.0,0.0,0.0
2005-10-10,2005-11-24,OPTSTK,SUNPHARMA,700.0,PA,0.0,0.0,0.0,78.85,56.85,0.0,0.0,0.0
2005-10-10,2005-11-24,OPTSTK,SUNPHARMA,720.0,PA,0.0,0.0,0.0,72.0,73.7,0.0,0.0,0.0
2005-10-10,2005-12-29,OPTSTK,SUNPHARMA,580.0,CA,0.0,0.0,0.0,82.25,78.7,0.0,0.0,0.0
2005-10-10,2005-12-29,OPTSTK,SUNPHARMA,600.0,CA,0.0,0.0,0.0,70.55,63.25,0.0,0.0,0.0
2005-10-10,2005-12-29,OPTSTK,SUNPHARMA,620.0,CA,0.0,0.0,0.0,56.4,49.45,0.0,0.0,0.0
2005-10-10,2005-12-29,OPTSTK,SUNPHARMA,640.0,CA,0.0,0.0,0.0,44.05,37.7,0.0,0.0,0.0
2005-10-10,2005-12-29,OPTSTK,SUNPHARMA,660.0,CA,0.0,0.0,0.0,33.55,27.95,0.0,0.0,0.0
2005-10-10,2005-12-29,OPTSTK,SUNPHARMA,680.0,CA,0.0,0.0,0.0,25.0,20.15,0.0,0.0,0.0
2005-10-10,2005-12-29,OPTSTK,SUNPHARMA,700.0,CA,0.0,0.0,0.0,18.15,14.15,0.0,0.0,0.0
2005-10-10,2005-12-29,OPTSTK,SUNPHARMA,720.0,CA,0.0,0.0,0.0,12.95,9.7,0.0,0.0,0.0
2005-10-10,2005-12-29,OPTSTK,SUNPHARMA,580.0,PA,0.0,0.0,0.0,6.55,6.2,0.0,0.0,0.0
2005-10-10,2005-12-29,OPTSTK,SUNPHARMA,600.0,PA,0.0,0.0,0.0,9.85,10.45,0.0,0.0,0.0
2005-10-10,2005-12-29,OPTSTK,SUNPHARMA,620.0,PA,0.0,0.0,0.0,15.4,16.45,0.0,0.0,0.0
2005-10-10,2005-12-29,OPTSTK,SUNPHARMA,640.0,PA,0.0,0.0,0.0,22.75,24.4,0.0,0.0,0.0
2005-10-10,2005-12-29,OPTSTK,SUNPHARMA,660.0,PA,0.0,0.0,0.0,32.0,34.4,0.0,0.0,0.0
2005-10-10,2005-12-29,OPTSTK,SUNPHARMA,680.0,PA,0.0,0.0,0.0,43.1,46.35,0.0,0.0,0.0
2005-10-10,2005-12-29,OPTSTK,SUNPHARMA,700.0,PA,0.0,0.0,0.0,56.0,60.1,0.0,0.0,0.0
2005-10-10,2005-12-29,OPTSTK,SUNPHARMA,720.0,PA,0.0,0.0,0.0,70.45,75.35,0.0,0.0,0.0
2005-10-10,2005-10-27,OPTSTK,SYNDIBANK,55.0,CA,0.0,0.0,0.0,19.75,28.9,0.0,0.0,0.0
2005-10-10,2005-10-27,OPTSTK,SYNDIBANK,60.0,CA,0.0,0.0,0.0,18.45,23.95,0.0,0.0,0.0
2005-10-10,2005-10-27,OPTSTK,SYNDIBANK,65.0,CA,0.0,0.0,0.0,15.35,18.95,0.0,0.0,0.0
2005-10-10,2005-10-27,OPTSTK,SYNDIBANK,70.0,CA,0.0,0.0,0.0,16.0,14.0,0.0,0.0,3800.0
2005-10-10,2005-10-27,OPTSTK,SYNDIBANK,75.0,CA,0.0,0.0,0.0,10.4,9.35,0.0,0.0,0.0
2005-10-10,2005-10-27,OPTSTK,SYNDIBANK,80.0,CA,0.0,0.0,0.0,9.0,5.4,0.0,0.0,30400.0
2005-10-10,2005-10-27,OPTSTK,SYNDIBANK,85.0,CA,3.75,3.75,2.9,3.05,3.05,29.0,97.11,311600.0
2005-10-10,2005-10-27,OPTSTK,SYNDIBANK,90.0,CA,1.9,1.95,1.55,1.65,1.65,20.0,69.73,486400.0
2005-10-10,2005-10-27,OPTSTK,SYNDIBANK,95.0,CA,1.0,1.05,0.8,0.9,0.9,9.0,32.8,216600.0
2005-10-10,2005-10-27,OPTSTK,SYNDIBANK,100.0,CA,0.35,0.35,0.35,0.35,0.35,1.0,3.81,83600.0
2005-10-10,2005-10-27,OPTSTK,SYNDIBANK,105.0,CA,0.0,0.0,0.0,0.3,0.05,0.0,0.0,0.0
2005-10-10,2005-10-27,OPTSTK,SYNDIBANK,55.0,PA,0.0,0.0,0.0,0.05,0.0,0.0,0.0,7600.0
2005-10-10,2005-10-27,OPTSTK,SYNDIBANK,60.0,PA,0.0,0.0,0.0,3.85,0.0,0.0,0.0,0.0
2005-10-10,2005-10-27,OPTSTK,SYNDIBANK,65.0,PA,0.0,0.0,0.0,5.7,0.05,0.0,0.0,0.0
2005-10-10,2005-10-27,OPTSTK,SYNDIBANK,70.0,PA,0.0,0.0,0.0,7.95,0.1,0.0,0.0,0.0
2005-10-10,2005-10-27,OPTSTK,SYNDIBANK,75.0,PA,0.0,0.0,0.0,0.5,0.4,0.0,0.0,3800.0
2005-10-10,2005-10-27,OPTSTK,SYNDIBANK,80.0,PA,1.45,1.75,1.4,1.75,1.75,8.0,24.8,83600.0
2005-10-10,2005-10-27,OPTSTK,SYNDIBANK,85.0,PA,3.0,3.65,3.0,3.45,3.45,9.0,30.16,140600.0
2005-10-10,2005-10-27,OPTSTK,SYNDIBANK,90.0,PA,0.0,0.0,0.0,6.0,7.1,0.0,0.0,60800.0
2005-10-10,2005-10-27,OPTSTK,SYNDIBANK,95.0,PA,0.0,0.0,0.0,21.6,11.35,0.0,0.0,0.0
2005-10-10,2005-10-27,OPTSTK,SYNDIBANK,100.0,PA,0.0,0.0,0.0,16.65,16.1,0.0,0.0,0.0
2005-10-10,2005-10-27,OPTSTK,SYNDIBANK,105.0,PA,0.0,0.0,0.0,16.1,21.0,0.0,0.0,0.0
2005-10-10,2005-11-24,OPTSTK,SYNDIBANK,60.0,CA,0.0,0.0,0.0,19.45,24.25,0.0,0.0,0.0
2005-10-10,2005-11-24,OPTSTK,SYNDIBANK,65.0,CA,0.0,0.0,0.0,16.05,19.45,0.0,0.0,0.0
2005-10-10,2005-11-24,OPTSTK,SYNDIBANK,70.0,CA,0.0,0.0,0.0,13.15,14.9,0.0,0.0,0.0
2005-10-10,2005-11-24,OPTSTK,SYNDIBANK,75.0,CA,0.0,0.0,0.0,10.65,10.8,0.0,0.0,0.0
2005-10-10,2005-11-24,OPTSTK,SYNDIBANK,80.0,CA,0.0,0.0,0.0,8.55,7.4,0.0,0.0,0.0
2005-10-10,2005-11-24,OPTSTK,SYNDIBANK,85.0,CA,0.0,0.0,0.0,6.8,4.75,0.0,0.0,0.0
2005-10-10,2005-11-24,OPTSTK,SYNDIBANK,90.0,CA,0.0,0.0,0.0,5.4,2.9,0.0,0.0,0.0
2005-10-10,2005-11-24,OPTSTK,SYNDIBANK,95.0,CA,0.0,0.0,0.0,4.1,1.65,0.0,0.0,0.0
2005-10-10,2005-11-24,OPTSTK,SYNDIBANK,100.0,CA,0.0,0.0,0.0,3.15,0.9,0.0,0.0,0.0
2005-10-10,2005-11-24,OPTSTK,SYNDIBANK,105.0,CA,0.0,0.0,0.0,1.3,0.5,0.0,0.0,0.0
2005-10-10,2005-11-24,OPTSTK,SYNDIBANK,60.0,PA,0.0,0.0,0.0,2.8,0.05,0.0,0.0,0.0
2005-10-10,2005-11-24,OPTSTK,SYNDIBANK,65.0,PA,0.0,0.0,0.0,4.35,0.2,0.0,0.0,0.0
2005-10-10,2005-11-24,OPTSTK,SYNDIBANK,70.0,PA,0.0,0.0,0.0,6.35,0.6,0.0,0.0,0.0
2005-10-10,2005-11-24,OPTSTK,SYNDIBANK,75.0,PA,0.0,0.0,0.0,8.75,1.5,0.0,0.0,0.0
2005-10-10,2005-11-24,OPTSTK,SYNDIBANK,80.0,PA,0.0,0.0,0.0,11.6,3.05,0.0,0.0,0.0
2005-10-10,2005-11-24,OPTSTK,SYNDIBANK,85.0,PA,0.0,0.0,0.0,14.8,5.35,0.0,0.0,0.0
2005-10-10,2005-11-24,OPTSTK,SYNDIBANK,90.0,PA,0.0,0.0,0.0,18.3,8.45,0.0,0.0,0.0
2005-10-10,2005-11-24,OPTSTK,SYNDIBANK,95.0,PA,0.0,0.0,0.0,20.25,12.2,0.0,0.0,0.0
2005-10-10,2005-11-24,OPTSTK,SYNDIBANK,100.0,PA,0.0,0.0,0.0,17.6,16.4,0.0,0.0,0.0
2005-10-10,2005-11-24,OPTSTK,SYNDIBANK,105.0,PA,0.0,0.0,0.0,16.55,20.95,0.0,0.0,0.0
2005-10-10,2005-12-29,OPTSTK,SYNDIBANK,70.0,CA,0.0,0.0,0.0,16.35,16.05,0.0,0.0,0.0
2005-10-10,2005-12-29,OPTSTK,SYNDIBANK,75.0,CA,0.0,0.0,0.0,12.7,12.35,0.0,0.0,0.0
2005-10-10,2005-12-29,OPTSTK,SYNDIBANK,80.0,CA,0.0,0.0,0.0,9.6,9.2,0.0,0.0,0.0
2005-10-10,2005-12-29,OPTSTK,SYNDIBANK,85.0,CA,0.0,0.0,0.0,7.1,6.65,0.0,0.0,0.0
2005-10-10,2005-12-29,OPTSTK,SYNDIBANK,90.0,CA,0.0,0.0,0.0,5.1,4.65,0.0,0.0,0.0
2005-10-10,2005-12-29,OPTSTK,SYNDIBANK,95.0,CA,0.0,0.0,0.0,3.55,3.2,0.0,0.0,0.0
2005-10-10,2005-12-29,OPTSTK,SYNDIBANK,100.0,CA,0.0,0.0,0.0,2.45,2.15,0.0,0.0,0.0
2005-10-10,2005-12-29,OPTSTK,SYNDIBANK,105.0,CA,0.0,0.0,0.0,2.6,1.4,0.0,0.0,0.0
2005-10-10,2005-12-29,OPTSTK,SYNDIBANK,70.0,PA,0.0,0.0,0.0,1.6,1.4,0.0,0.0,0.0
2005-10-10,2005-12-29,OPTSTK,SYNDIBANK,75.0,PA,0.0,0.0,0.0,2.85,2.6,0.0,0.0,0.0
2005-10-10,2005-12-29,OPTSTK,SYNDIBANK,80.0,PA,0.0,0.0,0.0,4.7,4.4,0.0,0.0,0.0
2005-10-10,2005-12-29,OPTSTK,SYNDIBANK,85.0,PA,0.0,0.0,0.0,7.1,6.8,0.0,0.0,0.0
2005-10-10,2005-12-29,OPTSTK,SYNDIBANK,90.0,PA,0.0,0.0,0.0,10.0,9.75,0.0,0.0,0.0
2005-10-10,2005-12-29,OPTSTK,SYNDIBANK,95.0,PA,0.0,0.0,0.0,13.4,13.2,0.0,0.0,0.0
2005-10-10,2005-12-29,OPTSTK,SYNDIBANK,100.0,PA,0.0,0.0,0.0,17.25,17.1,0.0,0.0,0.0
2005-10-10,2005-12-29,OPTSTK,SYNDIBANK,105.0,PA,0.0,0.0,0.0,17.3,21.25,0.0,0.0,0.0
2005-10-10,2005-10-27,OPTSTK,TATACHEM,165.0,CA,0.0,0.0,0.0,24.75,29.85,0.0,0.0,0.0
2005-10-10,2005-10-27,OPTSTK,TATACHEM,170.0,CA,0.0,0.0,0.0,21.6,25.15,0.0,0.0,0.0
2005-10-10,2005-10-27,OPTSTK,TATACHEM,175.0,CA,0.0,0.0,0.0,18.75,20.7,0.0,0.0,0.0
2005-10-10,2005-10-27,OPTSTK,TATACHEM,180.0,CA,0.0,0.0,0.0,16.15,16.55,0.0,0.0,0.0
2005-10-10,2005-10-27,OPTSTK,TATACHEM,185.0,CA,0.0,0.0,0.0,13.8,12.85,0.0,0.0,0.0
2005-10-10,2005-10-27,OPTSTK,TATACHEM,190.0,CA,8.0,10.0,8.0,10.0,10.0,2.0,5.37,31050.0
2005-10-10,2005-10-27,OPTSTK,TATACHEM,195.0,CA,6.0,6.0,6.0,6.0,6.0,1.0,2.71,25650.0
2005-10-10,2005-10-27,OPTSTK,TATACHEM,200.0,CA,4.45,4.45,3.05,3.25,3.25,15.0,41.24,199800.0
2005-10-10,2005-10-27,OPTSTK,TATACHEM,205.0,CA,2.2,2.45,2.2,2.4,2.4,6.0,16.79,130950.0
2005-10-10,2005-10-27,OPTSTK,TATACHEM,210.0,CA,2.0,2.0,1.55,1.55,1.55,6.0,17.15,205200.0
2005-10-10,2005-10-27,OPTSTK,TATACHEM,215.0,CA,1.0,1.0,1.0,1.0,1.0,1.0,2.91,41850.0
2005-10-10,2005-10-27,OPTSTK,TATACHEM,220.0,CA,0.0,0.0,0.0,1.5,0.85,0.0,0.0,4050.0
2005-10-10,2005-10-27,OPTSTK,TATACHEM,225.0,CA,0.0,0.0,0.0,7.0,0.5,0.0,0.0,0.0
2005-10-10,2005-10-27,OPTSTK,TATACHEM,165.0,PA,0.0,0.0,0.0,6.45,0.25,0.0,0.0,0.0
2005-10-10,2005-10-27,OPTSTK,TATACHEM,170.0,PA,0.0,0.0,0.0,8.2,0.55,0.0,0.0,0.0
2005-10-10,2005-10-27,OPTSTK,TATACHEM,175.0,PA,0.0,0.0,0.0,10.25,1.1,0.0,0.0,0.0
2005-10-10,2005-10-27,OPTSTK,TATACHEM,180.0,PA,0.0,0.0,0.0,12.6,1.95,0.0,0.0,0.0
2005-10-10,2005-10-27,OPTSTK,TATACHEM,185.0,PA,0.0,0.0,0.0,15.2,3.25,0.0,0.0,0.0
2005-10-10,2005-10-27,OPTSTK,TATACHEM,190.0,PA,0.0,0.0,0.0,4.1,5.05,0.0,0.0,20250.0
2005-10-10,2005-10-27,OPTSTK,TATACHEM,195.0,PA,0.0,0.0,0.0,8.35,7.4,0.0,0.0,5400.0
2005-10-10,2005-10-27,OPTSTK,TATACHEM,200.0,PA,0.0,0.0,0.0,9.0,10.3,0.0,0.0,4050.0
2005-10-10,2005-10-27,OPTSTK,TATACHEM,205.0,PA,0.0,0.0,0.0,21.7,13.7,0.0,0.0,0.0
2005-10-10,2005-10-27,OPTSTK,TATACHEM,210.0,PA,0.0,0.0,0.0,17.45,17.5,0.0,0.0,0.0
2005-10-10,2005-10-27,OPTSTK,TATACHEM,215.0,PA,0.0,0.0,0.0,17.9,21.7,0.0,0.0,0.0
2005-10-10,2005-10-27,OPTSTK,TATACHEM,220.0,PA,0.0,0.0,0.0,17.75,26.15,0.0,0.0,0.0
2005-10-10,2005-10-27,OPTSTK,TATACHEM,225.0,PA,0.0,0.0,0.0,21.1,30.8,0.0,0.0,0.0
2005-10-10,2005-11-24,OPTSTK,TATACHEM,170.0,CA,0.0,0.0,0.0,19.9,28.05,0.0,0.0,0.0
2005-10-10,2005-11-24,OPTSTK,TATACHEM,175.0,CA,0.0,0.0,0.0,16.65,24.2,0.0,0.0,0.0
2005-10-10,2005-11-24,OPTSTK,TATACHEM,180.0,CA,0.0,0.0,0.0,13.75,20.65,0.0,0.0,0.0
2005-10-10,2005-11-24,OPTSTK,TATACHEM,185.0,CA,0.0,0.0,0.0,11.2,17.4,0.0,0.0,0.0
2005-10-10,2005-11-24,OPTSTK,TATACHEM,190.0,CA,0.0,0.0,0.0,9.0,14.55,0.0,0.0,0.0
2005-10-10,2005-11-24,OPTSTK,TATACHEM,195.0,CA,0.0,0.0,0.0,7.15,12.0,0.0,0.0,0.0
2005-10-10,2005-11-24,OPTSTK,TATACHEM,200.0,CA,0.0,0.0,0.0,5.6,9.8,0.0,0.0,0.0
2005-10-10,2005-11-24,OPTSTK,TATACHEM,205.0,CA,0.0,0.0,0.0,6.95,7.9,0.0,0.0,1350.0
2005-10-10,2005-11-24,OPTSTK,TATACHEM,210.0,CA,0.0,0.0,0.0,6.8,6.3,0.0,0.0,0.0
2005-10-10,2005-11-24,OPTSTK,TATACHEM,215.0,CA,0.0,0.0,0.0,6.8,5.0,0.0,0.0,0.0
2005-10-10,2005-11-24,OPTSTK,TATACHEM,220.0,CA,0.0,0.0,0.0,12.55,3.9,0.0,0.0,0.0
2005-10-10,2005-11-24,OPTSTK,TATACHEM,225.0,CA,0.0,0.0,0.0,10.75,3.05,0.0,0.0,0.0
2005-10-10,2005-11-24,OPTSTK,TATACHEM,170.0,PA,0.0,0.0,0.0,4.5,2.65,0.0,0.0,0.0
2005-10-10,2005-11-24,OPTSTK,TATACHEM,175.0,PA,0.0,0.0,0.0,6.15,3.75,0.0,0.0,0.0
2005-10-10,2005-11-24,OPTSTK,TATACHEM,180.0,PA,0.0,0.0,0.0,8.15,5.15,0.0,0.0,0.0
2005-10-10,2005-11-24,OPTSTK,TATACHEM,185.0,PA,0.0,0.0,0.0,10.55,6.9,0.0,0.0,0.0
2005-10-10,2005-11-24,OPTSTK,TATACHEM,190.0,PA,0.0,0.0,0.0,13.3,9.0,0.0,0.0,0.0
2005-10-10,2005-11-24,OPTSTK,TATACHEM,195.0,PA,0.0,0.0,0.0,16.35,11.4,0.0,0.0,0.0
2005-10-10,2005-11-24,OPTSTK,TATACHEM,200.0,PA,0.0,0.0,0.0,19.75,14.15,0.0,0.0,0.0
2005-10-10,2005-11-24,OPTSTK,TATACHEM,205.0,PA,0.0,0.0,0.0,19.35,17.25,0.0,0.0,0.0
2005-10-10,2005-11-24,OPTSTK,TATACHEM,210.0,PA,0.0,0.0,0.0,18.85,20.6,0.0,0.0,0.0
2005-10-10,2005-11-24,OPTSTK,TATACHEM,215.0,PA,0.0,0.0,0.0,19.5,24.25,0.0,0.0,0.0
2005-10-10,2005-11-24,OPTSTK,TATACHEM,220.0,PA,0.0,0.0,0.0,20.7,28.15,0.0,0.0,0.0
2005-10-10,2005-11-24,OPTSTK,TATACHEM,225.0,PA,0.0,0.0,0.0,23.85,32.2,0.0,0.0,0.0
2005-10-10,2005-12-29,OPTSTK,TATACHEM,175.0,CA,0.0,0.0,0.0,27.8,27.85,0.0,0.0,0.0
2005-10-10,2005-12-29,OPTSTK,TATACHEM,180.0,CA,0.0,0.0,0.0,25.8,24.6,0.0,0.0,0.0
2005-10-10,2005-12-29,OPTSTK,TATACHEM,185.0,CA,0.0,0.0,0.0,22.95,21.6,0.0,0.0,0.0
2005-10-10,2005-12-29,OPTSTK,TATACHEM,190.0,CA,0.0,0.0,0.0,20.4,18.85,0.0,0.0,0.0
2005-10-10,2005-12-29,OPTSTK,TATACHEM,195.0,CA,0.0,0.0,0.0,18.0,16.4,0.0,0.0,0.0
2005-10-10,2005-12-29,OPTSTK,TATACHEM,200.0,CA,0.0,0.0,0.0,15.85,14.15,0.0,0.0,0.0
2005-10-10,2005-12-29,OPTSTK,TATACHEM,205.0,CA,0.0,0.0,0.0,13.9,12.15,0.0,0.0,0.0
2005-10-10,2005-12-29,OPTSTK,TATACHEM,210.0,CA,0.0,0.0,0.0,12.2,10.4,0.0,0.0,0.0
2005-10-10,2005-12-29,OPTSTK,TATACHEM,215.0,CA,0.0,0.0,0.0,14.55,8.85,0.0,0.0,0.0
2005-10-10,2005-12-29,OPTSTK,TATACHEM,175.0,PA,0.0,0.0,0.0,8.3,6.45,0.0,0.0,0.0
2005-10-10,2005-12-29,OPTSTK,TATACHEM,180.0,PA,0.0,0.0,0.0,10.55,8.1,0.0,0.0,0.0
2005-10-10,2005-12-29,OPTSTK,TATACHEM,185.0,PA,0.0,0.0,0.0,12.65,10.05,0.0,0.0,0.0
2005-10-10,2005-12-29,OPTSTK,TATACHEM,190.0,PA,0.0,0.0,0.0,15.0,12.25,0.0,0.0,0.0
2005-10-10,2005-12-29,OPTSTK,TATACHEM,195.0,PA,0.0,0.0,0.0,17.55,14.7,0.0,0.0,0.0
2005-10-10,2005-12-29,OPTSTK,TATACHEM,200.0,PA,0.0,0.0,0.0,20.3,17.4,0.0,0.0,0.0
2005-10-10,2005-12-29,OPTSTK,TATACHEM,205.0,PA,0.0,0.0,0.0,23.3,20.35,0.0,0.0,0.0
2005-10-10,2005-12-29,OPTSTK,TATACHEM,210.0,PA,0.0,0.0,0.0,26.5,23.5,0.0,0.0,0.0
2005-10-10,2005-12-29,OPTSTK,TATACHEM,215.0,PA,0.0,0.0,0.0,25.55,26.9,0.0,0.0,0.0
2005-10-10,2005-10-27,OPTSTK,TATAMOTORS,430.0,CA,0.0,0.0,0.0,50.45,110.35,0.0,0.0,0.0
2005-10-10,2005-10-27,OPTSTK,TATAMOTORS,440.0,CA,0.0,0.0,0.0,77.5,100.45,0.0,0.0,0.0
2005-10-10,2005-10-27,OPTSTK,TATAMOTORS,450.0,CA,0.0,0.0,0.0,52.45,90.6,0.0,0.0,0.0
2005-10-10,2005-10-27,OPTSTK,TATAMOTORS,460.0,CA,0.0,0.0,0.0,46.2,80.85,0.0,0.0,0.0
2005-10-10,2005-10-27,OPTSTK,TATAMOTORS,470.0,CA,0.0,0.0,0.0,40.4,71.35,0.0,0.0,0.0
2005-10-10,2005-10-27,OPTSTK,TATAMOTORS,480.0,CA,0.0,0.0,0.0,35.15,62.1,0.0,0.0,0.0
2005-10-10,2005-10-27,OPTSTK,TATAMOTORS,490.0,CA,0.0,0.0,0.0,40.0,53.25,0.0,0.0,1650.0
2005-10-10,2005-10-27,OPTSTK,TATAMOTORS,500.0,CA,0.0,0.0,0.0,49.0,44.95,0.0,0.0,2475.0
2005-10-10,2005-10-27,OPTSTK,TATAMOTORS,510.0,CA,0.0,0.0,0.0,48.0,37.25,0.0,0.0,1650.0
2005-10-10,2005-10-27,OPTSTK,TATAMOTORS,520.0,CA,26.5,29.0,26.1,26.1,26.1,4.0,18.05,47025.0
2005-10-10,2005-10-27,OPTSTK,TATAMOTORS,530.0,CA,21.0,22.0,21.0,22.0,22.0,2.0,9.09,25575.0
2005-10-10,2005-10-27,OPTSTK,TATAMOTORS,540.0,CA,21.0,21.0,13.0,13.7,13.7,87.0,398.56,183975.0
2005-10-10,2005-10-27,OPTSTK,TATAMOTORS,560.0,CA,11.75,11.75,7.0,7.3,7.3,99.0,464.68,491700.0
2005-10-10,2005-10-27,OPTSTK,TATAMOTORS,580.0,CA,5.15,5.5,3.1,3.7,3.7,32.0,154.27,208725.0
2005-10-10,2005-10-27,OPTSTK,TATAMOTORS,600.0,CA,2.5,2.5,2.0,2.0,2.0,7.0,34.78,56925.0
2005-10-10,2005-10-27,OPTSTK,TATAMOTORS,620.0,CA,0.0,0.0,0.0,4.65,1.2,0.0,0.0,0.0
2005-10-10,2005-10-27,OPTSTK,TATAMOTORS,640.0,CA,0.0,0.0,0.0,4.0,0.5,0.0,0.0,0.0
2005-10-10,2005-10-27,OPTSTK,TATAMOTORS,430.0,PA,0.0,0.0,0.0,11.45,0.05,0.0,0.0,0.0
2005-10-10,2005-10-27,OPTSTK,TATAMOTORS,440.0,PA,0.0,0.0,0.0,5.0,0.15,0.0,0.0,1650.0
2005-10-10,2005-10-27,OPTSTK,TATAMOTORS,450.0,PA,0.0,0.0,0.0,1.05,0.3,0.0,0.0,2475.0
2005-10-10,2005-10-27,OPTSTK,TATAMOTORS,460.0,PA,0.0,0.0,0.0,4.4,0.55,0.0,0.0,1650.0
2005-10-10,2005-10-27,OPTSTK,TATAMOTORS,470.0,PA,0.0,0.0,0.0,22.6,1.0,0.0,0.0,0.0
2005-10-10,2005-10-27,OPTSTK,TATAMOTORS,480.0,PA,0.0,0.0,0.0,27.15,1.7,0.0,0.0,0.0
2005-10-10,2005-10-27,OPTSTK,TATAMOTORS,490.0,PA,0.0,0.0,0.0,1.0,2.85,0.0,0.0,7425.0
2005-10-10,2005-10-27,OPTSTK,TATAMOTORS,500.0,PA,2.9,2.9,2.5,2.9,2.9,4.0,16.58,27225.0
2005-10-10,2005-10-27,OPTSTK,TATAMOTORS,510.0,PA,3.9,3.9,3.9,3.9,3.9,1.0,4.23,14850.0
2005-10-10,2005-10-27,OPTSTK,TATAMOTORS,520.0,PA,6.45,6.95,6.45,6.95,6.95,5.0,21.72,49500.0
2005-10-10,2005-10-27,OPTSTK,TATAMOTORS,530.0,PA,11.25,11.3,11.25,11.3,11.3,2.0,8.93,10725.0
2005-10-10,2005-10-27,OPTSTK,TATAMOTORS,540.0,PA,13.8,16.5,13.5,15.15,15.15,34.0,155.61,61875.0
2005-10-10,2005-10-27,OPTSTK,TATAMOTORS,560.0,PA,29.0,29.0,23.25,28.25,28.25,10.0,48.31,40425.0
2005-10-10,2005-10-27,OPTSTK,TATAMOTORS,580.0,PA,40.0,40.0,40.0,40.0,40.0,1.0,5.11,22275.0
2005-10-10,2005-10-27,OPTSTK,TATAMOTORS,600.0,PA,0.0,0.0,0.0,57.35,62.0,0.0,0.0,0.0
2005-10-10,2005-10-27,OPTSTK,TATAMOTORS,620.0,PA,0.0,0.0,0.0,68.95,80.45,0.0,0.0,0.0
2005-10-10,2005-10-27,OPTSTK,TATAMOTORS,640.0,PA,0.0,0.0,0.0,70.65,99.7,0.0,0.0,0.0
2005-10-10,2005-11-24,OPTSTK,TATAMOTORS,430.0,CA,0.0,0.0,0.0,56.65,113.7,0.0,0.0,0.0
2005-10-10,2005-11-24,OPTSTK,TATAMOTORS,440.0,CA,0.0,0.0,0.0,55.35,104.4,0.0,0.0,0.0
2005-10-10,2005-11-24,OPTSTK,TATAMOTORS,450.0,CA,0.0,0.0,0.0,49.45,95.35,0.0,0.0,0.0
2005-10-10,2005-11-24,OPTSTK,TATAMOTORS,460.0,CA,0.0,0.0,0.0,43.95,86.6,0.0,0.0,0.0
2005-10-10,2005-11-24,OPTSTK,TATAMOTORS,470.0,CA,0.0,0.0,0.0,38.9,78.15,0.0,0.0,0.0
2005-10-10,2005-11-24,OPTSTK,TATAMOTORS,480.0,CA,0.0,0.0,0.0,34.3,70.1,0.0,0.0,0.0
2005-10-10,2005-11-24,OPTSTK,TATAMOTORS,490.0,CA,0.0,0.0,0.0,30.1,62.5,0.0,0.0,0.0
2005-10-10,2005-11-24,OPTSTK,TATAMOTORS,500.0,CA,0.0,0.0,0.0,26.35,55.3,0.0,0.0,0.0
2005-10-10,2005-11-24,OPTSTK,TATAMOTORS,510.0,CA,0.0,0.0,0.0,33.85,48.6,0.0,0.0,0.0
2005-10-10,2005-11-24,OPTSTK,TATAMOTORS,520.0,CA,0.0,0.0,0.0,29.9,42.45,0.0,0.0,0.0
2005-10-10,2005-11-24,OPTSTK,TATAMOTORS,530.0,CA,0.0,0.0,0.0,25.65,36.8,0.0,0.0,0.0
2005-10-10,2005-11-24,OPTSTK,TATAMOTORS,540.0,CA,0.0,0.0,0.0,28.5,31.7,0.0,0.0,0.0
2005-10-10,2005-11-24,OPTSTK,TATAMOTORS,560.0,CA,0.0,0.0,0.0,21.85,23.0,0.0,0.0,0.0
2005-10-10,2005-11-24,OPTSTK,TATAMOTORS,580.0,CA,0.0,0.0,0.0,9.2,16.25,0.0,0.0,825.0
2005-10-10,2005-11-24,OPTSTK,TATAMOTORS,600.0,CA,0.0,0.0,0.0,13.8,11.2,0.0,0.0,0.0
2005-10-10,2005-11-24,OPTSTK,TATAMOTORS,620.0,CA,0.0,0.0,0.0,13.2,7.5,0.0,0.0,0.0
2005-10-10,2005-11-24,OPTSTK,TATAMOTORS,640.0,CA,0.0,0.0,0.0,12.75,4.95,0.0,0.0,0.0
2005-10-10,2005-11-24,OPTSTK,TATAMOTORS,430.0,PA,0.0,0.0,0.0,15.7,1.35,0.0,0.0,0.0
2005-10-10,2005-11-24,OPTSTK,TATAMOTORS,440.0,PA,0.0,0.0,0.0,19.6,2.0,0.0,0.0,0.0
2005-10-10,2005-11-24,OPTSTK,TATAMOTORS,450.0,PA,0.0,0.0,0.0,23.5,2.9,0.0,0.0,0.0
2005-10-10,2005-11-24,OPTSTK,TATAMOTORS,460.0,PA,0.0,0.0,0.0,27.85,4.05,0.0,0.0,0.0
2005-10-10,2005-11-24,OPTSTK,TATAMOTORS,470.0,PA,0.0,0.0,0.0,32.7,5.55,0.0,0.0,0.0
2005-10-10,2005-11-24,OPTSTK,TATAMOTORS,480.0,PA,0.0,0.0,0.0,37.95,7.4,0.0,0.0,0.0
2005-10-10,2005-11-24,OPTSTK,TATAMOTORS,490.0,PA,0.0,0.0,0.0,43.6,9.7,0.0,0.0,0.0
2005-10-10,2005-11-24,OPTSTK,TATAMOTORS,500.0,PA,0.0,0.0,0.0,49.65,12.45,0.0,0.0,0.0
2005-10-10,2005-11-24,OPTSTK,TATAMOTORS,510.0,PA,0.0,0.0,0.0,44.3,15.7,0.0,0.0,0.0
2005-10-10,2005-11-24,OPTSTK,TATAMOTORS,520.0,PA,0.0,0.0,0.0,50.2,19.45,0.0,0.0,0.0
2005-10-10,2005-11-24,OPTSTK,TATAMOTORS,530.0,PA,0.0,0.0,0.0,53.3,23.75,0.0,0.0,0.0
2005-10-10,2005-11-24,OPTSTK,TATAMOTORS,540.0,PA,0.0,0.0,0.0,50.45,28.55,0.0,0.0,0.0
2005-10-10,2005-11-24,OPTSTK,TATAMOTORS,560.0,PA,0.0,0.0,0.0,63.55,39.7,0.0,0.0,0.0
2005-10-10,2005-11-24,OPTSTK,TATAMOTORS,580.0,PA,0.0,0.0,0.0,77.95,52.8,0.0,0.0,0.0
2005-10-10,2005-11-24,OPTSTK,TATAMOTORS,600.0,PA,0.0,0.0,0.0,62.05,67.65,0.0,0.0,0.0
2005-10-10,2005-11-24,OPTSTK,TATAMOTORS,620.0,PA,0.0,0.0,0.0,74.55,83.8,0.0,0.0,0.0
2005-10-10,2005-11-24,OPTSTK,TATAMOTORS,640.0,PA,0.0,0.0,0.0,76.3,101.05,0.0,0.0,0.0
2005-10-10,2005-12-29,OPTSTK,TATAMOTORS,480.0,CA,0.0,0.0,0.0,78.95,79.15,0.0,0.0,0.0
2005-10-10,2005-12-29,OPTSTK,TATAMOTORS,500.0,CA,0.0,0.0,0.0,65.8,65.55,0.0,0.0,0.0
2005-10-10,2005-12-29,OPTSTK,TATAMOTORS,520.0,CA,0.0,0.0,0.0,54.2,53.55,0.0,0.0,0.0
2005-10-10,2005-12-29,OPTSTK,TATAMOTORS,540.0,CA,0.0,0.0,0.0,44.1,43.15,0.0,0.0,0.0
2005-10-10,2005-12-29,OPTSTK,TATAMOTORS,560.0,CA,0.0,0.0,0.0,35.45,34.3,0.0,0.0,0.0
2005-10-10,2005-12-29,OPTSTK,TATAMOTORS,580.0,CA,0.0,0.0,0.0,28.15,26.9,0.0,0.0,0.0
2005-10-10,2005-12-29,OPTSTK,TATAMOTORS,600.0,CA,0.0,0.0,0.0,22.15,20.85,0.0,0.0,0.0
2005-10-10,2005-12-29,OPTSTK,TATAMOTORS,620.0,CA,0.0,0.0,0.0,22.85,16.0,0.0,0.0,0.0
2005-10-10,2005-12-29,OPTSTK,TATAMOTORS,640.0,CA,0.0,0.0,0.0,22.6,12.1,0.0,0.0,0.0
2005-10-10,2005-12-29,OPTSTK,TATAMOTORS,480.0,PA,0.0,0.0,0.0,15.95,13.7,0.0,0.0,0.0
2005-10-10,2005-12-29,OPTSTK,TATAMOTORS,500.0,PA,0.0,0.0,0.0,22.5,19.85,0.0,0.0,0.0
2005-10-10,2005-12-29,OPTSTK,TATAMOTORS,520.0,PA,0.0,0.0,0.0,30.55,27.6,0.0,0.0,0.0
2005-10-10,2005-12-29,OPTSTK,TATAMOTORS,540.0,PA,0.0,0.0,0.0,40.15,36.95,0.0,0.0,0.0
2005-10-10,2005-12-29,OPTSTK,TATAMOTORS,560.0,PA,0.0,0.0,0.0,51.2,47.8,0.0,0.0,0.0
2005-10-10,2005-12-29,OPTSTK,TATAMOTORS,580.0,PA,0.0,0.0,0.0,63.65,60.15,0.0,0.0,0.0
2005-10-10,2005-12-29,OPTSTK,TATAMOTORS,600.0,PA,0.0,0.0,0.0,77.35,73.85,0.0,0.0,0.0
2005-10-10,2005-12-29,OPTSTK,TATAMOTORS,620.0,PA,0.0,0.0,0.0,80.65,88.7,0.0,0.0,0.0
2005-10-10,2005-12-29,OPTSTK,TATAMOTORS,640.0,PA,0.0,0.0,0.0,82.55,104.55,0.0,0.0,0.0
2005-10-10,2005-10-27,OPTSTK,TATAPOWER,360.0,CA,0.0,0.0,0.0,45.1,103.75,0.0,0.0,0.0
2005-10-10,2005-10-27,OPTSTK,TATAPOWER,370.0,CA,0.0,0.0,0.0,37.95,93.8,0.0,0.0,0.0
2005-10-10,2005-10-27,OPTSTK,TATAPOWER,380.0,CA,0.0,0.0,0.0,31.55,83.9,0.0,0.0,0.0
2005-10-10,2005-10-27,OPTSTK,TATAPOWER,390.0,CA,0.0,0.0,0.0,25.85,74.05,0.0,0.0,0.0
2005-10-10,2005-10-27,OPTSTK,TATAPOWER,400.0,CA,0.0,0.0,0.0,20.9,64.35,0.0,0.0,0.0
2005-10-10,2005-10-27,OPTSTK,TATAPOWER,410.0,CA,0.0,0.0,0.0,16.65,54.9,0.0,0.0,0.0
2005-10-10,2005-10-27,OPTSTK,TATAPOWER,420.0,CA,0.0,0.0,0.0,15.0,45.85,0.0,0.0,800.0
2005-10-10,2005-10-27,OPTSTK,TATAPOWER,430.0,CA,0.0,0.0,0.0,14.6,37.4,0.0,0.0,0.0
2005-10-10,2005-10-27,OPTSTK,TATAPOWER,440.0,CA,0.0,0.0,0.0,42.0,29.7,0.0,0.0,800.0
2005-10-10,2005-10-27,OPTSTK,TATAPOWER,450.0,CA,15.0,15.0,15.0,15.0,15.0,1.0,3.72,800.0
2005-10-10,2005-10-27,OPTSTK,TATAPOWER,460.0,CA,0.0,0.0,0.0,22.5,17.1,0.0,0.0,7200.0
2005-10-10,2005-10-27,OPTSTK,TATAPOWER,470.0,CA,19.3,19.3,19.3,19.3,19.3,1.0,3.91,9600.0
2005-10-10,2005-10-27,OPTSTK,TATAPOWER,480.0,CA,11.7,11.7,9.5,9.5,9.5,5.0,19.6,39200.0
2005-10-10,2005-10-27,OPTSTK,TATAPOWER,490.0,CA,11.0,11.0,9.0,9.0,9.0,2.0,8.0,18400.0
2005-10-10,2005-10-27,OPTSTK,TATAPOWER,500.0,CA,5.95,5.95,5.75,5.75,5.75,2.0,8.09,46400.0
2005-10-10,2005-10-27,OPTSTK,TATAPOWER,510.0,CA,0.0,0.0,0.0,3.5,2.45,0.0,0.0,4800.0
2005-10-10,2005-10-27,OPTSTK,TATAPOWER,360.0,PA,0.0,0.0,0.0,6.6,0.05,0.0,0.0,0.0
2005-10-10,2005-10-27,OPTSTK,TATAPOWER,370.0,PA,1.0,1.0,1.0,1.0,1.0,1.0,2.96,800.0
2005-10-10,2005-10-27,OPTSTK,TATAPOWER,380.0,PA,0.0,0.0,0.0,12.75,0.1,0.0,0.0,0.0
2005-10-10,2005-10-27,OPTSTK,TATAPOWER,390.0,PA,0.0,0.0,0.0,16.9,0.25,0.0,0.0,0.0
2005-10-10,2005-10-27,OPTSTK,TATAPOWER,400.0,PA,0.0,0.0,0.0,21.8,0.5,0.0,0.0,0.0
2005-10-10,2005-10-27,OPTSTK,TATAPOWER,410.0,PA,0.0,0.0,0.0,27.4,1.05,0.0,0.0,0.0
2005-10-10,2005-10-27,OPTSTK,TATAPOWER,420.0,PA,0.0,0.0,0.0,33.7,1.95,0.0,0.0,0.0
2005-10-10,2005-10-27,OPTSTK,TATAPOWER,430.0,PA,0.0,0.0,0.0,35.15,3.45,0.0,0.0,0.0
2005-10-10,2005-10-27,OPTSTK,TATAPOWER,440.0,PA,2.5,2.5,2.5,2.5,2.5,1.0,3.54,1600.0
2005-10-10,2005-10-27,OPTSTK,TATAPOWER,450.0,PA,0.0,0.0,0.0,7.0,8.9,0.0,0.0,2400.0
2005-10-10,2005-10-27,OPTSTK,TATAPOWER,460.0,PA,12.0,12.0,12.0,12.0,12.0,1.0,3.77,7200.0
2005-10-10,2005-10-27,OPTSTK,TATAPOWER,470.0,PA,11.0,11.0,11.0,11.0,11.0,1.0,3.84,800.0
2005-10-10,2005-10-27,OPTSTK,TATAPOWER,480.0,PA,0.0,0.0,0.0,10.2,24.65,0.0,0.0,800.0
2005-10-10,2005-10-27,OPTSTK,TATAPOWER,490.0,PA,0.0,0.0,0.0,45.3,31.85,0.0,0.0,0.0
2005-10-10,2005-10-27,OPTSTK,TATAPOWER,500.0,PA,0.0,0.0,0.0,44.15,39.75,0.0,0.0,0.0
2005-10-10,2005-10-27,OPTSTK,TATAPOWER,510.0,PA,0.0,0.0,0.0,36.8,48.35,0.0,0.0,0.0
2005-10-10,2005-11-24,OPTSTK,TATAPOWER,390.0,CA,0.0,0.0,0.0,49.9,78.05,0.0,0.0,0.0
2005-10-10,2005-11-24,OPTSTK,TATAPOWER,400.0,CA,0.0,0.0,0.0,49.95,69.3,0.0,0.0,0.0
2005-10-10,2005-11-24,OPTSTK,TATAPOWER,410.0,CA,0.0,0.0,0.0,43.7,60.95,0.0,0.0,0.0
2005-10-10,2005-11-24,OPTSTK,TATAPOWER,420.0,CA,0.0,0.0,0.0,38.0,53.1,0.0,0.0,0.0
2005-10-10,2005-11-24,OPTSTK,TATAPOWER,430.0,CA,0.0,0.0,0.0,32.85,45.85,0.0,0.0,0.0
2005-10-10,2005-11-24,OPTSTK,TATAPOWER,440.0,CA,0.0,0.0,0.0,28.2,39.1,0.0,0.0,0.0
2005-10-10,2005-11-24,OPTSTK,TATAPOWER,450.0,CA,0.0,0.0,0.0,24.05,33.05,0.0,0.0,0.0
2005-10-10,2005-11-24,OPTSTK,TATAPOWER,460.0,CA,0.0,0.0,0.0,20.4,27.6,0.0,0.0,0.0
2005-10-10,2005-11-24,OPTSTK,TATAPOWER,470.0,CA,0.0,0.0,0.0,28.0,22.8,0.0,0.0,0.0
2005-10-10,2005-11-24,OPTSTK,TATAPOWER,480.0,CA,0.0,0.0,0.0,15.1,18.65,0.0,0.0,800.0
2005-10-10,2005-11-24,OPTSTK,TATAPOWER,490.0,CA,0.0,0.0,0.0,21.85,15.1,0.0,0.0,0.0
2005-10-10,2005-11-24,OPTSTK,TATAPOWER,500.0,CA,0.0,0.0,0.0,25.3,12.1,0.0,0.0,0.0
2005-10-10,2005-11-24,OPTSTK,TATAPOWER,510.0,CA,0.0,0.0,0.0,18.7,9.6,0.0,0.0,0.0
2005-10-10,2005-11-24,OPTSTK,TATAPOWER,390.0,PA,0.0,0.0,0.0,11.4,2.35,0.0,0.0,0.0
2005-10-10,2005-11-24,OPTSTK,TATAPOWER,400.0,PA,0.0,0.0,0.0,14.2,3.55,0.0,0.0,0.0
2005-10-10,2005-11-24,OPTSTK,TATAPOWER,410.0,PA,0.0,0.0,0.0,17.85,5.15,0.0,0.0,0.0
2005-10-10,2005-11-24,OPTSTK,TATAPOWER,420.0,PA,0.0,0.0,0.0,22.0,7.2,0.0,0.0,0.0
2005-10-10,2005-11-24,OPTSTK,TATAPOWER,430.0,PA,0.0,0.0,0.0,26.65,9.85,0.0,0.0,0.0
2005-10-10,2005-11-24,OPTSTK,TATAPOWER,440.0,PA,0.0,0.0,0.0,31.85,13.05,0.0,0.0,0.0
2005-10-10,2005-11-24,OPTSTK,TATAPOWER,450.0,PA,0.0,0.0,0.0,37.55,16.9,0.0,0.0,0.0
2005-10-10,2005-11-24,OPTSTK,TATAPOWER,460.0,PA,0.0,0.0,0.0,43.75,21.4,0.0,0.0,0.0
2005-10-10,2005-11-24,OPTSTK,TATAPOWER,470.0,PA,0.0,0.0,0.0,40.75,26.55,0.0,0.0,0.0
2005-10-10,2005-11-24,OPTSTK,TATAPOWER,480.0,PA,0.0,0.0,0.0,46.85,32.3,0.0,0.0,0.0
2005-10-10,2005-11-24,OPTSTK,TATAPOWER,490.0,PA,0.0,0.0,0.0,49.6,38.7,0.0,0.0,0.0
2005-10-10,2005-11-24,OPTSTK,TATAPOWER,500.0,PA,0.0,0.0,0.0,49.05,45.6,0.0,0.0,0.0
2005-10-10,2005-11-24,OPTSTK,TATAPOWER,510.0,PA,0.0,0.0,0.0,43.15,53.05,0.0,0.0,0.0
2005-10-10,2005-12-29,OPTSTK,TATAPOWER,430.0,CA,0.0,0.0,0.0,53.15,54.2,0.0,0.0,0.0
2005-10-10,2005-12-29,OPTSTK,TATAPOWER,440.0,CA,0.0,0.0,0.0,54.05,48.0,0.0,0.0,0.0
2005-10-10,2005-12-29,OPTSTK,TATAPOWER,450.0,CA,0.0,0.0,0.0,48.1,42.25,0.0,0.0,0.0
2005-10-10,2005-12-29,OPTSTK,TATAPOWER,460.0,CA,0.0,0.0,0.0,42.6,37.0,0.0,0.0,0.0
2005-10-10,2005-12-29,OPTSTK,TATAPOWER,470.0,CA,0.0,0.0,0.0,37.6,32.2,0.0,0.0,0.0
2005-10-10,2005-12-29,OPTSTK,TATAPOWER,480.0,CA,0.0,0.0,0.0,33.0,27.9,0.0,0.0,0.0
2005-10-10,2005-12-29,OPTSTK,TATAPOWER,490.0,CA,0.0,0.0,0.0,28.85,24.05,0.0,0.0,0.0
2005-10-10,2005-12-29,OPTSTK,TATAPOWER,500.0,CA,0.0,0.0,0.0,25.15,20.65,0.0,0.0,0.0
2005-10-10,2005-12-29,OPTSTK,TATAPOWER,510.0,CA,0.0,0.0,0.0,27.6,17.6,0.0,0.0,0.0
2005-10-10,2005-12-29,OPTSTK,TATAPOWER,430.0,PA,0.0,0.0,0.0,16.55,15.8,0.0,0.0,0.0
2005-10-10,2005-12-29,OPTSTK,TATAPOWER,440.0,PA,0.0,0.0,0.0,19.05,19.4,0.0,0.0,0.0
2005-10-10,2005-12-29,OPTSTK,TATAPOWER,450.0,PA,0.0,0.0,0.0,22.95,23.55,0.0,0.0,0.0
2005-10-10,2005-12-29,OPTSTK,TATAPOWER,460.0,PA,0.0,0.0,0.0,27.35,28.15,0.0,0.0,0.0
2005-10-10,2005-12-29,OPTSTK,TATAPOWER,470.0,PA,0.0,0.0,0.0,32.15,33.25,0.0,0.0,0.0
2005-10-10,2005-12-29,OPTSTK,TATAPOWER,480.0,PA,0.0,0.0,0.0,37.45,38.8,0.0,0.0,0.0
2005-10-10,2005-12-29,OPTSTK,TATAPOWER,490.0,PA,0.0,0.0,0.0,43.15,44.85,0.0,0.0,0.0
2005-10-10,2005-12-29,OPTSTK,TATAPOWER,500.0,PA,0.0,0.0,0.0,49.25,51.3,0.0,0.0,0.0
2005-10-10,2005-12-29,OPTSTK,TATAPOWER,510.0,PA,0.0,0.0,0.0,49.1,58.1,0.0,0.0,0.0
2005-10-10,2005-10-27,OPTSTK,TATATEA,620.0,CA,0.0,0.0,0.0,86.15,203.6,0.0,0.0,0.0
2005-10-10,2005-10-27,OPTSTK,TATATEA,640.0,CA,0.0,0.0,0.0,72.85,183.7,0.0,0.0,0.0
2005-10-10,2005-10-27,OPTSTK,TATATEA,660.0,CA,0.0,0.0,0.0,60.95,163.75,0.0,0.0,0.0
2005-10-10,2005-10-27,OPTSTK,TATATEA,680.0,CA,0.0,0.0,0.0,50.4,143.8,0.0,0.0,0.0
2005-10-10,2005-10-27,OPTSTK,TATATEA,700.0,CA,0.0,0.0,0.0,41.25,123.85,0.0,0.0,0.0
2005-10-10,2005-10-27,OPTSTK,TATATEA,720.0,CA,0.0,0.0,0.0,33.4,103.95,0.0,0.0,0.0
2005-10-10,2005-10-27,OPTSTK,TATATEA,740.0,CA,0.0,0.0,0.0,26.75,84.2,0.0,0.0,0.0
2005-10-10,2005-10-27,OPTSTK,TATATEA,760.0,CA,0.0,0.0,0.0,22.45,65.0,0.0,0.0,0.0
2005-10-10,2005-10-27,OPTSTK,TATATEA,780.0,CA,0.0,0.0,0.0,22.9,47.05,0.0,0.0,0.0
2005-10-10,2005-10-27,OPTSTK,TATATEA,800.0,CA,0.0,0.0,0.0,21.35,31.35,0.0,0.0,0.0
2005-10-10,2005-10-27,OPTSTK,TATATEA,820.0,CA,0.0,0.0,0.0,26.25,19.0,0.0,0.0,0.0
2005-10-10,2005-10-27,OPTSTK,TATATEA,840.0,CA,0.0,0.0,0.0,18.0,10.3,0.0,0.0,5500.0
2005-10-10,2005-10-27,OPTSTK,TATATEA,860.0,CA,0.0,0.0,0.0,15.0,4.95,0.0,0.0,4950.0
2005-10-10,2005-10-27,OPTSTK,TATATEA,880.0,CA,6.0,6.0,6.0,6.0,6.0,1.0,4.87,6050.0
2005-10-10,2005-10-27,OPTSTK,TATATEA,900.0,CA,0.0,0.0,0.0,40.7,0.8,0.0,0.0,0.0
2005-10-10,2005-10-27,OPTSTK,TATATEA,920.0,CA,0.0,0.0,0.0,14.4,0.3,0.0,0.0,0.0
2005-10-10,2005-10-27,OPTSTK,TATATEA,620.0,PA,0.0,0.0,0.0,17.6,0.0,0.0,0.0,0.0
2005-10-10,2005-10-27,OPTSTK,TATATEA,640.0,PA,0.0,0.0,0.0,24.0,0.0,0.0,0.0,0.0
2005-10-10,2005-10-27,OPTSTK,TATATEA,660.0,PA,0.0,0.0,0.0,31.8,0.0,0.0,0.0,0.0
2005-10-10,2005-10-27,OPTSTK,TATATEA,680.0,PA,0.0,0.0,0.0,40.95,0.0,0.0,0.0,0.0
2005-10-10,2005-10-27,OPTSTK,TATATEA,700.0,PA,0.0,0.0,0.0,51.5,0.05,0.0,0.0,0.0
2005-10-10,2005-10-27,OPTSTK,TATATEA,720.0,PA,0.0,0.0,0.0,63.35,0.05,0.0,0.0,0.0
2005-10-10,2005-10-27,OPTSTK,TATATEA,740.0,PA,0.0,0.0,0.0,76.4,0.3,0.0,0.0,0.0
2005-10-10,2005-10-27,OPTSTK,TATATEA,760.0,PA,0.0,0.0,0.0,79.75,1.0,0.0,0.0,0.0
2005-10-10,2005-10-27,OPTSTK,TATATEA,780.0,PA,0.0,0.0,0.0,75.15,3.0,0.0,0.0,0.0
2005-10-10,2005-10-27,OPTSTK,TATATEA,800.0,PA,0.0,0.0,0.0,4.0,7.3,0.0,0.0,550.0
2005-10-10,2005-10-27,OPTSTK,TATATEA,820.0,PA,0.0,0.0,0.0,16.65,14.85,0.0,0.0,550.0
2005-10-10,2005-10-27,OPTSTK,TATATEA,840.0,PA,0.0,0.0,0.0,15.0,26.1,0.0,0.0,1650.0
2005-10-10,2005-10-27,OPTSTK,TATATEA,860.0,PA,0.0,0.0,0.0,92.8,40.75,0.0,0.0,0.0
2005-10-10,2005-10-27,OPTSTK,TATATEA,880.0,PA,0.0,0.0,0.0,91.7,57.85,0.0,0.0,0.0
2005-10-10,2005-10-27,OPTSTK,TATATEA,900.0,PA,0.0,0.0,0.0,95.6,76.5,0.0,0.0,0.0
2005-10-10,2005-10-27,OPTSTK,TATATEA,920.0,PA,0.0,0.0,0.0,70.7,95.9,0.0,0.0,0.0
2005-10-10,2005-11-24,OPTSTK,TATATEA,740.0,CA,0.0,0.0,0.0,105.2,90.2,0.0,0.0,0.0
2005-10-10,2005-11-24,OPTSTK,TATATEA,760.0,CA,0.0,0.0,0.0,107.2,72.9,0.0,0.0,0.0
2005-10-10,2005-11-24,OPTSTK,TATATEA,780.0,CA,0.0,0.0,0.0,95.0,57.1,0.0,0.0,0.0
2005-10-10,2005-11-24,OPTSTK,TATATEA,800.0,CA,0.0,0.0,0.0,83.7,43.2,0.0,0.0,0.0
2005-10-10,2005-11-24,OPTSTK,TATATEA,820.0,CA,0.0,0.0,0.0,73.45,31.55,0.0,0.0,0.0
2005-10-10,2005-11-24,OPTSTK,TATATEA,840.0,CA,0.0,0.0,0.0,64.1,22.15,0.0,0.0,0.0
2005-10-10,2005-11-24,OPTSTK,TATATEA,860.0,CA,0.0,0.0,0.0,55.7,14.95,0.0,0.0,0.0
2005-10-10,2005-11-24,OPTSTK,TATATEA,880.0,CA,0.0,0.0,0.0,48.15,9.7,0.0,0.0,0.0
2005-10-10,2005-11-24,OPTSTK,TATATEA,900.0,CA,0.0,0.0,0.0,33.85,6.05,0.0,0.0,0.0
2005-10-10,2005-11-24,OPTSTK,TATATEA,920.0,CA,0.0,0.0,0.0,24.5,3.65,0.0,0.0,0.0
2005-10-10,2005-11-24,OPTSTK,TATATEA,740.0,PA,0.0,0.0,0.0,26.55,2.7,0.0,0.0,0.0
2005-10-10,2005-11-24,OPTSTK,TATATEA,760.0,PA,0.0,0.0,0.0,32.5,5.25,0.0,0.0,0.0
2005-10-10,2005-11-24,OPTSTK,TATATEA,780.0,PA,0.0,0.0,0.0,40.0,9.3,0.0,0.0,0.0
2005-10-10,2005-11-24,OPTSTK,TATATEA,800.0,PA,0.0,0.0,0.0,48.45,15.3,0.0,0.0,0.0
2005-10-10,2005-11-24,OPTSTK,TATATEA,820.0,PA,0.0,0.0,0.0,57.85,23.5,0.0,0.0,0.0
2005-10-10,2005-11-24,OPTSTK,TATATEA,840.0,PA,0.0,0.0,0.0,68.2,33.95,0.0,0.0,0.0
2005-10-10,2005-11-24,OPTSTK,TATATEA,860.0,PA,0.0,0.0,0.0,79.5,46.6,0.0,0.0,0.0
2005-10-10,2005-11-24,OPTSTK,TATATEA,880.0,PA,0.0,0.0,0.0,91.7,61.2,0.0,0.0,0.0
2005-10-10,2005-11-24,OPTSTK,TATATEA,900.0,PA,0.0,0.0,0.0,89.75,77.4,0.0,0.0,0.0
2005-10-10,2005-11-24,OPTSTK,TATATEA,920.0,PA,0.0,0.0,0.0,76.6,94.85,0.0,0.0,0.0
2005-10-10,2005-12-29,OPTSTK,TATATEA,760.0,CA,0.0,0.0,0.0,0.0,0.0,0.0,0.0,0.0
2005-10-10,2005-12-29,OPTSTK,TATATEA,780.0,CA,0.0,0.0,0.0,87.75,67.5,0.0,0.0,0.0
2005-10-10,2005-12-29,OPTSTK,TATATEA,800.0,CA,0.0,0.0,0.0,82.75,54.4,0.0,0.0,0.0
2005-10-10,2005-12-29,OPTSTK,TATATEA,820.0,CA,0.0,0.0,0.0,69.5,43.05,0.0,0.0,0.0
2005-10-10,2005-12-29,OPTSTK,TATATEA,840.0,CA,0.0,0.0,0.0,57.65,33.35,0.0,0.0,0.0
2005-10-10,2005-12-29,OPTSTK,TATATEA,860.0,CA,0.0,0.0,0.0,47.2,25.35,0.0,0.0,0.0
2005-10-10,2005-12-29,OPTSTK,TATATEA,880.0,CA,0.0,0.0,0.0,38.15,18.85,0.0,0.0,0.0
2005-10-10,2005-12-29,OPTSTK,TATATEA,900.0,CA,0.0,0.0,0.0,30.4,13.8,0.0,0.0,0.0
2005-10-10,2005-12-29,OPTSTK,TATATEA,920.0,CA,0.0,0.0,0.0,23.95,9.85,0.0,0.0,0.0
2005-10-10,2005-12-29,OPTSTK,TATATEA,760.0,PA,0.0,0.0,0.0,0.0,0.0,0.0,0.0,0.0
2005-10-10,2005-12-29,OPTSTK,TATATEA,780.0,PA,0.0,0.0,0.0,15.15,15.25,0.0,0.0,0.0
2005-10-10,2005-12-29,OPTSTK,TATATEA,800.0,PA,0.0,0.0,0.0,17.9,21.95,0.0,0.0,0.0
2005-10-10,2005-12-29,OPTSTK,TATATEA,820.0,PA,0.0,0.0,0.0,24.35,30.3,0.0,0.0,0.0
2005-10-10,2005-12-29,OPTSTK,TATATEA,840.0,PA,0.0,0.0,0.0,32.2,40.35,0.0,0.0,0.0
2005-10-10,2005-12-29,OPTSTK,TATATEA,860.0,PA,0.0,0.0,0.0,41.45,52.05,0.0,0.0,0.0
2005-10-10,2005-12-29,OPTSTK,TATATEA,880.0,PA,0.0,0.0,0.0,52.1,65.3,0.0,0.0,0.0
2005-10-10,2005-12-29,OPTSTK,TATATEA,900.0,PA,0.0,0.0,0.0,64.1,80.0,0.0,0.0,0.0
2005-10-10,2005-12-29,OPTSTK,TATATEA,920.0,PA,0.0,0.0,0.0,77.35,95.8,0.0,0.0,0.0
2005-10-10,2005-10-27,OPTSTK,TCS,1170.0,CA,0.0,0.0,0.0,156.45,281.55,0.0,0.0,0.0
2005-10-10,2005-10-27,OPTSTK,TCS,1200.0,CA,0.0,0.0,0.0,137.35,251.7,0.0,0.0,0.0
2005-10-10,2005-10-27,OPTSTK,TCS,1230.0,CA,0.0,0.0,0.0,119.8,221.95,0.0,0.0,0.0
2005-10-10,2005-10-27,OPTSTK,TCS,1260.0,CA,0.0,0.0,0.0,103.85,192.45,0.0,0.0,0.0
2005-10-10,2005-10-27,OPTSTK,TCS,1290.0,CA,0.0,0.0,0.0,89.45,163.5,0.0,0.0,0.0
2005-10-10,2005-10-27,OPTSTK,TCS,1320.0,CA,0.0,0.0,0.0,76.6,135.55,0.0,0.0,0.0
2005-10-10,2005-10-27,OPTSTK,TCS,1350.0,CA,0.0,0.0,0.0,65.2,109.2,0.0,0.0,0.0
2005-10-10,2005-10-27,OPTSTK,TCS,1380.0,CA,0.0,0.0,0.0,64.15,85.1,0.0,0.0,0.0
2005-10-10,2005-10-27,OPTSTK,TCS,1410.0,CA,79.0,82.0,79.0,82.0,82.0,2.0,7.45,2250.0
2005-10-10,2005-10-27,OPTSTK,TCS,1440.0,CA,57.0,64.0,53.8,58.5,58.5,48.0,179.92,16250.0
2005-10-10,2005-10-27,OPTSTK,TCS,1470.0,CA,44.0,46.95,38.05,39.2,39.2,75.0,283.59,41250.0
2005-10-10,2005-10-27,OPTSTK,TCS,1500.0,CA,31.5,33.0,25.0,26.0,26.0,125.0,477.63,127000.0
2005-10-10,2005-10-27,OPTSTK,TCS,1530.0,CA,33.9,33.9,17.5,17.8,17.8,14.0,54.26,21000.0
2005-10-10,2005-10-27,OPTSTK,TCS,1560.0,CA,19.9,19.9,12.0,12.35,12.35,15.0,59.03,18500.0
2005-10-10,2005-10-27,OPTSTK,TCS,1590.0,CA,5.15,5.15,5.15,5.15,5.15,2.0,7.97,1500.0
2005-10-10,2005-10-27,OPTSTK,TCS,1170.0,PA,0.0,0.0,0.0,40.35,0.05,0.0,0.0,0.0
2005-10-10,2005-10-27,OPTSTK,TCS,1200.0,PA,0.0,0.0,0.0,50.8,0.1,0.0,0.0,0.0
2005-10-10,2005-10-27,OPTSTK,TCS,1230.0,PA,0.0,0.0,0.0,62.85,0.25,0.0,0.0,0.0
2005-10-10,2005-10-27,OPTSTK,TCS,1260.0,PA,0.0,0.0,0.0,76.45,0.7,0.0,0.0,0.0
2005-10-10,2005-10-27,OPTSTK,TCS,1290.0,PA,0.0,0.0,0.0,91.6,1.65,0.0,0.0,0.0
2005-10-10,2005-10-27,OPTSTK,TCS,1320.0,PA,9.95,9.95,9.95,9.95,9.95,1.0,3.32,250.0
2005-10-10,2005-10-27,OPTSTK,TCS,1350.0,PA,0.0,0.0,0.0,15.0,7.2,0.0,0.0,1250.0
2005-10-10,2005-10-27,OPTSTK,TCS,1380.0,PA,20.0,28.75,20.0,28.4,28.4,4.0,14.04,6250.0
2005-10-10,2005-10-27,OPTSTK,TCS,1410.0,PA,0.0,0.0,0.0,39.8,21.75,0.0,0.0,3500.0
2005-10-10,2005-10-27,OPTSTK,TCS,1440.0,PA,38.9,54.0,35.0,47.4,47.4,23.0,85.38,8000.0
2005-10-10,2005-10-27,OPTSTK,TCS,1470.0,PA,0.0,0.0,0.0,70.0,49.55,0.0,0.0,7000.0
2005-10-10,2005-10-27,OPTSTK,TCS,1500.0,PA,0.0,0.0,0.0,88.0,68.7,0.0,0.0,6250.0
2005-10-10,2005-10-27,OPTSTK,TCS,1530.0,PA,0.0,0.0,0.0,124.55,90.9,0.0,0.0,0.0
2005-10-10,2005-10-27,OPTSTK,TCS,1560.0,PA,0.0,0.0,0.0,121.1,115.5,0.0,0.0,0.0
2005-10-10,2005-10-27,OPTSTK,TCS,1590.0,PA,0.0,0.0,0.0,105.0,142.05,0.0,0.0,0.0
2005-10-10,2005-11-24,OPTSTK,TCS,1230.0,CA,0.0,0.0,0.0,146.25,231.75,0.0,0.0,0.0
2005-10-10,2005-11-24,OPTSTK,TCS,1260.0,CA,0.0,0.0,0.0,126.7,204.6,0.0,0.0,0.0
2005-10-10,2005-11-24,OPTSTK,TCS,1290.0,CA,0.0,0.0,0.0,108.85,178.6,0.0,0.0,0.0
2005-10-10,2005-11-24,OPTSTK,TCS,1320.0,CA,0.0,0.0,0.0,92.8,154.0,0.0,0.0,0.0
2005-10-10,2005-11-24,OPTSTK,TCS,1350.0,CA,0.0,0.0,0.0,78.4,131.15,0.0,0.0,0.0
2005-10-10,2005-11-24,OPTSTK,TCS,1380.0,CA,0.0,0.0,0.0,65.75,110.05,0.0,0.0,0.0
2005-10-10,2005-11-24,OPTSTK,TCS,1410.0,CA,0.0,0.0,0.0,54.65,91.15,0.0,0.0,0.0
2005-10-10,2005-11-24,OPTSTK,TCS,1440.0,CA,0.0,0.0,0.0,66.75,74.4,0.0,0.0,0.0
2005-10-10,2005-11-24,OPTSTK,TCS,1470.0,CA,0.0,0.0,0.0,61.2,59.85,0.0,0.0,0.0
2005-10-10,2005-11-24,OPTSTK,TCS,1500.0,CA,0.0,0.0,0.0,58.0,47.45,0.0,0.0,0.0
2005-10-10,2005-11-24,OPTSTK,TCS,1530.0,CA,0.0,0.0,0.0,52.3,37.1,0.0,0.0,0.0
2005-10-10,2005-11-24,OPTSTK,TCS,1560.0,CA,0.0,0.0,0.0,48.4,28.55,0.0,0.0,0.0
2005-10-10,2005-11-24,OPTSTK,TCS,1590.0,CA,0.0,0.0,0.0,41.3,21.7,0.0,0.0,0.0
2005-10-10,2005-11-24,OPTSTK,TCS,1230.0,PA,0.0,0.0,0.0,34.35,4.2,0.0,0.0,0.0
2005-10-10,2005-11-24,OPTSTK,TCS,1260.0,PA,0.0,0.0,0.0,44.35,6.8,0.0,0.0,0.0
2005-10-10,2005-11-24,OPTSTK,TCS,1290.0,PA,0.0,0.0,0.0,56.05,10.55,0.0,0.0,0.0
2005-10-10,2005-11-24,OPTSTK,TCS,1320.0,PA,0.0,0.0,0.0,69.55,15.75,0.0,0.0,0.0
2005-10-10,2005-11-24,OPTSTK,TCS,1350.0,PA,0.0,0.0,0.0,84.7,22.65,0.0,0.0,0.0
2005-10-10,2005-11-24,OPTSTK,TCS,1380.0,PA,0.0,0.0,0.0,101.6,31.35,0.0,0.0,0.0
2005-10-10,2005-11-24,OPTSTK,TCS,1410.0,PA,0.0,0.0,0.0,120.1,42.2,0.0,0.0,0.0
2005-10-10,2005-11-24,OPTSTK,TCS,1440.0,PA,0.0,0.0,0.0,121.1,55.25,0.0,0.0,0.0
2005-10-10,2005-11-24,OPTSTK,TCS,1470.0,PA,0.0,0.0,0.0,126.45,70.5,0.0,0.0,0.0
2005-10-10,2005-11-24,OPTSTK,TCS,1500.0,PA,0.0,0.0,0.0,132.5,87.9,0.0,0.0,0.0
2005-10-10,2005-11-24,OPTSTK,TCS,1530.0,PA,0.0,0.0,0.0,134.55,107.3,0.0,0.0,0.0
2005-10-10,2005-11-24,OPTSTK,TCS,1560.0,PA,0.0,0.0,0.0,133.35,128.55,0.0,0.0,0.0
2005-10-10,2005-11-24,OPTSTK,TCS,1590.0,PA,0.0,0.0,0.0,119.85,151.45,0.0,0.0,0.0
2005-10-10,2005-12-29,OPTSTK,TCS,1320.0,CA,0.0,0.0,0.0,161.5,174.75,0.0,0.0,0.0
2005-10-10,2005-12-29,OPTSTK,TCS,1350.0,CA,0.0,0.0,0.0,142.0,153.6,0.0,0.0,0.0
2005-10-10,2005-12-29,OPTSTK,TCS,1380.0,CA,0.0,0.0,0.0,161.6,134.1,0.0,0.0,0.0
2005-10-10,2005-12-29,OPTSTK,TCS,1410.0,CA,0.0,0.0,0.0,143.0,116.2,0.0,0.0,0.0
2005-10-10,2005-12-29,OPTSTK,TCS,1440.0,CA,0.0,0.0,0.0,125.85,99.95,0.0,0.0,0.0
2005-10-10,2005-12-29,OPTSTK,TCS,1470.0,CA,0.0,0.0,0.0,110.15,85.35,0.0,0.0,0.0
2005-10-10,2005-12-29,OPTSTK,TCS,1500.0,CA,0.0,0.0,0.0,95.85,72.3,0.0,0.0,0.0
2005-10-10,2005-12-29,OPTSTK,TCS,1530.0,CA,0.0,0.0,0.0,83.0,60.85,0.0,0.0,0.0
2005-10-10,2005-12-29,OPTSTK,TCS,1560.0,CA,0.0,0.0,0.0,71.5,50.85,0.0,0.0,0.0
2005-10-10,2005-12-29,OPTSTK,TCS,1590.0,CA,0.0,0.0,0.0,64.65,42.2,0.0,0.0,0.0
2005-10-10,2005-12-29,OPTSTK,TCS,1320.0,PA,0.0,0.0,0.0,38.8,28.95,0.0,0.0,0.0
2005-10-10,2005-12-29,OPTSTK,TCS,1350.0,PA,0.0,0.0,0.0,48.85,37.4,0.0,0.0,0.0
2005-10-10,2005-12-29,OPTSTK,TCS,1380.0,PA,0.0,0.0,0.0,48.4,47.5,0.0,0.0,0.0
2005-10-10,2005-12-29,OPTSTK,TCS,1410.0,PA,0.0,0.0,0.0,59.35,59.2,0.0,0.0,0.0
2005-10-10,2005-12-29,OPTSTK,TCS,1440.0,PA,0.0,0.0,0.0,71.75,72.55,0.0,0.0,0.0
2005-10-10,2005-12-29,OPTSTK,TCS,1470.0,PA,0.0,0.0,0.0,85.6,87.55,0.0,0.0,0.0
2005-10-10,2005-12-29,OPTSTK,TCS,1500.0,PA,0.0,0.0,0.0,100.9,104.15,0.0,0.0,0.0
2005-10-10,2005-12-29,OPTSTK,TCS,1530.0,PA,0.0,0.0,0.0,117.6,122.3,0.0,0.0,0.0
2005-10-10,2005-12-29,OPTSTK,TCS,1560.0,PA,0.0,0.0,0.0,135.65,141.9,0.0,0.0,0.0
2005-10-10,2005-12-29,OPTSTK,TCS,1590.0,PA,0.0,0.0,0.0,134.2,162.85,0.0,0.0,0.0
2005-10-10,2005-10-27,OPTSTK,TISCO,330.0,CA,0.0,0.0,0.0,28.6,59.35,0.0,0.0,675.0
2005-10-10,2005-10-27,OPTSTK,TISCO,340.0,CA,0.0,0.0,0.0,43.7,49.8,0.0,0.0,0.0
2005-10-10,2005-10-27,OPTSTK,TISCO,350.0,CA,0.0,0.0,0.0,37.35,40.65,0.0,0.0,0.0
2005-10-10,2005-10-27,OPTSTK,TISCO,360.0,CA,0.0,0.0,0.0,69.0,32.15,0.0,0.0,675.0
2005-10-10,2005-10-27,OPTSTK,TISCO,370.0,CA,0.0,0.0,0.0,26.5,24.5,0.0,0.0,0.0
2005-10-10,2005-10-27,OPTSTK,TISCO,380.0,CA,21.5,22.0,18.0,19.25,19.25,36.0,97.1,20925.0
2005-10-10,2005-10-27,OPTSTK,TISCO,390.0,CA,17.05,17.9,13.55,14.05,14.05,216.0,591.24,94500.0
2005-10-10,2005-10-27,OPTSTK,TISCO,400.0,CA,14.0,14.0,8.95,9.5,9.5,650.0,1802.99,542700.0
2005-10-10,2005-10-27,OPTSTK,TISCO,410.0,CA,10.0,10.0,6.35,6.75,6.75,340.0,958.53,513000.0
2005-10-10,2005-10-27,OPTSTK,TISCO,420.0,CA,6.75,6.75,4.25,4.5,4.5,339.0,972.91,899775.0
2005-10-10,2005-10-27,OPTSTK,TISCO,430.0,CA,4.0,4.0,2.85,3.1,3.1,162.0,473.86,897075.0
2005-10-10,2005-10-27,OPTSTK,TISCO,440.0,CA,3.0,3.0,1.8,1.95,1.95,115.0,343.14,689850.0
2005-10-10,2005-10-27,OPTSTK,TISCO,450.0,CA,2.0,2.0,1.1,1.4,1.4,34.0,103.6,353700.0
2005-10-10,2005-10-27,OPTSTK,TISCO,460.0,CA,1.4,1.4,0.9,0.9,0.9,9.0,28.0,81675.0
2005-10-10,2005-10-27,OPTSTK,TISCO,330.0,PA,0.0,0.0,0.0,8.1,0.3,0.0,0.0,0.0
2005-10-10,2005-10-27,OPTSTK,TISCO,340.0,PA,1.7,1.7,1.7,1.7,1.7,2.0,4.61,1350.0
2005-10-10,2005-10-27,OPTSTK,TISCO,350.0,PA,2.0,2.45,1.75,1.9,1.9,16.0,38.0,11475.0
2005-10-10,2005-10-27,OPTSTK,TISCO,360.0,PA,3.0,3.8,2.5,2.95,2.95,24.0,58.82,16200.0
2005-10-10,2005-10-27,OPTSTK,TISCO,370.0,PA,5.0,6.2,4.4,5.15,5.15,32.0,81.08,35100.0
2005-10-10,2005-10-27,OPTSTK,TISCO,380.0,PA,8.75,9.7,7.0,9.1,9.1,77.0,201.99,61425.0
2005-10-10,2005-10-27,OPTSTK,TISCO,390.0,PA,11.5,13.9,11.0,13.4,13.4,174.0,472.75,112050.0
2005-10-10,2005-10-27,OPTSTK,TISCO,400.0,PA,16.5,19.9,16.0,19.6,19.6,98.0,276.15,199800.0
2005-10-10,2005-10-27,OPTSTK,TISCO,410.0,PA,23.0,26.9,21.55,26.35,26.35,26.0,76.11,130950.0
2005-10-10,2005-10-27,OPTSTK,TISCO,420.0,PA,31.85,34.7,29.1,33.85,33.85,47.0,143.23,201825.0
2005-10-10,2005-10-27,OPTSTK,TISCO,430.0,PA,38.0,42.9,37.0,42.6,42.6,22.0,70.08,107325.0
2005-10-10,2005-10-27,OPTSTK,TISCO,440.0,PA,0.0,0.0,0.0,45.5,51.8,0.0,0.0,11475.0
2005-10-10,2005-10-27,OPTSTK,TISCO,450.0,PA,0.0,0.0,0.0,55.0,61.25,0.0,0.0,100575.0
2005-10-10,2005-10-27,OPTSTK,TISCO,460.0,PA,0.0,0.0,0.0,34.35,70.95,0.0,0.0,0.0
2005-10-10,2005-11-24,OPTSTK,TISCO,350.0,CA,0.0,0.0,0.0,48.6,46.7,0.0,0.0,0.0
2005-10-10,2005-11-24,OPTSTK,TISCO,360.0,CA,0.0,0.0,0.0,42.0,39.4,0.0,0.0,0.0
2005-10-10,2005-11-24,OPTSTK,TISCO,370.0,CA,0.0,0.0,0.0,36.0,32.75,0.0,0.0,0.0
2005-10-10,2005-11-24,OPTSTK,TISCO,380.0,CA,0.0,0.0,0.0,30.6,26.85,0.0,0.0,0.0
2005-10-10,2005-11-24,OPTSTK,TISCO,390.0,CA,0.0,0.0,0.0,25.8,21.7,0.0,0.0,0.0
2005-10-10,2005-11-24,OPTSTK,TISCO,400.0,CA,0.0,0.0,0.0,21.55,17.3,0.0,0.0,0.0
2005-10-10,2005-11-24,OPTSTK,TISCO,410.0,CA,0.0,0.0,0.0,17.9,13.6,0.0,0.0,0.0
2005-10-10,2005-11-24,OPTSTK,TISCO,420.0,CA,0.0,0.0,0.0,16.65,10.5,0.0,0.0,0.0
2005-10-10,2005-11-24,OPTSTK,TISCO,430.0,CA,0.0,0.0,0.0,18.75,8.05,0.0,0.0,0.0
2005-10-10,2005-11-24,OPTSTK,TISCO,440.0,CA,0.0,0.0,0.0,15.45,6.1,0.0,0.0,0.0
2005-10-10,2005-11-24,OPTSTK,TISCO,450.0,CA,0.0,0.0,0.0,12.75,4.55,0.0,0.0,0.0
2005-10-10,2005-11-24,OPTSTK,TISCO,460.0,CA,0.0,0.0,0.0,12.25,3.35,0.0,0.0,0.0
2005-10-10,2005-11-24,OPTSTK,TISCO,350.0,PA,0.0,0.0,0.0,10.5,5.95,0.0,0.0,0.0
2005-10-10,2005-11-24,OPTSTK,TISCO,360.0,PA,0.0,0.0,0.0,13.75,8.55,0.0,0.0,0.0
2005-10-10,2005-11-24,OPTSTK,TISCO,370.0,PA,0.0,0.0,0.0,17.6,11.8,0.0,0.0,0.0
2005-10-10,2005-11-24,OPTSTK,TISCO,380.0,PA,0.0,0.0,0.0,22.05,15.85,0.0,0.0,0.0
2005-10-10,2005-11-24,OPTSTK,TISCO,390.0,PA,0.0,0.0,0.0,27.1,20.6,0.0,0.0,0.0
2005-10-10,2005-11-24,OPTSTK,TISCO,400.0,PA,0.0,0.0,0.0,32.75,26.15,0.0,0.0,0.0
2005-10-10,2005-11-24,OPTSTK,TISCO,410.0,PA,0.0,0.0,0.0,38.9,32.35,0.0,0.0,0.0
2005-10-10,2005-11-24,OPTSTK,TISCO,420.0,PA,0.0,0.0,0.0,41.55,39.2,0.0,0.0,0.0
2005-10-10,2005-11-24,OPTSTK,TISCO,430.0,PA,0.0,0.0,0.0,37.35,46.7,0.0,0.0,0.0
2005-10-10,2005-11-24,OPTSTK,TISCO,440.0,PA,0.0,0.0,0.0,43.9,54.65,0.0,0.0,0.0
2005-10-10,2005-11-24,OPTSTK,TISCO,450.0,PA,0.0,0.0,0.0,35.9,63.0,0.0,0.0,0.0
2005-10-10,2005-11-24,OPTSTK,TISCO,460.0,PA,0.0,0.0,0.0,37.55,71.75,0.0,0.0,0.0
2005-10-10,2005-12-29,OPTSTK,TISCO,360.0,CA,0.0,0.0,0.0,0.0,0.0,0.0,0.0,0.0
2005-10-10,2005-12-29,OPTSTK,TISCO,370.0,CA,0.0,0.0,0.0,52.2,40.45,0.0,0.0,0.0
2005-10-10,2005-12-29,OPTSTK,TISCO,380.0,CA,0.0,0.0,0.0,45.85,34.8,0.0,0.0,0.0
2005-10-10,2005-12-29,OPTSTK,TISCO,390.0,CA,0.0,0.0,0.0,46.6,29.8,0.0,0.0,0.0
2005-10-10,2005-12-29,OPTSTK,TISCO,400.0,CA,0.0,0.0,0.0,40.35,25.3,0.0,0.0,0.0
2005-10-10,2005-12-29,OPTSTK,TISCO,410.0,CA,0.0,0.0,0.0,34.65,21.35,0.0,0.0,0.0
2005-10-10,2005-12-29,OPTSTK,TISCO,420.0,CA,0.0,0.0,0.0,29.55,17.9,0.0,0.0,0.0
2005-10-10,2005-12-29,OPTSTK,TISCO,430.0,CA,0.0,0.0,0.0,25.0,14.9,0.0,0.0,0.0
2005-10-10,2005-12-29,OPTSTK,TISCO,440.0,CA,0.0,0.0,0.0,21.0,12.35,0.0,0.0,0.0
2005-10-10,2005-12-29,OPTSTK,TISCO,450.0,CA,0.0,0.0,0.0,17.5,10.15,0.0,0.0,0.0
2005-10-10,2005-12-29,OPTSTK,TISCO,460.0,CA,0.0,0.0,0.0,15.8,8.3,0.0,0.0,0.0
2005-10-10,2005-12-29,OPTSTK,TISCO,360.0,PA,0.0,0.0,0.0,0.0,0.0,0.0,0.0,0.0
2005-10-10,2005-12-29,OPTSTK,TISCO,370.0,PA,0.0,0.0,0.0,13.4,17.4,0.0,0.0,0.0
2005-10-10,2005-12-29,OPTSTK,TISCO,380.0,PA,0.0,0.0,0.0,16.9,21.65,0.0,0.0,0.0
2005-10-10,2005-12-29,OPTSTK,TISCO,390.0,PA,0.0,0.0,0.0,13.05,26.45,0.0,0.0,0.0
2005-10-10,2005-12-29,OPTSTK,TISCO,400.0,PA,0.0,0.0,0.0,16.65,31.85,0.0,0.0,0.0
2005-10-10,2005-12-29,OPTSTK,TISCO,410.0,PA,0.0,0.0,0.0,20.8,37.75,0.0,0.0,0.0
2005-10-10,2005-12-29,OPTSTK,TISCO,420.0,PA,0.0,0.0,0.0,25.55,44.15,0.0,0.0,0.0
2005-10-10,2005-12-29,OPTSTK,TISCO,430.0,PA,0.0,0.0,0.0,30.85,51.05,0.0,0.0,0.0
2005-10-10,2005-12-29,OPTSTK,TISCO,440.0,PA,0.0,0.0,0.0,36.7,58.35,0.0,0.0,0.0
2005-10-10,2005-12-29,OPTSTK,TISCO,450.0,PA,0.0,0.0,0.0,43.05,66.05,0.0,0.0,0.0
2005-10-10,2005-12-29,OPTSTK,TISCO,460.0,PA,0.0,0.0,0.0,43.25,74.05,0.0,0.0,0.0
2005-10-10,2005-10-27,OPTSTK,TITAN,430.0,CA,0.0,0.0,0.0,66.65,62.4,0.0,0.0,0.0
2005-10-10,2005-10-27,OPTSTK,TITAN,440.0,CA,0.0,0.0,0.0,100.95,54.15,0.0,0.0,0.0
2005-10-10,2005-10-27,OPTSTK,TITAN,450.0,CA,0.0,0.0,0.0,55.8,46.45,0.0,0.0,0.0
2005-10-10,2005-10-27,OPTSTK,TITAN,460.0,CA,0.0,0.0,0.0,18.0,39.35,0.0,0.0,0.0
2005-10-10,2005-10-27,OPTSTK,TITAN,470.0,CA,0.0,0.0,0.0,77.05,32.95,0.0,0.0,0.0
2005-10-10,2005-10-27,OPTSTK,TITAN,480.0,CA,0.0,0.0,0.0,72.3,27.2,0.0,0.0,0.0
2005-10-10,2005-10-27,OPTSTK,TITAN,490.0,CA,0.0,0.0,0.0,67.8,22.2,0.0,0.0,0.0
2005-10-10,2005-10-27,OPTSTK,TITAN,500.0,CA,16.0,16.0,12.25,12.45,12.45,4.0,16.42,38400.0
2005-10-10,2005-10-27,OPTSTK,TITAN,510.0,CA,0.0,0.0,0.0,15.9,14.2,0.0,0.0,1600.0
2005-10-10,2005-10-27,OPTSTK,TITAN,520.0,CA,10.0,10.0,7.0,9.0,9.0,4.0,16.91,32800.0
2005-10-10,2005-10-27,OPTSTK,TITAN,530.0,CA,0.0,0.0,0.0,46.1,8.65,0.0,0.0,0.0
2005-10-10,2005-10-27,OPTSTK,TITAN,540.0,CA,0.0,0.0,0.0,7.0,6.6,0.0,0.0,12800.0
2005-10-10,2005-10-27,OPTSTK,TITAN,560.0,CA,0.0,0.0,0.0,6.0,3.7,0.0,0.0,800.0
2005-10-10,2005-10-27,OPTSTK,TITAN,580.0,CA,0.0,0.0,0.0,59.95,2.0,0.0,0.0,0.0
2005-10-10,2005-10-27,OPTSTK,TITAN,600.0,CA,0.0,0.0,0.0,53.25,1.05,0.0,0.0,0.0
2005-10-10,2005-10-27,OPTSTK,TITAN,430.0,PA,0.0,0.0,0.0,28.45,3.7,0.0,0.0,0.0
2005-10-10,2005-10-27,OPTSTK,TITAN,440.0,PA,0.0,0.0,0.0,32.95,5.45,0.0,0.0,0.0
2005-10-10,2005-10-27,OPTSTK,TITAN,450.0,PA,0.0,0.0,0.0,37.4,7.75,0.0,0.0,0.0
2005-10-10,2005-10-27,OPTSTK,TITAN,460.0,PA,10.0,10.0,10.0,10.0,10.0,1.0,3.76,800.0
2005-10-10,2005-10-27,OPTSTK,TITAN,470.0,PA,0.0,0.0,0.0,52.25,14.15,0.0,0.0,0.0
2005-10-10,2005-10-27,OPTSTK,TITAN,480.0,PA,0.0,0.0,0.0,10.0,18.4,0.0,0.0,1600.0
2005-10-10,2005-10-27,OPTSTK,TITAN,490.0,PA,0.0,0.0,0.0,62.7,23.35,0.0,0.0,0.0
2005-10-10,2005-10-27,OPTSTK,TITAN,500.0,PA,0.0,0.0,0.0,22.8,29.0,0.0,0.0,1600.0
2005-10-10,2005-10-27,OPTSTK,TITAN,510.0,PA,0.0,0.0,0.0,74.1,35.3,0.0,0.0,0.0
2005-10-10,2005-10-27,OPTSTK,TITAN,520.0,PA,0.0,0.0,0.0,32.0,42.2,0.0,0.0,800.0
2005-10-10,2005-10-27,OPTSTK,TITAN,530.0,PA,0.0,0.0,0.0,70.35,49.7,0.0,0.0,0.0
2005-10-10,2005-10-27,OPTSTK,TITAN,540.0,PA,0.0,0.0,0.0,83.95,57.65,0.0,0.0,0.0
2005-10-10,2005-10-27,OPTSTK,TITAN,560.0,PA,0.0,0.0,0.0,96.9,74.7,0.0,0.0,0.0
2005-10-10,2005-10-27,OPTSTK,TITAN,580.0,PA,0.0,0.0,0.0,50.0,92.95,0.0,0.0,800.0
2005-10-10,2005-10-27,OPTSTK,TITAN,600.0,PA,0.0,0.0,0.0,109.4,111.95,0.0,0.0,0.0
2005-10-10,2005-11-24,OPTSTK,TITAN,440.0,CA,0.0,0.0,0.0,76.4,66.15,0.0,0.0,0.0
2005-10-10,2005-11-24,OPTSTK,TITAN,450.0,CA,0.0,0.0,0.0,71.05,59.5,0.0,0.0,0.0
2005-10-10,2005-11-24,OPTSTK,TITAN,460.0,CA,0.0,0.0,0.0,65.95,53.35,0.0,0.0,0.0
2005-10-10,2005-11-24,OPTSTK,TITAN,470.0,CA,0.0,0.0,0.0,61.15,47.65,0.0,0.0,0.0
2005-10-10,2005-11-24,OPTSTK,TITAN,480.0,CA,0.0,0.0,0.0,56.65,42.35,0.0,0.0,0.0
2005-10-10,2005-11-24,OPTSTK,TITAN,490.0,CA,0.0,0.0,0.0,52.4,37.5,0.0,0.0,0.0
2005-10-10,2005-11-24,OPTSTK,TITAN,500.0,CA,0.0,0.0,0.0,48.45,33.1,0.0,0.0,0.0
2005-10-10,2005-11-24,OPTSTK,TITAN,510.0,CA,0.0,0.0,0.0,53.15,29.05,0.0,0.0,0.0
2005-10-10,2005-11-24,OPTSTK,TITAN,520.0,CA,0.0,0.0,0.0,49.25,25.45,0.0,0.0,0.0
2005-10-10,2005-11-24,OPTSTK,TITAN,530.0,CA,0.0,0.0,0.0,42.8,22.15,0.0,0.0,0.0
2005-10-10,2005-11-24,OPTSTK,TITAN,540.0,CA,0.0,0.0,0.0,44.5,19.25,0.0,0.0,0.0
2005-10-10,2005-11-24,OPTSTK,TITAN,560.0,CA,0.0,0.0,0.0,36.75,14.4,0.0,0.0,0.0
2005-10-10,2005-11-24,OPTSTK,TITAN,580.0,CA,0.0,0.0,0.0,30.15,10.65,0.0,0.0,0.0
2005-10-10,2005-11-24,OPTSTK,TITAN,440.0,PA,0.0,0.0,0.0,35.9,15.35,0.0,0.0,0.0
2005-10-10,2005-11-24,OPTSTK,TITAN,450.0,PA,0.0,0.0,0.0,40.4,18.65,0.0,0.0,0.0
2005-10-10,2005-11-24,OPTSTK,TITAN,460.0,PA,0.0,0.0,0.0,45.2,22.4,0.0,0.0,0.0
2005-10-10,2005-11-24,OPTSTK,TITAN,470.0,PA,0.0,0.0,0.0,50.25,26.6,0.0,0.0,0.0
2005-10-10,2005-11-24,OPTSTK,TITAN,480.0,PA,0.0,0.0,0.0,55.6,31.25,0.0,0.0,0.0
2005-10-10,2005-11-24,OPTSTK,TITAN,490.0,PA,0.0,0.0,0.0,61.2,36.35,0.0,0.0,0.0
2005-10-10,2005-11-24,OPTSTK,TITAN,500.0,PA,0.0,0.0,0.0,67.05,41.85,0.0,0.0,0.0
2005-10-10,2005-11-24,OPTSTK,TITAN,510.0,PA,0.0,0.0,0.0,65.1,47.75,0.0,0.0,0.0
2005-10-10,2005-11-24,OPTSTK,TITAN,520.0,PA,0.0,0.0,0.0,71.05,54.05,0.0,0.0,0.0
2005-10-10,2005-11-24,OPTSTK,TITAN,530.0,PA,0.0,0.0,0.0,69.95,60.7,0.0,0.0,0.0
2005-10-10,2005-11-24,OPTSTK,TITAN,540.0,PA,0.0,0.0,0.0,54.4,67.7,0.0,0.0,0.0
2005-10-10,2005-11-24,OPTSTK,TITAN,560.0,PA,0.0,0.0,0.0,66.4,82.75,0.0,0.0,0.0
2005-10-10,2005-11-24,OPTSTK,TITAN,580.0,PA,0.0,0.0,0.0,79.6,98.8,0.0,0.0,0.0
2005-10-10,2005-12-29,OPTSTK,TITAN,440.0,CA,0.0,0.0,0.0,98.3,77.9,0.0,0.0,0.0
2005-10-10,2005-12-29,OPTSTK,TITAN,460.0,CA,0.0,0.0,0.0,76.25,66.15,0.0,0.0,0.0
2005-10-10,2005-12-29,OPTSTK,TITAN,470.0,CA,0.0,0.0,0.0,71.0,60.8,0.0,0.0,0.0
2005-10-10,2005-12-29,OPTSTK,TITAN,480.0,CA,0.0,0.0,0.0,66.05,55.75,0.0,0.0,0.0
2005-10-10,2005-12-29,OPTSTK,TITAN,490.0,CA,0.0,0.0,0.0,61.4,51.05,0.0,0.0,0.0
2005-10-10,2005-12-29,OPTSTK,TITAN,500.0,CA,0.0,0.0,0.0,57.0,46.6,0.0,0.0,0.0
2005-10-10,2005-12-29,OPTSTK,TITAN,510.0,CA,0.0,0.0,0.0,52.85,42.5,0.0,0.0,0.0
2005-10-10,2005-12-29,OPTSTK,TITAN,520.0,CA,0.0,0.0,0.0,48.95,38.7,0.0,0.0,0.0
2005-10-10,2005-12-29,OPTSTK,TITAN,540.0,CA,0.0,0.0,0.0,51.85,31.95,0.0,0.0,0.0
2005-10-10,2005-12-29,OPTSTK,TITAN,560.0,CA,0.0,0.0,0.0,44.55,26.2,0.0,0.0,0.0
2005-10-10,2005-12-29,OPTSTK,TITAN,580.0,CA,0.0,0.0,0.0,38.2,21.4,0.0,0.0,0.0
2005-10-10,2005-12-29,OPTSTK,TITAN,440.0,PA,0.0,0.0,0.0,22.4,24.6,0.0,0.0,0.0
2005-10-10,2005-12-29,OPTSTK,TITAN,460.0,PA,0.0,0.0,0.0,39.4,32.6,0.0,0.0,0.0
2005-10-10,2005-12-29,OPTSTK,TITAN,470.0,PA,0.0,0.0,0.0,44.05,37.1,0.0,0.0,0.0
2005-10-10,2005-12-29,OPTSTK,TITAN,480.0,PA,0.0,0.0,0.0,48.95,41.9,0.0,0.0,0.0
2005-10-10,2005-12-29,OPTSTK,TITAN,490.0,PA,0.0,0.0,0.0,54.1,47.05,0.0,0.0,0.0
2005-10-10,2005-12-29,OPTSTK,TITAN,500.0,PA,0.0,0.0,0.0,59.55,52.5,0.0,0.0,0.0
2005-10-10,2005-12-29,OPTSTK,TITAN,510.0,PA,0.0,0.0,0.0,65.25,58.3,0.0,0.0,0.0
2005-10-10,2005-12-29,OPTSTK,TITAN,520.0,PA,0.0,0.0,0.0,71.25,64.35,0.0,0.0,0.0
2005-10-10,2005-12-29,OPTSTK,TITAN,540.0,PA,0.0,0.0,0.0,71.4,77.3,0.0,0.0,0.0
2005-10-10,2005-12-29,OPTSTK,TITAN,560.0,PA,0.0,0.0,0.0,83.85,91.3,0.0,0.0,0.0
2005-10-10,2005-12-29,OPTSTK,TITAN,580.0,PA,0.0,0.0,0.0,97.2,106.25,0.0,0.0,0.0
2005-10-10,2005-10-27,OPTSTK,TVSMOTOR,60.0,CA,0.0,0.0,0.0,19.95,38.25,0.0,0.0,0.0
2005-10-10,2005-10-27,OPTSTK,TVSMOTOR,65.0,CA,0.0,0.0,0.0,16.3,33.25,0.0,0.0,0.0
2005-10-10,2005-10-27,OPTSTK,TVSMOTOR,70.0,CA,0.0,0.0,0.0,13.1,28.25,0.0,0.0,0.0
2005-10-10,2005-10-27,OPTSTK,TVSMOTOR,75.0,CA,0.0,0.0,0.0,10.4,23.3,0.0,0.0,0.0
2005-10-10,2005-10-27,OPTSTK,TVSMOTOR,80.0,CA,0.0,0.0,0.0,8.1,18.4,0.0,0.0,0.0
2005-10-10,2005-10-27,OPTSTK,TVSMOTOR,85.0,CA,0.0,0.0,0.0,6.3,13.7,0.0,0.0,0.0
2005-10-10,2005-10-27,OPTSTK,TVSMOTOR,90.0,CA,0.0,0.0,0.0,4.8,9.45,0.0,0.0,0.0
2005-10-10,2005-10-27,OPTSTK,TVSMOTOR,95.0,CA,0.0,0.0,0.0,11.45,6.0,0.0,0.0,23600.0
2005-10-10,2005-10-27,OPTSTK,TVSMOTOR,100.0,CA,4.5,4.85,4.5,4.5,4.5,5.0,15.42,103250.0
2005-10-10,2005-10-27,OPTSTK,TVSMOTOR,105.0,CA,2.75,2.8,2.05,2.05,2.05,3.0,9.51,32450.0
2005-10-10,2005-10-27,OPTSTK,TVSMOTOR,110.0,CA,1.1,1.1,1.0,1.05,1.05,2.0,6.55,11800.0
2005-10-10,2005-10-27,OPTSTK,TVSMOTOR,115.0,CA,0.0,0.0,0.0,1.35,0.4,0.0,0.0,0.0
2005-10-10,2005-10-27,OPTSTK,TVSMOTOR,120.0,CA,0.0,0.0,0.0,1.05,0.15,0.0,0.0,0.0
2005-10-10,2005-10-27,OPTSTK,TVSMOTOR,60.0,PA,0.0,0.0,0.0,0.05,0.0,0.0,0.0,0.0
2005-10-10,2005-10-27,OPTSTK,TVSMOTOR,65.0,PA,0.0,0.0,0.0,3.1,0.0,0.0,0.0,0.0
2005-10-10,2005-10-27,OPTSTK,TVSMOTOR,70.0,PA,0.0,0.0,0.0,4.8,0.0,0.0,0.0,0.0
2005-10-10,2005-10-27,OPTSTK,TVSMOTOR,75.0,PA,0.0,0.0,0.0,7.05,0.05,0.0,0.0,0.0
2005-10-10,2005-10-27,OPTSTK,TVSMOTOR,80.0,PA,0.0,0.0,0.0,9.7,0.1,0.0,0.0,0.0
2005-10-10,2005-10-27,OPTSTK,TVSMOTOR,85.0,PA,0.0,0.0,0.0,12.75,0.4,0.0,0.0,0.0
2005-10-10,2005-10-27,OPTSTK,TVSMOTOR,90.0,PA,0.0,0.0,0.0,16.2,1.2,0.0,0.0,0.0
2005-10-10,2005-10-27,OPTSTK,TVSMOTOR,95.0,PA,0.0,0.0,0.0,4.0,2.7,0.0,0.0,8850.0
2005-10-10,2005-10-27,OPTSTK,TVSMOTOR,100.0,PA,4.55,4.55,4.55,4.55,4.55,1.0,3.08,23600.0
2005-10-10,2005-10-27,OPTSTK,TVSMOTOR,105.0,PA,0.0,0.0,0.0,15.2,8.5,0.0,0.0,0.0
2005-10-10,2005-10-27,OPTSTK,TVSMOTOR,110.0,PA,0.0,0.0,0.0,17.85,12.55,0.0,0.0,0.0
2005-10-10,2005-10-27,OPTSTK,TVSMOTOR,115.0,PA,0.0,0.0,0.0,15.6,17.05,0.0,0.0,0.0
2005-10-10,2005-10-27,OPTSTK,TVSMOTOR,120.0,PA,0.0,0.0,0.0,17.45,21.8,0.0,0.0,0.0
2005-10-10,2005-11-24,OPTSTK,TVSMOTOR,60.0,CA,0.0,0.0,0.0,17.4,38.5,0.0,0.0,0.0
2005-10-10,2005-11-24,OPTSTK,TVSMOTOR,65.0,CA,0.0,0.0,0.0,13.5,33.6,0.0,0.0,0.0
2005-10-10,2005-11-24,OPTSTK,TVSMOTOR,70.0,CA,0.0,0.0,0.0,10.1,28.7,0.0,0.0,0.0
2005-10-10,2005-11-24,OPTSTK,TVSMOTOR,75.0,CA,0.0,0.0,0.0,7.35,24.0,0.0,0.0,0.0
2005-10-10,2005-11-24,OPTSTK,TVSMOTOR,80.0,CA,0.0,0.0,0.0,5.2,19.5,0.0,0.0,0.0
2005-10-10,2005-11-24,OPTSTK,TVSMOTOR,85.0,CA,0.0,0.0,0.0,3.6,15.4,0.0,0.0,0.0
2005-10-10,2005-11-24,OPTSTK,TVSMOTOR,90.0,CA,0.0,0.0,0.0,2.4,11.8,0.0,0.0,0.0
2005-10-10,2005-11-24,OPTSTK,TVSMOTOR,95.0,CA,0.0,0.0,0.0,1.8,8.75,0.0,0.0,0.0
2005-10-10,2005-11-24,OPTSTK,TVSMOTOR,100.0,CA,0.0,0.0,0.0,2.25,6.3,0.0,0.0,0.0
2005-10-10,2005-11-24,OPTSTK,TVSMOTOR,105.0,CA,0.0,0.0,0.0,4.6,4.4,0.0,0.0,0.0
2005-10-10,2005-11-24,OPTSTK,TVSMOTOR,110.0,CA,0.0,0.0,0.0,3.55,3.0,0.0,0.0,0.0
2005-10-10,2005-11-24,OPTSTK,TVSMOTOR,115.0,CA,0.0,0.0,0.0,3.5,2.0,0.0,0.0,0.0
2005-10-10,2005-11-24,OPTSTK,TVSMOTOR,120.0,CA,0.0,0.0,0.0,3.15,1.3,0.0,0.0,0.0
2005-10-10,2005-11-24,OPTSTK,TVSMOTOR,60.0,PA,0.0,0.0,0.0,0.05,0.05,0.0,0.0,0.0
2005-10-10,2005-11-24,OPTSTK,TVSMOTOR,65.0,PA,0.0,0.0,0.0,1.95,0.05,0.0,0.0,0.0
2005-10-10,2005-11-24,OPTSTK,TVSMOTOR,70.0,PA,0.0,0.0,0.0,3.55,0.15,0.0,0.0,0.0
2005-10-10,2005-11-24,OPTSTK,TVSMOTOR,75.0,PA,0.0,0.0,0.0,5.7,0.4,0.0,0.0,0.0
2005-10-10,2005-11-24,OPTSTK,TVSMOTOR,80.0,PA,0.0,0.0,0.0,8.45,0.9,0.0,0.0,0.0
2005-10-10,2005-11-24,OPTSTK,TVSMOTOR,85.0,PA,0.0,0.0,0.0,11.75,1.75,0.0,0.0,0.0
2005-10-10,2005-11-24,OPTSTK,TVSMOTOR,90.0,PA,0.0,0.0,0.0,15.55,3.1,0.0,0.0,0.0
2005-10-10,2005-11-24,OPTSTK,TVSMOTOR,95.0,PA,0.0,0.0,0.0,16.75,5.0,0.0,0.0,0.0
2005-10-10,2005-11-24,OPTSTK,TVSMOTOR,100.0,PA,0.0,0.0,0.0,18.4,7.5,0.0,0.0,0.0
2005-10-10,2005-11-24,OPTSTK,TVSMOTOR,105.0,PA,0.0,0.0,0.0,16.45,10.6,0.0,0.0,0.0
2005-10-10,2005-11-24,OPTSTK,TVSMOTOR,110.0,PA,0.0,0.0,0.0,18.95,14.15,0.0,0.0,0.0
2005-10-10,2005-11-24,OPTSTK,TVSMOTOR,115.0,PA,0.0,0.0,0.0,17.2,18.1,0.0,0.0,0.0
2005-10-10,2005-11-24,OPTSTK,TVSMOTOR,120.0,PA,0.0,0.0,0.0,18.95,22.35,0.0,0.0,0.0
2005-10-10,2005-12-29,OPTSTK,TVSMOTOR,80.0,CA,0.0,0.0,0.0,17.2,21.05,0.0,0.0,0.0
2005-10-10,2005-12-29,OPTSTK,TVSMOTOR,85.0,CA,0.0,0.0,0.0,13.7,17.35,0.0,0.0,0.0
2005-10-10,2005-12-29,OPTSTK,TVSMOTOR,90.0,CA,0.0,0.0,0.0,10.65,14.05,0.0,0.0,0.0
2005-10-10,2005-12-29,OPTSTK,TVSMOTOR,95.0,CA,0.0,0.0,0.0,8.1,11.25,0.0,0.0,0.0
2005-10-10,2005-12-29,OPTSTK,TVSMOTOR,100.0,CA,0.0,0.0,0.0,6.05,8.85,0.0,0.0,0.0
2005-10-10,2005-12-29,OPTSTK,TVSMOTOR,105.0,CA,0.0,0.0,0.0,4.45,6.85,0.0,0.0,0.0
2005-10-10,2005-12-29,OPTSTK,TVSMOTOR,110.0,CA,0.0,0.0,0.0,3.2,5.25,0.0,0.0,0.0
2005-10-10,2005-12-29,OPTSTK,TVSMOTOR,115.0,CA,0.0,0.0,0.0,5.85,4.0,0.0,0.0,0.0
2005-10-10,2005-12-29,OPTSTK,TVSMOTOR,120.0,CA,0.0,0.0,0.0,5.5,3.0,0.0,0.0,0.0
2005-10-10,2005-12-29,OPTSTK,TVSMOTOR,80.0,PA,0.0,0.0,0.0,2.15,1.95,0.0,0.0,0.0
2005-10-10,2005-12-29,OPTSTK,TVSMOTOR,85.0,PA,0.0,0.0,0.0,3.5,3.2,0.0,0.0,0.0
2005-10-10,2005-12-29,OPTSTK,TVSMOTOR,90.0,PA,0.0,0.0,0.0,5.4,4.85,0.0,0.0,0.0
2005-10-10,2005-12-29,OPTSTK,TVSMOTOR,95.0,PA,0.0,0.0,0.0,7.8,6.95,0.0,0.0,0.0
2005-10-10,2005-12-29,OPTSTK,TVSMOTOR,100.0,PA,0.0,0.0,0.0,10.7,9.45,0.0,0.0,0.0
2005-10-10,2005-12-29,OPTSTK,TVSMOTOR,105.0,PA,0.0,0.0,0.0,14.0,12.45,0.0,0.0,0.0
2005-10-10,2005-12-29,OPTSTK,TVSMOTOR,110.0,PA,0.0,0.0,0.0,17.7,15.75,0.0,0.0,0.0
2005-10-10,2005-12-29,OPTSTK,TVSMOTOR,115.0,PA,0.0,0.0,0.0,18.9,19.4,0.0,0.0,0.0
2005-10-10,2005-12-29,OPTSTK,TVSMOTOR,120.0,PA,0.0,0.0,0.0,20.6,23.35,0.0,0.0,0.0
2005-10-10,2005-10-27,OPTSTK,UNIONBANK,105.0,CA,0.0,0.0,0.0,20.2,23.4,0.0,0.0,0.0
2005-10-10,2005-10-27,OPTSTK,UNIONBANK,110.0,CA,0.0,0.0,0.0,22.45,18.6,0.0,0.0,0.0
2005-10-10,2005-10-27,OPTSTK,UNIONBANK,115.0,CA,0.0,0.0,0.0,19.0,14.05,0.0,0.0,0.0
2005-10-10,2005-10-27,OPTSTK,UNIONBANK,120.0,CA,0.0,0.0,0.0,20.8,10.0,0.0,0.0,0.0
2005-10-10,2005-10-27,OPTSTK,UNIONBANK,125.0,CA,0.0,0.0,0.0,17.55,6.65,0.0,0.0,0.0
2005-10-10,2005-10-27,OPTSTK,UNIONBANK,130.0,CA,4.35,4.35,4.35,4.35,4.35,1.0,2.82,39900.0
2005-10-10,2005-10-27,OPTSTK,UNIONBANK,135.0,CA,3.85,3.9,2.75,2.75,2.75,4.0,11.62,33600.0
2005-10-10,2005-10-27,OPTSTK,UNIONBANK,140.0,CA,0.0,0.0,0.0,3.0,1.25,0.0,0.0,96600.0
2005-10-10,2005-10-27,OPTSTK,UNIONBANK,145.0,CA,0.0,0.0,0.0,1.45,0.6,0.0,0.0,27300.0
2005-10-10,2005-10-27,OPTSTK,UNIONBANK,150.0,CA,0.0,0.0,0.0,1.6,0.3,0.0,0.0,14700.0
2005-10-10,2005-10-27,OPTSTK,UNIONBANK,155.0,CA,0.0,0.0,0.0,5.25,0.15,0.0,0.0,0.0
2005-10-10,2005-10-27,OPTSTK,UNIONBANK,105.0,PA,0.0,0.0,0.0,3.25,0.1,0.0,0.0,0.0
2005-10-10,2005-10-27,OPTSTK,UNIONBANK,110.0,PA,0.0,0.0,0.0,3.75,0.25,0.0,0.0,0.0
2005-10-10,2005-10-27,OPTSTK,UNIONBANK,115.0,PA,0.0,0.0,0.0,5.25,0.7,0.0,0.0,0.0
2005-10-10,2005-10-27,OPTSTK,UNIONBANK,120.0,PA,0.0,0.0,0.0,4.35,1.65,0.0,0.0,0.0
2005-10-10,2005-10-27,OPTSTK,UNIONBANK,125.0,PA,0.0,0.0,0.0,6.0,3.3,0.0,0.0,0.0
2005-10-10,2005-10-27,OPTSTK,UNIONBANK,130.0,PA,0.0,0.0,0.0,3.0,5.75,0.0,0.0,14700.0
2005-10-10,2005-10-27,OPTSTK,UNIONBANK,135.0,PA,9.75,10.0,9.75,10.0,10.0,5.0,15.2,10500.0
2005-10-10,2005-10-27,OPTSTK,UNIONBANK,140.0,PA,0.0,0.0,0.0,13.1,12.85,0.0,0.0,0.0
2005-10-10,2005-10-27,OPTSTK,UNIONBANK,145.0,PA,15.0,15.0,15.0,15.0,15.0,1.0,3.36,2100.0
2005-10-10,2005-10-27,OPTSTK,UNIONBANK,150.0,PA,0.0,0.0,0.0,19.5,21.85,0.0,0.0,0.0
2005-10-10,2005-10-27,OPTSTK,UNIONBANK,155.0,PA,0.0,0.0,0.0,19.85,26.7,0.0,0.0,0.0
2005-10-10,2005-11-24,OPTSTK,UNIONBANK,110.0,CA,0.0,0.0,0.0,20.9,20.3,0.0,0.0,0.0
2005-10-10,2005-11-24,OPTSTK,UNIONBANK,115.0,CA,0.0,0.0,0.0,17.8,16.35,0.0,0.0,0.0
2005-10-10,2005-11-24,OPTSTK,UNIONBANK,120.0,CA,0.0,0.0,0.0,15.05,12.9,0.0,0.0,0.0
2005-10-10,2005-11-24,OPTSTK,UNIONBANK,125.0,CA,0.0,0.0,0.0,12.65,9.9,0.0,0.0,0.0
2005-10-10,2005-11-24,OPTSTK,UNIONBANK,130.0,CA,0.0,0.0,0.0,10.5,7.4,0.0,0.0,0.0
2005-10-10,2005-11-24,OPTSTK,UNIONBANK,135.0,CA,0.0,0.0,0.0,8.7,5.45,0.0,0.0,0.0
2005-10-10,2005-11-24,OPTSTK,UNIONBANK,140.0,CA,0.0,0.0,0.0,7.15,3.9,0.0,0.0,0.0
2005-10-10,2005-11-24,OPTSTK,UNIONBANK,145.0,CA,0.0,0.0,0.0,11.0,2.7,0.0,0.0,0.0
2005-10-10,2005-11-24,OPTSTK,UNIONBANK,150.0,CA,0.0,0.0,0.0,9.35,1.85,0.0,0.0,0.0
2005-10-10,2005-11-24,OPTSTK,UNIONBANK,155.0,CA,0.0,0.0,0.0,8.0,1.25,0.0,0.0,0.0
2005-10-10,2005-11-24,OPTSTK,UNIONBANK,110.0,PA,0.0,0.0,0.0,5.35,1.45,0.0,0.0,0.0
2005-10-10,2005-11-24,OPTSTK,UNIONBANK,115.0,PA,0.0,0.0,0.0,7.2,2.45,0.0,0.0,0.0
2005-10-10,2005-11-24,OPTSTK,UNIONBANK,120.0,PA,0.0,0.0,0.0,9.4,3.95,0.0,0.0,0.0
2005-10-10,2005-11-24,OPTSTK,UNIONBANK,125.0,PA,0.0,0.0,0.0,11.9,5.95,0.0,0.0,0.0
2005-10-10,2005-11-24,OPTSTK,UNIONBANK,130.0,PA,0.0,0.0,0.0,14.7,8.4,0.0,0.0,0.0
2005-10-10,2005-11-24,OPTSTK,UNIONBANK,135.0,PA,0.0,0.0,0.0,17.8,11.4,0.0,0.0,0.0
2005-10-10,2005-11-24,OPTSTK,UNIONBANK,140.0,PA,0.0,0.0,0.0,21.2,14.8,0.0,0.0,0.0
2005-10-10,2005-11-24,OPTSTK,UNIONBANK,145.0,PA,0.0,0.0,0.0,19.7,18.6,0.0,0.0,0.0
2005-10-10,2005-11-24,OPTSTK,UNIONBANK,150.0,PA,0.0,0.0,0.0,22.95,22.7,0.0,0.0,0.0
2005-10-10,2005-11-24,OPTSTK,UNIONBANK,155.0,PA,0.0,0.0,0.0,21.9,27.05,0.0,0.0,0.0
2005-10-10,2005-12-29,OPTSTK,UNIONBANK,115.0,CA,0.0,0.0,0.0,21.2,18.8,0.0,0.0,0.0
2005-10-10,2005-12-29,OPTSTK,UNIONBANK,120.0,CA,0.0,0.0,0.0,17.9,15.6,0.0,0.0,0.0
2005-10-10,2005-12-29,OPTSTK,UNIONBANK,125.0,CA,0.0,0.0,0.0,15.0,12.8,0.0,0.0,0.0
2005-10-10,2005-12-29,OPTSTK,UNIONBANK,130.0,CA,0.0,0.0,0.0,12.4,10.35,0.0,0.0,0.0
2005-10-10,2005-12-29,OPTSTK,UNIONBANK,135.0,CA,0.0,0.0,0.0,10.2,8.3,0.0,0.0,0.0
2005-10-10,2005-12-29,OPTSTK,UNIONBANK,140.0,CA,0.0,0.0,0.0,8.25,6.55,0.0,0.0,0.0
2005-10-10,2005-12-29,OPTSTK,UNIONBANK,145.0,CA,0.0,0.0,0.0,6.65,5.15,0.0,0.0,0.0
2005-10-10,2005-12-29,OPTSTK,UNIONBANK,150.0,CA,0.0,0.0,0.0,7.25,4.0,0.0,0.0,0.0
2005-10-10,2005-12-29,OPTSTK,UNIONBANK,155.0,CA,0.0,0.0,0.0,6.6,3.1,0.0,0.0,0.0
2005-10-10,2005-12-29,OPTSTK,UNIONBANK,115.0,PA,0.0,0.0,0.0,4.25,4.25,0.0,0.0,0.0
2005-10-10,2005-12-29,OPTSTK,UNIONBANK,120.0,PA,0.0,0.0,0.0,5.9,6.0,0.0,0.0,0.0
2005-10-10,2005-12-29,OPTSTK,UNIONBANK,125.0,PA,0.0,0.0,0.0,7.9,8.1,0.0,0.0,0.0
2005-10-10,2005-12-29,OPTSTK,UNIONBANK,130.0,PA,0.0,0.0,0.0,10.25,10.6,0.0,0.0,0.0
2005-10-10,2005-12-29,OPTSTK,UNIONBANK,135.0,PA,0.0,0.0,0.0,12.95,13.5,0.0,0.0,0.0
2005-10-10,2005-12-29,OPTSTK,UNIONBANK,140.0,PA,0.0,0.0,0.0,15.95,16.7,0.0,0.0,0.0
2005-10-10,2005-12-29,OPTSTK,UNIONBANK,145.0,PA,0.0,0.0,0.0,19.3,20.2,0.0,0.0,0.0
2005-10-10,2005-12-29,OPTSTK,UNIONBANK,150.0,PA,0.0,0.0,0.0,20.25,24.0,0.0,0.0,0.0
2005-10-10,2005-12-29,OPTSTK,UNIONBANK,155.0,PA,0.0,0.0,0.0,21.1,28.0,0.0,0.0,0.0
2005-10-10,2005-10-27,OPTSTK,UTIBANK,220.0,CA,0.0,0.0,0.0,34.7,41.25,0.0,0.0,0.0
2005-10-10,2005-10-27,OPTSTK,UTIBANK,230.0,CA,0.0,0.0,0.0,43.55,31.75,0.0,0.0,0.0
2005-10-10,2005-10-27,OPTSTK,UTIBANK,235.0,CA,0.0,0.0,0.0,25.25,27.25,0.0,0.0,0.0
2005-10-10,2005-10-27,OPTSTK,UTIBANK,240.0,CA,0.0,0.0,0.0,36.75,23.0,0.0,0.0,0.0
2005-10-10,2005-10-27,OPTSTK,UTIBANK,245.0,CA,0.0,0.0,0.0,19.35,19.05,0.0,0.0,0.0
2005-10-10,2005-10-27,OPTSTK,UTIBANK,250.0,CA,0.0,0.0,0.0,30.65,15.45,0.0,0.0,0.0
2005-10-10,2005-10-27,OPTSTK,UTIBANK,255.0,CA,0.0,0.0,0.0,14.45,12.3,0.0,0.0,0.0
2005-10-10,2005-10-27,OPTSTK,UTIBANK,260.0,CA,0.0,0.0,0.0,25.3,9.55,0.0,0.0,0.0
2005-10-10,2005-10-27,OPTSTK,UTIBANK,265.0,CA,0.0,0.0,0.0,10.55,7.25,0.0,0.0,0.0
2005-10-10,2005-10-27,OPTSTK,UTIBANK,270.0,CA,0.0,0.0,0.0,20.65,5.4,0.0,0.0,0.0
2005-10-10,2005-10-27,OPTSTK,UTIBANK,280.0,CA,0.0,0.0,0.0,16.7,2.8,0.0,0.0,0.0
2005-10-10,2005-10-27,OPTSTK,UTIBANK,290.0,CA,0.0,0.0,0.0,13.35,1.3,0.0,0.0,0.0
2005-10-10,2005-10-27,OPTSTK,UTIBANK,300.0,CA,0.0,0.0,0.0,11.75,0.55,0.0,0.0,0.0
2005-10-10,2005-10-27,OPTSTK,UTIBANK,310.0,CA,0.0,0.0,0.0,12.6,0.25,0.0,0.0,0.0
2005-10-10,2005-10-27,OPTSTK,UTIBANK,320.0,CA,0.0,0.0,0.0,2.7,0.1,0.0,0.0,0.0
2005-10-10,2005-10-27,OPTSTK,UTIBANK,220.0,PA,0.0,0.0,0.0,1.7,0.2,0.0,0.0,0.0
2005-10-10,2005-10-27,OPTSTK,UTIBANK,230.0,PA,0.0,0.0,0.0,7.3,0.7,0.0,0.0,0.0
2005-10-10,2005-10-27,OPTSTK,UTIBANK,235.0,PA,0.0,0.0,0.0,7.9,1.15,0.0,0.0,0.0
2005-10-10,2005-10-27,OPTSTK,UTIBANK,240.0,PA,0.0,0.0,0.0,10.3,1.9,0.0,0.0,0.0
2005-10-10,2005-10-27,OPTSTK,UTIBANK,245.0,PA,0.0,0.0,0.0,11.9,2.9,0.0,0.0,0.0
2005-10-10,2005-10-27,OPTSTK,UTIBANK,250.0,PA,0.0,0.0,0.0,14.05,4.3,0.0,0.0,0.0
2005-10-10,2005-10-27,OPTSTK,UTIBANK,255.0,PA,0.0,0.0,0.0,16.9,6.15,0.0,0.0,0.0
2005-10-10,2005-10-27,OPTSTK,UTIBANK,260.0,PA,0.0,0.0,0.0,18.55,8.4,0.0,0.0,0.0
2005-10-10,2005-10-27,OPTSTK,UTIBANK,265.0,PA,0.0,0.0,0.0,22.85,11.1,0.0,0.0,0.0
2005-10-10,2005-10-27,OPTSTK,UTIBANK,270.0,PA,0.0,0.0,0.0,23.75,14.2,0.0,0.0,0.0
2005-10-10,2005-10-27,OPTSTK,UTIBANK,280.0,PA,0.0,0.0,0.0,29.65,21.55,0.0,0.0,0.0
2005-10-10,2005-10-27,OPTSTK,UTIBANK,290.0,PA,0.0,0.0,0.0,36.2,30.05,0.0,0.0,0.0
2005-10-10,2005-10-27,OPTSTK,UTIBANK,300.0,PA,0.0,0.0,0.0,39.6,39.3,0.0,0.0,0.0
2005-10-10,2005-10-27,OPTSTK,UTIBANK,310.0,PA,0.0,0.0,0.0,41.65,48.95,0.0,0.0,0.0
2005-10-10,2005-10-27,OPTSTK,UTIBANK,320.0,PA,0.0,0.0,0.0,34.35,58.75,0.0,0.0,0.0
2005-10-10,2005-11-24,OPTSTK,UTIBANK,220.0,CA,0.0,0.0,0.0,36.95,43.8,0.0,0.0,0.0
2005-10-10,2005-11-24,OPTSTK,UTIBANK,230.0,CA,0.0,0.0,0.0,27.65,35.4,0.0,0.0,0.0
2005-10-10,2005-11-24,OPTSTK,UTIBANK,235.0,CA,0.0,0.0,0.0,24.6,31.5,0.0,0.0,0.0
2005-10-10,2005-11-24,OPTSTK,UTIBANK,240.0,CA,0.0,0.0,0.0,21.75,27.85,0.0,0.0,0.0
2005-10-10,2005-11-24,OPTSTK,UTIBANK,245.0,CA,0.0,0.0,0.0,19.2,24.4,0.0,0.0,0.0
2005-10-10,2005-11-24,OPTSTK,UTIBANK,250.0,CA,0.0,0.0,0.0,16.8,21.25,0.0,0.0,0.0
2005-10-10,2005-11-24,OPTSTK,UTIBANK,255.0,CA,0.0,0.0,0.0,14.7,18.35,0.0,0.0,0.0
2005-10-10,2005-11-24,OPTSTK,UTIBANK,260.0,CA,0.0,0.0,0.0,12.75,15.75,0.0,0.0,0.0
2005-10-10,2005-11-24,OPTSTK,UTIBANK,265.0,CA,0.0,0.0,0.0,12.0,13.4,0.0,0.0,0.0
2005-10-10,2005-11-24,OPTSTK,UTIBANK,270.0,CA,0.0,0.0,0.0,8.8,11.35,0.0,0.0,0.0
2005-10-10,2005-11-24,OPTSTK,UTIBANK,280.0,CA,0.0,0.0,0.0,6.1,7.95,0.0,0.0,0.0
2005-10-10,2005-11-24,OPTSTK,UTIBANK,290.0,CA,0.0,0.0,0.0,5.95,5.4,0.0,0.0,0.0
2005-10-10,2005-11-24,OPTSTK,UTIBANK,300.0,CA,0.0,0.0,0.0,4.95,3.55,0.0,0.0,0.0
2005-10-10,2005-11-24,OPTSTK,UTIBANK,310.0,CA,0.0,0.0,0.0,6.35,2.3,0.0,0.0,0.0
2005-10-10,2005-11-24,OPTSTK,UTIBANK,320.0,CA,0.0,0.0,0.0,5.9,1.45,0.0,0.0,0.0
2005-10-10,2005-11-24,OPTSTK,UTIBANK,220.0,PA,0.0,0.0,0.0,3.0,1.7,0.0,0.0,0.0
2005-10-10,2005-11-24,OPTSTK,UTIBANK,230.0,PA,0.0,0.0,0.0,8.85,3.2,0.0,0.0,0.0
2005-10-10,2005-11-24,OPTSTK,UTIBANK,235.0,PA,0.0,0.0,0.0,10.7,4.25,0.0,0.0,0.0
2005-10-10,2005-11-24,OPTSTK,UTIBANK,240.0,PA,0.0,0.0,0.0,12.8,5.55,0.0,0.0,0.0
2005-10-10,2005-11-24,OPTSTK,UTIBANK,245.0,PA,0.0,0.0,0.0,15.15,7.1,0.0,0.0,0.0
2005-10-10,2005-11-24,OPTSTK,UTIBANK,250.0,PA,0.0,0.0,0.0,17.7,8.9,0.0,0.0,0.0
2005-10-10,2005-11-24,OPTSTK,UTIBANK,255.0,PA,0.0,0.0,0.0,20.5,11.0,0.0,0.0,0.0
2005-10-10,2005-11-24,OPTSTK,UTIBANK,260.0,PA,0.0,0.0,0.0,23.5,13.35,0.0,0.0,0.0
2005-10-10,2005-11-24,OPTSTK,UTIBANK,265.0,PA,0.0,0.0,0.0,24.45,15.95,0.0,0.0,0.0
2005-10-10,2005-11-24,OPTSTK,UTIBANK,270.0,PA,0.0,0.0,0.0,24.15,18.85,0.0,0.0,0.0
2005-10-10,2005-11-24,OPTSTK,UTIBANK,280.0,PA,0.0,0.0,0.0,31.35,25.35,0.0,0.0,0.0
2005-10-10,2005-11-24,OPTSTK,UTIBANK,290.0,PA,0.0,0.0,0.0,34.9,32.75,0.0,0.0,0.0
2005-10-10,2005-11-24,OPTSTK,UTIBANK,300.0,PA,0.0,0.0,0.0,34.15,40.85,0.0,0.0,0.0
2005-10-10,2005-11-24,OPTSTK,UTIBANK,310.0,PA,0.0,0.0,0.0,32.8,49.5,0.0,0.0,0.0
2005-10-10,2005-11-24,OPTSTK,UTIBANK,320.0,PA,0.0,0.0,0.0,36.1,58.6,0.0,0.0,0.0
2005-10-10,2005-12-29,OPTSTK,UTIBANK,220.0,CA,0.0,0.0,0.0,42.0,47.3,0.0,0.0,0.0
2005-10-10,2005-12-29,OPTSTK,UTIBANK,230.0,CA,0.0,0.0,0.0,44.1,39.65,0.0,0.0,0.0
2005-10-10,2005-12-29,OPTSTK,UTIBANK,240.0,CA,0.0,0.0,0.0,37.2,32.7,0.0,0.0,0.0
2005-10-10,2005-12-29,OPTSTK,UTIBANK,250.0,CA,0.0,0.0,0.0,31.05,26.6,0.0,0.0,0.0
2005-10-10,2005-12-29,OPTSTK,UTIBANK,260.0,CA,0.0,0.0,0.0,25.65,21.3,0.0,0.0,0.0
2005-10-10,2005-12-29,OPTSTK,UTIBANK,270.0,CA,0.0,0.0,0.0,20.95,16.8,0.0,0.0,0.0
2005-10-10,2005-12-29,OPTSTK,UTIBANK,280.0,CA,0.0,0.0,0.0,16.95,13.1,0.0,0.0,0.0
2005-10-10,2005-12-29,OPTSTK,UTIBANK,290.0,CA,0.0,0.0,0.0,13.6,10.05,0.0,0.0,0.0
2005-10-10,2005-12-29,OPTSTK,UTIBANK,300.0,CA,0.0,0.0,0.0,10.9,7.65,0.0,0.0,0.0
2005-10-10,2005-12-29,OPTSTK,UTIBANK,220.0,PA,0.0,0.0,0.0,5.8,3.9,0.0,0.0,0.0
2005-10-10,2005-12-29,OPTSTK,UTIBANK,230.0,PA,0.0,0.0,0.0,7.1,6.15,0.0,0.0,0.0
2005-10-10,2005-12-29,OPTSTK,UTIBANK,240.0,PA,0.0,0.0,0.0,10.1,9.05,0.0,0.0,0.0
2005-10-10,2005-12-29,OPTSTK,UTIBANK,250.0,PA,0.0,0.0,0.0,13.8,12.8,0.0,0.0,0.0
2005-10-10,2005-12-29,OPTSTK,UTIBANK,260.0,PA,0.0,0.0,0.0,18.25,17.4,0.0,0.0,0.0
2005-10-10,2005-12-29,OPTSTK,UTIBANK,270.0,PA,0.0,0.0,0.0,23.4,22.75,0.0,0.0,0.0
2005-10-10,2005-12-29,OPTSTK,UTIBANK,280.0,PA,0.0,0.0,0.0,29.25,28.9,0.0,0.0,0.0
2005-10-10,2005-12-29,OPTSTK,UTIBANK,290.0,PA,0.0,0.0,0.0,35.7,35.75,0.0,0.0,0.0
2005-10-10,2005-12-29,OPTSTK,UTIBANK,300.0,PA,0.0,0.0,0.0,40.65,43.2,0.0,0.0,0.0
2005-10-10,2005-10-27,OPTSTK,VDOCONINTL,60.0,CA,0.0,0.0,0.0,18.05,29.5,0.0,0.0,0.0
2005-10-10,2005-10-27,OPTSTK,VDOCONINTL,65.0,CA,0.0,0.0,0.0,14.7,24.65,0.0,0.0,0.0
2005-10-10,2005-10-27,OPTSTK,VDOCONINTL,70.0,CA,0.0,0.0,0.0,11.85,19.95,0.0,0.0,0.0
2005-10-10,2005-10-27,OPTSTK,VDOCONINTL,75.0,CA,0.0,0.0,0.0,9.4,15.6,0.0,0.0,0.0
2005-10-10,2005-10-27,OPTSTK,VDOCONINTL,80.0,CA,0.0,0.0,0.0,7.4,11.75,0.0,0.0,0.0
2005-10-10,2005-10-27,OPTSTK,VDOCONINTL,85.0,CA,0.0,0.0,0.0,5.8,8.5,0.0,0.0,0.0
2005-10-10,2005-10-27,OPTSTK,VDOCONINTL,90.0,CA,4.05,5.25,4.05,4.4,4.4,7.0,21.18,89600.0
2005-10-10,2005-10-27,OPTSTK,VDOCONINTL,95.0,CA,4.0,4.0,2.4,2.4,2.4,5.0,15.68,96000.0
2005-10-10,2005-10-27,OPTSTK,VDOCONINTL,100.0,CA,1.8,1.8,1.75,1.8,1.8,2.0,6.51,144000.0
2005-10-10,2005-10-27,OPTSTK,VDOCONINTL,105.0,CA,0.0,0.0,0.0,2.0,1.6,0.0,0.0,28800.0
2005-10-10,2005-10-27,OPTSTK,VDOCONINTL,110.0,CA,1.0,1.0,1.0,1.0,1.0,1.0,3.55,48000.0
2005-10-10,2005-10-27,OPTSTK,VDOCONINTL,115.0,CA,0.0,0.0,0.0,1.5,0.6,0.0,0.0,3200.0
2005-10-10,2005-10-27,OPTSTK,VDOCONINTL,120.0,CA,0.0,0.0,0.0,5.55,0.35,0.0,0.0,0.0
2005-10-10,2005-10-27,OPTSTK,VDOCONINTL,125.0,CA,0.0,0.0,0.0,5.2,0.2,0.0,0.0,0.0
2005-10-10,2005-10-27,OPTSTK,VDOCONINTL,60.0,PA,0.0,0.0,0.0,2.75,0.05,0.0,0.0,0.0
2005-10-10,2005-10-27,OPTSTK,VDOCONINTL,65.0,PA,0.0,0.0,0.0,4.35,0.2,0.0,0.0,0.0
2005-10-10,2005-10-27,OPTSTK,VDOCONINTL,70.0,PA,0.0,0.0,0.0,6.4,0.5,0.0,0.0,0.0
2005-10-10,2005-10-27,OPTSTK,VDOCONINTL,75.0,PA,0.0,0.0,0.0,8.9,1.1,0.0,0.0,0.0
2005-10-10,2005-10-27,OPTSTK,VDOCONINTL,80.0,PA,0.0,0.0,0.0,11.85,2.25,0.0,0.0,0.0
2005-10-10,2005-10-27,OPTSTK,VDOCONINTL,85.0,PA,0.0,0.0,0.0,15.15,4.0,0.0,0.0,0.0
2005-10-10,2005-10-27,OPTSTK,VDOCONINTL,90.0,PA,0.0,0.0,0.0,5.7,6.4,0.0,0.0,3200.0
2005-10-10,2005-10-27,OPTSTK,VDOCONINTL,95.0,PA,0.0,0.0,0.0,5.0,9.4,0.0,0.0,25600.0
2005-10-10,2005-10-27,OPTSTK,VDOCONINTL,100.0,PA,0.0,0.0,0.0,6.75,13.0,0.0,0.0,0.0
2005-10-10,2005-10-27,OPTSTK,VDOCONINTL,105.0,PA,0.0,0.0,0.0,19.45,17.05,0.0,0.0,0.0
2005-10-10,2005-10-27,OPTSTK,VDOCONINTL,110.0,PA,0.0,0.0,0.0,20.15,21.4,0.0,0.0,0.0
2005-10-10,2005-10-27,OPTSTK,VDOCONINTL,115.0,PA,0.0,0.0,0.0,16.35,26.0,0.0,0.0,0.0
2005-10-10,2005-10-27,OPTSTK,VDOCONINTL,120.0,PA,0.0,0.0,0.0,19.9,30.75,0.0,0.0,0.0
2005-10-10,2005-10-27,OPTSTK,VDOCONINTL,125.0,PA,0.0,0.0,0.0,20.65,35.6,0.0,0.0,0.0
2005-10-10,2005-11-24,OPTSTK,VDOCONINTL,60.0,CA,0.0,0.0,0.0,17.85,30.45,0.0,0.0,0.0
2005-10-10,2005-11-24,OPTSTK,VDOCONINTL,65.0,CA,0.0,0.0,0.0,14.3,26.1,0.0,0.0,0.0
2005-10-10,2005-11-24,OPTSTK,VDOCONINTL,70.0,CA,0.0,0.0,0.0,11.25,22.05,0.0,0.0,0.0
2005-10-10,2005-11-24,OPTSTK,VDOCONINTL,75.0,CA,0.0,0.0,0.0,8.7,18.4,0.0,0.0,0.0
2005-10-10,2005-11-24,OPTSTK,VDOCONINTL,80.0,CA,0.0,0.0,0.0,6.65,15.15,0.0,0.0,0.0
2005-10-10,2005-11-24,OPTSTK,VDOCONINTL,85.0,CA,0.0,0.0,0.0,5.0,12.35,0.0,0.0,0.0
2005-10-10,2005-11-24,OPTSTK,VDOCONINTL,90.0,CA,0.0,0.0,0.0,3.7,9.9,0.0,0.0,0.0
2005-10-10,2005-11-24,OPTSTK,VDOCONINTL,95.0,CA,0.0,0.0,0.0,4.0,7.9,0.0,0.0,0.0
2005-10-10,2005-11-24,OPTSTK,VDOCONINTL,100.0,CA,0.0,0.0,0.0,8.5,6.25,0.0,0.0,0.0
2005-10-10,2005-11-24,OPTSTK,VDOCONINTL,105.0,CA,0.0,0.0,0.0,7.05,4.9,0.0,0.0,0.0
2005-10-10,2005-11-24,OPTSTK,VDOCONINTL,110.0,CA,0.0,0.0,0.0,8.4,3.8,0.0,0.0,0.0
2005-10-10,2005-11-24,OPTSTK,VDOCONINTL,115.0,CA,0.0,0.0,0.0,10.15,2.95,0.0,0.0,0.0
2005-10-10,2005-11-24,OPTSTK,VDOCONINTL,120.0,CA,0.0,0.0,0.0,8.55,2.25,0.0,0.0,0.0
2005-10-10,2005-11-24,OPTSTK,VDOCONINTL,125.0,CA,0.0,0.0,0.0,8.3,1.75,0.0,0.0,0.0
2005-10-10,2005-11-24,OPTSTK,VDOCONINTL,60.0,PA,0.0,0.0,0.0,1.95,0.7,0.0,0.0,0.0
2005-10-10,2005-11-24,OPTSTK,VDOCONINTL,65.0,PA,0.0,0.0,0.0,3.3,1.3,0.0,0.0,0.0
2005-10-10,2005-11-24,OPTSTK,VDOCONINTL,70.0,PA,0.0,0.0,0.0,5.15,2.25,0.0,0.0,0.0
2005-10-10,2005-11-24,OPTSTK,VDOCONINTL,75.0,PA,0.0,0.0,0.0,7.55,3.55,0.0,0.0,0.0
2005-10-10,2005-11-24,OPTSTK,VDOCONINTL,80.0,PA,0.0,0.0,0.0,10.4,5.25,0.0,0.0,0.0
2005-10-10,2005-11-24,OPTSTK,VDOCONINTL,85.0,PA,0.0,0.0,0.0,13.65,7.4,0.0,0.0,0.0
2005-10-10,2005-11-24,OPTSTK,VDOCONINTL,90.0,PA,0.0,0.0,0.0,17.3,9.95,0.0,0.0,0.0
2005-10-10,2005-11-24,OPTSTK,VDOCONINTL,95.0,PA,0.0,0.0,0.0,19.05,12.9,0.0,0.0,0.0
2005-10-10,2005-11-24,OPTSTK,VDOCONINTL,100.0,PA,0.0,0.0,0.0,17.7,16.2,0.0,0.0,0.0
2005-10-10,2005-11-24,OPTSTK,VDOCONINTL,105.0,PA,0.0,0.0,0.0,21.15,19.8,0.0,0.0,0.0
2005-10-10,2005-11-24,OPTSTK,VDOCONINTL,110.0,PA,0.0,0.0,0.0,22.3,23.7,0.0,0.0,0.0
2005-10-10,2005-11-24,OPTSTK,VDOCONINTL,115.0,PA,0.0,0.0,0.0,19.0,27.8,0.0,0.0,0.0
2005-10-10,2005-11-24,OPTSTK,VDOCONINTL,120.0,PA,0.0,0.0,0.0,22.4,32.1,0.0,0.0,0.0
2005-10-10,2005-11-24,OPTSTK,VDOCONINTL,125.0,PA,0.0,0.0,0.0,23.2,36.5,0.0,0.0,0.0
2005-10-10,2005-12-29,OPTSTK,VDOCONINTL,70.0,CA,0.0,0.0,0.0,21.75,24.45,0.0,0.0,0.0
2005-10-10,2005-12-29,OPTSTK,VDOCONINTL,75.0,CA,0.0,0.0,0.0,18.85,21.2,0.0,0.0,0.0
2005-10-10,2005-12-29,OPTSTK,VDOCONINTL,80.0,CA,0.0,0.0,0.0,16.25,18.3,0.0,0.0,0.0
2005-10-10,2005-12-29,OPTSTK,VDOCONINTL,85.0,CA,0.0,0.0,0.0,14.0,15.7,0.0,0.0,0.0
2005-10-10,2005-12-29,OPTSTK,VDOCONINTL,90.0,CA,0.0,0.0,0.0,12.05,13.4,0.0,0.0,0.0
2005-10-10,2005-12-29,OPTSTK,VDOCONINTL,95.0,CA,0.0,0.0,0.0,10.3,11.45,0.0,0.0,0.0
2005-10-10,2005-12-29,OPTSTK,VDOCONINTL,100.0,CA,0.0,0.0,0.0,8.8,9.7,0.0,0.0,0.0
2005-10-10,2005-12-29,OPTSTK,VDOCONINTL,105.0,CA,0.0,0.0,0.0,10.6,8.2,0.0,0.0,0.0
2005-10-10,2005-12-29,OPTSTK,VDOCONINTL,110.0,CA,0.0,0.0,0.0,12.75,6.95,0.0,0.0,0.0
2005-10-10,2005-12-29,OPTSTK,VDOCONINTL,70.0,PA,0.0,0.0,0.0,6.05,4.25,0.0,0.0,0.0
2005-10-10,2005-12-29,OPTSTK,VDOCONINTL,75.0,PA,0.0,0.0,0.0,8.1,5.9,0.0,0.0,0.0
2005-10-10,2005-12-29,OPTSTK,VDOCONINTL,80.0,PA,0.0,0.0,0.0,10.45,7.95,0.0,0.0,0.0
2005-10-10,2005-12-29,OPTSTK,VDOCONINTL,85.0,PA,0.0,0.0,0.0,13.1,10.3,0.0,0.0,0.0
2005-10-10,2005-12-29,OPTSTK,VDOCONINTL,90.0,PA,0.0,0.0,0.0,16.05,12.95,0.0,0.0,0.0
2005-10-10,2005-12-29,OPTSTK,VDOCONINTL,95.0,PA,0.0,0.0,0.0,19.25,15.9,0.0,0.0,0.0
2005-10-10,2005-12-29,OPTSTK,VDOCONINTL,100.0,PA,0.0,0.0,0.0,22.7,19.1,0.0,0.0,0.0
2005-10-10,2005-12-29,OPTSTK,VDOCONINTL,105.0,PA,0.0,0.0,0.0,23.45,22.55,0.0,0.0,0.0
2005-10-10,2005-12-29,OPTSTK,VDOCONINTL,110.0,PA,0.0,0.0,0.0,23.8,26.2,0.0,0.0,0.0
2005-10-10,2005-10-27,OPTSTK,VIJAYABANK,45.0,CA,0.0,0.0,0.0,17.2,15.5,0.0,0.0,0.0
2005-10-10,2005-10-27,OPTSTK,VIJAYABANK,50.0,CA,0.0,0.0,0.0,15.3,10.5,0.0,0.0,0.0
2005-10-10,2005-10-27,OPTSTK,VIJAYABANK,55.0,CA,0.0,0.0,0.0,11.25,5.8,0.0,0.0,0.0
2005-10-10,2005-10-27,OPTSTK,VIJAYABANK,60.0,CA,2.9,3.0,2.35,2.6,2.6,11.0,23.79,82800.0
2005-10-10,2005-10-27,OPTSTK,VIJAYABANK,65.0,CA,0.8,1.2,0.8,1.0,1.0,16.0,36.42,469200.0
2005-10-10,2005-10-27,OPTSTK,VIJAYABANK,70.0,CA,0.0,0.0,0.0,0.5,0.1,0.0,0.0,155250.0
2005-10-10,2005-10-27,OPTSTK,VIJAYABANK,75.0,CA,0.0,0.0,0.0,2.05,0.05,0.0,0.0,0.0
2005-10-10,2005-10-27,OPTSTK,VIJAYABANK,80.0,CA,0.0,0.0,0.0,0.3,0.0,0.0,0.0,0.0
2005-10-10,2005-10-27,OPTSTK,VIJAYABANK,85.0,CA,0.0,0.0,0.0,0.7,0.0,0.0,0.0,0.0
2005-10-10,2005-10-27,OPTSTK,VIJAYABANK,45.0,PA,0.0,0.0,0.0,0.05,0.0,0.0,0.0,0.0
2005-10-10,2005-10-27,OPTSTK,VIJAYABANK,50.0,PA,0.0,0.0,0.0,0.6,0.05,0.0,0.0,0.0
2005-10-10,2005-10-27,OPTSTK,VIJAYABANK,55.0,PA,0.0,0.0,0.0,0.5,0.3,0.0,0.0,3450.0
2005-10-10,2005-10-27,OPTSTK,VIJAYABANK,60.0,PA,0.0,0.0,0.0,1.6,1.75,0.0,0.0,24150.0
2005-10-10,2005-10-27,OPTSTK,VIJAYABANK,65.0,PA,0.0,0.0,0.0,4.1,5.05,0.0,0.0,62100.0
2005-10-10,2005-10-27,OPTSTK,VIJAYABANK,70.0,PA,0.0,0.0,0.0,8.3,9.55,0.0,0.0,0.0
2005-10-10,2005-10-27,OPTSTK,VIJAYABANK,75.0,PA,0.0,0.0,0.0,11.95,14.5,0.0,0.0,0.0
2005-10-10,2005-10-27,OPTSTK,VIJAYABANK,80.0,PA,0.0,0.0,0.0,16.0,19.45,0.0,0.0,0.0
2005-10-10,2005-10-27,OPTSTK,VIJAYABANK,85.0,PA,0.0,0.0,0.0,16.7,24.45,0.0,0.0,0.0
2005-10-10,2005-11-24,OPTSTK,VIJAYABANK,45.0,CA,0.0,0.0,0.0,17.5,15.75,0.0,0.0,0.0
2005-10-10,2005-11-24,OPTSTK,VIJAYABANK,50.0,CA,0.0,0.0,0.0,12.95,10.95,0.0,0.0,0.0
2005-10-10,2005-11-24,OPTSTK,VIJAYABANK,55.0,CA,0.0,0.0,0.0,9.0,6.8,0.0,0.0,0.0
2005-10-10,2005-11-24,OPTSTK,VIJAYABANK,60.0,CA,0.0,0.0,0.0,5.85,3.6,0.0,0.0,0.0
2005-10-10,2005-11-24,OPTSTK,VIJAYABANK,65.0,CA,0.0,0.0,0.0,3.55,1.65,0.0,0.0,0.0
2005-10-10,2005-11-24,OPTSTK,VIJAYABANK,70.0,CA,0.0,0.0,0.0,2.0,0.65,0.0,0.0,0.0
2005-10-10,2005-11-24,OPTSTK,VIJAYABANK,75.0,CA,0.0,0.0,0.0,1.1,0.25,0.0,0.0,0.0
2005-10-10,2005-11-24,OPTSTK,VIJAYABANK,80.0,CA,0.0,0.0,0.0,1.0,0.1,0.0,0.0,0.0
2005-10-10,2005-11-24,OPTSTK,VIJAYABANK,85.0,CA,0.0,0.0,0.0,0.55,0.05,0.0,0.0,0.0
2005-10-10,2005-11-24,OPTSTK,VIJAYABANK,45.0,PA,0.0,0.0,0.0,0.15,0.05,0.0,0.0,0.0
2005-10-10,2005-11-24,OPTSTK,VIJAYABANK,50.0,PA,0.0,0.0,0.0,0.55,0.25,0.0,0.0,0.0
2005-10-10,2005-11-24,OPTSTK,VIJAYABANK,55.0,PA,0.0,0.0,0.0,1.55,1.0,0.0,0.0,0.0
2005-10-10,2005-11-24,OPTSTK,VIJAYABANK,60.0,PA,0.0,0.0,0.0,3.3,2.8,0.0,0.0,0.0
2005-10-10,2005-11-24,OPTSTK,VIJAYABANK,65.0,PA,0.0,0.0,0.0,5.9,5.85,0.0,0.0,0.0
2005-10-10,2005-11-24,OPTSTK,VIJAYABANK,70.0,PA,0.0,0.0,0.0,9.35,9.8,0.0,0.0,0.0
2005-10-10,2005-11-24,OPTSTK,VIJAYABANK,75.0,PA,0.0,0.0,0.0,13.35,14.35,0.0,0.0,0.0
2005-10-10,2005-11-24,OPTSTK,VIJAYABANK,80.0,PA,0.0,0.0,0.0,16.0,19.15,0.0,0.0,0.0
2005-10-10,2005-11-24,OPTSTK,VIJAYABANK,85.0,PA,0.0,0.0,0.0,16.6,24.05,0.0,0.0,0.0
2005-10-10,2005-12-29,OPTSTK,VIJAYABANK,45.0,CA,0.0,0.0,0.0,18.0,16.1,0.0,0.0,0.0
2005-10-10,2005-12-29,OPTSTK,VIJAYABANK,50.0,CA,0.0,0.0,0.0,15.35,11.65,0.0,0.0,0.0
2005-10-10,2005-12-29,OPTSTK,VIJAYABANK,55.0,CA,0.0,0.0,0.0,11.3,7.8,0.0,0.0,0.0
2005-10-10,2005-12-29,OPTSTK,VIJAYABANK,60.0,CA,0.0,0.0,0.0,7.9,4.85,0.0,0.0,0.0
2005-10-10,2005-12-29,OPTSTK,VIJAYABANK,65.0,CA,0.0,0.0,0.0,5.25,2.8,0.0,0.0,0.0
2005-10-10,2005-12-29,OPTSTK,VIJAYABANK,70.0,CA,0.0,0.0,0.0,3.35,1.5,0.0,0.0,0.0
2005-10-10,2005-12-29,OPTSTK,VIJAYABANK,75.0,CA,0.0,0.0,0.0,2.05,0.75,0.0,0.0,0.0
2005-10-10,2005-12-29,OPTSTK,VIJAYABANK,80.0,CA,0.0,0.0,0.0,1.2,0.35,0.0,0.0,0.0
2005-10-10,2005-12-29,OPTSTK,VIJAYABANK,45.0,PA,0.0,0.0,0.0,0.15,0.2,0.0,0.0,0.0
2005-10-10,2005-12-29,OPTSTK,VIJAYABANK,50.0,PA,0.0,0.0,0.0,0.55,0.65,0.0,0.0,0.0
2005-10-10,2005-12-29,OPTSTK,VIJAYABANK,55.0,PA,0.0,0.0,0.0,1.45,1.75,0.0,0.0,0.0
2005-10-10,2005-12-29,OPTSTK,VIJAYABANK,60.0,PA,0.0,0.0,0.0,2.95,3.7,0.0,0.0,0.0
2005-10-10,2005-12-29,OPTSTK,VIJAYABANK,65.0,PA,0.0,0.0,0.0,5.25,6.6,0.0,0.0,0.0
2005-10-10,2005-12-29,OPTSTK,VIJAYABANK,70.0,PA,0.0,0.0,0.0,8.25,10.25,0.0,0.0,0.0
2005-10-10,2005-12-29,OPTSTK,VIJAYABANK,75.0,PA,0.0,0.0,0.0,11.9,14.45,0.0,0.0,0.0
2005-10-10,2005-12-29,OPTSTK,VIJAYABANK,80.0,PA,0.0,0.0,0.0,16.0,18.95,0.0,0.0,0.0
2005-10-10,2005-10-27,OPTSTK,VSNL,310.0,CA,0.0,0.0,0.0,35.8,36.8,0.0,0.0,0.0
2005-10-10,2005-10-27,OPTSTK,VSNL,320.0,CA,0.0,0.0,0.0,16.0,29.5,0.0,0.0,1050.0
2005-10-10,2005-10-27,OPTSTK,VSNL,330.0,CA,20.0,24.9,20.0,24.0,24.0,8.0,29.68,6300.0
2005-10-10,2005-10-27,OPTSTK,VSNL,340.0,CA,15.25,20.85,15.25,17.25,17.25,34.0,127.83,33600.0
2005-10-10,2005-10-27,OPTSTK,VSNL,350.0,CA,12.0,15.0,11.05,13.1,13.1,53.0,202.02,65100.0
2005-10-10,2005-10-27,OPTSTK,VSNL,360.0,CA,9.95,11.3,7.5,8.95,8.95,53.0,205.57,134400.0
2005-10-10,2005-10-27,OPTSTK,VSNL,370.0,CA,6.0,7.55,5.0,6.5,6.5,15.0,59.28,91350.0
2005-10-10,2005-10-27,OPTSTK,VSNL,380.0,CA,5.8,5.9,4.2,4.2,4.2,9.0,36.42,99750.0
2005-10-10,2005-10-27,OPTSTK,VSNL,390.0,CA,0.0,0.0,0.0,4.05,3.2,0.0,0.0,33600.0
2005-10-10,2005-10-27,OPTSTK,VSNL,400.0,CA,3.0,3.4,2.05,2.65,2.65,8.0,33.82,152250.0
2005-10-10,2005-10-27,OPTSTK,VSNL,410.0,CA,0.0,0.0,0.0,3.0,1.4,0.0,0.0,5250.0
2005-10-10,2005-10-27,OPTSTK,VSNL,420.0,CA,1.15,3.65,1.15,3.65,3.65,2.0,8.87,4200.0
2005-10-10,2005-10-27,OPTSTK,VSNL,430.0,CA,0.0,0.0,0.0,67.65,0.55,0.0,0.0,0.0
2005-10-10,2005-10-27,OPTSTK,VSNL,440.0,CA,0.0,0.0,0.0,63.75,0.35,0.0,0.0,0.0
2005-10-10,2005-10-27,OPTSTK,VSNL,450.0,CA,0.0,0.0,0.0,10.0,0.2,0.0,0.0,1050.0
2005-10-10,2005-10-27,OPTSTK,VSNL,460.0,CA,0.0,0.0,0.0,57.5,0.15,0.0,0.0,0.0
2005-10-10,2005-10-27,OPTSTK,VSNL,310.0,PA,0.0,0.0,0.0,6.65,4.6,0.0,0.0,0.0
2005-10-10,2005-10-27,OPTSTK,VSNL,320.0,PA,0.0,0.0,0.0,15.15,7.25,0.0,0.0,0.0
2005-10-10,2005-10-27,OPTSTK,VSNL,330.0,PA,8.0,8.0,7.0,7.05,7.05,5.0,17.7,8400.0
2005-10-10,2005-10-27,OPTSTK,VSNL,340.0,PA,15.0,15.0,13.55,14.0,14.0,3.0,11.15,18900.0
2005-10-10,2005-10-27,OPTSTK,VSNL,350.0,PA,0.0,0.0,0.0,21.7,20.85,0.0,0.0,13650.0
2005-10-10,2005-10-27,OPTSTK,VSNL,360.0,PA,0.0,0.0,0.0,29.85,27.25,0.0,0.0,10500.0
2005-10-10,2005-10-27,OPTSTK,VSNL,370.0,PA,0.0,0.0,0.0,20.55,34.45,0.0,0.0,1050.0
2005-10-10,2005-10-27,OPTSTK,VSNL,380.0,PA,0.0,0.0,0.0,42.4,42.35,0.0,0.0,0.0
2005-10-10,2005-10-27,OPTSTK,VSNL,390.0,PA,0.0,0.0,0.0,52.0,50.8,0.0,0.0,0.0
2005-10-10,2005-10-27,OPTSTK,VSNL,400.0,PA,0.0,0.0,0.0,57.1,59.7,0.0,0.0,0.0
2005-10-10,2005-10-27,OPTSTK,VSNL,410.0,PA,0.0,0.0,0.0,62.45,68.95,0.0,0.0,0.0
2005-10-10,2005-10-27,OPTSTK,VSNL,420.0,PA,0.0,0.0,0.0,68.0,78.4,0.0,0.0,0.0
2005-10-10,2005-10-27,OPTSTK,VSNL,430.0,PA,0.0,0.0,0.0,73.8,88.05,0.0,0.0,0.0
2005-10-10,2005-10-27,OPTSTK,VSNL,440.0,PA,0.0,0.0,0.0,79.75,97.8,0.0,0.0,0.0
2005-10-10,2005-10-27,OPTSTK,VSNL,450.0,PA,0.0,0.0,0.0,85.95,107.65,0.0,0.0,0.0
2005-10-10,2005-10-27,OPTSTK,VSNL,460.0,PA,0.0,0.0,0.0,78.1,117.55,0.0,0.0,0.0
2005-10-10,2005-11-24,OPTSTK,VSNL,310.0,CA,0.0,0.0,0.0,45.0,45.8,0.0,0.0,0.0
2005-10-10,2005-11-24,OPTSTK,VSNL,320.0,CA,0.0,0.0,0.0,54.05,39.5,0.0,0.0,0.0
2005-10-10,2005-11-24,OPTSTK,VSNL,330.0,CA,0.0,0.0,0.0,48.55,33.8,0.0,0.0,0.0
2005-10-10,2005-11-24,OPTSTK,VSNL,340.0,CA,0.0,0.0,0.0,68.15,28.7,0.0,0.0,0.0
2005-10-10,2005-11-24,OPTSTK,VSNL,350.0,CA,0.0,0.0,0.0,69.65,24.2,0.0,0.0,0.0
2005-10-10,2005-11-24,OPTSTK,VSNL,360.0,CA,0.0,0.0,0.0,64.6,20.25,0.0,0.0,0.0
2005-10-10,2005-11-24,OPTSTK,VSNL,370.0,CA,0.0,0.0,0.0,59.8,16.8,0.0,0.0,0.0
2005-10-10,2005-11-24,OPTSTK,VSNL,380.0,CA,0.0,0.0,0.0,55.3,13.85,0.0,0.0,0.0
2005-10-10,2005-11-24,OPTSTK,VSNL,390.0,CA,0.0,0.0,0.0,51.1,11.4,0.0,0.0,0.0
2005-10-10,2005-11-24,OPTSTK,VSNL,400.0,CA,0.0,0.0,0.0,47.15,9.3,0.0,0.0,0.0
2005-10-10,2005-11-24,OPTSTK,VSNL,410.0,CA,0.0,0.0,0.0,43.5,7.55,0.0,0.0,0.0
2005-10-10,2005-11-24,OPTSTK,VSNL,420.0,CA,0.0,0.0,0.0,32.35,6.05,0.0,0.0,0.0
2005-10-10,2005-11-24,OPTSTK,VSNL,430.0,CA,0.0,0.0,0.0,28.5,4.85,0.0,0.0,0.0
2005-10-10,2005-11-24,OPTSTK,VSNL,310.0,PA,0.0,0.0,0.0,14.35,12.1,0.0,0.0,0.0
2005-10-10,2005-11-24,OPTSTK,VSNL,320.0,PA,0.0,0.0,0.0,23.2,15.75,0.0,0.0,0.0
2005-10-10,2005-11-24,OPTSTK,VSNL,330.0,PA,0.0,0.0,0.0,27.55,19.95,0.0,0.0,0.0
2005-10-10,2005-11-24,OPTSTK,VSNL,340.0,PA,0.0,0.0,0.0,29.35,24.8,0.0,0.0,0.0
2005-10-10,2005-11-24,OPTSTK,VSNL,350.0,PA,0.0,0.0,0.0,36.1,30.2,0.0,0.0,0.0
2005-10-10,2005-11-24,OPTSTK,VSNL,360.0,PA,0.0,0.0,0.0,40.85,36.15,0.0,0.0,0.0
2005-10-10,2005-11-24,OPTSTK,VSNL,370.0,PA,0.0,0.0,0.0,45.9,42.65,0.0,0.0,0.0
2005-10-10,2005-11-24,OPTSTK,VSNL,380.0,PA,0.0,0.0,0.0,51.25,49.65,0.0,0.0,0.0
2005-10-10,2005-11-24,OPTSTK,VSNL,390.0,PA,0.0,0.0,0.0,56.9,57.1,0.0,0.0,0.0
2005-10-10,2005-11-24,OPTSTK,VSNL,400.0,PA,0.0,0.0,0.0,62.85,64.95,0.0,0.0,0.0
2005-10-10,2005-11-24,OPTSTK,VSNL,410.0,PA,0.0,0.0,0.0,69.0,73.1,0.0,0.0,0.0
2005-10-10,2005-11-24,OPTSTK,VSNL,420.0,PA,0.0,0.0,0.0,60.6,81.55,0.0,0.0,0.0
2005-10-10,2005-11-24,OPTSTK,VSNL,430.0,PA,0.0,0.0,0.0,49.3,90.3,0.0,0.0,0.0
2005-10-10,2005-12-29,OPTSTK,VSNL,310.0,CA,0.0,0.0,0.0,53.8,54.5,0.0,0.0,0.0
2005-10-10,2005-12-29,OPTSTK,VSNL,320.0,CA,0.0,0.0,0.0,62.05,48.7,0.0,0.0,0.0
2005-10-10,2005-12-29,OPTSTK,VSNL,330.0,CA,0.0,0.0,0.0,56.5,43.35,0.0,0.0,0.0
2005-10-10,2005-12-29,OPTSTK,VSNL,340.0,CA,0.0,0.0,0.0,51.3,38.45,0.0,0.0,0.0
2005-10-10,2005-12-29,OPTSTK,VSNL,350.0,CA,0.0,0.0,0.0,46.45,34.0,0.0,0.0,0.0
2005-10-10,2005-12-29,OPTSTK,VSNL,360.0,CA,0.0,0.0,0.0,42.0,29.95,0.0,0.0,0.0
2005-10-10,2005-12-29,OPTSTK,VSNL,370.0,CA,0.0,0.0,0.0,37.95,26.3,0.0,0.0,0.0
2005-10-10,2005-12-29,OPTSTK,VSNL,380.0,CA,0.0,0.0,0.0,34.2,23.05,0.0,0.0,0.0
2005-10-10,2005-12-29,OPTSTK,VSNL,390.0,CA,0.0,0.0,0.0,31.35,20.15,0.0,0.0,0.0
2005-10-10,2005-12-29,OPTSTK,VSNL,400.0,CA,0.0,0.0,0.0,30.9,17.55,0.0,0.0,0.0
2005-10-10,2005-12-29,OPTSTK,VSNL,310.0,PA,0.0,0.0,0.0,21.4,19.05,0.0,0.0,0.0
2005-10-10,2005-12-29,OPTSTK,VSNL,320.0,PA,0.0,0.0,0.0,24.4,23.1,0.0,0.0,0.0
2005-10-10,2005-12-29,OPTSTK,VSNL,330.0,PA,0.0,0.0,0.0,28.65,27.6,0.0,0.0,0.0
2005-10-10,2005-12-29,OPTSTK,VSNL,340.0,PA,0.0,0.0,0.0,33.3,32.6,0.0,0.0,0.0
2005-10-10,2005-12-29,OPTSTK,VSNL,350.0,PA,0.0,0.0,0.0,38.35,38.0,0.0,0.0,0.0
2005-10-10,2005-12-29,OPTSTK,VSNL,360.0,PA,0.0,0.0,0.0,43.75,43.85,0.0,0.0,0.0
2005-10-10,2005-12-29,OPTSTK,VSNL,370.0,PA,0.0,0.0,0.0,49.5,50.05,0.0,0.0,0.0
2005-10-10,2005-12-29,OPTSTK,VSNL,380.0,PA,0.0,0.0,0.0,55.6,56.65,0.0,0.0,0.0
2005-10-10,2005-12-29,OPTSTK,VSNL,390.0,PA,0.0,0.0,0.0,58.35,63.6,0.0,0.0,0.0
2005-10-10,2005-12-29,OPTSTK,VSNL,400.0,PA,0.0,0.0,0.0,55.55,70.9,0.0,0.0,0.0
2005-10-10,2005-10-27,OPTSTK,WIPRO,320.0,CA,0.0,0.0,0.0,82.6,75.35,0.0,0.0,0.0
2005-10-10,2005-10-27,OPTSTK,WIPRO,330.0,CA,0.0,0.0,0.0,84.95,65.5,0.0,0.0,0.0
2005-10-10,2005-10-27,OPTSTK,WIPRO,340.0,CA,0.0,0.0,0.0,80.7,55.9,0.0,0.0,0.0
2005-10-10,2005-10-27,OPTSTK,WIPRO,350.0,CA,0.0,0.0,0.0,66.95,46.6,0.0,0.0,0.0
2005-10-10,2005-10-27,OPTSTK,WIPRO,360.0,CA,0.0,0.0,0.0,39.0,37.85,0.0,0.0,1200.0
2005-10-10,2005-10-27,OPTSTK,WIPRO,370.0,CA,0.0,0.0,0.0,30.0,29.85,0.0,0.0,4200.0
2005-10-10,2005-10-27,OPTSTK,WIPRO,380.0,CA,20.7,28.95,20.7,23.0,23.0,9.0,21.88,54000.0
2005-10-10,2005-10-27,OPTSTK,WIPRO,390.0,CA,18.95,22.0,18.95,21.2,21.2,28.0,69.08,21000.0
2005-10-10,2005-10-27,OPTSTK,WIPRO,400.0,CA,13.0,17.25,13.0,15.7,15.7,65.0,162.18,150000.0
2005-10-10,2005-10-27,OPTSTK,WIPRO,410.0,CA,10.0,13.25,8.75,13.0,13.0,11.0,27.82,61800.0
2005-10-10,2005-10-27,OPTSTK,WIPRO,420.0,CA,8.0,8.0,8.0,8.0,8.0,1.0,2.56,21600.0
2005-10-10,2005-10-27,OPTSTK,WIPRO,430.0,CA,6.0,6.0,6.0,6.0,6.0,1.0,2.61,3000.0
2005-10-10,2005-10-27,OPTSTK,WIPRO,320.0,PA,0.0,0.0,0.0,9.7,0.1,0.0,0.0,0.0
2005-10-10,2005-10-27,OPTSTK,WIPRO,330.0,PA,0.0,0.0,0.0,11.9,0.25,0.0,0.0,0.0
2005-10-10,2005-10-27,OPTSTK,WIPRO,340.0,PA,0.0,0.0,0.0,14.3,0.6,0.0,0.0,0.0
2005-10-10,2005-10-27,OPTSTK,WIPRO,350.0,PA,4.0,4.0,4.0,4.0,4.0,1.0,2.12,1200.0
2005-10-10,2005-10-27,OPTSTK,WIPRO,360.0,PA,0.0,0.0,0.0,5.5,2.55,0.0,0.0,1800.0
2005-10-10,2005-10-27,OPTSTK,WIPRO,370.0,PA,0.0,0.0,0.0,7.8,4.5,0.0,0.0,7800.0
2005-10-10,2005-10-27,OPTSTK,WIPRO,380.0,PA,10.1,10.1,10.0,10.0,10.0,2.0,4.68,12000.0
2005-10-10,2005-10-27,OPTSTK,WIPRO,390.0,PA,15.1,20.0,15.0,18.5,18.5,7.0,17.07,4800.0
2005-10-10,2005-10-27,OPTSTK,WIPRO,400.0,PA,0.0,0.0,0.0,25.1,16.5,0.0,0.0,3600.0
2005-10-10,2005-10-27,OPTSTK,WIPRO,410.0,PA,0.0,0.0,0.0,36.75,22.7,0.0,0.0,0.0
2005-10-10,2005-10-27,OPTSTK,WIPRO,420.0,PA,0.0,0.0,0.0,27.45,29.9,0.0,0.0,0.0
2005-10-10,2005-10-27,OPTSTK,WIPRO,430.0,PA,0.0,0.0,0.0,34.6,37.9,0.0,0.0,0.0
2005-10-10,2005-11-24,OPTSTK,WIPRO,320.0,CA,0.0,0.0,0.0,44.15,78.3,0.0,0.0,0.0
2005-10-10,2005-11-24,OPTSTK,WIPRO,330.0,CA,0.0,0.0,0.0,43.1,69.35,0.0,0.0,0.0
2005-10-10,2005-11-24,OPTSTK,WIPRO,340.0,CA,0.0,0.0,0.0,41.9,60.75,0.0,0.0,0.0
2005-10-10,2005-11-24,OPTSTK,WIPRO,350.0,CA,0.0,0.0,0.0,60.0,52.65,0.0,0.0,600.0
2005-10-10,2005-11-24,OPTSTK,WIPRO,360.0,CA,0.0,0.0,0.0,29.5,45.1,0.0,0.0,0.0
2005-10-10,2005-11-24,OPTSTK,WIPRO,370.0,CA,0.0,0.0,0.0,24.35,38.2,0.0,0.0,0.0
2005-10-10,2005-11-24,OPTSTK,WIPRO,380.0,CA,0.0,0.0,0.0,19.85,31.95,0.0,0.0,0.0
2005-10-10,2005-11-24,OPTSTK,WIPRO,390.0,CA,0.0,0.0,0.0,16.0,26.4,0.0,0.0,0.0
2005-10-10,2005-11-24,OPTSTK,WIPRO,400.0,CA,0.0,0.0,0.0,12.8,21.55,0.0,0.0,0.0
2005-10-10,2005-11-24,OPTSTK,WIPRO,410.0,CA,0.0,0.0,0.0,12.05,17.4,0.0,0.0,0.0
2005-10-10,2005-11-24,OPTSTK,WIPRO,420.0,CA,0.0,0.0,0.0,18.65,13.9,0.0,0.0,0.0
2005-10-10,2005-11-24,OPTSTK,WIPRO,430.0,CA,0.0,0.0,0.0,15.25,10.95,0.0,0.0,0.0
2005-10-10,2005-11-24,OPTSTK,WIPRO,320.0,PA,0.0,0.0,0.0,7.85,1.55,0.0,0.0,0.0
2005-10-10,2005-11-24,OPTSTK,WIPRO,330.0,PA,0.0,0.0,0.0,8.75,2.5,0.0,0.0,0.0
2005-10-10,2005-11-24,OPTSTK,WIPRO,340.0,PA,0.0,0.0,0.0,9.4,3.85,0.0,0.0,0.0
2005-10-10,2005-11-24,OPTSTK,WIPRO,350.0,PA,0.0,0.0,0.0,12.7,5.65,0.0,0.0,0.0
2005-10-10,2005-11-24,OPTSTK,WIPRO,360.0,PA,0.0,0.0,0.0,16.7,8.05,0.0,0.0,0.0
2005-10-10,2005-11-24,OPTSTK,WIPRO,370.0,PA,0.0,0.0,0.0,21.4,11.05,0.0,0.0,0.0
2005-10-10,2005-11-24,OPTSTK,WIPRO,380.0,PA,0.0,0.0,0.0,26.75,14.75,0.0,0.0,0.0
2005-10-10,2005-11-24,OPTSTK,WIPRO,390.0,PA,0.0,0.0,0.0,32.75,19.1,0.0,0.0,0.0
2005-10-10,2005-11-24,OPTSTK,WIPRO,400.0,PA,0.0,0.0,0.0,39.4,24.2,0.0,0.0,0.0
2005-10-10,2005-11-24,OPTSTK,WIPRO,410.0,PA,0.0,0.0,0.0,39.2,29.95,0.0,0.0,0.0
2005-10-10,2005-11-24,OPTSTK,WIPRO,420.0,PA,0.0,0.0,0.0,34.15,36.4,0.0,0.0,0.0
2005-10-10,2005-11-24,OPTSTK,WIPRO,430.0,PA,0.0,0.0,0.0,40.65,43.35,0.0,0.0,0.0
2005-10-10,2005-12-29,OPTSTK,WIPRO,340.0,CA,0.0,0.0,0.0,46.5,66.8,0.0,0.0,0.0
2005-10-10,2005-12-29,OPTSTK,WIPRO,350.0,CA,0.0,0.0,0.0,43.6,59.4,0.0,0.0,0.0
2005-10-10,2005-12-29,OPTSTK,WIPRO,360.0,CA,0.0,0.0,0.0,37.4,52.5,0.0,0.0,0.0
2005-10-10,2005-12-29,OPTSTK,WIPRO,370.0,CA,0.0,0.0,0.0,31.8,46.15,0.0,0.0,0.0
2005-10-10,2005-12-29,OPTSTK,WIPRO,380.0,CA,0.0,0.0,0.0,26.8,40.3,0.0,0.0,0.0
2005-10-10,2005-12-29,OPTSTK,WIPRO,390.0,CA,0.0,0.0,0.0,22.45,35.0,0.0,0.0,0.0
2005-10-10,2005-12-29,OPTSTK,WIPRO,400.0,CA,0.0,0.0,0.0,18.6,30.2,0.0,0.0,0.0
2005-10-10,2005-12-29,OPTSTK,WIPRO,410.0,CA,0.0,0.0,0.0,15.35,25.9,0.0,0.0,0.0
2005-10-10,2005-12-29,OPTSTK,WIPRO,420.0,CA,0.0,0.0,0.0,27.05,22.1,0.0,0.0,0.0
2005-10-10,2005-12-29,OPTSTK,WIPRO,430.0,CA,0.0,0.0,0.0,23.35,18.75,0.0,0.0,0.0
2005-10-10,2005-12-29,OPTSTK,WIPRO,340.0,PA,0.0,0.0,0.0,10.0,7.9,0.0,0.0,0.0
2005-10-10,2005-12-29,OPTSTK,WIPRO,350.0,PA,0.0,0.0,0.0,12.45,10.45,0.0,0.0,0.0
2005-10-10,2005-12-29,OPTSTK,WIPRO,360.0,PA,0.0,0.0,0.0,16.15,13.4,0.0,0.0,0.0
2005-10-10,2005-12-29,OPTSTK,WIPRO,370.0,PA,0.0,0.0,0.0,20.4,16.9,0.0,0.0,0.0
2005-10-10,2005-12-29,OPTSTK,WIPRO,380.0,PA,0.0,0.0,0.0,25.25,20.9,0.0,0.0,0.0
2005-10-10,2005-12-29,OPTSTK,WIPRO,390.0,PA,0.0,0.0,0.0,30.75,25.5,0.0,0.0,0.0
2005-10-10,2005-12-29,OPTSTK,WIPRO,400.0,PA,0.0,0.0,0.0,36.75,30.55,0.0,0.0,0.0
2005-10-10,2005-12-29,OPTSTK,WIPRO,410.0,PA,0.0,0.0,0.0,43.35,36.15,0.0,0.0,0.0
2005-10-10,2005-12-29,OPTSTK,WIPRO,420.0,PA,0.0,0.0,0.0,40.2,42.2,0.0,0.0,0.0
2005-10-10,2005-12-29,OPTSTK,WIPRO,430.0,PA,0.0,0.0,0.0,46.35,48.7,0.0,0.0,0.0
2005-10-10,2005-10-27,OPTSTK,WOCKPHARMA,400.0,CA,0.0,0.0,0.0,48.25,94.0,0.0,0.0,0.0
2005-10-10,2005-10-27,OPTSTK,WOCKPHARMA,410.0,CA,0.0,0.0,0.0,54.95,84.2,0.0,0.0,0.0
2005-10-10,2005-10-27,OPTSTK,WOCKPHARMA,420.0,CA,0.0,0.0,0.0,48.9,74.55,0.0,0.0,0.0
2005-10-10,2005-10-27,OPTSTK,WOCKPHARMA,430.0,CA,0.0,0.0,0.0,43.35,65.15,0.0,0.0,0.0
2005-10-10,2005-10-27,OPTSTK,WOCKPHARMA,440.0,CA,0.0,0.0,0.0,38.2,56.1,0.0,0.0,0.0
2005-10-10,2005-10-27,OPTSTK,WOCKPHARMA,450.0,CA,0.0,0.0,0.0,33.55,47.5,0.0,0.0,0.0
2005-10-10,2005-10-27,OPTSTK,WOCKPHARMA,460.0,CA,0.0,0.0,0.0,29.35,39.5,0.0,0.0,0.0
2005-10-10,2005-10-27,OPTSTK,WOCKPHARMA,470.0,CA,0.0,0.0,0.0,25.55,32.25,0.0,0.0,0.0
2005-10-10,2005-10-27,OPTSTK,WOCKPHARMA,480.0,CA,0.0,0.0,0.0,28.05,25.8,0.0,0.0,0.0
2005-10-10,2005-10-27,OPTSTK,WOCKPHARMA,490.0,CA,0.0,0.0,0.0,24.45,20.2,0.0,0.0,0.0
2005-10-10,2005-10-27,OPTSTK,WOCKPHARMA,500.0,CA,10.0,10.0,10.0,10.0,10.0,1.0,3.06,4200.0
2005-10-10,2005-10-27,OPTSTK,WOCKPHARMA,510.0,CA,5.0,5.0,5.0,5.0,5.0,1.0,3.09,1800.0
2005-10-10,2005-10-27,OPTSTK,WOCKPHARMA,520.0,CA,0.0,0.0,0.0,11.0,8.5,0.0,0.0,3600.0
2005-10-10,2005-10-27,OPTSTK,WOCKPHARMA,530.0,CA,0.0,0.0,0.0,9.55,6.1,0.0,0.0,0.0
2005-10-10,2005-10-27,OPTSTK,WOCKPHARMA,540.0,CA,0.0,0.0,0.0,8.0,4.25,0.0,0.0,600.0
2005-10-10,2005-10-27,OPTSTK,WOCKPHARMA,560.0,CA,0.0,0.0,0.0,41.0,1.95,0.0,0.0,0.0
2005-10-10,2005-10-27,OPTSTK,WOCKPHARMA,580.0,CA,0.0,0.0,0.0,34.7,0.85,0.0,0.0,0.0
2005-10-10,2005-10-27,OPTSTK,WOCKPHARMA,600.0,CA,0.0,0.0,0.0,31.95,0.35,0.0,0.0,0.0
2005-10-10,2005-10-27,OPTSTK,WOCKPHARMA,400.0,PA,0.0,0.0,0.0,17.55,0.15,0.0,0.0,0.0
2005-10-10,2005-10-27,OPTSTK,WOCKPHARMA,410.0,PA,0.0,0.0,0.0,17.8,0.35,0.0,0.0,0.0
2005-10-10,2005-10-27,OPTSTK,WOCKPHARMA,420.0,PA,0.0,0.0,0.0,21.6,0.7,0.0,0.0,0.0
2005-10-10,2005-10-27,OPTSTK,WOCKPHARMA,430.0,PA,0.0,0.0,0.0,25.9,1.25,0.0,0.0,0.0
2005-10-10,2005-10-27,OPTSTK,WOCKPHARMA,440.0,PA,0.0,0.0,0.0,30.6,2.15,0.0,0.0,0.0
2005-10-10,2005-10-27,OPTSTK,WOCKPHARMA,450.0,PA,0.0,0.0,0.0,35.8,3.55,0.0,0.0,0.0
2005-10-10,2005-10-27,OPTSTK,WOCKPHARMA,460.0,PA,0.0,0.0,0.0,41.45,5.55,0.0,0.0,0.0
2005-10-10,2005-10-27,OPTSTK,WOCKPHARMA,470.0,PA,0.0,0.0,0.0,47.5,8.25,0.0,0.0,0.0
2005-10-10,2005-10-27,OPTSTK,WOCKPHARMA,480.0,PA,0.0,0.0,0.0,45.75,11.75,0.0,0.0,0.0
2005-10-10,2005-10-27,OPTSTK,WOCKPHARMA,490.0,PA,0.0,0.0,0.0,52.0,16.1,0.0,0.0,0.0
2005-10-10,2005-10-27,OPTSTK,WOCKPHARMA,500.0,PA,0.0,0.0,0.0,55.6,21.35,0.0,0.0,0.0
2005-10-10,2005-10-27,OPTSTK,WOCKPHARMA,510.0,PA,0.0,0.0,0.0,61.25,27.45,0.0,0.0,0.0
2005-10-10,2005-10-27,OPTSTK,WOCKPHARMA,520.0,PA,0.0,0.0,0.0,67.15,34.35,0.0,0.0,0.0
2005-10-10,2005-10-27,OPTSTK,WOCKPHARMA,530.0,PA,0.0,0.0,0.0,38.5,41.9,0.0,0.0,0.0
2005-10-10,2005-10-27,OPTSTK,WOCKPHARMA,540.0,PA,0.0,0.0,0.0,68.6,50.05,0.0,0.0,0.0
2005-10-10,2005-10-27,OPTSTK,WOCKPHARMA,560.0,PA,0.0,0.0,0.0,81.15,67.7,0.0,0.0,0.0
2005-10-10,2005-10-27,OPTSTK,WOCKPHARMA,580.0,PA,0.0,0.0,0.0,94.6,86.55,0.0,0.0,0.0
2005-10-10,2005-10-27,OPTSTK,WOCKPHARMA,600.0,PA,0.0,0.0,0.0,90.45,106.0,0.0,0.0,0.0
2005-10-10,2005-11-24,OPTSTK,WOCKPHARMA,440.0,CA,0.0,0.0,0.0,94.2,64.35,0.0,0.0,0.0
2005-10-10,2005-11-24,OPTSTK,WOCKPHARMA,460.0,CA,0.0,0.0,0.0,70.4,50.1,0.0,0.0,0.0
2005-10-10,2005-11-24,OPTSTK,WOCKPHARMA,470.0,CA,0.0,0.0,0.0,65.25,43.75,0.0,0.0,0.0
2005-10-10,2005-11-24,OPTSTK,WOCKPHARMA,480.0,CA,0.0,0.0,0.0,60.35,37.9,0.0,0.0,0.0
2005-10-10,2005-11-24,OPTSTK,WOCKPHARMA,490.0,CA,0.0,0.0,0.0,55.75,32.6,0.0,0.0,0.0
2005-10-10,2005-11-24,OPTSTK,WOCKPHARMA,500.0,CA,0.0,0.0,0.0,51.45,27.85,0.0,0.0,0.0
2005-10-10,2005-11-24,OPTSTK,WOCKPHARMA,510.0,CA,0.0,0.0,0.0,47.4,23.65,0.0,0.0,0.0
2005-10-10,2005-11-24,OPTSTK,WOCKPHARMA,520.0,CA,0.0,0.0,0.0,43.65,19.95,0.0,0.0,0.0
2005-10-10,2005-11-24,OPTSTK,WOCKPHARMA,530.0,CA,0.0,0.0,0.0,20.8,16.7,0.0,0.0,0.0
2005-10-10,2005-11-24,OPTSTK,WOCKPHARMA,540.0,CA,0.0,0.0,0.0,44.75,13.85,0.0,0.0,0.0
2005-10-10,2005-11-24,OPTSTK,WOCKPHARMA,560.0,CA,0.0,0.0,0.0,38.05,9.4,0.0,0.0,0.0
2005-10-10,2005-11-24,OPTSTK,WOCKPHARMA,580.0,CA,0.0,0.0,0.0,36.65,6.25,0.0,0.0,0.0
2005-10-10,2005-11-24,OPTSTK,WOCKPHARMA,600.0,CA,0.0,0.0,0.0,34.8,4.05,0.0,0.0,0.0
2005-10-10,2005-11-24,OPTSTK,WOCKPHARMA,440.0,PA,0.0,0.0,0.0,25.35,8.3,0.0,0.0,0.0
2005-10-10,2005-11-24,OPTSTK,WOCKPHARMA,460.0,PA,0.0,0.0,0.0,38.15,13.9,0.0,0.0,0.0
2005-10-10,2005-11-24,OPTSTK,WOCKPHARMA,470.0,PA,0.0,0.0,0.0,42.85,17.45,0.0,0.0,0.0
2005-10-10,2005-11-24,OPTSTK,WOCKPHARMA,480.0,PA,0.0,0.0,0.0,47.8,21.55,0.0,0.0,0.0
2005-10-10,2005-11-24,OPTSTK,WOCKPHARMA,490.0,PA,0.0,0.0,0.0,53.1,26.2,0.0,0.0,0.0
2005-10-10,2005-11-24,OPTSTK,WOCKPHARMA,500.0,PA,0.0,0.0,0.0,58.6,31.4,0.0,0.0,0.0
2005-10-10,2005-11-24,OPTSTK,WOCKPHARMA,510.0,PA,0.0,0.0,0.0,64.45,37.1,0.0,0.0,0.0
2005-10-10,2005-11-24,OPTSTK,WOCKPHARMA,520.0,PA,0.0,0.0,0.0,70.5,43.3,0.0,0.0,0.0
2005-10-10,2005-11-24,OPTSTK,WOCKPHARMA,530.0,PA,0.0,0.0,0.0,47.2,49.95,0.0,0.0,0.0
2005-10-10,2005-11-24,OPTSTK,WOCKPHARMA,540.0,PA,0.0,0.0,0.0,74.45,57.1,0.0,0.0,0.0
2005-10-10,2005-11-24,OPTSTK,WOCKPHARMA,560.0,PA,0.0,0.0,0.0,87.45,72.5,0.0,0.0,0.0
2005-10-10,2005-11-24,OPTSTK,WOCKPHARMA,580.0,PA,0.0,0.0,0.0,87.4,89.15,0.0,0.0,0.0
2005-10-10,2005-11-24,OPTSTK,WOCKPHARMA,600.0,PA,0.0,0.0,0.0,92.75,106.8,0.0,0.0,0.0
2005-10-10,2005-12-29,OPTSTK,WOCKPHARMA,440.0,CA,0.0,0.0,0.0,87.1,73.35,0.0,0.0,0.0
2005-10-10,2005-12-29,OPTSTK,WOCKPHARMA,460.0,CA,0.0,0.0,0.0,66.1,60.25,0.0,0.0,0.0
2005-10-10,2005-12-29,OPTSTK,WOCKPHARMA,470.0,CA,0.0,0.0,0.0,60.7,54.35,0.0,0.0,0.0
2005-10-10,2005-12-29,OPTSTK,WOCKPHARMA,480.0,CA,0.0,0.0,0.0,55.6,48.8,0.0,0.0,0.0
2005-10-10,2005-12-29,OPTSTK,WOCKPHARMA,490.0,CA,0.0,0.0,0.0,50.9,43.7,0.0,0.0,0.0
2005-10-10,2005-12-29,OPTSTK,WOCKPHARMA,500.0,CA,0.0,0.0,0.0,46.45,39.0,0.0,0.0,0.0
2005-10-10,2005-12-29,OPTSTK,WOCKPHARMA,510.0,CA,0.0,0.0,0.0,42.35,34.65,0.0,0.0,0.0
2005-10-10,2005-12-29,OPTSTK,WOCKPHARMA,520.0,CA,0.0,0.0,0.0,38.5,30.7,0.0,0.0,0.0
2005-10-10,2005-12-29,OPTSTK,WOCKPHARMA,530.0,CA,0.0,0.0,0.0,31.65,27.15,0.0,0.0,0.0
2005-10-10,2005-12-29,OPTSTK,WOCKPHARMA,540.0,CA,0.0,0.0,0.0,35.75,23.9,0.0,0.0,0.0
2005-10-10,2005-12-29,OPTSTK,WOCKPHARMA,560.0,CA,0.0,0.0,0.0,29.25,18.4,0.0,0.0,0.0
2005-10-10,2005-12-29,OPTSTK,WOCKPHARMA,440.0,PA,0.0,0.0,0.0,18.35,14.8,0.0,0.0,0.0
2005-10-10,2005-12-29,OPTSTK,WOCKPHARMA,460.0,PA,0.0,0.0,0.0,31.9,21.45,0.0,0.0,0.0
2005-10-10,2005-12-29,OPTSTK,WOCKPHARMA,470.0,PA,0.0,0.0,0.0,36.35,25.4,0.0,0.0,0.0
2005-10-10,2005-12-29,OPTSTK,WOCKPHARMA,480.0,PA,0.0,0.0,0.0,41.15,29.7,0.0,0.0,0.0
2005-10-10,2005-12-29,OPTSTK,WOCKPHARMA,490.0,PA,0.0,0.0,0.0,46.25,34.5,0.0,0.0,0.0
2005-10-10,2005-12-29,OPTSTK,WOCKPHARMA,500.0,PA,0.0,0.0,0.0,51.7,39.65,0.0,0.0,0.0
2005-10-10,2005-12-29,OPTSTK,WOCKPHARMA,510.0,PA,0.0,0.0,0.0,57.4,45.2,0.0,0.0,0.0
2005-10-10,2005-12-29,OPTSTK,WOCKPHARMA,520.0,PA,0.0,0.0,0.0,63.45,51.1,0.0,0.0,0.0
2005-10-10,2005-12-29,OPTSTK,WOCKPHARMA,530.0,PA,0.0,0.0,0.0,55.05,57.4,0.0,0.0,0.0
2005-10-10,2005-12-29,OPTSTK,WOCKPHARMA,540.0,PA,0.0,0.0,0.0,65.6,64.0,0.0,0.0,0.0
2005-10-10,2005-12-29,OPTSTK,WOCKPHARMA,560.0,PA,0.0,0.0,0.0,78.8,78.25,0.0,0.0,0.0
2005-10-10,2005-10-27,UNDINT,NSE10Y06,0.0,FF,0.0,0.0,0.0,0.0,0.0,0.0,0.0,0.0
2005-10-10,2005-10-27,UNDINT,NSE10YZC,0.0,FF,0.0,0.0,0.0,0.0,0.0,0.0,0.0,0.0
2005-10-10,2005-10-27,UNDINT,NSETB91D,0.0,FF,0.0,0.0,0.0,0.0,0.0,0.0,0.0,0.0
