Date,ExpiryDate,Instrument,Symbol,StrikePrice,OptionType,Open,High,Low,Close,SettledPrice,Contracts,TurnOver,OpenInterest
2012-08-16,2012-08-30,FUTIDX,BANKNIFTY,0.0,FUT,10591.0,10611.0,10455.0,10472.7,10472.7,56472,148607.08,1981275
2012-08-16,2012-09-27,FUTIDX,BANKNIFTY,0.0,FUT,10631.25,10631.25,10503.0,10517.85,10517.85,2074,5478.02,107175
2012-08-16,2012-10-25,FUTIDX,BANKNIFTY,0.0,FUT,10622.45,10641.0,10527.1,10539.7,10539.7,204,540.13,12975
2012-08-16,2012-08-30,FUTIDX,CNXINFRA,0.0,FUT,0.0,0.0,0.0,2326.95,2401.2,0,0.0,200
2012-08-16,2012-09-27,FUTIDX,CNXINFRA,0.0,FUT,0.0,0.0,0.0,2355.0,2418.15,0,0.0,0
2012-08-16,2012-10-25,FUTIDX,CNXINFRA,0.0,FUT,0.0,0.0,0.0,2331.45,2435.0,0,0.0,0
2012-08-16,2012-08-30,FUTIDX,CNXIT,0.0,FUT,5948.0,5948.0,5905.0,5929.9,5929.9,39,115.62,5250
2012-08-16,2012-09-27,FUTIDX,CNXIT,0.0,FUT,0.0,0.0,0.0,5666.75,5977.7,0,0.0,50
2012-08-16,2012-10-25,FUTIDX,CNXIT,0.0,FUT,0.0,0.0,0.0,5617.15,6019.25,0,0.0,0
2012-08-16,2012-08-30,FUTIDX,CNXPSE,0.0,FUT,0.0,0.0,0.0,2725.35,2942.4,0,0.0,0
2012-08-16,2012-09-27,FUTIDX,CNXPSE,0.0,FUT,0.0,0.0,0.0,2915.1,2963.2,0,0.0,0
2012-08-16,2012-10-25,FUTIDX,CNXPSE,0.0,FUT,0.0,0.0,0.0,2877.95,2983.8,0,0.0,0
2012-08-16,2012-08-17,FUTIDX,DJIA,0.0,FUT,13187.5,13200.0,13162.5,13180.0,13180.0,672,2215.04,38825
2012-08-16,2012-09-21,FUTIDX,DJIA,0.0,FUT,13155.0,13155.0,13112.5,13130.0,13130.0,645,2117.83,38800
2012-08-16,2012-10-19,FUTIDX,DJIA,0.0,FUT,0.0,0.0,0.0,13080.0,13375.0,0,0.0,0
2012-08-16,2012-12-21,FUTIDX,DJIA,0.0,FUT,0.0,0.0,0.0,13090.0,13585.0,0,0.0,0
2012-08-16,2013-03-15,FUTIDX,DJIA,0.0,FUT,0.0,0.0,0.0,12900.0,13872.5,0,0.0,0
2012-08-16,2013-06-21,FUTIDX,DJIA,0.0,FUT,0.0,0.0,0.0,13947.5,14212.5,0,0.0,0
2012-08-16,2012-08-17,FUTIDX,FTSE100,0.0,FUT,5855.0,5863.0,5829.0,5830.0,5830.0,923,2694.93,85750
2012-08-16,2012-09-21,FUTIDX,FTSE100,0.0,FUT,5849.0,5849.0,5810.0,5814.0,5814.0,154,448.68,191250
2012-08-16,2012-10-19,FUTIDX,FTSE100,0.0,FUT,0.0,0.0,0.0,5814.0,5814.0,400,1162.8,165000
2012-08-16,2012-12-21,FUTIDX,FTSE100,0.0,FUT,0.0,0.0,0.0,6156.0,6011.0,0,0.0,0
2012-08-16,2013-03-15,FUTIDX,FTSE100,0.0,FUT,0.0,0.0,0.0,6295.0,6137.0,0,0.0,0
2012-08-16,2013-06-21,FUTIDX,FTSE100,0.0,FUT,0.0,0.0,0.0,6003.0,6288.0,0,0.0,0
2012-08-16,2012-08-30,FUTIDX,MINIFTY,0.0,FUT,5420.0,5420.0,5375.75,5382.55,5382.55,18353,19790.53,1004040
2012-08-16,2012-09-27,FUTIDX,MINIFTY,0.0,FUT,5425.0,5442.0,5405.65,5410.25,5410.25,2126,2304.19,232040
2012-08-16,2012-10-25,FUTIDX,MINIFTY,0.0,FUT,5465.0,5465.0,5430.0,5433.95,5433.95,379,412.81,55740
2012-08-16,2012-08-30,FUTIDX,NFTYMCAP50,0.0,FUT,0.0,0.0,0.0,2031.0,2120.8,0,0.0,600
2012-08-16,2012-09-27,FUTIDX,NFTYMCAP50,0.0,FUT,0.0,0.0,0.0,2136.8,2135.8,0,0.0,0
2012-08-16,2012-10-25,FUTIDX,NFTYMCAP50,0.0,FUT,0.0,0.0,0.0,2061.55,2150.65,0,0.0,0
2012-08-16,2012-08-30,FUTIDX,NIFTY,0.0,FUT,5408.0,5410.0,5376.2,5382.0,5382.0,158623,427625.11,25839500
2012-08-16,2012-09-27,FUTIDX,NIFTY,0.0,FUT,5432.25,5435.1,5405.3,5409.55,5409.55,7310,19807.47,1833550
2012-08-16,2012-10-25,FUTIDX,NIFTY,0.0,FUT,5459.95,5462.25,5430.65,5434.05,5434.05,623,1695.85,445950
2012-08-16,2012-08-17,FUTIDX,S&P500,0.0,FUT,1409.25,1409.5,1404.5,1407.75,1407.75,422,1485.12,175500
2012-08-16,2012-09-21,FUTIDX,S&P500,0.0,FUT,1403.0,1404.75,1400.0,1402.75,1402.75,454,1591.77,93250
2012-08-16,2012-10-19,FUTIDX,S&P500,0.0,FUT,0.0,0.0,0.0,1408.25,1428.0,0,0.0,0
2012-08-16,2012-12-21,FUTIDX,S&P500,0.0,FUT,0.0,0.0,0.0,1340.75,1450.5,0,0.0,0
2012-08-16,2013-03-15,FUTIDX,S&P500,0.0,FUT,0.0,0.0,0.0,1569.0,1481.0,0,0.0,0
2012-08-16,2013-06-21,FUTIDX,S&P500,0.0,FUT,0.0,0.0,0.0,1465.0,1517.25,0,0.0,0
2012-08-16,2012-08-30,FUTSTK,ABAN,0.0,FUT,414.95,415.35,402.5,406.8,406.8,1153,2358.69,1306500
2012-08-16,2012-09-27,FUTSTK,ABAN,0.0,FUT,410.7,410.7,401.05,404.3,404.3,56,113.47,148500
2012-08-16,2012-08-30,FUTSTK,ABB,0.0,FUT,784.25,786.5,768.0,771.6,771.6,210,408.58,205250
2012-08-16,2012-09-27,FUTSTK,ABB,0.0,FUT,780.0,786.1,770.0,773.0,773.0,11,21.45,3750
2012-08-16,2012-10-25,FUTSTK,ABB,0.0,FUT,0.0,0.0,0.0,764.0,781.4,0,0.0,0
2012-08-16,2012-08-30,FUTSTK,ABIRLANUVO,0.0,FUT,780.0,814.9,777.5,809.55,809.55,2323,4664.11,797250
2012-08-16,2012-09-27,FUTSTK,ABIRLANUVO,0.0,FUT,794.0,817.8,794.0,817.8,817.8,16,32.26,8000
2012-08-16,2012-10-25,FUTSTK,ABIRLANUVO,0.0,FUT,0.0,0.0,0.0,788.05,818.6,0,0.0,0
2012-08-16,2012-08-30,FUTSTK,ACC,0.0,FUT,1364.8,1364.8,1342.25,1344.85,1344.85,983,3320.85,1008750
2012-08-16,2012-09-27,FUTSTK,ACC,0.0,FUT,1363.8,1367.25,1347.35,1350.15,1350.15,87,295.15,44000
2012-08-16,2012-10-25,FUTSTK,ACC,0.0,FUT,0.0,0.0,0.0,1371.3,1361.85,0,0.0,25750
2012-08-16,2012-08-30,FUTSTK,ADANIENT,0.0,FUT,192.5,195.95,190.15,191.25,191.25,3701,7162.52,9814000
2012-08-16,2012-09-27,FUTSTK,ADANIENT,0.0,FUT,194.4,196.7,192.0,192.75,192.75,112,218.35,165000
2012-08-16,2012-10-25,FUTSTK,ADANIENT,0.0,FUT,199.0,199.0,199.0,199.0,194.35,3,5.97,4000
2012-08-16,2012-08-30,FUTSTK,ADANIPORTS,0.0,FUT,129.2,130.6,126.0,127.7,127.7,272,699.05,5896000
2012-08-16,2012-09-27,FUTSTK,ADANIPORTS,0.0,FUT,0.0,0.0,0.0,118.95,128.5,5,13.06,90000
2012-08-16,2012-10-25,FUTSTK,ADANIPORTS,0.0,FUT,0.0,0.0,0.0,120.6,129.4,0,0.0,0
2012-08-16,2012-08-30,FUTSTK,ADANIPOWER,0.0,FUT,43.2,44.3,43.1,43.75,43.75,588,1031.9,14332000
2012-08-16,2012-09-27,FUTSTK,ADANIPOWER,0.0,FUT,44.1,44.6,43.9,44.1,44.1,32,56.62,312000
2012-08-16,2012-10-25,FUTSTK,ADANIPOWER,0.0,FUT,0.0,0.0,0.0,43.3,44.3,0,0.0,0
2012-08-16,2012-08-30,FUTSTK,AIL,0.0,FUT,373.05,385.75,373.05,378.85,378.85,90,340.91,347000
2012-08-16,2012-09-27,FUTSTK,AIL,0.0,FUT,385.6,385.6,385.6,385.6,381.9,1,3.85,10000
2012-08-16,2012-08-30,FUTSTK,ALBK,0.0,FUT,130.5,132.25,129.45,129.95,129.95,1383,3622.36,7118000
2012-08-16,2012-09-27,FUTSTK,ALBK,0.0,FUT,131.2,133.0,130.45,131.0,131.0,85,224.05,570000
2012-08-16,2012-10-25,FUTSTK,ALBK,0.0,FUT,0.0,0.0,0.0,129.0,131.65,0,0.0,14000
2012-08-16,2012-08-30,FUTSTK,ALOKTEXT,0.0,FUT,16.0,16.2,15.75,16.05,16.05,659,1042.87,82010000
2012-08-16,2012-09-27,FUTSTK,ALOKTEXT,0.0,FUT,0.0,0.0,0.0,16.1,16.05,0,0.0,1270000
2012-08-16,2012-10-25,FUTSTK,ALOKTEXT,0.0,FUT,0.0,0.0,0.0,15.7,16.15,0,0.0,10000
2012-08-16,2012-08-30,FUTSTK,AMBUJACEM,0.0,FUT,195.5,195.5,192.5,192.85,192.85,1084,4206.39,9522000
2012-08-16,2012-09-27,FUTSTK,AMBUJACEM,0.0,FUT,195.0,195.5,192.9,193.2,193.2,76,295.42,630000
2012-08-16,2012-10-25,FUTSTK,AMBUJACEM,0.0,FUT,0.0,0.0,0.0,198.0,195.1,0,0.0,206000
2012-08-16,2012-08-30,FUTSTK,ANDHRABANK,0.0,FUT,97.8,99.35,96.8,98.75,98.75,336,660.59,1510000
2012-08-16,2012-09-27,FUTSTK,ANDHRABANK,0.0,FUT,98.6,100.25,98.6,99.8,99.5,7,13.93,60000
2012-08-16,2012-10-25,FUTSTK,ANDHRABANK,0.0,FUT,0.0,0.0,0.0,98.0,100.2,0,0.0,6000
2012-08-16,2012-08-30,FUTSTK,APOLLOTYRE,0.0,FUT,88.0,91.15,87.4,89.35,89.35,2658,9516.15,7808000
2012-08-16,2012-09-27,FUTSTK,APOLLOTYRE,0.0,FUT,88.8,91.7,88.8,90.1,90.1,42,151.89,152000
2012-08-16,2012-10-25,FUTSTK,APOLLOTYRE,0.0,FUT,0.0,0.0,0.0,82.1,90.75,0,0.0,0
2012-08-16,2012-08-30,FUTSTK,ARVIND,0.0,FUT,72.15,73.0,71.6,71.9,71.9,448,1295.25,3516000
2012-08-16,2012-09-27,FUTSTK,ARVIND,0.0,FUT,71.95,72.85,71.55,71.7,71.7,46,132.69,312000
2012-08-16,2012-10-25,FUTSTK,ARVIND,0.0,FUT,0.0,0.0,0.0,69.85,72.75,0,0.0,8000
2012-08-16,2012-08-30,FUTSTK,ASHOKLEY,0.0,FUT,23.0,23.15,22.8,22.9,22.9,288,528.52,16264000
2012-08-16,2012-09-27,FUTSTK,ASHOKLEY,0.0,FUT,23.25,23.3,23.0,23.05,23.05,28,51.78,936000
2012-08-16,2012-10-25,FUTSTK,ASHOKLEY,0.0,FUT,0.0,0.0,0.0,21.7,23.15,0,0.0,0
2012-08-16,2012-08-30,FUTSTK,ASIANPAINT,0.0,FUT,3797.45,3797.45,3712.3,3728.25,3728.25,500,2339.45,280750
2012-08-16,2012-09-27,FUTSTK,ASIANPAINT,0.0,FUT,3814.75,3814.75,3745.0,3745.0,3750.75,13,61.21,6500
2012-08-16,2012-10-25,FUTSTK,ASIANPAINT,0.0,FUT,0.0,0.0,0.0,3549.7,3776.8,0,0.0,0
2012-08-16,2012-08-30,FUTSTK,AUROPHARMA,0.0,FUT,105.35,106.85,104.1,104.55,104.55,329,693.39,4022000
2012-08-16,2012-09-27,FUTSTK,AUROPHARMA,0.0,FUT,105.55,106.6,105.2,105.3,105.3,6,12.67,116000
2012-08-16,2012-10-25,FUTSTK,AUROPHARMA,0.0,FUT,0.0,0.0,0.0,106.05,105.85,0,0.0,0
2012-08-16,2012-08-30,FUTSTK,AXISBANK,0.0,FUT,1119.35,1126.7,1112.0,1116.4,1116.4,9901,27704.02,5883750
2012-08-16,2012-09-27,FUTSTK,AXISBANK,0.0,FUT,1125.05,1130.45,1117.95,1120.7,1120.7,365,1025.33,164500
2012-08-16,2012-10-25,FUTSTK,AXISBANK,0.0,FUT,1125.6,1133.15,1122.1,1133.0,1133.45,19,53.53,45000
2012-08-16,2012-08-30,FUTSTK,BAJAJ-AUTO,0.0,FUT,1701.65,1712.6,1687.05,1698.35,1698.35,1933,4107.23,1025750
2012-08-16,2012-09-27,FUTSTK,BAJAJ-AUTO,0.0,FUT,1708.05,1720.0,1697.0,1710.0,1710.0,52,111.12,47750
2012-08-16,2012-10-25,FUTSTK,BAJAJ-AUTO,0.0,FUT,1726.0,1726.0,1717.75,1717.75,1722.35,2,4.3,1000
2012-08-16,2012-08-30,FUTSTK,BAJAJHIND,0.0,FUT,32.35,32.7,31.75,32.2,32.2,442,1139.51,17832000
2012-08-16,2012-09-27,FUTSTK,BAJAJHIND,0.0,FUT,33.0,33.0,32.4,32.5,32.4,12,31.29,640000
2012-08-16,2012-08-30,FUTSTK,BAJAJHLDNG,0.0,FUT,785.05,785.05,785.05,785.05,782.45,1,1.96,20750
2012-08-16,2012-09-27,FUTSTK,BAJAJHLDNG,0.0,FUT,0.0,0.0,0.0,831.0,787.95,0,0.0,1250
2012-08-16,2012-08-30,FUTSTK,BALRAMCHIN,0.0,FUT,68.85,69.1,66.0,67.05,67.05,847,2283.59,12236000
2012-08-16,2012-09-27,FUTSTK,BALRAMCHIN,0.0,FUT,69.1,69.1,66.6,67.55,67.55,12,32.55,144000
2012-08-16,2012-08-30,FUTSTK,BANKBARODA,0.0,FUT,646.4,653.3,643.5,645.95,645.95,2517,4080.9,2796250
2012-08-16,2012-09-27,FUTSTK,BANKBARODA,0.0,FUT,652.0,657.0,646.9,649.75,649.75,96,156.48,67000
2012-08-16,2012-10-25,FUTSTK,BANKBARODA,0.0,FUT,0.0,0.0,0.0,668.75,653.9,0,0.0,500
2012-08-16,2012-08-30,FUTSTK,BANKINDIA,0.0,FUT,279.4,283.1,277.0,279.85,279.85,1275,3572.95,3953000
2012-08-16,2012-09-27,FUTSTK,BANKINDIA,0.0,FUT,281.0,284.0,281.0,281.25,281.25,14,39.45,94000
2012-08-16,2012-10-25,FUTSTK,BANKINDIA,0.0,FUT,0.0,0.0,0.0,315.15,283.15,0,0.0,0
2012-08-16,2012-08-30,FUTSTK,BATAINDIA,0.0,FUT,915.2,921.55,905.0,906.7,906.7,1572,7162.77,1286000
2012-08-16,2012-09-27,FUTSTK,BATAINDIA,0.0,FUT,917.75,924.95,909.1,910.05,910.05,54,247.28,46500
2012-08-16,2012-10-25,FUTSTK,BATAINDIA,0.0,FUT,0.0,0.0,0.0,938.0,917.55,0,0.0,2000
2012-08-16,2012-08-30,FUTSTK,BEL,0.0,FUT,1272.55,1272.55,1258.0,1261.25,1261.25,27,85.4,56750
2012-08-16,2012-09-27,FUTSTK,BEL,0.0,FUT,0.0,0.0,0.0,1344.75,1266.8,0,0.0,0
2012-08-16,2012-08-30,FUTSTK,BEML,0.0,FUT,293.75,296.8,291.75,292.9,292.9,213,313.73,636500
2012-08-16,2012-09-27,FUTSTK,BEML,0.0,FUT,293.9,293.9,291.0,291.15,291.15,18,26.32,55500
2012-08-16,2012-08-30,FUTSTK,BFUTILITIE,0.0,FUT,435.5,446.5,432.0,434.4,434.4,1646,7242.22,993000
2012-08-16,2012-09-27,FUTSTK,BFUTILITIE,0.0,FUT,0.0,0.0,0.0,441.3,436.6,0,0.0,3000
2012-08-16,2012-08-30,FUTSTK,BGRENERGY,0.0,FUT,280.9,280.9,272.05,272.85,272.85,533,1468.32,1325000
2012-08-16,2012-09-27,FUTSTK,BGRENERGY,0.0,FUT,275.4,275.65,268.1,268.4,268.4,23,62.56,137000
2012-08-16,2012-08-30,FUTSTK,BHARATFORG,0.0,FUT,305.0,306.0,300.8,301.15,301.15,266,804.18,1841000
2012-08-16,2012-09-27,FUTSTK,BHARATFORG,0.0,FUT,305.25,305.25,303.0,303.0,303.0,2,6.08,5000
2012-08-16,2012-10-25,FUTSTK,BHARATFORG,0.0,FUT,0.0,0.0,0.0,294.15,304.9,0,0.0,0
2012-08-16,2012-08-30,FUTSTK,BHARTIARTL,0.0,FUT,262.65,263.45,260.15,260.45,260.45,4035,10544.71,22794000
2012-08-16,2012-09-27,FUTSTK,BHARTIARTL,0.0,FUT,263.8,265.5,262.15,262.4,262.4,203,534.89,1647000
2012-08-16,2012-10-25,FUTSTK,BHARTIARTL,0.0,FUT,264.35,266.75,264.35,264.4,264.4,10,26.5,138000
2012-08-16,2012-08-30,FUTSTK,BHEL,0.0,FUT,233.15,235.35,230.45,231.3,231.3,3511,8180.47,15888000
2012-08-16,2012-09-27,FUTSTK,BHEL,0.0,FUT,230.5,232.5,228.1,228.6,228.6,235,540.65,1942000
2012-08-16,2012-10-25,FUTSTK,BHEL,0.0,FUT,232.0,232.6,232.0,232.6,234.3,3,6.96,126000
2012-08-16,2012-08-30,FUTSTK,BHUSANSTL,0.0,FUT,469.5,473.0,466.7,469.3,469.3,44,206.76,340000
2012-08-16,2012-09-27,FUTSTK,BHUSANSTL,0.0,FUT,0.0,0.0,0.0,465.0,474.65,0,0.0,3000
2012-08-16,2012-10-25,FUTSTK,BHUSANSTL,0.0,FUT,0.0,0.0,0.0,478.35,477.95,0,0.0,0
2012-08-16,2012-08-30,FUTSTK,BIOCON,0.0,FUT,246.9,248.55,242.55,247.75,247.75,325,799.66,1624000
2012-08-16,2012-09-27,FUTSTK,BIOCON,0.0,FUT,244.65,249.8,244.45,249.2,249.2,11,27.2,29000
2012-08-16,2012-10-25,FUTSTK,BIOCON,0.0,FUT,0.0,0.0,0.0,244.15,250.4,0,0.0,0
2012-08-16,2012-08-30,FUTSTK,BOMDYEING,0.0,FUT,504.95,514.0,504.95,507.15,507.15,771,1961.42,589500
2012-08-16,2012-09-27,FUTSTK,BOMDYEING,0.0,FUT,510.0,510.0,510.0,510.0,509.35,1,2.55,4500
2012-08-16,2012-08-30,FUTSTK,BOSCHLTD,0.0,FUT,8740.0,8750.0,8740.0,8750.0,8750.0,4,43.72,4500
2012-08-16,2012-09-27,FUTSTK,BOSCHLTD,0.0,FUT,0.0,0.0,0.0,8965.6,8778.55,0,0.0,0
2012-08-16,2012-08-30,FUTSTK,BPCL,0.0,FUT,346.0,348.3,344.9,345.9,345.9,487,1685.83,2610000
2012-08-16,2012-09-27,FUTSTK,BPCL,0.0,FUT,348.0,350.1,348.0,348.7,348.7,17,59.27,101000
2012-08-16,2012-10-25,FUTSTK,BPCL,0.0,FUT,0.0,0.0,0.0,368.65,349.9,0,0.0,0
2012-08-16,2012-08-30,FUTSTK,CAIRN,0.0,FUT,333.25,336.3,331.55,334.75,334.75,2534,8468.12,9520000
2012-08-16,2012-09-27,FUTSTK,CAIRN,0.0,FUT,332.0,335.45,330.8,333.95,333.95,209,697.37,840000
2012-08-16,2012-10-25,FUTSTK,CAIRN,0.0,FUT,332.5,334.8,331.65,334.0,334.0,29,96.52,123000
2012-08-16,2012-08-30,FUTSTK,CANBK,0.0,FUT,361.25,363.8,358.2,359.55,359.55,1156,2087.12,1942500
2012-08-16,2012-09-27,FUTSTK,CANBK,0.0,FUT,364.75,364.75,361.0,361.4,361.4,37,67.19,48500
2012-08-16,2012-10-25,FUTSTK,CANBK,0.0,FUT,0.0,0.0,0.0,355.0,363.65,0,0.0,2500
2012-08-16,2012-08-30,FUTSTK,CENTRALBK,0.0,FUT,71.0,71.25,70.25,70.4,70.4,233,329.77,2380000
2012-08-16,2012-09-27,FUTSTK,CENTRALBK,0.0,FUT,0.0,0.0,0.0,70.9,70.7,0,0.0,158000
2012-08-16,2012-10-25,FUTSTK,CENTRALBK,0.0,FUT,0.0,0.0,0.0,74.7,71.2,0,0.0,0
2012-08-16,2012-08-30,FUTSTK,CENTURYTEX,0.0,FUT,328.5,336.45,328.0,331.3,331.3,2562,8522.2,4786000
2012-08-16,2012-09-27,FUTSTK,CENTURYTEX,0.0,FUT,332.6,338.7,332.6,334.35,334.35,109,366.63,450000
2012-08-16,2012-10-25,FUTSTK,CENTURYTEX,0.0,FUT,0.0,0.0,0.0,295.85,336.9,0,0.0,0
2012-08-16,2012-08-30,FUTSTK,CESC,0.0,FUT,301.0,316.05,301.0,313.55,313.55,287,898.11,1196000
2012-08-16,2012-09-27,FUTSTK,CESC,0.0,FUT,317.0,317.0,317.0,317.0,315.35,3,9.5,9000
2012-08-16,2012-10-25,FUTSTK,CESC,0.0,FUT,0.0,0.0,0.0,291.8,317.5,0,0.0,0
2012-08-16,2012-08-30,FUTSTK,CHAMBLFERT,0.0,FUT,69.45,69.55,68.7,68.85,68.85,375,1036.36,9968000
2012-08-16,2012-09-27,FUTSTK,CHAMBLFERT,0.0,FUT,69.15,69.95,69.15,69.4,69.4,19,52.84,984000
2012-08-16,2012-10-25,FUTSTK,CHAMBLFERT,0.0,FUT,0.0,0.0,0.0,72.05,69.8,0,0.0,0
2012-08-16,2012-08-30,FUTSTK,CIPLA,0.0,FUT,352.2,362.0,352.2,357.8,357.8,2383,8540.04,4909000
2012-08-16,2012-09-27,FUTSTK,CIPLA,0.0,FUT,355.0,364.2,355.0,361.15,361.15,111,399.99,568000
2012-08-16,2012-10-25,FUTSTK,CIPLA,0.0,FUT,0.0,0.0,0.0,335.25,362.25,0,0.0,0
2012-08-16,2012-08-30,FUTSTK,COALINDIA,0.0,FUT,355.95,356.85,350.5,354.6,354.6,1145,4041.6,4310000
2012-08-16,2012-09-27,FUTSTK,COALINDIA,0.0,FUT,356.5,357.0,353.0,356.4,356.4,29,102.92,115000
2012-08-16,2012-10-25,FUTSTK,COALINDIA,0.0,FUT,0.0,0.0,0.0,355.0,359.8,0,0.0,1000
2012-08-16,2012-08-30,FUTSTK,COLPAL,0.0,FUT,1184.65,1198.0,1178.55,1191.55,1191.55,36,106.97,61750
2012-08-16,2012-09-27,FUTSTK,COLPAL,0.0,FUT,0.0,0.0,0.0,1110.2,1200.9,0,0.0,0
2012-08-16,2012-10-25,FUTSTK,COLPAL,0.0,FUT,0.0,0.0,0.0,1178.4,1209.25,0,0.0,0
2012-08-16,2012-08-30,FUTSTK,COREEDUTEC,0.0,FUT,293.95,296.5,291.75,295.6,295.6,57,167.67,9976000
2012-08-16,2012-09-27,FUTSTK,COREEDUTEC,0.0,FUT,0.0,0.0,0.0,297.2,297.2,1,2.97,1174000
2012-08-16,2012-08-30,FUTSTK,CROMPGREAV,0.0,FUT,117.95,118.5,116.15,117.8,117.8,398,936.11,4356000
2012-08-16,2012-09-27,FUTSTK,CROMPGREAV,0.0,FUT,119.2,119.25,117.45,119.25,119.25,18,42.59,96000
2012-08-16,2012-10-25,FUTSTK,CROMPGREAV,0.0,FUT,0.0,0.0,0.0,118.9,119.65,0,0.0,4000
2012-08-16,2012-08-30,FUTSTK,CUMMINSIND,0.0,FUT,481.3,482.7,472.25,477.15,477.15,76,181.37,222000
2012-08-16,2012-09-27,FUTSTK,CUMMINSIND,0.0,FUT,0.0,0.0,0.0,489.0,478.9,0,0.0,1000
2012-08-16,2012-08-30,FUTSTK,DABUR,0.0,FUT,123.9,123.9,117.45,118.45,118.45,431,1036.82,2222000
2012-08-16,2012-09-27,FUTSTK,DABUR,0.0,FUT,124.0,124.0,119.5,119.5,119.5,6,14.62,24000
2012-08-16,2012-10-25,FUTSTK,DABUR,0.0,FUT,0.0,0.0,0.0,119.75,120.15,0,0.0,0
2012-08-16,2012-08-30,FUTSTK,DCB,0.0,FUT,41.9,42.3,41.65,42.1,42.1,413,1387.34,8216000
2012-08-16,2012-09-27,FUTSTK,DCB,0.0,FUT,42.45,42.55,42.3,42.55,42.55,7,23.72,464000
2012-08-16,2012-08-30,FUTSTK,DELTACORP,0.0,FUT,60.3,63.0,60.25,62.7,62.7,1010,2502.38,6244000
2012-08-16,2012-09-27,FUTSTK,DELTACORP,0.0,FUT,61.55,62.45,60.8,62.45,62.9,15,37.22,76000
2012-08-16,2012-08-30,FUTSTK,DENABANK,0.0,FUT,91.65,93.0,90.9,92.15,92.15,1547,5709.59,7336000
2012-08-16,2012-09-27,FUTSTK,DENABANK,0.0,FUT,92.4,93.55,92.3,92.8,92.8,27,100.41,360000
2012-08-16,2012-10-25,FUTSTK,DENABANK,0.0,FUT,0.0,0.0,0.0,93.25,93.35,0,0.0,0
2012-08-16,2012-08-30,FUTSTK,DISHTV,0.0,FUT,73.8,75.2,73.15,74.7,74.7,934,2782.21,9472000
2012-08-16,2012-09-27,FUTSTK,DISHTV,0.0,FUT,74.15,75.5,74.1,75.05,75.05,21,62.85,152000
2012-08-16,2012-10-25,FUTSTK,DISHTV,0.0,FUT,0.0,0.0,0.0,70.5,75.75,0,0.0,0
2012-08-16,2012-08-30,FUTSTK,DIVISLAB,0.0,FUT,1145.5,1178.6,1143.45,1174.3,1174.3,948,5516.89,493000
2012-08-16,2012-09-27,FUTSTK,DIVISLAB,0.0,FUT,1157.0,1185.1,1157.0,1182.6,1182.6,44,258.16,32500
2012-08-16,2012-10-25,FUTSTK,DIVISLAB,0.0,FUT,0.0,0.0,0.0,1125.0,1191.6,0,0.0,1000
2012-08-16,2012-08-30,FUTSTK,DLF,0.0,FUT,215.15,217.8,213.5,214.4,214.4,6735,29046.46,22018000
2012-08-16,2012-09-27,FUTSTK,DLF,0.0,FUT,215.65,218.6,214.6,215.3,215.3,237,1025.85,4240000
2012-08-16,2012-10-25,FUTSTK,DLF,0.0,FUT,216.7,216.85,216.0,216.0,216.0,5,21.64,116000
2012-08-16,2012-08-30,FUTSTK,DRREDDY,0.0,FUT,1656.6,1676.0,1645.6,1663.1,1663.1,1464,3049.45,703625
2012-08-16,2012-09-27,FUTSTK,DRREDDY,0.0,FUT,1676.9,1684.85,1675.85,1679.8,1679.8,45,94.47,27250
2012-08-16,2012-10-25,FUTSTK,DRREDDY,0.0,FUT,1693.6,1693.6,1693.6,1693.6,1687.6,1,2.11,125
2012-08-16,2012-08-30,FUTSTK,EDUCOMP,0.0,FUT,158.95,159.9,157.0,158.95,158.95,1000,3170.79,3034000
2012-08-16,2012-09-27,FUTSTK,EDUCOMP,0.0,FUT,159.6,160.1,158.1,159.4,159.4,18,57.27,158000
2012-08-16,2012-08-30,FUTSTK,ESCORTS,0.0,FUT,63.0,63.7,62.2,62.6,62.6,302,761.88,7992000
2012-08-16,2012-09-27,FUTSTK,ESCORTS,0.0,FUT,63.5,63.95,63.5,63.05,63.05,9,22.9,136000
2012-08-16,2012-08-30,FUTSTK,ESSAROIL,0.0,FUT,54.35,54.6,53.1,53.45,53.45,568,1223.41,9836000
2012-08-16,2012-09-27,FUTSTK,ESSAROIL,0.0,FUT,54.2,54.5,53.7,53.7,53.7,28,60.65,252000
2012-08-16,2012-08-30,FUTSTK,EXIDEIND,0.0,FUT,135.0,135.7,132.5,133.6,133.6,604,1624.56,1928000
2012-08-16,2012-09-27,FUTSTK,EXIDEIND,0.0,FUT,136.35,136.35,135.55,135.55,134.2,2,5.43,8000
2012-08-16,2012-10-25,FUTSTK,EXIDEIND,0.0,FUT,0.0,0.0,0.0,130.85,135.15,0,0.0,0
2012-08-16,2012-08-30,FUTSTK,FEDERALBNK,0.0,FUT,431.9,437.6,429.0,436.4,436.4,278,604.53,319500
2012-08-16,2012-09-27,FUTSTK,FEDERALBNK,0.0,FUT,435.35,440.0,435.35,438.5,438.5,6,13.14,7500
2012-08-16,2012-10-25,FUTSTK,FEDERALBNK,0.0,FUT,0.0,0.0,0.0,432.0,444.6,0,0.0,500
2012-08-16,2012-08-30,FUTSTK,FINANTECH,0.0,FUT,833.65,851.0,832.6,845.65,845.65,1627,6873.94,1032000
2012-08-16,2012-09-27,FUTSTK,FINANTECH,0.0,FUT,846.7,855.0,846.0,849.85,849.85,14,59.51,25000
2012-08-16,2012-10-25,FUTSTK,FINANTECH,0.0,FUT,0.0,0.0,0.0,716.65,862.0,0,0.0,0
2012-08-16,2012-08-30,FUTSTK,FORTIS,0.0,FUT,101.55,102.05,99.55,100.0,100.0,441,884.96,3306000
2012-08-16,2012-09-27,FUTSTK,FORTIS,0.0,FUT,0.0,0.0,0.0,102.0,100.4,0,0.0,8000
2012-08-16,2012-08-30,FUTSTK,GAIL,0.0,FUT,372.65,375.1,367.15,368.5,368.5,515,1910.53,1970000
2012-08-16,2012-09-27,FUTSTK,GAIL,0.0,FUT,375.65,375.7,370.0,371.2,371.2,23,85.86,155000
2012-08-16,2012-10-25,FUTSTK,GAIL,0.0,FUT,0.0,0.0,0.0,352.2,373.8,0,0.0,0
2012-08-16,2012-08-30,FUTSTK,GESHIP,0.0,FUT,262.0,264.6,258.0,259.95,259.95,73,190.66,117000
2012-08-16,2012-09-27,FUTSTK,GESHIP,0.0,FUT,0.0,0.0,0.0,248.7,262.15,0,0.0,0
2012-08-16,2012-08-30,FUTSTK,GLAXO,0.0,FUT,2105.1,2105.1,2105.05,2105.05,2101.9,2,5.26,6500
2012-08-16,2012-09-27,FUTSTK,GLAXO,0.0,FUT,0.0,0.0,0.0,2054.9,2116.75,0,0.0,0
2012-08-16,2012-08-30,FUTSTK,GMDCLTD,0.0,FUT,198.4,200.85,196.0,196.2,196.2,52,206.14,284000
2012-08-16,2012-09-27,FUTSTK,GMDCLTD,0.0,FUT,196.0,196.0,196.0,196.0,197.6,1,3.92,8000
2012-08-16,2012-08-30,FUTSTK,GMRINFRA,0.0,FUT,21.6,21.7,21.25,21.35,21.35,567,971.25,45640000
2012-08-16,2012-09-27,FUTSTK,GMRINFRA,0.0,FUT,21.55,21.65,21.35,21.45,21.45,100,171.9,2576000
2012-08-16,2012-10-25,FUTSTK,GMRINFRA,0.0,FUT,0.0,0.0,0.0,21.75,21.6,0,0.0,56000
2012-08-16,2012-08-30,FUTSTK,GODREJIND,0.0,FUT,250.75,254.4,247.3,248.4,248.4,290,726.73,1189000
2012-08-16,2012-09-27,FUTSTK,GODREJIND,0.0,FUT,0.0,0.0,0.0,249.65,249.65,7,17.63,25000
2012-08-16,2012-10-25,FUTSTK,GODREJIND,0.0,FUT,0.0,0.0,0.0,242.75,252.05,0,0.0,0
2012-08-16,2012-08-30,FUTSTK,GRASIM,0.0,FUT,3038.0,3045.95,3005.15,3021.85,3021.85,651,2457.38,794375
2012-08-16,2012-09-27,FUTSTK,GRASIM,0.0,FUT,3050.0,3050.0,3024.9,3045.05,3045.05,50,189.81,36125
2012-08-16,2012-10-25,FUTSTK,GRASIM,0.0,FUT,0.0,0.0,0.0,2880.0,3078.55,0,0.0,125
2012-08-16,2012-08-30,FUTSTK,GSPL,0.0,FUT,72.65,73.2,71.45,71.7,71.7,127,367.55,3952000
2012-08-16,2012-09-27,FUTSTK,GSPL,0.0,FUT,73.05,73.05,72.25,72.25,72.1,3,8.71,52000
2012-08-16,2012-10-25,FUTSTK,GSPL,0.0,FUT,0.0,0.0,0.0,69.9,72.6,0,0.0,0
2012-08-16,2012-08-30,FUTSTK,GUJFLUORO,0.0,FUT,344.85,353.0,344.85,350.35,350.35,99,173.22,2600500
2012-08-16,2012-09-27,FUTSTK,GUJFLUORO,0.0,FUT,0.0,0.0,0.0,354.45,352.95,0,0.0,12500
2012-08-16,2012-10-25,FUTSTK,GUJFLUORO,0.0,FUT,0.0,0.0,0.0,350.9,355.4,0,0.0,0
2012-08-16,2012-08-30,FUTSTK,GVKPIL,0.0,FUT,13.05,13.15,12.8,12.85,12.85,520,809.38,55500000
2012-08-16,2012-09-27,FUTSTK,GVKPIL,0.0,FUT,13.05,13.2,13.0,13.0,13.0,45,70.8,7776000
2012-08-16,2012-10-25,FUTSTK,GVKPIL,0.0,FUT,13.15,13.15,13.15,13.15,13.15,1,1.57,96000
2012-08-16,2012-08-30,FUTSTK,HAVELLS,0.0,FUT,558.05,559.6,551.2,556.65,556.65,325,903.69,841000
2012-08-16,2012-09-27,FUTSTK,HAVELLS,0.0,FUT,558.4,562.75,558.4,562.75,560.65,3,8.39,6500
2012-08-16,2012-10-25,FUTSTK,HAVELLS,0.0,FUT,0.0,0.0,0.0,583.35,564.55,0,0.0,0
2012-08-16,2012-08-30,FUTSTK,HCC,0.0,FUT,17.55,17.55,17.2,17.25,17.25,137,189.92,20160000
2012-08-16,2012-09-27,FUTSTK,HCC,0.0,FUT,17.65,17.65,17.35,17.35,17.35,2,2.8,320000
2012-08-16,2012-08-30,FUTSTK,HCLTECH,0.0,FUT,552.9,560.4,550.1,558.85,558.85,2275,6347.25,3892000
2012-08-16,2012-09-27,FUTSTK,HCLTECH,0.0,FUT,560.55,562.0,559.0,561.4,561.4,60,168.19,84000
2012-08-16,2012-10-25,FUTSTK,HCLTECH,0.0,FUT,0.0,0.0,0.0,523.65,567.8,0,0.0,0
2012-08-16,2012-08-30,FUTSTK,HDFC,0.0,FUT,710.9,720.7,707.5,713.35,713.35,7255,25917.15,21206000
2012-08-16,2012-09-27,FUTSTK,HDFC,0.0,FUT,712.85,725.05,710.8,716.7,716.7,547,1965.25,650500
2012-08-16,2012-10-25,FUTSTK,HDFC,0.0,FUT,726.45,726.45,726.4,726.4,722.6,2,7.26,23000
2012-08-16,2012-08-30,FUTSTK,HDFCBANK,0.0,FUT,611.0,611.0,601.5,603.25,603.25,4904,14829.91,15071500
2012-08-16,2012-09-27,FUTSTK,HDFCBANK,0.0,FUT,612.1,612.1,605.0,606.65,606.65,349,1061.82,493000
2012-08-16,2012-10-25,FUTSTK,HDFCBANK,0.0,FUT,615.0,615.0,609.45,609.45,610.55,4,12.21,7500
2012-08-16,2012-08-30,FUTSTK,HDIL,0.0,FUT,84.0,85.9,83.3,84.1,84.1,5564,18836.75,25004000
2012-08-16,2012-09-27,FUTSTK,HDIL,0.0,FUT,83.95,86.0,83.5,84.3,84.3,156,529.22,2108000
2012-08-16,2012-10-25,FUTSTK,HDIL,0.0,FUT,83.5,87.25,83.5,87.25,85.4,3,10.32,44000
2012-08-16,2012-08-30,FUTSTK,HEROMOTOCO,0.0,FUT,1899.65,1943.15,1895.55,1934.1,1934.1,3580,8636.88,1365875
2012-08-16,2012-09-27,FUTSTK,HEROMOTOCO,0.0,FUT,1902.35,1940.35,1902.35,1932.45,1932.45,307,739.61,170875
2012-08-16,2012-10-25,FUTSTK,HEROMOTOCO,0.0,FUT,1912.0,1937.3,1912.0,1931.45,1931.45,19,45.85,53000
2012-08-16,2012-08-30,FUTSTK,HEXAWARE,0.0,FUT,119.5,121.55,118.1,120.35,120.35,1060,2542.99,5390000
2012-08-16,2012-09-27,FUTSTK,HEXAWARE,0.0,FUT,119.6,122.2,119.5,121.3,121.3,23,55.69,72000
2012-08-16,2012-10-25,FUTSTK,HEXAWARE,0.0,FUT,120.4,120.4,120.4,120.4,121.95,2,4.82,2000
2012-08-16,2012-08-30,FUTSTK,HINDALCO,0.0,FUT,119.6,120.25,116.85,117.15,117.15,5556,13149.08,20712000
2012-08-16,2012-09-27,FUTSTK,HINDALCO,0.0,FUT,119.0,119.55,116.4,116.7,116.7,753,1778.11,4068000
2012-08-16,2012-10-25,FUTSTK,HINDALCO,0.0,FUT,119.1,119.1,118.35,118.35,118.75,3,7.12,154000
2012-08-16,2012-08-30,FUTSTK,HINDOILEXP,0.0,FUT,123.6,124.2,120.6,121.3,121.3,325,792.59,2416000
2012-08-16,2012-09-27,FUTSTK,HINDOILEXP,0.0,FUT,0.0,0.0,0.0,122.15,122.15,1,2.44,10000
2012-08-16,2012-08-30,FUTSTK,HINDPETRO,0.0,FUT,310.05,311.15,302.0,302.9,302.9,1243,3801.21,6555000
2012-08-16,2012-09-27,FUTSTK,HINDPETRO,0.0,FUT,313.8,313.8,304.5,305.1,305.1,250,769.93,3124000
2012-08-16,2012-10-25,FUTSTK,HINDPETRO,0.0,FUT,309.3,309.3,307.3,307.4,307.4,3,9.24,7000
2012-08-16,2012-08-30,FUTSTK,HINDUNILVR,0.0,FUT,496.5,497.6,492.15,495.15,495.15,1874,9274.14,8563000
2012-08-16,2012-09-27,FUTSTK,HINDUNILVR,0.0,FUT,499.15,499.55,494.55,497.8,497.8,89,442.34,521000
2012-08-16,2012-10-25,FUTSTK,HINDUNILVR,0.0,FUT,0.0,0.0,0.0,502.0,503.4,0,0.0,8000
2012-08-16,2012-08-30,FUTSTK,HINDZINC,0.0,FUT,126.2,126.45,122.3,122.55,122.55,318,787.83,1738000
2012-08-16,2012-09-27,FUTSTK,HINDZINC,0.0,FUT,123.5,123.5,123.5,123.5,123.5,1,2.47,6000
2012-08-16,2012-10-25,FUTSTK,HINDZINC,0.0,FUT,0.0,0.0,0.0,116.95,124.35,0,0.0,0
2012-08-16,2012-08-30,FUTSTK,IBREALEST,0.0,FUT,53.0,53.35,51.1,52.4,52.4,1278,2672.71,12704000
2012-08-16,2012-09-27,FUTSTK,IBREALEST,0.0,FUT,53.75,53.75,51.65,52.8,52.8,63,132.89,404000
2012-08-16,2012-10-25,FUTSTK,IBREALEST,0.0,FUT,55.0,55.0,53.1,53.1,53.0,2,4.32,8000
2012-08-16,2012-08-30,FUTSTK,ICICIBANK,0.0,FUT,975.25,980.7,957.65,960.6,960.6,15952,38672.61,10687000
2012-08-16,2012-09-27,FUTSTK,ICICIBANK,0.0,FUT,980.55,984.9,963.4,965.65,965.65,641,1565.38,347000
2012-08-16,2012-10-25,FUTSTK,ICICIBANK,0.0,FUT,981.3,986.2,968.95,969.2,969.2,54,132.01,75750
2012-08-16,2012-08-30,FUTSTK,IDBI,0.0,FUT,87.25,88.2,86.5,87.5,87.5,1675,2933.29,11946000
2012-08-16,2012-09-27,FUTSTK,IDBI,0.0,FUT,86.0,87.25,85.7,86.65,86.65,256,444.3,2126000
2012-08-16,2012-10-25,FUTSTK,IDBI,0.0,FUT,0.0,0.0,0.0,86.0,88.65,0,0.0,4000
2012-08-16,2012-08-30,FUTSTK,IDEA,0.0,FUT,75.8,76.35,74.55,75.35,75.35,350,1055.34,9612000
2012-08-16,2012-09-27,FUTSTK,IDEA,0.0,FUT,75.45,75.6,75.1,75.6,75.6,7,21.11,220000
2012-08-16,2012-10-25,FUTSTK,IDEA,0.0,FUT,0.0,0.0,0.0,73.1,76.2,0,0.0,12000
2012-08-16,2012-08-30,FUTSTK,IDFC,0.0,FUT,138.4,143.3,138.4,142.4,142.4,8561,24267.42,17546000
2012-08-16,2012-09-27,FUTSTK,IDFC,0.0,FUT,140.9,144.15,139.95,143.3,143.3,215,613.49,680000
2012-08-16,2012-10-25,FUTSTK,IDFC,0.0,FUT,0.0,0.0,0.0,130.7,144.8,0,0.0,0
2012-08-16,2012-08-30,FUTSTK,IFCI,0.0,FUT,36.1,36.6,35.5,35.7,35.7,1421,4107.93,71504000
2012-08-16,2012-09-27,FUTSTK,IFCI,0.0,FUT,36.7,36.95,35.85,36.05,36.05,61,178.01,2616000
2012-08-16,2012-10-25,FUTSTK,IFCI,0.0,FUT,0.0,0.0,0.0,36.5,36.15,0,0.0,24000
2012-08-16,2012-08-30,FUTSTK,IGL,0.0,FUT,268.85,272.8,262.25,263.45,263.45,1432,3833.28,1458000
2012-08-16,2012-09-27,FUTSTK,IGL,0.0,FUT,269.75,273.4,264.4,264.85,264.85,53,142.54,84000
2012-08-16,2012-10-25,FUTSTK,IGL,0.0,FUT,0.0,0.0,0.0,240.0,266.65,0,0.0,0
2012-08-16,2012-08-30,FUTSTK,INDHOTEL,0.0,FUT,61.2,61.2,60.5,60.75,60.75,52,126.39,4432000
2012-08-16,2012-09-27,FUTSTK,INDHOTEL,0.0,FUT,61.3,61.3,61.0,61.25,61.25,7,17.15,236000
2012-08-16,2012-10-25,FUTSTK,INDHOTEL,0.0,FUT,0.0,0.0,0.0,57.35,61.6,0,0.0,0
2012-08-16,2012-08-30,FUTSTK,INDIACEM,0.0,FUT,88.7,88.7,85.9,86.1,86.1,451,783.83,6162000
2012-08-16,2012-09-27,FUTSTK,INDIACEM,0.0,FUT,87.85,87.95,86.65,86.75,86.75,22,38.39,128000
2012-08-16,2012-10-25,FUTSTK,INDIACEM,0.0,FUT,0.0,0.0,0.0,80.8,87.35,0,0.0,0
2012-08-16,2012-08-30,FUTSTK,INDIAINFO,0.0,FUT,56.0,56.85,56.0,56.55,56.55,26,58.54,1856000
2012-08-16,2012-09-27,FUTSTK,INDIAINFO,0.0,FUT,0.0,0.0,0.0,60.85,57.05,0,0.0,0
2012-08-16,2012-08-30,FUTSTK,INDIANB,0.0,FUT,174.5,176.75,173.9,174.55,174.55,63,110.32,167000
2012-08-16,2012-09-27,FUTSTK,INDIANB,0.0,FUT,0.0,0.0,0.0,175.0,175.85,0,0.0,3000
2012-08-16,2012-08-30,FUTSTK,INDUSINDBK,0.0,FUT,334.7,339.4,333.25,334.2,334.2,605,2037.4,2351000
2012-08-16,2012-09-27,FUTSTK,INDUSINDBK,0.0,FUT,337.0,337.2,334.0,334.0,334.0,13,43.71,76000
2012-08-16,2012-10-25,FUTSTK,INDUSINDBK,0.0,FUT,0.0,0.0,0.0,330.45,338.6,0,0.0,0
2012-08-16,2012-08-30,FUTSTK,INFY,0.0,FUT,2326.85,2332.55,2308.3,2319.9,2319.9,3640,10558.88,3382125
2012-08-16,2012-09-27,FUTSTK,INFY,0.0,FUT,2341.6,2341.6,2325.05,2336.15,2336.15,183,534.75,85125
2012-08-16,2012-10-25,FUTSTK,INFY,0.0,FUT,2337.4,2338.3,2335.55,2335.55,2335.55,8,23.37,10625
2012-08-16,2012-08-30,FUTSTK,IOB,0.0,FUT,72.9,73.65,72.75,73.25,73.25,208,609.74,4208000
2012-08-16,2012-09-27,FUTSTK,IOB,0.0,FUT,73.95,73.95,73.65,73.8,73.6,4,11.8,88000
2012-08-16,2012-10-25,FUTSTK,IOB,0.0,FUT,0.0,0.0,0.0,75.5,74.1,0,0.0,0
2012-08-16,2012-08-30,FUTSTK,IOC,0.0,FUT,255.0,255.0,251.1,251.75,251.75,158,398.88,1407000
2012-08-16,2012-09-27,FUTSTK,IOC,0.0,FUT,251.1,251.1,248.25,249.2,249.2,85,212.2,606000
2012-08-16,2012-10-25,FUTSTK,IOC,0.0,FUT,0.0,0.0,0.0,255.4,254.9,0,0.0,1000
2012-08-16,2012-08-30,FUTSTK,IRB,0.0,FUT,123.1,126.8,122.5,125.55,125.55,1829,4563.99,6448000
2012-08-16,2012-09-27,FUTSTK,IRB,0.0,FUT,123.55,127.2,123.55,126.0,126.0,27,67.49,146000
2012-08-16,2012-10-25,FUTSTK,IRB,0.0,FUT,0.0,0.0,0.0,117.5,127.15,0,0.0,0
2012-08-16,2012-08-30,FUTSTK,ITC,0.0,FUT,268.9,269.8,259.15,259.85,259.85,7852,20613.98,19755000
2012-08-16,2012-09-27,FUTSTK,ITC,0.0,FUT,271.0,271.0,261.1,261.75,261.75,682,1799.91,1487000
2012-08-16,2012-10-25,FUTSTK,ITC,0.0,FUT,271.5,271.5,263.55,263.55,263.55,114,302.41,209000
2012-08-16,2012-08-30,FUTSTK,IVRCLINFRA,0.0,FUT,45.6,46.85,45.6,45.9,45.9,1431,2649.96,20164000
2012-08-16,2012-09-27,FUTSTK,IVRCLINFRA,0.0,FUT,46.3,46.95,46.0,46.05,46.05,48,89.11,752000
2012-08-16,2012-10-25,FUTSTK,IVRCLINFRA,0.0,FUT,0.0,0.0,0.0,46.5,46.6,0,0.0,12000
2012-08-16,2012-08-30,FUTSTK,JETAIRWAYS,0.0,FUT,405.95,406.4,378.05,381.45,381.45,1857,7248.32,1759000
2012-08-16,2012-09-27,FUTSTK,JETAIRWAYS,0.0,FUT,392.55,392.55,387.9,379.7,379.7,11,42.52,86000
2012-08-16,2012-08-30,FUTSTK,JINDALSAW,0.0,FUT,121.85,121.85,119.2,119.9,119.9,22,52.92,1876000
2012-08-16,2012-09-27,FUTSTK,JINDALSAW,0.0,FUT,0.0,0.0,0.0,121.0,120.5,0,0.0,14000
2012-08-16,2012-08-30,FUTSTK,JINDALSTEL,0.0,FUT,417.95,424.3,412.05,420.05,420.05,5350,11199.48,5155000
2012-08-16,2012-09-27,FUTSTK,JINDALSTEL,0.0,FUT,418.75,426.3,414.1,421.7,421.7,123,257.62,233500
2012-08-16,2012-10-25,FUTSTK,JINDALSTEL,0.0,FUT,0.0,0.0,0.0,401.9,425.9,0,0.0,0
2012-08-16,2012-08-30,FUTSTK,JISLJALEQS,0.0,FUT,81.95,84.7,79.0,79.45,79.45,6772,10990.5,11994000
2012-08-16,2012-09-27,FUTSTK,JISLJALEQS,0.0,FUT,84.1,84.1,79.0,79.35,79.35,548,890.38,652000
2012-08-16,2012-10-25,FUTSTK,JISLJALEQS,0.0,FUT,0.0,0.0,0.0,81.4,80.55,0,0.0,0
2012-08-16,2012-08-30,FUTSTK,JPASSOCIAT,0.0,FUT,77.5,77.55,75.5,75.75,75.75,4234,12920.04,30352000
2012-08-16,2012-09-27,FUTSTK,JPASSOCIAT,0.0,FUT,77.8,77.8,75.7,75.9,75.9,272,830.2,3880000
2012-08-16,2012-10-25,FUTSTK,JPASSOCIAT,0.0,FUT,0.0,0.0,0.0,73.35,76.7,0,0.0,0
2012-08-16,2012-08-30,FUTSTK,JPPOWER,0.0,FUT,32.05,32.3,31.75,31.9,31.9,30,76.9,12744000
2012-08-16,2012-09-27,FUTSTK,JPPOWER,0.0,FUT,32.45,32.45,32.45,32.45,32.2,5,12.98,104000
2012-08-16,2012-10-25,FUTSTK,JPPOWER,0.0,FUT,0.0,0.0,0.0,31.95,32.45,0,0.0,0
2012-08-16,2012-08-30,FUTSTK,JSWENERGY,0.0,FUT,52.15,52.25,50.6,50.85,50.85,284,585.21,24120000
2012-08-16,2012-09-27,FUTSTK,JSWENERGY,0.0,FUT,52.35,52.35,51.0,51.2,51.2,10,20.65,108000
2012-08-16,2012-10-25,FUTSTK,JSWENERGY,0.0,FUT,0.0,0.0,0.0,50.05,51.5,0,0.0,0
2012-08-16,2012-08-30,FUTSTK,JSWISPAT,0.0,FUT,10.6,11.4,10.45,11.1,11.1,387,636.58,22785000
2012-08-16,2012-09-27,FUTSTK,JSWISPAT,0.0,FUT,10.55,11.45,10.5,11.15,11.15,33,54.14,1260000
2012-08-16,2012-08-30,FUTSTK,JSWSTEEL,0.0,FUT,751.05,756.6,743.2,750.65,750.65,5190,19441.52,8470500
2012-08-16,2012-09-27,FUTSTK,JSWSTEEL,0.0,FUT,754.45,761.5,750.0,756.55,756.55,101,381.27,272500
2012-08-16,2012-10-25,FUTSTK,JSWSTEEL,0.0,FUT,0.0,0.0,0.0,658.7,763.7,0,0.0,0
2012-08-16,2012-08-30,FUTSTK,JUBLFOOD,0.0,FUT,1200.05,1214.4,1165.1,1169.7,1169.7,2039,6042.62,983250
2012-08-16,2012-09-27,FUTSTK,JUBLFOOD,0.0,FUT,1211.7,1215.0,1171.0,1175.8,1175.8,46,136.63,26250
2012-08-16,2012-10-25,FUTSTK,JUBLFOOD,0.0,FUT,0.0,0.0,0.0,1163.0,1183.4,0,0.0,250
2012-08-16,2012-08-30,FUTSTK,KOTAKBANK,0.0,FUT,588.0,593.4,584.2,587.55,587.55,1345,3954.66,4605000
2012-08-16,2012-09-27,FUTSTK,KOTAKBANK,0.0,FUT,595.0,595.0,587.05,590.15,590.15,33,97.37,61500
2012-08-16,2012-10-25,FUTSTK,KOTAKBANK,0.0,FUT,0.0,0.0,0.0,554.0,596.3,0,0.0,0
2012-08-16,2012-08-30,FUTSTK,KTKBANK,0.0,FUT,90.9,91.55,89.6,90.1,90.1,265,961.66,7348000
2012-08-16,2012-09-27,FUTSTK,KTKBANK,0.0,FUT,92.15,92.15,90.6,90.8,90.8,17,62.2,880000
2012-08-16,2012-10-25,FUTSTK,KTKBANK,0.0,FUT,0.0,0.0,0.0,95.65,91.2,0,0.0,0
2012-08-16,2012-08-30,FUTSTK,LICHSGFIN,0.0,FUT,255.15,255.7,251.3,253.45,253.45,1881,4771.6,4479000
2012-08-16,2012-09-27,FUTSTK,LICHSGFIN,0.0,FUT,256.0,257.0,253.3,254.75,254.75,77,196.11,171000
2012-08-16,2012-10-25,FUTSTK,LICHSGFIN,0.0,FUT,0.0,0.0,0.0,250.25,257.05,0,0.0,4000
2012-08-16,2012-08-30,FUTSTK,LITL,0.0,FUT,12.65,12.75,12.45,12.55,12.55,1039,1440.52,51392000
2012-08-16,2012-09-27,FUTSTK,LITL,0.0,FUT,12.8,12.8,12.65,12.7,12.7,159,221.76,5082000
2012-08-16,2012-08-30,FUTSTK,LT,0.0,FUT,1459.7,1484.75,1455.05,1481.25,1481.25,11213,41294.07,4287750
2012-08-16,2012-09-27,FUTSTK,LT,0.0,FUT,1468.2,1493.0,1465.2,1489.65,1489.65,397,1469.3,228250
2012-08-16,2012-10-25,FUTSTK,LT,0.0,FUT,1479.7,1498.5,1479.6,1498.5,1498.5,9,33.41,8000
2012-08-16,2012-08-30,FUTSTK,LUPIN,0.0,FUT,581.55,581.55,552.0,559.6,559.6,2147,6045.78,1404000
2012-08-16,2012-09-27,FUTSTK,LUPIN,0.0,FUT,581.4,581.4,555.9,564.4,564.4,98,277.55,39000
2012-08-16,2012-10-25,FUTSTK,LUPIN,0.0,FUT,0.0,0.0,0.0,578.7,565.8,0,0.0,0
2012-08-16,2012-08-30,FUTSTK,M&M,0.0,FUT,753.5,771.15,753.5,767.3,767.3,3511,13405.43,3683500
2012-08-16,2012-09-27,FUTSTK,M&M,0.0,FUT,759.6,775.8,759.4,772.6,772.6,110,423.14,146000
2012-08-16,2012-10-25,FUTSTK,M&M,0.0,FUT,774.25,774.25,774.25,774.25,778.7,1,3.87,6000
2012-08-16,2012-08-30,FUTSTK,MARUTI,0.0,FUT,1200.0,1202.95,1175.2,1179.0,1179.0,3357,9942.02,2331750
2012-08-16,2012-09-27,FUTSTK,MARUTI,0.0,FUT,1201.9,1201.9,1180.0,1183.15,1183.15,128,380.02,63000
2012-08-16,2012-10-25,FUTSTK,MARUTI,0.0,FUT,1187.05,1187.05,1186.05,1186.05,1186.05,3,8.9,28750
2012-08-16,2012-08-30,FUTSTK,MAX,0.0,FUT,181.05,184.9,181.05,184.2,184.2,65,238.98,888000
2012-08-16,2012-09-27,FUTSTK,MAX,0.0,FUT,0.0,0.0,0.0,193.95,185.7,0,0.0,0
2012-08-16,2012-08-30,FUTSTK,MCDOWELL-N,0.0,FUT,892.1,929.8,892.1,914.25,914.25,15236,69685.16,8503500
2012-08-16,2012-09-27,FUTSTK,MCDOWELL-N,0.0,FUT,901.25,933.25,901.25,919.25,919.25,1041,4784.85,1059500
2012-08-16,2012-10-25,FUTSTK,MCDOWELL-N,0.0,FUT,0.0,0.0,0.0,902.35,925.0,0,0.0,1000
2012-08-16,2012-08-30,FUTSTK,MCLEODRUSS,0.0,FUT,318.5,329.9,318.0,326.5,326.5,772,2508.6,4307000
2012-08-16,2012-09-27,FUTSTK,MCLEODRUSS,0.0,FUT,323.0,332.05,320.4,329.25,329.25,81,264.66,250000
2012-08-16,2012-10-25,FUTSTK,MCLEODRUSS,0.0,FUT,0.0,0.0,0.0,343.5,330.25,0,0.0,0
2012-08-16,2012-08-30,FUTSTK,MPHASIS,0.0,FUT,392.6,393.85,387.0,388.65,388.65,71,138.59,261500
2012-08-16,2012-09-27,FUTSTK,MPHASIS,0.0,FUT,395.0,395.0,394.0,394.0,391.7,2,3.94,2500
2012-08-16,2012-10-25,FUTSTK,MPHASIS,0.0,FUT,0.0,0.0,0.0,399.45,394.45,0,0.0,0
2012-08-16,2012-08-30,FUTSTK,MRF,0.0,FUT,10759.9,11080.0,10709.0,10910.55,10910.55,564,7690.41,89750
2012-08-16,2012-09-27,FUTSTK,MRF,0.0,FUT,10834.65,11150.0,10834.65,11003.95,11003.95,19,261.64,2625
2012-08-16,2012-10-25,FUTSTK,MRF,0.0,FUT,0.0,0.0,0.0,10153.75,11039.85,0,0.0,0
2012-08-16,2012-08-30,FUTSTK,MRPL,0.0,FUT,59.9,61.5,58.2,60.5,60.5,165,398.04,1568000
2012-08-16,2012-09-27,FUTSTK,MRPL,0.0,FUT,59.25,59.25,59.25,59.25,60.85,1,2.37,28000
2012-08-16,2012-08-30,FUTSTK,MTNL,0.0,FUT,33.6,34.15,33.2,33.7,33.7,548,1482.22,25656000
2012-08-16,2012-09-27,FUTSTK,MTNL,0.0,FUT,34.1,34.25,34.0,34.0,33.75,140,380.46,1184000
2012-08-16,2012-08-30,FUTSTK,NAGAROIL,0.0,FUT,5.7,5.75,5.6,5.6,5.6,3,5.11,2340000
2012-08-16,2012-08-30,FUTSTK,NCC,0.0,FUT,41.25,42.35,41.2,41.75,41.75,449,752.87,7144000
2012-08-16,2012-09-27,FUTSTK,NCC,0.0,FUT,41.95,42.2,41.1,41.65,41.65,42,70.5,348000
2012-08-16,2012-10-25,FUTSTK,NCC,0.0,FUT,0.0,0.0,0.0,41.85,42.2,0,0.0,44000
2012-08-16,2012-08-30,FUTSTK,NHPC,0.0,FUT,18.6,18.65,18.5,18.55,18.55,652,1209.63,30560000
2012-08-16,2012-09-27,FUTSTK,NHPC,0.0,FUT,18.15,18.15,18.0,18.05,18.05,578,1044.51,13540000
2012-08-16,2012-10-25,FUTSTK,NHPC,0.0,FUT,18.3,18.3,18.1,18.15,18.15,17,30.92,350000
2012-08-16,2012-08-30,FUTSTK,NMDC,0.0,FUT,187.0,187.6,181.3,182.95,182.95,163,601.95,924000
2012-08-16,2012-09-27,FUTSTK,NMDC,0.0,FUT,182.1,184.6,182.1,182.6,182.6,13,47.75,108000
2012-08-16,2012-10-25,FUTSTK,NMDC,0.0,FUT,0.0,0.0,0.0,191.0,185.35,0,0.0,2000
2012-08-16,2012-08-30,FUTSTK,NTPC,0.0,FUT,172.8,172.8,170.4,171.0,171.0,611,2091.92,6764000
2012-08-16,2012-09-27,FUTSTK,NTPC,0.0,FUT,172.8,172.8,171.6,171.8,171.8,32,110.07,334000
2012-08-16,2012-10-25,FUTSTK,NTPC,0.0,FUT,0.0,0.0,0.0,154.7,173.0,0,0.0,0
2012-08-16,2012-08-30,FUTSTK,OFSS,0.0,FUT,2957.0,3008.0,2956.95,2979.85,2979.85,1513,5649.1,345375
2012-08-16,2012-09-27,FUTSTK,OFSS,0.0,FUT,3005.05,3029.75,3005.05,3020.9,2995.35,3,11.31,5625
2012-08-16,2012-10-25,FUTSTK,OFSS,0.0,FUT,0.0,0.0,0.0,2810.0,3016.15,0,0.0,125
2012-08-16,2012-08-30,FUTSTK,OIL,0.0,FUT,484.7,484.7,479.1,479.1,479.1,14,33.68,143500
2012-08-16,2012-09-27,FUTSTK,OIL,0.0,FUT,480.0,480.0,480.0,480.0,482.95,1,2.4,2500
2012-08-16,2012-08-30,FUTSTK,ONGC,0.0,FUT,287.3,288.2,284.1,285.2,285.2,1617,4616.71,7573000
2012-08-16,2012-09-27,FUTSTK,ONGC,0.0,FUT,287.05,287.4,284.0,284.95,284.95,38,108.43,383000
2012-08-16,2012-10-25,FUTSTK,ONGC,0.0,FUT,0.0,0.0,0.0,288.3,289.3,0,0.0,8000
2012-08-16,2012-08-30,FUTSTK,ONMOBILE,0.0,FUT,43.4,44.3,42.85,43.1,43.1,488,849.47,8340000
2012-08-16,2012-09-27,FUTSTK,ONMOBILE,0.0,FUT,0.0,0.0,0.0,43.5,43.4,8,14.0,112000
2012-08-16,2012-08-30,FUTSTK,OPTOCIRCUI,0.0,FUT,144.05,146.65,137.35,144.0,144.0,4145,5914.45,4292000
2012-08-16,2012-09-27,FUTSTK,OPTOCIRCUI,0.0,FUT,142.6,145.35,136.75,142.6,142.6,414,587.18,430000
2012-08-16,2012-10-25,FUTSTK,OPTOCIRCUI,0.0,FUT,0.0,0.0,0.0,163.45,146.2,0,0.0,0
2012-08-16,2012-08-30,FUTSTK,ORCHIDCHEM,0.0,FUT,102.75,108.0,100.25,104.65,104.65,1718,3610.53,5116000
2012-08-16,2012-09-27,FUTSTK,ORCHIDCHEM,0.0,FUT,100.9,106.1,100.9,103.1,103.1,73,151.05,488000
2012-08-16,2012-08-30,FUTSTK,ORIENTBANK,0.0,FUT,236.0,239.8,235.35,237.85,237.85,288,685.05,623000
2012-08-16,2012-09-27,FUTSTK,ORIENTBANK,0.0,FUT,0.0,0.0,0.0,231.0,239.45,0,0.0,9000
2012-08-16,2012-10-25,FUTSTK,ORIENTBANK,0.0,FUT,0.0,0.0,0.0,231.9,241.1,0,0.0,0
2012-08-16,2012-08-30,FUTSTK,PANTALOONR,0.0,FUT,163.7,164.9,158.0,159.3,159.3,2015,6498.86,12400000
2012-08-16,2012-09-27,FUTSTK,PANTALOONR,0.0,FUT,164.1,165.6,160.0,160.9,160.9,57,184.66,228000
2012-08-16,2012-10-25,FUTSTK,PANTALOONR,0.0,FUT,0.0,0.0,0.0,163.0,161.3,0,0.0,4000
2012-08-16,2012-08-30,FUTSTK,PATELENG,0.0,FUT,82.0,82.2,81.05,81.15,81.15,50,81.66,1620000
2012-08-16,2012-09-27,FUTSTK,PATELENG,0.0,FUT,0.0,0.0,0.0,91.8,81.5,0,0.0,0
2012-08-16,2012-08-30,FUTSTK,PETRONET,0.0,FUT,155.0,155.8,151.4,152.0,152.0,506,1550.16,2734000
2012-08-16,2012-09-27,FUTSTK,PETRONET,0.0,FUT,155.0,155.0,152.5,153.05,153.05,49,150.22,40000
2012-08-16,2012-10-25,FUTSTK,PETRONET,0.0,FUT,0.0,0.0,0.0,144.45,153.8,0,0.0,0
2012-08-16,2012-08-30,FUTSTK,PFC,0.0,FUT,187.05,190.7,185.45,186.2,186.2,2899,10894.06,5746000
2012-08-16,2012-09-27,FUTSTK,PFC,0.0,FUT,187.0,191.0,186.7,186.7,186.7,41,154.32,94000
2012-08-16,2012-10-25,FUTSTK,PFC,0.0,FUT,0.0,0.0,0.0,186.5,188.85,0,0.0,2000
2012-08-16,2012-08-30,FUTSTK,PIRHEALTH,0.0,FUT,512.0,535.0,511.35,515.65,515.65,90,236.18,767500
2012-08-16,2012-09-27,FUTSTK,PIRHEALTH,0.0,FUT,0.0,0.0,0.0,538.25,521.45,0,0.0,500
2012-08-16,2012-10-25,FUTSTK,PIRHEALTH,0.0,FUT,0.0,0.0,0.0,515.5,525.1,0,0.0,0
2012-08-16,2012-08-30,FUTSTK,PNB,0.0,FUT,739.1,744.1,730.15,733.85,733.85,3625,6706.1,2326750
2012-08-16,2012-09-27,FUTSTK,PNB,0.0,FUT,743.1,747.85,735.5,738.4,738.4,127,236.04,128500
2012-08-16,2012-10-25,FUTSTK,PNB,0.0,FUT,747.95,749.2,745.05,747.8,742.1,20,37.38,56250
2012-08-16,2012-08-30,FUTSTK,POLARIS,0.0,FUT,117.5,117.95,116.0,116.8,116.8,393,919.59,2220000
2012-08-16,2012-09-27,FUTSTK,POLARIS,0.0,FUT,118.7,118.7,117.0,117.5,117.5,6,14.09,28000
2012-08-16,2012-08-30,FUTSTK,POWERGRID,0.0,FUT,120.35,123.3,119.6,120.75,120.75,1686,4105.28,14914000
2012-08-16,2012-09-27,FUTSTK,POWERGRID,0.0,FUT,119.7,123.0,119.35,120.35,120.35,112,272.49,622000
2012-08-16,2012-10-25,FUTSTK,POWERGRID,0.0,FUT,0.0,0.0,0.0,123.35,122.2,0,0.0,2000
2012-08-16,2012-08-30,FUTSTK,PRAJIND,0.0,FUT,53.9,54.0,52.7,53.15,53.15,142,303.24,5076000
2012-08-16,2012-09-27,FUTSTK,PRAJIND,0.0,FUT,0.0,0.0,0.0,50.9,53.5,0,0.0,60000
2012-08-16,2012-08-30,FUTSTK,PTC,0.0,FUT,59.6,60.8,59.6,60.1,60.1,131,315.31,2320000
2012-08-16,2012-09-27,FUTSTK,PTC,0.0,FUT,59.85,60.0,59.3,59.45,59.45,18,42.91,356000
2012-08-16,2012-10-25,FUTSTK,PTC,0.0,FUT,0.0,0.0,0.0,57.4,60.95,0,0.0,0
2012-08-16,2012-08-30,FUTSTK,PUNJLLOYD,0.0,FUT,52.2,52.45,51.4,51.75,51.75,607,1260.83,28072000
2012-08-16,2012-09-27,FUTSTK,PUNJLLOYD,0.0,FUT,51.9,52.1,51.35,51.45,51.45,87,179.91,2256000
2012-08-16,2012-10-25,FUTSTK,PUNJLLOYD,0.0,FUT,0.0,0.0,0.0,50.7,52.6,0,0.0,144000
2012-08-16,2012-08-30,FUTSTK,RANBAXY,0.0,FUT,505.3,518.1,502.6,512.0,512.0,3483,8894.27,1915000
2012-08-16,2012-09-27,FUTSTK,RANBAXY,0.0,FUT,509.7,521.1,506.6,515.25,515.25,150,385.56,139500
2012-08-16,2012-10-25,FUTSTK,RANBAXY,0.0,FUT,0.0,0.0,0.0,491.0,521.05,0,0.0,0
2012-08-16,2012-08-30,FUTSTK,RAYMOND,0.0,FUT,366.5,374.5,362.0,370.35,370.35,965,3569.12,3190000
2012-08-16,2012-09-27,FUTSTK,RAYMOND,0.0,FUT,382.05,382.05,365.5,373.5,372.45,8,29.55,25000
2012-08-16,2012-10-25,FUTSTK,RAYMOND,0.0,FUT,0.0,0.0,0.0,343.75,375.05,0,0.0,0
2012-08-16,2012-08-30,FUTSTK,RCOM,0.0,FUT,56.35,57.0,55.7,56.2,56.2,2678,6033.53,47376000
2012-08-16,2012-09-27,FUTSTK,RCOM,0.0,FUT,56.8,57.35,56.3,56.65,56.65,152,344.65,3388000
2012-08-16,2012-10-25,FUTSTK,RCOM,0.0,FUT,56.8,56.8,56.8,56.8,57.3,1,2.27,80000
2012-08-16,2012-08-30,FUTSTK,RECLTD,0.0,FUT,212.85,216.25,209.2,209.9,209.9,2786,5931.82,3994000
2012-08-16,2012-09-27,FUTSTK,RECLTD,0.0,FUT,211.25,215.2,208.85,209.55,209.55,108,229.43,273000
2012-08-16,2012-10-25,FUTSTK,RECLTD,0.0,FUT,0.0,0.0,0.0,183.25,212.95,0,0.0,0
2012-08-16,2012-08-30,FUTSTK,RELCAPITAL,0.0,FUT,355.45,358.65,350.25,352.25,352.25,5810,10308.79,4853500
2012-08-16,2012-09-27,FUTSTK,RELCAPITAL,0.0,FUT,358.35,360.7,353.2,354.75,354.75,218,389.56,812000
2012-08-16,2012-10-25,FUTSTK,RELCAPITAL,0.0,FUT,360.15,362.0,359.0,359.0,365.05,5,9.0,3000
2012-08-16,2012-08-30,FUTSTK,RELIANCE,0.0,FUT,806.8,822.8,803.0,816.75,816.75,13269,54018.33,11257000
2012-08-16,2012-09-27,FUTSTK,RELIANCE,0.0,FUT,811.9,828.1,808.55,822.8,822.8,610,2498.17,896000
2012-08-16,2012-10-25,FUTSTK,RELIANCE,0.0,FUT,815.0,833.25,814.6,827.45,827.45,66,272.17,180500
2012-08-16,2012-08-30,FUTSTK,RELINFRA,0.0,FUT,525.3,531.8,521.3,523.0,523.0,7003,18455.67,4260000
2012-08-16,2012-09-27,FUTSTK,RELINFRA,0.0,FUT,530.0,535.0,525.5,527.25,527.25,190,504.55,489500
2012-08-16,2012-10-25,FUTSTK,RELINFRA,0.0,FUT,532.65,532.65,530.65,530.65,537.0,3,7.97,59500
2012-08-16,2012-08-30,FUTSTK,RENUKA,0.0,FUT,32.25,32.45,31.85,32.15,32.15,1114,2871.37,30352000
2012-08-16,2012-09-27,FUTSTK,RENUKA,0.0,FUT,32.3,32.7,32.3,32.45,32.45,54,140.43,2928000
2012-08-16,2012-10-25,FUTSTK,RENUKA,0.0,FUT,0.0,0.0,0.0,32.3,32.3,3,7.76,24000
2012-08-16,2012-08-30,FUTSTK,ROLTA,0.0,FUT,68.0,69.7,67.85,68.4,68.4,105,288.99,2120000
2012-08-16,2012-09-27,FUTSTK,ROLTA,0.0,FUT,0.0,0.0,0.0,68.5,68.65,0,0.0,48000
2012-08-16,2012-08-30,FUTSTK,RPOWER,0.0,FUT,94.15,95.35,93.15,93.5,93.5,2987,5632.32,16122000
2012-08-16,2012-09-27,FUTSTK,RPOWER,0.0,FUT,94.6,96.0,94.0,94.2,94.2,250,473.95,1940000
2012-08-16,2012-10-25,FUTSTK,RPOWER,0.0,FUT,96.0,96.0,96.0,96.0,94.8,1,1.92,22000
2012-08-16,2012-08-30,FUTSTK,RUCHISOYA,0.0,FUT,86.0,86.0,85.5,85.75,85.75,6,20.58,10444000
2012-08-16,2012-09-27,FUTSTK,RUCHISOYA,0.0,FUT,0.0,0.0,0.0,89.7,85.95,0,0.0,8000
2012-08-16,2012-08-30,FUTSTK,SAIL,0.0,FUT,86.95,86.95,84.75,84.95,84.95,1173,4007.55,14552000
2012-08-16,2012-09-27,FUTSTK,SAIL,0.0,FUT,87.8,87.8,85.45,85.65,85.65,591,2033.42,7220000
2012-08-16,2012-10-25,FUTSTK,SAIL,0.0,FUT,0.0,0.0,0.0,84.2,86.1,0,0.0,0
2012-08-16,2012-08-30,FUTSTK,SBIN,0.0,FUT,1928.45,1931.8,1897.2,1902.1,1902.1,31939,76368.21,8174750
2012-08-16,2012-09-27,FUTSTK,SBIN,0.0,FUT,1932.45,1935.75,1904.0,1907.55,1907.55,1952,4678.92,877500
2012-08-16,2012-10-25,FUTSTK,SBIN,0.0,FUT,1936.35,1940.0,1914.0,1916.95,1916.95,38,91.4,63000
2012-08-16,2012-08-30,FUTSTK,SCI,0.0,FUT,54.9,56.3,54.6,55.2,55.2,121,268.91,4256000
2012-08-16,2012-09-27,FUTSTK,SCI,0.0,FUT,55.0,55.8,55.0,55.6,55.55,6,13.26,176000
2012-08-16,2012-10-25,FUTSTK,SCI,0.0,FUT,0.0,0.0,0.0,52.75,55.95,0,0.0,0
2012-08-16,2012-08-30,FUTSTK,SESAGOA,0.0,FUT,193.15,196.0,188.65,189.35,189.35,4227,8096.56,9216000
2012-08-16,2012-09-27,FUTSTK,SESAGOA,0.0,FUT,193.85,195.6,188.9,189.25,189.25,543,1033.92,1506000
2012-08-16,2012-10-25,FUTSTK,SESAGOA,0.0,FUT,192.8,192.8,190.2,190.45,191.4,10,19.13,107000
2012-08-16,2012-08-30,FUTSTK,SIEMENS,0.0,FUT,664.2,670.0,658.1,659.9,659.9,412,1363.84,714000
2012-08-16,2012-09-27,FUTSTK,SIEMENS,0.0,FUT,668.0,668.0,664.25,666.45,664.95,11,36.66,34000
2012-08-16,2012-10-25,FUTSTK,SIEMENS,0.0,FUT,0.0,0.0,0.0,665.65,669.55,0,0.0,0
2012-08-16,2012-08-30,FUTSTK,SINTEX,0.0,FUT,62.15,62.45,61.45,61.65,61.65,573,1420.35,13972000
2012-08-16,2012-09-27,FUTSTK,SINTEX,0.0,FUT,61.8,62.3,61.1,61.65,61.65,252,624.03,1696000
2012-08-16,2012-10-25,FUTSTK,SINTEX,0.0,FUT,0.0,0.0,0.0,61.25,62.5,0,0.0,12000
2012-08-16,2012-08-30,FUTSTK,SKUMARSYNF,0.0,FUT,23.05,23.2,22.75,22.9,22.9,191,350.48,18424000
2012-08-16,2012-09-27,FUTSTK,SKUMARSYNF,0.0,FUT,22.35,22.4,22.1,22.2,22.2,39,69.52,1280000
2012-08-16,2012-08-30,FUTSTK,SOBHA,0.0,FUT,350.15,351.7,346.75,347.75,347.75,11,38.36,251000
2012-08-16,2012-09-27,FUTSTK,SOBHA,0.0,FUT,0.0,0.0,0.0,355.0,350.05,0,0.0,1000
2012-08-16,2012-08-30,FUTSTK,SOUTHBANK,0.0,FUT,23.2,23.2,23.0,23.05,23.05,17,31.43,8048000
2012-08-16,2012-09-27,FUTSTK,SOUTHBANK,0.0,FUT,23.2,23.2,23.2,23.2,23.15,1,1.85,32000
2012-08-16,2012-10-25,FUTSTK,SOUTHBANK,0.0,FUT,0.0,0.0,0.0,23.55,23.3,0,0.0,0
2012-08-16,2012-08-30,FUTSTK,SREINFRA,0.0,FUT,23.6,23.6,22.65,22.75,22.75,23,42.38,6216000
2012-08-16,2012-09-27,FUTSTK,SREINFRA,0.0,FUT,23.2,23.45,23.15,23.15,22.9,4,7.43,80000
2012-08-16,2012-08-30,FUTSTK,SRTRANSFIN,0.0,FUT,562.0,570.0,562.0,569.5,569.5,75,212.76,319000
2012-08-16,2012-09-27,FUTSTK,SRTRANSFIN,0.0,FUT,0.0,0.0,0.0,565.0,572.65,0,0.0,2500
2012-08-16,2012-10-25,FUTSTK,SRTRANSFIN,0.0,FUT,0.0,0.0,0.0,577.75,576.6,0,0.0,0
2012-08-16,2012-08-30,FUTSTK,STER,0.0,FUT,111.95,113.0,109.05,109.9,109.9,3178,7021.26,22630000
2012-08-16,2012-09-27,FUTSTK,STER,0.0,FUT,112.55,113.75,109.85,110.7,110.7,94,208.69,546000
2012-08-16,2012-10-25,FUTSTK,STER,0.0,FUT,0.0,0.0,0.0,106.2,111.7,0,0.0,2000
2012-08-16,2012-08-30,FUTSTK,STRTECH,0.0,FUT,31.75,32.3,30.95,31.25,31.25,118,298.22,4504000
2012-08-16,2012-09-27,FUTSTK,STRTECH,0.0,FUT,32.0,32.0,32.0,32.0,31.5,1,2.56,32000
2012-08-16,2012-08-30,FUTSTK,SUNPHARMA,0.0,FUT,670.25,673.35,663.0,666.45,666.45,1036,3464.03,2779000
2012-08-16,2012-09-27,FUTSTK,SUNPHARMA,0.0,FUT,674.25,677.9,668.9,670.55,670.55,51,171.4,121000
2012-08-16,2012-10-25,FUTSTK,SUNPHARMA,0.0,FUT,0.0,0.0,0.0,637.15,674.05,0,0.0,0
2012-08-16,2012-08-30,FUTSTK,SUNTV,0.0,FUT,307.95,311.9,305.45,306.45,306.45,1504,4646.28,1435000
2012-08-16,2012-09-27,FUTSTK,SUNTV,0.0,FUT,308.45,308.45,307.25,307.6,307.6,7,21.63,44000
2012-08-16,2012-10-25,FUTSTK,SUNTV,0.0,FUT,0.0,0.0,0.0,302.8,310.35,0,0.0,0
2012-08-16,2012-08-30,FUTSTK,SUZLON,0.0,FUT,17.0,17.1,16.85,16.9,16.9,306,414.73,110984000
2012-08-16,2012-09-27,FUTSTK,SUZLON,0.0,FUT,16.7,16.85,16.65,16.7,16.7,157,210.62,27072000
2012-08-16,2012-10-25,FUTSTK,SUZLON,0.0,FUT,16.6,16.6,16.6,16.6,16.6,1,1.32,1144000
2012-08-16,2012-08-30,FUTSTK,SYNDIBANK,0.0,FUT,97.8,99.0,97.5,98.15,98.15,241,473.6,992000
2012-08-16,2012-09-27,FUTSTK,SYNDIBANK,0.0,FUT,98.95,98.95,98.95,98.95,98.65,1,1.97,48000
2012-08-16,2012-10-25,FUTSTK,SYNDIBANK,0.0,FUT,0.0,0.0,0.0,96.85,99.3,0,0.0,0
2012-08-16,2012-08-30,FUTSTK,TATACHEM,0.0,FUT,309.9,313.3,309.8,310.6,310.6,143,445.17,781000
2012-08-16,2012-09-27,FUTSTK,TATACHEM,0.0,FUT,313.5,315.15,312.85,313.45,313.45,5,15.69,40000
2012-08-16,2012-10-25,FUTSTK,TATACHEM,0.0,FUT,0.0,0.0,0.0,298.0,316.15,0,0.0,4000
2012-08-16,2012-08-30,FUTSTK,TATACOFFEE,0.0,FUT,1004.4,1004.4,981.75,987.3,987.3,283,700.03,698000
2012-08-16,2012-09-27,FUTSTK,TATACOFFEE,0.0,FUT,0.0,0.0,0.0,940.2,990.5,1,2.49,1250
2012-08-16,2012-08-30,FUTSTK,TATACOMM,0.0,FUT,239.65,243.2,237.0,238.1,238.1,213,511.28,2107000
2012-08-16,2012-09-27,FUTSTK,TATACOMM,0.0,FUT,242.6,244.05,239.85,239.85,239.85,8,19.36,34000
2012-08-16,2012-10-25,FUTSTK,TATACOMM,0.0,FUT,0.0,0.0,0.0,259.7,240.6,0,0.0,0
2012-08-16,2012-08-30,FUTSTK,TATAGLOBAL,0.0,FUT,134.5,136.75,134.2,134.4,134.4,1013,2739.96,7968000
2012-08-16,2012-09-27,FUTSTK,TATAGLOBAL,0.0,FUT,136.25,137.8,135.25,135.55,135.55,40,109.1,202000
2012-08-16,2012-10-25,FUTSTK,TATAGLOBAL,0.0,FUT,0.0,0.0,0.0,122.85,136.25,0,0.0,0
2012-08-16,2012-08-30,FUTSTK,TATAMOTORS,0.0,FUT,236.05,240.5,233.3,235.8,235.8,13542,32168.43,19952000
2012-08-16,2012-09-27,FUTSTK,TATAMOTORS,0.0,FUT,235.75,241.7,235.25,237.4,237.4,337,806.62,783000
2012-08-16,2012-10-25,FUTSTK,TATAMOTORS,0.0,FUT,243.0,243.0,238.8,239.0,239.0,7,16.85,77000
2012-08-16,2012-08-30,FUTSTK,TATAMTRDVR,0.0,FUT,136.05,138.75,134.55,137.3,137.3,2349,6463.63,5288000
2012-08-16,2012-09-27,FUTSTK,TATAMTRDVR,0.0,FUT,137.45,139.5,137.3,138.1,138.1,47,129.97,260000
2012-08-16,2012-10-25,FUTSTK,TATAMTRDVR,0.0,FUT,0.0,0.0,0.0,119.8,140.0,0,0.0,0
2012-08-16,2012-08-30,FUTSTK,TATAPOWER,0.0,FUT,101.15,102.5,100.75,101.5,101.5,810,1647.48,9158000
2012-08-16,2012-09-27,FUTSTK,TATAPOWER,0.0,FUT,102.75,103.1,101.9,102.1,102.35,21,43.09,230000
2012-08-16,2012-10-25,FUTSTK,TATAPOWER,0.0,FUT,0.0,0.0,0.0,104.35,103.05,0,0.0,2000
2012-08-16,2012-08-30,FUTSTK,TATASTEEL,0.0,FUT,408.45,411.8,399.4,400.55,400.55,13237,26690.06,12546500
2012-08-16,2012-09-27,FUTSTK,TATASTEEL,0.0,FUT,411.25,413.1,401.35,402.4,402.4,512,1036.1,833500
2012-08-16,2012-10-25,FUTSTK,TATASTEEL,0.0,FUT,412.05,412.05,402.95,404.1,404.1,19,38.69,98000
2012-08-16,2012-08-30,FUTSTK,TCS,0.0,FUT,1277.5,1279.45,1257.5,1268.55,1268.55,2516,7961.43,4123750
2012-08-16,2012-09-27,FUTSTK,TCS,0.0,FUT,1283.8,1283.8,1265.05,1276.15,1276.15,115,365.95,103750
2012-08-16,2012-10-25,FUTSTK,TCS,0.0,FUT,1281.0,1281.0,1281.0,1281.05,1281.05,2,6.4,2250
2012-08-16,2012-08-30,FUTSTK,TECHM,0.0,FUT,818.0,849.6,818.0,845.05,845.05,2121,8874.62,659500
2012-08-16,2012-09-27,FUTSTK,TECHM,0.0,FUT,821.75,847.4,820.05,843.2,843.2,57,237.67,32500
2012-08-16,2012-10-25,FUTSTK,TECHM,0.0,FUT,0.0,0.0,0.0,732.6,860.25,0,0.0,0
2012-08-16,2012-08-30,FUTSTK,TITAN,0.0,FUT,226.75,227.0,220.1,220.95,220.95,2222,4932.23,6964000
2012-08-16,2012-09-27,FUTSTK,TITAN,0.0,FUT,227.0,227.0,221.65,222.75,222.75,86,192.06,126000
2012-08-16,2012-10-25,FUTSTK,TITAN,0.0,FUT,0.0,0.0,0.0,228.1,223.8,0,0.0,0
2012-08-16,2012-08-30,FUTSTK,TTKPRESTIG,0.0,FUT,3639.0,3720.0,3613.05,3663.4,3663.4,753,3461.39,107625
2012-08-16,2012-09-27,FUTSTK,TTKPRESTIG,0.0,FUT,3660.9,3676.4,3622.0,3640.7,3640.7,7,31.96,4500
2012-08-16,2012-08-30,FUTSTK,TTML,0.0,FUT,12.4,12.45,12.25,12.3,12.3,21,36.28,23548000
2012-08-16,2012-09-27,FUTSTK,TTML,0.0,FUT,12.5,12.5,12.5,12.5,12.4,1,1.75,210000
2012-08-16,2012-08-30,FUTSTK,TVSMOTOR,0.0,FUT,40.0,40.1,39.5,39.95,39.95,100,318.63,4024000
2012-08-16,2012-09-27,FUTSTK,TVSMOTOR,0.0,FUT,40.05,40.15,39.8,40.15,40.15,9,28.81,128000
2012-08-16,2012-08-30,FUTSTK,UCOBANK,0.0,FUT,69.65,70.75,69.4,69.85,69.85,730,2045.85,10268000
2012-08-16,2012-09-27,FUTSTK,UCOBANK,0.0,FUT,70.6,71.0,70.4,70.45,70.45,9,25.45,320000
2012-08-16,2012-10-25,FUTSTK,UCOBANK,0.0,FUT,0.0,0.0,0.0,69.95,70.65,0,0.0,0
2012-08-16,2012-08-30,FUTSTK,ULTRACEMCO,0.0,FUT,1708.0,1716.5,1702.3,1712.2,1712.2,330,1411.68,815000
2012-08-16,2012-09-27,FUTSTK,ULTRACEMCO,0.0,FUT,1707.0,1721.25,1696.95,1703.95,1703.95,31,132.42,23000
2012-08-16,2012-10-25,FUTSTK,ULTRACEMCO,0.0,FUT,0.0,0.0,0.0,1652.85,1751.2,0,0.0,0
2012-08-16,2012-08-30,FUTSTK,UNIONBANK,0.0,FUT,167.05,169.2,166.5,166.95,166.95,921,1548.97,4072000
2012-08-16,2012-09-27,FUTSTK,UNIONBANK,0.0,FUT,168.0,169.55,167.2,167.85,167.85,32,53.89,136000
2012-08-16,2012-10-25,FUTSTK,UNIONBANK,0.0,FUT,0.0,0.0,0.0,168.0,168.8,0,0.0,2000
2012-08-16,2012-08-30,FUTSTK,UNIPHOS,0.0,FUT,120.85,121.1,117.05,117.25,117.25,337,797.86,3522000
2012-08-16,2012-09-27,FUTSTK,UNIPHOS,0.0,FUT,121.4,121.4,118.0,118.05,118.05,43,102.59,122000
2012-08-16,2012-10-25,FUTSTK,UNIPHOS,0.0,FUT,0.0,0.0,0.0,122.8,118.6,0,0.0,0
2012-08-16,2012-08-30,FUTSTK,UNITECH,0.0,FUT,21.15,21.65,21.15,21.4,21.4,1029,1768.72,52904000
2012-08-16,2012-09-27,FUTSTK,UNITECH,0.0,FUT,21.4,21.75,21.4,21.55,21.55,83,143.43,3112000
2012-08-16,2012-10-25,FUTSTK,UNITECH,0.0,FUT,0.0,0.0,0.0,21.6,21.7,0,0.0,48000
2012-08-16,2012-08-30,FUTSTK,VIDEOIND,0.0,FUT,175.35,175.5,172.7,173.25,173.25,187,650.07,6796000
2012-08-16,2012-09-27,FUTSTK,VIDEOIND,0.0,FUT,0.0,0.0,0.0,171.6,173.75,0,0.0,14000
2012-08-16,2012-08-30,FUTSTK,VIJAYABANK,0.0,FUT,53.2,53.45,52.7,52.85,52.85,528,1120.97,6088000
2012-08-16,2012-09-27,FUTSTK,VIJAYABANK,0.0,FUT,53.55,53.55,53.25,53.3,53.3,11,23.49,268000
2012-08-16,2012-10-25,FUTSTK,VIJAYABANK,0.0,FUT,0.0,0.0,0.0,55.0,53.45,0,0.0,4000
2012-08-16,2012-08-30,FUTSTK,VIPIND,0.0,FUT,79.65,80.5,77.7,79.8,79.8,501,793.15,2544000
2012-08-16,2012-09-27,FUTSTK,VIPIND,0.0,FUT,79.55,79.85,78.1,79.35,79.35,13,20.54,80000
2012-08-16,2012-08-30,FUTSTK,VOLTAS,0.0,FUT,112.8,113.8,111.55,112.1,112.1,783,1767.77,1820000
2012-08-16,2012-09-27,FUTSTK,VOLTAS,0.0,FUT,113.9,114.5,112.6,112.7,112.7,17,38.64,50000
2012-08-16,2012-10-25,FUTSTK,VOLTAS,0.0,FUT,0.0,0.0,0.0,103.35,113.7,0,0.0,0
2012-08-16,2012-08-30,FUTSTK,WELCORP,0.0,FUT,100.2,102.85,99.55,102.05,102.05,340,691.12,20212000
2012-08-16,2012-09-27,FUTSTK,WELCORP,0.0,FUT,101.75,101.75,101.75,101.75,103.1,1,2.03,74000
2012-08-16,2012-10-25,FUTSTK,WELCORP,0.0,FUT,0.0,0.0,0.0,102.0,103.8,0,0.0,2000
2012-08-16,2012-08-30,FUTSTK,WIPRO,0.0,FUT,355.35,355.65,348.7,351.2,351.2,1429,2508.6,3962500
2012-08-16,2012-09-27,FUTSTK,WIPRO,0.0,FUT,355.7,355.9,351.45,353.85,353.85,123,217.46,145000
2012-08-16,2012-10-25,FUTSTK,WIPRO,0.0,FUT,359.1,359.1,354.05,356.35,356.35,51,90.82,54000
2012-08-16,2012-08-30,FUTSTK,YESBANK,0.0,FUT,369.0,370.0,360.4,361.95,361.95,2920,10677.63,8004000
2012-08-16,2012-09-27,FUTSTK,YESBANK,0.0,FUT,371.0,371.0,362.3,363.6,363.6,74,271.24,175000
2012-08-16,2012-10-25,FUTSTK,YESBANK,0.0,FUT,0.0,0.0,0.0,353.7,366.3,0,0.0,0
2012-08-16,2012-08-30,FUTSTK,ZEEL,0.0,FUT,174.8,176.25,172.55,173.25,173.25,994,3472.53,3722000
2012-08-16,2012-09-27,FUTSTK,ZEEL,0.0,FUT,174.0,177.0,174.0,174.55,174.55,30,105.07,68000
2012-08-16,2012-10-25,FUTSTK,ZEEL,0.0,FUT,0.0,0.0,0.0,163.6,175.25,0,0.0,0
2012-08-16,2012-08-30,OPTIDX,BANKNIFTY,7700.0,CE,0.0,0.0,0.0,1783.5,2752.5,0,0.0,0
2012-08-16,2012-08-30,OPTIDX,BANKNIFTY,7800.0,CE,0.0,0.0,0.0,1863.65,2652.85,0,0.0,0
2012-08-16,2012-08-30,OPTIDX,BANKNIFTY,7900.0,CE,0.0,0.0,0.0,1774.05,2553.2,0,0.0,0
2012-08-16,2012-08-30,OPTIDX,BANKNIFTY,8000.0,CE,0.0,0.0,0.0,1685.85,2453.5,0,0.0,0
2012-08-16,2012-08-30,OPTIDX,BANKNIFTY,8100.0,CE,0.0,0.0,0.0,1599.2,2353.85,0,0.0,0
2012-08-16,2012-08-30,OPTIDX,BANKNIFTY,8200.0,CE,0.0,0.0,0.0,1514.2,2254.2,0,0.0,0
2012-08-16,2012-08-30,OPTIDX,BANKNIFTY,8300.0,CE,0.0,0.0,0.0,1431.1,2154.5,0,0.0,0
2012-08-16,2012-08-30,OPTIDX,BANKNIFTY,8400.0,CE,0.0,0.0,0.0,1349.95,2054.85,0,0.0,0
2012-08-16,2012-08-30,OPTIDX,BANKNIFTY,8500.0,CE,0.0,0.0,0.0,1270.9,1955.2,0,0.0,0
2012-08-16,2012-08-30,OPTIDX,BANKNIFTY,8600.0,CE,0.0,0.0,0.0,1194.15,1855.5,0,0.0,0
2012-08-16,2012-08-30,OPTIDX,BANKNIFTY,8700.0,CE,0.0,0.0,0.0,1119.75,1755.85,0,0.0,0
2012-08-16,2012-08-30,OPTIDX,BANKNIFTY,8800.0,CE,0.0,0.0,0.0,1048.15,1656.2,0,0.0,0
2012-08-16,2012-08-30,OPTIDX,BANKNIFTY,8900.0,CE,0.0,0.0,0.0,978.35,1556.55,0,0.0,0
2012-08-16,2012-08-30,OPTIDX,BANKNIFTY,9000.0,CE,0.0,0.0,0.0,1475.0,1456.85,0,0.0,2975
2012-08-16,2012-08-30,OPTIDX,BANKNIFTY,9100.0,CE,0.0,0.0,0.0,1080.0,1357.25,0,0.0,25
2012-08-16,2012-08-30,OPTIDX,BANKNIFTY,9200.0,CE,0.0,0.0,0.0,786.95,1257.65,0,0.0,0
2012-08-16,2012-08-30,OPTIDX,BANKNIFTY,9300.0,CE,0.0,0.0,0.0,1028.05,1158.1,0,0.0,275
2012-08-16,2012-08-30,OPTIDX,BANKNIFTY,9400.0,CE,0.0,0.0,0.0,673.5,1058.8,0,0.0,0
2012-08-16,2012-08-30,OPTIDX,BANKNIFTY,9500.0,CE,1020.0,1020.0,1020.0,1020.0,1020.0,1,2.63,975
2012-08-16,2012-08-30,OPTIDX,BANKNIFTY,9600.0,CE,0.0,0.0,0.0,571.5,861.7,0,0.0,0
2012-08-16,2012-08-30,OPTIDX,BANKNIFTY,9700.0,CE,0.0,0.0,0.0,680.0,764.7,0,0.0,650
2012-08-16,2012-08-30,OPTIDX,BANKNIFTY,9800.0,CE,0.0,0.0,0.0,800.0,669.65,0,0.0,100
2012-08-16,2012-08-30,OPTIDX,BANKNIFTY,9900.0,CE,0.0,0.0,0.0,577.15,577.55,0,0.0,375
2012-08-16,2012-08-30,OPTIDX,BANKNIFTY,10000.0,CE,579.35,580.0,480.0,488.8,488.8,74,194.97,21925
2012-08-16,2012-08-30,OPTIDX,BANKNIFTY,10100.0,CE,490.0,490.0,403.45,406.05,406.05,16,42.19,2025
2012-08-16,2012-08-30,OPTIDX,BANKNIFTY,10200.0,CE,396.3,409.1,318.0,322.75,322.75,99,261.44,42675
2012-08-16,2012-08-30,OPTIDX,BANKNIFTY,10300.0,CE,335.8,335.8,235.75,255.7,255.7,704,1863.18,146450
2012-08-16,2012-08-30,OPTIDX,BANKNIFTY,10400.0,CE,261.05,266.15,174.5,182.3,182.3,1416,3755.18,102475
2012-08-16,2012-08-30,OPTIDX,BANKNIFTY,10500.0,CE,196.0,226.5,124.0,131.5,131.5,3454,9201.35,282125
2012-08-16,2012-08-30,OPTIDX,BANKNIFTY,10600.0,CE,141.0,145.0,79.8,85.6,85.6,4464,11953.99,115750
2012-08-16,2012-08-30,OPTIDX,BANKNIFTY,10700.0,CE,107.85,108.0,51.1,55.45,55.45,4880,13145.5,89000
2012-08-16,2012-08-30,OPTIDX,BANKNIFTY,10800.0,CE,63.0,63.0,29.7,33.65,33.65,1467,3977.2,155675
2012-08-16,2012-08-30,OPTIDX,BANKNIFTY,10900.0,CE,40.15,40.15,18.2,19.45,19.45,739,2018.48,138275
2012-08-16,2012-08-30,OPTIDX,BANKNIFTY,11000.0,CE,26.5,28.95,5.25,10.55,10.55,2766,7617.03,151175
2012-08-16,2012-08-30,OPTIDX,BANKNIFTY,11100.0,CE,10.4,11.0,4.7,5.4,5.4,190,527.61,19950
2012-08-16,2012-08-30,OPTIDX,BANKNIFTY,11200.0,CE,7.0,7.0,4.05,4.25,4.25,90,252.13,45075
2012-08-16,2012-08-30,OPTIDX,BANKNIFTY,11300.0,CE,4.0,4.0,2.55,2.55,2.55,52,146.94,46625
2012-08-16,2012-08-30,OPTIDX,BANKNIFTY,11400.0,CE,1.2,2.0,1.2,1.5,1.5,67,190.97,9000
2012-08-16,2012-08-30,OPTIDX,BANKNIFTY,11500.0,CE,1.0,1.0,1.0,1.0,1.0,10,28.75,17500
2012-08-16,2012-08-30,OPTIDX,BANKNIFTY,11600.0,CE,0.0,0.0,0.0,1.5,0.95,0,0.0,275
2012-08-16,2012-08-30,OPTIDX,BANKNIFTY,11700.0,CE,0.0,0.0,0.0,150.35,0.5,0,0.0,0
2012-08-16,2012-08-30,OPTIDX,BANKNIFTY,11800.0,CE,0.0,0.0,0.0,141.4,0.25,0,0.0,0
2012-08-16,2012-08-30,OPTIDX,BANKNIFTY,11900.0,CE,0.0,0.0,0.0,125.8,0.15,0,0.0,0
2012-08-16,2012-08-30,OPTIDX,BANKNIFTY,12000.0,CE,0.0,0.0,0.0,112.05,0.05,0,0.0,0
2012-08-16,2012-08-30,OPTIDX,BANKNIFTY,12100.0,CE,0.0,0.0,0.0,98.8,0.05,0,0.0,0
2012-08-16,2012-08-30,OPTIDX,BANKNIFTY,12200.0,CE,0.0,0.0,0.0,92.15,0.05,0,0.0,0
2012-08-16,2012-08-30,OPTIDX,BANKNIFTY,12300.0,CE,0.0,0.0,0.0,66.35,0.0,0,0.0,0
2012-08-16,2012-08-30,OPTIDX,BANKNIFTY,12400.0,CE,0.0,0.0,0.0,58.45,0.0,0,0.0,0
2012-08-16,2012-08-30,OPTIDX,BANKNIFTY,7700.0,PE,0.0,0.0,0.0,37.9,0.0,0,0.0,0
2012-08-16,2012-08-30,OPTIDX,BANKNIFTY,7800.0,PE,0.0,0.0,0.0,34.75,0.0,0,0.0,0
2012-08-16,2012-08-30,OPTIDX,BANKNIFTY,7900.0,PE,0.0,0.0,0.0,42.75,0.0,0,0.0,0
2012-08-16,2012-08-30,OPTIDX,BANKNIFTY,8000.0,PE,0.0,0.0,0.0,52.15,0.0,0,0.0,0
2012-08-16,2012-08-30,OPTIDX,BANKNIFTY,8100.0,PE,0.0,0.0,0.0,63.1,0.0,0,0.0,0
2012-08-16,2012-08-30,OPTIDX,BANKNIFTY,8200.0,PE,0.0,0.0,0.0,75.7,0.0,0,0.0,0
2012-08-16,2012-08-30,OPTIDX,BANKNIFTY,8300.0,PE,0.0,0.0,0.0,90.15,0.0,0,0.0,0
2012-08-16,2012-08-30,OPTIDX,BANKNIFTY,8400.0,PE,0.0,0.0,0.0,106.6,0.0,0,0.0,0
2012-08-16,2012-08-30,OPTIDX,BANKNIFTY,8500.0,PE,0.0,0.0,0.0,3.7,0.0,0,0.0,50
2012-08-16,2012-08-30,OPTIDX,BANKNIFTY,8600.0,PE,0.0,0.0,0.0,3.9,0.0,0,0.0,25
2012-08-16,2012-08-30,OPTIDX,BANKNIFTY,8700.0,PE,0.0,0.0,0.0,169.2,0.0,0,0.0,0
2012-08-16,2012-08-30,OPTIDX,BANKNIFTY,8800.0,PE,0.0,0.0,0.0,195.15,0.0,0,0.0,0
2012-08-16,2012-08-30,OPTIDX,BANKNIFTY,8900.0,PE,0.0,0.0,0.0,2.8,0.0,0,0.0,50
2012-08-16,2012-08-30,OPTIDX,BANKNIFTY,9000.0,PE,2.05,2.05,2.05,2.05,2.05,5,11.25,39375
2012-08-16,2012-08-30,OPTIDX,BANKNIFTY,9100.0,PE,0.0,0.0,0.0,2.0,0.05,0,0.0,1150
2012-08-16,2012-08-30,OPTIDX,BANKNIFTY,9200.0,PE,3.5,3.5,1.5,1.5,1.5,55,126.52,8975
2012-08-16,2012-08-30,OPTIDX,BANKNIFTY,9300.0,PE,2.15,2.15,1.5,1.65,1.65,70,162.78,6700
2012-08-16,2012-08-30,OPTIDX,BANKNIFTY,9400.0,PE,2.0,2.1,2.0,2.1,2.1,41,96.37,14375
2012-08-16,2012-08-30,OPTIDX,BANKNIFTY,9500.0,PE,2.6,3.5,2.6,3.2,3.2,376,893.27,67325
2012-08-16,2012-08-30,OPTIDX,BANKNIFTY,9600.0,PE,3.6,5.0,3.6,4.0,4.0,62,148.86,22400
2012-08-16,2012-08-30,OPTIDX,BANKNIFTY,9700.0,PE,5.2,7.0,4.8,6.5,6.5,279,677.03,24175
2012-08-16,2012-08-30,OPTIDX,BANKNIFTY,9800.0,PE,8.75,10.95,7.6,10.2,10.2,344,843.64,33200
2012-08-16,2012-08-30,OPTIDX,BANKNIFTY,9900.0,PE,12.3,16.5,11.0,15.55,15.55,803,1990.2,46875
2012-08-16,2012-08-30,OPTIDX,BANKNIFTY,10000.0,PE,20.25,24.6,15.5,23.1,23.1,3560,8917.55,168250
2012-08-16,2012-08-30,OPTIDX,BANKNIFTY,10100.0,PE,36.15,38.95,26.0,35.75,35.75,649,1643.83,44900
2012-08-16,2012-08-30,OPTIDX,BANKNIFTY,10200.0,PE,45.0,56.45,38.0,54.2,54.2,2060,5278.01,136600
2012-08-16,2012-08-30,OPTIDX,BANKNIFTY,10300.0,PE,61.0,84.0,55.45,77.35,77.35,2527,6550.55,146825
2012-08-16,2012-08-30,OPTIDX,BANKNIFTY,10400.0,PE,60.55,119.0,60.55,112.6,112.6,3381,8872.3,143300
2012-08-16,2012-08-30,OPTIDX,BANKNIFTY,10500.0,PE,96.15,162.75,96.15,153.5,153.5,3761,9997.12,109000
2012-08-16,2012-08-30,OPTIDX,BANKNIFTY,10600.0,PE,150.35,215.95,148.0,209.05,209.05,1465,3948.6,88525
2012-08-16,2012-08-30,OPTIDX,BANKNIFTY,10700.0,PE,211.0,287.45,204.1,277.8,277.8,498,1363.01,37625
2012-08-16,2012-08-30,OPTIDX,BANKNIFTY,10800.0,PE,275.5,334.95,275.5,334.95,334.95,218,604.48,13250
2012-08-16,2012-08-30,OPTIDX,BANKNIFTY,10900.0,PE,0.0,0.0,0.0,1357.45,473.95,0,0.0,0
2012-08-16,2012-08-30,OPTIDX,BANKNIFTY,11000.0,PE,538.0,538.0,538.0,538.0,538.0,1,2.88,375
2012-08-16,2012-08-30,OPTIDX,BANKNIFTY,11100.0,PE,0.0,0.0,0.0,1502.75,651.3,0,0.0,0
2012-08-16,2012-08-30,OPTIDX,BANKNIFTY,11200.0,PE,0.0,0.0,0.0,1392.2,745.0,0,0.0,0
2012-08-16,2012-08-30,OPTIDX,BANKNIFTY,11300.0,PE,0.0,0.0,0.0,1471.9,840.9,0,0.0,0
2012-08-16,2012-08-30,OPTIDX,BANKNIFTY,11400.0,PE,0.0,0.0,0.0,1401.55,938.25,0,0.0,0
2012-08-16,2012-08-30,OPTIDX,BANKNIFTY,11500.0,PE,0.0,0.0,0.0,1480.4,1036.5,0,0.0,0
2012-08-16,2012-08-30,OPTIDX,BANKNIFTY,11600.0,PE,0.0,0.0,0.0,1560.8,1135.4,0,0.0,0
2012-08-16,2012-08-30,OPTIDX,BANKNIFTY,11700.0,PE,0.0,0.0,0.0,1469.05,1234.65,0,0.0,0
2012-08-16,2012-08-30,OPTIDX,BANKNIFTY,11800.0,PE,0.0,0.0,0.0,1419.6,1334.05,0,0.0,0
2012-08-16,2012-08-30,OPTIDX,BANKNIFTY,11900.0,PE,0.0,0.0,0.0,1502.45,1433.6,0,0.0,0
2012-08-16,2012-08-30,OPTIDX,BANKNIFTY,12000.0,PE,0.0,0.0,0.0,1518.7,1533.2,0,0.0,0
2012-08-16,2012-08-30,OPTIDX,BANKNIFTY,12100.0,PE,0.0,0.0,0.0,1537.55,1632.85,0,0.0,0
2012-08-16,2012-08-30,OPTIDX,BANKNIFTY,12200.0,PE,0.0,0.0,0.0,1474.8,1732.5,0,0.0,0
2012-08-16,2012-08-30,OPTIDX,BANKNIFTY,12300.0,PE,0.0,0.0,0.0,1544.25,1832.15,0,0.0,0
2012-08-16,2012-08-30,OPTIDX,BANKNIFTY,12400.0,PE,0.0,0.0,0.0,1545.95,1931.8,0,0.0,0
2012-08-16,2012-09-27,OPTIDX,BANKNIFTY,8400.0,CE,0.0,0.0,0.0,1848.6,2113.75,0,0.0,0
2012-08-16,2012-09-27,OPTIDX,BANKNIFTY,8500.0,CE,0.0,0.0,0.0,1760.9,2014.9,0,0.0,0
2012-08-16,2012-09-27,OPTIDX,BANKNIFTY,8600.0,CE,0.0,0.0,0.0,1674.7,1916.1,0,0.0,0
2012-08-16,2012-09-27,OPTIDX,BANKNIFTY,8700.0,CE,0.0,0.0,0.0,1590.1,1817.5,0,0.0,0
2012-08-16,2012-09-27,OPTIDX,BANKNIFTY,8800.0,CE,0.0,0.0,0.0,1507.3,1719.05,0,0.0,0
2012-08-16,2012-09-27,OPTIDX,BANKNIFTY,8900.0,CE,0.0,0.0,0.0,1426.4,1620.9,0,0.0,0
2012-08-16,2012-09-27,OPTIDX,BANKNIFTY,9000.0,CE,0.0,0.0,0.0,1347.5,1523.15,0,0.0,0
2012-08-16,2012-09-27,OPTIDX,BANKNIFTY,9100.0,CE,0.0,0.0,0.0,1270.7,1426.0,0,0.0,0
2012-08-16,2012-09-27,OPTIDX,BANKNIFTY,9200.0,CE,0.0,0.0,0.0,1196.2,1329.7,0,0.0,0
2012-08-16,2012-09-27,OPTIDX,BANKNIFTY,9300.0,CE,0.0,0.0,0.0,1124.3,1234.45,0,0.0,0
2012-08-16,2012-09-27,OPTIDX,BANKNIFTY,9400.0,CE,0.0,0.0,0.0,1054.45,1140.55,0,0.0,0
2012-08-16,2012-09-27,OPTIDX,BANKNIFTY,9500.0,CE,0.0,0.0,0.0,986.85,1048.45,0,0.0,0
2012-08-16,2012-09-27,OPTIDX,BANKNIFTY,9600.0,CE,0.0,0.0,0.0,922.2,958.5,0,0.0,0
2012-08-16,2012-09-27,OPTIDX,BANKNIFTY,9700.0,CE,0.0,0.0,0.0,860.25,871.1,0,0.0,0
2012-08-16,2012-09-27,OPTIDX,BANKNIFTY,9800.0,CE,0.0,0.0,0.0,800.9,786.75,0,0.0,0
2012-08-16,2012-09-27,OPTIDX,BANKNIFTY,9900.0,CE,0.0,0.0,0.0,625.0,705.85,0,0.0,25
2012-08-16,2012-09-27,OPTIDX,BANKNIFTY,10000.0,CE,0.0,0.0,0.0,645.0,628.9,0,0.0,575
2012-08-16,2012-09-27,OPTIDX,BANKNIFTY,10100.0,CE,0.0,0.0,0.0,639.2,556.15,0,0.0,0
2012-08-16,2012-09-27,OPTIDX,BANKNIFTY,10200.0,CE,0.0,0.0,0.0,524.5,488.25,0,0.0,16200
2012-08-16,2012-09-27,OPTIDX,BANKNIFTY,10300.0,CE,0.0,0.0,0.0,368.0,425.3,0,0.0,75
2012-08-16,2012-09-27,OPTIDX,BANKNIFTY,10400.0,CE,0.0,0.0,0.0,370.0,367.45,0,0.0,750
2012-08-16,2012-09-27,OPTIDX,BANKNIFTY,10500.0,CE,310.25,336.95,280.0,286.3,286.3,144,389.45,42925
2012-08-16,2012-09-27,OPTIDX,BANKNIFTY,10600.0,CE,275.0,275.0,221.8,221.8,221.8,3,8.12,625
2012-08-16,2012-09-27,OPTIDX,BANKNIFTY,10700.0,CE,225.0,230.0,225.0,230.0,230.0,4,10.92,2550
2012-08-16,2012-09-27,OPTIDX,BANKNIFTY,10800.0,CE,0.0,0.0,0.0,147.0,188.2,0,0.0,325
2012-08-16,2012-09-27,OPTIDX,BANKNIFTY,10900.0,CE,150.0,152.0,129.75,129.75,129.75,9,24.84,2375
2012-08-16,2012-09-27,OPTIDX,BANKNIFTY,11000.0,CE,122.5,122.5,90.0,91.45,91.45,302,838.41,31700
2012-08-16,2012-09-27,OPTIDX,BANKNIFTY,11100.0,CE,0.0,0.0,0.0,121.05,104.05,0,0.0,25
2012-08-16,2012-09-27,OPTIDX,BANKNIFTY,11200.0,CE,0.0,0.0,0.0,243.0,83.9,0,0.0,0
2012-08-16,2012-09-27,OPTIDX,BANKNIFTY,11300.0,CE,0.0,0.0,0.0,220.3,67.05,0,0.0,0
2012-08-16,2012-09-27,OPTIDX,BANKNIFTY,11400.0,CE,0.0,0.0,0.0,20.0,53.1,0,0.0,0
2012-08-16,2012-09-27,OPTIDX,BANKNIFTY,11500.0,CE,0.0,0.0,0.0,179.65,41.65,0,0.0,0
2012-08-16,2012-09-27,OPTIDX,BANKNIFTY,11600.0,CE,0.0,0.0,0.0,162.0,32.4,0,0.0,0
2012-08-16,2012-09-27,OPTIDX,BANKNIFTY,11700.0,CE,0.0,0.0,0.0,43.0,25.0,0,0.0,50
2012-08-16,2012-09-27,OPTIDX,BANKNIFTY,11800.0,CE,0.0,0.0,0.0,244.35,19.1,0,0.0,0
2012-08-16,2012-09-27,OPTIDX,BANKNIFTY,11900.0,CE,0.0,0.0,0.0,223.45,14.45,0,0.0,0
2012-08-16,2012-09-27,OPTIDX,BANKNIFTY,12000.0,CE,0.0,0.0,0.0,205.3,10.85,0,0.0,0
2012-08-16,2012-09-27,OPTIDX,BANKNIFTY,12100.0,CE,0.0,0.0,0.0,187.35,8.1,0,0.0,0
2012-08-16,2012-09-27,OPTIDX,BANKNIFTY,12200.0,CE,0.0,0.0,0.0,179.15,6.0,0,0.0,0
2012-08-16,2012-09-27,OPTIDX,BANKNIFTY,12300.0,CE,0.0,0.0,0.0,142.95,4.4,0,0.0,0
2012-08-16,2012-09-27,OPTIDX,BANKNIFTY,12400.0,CE,0.0,0.0,0.0,132.2,3.2,0,0.0,0
2012-08-16,2012-09-27,OPTIDX,BANKNIFTY,8400.0,PE,0.0,0.0,0.0,49.35,0.15,0,0.0,0
2012-08-16,2012-09-27,OPTIDX,BANKNIFTY,8500.0,PE,0.0,0.0,0.0,59.3,0.25,0,0.0,0
2012-08-16,2012-09-27,OPTIDX,BANKNIFTY,8600.0,PE,0.0,0.0,0.0,70.8,0.45,0,0.0,0
2012-08-16,2012-09-27,OPTIDX,BANKNIFTY,8700.0,PE,0.0,0.0,0.0,83.9,0.8,0,0.0,0
2012-08-16,2012-09-27,OPTIDX,BANKNIFTY,8800.0,PE,0.0,0.0,0.0,98.75,1.3,0,0.0,0
2012-08-16,2012-09-27,OPTIDX,BANKNIFTY,8900.0,PE,5.95,12.0,5.95,12.0,12.0,3,6.68,14000
2012-08-16,2012-09-27,OPTIDX,BANKNIFTY,9000.0,PE,8.0,8.0,8.0,8.0,8.0,40,90.08,2000
2012-08-16,2012-09-27,OPTIDX,BANKNIFTY,9100.0,PE,0.0,0.0,0.0,155.2,5.2,0,0.0,0
2012-08-16,2012-09-27,OPTIDX,BANKNIFTY,9200.0,PE,0.0,0.0,0.0,3.5,7.85,0,0.0,0
2012-08-16,2012-09-27,OPTIDX,BANKNIFTY,9300.0,PE,0.0,0.0,0.0,204.15,11.55,0,0.0,0
2012-08-16,2012-09-27,OPTIDX,BANKNIFTY,9400.0,PE,0.0,0.0,0.0,231.95,16.65,0,0.0,0
2012-08-16,2012-09-27,OPTIDX,BANKNIFTY,9500.0,PE,25.0,31.25,25.0,31.25,31.25,30,71.45,4225
2012-08-16,2012-09-27,OPTIDX,BANKNIFTY,9600.0,PE,0.0,0.0,0.0,295.05,32.5,0,0.0,0
2012-08-16,2012-09-27,OPTIDX,BANKNIFTY,9700.0,PE,0.0,0.0,0.0,74.95,44.05,0,0.0,550
2012-08-16,2012-09-27,OPTIDX,BANKNIFTY,9800.0,PE,0.0,0.0,0.0,89.45,58.7,0,0.0,50
2012-08-16,2012-09-27,OPTIDX,BANKNIFTY,9900.0,PE,80.0,80.0,80.0,80.0,80.0,1,2.49,50
2012-08-16,2012-09-27,OPTIDX,BANKNIFTY,10000.0,PE,87.0,102.05,81.2,99.05,99.05,84,211.79,15500
2012-08-16,2012-09-27,OPTIDX,BANKNIFTY,10100.0,PE,0.0,0.0,0.0,167.9,125.0,0,0.0,2125
2012-08-16,2012-09-27,OPTIDX,BANKNIFTY,10200.0,PE,0.0,0.0,0.0,200.0,156.05,0,0.0,16500
2012-08-16,2012-09-27,OPTIDX,BANKNIFTY,10300.0,PE,170.0,185.0,162.0,185.0,185.0,18,47.11,1225
2012-08-16,2012-09-27,OPTIDX,BANKNIFTY,10400.0,PE,200.0,200.0,200.0,200.0,200.0,2,5.3,75
2012-08-16,2012-09-27,OPTIDX,BANKNIFTY,10500.0,PE,211.0,264.65,211.0,258.25,258.25,44,118.14,15950
2012-08-16,2012-09-27,OPTIDX,BANKNIFTY,10600.0,PE,0.0,0.0,0.0,280.0,331.2,0,0.0,1225
2012-08-16,2012-09-27,OPTIDX,BANKNIFTY,10700.0,PE,0.0,0.0,0.0,375.75,388.0,0,0.0,125
2012-08-16,2012-09-27,OPTIDX,BANKNIFTY,10800.0,PE,0.0,0.0,0.0,898.75,449.8,0,0.0,0
2012-08-16,2012-09-27,OPTIDX,BANKNIFTY,10900.0,PE,0.0,0.0,0.0,965.4,516.35,0,0.0,0
2012-08-16,2012-09-27,OPTIDX,BANKNIFTY,11000.0,PE,0.0,0.0,0.0,1034.25,587.35,0,0.0,0
2012-08-16,2012-09-27,OPTIDX,BANKNIFTY,11100.0,PE,0.0,0.0,0.0,1105.2,662.55,0,0.0,0
2012-08-16,2012-09-27,OPTIDX,BANKNIFTY,11200.0,PE,0.0,0.0,0.0,1178.65,741.35,0,0.0,0
2012-08-16,2012-09-27,OPTIDX,BANKNIFTY,11300.0,PE,0.0,0.0,0.0,1253.6,823.45,0,0.0,0
2012-08-16,2012-09-27,OPTIDX,BANKNIFTY,11400.0,PE,0.0,0.0,0.0,1329.95,908.5,0,0.0,0
2012-08-16,2012-09-27,OPTIDX,BANKNIFTY,11500.0,PE,0.0,0.0,0.0,1408.3,996.05,0,0.0,0
2012-08-16,2012-09-27,OPTIDX,BANKNIFTY,11600.0,PE,0.0,0.0,0.0,1488.3,1085.75,0,0.0,0
2012-08-16,2012-09-27,OPTIDX,BANKNIFTY,11700.0,PE,0.0,0.0,0.0,1363.3,1177.3,0,0.0,0
2012-08-16,2012-09-27,OPTIDX,BANKNIFTY,11800.0,PE,0.0,0.0,0.0,1439.0,1270.35,0,0.0,0
2012-08-16,2012-09-27,OPTIDX,BANKNIFTY,11900.0,PE,0.0,0.0,0.0,1515.85,1364.7,0,0.0,0
2012-08-16,2012-09-27,OPTIDX,BANKNIFTY,12000.0,PE,0.0,0.0,0.0,1526.95,1460.05,0,0.0,0
2012-08-16,2012-09-27,OPTIDX,BANKNIFTY,12100.0,PE,0.0,0.0,0.0,1540.2,1556.25,0,0.0,0
2012-08-16,2012-09-27,OPTIDX,BANKNIFTY,12200.0,PE,0.0,0.0,0.0,1475.1,1653.1,0,0.0,0
2012-08-16,2012-09-27,OPTIDX,BANKNIFTY,12300.0,PE,0.0,0.0,0.0,1533.7,1750.5,0,0.0,0
2012-08-16,2012-09-27,OPTIDX,BANKNIFTY,12400.0,PE,0.0,0.0,0.0,1532.25,1848.25,0,0.0,0
2012-08-16,2012-10-25,OPTIDX,BANKNIFTY,8500.0,CE,0.0,0.0,0.0,1799.0,2075.05,0,0.0,0
2012-08-16,2012-10-25,OPTIDX,BANKNIFTY,8600.0,CE,0.0,0.0,0.0,1707.3,1977.85,0,0.0,0
2012-08-16,2012-10-25,OPTIDX,BANKNIFTY,8700.0,CE,0.0,0.0,0.0,1616.9,1881.1,0,0.0,0
2012-08-16,2012-10-25,OPTIDX,BANKNIFTY,8800.0,CE,0.0,0.0,0.0,1527.95,1784.85,0,0.0,0
2012-08-16,2012-10-25,OPTIDX,BANKNIFTY,8900.0,CE,0.0,0.0,0.0,1440.6,1689.3,0,0.0,0
2012-08-16,2012-10-25,OPTIDX,BANKNIFTY,9000.0,CE,0.0,0.0,0.0,1355.05,1594.6,0,0.0,0
2012-08-16,2012-10-25,OPTIDX,BANKNIFTY,9100.0,CE,0.0,0.0,0.0,1271.55,1500.95,0,0.0,0
2012-08-16,2012-10-25,OPTIDX,BANKNIFTY,9200.0,CE,0.0,0.0,0.0,1190.2,1408.6,0,0.0,0
2012-08-16,2012-10-25,OPTIDX,BANKNIFTY,9300.0,CE,0.0,0.0,0.0,1111.2,1317.7,0,0.0,0
2012-08-16,2012-10-25,OPTIDX,BANKNIFTY,9400.0,CE,0.0,0.0,0.0,1034.75,1228.6,0,0.0,0
2012-08-16,2012-10-25,OPTIDX,BANKNIFTY,9500.0,CE,0.0,0.0,0.0,961.3,1141.55,0,0.0,0
2012-08-16,2012-10-25,OPTIDX,BANKNIFTY,9600.0,CE,0.0,0.0,0.0,890.25,1056.8,0,0.0,0
2012-08-16,2012-10-25,OPTIDX,BANKNIFTY,9700.0,CE,0.0,0.0,0.0,821.9,974.6,0,0.0,0
2012-08-16,2012-10-25,OPTIDX,BANKNIFTY,9800.0,CE,0.0,0.0,0.0,757.0,895.25,0,0.0,0
2012-08-16,2012-10-25,OPTIDX,BANKNIFTY,9900.0,CE,0.0,0.0,0.0,695.25,819.0,0,0.0,0
2012-08-16,2012-10-25,OPTIDX,BANKNIFTY,10000.0,CE,0.0,0.0,0.0,636.7,746.4,0,0.0,0
2012-08-16,2012-10-25,OPTIDX,BANKNIFTY,10100.0,CE,0.0,0.0,0.0,581.45,676.6,0,0.0,0
2012-08-16,2012-10-25,OPTIDX,BANKNIFTY,10200.0,CE,0.0,0.0,0.0,529.4,611.05,0,0.0,0
2012-08-16,2012-10-25,OPTIDX,BANKNIFTY,10300.0,CE,0.0,0.0,0.0,480.6,549.3,0,0.0,0
2012-08-16,2012-10-25,OPTIDX,BANKNIFTY,10400.0,CE,0.0,0.0,0.0,435.05,491.55,0,0.0,0
2012-08-16,2012-10-25,OPTIDX,BANKNIFTY,10500.0,CE,0.0,0.0,0.0,505.0,437.85,0,0.0,19125
2012-08-16,2012-10-25,OPTIDX,BANKNIFTY,10600.0,CE,0.0,0.0,0.0,353.35,388.1,0,0.0,0
2012-08-16,2012-10-25,OPTIDX,BANKNIFTY,10700.0,CE,0.0,0.0,0.0,317.05,342.4,0,0.0,0
2012-08-16,2012-10-25,OPTIDX,BANKNIFTY,10800.0,CE,0.0,0.0,0.0,283.65,300.6,0,0.0,0
2012-08-16,2012-10-25,OPTIDX,BANKNIFTY,10900.0,CE,0.0,0.0,0.0,253.05,262.65,0,0.0,0
2012-08-16,2012-10-25,OPTIDX,BANKNIFTY,11000.0,CE,0.0,0.0,0.0,225.1,228.4,0,0.0,0
2012-08-16,2012-10-25,OPTIDX,BANKNIFTY,11100.0,CE,0.0,0.0,0.0,200.15,197.65,0,0.0,0
2012-08-16,2012-10-25,OPTIDX,BANKNIFTY,11200.0,CE,0.0,0.0,0.0,177.2,170.2,0,0.0,0
2012-08-16,2012-10-25,OPTIDX,BANKNIFTY,11300.0,CE,0.0,0.0,0.0,156.0,146.4,0,0.0,0
2012-08-16,2012-10-25,OPTIDX,BANKNIFTY,11400.0,CE,0.0,0.0,0.0,137.2,124.55,0,0.0,0
2012-08-16,2012-10-25,OPTIDX,BANKNIFTY,11500.0,CE,0.0,0.0,0.0,120.4,105.75,0,0.0,0
2012-08-16,2012-10-25,OPTIDX,BANKNIFTY,11600.0,CE,0.0,0.0,0.0,105.3,89.35,0,0.0,0
2012-08-16,2012-10-25,OPTIDX,BANKNIFTY,11700.0,CE,0.0,0.0,0.0,91.9,75.15,0,0.0,0
2012-08-16,2012-10-25,OPTIDX,BANKNIFTY,11800.0,CE,0.0,0.0,0.0,155.35,62.85,0,0.0,0
2012-08-16,2012-10-25,OPTIDX,BANKNIFTY,11900.0,CE,0.0,0.0,0.0,138.0,52.35,0,0.0,0
2012-08-16,2012-10-25,OPTIDX,BANKNIFTY,12000.0,CE,0.0,0.0,0.0,122.35,43.4,0,0.0,0
2012-08-16,2012-10-25,OPTIDX,BANKNIFTY,12100.0,CE,0.0,0.0,0.0,73.65,35.85,0,0.0,0
2012-08-16,2012-10-25,OPTIDX,BANKNIFTY,12200.0,CE,0.0,0.0,0.0,78.45,29.45,0,0.0,0
2012-08-16,2012-10-25,OPTIDX,BANKNIFTY,8500.0,PE,0.0,0.0,0.0,22.25,2.35,0,0.0,0
2012-08-16,2012-10-25,OPTIDX,BANKNIFTY,8600.0,PE,0.0,0.0,0.0,28.3,3.45,0,0.0,0
2012-08-16,2012-10-25,OPTIDX,BANKNIFTY,8700.0,PE,0.0,0.0,0.0,35.6,4.95,0,0.0,0
2012-08-16,2012-10-25,OPTIDX,BANKNIFTY,8800.0,PE,13.0,13.0,13.0,13.0,13.0,20,44.06,500
2012-08-16,2012-10-25,OPTIDX,BANKNIFTY,8900.0,PE,10.0,16.9,10.0,16.9,16.9,60,133.68,1500
2012-08-16,2012-10-25,OPTIDX,BANKNIFTY,9000.0,PE,0.0,0.0,0.0,66.95,13.35,0,0.0,0
2012-08-16,2012-10-25,OPTIDX,BANKNIFTY,9100.0,PE,0.0,0.0,0.0,81.15,17.95,0,0.0,0
2012-08-16,2012-10-25,OPTIDX,BANKNIFTY,9200.0,PE,0.0,0.0,0.0,97.55,23.9,0,0.0,0
2012-08-16,2012-10-25,OPTIDX,BANKNIFTY,9300.0,PE,0.0,0.0,0.0,116.3,31.3,0,0.0,0
2012-08-16,2012-10-25,OPTIDX,BANKNIFTY,9400.0,PE,0.0,0.0,0.0,137.55,40.5,0,0.0,0
2012-08-16,2012-10-25,OPTIDX,BANKNIFTY,9500.0,PE,0.0,0.0,0.0,161.85,51.7,0,0.0,0
2012-08-16,2012-10-25,OPTIDX,BANKNIFTY,9600.0,PE,0.0,0.0,0.0,188.55,65.2,0,0.0,0
2012-08-16,2012-10-25,OPTIDX,BANKNIFTY,9700.0,PE,0.0,0.0,0.0,217.9,81.3,0,0.0,0
2012-08-16,2012-10-25,OPTIDX,BANKNIFTY,9800.0,PE,0.0,0.0,0.0,250.75,100.25,0,0.0,0
2012-08-16,2012-10-25,OPTIDX,BANKNIFTY,9900.0,PE,0.0,0.0,0.0,286.7,122.3,0,0.0,0
2012-08-16,2012-10-25,OPTIDX,BANKNIFTY,10000.0,PE,0.0,0.0,0.0,325.9,147.95,0,0.0,0
2012-08-16,2012-10-25,OPTIDX,BANKNIFTY,10100.0,PE,0.0,0.0,0.0,368.35,176.45,0,0.0,0
2012-08-16,2012-10-25,OPTIDX,BANKNIFTY,10200.0,PE,0.0,0.0,0.0,414.05,209.15,0,0.0,0
2012-08-16,2012-10-25,OPTIDX,BANKNIFTY,10300.0,PE,0.0,0.0,0.0,463.0,245.7,0,0.0,0
2012-08-16,2012-10-25,OPTIDX,BANKNIFTY,10400.0,PE,0.0,0.0,0.0,515.15,286.25,0,0.0,0
2012-08-16,2012-10-25,OPTIDX,BANKNIFTY,10500.0,PE,300.0,349.0,300.0,349.0,349.0,13,35.22,19500
2012-08-16,2012-10-25,OPTIDX,BANKNIFTY,10600.0,PE,0.0,0.0,0.0,628.95,379.35,0,0.0,0
2012-08-16,2012-10-25,OPTIDX,BANKNIFTY,10700.0,PE,0.0,0.0,0.0,690.35,431.95,0,0.0,0
2012-08-16,2012-10-25,OPTIDX,BANKNIFTY,10800.0,PE,0.0,0.0,0.0,754.7,488.45,0,0.0,0
2012-08-16,2012-10-25,OPTIDX,BANKNIFTY,10900.0,PE,0.0,0.0,0.0,821.85,548.8,0,0.0,0
2012-08-16,2012-10-25,OPTIDX,BANKNIFTY,11000.0,PE,0.0,0.0,0.0,891.6,612.8,0,0.0,0
2012-08-16,2012-10-25,OPTIDX,BANKNIFTY,11100.0,PE,0.0,0.0,0.0,964.35,680.3,0,0.0,0
2012-08-16,2012-10-25,OPTIDX,BANKNIFTY,11200.0,PE,0.0,0.0,0.0,1039.15,751.15,0,0.0,0
2012-08-16,2012-10-25,OPTIDX,BANKNIFTY,11300.0,PE,0.0,0.0,0.0,1115.65,825.65,0,0.0,0
2012-08-16,2012-10-25,OPTIDX,BANKNIFTY,11400.0,PE,0.0,0.0,0.0,1194.65,902.1,0,0.0,0
2012-08-16,2012-10-25,OPTIDX,BANKNIFTY,11500.0,PE,0.0,0.0,0.0,1275.5,981.55,0,0.0,0
2012-08-16,2012-10-25,OPTIDX,BANKNIFTY,11600.0,PE,0.0,0.0,0.0,1358.2,1063.45,0,0.0,0
2012-08-16,2012-10-25,OPTIDX,BANKNIFTY,11700.0,PE,0.0,0.0,0.0,1442.5,1147.5,0,0.0,0
2012-08-16,2012-10-25,OPTIDX,BANKNIFTY,11800.0,PE,0.0,0.0,0.0,1287.5,1233.55,0,0.0,0
2012-08-16,2012-10-25,OPTIDX,BANKNIFTY,11900.0,PE,0.0,0.0,0.0,1368.05,1321.3,0,0.0,0
2012-08-16,2012-10-25,OPTIDX,BANKNIFTY,12000.0,PE,0.0,0.0,0.0,1450.2,1410.65,0,0.0,0
2012-08-16,2012-10-25,OPTIDX,BANKNIFTY,12100.0,PE,0.0,0.0,0.0,1470.5,1501.35,0,0.0,0
2012-08-16,2012-10-25,OPTIDX,BANKNIFTY,12200.0,PE,0.0,0.0,0.0,1447.25,1593.2,0,0.0,0
2012-08-16,2012-08-30,OPTIDX,CNXINFRA,1500.0,CE,0.0,0.0,0.0,676.1,898.2,0,0.0,0
2012-08-16,2012-08-30,OPTIDX,CNXINFRA,1600.0,CE,0.0,0.0,0.0,625.5,798.5,0,0.0,0
2012-08-16,2012-08-30,OPTIDX,CNXINFRA,1700.0,CE,0.0,0.0,0.0,529.35,698.85,0,0.0,0
2012-08-16,2012-08-30,OPTIDX,CNXINFRA,1800.0,CE,0.0,0.0,0.0,435.7,599.2,0,0.0,0
2012-08-16,2012-08-30,OPTIDX,CNXINFRA,1900.0,CE,0.0,0.0,0.0,346.85,499.5,0,0.0,0
2012-08-16,2012-08-30,OPTIDX,CNXINFRA,2000.0,CE,0.0,0.0,0.0,265.8,399.85,0,0.0,0
2012-08-16,2012-08-30,OPTIDX,CNXINFRA,2100.0,CE,0.0,0.0,0.0,195.3,300.2,0,0.0,0
2012-08-16,2012-08-30,OPTIDX,CNXINFRA,2200.0,CE,0.0,0.0,0.0,137.35,201.1,0,0.0,0
2012-08-16,2012-08-30,OPTIDX,CNXINFRA,2300.0,CE,0.0,0.0,0.0,92.35,108.2,0,0.0,0
2012-08-16,2012-08-30,OPTIDX,CNXINFRA,2400.0,CE,0.0,0.0,0.0,59.4,39.85,0,0.0,0
2012-08-16,2012-08-30,OPTIDX,CNXINFRA,2500.0,CE,0.0,0.0,0.0,36.65,8.7,0,0.0,0
2012-08-16,2012-08-30,OPTIDX,CNXINFRA,2600.0,CE,0.0,0.0,0.0,21.7,1.05,0,0.0,0
2012-08-16,2012-08-30,OPTIDX,CNXINFRA,2700.0,CE,0.0,0.0,0.0,12.35,0.1,0,0.0,0
2012-08-16,2012-08-30,OPTIDX,CNXINFRA,2800.0,CE,0.0,0.0,0.0,6.8,0.0,0,0.0,0
2012-08-16,2012-08-30,OPTIDX,CNXINFRA,2900.0,CE,0.0,0.0,0.0,10.35,0.0,0,0.0,0
2012-08-16,2012-08-30,OPTIDX,CNXINFRA,3000.0,CE,0.0,0.0,0.0,5.05,0.0,0,0.0,0
2012-08-16,2012-08-30,OPTIDX,CNXINFRA,3100.0,CE,0.0,0.0,0.0,2.85,0.0,0,0.0,0
2012-08-16,2012-08-30,OPTIDX,CNXINFRA,1500.0,PE,0.0,0.0,0.0,0.25,0.0,0,0.0,0
2012-08-16,2012-08-30,OPTIDX,CNXINFRA,1600.0,PE,0.0,0.0,0.0,0.55,0.0,0,0.0,0
2012-08-16,2012-08-30,OPTIDX,CNXINFRA,1700.0,PE,0.0,0.0,0.0,1.95,0.0,0,0.0,0
2012-08-16,2012-08-30,OPTIDX,CNXINFRA,1800.0,PE,0.0,0.0,0.0,5.85,0.0,0,0.0,0
2012-08-16,2012-08-30,OPTIDX,CNXINFRA,1900.0,PE,0.0,0.0,0.0,14.65,0.0,0,0.0,0
2012-08-16,2012-08-30,OPTIDX,CNXINFRA,2000.0,PE,0.0,0.0,0.0,31.15,0.0,0,0.0,0
2012-08-16,2012-08-30,OPTIDX,CNXINFRA,2100.0,PE,0.0,0.0,0.0,58.25,0.05,0,0.0,0
2012-08-16,2012-08-30,OPTIDX,CNXINFRA,2200.0,PE,0.0,0.0,0.0,97.9,0.6,0,0.0,0
2012-08-16,2012-08-30,OPTIDX,CNXINFRA,2300.0,PE,0.0,0.0,0.0,150.5,7.35,0,0.0,0
2012-08-16,2012-08-30,OPTIDX,CNXINFRA,2400.0,PE,0.0,0.0,0.0,215.15,38.65,0,0.0,0
2012-08-16,2012-08-30,OPTIDX,CNXINFRA,2500.0,PE,0.0,0.0,0.0,290.0,107.2,0,0.0,0
2012-08-16,2012-08-30,OPTIDX,CNXINFRA,2600.0,PE,0.0,0.0,0.0,372.65,199.2,0,0.0,0
2012-08-16,2012-08-30,OPTIDX,CNXINFRA,2700.0,PE,0.0,0.0,0.0,460.9,297.9,0,0.0,0
2012-08-16,2012-08-30,OPTIDX,CNXINFRA,2800.0,PE,0.0,0.0,0.0,552.9,397.5,0,0.0,0
2012-08-16,2012-08-30,OPTIDX,CNXINFRA,2900.0,PE,0.0,0.0,0.0,593.8,497.2,0,0.0,0
2012-08-16,2012-08-30,OPTIDX,CNXINFRA,3000.0,PE,0.0,0.0,0.0,592.05,596.85,0,0.0,0
2012-08-16,2012-08-30,OPTIDX,CNXINFRA,3100.0,PE,0.0,0.0,0.0,574.1,696.5,0,0.0,0
2012-08-16,2012-09-27,OPTIDX,CNXINFRA,1700.0,CE,0.0,0.0,0.0,681.2,710.75,0,0.0,0
2012-08-16,2012-09-27,OPTIDX,CNXINFRA,1800.0,CE,0.0,0.0,0.0,584.25,611.8,0,0.0,0
2012-08-16,2012-09-27,OPTIDX,CNXINFRA,1900.0,CE,0.0,0.0,0.0,488.75,512.8,0,0.0,0
2012-08-16,2012-09-27,OPTIDX,CNXINFRA,2000.0,CE,0.0,0.0,0.0,396.55,414.05,0,0.0,0
2012-08-16,2012-09-27,OPTIDX,CNXINFRA,2100.0,CE,0.0,0.0,0.0,310.3,316.3,0,0.0,0
2012-08-16,2012-09-27,OPTIDX,CNXINFRA,2200.0,CE,0.0,0.0,0.0,233.1,222.9,0,0.0,0
2012-08-16,2012-09-27,OPTIDX,CNXINFRA,2300.0,CE,0.0,0.0,0.0,167.25,140.6,0,0.0,0
2012-08-16,2012-09-27,OPTIDX,CNXINFRA,2400.0,CE,0.0,0.0,0.0,114.6,77.1,0,0.0,0
2012-08-16,2012-09-27,OPTIDX,CNXINFRA,2500.0,CE,0.0,0.0,0.0,74.85,36.05,0,0.0,0
2012-08-16,2012-09-27,OPTIDX,CNXINFRA,2600.0,CE,0.0,0.0,0.0,46.8,14.25,0,0.0,0
2012-08-16,2012-09-27,OPTIDX,CNXINFRA,2700.0,CE,0.0,0.0,0.0,27.85,4.75,0,0.0,0
2012-08-16,2012-09-27,OPTIDX,CNXINFRA,2800.0,CE,0.0,0.0,0.0,15.9,1.35,0,0.0,0
2012-08-16,2012-09-27,OPTIDX,CNXINFRA,2900.0,CE,0.0,0.0,0.0,8.7,0.35,0,0.0,0
2012-08-16,2012-09-27,OPTIDX,CNXINFRA,3000.0,CE,0.0,0.0,0.0,13.55,0.1,0,0.0,0
2012-08-16,2012-09-27,OPTIDX,CNXINFRA,3100.0,CE,0.0,0.0,0.0,9.5,0.05,0,0.0,0
2012-08-16,2012-09-27,OPTIDX,CNXINFRA,1700.0,PE,0.0,0.0,0.0,0.25,0.0,0,0.0,0
2012-08-16,2012-09-27,OPTIDX,CNXINFRA,1800.0,PE,0.0,0.0,0.0,0.9,0.0,0,0.0,0
2012-08-16,2012-09-27,OPTIDX,CNXINFRA,1900.0,PE,0.0,0.0,0.0,3.1,0.05,0,0.0,0
2012-08-16,2012-09-27,OPTIDX,CNXINFRA,2000.0,PE,0.0,0.0,0.0,8.55,0.2,0,0.0,0
2012-08-16,2012-09-27,OPTIDX,CNXINFRA,2100.0,PE,0.0,0.0,0.0,20.0,1.45,0,0.0,0
2012-08-16,2012-09-27,OPTIDX,CNXINFRA,2200.0,PE,0.0,0.0,0.0,40.45,7.0,0,0.0,0
2012-08-16,2012-09-27,OPTIDX,CNXINFRA,2300.0,PE,0.0,0.0,0.0,72.3,23.65,0,0.0,0
2012-08-16,2012-09-27,OPTIDX,CNXINFRA,2400.0,PE,0.0,0.0,0.0,117.3,59.15,0,0.0,0
2012-08-16,2012-09-27,OPTIDX,CNXINFRA,2500.0,PE,0.0,0.0,0.0,175.25,117.05,0,0.0,0
2012-08-16,2012-09-27,OPTIDX,CNXINFRA,2600.0,PE,0.0,0.0,0.0,244.85,194.25,0,0.0,0
2012-08-16,2012-09-27,OPTIDX,CNXINFRA,2700.0,PE,0.0,0.0,0.0,323.6,283.7,0,0.0,0
2012-08-16,2012-09-27,OPTIDX,CNXINFRA,2800.0,PE,0.0,0.0,0.0,409.3,379.25,0,0.0,0
2012-08-16,2012-09-27,OPTIDX,CNXINFRA,2900.0,PE,0.0,0.0,0.0,499.8,477.2,0,0.0,0
2012-08-16,2012-09-27,OPTIDX,CNXINFRA,3000.0,PE,0.0,0.0,0.0,530.35,575.95,0,0.0,0
2012-08-16,2012-09-27,OPTIDX,CNXINFRA,3100.0,PE,0.0,0.0,0.0,558.8,674.85,0,0.0,0
2012-08-16,2012-10-25,OPTIDX,CNXINFRA,1700.0,CE,0.0,0.0,0.0,617.35,722.35,0,0.0,0
2012-08-16,2012-10-25,OPTIDX,CNXINFRA,1800.0,CE,0.0,0.0,0.0,520.55,624.1,0,0.0,0
2012-08-16,2012-10-25,OPTIDX,CNXINFRA,1900.0,CE,0.0,0.0,0.0,425.7,526.0,0,0.0,0
2012-08-16,2012-10-25,OPTIDX,CNXINFRA,2000.0,CE,0.0,0.0,0.0,335.2,428.65,0,0.0,0
2012-08-16,2012-10-25,OPTIDX,CNXINFRA,2100.0,CE,0.0,0.0,0.0,252.35,333.9,0,0.0,0
2012-08-16,2012-10-25,OPTIDX,CNXINFRA,2200.0,CE,0.0,0.0,0.0,180.55,245.2,0,0.0,0
2012-08-16,2012-10-25,OPTIDX,CNXINFRA,2300.0,CE,0.0,0.0,0.0,122.3,167.65,0,0.0,0
2012-08-16,2012-10-25,OPTIDX,CNXINFRA,2400.0,CE,0.0,0.0,0.0,78.3,105.4,0,0.0,0
2012-08-16,2012-10-25,OPTIDX,CNXINFRA,2500.0,CE,0.0,0.0,0.0,47.35,60.6,0,0.0,0
2012-08-16,2012-10-25,OPTIDX,CNXINFRA,2600.0,CE,0.0,0.0,0.0,27.15,31.8,0,0.0,0
2012-08-16,2012-10-25,OPTIDX,CNXINFRA,2700.0,CE,0.0,0.0,0.0,14.75,15.2,0,0.0,0
2012-08-16,2012-10-25,OPTIDX,CNXINFRA,2800.0,CE,0.0,0.0,0.0,7.6,6.65,0,0.0,0
2012-08-16,2012-10-25,OPTIDX,CNXINFRA,2900.0,CE,0.0,0.0,0.0,3.75,2.65,0,0.0,0
2012-08-16,2012-10-25,OPTIDX,CNXINFRA,3000.0,CE,0.0,0.0,0.0,6.6,1.0,0,0.0,0
2012-08-16,2012-10-25,OPTIDX,CNXINFRA,1700.0,PE,0.0,0.0,0.0,0.3,0.0,0,0.0,0
2012-08-16,2012-10-25,OPTIDX,CNXINFRA,1800.0,PE,0.0,0.0,0.0,1.2,0.05,0,0.0,0
2012-08-16,2012-10-25,OPTIDX,CNXINFRA,1900.0,PE,0.0,0.0,0.0,4.05,0.25,0,0.0,0
2012-08-16,2012-10-25,OPTIDX,CNXINFRA,2000.0,PE,0.0,0.0,0.0,11.3,1.2,0,0.0,0
2012-08-16,2012-10-25,OPTIDX,CNXINFRA,2100.0,PE,0.0,0.0,0.0,26.2,4.7,0,0.0,0
2012-08-16,2012-10-25,OPTIDX,CNXINFRA,2200.0,PE,0.0,0.0,0.0,52.1,14.3,0,0.0,0
2012-08-16,2012-10-25,OPTIDX,CNXINFRA,2300.0,PE,0.0,0.0,0.0,91.6,35.0,0,0.0,0
2012-08-16,2012-10-25,OPTIDX,CNXINFRA,2400.0,PE,0.0,0.0,0.0,145.35,71.0,0,0.0,0
2012-08-16,2012-10-25,OPTIDX,CNXINFRA,2500.0,PE,0.0,0.0,0.0,212.1,124.5,0,0.0,0
2012-08-16,2012-10-25,OPTIDX,CNXINFRA,2600.0,PE,0.0,0.0,0.0,289.65,194.0,0,0.0,0
2012-08-16,2012-10-25,OPTIDX,CNXINFRA,2700.0,PE,0.0,0.0,0.0,374.95,275.7,0,0.0,0
2012-08-16,2012-10-25,OPTIDX,CNXINFRA,2800.0,PE,0.0,0.0,0.0,465.55,365.45,0,0.0,0
2012-08-16,2012-10-25,OPTIDX,CNXINFRA,2900.0,PE,0.0,0.0,0.0,559.45,459.75,0,0.0,0
2012-08-16,2012-10-25,OPTIDX,CNXINFRA,3000.0,PE,0.0,0.0,0.0,580.8,556.35,0,0.0,0
2012-08-16,2012-08-30,OPTIDX,CNXIT,4300.0,CE,0.0,0.0,0.0,1227.55,1630.3,0,0.0,0
2012-08-16,2012-08-30,OPTIDX,CNXIT,4400.0,CE,0.0,0.0,0.0,1715.7,1530.65,0,0.0,0
2012-08-16,2012-08-30,OPTIDX,CNXIT,4500.0,CE,0.0,0.0,0.0,1618.8,1430.95,0,0.0,0
2012-08-16,2012-08-30,OPTIDX,CNXIT,4600.0,CE,0.0,0.0,0.0,1522.3,1331.3,0,0.0,0
2012-08-16,2012-08-30,OPTIDX,CNXIT,4700.0,CE,0.0,0.0,0.0,1426.4,1231.65,0,0.0,0
2012-08-16,2012-08-30,OPTIDX,CNXIT,4800.0,CE,0.0,0.0,0.0,1331.25,1131.95,0,0.0,0
2012-08-16,2012-08-30,OPTIDX,CNXIT,4900.0,CE,0.0,0.0,0.0,1237.25,1032.3,0,0.0,0
2012-08-16,2012-08-30,OPTIDX,CNXIT,5000.0,CE,0.0,0.0,0.0,1144.7,932.65,0,0.0,0
2012-08-16,2012-08-30,OPTIDX,CNXIT,5100.0,CE,0.0,0.0,0.0,1053.95,832.95,0,0.0,0
2012-08-16,2012-08-30,OPTIDX,CNXIT,5200.0,CE,0.0,0.0,0.0,965.4,733.35,0,0.0,0
2012-08-16,2012-08-30,OPTIDX,CNXIT,5300.0,CE,0.0,0.0,0.0,879.5,633.8,0,0.0,0
2012-08-16,2012-08-30,OPTIDX,CNXIT,5400.0,CE,0.0,0.0,0.0,796.75,534.75,0,0.0,0
2012-08-16,2012-08-30,OPTIDX,CNXIT,5500.0,CE,0.0,0.0,0.0,717.5,437.1,0,0.0,0
2012-08-16,2012-08-30,OPTIDX,CNXIT,5600.0,CE,0.0,0.0,0.0,270.0,342.7,0,0.0,0
2012-08-16,2012-08-30,OPTIDX,CNXIT,5700.0,CE,0.0,0.0,0.0,571.35,254.9,0,0.0,0
2012-08-16,2012-08-30,OPTIDX,CNXIT,5800.0,CE,0.0,0.0,0.0,504.7,177.65,0,0.0,0
2012-08-16,2012-08-30,OPTIDX,CNXIT,5900.0,CE,0.0,0.0,0.0,443.15,114.75,0,0.0,0
2012-08-16,2012-08-30,OPTIDX,CNXIT,6000.0,CE,0.0,0.0,0.0,140.0,68.0,0,0.0,0
2012-08-16,2012-08-30,OPTIDX,CNXIT,6100.0,CE,0.0,0.0,0.0,334.9,37.0,0,0.0,0
2012-08-16,2012-08-30,OPTIDX,CNXIT,6200.0,CE,0.0,0.0,0.0,288.25,18.0,0,0.0,0
2012-08-16,2012-08-30,OPTIDX,CNXIT,6300.0,CE,0.0,0.0,0.0,246.45,8.0,0,0.0,0
2012-08-16,2012-08-30,OPTIDX,CNXIT,6400.0,CE,0.0,0.0,0.0,209.3,3.2,0,0.0,0
2012-08-16,2012-08-30,OPTIDX,CNXIT,6500.0,CE,0.0,0.0,0.0,176.6,1.15,0,0.0,0
2012-08-16,2012-08-30,OPTIDX,CNXIT,6600.0,CE,0.0,0.0,0.0,148.05,0.4,0,0.0,0
2012-08-16,2012-08-30,OPTIDX,CNXIT,6700.0,CE,0.0,0.0,0.0,123.6,0.15,0,0.0,0
2012-08-16,2012-08-30,OPTIDX,CNXIT,6800.0,CE,0.0,0.0,0.0,102.2,0.05,0,0.0,0
2012-08-16,2012-08-30,OPTIDX,CNXIT,6900.0,CE,0.0,0.0,0.0,84.1,0.05,0,0.0,0
2012-08-16,2012-08-30,OPTIDX,CNXIT,7000.0,CE,0.0,0.0,0.0,68.75,0.0,0,0.0,0
2012-08-16,2012-08-30,OPTIDX,CNXIT,7100.0,CE,0.0,0.0,0.0,55.9,0.0,0,0.0,0
2012-08-16,2012-08-30,OPTIDX,CNXIT,7200.0,CE,0.0,0.0,0.0,45.2,0.0,0,0.0,0
2012-08-16,2012-08-30,OPTIDX,CNXIT,7300.0,CE,0.0,0.0,0.0,36.3,0.0,0,0.0,0
2012-08-16,2012-08-30,OPTIDX,CNXIT,7400.0,CE,0.0,0.0,0.0,29.0,0.0,0,0.0,0
2012-08-16,2012-08-30,OPTIDX,CNXIT,7500.0,CE,0.0,0.0,0.0,23.05,0.0,0,0.0,0
2012-08-16,2012-08-30,OPTIDX,CNXIT,7600.0,CE,0.0,0.0,0.0,18.2,0.0,0,0.0,0
2012-08-16,2012-08-30,OPTIDX,CNXIT,7700.0,CE,0.0,0.0,0.0,3.45,0.0,0,0.0,0
2012-08-16,2012-08-30,OPTIDX,CNXIT,4300.0,PE,0.0,0.0,0.0,0.1,0.0,0,0.0,0
2012-08-16,2012-08-30,OPTIDX,CNXIT,4400.0,PE,0.0,0.0,0.0,0.95,0.0,0,0.0,0
2012-08-16,2012-08-30,OPTIDX,CNXIT,4500.0,PE,0.0,0.0,0.0,1.6,0.0,0,0.0,0
2012-08-16,2012-08-30,OPTIDX,CNXIT,4600.0,PE,0.0,0.0,0.0,2.7,0.0,0,0.0,0
2012-08-16,2012-08-30,OPTIDX,CNXIT,4700.0,PE,0.0,0.0,0.0,4.35,0.0,0,0.0,0
2012-08-16,2012-08-30,OPTIDX,CNXIT,4800.0,PE,0.0,0.0,0.0,6.85,0.0,0,0.0,0
2012-08-16,2012-08-30,OPTIDX,CNXIT,4900.0,PE,0.0,0.0,0.0,10.45,0.0,0,0.0,0
2012-08-16,2012-08-30,OPTIDX,CNXIT,5000.0,PE,0.0,0.0,0.0,15.45,0.0,0,0.0,0
2012-08-16,2012-08-30,OPTIDX,CNXIT,5100.0,PE,0.0,0.0,0.0,22.3,0.05,0,0.0,0
2012-08-16,2012-08-30,OPTIDX,CNXIT,5200.0,PE,0.0,0.0,0.0,31.35,0.05,0,0.0,0
2012-08-16,2012-08-30,OPTIDX,CNXIT,5300.0,PE,0.0,0.0,0.0,43.05,0.2,0,0.0,0
2012-08-16,2012-08-30,OPTIDX,CNXIT,5400.0,PE,0.0,0.0,0.0,57.85,0.8,0,0.0,0
2012-08-16,2012-08-30,OPTIDX,CNXIT,5500.0,PE,0.0,0.0,0.0,76.2,2.8,0,0.0,0
2012-08-16,2012-08-30,OPTIDX,CNXIT,5600.0,PE,0.0,0.0,0.0,98.5,8.1,0,0.0,0
2012-08-16,2012-08-30,OPTIDX,CNXIT,5700.0,PE,0.0,0.0,0.0,125.25,19.95,0,0.0,0
2012-08-16,2012-08-30,OPTIDX,CNXIT,5800.0,PE,0.0,0.0,0.0,156.2,42.35,0,0.0,0
2012-08-16,2012-08-30,OPTIDX,CNXIT,5900.0,PE,0.0,0.0,0.0,192.25,79.1,0,0.0,0
2012-08-16,2012-08-30,OPTIDX,CNXIT,6000.0,PE,0.0,0.0,0.0,233.2,132.05,0,0.0,0
2012-08-16,2012-08-30,OPTIDX,CNXIT,6100.0,PE,0.0,0.0,0.0,279.2,200.7,0,0.0,0
2012-08-16,2012-08-30,OPTIDX,CNXIT,6200.0,PE,0.0,0.0,0.0,330.1,281.4,0,0.0,0
2012-08-16,2012-08-30,OPTIDX,CNXIT,6300.0,PE,0.0,0.0,0.0,385.9,371.0,0,0.0,0
2012-08-16,2012-08-30,OPTIDX,CNXIT,6400.0,PE,0.0,0.0,0.0,446.35,465.9,0,0.0,0
2012-08-16,2012-08-30,OPTIDX,CNXIT,6500.0,PE,0.0,0.0,0.0,511.25,563.55,0,0.0,0
2012-08-16,2012-08-30,OPTIDX,CNXIT,6600.0,PE,0.0,0.0,0.0,580.25,662.4,0,0.0,0
2012-08-16,2012-08-30,OPTIDX,CNXIT,6700.0,PE,0.0,0.0,0.0,653.45,761.85,0,0.0,0
2012-08-16,2012-08-30,OPTIDX,CNXIT,6800.0,PE,0.0,0.0,0.0,729.6,861.4,0,0.0,0
2012-08-16,2012-08-30,OPTIDX,CNXIT,6900.0,PE,0.0,0.0,0.0,809.1,961.05,0,0.0,0
2012-08-16,2012-08-30,OPTIDX,CNXIT,7000.0,PE,0.0,0.0,0.0,891.35,1060.7,0,0.0,0
2012-08-16,2012-08-30,OPTIDX,CNXIT,7100.0,PE,0.0,0.0,0.0,976.1,1160.4,0,0.0,0
2012-08-16,2012-08-30,OPTIDX,CNXIT,7200.0,PE,0.0,0.0,0.0,1062.95,1260.05,0,0.0,0
2012-08-16,2012-08-30,OPTIDX,CNXIT,7300.0,PE,0.0,0.0,0.0,1151.65,1359.7,0,0.0,0
2012-08-16,2012-08-30,OPTIDX,CNXIT,7400.0,PE,0.0,0.0,0.0,1241.95,1459.4,0,0.0,0
2012-08-16,2012-08-30,OPTIDX,CNXIT,7500.0,PE,0.0,0.0,0.0,1333.6,1559.05,0,0.0,0
2012-08-16,2012-08-30,OPTIDX,CNXIT,7600.0,PE,0.0,0.0,0.0,1426.35,1658.7,0,0.0,0
2012-08-16,2012-08-30,OPTIDX,CNXIT,7700.0,PE,0.0,0.0,0.0,1483.8,1758.4,0,0.0,0
2012-08-16,2012-09-27,OPTIDX,CNXIT,4300.0,CE,0.0,0.0,0.0,1258.95,1660.35,0,0.0,0
2012-08-16,2012-09-27,OPTIDX,CNXIT,4400.0,CE,0.0,0.0,0.0,1718.1,1561.4,0,0.0,0
2012-08-16,2012-09-27,OPTIDX,CNXIT,4500.0,CE,0.0,0.0,0.0,1660.35,1462.45,0,0.0,0
2012-08-16,2012-09-27,OPTIDX,CNXIT,4600.0,CE,0.0,0.0,0.0,1562.7,1363.5,0,0.0,0
2012-08-16,2012-09-27,OPTIDX,CNXIT,4700.0,CE,0.0,0.0,0.0,1465.1,1264.55,0,0.0,0
2012-08-16,2012-09-27,OPTIDX,CNXIT,4800.0,CE,0.0,0.0,0.0,1367.55,1165.65,0,0.0,0
2012-08-16,2012-09-27,OPTIDX,CNXIT,4900.0,CE,0.0,0.0,0.0,1270.15,1066.85,0,0.0,0
2012-08-16,2012-09-27,OPTIDX,CNXIT,5000.0,CE,0.0,0.0,0.0,1173.05,968.3,0,0.0,0
2012-08-16,2012-09-27,OPTIDX,CNXIT,5100.0,CE,0.0,0.0,0.0,1076.45,870.3,0,0.0,0
2012-08-16,2012-09-27,OPTIDX,CNXIT,5200.0,CE,0.0,0.0,0.0,980.6,773.2,0,0.0,0
2012-08-16,2012-09-27,OPTIDX,CNXIT,5300.0,CE,0.0,0.0,0.0,886.05,677.85,0,0.0,0
2012-08-16,2012-09-27,OPTIDX,CNXIT,5400.0,CE,0.0,0.0,0.0,793.35,585.1,0,0.0,0
2012-08-16,2012-09-27,OPTIDX,CNXIT,5500.0,CE,0.0,0.0,0.0,703.15,496.2,0,0.0,0
2012-08-16,2012-09-27,OPTIDX,CNXIT,5600.0,CE,0.0,0.0,0.0,616.35,412.65,0,0.0,0
2012-08-16,2012-09-27,OPTIDX,CNXIT,5700.0,CE,0.0,0.0,0.0,533.75,335.95,0,0.0,0
2012-08-16,2012-09-27,OPTIDX,CNXIT,5800.0,CE,0.0,0.0,0.0,456.3,266.75,0,0.0,0
2012-08-16,2012-09-27,OPTIDX,CNXIT,5900.0,CE,0.0,0.0,0.0,384.65,206.7,0,0.0,0
2012-08-16,2012-09-27,OPTIDX,CNXIT,6000.0,CE,0.0,0.0,0.0,319.7,156.0,0,0.0,0
2012-08-16,2012-09-27,OPTIDX,CNXIT,6100.0,CE,0.0,0.0,0.0,261.75,114.55,0,0.0,0
2012-08-16,2012-09-27,OPTIDX,CNXIT,6200.0,CE,0.0,0.0,0.0,211.0,81.8,0,0.0,0
2012-08-16,2012-09-27,OPTIDX,CNXIT,6300.0,CE,0.0,0.0,0.0,167.4,56.85,0,0.0,0
2012-08-16,2012-09-27,OPTIDX,CNXIT,6400.0,CE,0.0,0.0,0.0,130.75,38.35,0,0.0,0
2012-08-16,2012-09-27,OPTIDX,CNXIT,6500.0,CE,0.0,0.0,0.0,100.45,25.15,0,0.0,0
2012-08-16,2012-09-27,OPTIDX,CNXIT,6600.0,CE,0.0,0.0,0.0,76.05,16.05,0,0.0,0
2012-08-16,2012-09-27,OPTIDX,CNXIT,6700.0,CE,0.0,0.0,0.0,56.6,9.95,0,0.0,0
2012-08-16,2012-09-27,OPTIDX,CNXIT,6800.0,CE,0.0,0.0,0.0,41.45,6.0,0,0.0,0
2012-08-16,2012-09-27,OPTIDX,CNXIT,6900.0,CE,0.0,0.0,0.0,29.9,3.5,0,0.0,0
2012-08-16,2012-09-27,OPTIDX,CNXIT,7000.0,CE,0.0,0.0,0.0,21.2,2.0,0,0.0,0
2012-08-16,2012-09-27,OPTIDX,CNXIT,7100.0,CE,0.0,0.0,0.0,14.8,1.1,0,0.0,0
2012-08-16,2012-09-27,OPTIDX,CNXIT,7200.0,CE,0.0,0.0,0.0,10.2,0.6,0,0.0,0
2012-08-16,2012-09-27,OPTIDX,CNXIT,7300.0,CE,0.0,0.0,0.0,6.9,0.35,0,0.0,0
2012-08-16,2012-09-27,OPTIDX,CNXIT,7400.0,CE,0.0,0.0,0.0,4.65,0.2,0,0.0,0
2012-08-16,2012-09-27,OPTIDX,CNXIT,7500.0,CE,0.0,0.0,0.0,3.05,0.1,0,0.0,0
2012-08-16,2012-09-27,OPTIDX,CNXIT,7600.0,CE,0.0,0.0,0.0,2.0,0.05,0,0.0,0
2012-08-16,2012-09-27,OPTIDX,CNXIT,7700.0,CE,0.0,0.0,0.0,1.3,0.05,0,0.0,0
2012-08-16,2012-09-27,OPTIDX,CNXIT,4300.0,PE,0.0,0.0,0.0,1.55,0.0,0,0.0,0
2012-08-16,2012-09-27,OPTIDX,CNXIT,4400.0,PE,0.0,0.0,0.0,0.05,0.0,0,0.0,0
2012-08-16,2012-09-27,OPTIDX,CNXIT,4500.0,PE,0.0,0.0,0.0,0.05,0.0,0,0.0,0
2012-08-16,2012-09-27,OPTIDX,CNXIT,4600.0,PE,0.0,0.0,0.0,0.05,0.05,0,0.0,0
2012-08-16,2012-09-27,OPTIDX,CNXIT,4700.0,PE,0.0,0.0,0.0,0.1,0.05,0,0.0,0
2012-08-16,2012-09-27,OPTIDX,CNXIT,4800.0,PE,0.0,0.0,0.0,0.25,0.1,0,0.0,0
2012-08-16,2012-09-27,OPTIDX,CNXIT,4900.0,PE,0.0,0.0,0.0,0.55,0.3,0,0.0,0
2012-08-16,2012-09-27,OPTIDX,CNXIT,5000.0,PE,0.0,0.0,0.0,1.1,0.7,0,0.0,0
2012-08-16,2012-09-27,OPTIDX,CNXIT,5100.0,PE,0.0,0.0,0.0,2.15,1.65,0,0.0,0
2012-08-16,2012-09-27,OPTIDX,CNXIT,5200.0,PE,0.0,0.0,0.0,4.0,3.55,0,0.0,0
2012-08-16,2012-09-27,OPTIDX,CNXIT,5300.0,PE,0.0,0.0,0.0,7.15,7.15,0,0.0,0
2012-08-16,2012-09-27,OPTIDX,CNXIT,5400.0,PE,0.0,0.0,0.0,12.1,13.35,0,0.0,0
2012-08-16,2012-09-27,OPTIDX,CNXIT,5500.0,PE,0.0,0.0,0.0,19.6,23.45,0,0.0,0
2012-08-16,2012-09-27,OPTIDX,CNXIT,5600.0,PE,0.0,0.0,0.0,30.45,38.85,0,0.0,0
2012-08-16,2012-09-27,OPTIDX,CNXIT,5700.0,PE,0.0,0.0,0.0,45.55,61.1,0,0.0,0
2012-08-16,2012-09-27,OPTIDX,CNXIT,5800.0,PE,0.0,0.0,0.0,65.75,90.9,0,0.0,0
2012-08-16,2012-09-27,OPTIDX,CNXIT,5900.0,PE,0.0,0.0,0.0,91.8,129.8,0,0.0,0
2012-08-16,2012-09-27,OPTIDX,CNXIT,6000.0,PE,0.0,0.0,0.0,124.5,178.05,0,0.0,0
2012-08-16,2012-09-27,OPTIDX,CNXIT,6100.0,PE,0.0,0.0,0.0,164.2,235.6,0,0.0,0
2012-08-16,2012-09-27,OPTIDX,CNXIT,6200.0,PE,0.0,0.0,0.0,211.1,301.8,0,0.0,0
2012-08-16,2012-09-27,OPTIDX,CNXIT,6300.0,PE,0.0,0.0,0.0,265.2,375.8,0,0.0,0
2012-08-16,2012-09-27,OPTIDX,CNXIT,6400.0,PE,0.0,0.0,0.0,326.2,456.3,0,0.0,0
2012-08-16,2012-09-27,OPTIDX,CNXIT,6500.0,PE,0.0,0.0,0.0,393.6,542.05,0,0.0,0
2012-08-16,2012-09-27,OPTIDX,CNXIT,6600.0,PE,0.0,0.0,0.0,466.85,631.9,0,0.0,0
2012-08-16,2012-09-27,OPTIDX,CNXIT,6700.0,PE,0.0,0.0,0.0,545.1,724.75,0,0.0,0
2012-08-16,2012-09-27,OPTIDX,CNXIT,6800.0,PE,0.0,0.0,0.0,627.65,819.8,0,0.0,0
2012-08-16,2012-09-27,OPTIDX,CNXIT,6900.0,PE,0.0,0.0,0.0,713.75,916.3,0,0.0,0
2012-08-16,2012-09-27,OPTIDX,CNXIT,7000.0,PE,0.0,0.0,0.0,802.75,1013.75,0,0.0,0
2012-08-16,2012-09-27,OPTIDX,CNXIT,7100.0,PE,0.0,0.0,0.0,894.0,1111.85,0,0.0,0
2012-08-16,2012-09-27,OPTIDX,CNXIT,7200.0,PE,0.0,0.0,0.0,987.05,1210.3,0,0.0,0
2012-08-16,2012-09-27,OPTIDX,CNXIT,7300.0,PE,0.0,0.0,0.0,1081.45,1309.0,0,0.0,0
2012-08-16,2012-09-27,OPTIDX,CNXIT,7400.0,PE,0.0,0.0,0.0,1176.85,1407.8,0,0.0,0
2012-08-16,2012-09-27,OPTIDX,CNXIT,7500.0,PE,0.0,0.0,0.0,1272.95,1506.7,0,0.0,0
2012-08-16,2012-09-27,OPTIDX,CNXIT,7600.0,PE,0.0,0.0,0.0,1369.55,1605.6,0,0.0,0
2012-08-16,2012-09-27,OPTIDX,CNXIT,7700.0,PE,0.0,0.0,0.0,1466.55,1704.55,0,0.0,0
2012-08-16,2012-10-25,OPTIDX,CNXIT,4300.0,CE,0.0,0.0,0.0,1292.1,1689.75,0,0.0,0
2012-08-16,2012-10-25,OPTIDX,CNXIT,4400.0,CE,0.0,0.0,0.0,1197.3,1591.5,0,0.0,0
2012-08-16,2012-10-25,OPTIDX,CNXIT,4500.0,CE,0.0,0.0,0.0,1103.9,1493.25,0,0.0,0
2012-08-16,2012-10-25,OPTIDX,CNXIT,4600.0,CE,0.0,0.0,0.0,1012.25,1395.1,0,0.0,0
2012-08-16,2012-10-25,OPTIDX,CNXIT,4700.0,CE,0.0,0.0,0.0,922.85,1297.1,0,0.0,0
2012-08-16,2012-10-25,OPTIDX,CNXIT,4800.0,CE,0.0,0.0,0.0,836.15,1199.35,0,0.0,0
2012-08-16,2012-10-25,OPTIDX,CNXIT,4900.0,CE,0.0,0.0,0.0,752.75,1102.05,0,0.0,0
2012-08-16,2012-10-25,OPTIDX,CNXIT,5000.0,CE,0.0,0.0,0.0,673.1,1005.55,0,0.0,0
2012-08-16,2012-10-25,OPTIDX,CNXIT,5100.0,CE,0.0,0.0,0.0,597.65,910.25,0,0.0,0
2012-08-16,2012-10-25,OPTIDX,CNXIT,5200.0,CE,0.0,0.0,0.0,526.75,816.7,0,0.0,0
2012-08-16,2012-10-25,OPTIDX,CNXIT,5300.0,CE,0.0,0.0,0.0,460.9,725.65,0,0.0,0
2012-08-16,2012-10-25,OPTIDX,CNXIT,5400.0,CE,0.0,0.0,0.0,400.3,637.85,0,0.0,0
2012-08-16,2012-10-25,OPTIDX,CNXIT,5500.0,CE,0.0,0.0,0.0,345.05,554.15,0,0.0,0
2012-08-16,2012-10-25,OPTIDX,CNXIT,5600.0,CE,0.0,0.0,0.0,295.15,475.45,0,0.0,0
2012-08-16,2012-10-25,OPTIDX,CNXIT,5700.0,CE,0.0,0.0,0.0,250.6,402.45,0,0.0,0
2012-08-16,2012-10-25,OPTIDX,CNXIT,5800.0,CE,0.0,0.0,0.0,211.1,336.0,0,0.0,0
2012-08-16,2012-10-25,OPTIDX,CNXIT,5900.0,CE,0.0,0.0,0.0,176.55,276.5,0,0.0,0
2012-08-16,2012-10-25,OPTIDX,CNXIT,6000.0,CE,0.0,0.0,0.0,146.5,224.15,0,0.0,0
2012-08-16,2012-10-25,OPTIDX,CNXIT,6100.0,CE,0.0,0.0,0.0,121.0,178.95,0,0.0,0
2012-08-16,2012-10-25,OPTIDX,CNXIT,6200.0,CE,0.0,0.0,0.0,98.9,140.7,0,0.0,0
2012-08-16,2012-10-25,OPTIDX,CNXIT,6300.0,CE,0.0,0.0,0.0,80.35,108.9,0,0.0,0
2012-08-16,2012-10-25,OPTIDX,CNXIT,6400.0,CE,0.0,0.0,0.0,64.85,83.3,0,0.0,0
2012-08-16,2012-10-25,OPTIDX,CNXIT,6500.0,CE,0.0,0.0,0.0,51.95,62.4,0,0.0,0
2012-08-16,2012-10-25,OPTIDX,CNXIT,6600.0,CE,0.0,0.0,0.0,41.35,46.1,0,0.0,0
2012-08-16,2012-10-25,OPTIDX,CNXIT,6700.0,CE,0.0,0.0,0.0,32.7,33.55,0,0.0,0
2012-08-16,2012-10-25,OPTIDX,CNXIT,6800.0,CE,0.0,0.0,0.0,29.45,24.1,0,0.0,0
2012-08-16,2012-10-25,OPTIDX,CNXIT,6900.0,CE,0.0,0.0,0.0,31.65,17.0,0,0.0,0
2012-08-16,2012-10-25,OPTIDX,CNXIT,7000.0,CE,0.0,0.0,0.0,19.6,11.85,0,0.0,0
2012-08-16,2012-10-25,OPTIDX,CNXIT,7100.0,CE,0.0,0.0,0.0,14.35,8.15,0,0.0,0
2012-08-16,2012-10-25,OPTIDX,CNXIT,4300.0,PE,0.0,0.0,0.0,4.9,0.05,0,0.0,0
2012-08-16,2012-10-25,OPTIDX,CNXIT,4400.0,PE,0.0,0.0,0.0,7.85,0.05,0,0.0,0
2012-08-16,2012-10-25,OPTIDX,CNXIT,4500.0,PE,0.0,0.0,0.0,12.15,0.1,0,0.0,0
2012-08-16,2012-10-25,OPTIDX,CNXIT,4600.0,PE,0.0,0.0,0.0,18.2,0.25,0,0.0,0
2012-08-16,2012-10-25,OPTIDX,CNXIT,4700.0,PE,0.0,0.0,0.0,26.55,0.5,0,0.0,0
2012-08-16,2012-10-25,OPTIDX,CNXIT,4800.0,PE,0.0,0.0,0.0,37.6,1.05,0,0.0,0
2012-08-16,2012-10-25,OPTIDX,CNXIT,4900.0,PE,0.0,0.0,0.0,51.9,2.05,0,0.0,0
2012-08-16,2012-10-25,OPTIDX,CNXIT,5000.0,PE,0.0,0.0,0.0,70.0,3.8,0,0.0,0
2012-08-16,2012-10-25,OPTIDX,CNXIT,5100.0,PE,0.0,0.0,0.0,92.25,6.8,0,0.0,0
2012-08-16,2012-10-25,OPTIDX,CNXIT,5200.0,PE,0.0,0.0,0.0,119.1,11.55,0,0.0,0
2012-08-16,2012-10-25,OPTIDX,CNXIT,5300.0,PE,0.0,0.0,0.0,151.0,18.75,0,0.0,0
2012-08-16,2012-10-25,OPTIDX,CNXIT,5400.0,PE,0.0,0.0,0.0,188.15,29.2,0,0.0,0
2012-08-16,2012-10-25,OPTIDX,CNXIT,5500.0,PE,0.0,0.0,0.0,230.6,43.8,0,0.0,0
2012-08-16,2012-10-25,OPTIDX,CNXIT,5600.0,PE,0.0,0.0,0.0,278.45,63.4,0,0.0,0
2012-08-16,2012-10-25,OPTIDX,CNXIT,5700.0,PE,0.0,0.0,0.0,331.6,88.65,0,0.0,0
2012-08-16,2012-10-25,OPTIDX,CNXIT,5800.0,PE,0.0,0.0,0.0,389.85,120.55,0,0.0,0
2012-08-16,2012-10-25,OPTIDX,CNXIT,5900.0,PE,0.0,0.0,0.0,453.0,159.3,0,0.0,0
2012-08-16,2012-10-25,OPTIDX,CNXIT,6000.0,PE,0.0,0.0,0.0,520.7,205.25,0,0.0,0
2012-08-16,2012-10-25,OPTIDX,CNXIT,6100.0,PE,0.0,0.0,0.0,592.9,258.35,0,0.0,0
2012-08-16,2012-10-25,OPTIDX,CNXIT,6200.0,PE,0.0,0.0,0.0,668.55,318.35,0,0.0,0
2012-08-16,2012-10-25,OPTIDX,CNXIT,6300.0,PE,0.0,0.0,0.0,747.75,384.85,0,0.0,0
2012-08-16,2012-10-25,OPTIDX,CNXIT,6400.0,PE,0.0,0.0,0.0,829.95,457.5,0,0.0,0
2012-08-16,2012-10-25,OPTIDX,CNXIT,6500.0,PE,0.0,0.0,0.0,914.8,534.9,0,0.0,0
2012-08-16,2012-10-25,OPTIDX,CNXIT,6600.0,PE,0.0,0.0,0.0,1001.95,616.9,0,0.0,0
2012-08-16,2012-10-25,OPTIDX,CNXIT,6700.0,PE,0.0,0.0,0.0,1091.05,702.65,0,0.0,0
2012-08-16,2012-10-25,OPTIDX,CNXIT,6800.0,PE,0.0,0.0,0.0,1118.45,791.45,0,0.0,0
2012-08-16,2012-10-25,OPTIDX,CNXIT,6900.0,PE,0.0,0.0,0.0,1087.8,882.65,0,0.0,0
2012-08-16,2012-10-25,OPTIDX,CNXIT,7000.0,PE,0.0,0.0,0.0,1082.55,975.75,0,0.0,0
2012-08-16,2012-10-25,OPTIDX,CNXIT,7100.0,PE,0.0,0.0,0.0,1079.55,1070.35,0,0.0,0
2012-08-16,2012-08-30,OPTIDX,CNXPSE,2000.0,CE,0.0,0.0,0.0,676.0,939.25,0,0.0,0
2012-08-16,2012-08-30,OPTIDX,CNXPSE,2100.0,CE,0.0,0.0,0.0,610.4,839.6,0,0.0,0
2012-08-16,2012-08-30,OPTIDX,CNXPSE,2200.0,CE,0.0,0.0,0.0,513.25,739.9,0,0.0,0
2012-08-16,2012-08-30,OPTIDX,CNXPSE,2300.0,CE,0.0,0.0,0.0,417.45,640.25,0,0.0,0
2012-08-16,2012-08-30,OPTIDX,CNXPSE,2400.0,CE,0.0,0.0,0.0,325.05,540.6,0,0.0,0
2012-08-16,2012-08-30,OPTIDX,CNXPSE,2500.0,CE,0.0,0.0,0.0,239.75,440.95,0,0.0,0
2012-08-16,2012-08-30,OPTIDX,CNXPSE,2600.0,CE,0.0,0.0,0.0,165.7,341.25,0,0.0,0
2012-08-16,2012-08-30,OPTIDX,CNXPSE,2700.0,CE,0.0,0.0,0.0,106.5,241.6,0,0.0,0
2012-08-16,2012-08-30,OPTIDX,CNXPSE,2800.0,CE,0.0,0.0,0.0,63.25,143.1,0,0.0,0
2012-08-16,2012-08-30,OPTIDX,CNXPSE,2900.0,CE,0.0,0.0,0.0,34.85,57.65,0,0.0,0
2012-08-16,2012-08-30,OPTIDX,CNXPSE,3000.0,CE,0.0,0.0,0.0,17.6,11.75,0,0.0,0
2012-08-16,2012-08-30,OPTIDX,CNXPSE,3100.0,CE,0.0,0.0,0.0,8.25,1.0,0,0.0,0
2012-08-16,2012-08-30,OPTIDX,CNXPSE,3200.0,CE,0.0,0.0,0.0,3.55,0.05,0,0.0,0
2012-08-16,2012-08-30,OPTIDX,CNXPSE,3300.0,CE,0.0,0.0,0.0,1.45,0.0,0,0.0,0
2012-08-16,2012-08-30,OPTIDX,CNXPSE,3400.0,CE,0.0,0.0,0.0,1.05,0.0,0,0.0,0
2012-08-16,2012-08-30,OPTIDX,CNXPSE,3500.0,CE,0.0,0.0,0.0,1.5,0.0,0,0.0,0
2012-08-16,2012-08-30,OPTIDX,CNXPSE,3600.0,CE,0.0,0.0,0.0,0.75,0.0,0,0.0,0
2012-08-16,2012-08-30,OPTIDX,CNXPSE,2000.0,PE,0.0,0.0,0.0,0.05,0.0,0,0.0,0
2012-08-16,2012-08-30,OPTIDX,CNXPSE,2100.0,PE,0.0,0.0,0.0,0.1,0.0,0,0.0,0
2012-08-16,2012-08-30,OPTIDX,CNXPSE,2200.0,PE,0.0,0.0,0.0,0.55,0.0,0,0.0,0
2012-08-16,2012-08-30,OPTIDX,CNXPSE,2300.0,PE,0.0,0.0,0.0,2.35,0.0,0,0.0,0
2012-08-16,2012-08-30,OPTIDX,CNXPSE,2400.0,PE,0.0,0.0,0.0,7.55,0.0,0,0.0,0
2012-08-16,2012-08-30,OPTIDX,CNXPSE,2500.0,PE,0.0,0.0,0.0,19.8,0.0,0,0.0,0
2012-08-16,2012-08-30,OPTIDX,CNXPSE,2600.0,PE,0.0,0.0,0.0,43.35,0.0,0,0.0,0
2012-08-16,2012-08-30,OPTIDX,CNXPSE,2700.0,PE,0.0,0.0,0.0,81.75,0.05,0,0.0,0
2012-08-16,2012-08-30,OPTIDX,CNXPSE,2800.0,PE,0.0,0.0,0.0,136.15,1.2,0,0.0,0
2012-08-16,2012-08-30,OPTIDX,CNXPSE,2900.0,PE,0.0,0.0,0.0,205.3,15.4,0,0.0,0
2012-08-16,2012-08-30,OPTIDX,CNXPSE,3000.0,PE,0.0,0.0,0.0,285.65,69.2,0,0.0,0
2012-08-16,2012-08-30,OPTIDX,CNXPSE,3100.0,PE,0.0,0.0,0.0,373.85,158.05,0,0.0,0
2012-08-16,2012-08-30,OPTIDX,CNXPSE,3200.0,PE,0.0,0.0,0.0,466.8,256.8,0,0.0,0
2012-08-16,2012-08-30,OPTIDX,CNXPSE,3300.0,PE,0.0,0.0,0.0,562.25,356.45,0,0.0,0
2012-08-16,2012-08-30,OPTIDX,CNXPSE,3400.0,PE,0.0,0.0,0.0,576.3,456.1,0,0.0,0
2012-08-16,2012-08-30,OPTIDX,CNXPSE,3500.0,PE,0.0,0.0,0.0,540.75,555.75,0,0.0,0
2012-08-16,2012-08-30,OPTIDX,CNXPSE,3600.0,PE,0.0,0.0,0.0,591.95,655.45,0,0.0,0
2012-08-16,2012-09-27,OPTIDX,CNXPSE,2200.0,CE,0.0,0.0,0.0,698.5,755.3,0,0.0,0
2012-08-16,2012-09-27,OPTIDX,CNXPSE,2300.0,CE,0.0,0.0,0.0,601.0,656.35,0,0.0,0
2012-08-16,2012-09-27,OPTIDX,CNXPSE,2400.0,CE,0.0,0.0,0.0,504.2,557.4,0,0.0,0
2012-08-16,2012-09-27,OPTIDX,CNXPSE,2500.0,CE,0.0,0.0,0.0,409.25,458.4,0,0.0,0
2012-08-16,2012-09-27,OPTIDX,CNXPSE,2600.0,CE,0.0,0.0,0.0,318.55,359.6,0,0.0,0
2012-08-16,2012-09-27,OPTIDX,CNXPSE,2700.0,CE,0.0,0.0,0.0,235.65,261.85,0,0.0,0
2012-08-16,2012-09-27,OPTIDX,CNXPSE,2800.0,CE,0.0,0.0,0.0,164.25,169.55,0,0.0,0
2012-08-16,2012-09-27,OPTIDX,CNXPSE,2900.0,CE,0.0,0.0,0.0,107.25,92.35,0,0.0,0
2012-08-16,2012-09-27,OPTIDX,CNXPSE,3000.0,CE,0.0,0.0,0.0,65.3,40.15,0,0.0,0
2012-08-16,2012-09-27,OPTIDX,CNXPSE,3100.0,CE,0.0,0.0,0.0,37.15,13.45,0,0.0,0
2012-08-16,2012-09-27,OPTIDX,CNXPSE,3200.0,CE,0.0,0.0,0.0,19.55,3.4,0,0.0,0
2012-08-16,2012-09-27,OPTIDX,CNXPSE,3300.0,CE,0.0,0.0,0.0,9.65,0.65,0,0.0,0
2012-08-16,2012-09-27,OPTIDX,CNXPSE,3400.0,CE,0.0,0.0,0.0,4.45,0.1,0,0.0,0
2012-08-16,2012-09-27,OPTIDX,CNXPSE,3500.0,CE,0.0,0.0,0.0,5.75,0.05,0,0.0,0
2012-08-16,2012-09-27,OPTIDX,CNXPSE,3600.0,CE,0.0,0.0,0.0,3.65,0.0,0,0.0,0
2012-08-16,2012-09-27,OPTIDX,CNXPSE,2200.0,PE,0.0,0.0,0.0,0.05,0.0,0,0.0,0
2012-08-16,2012-09-27,OPTIDX,CNXPSE,2300.0,PE,0.0,0.0,0.0,0.25,0.0,0,0.0,0
2012-08-16,2012-09-27,OPTIDX,CNXPSE,2400.0,PE,0.0,0.0,0.0,1.1,0.0,0,0.0,0
2012-08-16,2012-09-27,OPTIDX,CNXPSE,2500.0,PE,0.0,0.0,0.0,3.85,0.05,0,0.0,0
2012-08-16,2012-09-27,OPTIDX,CNXPSE,2600.0,PE,0.0,0.0,0.0,10.85,0.15,0,0.0,0
2012-08-16,2012-09-27,OPTIDX,CNXPSE,2700.0,PE,0.0,0.0,0.0,25.6,1.35,0,0.0,0
2012-08-16,2012-09-27,OPTIDX,CNXPSE,2800.0,PE,0.0,0.0,0.0,51.9,8.05,0,0.0,0
2012-08-16,2012-09-27,OPTIDX,CNXPSE,2900.0,PE,0.0,0.0,0.0,92.55,29.8,0,0.0,0
2012-08-16,2012-09-27,OPTIDX,CNXPSE,3000.0,PE,0.0,0.0,0.0,148.25,76.6,0,0.0,0
2012-08-16,2012-09-27,OPTIDX,CNXPSE,3100.0,PE,0.0,0.0,0.0,217.8,148.85,0,0.0,0
2012-08-16,2012-09-27,OPTIDX,CNXPSE,3200.0,PE,0.0,0.0,0.0,297.9,237.8,0,0.0,0
2012-08-16,2012-09-27,OPTIDX,CNXPSE,3300.0,PE,0.0,0.0,0.0,385.6,334.0,0,0.0,0
2012-08-16,2012-09-27,OPTIDX,CNXPSE,3400.0,PE,0.0,0.0,0.0,478.1,432.4,0,0.0,0
2012-08-16,2012-09-27,OPTIDX,CNXPSE,3500.0,PE,0.0,0.0,0.0,520.2,531.3,0,0.0,0
2012-08-16,2012-09-27,OPTIDX,CNXPSE,3600.0,PE,0.0,0.0,0.0,569.3,630.25,0,0.0,0
2012-08-16,2012-10-25,OPTIDX,CNXPSE,2200.0,CE,0.0,0.0,0.0,662.6,770.35,0,0.0,0
2012-08-16,2012-10-25,OPTIDX,CNXPSE,2300.0,CE,0.0,0.0,0.0,565.05,672.05,0,0.0,0
2012-08-16,2012-10-25,OPTIDX,CNXPSE,2400.0,CE,0.0,0.0,0.0,468.2,573.8,0,0.0,0
2012-08-16,2012-10-25,OPTIDX,CNXPSE,2500.0,CE,0.0,0.0,0.0,373.5,475.6,0,0.0,0
2012-08-16,2012-10-25,OPTIDX,CNXPSE,2600.0,CE,0.0,0.0,0.0,283.75,378.0,0,0.0,0
2012-08-16,2012-10-25,OPTIDX,CNXPSE,2700.0,CE,0.0,0.0,0.0,202.95,282.85,0,0.0,0
2012-08-16,2012-10-25,OPTIDX,CNXPSE,2800.0,CE,0.0,0.0,0.0,135.35,194.65,0,0.0,0
2012-08-16,2012-10-25,OPTIDX,CNXPSE,2900.0,CE,0.0,0.0,0.0,83.5,120.05,0,0.0,0
2012-08-16,2012-10-25,OPTIDX,CNXPSE,3000.0,CE,0.0,0.0,0.0,47.5,65.0,0,0.0,0
2012-08-16,2012-10-25,OPTIDX,CNXPSE,3100.0,CE,0.0,0.0,0.0,24.9,30.4,0,0.0,0
2012-08-16,2012-10-25,OPTIDX,CNXPSE,3200.0,CE,0.0,0.0,0.0,12.0,12.25,0,0.0,0
2012-08-16,2012-10-25,OPTIDX,CNXPSE,3300.0,CE,0.0,0.0,0.0,5.35,4.2,0,0.0,0
2012-08-16,2012-10-25,OPTIDX,CNXPSE,3400.0,CE,0.0,0.0,0.0,2.2,1.25,0,0.0,0
2012-08-16,2012-10-25,OPTIDX,CNXPSE,3500.0,CE,0.0,0.0,0.0,2.1,0.35,0,0.0,0
2012-08-16,2012-10-25,OPTIDX,CNXPSE,3600.0,CE,0.0,0.0,0.0,0.15,0.1,0,0.0,0
2012-08-16,2012-10-25,OPTIDX,CNXPSE,2200.0,PE,0.0,0.0,0.0,0.05,0.0,0,0.0,0
2012-08-16,2012-10-25,OPTIDX,CNXPSE,2300.0,PE,0.0,0.0,0.0,0.25,0.0,0,0.0,0
2012-08-16,2012-10-25,OPTIDX,CNXPSE,2400.0,PE,0.0,0.0,0.0,1.15,0.05,0,0.0,0
2012-08-16,2012-10-25,OPTIDX,CNXPSE,2500.0,PE,0.0,0.0,0.0,4.15,0.15,0,0.0,0
2012-08-16,2012-10-25,OPTIDX,CNXPSE,2600.0,PE,0.0,0.0,0.0,12.1,0.8,0,0.0,0
2012-08-16,2012-10-25,OPTIDX,CNXPSE,2700.0,PE,0.0,0.0,0.0,29.05,3.95,0,0.0,0
2012-08-16,2012-10-25,OPTIDX,CNXPSE,2800.0,PE,0.0,0.0,0.0,59.15,14.0,0,0.0,0
2012-08-16,2012-10-25,OPTIDX,CNXPSE,2900.0,PE,0.0,0.0,0.0,105.1,37.75,0,0.0,0
2012-08-16,2012-10-25,OPTIDX,CNXPSE,3000.0,PE,0.0,0.0,0.0,166.8,80.95,0,0.0,0
2012-08-16,2012-10-25,OPTIDX,CNXPSE,3100.0,PE,0.0,0.0,0.0,241.9,144.65,0,0.0,0
2012-08-16,2012-10-25,OPTIDX,CNXPSE,3200.0,PE,0.0,0.0,0.0,326.75,224.75,0,0.0,0
2012-08-16,2012-10-25,OPTIDX,CNXPSE,3300.0,PE,0.0,0.0,0.0,417.8,315.0,0,0.0,0
2012-08-16,2012-10-25,OPTIDX,CNXPSE,3400.0,PE,0.0,0.0,0.0,512.4,410.35,0,0.0,0
2012-08-16,2012-10-25,OPTIDX,CNXPSE,3500.0,PE,0.0,0.0,0.0,553.35,507.7,0,0.0,0
2012-08-16,2012-10-25,OPTIDX,CNXPSE,3600.0,PE,0.0,0.0,0.0,580.2,605.75,0,0.0,0
2012-08-16,2012-08-17,OPTIDX,FTSE100,4500.0,CE,0.0,0.0,0.0,903.65,1325.85,0,0.0,0
2012-08-16,2012-08-17,OPTIDX,FTSE100,4600.0,CE,0.0,0.0,0.0,877.65,1225.85,0,0.0,0
2012-08-16,2012-08-17,OPTIDX,FTSE100,4700.0,CE,0.0,0.0,0.0,784.85,1125.9,0,0.0,0
2012-08-16,2012-08-17,OPTIDX,FTSE100,4800.0,CE,0.0,0.0,0.0,694.65,1025.9,0,0.0,0
2012-08-16,2012-08-17,OPTIDX,FTSE100,4900.0,CE,0.0,0.0,0.0,607.85,925.95,0,0.0,0
2012-08-16,2012-08-17,OPTIDX,FTSE100,5000.0,CE,0.0,0.0,0.0,525.4,825.95,0,0.0,0
2012-08-16,2012-08-17,OPTIDX,FTSE100,5100.0,CE,0.0,0.0,0.0,448.15,726.0,0,0.0,0
2012-08-16,2012-08-17,OPTIDX,FTSE100,5200.0,CE,0.0,0.0,0.0,376.9,626.0,0,0.0,0
2012-08-16,2012-08-17,OPTIDX,FTSE100,5300.0,CE,0.0,0.0,0.0,312.45,526.05,0,0.0,0
2012-08-16,2012-08-17,OPTIDX,FTSE100,5400.0,CE,0.0,0.0,0.0,255.15,426.05,0,0.0,0
2012-08-16,2012-08-17,OPTIDX,FTSE100,5500.0,CE,0.0,0.0,0.0,205.1,326.1,0,0.0,0
2012-08-16,2012-08-17,OPTIDX,FTSE100,5600.0,CE,0.0,0.0,0.0,255.0,226.1,0,0.0,100
2012-08-16,2012-08-17,OPTIDX,FTSE100,5700.0,CE,0.0,0.0,0.0,160.0,126.15,0,0.0,6550
2012-08-16,2012-08-17,OPTIDX,FTSE100,5800.0,CE,34.0,34.0,30.0,30.0,30.0,6,17.5,5300
2012-08-16,2012-08-17,OPTIDX,FTSE100,5900.0,CE,19.0,19.0,1.3,1.3,1.3,26,76.72,12200
2012-08-16,2012-08-17,OPTIDX,FTSE100,6000.0,CE,0.1,0.15,0.1,0.15,0.15,18,54.0,7000
2012-08-16,2012-08-17,OPTIDX,FTSE100,6100.0,CE,0.1,0.1,0.1,0.1,0.1,11,33.55,3250
2012-08-16,2012-08-17,OPTIDX,FTSE100,6200.0,CE,0.0,0.0,0.0,0.05,0.0,0,0.0,0
2012-08-16,2012-08-17,OPTIDX,FTSE100,6300.0,CE,0.0,0.0,0.0,15.4,0.0,0,0.0,0
2012-08-16,2012-08-17,OPTIDX,FTSE100,6400.0,CE,0.0,0.0,0.0,7.3,0.0,0,0.0,0
2012-08-16,2012-08-17,OPTIDX,FTSE100,6500.0,CE,0.0,0.0,0.0,2.85,0.0,0,0.0,0
2012-08-16,2012-08-17,OPTIDX,FTSE100,6600.0,CE,0.0,0.0,0.0,0.05,0.0,0,0.0,0
2012-08-16,2012-08-17,OPTIDX,FTSE100,6700.0,CE,0.0,0.0,0.0,0.05,0.0,0,0.0,0
2012-08-16,2012-08-17,OPTIDX,FTSE100,4500.0,PE,0.0,0.0,0.0,5.1,0.0,0,0.0,0
2012-08-16,2012-08-17,OPTIDX,FTSE100,4600.0,PE,0.0,0.0,0.0,6.55,0.0,0,0.0,0
2012-08-16,2012-08-17,OPTIDX,FTSE100,4700.0,PE,0.0,0.0,0.0,11.35,0.0,0,0.0,0
2012-08-16,2012-08-17,OPTIDX,FTSE100,4800.0,PE,0.0,0.0,0.0,18.7,0.0,0,0.0,0
2012-08-16,2012-08-17,OPTIDX,FTSE100,4900.0,PE,0.0,0.0,0.0,29.5,0.0,0,0.0,0
2012-08-16,2012-08-17,OPTIDX,FTSE100,5000.0,PE,0.0,0.0,0.0,0.15,0.0,0,0.0,0
2012-08-16,2012-08-17,OPTIDX,FTSE100,5100.0,PE,0.0,0.0,0.0,0.05,0.0,0,0.0,0
2012-08-16,2012-08-17,OPTIDX,FTSE100,5200.0,PE,0.4,0.4,0.3,0.3,0.3,10,26.0,2900
2012-08-16,2012-08-17,OPTIDX,FTSE100,5300.0,PE,1.0,1.0,0.25,0.25,0.25,15,39.75,7050
2012-08-16,2012-08-17,OPTIDX,FTSE100,5400.0,PE,0.5,0.5,0.5,0.5,0.5,2,5.4,15500
2012-08-16,2012-08-17,OPTIDX,FTSE100,5500.0,PE,0.0,0.0,0.0,0.5,0.0,0,0.0,11950
2012-08-16,2012-08-17,OPTIDX,FTSE100,5600.0,PE,0.0,0.0,0.0,0.55,0.0,0,0.0,4250
2012-08-16,2012-08-17,OPTIDX,FTSE100,5700.0,PE,0.5,0.95,0.5,0.85,0.85,5,14.25,2800
2012-08-16,2012-08-17,OPTIDX,FTSE100,5800.0,PE,0.0,0.0,0.0,396.75,8.2,0,0.0,0
2012-08-16,2012-08-17,OPTIDX,FTSE100,5900.0,PE,0.0,0.0,0.0,470.6,74.95,0,0.0,0
2012-08-16,2012-08-17,OPTIDX,FTSE100,6000.0,PE,0.0,0.0,0.0,549.4,173.85,0,0.0,0
2012-08-16,2012-08-17,OPTIDX,FTSE100,6100.0,PE,0.0,0.0,0.0,632.35,273.8,0,0.0,0
2012-08-16,2012-08-17,OPTIDX,FTSE100,6200.0,PE,0.0,0.0,0.0,718.8,373.8,0,0.0,0
2012-08-16,2012-08-17,OPTIDX,FTSE100,6300.0,PE,0.0,0.0,0.0,714.9,473.75,0,0.0,0
2012-08-16,2012-08-17,OPTIDX,FTSE100,6400.0,PE,0.0,0.0,0.0,715.2,573.75,0,0.0,0
2012-08-16,2012-08-17,OPTIDX,FTSE100,6500.0,PE,0.0,0.0,0.0,766.2,673.75,0,0.0,0
2012-08-16,2012-08-17,OPTIDX,FTSE100,6600.0,PE,0.0,0.0,0.0,790.25,773.7,0,0.0,0
2012-08-16,2012-08-17,OPTIDX,FTSE100,6700.0,PE,0.0,0.0,0.0,835.15,873.7,0,0.0,0
2012-08-16,2012-09-21,OPTIDX,FTSE100,4500.0,CE,0.0,0.0,0.0,949.7,1364.65,0,0.0,0
2012-08-16,2012-09-21,OPTIDX,FTSE100,4600.0,CE,0.0,0.0,0.0,942.65,1265.55,0,0.0,0
2012-08-16,2012-09-21,OPTIDX,FTSE100,4700.0,CE,0.0,0.0,0.0,1012.4,1166.45,0,0.0,0
2012-08-16,2012-09-21,OPTIDX,FTSE100,4800.0,CE,0.0,0.0,0.0,1021.45,1067.3,0,0.0,0
2012-08-16,2012-09-21,OPTIDX,FTSE100,4900.0,CE,0.0,0.0,0.0,1001.0,968.2,0,0.0,0
2012-08-16,2012-09-21,OPTIDX,FTSE100,5000.0,CE,0.0,0.0,0.0,986.95,869.1,0,0.0,0
2012-08-16,2012-09-21,OPTIDX,FTSE100,5100.0,CE,0.0,0.0,0.0,897.95,770.1,0,0.0,0
2012-08-16,2012-09-21,OPTIDX,FTSE100,5200.0,CE,0.0,0.0,0.0,811.6,671.3,0,0.0,0
2012-08-16,2012-09-21,OPTIDX,FTSE100,5300.0,CE,0.0,0.0,0.0,728.35,573.15,0,0.0,0
2012-08-16,2012-09-21,OPTIDX,FTSE100,5400.0,CE,0.0,0.0,0.0,648.8,476.6,0,0.0,0
2012-08-16,2012-09-21,OPTIDX,FTSE100,5500.0,CE,0.0,0.0,0.0,573.5,383.45,0,0.0,0
2012-08-16,2012-09-21,OPTIDX,FTSE100,5600.0,CE,0.0,0.0,0.0,490.0,296.25,0,0.0,0
2012-08-16,2012-09-21,OPTIDX,FTSE100,5700.0,CE,0.0,0.0,0.0,437.1,218.25,0,0.0,0
2012-08-16,2012-09-21,OPTIDX,FTSE100,5800.0,CE,0.0,0.0,0.0,376.85,151.85,0,0.0,0
2012-08-16,2012-09-21,OPTIDX,FTSE100,5900.0,CE,0.0,0.0,0.0,322.15,99.4,0,0.0,0
2012-08-16,2012-09-21,OPTIDX,FTSE100,6000.0,CE,39.5,39.5,33.5,33.5,33.5,106,319.99,1750
2012-08-16,2012-09-21,OPTIDX,FTSE100,6100.0,CE,20.5,20.5,17.0,17.0,17.0,105,321.28,2050
2012-08-16,2012-09-21,OPTIDX,FTSE100,6200.0,CE,20.5,20.5,20.5,20.5,20.5,4,12.44,200
2012-08-16,2012-09-21,OPTIDX,FTSE100,6300.0,CE,0.0,0.0,0.0,157.5,9.15,0,0.0,0
2012-08-16,2012-09-21,OPTIDX,FTSE100,6400.0,CE,0.0,0.0,0.0,128.85,4.2,0,0.0,0
2012-08-16,2012-09-21,OPTIDX,FTSE100,6500.0,CE,0.0,0.0,0.0,104.8,1.8,0,0.0,0
2012-08-16,2012-09-21,OPTIDX,FTSE100,6600.0,CE,0.0,0.0,0.0,84.15,0.7,0,0.0,0
2012-08-16,2012-09-21,OPTIDX,FTSE100,6700.0,CE,0.0,0.0,0.0,0.55,0.3,0,0.0,0
2012-08-16,2012-09-21,OPTIDX,FTSE100,4500.0,PE,0.0,0.0,0.0,10.2,0.0,0,0.0,0
2012-08-16,2012-09-21,OPTIDX,FTSE100,4600.0,PE,0.0,0.0,0.0,13.45,0.0,0,0.0,0
2012-08-16,2012-09-21,OPTIDX,FTSE100,4700.0,PE,0.0,0.0,0.0,12.1,0.0,0,0.0,0
2012-08-16,2012-09-21,OPTIDX,FTSE100,4800.0,PE,0.0,0.0,0.0,8.25,0.0,0,0.0,0
2012-08-16,2012-09-21,OPTIDX,FTSE100,4900.0,PE,0.0,0.0,0.0,11.8,0.0,0,0.0,0
2012-08-16,2012-09-21,OPTIDX,FTSE100,5000.0,PE,0.0,0.0,0.0,15.1,0.05,0,0.0,0
2012-08-16,2012-09-21,OPTIDX,FTSE100,5100.0,PE,0.0,0.0,0.0,22.4,0.1,0,0.0,0
2012-08-16,2012-09-21,OPTIDX,FTSE100,5200.0,PE,0.0,0.0,0.0,32.35,0.45,0,0.0,0
2012-08-16,2012-09-21,OPTIDX,FTSE100,5300.0,PE,0.0,0.0,0.0,45.45,1.4,0,0.0,0
2012-08-16,2012-09-21,OPTIDX,FTSE100,5400.0,PE,0.0,0.0,0.0,62.2,4.0,0,0.0,0
2012-08-16,2012-09-21,OPTIDX,FTSE100,5500.0,PE,20.0,24.0,16.05,16.05,16.05,201,554.78,5350
2012-08-16,2012-09-21,OPTIDX,FTSE100,5600.0,PE,33.0,37.0,30.5,35.0,35.0,120,337.98,5500
2012-08-16,2012-09-21,OPTIDX,FTSE100,5700.0,PE,0.0,0.0,0.0,139.4,43.0,0,0.0,0
2012-08-16,2012-09-21,OPTIDX,FTSE100,5800.0,PE,0.0,0.0,0.0,175.45,75.7,0,0.0,0
2012-08-16,2012-09-21,OPTIDX,FTSE100,5900.0,PE,0.0,0.0,0.0,217.05,122.35,0,0.0,0
2012-08-16,2012-09-21,OPTIDX,FTSE100,6000.0,PE,0.0,0.0,0.0,264.15,182.95,0,0.0,0
2012-08-16,2012-09-21,OPTIDX,FTSE100,6100.0,PE,0.0,0.0,0.0,316.75,255.95,0,0.0,0
2012-08-16,2012-09-21,OPTIDX,FTSE100,6200.0,PE,0.0,0.0,0.0,374.65,338.8,0,0.0,0
2012-08-16,2012-09-21,OPTIDX,FTSE100,6300.0,PE,0.0,0.0,0.0,437.6,428.55,0,0.0,0
2012-08-16,2012-09-21,OPTIDX,FTSE100,6400.0,PE,0.0,0.0,0.0,505.25,522.7,0,0.0,0
2012-08-16,2012-09-21,OPTIDX,FTSE100,6500.0,PE,0.0,0.0,0.0,577.55,619.4,0,0.0,0
2012-08-16,2012-09-21,OPTIDX,FTSE100,6600.0,PE,0.0,0.0,0.0,653.2,717.45,0,0.0,0
2012-08-16,2012-09-21,OPTIDX,FTSE100,6700.0,PE,0.0,0.0,0.0,777.7,816.15,0,0.0,0
2012-08-16,2012-10-19,OPTIDX,FTSE100,4700.0,CE,0.0,0.0,0.0,949.6,1198.6,0,0.0,0
2012-08-16,2012-10-19,OPTIDX,FTSE100,4800.0,CE,0.0,0.0,0.0,866.55,1100.2,0,0.0,0
2012-08-16,2012-10-19,OPTIDX,FTSE100,4900.0,CE,0.0,0.0,0.0,914.65,1001.85,0,0.0,0
2012-08-16,2012-10-19,OPTIDX,FTSE100,5000.0,CE,0.0,0.0,0.0,818.3,903.7,0,0.0,0
2012-08-16,2012-10-19,OPTIDX,FTSE100,5100.0,CE,0.0,0.0,0.0,723.2,805.95,0,0.0,0
2012-08-16,2012-10-19,OPTIDX,FTSE100,5200.0,CE,0.0,0.0,0.0,630.2,709.05,0,0.0,0
2012-08-16,2012-10-19,OPTIDX,FTSE100,5300.0,CE,0.0,0.0,0.0,540.3,613.8,0,0.0,0
2012-08-16,2012-10-19,OPTIDX,FTSE100,5400.0,CE,0.0,0.0,0.0,454.85,521.25,0,0.0,0
2012-08-16,2012-10-19,OPTIDX,FTSE100,5500.0,CE,0.0,0.0,0.0,375.25,433.0,0,0.0,0
2012-08-16,2012-10-19,OPTIDX,FTSE100,5600.0,CE,0.0,0.0,0.0,302.7,350.7,0,0.0,0
2012-08-16,2012-10-19,OPTIDX,FTSE100,5700.0,CE,0.0,0.0,0.0,238.55,276.05,0,0.0,0
2012-08-16,2012-10-19,OPTIDX,FTSE100,5800.0,CE,0.0,0.0,0.0,183.3,210.8,0,0.0,0
2012-08-16,2012-10-19,OPTIDX,FTSE100,5900.0,CE,0.0,0.0,0.0,137.2,155.7,0,0.0,0
2012-08-16,2012-10-19,OPTIDX,FTSE100,6000.0,CE,0.0,0.0,0.0,99.95,111.05,0,0.0,0
2012-08-16,2012-10-19,OPTIDX,FTSE100,6100.0,CE,0.0,0.0,0.0,70.85,76.4,0,0.0,0
2012-08-16,2012-10-19,OPTIDX,FTSE100,6200.0,CE,0.0,0.0,0.0,48.9,50.7,0,0.0,0
2012-08-16,2012-10-19,OPTIDX,FTSE100,6300.0,CE,0.0,0.0,0.0,32.85,32.4,0,0.0,0
2012-08-16,2012-10-19,OPTIDX,FTSE100,6400.0,CE,0.0,0.0,0.0,21.4,19.95,0,0.0,0
2012-08-16,2012-10-19,OPTIDX,FTSE100,6500.0,CE,0.0,0.0,0.0,13.6,11.8,0,0.0,0
2012-08-16,2012-10-19,OPTIDX,FTSE100,6600.0,CE,0.0,0.0,0.0,18.5,6.75,0,0.0,0
2012-08-16,2012-10-19,OPTIDX,FTSE100,6700.0,CE,0.0,0.0,0.0,5.45,3.7,0,0.0,0
2012-08-16,2012-10-19,OPTIDX,FTSE100,4700.0,PE,0.0,0.0,0.0,1.85,0.05,0,0.0,0
2012-08-16,2012-10-19,OPTIDX,FTSE100,4800.0,PE,0.0,0.0,0.0,4.35,0.05,0,0.0,0
2012-08-16,2012-10-19,OPTIDX,FTSE100,4900.0,PE,0.0,0.0,0.0,1.1,0.15,0,0.0,0
2012-08-16,2012-10-19,OPTIDX,FTSE100,5000.0,PE,0.0,0.0,0.0,2.4,0.45,0,0.0,0
2012-08-16,2012-10-19,OPTIDX,FTSE100,5100.0,PE,0.0,0.0,0.0,5.0,1.1,0,0.0,0
2012-08-16,2012-10-19,OPTIDX,FTSE100,5200.0,PE,0.0,0.0,0.0,9.65,2.65,0,0.0,0
2012-08-16,2012-10-19,OPTIDX,FTSE100,5300.0,PE,0.0,0.0,0.0,17.45,5.8,0,0.0,0
2012-08-16,2012-10-19,OPTIDX,FTSE100,5400.0,PE,0.0,0.0,0.0,29.7,11.7,0,0.0,0
2012-08-16,2012-10-19,OPTIDX,FTSE100,5500.0,PE,0.0,0.0,0.0,47.75,21.85,0,0.0,0
2012-08-16,2012-10-19,OPTIDX,FTSE100,5600.0,PE,0.0,0.0,0.0,72.85,38.0,0,0.0,0
2012-08-16,2012-10-19,OPTIDX,FTSE100,5700.0,PE,0.0,0.0,0.0,106.35,61.8,0,0.0,0
2012-08-16,2012-10-19,OPTIDX,FTSE100,5800.0,PE,0.0,0.0,0.0,148.8,94.95,0,0.0,0
2012-08-16,2012-10-19,OPTIDX,FTSE100,5900.0,PE,0.0,0.0,0.0,200.35,138.3,0,0.0,0
2012-08-16,2012-10-19,OPTIDX,FTSE100,6000.0,PE,0.0,0.0,0.0,260.8,192.05,0,0.0,0
2012-08-16,2012-10-19,OPTIDX,FTSE100,6100.0,PE,0.0,0.0,0.0,329.35,255.85,0,0.0,0
2012-08-16,2012-10-19,OPTIDX,FTSE100,6200.0,PE,0.0,0.0,0.0,405.1,328.6,0,0.0,0
2012-08-16,2012-10-19,OPTIDX,FTSE100,6300.0,PE,0.0,0.0,0.0,486.7,408.7,0,0.0,0
2012-08-16,2012-10-19,OPTIDX,FTSE100,6400.0,PE,0.0,0.0,0.0,572.95,494.65,0,0.0,0
2012-08-16,2012-10-19,OPTIDX,FTSE100,6500.0,PE,0.0,0.0,0.0,662.8,584.95,0,0.0,0
2012-08-16,2012-10-19,OPTIDX,FTSE100,6600.0,PE,0.0,0.0,0.0,704.9,678.35,0,0.0,0
2012-08-16,2012-10-19,OPTIDX,FTSE100,6700.0,PE,0.0,0.0,0.0,736.7,773.75,0,0.0,0
2012-08-16,2012-12-21,OPTIDX,FTSE100,4500.0,CE,0.0,0.0,0.0,1067.85,1464.0,0,0.0,0
2012-08-16,2012-12-21,OPTIDX,FTSE100,4600.0,CE,0.0,0.0,0.0,1065.55,1367.2,0,0.0,0
2012-08-16,2012-12-21,OPTIDX,FTSE100,4700.0,CE,0.0,0.0,0.0,1134.65,1270.55,0,0.0,0
2012-08-16,2012-12-21,OPTIDX,FTSE100,4800.0,CE,0.0,0.0,0.0,1142.8,1174.1,0,0.0,0
2012-08-16,2012-12-21,OPTIDX,FTSE100,4900.0,CE,0.0,0.0,0.0,1125.9,1078.1,0,0.0,0
2012-08-16,2012-12-21,OPTIDX,FTSE100,5000.0,CE,0.0,0.0,0.0,1115.65,982.8,0,0.0,0
2012-08-16,2012-12-21,OPTIDX,FTSE100,5100.0,CE,0.0,0.0,0.0,1031.55,888.65,0,0.0,0
2012-08-16,2012-12-21,OPTIDX,FTSE100,5200.0,CE,0.0,0.0,0.0,949.9,796.2,0,0.0,0
2012-08-16,2012-12-21,OPTIDX,FTSE100,5300.0,CE,0.0,0.0,0.0,871.0,706.15,0,0.0,0
2012-08-16,2012-12-21,OPTIDX,FTSE100,5400.0,CE,0.0,0.0,0.0,795.15,619.35,0,0.0,0
2012-08-16,2012-12-21,OPTIDX,FTSE100,5500.0,CE,0.0,0.0,0.0,722.7,536.65,0,0.0,0
2012-08-16,2012-12-21,OPTIDX,FTSE100,5600.0,CE,0.0,0.0,0.0,653.95,458.9,0,0.0,0
2012-08-16,2012-12-21,OPTIDX,FTSE100,5700.0,CE,0.0,0.0,0.0,588.7,386.95,0,0.0,0
2012-08-16,2012-12-21,OPTIDX,FTSE100,5800.0,CE,0.0,0.0,0.0,527.65,321.6,0,0.0,0
2012-08-16,2012-12-21,OPTIDX,FTSE100,5900.0,CE,0.0,0.0,0.0,470.75,263.2,0,0.0,0
2012-08-16,2012-12-21,OPTIDX,FTSE100,6000.0,CE,0.0,0.0,0.0,418.05,212.05,0,0.0,0
2012-08-16,2012-12-21,OPTIDX,FTSE100,6100.0,CE,0.0,0.0,0.0,369.45,168.15,0,0.0,0
2012-08-16,2012-12-21,OPTIDX,FTSE100,6200.0,CE,0.0,0.0,0.0,325.0,131.15,0,0.0,0
2012-08-16,2012-12-21,OPTIDX,FTSE100,6300.0,CE,0.0,0.0,0.0,284.55,100.65,0,0.0,0
2012-08-16,2012-12-21,OPTIDX,FTSE100,6400.0,CE,0.0,0.0,0.0,248.0,76.3,0,0.0,0
2012-08-16,2012-12-21,OPTIDX,FTSE100,6500.0,CE,0.0,0.0,0.0,215.15,56.5,0,0.0,0
2012-08-16,2012-12-21,OPTIDX,FTSE100,6600.0,CE,0.0,0.0,0.0,185.85,41.3,0,0.0,0
2012-08-16,2012-12-21,OPTIDX,FTSE100,6700.0,CE,0.0,0.0,0.0,36.5,29.7,0,0.0,0
2012-08-16,2012-12-21,OPTIDX,FTSE100,4500.0,PE,0.0,0.0,0.0,23.6,0.1,0,0.0,0
2012-08-16,2012-12-21,OPTIDX,FTSE100,4600.0,PE,0.0,0.0,0.0,28.5,0.2,0,0.0,0
2012-08-16,2012-12-21,OPTIDX,FTSE100,4700.0,PE,0.0,0.0,0.0,25.8,0.4,0,0.0,0
2012-08-16,2012-12-21,OPTIDX,FTSE100,4800.0,PE,0.0,0.0,0.0,18.5,0.9,0,0.0,0
2012-08-16,2012-12-21,OPTIDX,FTSE100,4900.0,PE,0.0,0.0,0.0,24.4,1.8,0,0.0,0
2012-08-16,2012-12-21,OPTIDX,FTSE100,5000.0,PE,0.0,0.0,0.0,28.95,3.4,0,0.0,0
2012-08-16,2012-12-21,OPTIDX,FTSE100,5100.0,PE,0.0,0.0,0.0,38.9,6.15,0,0.0,0
2012-08-16,2012-12-21,OPTIDX,FTSE100,5200.0,PE,0.0,0.0,0.0,51.25,10.65,0,0.0,0
2012-08-16,2012-12-21,OPTIDX,FTSE100,5300.0,PE,0.0,0.0,0.0,66.35,17.5,0,0.0,0
2012-08-16,2012-12-21,OPTIDX,FTSE100,5400.0,PE,0.0,0.0,0.0,84.55,27.6,0,0.0,0
2012-08-16,2012-12-21,OPTIDX,FTSE100,5500.0,PE,0.0,0.0,0.0,205.0,41.8,0,0.0,50
2012-08-16,2012-12-21,OPTIDX,FTSE100,5600.0,PE,0.0,0.0,0.0,131.35,60.95,0,0.0,0
2012-08-16,2012-12-21,OPTIDX,FTSE100,5700.0,PE,0.0,0.0,0.0,160.05,85.9,0,0.0,0
2012-08-16,2012-12-21,OPTIDX,FTSE100,5800.0,PE,0.0,0.0,0.0,193.05,117.45,0,0.0,0
2012-08-16,2012-12-21,OPTIDX,FTSE100,5900.0,PE,0.0,0.0,0.0,230.15,156.0,0,0.0,0
2012-08-16,2012-12-21,OPTIDX,FTSE100,6000.0,PE,0.0,0.0,0.0,271.45,201.75,0,0.0,0
2012-08-16,2012-12-21,OPTIDX,FTSE100,6100.0,PE,0.0,0.0,0.0,316.85,254.7,0,0.0,0
2012-08-16,2012-12-21,OPTIDX,FTSE100,6200.0,PE,0.0,0.0,0.0,366.4,314.65,0,0.0,0
2012-08-16,2012-12-21,OPTIDX,FTSE100,6300.0,PE,0.0,0.0,0.0,420.0,381.05,0,0.0,0
2012-08-16,2012-12-21,OPTIDX,FTSE100,6400.0,PE,0.0,0.0,0.0,477.45,453.6,0,0.0,0
2012-08-16,2012-12-21,OPTIDX,FTSE100,6500.0,PE,0.0,0.0,0.0,538.6,530.7,0,0.0,0
2012-08-16,2012-12-21,OPTIDX,FTSE100,6600.0,PE,0.0,0.0,0.0,603.3,612.45,0,0.0,0
2012-08-16,2012-12-21,OPTIDX,FTSE100,6700.0,PE,0.0,0.0,0.0,665.55,697.75,0,0.0,0
2012-08-16,2013-03-15,OPTIDX,FTSE100,4500.0,CE,0.0,0.0,0.0,1172.6,1554.25,0,0.0,0
2012-08-16,2013-03-15,OPTIDX,FTSE100,4600.0,CE,0.0,0.0,0.0,1173.85,1459.85,0,0.0,0
2012-08-16,2013-03-15,OPTIDX,FTSE100,4700.0,CE,0.0,0.0,0.0,1242.9,1365.85,0,0.0,0
2012-08-16,2013-03-15,OPTIDX,FTSE100,4800.0,CE,0.0,0.0,0.0,1250.85,1272.35,0,0.0,0
2012-08-16,2013-03-15,OPTIDX,FTSE100,4900.0,CE,0.0,0.0,0.0,1236.6,1179.65,0,0.0,0
2012-08-16,2013-03-15,OPTIDX,FTSE100,5000.0,CE,0.0,0.0,0.0,1229.15,1088.1,0,0.0,0
2012-08-16,2013-03-15,OPTIDX,FTSE100,5100.0,CE,0.0,0.0,0.0,1148.2,998.0,0,0.0,0
2012-08-16,2013-03-15,OPTIDX,FTSE100,5200.0,CE,0.0,0.0,0.0,1069.45,909.9,0,0.0,0
2012-08-16,2013-03-15,OPTIDX,FTSE100,5300.0,CE,0.0,0.0,0.0,993.15,824.2,0,0.0,0
2012-08-16,2013-03-15,OPTIDX,FTSE100,5400.0,CE,0.0,0.0,0.0,919.45,741.45,0,0.0,0
2012-08-16,2013-03-15,OPTIDX,FTSE100,5500.0,CE,0.0,0.0,0.0,848.6,662.2,0,0.0,0
2012-08-16,2013-03-15,OPTIDX,FTSE100,5600.0,CE,0.0,0.0,0.0,780.9,586.9,0,0.0,0
2012-08-16,2013-03-15,OPTIDX,FTSE100,5700.0,CE,0.0,0.0,0.0,715.9,516.25,0,0.0,0
2012-08-16,2013-03-15,OPTIDX,FTSE100,5800.0,CE,0.0,0.0,0.0,654.55,450.05,0,0.0,0
2012-08-16,2013-03-15,OPTIDX,FTSE100,5900.0,CE,0.0,0.0,0.0,596.55,389.3,0,0.0,0
2012-08-16,2013-03-15,OPTIDX,FTSE100,6000.0,CE,0.0,0.0,0.0,542.0,333.9,0,0.0,0
2012-08-16,2013-03-15,OPTIDX,FTSE100,6100.0,CE,0.0,0.0,0.0,490.9,283.9,0,0.0,0
2012-08-16,2013-03-15,OPTIDX,FTSE100,6200.0,CE,0.0,0.0,0.0,443.2,239.3,0,0.0,0
2012-08-16,2013-03-15,OPTIDX,FTSE100,6300.0,CE,0.0,0.0,0.0,398.9,199.95,0,0.0,0
2012-08-16,2013-03-15,OPTIDX,FTSE100,6400.0,CE,0.0,0.0,0.0,357.95,165.65,0,0.0,0
2012-08-16,2013-03-15,OPTIDX,FTSE100,6500.0,CE,0.0,0.0,0.0,320.25,136.05,0,0.0,0
2012-08-16,2013-03-15,OPTIDX,FTSE100,6600.0,CE,0.0,0.0,0.0,285.65,111.05,0,0.0,0
2012-08-16,2013-03-15,OPTIDX,FTSE100,6700.0,CE,0.0,0.0,0.0,102.55,89.55,0,0.0,0
2012-08-16,2013-03-15,OPTIDX,FTSE100,4500.0,PE,0.0,0.0,0.0,33.9,0.65,0,0.0,0
2012-08-16,2013-03-15,OPTIDX,FTSE100,4600.0,PE,0.0,0.0,0.0,39.6,1.15,0,0.0,0
2012-08-16,2013-03-15,OPTIDX,FTSE100,4700.0,PE,0.0,0.0,0.0,36.15,2.05,0,0.0,0
2012-08-16,2013-03-15,OPTIDX,FTSE100,4800.0,PE,0.0,0.0,0.0,26.45,3.45,0,0.0,0
2012-08-16,2013-03-15,OPTIDX,FTSE100,4900.0,PE,0.0,0.0,0.0,33.75,5.7,0,0.0,0
2012-08-16,2013-03-15,OPTIDX,FTSE100,5000.0,PE,0.0,0.0,0.0,38.95,9.05,0,0.0,0
2012-08-16,2013-03-15,OPTIDX,FTSE100,5100.0,PE,0.0,0.0,0.0,49.95,13.9,0,0.0,0
2012-08-16,2013-03-15,OPTIDX,FTSE100,5200.0,PE,0.0,0.0,0.0,63.1,20.65,0,0.0,0
2012-08-16,2013-03-15,OPTIDX,FTSE100,5300.0,PE,0.0,0.0,0.0,78.7,29.9,0,0.0,0
2012-08-16,2013-03-15,OPTIDX,FTSE100,5400.0,PE,0.0,0.0,0.0,96.95,42.05,0,0.0,0
2012-08-16,2013-03-15,OPTIDX,FTSE100,5500.0,PE,0.0,0.0,0.0,218.0,57.7,0,0.0,100
2012-08-16,2013-03-15,OPTIDX,FTSE100,5600.0,PE,0.0,0.0,0.0,142.3,77.35,0,0.0,0
2012-08-16,2013-03-15,OPTIDX,FTSE100,5700.0,PE,0.0,0.0,0.0,169.25,101.6,0,0.0,0
2012-08-16,2013-03-15,OPTIDX,FTSE100,5800.0,PE,0.0,0.0,0.0,199.85,130.35,0,0.0,0
2012-08-16,2013-03-15,OPTIDX,FTSE100,5900.0,PE,0.0,0.0,0.0,233.75,164.5,0,0.0,0
2012-08-16,2013-03-15,OPTIDX,FTSE100,6000.0,PE,0.0,0.0,0.0,271.15,204.0,0,0.0,0
2012-08-16,2013-03-15,OPTIDX,FTSE100,6100.0,PE,0.0,0.0,0.0,311.95,248.9,0,0.0,0
2012-08-16,2013-03-15,OPTIDX,FTSE100,6200.0,PE,0.0,0.0,0.0,356.25,299.2,0,0.0,0
2012-08-16,2013-03-15,OPTIDX,FTSE100,6300.0,PE,0.0,0.0,0.0,403.85,354.8,0,0.0,0
2012-08-16,2013-03-15,OPTIDX,FTSE100,6400.0,PE,0.0,0.0,0.0,454.85,415.4,0,0.0,0
2012-08-16,2013-03-15,OPTIDX,FTSE100,6500.0,PE,0.0,0.0,0.0,509.05,480.7,0,0.0,0
2012-08-16,2013-03-15,OPTIDX,FTSE100,6600.0,PE,0.0,0.0,0.0,566.4,550.6,0,0.0,0
2012-08-16,2013-03-15,OPTIDX,FTSE100,6700.0,PE,0.0,0.0,0.0,597.8,624.05,0,0.0,0
2012-08-16,2013-06-21,OPTIDX,FTSE100,4600.0,CE,0.0,0.0,0.0,1298.2,1566.25,0,0.0,0
2012-08-16,2013-06-21,OPTIDX,FTSE100,4700.0,CE,0.0,0.0,0.0,1215.85,1475.3,0,0.0,0
2012-08-16,2013-06-21,OPTIDX,FTSE100,4800.0,CE,0.0,0.0,0.0,1135.4,1385.05,0,0.0,0
2012-08-16,2013-06-21,OPTIDX,FTSE100,4900.0,CE,0.0,0.0,0.0,1057.15,1295.8,0,0.0,0
2012-08-16,2013-06-21,OPTIDX,FTSE100,5000.0,CE,0.0,0.0,0.0,981.25,1207.75,0,0.0,0
2012-08-16,2013-06-21,OPTIDX,FTSE100,5100.0,CE,0.0,0.0,0.0,907.95,1121.25,0,0.0,0
2012-08-16,2013-06-21,OPTIDX,FTSE100,5200.0,CE,0.0,0.0,0.0,837.45,1036.65,0,0.0,0
2012-08-16,2013-06-21,OPTIDX,FTSE100,5300.0,CE,0.0,0.0,0.0,770.15,954.2,0,0.0,0
2012-08-16,2013-06-21,OPTIDX,FTSE100,5400.0,CE,0.0,0.0,0.0,705.75,874.3,0,0.0,0
2012-08-16,2013-06-21,OPTIDX,FTSE100,5500.0,CE,0.0,0.0,0.0,644.55,797.35,0,0.0,0
2012-08-16,2013-06-21,OPTIDX,FTSE100,5600.0,CE,0.0,0.0,0.0,586.9,723.6,0,0.0,0
2012-08-16,2013-06-21,OPTIDX,FTSE100,5700.0,CE,0.0,0.0,0.0,532.7,653.6,0,0.0,0
2012-08-16,2013-06-21,OPTIDX,FTSE100,5800.0,CE,0.0,0.0,0.0,482.0,586.85,0,0.0,0
2012-08-16,2013-06-21,OPTIDX,FTSE100,5900.0,CE,0.0,0.0,0.0,434.7,524.5,0,0.0,0
2012-08-16,2013-06-21,OPTIDX,FTSE100,6000.0,CE,0.0,0.0,0.0,390.85,466.3,0,0.0,0
2012-08-16,2013-06-21,OPTIDX,FTSE100,6100.0,CE,0.0,0.0,0.0,350.3,412.35,0,0.0,0
2012-08-16,2013-06-21,OPTIDX,FTSE100,6200.0,CE,0.0,0.0,0.0,313.0,362.75,0,0.0,0
2012-08-16,2013-06-21,OPTIDX,FTSE100,6300.0,CE,0.0,0.0,0.0,305.75,317.35,0,0.0,0
2012-08-16,2013-06-21,OPTIDX,FTSE100,6400.0,CE,0.0,0.0,0.0,295.3,276.2,0,0.0,0
2012-08-16,2013-06-21,OPTIDX,FTSE100,6500.0,CE,0.0,0.0,0.0,279.3,239.15,0,0.0,0
2012-08-16,2013-06-21,OPTIDX,FTSE100,6600.0,CE,0.0,0.0,0.0,263.8,205.95,0,0.0,0
2012-08-16,2013-06-21,OPTIDX,FTSE100,6700.0,CE,0.0,0.0,0.0,194.7,176.5,0,0.0,0
2012-08-16,2013-06-21,OPTIDX,FTSE100,4600.0,PE,0.0,0.0,0.0,26.25,3.0,0,0.0,0
2012-08-16,2013-06-21,OPTIDX,FTSE100,4700.0,PE,0.0,0.0,0.0,34.6,4.65,0,0.0,0
2012-08-16,2013-06-21,OPTIDX,FTSE100,4800.0,PE,0.0,0.0,0.0,44.85,7.05,0,0.0,0
2012-08-16,2013-06-21,OPTIDX,FTSE100,4900.0,PE,0.0,0.0,0.0,57.25,10.45,0,0.0,0
2012-08-16,2013-06-21,OPTIDX,FTSE100,5000.0,PE,0.0,0.0,0.0,72.0,15.05,0,0.0,0
2012-08-16,2013-06-21,OPTIDX,FTSE100,5100.0,PE,0.0,0.0,0.0,89.4,21.2,0,0.0,0
2012-08-16,2013-06-21,OPTIDX,FTSE100,5200.0,PE,0.0,0.0,0.0,109.6,29.2,0,0.0,0
2012-08-16,2013-06-21,OPTIDX,FTSE100,5300.0,PE,0.0,0.0,0.0,132.95,39.4,0,0.0,0
2012-08-16,2013-06-21,OPTIDX,FTSE100,5400.0,PE,0.0,0.0,0.0,159.25,52.15,0,0.0,0
2012-08-16,2013-06-21,OPTIDX,FTSE100,5500.0,PE,0.0,0.0,0.0,188.7,67.8,0,0.0,0
2012-08-16,2013-06-21,OPTIDX,FTSE100,5600.0,PE,0.0,0.0,0.0,221.75,86.7,0,0.0,0
2012-08-16,2013-06-21,OPTIDX,FTSE100,5700.0,PE,0.0,0.0,0.0,258.25,109.35,0,0.0,0
2012-08-16,2013-06-21,OPTIDX,FTSE100,5800.0,PE,0.0,0.0,0.0,298.2,135.25,0,0.0,0
2012-08-16,2013-06-21,OPTIDX,FTSE100,5900.0,PE,0.0,0.0,0.0,341.6,165.5,0,0.0,0
2012-08-16,2013-06-21,OPTIDX,FTSE100,6000.0,PE,0.0,0.0,0.0,388.4,199.95,0,0.0,0
2012-08-16,2013-06-21,OPTIDX,FTSE100,6100.0,PE,0.0,0.0,0.0,438.55,238.65,0,0.0,0
2012-08-16,2013-06-21,OPTIDX,FTSE100,6200.0,PE,0.0,0.0,0.0,491.95,281.7,0,0.0,0
2012-08-16,2013-06-21,OPTIDX,FTSE100,6300.0,PE,0.0,0.0,0.0,519.6,328.95,0,0.0,0
2012-08-16,2013-06-21,OPTIDX,FTSE100,6400.0,PE,0.0,0.0,0.0,517.1,380.45,0,0.0,0
2012-08-16,2013-06-21,OPTIDX,FTSE100,6500.0,PE,0.0,0.0,0.0,551.2,436.0,0,0.0,0
2012-08-16,2013-06-21,OPTIDX,FTSE100,6600.0,PE,0.0,0.0,0.0,563.45,495.5,0,0.0,0
2012-08-16,2013-06-21,OPTIDX,FTSE100,6700.0,PE,0.0,0.0,0.0,537.3,558.65,0,0.0,0
2012-08-16,2012-08-30,OPTIDX,MINIFTY,3600.0,CE,0.0,0.0,0.0,1650.0,1775.0,0,0.0,60
2012-08-16,2012-08-30,OPTIDX,MINIFTY,3700.0,CE,0.0,0.0,0.0,1313.45,1675.35,0,0.0,0
2012-08-16,2012-08-30,OPTIDX,MINIFTY,3800.0,CE,0.0,0.0,0.0,1215.9,1575.65,0,0.0,0
2012-08-16,2012-08-30,OPTIDX,MINIFTY,3900.0,CE,0.0,0.0,0.0,1118.5,1476.0,0,0.0,0
2012-08-16,2012-08-30,OPTIDX,MINIFTY,4000.0,CE,0.0,0.0,0.0,1021.3,1376.35,0,0.0,0
2012-08-16,2012-08-30,OPTIDX,MINIFTY,4100.0,CE,0.0,0.0,0.0,924.6,1276.7,0,0.0,0
2012-08-16,2012-08-30,OPTIDX,MINIFTY,4200.0,CE,0.0,0.0,0.0,828.8,1177.0,0,0.0,0
2012-08-16,2012-08-30,OPTIDX,MINIFTY,4300.0,CE,0.0,0.0,0.0,734.45,1077.35,0,0.0,0
2012-08-16,2012-08-30,OPTIDX,MINIFTY,4400.0,CE,0.0,0.0,0.0,642.45,977.7,0,0.0,0
2012-08-16,2012-08-30,OPTIDX,MINIFTY,4500.0,CE,0.0,0.0,0.0,553.85,878.0,0,0.0,0
2012-08-16,2012-08-30,OPTIDX,MINIFTY,4600.0,CE,0.0,0.0,0.0,490.0,778.35,0,0.0,20
2012-08-16,2012-08-30,OPTIDX,MINIFTY,4700.0,CE,0.0,0.0,0.0,391.5,678.7,0,0.0,0
2012-08-16,2012-08-30,OPTIDX,MINIFTY,4800.0,CE,0.0,0.0,0.0,400.0,579.0,0,0.0,60
2012-08-16,2012-08-30,OPTIDX,MINIFTY,4900.0,CE,0.0,0.0,0.0,260.0,479.4,0,0.0,60
2012-08-16,2012-08-30,OPTIDX,MINIFTY,5000.0,CE,0.0,0.0,0.0,400.6,380.1,0,0.0,500
2012-08-16,2012-08-30,OPTIDX,MINIFTY,5100.0,CE,302.0,302.0,282.1,284.0,284.0,3,3.23,2080
2012-08-16,2012-08-30,OPTIDX,MINIFTY,5200.0,CE,205.0,205.0,200.0,205.0,205.0,3,3.24,2960
2012-08-16,2012-08-30,OPTIDX,MINIFTY,5300.0,CE,129.0,129.0,104.45,105.1,105.1,18,19.48,3480
2012-08-16,2012-08-30,OPTIDX,MINIFTY,5400.0,CE,56.0,57.8,43.5,45.5,45.5,59,64.3,3080
2012-08-16,2012-08-30,OPTIDX,MINIFTY,5500.0,CE,20.0,20.95,14.05,15.15,15.15,15,16.55,800
2012-08-16,2012-08-30,OPTIDX,MINIFTY,5600.0,CE,15.0,15.0,15.0,15.0,15.0,1,1.12,40
2012-08-16,2012-08-30,OPTIDX,MINIFTY,5700.0,CE,0.0,0.0,0.0,20.05,1.9,0,0.0,0
2012-08-16,2012-08-30,OPTIDX,MINIFTY,5800.0,CE,0.0,0.0,0.0,20.0,0.4,0,0.0,0
2012-08-16,2012-08-30,OPTIDX,MINIFTY,5900.0,CE,0.0,0.0,0.0,8.55,0.1,0,0.0,0
2012-08-16,2012-08-30,OPTIDX,MINIFTY,6000.0,CE,0.05,0.05,0.05,0.05,0.05,75,90.0,0
2012-08-16,2012-08-30,OPTIDX,MINIFTY,6100.0,CE,0.0,0.0,0.0,3.35,0.0,0,0.0,0
2012-08-16,2012-08-30,OPTIDX,MINIFTY,6200.0,CE,0.05,0.05,0.05,0.05,0.05,550,682.0,0
2012-08-16,2012-08-30,OPTIDX,MINIFTY,6300.0,CE,0.0,0.0,0.0,5.1,0.0,0,0.0,0
2012-08-16,2012-08-30,OPTIDX,MINIFTY,6400.0,CE,0.0,0.0,0.0,0.05,0.0,0,0.0,0
2012-08-16,2012-08-30,OPTIDX,MINIFTY,6500.0,CE,0.05,0.05,0.05,0.05,0.05,444,577.2,0
2012-08-16,2012-08-30,OPTIDX,MINIFTY,6600.0,CE,0.0,0.0,0.0,0.05,0.0,0,0.0,0
2012-08-16,2012-08-30,OPTIDX,MINIFTY,3600.0,PE,0.05,0.05,0.05,0.05,0.05,1154,830.89,20
2012-08-16,2012-08-30,OPTIDX,MINIFTY,3700.0,PE,0.05,0.05,0.05,0.05,0.05,979,724.46,0
2012-08-16,2012-08-30,OPTIDX,MINIFTY,3800.0,PE,0.05,0.05,0.05,0.05,0.05,353,268.28,0
2012-08-16,2012-08-30,OPTIDX,MINIFTY,3900.0,PE,0.0,0.0,0.0,0.3,0.0,0,0.0,0
2012-08-16,2012-08-30,OPTIDX,MINIFTY,4000.0,PE,0.05,0.05,0.05,0.05,0.05,500,400.0,0
2012-08-16,2012-08-30,OPTIDX,MINIFTY,4100.0,PE,0.0,0.0,0.0,1.6,0.0,0,0.0,0
2012-08-16,2012-08-30,OPTIDX,MINIFTY,4200.0,PE,0.0,0.0,0.0,3.4,0.0,0,0.0,0
2012-08-16,2012-08-30,OPTIDX,MINIFTY,4300.0,PE,0.0,0.0,0.0,6.65,0.0,0,0.0,0
2012-08-16,2012-08-30,OPTIDX,MINIFTY,4400.0,PE,0.0,0.0,0.0,12.25,0.0,0,0.0,0
2012-08-16,2012-08-30,OPTIDX,MINIFTY,4500.0,PE,0.0,0.0,0.0,21.2,0.0,0,0.0,0
2012-08-16,2012-08-30,OPTIDX,MINIFTY,4600.0,PE,0.0,0.0,0.0,34.7,0.0,0,0.0,0
2012-08-16,2012-08-30,OPTIDX,MINIFTY,4700.0,PE,0.0,0.0,0.0,6.75,0.0,0,0.0,40
2012-08-16,2012-08-30,OPTIDX,MINIFTY,4800.0,PE,0.0,0.0,0.0,1.0,0.0,0,0.0,300
2012-08-16,2012-08-30,OPTIDX,MINIFTY,4900.0,PE,0.0,0.0,0.0,1.0,0.05,0,0.0,1080
2012-08-16,2012-08-30,OPTIDX,MINIFTY,5000.0,PE,4.0,4.0,4.0,4.0,4.0,1,1.0,3060
2012-08-16,2012-08-30,OPTIDX,MINIFTY,5100.0,PE,6.5,6.5,6.5,6.5,6.5,1,1.02,5780
2012-08-16,2012-08-30,OPTIDX,MINIFTY,5200.0,PE,12.0,12.0,9.1,10.05,10.05,20,20.84,5780
2012-08-16,2012-08-30,OPTIDX,MINIFTY,5300.0,PE,23.0,27.95,21.0,26.15,26.15,74,78.8,4060
2012-08-16,2012-08-30,OPTIDX,MINIFTY,5400.0,PE,55.25,65.0,52.5,62.65,62.65,42,45.85,1320
2012-08-16,2012-08-30,OPTIDX,MINIFTY,5500.0,PE,120.0,121.0,117.0,121.0,121.0,3,3.37,80
2012-08-16,2012-08-30,OPTIDX,MINIFTY,5600.0,PE,0.0,0.0,0.0,570.65,225.7,0,0.0,0
2012-08-16,2012-08-30,OPTIDX,MINIFTY,5700.0,PE,0.0,0.0,0.0,658.5,319.9,0,0.0,0
2012-08-16,2012-08-30,OPTIDX,MINIFTY,5800.0,PE,0.0,0.0,0.0,749.25,418.05,0,0.0,0
2012-08-16,2012-08-30,OPTIDX,MINIFTY,5900.0,PE,0.0,0.0,0.0,842.2,517.4,0,0.0,0
2012-08-16,2012-08-30,OPTIDX,MINIFTY,6000.0,PE,0.0,0.0,0.0,936.65,617.0,0,0.0,0
2012-08-16,2012-08-30,OPTIDX,MINIFTY,6100.0,PE,0.0,0.0,0.0,1032.2,716.7,0,0.0,0
2012-08-16,2012-08-30,OPTIDX,MINIFTY,6200.0,PE,0.0,0.0,0.0,1072.05,816.35,0,0.0,0
2012-08-16,2012-08-30,OPTIDX,MINIFTY,6300.0,PE,0.0,0.0,0.0,1103.7,916.0,0,0.0,0
2012-08-16,2012-08-30,OPTIDX,MINIFTY,6400.0,PE,0.0,0.0,0.0,1121.65,1015.7,0,0.0,0
2012-08-16,2012-08-30,OPTIDX,MINIFTY,6500.0,PE,0.0,0.0,0.0,1123.35,1115.35,0,0.0,0
2012-08-16,2012-08-30,OPTIDX,MINIFTY,6600.0,PE,0.0,0.0,0.0,1196.15,1215.0,0,0.0,0
2012-08-16,2012-09-27,OPTIDX,MINIFTY,3800.0,CE,0.0,0.0,0.0,1302.95,1602.25,0,0.0,0
2012-08-16,2012-09-27,OPTIDX,MINIFTY,3900.0,CE,0.0,0.0,0.0,1339.95,1503.3,0,0.0,0
2012-08-16,2012-09-27,OPTIDX,MINIFTY,4000.0,CE,0.0,0.0,0.0,1242.35,1404.3,0,0.0,0
2012-08-16,2012-09-27,OPTIDX,MINIFTY,4100.0,CE,0.0,0.0,0.0,1144.85,1305.35,0,0.0,0
2012-08-16,2012-09-27,OPTIDX,MINIFTY,4200.0,CE,0.0,0.0,0.0,1047.6,1206.4,0,0.0,0
2012-08-16,2012-09-27,OPTIDX,MINIFTY,4300.0,CE,0.0,0.0,0.0,950.85,1107.4,0,0.0,0
2012-08-16,2012-09-27,OPTIDX,MINIFTY,4400.0,CE,0.0,0.0,0.0,854.95,1008.45,0,0.0,0
2012-08-16,2012-09-27,OPTIDX,MINIFTY,4500.0,CE,0.0,0.0,0.0,760.5,909.5,0,0.0,0
2012-08-16,2012-09-27,OPTIDX,MINIFTY,4600.0,CE,0.0,0.0,0.0,668.3,810.6,0,0.0,0
2012-08-16,2012-09-27,OPTIDX,MINIFTY,4700.0,CE,0.0,0.0,0.0,579.25,711.85,0,0.0,0
2012-08-16,2012-09-27,OPTIDX,MINIFTY,4800.0,CE,0.0,0.0,0.0,494.55,613.55,0,0.0,0
2012-08-16,2012-09-27,OPTIDX,MINIFTY,4900.0,CE,0.0,0.0,0.0,415.3,516.5,0,0.0,0
2012-08-16,2012-09-27,OPTIDX,MINIFTY,5000.0,CE,0.0,0.0,0.0,316.0,422.1,0,0.0,0
2012-08-16,2012-09-27,OPTIDX,MINIFTY,5100.0,CE,0.0,0.0,0.0,243.0,332.6,0,0.0,40
2012-08-16,2012-09-27,OPTIDX,MINIFTY,5200.0,CE,255.0,255.0,255.0,255.0,255.0,1,1.09,120
2012-08-16,2012-09-27,OPTIDX,MINIFTY,5300.0,CE,0.0,0.0,0.0,151.5,179.9,0,0.0,160
2012-08-16,2012-09-27,OPTIDX,MINIFTY,5400.0,CE,120.9,120.9,111.0,112.95,112.95,4,4.41,2680
2012-08-16,2012-09-27,OPTIDX,MINIFTY,5500.0,CE,71.45,71.45,66.0,66.0,66.0,3,3.34,140
2012-08-16,2012-09-27,OPTIDX,MINIFTY,5600.0,CE,38.95,38.95,38.95,38.95,38.95,1,1.12,20
2012-08-16,2012-09-27,OPTIDX,MINIFTY,5700.0,CE,0.0,0.0,0.0,13.0,25.95,0,0.0,40
2012-08-16,2012-09-27,OPTIDX,MINIFTY,5800.0,CE,0.0,0.0,0.0,35.7,13.55,0,0.0,0
2012-08-16,2012-09-27,OPTIDX,MINIFTY,5900.0,CE,0.0,0.0,0.0,24.5,6.6,0,0.0,0
2012-08-16,2012-09-27,OPTIDX,MINIFTY,6000.0,CE,0.0,0.0,0.0,16.5,3.0,0,0.0,0
2012-08-16,2012-09-27,OPTIDX,MINIFTY,6100.0,CE,0.0,0.0,0.0,10.9,1.3,0,0.0,0
2012-08-16,2012-09-27,OPTIDX,MINIFTY,6200.0,CE,0.0,0.0,0.0,7.05,0.5,0,0.0,0
2012-08-16,2012-09-27,OPTIDX,MINIFTY,6300.0,CE,0.0,0.0,0.0,4.45,0.2,0,0.0,0
2012-08-16,2012-09-27,OPTIDX,MINIFTY,6400.0,CE,0.0,0.0,0.0,12.2,0.1,0,0.0,0
2012-08-16,2012-09-27,OPTIDX,MINIFTY,6500.0,CE,0.0,0.0,0.0,8.5,0.05,0,0.0,0
2012-08-16,2012-09-27,OPTIDX,MINIFTY,6600.0,CE,0.0,0.0,0.0,0.05,0.05,0,0.0,0
2012-08-16,2012-09-27,OPTIDX,MINIFTY,3800.0,PE,0.0,0.0,0.0,0.05,0.0,0,0.0,0
2012-08-16,2012-09-27,OPTIDX,MINIFTY,3900.0,PE,0.0,0.0,0.0,0.05,0.0,0,0.0,0
2012-08-16,2012-09-27,OPTIDX,MINIFTY,4000.0,PE,0.0,0.0,0.0,0.15,0.0,0,0.0,0
2012-08-16,2012-09-27,OPTIDX,MINIFTY,4100.0,PE,0.0,0.0,0.0,0.35,0.0,0,0.0,0
2012-08-16,2012-09-27,OPTIDX,MINIFTY,4200.0,PE,0.0,0.0,0.0,0.75,0.0,0,0.0,0
2012-08-16,2012-09-27,OPTIDX,MINIFTY,4300.0,PE,0.0,0.0,0.0,1.7,0.0,0,0.0,0
2012-08-16,2012-09-27,OPTIDX,MINIFTY,4400.0,PE,0.0,0.0,0.0,3.45,0.0,0,0.0,0
2012-08-16,2012-09-27,OPTIDX,MINIFTY,4500.0,PE,0.0,0.0,0.0,6.7,0.05,0,0.0,0
2012-08-16,2012-09-27,OPTIDX,MINIFTY,4600.0,PE,0.0,0.0,0.0,12.15,0.1,0,0.0,0
2012-08-16,2012-09-27,OPTIDX,MINIFTY,4700.0,PE,0.0,0.0,0.0,20.8,0.3,0,0.0,0
2012-08-16,2012-09-27,OPTIDX,MINIFTY,4800.0,PE,0.0,0.0,0.0,36.0,1.0,0,0.0,20
2012-08-16,2012-09-27,OPTIDX,MINIFTY,4900.0,PE,0.0,0.0,0.0,40.0,2.9,0,0.0,20
2012-08-16,2012-09-27,OPTIDX,MINIFTY,5000.0,PE,0.0,0.0,0.0,20.0,7.45,0,0.0,60
2012-08-16,2012-09-27,OPTIDX,MINIFTY,5100.0,PE,24.55,25.05,24.55,25.05,25.05,3,3.07,1820
2012-08-16,2012-09-27,OPTIDX,MINIFTY,5200.0,PE,39.0,40.0,37.5,40.0,40.0,3,3.14,200
2012-08-16,2012-09-27,OPTIDX,MINIFTY,5300.0,PE,61.4,65.0,61.4,61.5,61.5,5,5.36,120
2012-08-16,2012-09-27,OPTIDX,MINIFTY,5400.0,PE,94.0,101.0,94.0,101.0,101.0,8,8.79,480
2012-08-16,2012-09-27,OPTIDX,MINIFTY,5500.0,PE,0.0,0.0,0.0,139.0,157.9,0,0.0,380
2012-08-16,2012-09-27,OPTIDX,MINIFTY,5600.0,PE,0.0,0.0,0.0,391.95,225.55,0,0.0,0
2012-08-16,2012-09-27,OPTIDX,MINIFTY,5700.0,PE,0.0,0.0,0.0,469.2,304.1,0,0.0,0
2012-08-16,2012-09-27,OPTIDX,MINIFTY,5800.0,PE,0.0,0.0,0.0,551.65,390.65,0,0.0,0
2012-08-16,2012-09-27,OPTIDX,MINIFTY,5900.0,PE,0.0,0.0,0.0,638.15,482.65,0,0.0,0
2012-08-16,2012-09-27,OPTIDX,MINIFTY,6000.0,PE,0.0,0.0,0.0,727.8,578.05,0,0.0,0
2012-08-16,2012-09-27,OPTIDX,MINIFTY,6100.0,PE,0.0,0.0,0.0,819.85,675.3,0,0.0,0
2012-08-16,2012-09-27,OPTIDX,MINIFTY,6200.0,PE,0.0,0.0,0.0,913.7,773.5,0,0.0,0
2012-08-16,2012-09-27,OPTIDX,MINIFTY,6300.0,PE,0.0,0.0,0.0,1008.8,872.15,0,0.0,0
2012-08-16,2012-09-27,OPTIDX,MINIFTY,6400.0,PE,0.0,0.0,0.0,989.75,971.0,0,0.0,0
2012-08-16,2012-09-27,OPTIDX,MINIFTY,6500.0,PE,0.0,0.0,0.0,1083.8,1069.9,0,0.0,0
2012-08-16,2012-09-27,OPTIDX,MINIFTY,6600.0,PE,0.0,0.0,0.0,1149.7,1168.85,0,0.0,0
2012-08-16,2012-10-25,OPTIDX,MINIFTY,3800.0,CE,0.0,0.0,0.0,1329.3,1628.2,0,0.0,0
2012-08-16,2012-10-25,OPTIDX,MINIFTY,3900.0,CE,0.0,0.0,0.0,1231.6,1529.95,0,0.0,0
2012-08-16,2012-10-25,OPTIDX,MINIFTY,4000.0,CE,0.0,0.0,0.0,1134.0,1431.65,0,0.0,0
2012-08-16,2012-10-25,OPTIDX,MINIFTY,4100.0,CE,0.0,0.0,0.0,1036.6,1333.35,0,0.0,0
2012-08-16,2012-10-25,OPTIDX,MINIFTY,4200.0,CE,0.0,0.0,0.0,939.55,1235.1,0,0.0,0
2012-08-16,2012-10-25,OPTIDX,MINIFTY,4300.0,CE,0.0,0.0,0.0,1021.8,1136.8,0,0.0,20
2012-08-16,2012-10-25,OPTIDX,MINIFTY,4400.0,CE,0.0,0.0,0.0,748.3,1038.6,0,0.0,0
2012-08-16,2012-10-25,OPTIDX,MINIFTY,4500.0,CE,0.0,0.0,0.0,655.4,940.45,0,0.0,0
2012-08-16,2012-10-25,OPTIDX,MINIFTY,4600.0,CE,0.0,0.0,0.0,565.6,842.6,0,0.0,0
2012-08-16,2012-10-25,OPTIDX,MINIFTY,4700.0,CE,0.0,0.0,0.0,480.15,745.35,0,0.0,0
2012-08-16,2012-10-25,OPTIDX,MINIFTY,4800.0,CE,0.0,0.0,0.0,400.25,649.3,0,0.0,0
2012-08-16,2012-10-25,OPTIDX,MINIFTY,4900.0,CE,0.0,0.0,0.0,327.1,555.45,0,0.0,0
2012-08-16,2012-10-25,OPTIDX,MINIFTY,5000.0,CE,0.0,0.0,0.0,425.0,465.15,0,0.0,60
2012-08-16,2012-10-25,OPTIDX,MINIFTY,5100.0,CE,0.0,0.0,0.0,205.1,380.15,0,0.0,0
2012-08-16,2012-10-25,OPTIDX,MINIFTY,5200.0,CE,0.0,0.0,0.0,250.4,302.25,0,0.0,20
2012-08-16,2012-10-25,OPTIDX,MINIFTY,5300.0,CE,0.0,0.0,0.0,198.85,233.1,0,0.0,80
2012-08-16,2012-10-25,OPTIDX,MINIFTY,5400.0,CE,0.0,0.0,0.0,175.6,174.0,0,0.0,40
2012-08-16,2012-10-25,OPTIDX,MINIFTY,5500.0,CE,0.0,0.0,0.0,61.35,125.45,0,0.0,0
2012-08-16,2012-10-25,OPTIDX,MINIFTY,5600.0,CE,0.0,0.0,0.0,42.8,87.25,0,0.0,0
2012-08-16,2012-10-25,OPTIDX,MINIFTY,5700.0,CE,0.0,0.0,0.0,29.2,58.75,0,0.0,0
2012-08-16,2012-10-25,OPTIDX,MINIFTY,5800.0,CE,0.0,0.0,0.0,19.45,37.85,0,0.0,0
2012-08-16,2012-10-25,OPTIDX,MINIFTY,5900.0,CE,0.0,0.0,0.0,12.65,23.55,0,0.0,0
2012-08-16,2012-10-25,OPTIDX,MINIFTY,6000.0,CE,0.0,0.0,0.0,8.05,14.1,0,0.0,0
2012-08-16,2012-10-25,OPTIDX,MINIFTY,6100.0,CE,0.0,0.0,0.0,5.05,8.15,0,0.0,0
2012-08-16,2012-10-25,OPTIDX,MINIFTY,6200.0,CE,0.0,0.0,0.0,3.1,4.55,0,0.0,0
2012-08-16,2012-10-25,OPTIDX,MINIFTY,6300.0,CE,0.0,0.0,0.0,2.55,2.45,0,0.0,0
2012-08-16,2012-10-25,OPTIDX,MINIFTY,6400.0,CE,0.0,0.0,0.0,5.15,1.25,0,0.0,0
2012-08-16,2012-10-25,OPTIDX,MINIFTY,6500.0,CE,0.0,0.0,0.0,2.2,0.65,0,0.0,0
2012-08-16,2012-10-25,OPTIDX,MINIFTY,6600.0,CE,0.0,0.0,0.0,0.5,0.3,0,0.0,0
2012-08-16,2012-10-25,OPTIDX,MINIFTY,3800.0,PE,0.0,0.0,0.0,0.05,0.0,0,0.0,0
2012-08-16,2012-10-25,OPTIDX,MINIFTY,3900.0,PE,0.0,0.0,0.0,0.1,0.0,0,0.0,0
2012-08-16,2012-10-25,OPTIDX,MINIFTY,4000.0,PE,0.0,0.0,0.0,0.2,0.0,0,0.0,0
2012-08-16,2012-10-25,OPTIDX,MINIFTY,4100.0,PE,0.0,0.0,0.0,0.5,0.0,0,0.0,0
2012-08-16,2012-10-25,OPTIDX,MINIFTY,4200.0,PE,0.0,0.0,0.0,1.25,0.0,0,0.0,0
2012-08-16,2012-10-25,OPTIDX,MINIFTY,4300.0,PE,0.0,0.0,0.0,2.65,0.05,0,0.0,0
2012-08-16,2012-10-25,OPTIDX,MINIFTY,4400.0,PE,0.0,0.0,0.0,5.4,0.1,0,0.0,0
2012-08-16,2012-10-25,OPTIDX,MINIFTY,4500.0,PE,0.0,0.0,0.0,10.25,0.25,0,0.0,0
2012-08-16,2012-10-25,OPTIDX,MINIFTY,4600.0,PE,0.0,0.0,0.0,18.2,0.65,0,0.0,0
2012-08-16,2012-10-25,OPTIDX,MINIFTY,4700.0,PE,0.0,0.0,0.0,30.45,1.7,0,0.0,0
2012-08-16,2012-10-25,OPTIDX,MINIFTY,4800.0,PE,0.0,0.0,0.0,45.0,3.9,0,0.0,20
2012-08-16,2012-10-25,OPTIDX,MINIFTY,4900.0,PE,0.0,0.0,0.0,72.9,8.35,0,0.0,0
2012-08-16,2012-10-25,OPTIDX,MINIFTY,5000.0,PE,0.0,0.0,0.0,31.75,16.35,0,0.0,20
2012-08-16,2012-10-25,OPTIDX,MINIFTY,5100.0,PE,0.0,0.0,0.0,80.0,29.65,0,0.0,0
2012-08-16,2012-10-25,OPTIDX,MINIFTY,5200.0,PE,0.0,0.0,0.0,61.0,50.0,0,0.0,60
2012-08-16,2012-10-25,OPTIDX,MINIFTY,5300.0,PE,0.0,0.0,0.0,254.2,79.15,0,0.0,0
2012-08-16,2012-10-25,OPTIDX,MINIFTY,5400.0,PE,121.0,121.0,121.0,121.0,121.0,1,1.1,40
2012-08-16,2012-10-25,OPTIDX,MINIFTY,5500.0,PE,0.0,0.0,0.0,393.5,168.1,0,0.0,0
2012-08-16,2012-10-25,OPTIDX,MINIFTY,5600.0,PE,0.0,0.0,0.0,472.7,228.15,0,0.0,0
2012-08-16,2012-10-25,OPTIDX,MINIFTY,5700.0,PE,0.0,0.0,0.0,556.8,297.9,0,0.0,0
2012-08-16,2012-10-25,OPTIDX,MINIFTY,5800.0,PE,0.0,0.0,0.0,644.8,375.3,0,0.0,0
2012-08-16,2012-10-25,OPTIDX,MINIFTY,5900.0,PE,0.0,0.0,0.0,735.75,459.3,0,0.0,0
2012-08-16,2012-10-25,OPTIDX,MINIFTY,6000.0,PE,0.0,0.0,0.0,828.85,548.15,0,0.0,0
2012-08-16,2012-10-25,OPTIDX,MINIFTY,6100.0,PE,0.0,0.0,0.0,923.55,640.45,0,0.0,0
2012-08-16,2012-10-25,OPTIDX,MINIFTY,6200.0,PE,0.0,0.0,0.0,1019.35,735.15,0,0.0,0
2012-08-16,2012-10-25,OPTIDX,MINIFTY,6300.0,PE,0.0,0.0,0.0,1064.65,831.35,0,0.0,0
2012-08-16,2012-10-25,OPTIDX,MINIFTY,6400.0,PE,0.0,0.0,0.0,1066.7,928.45,0,0.0,0
2012-08-16,2012-10-25,OPTIDX,MINIFTY,6500.0,PE,0.0,0.0,0.0,1090.3,1026.1,0,0.0,0
2012-08-16,2012-10-25,OPTIDX,MINIFTY,6600.0,PE,0.0,0.0,0.0,1105.0,1124.05,0,0.0,0
2012-08-16,2012-08-30,OPTIDX,NFTYMCAP50,1400.0,CE,0.0,0.0,0.0,634.3,718.4,0,0.0,0
2012-08-16,2012-08-30,OPTIDX,NFTYMCAP50,1500.0,CE,0.0,0.0,0.0,536.95,618.75,0,0.0,0
2012-08-16,2012-08-30,OPTIDX,NFTYMCAP50,1550.0,CE,0.0,0.0,0.0,433.3,568.9,0,0.0,0
2012-08-16,2012-08-30,OPTIDX,NFTYMCAP50,1600.0,CE,0.0,0.0,0.0,424.9,519.05,0,0.0,0
2012-08-16,2012-08-30,OPTIDX,NFTYMCAP50,1650.0,CE,0.0,0.0,0.0,377.85,469.25,0,0.0,0
2012-08-16,2012-08-30,OPTIDX,NFTYMCAP50,1700.0,CE,0.0,0.0,0.0,331.95,419.4,0,0.0,0
2012-08-16,2012-08-30,OPTIDX,NFTYMCAP50,1750.0,CE,0.0,0.0,0.0,287.8,369.55,0,0.0,0
2012-08-16,2012-08-30,OPTIDX,NFTYMCAP50,1800.0,CE,0.0,0.0,0.0,245.95,319.75,0,0.0,0
2012-08-16,2012-08-30,OPTIDX,NFTYMCAP50,1850.0,CE,0.0,0.0,0.0,206.9,269.9,0,0.0,0
2012-08-16,2012-08-30,OPTIDX,NFTYMCAP50,1900.0,CE,0.0,0.0,0.0,171.15,220.1,0,0.0,0
2012-08-16,2012-08-30,OPTIDX,NFTYMCAP50,1950.0,CE,0.0,0.0,0.0,139.2,170.55,0,0.0,0
2012-08-16,2012-08-30,OPTIDX,NFTYMCAP50,2000.0,CE,0.0,0.0,0.0,111.25,122.2,0,0.0,0
2012-08-16,2012-08-30,OPTIDX,NFTYMCAP50,2050.0,CE,0.0,0.0,0.0,87.3,77.95,0,0.0,0
2012-08-16,2012-08-30,OPTIDX,NFTYMCAP50,2100.0,CE,0.0,0.0,0.0,67.3,42.35,0,0.0,0
2012-08-16,2012-08-30,OPTIDX,NFTYMCAP50,2150.0,CE,0.0,0.0,0.0,51.0,18.85,0,0.0,0
2012-08-16,2012-08-30,OPTIDX,NFTYMCAP50,2200.0,CE,0.0,0.0,0.0,38.05,6.7,0,0.0,0
2012-08-16,2012-08-30,OPTIDX,NFTYMCAP50,2250.0,CE,0.0,0.0,0.0,27.8,1.85,0,0.0,0
2012-08-16,2012-08-30,OPTIDX,NFTYMCAP50,2300.0,CE,0.0,0.0,0.0,20.0,0.4,0,0.0,0
2012-08-16,2012-08-30,OPTIDX,NFTYMCAP50,2350.0,CE,0.0,0.0,0.0,14.15,0.1,0,0.0,0
2012-08-16,2012-08-30,OPTIDX,NFTYMCAP50,2400.0,CE,0.0,0.0,0.0,9.85,0.05,0,0.0,0
2012-08-16,2012-08-30,OPTIDX,NFTYMCAP50,2500.0,CE,0.0,0.0,0.0,7.0,0.0,0,0.0,0
2012-08-16,2012-08-30,OPTIDX,NFTYMCAP50,2600.0,CE,0.0,0.0,0.0,3.35,0.0,0,0.0,0
2012-08-16,2012-08-30,OPTIDX,NFTYMCAP50,2700.0,CE,0.0,0.0,0.0,1.2,0.0,0,0.0,0
2012-08-16,2012-08-30,OPTIDX,NFTYMCAP50,2800.0,CE,0.0,0.0,0.0,0.3,0.0,0,0.0,0
2012-08-16,2012-08-30,OPTIDX,NFTYMCAP50,1400.0,PE,0.0,0.0,0.0,0.1,0.0,0,0.0,0
2012-08-16,2012-08-30,OPTIDX,NFTYMCAP50,1500.0,PE,0.0,0.0,0.0,0.5,0.0,0,0.0,0
2012-08-16,2012-08-30,OPTIDX,NFTYMCAP50,1550.0,PE,0.0,0.0,0.0,1.6,0.0,0,0.0,0
2012-08-16,2012-08-30,OPTIDX,NFTYMCAP50,1600.0,PE,0.0,0.0,0.0,1.8,0.0,0,0.0,0
2012-08-16,2012-08-30,OPTIDX,NFTYMCAP50,1650.0,PE,0.0,0.0,0.0,3.55,0.0,0,0.0,0
2012-08-16,2012-08-30,OPTIDX,NFTYMCAP50,1700.0,PE,0.0,0.0,0.0,6.45,0.0,0,0.0,0
2012-08-16,2012-08-30,OPTIDX,NFTYMCAP50,1750.0,PE,0.0,0.0,0.0,11.1,0.0,0,0.0,0
2012-08-16,2012-08-30,OPTIDX,NFTYMCAP50,1800.0,PE,0.0,0.0,0.0,18.0,0.0,0,0.0,0
2012-08-16,2012-08-30,OPTIDX,NFTYMCAP50,1850.0,PE,0.0,0.0,0.0,27.75,0.0,0,0.0,0
2012-08-16,2012-08-30,OPTIDX,NFTYMCAP50,1900.0,PE,0.0,0.0,0.0,40.85,0.05,0,0.0,0
2012-08-16,2012-08-30,OPTIDX,NFTYMCAP50,1950.0,PE,0.0,0.0,0.0,57.7,0.3,0,0.0,0
2012-08-16,2012-08-30,OPTIDX,NFTYMCAP50,2000.0,PE,0.0,0.0,0.0,78.5,1.8,0,0.0,0
2012-08-16,2012-08-30,OPTIDX,NFTYMCAP50,2050.0,PE,0.0,0.0,0.0,103.4,7.4,0,0.0,0
2012-08-16,2012-08-30,OPTIDX,NFTYMCAP50,2100.0,PE,0.0,0.0,0.0,132.2,21.65,0,0.0,0
2012-08-16,2012-08-30,OPTIDX,NFTYMCAP50,2150.0,PE,0.0,0.0,0.0,164.65,47.95,0,0.0,0
2012-08-16,2012-08-30,OPTIDX,NFTYMCAP50,2200.0,PE,0.0,0.0,0.0,200.5,85.6,0,0.0,0
2012-08-16,2012-08-30,OPTIDX,NFTYMCAP50,2250.0,PE,0.0,0.0,0.0,239.05,130.65,0,0.0,0
2012-08-16,2012-08-30,OPTIDX,NFTYMCAP50,2300.0,PE,0.0,0.0,0.0,280.05,179.0,0,0.0,0
2012-08-16,2012-08-30,OPTIDX,NFTYMCAP50,2350.0,PE,0.0,0.0,0.0,323.0,228.55,0,0.0,0
2012-08-16,2012-08-30,OPTIDX,NFTYMCAP50,2400.0,PE,0.0,0.0,0.0,367.5,278.3,0,0.0,0
2012-08-16,2012-08-30,OPTIDX,NFTYMCAP50,2500.0,PE,0.0,0.0,0.0,448.2,377.95,0,0.0,0
2012-08-16,2012-08-30,OPTIDX,NFTYMCAP50,2600.0,PE,0.0,0.0,0.0,542.3,477.65,0,0.0,0
2012-08-16,2012-08-30,OPTIDX,NFTYMCAP50,2700.0,PE,0.0,0.0,0.0,594.75,577.3,0,0.0,0
2012-08-16,2012-08-30,OPTIDX,NFTYMCAP50,2800.0,PE,0.0,0.0,0.0,599.65,676.95,0,0.0,0
2012-08-16,2012-09-27,OPTIDX,NFTYMCAP50,1400.0,CE,0.0,0.0,0.0,636.85,728.2,0,0.0,0
2012-08-16,2012-09-27,OPTIDX,NFTYMCAP50,1500.0,CE,0.0,0.0,0.0,622.05,629.25,0,0.0,0
2012-08-16,2012-09-27,OPTIDX,NFTYMCAP50,1600.0,CE,0.0,0.0,0.0,524.5,530.25,0,0.0,0
2012-08-16,2012-09-27,OPTIDX,NFTYMCAP50,1700.0,CE,0.0,0.0,0.0,427.6,431.3,0,0.0,0
2012-08-16,2012-09-27,OPTIDX,NFTYMCAP50,1800.0,CE,0.0,0.0,0.0,333.15,332.45,0,0.0,0
2012-08-16,2012-09-27,OPTIDX,NFTYMCAP50,1900.0,CE,0.0,0.0,0.0,244.65,235.05,0,0.0,0
2012-08-16,2012-09-27,OPTIDX,NFTYMCAP50,2000.0,CE,0.0,0.0,0.0,167.15,144.65,0,0.0,0
2012-08-16,2012-09-27,OPTIDX,NFTYMCAP50,2100.0,CE,0.0,0.0,0.0,105.1,72.85,0,0.0,0
2012-08-16,2012-09-27,OPTIDX,NFTYMCAP50,2200.0,CE,0.0,0.0,0.0,60.5,28.55,0,0.0,0
2012-08-16,2012-09-27,OPTIDX,NFTYMCAP50,2300.0,CE,0.0,0.0,0.0,31.95,8.5,0,0.0,0
2012-08-16,2012-09-27,OPTIDX,NFTYMCAP50,2400.0,CE,0.0,0.0,0.0,15.35,1.9,0,0.0,0
2012-08-16,2012-09-27,OPTIDX,NFTYMCAP50,2500.0,CE,0.0,0.0,0.0,6.8,0.35,0,0.0,0
2012-08-16,2012-09-27,OPTIDX,NFTYMCAP50,2600.0,CE,0.0,0.0,0.0,2.8,0.05,0,0.0,0
2012-08-16,2012-09-27,OPTIDX,NFTYMCAP50,2700.0,CE,0.0,0.0,0.0,1.05,0.0,0,0.0,0
2012-08-16,2012-09-27,OPTIDX,NFTYMCAP50,2800.0,CE,0.0,0.0,0.0,1.6,0.0,0,0.0,0
2012-08-16,2012-09-27,OPTIDX,NFTYMCAP50,1400.0,PE,0.0,0.0,0.0,0.05,0.0,0,0.0,0
2012-08-16,2012-09-27,OPTIDX,NFTYMCAP50,1500.0,PE,0.0,0.0,0.0,0.05,0.0,0,0.0,0
2012-08-16,2012-09-27,OPTIDX,NFTYMCAP50,1600.0,PE,0.0,0.0,0.0,0.15,0.0,0,0.0,0
2012-08-16,2012-09-27,OPTIDX,NFTYMCAP50,1700.0,PE,0.0,0.0,0.0,1.0,0.05,0,0.0,0
2012-08-16,2012-09-27,OPTIDX,NFTYMCAP50,1800.0,PE,0.0,0.0,0.0,4.15,0.15,0,0.0,0
2012-08-16,2012-09-27,OPTIDX,NFTYMCAP50,1900.0,PE,0.0,0.0,0.0,13.35,1.7,0,0.0,0
2012-08-16,2012-09-27,OPTIDX,NFTYMCAP50,2000.0,PE,0.0,0.0,0.0,33.55,10.3,0,0.0,0
2012-08-16,2012-09-27,OPTIDX,NFTYMCAP50,2100.0,PE,0.0,0.0,0.0,69.15,37.45,0,0.0,0
2012-08-16,2012-09-27,OPTIDX,NFTYMCAP50,2200.0,PE,0.0,0.0,0.0,122.2,92.15,0,0.0,0
2012-08-16,2012-09-27,OPTIDX,NFTYMCAP50,2300.0,PE,0.0,0.0,0.0,191.35,171.05,0,0.0,0
2012-08-16,2012-09-27,OPTIDX,NFTYMCAP50,2400.0,PE,0.0,0.0,0.0,272.45,263.4,0,0.0,0
2012-08-16,2012-09-27,OPTIDX,NFTYMCAP50,2500.0,PE,0.0,0.0,0.0,361.55,360.8,0,0.0,0
2012-08-16,2012-09-27,OPTIDX,NFTYMCAP50,2600.0,PE,0.0,0.0,0.0,455.2,459.5,0,0.0,0
2012-08-16,2012-09-27,OPTIDX,NFTYMCAP50,2700.0,PE,0.0,0.0,0.0,551.15,558.4,0,0.0,0
2012-08-16,2012-09-27,OPTIDX,NFTYMCAP50,2800.0,PE,0.0,0.0,0.0,581.15,657.4,0,0.0,0
2012-08-16,2012-10-25,OPTIDX,NFTYMCAP50,1400.0,CE,0.0,0.0,0.0,646.55,737.75,0,0.0,0
2012-08-16,2012-10-25,OPTIDX,NFTYMCAP50,1500.0,CE,0.0,0.0,0.0,549.0,639.45,0,0.0,0
2012-08-16,2012-10-25,OPTIDX,NFTYMCAP50,1600.0,CE,0.0,0.0,0.0,452.2,541.2,0,0.0,0
2012-08-16,2012-10-25,OPTIDX,NFTYMCAP50,1700.0,CE,0.0,0.0,0.0,357.75,443.0,0,0.0,0
2012-08-16,2012-10-25,OPTIDX,NFTYMCAP50,1800.0,CE,0.0,0.0,0.0,268.9,345.5,0,0.0,0
2012-08-16,2012-10-25,OPTIDX,NFTYMCAP50,1900.0,CE,0.0,0.0,0.0,190.2,251.1,0,0.0,0
2012-08-16,2012-10-25,OPTIDX,NFTYMCAP50,2000.0,CE,0.0,0.0,0.0,125.4,165.5,0,0.0,0
2012-08-16,2012-10-25,OPTIDX,NFTYMCAP50,2100.0,CE,0.0,0.0,0.0,76.9,96.3,0,0.0,0
2012-08-16,2012-10-25,OPTIDX,NFTYMCAP50,2200.0,CE,0.0,0.0,0.0,43.8,48.55,0,0.0,0
2012-08-16,2012-10-25,OPTIDX,NFTYMCAP50,2300.0,CE,0.0,0.0,0.0,23.2,21.05,0,0.0,0
2012-08-16,2012-10-25,OPTIDX,NFTYMCAP50,2400.0,CE,0.0,0.0,0.0,11.5,7.85,0,0.0,0
2012-08-16,2012-10-25,OPTIDX,NFTYMCAP50,2500.0,CE,0.0,0.0,0.0,5.3,2.5,0,0.0,0
2012-08-16,2012-10-25,OPTIDX,NFTYMCAP50,2600.0,CE,0.0,0.0,0.0,2.3,0.7,0,0.0,0
2012-08-16,2012-10-25,OPTIDX,NFTYMCAP50,2700.0,CE,0.0,0.0,0.0,1.5,0.2,0,0.0,0
2012-08-16,2012-10-25,OPTIDX,NFTYMCAP50,1400.0,PE,0.0,0.0,0.0,0.05,0.0,0,0.0,0
2012-08-16,2012-10-25,OPTIDX,NFTYMCAP50,1500.0,PE,0.0,0.0,0.0,0.2,0.0,0,0.0,0
2012-08-16,2012-10-25,OPTIDX,NFTYMCAP50,1600.0,PE,0.0,0.0,0.0,1.1,0.05,0,0.0,0
2012-08-16,2012-10-25,OPTIDX,NFTYMCAP50,1700.0,PE,0.0,0.0,0.0,4.4,0.1,0,0.0,0
2012-08-16,2012-10-25,OPTIDX,NFTYMCAP50,1800.0,PE,0.0,0.0,0.0,13.3,0.9,0,0.0,0
2012-08-16,2012-10-25,OPTIDX,NFTYMCAP50,1900.0,PE,0.0,0.0,0.0,32.3,4.75,0,0.0,0
2012-08-16,2012-10-25,OPTIDX,NFTYMCAP50,2000.0,PE,0.0,0.0,0.0,65.25,17.45,0,0.0,0
2012-08-16,2012-10-25,OPTIDX,NFTYMCAP50,2100.0,PE,0.0,0.0,0.0,114.5,46.55,0,0.0,0
2012-08-16,2012-10-25,OPTIDX,NFTYMCAP50,2200.0,PE,0.0,0.0,0.0,179.1,97.1,0,0.0,0
2012-08-16,2012-10-25,OPTIDX,NFTYMCAP50,2300.0,PE,0.0,0.0,0.0,256.25,167.85,0,0.0,0
2012-08-16,2012-10-25,OPTIDX,NFTYMCAP50,2400.0,PE,0.0,0.0,0.0,342.25,252.95,0,0.0,0
2012-08-16,2012-10-25,OPTIDX,NFTYMCAP50,2500.0,PE,0.0,0.0,0.0,433.8,345.9,0,0.0,0
2012-08-16,2012-10-25,OPTIDX,NFTYMCAP50,2600.0,PE,0.0,0.0,0.0,528.55,442.35,0,0.0,0
2012-08-16,2012-10-25,OPTIDX,NFTYMCAP50,2700.0,PE,0.0,0.0,0.0,584.3,540.15,0,0.0,0
2012-08-16,2012-08-30,OPTIDX,NIFTY,3600.0,CE,1783.0,1785.0,1770.0,1775.0,1775.0,30,80.71,13650
2012-08-16,2012-08-30,OPTIDX,NIFTY,3700.0,CE,1680.0,1680.0,1680.0,1680.0,1680.0,5,13.45,22100
2012-08-16,2012-08-30,OPTIDX,NIFTY,3800.0,CE,0.0,0.0,0.0,1538.0,1575.65,0,0.0,0
2012-08-16,2012-08-30,OPTIDX,NIFTY,3900.0,CE,0.0,0.0,0.0,1118.5,1476.0,0,0.0,0
2012-08-16,2012-08-30,OPTIDX,NIFTY,4000.0,CE,1392.0,1397.9,1368.65,1372.6,1372.6,152,409.14,388300
2012-08-16,2012-08-30,OPTIDX,NIFTY,4100.0,CE,0.0,0.0,0.0,1013.35,1276.7,0,0.0,150
2012-08-16,2012-08-30,OPTIDX,NIFTY,4200.0,CE,1190.2,1190.2,1190.15,1190.15,1190.15,2,5.39,8300
2012-08-16,2012-08-30,OPTIDX,NIFTY,4300.0,CE,0.0,0.0,0.0,1149.95,1077.35,0,0.0,40750
2012-08-16,2012-08-30,OPTIDX,NIFTY,4400.0,CE,0.0,0.0,0.0,995.1,977.7,0,0.0,1550
2012-08-16,2012-08-30,OPTIDX,NIFTY,4500.0,CE,896.4,897.6,875.0,875.4,875.4,112,301.76,300550
2012-08-16,2012-08-30,OPTIDX,NIFTY,4600.0,CE,789.75,795.0,776.0,776.1,776.1,32,86.12,79400
2012-08-16,2012-08-30,OPTIDX,NIFTY,4700.0,CE,690.6,700.5,673.5,675.65,675.65,109,293.57,408650
2012-08-16,2012-08-30,OPTIDX,NIFTY,4800.0,CE,598.75,599.0,575.0,577.65,577.65,338,910.76,379200
2012-08-16,2012-08-30,OPTIDX,NIFTY,4900.0,CE,500.0,503.5,476.05,479.95,479.95,371,999.98,465800
2012-08-16,2012-08-30,OPTIDX,NIFTY,5000.0,CE,404.3,405.7,376.0,379.65,379.65,2509,6762.99,915100
2012-08-16,2012-08-30,OPTIDX,NIFTY,5100.0,CE,307.45,307.45,278.0,282.85,282.85,2834,7641.29,1537950
2012-08-16,2012-08-30,OPTIDX,NIFTY,5200.0,CE,223.5,224.75,184.1,188.7,188.7,16238,43833.13,2496350
2012-08-16,2012-08-30,OPTIDX,NIFTY,5300.0,CE,125.3,128.85,101.1,105.7,105.7,116907,316470.99,3827100
2012-08-16,2012-08-30,OPTIDX,NIFTY,5400.0,CE,59.9,59.95,42.85,45.1,45.1,424433,1156740.56,6546450
2012-08-16,2012-08-30,OPTIDX,NIFTY,5500.0,CE,22.95,22.95,13.05,13.95,13.95,287236,792262.35,9240800
2012-08-16,2012-08-30,OPTIDX,NIFTY,5600.0,CE,5.05,5.65,2.85,3.1,3.1,98451,275849.73,5302750
2012-08-16,2012-08-30,OPTIDX,NIFTY,5700.0,CE,2.0,2.0,1.1,1.2,1.2,24975,71196.12,1675000
2012-08-16,2012-08-30,OPTIDX,NIFTY,5800.0,CE,1.1,1.1,0.75,0.8,0.8,5605,16256.85,479550
2012-08-16,2012-08-30,OPTIDX,NIFTY,5900.0,CE,0.8,0.8,0.5,0.6,0.6,1254,3699.64,147500
2012-08-16,2012-08-30,OPTIDX,NIFTY,6000.0,CE,0.8,0.8,0.4,0.4,0.4,1115,3345.27,227500
2012-08-16,2012-08-30,OPTIDX,NIFTY,6100.0,CE,0.4,0.4,0.2,0.25,0.25,13,39.65,11550
2012-08-16,2012-08-30,OPTIDX,NIFTY,6200.0,CE,0.25,0.25,0.25,0.25,0.25,21,65.1,14500
2012-08-16,2012-08-30,OPTIDX,NIFTY,6300.0,CE,0.15,0.2,0.1,0.2,0.2,488,1537.23,26000
2012-08-16,2012-08-30,OPTIDX,NIFTY,6400.0,CE,0.15,0.15,0.15,0.15,0.15,7,22.4,71000
2012-08-16,2012-08-30,OPTIDX,NIFTY,6500.0,CE,0.1,0.15,0.05,0.1,0.1,238,773.5,23500
2012-08-16,2012-08-30,OPTIDX,NIFTY,6600.0,CE,0.0,0.0,0.0,0.05,0.0,0,0.0,0
2012-08-16,2012-08-30,OPTIDX,NIFTY,3600.0,PE,0.45,0.45,0.25,0.25,0.25,19,34.2,5600
2012-08-16,2012-08-30,OPTIDX,NIFTY,3700.0,PE,0.4,0.4,0.4,0.4,0.4,2,3.7,25900
2012-08-16,2012-08-30,OPTIDX,NIFTY,3800.0,PE,0.5,0.5,0.5,0.5,0.5,1,1.9,10050
2012-08-16,2012-08-30,OPTIDX,NIFTY,3900.0,PE,0.0,0.0,0.0,0.4,0.0,0,0.0,13900
2012-08-16,2012-08-30,OPTIDX,NIFTY,4000.0,PE,0.45,0.45,0.35,0.45,0.45,359,718.07,221000
2012-08-16,2012-08-30,OPTIDX,NIFTY,4100.0,PE,0.4,0.55,0.35,0.45,0.45,537,1100.97,57100
2012-08-16,2012-08-30,OPTIDX,NIFTY,4200.0,PE,0.5,0.85,0.5,0.85,0.85,24,50.4,84000
2012-08-16,2012-08-30,OPTIDX,NIFTY,4300.0,PE,0.65,0.65,0.65,0.65,0.65,1,2.15,121800
2012-08-16,2012-08-30,OPTIDX,NIFTY,4400.0,PE,0.95,1.0,0.85,0.95,0.95,5723,12593.23,1122150
2012-08-16,2012-08-30,OPTIDX,NIFTY,4500.0,PE,0.85,1.05,0.85,1.0,1.0,3882,8736.33,600700
2012-08-16,2012-08-30,OPTIDX,NIFTY,4600.0,PE,1.0,1.25,1.0,1.15,1.15,3034,6979.96,1262100
2012-08-16,2012-08-30,OPTIDX,NIFTY,4700.0,PE,1.45,1.45,1.2,1.3,1.3,7935,18652.42,2517100
2012-08-16,2012-08-30,OPTIDX,NIFTY,4800.0,PE,1.6,1.7,1.4,1.55,1.55,14140,33947.04,3424400
2012-08-16,2012-08-30,OPTIDX,NIFTY,4900.0,PE,2.9,2.9,1.8,2.0,2.0,22643,55498.19,3684600
2012-08-16,2012-08-30,OPTIDX,NIFTY,5000.0,PE,2.2,3.4,2.2,3.0,3.0,109287,273381.47,10265950
2012-08-16,2012-08-30,OPTIDX,NIFTY,5100.0,PE,4.25,5.65,4.0,4.8,4.8,117736,300506.92,7755900
2012-08-16,2012-08-30,OPTIDX,NIFTY,5200.0,PE,8.05,11.1,7.35,10.2,10.2,151938,395779.82,7870750
2012-08-16,2012-08-30,OPTIDX,NIFTY,5300.0,PE,20.5,27.4,19.45,25.55,25.55,321366,855499.83,8634000
2012-08-16,2012-08-30,OPTIDX,NIFTY,5400.0,PE,51.4,65.65,49.0,62.85,62.85,307697,839831.09,3750200
2012-08-16,2012-08-30,OPTIDX,NIFTY,5500.0,PE,106.45,133.0,106.45,129.3,129.3,46047,129443.47,1261650
2012-08-16,2012-08-30,OPTIDX,NIFTY,5600.0,PE,190.0,220.35,190.0,215.4,215.4,3457,10038.4,277200
2012-08-16,2012-08-30,OPTIDX,NIFTY,5700.0,PE,297.0,316.85,292.0,312.7,312.7,772,2316.84,497300
2012-08-16,2012-08-30,OPTIDX,NIFTY,5800.0,PE,392.9,418.0,392.9,411.5,411.5,182,565.04,81150
2012-08-16,2012-08-30,OPTIDX,NIFTY,5900.0,PE,494.0,515.3,490.0,514.2,514.2,80,256.07,10000
2012-08-16,2012-08-30,OPTIDX,NIFTY,6000.0,PE,594.95,613.05,587.0,610.5,610.5,84,277.13,403650
2012-08-16,2012-08-30,OPTIDX,NIFTY,6100.0,PE,688.2,707.0,687.6,706.95,706.95,12,40.77,29550
2012-08-16,2012-08-30,OPTIDX,NIFTY,6200.0,PE,801.95,801.95,801.95,801.95,801.95,1,3.5,5550
2012-08-16,2012-08-30,OPTIDX,NIFTY,6300.0,PE,0.0,0.0,0.0,878.0,916.0,0,0.0,86850
2012-08-16,2012-08-30,OPTIDX,NIFTY,6400.0,PE,988.95,999.0,988.95,999.0,999.0,7,25.87,190500
2012-08-16,2012-08-30,OPTIDX,NIFTY,6500.0,PE,1096.6,1107.75,1087.0,1105.15,1105.15,154,585.38,94600
2012-08-16,2012-08-30,OPTIDX,NIFTY,6600.0,PE,0.0,0.0,0.0,1196.15,1215.0,0,0.0,0
2012-08-16,2012-09-27,OPTIDX,NIFTY,2700.0,CE,0.0,0.0,0.0,2042.75,2690.9,0,0.0,0
2012-08-16,2012-09-27,OPTIDX,NIFTY,2800.0,CE,0.0,0.0,0.0,2019.85,2591.9,0,0.0,0
2012-08-16,2012-09-27,OPTIDX,NIFTY,2900.0,CE,0.0,0.0,0.0,2034.55,2492.95,0,0.0,0
2012-08-16,2012-09-27,OPTIDX,NIFTY,3000.0,CE,0.0,0.0,0.0,2400.0,2394.0,0,0.0,1750
2012-08-16,2012-09-27,OPTIDX,NIFTY,3100.0,CE,0.0,0.0,0.0,2137.65,2295.0,0,0.0,0
2012-08-16,2012-09-27,OPTIDX,NIFTY,3200.0,CE,0.0,0.0,0.0,2080.0,2196.05,0,0.0,500
2012-08-16,2012-09-27,OPTIDX,NIFTY,3300.0,CE,0.0,0.0,0.0,2039.7,2097.1,0,0.0,0
2012-08-16,2012-09-27,OPTIDX,NIFTY,3400.0,CE,0.0,0.0,0.0,1955.65,1998.1,0,0.0,0
2012-08-16,2012-09-27,OPTIDX,NIFTY,3500.0,CE,0.0,0.0,0.0,1872.95,1899.15,0,0.0,0
2012-08-16,2012-09-27,OPTIDX,NIFTY,3600.0,CE,0.0,0.0,0.0,1791.65,1800.2,0,0.0,0
2012-08-16,2012-09-27,OPTIDX,NIFTY,3700.0,CE,1700.0,1700.0,1670.0,1700.0,1700.0,10,26.95,4850
2012-08-16,2012-09-27,OPTIDX,NIFTY,3800.0,CE,0.0,0.0,0.0,1633.8,1602.25,0,0.0,0
2012-08-16,2012-09-27,OPTIDX,NIFTY,3900.0,CE,0.0,0.0,0.0,1557.55,1503.3,0,0.0,0
2012-08-16,2012-09-27,OPTIDX,NIFTY,4000.0,CE,1395.0,1408.0,1385.0,1385.6,1385.6,85,229.27,57400
2012-08-16,2012-09-27,OPTIDX,NIFTY,4100.0,CE,0.0,0.0,0.0,1004.0,1305.35,0,0.0,300
2012-08-16,2012-09-27,OPTIDX,NIFTY,4200.0,CE,0.0,0.0,0.0,1340.35,1206.4,0,0.0,0
2012-08-16,2012-09-27,OPTIDX,NIFTY,4300.0,CE,0.0,0.0,0.0,1272.3,1107.4,0,0.0,0
2012-08-16,2012-09-27,OPTIDX,NIFTY,4400.0,CE,0.0,0.0,0.0,900.0,1008.45,0,0.0,50
2012-08-16,2012-09-27,OPTIDX,NIFTY,4500.0,CE,916.0,916.0,895.0,895.45,895.45,54,145.91,148700
2012-08-16,2012-09-27,OPTIDX,NIFTY,4600.0,CE,810.0,820.0,795.0,795.0,795.0,22,59.45,4400
2012-08-16,2012-09-27,OPTIDX,NIFTY,4700.0,CE,700.0,705.0,700.0,705.0,705.0,2,5.4,14500
2012-08-16,2012-09-27,OPTIDX,NIFTY,4800.0,CE,635.0,635.0,590.0,610.0,610.0,69,186.8,68950
2012-08-16,2012-09-27,OPTIDX,NIFTY,4900.0,CE,525.0,529.0,505.25,510.25,510.25,137,371.2,75450
2012-08-16,2012-09-27,OPTIDX,NIFTY,5000.0,CE,424.3,436.0,411.65,416.0,416.0,159,431.38,546350
2012-08-16,2012-09-27,OPTIDX,NIFTY,5100.0,CE,342.0,346.0,327.0,328.85,328.85,584,1587.21,387400
2012-08-16,2012-09-27,OPTIDX,NIFTY,5200.0,CE,260.0,267.5,241.0,244.3,244.3,874,2383.56,917250
2012-08-16,2012-09-27,OPTIDX,NIFTY,5300.0,CE,185.0,187.45,166.55,169.35,169.35,9044,24774.67,1573150
2012-08-16,2012-09-27,OPTIDX,NIFTY,5400.0,CE,121.35,124.2,106.0,109.2,109.2,15966,44034.45,1411800
2012-08-16,2012-09-27,OPTIDX,NIFTY,5500.0,CE,70.0,75.2,61.6,64.1,64.1,19048,53042.63,2184700
2012-08-16,2012-09-27,OPTIDX,NIFTY,5600.0,CE,40.0,40.65,32.5,34.15,34.15,15518,43742.0,2046850
2012-08-16,2012-09-27,OPTIDX,NIFTY,5700.0,CE,19.55,59.0,15.4,16.25,16.25,7209,20614.23,2447650
2012-08-16,2012-09-27,OPTIDX,NIFTY,5800.0,CE,9.0,9.6,7.5,7.8,7.8,3915,11369.54,458250
2012-08-16,2012-09-27,OPTIDX,NIFTY,5900.0,CE,3.5,4.3,3.35,3.75,3.75,2548,7521.45,244000
2012-08-16,2012-09-27,OPTIDX,NIFTY,6000.0,CE,2.0,2.65,2.0,2.5,2.5,3841,11527.82,262350
2012-08-16,2012-09-27,OPTIDX,NIFTY,6100.0,CE,1.0,1.2,1.0,1.2,1.2,5,15.25,6500
2012-08-16,2012-09-27,OPTIDX,NIFTY,6200.0,CE,1.0,1.1,1.0,1.1,1.1,2,6.2,50
2012-08-16,2012-09-27,OPTIDX,NIFTY,6300.0,CE,0.0,0.0,0.0,370.4,0.2,0,0.0,0
2012-08-16,2012-09-27,OPTIDX,NIFTY,6400.0,CE,0.0,0.0,0.0,345.7,0.1,0,0.0,0
2012-08-16,2012-09-27,OPTIDX,NIFTY,6500.0,CE,1.35,1.4,0.55,0.6,0.6,47,152.77,25950
2012-08-16,2012-09-27,OPTIDX,NIFTY,6600.0,CE,0.0,0.0,0.0,300.9,0.05,0,0.0,0
2012-08-16,2012-09-27,OPTIDX,NIFTY,6700.0,CE,0.0,0.0,0.0,280.45,0.0,0,0.0,0
2012-08-16,2012-09-27,OPTIDX,NIFTY,6800.0,CE,0.0,0.0,0.0,261.3,0.0,0,0.0,0
2012-08-16,2012-09-27,OPTIDX,NIFTY,6900.0,CE,0.0,0.0,0.0,277.85,0.0,0,0.0,0
2012-08-16,2012-09-27,OPTIDX,NIFTY,7000.0,CE,0.0,0.0,0.0,10.05,0.0,0,0.0,0
2012-08-16,2012-09-27,OPTIDX,NIFTY,7100.0,CE,0.0,0.0,0.0,269.25,0.0,0,0.0,0
2012-08-16,2012-09-27,OPTIDX,NIFTY,7200.0,CE,0.0,0.0,0.0,250.6,0.0,0,0.0,0
2012-08-16,2012-09-27,OPTIDX,NIFTY,7300.0,CE,0.0,0.0,0.0,55.55,0.0,0,0.0,0
2012-08-16,2012-09-27,OPTIDX,NIFTY,7400.0,CE,0.0,0.0,0.0,40.45,0.0,0,0.0,0
2012-08-16,2012-09-27,OPTIDX,NIFTY,2700.0,PE,0.0,0.0,0.0,2.45,0.0,0,0.0,0
2012-08-16,2012-09-27,OPTIDX,NIFTY,2800.0,PE,0.0,0.0,0.0,3.25,0.0,0,0.0,0
2012-08-16,2012-09-27,OPTIDX,NIFTY,2900.0,PE,0.0,0.0,0.0,3.3,0.0,0,0.0,0
2012-08-16,2012-09-27,OPTIDX,NIFTY,3000.0,PE,0.0,0.0,0.0,16.0,0.0,0,0.0,0
2012-08-16,2012-09-27,OPTIDX,NIFTY,3100.0,PE,0.0,0.0,0.0,10.0,0.0,0,0.0,0
2012-08-16,2012-09-27,OPTIDX,NIFTY,3200.0,PE,0.0,0.0,0.0,10.0,0.0,0,0.0,0
2012-08-16,2012-09-27,OPTIDX,NIFTY,3300.0,PE,0.0,0.0,0.0,10.0,0.0,0,0.0,0
2012-08-16,2012-09-27,OPTIDX,NIFTY,3400.0,PE,0.0,0.0,0.0,0.25,0.0,0,0.0,0
2012-08-16,2012-09-27,OPTIDX,NIFTY,3500.0,PE,0.0,0.0,0.0,0.6,0.0,0,0.0,600
2012-08-16,2012-09-27,OPTIDX,NIFTY,3600.0,PE,0.0,0.0,0.0,1.15,0.0,0,0.0,0
2012-08-16,2012-09-27,OPTIDX,NIFTY,3700.0,PE,0.3,0.3,0.3,0.3,0.3,4,7.4,1200
2012-08-16,2012-09-27,OPTIDX,NIFTY,3800.0,PE,0.0,0.0,0.0,0.5,0.0,0,0.0,500
2012-08-16,2012-09-27,OPTIDX,NIFTY,3900.0,PE,0.0,0.0,0.0,0.4,0.0,0,0.0,3900
2012-08-16,2012-09-27,OPTIDX,NIFTY,4000.0,PE,0.65,1.2,0.65,0.75,0.75,10,20.0,19250
2012-08-16,2012-09-27,OPTIDX,NIFTY,4100.0,PE,0.0,0.0,0.0,1.15,0.0,0,0.0,1700
2012-08-16,2012-09-27,OPTIDX,NIFTY,4200.0,PE,0.0,0.0,0.0,1.9,0.0,0,0.0,35450
2012-08-16,2012-09-27,OPTIDX,NIFTY,4300.0,PE,2.0,2.0,2.0,2.0,2.0,10,21.51,28000
2012-08-16,2012-09-27,OPTIDX,NIFTY,4400.0,PE,2.1,2.1,2.0,2.0,2.0,40,88.04,129100
2012-08-16,2012-09-27,OPTIDX,NIFTY,4500.0,PE,3.0,3.0,2.3,2.45,2.45,312,702.38,419900
2012-08-16,2012-09-27,OPTIDX,NIFTY,4600.0,PE,3.0,3.6,2.75,2.85,2.85,1518,3493.59,159250
2012-08-16,2012-09-27,OPTIDX,NIFTY,4700.0,PE,4.0,4.65,4.0,4.35,4.35,462,1086.67,474400
2012-08-16,2012-09-27,OPTIDX,NIFTY,4800.0,PE,7.0,7.0,4.75,6.45,6.45,1667,4005.84,956950
2012-08-16,2012-09-27,OPTIDX,NIFTY,4900.0,PE,8.85,10.35,8.65,9.95,9.95,3050,7486.66,912100
2012-08-16,2012-09-27,OPTIDX,NIFTY,5000.0,PE,15.0,16.65,13.55,15.9,15.9,6268,15718.77,2755850
2012-08-16,2012-09-27,OPTIDX,NIFTY,5100.0,PE,22.5,26.0,21.6,24.75,24.75,6364,16304.95,1279000
2012-08-16,2012-09-27,OPTIDX,NIFTY,5200.0,PE,35.95,42.25,35.9,40.3,40.3,11562,30288.07,1807600
2012-08-16,2012-09-27,OPTIDX,NIFTY,5300.0,PE,58.0,67.15,57.4,64.8,64.8,11241,30144.33,1069350
2012-08-16,2012-09-27,OPTIDX,NIFTY,5400.0,PE,93.0,105.0,92.45,102.2,102.2,12395,34076.72,875600
2012-08-16,2012-09-27,OPTIDX,NIFTY,5500.0,PE,140.0,157.55,126.0,153.6,153.6,1239,3499.09,289550
2012-08-16,2012-09-27,OPTIDX,NIFTY,5600.0,PE,200.15,224.9,200.1,220.05,220.05,245,712.44,72900
2012-08-16,2012-09-27,OPTIDX,NIFTY,5700.0,PE,292.5,304.85,285.0,300.05,300.05,199,596.39,27250
2012-08-16,2012-09-27,OPTIDX,NIFTY,5800.0,PE,0.0,0.0,0.0,454.0,390.65,0,0.0,350
2012-08-16,2012-09-27,OPTIDX,NIFTY,5900.0,PE,0.0,0.0,0.0,515.0,482.65,0,0.0,1500
2012-08-16,2012-09-27,OPTIDX,NIFTY,6000.0,PE,562.0,585.0,562.0,585.0,585.0,78,256.16,181800
2012-08-16,2012-09-27,OPTIDX,NIFTY,6100.0,PE,0.0,0.0,0.0,985.0,675.3,0,0.0,650
2012-08-16,2012-09-27,OPTIDX,NIFTY,6200.0,PE,0.0,0.0,0.0,1011.0,773.5,0,0.0,300
2012-08-16,2012-09-27,OPTIDX,NIFTY,6300.0,PE,0.0,0.0,0.0,873.0,872.15,0,0.0,0
2012-08-16,2012-09-27,OPTIDX,NIFTY,6400.0,PE,0.0,0.0,0.0,1151.15,971.0,0,0.0,0
2012-08-16,2012-09-27,OPTIDX,NIFTY,6500.0,PE,1063.5,1083.0,1055.0,1069.55,1069.55,81,306.45,18300
2012-08-16,2012-09-27,OPTIDX,NIFTY,6600.0,PE,0.0,0.0,0.0,1288.3,1168.85,0,0.0,0
2012-08-16,2012-09-27,OPTIDX,NIFTY,6700.0,PE,0.0,0.0,0.0,1358.8,1267.8,0,0.0,0
2012-08-16,2012-09-27,OPTIDX,NIFTY,6800.0,PE,0.0,0.0,0.0,1430.55,1366.8,0,0.0,0
2012-08-16,2012-09-27,OPTIDX,NIFTY,6900.0,PE,0.0,0.0,0.0,1483.9,1465.75,0,0.0,0
2012-08-16,2012-09-27,OPTIDX,NIFTY,7000.0,PE,0.0,0.0,0.0,1675.0,1564.7,0,0.0,1550
2012-08-16,2012-09-27,OPTIDX,NIFTY,7100.0,PE,0.0,0.0,0.0,1830.0,1663.7,0,0.0,200
2012-08-16,2012-09-27,OPTIDX,NIFTY,7200.0,PE,0.0,0.0,0.0,1920.0,1762.65,0,0.0,500
2012-08-16,2012-09-27,OPTIDX,NIFTY,7300.0,PE,0.0,0.0,0.0,1386.35,1861.6,0,0.0,0
2012-08-16,2012-09-27,OPTIDX,NIFTY,7400.0,PE,0.0,0.0,0.0,1439.9,1960.6,0,0.0,0
2012-08-16,2012-10-25,OPTIDX,NIFTY,3800.0,CE,0.0,0.0,0.0,1329.3,1628.2,0,0.0,0
2012-08-16,2012-10-25,OPTIDX,NIFTY,3900.0,CE,0.0,0.0,0.0,1231.6,1529.95,0,0.0,0
2012-08-16,2012-10-25,OPTIDX,NIFTY,4000.0,CE,1420.0,1420.0,1420.0,1420.0,1420.0,2,5.42,1050
2012-08-16,2012-10-25,OPTIDX,NIFTY,4100.0,CE,0.0,0.0,0.0,1275.0,1333.35,0,0.0,50
2012-08-16,2012-10-25,OPTIDX,NIFTY,4200.0,CE,0.0,0.0,0.0,939.55,1235.1,0,0.0,0
2012-08-16,2012-10-25,OPTIDX,NIFTY,4300.0,CE,0.0,0.0,0.0,843.3,1136.8,0,0.0,0
2012-08-16,2012-10-25,OPTIDX,NIFTY,4400.0,CE,0.0,0.0,0.0,748.3,1038.6,0,0.0,0
2012-08-16,2012-10-25,OPTIDX,NIFTY,4500.0,CE,0.0,0.0,0.0,655.4,940.45,0,0.0,0
2012-08-16,2012-10-25,OPTIDX,NIFTY,4600.0,CE,0.0,0.0,0.0,790.0,842.6,0,0.0,50
2012-08-16,2012-10-25,OPTIDX,NIFTY,4700.0,CE,0.0,0.0,0.0,658.0,745.35,0,0.0,7450
2012-08-16,2012-10-25,OPTIDX,NIFTY,4800.0,CE,0.0,0.0,0.0,603.45,649.3,0,0.0,1300
2012-08-16,2012-10-25,OPTIDX,NIFTY,4900.0,CE,0.0,0.0,0.0,449.9,555.45,0,0.0,2150
2012-08-16,2012-10-25,OPTIDX,NIFTY,5000.0,CE,455.0,455.0,455.0,455.0,455.0,4,10.91,19400
2012-08-16,2012-10-25,OPTIDX,NIFTY,5100.0,CE,388.9,388.9,380.0,380.0,380.0,6,16.44,81100
2012-08-16,2012-10-25,OPTIDX,NIFTY,5200.0,CE,307.0,308.0,291.2,295.7,295.7,172,473.2,227050
2012-08-16,2012-10-25,OPTIDX,NIFTY,5300.0,CE,235.0,239.85,222.95,223.55,223.55,98,270.94,751700
2012-08-16,2012-10-25,OPTIDX,NIFTY,5400.0,CE,172.15,175.9,160.5,161.9,161.9,406,1130.27,380600
2012-08-16,2012-10-25,OPTIDX,NIFTY,5500.0,CE,120.0,121.85,110.1,112.15,112.15,472,1325.35,329600
2012-08-16,2012-10-25,OPTIDX,NIFTY,5600.0,CE,77.7,80.0,72.55,73.75,73.75,844,2395.42,339350
2012-08-16,2012-10-25,OPTIDX,NIFTY,5700.0,CE,49.0,50.75,45.25,45.95,45.95,732,2103.49,255700
2012-08-16,2012-10-25,OPTIDX,NIFTY,5800.0,CE,29.0,31.0,27.5,27.8,27.8,186,542.09,120650
2012-08-16,2012-10-25,OPTIDX,NIFTY,5900.0,CE,17.0,18.5,16.75,18.5,18.5,19,56.21,17550
2012-08-16,2012-10-25,OPTIDX,NIFTY,6000.0,CE,10.5,11.0,9.75,10.2,10.2,79,237.41,59200
2012-08-16,2012-10-25,OPTIDX,NIFTY,6100.0,CE,6.1,6.1,5.8,5.8,5.8,15,45.79,16100
2012-08-16,2012-10-25,OPTIDX,NIFTY,6200.0,CE,2.0,4.0,1.0,1.0,1.0,3,9.3,50
2012-08-16,2012-10-25,OPTIDX,NIFTY,6300.0,CE,0.0,0.0,0.0,2.55,2.45,0,0.0,0
2012-08-16,2012-10-25,OPTIDX,NIFTY,6400.0,CE,0.0,0.0,0.0,5.15,1.25,0,0.0,0
2012-08-16,2012-10-25,OPTIDX,NIFTY,6500.0,CE,0.0,0.0,0.0,2.2,0.65,0,0.0,0
2012-08-16,2012-10-25,OPTIDX,NIFTY,6600.0,CE,0.0,0.0,0.0,0.5,0.3,0,0.0,0
2012-08-16,2012-10-25,OPTIDX,NIFTY,3800.0,PE,0.0,0.0,0.0,0.05,0.0,0,0.0,0
2012-08-16,2012-10-25,OPTIDX,NIFTY,3900.0,PE,0.0,0.0,0.0,0.1,0.0,0,0.0,0
2012-08-16,2012-10-25,OPTIDX,NIFTY,4000.0,PE,0.8,0.8,0.8,0.8,0.8,2,4.0,800
2012-08-16,2012-10-25,OPTIDX,NIFTY,4100.0,PE,0.0,0.0,0.0,0.5,0.0,0,0.0,0
2012-08-16,2012-10-25,OPTIDX,NIFTY,4200.0,PE,0.0,0.0,0.0,1.25,0.0,0,0.0,0
2012-08-16,2012-10-25,OPTIDX,NIFTY,4300.0,PE,0.0,0.0,0.0,2.65,0.05,0,0.0,0
2012-08-16,2012-10-25,OPTIDX,NIFTY,4400.0,PE,0.0,0.0,0.0,6.5,0.1,0,0.0,850
2012-08-16,2012-10-25,OPTIDX,NIFTY,4500.0,PE,6.0,6.9,5.8,5.8,5.8,4,9.01,29800
2012-08-16,2012-10-25,OPTIDX,NIFTY,4600.0,PE,8.5,8.5,8.5,8.5,8.5,11,25.34,37200
2012-08-16,2012-10-25,OPTIDX,NIFTY,4700.0,PE,10.05,12.0,10.05,11.3,11.3,81,190.79,33750
2012-08-16,2012-10-25,OPTIDX,NIFTY,4800.0,PE,17.1,17.1,15.25,17.0,17.0,61,146.89,91150
2012-08-16,2012-10-25,OPTIDX,NIFTY,4900.0,PE,23.4,24.0,21.6,23.5,23.5,111,273.24,180650
2012-08-16,2012-10-25,OPTIDX,NIFTY,5000.0,PE,32.0,34.5,30.5,33.7,33.7,467,1175.09,262350
2012-08-16,2012-10-25,OPTIDX,NIFTY,5100.0,PE,45.0,48.25,42.25,47.5,47.5,327,841.32,210800
2012-08-16,2012-10-25,OPTIDX,NIFTY,5200.0,PE,62.0,69.25,60.0,67.4,67.4,2411,6348.55,317050
2012-08-16,2012-10-25,OPTIDX,NIFTY,5300.0,PE,89.0,95.5,86.0,93.05,93.05,378,1018.87,161100
2012-08-16,2012-10-25,OPTIDX,NIFTY,5400.0,PE,122.0,132.0,120.0,130.35,130.35,583,1610.72,145700
2012-08-16,2012-10-25,OPTIDX,NIFTY,5500.0,PE,155.0,178.0,155.0,176.8,176.8,184,521.24,29950
2012-08-16,2012-10-25,OPTIDX,NIFTY,5600.0,PE,0.0,0.0,0.0,240.0,228.15,0,0.0,150
2012-08-16,2012-10-25,OPTIDX,NIFTY,5700.0,PE,0.0,0.0,0.0,556.8,297.9,0,0.0,0
2012-08-16,2012-10-25,OPTIDX,NIFTY,5800.0,PE,0.0,0.0,0.0,644.8,375.3,0,0.0,0
2012-08-16,2012-10-25,OPTIDX,NIFTY,5900.0,PE,0.0,0.0,0.0,657.0,459.3,0,0.0,4000
2012-08-16,2012-10-25,OPTIDX,NIFTY,6000.0,PE,0.0,0.0,0.0,595.8,548.15,0,0.0,4700
2012-08-16,2012-10-25,OPTIDX,NIFTY,6100.0,PE,0.0,0.0,0.0,680.0,640.45,0,0.0,50
2012-08-16,2012-10-25,OPTIDX,NIFTY,6200.0,PE,0.0,0.0,0.0,1019.35,735.15,0,0.0,0
2012-08-16,2012-10-25,OPTIDX,NIFTY,6300.0,PE,0.0,0.0,0.0,1064.65,831.35,0,0.0,0
2012-08-16,2012-10-25,OPTIDX,NIFTY,6400.0,PE,0.0,0.0,0.0,1066.7,928.45,0,0.0,0
2012-08-16,2012-10-25,OPTIDX,NIFTY,6500.0,PE,0.0,0.0,0.0,1090.3,1026.1,0,0.0,0
2012-08-16,2012-10-25,OPTIDX,NIFTY,6600.0,PE,0.0,0.0,0.0,1105.0,1124.05,0,0.0,0
2012-08-16,2012-12-27,OPTIDX,NIFTY,2700.0,CE,2680.0,2690.0,2631.0,2664.4,2664.4,6,16.1,197950
2012-08-16,2012-12-27,OPTIDX,NIFTY,2800.0,CE,0.0,0.0,0.0,2085.55,2653.6,0,0.0,0
2012-08-16,2012-12-27,OPTIDX,NIFTY,2900.0,CE,0.0,0.0,0.0,2197.75,2556.85,0,0.0,0
2012-08-16,2012-12-27,OPTIDX,NIFTY,3000.0,CE,2355.0,2400.0,2355.0,2394.75,2394.75,5,13.46,323200
2012-08-16,2012-12-27,OPTIDX,NIFTY,3100.0,CE,0.0,0.0,0.0,2222.25,2363.3,0,0.0,0
2012-08-16,2012-12-27,OPTIDX,NIFTY,3200.0,CE,0.0,0.0,0.0,2226.75,2266.55,0,0.0,0
2012-08-16,2012-12-27,OPTIDX,NIFTY,3300.0,CE,0.0,0.0,0.0,2231.25,2169.8,0,0.0,0
2012-08-16,2012-12-27,OPTIDX,NIFTY,3400.0,CE,0.0,0.0,0.0,1829.85,2073.0,0,0.0,0
2012-08-16,2012-12-27,OPTIDX,NIFTY,3500.0,CE,0.0,0.0,0.0,1510.0,1976.25,0,0.0,1100
2012-08-16,2012-12-27,OPTIDX,NIFTY,3600.0,CE,0.0,0.0,0.0,1960.0,1879.5,0,0.0,0
2012-08-16,2012-12-27,OPTIDX,NIFTY,3700.0,CE,0.0,0.0,0.0,1921.35,1782.75,0,0.0,0
2012-08-16,2012-12-27,OPTIDX,NIFTY,3800.0,CE,0.0,0.0,0.0,1883.7,1685.95,0,0.0,0
2012-08-16,2012-12-27,OPTIDX,NIFTY,3900.0,CE,0.0,0.0,0.0,1846.95,1589.2,0,0.0,0
2012-08-16,2012-12-27,OPTIDX,NIFTY,4000.0,CE,1460.0,1460.0,1410.0,1430.0,1430.0,19,51.52,171450
2012-08-16,2012-12-27,OPTIDX,NIFTY,4100.0,CE,0.0,0.0,0.0,1776.3,1395.75,0,0.0,0
2012-08-16,2012-12-27,OPTIDX,NIFTY,4200.0,CE,0.0,0.0,0.0,1742.15,1299.1,0,0.0,0
2012-08-16,2012-12-27,OPTIDX,NIFTY,4300.0,CE,0.0,0.0,0.0,1709.05,1202.6,0,0.0,0
2012-08-16,2012-12-27,OPTIDX,NIFTY,4400.0,CE,0.0,0.0,0.0,1223.5,1106.4,0,0.0,0
2012-08-16,2012-12-27,OPTIDX,NIFTY,4500.0,CE,950.0,975.0,907.0,907.0,907.0,8,21.84,174850
2012-08-16,2012-12-27,OPTIDX,NIFTY,4600.0,CE,0.0,0.0,0.0,570.0,915.85,0,0.0,1050
2012-08-16,2012-12-27,OPTIDX,NIFTY,4700.0,CE,0.0,0.0,0.0,725.0,822.4,0,0.0,100
2012-08-16,2012-12-27,OPTIDX,NIFTY,4800.0,CE,0.0,0.0,0.0,430.0,730.95,0,0.0,50300
2012-08-16,2012-12-27,OPTIDX,NIFTY,4900.0,CE,0.0,0.0,0.0,350.0,642.4,0,0.0,50
2012-08-16,2012-12-27,OPTIDX,NIFTY,5000.0,CE,550.0,559.95,540.2,542.0,542.0,120,332.9,1084450
2012-08-16,2012-12-27,OPTIDX,NIFTY,5100.0,CE,0.0,0.0,0.0,429.95,477.45,0,0.0,8650
2012-08-16,2012-12-27,OPTIDX,NIFTY,5200.0,CE,0.0,0.0,0.0,415.0,403.2,0,0.0,103700
2012-08-16,2012-12-27,OPTIDX,NIFTY,5300.0,CE,324.0,332.9,312.1,325.3,325.3,13,36.57,195950
2012-08-16,2012-12-27,OPTIDX,NIFTY,5400.0,CE,274.0,275.0,274.0,274.0,274.0,25,70.93,73450
2012-08-16,2012-12-27,OPTIDX,NIFTY,5500.0,CE,220.0,220.0,207.9,208.95,208.95,891,2545.21,1159400
2012-08-16,2012-12-27,OPTIDX,NIFTY,5600.0,CE,160.05,164.0,157.3,157.3,157.3,634,1827.11,44400
2012-08-16,2012-12-27,OPTIDX,NIFTY,5700.0,CE,0.0,0.0,0.0,129.45,135.75,0,0.0,143150
2012-08-16,2012-12-27,OPTIDX,NIFTY,5800.0,CE,85.0,85.0,85.0,85.0,85.0,120,353.1,284350
2012-08-16,2012-12-27,OPTIDX,NIFTY,5900.0,CE,60.0,60.0,59.05,59.05,59.05,5,14.89,400
2012-08-16,2012-12-27,OPTIDX,NIFTY,6000.0,CE,48.5,49.95,46.55,47.15,47.15,1428,4318.16,1188450
2012-08-16,2012-12-27,OPTIDX,NIFTY,6100.0,CE,31.1,31.1,31.1,31.1,31.1,1,3.06,5850
2012-08-16,2012-12-27,OPTIDX,NIFTY,6200.0,CE,0.0,0.0,0.0,14.0,29.95,0,0.0,34450
2012-08-16,2012-12-27,OPTIDX,NIFTY,6300.0,CE,0.0,0.0,0.0,19.25,21.05,0,0.0,119650
2012-08-16,2012-12-27,OPTIDX,NIFTY,6400.0,CE,0.0,0.0,0.0,12.0,14.55,0,0.0,53450
2012-08-16,2012-12-27,OPTIDX,NIFTY,6500.0,CE,9.9,9.9,9.5,9.5,9.5,2,6.5,464600
2012-08-16,2012-12-27,OPTIDX,NIFTY,6600.0,CE,0.25,8.0,0.25,8.0,8.0,2,6.6,100
2012-08-16,2012-12-27,OPTIDX,NIFTY,6700.0,CE,18.9,18.9,10.35,10.35,10.35,2,6.71,29100
2012-08-16,2012-12-27,OPTIDX,NIFTY,6800.0,CE,0.0,0.0,0.0,10.55,2.85,0,0.0,74100
2012-08-16,2012-12-27,OPTIDX,NIFTY,6900.0,CE,0.0,0.0,0.0,7.0,1.85,0,0.0,24900
2012-08-16,2012-12-27,OPTIDX,NIFTY,7000.0,CE,1.7,7.5,1.7,5.0,5.0,8,28.01,291200
2012-08-16,2012-12-27,OPTIDX,NIFTY,7100.0,CE,0.0,0.0,0.0,707.5,0.75,0,0.0,0
2012-08-16,2012-12-27,OPTIDX,NIFTY,7200.0,CE,0.0,0.0,0.0,667.4,0.45,0,0.0,0
2012-08-16,2012-12-27,OPTIDX,NIFTY,7300.0,CE,0.0,0.0,0.0,629.1,0.3,0,0.0,0
2012-08-16,2012-12-27,OPTIDX,NIFTY,7400.0,CE,0.0,0.0,0.0,592.5,0.2,0,0.0,0
2012-08-16,2012-12-27,OPTIDX,NIFTY,7500.0,CE,0.0,0.0,0.0,2.95,0.1,0,0.0,50
2012-08-16,2012-12-27,OPTIDX,NIFTY,7600.0,CE,0.0,0.0,0.0,524.45,0.1,0,0.0,0
2012-08-16,2012-12-27,OPTIDX,NIFTY,7700.0,CE,0.0,0.0,0.0,10.15,0.05,0,0.0,50
2012-08-16,2012-12-27,OPTIDX,NIFTY,7800.0,CE,0.0,0.0,0.0,462.85,0.05,0,0.0,0
2012-08-16,2012-12-27,OPTIDX,NIFTY,7900.0,CE,0.0,0.0,0.0,434.4,0.05,0,0.0,0
2012-08-16,2012-12-27,OPTIDX,NIFTY,8000.0,CE,0.0,0.0,0.0,5.0,0.05,0,0.0,0
2012-08-16,2012-12-27,OPTIDX,NIFTY,8100.0,CE,0.0,0.0,0.0,381.8,0.0,0,0.0,0
2012-08-16,2012-12-27,OPTIDX,NIFTY,8200.0,CE,0.0,0.0,0.0,357.65,0.0,0,0.0,0
2012-08-16,2012-12-27,OPTIDX,NIFTY,8300.0,CE,0.0,0.0,0.0,334.75,0.0,0,0.0,0
2012-08-16,2012-12-27,OPTIDX,NIFTY,8400.0,CE,0.0,0.0,0.0,313.5,0.0,0,0.0,0
2012-08-16,2012-12-27,OPTIDX,NIFTY,8500.0,CE,0.0,0.0,0.0,6.9,0.0,0,0.0,0
2012-08-16,2012-12-27,OPTIDX,NIFTY,8600.0,CE,0.0,0.0,0.0,5.2,0.0,0,0.0,0
2012-08-16,2012-12-27,OPTIDX,NIFTY,2700.0,PE,0.0,0.0,0.0,5.35,0.0,0,0.0,0
2012-08-16,2012-12-27,OPTIDX,NIFTY,2800.0,PE,0.0,0.0,0.0,6.8,0.0,0,0.0,0
2012-08-16,2012-12-27,OPTIDX,NIFTY,2900.0,PE,0.0,0.0,0.0,5.4,0.0,0,0.0,0
2012-08-16,2012-12-27,OPTIDX,NIFTY,3000.0,PE,4.0,4.0,3.25,3.25,3.25,11,16.51,100450
2012-08-16,2012-12-27,OPTIDX,NIFTY,3100.0,PE,0.0,0.0,0.0,5.3,0.0,0,0.0,0
2012-08-16,2012-12-27,OPTIDX,NIFTY,3200.0,PE,0.0,0.0,0.0,4.25,0.0,0,0.0,0
2012-08-16,2012-12-27,OPTIDX,NIFTY,3300.0,PE,0.0,0.0,0.0,6.0,0.0,0,0.0,0
2012-08-16,2012-12-27,OPTIDX,NIFTY,3400.0,PE,0.0,0.0,0.0,708.25,0.0,0,0.0,0
2012-08-16,2012-12-27,OPTIDX,NIFTY,3500.0,PE,8.5,8.5,5.65,6.05,6.05,117,205.1,381250
2012-08-16,2012-12-27,OPTIDX,NIFTY,3600.0,PE,0.0,0.0,0.0,19.9,0.0,0,0.0,4300
2012-08-16,2012-12-27,OPTIDX,NIFTY,3700.0,PE,13.9,13.9,13.9,13.9,13.9,1,1.85,400
2012-08-16,2012-12-27,OPTIDX,NIFTY,3800.0,PE,0.0,0.0,0.0,8.9,0.0,0,0.0,41500
2012-08-16,2012-12-27,OPTIDX,NIFTY,3900.0,PE,0.0,0.0,0.0,7.1,0.05,0,0.0,100
2012-08-16,2012-12-27,OPTIDX,NIFTY,4000.0,PE,12.5,12.5,11.3,12.05,12.05,80,160.48,1085900
2012-08-16,2012-12-27,OPTIDX,NIFTY,4100.0,PE,0.0,0.0,0.0,18.0,0.1,0,0.0,300
2012-08-16,2012-12-27,OPTIDX,NIFTY,4200.0,PE,0.0,0.0,0.0,18.55,0.2,0,0.0,17450
2012-08-16,2012-12-27,OPTIDX,NIFTY,4300.0,PE,19.5,19.5,14.5,14.5,14.5,2,4.31,450
2012-08-16,2012-12-27,OPTIDX,NIFTY,4400.0,PE,24.5,24.5,22.5,24.1,24.1,5,11.06,2000
2012-08-16,2012-12-27,OPTIDX,NIFTY,4500.0,PE,24.85,29.5,24.85,27.9,27.9,551,1247.35,988900
2012-08-16,2012-12-27,OPTIDX,NIFTY,4600.0,PE,0.0,0.0,0.0,71.0,4.0,0,0.0,4200
2012-08-16,2012-12-27,OPTIDX,NIFTY,4700.0,PE,0.0,0.0,0.0,34.9,7.3,0,0.0,27500
2012-08-16,2012-12-27,OPTIDX,NIFTY,4800.0,PE,40.15,50.5,40.15,50.0,50.0,237,574.52,300450
2012-08-16,2012-12-27,OPTIDX,NIFTY,4900.0,PE,61.75,61.75,58.0,58.0,58.0,2,4.95,53600
2012-08-16,2012-12-27,OPTIDX,NIFTY,5000.0,PE,71.0,76.9,70.15,75.7,75.7,507,1286.17,1430200
2012-08-16,2012-12-27,OPTIDX,NIFTY,5100.0,PE,95.0,95.5,87.0,93.85,93.85,100,259.67,10000
2012-08-16,2012-12-27,OPTIDX,NIFTY,5200.0,PE,109.0,115.5,104.2,114.6,114.6,57,151.4,1085250
2012-08-16,2012-12-27,OPTIDX,NIFTY,5300.0,PE,127.2,140.0,126.0,138.5,138.5,62,168.43,51450
2012-08-16,2012-12-27,OPTIDX,NIFTY,5400.0,PE,166.0,172.0,166.0,169.1,169.1,8,22.27,61150
2012-08-16,2012-12-27,OPTIDX,NIFTY,5500.0,PE,202.2,220.0,200.0,214.0,214.0,449,1282.13,653700
2012-08-16,2012-12-27,OPTIDX,NIFTY,5600.0,PE,0.0,0.0,0.0,260.0,230.3,0,0.0,100
2012-08-16,2012-12-27,OPTIDX,NIFTY,5700.0,PE,0.0,0.0,0.0,538.0,288.3,0,0.0,135000
2012-08-16,2012-12-27,OPTIDX,NIFTY,5800.0,PE,0.0,0.0,0.0,380.15,353.1,0,0.0,275000
2012-08-16,2012-12-27,OPTIDX,NIFTY,5900.0,PE,0.0,0.0,0.0,703.8,424.35,0,0.0,0
2012-08-16,2012-12-27,OPTIDX,NIFTY,6000.0,PE,522.0,527.0,520.0,527.0,527.0,11,35.87,118300
2012-08-16,2012-12-27,OPTIDX,NIFTY,6100.0,PE,0.0,0.0,0.0,365.45,581.55,0,0.0,0
2012-08-16,2012-12-27,OPTIDX,NIFTY,6200.0,PE,0.0,0.0,0.0,374.7,666.35,0,0.0,0
2012-08-16,2012-12-27,OPTIDX,NIFTY,6300.0,PE,0.0,0.0,0.0,1227.4,754.2,0,0.0,100050
2012-08-16,2012-12-27,OPTIDX,NIFTY,6400.0,PE,680.2,985.0,680.2,918.0,918.0,58,210.64,1800
2012-08-16,2012-12-27,OPTIDX,NIFTY,6500.0,PE,0.0,0.0,0.0,1050.0,936.55,0,0.0,100150
2012-08-16,2012-12-27,OPTIDX,NIFTY,6600.0,PE,0.0,0.0,0.0,1035.0,1030.05,0,0.0,112550
2012-08-16,2012-12-27,OPTIDX,NIFTY,6700.0,PE,0.0,0.0,0.0,466.15,1124.55,0,0.0,0
2012-08-16,2012-12-27,OPTIDX,NIFTY,6800.0,PE,0.0,0.0,0.0,443.9,1219.8,0,0.0,0
2012-08-16,2012-12-27,OPTIDX,NIFTY,6900.0,PE,0.0,0.0,0.0,454.7,1315.55,0,0.0,0
2012-08-16,2012-12-27,OPTIDX,NIFTY,7000.0,PE,1475.0,1475.0,1475.0,1475.0,1475.0,1,4.23,246000
2012-08-16,2012-12-27,OPTIDX,NIFTY,7100.0,PE,0.0,0.0,0.0,542.55,1507.95,0,0.0,0
2012-08-16,2012-12-27,OPTIDX,NIFTY,7200.0,PE,0.0,0.0,0.0,586.1,1604.45,0,0.0,0
2012-08-16,2012-12-27,OPTIDX,NIFTY,7300.0,PE,0.0,0.0,0.0,631.4,1701.05,0,0.0,0
2012-08-16,2012-12-27,OPTIDX,NIFTY,7400.0,PE,0.0,0.0,0.0,678.4,1797.7,0,0.0,0
2012-08-16,2012-12-27,OPTIDX,NIFTY,7500.0,PE,2000.0,2000.0,2000.0,2000.0,2000.0,1,4.75,10000
2012-08-16,2012-12-27,OPTIDX,NIFTY,7600.0,PE,0.0,0.0,0.0,777.6,1991.15,0,0.0,0
2012-08-16,2012-12-27,OPTIDX,NIFTY,7700.0,PE,0.0,0.0,0.0,829.6,2087.85,0,0.0,0
2012-08-16,2012-12-27,OPTIDX,NIFTY,7800.0,PE,0.0,0.0,0.0,883.25,2184.6,0,0.0,0
2012-08-16,2012-12-27,OPTIDX,NIFTY,7900.0,PE,0.0,0.0,0.0,938.4,2281.35,0,0.0,0
2012-08-16,2012-12-27,OPTIDX,NIFTY,8000.0,PE,0.0,0.0,0.0,995.0,2378.15,0,0.0,0
2012-08-16,2012-12-27,OPTIDX,NIFTY,8100.0,PE,0.0,0.0,0.0,1053.05,2474.9,0,0.0,0
2012-08-16,2012-12-27,OPTIDX,NIFTY,8200.0,PE,0.0,0.0,0.0,1112.5,2571.65,0,0.0,0
2012-08-16,2012-12-27,OPTIDX,NIFTY,8300.0,PE,0.0,0.0,0.0,1173.25,2668.4,0,0.0,0
2012-08-16,2012-12-27,OPTIDX,NIFTY,8400.0,PE,0.0,0.0,0.0,1235.55,2765.2,0,0.0,0
2012-08-16,2012-12-27,OPTIDX,NIFTY,8500.0,PE,0.0,0.0,0.0,1298.85,2861.95,0,0.0,0
2012-08-16,2012-12-27,OPTIDX,NIFTY,8600.0,PE,0.0,0.0,0.0,3488.45,2958.7,0,0.0,50
2012-08-16,2013-03-28,OPTIDX,NIFTY,3000.0,CE,0.0,0.0,0.0,2500.0,2524.7,0,0.0,698500
2012-08-16,2013-03-28,OPTIDX,NIFTY,3100.0,CE,0.0,0.0,0.0,2086.5,2430.1,0,0.0,0
2012-08-16,2013-03-28,OPTIDX,NIFTY,3200.0,CE,0.0,0.0,0.0,2066.1,2335.5,0,0.0,0
2012-08-16,2013-03-28,OPTIDX,NIFTY,3300.0,CE,0.0,0.0,0.0,2060.05,2240.85,0,0.0,0
2012-08-16,2013-03-28,OPTIDX,NIFTY,3400.0,CE,0.0,0.0,0.0,2143.0,2146.25,0,0.0,0
2012-08-16,2013-03-28,OPTIDX,NIFTY,3500.0,CE,0.0,0.0,0.0,2055.6,2051.65,0,0.0,0
2012-08-16,2013-03-28,OPTIDX,NIFTY,3600.0,CE,0.0,0.0,0.0,1968.75,1957.05,0,0.0,0
2012-08-16,2013-03-28,OPTIDX,NIFTY,3700.0,CE,0.0,0.0,0.0,1882.75,1862.45,0,0.0,0
2012-08-16,2013-03-28,OPTIDX,NIFTY,3800.0,CE,0.0,0.0,0.0,1797.6,1767.9,0,0.0,0
2012-08-16,2013-03-28,OPTIDX,NIFTY,3900.0,CE,0.0,0.0,0.0,1713.5,1673.35,0,0.0,0
2012-08-16,2013-03-28,OPTIDX,NIFTY,4000.0,CE,0.0,0.0,0.0,1630.65,1578.95,0,0.0,0
2012-08-16,2013-03-28,OPTIDX,NIFTY,4100.0,CE,0.0,0.0,0.0,1549.15,1484.65,0,0.0,0
2012-08-16,2013-03-28,OPTIDX,NIFTY,4200.0,CE,0.0,0.0,0.0,1469.2,1390.65,0,0.0,0
2012-08-16,2013-03-28,OPTIDX,NIFTY,4300.0,CE,0.0,0.0,0.0,1390.95,1297.0,0,0.0,0
2012-08-16,2013-03-28,OPTIDX,NIFTY,4400.0,CE,0.0,0.0,0.0,1314.6,1204.05,0,0.0,0
2012-08-16,2013-03-28,OPTIDX,NIFTY,4500.0,CE,0.0,0.0,0.0,1240.2,1112.0,0,0.0,0
2012-08-16,2013-03-28,OPTIDX,NIFTY,4600.0,CE,0.0,0.0,0.0,1167.9,1021.2,0,0.0,0
2012-08-16,2013-03-28,OPTIDX,NIFTY,4700.0,CE,0.0,0.0,0.0,1097.9,932.15,0,0.0,0
2012-08-16,2013-03-28,OPTIDX,NIFTY,4800.0,CE,0.0,0.0,0.0,1030.45,845.3,0,0.0,0
2012-08-16,2013-03-28,OPTIDX,NIFTY,4900.0,CE,0.0,0.0,0.0,965.25,761.2,0,0.0,0
2012-08-16,2013-03-28,OPTIDX,NIFTY,5000.0,CE,0.0,0.0,0.0,902.6,680.4,0,0.0,0
2012-08-16,2013-03-28,OPTIDX,NIFTY,5100.0,CE,0.0,0.0,0.0,842.35,603.45,0,0.0,0
2012-08-16,2013-03-28,OPTIDX,NIFTY,5200.0,CE,0.0,0.0,0.0,785.0,531.05,0,0.0,0
2012-08-16,2013-03-28,OPTIDX,NIFTY,5300.0,CE,0.0,0.0,0.0,730.35,463.05,0,0.0,0
2012-08-16,2013-03-28,OPTIDX,NIFTY,5400.0,CE,0.0,0.0,0.0,678.4,400.5,0,0.0,0
2012-08-16,2013-03-28,OPTIDX,NIFTY,5500.0,CE,330.0,340.0,315.0,327.5,327.5,23,67.04,51600
2012-08-16,2013-03-28,OPTIDX,NIFTY,5600.0,CE,0.0,0.0,0.0,270.0,291.8,0,0.0,350
2012-08-16,2013-03-28,OPTIDX,NIFTY,5700.0,CE,0.0,0.0,0.0,538.5,245.75,0,0.0,0
2012-08-16,2013-03-28,OPTIDX,NIFTY,5800.0,CE,0.0,0.0,0.0,180.0,205.1,0,0.0,50
2012-08-16,2013-03-28,OPTIDX,NIFTY,5900.0,CE,0.0,0.0,0.0,458.15,169.7,0,0.0,0
2012-08-16,2013-03-28,OPTIDX,NIFTY,6000.0,CE,117.45,117.45,115.95,115.95,115.95,20,61.16,84200
2012-08-16,2013-03-28,OPTIDX,NIFTY,6100.0,CE,0.0,0.0,0.0,60.0,113.3,0,0.0,50
2012-08-16,2013-03-28,OPTIDX,NIFTY,6200.0,CE,0.0,0.0,0.0,53.0,91.25,0,0.0,50
2012-08-16,2013-03-28,OPTIDX,NIFTY,6300.0,CE,0.0,0.0,0.0,44.0,72.9,0,0.0,50
2012-08-16,2013-03-28,OPTIDX,NIFTY,6400.0,CE,0.0,0.0,0.0,298.5,57.8,0,0.0,0
2012-08-16,2013-03-28,OPTIDX,NIFTY,6500.0,CE,37.0,44.85,35.1,40.0,40.0,22,71.9,559150
2012-08-16,2013-03-28,OPTIDX,NIFTY,6600.0,CE,0.0,0.0,0.0,249.2,35.4,0,0.0,0
2012-08-16,2013-03-28,OPTIDX,NIFTY,6700.0,CE,0.0,0.0,0.0,227.6,27.4,0,0.0,0
2012-08-16,2013-03-28,OPTIDX,NIFTY,6800.0,CE,0.0,0.0,0.0,207.45,21.05,0,0.0,0
2012-08-16,2013-03-28,OPTIDX,NIFTY,6900.0,CE,0.0,0.0,0.0,188.9,16.05,0,0.0,0
2012-08-16,2013-03-28,OPTIDX,NIFTY,7000.0,CE,18.0,18.0,17.15,17.6,17.6,3,10.52,47600
2012-08-16,2013-03-28,OPTIDX,NIFTY,7100.0,CE,0.0,0.0,0.0,206.65,9.1,0,0.0,0
2012-08-16,2013-03-28,OPTIDX,NIFTY,7200.0,CE,0.0,0.0,0.0,177.75,6.8,0,0.0,0
2012-08-16,2013-03-28,OPTIDX,NIFTY,3000.0,PE,0.0,0.0,0.0,5.0,0.0,0,0.0,25000
2012-08-16,2013-03-28,OPTIDX,NIFTY,3100.0,PE,0.0,0.0,0.0,0.4,0.0,0,0.0,0
2012-08-16,2013-03-28,OPTIDX,NIFTY,3200.0,PE,0.0,0.0,0.0,1.15,0.0,0,0.0,0
2012-08-16,2013-03-28,OPTIDX,NIFTY,3300.0,PE,0.0,0.0,0.0,11.0,0.0,0,0.0,100
2012-08-16,2013-03-28,OPTIDX,NIFTY,3400.0,PE,0.0,0.0,0.0,4.85,0.0,0,0.0,0
2012-08-16,2013-03-28,OPTIDX,NIFTY,3500.0,PE,0.0,0.0,0.0,6.85,0.0,0,0.0,0
2012-08-16,2013-03-28,OPTIDX,NIFTY,3600.0,PE,0.0,0.0,0.0,9.45,0.05,0,0.0,0
2012-08-16,2013-03-28,OPTIDX,NIFTY,3700.0,PE,0.0,0.0,0.0,12.85,0.05,0,0.0,0
2012-08-16,2013-03-28,OPTIDX,NIFTY,3800.0,PE,0.0,0.0,0.0,17.15,0.1,0,0.0,0
2012-08-16,2013-03-28,OPTIDX,NIFTY,3900.0,PE,0.0,0.0,0.0,22.5,0.2,0,0.0,0
2012-08-16,2013-03-28,OPTIDX,NIFTY,4000.0,PE,22.0,22.0,22.0,22.0,22.0,2,4.02,5750
2012-08-16,2013-03-28,OPTIDX,NIFTY,4100.0,PE,0.0,0.0,0.0,37.05,0.65,0,0.0,0
2012-08-16,2013-03-28,OPTIDX,NIFTY,4200.0,PE,0.0,0.0,0.0,46.5,1.25,0,0.0,0
2012-08-16,2013-03-28,OPTIDX,NIFTY,4300.0,PE,0.0,0.0,0.0,57.7,2.25,0,0.0,0
2012-08-16,2013-03-28,OPTIDX,NIFTY,4400.0,PE,0.0,0.0,0.0,70.75,3.9,0,0.0,0
2012-08-16,2013-03-28,OPTIDX,NIFTY,4500.0,PE,56.0,58.95,55.5,56.2,56.2,102,232.35,63800
2012-08-16,2013-03-28,OPTIDX,NIFTY,4600.0,PE,0.0,0.0,0.0,102.95,10.25,0,0.0,0
2012-08-16,2013-03-28,OPTIDX,NIFTY,4700.0,PE,0.0,0.0,0.0,122.35,15.8,0,0.0,0
2012-08-16,2013-03-28,OPTIDX,NIFTY,4800.0,PE,0.0,0.0,0.0,144.35,23.55,0,0.0,0
2012-08-16,2013-03-28,OPTIDX,NIFTY,4900.0,PE,0.0,0.0,0.0,136.9,34.05,0,0.0,50
2012-08-16,2013-03-28,OPTIDX,NIFTY,5000.0,PE,0.0,0.0,0.0,140.0,47.9,0,0.0,350
2012-08-16,2013-03-28,OPTIDX,NIFTY,5100.0,PE,0.0,0.0,0.0,160.0,65.55,0,0.0,500
2012-08-16,2013-03-28,OPTIDX,NIFTY,5200.0,PE,0.0,0.0,0.0,256.6,87.8,0,0.0,0
2012-08-16,2013-03-28,OPTIDX,NIFTY,5300.0,PE,0.0,0.0,0.0,291.4,114.35,0,0.0,0
2012-08-16,2013-03-28,OPTIDX,NIFTY,5400.0,PE,0.0,0.0,0.0,328.9,146.45,0,0.0,0
2012-08-16,2013-03-28,OPTIDX,NIFTY,5500.0,PE,0.0,0.0,0.0,257.5,183.95,0,0.0,0
2012-08-16,2013-03-28,OPTIDX,NIFTY,5600.0,PE,0.0,0.0,0.0,411.85,226.95,0,0.0,0
2012-08-16,2013-03-28,OPTIDX,NIFTY,5700.0,PE,0.0,0.0,0.0,457.25,275.5,0,0.0,0
2012-08-16,2013-03-28,OPTIDX,NIFTY,5800.0,PE,0.0,0.0,0.0,505.25,329.5,0,0.0,0
2012-08-16,2013-03-28,OPTIDX,NIFTY,5900.0,PE,0.0,0.0,0.0,555.8,388.65,0,0.0,0
2012-08-16,2013-03-28,OPTIDX,NIFTY,6000.0,PE,0.0,0.0,0.0,608.75,452.75,0,0.0,0
2012-08-16,2013-03-28,OPTIDX,NIFTY,6100.0,PE,0.0,0.0,0.0,664.05,521.5,0,0.0,0
2012-08-16,2013-03-28,OPTIDX,NIFTY,6200.0,PE,0.0,0.0,0.0,721.65,594.05,0,0.0,0
2012-08-16,2013-03-28,OPTIDX,NIFTY,6300.0,PE,0.0,0.0,0.0,781.4,670.35,0,0.0,0
2012-08-16,2013-03-28,OPTIDX,NIFTY,6400.0,PE,0.0,0.0,0.0,843.25,749.8,0,0.0,0
2012-08-16,2013-03-28,OPTIDX,NIFTY,6500.0,PE,0.0,0.0,0.0,907.15,832.05,0,0.0,0
2012-08-16,2013-03-28,OPTIDX,NIFTY,6600.0,PE,0.0,0.0,0.0,972.85,916.65,0,0.0,0
2012-08-16,2013-03-28,OPTIDX,NIFTY,6700.0,PE,0.0,0.0,0.0,1040.7,1003.25,0,0.0,0
2012-08-16,2013-03-28,OPTIDX,NIFTY,6800.0,PE,0.0,0.0,0.0,1110.0,1091.5,0,0.0,0
2012-08-16,2013-03-28,OPTIDX,NIFTY,6900.0,PE,0.0,0.0,0.0,1180.85,1181.1,0,0.0,0
2012-08-16,2013-03-28,OPTIDX,NIFTY,7000.0,PE,0.0,0.0,0.0,1283.0,1271.8,0,0.0,699050
2012-08-16,2013-03-28,OPTIDX,NIFTY,7100.0,PE,0.0,0.0,0.0,1273.5,1363.4,0,0.0,0
2012-08-16,2013-03-28,OPTIDX,NIFTY,7200.0,PE,0.0,0.0,0.0,1304.5,1455.7,0,0.0,0
2012-08-16,2013-06-27,OPTIDX,NIFTY,2700.0,CE,0.0,0.0,0.0,2600.0,2865.4,0,0.0,375000
2012-08-16,2013-06-27,OPTIDX,NIFTY,2800.0,CE,0.0,0.0,0.0,2213.8,2772.9,0,0.0,0
2012-08-16,2013-06-27,OPTIDX,NIFTY,2900.0,CE,0.0,0.0,0.0,2320.35,2680.4,0,0.0,0
2012-08-16,2013-06-27,OPTIDX,NIFTY,3000.0,CE,2330.0,2440.0,2330.0,2440.0,2440.0,1800,4862.25,59250
2012-08-16,2013-06-27,OPTIDX,NIFTY,3100.0,CE,0.0,0.0,0.0,2351.55,2495.4,0,0.0,0
2012-08-16,2013-06-27,OPTIDX,NIFTY,3200.0,CE,0.0,0.0,0.0,2359.3,2402.9,0,0.0,0
2012-08-16,2013-06-27,OPTIDX,NIFTY,3300.0,CE,0.0,0.0,0.0,2369.05,2310.4,0,0.0,0
2012-08-16,2013-06-27,OPTIDX,NIFTY,3400.0,CE,0.0,0.0,0.0,2520.3,2217.9,0,0.0,0
2012-08-16,2013-06-27,OPTIDX,NIFTY,3500.0,CE,0.0,0.0,0.0,2542.2,2125.4,0,0.0,0
2012-08-16,2013-06-27,OPTIDX,NIFTY,3600.0,CE,0.0,0.0,0.0,3168.45,2032.95,0,0.0,0
2012-08-16,2013-06-27,OPTIDX,NIFTY,3700.0,CE,0.0,0.0,0.0,3145.85,1940.5,0,0.0,0
2012-08-16,2013-06-27,OPTIDX,NIFTY,3800.0,CE,0.0,0.0,0.0,3066.75,1848.15,0,0.0,0
2012-08-16,2013-06-27,OPTIDX,NIFTY,3900.0,CE,0.0,0.0,0.0,2987.85,1755.9,0,0.0,0
2012-08-16,2013-06-27,OPTIDX,NIFTY,4000.0,CE,0.0,0.0,0.0,2909.25,1663.85,0,0.0,0
2012-08-16,2013-06-27,OPTIDX,NIFTY,4100.0,CE,0.0,0.0,0.0,1548.15,1572.1,0,0.0,0
2012-08-16,2013-06-27,OPTIDX,NIFTY,4200.0,CE,0.0,0.0,0.0,1471.35,1480.75,0,0.0,0
2012-08-16,2013-06-27,OPTIDX,NIFTY,4300.0,CE,0.0,0.0,0.0,1472.6,1389.95,0,0.0,0
2012-08-16,2013-06-27,OPTIDX,NIFTY,4400.0,CE,0.0,0.0,0.0,1467.55,1300.0,0,0.0,0
2012-08-16,2013-06-27,OPTIDX,NIFTY,4500.0,CE,0.0,0.0,0.0,1451.35,1211.1,0,0.0,0
2012-08-16,2013-06-27,OPTIDX,NIFTY,4600.0,CE,0.0,0.0,0.0,1552.45,1123.6,0,0.0,0
2012-08-16,2013-06-27,OPTIDX,NIFTY,4700.0,CE,0.0,0.0,0.0,1494.95,1037.8,0,0.0,0
2012-08-16,2013-06-27,OPTIDX,NIFTY,4800.0,CE,0.0,0.0,0.0,783.8,954.1,0,0.0,19700
2012-08-16,2013-06-27,OPTIDX,NIFTY,4900.0,CE,0.0,0.0,0.0,1384.7,872.9,0,0.0,0
2012-08-16,2013-06-27,OPTIDX,NIFTY,5000.0,CE,0.0,0.0,0.0,770.0,794.55,0,0.0,1550
2012-08-16,2013-06-27,OPTIDX,NIFTY,5100.0,CE,0.0,0.0,0.0,1280.7,719.4,0,0.0,0
2012-08-16,2013-06-27,OPTIDX,NIFTY,5200.0,CE,0.0,0.0,0.0,856.0,647.85,0,0.0,13000
2012-08-16,2013-06-27,OPTIDX,NIFTY,5300.0,CE,0.0,0.0,0.0,465.0,580.3,0,0.0,228800
2012-08-16,2013-06-27,OPTIDX,NIFTY,5400.0,CE,0.0,0.0,0.0,435.0,516.55,0,0.0,81250
2012-08-16,2013-06-27,OPTIDX,NIFTY,5500.0,CE,0.0,0.0,0.0,390.0,457.4,0,0.0,2450
2012-08-16,2013-06-27,OPTIDX,NIFTY,5600.0,CE,0.0,0.0,0.0,489.5,402.7,0,0.0,27000
2012-08-16,2013-06-27,OPTIDX,NIFTY,5700.0,CE,0.0,0.0,0.0,426.5,352.5,0,0.0,27000
2012-08-16,2013-06-27,OPTIDX,NIFTY,5800.0,CE,0.0,0.0,0.0,461.0,306.8,0,0.0,123700
2012-08-16,2013-06-27,OPTIDX,NIFTY,5900.0,CE,0.0,0.0,0.0,420.0,265.45,0,0.0,166100
2012-08-16,2013-06-27,OPTIDX,NIFTY,6000.0,CE,0.0,0.0,0.0,199.95,228.4,0,0.0,19800
2012-08-16,2013-06-27,OPTIDX,NIFTY,6100.0,CE,0.0,0.0,0.0,838.0,195.45,0,0.0,0
2012-08-16,2013-06-27,OPTIDX,NIFTY,6200.0,CE,0.0,0.0,0.0,800.0,166.3,0,0.0,0
2012-08-16,2013-06-27,OPTIDX,NIFTY,6300.0,CE,0.0,0.0,0.0,764.0,140.7,0,0.0,0
2012-08-16,2013-06-27,OPTIDX,NIFTY,6400.0,CE,0.0,0.0,0.0,729.0,118.75,0,0.0,0
2012-08-16,2013-06-27,OPTIDX,NIFTY,6500.0,CE,0.0,0.0,0.0,91.4,99.35,0,0.0,0
2012-08-16,2013-06-27,OPTIDX,NIFTY,6600.0,CE,0.0,0.0,0.0,1013.1,82.75,0,0.0,0
2012-08-16,2013-06-27,OPTIDX,NIFTY,6700.0,CE,0.0,0.0,0.0,972.2,68.65,0,0.0,0
2012-08-16,2013-06-27,OPTIDX,NIFTY,6800.0,CE,0.0,0.0,0.0,1010.8,56.65,0,0.0,0
2012-08-16,2013-06-27,OPTIDX,NIFTY,6900.0,CE,0.0,0.0,0.0,965.2,46.5,0,0.0,0
2012-08-16,2013-06-27,OPTIDX,NIFTY,7000.0,CE,55.0,55.0,37.0,37.0,37.0,1800,6341.4,59250
2012-08-16,2013-06-27,OPTIDX,NIFTY,7100.0,CE,0.0,0.0,0.0,912.6,30.9,0,0.0,0
2012-08-16,2013-06-27,OPTIDX,NIFTY,7200.0,CE,0.0,0.0,0.0,870.05,25.05,0,0.0,0
2012-08-16,2013-06-27,OPTIDX,NIFTY,7300.0,CE,0.0,0.0,0.0,829.1,20.2,0,0.0,0
2012-08-16,2013-06-27,OPTIDX,NIFTY,7400.0,CE,0.0,0.0,0.0,789.6,16.2,0,0.0,0
2012-08-16,2013-06-27,OPTIDX,NIFTY,7500.0,CE,0.0,0.0,0.0,751.6,13.0,0,0.0,0
2012-08-16,2013-06-27,OPTIDX,NIFTY,7600.0,CE,0.0,0.0,0.0,715.05,10.35,0,0.0,0
2012-08-16,2013-06-27,OPTIDX,NIFTY,7700.0,CE,0.0,0.0,0.0,679.95,8.2,0,0.0,0
2012-08-16,2013-06-27,OPTIDX,NIFTY,7800.0,CE,0.0,0.0,0.0,646.25,6.5,0,0.0,0
2012-08-16,2013-06-27,OPTIDX,NIFTY,7900.0,CE,0.0,0.0,0.0,613.95,5.1,0,0.0,0
2012-08-16,2013-06-27,OPTIDX,NIFTY,8000.0,CE,0.0,0.0,0.0,582.95,4.05,0,0.0,0
2012-08-16,2013-06-27,OPTIDX,NIFTY,8100.0,CE,0.0,0.0,0.0,553.3,3.15,0,0.0,0
2012-08-16,2013-06-27,OPTIDX,NIFTY,8200.0,CE,0.0,0.0,0.0,524.9,2.45,0,0.0,0
2012-08-16,2013-06-27,OPTIDX,NIFTY,8300.0,CE,0.0,0.0,0.0,497.75,1.9,0,0.0,0
2012-08-16,2013-06-27,OPTIDX,NIFTY,8400.0,CE,0.0,0.0,0.0,471.85,1.5,0,0.0,0
2012-08-16,2013-06-27,OPTIDX,NIFTY,8500.0,CE,0.0,0.0,0.0,7.5,1.15,0,0.0,375000
2012-08-16,2013-06-27,OPTIDX,NIFTY,8600.0,CE,0.0,0.0,0.0,410.2,0.9,0,0.0,0
2012-08-16,2013-06-27,OPTIDX,NIFTY,2700.0,PE,0.0,0.0,0.0,3.0,0.0,0,0.0,375000
2012-08-16,2013-06-27,OPTIDX,NIFTY,2800.0,PE,0.0,0.0,0.0,14.95,0.0,0,0.0,0
2012-08-16,2013-06-27,OPTIDX,NIFTY,2900.0,PE,0.0,0.0,0.0,10.0,0.0,0,0.0,0
2012-08-16,2013-06-27,OPTIDX,NIFTY,3000.0,PE,10.0,60.0,4.0,13.0,13.0,1800,2716.35,59250
2012-08-16,2013-06-27,OPTIDX,NIFTY,3100.0,PE,0.0,0.0,0.0,9.55,0.0,0,0.0,0
2012-08-16,2013-06-27,OPTIDX,NIFTY,3200.0,PE,0.0,0.0,0.0,7.75,0.0,0,0.0,0
2012-08-16,2013-06-27,OPTIDX,NIFTY,3300.0,PE,0.0,0.0,0.0,10.35,0.05,0,0.0,0
2012-08-16,2013-06-27,OPTIDX,NIFTY,3400.0,PE,0.0,0.0,0.0,19.9,0.05,0,0.0,0
2012-08-16,2013-06-27,OPTIDX,NIFTY,3500.0,PE,0.0,0.0,0.0,25.75,0.05,0,0.0,0
2012-08-16,2013-06-27,OPTIDX,NIFTY,3600.0,PE,0.0,0.0,0.0,0.9,0.1,0,0.0,0
2012-08-16,2013-06-27,OPTIDX,NIFTY,3700.0,PE,0.0,0.0,0.0,2.5,0.15,0,0.0,0
2012-08-16,2013-06-27,OPTIDX,NIFTY,3800.0,PE,0.0,0.0,0.0,3.4,0.3,0,0.0,0
2012-08-16,2013-06-27,OPTIDX,NIFTY,3900.0,PE,0.0,0.0,0.0,4.45,0.6,0,0.0,0
2012-08-16,2013-06-27,OPTIDX,NIFTY,4000.0,PE,0.0,0.0,0.0,217.0,1.05,0,0.0,1250
2012-08-16,2013-06-27,OPTIDX,NIFTY,4100.0,PE,0.0,0.0,0.0,328.9,1.75,0,0.0,0
2012-08-16,2013-06-27,OPTIDX,NIFTY,4200.0,PE,0.0,0.0,0.0,60.55,2.9,0,0.0,500
2012-08-16,2013-06-27,OPTIDX,NIFTY,4300.0,PE,0.0,0.0,0.0,297.95,4.65,0,0.0,0
2012-08-16,2013-06-27,OPTIDX,NIFTY,4400.0,PE,0.0,0.0,0.0,300.05,7.2,0,0.0,0
2012-08-16,2013-06-27,OPTIDX,NIFTY,4500.0,PE,0.0,0.0,0.0,205.15,10.8,0,0.0,0
2012-08-16,2013-06-27,OPTIDX,NIFTY,4600.0,PE,0.0,0.0,0.0,270.55,15.8,0,0.0,0
2012-08-16,2013-06-27,OPTIDX,NIFTY,4700.0,PE,0.0,0.0,0.0,298.25,22.5,0,0.0,0
2012-08-16,2013-06-27,OPTIDX,NIFTY,4800.0,PE,0.0,0.0,0.0,300.0,31.3,0,0.0,5600
2012-08-16,2013-06-27,OPTIDX,NIFTY,4900.0,PE,0.0,0.0,0.0,302.1,42.6,0,0.0,200
2012-08-16,2013-06-27,OPTIDX,NIFTY,5000.0,PE,0.0,0.0,0.0,306.65,56.75,0,0.0,150
2012-08-16,2013-06-27,OPTIDX,NIFTY,5100.0,PE,0.0,0.0,0.0,424.8,74.1,0,0.0,0
2012-08-16,2013-06-27,OPTIDX,NIFTY,5200.0,PE,0.0,0.0,0.0,460.45,95.05,0,0.0,0
2012-08-16,2013-06-27,OPTIDX,NIFTY,5300.0,PE,0.0,0.0,0.0,332.0,120.0,0,0.0,201500
2012-08-16,2013-06-27,OPTIDX,NIFTY,5400.0,PE,0.0,0.0,0.0,435.0,148.8,0,0.0,25000
2012-08-16,2013-06-27,OPTIDX,NIFTY,5500.0,PE,0.0,0.0,0.0,576.75,182.1,0,0.0,0
2012-08-16,2013-06-27,OPTIDX,NIFTY,5600.0,PE,0.0,0.0,0.0,618.55,219.9,0,0.0,0
2012-08-16,2013-06-27,OPTIDX,NIFTY,5700.0,PE,0.0,0.0,0.0,720.0,262.25,0,0.0,0
2012-08-16,2013-06-27,OPTIDX,NIFTY,5800.0,PE,0.0,0.0,0.0,658.0,309.0,0,0.0,35000
2012-08-16,2013-06-27,OPTIDX,NIFTY,5900.0,PE,0.0,0.0,0.0,701.65,360.2,0,0.0,0
2012-08-16,2013-06-27,OPTIDX,NIFTY,6000.0,PE,0.0,0.0,0.0,1000.0,415.65,0,0.0,450
2012-08-16,2013-06-27,OPTIDX,NIFTY,6100.0,PE,0.0,0.0,0.0,337.0,475.15,0,0.0,0
2012-08-16,2013-06-27,OPTIDX,NIFTY,6200.0,PE,0.0,0.0,0.0,346.0,538.5,0,0.0,0
2012-08-16,2013-06-27,OPTIDX,NIFTY,6300.0,PE,0.0,0.0,0.0,375.35,605.45,0,0.0,0
2012-08-16,2013-06-27,OPTIDX,NIFTY,6400.0,PE,0.0,0.0,0.0,410.0,676.0,0,0.0,0
2012-08-16,2013-06-27,OPTIDX,NIFTY,6500.0,PE,0.0,0.0,0.0,409.1,749.05,0,0.0,0
2012-08-16,2013-06-27,OPTIDX,NIFTY,6600.0,PE,0.0,0.0,0.0,425.9,825.0,0,0.0,0
2012-08-16,2013-06-27,OPTIDX,NIFTY,6700.0,PE,0.0,0.0,0.0,436.15,903.4,0,0.0,0
2012-08-16,2013-06-27,OPTIDX,NIFTY,6800.0,PE,0.0,0.0,0.0,414.2,983.85,0,0.0,0
2012-08-16,2013-06-27,OPTIDX,NIFTY,6900.0,PE,0.0,0.0,0.0,419.9,1066.25,0,0.0,0
2012-08-16,2013-06-27,OPTIDX,NIFTY,7000.0,PE,1280.0,1285.0,1210.0,1285.0,1285.0,1800,7435.5,59250
2012-08-16,2013-06-27,OPTIDX,NIFTY,7100.0,PE,0.0,0.0,0.0,487.95,1235.65,0,0.0,0
2012-08-16,2013-06-27,OPTIDX,NIFTY,7200.0,PE,0.0,0.0,0.0,525.4,1322.3,0,0.0,0
2012-08-16,2013-06-27,OPTIDX,NIFTY,7300.0,PE,0.0,0.0,0.0,564.35,1409.95,0,0.0,0
2012-08-16,2013-06-27,OPTIDX,NIFTY,7400.0,PE,0.0,0.0,0.0,604.8,1498.5,0,0.0,0
2012-08-16,2013-06-27,OPTIDX,NIFTY,7500.0,PE,0.0,0.0,0.0,646.8,1587.75,0,0.0,0
2012-08-16,2013-06-27,OPTIDX,NIFTY,7600.0,PE,0.0,0.0,0.0,690.2,1677.6,0,0.0,0
2012-08-16,2013-06-27,OPTIDX,NIFTY,7700.0,PE,0.0,0.0,0.0,735.1,1768.0,0,0.0,0
2012-08-16,2013-06-27,OPTIDX,NIFTY,7800.0,PE,0.0,0.0,0.0,781.35,1858.75,0,0.0,0
2012-08-16,2013-06-27,OPTIDX,NIFTY,7900.0,PE,0.0,0.0,0.0,829.0,1949.9,0,0.0,0
2012-08-16,2013-06-27,OPTIDX,NIFTY,8000.0,PE,0.0,0.0,0.0,877.95,2041.3,0,0.0,0
2012-08-16,2013-06-27,OPTIDX,NIFTY,8100.0,PE,0.0,0.0,0.0,928.25,2132.95,0,0.0,0
2012-08-16,2013-06-27,OPTIDX,NIFTY,8200.0,PE,0.0,0.0,0.0,979.85,2224.75,0,0.0,0
2012-08-16,2013-06-27,OPTIDX,NIFTY,8300.0,PE,0.0,0.0,0.0,1032.65,2316.7,0,0.0,0
2012-08-16,2013-06-27,OPTIDX,NIFTY,8400.0,PE,0.0,0.0,0.0,1086.65,2408.8,0,0.0,0
2012-08-16,2013-06-27,OPTIDX,NIFTY,8500.0,PE,0.0,0.0,0.0,2735.0,2500.95,0,0.0,375000
2012-08-16,2013-06-27,OPTIDX,NIFTY,8600.0,PE,0.0,0.0,0.0,1137.7,2593.2,0,0.0,0
2012-08-16,2013-12-26,OPTIDX,NIFTY,2700.0,CE,0.0,0.0,0.0,2346.6,2975.35,0,0.0,0
2012-08-16,2013-12-26,OPTIDX,NIFTY,2800.0,CE,0.0,0.0,0.0,2335.95,2886.95,0,0.0,0
2012-08-16,2013-12-26,OPTIDX,NIFTY,2900.0,CE,0.0,0.0,0.0,2437.2,2798.5,0,0.0,0
2012-08-16,2013-12-26,OPTIDX,NIFTY,3000.0,CE,0.0,0.0,0.0,2456.8,2710.05,0,0.0,0
2012-08-16,2013-12-26,OPTIDX,NIFTY,3100.0,CE,0.0,0.0,0.0,2474.7,2621.65,0,0.0,0
2012-08-16,2013-12-26,OPTIDX,NIFTY,3200.0,CE,0.0,0.0,0.0,2485.7,2533.25,0,0.0,0
2012-08-16,2013-12-26,OPTIDX,NIFTY,3300.0,CE,0.0,0.0,0.0,2500.15,2444.85,0,0.0,0
2012-08-16,2013-12-26,OPTIDX,NIFTY,3400.0,CE,0.0,0.0,0.0,2647.85,2356.5,0,0.0,0
2012-08-16,2013-12-26,OPTIDX,NIFTY,3500.0,CE,0.0,0.0,0.0,2675.25,2268.15,0,0.0,0
2012-08-16,2013-12-26,OPTIDX,NIFTY,3600.0,CE,0.0,0.0,0.0,3295.4,2179.9,0,0.0,0
2012-08-16,2013-12-26,OPTIDX,NIFTY,3700.0,CE,0.0,0.0,0.0,3276.1,2091.75,0,0.0,0
2012-08-16,2013-12-26,OPTIDX,NIFTY,3800.0,CE,0.0,0.0,0.0,3200.7,2003.8,0,0.0,0
2012-08-16,2013-12-26,OPTIDX,NIFTY,3900.0,CE,0.0,0.0,0.0,3125.5,1916.05,0,0.0,0
2012-08-16,2013-12-26,OPTIDX,NIFTY,4000.0,CE,0.0,0.0,0.0,3050.55,1828.65,0,0.0,0
2012-08-16,2013-12-26,OPTIDX,NIFTY,4100.0,CE,0.0,0.0,0.0,2975.95,1741.65,0,0.0,0
2012-08-16,2013-12-26,OPTIDX,NIFTY,4200.0,CE,0.0,0.0,0.0,2901.7,1655.2,0,0.0,0
2012-08-16,2013-12-26,OPTIDX,NIFTY,4300.0,CE,0.0,0.0,0.0,2827.9,1569.5,0,0.0,0
2012-08-16,2013-12-26,OPTIDX,NIFTY,4400.0,CE,0.0,0.0,0.0,1715.6,1484.65,0,0.0,0
2012-08-16,2013-12-26,OPTIDX,NIFTY,4500.0,CE,0.0,0.0,0.0,1290.0,1400.9,0,0.0,50000
2012-08-16,2013-12-26,OPTIDX,NIFTY,4600.0,CE,0.0,0.0,0.0,842.5,1318.4,0,0.0,29700
2012-08-16,2013-12-26,OPTIDX,NIFTY,4700.0,CE,0.0,0.0,0.0,1563.7,1237.45,0,0.0,0
2012-08-16,2013-12-26,OPTIDX,NIFTY,4800.0,CE,0.0,0.0,0.0,849.45,1158.25,0,0.0,30950
2012-08-16,2013-12-26,OPTIDX,NIFTY,4900.0,CE,0.0,0.0,0.0,1088.0,1081.0,0,0.0,24350
2012-08-16,2013-12-26,OPTIDX,NIFTY,5000.0,CE,868.0,868.0,868.0,868.0,868.0,1,2.93,200150
2012-08-16,2013-12-26,OPTIDX,NIFTY,5100.0,CE,0.0,0.0,0.0,1379.45,933.3,0,0.0,0
2012-08-16,2013-12-26,OPTIDX,NIFTY,5200.0,CE,0.0,0.0,0.0,749.8,863.25,0,0.0,681450
2012-08-16,2013-12-26,OPTIDX,NIFTY,5300.0,CE,0.0,0.0,0.0,700.0,796.2,0,0.0,826900
2012-08-16,2013-12-26,OPTIDX,NIFTY,5400.0,CE,0.0,0.0,0.0,644.8,731.85,0,0.0,155050
2012-08-16,2013-12-26,OPTIDX,NIFTY,5500.0,CE,575.0,575.0,575.0,575.0,575.0,1,3.03,303150
2012-08-16,2013-12-26,OPTIDX,NIFTY,5600.0,CE,0.0,0.0,0.0,665.0,612.5,0,0.0,95000
2012-08-16,2013-12-26,OPTIDX,NIFTY,5700.0,CE,0.0,0.0,0.0,430.0,557.8,0,0.0,12500
2012-08-16,2013-12-26,OPTIDX,NIFTY,5800.0,CE,0.0,0.0,0.0,1253.05,506.45,0,0.0,0
2012-08-16,2013-12-26,OPTIDX,NIFTY,5900.0,CE,0.0,0.0,0.0,882.0,458.4,0,0.0,26300
2012-08-16,2013-12-26,OPTIDX,NIFTY,6000.0,CE,368.0,369.85,353.5,353.5,353.5,4,12.72,187000
2012-08-16,2013-12-26,OPTIDX,NIFTY,6100.0,CE,0.0,0.0,0.0,902.45,372.15,0,0.0,0
2012-08-16,2013-12-26,OPTIDX,NIFTY,6200.0,CE,0.0,0.0,0.0,963.1,333.8,0,0.0,0
2012-08-16,2013-12-26,OPTIDX,NIFTY,6300.0,CE,0.0,0.0,0.0,1109.75,298.55,0,0.0,0
2012-08-16,2013-12-26,OPTIDX,NIFTY,6400.0,CE,0.0,0.0,0.0,1061.55,266.25,0,0.0,0
2012-08-16,2013-12-26,OPTIDX,NIFTY,6500.0,CE,184.0,195.0,184.0,191.0,191.0,183,612.34,234650
2012-08-16,2013-12-26,OPTIDX,NIFTY,6600.0,CE,0.0,0.0,0.0,1180.25,210.0,0,0.0,0
2012-08-16,2013-12-26,OPTIDX,NIFTY,6700.0,CE,0.0,0.0,0.0,1139.65,185.7,0,0.0,0
2012-08-16,2013-12-26,OPTIDX,NIFTY,6800.0,CE,0.0,0.0,0.0,1001.0,164.15,0,0.0,24600
2012-08-16,2013-12-26,OPTIDX,NIFTY,6900.0,CE,0.0,0.0,0.0,1140.55,144.55,0,0.0,0
2012-08-16,2013-12-26,OPTIDX,NIFTY,7000.0,CE,92.0,92.0,90.1,90.1,90.1,4,14.18,81200
2012-08-16,2013-12-26,OPTIDX,NIFTY,7100.0,CE,0.0,0.0,0.0,1112.85,111.0,0,0.0,0
2012-08-16,2013-12-26,OPTIDX,NIFTY,7200.0,CE,0.0,0.0,0.0,1068.95,96.95,0,0.0,0
2012-08-16,2013-12-26,OPTIDX,NIFTY,7300.0,CE,0.0,0.0,0.0,1026.35,84.5,0,0.0,0
2012-08-16,2013-12-26,OPTIDX,NIFTY,7400.0,CE,0.0,0.0,0.0,985.1,73.5,0,0.0,0
2012-08-16,2013-12-26,OPTIDX,NIFTY,7500.0,CE,0.0,0.0,0.0,41.2,63.8,0,0.0,20450
2012-08-16,2013-12-26,OPTIDX,NIFTY,7600.0,CE,0.0,0.0,0.0,906.4,55.25,0,0.0,0
2012-08-16,2013-12-26,OPTIDX,NIFTY,7700.0,CE,0.0,0.0,0.0,868.95,47.75,0,0.0,0
2012-08-16,2013-12-26,OPTIDX,NIFTY,7800.0,CE,0.0,0.0,0.0,832.75,41.15,0,0.0,0
2012-08-16,2013-12-26,OPTIDX,NIFTY,7900.0,CE,0.0,0.0,0.0,797.8,35.45,0,0.0,0
2012-08-16,2013-12-26,OPTIDX,NIFTY,8000.0,CE,0.0,0.0,0.0,764.05,30.45,0,0.0,0
2012-08-16,2013-12-26,OPTIDX,NIFTY,8100.0,CE,0.0,0.0,0.0,731.45,26.1,0,0.0,0
2012-08-16,2013-12-26,OPTIDX,NIFTY,8200.0,CE,0.0,0.0,0.0,700.05,22.35,0,0.0,0
2012-08-16,2013-12-26,OPTIDX,NIFTY,8300.0,CE,0.0,0.0,0.0,669.75,19.1,0,0.0,0
2012-08-16,2013-12-26,OPTIDX,NIFTY,8400.0,CE,0.0,0.0,0.0,61.0,16.3,0,0.0,80000
2012-08-16,2013-12-26,OPTIDX,NIFTY,8500.0,CE,0.0,0.0,0.0,612.5,13.9,0,0.0,0
2012-08-16,2013-12-26,OPTIDX,NIFTY,8600.0,CE,0.0,0.0,0.0,571.95,11.8,0,0.0,0
2012-08-16,2013-12-26,OPTIDX,NIFTY,2700.0,PE,0.0,0.0,0.0,19.45,0.0,0,0.0,0
2012-08-16,2013-12-26,OPTIDX,NIFTY,2800.0,PE,0.0,0.0,0.0,22.8,0.0,0,0.0,0
2012-08-16,2013-12-26,OPTIDX,NIFTY,2900.0,PE,0.0,0.0,0.0,14.3,0.0,0,0.0,0
2012-08-16,2013-12-26,OPTIDX,NIFTY,3000.0,PE,0.0,0.0,0.0,20.05,0.05,0,0.0,50
2012-08-16,2013-12-26,OPTIDX,NIFTY,3100.0,PE,0.0,0.0,0.0,13.45,0.05,0,0.0,0
2012-08-16,2013-12-26,OPTIDX,NIFTY,3200.0,PE,0.0,0.0,0.0,10.95,0.05,0,0.0,0
2012-08-16,2013-12-26,OPTIDX,NIFTY,3300.0,PE,0.0,0.0,0.0,14.15,0.1,0,0.0,0
2012-08-16,2013-12-26,OPTIDX,NIFTY,3400.0,PE,0.0,0.0,0.0,36.0,0.15,0,0.0,5200
2012-08-16,2013-12-26,OPTIDX,NIFTY,3500.0,PE,42.0,44.0,40.5,42.35,42.35,79,139.91,31850
2012-08-16,2013-12-26,OPTIDX,NIFTY,3600.0,PE,0.0,0.0,0.0,1.3,0.45,0,0.0,0
2012-08-16,2013-12-26,OPTIDX,NIFTY,3700.0,PE,0.0,0.0,0.0,3.4,0.75,0,0.0,0
2012-08-16,2013-12-26,OPTIDX,NIFTY,3800.0,PE,0.0,0.0,0.0,200.0,1.2,0,0.0,90000
2012-08-16,2013-12-26,OPTIDX,NIFTY,3900.0,PE,0.0,0.0,0.0,104.0,1.9,0,0.0,150
2012-08-16,2013-12-26,OPTIDX,NIFTY,4000.0,PE,80.25,85.5,80.25,85.2,85.2,39,79.64,445750
2012-08-16,2013-12-26,OPTIDX,NIFTY,4100.0,PE,0.0,0.0,0.0,9.1,4.35,0,0.0,0
2012-08-16,2013-12-26,OPTIDX,NIFTY,4200.0,PE,0.0,0.0,0.0,382.0,6.35,0,0.0,37500
2012-08-16,2013-12-26,OPTIDX,NIFTY,4300.0,PE,0.0,0.0,0.0,13.95,9.05,0,0.0,0
2012-08-16,2013-12-26,OPTIDX,NIFTY,4400.0,PE,0.0,0.0,0.0,369.15,12.65,0,0.0,0
2012-08-16,2013-12-26,OPTIDX,NIFTY,4500.0,PE,141.0,141.0,137.0,138.3,138.3,178,412.79,1037200
2012-08-16,2013-12-26,OPTIDX,NIFTY,4600.0,PE,0.0,0.0,0.0,432.75,23.25,0,0.0,0
2012-08-16,2013-12-26,OPTIDX,NIFTY,4700.0,PE,0.0,0.0,0.0,466.6,30.75,0,0.0,0
2012-08-16,2013-12-26,OPTIDX,NIFTY,4800.0,PE,0.0,0.0,0.0,501.75,39.95,0,0.0,0
2012-08-16,2013-12-26,OPTIDX,NIFTY,4900.0,PE,0.0,0.0,0.0,538.0,51.1,0,0.0,0
2012-08-16,2013-12-26,OPTIDX,NIFTY,5000.0,PE,232.0,240.0,230.0,233.5,233.5,100,261.6,236550
2012-08-16,2013-12-26,OPTIDX,NIFTY,5100.0,PE,0.0,0.0,0.0,614.75,80.25,0,0.0,0
2012-08-16,2013-12-26,OPTIDX,NIFTY,5200.0,PE,0.0,0.0,0.0,374.0,98.65,0,0.0,368250
2012-08-16,2013-12-26,OPTIDX,NIFTY,5300.0,PE,0.0,0.0,0.0,515.0,120.05,0,0.0,750000
2012-08-16,2013-12-26,OPTIDX,NIFTY,5400.0,PE,0.0,0.0,0.0,492.0,144.15,0,0.0,175000
2012-08-16,2013-12-26,OPTIDX,NIFTY,5500.0,PE,0.0,0.0,0.0,371.2,171.15,0,0.0,119100
2012-08-16,2013-12-26,OPTIDX,NIFTY,5600.0,PE,0.0,0.0,0.0,669.0,201.65,0,0.0,45000
2012-08-16,2013-12-26,OPTIDX,NIFTY,5700.0,PE,0.0,0.0,0.0,1100.0,235.4,0,0.0,12600
2012-08-16,2013-12-26,OPTIDX,NIFTY,5800.0,PE,0.0,0.0,0.0,729.75,272.45,0,0.0,0
2012-08-16,2013-12-26,OPTIDX,NIFTY,5900.0,PE,0.0,0.0,0.0,662.8,312.85,0,0.0,0
2012-08-16,2013-12-26,OPTIDX,NIFTY,6000.0,PE,0.0,0.0,0.0,585.0,356.5,0,0.0,9100
2012-08-16,2013-12-26,OPTIDX,NIFTY,6100.0,PE,0.0,0.0,0.0,311.0,403.4,0,0.0,0
2012-08-16,2013-12-26,OPTIDX,NIFTY,6200.0,PE,0.0,0.0,0.0,319.65,453.5,0,0.0,0
2012-08-16,2013-12-26,OPTIDX,NIFTY,6300.0,PE,0.0,0.0,0.0,353.0,506.7,0,0.0,0
2012-08-16,2013-12-26,OPTIDX,NIFTY,6400.0,PE,0.0,0.0,0.0,384.2,562.85,0,0.0,0
2012-08-16,2013-12-26,OPTIDX,NIFTY,6500.0,PE,0.0,0.0,0.0,919.3,621.8,0,0.0,25000
2012-08-16,2013-12-26,OPTIDX,NIFTY,6600.0,PE,0.0,0.0,0.0,400.55,683.45,0,0.0,0
2012-08-16,2013-12-26,OPTIDX,NIFTY,6700.0,PE,0.0,0.0,0.0,407.75,747.6,0,0.0,0
2012-08-16,2013-12-26,OPTIDX,NIFTY,6800.0,PE,0.0,0.0,0.0,1012.6,814.45,0,0.0,24600
2012-08-16,2013-12-26,OPTIDX,NIFTY,6900.0,PE,0.0,0.0,0.0,387.8,883.25,0,0.0,0
2012-08-16,2013-12-26,OPTIDX,NIFTY,7000.0,PE,0.0,0.0,0.0,486.15,953.9,0,0.0,0
2012-08-16,2013-12-26,OPTIDX,NIFTY,7100.0,PE,0.0,0.0,0.0,439.85,1026.6,0,0.0,0
2012-08-16,2013-12-26,OPTIDX,NIFTY,7200.0,PE,0.0,0.0,0.0,472.45,1101.0,0,0.0,0
2012-08-16,2013-12-26,OPTIDX,NIFTY,7300.0,PE,0.0,0.0,0.0,506.35,1177.0,0,0.0,0
2012-08-16,2013-12-26,OPTIDX,NIFTY,7400.0,PE,0.0,0.0,0.0,541.5,1254.4,0,0.0,0
2012-08-16,2013-12-26,OPTIDX,NIFTY,7500.0,PE,0.0,0.0,0.0,578.0,1333.1,0,0.0,0
2012-08-16,2013-12-26,OPTIDX,NIFTY,7600.0,PE,0.0,0.0,0.0,615.75,1413.0,0,0.0,0
2012-08-16,2013-12-26,OPTIDX,NIFTY,7700.0,PE,0.0,0.0,0.0,654.75,1493.9,0,0.0,0
2012-08-16,2013-12-26,OPTIDX,NIFTY,7800.0,PE,0.0,0.0,0.0,695.05,1575.8,0,0.0,0
2012-08-16,2013-12-26,OPTIDX,NIFTY,7900.0,PE,0.0,0.0,0.0,736.55,1658.45,0,0.0,0
2012-08-16,2013-12-26,OPTIDX,NIFTY,8000.0,PE,0.0,0.0,0.0,779.25,1741.9,0,0.0,0
2012-08-16,2013-12-26,OPTIDX,NIFTY,8100.0,PE,0.0,0.0,0.0,823.1,1826.0,0,0.0,0
2012-08-16,2013-12-26,OPTIDX,NIFTY,8200.0,PE,0.0,0.0,0.0,868.15,1910.7,0,0.0,0
2012-08-16,2013-12-26,OPTIDX,NIFTY,8300.0,PE,0.0,0.0,0.0,914.35,1995.85,0,0.0,0
2012-08-16,2013-12-26,OPTIDX,NIFTY,8400.0,PE,0.0,0.0,0.0,961.65,2081.5,0,0.0,0
2012-08-16,2013-12-26,OPTIDX,NIFTY,8500.0,PE,0.0,0.0,0.0,1010.0,2167.5,0,0.0,0
2012-08-16,2013-12-26,OPTIDX,NIFTY,8600.0,PE,0.0,0.0,0.0,998.6,2253.85,0,0.0,0
2012-08-16,2014-06-26,OPTIDX,NIFTY,2700.0,CE,0.0,0.0,0.0,2458.0,3080.5,0,0.0,0
2012-08-16,2014-06-26,OPTIDX,NIFTY,2800.0,CE,0.0,0.0,0.0,2451.55,2995.95,0,0.0,0
2012-08-16,2014-06-26,OPTIDX,NIFTY,2900.0,CE,0.0,0.0,0.0,2548.15,2911.4,0,0.0,0
2012-08-16,2014-06-26,OPTIDX,NIFTY,3000.0,CE,0.0,0.0,0.0,2570.85,2826.9,0,0.0,0
2012-08-16,2014-06-26,OPTIDX,NIFTY,3100.0,CE,0.0,0.0,0.0,2591.75,2742.4,0,0.0,0
2012-08-16,2014-06-26,OPTIDX,NIFTY,3200.0,CE,0.0,0.0,0.0,2605.85,2657.9,0,0.0,0
2012-08-16,2014-06-26,OPTIDX,NIFTY,3300.0,CE,0.0,0.0,0.0,2624.6,2573.5,0,0.0,0
2012-08-16,2014-06-26,OPTIDX,NIFTY,3400.0,CE,0.0,0.0,0.0,2768.8,2489.1,0,0.0,0
2012-08-16,2014-06-26,OPTIDX,NIFTY,3500.0,CE,0.0,0.0,0.0,2801.15,2404.8,0,0.0,0
2012-08-16,2014-06-26,OPTIDX,NIFTY,3600.0,CE,0.0,0.0,0.0,3416.75,2320.6,0,0.0,0
2012-08-16,2014-06-26,OPTIDX,NIFTY,3700.0,CE,0.0,0.0,0.0,3400.65,2236.6,0,0.0,0
2012-08-16,2014-06-26,OPTIDX,NIFTY,3800.0,CE,0.0,0.0,0.0,3328.65,2152.8,0,0.0,0
2012-08-16,2014-06-26,OPTIDX,NIFTY,3900.0,CE,0.0,0.0,0.0,3256.9,2069.3,0,0.0,0
2012-08-16,2014-06-26,OPTIDX,NIFTY,4000.0,CE,0.0,0.0,0.0,3185.45,1986.15,0,0.0,0
2012-08-16,2014-06-26,OPTIDX,NIFTY,4100.0,CE,0.0,0.0,0.0,3114.25,1903.45,0,0.0,0
2012-08-16,2014-06-26,OPTIDX,NIFTY,4200.0,CE,0.0,0.0,0.0,3043.45,1821.35,0,0.0,0
2012-08-16,2014-06-26,OPTIDX,NIFTY,4300.0,CE,0.0,0.0,0.0,2973.0,1739.95,0,0.0,0
2012-08-16,2014-06-26,OPTIDX,NIFTY,4400.0,CE,0.0,0.0,0.0,1822.0,1659.35,0,0.0,0
2012-08-16,2014-06-26,OPTIDX,NIFTY,4500.0,CE,0.0,0.0,0.0,1145.0,1579.75,0,0.0,13550
2012-08-16,2014-06-26,OPTIDX,NIFTY,4600.0,CE,0.0,0.0,0.0,1180.0,1501.3,0,0.0,9000
2012-08-16,2014-06-26,OPTIDX,NIFTY,4700.0,CE,0.0,0.0,0.0,1674.5,1424.05,0,0.0,0
2012-08-16,2014-06-26,OPTIDX,NIFTY,4800.0,CE,0.0,0.0,0.0,930.0,1348.3,0,0.0,22500
2012-08-16,2014-06-26,OPTIDX,NIFTY,4900.0,CE,0.0,0.0,0.0,991.2,1274.1,0,0.0,144000
2012-08-16,2014-06-26,OPTIDX,NIFTY,5000.0,CE,0.0,0.0,0.0,942.0,1201.65,0,0.0,295950
2012-08-16,2014-06-26,OPTIDX,NIFTY,5100.0,CE,0.0,0.0,0.0,994.25,1131.1,0,0.0,646250
2012-08-16,2014-06-26,OPTIDX,NIFTY,5200.0,CE,0.0,0.0,0.0,826.0,1062.6,0,0.0,181650
2012-08-16,2014-06-26,OPTIDX,NIFTY,5300.0,CE,0.0,0.0,0.0,835.0,996.25,0,0.0,22500
2012-08-16,2014-06-26,OPTIDX,NIFTY,5400.0,CE,0.0,0.0,0.0,1371.55,932.3,0,0.0,0
2012-08-16,2014-06-26,OPTIDX,NIFTY,5500.0,CE,0.0,0.0,0.0,850.0,870.55,0,0.0,27150
2012-08-16,2014-06-26,OPTIDX,NIFTY,5600.0,CE,0.0,0.0,0.0,1295.05,811.25,0,0.0,0
2012-08-16,2014-06-26,OPTIDX,NIFTY,5700.0,CE,0.0,0.0,0.0,1301.35,754.25,0,0.0,0
2012-08-16,2014-06-26,OPTIDX,NIFTY,5800.0,CE,0.0,0.0,0.0,1384.15,700.15,0,0.0,0
2012-08-16,2014-06-26,OPTIDX,NIFTY,5900.0,CE,0.0,0.0,0.0,1341.3,648.65,0,0.0,0
2012-08-16,2014-06-26,OPTIDX,NIFTY,6000.0,CE,0.0,0.0,0.0,1364.25,599.75,0,0.0,0
2012-08-16,2014-06-26,OPTIDX,NIFTY,6100.0,CE,0.0,0.0,0.0,1036.25,553.5,0,0.0,0
2012-08-16,2014-06-26,OPTIDX,NIFTY,6200.0,CE,0.0,0.0,0.0,1106.1,509.8,0,0.0,0
2012-08-16,2014-06-26,OPTIDX,NIFTY,6300.0,CE,0.0,0.0,0.0,370.0,468.7,0,0.0,10000
2012-08-16,2014-06-26,OPTIDX,NIFTY,6400.0,CE,0.0,0.0,0.0,1211.7,430.15,0,0.0,0
2012-08-16,2014-06-26,OPTIDX,NIFTY,6500.0,CE,0.0,0.0,0.0,295.0,394.05,0,0.0,32500
2012-08-16,2014-06-26,OPTIDX,NIFTY,6600.0,CE,0.0,0.0,0.0,1341.85,360.35,0,0.0,0
2012-08-16,2014-06-26,OPTIDX,NIFTY,6700.0,CE,0.0,0.0,0.0,1301.7,328.95,0,0.0,0
2012-08-16,2014-06-26,OPTIDX,NIFTY,6800.0,CE,0.0,0.0,0.0,1353.65,299.8,0,0.0,0
2012-08-16,2014-06-26,OPTIDX,NIFTY,6900.0,CE,0.0,0.0,0.0,1310.95,272.8,0,0.0,0
2012-08-16,2014-06-26,OPTIDX,NIFTY,7000.0,CE,0.0,0.0,0.0,211.0,247.8,0,0.0,6000
2012-08-16,2014-06-26,OPTIDX,NIFTY,7100.0,CE,0.0,0.0,0.0,1307.65,224.75,0,0.0,0
2012-08-16,2014-06-26,OPTIDX,NIFTY,7200.0,CE,0.0,0.0,0.0,1263.05,203.8,0,0.0,0
2012-08-16,2014-06-26,OPTIDX,NIFTY,7300.0,CE,0.0,0.0,0.0,1219.65,184.4,0,0.0,0
2012-08-16,2014-06-26,OPTIDX,NIFTY,7400.0,CE,0.0,0.0,0.0,1177.35,166.6,0,0.0,0
2012-08-16,2014-06-26,OPTIDX,NIFTY,7500.0,CE,0.0,0.0,0.0,100.0,150.1,0,0.0,97500
2012-08-16,2014-06-26,OPTIDX,NIFTY,7600.0,CE,0.0,0.0,0.0,1096.1,135.2,0,0.0,0
2012-08-16,2014-06-26,OPTIDX,NIFTY,7700.0,CE,0.0,0.0,0.0,1057.2,121.6,0,0.0,0
2012-08-16,2014-06-26,OPTIDX,NIFTY,7800.0,CE,0.0,0.0,0.0,1019.35,109.2,0,0.0,0
2012-08-16,2014-06-26,OPTIDX,NIFTY,7900.0,CE,0.0,0.0,0.0,982.55,98.0,0,0.0,0
2012-08-16,2014-06-26,OPTIDX,NIFTY,8000.0,CE,0.0,0.0,0.0,946.9,87.8,0,0.0,0
2012-08-16,2014-06-26,OPTIDX,NIFTY,8100.0,CE,0.0,0.0,0.0,912.3,78.6,0,0.0,0
2012-08-16,2014-06-26,OPTIDX,NIFTY,8200.0,CE,0.0,0.0,0.0,878.7,70.25,0,0.0,0
2012-08-16,2014-06-26,OPTIDX,NIFTY,8300.0,CE,0.0,0.0,0.0,846.2,62.75,0,0.0,0
2012-08-16,2014-06-26,OPTIDX,NIFTY,8400.0,CE,0.0,0.0,0.0,814.65,55.95,0,0.0,0
2012-08-16,2014-06-26,OPTIDX,NIFTY,8500.0,CE,0.0,0.0,0.0,198.0,49.85,0,0.0,2000
2012-08-16,2014-06-26,OPTIDX,NIFTY,8600.0,CE,0.0,0.0,0.0,741.55,44.4,0,0.0,0
2012-08-16,2014-06-26,OPTIDX,NIFTY,2700.0,PE,0.0,0.0,0.0,25.55,0.0,0,0.0,0
2012-08-16,2014-06-26,OPTIDX,NIFTY,2800.0,PE,0.0,0.0,0.0,29.5,0.05,0,0.0,0
2012-08-16,2014-06-26,OPTIDX,NIFTY,2900.0,PE,0.0,0.0,0.0,17.9,0.05,0,0.0,0
2012-08-16,2014-06-26,OPTIDX,NIFTY,3000.0,PE,0.0,0.0,0.0,19.65,0.05,0,0.0,0
2012-08-16,2014-06-26,OPTIDX,NIFTY,3100.0,PE,0.0,0.0,0.0,16.7,0.1,0,0.0,0
2012-08-16,2014-06-26,OPTIDX,NIFTY,3200.0,PE,0.0,0.0,0.0,13.6,0.15,0,0.0,0
2012-08-16,2014-06-26,OPTIDX,NIFTY,3300.0,PE,0.0,0.0,0.0,17.2,0.25,0,0.0,0
2012-08-16,2014-06-26,OPTIDX,NIFTY,3400.0,PE,0.0,0.0,0.0,27.0,0.4,0,0.0,0
2012-08-16,2014-06-26,OPTIDX,NIFTY,3500.0,PE,0.0,0.0,0.0,34.0,0.65,0,0.0,0
2012-08-16,2014-06-26,OPTIDX,NIFTY,3600.0,PE,0.0,0.0,0.0,1.65,1.0,0,0.0,0
2012-08-16,2014-06-26,OPTIDX,NIFTY,3700.0,PE,0.0,0.0,0.0,4.15,1.5,0,0.0,0
2012-08-16,2014-06-26,OPTIDX,NIFTY,3800.0,PE,0.0,0.0,0.0,5.3,2.25,0,0.0,0
2012-08-16,2014-06-26,OPTIDX,NIFTY,3900.0,PE,0.0,0.0,0.0,6.65,3.25,0,0.0,0
2012-08-16,2014-06-26,OPTIDX,NIFTY,4000.0,PE,0.0,0.0,0.0,8.3,4.65,0,0.0,0
2012-08-16,2014-06-26,OPTIDX,NIFTY,4100.0,PE,0.0,0.0,0.0,135.75,6.5,0,0.0,200000
2012-08-16,2014-06-26,OPTIDX,NIFTY,4200.0,PE,0.0,0.0,0.0,217.0,8.95,0,0.0,10000
2012-08-16,2014-06-26,OPTIDX,NIFTY,4300.0,PE,0.0,0.0,0.0,15.25,12.1,0,0.0,0
2012-08-16,2014-06-26,OPTIDX,NIFTY,4400.0,PE,0.0,0.0,0.0,382.7,16.05,0,0.0,0
2012-08-16,2014-06-26,OPTIDX,NIFTY,4500.0,PE,0.0,0.0,0.0,413.3,21.0,0,0.0,0
2012-08-16,2014-06-26,OPTIDX,NIFTY,4600.0,PE,0.0,0.0,0.0,445.1,27.05,0,0.0,0
2012-08-16,2014-06-26,OPTIDX,NIFTY,4700.0,PE,0.0,0.0,0.0,478.15,34.35,0,0.0,0
2012-08-16,2014-06-26,OPTIDX,NIFTY,4800.0,PE,0.0,0.0,0.0,512.4,43.1,0,0.0,0
2012-08-16,2014-06-26,OPTIDX,NIFTY,4900.0,PE,0.0,0.0,0.0,547.85,53.45,0,0.0,0
2012-08-16,2014-06-26,OPTIDX,NIFTY,5000.0,PE,0.0,0.0,0.0,405.0,65.55,0,0.0,33500
2012-08-16,2014-06-26,OPTIDX,NIFTY,5100.0,PE,0.0,0.0,0.0,434.0,79.55,0,0.0,6800
2012-08-16,2014-06-26,OPTIDX,NIFTY,5200.0,PE,0.0,0.0,0.0,468.0,95.55,0,0.0,31800
2012-08-16,2014-06-26,OPTIDX,NIFTY,5300.0,PE,0.0,0.0,0.0,483.5,113.75,0,0.0,47100
2012-08-16,2014-06-26,OPTIDX,NIFTY,5400.0,PE,0.0,0.0,0.0,742.15,134.35,0,0.0,0
2012-08-16,2014-06-26,OPTIDX,NIFTY,5500.0,PE,0.0,0.0,0.0,784.4,157.1,0,0.0,0
2012-08-16,2014-06-26,OPTIDX,NIFTY,5600.0,PE,0.0,0.0,0.0,827.65,182.35,0,0.0,0
2012-08-16,2014-06-26,OPTIDX,NIFTY,5700.0,PE,0.0,0.0,0.0,847.85,209.9,0,0.0,0
2012-08-16,2014-06-26,OPTIDX,NIFTY,5800.0,PE,0.0,0.0,0.0,720.85,240.35,0,0.0,0
2012-08-16,2014-06-26,OPTIDX,NIFTY,5900.0,PE,0.0,0.0,0.0,649.8,273.35,0,0.0,0
2012-08-16,2014-06-26,OPTIDX,NIFTY,6000.0,PE,0.0,0.0,0.0,647.15,309.0,0,0.0,0
2012-08-16,2014-06-26,OPTIDX,NIFTY,6100.0,PE,0.0,0.0,0.0,287.15,347.3,0,0.0,0
2012-08-16,2014-06-26,OPTIDX,NIFTY,6200.0,PE,0.0,0.0,0.0,295.55,388.15,0,0.0,0
2012-08-16,2014-06-26,OPTIDX,NIFTY,6300.0,PE,0.0,0.0,0.0,331.75,431.6,0,0.0,0
2012-08-16,2014-06-26,OPTIDX,NIFTY,6400.0,PE,0.0,0.0,0.0,359.75,477.55,0,0.0,0
2012-08-16,2014-06-26,OPTIDX,NIFTY,6500.0,PE,0.0,0.0,0.0,358.25,526.0,0,0.0,0
2012-08-16,2014-06-26,OPTIDX,NIFTY,6600.0,PE,0.0,0.0,0.0,376.45,576.85,0,0.0,0
2012-08-16,2014-06-26,OPTIDX,NIFTY,6700.0,PE,0.0,0.0,0.0,380.9,630.0,0,0.0,0
2012-08-16,2014-06-26,OPTIDX,NIFTY,6800.0,PE,0.0,0.0,0.0,359.85,685.35,0,0.0,0
2012-08-16,2014-06-26,OPTIDX,NIFTY,6900.0,PE,0.0,0.0,0.0,358.45,742.9,0,0.0,0
2012-08-16,2014-06-26,OPTIDX,NIFTY,7000.0,PE,0.0,0.0,0.0,457.6,802.45,0,0.0,0
2012-08-16,2014-06-26,OPTIDX,NIFTY,7100.0,PE,0.0,0.0,0.0,397.2,863.9,0,0.0,0
2012-08-16,2014-06-26,OPTIDX,NIFTY,7200.0,PE,0.0,0.0,0.0,425.75,927.5,0,0.0,0
2012-08-16,2014-06-26,OPTIDX,NIFTY,7300.0,PE,0.0,0.0,0.0,455.45,992.65,0,0.0,0
2012-08-16,2014-06-26,OPTIDX,NIFTY,7400.0,PE,0.0,0.0,0.0,486.25,1059.4,0,0.0,0
2012-08-16,2014-06-26,OPTIDX,NIFTY,7500.0,PE,0.0,0.0,0.0,518.2,1127.4,0,0.0,0
2012-08-16,2014-06-26,OPTIDX,NIFTY,7600.0,PE,0.0,0.0,0.0,551.25,1197.05,0,0.0,0
2012-08-16,2014-06-26,OPTIDX,NIFTY,7700.0,PE,0.0,0.0,0.0,585.45,1267.95,0,0.0,0
2012-08-16,2014-06-26,OPTIDX,NIFTY,7800.0,PE,0.0,0.0,0.0,620.75,1340.15,0,0.0,0
2012-08-16,2014-06-26,OPTIDX,NIFTY,7900.0,PE,0.0,0.0,0.0,657.1,1413.45,0,0.0,0
2012-08-16,2014-06-26,OPTIDX,NIFTY,8000.0,PE,0.0,0.0,0.0,694.5,1487.8,0,0.0,0
2012-08-16,2014-06-26,OPTIDX,NIFTY,8100.0,PE,0.0,0.0,0.0,733.05,1563.1,0,0.0,0
2012-08-16,2014-06-26,OPTIDX,NIFTY,8200.0,PE,0.0,0.0,0.0,772.6,1639.35,0,0.0,0
2012-08-16,2014-06-26,OPTIDX,NIFTY,8300.0,PE,0.0,0.0,0.0,813.15,1716.35,0,0.0,0
2012-08-16,2014-06-26,OPTIDX,NIFTY,8400.0,PE,0.0,0.0,0.0,854.75,1794.1,0,0.0,0
2012-08-16,2014-06-26,OPTIDX,NIFTY,8500.0,PE,0.0,0.0,0.0,897.35,1872.55,0,0.0,0
2012-08-16,2014-06-26,OPTIDX,NIFTY,8600.0,PE,0.0,0.0,0.0,880.5,1951.6,0,0.0,0
2012-08-16,2014-12-24,OPTIDX,NIFTY,2700.0,CE,0.0,0.0,0.0,2562.75,3180.45,0,0.0,0
2012-08-16,2014-12-24,OPTIDX,NIFTY,2800.0,CE,0.0,0.0,0.0,2560.1,3099.6,0,0.0,0
2012-08-16,2014-12-24,OPTIDX,NIFTY,2900.0,CE,0.0,0.0,0.0,2652.85,3018.8,0,0.0,0
2012-08-16,2014-12-24,OPTIDX,NIFTY,3000.0,CE,0.0,0.0,0.0,2678.4,2938.0,0,0.0,0
2012-08-16,2014-12-24,OPTIDX,NIFTY,3100.0,CE,0.0,0.0,0.0,2702.3,2857.25,0,0.0,0
2012-08-16,2014-12-24,OPTIDX,NIFTY,3200.0,CE,0.0,0.0,0.0,2719.4,2776.5,0,0.0,0
2012-08-16,2014-12-24,OPTIDX,NIFTY,3300.0,CE,0.0,0.0,0.0,2742.1,2695.85,0,0.0,0
2012-08-16,2014-12-24,OPTIDX,NIFTY,3400.0,CE,0.0,0.0,0.0,2882.95,2615.25,0,0.0,0
2012-08-16,2014-12-24,OPTIDX,NIFTY,3500.0,CE,0.0,0.0,0.0,2919.75,2534.75,0,0.0,0
2012-08-16,2014-12-24,OPTIDX,NIFTY,3600.0,CE,0.0,0.0,0.0,3532.1,2454.45,0,0.0,0
2012-08-16,2014-12-24,OPTIDX,NIFTY,3700.0,CE,0.0,0.0,0.0,3518.95,2374.25,0,0.0,0
2012-08-16,2014-12-24,OPTIDX,NIFTY,3800.0,CE,0.0,0.0,0.0,3450.2,2294.35,0,0.0,0
2012-08-16,2014-12-24,OPTIDX,NIFTY,3900.0,CE,0.0,0.0,0.0,3381.7,2214.75,0,0.0,0
2012-08-16,2014-12-24,OPTIDX,NIFTY,4000.0,CE,0.0,0.0,0.0,3313.45,2135.5,0,0.0,0
2012-08-16,2014-12-24,OPTIDX,NIFTY,4100.0,CE,0.0,0.0,0.0,3245.5,2056.75,0,0.0,0
2012-08-16,2014-12-24,OPTIDX,NIFTY,4200.0,CE,0.0,0.0,0.0,3177.85,1978.5,0,0.0,0
2012-08-16,2014-12-24,OPTIDX,NIFTY,4300.0,CE,0.0,0.0,0.0,3110.6,1900.9,0,0.0,0
2012-08-16,2014-12-24,OPTIDX,NIFTY,4400.0,CE,0.0,0.0,0.0,1922.3,1824.05,0,0.0,0
2012-08-16,2014-12-24,OPTIDX,NIFTY,4500.0,CE,0.0,0.0,0.0,1873.3,1748.05,0,0.0,0
2012-08-16,2014-12-24,OPTIDX,NIFTY,4600.0,CE,0.0,0.0,0.0,1825.5,1673.0,0,0.0,0
2012-08-16,2014-12-24,OPTIDX,NIFTY,4700.0,CE,0.0,0.0,0.0,1778.8,1599.05,0,0.0,0
2012-08-16,2014-12-24,OPTIDX,NIFTY,4800.0,CE,0.0,0.0,0.0,970.0,1526.25,0,0.0,200000
2012-08-16,2014-12-24,OPTIDX,NIFTY,4900.0,CE,0.0,0.0,0.0,1133.0,1454.8,0,0.0,456750
2012-08-16,2014-12-24,OPTIDX,NIFTY,5000.0,CE,0.0,0.0,0.0,1104.95,1384.75,0,0.0,491850
2012-08-16,2014-12-24,OPTIDX,NIFTY,5100.0,CE,0.0,0.0,0.0,1004.45,1316.2,0,0.0,127500
2012-08-16,2014-12-24,OPTIDX,NIFTY,5200.0,CE,0.0,0.0,0.0,962.0,1249.3,0,0.0,662800
2012-08-16,2014-12-24,OPTIDX,NIFTY,5300.0,CE,0.0,0.0,0.0,1107.45,1184.1,0,0.0,889550
2012-08-16,2014-12-24,OPTIDX,NIFTY,5400.0,CE,0.0,0.0,0.0,857.0,1120.75,0,0.0,400950
2012-08-16,2014-12-24,OPTIDX,NIFTY,5500.0,CE,0.0,0.0,0.0,1170.2,1059.3,0,0.0,267950
2012-08-16,2014-12-24,OPTIDX,NIFTY,5600.0,CE,0.0,0.0,0.0,1406.45,999.9,0,0.0,0
2012-08-16,2014-12-24,OPTIDX,NIFTY,5700.0,CE,0.0,0.0,0.0,1414.7,942.4,0,0.0,0
2012-08-16,2014-12-24,OPTIDX,NIFTY,5800.0,CE,0.0,0.0,0.0,1508.4,886.95,0,0.0,0
2012-08-16,2014-12-24,OPTIDX,NIFTY,5900.0,CE,0.0,0.0,0.0,1467.35,833.45,0,0.0,0
2012-08-16,2014-12-24,OPTIDX,NIFTY,6000.0,CE,0.0,0.0,0.0,1493.9,782.3,0,0.0,0
2012-08-16,2014-12-24,OPTIDX,NIFTY,6100.0,CE,0.0,0.0,0.0,1166.45,733.3,0,0.0,0
2012-08-16,2014-12-24,OPTIDX,NIFTY,6200.0,CE,0.0,0.0,0.0,1244.45,686.5,0,0.0,0
2012-08-16,2014-12-24,OPTIDX,NIFTY,6300.0,CE,0.0,0.0,0.0,1405.15,641.85,0,0.0,0
2012-08-16,2014-12-24,OPTIDX,NIFTY,6400.0,CE,0.0,0.0,0.0,1356.75,599.35,0,0.0,0
2012-08-16,2014-12-24,OPTIDX,NIFTY,6500.0,CE,0.0,0.0,0.0,735.0,558.9,0,0.0,700
2012-08-16,2014-12-24,OPTIDX,NIFTY,6600.0,CE,0.0,0.0,0.0,1496.9,520.6,0,0.0,0
2012-08-16,2014-12-24,OPTIDX,NIFTY,6700.0,CE,0.0,0.0,0.0,1458.1,484.3,0,0.0,0
2012-08-16,2014-12-24,OPTIDX,NIFTY,6800.0,CE,0.0,0.0,0.0,1515.8,450.0,0,0.0,0
2012-08-16,2014-12-24,OPTIDX,NIFTY,6900.0,CE,0.0,0.0,0.0,1475.2,417.7,0,0.0,0
2012-08-16,2014-12-24,OPTIDX,NIFTY,7000.0,CE,0.0,0.0,0.0,295.9,387.25,0,0.0,50
2012-08-16,2014-12-24,OPTIDX,NIFTY,7100.0,CE,0.0,0.0,0.0,1496.0,358.6,0,0.0,0
2012-08-16,2014-12-24,OPTIDX,NIFTY,7200.0,CE,0.0,0.0,0.0,1451.2,331.75,0,0.0,0
2012-08-16,2014-12-24,OPTIDX,NIFTY,7300.0,CE,0.0,0.0,0.0,1407.35,306.55,0,0.0,0
2012-08-16,2014-12-24,OPTIDX,NIFTY,7400.0,CE,0.0,0.0,0.0,1364.35,283.0,0,0.0,0
2012-08-16,2014-12-24,OPTIDX,NIFTY,7500.0,CE,0.0,0.0,0.0,1322.55,261.0,0,0.0,0
2012-08-16,2014-12-24,OPTIDX,NIFTY,7600.0,CE,0.0,0.0,0.0,1281.75,240.75,0,0.0,0
2012-08-16,2014-12-24,OPTIDX,NIFTY,7700.0,CE,0.0,0.0,0.0,1241.9,221.7,0,0.0,0
2012-08-16,2014-12-24,OPTIDX,NIFTY,7800.0,CE,0.0,0.0,0.0,1203.1,203.95,0,0.0,0
2012-08-16,2014-12-24,OPTIDX,NIFTY,7900.0,CE,0.0,0.0,0.0,1165.2,187.5,0,0.0,0
2012-08-16,2014-12-24,OPTIDX,NIFTY,8000.0,CE,0.0,0.0,0.0,1128.3,172.0,0,0.0,0
2012-08-16,2014-12-24,OPTIDX,NIFTY,8100.0,CE,0.0,0.0,0.0,1092.3,157.8,0,0.0,0
2012-08-16,2014-12-24,OPTIDX,NIFTY,8200.0,CE,0.0,0.0,0.0,1057.25,144.65,0,0.0,0
2012-08-16,2014-12-24,OPTIDX,NIFTY,8300.0,CE,0.0,0.0,0.0,1023.15,132.5,0,0.0,0
2012-08-16,2014-12-24,OPTIDX,NIFTY,8400.0,CE,0.0,0.0,0.0,989.95,121.3,0,0.0,0
2012-08-16,2014-12-24,OPTIDX,NIFTY,8500.0,CE,0.0,0.0,0.0,957.7,110.95,0,0.0,0
2012-08-16,2014-12-24,OPTIDX,NIFTY,8600.0,CE,0.0,0.0,0.0,914.4,101.4,0,0.0,0
2012-08-16,2014-12-24,OPTIDX,NIFTY,2700.0,PE,0.0,0.0,0.0,30.5,0.05,0,0.0,0
2012-08-16,2014-12-24,OPTIDX,NIFTY,2800.0,PE,0.0,0.0,0.0,34.85,0.05,0,0.0,0
2012-08-16,2014-12-24,OPTIDX,NIFTY,2900.0,PE,0.0,0.0,0.0,20.8,0.05,0,0.0,0
2012-08-16,2014-12-24,OPTIDX,NIFTY,3000.0,PE,0.0,0.0,0.0,22.6,0.1,0,0.0,0
2012-08-16,2014-12-24,OPTIDX,NIFTY,3100.0,PE,0.0,0.0,0.0,19.2,0.2,0,0.0,0
2012-08-16,2014-12-24,OPTIDX,NIFTY,3200.0,PE,0.0,0.0,0.0,15.65,0.3,0,0.0,0
2012-08-16,2014-12-24,OPTIDX,NIFTY,3300.0,PE,0.0,0.0,0.0,19.5,0.45,0,0.0,0
2012-08-16,2014-12-24,OPTIDX,NIFTY,3400.0,PE,0.0,0.0,0.0,29.2,0.7,0,0.0,0
2012-08-16,2014-12-24,OPTIDX,NIFTY,3500.0,PE,0.0,0.0,0.0,36.45,1.05,0,0.0,0
2012-08-16,2014-12-24,OPTIDX,NIFTY,3600.0,PE,0.0,0.0,0.0,1.95,1.55,0,0.0,0
2012-08-16,2014-12-24,OPTIDX,NIFTY,3700.0,PE,0.0,0.0,0.0,4.75,2.2,0,0.0,0
2012-08-16,2014-12-24,OPTIDX,NIFTY,3800.0,PE,0.0,0.0,0.0,5.95,3.15,0,0.0,0
2012-08-16,2014-12-24,OPTIDX,NIFTY,3900.0,PE,0.0,0.0,0.0,7.4,4.35,0,0.0,0
2012-08-16,2014-12-24,OPTIDX,NIFTY,4000.0,PE,0.0,0.0,0.0,9.1,5.95,0,0.0,0
2012-08-16,2014-12-24,OPTIDX,NIFTY,4100.0,PE,0.0,0.0,0.0,11.05,8.0,0,0.0,0
2012-08-16,2014-12-24,OPTIDX,NIFTY,4200.0,PE,0.0,0.0,0.0,13.4,10.6,0,0.0,0
2012-08-16,2014-12-24,OPTIDX,NIFTY,4300.0,PE,0.0,0.0,0.0,16.05,13.85,0,0.0,0
2012-08-16,2014-12-24,OPTIDX,NIFTY,4400.0,PE,0.0,0.0,0.0,392.95,17.85,0,0.0,0
2012-08-16,2014-12-24,OPTIDX,NIFTY,4500.0,PE,0.0,0.0,0.0,422.9,22.65,0,0.0,0
2012-08-16,2014-12-24,OPTIDX,NIFTY,4600.0,PE,0.0,0.0,0.0,454.05,28.45,0,0.0,0
2012-08-16,2014-12-24,OPTIDX,NIFTY,4700.0,PE,0.0,0.0,0.0,486.3,35.3,0,0.0,0
2012-08-16,2014-12-24,OPTIDX,NIFTY,4800.0,PE,0.0,0.0,0.0,519.65,43.4,0,0.0,0
2012-08-16,2014-12-24,OPTIDX,NIFTY,4900.0,PE,0.0,0.0,0.0,554.1,52.75,0,0.0,0
2012-08-16,2014-12-24,OPTIDX,NIFTY,5000.0,PE,0.0,0.0,0.0,589.65,63.5,0,0.0,0
2012-08-16,2014-12-24,OPTIDX,NIFTY,5100.0,PE,0.0,0.0,0.0,626.25,75.85,0,0.0,0
2012-08-16,2014-12-24,OPTIDX,NIFTY,5200.0,PE,0.0,0.0,0.0,692.5,89.75,0,0.0,50000
2012-08-16,2014-12-24,OPTIDX,NIFTY,5300.0,PE,0.0,0.0,0.0,665.2,105.4,0,0.0,6500
2012-08-16,2014-12-24,OPTIDX,NIFTY,5400.0,PE,0.0,0.0,0.0,742.1,122.9,0,0.0,0
2012-08-16,2014-12-24,OPTIDX,NIFTY,5500.0,PE,0.0,0.0,0.0,782.8,142.25,0,0.0,0
2012-08-16,2014-12-24,OPTIDX,NIFTY,5600.0,PE,0.0,0.0,0.0,824.5,163.7,0,0.0,0
2012-08-16,2014-12-24,OPTIDX,NIFTY,5700.0,PE,0.0,0.0,0.0,843.95,187.05,0,0.0,0
2012-08-16,2014-12-24,OPTIDX,NIFTY,5800.0,PE,0.0,0.0,0.0,709.95,212.4,0,0.0,0
2012-08-16,2014-12-24,OPTIDX,NIFTY,5900.0,PE,0.0,0.0,0.0,635.55,239.75,0,0.0,0
2012-08-16,2014-12-24,OPTIDX,NIFTY,6000.0,PE,0.0,0.0,0.0,631.55,269.45,0,0.0,0
2012-08-16,2014-12-24,OPTIDX,NIFTY,6100.0,PE,0.0,0.0,0.0,265.65,301.3,0,0.0,0
2012-08-16,2014-12-24,OPTIDX,NIFTY,6200.0,PE,0.0,0.0,0.0,273.35,335.3,0,0.0,0
2012-08-16,2014-12-24,OPTIDX,NIFTY,6300.0,PE,0.0,0.0,0.0,311.45,371.5,0,0.0,0
2012-08-16,2014-12-24,OPTIDX,NIFTY,6400.0,PE,0.0,0.0,0.0,337.1,409.8,0,0.0,0
2012-08-16,2014-12-24,OPTIDX,NIFTY,6500.0,PE,0.0,0.0,0.0,335.4,450.2,0,0.0,0
2012-08-16,2014-12-24,OPTIDX,NIFTY,6600.0,PE,0.0,0.0,0.0,353.45,492.75,0,0.0,0
2012-08-16,2014-12-24,OPTIDX,NIFTY,6700.0,PE,0.0,0.0,0.0,356.15,537.3,0,0.0,0
2012-08-16,2014-12-24,OPTIDX,NIFTY,6800.0,PE,0.0,0.0,0.0,335.25,583.85,0,0.0,0
2012-08-16,2014-12-24,OPTIDX,NIFTY,6900.0,PE,0.0,0.0,0.0,331.35,632.35,0,0.0,0
2012-08-16,2014-12-24,OPTIDX,NIFTY,7000.0,PE,0.0,0.0,0.0,430.7,682.75,0,0.0,0
2012-08-16,2014-12-24,OPTIDX,NIFTY,7100.0,PE,0.0,0.0,0.0,359.7,734.95,0,0.0,0
2012-08-16,2014-12-24,OPTIDX,NIFTY,7200.0,PE,0.0,0.0,0.0,384.8,788.9,0,0.0,0
2012-08-16,2014-12-24,OPTIDX,NIFTY,7300.0,PE,0.0,0.0,0.0,410.95,844.55,0,0.0,0
2012-08-16,2014-12-24,OPTIDX,NIFTY,7400.0,PE,0.0,0.0,0.0,437.85,901.85,0,0.0,0
2012-08-16,2014-12-24,OPTIDX,NIFTY,7500.0,PE,0.0,0.0,0.0,466.0,960.7,0,0.0,0
2012-08-16,2014-12-24,OPTIDX,NIFTY,7600.0,PE,0.0,0.0,0.0,495.15,1021.25,0,0.0,0
2012-08-16,2014-12-24,OPTIDX,NIFTY,7700.0,PE,0.0,0.0,0.0,525.25,1083.05,0,0.0,0
2012-08-16,2014-12-24,OPTIDX,NIFTY,7800.0,PE,0.0,0.0,0.0,556.35,1146.15,0,0.0,0
2012-08-16,2014-12-24,OPTIDX,NIFTY,7900.0,PE,0.0,0.0,0.0,588.4,1210.5,0,0.0,0
2012-08-16,2014-12-24,OPTIDX,NIFTY,8000.0,PE,0.0,0.0,0.0,621.4,1275.85,0,0.0,0
2012-08-16,2014-12-24,OPTIDX,NIFTY,8100.0,PE,0.0,0.0,0.0,655.4,1342.5,0,0.0,0
2012-08-16,2014-12-24,OPTIDX,NIFTY,8200.0,PE,0.0,0.0,0.0,690.25,1410.2,0,0.0,0
2012-08-16,2014-12-24,OPTIDX,NIFTY,8300.0,PE,0.0,0.0,0.0,726.1,1478.85,0,0.0,0
2012-08-16,2014-12-24,OPTIDX,NIFTY,8400.0,PE,0.0,0.0,0.0,762.85,1548.45,0,0.0,0
2012-08-16,2014-12-24,OPTIDX,NIFTY,8500.0,PE,0.0,0.0,0.0,800.5,1618.95,0,0.0,0
2012-08-16,2014-12-24,OPTIDX,NIFTY,8600.0,PE,0.0,0.0,0.0,779.7,1690.25,0,0.0,0
2012-08-16,2015-06-25,OPTIDX,NIFTY,2700.0,CE,0.0,0.0,0.0,2662.75,3277.05,0,0.0,0
2012-08-16,2015-06-25,OPTIDX,NIFTY,2800.0,CE,0.0,0.0,0.0,2663.7,3199.85,0,0.0,0
2012-08-16,2015-06-25,OPTIDX,NIFTY,2900.0,CE,0.0,0.0,0.0,2753.3,3122.6,0,0.0,0
2012-08-16,2015-06-25,OPTIDX,NIFTY,3000.0,CE,0.0,0.0,0.0,2781.6,3045.45,0,0.0,0
2012-08-16,2015-06-25,OPTIDX,NIFTY,3100.0,CE,0.0,0.0,0.0,2808.35,2968.3,0,0.0,0
2012-08-16,2015-06-25,OPTIDX,NIFTY,3200.0,CE,0.0,0.0,0.0,2828.5,2891.2,0,0.0,0
2012-08-16,2015-06-25,OPTIDX,NIFTY,3300.0,CE,0.0,0.0,0.0,2854.85,2814.15,0,0.0,0
2012-08-16,2015-06-25,OPTIDX,NIFTY,3400.0,CE,0.0,0.0,0.0,2992.5,2737.2,0,0.0,0
2012-08-16,2015-06-25,OPTIDX,NIFTY,3500.0,CE,0.0,0.0,0.0,3033.4,2660.4,0,0.0,0
2012-08-16,2015-06-25,OPTIDX,NIFTY,3600.0,CE,0.0,0.0,0.0,3643.55,2583.7,0,0.0,0
2012-08-16,2015-06-25,OPTIDX,NIFTY,3700.0,CE,0.0,0.0,0.0,3633.15,2507.25,0,0.0,0
2012-08-16,2015-06-25,OPTIDX,NIFTY,3800.0,CE,0.0,0.0,0.0,3567.55,2431.0,0,0.0,0
2012-08-16,2015-06-25,OPTIDX,NIFTY,3900.0,CE,0.0,0.0,0.0,3502.15,2355.1,0,0.0,0
2012-08-16,2015-06-25,OPTIDX,NIFTY,4000.0,CE,0.0,0.0,0.0,3436.95,2279.5,0,0.0,0
2012-08-16,2015-06-25,OPTIDX,NIFTY,4100.0,CE,0.0,0.0,0.0,3372.1,2204.35,0,0.0,0
2012-08-16,2015-06-25,OPTIDX,NIFTY,4200.0,CE,0.0,0.0,0.0,3307.5,2129.7,0,0.0,0
2012-08-16,2015-06-25,OPTIDX,NIFTY,4300.0,CE,0.0,0.0,0.0,3243.2,2055.6,0,0.0,0
2012-08-16,2015-06-25,OPTIDX,NIFTY,4400.0,CE,0.0,0.0,0.0,3179.3,1982.2,0,0.0,0
2012-08-16,2015-06-25,OPTIDX,NIFTY,4500.0,CE,0.0,0.0,0.0,3115.75,1909.5,0,0.0,0
2012-08-16,2015-06-25,OPTIDX,NIFTY,4600.0,CE,0.0,0.0,0.0,2102.1,1837.6,0,0.0,0
2012-08-16,2015-06-25,OPTIDX,NIFTY,4700.0,CE,0.0,0.0,0.0,2144.15,1766.65,0,0.0,0
2012-08-16,2015-06-25,OPTIDX,NIFTY,4800.0,CE,0.0,0.0,0.0,2091.2,1696.65,0,0.0,0
2012-08-16,2015-06-25,OPTIDX,NIFTY,4900.0,CE,0.0,0.0,0.0,1081.0,1627.75,0,0.0,72000
2012-08-16,2015-06-25,OPTIDX,NIFTY,5000.0,CE,0.0,0.0,0.0,1200.05,1560.05,0,0.0,50
2012-08-16,2015-06-25,OPTIDX,NIFTY,5100.0,CE,0.0,0.0,0.0,1266.0,1493.55,0,0.0,151000
2012-08-16,2015-06-25,OPTIDX,NIFTY,5200.0,CE,0.0,0.0,0.0,1077.0,1428.45,0,0.0,372150
2012-08-16,2015-06-25,OPTIDX,NIFTY,5300.0,CE,0.0,0.0,0.0,1147.3,1364.7,0,0.0,596550
2012-08-16,2015-06-25,OPTIDX,NIFTY,5400.0,CE,0.0,0.0,0.0,1794.35,1302.45,0,0.0,0
2012-08-16,2015-06-25,OPTIDX,NIFTY,5500.0,CE,0.0,0.0,0.0,1748.35,1241.75,0,0.0,0
2012-08-16,2015-06-25,OPTIDX,NIFTY,5600.0,CE,0.0,0.0,0.0,1703.35,1182.6,0,0.0,0
2012-08-16,2015-06-25,OPTIDX,NIFTY,5700.0,CE,0.0,0.0,0.0,1659.3,1125.3,0,0.0,0
2012-08-16,2015-06-25,OPTIDX,NIFTY,5800.0,CE,0.0,0.0,0.0,1616.25,1069.5,0,0.0,0
2012-08-16,2015-06-25,OPTIDX,NIFTY,5900.0,CE,0.0,0.0,0.0,1574.1,1015.45,0,0.0,0
2012-08-16,2015-06-25,OPTIDX,NIFTY,6000.0,CE,0.0,0.0,0.0,1473.75,963.15,0,0.0,0
2012-08-16,2015-06-25,OPTIDX,NIFTY,6100.0,CE,0.0,0.0,0.0,1294.7,912.45,0,0.0,0
2012-08-16,2015-06-25,OPTIDX,NIFTY,6200.0,CE,0.0,0.0,0.0,1380.55,863.8,0,0.0,0
2012-08-16,2015-06-25,OPTIDX,NIFTY,6300.0,CE,0.0,0.0,0.0,1546.8,816.95,0,0.0,0
2012-08-16,2015-06-25,OPTIDX,NIFTY,6400.0,CE,0.0,0.0,0.0,1498.7,771.9,0,0.0,0
2012-08-16,2015-06-25,OPTIDX,NIFTY,6500.0,CE,0.0,0.0,0.0,620.0,728.7,0,0.0,21150
2012-08-16,2015-06-25,OPTIDX,NIFTY,6600.0,CE,0.0,0.0,0.0,1648.45,687.3,0,0.0,0
2012-08-16,2015-06-25,OPTIDX,NIFTY,6700.0,CE,0.0,0.0,0.0,1610.95,647.65,0,0.0,0
2012-08-16,2015-06-25,OPTIDX,NIFTY,6800.0,CE,0.0,0.0,0.0,1674.4,609.75,0,0.0,0
2012-08-16,2015-06-25,OPTIDX,NIFTY,6900.0,CE,0.0,0.0,0.0,1636.2,573.6,0,0.0,0
2012-08-16,2015-06-25,OPTIDX,NIFTY,7000.0,CE,0.0,0.0,0.0,1841.7,539.1,0,0.0,0
2012-08-16,2015-06-25,OPTIDX,NIFTY,7100.0,CE,0.0,0.0,0.0,1680.15,506.3,0,0.0,0
2012-08-16,2015-06-25,OPTIDX,NIFTY,7200.0,CE,0.0,0.0,0.0,1635.5,475.1,0,0.0,0
2012-08-16,2015-06-25,OPTIDX,NIFTY,7300.0,CE,0.0,0.0,0.0,1591.75,445.5,0,0.0,0
2012-08-16,2015-06-25,OPTIDX,NIFTY,7400.0,CE,0.0,0.0,0.0,1548.85,417.4,0,0.0,0
2012-08-16,2015-06-25,OPTIDX,NIFTY,7500.0,CE,0.0,0.0,0.0,1506.85,390.8,0,0.0,0
2012-08-16,2015-06-25,OPTIDX,NIFTY,7600.0,CE,0.0,0.0,0.0,1465.7,365.65,0,0.0,0
2012-08-16,2015-06-25,OPTIDX,NIFTY,7700.0,CE,0.0,0.0,0.0,1425.2,341.85,0,0.0,0
2012-08-16,2015-06-25,OPTIDX,NIFTY,7800.0,CE,0.0,0.0,0.0,1385.8,319.4,0,0.0,0
2012-08-16,2015-06-25,OPTIDX,NIFTY,7900.0,CE,0.0,0.0,0.0,1347.3,298.2,0,0.0,0
2012-08-16,2015-06-25,OPTIDX,NIFTY,8000.0,CE,0.0,0.0,0.0,1309.6,278.5,0,0.0,0
2012-08-16,2015-06-25,OPTIDX,NIFTY,8100.0,CE,0.0,0.0,0.0,1272.8,259.8,0,0.0,0
2012-08-16,2015-06-25,OPTIDX,NIFTY,8200.0,CE,0.0,0.0,0.0,1236.8,242.15,0,0.0,0
2012-08-16,2015-06-25,OPTIDX,NIFTY,8300.0,CE,0.0,0.0,0.0,1201.65,225.65,0,0.0,0
2012-08-16,2015-06-25,OPTIDX,NIFTY,8400.0,CE,0.0,0.0,0.0,1167.3,210.1,0,0.0,0
2012-08-16,2015-06-25,OPTIDX,NIFTY,8500.0,CE,0.0,0.0,0.0,1133.8,195.55,0,0.0,0
2012-08-16,2015-06-25,OPTIDX,NIFTY,8600.0,CE,0.0,0.0,0.0,1090.8,181.65,0,0.0,0
2012-08-16,2015-06-25,OPTIDX,NIFTY,2700.0,PE,0.0,0.0,0.0,34.45,0.05,0,0.0,0
2012-08-16,2015-06-25,OPTIDX,NIFTY,2800.0,PE,0.0,0.0,0.0,39.0,0.1,0,0.0,0
2012-08-16,2015-06-25,OPTIDX,NIFTY,2900.0,PE,0.0,0.0,0.0,23.0,0.1,0,0.0,0
2012-08-16,2015-06-25,OPTIDX,NIFTY,3000.0,PE,0.0,0.0,0.0,24.9,0.2,0,0.0,0
2012-08-16,2015-06-25,OPTIDX,NIFTY,3100.0,PE,0.0,0.0,0.0,21.1,0.3,0,0.0,0
2012-08-16,2015-06-25,OPTIDX,NIFTY,3200.0,PE,0.0,0.0,0.0,17.15,0.45,0,0.0,0
2012-08-16,2015-06-25,OPTIDX,NIFTY,3300.0,PE,0.0,0.0,0.0,21.15,0.65,0,0.0,0
2012-08-16,2015-06-25,OPTIDX,NIFTY,3400.0,PE,0.0,0.0,0.0,30.7,1.0,0,0.0,0
2012-08-16,2015-06-25,OPTIDX,NIFTY,3500.0,PE,0.0,0.0,0.0,38.05,1.4,0,0.0,0
2012-08-16,2015-06-25,OPTIDX,NIFTY,3600.0,PE,0.0,0.0,0.0,2.15,2.0,0,0.0,0
2012-08-16,2015-06-25,OPTIDX,NIFTY,3700.0,PE,0.0,0.0,0.0,5.2,2.8,0,0.0,0
2012-08-16,2015-06-25,OPTIDX,NIFTY,3800.0,PE,0.0,0.0,0.0,6.45,3.8,0,0.0,0
2012-08-16,2015-06-25,OPTIDX,NIFTY,3900.0,PE,0.0,0.0,0.0,7.9,5.15,0,0.0,0
2012-08-16,2015-06-25,OPTIDX,NIFTY,4000.0,PE,0.0,0.0,0.0,9.6,6.85,0,0.0,0
2012-08-16,2015-06-25,OPTIDX,NIFTY,4100.0,PE,0.0,0.0,0.0,11.55,8.95,0,0.0,0
2012-08-16,2015-06-25,OPTIDX,NIFTY,4200.0,PE,0.0,0.0,0.0,13.8,11.55,0,0.0,0
2012-08-16,2015-06-25,OPTIDX,NIFTY,4300.0,PE,0.0,0.0,0.0,16.4,14.7,0,0.0,0
2012-08-16,2015-06-25,OPTIDX,NIFTY,4400.0,PE,0.0,0.0,0.0,19.35,18.55,0,0.0,0
2012-08-16,2015-06-25,OPTIDX,NIFTY,4500.0,PE,0.0,0.0,0.0,305.0,23.1,0,0.0,7500
2012-08-16,2015-06-25,OPTIDX,NIFTY,4600.0,PE,0.0,0.0,0.0,190.05,28.45,0,0.0,0
2012-08-16,2015-06-25,OPTIDX,NIFTY,4700.0,PE,0.0,0.0,0.0,211.4,34.75,0,0.0,0
2012-08-16,2015-06-25,OPTIDX,NIFTY,4800.0,PE,0.0,0.0,0.0,484.2,42.05,0,0.0,17000
2012-08-16,2015-06-25,OPTIDX,NIFTY,4900.0,PE,0.0,0.0,0.0,513.6,50.4,0,0.0,24000
2012-08-16,2015-06-25,OPTIDX,NIFTY,5000.0,PE,0.0,0.0,0.0,495.0,59.95,0,0.0,114000
2012-08-16,2015-06-25,OPTIDX,NIFTY,5100.0,PE,0.0,0.0,0.0,576.4,70.7,0,0.0,21750
2012-08-16,2015-06-25,OPTIDX,NIFTY,5200.0,PE,0.0,0.0,0.0,500.0,82.85,0,0.0,53300
2012-08-16,2015-06-25,OPTIDX,NIFTY,5300.0,PE,0.0,0.0,0.0,567.0,96.35,0,0.0,102100
2012-08-16,2015-06-25,OPTIDX,NIFTY,5400.0,PE,0.0,0.0,0.0,366.2,111.35,0,0.0,0
2012-08-16,2015-06-25,OPTIDX,NIFTY,5500.0,PE,0.0,0.0,0.0,610.0,127.9,0,0.0,7500
2012-08-16,2015-06-25,OPTIDX,NIFTY,5600.0,PE,0.0,0.0,0.0,419.35,146.05,0,0.0,0
2012-08-16,2015-06-25,OPTIDX,NIFTY,5700.0,PE,0.0,0.0,0.0,447.4,166.0,0,0.0,0
2012-08-16,2015-06-25,OPTIDX,NIFTY,5800.0,PE,0.0,0.0,0.0,476.4,187.45,0,0.0,0
2012-08-16,2015-06-25,OPTIDX,NIFTY,5900.0,PE,0.0,0.0,0.0,506.4,210.65,0,0.0,0
2012-08-16,2015-06-25,OPTIDX,NIFTY,6000.0,PE,0.0,0.0,0.0,474.5,235.6,0,0.0,0
2012-08-16,2015-06-25,OPTIDX,NIFTY,6100.0,PE,0.0,0.0,0.0,820.0,262.15,0,0.0,300
2012-08-16,2015-06-25,OPTIDX,NIFTY,6200.0,PE,0.0,0.0,0.0,252.6,290.75,0,0.0,0
2012-08-16,2015-06-25,OPTIDX,NIFTY,6300.0,PE,0.0,0.0,0.0,291.95,321.15,0,0.0,0
2012-08-16,2015-06-25,OPTIDX,NIFTY,6400.0,PE,0.0,0.0,0.0,315.35,353.4,0,0.0,0
2012-08-16,2015-06-25,OPTIDX,NIFTY,6500.0,PE,0.0,0.0,0.0,313.45,387.45,0,0.0,0
2012-08-16,2015-06-25,OPTIDX,NIFTY,6600.0,PE,0.0,0.0,0.0,331.4,423.3,0,0.0,0
2012-08-16,2015-06-25,OPTIDX,NIFTY,6700.0,PE,0.0,0.0,0.0,332.4,460.9,0,0.0,0
2012-08-16,2015-06-25,OPTIDX,NIFTY,6800.0,PE,0.0,0.0,0.0,311.9,500.25,0,0.0,0
2012-08-16,2015-06-25,OPTIDX,NIFTY,6900.0,PE,0.0,0.0,0.0,306.05,541.35,0,0.0,0
2012-08-16,2015-06-25,OPTIDX,NIFTY,7000.0,PE,0.0,0.0,0.0,404.55,584.15,0,0.0,0
2012-08-16,2015-06-25,OPTIDX,NIFTY,7100.0,PE,0.0,0.0,0.0,325.5,628.6,0,0.0,0
2012-08-16,2015-06-25,OPTIDX,NIFTY,7200.0,PE,0.0,0.0,0.0,347.7,674.65,0,0.0,0
2012-08-16,2015-06-25,OPTIDX,NIFTY,7300.0,PE,0.0,0.0,0.0,370.8,722.3,0,0.0,0
2012-08-16,2015-06-25,OPTIDX,NIFTY,7400.0,PE,0.0,0.0,0.0,394.75,771.45,0,0.0,0
2012-08-16,2015-06-25,OPTIDX,NIFTY,7500.0,PE,0.0,0.0,0.0,419.6,822.1,0,0.0,0
2012-08-16,2015-06-25,OPTIDX,NIFTY,7600.0,PE,0.0,0.0,0.0,445.35,874.2,0,0.0,0
2012-08-16,2015-06-25,OPTIDX,NIFTY,7700.0,PE,0.0,0.0,0.0,471.7,927.7,0,0.0,0
2012-08-16,2015-06-25,OPTIDX,NIFTY,7800.0,PE,0.0,0.0,0.0,499.15,982.45,0,0.0,0
2012-08-16,2015-06-25,OPTIDX,NIFTY,7900.0,PE,0.0,0.0,0.0,527.5,1038.55,0,0.0,0
2012-08-16,2015-06-25,OPTIDX,NIFTY,8000.0,PE,0.0,0.0,0.0,556.7,1096.1,0,0.0,0
2012-08-16,2015-06-25,OPTIDX,NIFTY,8100.0,PE,0.0,0.0,0.0,586.75,1154.65,0,0.0,0
2012-08-16,2015-06-25,OPTIDX,NIFTY,8200.0,PE,0.0,0.0,0.0,617.6,1214.3,0,0.0,0
2012-08-16,2015-06-25,OPTIDX,NIFTY,8300.0,PE,0.0,0.0,0.0,649.3,1275.0,0,0.0,0
2012-08-16,2015-06-25,OPTIDX,NIFTY,8400.0,PE,0.0,0.0,0.0,681.85,1336.7,0,0.0,0
2012-08-16,2015-06-25,OPTIDX,NIFTY,8500.0,PE,0.0,0.0,0.0,715.2,1399.4,0,0.0,0
2012-08-16,2015-06-25,OPTIDX,NIFTY,8600.0,PE,0.0,0.0,0.0,691.55,1462.8,0,0.0,0
2012-08-16,2015-12-31,OPTIDX,NIFTY,2700.0,CE,0.0,0.0,0.0,2760.2,3372.4,0,0.0,0
2012-08-16,2015-12-31,OPTIDX,NIFTY,2800.0,CE,0.0,0.0,0.0,2764.55,3298.7,0,0.0,0
2012-08-16,2015-12-31,OPTIDX,NIFTY,2900.0,CE,0.0,0.0,0.0,2851.6,3225.05,0,0.0,0
2012-08-16,2015-12-31,OPTIDX,NIFTY,3000.0,CE,0.0,0.0,0.0,2882.65,3151.4,0,0.0,0
2012-08-16,2015-12-31,OPTIDX,NIFTY,3100.0,CE,0.0,0.0,0.0,2912.3,3077.8,0,0.0,0
2012-08-16,2015-12-31,OPTIDX,NIFTY,3200.0,CE,0.0,0.0,0.0,2935.45,3004.25,0,0.0,0
2012-08-16,2015-12-31,OPTIDX,NIFTY,3300.0,CE,0.0,0.0,0.0,2965.3,2930.8,0,0.0,0
2012-08-16,2015-12-31,OPTIDX,NIFTY,3400.0,CE,0.0,0.0,0.0,3099.85,2857.45,0,0.0,0
2012-08-16,2015-12-31,OPTIDX,NIFTY,3500.0,CE,0.0,0.0,0.0,3144.65,2784.2,0,0.0,0
2012-08-16,2015-12-31,OPTIDX,NIFTY,3600.0,CE,0.0,0.0,0.0,3753.4,2711.15,0,0.0,0
2012-08-16,2015-12-31,OPTIDX,NIFTY,3700.0,CE,0.0,0.0,0.0,3745.75,2638.25,0,0.0,0
2012-08-16,2015-12-31,OPTIDX,NIFTY,3800.0,CE,0.0,0.0,0.0,3683.2,2565.6,0,0.0,0
2012-08-16,2015-12-31,OPTIDX,NIFTY,3900.0,CE,0.0,0.0,0.0,3620.8,2493.2,0,0.0,0
2012-08-16,2015-12-31,OPTIDX,NIFTY,4000.0,CE,0.0,0.0,0.0,3558.65,2421.15,0,0.0,0
2012-08-16,2015-12-31,OPTIDX,NIFTY,4100.0,CE,0.0,0.0,0.0,3496.7,2349.5,0,0.0,0
2012-08-16,2015-12-31,OPTIDX,NIFTY,4200.0,CE,0.0,0.0,0.0,3435.1,2278.3,0,0.0,0
2012-08-16,2015-12-31,OPTIDX,NIFTY,4300.0,CE,0.0,0.0,0.0,3373.75,2207.55,0,0.0,0
2012-08-16,2015-12-31,OPTIDX,NIFTY,4400.0,CE,0.0,0.0,0.0,3312.7,2137.4,0,0.0,0
2012-08-16,2015-12-31,OPTIDX,NIFTY,4500.0,CE,0.0,0.0,0.0,3252.05,2067.85,0,0.0,0
2012-08-16,2015-12-31,OPTIDX,NIFTY,4600.0,CE,0.0,0.0,0.0,3191.7,1999.05,0,0.0,0
2012-08-16,2015-12-31,OPTIDX,NIFTY,4700.0,CE,0.0,0.0,0.0,3131.8,1931.0,0,0.0,0
2012-08-16,2015-12-31,OPTIDX,NIFTY,4800.0,CE,0.0,0.0,0.0,3072.3,1863.75,0,0.0,0
2012-08-16,2015-12-31,OPTIDX,NIFTY,4900.0,CE,0.0,0.0,0.0,3013.25,1797.45,0,0.0,0
2012-08-16,2015-12-31,OPTIDX,NIFTY,5000.0,CE,0.0,0.0,0.0,2954.65,1732.05,0,0.0,0
2012-08-16,2015-12-31,OPTIDX,NIFTY,5100.0,CE,0.0,0.0,0.0,2896.5,1667.75,0,0.0,0
2012-08-16,2015-12-31,OPTIDX,NIFTY,5200.0,CE,0.0,0.0,0.0,2838.9,1604.55,0,0.0,0
2012-08-16,2015-12-31,OPTIDX,NIFTY,5300.0,CE,0.0,0.0,0.0,2781.8,1542.5,0,0.0,0
2012-08-16,2015-12-31,OPTIDX,NIFTY,5400.0,CE,0.0,0.0,0.0,2725.25,1481.65,0,0.0,0
2012-08-16,2015-12-31,OPTIDX,NIFTY,5500.0,CE,0.0,0.0,0.0,1545.0,1422.05,0,0.0,150
2012-08-16,2015-12-31,OPTIDX,NIFTY,5600.0,CE,0.0,0.0,0.0,2613.95,1363.8,0,0.0,0
2012-08-16,2015-12-31,OPTIDX,NIFTY,5700.0,CE,0.0,0.0,0.0,2559.15,1306.9,0,0.0,0
2012-08-16,2015-12-31,OPTIDX,NIFTY,5800.0,CE,0.0,0.0,0.0,2505.0,1251.55,0,0.0,0
2012-08-16,2015-12-31,OPTIDX,NIFTY,5900.0,CE,0.0,0.0,0.0,2451.5,1197.45,0,0.0,0
2012-08-16,2015-12-31,OPTIDX,NIFTY,6000.0,CE,0.0,0.0,0.0,876.0,1144.8,0,0.0,350
2012-08-16,2015-12-31,OPTIDX,NIFTY,6100.0,CE,0.0,0.0,0.0,2346.45,1093.65,0,0.0,0
2012-08-16,2015-12-31,OPTIDX,NIFTY,6200.0,CE,0.0,0.0,0.0,2294.95,1044.0,0,0.0,0
2012-08-16,2015-12-31,OPTIDX,NIFTY,6300.0,CE,0.0,0.0,0.0,2244.15,995.7,0,0.0,0
2012-08-16,2015-12-31,OPTIDX,NIFTY,6400.0,CE,0.0,0.0,0.0,2194.05,949.2,0,0.0,0
2012-08-16,2015-12-31,OPTIDX,NIFTY,6500.0,CE,0.0,0.0,0.0,2144.65,904.2,0,0.0,0
2012-08-16,2015-12-31,OPTIDX,NIFTY,6600.0,CE,0.0,0.0,0.0,2096.0,860.75,0,0.0,0
2012-08-16,2015-12-31,OPTIDX,NIFTY,6700.0,CE,0.0,0.0,0.0,2048.25,818.85,0,0.0,0
2012-08-16,2015-12-31,OPTIDX,NIFTY,6800.0,CE,0.0,0.0,0.0,2001.05,778.45,0,0.0,0
2012-08-16,2015-12-31,OPTIDX,NIFTY,6900.0,CE,0.0,0.0,0.0,1954.6,739.55,0,0.0,0
2012-08-16,2015-12-31,OPTIDX,NIFTY,7000.0,CE,0.0,0.0,0.0,1908.9,702.15,0,0.0,0
2012-08-16,2015-12-31,OPTIDX,NIFTY,7100.0,CE,0.0,0.0,0.0,1863.95,666.25,0,0.0,0
2012-08-16,2015-12-31,OPTIDX,NIFTY,7200.0,CE,0.0,0.0,0.0,1819.8,631.8,0,0.0,0
2012-08-16,2015-12-31,OPTIDX,NIFTY,7300.0,CE,0.0,0.0,0.0,1776.35,598.75,0,0.0,0
2012-08-16,2015-12-31,OPTIDX,NIFTY,7400.0,CE,0.0,0.0,0.0,1733.7,567.15,0,0.0,0
2012-08-16,2015-12-31,OPTIDX,NIFTY,7500.0,CE,0.0,0.0,0.0,1691.85,536.85,0,0.0,0
2012-08-16,2015-12-31,OPTIDX,NIFTY,7600.0,CE,0.0,0.0,0.0,1650.7,507.95,0,0.0,0
2012-08-16,2015-12-31,OPTIDX,NIFTY,7700.0,CE,0.0,0.0,0.0,1610.35,480.3,0,0.0,0
2012-08-16,2015-12-31,OPTIDX,NIFTY,7800.0,CE,0.0,0.0,0.0,1570.8,453.95,0,0.0,0
2012-08-16,2015-12-31,OPTIDX,NIFTY,7900.0,CE,0.0,0.0,0.0,1531.95,428.8,0,0.0,0
2012-08-16,2015-12-31,OPTIDX,NIFTY,8000.0,CE,0.0,0.0,0.0,1493.65,404.85,0,0.0,0
2012-08-16,2015-12-31,OPTIDX,NIFTY,8100.0,CE,0.0,0.0,0.0,1456.4,382.05,0,0.0,0
2012-08-16,2015-12-31,OPTIDX,NIFTY,8200.0,CE,0.0,0.0,0.0,1419.85,360.4,0,0.0,0
2012-08-16,2015-12-31,OPTIDX,NIFTY,8300.0,CE,0.0,0.0,0.0,1384.05,339.8,0,0.0,0
2012-08-16,2015-12-31,OPTIDX,NIFTY,8400.0,CE,0.0,0.0,0.0,1349.0,320.25,0,0.0,0
2012-08-16,2015-12-31,OPTIDX,NIFTY,8500.0,CE,0.0,0.0,0.0,1314.7,301.95,0,0.0,0
2012-08-16,2015-12-31,OPTIDX,NIFTY,8600.0,CE,0.0,0.0,0.0,1272.85,284.35,0,0.0,0
2012-08-16,2015-12-31,OPTIDX,NIFTY,2700.0,PE,0.0,0.0,0.0,37.5,0.1,0,0.0,0
2012-08-16,2015-12-31,OPTIDX,NIFTY,2800.0,PE,0.0,0.0,0.0,42.15,0.1,0,0.0,0
2012-08-16,2015-12-31,OPTIDX,NIFTY,2900.0,PE,0.0,0.0,0.0,24.7,0.2,0,0.0,0
2012-08-16,2015-12-31,OPTIDX,NIFTY,3000.0,PE,0.0,0.0,0.0,26.55,0.25,0,0.0,0
2012-08-16,2015-12-31,OPTIDX,NIFTY,3100.0,PE,0.0,0.0,0.0,22.5,0.4,0,0.0,0
2012-08-16,2015-12-31,OPTIDX,NIFTY,3200.0,PE,0.0,0.0,0.0,18.25,0.6,0,0.0,0
2012-08-16,2015-12-31,OPTIDX,NIFTY,3300.0,PE,0.0,0.0,0.0,22.3,0.85,0,0.0,0
2012-08-16,2015-12-31,OPTIDX,NIFTY,3400.0,PE,0.0,0.0,0.0,31.6,1.25,0,0.0,0
2012-08-16,2015-12-31,OPTIDX,NIFTY,3500.0,PE,0.0,0.0,0.0,38.95,1.7,0,0.0,0
2012-08-16,2015-12-31,OPTIDX,NIFTY,3600.0,PE,0.0,0.0,0.0,2.3,2.35,0,0.0,0
2012-08-16,2015-12-31,OPTIDX,NIFTY,3700.0,PE,0.0,0.0,0.0,5.55,3.2,0,0.0,0
2012-08-16,2015-12-31,OPTIDX,NIFTY,3800.0,PE,0.0,0.0,0.0,6.75,4.3,0,0.0,0
2012-08-16,2015-12-31,OPTIDX,NIFTY,3900.0,PE,0.0,0.0,0.0,8.2,5.65,0,0.0,0
2012-08-16,2015-12-31,OPTIDX,NIFTY,4000.0,PE,0.0,0.0,0.0,63.65,7.3,0,0.0,0
2012-08-16,2015-12-31,OPTIDX,NIFTY,4100.0,PE,0.0,0.0,0.0,11.8,9.4,0,0.0,0
2012-08-16,2015-12-31,OPTIDX,NIFTY,4200.0,PE,0.0,0.0,0.0,13.95,11.9,0,0.0,0
2012-08-16,2015-12-31,OPTIDX,NIFTY,4300.0,PE,0.0,0.0,0.0,16.45,14.9,0,0.0,0
2012-08-16,2015-12-31,OPTIDX,NIFTY,4400.0,PE,0.0,0.0,0.0,19.25,18.45,0,0.0,0
2012-08-16,2015-12-31,OPTIDX,NIFTY,4500.0,PE,0.0,0.0,0.0,22.4,22.65,0,0.0,0
2012-08-16,2015-12-31,OPTIDX,NIFTY,4600.0,PE,0.0,0.0,0.0,25.9,27.55,0,0.0,0
2012-08-16,2015-12-31,OPTIDX,NIFTY,4700.0,PE,0.0,0.0,0.0,29.85,33.2,0,0.0,0
2012-08-16,2015-12-31,OPTIDX,NIFTY,4800.0,PE,0.0,0.0,0.0,34.15,39.7,0,0.0,0
2012-08-16,2015-12-31,OPTIDX,NIFTY,4900.0,PE,0.0,0.0,0.0,38.9,47.15,0,0.0,0
2012-08-16,2015-12-31,OPTIDX,NIFTY,5000.0,PE,0.0,0.0,0.0,825.0,55.5,0,0.0,600
2012-08-16,2015-12-31,OPTIDX,NIFTY,5100.0,PE,0.0,0.0,0.0,49.85,64.9,0,0.0,0
2012-08-16,2015-12-31,OPTIDX,NIFTY,5200.0,PE,0.0,0.0,0.0,56.05,75.4,0,0.0,0
2012-08-16,2015-12-31,OPTIDX,NIFTY,5300.0,PE,0.0,0.0,0.0,62.8,87.1,0,0.0,0
2012-08-16,2015-12-31,OPTIDX,NIFTY,5400.0,PE,0.0,0.0,0.0,70.1,99.95,0,0.0,0
2012-08-16,2015-12-31,OPTIDX,NIFTY,5500.0,PE,0.0,0.0,0.0,77.95,114.1,0,0.0,0
2012-08-16,2015-12-31,OPTIDX,NIFTY,5600.0,PE,0.0,0.0,0.0,550.0,129.6,0,0.0,100
2012-08-16,2015-12-31,OPTIDX,NIFTY,5700.0,PE,0.0,0.0,0.0,95.45,146.4,0,0.0,0
2012-08-16,2015-12-31,OPTIDX,NIFTY,5800.0,PE,0.0,0.0,0.0,105.15,164.8,0,0.0,0
2012-08-16,2015-12-31,OPTIDX,NIFTY,5900.0,PE,0.0,0.0,0.0,115.45,184.4,0,0.0,0
2012-08-16,2015-12-31,OPTIDX,NIFTY,6000.0,PE,0.0,0.0,0.0,1100.0,205.5,0,0.0,1350
2012-08-16,2015-12-31,OPTIDX,NIFTY,6100.0,PE,0.0,0.0,0.0,138.05,228.1,0,0.0,0
2012-08-16,2015-12-31,OPTIDX,NIFTY,6200.0,PE,0.0,0.0,0.0,150.4,252.2,0,0.0,0
2012-08-16,2015-12-31,OPTIDX,NIFTY,6300.0,PE,0.0,0.0,0.0,163.4,277.6,0,0.0,0
2012-08-16,2015-12-31,OPTIDX,NIFTY,6400.0,PE,0.0,0.0,0.0,177.15,304.8,0,0.0,0
2012-08-16,2015-12-31,OPTIDX,NIFTY,6500.0,PE,0.0,0.0,0.0,191.6,333.55,0,0.0,0
2012-08-16,2015-12-31,OPTIDX,NIFTY,6600.0,PE,0.0,0.0,0.0,206.75,363.8,0,0.0,0
2012-08-16,2015-12-31,OPTIDX,NIFTY,6700.0,PE,0.0,0.0,0.0,222.85,395.65,0,0.0,0
2012-08-16,2015-12-31,OPTIDX,NIFTY,6800.0,PE,0.0,0.0,0.0,239.45,428.95,0,0.0,0
2012-08-16,2015-12-31,OPTIDX,NIFTY,6900.0,PE,0.0,0.0,0.0,256.85,463.8,0,0.0,0
2012-08-16,2015-12-31,OPTIDX,NIFTY,7000.0,PE,0.0,0.0,0.0,274.95,500.15,0,0.0,0
2012-08-16,2015-12-31,OPTIDX,NIFTY,7100.0,PE,0.0,0.0,0.0,293.85,537.95,0,0.0,0
2012-08-16,2015-12-31,OPTIDX,NIFTY,7200.0,PE,0.0,0.0,0.0,313.5,577.25,0,0.0,0
2012-08-16,2015-12-31,OPTIDX,NIFTY,7300.0,PE,0.0,0.0,0.0,333.9,617.95,0,0.0,0
2012-08-16,2015-12-31,OPTIDX,NIFTY,7400.0,PE,0.0,0.0,0.0,355.1,660.0,0,0.0,0
2012-08-16,2015-12-31,OPTIDX,NIFTY,7500.0,PE,0.0,0.0,0.0,377.05,703.5,0,0.0,0
2012-08-16,2015-12-31,OPTIDX,NIFTY,7600.0,PE,0.0,0.0,0.0,399.75,748.3,0,0.0,0
2012-08-16,2015-12-31,OPTIDX,NIFTY,7700.0,PE,0.0,0.0,0.0,423.2,794.4,0,0.0,0
2012-08-16,2015-12-31,OPTIDX,NIFTY,7800.0,PE,0.0,0.0,0.0,447.45,841.75,0,0.0,0
2012-08-16,2015-12-31,OPTIDX,NIFTY,7900.0,PE,0.0,0.0,0.0,472.45,890.35,0,0.0,0
2012-08-16,2015-12-31,OPTIDX,NIFTY,8000.0,PE,0.0,0.0,0.0,498.0,940.1,0,0.0,0
2012-08-16,2015-12-31,OPTIDX,NIFTY,8100.0,PE,0.0,0.0,0.0,524.55,991.05,0,0.0,0
2012-08-16,2015-12-31,OPTIDX,NIFTY,8200.0,PE,0.0,0.0,0.0,551.85,1043.1,0,0.0,0
2012-08-16,2015-12-31,OPTIDX,NIFTY,8300.0,PE,0.0,0.0,0.0,579.85,1096.25,0,0.0,0
2012-08-16,2015-12-31,OPTIDX,NIFTY,8400.0,PE,0.0,0.0,0.0,608.65,1150.4,0,0.0,0
2012-08-16,2015-12-31,OPTIDX,NIFTY,8500.0,PE,0.0,0.0,0.0,638.15,1205.85,0,0.0,0
2012-08-16,2015-12-31,OPTIDX,NIFTY,8600.0,PE,0.0,0.0,0.0,612.5,1262.0,0,0.0,0
2012-08-16,2016-06-30,OPTIDX,NIFTY,2700.0,CE,0.0,0.0,0.0,2848.85,3460.05,0,0.0,0
2012-08-16,2016-06-30,OPTIDX,NIFTY,2800.0,CE,0.0,0.0,0.0,2856.2,3389.6,0,0.0,0
2012-08-16,2016-06-30,OPTIDX,NIFTY,2900.0,CE,0.0,0.0,0.0,2941.35,3319.2,0,0.0,0
2012-08-16,2016-06-30,OPTIDX,NIFTY,3000.0,CE,0.0,0.0,0.0,2974.9,3248.85,0,0.0,0
2012-08-16,2016-06-30,OPTIDX,NIFTY,3100.0,CE,0.0,0.0,0.0,3007.3,3178.55,0,0.0,0
2012-08-16,2016-06-30,OPTIDX,NIFTY,3200.0,CE,0.0,0.0,0.0,3033.3,3108.25,0,0.0,0
2012-08-16,2016-06-30,OPTIDX,NIFTY,3300.0,CE,0.0,0.0,0.0,3066.25,3038.1,0,0.0,0
2012-08-16,2016-06-30,OPTIDX,NIFTY,3400.0,CE,0.0,0.0,0.0,3095.35,2968.0,0,0.0,0
2012-08-16,2016-06-30,OPTIDX,NIFTY,3500.0,CE,0.0,0.0,0.0,3152.25,2898.05,0,0.0,0
2012-08-16,2016-06-30,OPTIDX,NIFTY,3600.0,CE,0.0,0.0,0.0,3156.3,2828.25,0,0.0,0
2012-08-16,2016-06-30,OPTIDX,NIFTY,3700.0,CE,0.0,0.0,0.0,3212.75,2758.6,0,0.0,0
2012-08-16,2016-06-30,OPTIDX,NIFTY,3800.0,CE,0.0,0.0,0.0,3294.6,2689.2,0,0.0,0
2012-08-16,2016-06-30,OPTIDX,NIFTY,3900.0,CE,0.0,0.0,0.0,3235.25,2620.05,0,0.0,0
2012-08-16,2016-06-30,OPTIDX,NIFTY,4000.0,CE,0.0,0.0,0.0,3176.3,2551.2,0,0.0,0
2012-08-16,2016-06-30,OPTIDX,NIFTY,4100.0,CE,0.0,0.0,0.0,3117.75,2482.65,0,0.0,0
2012-08-16,2016-06-30,OPTIDX,NIFTY,4200.0,CE,0.0,0.0,0.0,3059.6,2414.55,0,0.0,0
2012-08-16,2016-06-30,OPTIDX,NIFTY,4300.0,CE,0.0,0.0,0.0,3001.95,2346.85,0,0.0,0
2012-08-16,2016-06-30,OPTIDX,NIFTY,4400.0,CE,0.0,0.0,0.0,2944.7,2279.7,0,0.0,0
2012-08-16,2016-06-30,OPTIDX,NIFTY,4500.0,CE,0.0,0.0,0.0,2888.0,2213.05,0,0.0,0
2012-08-16,2016-06-30,OPTIDX,NIFTY,4600.0,CE,0.0,0.0,0.0,2831.75,2147.0,0,0.0,0
2012-08-16,2016-06-30,OPTIDX,NIFTY,4700.0,CE,0.0,0.0,0.0,2776.1,2081.6,0,0.0,0
2012-08-16,2016-06-30,OPTIDX,NIFTY,4800.0,CE,0.0,0.0,0.0,2720.95,2016.9,0,0.0,0
2012-08-16,2016-06-30,OPTIDX,NIFTY,4900.0,CE,0.0,0.0,0.0,2666.4,1953.0,0,0.0,0
2012-08-16,2016-06-30,OPTIDX,NIFTY,5000.0,CE,0.0,0.0,0.0,2612.45,1889.9,0,0.0,0
2012-08-16,2016-06-30,OPTIDX,NIFTY,5100.0,CE,0.0,0.0,0.0,2559.1,1827.65,0,0.0,0
2012-08-16,2016-06-30,OPTIDX,NIFTY,5200.0,CE,0.0,0.0,0.0,2506.4,1766.35,0,0.0,0
2012-08-16,2016-06-30,OPTIDX,NIFTY,5300.0,CE,0.0,0.0,0.0,2454.3,1706.05,0,0.0,0
2012-08-16,2016-06-30,OPTIDX,NIFTY,5400.0,CE,0.0,0.0,0.0,2402.9,1646.7,0,0.0,0
2012-08-16,2016-06-30,OPTIDX,NIFTY,5500.0,CE,0.0,0.0,0.0,1411.0,1588.45,0,0.0,350
2012-08-16,2016-06-30,OPTIDX,NIFTY,5600.0,CE,0.0,0.0,0.0,2302.05,1531.3,0,0.0,0
2012-08-16,2016-06-30,OPTIDX,NIFTY,5700.0,CE,0.0,0.0,0.0,2252.7,1475.3,0,0.0,0
2012-08-16,2016-06-30,OPTIDX,NIFTY,5800.0,CE,0.0,0.0,0.0,2204.0,1420.45,0,0.0,0
2012-08-16,2016-06-30,OPTIDX,NIFTY,5900.0,CE,0.0,0.0,0.0,2156.0,1366.8,0,0.0,0
2012-08-16,2016-06-30,OPTIDX,NIFTY,6000.0,CE,0.0,0.0,0.0,2108.75,1314.6,0,0.0,0
2012-08-16,2016-06-30,OPTIDX,NIFTY,6100.0,CE,0.0,0.0,0.0,2062.35,1263.4,0,0.0,0
2012-08-16,2016-06-30,OPTIDX,NIFTY,6200.0,CE,0.0,0.0,0.0,2016.55,1213.5,0,0.0,0
2012-08-16,2016-06-30,OPTIDX,NIFTY,6300.0,CE,0.0,0.0,0.0,1971.45,1164.95,0,0.0,0
2012-08-16,2016-06-30,OPTIDX,NIFTY,6400.0,CE,0.0,0.0,0.0,1927.1,1117.65,0,0.0,0
2012-08-16,2016-06-30,OPTIDX,NIFTY,6500.0,CE,0.0,0.0,0.0,1883.5,1071.7,0,0.0,0
2012-08-16,2016-06-30,OPTIDX,NIFTY,6600.0,CE,0.0,0.0,0.0,1840.6,1026.9,0,0.0,0
2012-08-16,2016-06-30,OPTIDX,NIFTY,6700.0,CE,0.0,0.0,0.0,1798.5,983.65,0,0.0,0
2012-08-16,2016-06-30,OPTIDX,NIFTY,6800.0,CE,0.0,0.0,0.0,1757.1,941.7,0,0.0,0
2012-08-16,2016-06-30,OPTIDX,NIFTY,6900.0,CE,0.0,0.0,0.0,1716.45,901.1,0,0.0,0
2012-08-16,2016-06-30,OPTIDX,NIFTY,7000.0,CE,0.0,0.0,0.0,1676.55,861.8,0,0.0,0
2012-08-16,2016-06-30,OPTIDX,NIFTY,7100.0,CE,0.0,0.0,0.0,1637.4,823.85,0,0.0,0
2012-08-16,2016-06-30,OPTIDX,NIFTY,7200.0,CE,0.0,0.0,0.0,1598.95,787.15,0,0.0,0
2012-08-16,2016-06-30,OPTIDX,NIFTY,7300.0,CE,0.0,0.0,0.0,1561.3,751.7,0,0.0,0
2012-08-16,2016-06-30,OPTIDX,NIFTY,7400.0,CE,0.0,0.0,0.0,1524.3,717.6,0,0.0,0
2012-08-16,2016-06-30,OPTIDX,NIFTY,7500.0,CE,0.0,0.0,0.0,1436.7,684.65,0,0.0,0
2012-08-16,2016-06-30,OPTIDX,NIFTY,2700.0,PE,0.0,0.0,0.0,39.6,0.1,0,0.0,0
2012-08-16,2016-06-30,OPTIDX,NIFTY,2800.0,PE,0.0,0.0,0.0,44.3,0.15,0,0.0,0
2012-08-16,2016-06-30,OPTIDX,NIFTY,2900.0,PE,0.0,0.0,0.0,25.75,0.25,0,0.0,0
2012-08-16,2016-06-30,OPTIDX,NIFTY,3000.0,PE,0.0,0.0,0.0,27.65,0.35,0,0.0,0
2012-08-16,2016-06-30,OPTIDX,NIFTY,3100.0,PE,0.0,0.0,0.0,23.3,0.5,0,0.0,0
2012-08-16,2016-06-30,OPTIDX,NIFTY,3200.0,PE,0.0,0.0,0.0,18.85,0.7,0,0.0,0
2012-08-16,2016-06-30,OPTIDX,NIFTY,3300.0,PE,0.0,0.0,0.0,22.9,1.0,0,0.0,0
2012-08-16,2016-06-30,OPTIDX,NIFTY,3400.0,PE,0.0,0.0,0.0,19.45,1.4,0,0.0,0
2012-08-16,2016-06-30,OPTIDX,NIFTY,3500.0,PE,0.0,0.0,0.0,10.45,1.95,0,0.0,0
2012-08-16,2016-06-30,OPTIDX,NIFTY,3600.0,PE,0.0,0.0,0.0,10.1,2.6,0,0.0,0
2012-08-16,2016-06-30,OPTIDX,NIFTY,3700.0,PE,0.0,0.0,0.0,17.75,3.45,0,0.0,0
2012-08-16,2016-06-30,OPTIDX,NIFTY,3800.0,PE,0.0,0.0,0.0,17.4,4.55,0,0.0,0
2012-08-16,2016-06-30,OPTIDX,NIFTY,3900.0,PE,0.0,0.0,0.0,20.45,5.85,0,0.0,0
2012-08-16,2016-06-30,OPTIDX,NIFTY,4000.0,PE,0.0,0.0,0.0,550.0,7.5,0,0.0,450
2012-08-16,2016-06-30,OPTIDX,NIFTY,4100.0,PE,0.0,0.0,0.0,27.7,9.45,0,0.0,0
2012-08-16,2016-06-30,OPTIDX,NIFTY,4200.0,PE,0.0,0.0,0.0,31.95,11.85,0,0.0,0
2012-08-16,2016-06-30,OPTIDX,NIFTY,4300.0,PE,0.0,0.0,0.0,36.6,14.6,0,0.0,0
2012-08-16,2016-06-30,OPTIDX,NIFTY,4400.0,PE,0.0,0.0,0.0,41.8,17.9,0,0.0,0
2012-08-16,2016-06-30,OPTIDX,NIFTY,4500.0,PE,0.0,0.0,0.0,47.4,21.75,0,0.0,0
2012-08-16,2016-06-30,OPTIDX,NIFTY,4600.0,PE,0.0,0.0,0.0,53.6,26.2,0,0.0,0
2012-08-16,2016-06-30,OPTIDX,NIFTY,4700.0,PE,0.0,0.0,0.0,60.3,31.3,0,0.0,0
2012-08-16,2016-06-30,OPTIDX,NIFTY,4800.0,PE,0.0,0.0,0.0,67.55,37.1,0,0.0,0
2012-08-16,2016-06-30,OPTIDX,NIFTY,4900.0,PE,0.0,0.0,0.0,75.35,43.65,0,0.0,0
2012-08-16,2016-06-30,OPTIDX,NIFTY,5000.0,PE,0.0,0.0,0.0,500.0,51.0,0,0.0,450
2012-08-16,2016-06-30,OPTIDX,NIFTY,5100.0,PE,0.0,0.0,0.0,92.8,59.3,0,0.0,0
2012-08-16,2016-06-30,OPTIDX,NIFTY,5200.0,PE,0.0,0.0,0.0,102.45,68.45,0,0.0,0
2012-08-16,2016-06-30,OPTIDX,NIFTY,5300.0,PE,0.0,0.0,0.0,445.0,78.6,0,0.0,50
2012-08-16,2016-06-30,OPTIDX,NIFTY,5400.0,PE,0.0,0.0,0.0,123.7,89.75,0,0.0,0
2012-08-16,2016-06-30,OPTIDX,NIFTY,5500.0,PE,0.0,0.0,0.0,610.0,102.0,0,0.0,550
2012-08-16,2016-06-30,OPTIDX,NIFTY,5600.0,PE,0.0,0.0,0.0,147.6,115.3,0,0.0,0
2012-08-16,2016-06-30,OPTIDX,NIFTY,5700.0,PE,0.0,0.0,0.0,160.6,129.8,0,0.0,0
2012-08-16,2016-06-30,OPTIDX,NIFTY,5800.0,PE,0.0,0.0,0.0,174.3,145.45,0,0.0,0
2012-08-16,2016-06-30,OPTIDX,NIFTY,5900.0,PE,0.0,0.0,0.0,188.7,162.3,0,0.0,0
2012-08-16,2016-06-30,OPTIDX,NIFTY,6000.0,PE,0.0,0.0,0.0,900.0,180.5,0,0.0,900
2012-08-16,2016-06-30,OPTIDX,NIFTY,6100.0,PE,0.0,0.0,0.0,219.8,199.85,0,0.0,0
2012-08-16,2016-06-30,OPTIDX,NIFTY,6200.0,PE,0.0,0.0,0.0,236.35,220.45,0,0.0,0
2012-08-16,2016-06-30,OPTIDX,NIFTY,6300.0,PE,0.0,0.0,0.0,253.65,242.3,0,0.0,0
2012-08-16,2016-06-30,OPTIDX,NIFTY,6400.0,PE,0.0,0.0,0.0,271.65,265.5,0,0.0,0
2012-08-16,2016-06-30,OPTIDX,NIFTY,6500.0,PE,0.0,0.0,0.0,290.4,290.05,0,0.0,0
2012-08-16,2016-06-30,OPTIDX,NIFTY,6600.0,PE,0.0,0.0,0.0,309.9,315.7,0,0.0,0
2012-08-16,2016-06-30,OPTIDX,NIFTY,6700.0,PE,0.0,0.0,0.0,330.15,342.95,0,0.0,0
2012-08-16,2016-06-30,OPTIDX,NIFTY,6800.0,PE,0.0,0.0,0.0,351.15,371.5,0,0.0,0
2012-08-16,2016-06-30,OPTIDX,NIFTY,6900.0,PE,0.0,0.0,0.0,372.9,401.4,0,0.0,0
2012-08-16,2016-06-30,OPTIDX,NIFTY,7000.0,PE,0.0,0.0,0.0,395.35,432.55,0,0.0,0
2012-08-16,2016-06-30,OPTIDX,NIFTY,7100.0,PE,0.0,0.0,0.0,418.55,465.05,0,0.0,0
2012-08-16,2016-06-30,OPTIDX,NIFTY,7200.0,PE,0.0,0.0,0.0,442.5,498.85,0,0.0,0
2012-08-16,2016-06-30,OPTIDX,NIFTY,7300.0,PE,0.0,0.0,0.0,467.2,533.9,0,0.0,0
2012-08-16,2016-06-30,OPTIDX,NIFTY,7400.0,PE,0.0,0.0,0.0,492.6,570.25,0,0.0,0
2012-08-16,2016-06-30,OPTIDX,NIFTY,7500.0,PE,0.0,0.0,0.0,480.8,607.85,0,0.0,0
2012-08-16,2016-12-29,OPTIDX,NIFTY,2800.0,CE,0.0,0.0,0.0,2978.25,3476.55,0,0.0,0
2012-08-16,2016-12-29,OPTIDX,NIFTY,2900.0,CE,0.0,0.0,0.0,2923.75,3409.25,0,0.0,0
2012-08-16,2016-12-29,OPTIDX,NIFTY,3000.0,CE,0.0,0.0,0.0,2869.85,3342.0,0,0.0,0
2012-08-16,2016-12-29,OPTIDX,NIFTY,3100.0,CE,0.0,0.0,0.0,2816.65,3274.8,0,0.0,0
2012-08-16,2016-12-29,OPTIDX,NIFTY,3200.0,CE,0.0,0.0,0.0,2764.1,3207.65,0,0.0,0
2012-08-16,2016-12-29,OPTIDX,NIFTY,3300.0,CE,0.0,0.0,0.0,2712.3,3140.6,0,0.0,0
2012-08-16,2016-12-29,OPTIDX,NIFTY,3400.0,CE,0.0,0.0,0.0,2661.15,3073.65,0,0.0,0
2012-08-16,2016-12-29,OPTIDX,NIFTY,3500.0,CE,0.0,0.0,0.0,2610.7,3006.8,0,0.0,0
2012-08-16,2016-12-29,OPTIDX,NIFTY,3600.0,CE,0.0,0.0,0.0,2561.0,2940.1,0,0.0,0
2012-08-16,2016-12-29,OPTIDX,NIFTY,3700.0,CE,0.0,0.0,0.0,2512.0,2873.55,0,0.0,0
2012-08-16,2016-12-29,OPTIDX,NIFTY,3800.0,CE,0.0,0.0,0.0,2463.8,2807.2,0,0.0,0
2012-08-16,2016-12-29,OPTIDX,NIFTY,3900.0,CE,0.0,0.0,0.0,2416.3,2741.1,0,0.0,0
2012-08-16,2016-12-29,OPTIDX,NIFTY,4000.0,CE,0.0,0.0,0.0,2369.55,2675.25,0,0.0,0
2012-08-16,2016-12-29,OPTIDX,NIFTY,4100.0,CE,0.0,0.0,0.0,2323.55,2609.75,0,0.0,0
2012-08-16,2016-12-29,OPTIDX,NIFTY,4200.0,CE,0.0,0.0,0.0,2278.4,2544.55,0,0.0,0
2012-08-16,2016-12-29,OPTIDX,NIFTY,4300.0,CE,0.0,0.0,0.0,2233.9,2479.75,0,0.0,0
2012-08-16,2016-12-29,OPTIDX,NIFTY,4400.0,CE,0.0,0.0,0.0,2190.15,2415.4,0,0.0,0
2012-08-16,2016-12-29,OPTIDX,NIFTY,4500.0,CE,0.0,0.0,0.0,2147.15,2351.5,0,0.0,0
2012-08-16,2016-12-29,OPTIDX,NIFTY,4600.0,CE,0.0,0.0,0.0,2104.9,2288.1,0,0.0,0
2012-08-16,2016-12-29,OPTIDX,NIFTY,4700.0,CE,0.0,0.0,0.0,2063.4,2225.25,0,0.0,0
2012-08-16,2016-12-29,OPTIDX,NIFTY,4800.0,CE,0.0,0.0,0.0,2022.6,2163.05,0,0.0,0
2012-08-16,2016-12-29,OPTIDX,NIFTY,4900.0,CE,0.0,0.0,0.0,1982.6,2101.5,0,0.0,0
2012-08-16,2016-12-29,OPTIDX,NIFTY,5000.0,CE,0.0,0.0,0.0,1943.3,2040.6,0,0.0,0
2012-08-16,2016-12-29,OPTIDX,NIFTY,5100.0,CE,0.0,0.0,0.0,1904.75,1980.5,0,0.0,0
2012-08-16,2016-12-29,OPTIDX,NIFTY,5200.0,CE,0.0,0.0,0.0,1866.9,1921.1,0,0.0,0
2012-08-16,2016-12-29,OPTIDX,NIFTY,5300.0,CE,0.0,0.0,0.0,1829.75,1862.6,0,0.0,0
2012-08-16,2016-12-29,OPTIDX,NIFTY,5400.0,CE,0.0,0.0,0.0,1793.3,1804.9,0,0.0,0
2012-08-16,2016-12-29,OPTIDX,NIFTY,5500.0,CE,0.0,0.0,0.0,1757.6,1748.15,0,0.0,0
2012-08-16,2016-12-29,OPTIDX,NIFTY,5600.0,CE,0.0,0.0,0.0,1722.55,1692.3,0,0.0,0
2012-08-16,2016-12-29,OPTIDX,NIFTY,5700.0,CE,0.0,0.0,0.0,1688.15,1637.4,0,0.0,0
2012-08-16,2016-12-29,OPTIDX,NIFTY,5800.0,CE,0.0,0.0,0.0,1654.5,1583.55,0,0.0,0
2012-08-16,2016-12-29,OPTIDX,NIFTY,5900.0,CE,0.0,0.0,0.0,1621.45,1530.65,0,0.0,0
2012-08-16,2016-12-29,OPTIDX,NIFTY,6000.0,CE,0.0,0.0,0.0,1589.05,1478.85,0,0.0,0
2012-08-16,2016-12-29,OPTIDX,NIFTY,6100.0,CE,0.0,0.0,0.0,1557.35,1428.25,0,0.0,0
2012-08-16,2016-12-29,OPTIDX,NIFTY,6200.0,CE,0.0,0.0,0.0,1526.05,1378.6,0,0.0,0
2012-08-16,2016-12-29,OPTIDX,NIFTY,6300.0,CE,0.0,0.0,0.0,1495.55,1330.0,0,0.0,0
2012-08-16,2016-12-29,OPTIDX,NIFTY,6400.0,CE,0.0,0.0,0.0,1465.7,1282.55,0,0.0,0
2012-08-16,2016-12-29,OPTIDX,NIFTY,6500.0,CE,0.0,0.0,0.0,1528.75,1236.25,0,0.0,0
2012-08-16,2016-12-29,OPTIDX,NIFTY,6600.0,CE,0.0,0.0,0.0,1499.45,1191.1,0,0.0,0
2012-08-16,2016-12-29,OPTIDX,NIFTY,6700.0,CE,0.0,0.0,0.0,1405.6,1147.05,0,0.0,0
2012-08-16,2016-12-29,OPTIDX,NIFTY,6800.0,CE,0.0,0.0,0.0,1427.35,1104.0,0,0.0,0
2012-08-16,2016-12-29,OPTIDX,NIFTY,6900.0,CE,0.0,0.0,0.0,1443.85,1062.35,0,0.0,0
2012-08-16,2016-12-29,OPTIDX,NIFTY,7000.0,CE,0.0,0.0,0.0,1417.0,1021.85,0,0.0,0
2012-08-16,2016-12-29,OPTIDX,NIFTY,7100.0,CE,0.0,0.0,0.0,1543.3,982.5,0,0.0,0
2012-08-16,2016-12-29,OPTIDX,NIFTY,7200.0,CE,0.0,0.0,0.0,1537.75,944.3,0,0.0,0
2012-08-16,2016-12-29,OPTIDX,NIFTY,7300.0,CE,0.0,0.0,0.0,1580.3,907.2,0,0.0,0
2012-08-16,2016-12-29,OPTIDX,NIFTY,7400.0,CE,0.0,0.0,0.0,1532.7,871.3,0,0.0,0
2012-08-16,2016-12-29,OPTIDX,NIFTY,2800.0,PE,0.0,0.0,0.0,41.25,0.2,0,0.0,0
2012-08-16,2016-12-29,OPTIDX,NIFTY,2900.0,PE,0.0,0.0,0.0,47.8,0.3,0,0.0,0
2012-08-16,2016-12-29,OPTIDX,NIFTY,3000.0,PE,0.0,0.0,0.0,55.0,0.4,0,0.0,0
2012-08-16,2016-12-29,OPTIDX,NIFTY,3100.0,PE,0.0,0.0,0.0,62.85,0.6,0,0.0,0
2012-08-16,2016-12-29,OPTIDX,NIFTY,3200.0,PE,0.0,0.0,0.0,71.35,0.8,0,0.0,0
2012-08-16,2016-12-29,OPTIDX,NIFTY,3300.0,PE,0.0,0.0,0.0,80.55,1.15,0,0.0,0
2012-08-16,2016-12-29,OPTIDX,NIFTY,3400.0,PE,0.0,0.0,0.0,90.45,1.55,0,0.0,0
2012-08-16,2016-12-29,OPTIDX,NIFTY,3500.0,PE,0.0,0.0,0.0,101.05,2.1,0,0.0,0
2012-08-16,2016-12-29,OPTIDX,NIFTY,3600.0,PE,0.0,0.0,0.0,112.4,2.75,0,0.0,0
2012-08-16,2016-12-29,OPTIDX,NIFTY,3700.0,PE,0.0,0.0,0.0,124.45,3.6,0,0.0,0
2012-08-16,2016-12-29,OPTIDX,NIFTY,3800.0,PE,0.0,0.0,0.0,137.3,4.65,0,0.0,0
2012-08-16,2016-12-29,OPTIDX,NIFTY,3900.0,PE,0.0,0.0,0.0,150.85,5.9,0,0.0,0
2012-08-16,2016-12-29,OPTIDX,NIFTY,4000.0,PE,0.0,0.0,0.0,165.15,7.45,0,0.0,0
2012-08-16,2016-12-29,OPTIDX,NIFTY,4100.0,PE,0.0,0.0,0.0,180.2,9.3,0,0.0,0
2012-08-16,2016-12-29,OPTIDX,NIFTY,4200.0,PE,0.0,0.0,0.0,196.1,11.5,0,0.0,0
2012-08-16,2016-12-29,OPTIDX,NIFTY,4300.0,PE,0.0,0.0,0.0,212.6,14.1,0,0.0,0
2012-08-16,2016-12-29,OPTIDX,NIFTY,4400.0,PE,0.0,0.0,0.0,229.9,17.1,0,0.0,0
2012-08-16,2016-12-29,OPTIDX,NIFTY,4500.0,PE,0.0,0.0,0.0,247.95,20.55,0,0.0,0
2012-08-16,2016-12-29,OPTIDX,NIFTY,4600.0,PE,0.0,0.0,0.0,266.75,24.55,0,0.0,0
2012-08-16,2016-12-29,OPTIDX,NIFTY,4700.0,PE,0.0,0.0,0.0,286.3,29.1,0,0.0,0
2012-08-16,2016-12-29,OPTIDX,NIFTY,4800.0,PE,0.0,0.0,0.0,306.6,34.25,0,0.0,0
2012-08-16,2016-12-29,OPTIDX,NIFTY,4900.0,PE,0.0,0.0,0.0,327.6,40.1,0,0.0,0
2012-08-16,2016-12-29,OPTIDX,NIFTY,5000.0,PE,0.0,0.0,0.0,349.35,46.6,0,0.0,0
2012-08-16,2016-12-29,OPTIDX,NIFTY,5100.0,PE,0.0,0.0,0.0,371.85,53.85,0,0.0,0
2012-08-16,2016-12-29,OPTIDX,NIFTY,5200.0,PE,0.0,0.0,0.0,395.05,61.85,0,0.0,0
2012-08-16,2016-12-29,OPTIDX,NIFTY,5300.0,PE,0.0,0.0,0.0,418.95,70.7,0,0.0,0
2012-08-16,2016-12-29,OPTIDX,NIFTY,5400.0,PE,0.0,0.0,0.0,443.55,80.4,0,0.0,0
2012-08-16,2016-12-29,OPTIDX,NIFTY,5500.0,PE,0.0,0.0,0.0,468.85,91.0,0,0.0,0
2012-08-16,2016-12-29,OPTIDX,NIFTY,5600.0,PE,0.0,0.0,0.0,494.85,102.55,0,0.0,0
2012-08-16,2016-12-29,OPTIDX,NIFTY,5700.0,PE,0.0,0.0,0.0,521.55,115.05,0,0.0,0
2012-08-16,2016-12-29,OPTIDX,NIFTY,5800.0,PE,0.0,0.0,0.0,548.9,128.5,0,0.0,0
2012-08-16,2016-12-29,OPTIDX,NIFTY,5900.0,PE,0.0,0.0,0.0,576.9,143.05,0,0.0,0
2012-08-16,2016-12-29,OPTIDX,NIFTY,6000.0,PE,0.0,0.0,0.0,605.6,158.6,0,0.0,0
2012-08-16,2016-12-29,OPTIDX,NIFTY,6100.0,PE,0.0,0.0,0.0,634.9,175.4,0,0.0,0
2012-08-16,2016-12-29,OPTIDX,NIFTY,6200.0,PE,0.0,0.0,0.0,664.65,193.1,0,0.0,0
2012-08-16,2016-12-29,OPTIDX,NIFTY,6300.0,PE,0.0,0.0,0.0,695.25,211.9,0,0.0,0
2012-08-16,2016-12-29,OPTIDX,NIFTY,6400.0,PE,0.0,0.0,0.0,726.4,231.85,0,0.0,0
2012-08-16,2016-12-29,OPTIDX,NIFTY,6500.0,PE,0.0,0.0,0.0,760.65,252.9,0,0.0,0
2012-08-16,2016-12-29,OPTIDX,NIFTY,6600.0,PE,0.0,0.0,0.0,792.9,275.1,0,0.0,0
2012-08-16,2016-12-29,OPTIDX,NIFTY,6700.0,PE,0.0,0.0,0.0,675.75,298.5,0,0.0,0
2012-08-16,2016-12-29,OPTIDX,NIFTY,6800.0,PE,0.0,0.0,0.0,630.5,322.8,0,0.0,0
2012-08-16,2016-12-29,OPTIDX,NIFTY,6900.0,PE,0.0,0.0,0.0,573.05,348.5,0,0.0,0
2012-08-16,2016-12-29,OPTIDX,NIFTY,7000.0,PE,0.0,0.0,0.0,568.65,375.4,0,0.0,0
2012-08-16,2016-12-29,OPTIDX,NIFTY,7100.0,PE,0.0,0.0,0.0,625.3,403.4,0,0.0,0
2012-08-16,2016-12-29,OPTIDX,NIFTY,7200.0,PE,0.0,0.0,0.0,607.1,432.6,0,0.0,0
2012-08-16,2016-12-29,OPTIDX,NIFTY,7300.0,PE,0.0,0.0,0.0,527.8,462.9,0,0.0,0
2012-08-16,2016-12-29,OPTIDX,NIFTY,7400.0,PE,0.0,0.0,0.0,502.2,494.35,0,0.0,0
2012-08-16,2017-06-29,OPTIDX,NIFTY,3200.0,CE,0.0,0.0,0.0,3014.55,3302.65,0,0.0,0
2012-08-16,2017-06-29,OPTIDX,NIFTY,3300.0,CE,0.0,0.0,0.0,3096.8,3238.55,0,0.0,0
2012-08-16,2017-06-29,OPTIDX,NIFTY,3400.0,CE,0.0,0.0,0.0,3035.75,3174.55,0,0.0,0
2012-08-16,2017-06-29,OPTIDX,NIFTY,3500.0,CE,0.0,0.0,0.0,2974.95,3110.7,0,0.0,0
2012-08-16,2017-06-29,OPTIDX,NIFTY,3600.0,CE,0.0,0.0,0.0,2914.4,3046.95,0,0.0,0
2012-08-16,2017-06-29,OPTIDX,NIFTY,3700.0,CE,0.0,0.0,0.0,2854.15,2983.35,0,0.0,0
2012-08-16,2017-06-29,OPTIDX,NIFTY,3800.0,CE,0.0,0.0,0.0,2794.25,2919.9,0,0.0,0
2012-08-16,2017-06-29,OPTIDX,NIFTY,3900.0,CE,0.0,0.0,0.0,2734.7,2856.7,0,0.0,0
2012-08-16,2017-06-29,OPTIDX,NIFTY,4000.0,CE,0.0,0.0,0.0,2675.55,2793.75,0,0.0,0
2012-08-16,2017-06-29,OPTIDX,NIFTY,4100.0,CE,0.0,0.0,0.0,2616.85,2731.05,0,0.0,0
2012-08-16,2017-06-29,OPTIDX,NIFTY,4200.0,CE,0.0,0.0,0.0,2558.6,2668.65,0,0.0,0
2012-08-16,2017-06-29,OPTIDX,NIFTY,4300.0,CE,0.0,0.0,0.0,2500.8,2606.6,0,0.0,0
2012-08-16,2017-06-29,OPTIDX,NIFTY,4400.0,CE,0.0,0.0,0.0,2443.6,2544.9,0,0.0,0
2012-08-16,2017-06-29,OPTIDX,NIFTY,4500.0,CE,0.0,0.0,0.0,2386.9,2483.65,0,0.0,0
2012-08-16,2017-06-29,OPTIDX,NIFTY,4600.0,CE,0.0,0.0,0.0,2330.8,2422.8,0,0.0,0
2012-08-16,2017-06-29,OPTIDX,NIFTY,4700.0,CE,0.0,0.0,0.0,2275.3,2362.45,0,0.0,0
2012-08-16,2017-06-29,OPTIDX,NIFTY,4800.0,CE,0.0,0.0,0.0,2220.45,2302.6,0,0.0,0
2012-08-16,2017-06-29,OPTIDX,NIFTY,4900.0,CE,0.0,0.0,0.0,2166.25,2243.35,0,0.0,0
2012-08-16,2017-06-29,OPTIDX,NIFTY,5000.0,CE,0.0,0.0,0.0,2112.75,2184.65,0,0.0,0
2012-08-16,2017-06-29,OPTIDX,NIFTY,5100.0,CE,0.0,0.0,0.0,2060.0,2126.6,0,0.0,0
2012-08-16,2017-06-29,OPTIDX,NIFTY,5200.0,CE,0.0,0.0,0.0,2007.95,2069.25,0,0.0,0
2012-08-16,2017-06-29,OPTIDX,NIFTY,5300.0,CE,0.0,0.0,0.0,1956.65,2012.55,0,0.0,0
2012-08-16,2017-06-29,OPTIDX,NIFTY,5400.0,CE,0.0,0.0,0.0,1906.15,1956.6,0,0.0,0
2012-08-16,2017-06-29,OPTIDX,NIFTY,5500.0,CE,0.0,0.0,0.0,1856.4,1901.4,0,0.0,0
2012-08-16,2017-06-29,OPTIDX,NIFTY,5600.0,CE,0.0,0.0,0.0,1807.5,1847.0,0,0.0,0
2012-08-16,2017-06-29,OPTIDX,NIFTY,5700.0,CE,0.0,0.0,0.0,1759.4,1793.4,0,0.0,0
2012-08-16,2017-06-29,OPTIDX,NIFTY,5800.0,CE,0.0,0.0,0.0,1712.1,1740.7,0,0.0,0
2012-08-16,2017-06-29,OPTIDX,NIFTY,5900.0,CE,0.0,0.0,0.0,1665.85,1688.8,0,0.0,0
2012-08-16,2017-06-29,OPTIDX,NIFTY,6000.0,CE,0.0,0.0,0.0,1620.25,1637.85,0,0.0,0
2012-08-16,2017-06-29,OPTIDX,NIFTY,6100.0,CE,0.0,0.0,0.0,1575.55,1587.8,0,0.0,0
2012-08-16,2017-06-29,OPTIDX,NIFTY,6200.0,CE,0.0,0.0,0.0,1531.65,1538.7,0,0.0,0
2012-08-16,2017-06-29,OPTIDX,NIFTY,6300.0,CE,0.0,0.0,0.0,1488.7,1490.7,0,0.0,0
2012-08-16,2017-06-29,OPTIDX,NIFTY,6400.0,CE,0.0,0.0,0.0,1446.6,1443.45,0,0.0,0
2012-08-16,2017-06-29,OPTIDX,NIFTY,6500.0,CE,0.0,0.0,0.0,1405.35,1397.2,0,0.0,0
2012-08-16,2017-06-29,OPTIDX,NIFTY,6600.0,CE,0.0,0.0,0.0,1365.0,1351.95,0,0.0,0
2012-08-16,2017-06-29,OPTIDX,NIFTY,6700.0,CE,0.0,0.0,0.0,1325.55,1307.7,0,0.0,0
2012-08-16,2017-06-29,OPTIDX,NIFTY,6800.0,CE,0.0,0.0,0.0,1287.0,1264.45,0,0.0,0
2012-08-16,2017-06-29,OPTIDX,NIFTY,6900.0,CE,0.0,0.0,0.0,1249.05,1222.2,0,0.0,0
2012-08-16,2017-06-29,OPTIDX,NIFTY,7000.0,CE,0.0,0.0,0.0,1415.6,1181.0,0,0.0,0
2012-08-16,2017-06-29,OPTIDX,NIFTY,7100.0,CE,0.0,0.0,0.0,1380.6,1140.6,0,0.0,0
2012-08-16,2017-06-29,OPTIDX,NIFTY,7200.0,CE,0.0,0.0,0.0,1133.85,1101.4,0,0.0,0
2012-08-16,2017-06-29,OPTIDX,NIFTY,3200.0,PE,0.0,0.0,0.0,3.95,0.9,0,0.0,0
2012-08-16,2017-06-29,OPTIDX,NIFTY,3300.0,PE,0.0,0.0,0.0,5.0,1.2,0,0.0,0
2012-08-16,2017-06-29,OPTIDX,NIFTY,3400.0,PE,0.0,0.0,0.0,6.25,1.65,0,0.0,0
2012-08-16,2017-06-29,OPTIDX,NIFTY,3500.0,PE,0.0,0.0,0.0,7.8,2.15,0,0.0,0
2012-08-16,2017-06-29,OPTIDX,NIFTY,3600.0,PE,0.0,0.0,0.0,9.6,2.8,0,0.0,0
2012-08-16,2017-06-29,OPTIDX,NIFTY,3700.0,PE,0.0,0.0,0.0,11.7,3.6,0,0.0,0
2012-08-16,2017-06-29,OPTIDX,NIFTY,3800.0,PE,0.0,0.0,0.0,14.15,4.6,0,0.0,0
2012-08-16,2017-06-29,OPTIDX,NIFTY,3900.0,PE,0.0,0.0,0.0,16.95,5.85,0,0.0,0
2012-08-16,2017-06-29,OPTIDX,NIFTY,4000.0,PE,0.0,0.0,0.0,20.15,7.25,0,0.0,0
2012-08-16,2017-06-29,OPTIDX,NIFTY,4100.0,PE,0.0,0.0,0.0,23.75,9.0,0,0.0,0
2012-08-16,2017-06-29,OPTIDX,NIFTY,4200.0,PE,0.0,0.0,0.0,27.85,11.0,0,0.0,0
2012-08-16,2017-06-29,OPTIDX,NIFTY,4300.0,PE,0.0,0.0,0.0,32.45,13.35,0,0.0,0
2012-08-16,2017-06-29,OPTIDX,NIFTY,4400.0,PE,0.0,0.0,0.0,37.55,16.1,0,0.0,0
2012-08-16,2017-06-29,OPTIDX,NIFTY,4500.0,PE,0.0,0.0,0.0,43.2,19.2,0,0.0,0
2012-08-16,2017-06-29,OPTIDX,NIFTY,4600.0,PE,0.0,0.0,0.0,49.45,22.8,0,0.0,0
2012-08-16,2017-06-29,OPTIDX,NIFTY,4700.0,PE,0.0,0.0,0.0,56.3,26.85,0,0.0,0
2012-08-16,2017-06-29,OPTIDX,NIFTY,4800.0,PE,0.0,0.0,0.0,63.75,31.45,0,0.0,0
2012-08-16,2017-06-29,OPTIDX,NIFTY,4900.0,PE,0.0,0.0,0.0,71.95,36.6,0,0.0,0
2012-08-16,2017-06-29,OPTIDX,NIFTY,5000.0,PE,0.0,0.0,0.0,80.75,42.3,0,0.0,0
2012-08-16,2017-06-29,OPTIDX,NIFTY,5100.0,PE,0.0,0.0,0.0,90.35,48.7,0,0.0,0
2012-08-16,2017-06-29,OPTIDX,NIFTY,5200.0,PE,0.0,0.0,0.0,100.65,55.7,0,0.0,0
2012-08-16,2017-06-29,OPTIDX,NIFTY,5300.0,PE,0.0,0.0,0.0,111.7,63.45,0,0.0,0
2012-08-16,2017-06-29,OPTIDX,NIFTY,5400.0,PE,0.0,0.0,0.0,123.5,71.9,0,0.0,0
2012-08-16,2017-06-29,OPTIDX,NIFTY,5500.0,PE,0.0,0.0,0.0,136.1,81.1,0,0.0,0
2012-08-16,2017-06-29,OPTIDX,NIFTY,5600.0,PE,0.0,0.0,0.0,149.55,91.1,0,0.0,0
2012-08-16,2017-06-29,OPTIDX,NIFTY,5700.0,PE,0.0,0.0,0.0,163.8,101.95,0,0.0,0
2012-08-16,2017-06-29,OPTIDX,NIFTY,5800.0,PE,0.0,0.0,0.0,178.85,113.6,0,0.0,0
2012-08-16,2017-06-29,OPTIDX,NIFTY,5900.0,PE,0.0,0.0,0.0,194.95,126.15,0,0.0,0
2012-08-16,2017-06-29,OPTIDX,NIFTY,6000.0,PE,0.0,0.0,0.0,211.7,139.6,0,0.0,0
2012-08-16,2017-06-29,OPTIDX,NIFTY,6100.0,PE,0.0,0.0,0.0,229.3,154.0,0,0.0,0
2012-08-16,2017-06-29,OPTIDX,NIFTY,6200.0,PE,0.0,0.0,0.0,247.8,169.3,0,0.0,0
2012-08-16,2017-06-29,OPTIDX,NIFTY,6300.0,PE,0.0,0.0,0.0,267.15,185.7,0,0.0,0
2012-08-16,2017-06-29,OPTIDX,NIFTY,6400.0,PE,0.0,0.0,0.0,287.4,202.85,0,0.0,0
2012-08-16,2017-06-29,OPTIDX,NIFTY,6500.0,PE,0.0,0.0,0.0,308.5,221.05,0,0.0,0
2012-08-16,2017-06-29,OPTIDX,NIFTY,6600.0,PE,0.0,0.0,0.0,330.5,240.2,0,0.0,0
2012-08-16,2017-06-29,OPTIDX,NIFTY,6700.0,PE,0.0,0.0,0.0,353.4,260.35,0,0.0,0
2012-08-16,2017-06-29,OPTIDX,NIFTY,6800.0,PE,0.0,0.0,0.0,377.15,281.5,0,0.0,0
2012-08-16,2017-06-29,OPTIDX,NIFTY,6900.0,PE,0.0,0.0,0.0,401.6,303.7,0,0.0,0
2012-08-16,2017-06-29,OPTIDX,NIFTY,7000.0,PE,0.0,0.0,0.0,510.65,326.85,0,0.0,0
2012-08-16,2017-06-29,OPTIDX,NIFTY,7100.0,PE,0.0,0.0,0.0,538.15,350.9,0,0.0,0
2012-08-16,2017-06-29,OPTIDX,NIFTY,7200.0,PE,0.0,0.0,0.0,385.45,376.15,0,0.0,0
2012-08-16,2012-08-17,OPTIDX,S&P500,1180.0,CE,0.0,0.0,0.0,127.5,225.85,0,0.0,0
2012-08-16,2012-08-17,OPTIDX,S&P500,1185.0,CE,0.0,0.0,0.0,128.0,220.85,0,0.0,0
2012-08-16,2012-08-17,OPTIDX,S&P500,1190.0,CE,0.0,0.0,0.0,119.1,215.85,0,0.0,0
2012-08-16,2012-08-17,OPTIDX,S&P500,1195.0,CE,0.0,0.0,0.0,131.7,210.85,0,0.0,0
2012-08-16,2012-08-17,OPTIDX,S&P500,1200.0,CE,0.0,0.0,0.0,110.9,205.85,0,0.0,0
2012-08-16,2012-08-17,OPTIDX,S&P500,1205.0,CE,0.0,0.0,0.0,132.3,200.85,0,0.0,0
2012-08-16,2012-08-17,OPTIDX,S&P500,1210.0,CE,0.0,0.0,0.0,127.4,195.85,0,0.0,0
2012-08-16,2012-08-17,OPTIDX,S&P500,1215.0,CE,0.0,0.0,0.0,123.6,190.85,0,0.0,0
2012-08-16,2012-08-17,OPTIDX,S&P500,1220.0,CE,0.0,0.0,0.0,130.75,185.85,0,0.0,0
2012-08-16,2012-08-17,OPTIDX,S&P500,1225.0,CE,0.0,0.0,0.0,115.05,180.85,0,0.0,0
2012-08-16,2012-08-17,OPTIDX,S&P500,1230.0,CE,0.0,0.0,0.0,122.05,175.85,0,0.0,0
2012-08-16,2012-08-17,OPTIDX,S&P500,1235.0,CE,0.0,0.0,0.0,106.8,170.85,0,0.0,0
2012-08-16,2012-08-17,OPTIDX,S&P500,1240.0,CE,0.0,0.0,0.0,94.05,165.85,0,0.0,0
2012-08-16,2012-08-17,OPTIDX,S&P500,1245.0,CE,0.0,0.0,0.0,98.75,160.85,0,0.0,0
2012-08-16,2012-08-17,OPTIDX,S&P500,1250.0,CE,0.0,0.0,0.0,94.8,155.85,0,0.0,0
2012-08-16,2012-08-17,OPTIDX,S&P500,1255.0,CE,0.0,0.0,0.0,91.0,150.85,0,0.0,0
2012-08-16,2012-08-17,OPTIDX,S&P500,1260.0,CE,0.0,0.0,0.0,87.2,145.85,0,0.0,0
2012-08-16,2012-08-17,OPTIDX,S&P500,1265.0,CE,0.0,0.0,0.0,83.5,140.85,0,0.0,0
2012-08-16,2012-08-17,OPTIDX,S&P500,1270.0,CE,0.0,0.0,0.0,79.95,135.85,0,0.0,0
2012-08-16,2012-08-17,OPTIDX,S&P500,1275.0,CE,0.0,0.0,0.0,76.35,130.85,0,0.0,0
2012-08-16,2012-08-17,OPTIDX,S&P500,1280.0,CE,0.0,0.0,0.0,72.9,125.85,0,0.0,0
2012-08-16,2012-08-17,OPTIDX,S&P500,1285.0,CE,0.0,0.0,0.0,69.55,120.85,0,0.0,0
2012-08-16,2012-08-17,OPTIDX,S&P500,1290.0,CE,0.0,0.0,0.0,66.25,115.85,0,0.0,0
2012-08-16,2012-08-17,OPTIDX,S&P500,1295.0,CE,0.0,0.0,0.0,63.1,110.85,0,0.0,0
2012-08-16,2012-08-17,OPTIDX,S&P500,1300.0,CE,0.0,0.0,0.0,60.0,105.85,0,0.0,0
2012-08-16,2012-08-17,OPTIDX,S&P500,1305.0,CE,0.0,0.0,0.0,57.0,100.85,0,0.0,0
2012-08-16,2012-08-17,OPTIDX,S&P500,1310.0,CE,0.0,0.0,0.0,54.05,95.85,0,0.0,0
2012-08-16,2012-08-17,OPTIDX,S&P500,1315.0,CE,0.0,0.0,0.0,51.25,90.85,0,0.0,0
2012-08-16,2012-08-17,OPTIDX,S&P500,1320.0,CE,0.0,0.0,0.0,48.55,85.85,0,0.0,0
2012-08-16,2012-08-17,OPTIDX,S&P500,1325.0,CE,0.0,0.0,0.0,45.9,80.85,0,0.0,0
2012-08-16,2012-08-17,OPTIDX,S&P500,1330.0,CE,0.0,0.0,0.0,43.4,75.85,0,0.0,0
2012-08-16,2012-08-17,OPTIDX,S&P500,1335.0,CE,0.0,0.0,0.0,40.95,70.85,0,0.0,0
2012-08-16,2012-08-17,OPTIDX,S&P500,1340.0,CE,0.0,0.0,0.0,38.6,65.85,0,0.0,0
2012-08-16,2012-08-17,OPTIDX,S&P500,1345.0,CE,0.0,0.0,0.0,36.35,60.85,0,0.0,0
2012-08-16,2012-08-17,OPTIDX,S&P500,1350.0,CE,0.0,0.0,0.0,34.2,55.85,0,0.0,0
2012-08-16,2012-08-17,OPTIDX,S&P500,1355.0,CE,0.0,0.0,0.0,32.1,50.85,0,0.0,0
2012-08-16,2012-08-17,OPTIDX,S&P500,1360.0,CE,0.0,0.0,0.0,30.15,45.9,0,0.0,0
2012-08-16,2012-08-17,OPTIDX,S&P500,1365.0,CE,0.0,0.0,0.0,28.25,40.9,0,0.0,0
2012-08-16,2012-08-17,OPTIDX,S&P500,1370.0,CE,0.0,0.0,0.0,33.25,35.9,0,0.0,0
2012-08-16,2012-08-17,OPTIDX,S&P500,1375.0,CE,0.0,0.0,0.0,24.75,30.9,0,0.0,0
2012-08-16,2012-08-17,OPTIDX,S&P500,1380.0,CE,0.0,0.0,0.0,27.55,25.95,0,0.0,0
2012-08-16,2012-08-17,OPTIDX,S&P500,1385.0,CE,0.0,0.0,0.0,21.6,21.05,0,0.0,0
2012-08-16,2012-08-17,OPTIDX,S&P500,1390.0,CE,0.0,0.0,0.0,8.0,16.35,0,0.0,1500
2012-08-16,2012-08-17,OPTIDX,S&P500,1395.0,CE,0.0,0.0,0.0,18.75,12.0,0,0.0,0
2012-08-16,2012-08-17,OPTIDX,S&P500,1400.0,CE,0.0,0.0,0.0,20.95,8.2,0,0.0,0
2012-08-16,2012-08-17,OPTIDX,S&P500,1405.0,CE,0.0,0.0,0.0,16.25,5.15,0,0.0,0
2012-08-16,2012-08-17,OPTIDX,S&P500,1410.0,CE,0.0,0.0,0.0,18.2,2.95,0,0.0,0
2012-08-16,2012-08-17,OPTIDX,S&P500,1415.0,CE,0.0,0.0,0.0,18.75,1.5,0,0.0,0
2012-08-16,2012-08-17,OPTIDX,S&P500,1420.0,CE,0.0,0.0,0.0,15.75,0.7,0,0.0,0
2012-08-16,2012-08-17,OPTIDX,S&P500,1425.0,CE,0.0,0.0,0.0,18.05,0.3,0,0.0,0
2012-08-16,2012-08-17,OPTIDX,S&P500,1430.0,CE,0.0,0.0,0.0,13.4,0.1,0,0.0,0
2012-08-16,2012-08-17,OPTIDX,S&P500,1435.0,CE,0.0,0.0,0.0,17.85,0.05,0,0.0,0
2012-08-16,2012-08-17,OPTIDX,S&P500,1440.0,CE,0.0,0.0,0.0,18.85,0.05,0,0.0,0
2012-08-16,2012-08-17,OPTIDX,S&P500,1445.0,CE,0.0,0.0,0.0,15.45,0.0,0,0.0,0
2012-08-16,2012-08-17,OPTIDX,S&P500,1450.0,CE,0.0,0.0,0.0,16.4,0.0,0,0.0,0
2012-08-16,2012-08-17,OPTIDX,S&P500,1455.0,CE,0.0,0.0,0.0,13.35,0.0,0,0.0,0
2012-08-16,2012-08-17,OPTIDX,S&P500,1460.0,CE,0.0,0.0,0.0,14.1,0.0,0,0.0,0
2012-08-16,2012-08-17,OPTIDX,S&P500,1465.0,CE,0.0,0.0,0.0,13.85,0.0,0,0.0,0
2012-08-16,2012-08-17,OPTIDX,S&P500,1470.0,CE,0.0,0.0,0.0,9.1,0.0,0,0.0,0
2012-08-16,2012-08-17,OPTIDX,S&P500,1475.0,CE,0.0,0.0,0.0,12.65,0.0,0,0.0,0
2012-08-16,2012-08-17,OPTIDX,S&P500,1480.0,CE,0.0,0.0,0.0,1.05,0.0,0,0.0,0
2012-08-16,2012-08-17,OPTIDX,S&P500,1485.0,CE,0.0,0.0,0.0,2.05,0.0,0,0.0,0
2012-08-16,2012-08-17,OPTIDX,S&P500,1490.0,CE,0.0,0.0,0.0,0.5,0.0,0,0.0,0
2012-08-16,2012-08-17,OPTIDX,S&P500,1495.0,CE,0.0,0.0,0.0,0.3,0.0,0,0.0,0
2012-08-16,2012-08-17,OPTIDX,S&P500,1500.0,CE,0.0,0.0,0.0,0.2,0.0,0,0.0,0
2012-08-16,2012-08-17,OPTIDX,S&P500,1505.0,CE,0.0,0.0,0.0,0.05,0.0,0,0.0,0
2012-08-16,2012-08-17,OPTIDX,S&P500,1180.0,PE,0.0,0.0,0.0,6.4,0.0,0,0.0,0
2012-08-16,2012-08-17,OPTIDX,S&P500,1185.0,PE,0.0,0.0,0.0,5.05,0.0,0,0.0,0
2012-08-16,2012-08-17,OPTIDX,S&P500,1190.0,PE,0.0,0.0,0.0,7.8,0.0,0,0.0,0
2012-08-16,2012-08-17,OPTIDX,S&P500,1195.0,PE,0.0,0.0,0.0,3.85,0.0,0,0.0,0
2012-08-16,2012-08-17,OPTIDX,S&P500,1200.0,PE,0.0,0.0,0.0,9.45,0.0,0,0.0,0
2012-08-16,2012-08-17,OPTIDX,S&P500,1205.0,PE,0.0,0.0,0.0,4.1,0.0,0,0.0,0
2012-08-16,2012-08-17,OPTIDX,S&P500,1210.0,PE,0.0,0.0,0.0,3.2,0.0,0,0.0,0
2012-08-16,2012-08-17,OPTIDX,S&P500,1215.0,PE,0.0,0.0,0.0,5.15,0.0,0,0.0,0
2012-08-16,2012-08-17,OPTIDX,S&P500,1220.0,PE,0.0,0.0,0.0,4.25,0.0,0,0.0,0
2012-08-16,2012-08-17,OPTIDX,S&P500,1225.0,PE,0.0,0.0,0.0,6.4,0.0,0,0.0,0
2012-08-16,2012-08-17,OPTIDX,S&P500,1230.0,PE,0.0,0.0,0.0,5.3,0.0,0,0.0,0
2012-08-16,2012-08-17,OPTIDX,S&P500,1235.0,PE,0.0,0.0,0.0,7.85,0.0,0,0.0,0
2012-08-16,2012-08-17,OPTIDX,S&P500,1240.0,PE,0.0,0.0,0.0,10.15,0.0,0,0.0,0
2012-08-16,2012-08-17,OPTIDX,S&P500,1245.0,PE,0.0,0.0,0.0,9.6,0.0,0,0.0,0
2012-08-16,2012-08-17,OPTIDX,S&P500,1250.0,PE,0.0,0.0,0.0,10.55,0.0,0,0.0,0
2012-08-16,2012-08-17,OPTIDX,S&P500,1255.0,PE,0.0,0.0,0.0,11.6,0.0,0,0.0,0
2012-08-16,2012-08-17,OPTIDX,S&P500,1260.0,PE,0.0,0.0,0.0,12.7,0.0,0,0.0,0
2012-08-16,2012-08-17,OPTIDX,S&P500,1265.0,PE,0.0,0.0,0.0,13.9,0.0,0,0.0,0
2012-08-16,2012-08-17,OPTIDX,S&P500,1270.0,PE,0.0,0.0,0.0,15.2,0.0,0,0.0,0
2012-08-16,2012-08-17,OPTIDX,S&P500,1275.0,PE,0.0,0.0,0.0,16.5,0.0,0,0.0,0
2012-08-16,2012-08-17,OPTIDX,S&P500,1280.0,PE,0.0,0.0,0.0,17.9,0.0,0,0.0,0
2012-08-16,2012-08-17,OPTIDX,S&P500,1285.0,PE,0.0,0.0,0.0,19.45,0.0,0,0.0,0
2012-08-16,2012-08-17,OPTIDX,S&P500,1290.0,PE,0.0,0.0,0.0,21.05,0.0,0,0.0,0
2012-08-16,2012-08-17,OPTIDX,S&P500,1295.0,PE,0.0,0.0,0.0,22.75,0.0,0,0.0,0
2012-08-16,2012-08-17,OPTIDX,S&P500,1300.0,PE,0.0,0.0,0.0,24.55,0.0,0,0.0,0
2012-08-16,2012-08-17,OPTIDX,S&P500,1305.0,PE,0.0,0.0,0.0,26.4,0.0,0,0.0,0
2012-08-16,2012-08-17,OPTIDX,S&P500,1310.0,PE,0.0,0.0,0.0,28.4,0.0,0,0.0,0
2012-08-16,2012-08-17,OPTIDX,S&P500,1315.0,PE,0.0,0.0,0.0,30.45,0.0,0,0.0,0
2012-08-16,2012-08-17,OPTIDX,S&P500,1320.0,PE,0.0,0.0,0.0,32.6,0.0,0,0.0,0
2012-08-16,2012-08-17,OPTIDX,S&P500,1325.0,PE,0.0,0.0,0.0,34.85,0.0,0,0.0,0
2012-08-16,2012-08-17,OPTIDX,S&P500,1330.0,PE,0.0,0.0,0.0,37.2,0.0,0,0.0,0
2012-08-16,2012-08-17,OPTIDX,S&P500,1335.0,PE,0.0,0.0,0.0,39.65,0.0,0,0.0,0
2012-08-16,2012-08-17,OPTIDX,S&P500,1340.0,PE,0.0,0.0,0.0,42.2,0.0,0,0.0,0
2012-08-16,2012-08-17,OPTIDX,S&P500,1345.0,PE,0.0,0.0,0.0,44.85,0.0,0,0.0,0
2012-08-16,2012-08-17,OPTIDX,S&P500,1350.0,PE,0.0,0.0,0.0,47.55,0.0,0,0.0,0
2012-08-16,2012-08-17,OPTIDX,S&P500,1355.0,PE,0.0,0.0,0.0,50.35,0.0,0,0.0,0
2012-08-16,2012-08-17,OPTIDX,S&P500,1360.0,PE,0.0,0.0,0.0,53.3,0.0,0,0.0,0
2012-08-16,2012-08-17,OPTIDX,S&P500,1365.0,PE,0.0,0.0,0.0,56.3,0.0,0,0.0,0
2012-08-16,2012-08-17,OPTIDX,S&P500,1370.0,PE,0.0,0.0,0.0,55.7,0.0,0,0.0,0
2012-08-16,2012-08-17,OPTIDX,S&P500,1375.0,PE,0.0,0.0,0.0,62.55,0.05,0,0.0,0
2012-08-16,2012-08-17,OPTIDX,S&P500,1380.0,PE,0.0,0.0,0.0,57.4,0.05,0,0.0,0
2012-08-16,2012-08-17,OPTIDX,S&P500,1385.0,PE,0.0,0.0,0.0,69.1,0.2,0,0.0,0
2012-08-16,2012-08-17,OPTIDX,S&P500,1390.0,PE,0.0,0.0,0.0,63.7,0.5,0,0.0,0
2012-08-16,2012-08-17,OPTIDX,S&P500,1395.0,PE,0.0,0.0,0.0,76.05,1.15,0,0.0,0
2012-08-16,2012-08-17,OPTIDX,S&P500,1400.0,PE,0.0,0.0,0.0,70.35,2.35,0,0.0,0
2012-08-16,2012-08-17,OPTIDX,S&P500,1405.0,PE,0.0,0.0,0.0,83.3,4.3,0,0.0,0
2012-08-16,2012-08-17,OPTIDX,S&P500,1410.0,PE,0.0,0.0,0.0,77.35,7.05,0,0.0,0
2012-08-16,2012-08-17,OPTIDX,S&P500,1415.0,PE,0.0,0.0,0.0,85.2,10.65,0,0.0,0
2012-08-16,2012-08-17,OPTIDX,S&P500,1420.0,PE,0.0,0.0,0.0,84.7,14.8,0,0.0,0
2012-08-16,2012-08-17,OPTIDX,S&P500,1425.0,PE,0.0,0.0,0.0,92.35,19.4,0,0.0,0
2012-08-16,2012-08-17,OPTIDX,S&P500,1430.0,PE,0.0,0.0,0.0,81.0,24.25,0,0.0,0
2012-08-16,2012-08-17,OPTIDX,S&P500,1435.0,PE,0.0,0.0,0.0,87.65,29.15,0,0.0,0
2012-08-16,2012-08-17,OPTIDX,S&P500,1440.0,PE,0.0,0.0,0.0,79.3,34.15,0,0.0,0
2012-08-16,2012-08-17,OPTIDX,S&P500,1445.0,PE,0.0,0.0,0.0,95.15,39.15,0,0.0,0
2012-08-16,2012-08-17,OPTIDX,S&P500,1450.0,PE,0.0,0.0,0.0,86.7,44.15,0,0.0,0
2012-08-16,2012-08-17,OPTIDX,S&P500,1455.0,PE,0.0,0.0,0.0,91.1,49.15,0,0.0,0
2012-08-16,2012-08-17,OPTIDX,S&P500,1460.0,PE,0.0,0.0,0.0,94.25,54.15,0,0.0,0
2012-08-16,2012-08-17,OPTIDX,S&P500,1465.0,PE,0.0,0.0,0.0,96.4,59.15,0,0.0,0
2012-08-16,2012-08-17,OPTIDX,S&P500,1470.0,PE,0.0,0.0,0.0,96.45,64.15,0,0.0,0
2012-08-16,2012-08-17,OPTIDX,S&P500,1475.0,PE,0.0,0.0,0.0,97.0,69.15,0,0.0,0
2012-08-16,2012-08-17,OPTIDX,S&P500,1480.0,PE,0.0,0.0,0.0,96.0,74.15,0,0.0,0
2012-08-16,2012-08-17,OPTIDX,S&P500,1485.0,PE,0.0,0.0,0.0,94.5,79.15,0,0.0,0
2012-08-16,2012-08-17,OPTIDX,S&P500,1490.0,PE,0.0,0.0,0.0,95.5,84.15,0,0.0,0
2012-08-16,2012-08-17,OPTIDX,S&P500,1495.0,PE,0.0,0.0,0.0,97.4,89.15,0,0.0,0
2012-08-16,2012-08-17,OPTIDX,S&P500,1500.0,PE,0.0,0.0,0.0,95.55,94.15,0,0.0,0
2012-08-16,2012-08-17,OPTIDX,S&P500,1505.0,PE,0.0,0.0,0.0,100.4,99.15,0,0.0,0
2012-08-16,2012-09-21,OPTIDX,S&P500,1000.0,CE,0.0,0.0,0.0,265.85,414.4,0,0.0,0
2012-08-16,2012-09-21,OPTIDX,S&P500,1010.0,CE,0.0,0.0,0.0,260.25,404.5,0,0.0,0
2012-08-16,2012-09-21,OPTIDX,S&P500,1020.0,CE,0.0,0.0,0.0,254.8,394.6,0,0.0,0
2012-08-16,2012-09-21,OPTIDX,S&P500,1025.0,CE,0.0,0.0,0.0,270.05,389.65,0,0.0,0
2012-08-16,2012-09-21,OPTIDX,S&P500,1030.0,CE,0.0,0.0,0.0,277.8,384.7,0,0.0,0
2012-08-16,2012-09-21,OPTIDX,S&P500,1035.0,CE,0.0,0.0,0.0,275.7,379.75,0,0.0,0
2012-08-16,2012-09-21,OPTIDX,S&P500,1040.0,CE,0.0,0.0,0.0,272.3,374.75,0,0.0,0
2012-08-16,2012-09-21,OPTIDX,S&P500,1045.0,CE,0.0,0.0,0.0,270.15,369.8,0,0.0,0
2012-08-16,2012-09-21,OPTIDX,S&P500,1050.0,CE,0.0,0.0,0.0,266.95,364.85,0,0.0,0
2012-08-16,2012-09-21,OPTIDX,S&P500,1055.0,CE,0.0,0.0,0.0,264.7,359.9,0,0.0,0
2012-08-16,2012-09-21,OPTIDX,S&P500,1060.0,CE,0.0,0.0,0.0,261.65,354.95,0,0.0,0
2012-08-16,2012-09-21,OPTIDX,S&P500,1065.0,CE,0.0,0.0,0.0,280.6,350.0,0,0.0,0
2012-08-16,2012-09-21,OPTIDX,S&P500,1070.0,CE,0.0,0.0,0.0,256.45,345.05,0,0.0,0
2012-08-16,2012-09-21,OPTIDX,S&P500,1075.0,CE,0.0,0.0,0.0,275.0,340.1,0,0.0,0
2012-08-16,2012-09-21,OPTIDX,S&P500,1080.0,CE,0.0,0.0,0.0,251.3,335.15,0,0.0,0
2012-08-16,2012-09-21,OPTIDX,S&P500,1085.0,CE,0.0,0.0,0.0,269.55,330.15,0,0.0,0
2012-08-16,2012-09-21,OPTIDX,S&P500,1090.0,CE,0.0,0.0,0.0,246.25,325.2,0,0.0,0
2012-08-16,2012-09-21,OPTIDX,S&P500,1095.0,CE,0.0,0.0,0.0,264.2,320.25,0,0.0,0
2012-08-16,2012-09-21,OPTIDX,S&P500,1100.0,CE,0.0,0.0,0.0,282.4,315.3,0,0.0,0
2012-08-16,2012-09-21,OPTIDX,S&P500,1105.0,CE,0.0,0.0,0.0,285.5,310.35,0,0.0,0
2012-08-16,2012-09-21,OPTIDX,S&P500,1110.0,CE,0.0,0.0,0.0,295.05,305.4,0,0.0,0
2012-08-16,2012-09-21,OPTIDX,S&P500,1115.0,CE,0.0,0.0,0.0,292.65,300.45,0,0.0,0
2012-08-16,2012-09-21,OPTIDX,S&P500,1120.0,CE,0.0,0.0,0.0,289.65,295.5,0,0.0,0
2012-08-16,2012-09-21,OPTIDX,S&P500,1125.0,CE,0.0,0.0,0.0,287.2,290.55,0,0.0,0
2012-08-16,2012-09-21,OPTIDX,S&P500,1130.0,CE,0.0,0.0,0.0,284.35,285.55,0,0.0,0
2012-08-16,2012-09-21,OPTIDX,S&P500,1135.0,CE,0.0,0.0,0.0,281.8,280.6,0,0.0,0
2012-08-16,2012-09-21,OPTIDX,S&P500,1140.0,CE,0.0,0.0,0.0,279.1,275.65,0,0.0,0
2012-08-16,2012-09-21,OPTIDX,S&P500,1145.0,CE,0.0,0.0,0.0,276.5,270.7,0,0.0,0
2012-08-16,2012-09-21,OPTIDX,S&P500,1150.0,CE,0.0,0.0,0.0,273.95,265.75,0,0.0,0
2012-08-16,2012-09-21,OPTIDX,S&P500,1155.0,CE,0.0,0.0,0.0,271.4,260.8,0,0.0,0
2012-08-16,2012-09-21,OPTIDX,S&P500,1160.0,CE,0.0,0.0,0.0,268.85,255.85,0,0.0,0
2012-08-16,2012-09-21,OPTIDX,S&P500,1165.0,CE,0.0,0.0,0.0,266.35,250.9,0,0.0,0
2012-08-16,2012-09-21,OPTIDX,S&P500,1170.0,CE,0.0,0.0,0.0,263.85,245.95,0,0.0,0
2012-08-16,2012-09-21,OPTIDX,S&P500,1175.0,CE,0.0,0.0,0.0,261.35,240.95,0,0.0,0
2012-08-16,2012-09-21,OPTIDX,S&P500,1180.0,CE,0.0,0.0,0.0,258.9,236.0,0,0.0,0
2012-08-16,2012-09-21,OPTIDX,S&P500,1185.0,CE,0.0,0.0,0.0,256.5,231.05,0,0.0,0
2012-08-16,2012-09-21,OPTIDX,S&P500,1190.0,CE,0.0,0.0,0.0,254.05,226.1,0,0.0,0
2012-08-16,2012-09-21,OPTIDX,S&P500,1195.0,CE,0.0,0.0,0.0,251.65,221.15,0,0.0,0
2012-08-16,2012-09-21,OPTIDX,S&P500,1200.0,CE,0.0,0.0,0.0,249.3,216.2,0,0.0,0
2012-08-16,2012-09-21,OPTIDX,S&P500,1205.0,CE,0.0,0.0,0.0,246.95,211.25,0,0.0,0
2012-08-16,2012-09-21,OPTIDX,S&P500,1210.0,CE,0.0,0.0,0.0,244.6,206.3,0,0.0,0
2012-08-16,2012-09-21,OPTIDX,S&P500,1215.0,CE,0.0,0.0,0.0,242.25,201.35,0,0.0,0
2012-08-16,2012-09-21,OPTIDX,S&P500,1220.0,CE,0.0,0.0,0.0,239.95,196.4,0,0.0,0
2012-08-16,2012-09-21,OPTIDX,S&P500,1225.0,CE,0.0,0.0,0.0,237.65,191.45,0,0.0,0
2012-08-16,2012-09-21,OPTIDX,S&P500,1230.0,CE,0.0,0.0,0.0,235.4,186.5,0,0.0,0
2012-08-16,2012-09-21,OPTIDX,S&P500,1235.0,CE,0.0,0.0,0.0,233.15,181.55,0,0.0,0
2012-08-16,2012-09-21,OPTIDX,S&P500,1240.0,CE,0.0,0.0,0.0,230.9,176.6,0,0.0,0
2012-08-16,2012-09-21,OPTIDX,S&P500,1245.0,CE,0.0,0.0,0.0,228.7,171.7,0,0.0,0
2012-08-16,2012-09-21,OPTIDX,S&P500,1250.0,CE,0.0,0.0,0.0,226.5,166.75,0,0.0,0
2012-08-16,2012-09-21,OPTIDX,S&P500,1255.0,CE,0.0,0.0,0.0,224.35,161.85,0,0.0,0
2012-08-16,2012-09-21,OPTIDX,S&P500,1260.0,CE,0.0,0.0,0.0,222.15,156.95,0,0.0,0
2012-08-16,2012-09-21,OPTIDX,S&P500,1265.0,CE,0.0,0.0,0.0,220.05,152.05,0,0.0,0
2012-08-16,2012-09-21,OPTIDX,S&P500,1270.0,CE,0.0,0.0,0.0,217.9,147.15,0,0.0,0
2012-08-16,2012-09-21,OPTIDX,S&P500,1275.0,CE,0.0,0.0,0.0,214.5,142.25,0,0.0,0
2012-08-16,2012-09-21,OPTIDX,S&P500,1280.0,CE,0.0,0.0,0.0,213.7,137.4,0,0.0,0
2012-08-16,2012-09-21,OPTIDX,S&P500,1285.0,CE,0.0,0.0,0.0,210.25,132.6,0,0.0,0
2012-08-16,2012-09-21,OPTIDX,S&P500,1290.0,CE,0.0,0.0,0.0,209.6,127.75,0,0.0,0
2012-08-16,2012-09-21,OPTIDX,S&P500,1295.0,CE,0.0,0.0,0.0,206.05,123.0,0,0.0,0
2012-08-16,2012-09-21,OPTIDX,S&P500,1300.0,CE,0.0,0.0,0.0,205.5,118.25,0,0.0,0
2012-08-16,2012-09-21,OPTIDX,S&P500,1305.0,CE,0.0,0.0,0.0,201.95,113.5,0,0.0,0
2012-08-16,2012-09-21,OPTIDX,S&P500,1310.0,CE,0.0,0.0,0.0,201.55,108.85,0,0.0,0
2012-08-16,2012-09-21,OPTIDX,S&P500,1315.0,CE,0.0,0.0,0.0,197.95,104.2,0,0.0,0
2012-08-16,2012-09-21,OPTIDX,S&P500,1320.0,CE,0.0,0.0,0.0,185.1,99.6,0,0.0,0
2012-08-16,2012-09-21,OPTIDX,S&P500,1325.0,CE,0.0,0.0,0.0,186.6,95.1,0,0.0,0
2012-08-16,2012-09-21,OPTIDX,S&P500,1330.0,CE,0.0,0.0,0.0,181.0,90.65,0,0.0,0
2012-08-16,2012-09-21,OPTIDX,S&P500,1335.0,CE,0.0,0.0,0.0,188.45,86.25,0,0.0,0
2012-08-16,2012-09-21,OPTIDX,S&P500,1340.0,CE,0.0,0.0,0.0,176.95,81.9,0,0.0,0
2012-08-16,2012-09-21,OPTIDX,S&P500,1345.0,CE,0.0,0.0,0.0,184.3,77.65,0,0.0,0
2012-08-16,2012-09-21,OPTIDX,S&P500,1350.0,CE,0.0,0.0,0.0,196.85,73.5,0,0.0,0
2012-08-16,2012-09-21,OPTIDX,S&P500,1355.0,CE,0.0,0.0,0.0,180.2,69.45,0,0.0,0
2012-08-16,2012-09-21,OPTIDX,S&P500,1360.0,CE,0.0,0.0,0.0,192.8,65.45,0,0.0,0
2012-08-16,2012-09-21,OPTIDX,S&P500,1365.0,CE,0.0,0.0,0.0,210.85,61.6,0,0.0,0
2012-08-16,2012-09-21,OPTIDX,S&P500,1370.0,CE,0.0,0.0,0.0,108.15,57.9,0,0.0,0
2012-08-16,2012-09-21,OPTIDX,S&P500,1375.0,CE,0.0,0.0,0.0,206.8,54.2,0,0.0,0
2012-08-16,2012-09-21,OPTIDX,S&P500,1380.0,CE,0.0,0.0,0.0,103.9,50.7,0,0.0,0
2012-08-16,2012-09-21,OPTIDX,S&P500,1385.0,CE,0.0,0.0,0.0,202.75,47.3,0,0.0,0
2012-08-16,2012-09-21,OPTIDX,S&P500,1390.0,CE,0.0,0.0,0.0,92.95,44.05,0,0.0,0
2012-08-16,2012-09-21,OPTIDX,S&P500,1395.0,CE,0.0,0.0,0.0,85.7,40.9,0,0.0,0
2012-08-16,2012-09-21,OPTIDX,S&P500,1400.0,CE,0.0,0.0,0.0,82.4,37.9,0,0.0,0
2012-08-16,2012-09-21,OPTIDX,S&P500,1405.0,CE,0.0,0.0,0.0,80.5,35.05,0,0.0,0
2012-08-16,2012-09-21,OPTIDX,S&P500,1410.0,CE,0.0,0.0,0.0,78.15,32.3,0,0.0,0
2012-08-16,2012-09-21,OPTIDX,S&P500,1415.0,CE,0.0,0.0,0.0,76.25,29.75,0,0.0,0
2012-08-16,2012-09-21,OPTIDX,S&P500,1420.0,CE,0.0,0.0,0.0,65.15,27.3,0,0.0,0
2012-08-16,2012-09-21,OPTIDX,S&P500,1425.0,CE,0.0,0.0,0.0,59.3,24.95,0,0.0,0
2012-08-16,2012-09-21,OPTIDX,S&P500,1430.0,CE,0.0,0.0,0.0,64.8,22.8,0,0.0,0
2012-08-16,2012-09-21,OPTIDX,S&P500,1435.0,CE,0.0,0.0,0.0,66.45,20.75,0,0.0,0
2012-08-16,2012-09-21,OPTIDX,S&P500,1440.0,CE,0.0,0.0,0.0,60.3,18.85,0,0.0,0
2012-08-16,2012-09-21,OPTIDX,S&P500,1445.0,CE,0.0,0.0,0.0,62.2,17.1,0,0.0,0
2012-08-16,2012-09-21,OPTIDX,S&P500,1450.0,CE,0.0,0.0,0.0,56.05,15.45,0,0.0,0
2012-08-16,2012-09-21,OPTIDX,S&P500,1455.0,CE,0.0,0.0,0.0,48.85,13.9,0,0.0,0
2012-08-16,2012-09-21,OPTIDX,S&P500,1460.0,CE,0.0,0.0,0.0,50.35,12.5,0,0.0,0
2012-08-16,2012-09-21,OPTIDX,S&P500,1465.0,CE,0.0,0.0,0.0,44.75,11.3,0,0.0,0
2012-08-16,2012-09-21,OPTIDX,S&P500,1470.0,CE,0.0,0.0,0.0,40.7,10.05,0,0.0,0
2012-08-16,2012-09-21,OPTIDX,S&P500,1475.0,CE,0.0,0.0,0.0,39.55,8.95,0,0.0,0
2012-08-16,2012-09-21,OPTIDX,S&P500,1480.0,CE,0.0,0.0,0.0,64.2,7.95,0,0.0,0
2012-08-16,2012-09-21,OPTIDX,S&P500,1485.0,CE,0.0,0.0,0.0,61.65,7.05,0,0.0,0
2012-08-16,2012-09-21,OPTIDX,S&P500,1490.0,CE,0.0,0.0,0.0,59.45,6.25,0,0.0,0
2012-08-16,2012-09-21,OPTIDX,S&P500,1495.0,CE,0.0,0.0,0.0,57.35,5.5,0,0.0,0
2012-08-16,2012-09-21,OPTIDX,S&P500,1500.0,CE,0.0,0.0,0.0,54.95,4.85,0,0.0,0
2012-08-16,2012-09-21,OPTIDX,S&P500,1505.0,CE,0.0,0.0,0.0,52.65,4.25,0,0.0,0
2012-08-16,2012-09-21,OPTIDX,S&P500,1510.0,CE,0.0,0.0,0.0,50.7,3.7,0,0.0,0
2012-08-16,2012-09-21,OPTIDX,S&P500,1515.0,CE,0.0,0.0,0.0,49.1,3.25,0,0.0,0
2012-08-16,2012-09-21,OPTIDX,S&P500,1520.0,CE,0.0,0.0,0.0,39.15,2.8,0,0.0,0
2012-08-16,2012-09-21,OPTIDX,S&P500,1000.0,PE,0.0,0.0,0.0,79.1,0.0,0,0.0,0
2012-08-16,2012-09-21,OPTIDX,S&P500,1010.0,PE,0.0,0.0,0.0,82.65,0.0,0,0.0,0
2012-08-16,2012-09-21,OPTIDX,S&P500,1020.0,PE,0.0,0.0,0.0,86.3,0.0,0,0.0,0
2012-08-16,2012-09-21,OPTIDX,S&P500,1025.0,PE,0.0,0.0,0.0,82.4,0.0,0,0.0,0
2012-08-16,2012-09-21,OPTIDX,S&P500,1030.0,PE,0.0,0.0,0.0,85.1,0.0,0,0.0,0
2012-08-16,2012-09-21,OPTIDX,S&P500,1035.0,PE,0.0,0.0,0.0,81.1,0.0,0,0.0,0
2012-08-16,2012-09-21,OPTIDX,S&P500,1040.0,PE,0.0,0.0,0.0,88.7,0.0,0,0.0,0
2012-08-16,2012-09-21,OPTIDX,S&P500,1045.0,PE,0.0,0.0,0.0,84.6,0.0,0,0.0,0
2012-08-16,2012-09-21,OPTIDX,S&P500,1050.0,PE,0.0,0.0,0.0,92.4,0.0,0,0.0,0
2012-08-16,2012-09-21,OPTIDX,S&P500,1055.0,PE,0.0,0.0,0.0,88.25,0.0,0,0.0,0
2012-08-16,2012-09-21,OPTIDX,S&P500,1060.0,PE,0.0,0.0,0.0,96.2,0.0,0,0.0,0
2012-08-16,2012-09-21,OPTIDX,S&P500,1065.0,PE,0.0,0.0,0.0,82.05,0.0,0,0.0,0
2012-08-16,2012-09-21,OPTIDX,S&P500,1070.0,PE,0.0,0.0,0.0,100.1,0.0,0,0.0,0
2012-08-16,2012-09-21,OPTIDX,S&P500,1075.0,PE,0.0,0.0,0.0,85.55,0.0,0,0.0,0
2012-08-16,2012-09-21,OPTIDX,S&P500,1080.0,PE,0.0,0.0,0.0,104.05,0.0,0,0.0,0
2012-08-16,2012-09-21,OPTIDX,S&P500,1085.0,PE,0.0,0.0,0.0,89.15,0.0,0,0.0,0
2012-08-16,2012-09-21,OPTIDX,S&P500,1090.0,PE,0.0,0.0,0.0,108.1,0.0,0,0.0,0
2012-08-16,2012-09-21,OPTIDX,S&P500,1095.0,PE,0.0,0.0,0.0,92.9,0.0,0,0.0,0
2012-08-16,2012-09-21,OPTIDX,S&P500,1100.0,PE,0.0,0.0,0.0,79.75,0.0,0,0.0,0
2012-08-16,2012-09-21,OPTIDX,S&P500,1105.0,PE,0.0,0.0,0.0,85.75,0.0,0,0.0,0
2012-08-16,2012-09-21,OPTIDX,S&P500,1110.0,PE,0.0,0.0,0.0,94.4,0.0,0,0.0,0
2012-08-16,2012-09-21,OPTIDX,S&P500,1115.0,PE,0.0,0.0,0.0,89.9,0.0,0,0.0,0
2012-08-16,2012-09-21,OPTIDX,S&P500,1120.0,PE,0.0,0.0,0.0,98.1,0.0,0,0.0,0
2012-08-16,2012-09-21,OPTIDX,S&P500,1125.0,PE,0.0,0.0,0.0,93.5,0.0,0,0.0,0
2012-08-16,2012-09-21,OPTIDX,S&P500,1130.0,PE,0.0,0.0,0.0,101.85,0.0,0,0.0,0
2012-08-16,2012-09-21,OPTIDX,S&P500,1135.0,PE,0.0,0.0,0.0,97.2,0.0,0,0.0,0
2012-08-16,2012-09-21,OPTIDX,S&P500,1140.0,PE,0.0,0.0,0.0,105.7,0.0,0,0.0,0
2012-08-16,2012-09-21,OPTIDX,S&P500,1145.0,PE,0.0,0.0,0.0,101.0,0.0,0,0.0,0
2012-08-16,2012-09-21,OPTIDX,S&P500,1150.0,PE,0.0,0.0,0.0,109.65,0.0,0,0.0,0
2012-08-16,2012-09-21,OPTIDX,S&P500,1155.0,PE,0.0,0.0,0.0,111.6,0.0,0,0.0,0
2012-08-16,2012-09-21,OPTIDX,S&P500,1160.0,PE,0.0,0.0,0.0,113.65,0.0,0,0.0,0
2012-08-16,2012-09-21,OPTIDX,S&P500,1165.0,PE,0.0,0.0,0.0,115.65,0.0,0,0.0,0
2012-08-16,2012-09-21,OPTIDX,S&P500,1170.0,PE,0.0,0.0,0.0,117.7,0.0,0,0.0,0
2012-08-16,2012-09-21,OPTIDX,S&P500,1175.0,PE,0.0,0.0,0.0,119.8,0.0,0,0.0,0
2012-08-16,2012-09-21,OPTIDX,S&P500,1180.0,PE,0.0,0.0,0.0,121.85,0.0,0,0.0,0
2012-08-16,2012-09-21,OPTIDX,S&P500,1185.0,PE,0.0,0.0,0.0,124.0,0.0,0,0.0,0
2012-08-16,2012-09-21,OPTIDX,S&P500,1190.0,PE,0.0,0.0,0.0,126.1,0.0,0,0.0,0
2012-08-16,2012-09-21,OPTIDX,S&P500,1195.0,PE,0.0,0.0,0.0,128.25,0.05,0,0.0,0
2012-08-16,2012-09-21,OPTIDX,S&P500,1200.0,PE,0.0,0.0,0.0,130.4,0.05,0,0.0,0
2012-08-16,2012-09-21,OPTIDX,S&P500,1205.0,PE,0.0,0.0,0.0,132.6,0.05,0,0.0,0
2012-08-16,2012-09-21,OPTIDX,S&P500,1210.0,PE,0.0,0.0,0.0,134.8,0.05,0,0.0,0
2012-08-16,2012-09-21,OPTIDX,S&P500,1215.0,PE,0.0,0.0,0.0,137.0,0.05,0,0.0,0
2012-08-16,2012-09-21,OPTIDX,S&P500,1220.0,PE,0.0,0.0,0.0,139.25,0.05,0,0.0,0
2012-08-16,2012-09-21,OPTIDX,S&P500,1225.0,PE,0.0,0.0,0.0,141.5,0.05,0,0.0,0
2012-08-16,2012-09-21,OPTIDX,S&P500,1230.0,PE,0.0,0.0,0.0,143.8,0.05,0,0.0,0
2012-08-16,2012-09-21,OPTIDX,S&P500,1235.0,PE,0.0,0.0,0.0,146.05,0.1,0,0.0,0
2012-08-16,2012-09-21,OPTIDX,S&P500,1240.0,PE,0.0,0.0,0.0,148.4,0.1,0,0.0,0
2012-08-16,2012-09-21,OPTIDX,S&P500,1245.0,PE,0.0,0.0,0.0,150.7,0.1,0,0.0,0
2012-08-16,2012-09-21,OPTIDX,S&P500,1250.0,PE,0.0,0.0,0.0,153.05,0.15,0,0.0,0
2012-08-16,2012-09-21,OPTIDX,S&P500,1255.0,PE,0.0,0.0,0.0,155.4,0.2,0,0.0,0
2012-08-16,2012-09-21,OPTIDX,S&P500,1260.0,PE,0.0,0.0,0.0,157.8,0.25,0,0.0,0
2012-08-16,2012-09-21,OPTIDX,S&P500,1265.0,PE,0.0,0.0,0.0,160.2,0.3,0,0.0,0
2012-08-16,2012-09-21,OPTIDX,S&P500,1270.0,PE,0.0,0.0,0.0,162.6,0.35,0,0.0,0
2012-08-16,2012-09-21,OPTIDX,S&P500,1275.0,PE,0.0,0.0,0.0,157.15,0.45,0,0.0,0
2012-08-16,2012-09-21,OPTIDX,S&P500,1280.0,PE,0.0,0.0,0.0,167.5,0.55,0,0.0,0
2012-08-16,2012-09-21,OPTIDX,S&P500,1285.0,PE,0.0,0.0,0.0,162.0,0.65,0,0.0,0
2012-08-16,2012-09-21,OPTIDX,S&P500,1290.0,PE,0.0,0.0,0.0,172.45,0.8,0,0.0,0
2012-08-16,2012-09-21,OPTIDX,S&P500,1295.0,PE,0.0,0.0,0.0,166.9,0.95,0,0.0,0
2012-08-16,2012-09-21,OPTIDX,S&P500,1300.0,PE,0.0,0.0,0.0,177.5,1.15,0,0.0,0
2012-08-16,2012-09-21,OPTIDX,S&P500,1305.0,PE,0.0,0.0,0.0,171.9,1.4,0,0.0,0
2012-08-16,2012-09-21,OPTIDX,S&P500,1310.0,PE,0.0,0.0,0.0,182.6,1.7,0,0.0,0
2012-08-16,2012-09-21,OPTIDX,S&P500,1315.0,PE,0.0,0.0,0.0,176.95,2.0,0,0.0,0
2012-08-16,2012-09-21,OPTIDX,S&P500,1320.0,PE,0.0,0.0,0.0,157.85,2.4,0,0.0,0
2012-08-16,2012-09-21,OPTIDX,S&P500,1325.0,PE,0.0,0.0,0.0,176.15,2.8,0,0.0,0
2012-08-16,2012-09-21,OPTIDX,S&P500,1330.0,PE,0.0,0.0,0.0,162.85,3.3,0,0.0,0
2012-08-16,2012-09-21,OPTIDX,S&P500,1335.0,PE,0.0,0.0,0.0,158.2,3.85,0,0.0,0
2012-08-16,2012-09-21,OPTIDX,S&P500,1340.0,PE,0.0,0.0,0.0,168.0,4.5,0,0.0,0
2012-08-16,2012-09-21,OPTIDX,S&P500,1345.0,PE,0.0,0.0,0.0,163.2,5.2,0,0.0,0
2012-08-16,2012-09-21,OPTIDX,S&P500,1350.0,PE,0.0,0.0,0.0,177.6,6.0,0,0.0,0
2012-08-16,2012-09-21,OPTIDX,S&P500,1355.0,PE,0.0,0.0,0.0,168.3,6.9,0,0.0,0
2012-08-16,2012-09-21,OPTIDX,S&P500,1360.0,PE,0.0,0.0,0.0,182.75,7.9,0,0.0,0
2012-08-16,2012-09-21,OPTIDX,S&P500,1365.0,PE,0.0,0.0,0.0,179.35,8.95,0,0.0,0
2012-08-16,2012-09-21,OPTIDX,S&P500,1370.0,PE,0.0,0.0,0.0,105.15,10.25,0,0.0,0
2012-08-16,2012-09-21,OPTIDX,S&P500,1375.0,PE,0.0,0.0,0.0,184.45,11.5,0,0.0,0
2012-08-16,2012-09-21,OPTIDX,S&P500,1380.0,PE,0.0,0.0,0.0,110.2,12.9,0,0.0,0
2012-08-16,2012-09-21,OPTIDX,S&P500,1385.0,PE,0.0,0.0,0.0,189.6,14.5,0,0.0,0
2012-08-16,2012-09-21,OPTIDX,S&P500,1390.0,PE,0.0,0.0,0.0,99.85,16.15,0,0.0,0
2012-08-16,2012-09-21,OPTIDX,S&P500,1395.0,PE,0.0,0.0,0.0,95.15,18.0,0,0.0,0
2012-08-16,2012-09-21,OPTIDX,S&P500,1400.0,PE,0.0,0.0,0.0,84.7,19.95,0,0.0,0
2012-08-16,2012-09-21,OPTIDX,S&P500,1405.0,PE,0.0,0.0,0.0,82.5,22.05,0,0.0,0
2012-08-16,2012-09-21,OPTIDX,S&P500,1410.0,PE,0.0,0.0,0.0,89.8,24.3,0,0.0,0
2012-08-16,2012-09-21,OPTIDX,S&P500,1415.0,PE,0.0,0.0,0.0,87.6,26.65,0,0.0,0
2012-08-16,2012-09-21,OPTIDX,S&P500,1420.0,PE,0.0,0.0,0.0,78.85,29.15,0,0.0,0
2012-08-16,2012-09-21,OPTIDX,S&P500,1425.0,PE,0.0,0.0,0.0,72.7,31.8,0,0.0,0
2012-08-16,2012-09-21,OPTIDX,S&P500,1430.0,PE,0.0,0.0,0.0,59.85,34.6,0,0.0,0
2012-08-16,2012-09-21,OPTIDX,S&P500,1435.0,PE,0.0,0.0,0.0,70.45,37.5,0,0.0,0
2012-08-16,2012-09-21,OPTIDX,S&P500,1440.0,PE,0.0,0.0,0.0,64.75,40.55,0,0.0,0
2012-08-16,2012-09-21,OPTIDX,S&P500,1445.0,PE,0.0,0.0,0.0,75.55,43.75,0,0.0,0
2012-08-16,2012-09-21,OPTIDX,S&P500,1450.0,PE,0.0,0.0,0.0,69.9,47.05,0,0.0,0
2012-08-16,2012-09-21,OPTIDX,S&P500,1455.0,PE,0.0,0.0,0.0,58.7,50.5,0,0.0,0
2012-08-16,2012-09-21,OPTIDX,S&P500,1460.0,PE,0.0,0.0,0.0,68.55,54.05,0,0.0,0
2012-08-16,2012-09-21,OPTIDX,S&P500,1465.0,PE,0.0,0.0,0.0,64.05,57.75,0,0.0,0
2012-08-16,2012-09-21,OPTIDX,S&P500,1470.0,PE,0.0,0.0,0.0,59.95,61.45,0,0.0,0
2012-08-16,2012-09-21,OPTIDX,S&P500,1475.0,PE,0.0,0.0,0.0,57.4,65.35,0,0.0,0
2012-08-16,2012-09-21,OPTIDX,S&P500,1480.0,PE,0.0,0.0,0.0,50.95,69.3,0,0.0,0
2012-08-16,2012-09-21,OPTIDX,S&P500,1485.0,PE,0.0,0.0,0.0,66.3,73.35,0,0.0,0
2012-08-16,2012-09-21,OPTIDX,S&P500,1490.0,PE,0.0,0.0,0.0,55.65,77.5,0,0.0,0
2012-08-16,2012-09-21,OPTIDX,S&P500,1495.0,PE,0.0,0.0,0.0,71.45,81.7,0,0.0,0
2012-08-16,2012-09-21,OPTIDX,S&P500,1500.0,PE,0.0,0.0,0.0,60.55,86.0,0,0.0,0
2012-08-16,2012-09-21,OPTIDX,S&P500,1505.0,PE,0.0,0.0,0.0,70.45,90.4,0,0.0,0
2012-08-16,2012-09-21,OPTIDX,S&P500,1510.0,PE,0.0,0.0,0.0,65.75,94.8,0,0.0,0
2012-08-16,2012-09-21,OPTIDX,S&P500,1515.0,PE,0.0,0.0,0.0,66.15,99.3,0,0.0,0
2012-08-16,2012-09-21,OPTIDX,S&P500,1520.0,PE,0.0,0.0,0.0,66.3,103.8,0,0.0,0
2012-08-16,2012-10-19,OPTIDX,S&P500,1240.0,CE,0.0,0.0,0.0,132.1,185.6,0,0.0,0
2012-08-16,2012-10-19,OPTIDX,S&P500,1250.0,CE,0.0,0.0,0.0,134.85,175.95,0,0.0,0
2012-08-16,2012-10-19,OPTIDX,S&P500,1260.0,CE,0.0,0.0,0.0,126.45,166.4,0,0.0,0
2012-08-16,2012-10-19,OPTIDX,S&P500,1265.0,CE,0.0,0.0,0.0,133.25,161.65,0,0.0,0
2012-08-16,2012-10-19,OPTIDX,S&P500,1270.0,CE,0.0,0.0,0.0,118.3,156.95,0,0.0,0
2012-08-16,2012-10-19,OPTIDX,S&P500,1275.0,CE,0.0,0.0,0.0,137.5,152.25,0,0.0,0
2012-08-16,2012-10-19,OPTIDX,S&P500,1280.0,CE,0.0,0.0,0.0,110.4,147.6,0,0.0,0
2012-08-16,2012-10-19,OPTIDX,S&P500,1285.0,CE,0.0,0.0,0.0,129.2,142.95,0,0.0,0
2012-08-16,2012-10-19,OPTIDX,S&P500,1290.0,CE,0.0,0.0,0.0,102.75,138.35,0,0.0,0
2012-08-16,2012-10-19,OPTIDX,S&P500,1295.0,CE,0.0,0.0,0.0,121.05,133.8,0,0.0,0
2012-08-16,2012-10-19,OPTIDX,S&P500,1300.0,CE,0.0,0.0,0.0,95.4,129.25,0,0.0,0
2012-08-16,2012-10-19,OPTIDX,S&P500,1305.0,CE,0.0,0.0,0.0,113.15,124.8,0,0.0,0
2012-08-16,2012-10-19,OPTIDX,S&P500,1310.0,CE,0.0,0.0,0.0,97.95,120.35,0,0.0,0
2012-08-16,2012-10-19,OPTIDX,S&P500,1315.0,CE,0.0,0.0,0.0,105.5,116.0,0,0.0,0
2012-08-16,2012-10-19,OPTIDX,S&P500,1320.0,CE,0.0,0.0,0.0,101.8,111.65,0,0.0,0
2012-08-16,2012-10-19,OPTIDX,S&P500,1325.0,CE,0.0,0.0,0.0,98.15,107.4,0,0.0,0
2012-08-16,2012-10-19,OPTIDX,S&P500,1330.0,CE,0.0,0.0,0.0,94.55,103.2,0,0.0,0
2012-08-16,2012-10-19,OPTIDX,S&P500,1335.0,CE,0.0,0.0,0.0,90.95,99.05,0,0.0,0
2012-08-16,2012-10-19,OPTIDX,S&P500,1340.0,CE,0.0,0.0,0.0,87.5,95.0,0,0.0,0
2012-08-16,2012-10-19,OPTIDX,S&P500,1345.0,CE,0.0,0.0,0.0,84.15,91.0,0,0.0,0
2012-08-16,2012-10-19,OPTIDX,S&P500,1350.0,CE,0.0,0.0,0.0,80.8,87.05,0,0.0,0
2012-08-16,2012-10-19,OPTIDX,S&P500,1355.0,CE,0.0,0.0,0.0,77.6,83.2,0,0.0,0
2012-08-16,2012-10-19,OPTIDX,S&P500,1360.0,CE,0.0,0.0,0.0,74.45,79.45,0,0.0,0
2012-08-16,2012-10-19,OPTIDX,S&P500,1365.0,CE,0.0,0.0,0.0,71.35,75.8,0,0.0,0
2012-08-16,2012-10-19,OPTIDX,S&P500,1370.0,CE,0.0,0.0,0.0,68.35,72.15,0,0.0,0
2012-08-16,2012-10-19,OPTIDX,S&P500,1375.0,CE,0.0,0.0,0.0,65.4,68.65,0,0.0,0
2012-08-16,2012-10-19,OPTIDX,S&P500,1380.0,CE,0.0,0.0,0.0,62.55,65.25,0,0.0,0
2012-08-16,2012-10-19,OPTIDX,S&P500,1385.0,CE,0.0,0.0,0.0,59.8,61.95,0,0.0,0
2012-08-16,2012-10-19,OPTIDX,S&P500,1390.0,CE,0.0,0.0,0.0,57.1,58.7,0,0.0,0
2012-08-16,2012-10-19,OPTIDX,S&P500,1395.0,CE,0.0,0.0,0.0,54.5,55.6,0,0.0,0
2012-08-16,2012-10-19,OPTIDX,S&P500,1400.0,CE,0.0,0.0,0.0,52.0,52.6,0,0.0,0
2012-08-16,2012-10-19,OPTIDX,S&P500,1405.0,CE,0.0,0.0,0.0,49.55,49.65,0,0.0,0
2012-08-16,2012-10-19,OPTIDX,S&P500,1410.0,CE,0.0,0.0,0.0,47.15,46.85,0,0.0,0
2012-08-16,2012-10-19,OPTIDX,S&P500,1415.0,CE,0.0,0.0,0.0,44.85,44.15,0,0.0,0
2012-08-16,2012-10-19,OPTIDX,S&P500,1420.0,CE,0.0,0.0,0.0,42.65,41.55,0,0.0,0
2012-08-16,2012-10-19,OPTIDX,S&P500,1425.0,CE,0.0,0.0,0.0,40.55,39.0,0,0.0,0
2012-08-16,2012-10-19,OPTIDX,S&P500,1430.0,CE,0.0,0.0,0.0,38.45,36.6,0,0.0,0
2012-08-16,2012-10-19,OPTIDX,S&P500,1435.0,CE,0.0,0.0,0.0,36.5,34.3,0,0.0,0
2012-08-16,2012-10-19,OPTIDX,S&P500,1440.0,CE,0.0,0.0,0.0,24.25,32.1,0,0.0,0
2012-08-16,2012-10-19,OPTIDX,S&P500,1445.0,CE,0.0,0.0,0.0,32.75,30.0,0,0.0,0
2012-08-16,2012-10-19,OPTIDX,S&P500,1450.0,CE,0.0,0.0,0.0,21.45,28.0,0,0.0,0
2012-08-16,2012-10-19,OPTIDX,S&P500,1455.0,CE,0.0,0.0,0.0,29.3,26.1,0,0.0,0
2012-08-16,2012-10-19,OPTIDX,S&P500,1460.0,CE,0.0,0.0,0.0,21.2,24.3,0,0.0,0
2012-08-16,2012-10-19,OPTIDX,S&P500,1465.0,CE,0.0,0.0,0.0,26.15,22.6,0,0.0,0
2012-08-16,2012-10-19,OPTIDX,S&P500,1470.0,CE,0.0,0.0,0.0,24.4,20.95,0,0.0,0
2012-08-16,2012-10-19,OPTIDX,S&P500,1475.0,CE,0.0,0.0,0.0,23.25,19.45,0,0.0,0
2012-08-16,2012-10-19,OPTIDX,S&P500,1480.0,CE,0.0,0.0,0.0,21.65,18.0,0,0.0,0
2012-08-16,2012-10-19,OPTIDX,S&P500,1485.0,CE,0.0,0.0,0.0,25.55,16.6,0,0.0,0
2012-08-16,2012-10-19,OPTIDX,S&P500,1490.0,CE,0.0,0.0,0.0,22.35,15.4,0,0.0,0
2012-08-16,2012-10-19,OPTIDX,S&P500,1495.0,CE,0.0,0.0,0.0,20.4,14.2,0,0.0,0
2012-08-16,2012-10-19,OPTIDX,S&P500,1500.0,CE,0.0,0.0,0.0,19.9,13.05,0,0.0,0
2012-08-16,2012-10-19,OPTIDX,S&P500,1505.0,CE,0.0,0.0,0.0,15.4,12.0,0,0.0,0
2012-08-16,2012-10-19,OPTIDX,S&P500,1240.0,PE,0.0,0.0,0.0,7.0,0.6,0,0.0,0
2012-08-16,2012-10-19,OPTIDX,S&P500,1250.0,PE,0.0,0.0,0.0,7.0,0.8,0,0.0,0
2012-08-16,2012-10-19,OPTIDX,S&P500,1260.0,PE,0.0,0.0,0.0,8.45,1.1,0,0.0,0
2012-08-16,2012-10-19,OPTIDX,S&P500,1265.0,PE,0.0,0.0,0.0,7.75,1.25,0,0.0,0
2012-08-16,2012-10-19,OPTIDX,S&P500,1270.0,PE,0.0,0.0,0.0,10.1,1.45,0,0.0,0
2012-08-16,2012-10-19,OPTIDX,S&P500,1275.0,PE,0.0,0.0,0.0,7.35,1.7,0,0.0,0
2012-08-16,2012-10-19,OPTIDX,S&P500,1280.0,PE,0.0,0.0,0.0,11.95,1.95,0,0.0,0
2012-08-16,2012-10-19,OPTIDX,S&P500,1285.0,PE,0.0,0.0,0.0,8.8,2.25,0,0.0,0
2012-08-16,2012-10-19,OPTIDX,S&P500,1290.0,PE,0.0,0.0,0.0,14.05,2.55,0,0.0,0
2012-08-16,2012-10-19,OPTIDX,S&P500,1295.0,PE,0.0,0.0,0.0,10.45,2.9,0,0.0,0
2012-08-16,2012-10-19,OPTIDX,S&P500,1300.0,PE,0.0,0.0,0.0,16.5,3.3,0,0.0,0
2012-08-16,2012-10-19,OPTIDX,S&P500,1305.0,PE,0.0,0.0,0.0,12.35,3.75,0,0.0,0
2012-08-16,2012-10-19,OPTIDX,S&P500,1310.0,PE,0.0,0.0,0.0,16.45,4.25,0,0.0,0
2012-08-16,2012-10-19,OPTIDX,S&P500,1315.0,PE,0.0,0.0,0.0,14.45,4.8,0,0.0,0
2012-08-16,2012-10-19,OPTIDX,S&P500,1320.0,PE,0.0,0.0,0.0,15.6,5.4,0,0.0,0
2012-08-16,2012-10-19,OPTIDX,S&P500,1325.0,PE,0.0,0.0,0.0,16.9,6.05,0,0.0,0
2012-08-16,2012-10-19,OPTIDX,S&P500,1330.0,PE,0.0,0.0,0.0,18.15,6.75,0,0.0,0
2012-08-16,2012-10-19,OPTIDX,S&P500,1335.0,PE,0.0,0.0,0.0,19.45,7.55,0,0.0,0
2012-08-16,2012-10-19,OPTIDX,S&P500,1340.0,PE,0.0,0.0,0.0,20.9,8.4,0,0.0,0
2012-08-16,2012-10-19,OPTIDX,S&P500,1345.0,PE,0.0,0.0,0.0,22.4,9.35,0,0.0,0
2012-08-16,2012-10-19,OPTIDX,S&P500,1350.0,PE,0.0,0.0,0.0,24.0,10.3,0,0.0,0
2012-08-16,2012-10-19,OPTIDX,S&P500,1355.0,PE,0.0,0.0,0.0,25.65,11.4,0,0.0,0
2012-08-16,2012-10-19,OPTIDX,S&P500,1360.0,PE,0.0,0.0,0.0,27.35,12.55,0,0.0,0
2012-08-16,2012-10-19,OPTIDX,S&P500,1365.0,PE,0.0,0.0,0.0,29.15,13.85,0,0.0,0
2012-08-16,2012-10-19,OPTIDX,S&P500,1370.0,PE,0.0,0.0,0.0,31.05,15.1,0,0.0,0
2012-08-16,2012-10-19,OPTIDX,S&P500,1375.0,PE,0.0,0.0,0.0,33.0,16.55,0,0.0,0
2012-08-16,2012-10-19,OPTIDX,S&P500,1380.0,PE,0.0,0.0,0.0,35.05,18.05,0,0.0,0
2012-08-16,2012-10-19,OPTIDX,S&P500,1385.0,PE,0.0,0.0,0.0,37.2,19.65,0,0.0,0
2012-08-16,2012-10-19,OPTIDX,S&P500,1390.0,PE,0.0,0.0,0.0,39.4,21.35,0,0.0,0
2012-08-16,2012-10-19,OPTIDX,S&P500,1395.0,PE,0.0,0.0,0.0,41.65,23.15,0,0.0,0
2012-08-16,2012-10-19,OPTIDX,S&P500,1400.0,PE,0.0,0.0,0.0,44.0,25.05,0,0.0,0
2012-08-16,2012-10-19,OPTIDX,S&P500,1405.0,PE,0.0,0.0,0.0,46.45,27.05,0,0.0,0
2012-08-16,2012-10-19,OPTIDX,S&P500,1410.0,PE,0.0,0.0,0.0,48.95,29.15,0,0.0,0
2012-08-16,2012-10-19,OPTIDX,S&P500,1415.0,PE,0.0,0.0,0.0,51.55,31.4,0,0.0,0
2012-08-16,2012-10-19,OPTIDX,S&P500,1420.0,PE,0.0,0.0,0.0,54.25,33.7,0,0.0,0
2012-08-16,2012-10-19,OPTIDX,S&P500,1425.0,PE,0.0,0.0,0.0,57.0,36.1,0,0.0,0
2012-08-16,2012-10-19,OPTIDX,S&P500,1430.0,PE,0.0,0.0,0.0,59.85,38.6,0,0.0,0
2012-08-16,2012-10-19,OPTIDX,S&P500,1435.0,PE,0.0,0.0,0.0,62.75,41.25,0,0.0,0
2012-08-16,2012-10-19,OPTIDX,S&P500,1440.0,PE,0.0,0.0,0.0,82.25,43.95,0,0.0,0
2012-08-16,2012-10-19,OPTIDX,S&P500,1445.0,PE,0.0,0.0,0.0,68.75,46.8,0,0.0,0
2012-08-16,2012-10-19,OPTIDX,S&P500,1450.0,PE,0.0,0.0,0.0,89.25,49.7,0,0.0,0
2012-08-16,2012-10-19,OPTIDX,S&P500,1455.0,PE,0.0,0.0,0.0,75.1,52.7,0,0.0,0
2012-08-16,2012-10-19,OPTIDX,S&P500,1460.0,PE,0.0,0.0,0.0,91.35,55.85,0,0.0,0
2012-08-16,2012-10-19,OPTIDX,S&P500,1465.0,PE,0.0,0.0,0.0,81.7,59.05,0,0.0,0
2012-08-16,2012-10-19,OPTIDX,S&P500,1470.0,PE,0.0,0.0,0.0,86.1,62.35,0,0.0,0
2012-08-16,2012-10-19,OPTIDX,S&P500,1475.0,PE,0.0,0.0,0.0,88.6,65.7,0,0.0,0
2012-08-16,2012-10-19,OPTIDX,S&P500,1480.0,PE,0.0,0.0,0.0,93.15,69.2,0,0.0,0
2012-08-16,2012-10-19,OPTIDX,S&P500,1485.0,PE,0.0,0.0,0.0,94.6,72.75,0,0.0,0
2012-08-16,2012-10-19,OPTIDX,S&P500,1490.0,PE,0.0,0.0,0.0,93.95,76.45,0,0.0,0
2012-08-16,2012-10-19,OPTIDX,S&P500,1495.0,PE,0.0,0.0,0.0,94.1,80.2,0,0.0,0
2012-08-16,2012-10-19,OPTIDX,S&P500,1500.0,PE,0.0,0.0,0.0,91.7,83.95,0,0.0,0
2012-08-16,2012-10-19,OPTIDX,S&P500,1505.0,PE,0.0,0.0,0.0,92.35,87.8,0,0.0,0
2012-08-16,2012-12-21,OPTIDX,S&P500,1105.0,CE,0.0,0.0,0.0,259.45,334.8,0,0.0,0
2012-08-16,2012-12-21,OPTIDX,S&P500,1115.0,CE,0.0,0.0,0.0,266.6,325.15,0,0.0,0
2012-08-16,2012-12-21,OPTIDX,S&P500,1120.0,CE,0.0,0.0,0.0,263.15,320.3,0,0.0,0
2012-08-16,2012-12-21,OPTIDX,S&P500,1125.0,CE,0.0,0.0,0.0,260.65,315.45,0,0.0,0
2012-08-16,2012-12-21,OPTIDX,S&P500,1130.0,CE,0.0,0.0,0.0,257.15,310.65,0,0.0,0
2012-08-16,2012-12-21,OPTIDX,S&P500,1135.0,CE,0.0,0.0,0.0,254.8,305.85,0,0.0,0
2012-08-16,2012-12-21,OPTIDX,S&P500,1140.0,CE,0.0,0.0,0.0,251.2,301.0,0,0.0,0
2012-08-16,2012-12-21,OPTIDX,S&P500,1145.0,CE,0.0,0.0,0.0,248.95,296.2,0,0.0,0
2012-08-16,2012-12-21,OPTIDX,S&P500,1150.0,CE,0.0,0.0,0.0,245.35,291.4,0,0.0,0
2012-08-16,2012-12-21,OPTIDX,S&P500,1155.0,CE,0.0,0.0,0.0,243.3,286.6,0,0.0,0
2012-08-16,2012-12-21,OPTIDX,S&P500,1160.0,CE,0.0,0.0,0.0,240.5,281.8,0,0.0,0
2012-08-16,2012-12-21,OPTIDX,S&P500,1165.0,CE,0.0,0.0,0.0,237.75,277.0,0,0.0,0
2012-08-16,2012-12-21,OPTIDX,S&P500,1170.0,CE,0.0,0.0,0.0,234.95,272.2,0,0.0,0
2012-08-16,2012-12-21,OPTIDX,S&P500,1175.0,CE,0.0,0.0,0.0,232.25,267.45,0,0.0,0
2012-08-16,2012-12-21,OPTIDX,S&P500,1180.0,CE,0.0,0.0,0.0,229.55,262.65,0,0.0,0
2012-08-16,2012-12-21,OPTIDX,S&P500,1185.0,CE,0.0,0.0,0.0,226.85,257.9,0,0.0,0
2012-08-16,2012-12-21,OPTIDX,S&P500,1190.0,CE,0.0,0.0,0.0,224.2,253.15,0,0.0,0
2012-08-16,2012-12-21,OPTIDX,S&P500,1195.0,CE,0.0,0.0,0.0,221.55,248.4,0,0.0,0
2012-08-16,2012-12-21,OPTIDX,S&P500,1200.0,CE,0.0,0.0,0.0,218.95,243.65,0,0.0,0
2012-08-16,2012-12-21,OPTIDX,S&P500,1205.0,CE,0.0,0.0,0.0,216.35,238.95,0,0.0,0
2012-08-16,2012-12-21,OPTIDX,S&P500,1210.0,CE,0.0,0.0,0.0,213.8,234.25,0,0.0,0
2012-08-16,2012-12-21,OPTIDX,S&P500,1215.0,CE,0.0,0.0,0.0,211.25,229.55,0,0.0,0
2012-08-16,2012-12-21,OPTIDX,S&P500,1220.0,CE,0.0,0.0,0.0,208.7,224.9,0,0.0,0
2012-08-16,2012-12-21,OPTIDX,S&P500,1225.0,CE,0.0,0.0,0.0,206.2,220.25,0,0.0,0
2012-08-16,2012-12-21,OPTIDX,S&P500,1230.0,CE,0.0,0.0,0.0,203.75,215.6,0,0.0,0
2012-08-16,2012-12-21,OPTIDX,S&P500,1235.0,CE,0.0,0.0,0.0,201.3,211.0,0,0.0,0
2012-08-16,2012-12-21,OPTIDX,S&P500,1240.0,CE,0.0,0.0,0.0,198.85,206.4,0,0.0,0
2012-08-16,2012-12-21,OPTIDX,S&P500,1245.0,CE,0.0,0.0,0.0,196.45,201.8,0,0.0,0
2012-08-16,2012-12-21,OPTIDX,S&P500,1250.0,CE,0.0,0.0,0.0,194.05,197.25,0,0.0,0
2012-08-16,2012-12-21,OPTIDX,S&P500,1255.0,CE,0.0,0.0,0.0,191.7,192.75,0,0.0,0
2012-08-16,2012-12-21,OPTIDX,S&P500,1260.0,CE,0.0,0.0,0.0,189.35,188.25,0,0.0,0
2012-08-16,2012-12-21,OPTIDX,S&P500,1265.0,CE,0.0,0.0,0.0,187.05,183.75,0,0.0,0
2012-08-16,2012-12-21,OPTIDX,S&P500,1270.0,CE,0.0,0.0,0.0,184.75,179.35,0,0.0,0
2012-08-16,2012-12-21,OPTIDX,S&P500,1275.0,CE,0.0,0.0,0.0,182.5,174.9,0,0.0,0
2012-08-16,2012-12-21,OPTIDX,S&P500,1280.0,CE,0.0,0.0,0.0,178.3,170.55,0,0.0,0
2012-08-16,2012-12-21,OPTIDX,S&P500,1285.0,CE,0.0,0.0,0.0,178.0,166.2,0,0.0,0
2012-08-16,2012-12-21,OPTIDX,S&P500,1290.0,CE,0.0,0.0,0.0,173.75,161.9,0,0.0,0
2012-08-16,2012-12-21,OPTIDX,S&P500,1295.0,CE,0.0,0.0,0.0,173.6,157.65,0,0.0,0
2012-08-16,2012-12-21,OPTIDX,S&P500,1300.0,CE,0.0,0.0,0.0,169.35,153.4,0,0.0,0
2012-08-16,2012-12-21,OPTIDX,S&P500,1305.0,CE,0.0,0.0,0.0,169.3,149.25,0,0.0,0
2012-08-16,2012-12-21,OPTIDX,S&P500,1310.0,CE,0.0,0.0,0.0,165.05,145.1,0,0.0,0
2012-08-16,2012-12-21,OPTIDX,S&P500,1315.0,CE,0.0,0.0,0.0,165.1,141.0,0,0.0,0
2012-08-16,2012-12-21,OPTIDX,S&P500,1320.0,CE,0.0,0.0,0.0,160.8,137.0,0,0.0,0
2012-08-16,2012-12-21,OPTIDX,S&P500,1325.0,CE,0.0,0.0,0.0,175.95,133.0,0,0.0,0
2012-08-16,2012-12-21,OPTIDX,S&P500,1330.0,CE,0.0,0.0,0.0,177.5,129.05,0,0.0,0
2012-08-16,2012-12-21,OPTIDX,S&P500,1335.0,CE,0.0,0.0,0.0,171.65,125.15,0,0.0,0
2012-08-16,2012-12-21,OPTIDX,S&P500,1340.0,CE,0.0,0.0,0.0,173.3,121.3,0,0.0,0
2012-08-16,2012-12-21,OPTIDX,S&P500,1345.0,CE,0.0,0.0,0.0,167.4,117.55,0,0.0,0
2012-08-16,2012-12-21,OPTIDX,S&P500,1350.0,CE,0.0,0.0,0.0,149.75,113.8,0,0.0,0
2012-08-16,2012-12-21,OPTIDX,S&P500,1355.0,CE,0.0,0.0,0.0,164.95,110.15,0,0.0,0
2012-08-16,2012-12-21,OPTIDX,S&P500,1360.0,CE,0.0,0.0,0.0,142.6,106.6,0,0.0,0
2012-08-16,2012-12-21,OPTIDX,S&P500,1365.0,CE,0.0,0.0,0.0,164.1,103.05,0,0.0,0
2012-08-16,2012-12-21,OPTIDX,S&P500,1370.0,CE,0.0,0.0,0.0,140.05,99.5,0,0.0,0
2012-08-16,2012-12-21,OPTIDX,S&P500,1375.0,CE,0.0,0.0,0.0,144.0,96.1,0,0.0,0
2012-08-16,2012-12-21,OPTIDX,S&P500,1380.0,CE,0.0,0.0,0.0,135.6,92.75,0,0.0,0
2012-08-16,2012-12-21,OPTIDX,S&P500,1385.0,CE,0.0,0.0,0.0,120.05,89.45,0,0.0,0
2012-08-16,2012-12-21,OPTIDX,S&P500,1390.0,CE,0.0,0.0,0.0,123.45,86.25,0,0.0,0
2012-08-16,2012-12-21,OPTIDX,S&P500,1395.0,CE,0.0,0.0,0.0,115.5,83.1,0,0.0,0
2012-08-16,2012-12-21,OPTIDX,S&P500,1400.0,CE,0.0,0.0,0.0,111.95,80.0,0,0.0,0
2012-08-16,2012-12-21,OPTIDX,S&P500,1405.0,CE,0.0,0.0,0.0,109.95,77.0,0,0.0,0
2012-08-16,2012-12-21,OPTIDX,S&P500,1410.0,CE,0.0,0.0,0.0,107.35,74.05,0,0.0,0
2012-08-16,2012-12-21,OPTIDX,S&P500,1415.0,CE,0.0,0.0,0.0,105.3,71.2,0,0.0,0
2012-08-16,2012-12-21,OPTIDX,S&P500,1420.0,CE,0.0,0.0,0.0,93.15,68.4,0,0.0,0
2012-08-16,2012-12-21,OPTIDX,S&P500,1425.0,CE,0.0,0.0,0.0,86.75,65.7,0,0.0,0
2012-08-16,2012-12-21,OPTIDX,S&P500,1430.0,CE,0.0,0.0,0.0,93.4,63.0,0,0.0,0
2012-08-16,2012-12-21,OPTIDX,S&P500,1435.0,CE,0.0,0.0,0.0,95.25,60.45,0,0.0,0
2012-08-16,2012-12-21,OPTIDX,S&P500,1440.0,CE,0.0,0.0,0.0,88.4,57.9,0,0.0,0
2012-08-16,2012-12-21,OPTIDX,S&P500,1445.0,CE,0.0,0.0,0.0,90.5,55.45,0,0.0,0
2012-08-16,2012-12-21,OPTIDX,S&P500,1450.0,CE,0.0,0.0,0.0,83.55,53.1,0,0.0,0
2012-08-16,2012-12-21,OPTIDX,S&P500,1455.0,CE,0.0,0.0,0.0,76.5,50.8,0,0.0,0
2012-08-16,2012-12-21,OPTIDX,S&P500,1460.0,CE,0.0,0.0,0.0,77.8,48.55,0,0.0,0
2012-08-16,2012-12-21,OPTIDX,S&P500,1465.0,CE,0.0,0.0,0.0,71.65,46.4,0,0.0,0
2012-08-16,2012-12-21,OPTIDX,S&P500,1470.0,CE,0.0,0.0,0.0,67.3,44.3,0,0.0,0
2012-08-16,2012-12-21,OPTIDX,S&P500,1475.0,CE,0.0,0.0,0.0,66.3,42.3,0,0.0,0
2012-08-16,2012-12-21,OPTIDX,S&P500,1480.0,CE,0.0,0.0,0.0,98.5,40.35,0,0.0,0
2012-08-16,2012-12-21,OPTIDX,S&P500,1485.0,CE,0.0,0.0,0.0,94.7,38.45,0,0.0,0
2012-08-16,2012-12-21,OPTIDX,S&P500,1490.0,CE,0.0,0.0,0.0,93.15,36.6,0,0.0,0
2012-08-16,2012-12-21,OPTIDX,S&P500,1495.0,CE,0.0,0.0,0.0,89.8,34.85,0,0.0,0
2012-08-16,2012-12-21,OPTIDX,S&P500,1500.0,CE,0.0,0.0,0.0,87.95,33.15,0,0.0,0
2012-08-16,2012-12-21,OPTIDX,S&P500,1505.0,CE,0.0,0.0,0.0,84.8,31.55,0,0.0,0
2012-08-16,2012-12-21,OPTIDX,S&P500,1510.0,CE,0.0,0.0,0.0,83.0,29.95,0,0.0,0
2012-08-16,2012-12-21,OPTIDX,S&P500,1515.0,CE,0.0,0.0,0.0,81.4,28.45,0,0.0,0
2012-08-16,2012-12-21,OPTIDX,S&P500,1520.0,CE,0.0,0.0,0.0,68.5,27.0,0,0.0,0
2012-08-16,2012-12-21,OPTIDX,S&P500,1105.0,PE,0.0,0.0,0.0,55.85,0.1,0,0.0,0
2012-08-16,2012-12-21,OPTIDX,S&P500,1115.0,PE,0.0,0.0,0.0,61.9,0.1,0,0.0,0
2012-08-16,2012-12-21,OPTIDX,S&P500,1120.0,PE,0.0,0.0,0.0,58.85,0.15,0,0.0,0
2012-08-16,2012-12-21,OPTIDX,S&P500,1125.0,PE,0.0,0.0,0.0,65.0,0.15,0,0.0,0
2012-08-16,2012-12-21,OPTIDX,S&P500,1130.0,PE,0.0,0.0,0.0,61.9,0.15,0,0.0,0
2012-08-16,2012-12-21,OPTIDX,S&P500,1135.0,PE,0.0,0.0,0.0,68.25,0.2,0,0.0,0
2012-08-16,2012-12-21,OPTIDX,S&P500,1140.0,PE,0.0,0.0,0.0,65.05,0.2,0,0.0,0
2012-08-16,2012-12-21,OPTIDX,S&P500,1145.0,PE,0.0,0.0,0.0,71.5,0.25,0,0.0,0
2012-08-16,2012-12-21,OPTIDX,S&P500,1150.0,PE,0.0,0.0,0.0,68.25,0.3,0,0.0,0
2012-08-16,2012-12-21,OPTIDX,S&P500,1155.0,PE,0.0,0.0,0.0,74.9,0.35,0,0.0,0
2012-08-16,2012-12-21,OPTIDX,S&P500,1160.0,PE,0.0,0.0,0.0,76.6,0.4,0,0.0,0
2012-08-16,2012-12-21,OPTIDX,S&P500,1165.0,PE,0.0,0.0,0.0,78.35,0.45,0,0.0,0
2012-08-16,2012-12-21,OPTIDX,S&P500,1170.0,PE,0.0,0.0,0.0,80.15,0.5,0,0.0,0
2012-08-16,2012-12-21,OPTIDX,S&P500,1175.0,PE,0.0,0.0,0.0,81.95,0.55,0,0.0,0
2012-08-16,2012-12-21,OPTIDX,S&P500,1180.0,PE,0.0,0.0,0.0,83.8,0.65,0,0.0,0
2012-08-16,2012-12-21,OPTIDX,S&P500,1185.0,PE,0.0,0.0,0.0,85.65,0.7,0,0.0,0
2012-08-16,2012-12-21,OPTIDX,S&P500,1190.0,PE,0.0,0.0,0.0,87.5,0.8,0,0.0,0
2012-08-16,2012-12-21,OPTIDX,S&P500,1195.0,PE,0.0,0.0,0.0,89.4,0.9,0,0.0,0
2012-08-16,2012-12-21,OPTIDX,S&P500,1200.0,PE,0.0,0.0,0.0,91.3,1.05,0,0.0,0
2012-08-16,2012-12-21,OPTIDX,S&P500,1205.0,PE,0.0,0.0,0.0,93.25,1.15,0,0.0,0
2012-08-16,2012-12-21,OPTIDX,S&P500,1210.0,PE,0.0,0.0,0.0,95.25,1.3,0,0.0,0
2012-08-16,2012-12-21,OPTIDX,S&P500,1215.0,PE,0.0,0.0,0.0,97.2,1.45,0,0.0,0
2012-08-16,2012-12-21,OPTIDX,S&P500,1220.0,PE,0.0,0.0,0.0,99.25,1.6,0,0.0,0
2012-08-16,2012-12-21,OPTIDX,S&P500,1225.0,PE,0.0,0.0,0.0,101.25,1.8,0,0.0,0
2012-08-16,2012-12-21,OPTIDX,S&P500,1230.0,PE,0.0,0.0,0.0,103.35,2.0,0,0.0,0
2012-08-16,2012-12-21,OPTIDX,S&P500,1235.0,PE,0.0,0.0,0.0,105.4,2.25,0,0.0,0
2012-08-16,2012-12-21,OPTIDX,S&P500,1240.0,PE,0.0,0.0,0.0,107.5,2.5,0,0.0,0
2012-08-16,2012-12-21,OPTIDX,S&P500,1245.0,PE,0.0,0.0,0.0,109.65,2.75,0,0.0,0
2012-08-16,2012-12-21,OPTIDX,S&P500,1250.0,PE,0.0,0.0,0.0,111.8,3.05,0,0.0,0
2012-08-16,2012-12-21,OPTIDX,S&P500,1255.0,PE,0.0,0.0,0.0,113.95,3.4,0,0.0,0
2012-08-16,2012-12-21,OPTIDX,S&P500,1260.0,PE,0.0,0.0,0.0,116.15,3.75,0,0.0,0
2012-08-16,2012-12-21,OPTIDX,S&P500,1265.0,PE,0.0,0.0,0.0,118.35,4.1,0,0.0,0
2012-08-16,2012-12-21,OPTIDX,S&P500,1270.0,PE,0.0,0.0,0.0,120.6,4.5,0,0.0,0
2012-08-16,2012-12-21,OPTIDX,S&P500,1275.0,PE,0.0,0.0,0.0,122.85,4.95,0,0.0,0
2012-08-16,2012-12-21,OPTIDX,S&P500,1280.0,PE,0.0,0.0,0.0,119.0,5.4,0,0.0,0
2012-08-16,2012-12-21,OPTIDX,S&P500,1285.0,PE,0.0,0.0,0.0,127.45,5.95,0,0.0,0
2012-08-16,2012-12-21,OPTIDX,S&P500,1290.0,PE,0.0,0.0,0.0,123.55,6.5,0,0.0,0
2012-08-16,2012-12-21,OPTIDX,S&P500,1295.0,PE,0.0,0.0,0.0,132.15,7.05,0,0.0,0
2012-08-16,2012-12-21,OPTIDX,S&P500,1300.0,PE,0.0,0.0,0.0,128.2,7.7,0,0.0,0
2012-08-16,2012-12-21,OPTIDX,S&P500,1305.0,PE,0.0,0.0,0.0,136.9,8.35,0,0.0,0
2012-08-16,2012-12-21,OPTIDX,S&P500,1310.0,PE,0.0,0.0,0.0,132.95,9.05,0,0.0,0
2012-08-16,2012-12-21,OPTIDX,S&P500,1315.0,PE,0.0,0.0,0.0,141.75,9.8,0,0.0,0
2012-08-16,2012-12-21,OPTIDX,S&P500,1320.0,PE,0.0,0.0,0.0,137.8,10.6,0,0.0,0
2012-08-16,2012-12-21,OPTIDX,S&P500,1325.0,PE,0.0,0.0,0.0,132.95,11.45,0,0.0,0
2012-08-16,2012-12-21,OPTIDX,S&P500,1330.0,PE,0.0,0.0,0.0,140.9,12.4,0,0.0,0
2012-08-16,2012-12-21,OPTIDX,S&P500,1335.0,PE,0.0,0.0,0.0,137.7,13.35,0,0.0,0
2012-08-16,2012-12-21,OPTIDX,S&P500,1340.0,PE,0.0,0.0,0.0,145.7,14.35,0,0.0,0
2012-08-16,2012-12-21,OPTIDX,S&P500,1345.0,PE,0.0,0.0,0.0,142.5,15.4,0,0.0,0
2012-08-16,2012-12-21,OPTIDX,S&P500,1350.0,PE,0.0,0.0,0.0,125.65,16.55,0,0.0,0
2012-08-16,2012-12-21,OPTIDX,S&P500,1355.0,PE,0.0,0.0,0.0,139.2,17.7,0,0.0,0
2012-08-16,2012-12-21,OPTIDX,S&P500,1360.0,PE,0.0,0.0,0.0,121.8,19.0,0,0.0,0
2012-08-16,2012-12-21,OPTIDX,S&P500,1365.0,PE,0.0,0.0,0.0,135.85,20.3,0,0.0,0
2012-08-16,2012-12-21,OPTIDX,S&P500,1370.0,PE,0.0,0.0,0.0,106.2,21.6,0,0.0,0
2012-08-16,2012-12-21,OPTIDX,S&P500,1375.0,PE,0.0,0.0,0.0,117.35,23.05,0,0.0,0
2012-08-16,2012-12-21,OPTIDX,S&P500,1380.0,PE,0.0,0.0,0.0,110.85,24.55,0,0.0,0
2012-08-16,2012-12-21,OPTIDX,S&P500,1385.0,PE,0.0,0.0,0.0,89.1,26.1,0,0.0,0
2012-08-16,2012-12-21,OPTIDX,S&P500,1390.0,PE,0.0,0.0,0.0,99.2,27.75,0,0.0,0
2012-08-16,2012-12-21,OPTIDX,S&P500,1395.0,PE,0.0,0.0,0.0,93.65,29.4,0,0.0,0
2012-08-16,2012-12-21,OPTIDX,S&P500,1400.0,PE,0.0,0.0,0.0,82.55,31.2,0,0.0,0
2012-08-16,2012-12-21,OPTIDX,S&P500,1405.0,PE,0.0,0.0,0.0,80.3,33.0,0,0.0,0
2012-08-16,2012-12-21,OPTIDX,S&P500,1410.0,PE,0.0,0.0,0.0,87.1,34.95,0,0.0,0
2012-08-16,2012-12-21,OPTIDX,S&P500,1415.0,PE,0.0,0.0,0.0,84.8,36.9,0,0.0,0
2012-08-16,2012-12-21,OPTIDX,S&P500,1420.0,PE,0.0,0.0,0.0,74.45,38.95,0,0.0,0
2012-08-16,2012-12-21,OPTIDX,S&P500,1425.0,PE,0.0,0.0,0.0,67.35,41.05,0,0.0,0
2012-08-16,2012-12-21,OPTIDX,S&P500,1430.0,PE,0.0,0.0,0.0,55.5,43.25,0,0.0,0
2012-08-16,2012-12-21,OPTIDX,S&P500,1435.0,PE,0.0,0.0,0.0,66.3,45.5,0,0.0,0
2012-08-16,2012-12-21,OPTIDX,S&P500,1440.0,PE,0.0,0.0,0.0,59.7,47.85,0,0.0,0
2012-08-16,2012-12-21,OPTIDX,S&P500,1445.0,PE,0.0,0.0,0.0,70.7,50.25,0,0.0,0
2012-08-16,2012-12-21,OPTIDX,S&P500,1450.0,PE,0.0,0.0,0.0,64.05,52.7,0,0.0,0
2012-08-16,2012-12-21,OPTIDX,S&P500,1455.0,PE,0.0,0.0,0.0,52.05,55.25,0,0.0,0
2012-08-16,2012-12-21,OPTIDX,S&P500,1460.0,PE,0.0,0.0,0.0,61.85,57.9,0,0.0,0
2012-08-16,2012-12-21,OPTIDX,S&P500,1465.0,PE,0.0,0.0,0.0,56.4,60.55,0,0.0,0
2012-08-16,2012-12-21,OPTIDX,S&P500,1470.0,PE,0.0,0.0,0.0,51.3,63.3,0,0.0,0
2012-08-16,2012-12-21,OPTIDX,S&P500,1475.0,PE,0.0,0.0,0.0,48.45,66.15,0,0.0,0
2012-08-16,2012-12-21,OPTIDX,S&P500,1480.0,PE,0.0,0.0,0.0,45.9,69.0,0,0.0,0
2012-08-16,2012-12-21,OPTIDX,S&P500,1485.0,PE,0.0,0.0,0.0,60.85,72.0,0,0.0,0
2012-08-16,2012-12-21,OPTIDX,S&P500,1490.0,PE,0.0,0.0,0.0,49.7,75.0,0,0.0,0
2012-08-16,2012-12-21,OPTIDX,S&P500,1495.0,PE,0.0,0.0,0.0,65.15,78.1,0,0.0,0
2012-08-16,2012-12-21,OPTIDX,S&P500,1500.0,PE,0.0,0.0,0.0,53.7,81.25,0,0.0,0
2012-08-16,2012-12-21,OPTIDX,S&P500,1505.0,PE,0.0,0.0,0.0,63.2,84.45,0,0.0,0
2012-08-16,2012-12-21,OPTIDX,S&P500,1510.0,PE,0.0,0.0,0.0,57.9,87.7,0,0.0,0
2012-08-16,2012-12-21,OPTIDX,S&P500,1515.0,PE,0.0,0.0,0.0,58.55,91.05,0,0.0,0
2012-08-16,2012-12-21,OPTIDX,S&P500,1520.0,PE,0.0,0.0,0.0,57.8,94.45,0,0.0,0
2012-08-16,2013-03-15,OPTIDX,S&P500,1180.0,CE,0.0,0.0,0.0,203.15,287.4,0,0.0,0
2012-08-16,2013-03-15,OPTIDX,S&P500,1185.0,CE,0.0,0.0,0.0,202.45,282.85,0,0.0,0
2012-08-16,2013-03-15,OPTIDX,S&P500,1190.0,CE,0.0,0.0,0.0,195.8,278.3,0,0.0,0
2012-08-16,2013-03-15,OPTIDX,S&P500,1195.0,CE,0.0,0.0,0.0,202.15,273.75,0,0.0,0
2012-08-16,2013-03-15,OPTIDX,S&P500,1200.0,CE,0.0,0.0,0.0,188.6,269.2,0,0.0,0
2012-08-16,2013-03-15,OPTIDX,S&P500,1205.0,CE,0.0,0.0,0.0,203.75,264.7,0,0.0,0
2012-08-16,2013-03-15,OPTIDX,S&P500,1210.0,CE,0.0,0.0,0.0,199.4,260.2,0,0.0,0
2012-08-16,2013-03-15,OPTIDX,S&P500,1215.0,CE,0.0,0.0,0.0,195.9,255.75,0,0.0,0
2012-08-16,2013-03-15,OPTIDX,S&P500,1220.0,CE,0.0,0.0,0.0,204.05,251.3,0,0.0,0
2012-08-16,2013-03-15,OPTIDX,S&P500,1225.0,CE,0.0,0.0,0.0,203.5,246.85,0,0.0,0
2012-08-16,2013-03-15,OPTIDX,S&P500,1230.0,CE,0.0,0.0,0.0,206.6,242.45,0,0.0,0
2012-08-16,2013-03-15,OPTIDX,S&P500,1235.0,CE,0.0,0.0,0.0,195.5,238.05,0,0.0,0
2012-08-16,2013-03-15,OPTIDX,S&P500,1240.0,CE,0.0,0.0,0.0,206.1,233.65,0,0.0,0
2012-08-16,2013-03-15,OPTIDX,S&P500,1245.0,CE,0.0,0.0,0.0,187.6,229.3,0,0.0,0
2012-08-16,2013-03-15,OPTIDX,S&P500,1250.0,CE,0.0,0.0,0.0,198.2,225.0,0,0.0,0
2012-08-16,2013-03-15,OPTIDX,S&P500,1255.0,CE,0.0,0.0,0.0,210.4,220.7,0,0.0,0
2012-08-16,2013-03-15,OPTIDX,S&P500,1260.0,CE,0.0,0.0,0.0,227.9,216.4,0,0.0,0
2012-08-16,2013-03-15,OPTIDX,S&P500,1265.0,CE,0.0,0.0,0.0,219.95,212.2,0,0.0,0
2012-08-16,2013-03-15,OPTIDX,S&P500,1270.0,CE,0.0,0.0,0.0,220.2,207.95,0,0.0,0
2012-08-16,2013-03-15,OPTIDX,S&P500,1275.0,CE,0.0,0.0,0.0,223.25,203.8,0,0.0,0
2012-08-16,2013-03-15,OPTIDX,S&P500,1280.0,CE,0.0,0.0,0.0,230.1,199.65,0,0.0,0
2012-08-16,2013-03-15,OPTIDX,S&P500,1285.0,CE,0.0,0.0,0.0,225.0,195.5,0,0.0,0
2012-08-16,2013-03-15,OPTIDX,S&P500,1290.0,CE,0.0,0.0,0.0,222.1,191.4,0,0.0,0
2012-08-16,2013-03-15,OPTIDX,S&P500,1295.0,CE,0.0,0.0,0.0,239.65,187.35,0,0.0,0
2012-08-16,2013-03-15,OPTIDX,S&P500,1300.0,CE,0.0,0.0,0.0,228.8,183.35,0,0.0,0
2012-08-16,2013-03-15,OPTIDX,S&P500,1305.0,CE,0.0,0.0,0.0,246.3,179.35,0,0.0,0
2012-08-16,2013-03-15,OPTIDX,S&P500,1310.0,CE,0.0,0.0,0.0,248.05,175.4,0,0.0,0
2012-08-16,2013-03-15,OPTIDX,S&P500,1315.0,CE,0.0,0.0,0.0,238.55,171.5,0,0.0,0
2012-08-16,2013-03-15,OPTIDX,S&P500,1320.0,CE,0.0,0.0,0.0,240.15,167.6,0,0.0,0
2012-08-16,2013-03-15,OPTIDX,S&P500,1325.0,CE,0.0,0.0,0.0,230.9,163.8,0,0.0,0
2012-08-16,2013-03-15,OPTIDX,S&P500,1330.0,CE,0.0,0.0,0.0,232.35,160.0,0,0.0,0
2012-08-16,2013-03-15,OPTIDX,S&P500,1335.0,CE,0.0,0.0,0.0,223.35,156.25,0,0.0,0
2012-08-16,2013-03-15,OPTIDX,S&P500,1340.0,CE,0.0,0.0,0.0,224.65,152.55,0,0.0,0
2012-08-16,2013-03-15,OPTIDX,S&P500,1345.0,CE,0.0,0.0,0.0,215.9,148.9,0,0.0,0
2012-08-16,2013-03-15,OPTIDX,S&P500,1350.0,CE,0.0,0.0,0.0,212.2,145.25,0,0.0,0
2012-08-16,2013-03-15,OPTIDX,S&P500,1355.0,CE,0.0,0.0,0.0,208.55,141.7,0,0.0,0
2012-08-16,2013-03-15,OPTIDX,S&P500,1360.0,CE,0.0,0.0,0.0,204.9,138.2,0,0.0,0
2012-08-16,2013-03-15,OPTIDX,S&P500,1365.0,CE,0.0,0.0,0.0,201.3,134.7,0,0.0,0
2012-08-16,2013-03-15,OPTIDX,S&P500,1370.0,CE,0.0,0.0,0.0,197.75,131.25,0,0.0,0
2012-08-16,2013-03-15,OPTIDX,S&P500,1375.0,CE,0.0,0.0,0.0,194.2,127.9,0,0.0,0
2012-08-16,2013-03-15,OPTIDX,S&P500,1380.0,CE,0.0,0.0,0.0,190.7,124.5,0,0.0,0
2012-08-16,2013-03-15,OPTIDX,S&P500,1385.0,CE,0.0,0.0,0.0,187.25,121.2,0,0.0,0
2012-08-16,2013-03-15,OPTIDX,S&P500,1390.0,CE,0.0,0.0,0.0,183.8,117.95,0,0.0,0
2012-08-16,2013-03-15,OPTIDX,S&P500,1395.0,CE,0.0,0.0,0.0,180.4,114.75,0,0.0,0
2012-08-16,2013-03-15,OPTIDX,S&P500,1400.0,CE,0.0,0.0,0.0,177.0,111.65,0,0.0,0
2012-08-16,2013-03-15,OPTIDX,S&P500,1405.0,CE,0.0,0.0,0.0,173.75,108.55,0,0.0,0
2012-08-16,2013-03-15,OPTIDX,S&P500,1410.0,CE,0.0,0.0,0.0,170.4,105.5,0,0.0,0
2012-08-16,2013-03-15,OPTIDX,S&P500,1415.0,CE,0.0,0.0,0.0,167.15,102.55,0,0.0,0
2012-08-16,2013-03-15,OPTIDX,S&P500,1420.0,CE,0.0,0.0,0.0,163.9,99.6,0,0.0,0
2012-08-16,2013-03-15,OPTIDX,S&P500,1425.0,CE,0.0,0.0,0.0,160.7,96.7,0,0.0,0
2012-08-16,2013-03-15,OPTIDX,S&P500,1430.0,CE,0.0,0.0,0.0,157.5,93.9,0,0.0,0
2012-08-16,2013-03-15,OPTIDX,S&P500,1435.0,CE,0.0,0.0,0.0,154.4,91.15,0,0.0,0
2012-08-16,2013-03-15,OPTIDX,S&P500,1440.0,CE,0.0,0.0,0.0,151.25,88.4,0,0.0,0
2012-08-16,2013-03-15,OPTIDX,S&P500,1445.0,CE,0.0,0.0,0.0,148.15,85.75,0,0.0,0
2012-08-16,2013-03-15,OPTIDX,S&P500,1450.0,CE,0.0,0.0,0.0,145.15,83.15,0,0.0,0
2012-08-16,2013-03-15,OPTIDX,S&P500,1455.0,CE,0.0,0.0,0.0,142.15,80.55,0,0.0,0
2012-08-16,2013-03-15,OPTIDX,S&P500,1460.0,CE,0.0,0.0,0.0,139.2,78.05,0,0.0,0
2012-08-16,2013-03-15,OPTIDX,S&P500,1465.0,CE,0.0,0.0,0.0,136.3,75.6,0,0.0,0
2012-08-16,2013-03-15,OPTIDX,S&P500,1470.0,CE,0.0,0.0,0.0,135.4,73.2,0,0.0,0
2012-08-16,2013-03-15,OPTIDX,S&P500,1475.0,CE,0.0,0.0,0.0,130.6,70.85,0,0.0,0
2012-08-16,2013-03-15,OPTIDX,S&P500,1480.0,CE,0.0,0.0,0.0,129.55,68.55,0,0.0,0
2012-08-16,2013-03-15,OPTIDX,S&P500,1485.0,CE,0.0,0.0,0.0,125.05,66.35,0,0.0,0
2012-08-16,2013-03-15,OPTIDX,S&P500,1490.0,CE,0.0,0.0,0.0,123.85,64.15,0,0.0,0
2012-08-16,2013-03-15,OPTIDX,S&P500,1495.0,CE,0.0,0.0,0.0,119.6,62.0,0,0.0,0
2012-08-16,2013-03-15,OPTIDX,S&P500,1500.0,CE,0.0,0.0,0.0,118.3,59.9,0,0.0,0
2012-08-16,2013-03-15,OPTIDX,S&P500,1505.0,CE,0.0,0.0,0.0,114.35,57.9,0,0.0,0
2012-08-16,2013-03-15,OPTIDX,S&P500,1510.0,CE,0.0,0.0,0.0,112.9,55.9,0,0.0,0
2012-08-16,2013-03-15,OPTIDX,S&P500,1515.0,CE,0.0,0.0,0.0,111.25,54.0,0,0.0,0
2012-08-16,2013-03-15,OPTIDX,S&P500,1520.0,CE,0.0,0.0,0.0,96.1,52.1,0,0.0,0
2012-08-16,2013-03-15,OPTIDX,S&P500,1180.0,PE,0.0,0.0,0.0,19.15,1.85,0,0.0,0
2012-08-16,2013-03-15,OPTIDX,S&P500,1185.0,PE,0.0,0.0,0.0,16.4,2.05,0,0.0,0
2012-08-16,2013-03-15,OPTIDX,S&P500,1190.0,PE,0.0,0.0,0.0,21.1,2.25,0,0.0,0
2012-08-16,2013-03-15,OPTIDX,S&P500,1195.0,PE,0.0,0.0,0.0,10.85,2.45,0,0.0,0
2012-08-16,2013-03-15,OPTIDX,S&P500,1200.0,PE,0.0,0.0,0.0,23.15,2.65,0,0.0,0
2012-08-16,2013-03-15,OPTIDX,S&P500,1205.0,PE,0.0,0.0,0.0,11.2,2.9,0,0.0,0
2012-08-16,2013-03-15,OPTIDX,S&P500,1210.0,PE,0.0,0.0,0.0,10.85,3.15,0,0.0,0
2012-08-16,2013-03-15,OPTIDX,S&P500,1215.0,PE,0.0,0.0,0.0,12.6,3.4,0,0.0,0
2012-08-16,2013-03-15,OPTIDX,S&P500,1220.0,PE,0.0,0.0,0.0,11.85,3.7,0,0.0,0
2012-08-16,2013-03-15,OPTIDX,S&P500,1225.0,PE,0.0,0.0,0.0,8.85,4.0,0,0.0,0
2012-08-16,2013-03-15,OPTIDX,S&P500,1230.0,PE,0.0,0.0,0.0,9.35,4.35,0,0.0,0
2012-08-16,2013-03-15,OPTIDX,S&P500,1235.0,PE,0.0,0.0,0.0,10.05,4.7,0,0.0,0
2012-08-16,2013-03-15,OPTIDX,S&P500,1240.0,PE,0.0,0.0,0.0,10.25,5.05,0,0.0,0
2012-08-16,2013-03-15,OPTIDX,S&P500,1245.0,PE,0.0,0.0,0.0,11.4,5.45,0,0.0,0
2012-08-16,2013-03-15,OPTIDX,S&P500,1250.0,PE,0.0,0.0,0.0,11.6,5.9,0,0.0,0
2012-08-16,2013-03-15,OPTIDX,S&P500,1255.0,PE,0.0,0.0,0.0,11.2,6.35,0,0.0,0
2012-08-16,2013-03-15,OPTIDX,S&P500,1260.0,PE,0.0,0.0,0.0,12.45,6.8,0,0.0,0
2012-08-16,2013-03-15,OPTIDX,S&P500,1265.0,PE,0.0,0.0,0.0,14.8,7.3,0,0.0,0
2012-08-16,2013-03-15,OPTIDX,S&P500,1270.0,PE,0.0,0.0,0.0,13.85,7.85,0,0.0,0
2012-08-16,2013-03-15,OPTIDX,S&P500,1275.0,PE,0.0,0.0,0.0,16.5,8.4,0,0.0,0
2012-08-16,2013-03-15,OPTIDX,S&P500,1280.0,PE,0.0,0.0,0.0,8.2,9.0,0,0.0,0
2012-08-16,2013-03-15,OPTIDX,S&P500,1285.0,PE,0.0,0.0,0.0,17.8,9.6,0,0.0,0
2012-08-16,2013-03-15,OPTIDX,S&P500,1290.0,PE,0.0,0.0,0.0,9.3,10.25,0,0.0,0
2012-08-16,2013-03-15,OPTIDX,S&P500,1295.0,PE,0.0,0.0,0.0,6.85,10.95,0,0.0,0
2012-08-16,2013-03-15,OPTIDX,S&P500,1300.0,PE,0.0,0.0,0.0,7.3,11.7,0,0.0,0
2012-08-16,2013-03-15,OPTIDX,S&P500,1305.0,PE,0.0,0.0,0.0,10.45,12.45,0,0.0,0
2012-08-16,2013-03-15,OPTIDX,S&P500,1310.0,PE,0.0,0.0,0.0,8.3,13.25,0,0.0,0
2012-08-16,2013-03-15,OPTIDX,S&P500,1315.0,PE,0.0,0.0,0.0,11.65,14.1,0,0.0,0
2012-08-16,2013-03-15,OPTIDX,S&P500,1320.0,PE,0.0,0.0,0.0,9.35,14.95,0,0.0,0
2012-08-16,2013-03-15,OPTIDX,S&P500,1325.0,PE,0.0,0.0,0.0,12.95,15.85,0,0.0,0
2012-08-16,2013-03-15,OPTIDX,S&P500,1330.0,PE,0.0,0.0,0.0,10.45,16.8,0,0.0,0
2012-08-16,2013-03-15,OPTIDX,S&P500,1335.0,PE,0.0,0.0,0.0,14.3,17.8,0,0.0,0
2012-08-16,2013-03-15,OPTIDX,S&P500,1340.0,PE,0.0,0.0,0.0,11.65,18.85,0,0.0,0
2012-08-16,2013-03-15,OPTIDX,S&P500,1345.0,PE,0.0,0.0,0.0,15.8,19.95,0,0.0,0
2012-08-16,2013-03-15,OPTIDX,S&P500,1350.0,PE,0.0,0.0,0.0,16.6,21.05,0,0.0,0
2012-08-16,2013-03-15,OPTIDX,S&P500,1355.0,PE,0.0,0.0,0.0,17.4,22.25,0,0.0,0
2012-08-16,2013-03-15,OPTIDX,S&P500,1360.0,PE,0.0,0.0,0.0,18.25,23.5,0,0.0,0
2012-08-16,2013-03-15,OPTIDX,S&P500,1365.0,PE,0.0,0.0,0.0,19.15,24.75,0,0.0,0
2012-08-16,2013-03-15,OPTIDX,S&P500,1370.0,PE,0.0,0.0,0.0,20.05,26.05,0,0.0,0
2012-08-16,2013-03-15,OPTIDX,S&P500,1375.0,PE,0.0,0.0,0.0,20.95,27.4,0,0.0,0
2012-08-16,2013-03-15,OPTIDX,S&P500,1380.0,PE,0.0,0.0,0.0,21.95,28.75,0,0.0,0
2012-08-16,2013-03-15,OPTIDX,S&P500,1385.0,PE,0.0,0.0,0.0,22.95,30.2,0,0.0,0
2012-08-16,2013-03-15,OPTIDX,S&P500,1390.0,PE,0.0,0.0,0.0,23.95,31.75,0,0.0,0
2012-08-16,2013-03-15,OPTIDX,S&P500,1395.0,PE,0.0,0.0,0.0,25.0,33.3,0,0.0,0
2012-08-16,2013-03-15,OPTIDX,S&P500,1400.0,PE,0.0,0.0,0.0,26.1,34.9,0,0.0,0
2012-08-16,2013-03-15,OPTIDX,S&P500,1405.0,PE,0.0,0.0,0.0,27.3,36.55,0,0.0,0
2012-08-16,2013-03-15,OPTIDX,S&P500,1410.0,PE,0.0,0.0,0.0,28.45,38.25,0,0.0,0
2012-08-16,2013-03-15,OPTIDX,S&P500,1415.0,PE,0.0,0.0,0.0,29.65,40.05,0,0.0,0
2012-08-16,2013-03-15,OPTIDX,S&P500,1420.0,PE,0.0,0.0,0.0,30.9,41.85,0,0.0,0
2012-08-16,2013-03-15,OPTIDX,S&P500,1425.0,PE,0.0,0.0,0.0,32.15,43.7,0,0.0,0
2012-08-16,2013-03-15,OPTIDX,S&P500,1430.0,PE,0.0,0.0,0.0,33.45,45.65,0,0.0,0
2012-08-16,2013-03-15,OPTIDX,S&P500,1435.0,PE,0.0,0.0,0.0,34.75,47.6,0,0.0,0
2012-08-16,2013-03-15,OPTIDX,S&P500,1440.0,PE,0.0,0.0,0.0,36.1,49.65,0,0.0,0
2012-08-16,2013-03-15,OPTIDX,S&P500,1445.0,PE,0.0,0.0,0.0,37.5,51.7,0,0.0,0
2012-08-16,2013-03-15,OPTIDX,S&P500,1450.0,PE,0.0,0.0,0.0,38.95,53.85,0,0.0,0
2012-08-16,2013-03-15,OPTIDX,S&P500,1455.0,PE,0.0,0.0,0.0,40.45,56.05,0,0.0,0
2012-08-16,2013-03-15,OPTIDX,S&P500,1460.0,PE,0.0,0.0,0.0,41.95,58.3,0,0.0,0
2012-08-16,2013-03-15,OPTIDX,S&P500,1465.0,PE,0.0,0.0,0.0,43.5,60.55,0,0.0,0
2012-08-16,2013-03-15,OPTIDX,S&P500,1470.0,PE,0.0,0.0,0.0,38.55,62.9,0,0.0,0
2012-08-16,2013-03-15,OPTIDX,S&P500,1475.0,PE,0.0,0.0,0.0,46.75,65.3,0,0.0,0
2012-08-16,2013-03-15,OPTIDX,S&P500,1480.0,PE,0.0,0.0,0.0,41.6,67.75,0,0.0,0
2012-08-16,2013-03-15,OPTIDX,S&P500,1485.0,PE,0.0,0.0,0.0,50.1,70.25,0,0.0,0
2012-08-16,2013-03-15,OPTIDX,S&P500,1490.0,PE,0.0,0.0,0.0,44.85,72.85,0,0.0,0
2012-08-16,2013-03-15,OPTIDX,S&P500,1495.0,PE,0.0,0.0,0.0,53.65,75.45,0,0.0,0
2012-08-16,2013-03-15,OPTIDX,S&P500,1500.0,PE,0.0,0.0,0.0,48.2,78.1,0,0.0,0
2012-08-16,2013-03-15,OPTIDX,S&P500,1505.0,PE,0.0,0.0,0.0,57.35,80.8,0,0.0,0
2012-08-16,2013-03-15,OPTIDX,S&P500,1510.0,PE,0.0,0.0,0.0,51.75,83.6,0,0.0,0
2012-08-16,2013-03-15,OPTIDX,S&P500,1515.0,PE,0.0,0.0,0.0,52.5,86.4,0,0.0,0
2012-08-16,2013-03-15,OPTIDX,S&P500,1520.0,PE,0.0,0.0,0.0,51.35,89.25,0,0.0,0
2012-08-16,2013-06-21,OPTIDX,S&P500,1215.0,CE,0.0,0.0,0.0,234.25,285.3,0,0.0,0
2012-08-16,2013-06-21,OPTIDX,S&P500,1220.0,CE,0.0,0.0,0.0,236.5,281.05,0,0.0,0
2012-08-16,2013-06-21,OPTIDX,S&P500,1225.0,CE,0.0,0.0,0.0,239.4,276.8,0,0.0,0
2012-08-16,2013-06-21,OPTIDX,S&P500,1230.0,CE,0.0,0.0,0.0,238.65,272.55,0,0.0,0
2012-08-16,2013-06-21,OPTIDX,S&P500,1235.0,CE,0.0,0.0,0.0,232.45,268.35,0,0.0,0
2012-08-16,2013-06-21,OPTIDX,S&P500,1240.0,CE,0.0,0.0,0.0,231.65,264.15,0,0.0,0
2012-08-16,2013-06-21,OPTIDX,S&P500,1245.0,CE,0.0,0.0,0.0,238.35,260.0,0,0.0,0
2012-08-16,2013-06-21,OPTIDX,S&P500,1250.0,CE,0.0,0.0,0.0,224.7,255.85,0,0.0,0
2012-08-16,2013-06-21,OPTIDX,S&P500,1255.0,CE,0.0,0.0,0.0,231.35,251.7,0,0.0,0
2012-08-16,2013-06-21,OPTIDX,S&P500,1260.0,CE,0.0,0.0,0.0,217.95,247.6,0,0.0,0
2012-08-16,2013-06-21,OPTIDX,S&P500,1265.0,CE,0.0,0.0,0.0,224.45,243.55,0,0.0,0
2012-08-16,2013-06-21,OPTIDX,S&P500,1270.0,CE,0.0,0.0,0.0,211.25,239.5,0,0.0,0
2012-08-16,2013-06-21,OPTIDX,S&P500,1275.0,CE,0.0,0.0,0.0,207.95,235.45,0,0.0,0
2012-08-16,2013-06-21,OPTIDX,S&P500,1280.0,CE,0.0,0.0,0.0,204.65,231.45,0,0.0,0
2012-08-16,2013-06-21,OPTIDX,S&P500,1285.0,CE,0.0,0.0,0.0,201.4,227.5,0,0.0,0
2012-08-16,2013-06-21,OPTIDX,S&P500,1290.0,CE,0.0,0.0,0.0,198.2,223.55,0,0.0,0
2012-08-16,2013-06-21,OPTIDX,S&P500,1295.0,CE,0.0,0.0,0.0,195.0,219.65,0,0.0,0
2012-08-16,2013-06-21,OPTIDX,S&P500,1300.0,CE,0.0,0.0,0.0,191.85,215.75,0,0.0,0
2012-08-16,2013-06-21,OPTIDX,S&P500,1305.0,CE,0.0,0.0,0.0,188.75,211.9,0,0.0,0
2012-08-16,2013-06-21,OPTIDX,S&P500,1310.0,CE,0.0,0.0,0.0,185.6,208.05,0,0.0,0
2012-08-16,2013-06-21,OPTIDX,S&P500,1315.0,CE,0.0,0.0,0.0,182.55,204.3,0,0.0,0
2012-08-16,2013-06-21,OPTIDX,S&P500,1320.0,CE,0.0,0.0,0.0,179.5,200.5,0,0.0,0
2012-08-16,2013-06-21,OPTIDX,S&P500,1325.0,CE,0.0,0.0,0.0,176.5,196.8,0,0.0,0
2012-08-16,2013-06-21,OPTIDX,S&P500,1330.0,CE,0.0,0.0,0.0,173.55,193.1,0,0.0,0
2012-08-16,2013-06-21,OPTIDX,S&P500,1335.0,CE,0.0,0.0,0.0,170.6,189.45,0,0.0,0
2012-08-16,2013-06-21,OPTIDX,S&P500,1340.0,CE,0.0,0.0,0.0,167.7,185.8,0,0.0,0
2012-08-16,2013-06-21,OPTIDX,S&P500,1345.0,CE,0.0,0.0,0.0,164.85,182.2,0,0.0,0
2012-08-16,2013-06-21,OPTIDX,S&P500,1350.0,CE,0.0,0.0,0.0,162.0,178.65,0,0.0,0
2012-08-16,2013-06-21,OPTIDX,S&P500,1355.0,CE,0.0,0.0,0.0,159.2,175.15,0,0.0,0
2012-08-16,2013-06-21,OPTIDX,S&P500,1360.0,CE,0.0,0.0,0.0,156.45,171.65,0,0.0,0
2012-08-16,2013-06-21,OPTIDX,S&P500,1365.0,CE,0.0,0.0,0.0,153.7,168.25,0,0.0,0
2012-08-16,2013-06-21,OPTIDX,S&P500,1370.0,CE,0.0,0.0,0.0,151.0,164.85,0,0.0,0
2012-08-16,2013-06-21,OPTIDX,S&P500,1375.0,CE,0.0,0.0,0.0,148.3,161.45,0,0.0,0
2012-08-16,2013-06-21,OPTIDX,S&P500,1380.0,CE,0.0,0.0,0.0,145.65,158.1,0,0.0,0
2012-08-16,2013-06-21,OPTIDX,S&P500,1385.0,CE,0.0,0.0,0.0,143.05,154.8,0,0.0,0
2012-08-16,2013-06-21,OPTIDX,S&P500,1390.0,CE,0.0,0.0,0.0,140.5,151.55,0,0.0,0
2012-08-16,2013-06-21,OPTIDX,S&P500,1395.0,CE,0.0,0.0,0.0,145.75,148.3,0,0.0,0
2012-08-16,2013-06-21,OPTIDX,S&P500,1400.0,CE,0.0,0.0,0.0,135.4,145.1,0,0.0,0
2012-08-16,2013-06-21,OPTIDX,S&P500,1405.0,CE,0.0,0.0,0.0,140.6,141.95,0,0.0,0
2012-08-16,2013-06-21,OPTIDX,S&P500,1410.0,CE,0.0,0.0,0.0,130.5,138.85,0,0.0,0
2012-08-16,2013-06-21,OPTIDX,S&P500,1415.0,CE,0.0,0.0,0.0,135.55,135.8,0,0.0,0
2012-08-16,2013-06-21,OPTIDX,S&P500,1420.0,CE,0.0,0.0,0.0,125.7,132.8,0,0.0,0
2012-08-16,2013-06-21,OPTIDX,S&P500,1425.0,CE,0.0,0.0,0.0,130.65,129.8,0,0.0,0
2012-08-16,2013-06-21,OPTIDX,S&P500,1430.0,CE,0.0,0.0,0.0,121.0,126.9,0,0.0,0
2012-08-16,2013-06-21,OPTIDX,S&P500,1435.0,CE,0.0,0.0,0.0,125.85,124.0,0,0.0,0
2012-08-16,2013-06-21,OPTIDX,S&P500,1440.0,CE,0.0,0.0,0.0,128.55,121.15,0,0.0,0
2012-08-16,2013-06-21,OPTIDX,S&P500,1445.0,CE,0.0,0.0,0.0,121.2,118.35,0,0.0,0
2012-08-16,2013-06-21,OPTIDX,S&P500,1450.0,CE,0.0,0.0,0.0,123.7,115.55,0,0.0,0
2012-08-16,2013-06-21,OPTIDX,S&P500,1455.0,CE,0.0,0.0,0.0,116.85,112.85,0,0.0,0
2012-08-16,2013-06-21,OPTIDX,S&P500,1460.0,CE,0.0,0.0,0.0,119.0,110.15,0,0.0,0
2012-08-16,2013-06-21,OPTIDX,S&P500,1465.0,CE,0.0,0.0,0.0,130.4,107.55,0,0.0,0
2012-08-16,2013-06-21,OPTIDX,S&P500,1470.0,CE,0.0,0.0,0.0,118.95,104.95,0,0.0,0
2012-08-16,2013-06-21,OPTIDX,S&P500,1475.0,CE,0.0,0.0,0.0,127.85,102.4,0,0.0,0
2012-08-16,2013-06-21,OPTIDX,S&P500,1480.0,CE,0.0,0.0,0.0,104.7,99.85,0,0.0,0
2012-08-16,2013-06-21,OPTIDX,S&P500,1485.0,CE,0.0,0.0,0.0,112.3,97.4,0,0.0,0
2012-08-16,2013-06-21,OPTIDX,S&P500,1490.0,CE,0.0,0.0,0.0,109.1,94.95,0,0.0,0
2012-08-16,2013-06-21,OPTIDX,S&P500,1495.0,CE,0.0,0.0,0.0,105.35,92.6,0,0.0,0
2012-08-16,2013-06-21,OPTIDX,S&P500,1500.0,CE,0.0,0.0,0.0,104.6,90.25,0,0.0,0
2012-08-16,2013-06-21,OPTIDX,S&P500,1505.0,CE,0.0,0.0,0.0,95.75,87.95,0,0.0,0
2012-08-16,2013-06-21,OPTIDX,S&P500,1215.0,PE,0.0,0.0,0.0,27.6,5.35,0,0.0,0
2012-08-16,2013-06-21,OPTIDX,S&P500,1220.0,PE,0.0,0.0,0.0,28.25,5.7,0,0.0,0
2012-08-16,2013-06-21,OPTIDX,S&P500,1225.0,PE,0.0,0.0,0.0,28.85,6.1,0,0.0,0
2012-08-16,2013-06-21,OPTIDX,S&P500,1230.0,PE,0.0,0.0,0.0,25.45,6.5,0,0.0,0
2012-08-16,2013-06-21,OPTIDX,S&P500,1235.0,PE,0.0,0.0,0.0,31.0,6.9,0,0.0,0
2012-08-16,2013-06-21,OPTIDX,S&P500,1240.0,PE,0.0,0.0,0.0,27.5,7.35,0,0.0,0
2012-08-16,2013-06-21,OPTIDX,S&P500,1245.0,PE,0.0,0.0,0.0,26.35,7.8,0,0.0,0
2012-08-16,2013-06-21,OPTIDX,S&P500,1250.0,PE,0.0,0.0,0.0,29.65,8.3,0,0.0,0
2012-08-16,2013-06-21,OPTIDX,S&P500,1255.0,PE,0.0,0.0,0.0,28.45,8.8,0,0.0,0
2012-08-16,2013-06-21,OPTIDX,S&P500,1260.0,PE,0.0,0.0,0.0,31.95,9.35,0,0.0,0
2012-08-16,2013-06-21,OPTIDX,S&P500,1265.0,PE,0.0,0.0,0.0,30.6,9.9,0,0.0,0
2012-08-16,2013-06-21,OPTIDX,S&P500,1270.0,PE,0.0,0.0,0.0,34.35,10.5,0,0.0,0
2012-08-16,2013-06-21,OPTIDX,S&P500,1275.0,PE,0.0,0.0,0.0,35.55,11.1,0,0.0,0
2012-08-16,2013-06-21,OPTIDX,S&P500,1280.0,PE,0.0,0.0,0.0,36.8,11.75,0,0.0,0
2012-08-16,2013-06-21,OPTIDX,S&P500,1285.0,PE,0.0,0.0,0.0,38.1,12.4,0,0.0,0
2012-08-16,2013-06-21,OPTIDX,S&P500,1290.0,PE,0.0,0.0,0.0,39.45,13.1,0,0.0,0
2012-08-16,2013-06-21,OPTIDX,S&P500,1295.0,PE,0.0,0.0,0.0,40.8,13.8,0,0.0,0
2012-08-16,2013-06-21,OPTIDX,S&P500,1300.0,PE,0.0,0.0,0.0,42.15,14.55,0,0.0,0
2012-08-16,2013-06-21,OPTIDX,S&P500,1305.0,PE,0.0,0.0,0.0,43.6,15.3,0,0.0,0
2012-08-16,2013-06-21,OPTIDX,S&P500,1310.0,PE,0.0,0.0,0.0,44.95,16.15,0,0.0,0
2012-08-16,2013-06-21,OPTIDX,S&P500,1315.0,PE,0.0,0.0,0.0,46.45,16.95,0,0.0,0
2012-08-16,2013-06-21,OPTIDX,S&P500,1320.0,PE,0.0,0.0,0.0,47.95,17.85,0,0.0,0
2012-08-16,2013-06-21,OPTIDX,S&P500,1325.0,PE,0.0,0.0,0.0,49.5,18.75,0,0.0,0
2012-08-16,2013-06-21,OPTIDX,S&P500,1330.0,PE,0.0,0.0,0.0,51.05,19.7,0,0.0,0
2012-08-16,2013-06-21,OPTIDX,S&P500,1335.0,PE,0.0,0.0,0.0,52.65,20.65,0,0.0,0
2012-08-16,2013-06-21,OPTIDX,S&P500,1340.0,PE,0.0,0.0,0.0,54.3,21.65,0,0.0,0
2012-08-16,2013-06-21,OPTIDX,S&P500,1345.0,PE,0.0,0.0,0.0,56.0,22.7,0,0.0,0
2012-08-16,2013-06-21,OPTIDX,S&P500,1350.0,PE,0.0,0.0,0.0,57.7,23.75,0,0.0,0
2012-08-16,2013-06-21,OPTIDX,S&P500,1355.0,PE,0.0,0.0,0.0,59.4,24.9,0,0.0,0
2012-08-16,2013-06-21,OPTIDX,S&P500,1360.0,PE,0.0,0.0,0.0,61.15,26.05,0,0.0,0
2012-08-16,2013-06-21,OPTIDX,S&P500,1365.0,PE,0.0,0.0,0.0,62.95,27.25,0,0.0,0
2012-08-16,2013-06-21,OPTIDX,S&P500,1370.0,PE,0.0,0.0,0.0,64.8,28.5,0,0.0,0
2012-08-16,2013-06-21,OPTIDX,S&P500,1375.0,PE,0.0,0.0,0.0,66.65,29.75,0,0.0,0
2012-08-16,2013-06-21,OPTIDX,S&P500,1380.0,PE,0.0,0.0,0.0,68.55,31.0,0,0.0,0
2012-08-16,2013-06-21,OPTIDX,S&P500,1385.0,PE,0.0,0.0,0.0,70.5,32.35,0,0.0,0
2012-08-16,2013-06-21,OPTIDX,S&P500,1390.0,PE,0.0,0.0,0.0,72.45,33.7,0,0.0,0
2012-08-16,2013-06-21,OPTIDX,S&P500,1395.0,PE,0.0,0.0,0.0,70.0,35.1,0,0.0,0
2012-08-16,2013-06-21,OPTIDX,S&P500,1400.0,PE,0.0,0.0,0.0,76.45,36.55,0,0.0,0
2012-08-16,2013-06-21,OPTIDX,S&P500,1405.0,PE,0.0,0.0,0.0,73.9,38.05,0,0.0,0
2012-08-16,2013-06-21,OPTIDX,S&P500,1410.0,PE,0.0,0.0,0.0,80.6,39.55,0,0.0,0
2012-08-16,2013-06-21,OPTIDX,S&P500,1415.0,PE,0.0,0.0,0.0,77.95,41.15,0,0.0,0
2012-08-16,2013-06-21,OPTIDX,S&P500,1420.0,PE,0.0,0.0,0.0,84.85,42.75,0,0.0,0
2012-08-16,2013-06-21,OPTIDX,S&P500,1425.0,PE,0.0,0.0,0.0,82.1,44.4,0,0.0,0
2012-08-16,2013-06-21,OPTIDX,S&P500,1430.0,PE,0.0,0.0,0.0,89.25,46.1,0,0.0,0
2012-08-16,2013-06-21,OPTIDX,S&P500,1435.0,PE,0.0,0.0,0.0,86.4,47.85,0,0.0,0
2012-08-16,2013-06-21,OPTIDX,S&P500,1440.0,PE,0.0,0.0,0.0,79.55,49.65,0,0.0,0
2012-08-16,2013-06-21,OPTIDX,S&P500,1445.0,PE,0.0,0.0,0.0,90.85,51.45,0,0.0,0
2012-08-16,2013-06-21,OPTIDX,S&P500,1450.0,PE,0.0,0.0,0.0,83.85,53.35,0,0.0,0
2012-08-16,2013-06-21,OPTIDX,S&P500,1455.0,PE,0.0,0.0,0.0,83.8,55.25,0,0.0,0
2012-08-16,2013-06-21,OPTIDX,S&P500,1460.0,PE,0.0,0.0,0.0,88.25,57.2,0,0.0,0
2012-08-16,2013-06-21,OPTIDX,S&P500,1465.0,PE,0.0,0.0,0.0,102.2,59.2,0,0.0,0
2012-08-16,2013-06-21,OPTIDX,S&P500,1470.0,PE,0.0,0.0,0.0,95.35,61.2,0,0.0,0
2012-08-16,2013-06-21,OPTIDX,S&P500,1475.0,PE,0.0,0.0,0.0,100.9,63.3,0,0.0,0
2012-08-16,2013-06-21,OPTIDX,S&P500,1480.0,PE,0.0,0.0,0.0,89.3,65.4,0,0.0,0
2012-08-16,2013-06-21,OPTIDX,S&P500,1485.0,PE,0.0,0.0,0.0,94.3,67.55,0,0.0,0
2012-08-16,2013-06-21,OPTIDX,S&P500,1490.0,PE,0.0,0.0,0.0,93.35,69.8,0,0.0,0
2012-08-16,2013-06-21,OPTIDX,S&P500,1495.0,PE,0.0,0.0,0.0,91.55,72.0,0,0.0,0
2012-08-16,2013-06-21,OPTIDX,S&P500,1500.0,PE,0.0,0.0,0.0,88.55,74.3,0,0.0,0
2012-08-16,2013-06-21,OPTIDX,S&P500,1505.0,PE,0.0,0.0,0.0,85.1,76.65,0,0.0,0
2012-08-16,2012-08-30,OPTSTK,ABAN,220.0,CE,0.0,0.0,0.0,143.85,185.6,0,0.0,0
2012-08-16,2012-08-30,OPTSTK,ABAN,240.0,CE,0.0,0.0,0.0,124.8,165.65,0,0.0,0
2012-08-16,2012-08-30,OPTSTK,ABAN,260.0,CE,0.0,0.0,0.0,106.3,145.75,0,0.0,0
2012-08-16,2012-08-30,OPTSTK,ABAN,280.0,CE,0.0,0.0,0.0,88.8,125.8,0,0.0,0
2012-08-16,2012-08-30,OPTSTK,ABAN,300.0,CE,0.0,0.0,0.0,72.6,105.85,0,0.0,0
2012-08-16,2012-08-30,OPTSTK,ABAN,320.0,CE,0.0,0.0,0.0,58.1,85.95,0,0.0,0
2012-08-16,2012-08-30,OPTSTK,ABAN,340.0,CE,0.0,0.0,0.0,57.05,66.1,0,0.0,1500
2012-08-16,2012-08-30,OPTSTK,ABAN,360.0,CE,47.35,47.35,47.2,47.2,47.2,2,4.07,23000
2012-08-16,2012-08-30,OPTSTK,ABAN,380.0,CE,33.5,33.5,32.2,32.2,32.2,3,6.18,43000
2012-08-16,2012-08-30,OPTSTK,ABAN,400.0,CE,20.0,20.0,13.0,16.1,16.1,27,56.15,55000
2012-08-16,2012-08-30,OPTSTK,ABAN,420.0,CE,7.0,9.0,4.7,6.25,6.25,49,104.65,47500
2012-08-16,2012-08-30,OPTSTK,ABAN,440.0,CE,3.6,3.6,1.7,2.35,2.35,5,11.05,34000
2012-08-16,2012-08-30,OPTSTK,ABAN,460.0,CE,1.2,2.0,1.2,2.0,2.0,5,11.54,7000
2012-08-16,2012-08-30,OPTSTK,ABAN,480.0,CE,0.0,0.0,0.0,2.0,0.15,0,0.0,1000
2012-08-16,2012-08-30,OPTSTK,ABAN,500.0,CE,0.0,0.0,0.0,2.0,0.05,0,0.0,0
2012-08-16,2012-08-30,OPTSTK,ABAN,520.0,CE,0.0,0.0,0.0,1.0,0.0,0,0.0,0
2012-08-16,2012-08-30,OPTSTK,ABAN,540.0,CE,0.0,0.0,0.0,1.6,0.0,0,0.0,0
2012-08-16,2012-08-30,OPTSTK,ABAN,560.0,CE,0.0,0.0,0.0,1.1,0.0,0,0.0,0
2012-08-16,2012-08-30,OPTSTK,ABAN,220.0,PE,0.0,0.0,0.0,0.25,0.0,0,0.0,0
2012-08-16,2012-08-30,OPTSTK,ABAN,240.0,PE,0.0,0.0,0.0,0.7,0.0,0,0.0,0
2012-08-16,2012-08-30,OPTSTK,ABAN,260.0,PE,0.0,0.0,0.0,1.75,0.0,0,0.0,0
2012-08-16,2012-08-30,OPTSTK,ABAN,280.0,PE,0.0,0.0,0.0,0.05,0.0,0,0.0,0
2012-08-16,2012-08-30,OPTSTK,ABAN,300.0,PE,0.0,0.0,0.0,7.1,0.0,0,0.0,0
2012-08-16,2012-08-30,OPTSTK,ABAN,320.0,PE,0.0,0.0,0.0,2.45,0.0,0,0.0,0
2012-08-16,2012-08-30,OPTSTK,ABAN,340.0,PE,0.0,0.0,0.0,1.0,0.1,0,0.0,4000
2012-08-16,2012-08-30,OPTSTK,ABAN,360.0,PE,0.75,0.8,0.75,0.8,0.8,3,5.41,17000
2012-08-16,2012-08-30,OPTSTK,ABAN,380.0,PE,3.75,4.0,3.75,4.0,4.0,2,3.83,17500
2012-08-16,2012-08-30,OPTSTK,ABAN,400.0,PE,7.75,10.15,7.65,9.85,9.85,8,16.35,20500
2012-08-16,2012-08-30,OPTSTK,ABAN,420.0,PE,20.65,20.65,20.65,20.65,20.65,1,2.2,1000
2012-08-16,2012-08-30,OPTSTK,ABAN,440.0,PE,0.0,0.0,0.0,46.1,35.9,0,0.0,1000
2012-08-16,2012-08-30,OPTSTK,ABAN,460.0,PE,0.0,0.0,0.0,97.8,54.25,0,0.0,0
2012-08-16,2012-08-30,OPTSTK,ABAN,480.0,PE,0.0,0.0,0.0,100.0,73.7,0,0.0,2500
2012-08-16,2012-08-30,OPTSTK,ABAN,500.0,PE,0.0,0.0,0.0,133.15,93.5,0,0.0,0
2012-08-16,2012-08-30,OPTSTK,ABAN,520.0,PE,0.0,0.0,0.0,151.55,113.45,0,0.0,0
2012-08-16,2012-08-30,OPTSTK,ABAN,540.0,PE,0.0,0.0,0.0,170.3,133.35,0,0.0,0
2012-08-16,2012-08-30,OPTSTK,ABAN,560.0,PE,0.0,0.0,0.0,189.3,153.3,0,0.0,0
2012-08-16,2012-09-27,OPTSTK,ABAN,220.0,CE,0.0,0.0,0.0,164.3,187.15,0,0.0,0
2012-08-16,2012-09-27,OPTSTK,ABAN,240.0,CE,0.0,0.0,0.0,145.05,167.35,0,0.0,0
2012-08-16,2012-09-27,OPTSTK,ABAN,260.0,CE,0.0,0.0,0.0,126.15,147.55,0,0.0,0
2012-08-16,2012-09-27,OPTSTK,ABAN,280.0,CE,0.0,0.0,0.0,107.9,127.8,0,0.0,0
2012-08-16,2012-09-27,OPTSTK,ABAN,300.0,CE,0.0,0.0,0.0,90.65,108.1,0,0.0,0
2012-08-16,2012-09-27,OPTSTK,ABAN,320.0,CE,0.0,0.0,0.0,74.8,88.65,0,0.0,0
2012-08-16,2012-09-27,OPTSTK,ABAN,340.0,CE,0.0,0.0,0.0,60.5,69.95,0,0.0,0
2012-08-16,2012-09-27,OPTSTK,ABAN,360.0,CE,0.0,0.0,0.0,43.55,52.65,0,0.0,4000
2012-08-16,2012-09-27,OPTSTK,ABAN,380.0,CE,0.0,0.0,0.0,37.9,37.55,0,0.0,4000
2012-08-16,2012-09-27,OPTSTK,ABAN,400.0,CE,0.0,0.0,0.0,28.8,25.25,0,0.0,0
2012-08-16,2012-09-27,OPTSTK,ABAN,420.0,CE,0.0,0.0,0.0,21.75,16.0,0,0.0,0
2012-08-16,2012-09-27,OPTSTK,ABAN,440.0,CE,0.0,0.0,0.0,16.2,9.55,0,0.0,0
2012-08-16,2012-09-27,OPTSTK,ABAN,460.0,CE,0.0,0.0,0.0,11.9,5.35,0,0.0,0
2012-08-16,2012-09-27,OPTSTK,ABAN,480.0,CE,0.0,0.0,0.0,8.65,2.85,0,0.0,0
2012-08-16,2012-09-27,OPTSTK,ABAN,500.0,CE,0.0,0.0,0.0,6.2,1.45,0,0.0,0
2012-08-16,2012-09-27,OPTSTK,ABAN,520.0,CE,0.0,0.0,0.0,4.4,0.7,0,0.0,0
2012-08-16,2012-09-27,OPTSTK,ABAN,540.0,CE,0.0,0.0,0.0,3.1,0.35,0,0.0,0
2012-08-16,2012-09-27,OPTSTK,ABAN,560.0,CE,0.0,0.0,0.0,2.15,0.15,0,0.0,0
2012-08-16,2012-09-27,OPTSTK,ABAN,220.0,PE,0.0,0.0,0.0,0.15,0.0,0,0.0,0
2012-08-16,2012-09-27,OPTSTK,ABAN,240.0,PE,0.0,0.0,0.0,0.4,0.0,0,0.0,0
2012-08-16,2012-09-27,OPTSTK,ABAN,260.0,PE,0.0,0.0,0.0,1.05,0.0,0,0.0,0
2012-08-16,2012-09-27,OPTSTK,ABAN,280.0,PE,0.0,0.0,0.0,2.35,0.05,0,0.0,0
2012-08-16,2012-09-27,OPTSTK,ABAN,300.0,PE,0.0,0.0,0.0,4.65,0.15,0,0.0,0
2012-08-16,2012-09-27,OPTSTK,ABAN,320.0,PE,0.0,0.0,0.0,8.3,0.5,0,0.0,0
2012-08-16,2012-09-27,OPTSTK,ABAN,340.0,PE,0.0,0.0,0.0,13.55,1.6,0,0.0,0
2012-08-16,2012-09-27,OPTSTK,ABAN,360.0,PE,0.0,0.0,0.0,20.65,4.1,0,0.0,0
2012-08-16,2012-09-27,OPTSTK,ABAN,380.0,PE,0.0,0.0,0.0,29.6,8.75,0,0.0,0
2012-08-16,2012-09-27,OPTSTK,ABAN,400.0,PE,0.0,0.0,0.0,24.05,16.25,0,0.0,500
2012-08-16,2012-09-27,OPTSTK,ABAN,420.0,PE,0.0,0.0,0.0,52.9,26.8,0,0.0,0
2012-08-16,2012-09-27,OPTSTK,ABAN,440.0,PE,0.0,0.0,0.0,66.9,40.15,0,0.0,0
2012-08-16,2012-09-27,OPTSTK,ABAN,460.0,PE,0.0,0.0,0.0,82.15,55.75,0,0.0,0
2012-08-16,2012-09-27,OPTSTK,ABAN,480.0,PE,0.0,0.0,0.0,98.4,73.05,0,0.0,0
2012-08-16,2012-09-27,OPTSTK,ABAN,500.0,PE,0.0,0.0,0.0,115.5,91.45,0,0.0,0
2012-08-16,2012-09-27,OPTSTK,ABAN,520.0,PE,0.0,0.0,0.0,133.25,110.5,0,0.0,0
2012-08-16,2012-09-27,OPTSTK,ABAN,540.0,PE,0.0,0.0,0.0,151.5,129.9,0,0.0,0
2012-08-16,2012-09-27,OPTSTK,ABAN,560.0,PE,0.0,0.0,0.0,170.1,149.5,0,0.0,0
2012-08-16,2012-08-30,OPTSTK,ABB,480.0,CE,0.0,0.0,0.0,265.8,289.55,0,0.0,0
2012-08-16,2012-08-30,OPTSTK,ABB,500.0,CE,0.0,0.0,0.0,246.35,269.65,0,0.0,0
2012-08-16,2012-08-30,OPTSTK,ABB,520.0,CE,0.0,0.0,0.0,226.95,249.7,0,0.0,0
2012-08-16,2012-08-30,OPTSTK,ABB,540.0,CE,0.0,0.0,0.0,207.7,229.8,0,0.0,0
2012-08-16,2012-08-30,OPTSTK,ABB,560.0,CE,0.0,0.0,0.0,188.7,209.85,0,0.0,0
2012-08-16,2012-08-30,OPTSTK,ABB,580.0,CE,0.0,0.0,0.0,170.05,189.9,0,0.0,0
2012-08-16,2012-08-30,OPTSTK,ABB,600.0,CE,0.0,0.0,0.0,151.85,170.0,0,0.0,0
2012-08-16,2012-08-30,OPTSTK,ABB,620.0,CE,0.0,0.0,0.0,134.3,150.05,0,0.0,0
2012-08-16,2012-08-30,OPTSTK,ABB,640.0,CE,0.0,0.0,0.0,117.55,130.15,0,0.0,0
2012-08-16,2012-08-30,OPTSTK,ABB,660.0,CE,0.0,0.0,0.0,101.8,110.3,0,0.0,0
2012-08-16,2012-08-30,OPTSTK,ABB,680.0,CE,0.0,0.0,0.0,87.2,90.65,0,0.0,0
2012-08-16,2012-08-30,OPTSTK,ABB,700.0,CE,0.0,0.0,0.0,73.75,71.6,0,0.0,0
2012-08-16,2012-08-30,OPTSTK,ABB,720.0,CE,0.0,0.0,0.0,61.7,53.7,0,0.0,0
2012-08-16,2012-08-30,OPTSTK,ABB,740.0,CE,0.0,0.0,0.0,51.05,37.9,0,0.0,0
2012-08-16,2012-08-30,OPTSTK,ABB,760.0,CE,0.0,0.0,0.0,35.7,24.85,0,0.0,250
2012-08-16,2012-08-30,OPTSTK,ABB,780.0,CE,0.0,0.0,0.0,33.75,15.05,0,0.0,0
2012-08-16,2012-08-30,OPTSTK,ABB,800.0,CE,0.0,0.0,0.0,26.95,8.35,0,0.0,0
2012-08-16,2012-08-30,OPTSTK,ABB,820.0,CE,0.0,0.0,0.0,21.3,4.25,0,0.0,0
2012-08-16,2012-08-30,OPTSTK,ABB,840.0,CE,0.0,0.0,0.0,16.75,2.0,0,0.0,0
2012-08-16,2012-08-30,OPTSTK,ABB,860.0,CE,0.0,0.0,0.0,12.95,0.85,0,0.0,0
2012-08-16,2012-08-30,OPTSTK,ABB,880.0,CE,0.0,0.0,0.0,9.95,0.35,0,0.0,0
2012-08-16,2012-08-30,OPTSTK,ABB,900.0,CE,0.0,0.0,0.0,7.55,0.15,0,0.0,0
2012-08-16,2012-08-30,OPTSTK,ABB,920.0,CE,0.0,0.0,0.0,5.7,0.05,0,0.0,0
2012-08-16,2012-08-30,OPTSTK,ABB,940.0,CE,0.0,0.0,0.0,4.25,0.05,0,0.0,0
2012-08-16,2012-08-30,OPTSTK,ABB,960.0,CE,0.0,0.0,0.0,3.15,0.0,0,0.0,0
2012-08-16,2012-08-30,OPTSTK,ABB,980.0,CE,0.0,0.0,0.0,2.3,0.0,0,0.0,0
2012-08-16,2012-08-30,OPTSTK,ABB,1000.0,CE,0.0,0.0,0.0,1.7,0.0,0,0.0,0
2012-08-16,2012-08-30,OPTSTK,ABB,1020.0,CE,0.0,0.0,0.0,1.25,0.0,0,0.0,0
2012-08-16,2012-08-30,OPTSTK,ABB,1040.0,CE,0.0,0.0,0.0,0.9,0.0,0,0.0,0
2012-08-16,2012-08-30,OPTSTK,ABB,1060.0,CE,0.0,0.0,0.0,0.65,0.0,0,0.0,0
2012-08-16,2012-08-30,OPTSTK,ABB,1080.0,CE,0.0,0.0,0.0,0.45,0.0,0,0.0,0
2012-08-16,2012-08-30,OPTSTK,ABB,1100.0,CE,0.0,0.0,0.0,0.35,0.0,0,0.0,0
2012-08-16,2012-08-30,OPTSTK,ABB,480.0,PE,0.0,0.0,0.0,0.05,0.0,0,0.0,0
2012-08-16,2012-08-30,OPTSTK,ABB,500.0,PE,0.0,0.0,0.0,0.15,0.0,0,0.0,0
2012-08-16,2012-08-30,OPTSTK,ABB,520.0,PE,0.0,0.0,0.0,0.3,0.0,0,0.0,0
2012-08-16,2012-08-30,OPTSTK,ABB,540.0,PE,0.0,0.0,0.0,0.55,0.0,0,0.0,0
2012-08-16,2012-08-30,OPTSTK,ABB,560.0,PE,0.0,0.0,0.0,1.05,0.0,0,0.0,0
2012-08-16,2012-08-30,OPTSTK,ABB,580.0,PE,0.0,0.0,0.0,1.9,0.0,0,0.0,0
2012-08-16,2012-08-30,OPTSTK,ABB,600.0,PE,0.0,0.0,0.0,3.25,0.0,0,0.0,0
2012-08-16,2012-08-30,OPTSTK,ABB,620.0,PE,0.0,0.0,0.0,5.2,0.0,0,0.0,0
2012-08-16,2012-08-30,OPTSTK,ABB,640.0,PE,0.0,0.0,0.0,8.0,0.05,0,0.0,0
2012-08-16,2012-08-30,OPTSTK,ABB,660.0,PE,0.0,0.0,0.0,11.75,0.1,0,0.0,0
2012-08-16,2012-08-30,OPTSTK,ABB,680.0,PE,0.0,0.0,0.0,16.65,0.4,0,0.0,0
2012-08-16,2012-08-30,OPTSTK,ABB,700.0,PE,0.0,0.0,0.0,22.75,1.3,0,0.0,0
2012-08-16,2012-08-30,OPTSTK,ABB,720.0,PE,0.0,0.0,0.0,30.25,3.35,0,0.0,0
2012-08-16,2012-08-30,OPTSTK,ABB,740.0,PE,0.0,0.0,0.0,39.1,7.5,0,0.0,0
2012-08-16,2012-08-30,OPTSTK,ABB,760.0,PE,0.0,0.0,0.0,14.95,14.35,0,0.0,250
2012-08-16,2012-08-30,OPTSTK,ABB,780.0,PE,0.0,0.0,0.0,60.8,24.45,0,0.0,0
2012-08-16,2012-08-30,OPTSTK,ABB,800.0,PE,0.0,0.0,0.0,73.55,37.7,0,0.0,0
2012-08-16,2012-08-30,OPTSTK,ABB,820.0,PE,0.0,0.0,0.0,87.4,53.55,0,0.0,0
2012-08-16,2012-08-30,OPTSTK,ABB,840.0,PE,0.0,0.0,0.0,102.35,71.25,0,0.0,0
2012-08-16,2012-08-30,OPTSTK,ABB,860.0,PE,0.0,0.0,0.0,118.05,90.05,0,0.0,0
2012-08-16,2012-08-30,OPTSTK,ABB,880.0,PE,0.0,0.0,0.0,134.6,109.45,0,0.0,0
2012-08-16,2012-08-30,OPTSTK,ABB,900.0,PE,0.0,0.0,0.0,151.7,129.2,0,0.0,0
2012-08-16,2012-08-30,OPTSTK,ABB,920.0,PE,0.0,0.0,0.0,169.35,149.05,0,0.0,0
2012-08-16,2012-08-30,OPTSTK,ABB,940.0,PE,0.0,0.0,0.0,187.45,168.95,0,0.0,0
2012-08-16,2012-08-30,OPTSTK,ABB,960.0,PE,0.0,0.0,0.0,205.85,188.85,0,0.0,0
2012-08-16,2012-08-30,OPTSTK,ABB,980.0,PE,0.0,0.0,0.0,224.55,208.8,0,0.0,0
2012-08-16,2012-08-30,OPTSTK,ABB,1000.0,PE,0.0,0.0,0.0,243.45,228.75,0,0.0,0
2012-08-16,2012-08-30,OPTSTK,ABB,1020.0,PE,0.0,0.0,0.0,262.5,248.65,0,0.0,0
2012-08-16,2012-08-30,OPTSTK,ABB,1040.0,PE,0.0,0.0,0.0,281.7,268.6,0,0.0,0
2012-08-16,2012-08-30,OPTSTK,ABB,1060.0,PE,0.0,0.0,0.0,300.95,288.55,0,0.0,0
2012-08-16,2012-08-30,OPTSTK,ABB,1080.0,PE,0.0,0.0,0.0,320.3,308.45,0,0.0,0
2012-08-16,2012-08-30,OPTSTK,ABB,1100.0,PE,0.0,0.0,0.0,339.7,328.4,0,0.0,0
2012-08-16,2012-09-27,OPTSTK,ABB,480.0,CE,0.0,0.0,0.0,323.25,292.95,0,0.0,0
2012-08-16,2012-09-27,OPTSTK,ABB,500.0,CE,0.0,0.0,0.0,303.7,273.15,0,0.0,0
2012-08-16,2012-09-27,OPTSTK,ABB,520.0,CE,0.0,0.0,0.0,284.2,253.35,0,0.0,0
2012-08-16,2012-09-27,OPTSTK,ABB,540.0,CE,0.0,0.0,0.0,264.7,233.55,0,0.0,0
2012-08-16,2012-09-27,OPTSTK,ABB,560.0,CE,0.0,0.0,0.0,245.25,213.8,0,0.0,0
2012-08-16,2012-09-27,OPTSTK,ABB,580.0,CE,0.0,0.0,0.0,225.95,194.05,0,0.0,0
2012-08-16,2012-09-27,OPTSTK,ABB,600.0,CE,0.0,0.0,0.0,206.75,174.4,0,0.0,0
2012-08-16,2012-09-27,OPTSTK,ABB,620.0,CE,0.0,0.0,0.0,187.8,154.9,0,0.0,0
2012-08-16,2012-09-27,OPTSTK,ABB,640.0,CE,0.0,0.0,0.0,169.25,135.75,0,0.0,0
2012-08-16,2012-09-27,OPTSTK,ABB,660.0,CE,0.0,0.0,0.0,151.2,117.15,0,0.0,0
2012-08-16,2012-09-27,OPTSTK,ABB,680.0,CE,0.0,0.0,0.0,133.8,99.3,0,0.0,0
2012-08-16,2012-09-27,OPTSTK,ABB,700.0,CE,0.0,0.0,0.0,117.25,82.55,0,0.0,0
2012-08-16,2012-09-27,OPTSTK,ABB,720.0,CE,0.0,0.0,0.0,101.65,67.2,0,0.0,0
2012-08-16,2012-09-27,OPTSTK,ABB,740.0,CE,0.0,0.0,0.0,87.25,53.45,0,0.0,0
2012-08-16,2012-09-27,OPTSTK,ABB,760.0,CE,0.0,0.0,0.0,73.95,41.5,0,0.0,0
2012-08-16,2012-09-27,OPTSTK,ABB,780.0,CE,0.0,0.0,0.0,62.05,31.5,0,0.0,0
2012-08-16,2012-09-27,OPTSTK,ABB,800.0,CE,0.0,0.0,0.0,51.45,23.3,0,0.0,0
2012-08-16,2012-09-27,OPTSTK,ABB,820.0,CE,0.0,0.0,0.0,42.2,16.8,0,0.0,0
2012-08-16,2012-09-27,OPTSTK,ABB,840.0,CE,0.0,0.0,0.0,34.2,11.85,0,0.0,0
2012-08-16,2012-09-27,OPTSTK,ABB,860.0,CE,0.0,0.0,0.0,27.45,8.15,0,0.0,0
2012-08-16,2012-09-27,OPTSTK,ABB,880.0,CE,0.0,0.0,0.0,21.75,5.5,0,0.0,0
2012-08-16,2012-09-27,OPTSTK,ABB,900.0,CE,0.0,0.0,0.0,17.15,3.6,0,0.0,0
2012-08-16,2012-09-27,OPTSTK,ABB,920.0,CE,0.0,0.0,0.0,13.3,2.35,0,0.0,0
2012-08-16,2012-09-27,OPTSTK,ABB,940.0,CE,0.0,0.0,0.0,10.25,1.45,0,0.0,0
2012-08-16,2012-09-27,OPTSTK,ABB,960.0,CE,0.0,0.0,0.0,7.8,0.9,0,0.0,0
2012-08-16,2012-09-27,OPTSTK,ABB,980.0,CE,0.0,0.0,0.0,5.9,0.55,0,0.0,0
2012-08-16,2012-09-27,OPTSTK,ABB,1000.0,CE,0.0,0.0,0.0,4.45,0.35,0,0.0,0
2012-08-16,2012-09-27,OPTSTK,ABB,1020.0,CE,0.0,0.0,0.0,3.3,0.2,0,0.0,0
2012-08-16,2012-09-27,OPTSTK,ABB,1040.0,CE,0.0,0.0,0.0,2.45,0.15,0,0.0,0
2012-08-16,2012-09-27,OPTSTK,ABB,1060.0,CE,0.0,0.0,0.0,1.8,0.1,0,0.0,0
2012-08-16,2012-09-27,OPTSTK,ABB,1080.0,CE,0.0,0.0,0.0,1.3,0.05,0,0.0,0
2012-08-16,2012-09-27,OPTSTK,ABB,1100.0,CE,0.0,0.0,0.0,0.95,0.05,0,0.0,0
2012-08-16,2012-09-27,OPTSTK,ABB,480.0,PE,0.0,0.0,0.0,0.05,0.0,0,0.0,0
2012-08-16,2012-09-27,OPTSTK,ABB,500.0,PE,0.0,0.0,0.0,0.05,0.0,0,0.0,0
2012-08-16,2012-09-27,OPTSTK,ABB,520.0,PE,0.0,0.0,0.0,0.05,0.0,0,0.0,0
2012-08-16,2012-09-27,OPTSTK,ABB,540.0,PE,0.0,0.0,0.0,0.1,0.05,0,0.0,0
2012-08-16,2012-09-27,OPTSTK,ABB,560.0,PE,0.0,0.0,0.0,0.2,0.05,0,0.0,0
2012-08-16,2012-09-27,OPTSTK,ABB,580.0,PE,0.0,0.0,0.0,0.4,0.1,0,0.0,0
2012-08-16,2012-09-27,OPTSTK,ABB,600.0,PE,0.0,0.0,0.0,0.75,0.25,0,0.0,0
2012-08-16,2012-09-27,OPTSTK,ABB,620.0,PE,0.0,0.0,0.0,1.35,0.55,0,0.0,0
2012-08-16,2012-09-27,OPTSTK,ABB,640.0,PE,0.0,0.0,0.0,2.35,1.2,0,0.0,0
2012-08-16,2012-09-27,OPTSTK,ABB,660.0,PE,0.0,0.0,0.0,3.8,2.35,0,0.0,0
2012-08-16,2012-09-27,OPTSTK,ABB,680.0,PE,0.0,0.0,0.0,5.95,4.3,0,0.0,0
2012-08-16,2012-09-27,OPTSTK,ABB,700.0,PE,0.0,0.0,0.0,8.9,7.35,0,0.0,0
2012-08-16,2012-09-27,OPTSTK,ABB,720.0,PE,0.0,0.0,0.0,12.9,11.8,0,0.0,0
2012-08-16,2012-09-27,OPTSTK,ABB,740.0,PE,0.0,0.0,0.0,17.95,17.85,0,0.0,0
2012-08-16,2012-09-27,OPTSTK,ABB,760.0,PE,0.0,0.0,0.0,24.25,25.7,0,0.0,0
2012-08-16,2012-09-27,OPTSTK,ABB,780.0,PE,0.0,0.0,0.0,31.85,35.45,0,0.0,0
2012-08-16,2012-09-27,OPTSTK,ABB,800.0,PE,0.0,0.0,0.0,40.8,47.1,0,0.0,0
2012-08-16,2012-09-27,OPTSTK,ABB,820.0,PE,0.0,0.0,0.0,51.05,60.4,0,0.0,0
2012-08-16,2012-09-27,OPTSTK,ABB,840.0,PE,0.0,0.0,0.0,62.6,75.25,0,0.0,0
2012-08-16,2012-09-27,OPTSTK,ABB,860.0,PE,0.0,0.0,0.0,75.4,91.35,0,0.0,0
2012-08-16,2012-09-27,OPTSTK,ABB,880.0,PE,0.0,0.0,0.0,89.25,108.45,0,0.0,0
2012-08-16,2012-09-27,OPTSTK,ABB,900.0,PE,0.0,0.0,0.0,104.15,126.35,0,0.0,0
2012-08-16,2012-09-27,OPTSTK,ABB,920.0,PE,0.0,0.0,0.0,119.85,144.85,0,0.0,0
2012-08-16,2012-09-27,OPTSTK,ABB,940.0,PE,0.0,0.0,0.0,136.35,163.8,0,0.0,0
2012-08-16,2012-09-27,OPTSTK,ABB,960.0,PE,0.0,0.0,0.0,153.45,183.05,0,0.0,0
2012-08-16,2012-09-27,OPTSTK,ABB,980.0,PE,0.0,0.0,0.0,171.05,202.5,0,0.0,0
2012-08-16,2012-09-27,OPTSTK,ABB,1000.0,PE,0.0,0.0,0.0,189.1,222.05,0,0.0,0
2012-08-16,2012-09-27,OPTSTK,ABB,1020.0,PE,0.0,0.0,0.0,207.5,241.7,0,0.0,0
2012-08-16,2012-09-27,OPTSTK,ABB,1040.0,PE,0.0,0.0,0.0,226.2,261.45,0,0.0,0
2012-08-16,2012-09-27,OPTSTK,ABB,1060.0,PE,0.0,0.0,0.0,245.05,281.15,0,0.0,0
2012-08-16,2012-09-27,OPTSTK,ABB,1080.0,PE,0.0,0.0,0.0,264.1,300.95,0,0.0,0
2012-08-16,2012-09-27,OPTSTK,ABB,1100.0,PE,0.0,0.0,0.0,283.3,320.7,0,0.0,0
2012-08-16,2012-10-25,OPTSTK,ABB,480.0,CE,0.0,0.0,0.0,277.6,296.2,0,0.0,0
2012-08-16,2012-10-25,OPTSTK,ABB,500.0,CE,0.0,0.0,0.0,258.05,276.55,0,0.0,0
2012-08-16,2012-10-25,OPTSTK,ABB,520.0,CE,0.0,0.0,0.0,238.55,256.95,0,0.0,0
2012-08-16,2012-10-25,OPTSTK,ABB,540.0,CE,0.0,0.0,0.0,219.15,237.35,0,0.0,0
2012-08-16,2012-10-25,OPTSTK,ABB,560.0,CE,0.0,0.0,0.0,199.85,217.85,0,0.0,0
2012-08-16,2012-10-25,OPTSTK,ABB,580.0,CE,0.0,0.0,0.0,180.8,198.5,0,0.0,0
2012-08-16,2012-10-25,OPTSTK,ABB,600.0,CE,0.0,0.0,0.0,162.1,179.4,0,0.0,0
2012-08-16,2012-10-25,OPTSTK,ABB,620.0,CE,0.0,0.0,0.0,143.85,160.6,0,0.0,0
2012-08-16,2012-10-25,OPTSTK,ABB,640.0,CE,0.0,0.0,0.0,126.3,142.4,0,0.0,0
2012-08-16,2012-10-25,OPTSTK,ABB,660.0,CE,0.0,0.0,0.0,109.6,124.85,0,0.0,0
2012-08-16,2012-10-25,OPTSTK,ABB,680.0,CE,0.0,0.0,0.0,93.95,108.2,0,0.0,0
2012-08-16,2012-10-25,OPTSTK,ABB,700.0,CE,0.0,0.0,0.0,79.55,92.65,0,0.0,0
2012-08-16,2012-10-25,OPTSTK,ABB,720.0,CE,0.0,0.0,0.0,66.4,78.3,0,0.0,0
2012-08-16,2012-10-25,OPTSTK,ABB,740.0,CE,0.0,0.0,0.0,54.75,65.3,0,0.0,0
2012-08-16,2012-10-25,OPTSTK,ABB,760.0,CE,0.0,0.0,0.0,44.5,53.75,0,0.0,0
2012-08-16,2012-10-25,OPTSTK,ABB,780.0,CE,0.0,0.0,0.0,35.75,43.65,0,0.0,0
2012-08-16,2012-10-25,OPTSTK,ABB,800.0,CE,0.0,0.0,0.0,28.3,35.0,0,0.0,0
2012-08-16,2012-10-25,OPTSTK,ABB,820.0,CE,0.0,0.0,0.0,22.1,27.7,0,0.0,0
2012-08-16,2012-10-25,OPTSTK,ABB,840.0,CE,0.0,0.0,0.0,17.1,21.6,0,0.0,0
2012-08-16,2012-10-25,OPTSTK,ABB,860.0,CE,0.0,0.0,0.0,13.05,16.7,0,0.0,0
2012-08-16,2012-10-25,OPTSTK,ABB,880.0,CE,0.0,0.0,0.0,9.85,12.7,0,0.0,0
2012-08-16,2012-10-25,OPTSTK,ABB,900.0,CE,0.0,0.0,0.0,7.35,9.55,0,0.0,0
2012-08-16,2012-10-25,OPTSTK,ABB,920.0,CE,0.0,0.0,0.0,5.4,7.15,0,0.0,0
2012-08-16,2012-10-25,OPTSTK,ABB,940.0,CE,0.0,0.0,0.0,3.95,5.25,0,0.0,0
2012-08-16,2012-10-25,OPTSTK,ABB,960.0,CE,0.0,0.0,0.0,2.85,3.8,0,0.0,0
2012-08-16,2012-10-25,OPTSTK,ABB,980.0,CE,0.0,0.0,0.0,2.05,2.75,0,0.0,0
2012-08-16,2012-10-25,OPTSTK,ABB,1000.0,CE,0.0,0.0,0.0,1.45,1.95,0,0.0,0
2012-08-16,2012-10-25,OPTSTK,ABB,1020.0,CE,0.0,0.0,0.0,1.0,1.4,0,0.0,0
2012-08-16,2012-10-25,OPTSTK,ABB,1040.0,CE,0.0,0.0,0.0,0.7,1.0,0,0.0,0
2012-08-16,2012-10-25,OPTSTK,ABB,1060.0,CE,0.0,0.0,0.0,0.5,0.7,0,0.0,0
2012-08-16,2012-10-25,OPTSTK,ABB,1080.0,CE,0.0,0.0,0.0,0.35,0.5,0,0.0,0
2012-08-16,2012-10-25,OPTSTK,ABB,1100.0,CE,0.0,0.0,0.0,0.25,0.35,0,0.0,0
2012-08-16,2012-10-25,OPTSTK,ABB,480.0,PE,0.0,0.0,0.0,0.05,0.05,0,0.0,0
2012-08-16,2012-10-25,OPTSTK,ABB,500.0,PE,0.0,0.0,0.0,0.05,0.05,0,0.0,0
2012-08-16,2012-10-25,OPTSTK,ABB,520.0,PE,0.0,0.0,0.0,0.1,0.05,0,0.0,0
2012-08-16,2012-10-25,OPTSTK,ABB,540.0,PE,0.0,0.0,0.0,0.25,0.15,0,0.0,0
2012-08-16,2012-10-25,OPTSTK,ABB,560.0,PE,0.0,0.0,0.0,0.5,0.3,0,0.0,0
2012-08-16,2012-10-25,OPTSTK,ABB,580.0,PE,0.0,0.0,0.0,1.0,0.6,0,0.0,0
2012-08-16,2012-10-25,OPTSTK,ABB,600.0,PE,0.0,0.0,0.0,1.8,1.15,0,0.0,0
2012-08-16,2012-10-25,OPTSTK,ABB,620.0,PE,0.0,0.0,0.0,3.15,2.05,0,0.0,0
2012-08-16,2012-10-25,OPTSTK,ABB,640.0,PE,0.0,0.0,0.0,5.15,3.45,0,0.0,0
2012-08-16,2012-10-25,OPTSTK,ABB,660.0,PE,0.0,0.0,0.0,8.0,5.6,0,0.0,0
2012-08-16,2012-10-25,OPTSTK,ABB,680.0,PE,0.0,0.0,0.0,11.9,8.6,0,0.0,0
2012-08-16,2012-10-25,OPTSTK,ABB,700.0,PE,0.0,0.0,0.0,17.0,12.7,0,0.0,0
2012-08-16,2012-10-25,OPTSTK,ABB,720.0,PE,0.0,0.0,0.0,23.4,18.0,0,0.0,0
2012-08-16,2012-10-25,OPTSTK,ABB,740.0,PE,0.0,0.0,0.0,31.3,24.65,0,0.0,0
2012-08-16,2012-10-25,OPTSTK,ABB,760.0,PE,0.0,0.0,0.0,40.6,32.8,0,0.0,0
2012-08-16,2012-10-25,OPTSTK,ABB,780.0,PE,0.0,0.0,0.0,51.35,42.35,0,0.0,0
2012-08-16,2012-10-25,OPTSTK,ABB,800.0,PE,0.0,0.0,0.0,63.5,53.3,0,0.0,0
2012-08-16,2012-10-25,OPTSTK,ABB,820.0,PE,0.0,0.0,0.0,76.85,65.65,0,0.0,0
2012-08-16,2012-10-25,OPTSTK,ABB,840.0,PE,0.0,0.0,0.0,91.4,79.25,0,0.0,0
2012-08-16,2012-10-25,OPTSTK,ABB,860.0,PE,0.0,0.0,0.0,106.85,94.0,0,0.0,0
2012-08-16,2012-10-25,OPTSTK,ABB,880.0,PE,0.0,0.0,0.0,123.2,109.65,0,0.0,0
2012-08-16,2012-10-25,OPTSTK,ABB,900.0,PE,0.0,0.0,0.0,140.25,126.15,0,0.0,0
2012-08-16,2012-10-25,OPTSTK,ABB,920.0,PE,0.0,0.0,0.0,157.85,143.4,0,0.0,0
2012-08-16,2012-10-25,OPTSTK,ABB,940.0,PE,0.0,0.0,0.0,175.95,161.15,0,0.0,0
2012-08-16,2012-10-25,OPTSTK,ABB,960.0,PE,0.0,0.0,0.0,194.4,179.4,0,0.0,0
2012-08-16,2012-10-25,OPTSTK,ABB,980.0,PE,0.0,0.0,0.0,213.15,198.0,0,0.0,0
2012-08-16,2012-10-25,OPTSTK,ABB,1000.0,PE,0.0,0.0,0.0,232.1,216.85,0,0.0,0
2012-08-16,2012-10-25,OPTSTK,ABB,1020.0,PE,0.0,0.0,0.0,251.2,235.95,0,0.0,0
2012-08-16,2012-10-25,OPTSTK,ABB,1040.0,PE,0.0,0.0,0.0,270.45,255.2,0,0.0,0
2012-08-16,2012-10-25,OPTSTK,ABB,1060.0,PE,0.0,0.0,0.0,289.8,274.55,0,0.0,0
2012-08-16,2012-10-25,OPTSTK,ABB,1080.0,PE,0.0,0.0,0.0,309.2,294.0,0,0.0,0
2012-08-16,2012-10-25,OPTSTK,ABB,1100.0,PE,0.0,0.0,0.0,328.6,313.5,0,0.0,0
2012-08-16,2012-08-30,OPTSTK,ABIRLANUVO,540.0,CE,0.0,0.0,0.0,227.25,266.4,0,0.0,0
2012-08-16,2012-08-30,OPTSTK,ABIRLANUVO,560.0,CE,0.0,0.0,0.0,209.3,246.45,0,0.0,0
2012-08-16,2012-08-30,OPTSTK,ABIRLANUVO,580.0,CE,0.0,0.0,0.0,191.9,226.5,0,0.0,0
2012-08-16,2012-08-30,OPTSTK,ABIRLANUVO,600.0,CE,0.0,0.0,0.0,175.1,206.6,0,0.0,0
2012-08-16,2012-08-30,OPTSTK,ABIRLANUVO,620.0,CE,0.0,0.0,0.0,159.0,186.65,0,0.0,0
2012-08-16,2012-08-30,OPTSTK,ABIRLANUVO,640.0,CE,0.0,0.0,0.0,143.65,166.7,0,0.0,0
2012-08-16,2012-08-30,OPTSTK,ABIRLANUVO,660.0,CE,0.0,0.0,0.0,129.2,146.8,0,0.0,0
2012-08-16,2012-08-30,OPTSTK,ABIRLANUVO,680.0,CE,0.0,0.0,0.0,115.6,126.85,0,0.0,0
2012-08-16,2012-08-30,OPTSTK,ABIRLANUVO,700.0,CE,0.0,0.0,0.0,102.9,107.0,0,0.0,0
2012-08-16,2012-08-30,OPTSTK,ABIRLANUVO,720.0,CE,0.0,0.0,0.0,91.2,87.35,0,0.0,0
2012-08-16,2012-08-30,OPTSTK,ABIRLANUVO,740.0,CE,0.0,0.0,0.0,80.5,68.3,0,0.0,0
2012-08-16,2012-08-30,OPTSTK,ABIRLANUVO,760.0,CE,0.0,0.0,0.0,70.7,50.55,0,0.0,0
2012-08-16,2012-08-30,OPTSTK,ABIRLANUVO,780.0,CE,0.0,0.0,0.0,10.0,34.9,0,0.0,250
2012-08-16,2012-08-30,OPTSTK,ABIRLANUVO,800.0,CE,18.0,21.4,18.0,21.4,21.4,8,16.41,2750
2012-08-16,2012-08-30,OPTSTK,ABIRLANUVO,820.0,CE,10.0,15.0,10.0,15.0,15.0,5,10.4,1500
2012-08-16,2012-08-30,OPTSTK,ABIRLANUVO,840.0,CE,0.0,0.0,0.0,40.3,6.9,0,0.0,0
2012-08-16,2012-08-30,OPTSTK,ABIRLANUVO,860.0,CE,0.0,0.0,0.0,34.7,3.3,0,0.0,0
2012-08-16,2012-08-30,OPTSTK,ABIRLANUVO,880.0,CE,0.0,0.0,0.0,29.8,1.45,0,0.0,0
2012-08-16,2012-08-30,OPTSTK,ABIRLANUVO,900.0,CE,0.0,0.0,0.0,25.45,0.6,0,0.0,0
2012-08-16,2012-08-30,OPTSTK,ABIRLANUVO,920.0,CE,0.0,0.0,0.0,21.7,0.2,0,0.0,0
2012-08-16,2012-08-30,OPTSTK,ABIRLANUVO,940.0,CE,0.0,0.0,0.0,18.4,0.1,0,0.0,0
2012-08-16,2012-08-30,OPTSTK,ABIRLANUVO,960.0,CE,0.0,0.0,0.0,15.6,0.05,0,0.0,0
2012-08-16,2012-08-30,OPTSTK,ABIRLANUVO,980.0,CE,0.0,0.0,0.0,13.15,0.05,0,0.0,0
2012-08-16,2012-08-30,OPTSTK,ABIRLANUVO,1000.0,CE,0.0,0.0,0.0,11.1,0.0,0,0.0,0
2012-08-16,2012-08-30,OPTSTK,ABIRLANUVO,1020.0,CE,0.0,0.0,0.0,9.3,0.0,0,0.0,0
2012-08-16,2012-08-30,OPTSTK,ABIRLANUVO,1040.0,CE,0.0,0.0,0.0,7.8,0.0,0,0.0,0
2012-08-16,2012-08-30,OPTSTK,ABIRLANUVO,1060.0,CE,0.0,0.0,0.0,6.55,0.0,0,0.0,0
2012-08-16,2012-08-30,OPTSTK,ABIRLANUVO,1080.0,CE,0.0,0.0,0.0,5.45,0.0,0,0.0,0
2012-08-16,2012-08-30,OPTSTK,ABIRLANUVO,1100.0,CE,0.0,0.0,0.0,4.55,0.0,0,0.0,0
2012-08-16,2012-08-30,OPTSTK,ABIRLANUVO,1120.0,CE,0.0,0.0,0.0,3.75,0.0,0,0.0,0
2012-08-16,2012-08-30,OPTSTK,ABIRLANUVO,1140.0,CE,0.0,0.0,0.0,3.15,0.0,0,0.0,0
2012-08-16,2012-08-30,OPTSTK,ABIRLANUVO,1160.0,CE,0.0,0.0,0.0,2.6,0.0,0,0.0,0
2012-08-16,2012-08-30,OPTSTK,ABIRLANUVO,540.0,PE,0.0,0.0,0.0,3.3,0.0,0,0.0,0
2012-08-16,2012-08-30,OPTSTK,ABIRLANUVO,560.0,PE,0.0,0.0,0.0,4.85,0.0,0,0.0,0
2012-08-16,2012-08-30,OPTSTK,ABIRLANUVO,580.0,PE,0.0,0.0,0.0,7.0,0.0,0,0.0,0
2012-08-16,2012-08-30,OPTSTK,ABIRLANUVO,600.0,PE,0.0,0.0,0.0,9.7,0.0,0,0.0,0
2012-08-16,2012-08-30,OPTSTK,ABIRLANUVO,620.0,PE,0.0,0.0,0.0,13.1,0.0,0,0.0,0
2012-08-16,2012-08-30,OPTSTK,ABIRLANUVO,640.0,PE,0.0,0.0,0.0,17.3,0.0,0,0.0,0
2012-08-16,2012-08-30,OPTSTK,ABIRLANUVO,660.0,PE,0.0,0.0,0.0,22.35,0.0,0,0.0,0
2012-08-16,2012-08-30,OPTSTK,ABIRLANUVO,680.0,PE,0.0,0.0,0.0,28.25,0.05,0,0.0,0
2012-08-16,2012-08-30,OPTSTK,ABIRLANUVO,700.0,PE,0.0,0.0,0.0,35.1,0.1,0,0.0,0
2012-08-16,2012-08-30,OPTSTK,ABIRLANUVO,720.0,PE,0.0,0.0,0.0,42.95,0.4,0,0.0,0
2012-08-16,2012-08-30,OPTSTK,ABIRLANUVO,740.0,PE,0.0,0.0,0.0,51.7,1.3,0,0.0,0
2012-08-16,2012-08-30,OPTSTK,ABIRLANUVO,760.0,PE,0.0,0.0,0.0,10.0,3.45,0,0.0,500
2012-08-16,2012-08-30,OPTSTK,ABIRLANUVO,780.0,PE,0.0,0.0,0.0,72.05,7.75,0,0.0,0
2012-08-16,2012-08-30,OPTSTK,ABIRLANUVO,800.0,PE,0.0,0.0,0.0,83.6,15.05,0,0.0,0
2012-08-16,2012-08-30,OPTSTK,ABIRLANUVO,820.0,PE,0.0,0.0,0.0,95.95,25.7,0,0.0,0
2012-08-16,2012-08-30,OPTSTK,ABIRLANUVO,840.0,PE,0.0,0.0,0.0,109.15,39.55,0,0.0,0
2012-08-16,2012-08-30,OPTSTK,ABIRLANUVO,860.0,PE,0.0,0.0,0.0,123.0,55.9,0,0.0,0
2012-08-16,2012-08-30,OPTSTK,ABIRLANUVO,880.0,PE,0.0,0.0,0.0,137.65,73.95,0,0.0,0
2012-08-16,2012-08-30,OPTSTK,ABIRLANUVO,900.0,PE,0.0,0.0,0.0,152.85,93.0,0,0.0,0
2012-08-16,2012-08-30,OPTSTK,ABIRLANUVO,920.0,PE,0.0,0.0,0.0,168.55,112.6,0,0.0,0
2012-08-16,2012-08-30,OPTSTK,ABIRLANUVO,940.0,PE,0.0,0.0,0.0,184.8,132.4,0,0.0,0
2012-08-16,2012-08-30,OPTSTK,ABIRLANUVO,960.0,PE,0.0,0.0,0.0,201.5,152.3,0,0.0,0
2012-08-16,2012-08-30,OPTSTK,ABIRLANUVO,980.0,PE,0.0,0.0,0.0,218.6,172.2,0,0.0,0
2012-08-16,2012-08-30,OPTSTK,ABIRLANUVO,1000.0,PE,0.0,0.0,0.0,236.05,192.15,0,0.0,0
2012-08-16,2012-08-30,OPTSTK,ABIRLANUVO,1020.0,PE,0.0,0.0,0.0,253.8,212.05,0,0.0,0
2012-08-16,2012-08-30,OPTSTK,ABIRLANUVO,1040.0,PE,0.0,0.0,0.0,271.8,232.0,0,0.0,0
2012-08-16,2012-08-30,OPTSTK,ABIRLANUVO,1060.0,PE,0.0,0.0,0.0,290.05,251.95,0,0.0,0
2012-08-16,2012-08-30,OPTSTK,ABIRLANUVO,1080.0,PE,0.0,0.0,0.0,308.5,271.85,0,0.0,0
2012-08-16,2012-08-30,OPTSTK,ABIRLANUVO,1100.0,PE,0.0,0.0,0.0,327.1,291.8,0,0.0,0
2012-08-16,2012-08-30,OPTSTK,ABIRLANUVO,1120.0,PE,0.0,0.0,0.0,345.85,311.75,0,0.0,0
2012-08-16,2012-08-30,OPTSTK,ABIRLANUVO,1140.0,PE,0.0,0.0,0.0,364.7,331.65,0,0.0,0
2012-08-16,2012-08-30,OPTSTK,ABIRLANUVO,1160.0,PE,0.0,0.0,0.0,383.7,351.6,0,0.0,0
2012-08-16,2012-09-27,OPTSTK,ABIRLANUVO,540.0,CE,0.0,0.0,0.0,257.85,270.15,0,0.0,0
2012-08-16,2012-09-27,OPTSTK,ABIRLANUVO,560.0,CE,0.0,0.0,0.0,238.6,250.35,0,0.0,0
2012-08-16,2012-09-27,OPTSTK,ABIRLANUVO,580.0,CE,0.0,0.0,0.0,219.55,230.55,0,0.0,0
2012-08-16,2012-09-27,OPTSTK,ABIRLANUVO,600.0,CE,0.0,0.0,0.0,200.8,210.8,0,0.0,0
2012-08-16,2012-09-27,OPTSTK,ABIRLANUVO,620.0,CE,0.0,0.0,0.0,182.45,191.05,0,0.0,0
2012-08-16,2012-09-27,OPTSTK,ABIRLANUVO,640.0,CE,0.0,0.0,0.0,164.6,171.4,0,0.0,0
2012-08-16,2012-09-27,OPTSTK,ABIRLANUVO,660.0,CE,0.0,0.0,0.0,147.4,151.9,0,0.0,0
2012-08-16,2012-09-27,OPTSTK,ABIRLANUVO,680.0,CE,0.0,0.0,0.0,131.0,132.7,0,0.0,0
2012-08-16,2012-09-27,OPTSTK,ABIRLANUVO,700.0,CE,0.0,0.0,0.0,115.45,114.0,0,0.0,0
2012-08-16,2012-09-27,OPTSTK,ABIRLANUVO,720.0,CE,0.0,0.0,0.0,100.95,96.1,0,0.0,0
2012-08-16,2012-09-27,OPTSTK,ABIRLANUVO,740.0,CE,0.0,0.0,0.0,87.5,79.35,0,0.0,0
2012-08-16,2012-09-27,OPTSTK,ABIRLANUVO,760.0,CE,0.0,0.0,0.0,75.2,64.0,0,0.0,0
2012-08-16,2012-09-27,OPTSTK,ABIRLANUVO,780.0,CE,0.0,0.0,0.0,64.15,50.35,0,0.0,0
2012-08-16,2012-09-27,OPTSTK,ABIRLANUVO,800.0,CE,0.0,0.0,0.0,54.2,38.6,0,0.0,0
2012-08-16,2012-09-27,OPTSTK,ABIRLANUVO,820.0,CE,0.0,0.0,0.0,45.45,28.8,0,0.0,0
2012-08-16,2012-09-27,OPTSTK,ABIRLANUVO,840.0,CE,0.0,0.0,0.0,37.8,20.9,0,0.0,0
2012-08-16,2012-09-27,OPTSTK,ABIRLANUVO,860.0,CE,0.0,0.0,0.0,31.2,14.75,0,0.0,0
2012-08-16,2012-09-27,OPTSTK,ABIRLANUVO,880.0,CE,0.0,0.0,0.0,25.55,10.15,0,0.0,0
2012-08-16,2012-09-27,OPTSTK,ABIRLANUVO,900.0,CE,0.0,0.0,0.0,20.85,6.8,0,0.0,0
2012-08-16,2012-09-27,OPTSTK,ABIRLANUVO,920.0,CE,0.0,0.0,0.0,16.8,4.45,0,0.0,0
2012-08-16,2012-09-27,OPTSTK,ABIRLANUVO,940.0,CE,0.0,0.0,0.0,13.5,2.85,0,0.0,0
2012-08-16,2012-09-27,OPTSTK,ABIRLANUVO,960.0,CE,0.0,0.0,0.0,10.75,1.75,0,0.0,0
2012-08-16,2012-09-27,OPTSTK,ABIRLANUVO,980.0,CE,0.0,0.0,0.0,8.5,1.05,0,0.0,0
2012-08-16,2012-09-27,OPTSTK,ABIRLANUVO,1000.0,CE,0.0,0.0,0.0,6.7,0.65,0,0.0,0
2012-08-16,2012-09-27,OPTSTK,ABIRLANUVO,1020.0,CE,0.0,0.0,0.0,5.25,0.4,0,0.0,0
2012-08-16,2012-09-27,OPTSTK,ABIRLANUVO,1040.0,CE,0.0,0.0,0.0,4.1,0.2,0,0.0,0
2012-08-16,2012-09-27,OPTSTK,ABIRLANUVO,1060.0,CE,0.0,0.0,0.0,3.15,0.15,0,0.0,0
2012-08-16,2012-09-27,OPTSTK,ABIRLANUVO,1080.0,CE,0.0,0.0,0.0,2.45,0.1,0,0.0,0
2012-08-16,2012-09-27,OPTSTK,ABIRLANUVO,1100.0,CE,0.0,0.0,0.0,1.85,0.05,0,0.0,0
2012-08-16,2012-09-27,OPTSTK,ABIRLANUVO,1120.0,CE,0.0,0.0,0.0,1.45,0.05,0,0.0,0
2012-08-16,2012-09-27,OPTSTK,ABIRLANUVO,1140.0,CE,0.0,0.0,0.0,1.1,0.05,0,0.0,0
2012-08-16,2012-09-27,OPTSTK,ABIRLANUVO,1160.0,CE,0.0,0.0,0.0,0.85,0.0,0,0.0,0
2012-08-16,2012-09-27,OPTSTK,ABIRLANUVO,540.0,PE,0.0,0.0,0.0,0.35,0.0,0,0.0,0
2012-08-16,2012-09-27,OPTSTK,ABIRLANUVO,560.0,PE,0.0,0.0,0.0,0.65,0.0,0,0.0,0
2012-08-16,2012-09-27,OPTSTK,ABIRLANUVO,580.0,PE,0.0,0.0,0.0,1.15,0.05,0,0.0,0
2012-08-16,2012-09-27,OPTSTK,ABIRLANUVO,600.0,PE,0.0,0.0,0.0,1.9,0.05,0,0.0,0
2012-08-16,2012-09-27,OPTSTK,ABIRLANUVO,620.0,PE,0.0,0.0,0.0,3.1,0.1,0,0.0,0
2012-08-16,2012-09-27,OPTSTK,ABIRLANUVO,640.0,PE,0.0,0.0,0.0,4.8,0.2,0,0.0,0
2012-08-16,2012-09-27,OPTSTK,ABIRLANUVO,660.0,PE,0.0,0.0,0.0,7.1,0.5,0,0.0,0
2012-08-16,2012-09-27,OPTSTK,ABIRLANUVO,680.0,PE,0.0,0.0,0.0,10.2,1.1,0,0.0,0
2012-08-16,2012-09-27,OPTSTK,ABIRLANUVO,700.0,PE,0.0,0.0,0.0,14.25,2.2,0,0.0,0
2012-08-16,2012-09-27,OPTSTK,ABIRLANUVO,720.0,PE,0.0,0.0,0.0,19.25,4.1,0,0.0,0
2012-08-16,2012-09-27,OPTSTK,ABIRLANUVO,740.0,PE,0.0,0.0,0.0,25.35,7.15,0,0.0,0
2012-08-16,2012-09-27,OPTSTK,ABIRLANUVO,760.0,PE,0.0,0.0,0.0,32.6,11.6,0,0.0,0
2012-08-16,2012-09-27,OPTSTK,ABIRLANUVO,780.0,PE,0.0,0.0,0.0,20.0,17.75,0,0.0,2000
2012-08-16,2012-09-27,OPTSTK,ABIRLANUVO,800.0,PE,0.0,0.0,0.0,50.65,25.8,0,0.0,0
2012-08-16,2012-09-27,OPTSTK,ABIRLANUVO,820.0,PE,0.0,0.0,0.0,61.45,35.75,0,0.0,0
2012-08-16,2012-09-27,OPTSTK,ABIRLANUVO,840.0,PE,0.0,0.0,0.0,73.35,47.7,0,0.0,0
2012-08-16,2012-09-27,OPTSTK,ABIRLANUVO,860.0,PE,0.0,0.0,0.0,86.25,61.35,0,0.0,0
2012-08-16,2012-09-27,OPTSTK,ABIRLANUVO,880.0,PE,0.0,0.0,0.0,100.15,76.5,0,0.0,0
2012-08-16,2012-09-27,OPTSTK,ABIRLANUVO,900.0,PE,0.0,0.0,0.0,114.95,92.95,0,0.0,0
2012-08-16,2012-09-27,OPTSTK,ABIRLANUVO,920.0,PE,0.0,0.0,0.0,130.45,110.4,0,0.0,0
2012-08-16,2012-09-27,OPTSTK,ABIRLANUVO,940.0,PE,0.0,0.0,0.0,146.65,128.55,0,0.0,0
2012-08-16,2012-09-27,OPTSTK,ABIRLANUVO,960.0,PE,0.0,0.0,0.0,163.45,147.3,0,0.0,0
2012-08-16,2012-09-27,OPTSTK,ABIRLANUVO,980.0,PE,0.0,0.0,0.0,180.75,166.4,0,0.0,0
2012-08-16,2012-09-27,OPTSTK,ABIRLANUVO,1000.0,PE,0.0,0.0,0.0,198.5,185.75,0,0.0,0
2012-08-16,2012-09-27,OPTSTK,ABIRLANUVO,1020.0,PE,0.0,0.0,0.0,216.55,205.3,0,0.0,0
2012-08-16,2012-09-27,OPTSTK,ABIRLANUVO,1040.0,PE,0.0,0.0,0.0,234.95,224.9,0,0.0,0
2012-08-16,2012-09-27,OPTSTK,ABIRLANUVO,1060.0,PE,0.0,0.0,0.0,253.55,244.6,0,0.0,0
2012-08-16,2012-09-27,OPTSTK,ABIRLANUVO,1080.0,PE,0.0,0.0,0.0,272.35,264.35,0,0.0,0
2012-08-16,2012-09-27,OPTSTK,ABIRLANUVO,1100.0,PE,0.0,0.0,0.0,291.35,284.15,0,0.0,0
2012-08-16,2012-09-27,OPTSTK,ABIRLANUVO,1120.0,PE,0.0,0.0,0.0,310.45,303.9,0,0.0,0
2012-08-16,2012-09-27,OPTSTK,ABIRLANUVO,1140.0,PE,0.0,0.0,0.0,329.6,323.7,0,0.0,0
2012-08-16,2012-09-27,OPTSTK,ABIRLANUVO,1160.0,PE,0.0,0.0,0.0,348.9,343.5,0,0.0,0
2012-08-16,2012-10-25,OPTSTK,ABIRLANUVO,540.0,CE,0.0,0.0,0.0,242.65,273.85,0,0.0,0
2012-08-16,2012-10-25,OPTSTK,ABIRLANUVO,560.0,CE,0.0,0.0,0.0,223.3,254.2,0,0.0,0
2012-08-16,2012-10-25,OPTSTK,ABIRLANUVO,580.0,CE,0.0,0.0,0.0,204.15,234.65,0,0.0,0
2012-08-16,2012-10-25,OPTSTK,ABIRLANUVO,600.0,CE,0.0,0.0,0.0,185.3,215.1,0,0.0,0
2012-08-16,2012-10-25,OPTSTK,ABIRLANUVO,620.0,CE,0.0,0.0,0.0,166.8,195.7,0,0.0,0
2012-08-16,2012-10-25,OPTSTK,ABIRLANUVO,640.0,CE,0.0,0.0,0.0,148.85,176.55,0,0.0,0
2012-08-16,2012-10-25,OPTSTK,ABIRLANUVO,660.0,CE,0.0,0.0,0.0,131.65,157.75,0,0.0,0
2012-08-16,2012-10-25,OPTSTK,ABIRLANUVO,680.0,CE,0.0,0.0,0.0,115.25,139.4,0,0.0,0
2012-08-16,2012-10-25,OPTSTK,ABIRLANUVO,700.0,CE,0.0,0.0,0.0,99.85,121.8,0,0.0,0
2012-08-16,2012-10-25,OPTSTK,ABIRLANUVO,720.0,CE,0.0,0.0,0.0,85.65,105.1,0,0.0,0
2012-08-16,2012-10-25,OPTSTK,ABIRLANUVO,740.0,CE,0.0,0.0,0.0,72.6,89.45,0,0.0,0
2012-08-16,2012-10-25,OPTSTK,ABIRLANUVO,760.0,CE,0.0,0.0,0.0,60.9,75.1,0,0.0,0
2012-08-16,2012-10-25,OPTSTK,ABIRLANUVO,780.0,CE,0.0,0.0,0.0,50.55,62.15,0,0.0,0
2012-08-16,2012-10-25,OPTSTK,ABIRLANUVO,800.0,CE,0.0,0.0,0.0,41.5,50.65,0,0.0,0
2012-08-16,2012-10-25,OPTSTK,ABIRLANUVO,820.0,CE,0.0,0.0,0.0,33.7,40.7,0,0.0,0
2012-08-16,2012-10-25,OPTSTK,ABIRLANUVO,840.0,CE,0.0,0.0,0.0,27.05,32.2,0,0.0,0
2012-08-16,2012-10-25,OPTSTK,ABIRLANUVO,860.0,CE,0.0,0.0,0.0,21.55,25.1,0,0.0,0
2012-08-16,2012-10-25,OPTSTK,ABIRLANUVO,880.0,CE,0.0,0.0,0.0,17.0,19.3,0,0.0,0
2012-08-16,2012-10-25,OPTSTK,ABIRLANUVO,900.0,CE,0.0,0.0,0.0,13.25,14.6,0,0.0,0
2012-08-16,2012-10-25,OPTSTK,ABIRLANUVO,920.0,CE,0.0,0.0,0.0,10.25,10.95,0,0.0,0
2012-08-16,2012-10-25,OPTSTK,ABIRLANUVO,940.0,CE,0.0,0.0,0.0,7.85,8.05,0,0.0,0
2012-08-16,2012-10-25,OPTSTK,ABIRLANUVO,960.0,CE,0.0,0.0,0.0,5.95,5.85,0,0.0,0
2012-08-16,2012-10-25,OPTSTK,ABIRLANUVO,980.0,CE,0.0,0.0,0.0,4.5,4.2,0,0.0,0
2012-08-16,2012-10-25,OPTSTK,ABIRLANUVO,1000.0,CE,0.0,0.0,0.0,3.35,3.0,0,0.0,0
2012-08-16,2012-10-25,OPTSTK,ABIRLANUVO,1020.0,CE,0.0,0.0,0.0,2.5,2.1,0,0.0,0
2012-08-16,2012-10-25,OPTSTK,ABIRLANUVO,1040.0,CE,0.0,0.0,0.0,1.85,1.45,0,0.0,0
2012-08-16,2012-10-25,OPTSTK,ABIRLANUVO,1060.0,CE,0.0,0.0,0.0,1.35,1.0,0,0.0,0
2012-08-16,2012-10-25,OPTSTK,ABIRLANUVO,1080.0,CE,0.0,0.0,0.0,1.0,0.7,0,0.0,0
2012-08-16,2012-10-25,OPTSTK,ABIRLANUVO,1100.0,CE,0.0,0.0,0.0,0.7,0.45,0,0.0,0
2012-08-16,2012-10-25,OPTSTK,ABIRLANUVO,1120.0,CE,0.0,0.0,0.0,0.5,0.3,0,0.0,0
2012-08-16,2012-10-25,OPTSTK,ABIRLANUVO,1140.0,CE,0.0,0.0,0.0,0.4,0.2,0,0.0,0
2012-08-16,2012-10-25,OPTSTK,ABIRLANUVO,1160.0,CE,0.0,0.0,0.0,0.25,0.15,0,0.0,0
2012-08-16,2012-10-25,OPTSTK,ABIRLANUVO,540.0,PE,0.0,0.0,0.0,0.25,0.05,0,0.0,0
2012-08-16,2012-10-25,OPTSTK,ABIRLANUVO,560.0,PE,0.0,0.0,0.0,0.45,0.05,0,0.0,0
2012-08-16,2012-10-25,OPTSTK,ABIRLANUVO,580.0,PE,0.0,0.0,0.0,0.85,0.1,0,0.0,0
2012-08-16,2012-10-25,OPTSTK,ABIRLANUVO,600.0,PE,0.0,0.0,0.0,1.5,0.25,0,0.0,0
2012-08-16,2012-10-25,OPTSTK,ABIRLANUVO,620.0,PE,0.0,0.0,0.0,2.6,0.5,0,0.0,0
2012-08-16,2012-10-25,OPTSTK,ABIRLANUVO,640.0,PE,0.0,0.0,0.0,4.2,1.0,0,0.0,0
2012-08-16,2012-10-25,OPTSTK,ABIRLANUVO,660.0,PE,0.0,0.0,0.0,6.5,1.85,0,0.0,0
2012-08-16,2012-10-25,OPTSTK,ABIRLANUVO,680.0,PE,0.0,0.0,0.0,9.65,3.2,0,0.0,0
2012-08-16,2012-10-25,OPTSTK,ABIRLANUVO,700.0,PE,0.0,0.0,0.0,13.8,5.25,0,0.0,0
2012-08-16,2012-10-25,OPTSTK,ABIRLANUVO,720.0,PE,0.0,0.0,0.0,19.15,8.2,0,0.0,0
2012-08-16,2012-10-25,OPTSTK,ABIRLANUVO,740.0,PE,0.0,0.0,0.0,25.65,12.2,0,0.0,0
2012-08-16,2012-10-25,OPTSTK,ABIRLANUVO,760.0,PE,0.0,0.0,0.0,33.5,17.5,0,0.0,0
2012-08-16,2012-10-25,OPTSTK,ABIRLANUVO,780.0,PE,0.0,0.0,0.0,42.7,24.2,0,0.0,0
2012-08-16,2012-10-25,OPTSTK,ABIRLANUVO,800.0,PE,0.0,0.0,0.0,53.2,32.35,0,0.0,0
2012-08-16,2012-10-25,OPTSTK,ABIRLANUVO,820.0,PE,0.0,0.0,0.0,64.95,42.05,0,0.0,0
2012-08-16,2012-10-25,OPTSTK,ABIRLANUVO,840.0,PE,0.0,0.0,0.0,77.85,53.2,0,0.0,0
2012-08-16,2012-10-25,OPTSTK,ABIRLANUVO,860.0,PE,0.0,0.0,0.0,91.85,65.8,0,0.0,0
2012-08-16,2012-10-25,OPTSTK,ABIRLANUVO,880.0,PE,0.0,0.0,0.0,106.9,79.6,0,0.0,0
2012-08-16,2012-10-25,OPTSTK,ABIRLANUVO,900.0,PE,0.0,0.0,0.0,122.65,94.6,0,0.0,0
2012-08-16,2012-10-25,OPTSTK,ABIRLANUVO,920.0,PE,0.0,0.0,0.0,139.2,110.6,0,0.0,0
2012-08-16,2012-10-25,OPTSTK,ABIRLANUVO,940.0,PE,0.0,0.0,0.0,156.35,127.35,0,0.0,0
2012-08-16,2012-10-25,OPTSTK,ABIRLANUVO,960.0,PE,0.0,0.0,0.0,174.0,144.85,0,0.0,0
2012-08-16,2012-10-25,OPTSTK,ABIRLANUVO,980.0,PE,0.0,0.0,0.0,192.1,162.85,0,0.0,0
2012-08-16,2012-10-25,OPTSTK,ABIRLANUVO,1000.0,PE,0.0,0.0,0.0,210.5,181.25,0,0.0,0
2012-08-16,2012-10-25,OPTSTK,ABIRLANUVO,1020.0,PE,0.0,0.0,0.0,229.2,200.05,0,0.0,0
2012-08-16,2012-10-25,OPTSTK,ABIRLANUVO,1040.0,PE,0.0,0.0,0.0,248.1,219.05,0,0.0,0
2012-08-16,2012-10-25,OPTSTK,ABIRLANUVO,1060.0,PE,0.0,0.0,0.0,267.15,238.25,0,0.0,0
2012-08-16,2012-10-25,OPTSTK,ABIRLANUVO,1080.0,PE,0.0,0.0,0.0,286.3,257.6,0,0.0,0
2012-08-16,2012-10-25,OPTSTK,ABIRLANUVO,1100.0,PE,0.0,0.0,0.0,305.6,277.05,0,0.0,0
2012-08-16,2012-10-25,OPTSTK,ABIRLANUVO,1120.0,PE,0.0,0.0,0.0,324.95,296.55,0,0.0,0
2012-08-16,2012-10-25,OPTSTK,ABIRLANUVO,1140.0,PE,0.0,0.0,0.0,344.35,316.1,0,0.0,0
2012-08-16,2012-10-25,OPTSTK,ABIRLANUVO,1160.0,PE,0.0,0.0,0.0,363.8,335.7,0,0.0,0
2012-08-16,2012-08-30,OPTSTK,ACC,500.0,CE,0.0,0.0,0.0,653.0,840.15,0,0.0,0
2012-08-16,2012-08-30,OPTSTK,ACC,550.0,CE,0.0,0.0,0.0,604.2,790.3,0,0.0,0
2012-08-16,2012-08-30,OPTSTK,ACC,600.0,CE,0.0,0.0,0.0,555.4,740.5,0,0.0,0
2012-08-16,2012-08-30,OPTSTK,ACC,650.0,CE,0.0,0.0,0.0,506.65,690.65,0,0.0,0
2012-08-16,2012-08-30,OPTSTK,ACC,700.0,CE,0.0,0.0,0.0,457.85,640.8,0,0.0,0
2012-08-16,2012-08-30,OPTSTK,ACC,750.0,CE,0.0,0.0,0.0,409.2,591.0,0,0.0,0
2012-08-16,2012-08-30,OPTSTK,ACC,800.0,CE,0.0,0.0,0.0,360.8,541.15,0,0.0,0
2012-08-16,2012-08-30,OPTSTK,ACC,850.0,CE,0.0,0.0,0.0,313.05,491.3,0,0.0,0
2012-08-16,2012-08-30,OPTSTK,ACC,900.0,CE,0.0,0.0,0.0,266.55,441.5,0,0.0,0
2012-08-16,2012-08-30,OPTSTK,ACC,950.0,CE,0.0,0.0,0.0,222.2,391.65,0,0.0,0
2012-08-16,2012-08-30,OPTSTK,ACC,1000.0,CE,0.0,0.0,0.0,180.9,341.8,0,0.0,0
2012-08-16,2012-08-30,OPTSTK,ACC,1050.0,CE,0.0,0.0,0.0,143.7,292.0,0,0.0,0
2012-08-16,2012-08-30,OPTSTK,ACC,1100.0,CE,0.0,0.0,0.0,111.15,242.15,0,0.0,0
2012-08-16,2012-08-30,OPTSTK,ACC,1150.0,CE,0.0,0.0,0.0,116.0,192.3,0,0.0,250
2012-08-16,2012-08-30,OPTSTK,ACC,1200.0,CE,0.0,0.0,0.0,80.0,142.55,0,0.0,2000
2012-08-16,2012-08-30,OPTSTK,ACC,1250.0,CE,0.0,0.0,0.0,118.1,93.8,0,0.0,11000
2012-08-16,2012-08-30,OPTSTK,ACC,1300.0,CE,52.0,52.0,51.7,51.85,51.85,2,6.75,18000
2012-08-16,2012-08-30,OPTSTK,ACC,1350.0,CE,25.85,26.7,18.7,19.9,19.9,30,102.94,17750
2012-08-16,2012-08-30,OPTSTK,ACC,1400.0,CE,7.55,7.65,6.0,6.0,6.0,11,38.69,15000
2012-08-16,2012-08-30,OPTSTK,ACC,1450.0,CE,0.0,0.0,0.0,2.75,0.95,0,0.0,8500
2012-08-16,2012-08-30,OPTSTK,ACC,1500.0,CE,0.0,0.0,0.0,0.95,0.15,0,0.0,750
2012-08-16,2012-08-30,OPTSTK,ACC,1550.0,CE,0.0,0.0,0.0,3.8,0.05,0,0.0,0
2012-08-16,2012-08-30,OPTSTK,ACC,1600.0,CE,0.0,0.0,0.0,2.4,0.0,0,0.0,0
2012-08-16,2012-08-30,OPTSTK,ACC,1650.0,CE,0.0,0.0,0.0,1.5,0.0,0,0.0,0
2012-08-16,2012-08-30,OPTSTK,ACC,1700.0,CE,0.0,0.0,0.0,0.9,0.0,0,0.0,0
2012-08-16,2012-08-30,OPTSTK,ACC,1750.0,CE,0.0,0.0,0.0,0.55,0.0,0,0.0,0
2012-08-16,2012-08-30,OPTSTK,ACC,1800.0,CE,0.0,0.0,0.0,0.35,0.0,0,0.0,0
2012-08-16,2012-08-30,OPTSTK,ACC,1850.0,CE,0.0,0.0,0.0,0.2,0.0,0,0.0,0
2012-08-16,2012-08-30,OPTSTK,ACC,1900.0,CE,0.0,0.0,0.0,0.15,0.0,0,0.0,0
2012-08-16,2012-08-30,OPTSTK,ACC,500.0,PE,0.0,0.0,0.0,0.05,0.0,0,0.0,0
2012-08-16,2012-08-30,OPTSTK,ACC,550.0,PE,0.0,0.0,0.0,0.05,0.0,0,0.0,0
2012-08-16,2012-08-30,OPTSTK,ACC,600.0,PE,0.0,0.0,0.0,0.05,0.0,0,0.0,0
2012-08-16,2012-08-30,OPTSTK,ACC,650.0,PE,0.0,0.0,0.0,0.05,0.0,0,0.0,0
2012-08-16,2012-08-30,OPTSTK,ACC,700.0,PE,0.0,0.0,0.0,0.05,0.0,0,0.0,0
2012-08-16,2012-08-30,OPTSTK,ACC,750.0,PE,0.0,0.0,0.0,0.2,0.0,0,0.0,0
2012-08-16,2012-08-30,OPTSTK,ACC,800.0,PE,0.0,0.0,0.0,0.55,0.0,0,0.0,0
2012-08-16,2012-08-30,OPTSTK,ACC,850.0,PE,0.0,0.0,0.0,1.6,0.0,0,0.0,0
2012-08-16,2012-08-30,OPTSTK,ACC,900.0,PE,0.0,0.0,0.0,3.9,0.0,0,0.0,0
2012-08-16,2012-08-30,OPTSTK,ACC,950.0,PE,0.0,0.0,0.0,8.35,0.0,0,0.0,0
2012-08-16,2012-08-30,OPTSTK,ACC,1000.0,PE,0.0,0.0,0.0,15.9,0.0,0,0.0,0
2012-08-16,2012-08-30,OPTSTK,ACC,1050.0,PE,0.0,0.0,0.0,27.45,0.0,0,0.0,0
2012-08-16,2012-08-30,OPTSTK,ACC,1100.0,PE,0.0,0.0,0.0,43.7,0.0,0,0.0,0
2012-08-16,2012-08-30,OPTSTK,ACC,1150.0,PE,0.0,0.0,0.0,1.6,0.0,0,0.0,2250
2012-08-16,2012-08-30,OPTSTK,ACC,1200.0,PE,1.85,2.25,1.85,2.0,2.0,10,30.05,20750
2012-08-16,2012-08-30,OPTSTK,ACC,1250.0,PE,2.85,3.0,2.85,3.0,3.0,11,34.45,16250
2012-08-16,2012-08-30,OPTSTK,ACC,1300.0,PE,6.0,8.6,6.0,8.1,8.1,20,65.36,31250
2012-08-16,2012-08-30,OPTSTK,ACC,1350.0,PE,20.6,25.5,20.6,24.55,24.55,26,89.23,9000
2012-08-16,2012-08-30,OPTSTK,ACC,1400.0,PE,51.45,55.65,51.45,55.65,55.65,2,7.26,0
2012-08-16,2012-08-30,OPTSTK,ACC,1450.0,PE,0.0,0.0,0.0,283.45,107.65,0,0.0,0
2012-08-16,2012-08-30,OPTSTK,ACC,1500.0,PE,0.0,0.0,0.0,328.95,156.65,0,0.0,0
2012-08-16,2012-08-30,OPTSTK,ACC,1550.0,PE,0.0,0.0,0.0,375.55,206.4,0,0.0,0
2012-08-16,2012-08-30,OPTSTK,ACC,1600.0,PE,0.0,0.0,0.0,422.9,256.2,0,0.0,0
2012-08-16,2012-08-30,OPTSTK,ACC,1650.0,PE,0.0,0.0,0.0,470.8,306.05,0,0.0,0
2012-08-16,2012-08-30,OPTSTK,ACC,1700.0,PE,0.0,0.0,0.0,519.0,355.9,0,0.0,0
2012-08-16,2012-08-30,OPTSTK,ACC,1750.0,PE,0.0,0.0,0.0,567.45,405.7,0,0.0,0
2012-08-16,2012-08-30,OPTSTK,ACC,1800.0,PE,0.0,0.0,0.0,616.0,455.55,0,0.0,0
2012-08-16,2012-08-30,OPTSTK,ACC,1850.0,PE,0.0,0.0,0.0,664.7,505.4,0,0.0,0
2012-08-16,2012-08-30,OPTSTK,ACC,1900.0,PE,0.0,0.0,0.0,713.4,555.2,0,0.0,0
2012-08-16,2012-09-27,OPTSTK,ACC,500.0,CE,0.0,0.0,0.0,735.05,843.65,0,0.0,0
2012-08-16,2012-09-27,OPTSTK,ACC,550.0,CE,0.0,0.0,0.0,686.2,794.15,0,0.0,0
2012-08-16,2012-09-27,OPTSTK,ACC,600.0,CE,0.0,0.0,0.0,637.4,744.65,0,0.0,0
2012-08-16,2012-09-27,OPTSTK,ACC,650.0,CE,0.0,0.0,0.0,588.55,695.2,0,0.0,0
2012-08-16,2012-09-27,OPTSTK,ACC,700.0,CE,0.0,0.0,0.0,539.7,645.7,0,0.0,0
2012-08-16,2012-09-27,OPTSTK,ACC,750.0,CE,0.0,0.0,0.0,490.9,596.2,0,0.0,0
2012-08-16,2012-09-27,OPTSTK,ACC,800.0,CE,0.0,0.0,0.0,442.2,546.75,0,0.0,0
2012-08-16,2012-09-27,OPTSTK,ACC,850.0,CE,0.0,0.0,0.0,393.75,497.25,0,0.0,0
2012-08-16,2012-09-27,OPTSTK,ACC,900.0,CE,0.0,0.0,0.0,345.8,447.75,0,0.0,0
2012-08-16,2012-09-27,OPTSTK,ACC,950.0,CE,0.0,0.0,0.0,299.0,398.3,0,0.0,0
2012-08-16,2012-09-27,OPTSTK,ACC,1000.0,CE,0.0,0.0,0.0,253.9,348.8,0,0.0,0
2012-08-16,2012-09-27,OPTSTK,ACC,1050.0,CE,0.0,0.0,0.0,211.45,299.35,0,0.0,0
2012-08-16,2012-09-27,OPTSTK,ACC,1100.0,CE,0.0,0.0,0.0,172.4,249.9,0,0.0,0
2012-08-16,2012-09-27,OPTSTK,ACC,1150.0,CE,0.0,0.0,0.0,137.5,200.9,0,0.0,0
2012-08-16,2012-09-27,OPTSTK,ACC,1200.0,CE,0.0,0.0,0.0,155.7,153.15,0,0.0,250
2012-08-16,2012-09-27,OPTSTK,ACC,1250.0,CE,0.0,0.0,0.0,113.1,108.8,0,0.0,750
2012-08-16,2012-09-27,OPTSTK,ACC,1300.0,CE,0.0,0.0,0.0,87.65,70.7,0,0.0,2500
2012-08-16,2012-09-27,OPTSTK,ACC,1350.0,CE,0.0,0.0,0.0,51.0,41.4,0,0.0,1500
2012-08-16,2012-09-27,OPTSTK,ACC,1400.0,CE,0.0,0.0,0.0,32.05,21.65,0,0.0,0
2012-08-16,2012-09-27,OPTSTK,ACC,1450.0,CE,0.0,0.0,0.0,22.5,10.05,0,0.0,0
2012-08-16,2012-09-27,OPTSTK,ACC,1500.0,CE,0.0,0.0,0.0,15.55,4.15,0,0.0,0
2012-08-16,2012-09-27,OPTSTK,ACC,1550.0,CE,0.0,0.0,0.0,10.55,1.55,0,0.0,0
2012-08-16,2012-09-27,OPTSTK,ACC,1600.0,CE,0.0,0.0,0.0,7.05,0.5,0,0.0,0
2012-08-16,2012-09-27,OPTSTK,ACC,1650.0,CE,0.0,0.0,0.0,4.65,0.15,0,0.0,0
2012-08-16,2012-09-27,OPTSTK,ACC,1700.0,CE,0.0,0.0,0.0,3.0,0.05,0,0.0,0
2012-08-16,2012-09-27,OPTSTK,ACC,1750.0,CE,0.0,0.0,0.0,1.95,0.05,0,0.0,0
2012-08-16,2012-09-27,OPTSTK,ACC,1800.0,CE,0.0,0.0,0.0,1.25,0.0,0,0.0,0
2012-08-16,2012-09-27,OPTSTK,ACC,1850.0,CE,0.0,0.0,0.0,0.8,0.0,0,0.0,0
2012-08-16,2012-09-27,OPTSTK,ACC,1900.0,CE,0.0,0.0,0.0,0.5,0.0,0,0.0,0
2012-08-16,2012-09-27,OPTSTK,ACC,500.0,PE,0.0,0.0,0.0,0.05,0.0,0,0.0,0
2012-08-16,2012-09-27,OPTSTK,ACC,550.0,PE,0.0,0.0,0.0,0.05,0.0,0,0.0,0
2012-08-16,2012-09-27,OPTSTK,ACC,600.0,PE,0.0,0.0,0.0,0.05,0.0,0,0.0,0
2012-08-16,2012-09-27,OPTSTK,ACC,650.0,PE,0.0,0.0,0.0,0.05,0.0,0,0.0,0
2012-08-16,2012-09-27,OPTSTK,ACC,700.0,PE,0.0,0.0,0.0,0.05,0.0,0,0.0,0
2012-08-16,2012-09-27,OPTSTK,ACC,750.0,PE,0.0,0.0,0.0,0.05,0.0,0,0.0,0
2012-08-16,2012-09-27,OPTSTK,ACC,800.0,PE,0.0,0.0,0.0,0.2,0.0,0,0.0,0
2012-08-16,2012-09-27,OPTSTK,ACC,850.0,PE,0.0,0.0,0.0,0.55,0.0,0,0.0,0
2012-08-16,2012-09-27,OPTSTK,ACC,900.0,PE,0.0,0.0,0.0,1.5,0.0,0,0.0,0
2012-08-16,2012-09-27,OPTSTK,ACC,950.0,PE,0.0,0.0,0.0,3.5,0.0,0,0.0,0
2012-08-16,2012-09-27,OPTSTK,ACC,1000.0,PE,0.0,0.0,0.0,7.25,0.0,0,0.0,0
2012-08-16,2012-09-27,OPTSTK,ACC,1050.0,PE,0.0,0.0,0.0,13.65,0.05,0,0.0,0
2012-08-16,2012-09-27,OPTSTK,ACC,1100.0,PE,0.0,0.0,0.0,23.45,0.1,0,0.0,0
2012-08-16,2012-09-27,OPTSTK,ACC,1150.0,PE,0.0,0.0,0.0,10.0,0.55,0,0.0,250
2012-08-16,2012-09-27,OPTSTK,ACC,1200.0,PE,0.0,0.0,0.0,5.0,2.3,0,0.0,250
2012-08-16,2012-09-27,OPTSTK,ACC,1250.0,PE,0.0,0.0,0.0,79.35,7.45,0,0.0,0
2012-08-16,2012-09-27,OPTSTK,ACC,1300.0,PE,0.0,0.0,0.0,107.45,18.85,0,0.0,0
2012-08-16,2012-09-27,OPTSTK,ACC,1350.0,PE,0.0,0.0,0.0,139.85,39.0,0,0.0,0
2012-08-16,2012-09-27,OPTSTK,ACC,1400.0,PE,0.0,0.0,0.0,176.1,68.7,0,0.0,0
2012-08-16,2012-09-27,OPTSTK,ACC,1450.0,PE,0.0,0.0,0.0,215.4,106.6,0,0.0,0
2012-08-16,2012-09-27,OPTSTK,ACC,1500.0,PE,0.0,0.0,0.0,257.25,150.2,0,0.0,0
2012-08-16,2012-09-27,OPTSTK,ACC,1550.0,PE,0.0,0.0,0.0,301.1,197.05,0,0.0,0
2012-08-16,2012-09-27,OPTSTK,ACC,1600.0,PE,0.0,0.0,0.0,346.45,245.5,0,0.0,0
2012-08-16,2012-09-27,OPTSTK,ACC,1650.0,PE,0.0,0.0,0.0,392.85,294.65,0,0.0,0
2012-08-16,2012-09-27,OPTSTK,ACC,1700.0,PE,0.0,0.0,0.0,440.1,344.05,0,0.0,0
2012-08-16,2012-09-27,OPTSTK,ACC,1750.0,PE,0.0,0.0,0.0,487.85,393.5,0,0.0,0
2012-08-16,2012-09-27,OPTSTK,ACC,1800.0,PE,0.0,0.0,0.0,535.95,442.95,0,0.0,0
2012-08-16,2012-09-27,OPTSTK,ACC,1850.0,PE,0.0,0.0,0.0,584.35,492.45,0,0.0,0
2012-08-16,2012-09-27,OPTSTK,ACC,1900.0,PE,0.0,0.0,0.0,632.9,541.95,0,0.0,0
2012-08-16,2012-10-25,OPTSTK,ACC,500.0,CE,0.0,0.0,0.0,772.2,847.05,0,0.0,0
2012-08-16,2012-10-25,OPTSTK,ACC,550.0,CE,0.0,0.0,0.0,723.35,797.9,0,0.0,0
2012-08-16,2012-10-25,OPTSTK,ACC,600.0,CE,0.0,0.0,0.0,674.5,748.75,0,0.0,0
2012-08-16,2012-10-25,OPTSTK,ACC,650.0,CE,0.0,0.0,0.0,625.65,699.65,0,0.0,0
2012-08-16,2012-10-25,OPTSTK,ACC,700.0,CE,0.0,0.0,0.0,576.75,650.5,0,0.0,0
2012-08-16,2012-10-25,OPTSTK,ACC,750.0,CE,0.0,0.0,0.0,527.9,601.35,0,0.0,0
2012-08-16,2012-10-25,OPTSTK,ACC,800.0,CE,0.0,0.0,0.0,479.05,552.2,0,0.0,0
2012-08-16,2012-10-25,OPTSTK,ACC,850.0,CE,0.0,0.0,0.0,430.2,503.05,0,0.0,0
2012-08-16,2012-10-25,OPTSTK,ACC,900.0,CE,0.0,0.0,0.0,381.35,453.9,0,0.0,0
2012-08-16,2012-10-25,OPTSTK,ACC,950.0,CE,0.0,0.0,0.0,332.75,404.8,0,0.0,0
2012-08-16,2012-10-25,OPTSTK,ACC,1000.0,CE,0.0,0.0,0.0,284.6,355.65,0,0.0,0
2012-08-16,2012-10-25,OPTSTK,ACC,1050.0,CE,0.0,0.0,0.0,237.55,306.65,0,0.0,0
2012-08-16,2012-10-25,OPTSTK,ACC,1100.0,CE,0.0,0.0,0.0,192.65,257.95,0,0.0,0
2012-08-16,2012-10-25,OPTSTK,ACC,1150.0,CE,0.0,0.0,0.0,151.1,210.2,0,0.0,0
2012-08-16,2012-10-25,OPTSTK,ACC,1200.0,CE,0.0,0.0,0.0,114.2,164.65,0,0.0,0
2012-08-16,2012-10-25,OPTSTK,ACC,1250.0,CE,0.0,0.0,0.0,83.0,122.9,0,0.0,0
2012-08-16,2012-10-25,OPTSTK,ACC,1300.0,CE,0.0,0.0,0.0,57.9,86.8,0,0.0,0
2012-08-16,2012-10-25,OPTSTK,ACC,1350.0,CE,0.0,0.0,0.0,38.75,57.75,0,0.0,0
2012-08-16,2012-10-25,OPTSTK,ACC,1400.0,CE,0.0,0.0,0.0,25.0,36.0,0,0.0,0
2012-08-16,2012-10-25,OPTSTK,ACC,1450.0,CE,0.0,0.0,0.0,15.45,21.1,0,0.0,0
2012-08-16,2012-10-25,OPTSTK,ACC,1500.0,CE,0.0,0.0,0.0,9.2,11.55,0,0.0,0
2012-08-16,2012-10-25,OPTSTK,ACC,1550.0,CE,0.0,0.0,0.0,5.3,5.95,0,0.0,0
2012-08-16,2012-10-25,OPTSTK,ACC,1600.0,CE,0.0,0.0,0.0,2.95,2.9,0,0.0,0
2012-08-16,2012-10-25,OPTSTK,ACC,1650.0,CE,0.0,0.0,0.0,1.6,1.35,0,0.0,0
2012-08-16,2012-10-25,OPTSTK,ACC,1700.0,CE,0.0,0.0,0.0,0.85,0.6,0,0.0,0
2012-08-16,2012-10-25,OPTSTK,ACC,1750.0,CE,0.0,0.0,0.0,0.45,0.25,0,0.0,0
2012-08-16,2012-10-25,OPTSTK,ACC,1800.0,CE,0.0,0.0,0.0,0.25,0.1,0,0.0,0
2012-08-16,2012-10-25,OPTSTK,ACC,1850.0,CE,0.0,0.0,0.0,0.1,0.05,0,0.0,0
2012-08-16,2012-10-25,OPTSTK,ACC,1900.0,CE,0.0,0.0,0.0,0.05,0.05,0,0.0,0
2012-08-16,2012-10-25,OPTSTK,ACC,500.0,PE,0.0,0.0,0.0,0.05,0.0,0,0.0,0
2012-08-16,2012-10-25,OPTSTK,ACC,550.0,PE,0.0,0.0,0.0,0.05,0.0,0,0.0,0
2012-08-16,2012-10-25,OPTSTK,ACC,600.0,PE,0.0,0.0,0.0,0.05,0.0,0,0.0,0
2012-08-16,2012-10-25,OPTSTK,ACC,650.0,PE,0.0,0.0,0.0,0.05,0.0,0,0.0,0
2012-08-16,2012-10-25,OPTSTK,ACC,700.0,PE,0.0,0.0,0.0,0.05,0.0,0,0.0,0
2012-08-16,2012-10-25,OPTSTK,ACC,750.0,PE,0.0,0.0,0.0,0.05,0.0,0,0.0,0
2012-08-16,2012-10-25,OPTSTK,ACC,800.0,PE,0.0,0.0,0.0,0.05,0.0,0,0.0,0
2012-08-16,2012-10-25,OPTSTK,ACC,850.0,PE,0.0,0.0,0.0,0.05,0.0,0,0.0,0
2012-08-16,2012-10-25,OPTSTK,ACC,900.0,PE,0.0,0.0,0.0,0.1,0.0,0,0.0,0
2012-08-16,2012-10-25,OPTSTK,ACC,950.0,PE,0.0,0.0,0.0,0.3,0.0,0,0.0,0
2012-08-16,2012-10-25,OPTSTK,ACC,1000.0,PE,0.0,0.0,0.0,1.05,0.05,0,0.0,0
2012-08-16,2012-10-25,OPTSTK,ACC,1050.0,PE,0.0,0.0,0.0,2.85,0.15,0,0.0,0
2012-08-16,2012-10-25,OPTSTK,ACC,1100.0,PE,0.0,0.0,0.0,6.8,0.6,0,0.0,0
2012-08-16,2012-10-25,OPTSTK,ACC,1150.0,PE,0.0,0.0,0.0,14.15,2.0,0,0.0,0
2012-08-16,2012-10-25,OPTSTK,ACC,1200.0,PE,0.0,0.0,0.0,26.1,5.6,0,0.0,0
2012-08-16,2012-10-25,OPTSTK,ACC,1250.0,PE,0.0,0.0,0.0,43.75,13.0,0,0.0,0
2012-08-16,2012-10-25,OPTSTK,ACC,1300.0,PE,0.0,0.0,0.0,67.55,26.05,0,0.0,0
2012-08-16,2012-10-25,OPTSTK,ACC,1350.0,PE,0.0,0.0,0.0,97.25,46.1,0,0.0,0
2012-08-16,2012-10-25,OPTSTK,ACC,1400.0,PE,0.0,0.0,0.0,132.35,73.55,0,0.0,0
2012-08-16,2012-10-25,OPTSTK,ACC,1450.0,PE,0.0,0.0,0.0,171.7,107.75,0,0.0,0
2012-08-16,2012-10-25,OPTSTK,ACC,1500.0,PE,0.0,0.0,0.0,214.3,147.35,0,0.0,0
2012-08-16,2012-10-25,OPTSTK,ACC,1550.0,PE,0.0,0.0,0.0,259.25,190.9,0,0.0,0
2012-08-16,2012-10-25,OPTSTK,ACC,1600.0,PE,0.0,0.0,0.0,305.8,236.95,0,0.0,0
2012-08-16,2012-10-25,OPTSTK,ACC,1650.0,PE,0.0,0.0,0.0,353.3,284.55,0,0.0,0
2012-08-16,2012-10-25,OPTSTK,ACC,1700.0,PE,0.0,0.0,0.0,401.4,332.95,0,0.0,0
2012-08-16,2012-10-25,OPTSTK,ACC,1750.0,PE,0.0,0.0,0.0,449.85,381.75,0,0.0,0
2012-08-16,2012-10-25,OPTSTK,ACC,1800.0,PE,0.0,0.0,0.0,498.5,430.75,0,0.0,0
2012-08-16,2012-10-25,OPTSTK,ACC,1850.0,PE,0.0,0.0,0.0,547.25,479.85,0,0.0,0
2012-08-16,2012-10-25,OPTSTK,ACC,1900.0,PE,0.0,0.0,0.0,596.1,528.95,0,0.0,0
2012-08-16,2012-08-30,OPTSTK,ADANIENT,120.0,CE,0.0,0.0,0.0,143.45,71.4,0,0.0,0
2012-08-16,2012-08-30,OPTSTK,ADANIENT,130.0,CE,0.0,0.0,0.0,104.0,61.45,0,0.0,0
2012-08-16,2012-08-30,OPTSTK,ADANIENT,140.0,CE,0.0,0.0,0.0,124.0,51.5,0,0.0,0
2012-08-16,2012-08-30,OPTSTK,ADANIENT,150.0,CE,0.0,0.0,0.0,94.65,41.55,0,0.0,0
2012-08-16,2012-08-30,OPTSTK,ADANIENT,160.0,CE,0.0,0.0,0.0,24.2,31.85,0,0.0,3000
2012-08-16,2012-08-30,OPTSTK,ADANIENT,170.0,CE,0.0,0.0,0.0,22.0,22.65,0,0.0,8000
2012-08-16,2012-08-30,OPTSTK,ADANIENT,180.0,CE,15.6,17.5,13.0,13.05,13.05,54,105.82,81000
2012-08-16,2012-08-30,OPTSTK,ADANIENT,190.0,CE,9.5,10.1,6.25,6.85,6.85,140,278.13,173000
2012-08-16,2012-08-30,OPTSTK,ADANIENT,200.0,CE,4.75,5.15,3.05,3.4,3.4,286,584.82,294000
2012-08-16,2012-08-30,OPTSTK,ADANIENT,210.0,CE,2.35,2.55,1.35,1.5,1.5,90,190.88,190000
2012-08-16,2012-08-30,OPTSTK,ADANIENT,220.0,CE,1.45,1.45,0.55,0.65,0.65,99,218.74,168000
2012-08-16,2012-08-30,OPTSTK,ADANIENT,230.0,CE,0.45,0.45,0.3,0.3,0.3,9,20.73,15000
2012-08-16,2012-08-30,OPTSTK,ADANIENT,240.0,CE,0.0,0.0,0.0,0.15,0.1,0,0.0,16000
2012-08-16,2012-08-30,OPTSTK,ADANIENT,250.0,CE,0.0,0.0,0.0,27.2,0.05,0,0.0,0
2012-08-16,2012-08-30,OPTSTK,ADANIENT,260.0,CE,0.0,0.0,0.0,29.1,0.05,0,0.0,0
2012-08-16,2012-08-30,OPTSTK,ADANIENT,270.0,CE,0.0,0.0,0.0,20.0,0.0,0,0.0,0
2012-08-16,2012-08-30,OPTSTK,ADANIENT,280.0,CE,0.0,0.0,0.0,20.65,0.0,0,0.0,0
2012-08-16,2012-08-30,OPTSTK,ADANIENT,290.0,CE,0.0,0.0,0.0,14.55,0.0,0,0.0,0
2012-08-16,2012-08-30,OPTSTK,ADANIENT,300.0,CE,0.0,0.0,0.0,14.35,0.0,0,0.0,0
2012-08-16,2012-08-30,OPTSTK,ADANIENT,320.0,CE,0.0,0.0,0.0,9.75,0.0,0,0.0,0
2012-08-16,2012-08-30,OPTSTK,ADANIENT,340.0,CE,0.0,0.0,0.0,6.5,0.0,0,0.0,0
2012-08-16,2012-08-30,OPTSTK,ADANIENT,360.0,CE,0.0,0.0,0.0,4.3,0.0,0,0.0,0
2012-08-16,2012-08-30,OPTSTK,ADANIENT,380.0,CE,0.0,0.0,0.0,2.8,0.0,0,0.0,0
2012-08-16,2012-08-30,OPTSTK,ADANIENT,400.0,CE,0.0,0.0,0.0,1.8,0.0,0,0.0,0
2012-08-16,2012-08-30,OPTSTK,ADANIENT,420.0,CE,0.0,0.0,0.0,1.15,0.0,0,0.0,0
2012-08-16,2012-08-30,OPTSTK,ADANIENT,440.0,CE,0.0,0.0,0.0,0.75,0.0,0,0.0,0
2012-08-16,2012-08-30,OPTSTK,ADANIENT,460.0,CE,0.0,0.0,0.0,0.45,0.0,0,0.0,0
2012-08-16,2012-08-30,OPTSTK,ADANIENT,120.0,PE,0.0,0.0,0.0,0.05,0.0,0,0.0,0
2012-08-16,2012-08-30,OPTSTK,ADANIENT,130.0,PE,0.0,0.0,0.0,0.55,0.0,0,0.0,0
2012-08-16,2012-08-30,OPTSTK,ADANIENT,140.0,PE,0.0,0.0,0.0,0.1,0.0,0,0.0,0
2012-08-16,2012-08-30,OPTSTK,ADANIENT,150.0,PE,0.0,0.0,0.0,0.5,0.05,0,0.0,2000
2012-08-16,2012-08-30,OPTSTK,ADANIENT,160.0,PE,0.0,0.0,0.0,0.25,0.3,0,0.0,24000
2012-08-16,2012-08-30,OPTSTK,ADANIENT,170.0,PE,0.6,0.9,0.5,0.9,0.9,10,17.07,26000
2012-08-16,2012-08-30,OPTSTK,ADANIENT,180.0,PE,1.85,2.55,1.5,2.4,2.4,79,143.77,54000
2012-08-16,2012-08-30,OPTSTK,ADANIENT,190.0,PE,4.85,5.9,4.2,5.7,5.7,50,97.42,33000
2012-08-16,2012-08-30,OPTSTK,ADANIENT,200.0,PE,11.0,12.5,9.2,12.5,12.5,4,8.41,6000
2012-08-16,2012-08-30,OPTSTK,ADANIENT,210.0,PE,0.0,0.0,0.0,29.5,20.35,0,0.0,4000
2012-08-16,2012-08-30,OPTSTK,ADANIENT,220.0,PE,0.0,0.0,0.0,40.0,29.15,0,0.0,3000
2012-08-16,2012-08-30,OPTSTK,ADANIENT,230.0,PE,0.0,0.0,0.0,21.15,38.55,0,0.0,0
2012-08-16,2012-08-30,OPTSTK,ADANIENT,240.0,PE,0.0,0.0,0.0,13.65,48.3,0,0.0,0
2012-08-16,2012-08-30,OPTSTK,ADANIENT,250.0,PE,0.0,0.0,0.0,31.5,58.2,0,0.0,0
2012-08-16,2012-08-30,OPTSTK,ADANIENT,260.0,PE,0.0,0.0,0.0,22.3,68.15,0,0.0,0
2012-08-16,2012-08-30,OPTSTK,ADANIENT,270.0,PE,0.0,0.0,0.0,43.85,78.1,0,0.0,0
2012-08-16,2012-08-30,OPTSTK,ADANIENT,280.0,PE,0.0,0.0,0.0,33.35,88.1,0,0.0,0
2012-08-16,2012-08-30,OPTSTK,ADANIENT,290.0,PE,0.0,0.0,0.0,57.95,98.05,0,0.0,0
2012-08-16,2012-08-30,OPTSTK,ADANIENT,300.0,PE,0.0,0.0,0.0,46.55,108.0,0,0.0,0
2012-08-16,2012-08-30,OPTSTK,ADANIENT,320.0,PE,0.0,0.0,0.0,61.5,127.95,0,0.0,0
2012-08-16,2012-08-30,OPTSTK,ADANIENT,340.0,PE,0.0,0.0,0.0,77.75,147.9,0,0.0,0
2012-08-16,2012-08-30,OPTSTK,ADANIENT,360.0,PE,0.0,0.0,0.0,95.05,167.8,0,0.0,0
2012-08-16,2012-08-30,OPTSTK,ADANIENT,380.0,PE,0.0,0.0,0.0,113.1,187.75,0,0.0,0
2012-08-16,2012-08-30,OPTSTK,ADANIENT,400.0,PE,0.0,0.0,0.0,131.6,207.7,0,0.0,0
2012-08-16,2012-08-30,OPTSTK,ADANIENT,420.0,PE,0.0,0.0,0.0,150.5,227.6,0,0.0,0
2012-08-16,2012-08-30,OPTSTK,ADANIENT,440.0,PE,0.0,0.0,0.0,169.6,247.55,0,0.0,0
2012-08-16,2012-08-30,OPTSTK,ADANIENT,460.0,PE,0.0,0.0,0.0,188.85,267.5,0,0.0,0
2012-08-16,2012-09-27,OPTSTK,ADANIENT,120.0,CE,0.0,0.0,0.0,100.5,72.3,0,0.0,0
2012-08-16,2012-09-27,OPTSTK,ADANIENT,130.0,CE,0.0,0.0,0.0,90.9,62.5,0,0.0,0
2012-08-16,2012-09-27,OPTSTK,ADANIENT,140.0,CE,0.0,0.0,0.0,81.5,52.85,0,0.0,0
2012-08-16,2012-09-27,OPTSTK,ADANIENT,150.0,CE,0.0,0.0,0.0,72.35,43.6,0,0.0,0
2012-08-16,2012-09-27,OPTSTK,ADANIENT,160.0,CE,0.0,0.0,0.0,63.6,34.95,0,0.0,0
2012-08-16,2012-09-27,OPTSTK,ADANIENT,170.0,CE,0.0,0.0,0.0,21.9,27.15,0,0.0,3000
2012-08-16,2012-09-27,OPTSTK,ADANIENT,180.0,CE,0.0,0.0,0.0,17.5,20.4,0,0.0,1000
2012-08-16,2012-09-27,OPTSTK,ADANIENT,190.0,CE,14.6,14.6,11.5,11.5,11.5,11,22.41,13000
2012-08-16,2012-09-27,OPTSTK,ADANIENT,200.0,CE,8.15,8.15,7.05,7.05,7.05,2,4.15,2000
2012-08-16,2012-09-27,OPTSTK,ADANIENT,210.0,CE,5.35,5.35,4.85,4.85,4.85,2,4.3,4000
2012-08-16,2012-09-27,OPTSTK,ADANIENT,220.0,CE,2.45,2.45,2.45,2.45,2.45,1,2.22,1000
2012-08-16,2012-09-27,OPTSTK,ADANIENT,230.0,CE,0.0,0.0,0.0,19.5,3.1,0,0.0,0
2012-08-16,2012-09-27,OPTSTK,ADANIENT,240.0,CE,0.0,0.0,0.0,15.9,1.95,0,0.0,0
2012-08-16,2012-09-27,OPTSTK,ADANIENT,250.0,CE,0.0,0.0,0.0,12.85,1.25,0,0.0,0
2012-08-16,2012-09-27,OPTSTK,ADANIENT,260.0,CE,0.0,0.0,0.0,10.35,0.75,0,0.0,0
2012-08-16,2012-09-27,OPTSTK,ADANIENT,270.0,CE,0.0,0.0,0.0,8.3,0.45,0,0.0,0
2012-08-16,2012-09-27,OPTSTK,ADANIENT,280.0,CE,0.0,0.0,0.0,6.6,0.25,0,0.0,0
2012-08-16,2012-09-27,OPTSTK,ADANIENT,290.0,CE,0.0,0.0,0.0,5.2,0.15,0,0.0,0
2012-08-16,2012-09-27,OPTSTK,ADANIENT,300.0,CE,0.0,0.0,0.0,4.1,0.1,0,0.0,0
2012-08-16,2012-09-27,OPTSTK,ADANIENT,310.0,CE,0.0,0.0,0.0,3.25,0.05,0,0.0,0
2012-08-16,2012-09-27,OPTSTK,ADANIENT,320.0,CE,0.0,0.0,0.0,2.55,0.05,0,0.0,0
2012-08-16,2012-09-27,OPTSTK,ADANIENT,120.0,PE,0.0,0.0,0.0,0.15,0.05,0,0.0,0
2012-08-16,2012-09-27,OPTSTK,ADANIENT,130.0,PE,0.0,0.0,0.0,0.3,0.15,0,0.0,0
2012-08-16,2012-09-27,OPTSTK,ADANIENT,140.0,PE,0.0,0.0,0.0,0.7,0.4,0,0.0,0
2012-08-16,2012-09-27,OPTSTK,ADANIENT,150.0,PE,0.0,0.0,0.0,1.3,1.05,0,0.0,0
2012-08-16,2012-09-27,OPTSTK,ADANIENT,160.0,PE,0.0,0.0,0.0,2.3,2.3,0,0.0,0
2012-08-16,2012-09-27,OPTSTK,ADANIENT,170.0,PE,0.0,0.0,0.0,3.8,4.4,0,0.0,0
2012-08-16,2012-09-27,OPTSTK,ADANIENT,180.0,PE,0.0,0.0,0.0,5.9,7.55,0,0.0,0
2012-08-16,2012-09-27,OPTSTK,ADANIENT,190.0,PE,7.8,7.8,7.4,7.8,7.8,16,31.61,16000
2012-08-16,2012-09-27,OPTSTK,ADANIENT,200.0,PE,0.0,0.0,0.0,12.05,17.4,0,0.0,0
2012-08-16,2012-09-27,OPTSTK,ADANIENT,210.0,PE,0.0,0.0,0.0,16.2,24.0,0,0.0,0
2012-08-16,2012-09-27,OPTSTK,ADANIENT,220.0,PE,0.0,0.0,0.0,21.05,31.5,0,0.0,0
2012-08-16,2012-09-27,OPTSTK,ADANIENT,230.0,PE,0.0,0.0,0.0,26.6,39.75,0,0.0,0
2012-08-16,2012-09-27,OPTSTK,ADANIENT,240.0,PE,0.0,0.0,0.0,32.75,48.5,0,0.0,0
2012-08-16,2012-09-27,OPTSTK,ADANIENT,250.0,PE,0.0,0.0,0.0,39.5,57.65,0,0.0,0
2012-08-16,2012-09-27,OPTSTK,ADANIENT,260.0,PE,0.0,0.0,0.0,46.75,67.05,0,0.0,0
2012-08-16,2012-09-27,OPTSTK,ADANIENT,270.0,PE,0.0,0.0,0.0,54.45,76.65,0,0.0,0
2012-08-16,2012-09-27,OPTSTK,ADANIENT,280.0,PE,0.0,0.0,0.0,62.55,86.4,0,0.0,0
2012-08-16,2012-09-27,OPTSTK,ADANIENT,290.0,PE,0.0,0.0,0.0,70.9,96.15,0,0.0,0
2012-08-16,2012-09-27,OPTSTK,ADANIENT,300.0,PE,0.0,0.0,0.0,79.6,106.0,0,0.0,0
2012-08-16,2012-09-27,OPTSTK,ADANIENT,310.0,PE,0.0,0.0,0.0,88.45,115.85,0,0.0,0
2012-08-16,2012-09-27,OPTSTK,ADANIENT,320.0,PE,0.0,0.0,0.0,97.55,125.75,0,0.0,0
2012-08-16,2012-10-25,OPTSTK,ADANIENT,120.0,CE,0.0,0.0,0.0,64.85,73.3,0,0.0,0
2012-08-16,2012-10-25,OPTSTK,ADANIENT,130.0,CE,0.0,0.0,0.0,56.25,63.8,0,0.0,0
2012-08-16,2012-10-25,OPTSTK,ADANIENT,140.0,CE,0.0,0.0,0.0,48.25,54.65,0,0.0,0
2012-08-16,2012-10-25,OPTSTK,ADANIENT,150.0,CE,0.0,0.0,0.0,40.9,46.0,0,0.0,0
2012-08-16,2012-10-25,OPTSTK,ADANIENT,160.0,CE,0.0,0.0,0.0,34.3,38.05,0,0.0,0
2012-08-16,2012-10-25,OPTSTK,ADANIENT,170.0,CE,0.0,0.0,0.0,28.5,30.9,0,0.0,0
2012-08-16,2012-10-25,OPTSTK,ADANIENT,180.0,CE,0.0,0.0,0.0,23.0,24.65,0,0.0,1000
2012-08-16,2012-10-25,OPTSTK,ADANIENT,190.0,CE,0.0,0.0,0.0,19.15,19.35,0,0.0,0
2012-08-16,2012-10-25,OPTSTK,ADANIENT,200.0,CE,0.0,0.0,0.0,15.5,14.95,0,0.0,0
2012-08-16,2012-10-25,OPTSTK,ADANIENT,210.0,CE,0.0,0.0,0.0,12.5,11.35,0,0.0,0
2012-08-16,2012-10-25,OPTSTK,ADANIENT,220.0,CE,0.0,0.0,0.0,10.0,8.5,0,0.0,0
2012-08-16,2012-10-25,OPTSTK,ADANIENT,230.0,CE,0.0,0.0,0.0,7.95,6.3,0,0.0,0
2012-08-16,2012-10-25,OPTSTK,ADANIENT,240.0,CE,0.0,0.0,0.0,6.3,4.6,0,0.0,0
2012-08-16,2012-10-25,OPTSTK,ADANIENT,250.0,CE,0.0,0.0,0.0,5.0,3.35,0,0.0,0
2012-08-16,2012-10-25,OPTSTK,ADANIENT,260.0,CE,0.0,0.0,0.0,3.9,2.4,0,0.0,0
2012-08-16,2012-10-25,OPTSTK,ADANIENT,270.0,CE,0.0,0.0,0.0,3.05,1.7,0,0.0,0
2012-08-16,2012-10-25,OPTSTK,ADANIENT,280.0,CE,0.0,0.0,0.0,2.4,1.2,0,0.0,0
2012-08-16,2012-10-25,OPTSTK,ADANIENT,120.0,PE,0.0,0.0,0.0,1.4,0.25,0,0.0,0
2012-08-16,2012-10-25,OPTSTK,ADANIENT,130.0,PE,0.0,0.0,0.0,2.55,0.55,0,0.0,0
2012-08-16,2012-10-25,OPTSTK,ADANIENT,140.0,PE,0.0,0.0,0.0,4.3,1.25,0,0.0,0
2012-08-16,2012-10-25,OPTSTK,ADANIENT,150.0,PE,0.0,0.0,0.0,6.75,2.45,0,0.0,0
2012-08-16,2012-10-25,OPTSTK,ADANIENT,160.0,PE,0.0,0.0,0.0,9.95,4.3,0,0.0,0
2012-08-16,2012-10-25,OPTSTK,ADANIENT,170.0,PE,0.0,0.0,0.0,13.9,7.0,0,0.0,0
2012-08-16,2012-10-25,OPTSTK,ADANIENT,180.0,PE,0.0,0.0,0.0,18.65,10.55,0,0.0,0
2012-08-16,2012-10-25,OPTSTK,ADANIENT,190.0,PE,0.0,0.0,0.0,24.1,15.1,0,0.0,0
2012-08-16,2012-10-25,OPTSTK,ADANIENT,200.0,PE,0.0,0.0,0.0,30.25,20.5,0,0.0,0
2012-08-16,2012-10-25,OPTSTK,ADANIENT,210.0,PE,0.0,0.0,0.0,36.95,26.75,0,0.0,0
2012-08-16,2012-10-25,OPTSTK,ADANIENT,220.0,PE,0.0,0.0,0.0,44.25,33.75,0,0.0,0
2012-08-16,2012-10-25,OPTSTK,ADANIENT,230.0,PE,0.0,0.0,0.0,52.0,41.35,0,0.0,0
2012-08-16,2012-10-25,OPTSTK,ADANIENT,240.0,PE,0.0,0.0,0.0,60.1,49.5,0,0.0,0
2012-08-16,2012-10-25,OPTSTK,ADANIENT,250.0,PE,0.0,0.0,0.0,68.55,58.05,0,0.0,0
2012-08-16,2012-10-25,OPTSTK,ADANIENT,260.0,PE,0.0,0.0,0.0,77.25,66.95,0,0.0,0
2012-08-16,2012-10-25,OPTSTK,ADANIENT,270.0,PE,0.0,0.0,0.0,86.2,76.1,0,0.0,0
2012-08-16,2012-10-25,OPTSTK,ADANIENT,280.0,PE,0.0,0.0,0.0,95.3,85.4,0,0.0,0
2012-08-16,2012-08-30,OPTSTK,ADANIPORTS,60.0,CE,0.0,0.0,0.0,64.9,67.35,0,0.0,0
2012-08-16,2012-08-30,OPTSTK,ADANIPORTS,70.0,CE,0.0,0.0,0.0,55.2,57.4,0,0.0,0
2012-08-16,2012-08-30,OPTSTK,ADANIPORTS,80.0,CE,0.0,0.0,0.0,45.55,47.45,0,0.0,0
2012-08-16,2012-08-30,OPTSTK,ADANIPORTS,90.0,CE,0.0,0.0,0.0,36.2,37.45,0,0.0,0
2012-08-16,2012-08-30,OPTSTK,ADANIPORTS,100.0,CE,0.0,0.0,0.0,27.6,27.5,0,0.0,0
2012-08-16,2012-08-30,OPTSTK,ADANIPORTS,110.0,CE,0.0,0.0,0.0,20.1,17.55,0,0.0,0
2012-08-16,2012-08-30,OPTSTK,ADANIPORTS,120.0,CE,9.95,9.95,9.95,9.95,9.95,1,2.59,8000
2012-08-16,2012-08-30,OPTSTK,ADANIPORTS,130.0,CE,0.0,0.0,0.0,2.7,2.35,0,0.0,22000
2012-08-16,2012-08-30,OPTSTK,ADANIPORTS,140.0,CE,0.0,0.0,0.0,1.8,0.35,0,0.0,0
2012-08-16,2012-08-30,OPTSTK,ADANIPORTS,150.0,CE,0.0,0.0,0.0,3.7,0.05,0,0.0,0
2012-08-16,2012-08-30,OPTSTK,ADANIPORTS,160.0,CE,0.0,0.0,0.0,2.2,0.0,0,0.0,0
2012-08-16,2012-08-30,OPTSTK,ADANIPORTS,170.0,CE,0.0,0.0,0.0,1.3,0.0,0,0.0,0
2012-08-16,2012-08-30,OPTSTK,ADANIPORTS,180.0,CE,0.0,0.0,0.0,0.75,0.0,0,0.0,0
2012-08-16,2012-08-30,OPTSTK,ADANIPORTS,190.0,CE,0.0,0.0,0.0,0.45,0.0,0,0.0,0
2012-08-16,2012-08-30,OPTSTK,ADANIPORTS,200.0,CE,0.0,0.0,0.0,0.25,0.0,0,0.0,0
2012-08-16,2012-08-30,OPTSTK,ADANIPORTS,210.0,CE,0.0,0.0,0.0,0.15,0.0,0,0.0,0
2012-08-16,2012-08-30,OPTSTK,ADANIPORTS,220.0,CE,0.0,0.0,0.0,0.1,0.0,0,0.0,0
2012-08-16,2012-08-30,OPTSTK,ADANIPORTS,60.0,PE,0.0,0.0,0.0,0.05,0.0,0,0.0,0
2012-08-16,2012-08-30,OPTSTK,ADANIPORTS,70.0,PE,0.0,0.0,0.0,0.05,0.0,0,0.0,0
2012-08-16,2012-08-30,OPTSTK,ADANIPORTS,80.0,PE,0.0,0.0,0.0,0.15,0.0,0,0.0,0
2012-08-16,2012-08-30,OPTSTK,ADANIPORTS,90.0,PE,0.0,0.0,0.0,0.6,0.0,0,0.0,0
2012-08-16,2012-08-30,OPTSTK,ADANIPORTS,100.0,PE,0.0,0.0,0.0,1.75,0.0,0,0.0,0
2012-08-16,2012-08-30,OPTSTK,ADANIPORTS,110.0,PE,0.0,0.0,0.0,4.0,0.05,0,0.0,0
2012-08-16,2012-08-30,OPTSTK,ADANIPORTS,120.0,PE,1.0,1.0,1.0,1.0,1.0,1,2.42,4000
2012-08-16,2012-08-30,OPTSTK,ADANIPORTS,130.0,PE,0.0,0.0,0.0,12.7,4.8,0,0.0,0
2012-08-16,2012-08-30,OPTSTK,ADANIPORTS,140.0,PE,0.0,0.0,0.0,19.1,12.75,0,0.0,0
2012-08-16,2012-08-30,OPTSTK,ADANIPORTS,150.0,PE,0.0,0.0,0.0,26.6,22.4,0,0.0,0
2012-08-16,2012-08-30,OPTSTK,ADANIPORTS,160.0,PE,0.0,0.0,0.0,34.9,32.35,0,0.0,0
2012-08-16,2012-08-30,OPTSTK,ADANIPORTS,170.0,PE,0.0,0.0,0.0,43.75,42.3,0,0.0,0
2012-08-16,2012-08-30,OPTSTK,ADANIPORTS,180.0,PE,0.0,0.0,0.0,52.95,52.25,0,0.0,0
2012-08-16,2012-08-30,OPTSTK,ADANIPORTS,190.0,PE,0.0,0.0,0.0,62.4,62.25,0,0.0,0
2012-08-16,2012-08-30,OPTSTK,ADANIPORTS,200.0,PE,0.0,0.0,0.0,72.0,72.2,0,0.0,0
2012-08-16,2012-08-30,OPTSTK,ADANIPORTS,210.0,PE,0.0,0.0,0.0,81.65,82.15,0,0.0,0
2012-08-16,2012-08-30,OPTSTK,ADANIPORTS,220.0,PE,0.0,0.0,0.0,91.35,92.15,0,0.0,0
2012-08-16,2012-09-27,OPTSTK,ADANIPORTS,60.0,CE,0.0,0.0,0.0,60.85,67.8,0,0.0,0
2012-08-16,2012-09-27,OPTSTK,ADANIPORTS,70.0,CE,0.0,0.0,0.0,51.1,57.9,0,0.0,0
2012-08-16,2012-09-27,OPTSTK,ADANIPORTS,80.0,CE,0.0,0.0,0.0,41.35,48.0,0,0.0,0
2012-08-16,2012-09-27,OPTSTK,ADANIPORTS,90.0,CE,0.0,0.0,0.0,31.8,38.1,0,0.0,0
2012-08-16,2012-09-27,OPTSTK,ADANIPORTS,100.0,CE,0.0,0.0,0.0,22.8,28.25,0,0.0,0
2012-08-16,2012-09-27,OPTSTK,ADANIPORTS,110.0,CE,0.0,0.0,0.0,15.05,18.9,0,0.0,0
2012-08-16,2012-09-27,OPTSTK,ADANIPORTS,120.0,CE,0.0,0.0,0.0,9.05,10.85,0,0.0,0
2012-08-16,2012-09-27,OPTSTK,ADANIPORTS,130.0,CE,0.0,0.0,0.0,5.0,5.2,0,0.0,0
2012-08-16,2012-09-27,OPTSTK,ADANIPORTS,140.0,CE,0.0,0.0,0.0,2.55,2.05,0,0.0,0
2012-08-16,2012-09-27,OPTSTK,ADANIPORTS,150.0,CE,0.0,0.0,0.0,1.2,0.7,0,0.0,0
2012-08-16,2012-09-27,OPTSTK,ADANIPORTS,160.0,CE,0.0,0.0,0.0,0.55,0.2,0,0.0,0
2012-08-16,2012-09-27,OPTSTK,ADANIPORTS,170.0,CE,0.0,0.0,0.0,0.25,0.05,0,0.0,0
2012-08-16,2012-09-27,OPTSTK,ADANIPORTS,180.0,CE,0.0,0.0,0.0,0.1,0.05,0,0.0,0
2012-08-16,2012-09-27,OPTSTK,ADANIPORTS,190.0,CE,0.0,0.0,0.0,0.05,0.0,0,0.0,0
2012-08-16,2012-09-27,OPTSTK,ADANIPORTS,200.0,CE,0.0,0.0,0.0,0.05,0.0,0,0.0,0
2012-08-16,2012-09-27,OPTSTK,ADANIPORTS,210.0,CE,0.0,0.0,0.0,0.05,0.0,0,0.0,0
2012-08-16,2012-09-27,OPTSTK,ADANIPORTS,220.0,CE,0.0,0.0,0.0,0.05,0.0,0,0.0,0
2012-08-16,2012-09-27,OPTSTK,ADANIPORTS,60.0,PE,0.0,0.0,0.0,0.05,0.0,0,0.0,0
2012-08-16,2012-09-27,OPTSTK,ADANIPORTS,70.0,PE,0.0,0.0,0.0,0.05,0.0,0,0.0,0
2012-08-16,2012-09-27,OPTSTK,ADANIPORTS,80.0,PE,0.0,0.0,0.0,0.05,0.0,0,0.0,0
2012-08-16,2012-09-27,OPTSTK,ADANIPORTS,90.0,PE,0.0,0.0,0.0,0.25,0.0,0,0.0,0
2012-08-16,2012-09-27,OPTSTK,ADANIPORTS,100.0,PE,0.0,0.0,0.0,1.0,0.1,0,0.0,0
2012-08-16,2012-09-27,OPTSTK,ADANIPORTS,110.0,PE,0.0,0.0,0.0,3.05,0.6,0,0.0,0
2012-08-16,2012-09-27,OPTSTK,ADANIPORTS,120.0,PE,0.0,0.0,0.0,6.8,2.45,0,0.0,0
2012-08-16,2012-09-27,OPTSTK,ADANIPORTS,130.0,PE,0.0,0.0,0.0,12.5,6.7,0,0.0,0
2012-08-16,2012-09-27,OPTSTK,ADANIPORTS,140.0,PE,0.0,0.0,0.0,19.85,13.45,0,0.0,0
2012-08-16,2012-09-27,OPTSTK,ADANIPORTS,150.0,PE,0.0,0.0,0.0,28.25,22.0,0,0.0,0
2012-08-16,2012-09-27,OPTSTK,ADANIPORTS,160.0,PE,0.0,0.0,0.0,37.35,31.4,0,0.0,0
2012-08-16,2012-09-27,OPTSTK,ADANIPORTS,170.0,PE,0.0,0.0,0.0,46.85,41.15,0,0.0,0
2012-08-16,2012-09-27,OPTSTK,ADANIPORTS,180.0,PE,0.0,0.0,0.0,56.45,51.0,0,0.0,0
2012-08-16,2012-09-27,OPTSTK,ADANIPORTS,190.0,PE,0.0,0.0,0.0,66.2,60.9,0,0.0,0
2012-08-16,2012-09-27,OPTSTK,ADANIPORTS,200.0,PE,0.0,0.0,0.0,75.95,70.8,0,0.0,0
2012-08-16,2012-09-27,OPTSTK,ADANIPORTS,210.0,PE,0.0,0.0,0.0,85.7,80.7,0,0.0,0
2012-08-16,2012-09-27,OPTSTK,ADANIPORTS,220.0,PE,0.0,0.0,0.0,95.45,90.6,0,0.0,0
2012-08-16,2012-10-25,OPTSTK,ADANIPORTS,60.0,CE,0.0,0.0,0.0,59.25,68.2,0,0.0,0
2012-08-16,2012-10-25,OPTSTK,ADANIPORTS,70.0,CE,0.0,0.0,0.0,49.45,58.35,0,0.0,0
2012-08-16,2012-10-25,OPTSTK,ADANIPORTS,80.0,CE,0.0,0.0,0.0,39.7,48.55,0,0.0,0
2012-08-16,2012-10-25,OPTSTK,ADANIPORTS,90.0,CE,0.0,0.0,0.0,30.2,38.75,0,0.0,0
2012-08-16,2012-10-25,OPTSTK,ADANIPORTS,100.0,CE,0.0,0.0,0.0,21.3,29.2,0,0.0,0
2012-08-16,2012-10-25,OPTSTK,ADANIPORTS,110.0,CE,0.0,0.0,0.0,13.8,20.3,0,0.0,0
2012-08-16,2012-10-25,OPTSTK,ADANIPORTS,120.0,CE,0.0,0.0,0.0,8.1,12.85,0,0.0,0
2012-08-16,2012-10-25,OPTSTK,ADANIPORTS,130.0,CE,0.0,0.0,0.0,4.35,7.3,0,0.0,0
2012-08-16,2012-10-25,OPTSTK,ADANIPORTS,140.0,CE,0.0,0.0,0.0,2.15,3.75,0,0.0,0
2012-08-16,2012-10-25,OPTSTK,ADANIPORTS,150.0,CE,0.0,0.0,0.0,1.0,1.75,0,0.0,0
2012-08-16,2012-10-25,OPTSTK,ADANIPORTS,160.0,CE,0.0,0.0,0.0,0.45,0.75,0,0.0,0
2012-08-16,2012-10-25,OPTSTK,ADANIPORTS,170.0,CE,0.0,0.0,0.0,0.2,0.3,0,0.0,0
2012-08-16,2012-10-25,OPTSTK,ADANIPORTS,180.0,CE,0.0,0.0,0.0,0.1,0.15,0,0.0,0
2012-08-16,2012-10-25,OPTSTK,ADANIPORTS,190.0,CE,0.0,0.0,0.0,0.05,0.05,0,0.0,0
2012-08-16,2012-10-25,OPTSTK,ADANIPORTS,200.0,CE,0.0,0.0,0.0,0.05,0.05,0,0.0,0
2012-08-16,2012-10-25,OPTSTK,ADANIPORTS,210.0,CE,0.0,0.0,0.0,0.05,0.0,0,0.0,0
2012-08-16,2012-10-25,OPTSTK,ADANIPORTS,220.0,CE,0.0,0.0,0.0,0.05,0.0,0,0.0,0
2012-08-16,2012-10-25,OPTSTK,ADANIPORTS,60.0,PE,0.0,0.0,0.0,0.05,0.0,0,0.0,0
2012-08-16,2012-10-25,OPTSTK,ADANIPORTS,70.0,PE,0.0,0.0,0.0,0.05,0.0,0,0.0,0
2012-08-16,2012-10-25,OPTSTK,ADANIPORTS,80.0,PE,0.0,0.0,0.0,0.05,0.0,0,0.0,0
2012-08-16,2012-10-25,OPTSTK,ADANIPORTS,90.0,PE,0.0,0.0,0.0,0.3,0.05,0,0.0,0
2012-08-16,2012-10-25,OPTSTK,ADANIPORTS,100.0,PE,0.0,0.0,0.0,1.2,0.3,0,0.0,0
2012-08-16,2012-10-25,OPTSTK,ADANIPORTS,110.0,PE,0.0,0.0,0.0,3.45,1.25,0,0.0,0
2012-08-16,2012-10-25,OPTSTK,ADANIPORTS,120.0,PE,0.0,0.0,0.0,7.55,3.6,0,0.0,0
2012-08-16,2012-10-25,OPTSTK,ADANIPORTS,130.0,PE,0.0,0.0,0.0,13.55,7.95,0,0.0,0
2012-08-16,2012-10-25,OPTSTK,ADANIPORTS,140.0,PE,0.0,0.0,0.0,21.15,14.2,0,0.0,0
2012-08-16,2012-10-25,OPTSTK,ADANIPORTS,150.0,PE,0.0,0.0,0.0,29.75,22.05,0,0.0,0
2012-08-16,2012-10-25,OPTSTK,ADANIPORTS,160.0,PE,0.0,0.0,0.0,38.95,30.85,0,0.0,0
2012-08-16,2012-10-25,OPTSTK,ADANIPORTS,170.0,PE,0.0,0.0,0.0,48.5,40.25,0,0.0,0
2012-08-16,2012-10-25,OPTSTK,ADANIPORTS,180.0,PE,0.0,0.0,0.0,58.15,49.9,0,0.0,0
2012-08-16,2012-10-25,OPTSTK,ADANIPORTS,190.0,PE,0.0,0.0,0.0,67.9,59.65,0,0.0,0
2012-08-16,2012-10-25,OPTSTK,ADANIPORTS,200.0,PE,0.0,0.0,0.0,77.65,69.45,0,0.0,0
2012-08-16,2012-10-25,OPTSTK,ADANIPORTS,210.0,PE,0.0,0.0,0.0,87.4,79.25,0,0.0,0
2012-08-16,2012-10-25,OPTSTK,ADANIPORTS,220.0,PE,0.0,0.0,0.0,97.2,89.1,0,0.0,0
2012-08-16,2012-08-30,OPTSTK,ADANIPOWER,25.0,CE,0.0,0.0,0.0,22.95,18.6,0,0.0,0
2012-08-16,2012-08-30,OPTSTK,ADANIPOWER,27.5,CE,0.0,0.0,0.0,20.5,16.1,0,0.0,0
2012-08-16,2012-08-30,OPTSTK,ADANIPOWER,30.0,CE,0.0,0.0,0.0,18.1,13.6,0,0.0,0
2012-08-16,2012-08-30,OPTSTK,ADANIPOWER,32.5,CE,0.0,0.0,0.0,15.75,11.15,0,0.0,0
2012-08-16,2012-08-30,OPTSTK,ADANIPOWER,35.0,CE,0.0,0.0,0.0,13.5,8.65,0,0.0,0
2012-08-16,2012-08-30,OPTSTK,ADANIPOWER,37.5,CE,0.0,0.0,0.0,11.35,6.15,0,0.0,0
2012-08-16,2012-08-30,OPTSTK,ADANIPOWER,40.0,CE,0.0,0.0,0.0,4.1,3.8,0,0.0,8000
2012-08-16,2012-08-30,OPTSTK,ADANIPOWER,42.5,CE,2.35,2.35,2.35,2.35,2.35,1,1.79,44000
2012-08-16,2012-08-30,OPTSTK,ADANIPOWER,45.0,CE,1.0,1.15,0.7,0.85,0.85,16,29.42,280000
2012-08-16,2012-08-30,OPTSTK,ADANIPOWER,47.5,CE,0.0,0.0,0.0,0.2,0.2,0,0.0,124000
2012-08-16,2012-08-30,OPTSTK,ADANIPOWER,50.0,CE,0.0,0.0,0.0,0.15,0.05,0,0.0,96000
2012-08-16,2012-08-30,OPTSTK,ADANIPOWER,52.5,CE,0.0,0.0,0.0,0.1,0.05,0,0.0,0
2012-08-16,2012-08-30,OPTSTK,ADANIPOWER,55.0,CE,0.0,0.0,0.0,2.15,0.0,0,0.0,0
2012-08-16,2012-08-30,OPTSTK,ADANIPOWER,57.5,CE,0.0,0.0,0.0,1.6,0.0,0,0.0,0
2012-08-16,2012-08-30,OPTSTK,ADANIPOWER,60.0,CE,0.0,0.0,0.0,1.2,0.0,0,0.0,0
2012-08-16,2012-08-30,OPTSTK,ADANIPOWER,62.5,CE,0.0,0.0,0.0,0.9,0.0,0,0.0,0
2012-08-16,2012-08-30,OPTSTK,ADANIPOWER,65.0,CE,0.0,0.0,0.0,0.65,0.0,0,0.0,0
2012-08-16,2012-08-30,OPTSTK,ADANIPOWER,67.5,CE,0.0,0.0,0.0,0.45,0.0,0,0.0,0
2012-08-16,2012-08-30,OPTSTK,ADANIPOWER,70.0,CE,0.0,0.0,0.0,0.35,0.0,0,0.0,0
2012-08-16,2012-08-30,OPTSTK,ADANIPOWER,72.5,CE,0.0,0.0,0.0,0.25,0.0,0,0.0,0
2012-08-16,2012-08-30,OPTSTK,ADANIPOWER,75.0,CE,0.0,0.0,0.0,0.1,0.0,0,0.0,0
2012-08-16,2012-08-30,OPTSTK,ADANIPOWER,80.0,CE,0.0,0.0,0.0,0.05,0.0,0,0.0,0
2012-08-16,2012-08-30,OPTSTK,ADANIPOWER,25.0,PE,0.0,0.0,0.0,0.3,0.0,0,0.0,0
2012-08-16,2012-08-30,OPTSTK,ADANIPOWER,27.5,PE,0.0,0.0,0.0,0.3,0.0,0,0.0,0
2012-08-16,2012-08-30,OPTSTK,ADANIPOWER,30.0,PE,0.0,0.0,0.0,0.3,0.0,0,0.0,0
2012-08-16,2012-08-30,OPTSTK,ADANIPOWER,32.5,PE,0.0,0.0,0.0,0.3,0.0,0,0.0,0
2012-08-16,2012-08-30,OPTSTK,ADANIPOWER,35.0,PE,0.0,0.0,0.0,0.2,0.0,0,0.0,4000
2012-08-16,2012-08-30,OPTSTK,ADANIPOWER,37.5,PE,0.0,0.0,0.0,0.05,0.05,0,0.0,24000
2012-08-16,2012-08-30,OPTSTK,ADANIPOWER,40.0,PE,0.2,0.2,0.2,0.2,0.2,2,3.21,168000
2012-08-16,2012-08-30,OPTSTK,ADANIPOWER,42.5,PE,0.6,0.6,0.6,0.6,0.6,2,3.44,52000
2012-08-16,2012-08-30,OPTSTK,ADANIPOWER,45.0,PE,2.0,2.0,2.0,2.0,2.0,1,1.88,72000
2012-08-16,2012-08-30,OPTSTK,ADANIPOWER,47.5,PE,0.0,0.0,0.0,3.95,4.05,0,0.0,4000
2012-08-16,2012-08-30,OPTSTK,ADANIPOWER,50.0,PE,0.0,0.0,0.0,7.0,6.4,0,0.0,12000
2012-08-16,2012-08-30,OPTSTK,ADANIPOWER,52.5,PE,0.0,0.0,0.0,6.8,8.85,0,0.0,0
2012-08-16,2012-08-30,OPTSTK,ADANIPOWER,55.0,PE,0.0,0.0,0.0,8.55,11.35,0,0.0,0
2012-08-16,2012-08-30,OPTSTK,ADANIPOWER,57.5,PE,0.0,0.0,0.0,10.45,13.85,0,0.0,0
2012-08-16,2012-08-30,OPTSTK,ADANIPOWER,60.0,PE,0.0,0.0,0.0,15.05,16.3,0,0.0,8000
2012-08-16,2012-08-30,OPTSTK,ADANIPOWER,62.5,PE,0.0,0.0,0.0,14.55,18.8,0,0.0,0
2012-08-16,2012-08-30,OPTSTK,ADANIPOWER,65.0,PE,0.0,0.0,0.0,16.75,21.3,0,0.0,0
2012-08-16,2012-08-30,OPTSTK,ADANIPOWER,67.5,PE,0.0,0.0,0.0,19.05,23.8,0,0.0,0
2012-08-16,2012-08-30,OPTSTK,ADANIPOWER,70.0,PE,0.0,0.0,0.0,25.15,26.3,0,0.0,8000
2012-08-16,2012-08-30,OPTSTK,ADANIPOWER,72.5,PE,0.0,0.0,0.0,23.7,28.8,0,0.0,0
2012-08-16,2012-08-30,OPTSTK,ADANIPOWER,75.0,PE,0.0,0.0,0.0,24.0,31.25,0,0.0,0
2012-08-16,2012-08-30,OPTSTK,ADANIPOWER,80.0,PE,0.0,0.0,0.0,37.0,36.25,0,0.0,4000
2012-08-16,2012-09-27,OPTSTK,ADANIPOWER,25.0,CE,0.0,0.0,0.0,23.1,18.8,0,0.0,0
2012-08-16,2012-09-27,OPTSTK,ADANIPOWER,27.5,CE,0.0,0.0,0.0,20.65,16.3,0,0.0,0
2012-08-16,2012-09-27,OPTSTK,ADANIPOWER,30.0,CE,0.0,0.0,0.0,18.25,13.85,0,0.0,0
2012-08-16,2012-09-27,OPTSTK,ADANIPOWER,32.5,CE,0.0,0.0,0.0,15.85,11.35,0,0.0,0
2012-08-16,2012-09-27,OPTSTK,ADANIPOWER,35.0,CE,0.0,0.0,0.0,13.5,8.95,0,0.0,0
2012-08-16,2012-09-27,OPTSTK,ADANIPOWER,37.5,CE,0.0,0.0,0.0,11.25,6.65,0,0.0,0
2012-08-16,2012-09-27,OPTSTK,ADANIPOWER,40.0,CE,5.8,5.8,5.8,5.8,5.8,2,3.66,8000
2012-08-16,2012-09-27,OPTSTK,ADANIPOWER,42.5,CE,0.0,0.0,0.0,7.25,2.95,0,0.0,0
2012-08-16,2012-09-27,OPTSTK,ADANIPOWER,45.0,CE,1.95,2.1,1.95,2.1,2.1,3,5.64,16000
2012-08-16,2012-09-27,OPTSTK,ADANIPOWER,47.5,CE,0.0,0.0,0.0,4.25,0.95,0,0.0,0
2012-08-16,2012-09-27,OPTSTK,ADANIPOWER,50.0,CE,0.0,0.0,0.0,3.1,0.5,0,0.0,0
2012-08-16,2012-09-27,OPTSTK,ADANIPOWER,52.5,CE,0.0,0.0,0.0,2.25,0.25,0,0.0,0
2012-08-16,2012-09-27,OPTSTK,ADANIPOWER,55.0,CE,0.0,0.0,0.0,1.6,0.1,0,0.0,0
2012-08-16,2012-09-27,OPTSTK,ADANIPOWER,57.5,CE,0.0,0.0,0.0,1.1,0.05,0,0.0,0
2012-08-16,2012-09-27,OPTSTK,ADANIPOWER,60.0,CE,0.0,0.0,0.0,0.75,0.05,0,0.0,0
2012-08-16,2012-09-27,OPTSTK,ADANIPOWER,62.5,CE,0.0,0.0,0.0,0.5,0.0,0,0.0,0
2012-08-16,2012-09-27,OPTSTK,ADANIPOWER,65.0,CE,0.0,0.0,0.0,0.35,0.0,0,0.0,0
2012-08-16,2012-09-27,OPTSTK,ADANIPOWER,67.5,CE,0.0,0.0,0.0,0.25,0.0,0,0.0,0
2012-08-16,2012-09-27,OPTSTK,ADANIPOWER,70.0,CE,0.0,0.0,0.0,0.15,0.0,0,0.0,0
2012-08-16,2012-09-27,OPTSTK,ADANIPOWER,72.5,CE,0.0,0.0,0.0,0.1,0.0,0,0.0,0
2012-08-16,2012-09-27,OPTSTK,ADANIPOWER,75.0,CE,0.0,0.0,0.0,0.25,0.0,0,0.0,0
2012-08-16,2012-09-27,OPTSTK,ADANIPOWER,80.0,CE,0.0,0.0,0.0,0.25,0.0,0,0.0,12000
2012-08-16,2012-09-27,OPTSTK,ADANIPOWER,25.0,PE,0.0,0.0,0.0,0.05,0.0,0,0.0,0
2012-08-16,2012-09-27,OPTSTK,ADANIPOWER,27.5,PE,0.0,0.0,0.0,0.05,0.0,0,0.0,0
2012-08-16,2012-09-27,OPTSTK,ADANIPOWER,30.0,PE,0.0,0.0,0.0,0.05,0.0,0,0.0,0
2012-08-16,2012-09-27,OPTSTK,ADANIPOWER,32.5,PE,0.0,0.0,0.0,0.05,0.05,0,0.0,0
2012-08-16,2012-09-27,OPTSTK,ADANIPOWER,35.0,PE,0.0,0.0,0.0,0.15,0.1,0,0.0,0
2012-08-16,2012-09-27,OPTSTK,ADANIPOWER,37.5,PE,0.0,0.0,0.0,0.35,0.25,0,0.0,0
2012-08-16,2012-09-27,OPTSTK,ADANIPOWER,40.0,PE,1.35,1.35,1.35,1.35,1.35,2,3.3,8000
2012-08-16,2012-09-27,OPTSTK,ADANIPOWER,42.5,PE,0.0,0.0,0.0,1.25,1.5,0,0.0,0
2012-08-16,2012-09-27,OPTSTK,ADANIPOWER,45.0,PE,3.0,3.0,3.0,3.0,3.0,2,3.84,8000
2012-08-16,2012-09-27,OPTSTK,ADANIPOWER,47.5,PE,0.0,0.0,0.0,3.15,4.45,0,0.0,0
2012-08-16,2012-09-27,OPTSTK,ADANIPOWER,50.0,PE,0.0,0.0,0.0,4.45,6.45,0,0.0,0
2012-08-16,2012-09-27,OPTSTK,ADANIPOWER,52.5,PE,0.0,0.0,0.0,6.05,8.7,0,0.0,0
2012-08-16,2012-09-27,OPTSTK,ADANIPOWER,55.0,PE,0.0,0.0,0.0,7.8,11.05,0,0.0,0
2012-08-16,2012-09-27,OPTSTK,ADANIPOWER,57.5,PE,0.0,0.0,0.0,9.75,13.45,0,0.0,0
2012-08-16,2012-09-27,OPTSTK,ADANIPOWER,60.0,PE,0.0,0.0,0.0,11.85,15.9,0,0.0,0
2012-08-16,2012-09-27,OPTSTK,ADANIPOWER,62.5,PE,0.0,0.0,0.0,14.05,18.4,0,0.0,0
2012-08-16,2012-09-27,OPTSTK,ADANIPOWER,65.0,PE,0.0,0.0,0.0,16.35,20.85,0,0.0,0
2012-08-16,2012-09-27,OPTSTK,ADANIPOWER,67.5,PE,0.0,0.0,0.0,18.65,23.3,0,0.0,0
2012-08-16,2012-09-27,OPTSTK,ADANIPOWER,70.0,PE,0.0,0.0,0.0,21.0,25.8,0,0.0,0
2012-08-16,2012-09-27,OPTSTK,ADANIPOWER,72.5,PE,0.0,0.0,0.0,23.4,28.25,0,0.0,0
2012-08-16,2012-09-27,OPTSTK,ADANIPOWER,75.0,PE,0.0,0.0,0.0,23.6,30.75,0,0.0,0
2012-08-16,2012-09-27,OPTSTK,ADANIPOWER,80.0,PE,0.0,0.0,0.0,27.25,35.7,0,0.0,0
2012-08-16,2012-10-25,OPTSTK,ADANIPOWER,25.0,CE,0.0,0.0,0.0,17.9,18.95,0,0.0,0
2012-08-16,2012-10-25,OPTSTK,ADANIPOWER,27.5,CE,0.0,0.0,0.0,15.55,16.5,0,0.0,0
2012-08-16,2012-10-25,OPTSTK,ADANIPOWER,30.0,CE,0.0,0.0,0.0,13.2,14.05,0,0.0,0
2012-08-16,2012-10-25,OPTSTK,ADANIPOWER,32.5,CE,0.0,0.0,0.0,11.05,11.65,0,0.0,0
2012-08-16,2012-10-25,OPTSTK,ADANIPOWER,35.0,CE,0.0,0.0,0.0,9.0,9.35,0,0.0,0
2012-08-16,2012-10-25,OPTSTK,ADANIPOWER,37.5,CE,0.0,0.0,0.0,7.2,7.2,0,0.0,0
2012-08-16,2012-10-25,OPTSTK,ADANIPOWER,40.0,CE,0.0,0.0,0.0,5.65,5.3,0,0.0,0
2012-08-16,2012-10-25,OPTSTK,ADANIPOWER,42.5,CE,0.0,0.0,0.0,4.35,3.75,0,0.0,0
2012-08-16,2012-10-25,OPTSTK,ADANIPOWER,45.0,CE,0.0,0.0,0.0,3.3,2.5,0,0.0,0
2012-08-16,2012-10-25,OPTSTK,ADANIPOWER,47.5,CE,0.0,0.0,0.0,2.45,1.6,0,0.0,0
2012-08-16,2012-10-25,OPTSTK,ADANIPOWER,50.0,CE,0.0,0.0,0.0,1.8,1.0,0,0.0,0
2012-08-16,2012-10-25,OPTSTK,ADANIPOWER,52.5,CE,0.0,0.0,0.0,1.3,0.6,0,0.0,0
2012-08-16,2012-10-25,OPTSTK,ADANIPOWER,55.0,CE,0.0,0.0,0.0,0.95,0.35,0,0.0,0
2012-08-16,2012-10-25,OPTSTK,ADANIPOWER,57.5,CE,0.0,0.0,0.0,0.65,0.2,0,0.0,0
2012-08-16,2012-10-25,OPTSTK,ADANIPOWER,60.0,CE,0.0,0.0,0.0,0.45,0.1,0,0.0,0
2012-08-16,2012-10-25,OPTSTK,ADANIPOWER,62.5,CE,0.0,0.0,0.0,0.35,0.05,0,0.0,0
2012-08-16,2012-10-25,OPTSTK,ADANIPOWER,65.0,CE,0.0,0.0,0.0,0.25,0.05,0,0.0,0
2012-08-16,2012-10-25,OPTSTK,ADANIPOWER,67.5,CE,0.0,0.0,0.0,0.15,0.05,0,0.0,0
2012-08-16,2012-10-25,OPTSTK,ADANIPOWER,25.0,PE,0.0,0.0,0.0,0.05,0.0,0,0.0,0
2012-08-16,2012-10-25,OPTSTK,ADANIPOWER,27.5,PE,0.0,0.0,0.0,0.1,0.0,0,0.0,0
2012-08-16,2012-10-25,OPTSTK,ADANIPOWER,30.0,PE,0.0,0.0,0.0,0.25,0.05,0,0.0,0
2012-08-16,2012-10-25,OPTSTK,ADANIPOWER,32.5,PE,0.0,0.0,0.0,0.5,0.1,0,0.0,0
2012-08-16,2012-10-25,OPTSTK,ADANIPOWER,35.0,PE,0.0,0.0,0.0,0.9,0.25,0,0.0,0
2012-08-16,2012-10-25,OPTSTK,ADANIPOWER,37.5,PE,0.0,0.0,0.0,1.55,0.55,0,0.0,0
2012-08-16,2012-10-25,OPTSTK,ADANIPOWER,40.0,PE,0.0,0.0,0.0,2.45,1.1,0,0.0,0
2012-08-16,2012-10-25,OPTSTK,ADANIPOWER,42.5,PE,0.0,0.0,0.0,3.6,2.0,0,0.0,0
2012-08-16,2012-10-25,OPTSTK,ADANIPOWER,45.0,PE,0.0,0.0,0.0,4.95,3.25,0,0.0,0
2012-08-16,2012-10-25,OPTSTK,ADANIPOWER,47.5,PE,0.0,0.0,0.0,6.55,4.8,0,0.0,0
2012-08-16,2012-10-25,OPTSTK,ADANIPOWER,50.0,PE,0.0,0.0,0.0,8.35,6.65,0,0.0,0
2012-08-16,2012-10-25,OPTSTK,ADANIPOWER,52.5,PE,0.0,0.0,0.0,10.3,8.7,0,0.0,0
2012-08-16,2012-10-25,OPTSTK,ADANIPOWER,55.0,PE,0.0,0.0,0.0,12.4,10.9,0,0.0,0
2012-08-16,2012-10-25,OPTSTK,ADANIPOWER,57.5,PE,0.0,0.0,0.0,14.55,13.2,0,0.0,0
2012-08-16,2012-10-25,OPTSTK,ADANIPOWER,60.0,PE,0.0,0.0,0.0,16.8,15.6,0,0.0,0
2012-08-16,2012-10-25,OPTSTK,ADANIPOWER,62.5,PE,0.0,0.0,0.0,19.1,18.0,0,0.0,0
2012-08-16,2012-10-25,OPTSTK,ADANIPOWER,65.0,PE,0.0,0.0,0.0,21.45,20.45,0,0.0,0
2012-08-16,2012-10-25,OPTSTK,ADANIPOWER,67.5,PE,0.0,0.0,0.0,23.85,22.85,0,0.0,0
2012-08-16,2012-08-30,OPTSTK,AIL,220.0,CE,0.0,0.0,0.0,129.35,158.7,0,0.0,0
2012-08-16,2012-08-30,OPTSTK,AIL,240.0,CE,0.0,0.0,0.0,110.3,138.75,0,0.0,0
2012-08-16,2012-08-30,OPTSTK,AIL,260.0,CE,0.0,0.0,0.0,91.95,118.85,0,0.0,0
2012-08-16,2012-08-30,OPTSTK,AIL,280.0,CE,0.0,0.0,0.0,74.75,98.9,0,0.0,0
2012-08-16,2012-08-30,OPTSTK,AIL,300.0,CE,0.0,0.0,0.0,59.15,78.95,0,0.0,0
2012-08-16,2012-08-30,OPTSTK,AIL,320.0,CE,0.0,0.0,0.0,45.55,59.1,0,0.0,0
2012-08-16,2012-08-30,OPTSTK,AIL,340.0,CE,0.0,0.0,0.0,34.1,39.65,0,0.0,0
2012-08-16,2012-08-30,OPTSTK,AIL,360.0,CE,0.0,0.0,0.0,24.9,22.35,0,0.0,0
2012-08-16,2012-08-30,OPTSTK,AIL,380.0,CE,0.0,0.0,0.0,21.0,9.9,0,0.0,1000
2012-08-16,2012-08-30,OPTSTK,AIL,400.0,CE,0.0,0.0,0.0,5.0,3.25,0,0.0,3000
2012-08-16,2012-08-30,OPTSTK,AIL,420.0,CE,0.0,0.0,0.0,8.45,0.8,0,0.0,0
2012-08-16,2012-08-30,OPTSTK,AIL,440.0,CE,0.0,0.0,0.0,5.65,0.15,0,0.0,0
2012-08-16,2012-08-30,OPTSTK,AIL,460.0,CE,0.0,0.0,0.0,3.75,0.05,0,0.0,0
2012-08-16,2012-08-30,OPTSTK,AIL,480.0,CE,0.0,0.0,0.0,2.4,0.0,0,0.0,0
2012-08-16,2012-08-30,OPTSTK,AIL,500.0,CE,0.0,0.0,0.0,1.55,0.0,0,0.0,0
2012-08-16,2012-08-30,OPTSTK,AIL,520.0,CE,0.0,0.0,0.0,1.0,0.0,0,0.0,0
2012-08-16,2012-08-30,OPTSTK,AIL,220.0,PE,0.0,0.0,0.0,0.25,0.0,0,0.0,0
2012-08-16,2012-08-30,OPTSTK,AIL,240.0,PE,0.0,0.0,0.0,0.75,0.0,0,0.0,0
2012-08-16,2012-08-30,OPTSTK,AIL,260.0,PE,0.0,0.0,0.0,1.9,0.0,0,0.0,0
2012-08-16,2012-08-30,OPTSTK,AIL,280.0,PE,0.0,0.0,0.0,4.2,0.0,0,0.0,0
2012-08-16,2012-08-30,OPTSTK,AIL,300.0,PE,0.0,0.0,0.0,8.15,0.0,0,0.0,0
2012-08-16,2012-08-30,OPTSTK,AIL,320.0,PE,0.0,0.0,0.0,14.0,0.05,0,0.0,0
2012-08-16,2012-08-30,OPTSTK,AIL,340.0,PE,0.0,0.0,0.0,6.0,0.6,0,0.0,1000
2012-08-16,2012-08-30,OPTSTK,AIL,360.0,PE,0.0,0.0,0.0,2.25,3.2,0,0.0,3000
2012-08-16,2012-08-30,OPTSTK,AIL,380.0,PE,0.0,0.0,0.0,18.0,10.65,0,0.0,2000
2012-08-16,2012-08-30,OPTSTK,AIL,400.0,PE,0.0,0.0,0.0,58.95,24.0,0,0.0,0
2012-08-16,2012-08-30,OPTSTK,AIL,420.0,PE,0.0,0.0,0.0,74.5,41.45,0,0.0,0
2012-08-16,2012-08-30,OPTSTK,AIL,440.0,PE,0.0,0.0,0.0,91.25,60.75,0,0.0,0
2012-08-16,2012-08-30,OPTSTK,AIL,460.0,PE,0.0,0.0,0.0,108.85,80.55,0,0.0,0
2012-08-16,2012-08-30,OPTSTK,AIL,480.0,PE,0.0,0.0,0.0,127.05,100.45,0,0.0,0
2012-08-16,2012-08-30,OPTSTK,AIL,500.0,PE,0.0,0.0,0.0,145.7,120.4,0,0.0,0
2012-08-16,2012-08-30,OPTSTK,AIL,520.0,PE,0.0,0.0,0.0,164.65,140.35,0,0.0,0
2012-08-16,2012-09-27,OPTSTK,AIL,220.0,CE,0.0,0.0,0.0,164.2,160.25,0,0.0,0
2012-08-16,2012-09-27,OPTSTK,AIL,240.0,CE,0.0,0.0,0.0,144.75,140.45,0,0.0,0
2012-08-16,2012-09-27,OPTSTK,AIL,260.0,CE,0.0,0.0,0.0,125.5,120.65,0,0.0,0
2012-08-16,2012-09-27,OPTSTK,AIL,280.0,CE,0.0,0.0,0.0,106.6,100.9,0,0.0,0
2012-08-16,2012-09-27,OPTSTK,AIL,300.0,CE,0.0,0.0,0.0,88.55,81.35,0,0.0,0
2012-08-16,2012-09-27,OPTSTK,AIL,320.0,CE,0.0,0.0,0.0,71.7,62.45,0,0.0,0
2012-08-16,2012-09-27,OPTSTK,AIL,340.0,CE,0.0,0.0,0.0,56.55,45.05,0,0.0,0
2012-08-16,2012-09-27,OPTSTK,AIL,360.0,CE,0.0,0.0,0.0,43.35,30.2,0,0.0,0
2012-08-16,2012-09-27,OPTSTK,AIL,380.0,CE,0.0,0.0,0.0,32.35,18.65,0,0.0,0
2012-08-16,2012-09-27,OPTSTK,AIL,400.0,CE,0.0,0.0,0.0,23.5,10.6,0,0.0,0
2012-08-16,2012-09-27,OPTSTK,AIL,420.0,CE,0.0,0.0,0.0,16.65,5.55,0,0.0,0
2012-08-16,2012-09-27,OPTSTK,AIL,440.0,CE,0.0,0.0,0.0,11.55,2.7,0,0.0,0
2012-08-16,2012-09-27,OPTSTK,AIL,460.0,CE,0.0,0.0,0.0,7.85,1.2,0,0.0,0
2012-08-16,2012-09-27,OPTSTK,AIL,480.0,CE,0.0,0.0,0.0,5.2,0.5,0,0.0,0
2012-08-16,2012-09-27,OPTSTK,AIL,500.0,CE,0.0,0.0,0.0,3.4,0.2,0,0.0,0
2012-08-16,2012-09-27,OPTSTK,AIL,520.0,CE,0.0,0.0,0.0,2.2,0.1,0,0.0,0
2012-08-16,2012-09-27,OPTSTK,AIL,220.0,PE,0.0,0.0,0.0,0.05,0.0,0,0.0,0
2012-08-16,2012-09-27,OPTSTK,AIL,240.0,PE,0.0,0.0,0.0,0.1,0.0,0,0.0,0
2012-08-16,2012-09-27,OPTSTK,AIL,260.0,PE,0.0,0.0,0.0,0.4,0.05,0,0.0,0
2012-08-16,2012-09-27,OPTSTK,AIL,280.0,PE,0.0,0.0,0.0,1.05,0.05,0,0.0,0
2012-08-16,2012-09-27,OPTSTK,AIL,300.0,PE,0.0,0.0,0.0,2.5,0.3,0,0.0,0
2012-08-16,2012-09-27,OPTSTK,AIL,320.0,PE,0.0,0.0,0.0,5.2,1.2,0,0.0,0
2012-08-16,2012-09-27,OPTSTK,AIL,340.0,PE,0.0,0.0,0.0,9.6,3.6,0,0.0,0
2012-08-16,2012-09-27,OPTSTK,AIL,360.0,PE,0.0,0.0,0.0,15.9,8.5,0,0.0,0
2012-08-16,2012-09-27,OPTSTK,AIL,380.0,PE,0.0,0.0,0.0,24.45,16.75,0,0.0,0
2012-08-16,2012-09-27,OPTSTK,AIL,400.0,PE,0.0,0.0,0.0,35.15,28.5,0,0.0,0
2012-08-16,2012-09-27,OPTSTK,AIL,420.0,PE,0.0,0.0,0.0,47.85,43.25,0,0.0,0
2012-08-16,2012-09-27,OPTSTK,AIL,440.0,PE,0.0,0.0,0.0,62.3,60.2,0,0.0,0
2012-08-16,2012-09-27,OPTSTK,AIL,460.0,PE,0.0,0.0,0.0,78.1,78.5,0,0.0,0
2012-08-16,2012-09-27,OPTSTK,AIL,480.0,PE,0.0,0.0,0.0,95.0,97.6,0,0.0,0
2012-08-16,2012-09-27,OPTSTK,AIL,500.0,PE,0.0,0.0,0.0,112.7,117.1,0,0.0,0
2012-08-16,2012-09-27,OPTSTK,AIL,520.0,PE,0.0,0.0,0.0,131.05,136.75,0,0.0,0
2012-08-16,2012-08-30,OPTSTK,ALBK,80.0,CE,0.0,0.0,0.0,52.9,49.65,0,0.0,0
2012-08-16,2012-08-30,OPTSTK,ALBK,90.0,CE,0.0,0.0,0.0,43.45,39.65,0,0.0,0
2012-08-16,2012-08-30,OPTSTK,ALBK,100.0,CE,0.0,0.0,0.0,34.5,29.7,0,0.0,0
2012-08-16,2012-08-30,OPTSTK,ALBK,110.0,CE,0.0,0.0,0.0,26.4,19.75,0,0.0,0
2012-08-16,2012-08-30,OPTSTK,ALBK,120.0,CE,0.0,0.0,0.0,8.0,10.35,0,0.0,8000
2012-08-16,2012-08-30,OPTSTK,ALBK,130.0,CE,3.2,4.1,2.7,3.0,3.0,70,186.79,248000
2012-08-16,2012-08-30,OPTSTK,ALBK,140.0,CE,0.5,0.85,0.45,0.6,0.6,64,180.06,424000
2012-08-16,2012-08-30,OPTSTK,ALBK,150.0,CE,0.3,0.3,0.3,0.3,0.3,5,15.03,128000
2012-08-16,2012-08-30,OPTSTK,ALBK,160.0,CE,0.0,0.0,0.0,0.5,0.0,0,0.0,10000
2012-08-16,2012-08-30,OPTSTK,ALBK,170.0,CE,0.0,0.0,0.0,2.65,0.0,0,0.0,0
2012-08-16,2012-08-30,OPTSTK,ALBK,180.0,CE,0.0,0.0,0.0,0.3,0.0,0,0.0,4000
2012-08-16,2012-08-30,OPTSTK,ALBK,190.0,CE,0.0,0.0,0.0,1.0,0.0,0,0.0,0
2012-08-16,2012-08-30,OPTSTK,ALBK,200.0,CE,0.0,0.0,0.0,0.6,0.0,0,0.0,0
2012-08-16,2012-08-30,OPTSTK,ALBK,210.0,CE,0.0,0.0,0.0,0.35,0.0,0,0.0,0
2012-08-16,2012-08-30,OPTSTK,ALBK,220.0,CE,0.0,0.0,0.0,0.25,0.0,0,0.0,0
2012-08-16,2012-08-30,OPTSTK,ALBK,230.0,CE,0.0,0.0,0.0,0.15,0.0,0,0.0,0
2012-08-16,2012-08-30,OPTSTK,ALBK,80.0,PE,0.0,0.0,0.0,0.1,0.0,0,0.0,0
2012-08-16,2012-08-30,OPTSTK,ALBK,90.0,PE,0.0,0.0,0.0,0.45,0.0,0,0.0,0
2012-08-16,2012-08-30,OPTSTK,ALBK,100.0,PE,0.0,0.0,0.0,1.25,0.0,0,0.0,0
2012-08-16,2012-08-30,OPTSTK,ALBK,110.0,PE,0.0,0.0,0.0,0.5,0.05,0,0.0,8000
2012-08-16,2012-08-30,OPTSTK,ALBK,120.0,PE,0.3,0.3,0.3,0.3,0.3,1,2.4,44000
2012-08-16,2012-08-30,OPTSTK,ALBK,130.0,PE,2.85,3.3,1.85,3.05,3.05,18,47.74,118000
2012-08-16,2012-08-30,OPTSTK,ALBK,140.0,PE,0.0,0.0,0.0,10.8,10.85,0,0.0,40000
2012-08-16,2012-08-30,OPTSTK,ALBK,150.0,PE,0.0,0.0,0.0,17.05,20.25,0,0.0,6000
2012-08-16,2012-08-30,OPTSTK,ALBK,160.0,PE,0.0,0.0,0.0,29.45,30.15,0,0.0,0
2012-08-16,2012-08-30,OPTSTK,ALBK,170.0,PE,0.0,0.0,0.0,37.7,40.1,0,0.0,0
2012-08-16,2012-08-30,OPTSTK,ALBK,180.0,PE,0.0,0.0,0.0,46.45,50.05,0,0.0,0
2012-08-16,2012-08-30,OPTSTK,ALBK,190.0,PE,0.0,0.0,0.0,55.6,60.05,0,0.0,0
2012-08-16,2012-08-30,OPTSTK,ALBK,200.0,PE,0.0,0.0,0.0,61.0,70.0,0,0.0,2000
2012-08-16,2012-08-30,OPTSTK,ALBK,210.0,PE,0.0,0.0,0.0,74.45,79.95,0,0.0,0
2012-08-16,2012-08-30,OPTSTK,ALBK,220.0,PE,0.0,0.0,0.0,84.1,89.95,0,0.0,0
2012-08-16,2012-08-30,OPTSTK,ALBK,230.0,PE,0.0,0.0,0.0,93.75,99.9,0,0.0,0
2012-08-16,2012-09-27,OPTSTK,ALBK,80.0,CE,0.0,0.0,0.0,68.85,50.2,0,0.0,0
2012-08-16,2012-09-27,OPTSTK,ALBK,90.0,CE,0.0,0.0,0.0,59.15,40.3,0,0.0,0
2012-08-16,2012-09-27,OPTSTK,ALBK,100.0,CE,0.0,0.0,0.0,49.65,30.45,0,0.0,0
2012-08-16,2012-09-27,OPTSTK,ALBK,110.0,CE,0.0,0.0,0.0,40.6,21.0,0,0.0,0
2012-08-16,2012-09-27,OPTSTK,ALBK,120.0,CE,0.0,0.0,0.0,32.2,12.7,0,0.0,0
2012-08-16,2012-09-27,OPTSTK,ALBK,130.0,CE,6.65,6.65,6.65,6.65,6.65,1,2.73,2000
2012-08-16,2012-09-27,OPTSTK,ALBK,140.0,CE,2.05,2.05,2.0,2.05,2.05,4,11.36,6000
2012-08-16,2012-09-27,OPTSTK,ALBK,150.0,CE,0.0,0.0,0.0,13.4,1.05,0,0.0,0
2012-08-16,2012-09-27,OPTSTK,ALBK,160.0,CE,0.0,0.0,0.0,9.45,0.35,0,0.0,0
2012-08-16,2012-09-27,OPTSTK,ALBK,170.0,CE,0.0,0.0,0.0,6.5,0.1,0,0.0,0
2012-08-16,2012-09-27,OPTSTK,ALBK,180.0,CE,0.0,0.0,0.0,4.4,0.05,0,0.0,0
2012-08-16,2012-09-27,OPTSTK,ALBK,190.0,CE,0.0,0.0,0.0,2.9,0.0,0,0.0,0
2012-08-16,2012-09-27,OPTSTK,ALBK,200.0,CE,0.0,0.0,0.0,1.9,0.0,0,0.0,0
2012-08-16,2012-09-27,OPTSTK,ALBK,210.0,CE,0.0,0.0,0.0,1.2,0.0,0,0.0,0
2012-08-16,2012-09-27,OPTSTK,ALBK,220.0,CE,0.0,0.0,0.0,0.8,0.0,0,0.0,0
2012-08-16,2012-09-27,OPTSTK,ALBK,230.0,CE,0.0,0.0,0.0,0.5,0.0,0,0.0,0
2012-08-16,2012-09-27,OPTSTK,ALBK,80.0,PE,0.0,0.0,0.0,0.05,0.0,0,0.0,0
2012-08-16,2012-09-27,OPTSTK,ALBK,90.0,PE,0.0,0.0,0.0,0.1,0.0,0,0.0,0
2012-08-16,2012-09-27,OPTSTK,ALBK,100.0,PE,0.0,0.0,0.0,0.4,0.1,0,0.0,0
2012-08-16,2012-09-27,OPTSTK,ALBK,110.0,PE,0.0,0.0,0.0,1.1,0.5,0,0.0,0
2012-08-16,2012-09-27,OPTSTK,ALBK,120.0,PE,0.0,0.0,0.0,2.45,2.1,0,0.0,0
2012-08-16,2012-09-27,OPTSTK,ALBK,130.0,PE,0.0,0.0,0.0,4.8,5.85,0,0.0,0
2012-08-16,2012-09-27,OPTSTK,ALBK,140.0,PE,0.0,0.0,0.0,8.3,12.05,0,0.0,0
2012-08-16,2012-09-27,OPTSTK,ALBK,150.0,PE,0.0,0.0,0.0,12.95,20.15,0,0.0,0
2012-08-16,2012-09-27,OPTSTK,ALBK,160.0,PE,0.0,0.0,0.0,18.8,29.35,0,0.0,0
2012-08-16,2012-09-27,OPTSTK,ALBK,170.0,PE,0.0,0.0,0.0,25.6,39.0,0,0.0,0
2012-08-16,2012-09-27,OPTSTK,ALBK,180.0,PE,0.0,0.0,0.0,33.25,48.85,0,0.0,0
2012-08-16,2012-09-27,OPTSTK,ALBK,190.0,PE,0.0,0.0,0.0,41.55,58.7,0,0.0,0
2012-08-16,2012-09-27,OPTSTK,ALBK,200.0,PE,0.0,0.0,0.0,50.3,68.6,0,0.0,0
2012-08-16,2012-09-27,OPTSTK,ALBK,210.0,PE,0.0,0.0,0.0,59.4,78.5,0,0.0,0
2012-08-16,2012-09-27,OPTSTK,ALBK,220.0,PE,0.0,0.0,0.0,68.7,88.4,0,0.0,0
2012-08-16,2012-09-27,OPTSTK,ALBK,230.0,PE,0.0,0.0,0.0,78.2,98.3,0,0.0,0
2012-08-16,2012-10-25,OPTSTK,ALBK,80.0,CE,0.0,0.0,0.0,54.35,50.75,0,0.0,0
2012-08-16,2012-10-25,OPTSTK,ALBK,90.0,CE,0.0,0.0,0.0,44.7,40.95,0,0.0,0
2012-08-16,2012-10-25,OPTSTK,ALBK,100.0,CE,0.0,0.0,0.0,35.35,31.35,0,0.0,0
2012-08-16,2012-10-25,OPTSTK,ALBK,110.0,CE,0.0,0.0,0.0,26.7,22.35,0,0.0,0
2012-08-16,2012-10-25,OPTSTK,ALBK,120.0,CE,0.0,0.0,0.0,19.15,14.65,0,0.0,0
2012-08-16,2012-10-25,OPTSTK,ALBK,130.0,CE,0.0,0.0,0.0,13.0,8.75,0,0.0,0
2012-08-16,2012-10-25,OPTSTK,ALBK,140.0,CE,0.0,0.0,0.0,8.4,4.75,0,0.0,0
2012-08-16,2012-10-25,OPTSTK,ALBK,150.0,CE,0.0,0.0,0.0,5.2,2.4,0,0.0,0
2012-08-16,2012-10-25,OPTSTK,ALBK,160.0,CE,0.0,0.0,0.0,3.05,1.1,0,0.0,0
2012-08-16,2012-10-25,OPTSTK,ALBK,170.0,CE,0.0,0.0,0.0,1.75,0.5,0,0.0,0
2012-08-16,2012-10-25,OPTSTK,ALBK,180.0,CE,0.0,0.0,0.0,0.95,0.2,0,0.0,0
2012-08-16,2012-10-25,OPTSTK,ALBK,190.0,CE,0.0,0.0,0.0,0.55,0.1,0,0.0,0
2012-08-16,2012-10-25,OPTSTK,ALBK,200.0,CE,0.0,0.0,0.0,0.3,0.05,0,0.0,0
2012-08-16,2012-10-25,OPTSTK,ALBK,210.0,CE,0.0,0.0,0.0,0.15,0.05,0,0.0,0
2012-08-16,2012-10-25,OPTSTK,ALBK,220.0,CE,0.0,0.0,0.0,0.1,0.0,0,0.0,0
2012-08-16,2012-10-25,OPTSTK,ALBK,230.0,CE,0.0,0.0,0.0,0.05,0.0,0,0.0,0
2012-08-16,2012-10-25,OPTSTK,ALBK,80.0,PE,0.0,0.0,0.0,0.05,0.0,0,0.0,0
2012-08-16,2012-10-25,OPTSTK,ALBK,90.0,PE,0.0,0.0,0.0,0.15,0.05,0,0.0,0
2012-08-16,2012-10-25,OPTSTK,ALBK,100.0,PE,0.0,0.0,0.0,0.55,0.3,0,0.0,0
2012-08-16,2012-10-25,OPTSTK,ALBK,110.0,PE,0.0,0.0,0.0,1.7,1.15,0,0.0,0
2012-08-16,2012-10-25,OPTSTK,ALBK,120.0,PE,0.0,0.0,0.0,3.9,3.25,0,0.0,0
2012-08-16,2012-10-25,OPTSTK,ALBK,130.0,PE,0.0,0.0,0.0,7.55,7.2,0,0.0,0
2012-08-16,2012-10-25,OPTSTK,ALBK,140.0,PE,0.0,0.0,0.0,12.75,13.0,0,0.0,0
2012-08-16,2012-10-25,OPTSTK,ALBK,150.0,PE,0.0,0.0,0.0,19.3,20.45,0,0.0,0
2012-08-16,2012-10-25,OPTSTK,ALBK,160.0,PE,0.0,0.0,0.0,26.95,29.0,0,0.0,0
2012-08-16,2012-10-25,OPTSTK,ALBK,170.0,PE,0.0,0.0,0.0,35.4,38.2,0,0.0,0
2012-08-16,2012-10-25,OPTSTK,ALBK,180.0,PE,0.0,0.0,0.0,44.4,47.75,0,0.0,0
2012-08-16,2012-10-25,OPTSTK,ALBK,190.0,PE,0.0,0.0,0.0,53.7,57.5,0,0.0,0
2012-08-16,2012-10-25,OPTSTK,ALBK,200.0,PE,0.0,0.0,0.0,63.25,67.25,0,0.0,0
2012-08-16,2012-10-25,OPTSTK,ALBK,210.0,PE,0.0,0.0,0.0,72.9,77.05,0,0.0,0
2012-08-16,2012-10-25,OPTSTK,ALBK,220.0,PE,0.0,0.0,0.0,82.6,86.9,0,0.0,0
2012-08-16,2012-10-25,OPTSTK,ALBK,230.0,PE,0.0,0.0,0.0,92.35,96.7,0,0.0,0
2012-08-16,2012-08-30,OPTSTK,ALOKTEXT,2.5,CE,0.0,0.0,0.0,16.3,13.4,0,0.0,0
2012-08-16,2012-08-30,OPTSTK,ALOKTEXT,5.0,CE,0.0,0.0,0.0,13.85,10.9,0,0.0,0
2012-08-16,2012-08-30,OPTSTK,ALOKTEXT,7.5,CE,0.0,0.0,0.0,11.4,8.4,0,0.0,0
2012-08-16,2012-08-30,OPTSTK,ALOKTEXT,10.0,CE,0.0,0.0,0.0,8.95,5.9,0,0.0,0
2012-08-16,2012-08-30,OPTSTK,ALOKTEXT,12.5,CE,0.0,0.0,0.0,6.5,3.4,0,0.0,0
2012-08-16,2012-08-30,OPTSTK,ALOKTEXT,15.0,CE,0.0,0.0,0.0,1.15,1.0,0,0.0,470000
2012-08-16,2012-08-30,OPTSTK,ALOKTEXT,17.5,CE,0.25,0.25,0.1,0.1,0.1,2,3.53,1210000
2012-08-16,2012-08-30,OPTSTK,ALOKTEXT,20.0,CE,0.0,0.0,0.0,0.1,0.0,0,0.0,240000
2012-08-16,2012-08-30,OPTSTK,ALOKTEXT,22.5,CE,0.0,0.0,0.0,0.05,0.0,0,0.0,150000
2012-08-16,2012-08-30,OPTSTK,ALOKTEXT,25.0,CE,0.0,0.0,0.0,0.05,0.0,0,0.0,0
2012-08-16,2012-08-30,OPTSTK,ALOKTEXT,27.5,CE,0.0,0.0,0.0,0.05,0.0,0,0.0,0
2012-08-16,2012-08-30,OPTSTK,ALOKTEXT,30.0,CE,0.05,0.05,0.05,0.05,0.05,6,18.03,0
2012-08-16,2012-08-30,OPTSTK,ALOKTEXT,32.5,CE,0.0,0.0,0.0,0.05,0.0,0,0.0,0
2012-08-16,2012-08-30,OPTSTK,ALOKTEXT,35.0,CE,0.0,0.0,0.0,0.05,0.0,0,0.0,240000
2012-08-16,2012-08-30,OPTSTK,ALOKTEXT,37.5,CE,0.0,0.0,0.0,0.05,0.0,0,0.0,0
2012-08-16,2012-08-30,OPTSTK,ALOKTEXT,40.0,CE,0.0,0.0,0.0,0.05,0.0,0,0.0,0
2012-08-16,2012-08-30,OPTSTK,ALOKTEXT,42.5,CE,0.0,0.0,0.0,0.05,0.0,0,0.0,0
2012-08-16,2012-08-30,OPTSTK,ALOKTEXT,2.5,PE,0.05,0.05,0.05,0.05,0.05,5,1.27,220000
2012-08-16,2012-08-30,OPTSTK,ALOKTEXT,5.0,PE,0.0,0.0,0.0,0.05,0.0,0,0.0,400000
2012-08-16,2012-08-30,OPTSTK,ALOKTEXT,7.5,PE,0.0,0.0,0.0,0.05,0.0,0,0.0,0
2012-08-16,2012-08-30,OPTSTK,ALOKTEXT,10.0,PE,0.0,0.0,0.0,0.05,0.0,0,0.0,0
2012-08-16,2012-08-30,OPTSTK,ALOKTEXT,12.5,PE,0.0,0.0,0.0,0.05,0.0,0,0.0,60000
2012-08-16,2012-08-30,OPTSTK,ALOKTEXT,15.0,PE,0.0,0.0,0.0,0.2,0.1,0,0.0,390000
2012-08-16,2012-08-30,OPTSTK,ALOKTEXT,17.5,PE,0.0,0.0,0.0,2.0,1.65,0,0.0,20000
2012-08-16,2012-08-30,OPTSTK,ALOKTEXT,20.0,PE,0.0,0.0,0.0,1.55,4.1,0,0.0,0
2012-08-16,2012-08-30,OPTSTK,ALOKTEXT,22.5,PE,0.0,0.0,0.0,3.45,6.6,0,0.0,0
2012-08-16,2012-08-30,OPTSTK,ALOKTEXT,25.0,PE,0.0,0.0,0.0,5.75,9.1,0,0.0,0
2012-08-16,2012-08-30,OPTSTK,ALOKTEXT,27.5,PE,0.0,0.0,0.0,8.15,11.6,0,0.0,0
2012-08-16,2012-08-30,OPTSTK,ALOKTEXT,30.0,PE,0.0,0.0,0.0,10.6,14.05,0,0.0,0
2012-08-16,2012-08-30,OPTSTK,ALOKTEXT,32.5,PE,0.0,0.0,0.0,13.05,16.55,0,0.0,0
2012-08-16,2012-08-30,OPTSTK,ALOKTEXT,35.0,PE,0.0,0.0,0.0,15.5,19.05,0,0.0,0
2012-08-16,2012-08-30,OPTSTK,ALOKTEXT,37.5,PE,0.0,0.0,0.0,17.9,21.55,0,0.0,0
2012-08-16,2012-08-30,OPTSTK,ALOKTEXT,40.0,PE,0.0,0.0,0.0,20.35,24.05,0,0.0,0
2012-08-16,2012-08-30,OPTSTK,ALOKTEXT,42.5,PE,0.0,0.0,0.0,22.8,26.55,0,0.0,0
2012-08-16,2012-09-27,OPTSTK,ALOKTEXT,2.5,CE,0.0,0.0,0.0,14.9,13.4,0,0.0,0
2012-08-16,2012-09-27,OPTSTK,ALOKTEXT,5.0,CE,0.0,0.0,0.0,12.45,10.9,0,0.0,0
2012-08-16,2012-09-27,OPTSTK,ALOKTEXT,7.5,CE,0.0,0.0,0.0,10.0,8.45,0,0.0,0
2012-08-16,2012-09-27,OPTSTK,ALOKTEXT,10.0,CE,0.0,0.0,0.0,7.55,5.95,0,0.0,0
2012-08-16,2012-09-27,OPTSTK,ALOKTEXT,12.5,CE,0.0,0.0,0.0,5.1,3.5,0,0.0,0
2012-08-16,2012-09-27,OPTSTK,ALOKTEXT,15.0,CE,0.0,0.0,0.0,2.75,1.25,0,0.0,0
2012-08-16,2012-09-27,OPTSTK,ALOKTEXT,17.5,CE,0.0,0.0,0.0,1.0,0.2,0,0.0,0
2012-08-16,2012-09-27,OPTSTK,ALOKTEXT,20.0,CE,0.0,0.0,0.0,0.25,0.05,0,0.0,0
2012-08-16,2012-09-27,OPTSTK,ALOKTEXT,22.5,CE,0.1,0.1,0.1,0.1,0.1,3,6.78,270000
2012-08-16,2012-09-27,OPTSTK,ALOKTEXT,25.0,CE,0.0,0.0,0.0,0.05,0.0,0,0.0,0
2012-08-16,2012-09-27,OPTSTK,ALOKTEXT,27.5,CE,0.0,0.0,0.0,0.05,0.0,0,0.0,0
2012-08-16,2012-09-27,OPTSTK,ALOKTEXT,30.0,CE,0.0,0.0,0.0,0.05,0.0,0,0.0,0
2012-08-16,2012-09-27,OPTSTK,ALOKTEXT,32.5,CE,0.0,0.0,0.0,0.05,0.0,0,0.0,0
2012-08-16,2012-09-27,OPTSTK,ALOKTEXT,35.0,CE,0.0,0.0,0.0,0.05,0.0,0,0.0,0
2012-08-16,2012-09-27,OPTSTK,ALOKTEXT,37.5,CE,0.0,0.0,0.0,0.05,0.0,0,0.0,0
2012-08-16,2012-09-27,OPTSTK,ALOKTEXT,40.0,CE,0.0,0.0,0.0,0.05,0.0,0,0.0,0
2012-08-16,2012-09-27,OPTSTK,ALOKTEXT,42.5,CE,0.0,0.0,0.0,0.05,0.0,0,0.0,0
2012-08-16,2012-09-27,OPTSTK,ALOKTEXT,2.5,PE,0.0,0.0,0.0,0.05,0.0,0,0.0,0
2012-08-16,2012-09-27,OPTSTK,ALOKTEXT,5.0,PE,0.0,0.0,0.0,0.05,0.0,0,0.0,0
2012-08-16,2012-09-27,OPTSTK,ALOKTEXT,7.5,PE,0.0,0.0,0.0,0.05,0.0,0,0.0,0
2012-08-16,2012-09-27,OPTSTK,ALOKTEXT,10.0,PE,0.0,0.0,0.0,0.05,0.0,0,0.0,0
2012-08-16,2012-09-27,OPTSTK,ALOKTEXT,12.5,PE,0.0,0.0,0.0,0.05,0.0,0,0.0,0
2012-08-16,2012-09-27,OPTSTK,ALOKTEXT,15.0,PE,0.0,0.0,0.0,0.1,0.25,0,0.0,0
2012-08-16,2012-09-27,OPTSTK,ALOKTEXT,17.5,PE,0.0,0.0,0.0,0.8,1.65,0,0.0,0
2012-08-16,2012-09-27,OPTSTK,ALOKTEXT,20.0,PE,0.0,0.0,0.0,2.5,3.95,0,0.0,0
2012-08-16,2012-09-27,OPTSTK,ALOKTEXT,22.5,PE,0.0,0.0,0.0,4.75,6.45,0,0.0,0
2012-08-16,2012-09-27,OPTSTK,ALOKTEXT,25.0,PE,0.0,0.0,0.0,7.15,8.9,0,0.0,0
2012-08-16,2012-09-27,OPTSTK,ALOKTEXT,27.5,PE,0.0,0.0,0.0,9.6,11.4,0,0.0,0
2012-08-16,2012-09-27,OPTSTK,ALOKTEXT,30.0,PE,0.0,0.0,0.0,12.0,13.85,0,0.0,0
2012-08-16,2012-09-27,OPTSTK,ALOKTEXT,32.5,PE,0.0,0.0,0.0,14.45,16.35,0,0.0,0
2012-08-16,2012-09-27,OPTSTK,ALOKTEXT,35.0,PE,0.0,0.0,0.0,16.9,18.8,0,0.0,0
2012-08-16,2012-09-27,OPTSTK,ALOKTEXT,37.5,PE,0.0,0.0,0.0,19.35,21.3,0,0.0,0
2012-08-16,2012-09-27,OPTSTK,ALOKTEXT,40.0,PE,0.0,0.0,0.0,21.8,23.75,0,0.0,0
2012-08-16,2012-09-27,OPTSTK,ALOKTEXT,42.5,PE,0.0,0.0,0.0,24.25,26.25,0,0.0,0
2012-08-16,2012-10-25,OPTSTK,ALOKTEXT,2.5,CE,0.0,0.0,0.0,13.45,13.4,0,0.0,0
2012-08-16,2012-10-25,OPTSTK,ALOKTEXT,5.0,CE,0.0,0.0,0.0,11.0,10.95,0,0.0,0
2012-08-16,2012-10-25,OPTSTK,ALOKTEXT,7.5,CE,0.0,0.0,0.0,8.55,8.5,0,0.0,0
2012-08-16,2012-10-25,OPTSTK,ALOKTEXT,10.0,CE,0.0,0.0,0.0,6.1,6.05,0,0.0,0
2012-08-16,2012-10-25,OPTSTK,ALOKTEXT,12.5,CE,0.0,0.0,0.0,3.75,3.6,0,0.0,0
2012-08-16,2012-10-25,OPTSTK,ALOKTEXT,15.0,CE,0.0,0.0,0.0,1.8,1.5,0,0.0,0
2012-08-16,2012-10-25,OPTSTK,ALOKTEXT,17.5,CE,0.0,0.0,0.0,0.65,0.4,0,0.0,0
2012-08-16,2012-10-25,OPTSTK,ALOKTEXT,20.0,CE,0.0,0.0,0.0,0.2,0.05,0,0.0,0
2012-08-16,2012-10-25,OPTSTK,ALOKTEXT,22.5,CE,0.0,0.0,0.0,0.05,0.0,0,0.0,0
2012-08-16,2012-10-25,OPTSTK,ALOKTEXT,25.0,CE,0.0,0.0,0.0,0.05,0.0,0,0.0,0
2012-08-16,2012-10-25,OPTSTK,ALOKTEXT,27.5,CE,0.0,0.0,0.0,0.05,0.0,0,0.0,0
2012-08-16,2012-10-25,OPTSTK,ALOKTEXT,30.0,CE,0.0,0.0,0.0,0.05,0.0,0,0.0,0
2012-08-16,2012-10-25,OPTSTK,ALOKTEXT,32.5,CE,0.0,0.0,0.0,0.05,0.0,0,0.0,0
2012-08-16,2012-10-25,OPTSTK,ALOKTEXT,35.0,CE,0.0,0.0,0.0,0.05,0.0,0,0.0,0
2012-08-16,2012-10-25,OPTSTK,ALOKTEXT,37.5,CE,0.0,0.0,0.0,0.05,0.0,0,0.0,0
2012-08-16,2012-10-25,OPTSTK,ALOKTEXT,40.0,CE,0.0,0.0,0.0,0.05,0.0,0,0.0,0
2012-08-16,2012-10-25,OPTSTK,ALOKTEXT,2.5,PE,0.0,0.0,0.0,0.05,0.0,0,0.0,0
2012-08-16,2012-10-25,OPTSTK,ALOKTEXT,5.0,PE,0.0,0.0,0.0,0.05,0.0,0,0.0,0
2012-08-16,2012-10-25,OPTSTK,ALOKTEXT,7.5,PE,0.0,0.0,0.0,0.05,0.0,0,0.0,0
2012-08-16,2012-10-25,OPTSTK,ALOKTEXT,10.0,PE,0.0,0.0,0.0,0.05,0.0,0,0.0,0
2012-08-16,2012-10-25,OPTSTK,ALOKTEXT,12.5,PE,0.0,0.0,0.0,0.1,0.05,0,0.0,0
2012-08-16,2012-10-25,OPTSTK,ALOKTEXT,15.0,PE,0.0,0.0,0.0,0.6,0.4,0,0.0,0
2012-08-16,2012-10-25,OPTSTK,ALOKTEXT,17.5,PE,0.0,0.0,0.0,1.9,1.75,0,0.0,0
2012-08-16,2012-10-25,OPTSTK,ALOKTEXT,20.0,PE,0.0,0.0,0.0,3.9,3.9,0,0.0,0
2012-08-16,2012-10-25,OPTSTK,ALOKTEXT,22.5,PE,0.0,0.0,0.0,6.2,6.3,0,0.0,0
2012-08-16,2012-10-25,OPTSTK,ALOKTEXT,25.0,PE,0.0,0.0,0.0,8.6,8.75,0,0.0,0
2012-08-16,2012-10-25,OPTSTK,ALOKTEXT,27.5,PE,0.0,0.0,0.0,11.05,11.2,0,0.0,0
2012-08-16,2012-10-25,OPTSTK,ALOKTEXT,30.0,PE,0.0,0.0,0.0,13.5,13.65,0,0.0,0
2012-08-16,2012-10-25,OPTSTK,ALOKTEXT,32.5,PE,0.0,0.0,0.0,15.95,16.1,0,0.0,0
2012-08-16,2012-10-25,OPTSTK,ALOKTEXT,35.0,PE,0.0,0.0,0.0,18.4,18.55,0,0.0,0
2012-08-16,2012-10-25,OPTSTK,ALOKTEXT,37.5,PE,0.0,0.0,0.0,20.8,21.05,0,0.0,0
2012-08-16,2012-10-25,OPTSTK,ALOKTEXT,40.0,PE,0.0,0.0,0.0,23.25,23.5,0,0.0,0
2012-08-16,2012-08-30,OPTSTK,AMBUJACEM,70.0,CE,0.0,0.0,0.0,82.95,122.0,0,0.0,0
2012-08-16,2012-08-30,OPTSTK,AMBUJACEM,80.0,CE,0.0,0.0,0.0,73.2,112.05,0,0.0,0
2012-08-16,2012-08-30,OPTSTK,AMBUJACEM,90.0,CE,0.0,0.0,0.0,63.45,102.05,0,0.0,0
2012-08-16,2012-08-30,OPTSTK,AMBUJACEM,100.0,CE,0.0,0.0,0.0,53.75,92.1,0,0.0,0
2012-08-16,2012-08-30,OPTSTK,AMBUJACEM,110.0,CE,0.0,0.0,0.0,44.3,82.15,0,0.0,0
2012-08-16,2012-08-30,OPTSTK,AMBUJACEM,120.0,CE,0.0,0.0,0.0,35.25,72.15,0,0.0,0
2012-08-16,2012-08-30,OPTSTK,AMBUJACEM,130.0,CE,0.0,0.0,0.0,26.95,62.2,0,0.0,0
2012-08-16,2012-08-30,OPTSTK,AMBUJACEM,140.0,CE,0.0,0.0,0.0,19.8,52.25,0,0.0,0
2012-08-16,2012-08-30,OPTSTK,AMBUJACEM,150.0,CE,0.0,0.0,0.0,13.95,42.25,0,0.0,0
2012-08-16,2012-08-30,OPTSTK,AMBUJACEM,160.0,CE,0.0,0.0,0.0,29.95,32.3,0,0.0,4000
2012-08-16,2012-08-30,OPTSTK,AMBUJACEM,170.0,CE,0.0,0.0,0.0,25.0,22.4,0,0.0,80000
2012-08-16,2012-08-30,OPTSTK,AMBUJACEM,180.0,CE,15.25,15.25,13.3,13.45,13.45,6,23.31,206000
2012-08-16,2012-08-30,OPTSTK,AMBUJACEM,190.0,CE,7.15,7.15,5.35,5.5,5.5,27,105.99,322000
2012-08-16,2012-08-30,OPTSTK,AMBUJACEM,200.0,CE,2.25,2.25,1.2,1.3,1.3,47,189.58,234000
2012-08-16,2012-08-30,OPTSTK,AMBUJACEM,210.0,CE,0.65,0.65,0.5,0.5,0.5,2,8.42,46000
2012-08-16,2012-08-30,OPTSTK,AMBUJACEM,220.0,CE,0.0,0.0,0.0,0.5,0.1,0,0.0,0
2012-08-16,2012-08-30,OPTSTK,AMBUJACEM,230.0,CE,0.0,0.0,0.0,0.25,0.05,0,0.0,0
2012-08-16,2012-08-30,OPTSTK,AMBUJACEM,240.0,CE,0.0,0.0,0.0,0.15,0.0,0,0.0,0
2012-08-16,2012-08-30,OPTSTK,AMBUJACEM,250.0,CE,0.0,0.0,0.0,0.1,0.0,0,0.0,0
2012-08-16,2012-08-30,OPTSTK,AMBUJACEM,70.0,PE,0.0,0.0,0.0,0.05,0.0,0,0.0,0
2012-08-16,2012-08-30,OPTSTK,AMBUJACEM,80.0,PE,0.0,0.0,0.0,0.05,0.0,0,0.0,0
2012-08-16,2012-08-30,OPTSTK,AMBUJACEM,90.0,PE,0.0,0.0,0.0,0.05,0.0,0,0.0,0
2012-08-16,2012-08-30,OPTSTK,AMBUJACEM,100.0,PE,0.0,0.0,0.0,0.1,0.0,0,0.0,0
2012-08-16,2012-08-30,OPTSTK,AMBUJACEM,110.0,PE,0.0,0.0,0.0,0.4,0.0,0,0.0,0
2012-08-16,2012-08-30,OPTSTK,AMBUJACEM,120.0,PE,0.0,0.0,0.0,1.1,0.0,0,0.0,0
2012-08-16,2012-08-30,OPTSTK,AMBUJACEM,130.0,PE,0.0,0.0,0.0,2.6,0.0,0,0.0,0
2012-08-16,2012-08-30,OPTSTK,AMBUJACEM,140.0,PE,0.0,0.0,0.0,5.2,0.0,0,0.0,0
2012-08-16,2012-08-30,OPTSTK,AMBUJACEM,150.0,PE,0.0,0.0,0.0,0.3,0.0,0,0.0,26000
2012-08-16,2012-08-30,OPTSTK,AMBUJACEM,160.0,PE,0.2,0.2,0.2,0.2,0.2,1,3.2,104000
2012-08-16,2012-08-30,OPTSTK,AMBUJACEM,170.0,PE,0.35,0.35,0.35,0.35,0.35,2,6.81,414000
2012-08-16,2012-08-30,OPTSTK,AMBUJACEM,180.0,PE,0.9,0.9,0.55,0.85,0.85,24,86.75,484000
2012-08-16,2012-08-30,OPTSTK,AMBUJACEM,190.0,PE,2.5,2.9,2.0,2.8,2.8,117,450.26,422000
2012-08-16,2012-08-30,OPTSTK,AMBUJACEM,200.0,PE,6.9,7.1,6.9,7.1,7.1,6,24.83,40000
2012-08-16,2012-08-30,OPTSTK,AMBUJACEM,210.0,PE,0.0,0.0,0.0,14.0,17.95,0,0.0,2000
2012-08-16,2012-08-30,OPTSTK,AMBUJACEM,220.0,PE,0.0,0.0,0.0,63.95,27.6,0,0.0,0
2012-08-16,2012-08-30,OPTSTK,AMBUJACEM,230.0,PE,0.0,0.0,0.0,73.5,37.5,0,0.0,0
2012-08-16,2012-08-30,OPTSTK,AMBUJACEM,240.0,PE,0.0,0.0,0.0,83.15,47.45,0,0.0,0
2012-08-16,2012-08-30,OPTSTK,AMBUJACEM,250.0,PE,0.0,0.0,0.0,92.8,57.45,0,0.0,0
2012-08-16,2012-09-27,OPTSTK,AMBUJACEM,70.0,CE,0.0,0.0,0.0,105.2,122.5,0,0.0,0
2012-08-16,2012-09-27,OPTSTK,AMBUJACEM,80.0,CE,0.0,0.0,0.0,95.45,112.6,0,0.0,0
2012-08-16,2012-09-27,OPTSTK,AMBUJACEM,90.0,CE,0.0,0.0,0.0,85.65,102.7,0,0.0,0
2012-08-16,2012-09-27,OPTSTK,AMBUJACEM,100.0,CE,0.0,0.0,0.0,75.95,92.8,0,0.0,0
2012-08-16,2012-09-27,OPTSTK,AMBUJACEM,110.0,CE,0.0,0.0,0.0,66.25,82.9,0,0.0,0
2012-08-16,2012-09-27,OPTSTK,AMBUJACEM,120.0,CE,0.0,0.0,0.0,56.8,73.0,0,0.0,0
2012-08-16,2012-09-27,OPTSTK,AMBUJACEM,130.0,CE,0.0,0.0,0.0,47.65,63.1,0,0.0,0
2012-08-16,2012-09-27,OPTSTK,AMBUJACEM,140.0,CE,0.0,0.0,0.0,39.1,53.2,0,0.0,0
2012-08-16,2012-09-27,OPTSTK,AMBUJACEM,150.0,CE,0.0,0.0,0.0,31.3,43.35,0,0.0,0
2012-08-16,2012-09-27,OPTSTK,AMBUJACEM,160.0,CE,0.0,0.0,0.0,24.5,33.65,0,0.0,0
2012-08-16,2012-09-27,OPTSTK,AMBUJACEM,170.0,CE,0.0,0.0,0.0,18.7,24.5,0,0.0,0
2012-08-16,2012-09-27,OPTSTK,AMBUJACEM,180.0,CE,0.0,0.0,0.0,13.95,16.4,0,0.0,0
2012-08-16,2012-09-27,OPTSTK,AMBUJACEM,190.0,CE,0.0,0.0,0.0,12.6,9.95,0,0.0,4000
2012-08-16,2012-09-27,OPTSTK,AMBUJACEM,200.0,CE,0.0,0.0,0.0,6.9,5.45,0,0.0,14000
2012-08-16,2012-09-27,OPTSTK,AMBUJACEM,210.0,CE,0.0,0.0,0.0,5.15,2.65,0,0.0,0
2012-08-16,2012-09-27,OPTSTK,AMBUJACEM,220.0,CE,0.0,0.0,0.0,3.6,1.2,0,0.0,0
2012-08-16,2012-09-27,OPTSTK,AMBUJACEM,230.0,CE,0.0,0.0,0.0,2.45,0.5,0,0.0,0
2012-08-16,2012-09-27,OPTSTK,AMBUJACEM,240.0,CE,0.0,0.0,0.0,1.65,0.2,0,0.0,0
2012-08-16,2012-09-27,OPTSTK,AMBUJACEM,250.0,CE,0.0,0.0,0.0,1.1,0.1,0,0.0,0
2012-08-16,2012-09-27,OPTSTK,AMBUJACEM,70.0,PE,0.0,0.0,0.0,0.05,0.0,0,0.0,0
2012-08-16,2012-09-27,OPTSTK,AMBUJACEM,80.0,PE,0.0,0.0,0.0,0.05,0.0,0,0.0,0
2012-08-16,2012-09-27,OPTSTK,AMBUJACEM,90.0,PE,0.0,0.0,0.0,0.05,0.0,0,0.0,0
2012-08-16,2012-09-27,OPTSTK,AMBUJACEM,100.0,PE,0.0,0.0,0.0,0.05,0.0,0,0.0,0
2012-08-16,2012-09-27,OPTSTK,AMBUJACEM,110.0,PE,0.0,0.0,0.0,0.15,0.0,0,0.0,0
2012-08-16,2012-09-27,OPTSTK,AMBUJACEM,120.0,PE,0.0,0.0,0.0,0.45,0.0,0,0.0,0
2012-08-16,2012-09-27,OPTSTK,AMBUJACEM,130.0,PE,0.0,0.0,0.0,1.1,0.0,0,0.0,0
2012-08-16,2012-09-27,OPTSTK,AMBUJACEM,140.0,PE,0.0,0.0,0.0,2.3,0.0,0,0.0,0
2012-08-16,2012-09-27,OPTSTK,AMBUJACEM,150.0,PE,0.0,0.0,0.0,4.3,0.05,0,0.0,0
2012-08-16,2012-09-27,OPTSTK,AMBUJACEM,160.0,PE,0.0,0.0,0.0,0.9,0.25,0,0.0,4000
2012-08-16,2012-09-27,OPTSTK,AMBUJACEM,170.0,PE,0.0,0.0,0.0,11.2,0.95,0,0.0,0
2012-08-16,2012-09-27,OPTSTK,AMBUJACEM,180.0,PE,0.0,0.0,0.0,16.2,2.8,0,0.0,0
2012-08-16,2012-09-27,OPTSTK,AMBUJACEM,190.0,PE,0.0,0.0,0.0,22.25,6.25,0,0.0,0
2012-08-16,2012-09-27,OPTSTK,AMBUJACEM,200.0,PE,0.0,0.0,0.0,29.1,11.6,0,0.0,0
2012-08-16,2012-09-27,OPTSTK,AMBUJACEM,210.0,PE,0.0,0.0,0.0,36.7,18.75,0,0.0,0
2012-08-16,2012-09-27,OPTSTK,AMBUJACEM,220.0,PE,0.0,0.0,0.0,44.9,27.15,0,0.0,0
2012-08-16,2012-09-27,OPTSTK,AMBUJACEM,230.0,PE,0.0,0.0,0.0,53.55,36.35,0,0.0,0
2012-08-16,2012-09-27,OPTSTK,AMBUJACEM,240.0,PE,0.0,0.0,0.0,62.5,45.95,0,0.0,0
2012-08-16,2012-09-27,OPTSTK,AMBUJACEM,250.0,PE,0.0,0.0,0.0,71.75,55.75,0,0.0,0
2012-08-16,2012-10-25,OPTSTK,AMBUJACEM,80.0,CE,0.0,0.0,0.0,101.55,113.15,0,0.0,0
2012-08-16,2012-10-25,OPTSTK,AMBUJACEM,90.0,CE,0.0,0.0,0.0,91.75,103.3,0,0.0,0
2012-08-16,2012-10-25,OPTSTK,AMBUJACEM,100.0,CE,0.0,0.0,0.0,82.0,93.5,0,0.0,0
2012-08-16,2012-10-25,OPTSTK,AMBUJACEM,110.0,CE,0.0,0.0,0.0,72.25,83.65,0,0.0,0
2012-08-16,2012-10-25,OPTSTK,AMBUJACEM,120.0,CE,0.0,0.0,0.0,62.5,73.85,0,0.0,0
2012-08-16,2012-10-25,OPTSTK,AMBUJACEM,130.0,CE,0.0,0.0,0.0,52.9,64.0,0,0.0,0
2012-08-16,2012-10-25,OPTSTK,AMBUJACEM,140.0,CE,0.0,0.0,0.0,43.55,54.2,0,0.0,0
2012-08-16,2012-10-25,OPTSTK,AMBUJACEM,150.0,CE,0.0,0.0,0.0,34.7,44.55,0,0.0,0
2012-08-16,2012-10-25,OPTSTK,AMBUJACEM,160.0,CE,0.0,0.0,0.0,26.75,35.25,0,0.0,0
2012-08-16,2012-10-25,OPTSTK,AMBUJACEM,170.0,CE,0.0,0.0,0.0,19.8,26.65,0,0.0,0
2012-08-16,2012-10-25,OPTSTK,AMBUJACEM,180.0,CE,0.0,0.0,0.0,14.15,19.1,0,0.0,0
2012-08-16,2012-10-25,OPTSTK,AMBUJACEM,190.0,CE,0.0,0.0,0.0,9.7,12.9,0,0.0,0
2012-08-16,2012-10-25,OPTSTK,AMBUJACEM,200.0,CE,0.0,0.0,0.0,6.45,8.25,0,0.0,0
2012-08-16,2012-10-25,OPTSTK,AMBUJACEM,210.0,CE,0.0,0.0,0.0,4.15,4.95,0,0.0,0
2012-08-16,2012-10-25,OPTSTK,AMBUJACEM,220.0,CE,0.0,0.0,0.0,2.6,2.85,0,0.0,0
2012-08-16,2012-10-25,OPTSTK,AMBUJACEM,230.0,CE,0.0,0.0,0.0,1.55,1.55,0,0.0,0
2012-08-16,2012-10-25,OPTSTK,AMBUJACEM,240.0,CE,0.0,0.0,0.0,0.95,0.8,0,0.0,0
2012-08-16,2012-10-25,OPTSTK,AMBUJACEM,250.0,CE,0.0,0.0,0.0,0.55,0.4,0,0.0,0
2012-08-16,2012-10-25,OPTSTK,AMBUJACEM,80.0,PE,0.0,0.0,0.0,0.05,0.0,0,0.0,0
2012-08-16,2012-10-25,OPTSTK,AMBUJACEM,90.0,PE,0.0,0.0,0.0,0.05,0.0,0,0.0,0
2012-08-16,2012-10-25,OPTSTK,AMBUJACEM,100.0,PE,0.0,0.0,0.0,0.05,0.0,0,0.0,0
2012-08-16,2012-10-25,OPTSTK,AMBUJACEM,110.0,PE,0.0,0.0,0.0,0.05,0.0,0,0.0,0
2012-08-16,2012-10-25,OPTSTK,AMBUJACEM,120.0,PE,0.0,0.0,0.0,0.05,0.0,0,0.0,0
2012-08-16,2012-10-25,OPTSTK,AMBUJACEM,130.0,PE,0.0,0.0,0.0,0.25,0.05,0,0.0,0
2012-08-16,2012-10-25,OPTSTK,AMBUJACEM,140.0,PE,0.0,0.0,0.0,0.65,0.05,0,0.0,0
2012-08-16,2012-10-25,OPTSTK,AMBUJACEM,150.0,PE,0.0,0.0,0.0,1.6,0.25,0,0.0,0
2012-08-16,2012-10-25,OPTSTK,AMBUJACEM,160.0,PE,0.0,0.0,0.0,3.4,0.75,0,0.0,0
2012-08-16,2012-10-25,OPTSTK,AMBUJACEM,170.0,PE,0.0,0.0,0.0,6.25,1.95,0,0.0,0
2012-08-16,2012-10-25,OPTSTK,AMBUJACEM,180.0,PE,0.0,0.0,0.0,10.35,4.25,0,0.0,0
2012-08-16,2012-10-25,OPTSTK,AMBUJACEM,190.0,PE,0.0,0.0,0.0,15.7,7.9,0,0.0,0
2012-08-16,2012-10-25,OPTSTK,AMBUJACEM,200.0,PE,0.0,0.0,0.0,22.2,13.05,0,0.0,0
2012-08-16,2012-10-25,OPTSTK,AMBUJACEM,210.0,PE,0.0,0.0,0.0,29.7,19.6,0,0.0,0
2012-08-16,2012-10-25,OPTSTK,AMBUJACEM,220.0,PE,0.0,0.0,0.0,37.9,27.3,0,0.0,0
2012-08-16,2012-10-25,OPTSTK,AMBUJACEM,230.0,PE,0.0,0.0,0.0,46.65,35.85,0,0.0,0
2012-08-16,2012-10-25,OPTSTK,AMBUJACEM,240.0,PE,0.0,0.0,0.0,55.8,44.95,0,0.0,0
2012-08-16,2012-10-25,OPTSTK,AMBUJACEM,250.0,PE,0.0,0.0,0.0,65.15,54.35,0,0.0,0
2012-08-16,2012-08-30,OPTSTK,ANDHRABANK,50.0,CE,0.0,0.0,0.0,59.95,48.65,0,0.0,0
2012-08-16,2012-08-30,OPTSTK,ANDHRABANK,55.0,CE,0.0,0.0,0.0,44.9,43.65,0,0.0,0
2012-08-16,2012-08-30,OPTSTK,ANDHRABANK,60.0,CE,0.0,0.0,0.0,50.2,38.65,0,0.0,0
2012-08-16,2012-08-30,OPTSTK,ANDHRABANK,65.0,CE,0.0,0.0,0.0,34.95,33.7,0,0.0,0
2012-08-16,2012-08-30,OPTSTK,ANDHRABANK,70.0,CE,0.0,0.0,0.0,40.55,28.7,0,0.0,0
2012-08-16,2012-08-30,OPTSTK,ANDHRABANK,75.0,CE,0.0,0.0,0.0,25.0,23.7,0,0.0,0
2012-08-16,2012-08-30,OPTSTK,ANDHRABANK,80.0,CE,0.0,0.0,0.0,31.4,18.75,0,0.0,0
2012-08-16,2012-08-30,OPTSTK,ANDHRABANK,85.0,CE,0.0,0.0,0.0,15.15,13.8,0,0.0,0
2012-08-16,2012-08-30,OPTSTK,ANDHRABANK,90.0,CE,0.0,0.0,0.0,23.05,9.0,0,0.0,0
2012-08-16,2012-08-30,OPTSTK,ANDHRABANK,95.0,CE,0.0,0.0,0.0,6.4,4.9,0,0.0,0
2012-08-16,2012-08-30,OPTSTK,ANDHRABANK,100.0,CE,1.35,2.35,0.75,2.35,2.35,6,12.19,28000
2012-08-16,2012-08-30,OPTSTK,ANDHRABANK,105.0,CE,0.0,0.0,0.0,1.5,0.65,0,0.0,0
2012-08-16,2012-08-30,OPTSTK,ANDHRABANK,110.0,CE,0.35,0.35,0.35,0.35,0.35,1,2.2,44000
2012-08-16,2012-08-30,OPTSTK,ANDHRABANK,115.0,CE,0.0,0.0,0.0,0.2,0.05,0,0.0,0
2012-08-16,2012-08-30,OPTSTK,ANDHRABANK,120.0,CE,0.0,0.0,0.0,2.0,0.0,0,0.0,2000
2012-08-16,2012-08-30,OPTSTK,ANDHRABANK,125.0,CE,0.0,0.0,0.0,0.05,0.0,0,0.0,0
2012-08-16,2012-08-30,OPTSTK,ANDHRABANK,130.0,CE,0.0,0.0,0.0,4.1,0.0,0,0.0,0
2012-08-16,2012-08-30,OPTSTK,ANDHRABANK,135.0,CE,0.0,0.0,0.0,0.05,0.0,0,0.0,0
2012-08-16,2012-08-30,OPTSTK,ANDHRABANK,140.0,CE,0.0,0.0,0.0,2.45,0.0,0,0.0,0
2012-08-16,2012-08-30,OPTSTK,ANDHRABANK,145.0,CE,0.0,0.0,0.0,0.05,0.0,0,0.0,0
2012-08-16,2012-08-30,OPTSTK,ANDHRABANK,150.0,CE,0.0,0.0,0.0,1.4,0.0,0,0.0,0
2012-08-16,2012-08-30,OPTSTK,ANDHRABANK,160.0,CE,0.0,0.0,0.0,0.8,0.0,0,0.0,0
2012-08-16,2012-08-30,OPTSTK,ANDHRABANK,170.0,CE,0.0,0.0,0.0,0.45,0.0,0,0.0,0
2012-08-16,2012-08-30,OPTSTK,ANDHRABANK,180.0,CE,0.0,0.0,0.0,0.25,0.0,0,0.0,0
2012-08-16,2012-08-30,OPTSTK,ANDHRABANK,190.0,CE,0.0,0.0,0.0,0.15,0.0,0,0.0,0
2012-08-16,2012-08-30,OPTSTK,ANDHRABANK,50.0,PE,0.0,0.0,0.0,0.05,0.0,0,0.0,0
2012-08-16,2012-08-30,OPTSTK,ANDHRABANK,55.0,PE,0.0,0.0,0.0,0.05,0.0,0,0.0,0
2012-08-16,2012-08-30,OPTSTK,ANDHRABANK,60.0,PE,0.0,0.0,0.0,0.05,0.0,0,0.0,0
2012-08-16,2012-08-30,OPTSTK,ANDHRABANK,65.0,PE,0.0,0.0,0.0,0.05,0.0,0,0.0,0
2012-08-16,2012-08-30,OPTSTK,ANDHRABANK,70.0,PE,0.0,0.0,0.0,0.2,0.0,0,0.0,0
2012-08-16,2012-08-30,OPTSTK,ANDHRABANK,75.0,PE,0.0,0.0,0.0,0.05,0.0,0,0.0,0
2012-08-16,2012-08-30,OPTSTK,ANDHRABANK,80.0,PE,0.0,0.0,0.0,0.75,0.0,0,0.0,0
2012-08-16,2012-08-30,OPTSTK,ANDHRABANK,85.0,PE,0.0,0.0,0.0,0.1,0.05,0,0.0,0
2012-08-16,2012-08-30,OPTSTK,ANDHRABANK,90.0,PE,0.0,0.0,0.0,0.6,0.25,0,0.0,16000
2012-08-16,2012-08-30,OPTSTK,ANDHRABANK,95.0,PE,0.0,0.0,0.0,1.3,1.1,0,0.0,0
2012-08-16,2012-08-30,OPTSTK,ANDHRABANK,100.0,PE,0.0,0.0,0.0,4.0,3.3,0,0.0,10000
2012-08-16,2012-08-30,OPTSTK,ANDHRABANK,105.0,PE,0.0,0.0,0.0,6.35,6.85,0,0.0,0
2012-08-16,2012-08-30,OPTSTK,ANDHRABANK,110.0,PE,0.0,0.0,0.0,9.3,11.35,0,0.0,0
2012-08-16,2012-08-30,OPTSTK,ANDHRABANK,115.0,PE,0.0,0.0,0.0,14.95,16.2,0,0.0,0
2012-08-16,2012-08-30,OPTSTK,ANDHRABANK,120.0,PE,0.0,0.0,0.0,15.15,21.15,0,0.0,0
2012-08-16,2012-08-30,OPTSTK,ANDHRABANK,125.0,PE,0.0,0.0,0.0,24.75,26.15,0,0.0,0
2012-08-16,2012-08-30,OPTSTK,ANDHRABANK,130.0,PE,0.0,0.0,0.0,22.3,31.15,0,0.0,0
2012-08-16,2012-08-30,OPTSTK,ANDHRABANK,135.0,PE,0.0,0.0,0.0,34.7,36.1,0,0.0,0
2012-08-16,2012-08-30,OPTSTK,ANDHRABANK,140.0,PE,0.0,0.0,0.0,30.35,41.1,0,0.0,0
2012-08-16,2012-08-30,OPTSTK,ANDHRABANK,145.0,PE,0.0,0.0,0.0,44.6,46.1,0,0.0,0
2012-08-16,2012-08-30,OPTSTK,ANDHRABANK,150.0,PE,0.0,0.0,0.0,39.1,51.05,0,0.0,0
2012-08-16,2012-08-30,OPTSTK,ANDHRABANK,160.0,PE,0.0,0.0,0.0,48.25,61.05,0,0.0,0
2012-08-16,2012-08-30,OPTSTK,ANDHRABANK,170.0,PE,0.0,0.0,0.0,57.65,71.0,0,0.0,0
2012-08-16,2012-08-30,OPTSTK,ANDHRABANK,180.0,PE,0.0,0.0,0.0,67.2,80.95,0,0.0,0
2012-08-16,2012-08-30,OPTSTK,ANDHRABANK,190.0,PE,0.0,0.0,0.0,76.85,90.95,0,0.0,0
2012-08-16,2012-09-27,OPTSTK,ANDHRABANK,50.0,CE,0.0,0.0,0.0,67.3,49.0,0,0.0,0
2012-08-16,2012-09-27,OPTSTK,ANDHRABANK,55.0,CE,0.0,0.0,0.0,45.3,44.05,0,0.0,0
2012-08-16,2012-09-27,OPTSTK,ANDHRABANK,60.0,CE,0.0,0.0,0.0,57.5,39.1,0,0.0,0
2012-08-16,2012-09-27,OPTSTK,ANDHRABANK,65.0,CE,0.0,0.0,0.0,35.4,34.15,0,0.0,0
2012-08-16,2012-09-27,OPTSTK,ANDHRABANK,70.0,CE,0.0,0.0,0.0,47.75,29.2,0,0.0,0
2012-08-16,2012-09-27,OPTSTK,ANDHRABANK,75.0,CE,0.0,0.0,0.0,25.55,24.25,0,0.0,0
2012-08-16,2012-09-27,OPTSTK,ANDHRABANK,80.0,CE,0.0,0.0,0.0,38.15,19.4,0,0.0,0
2012-08-16,2012-09-27,OPTSTK,ANDHRABANK,85.0,CE,0.0,0.0,0.0,16.1,14.75,0,0.0,0
2012-08-16,2012-09-27,OPTSTK,ANDHRABANK,90.0,CE,0.0,0.0,0.0,28.95,10.5,0,0.0,0
2012-08-16,2012-09-27,OPTSTK,ANDHRABANK,95.0,CE,0.0,0.0,0.0,8.15,6.95,0,0.0,0
2012-08-16,2012-09-27,OPTSTK,ANDHRABANK,100.0,CE,0.0,0.0,0.0,20.75,4.25,0,0.0,0
2012-08-16,2012-09-27,OPTSTK,ANDHRABANK,105.0,CE,0.0,0.0,0.0,3.2,2.4,0,0.0,0
2012-08-16,2012-09-27,OPTSTK,ANDHRABANK,110.0,CE,0.0,0.0,0.0,13.9,1.25,0,0.0,0
2012-08-16,2012-09-27,OPTSTK,ANDHRABANK,115.0,CE,0.0,0.0,0.0,0.95,0.6,0,0.0,0
2012-08-16,2012-09-27,OPTSTK,ANDHRABANK,120.0,CE,0.0,0.0,0.0,8.75,0.3,0,0.0,0
2012-08-16,2012-09-27,OPTSTK,ANDHRABANK,125.0,CE,0.0,0.0,0.0,0.25,0.15,0,0.0,0
2012-08-16,2012-09-27,OPTSTK,ANDHRABANK,130.0,CE,0.0,0.0,0.0,5.2,0.05,0,0.0,0
2012-08-16,2012-09-27,OPTSTK,ANDHRABANK,135.0,CE,0.0,0.0,0.0,0.05,0.05,0,0.0,0
2012-08-16,2012-09-27,OPTSTK,ANDHRABANK,140.0,CE,0.0,0.0,0.0,2.95,0.05,0,0.0,0
2012-08-16,2012-09-27,OPTSTK,ANDHRABANK,145.0,CE,0.0,0.0,0.0,0.05,0.0,0,0.0,0
2012-08-16,2012-09-27,OPTSTK,ANDHRABANK,150.0,CE,0.0,0.0,0.0,1.6,0.0,0,0.0,0
2012-08-16,2012-09-27,OPTSTK,ANDHRABANK,160.0,CE,0.0,0.0,0.0,0.85,0.0,0,0.0,0
2012-08-16,2012-09-27,OPTSTK,ANDHRABANK,170.0,CE,0.0,0.0,0.0,0.45,0.0,0,0.0,0
2012-08-16,2012-09-27,OPTSTK,ANDHRABANK,180.0,CE,0.0,0.0,0.0,0.2,0.0,0,0.0,0
2012-08-16,2012-09-27,OPTSTK,ANDHRABANK,190.0,CE,0.0,0.0,0.0,0.1,0.0,0,0.0,0
2012-08-16,2012-09-27,OPTSTK,ANDHRABANK,50.0,PE,0.0,0.0,0.0,0.05,0.0,0,0.0,0
2012-08-16,2012-09-27,OPTSTK,ANDHRABANK,55.0,PE,0.0,0.0,0.0,0.05,0.0,0,0.0,0
2012-08-16,2012-09-27,OPTSTK,ANDHRABANK,60.0,PE,0.0,0.0,0.0,0.05,0.0,0,0.0,0
2012-08-16,2012-09-27,OPTSTK,ANDHRABANK,65.0,PE,0.0,0.0,0.0,0.05,0.0,0,0.0,0
2012-08-16,2012-09-27,OPTSTK,ANDHRABANK,70.0,PE,0.0,0.0,0.0,0.05,0.0,0,0.0,0
2012-08-16,2012-09-27,OPTSTK,ANDHRABANK,75.0,PE,0.0,0.0,0.0,0.05,0.05,0,0.0,0
2012-08-16,2012-09-27,OPTSTK,ANDHRABANK,80.0,PE,0.0,0.0,0.0,0.2,0.15,0,0.0,0
2012-08-16,2012-09-27,OPTSTK,ANDHRABANK,85.0,PE,0.0,0.0,0.0,0.45,0.4,0,0.0,0
2012-08-16,2012-09-27,OPTSTK,ANDHRABANK,90.0,PE,0.0,0.0,0.0,0.8,1.15,0,0.0,0
2012-08-16,2012-09-27,OPTSTK,ANDHRABANK,95.0,PE,0.0,0.0,0.0,2.4,2.55,0,0.0,0
2012-08-16,2012-09-27,OPTSTK,ANDHRABANK,100.0,PE,0.0,0.0,0.0,2.3,4.8,0,0.0,0
2012-08-16,2012-09-27,OPTSTK,ANDHRABANK,105.0,PE,0.0,0.0,0.0,7.25,7.85,0,0.0,0
2012-08-16,2012-09-27,OPTSTK,ANDHRABANK,110.0,PE,0.0,0.0,0.0,5.25,11.65,0,0.0,0
2012-08-16,2012-09-27,OPTSTK,ANDHRABANK,115.0,PE,0.0,0.0,0.0,14.9,15.95,0,0.0,0
2012-08-16,2012-09-27,OPTSTK,ANDHRABANK,120.0,PE,0.0,0.0,0.0,9.9,20.6,0,0.0,0
2012-08-16,2012-09-27,OPTSTK,ANDHRABANK,125.0,PE,0.0,0.0,0.0,24.05,25.4,0,0.0,0
2012-08-16,2012-09-27,OPTSTK,ANDHRABANK,130.0,PE,0.0,0.0,0.0,16.1,30.25,0,0.0,0
2012-08-16,2012-09-27,OPTSTK,ANDHRABANK,135.0,PE,0.0,0.0,0.0,33.75,35.2,0,0.0,0
2012-08-16,2012-09-27,OPTSTK,ANDHRABANK,140.0,PE,0.0,0.0,0.0,23.6,40.15,0,0.0,0
2012-08-16,2012-09-27,OPTSTK,ANDHRABANK,145.0,PE,0.0,0.0,0.0,43.6,45.05,0,0.0,0
2012-08-16,2012-09-27,OPTSTK,ANDHRABANK,150.0,PE,0.0,0.0,0.0,32.0,50.0,0,0.0,0
2012-08-16,2012-09-27,OPTSTK,ANDHRABANK,160.0,PE,0.0,0.0,0.0,41.0,59.9,0,0.0,0
2012-08-16,2012-09-27,OPTSTK,ANDHRABANK,170.0,PE,0.0,0.0,0.0,50.35,69.8,0,0.0,0
2012-08-16,2012-09-27,OPTSTK,ANDHRABANK,180.0,PE,0.0,0.0,0.0,59.95,79.7,0,0.0,0
2012-08-16,2012-09-27,OPTSTK,ANDHRABANK,190.0,PE,0.0,0.0,0.0,69.6,89.6,0,0.0,0
2012-08-16,2012-10-25,OPTSTK,ANDHRABANK,50.0,CE,0.0,0.0,0.0,56.0,49.35,0,0.0,0
2012-08-16,2012-10-25,OPTSTK,ANDHRABANK,55.0,CE,0.0,0.0,0.0,45.65,44.4,0,0.0,0
2012-08-16,2012-10-25,OPTSTK,ANDHRABANK,60.0,CE,0.0,0.0,0.0,46.25,39.5,0,0.0,0
2012-08-16,2012-10-25,OPTSTK,ANDHRABANK,65.0,CE,0.0,0.0,0.0,35.85,34.6,0,0.0,0
2012-08-16,2012-10-25,OPTSTK,ANDHRABANK,70.0,CE,0.0,0.0,0.0,36.45,29.7,0,0.0,0
2012-08-16,2012-10-25,OPTSTK,ANDHRABANK,75.0,CE,0.0,0.0,0.0,26.15,24.9,0,0.0,0
2012-08-16,2012-10-25,OPTSTK,ANDHRABANK,80.0,CE,0.0,0.0,0.0,26.85,20.2,0,0.0,0
2012-08-16,2012-10-25,OPTSTK,ANDHRABANK,85.0,CE,0.0,0.0,0.0,17.05,15.8,0,0.0,0
2012-08-16,2012-10-25,OPTSTK,ANDHRABANK,90.0,CE,0.0,0.0,0.0,17.85,11.9,0,0.0,0
2012-08-16,2012-10-25,OPTSTK,ANDHRABANK,95.0,CE,0.0,0.0,0.0,9.6,8.55,0,0.0,0
2012-08-16,2012-10-25,OPTSTK,ANDHRABANK,100.0,CE,0.0,0.0,0.0,10.45,5.9,0,0.0,0
2012-08-16,2012-10-25,OPTSTK,ANDHRABANK,105.0,CE,0.0,0.0,0.0,4.6,3.85,0,0.0,0
2012-08-16,2012-10-25,OPTSTK,ANDHRABANK,110.0,CE,0.0,0.0,0.0,5.35,2.45,0,0.0,0
2012-08-16,2012-10-25,OPTSTK,ANDHRABANK,115.0,CE,0.0,0.0,0.0,1.9,1.5,0,0.0,0
2012-08-16,2012-10-25,OPTSTK,ANDHRABANK,120.0,CE,0.0,0.0,0.0,2.4,0.85,0,0.0,0
2012-08-16,2012-10-25,OPTSTK,ANDHRABANK,125.0,CE,0.0,0.0,0.0,0.65,0.5,0,0.0,0
2012-08-16,2012-10-25,OPTSTK,ANDHRABANK,130.0,CE,0.0,0.0,0.0,0.95,0.3,0,0.0,0
2012-08-16,2012-10-25,OPTSTK,ANDHRABANK,135.0,CE,0.0,0.0,0.0,0.2,0.15,0,0.0,0
2012-08-16,2012-10-25,OPTSTK,ANDHRABANK,140.0,CE,0.0,0.0,0.0,0.35,0.1,0,0.0,0
2012-08-16,2012-10-25,OPTSTK,ANDHRABANK,145.0,CE,0.0,0.0,0.0,0.1,0.05,0,0.0,0
2012-08-16,2012-10-25,OPTSTK,ANDHRABANK,150.0,CE,0.0,0.0,0.0,0.1,0.05,0,0.0,0
2012-08-16,2012-10-25,OPTSTK,ANDHRABANK,160.0,CE,0.0,0.0,0.0,0.05,0.0,0,0.0,0
2012-08-16,2012-10-25,OPTSTK,ANDHRABANK,170.0,CE,0.0,0.0,0.0,0.05,0.0,0,0.0,0
2012-08-16,2012-10-25,OPTSTK,ANDHRABANK,180.0,CE,0.0,0.0,0.0,0.05,0.0,0,0.0,0
2012-08-16,2012-10-25,OPTSTK,ANDHRABANK,190.0,CE,0.0,0.0,0.0,0.05,0.0,0,0.0,0
2012-08-16,2012-10-25,OPTSTK,ANDHRABANK,50.0,PE,0.0,0.0,0.0,0.05,0.0,0,0.0,0
2012-08-16,2012-10-25,OPTSTK,ANDHRABANK,55.0,PE,0.0,0.0,0.0,0.05,0.0,0,0.0,0
2012-08-16,2012-10-25,OPTSTK,ANDHRABANK,60.0,PE,0.0,0.0,0.0,0.05,0.0,0,0.0,0
2012-08-16,2012-10-25,OPTSTK,ANDHRABANK,65.0,PE,0.0,0.0,0.0,0.05,0.05,0,0.0,0
2012-08-16,2012-10-25,OPTSTK,ANDHRABANK,70.0,PE,0.0,0.0,0.0,0.05,0.05,0,0.0,0
2012-08-16,2012-10-25,OPTSTK,ANDHRABANK,75.0,PE,0.0,0.0,0.0,0.15,0.15,0,0.0,0
2012-08-16,2012-10-25,OPTSTK,ANDHRABANK,80.0,PE,0.0,0.0,0.0,0.2,0.4,0,0.0,0
2012-08-16,2012-10-25,OPTSTK,ANDHRABANK,85.0,PE,0.0,0.0,0.0,0.85,0.9,0,0.0,0
2012-08-16,2012-10-25,OPTSTK,ANDHRABANK,90.0,PE,0.0,0.0,0.0,1.0,1.9,0,0.0,0
2012-08-16,2012-10-25,OPTSTK,ANDHRABANK,95.0,PE,0.0,0.0,0.0,3.15,3.5,0,0.0,0
2012-08-16,2012-10-25,OPTSTK,ANDHRABANK,100.0,PE,0.0,0.0,0.0,3.35,5.7,0,0.0,0
2012-08-16,2012-10-25,OPTSTK,ANDHRABANK,105.0,PE,0.0,0.0,0.0,7.95,8.6,0,0.0,0
2012-08-16,2012-10-25,OPTSTK,ANDHRABANK,110.0,PE,0.0,0.0,0.0,8.0,12.1,0,0.0,0
2012-08-16,2012-10-25,OPTSTK,ANDHRABANK,115.0,PE,0.0,0.0,0.0,15.05,16.05,0,0.0,0
2012-08-16,2012-10-25,OPTSTK,ANDHRABANK,120.0,PE,0.0,0.0,0.0,14.8,20.35,0,0.0,0
2012-08-16,2012-10-25,OPTSTK,ANDHRABANK,125.0,PE,0.0,0.0,0.0,23.65,24.9,0,0.0,0
2012-08-16,2012-10-25,OPTSTK,ANDHRABANK,130.0,PE,0.0,0.0,0.0,23.15,29.6,0,0.0,0
2012-08-16,2012-10-25,OPTSTK,ANDHRABANK,135.0,PE,0.0,0.0,0.0,33.0,34.4,0,0.0,0
2012-08-16,2012-10-25,OPTSTK,ANDHRABANK,140.0,PE,0.0,0.0,0.0,32.3,39.25,0,0.0,0
2012-08-16,2012-10-25,OPTSTK,ANDHRABANK,145.0,PE,0.0,0.0,0.0,42.65,44.1,0,0.0,0
2012-08-16,2012-10-25,OPTSTK,ANDHRABANK,150.0,PE,0.0,0.0,0.0,41.85,49.0,0,0.0,0
2012-08-16,2012-10-25,OPTSTK,ANDHRABANK,160.0,PE,0.0,0.0,0.0,51.55,58.85,0,0.0,0
2012-08-16,2012-10-25,OPTSTK,ANDHRABANK,170.0,PE,0.0,0.0,0.0,61.3,68.65,0,0.0,0
2012-08-16,2012-10-25,OPTSTK,ANDHRABANK,180.0,PE,0.0,0.0,0.0,71.1,78.5,0,0.0,0
2012-08-16,2012-10-25,OPTSTK,ANDHRABANK,190.0,PE,0.0,0.0,0.0,80.85,88.3,0,0.0,0
2012-08-16,2012-08-30,OPTSTK,APOLLOTYRE,40.0,CE,0.0,0.0,0.0,47.6,49.3,0,0.0,0
2012-08-16,2012-08-30,OPTSTK,APOLLOTYRE,45.0,CE,0.0,0.0,0.0,42.7,44.3,0,0.0,0
2012-08-16,2012-08-30,OPTSTK,APOLLOTYRE,50.0,CE,0.0,0.0,0.0,37.85,39.35,0,0.0,0
2012-08-16,2012-08-30,OPTSTK,APOLLOTYRE,55.0,CE,0.0,0.0,0.0,33.05,34.35,0,0.0,0
2012-08-16,2012-08-30,OPTSTK,APOLLOTYRE,60.0,CE,0.0,0.0,0.0,28.35,29.35,0,0.0,0
2012-08-16,2012-08-30,OPTSTK,APOLLOTYRE,65.0,CE,0.0,0.0,0.0,23.85,24.4,0,0.0,0
2012-08-16,2012-08-30,OPTSTK,APOLLOTYRE,70.0,CE,0.0,0.0,0.0,9.65,19.4,0,0.0,8000
2012-08-16,2012-08-30,OPTSTK,APOLLOTYRE,75.0,CE,0.0,0.0,0.0,11.75,14.45,0,0.0,24000
2012-08-16,2012-08-30,OPTSTK,APOLLOTYRE,80.0,CE,8.7,10.2,8.7,10.2,10.2,5,17.93,100000
2012-08-16,2012-08-30,OPTSTK,APOLLOTYRE,85.0,CE,3.45,6.25,3.4,4.95,4.95,52,186.95,624000
2012-08-16,2012-08-30,OPTSTK,APOLLOTYRE,90.0,CE,1.45,2.75,1.15,1.75,1.75,639,2351.47,728000
2012-08-16,2012-08-30,OPTSTK,APOLLOTYRE,95.0,CE,0.45,0.75,0.3,0.45,0.45,214,817.69,516000
2012-08-16,2012-08-30,OPTSTK,APOLLOTYRE,100.0,CE,0.15,0.25,0.1,0.15,0.15,32,128.23,84000
2012-08-16,2012-08-30,OPTSTK,APOLLOTYRE,105.0,CE,0.0,0.0,0.0,2.9,0.05,0,0.0,0
2012-08-16,2012-08-30,OPTSTK,APOLLOTYRE,110.0,CE,0.0,0.0,0.0,2.1,0.0,0,0.0,0
2012-08-16,2012-08-30,OPTSTK,APOLLOTYRE,115.0,CE,0.0,0.0,0.0,1.45,0.0,0,0.0,0
2012-08-16,2012-08-30,OPTSTK,APOLLOTYRE,120.0,CE,0.0,0.0,0.0,1.05,0.0,0,0.0,0
2012-08-16,2012-08-30,OPTSTK,APOLLOTYRE,40.0,PE,0.0,0.0,0.0,0.05,0.0,0,0.0,0
2012-08-16,2012-08-30,OPTSTK,APOLLOTYRE,45.0,PE,0.0,0.0,0.0,0.05,0.0,0,0.0,0
2012-08-16,2012-08-30,OPTSTK,APOLLOTYRE,50.0,PE,0.0,0.0,0.0,0.05,0.0,0,0.0,0
2012-08-16,2012-08-30,OPTSTK,APOLLOTYRE,55.0,PE,0.0,0.0,0.0,0.1,0.0,0,0.0,0
2012-08-16,2012-08-30,OPTSTK,APOLLOTYRE,60.0,PE,0.0,0.0,0.0,0.3,0.0,0,0.0,0
2012-08-16,2012-08-30,OPTSTK,APOLLOTYRE,65.0,PE,0.0,0.0,0.0,0.2,0.0,0,0.0,8000
2012-08-16,2012-08-30,OPTSTK,APOLLOTYRE,70.0,PE,0.05,0.05,0.05,0.05,0.05,3,8.4,76000
2012-08-16,2012-08-30,OPTSTK,APOLLOTYRE,75.0,PE,0.05,0.1,0.05,0.1,0.1,8,24.02,316000
2012-08-16,2012-08-30,OPTSTK,APOLLOTYRE,80.0,PE,0.2,0.2,0.1,0.15,0.15,67,214.83,364000
2012-08-16,2012-08-30,OPTSTK,APOLLOTYRE,85.0,PE,0.85,0.95,0.35,0.55,0.55,137,468.82,380000
2012-08-16,2012-08-30,OPTSTK,APOLLOTYRE,90.0,PE,2.45,2.5,1.7,2.45,2.45,45,165.84,72000
2012-08-16,2012-08-30,OPTSTK,APOLLOTYRE,95.0,PE,0.0,0.0,0.0,7.95,6.3,0,0.0,4000
2012-08-16,2012-08-30,OPTSTK,APOLLOTYRE,100.0,PE,0.0,0.0,0.0,15.0,10.7,0,0.0,0
2012-08-16,2012-08-30,OPTSTK,APOLLOTYRE,105.0,PE,0.0,0.0,0.0,18.8,15.55,0,0.0,0
2012-08-16,2012-08-30,OPTSTK,APOLLOTYRE,110.0,PE,0.0,0.0,0.0,22.85,20.5,0,0.0,0
2012-08-16,2012-08-30,OPTSTK,APOLLOTYRE,115.0,PE,0.0,0.0,0.0,27.1,25.5,0,0.0,0
2012-08-16,2012-08-30,OPTSTK,APOLLOTYRE,120.0,PE,0.0,0.0,0.0,31.55,30.45,0,0.0,0
2012-08-16,2012-09-27,OPTSTK,APOLLOTYRE,40.0,CE,0.0,0.0,0.0,38.8,49.6,0,0.0,0
2012-08-16,2012-09-27,OPTSTK,APOLLOTYRE,45.0,CE,0.0,0.0,0.0,33.95,44.65,0,0.0,0
2012-08-16,2012-09-27,OPTSTK,APOLLOTYRE,50.0,CE,0.0,0.0,0.0,29.15,39.7,0,0.0,0
2012-08-16,2012-09-27,OPTSTK,APOLLOTYRE,55.0,CE,0.0,0.0,0.0,24.5,34.75,0,0.0,0
2012-08-16,2012-09-27,OPTSTK,APOLLOTYRE,60.0,CE,0.0,0.0,0.0,20.1,29.8,0,0.0,0
2012-08-16,2012-09-27,OPTSTK,APOLLOTYRE,65.0,CE,0.0,0.0,0.0,16.1,24.85,0,0.0,0
2012-08-16,2012-09-27,OPTSTK,APOLLOTYRE,70.0,CE,0.0,0.0,0.0,12.55,20.0,0,0.0,0
2012-08-16,2012-09-27,OPTSTK,APOLLOTYRE,75.0,CE,0.0,0.0,0.0,9.5,15.3,0,0.0,0
2012-08-16,2012-09-27,OPTSTK,APOLLOTYRE,80.0,CE,0.0,0.0,0.0,7.05,11.0,0,0.0,0
2012-08-16,2012-09-27,OPTSTK,APOLLOTYRE,85.0,CE,0.0,0.0,0.0,5.15,7.35,0,0.0,0
2012-08-16,2012-09-27,OPTSTK,APOLLOTYRE,90.0,CE,4.0,4.0,4.0,4.0,4.0,1,3.76,4000
2012-08-16,2012-09-27,OPTSTK,APOLLOTYRE,95.0,CE,0.0,0.0,0.0,2.55,2.6,0,0.0,0
2012-08-16,2012-09-27,OPTSTK,APOLLOTYRE,100.0,CE,0.0,0.0,0.0,1.75,1.35,0,0.0,0
2012-08-16,2012-09-27,OPTSTK,APOLLOTYRE,105.0,CE,0.0,0.0,0.0,1.2,0.65,0,0.0,0
2012-08-16,2012-09-27,OPTSTK,APOLLOTYRE,110.0,CE,0.0,0.0,0.0,0.8,0.3,0,0.0,0
2012-08-16,2012-09-27,OPTSTK,APOLLOTYRE,115.0,CE,0.0,0.0,0.0,0.55,0.15,0,0.0,0
2012-08-16,2012-09-27,OPTSTK,APOLLOTYRE,120.0,CE,0.0,0.0,0.0,0.35,0.05,0,0.0,0
2012-08-16,2012-09-27,OPTSTK,APOLLOTYRE,40.0,PE,0.0,0.0,0.0,0.05,0.0,0,0.0,0
2012-08-16,2012-09-27,OPTSTK,APOLLOTYRE,45.0,PE,0.0,0.0,0.0,0.05,0.0,0,0.0,0
2012-08-16,2012-09-27,OPTSTK,APOLLOTYRE,50.0,PE,0.0,0.0,0.0,0.15,0.0,0,0.0,0
2012-08-16,2012-09-27,OPTSTK,APOLLOTYRE,55.0,PE,0.0,0.0,0.0,0.35,0.0,0,0.0,0
2012-08-16,2012-09-27,OPTSTK,APOLLOTYRE,60.0,PE,0.0,0.0,0.0,0.85,0.0,0,0.0,0
2012-08-16,2012-09-27,OPTSTK,APOLLOTYRE,65.0,PE,0.0,0.0,0.0,1.7,0.05,0,0.0,0
2012-08-16,2012-09-27,OPTSTK,APOLLOTYRE,70.0,PE,0.0,0.0,0.0,3.05,0.1,0,0.0,0
2012-08-16,2012-09-27,OPTSTK,APOLLOTYRE,75.0,PE,0.0,0.0,0.0,4.95,0.35,0,0.0,0
2012-08-16,2012-09-27,OPTSTK,APOLLOTYRE,80.0,PE,0.0,0.0,0.0,7.35,1.0,0,0.0,0
2012-08-16,2012-09-27,OPTSTK,APOLLOTYRE,85.0,PE,0.0,0.0,0.0,10.3,2.3,0,0.0,0
2012-08-16,2012-09-27,OPTSTK,APOLLOTYRE,90.0,PE,0.0,0.0,0.0,13.7,4.45,0,0.0,0
2012-08-16,2012-09-27,OPTSTK,APOLLOTYRE,95.0,PE,0.0,0.0,0.0,17.5,7.45,0,0.0,0
2012-08-16,2012-09-27,OPTSTK,APOLLOTYRE,100.0,PE,0.0,0.0,0.0,21.6,11.2,0,0.0,0
2012-08-16,2012-09-27,OPTSTK,APOLLOTYRE,105.0,PE,0.0,0.0,0.0,25.9,15.45,0,0.0,0
2012-08-16,2012-09-27,OPTSTK,APOLLOTYRE,110.0,PE,0.0,0.0,0.0,30.4,20.05,0,0.0,0
2012-08-16,2012-09-27,OPTSTK,APOLLOTYRE,115.0,PE,0.0,0.0,0.0,35.0,24.8,0,0.0,0
2012-08-16,2012-09-27,OPTSTK,APOLLOTYRE,120.0,PE,0.0,0.0,0.0,39.7,29.7,0,0.0,0
2012-08-16,2012-10-25,OPTSTK,APOLLOTYRE,40.0,CE,0.0,0.0,0.0,41.15,49.85,0,0.0,0
2012-08-16,2012-10-25,OPTSTK,APOLLOTYRE,45.0,CE,0.0,0.0,0.0,36.25,44.95,0,0.0,0
2012-08-16,2012-10-25,OPTSTK,APOLLOTYRE,50.0,CE,0.0,0.0,0.0,31.35,40.05,0,0.0,0
2012-08-16,2012-10-25,OPTSTK,APOLLOTYRE,55.0,CE,0.0,0.0,0.0,26.5,35.1,0,0.0,0
2012-08-16,2012-10-25,OPTSTK,APOLLOTYRE,60.0,CE,0.0,0.0,0.0,21.75,30.2,0,0.0,0
2012-08-16,2012-10-25,OPTSTK,APOLLOTYRE,65.0,CE,0.0,0.0,0.0,17.25,25.4,0,0.0,0
2012-08-16,2012-10-25,OPTSTK,APOLLOTYRE,70.0,CE,0.0,0.0,0.0,13.1,20.65,0,0.0,0
2012-08-16,2012-10-25,OPTSTK,APOLLOTYRE,75.0,CE,0.0,0.0,0.0,9.55,16.25,0,0.0,0
2012-08-16,2012-10-25,OPTSTK,APOLLOTYRE,80.0,CE,0.0,0.0,0.0,6.65,12.25,0,0.0,0
2012-08-16,2012-10-25,OPTSTK,APOLLOTYRE,85.0,CE,0.0,0.0,0.0,4.4,8.85,0,0.0,0
2012-08-16,2012-10-25,OPTSTK,APOLLOTYRE,90.0,CE,0.0,0.0,0.0,2.8,6.1,0,0.0,0
2012-08-16,2012-10-25,OPTSTK,APOLLOTYRE,95.0,CE,0.0,0.0,0.0,1.75,4.05,0,0.0,0
2012-08-16,2012-10-25,OPTSTK,APOLLOTYRE,100.0,CE,0.0,0.0,0.0,1.05,2.6,0,0.0,0
2012-08-16,2012-10-25,OPTSTK,APOLLOTYRE,105.0,CE,0.0,0.0,0.0,0.6,1.6,0,0.0,0
2012-08-16,2012-10-25,OPTSTK,APOLLOTYRE,110.0,CE,0.0,0.0,0.0,0.35,0.95,0,0.0,0
2012-08-16,2012-10-25,OPTSTK,APOLLOTYRE,115.0,CE,0.0,0.0,0.0,0.2,0.55,0,0.0,0
2012-08-16,2012-10-25,OPTSTK,APOLLOTYRE,120.0,CE,0.0,0.0,0.0,0.1,0.3,0,0.0,0
2012-08-16,2012-10-25,OPTSTK,APOLLOTYRE,40.0,PE,0.0,0.0,0.0,0.05,0.0,0,0.0,0
2012-08-16,2012-10-25,OPTSTK,APOLLOTYRE,45.0,PE,0.0,0.0,0.0,0.05,0.0,0,0.0,0
2012-08-16,2012-10-25,OPTSTK,APOLLOTYRE,50.0,PE,0.0,0.0,0.0,0.05,0.0,0,0.0,0
2012-08-16,2012-10-25,OPTSTK,APOLLOTYRE,55.0,PE,0.0,0.0,0.0,0.05,0.0,0,0.0,0
2012-08-16,2012-10-25,OPTSTK,APOLLOTYRE,60.0,PE,0.0,0.0,0.0,0.2,0.05,0,0.0,0
2012-08-16,2012-10-25,OPTSTK,APOLLOTYRE,65.0,PE,0.0,0.0,0.0,0.55,0.1,0,0.0,0
2012-08-16,2012-10-25,OPTSTK,APOLLOTYRE,70.0,PE,0.0,0.0,0.0,1.3,0.3,0,0.0,0
2012-08-16,2012-10-25,OPTSTK,APOLLOTYRE,75.0,PE,0.0,0.0,0.0,2.65,0.8,0,0.0,0
2012-08-16,2012-10-25,OPTSTK,APOLLOTYRE,80.0,PE,0.0,0.0,0.0,4.6,1.75,0,0.0,0
2012-08-16,2012-10-25,OPTSTK,APOLLOTYRE,85.0,PE,0.0,0.0,0.0,7.3,3.25,0,0.0,0
2012-08-16,2012-10-25,OPTSTK,APOLLOTYRE,90.0,PE,0.0,0.0,0.0,10.55,5.4,0,0.0,0
2012-08-16,2012-10-25,OPTSTK,APOLLOTYRE,95.0,PE,0.0,0.0,0.0,14.4,8.25,0,0.0,0
2012-08-16,2012-10-25,OPTSTK,APOLLOTYRE,100.0,PE,0.0,0.0,0.0,18.55,11.7,0,0.0,0
2012-08-16,2012-10-25,OPTSTK,APOLLOTYRE,105.0,PE,0.0,0.0,0.0,23.0,15.65,0,0.0,0
2012-08-16,2012-10-25,OPTSTK,APOLLOTYRE,110.0,PE,0.0,0.0,0.0,27.65,19.9,0,0.0,0
2012-08-16,2012-10-25,OPTSTK,APOLLOTYRE,115.0,PE,0.0,0.0,0.0,32.4,24.4,0,0.0,0
2012-08-16,2012-10-25,OPTSTK,APOLLOTYRE,120.0,PE,0.0,0.0,0.0,37.2,29.1,0,0.0,0
2012-08-16,2012-08-30,OPTSTK,ARVIND,40.0,CE,0.0,0.0,0.0,38.55,31.65,0,0.0,0
2012-08-16,2012-08-30,OPTSTK,ARVIND,45.0,CE,0.0,0.0,0.0,33.75,26.65,0,0.0,0
2012-08-16,2012-08-30,OPTSTK,ARVIND,50.0,CE,0.0,0.0,0.0,29.15,21.7,0,0.0,0
2012-08-16,2012-08-30,OPTSTK,ARVIND,55.0,CE,0.0,0.0,0.0,24.8,16.7,0,0.0,0
2012-08-16,2012-08-30,OPTSTK,ARVIND,60.0,CE,0.0,0.0,0.0,20.7,11.7,0,0.0,0
2012-08-16,2012-08-30,OPTSTK,ARVIND,65.0,CE,0.0,0.0,0.0,6.4,6.85,0,0.0,12000
2012-08-16,2012-08-30,OPTSTK,ARVIND,70.0,CE,3.95,3.95,3.95,3.95,3.95,1,2.95,64000
2012-08-16,2012-08-30,OPTSTK,ARVIND,75.0,CE,1.25,1.4,0.85,0.95,0.95,21,63.93,176000
2012-08-16,2012-08-30,OPTSTK,ARVIND,80.0,CE,0.35,0.35,0.35,0.35,0.35,3,9.64,92000
2012-08-16,2012-08-30,OPTSTK,ARVIND,85.0,CE,0.2,0.2,0.15,0.15,0.15,3,10.22,16000
2012-08-16,2012-08-30,OPTSTK,ARVIND,90.0,CE,0.0,0.0,0.0,0.9,0.0,0,0.0,0
2012-08-16,2012-08-30,OPTSTK,ARVIND,95.0,CE,0.0,0.0,0.0,4.1,0.0,0,0.0,0
2012-08-16,2012-08-30,OPTSTK,ARVIND,100.0,CE,0.0,0.0,0.0,3.1,0.0,0,0.0,0
2012-08-16,2012-08-30,OPTSTK,ARVIND,105.0,CE,0.0,0.0,0.0,2.35,0.0,0,0.0,0
2012-08-16,2012-08-30,OPTSTK,ARVIND,110.0,CE,0.0,0.0,0.0,1.8,0.0,0,0.0,0
2012-08-16,2012-08-30,OPTSTK,ARVIND,115.0,CE,0.0,0.0,0.0,1.35,0.0,0,0.0,0
2012-08-16,2012-08-30,OPTSTK,ARVIND,120.0,CE,0.0,0.0,0.0,1.0,0.0,0,0.0,0
2012-08-16,2012-08-30,OPTSTK,ARVIND,125.0,CE,0.0,0.0,0.0,0.75,0.0,0,0.0,0
2012-08-16,2012-08-30,OPTSTK,ARVIND,130.0,CE,0.0,0.0,0.0,0.55,0.0,0,0.0,0
2012-08-16,2012-08-30,OPTSTK,ARVIND,40.0,PE,0.0,0.0,0.0,0.05,0.0,0,0.0,0
2012-08-16,2012-08-30,OPTSTK,ARVIND,45.0,PE,0.0,0.0,0.0,0.2,0.0,0,0.0,0
2012-08-16,2012-08-30,OPTSTK,ARVIND,50.0,PE,0.0,0.0,0.0,0.45,0.0,0,0.0,0
2012-08-16,2012-08-30,OPTSTK,ARVIND,55.0,PE,0.0,0.0,0.0,0.95,0.0,0,0.0,0
2012-08-16,2012-08-30,OPTSTK,ARVIND,60.0,PE,0.0,0.0,0.0,0.7,0.0,0,0.0,12000
2012-08-16,2012-08-30,OPTSTK,ARVIND,65.0,PE,0.3,0.3,0.25,0.25,0.25,2,5.22,144000
2012-08-16,2012-08-30,OPTSTK,ARVIND,70.0,PE,0.0,0.0,0.0,1.35,1.05,0,0.0,60000
2012-08-16,2012-08-30,OPTSTK,ARVIND,75.0,PE,0.0,0.0,0.0,6.6,3.9,0,0.0,12000
2012-08-16,2012-08-30,OPTSTK,ARVIND,80.0,PE,0.0,0.0,0.0,9.75,8.35,0,0.0,8000
2012-08-16,2012-08-30,OPTSTK,ARVIND,85.0,PE,0.0,0.0,0.0,12.3,13.25,0,0.0,0
2012-08-16,2012-08-30,OPTSTK,ARVIND,90.0,PE,0.0,0.0,0.0,15.65,18.2,0,0.0,0
2012-08-16,2012-08-30,OPTSTK,ARVIND,95.0,PE,0.0,0.0,0.0,19.3,23.2,0,0.0,0
2012-08-16,2012-08-30,OPTSTK,ARVIND,100.0,PE,0.0,0.0,0.0,23.2,28.2,0,0.0,0
2012-08-16,2012-08-30,OPTSTK,ARVIND,105.0,PE,0.0,0.0,0.0,27.35,33.15,0,0.0,0
2012-08-16,2012-08-30,OPTSTK,ARVIND,110.0,PE,0.0,0.0,0.0,31.65,38.15,0,0.0,0
2012-08-16,2012-08-30,OPTSTK,ARVIND,115.0,PE,0.0,0.0,0.0,36.05,43.15,0,0.0,0
2012-08-16,2012-08-30,OPTSTK,ARVIND,120.0,PE,0.0,0.0,0.0,40.6,48.1,0,0.0,0
2012-08-16,2012-08-30,OPTSTK,ARVIND,125.0,PE,0.0,0.0,0.0,45.25,53.1,0,0.0,0
2012-08-16,2012-08-30,OPTSTK,ARVIND,130.0,PE,0.0,0.0,0.0,49.95,58.1,0,0.0,0
2012-08-16,2012-09-27,OPTSTK,ARVIND,40.0,CE,0.0,0.0,0.0,33.5,31.95,0,0.0,0
2012-08-16,2012-09-27,OPTSTK,ARVIND,45.0,CE,0.0,0.0,0.0,28.7,27.0,0,0.0,0
2012-08-16,2012-09-27,OPTSTK,ARVIND,50.0,CE,0.0,0.0,0.0,24.0,22.05,0,0.0,0
2012-08-16,2012-09-27,OPTSTK,ARVIND,55.0,CE,0.0,0.0,0.0,19.55,17.1,0,0.0,0
2012-08-16,2012-09-27,OPTSTK,ARVIND,60.0,CE,0.0,0.0,0.0,15.5,12.25,0,0.0,0
2012-08-16,2012-09-27,OPTSTK,ARVIND,65.0,CE,0.0,0.0,0.0,11.95,7.85,0,0.0,0
2012-08-16,2012-09-27,OPTSTK,ARVIND,70.0,CE,0.0,0.0,0.0,8.95,4.35,0,0.0,0
2012-08-16,2012-09-27,OPTSTK,ARVIND,75.0,CE,0.0,0.0,0.0,6.55,2.0,0,0.0,0
2012-08-16,2012-09-27,OPTSTK,ARVIND,80.0,CE,0.0,0.0,0.0,4.65,0.8,0,0.0,0
2012-08-16,2012-09-27,OPTSTK,ARVIND,85.0,CE,0.0,0.0,0.0,3.25,0.3,0,0.0,0
2012-08-16,2012-09-27,OPTSTK,ARVIND,90.0,CE,0.0,0.0,0.0,2.25,0.1,0,0.0,0
2012-08-16,2012-09-27,OPTSTK,ARVIND,95.0,CE,0.0,0.0,0.0,1.5,0.05,0,0.0,0
2012-08-16,2012-09-27,OPTSTK,ARVIND,100.0,CE,0.0,0.0,0.0,1.0,0.0,0,0.0,0
2012-08-16,2012-09-27,OPTSTK,ARVIND,105.0,CE,0.0,0.0,0.0,0.65,0.0,0,0.0,0
2012-08-16,2012-09-27,OPTSTK,ARVIND,110.0,CE,0.0,0.0,0.0,0.45,0.0,0,0.0,0
2012-08-16,2012-09-27,OPTSTK,ARVIND,115.0,CE,0.0,0.0,0.0,0.3,0.0,0,0.0,0
2012-08-16,2012-09-27,OPTSTK,ARVIND,120.0,CE,0.0,0.0,0.0,0.2,0.0,0,0.0,0
2012-08-16,2012-09-27,OPTSTK,ARVIND,125.0,CE,0.0,0.0,0.0,0.15,0.0,0,0.0,0
2012-08-16,2012-09-27,OPTSTK,ARVIND,40.0,PE,0.0,0.0,0.0,0.05,0.0,0,0.0,0
2012-08-16,2012-09-27,OPTSTK,ARVIND,45.0,PE,0.0,0.0,0.0,0.1,0.0,0,0.0,0
2012-08-16,2012-09-27,OPTSTK,ARVIND,50.0,PE,0.0,0.0,0.0,0.3,0.0,0,0.0,0
2012-08-16,2012-09-27,OPTSTK,ARVIND,55.0,PE,0.0,0.0,0.0,0.75,0.05,0,0.0,0
2012-08-16,2012-09-27,OPTSTK,ARVIND,60.0,PE,0.0,0.0,0.0,1.55,0.15,0,0.0,0
2012-08-16,2012-09-27,OPTSTK,ARVIND,65.0,PE,0.0,0.0,0.0,2.9,0.7,0,0.0,0
2012-08-16,2012-09-27,OPTSTK,ARVIND,70.0,PE,0.0,0.0,0.0,4.75,2.1,0,0.0,0
2012-08-16,2012-09-27,OPTSTK,ARVIND,75.0,PE,0.0,0.0,0.0,7.25,4.75,0,0.0,0
2012-08-16,2012-09-27,OPTSTK,ARVIND,80.0,PE,0.0,0.0,0.0,10.25,8.45,0,0.0,0
2012-08-16,2012-09-27,OPTSTK,ARVIND,85.0,PE,0.0,0.0,0.0,13.75,12.9,0,0.0,0
2012-08-16,2012-09-27,OPTSTK,ARVIND,90.0,PE,0.0,0.0,0.0,17.6,17.65,0,0.0,0
2012-08-16,2012-09-27,OPTSTK,ARVIND,95.0,PE,0.0,0.0,0.0,21.75,22.55,0,0.0,0
2012-08-16,2012-09-27,OPTSTK,ARVIND,100.0,PE,0.0,0.0,0.0,26.15,27.5,0,0.0,0
2012-08-16,2012-09-27,OPTSTK,ARVIND,105.0,PE,0.0,0.0,0.0,30.7,32.45,0,0.0,0
2012-08-16,2012-09-27,OPTSTK,ARVIND,110.0,PE,0.0,0.0,0.0,35.35,37.4,0,0.0,0
2012-08-16,2012-09-27,OPTSTK,ARVIND,115.0,PE,0.0,0.0,0.0,40.05,42.35,0,0.0,0
2012-08-16,2012-09-27,OPTSTK,ARVIND,120.0,PE,0.0,0.0,0.0,44.85,47.3,0,0.0,0
2012-08-16,2012-09-27,OPTSTK,ARVIND,125.0,PE,0.0,0.0,0.0,49.65,52.25,0,0.0,0
2012-08-16,2012-10-25,OPTSTK,ARVIND,40.0,CE,0.0,0.0,0.0,30.9,32.2,0,0.0,0
2012-08-16,2012-10-25,OPTSTK,ARVIND,45.0,CE,0.0,0.0,0.0,26.0,27.3,0,0.0,0
2012-08-16,2012-10-25,OPTSTK,ARVIND,50.0,CE,0.0,0.0,0.0,21.25,22.4,0,0.0,0
2012-08-16,2012-10-25,OPTSTK,ARVIND,55.0,CE,0.0,0.0,0.0,16.7,17.55,0,0.0,0
2012-08-16,2012-10-25,OPTSTK,ARVIND,60.0,CE,0.0,0.0,0.0,12.55,12.9,0,0.0,0
2012-08-16,2012-10-25,OPTSTK,ARVIND,65.0,CE,0.0,0.0,0.0,9.0,8.8,0,0.0,0
2012-08-16,2012-10-25,OPTSTK,ARVIND,70.0,CE,0.0,0.0,0.0,6.15,5.45,0,0.0,0
2012-08-16,2012-10-25,OPTSTK,ARVIND,75.0,CE,0.0,0.0,0.0,4.0,3.1,0,0.0,0
2012-08-16,2012-10-25,OPTSTK,ARVIND,80.0,CE,0.0,0.0,0.0,2.55,1.6,0,0.0,0
2012-08-16,2012-10-25,OPTSTK,ARVIND,85.0,CE,0.0,0.0,0.0,1.55,0.75,0,0.0,0
2012-08-16,2012-10-25,OPTSTK,ARVIND,90.0,CE,0.0,0.0,0.0,0.9,0.35,0,0.0,0
2012-08-16,2012-10-25,OPTSTK,ARVIND,95.0,CE,0.0,0.0,0.0,0.5,0.15,0,0.0,0
2012-08-16,2012-10-25,OPTSTK,ARVIND,100.0,CE,0.0,0.0,0.0,0.3,0.05,0,0.0,0
2012-08-16,2012-10-25,OPTSTK,ARVIND,105.0,CE,0.0,0.0,0.0,0.15,0.05,0,0.0,0
2012-08-16,2012-10-25,OPTSTK,ARVIND,110.0,CE,0.0,0.0,0.0,0.1,0.05,0,0.0,0
2012-08-16,2012-10-25,OPTSTK,ARVIND,115.0,CE,0.0,0.0,0.0,0.05,0.0,0,0.0,0
2012-08-16,2012-10-25,OPTSTK,ARVIND,120.0,CE,0.0,0.0,0.0,0.05,0.0,0,0.0,0
2012-08-16,2012-10-25,OPTSTK,ARVIND,40.0,PE,0.0,0.0,0.0,0.05,0.0,0,0.0,0
2012-08-16,2012-10-25,OPTSTK,ARVIND,45.0,PE,0.0,0.0,0.0,0.05,0.0,0,0.0,0
2012-08-16,2012-10-25,OPTSTK,ARVIND,50.0,PE,0.0,0.0,0.0,0.15,0.05,0,0.0,0
2012-08-16,2012-10-25,OPTSTK,ARVIND,55.0,PE,0.0,0.0,0.0,0.5,0.1,0,0.0,0
2012-08-16,2012-10-25,OPTSTK,ARVIND,60.0,PE,0.0,0.0,0.0,1.25,0.4,0,0.0,0
2012-08-16,2012-10-25,OPTSTK,ARVIND,65.0,PE,0.0,0.0,0.0,2.55,1.15,0,0.0,0
2012-08-16,2012-10-25,OPTSTK,ARVIND,70.0,PE,0.0,0.0,0.0,4.6,2.75,0,0.0,0
2012-08-16,2012-10-25,OPTSTK,ARVIND,75.0,PE,0.0,0.0,0.0,7.35,5.3,0,0.0,0
2012-08-16,2012-10-25,OPTSTK,ARVIND,80.0,PE,0.0,0.0,0.0,10.75,8.75,0,0.0,0
2012-08-16,2012-10-25,OPTSTK,ARVIND,85.0,PE,0.0,0.0,0.0,14.65,12.8,0,0.0,0
2012-08-16,2012-10-25,OPTSTK,ARVIND,90.0,PE,0.0,0.0,0.0,18.9,17.3,0,0.0,0
2012-08-16,2012-10-25,OPTSTK,ARVIND,95.0,PE,0.0,0.0,0.0,23.4,22.0,0,0.0,0
2012-08-16,2012-10-25,OPTSTK,ARVIND,100.0,PE,0.0,0.0,0.0,28.05,26.85,0,0.0,0
2012-08-16,2012-10-25,OPTSTK,ARVIND,105.0,PE,0.0,0.0,0.0,32.85,31.75,0,0.0,0
2012-08-16,2012-10-25,OPTSTK,ARVIND,110.0,PE,0.0,0.0,0.0,37.65,36.65,0,0.0,0
2012-08-16,2012-10-25,OPTSTK,ARVIND,115.0,PE,0.0,0.0,0.0,42.5,41.55,0,0.0,0
2012-08-16,2012-10-25,OPTSTK,ARVIND,120.0,PE,0.0,0.0,0.0,47.35,46.45,0,0.0,0
2012-08-16,2012-08-30,OPTSTK,ASHOKLEY,7.5,CE,0.0,0.0,0.0,17.7,15.3,0,0.0,0
2012-08-16,2012-08-30,OPTSTK,ASHOKLEY,10.0,CE,0.0,0.0,0.0,15.25,12.8,0,0.0,0
2012-08-16,2012-08-30,OPTSTK,ASHOKLEY,12.5,CE,0.0,0.0,0.0,12.8,10.3,0,0.0,0
2012-08-16,2012-08-30,OPTSTK,ASHOKLEY,15.0,CE,0.0,0.0,0.0,10.4,7.8,0,0.0,0
2012-08-16,2012-08-30,OPTSTK,ASHOKLEY,17.5,CE,0.0,0.0,0.0,8.0,5.35,0,0.0,0
2012-08-16,2012-08-30,OPTSTK,ASHOKLEY,20.0,CE,0.0,0.0,0.0,3.35,2.85,0,0.0,32000
2012-08-16,2012-08-30,OPTSTK,ASHOKLEY,22.5,CE,1.2,1.2,0.75,0.8,0.8,11,20.58,760000
2012-08-16,2012-08-30,OPTSTK,ASHOKLEY,25.0,CE,0.2,0.2,0.1,0.15,0.15,11,22.14,2544000
2012-08-16,2012-08-30,OPTSTK,ASHOKLEY,27.5,CE,0.05,0.05,0.05,0.05,0.05,1,2.2,736000
2012-08-16,2012-08-30,OPTSTK,ASHOKLEY,30.0,CE,0.0,0.0,0.0,0.05,0.0,0,0.0,256000
2012-08-16,2012-08-30,OPTSTK,ASHOKLEY,32.5,CE,0.0,0.0,0.0,0.35,0.0,0,0.0,0
2012-08-16,2012-08-30,OPTSTK,ASHOKLEY,35.0,CE,0.0,0.0,0.0,0.2,0.0,0,0.0,0
2012-08-16,2012-08-30,OPTSTK,ASHOKLEY,37.5,CE,0.0,0.0,0.0,0.1,0.0,0,0.0,0
2012-08-16,2012-08-30,OPTSTK,ASHOKLEY,40.0,CE,0.0,0.0,0.0,0.05,0.0,0,0.0,0
2012-08-16,2012-08-30,OPTSTK,ASHOKLEY,42.5,CE,0.0,0.0,0.0,0.05,0.0,0,0.0,0
2012-08-16,2012-08-30,OPTSTK,ASHOKLEY,45.0,CE,0.0,0.0,0.0,0.05,0.0,0,0.0,0
2012-08-16,2012-08-30,OPTSTK,ASHOKLEY,7.5,PE,0.0,0.0,0.0,0.05,0.0,0,0.0,0
2012-08-16,2012-08-30,OPTSTK,ASHOKLEY,10.0,PE,0.0,0.0,0.0,0.05,0.0,0,0.0,0
2012-08-16,2012-08-30,OPTSTK,ASHOKLEY,12.5,PE,0.0,0.0,0.0,0.05,0.0,0,0.0,0
2012-08-16,2012-08-30,OPTSTK,ASHOKLEY,15.0,PE,0.0,0.0,0.0,0.05,0.0,0,0.0,0
2012-08-16,2012-08-30,OPTSTK,ASHOKLEY,17.5,PE,0.0,0.0,0.0,0.05,0.0,0,0.0,104000
2012-08-16,2012-08-30,OPTSTK,ASHOKLEY,20.0,PE,0.05,0.05,0.05,0.05,0.05,2,3.2,496000
2012-08-16,2012-08-30,OPTSTK,ASHOKLEY,22.5,PE,0.45,0.5,0.45,0.5,0.5,8,14.69,544000
2012-08-16,2012-08-30,OPTSTK,ASHOKLEY,25.0,PE,0.0,0.0,0.0,2.25,2.25,0,0.0,88000
2012-08-16,2012-08-30,OPTSTK,ASHOKLEY,27.5,PE,0.0,0.0,0.0,3.2,4.7,0,0.0,0
2012-08-16,2012-08-30,OPTSTK,ASHOKLEY,30.0,PE,0.0,0.0,0.0,5.0,7.15,0,0.0,0
2012-08-16,2012-08-30,OPTSTK,ASHOKLEY,32.5,PE,0.0,0.0,0.0,7.1,9.65,0,0.0,0
2012-08-16,2012-08-30,OPTSTK,ASHOKLEY,35.0,PE,0.0,0.0,0.0,9.35,12.15,0,0.0,0
2012-08-16,2012-08-30,OPTSTK,ASHOKLEY,37.5,PE,0.0,0.0,0.0,11.7,14.65,0,0.0,0
2012-08-16,2012-08-30,OPTSTK,ASHOKLEY,40.0,PE,0.0,0.0,0.0,14.1,17.15,0,0.0,0
2012-08-16,2012-08-30,OPTSTK,ASHOKLEY,42.5,PE,0.0,0.0,0.0,16.5,19.65,0,0.0,0
2012-08-16,2012-08-30,OPTSTK,ASHOKLEY,45.0,PE,0.0,0.0,0.0,18.95,22.1,0,0.0,0
2012-08-16,2012-09-27,OPTSTK,ASHOKLEY,7.5,CE,0.0,0.0,0.0,17.4,15.35,0,0.0,0
2012-08-16,2012-09-27,OPTSTK,ASHOKLEY,10.0,CE,0.0,0.0,0.0,14.95,12.85,0,0.0,0
2012-08-16,2012-09-27,OPTSTK,ASHOKLEY,12.5,CE,0.0,0.0,0.0,12.5,10.4,0,0.0,0
2012-08-16,2012-09-27,OPTSTK,ASHOKLEY,15.0,CE,0.0,0.0,0.0,10.05,7.95,0,0.0,0
2012-08-16,2012-09-27,OPTSTK,ASHOKLEY,17.5,CE,0.0,0.0,0.0,7.65,5.45,0,0.0,0
2012-08-16,2012-09-27,OPTSTK,ASHOKLEY,20.0,CE,0.0,0.0,0.0,5.3,3.15,0,0.0,0
2012-08-16,2012-09-27,OPTSTK,ASHOKLEY,22.5,CE,0.0,0.0,0.0,3.25,1.35,0,0.0,0
2012-08-16,2012-09-27,OPTSTK,ASHOKLEY,25.0,CE,0.0,0.0,0.0,1.75,0.45,0,0.0,0
2012-08-16,2012-09-27,OPTSTK,ASHOKLEY,27.5,CE,0.0,0.0,0.0,0.8,0.1,0,0.0,0
2012-08-16,2012-09-27,OPTSTK,ASHOKLEY,30.0,CE,0.0,0.0,0.0,0.35,0.05,0,0.0,0
2012-08-16,2012-09-27,OPTSTK,ASHOKLEY,32.5,CE,0.0,0.0,0.0,0.15,0.0,0,0.0,0
2012-08-16,2012-09-27,OPTSTK,ASHOKLEY,35.0,CE,0.0,0.0,0.0,0.05,0.0,0,0.0,0
2012-08-16,2012-09-27,OPTSTK,ASHOKLEY,37.5,CE,0.0,0.0,0.0,0.05,0.0,0,0.0,0
2012-08-16,2012-09-27,OPTSTK,ASHOKLEY,40.0,CE,0.0,0.0,0.0,0.05,0.0,0,0.0,0
2012-08-16,2012-09-27,OPTSTK,ASHOKLEY,42.5,CE,0.0,0.0,0.0,0.05,0.0,0,0.0,0
2012-08-16,2012-09-27,OPTSTK,ASHOKLEY,45.0,CE,0.0,0.0,0.0,0.05,0.0,0,0.0,0
2012-08-16,2012-09-27,OPTSTK,ASHOKLEY,7.5,PE,0.0,0.0,0.0,0.05,0.0,0,0.0,0
2012-08-16,2012-09-27,OPTSTK,ASHOKLEY,10.0,PE,0.0,0.0,0.0,0.05,0.0,0,0.0,0
2012-08-16,2012-09-27,OPTSTK,ASHOKLEY,12.5,PE,0.0,0.0,0.0,0.05,0.0,0,0.0,0
2012-08-16,2012-09-27,OPTSTK,ASHOKLEY,15.0,PE,0.0,0.0,0.0,0.05,0.0,0,0.0,0
2012-08-16,2012-09-27,OPTSTK,ASHOKLEY,17.5,PE,0.0,0.0,0.0,0.05,0.05,0,0.0,0
2012-08-16,2012-09-27,OPTSTK,ASHOKLEY,20.0,PE,0.0,0.0,0.0,0.15,0.2,0,0.0,0
2012-08-16,2012-09-27,OPTSTK,ASHOKLEY,22.5,PE,0.0,0.0,0.0,0.55,0.9,0,0.0,0
2012-08-16,2012-09-27,OPTSTK,ASHOKLEY,25.0,PE,0.0,0.0,0.0,1.45,2.45,0,0.0,0
2012-08-16,2012-09-27,OPTSTK,ASHOKLEY,27.5,PE,0.0,0.0,0.0,3.0,4.6,0,0.0,0
2012-08-16,2012-09-27,OPTSTK,ASHOKLEY,30.0,PE,0.0,0.0,0.0,4.95,7.0,0,0.0,0
2012-08-16,2012-09-27,OPTSTK,ASHOKLEY,32.5,PE,0.0,0.0,0.0,7.2,9.45,0,0.0,0
2012-08-16,2012-09-27,OPTSTK,ASHOKLEY,35.0,PE,0.0,0.0,0.0,9.55,11.9,0,0.0,0
2012-08-16,2012-09-27,OPTSTK,ASHOKLEY,37.5,PE,0.0,0.0,0.0,11.95,14.4,0,0.0,0
2012-08-16,2012-09-27,OPTSTK,ASHOKLEY,40.0,PE,0.0,0.0,0.0,14.4,16.85,0,0.0,0
2012-08-16,2012-09-27,OPTSTK,ASHOKLEY,42.5,PE,0.0,0.0,0.0,16.85,19.35,0,0.0,0
2012-08-16,2012-09-27,OPTSTK,ASHOKLEY,45.0,PE,0.0,0.0,0.0,19.25,21.8,0,0.0,0
2012-08-16,2012-10-25,OPTSTK,ASHOKLEY,7.5,CE,0.0,0.0,0.0,13.9,15.4,0,0.0,0
2012-08-16,2012-10-25,OPTSTK,ASHOKLEY,10.0,CE,0.0,0.0,0.0,11.45,12.95,0,0.0,0
2012-08-16,2012-10-25,OPTSTK,ASHOKLEY,12.5,CE,0.0,0.0,0.0,9.0,10.5,0,0.0,0
2012-08-16,2012-10-25,OPTSTK,ASHOKLEY,15.0,CE,0.0,0.0,0.0,6.6,8.05,0,0.0,0
2012-08-16,2012-10-25,OPTSTK,ASHOKLEY,17.5,CE,0.0,0.0,0.0,4.45,5.6,0,0.0,0
2012-08-16,2012-10-25,OPTSTK,ASHOKLEY,20.0,CE,0.0,0.0,0.0,2.7,3.4,0,0.0,0
2012-08-16,2012-10-25,OPTSTK,ASHOKLEY,22.5,CE,0.0,0.0,0.0,1.45,1.75,0,0.0,0
2012-08-16,2012-10-25,OPTSTK,ASHOKLEY,25.0,CE,0.0,0.0,0.0,0.75,0.75,0,0.0,0
2012-08-16,2012-10-25,OPTSTK,ASHOKLEY,27.5,CE,0.0,0.0,0.0,0.35,0.3,0,0.0,0
2012-08-16,2012-10-25,OPTSTK,ASHOKLEY,30.0,CE,0.0,0.0,0.0,0.15,0.1,0,0.0,0
2012-08-16,2012-10-25,OPTSTK,ASHOKLEY,32.5,CE,0.0,0.0,0.0,0.1,0.05,0,0.0,0
2012-08-16,2012-10-25,OPTSTK,ASHOKLEY,35.0,CE,0.0,0.0,0.0,0.05,0.05,0,0.0,0
2012-08-16,2012-10-25,OPTSTK,ASHOKLEY,37.5,CE,0.0,0.0,0.0,0.05,0.0,0,0.0,0
2012-08-16,2012-10-25,OPTSTK,ASHOKLEY,40.0,CE,0.0,0.0,0.0,0.05,0.0,0,0.0,0
2012-08-16,2012-10-25,OPTSTK,ASHOKLEY,42.5,CE,0.0,0.0,0.0,0.05,0.0,0,0.0,0
2012-08-16,2012-10-25,OPTSTK,ASHOKLEY,45.0,CE,0.0,0.0,0.0,0.05,0.0,0,0.0,0
2012-08-16,2012-10-25,OPTSTK,ASHOKLEY,7.5,PE,0.0,0.0,0.0,0.05,0.0,0,0.0,0
2012-08-16,2012-10-25,OPTSTK,ASHOKLEY,10.0,PE,0.0,0.0,0.0,0.05,0.0,0,0.0,0
2012-08-16,2012-10-25,OPTSTK,ASHOKLEY,12.5,PE,0.0,0.0,0.0,0.05,0.0,0,0.0,0
2012-08-16,2012-10-25,OPTSTK,ASHOKLEY,15.0,PE,0.0,0.0,0.0,0.1,0.0,0,0.0,0
2012-08-16,2012-10-25,OPTSTK,ASHOKLEY,17.5,PE,0.0,0.0,0.0,0.35,0.05,0,0.0,0
2012-08-16,2012-10-25,OPTSTK,ASHOKLEY,20.0,PE,0.0,0.0,0.0,1.0,0.35,0,0.0,0
2012-08-16,2012-10-25,OPTSTK,ASHOKLEY,22.5,PE,0.0,0.0,0.0,2.25,1.1,0,0.0,0
2012-08-16,2012-10-25,OPTSTK,ASHOKLEY,25.0,PE,0.0,0.0,0.0,3.95,2.6,0,0.0,0
2012-08-16,2012-10-25,OPTSTK,ASHOKLEY,27.5,PE,0.0,0.0,0.0,6.0,4.55,0,0.0,0
2012-08-16,2012-10-25,OPTSTK,ASHOKLEY,30.0,PE,0.0,0.0,0.0,8.3,6.85,0,0.0,0
2012-08-16,2012-10-25,OPTSTK,ASHOKLEY,32.5,PE,0.0,0.0,0.0,10.65,9.25,0,0.0,0
2012-08-16,2012-10-25,OPTSTK,ASHOKLEY,35.0,PE,0.0,0.0,0.0,13.05,11.65,0,0.0,0
2012-08-16,2012-10-25,OPTSTK,ASHOKLEY,37.5,PE,0.0,0.0,0.0,15.5,14.15,0,0.0,0
2012-08-16,2012-10-25,OPTSTK,ASHOKLEY,40.0,PE,0.0,0.0,0.0,17.9,16.6,0,0.0,0
2012-08-16,2012-10-25,OPTSTK,ASHOKLEY,42.5,PE,0.0,0.0,0.0,20.35,19.05,0,0.0,0
2012-08-16,2012-10-25,OPTSTK,ASHOKLEY,45.0,PE,0.0,0.0,0.0,22.8,21.5,0,0.0,0
2012-08-16,2012-08-30,OPTSTK,ASIANPAINT,2950.0,CE,0.0,0.0,0.0,934.65,771.85,0,0.0,0
2012-08-16,2012-08-30,OPTSTK,ASIANPAINT,3000.0,CE,0.0,0.0,0.0,1101.5,722.0,0,0.0,0
2012-08-16,2012-08-30,OPTSTK,ASIANPAINT,3050.0,CE,0.0,0.0,0.0,1054.9,672.15,0,0.0,0
2012-08-16,2012-08-30,OPTSTK,ASIANPAINT,3100.0,CE,0.0,0.0,0.0,1008.75,622.35,0,0.0,0
2012-08-16,2012-08-30,OPTSTK,ASIANPAINT,3150.0,CE,0.0,0.0,0.0,963.1,572.55,0,0.0,0
2012-08-16,2012-08-30,OPTSTK,ASIANPAINT,3200.0,CE,0.0,0.0,0.0,918.1,522.8,0,0.0,0
2012-08-16,2012-08-30,OPTSTK,ASIANPAINT,3250.0,CE,0.0,0.0,0.0,873.8,473.15,0,0.0,0
2012-08-16,2012-08-30,OPTSTK,ASIANPAINT,3300.0,CE,0.0,0.0,0.0,830.2,423.75,0,0.0,0
2012-08-16,2012-08-30,OPTSTK,ASIANPAINT,3350.0,CE,0.0,0.0,0.0,787.45,374.85,0,0.0,0
2012-08-16,2012-08-30,OPTSTK,ASIANPAINT,3400.0,CE,0.0,0.0,0.0,745.65,326.8,0,0.0,0
2012-08-16,2012-08-30,OPTSTK,ASIANPAINT,3450.0,CE,0.0,0.0,0.0,704.75,280.05,0,0.0,0
2012-08-16,2012-08-30,OPTSTK,ASIANPAINT,3500.0,CE,0.0,0.0,0.0,317.5,235.4,0,0.0,625
2012-08-16,2012-08-30,OPTSTK,ASIANPAINT,3550.0,CE,0.0,0.0,0.0,150.0,193.45,0,0.0,250
2012-08-16,2012-08-30,OPTSTK,ASIANPAINT,3600.0,CE,0.0,0.0,0.0,180.0,155.1,0,0.0,500
2012-08-16,2012-08-30,OPTSTK,ASIANPAINT,3650.0,CE,0.0,0.0,0.0,142.0,121.0,0,0.0,250
2012-08-16,2012-08-30,OPTSTK,ASIANPAINT,3700.0,CE,0.0,0.0,0.0,94.7,91.7,0,0.0,2625
2012-08-16,2012-08-30,OPTSTK,ASIANPAINT,3750.0,CE,54.0,54.0,54.0,54.0,54.0,1,4.75,625
2012-08-16,2012-08-30,OPTSTK,ASIANPAINT,3800.0,CE,29.85,29.85,29.5,29.65,29.65,4,19.14,2875
2012-08-16,2012-08-30,OPTSTK,ASIANPAINT,3850.0,CE,17.0,17.0,16.0,16.0,16.0,2,9.66,375
2012-08-16,2012-08-30,OPTSTK,ASIANPAINT,3900.0,CE,15.0,15.0,8.0,8.65,8.65,15,73.32,2000
2012-08-16,2012-08-30,OPTSTK,ASIANPAINT,3950.0,CE,0.0,0.0,0.0,15.0,14.1,0,0.0,125
2012-08-16,2012-08-30,OPTSTK,ASIANPAINT,4000.0,CE,0.0,0.0,0.0,9.3,8.75,0,0.0,500
2012-08-16,2012-08-30,OPTSTK,ASIANPAINT,4050.0,CE,0.0,0.0,0.0,310.25,5.25,0,0.0,0
2012-08-16,2012-08-30,OPTSTK,ASIANPAINT,4100.0,CE,0.0,0.0,0.0,33.35,3.05,0,0.0,250
2012-08-16,2012-08-30,OPTSTK,ASIANPAINT,4150.0,CE,0.0,0.0,0.0,263.65,1.7,0,0.0,0
2012-08-16,2012-08-30,OPTSTK,ASIANPAINT,4200.0,CE,0.0,0.0,0.0,4.0,0.9,0,0.0,625
2012-08-16,2012-08-30,OPTSTK,ASIANPAINT,4250.0,CE,0.0,0.0,0.0,222.45,0.5,0,0.0,0
2012-08-16,2012-08-30,OPTSTK,ASIANPAINT,4300.0,CE,0.0,0.0,0.0,203.8,0.25,0,0.0,0
2012-08-16,2012-08-30,OPTSTK,ASIANPAINT,4350.0,CE,0.0,0.0,0.0,186.35,0.15,0,0.0,0
2012-08-16,2012-08-30,OPTSTK,ASIANPAINT,4400.0,CE,0.0,0.0,0.0,170.15,0.05,0,0.0,0
2012-08-16,2012-08-30,OPTSTK,ASIANPAINT,4450.0,CE,0.0,0.0,0.0,155.05,0.05,0,0.0,0
2012-08-16,2012-08-30,OPTSTK,ASIANPAINT,4500.0,CE,0.0,0.0,0.0,141.1,0.05,0,0.0,0
2012-08-16,2012-08-30,OPTSTK,ASIANPAINT,2950.0,PE,0.0,0.0,0.0,36.65,0.0,0,0.0,0
2012-08-16,2012-08-30,OPTSTK,ASIANPAINT,3000.0,PE,0.0,0.0,0.0,7.7,0.0,0,0.0,0
2012-08-16,2012-08-30,OPTSTK,ASIANPAINT,3050.0,PE,0.0,0.0,0.0,9.9,0.0,0,0.0,0
2012-08-16,2012-08-30,OPTSTK,ASIANPAINT,3100.0,PE,0.0,0.0,0.0,12.5,0.05,0,0.0,0
2012-08-16,2012-08-30,OPTSTK,ASIANPAINT,3150.0,PE,0.0,0.0,0.0,15.7,0.05,0,0.0,0
2012-08-16,2012-08-30,OPTSTK,ASIANPAINT,3200.0,PE,0.0,0.0,0.0,19.5,0.15,0,0.0,0
2012-08-16,2012-08-30,OPTSTK,ASIANPAINT,3250.0,PE,0.0,0.0,0.0,23.95,0.35,0,0.0,0
2012-08-16,2012-08-30,OPTSTK,ASIANPAINT,3300.0,PE,0.0,0.0,0.0,20.05,0.8,0,0.0,250
2012-08-16,2012-08-30,OPTSTK,ASIANPAINT,3350.0,PE,0.0,0.0,0.0,3.4,1.7,0,0.0,125
2012-08-16,2012-08-30,OPTSTK,ASIANPAINT,3400.0,PE,0.0,0.0,0.0,27.85,3.45,0,0.0,375
2012-08-16,2012-08-30,OPTSTK,ASIANPAINT,3450.0,PE,0.0,0.0,0.0,24.85,6.6,0,0.0,125
2012-08-16,2012-08-30,OPTSTK,ASIANPAINT,3500.0,PE,0.0,0.0,0.0,13.75,11.75,0,0.0,1250
2012-08-16,2012-08-30,OPTSTK,ASIANPAINT,3550.0,PE,0.0,0.0,0.0,47.5,19.65,0,0.0,125
2012-08-16,2012-08-30,OPTSTK,ASIANPAINT,3600.0,PE,0.0,0.0,0.0,10.0,31.1,0,0.0,1375
2012-08-16,2012-08-30,OPTSTK,ASIANPAINT,3650.0,PE,21.2,29.0,21.2,29.0,29.0,2,9.18,250
2012-08-16,2012-08-30,OPTSTK,ASIANPAINT,3700.0,PE,44.7,44.7,44.7,44.7,44.7,1,4.68,875
2012-08-16,2012-08-30,OPTSTK,ASIANPAINT,3750.0,PE,0.0,0.0,0.0,35.75,92.9,0,0.0,125
2012-08-16,2012-08-30,OPTSTK,ASIANPAINT,3800.0,PE,0.0,0.0,0.0,60.0,123.25,0,0.0,375
2012-08-16,2012-08-30,OPTSTK,ASIANPAINT,3850.0,PE,0.0,0.0,0.0,155.9,158.15,0,0.0,0
2012-08-16,2012-08-30,OPTSTK,ASIANPAINT,3900.0,PE,0.0,0.0,0.0,175.1,196.95,0,0.0,0
2012-08-16,2012-08-30,OPTSTK,ASIANPAINT,3950.0,PE,0.0,0.0,0.0,195.7,238.95,0,0.0,0
2012-08-16,2012-08-30,OPTSTK,ASIANPAINT,4000.0,PE,0.0,0.0,0.0,217.7,283.4,0,0.0,0
2012-08-16,2012-08-30,OPTSTK,ASIANPAINT,4050.0,PE,0.0,0.0,0.0,241.15,329.75,0,0.0,0
2012-08-16,2012-08-30,OPTSTK,ASIANPAINT,4100.0,PE,0.0,0.0,0.0,265.95,377.4,0,0.0,0
2012-08-16,2012-08-30,OPTSTK,ASIANPAINT,4150.0,PE,0.0,0.0,0.0,292.15,425.9,0,0.0,0
2012-08-16,2012-08-30,OPTSTK,ASIANPAINT,4200.0,PE,0.0,0.0,0.0,319.7,474.95,0,0.0,0
2012-08-16,2012-08-30,OPTSTK,ASIANPAINT,4250.0,PE,0.0,0.0,0.0,348.55,524.35,0,0.0,0
2012-08-16,2012-08-30,OPTSTK,ASIANPAINT,4300.0,PE,0.0,0.0,0.0,378.65,573.95,0,0.0,0
2012-08-16,2012-08-30,OPTSTK,ASIANPAINT,4350.0,PE,0.0,0.0,0.0,410.05,623.65,0,0.0,0
2012-08-16,2012-08-30,OPTSTK,ASIANPAINT,4400.0,PE,0.0,0.0,0.0,442.6,673.4,0,0.0,0
2012-08-16,2012-08-30,OPTSTK,ASIANPAINT,4450.0,PE,0.0,0.0,0.0,476.3,723.2,0,0.0,0
2012-08-16,2012-08-30,OPTSTK,ASIANPAINT,4500.0,PE,0.0,0.0,0.0,511.15,773.05,0,0.0,0
2012-08-16,2012-09-27,OPTSTK,ASIANPAINT,2950.0,CE,0.0,0.0,0.0,875.7,792.9,0,0.0,0
2012-08-16,2012-09-27,OPTSTK,ASIANPAINT,3000.0,CE,0.0,0.0,0.0,829.45,743.8,0,0.0,0
2012-08-16,2012-09-27,OPTSTK,ASIANPAINT,3050.0,CE,0.0,0.0,0.0,783.85,694.9,0,0.0,0
2012-08-16,2012-09-27,OPTSTK,ASIANPAINT,3100.0,CE,0.0,0.0,0.0,739.0,646.3,0,0.0,0
2012-08-16,2012-09-27,OPTSTK,ASIANPAINT,3150.0,CE,0.0,0.0,0.0,695.0,598.2,0,0.0,0
2012-08-16,2012-09-27,OPTSTK,ASIANPAINT,3200.0,CE,0.0,0.0,0.0,651.9,550.7,0,0.0,0
2012-08-16,2012-09-27,OPTSTK,ASIANPAINT,3250.0,CE,0.0,0.0,0.0,609.9,504.0,0,0.0,0
2012-08-16,2012-09-27,OPTSTK,ASIANPAINT,3300.0,CE,0.0,0.0,0.0,569.05,458.45,0,0.0,0
2012-08-16,2012-09-27,OPTSTK,ASIANPAINT,3350.0,CE,0.0,0.0,0.0,529.5,414.15,0,0.0,0
2012-08-16,2012-09-27,OPTSTK,ASIANPAINT,3400.0,CE,0.0,0.0,0.0,491.3,371.5,0,0.0,0
2012-08-16,2012-09-27,OPTSTK,ASIANPAINT,3450.0,CE,0.0,0.0,0.0,454.65,330.7,0,0.0,0
2012-08-16,2012-09-27,OPTSTK,ASIANPAINT,3500.0,CE,0.0,0.0,0.0,419.4,292.0,0,0.0,0
2012-08-16,2012-09-27,OPTSTK,ASIANPAINT,3550.0,CE,0.0,0.0,0.0,385.65,255.65,0,0.0,0
2012-08-16,2012-09-27,OPTSTK,ASIANPAINT,3600.0,CE,0.0,0.0,0.0,353.7,221.95,0,0.0,0
2012-08-16,2012-09-27,OPTSTK,ASIANPAINT,3650.0,CE,0.0,0.0,0.0,323.4,190.95,0,0.0,0
2012-08-16,2012-09-27,OPTSTK,ASIANPAINT,3700.0,CE,0.0,0.0,0.0,294.85,162.8,0,0.0,0
2012-08-16,2012-09-27,OPTSTK,ASIANPAINT,3750.0,CE,0.0,0.0,0.0,268.05,137.5,0,0.0,0
2012-08-16,2012-09-27,OPTSTK,ASIANPAINT,3800.0,CE,0.0,0.0,0.0,242.9,115.05,0,0.0,0
2012-08-16,2012-09-27,OPTSTK,ASIANPAINT,3850.0,CE,0.0,0.0,0.0,219.5,95.35,0,0.0,0
2012-08-16,2012-09-27,OPTSTK,ASIANPAINT,3900.0,CE,0.0,0.0,0.0,197.75,78.25,0,0.0,0
2012-08-16,2012-09-27,OPTSTK,ASIANPAINT,3950.0,CE,0.0,0.0,0.0,177.65,63.6,0,0.0,0
2012-08-16,2012-09-27,OPTSTK,ASIANPAINT,4000.0,CE,0.0,0.0,0.0,159.15,51.4,0,0.0,0
2012-08-16,2012-09-27,OPTSTK,ASIANPAINT,4050.0,CE,0.0,0.0,0.0,142.15,40.9,0,0.0,0
2012-08-16,2012-09-27,OPTSTK,ASIANPAINT,4100.0,CE,0.0,0.0,0.0,126.6,32.3,0,0.0,0
2012-08-16,2012-09-27,OPTSTK,ASIANPAINT,4150.0,CE,0.0,0.0,0.0,112.45,25.3,0,0.0,0
2012-08-16,2012-09-27,OPTSTK,ASIANPAINT,4200.0,CE,0.0,0.0,0.0,99.8,19.6,0,0.0,0
2012-08-16,2012-09-27,OPTSTK,ASIANPAINT,4250.0,CE,0.0,0.0,0.0,88.2,15.05,0,0.0,0
2012-08-16,2012-09-27,OPTSTK,ASIANPAINT,4300.0,CE,0.0,0.0,0.0,77.65,11.45,0,0.0,0
2012-08-16,2012-09-27,OPTSTK,ASIANPAINT,4350.0,CE,0.0,0.0,0.0,68.25,8.65,0,0.0,0
2012-08-16,2012-09-27,OPTSTK,ASIANPAINT,4400.0,CE,0.0,0.0,0.0,59.85,6.5,0,0.0,0
2012-08-16,2012-09-27,OPTSTK,ASIANPAINT,4450.0,CE,0.0,0.0,0.0,52.3,4.8,0,0.0,0
2012-08-16,2012-09-27,OPTSTK,ASIANPAINT,4500.0,CE,0.0,0.0,0.0,45.65,3.55,0,0.0,0
2012-08-16,2012-09-27,OPTSTK,ASIANPAINT,2950.0,PE,0.0,0.0,0.0,8.05,0.5,0,0.0,0
2012-08-16,2012-09-27,OPTSTK,ASIANPAINT,3000.0,PE,0.0,0.0,0.0,10.0,0.85,0,0.0,250
2012-08-16,2012-09-27,OPTSTK,ASIANPAINT,3050.0,PE,0.0,0.0,0.0,13.85,1.4,0,0.0,0
2012-08-16,2012-09-27,OPTSTK,ASIANPAINT,3100.0,PE,0.0,0.0,0.0,17.85,2.3,0,0.0,0
2012-08-16,2012-09-27,OPTSTK,ASIANPAINT,3150.0,PE,0.0,0.0,0.0,22.65,3.65,0,0.0,0
2012-08-16,2012-09-27,OPTSTK,ASIANPAINT,3200.0,PE,0.0,0.0,0.0,28.45,5.65,0,0.0,0
2012-08-16,2012-09-27,OPTSTK,ASIANPAINT,3250.0,PE,0.0,0.0,0.0,35.25,8.5,0,0.0,0
2012-08-16,2012-09-27,OPTSTK,ASIANPAINT,3300.0,PE,0.0,0.0,0.0,43.25,12.35,0,0.0,0
2012-08-16,2012-09-27,OPTSTK,ASIANPAINT,3350.0,PE,0.0,0.0,0.0,52.55,17.6,0,0.0,0
2012-08-16,2012-09-27,OPTSTK,ASIANPAINT,3400.0,PE,0.0,0.0,0.0,63.15,24.4,0,0.0,0
2012-08-16,2012-09-27,OPTSTK,ASIANPAINT,3450.0,PE,0.0,0.0,0.0,75.35,33.05,0,0.0,0
2012-08-16,2012-09-27,OPTSTK,ASIANPAINT,3500.0,PE,0.0,0.0,0.0,88.95,43.9,0,0.0,0
2012-08-16,2012-09-27,OPTSTK,ASIANPAINT,3550.0,PE,0.0,0.0,0.0,104.0,57.0,0,0.0,0
2012-08-16,2012-09-27,OPTSTK,ASIANPAINT,3600.0,PE,0.0,0.0,0.0,62.0,72.8,0,0.0,125
2012-08-16,2012-09-27,OPTSTK,ASIANPAINT,3650.0,PE,0.0,0.0,0.0,139.45,91.3,0,0.0,0
2012-08-16,2012-09-27,OPTSTK,ASIANPAINT,3700.0,PE,0.0,0.0,0.0,159.75,112.6,0,0.0,0
2012-08-16,2012-09-27,OPTSTK,ASIANPAINT,3750.0,PE,0.0,0.0,0.0,181.75,136.8,0,0.0,0
2012-08-16,2012-09-27,OPTSTK,ASIANPAINT,3800.0,PE,0.0,0.0,0.0,205.45,163.8,0,0.0,0
2012-08-16,2012-09-27,OPTSTK,ASIANPAINT,3850.0,PE,0.0,0.0,0.0,230.9,193.6,0,0.0,0
2012-08-16,2012-09-27,OPTSTK,ASIANPAINT,3900.0,PE,0.0,0.0,0.0,258.0,226.0,0,0.0,0
2012-08-16,2012-09-27,OPTSTK,ASIANPAINT,3950.0,PE,0.0,0.0,0.0,286.75,260.8,0,0.0,0
2012-08-16,2012-09-27,OPTSTK,ASIANPAINT,4000.0,PE,0.0,0.0,0.0,317.05,298.1,0,0.0,0
2012-08-16,2012-09-27,OPTSTK,ASIANPAINT,4050.0,PE,0.0,0.0,0.0,348.9,337.1,0,0.0,0
2012-08-16,2012-09-27,OPTSTK,ASIANPAINT,4100.0,PE,0.0,0.0,0.0,382.2,378.0,0,0.0,0
2012-08-16,2012-09-27,OPTSTK,ASIANPAINT,4150.0,PE,0.0,0.0,0.0,416.9,420.45,0,0.0,0
2012-08-16,2012-09-27,OPTSTK,ASIANPAINT,4200.0,PE,0.0,0.0,0.0,453.05,464.25,0,0.0,0
2012-08-16,2012-09-27,OPTSTK,ASIANPAINT,4250.0,PE,0.0,0.0,0.0,490.3,509.2,0,0.0,0
2012-08-16,2012-09-27,OPTSTK,ASIANPAINT,4300.0,PE,0.0,0.0,0.0,528.55,555.1,0,0.0,0
2012-08-16,2012-09-27,OPTSTK,ASIANPAINT,4350.0,PE,0.0,0.0,0.0,568.0,601.75,0,0.0,0
2012-08-16,2012-09-27,OPTSTK,ASIANPAINT,4400.0,PE,0.0,0.0,0.0,608.45,649.05,0,0.0,0
2012-08-16,2012-09-27,OPTSTK,ASIANPAINT,4450.0,PE,0.0,0.0,0.0,649.75,696.85,0,0.0,0
2012-08-16,2012-09-27,OPTSTK,ASIANPAINT,4500.0,PE,0.0,0.0,0.0,691.9,745.05,0,0.0,0
2012-08-16,2012-10-25,OPTSTK,ASIANPAINT,2950.0,CE,0.0,0.0,0.0,612.05,815.4,0,0.0,0
2012-08-16,2012-10-25,OPTSTK,ASIANPAINT,3000.0,CE,0.0,0.0,0.0,569.95,767.6,0,0.0,0
2012-08-16,2012-10-25,OPTSTK,ASIANPAINT,3050.0,CE,0.0,0.0,0.0,529.15,720.25,0,0.0,0
2012-08-16,2012-10-25,OPTSTK,ASIANPAINT,3100.0,CE,0.0,0.0,0.0,489.65,673.5,0,0.0,0
2012-08-16,2012-10-25,OPTSTK,ASIANPAINT,3150.0,CE,0.0,0.0,0.0,451.7,627.5,0,0.0,0
2012-08-16,2012-10-25,OPTSTK,ASIANPAINT,3200.0,CE,0.0,0.0,0.0,415.4,582.4,0,0.0,0
2012-08-16,2012-10-25,OPTSTK,ASIANPAINT,3250.0,CE,0.0,0.0,0.0,380.45,538.4,0,0.0,0
2012-08-16,2012-10-25,OPTSTK,ASIANPAINT,3300.0,CE,0.0,0.0,0.0,347.45,495.6,0,0.0,0
2012-08-16,2012-10-25,OPTSTK,ASIANPAINT,3350.0,CE,0.0,0.0,0.0,316.25,454.2,0,0.0,0
2012-08-16,2012-10-25,OPTSTK,ASIANPAINT,3400.0,CE,0.0,0.0,0.0,286.9,414.35,0,0.0,0
2012-08-16,2012-10-25,OPTSTK,ASIANPAINT,3450.0,CE,0.0,0.0,0.0,259.35,376.25,0,0.0,0
2012-08-16,2012-10-25,OPTSTK,ASIANPAINT,3500.0,CE,0.0,0.0,0.0,233.7,340.1,0,0.0,0
2012-08-16,2012-10-25,OPTSTK,ASIANPAINT,3550.0,CE,0.0,0.0,0.0,209.8,305.65,0,0.0,0
2012-08-16,2012-10-25,OPTSTK,ASIANPAINT,3600.0,CE,0.0,0.0,0.0,187.75,273.45,0,0.0,0
2012-08-16,2012-10-25,OPTSTK,ASIANPAINT,3650.0,CE,0.0,0.0,0.0,167.45,243.4,0,0.0,0
2012-08-16,2012-10-25,OPTSTK,ASIANPAINT,3700.0,CE,0.0,0.0,0.0,148.9,215.55,0,0.0,0
2012-08-16,2012-10-25,OPTSTK,ASIANPAINT,3750.0,CE,0.0,0.0,0.0,131.9,189.85,0,0.0,0
2012-08-16,2012-10-25,OPTSTK,ASIANPAINT,3800.0,CE,0.0,0.0,0.0,116.5,166.4,0,0.0,0
2012-08-16,2012-10-25,OPTSTK,ASIANPAINT,3850.0,CE,0.0,0.0,0.0,102.6,145.05,0,0.0,0
2012-08-16,2012-10-25,OPTSTK,ASIANPAINT,3900.0,CE,0.0,0.0,0.0,90.2,125.8,0,0.0,0
2012-08-16,2012-10-25,OPTSTK,ASIANPAINT,3950.0,CE,0.0,0.0,0.0,79.0,108.5,0,0.0,0
2012-08-16,2012-10-25,OPTSTK,ASIANPAINT,4000.0,CE,0.0,0.0,0.0,68.85,93.15,0,0.0,0
2012-08-16,2012-10-25,OPTSTK,ASIANPAINT,4050.0,CE,0.0,0.0,0.0,59.9,79.5,0,0.0,0
2012-08-16,2012-10-25,OPTSTK,ASIANPAINT,4100.0,CE,0.0,0.0,0.0,51.95,67.75,0,0.0,0
2012-08-16,2012-10-25,OPTSTK,ASIANPAINT,4150.0,CE,0.0,0.0,0.0,44.95,57.2,0,0.0,0
2012-08-16,2012-10-25,OPTSTK,ASIANPAINT,4200.0,CE,0.0,0.0,0.0,38.75,48.1,0,0.0,0
2012-08-16,2012-10-25,OPTSTK,ASIANPAINT,4250.0,CE,0.0,0.0,0.0,33.35,40.3,0,0.0,0
2012-08-16,2012-10-25,OPTSTK,ASIANPAINT,4300.0,CE,0.0,0.0,0.0,28.6,33.55,0,0.0,0
2012-08-16,2012-10-25,OPTSTK,ASIANPAINT,4350.0,CE,0.0,0.0,0.0,24.5,27.85,0,0.0,0
2012-08-16,2012-10-25,OPTSTK,ASIANPAINT,4400.0,CE,0.0,0.0,0.0,20.9,22.95,0,0.0,0
2012-08-16,2012-10-25,OPTSTK,ASIANPAINT,4450.0,CE,0.0,0.0,0.0,17.8,18.85,0,0.0,0
2012-08-16,2012-10-25,OPTSTK,ASIANPAINT,2950.0,PE,0.0,0.0,0.0,26.0,2.8,0,0.0,0
2012-08-16,2012-10-25,OPTSTK,ASIANPAINT,3000.0,PE,0.0,0.0,0.0,32.75,4.15,0,0.0,0
2012-08-16,2012-10-25,OPTSTK,ASIANPAINT,3050.0,PE,0.0,0.0,0.0,40.8,5.9,0,0.0,0
2012-08-16,2012-10-25,OPTSTK,ASIANPAINT,3100.0,PE,0.0,0.0,0.0,50.2,8.35,0,0.0,0
2012-08-16,2012-10-25,OPTSTK,ASIANPAINT,3150.0,PE,0.0,0.0,0.0,61.1,11.5,0,0.0,0
2012-08-16,2012-10-25,OPTSTK,ASIANPAINT,3200.0,PE,0.0,0.0,0.0,73.65,15.55,0,0.0,0
2012-08-16,2012-10-25,OPTSTK,ASIANPAINT,3250.0,PE,0.0,0.0,0.0,87.6,20.65,0,0.0,0
2012-08-16,2012-10-25,OPTSTK,ASIANPAINT,3300.0,PE,0.0,0.0,0.0,103.45,27.0,0,0.0,0
2012-08-16,2012-10-25,OPTSTK,ASIANPAINT,3350.0,PE,0.0,0.0,0.0,121.1,34.75,0,0.0,0
2012-08-16,2012-10-25,OPTSTK,ASIANPAINT,3400.0,PE,0.0,0.0,0.0,140.6,44.05,0,0.0,0
2012-08-16,2012-10-25,OPTSTK,ASIANPAINT,3450.0,PE,0.0,0.0,0.0,161.95,55.05,0,0.0,0
2012-08-16,2012-10-25,OPTSTK,ASIANPAINT,3500.0,PE,0.0,0.0,0.0,185.15,68.05,0,0.0,0
2012-08-16,2012-10-25,OPTSTK,ASIANPAINT,3550.0,PE,0.0,0.0,0.0,210.15,82.75,0,0.0,0
2012-08-16,2012-10-25,OPTSTK,ASIANPAINT,3600.0,PE,0.0,0.0,0.0,236.95,99.7,0,0.0,0
2012-08-16,2012-10-25,OPTSTK,ASIANPAINT,3650.0,PE,0.0,0.0,0.0,265.5,118.8,0,0.0,0
2012-08-16,2012-10-25,OPTSTK,ASIANPAINT,3700.0,PE,0.0,0.0,0.0,295.8,140.05,0,0.0,0
2012-08-16,2012-10-25,OPTSTK,ASIANPAINT,3750.0,PE,0.0,0.0,0.0,327.7,163.55,0,0.0,0
2012-08-16,2012-10-25,OPTSTK,ASIANPAINT,3800.0,PE,0.0,0.0,0.0,361.15,189.2,0,0.0,0
2012-08-16,2012-10-25,OPTSTK,ASIANPAINT,3850.0,PE,0.0,0.0,0.0,396.1,217.0,0,0.0,0
2012-08-16,2012-10-25,OPTSTK,ASIANPAINT,3900.0,PE,0.0,0.0,0.0,432.6,246.9,0,0.0,0
2012-08-16,2012-10-25,OPTSTK,ASIANPAINT,3950.0,PE,0.0,0.0,0.0,470.25,278.75,0,0.0,0
2012-08-16,2012-10-25,OPTSTK,ASIANPAINT,4000.0,PE,0.0,0.0,0.0,508.95,312.5,0,0.0,0
2012-08-16,2012-10-25,OPTSTK,ASIANPAINT,4050.0,PE,0.0,0.0,0.0,548.85,348.05,0,0.0,0
2012-08-16,2012-10-25,OPTSTK,ASIANPAINT,4100.0,PE,0.0,0.0,0.0,589.8,385.4,0,0.0,0
2012-08-16,2012-10-25,OPTSTK,ASIANPAINT,4150.0,PE,0.0,0.0,0.0,631.65,424.0,0,0.0,0
2012-08-16,2012-10-25,OPTSTK,ASIANPAINT,4200.0,PE,0.0,0.0,0.0,674.35,464.05,0,0.0,0
2012-08-16,2012-10-25,OPTSTK,ASIANPAINT,4250.0,PE,0.0,0.0,0.0,717.75,505.35,0,0.0,0
2012-08-16,2012-10-25,OPTSTK,ASIANPAINT,4300.0,PE,0.0,0.0,0.0,761.9,547.8,0,0.0,0
2012-08-16,2012-10-25,OPTSTK,ASIANPAINT,4350.0,PE,0.0,0.0,0.0,806.65,591.2,0,0.0,0
2012-08-16,2012-10-25,OPTSTK,ASIANPAINT,4400.0,PE,0.0,0.0,0.0,851.9,635.5,0,0.0,0
2012-08-16,2012-10-25,OPTSTK,ASIANPAINT,4450.0,PE,0.0,0.0,0.0,897.7,680.5,0,0.0,0
2012-08-16,2012-08-30,OPTSTK,AUROPHARMA,50.0,CE,0.0,0.0,0.0,60.1,54.2,0,0.0,0
2012-08-16,2012-08-30,OPTSTK,AUROPHARMA,60.0,CE,0.0,0.0,0.0,50.5,44.2,0,0.0,0
2012-08-16,2012-08-30,OPTSTK,AUROPHARMA,70.0,CE,0.0,0.0,0.0,41.2,34.25,0,0.0,0
2012-08-16,2012-08-30,OPTSTK,AUROPHARMA,80.0,CE,0.0,0.0,0.0,32.65,24.3,0,0.0,0
2012-08-16,2012-08-30,OPTSTK,AUROPHARMA,90.0,CE,0.0,0.0,0.0,9.9,14.6,0,0.0,2000
2012-08-16,2012-08-30,OPTSTK,AUROPHARMA,100.0,CE,0.0,0.0,0.0,6.35,6.5,0,0.0,4000
2012-08-16,2012-08-30,OPTSTK,AUROPHARMA,110.0,CE,2.45,2.5,1.4,1.4,1.4,7,15.65,108000
2012-08-16,2012-08-30,OPTSTK,AUROPHARMA,120.0,CE,0.6,0.6,0.5,0.5,0.5,3,7.23,58000
2012-08-16,2012-08-30,OPTSTK,AUROPHARMA,130.0,CE,0.0,0.0,0.0,0.65,0.05,0,0.0,6000
2012-08-16,2012-08-30,OPTSTK,AUROPHARMA,140.0,CE,0.0,0.0,0.0,4.7,0.0,0,0.0,0
2012-08-16,2012-08-30,OPTSTK,AUROPHARMA,150.0,CE,0.0,0.0,0.0,3.2,0.0,0,0.0,0
2012-08-16,2012-08-30,OPTSTK,AUROPHARMA,160.0,CE,0.0,0.0,0.0,2.15,0.0,0,0.0,0
2012-08-16,2012-08-30,OPTSTK,AUROPHARMA,170.0,CE,0.0,0.0,0.0,1.45,0.0,0,0.0,0
2012-08-16,2012-08-30,OPTSTK,AUROPHARMA,180.0,CE,0.0,0.0,0.0,0.95,0.0,0,0.0,0
2012-08-16,2012-08-30,OPTSTK,AUROPHARMA,50.0,PE,0.0,0.0,0.0,0.05,0.0,0,0.0,0
2012-08-16,2012-08-30,OPTSTK,AUROPHARMA,60.0,PE,0.0,0.0,0.0,0.2,0.0,0,0.0,0
2012-08-16,2012-08-30,OPTSTK,AUROPHARMA,70.0,PE,0.0,0.0,0.0,0.65,0.0,0,0.0,0
2012-08-16,2012-08-30,OPTSTK,AUROPHARMA,80.0,PE,0.0,0.0,0.0,1.85,0.05,0,0.0,0
2012-08-16,2012-08-30,OPTSTK,AUROPHARMA,90.0,PE,0.0,0.0,0.0,4.05,0.3,0,0.0,0
2012-08-16,2012-08-30,OPTSTK,AUROPHARMA,100.0,PE,0.0,0.0,0.0,1.5,2.2,0,0.0,28000
2012-08-16,2012-08-30,OPTSTK,AUROPHARMA,110.0,PE,0.0,0.0,0.0,6.7,7.6,0,0.0,30000
2012-08-16,2012-08-30,OPTSTK,AUROPHARMA,120.0,PE,0.0,0.0,0.0,17.95,16.0,0,0.0,0
2012-08-16,2012-08-30,OPTSTK,AUROPHARMA,130.0,PE,0.0,0.0,0.0,24.8,25.65,0,0.0,0
2012-08-16,2012-08-30,OPTSTK,AUROPHARMA,140.0,PE,0.0,0.0,0.0,32.45,35.55,0,0.0,0
2012-08-16,2012-08-30,OPTSTK,AUROPHARMA,150.0,PE,0.0,0.0,0.0,40.75,45.5,0,0.0,0
2012-08-16,2012-08-30,OPTSTK,AUROPHARMA,160.0,PE,0.0,0.0,0.0,49.45,55.5,0,0.0,0
2012-08-16,2012-08-30,OPTSTK,AUROPHARMA,170.0,PE,0.0,0.0,0.0,58.5,65.45,0,0.0,0
2012-08-16,2012-08-30,OPTSTK,AUROPHARMA,180.0,PE,0.0,0.0,0.0,67.8,75.4,0,0.0,0
2012-08-16,2012-09-27,OPTSTK,AUROPHARMA,50.0,CE,0.0,0.0,0.0,58.1,54.55,0,0.0,0
2012-08-16,2012-09-27,OPTSTK,AUROPHARMA,60.0,CE,0.0,0.0,0.0,48.3,44.65,0,0.0,0
2012-08-16,2012-09-27,OPTSTK,AUROPHARMA,70.0,CE,0.0,0.0,0.0,38.6,34.8,0,0.0,0
2012-08-16,2012-09-27,OPTSTK,AUROPHARMA,80.0,CE,0.0,0.0,0.0,29.25,25.2,0,0.0,0
2012-08-16,2012-09-27,OPTSTK,AUROPHARMA,90.0,CE,0.0,0.0,0.0,20.7,16.5,0,0.0,0
2012-08-16,2012-09-27,OPTSTK,AUROPHARMA,100.0,CE,0.0,0.0,0.0,13.6,9.65,0,0.0,0
2012-08-16,2012-09-27,OPTSTK,AUROPHARMA,110.0,CE,0.0,0.0,0.0,8.25,5.0,0,0.0,0
2012-08-16,2012-09-27,OPTSTK,AUROPHARMA,120.0,CE,0.0,0.0,0.0,4.7,2.3,0,0.0,0
2012-08-16,2012-09-27,OPTSTK,AUROPHARMA,130.0,CE,0.0,0.0,0.0,2.5,1.0,0,0.0,0
2012-08-16,2012-09-27,OPTSTK,AUROPHARMA,140.0,CE,0.0,0.0,0.0,1.3,0.4,0,0.0,0
2012-08-16,2012-09-27,OPTSTK,AUROPHARMA,150.0,CE,0.0,0.0,0.0,0.65,0.15,0,0.0,0
2012-08-16,2012-09-27,OPTSTK,AUROPHARMA,160.0,CE,0.0,0.0,0.0,0.3,0.05,0,0.0,0
2012-08-16,2012-09-27,OPTSTK,AUROPHARMA,170.0,CE,0.0,0.0,0.0,0.15,0.05,0,0.0,0
2012-08-16,2012-09-27,OPTSTK,AUROPHARMA,180.0,CE,0.0,0.0,0.0,0.1,0.0,0,0.0,0
2012-08-16,2012-09-27,OPTSTK,AUROPHARMA,50.0,PE,0.0,0.0,0.0,0.05,0.0,0,0.0,0
2012-08-16,2012-09-27,OPTSTK,AUROPHARMA,60.0,PE,0.0,0.0,0.0,0.05,0.0,0,0.0,0
2012-08-16,2012-09-27,OPTSTK,AUROPHARMA,70.0,PE,0.0,0.0,0.0,0.1,0.05,0,0.0,0
2012-08-16,2012-09-27,OPTSTK,AUROPHARMA,80.0,PE,0.0,0.0,0.0,0.5,0.35,0,0.0,0
2012-08-16,2012-09-27,OPTSTK,AUROPHARMA,90.0,PE,0.0,0.0,0.0,1.7,1.6,0,0.0,0
2012-08-16,2012-09-27,OPTSTK,AUROPHARMA,100.0,PE,0.0,0.0,0.0,4.35,4.6,0,0.0,0
2012-08-16,2012-09-27,OPTSTK,AUROPHARMA,110.0,PE,0.0,0.0,0.0,8.8,9.85,0,0.0,0
2012-08-16,2012-09-27,OPTSTK,AUROPHARMA,120.0,PE,0.0,0.0,0.0,15.0,17.1,0,0.0,0
2012-08-16,2012-09-27,OPTSTK,AUROPHARMA,130.0,PE,0.0,0.0,0.0,22.6,25.65,0,0.0,0
2012-08-16,2012-09-27,OPTSTK,AUROPHARMA,140.0,PE,0.0,0.0,0.0,31.15,34.95,0,0.0,0
2012-08-16,2012-09-27,OPTSTK,AUROPHARMA,150.0,PE,0.0,0.0,0.0,40.25,44.6,0,0.0,0
2012-08-16,2012-09-27,OPTSTK,AUROPHARMA,160.0,PE,0.0,0.0,0.0,49.7,54.4,0,0.0,0
2012-08-16,2012-09-27,OPTSTK,AUROPHARMA,170.0,PE,0.0,0.0,0.0,59.3,64.3,0,0.0,0
2012-08-16,2012-09-27,OPTSTK,AUROPHARMA,180.0,PE,0.0,0.0,0.0,69.0,74.15,0,0.0,0
2012-08-16,2012-10-25,OPTSTK,AUROPHARMA,50.0,CE,0.0,0.0,0.0,54.75,54.9,0,0.0,0
2012-08-16,2012-10-25,OPTSTK,AUROPHARMA,60.0,CE,0.0,0.0,0.0,45.0,45.05,0,0.0,0
2012-08-16,2012-10-25,OPTSTK,AUROPHARMA,70.0,CE,0.0,0.0,0.0,35.3,35.45,0,0.0,0
2012-08-16,2012-10-25,OPTSTK,AUROPHARMA,80.0,CE,0.0,0.0,0.0,25.9,26.3,0,0.0,0
2012-08-16,2012-10-25,OPTSTK,AUROPHARMA,90.0,CE,0.0,0.0,0.0,17.5,18.35,0,0.0,0
2012-08-16,2012-10-25,OPTSTK,AUROPHARMA,100.0,CE,0.0,0.0,0.0,10.75,11.95,0,0.0,0
2012-08-16,2012-10-25,OPTSTK,AUROPHARMA,110.0,CE,0.0,0.0,0.0,6.0,7.3,0,0.0,0
2012-08-16,2012-10-25,OPTSTK,AUROPHARMA,120.0,CE,0.0,0.0,0.0,3.1,4.25,0,0.0,0
2012-08-16,2012-10-25,OPTSTK,AUROPHARMA,130.0,CE,0.0,0.0,0.0,1.5,2.35,0,0.0,0
2012-08-16,2012-10-25,OPTSTK,AUROPHARMA,140.0,CE,0.0,0.0,0.0,0.65,1.25,0,0.0,0
2012-08-16,2012-10-25,OPTSTK,AUROPHARMA,150.0,CE,0.0,0.0,0.0,0.3,0.65,0,0.0,0
2012-08-16,2012-10-25,OPTSTK,AUROPHARMA,160.0,CE,0.0,0.0,0.0,0.15,0.35,0,0.0,0
2012-08-16,2012-10-25,OPTSTK,AUROPHARMA,170.0,CE,0.0,0.0,0.0,0.05,0.15,0,0.0,0
2012-08-16,2012-10-25,OPTSTK,AUROPHARMA,180.0,CE,0.0,0.0,0.0,0.05,0.1,0,0.0,0
2012-08-16,2012-10-25,OPTSTK,AUROPHARMA,50.0,PE,0.0,0.0,0.0,0.05,0.0,0,0.0,0
2012-08-16,2012-10-25,OPTSTK,AUROPHARMA,60.0,PE,0.0,0.0,0.0,0.05,0.05,0,0.0,0
2012-08-16,2012-10-25,OPTSTK,AUROPHARMA,70.0,PE,0.0,0.0,0.0,0.1,0.2,0,0.0,0
2012-08-16,2012-10-25,OPTSTK,AUROPHARMA,80.0,PE,0.0,0.0,0.0,0.5,0.95,0,0.0,0
2012-08-16,2012-10-25,OPTSTK,AUROPHARMA,90.0,PE,0.0,0.0,0.0,1.85,2.8,0,0.0,0
2012-08-16,2012-10-25,OPTSTK,AUROPHARMA,100.0,PE,0.0,0.0,0.0,4.9,6.2,0,0.0,0
2012-08-16,2012-10-25,OPTSTK,AUROPHARMA,110.0,PE,0.0,0.0,0.0,9.9,11.4,0,0.0,0
2012-08-16,2012-10-25,OPTSTK,AUROPHARMA,120.0,PE,0.0,0.0,0.0,16.75,18.15,0,0.0,0
2012-08-16,2012-10-25,OPTSTK,AUROPHARMA,130.0,PE,0.0,0.0,0.0,24.95,26.1,0,0.0,0
2012-08-16,2012-10-25,OPTSTK,AUROPHARMA,140.0,PE,0.0,0.0,0.0,33.9,34.85,0,0.0,0
2012-08-16,2012-10-25,OPTSTK,AUROPHARMA,150.0,PE,0.0,0.0,0.0,43.3,44.05,0,0.0,0
2012-08-16,2012-10-25,OPTSTK,AUROPHARMA,160.0,PE,0.0,0.0,0.0,52.9,53.6,0,0.0,0
2012-08-16,2012-10-25,OPTSTK,AUROPHARMA,170.0,PE,0.0,0.0,0.0,62.6,63.25,0,0.0,0
2012-08-16,2012-10-25,OPTSTK,AUROPHARMA,180.0,PE,0.0,0.0,0.0,72.35,73.0,0,0.0,0
2012-08-16,2012-08-30,OPTSTK,AXISBANK,500.0,CE,0.0,0.0,0.0,531.55,615.65,0,0.0,0
2012-08-16,2012-08-30,OPTSTK,AXISBANK,550.0,CE,0.0,0.0,0.0,482.7,565.8,0,0.0,0
2012-08-16,2012-08-30,OPTSTK,AXISBANK,580.0,CE,0.0,0.0,0.0,405.15,535.9,0,0.0,0
2012-08-16,2012-08-30,OPTSTK,AXISBANK,600.0,CE,0.0,0.0,0.0,385.8,516.0,0,0.0,0
2012-08-16,2012-08-30,OPTSTK,AXISBANK,620.0,CE,0.0,0.0,0.0,366.5,496.05,0,0.0,0
2012-08-16,2012-08-30,OPTSTK,AXISBANK,640.0,CE,0.0,0.0,0.0,347.35,476.1,0,0.0,0
2012-08-16,2012-08-30,OPTSTK,AXISBANK,650.0,CE,0.0,0.0,0.0,385.3,466.15,0,0.0,0
2012-08-16,2012-08-30,OPTSTK,AXISBANK,660.0,CE,0.0,0.0,0.0,328.35,456.2,0,0.0,0
2012-08-16,2012-08-30,OPTSTK,AXISBANK,680.0,CE,0.0,0.0,0.0,309.5,436.25,0,0.0,0
2012-08-16,2012-08-30,OPTSTK,AXISBANK,700.0,CE,0.0,0.0,0.0,290.95,416.3,0,0.0,0
2012-08-16,2012-08-30,OPTSTK,AXISBANK,720.0,CE,0.0,0.0,0.0,272.7,396.4,0,0.0,0
2012-08-16,2012-08-30,OPTSTK,AXISBANK,740.0,CE,0.0,0.0,0.0,254.8,376.45,0,0.0,0
2012-08-16,2012-08-30,OPTSTK,AXISBANK,750.0,CE,0.0,0.0,0.0,290.45,366.5,0,0.0,0
2012-08-16,2012-08-30,OPTSTK,AXISBANK,760.0,CE,0.0,0.0,0.0,237.3,356.5,0,0.0,0
2012-08-16,2012-08-30,OPTSTK,AXISBANK,780.0,CE,0.0,0.0,0.0,220.3,336.6,0,0.0,0
2012-08-16,2012-08-30,OPTSTK,AXISBANK,800.0,CE,0.0,0.0,0.0,203.85,316.65,0,0.0,0
2012-08-16,2012-08-30,OPTSTK,AXISBANK,820.0,CE,0.0,0.0,0.0,187.95,296.7,0,0.0,0
2012-08-16,2012-08-30,OPTSTK,AXISBANK,840.0,CE,0.0,0.0,0.0,172.75,276.8,0,0.0,0
2012-08-16,2012-08-30,OPTSTK,AXISBANK,850.0,CE,0.0,0.0,0.0,203.35,266.8,0,0.0,0
2012-08-16,2012-08-30,OPTSTK,AXISBANK,860.0,CE,0.0,0.0,0.0,158.25,256.85,0,0.0,0
2012-08-16,2012-08-30,OPTSTK,AXISBANK,880.0,CE,0.0,0.0,0.0,144.45,236.9,0,0.0,0
2012-08-16,2012-08-30,OPTSTK,AXISBANK,900.0,CE,0.0,0.0,0.0,131.35,217.0,0,0.0,0
2012-08-16,2012-08-30,OPTSTK,AXISBANK,920.0,CE,0.0,0.0,0.0,119.1,197.05,0,0.0,0
2012-08-16,2012-08-30,OPTSTK,AXISBANK,940.0,CE,0.0,0.0,0.0,107.65,177.2,0,0.0,0
2012-08-16,2012-08-30,OPTSTK,AXISBANK,950.0,CE,0.0,0.0,0.0,84.0,167.3,0,0.0,250
2012-08-16,2012-08-30,OPTSTK,AXISBANK,960.0,CE,0.0,0.0,0.0,96.95,157.4,0,0.0,0
2012-08-16,2012-08-30,OPTSTK,AXISBANK,980.0,CE,0.0,0.0,0.0,76.35,137.8,0,0.0,8250
2012-08-16,2012-08-30,OPTSTK,AXISBANK,1000.0,CE,124.1,124.1,124.1,124.1,124.1,1,2.81,25750
2012-08-16,2012-08-30,OPTSTK,AXISBANK,1020.0,CE,88.0,88.0,88.0,88.0,88.0,1,2.77,47000
2012-08-16,2012-08-30,OPTSTK,AXISBANK,1040.0,CE,84.5,87.05,81.1,81.1,81.1,14,39.37,39000
2012-08-16,2012-08-30,OPTSTK,AXISBANK,1050.0,CE,75.0,79.3,70.6,71.0,71.0,28,78.75,61000
2012-08-16,2012-08-30,OPTSTK,AXISBANK,1060.0,CE,65.0,68.7,61.2,63.15,63.15,10,28.12,96500
2012-08-16,2012-08-30,OPTSTK,AXISBANK,1080.0,CE,51.0,55.55,44.15,45.2,45.2,134,378.01,67250
2012-08-16,2012-08-30,OPTSTK,AXISBANK,1100.0,CE,33.0,39.5,30.1,32.55,32.55,600,1703.22,267750
2012-08-16,2012-08-30,OPTSTK,AXISBANK,1120.0,CE,25.0,27.45,19.45,21.35,21.35,981,2805.59,110750
2012-08-16,2012-08-30,OPTSTK,AXISBANK,1140.0,CE,18.0,18.0,12.0,13.4,13.4,570,1645.73,100750
2012-08-16,2012-08-30,OPTSTK,AXISBANK,1150.0,CE,12.0,13.9,9.4,10.3,10.3,515,1496.01,104750
2012-08-16,2012-08-30,OPTSTK,AXISBANK,1160.0,CE,9.1,10.6,7.5,7.95,7.95,191,558.09,69750
2012-08-16,2012-08-30,OPTSTK,AXISBANK,1180.0,CE,5.05,6.0,3.65,4.25,4.25,144,426.51,65250
2012-08-16,2012-08-30,OPTSTK,AXISBANK,1200.0,CE,3.0,3.2,2.2,2.35,2.35,78,234.53,48250
2012-08-16,2012-08-30,OPTSTK,AXISBANK,1220.0,CE,0.0,0.0,0.0,3.0,3.15,0,0.0,250
2012-08-16,2012-08-30,OPTSTK,AXISBANK,1240.0,CE,0.0,0.0,0.0,16.6,1.85,0,0.0,0
2012-08-16,2012-08-30,OPTSTK,AXISBANK,1250.0,CE,0.0,0.0,0.0,21.5,1.35,0,0.0,0
2012-08-16,2012-08-30,OPTSTK,AXISBANK,1260.0,CE,0.0,0.0,0.0,14.35,1.0,0,0.0,0
2012-08-16,2012-08-30,OPTSTK,AXISBANK,1280.0,CE,0.0,0.0,0.0,12.4,0.55,0,0.0,0
2012-08-16,2012-08-30,OPTSTK,AXISBANK,1300.0,CE,0.0,0.0,0.0,10.7,0.3,0,0.0,0
2012-08-16,2012-08-30,OPTSTK,AXISBANK,1320.0,CE,0.0,0.0,0.0,9.2,0.15,0,0.0,0
2012-08-16,2012-08-30,OPTSTK,AXISBANK,1340.0,CE,0.0,0.0,0.0,7.9,0.1,0,0.0,0
2012-08-16,2012-08-30,OPTSTK,AXISBANK,1350.0,CE,0.0,0.0,0.0,10.3,0.05,0,0.0,0
2012-08-16,2012-08-30,OPTSTK,AXISBANK,1360.0,CE,0.0,0.0,0.0,6.8,0.05,0,0.0,0
2012-08-16,2012-08-30,OPTSTK,AXISBANK,1380.0,CE,0.0,0.0,0.0,5.8,0.05,0,0.0,0
2012-08-16,2012-08-30,OPTSTK,AXISBANK,1400.0,CE,0.0,0.0,0.0,7.0,0.05,0,0.0,0
2012-08-16,2012-08-30,OPTSTK,AXISBANK,1450.0,CE,0.0,0.0,0.0,4.7,0.0,0,0.0,0
2012-08-16,2012-08-30,OPTSTK,AXISBANK,1500.0,CE,0.0,0.0,0.0,3.15,0.0,0,0.0,0
2012-08-16,2012-08-30,OPTSTK,AXISBANK,1550.0,CE,0.0,0.0,0.0,2.05,0.0,0,0.0,0
2012-08-16,2012-08-30,OPTSTK,AXISBANK,1600.0,CE,0.0,0.0,0.0,1.35,0.0,0,0.0,0
2012-08-16,2012-08-30,OPTSTK,AXISBANK,500.0,PE,0.0,0.0,0.0,0.05,0.0,0,0.0,0
2012-08-16,2012-08-30,OPTSTK,AXISBANK,550.0,PE,0.0,0.0,0.0,0.05,0.0,0,0.0,0
2012-08-16,2012-08-30,OPTSTK,AXISBANK,580.0,PE,0.0,0.0,0.0,0.25,0.0,0,0.0,0
2012-08-16,2012-08-30,OPTSTK,AXISBANK,600.0,PE,0.0,0.0,0.0,0.4,0.0,0,0.0,0
2012-08-16,2012-08-30,OPTSTK,AXISBANK,620.0,PE,0.0,0.0,0.0,0.65,0.0,0,0.0,0
2012-08-16,2012-08-30,OPTSTK,AXISBANK,640.0,PE,0.0,0.0,0.0,1.0,0.0,0,0.0,0
2012-08-16,2012-08-30,OPTSTK,AXISBANK,650.0,PE,0.0,0.0,0.0,0.45,0.0,0,0.0,0
2012-08-16,2012-08-30,OPTSTK,AXISBANK,660.0,PE,0.0,0.0,0.0,1.5,0.0,0,0.0,0
2012-08-16,2012-08-30,OPTSTK,AXISBANK,680.0,PE,0.0,0.0,0.0,2.2,0.0,0,0.0,0
2012-08-16,2012-08-30,OPTSTK,AXISBANK,700.0,PE,0.0,0.0,0.0,3.15,0.0,0,0.0,0
2012-08-16,2012-08-30,OPTSTK,AXISBANK,720.0,PE,0.0,0.0,0.0,4.4,0.0,0,0.0,0
2012-08-16,2012-08-30,OPTSTK,AXISBANK,740.0,PE,0.0,0.0,0.0,6.0,0.0,0,0.0,0
2012-08-16,2012-08-30,OPTSTK,AXISBANK,750.0,PE,0.0,0.0,0.0,3.35,0.0,0,0.0,0
2012-08-16,2012-08-30,OPTSTK,AXISBANK,760.0,PE,0.0,0.0,0.0,8.05,0.0,0,0.0,0
2012-08-16,2012-08-30,OPTSTK,AXISBANK,780.0,PE,0.0,0.0,0.0,10.55,0.0,0,0.0,0
2012-08-16,2012-08-30,OPTSTK,AXISBANK,800.0,PE,0.0,0.0,0.0,1.0,0.0,0,0.0,250
2012-08-16,2012-08-30,OPTSTK,AXISBANK,820.0,PE,0.0,0.0,0.0,10.1,0.0,0,0.0,3250
2012-08-16,2012-08-30,OPTSTK,AXISBANK,840.0,PE,0.0,0.0,0.0,21.55,0.0,0,0.0,0
2012-08-16,2012-08-30,OPTSTK,AXISBANK,850.0,PE,0.0,0.0,0.0,0.6,0.0,0,0.0,13000
2012-08-16,2012-08-30,OPTSTK,AXISBANK,860.0,PE,0.0,0.0,0.0,26.6,0.0,0,0.0,0
2012-08-16,2012-08-30,OPTSTK,AXISBANK,880.0,PE,0.0,0.0,0.0,32.3,0.0,0,0.0,0
2012-08-16,2012-08-30,OPTSTK,AXISBANK,900.0,PE,0.0,0.0,0.0,0.1,0.05,0,0.0,57000
2012-08-16,2012-08-30,OPTSTK,AXISBANK,920.0,PE,0.0,0.0,0.0,0.7,0.05,0,0.0,16750
2012-08-16,2012-08-30,OPTSTK,AXISBANK,940.0,PE,0.0,0.0,0.0,0.9,0.1,0,0.0,24000
2012-08-16,2012-08-30,OPTSTK,AXISBANK,950.0,PE,1.0,1.0,0.8,0.85,0.85,5,11.88,53750
2012-08-16,2012-08-30,OPTSTK,AXISBANK,960.0,PE,0.75,1.0,0.75,0.9,0.9,4,9.6,48750
2012-08-16,2012-08-30,OPTSTK,AXISBANK,980.0,PE,1.3,1.35,0.85,0.85,0.85,8,19.62,79750
2012-08-16,2012-08-30,OPTSTK,AXISBANK,1000.0,PE,2.0,2.1,1.55,1.95,1.95,99,247.95,201750
2012-08-16,2012-08-30,OPTSTK,AXISBANK,1020.0,PE,2.15,2.9,2.0,2.55,2.55,26,66.44,108500
2012-08-16,2012-08-30,OPTSTK,AXISBANK,1040.0,PE,3.1,4.35,3.0,4.0,4.0,185,482.72,101500
2012-08-16,2012-08-30,OPTSTK,AXISBANK,1050.0,PE,4.8,5.75,3.8,5.15,5.15,184,485.23,137500
2012-08-16,2012-08-30,OPTSTK,AXISBANK,1060.0,PE,5.9,7.5,5.0,6.7,6.7,332,885.03,92750
2012-08-16,2012-08-30,OPTSTK,AXISBANK,1080.0,PE,9.6,11.75,8.5,10.6,10.6,262,714.0,80250
2012-08-16,2012-08-30,OPTSTK,AXISBANK,1100.0,PE,13.85,18.3,13.5,17.05,17.05,597,1665.61,128500
2012-08-16,2012-08-30,OPTSTK,AXISBANK,1120.0,PE,25.05,27.8,20.6,25.55,25.55,243,695.15,46750
2012-08-16,2012-08-30,OPTSTK,AXISBANK,1140.0,PE,31.75,31.75,31.75,31.75,31.75,1,2.92,500
2012-08-16,2012-08-30,OPTSTK,AXISBANK,1150.0,PE,44.0,44.55,39.0,43.9,43.9,19,56.59,4250
2012-08-16,2012-08-30,OPTSTK,AXISBANK,1160.0,PE,0.0,0.0,0.0,67.0,55.25,0,0.0,0
2012-08-16,2012-08-30,OPTSTK,AXISBANK,1180.0,PE,0.0,0.0,0.0,205.9,70.6,0,0.0,0
2012-08-16,2012-08-30,OPTSTK,AXISBANK,1200.0,PE,0.0,0.0,0.0,140.0,87.3,0,0.0,0
2012-08-16,2012-08-30,OPTSTK,AXISBANK,1220.0,PE,0.0,0.0,0.0,238.8,105.15,0,0.0,0
2012-08-16,2012-08-30,OPTSTK,AXISBANK,1240.0,PE,0.0,0.0,0.0,255.8,123.75,0,0.0,0
2012-08-16,2012-08-30,OPTSTK,AXISBANK,1250.0,PE,0.0,0.0,0.0,223.25,133.25,0,0.0,0
2012-08-16,2012-08-30,OPTSTK,AXISBANK,1260.0,PE,0.0,0.0,0.0,273.05,142.85,0,0.0,0
2012-08-16,2012-08-30,OPTSTK,AXISBANK,1280.0,PE,0.0,0.0,0.0,290.65,162.3,0,0.0,0
2012-08-16,2012-08-30,OPTSTK,AXISBANK,1300.0,PE,0.0,0.0,0.0,308.45,182.0,0,0.0,0
2012-08-16,2012-08-30,OPTSTK,AXISBANK,1320.0,PE,0.0,0.0,0.0,326.45,201.8,0,0.0,0
2012-08-16,2012-08-30,OPTSTK,AXISBANK,1340.0,PE,0.0,0.0,0.0,344.7,221.65,0,0.0,0
2012-08-16,2012-08-30,OPTSTK,AXISBANK,1350.0,PE,0.0,0.0,0.0,309.8,231.6,0,0.0,0
2012-08-16,2012-08-30,OPTSTK,AXISBANK,1360.0,PE,0.0,0.0,0.0,363.1,241.55,0,0.0,0
2012-08-16,2012-08-30,OPTSTK,AXISBANK,1380.0,PE,0.0,0.0,0.0,381.6,261.45,0,0.0,0
2012-08-16,2012-08-30,OPTSTK,AXISBANK,1400.0,PE,0.0,0.0,0.0,355.4,281.4,0,0.0,0
2012-08-16,2012-08-30,OPTSTK,AXISBANK,1450.0,PE,0.0,0.0,0.0,402.0,331.2,0,0.0,0
2012-08-16,2012-08-30,OPTSTK,AXISBANK,1500.0,PE,0.0,0.0,0.0,449.3,381.05,0,0.0,0
2012-08-16,2012-08-30,OPTSTK,AXISBANK,1550.0,PE,0.0,0.0,0.0,497.1,430.9,0,0.0,0
2012-08-16,2012-08-30,OPTSTK,AXISBANK,1600.0,PE,0.0,0.0,0.0,545.25,480.7,0,0.0,0
2012-08-16,2012-09-27,OPTSTK,AXISBANK,500.0,CE,0.0,0.0,0.0,527.0,619.15,0,0.0,0
2012-08-16,2012-09-27,OPTSTK,AXISBANK,550.0,CE,0.0,0.0,0.0,478.1,569.65,0,0.0,0
2012-08-16,2012-09-27,OPTSTK,AXISBANK,580.0,CE,0.0,0.0,0.0,412.15,539.95,0,0.0,0
2012-08-16,2012-09-27,OPTSTK,AXISBANK,600.0,CE,0.0,0.0,0.0,392.65,520.15,0,0.0,0
2012-08-16,2012-09-27,OPTSTK,AXISBANK,620.0,CE,0.0,0.0,0.0,373.2,500.4,0,0.0,0
2012-08-16,2012-09-27,OPTSTK,AXISBANK,640.0,CE,0.0,0.0,0.0,353.75,480.6,0,0.0,0
2012-08-16,2012-09-27,OPTSTK,AXISBANK,650.0,CE,0.0,0.0,0.0,380.7,470.7,0,0.0,0
2012-08-16,2012-09-27,OPTSTK,AXISBANK,660.0,CE,0.0,0.0,0.0,334.4,460.8,0,0.0,0
2012-08-16,2012-09-27,OPTSTK,AXISBANK,680.0,CE,0.0,0.0,0.0,315.15,441.0,0,0.0,0
2012-08-16,2012-09-27,OPTSTK,AXISBANK,700.0,CE,0.0,0.0,0.0,296.05,421.2,0,0.0,0
2012-08-16,2012-09-27,OPTSTK,AXISBANK,720.0,CE,0.0,0.0,0.0,277.15,401.4,0,0.0,0
2012-08-16,2012-09-27,OPTSTK,AXISBANK,740.0,CE,0.0,0.0,0.0,258.5,381.6,0,0.0,0
2012-08-16,2012-09-27,OPTSTK,AXISBANK,750.0,CE,0.0,0.0,0.0,285.45,371.75,0,0.0,0
2012-08-16,2012-09-27,OPTSTK,AXISBANK,760.0,CE,0.0,0.0,0.0,240.15,361.85,0,0.0,0
2012-08-16,2012-09-27,OPTSTK,AXISBANK,780.0,CE,0.0,0.0,0.0,222.25,342.05,0,0.0,0
2012-08-16,2012-09-27,OPTSTK,AXISBANK,800.0,CE,0.0,0.0,0.0,204.75,322.3,0,0.0,0
2012-08-16,2012-09-27,OPTSTK,AXISBANK,820.0,CE,0.0,0.0,0.0,187.85,302.55,0,0.0,0
2012-08-16,2012-09-27,OPTSTK,AXISBANK,840.0,CE,0.0,0.0,0.0,171.55,282.8,0,0.0,0
2012-08-16,2012-09-27,OPTSTK,AXISBANK,850.0,CE,0.0,0.0,0.0,197.75,273.0,0,0.0,0
2012-08-16,2012-09-27,OPTSTK,AXISBANK,860.0,CE,0.0,0.0,0.0,155.95,263.15,0,0.0,0
2012-08-16,2012-09-27,OPTSTK,AXISBANK,880.0,CE,0.0,0.0,0.0,141.1,243.65,0,0.0,0
2012-08-16,2012-09-27,OPTSTK,AXISBANK,900.0,CE,0.0,0.0,0.0,127.05,224.3,0,0.0,0
2012-08-16,2012-09-27,OPTSTK,AXISBANK,920.0,CE,0.0,0.0,0.0,113.85,205.15,0,0.0,0
2012-08-16,2012-09-27,OPTSTK,AXISBANK,940.0,CE,0.0,0.0,0.0,101.5,186.4,0,0.0,0
2012-08-16,2012-09-27,OPTSTK,AXISBANK,950.0,CE,0.0,0.0,0.0,125.0,177.15,0,0.0,0
2012-08-16,2012-09-27,OPTSTK,AXISBANK,960.0,CE,0.0,0.0,0.0,90.1,168.05,0,0.0,0
2012-08-16,2012-09-27,OPTSTK,AXISBANK,980.0,CE,0.0,0.0,0.0,79.6,150.35,0,0.0,0
2012-08-16,2012-09-27,OPTSTK,AXISBANK,1000.0,CE,0.0,0.0,0.0,80.4,133.3,0,0.0,0
2012-08-16,2012-09-27,OPTSTK,AXISBANK,1020.0,CE,0.0,0.0,0.0,68.1,117.15,0,0.0,0
2012-08-16,2012-09-27,OPTSTK,AXISBANK,1040.0,CE,0.0,0.0,0.0,53.4,102.0,0,0.0,0
2012-08-16,2012-09-27,OPTSTK,AXISBANK,1050.0,CE,0.0,0.0,0.0,50.75,94.8,0,0.0,250
2012-08-16,2012-09-27,OPTSTK,AXISBANK,1060.0,CE,0.0,0.0,0.0,46.35,87.85,0,0.0,0
2012-08-16,2012-09-27,OPTSTK,AXISBANK,1080.0,CE,0.0,0.0,0.0,39.1,74.95,0,0.0,500
2012-08-16,2012-09-27,OPTSTK,AXISBANK,1100.0,CE,54.25,57.05,54.25,57.05,57.05,3,8.66,3000
2012-08-16,2012-09-27,OPTSTK,AXISBANK,1120.0,CE,45.0,45.0,44.1,44.1,44.1,2,5.82,1500
2012-08-16,2012-09-27,OPTSTK,AXISBANK,1140.0,CE,0.0,0.0,0.0,25.95,43.65,0,0.0,500
2012-08-16,2012-09-27,OPTSTK,AXISBANK,1150.0,CE,0.0,0.0,0.0,28.0,39.5,0,0.0,750
2012-08-16,2012-09-27,OPTSTK,AXISBANK,1160.0,CE,0.0,0.0,0.0,21.45,35.65,0,0.0,0
2012-08-16,2012-09-27,OPTSTK,AXISBANK,1180.0,CE,0.0,0.0,0.0,18.15,28.85,0,0.0,0
2012-08-16,2012-09-27,OPTSTK,AXISBANK,1200.0,CE,0.0,0.0,0.0,15.3,23.05,0,0.0,0
2012-08-16,2012-09-27,OPTSTK,AXISBANK,1220.0,CE,0.0,0.0,0.0,12.9,18.35,0,0.0,0
2012-08-16,2012-09-27,OPTSTK,AXISBANK,1240.0,CE,0.0,0.0,0.0,10.8,14.35,0,0.0,0
2012-08-16,2012-09-27,OPTSTK,AXISBANK,1250.0,CE,0.0,0.0,0.0,18.45,12.65,0,0.0,0
2012-08-16,2012-09-27,OPTSTK,AXISBANK,1260.0,CE,0.0,0.0,0.0,9.0,11.1,0,0.0,0
2012-08-16,2012-09-27,OPTSTK,AXISBANK,1280.0,CE,0.0,0.0,0.0,7.5,8.55,0,0.0,0
2012-08-16,2012-09-27,OPTSTK,AXISBANK,1300.0,CE,0.0,0.0,0.0,6.25,6.5,0,0.0,0
2012-08-16,2012-09-27,OPTSTK,AXISBANK,1320.0,CE,0.0,0.0,0.0,5.15,4.9,0,0.0,0
2012-08-16,2012-09-27,OPTSTK,AXISBANK,1340.0,CE,0.0,0.0,0.0,4.25,3.65,0,0.0,0
2012-08-16,2012-09-27,OPTSTK,AXISBANK,1350.0,CE,0.0,0.0,0.0,8.4,3.15,0,0.0,0
2012-08-16,2012-09-27,OPTSTK,AXISBANK,1360.0,CE,0.0,0.0,0.0,3.5,2.7,0,0.0,0
2012-08-16,2012-09-27,OPTSTK,AXISBANK,1380.0,CE,0.0,0.0,0.0,2.9,2.0,0,0.0,0
2012-08-16,2012-09-27,OPTSTK,AXISBANK,1400.0,CE,0.0,0.0,0.0,5.55,1.45,0,0.0,0
2012-08-16,2012-09-27,OPTSTK,AXISBANK,1450.0,CE,0.0,0.0,0.0,3.65,0.65,0,0.0,0
2012-08-16,2012-09-27,OPTSTK,AXISBANK,1500.0,CE,0.0,0.0,0.0,2.35,0.25,0,0.0,0
2012-08-16,2012-09-27,OPTSTK,AXISBANK,1550.0,CE,0.0,0.0,0.0,1.5,0.1,0,0.0,0
2012-08-16,2012-09-27,OPTSTK,AXISBANK,1600.0,CE,0.0,0.0,0.0,0.95,0.05,0,0.0,0
2012-08-16,2012-09-27,OPTSTK,AXISBANK,500.0,PE,0.0,0.0,0.0,0.05,0.0,0,0.0,0
2012-08-16,2012-09-27,OPTSTK,AXISBANK,550.0,PE,0.0,0.0,0.0,0.05,0.0,0,0.0,0
2012-08-16,2012-09-27,OPTSTK,AXISBANK,580.0,PE,0.0,0.0,0.0,0.05,0.0,0,0.0,0
2012-08-16,2012-09-27,OPTSTK,AXISBANK,600.0,PE,0.0,0.0,0.0,0.1,0.0,0,0.0,0
2012-08-16,2012-09-27,OPTSTK,AXISBANK,620.0,PE,0.0,0.0,0.0,0.15,0.0,0,0.0,0
2012-08-16,2012-09-27,OPTSTK,AXISBANK,640.0,PE,0.0,0.0,0.0,0.3,0.0,0,0.0,0
2012-08-16,2012-09-27,OPTSTK,AXISBANK,650.0,PE,0.0,0.0,0.0,0.35,0.0,0,0.0,0
2012-08-16,2012-09-27,OPTSTK,AXISBANK,660.0,PE,0.0,0.0,0.0,0.45,0.0,0,0.0,0
2012-08-16,2012-09-27,OPTSTK,AXISBANK,680.0,PE,0.0,0.0,0.0,0.75,0.0,0,0.0,0
2012-08-16,2012-09-27,OPTSTK,AXISBANK,700.0,PE,0.0,0.0,0.0,1.2,0.0,0,0.0,0
2012-08-16,2012-09-27,OPTSTK,AXISBANK,720.0,PE,0.0,0.0,0.0,1.8,0.0,0,0.0,0
2012-08-16,2012-09-27,OPTSTK,AXISBANK,740.0,PE,0.0,0.0,0.0,2.7,0.0,0,0.0,0
2012-08-16,2012-09-27,OPTSTK,AXISBANK,750.0,PE,0.0,0.0,0.0,2.85,0.0,0,0.0,0
2012-08-16,2012-09-27,OPTSTK,AXISBANK,760.0,PE,0.0,0.0,0.0,3.9,0.05,0,0.0,0
2012-08-16,2012-09-27,OPTSTK,AXISBANK,780.0,PE,0.0,0.0,0.0,5.5,0.05,0,0.0,0
2012-08-16,2012-09-27,OPTSTK,AXISBANK,800.0,PE,0.0,0.0,0.0,7.55,0.05,0,0.0,0
2012-08-16,2012-09-27,OPTSTK,AXISBANK,820.0,PE,0.0,0.0,0.0,10.15,0.1,0,0.0,0
2012-08-16,2012-09-27,OPTSTK,AXISBANK,840.0,PE,0.0,0.0,0.0,13.4,0.2,0,0.0,0
2012-08-16,2012-09-27,OPTSTK,AXISBANK,850.0,PE,0.0,0.0,0.0,12.95,0.25,0,0.0,0
2012-08-16,2012-09-27,OPTSTK,AXISBANK,860.0,PE,0.0,0.0,0.0,17.35,0.35,0,0.0,0
2012-08-16,2012-09-27,OPTSTK,AXISBANK,880.0,PE,0.0,0.0,0.0,22.05,0.6,0,0.0,0
2012-08-16,2012-09-27,OPTSTK,AXISBANK,900.0,PE,0.0,0.0,0.0,27.5,1.0,0,0.0,0
2012-08-16,2012-09-27,OPTSTK,AXISBANK,920.0,PE,0.0,0.0,0.0,33.85,1.7,0,0.0,0
2012-08-16,2012-09-27,OPTSTK,AXISBANK,940.0,PE,0.0,0.0,0.0,41.05,2.7,0,0.0,0
2012-08-16,2012-09-27,OPTSTK,AXISBANK,950.0,PE,0.0,0.0,0.0,37.9,3.4,0,0.0,0
2012-08-16,2012-09-27,OPTSTK,AXISBANK,960.0,PE,0.0,0.0,0.0,49.2,4.2,0,0.0,0
2012-08-16,2012-09-27,OPTSTK,AXISBANK,980.0,PE,0.0,0.0,0.0,58.25,6.25,0,0.0,0
2012-08-16,2012-09-27,OPTSTK,AXISBANK,1000.0,PE,0.0,0.0,0.0,28.0,9.05,0,0.0,250
2012-08-16,2012-09-27,OPTSTK,AXISBANK,1020.0,PE,0.0,0.0,0.0,78.95,12.65,0,0.0,0
2012-08-16,2012-09-27,OPTSTK,AXISBANK,1040.0,PE,0.0,0.0,0.0,22.2,17.3,0,0.0,250
2012-08-16,2012-09-27,OPTSTK,AXISBANK,1050.0,PE,0.0,0.0,0.0,18.0,20.0,0,0.0,2500
2012-08-16,2012-09-27,OPTSTK,AXISBANK,1060.0,PE,0.0,0.0,0.0,103.1,22.95,0,0.0,0
2012-08-16,2012-09-27,OPTSTK,AXISBANK,1080.0,PE,0.0,0.0,0.0,31.0,29.8,0,0.0,500
2012-08-16,2012-09-27,OPTSTK,AXISBANK,1100.0,PE,25.0,25.0,25.0,25.0,25.0,1,2.81,2750
2012-08-16,2012-09-27,OPTSTK,AXISBANK,1120.0,PE,0.0,0.0,0.0,144.9,47.3,0,0.0,0
2012-08-16,2012-09-27,OPTSTK,AXISBANK,1140.0,PE,0.0,0.0,0.0,160.1,57.9,0,0.0,0
2012-08-16,2012-09-27,OPTSTK,AXISBANK,1150.0,PE,0.0,0.0,0.0,146.3,63.65,0,0.0,0
2012-08-16,2012-09-27,OPTSTK,AXISBANK,1160.0,PE,0.0,0.0,0.0,175.85,69.75,0,0.0,0
2012-08-16,2012-09-27,OPTSTK,AXISBANK,1180.0,PE,0.0,0.0,0.0,192.1,82.7,0,0.0,0
2012-08-16,2012-09-27,OPTSTK,AXISBANK,1200.0,PE,0.0,0.0,0.0,208.8,96.7,0,0.0,0
2012-08-16,2012-09-27,OPTSTK,AXISBANK,1220.0,PE,0.0,0.0,0.0,225.9,111.75,0,0.0,0
2012-08-16,2012-09-27,OPTSTK,AXISBANK,1240.0,PE,0.0,0.0,0.0,243.35,127.55,0,0.0,0
2012-08-16,2012-09-27,OPTSTK,AXISBANK,1250.0,PE,0.0,0.0,0.0,224.65,135.75,0,0.0,0
2012-08-16,2012-09-27,OPTSTK,AXISBANK,1260.0,PE,0.0,0.0,0.0,261.1,144.15,0,0.0,0
2012-08-16,2012-09-27,OPTSTK,AXISBANK,1280.0,PE,0.0,0.0,0.0,279.15,161.35,0,0.0,0
2012-08-16,2012-09-27,OPTSTK,AXISBANK,1300.0,PE,0.0,0.0,0.0,297.4,179.1,0,0.0,0
2012-08-16,2012-09-27,OPTSTK,AXISBANK,1320.0,PE,0.0,0.0,0.0,315.85,197.3,0,0.0,0
2012-08-16,2012-09-27,OPTSTK,AXISBANK,1340.0,PE,0.0,0.0,0.0,334.5,215.85,0,0.0,0
2012-08-16,2012-09-27,OPTSTK,AXISBANK,1350.0,PE,0.0,0.0,0.0,312.4,225.25,0,0.0,0
2012-08-16,2012-09-27,OPTSTK,AXISBANK,1360.0,PE,0.0,0.0,0.0,353.3,234.7,0,0.0,0
2012-08-16,2012-09-27,OPTSTK,AXISBANK,1380.0,PE,0.0,0.0,0.0,372.2,253.75,0,0.0,0
2012-08-16,2012-09-27,OPTSTK,AXISBANK,1400.0,PE,0.0,0.0,0.0,358.4,273.0,0,0.0,0
2012-08-16,2012-09-27,OPTSTK,AXISBANK,1450.0,PE,0.0,0.0,0.0,405.35,321.7,0,0.0,0
2012-08-16,2012-09-27,OPTSTK,AXISBANK,1500.0,PE,0.0,0.0,0.0,452.95,370.8,0,0.0,0
2012-08-16,2012-09-27,OPTSTK,AXISBANK,1550.0,PE,0.0,0.0,0.0,501.0,420.15,0,0.0,0
2012-08-16,2012-09-27,OPTSTK,AXISBANK,1600.0,PE,0.0,0.0,0.0,549.3,469.55,0,0.0,0
2012-08-16,2012-10-25,OPTSTK,AXISBANK,500.0,CE,0.0,0.0,0.0,513.55,622.55,0,0.0,0
2012-08-16,2012-10-25,OPTSTK,AXISBANK,550.0,CE,0.0,0.0,0.0,464.7,573.4,0,0.0,0
2012-08-16,2012-10-25,OPTSTK,AXISBANK,600.0,CE,0.0,0.0,0.0,415.85,524.25,0,0.0,0
2012-08-16,2012-10-25,OPTSTK,AXISBANK,650.0,CE,0.0,0.0,0.0,367.1,475.15,0,0.0,0
2012-08-16,2012-10-25,OPTSTK,AXISBANK,700.0,CE,0.0,0.0,0.0,318.7,426.0,0,0.0,0
2012-08-16,2012-10-25,OPTSTK,AXISBANK,750.0,CE,0.0,0.0,0.0,271.1,376.95,0,0.0,0
2012-08-16,2012-10-25,OPTSTK,AXISBANK,800.0,CE,0.0,0.0,0.0,225.15,328.1,0,0.0,0
2012-08-16,2012-10-25,OPTSTK,AXISBANK,820.0,CE,0.0,0.0,0.0,201.15,308.7,0,0.0,0
2012-08-16,2012-10-25,OPTSTK,AXISBANK,840.0,CE,0.0,0.0,0.0,183.9,289.4,0,0.0,0
2012-08-16,2012-10-25,OPTSTK,AXISBANK,850.0,CE,0.0,0.0,0.0,182.0,279.85,0,0.0,0
2012-08-16,2012-10-25,OPTSTK,AXISBANK,860.0,CE,0.0,0.0,0.0,167.25,270.3,0,0.0,0
2012-08-16,2012-10-25,OPTSTK,AXISBANK,880.0,CE,0.0,0.0,0.0,151.3,251.45,0,0.0,0
2012-08-16,2012-10-25,OPTSTK,AXISBANK,900.0,CE,0.0,0.0,0.0,142.8,232.95,0,0.0,0
2012-08-16,2012-10-25,OPTSTK,AXISBANK,920.0,CE,0.0,0.0,0.0,121.85,214.75,0,0.0,0
2012-08-16,2012-10-25,OPTSTK,AXISBANK,940.0,CE,0.0,0.0,0.0,108.4,197.05,0,0.0,0
2012-08-16,2012-10-25,OPTSTK,AXISBANK,950.0,CE,0.0,0.0,0.0,108.65,188.45,0,0.0,0
2012-08-16,2012-10-25,OPTSTK,AXISBANK,960.0,CE,0.0,0.0,0.0,95.9,179.95,0,0.0,0
2012-08-16,2012-10-25,OPTSTK,AXISBANK,980.0,CE,0.0,0.0,0.0,84.35,163.4,0,0.0,0
2012-08-16,2012-10-25,OPTSTK,AXISBANK,1000.0,CE,0.0,0.0,0.0,80.1,147.6,0,0.0,0
2012-08-16,2012-10-25,OPTSTK,AXISBANK,1020.0,CE,0.0,0.0,0.0,64.2,132.65,0,0.0,0
2012-08-16,2012-10-25,OPTSTK,AXISBANK,1040.0,CE,0.0,0.0,0.0,55.55,118.45,0,0.0,0
2012-08-16,2012-10-25,OPTSTK,AXISBANK,1050.0,CE,0.0,0.0,0.0,57.2,111.65,0,0.0,0
2012-08-16,2012-10-25,OPTSTK,AXISBANK,1060.0,CE,0.0,0.0,0.0,47.8,105.15,0,0.0,0
2012-08-16,2012-10-25,OPTSTK,AXISBANK,1080.0,CE,0.0,0.0,0.0,40.9,92.85,0,0.0,0
2012-08-16,2012-10-25,OPTSTK,AXISBANK,1100.0,CE,0.0,0.0,0.0,39.7,81.5,0,0.0,0
2012-08-16,2012-10-25,OPTSTK,AXISBANK,1120.0,CE,0.0,0.0,0.0,29.5,71.1,0,0.0,0
2012-08-16,2012-10-25,OPTSTK,AXISBANK,1140.0,CE,0.0,0.0,0.0,24.9,61.7,0,0.0,0
2012-08-16,2012-10-25,OPTSTK,AXISBANK,1150.0,CE,0.0,0.0,0.0,26.8,57.35,0,0.0,0
2012-08-16,2012-10-25,OPTSTK,AXISBANK,1160.0,CE,0.0,0.0,0.0,20.85,53.2,0,0.0,0
2012-08-16,2012-10-25,OPTSTK,AXISBANK,1180.0,CE,0.0,0.0,0.0,17.4,45.65,0,0.0,0
2012-08-16,2012-10-25,OPTSTK,AXISBANK,1200.0,CE,0.0,0.0,0.0,17.6,38.9,0,0.0,0
2012-08-16,2012-10-25,OPTSTK,AXISBANK,1250.0,CE,0.0,0.0,0.0,11.25,25.55,0,0.0,0
2012-08-16,2012-10-25,OPTSTK,AXISBANK,1300.0,CE,0.0,0.0,0.0,7.05,16.2,0,0.0,0
2012-08-16,2012-10-25,OPTSTK,AXISBANK,1350.0,CE,0.0,0.0,0.0,4.35,9.95,0,0.0,0
2012-08-16,2012-10-25,OPTSTK,AXISBANK,1400.0,CE,0.0,0.0,0.0,2.6,5.95,0,0.0,0
2012-08-16,2012-10-25,OPTSTK,AXISBANK,1450.0,CE,0.0,0.0,0.0,1.55,3.45,0,0.0,0
2012-08-16,2012-10-25,OPTSTK,AXISBANK,1500.0,CE,0.0,0.0,0.0,0.9,1.95,0,0.0,0
2012-08-16,2012-10-25,OPTSTK,AXISBANK,1550.0,CE,0.0,0.0,0.0,0.55,1.1,0,0.0,0
2012-08-16,2012-10-25,OPTSTK,AXISBANK,1600.0,CE,0.0,0.0,0.0,0.3,0.6,0,0.0,0
2012-08-16,2012-10-25,OPTSTK,AXISBANK,500.0,PE,0.0,0.0,0.0,0.05,0.0,0,0.0,0
2012-08-16,2012-10-25,OPTSTK,AXISBANK,550.0,PE,0.0,0.0,0.0,0.05,0.0,0,0.0,0
2012-08-16,2012-10-25,OPTSTK,AXISBANK,600.0,PE,0.0,0.0,0.0,0.05,0.0,0,0.0,0
2012-08-16,2012-10-25,OPTSTK,AXISBANK,650.0,PE,0.0,0.0,0.0,0.15,0.0,0,0.0,0
2012-08-16,2012-10-25,OPTSTK,AXISBANK,700.0,PE,0.0,0.0,0.0,0.6,0.05,0,0.0,0
2012-08-16,2012-10-25,OPTSTK,AXISBANK,750.0,PE,0.0,0.0,0.0,1.9,0.1,0,0.0,0
2012-08-16,2012-10-25,OPTSTK,AXISBANK,800.0,PE,0.0,0.0,0.0,4.8,0.4,0,0.0,0
2012-08-16,2012-10-25,OPTSTK,AXISBANK,820.0,PE,0.0,0.0,0.0,6.05,0.65,0,0.0,0
2012-08-16,2012-10-25,OPTSTK,AXISBANK,840.0,PE,0.0,0.0,0.0,8.35,1.05,0,0.0,0
2012-08-16,2012-10-25,OPTSTK,AXISBANK,850.0,PE,0.0,0.0,0.0,10.5,1.3,0,0.0,0
2012-08-16,2012-10-25,OPTSTK,AXISBANK,860.0,PE,0.0,0.0,0.0,11.25,1.6,0,0.0,0
2012-08-16,2012-10-25,OPTSTK,AXISBANK,880.0,PE,0.0,0.0,0.0,14.9,2.4,0,0.0,0
2012-08-16,2012-10-25,OPTSTK,AXISBANK,900.0,PE,0.0,0.0,0.0,20.2,3.55,0,0.0,0
2012-08-16,2012-10-25,OPTSTK,AXISBANK,920.0,PE,0.0,0.0,0.0,24.55,5.0,0,0.0,0
2012-08-16,2012-10-25,OPTSTK,AXISBANK,940.0,PE,0.0,0.0,0.0,30.65,7.0,0,0.0,0
2012-08-16,2012-10-25,OPTSTK,AXISBANK,950.0,PE,0.0,0.0,0.0,34.85,8.15,0,0.0,0
2012-08-16,2012-10-25,OPTSTK,AXISBANK,960.0,PE,0.0,0.0,0.0,37.7,9.5,0,0.0,0
2012-08-16,2012-10-25,OPTSTK,AXISBANK,980.0,PE,0.0,0.0,0.0,45.75,12.65,0,0.0,0
2012-08-16,2012-10-25,OPTSTK,AXISBANK,1000.0,PE,0.0,0.0,0.0,55.2,16.5,0,0.0,0
2012-08-16,2012-10-25,OPTSTK,AXISBANK,1020.0,PE,0.0,0.0,0.0,64.7,21.2,0,0.0,0
2012-08-16,2012-10-25,OPTSTK,AXISBANK,1040.0,PE,0.0,0.0,0.0,75.6,26.65,0,0.0,0
2012-08-16,2012-10-25,OPTSTK,AXISBANK,1050.0,PE,0.0,0.0,0.0,81.2,29.7,0,0.0,0
2012-08-16,2012-10-25,OPTSTK,AXISBANK,1060.0,PE,0.0,0.0,0.0,87.4,33.0,0,0.0,0
2012-08-16,2012-10-25,OPTSTK,AXISBANK,1080.0,PE,0.0,0.0,0.0,100.05,40.35,0,0.0,0
2012-08-16,2012-10-25,OPTSTK,AXISBANK,1100.0,PE,0.0,0.0,0.0,112.5,48.65,0,0.0,0
2012-08-16,2012-10-25,OPTSTK,AXISBANK,1120.0,PE,0.0,0.0,0.0,127.8,57.95,0,0.0,0
2012-08-16,2012-10-25,OPTSTK,AXISBANK,1140.0,PE,0.0,0.0,0.0,142.75,68.15,0,0.0,0
2012-08-16,2012-10-25,OPTSTK,AXISBANK,1150.0,PE,0.0,0.0,0.0,148.5,73.65,0,0.0,0
2012-08-16,2012-10-25,OPTSTK,AXISBANK,1160.0,PE,0.0,0.0,0.0,158.3,79.35,0,0.0,0
2012-08-16,2012-10-25,OPTSTK,AXISBANK,1180.0,PE,0.0,0.0,0.0,174.4,91.4,0,0.0,0
2012-08-16,2012-10-25,OPTSTK,AXISBANK,1200.0,PE,0.0,0.0,0.0,188.15,104.35,0,0.0,0
2012-08-16,2012-10-25,OPTSTK,AXISBANK,1250.0,PE,0.0,0.0,0.0,230.7,140.15,0,0.0,0
2012-08-16,2012-10-25,OPTSTK,AXISBANK,1300.0,PE,0.0,0.0,0.0,275.35,179.9,0,0.0,0
2012-08-16,2012-10-25,OPTSTK,AXISBANK,1350.0,PE,0.0,0.0,0.0,321.5,222.85,0,0.0,0
2012-08-16,2012-10-25,OPTSTK,AXISBANK,1400.0,PE,0.0,0.0,0.0,368.65,267.95,0,0.0,0
2012-08-16,2012-10-25,OPTSTK,AXISBANK,1450.0,PE,0.0,0.0,0.0,416.45,314.6,0,0.0,0
2012-08-16,2012-10-25,OPTSTK,AXISBANK,1500.0,PE,0.0,0.0,0.0,464.65,362.25,0,0.0,0
2012-08-16,2012-10-25,OPTSTK,AXISBANK,1550.0,PE,0.0,0.0,0.0,513.15,410.55,0,0.0,0
2012-08-16,2012-10-25,OPTSTK,AXISBANK,1600.0,PE,0.0,0.0,0.0,561.8,459.2,0,0.0,0
2012-08-16,2012-08-30,OPTSTK,BAJAJ-AUTO,800.0,CE,0.0,0.0,0.0,730.7,895.45,0,0.0,0
2012-08-16,2012-08-30,OPTSTK,BAJAJ-AUTO,850.0,CE,0.0,0.0,0.0,681.9,845.6,0,0.0,0
2012-08-16,2012-08-30,OPTSTK,BAJAJ-AUTO,900.0,CE,0.0,0.0,0.0,633.1,795.8,0,0.0,0
2012-08-16,2012-08-30,OPTSTK,BAJAJ-AUTO,950.0,CE,0.0,0.0,0.0,584.35,745.95,0,0.0,0
2012-08-16,2012-08-30,OPTSTK,BAJAJ-AUTO,1000.0,CE,0.0,0.0,0.0,535.6,696.1,0,0.0,0
2012-08-16,2012-08-30,OPTSTK,BAJAJ-AUTO,1050.0,CE,0.0,0.0,0.0,487.05,646.3,0,0.0,0
2012-08-16,2012-08-30,OPTSTK,BAJAJ-AUTO,1100.0,CE,0.0,0.0,0.0,438.75,596.45,0,0.0,0
2012-08-16,2012-08-30,OPTSTK,BAJAJ-AUTO,1150.0,CE,0.0,0.0,0.0,391.05,546.6,0,0.0,0
2012-08-16,2012-08-30,OPTSTK,BAJAJ-AUTO,1200.0,CE,0.0,0.0,0.0,344.3,496.8,0,0.0,0
2012-08-16,2012-08-30,OPTSTK,BAJAJ-AUTO,1250.0,CE,0.0,0.0,0.0,299.05,446.95,0,0.0,0
2012-08-16,2012-08-30,OPTSTK,BAJAJ-AUTO,1300.0,CE,0.0,0.0,0.0,255.95,397.1,0,0.0,0
2012-08-16,2012-08-30,OPTSTK,BAJAJ-AUTO,1350.0,CE,0.0,0.0,0.0,215.55,347.3,0,0.0,0
2012-08-16,2012-08-30,OPTSTK,BAJAJ-AUTO,1400.0,CE,0.0,0.0,0.0,178.55,297.45,0,0.0,0
2012-08-16,2012-08-30,OPTSTK,BAJAJ-AUTO,1450.0,CE,0.0,0.0,0.0,112.8,247.65,0,0.0,625
2012-08-16,2012-08-30,OPTSTK,BAJAJ-AUTO,1500.0,CE,0.0,0.0,0.0,180.0,198.05,0,0.0,8125
2012-08-16,2012-08-30,OPTSTK,BAJAJ-AUTO,1550.0,CE,155.0,155.0,155.0,155.0,155.0,2,4.26,9000
2012-08-16,2012-08-30,OPTSTK,BAJAJ-AUTO,1600.0,CE,101.0,101.0,101.0,101.0,101.0,1,2.12,22625
2012-08-16,2012-08-30,OPTSTK,BAJAJ-AUTO,1650.0,CE,65.0,65.0,54.85,58.9,58.9,17,36.3,28875
2012-08-16,2012-08-30,OPTSTK,BAJAJ-AUTO,1700.0,CE,32.05,32.05,21.95,26.85,26.85,66,142.55,35750
2012-08-16,2012-08-30,OPTSTK,BAJAJ-AUTO,1750.0,CE,17.0,17.0,7.95,10.15,10.15,69,151.82,15125
2012-08-16,2012-08-30,OPTSTK,BAJAJ-AUTO,1800.0,CE,4.3,4.65,3.15,3.15,3.15,10,22.54,2125
2012-08-16,2012-08-30,OPTSTK,BAJAJ-AUTO,1850.0,CE,0.0,0.0,0.0,15.2,2.1,0,0.0,0
2012-08-16,2012-08-30,OPTSTK,BAJAJ-AUTO,1900.0,CE,0.0,0.0,0.0,10.7,0.6,0,0.0,0
2012-08-16,2012-08-30,OPTSTK,BAJAJ-AUTO,1950.0,CE,0.0,0.0,0.0,7.45,0.15,0,0.0,0
2012-08-16,2012-08-30,OPTSTK,BAJAJ-AUTO,2000.0,CE,0.0,0.0,0.0,5.1,0.05,0,0.0,0
2012-08-16,2012-08-30,OPTSTK,BAJAJ-AUTO,2050.0,CE,0.0,0.0,0.0,3.45,0.0,0,0.0,0
2012-08-16,2012-08-30,OPTSTK,BAJAJ-AUTO,2100.0,CE,0.0,0.0,0.0,2.35,0.0,0,0.0,0
2012-08-16,2012-08-30,OPTSTK,BAJAJ-AUTO,2150.0,CE,0.0,0.0,0.0,1.55,0.0,0,0.0,0
2012-08-16,2012-08-30,OPTSTK,BAJAJ-AUTO,2200.0,CE,0.0,0.0,0.0,1.0,0.0,0,0.0,0
2012-08-16,2012-08-30,OPTSTK,BAJAJ-AUTO,2250.0,CE,0.0,0.0,0.0,0.65,0.0,0,0.0,0
2012-08-16,2012-08-30,OPTSTK,BAJAJ-AUTO,2300.0,CE,0.0,0.0,0.0,0.45,0.0,0,0.0,0
2012-08-16,2012-08-30,OPTSTK,BAJAJ-AUTO,800.0,PE,0.0,0.0,0.0,0.05,0.0,0,0.0,0
2012-08-16,2012-08-30,OPTSTK,BAJAJ-AUTO,850.0,PE,0.0,0.0,0.0,0.05,0.0,0,0.0,0
2012-08-16,2012-08-30,OPTSTK,BAJAJ-AUTO,900.0,PE,0.0,0.0,0.0,0.05,0.0,0,0.0,0
2012-08-16,2012-08-30,OPTSTK,BAJAJ-AUTO,950.0,PE,0.0,0.0,0.0,0.05,0.0,0,0.0,0
2012-08-16,2012-08-30,OPTSTK,BAJAJ-AUTO,1000.0,PE,0.0,0.0,0.0,0.15,0.0,0,0.0,0
2012-08-16,2012-08-30,OPTSTK,BAJAJ-AUTO,1050.0,PE,0.0,0.0,0.0,0.35,0.0,0,0.0,0
2012-08-16,2012-08-30,OPTSTK,BAJAJ-AUTO,1100.0,PE,0.0,0.0,0.0,0.85,0.0,0,0.0,0
2012-08-16,2012-08-30,OPTSTK,BAJAJ-AUTO,1150.0,PE,0.0,0.0,0.0,1.95,0.0,0,0.0,0
2012-08-16,2012-08-30,OPTSTK,BAJAJ-AUTO,1200.0,PE,0.0,0.0,0.0,4.0,0.0,0,0.0,0
2012-08-16,2012-08-30,OPTSTK,BAJAJ-AUTO,1250.0,PE,0.0,0.0,0.0,7.55,0.0,0,0.0,0
2012-08-16,2012-08-30,OPTSTK,BAJAJ-AUTO,1300.0,PE,0.0,0.0,0.0,13.2,0.0,0,0.0,0
2012-08-16,2012-08-30,OPTSTK,BAJAJ-AUTO,1350.0,PE,0.0,0.0,0.0,21.65,0.0,0,0.0,0
2012-08-16,2012-08-30,OPTSTK,BAJAJ-AUTO,1400.0,PE,0.0,0.0,0.0,1.3,0.0,0,0.0,875
2012-08-16,2012-08-30,OPTSTK,BAJAJ-AUTO,1450.0,PE,0.0,0.0,0.0,1.6,0.05,0,0.0,10375
2012-08-16,2012-08-30,OPTSTK,BAJAJ-AUTO,1500.0,PE,0.0,0.0,0.0,1.9,0.3,0,0.0,20375
2012-08-16,2012-08-30,OPTSTK,BAJAJ-AUTO,1550.0,PE,0.0,0.0,0.0,2.9,1.5,0,0.0,29250
2012-08-16,2012-08-30,OPTSTK,BAJAJ-AUTO,1600.0,PE,6.15,6.2,4.4,5.75,5.75,86,172.61,58500
2012-08-16,2012-08-30,OPTSTK,BAJAJ-AUTO,1650.0,PE,10.1,14.0,9.0,11.1,11.1,111,230.5,23875
2012-08-16,2012-08-30,OPTSTK,BAJAJ-AUTO,1700.0,PE,25.0,34.55,24.0,29.05,29.05,105,226.67,25375
2012-08-16,2012-08-30,OPTSTK,BAJAJ-AUTO,1750.0,PE,57.3,61.4,57.2,61.4,61.4,3,6.78,5625
2012-08-16,2012-08-30,OPTSTK,BAJAJ-AUTO,1800.0,PE,0.0,0.0,0.0,266.55,107.6,0,0.0,0
2012-08-16,2012-08-30,OPTSTK,BAJAJ-AUTO,1850.0,PE,0.0,0.0,0.0,309.25,153.2,0,0.0,0
2012-08-16,2012-08-30,OPTSTK,BAJAJ-AUTO,1900.0,PE,0.0,0.0,0.0,353.55,201.5,0,0.0,0
2012-08-16,2012-08-30,OPTSTK,BAJAJ-AUTO,1950.0,PE,0.0,0.0,0.0,399.05,250.9,0,0.0,0
2012-08-16,2012-08-30,OPTSTK,BAJAJ-AUTO,2000.0,PE,0.0,0.0,0.0,445.55,300.6,0,0.0,0
2012-08-16,2012-08-30,OPTSTK,BAJAJ-AUTO,2050.0,PE,0.0,0.0,0.0,492.7,350.4,0,0.0,0
2012-08-16,2012-08-30,OPTSTK,BAJAJ-AUTO,2100.0,PE,0.0,0.0,0.0,540.35,400.25,0,0.0,0
2012-08-16,2012-08-30,OPTSTK,BAJAJ-AUTO,2150.0,PE,0.0,0.0,0.0,588.35,450.1,0,0.0,0
2012-08-16,2012-08-30,OPTSTK,BAJAJ-AUTO,2200.0,PE,0.0,0.0,0.0,636.65,499.9,0,0.0,0
2012-08-16,2012-08-30,OPTSTK,BAJAJ-AUTO,2250.0,PE,0.0,0.0,0.0,685.1,549.75,0,0.0,0
2012-08-16,2012-08-30,OPTSTK,BAJAJ-AUTO,2300.0,PE,0.0,0.0,0.0,733.65,599.6,0,0.0,0
2012-08-16,2012-09-27,OPTSTK,BAJAJ-AUTO,800.0,CE,0.0,0.0,0.0,768.9,901.05,0,0.0,0
2012-08-16,2012-09-27,OPTSTK,BAJAJ-AUTO,850.0,CE,0.0,0.0,0.0,720.05,851.55,0,0.0,0
2012-08-16,2012-09-27,OPTSTK,BAJAJ-AUTO,900.0,CE,0.0,0.0,0.0,671.2,802.05,0,0.0,0
2012-08-16,2012-09-27,OPTSTK,BAJAJ-AUTO,950.0,CE,0.0,0.0,0.0,622.35,752.6,0,0.0,0
2012-08-16,2012-09-27,OPTSTK,BAJAJ-AUTO,1000.0,CE,0.0,0.0,0.0,573.55,703.1,0,0.0,0
2012-08-16,2012-09-27,OPTSTK,BAJAJ-AUTO,1050.0,CE,0.0,0.0,0.0,524.7,653.6,0,0.0,0
2012-08-16,2012-09-27,OPTSTK,BAJAJ-AUTO,1100.0,CE,0.0,0.0,0.0,475.9,604.15,0,0.0,0
2012-08-16,2012-09-27,OPTSTK,BAJAJ-AUTO,1150.0,CE,0.0,0.0,0.0,427.1,554.65,0,0.0,0
2012-08-16,2012-09-27,OPTSTK,BAJAJ-AUTO,1200.0,CE,0.0,0.0,0.0,378.5,505.2,0,0.0,0
2012-08-16,2012-09-27,OPTSTK,BAJAJ-AUTO,1250.0,CE,0.0,0.0,0.0,330.25,455.7,0,0.0,0
2012-08-16,2012-09-27,OPTSTK,BAJAJ-AUTO,1300.0,CE,0.0,0.0,0.0,282.85,406.25,0,0.0,0
2012-08-16,2012-09-27,OPTSTK,BAJAJ-AUTO,1350.0,CE,0.0,0.0,0.0,237.0,356.95,0,0.0,0
2012-08-16,2012-09-27,OPTSTK,BAJAJ-AUTO,1400.0,CE,0.0,0.0,0.0,193.55,307.95,0,0.0,0
2012-08-16,2012-09-27,OPTSTK,BAJAJ-AUTO,1450.0,CE,0.0,0.0,0.0,153.65,259.8,0,0.0,0
2012-08-16,2012-09-27,OPTSTK,BAJAJ-AUTO,1500.0,CE,0.0,0.0,0.0,118.25,213.25,0,0.0,0
2012-08-16,2012-09-27,OPTSTK,BAJAJ-AUTO,1550.0,CE,0.0,0.0,0.0,165.75,169.45,0,0.0,0
2012-08-16,2012-09-27,OPTSTK,BAJAJ-AUTO,1600.0,CE,0.0,0.0,0.0,124.85,129.75,0,0.0,250
2012-08-16,2012-09-27,OPTSTK,BAJAJ-AUTO,1650.0,CE,0.0,0.0,0.0,44.05,95.3,0,0.0,0
2012-08-16,2012-09-27,OPTSTK,BAJAJ-AUTO,1700.0,CE,0.0,0.0,0.0,29.65,67.0,0,0.0,0
2012-08-16,2012-09-27,OPTSTK,BAJAJ-AUTO,1750.0,CE,0.0,0.0,0.0,19.25,44.95,0,0.0,0
2012-08-16,2012-09-27,OPTSTK,BAJAJ-AUTO,1800.0,CE,0.0,0.0,0.0,12.1,28.8,0,0.0,0
2012-08-16,2012-09-27,OPTSTK,BAJAJ-AUTO,1850.0,CE,0.0,0.0,0.0,7.4,17.6,0,0.0,0
2012-08-16,2012-09-27,OPTSTK,BAJAJ-AUTO,1900.0,CE,0.0,0.0,0.0,4.35,10.25,0,0.0,0
2012-08-16,2012-09-27,OPTSTK,BAJAJ-AUTO,1950.0,CE,0.0,0.0,0.0,2.5,5.7,0,0.0,0
2012-08-16,2012-09-27,OPTSTK,BAJAJ-AUTO,2000.0,CE,0.0,0.0,0.0,1.4,3.05,0,0.0,0
2012-08-16,2012-09-27,OPTSTK,BAJAJ-AUTO,2050.0,CE,0.0,0.0,0.0,0.75,1.55,0,0.0,0
2012-08-16,2012-09-27,OPTSTK,BAJAJ-AUTO,2100.0,CE,0.0,0.0,0.0,0.4,0.75,0,0.0,0
2012-08-16,2012-09-27,OPTSTK,BAJAJ-AUTO,2150.0,CE,0.0,0.0,0.0,0.25,0.35,0,0.0,0
2012-08-16,2012-09-27,OPTSTK,BAJAJ-AUTO,2200.0,CE,0.0,0.0,0.0,0.1,0.2,0,0.0,0
2012-08-16,2012-09-27,OPTSTK,BAJAJ-AUTO,2250.0,CE,0.0,0.0,0.0,0.05,0.1,0,0.0,0
2012-08-16,2012-09-27,OPTSTK,BAJAJ-AUTO,2300.0,CE,0.0,0.0,0.0,0.05,0.05,0,0.0,0
2012-08-16,2012-09-27,OPTSTK,BAJAJ-AUTO,800.0,PE,0.0,0.0,0.0,0.05,0.0,0,0.0,0
2012-08-16,2012-09-27,OPTSTK,BAJAJ-AUTO,850.0,PE,0.0,0.0,0.0,0.05,0.0,0,0.0,0
2012-08-16,2012-09-27,OPTSTK,BAJAJ-AUTO,900.0,PE,0.0,0.0,0.0,0.05,0.0,0,0.0,0
2012-08-16,2012-09-27,OPTSTK,BAJAJ-AUTO,950.0,PE,0.0,0.0,0.0,0.05,0.0,0,0.0,0
2012-08-16,2012-09-27,OPTSTK,BAJAJ-AUTO,1000.0,PE,0.0,0.0,0.0,0.05,0.0,0,0.0,0
2012-08-16,2012-09-27,OPTSTK,BAJAJ-AUTO,1050.0,PE,0.0,0.0,0.0,0.05,0.0,0,0.0,0
2012-08-16,2012-09-27,OPTSTK,BAJAJ-AUTO,1100.0,PE,0.0,0.0,0.0,0.05,0.0,0,0.0,0
2012-08-16,2012-09-27,OPTSTK,BAJAJ-AUTO,1150.0,PE,0.0,0.0,0.0,0.1,0.0,0,0.0,0
2012-08-16,2012-09-27,OPTSTK,BAJAJ-AUTO,1200.0,PE,0.0,0.0,0.0,0.3,0.0,0,0.0,0
2012-08-16,2012-09-27,OPTSTK,BAJAJ-AUTO,1250.0,PE,0.0,0.0,0.0,0.95,0.05,0,0.0,0
2012-08-16,2012-09-27,OPTSTK,BAJAJ-AUTO,1300.0,PE,0.0,0.0,0.0,2.35,0.05,0,0.0,0
2012-08-16,2012-09-27,OPTSTK,BAJAJ-AUTO,1350.0,PE,0.0,0.0,0.0,5.35,0.25,0,0.0,0
2012-08-16,2012-09-27,OPTSTK,BAJAJ-AUTO,1400.0,PE,0.0,0.0,0.0,10.75,0.75,0,0.0,0
2012-08-16,2012-09-27,OPTSTK,BAJAJ-AUTO,1450.0,PE,0.0,0.0,0.0,19.7,2.05,0,0.0,0
2012-08-16,2012-09-27,OPTSTK,BAJAJ-AUTO,1500.0,PE,0.0,0.0,0.0,33.1,5.0,0,0.0,0
2012-08-16,2012-09-27,OPTSTK,BAJAJ-AUTO,1550.0,PE,0.0,0.0,0.0,51.75,10.7,0,0.0,0
2012-08-16,2012-09-27,OPTSTK,BAJAJ-AUTO,1600.0,PE,0.0,0.0,0.0,75.9,20.45,0,0.0,0
2012-08-16,2012-09-27,OPTSTK,BAJAJ-AUTO,1650.0,PE,0.0,0.0,0.0,38.0,35.5,0,0.0,125
2012-08-16,2012-09-27,OPTSTK,BAJAJ-AUTO,1700.0,PE,0.0,0.0,0.0,85.0,56.7,0,0.0,0
2012-08-16,2012-09-27,OPTSTK,BAJAJ-AUTO,1750.0,PE,0.0,0.0,0.0,67.7,84.1,0,0.0,250
2012-08-16,2012-09-27,OPTSTK,BAJAJ-AUTO,1800.0,PE,0.0,0.0,0.0,100.65,117.4,0,0.0,250
2012-08-16,2012-09-27,OPTSTK,BAJAJ-AUTO,1850.0,PE,0.0,0.0,0.0,264.1,155.75,0,0.0,0
2012-08-16,2012-09-27,OPTSTK,BAJAJ-AUTO,1900.0,PE,0.0,0.0,0.0,309.9,197.85,0,0.0,0
2012-08-16,2012-09-27,OPTSTK,BAJAJ-AUTO,1950.0,PE,0.0,0.0,0.0,356.9,242.8,0,0.0,0
2012-08-16,2012-09-27,OPTSTK,BAJAJ-AUTO,2000.0,PE,0.0,0.0,0.0,404.65,289.65,0,0.0,0
2012-08-16,2012-09-27,OPTSTK,BAJAJ-AUTO,2050.0,PE,0.0,0.0,0.0,452.85,337.6,0,0.0,0
2012-08-16,2012-09-27,OPTSTK,BAJAJ-AUTO,2100.0,PE,0.0,0.0,0.0,501.3,386.3,0,0.0,0
2012-08-16,2012-09-27,OPTSTK,BAJAJ-AUTO,2150.0,PE,0.0,0.0,0.0,549.95,435.4,0,0.0,0
2012-08-16,2012-09-27,OPTSTK,BAJAJ-AUTO,2200.0,PE,0.0,0.0,0.0,598.7,484.7,0,0.0,0
2012-08-16,2012-09-27,OPTSTK,BAJAJ-AUTO,2250.0,PE,0.0,0.0,0.0,647.5,534.1,0,0.0,0
2012-08-16,2012-09-27,OPTSTK,BAJAJ-AUTO,2300.0,PE,0.0,0.0,0.0,696.3,583.5,0,0.0,0
2012-08-16,2012-10-25,OPTSTK,BAJAJ-AUTO,800.0,CE,0.0,0.0,0.0,800.65,906.5,0,0.0,0
2012-08-16,2012-10-25,OPTSTK,BAJAJ-AUTO,850.0,CE,0.0,0.0,0.0,751.75,857.35,0,0.0,0
2012-08-16,2012-10-25,OPTSTK,BAJAJ-AUTO,900.0,CE,0.0,0.0,0.0,702.9,808.2,0,0.0,0
2012-08-16,2012-10-25,OPTSTK,BAJAJ-AUTO,950.0,CE,0.0,0.0,0.0,654.05,759.1,0,0.0,0
2012-08-16,2012-10-25,OPTSTK,BAJAJ-AUTO,1000.0,CE,0.0,0.0,0.0,605.3,709.95,0,0.0,0
2012-08-16,2012-10-25,OPTSTK,BAJAJ-AUTO,1050.0,CE,0.0,0.0,0.0,556.6,660.8,0,0.0,0
2012-08-16,2012-10-25,OPTSTK,BAJAJ-AUTO,1100.0,CE,0.0,0.0,0.0,508.2,611.65,0,0.0,0
2012-08-16,2012-10-25,OPTSTK,BAJAJ-AUTO,1150.0,CE,0.0,0.0,0.0,460.2,562.55,0,0.0,0
2012-08-16,2012-10-25,OPTSTK,BAJAJ-AUTO,1200.0,CE,0.0,0.0,0.0,413.0,513.45,0,0.0,0
2012-08-16,2012-10-25,OPTSTK,BAJAJ-AUTO,1250.0,CE,0.0,0.0,0.0,366.9,464.4,0,0.0,0
2012-08-16,2012-10-25,OPTSTK,BAJAJ-AUTO,1300.0,CE,0.0,0.0,0.0,322.4,415.6,0,0.0,0
2012-08-16,2012-10-25,OPTSTK,BAJAJ-AUTO,1350.0,CE,0.0,0.0,0.0,280.0,367.25,0,0.0,0
2012-08-16,2012-10-25,OPTSTK,BAJAJ-AUTO,1400.0,CE,0.0,0.0,0.0,240.2,319.75,0,0.0,0
2012-08-16,2012-10-25,OPTSTK,BAJAJ-AUTO,1450.0,CE,0.0,0.0,0.0,203.45,273.65,0,0.0,0
2012-08-16,2012-10-25,OPTSTK,BAJAJ-AUTO,1500.0,CE,0.0,0.0,0.0,170.05,229.75,0,0.0,0
2012-08-16,2012-10-25,OPTSTK,BAJAJ-AUTO,1550.0,CE,0.0,0.0,0.0,140.3,188.8,0,0.0,0
2012-08-16,2012-10-25,OPTSTK,BAJAJ-AUTO,1600.0,CE,0.0,0.0,0.0,114.25,151.65,0,0.0,0
2012-08-16,2012-10-25,OPTSTK,BAJAJ-AUTO,1650.0,CE,0.0,0.0,0.0,91.85,118.8,0,0.0,0
2012-08-16,2012-10-25,OPTSTK,BAJAJ-AUTO,1700.0,CE,0.0,0.0,0.0,72.9,90.8,0,0.0,0
2012-08-16,2012-10-25,OPTSTK,BAJAJ-AUTO,1750.0,CE,0.0,0.0,0.0,57.15,67.65,0,0.0,0
2012-08-16,2012-10-25,OPTSTK,BAJAJ-AUTO,1800.0,CE,0.0,0.0,0.0,44.4,49.1,0,0.0,0
2012-08-16,2012-10-25,OPTSTK,BAJAJ-AUTO,1850.0,CE,0.0,0.0,0.0,34.0,34.8,0,0.0,0
2012-08-16,2012-10-25,OPTSTK,BAJAJ-AUTO,1900.0,CE,0.0,0.0,0.0,25.8,24.0,0,0.0,0
2012-08-16,2012-10-25,OPTSTK,BAJAJ-AUTO,1950.0,CE,0.0,0.0,0.0,19.35,16.2,0,0.0,0
2012-08-16,2012-10-25,OPTSTK,BAJAJ-AUTO,2000.0,CE,0.0,0.0,0.0,14.4,10.65,0,0.0,0
2012-08-16,2012-10-25,OPTSTK,BAJAJ-AUTO,2050.0,CE,0.0,0.0,0.0,10.6,6.85,0,0.0,0
2012-08-16,2012-10-25,OPTSTK,BAJAJ-AUTO,2100.0,CE,0.0,0.0,0.0,7.75,4.3,0,0.0,0
2012-08-16,2012-10-25,OPTSTK,BAJAJ-AUTO,2150.0,CE,0.0,0.0,0.0,5.6,2.65,0,0.0,0
2012-08-16,2012-10-25,OPTSTK,BAJAJ-AUTO,2200.0,CE,0.0,0.0,0.0,4.0,1.6,0,0.0,0
2012-08-16,2012-10-25,OPTSTK,BAJAJ-AUTO,2250.0,CE,0.0,0.0,0.0,2.85,0.95,0,0.0,0
2012-08-16,2012-10-25,OPTSTK,BAJAJ-AUTO,2300.0,CE,0.0,0.0,0.0,2.05,0.55,0,0.0,0
2012-08-16,2012-10-25,OPTSTK,BAJAJ-AUTO,800.0,PE,0.0,0.0,0.0,0.05,0.0,0,0.0,0
2012-08-16,2012-10-25,OPTSTK,BAJAJ-AUTO,850.0,PE,0.0,0.0,0.0,0.05,0.0,0,0.0,0
2012-08-16,2012-10-25,OPTSTK,BAJAJ-AUTO,900.0,PE,0.0,0.0,0.0,0.05,0.0,0,0.0,0
2012-08-16,2012-10-25,OPTSTK,BAJAJ-AUTO,950.0,PE,0.0,0.0,0.0,0.05,0.0,0,0.0,0
2012-08-16,2012-10-25,OPTSTK,BAJAJ-AUTO,1000.0,PE,0.0,0.0,0.0,0.15,0.0,0,0.0,0
2012-08-16,2012-10-25,OPTSTK,BAJAJ-AUTO,1050.0,PE,0.0,0.0,0.0,0.35,0.0,0,0.0,0
2012-08-16,2012-10-25,OPTSTK,BAJAJ-AUTO,1100.0,PE,0.0,0.0,0.0,0.8,0.0,0,0.0,0
2012-08-16,2012-10-25,OPTSTK,BAJAJ-AUTO,1150.0,PE,0.0,0.0,0.0,1.65,0.05,0,0.0,0
2012-08-16,2012-10-25,OPTSTK,BAJAJ-AUTO,1200.0,PE,0.0,0.0,0.0,3.3,0.05,0,0.0,0
2012-08-16,2012-10-25,OPTSTK,BAJAJ-AUTO,1250.0,PE,0.0,0.0,0.0,6.05,0.2,0,0.0,0
2012-08-16,2012-10-25,OPTSTK,BAJAJ-AUTO,1300.0,PE,0.0,0.0,0.0,10.45,0.55,0,0.0,0
2012-08-16,2012-10-25,OPTSTK,BAJAJ-AUTO,1350.0,PE,0.0,0.0,0.0,16.9,1.3,0,0.0,0
2012-08-16,2012-10-25,OPTSTK,BAJAJ-AUTO,1400.0,PE,0.0,0.0,0.0,25.95,2.95,0,0.0,0
2012-08-16,2012-10-25,OPTSTK,BAJAJ-AUTO,1450.0,PE,0.0,0.0,0.0,38.1,6.0,0,0.0,0
2012-08-16,2012-10-25,OPTSTK,BAJAJ-AUTO,1500.0,PE,0.0,0.0,0.0,53.55,11.25,0,0.0,0
2012-08-16,2012-10-25,OPTSTK,BAJAJ-AUTO,1550.0,PE,0.0,0.0,0.0,72.65,19.45,0,0.0,0
2012-08-16,2012-10-25,OPTSTK,BAJAJ-AUTO,1600.0,PE,0.0,0.0,0.0,95.45,31.45,0,0.0,0
2012-08-16,2012-10-25,OPTSTK,BAJAJ-AUTO,1650.0,PE,0.0,0.0,0.0,121.95,47.75,0,0.0,0
2012-08-16,2012-10-25,OPTSTK,BAJAJ-AUTO,1700.0,PE,0.0,0.0,0.0,151.85,68.9,0,0.0,0
2012-08-16,2012-10-25,OPTSTK,BAJAJ-AUTO,1750.0,PE,0.0,0.0,0.0,185.0,94.85,0,0.0,0
2012-08-16,2012-10-25,OPTSTK,BAJAJ-AUTO,1800.0,PE,0.0,0.0,0.0,221.1,125.45,0,0.0,0
2012-08-16,2012-10-25,OPTSTK,BAJAJ-AUTO,1850.0,PE,0.0,0.0,0.0,259.55,160.3,0,0.0,0
2012-08-16,2012-10-25,OPTSTK,BAJAJ-AUTO,1900.0,PE,0.0,0.0,0.0,300.2,198.65,0,0.0,0
2012-08-16,2012-10-25,OPTSTK,BAJAJ-AUTO,1950.0,PE,0.0,0.0,0.0,342.65,239.95,0,0.0,0
2012-08-16,2012-10-25,OPTSTK,BAJAJ-AUTO,2000.0,PE,0.0,0.0,0.0,386.55,283.6,0,0.0,0
2012-08-16,2012-10-25,OPTSTK,BAJAJ-AUTO,2050.0,PE,0.0,0.0,0.0,431.6,328.9,0,0.0,0
2012-08-16,2012-10-25,OPTSTK,BAJAJ-AUTO,2100.0,PE,0.0,0.0,0.0,477.6,375.5,0,0.0,0
2012-08-16,2012-10-25,OPTSTK,BAJAJ-AUTO,2150.0,PE,0.0,0.0,0.0,524.35,423.0,0,0.0,0
2012-08-16,2012-10-25,OPTSTK,BAJAJ-AUTO,2200.0,PE,0.0,0.0,0.0,571.65,471.1,0,0.0,0
2012-08-16,2012-10-25,OPTSTK,BAJAJ-AUTO,2250.0,PE,0.0,0.0,0.0,619.35,519.6,0,0.0,0
2012-08-16,2012-10-25,OPTSTK,BAJAJ-AUTO,2300.0,PE,0.0,0.0,0.0,667.4,568.35,0,0.0,0
2012-08-16,2012-08-30,OPTSTK,BAJAJHIND,10.0,CE,0.0,0.0,0.0,15.75,22.1,0,0.0,0
2012-08-16,2012-08-30,OPTSTK,BAJAJHIND,12.5,CE,0.0,0.0,0.0,13.3,19.6,0,0.0,0
2012-08-16,2012-08-30,OPTSTK,BAJAJHIND,15.0,CE,0.0,0.0,0.0,10.9,17.1,0,0.0,0
2012-08-16,2012-08-30,OPTSTK,BAJAJHIND,17.5,CE,0.0,0.0,0.0,8.5,14.65,0,0.0,0
2012-08-16,2012-08-30,OPTSTK,BAJAJHIND,20.0,CE,0.0,0.0,0.0,6.25,12.15,0,0.0,0
2012-08-16,2012-08-30,OPTSTK,BAJAJHIND,22.5,CE,0.0,0.0,0.0,4.25,9.65,0,0.0,0
2012-08-16,2012-08-30,OPTSTK,BAJAJHIND,25.0,CE,0.0,0.0,0.0,2.7,7.15,0,0.0,0
2012-08-16,2012-08-30,OPTSTK,BAJAJHIND,27.5,CE,0.0,0.0,0.0,5.1,4.8,0,0.0,0
2012-08-16,2012-08-30,OPTSTK,BAJAJHIND,30.0,CE,0.0,0.0,0.0,3.2,2.75,0,0.0,120000
2012-08-16,2012-08-30,OPTSTK,BAJAJHIND,32.5,CE,1.0,1.15,0.8,0.9,0.9,23,61.5,480000
2012-08-16,2012-08-30,OPTSTK,BAJAJHIND,35.0,CE,0.3,0.35,0.2,0.25,0.25,56,158.0,1992000
2012-08-16,2012-08-30,OPTSTK,BAJAJHIND,37.5,CE,0.1,0.1,0.1,0.1,0.1,31,93.24,824000
2012-08-16,2012-08-30,OPTSTK,BAJAJHIND,40.0,CE,0.05,0.05,0.05,0.05,0.05,79,253.11,1232000
2012-08-16,2012-08-30,OPTSTK,BAJAJHIND,42.5,CE,0.0,0.0,0.0,0.05,0.05,0,0.0,88000
2012-08-16,2012-08-30,OPTSTK,BAJAJHIND,45.0,CE,0.0,0.0,0.0,0.05,0.0,0,0.0,24000
2012-08-16,2012-08-30,OPTSTK,BAJAJHIND,47.5,CE,0.0,0.0,0.0,0.05,0.0,0,0.0,8000
2012-08-16,2012-08-30,OPTSTK,BAJAJHIND,50.0,CE,0.0,0.0,0.0,0.05,0.0,0,0.0,0
2012-08-16,2012-08-30,OPTSTK,BAJAJHIND,10.0,PE,0.0,0.0,0.0,0.05,0.0,0,0.0,0
2012-08-16,2012-08-30,OPTSTK,BAJAJHIND,12.5,PE,0.0,0.0,0.0,0.05,0.0,0,0.0,0
2012-08-16,2012-08-30,OPTSTK,BAJAJHIND,15.0,PE,0.0,0.0,0.0,0.05,0.0,0,0.0,0
2012-08-16,2012-08-30,OPTSTK,BAJAJHIND,17.5,PE,0.0,0.0,0.0,0.05,0.0,0,0.0,0
2012-08-16,2012-08-30,OPTSTK,BAJAJHIND,20.0,PE,0.0,0.0,0.0,0.25,0.0,0,0.0,0
2012-08-16,2012-08-30,OPTSTK,BAJAJHIND,22.5,PE,0.0,0.0,0.0,0.7,0.0,0,0.0,0
2012-08-16,2012-08-30,OPTSTK,BAJAJHIND,25.0,PE,0.0,0.0,0.0,0.1,0.05,0,0.0,16000
2012-08-16,2012-08-30,OPTSTK,BAJAJHIND,27.5,PE,0.1,0.1,0.1,0.1,0.1,3,6.62,72000
2012-08-16,2012-08-30,OPTSTK,BAJAJHIND,30.0,PE,0.75,0.75,0.35,0.4,0.4,5,12.18,232000
2012-08-16,2012-08-30,OPTSTK,BAJAJHIND,32.5,PE,1.05,1.05,1.05,1.05,1.05,1,2.68,152000
2012-08-16,2012-08-30,OPTSTK,BAJAJHIND,35.0,PE,0.0,0.0,0.0,1.75,3.35,0,0.0,96000
2012-08-16,2012-08-30,OPTSTK,BAJAJHIND,37.5,PE,0.0,0.0,0.0,11.25,5.5,0,0.0,0
2012-08-16,2012-08-30,OPTSTK,BAJAJHIND,40.0,PE,0.0,0.0,0.0,13.6,7.9,0,0.0,0
2012-08-16,2012-08-30,OPTSTK,BAJAJHIND,42.5,PE,0.0,0.0,0.0,16.0,10.35,0,0.0,0
2012-08-16,2012-08-30,OPTSTK,BAJAJHIND,45.0,PE,0.0,0.0,0.0,18.45,12.8,0,0.0,0
2012-08-16,2012-08-30,OPTSTK,BAJAJHIND,47.5,PE,0.0,0.0,0.0,20.9,15.3,0,0.0,0
2012-08-16,2012-08-30,OPTSTK,BAJAJHIND,50.0,PE,0.0,0.0,0.0,23.3,17.8,0,0.0,0
2012-08-16,2012-09-27,OPTSTK,BAJAJHIND,10.0,CE,0.0,0.0,0.0,19.05,22.15,0,0.0,0
2012-08-16,2012-09-27,OPTSTK,BAJAJHIND,12.5,CE,0.0,0.0,0.0,16.6,19.7,0,0.0,0
2012-08-16,2012-09-27,OPTSTK,BAJAJHIND,15.0,CE,0.0,0.0,0.0,14.15,17.25,0,0.0,0
2012-08-16,2012-09-27,OPTSTK,BAJAJHIND,17.5,CE,0.0,0.0,0.0,11.75,14.75,0,0.0,0
2012-08-16,2012-09-27,OPTSTK,BAJAJHIND,20.0,CE,0.0,0.0,0.0,9.3,12.3,0,0.0,0
2012-08-16,2012-09-27,OPTSTK,BAJAJHIND,22.5,CE,0.0,0.0,0.0,7.0,9.85,0,0.0,0
2012-08-16,2012-09-27,OPTSTK,BAJAJHIND,25.0,CE,0.0,0.0,0.0,4.95,7.6,0,0.0,0
2012-08-16,2012-09-27,OPTSTK,BAJAJHIND,27.5,CE,0.0,0.0,0.0,3.25,5.55,0,0.0,0
2012-08-16,2012-09-27,OPTSTK,BAJAJHIND,30.0,CE,0.0,0.0,0.0,2.0,3.85,0,0.0,0
2012-08-16,2012-09-27,OPTSTK,BAJAJHIND,32.5,CE,0.0,0.0,0.0,2.0,2.5,0,0.0,8000
2012-08-16,2012-09-27,OPTSTK,BAJAJHIND,35.0,CE,1.0,1.0,1.0,1.0,1.0,1,2.88,8000
2012-08-16,2012-09-27,OPTSTK,BAJAJHIND,37.5,CE,0.0,0.0,0.0,0.3,0.95,0,0.0,0
2012-08-16,2012-09-27,OPTSTK,BAJAJHIND,40.0,CE,0.0,0.0,0.0,0.15,0.55,0,0.0,0
2012-08-16,2012-09-27,OPTSTK,BAJAJHIND,42.5,CE,0.0,0.0,0.0,0.1,0.3,0,0.0,0
2012-08-16,2012-09-27,OPTSTK,BAJAJHIND,45.0,CE,0.0,0.0,0.0,0.05,0.2,0,0.0,0
2012-08-16,2012-09-27,OPTSTK,BAJAJHIND,47.5,CE,0.0,0.0,0.0,0.05,0.1,0,0.0,0
2012-08-16,2012-09-27,OPTSTK,BAJAJHIND,50.0,CE,0.0,0.0,0.0,0.05,0.05,0,0.0,0
2012-08-16,2012-09-27,OPTSTK,BAJAJHIND,10.0,PE,0.0,0.0,0.0,0.05,0.0,0,0.0,0
2012-08-16,2012-09-27,OPTSTK,BAJAJHIND,12.5,PE,0.0,0.0,0.0,0.05,0.0,0,0.0,0
2012-08-16,2012-09-27,OPTSTK,BAJAJHIND,15.0,PE,0.0,0.0,0.0,0.05,0.0,0,0.0,0
2012-08-16,2012-09-27,OPTSTK,BAJAJHIND,17.5,PE,0.0,0.0,0.0,0.05,0.0,0,0.0,0
2012-08-16,2012-09-27,OPTSTK,BAJAJHIND,20.0,PE,0.0,0.0,0.0,0.05,0.05,0,0.0,0
2012-08-16,2012-09-27,OPTSTK,BAJAJHIND,22.5,PE,0.0,0.0,0.0,0.2,0.1,0,0.0,0
2012-08-16,2012-09-27,OPTSTK,BAJAJHIND,25.0,PE,0.0,0.0,0.0,0.55,0.3,0,0.0,0
2012-08-16,2012-09-27,OPTSTK,BAJAJHIND,27.5,PE,0.0,0.0,0.0,1.3,0.7,0,0.0,0
2012-08-16,2012-09-27,OPTSTK,BAJAJHIND,30.0,PE,0.0,0.0,0.0,2.5,1.45,0,0.0,0
2012-08-16,2012-09-27,OPTSTK,BAJAJHIND,32.5,PE,0.0,0.0,0.0,4.1,2.65,0,0.0,0
2012-08-16,2012-09-27,OPTSTK,BAJAJHIND,35.0,PE,0.0,0.0,0.0,6.0,4.15,0,0.0,0
2012-08-16,2012-09-27,OPTSTK,BAJAJHIND,37.5,PE,0.0,0.0,0.0,8.15,6.0,0,0.0,0
2012-08-16,2012-09-27,OPTSTK,BAJAJHIND,40.0,PE,0.0,0.0,0.0,10.45,8.1,0,0.0,0
2012-08-16,2012-09-27,OPTSTK,BAJAJHIND,42.5,PE,0.0,0.0,0.0,12.8,10.3,0,0.0,0
2012-08-16,2012-09-27,OPTSTK,BAJAJHIND,45.0,PE,0.0,0.0,0.0,15.2,12.65,0,0.0,0
2012-08-16,2012-09-27,OPTSTK,BAJAJHIND,47.5,PE,0.0,0.0,0.0,17.65,15.05,0,0.0,0
2012-08-16,2012-09-27,OPTSTK,BAJAJHIND,50.0,PE,0.0,0.0,0.0,20.05,17.5,0,0.0,0
2012-08-16,2012-08-30,OPTSTK,BAJAJHLDNG,440.0,CE,0.0,0.0,0.0,358.05,341.3,0,0.0,0
2012-08-16,2012-08-30,OPTSTK,BAJAJHLDNG,460.0,CE,0.0,0.0,0.0,338.55,321.35,0,0.0,0
2012-08-16,2012-08-30,OPTSTK,BAJAJHLDNG,480.0,CE,0.0,0.0,0.0,319.05,301.4,0,0.0,0
2012-08-16,2012-08-30,OPTSTK,BAJAJHLDNG,500.0,CE,0.0,0.0,0.0,299.5,281.5,0,0.0,0
2012-08-16,2012-08-30,OPTSTK,BAJAJHLDNG,520.0,CE,0.0,0.0,0.0,280.0,261.55,0,0.0,0
2012-08-16,2012-08-30,OPTSTK,BAJAJHLDNG,540.0,CE,0.0,0.0,0.0,260.55,241.65,0,0.0,0
2012-08-16,2012-08-30,OPTSTK,BAJAJHLDNG,560.0,CE,0.0,0.0,0.0,241.15,221.7,0,0.0,0
2012-08-16,2012-08-30,OPTSTK,BAJAJHLDNG,580.0,CE,0.0,0.0,0.0,221.8,201.75,0,0.0,0
2012-08-16,2012-08-30,OPTSTK,BAJAJHLDNG,600.0,CE,0.0,0.0,0.0,202.6,181.85,0,0.0,0
2012-08-16,2012-08-30,OPTSTK,BAJAJHLDNG,620.0,CE,0.0,0.0,0.0,183.7,161.9,0,0.0,0
2012-08-16,2012-08-30,OPTSTK,BAJAJHLDNG,640.0,CE,0.0,0.0,0.0,165.15,141.95,0,0.0,0
2012-08-16,2012-08-30,OPTSTK,BAJAJHLDNG,660.0,CE,0.0,0.0,0.0,147.15,122.05,0,0.0,0
2012-08-16,2012-08-30,OPTSTK,BAJAJHLDNG,680.0,CE,0.0,0.0,0.0,129.8,102.15,0,0.0,0
2012-08-16,2012-08-30,OPTSTK,BAJAJHLDNG,700.0,CE,0.0,0.0,0.0,113.3,82.45,0,0.0,0
2012-08-16,2012-08-30,OPTSTK,BAJAJHLDNG,720.0,CE,0.0,0.0,0.0,97.8,63.4,0,0.0,0
2012-08-16,2012-08-30,OPTSTK,BAJAJHLDNG,740.0,CE,0.0,0.0,0.0,83.5,45.65,0,0.0,0
2012-08-16,2012-08-30,OPTSTK,BAJAJHLDNG,760.0,CE,0.0,0.0,0.0,70.4,30.3,0,0.0,0
2012-08-16,2012-08-30,OPTSTK,BAJAJHLDNG,780.0,CE,0.0,0.0,0.0,58.7,18.25,0,0.0,0
2012-08-16,2012-08-30,OPTSTK,BAJAJHLDNG,800.0,CE,0.0,0.0,0.0,48.35,9.85,0,0.0,0
2012-08-16,2012-08-30,OPTSTK,BAJAJHLDNG,820.0,CE,0.0,0.0,0.0,39.35,4.75,0,0.0,0
2012-08-16,2012-08-30,OPTSTK,BAJAJHLDNG,840.0,CE,0.0,0.0,0.0,31.65,2.05,0,0.0,0
2012-08-16,2012-08-30,OPTSTK,BAJAJHLDNG,860.0,CE,0.0,0.0,0.0,25.2,0.8,0,0.0,0
2012-08-16,2012-08-30,OPTSTK,BAJAJHLDNG,880.0,CE,0.0,0.0,0.0,19.85,0.3,0,0.0,0
2012-08-16,2012-08-30,OPTSTK,BAJAJHLDNG,900.0,CE,0.0,0.0,0.0,15.4,0.1,0,0.0,0
2012-08-16,2012-08-30,OPTSTK,BAJAJHLDNG,920.0,CE,0.0,0.0,0.0,11.85,0.05,0,0.0,0
2012-08-16,2012-08-30,OPTSTK,BAJAJHLDNG,940.0,CE,0.0,0.0,0.0,9.05,0.0,0,0.0,0
2012-08-16,2012-08-30,OPTSTK,BAJAJHLDNG,960.0,CE,0.0,0.0,0.0,6.8,0.0,0,0.0,0
2012-08-16,2012-08-30,OPTSTK,BAJAJHLDNG,980.0,CE,0.0,0.0,0.0,5.1,0.0,0,0.0,0
2012-08-16,2012-08-30,OPTSTK,BAJAJHLDNG,1000.0,CE,0.0,0.0,0.0,3.75,0.0,0,0.0,0
2012-08-16,2012-08-30,OPTSTK,BAJAJHLDNG,1020.0,CE,0.0,0.0,0.0,2.75,0.0,0,0.0,0
2012-08-16,2012-08-30,OPTSTK,BAJAJHLDNG,1040.0,CE,0.0,0.0,0.0,2.0,0.0,0,0.0,0
2012-08-16,2012-08-30,OPTSTK,BAJAJHLDNG,1060.0,CE,0.0,0.0,0.0,1.45,0.0,0,0.0,0
2012-08-16,2012-08-30,OPTSTK,BAJAJHLDNG,440.0,PE,0.0,0.0,0.0,0.05,0.0,0,0.0,0
2012-08-16,2012-08-30,OPTSTK,BAJAJHLDNG,460.0,PE,0.0,0.0,0.0,0.05,0.0,0,0.0,0
2012-08-16,2012-08-30,OPTSTK,BAJAJHLDNG,480.0,PE,0.0,0.0,0.0,0.05,0.0,0,0.0,0
2012-08-16,2012-08-30,OPTSTK,BAJAJHLDNG,500.0,PE,0.0,0.0,0.0,0.05,0.0,0,0.0,0
2012-08-16,2012-08-30,OPTSTK,BAJAJHLDNG,520.0,PE,0.0,0.0,0.0,0.05,0.0,0,0.0,0
2012-08-16,2012-08-30,OPTSTK,BAJAJHLDNG,540.0,PE,0.0,0.0,0.0,0.1,0.0,0,0.0,0
2012-08-16,2012-08-30,OPTSTK,BAJAJHLDNG,560.0,PE,0.0,0.0,0.0,0.2,0.0,0,0.0,0
2012-08-16,2012-08-30,OPTSTK,BAJAJHLDNG,580.0,PE,0.0,0.0,0.0,0.35,0.0,0,0.0,0
2012-08-16,2012-08-30,OPTSTK,BAJAJHLDNG,600.0,PE,0.0,0.0,0.0,0.7,0.0,0,0.0,0
2012-08-16,2012-08-30,OPTSTK,BAJAJHLDNG,620.0,PE,0.0,0.0,0.0,1.3,0.0,0,0.0,0
2012-08-16,2012-08-30,OPTSTK,BAJAJHLDNG,640.0,PE,0.0,0.0,0.0,2.3,0.0,0,0.0,0
2012-08-16,2012-08-30,OPTSTK,BAJAJHLDNG,660.0,PE,0.0,0.0,0.0,3.8,0.05,0,0.0,0
2012-08-16,2012-08-30,OPTSTK,BAJAJHLDNG,680.0,PE,0.0,0.0,0.0,5.95,0.1,0,0.0,0
2012-08-16,2012-08-30,OPTSTK,BAJAJHLDNG,700.0,PE,0.0,0.0,0.0,9.0,0.35,0,0.0,0
2012-08-16,2012-08-30,OPTSTK,BAJAJHLDNG,720.0,PE,0.0,0.0,0.0,13.05,1.15,0,0.0,0
2012-08-16,2012-08-30,OPTSTK,BAJAJHLDNG,740.0,PE,0.0,0.0,0.0,18.25,3.35,0,0.0,0
2012-08-16,2012-08-30,OPTSTK,BAJAJHLDNG,760.0,PE,0.0,0.0,0.0,24.65,7.95,0,0.0,0
2012-08-16,2012-08-30,OPTSTK,BAJAJHLDNG,780.0,PE,0.0,0.0,0.0,32.45,15.85,0,0.0,0
2012-08-16,2012-08-30,OPTSTK,BAJAJHLDNG,800.0,PE,0.0,0.0,0.0,41.65,27.4,0,0.0,0
2012-08-16,2012-08-30,OPTSTK,BAJAJHLDNG,820.0,PE,0.0,0.0,0.0,52.15,42.2,0,0.0,0
2012-08-16,2012-08-30,OPTSTK,BAJAJHLDNG,840.0,PE,0.0,0.0,0.0,64.0,59.45,0,0.0,0
2012-08-16,2012-08-30,OPTSTK,BAJAJHLDNG,860.0,PE,0.0,0.0,0.0,77.0,78.1,0,0.0,0
2012-08-16,2012-08-30,OPTSTK,BAJAJHLDNG,880.0,PE,0.0,0.0,0.0,91.2,97.55,0,0.0,0
2012-08-16,2012-08-30,OPTSTK,BAJAJHLDNG,900.0,PE,0.0,0.0,0.0,106.3,117.3,0,0.0,0
2012-08-16,2012-08-30,OPTSTK,BAJAJHLDNG,920.0,PE,0.0,0.0,0.0,122.25,137.15,0,0.0,0
2012-08-16,2012-08-30,OPTSTK,BAJAJHLDNG,940.0,PE,0.0,0.0,0.0,138.95,157.1,0,0.0,0
2012-08-16,2012-08-30,OPTSTK,BAJAJHLDNG,960.0,PE,0.0,0.0,0.0,156.25,177.0,0,0.0,0
2012-08-16,2012-08-30,OPTSTK,BAJAJHLDNG,980.0,PE,0.0,0.0,0.0,174.05,196.95,0,0.0,0
2012-08-16,2012-08-30,OPTSTK,BAJAJHLDNG,1000.0,PE,0.0,0.0,0.0,192.25,216.9,0,0.0,0
2012-08-16,2012-08-30,OPTSTK,BAJAJHLDNG,1020.0,PE,0.0,0.0,0.0,210.75,236.8,0,0.0,0
2012-08-16,2012-08-30,OPTSTK,BAJAJHLDNG,1040.0,PE,0.0,0.0,0.0,229.5,256.75,0,0.0,0
2012-08-16,2012-08-30,OPTSTK,BAJAJHLDNG,1060.0,PE,0.0,0.0,0.0,248.5,276.7,0,0.0,0
2012-08-16,2012-09-27,OPTSTK,BAJAJHLDNG,440.0,CE,0.0,0.0,0.0,345.85,344.35,0,0.0,0
2012-08-16,2012-09-27,OPTSTK,BAJAJHLDNG,460.0,CE,0.0,0.0,0.0,326.3,324.55,0,0.0,0
2012-08-16,2012-09-27,OPTSTK,BAJAJHLDNG,480.0,CE,0.0,0.0,0.0,306.8,304.8,0,0.0,0
2012-08-16,2012-09-27,OPTSTK,BAJAJHLDNG,500.0,CE,0.0,0.0,0.0,287.25,285.0,0,0.0,0
2012-08-16,2012-09-27,OPTSTK,BAJAJHLDNG,520.0,CE,0.0,0.0,0.0,267.7,265.2,0,0.0,0
2012-08-16,2012-09-27,OPTSTK,BAJAJHLDNG,540.0,CE,0.0,0.0,0.0,248.2,245.4,0,0.0,0
2012-08-16,2012-09-27,OPTSTK,BAJAJHLDNG,560.0,CE,0.0,0.0,0.0,228.65,225.6,0,0.0,0
2012-08-16,2012-09-27,OPTSTK,BAJAJHLDNG,580.0,CE,0.0,0.0,0.0,209.1,205.85,0,0.0,0
2012-08-16,2012-09-27,OPTSTK,BAJAJHLDNG,600.0,CE,0.0,0.0,0.0,189.6,186.05,0,0.0,0
2012-08-16,2012-09-27,OPTSTK,BAJAJHLDNG,620.0,CE,0.0,0.0,0.0,170.15,166.35,0,0.0,0
2012-08-16,2012-09-27,OPTSTK,BAJAJHLDNG,640.0,CE,0.0,0.0,0.0,150.8,146.75,0,0.0,0
2012-08-16,2012-09-27,OPTSTK,BAJAJHLDNG,660.0,CE,0.0,0.0,0.0,131.65,127.45,0,0.0,0
2012-08-16,2012-09-27,OPTSTK,BAJAJHLDNG,680.0,CE,0.0,0.0,0.0,112.95,108.65,0,0.0,0
2012-08-16,2012-09-27,OPTSTK,BAJAJHLDNG,700.0,CE,0.0,0.0,0.0,95.0,90.6,0,0.0,0
2012-08-16,2012-09-27,OPTSTK,BAJAJHLDNG,720.0,CE,0.0,0.0,0.0,78.05,73.7,0,0.0,0
2012-08-16,2012-09-27,OPTSTK,BAJAJHLDNG,740.0,CE,0.0,0.0,0.0,62.5,58.4,0,0.0,0
2012-08-16,2012-09-27,OPTSTK,BAJAJHLDNG,760.0,CE,0.0,0.0,0.0,48.65,44.85,0,0.0,0
2012-08-16,2012-09-27,OPTSTK,BAJAJHLDNG,780.0,CE,0.0,0.0,0.0,36.8,33.45,0,0.0,0
2012-08-16,2012-09-27,OPTSTK,BAJAJHLDNG,800.0,CE,0.0,0.0,0.0,26.95,24.15,0,0.0,0
2012-08-16,2012-09-27,OPTSTK,BAJAJHLDNG,820.0,CE,0.0,0.0,0.0,19.15,16.85,0,0.0,0
2012-08-16,2012-09-27,OPTSTK,BAJAJHLDNG,840.0,CE,0.0,0.0,0.0,13.2,11.45,0,0.0,0
2012-08-16,2012-09-27,OPTSTK,BAJAJHLDNG,860.0,CE,0.0,0.0,0.0,8.8,7.45,0,0.0,0
2012-08-16,2012-09-27,OPTSTK,BAJAJHLDNG,880.0,CE,0.0,0.0,0.0,5.7,4.75,0,0.0,0
2012-08-16,2012-09-27,OPTSTK,BAJAJHLDNG,900.0,CE,0.0,0.0,0.0,3.6,2.9,0,0.0,0
2012-08-16,2012-09-27,OPTSTK,BAJAJHLDNG,920.0,CE,0.0,0.0,0.0,2.2,1.75,0,0.0,0
2012-08-16,2012-09-27,OPTSTK,BAJAJHLDNG,940.0,CE,0.0,0.0,0.0,1.3,1.0,0,0.0,0
2012-08-16,2012-09-27,OPTSTK,BAJAJHLDNG,960.0,CE,0.0,0.0,0.0,0.75,0.55,0,0.0,0
2012-08-16,2012-09-27,OPTSTK,BAJAJHLDNG,980.0,CE,0.0,0.0,0.0,0.45,0.3,0,0.0,0
2012-08-16,2012-09-27,OPTSTK,BAJAJHLDNG,1000.0,CE,0.0,0.0,0.0,0.25,0.2,0,0.0,0
2012-08-16,2012-09-27,OPTSTK,BAJAJHLDNG,1020.0,CE,0.0,0.0,0.0,0.15,0.1,0,0.0,0
2012-08-16,2012-09-27,OPTSTK,BAJAJHLDNG,1040.0,CE,0.0,0.0,0.0,0.1,0.05,0,0.0,0
2012-08-16,2012-09-27,OPTSTK,BAJAJHLDNG,1060.0,CE,0.0,0.0,0.0,0.05,0.05,0,0.0,0
2012-08-16,2012-09-27,OPTSTK,BAJAJHLDNG,440.0,PE,0.0,0.0,0.0,0.05,0.0,0,0.0,0
2012-08-16,2012-09-27,OPTSTK,BAJAJHLDNG,460.0,PE,0.0,0.0,0.0,0.05,0.0,0,0.0,0
2012-08-16,2012-09-27,OPTSTK,BAJAJHLDNG,480.0,PE,0.0,0.0,0.0,0.05,0.0,0,0.0,0
2012-08-16,2012-09-27,OPTSTK,BAJAJHLDNG,500.0,PE,0.0,0.0,0.0,0.05,0.0,0,0.0,0
2012-08-16,2012-09-27,OPTSTK,BAJAJHLDNG,520.0,PE,0.0,0.0,0.0,0.05,0.0,0,0.0,0
2012-08-16,2012-09-27,OPTSTK,BAJAJHLDNG,540.0,PE,0.0,0.0,0.0,0.05,0.0,0,0.0,0
2012-08-16,2012-09-27,OPTSTK,BAJAJHLDNG,560.0,PE,0.0,0.0,0.0,0.05,0.0,0,0.0,0
2012-08-16,2012-09-27,OPTSTK,BAJAJHLDNG,580.0,PE,0.0,0.0,0.0,0.05,0.05,0,0.0,0
2012-08-16,2012-09-27,OPTSTK,BAJAJHLDNG,600.0,PE,0.0,0.0,0.0,0.05,0.05,0,0.0,0
2012-08-16,2012-09-27,OPTSTK,BAJAJHLDNG,620.0,PE,0.0,0.0,0.0,0.1,0.15,0,0.0,0
2012-08-16,2012-09-27,OPTSTK,BAJAJHLDNG,640.0,PE,0.0,0.0,0.0,0.3,0.35,0,0.0,0
2012-08-16,2012-09-27,OPTSTK,BAJAJHLDNG,660.0,PE,0.0,0.0,0.0,0.7,0.85,0,0.0,0
2012-08-16,2012-09-27,OPTSTK,BAJAJHLDNG,680.0,PE,0.0,0.0,0.0,1.55,1.8,0,0.0,0
2012-08-16,2012-09-27,OPTSTK,BAJAJHLDNG,700.0,PE,0.0,0.0,0.0,3.1,3.55,0,0.0,0
2012-08-16,2012-09-27,OPTSTK,BAJAJHLDNG,720.0,PE,0.0,0.0,0.0,5.7,6.5,0,0.0,0
2012-08-16,2012-09-27,OPTSTK,BAJAJHLDNG,740.0,PE,0.0,0.0,0.0,9.65,10.95,0,0.0,0
2012-08-16,2012-09-27,OPTSTK,BAJAJHLDNG,760.0,PE,0.0,0.0,0.0,15.35,17.2,0,0.0,0
2012-08-16,2012-09-27,OPTSTK,BAJAJHLDNG,780.0,PE,0.0,0.0,0.0,23.05,25.6,0,0.0,0
2012-08-16,2012-09-27,OPTSTK,BAJAJHLDNG,800.0,PE,0.0,0.0,0.0,32.75,36.05,0,0.0,0
2012-08-16,2012-09-27,OPTSTK,BAJAJHLDNG,820.0,PE,0.0,0.0,0.0,44.5,48.55,0,0.0,0
2012-08-16,2012-09-27,OPTSTK,BAJAJHLDNG,840.0,PE,0.0,0.0,0.0,58.05,62.95,0,0.0,0
2012-08-16,2012-09-27,OPTSTK,BAJAJHLDNG,860.0,PE,0.0,0.0,0.0,73.2,78.75,0,0.0,0
2012-08-16,2012-09-27,OPTSTK,BAJAJHLDNG,880.0,PE,0.0,0.0,0.0,89.65,95.85,0,0.0,0
2012-08-16,2012-09-27,OPTSTK,BAJAJHLDNG,900.0,PE,0.0,0.0,0.0,107.05,113.8,0,0.0,0
2012-08-16,2012-09-27,OPTSTK,BAJAJHLDNG,920.0,PE,0.0,0.0,0.0,125.2,132.4,0,0.0,0
2012-08-16,2012-09-27,OPTSTK,BAJAJHLDNG,940.0,PE,0.0,0.0,0.0,143.85,151.5,0,0.0,0
2012-08-16,2012-09-27,OPTSTK,BAJAJHLDNG,960.0,PE,0.0,0.0,0.0,162.8,170.85,0,0.0,0
2012-08-16,2012-09-27,OPTSTK,BAJAJHLDNG,980.0,PE,0.0,0.0,0.0,182.05,190.4,0,0.0,0
2012-08-16,2012-09-27,OPTSTK,BAJAJHLDNG,1000.0,PE,0.0,0.0,0.0,201.4,210.05,0,0.0,0
2012-08-16,2012-09-27,OPTSTK,BAJAJHLDNG,1020.0,PE,0.0,0.0,0.0,220.8,229.75,0,0.0,0
2012-08-16,2012-09-27,OPTSTK,BAJAJHLDNG,1040.0,PE,0.0,0.0,0.0,240.3,249.5,0,0.0,0
2012-08-16,2012-09-27,OPTSTK,BAJAJHLDNG,1060.0,PE,0.0,0.0,0.0,259.8,269.3,0,0.0,0
2012-08-16,2012-08-30,OPTSTK,BALRAMCHIN,25.0,CE,0.0,0.0,0.0,25.2,41.9,0,0.0,0
2012-08-16,2012-08-30,OPTSTK,BALRAMCHIN,27.5,CE,0.0,0.0,0.0,22.8,39.4,0,0.0,0
2012-08-16,2012-08-30,OPTSTK,BALRAMCHIN,30.0,CE,0.0,0.0,0.0,20.35,36.9,0,0.0,0
2012-08-16,2012-08-30,OPTSTK,BALRAMCHIN,32.5,CE,0.0,0.0,0.0,18.0,34.45,0,0.0,0
2012-08-16,2012-08-30,OPTSTK,BALRAMCHIN,35.0,CE,0.0,0.0,0.0,15.65,31.95,0,0.0,0
2012-08-16,2012-08-30,OPTSTK,BALRAMCHIN,37.5,CE,0.0,0.0,0.0,13.4,29.45,0,0.0,0
2012-08-16,2012-08-30,OPTSTK,BALRAMCHIN,40.0,CE,0.0,0.0,0.0,11.3,26.95,0,0.0,0
2012-08-16,2012-08-30,OPTSTK,BALRAMCHIN,42.5,CE,0.0,0.0,0.0,9.35,24.45,0,0.0,0
2012-08-16,2012-08-30,OPTSTK,BALRAMCHIN,45.0,CE,0.0,0.0,0.0,7.65,21.95,0,0.0,0
2012-08-16,2012-08-30,OPTSTK,BALRAMCHIN,47.5,CE,0.0,0.0,0.0,6.1,19.5,0,0.0,0
2012-08-16,2012-08-30,OPTSTK,BALRAMCHIN,50.0,CE,0.0,0.0,0.0,4.8,17.0,0,0.0,0
2012-08-16,2012-08-30,OPTSTK,BALRAMCHIN,52.5,CE,0.0,0.0,0.0,3.75,14.55,0,0.0,0
2012-08-16,2012-08-30,OPTSTK,BALRAMCHIN,55.0,CE,0.0,0.0,0.0,13.7,12.15,0,0.0,116000
2012-08-16,2012-08-30,OPTSTK,BALRAMCHIN,57.5,CE,0.0,0.0,0.0,10.6,9.85,0,0.0,40000
2012-08-16,2012-08-30,OPTSTK,BALRAMCHIN,60.0,CE,0.0,0.0,0.0,8.3,7.75,0,0.0,204000
2012-08-16,2012-08-30,OPTSTK,BALRAMCHIN,62.5,CE,0.0,0.0,0.0,6.6,5.9,0,0.0,88000
2012-08-16,2012-08-30,OPTSTK,BALRAMCHIN,65.0,CE,0.0,0.0,0.0,4.8,4.3,0,0.0,264000
2012-08-16,2012-08-30,OPTSTK,BALRAMCHIN,67.5,CE,3.25,3.25,1.25,1.9,1.9,10,27.76,160000
2012-08-16,2012-08-30,OPTSTK,BALRAMCHIN,70.0,CE,1.85,1.85,0.65,0.9,0.9,73,207.54,412000
2012-08-16,2012-08-30,OPTSTK,BALRAMCHIN,72.5,CE,0.75,0.75,0.35,0.5,0.5,28,81.82,100000
2012-08-16,2012-08-30,OPTSTK,BALRAMCHIN,75.0,CE,0.5,0.5,0.2,0.25,0.25,17,51.2,128000
2012-08-16,2012-08-30,OPTSTK,BALRAMCHIN,80.0,CE,0.0,0.0,0.0,0.35,0.3,0,0.0,0
2012-08-16,2012-08-30,OPTSTK,BALRAMCHIN,85.0,CE,0.0,0.0,0.0,0.05,0.1,0,0.0,0
2012-08-16,2012-08-30,OPTSTK,BALRAMCHIN,90.0,CE,0.0,0.0,0.0,0.05,0.05,0,0.0,0
2012-08-16,2012-08-30,OPTSTK,BALRAMCHIN,95.0,CE,0.0,0.0,0.0,0.05,0.05,0,0.0,0
2012-08-16,2012-08-30,OPTSTK,BALRAMCHIN,25.0,PE,0.0,0.0,0.0,0.05,0.0,0,0.0,0
2012-08-16,2012-08-30,OPTSTK,BALRAMCHIN,27.5,PE,0.0,0.0,0.0,0.05,0.0,0,0.0,0
2012-08-16,2012-08-30,OPTSTK,BALRAMCHIN,30.0,PE,0.0,0.0,0.0,0.05,0.0,0,0.0,0
2012-08-16,2012-08-30,OPTSTK,BALRAMCHIN,32.5,PE,0.0,0.0,0.0,0.1,0.0,0,0.0,0
2012-08-16,2012-08-30,OPTSTK,BALRAMCHIN,35.0,PE,0.0,0.0,0.0,0.2,0.0,0,0.0,0
2012-08-16,2012-08-30,OPTSTK,BALRAMCHIN,37.5,PE,0.0,0.0,0.0,0.4,0.0,0,0.0,0
2012-08-16,2012-08-30,OPTSTK,BALRAMCHIN,40.0,PE,0.0,0.0,0.0,0.75,0.0,0,0.0,0
2012-08-16,2012-08-30,OPTSTK,BALRAMCHIN,42.5,PE,0.0,0.0,0.0,1.25,0.0,0,0.0,0
2012-08-16,2012-08-30,OPTSTK,BALRAMCHIN,45.0,PE,0.0,0.0,0.0,1.95,0.0,0,0.0,0
2012-08-16,2012-08-30,OPTSTK,BALRAMCHIN,47.5,PE,0.0,0.0,0.0,2.85,0.0,0,0.0,0
2012-08-16,2012-08-30,OPTSTK,BALRAMCHIN,50.0,PE,0.0,0.0,0.0,0.05,0.05,0,0.0,8000
2012-08-16,2012-08-30,OPTSTK,BALRAMCHIN,52.5,PE,0.0,0.0,0.0,0.05,0.1,0,0.0,36000
2012-08-16,2012-08-30,OPTSTK,BALRAMCHIN,55.0,PE,0.1,0.1,0.1,0.1,0.1,1,2.2,208000
2012-08-16,2012-08-30,OPTSTK,BALRAMCHIN,57.5,PE,0.25,0.25,0.25,0.25,0.25,1,2.31,24000
2012-08-16,2012-08-30,OPTSTK,BALRAMCHIN,60.0,PE,0.2,0.35,0.2,0.25,0.25,12,28.94,284000
2012-08-16,2012-08-30,OPTSTK,BALRAMCHIN,62.5,PE,0.2,0.7,0.2,0.55,0.55,10,25.22,140000
2012-08-16,2012-08-30,OPTSTK,BALRAMCHIN,65.0,PE,0.75,1.5,0.75,1.1,1.1,15,39.68,96000
2012-08-16,2012-08-30,OPTSTK,BALRAMCHIN,67.5,PE,2.0,2.6,2.0,2.15,2.15,6,16.74,24000
2012-08-16,2012-08-30,OPTSTK,BALRAMCHIN,70.0,PE,3.7,3.7,3.7,3.7,3.7,1,2.94,8000
2012-08-16,2012-08-30,OPTSTK,BALRAMCHIN,72.5,PE,0.0,0.0,0.0,21.5,6.75,0,0.0,0
2012-08-16,2012-08-30,OPTSTK,BALRAMCHIN,75.0,PE,0.0,0.0,0.0,23.85,8.75,0,0.0,0
2012-08-16,2012-08-30,OPTSTK,BALRAMCHIN,80.0,PE,0.0,0.0,0.0,27.65,13.25,0,0.0,0
2012-08-16,2012-08-30,OPTSTK,BALRAMCHIN,85.0,PE,0.0,0.0,0.0,32.5,18.0,0,0.0,0
2012-08-16,2012-08-30,OPTSTK,BALRAMCHIN,90.0,PE,0.0,0.0,0.0,37.4,22.95,0,0.0,0
2012-08-16,2012-08-30,OPTSTK,BALRAMCHIN,95.0,PE,0.0,0.0,0.0,42.25,27.9,0,0.0,0
2012-08-16,2012-09-27,OPTSTK,BALRAMCHIN,25.0,CE,0.0,0.0,0.0,25.6,42.1,0,0.0,0
2012-08-16,2012-09-27,OPTSTK,BALRAMCHIN,27.5,CE,0.0,0.0,0.0,23.15,39.6,0,0.0,0
2012-08-16,2012-09-27,OPTSTK,BALRAMCHIN,30.0,CE,0.0,0.0,0.0,20.7,37.15,0,0.0,0
2012-08-16,2012-09-27,OPTSTK,BALRAMCHIN,32.5,CE,0.0,0.0,0.0,18.3,34.65,0,0.0,0
2012-08-16,2012-09-27,OPTSTK,BALRAMCHIN,35.0,CE,0.0,0.0,0.0,15.9,32.2,0,0.0,0
2012-08-16,2012-09-27,OPTSTK,BALRAMCHIN,37.5,CE,0.0,0.0,0.0,13.5,29.7,0,0.0,0
2012-08-16,2012-09-27,OPTSTK,BALRAMCHIN,40.0,CE,0.0,0.0,0.0,11.25,27.25,0,0.0,0
2012-08-16,2012-09-27,OPTSTK,BALRAMCHIN,42.5,CE,0.0,0.0,0.0,9.15,24.8,0,0.0,0
2012-08-16,2012-09-27,OPTSTK,BALRAMCHIN,45.0,CE,0.0,0.0,0.0,7.25,22.4,0,0.0,0
2012-08-16,2012-09-27,OPTSTK,BALRAMCHIN,47.5,CE,0.0,0.0,0.0,5.6,20.05,0,0.0,0
2012-08-16,2012-09-27,OPTSTK,BALRAMCHIN,50.0,CE,0.0,0.0,0.0,4.2,17.75,0,0.0,0
2012-08-16,2012-09-27,OPTSTK,BALRAMCHIN,52.5,CE,0.0,0.0,0.0,3.05,15.55,0,0.0,0
2012-08-16,2012-09-27,OPTSTK,BALRAMCHIN,55.0,CE,0.0,0.0,0.0,2.15,13.45,0,0.0,0
2012-08-16,2012-09-27,OPTSTK,BALRAMCHIN,57.5,CE,0.0,0.0,0.0,1.5,11.55,0,0.0,0
2012-08-16,2012-09-27,OPTSTK,BALRAMCHIN,60.0,CE,0.0,0.0,0.0,1.05,9.8,0,0.0,0
2012-08-16,2012-09-27,OPTSTK,BALRAMCHIN,62.5,CE,0.0,0.0,0.0,0.7,8.2,0,0.0,0
2012-08-16,2012-09-27,OPTSTK,BALRAMCHIN,65.0,CE,0.0,0.0,0.0,0.45,6.8,0,0.0,0
2012-08-16,2012-09-27,OPTSTK,BALRAMCHIN,67.5,CE,0.0,0.0,0.0,0.3,5.55,0,0.0,0
2012-08-16,2012-09-27,OPTSTK,BALRAMCHIN,70.0,CE,0.0,0.0,0.0,0.2,4.5,0,0.0,0
2012-08-16,2012-09-27,OPTSTK,BALRAMCHIN,72.5,CE,0.0,0.0,0.0,0.15,3.65,0,0.0,0
2012-08-16,2012-09-27,OPTSTK,BALRAMCHIN,75.0,CE,0.0,0.0,0.0,0.1,2.9,0,0.0,0
2012-08-16,2012-09-27,OPTSTK,BALRAMCHIN,80.0,CE,0.0,0.0,0.0,0.1,1.8,0,0.0,0
2012-08-16,2012-09-27,OPTSTK,BALRAMCHIN,85.0,CE,0.0,0.0,0.0,0.05,1.1,0,0.0,0
2012-08-16,2012-09-27,OPTSTK,BALRAMCHIN,90.0,CE,0.0,0.0,0.0,0.05,0.65,0,0.0,0
2012-08-16,2012-09-27,OPTSTK,BALRAMCHIN,95.0,CE,0.0,0.0,0.0,0.05,0.35,0,0.0,0
2012-08-16,2012-09-27,OPTSTK,BALRAMCHIN,25.0,PE,0.0,0.0,0.0,0.05,0.0,0,0.0,0
2012-08-16,2012-09-27,OPTSTK,BALRAMCHIN,27.5,PE,0.0,0.0,0.0,0.05,0.0,0,0.0,0
2012-08-16,2012-09-27,OPTSTK,BALRAMCHIN,30.0,PE,0.0,0.0,0.0,0.05,0.0,0,0.0,0
2012-08-16,2012-09-27,OPTSTK,BALRAMCHIN,32.5,PE,0.0,0.0,0.0,0.05,0.0,0,0.0,0
2012-08-16,2012-09-27,OPTSTK,BALRAMCHIN,35.0,PE,0.0,0.0,0.0,0.05,0.0,0,0.0,0
2012-08-16,2012-09-27,OPTSTK,BALRAMCHIN,37.5,PE,0.0,0.0,0.0,0.15,0.05,0,0.0,0
2012-08-16,2012-09-27,OPTSTK,BALRAMCHIN,40.0,PE,0.0,0.0,0.0,0.35,0.05,0,0.0,0
2012-08-16,2012-09-27,OPTSTK,BALRAMCHIN,42.5,PE,0.0,0.0,0.0,0.65,0.05,0,0.0,0
2012-08-16,2012-09-27,OPTSTK,BALRAMCHIN,45.0,PE,0.0,0.0,0.0,1.2,0.15,0,0.0,0
2012-08-16,2012-09-27,OPTSTK,BALRAMCHIN,47.5,PE,0.0,0.0,0.0,1.95,0.25,0,0.0,0
2012-08-16,2012-09-27,OPTSTK,BALRAMCHIN,50.0,PE,0.0,0.0,0.0,3.0,0.4,0,0.0,0
2012-08-16,2012-09-27,OPTSTK,BALRAMCHIN,52.5,PE,0.0,0.0,0.0,4.35,0.7,0,0.0,0
2012-08-16,2012-09-27,OPTSTK,BALRAMCHIN,55.0,PE,0.0,0.0,0.0,5.9,1.1,0,0.0,0
2012-08-16,2012-09-27,OPTSTK,BALRAMCHIN,57.5,PE,0.0,0.0,0.0,7.7,1.65,0,0.0,0
2012-08-16,2012-09-27,OPTSTK,BALRAMCHIN,60.0,PE,0.0,0.0,0.0,9.65,2.35,0,0.0,0
2012-08-16,2012-09-27,OPTSTK,BALRAMCHIN,62.5,PE,0.0,0.0,0.0,11.75,3.25,0,0.0,0
2012-08-16,2012-09-27,OPTSTK,BALRAMCHIN,65.0,PE,0.0,0.0,0.0,13.95,4.3,0,0.0,0
2012-08-16,2012-09-27,OPTSTK,BALRAMCHIN,67.5,PE,0.0,0.0,0.0,16.25,5.55,0,0.0,0
2012-08-16,2012-09-27,OPTSTK,BALRAMCHIN,70.0,PE,0.0,0.0,0.0,18.55,7.0,0,0.0,0
2012-08-16,2012-09-27,OPTSTK,BALRAMCHIN,72.5,PE,0.0,0.0,0.0,20.95,8.6,0,0.0,0
2012-08-16,2012-09-27,OPTSTK,BALRAMCHIN,75.0,PE,0.0,0.0,0.0,23.35,10.3,0,0.0,0
2012-08-16,2012-09-27,OPTSTK,BALRAMCHIN,80.0,PE,0.0,0.0,0.0,26.55,14.15,0,0.0,0
2012-08-16,2012-09-27,OPTSTK,BALRAMCHIN,85.0,PE,0.0,0.0,0.0,31.4,18.4,0,0.0,0
2012-08-16,2012-09-27,OPTSTK,BALRAMCHIN,90.0,PE,0.0,0.0,0.0,36.25,22.9,0,0.0,0
2012-08-16,2012-09-27,OPTSTK,BALRAMCHIN,95.0,PE,0.0,0.0,0.0,41.15,27.6,0,0.0,0
2012-08-16,2012-08-30,OPTSTK,BANKBARODA,420.0,CE,0.0,0.0,0.0,279.1,224.05,0,0.0,0
2012-08-16,2012-08-30,OPTSTK,BANKBARODA,440.0,CE,0.0,0.0,0.0,259.75,204.15,0,0.0,0
2012-08-16,2012-08-30,OPTSTK,BANKBARODA,460.0,CE,0.0,0.0,0.0,240.6,184.2,0,0.0,0
2012-08-16,2012-08-30,OPTSTK,BANKBARODA,480.0,CE,0.0,0.0,0.0,221.65,164.25,0,0.0,0
2012-08-16,2012-08-30,OPTSTK,BANKBARODA,500.0,CE,0.0,0.0,0.0,203.05,144.35,0,0.0,0
2012-08-16,2012-08-30,OPTSTK,BANKBARODA,520.0,CE,0.0,0.0,0.0,184.9,124.4,0,0.0,0
2012-08-16,2012-08-30,OPTSTK,BANKBARODA,540.0,CE,0.0,0.0,0.0,167.3,104.5,0,0.0,0
2012-08-16,2012-08-30,OPTSTK,BANKBARODA,560.0,CE,0.0,0.0,0.0,150.35,84.7,0,0.0,0
2012-08-16,2012-08-30,OPTSTK,BANKBARODA,580.0,CE,0.0,0.0,0.0,134.2,65.4,0,0.0,0
2012-08-16,2012-08-30,OPTSTK,BANKBARODA,600.0,CE,46.0,46.0,46.0,46.0,46.0,1,1.61,0
2012-08-16,2012-08-30,OPTSTK,BANKBARODA,620.0,CE,0.0,0.0,0.0,30.0,31.3,0,0.0,1250
2012-08-16,2012-08-30,OPTSTK,BANKBARODA,640.0,CE,15.15,19.8,15.0,15.75,15.75,37,60.77,13000
2012-08-16,2012-08-30,OPTSTK,BANKBARODA,660.0,CE,8.9,9.5,6.85,7.05,7.05,72,120.31,34000
2012-08-16,2012-08-30,OPTSTK,BANKBARODA,680.0,CE,3.1,4.35,3.0,3.5,3.5,30,51.28,58750
2012-08-16,2012-08-30,OPTSTK,BANKBARODA,700.0,CE,2.0,2.25,2.0,2.25,2.25,3,5.26,36250
2012-08-16,2012-08-30,OPTSTK,BANKBARODA,720.0,CE,0.0,0.0,0.0,1.0,0.75,0,0.0,7750
2012-08-16,2012-08-30,OPTSTK,BANKBARODA,740.0,CE,0.0,0.0,0.0,3.25,0.25,0,0.0,2250
2012-08-16,2012-08-30,OPTSTK,BANKBARODA,760.0,CE,0.0,0.0,0.0,35.55,0.1,0,0.0,0
2012-08-16,2012-08-30,OPTSTK,BANKBARODA,780.0,CE,0.0,0.0,0.0,13.0,0.05,0,0.0,500
2012-08-16,2012-08-30,OPTSTK,BANKBARODA,800.0,CE,0.0,0.0,0.0,24.75,0.0,0,0.0,0
2012-08-16,2012-08-30,OPTSTK,BANKBARODA,820.0,CE,0.0,0.0,0.0,12.85,0.0,0,0.0,500
2012-08-16,2012-08-30,OPTSTK,BANKBARODA,840.0,CE,0.0,0.0,0.0,16.85,0.0,0,0.0,0
2012-08-16,2012-08-30,OPTSTK,BANKBARODA,860.0,CE,0.0,0.0,0.0,13.8,0.0,0,0.0,0
2012-08-16,2012-08-30,OPTSTK,BANKBARODA,880.0,CE,0.0,0.0,0.0,11.25,0.0,0,0.0,0
2012-08-16,2012-08-30,OPTSTK,BANKBARODA,900.0,CE,0.0,0.0,0.0,9.15,0.0,0,0.0,0
2012-08-16,2012-08-30,OPTSTK,BANKBARODA,920.0,CE,0.0,0.0,0.0,7.4,0.0,0,0.0,0
2012-08-16,2012-08-30,OPTSTK,BANKBARODA,940.0,CE,0.0,0.0,0.0,5.95,0.0,0,0.0,0
2012-08-16,2012-08-30,OPTSTK,BANKBARODA,960.0,CE,0.0,0.0,0.0,4.8,0.0,0,0.0,0
2012-08-16,2012-08-30,OPTSTK,BANKBARODA,980.0,CE,0.0,0.0,0.0,3.85,0.0,0,0.0,0
2012-08-16,2012-08-30,OPTSTK,BANKBARODA,1000.0,CE,0.0,0.0,0.0,3.05,0.0,0,0.0,0
2012-08-16,2012-08-30,OPTSTK,BANKBARODA,1020.0,CE,0.0,0.0,0.0,2.45,0.0,0,0.0,0
2012-08-16,2012-08-30,OPTSTK,BANKBARODA,1040.0,CE,0.0,0.0,0.0,1.95,0.0,0,0.0,0
2012-08-16,2012-08-30,OPTSTK,BANKBARODA,1060.0,CE,0.0,0.0,0.0,1.55,0.0,0,0.0,0
2012-08-16,2012-08-30,OPTSTK,BANKBARODA,1080.0,CE,0.0,0.0,0.0,1.2,0.0,0,0.0,0
2012-08-16,2012-08-30,OPTSTK,BANKBARODA,420.0,PE,0.0,0.0,0.0,0.2,0.0,0,0.0,0
2012-08-16,2012-08-30,OPTSTK,BANKBARODA,440.0,PE,0.0,0.0,0.0,0.4,0.0,0,0.0,0
2012-08-16,2012-08-30,OPTSTK,BANKBARODA,460.0,PE,0.0,0.0,0.0,0.75,0.0,0,0.0,0
2012-08-16,2012-08-30,OPTSTK,BANKBARODA,480.0,PE,0.0,0.0,0.0,1.35,0.0,0,0.0,0
2012-08-16,2012-08-30,OPTSTK,BANKBARODA,500.0,PE,0.0,0.0,0.0,2.25,0.0,0,0.0,0
2012-08-16,2012-08-30,OPTSTK,BANKBARODA,520.0,PE,0.0,0.0,0.0,3.6,0.0,0,0.0,0
2012-08-16,2012-08-30,OPTSTK,BANKBARODA,540.0,PE,0.0,0.0,0.0,5.55,0.05,0,0.0,0
2012-08-16,2012-08-30,OPTSTK,BANKBARODA,560.0,PE,0.0,0.0,0.0,8.1,0.2,0,0.0,0
2012-08-16,2012-08-30,OPTSTK,BANKBARODA,580.0,PE,0.0,0.0,0.0,11.5,0.8,0,0.0,0
2012-08-16,2012-08-30,OPTSTK,BANKBARODA,600.0,PE,1.0,1.0,1.0,1.0,1.0,1,1.5,11500
2012-08-16,2012-08-30,OPTSTK,BANKBARODA,620.0,PE,4.2,4.4,3.0,3.15,3.15,7,10.9,5750
2012-08-16,2012-08-30,OPTSTK,BANKBARODA,640.0,PE,9.9,10.0,6.95,9.3,9.3,25,40.52,23000
2012-08-16,2012-08-30,OPTSTK,BANKBARODA,660.0,PE,19.5,20.4,17.15,20.35,20.35,22,37.3,31750
2012-08-16,2012-08-30,OPTSTK,BANKBARODA,680.0,PE,0.0,0.0,0.0,38.5,39.85,0,0.0,5500
2012-08-16,2012-08-30,OPTSTK,BANKBARODA,700.0,PE,0.0,0.0,0.0,52.0,57.0,0,0.0,1000
2012-08-16,2012-08-30,OPTSTK,BANKBARODA,720.0,PE,0.0,0.0,0.0,63.9,75.7,0,0.0,0
2012-08-16,2012-08-30,OPTSTK,BANKBARODA,740.0,PE,0.0,0.0,0.0,75.7,95.15,0,0.0,0
2012-08-16,2012-08-30,OPTSTK,BANKBARODA,760.0,PE,0.0,0.0,0.0,88.5,114.9,0,0.0,0
2012-08-16,2012-08-30,OPTSTK,BANKBARODA,780.0,PE,0.0,0.0,0.0,102.2,134.8,0,0.0,0
2012-08-16,2012-08-30,OPTSTK,BANKBARODA,800.0,PE,0.0,0.0,0.0,116.75,154.7,0,0.0,0
2012-08-16,2012-08-30,OPTSTK,BANKBARODA,820.0,PE,0.0,0.0,0.0,132.0,174.65,0,0.0,0
2012-08-16,2012-08-30,OPTSTK,BANKBARODA,840.0,PE,0.0,0.0,0.0,147.85,194.55,0,0.0,0
2012-08-16,2012-08-30,OPTSTK,BANKBARODA,860.0,PE,0.0,0.0,0.0,164.35,214.5,0,0.0,0
2012-08-16,2012-08-30,OPTSTK,BANKBARODA,880.0,PE,0.0,0.0,0.0,181.3,234.45,0,0.0,0
2012-08-16,2012-08-30,OPTSTK,BANKBARODA,900.0,PE,0.0,0.0,0.0,198.7,254.35,0,0.0,0
2012-08-16,2012-08-30,OPTSTK,BANKBARODA,920.0,PE,0.0,0.0,0.0,216.5,274.3,0,0.0,0
2012-08-16,2012-08-30,OPTSTK,BANKBARODA,940.0,PE,0.0,0.0,0.0,234.55,294.25,0,0.0,0
2012-08-16,2012-08-30,OPTSTK,BANKBARODA,960.0,PE,0.0,0.0,0.0,252.9,314.15,0,0.0,0
2012-08-16,2012-08-30,OPTSTK,BANKBARODA,980.0,PE,0.0,0.0,0.0,271.5,334.1,0,0.0,0
2012-08-16,2012-08-30,OPTSTK,BANKBARODA,1000.0,PE,0.0,0.0,0.0,290.2,354.05,0,0.0,0
2012-08-16,2012-08-30,OPTSTK,BANKBARODA,1020.0,PE,0.0,0.0,0.0,309.1,373.95,0,0.0,0
2012-08-16,2012-08-30,OPTSTK,BANKBARODA,1040.0,PE,0.0,0.0,0.0,328.15,393.9,0,0.0,0
2012-08-16,2012-08-30,OPTSTK,BANKBARODA,1060.0,PE,0.0,0.0,0.0,347.25,413.85,0,0.0,0
2012-08-16,2012-08-30,OPTSTK,BANKBARODA,1080.0,PE,0.0,0.0,0.0,366.45,433.75,0,0.0,0
2012-08-16,2012-09-27,OPTSTK,BANKBARODA,420.0,CE,0.0,0.0,0.0,311.1,227.0,0,0.0,0
2012-08-16,2012-09-27,OPTSTK,BANKBARODA,440.0,CE,0.0,0.0,0.0,291.6,207.2,0,0.0,0
2012-08-16,2012-09-27,OPTSTK,BANKBARODA,460.0,CE,0.0,0.0,0.0,272.2,187.45,0,0.0,0
2012-08-16,2012-09-27,OPTSTK,BANKBARODA,480.0,CE,0.0,0.0,0.0,252.9,167.7,0,0.0,0
2012-08-16,2012-09-27,OPTSTK,BANKBARODA,500.0,CE,0.0,0.0,0.0,233.75,148.0,0,0.0,0
2012-08-16,2012-09-27,OPTSTK,BANKBARODA,520.0,CE,0.0,0.0,0.0,214.9,128.55,0,0.0,0
2012-08-16,2012-09-27,OPTSTK,BANKBARODA,540.0,CE,0.0,0.0,0.0,196.35,109.5,0,0.0,0
2012-08-16,2012-09-27,OPTSTK,BANKBARODA,560.0,CE,0.0,0.0,0.0,178.25,91.2,0,0.0,0
2012-08-16,2012-09-27,OPTSTK,BANKBARODA,580.0,CE,0.0,0.0,0.0,160.75,73.95,0,0.0,0
2012-08-16,2012-09-27,OPTSTK,BANKBARODA,600.0,CE,0.0,0.0,0.0,144.0,58.3,0,0.0,0
2012-08-16,2012-09-27,OPTSTK,BANKBARODA,620.0,CE,0.0,0.0,0.0,128.05,44.5,0,0.0,0
2012-08-16,2012-09-27,OPTSTK,BANKBARODA,640.0,CE,0.0,0.0,0.0,113.05,32.9,0,0.0,0
2012-08-16,2012-09-27,OPTSTK,BANKBARODA,660.0,CE,0.0,0.0,0.0,99.05,23.5,0,0.0,0
2012-08-16,2012-09-27,OPTSTK,BANKBARODA,680.0,CE,0.0,0.0,0.0,86.1,16.2,0,0.0,0
2012-08-16,2012-09-27,OPTSTK,BANKBARODA,700.0,CE,8.0,8.0,8.0,8.0,8.0,1,1.77,0
2012-08-16,2012-09-27,OPTSTK,BANKBARODA,720.0,CE,0.0,0.0,0.0,63.7,7.0,0,0.0,0
2012-08-16,2012-09-27,OPTSTK,BANKBARODA,740.0,CE,0.0,0.0,0.0,54.2,4.4,0,0.0,0
2012-08-16,2012-09-27,OPTSTK,BANKBARODA,760.0,CE,0.0,0.0,0.0,45.85,2.65,0,0.0,0
2012-08-16,2012-09-27,OPTSTK,BANKBARODA,780.0,CE,0.0,0.0,0.0,38.45,1.55,0,0.0,0
2012-08-16,2012-09-27,OPTSTK,BANKBARODA,800.0,CE,0.0,0.0,0.0,32.1,0.9,0,0.0,0
2012-08-16,2012-09-27,OPTSTK,BANKBARODA,820.0,CE,0.0,0.0,0.0,26.6,0.5,0,0.0,0
2012-08-16,2012-09-27,OPTSTK,BANKBARODA,840.0,CE,0.0,0.0,0.0,21.95,0.3,0,0.0,0
2012-08-16,2012-09-27,OPTSTK,BANKBARODA,860.0,CE,0.0,0.0,0.0,17.95,0.15,0,0.0,0
2012-08-16,2012-09-27,OPTSTK,BANKBARODA,880.0,CE,0.0,0.0,0.0,14.65,0.1,0,0.0,0
2012-08-16,2012-09-27,OPTSTK,BANKBARODA,900.0,CE,0.0,0.0,0.0,11.85,0.05,0,0.0,0
2012-08-16,2012-09-27,OPTSTK,BANKBARODA,920.0,CE,0.0,0.0,0.0,9.55,0.05,0,0.0,0
2012-08-16,2012-09-27,OPTSTK,BANKBARODA,940.0,CE,0.0,0.0,0.0,7.7,0.05,0,0.0,0
2012-08-16,2012-09-27,OPTSTK,BANKBARODA,960.0,CE,0.0,0.0,0.0,6.15,0.0,0,0.0,0
2012-08-16,2012-09-27,OPTSTK,BANKBARODA,980.0,CE,0.0,0.0,0.0,4.9,0.0,0,0.0,0
2012-08-16,2012-09-27,OPTSTK,BANKBARODA,1000.0,CE,0.0,0.0,0.0,3.85,0.0,0,0.0,0
2012-08-16,2012-09-27,OPTSTK,BANKBARODA,1020.0,CE,0.0,0.0,0.0,3.05,0.0,0,0.0,0
2012-08-16,2012-09-27,OPTSTK,BANKBARODA,1040.0,CE,0.0,0.0,0.0,2.4,0.0,0,0.0,0
2012-08-16,2012-09-27,OPTSTK,BANKBARODA,1060.0,CE,0.0,0.0,0.0,1.9,0.0,0,0.0,0
2012-08-16,2012-09-27,OPTSTK,BANKBARODA,1080.0,CE,0.0,0.0,0.0,1.5,0.0,0,0.0,0
2012-08-16,2012-09-27,OPTSTK,BANKBARODA,420.0,PE,0.0,0.0,0.0,0.05,0.0,0,0.0,0
2012-08-16,2012-09-27,OPTSTK,BANKBARODA,440.0,PE,0.0,0.0,0.0,0.15,0.0,0,0.0,0
2012-08-16,2012-09-27,OPTSTK,BANKBARODA,460.0,PE,0.0,0.0,0.0,0.25,0.05,0,0.0,0
2012-08-16,2012-09-27,OPTSTK,BANKBARODA,480.0,PE,0.0,0.0,0.0,0.5,0.1,0,0.0,0
2012-08-16,2012-09-27,OPTSTK,BANKBARODA,500.0,PE,0.0,0.0,0.0,0.9,0.2,0,0.0,0
2012-08-16,2012-09-27,OPTSTK,BANKBARODA,520.0,PE,0.0,0.0,0.0,1.55,0.55,0,0.0,0
2012-08-16,2012-09-27,OPTSTK,BANKBARODA,540.0,PE,0.0,0.0,0.0,2.55,1.3,0,0.0,0
2012-08-16,2012-09-27,OPTSTK,BANKBARODA,560.0,PE,0.0,0.0,0.0,4.0,2.75,0,0.0,0
2012-08-16,2012-09-27,OPTSTK,BANKBARODA,580.0,PE,0.0,0.0,0.0,6.05,5.3,0,0.0,0
2012-08-16,2012-09-27,OPTSTK,BANKBARODA,600.0,PE,0.0,0.0,0.0,8.8,9.45,0,0.0,0
2012-08-16,2012-09-27,OPTSTK,BANKBARODA,620.0,PE,0.0,0.0,0.0,19.0,15.45,0,0.0,4000
2012-08-16,2012-09-27,OPTSTK,BANKBARODA,640.0,PE,16.0,18.0,16.0,18.0,18.0,13,21.32,15000
2012-08-16,2012-09-27,OPTSTK,BANKBARODA,660.0,PE,26.0,26.0,26.0,26.0,26.0,16,27.44,4000
2012-08-16,2012-09-27,OPTSTK,BANKBARODA,680.0,PE,0.0,0.0,0.0,29.05,46.55,0,0.0,0
2012-08-16,2012-09-27,OPTSTK,BANKBARODA,700.0,PE,0.0,0.0,0.0,36.8,60.95,0,0.0,0
2012-08-16,2012-09-27,OPTSTK,BANKBARODA,720.0,PE,0.0,0.0,0.0,45.7,76.9,0,0.0,0
2012-08-16,2012-09-27,OPTSTK,BANKBARODA,740.0,PE,0.0,0.0,0.0,55.75,94.1,0,0.0,0
2012-08-16,2012-09-27,OPTSTK,BANKBARODA,760.0,PE,0.0,0.0,0.0,66.9,112.15,0,0.0,0
2012-08-16,2012-09-27,OPTSTK,BANKBARODA,780.0,PE,0.0,0.0,0.0,79.1,130.85,0,0.0,0
2012-08-16,2012-09-27,OPTSTK,BANKBARODA,800.0,PE,0.0,0.0,0.0,92.2,150.0,0,0.0,0
2012-08-16,2012-09-27,OPTSTK,BANKBARODA,820.0,PE,0.0,0.0,0.0,106.25,169.4,0,0.0,0
2012-08-16,2012-09-27,OPTSTK,BANKBARODA,840.0,PE,0.0,0.0,0.0,121.15,188.95,0,0.0,0
2012-08-16,2012-09-27,OPTSTK,BANKBARODA,860.0,PE,0.0,0.0,0.0,136.7,208.6,0,0.0,0
2012-08-16,2012-09-27,OPTSTK,BANKBARODA,880.0,PE,0.0,0.0,0.0,152.9,228.35,0,0.0,0
2012-08-16,2012-09-27,OPTSTK,BANKBARODA,900.0,PE,0.0,0.0,0.0,169.7,248.1,0,0.0,0
2012-08-16,2012-09-27,OPTSTK,BANKBARODA,920.0,PE,0.0,0.0,0.0,186.9,267.9,0,0.0,0
2012-08-16,2012-09-27,OPTSTK,BANKBARODA,940.0,PE,0.0,0.0,0.0,204.55,287.65,0,0.0,0
2012-08-16,2012-09-27,OPTSTK,BANKBARODA,960.0,PE,0.0,0.0,0.0,222.55,307.45,0,0.0,0
2012-08-16,2012-09-27,OPTSTK,BANKBARODA,980.0,PE,0.0,0.0,0.0,240.85,327.25,0,0.0,0
2012-08-16,2012-09-27,OPTSTK,BANKBARODA,1000.0,PE,0.0,0.0,0.0,259.35,347.05,0,0.0,0
2012-08-16,2012-09-27,OPTSTK,BANKBARODA,1020.0,PE,0.0,0.0,0.0,278.1,366.85,0,0.0,0
2012-08-16,2012-09-27,OPTSTK,BANKBARODA,1040.0,PE,0.0,0.0,0.0,296.95,386.6,0,0.0,0
2012-08-16,2012-09-27,OPTSTK,BANKBARODA,1060.0,PE,0.0,0.0,0.0,316.0,406.4,0,0.0,0
2012-08-16,2012-09-27,OPTSTK,BANKBARODA,1080.0,PE,0.0,0.0,0.0,335.1,426.2,0,0.0,0
2012-08-16,2012-10-25,OPTSTK,BANKBARODA,420.0,CE,0.0,0.0,0.0,255.5,229.9,0,0.0,0
2012-08-16,2012-10-25,OPTSTK,BANKBARODA,440.0,CE,0.0,0.0,0.0,236.0,210.3,0,0.0,0
2012-08-16,2012-10-25,OPTSTK,BANKBARODA,460.0,CE,0.0,0.0,0.0,216.6,190.75,0,0.0,0
2012-08-16,2012-10-25,OPTSTK,BANKBARODA,480.0,CE,0.0,0.0,0.0,197.35,171.3,0,0.0,0
2012-08-16,2012-10-25,OPTSTK,BANKBARODA,500.0,CE,0.0,0.0,0.0,178.35,152.15,0,0.0,0
2012-08-16,2012-10-25,OPTSTK,BANKBARODA,520.0,CE,0.0,0.0,0.0,159.7,133.45,0,0.0,0
2012-08-16,2012-10-25,OPTSTK,BANKBARODA,540.0,CE,0.0,0.0,0.0,141.6,115.35,0,0.0,0
2012-08-16,2012-10-25,OPTSTK,BANKBARODA,560.0,CE,0.0,0.0,0.0,124.25,98.2,0,0.0,0
2012-08-16,2012-10-25,OPTSTK,BANKBARODA,580.0,CE,0.0,0.0,0.0,107.8,82.2,0,0.0,0
2012-08-16,2012-10-25,OPTSTK,BANKBARODA,600.0,CE,0.0,0.0,0.0,92.4,67.6,0,0.0,0
2012-08-16,2012-10-25,OPTSTK,BANKBARODA,620.0,CE,0.0,0.0,0.0,78.25,54.55,0,0.0,0
2012-08-16,2012-10-25,OPTSTK,BANKBARODA,640.0,CE,0.0,0.0,0.0,65.5,43.25,0,0.0,0
2012-08-16,2012-10-25,OPTSTK,BANKBARODA,660.0,CE,0.0,0.0,0.0,54.1,33.65,0,0.0,0
2012-08-16,2012-10-25,OPTSTK,BANKBARODA,680.0,CE,0.0,0.0,0.0,44.2,25.7,0,0.0,0
2012-08-16,2012-10-25,OPTSTK,BANKBARODA,700.0,CE,0.0,0.0,0.0,35.65,19.25,0,0.0,0
2012-08-16,2012-10-25,OPTSTK,BANKBARODA,720.0,CE,0.0,0.0,0.0,28.4,14.25,0,0.0,0
2012-08-16,2012-10-25,OPTSTK,BANKBARODA,740.0,CE,0.0,0.0,0.0,22.4,10.3,0,0.0,0
2012-08-16,2012-10-25,OPTSTK,BANKBARODA,760.0,CE,0.0,0.0,0.0,17.5,7.35,0,0.0,0
2012-08-16,2012-10-25,OPTSTK,BANKBARODA,780.0,CE,0.0,0.0,0.0,13.5,5.15,0,0.0,0
2012-08-16,2012-10-25,OPTSTK,BANKBARODA,800.0,CE,0.0,0.0,0.0,10.3,3.55,0,0.0,0
2012-08-16,2012-10-25,OPTSTK,BANKBARODA,820.0,CE,0.0,0.0,0.0,7.8,2.45,0,0.0,0
2012-08-16,2012-10-25,OPTSTK,BANKBARODA,840.0,CE,0.0,0.0,0.0,5.85,1.65,0,0.0,0
2012-08-16,2012-10-25,OPTSTK,BANKBARODA,860.0,CE,0.0,0.0,0.0,4.35,1.1,0,0.0,0
2012-08-16,2012-10-25,OPTSTK,BANKBARODA,880.0,CE,0.0,0.0,0.0,3.2,0.7,0,0.0,0
2012-08-16,2012-10-25,OPTSTK,BANKBARODA,900.0,CE,0.0,0.0,0.0,2.35,0.5,0,0.0,0
2012-08-16,2012-10-25,OPTSTK,BANKBARODA,920.0,CE,0.0,0.0,0.0,1.7,0.3,0,0.0,0
2012-08-16,2012-10-25,OPTSTK,BANKBARODA,940.0,CE,0.0,0.0,0.0,1.25,0.2,0,0.0,0
2012-08-16,2012-10-25,OPTSTK,BANKBARODA,960.0,CE,0.0,0.0,0.0,0.9,0.15,0,0.0,0
2012-08-16,2012-10-25,OPTSTK,BANKBARODA,980.0,CE,0.0,0.0,0.0,0.65,0.1,0,0.0,0
2012-08-16,2012-10-25,OPTSTK,BANKBARODA,1000.0,CE,0.0,0.0,0.0,0.45,0.05,0,0.0,0
2012-08-16,2012-10-25,OPTSTK,BANKBARODA,1020.0,CE,0.0,0.0,0.0,0.3,0.05,0,0.0,0
2012-08-16,2012-10-25,OPTSTK,BANKBARODA,1040.0,CE,0.0,0.0,0.0,0.25,0.05,0,0.0,0
2012-08-16,2012-10-25,OPTSTK,BANKBARODA,1060.0,CE,0.0,0.0,0.0,0.15,0.05,0,0.0,0
2012-08-16,2012-10-25,OPTSTK,BANKBARODA,420.0,PE,0.0,0.0,0.0,0.05,0.05,0,0.0,0
2012-08-16,2012-10-25,OPTSTK,BANKBARODA,440.0,PE,0.0,0.0,0.0,0.1,0.1,0,0.0,0
2012-08-16,2012-10-25,OPTSTK,BANKBARODA,460.0,PE,0.0,0.0,0.0,0.25,0.2,0,0.0,0
2012-08-16,2012-10-25,OPTSTK,BANKBARODA,480.0,PE,0.0,0.0,0.0,0.55,0.45,0,0.0,0
2012-08-16,2012-10-25,OPTSTK,BANKBARODA,500.0,PE,0.0,0.0,0.0,1.1,0.95,0,0.0,0
2012-08-16,2012-10-25,OPTSTK,BANKBARODA,520.0,PE,0.0,0.0,0.0,2.0,1.85,0,0.0,0
2012-08-16,2012-10-25,OPTSTK,BANKBARODA,540.0,PE,0.0,0.0,0.0,3.45,3.45,0,0.0,0
2012-08-16,2012-10-25,OPTSTK,BANKBARODA,560.0,PE,0.0,0.0,0.0,5.65,5.95,0,0.0,0
2012-08-16,2012-10-25,OPTSTK,BANKBARODA,580.0,PE,0.0,0.0,0.0,8.7,9.6,0,0.0,0
2012-08-16,2012-10-25,OPTSTK,BANKBARODA,600.0,PE,0.0,0.0,0.0,12.9,14.65,0,0.0,0
2012-08-16,2012-10-25,OPTSTK,BANKBARODA,620.0,PE,0.0,0.0,0.0,18.3,21.3,0,0.0,0
2012-08-16,2012-10-25,OPTSTK,BANKBARODA,640.0,PE,0.0,0.0,0.0,25.05,29.6,0,0.0,0
2012-08-16,2012-10-25,OPTSTK,BANKBARODA,660.0,PE,0.0,0.0,0.0,33.25,39.65,0,0.0,0
2012-08-16,2012-10-25,OPTSTK,BANKBARODA,680.0,PE,0.0,0.0,0.0,42.85,51.4,0,0.0,0
2012-08-16,2012-10-25,OPTSTK,BANKBARODA,700.0,PE,0.0,0.0,0.0,53.85,64.6,0,0.0,0
2012-08-16,2012-10-25,OPTSTK,BANKBARODA,720.0,PE,0.0,0.0,0.0,66.15,79.25,0,0.0,0
2012-08-16,2012-10-25,OPTSTK,BANKBARODA,740.0,PE,0.0,0.0,0.0,79.7,94.95,0,0.0,0
2012-08-16,2012-10-25,OPTSTK,BANKBARODA,760.0,PE,0.0,0.0,0.0,94.35,111.65,0,0.0,0
2012-08-16,2012-10-25,OPTSTK,BANKBARODA,780.0,PE,0.0,0.0,0.0,109.9,129.1,0,0.0,0
2012-08-16,2012-10-25,OPTSTK,BANKBARODA,800.0,PE,0.0,0.0,0.0,126.25,147.2,0,0.0,0
2012-08-16,2012-10-25,OPTSTK,BANKBARODA,820.0,PE,0.0,0.0,0.0,143.3,165.7,0,0.0,0
2012-08-16,2012-10-25,OPTSTK,BANKBARODA,840.0,PE,0.0,0.0,0.0,160.85,184.55,0,0.0,0
2012-08-16,2012-10-25,OPTSTK,BANKBARODA,860.0,PE,0.0,0.0,0.0,178.9,203.7,0,0.0,0
2012-08-16,2012-10-25,OPTSTK,BANKBARODA,880.0,PE,0.0,0.0,0.0,197.3,222.95,0,0.0,0
2012-08-16,2012-10-25,OPTSTK,BANKBARODA,900.0,PE,0.0,0.0,0.0,216.0,242.35,0,0.0,0
2012-08-16,2012-10-25,OPTSTK,BANKBARODA,920.0,PE,0.0,0.0,0.0,234.9,261.85,0,0.0,0
2012-08-16,2012-10-25,OPTSTK,BANKBARODA,940.0,PE,0.0,0.0,0.0,254.0,281.4,0,0.0,0
2012-08-16,2012-10-25,OPTSTK,BANKBARODA,960.0,PE,0.0,0.0,0.0,273.2,301.0,0,0.0,0
2012-08-16,2012-10-25,OPTSTK,BANKBARODA,980.0,PE,0.0,0.0,0.0,292.5,320.6,0,0.0,0
2012-08-16,2012-10-25,OPTSTK,BANKBARODA,1000.0,PE,0.0,0.0,0.0,311.85,340.25,0,0.0,0
2012-08-16,2012-10-25,OPTSTK,BANKBARODA,1020.0,PE,0.0,0.0,0.0,331.25,359.9,0,0.0,0
2012-08-16,2012-10-25,OPTSTK,BANKBARODA,1040.0,PE,0.0,0.0,0.0,350.7,379.55,0,0.0,0
2012-08-16,2012-10-25,OPTSTK,BANKBARODA,1060.0,PE,0.0,0.0,0.0,370.2,399.2,0,0.0,0
2012-08-16,2012-08-30,OPTSTK,BANKINDIA,160.0,CE,0.0,0.0,0.0,184.75,118.8,0,0.0,0
2012-08-16,2012-08-30,OPTSTK,BANKINDIA,180.0,CE,0.0,0.0,0.0,165.35,98.85,0,0.0,0
2012-08-16,2012-08-30,OPTSTK,BANKINDIA,200.0,CE,0.0,0.0,0.0,146.2,78.95,0,0.0,0
2012-08-16,2012-08-30,OPTSTK,BANKINDIA,220.0,CE,0.0,0.0,0.0,127.5,59.0,0,0.0,0
2012-08-16,2012-08-30,OPTSTK,BANKINDIA,240.0,CE,0.0,0.0,0.0,109.55,39.15,0,0.0,0
2012-08-16,2012-08-30,OPTSTK,BANKINDIA,260.0,CE,0.0,0.0,0.0,20.0,20.45,0,0.0,5000
2012-08-16,2012-08-30,OPTSTK,BANKINDIA,280.0,CE,7.85,7.9,6.0,6.6,6.6,50,143.2,59000
2012-08-16,2012-08-30,OPTSTK,BANKINDIA,300.0,CE,1.5,1.85,1.4,1.5,1.5,60,180.93,154000
2012-08-16,2012-08-30,OPTSTK,BANKINDIA,320.0,CE,0.4,0.4,0.4,0.4,0.4,3,9.61,69000
2012-08-16,2012-08-30,OPTSTK,BANKINDIA,340.0,CE,0.0,0.0,0.0,0.2,0.05,0,0.0,2000
2012-08-16,2012-08-30,OPTSTK,BANKINDIA,360.0,CE,0.0,0.0,0.0,32.3,0.0,0,0.0,0
2012-08-16,2012-08-30,OPTSTK,BANKINDIA,380.0,CE,0.0,0.0,0.0,25.2,0.0,0,0.0,0
2012-08-16,2012-08-30,OPTSTK,BANKINDIA,400.0,CE,0.0,0.0,0.0,19.45,0.0,0,0.0,0
2012-08-16,2012-08-30,OPTSTK,BANKINDIA,420.0,CE,0.0,0.0,0.0,14.95,0.0,0,0.0,0
2012-08-16,2012-08-30,OPTSTK,BANKINDIA,440.0,CE,0.0,0.0,0.0,11.35,0.0,0,0.0,0
2012-08-16,2012-08-30,OPTSTK,BANKINDIA,460.0,CE,0.0,0.0,0.0,8.55,0.0,0,0.0,0
2012-08-16,2012-08-30,OPTSTK,BANKINDIA,480.0,CE,0.0,0.0,0.0,6.4,0.0,0,0.0,0
2012-08-16,2012-08-30,OPTSTK,BANKINDIA,500.0,CE,0.0,0.0,0.0,4.8,0.0,0,0.0,0
2012-08-16,2012-08-30,OPTSTK,BANKINDIA,160.0,PE,0.0,0.0,0.0,0.05,0.0,0,0.0,0
2012-08-16,2012-08-30,OPTSTK,BANKINDIA,180.0,PE,0.0,0.0,0.0,0.2,0.0,0,0.0,0
2012-08-16,2012-08-30,OPTSTK,BANKINDIA,200.0,PE,0.0,0.0,0.0,0.55,0.0,0,0.0,0
2012-08-16,2012-08-30,OPTSTK,BANKINDIA,220.0,PE,0.0,0.0,0.0,1.35,0.0,0,0.0,0
2012-08-16,2012-08-30,OPTSTK,BANKINDIA,240.0,PE,0.0,0.0,0.0,0.95,0.1,0,0.0,2000
2012-08-16,2012-08-30,OPTSTK,BANKINDIA,260.0,PE,0.7,0.7,0.6,0.6,0.6,5,13.03,21000
2012-08-16,2012-08-30,OPTSTK,BANKINDIA,280.0,PE,8.7,8.7,4.35,6.9,6.9,12,34.41,78000
2012-08-16,2012-08-30,OPTSTK,BANKINDIA,300.0,PE,0.0,0.0,0.0,24.15,22.15,0,0.0,2000
2012-08-16,2012-08-30,OPTSTK,BANKINDIA,320.0,PE,0.0,0.0,0.0,22.75,40.85,0,0.0,0
2012-08-16,2012-08-30,OPTSTK,BANKINDIA,340.0,PE,0.0,0.0,0.0,31.95,60.65,0,0.0,0
2012-08-16,2012-08-30,OPTSTK,BANKINDIA,360.0,PE,0.0,0.0,0.0,42.8,80.55,0,0.0,0
2012-08-16,2012-08-30,OPTSTK,BANKINDIA,380.0,PE,0.0,0.0,0.0,55.2,100.5,0,0.0,0
2012-08-16,2012-08-30,OPTSTK,BANKINDIA,400.0,PE,0.0,0.0,0.0,69.0,120.45,0,0.0,0
2012-08-16,2012-08-30,OPTSTK,BANKINDIA,420.0,PE,0.0,0.0,0.0,83.95,140.35,0,0.0,0
2012-08-16,2012-08-30,OPTSTK,BANKINDIA,440.0,PE,0.0,0.0,0.0,99.9,160.3,0,0.0,0
2012-08-16,2012-08-30,OPTSTK,BANKINDIA,460.0,PE,0.0,0.0,0.0,116.65,180.25,0,0.0,0
2012-08-16,2012-08-30,OPTSTK,BANKINDIA,480.0,PE,0.0,0.0,0.0,134.0,200.15,0,0.0,0
2012-08-16,2012-08-30,OPTSTK,BANKINDIA,500.0,PE,0.0,0.0,0.0,151.9,220.1,0,0.0,0
2012-08-16,2012-09-27,OPTSTK,BANKINDIA,160.0,CE,0.0,0.0,0.0,189.15,119.9,0,0.0,0
2012-08-16,2012-09-27,OPTSTK,BANKINDIA,180.0,CE,0.0,0.0,0.0,169.6,100.15,0,0.0,0
2012-08-16,2012-09-27,OPTSTK,BANKINDIA,200.0,CE,0.0,0.0,0.0,150.1,80.35,0,0.0,0
2012-08-16,2012-09-27,OPTSTK,BANKINDIA,220.0,CE,0.0,0.0,0.0,130.65,60.7,0,0.0,0
2012-08-16,2012-09-27,OPTSTK,BANKINDIA,240.0,CE,0.0,0.0,0.0,111.4,41.9,0,0.0,0
2012-08-16,2012-09-27,OPTSTK,BANKINDIA,260.0,CE,0.0,0.0,0.0,92.65,25.5,0,0.0,0
2012-08-16,2012-09-27,OPTSTK,BANKINDIA,280.0,CE,0.0,0.0,0.0,74.95,13.35,0,0.0,0
2012-08-16,2012-09-27,OPTSTK,BANKINDIA,300.0,CE,0.0,0.0,0.0,6.85,5.95,0,0.0,1000
2012-08-16,2012-09-27,OPTSTK,BANKINDIA,320.0,CE,3.2,3.2,3.2,3.2,3.2,1,3.23,1000
2012-08-16,2012-09-27,OPTSTK,BANKINDIA,340.0,CE,0.0,0.0,0.0,32.65,0.75,0,0.0,0
2012-08-16,2012-09-27,OPTSTK,BANKINDIA,360.0,CE,0.0,0.0,0.0,23.2,0.25,0,0.0,0
2012-08-16,2012-09-27,OPTSTK,BANKINDIA,380.0,CE,0.0,0.0,0.0,15.95,0.05,0,0.0,0
2012-08-16,2012-09-27,OPTSTK,BANKINDIA,400.0,CE,0.0,0.0,0.0,10.7,0.05,0,0.0,0
2012-08-16,2012-09-27,OPTSTK,BANKINDIA,420.0,CE,0.0,0.0,0.0,7.0,0.0,0,0.0,0
2012-08-16,2012-09-27,OPTSTK,BANKINDIA,440.0,CE,0.0,0.0,0.0,4.45,0.0,0,0.0,0
2012-08-16,2012-09-27,OPTSTK,BANKINDIA,460.0,CE,0.0,0.0,0.0,2.75,0.0,0,0.0,0
2012-08-16,2012-09-27,OPTSTK,BANKINDIA,480.0,CE,0.0,0.0,0.0,1.7,0.0,0,0.0,0
2012-08-16,2012-09-27,OPTSTK,BANKINDIA,500.0,CE,0.0,0.0,0.0,1.05,0.0,0,0.0,0
2012-08-16,2012-09-27,OPTSTK,BANKINDIA,160.0,PE,0.0,0.0,0.0,0.05,0.0,0,0.0,0
2012-08-16,2012-09-27,OPTSTK,BANKINDIA,180.0,PE,0.0,0.0,0.0,0.05,0.0,0,0.0,0
2012-08-16,2012-09-27,OPTSTK,BANKINDIA,200.0,PE,0.0,0.0,0.0,0.05,0.05,0,0.0,0
2012-08-16,2012-09-27,OPTSTK,BANKINDIA,220.0,PE,0.0,0.0,0.0,0.1,0.2,0,0.0,0
2012-08-16,2012-09-27,OPTSTK,BANKINDIA,240.0,PE,0.0,0.0,0.0,0.4,1.15,0,0.0,0
2012-08-16,2012-09-27,OPTSTK,BANKINDIA,260.0,PE,0.0,0.0,0.0,7.95,4.6,0,0.0,2000
2012-08-16,2012-09-27,OPTSTK,BANKINDIA,280.0,PE,14.4,14.4,14.4,14.4,14.4,1,2.94,1000
2012-08-16,2012-09-27,OPTSTK,BANKINDIA,300.0,PE,0.0,0.0,0.0,6.35,24.6,0,0.0,0
2012-08-16,2012-09-27,OPTSTK,BANKINDIA,320.0,PE,0.0,0.0,0.0,11.7,40.7,0,0.0,0
2012-08-16,2012-09-27,OPTSTK,BANKINDIA,340.0,PE,0.0,0.0,0.0,19.35,59.0,0,0.0,0
2012-08-16,2012-09-27,OPTSTK,BANKINDIA,360.0,PE,0.0,0.0,0.0,29.4,78.25,0,0.0,0
2012-08-16,2012-09-27,OPTSTK,BANKINDIA,380.0,PE,0.0,0.0,0.0,41.75,97.9,0,0.0,0
2012-08-16,2012-09-27,OPTSTK,BANKINDIA,400.0,PE,0.0,0.0,0.0,56.0,117.65,0,0.0,0
2012-08-16,2012-09-27,OPTSTK,BANKINDIA,420.0,PE,0.0,0.0,0.0,71.8,137.45,0,0.0,0
2012-08-16,2012-09-27,OPTSTK,BANKINDIA,440.0,PE,0.0,0.0,0.0,88.8,157.2,0,0.0,0
2012-08-16,2012-09-27,OPTSTK,BANKINDIA,460.0,PE,0.0,0.0,0.0,106.65,177.0,0,0.0,0
2012-08-16,2012-09-27,OPTSTK,BANKINDIA,480.0,PE,0.0,0.0,0.0,125.15,196.8,0,0.0,0
2012-08-16,2012-09-27,OPTSTK,BANKINDIA,500.0,PE,0.0,0.0,0.0,144.0,216.6,0,0.0,0
2012-08-16,2012-10-25,OPTSTK,BANKINDIA,160.0,CE,0.0,0.0,0.0,151.65,121.0,0,0.0,0
2012-08-16,2012-10-25,OPTSTK,BANKINDIA,180.0,CE,0.0,0.0,0.0,132.1,101.35,0,0.0,0
2012-08-16,2012-10-25,OPTSTK,BANKINDIA,200.0,CE,0.0,0.0,0.0,112.55,81.8,0,0.0,0
2012-08-16,2012-10-25,OPTSTK,BANKINDIA,220.0,CE,0.0,0.0,0.0,93.1,62.7,0,0.0,0
2012-08-16,2012-10-25,OPTSTK,BANKINDIA,240.0,CE,0.0,0.0,0.0,73.95,44.95,0,0.0,0
2012-08-16,2012-10-25,OPTSTK,BANKINDIA,260.0,CE,0.0,0.0,0.0,55.75,29.7,0,0.0,0
2012-08-16,2012-10-25,OPTSTK,BANKINDIA,280.0,CE,0.0,0.0,0.0,39.45,18.0,0,0.0,0
2012-08-16,2012-10-25,OPTSTK,BANKINDIA,300.0,CE,0.0,0.0,0.0,26.0,9.95,0,0.0,0
2012-08-16,2012-10-25,OPTSTK,BANKINDIA,320.0,CE,0.0,0.0,0.0,15.9,5.1,0,0.0,0
2012-08-16,2012-10-25,OPTSTK,BANKINDIA,340.0,CE,0.0,0.0,0.0,9.05,2.4,0,0.0,0
2012-08-16,2012-10-25,OPTSTK,BANKINDIA,360.0,CE,0.0,0.0,0.0,4.8,1.05,0,0.0,0
2012-08-16,2012-10-25,OPTSTK,BANKINDIA,380.0,CE,0.0,0.0,0.0,2.4,0.45,0,0.0,0
2012-08-16,2012-10-25,OPTSTK,BANKINDIA,400.0,CE,0.0,0.0,0.0,1.15,0.2,0,0.0,0
2012-08-16,2012-10-25,OPTSTK,BANKINDIA,420.0,CE,0.0,0.0,0.0,0.5,0.1,0,0.0,0
2012-08-16,2012-10-25,OPTSTK,BANKINDIA,440.0,CE,0.0,0.0,0.0,0.25,0.05,0,0.0,0
2012-08-16,2012-10-25,OPTSTK,BANKINDIA,460.0,CE,0.0,0.0,0.0,0.1,0.05,0,0.0,0
2012-08-16,2012-10-25,OPTSTK,BANKINDIA,480.0,CE,0.0,0.0,0.0,0.05,0.0,0,0.0,0
2012-08-16,2012-10-25,OPTSTK,BANKINDIA,500.0,CE,0.0,0.0,0.0,0.05,0.0,0,0.0,0
2012-08-16,2012-10-25,OPTSTK,BANKINDIA,160.0,PE,0.0,0.0,0.0,0.05,0.0,0,0.0,0
2012-08-16,2012-10-25,OPTSTK,BANKINDIA,180.0,PE,0.0,0.0,0.0,0.05,0.05,0,0.0,0
2012-08-16,2012-10-25,OPTSTK,BANKINDIA,200.0,PE,0.0,0.0,0.0,0.05,0.15,0,0.0,0
2012-08-16,2012-10-25,OPTSTK,BANKINDIA,220.0,PE,0.0,0.0,0.0,0.1,0.7,0,0.0,0
2012-08-16,2012-10-25,OPTSTK,BANKINDIA,240.0,PE,0.0,0.0,0.0,0.5,2.55,0,0.0,0
2012-08-16,2012-10-25,OPTSTK,BANKINDIA,260.0,PE,0.0,0.0,0.0,1.85,7.0,0,0.0,0
2012-08-16,2012-10-25,OPTSTK,BANKINDIA,280.0,PE,0.0,0.0,0.0,5.1,14.95,0,0.0,0
2012-08-16,2012-10-25,OPTSTK,BANKINDIA,300.0,PE,0.0,0.0,0.0,11.15,26.55,0,0.0,0
2012-08-16,2012-10-25,OPTSTK,BANKINDIA,320.0,PE,0.0,0.0,0.0,20.65,41.35,0,0.0,0
2012-08-16,2012-10-25,OPTSTK,BANKINDIA,340.0,PE,0.0,0.0,0.0,33.3,58.3,0,0.0,0
2012-08-16,2012-10-25,OPTSTK,BANKINDIA,360.0,PE,0.0,0.0,0.0,48.65,76.65,0,0.0,0
2012-08-16,2012-10-25,OPTSTK,BANKINDIA,380.0,PE,0.0,0.0,0.0,65.75,95.65,0,0.0,0
2012-08-16,2012-10-25,OPTSTK,BANKINDIA,400.0,PE,0.0,0.0,0.0,84.05,115.05,0,0.0,0
2012-08-16,2012-10-25,OPTSTK,BANKINDIA,420.0,PE,0.0,0.0,0.0,103.0,134.6,0,0.0,0
2012-08-16,2012-10-25,OPTSTK,BANKINDIA,440.0,PE,0.0,0.0,0.0,122.25,154.25,0,0.0,0
2012-08-16,2012-10-25,OPTSTK,BANKINDIA,460.0,PE,0.0,0.0,0.0,141.65,173.9,0,0.0,0
2012-08-16,2012-10-25,OPTSTK,BANKINDIA,480.0,PE,0.0,0.0,0.0,161.15,193.55,0,0.0,0
2012-08-16,2012-10-25,OPTSTK,BANKINDIA,500.0,PE,0.0,0.0,0.0,180.7,213.2,0,0.0,0
2012-08-16,2012-08-30,OPTSTK,BATAINDIA,480.0,CE,0.0,0.0,0.0,409.6,423.4,0,0.0,0
2012-08-16,2012-08-30,OPTSTK,BATAINDIA,500.0,CE,0.0,0.0,0.0,390.1,403.5,0,0.0,0
2012-08-16,2012-08-30,OPTSTK,BATAINDIA,520.0,CE,0.0,0.0,0.0,370.6,383.55,0,0.0,0
2012-08-16,2012-08-30,OPTSTK,BATAINDIA,540.0,CE,0.0,0.0,0.0,351.1,363.65,0,0.0,0
2012-08-16,2012-08-30,OPTSTK,BATAINDIA,560.0,CE,0.0,0.0,0.0,331.7,343.7,0,0.0,0
2012-08-16,2012-08-30,OPTSTK,BATAINDIA,580.0,CE,0.0,0.0,0.0,312.35,323.75,0,0.0,0
2012-08-16,2012-08-30,OPTSTK,BATAINDIA,600.0,CE,0.0,0.0,0.0,293.1,303.85,0,0.0,0
2012-08-16,2012-08-30,OPTSTK,BATAINDIA,620.0,CE,0.0,0.0,0.0,274.0,283.9,0,0.0,0
2012-08-16,2012-08-30,OPTSTK,BATAINDIA,640.0,CE,0.0,0.0,0.0,255.1,263.95,0,0.0,0
2012-08-16,2012-08-30,OPTSTK,BATAINDIA,660.0,CE,0.0,0.0,0.0,236.45,244.05,0,0.0,0
2012-08-16,2012-08-30,OPTSTK,BATAINDIA,680.0,CE,0.0,0.0,0.0,218.2,224.1,0,0.0,0
2012-08-16,2012-08-30,OPTSTK,BATAINDIA,700.0,CE,0.0,0.0,0.0,200.4,204.15,0,0.0,0
2012-08-16,2012-08-30,OPTSTK,BATAINDIA,720.0,CE,0.0,0.0,0.0,183.1,184.25,0,0.0,0
2012-08-16,2012-08-30,OPTSTK,BATAINDIA,740.0,CE,0.0,0.0,0.0,166.45,164.3,0,0.0,0
2012-08-16,2012-08-30,OPTSTK,BATAINDIA,760.0,CE,0.0,0.0,0.0,150.5,144.35,0,0.0,0
2012-08-16,2012-08-30,OPTSTK,BATAINDIA,780.0,CE,0.0,0.0,0.0,135.35,124.45,0,0.0,0
2012-08-16,2012-08-30,OPTSTK,BATAINDIA,800.0,CE,0.0,0.0,0.0,121.05,104.5,0,0.0,0
2012-08-16,2012-08-30,OPTSTK,BATAINDIA,820.0,CE,0.0,0.0,0.0,83.2,84.65,0,0.0,500
2012-08-16,2012-08-30,OPTSTK,BATAINDIA,840.0,CE,0.0,0.0,0.0,95.2,65.15,0,0.0,0
2012-08-16,2012-08-30,OPTSTK,BATAINDIA,860.0,CE,0.0,0.0,0.0,58.95,46.6,0,0.0,5000
2012-08-16,2012-08-30,OPTSTK,BATAINDIA,880.0,CE,0.0,0.0,0.0,46.0,30.25,0,0.0,8000
2012-08-16,2012-08-30,OPTSTK,BATAINDIA,900.0,CE,19.5,30.0,19.5,20.8,20.8,21,96.84,72500
2012-08-16,2012-08-30,OPTSTK,BATAINDIA,920.0,CE,16.0,19.0,11.05,11.95,11.95,67,313.24,54000
2012-08-16,2012-08-30,OPTSTK,BATAINDIA,940.0,CE,9.05,9.95,5.6,6.05,6.05,56,265.21,54500
2012-08-16,2012-08-30,OPTSTK,BATAINDIA,960.0,CE,3.5,5.35,3.0,3.1,3.1,31,149.33,46000
2012-08-16,2012-08-30,OPTSTK,BATAINDIA,980.0,CE,1.95,2.0,1.2,1.65,1.65,9,44.17,14500
2012-08-16,2012-08-30,OPTSTK,BATAINDIA,1000.0,CE,0.0,0.0,0.0,2.1,0.1,0,0.0,10500
2012-08-16,2012-08-30,OPTSTK,BATAINDIA,1020.0,CE,0.0,0.0,0.0,24.95,0.05,0,0.0,0
2012-08-16,2012-08-30,OPTSTK,BATAINDIA,1040.0,CE,0.0,0.0,0.0,21.0,0.0,0,0.0,0
2012-08-16,2012-08-30,OPTSTK,BATAINDIA,1060.0,CE,0.0,0.0,0.0,17.55,0.0,0,0.0,0
2012-08-16,2012-08-30,OPTSTK,BATAINDIA,1080.0,CE,0.0,0.0,0.0,14.65,0.0,0,0.0,0
2012-08-16,2012-08-30,OPTSTK,BATAINDIA,1100.0,CE,0.0,0.0,0.0,12.2,0.0,0,0.0,0
2012-08-16,2012-08-30,OPTSTK,BATAINDIA,1120.0,CE,0.0,0.0,0.0,10.1,0.0,0,0.0,0
2012-08-16,2012-08-30,OPTSTK,BATAINDIA,480.0,PE,0.0,0.0,0.0,0.05,0.0,0,0.0,0
2012-08-16,2012-08-30,OPTSTK,BATAINDIA,500.0,PE,0.0,0.0,0.0,0.05,0.0,0,0.0,0
2012-08-16,2012-08-30,OPTSTK,BATAINDIA,520.0,PE,0.0,0.0,0.0,0.05,0.0,0,0.0,0
2012-08-16,2012-08-30,OPTSTK,BATAINDIA,540.0,PE,0.0,0.0,0.0,0.1,0.0,0,0.0,0
2012-08-16,2012-08-30,OPTSTK,BATAINDIA,560.0,PE,0.0,0.0,0.0,0.2,0.0,0,0.0,0
2012-08-16,2012-08-30,OPTSTK,BATAINDIA,580.0,PE,0.0,0.0,0.0,0.35,0.0,0,0.0,0
2012-08-16,2012-08-30,OPTSTK,BATAINDIA,600.0,PE,0.0,0.0,0.0,0.65,0.0,0,0.0,0
2012-08-16,2012-08-30,OPTSTK,BATAINDIA,620.0,PE,0.0,0.0,0.0,1.05,0.0,0,0.0,0
2012-08-16,2012-08-30,OPTSTK,BATAINDIA,640.0,PE,0.0,0.0,0.0,1.65,0.0,0,0.0,0
2012-08-16,2012-08-30,OPTSTK,BATAINDIA,660.0,PE,0.0,0.0,0.0,2.55,0.0,0,0.0,0
2012-08-16,2012-08-30,OPTSTK,BATAINDIA,680.0,PE,0.0,0.0,0.0,3.8,0.0,0,0.0,0
2012-08-16,2012-08-30,OPTSTK,BATAINDIA,700.0,PE,0.0,0.0,0.0,5.5,0.0,0,0.0,0
2012-08-16,2012-08-30,OPTSTK,BATAINDIA,720.0,PE,0.0,0.0,0.0,7.75,0.0,0,0.0,0
2012-08-16,2012-08-30,OPTSTK,BATAINDIA,740.0,PE,0.0,0.0,0.0,10.6,0.0,0,0.0,0
2012-08-16,2012-08-30,OPTSTK,BATAINDIA,760.0,PE,0.0,0.0,0.0,14.2,0.0,0,0.0,0
2012-08-16,2012-08-30,OPTSTK,BATAINDIA,780.0,PE,0.0,0.0,0.0,18.55,0.0,0,0.0,0
2012-08-16,2012-08-30,OPTSTK,BATAINDIA,800.0,PE,0.0,0.0,0.0,2.6,0.05,0,0.0,1500
2012-08-16,2012-08-30,OPTSTK,BATAINDIA,820.0,PE,0.0,0.0,0.0,1.7,0.1,0,0.0,4000
2012-08-16,2012-08-30,OPTSTK,BATAINDIA,840.0,PE,0.0,0.0,0.0,2.4,0.5,0,0.0,12000
2012-08-16,2012-08-30,OPTSTK,BATAINDIA,860.0,PE,3.25,4.0,3.25,4.0,4.0,2,8.63,19000
2012-08-16,2012-08-30,OPTSTK,BATAINDIA,880.0,PE,8.0,8.0,5.7,8.0,8.0,7,31.02,22500
2012-08-16,2012-08-30,OPTSTK,BATAINDIA,900.0,PE,12.0,15.65,10.1,14.15,14.15,44,201.07,30000
2012-08-16,2012-08-30,OPTSTK,BATAINDIA,920.0,PE,23.95,24.4,23.95,24.4,24.4,2,9.44,7000
2012-08-16,2012-08-30,OPTSTK,BATAINDIA,940.0,PE,0.0,0.0,0.0,33.2,38.7,0,0.0,1500
2012-08-16,2012-08-30,OPTSTK,BATAINDIA,960.0,PE,0.0,0.0,0.0,99.6,56.3,0,0.0,0
2012-08-16,2012-08-30,OPTSTK,BATAINDIA,980.0,PE,0.0,0.0,0.0,55.0,75.35,0,0.0,500
2012-08-16,2012-08-30,OPTSTK,BATAINDIA,1000.0,PE,0.0,0.0,0.0,127.45,94.95,0,0.0,0
2012-08-16,2012-08-30,OPTSTK,BATAINDIA,1020.0,PE,0.0,0.0,0.0,142.4,114.85,0,0.0,0
2012-08-16,2012-08-30,OPTSTK,BATAINDIA,1040.0,PE,0.0,0.0,0.0,157.9,134.75,0,0.0,0
2012-08-16,2012-08-30,OPTSTK,BATAINDIA,1060.0,PE,0.0,0.0,0.0,174.05,154.7,0,0.0,0
2012-08-16,2012-08-30,OPTSTK,BATAINDIA,1080.0,PE,0.0,0.0,0.0,190.65,174.6,0,0.0,0
2012-08-16,2012-08-30,OPTSTK,BATAINDIA,1100.0,PE,0.0,0.0,0.0,207.7,194.55,0,0.0,0
2012-08-16,2012-08-30,OPTSTK,BATAINDIA,1120.0,PE,0.0,0.0,0.0,225.1,214.5,0,0.0,0
2012-08-16,2012-09-27,OPTSTK,BATAINDIA,480.0,CE,0.0,0.0,0.0,374.55,426.8,0,0.0,0
2012-08-16,2012-09-27,OPTSTK,BATAINDIA,500.0,CE,0.0,0.0,0.0,355.0,407.0,0,0.0,0
2012-08-16,2012-09-27,OPTSTK,BATAINDIA,520.0,CE,0.0,0.0,0.0,335.5,387.2,0,0.0,0
2012-08-16,2012-09-27,OPTSTK,BATAINDIA,540.0,CE,0.0,0.0,0.0,316.0,367.4,0,0.0,0
2012-08-16,2012-09-27,OPTSTK,BATAINDIA,560.0,CE,0.0,0.0,0.0,296.55,347.6,0,0.0,0
2012-08-16,2012-09-27,OPTSTK,BATAINDIA,580.0,CE,0.0,0.0,0.0,277.2,327.8,0,0.0,0
2012-08-16,2012-09-27,OPTSTK,BATAINDIA,600.0,CE,0.0,0.0,0.0,257.95,308.0,0,0.0,0
2012-08-16,2012-09-27,OPTSTK,BATAINDIA,620.0,CE,0.0,0.0,0.0,238.85,288.25,0,0.0,0
2012-08-16,2012-09-27,OPTSTK,BATAINDIA,640.0,CE,0.0,0.0,0.0,220.05,268.45,0,0.0,0
2012-08-16,2012-09-27,OPTSTK,BATAINDIA,660.0,CE,0.0,0.0,0.0,201.55,248.65,0,0.0,0
2012-08-16,2012-09-27,OPTSTK,BATAINDIA,680.0,CE,0.0,0.0,0.0,183.5,228.85,0,0.0,0
2012-08-16,2012-09-27,OPTSTK,BATAINDIA,700.0,CE,0.0,0.0,0.0,166.05,209.05,0,0.0,0
2012-08-16,2012-09-27,OPTSTK,BATAINDIA,720.0,CE,0.0,0.0,0.0,149.2,189.25,0,0.0,0
2012-08-16,2012-09-27,OPTSTK,BATAINDIA,740.0,CE,0.0,0.0,0.0,133.15,169.5,0,0.0,0
2012-08-16,2012-09-27,OPTSTK,BATAINDIA,760.0,CE,0.0,0.0,0.0,118.0,149.8,0,0.0,0
2012-08-16,2012-09-27,OPTSTK,BATAINDIA,780.0,CE,0.0,0.0,0.0,103.85,130.2,0,0.0,0
2012-08-16,2012-09-27,OPTSTK,BATAINDIA,800.0,CE,0.0,0.0,0.0,90.65,110.9,0,0.0,0
2012-08-16,2012-09-27,OPTSTK,BATAINDIA,820.0,CE,0.0,0.0,0.0,78.6,92.15,0,0.0,0
2012-08-16,2012-09-27,OPTSTK,BATAINDIA,840.0,CE,0.0,0.0,0.0,67.65,74.4,0,0.0,0
2012-08-16,2012-09-27,OPTSTK,BATAINDIA,860.0,CE,0.0,0.0,0.0,57.8,58.05,0,0.0,0
2012-08-16,2012-09-27,OPTSTK,BATAINDIA,880.0,CE,0.0,0.0,0.0,49.05,43.6,0,0.0,0
2012-08-16,2012-09-27,OPTSTK,BATAINDIA,900.0,CE,0.0,0.0,0.0,41.3,31.4,0,0.0,0
2012-08-16,2012-09-27,OPTSTK,BATAINDIA,920.0,CE,0.0,0.0,0.0,34.55,21.65,0,0.0,0
2012-08-16,2012-09-27,OPTSTK,BATAINDIA,940.0,CE,0.0,0.0,0.0,28.7,14.2,0,0.0,0
2012-08-16,2012-09-27,OPTSTK,BATAINDIA,960.0,CE,0.0,0.0,0.0,23.75,8.95,0,0.0,0
2012-08-16,2012-09-27,OPTSTK,BATAINDIA,980.0,CE,0.0,0.0,0.0,19.5,5.35,0,0.0,0
2012-08-16,2012-09-27,OPTSTK,BATAINDIA,1000.0,CE,0.0,0.0,0.0,15.9,3.05,0,0.0,0
2012-08-16,2012-09-27,OPTSTK,BATAINDIA,1020.0,CE,0.0,0.0,0.0,12.9,1.65,0,0.0,0
2012-08-16,2012-09-27,OPTSTK,BATAINDIA,1040.0,CE,0.0,0.0,0.0,10.4,0.85,0,0.0,0
2012-08-16,2012-09-27,OPTSTK,BATAINDIA,1060.0,CE,0.0,0.0,0.0,8.35,0.45,0,0.0,0
2012-08-16,2012-09-27,OPTSTK,BATAINDIA,1080.0,CE,0.0,0.0,0.0,6.65,0.2,0,0.0,0
2012-08-16,2012-09-27,OPTSTK,BATAINDIA,1100.0,CE,0.0,0.0,0.0,5.3,0.1,0,0.0,0
2012-08-16,2012-09-27,OPTSTK,BATAINDIA,1120.0,CE,0.0,0.0,0.0,4.15,0.05,0,0.0,0
2012-08-16,2012-09-27,OPTSTK,BATAINDIA,480.0,PE,0.0,0.0,0.0,0.05,0.0,0,0.0,0
2012-08-16,2012-09-27,OPTSTK,BATAINDIA,500.0,PE,0.0,0.0,0.0,0.05,0.0,0,0.0,0
2012-08-16,2012-09-27,OPTSTK,BATAINDIA,520.0,PE,0.0,0.0,0.0,0.05,0.0,0,0.0,0
2012-08-16,2012-09-27,OPTSTK,BATAINDIA,540.0,PE,0.0,0.0,0.0,0.1,0.0,0,0.0,0
2012-08-16,2012-09-27,OPTSTK,BATAINDIA,560.0,PE,0.0,0.0,0.0,0.2,0.0,0,0.0,0
2012-08-16,2012-09-27,OPTSTK,BATAINDIA,580.0,PE,0.0,0.0,0.0,0.35,0.0,0,0.0,0
2012-08-16,2012-09-27,OPTSTK,BATAINDIA,600.0,PE,0.0,0.0,0.0,0.65,0.0,0,0.0,0
2012-08-16,2012-09-27,OPTSTK,BATAINDIA,620.0,PE,0.0,0.0,0.0,1.1,0.0,0,0.0,0
2012-08-16,2012-09-27,OPTSTK,BATAINDIA,640.0,PE,0.0,0.0,0.0,1.8,0.0,0,0.0,0
2012-08-16,2012-09-27,OPTSTK,BATAINDIA,660.0,PE,0.0,0.0,0.0,2.85,0.0,0,0.0,0
2012-08-16,2012-09-27,OPTSTK,BATAINDIA,680.0,PE,0.0,0.0,0.0,4.35,0.0,0,0.0,0
2012-08-16,2012-09-27,OPTSTK,BATAINDIA,700.0,PE,0.0,0.0,0.0,6.4,0.0,0,0.0,0
2012-08-16,2012-09-27,OPTSTK,BATAINDIA,720.0,PE,0.0,0.0,0.0,9.1,0.05,0,0.0,0
2012-08-16,2012-09-27,OPTSTK,BATAINDIA,740.0,PE,0.0,0.0,0.0,12.6,0.05,0,0.0,0
2012-08-16,2012-09-27,OPTSTK,BATAINDIA,760.0,PE,0.0,0.0,0.0,17.0,0.1,0,0.0,0
2012-08-16,2012-09-27,OPTSTK,BATAINDIA,780.0,PE,0.0,0.0,0.0,22.35,0.3,0,0.0,0
2012-08-16,2012-09-27,OPTSTK,BATAINDIA,800.0,PE,0.0,0.0,0.0,28.7,0.8,0,0.0,0
2012-08-16,2012-09-27,OPTSTK,BATAINDIA,820.0,PE,0.0,0.0,0.0,36.2,1.9,0,0.0,0
2012-08-16,2012-09-27,OPTSTK,BATAINDIA,840.0,PE,0.0,0.0,0.0,44.75,3.9,0,0.0,0
2012-08-16,2012-09-27,OPTSTK,BATAINDIA,860.0,PE,0.0,0.0,0.0,54.45,7.35,0,0.0,0
2012-08-16,2012-09-27,OPTSTK,BATAINDIA,880.0,PE,0.0,0.0,0.0,65.25,12.7,0,0.0,0
2012-08-16,2012-09-27,OPTSTK,BATAINDIA,900.0,PE,0.0,0.0,0.0,77.05,20.3,0,0.0,0
2012-08-16,2012-09-27,OPTSTK,BATAINDIA,920.0,PE,0.0,0.0,0.0,89.8,30.3,0,0.0,0
2012-08-16,2012-09-27,OPTSTK,BATAINDIA,940.0,PE,0.0,0.0,0.0,103.5,42.7,0,0.0,0
2012-08-16,2012-09-27,OPTSTK,BATAINDIA,960.0,PE,0.0,0.0,0.0,118.1,57.2,0,0.0,0
2012-08-16,2012-09-27,OPTSTK,BATAINDIA,980.0,PE,0.0,0.0,0.0,133.35,73.4,0,0.0,0
2012-08-16,2012-09-27,OPTSTK,BATAINDIA,1000.0,PE,0.0,0.0,0.0,149.3,90.9,0,0.0,0
2012-08-16,2012-09-27,OPTSTK,BATAINDIA,1020.0,PE,0.0,0.0,0.0,165.8,109.3,0,0.0,0
2012-08-16,2012-09-27,OPTSTK,BATAINDIA,1040.0,PE,0.0,0.0,0.0,182.85,128.3,0,0.0,0
2012-08-16,2012-09-27,OPTSTK,BATAINDIA,1060.0,PE,0.0,0.0,0.0,200.35,147.7,0,0.0,0
2012-08-16,2012-09-27,OPTSTK,BATAINDIA,1080.0,PE,0.0,0.0,0.0,218.2,167.25,0,0.0,0
2012-08-16,2012-09-27,OPTSTK,BATAINDIA,1100.0,PE,0.0,0.0,0.0,236.35,186.95,0,0.0,0
2012-08-16,2012-09-27,OPTSTK,BATAINDIA,1120.0,PE,0.0,0.0,0.0,254.75,206.7,0,0.0,0
2012-08-16,2012-10-25,OPTSTK,BATAINDIA,500.0,CE,0.0,0.0,0.0,407.05,410.4,0,0.0,0
2012-08-16,2012-10-25,OPTSTK,BATAINDIA,520.0,CE,0.0,0.0,0.0,387.5,390.75,0,0.0,0
2012-08-16,2012-10-25,OPTSTK,BATAINDIA,540.0,CE,0.0,0.0,0.0,368.0,371.1,0,0.0,0
2012-08-16,2012-10-25,OPTSTK,BATAINDIA,560.0,CE,0.0,0.0,0.0,348.45,351.45,0,0.0,0
2012-08-16,2012-10-25,OPTSTK,BATAINDIA,580.0,CE,0.0,0.0,0.0,328.9,331.8,0,0.0,0
2012-08-16,2012-10-25,OPTSTK,BATAINDIA,600.0,CE,0.0,0.0,0.0,309.35,312.1,0,0.0,0
2012-08-16,2012-10-25,OPTSTK,BATAINDIA,620.0,CE,0.0,0.0,0.0,289.8,292.45,0,0.0,0
2012-08-16,2012-10-25,OPTSTK,BATAINDIA,640.0,CE,0.0,0.0,0.0,270.3,272.8,0,0.0,0
2012-08-16,2012-10-25,OPTSTK,BATAINDIA,660.0,CE,0.0,0.0,0.0,250.85,253.15,0,0.0,0
2012-08-16,2012-10-25,OPTSTK,BATAINDIA,680.0,CE,0.0,0.0,0.0,231.45,233.5,0,0.0,0
2012-08-16,2012-10-25,OPTSTK,BATAINDIA,700.0,CE,0.0,0.0,0.0,212.2,213.85,0,0.0,0
2012-08-16,2012-10-25,OPTSTK,BATAINDIA,720.0,CE,0.0,0.0,0.0,193.2,194.3,0,0.0,0
2012-08-16,2012-10-25,OPTSTK,BATAINDIA,740.0,CE,0.0,0.0,0.0,174.45,174.75,0,0.0,0
2012-08-16,2012-10-25,OPTSTK,BATAINDIA,760.0,CE,0.0,0.0,0.0,156.2,155.45,0,0.0,0
2012-08-16,2012-10-25,OPTSTK,BATAINDIA,780.0,CE,0.0,0.0,0.0,138.5,136.4,0,0.0,0
2012-08-16,2012-10-25,OPTSTK,BATAINDIA,800.0,CE,0.0,0.0,0.0,121.6,117.85,0,0.0,0
2012-08-16,2012-10-25,OPTSTK,BATAINDIA,820.0,CE,0.0,0.0,0.0,105.6,100.1,0,0.0,0
2012-08-16,2012-10-25,OPTSTK,BATAINDIA,840.0,CE,0.0,0.0,0.0,90.7,83.35,0,0.0,0
2012-08-16,2012-10-25,OPTSTK,BATAINDIA,860.0,CE,0.0,0.0,0.0,76.95,68.0,0,0.0,0
2012-08-16,2012-10-25,OPTSTK,BATAINDIA,880.0,CE,0.0,0.0,0.0,64.5,54.15,0,0.0,0
2012-08-16,2012-10-25,OPTSTK,BATAINDIA,900.0,CE,0.0,0.0,0.0,53.45,42.1,0,0.0,0
2012-08-16,2012-10-25,OPTSTK,BATAINDIA,920.0,CE,0.0,0.0,0.0,43.7,31.9,0,0.0,0
2012-08-16,2012-10-25,OPTSTK,BATAINDIA,940.0,CE,0.0,0.0,0.0,35.35,23.6,0,0.0,0
2012-08-16,2012-10-25,OPTSTK,BATAINDIA,960.0,CE,0.0,0.0,0.0,28.2,17.0,0,0.0,0
2012-08-16,2012-10-25,OPTSTK,BATAINDIA,980.0,CE,0.0,0.0,0.0,22.25,11.9,0,0.0,0
2012-08-16,2012-10-25,OPTSTK,BATAINDIA,1000.0,CE,0.0,0.0,0.0,17.4,8.15,0,0.0,0
2012-08-16,2012-10-25,OPTSTK,BATAINDIA,1020.0,CE,0.0,0.0,0.0,13.35,5.45,0,0.0,0
2012-08-16,2012-10-25,OPTSTK,BATAINDIA,1040.0,CE,0.0,0.0,0.0,10.2,3.55,0,0.0,0
2012-08-16,2012-10-25,OPTSTK,BATAINDIA,1060.0,CE,0.0,0.0,0.0,7.7,2.25,0,0.0,0
2012-08-16,2012-10-25,OPTSTK,BATAINDIA,1080.0,CE,0.0,0.0,0.0,5.7,1.4,0,0.0,0
2012-08-16,2012-10-25,OPTSTK,BATAINDIA,1100.0,CE,0.0,0.0,0.0,4.2,0.85,0,0.0,0
2012-08-16,2012-10-25,OPTSTK,BATAINDIA,1120.0,CE,0.0,0.0,0.0,3.1,0.5,0,0.0,0
2012-08-16,2012-10-25,OPTSTK,BATAINDIA,500.0,PE,0.0,0.0,0.0,0.05,0.0,0,0.0,0
2012-08-16,2012-10-25,OPTSTK,BATAINDIA,520.0,PE,0.0,0.0,0.0,0.05,0.0,0,0.0,0
2012-08-16,2012-10-25,OPTSTK,BATAINDIA,540.0,PE,0.0,0.0,0.0,0.05,0.0,0,0.0,0
2012-08-16,2012-10-25,OPTSTK,BATAINDIA,560.0,PE,0.0,0.0,0.0,0.05,0.0,0,0.0,0
2012-08-16,2012-10-25,OPTSTK,BATAINDIA,580.0,PE,0.0,0.0,0.0,0.05,0.0,0,0.0,0
2012-08-16,2012-10-25,OPTSTK,BATAINDIA,600.0,PE,0.0,0.0,0.0,0.05,0.0,0,0.0,0
2012-08-16,2012-10-25,OPTSTK,BATAINDIA,620.0,PE,0.0,0.0,0.0,0.05,0.0,0,0.0,0
2012-08-16,2012-10-25,OPTSTK,BATAINDIA,640.0,PE,0.0,0.0,0.0,0.1,0.0,0,0.0,0
2012-08-16,2012-10-25,OPTSTK,BATAINDIA,660.0,PE,0.0,0.0,0.0,0.15,0.0,0,0.0,0
2012-08-16,2012-10-25,OPTSTK,BATAINDIA,680.0,PE,0.0,0.0,0.0,0.35,0.05,0,0.0,0
2012-08-16,2012-10-25,OPTSTK,BATAINDIA,700.0,PE,0.0,0.0,0.0,0.6,0.05,0,0.0,0
2012-08-16,2012-10-25,OPTSTK,BATAINDIA,720.0,PE,0.0,0.0,0.0,1.15,0.1,0,0.0,0
2012-08-16,2012-10-25,OPTSTK,BATAINDIA,740.0,PE,0.0,0.0,0.0,1.95,0.25,0,0.0,0
2012-08-16,2012-10-25,OPTSTK,BATAINDIA,760.0,PE,0.0,0.0,0.0,3.25,0.6,0,0.0,0
2012-08-16,2012-10-25,OPTSTK,BATAINDIA,780.0,PE,0.0,0.0,0.0,5.1,1.2,0,0.0,0
2012-08-16,2012-10-25,OPTSTK,BATAINDIA,800.0,PE,0.0,0.0,0.0,7.75,2.35,0,0.0,0
2012-08-16,2012-10-25,OPTSTK,BATAINDIA,820.0,PE,0.0,0.0,0.0,11.3,4.2,0,0.0,0
2012-08-16,2012-10-25,OPTSTK,BATAINDIA,840.0,PE,0.0,0.0,0.0,15.95,7.15,0,0.0,0
2012-08-16,2012-10-25,OPTSTK,BATAINDIA,860.0,PE,0.0,0.0,0.0,21.7,11.45,0,0.0,0
2012-08-16,2012-10-25,OPTSTK,BATAINDIA,880.0,PE,0.0,0.0,0.0,28.85,17.2,0,0.0,0
2012-08-16,2012-10-25,OPTSTK,BATAINDIA,900.0,PE,0.0,0.0,0.0,37.3,24.85,0,0.0,0
2012-08-16,2012-10-25,OPTSTK,BATAINDIA,920.0,PE,0.0,0.0,0.0,47.15,34.3,0,0.0,0
2012-08-16,2012-10-25,OPTSTK,BATAINDIA,940.0,PE,0.0,0.0,0.0,58.3,45.65,0,0.0,0
2012-08-16,2012-10-25,OPTSTK,BATAINDIA,960.0,PE,0.0,0.0,0.0,70.7,58.7,0,0.0,0
2012-08-16,2012-10-25,OPTSTK,BATAINDIA,980.0,PE,0.0,0.0,0.0,84.3,73.3,0,0.0,0
2012-08-16,2012-10-25,OPTSTK,BATAINDIA,1000.0,PE,0.0,0.0,0.0,99.0,89.2,0,0.0,0
2012-08-16,2012-10-25,OPTSTK,BATAINDIA,1020.0,PE,0.0,0.0,0.0,114.5,106.1,0,0.0,0
2012-08-16,2012-10-25,OPTSTK,BATAINDIA,1040.0,PE,0.0,0.0,0.0,130.9,123.9,0,0.0,0
2012-08-16,2012-10-25,OPTSTK,BATAINDIA,1060.0,PE,0.0,0.0,0.0,147.9,142.25,0,0.0,0
2012-08-16,2012-10-25,OPTSTK,BATAINDIA,1080.0,PE,0.0,0.0,0.0,165.5,161.05,0,0.0,0
2012-08-16,2012-10-25,OPTSTK,BATAINDIA,1100.0,PE,0.0,0.0,0.0,183.55,180.15,0,0.0,0
2012-08-16,2012-10-25,OPTSTK,BATAINDIA,1120.0,PE,0.0,0.0,0.0,201.95,199.5,0,0.0,0
2012-08-16,2012-08-30,OPTSTK,BEL,650.0,CE,0.0,0.0,0.0,610.15,605.9,0,0.0,0
2012-08-16,2012-08-30,OPTSTK,BEL,700.0,CE,0.0,0.0,0.0,561.35,556.05,0,0.0,0
2012-08-16,2012-08-30,OPTSTK,BEL,750.0,CE,0.0,0.0,0.0,512.55,506.25,0,0.0,0
2012-08-16,2012-08-30,OPTSTK,BEL,800.0,CE,0.0,0.0,0.0,463.8,456.4,0,0.0,0
2012-08-16,2012-08-30,OPTSTK,BEL,850.0,CE,0.0,0.0,0.0,415.2,406.55,0,0.0,0
2012-08-16,2012-08-30,OPTSTK,BEL,900.0,CE,0.0,0.0,0.0,366.9,356.75,0,0.0,0
2012-08-16,2012-08-30,OPTSTK,BEL,950.0,CE,0.0,0.0,0.0,319.3,306.9,0,0.0,0
2012-08-16,2012-08-30,OPTSTK,BEL,1000.0,CE,0.0,0.0,0.0,150.0,257.1,0,0.0,250
2012-08-16,2012-08-30,OPTSTK,BEL,1050.0,CE,0.0,0.0,0.0,228.8,207.55,0,0.0,0
2012-08-16,2012-08-30,OPTSTK,BEL,1100.0,CE,0.0,0.0,0.0,187.6,159.05,0,0.0,0
2012-08-16,2012-08-30,OPTSTK,BEL,1150.0,CE,0.0,0.0,0.0,150.3,113.55,0,0.0,0
2012-08-16,2012-08-30,OPTSTK,BEL,1200.0,CE,0.0,0.0,0.0,117.45,74.0,0,0.0,0
2012-08-16,2012-08-30,OPTSTK,BEL,1250.0,CE,0.0,0.0,0.0,55.0,43.3,0,0.0,0
2012-08-16,2012-08-30,OPTSTK,BEL,1300.0,CE,0.0,0.0,0.0,66.65,22.5,0,0.0,0
2012-08-16,2012-08-30,OPTSTK,BEL,1350.0,CE,0.0,0.0,0.0,48.45,10.35,0,0.0,0
2012-08-16,2012-08-30,OPTSTK,BEL,1400.0,CE,0.0,0.0,0.0,34.45,4.2,0,0.0,0
2012-08-16,2012-08-30,OPTSTK,BEL,1450.0,CE,0.0,0.0,0.0,23.9,1.5,0,0.0,0
2012-08-16,2012-08-30,OPTSTK,BEL,1500.0,CE,0.0,0.0,0.0,16.25,0.5,0,0.0,0
2012-08-16,2012-08-30,OPTSTK,BEL,1550.0,CE,0.0,0.0,0.0,10.85,0.15,0,0.0,0
2012-08-16,2012-08-30,OPTSTK,BEL,1600.0,CE,0.0,0.0,0.0,7.1,0.05,0,0.0,0
2012-08-16,2012-08-30,OPTSTK,BEL,1650.0,CE,0.0,0.0,0.0,4.6,0.05,0,0.0,0
2012-08-16,2012-08-30,OPTSTK,BEL,1700.0,CE,0.0,0.0,0.0,2.9,0.0,0,0.0,0
2012-08-16,2012-08-30,OPTSTK,BEL,1750.0,CE,0.0,0.0,0.0,1.8,0.0,0,0.0,0
2012-08-16,2012-08-30,OPTSTK,BEL,1800.0,CE,0.0,0.0,0.0,1.1,0.0,0,0.0,0
2012-08-16,2012-08-30,OPTSTK,BEL,1850.0,CE,0.0,0.0,0.0,0.7,0.0,0,0.0,0
2012-08-16,2012-08-30,OPTSTK,BEL,1900.0,CE,0.0,0.0,0.0,0.4,0.0,0,0.0,0
2012-08-16,2012-08-30,OPTSTK,BEL,1950.0,CE,0.0,0.0,0.0,0.25,0.0,0,0.0,0
2012-08-16,2012-08-30,OPTSTK,BEL,2000.0,CE,0.0,0.0,0.0,0.15,0.0,0,0.0,0
2012-08-16,2012-08-30,OPTSTK,BEL,2050.0,CE,0.0,0.0,0.0,0.1,0.0,0,0.0,0
2012-08-16,2012-08-30,OPTSTK,BEL,2100.0,CE,0.0,0.0,0.0,0.05,0.0,0,0.0,0
2012-08-16,2012-08-30,OPTSTK,BEL,2150.0,CE,0.0,0.0,0.0,0.05,0.0,0,0.0,0
2012-08-16,2012-08-30,OPTSTK,BEL,2200.0,CE,0.0,0.0,0.0,0.05,0.0,0,0.0,0
2012-08-16,2012-08-30,OPTSTK,BEL,2250.0,CE,0.0,0.0,0.0,0.05,0.0,0,0.0,0
2012-08-16,2012-08-30,OPTSTK,BEL,650.0,PE,0.0,0.0,0.0,0.05,0.0,0,0.0,0
2012-08-16,2012-08-30,OPTSTK,BEL,700.0,PE,0.0,0.0,0.0,0.05,0.0,0,0.0,0
2012-08-16,2012-08-30,OPTSTK,BEL,750.0,PE,0.0,0.0,0.0,0.05,0.0,0,0.0,0
2012-08-16,2012-08-30,OPTSTK,BEL,800.0,PE,0.0,0.0,0.0,0.1,0.0,0,0.0,0
2012-08-16,2012-08-30,OPTSTK,BEL,850.0,PE,0.0,0.0,0.0,0.25,0.0,0,0.0,0
2012-08-16,2012-08-30,OPTSTK,BEL,900.0,PE,0.0,0.0,0.0,0.75,0.0,0,0.0,0
2012-08-16,2012-08-30,OPTSTK,BEL,950.0,PE,0.0,0.0,0.0,1.95,0.0,0,0.0,0
2012-08-16,2012-08-30,OPTSTK,BEL,1000.0,PE,0.0,0.0,0.0,4.45,0.05,0,0.0,0
2012-08-16,2012-08-30,OPTSTK,BEL,1050.0,PE,0.0,0.0,0.0,9.05,0.35,0,0.0,0
2012-08-16,2012-08-30,OPTSTK,BEL,1100.0,PE,0.0,0.0,0.0,16.65,1.7,0,0.0,0
2012-08-16,2012-08-30,OPTSTK,BEL,1150.0,PE,0.0,0.0,0.0,28.15,6.0,0,0.0,0
2012-08-16,2012-08-30,OPTSTK,BEL,1200.0,PE,0.0,0.0,0.0,44.1,16.3,0,0.0,0
2012-08-16,2012-08-30,OPTSTK,BEL,1250.0,PE,0.0,0.0,0.0,65.0,35.4,0,0.0,0
2012-08-16,2012-08-30,OPTSTK,BEL,1300.0,PE,0.0,0.0,0.0,90.9,64.45,0,0.0,0
2012-08-16,2012-08-30,OPTSTK,BEL,1350.0,PE,0.0,0.0,0.0,121.45,102.1,0,0.0,0
2012-08-16,2012-08-30,OPTSTK,BEL,1400.0,PE,0.0,0.0,0.0,156.25,145.8,0,0.0,0
2012-08-16,2012-08-30,OPTSTK,BEL,1450.0,PE,0.0,0.0,0.0,194.55,192.95,0,0.0,0
2012-08-16,2012-08-30,OPTSTK,BEL,1500.0,PE,0.0,0.0,0.0,235.7,241.8,0,0.0,0
2012-08-16,2012-08-30,OPTSTK,BEL,1550.0,PE,0.0,0.0,0.0,279.05,291.25,0,0.0,0
2012-08-16,2012-08-30,OPTSTK,BEL,1600.0,PE,0.0,0.0,0.0,324.1,341.0,0,0.0,0
2012-08-16,2012-08-30,OPTSTK,BEL,1650.0,PE,0.0,0.0,0.0,370.4,390.8,0,0.0,0
2012-08-16,2012-08-30,OPTSTK,BEL,1700.0,PE,0.0,0.0,0.0,417.5,440.65,0,0.0,0
2012-08-16,2012-08-30,OPTSTK,BEL,1750.0,PE,0.0,0.0,0.0,465.2,490.45,0,0.0,0
2012-08-16,2012-08-30,OPTSTK,BEL,1800.0,PE,0.0,0.0,0.0,513.3,540.3,0,0.0,0
2012-08-16,2012-08-30,OPTSTK,BEL,1850.0,PE,0.0,0.0,0.0,561.7,590.15,0,0.0,0
2012-08-16,2012-08-30,OPTSTK,BEL,1900.0,PE,0.0,0.0,0.0,610.2,639.95,0,0.0,0
2012-08-16,2012-08-30,OPTSTK,BEL,1950.0,PE,0.0,0.0,0.0,658.85,689.8,0,0.0,0
2012-08-16,2012-08-30,OPTSTK,BEL,2000.0,PE,0.0,0.0,0.0,707.55,739.65,0,0.0,0
2012-08-16,2012-08-30,OPTSTK,BEL,2050.0,PE,0.0,0.0,0.0,756.25,789.45,0,0.0,0
2012-08-16,2012-08-30,OPTSTK,BEL,2100.0,PE,0.0,0.0,0.0,805.05,839.3,0,0.0,0
2012-08-16,2012-08-30,OPTSTK,BEL,2150.0,PE,0.0,0.0,0.0,853.8,889.15,0,0.0,0
2012-08-16,2012-08-30,OPTSTK,BEL,2200.0,PE,0.0,0.0,0.0,902.6,938.95,0,0.0,0
2012-08-16,2012-08-30,OPTSTK,BEL,2250.0,PE,0.0,0.0,0.0,951.4,988.8,0,0.0,0
2012-08-16,2012-09-27,OPTSTK,BEL,650.0,CE,0.0,0.0,0.0,678.6,610.45,0,0.0,0
2012-08-16,2012-09-27,OPTSTK,BEL,700.0,CE,0.0,0.0,0.0,629.75,560.95,0,0.0,0
2012-08-16,2012-09-27,OPTSTK,BEL,750.0,CE,0.0,0.0,0.0,580.9,511.45,0,0.0,0
2012-08-16,2012-09-27,OPTSTK,BEL,800.0,CE,0.0,0.0,0.0,532.1,462.0,0,0.0,0
2012-08-16,2012-09-27,OPTSTK,BEL,850.0,CE,0.0,0.0,0.0,483.25,412.55,0,0.0,0
2012-08-16,2012-09-27,OPTSTK,BEL,900.0,CE,0.0,0.0,0.0,434.5,363.3,0,0.0,0
2012-08-16,2012-09-27,OPTSTK,BEL,950.0,CE,0.0,0.0,0.0,385.85,314.45,0,0.0,0
2012-08-16,2012-09-27,OPTSTK,BEL,1000.0,CE,0.0,0.0,0.0,337.6,266.6,0,0.0,0
2012-08-16,2012-09-27,OPTSTK,BEL,1050.0,CE,0.0,0.0,0.0,290.15,220.55,0,0.0,0
2012-08-16,2012-09-27,OPTSTK,BEL,1100.0,CE,0.0,0.0,0.0,244.25,177.45,0,0.0,0
2012-08-16,2012-09-27,OPTSTK,BEL,1150.0,CE,0.0,0.0,0.0,200.8,138.5,0,0.0,0
2012-08-16,2012-09-27,OPTSTK,BEL,1200.0,CE,0.0,0.0,0.0,160.8,104.5,0,0.0,0
2012-08-16,2012-09-27,OPTSTK,BEL,1250.0,CE,0.0,0.0,0.0,125.15,76.3,0,0.0,0
2012-08-16,2012-09-27,OPTSTK,BEL,1300.0,CE,0.0,0.0,0.0,94.6,53.8,0,0.0,0
2012-08-16,2012-09-27,OPTSTK,BEL,1350.0,CE,0.0,0.0,0.0,69.45,36.7,0,0.0,0
2012-08-16,2012-09-27,OPTSTK,BEL,1400.0,CE,0.0,0.0,0.0,49.45,24.25,0,0.0,0
2012-08-16,2012-09-27,OPTSTK,BEL,1450.0,CE,0.0,0.0,0.0,34.2,15.5,0,0.0,0
2012-08-16,2012-09-27,OPTSTK,BEL,1500.0,CE,0.0,0.0,0.0,23.05,9.65,0,0.0,0
2012-08-16,2012-09-27,OPTSTK,BEL,1550.0,CE,0.0,0.0,0.0,15.1,5.8,0,0.0,0
2012-08-16,2012-09-27,OPTSTK,BEL,1600.0,CE,0.0,0.0,0.0,9.65,3.4,0,0.0,0
2012-08-16,2012-09-27,OPTSTK,BEL,1650.0,CE,0.0,0.0,0.0,6.0,1.95,0,0.0,0
2012-08-16,2012-09-27,OPTSTK,BEL,1700.0,CE,0.0,0.0,0.0,3.65,1.1,0,0.0,0
2012-08-16,2012-09-27,OPTSTK,BEL,1750.0,CE,0.0,0.0,0.0,2.2,0.6,0,0.0,0
2012-08-16,2012-09-27,OPTSTK,BEL,1800.0,CE,0.0,0.0,0.0,1.3,0.35,0,0.0,0
2012-08-16,2012-09-27,OPTSTK,BEL,1850.0,CE,0.0,0.0,0.0,0.75,0.2,0,0.0,0
2012-08-16,2012-09-27,OPTSTK,BEL,1900.0,CE,0.0,0.0,0.0,0.4,0.1,0,0.0,0
2012-08-16,2012-09-27,OPTSTK,BEL,1950.0,CE,0.0,0.0,0.0,0.25,0.05,0,0.0,0
2012-08-16,2012-09-27,OPTSTK,BEL,2000.0,CE,0.0,0.0,0.0,0.15,0.05,0,0.0,0
2012-08-16,2012-09-27,OPTSTK,BEL,2050.0,CE,0.0,0.0,0.0,0.1,0.05,0,0.0,0
2012-08-16,2012-09-27,OPTSTK,BEL,2100.0,CE,0.0,0.0,0.0,0.05,0.05,0,0.0,0
2012-08-16,2012-09-27,OPTSTK,BEL,2150.0,CE,0.0,0.0,0.0,0.05,0.0,0,0.0,0
2012-08-16,2012-09-27,OPTSTK,BEL,2200.0,CE,0.0,0.0,0.0,0.05,0.0,0,0.0,0
2012-08-16,2012-09-27,OPTSTK,BEL,2250.0,CE,0.0,0.0,0.0,0.05,0.0,0,0.0,0
2012-08-16,2012-09-27,OPTSTK,BEL,650.0,PE,0.0,0.0,0.0,0.05,0.0,0,0.0,0
2012-08-16,2012-09-27,OPTSTK,BEL,700.0,PE,0.0,0.0,0.0,0.05,0.0,0,0.0,0
2012-08-16,2012-09-27,OPTSTK,BEL,750.0,PE,0.0,0.0,0.0,0.05,0.0,0,0.0,0
2012-08-16,2012-09-27,OPTSTK,BEL,800.0,PE,0.0,0.0,0.0,0.05,0.05,0,0.0,0
2012-08-16,2012-09-27,OPTSTK,BEL,850.0,PE,0.0,0.0,0.0,0.05,0.1,0,0.0,0
2012-08-16,2012-09-27,OPTSTK,BEL,900.0,PE,0.0,0.0,0.0,0.1,0.3,0,0.0,0
2012-08-16,2012-09-27,OPTSTK,BEL,950.0,PE,0.0,0.0,0.0,0.3,0.95,0,0.0,0
2012-08-16,2012-09-27,OPTSTK,BEL,1000.0,PE,0.0,0.0,0.0,0.85,2.55,0,0.0,0
2012-08-16,2012-09-27,OPTSTK,BEL,1050.0,PE,0.0,0.0,0.0,2.3,6.0,0,0.0,0
2012-08-16,2012-09-27,OPTSTK,BEL,1100.0,PE,0.0,0.0,0.0,5.2,12.4,0,0.0,0
2012-08-16,2012-09-27,OPTSTK,BEL,1150.0,PE,0.0,0.0,0.0,10.6,22.9,0,0.0,0
2012-08-16,2012-09-27,OPTSTK,BEL,1200.0,PE,0.0,0.0,0.0,19.4,38.4,0,0.0,0
2012-08-16,2012-09-27,OPTSTK,BEL,1250.0,PE,0.0,0.0,0.0,32.65,59.65,0,0.0,0
2012-08-16,2012-09-27,OPTSTK,BEL,1300.0,PE,0.0,0.0,0.0,50.95,86.65,0,0.0,0
2012-08-16,2012-09-27,OPTSTK,BEL,1350.0,PE,0.0,0.0,0.0,74.6,119.0,0,0.0,0
2012-08-16,2012-09-27,OPTSTK,BEL,1400.0,PE,0.0,0.0,0.0,103.45,156.05,0,0.0,0
2012-08-16,2012-09-27,OPTSTK,BEL,1450.0,PE,0.0,0.0,0.0,137.0,196.8,0,0.0,0
2012-08-16,2012-09-27,OPTSTK,BEL,1500.0,PE,0.0,0.0,0.0,174.7,240.4,0,0.0,0
2012-08-16,2012-09-27,OPTSTK,BEL,1550.0,PE,0.0,0.0,0.0,215.6,286.1,0,0.0,0
2012-08-16,2012-09-27,OPTSTK,BEL,1600.0,PE,0.0,0.0,0.0,258.95,333.2,0,0.0,0
2012-08-16,2012-09-27,OPTSTK,BEL,1650.0,PE,0.0,0.0,0.0,304.15,381.2,0,0.0,0
2012-08-16,2012-09-27,OPTSTK,BEL,1700.0,PE,0.0,0.0,0.0,350.65,429.85,0,0.0,0
2012-08-16,2012-09-27,OPTSTK,BEL,1750.0,PE,0.0,0.0,0.0,398.0,478.85,0,0.0,0
2012-08-16,2012-09-27,OPTSTK,BEL,1800.0,PE,0.0,0.0,0.0,445.95,528.05,0,0.0,0
2012-08-16,2012-09-27,OPTSTK,BEL,1850.0,PE,0.0,0.0,0.0,494.25,577.35,0,0.0,0
2012-08-16,2012-09-27,OPTSTK,BEL,1900.0,PE,0.0,0.0,0.0,542.8,626.75,0,0.0,0
2012-08-16,2012-09-27,OPTSTK,BEL,1950.0,PE,0.0,0.0,0.0,591.45,676.2,0,0.0,0
2012-08-16,2012-09-27,OPTSTK,BEL,2000.0,PE,0.0,0.0,0.0,640.15,725.65,0,0.0,0
2012-08-16,2012-09-27,OPTSTK,BEL,2050.0,PE,0.0,0.0,0.0,688.95,775.15,0,0.0,0
2012-08-16,2012-09-27,OPTSTK,BEL,2100.0,PE,0.0,0.0,0.0,737.75,824.6,0,0.0,0
2012-08-16,2012-09-27,OPTSTK,BEL,2150.0,PE,0.0,0.0,0.0,786.6,874.1,0,0.0,0
2012-08-16,2012-09-27,OPTSTK,BEL,2200.0,PE,0.0,0.0,0.0,835.4,923.6,0,0.0,0
2012-08-16,2012-09-27,OPTSTK,BEL,2250.0,PE,0.0,0.0,0.0,884.25,973.05,0,0.0,0
2012-08-16,2012-08-30,OPTSTK,BEML,180.0,CE,0.0,0.0,0.0,207.7,111.65,0,0.0,0
2012-08-16,2012-08-30,OPTSTK,BEML,200.0,CE,0.0,0.0,0.0,214.2,91.75,0,0.0,0
2012-08-16,2012-08-30,OPTSTK,BEML,220.0,CE,0.0,0.0,0.0,202.55,71.8,0,0.0,0
2012-08-16,2012-08-30,OPTSTK,BEML,240.0,CE,0.0,0.0,0.0,196.35,51.9,0,0.0,0
2012-08-16,2012-08-30,OPTSTK,BEML,260.0,CE,0.0,0.0,0.0,177.05,32.65,0,0.0,0
2012-08-16,2012-08-30,OPTSTK,BEML,280.0,CE,0.0,0.0,0.0,158.05,16.35,0,0.0,0
2012-08-16,2012-08-30,OPTSTK,BEML,300.0,CE,0.0,0.0,0.0,4.0,6.0,0,0.0,500
2012-08-16,2012-08-30,OPTSTK,BEML,320.0,CE,0.0,0.0,0.0,121.75,1.55,0,0.0,0
2012-08-16,2012-08-30,OPTSTK,BEML,340.0,CE,0.0,0.0,0.0,2.3,0.3,0,0.0,1000
2012-08-16,2012-08-30,OPTSTK,BEML,360.0,CE,0.0,0.0,0.0,5.95,0.05,0,0.0,1000
2012-08-16,2012-08-30,OPTSTK,BEML,380.0,CE,0.0,0.0,0.0,75.0,0.0,0,0.0,0
2012-08-16,2012-08-30,OPTSTK,BEML,400.0,CE,0.0,0.0,0.0,62.2,0.0,0,0.0,0
2012-08-16,2012-08-30,OPTSTK,BEML,420.0,CE,0.0,0.0,0.0,51.0,0.0,0,0.0,0
2012-08-16,2012-08-30,OPTSTK,BEML,440.0,CE,0.0,0.0,0.0,41.35,0.0,0,0.0,0
2012-08-16,2012-08-30,OPTSTK,BEML,460.0,CE,0.0,0.0,0.0,33.15,0.0,0,0.0,0
2012-08-16,2012-08-30,OPTSTK,BEML,480.0,CE,0.0,0.0,0.0,26.35,0.0,0,0.0,0
2012-08-16,2012-08-30,OPTSTK,BEML,500.0,CE,0.0,0.0,0.0,20.7,0.0,0,0.0,0
2012-08-16,2012-08-30,OPTSTK,BEML,520.0,CE,0.0,0.0,0.0,16.2,0.0,0,0.0,0
2012-08-16,2012-08-30,OPTSTK,BEML,540.0,CE,0.0,0.0,0.0,12.5,0.0,0,0.0,0
2012-08-16,2012-08-30,OPTSTK,BEML,560.0,CE,0.0,0.0,0.0,9.65,0.0,0,0.0,0
2012-08-16,2012-08-30,OPTSTK,BEML,580.0,CE,0.0,0.0,0.0,7.35,0.0,0,0.0,0
2012-08-16,2012-08-30,OPTSTK,BEML,600.0,CE,0.0,0.0,0.0,5.6,0.0,0,0.0,0
2012-08-16,2012-08-30,OPTSTK,BEML,620.0,CE,0.0,0.0,0.0,4.2,0.0,0,0.0,0
2012-08-16,2012-08-30,OPTSTK,BEML,640.0,CE,0.0,0.0,0.0,3.15,0.0,0,0.0,0
2012-08-16,2012-08-30,OPTSTK,BEML,180.0,PE,0.0,0.0,0.0,0.05,0.0,0,0.0,0
2012-08-16,2012-08-30,OPTSTK,BEML,200.0,PE,0.0,0.0,0.0,0.05,0.0,0,0.0,0
2012-08-16,2012-08-30,OPTSTK,BEML,220.0,PE,0.0,0.0,0.0,0.1,0.0,0,0.0,0
2012-08-16,2012-08-30,OPTSTK,BEML,240.0,PE,0.0,0.0,0.0,0.15,0.05,0,0.0,0
2012-08-16,2012-08-30,OPTSTK,BEML,260.0,PE,0.0,0.0,0.0,0.4,0.75,0,0.0,0
2012-08-16,2012-08-30,OPTSTK,BEML,280.0,PE,0.0,0.0,0.0,0.9,4.35,0,0.0,0
2012-08-16,2012-08-30,OPTSTK,BEML,300.0,PE,0.0,0.0,0.0,3.1,13.95,0,0.0,500
2012-08-16,2012-08-30,OPTSTK,BEML,320.0,PE,0.0,0.0,0.0,3.65,29.45,0,0.0,0
2012-08-16,2012-08-30,OPTSTK,BEML,340.0,PE,0.0,0.0,0.0,6.3,48.1,0,0.0,0
2012-08-16,2012-08-30,OPTSTK,BEML,360.0,PE,0.0,0.0,0.0,10.2,67.8,0,0.0,0
2012-08-16,2012-08-30,OPTSTK,BEML,380.0,PE,0.0,0.0,0.0,15.45,87.7,0,0.0,0
2012-08-16,2012-08-30,OPTSTK,BEML,400.0,PE,0.0,0.0,0.0,22.2,107.65,0,0.0,0
2012-08-16,2012-08-30,OPTSTK,BEML,420.0,PE,0.0,0.0,0.0,30.5,127.55,0,0.0,0
2012-08-16,2012-08-30,OPTSTK,BEML,440.0,PE,0.0,0.0,0.0,40.35,147.5,0,0.0,0
2012-08-16,2012-08-30,OPTSTK,BEML,460.0,PE,0.0,0.0,0.0,51.7,167.45,0,0.0,0
2012-08-16,2012-08-30,OPTSTK,BEML,480.0,PE,0.0,0.0,0.0,64.35,187.35,0,0.0,0
2012-08-16,2012-08-30,OPTSTK,BEML,500.0,PE,0.0,0.0,0.0,78.25,207.3,0,0.0,0
2012-08-16,2012-08-30,OPTSTK,BEML,520.0,PE,0.0,0.0,0.0,93.25,227.25,0,0.0,0
2012-08-16,2012-08-30,OPTSTK,BEML,540.0,PE,0.0,0.0,0.0,109.1,247.15,0,0.0,0
2012-08-16,2012-08-30,OPTSTK,BEML,560.0,PE,0.0,0.0,0.0,125.75,267.1,0,0.0,0
2012-08-16,2012-08-30,OPTSTK,BEML,580.0,PE,0.0,0.0,0.0,143.0,287.05,0,0.0,0
2012-08-16,2012-08-30,OPTSTK,BEML,600.0,PE,0.0,0.0,0.0,160.75,306.95,0,0.0,0
2012-08-16,2012-08-30,OPTSTK,BEML,620.0,PE,0.0,0.0,0.0,178.9,326.9,0,0.0,0
2012-08-16,2012-08-30,OPTSTK,BEML,640.0,PE,0.0,0.0,0.0,197.35,346.85,0,0.0,0
2012-08-16,2012-09-27,OPTSTK,BEML,180.0,CE,0.0,0.0,0.0,199.2,112.95,0,0.0,0
2012-08-16,2012-09-27,OPTSTK,BEML,200.0,CE,0.0,0.0,0.0,179.7,93.15,0,0.0,0
2012-08-16,2012-09-27,OPTSTK,BEML,220.0,CE,0.0,0.0,0.0,160.15,73.6,0,0.0,0
2012-08-16,2012-09-27,OPTSTK,BEML,240.0,CE,0.0,0.0,0.0,140.75,54.7,0,0.0,0
2012-08-16,2012-09-27,OPTSTK,BEML,260.0,CE,0.0,0.0,0.0,121.5,37.65,0,0.0,0
2012-08-16,2012-09-27,OPTSTK,BEML,280.0,CE,0.0,0.0,0.0,102.8,23.65,0,0.0,0
2012-08-16,2012-09-27,OPTSTK,BEML,300.0,CE,0.0,0.0,0.0,84.9,13.5,0,0.0,0
2012-08-16,2012-09-27,OPTSTK,BEML,320.0,CE,0.0,0.0,0.0,68.35,7.05,0,0.0,0
2012-08-16,2012-09-27,OPTSTK,BEML,340.0,CE,0.0,0.0,0.0,53.6,3.35,0,0.0,0
2012-08-16,2012-09-27,OPTSTK,BEML,360.0,CE,0.0,0.0,0.0,40.85,1.45,0,0.0,0
2012-08-16,2012-09-27,OPTSTK,BEML,380.0,CE,0.0,0.0,0.0,30.3,0.6,0,0.0,0
2012-08-16,2012-09-27,OPTSTK,BEML,400.0,CE,0.0,0.0,0.0,21.9,0.25,0,0.0,0
2012-08-16,2012-09-27,OPTSTK,BEML,420.0,CE,0.0,0.0,0.0,15.45,0.1,0,0.0,0
2012-08-16,2012-09-27,OPTSTK,BEML,440.0,CE,0.0,0.0,0.0,10.65,0.05,0,0.0,0
2012-08-16,2012-09-27,OPTSTK,BEML,460.0,CE,0.0,0.0,0.0,7.2,0.05,0,0.0,0
2012-08-16,2012-09-27,OPTSTK,BEML,480.0,CE,0.0,0.0,0.0,4.75,0.0,0,0.0,0
2012-08-16,2012-09-27,OPTSTK,BEML,500.0,CE,0.0,0.0,0.0,3.1,0.0,0,0.0,0
2012-08-16,2012-09-27,OPTSTK,BEML,520.0,CE,0.0,0.0,0.0,2.0,0.0,0,0.0,0
2012-08-16,2012-09-27,OPTSTK,BEML,540.0,CE,0.0,0.0,0.0,1.25,0.0,0,0.0,0
2012-08-16,2012-09-27,OPTSTK,BEML,560.0,CE,0.0,0.0,0.0,0.8,0.0,0,0.0,0
2012-08-16,2012-09-27,OPTSTK,BEML,580.0,CE,0.0,0.0,0.0,0.5,0.0,0,0.0,0
2012-08-16,2012-09-27,OPTSTK,BEML,180.0,PE,0.0,0.0,0.0,0.05,0.0,0,0.0,0
2012-08-16,2012-09-27,OPTSTK,BEML,200.0,PE,0.0,0.0,0.0,0.05,0.05,0,0.0,0
2012-08-16,2012-09-27,OPTSTK,BEML,220.0,PE,0.0,0.0,0.0,0.05,0.25,0,0.0,0
2012-08-16,2012-09-27,OPTSTK,BEML,240.0,PE,0.0,0.0,0.0,0.15,1.2,0,0.0,0
2012-08-16,2012-09-27,OPTSTK,BEML,260.0,PE,0.0,0.0,0.0,0.45,3.9,0,0.0,0
2012-08-16,2012-09-27,OPTSTK,BEML,280.0,PE,0.0,0.0,0.0,1.25,9.75,0,0.0,0
2012-08-16,2012-09-27,OPTSTK,BEML,300.0,PE,0.0,0.0,0.0,2.95,19.35,0,0.0,0
2012-08-16,2012-09-27,OPTSTK,BEML,320.0,PE,0.0,0.0,0.0,5.95,32.65,0,0.0,0
2012-08-16,2012-09-27,OPTSTK,BEML,340.0,PE,0.0,0.0,0.0,10.7,48.75,0,0.0,0
2012-08-16,2012-09-27,OPTSTK,BEML,360.0,PE,0.0,0.0,0.0,17.45,66.7,0,0.0,0
2012-08-16,2012-09-27,OPTSTK,BEML,380.0,PE,0.0,0.0,0.0,26.45,85.6,0,0.0,0
2012-08-16,2012-09-27,OPTSTK,BEML,400.0,PE,0.0,0.0,0.0,37.6,105.05,0,0.0,0
2012-08-16,2012-09-27,OPTSTK,BEML,420.0,PE,0.0,0.0,0.0,50.7,124.7,0,0.0,0
2012-08-16,2012-09-27,OPTSTK,BEML,440.0,PE,0.0,0.0,0.0,65.45,144.45,0,0.0,0
2012-08-16,2012-09-27,OPTSTK,BEML,460.0,PE,0.0,0.0,0.0,81.5,164.2,0,0.0,0
2012-08-16,2012-09-27,OPTSTK,BEML,480.0,PE,0.0,0.0,0.0,98.6,184.0,0,0.0,0
2012-08-16,2012-09-27,OPTSTK,BEML,500.0,PE,0.0,0.0,0.0,116.5,203.8,0,0.0,0
2012-08-16,2012-09-27,OPTSTK,BEML,520.0,PE,0.0,0.0,0.0,134.9,223.6,0,0.0,0
2012-08-16,2012-09-27,OPTSTK,BEML,540.0,PE,0.0,0.0,0.0,153.7,243.4,0,0.0,0
2012-08-16,2012-09-27,OPTSTK,BEML,560.0,PE,0.0,0.0,0.0,172.75,263.2,0,0.0,0
2012-08-16,2012-09-27,OPTSTK,BEML,580.0,PE,0.0,0.0,0.0,192.0,282.95,0,0.0,0
2012-08-16,2012-08-30,OPTSTK,BFUTILITIE,220.0,CE,0.0,0.0,0.0,158.5,212.8,0,0.0,0
2012-08-16,2012-08-30,OPTSTK,BFUTILITIE,240.0,CE,0.0,0.0,0.0,139.55,192.85,0,0.0,0
2012-08-16,2012-08-30,OPTSTK,BFUTILITIE,260.0,CE,0.0,0.0,0.0,121.2,172.95,0,0.0,0
2012-08-16,2012-08-30,OPTSTK,BFUTILITIE,280.0,CE,0.0,0.0,0.0,103.75,153.0,0,0.0,0
2012-08-16,2012-08-30,OPTSTK,BFUTILITIE,300.0,CE,0.0,0.0,0.0,92.9,133.05,0,0.0,1000
2012-08-16,2012-08-30,OPTSTK,BFUTILITIE,320.0,CE,0.0,0.0,0.0,72.7,113.15,0,0.0,0
2012-08-16,2012-08-30,OPTSTK,BFUTILITIE,340.0,CE,0.0,0.0,0.0,59.5,93.25,0,0.0,0
2012-08-16,2012-08-30,OPTSTK,BFUTILITIE,360.0,CE,0.0,0.0,0.0,48.05,73.6,0,0.0,0
2012-08-16,2012-08-30,OPTSTK,BFUTILITIE,380.0,CE,0.0,0.0,0.0,38.3,54.7,0,0.0,0
2012-08-16,2012-08-30,OPTSTK,BFUTILITIE,400.0,CE,0.0,0.0,0.0,30.1,37.65,0,0.0,0
2012-08-16,2012-08-30,OPTSTK,BFUTILITIE,420.0,CE,0.0,0.0,0.0,18.35,23.55,0,0.0,10000
2012-08-16,2012-08-30,OPTSTK,BFUTILITIE,440.0,CE,8.0,11.25,8.0,9.1,9.1,8,35.93,4000
2012-08-16,2012-08-30,OPTSTK,BFUTILITIE,460.0,CE,0.0,0.0,0.0,13.8,6.7,0,0.0,0
2012-08-16,2012-08-30,OPTSTK,BFUTILITIE,480.0,CE,0.0,0.0,0.0,10.45,3.0,0,0.0,0
2012-08-16,2012-08-30,OPTSTK,BFUTILITIE,500.0,CE,0.0,0.0,0.0,7.85,1.25,0,0.0,0
2012-08-16,2012-08-30,OPTSTK,BFUTILITIE,520.0,CE,0.0,0.0,0.0,5.85,0.45,0,0.0,0
2012-08-16,2012-08-30,OPTSTK,BFUTILITIE,540.0,CE,0.0,0.0,0.0,4.35,0.15,0,0.0,0
2012-08-16,2012-08-30,OPTSTK,BFUTILITIE,560.0,CE,0.0,0.0,0.0,3.2,0.05,0,0.0,0
2012-08-16,2012-08-30,OPTSTK,BFUTILITIE,580.0,CE,0.0,0.0,0.0,2.35,0.05,0,0.0,0
2012-08-16,2012-08-30,OPTSTK,BFUTILITIE,220.0,PE,0.0,0.0,0.0,0.4,0.0,0,0.0,0
2012-08-16,2012-08-30,OPTSTK,BFUTILITIE,240.0,PE,0.0,0.0,0.0,0.95,0.0,0,0.0,0
2012-08-16,2012-08-30,OPTSTK,BFUTILITIE,260.0,PE,0.0,0.0,0.0,2.15,0.0,0,0.0,0
2012-08-16,2012-08-30,OPTSTK,BFUTILITIE,280.0,PE,0.0,0.0,0.0,4.25,0.0,0,0.0,0
2012-08-16,2012-08-30,OPTSTK,BFUTILITIE,300.0,PE,0.0,0.0,0.0,7.5,0.0,0,0.0,0
2012-08-16,2012-08-30,OPTSTK,BFUTILITIE,320.0,PE,0.0,0.0,0.0,12.2,0.05,0,0.0,0
2012-08-16,2012-08-30,OPTSTK,BFUTILITIE,340.0,PE,0.0,0.0,0.0,18.55,0.05,0,0.0,0
2012-08-16,2012-08-30,OPTSTK,BFUTILITIE,360.0,PE,0.0,0.0,0.0,26.6,0.35,0,0.0,0
2012-08-16,2012-08-30,OPTSTK,BFUTILITIE,380.0,PE,0.0,0.0,0.0,36.35,1.4,0,0.0,0
2012-08-16,2012-08-30,OPTSTK,BFUTILITIE,400.0,PE,0.0,0.0,0.0,47.7,4.25,0,0.0,0
2012-08-16,2012-08-30,OPTSTK,BFUTILITIE,420.0,PE,0.0,0.0,0.0,15.0,10.1,0,0.0,1000
2012-08-16,2012-08-30,OPTSTK,BFUTILITIE,440.0,PE,0.0,0.0,0.0,74.65,19.75,0,0.0,0
2012-08-16,2012-08-30,OPTSTK,BFUTILITIE,460.0,PE,0.0,0.0,0.0,89.9,33.1,0,0.0,0
2012-08-16,2012-08-30,OPTSTK,BFUTILITIE,480.0,PE,0.0,0.0,0.0,106.1,49.35,0,0.0,0
2012-08-16,2012-08-30,OPTSTK,BFUTILITIE,500.0,PE,0.0,0.0,0.0,123.0,67.5,0,0.0,0
2012-08-16,2012-08-30,OPTSTK,BFUTILITIE,520.0,PE,0.0,0.0,0.0,140.55,86.65,0,0.0,0
2012-08-16,2012-08-30,OPTSTK,BFUTILITIE,540.0,PE,0.0,0.0,0.0,158.55,106.3,0,0.0,0
2012-08-16,2012-08-30,OPTSTK,BFUTILITIE,560.0,PE,0.0,0.0,0.0,176.9,126.15,0,0.0,0
2012-08-16,2012-08-30,OPTSTK,BFUTILITIE,580.0,PE,0.0,0.0,0.0,195.6,146.05,0,0.0,0
2012-08-16,2012-09-27,OPTSTK,BFUTILITIE,220.0,CE,0.0,0.0,0.0,197.8,214.35,0,0.0,0
2012-08-16,2012-09-27,OPTSTK,BFUTILITIE,240.0,CE,0.0,0.0,0.0,178.4,194.55,0,0.0,0
2012-08-16,2012-09-27,OPTSTK,BFUTILITIE,260.0,CE,0.0,0.0,0.0,159.2,174.75,0,0.0,0
2012-08-16,2012-09-27,OPTSTK,BFUTILITIE,280.0,CE,0.0,0.0,0.0,140.35,155.0,0,0.0,0
2012-08-16,2012-09-27,OPTSTK,BFUTILITIE,300.0,CE,0.0,0.0,0.0,122.15,135.4,0,0.0,0
2012-08-16,2012-09-27,OPTSTK,BFUTILITIE,320.0,CE,0.0,0.0,0.0,104.8,116.0,0,0.0,0
2012-08-16,2012-09-27,OPTSTK,BFUTILITIE,340.0,CE,0.0,0.0,0.0,88.65,97.25,0,0.0,0
2012-08-16,2012-09-27,OPTSTK,BFUTILITIE,360.0,CE,0.0,0.0,0.0,73.9,79.45,0,0.0,0
2012-08-16,2012-09-27,OPTSTK,BFUTILITIE,380.0,CE,0.0,0.0,0.0,60.7,63.15,0,0.0,0
2012-08-16,2012-09-27,OPTSTK,BFUTILITIE,400.0,CE,0.0,0.0,0.0,49.2,48.65,0,0.0,0
2012-08-16,2012-09-27,OPTSTK,BFUTILITIE,420.0,CE,0.0,0.0,0.0,39.35,36.4,0,0.0,0
2012-08-16,2012-09-27,OPTSTK,BFUTILITIE,440.0,CE,0.0,0.0,0.0,31.05,26.4,0,0.0,0
2012-08-16,2012-09-27,OPTSTK,BFUTILITIE,460.0,CE,0.0,0.0,0.0,24.25,18.6,0,0.0,0
2012-08-16,2012-09-27,OPTSTK,BFUTILITIE,480.0,CE,0.0,0.0,0.0,18.7,12.75,0,0.0,0
2012-08-16,2012-09-27,OPTSTK,BFUTILITIE,500.0,CE,0.0,0.0,0.0,14.3,8.5,0,0.0,0
2012-08-16,2012-09-27,OPTSTK,BFUTILITIE,520.0,CE,0.0,0.0,0.0,10.85,5.5,0,0.0,0
2012-08-16,2012-09-27,OPTSTK,BFUTILITIE,540.0,CE,0.0,0.0,0.0,8.15,3.5,0,0.0,0
2012-08-16,2012-09-27,OPTSTK,BFUTILITIE,560.0,CE,0.0,0.0,0.0,6.1,2.15,0,0.0,0
2012-08-16,2012-09-27,OPTSTK,BFUTILITIE,580.0,CE,0.0,0.0,0.0,4.5,1.35,0,0.0,0
2012-08-16,2012-09-27,OPTSTK,BFUTILITIE,220.0,PE,0.0,0.0,0.0,0.05,0.0,0,0.0,0
2012-08-16,2012-09-27,OPTSTK,BFUTILITIE,240.0,PE,0.0,0.0,0.0,0.2,0.0,0,0.0,0
2012-08-16,2012-09-27,OPTSTK,BFUTILITIE,260.0,PE,0.0,0.0,0.0,0.55,0.05,0,0.0,0
2012-08-16,2012-09-27,OPTSTK,BFUTILITIE,280.0,PE,0.0,0.0,0.0,1.25,0.05,0,0.0,0
2012-08-16,2012-09-27,OPTSTK,BFUTILITIE,300.0,PE,0.0,0.0,0.0,2.55,0.25,0,0.0,0
2012-08-16,2012-09-27,OPTSTK,BFUTILITIE,320.0,PE,0.0,0.0,0.0,4.75,0.65,0,0.0,0
2012-08-16,2012-09-27,OPTSTK,BFUTILITIE,340.0,PE,0.0,0.0,0.0,8.15,1.7,0,0.0,0
2012-08-16,2012-09-27,OPTSTK,BFUTILITIE,360.0,PE,0.0,0.0,0.0,12.95,3.7,0,0.0,0
2012-08-16,2012-09-27,OPTSTK,BFUTILITIE,380.0,PE,0.0,0.0,0.0,19.3,7.15,0,0.0,0
2012-08-16,2012-09-27,OPTSTK,BFUTILITIE,400.0,PE,0.0,0.0,0.0,27.3,12.5,0,0.0,0
2012-08-16,2012-09-27,OPTSTK,BFUTILITIE,420.0,PE,0.0,0.0,0.0,36.95,20.0,0,0.0,0
2012-08-16,2012-09-27,OPTSTK,BFUTILITIE,440.0,PE,0.0,0.0,0.0,48.2,29.8,0,0.0,0
2012-08-16,2012-09-27,OPTSTK,BFUTILITIE,460.0,PE,0.0,0.0,0.0,60.95,41.8,0,0.0,0
2012-08-16,2012-09-27,OPTSTK,BFUTILITIE,480.0,PE,0.0,0.0,0.0,74.95,55.7,0,0.0,0
2012-08-16,2012-09-27,OPTSTK,BFUTILITIE,500.0,PE,0.0,0.0,0.0,90.1,71.25,0,0.0,0
2012-08-16,2012-09-27,OPTSTK,BFUTILITIE,520.0,PE,0.0,0.0,0.0,106.15,88.1,0,0.0,0
2012-08-16,2012-09-27,OPTSTK,BFUTILITIE,540.0,PE,0.0,0.0,0.0,123.0,105.85,0,0.0,0
2012-08-16,2012-09-27,OPTSTK,BFUTILITIE,560.0,PE,0.0,0.0,0.0,140.45,124.35,0,0.0,0
2012-08-16,2012-09-27,OPTSTK,BFUTILITIE,580.0,PE,0.0,0.0,0.0,158.4,143.3,0,0.0,0
2012-08-16,2012-08-30,OPTSTK,BGRENERGY,140.0,CE,0.0,0.0,0.0,149.8,132.7,0,0.0,0
2012-08-16,2012-08-30,OPTSTK,BGRENERGY,160.0,CE,0.0,0.0,0.0,130.4,112.75,0,0.0,0
2012-08-16,2012-08-30,OPTSTK,BGRENERGY,180.0,CE,0.0,0.0,0.0,111.4,92.8,0,0.0,0
2012-08-16,2012-08-30,OPTSTK,BGRENERGY,200.0,CE,0.0,0.0,0.0,93.15,72.9,0,0.0,0
2012-08-16,2012-08-30,OPTSTK,BGRENERGY,220.0,CE,0.0,0.0,0.0,76.1,52.95,0,0.0,0
2012-08-16,2012-08-30,OPTSTK,BGRENERGY,240.0,CE,0.0,0.0,0.0,60.7,33.2,0,0.0,0
2012-08-16,2012-08-30,OPTSTK,BGRENERGY,260.0,CE,0.0,0.0,0.0,30.0,15.55,0,0.0,2000
2012-08-16,2012-08-30,OPTSTK,BGRENERGY,280.0,CE,0.0,0.0,0.0,7.5,4.5,0,0.0,9000
2012-08-16,2012-08-30,OPTSTK,BGRENERGY,300.0,CE,1.0,1.0,1.0,1.0,1.0,1,3.01,26000
2012-08-16,2012-08-30,OPTSTK,BGRENERGY,320.0,CE,0.0,0.0,0.0,1.0,0.1,0,0.0,2000
2012-08-16,2012-08-30,OPTSTK,BGRENERGY,340.0,CE,0.0,0.0,0.0,14.35,0.0,0,0.0,0
2012-08-16,2012-08-30,OPTSTK,BGRENERGY,360.0,CE,0.0,0.0,0.0,10.25,0.0,0,0.0,0
2012-08-16,2012-08-30,OPTSTK,BGRENERGY,380.0,CE,0.0,0.0,0.0,7.25,0.0,0,0.0,0
2012-08-16,2012-08-30,OPTSTK,BGRENERGY,400.0,CE,0.0,0.0,0.0,5.05,0.0,0,0.0,0
2012-08-16,2012-08-30,OPTSTK,BGRENERGY,420.0,CE,0.0,0.0,0.0,3.5,0.0,0,0.0,0
2012-08-16,2012-08-30,OPTSTK,BGRENERGY,440.0,CE,0.0,0.0,0.0,2.4,0.0,0,0.0,0
2012-08-16,2012-08-30,OPTSTK,BGRENERGY,460.0,CE,0.0,0.0,0.0,1.65,0.0,0,0.0,0
2012-08-16,2012-08-30,OPTSTK,BGRENERGY,140.0,PE,0.0,0.0,0.0,0.05,0.0,0,0.0,0
2012-08-16,2012-08-30,OPTSTK,BGRENERGY,160.0,PE,0.0,0.0,0.0,0.2,0.0,0,0.0,0
2012-08-16,2012-08-30,OPTSTK,BGRENERGY,180.0,PE,0.0,0.0,0.0,0.7,0.0,0,0.0,0
2012-08-16,2012-08-30,OPTSTK,BGRENERGY,200.0,PE,0.0,0.0,0.0,1.95,0.0,0,0.0,0
2012-08-16,2012-08-30,OPTSTK,BGRENERGY,220.0,PE,0.0,0.0,0.0,4.45,0.0,0,0.0,0
2012-08-16,2012-08-30,OPTSTK,BGRENERGY,240.0,PE,0.0,0.0,0.0,8.6,0.2,0,0.0,0
2012-08-16,2012-08-30,OPTSTK,BGRENERGY,260.0,PE,0.0,0.0,0.0,2.5,2.45,0,0.0,2000
2012-08-16,2012-08-30,OPTSTK,BGRENERGY,280.0,PE,9.0,9.0,9.0,9.0,9.0,1,2.89,9000
2012-08-16,2012-08-30,OPTSTK,BGRENERGY,300.0,PE,0.0,0.0,0.0,16.0,27.55,0,0.0,3000
2012-08-16,2012-08-30,OPTSTK,BGRENERGY,320.0,PE,0.0,0.0,0.0,45.8,46.8,0,0.0,0
2012-08-16,2012-08-30,OPTSTK,BGRENERGY,340.0,PE,0.0,0.0,0.0,59.8,66.7,0,0.0,0
2012-08-16,2012-08-30,OPTSTK,BGRENERGY,360.0,PE,0.0,0.0,0.0,75.25,86.6,0,0.0,0
2012-08-16,2012-08-30,OPTSTK,BGRENERGY,380.0,PE,0.0,0.0,0.0,91.7,106.55,0,0.0,0
2012-08-16,2012-08-30,OPTSTK,BGRENERGY,400.0,PE,0.0,0.0,0.0,109.05,126.5,0,0.0,0
2012-08-16,2012-08-30,OPTSTK,BGRENERGY,420.0,PE,0.0,0.0,0.0,127.05,146.4,0,0.0,0
2012-08-16,2012-08-30,OPTSTK,BGRENERGY,440.0,PE,0.0,0.0,0.0,145.45,166.35,0,0.0,0
2012-08-16,2012-08-30,OPTSTK,BGRENERGY,460.0,PE,0.0,0.0,0.0,164.2,186.3,0,0.0,0
2012-08-16,2012-09-27,OPTSTK,BGRENERGY,140.0,CE,0.0,0.0,0.0,157.2,133.65,0,0.0,0
2012-08-16,2012-09-27,OPTSTK,BGRENERGY,160.0,CE,0.0,0.0,0.0,137.65,113.85,0,0.0,0
2012-08-16,2012-09-27,OPTSTK,BGRENERGY,180.0,CE,0.0,0.0,0.0,118.25,94.1,0,0.0,0
2012-08-16,2012-09-27,OPTSTK,BGRENERGY,200.0,CE,0.0,0.0,0.0,99.15,74.3,0,0.0,0
2012-08-16,2012-09-27,OPTSTK,BGRENERGY,220.0,CE,0.0,0.0,0.0,80.8,54.8,0,0.0,0
2012-08-16,2012-09-27,OPTSTK,BGRENERGY,240.0,CE,0.0,0.0,0.0,63.8,36.5,0,0.0,0
2012-08-16,2012-09-27,OPTSTK,BGRENERGY,260.0,CE,0.0,0.0,0.0,48.7,21.2,0,0.0,0
2012-08-16,2012-09-27,OPTSTK,BGRENERGY,280.0,CE,6.25,6.5,6.25,6.5,6.5,2,5.72,5000
2012-08-16,2012-09-27,OPTSTK,BGRENERGY,300.0,CE,0.0,0.0,0.0,25.65,4.45,0,0.0,0
2012-08-16,2012-09-27,OPTSTK,BGRENERGY,320.0,CE,0.0,0.0,0.0,17.8,1.6,0,0.0,0
2012-08-16,2012-09-27,OPTSTK,BGRENERGY,340.0,CE,0.0,0.0,0.0,12.0,0.5,0,0.0,0
2012-08-16,2012-09-27,OPTSTK,BGRENERGY,360.0,CE,0.0,0.0,0.0,7.9,0.15,0,0.0,0
2012-08-16,2012-09-27,OPTSTK,BGRENERGY,380.0,CE,0.0,0.0,0.0,5.1,0.05,0,0.0,0
2012-08-16,2012-09-27,OPTSTK,BGRENERGY,400.0,CE,0.0,0.0,0.0,3.2,0.05,0,0.0,0
2012-08-16,2012-09-27,OPTSTK,BGRENERGY,420.0,CE,0.0,0.0,0.0,2.0,0.0,0,0.0,0
2012-08-16,2012-09-27,OPTSTK,BGRENERGY,440.0,CE,0.0,0.0,0.0,1.2,0.0,0,0.0,0
2012-08-16,2012-09-27,OPTSTK,BGRENERGY,460.0,CE,0.0,0.0,0.0,0.75,0.0,0,0.0,0
2012-08-16,2012-09-27,OPTSTK,BGRENERGY,140.0,PE,0.0,0.0,0.0,0.05,0.0,0,0.0,0
2012-08-16,2012-09-27,OPTSTK,BGRENERGY,160.0,PE,0.0,0.0,0.0,0.05,0.0,0,0.0,0
2012-08-16,2012-09-27,OPTSTK,BGRENERGY,180.0,PE,0.0,0.0,0.0,0.15,0.0,0,0.0,0
2012-08-16,2012-09-27,OPTSTK,BGRENERGY,200.0,PE,0.0,0.0,0.0,0.6,0.05,0,0.0,0
2012-08-16,2012-09-27,OPTSTK,BGRENERGY,220.0,PE,0.0,0.0,0.0,1.8,0.35,0,0.0,0
2012-08-16,2012-09-27,OPTSTK,BGRENERGY,240.0,PE,0.0,0.0,0.0,4.3,1.8,0,0.0,0
2012-08-16,2012-09-27,OPTSTK,BGRENERGY,260.0,PE,0.0,0.0,0.0,8.75,6.3,0,0.0,0
2012-08-16,2012-09-27,OPTSTK,BGRENERGY,280.0,PE,16.0,16.1,16.0,16.1,16.1,3,8.88,3000
2012-08-16,2012-09-27,OPTSTK,BGRENERGY,300.0,PE,0.0,0.0,0.0,24.8,29.15,0,0.0,0
2012-08-16,2012-09-27,OPTSTK,BGRENERGY,320.0,PE,0.0,0.0,0.0,36.45,46.1,0,0.0,0
2012-08-16,2012-09-27,OPTSTK,BGRENERGY,340.0,PE,0.0,0.0,0.0,50.2,64.8,0,0.0,0
2012-08-16,2012-09-27,OPTSTK,BGRENERGY,360.0,PE,0.0,0.0,0.0,65.6,84.25,0,0.0,0
2012-08-16,2012-09-27,OPTSTK,BGRENERGY,380.0,PE,0.0,0.0,0.0,82.35,103.9,0,0.0,0
2012-08-16,2012-09-27,OPTSTK,BGRENERGY,400.0,PE,0.0,0.0,0.0,100.0,123.7,0,0.0,0
2012-08-16,2012-09-27,OPTSTK,BGRENERGY,420.0,PE,0.0,0.0,0.0,118.3,143.5,0,0.0,0
2012-08-16,2012-09-27,OPTSTK,BGRENERGY,440.0,PE,0.0,0.0,0.0,137.1,163.25,0,0.0,0
2012-08-16,2012-09-27,OPTSTK,BGRENERGY,460.0,PE,0.0,0.0,0.0,156.15,183.05,0,0.0,0
2012-08-16,2012-08-30,OPTSTK,BHARATFORG,160.0,CE,0.0,0.0,0.0,156.35,140.2,0,0.0,0
2012-08-16,2012-08-30,OPTSTK,BHARATFORG,180.0,CE,0.0,0.0,0.0,136.85,120.25,0,0.0,0
2012-08-16,2012-08-30,OPTSTK,BHARATFORG,200.0,CE,0.0,0.0,0.0,117.35,100.35,0,0.0,0
2012-08-16,2012-08-30,OPTSTK,BHARATFORG,220.0,CE,0.0,0.0,0.0,97.9,80.4,0,0.0,0
2012-08-16,2012-08-30,OPTSTK,BHARATFORG,240.0,CE,0.0,0.0,0.0,78.75,60.45,0,0.0,0
2012-08-16,2012-08-30,OPTSTK,BHARATFORG,260.0,CE,0.0,0.0,0.0,60.45,40.6,0,0.0,0
2012-08-16,2012-08-30,OPTSTK,BHARATFORG,280.0,CE,0.0,0.0,0.0,43.85,21.8,0,0.0,0
2012-08-16,2012-08-30,OPTSTK,BHARATFORG,300.0,CE,0.0,0.0,0.0,10.0,7.9,0,0.0,2000
2012-08-16,2012-08-30,OPTSTK,BHARATFORG,320.0,CE,0.0,0.0,0.0,1.0,1.7,0,0.0,1000
2012-08-16,2012-08-30,OPTSTK,BHARATFORG,340.0,CE,0.0,0.0,0.0,3.75,0.2,0,0.0,1000
2012-08-16,2012-08-30,OPTSTK,BHARATFORG,360.0,CE,0.0,0.0,0.0,6.35,0.05,0,0.0,0
2012-08-16,2012-08-30,OPTSTK,BHARATFORG,380.0,CE,0.0,0.0,0.0,3.35,0.0,0,0.0,0
2012-08-16,2012-08-30,OPTSTK,BHARATFORG,400.0,CE,0.0,0.0,0.0,1.7,0.0,0,0.0,0
2012-08-16,2012-08-30,OPTSTK,BHARATFORG,420.0,CE,0.0,0.0,0.0,0.8,0.0,0,0.0,0
2012-08-16,2012-08-30,OPTSTK,BHARATFORG,440.0,CE,0.0,0.0,0.0,0.4,0.0,0,0.0,0
2012-08-16,2012-08-30,OPTSTK,BHARATFORG,160.0,PE,0.0,0.0,0.0,0.05,0.0,0,0.0,0
2012-08-16,2012-08-30,OPTSTK,BHARATFORG,180.0,PE,0.0,0.0,0.0,0.05,0.0,0,0.0,0
2012-08-16,2012-08-30,OPTSTK,BHARATFORG,200.0,PE,0.0,0.0,0.0,0.05,0.0,0,0.0,0
2012-08-16,2012-08-30,OPTSTK,BHARATFORG,220.0,PE,0.0,0.0,0.0,0.1,0.0,0,0.0,0
2012-08-16,2012-08-30,OPTSTK,BHARATFORG,240.0,PE,0.0,0.0,0.0,0.45,0.0,0,0.0,0
2012-08-16,2012-08-30,OPTSTK,BHARATFORG,260.0,PE,0.0,0.0,0.0,1.65,0.1,0,0.0,0
2012-08-16,2012-08-30,OPTSTK,BHARATFORG,280.0,PE,0.0,0.0,0.0,4.6,1.2,0,0.0,0
2012-08-16,2012-08-30,OPTSTK,BHARATFORG,300.0,PE,0.0,0.0,0.0,4.25,7.25,0,0.0,1000
2012-08-16,2012-08-30,OPTSTK,BHARATFORG,320.0,PE,0.0,0.0,0.0,18.75,21.0,0,0.0,0
2012-08-16,2012-08-30,OPTSTK,BHARATFORG,340.0,PE,0.0,0.0,0.0,30.6,39.45,0,0.0,0
2012-08-16,2012-08-30,OPTSTK,BHARATFORG,360.0,PE,0.0,0.0,0.0,45.15,59.2,0,0.0,0
2012-08-16,2012-08-30,OPTSTK,BHARATFORG,380.0,PE,0.0,0.0,0.0,61.7,79.1,0,0.0,0
2012-08-16,2012-08-30,OPTSTK,BHARATFORG,400.0,PE,0.0,0.0,0.0,79.55,99.05,0,0.0,0
2012-08-16,2012-08-30,OPTSTK,BHARATFORG,420.0,PE,0.0,0.0,0.0,98.2,118.95,0,0.0,0
2012-08-16,2012-08-30,OPTSTK,BHARATFORG,440.0,PE,0.0,0.0,0.0,117.3,138.9,0,0.0,0
2012-08-16,2012-09-27,OPTSTK,BHARATFORG,160.0,CE,0.0,0.0,0.0,134.4,141.3,0,0.0,0
2012-08-16,2012-09-27,OPTSTK,BHARATFORG,180.0,CE,0.0,0.0,0.0,114.85,121.55,0,0.0,0
2012-08-16,2012-09-27,OPTSTK,BHARATFORG,200.0,CE,0.0,0.0,0.0,95.35,101.75,0,0.0,0
2012-08-16,2012-09-27,OPTSTK,BHARATFORG,220.0,CE,0.0,0.0,0.0,75.95,81.95,0,0.0,0
2012-08-16,2012-09-27,OPTSTK,BHARATFORG,240.0,CE,0.0,0.0,0.0,57.2,62.35,0,0.0,0
2012-08-16,2012-09-27,OPTSTK,BHARATFORG,260.0,CE,0.0,0.0,0.0,40.0,43.5,0,0.0,0
2012-08-16,2012-09-27,OPTSTK,BHARATFORG,280.0,CE,0.0,0.0,0.0,25.65,27.0,0,0.0,0
2012-08-16,2012-09-27,OPTSTK,BHARATFORG,300.0,CE,0.0,0.0,0.0,15.0,14.5,0,0.0,0
2012-08-16,2012-09-27,OPTSTK,BHARATFORG,320.0,CE,0.0,0.0,0.0,7.95,6.65,0,0.0,0
2012-08-16,2012-09-27,OPTSTK,BHARATFORG,340.0,CE,0.0,0.0,0.0,3.9,2.65,0,0.0,0
2012-08-16,2012-09-27,OPTSTK,BHARATFORG,360.0,CE,0.0,0.0,0.0,1.75,0.9,0,0.0,0
2012-08-16,2012-09-27,OPTSTK,BHARATFORG,380.0,CE,0.0,0.0,0.0,0.75,0.3,0,0.0,0
2012-08-16,2012-09-27,OPTSTK,BHARATFORG,400.0,CE,0.0,0.0,0.0,0.3,0.1,0,0.0,0
2012-08-16,2012-09-27,OPTSTK,BHARATFORG,420.0,CE,0.0,0.0,0.0,0.1,0.05,0,0.0,0
2012-08-16,2012-09-27,OPTSTK,BHARATFORG,440.0,CE,0.0,0.0,0.0,0.05,0.0,0,0.0,0
2012-08-16,2012-09-27,OPTSTK,BHARATFORG,160.0,PE,0.0,0.0,0.0,0.05,0.0,0,0.0,0
2012-08-16,2012-09-27,OPTSTK,BHARATFORG,180.0,PE,0.0,0.0,0.0,0.05,0.0,0,0.0,0
2012-08-16,2012-09-27,OPTSTK,BHARATFORG,200.0,PE,0.0,0.0,0.0,0.05,0.0,0,0.0,0
2012-08-16,2012-09-27,OPTSTK,BHARATFORG,220.0,PE,0.0,0.0,0.0,0.2,0.05,0,0.0,0
2012-08-16,2012-09-27,OPTSTK,BHARATFORG,240.0,PE,0.0,0.0,0.0,0.95,0.2,0,0.0,0
2012-08-16,2012-09-27,OPTSTK,BHARATFORG,260.0,PE,0.0,0.0,0.0,3.3,1.15,0,0.0,0
2012-08-16,2012-09-27,OPTSTK,BHARATFORG,280.0,PE,0.0,0.0,0.0,8.5,4.45,0,0.0,0
2012-08-16,2012-09-27,OPTSTK,BHARATFORG,300.0,PE,0.0,0.0,0.0,17.35,11.75,0,0.0,0
2012-08-16,2012-09-27,OPTSTK,BHARATFORG,320.0,PE,0.0,0.0,0.0,29.9,23.7,0,0.0,0
2012-08-16,2012-09-27,OPTSTK,BHARATFORG,340.0,PE,0.0,0.0,0.0,45.35,39.45,0,0.0,0
2012-08-16,2012-09-27,OPTSTK,BHARATFORG,360.0,PE,0.0,0.0,0.0,62.7,57.55,0,0.0,0
2012-08-16,2012-09-27,OPTSTK,BHARATFORG,380.0,PE,0.0,0.0,0.0,81.25,76.7,0,0.0,0
2012-08-16,2012-09-27,OPTSTK,BHARATFORG,400.0,PE,0.0,0.0,0.0,100.35,96.3,0,0.0,0
2012-08-16,2012-09-27,OPTSTK,BHARATFORG,420.0,PE,0.0,0.0,0.0,119.7,116.05,0,0.0,0
2012-08-16,2012-09-27,OPTSTK,BHARATFORG,440.0,PE,0.0,0.0,0.0,139.15,135.85,0,0.0,0
2012-08-16,2012-10-25,OPTSTK,BHARATFORG,160.0,CE,0.0,0.0,0.0,131.1,142.4,0,0.0,0
2012-08-16,2012-10-25,OPTSTK,BHARATFORG,180.0,CE,0.0,0.0,0.0,111.55,122.75,0,0.0,0
2012-08-16,2012-10-25,OPTSTK,BHARATFORG,200.0,CE,0.0,0.0,0.0,92.05,103.1,0,0.0,0
2012-08-16,2012-10-25,OPTSTK,BHARATFORG,220.0,CE,0.0,0.0,0.0,72.85,83.6,0,0.0,0
2012-08-16,2012-10-25,OPTSTK,BHARATFORG,240.0,CE,0.0,0.0,0.0,54.5,64.5,0,0.0,0
2012-08-16,2012-10-25,OPTSTK,BHARATFORG,260.0,CE,0.0,0.0,0.0,38.1,46.7,0,0.0,0
2012-08-16,2012-10-25,OPTSTK,BHARATFORG,280.0,CE,0.0,0.0,0.0,24.65,31.35,0,0.0,0
2012-08-16,2012-10-25,OPTSTK,BHARATFORG,300.0,CE,0.0,0.0,0.0,14.75,19.3,0,0.0,0
2012-08-16,2012-10-25,OPTSTK,BHARATFORG,320.0,CE,0.0,0.0,0.0,8.15,10.95,0,0.0,0
2012-08-16,2012-10-25,OPTSTK,BHARATFORG,340.0,CE,0.0,0.0,0.0,4.2,5.7,0,0.0,0
2012-08-16,2012-10-25,OPTSTK,BHARATFORG,360.0,CE,0.0,0.0,0.0,2.0,2.75,0,0.0,0
2012-08-16,2012-10-25,OPTSTK,BHARATFORG,380.0,CE,0.0,0.0,0.0,0.9,1.25,0,0.0,0
2012-08-16,2012-10-25,OPTSTK,BHARATFORG,400.0,CE,0.0,0.0,0.0,0.4,0.55,0,0.0,0
2012-08-16,2012-10-25,OPTSTK,BHARATFORG,420.0,CE,0.0,0.0,0.0,0.2,0.2,0,0.0,0
2012-08-16,2012-10-25,OPTSTK,BHARATFORG,440.0,CE,0.0,0.0,0.0,0.1,0.1,0,0.0,0
2012-08-16,2012-10-25,OPTSTK,BHARATFORG,160.0,PE,0.0,0.0,0.0,0.05,0.0,0,0.0,0
2012-08-16,2012-10-25,OPTSTK,BHARATFORG,180.0,PE,0.0,0.0,0.0,0.05,0.0,0,0.0,0
2012-08-16,2012-10-25,OPTSTK,BHARATFORG,200.0,PE,0.0,0.0,0.0,0.1,0.05,0,0.0,0
2012-08-16,2012-10-25,OPTSTK,BHARATFORG,220.0,PE,0.0,0.0,0.0,0.4,0.15,0,0.0,0
2012-08-16,2012-10-25,OPTSTK,BHARATFORG,240.0,PE,0.0,0.0,0.0,1.6,0.75,0,0.0,0
2012-08-16,2012-10-25,OPTSTK,BHARATFORG,260.0,PE,0.0,0.0,0.0,4.75,2.6,0,0.0,0
2012-08-16,2012-10-25,OPTSTK,BHARATFORG,280.0,PE,0.0,0.0,0.0,10.85,6.85,0,0.0,0
2012-08-16,2012-10-25,OPTSTK,BHARATFORG,300.0,PE,0.0,0.0,0.0,20.45,14.5,0,0.0,0
2012-08-16,2012-10-25,OPTSTK,BHARATFORG,320.0,PE,0.0,0.0,0.0,33.4,25.8,0,0.0,0
2012-08-16,2012-10-25,OPTSTK,BHARATFORG,340.0,PE,0.0,0.0,0.0,49.0,40.2,0,0.0,0
2012-08-16,2012-10-25,OPTSTK,BHARATFORG,360.0,PE,0.0,0.0,0.0,66.4,56.95,0,0.0,0
2012-08-16,2012-10-25,OPTSTK,BHARATFORG,380.0,PE,0.0,0.0,0.0,84.85,75.05,0,0.0,0
2012-08-16,2012-10-25,OPTSTK,BHARATFORG,400.0,PE,0.0,0.0,0.0,103.85,94.0,0,0.0,0
2012-08-16,2012-10-25,OPTSTK,BHARATFORG,420.0,PE,0.0,0.0,0.0,123.2,113.35,0,0.0,0
2012-08-16,2012-10-25,OPTSTK,BHARATFORG,440.0,PE,0.0,0.0,0.0,142.65,132.9,0,0.0,0
2012-08-16,2012-08-30,OPTSTK,BHARTIARTL,160.0,CE,0.0,0.0,0.0,146.45,100.55,0,0.0,0
2012-08-16,2012-08-30,OPTSTK,BHARTIARTL,180.0,CE,0.0,0.0,0.0,126.9,80.6,0,0.0,0
2012-08-16,2012-08-30,OPTSTK,BHARTIARTL,200.0,CE,0.0,0.0,0.0,107.5,60.7,0,0.0,0
2012-08-16,2012-08-30,OPTSTK,BHARTIARTL,220.0,CE,0.0,0.0,0.0,46.7,41.05,0,0.0,2000
2012-08-16,2012-08-30,OPTSTK,BHARTIARTL,240.0,CE,23.95,23.95,20.7,21.35,21.35,27,70.73,41000
2012-08-16,2012-08-30,OPTSTK,BHARTIARTL,260.0,CE,7.15,8.0,6.0,6.2,6.2,721,1924.16,2243000
2012-08-16,2012-08-30,OPTSTK,BHARTIARTL,280.0,CE,1.6,1.6,0.9,1.0,1.0,1235,3472.94,4883000
2012-08-16,2012-08-30,OPTSTK,BHARTIARTL,300.0,CE,0.5,0.5,0.25,0.3,0.3,631,1895.27,3918000
2012-08-16,2012-08-30,OPTSTK,BHARTIARTL,320.0,CE,0.25,0.25,0.15,0.2,0.2,301,963.8,2713000
2012-08-16,2012-08-30,OPTSTK,BHARTIARTL,340.0,CE,0.2,0.2,0.15,0.15,0.15,86,292.53,689000
2012-08-16,2012-08-30,OPTSTK,BHARTIARTL,360.0,CE,0.1,0.15,0.1,0.15,0.15,10,36.01,134000
2012-08-16,2012-08-30,OPTSTK,BHARTIARTL,380.0,CE,0.0,0.0,0.0,0.2,0.0,0,0.0,6000
2012-08-16,2012-08-30,OPTSTK,BHARTIARTL,400.0,CE,0.0,0.0,0.0,2.1,0.0,0,0.0,0
2012-08-16,2012-08-30,OPTSTK,BHARTIARTL,420.0,CE,0.0,0.0,0.0,1.15,0.0,0,0.0,0
2012-08-16,2012-08-30,OPTSTK,BHARTIARTL,440.0,CE,0.0,0.0,0.0,0.6,0.0,0,0.0,0
2012-08-16,2012-08-30,OPTSTK,BHARTIARTL,460.0,CE,0.0,0.0,0.0,0.35,0.0,0,0.0,0
2012-08-16,2012-08-30,OPTSTK,BHARTIARTL,480.0,CE,0.0,0.0,0.0,0.2,0.0,0,0.0,0
2012-08-16,2012-08-30,OPTSTK,BHARTIARTL,500.0,CE,0.0,0.0,0.0,0.1,0.0,0,0.0,0
2012-08-16,2012-08-30,OPTSTK,BHARTIARTL,160.0,PE,0.0,0.0,0.0,0.05,0.0,0,0.0,0
2012-08-16,2012-08-30,OPTSTK,BHARTIARTL,180.0,PE,0.0,0.0,0.0,0.05,0.0,0,0.0,0
2012-08-16,2012-08-30,OPTSTK,BHARTIARTL,200.0,PE,0.0,0.0,0.0,0.15,0.05,0,0.0,6000
2012-08-16,2012-08-30,OPTSTK,BHARTIARTL,220.0,PE,0.2,0.25,0.2,0.25,0.25,9,19.81,170000
2012-08-16,2012-08-30,OPTSTK,BHARTIARTL,240.0,PE,0.55,1.05,0.55,0.85,0.85,162,390.17,725000
2012-08-16,2012-08-30,OPTSTK,BHARTIARTL,260.0,PE,5.2,5.95,4.35,5.65,5.65,336,891.68,881000
2012-08-16,2012-08-30,OPTSTK,BHARTIARTL,280.0,PE,18.0,20.4,17.95,20.3,20.3,35,104.84,631000
2012-08-16,2012-08-30,OPTSTK,BHARTIARTL,300.0,PE,37.75,39.95,35.0,39.65,39.65,35,118.4,407000
2012-08-16,2012-08-30,OPTSTK,BHARTIARTL,320.0,PE,0.0,0.0,0.0,58.95,59.1,0,0.0,129000
2012-08-16,2012-08-30,OPTSTK,BHARTIARTL,340.0,PE,0.0,0.0,0.0,82.0,78.9,0,0.0,19000
2012-08-16,2012-08-30,OPTSTK,BHARTIARTL,360.0,PE,0.0,0.0,0.0,102.0,98.8,0,0.0,1000
2012-08-16,2012-08-30,OPTSTK,BHARTIARTL,380.0,PE,0.0,0.0,0.0,72.1,118.75,0,0.0,0
2012-08-16,2012-08-30,OPTSTK,BHARTIARTL,400.0,PE,0.0,0.0,0.0,89.95,138.7,0,0.0,0
2012-08-16,2012-08-30,OPTSTK,BHARTIARTL,420.0,PE,0.0,0.0,0.0,108.5,158.6,0,0.0,0
2012-08-16,2012-08-30,OPTSTK,BHARTIARTL,440.0,PE,0.0,0.0,0.0,127.45,178.55,0,0.0,0
2012-08-16,2012-08-30,OPTSTK,BHARTIARTL,460.0,PE,0.0,0.0,0.0,146.7,198.5,0,0.0,0
2012-08-16,2012-08-30,OPTSTK,BHARTIARTL,480.0,PE,0.0,0.0,0.0,166.05,218.4,0,0.0,0
2012-08-16,2012-08-30,OPTSTK,BHARTIARTL,500.0,PE,0.0,0.0,0.0,185.5,238.35,0,0.0,0
2012-08-16,2012-09-27,OPTSTK,BHARTIARTL,160.0,CE,0.0,0.0,0.0,147.35,101.7,0,0.0,0
2012-08-16,2012-09-27,OPTSTK,BHARTIARTL,180.0,CE,0.0,0.0,0.0,127.8,82.0,0,0.0,0
2012-08-16,2012-09-27,OPTSTK,BHARTIARTL,200.0,CE,0.0,0.0,0.0,108.3,62.8,0,0.0,0
2012-08-16,2012-09-27,OPTSTK,BHARTIARTL,220.0,CE,0.0,0.0,0.0,88.8,44.95,0,0.0,0
2012-08-16,2012-09-27,OPTSTK,BHARTIARTL,240.0,CE,0.0,0.0,0.0,22.0,29.75,0,0.0,2000
2012-08-16,2012-09-27,OPTSTK,BHARTIARTL,260.0,CE,12.8,13.3,11.75,11.95,11.95,19,51.76,168000
2012-08-16,2012-09-27,OPTSTK,BHARTIARTL,280.0,CE,5.15,5.2,4.6,4.6,4.6,26,74.09,210000
2012-08-16,2012-09-27,OPTSTK,BHARTIARTL,300.0,CE,2.25,2.35,1.85,1.95,1.95,27,81.56,321000
2012-08-16,2012-09-27,OPTSTK,BHARTIARTL,320.0,CE,0.75,0.85,0.75,0.85,0.85,3,9.62,231000
2012-08-16,2012-09-27,OPTSTK,BHARTIARTL,340.0,CE,0.0,0.0,0.0,0.9,1.15,0,0.0,6000
2012-08-16,2012-09-27,OPTSTK,BHARTIARTL,360.0,CE,0.4,0.4,0.4,0.4,0.4,1,3.6,1000
2012-08-16,2012-09-27,OPTSTK,BHARTIARTL,380.0,CE,0.0,0.0,0.0,1.55,0.2,0,0.0,0
2012-08-16,2012-09-27,OPTSTK,BHARTIARTL,400.0,CE,0.0,0.0,0.0,0.65,0.1,0,0.0,0
2012-08-16,2012-09-27,OPTSTK,BHARTIARTL,420.0,CE,0.0,0.0,0.0,0.3,0.05,0,0.0,0
2012-08-16,2012-09-27,OPTSTK,BHARTIARTL,440.0,CE,0.0,0.0,0.0,0.1,0.05,0,0.0,0
2012-08-16,2012-09-27,OPTSTK,BHARTIARTL,460.0,CE,0.0,0.0,0.0,0.05,0.0,0,0.0,0
2012-08-16,2012-09-27,OPTSTK,BHARTIARTL,480.0,CE,0.0,0.0,0.0,0.05,0.0,0,0.0,0
2012-08-16,2012-09-27,OPTSTK,BHARTIARTL,500.0,CE,0.0,0.0,0.0,0.05,0.0,0,0.0,0
2012-08-16,2012-09-27,OPTSTK,BHARTIARTL,160.0,PE,0.0,0.0,0.0,0.05,0.05,0,0.0,0
2012-08-16,2012-09-27,OPTSTK,BHARTIARTL,180.0,PE,0.0,0.0,0.0,0.05,0.15,0,0.0,0
2012-08-16,2012-09-27,OPTSTK,BHARTIARTL,200.0,PE,0.0,0.0,0.0,1.0,0.7,0,0.0,19000
2012-08-16,2012-09-27,OPTSTK,BHARTIARTL,220.0,PE,0.0,0.0,0.0,1.05,2.7,0,0.0,3000
2012-08-16,2012-09-27,OPTSTK,BHARTIARTL,240.0,PE,3.1,3.15,3.0,3.0,3.0,27,65.61,89000
2012-08-16,2012-09-27,OPTSTK,BHARTIARTL,260.0,PE,8.45,10.0,8.45,9.5,9.5,12,32.27,89000
2012-08-16,2012-09-27,OPTSTK,BHARTIARTL,280.0,PE,0.0,0.0,0.0,21.2,27.2,0,0.0,13000
2012-08-16,2012-09-27,OPTSTK,BHARTIARTL,300.0,PE,0.0,0.0,0.0,40.1,42.15,0,0.0,2000
2012-08-16,2012-09-27,OPTSTK,BHARTIARTL,320.0,PE,0.0,0.0,0.0,24.0,59.2,0,0.0,5000
2012-08-16,2012-09-27,OPTSTK,BHARTIARTL,340.0,PE,0.0,0.0,0.0,35.0,77.65,0,0.0,2000
2012-08-16,2012-09-27,OPTSTK,BHARTIARTL,360.0,PE,0.0,0.0,0.0,51.45,96.8,0,0.0,0
2012-08-16,2012-09-27,OPTSTK,BHARTIARTL,380.0,PE,0.0,0.0,0.0,69.1,116.3,0,0.0,0
2012-08-16,2012-09-27,OPTSTK,BHARTIARTL,400.0,PE,0.0,0.0,0.0,87.75,135.95,0,0.0,0
2012-08-16,2012-09-27,OPTSTK,BHARTIARTL,420.0,PE,0.0,0.0,0.0,106.9,155.7,0,0.0,0
2012-08-16,2012-09-27,OPTSTK,BHARTIARTL,440.0,PE,0.0,0.0,0.0,126.3,175.5,0,0.0,0
2012-08-16,2012-09-27,OPTSTK,BHARTIARTL,460.0,PE,0.0,0.0,0.0,145.75,195.25,0,0.0,0
2012-08-16,2012-09-27,OPTSTK,BHARTIARTL,480.0,PE,0.0,0.0,0.0,165.25,215.05,0,0.0,0
2012-08-16,2012-09-27,OPTSTK,BHARTIARTL,500.0,PE,0.0,0.0,0.0,184.8,234.85,0,0.0,0
2012-08-16,2012-10-25,OPTSTK,BHARTIARTL,160.0,CE,0.0,0.0,0.0,144.15,102.9,0,0.0,0
2012-08-16,2012-10-25,OPTSTK,BHARTIARTL,180.0,CE,0.0,0.0,0.0,124.6,83.7,0,0.0,0
2012-08-16,2012-10-25,OPTSTK,BHARTIARTL,200.0,CE,0.0,0.0,0.0,105.15,65.45,0,0.0,0
2012-08-16,2012-10-25,OPTSTK,BHARTIARTL,220.0,CE,0.0,0.0,0.0,86.0,48.95,0,0.0,0
2012-08-16,2012-10-25,OPTSTK,BHARTIARTL,240.0,CE,0.0,0.0,0.0,67.7,34.9,0,0.0,0
2012-08-16,2012-10-25,OPTSTK,BHARTIARTL,260.0,CE,0.0,0.0,0.0,50.9,23.75,0,0.0,0
2012-08-16,2012-10-25,OPTSTK,BHARTIARTL,280.0,CE,0.0,0.0,0.0,36.45,15.5,0,0.0,0
2012-08-16,2012-10-25,OPTSTK,BHARTIARTL,300.0,CE,0.0,0.0,0.0,24.8,9.75,0,0.0,0
2012-08-16,2012-10-25,OPTSTK,BHARTIARTL,320.0,CE,0.0,0.0,0.0,16.1,5.9,0,0.0,0
2012-08-16,2012-10-25,OPTSTK,BHARTIARTL,340.0,CE,0.0,0.0,0.0,9.95,3.45,0,0.0,0
2012-08-16,2012-10-25,OPTSTK,BHARTIARTL,360.0,CE,0.0,0.0,0.0,5.9,2.0,0,0.0,0
2012-08-16,2012-10-25,OPTSTK,BHARTIARTL,380.0,CE,0.0,0.0,0.0,3.35,1.1,0,0.0,0
2012-08-16,2012-10-25,OPTSTK,BHARTIARTL,400.0,CE,0.0,0.0,0.0,1.85,0.6,0,0.0,0
2012-08-16,2012-10-25,OPTSTK,BHARTIARTL,420.0,CE,0.0,0.0,0.0,1.0,0.35,0,0.0,0
2012-08-16,2012-10-25,OPTSTK,BHARTIARTL,440.0,CE,0.0,0.0,0.0,0.55,0.2,0,0.0,0
2012-08-16,2012-10-25,OPTSTK,BHARTIARTL,460.0,CE,0.0,0.0,0.0,0.3,0.1,0,0.0,0
2012-08-16,2012-10-25,OPTSTK,BHARTIARTL,480.0,CE,0.0,0.0,0.0,0.15,0.05,0,0.0,0
2012-08-16,2012-10-25,OPTSTK,BHARTIARTL,500.0,CE,0.0,0.0,0.0,0.1,0.05,0,0.0,0
2012-08-16,2012-10-25,OPTSTK,BHARTIARTL,160.0,PE,0.0,0.0,0.0,0.05,0.15,0,0.0,0
2012-08-16,2012-10-25,OPTSTK,BHARTIARTL,180.0,PE,0.0,0.0,0.0,0.05,0.6,0,0.0,0
2012-08-16,2012-10-25,OPTSTK,BHARTIARTL,200.0,PE,0.0,0.0,0.0,0.15,2.0,0,0.0,0
2012-08-16,2012-10-25,OPTSTK,BHARTIARTL,220.0,PE,0.0,0.0,0.0,0.55,5.15,0,0.0,0
2012-08-16,2012-10-25,OPTSTK,BHARTIARTL,240.0,PE,0.0,0.0,0.0,3.35,10.8,0,0.0,20000
2012-08-16,2012-10-25,OPTSTK,BHARTIARTL,260.0,PE,0.0,0.0,0.0,7.5,19.3,0,0.0,26000
2012-08-16,2012-10-25,OPTSTK,BHARTIARTL,280.0,PE,0.0,0.0,0.0,16.45,30.7,0,0.0,3000
2012-08-16,2012-10-25,OPTSTK,BHARTIARTL,300.0,PE,0.0,0.0,0.0,17.5,44.6,0,0.0,0
2012-08-16,2012-10-25,OPTSTK,BHARTIARTL,320.0,PE,0.0,0.0,0.0,28.3,60.4,0,0.0,0
2012-08-16,2012-10-25,OPTSTK,BHARTIARTL,340.0,PE,0.0,0.0,0.0,41.7,77.65,0,0.0,0
2012-08-16,2012-10-25,OPTSTK,BHARTIARTL,360.0,PE,0.0,0.0,0.0,57.25,95.8,0,0.0,0
2012-08-16,2012-10-25,OPTSTK,BHARTIARTL,380.0,PE,0.0,0.0,0.0,74.25,114.6,0,0.0,0
2012-08-16,2012-10-25,OPTSTK,BHARTIARTL,400.0,PE,0.0,0.0,0.0,92.3,133.75,0,0.0,0
2012-08-16,2012-10-25,OPTSTK,BHARTIARTL,420.0,PE,0.0,0.0,0.0,110.95,153.15,0,0.0,0
2012-08-16,2012-10-25,OPTSTK,BHARTIARTL,440.0,PE,0.0,0.0,0.0,130.05,172.65,0,0.0,0
2012-08-16,2012-10-25,OPTSTK,BHARTIARTL,460.0,PE,0.0,0.0,0.0,149.35,192.2,0,0.0,0
2012-08-16,2012-10-25,OPTSTK,BHARTIARTL,480.0,PE,0.0,0.0,0.0,168.75,211.85,0,0.0,0
2012-08-16,2012-10-25,OPTSTK,BHARTIARTL,500.0,PE,0.0,0.0,0.0,188.25,231.45,0,0.0,0
2012-08-16,2012-08-30,OPTSTK,BHEL,150.0,CE,0.0,0.0,0.0,66.65,80.75,0,0.0,0
2012-08-16,2012-08-30,OPTSTK,BHEL,160.0,CE,0.0,0.0,0.0,57.8,70.8,0,0.0,0
2012-08-16,2012-08-30,OPTSTK,BHEL,170.0,CE,0.0,0.0,0.0,49.4,60.85,0,0.0,0
2012-08-16,2012-08-30,OPTSTK,BHEL,180.0,CE,0.0,0.0,0.0,41.65,50.85,0,0.0,0
2012-08-16,2012-08-30,OPTSTK,BHEL,190.0,CE,0.0,0.0,0.0,34.65,40.9,0,0.0,0
2012-08-16,2012-08-30,OPTSTK,BHEL,200.0,CE,0.0,0.0,0.0,32.6,31.0,0,0.0,45000
2012-08-16,2012-08-30,OPTSTK,BHEL,210.0,CE,0.0,0.0,0.0,23.8,21.35,0,0.0,141000
2012-08-16,2012-08-30,OPTSTK,BHEL,220.0,CE,15.25,16.1,12.25,12.6,12.6,23,53.82,289000
2012-08-16,2012-08-30,OPTSTK,BHEL,230.0,CE,6.85,8.45,5.45,6.0,6.0,165,390.88,391000
2012-08-16,2012-08-30,OPTSTK,BHEL,240.0,CE,2.95,3.45,2.1,2.25,2.25,479,1162.59,818000
2012-08-16,2012-08-30,OPTSTK,BHEL,250.0,CE,0.85,1.2,0.8,0.85,0.85,60,150.56,288000
2012-08-16,2012-08-30,OPTSTK,BHEL,260.0,CE,0.25,0.5,0.25,0.35,0.35,24,62.49,2647000
2012-08-16,2012-08-30,OPTSTK,BHEL,270.0,CE,0.0,0.0,0.0,0.3,0.05,0,0.0,20000
2012-08-16,2012-08-30,OPTSTK,BHEL,280.0,CE,0.0,0.0,0.0,0.9,0.0,0,0.0,4000
2012-08-16,2012-08-30,OPTSTK,BHEL,290.0,CE,0.0,0.0,0.0,2.9,0.0,0,0.0,0
2012-08-16,2012-08-30,OPTSTK,BHEL,300.0,CE,0.0,0.0,0.0,2.15,0.0,0,0.0,0
2012-08-16,2012-08-30,OPTSTK,BHEL,310.0,CE,0.0,0.0,0.0,1.6,0.0,0,0.0,0
2012-08-16,2012-08-30,OPTSTK,BHEL,150.0,PE,0.0,0.0,0.0,0.95,0.0,0,0.0,0
2012-08-16,2012-08-30,OPTSTK,BHEL,160.0,PE,0.0,0.0,0.0,1.85,0.0,0,0.0,0
2012-08-16,2012-08-30,OPTSTK,BHEL,170.0,PE,0.0,0.0,0.0,3.2,0.0,0,0.0,0
2012-08-16,2012-08-30,OPTSTK,BHEL,180.0,PE,0.0,0.0,0.0,0.35,0.0,0,0.0,9000
2012-08-16,2012-08-30,OPTSTK,BHEL,190.0,PE,0.1,0.25,0.1,0.25,0.25,9,17.11,149000
2012-08-16,2012-08-30,OPTSTK,BHEL,200.0,PE,0.4,0.45,0.25,0.45,0.45,61,122.22,591000
2012-08-16,2012-08-30,OPTSTK,BHEL,210.0,PE,0.5,0.9,0.5,0.8,0.8,24,50.53,565000
2012-08-16,2012-08-30,OPTSTK,BHEL,220.0,PE,1.1,1.8,1.1,1.7,1.7,155,343.16,580000
2012-08-16,2012-08-30,OPTSTK,BHEL,230.0,PE,4.7,5.0,3.15,4.75,4.75,137,320.7,296000
2012-08-16,2012-08-30,OPTSTK,BHEL,240.0,PE,8.5,10.95,8.5,10.8,10.8,70,174.88,70000
2012-08-16,2012-08-30,OPTSTK,BHEL,250.0,PE,16.0,16.0,16.0,16.0,16.0,1,2.66,11000
2012-08-16,2012-08-30,OPTSTK,BHEL,260.0,PE,0.0,0.0,0.0,42.0,29.05,0,0.0,12000
2012-08-16,2012-08-30,OPTSTK,BHEL,270.0,PE,0.0,0.0,0.0,56.55,38.9,0,0.0,0
2012-08-16,2012-08-30,OPTSTK,BHEL,280.0,PE,0.0,0.0,0.0,65.05,48.85,0,0.0,0
2012-08-16,2012-08-30,OPTSTK,BHEL,290.0,PE,0.0,0.0,0.0,74.0,58.8,0,0.0,3000
2012-08-16,2012-08-30,OPTSTK,BHEL,300.0,PE,0.0,0.0,0.0,82.85,68.75,0,0.0,0
2012-08-16,2012-08-30,OPTSTK,BHEL,310.0,PE,0.0,0.0,0.0,92.05,78.75,0,0.0,0
2012-08-16,2012-09-27,OPTSTK,BHEL,150.0,CE,0.0,0.0,0.0,74.7,81.8,0,0.0,0
2012-08-16,2012-09-27,OPTSTK,BHEL,160.0,CE,0.0,0.0,0.0,65.15,71.95,0,0.0,0
2012-08-16,2012-09-27,OPTSTK,BHEL,170.0,CE,0.0,0.0,0.0,55.85,62.05,0,0.0,0
2012-08-16,2012-09-27,OPTSTK,BHEL,180.0,CE,0.0,0.0,0.0,47.0,52.2,0,0.0,0
2012-08-16,2012-09-27,OPTSTK,BHEL,190.0,CE,0.0,0.0,0.0,38.7,42.5,0,0.0,0
2012-08-16,2012-09-27,OPTSTK,BHEL,200.0,CE,0.0,0.0,0.0,31.7,33.15,0,0.0,5000
2012-08-16,2012-09-27,OPTSTK,BHEL,210.0,CE,0.0,0.0,0.0,23.0,24.6,0,0.0,18000
2012-08-16,2012-09-27,OPTSTK,BHEL,220.0,CE,0.0,0.0,0.0,14.75,17.15,0,0.0,1000
2012-08-16,2012-09-27,OPTSTK,BHEL,230.0,CE,10.1,10.1,9.0,9.0,9.0,2,4.79,4000
2012-08-16,2012-09-27,OPTSTK,BHEL,240.0,CE,5.75,5.75,5.0,5.0,5.0,5,12.27,23000
2012-08-16,2012-09-27,OPTSTK,BHEL,250.0,CE,2.6,2.6,2.55,2.55,2.55,2,5.05,10000
2012-08-16,2012-09-27,OPTSTK,BHEL,260.0,CE,1.5,1.95,1.4,1.4,1.4,3,7.84,23000
2012-08-16,2012-09-27,OPTSTK,BHEL,270.0,CE,0.0,0.0,0.0,4.3,1.05,0,0.0,1000
2012-08-16,2012-09-27,OPTSTK,BHEL,280.0,CE,0.0,0.0,0.0,2.6,0.5,0,0.0,0
2012-08-16,2012-09-27,OPTSTK,BHEL,290.0,CE,0.0,0.0,0.0,1.75,0.25,0,0.0,0
2012-08-16,2012-09-27,OPTSTK,BHEL,300.0,CE,0.0,0.0,0.0,1.2,0.1,0,0.0,0
2012-08-16,2012-09-27,OPTSTK,BHEL,310.0,CE,0.0,0.0,0.0,0.8,0.05,0,0.0,0
2012-08-16,2012-09-27,OPTSTK,BHEL,150.0,PE,0.0,0.0,0.0,0.15,0.0,0,0.0,0
2012-08-16,2012-09-27,OPTSTK,BHEL,160.0,PE,0.0,0.0,0.0,0.35,0.0,0,0.0,0
2012-08-16,2012-09-27,OPTSTK,BHEL,170.0,PE,0.0,0.0,0.0,0.85,0.05,0,0.0,0
2012-08-16,2012-09-27,OPTSTK,BHEL,180.0,PE,0.0,0.0,0.0,1.75,0.1,0,0.0,0
2012-08-16,2012-09-27,OPTSTK,BHEL,190.0,PE,0.0,0.0,0.0,3.25,0.3,0,0.0,0
2012-08-16,2012-09-27,OPTSTK,BHEL,200.0,PE,1.65,1.65,1.65,1.65,1.65,1,2.01,7000
2012-08-16,2012-09-27,OPTSTK,BHEL,210.0,PE,0.0,0.0,0.0,4.15,2.15,0,0.0,2000
2012-08-16,2012-09-27,OPTSTK,BHEL,220.0,PE,0.0,0.0,0.0,5.4,4.65,0,0.0,2000
2012-08-16,2012-09-27,OPTSTK,BHEL,230.0,PE,7.7,9.5,7.7,9.5,9.5,7,16.7,10000
2012-08-16,2012-09-27,OPTSTK,BHEL,240.0,PE,13.5,13.5,13.5,13.5,13.5,1,2.53,1000
2012-08-16,2012-09-27,OPTSTK,BHEL,250.0,PE,0.0,0.0,0.0,30.75,21.05,0,0.0,0
2012-08-16,2012-09-27,OPTSTK,BHEL,260.0,PE,0.0,0.0,0.0,38.35,29.15,0,0.0,0
2012-08-16,2012-09-27,OPTSTK,BHEL,270.0,PE,0.0,0.0,0.0,46.45,38.0,0,0.0,0
2012-08-16,2012-09-27,OPTSTK,BHEL,280.0,PE,0.0,0.0,0.0,55.05,47.35,0,0.0,0
2012-08-16,2012-09-27,OPTSTK,BHEL,290.0,PE,0.0,0.0,0.0,63.95,57.0,0,0.0,0
2012-08-16,2012-09-27,OPTSTK,BHEL,300.0,PE,0.0,0.0,0.0,73.15,66.75,0,0.0,0
2012-08-16,2012-09-27,OPTSTK,BHEL,310.0,PE,0.0,0.0,0.0,82.5,76.6,0,0.0,0
2012-08-16,2012-10-25,OPTSTK,BHEL,150.0,CE,0.0,0.0,0.0,65.65,82.85,0,0.0,0
2012-08-16,2012-10-25,OPTSTK,BHEL,160.0,CE,0.0,0.0,0.0,56.25,73.05,0,0.0,0
2012-08-16,2012-10-25,OPTSTK,BHEL,170.0,CE,0.0,0.0,0.0,47.25,63.3,0,0.0,0
2012-08-16,2012-10-25,OPTSTK,BHEL,180.0,CE,0.0,0.0,0.0,38.85,53.65,0,0.0,0
2012-08-16,2012-10-25,OPTSTK,BHEL,190.0,CE,0.0,0.0,0.0,31.2,44.35,0,0.0,0
2012-08-16,2012-10-25,OPTSTK,BHEL,200.0,CE,0.0,0.0,0.0,24.45,35.6,0,0.0,0
2012-08-16,2012-10-25,OPTSTK,BHEL,210.0,CE,0.0,0.0,0.0,18.75,27.6,0,0.0,0
2012-08-16,2012-10-25,OPTSTK,BHEL,220.0,CE,0.0,0.0,0.0,14.0,20.6,0,0.0,0
2012-08-16,2012-10-25,OPTSTK,BHEL,230.0,CE,0.0,0.0,0.0,10.25,14.85,0,0.0,0
2012-08-16,2012-10-25,OPTSTK,BHEL,240.0,CE,0.0,0.0,0.0,7.35,10.3,0,0.0,0
2012-08-16,2012-10-25,OPTSTK,BHEL,250.0,CE,0.0,0.0,0.0,5.15,6.85,0,0.0,0
2012-08-16,2012-10-25,OPTSTK,BHEL,260.0,CE,0.0,0.0,0.0,3.55,4.45,0,0.0,0
2012-08-16,2012-10-25,OPTSTK,BHEL,270.0,CE,0.0,0.0,0.0,2.4,2.75,0,0.0,0
2012-08-16,2012-10-25,OPTSTK,BHEL,280.0,CE,0.0,0.0,0.0,1.6,1.65,0,0.0,0
2012-08-16,2012-10-25,OPTSTK,BHEL,290.0,CE,0.0,0.0,0.0,1.05,1.0,0,0.0,0
2012-08-16,2012-10-25,OPTSTK,BHEL,300.0,CE,0.0,0.0,0.0,0.7,0.55,0,0.0,0
2012-08-16,2012-10-25,OPTSTK,BHEL,310.0,CE,0.0,0.0,0.0,0.45,0.3,0,0.0,0
2012-08-16,2012-10-25,OPTSTK,BHEL,150.0,PE,0.0,0.0,0.0,0.3,0.0,0,0.0,0
2012-08-16,2012-10-25,OPTSTK,BHEL,160.0,PE,0.0,0.0,0.0,0.65,0.05,0,0.0,0
2012-08-16,2012-10-25,OPTSTK,BHEL,170.0,PE,0.0,0.0,0.0,1.45,0.1,0,0.0,0
2012-08-16,2012-10-25,OPTSTK,BHEL,180.0,PE,0.0,0.0,0.0,2.8,0.35,0,0.0,0
2012-08-16,2012-10-25,OPTSTK,BHEL,190.0,PE,0.0,0.0,0.0,4.95,0.85,0,0.0,0
2012-08-16,2012-10-25,OPTSTK,BHEL,200.0,PE,0.0,0.0,0.0,8.0,1.9,0,0.0,0
2012-08-16,2012-10-25,OPTSTK,BHEL,210.0,PE,0.0,0.0,0.0,12.05,3.75,0,0.0,0
2012-08-16,2012-10-25,OPTSTK,BHEL,220.0,PE,0.0,0.0,0.0,17.1,6.6,0,0.0,0
2012-08-16,2012-10-25,OPTSTK,BHEL,230.0,PE,0.0,0.0,0.0,23.1,10.65,0,0.0,0
2012-08-16,2012-10-25,OPTSTK,BHEL,240.0,PE,0.0,0.0,0.0,29.95,15.9,0,0.0,0
2012-08-16,2012-10-25,OPTSTK,BHEL,250.0,PE,0.0,0.0,0.0,37.55,22.3,0,0.0,0
2012-08-16,2012-10-25,OPTSTK,BHEL,260.0,PE,0.0,0.0,0.0,45.7,29.7,0,0.0,0
2012-08-16,2012-10-25,OPTSTK,BHEL,270.0,PE,0.0,0.0,0.0,54.35,37.85,0,0.0,0
2012-08-16,2012-10-25,OPTSTK,BHEL,280.0,PE,0.0,0.0,0.0,63.3,46.6,0,0.0,0
2012-08-16,2012-10-25,OPTSTK,BHEL,290.0,PE,0.0,0.0,0.0,72.55,55.75,0,0.0,0
2012-08-16,2012-10-25,OPTSTK,BHEL,300.0,PE,0.0,0.0,0.0,81.95,65.15,0,0.0,0
2012-08-16,2012-10-25,OPTSTK,BHEL,310.0,PE,0.0,0.0,0.0,91.45,74.75,0,0.0,0
2012-08-16,2012-08-30,OPTSTK,BHUSANSTL,240.0,CE,0.0,0.0,0.0,206.05,230.5,0,0.0,0
2012-08-16,2012-08-30,OPTSTK,BHUSANSTL,260.0,CE,0.0,0.0,0.0,186.55,210.6,0,0.0,0
2012-08-16,2012-08-30,OPTSTK,BHUSANSTL,280.0,CE,0.0,0.0,0.0,167.0,190.65,0,0.0,0
2012-08-16,2012-08-30,OPTSTK,BHUSANSTL,300.0,CE,0.0,0.0,0.0,147.5,170.7,0,0.0,0
2012-08-16,2012-08-30,OPTSTK,BHUSANSTL,320.0,CE,0.0,0.0,0.0,128.0,150.8,0,0.0,0
2012-08-16,2012-08-30,OPTSTK,BHUSANSTL,340.0,CE,0.0,0.0,0.0,108.65,130.85,0,0.0,0
2012-08-16,2012-08-30,OPTSTK,BHUSANSTL,360.0,CE,0.0,0.0,0.0,89.65,110.9,0,0.0,0
2012-08-16,2012-08-30,OPTSTK,BHUSANSTL,380.0,CE,0.0,0.0,0.0,71.4,91.0,0,0.0,0
2012-08-16,2012-08-30,OPTSTK,BHUSANSTL,400.0,CE,0.0,0.0,0.0,54.55,71.05,0,0.0,0
2012-08-16,2012-08-30,OPTSTK,BHUSANSTL,420.0,CE,0.0,0.0,0.0,39.75,51.1,0,0.0,0
2012-08-16,2012-08-30,OPTSTK,BHUSANSTL,440.0,CE,0.0,0.0,0.0,27.55,31.2,0,0.0,0
2012-08-16,2012-08-30,OPTSTK,BHUSANSTL,460.0,CE,0.0,0.0,0.0,18.0,11.75,0,0.0,2000
2012-08-16,2012-08-30,OPTSTK,BHUSANSTL,480.0,CE,0.0,0.0,0.0,11.3,0.9,0,0.0,0
2012-08-16,2012-08-30,OPTSTK,BHUSANSTL,500.0,CE,0.0,0.0,0.0,6.7,0.0,0,0.0,0
2012-08-16,2012-08-30,OPTSTK,BHUSANSTL,520.0,CE,0.0,0.0,0.0,3.8,0.0,0,0.0,0
2012-08-16,2012-08-30,OPTSTK,BHUSANSTL,540.0,CE,0.0,0.0,0.0,2.05,0.0,0,0.0,0
2012-08-16,2012-08-30,OPTSTK,BHUSANSTL,560.0,CE,0.0,0.0,0.0,1.05,0.0,0,0.0,0
2012-08-16,2012-08-30,OPTSTK,BHUSANSTL,580.0,CE,0.0,0.0,0.0,0.55,0.0,0,0.0,0
2012-08-16,2012-08-30,OPTSTK,BHUSANSTL,240.0,PE,0.0,0.0,0.0,0.05,0.0,0,0.0,0
2012-08-16,2012-08-30,OPTSTK,BHUSANSTL,260.0,PE,0.0,0.0,0.0,0.05,0.0,0,0.0,0
2012-08-16,2012-08-30,OPTSTK,BHUSANSTL,280.0,PE,0.0,0.0,0.0,0.05,0.0,0,0.0,0
2012-08-16,2012-08-30,OPTSTK,BHUSANSTL,300.0,PE,0.0,0.0,0.0,0.05,0.0,0,0.0,0
2012-08-16,2012-08-30,OPTSTK,BHUSANSTL,320.0,PE,0.0,0.0,0.0,0.05,0.0,0,0.0,0
2012-08-16,2012-08-30,OPTSTK,BHUSANSTL,340.0,PE,0.0,0.0,0.0,0.2,0.0,0,0.0,0
2012-08-16,2012-08-30,OPTSTK,BHUSANSTL,360.0,PE,0.0,0.0,0.0,0.7,0.0,0,0.0,0
2012-08-16,2012-08-30,OPTSTK,BHUSANSTL,380.0,PE,0.0,0.0,0.0,2.0,0.0,0,0.0,0
2012-08-16,2012-08-30,OPTSTK,BHUSANSTL,400.0,PE,0.0,0.0,0.0,4.65,0.0,0,0.0,0
2012-08-16,2012-08-30,OPTSTK,BHUSANSTL,420.0,PE,0.0,0.0,0.0,9.35,0.0,0,0.0,0
2012-08-16,2012-08-30,OPTSTK,BHUSANSTL,440.0,PE,0.0,0.0,0.0,16.7,0.0,0,0.0,0
2012-08-16,2012-08-30,OPTSTK,BHUSANSTL,460.0,PE,0.0,0.0,0.0,26.75,0.5,0,0.0,0
2012-08-16,2012-08-30,OPTSTK,BHUSANSTL,480.0,PE,0.0,0.0,0.0,39.45,9.6,0,0.0,0
2012-08-16,2012-08-30,OPTSTK,BHUSANSTL,500.0,PE,0.0,0.0,0.0,54.4,28.65,0,0.0,0
2012-08-16,2012-08-30,OPTSTK,BHUSANSTL,520.0,PE,0.0,0.0,0.0,71.0,48.6,0,0.0,0
2012-08-16,2012-08-30,OPTSTK,BHUSANSTL,540.0,PE,0.0,0.0,0.0,88.8,68.5,0,0.0,0
2012-08-16,2012-08-30,OPTSTK,BHUSANSTL,560.0,PE,0.0,0.0,0.0,107.3,88.45,0,0.0,0
2012-08-16,2012-08-30,OPTSTK,BHUSANSTL,580.0,PE,0.0,0.0,0.0,126.3,108.4,0,0.0,0
2012-08-16,2012-09-27,OPTSTK,BHUSANSTL,260.0,CE,0.0,0.0,0.0,205.65,212.4,0,0.0,0
2012-08-16,2012-09-27,OPTSTK,BHUSANSTL,280.0,CE,0.0,0.0,0.0,186.15,192.6,0,0.0,0
2012-08-16,2012-09-27,OPTSTK,BHUSANSTL,300.0,CE,0.0,0.0,0.0,166.6,172.8,0,0.0,0
2012-08-16,2012-09-27,OPTSTK,BHUSANSTL,320.0,CE,0.0,0.0,0.0,147.05,153.05,0,0.0,0
2012-08-16,2012-09-27,OPTSTK,BHUSANSTL,340.0,CE,0.0,0.0,0.0,127.55,133.25,0,0.0,0
2012-08-16,2012-09-27,OPTSTK,BHUSANSTL,360.0,CE,0.0,0.0,0.0,108.0,113.45,0,0.0,0
2012-08-16,2012-09-27,OPTSTK,BHUSANSTL,380.0,CE,0.0,0.0,0.0,88.6,93.65,0,0.0,0
2012-08-16,2012-09-27,OPTSTK,BHUSANSTL,400.0,CE,0.0,0.0,0.0,69.6,73.85,0,0.0,0
2012-08-16,2012-09-27,OPTSTK,BHUSANSTL,420.0,CE,0.0,0.0,0.0,51.65,54.05,0,0.0,0
2012-08-16,2012-09-27,OPTSTK,BHUSANSTL,440.0,CE,0.0,0.0,0.0,35.7,34.35,0,0.0,0
2012-08-16,2012-09-27,OPTSTK,BHUSANSTL,460.0,CE,0.0,0.0,0.0,22.7,16.0,0,0.0,0
2012-08-16,2012-09-27,OPTSTK,BHUSANSTL,480.0,CE,0.0,0.0,0.0,13.2,4.05,0,0.0,0
2012-08-16,2012-09-27,OPTSTK,BHUSANSTL,500.0,CE,0.0,0.0,0.0,7.0,0.45,0,0.0,0
2012-08-16,2012-09-27,OPTSTK,BHUSANSTL,520.0,CE,0.0,0.0,0.0,3.4,0.05,0,0.0,0
2012-08-16,2012-09-27,OPTSTK,BHUSANSTL,540.0,CE,0.0,0.0,0.0,1.5,0.0,0,0.0,0
2012-08-16,2012-09-27,OPTSTK,BHUSANSTL,560.0,CE,0.0,0.0,0.0,0.6,0.0,0,0.0,0
2012-08-16,2012-09-27,OPTSTK,BHUSANSTL,580.0,CE,0.0,0.0,0.0,0.25,0.0,0,0.0,0
2012-08-16,2012-09-27,OPTSTK,BHUSANSTL,260.0,PE,0.0,0.0,0.0,0.05,0.0,0,0.0,0
2012-08-16,2012-09-27,OPTSTK,BHUSANSTL,280.0,PE,0.0,0.0,0.0,0.05,0.0,0,0.0,0
2012-08-16,2012-09-27,OPTSTK,BHUSANSTL,300.0,PE,0.0,0.0,0.0,0.05,0.0,0,0.0,0
2012-08-16,2012-09-27,OPTSTK,BHUSANSTL,320.0,PE,0.0,0.0,0.0,0.05,0.0,0,0.0,0
2012-08-16,2012-09-27,OPTSTK,BHUSANSTL,340.0,PE,0.0,0.0,0.0,0.05,0.0,0,0.0,0
2012-08-16,2012-09-27,OPTSTK,BHUSANSTL,360.0,PE,0.0,0.0,0.0,0.05,0.0,0,0.0,0
2012-08-16,2012-09-27,OPTSTK,BHUSANSTL,380.0,PE,0.0,0.0,0.0,0.2,0.0,0,0.0,0
2012-08-16,2012-09-27,OPTSTK,BHUSANSTL,400.0,PE,0.0,0.0,0.0,0.7,0.0,0,0.0,0
2012-08-16,2012-09-27,OPTSTK,BHUSANSTL,420.0,PE,0.0,0.0,0.0,2.3,0.0,0,0.0,0
2012-08-16,2012-09-27,OPTSTK,BHUSANSTL,440.0,PE,0.0,0.0,0.0,5.85,0.1,0,0.0,0
2012-08-16,2012-09-27,OPTSTK,BHUSANSTL,460.0,PE,0.0,0.0,0.0,12.4,1.55,0,0.0,0
2012-08-16,2012-09-27,OPTSTK,BHUSANSTL,480.0,PE,0.0,0.0,0.0,22.45,9.4,0,0.0,0
2012-08-16,2012-09-27,OPTSTK,BHUSANSTL,500.0,PE,0.0,0.0,0.0,35.8,25.6,0,0.0,0
2012-08-16,2012-09-27,OPTSTK,BHUSANSTL,520.0,PE,0.0,0.0,0.0,51.7,44.95,0,0.0,0
2012-08-16,2012-09-27,OPTSTK,BHUSANSTL,540.0,PE,0.0,0.0,0.0,69.35,64.75,0,0.0,0
2012-08-16,2012-09-27,OPTSTK,BHUSANSTL,560.0,PE,0.0,0.0,0.0,88.0,84.55,0,0.0,0
2012-08-16,2012-09-27,OPTSTK,BHUSANSTL,580.0,PE,0.0,0.0,0.0,107.15,104.3,0,0.0,0
2012-08-16,2012-10-25,OPTSTK,BHUSANSTL,260.0,CE,0.0,0.0,0.0,213.35,214.2,0,0.0,0
2012-08-16,2012-10-25,OPTSTK,BHUSANSTL,280.0,CE,0.0,0.0,0.0,193.85,194.55,0,0.0,0
2012-08-16,2012-10-25,OPTSTK,BHUSANSTL,300.0,CE,0.0,0.0,0.0,174.3,174.85,0,0.0,0
2012-08-16,2012-10-25,OPTSTK,BHUSANSTL,320.0,CE,0.0,0.0,0.0,154.75,155.2,0,0.0,0
2012-08-16,2012-10-25,OPTSTK,BHUSANSTL,340.0,CE,0.0,0.0,0.0,135.2,135.55,0,0.0,0
2012-08-16,2012-10-25,OPTSTK,BHUSANSTL,360.0,CE,0.0,0.0,0.0,115.65,115.9,0,0.0,0
2012-08-16,2012-10-25,OPTSTK,BHUSANSTL,380.0,CE,0.0,0.0,0.0,96.1,96.25,0,0.0,0
2012-08-16,2012-10-25,OPTSTK,BHUSANSTL,400.0,CE,0.0,0.0,0.0,76.6,76.6,0,0.0,0
2012-08-16,2012-10-25,OPTSTK,BHUSANSTL,420.0,CE,0.0,0.0,0.0,57.3,56.95,0,0.0,0
2012-08-16,2012-10-25,OPTSTK,BHUSANSTL,440.0,CE,0.0,0.0,0.0,39.05,37.5,0,0.0,0
2012-08-16,2012-10-25,OPTSTK,BHUSANSTL,460.0,CE,0.0,0.0,0.0,23.35,19.75,0,0.0,0
2012-08-16,2012-10-25,OPTSTK,BHUSANSTL,480.0,CE,0.0,0.0,0.0,11.85,7.25,0,0.0,0
2012-08-16,2012-10-25,OPTSTK,BHUSANSTL,500.0,CE,0.0,0.0,0.0,5.0,1.65,0,0.0,0
2012-08-16,2012-10-25,OPTSTK,BHUSANSTL,520.0,CE,0.0,0.0,0.0,1.75,0.25,0,0.0,0
2012-08-16,2012-10-25,OPTSTK,BHUSANSTL,540.0,CE,0.0,0.0,0.0,0.5,0.05,0,0.0,0
2012-08-16,2012-10-25,OPTSTK,BHUSANSTL,560.0,CE,0.0,0.0,0.0,0.15,0.0,0,0.0,0
2012-08-16,2012-10-25,OPTSTK,BHUSANSTL,580.0,CE,0.0,0.0,0.0,0.05,0.0,0,0.0,0
2012-08-16,2012-10-25,OPTSTK,BHUSANSTL,260.0,PE,0.0,0.0,0.0,0.05,0.0,0,0.0,0
2012-08-16,2012-10-25,OPTSTK,BHUSANSTL,280.0,PE,0.0,0.0,0.0,0.05,0.0,0,0.0,0
2012-08-16,2012-10-25,OPTSTK,BHUSANSTL,300.0,PE,0.0,0.0,0.0,0.05,0.0,0,0.0,0
2012-08-16,2012-10-25,OPTSTK,BHUSANSTL,320.0,PE,0.0,0.0,0.0,0.05,0.0,0,0.0,0
2012-08-16,2012-10-25,OPTSTK,BHUSANSTL,340.0,PE,0.0,0.0,0.0,0.05,0.0,0,0.0,0
2012-08-16,2012-10-25,OPTSTK,BHUSANSTL,360.0,PE,0.0,0.0,0.0,0.05,0.0,0,0.0,0
2012-08-16,2012-10-25,OPTSTK,BHUSANSTL,380.0,PE,0.0,0.0,0.0,0.05,0.0,0,0.0,0
2012-08-16,2012-10-25,OPTSTK,BHUSANSTL,400.0,PE,0.0,0.0,0.0,0.05,0.0,0,0.0,0
2012-08-16,2012-10-25,OPTSTK,BHUSANSTL,420.0,PE,0.0,0.0,0.0,0.35,0.05,0,0.0,0
2012-08-16,2012-10-25,OPTSTK,BHUSANSTL,440.0,PE,0.0,0.0,0.0,1.6,0.25,0,0.0,0
2012-08-16,2012-10-25,OPTSTK,BHUSANSTL,460.0,PE,0.0,0.0,0.0,5.45,2.15,0,0.0,0
2012-08-16,2012-10-25,OPTSTK,BHUSANSTL,480.0,PE,0.0,0.0,0.0,13.5,9.3,0,0.0,0
2012-08-16,2012-10-25,OPTSTK,BHUSANSTL,500.0,PE,0.0,0.0,0.0,26.2,23.35,0,0.0,0
2012-08-16,2012-10-25,OPTSTK,BHUSANSTL,520.0,PE,0.0,0.0,0.0,42.5,41.6,0,0.0,0
2012-08-16,2012-10-25,OPTSTK,BHUSANSTL,540.0,PE,0.0,0.0,0.0,60.8,61.05,0,0.0,0
2012-08-16,2012-10-25,OPTSTK,BHUSANSTL,560.0,PE,0.0,0.0,0.0,79.95,80.7,0,0.0,0
2012-08-16,2012-10-25,OPTSTK,BHUSANSTL,580.0,PE,0.0,0.0,0.0,99.45,100.35,0,0.0,0
2012-08-16,2012-08-30,OPTSTK,BIOCON,160.0,CE,0.0,0.0,0.0,64.5,86.65,0,0.0,0
2012-08-16,2012-08-30,OPTSTK,BIOCON,170.0,CE,0.0,0.0,0.0,54.9,76.7,0,0.0,0
2012-08-16,2012-08-30,OPTSTK,BIOCON,180.0,CE,0.0,0.0,0.0,45.55,66.7,0,0.0,0
2012-08-16,2012-08-30,OPTSTK,BIOCON,190.0,CE,0.0,0.0,0.0,36.65,56.75,0,0.0,0
2012-08-16,2012-08-30,OPTSTK,BIOCON,200.0,CE,0.0,0.0,0.0,28.55,46.8,0,0.0,0
2012-08-16,2012-08-30,OPTSTK,BIOCON,210.0,CE,0.0,0.0,0.0,21.4,36.85,0,0.0,0
2012-08-16,2012-08-30,OPTSTK,BIOCON,220.0,CE,0.0,0.0,0.0,15.45,26.95,0,0.0,0
2012-08-16,2012-08-30,OPTSTK,BIOCON,230.0,CE,0.0,0.0,0.0,10.7,17.5,0,0.0,0
2012-08-16,2012-08-30,OPTSTK,BIOCON,240.0,CE,0.0,0.0,0.0,6.05,9.45,0,0.0,2000
2012-08-16,2012-08-30,OPTSTK,BIOCON,250.0,CE,2.6,2.6,2.6,2.6,2.6,1,2.52,2000
2012-08-16,2012-08-30,OPTSTK,BIOCON,260.0,CE,0.0,0.0,0.0,2.1,1.3,0,0.0,2000
2012-08-16,2012-08-30,OPTSTK,BIOCON,270.0,CE,0.0,0.0,0.0,1.7,0.3,0,0.0,0
2012-08-16,2012-08-30,OPTSTK,BIOCON,280.0,CE,0.0,0.0,0.0,1.0,0.05,0,0.0,0
2012-08-16,2012-08-30,OPTSTK,BIOCON,290.0,CE,0.0,0.0,0.0,0.55,0.05,0,0.0,0
2012-08-16,2012-08-30,OPTSTK,BIOCON,300.0,CE,0.0,0.0,0.0,0.3,0.0,0,0.0,0
2012-08-16,2012-08-30,OPTSTK,BIOCON,310.0,CE,0.0,0.0,0.0,0.2,0.0,0,0.0,0
2012-08-16,2012-08-30,OPTSTK,BIOCON,320.0,CE,0.0,0.0,0.0,0.1,0.0,0,0.0,0
2012-08-16,2012-08-30,OPTSTK,BIOCON,330.0,CE,0.0,0.0,0.0,0.1,0.0,0,0.0,0
2012-08-16,2012-08-30,OPTSTK,BIOCON,340.0,CE,0.0,0.0,0.0,0.05,0.0,0,0.0,0
2012-08-16,2012-08-30,OPTSTK,BIOCON,360.0,CE,0.0,0.0,0.0,0.05,0.0,0,0.0,0
2012-08-16,2012-08-30,OPTSTK,BIOCON,160.0,PE,0.0,0.0,0.0,0.1,0.0,0,0.0,0
2012-08-16,2012-08-30,OPTSTK,BIOCON,170.0,PE,0.0,0.0,0.0,0.25,0.0,0,0.0,0
2012-08-16,2012-08-30,OPTSTK,BIOCON,180.0,PE,0.0,0.0,0.0,0.65,0.0,0,0.0,0
2012-08-16,2012-08-30,OPTSTK,BIOCON,190.0,PE,0.0,0.0,0.0,1.55,0.0,0,0.0,0
2012-08-16,2012-08-30,OPTSTK,BIOCON,200.0,PE,0.0,0.0,0.0,3.15,0.0,0,0.0,0
2012-08-16,2012-08-30,OPTSTK,BIOCON,210.0,PE,0.0,0.0,0.0,5.8,0.05,0,0.0,0
2012-08-16,2012-08-30,OPTSTK,BIOCON,220.0,PE,0.0,0.0,0.0,0.1,0.1,0,0.0,1000
2012-08-16,2012-08-30,OPTSTK,BIOCON,230.0,PE,0.0,0.0,0.0,14.6,0.6,0,0.0,0
2012-08-16,2012-08-30,OPTSTK,BIOCON,240.0,PE,0.0,0.0,0.0,2.35,2.55,0,0.0,3000
2012-08-16,2012-08-30,OPTSTK,BIOCON,250.0,PE,0.0,0.0,0.0,28.05,7.1,0,0.0,0
2012-08-16,2012-08-30,OPTSTK,BIOCON,260.0,PE,0.0,0.0,0.0,21.0,14.35,0,0.0,1000
2012-08-16,2012-08-30,OPTSTK,BIOCON,270.0,PE,0.0,0.0,0.0,44.65,23.3,0,0.0,0
2012-08-16,2012-08-30,OPTSTK,BIOCON,280.0,PE,0.0,0.0,0.0,53.7,33.05,0,0.0,0
2012-08-16,2012-08-30,OPTSTK,BIOCON,290.0,PE,0.0,0.0,0.0,63.05,42.95,0,0.0,0
2012-08-16,2012-08-30,OPTSTK,BIOCON,300.0,PE,0.0,0.0,0.0,72.55,52.9,0,0.0,0
2012-08-16,2012-08-30,OPTSTK,BIOCON,310.0,PE,0.0,0.0,0.0,82.15,62.9,0,0.0,0
2012-08-16,2012-08-30,OPTSTK,BIOCON,320.0,PE,0.0,0.0,0.0,91.85,72.85,0,0.0,0
2012-08-16,2012-08-30,OPTSTK,BIOCON,330.0,PE,0.0,0.0,0.0,91.95,82.8,0,0.0,0
2012-08-16,2012-08-30,OPTSTK,BIOCON,340.0,PE,0.0,0.0,0.0,97.1,92.8,0,0.0,0
2012-08-16,2012-08-30,OPTSTK,BIOCON,360.0,PE,0.0,0.0,0.0,104.65,112.7,0,0.0,0
2012-08-16,2012-09-27,OPTSTK,BIOCON,160.0,CE,0.0,0.0,0.0,77.85,87.75,0,0.0,0
2012-08-16,2012-09-27,OPTSTK,BIOCON,170.0,CE,0.0,0.0,0.0,68.15,77.9,0,0.0,0
2012-08-16,2012-09-27,OPTSTK,BIOCON,180.0,CE,0.0,0.0,0.0,58.6,68.0,0,0.0,0
2012-08-16,2012-09-27,OPTSTK,BIOCON,190.0,CE,0.0,0.0,0.0,49.3,58.1,0,0.0,0
2012-08-16,2012-09-27,OPTSTK,BIOCON,200.0,CE,0.0,0.0,0.0,40.45,48.25,0,0.0,0
2012-08-16,2012-09-27,OPTSTK,BIOCON,210.0,CE,0.0,0.0,0.0,32.25,38.6,0,0.0,0
2012-08-16,2012-09-27,OPTSTK,BIOCON,220.0,CE,0.0,0.0,0.0,25.0,29.4,0,0.0,0
2012-08-16,2012-09-27,OPTSTK,BIOCON,230.0,CE,0.0,0.0,0.0,18.75,21.1,0,0.0,0
2012-08-16,2012-09-27,OPTSTK,BIOCON,240.0,CE,0.0,0.0,0.0,13.6,14.05,0,0.0,0
2012-08-16,2012-09-27,OPTSTK,BIOCON,250.0,CE,0.0,0.0,0.0,9.6,8.7,0,0.0,0
2012-08-16,2012-09-27,OPTSTK,BIOCON,260.0,CE,0.0,0.0,0.0,6.55,4.95,0,0.0,0
2012-08-16,2012-09-27,OPTSTK,BIOCON,270.0,CE,0.0,0.0,0.0,4.35,2.6,0,0.0,0
2012-08-16,2012-09-27,OPTSTK,BIOCON,280.0,CE,0.0,0.0,0.0,2.8,1.25,0,0.0,0
2012-08-16,2012-09-27,OPTSTK,BIOCON,290.0,CE,0.0,0.0,0.0,1.8,0.55,0,0.0,0
2012-08-16,2012-09-27,OPTSTK,BIOCON,300.0,CE,0.0,0.0,0.0,1.1,0.25,0,0.0,0
2012-08-16,2012-09-27,OPTSTK,BIOCON,310.0,CE,0.0,0.0,0.0,0.65,0.1,0,0.0,0
2012-08-16,2012-09-27,OPTSTK,BIOCON,320.0,CE,0.0,0.0,0.0,0.4,0.05,0,0.0,0
2012-08-16,2012-09-27,OPTSTK,BIOCON,330.0,CE,0.0,0.0,0.0,0.25,0.05,0,0.0,0
2012-08-16,2012-09-27,OPTSTK,BIOCON,340.0,CE,0.0,0.0,0.0,0.15,0.0,0,0.0,0
2012-08-16,2012-09-27,OPTSTK,BIOCON,360.0,CE,0.0,0.0,0.0,0.05,0.0,0,0.0,0
2012-08-16,2012-09-27,OPTSTK,BIOCON,160.0,PE,0.0,0.0,0.0,0.05,0.0,0,0.0,0
2012-08-16,2012-09-27,OPTSTK,BIOCON,170.0,PE,0.0,0.0,0.0,0.1,0.0,0,0.0,0
2012-08-16,2012-09-27,OPTSTK,BIOCON,180.0,PE,0.0,0.0,0.0,0.3,0.0,0,0.0,0
2012-08-16,2012-09-27,OPTSTK,BIOCON,190.0,PE,0.0,0.0,0.0,0.8,0.05,0,0.0,0
2012-08-16,2012-09-27,OPTSTK,BIOCON,200.0,PE,0.0,0.0,0.0,1.7,0.1,0,0.0,0
2012-08-16,2012-09-27,OPTSTK,BIOCON,210.0,PE,0.0,0.0,0.0,3.3,0.35,0,0.0,0
2012-08-16,2012-09-27,OPTSTK,BIOCON,220.0,PE,0.0,0.0,0.0,5.75,1.05,0,0.0,0
2012-08-16,2012-09-27,OPTSTK,BIOCON,230.0,PE,0.0,0.0,0.0,9.3,2.6,0,0.0,0
2012-08-16,2012-09-27,OPTSTK,BIOCON,240.0,PE,0.0,0.0,0.0,13.95,5.5,0,0.0,0
2012-08-16,2012-09-27,OPTSTK,BIOCON,250.0,PE,0.0,0.0,0.0,19.7,10.0,0,0.0,0
2012-08-16,2012-09-27,OPTSTK,BIOCON,260.0,PE,0.0,0.0,0.0,26.4,16.15,0,0.0,0
2012-08-16,2012-09-27,OPTSTK,BIOCON,270.0,PE,0.0,0.0,0.0,34.0,23.7,0,0.0,0
2012-08-16,2012-09-27,OPTSTK,BIOCON,280.0,PE,0.0,0.0,0.0,42.2,32.25,0,0.0,0
2012-08-16,2012-09-27,OPTSTK,BIOCON,290.0,PE,0.0,0.0,0.0,50.95,41.5,0,0.0,0
2012-08-16,2012-09-27,OPTSTK,BIOCON,300.0,PE,0.0,0.0,0.0,60.0,51.05,0,0.0,0
2012-08-16,2012-09-27,OPTSTK,BIOCON,310.0,PE,0.0,0.0,0.0,69.35,60.8,0,0.0,0
2012-08-16,2012-09-27,OPTSTK,BIOCON,320.0,PE,0.0,0.0,0.0,78.85,70.65,0,0.0,0
2012-08-16,2012-09-27,OPTSTK,BIOCON,330.0,PE,0.0,0.0,0.0,88.45,80.5,0,0.0,0
2012-08-16,2012-09-27,OPTSTK,BIOCON,340.0,PE,0.0,0.0,0.0,94.85,90.4,0,0.0,0
2012-08-16,2012-09-27,OPTSTK,BIOCON,360.0,PE,0.0,0.0,0.0,102.1,110.2,0,0.0,0
2012-08-16,2012-10-25,OPTSTK,BIOCON,160.0,CE,0.0,0.0,0.0,82.3,88.85,0,0.0,0
2012-08-16,2012-10-25,OPTSTK,BIOCON,170.0,CE,0.0,0.0,0.0,72.65,79.05,0,0.0,0
2012-08-16,2012-10-25,OPTSTK,BIOCON,180.0,CE,0.0,0.0,0.0,63.15,69.25,0,0.0,0
2012-08-16,2012-10-25,OPTSTK,BIOCON,190.0,CE,0.0,0.0,0.0,53.9,59.5,0,0.0,0
2012-08-16,2012-10-25,OPTSTK,BIOCON,200.0,CE,0.0,0.0,0.0,45.15,49.9,0,0.0,0
2012-08-16,2012-10-25,OPTSTK,BIOCON,210.0,CE,0.0,0.0,0.0,37.0,40.65,0,0.0,0
2012-08-16,2012-10-25,OPTSTK,BIOCON,220.0,CE,0.0,0.0,0.0,29.6,32.0,0,0.0,0
2012-08-16,2012-10-25,OPTSTK,BIOCON,230.0,CE,0.0,0.0,0.0,23.15,24.25,0,0.0,0
2012-08-16,2012-10-25,OPTSTK,BIOCON,240.0,CE,0.0,0.0,0.0,17.7,17.55,0,0.0,0
2012-08-16,2012-10-25,OPTSTK,BIOCON,250.0,CE,0.0,0.0,0.0,13.2,12.2,0,0.0,0
2012-08-16,2012-10-25,OPTSTK,BIOCON,260.0,CE,0.0,0.0,0.0,9.65,8.1,0,0.0,0
2012-08-16,2012-10-25,OPTSTK,BIOCON,270.0,CE,0.0,0.0,0.0,6.9,5.15,0,0.0,0
2012-08-16,2012-10-25,OPTSTK,BIOCON,280.0,CE,0.0,0.0,0.0,4.85,3.15,0,0.0,0
2012-08-16,2012-10-25,OPTSTK,BIOCON,290.0,CE,0.0,0.0,0.0,3.35,1.85,0,0.0,0
2012-08-16,2012-10-25,OPTSTK,BIOCON,300.0,CE,0.0,0.0,0.0,2.25,1.05,0,0.0,0
2012-08-16,2012-10-25,OPTSTK,BIOCON,310.0,CE,0.0,0.0,0.0,1.5,0.55,0,0.0,0
2012-08-16,2012-10-25,OPTSTK,BIOCON,320.0,CE,0.0,0.0,0.0,1.0,0.3,0,0.0,0
2012-08-16,2012-10-25,OPTSTK,BIOCON,330.0,CE,0.0,0.0,0.0,0.65,0.15,0,0.0,0
2012-08-16,2012-10-25,OPTSTK,BIOCON,340.0,CE,0.0,0.0,0.0,0.4,0.1,0,0.0,0
2012-08-16,2012-10-25,OPTSTK,BIOCON,160.0,PE,0.0,0.0,0.0,0.05,0.0,0,0.0,0
2012-08-16,2012-10-25,OPTSTK,BIOCON,170.0,PE,0.0,0.0,0.0,0.2,0.05,0,0.0,0
2012-08-16,2012-10-25,OPTSTK,BIOCON,180.0,PE,0.0,0.0,0.0,0.45,0.05,0,0.0,0
2012-08-16,2012-10-25,OPTSTK,BIOCON,190.0,PE,0.0,0.0,0.0,1.0,0.15,0,0.0,0
2012-08-16,2012-10-25,OPTSTK,BIOCON,200.0,PE,0.0,0.0,0.0,2.0,0.35,0,0.0,0
2012-08-16,2012-10-25,OPTSTK,BIOCON,210.0,PE,0.0,0.0,0.0,3.6,0.95,0,0.0,0
2012-08-16,2012-10-25,OPTSTK,BIOCON,220.0,PE,0.0,0.0,0.0,6.05,2.1,0,0.0,0
2012-08-16,2012-10-25,OPTSTK,BIOCON,230.0,PE,0.0,0.0,0.0,9.35,4.2,0,0.0,0
2012-08-16,2012-10-25,OPTSTK,BIOCON,240.0,PE,0.0,0.0,0.0,13.65,7.35,0,0.0,0
2012-08-16,2012-10-25,OPTSTK,BIOCON,250.0,PE,0.0,0.0,0.0,18.95,11.8,0,0.0,0
2012-08-16,2012-10-25,OPTSTK,BIOCON,260.0,PE,0.0,0.0,0.0,25.15,17.55,0,0.0,0
2012-08-16,2012-10-25,OPTSTK,BIOCON,270.0,PE,0.0,0.0,0.0,32.2,24.4,0,0.0,0
2012-08-16,2012-10-25,OPTSTK,BIOCON,280.0,PE,0.0,0.0,0.0,39.9,32.25,0,0.0,0
2012-08-16,2012-10-25,OPTSTK,BIOCON,290.0,PE,0.0,0.0,0.0,48.15,40.75,0,0.0,0
2012-08-16,2012-10-25,OPTSTK,BIOCON,300.0,PE,0.0,0.0,0.0,56.85,49.8,0,0.0,0
2012-08-16,2012-10-25,OPTSTK,BIOCON,310.0,PE,0.0,0.0,0.0,65.85,59.15,0,0.0,0
2012-08-16,2012-10-25,OPTSTK,BIOCON,320.0,PE,0.0,0.0,0.0,75.1,68.7,0,0.0,0
2012-08-16,2012-10-25,OPTSTK,BIOCON,330.0,PE,0.0,0.0,0.0,84.55,78.4,0,0.0,0
2012-08-16,2012-10-25,OPTSTK,BIOCON,340.0,PE,0.0,0.0,0.0,94.1,88.15,0,0.0,0
2012-08-16,2012-08-30,OPTSTK,BOMDYEING,280.0,CE,0.0,0.0,0.0,209.95,225.0,0,0.0,0
2012-08-16,2012-08-30,OPTSTK,BOMDYEING,300.0,CE,0.0,0.0,0.0,191.9,205.05,0,0.0,0
2012-08-16,2012-08-30,OPTSTK,BOMDYEING,320.0,CE,0.0,0.0,0.0,174.5,185.15,0,0.0,0
2012-08-16,2012-08-30,OPTSTK,BOMDYEING,340.0,CE,0.0,0.0,0.0,157.85,165.2,0,0.0,0
2012-08-16,2012-08-30,OPTSTK,BOMDYEING,360.0,CE,0.0,0.0,0.0,142.1,145.25,0,0.0,0
2012-08-16,2012-08-30,OPTSTK,BOMDYEING,380.0,CE,0.0,0.0,0.0,127.3,125.35,0,0.0,0
2012-08-16,2012-08-30,OPTSTK,BOMDYEING,400.0,CE,0.0,0.0,0.0,113.45,105.4,0,0.0,0
2012-08-16,2012-08-30,OPTSTK,BOMDYEING,420.0,CE,0.0,0.0,0.0,100.7,85.6,0,0.0,0
2012-08-16,2012-08-30,OPTSTK,BOMDYEING,440.0,CE,0.0,0.0,0.0,89.0,66.15,0,0.0,0
2012-08-16,2012-08-30,OPTSTK,BOMDYEING,460.0,CE,0.0,0.0,0.0,78.4,47.8,0,0.0,0
2012-08-16,2012-08-30,OPTSTK,BOMDYEING,480.0,CE,0.0,0.0,0.0,68.8,31.7,0,0.0,0
2012-08-16,2012-08-30,OPTSTK,BOMDYEING,500.0,CE,0.0,0.0,0.0,18.5,18.9,0,0.0,3000
2012-08-16,2012-08-30,OPTSTK,BOMDYEING,520.0,CE,0.0,0.0,0.0,4.95,10.1,0,0.0,5000
2012-08-16,2012-08-30,OPTSTK,BOMDYEING,540.0,CE,0.0,0.0,0.0,4.2,4.8,0,0.0,1500
2012-08-16,2012-08-30,OPTSTK,BOMDYEING,560.0,CE,0.0,0.0,0.0,39.6,2.0,0,0.0,0
2012-08-16,2012-08-30,OPTSTK,BOMDYEING,580.0,CE,0.0,0.0,0.0,34.25,0.75,0,0.0,0
2012-08-16,2012-08-30,OPTSTK,BOMDYEING,600.0,CE,0.0,0.0,0.0,29.6,0.25,0,0.0,0
2012-08-16,2012-08-30,OPTSTK,BOMDYEING,620.0,CE,0.0,0.0,0.0,25.55,0.1,0,0.0,0
2012-08-16,2012-08-30,OPTSTK,BOMDYEING,640.0,CE,0.0,0.0,0.0,22.0,0.05,0,0.0,0
2012-08-16,2012-08-30,OPTSTK,BOMDYEING,660.0,CE,0.0,0.0,0.0,18.9,0.0,0,0.0,0
2012-08-16,2012-08-30,OPTSTK,BOMDYEING,680.0,CE,0.0,0.0,0.0,16.25,0.0,0,0.0,0
2012-08-16,2012-08-30,OPTSTK,BOMDYEING,700.0,CE,0.0,0.0,0.0,11.7,0.0,0,0.0,0
2012-08-16,2012-08-30,OPTSTK,BOMDYEING,720.0,CE,0.0,0.0,0.0,10.55,0.0,0,0.0,0
2012-08-16,2012-08-30,OPTSTK,BOMDYEING,740.0,CE,0.0,0.0,0.0,8.85,0.0,0,0.0,0
2012-08-16,2012-08-30,OPTSTK,BOMDYEING,760.0,CE,0.0,0.0,0.0,7.35,0.0,0,0.0,0
2012-08-16,2012-08-30,OPTSTK,BOMDYEING,280.0,PE,0.0,0.0,0.0,2.15,0.0,0,0.0,0
2012-08-16,2012-08-30,OPTSTK,BOMDYEING,300.0,PE,0.0,0.0,0.0,3.6,0.0,0,0.0,0
2012-08-16,2012-08-30,OPTSTK,BOMDYEING,320.0,PE,0.0,0.0,0.0,5.7,0.0,0,0.0,0
2012-08-16,2012-08-30,OPTSTK,BOMDYEING,340.0,PE,0.0,0.0,0.0,8.55,0.0,0,0.0,0
2012-08-16,2012-08-30,OPTSTK,BOMDYEING,360.0,PE,0.0,0.0,0.0,12.3,0.0,0,0.0,0
2012-08-16,2012-08-30,OPTSTK,BOMDYEING,380.0,PE,0.0,0.0,0.0,17.05,0.0,0,0.0,0
2012-08-16,2012-08-30,OPTSTK,BOMDYEING,400.0,PE,0.0,0.0,0.0,22.75,0.05,0,0.0,0
2012-08-16,2012-08-30,OPTSTK,BOMDYEING,420.0,PE,0.0,0.0,0.0,29.5,0.15,0,0.0,0
2012-08-16,2012-08-30,OPTSTK,BOMDYEING,440.0,PE,0.0,0.0,0.0,37.3,0.6,0,0.0,0
2012-08-16,2012-08-30,OPTSTK,BOMDYEING,460.0,PE,0.0,0.0,0.0,46.2,2.2,0,0.0,0
2012-08-16,2012-08-30,OPTSTK,BOMDYEING,480.0,PE,0.0,0.0,0.0,56.15,6.0,0,0.0,0
2012-08-16,2012-08-30,OPTSTK,BOMDYEING,500.0,PE,0.0,0.0,0.0,10.0,13.2,0,0.0,500
2012-08-16,2012-08-30,OPTSTK,BOMDYEING,520.0,PE,0.0,0.0,0.0,78.85,24.3,0,0.0,0
2012-08-16,2012-08-30,OPTSTK,BOMDYEING,540.0,PE,0.0,0.0,0.0,91.5,38.9,0,0.0,0
2012-08-16,2012-08-30,OPTSTK,BOMDYEING,560.0,PE,0.0,0.0,0.0,105.0,56.1,0,0.0,0
2012-08-16,2012-08-30,OPTSTK,BOMDYEING,580.0,PE,0.0,0.0,0.0,119.2,74.75,0,0.0,0
2012-08-16,2012-08-30,OPTSTK,BOMDYEING,600.0,PE,0.0,0.0,0.0,134.05,94.2,0,0.0,0
2012-08-16,2012-08-30,OPTSTK,BOMDYEING,620.0,PE,0.0,0.0,0.0,149.5,113.95,0,0.0,0
2012-08-16,2012-08-30,OPTSTK,BOMDYEING,640.0,PE,0.0,0.0,0.0,165.5,133.85,0,0.0,0
2012-08-16,2012-08-30,OPTSTK,BOMDYEING,660.0,PE,0.0,0.0,0.0,181.9,153.75,0,0.0,0
2012-08-16,2012-08-30,OPTSTK,BOMDYEING,680.0,PE,0.0,0.0,0.0,198.75,173.7,0,0.0,0
2012-08-16,2012-08-30,OPTSTK,BOMDYEING,700.0,PE,0.0,0.0,0.0,200.85,193.65,0,0.0,0
2012-08-16,2012-08-30,OPTSTK,BOMDYEING,720.0,PE,0.0,0.0,0.0,212.8,213.55,0,0.0,0
2012-08-16,2012-08-30,OPTSTK,BOMDYEING,740.0,PE,0.0,0.0,0.0,230.65,233.5,0,0.0,0
2012-08-16,2012-08-30,OPTSTK,BOMDYEING,760.0,PE,0.0,0.0,0.0,248.8,253.45,0,0.0,0
2012-08-16,2012-09-27,OPTSTK,BOMDYEING,280.0,CE,0.0,0.0,0.0,246.25,226.95,0,0.0,0
2012-08-16,2012-09-27,OPTSTK,BOMDYEING,300.0,CE,0.0,0.0,0.0,226.9,207.15,0,0.0,0
2012-08-16,2012-09-27,OPTSTK,BOMDYEING,320.0,CE,0.0,0.0,0.0,207.7,187.4,0,0.0,0
2012-08-16,2012-09-27,OPTSTK,BOMDYEING,340.0,CE,0.0,0.0,0.0,188.85,167.6,0,0.0,0
2012-08-16,2012-09-27,OPTSTK,BOMDYEING,360.0,CE,0.0,0.0,0.0,170.4,147.9,0,0.0,0
2012-08-16,2012-09-27,OPTSTK,BOMDYEING,380.0,CE,0.0,0.0,0.0,152.5,128.35,0,0.0,0
2012-08-16,2012-09-27,OPTSTK,BOMDYEING,400.0,CE,0.0,0.0,0.0,135.4,109.2,0,0.0,0
2012-08-16,2012-09-27,OPTSTK,BOMDYEING,420.0,CE,0.0,0.0,0.0,119.25,90.7,0,0.0,0
2012-08-16,2012-09-27,OPTSTK,BOMDYEING,440.0,CE,0.0,0.0,0.0,104.15,73.4,0,0.0,0
2012-08-16,2012-09-27,OPTSTK,BOMDYEING,460.0,CE,0.0,0.0,0.0,90.15,57.6,0,0.0,0
2012-08-16,2012-09-27,OPTSTK,BOMDYEING,480.0,CE,0.0,0.0,0.0,77.4,43.8,0,0.0,0
2012-08-16,2012-09-27,OPTSTK,BOMDYEING,500.0,CE,0.0,0.0,0.0,66.0,32.25,0,0.0,0
2012-08-16,2012-09-27,OPTSTK,BOMDYEING,520.0,CE,0.0,0.0,0.0,55.8,23.0,0,0.0,0
2012-08-16,2012-09-27,OPTSTK,BOMDYEING,540.0,CE,0.0,0.0,0.0,46.85,15.85,0,0.0,0
2012-08-16,2012-09-27,OPTSTK,BOMDYEING,560.0,CE,0.0,0.0,0.0,39.1,10.6,0,0.0,0
2012-08-16,2012-09-27,OPTSTK,BOMDYEING,580.0,CE,0.0,0.0,0.0,32.4,6.85,0,0.0,0
2012-08-16,2012-09-27,OPTSTK,BOMDYEING,600.0,CE,0.0,0.0,0.0,26.7,4.35,0,0.0,0
2012-08-16,2012-09-27,OPTSTK,BOMDYEING,620.0,CE,0.0,0.0,0.0,21.9,2.65,0,0.0,0
2012-08-16,2012-09-27,OPTSTK,BOMDYEING,640.0,CE,0.0,0.0,0.0,17.85,1.6,0,0.0,0
2012-08-16,2012-09-27,OPTSTK,BOMDYEING,660.0,CE,0.0,0.0,0.0,14.45,0.95,0,0.0,0
2012-08-16,2012-09-27,OPTSTK,BOMDYEING,680.0,CE,0.0,0.0,0.0,11.7,0.55,0,0.0,0
2012-08-16,2012-09-27,OPTSTK,BOMDYEING,700.0,CE,0.0,0.0,0.0,9.4,0.3,0,0.0,0
2012-08-16,2012-09-27,OPTSTK,BOMDYEING,720.0,CE,0.0,0.0,0.0,7.55,0.2,0,0.0,0
2012-08-16,2012-09-27,OPTSTK,BOMDYEING,740.0,CE,0.0,0.0,0.0,6.0,0.1,0,0.0,0
2012-08-16,2012-09-27,OPTSTK,BOMDYEING,760.0,CE,0.0,0.0,0.0,4.8,0.05,0,0.0,0
2012-08-16,2012-09-27,OPTSTK,BOMDYEING,280.0,PE,0.0,0.0,0.0,0.15,0.0,0,0.0,0
2012-08-16,2012-09-27,OPTSTK,BOMDYEING,300.0,PE,0.0,0.0,0.0,0.3,0.0,0,0.0,0
2012-08-16,2012-09-27,OPTSTK,BOMDYEING,320.0,PE,0.0,0.0,0.0,0.65,0.05,0,0.0,0
2012-08-16,2012-09-27,OPTSTK,BOMDYEING,340.0,PE,0.0,0.0,0.0,1.3,0.05,0,0.0,0
2012-08-16,2012-09-27,OPTSTK,BOMDYEING,360.0,PE,0.0,0.0,0.0,2.4,0.15,0,0.0,0
2012-08-16,2012-09-27,OPTSTK,BOMDYEING,380.0,PE,0.0,0.0,0.0,4.1,0.4,0,0.0,0
2012-08-16,2012-09-27,OPTSTK,BOMDYEING,400.0,PE,0.0,0.0,0.0,6.5,1.0,0,0.0,0
2012-08-16,2012-09-27,OPTSTK,BOMDYEING,420.0,PE,0.0,0.0,0.0,9.85,2.35,0,0.0,0
2012-08-16,2012-09-27,OPTSTK,BOMDYEING,440.0,PE,0.0,0.0,0.0,14.3,4.8,0,0.0,0
2012-08-16,2012-09-27,OPTSTK,BOMDYEING,460.0,PE,0.0,0.0,0.0,19.85,8.8,0,0.0,0
2012-08-16,2012-09-27,OPTSTK,BOMDYEING,480.0,PE,0.0,0.0,0.0,26.65,14.8,0,0.0,0
2012-08-16,2012-09-27,OPTSTK,BOMDYEING,500.0,PE,0.0,0.0,0.0,34.75,23.05,0,0.0,0
2012-08-16,2012-09-27,OPTSTK,BOMDYEING,520.0,PE,0.0,0.0,0.0,44.1,33.55,0,0.0,0
2012-08-16,2012-09-27,OPTSTK,BOMDYEING,540.0,PE,0.0,0.0,0.0,54.7,46.2,0,0.0,0
2012-08-16,2012-09-27,OPTSTK,BOMDYEING,560.0,PE,0.0,0.0,0.0,66.45,60.75,0,0.0,0
2012-08-16,2012-09-27,OPTSTK,BOMDYEING,580.0,PE,0.0,0.0,0.0,79.3,76.8,0,0.0,0
2012-08-16,2012-09-27,OPTSTK,BOMDYEING,600.0,PE,0.0,0.0,0.0,93.15,94.05,0,0.0,0
2012-08-16,2012-09-27,OPTSTK,BOMDYEING,620.0,PE,0.0,0.0,0.0,107.85,112.2,0,0.0,0
2012-08-16,2012-09-27,OPTSTK,BOMDYEING,640.0,PE,0.0,0.0,0.0,123.35,130.9,0,0.0,0
2012-08-16,2012-09-27,OPTSTK,BOMDYEING,660.0,PE,0.0,0.0,0.0,139.5,150.05,0,0.0,0
2012-08-16,2012-09-27,OPTSTK,BOMDYEING,680.0,PE,0.0,0.0,0.0,156.25,169.45,0,0.0,0
2012-08-16,2012-09-27,OPTSTK,BOMDYEING,700.0,PE,0.0,0.0,0.0,173.5,189.0,0,0.0,0
2012-08-16,2012-09-27,OPTSTK,BOMDYEING,720.0,PE,0.0,0.0,0.0,191.2,208.7,0,0.0,0
2012-08-16,2012-09-27,OPTSTK,BOMDYEING,740.0,PE,0.0,0.0,0.0,209.2,228.4,0,0.0,0
2012-08-16,2012-09-27,OPTSTK,BOMDYEING,760.0,PE,0.0,0.0,0.0,227.5,248.15,0,0.0,0
2012-08-16,2012-08-30,OPTSTK,BOSCHLTD,7700.0,CE,0.0,0.0,0.0,1219.15,1013.6,0,0.0,0
2012-08-16,2012-08-30,OPTSTK,BOSCHLTD,7750.0,CE,0.0,0.0,0.0,1176.65,963.8,0,0.0,0
2012-08-16,2012-08-30,OPTSTK,BOSCHLTD,7800.0,CE,0.0,0.0,0.0,1134.7,914.0,0,0.0,0
2012-08-16,2012-08-30,OPTSTK,BOSCHLTD,7850.0,CE,0.0,0.0,0.0,1093.4,864.25,0,0.0,0
2012-08-16,2012-08-30,OPTSTK,BOSCHLTD,7900.0,CE,0.0,0.0,0.0,1052.7,814.55,0,0.0,0
2012-08-16,2012-08-30,OPTSTK,BOSCHLTD,7950.0,CE,0.0,0.0,0.0,1012.65,765.0,0,0.0,0
2012-08-16,2012-08-30,OPTSTK,BOSCHLTD,8000.0,CE,0.0,0.0,0.0,973.35,715.55,0,0.0,0
2012-08-16,2012-08-30,OPTSTK,BOSCHLTD,8050.0,CE,0.0,0.0,0.0,934.7,666.4,0,0.0,0
2012-08-16,2012-08-30,OPTSTK,BOSCHLTD,8100.0,CE,0.0,0.0,0.0,896.85,617.55,0,0.0,0
2012-08-16,2012-08-30,OPTSTK,BOSCHLTD,8150.0,CE,0.0,0.0,0.0,859.75,569.15,0,0.0,0
2012-08-16,2012-08-30,OPTSTK,BOSCHLTD,8200.0,CE,0.0,0.0,0.0,823.75,521.45,0,0.0,0
2012-08-16,2012-08-30,OPTSTK,BOSCHLTD,8250.0,CE,0.0,0.0,0.0,788.2,474.55,0,0.0,0
2012-08-16,2012-08-30,OPTSTK,BOSCHLTD,8300.0,CE,0.0,0.0,0.0,753.2,428.8,0,0.0,0
2012-08-16,2012-08-30,OPTSTK,BOSCHLTD,8350.0,CE,0.0,0.0,0.0,719.45,384.4,0,0.0,0
2012-08-16,2012-08-30,OPTSTK,BOSCHLTD,8400.0,CE,0.0,0.0,0.0,686.55,341.65,0,0.0,0
2012-08-16,2012-08-30,OPTSTK,BOSCHLTD,8450.0,CE,0.0,0.0,0.0,654.55,300.9,0,0.0,0
2012-08-16,2012-08-30,OPTSTK,BOSCHLTD,8500.0,CE,0.0,0.0,0.0,623.5,262.4,0,0.0,0
2012-08-16,2012-08-30,OPTSTK,BOSCHLTD,8550.0,CE,0.0,0.0,0.0,593.3,226.35,0,0.0,0
2012-08-16,2012-08-30,OPTSTK,BOSCHLTD,8600.0,CE,0.0,0.0,0.0,564.1,193.2,0,0.0,0
2012-08-16,2012-08-30,OPTSTK,BOSCHLTD,8650.0,CE,0.0,0.0,0.0,535.8,162.95,0,0.0,0
2012-08-16,2012-08-30,OPTSTK,BOSCHLTD,8700.0,CE,0.0,0.0,0.0,508.4,135.8,0,0.0,0
2012-08-16,2012-08-30,OPTSTK,BOSCHLTD,8750.0,CE,0.0,0.0,0.0,481.95,111.75,0,0.0,0
2012-08-16,2012-08-30,OPTSTK,BOSCHLTD,8800.0,CE,0.0,0.0,0.0,456.45,90.75,0,0.0,0
2012-08-16,2012-08-30,OPTSTK,BOSCHLTD,8850.0,CE,0.0,0.0,0.0,431.85,72.7,0,0.0,0
2012-08-16,2012-08-30,OPTSTK,BOSCHLTD,8900.0,CE,0.0,0.0,0.0,408.25,57.45,0,0.0,0
2012-08-16,2012-08-30,OPTSTK,BOSCHLTD,8950.0,CE,0.0,0.0,0.0,385.5,44.85,0,0.0,0
2012-08-16,2012-08-30,OPTSTK,BOSCHLTD,9000.0,CE,0.0,0.0,0.0,363.7,34.45,0,0.0,0
2012-08-16,2012-08-30,OPTSTK,BOSCHLTD,9050.0,CE,0.0,0.0,0.0,342.8,26.1,0,0.0,0
2012-08-16,2012-08-30,OPTSTK,BOSCHLTD,9100.0,CE,0.0,0.0,0.0,322.8,19.45,0,0.0,0
2012-08-16,2012-08-30,OPTSTK,BOSCHLTD,9150.0,CE,0.0,0.0,0.0,303.65,14.3,0,0.0,0
2012-08-16,2012-08-30,OPTSTK,BOSCHLTD,9200.0,CE,0.0,0.0,0.0,285.4,10.35,0,0.0,0
2012-08-16,2012-08-30,OPTSTK,BOSCHLTD,9250.0,CE,0.0,0.0,0.0,267.95,7.4,0,0.0,0
2012-08-16,2012-08-30,OPTSTK,BOSCHLTD,9300.0,CE,0.0,0.0,0.0,251.35,5.2,0,0.0,0
2012-08-16,2012-08-30,OPTSTK,BOSCHLTD,9350.0,CE,0.0,0.0,0.0,235.5,3.6,0,0.0,0
2012-08-16,2012-08-30,OPTSTK,BOSCHLTD,9400.0,CE,0.0,0.0,0.0,220.5,2.45,0,0.0,0
2012-08-16,2012-08-30,OPTSTK,BOSCHLTD,9450.0,CE,0.0,0.0,0.0,206.25,1.65,0,0.0,0
2012-08-16,2012-08-30,OPTSTK,BOSCHLTD,9500.0,CE,0.0,0.0,0.0,192.7,1.1,0,0.0,0
2012-08-16,2012-08-30,OPTSTK,BOSCHLTD,9550.0,CE,0.0,0.0,0.0,179.9,0.7,0,0.0,0
2012-08-16,2012-08-30,OPTSTK,BOSCHLTD,9600.0,CE,0.0,0.0,0.0,168.25,0.45,0,0.0,0
2012-08-16,2012-08-30,OPTSTK,BOSCHLTD,9650.0,CE,0.0,0.0,0.0,156.85,0.3,0,0.0,0
2012-08-16,2012-08-30,OPTSTK,BOSCHLTD,9700.0,CE,0.0,0.0,0.0,145.75,0.2,0,0.0,0
2012-08-16,2012-08-30,OPTSTK,BOSCHLTD,7700.0,PE,0.0,0.0,0.0,51.7,0.05,0,0.0,0
2012-08-16,2012-08-30,OPTSTK,BOSCHLTD,7750.0,PE,0.0,0.0,0.0,58.0,0.1,0,0.0,0
2012-08-16,2012-08-30,OPTSTK,BOSCHLTD,7800.0,PE,0.0,0.0,0.0,64.85,0.15,0,0.0,0
2012-08-16,2012-08-30,OPTSTK,BOSCHLTD,7850.0,PE,0.0,0.0,0.0,72.35,0.2,0,0.0,0
2012-08-16,2012-08-30,OPTSTK,BOSCHLTD,7900.0,PE,0.0,0.0,0.0,80.45,0.35,0,0.0,0
2012-08-16,2012-08-30,OPTSTK,BOSCHLTD,7950.0,PE,0.0,0.0,0.0,89.2,0.6,0,0.0,0
2012-08-16,2012-08-30,OPTSTK,BOSCHLTD,8000.0,PE,0.0,0.0,0.0,98.65,1.05,0,0.0,0
2012-08-16,2012-08-30,OPTSTK,BOSCHLTD,8050.0,PE,0.0,0.0,0.0,108.85,1.65,0,0.0,0
2012-08-16,2012-08-30,OPTSTK,BOSCHLTD,8100.0,PE,0.0,0.0,0.0,119.8,2.65,0,0.0,0
2012-08-16,2012-08-30,OPTSTK,BOSCHLTD,8150.0,PE,0.0,0.0,0.0,131.5,4.1,0,0.0,0
2012-08-16,2012-08-30,OPTSTK,BOSCHLTD,8200.0,PE,0.0,0.0,0.0,144.25,6.2,0,0.0,0
2012-08-16,2012-08-30,OPTSTK,BOSCHLTD,8250.0,PE,0.0,0.0,0.0,157.55,9.2,0,0.0,0
2012-08-16,2012-08-30,OPTSTK,BOSCHLTD,8300.0,PE,0.0,0.0,0.0,171.3,13.25,0,0.0,0
2012-08-16,2012-08-30,OPTSTK,BOSCHLTD,8350.0,PE,0.0,0.0,0.0,186.35,18.65,0,0.0,0
2012-08-16,2012-08-30,OPTSTK,BOSCHLTD,8400.0,PE,0.0,0.0,0.0,202.25,25.75,0,0.0,0
2012-08-16,2012-08-30,OPTSTK,BOSCHLTD,8450.0,PE,0.0,0.0,0.0,219.05,34.85,0,0.0,0
2012-08-16,2012-08-30,OPTSTK,BOSCHLTD,8500.0,PE,0.0,0.0,0.0,236.8,46.15,0,0.0,0
2012-08-16,2012-08-30,OPTSTK,BOSCHLTD,8550.0,PE,0.0,0.0,0.0,255.4,60.0,0,0.0,0
2012-08-16,2012-08-30,OPTSTK,BOSCHLTD,8600.0,PE,0.0,0.0,0.0,275.0,76.65,0,0.0,0
2012-08-16,2012-08-30,OPTSTK,BOSCHLTD,8650.0,PE,0.0,0.0,0.0,295.45,96.25,0,0.0,0
2012-08-16,2012-08-30,OPTSTK,BOSCHLTD,8700.0,PE,0.0,0.0,0.0,316.9,118.95,0,0.0,0
2012-08-16,2012-08-30,OPTSTK,BOSCHLTD,8750.0,PE,0.0,0.0,0.0,339.25,144.65,0,0.0,0
2012-08-16,2012-08-30,OPTSTK,BOSCHLTD,8800.0,PE,0.0,0.0,0.0,362.55,173.5,0,0.0,0
2012-08-16,2012-08-30,OPTSTK,BOSCHLTD,8850.0,PE,0.0,0.0,0.0,386.75,205.3,0,0.0,0
2012-08-16,2012-08-30,OPTSTK,BOSCHLTD,8900.0,PE,0.0,0.0,0.0,411.9,239.9,0,0.0,0
2012-08-16,2012-08-30,OPTSTK,BOSCHLTD,8950.0,PE,0.0,0.0,0.0,437.95,277.1,0,0.0,0
2012-08-16,2012-08-30,OPTSTK,BOSCHLTD,9000.0,PE,0.0,0.0,0.0,464.95,316.55,0,0.0,0
2012-08-16,2012-08-30,OPTSTK,BOSCHLTD,9050.0,PE,0.0,0.0,0.0,492.85,358.05,0,0.0,0
2012-08-16,2012-08-30,OPTSTK,BOSCHLTD,9100.0,PE,0.0,0.0,0.0,521.65,401.25,0,0.0,0
2012-08-16,2012-08-30,OPTSTK,BOSCHLTD,9150.0,PE,0.0,0.0,0.0,551.3,445.95,0,0.0,0
2012-08-16,2012-08-30,OPTSTK,BOSCHLTD,9200.0,PE,0.0,0.0,0.0,581.8,491.8,0,0.0,0
2012-08-16,2012-08-30,OPTSTK,BOSCHLTD,9250.0,PE,0.0,0.0,0.0,613.15,538.7,0,0.0,0
2012-08-16,2012-08-30,OPTSTK,BOSCHLTD,9300.0,PE,0.0,0.0,0.0,645.35,586.3,0,0.0,0
2012-08-16,2012-08-30,OPTSTK,BOSCHLTD,9350.0,PE,0.0,0.0,0.0,678.35,634.55,0,0.0,0
2012-08-16,2012-08-30,OPTSTK,BOSCHLTD,9400.0,PE,0.0,0.0,0.0,712.1,683.25,0,0.0,0
2012-08-16,2012-08-30,OPTSTK,BOSCHLTD,9450.0,PE,0.0,0.0,0.0,746.65,732.25,0,0.0,0
2012-08-16,2012-08-30,OPTSTK,BOSCHLTD,9500.0,PE,0.0,0.0,0.0,781.9,781.55,0,0.0,0
2012-08-16,2012-08-30,OPTSTK,BOSCHLTD,9550.0,PE,0.0,0.0,0.0,817.9,831.0,0,0.0,0
2012-08-16,2012-08-30,OPTSTK,BOSCHLTD,9600.0,PE,0.0,0.0,0.0,855.05,880.6,0,0.0,0
2012-08-16,2012-08-30,OPTSTK,BOSCHLTD,9650.0,PE,0.0,0.0,0.0,892.45,930.25,0,0.0,0
2012-08-16,2012-08-30,OPTSTK,BOSCHLTD,9700.0,PE,0.0,0.0,0.0,930.15,979.95,0,0.0,0
2012-08-16,2012-09-27,OPTSTK,BOSCHLTD,7750.0,CE,0.0,0.0,0.0,1217.4,1022.85,0,0.0,0
2012-08-16,2012-09-27,OPTSTK,BOSCHLTD,7800.0,CE,0.0,0.0,0.0,1173.05,974.9,0,0.0,0
2012-08-16,2012-09-27,OPTSTK,BOSCHLTD,7850.0,CE,0.0,0.0,0.0,1129.25,927.3,0,0.0,0
2012-08-16,2012-09-27,OPTSTK,BOSCHLTD,7900.0,CE,0.0,0.0,0.0,1086.0,880.15,0,0.0,0
2012-08-16,2012-09-27,OPTSTK,BOSCHLTD,7950.0,CE,0.0,0.0,0.0,1043.3,833.5,0,0.0,0
2012-08-16,2012-09-27,OPTSTK,BOSCHLTD,8000.0,CE,0.0,0.0,0.0,1001.3,787.5,0,0.0,0
2012-08-16,2012-09-27,OPTSTK,BOSCHLTD,8050.0,CE,0.0,0.0,0.0,959.95,742.2,0,0.0,0
2012-08-16,2012-09-27,OPTSTK,BOSCHLTD,8100.0,CE,0.0,0.0,0.0,919.3,697.65,0,0.0,0
2012-08-16,2012-09-27,OPTSTK,BOSCHLTD,8150.0,CE,0.0,0.0,0.0,879.45,654.05,0,0.0,0
2012-08-16,2012-09-27,OPTSTK,BOSCHLTD,8200.0,CE,0.0,0.0,0.0,840.35,611.4,0,0.0,0
2012-08-16,2012-09-27,OPTSTK,BOSCHLTD,8250.0,CE,0.0,0.0,0.0,802.1,569.9,0,0.0,0
2012-08-16,2012-09-27,OPTSTK,BOSCHLTD,8300.0,CE,0.0,0.0,0.0,764.65,529.55,0,0.0,0
2012-08-16,2012-09-27,OPTSTK,BOSCHLTD,8350.0,CE,0.0,0.0,0.0,728.45,490.55,0,0.0,0
2012-08-16,2012-09-27,OPTSTK,BOSCHLTD,8400.0,CE,0.0,0.0,0.0,692.8,453.25,0,0.0,0
2012-08-16,2012-09-27,OPTSTK,BOSCHLTD,8450.0,CE,0.0,0.0,0.0,657.75,416.65,0,0.0,0
2012-08-16,2012-09-27,OPTSTK,BOSCHLTD,8500.0,CE,0.0,0.0,0.0,624.1,382.05,0,0.0,0
2012-08-16,2012-09-27,OPTSTK,BOSCHLTD,8550.0,CE,0.0,0.0,0.0,591.45,349.1,0,0.0,0
2012-08-16,2012-09-27,OPTSTK,BOSCHLTD,8600.0,CE,0.0,0.0,0.0,559.8,317.85,0,0.0,0
2012-08-16,2012-09-27,OPTSTK,BOSCHLTD,8650.0,CE,0.0,0.0,0.0,529.15,288.3,0,0.0,0
2012-08-16,2012-09-27,OPTSTK,BOSCHLTD,8700.0,CE,0.0,0.0,0.0,499.6,260.5,0,0.0,0
2012-08-16,2012-09-27,OPTSTK,BOSCHLTD,8750.0,CE,0.0,0.0,0.0,471.05,234.5,0,0.0,0
2012-08-16,2012-09-27,OPTSTK,BOSCHLTD,8800.0,CE,0.0,0.0,0.0,443.6,210.25,0,0.0,0
2012-08-16,2012-09-27,OPTSTK,BOSCHLTD,8850.0,CE,0.0,0.0,0.0,417.2,187.75,0,0.0,0
2012-08-16,2012-09-27,OPTSTK,BOSCHLTD,8900.0,CE,0.0,0.0,0.0,391.9,167.0,0,0.0,0
2012-08-16,2012-09-27,OPTSTK,BOSCHLTD,8950.0,CE,0.0,0.0,0.0,367.55,147.95,0,0.0,0
2012-08-16,2012-09-27,OPTSTK,BOSCHLTD,9000.0,CE,0.0,0.0,0.0,344.35,130.5,0,0.0,0
2012-08-16,2012-09-27,OPTSTK,BOSCHLTD,9050.0,CE,0.0,0.0,0.0,322.2,114.65,0,0.0,0
2012-08-16,2012-09-27,OPTSTK,BOSCHLTD,9100.0,CE,0.0,0.0,0.0,301.05,100.3,0,0.0,0
2012-08-16,2012-09-27,OPTSTK,BOSCHLTD,9150.0,CE,0.0,0.0,0.0,280.95,87.8,0,0.0,0
2012-08-16,2012-09-27,OPTSTK,BOSCHLTD,9200.0,CE,0.0,0.0,0.0,261.8,75.95,0,0.0,0
2012-08-16,2012-09-27,OPTSTK,BOSCHLTD,9250.0,CE,0.0,0.0,0.0,243.65,65.65,0,0.0,0
2012-08-16,2012-09-27,OPTSTK,BOSCHLTD,9300.0,CE,0.0,0.0,0.0,226.5,56.5,0,0.0,0
2012-08-16,2012-09-27,OPTSTK,BOSCHLTD,9350.0,CE,0.0,0.0,0.0,210.25,48.4,0,0.0,0
2012-08-16,2012-09-27,OPTSTK,BOSCHLTD,9400.0,CE,0.0,0.0,0.0,194.9,41.3,0,0.0,0
2012-08-16,2012-09-27,OPTSTK,BOSCHLTD,9450.0,CE,0.0,0.0,0.0,180.45,35.1,0,0.0,0
2012-08-16,2012-09-27,OPTSTK,BOSCHLTD,9500.0,CE,0.0,0.0,0.0,166.85,29.7,0,0.0,0
2012-08-16,2012-09-27,OPTSTK,BOSCHLTD,9550.0,CE,0.0,0.0,0.0,154.45,25.0,0,0.0,0
2012-08-16,2012-09-27,OPTSTK,BOSCHLTD,9600.0,CE,0.0,0.0,0.0,142.55,21.0,0,0.0,0
2012-08-16,2012-09-27,OPTSTK,BOSCHLTD,9650.0,CE,0.0,0.0,0.0,131.4,17.55,0,0.0,0
2012-08-16,2012-09-27,OPTSTK,BOSCHLTD,9700.0,CE,0.0,0.0,0.0,120.55,14.6,0,0.0,0
2012-08-16,2012-09-27,OPTSTK,BOSCHLTD,7750.0,PE,0.0,0.0,0.0,30.1,4.95,0,0.0,0
2012-08-16,2012-09-27,OPTSTK,BOSCHLTD,7800.0,PE,0.0,0.0,0.0,34.6,6.45,0,0.0,0
2012-08-16,2012-09-27,OPTSTK,BOSCHLTD,7850.0,PE,0.0,0.0,0.0,39.6,8.35,0,0.0,0
2012-08-16,2012-09-27,OPTSTK,BOSCHLTD,7900.0,PE,0.0,0.0,0.0,45.2,10.7,0,0.0,0
2012-08-16,2012-09-27,OPTSTK,BOSCHLTD,7950.0,PE,0.0,0.0,0.0,51.35,13.55,0,0.0,0
2012-08-16,2012-09-27,OPTSTK,BOSCHLTD,8000.0,PE,0.0,0.0,0.0,58.15,17.0,0,0.0,0
2012-08-16,2012-09-27,OPTSTK,BOSCHLTD,8050.0,PE,0.0,0.0,0.0,65.65,21.2,0,0.0,0
2012-08-16,2012-09-27,OPTSTK,BOSCHLTD,8100.0,PE,0.0,0.0,0.0,73.85,26.15,0,0.0,0
2012-08-16,2012-09-27,OPTSTK,BOSCHLTD,8150.0,PE,0.0,0.0,0.0,82.8,32.0,0,0.0,0
2012-08-16,2012-09-27,OPTSTK,BOSCHLTD,8200.0,PE,0.0,0.0,0.0,92.55,38.85,0,0.0,0
2012-08-16,2012-09-27,OPTSTK,BOSCHLTD,8250.0,PE,0.0,0.0,0.0,103.15,46.8,0,0.0,0
2012-08-16,2012-09-27,OPTSTK,BOSCHLTD,8300.0,PE,0.0,0.0,0.0,114.55,55.95,0,0.0,0
2012-08-16,2012-09-27,OPTSTK,BOSCHLTD,8350.0,PE,0.0,0.0,0.0,127.15,66.4,0,0.0,0
2012-08-16,2012-09-27,OPTSTK,BOSCHLTD,8400.0,PE,0.0,0.0,0.0,140.35,78.6,0,0.0,0
2012-08-16,2012-09-27,OPTSTK,BOSCHLTD,8450.0,PE,0.0,0.0,0.0,154.15,91.5,0,0.0,0
2012-08-16,2012-09-27,OPTSTK,BOSCHLTD,8500.0,PE,0.0,0.0,0.0,169.35,106.4,0,0.0,0
2012-08-16,2012-09-27,OPTSTK,BOSCHLTD,8550.0,PE,0.0,0.0,0.0,185.5,122.95,0,0.0,0
2012-08-16,2012-09-27,OPTSTK,BOSCHLTD,8600.0,PE,0.0,0.0,0.0,202.7,141.15,0,0.0,0
2012-08-16,2012-09-27,OPTSTK,BOSCHLTD,8650.0,PE,0.0,0.0,0.0,220.9,161.1,0,0.0,0
2012-08-16,2012-09-27,OPTSTK,BOSCHLTD,8700.0,PE,0.0,0.0,0.0,240.15,182.8,0,0.0,0
2012-08-16,2012-09-27,OPTSTK,BOSCHLTD,8750.0,PE,0.0,0.0,0.0,260.5,206.25,0,0.0,0
2012-08-16,2012-09-27,OPTSTK,BOSCHLTD,8800.0,PE,0.0,0.0,0.0,281.85,231.45,0,0.0,0
2012-08-16,2012-09-27,OPTSTK,BOSCHLTD,8850.0,PE,0.0,0.0,0.0,304.3,258.45,0,0.0,0
2012-08-16,2012-09-27,OPTSTK,BOSCHLTD,8900.0,PE,0.0,0.0,0.0,327.8,287.2,0,0.0,0
2012-08-16,2012-09-27,OPTSTK,BOSCHLTD,8950.0,PE,0.0,0.0,0.0,352.35,317.6,0,0.0,0
2012-08-16,2012-09-27,OPTSTK,BOSCHLTD,9000.0,PE,0.0,0.0,0.0,377.95,349.7,0,0.0,0
2012-08-16,2012-09-27,OPTSTK,BOSCHLTD,9050.0,PE,0.0,0.0,0.0,404.65,383.3,0,0.0,0
2012-08-16,2012-09-27,OPTSTK,BOSCHLTD,9100.0,PE,0.0,0.0,0.0,432.35,418.45,0,0.0,0
2012-08-16,2012-09-27,OPTSTK,BOSCHLTD,9150.0,PE,0.0,0.0,0.0,461.05,455.4,0,0.0,0
2012-08-16,2012-09-27,OPTSTK,BOSCHLTD,9200.0,PE,0.0,0.0,0.0,490.75,493.05,0,0.0,0
2012-08-16,2012-09-27,OPTSTK,BOSCHLTD,9250.0,PE,0.0,0.0,0.0,521.45,532.2,0,0.0,0
2012-08-16,2012-09-27,OPTSTK,BOSCHLTD,9300.0,PE,0.0,0.0,0.0,553.1,572.55,0,0.0,0
2012-08-16,2012-09-27,OPTSTK,BOSCHLTD,9350.0,PE,0.0,0.0,0.0,585.7,613.95,0,0.0,0
2012-08-16,2012-09-27,OPTSTK,BOSCHLTD,9400.0,PE,0.0,0.0,0.0,619.2,656.35,0,0.0,0
2012-08-16,2012-09-27,OPTSTK,BOSCHLTD,9450.0,PE,0.0,0.0,0.0,653.6,699.6,0,0.0,0
2012-08-16,2012-09-27,OPTSTK,BOSCHLTD,9500.0,PE,0.0,0.0,0.0,688.8,743.7,0,0.0,0
2012-08-16,2012-09-27,OPTSTK,BOSCHLTD,9550.0,PE,0.0,0.0,0.0,725.25,788.5,0,0.0,0
2012-08-16,2012-09-27,OPTSTK,BOSCHLTD,9600.0,PE,0.0,0.0,0.0,762.2,833.95,0,0.0,0
2012-08-16,2012-09-27,OPTSTK,BOSCHLTD,9650.0,PE,0.0,0.0,0.0,799.9,880.0,0,0.0,0
2012-08-16,2012-09-27,OPTSTK,BOSCHLTD,9700.0,PE,0.0,0.0,0.0,837.85,926.5,0,0.0,0
2012-08-16,2012-08-30,OPTSTK,BPCL,150.0,CE,0.0,0.0,0.0,404.9,194.35,0,0.0,0
2012-08-16,2012-08-30,OPTSTK,BPCL,160.0,CE,0.0,0.0,0.0,385.4,184.4,0,0.0,0
2012-08-16,2012-08-30,OPTSTK,BPCL,170.0,CE,0.0,0.0,0.0,365.85,174.45,0,0.0,0
2012-08-16,2012-08-30,OPTSTK,BPCL,180.0,CE,0.0,0.0,0.0,346.35,164.45,0,0.0,0
2012-08-16,2012-08-30,OPTSTK,BPCL,190.0,CE,0.0,0.0,0.0,326.8,154.5,0,0.0,0
2012-08-16,2012-08-30,OPTSTK,BPCL,200.0,CE,0.0,0.0,0.0,307.3,144.55,0,0.0,0
2012-08-16,2012-08-30,OPTSTK,BPCL,210.0,CE,0.0,0.0,0.0,287.8,134.55,0,0.0,0
2012-08-16,2012-08-30,OPTSTK,BPCL,220.0,CE,0.0,0.0,0.0,268.3,124.6,0,0.0,0
2012-08-16,2012-08-30,OPTSTK,BPCL,230.0,CE,0.0,0.0,0.0,248.85,114.65,0,0.0,0
2012-08-16,2012-08-30,OPTSTK,BPCL,240.0,CE,0.0,0.0,0.0,229.45,104.65,0,0.0,0
2012-08-16,2012-08-30,OPTSTK,BPCL,250.0,CE,0.0,0.0,0.0,210.2,94.7,0,0.0,0
2012-08-16,2012-08-30,OPTSTK,BPCL,260.0,CE,0.0,0.0,0.0,191.2,84.75,0,0.0,0
2012-08-16,2012-08-30,OPTSTK,BPCL,270.0,CE,0.0,0.0,0.0,172.5,74.75,0,0.0,0
2012-08-16,2012-08-30,OPTSTK,BPCL,280.0,CE,0.0,0.0,0.0,154.25,64.8,0,0.0,0
2012-08-16,2012-08-30,OPTSTK,BPCL,290.0,CE,0.0,0.0,0.0,136.65,54.9,0,0.0,0
2012-08-16,2012-08-30,OPTSTK,BPCL,300.0,CE,0.0,0.0,0.0,119.85,45.05,0,0.0,0
2012-08-16,2012-08-30,OPTSTK,BPCL,310.0,CE,0.0,0.0,0.0,104.05,35.45,0,0.0,0
2012-08-16,2012-08-30,OPTSTK,BPCL,320.0,CE,0.0,0.0,0.0,89.35,26.5,0,0.0,0
2012-08-16,2012-08-30,OPTSTK,BPCL,330.0,CE,0.0,0.0,0.0,20.0,18.55,0,0.0,6000
2012-08-16,2012-08-30,OPTSTK,BPCL,340.0,CE,10.4,10.4,9.35,9.35,9.35,2,6.99,33000
2012-08-16,2012-08-30,OPTSTK,BPCL,350.0,CE,6.0,6.85,4.95,5.3,5.3,28,99.58,57000
2012-08-16,2012-08-30,OPTSTK,BPCL,360.0,CE,3.0,3.25,2.3,2.5,2.5,26,94.29,86000
2012-08-16,2012-08-30,OPTSTK,BPCL,370.0,CE,1.2,1.35,1.0,1.2,1.2,7,25.98,63000
2012-08-16,2012-08-30,OPTSTK,BPCL,380.0,CE,0.0,0.0,0.0,1.5,0.9,0,0.0,63000
2012-08-16,2012-08-30,OPTSTK,BPCL,390.0,CE,0.0,0.0,0.0,0.6,0.4,0,0.0,9000
2012-08-16,2012-08-30,OPTSTK,BPCL,400.0,CE,0.0,0.0,0.0,1.4,0.15,0,0.0,55000
2012-08-16,2012-08-30,OPTSTK,BPCL,410.0,CE,0.0,0.0,0.0,13.95,0.05,0,0.0,0
2012-08-16,2012-08-30,OPTSTK,BPCL,420.0,CE,0.0,0.0,0.0,10.8,0.05,0,0.0,0
2012-08-16,2012-08-30,OPTSTK,BPCL,430.0,CE,0.0,0.0,0.0,8.3,0.0,0,0.0,0
2012-08-16,2012-08-30,OPTSTK,BPCL,440.0,CE,0.0,0.0,0.0,6.3,0.0,0,0.0,0
2012-08-16,2012-08-30,OPTSTK,BPCL,450.0,CE,0.0,0.0,0.0,4.75,0.0,0,0.0,0
2012-08-16,2012-08-30,OPTSTK,BPCL,460.0,CE,0.0,0.0,0.0,2.0,0.0,0,0.0,1000
2012-08-16,2012-08-30,OPTSTK,BPCL,470.0,CE,0.0,0.0,0.0,2.65,0.0,0,0.0,0
2012-08-16,2012-08-30,OPTSTK,BPCL,480.0,CE,0.0,0.0,0.0,1.95,0.0,0,0.0,0
2012-08-16,2012-08-30,OPTSTK,BPCL,490.0,CE,0.0,0.0,0.0,1.45,0.0,0,0.0,0
2012-08-16,2012-08-30,OPTSTK,BPCL,150.0,PE,0.0,0.0,0.0,0.05,0.0,0,0.0,0
2012-08-16,2012-08-30,OPTSTK,BPCL,160.0,PE,0.0,0.0,0.0,0.05,0.0,0,0.0,0
2012-08-16,2012-08-30,OPTSTK,BPCL,170.0,PE,0.0,0.0,0.0,0.05,0.0,0,0.0,0
2012-08-16,2012-08-30,OPTSTK,BPCL,180.0,PE,0.0,0.0,0.0,0.05,0.0,0,0.0,0
2012-08-16,2012-08-30,OPTSTK,BPCL,190.0,PE,0.0,0.0,0.0,0.05,0.0,0,0.0,0
2012-08-16,2012-08-30,OPTSTK,BPCL,200.0,PE,0.0,0.0,0.0,0.05,0.0,0,0.0,0
2012-08-16,2012-08-30,OPTSTK,BPCL,210.0,PE,0.0,0.0,0.0,0.05,0.0,0,0.0,0
2012-08-16,2012-08-30,OPTSTK,BPCL,220.0,PE,0.0,0.0,0.0,0.05,0.0,0,0.0,0
2012-08-16,2012-08-30,OPTSTK,BPCL,230.0,PE,0.0,0.0,0.0,0.1,0.0,0,0.0,0
2012-08-16,2012-08-30,OPTSTK,BPCL,240.0,PE,0.0,0.0,0.0,0.25,0.0,0,0.0,0
2012-08-16,2012-08-30,OPTSTK,BPCL,250.0,PE,0.0,0.0,0.0,0.55,0.0,0,0.0,0
2012-08-16,2012-08-30,OPTSTK,BPCL,260.0,PE,0.0,0.0,0.0,1.0,0.0,0,0.0,0
2012-08-16,2012-08-30,OPTSTK,BPCL,270.0,PE,0.0,0.0,0.0,1.85,0.0,0,0.0,0
2012-08-16,2012-08-30,OPTSTK,BPCL,280.0,PE,0.0,0.0,0.0,3.1,0.05,0,0.0,0
2012-08-16,2012-08-30,OPTSTK,BPCL,290.0,PE,0.0,0.0,0.0,5.05,0.05,0,0.0,0
2012-08-16,2012-08-30,OPTSTK,BPCL,300.0,PE,0.0,0.0,0.0,7.75,0.2,0,0.0,0
2012-08-16,2012-08-30,OPTSTK,BPCL,310.0,PE,0.0,0.0,0.0,11.45,0.55,0,0.0,0
2012-08-16,2012-08-30,OPTSTK,BPCL,320.0,PE,0.7,0.7,0.7,0.7,0.7,1,3.2,16000
2012-08-16,2012-08-30,OPTSTK,BPCL,330.0,PE,2.05,2.05,1.85,2.05,2.05,4,13.28,39000
2012-08-16,2012-08-30,OPTSTK,BPCL,340.0,PE,3.7,5.25,3.7,4.4,4.4,29,99.87,29000
2012-08-16,2012-08-30,OPTSTK,BPCL,350.0,PE,10.5,10.5,8.0,9.55,9.55,13,46.71,47000
2012-08-16,2012-08-30,OPTSTK,BPCL,360.0,PE,0.0,0.0,0.0,14.7,18.85,0,0.0,40000
2012-08-16,2012-08-30,OPTSTK,BPCL,370.0,PE,0.0,0.0,0.0,19.6,26.85,0,0.0,17000
2012-08-16,2012-08-30,OPTSTK,BPCL,380.0,PE,0.0,0.0,0.0,31.8,35.75,0,0.0,0
2012-08-16,2012-08-30,OPTSTK,BPCL,390.0,PE,0.0,0.0,0.0,12.3,45.2,0,0.0,2000
2012-08-16,2012-08-30,OPTSTK,BPCL,400.0,PE,0.0,0.0,0.0,100.95,54.95,0,0.0,0
2012-08-16,2012-08-30,OPTSTK,BPCL,410.0,PE,0.0,0.0,0.0,116.55,64.85,0,0.0,0
2012-08-16,2012-08-30,OPTSTK,BPCL,420.0,PE,0.0,0.0,0.0,132.9,74.8,0,0.0,0
2012-08-16,2012-08-30,OPTSTK,BPCL,430.0,PE,0.0,0.0,0.0,149.9,84.75,0,0.0,0
2012-08-16,2012-08-30,OPTSTK,BPCL,440.0,PE,0.0,0.0,0.0,167.45,94.7,0,0.0,0
2012-08-16,2012-08-30,OPTSTK,BPCL,450.0,PE,0.0,0.0,0.0,185.45,104.65,0,0.0,0
2012-08-16,2012-08-30,OPTSTK,BPCL,460.0,PE,0.0,0.0,0.0,203.75,114.65,0,0.0,0
2012-08-16,2012-08-30,OPTSTK,BPCL,470.0,PE,0.0,0.0,0.0,222.35,124.6,0,0.0,0
2012-08-16,2012-08-30,OPTSTK,BPCL,480.0,PE,0.0,0.0,0.0,241.2,134.55,0,0.0,0
2012-08-16,2012-08-30,OPTSTK,BPCL,490.0,PE,0.0,0.0,0.0,260.2,144.55,0,0.0,0
2012-08-16,2012-09-27,OPTSTK,BPCL,180.0,CE,0.0,0.0,0.0,399.55,165.75,0,0.0,0
2012-08-16,2012-09-27,OPTSTK,BPCL,190.0,CE,0.0,0.0,0.0,380.0,155.85,0,0.0,0
2012-08-16,2012-09-27,OPTSTK,BPCL,200.0,CE,0.0,0.0,0.0,360.45,145.95,0,0.0,0
2012-08-16,2012-09-27,OPTSTK,BPCL,210.0,CE,0.0,0.0,0.0,340.95,136.05,0,0.0,0
2012-08-16,2012-09-27,OPTSTK,BPCL,220.0,CE,0.0,0.0,0.0,321.4,126.15,0,0.0,0
2012-08-16,2012-09-27,OPTSTK,BPCL,230.0,CE,0.0,0.0,0.0,301.85,116.25,0,0.0,0
2012-08-16,2012-09-27,OPTSTK,BPCL,240.0,CE,0.0,0.0,0.0,282.35,106.35,0,0.0,0
2012-08-16,2012-09-27,OPTSTK,BPCL,250.0,CE,0.0,0.0,0.0,262.8,96.5,0,0.0,0
2012-08-16,2012-09-27,OPTSTK,BPCL,260.0,CE,0.0,0.0,0.0,243.3,86.65,0,0.0,0
2012-08-16,2012-09-27,OPTSTK,BPCL,270.0,CE,0.0,0.0,0.0,223.8,76.85,0,0.0,0
2012-08-16,2012-09-27,OPTSTK,BPCL,280.0,CE,0.0,0.0,0.0,204.4,67.25,0,0.0,0
2012-08-16,2012-09-27,OPTSTK,BPCL,290.0,CE,0.0,0.0,0.0,185.1,57.9,0,0.0,0
2012-08-16,2012-09-27,OPTSTK,BPCL,300.0,CE,0.0,0.0,0.0,166.05,48.9,0,0.0,0
2012-08-16,2012-09-27,OPTSTK,BPCL,310.0,CE,0.0,0.0,0.0,147.3,40.5,0,0.0,0
2012-08-16,2012-09-27,OPTSTK,BPCL,320.0,CE,0.0,0.0,0.0,129.15,32.8,0,0.0,0
2012-08-16,2012-09-27,OPTSTK,BPCL,330.0,CE,0.0,0.0,0.0,111.75,25.9,0,0.0,0
2012-08-16,2012-09-27,OPTSTK,BPCL,340.0,CE,0.0,0.0,0.0,95.3,19.95,0,0.0,0
2012-08-16,2012-09-27,OPTSTK,BPCL,350.0,CE,0.0,0.0,0.0,12.55,15.0,0,0.0,1000
2012-08-16,2012-09-27,OPTSTK,BPCL,360.0,CE,0.0,0.0,0.0,66.2,11.0,0,0.0,0
2012-08-16,2012-09-27,OPTSTK,BPCL,370.0,CE,0.0,0.0,0.0,6.5,7.85,0,0.0,15000
2012-08-16,2012-09-27,OPTSTK,BPCL,380.0,CE,0.0,0.0,0.0,5.15,5.5,0,0.0,1000
2012-08-16,2012-09-27,OPTSTK,BPCL,390.0,CE,0.0,0.0,0.0,33.85,3.75,0,0.0,0
2012-08-16,2012-09-27,OPTSTK,BPCL,400.0,CE,0.0,0.0,0.0,26.2,2.5,0,0.0,0
2012-08-16,2012-09-27,OPTSTK,BPCL,410.0,CE,0.0,0.0,0.0,19.9,1.65,0,0.0,0
2012-08-16,2012-09-27,OPTSTK,BPCL,420.0,CE,0.0,0.0,0.0,14.95,1.05,0,0.0,0
2012-08-16,2012-09-27,OPTSTK,BPCL,430.0,CE,0.0,0.0,0.0,11.0,0.65,0,0.0,0
2012-08-16,2012-09-27,OPTSTK,BPCL,440.0,CE,0.0,0.0,0.0,8.0,0.4,0,0.0,0
2012-08-16,2012-09-27,OPTSTK,BPCL,450.0,CE,0.0,0.0,0.0,5.7,0.25,0,0.0,0
2012-08-16,2012-09-27,OPTSTK,BPCL,460.0,CE,0.0,0.0,0.0,4.05,0.15,0,0.0,0
2012-08-16,2012-09-27,OPTSTK,BPCL,470.0,CE,0.0,0.0,0.0,2.8,0.1,0,0.0,0
2012-08-16,2012-09-27,OPTSTK,BPCL,480.0,CE,0.0,0.0,0.0,1.95,0.05,0,0.0,0
2012-08-16,2012-09-27,OPTSTK,BPCL,490.0,CE,0.0,0.0,0.0,1.3,0.05,0,0.0,0
2012-08-16,2012-09-27,OPTSTK,BPCL,180.0,PE,0.0,0.0,0.0,0.05,0.0,0,0.0,0
2012-08-16,2012-09-27,OPTSTK,BPCL,190.0,PE,0.0,0.0,0.0,0.05,0.0,0,0.0,0
2012-08-16,2012-09-27,OPTSTK,BPCL,200.0,PE,0.0,0.0,0.0,0.05,0.0,0,0.0,0
2012-08-16,2012-09-27,OPTSTK,BPCL,210.0,PE,0.0,0.0,0.0,0.05,0.0,0,0.0,0
2012-08-16,2012-09-27,OPTSTK,BPCL,220.0,PE,0.0,0.0,0.0,0.05,0.0,0,0.0,0
2012-08-16,2012-09-27,OPTSTK,BPCL,230.0,PE,0.0,0.0,0.0,0.05,0.0,0,0.0,0
2012-08-16,2012-09-27,OPTSTK,BPCL,240.0,PE,0.0,0.0,0.0,0.05,0.05,0,0.0,0
2012-08-16,2012-09-27,OPTSTK,BPCL,250.0,PE,0.0,0.0,0.0,0.05,0.05,0,0.0,0
2012-08-16,2012-09-27,OPTSTK,BPCL,260.0,PE,0.0,0.0,0.0,0.05,0.1,0,0.0,0
2012-08-16,2012-09-27,OPTSTK,BPCL,270.0,PE,0.0,0.0,0.0,0.1,0.25,0,0.0,0
2012-08-16,2012-09-27,OPTSTK,BPCL,280.0,PE,0.0,0.0,0.0,0.2,0.5,0,0.0,0
2012-08-16,2012-09-27,OPTSTK,BPCL,290.0,PE,0.0,0.0,0.0,0.45,1.05,0,0.0,0
2012-08-16,2012-09-27,OPTSTK,BPCL,300.0,PE,0.0,0.0,0.0,0.9,1.95,0,0.0,0
2012-08-16,2012-09-27,OPTSTK,BPCL,310.0,PE,0.0,0.0,0.0,1.75,3.4,0,0.0,0
2012-08-16,2012-09-27,OPTSTK,BPCL,320.0,PE,0.0,0.0,0.0,3.1,5.6,0,0.0,0
2012-08-16,2012-09-27,OPTSTK,BPCL,330.0,PE,0.0,0.0,0.0,5.25,8.65,0,0.0,0
2012-08-16,2012-09-27,OPTSTK,BPCL,340.0,PE,0.0,0.0,0.0,8.35,12.6,0,0.0,0
2012-08-16,2012-09-27,OPTSTK,BPCL,350.0,PE,0.0,0.0,0.0,14.2,17.55,0,0.0,2000
2012-08-16,2012-09-27,OPTSTK,BPCL,360.0,PE,0.0,0.0,0.0,18.3,23.45,0,0.0,0
2012-08-16,2012-09-27,OPTSTK,BPCL,370.0,PE,0.0,0.0,0.0,25.45,30.2,0,0.0,0
2012-08-16,2012-09-27,OPTSTK,BPCL,380.0,PE,0.0,0.0,0.0,34.2,37.7,0,0.0,0
2012-08-16,2012-09-27,OPTSTK,BPCL,390.0,PE,0.0,0.0,0.0,44.55,45.85,0,0.0,0
2012-08-16,2012-09-27,OPTSTK,BPCL,400.0,PE,0.0,0.0,0.0,56.45,54.5,0,0.0,0
2012-08-16,2012-09-27,OPTSTK,BPCL,410.0,PE,0.0,0.0,0.0,69.7,63.55,0,0.0,0
2012-08-16,2012-09-27,OPTSTK,BPCL,420.0,PE,0.0,0.0,0.0,84.25,72.85,0,0.0,0
2012-08-16,2012-09-27,OPTSTK,BPCL,430.0,PE,0.0,0.0,0.0,99.85,82.35,0,0.0,0
2012-08-16,2012-09-27,OPTSTK,BPCL,440.0,PE,0.0,0.0,0.0,116.35,92.0,0,0.0,0
2012-08-16,2012-09-27,OPTSTK,BPCL,450.0,PE,0.0,0.0,0.0,133.65,101.75,0,0.0,0
2012-08-16,2012-09-27,OPTSTK,BPCL,460.0,PE,0.0,0.0,0.0,151.5,111.55,0,0.0,0
2012-08-16,2012-09-27,OPTSTK,BPCL,470.0,PE,0.0,0.0,0.0,169.8,121.4,0,0.0,0
2012-08-16,2012-09-27,OPTSTK,BPCL,480.0,PE,0.0,0.0,0.0,188.45,131.25,0,0.0,0
2012-08-16,2012-09-27,OPTSTK,BPCL,490.0,PE,0.0,0.0,0.0,207.35,141.15,0,0.0,0
2012-08-16,2012-10-25,OPTSTK,BPCL,180.0,CE,0.0,0.0,0.0,184.35,166.95,0,0.0,0
2012-08-16,2012-10-25,OPTSTK,BPCL,200.0,CE,0.0,0.0,0.0,164.8,147.3,0,0.0,0
2012-08-16,2012-10-25,OPTSTK,BPCL,220.0,CE,0.0,0.0,0.0,145.25,127.65,0,0.0,0
2012-08-16,2012-10-25,OPTSTK,BPCL,240.0,CE,0.0,0.0,0.0,125.75,108.1,0,0.0,0
2012-08-16,2012-10-25,OPTSTK,BPCL,260.0,CE,0.0,0.0,0.0,106.25,88.75,0,0.0,0
2012-08-16,2012-10-25,OPTSTK,BPCL,280.0,CE,0.0,0.0,0.0,87.1,70.15,0,0.0,0
2012-08-16,2012-10-25,OPTSTK,BPCL,300.0,CE,0.0,0.0,0.0,68.6,53.0,0,0.0,0
2012-08-16,2012-10-25,OPTSTK,BPCL,320.0,CE,0.0,0.0,0.0,51.55,38.0,0,0.0,0
2012-08-16,2012-10-25,OPTSTK,BPCL,340.0,CE,0.0,0.0,0.0,23.0,25.8,0,0.0,1000
2012-08-16,2012-10-25,OPTSTK,BPCL,360.0,CE,0.0,0.0,0.0,24.7,16.6,0,0.0,0
2012-08-16,2012-10-25,OPTSTK,BPCL,380.0,CE,0.0,0.0,0.0,15.7,10.1,0,0.0,0
2012-08-16,2012-10-25,OPTSTK,BPCL,400.0,CE,0.0,0.0,0.0,9.4,5.85,0,0.0,0
2012-08-16,2012-10-25,OPTSTK,BPCL,420.0,CE,0.0,0.0,0.0,5.35,3.25,0,0.0,0
2012-08-16,2012-10-25,OPTSTK,BPCL,440.0,CE,0.0,0.0,0.0,2.9,1.7,0,0.0,0
2012-08-16,2012-10-25,OPTSTK,BPCL,460.0,CE,0.0,0.0,0.0,1.5,0.9,0,0.0,0
2012-08-16,2012-10-25,OPTSTK,BPCL,480.0,CE,0.0,0.0,0.0,0.75,0.45,0,0.0,0
2012-08-16,2012-10-25,OPTSTK,BPCL,180.0,PE,0.0,0.0,0.0,0.05,0.0,0,0.0,0
2012-08-16,2012-10-25,OPTSTK,BPCL,200.0,PE,0.0,0.0,0.0,0.05,0.0,0,0.0,0
2012-08-16,2012-10-25,OPTSTK,BPCL,220.0,PE,0.0,0.0,0.0,0.05,0.05,0,0.0,0
2012-08-16,2012-10-25,OPTSTK,BPCL,240.0,PE,0.0,0.0,0.0,0.05,0.1,0,0.0,0
2012-08-16,2012-10-25,OPTSTK,BPCL,260.0,PE,0.0,0.0,0.0,0.1,0.45,0,0.0,0
2012-08-16,2012-10-25,OPTSTK,BPCL,280.0,PE,0.0,0.0,0.0,0.5,1.5,0,0.0,0
2012-08-16,2012-10-25,OPTSTK,BPCL,300.0,PE,0.0,0.0,0.0,1.55,4.0,0,0.0,0
2012-08-16,2012-10-25,OPTSTK,BPCL,320.0,PE,0.0,0.0,0.0,4.05,8.65,0,0.0,0
2012-08-16,2012-10-25,OPTSTK,BPCL,340.0,PE,0.0,0.0,0.0,8.75,16.1,0,0.0,0
2012-08-16,2012-10-25,OPTSTK,BPCL,360.0,PE,0.0,0.0,0.0,16.3,26.55,0,0.0,0
2012-08-16,2012-10-25,OPTSTK,BPCL,380.0,PE,0.0,0.0,0.0,26.8,39.7,0,0.0,0
2012-08-16,2012-10-25,OPTSTK,BPCL,400.0,PE,0.0,0.0,0.0,40.1,55.15,0,0.0,0
2012-08-16,2012-10-25,OPTSTK,BPCL,420.0,PE,0.0,0.0,0.0,55.6,72.2,0,0.0,0
2012-08-16,2012-10-25,OPTSTK,BPCL,440.0,PE,0.0,0.0,0.0,72.65,90.3,0,0.0,0
2012-08-16,2012-10-25,OPTSTK,BPCL,460.0,PE,0.0,0.0,0.0,90.8,109.15,0,0.0,0
2012-08-16,2012-10-25,OPTSTK,BPCL,480.0,PE,0.0,0.0,0.0,109.6,128.35,0,0.0,0
2012-08-16,2012-08-30,OPTSTK,CAIRN,180.0,CE,0.0,0.0,0.0,158.45,154.75,0,0.0,0
2012-08-16,2012-08-30,OPTSTK,CAIRN,200.0,CE,0.0,0.0,0.0,139.0,134.85,0,0.0,0
2012-08-16,2012-08-30,OPTSTK,CAIRN,220.0,CE,0.0,0.0,0.0,119.6,114.9,0,0.0,0
2012-08-16,2012-08-30,OPTSTK,CAIRN,240.0,CE,0.0,0.0,0.0,100.6,94.95,0,0.0,0
2012-08-16,2012-08-30,OPTSTK,CAIRN,260.0,CE,0.0,0.0,0.0,82.3,75.05,0,0.0,0
2012-08-16,2012-08-30,OPTSTK,CAIRN,280.0,CE,0.0,0.0,0.0,44.9,55.1,0,0.0,1000
2012-08-16,2012-08-30,OPTSTK,CAIRN,300.0,CE,35.45,35.45,34.0,34.0,34.0,2,6.69,22000
2012-08-16,2012-08-30,OPTSTK,CAIRN,320.0,CE,15.0,17.4,13.65,15.95,15.95,126,423.17,471000
2012-08-16,2012-08-30,OPTSTK,CAIRN,340.0,CE,3.6,4.9,3.1,4.0,4.0,417,1434.88,807000
2012-08-16,2012-08-30,OPTSTK,CAIRN,360.0,CE,0.6,0.8,0.2,0.65,0.65,44,158.68,227000
2012-08-16,2012-08-30,OPTSTK,CAIRN,380.0,CE,0.0,0.0,0.0,0.3,0.25,0,0.0,15000
2012-08-16,2012-08-30,OPTSTK,CAIRN,400.0,CE,0.0,0.0,0.0,8.25,0.05,0,0.0,0
2012-08-16,2012-08-30,OPTSTK,CAIRN,420.0,CE,0.0,0.0,0.0,5.3,0.0,0,0.0,0
2012-08-16,2012-08-30,OPTSTK,CAIRN,440.0,CE,0.0,0.0,0.0,3.3,0.0,0,0.0,0
2012-08-16,2012-08-30,OPTSTK,CAIRN,460.0,CE,0.0,0.0,0.0,2.05,0.0,0,0.0,0
2012-08-16,2012-08-30,OPTSTK,CAIRN,480.0,CE,0.0,0.0,0.0,1.25,0.0,0,0.0,0
2012-08-16,2012-08-30,OPTSTK,CAIRN,500.0,CE,0.0,0.0,0.0,0.75,0.0,0,0.0,0
2012-08-16,2012-08-30,OPTSTK,CAIRN,180.0,PE,0.0,0.0,0.0,0.05,0.0,0,0.0,0
2012-08-16,2012-08-30,OPTSTK,CAIRN,200.0,PE,0.0,0.0,0.0,0.05,0.0,0,0.0,0
2012-08-16,2012-08-30,OPTSTK,CAIRN,220.0,PE,0.0,0.0,0.0,0.2,0.0,0,0.0,0
2012-08-16,2012-08-30,OPTSTK,CAIRN,240.0,PE,0.0,0.0,0.0,0.7,0.0,0,0.0,0
2012-08-16,2012-08-30,OPTSTK,CAIRN,260.0,PE,0.0,0.0,0.0,1.95,0.0,0,0.0,0
2012-08-16,2012-08-30,OPTSTK,CAIRN,280.0,PE,0.0,0.0,0.0,0.25,0.05,0,0.0,13000
2012-08-16,2012-08-30,OPTSTK,CAIRN,300.0,PE,0.25,0.35,0.15,0.25,0.25,40,120.09,135000
2012-08-16,2012-08-30,OPTSTK,CAIRN,320.0,PE,1.35,2.0,1.3,1.4,1.4,276,887.55,429000
2012-08-16,2012-08-30,OPTSTK,CAIRN,340.0,PE,10.4,10.5,8.2,9.25,9.25,70,244.37,163000
2012-08-16,2012-08-30,OPTSTK,CAIRN,360.0,PE,0.0,0.0,0.0,27.0,26.25,0,0.0,16000
2012-08-16,2012-08-30,OPTSTK,CAIRN,380.0,PE,0.0,0.0,0.0,49.3,44.85,0,0.0,0
2012-08-16,2012-08-30,OPTSTK,CAIRN,400.0,PE,0.0,0.0,0.0,64.5,64.55,0,0.0,0
2012-08-16,2012-08-30,OPTSTK,CAIRN,420.0,PE,0.0,0.0,0.0,81.05,84.45,0,0.0,0
2012-08-16,2012-08-30,OPTSTK,CAIRN,440.0,PE,0.0,0.0,0.0,98.6,104.4,0,0.0,0
2012-08-16,2012-08-30,OPTSTK,CAIRN,460.0,PE,0.0,0.0,0.0,116.85,124.35,0,0.0,0
2012-08-16,2012-08-30,OPTSTK,CAIRN,480.0,PE,0.0,0.0,0.0,135.55,144.25,0,0.0,0
2012-08-16,2012-08-30,OPTSTK,CAIRN,500.0,PE,0.0,0.0,0.0,154.6,164.2,0,0.0,0
2012-08-16,2012-09-27,OPTSTK,CAIRN,180.0,CE,0.0,0.0,0.0,151.55,156.05,0,0.0,0
2012-08-16,2012-09-27,OPTSTK,CAIRN,200.0,CE,0.0,0.0,0.0,132.05,136.25,0,0.0,0
2012-08-16,2012-09-27,OPTSTK,CAIRN,220.0,CE,0.0,0.0,0.0,112.6,116.45,0,0.0,0
2012-08-16,2012-09-27,OPTSTK,CAIRN,240.0,CE,0.0,0.0,0.0,93.4,96.65,0,0.0,0
2012-08-16,2012-09-27,OPTSTK,CAIRN,260.0,CE,0.0,0.0,0.0,74.9,76.95,0,0.0,0
2012-08-16,2012-09-27,OPTSTK,CAIRN,280.0,CE,0.0,0.0,0.0,57.7,57.75,0,0.0,0
2012-08-16,2012-09-27,OPTSTK,CAIRN,300.0,CE,0.0,0.0,0.0,30.05,39.95,0,0.0,3000
2012-08-16,2012-09-27,OPTSTK,CAIRN,320.0,CE,18.2,18.2,18.2,18.2,18.2,1,3.38,21000
2012-08-16,2012-09-27,OPTSTK,CAIRN,340.0,CE,8.25,8.25,8.25,8.25,8.25,1,3.48,13000
2012-08-16,2012-09-27,OPTSTK,CAIRN,360.0,CE,0.0,0.0,0.0,4.0,6.9,0,0.0,4000
2012-08-16,2012-09-27,OPTSTK,CAIRN,380.0,CE,0.0,0.0,0.0,2.65,3.05,0,0.0,1000
2012-08-16,2012-09-27,OPTSTK,CAIRN,400.0,CE,0.0,0.0,0.0,4.7,1.2,0,0.0,0
2012-08-16,2012-09-27,OPTSTK,CAIRN,420.0,CE,0.0,0.0,0.0,2.7,0.45,0,0.0,0
2012-08-16,2012-09-27,OPTSTK,CAIRN,440.0,CE,0.0,0.0,0.0,1.5,0.15,0,0.0,0
2012-08-16,2012-09-27,OPTSTK,CAIRN,460.0,CE,0.0,0.0,0.0,0.8,0.05,0,0.0,0
2012-08-16,2012-09-27,OPTSTK,CAIRN,480.0,CE,0.0,0.0,0.0,0.45,0.05,0,0.0,0
2012-08-16,2012-09-27,OPTSTK,CAIRN,500.0,CE,0.0,0.0,0.0,0.25,0.0,0,0.0,0
2012-08-16,2012-09-27,OPTSTK,CAIRN,180.0,PE,0.0,0.0,0.0,0.05,0.0,0,0.0,0
2012-08-16,2012-09-27,OPTSTK,CAIRN,200.0,PE,0.0,0.0,0.0,0.05,0.0,0,0.0,0
2012-08-16,2012-09-27,OPTSTK,CAIRN,220.0,PE,0.0,0.0,0.0,0.1,0.0,0,0.0,0
2012-08-16,2012-09-27,OPTSTK,CAIRN,240.0,PE,0.0,0.0,0.0,0.45,0.05,0,0.0,0
2012-08-16,2012-09-27,OPTSTK,CAIRN,260.0,PE,0.0,0.0,0.0,1.5,0.15,0,0.0,0
2012-08-16,2012-09-27,OPTSTK,CAIRN,280.0,PE,0.0,0.0,0.0,3.8,0.7,0,0.0,0
2012-08-16,2012-09-27,OPTSTK,CAIRN,300.0,PE,1.5,1.5,1.5,1.5,1.5,2,6.03,3000
2012-08-16,2012-09-27,OPTSTK,CAIRN,320.0,PE,0.0,0.0,0.0,9.5,7.55,0,0.0,23000
2012-08-16,2012-09-27,OPTSTK,CAIRN,340.0,PE,0.0,0.0,0.0,21.0,16.3,0,0.0,2000
2012-08-16,2012-09-27,OPTSTK,CAIRN,360.0,PE,0.0,0.0,0.0,37.15,29.05,0,0.0,0
2012-08-16,2012-09-27,OPTSTK,CAIRN,380.0,PE,0.0,0.0,0.0,51.75,45.0,0,0.0,0
2012-08-16,2012-09-27,OPTSTK,CAIRN,400.0,PE,0.0,0.0,0.0,68.05,62.95,0,0.0,0
2012-08-16,2012-09-27,OPTSTK,CAIRN,420.0,PE,0.0,0.0,0.0,85.6,81.95,0,0.0,0
2012-08-16,2012-09-27,OPTSTK,CAIRN,440.0,PE,0.0,0.0,0.0,103.9,101.45,0,0.0,0
2012-08-16,2012-09-27,OPTSTK,CAIRN,460.0,PE,0.0,0.0,0.0,122.75,121.15,0,0.0,0
2012-08-16,2012-09-27,OPTSTK,CAIRN,480.0,PE,0.0,0.0,0.0,141.9,140.9,0,0.0,0
2012-08-16,2012-09-27,OPTSTK,CAIRN,500.0,PE,0.0,0.0,0.0,161.25,160.7,0,0.0,0
2012-08-16,2012-10-25,OPTSTK,CAIRN,180.0,CE,0.0,0.0,0.0,138.2,157.25,0,0.0,0
2012-08-16,2012-10-25,OPTSTK,CAIRN,200.0,CE,0.0,0.0,0.0,118.7,137.6,0,0.0,0
2012-08-16,2012-10-25,OPTSTK,CAIRN,220.0,CE,0.0,0.0,0.0,99.3,117.95,0,0.0,0
2012-08-16,2012-10-25,OPTSTK,CAIRN,240.0,CE,0.0,0.0,0.0,80.3,98.4,0,0.0,0
2012-08-16,2012-10-25,OPTSTK,CAIRN,260.0,CE,0.0,0.0,0.0,62.3,79.2,0,0.0,0
2012-08-16,2012-10-25,OPTSTK,CAIRN,280.0,CE,0.0,0.0,0.0,46.1,60.85,0,0.0,0
2012-08-16,2012-10-25,OPTSTK,CAIRN,300.0,CE,0.0,0.0,0.0,32.4,44.25,0,0.0,0
2012-08-16,2012-10-25,OPTSTK,CAIRN,320.0,CE,0.0,0.0,0.0,21.6,30.25,0,0.0,0
2012-08-16,2012-10-25,OPTSTK,CAIRN,340.0,CE,0.0,0.0,0.0,13.65,19.4,0,0.0,0
2012-08-16,2012-10-25,OPTSTK,CAIRN,360.0,CE,0.0,0.0,0.0,8.25,11.65,0,0.0,0
2012-08-16,2012-10-25,OPTSTK,CAIRN,380.0,CE,0.0,0.0,0.0,4.75,6.6,0,0.0,0
2012-08-16,2012-10-25,OPTSTK,CAIRN,400.0,CE,0.0,0.0,0.0,2.65,3.5,0,0.0,0
2012-08-16,2012-10-25,OPTSTK,CAIRN,420.0,CE,0.0,0.0,0.0,1.4,1.8,0,0.0,0
2012-08-16,2012-10-25,OPTSTK,CAIRN,440.0,CE,0.0,0.0,0.0,0.75,0.85,0,0.0,0
2012-08-16,2012-10-25,OPTSTK,CAIRN,460.0,CE,0.0,0.0,0.0,0.4,0.4,0,0.0,0
2012-08-16,2012-10-25,OPTSTK,CAIRN,480.0,CE,0.0,0.0,0.0,0.2,0.2,0,0.0,0
2012-08-16,2012-10-25,OPTSTK,CAIRN,500.0,CE,0.0,0.0,0.0,0.1,0.1,0,0.0,0
2012-08-16,2012-10-25,OPTSTK,CAIRN,180.0,PE,0.0,0.0,0.0,0.05,0.0,0,0.0,0
2012-08-16,2012-10-25,OPTSTK,CAIRN,200.0,PE,0.0,0.0,0.0,0.05,0.0,0,0.0,0
2012-08-16,2012-10-25,OPTSTK,CAIRN,220.0,PE,0.0,0.0,0.0,0.2,0.05,0,0.0,0
2012-08-16,2012-10-25,OPTSTK,CAIRN,240.0,PE,0.0,0.0,0.0,0.75,0.15,0,0.0,0
2012-08-16,2012-10-25,OPTSTK,CAIRN,260.0,PE,0.0,0.0,0.0,2.3,0.55,0,0.0,0
2012-08-16,2012-10-25,OPTSTK,CAIRN,280.0,PE,0.0,0.0,0.0,5.65,1.9,0,0.0,0
2012-08-16,2012-10-25,OPTSTK,CAIRN,300.0,PE,0.0,0.0,0.0,11.5,4.95,0,0.0,0
2012-08-16,2012-10-25,OPTSTK,CAIRN,320.0,PE,0.0,0.0,0.0,20.2,10.6,0,0.0,0
2012-08-16,2012-10-25,OPTSTK,CAIRN,340.0,PE,0.0,0.0,0.0,31.85,19.4,0,0.0,0
2012-08-16,2012-10-25,OPTSTK,CAIRN,360.0,PE,0.0,0.0,0.0,46.0,31.3,0,0.0,0
2012-08-16,2012-10-25,OPTSTK,CAIRN,380.0,PE,0.0,0.0,0.0,62.05,45.9,0,0.0,0
2012-08-16,2012-10-25,OPTSTK,CAIRN,400.0,PE,0.0,0.0,0.0,79.45,62.5,0,0.0,0
2012-08-16,2012-10-25,OPTSTK,CAIRN,420.0,PE,0.0,0.0,0.0,97.8,80.4,0,0.0,0
2012-08-16,2012-10-25,OPTSTK,CAIRN,440.0,PE,0.0,0.0,0.0,116.65,99.15,0,0.0,0
2012-08-16,2012-10-25,OPTSTK,CAIRN,460.0,PE,0.0,0.0,0.0,135.85,118.35,0,0.0,0
2012-08-16,2012-10-25,OPTSTK,CAIRN,480.0,PE,0.0,0.0,0.0,155.2,137.8,0,0.0,0
2012-08-16,2012-10-25,OPTSTK,CAIRN,500.0,PE,0.0,0.0,0.0,174.65,157.35,0,0.0,0
2012-08-16,2012-08-30,OPTSTK,CANBK,240.0,CE,0.0,0.0,0.0,168.0,118.2,0,0.0,0
2012-08-16,2012-08-30,OPTSTK,CANBK,260.0,CE,0.0,0.0,0.0,148.75,98.3,0,0.0,0
2012-08-16,2012-08-30,OPTSTK,CANBK,280.0,CE,0.0,0.0,0.0,129.8,78.35,0,0.0,0
2012-08-16,2012-08-30,OPTSTK,CANBK,300.0,CE,0.0,0.0,0.0,111.45,58.45,0,0.0,0
2012-08-16,2012-08-30,OPTSTK,CANBK,320.0,CE,0.0,0.0,0.0,94.0,38.75,0,0.0,0
2012-08-16,2012-08-30,OPTSTK,CANBK,340.0,CE,0.0,0.0,0.0,16.0,20.9,0,0.0,1500
2012-08-16,2012-08-30,OPTSTK,CANBK,360.0,CE,11.0,11.0,8.25,9.5,9.5,15,27.66,25500
2012-08-16,2012-08-30,OPTSTK,CANBK,380.0,CE,2.45,3.0,1.95,2.0,2.0,8,15.29,35500
2012-08-16,2012-08-30,OPTSTK,CANBK,400.0,CE,0.9,0.9,0.9,0.9,0.9,2,4.0,18500
2012-08-16,2012-08-30,OPTSTK,CANBK,420.0,CE,0.0,0.0,0.0,0.05,0.05,0,0.0,7500
2012-08-16,2012-08-30,OPTSTK,CANBK,440.0,CE,0.0,0.0,0.0,22.9,0.0,0,0.0,0
2012-08-16,2012-08-30,OPTSTK,CANBK,460.0,CE,0.0,0.0,0.0,17.05,0.0,0,0.0,0
2012-08-16,2012-08-30,OPTSTK,CANBK,480.0,CE,0.0,0.0,0.0,12.55,0.0,0,0.0,0
2012-08-16,2012-08-30,OPTSTK,CANBK,500.0,CE,0.0,0.0,0.0,9.05,0.0,0,0.0,0
2012-08-16,2012-08-30,OPTSTK,CANBK,520.0,CE,0.0,0.0,0.0,2.85,0.0,0,0.0,500
2012-08-16,2012-08-30,OPTSTK,CANBK,540.0,CE,0.0,0.0,0.0,4.6,0.0,0,0.0,0
2012-08-16,2012-08-30,OPTSTK,CANBK,560.0,CE,0.0,0.0,0.0,3.2,0.0,0,0.0,0
2012-08-16,2012-08-30,OPTSTK,CANBK,580.0,CE,0.0,0.0,0.0,2.25,0.0,0,0.0,0
2012-08-16,2012-08-30,OPTSTK,CANBK,600.0,CE,0.0,0.0,0.0,1.55,0.0,0,0.0,0
2012-08-16,2012-08-30,OPTSTK,CANBK,240.0,PE,0.0,0.0,0.0,0.15,0.0,0,0.0,0
2012-08-16,2012-08-30,OPTSTK,CANBK,260.0,PE,0.0,0.0,0.0,0.35,0.0,0,0.0,0
2012-08-16,2012-08-30,OPTSTK,CANBK,280.0,PE,0.0,0.0,0.0,0.95,0.0,0,0.0,0
2012-08-16,2012-08-30,OPTSTK,CANBK,300.0,PE,0.0,0.0,0.0,0.5,0.05,0,0.0,1500
2012-08-16,2012-08-30,OPTSTK,CANBK,320.0,PE,0.0,0.0,0.0,1.0,0.3,0,0.0,0
2012-08-16,2012-08-30,OPTSTK,CANBK,340.0,PE,1.25,1.75,1.25,1.75,1.75,2,3.41,4500
2012-08-16,2012-08-30,OPTSTK,CANBK,360.0,PE,8.0,8.0,6.65,6.65,6.65,7,12.86,10500
2012-08-16,2012-08-30,OPTSTK,CANBK,380.0,PE,0.0,0.0,0.0,20.0,23.55,0,0.0,500
2012-08-16,2012-08-30,OPTSTK,CANBK,400.0,PE,0.0,0.0,0.0,36.9,41.65,0,0.0,500
2012-08-16,2012-08-30,OPTSTK,CANBK,420.0,PE,0.0,0.0,0.0,32.0,61.25,0,0.0,500
2012-08-16,2012-08-30,OPTSTK,CANBK,440.0,PE,0.0,0.0,0.0,50.2,81.15,0,0.0,0
2012-08-16,2012-08-30,OPTSTK,CANBK,460.0,PE,0.0,0.0,0.0,63.85,101.1,0,0.0,0
2012-08-16,2012-08-30,OPTSTK,CANBK,480.0,PE,0.0,0.0,0.0,78.85,121.0,0,0.0,0
2012-08-16,2012-08-30,OPTSTK,CANBK,500.0,PE,0.0,0.0,0.0,94.9,140.95,0,0.0,0
2012-08-16,2012-08-30,OPTSTK,CANBK,520.0,PE,0.0,0.0,0.0,111.85,160.9,0,0.0,0
2012-08-16,2012-08-30,OPTSTK,CANBK,540.0,PE,0.0,0.0,0.0,129.45,180.8,0,0.0,0
2012-08-16,2012-08-30,OPTSTK,CANBK,560.0,PE,0.0,0.0,0.0,147.6,200.75,0,0.0,0
2012-08-16,2012-08-30,OPTSTK,CANBK,580.0,PE,0.0,0.0,0.0,166.15,220.7,0,0.0,0
2012-08-16,2012-08-30,OPTSTK,CANBK,600.0,PE,0.0,0.0,0.0,185.0,240.6,0,0.0,0
2012-08-16,2012-09-27,OPTSTK,CANBK,240.0,CE,0.0,0.0,0.0,171.0,119.9,0,0.0,0
2012-08-16,2012-09-27,OPTSTK,CANBK,260.0,CE,0.0,0.0,0.0,151.55,100.1,0,0.0,0
2012-08-16,2012-09-27,OPTSTK,CANBK,280.0,CE,0.0,0.0,0.0,132.25,80.4,0,0.0,0
2012-08-16,2012-09-27,OPTSTK,CANBK,300.0,CE,0.0,0.0,0.0,113.25,61.15,0,0.0,0
2012-08-16,2012-09-27,OPTSTK,CANBK,320.0,CE,0.0,0.0,0.0,94.95,43.1,0,0.0,0
2012-08-16,2012-09-27,OPTSTK,CANBK,340.0,CE,0.0,0.0,0.0,77.7,27.65,0,0.0,0
2012-08-16,2012-09-27,OPTSTK,CANBK,360.0,CE,0.0,0.0,0.0,62.0,15.95,0,0.0,0
2012-08-16,2012-09-27,OPTSTK,CANBK,380.0,CE,11.3,11.3,9.0,9.0,9.0,10,19.5,4500
2012-08-16,2012-09-27,OPTSTK,CANBK,400.0,CE,0.0,0.0,0.0,36.35,3.75,0,0.0,0
2012-08-16,2012-09-27,OPTSTK,CANBK,420.0,CE,0.0,0.0,0.0,26.75,1.55,0,0.0,0
2012-08-16,2012-09-27,OPTSTK,CANBK,440.0,CE,0.0,0.0,0.0,19.2,0.6,0,0.0,0
2012-08-16,2012-09-27,OPTSTK,CANBK,460.0,CE,0.0,0.0,0.0,13.45,0.2,0,0.0,0
2012-08-16,2012-09-27,OPTSTK,CANBK,480.0,CE,0.0,0.0,0.0,9.2,0.1,0,0.0,0
2012-08-16,2012-09-27,OPTSTK,CANBK,500.0,CE,0.0,0.0,0.0,6.15,0.05,0,0.0,0
2012-08-16,2012-09-27,OPTSTK,CANBK,520.0,CE,0.0,0.0,0.0,4.05,0.0,0,0.0,0
2012-08-16,2012-09-27,OPTSTK,CANBK,540.0,CE,0.0,0.0,0.0,2.6,0.0,0,0.0,0
2012-08-16,2012-09-27,OPTSTK,CANBK,560.0,CE,0.0,0.0,0.0,1.65,0.0,0,0.0,0
2012-08-16,2012-09-27,OPTSTK,CANBK,580.0,CE,0.0,0.0,0.0,1.05,0.0,0,0.0,0
2012-08-16,2012-09-27,OPTSTK,CANBK,600.0,CE,0.0,0.0,0.0,0.65,0.0,0,0.0,0
2012-08-16,2012-09-27,OPTSTK,CANBK,240.0,PE,0.0,0.0,0.0,0.05,0.0,0,0.0,0
2012-08-16,2012-09-27,OPTSTK,CANBK,260.0,PE,0.0,0.0,0.0,0.1,0.05,0,0.0,0
2012-08-16,2012-09-27,OPTSTK,CANBK,280.0,PE,0.0,0.0,0.0,0.3,0.1,0,0.0,0
2012-08-16,2012-09-27,OPTSTK,CANBK,300.0,PE,0.0,0.0,0.0,0.85,0.65,0,0.0,0
2012-08-16,2012-09-27,OPTSTK,CANBK,320.0,PE,0.0,0.0,0.0,2.1,2.4,0,0.0,0
2012-08-16,2012-09-27,OPTSTK,CANBK,340.0,PE,0.0,0.0,0.0,4.4,6.75,0,0.0,0
2012-08-16,2012-09-27,OPTSTK,CANBK,360.0,PE,0.0,0.0,0.0,8.2,14.8,0,0.0,0
2012-08-16,2012-09-27,OPTSTK,CANBK,380.0,PE,0.0,0.0,0.0,13.9,26.85,0,0.0,0
2012-08-16,2012-09-27,OPTSTK,CANBK,400.0,PE,0.0,0.0,0.0,21.65,42.2,0,0.0,0
2012-08-16,2012-09-27,OPTSTK,CANBK,420.0,PE,0.0,0.0,0.0,31.6,59.8,0,0.0,0
2012-08-16,2012-09-27,OPTSTK,CANBK,440.0,PE,0.0,0.0,0.0,43.55,78.65,0,0.0,0
2012-08-16,2012-09-27,OPTSTK,CANBK,460.0,PE,0.0,0.0,0.0,57.35,98.05,0,0.0,0
2012-08-16,2012-09-27,OPTSTK,CANBK,480.0,PE,0.0,0.0,0.0,72.65,117.7,0,0.0,0
2012-08-16,2012-09-27,OPTSTK,CANBK,500.0,PE,0.0,0.0,0.0,89.15,137.45,0,0.0,0
2012-08-16,2012-09-27,OPTSTK,CANBK,520.0,PE,0.0,0.0,0.0,106.55,157.25,0,0.0,0
2012-08-16,2012-09-27,OPTSTK,CANBK,540.0,PE,0.0,0.0,0.0,124.65,177.05,0,0.0,0
2012-08-16,2012-09-27,OPTSTK,CANBK,560.0,PE,0.0,0.0,0.0,143.25,196.85,0,0.0,0
2012-08-16,2012-09-27,OPTSTK,CANBK,580.0,PE,0.0,0.0,0.0,162.15,216.6,0,0.0,0
2012-08-16,2012-09-27,OPTSTK,CANBK,600.0,PE,0.0,0.0,0.0,181.3,236.4,0,0.0,0
2012-08-16,2012-10-25,OPTSTK,CANBK,240.0,CE,0.0,0.0,0.0,126.65,121.55,0,0.0,0
2012-08-16,2012-10-25,OPTSTK,CANBK,260.0,CE,0.0,0.0,0.0,107.45,102.0,0,0.0,0
2012-08-16,2012-10-25,OPTSTK,CANBK,280.0,CE,0.0,0.0,0.0,88.85,82.75,0,0.0,0
2012-08-16,2012-10-25,OPTSTK,CANBK,300.0,CE,0.0,0.0,0.0,71.35,64.3,0,0.0,0
2012-08-16,2012-10-25,OPTSTK,CANBK,320.0,CE,0.0,0.0,0.0,55.4,47.45,0,0.0,0
2012-08-16,2012-10-25,OPTSTK,CANBK,340.0,CE,0.0,0.0,0.0,41.6,33.0,0,0.0,0
2012-08-16,2012-10-25,OPTSTK,CANBK,360.0,CE,0.0,0.0,0.0,30.15,21.6,0,0.0,0
2012-08-16,2012-10-25,OPTSTK,CANBK,380.0,CE,0.0,0.0,0.0,21.1,13.25,0,0.0,0
2012-08-16,2012-10-25,OPTSTK,CANBK,400.0,CE,0.0,0.0,0.0,14.35,7.7,0,0.0,0
2012-08-16,2012-10-25,OPTSTK,CANBK,420.0,CE,0.0,0.0,0.0,9.45,4.2,0,0.0,0
2012-08-16,2012-10-25,OPTSTK,CANBK,440.0,CE,0.0,0.0,0.0,6.05,2.15,0,0.0,0
2012-08-16,2012-10-25,OPTSTK,CANBK,460.0,CE,0.0,0.0,0.0,3.8,1.1,0,0.0,0
2012-08-16,2012-10-25,OPTSTK,CANBK,480.0,CE,0.0,0.0,0.0,2.3,0.5,0,0.0,0
2012-08-16,2012-10-25,OPTSTK,CANBK,500.0,CE,0.0,0.0,0.0,1.4,0.25,0,0.0,0
2012-08-16,2012-10-25,OPTSTK,CANBK,520.0,CE,0.0,0.0,0.0,0.8,0.1,0,0.0,0
2012-08-16,2012-10-25,OPTSTK,CANBK,540.0,CE,0.0,0.0,0.0,0.5,0.05,0,0.0,0
2012-08-16,2012-10-25,OPTSTK,CANBK,560.0,CE,0.0,0.0,0.0,0.3,0.05,0,0.0,0
2012-08-16,2012-10-25,OPTSTK,CANBK,240.0,PE,0.0,0.0,0.0,0.15,0.05,0,0.0,0
2012-08-16,2012-10-25,OPTSTK,CANBK,260.0,PE,0.0,0.0,0.0,0.5,0.15,0,0.0,0
2012-08-16,2012-10-25,OPTSTK,CANBK,280.0,PE,0.0,0.0,0.0,1.45,0.55,0,0.0,0
2012-08-16,2012-10-25,OPTSTK,CANBK,300.0,PE,0.0,0.0,0.0,3.45,1.75,0,0.0,0
2012-08-16,2012-10-25,OPTSTK,CANBK,320.0,PE,0.0,0.0,0.0,7.1,4.55,0,0.0,0
2012-08-16,2012-10-25,OPTSTK,CANBK,340.0,PE,0.0,0.0,0.0,12.8,9.8,0,0.0,0
2012-08-16,2012-10-25,OPTSTK,CANBK,360.0,PE,0.0,0.0,0.0,20.95,18.0,0,0.0,0
2012-08-16,2012-10-25,OPTSTK,CANBK,380.0,PE,0.0,0.0,0.0,31.45,29.35,0,0.0,0
2012-08-16,2012-10-25,OPTSTK,CANBK,400.0,PE,0.0,0.0,0.0,44.2,43.4,0,0.0,0
2012-08-16,2012-10-25,OPTSTK,CANBK,420.0,PE,0.0,0.0,0.0,58.85,59.6,0,0.0,0
2012-08-16,2012-10-25,OPTSTK,CANBK,440.0,PE,0.0,0.0,0.0,75.0,77.2,0,0.0,0
2012-08-16,2012-10-25,OPTSTK,CANBK,460.0,PE,0.0,0.0,0.0,92.3,95.8,0,0.0,0
2012-08-16,2012-10-25,OPTSTK,CANBK,480.0,PE,0.0,0.0,0.0,110.35,114.85,0,0.0,0
2012-08-16,2012-10-25,OPTSTK,CANBK,500.0,PE,0.0,0.0,0.0,129.0,134.25,0,0.0,0
2012-08-16,2012-10-25,OPTSTK,CANBK,520.0,PE,0.0,0.0,0.0,147.95,153.8,0,0.0,0
2012-08-16,2012-10-25,OPTSTK,CANBK,540.0,PE,0.0,0.0,0.0,167.15,173.4,0,0.0,0
2012-08-16,2012-10-25,OPTSTK,CANBK,560.0,PE,0.0,0.0,0.0,186.5,193.0,0,0.0,0
2012-08-16,2012-08-30,OPTSTK,CENTRALBK,45.0,CE,0.0,0.0,0.0,33.0,25.1,0,0.0,0
2012-08-16,2012-08-30,OPTSTK,CENTRALBK,50.0,CE,0.0,0.0,0.0,28.4,20.15,0,0.0,0
2012-08-16,2012-08-30,OPTSTK,CENTRALBK,55.0,CE,0.0,0.0,0.0,24.05,15.15,0,0.0,0
2012-08-16,2012-08-30,OPTSTK,CENTRALBK,60.0,CE,0.0,0.0,0.0,20.05,10.2,0,0.0,0
2012-08-16,2012-08-30,OPTSTK,CENTRALBK,65.0,CE,0.0,0.0,0.0,16.45,5.6,0,0.0,0
2012-08-16,2012-08-30,OPTSTK,CENTRALBK,70.0,CE,2.3,2.35,2.3,2.35,2.35,2,2.89,12000
2012-08-16,2012-08-30,OPTSTK,CENTRALBK,75.0,CE,0.55,0.55,0.55,0.55,0.55,1,1.51,18000
2012-08-16,2012-08-30,OPTSTK,CENTRALBK,80.0,CE,0.0,0.0,0.0,0.9,0.1,0,0.0,6000
2012-08-16,2012-08-30,OPTSTK,CENTRALBK,85.0,CE,0.0,0.0,0.0,0.35,0.05,0,0.0,2000
2012-08-16,2012-08-30,OPTSTK,CENTRALBK,90.0,CE,0.0,0.0,0.0,3.0,0.0,0,0.0,4000
2012-08-16,2012-08-30,OPTSTK,CENTRALBK,95.0,CE,0.0,0.0,0.0,1.2,0.0,0,0.0,2000
2012-08-16,2012-08-30,OPTSTK,CENTRALBK,100.0,CE,0.0,0.0,0.0,2.95,0.0,0,0.0,0
2012-08-16,2012-08-30,OPTSTK,CENTRALBK,105.0,CE,0.0,0.0,0.0,2.25,0.0,0,0.0,0
2012-08-16,2012-08-30,OPTSTK,CENTRALBK,110.0,CE,0.0,0.0,0.0,1.7,0.0,0,0.0,0
2012-08-16,2012-08-30,OPTSTK,CENTRALBK,115.0,CE,0.0,0.0,0.0,1.25,0.0,0,0.0,0
2012-08-16,2012-08-30,OPTSTK,CENTRALBK,120.0,CE,0.0,0.0,0.0,0.95,0.0,0,0.0,0
2012-08-16,2012-08-30,OPTSTK,CENTRALBK,125.0,CE,0.0,0.0,0.0,0.7,0.0,0,0.0,0
2012-08-16,2012-08-30,OPTSTK,CENTRALBK,45.0,PE,0.0,0.0,0.0,0.2,0.0,0,0.0,0
2012-08-16,2012-08-30,OPTSTK,CENTRALBK,50.0,PE,0.0,0.0,0.0,0.5,0.0,0,0.0,0
2012-08-16,2012-08-30,OPTSTK,CENTRALBK,55.0,PE,0.0,0.0,0.0,1.05,0.0,0,0.0,0
2012-08-16,2012-08-30,OPTSTK,CENTRALBK,60.0,PE,0.0,0.0,0.0,1.9,0.05,0,0.0,0
2012-08-16,2012-08-30,OPTSTK,CENTRALBK,65.0,PE,0.0,0.0,0.0,3.2,0.45,0,0.0,0
2012-08-16,2012-08-30,OPTSTK,CENTRALBK,70.0,PE,0.0,0.0,0.0,2.5,2.05,0,0.0,2000
2012-08-16,2012-08-30,OPTSTK,CENTRALBK,75.0,PE,0.0,0.0,0.0,5.0,5.4,0,0.0,2000
2012-08-16,2012-08-30,OPTSTK,CENTRALBK,80.0,PE,0.0,0.0,0.0,9.75,9.9,0,0.0,0
2012-08-16,2012-08-30,OPTSTK,CENTRALBK,85.0,PE,0.0,0.0,0.0,12.8,14.8,0,0.0,0
2012-08-16,2012-08-30,OPTSTK,CENTRALBK,90.0,PE,0.0,0.0,0.0,16.2,19.75,0,0.0,0
2012-08-16,2012-08-30,OPTSTK,CENTRALBK,95.0,PE,0.0,0.0,0.0,19.9,24.75,0,0.0,0
2012-08-16,2012-08-30,OPTSTK,CENTRALBK,100.0,PE,0.0,0.0,0.0,23.85,29.75,0,0.0,0
2012-08-16,2012-08-30,OPTSTK,CENTRALBK,105.0,PE,0.0,0.0,0.0,28.0,34.7,0,0.0,0
2012-08-16,2012-08-30,OPTSTK,CENTRALBK,110.0,PE,0.0,0.0,0.0,32.35,39.7,0,0.0,0
2012-08-16,2012-08-30,OPTSTK,CENTRALBK,115.0,PE,0.0,0.0,0.0,36.8,44.7,0,0.0,0
2012-08-16,2012-08-30,OPTSTK,CENTRALBK,120.0,PE,0.0,0.0,0.0,41.35,49.65,0,0.0,0
2012-08-16,2012-08-30,OPTSTK,CENTRALBK,125.0,PE,0.0,0.0,0.0,46.0,54.65,0,0.0,0
2012-08-16,2012-09-27,OPTSTK,CENTRALBK,45.0,CE,0.0,0.0,0.0,33.5,25.45,0,0.0,0
2012-08-16,2012-09-27,OPTSTK,CENTRALBK,50.0,CE,0.0,0.0,0.0,28.65,20.5,0,0.0,0
2012-08-16,2012-09-27,OPTSTK,CENTRALBK,55.0,CE,0.0,0.0,0.0,23.9,15.65,0,0.0,0
2012-08-16,2012-09-27,OPTSTK,CENTRALBK,60.0,CE,0.0,0.0,0.0,19.35,11.0,0,0.0,0
2012-08-16,2012-09-27,OPTSTK,CENTRALBK,65.0,CE,0.0,0.0,0.0,15.2,7.05,0,0.0,0
2012-08-16,2012-09-27,OPTSTK,CENTRALBK,70.0,CE,0.0,0.0,0.0,11.5,4.0,0,0.0,0
2012-08-16,2012-09-27,OPTSTK,CENTRALBK,75.0,CE,0.0,0.0,0.0,8.4,2.05,0,0.0,0
2012-08-16,2012-09-27,OPTSTK,CENTRALBK,80.0,CE,0.0,0.0,0.0,5.95,0.95,0,0.0,0
2012-08-16,2012-09-27,OPTSTK,CENTRALBK,85.0,CE,0.0,0.0,0.0,4.1,0.4,0,0.0,0
2012-08-16,2012-09-27,OPTSTK,CENTRALBK,90.0,CE,0.0,0.0,0.0,2.75,0.15,0,0.0,0
2012-08-16,2012-09-27,OPTSTK,CENTRALBK,95.0,CE,0.0,0.0,0.0,1.8,0.05,0,0.0,0
2012-08-16,2012-09-27,OPTSTK,CENTRALBK,100.0,CE,0.0,0.0,0.0,1.15,0.05,0,0.0,0
2012-08-16,2012-09-27,OPTSTK,CENTRALBK,105.0,CE,0.0,0.0,0.0,0.7,0.0,0,0.0,0
2012-08-16,2012-09-27,OPTSTK,CENTRALBK,110.0,CE,0.0,0.0,0.0,0.45,0.0,0,0.0,0
2012-08-16,2012-09-27,OPTSTK,CENTRALBK,115.0,CE,0.0,0.0,0.0,0.25,0.0,0,0.0,0
2012-08-16,2012-09-27,OPTSTK,CENTRALBK,120.0,CE,0.0,0.0,0.0,0.15,0.0,0,0.0,0
2012-08-16,2012-09-27,OPTSTK,CENTRALBK,125.0,CE,0.0,0.0,0.0,0.1,0.0,0,0.0,0
2012-08-16,2012-09-27,OPTSTK,CENTRALBK,45.0,PE,0.0,0.0,0.0,0.05,0.0,0,0.0,0
2012-08-16,2012-09-27,OPTSTK,CENTRALBK,50.0,PE,0.0,0.0,0.0,0.05,0.05,0,0.0,0
2012-08-16,2012-09-27,OPTSTK,CENTRALBK,55.0,PE,0.0,0.0,0.0,0.2,0.1,0,0.0,0
2012-08-16,2012-09-27,OPTSTK,CENTRALBK,60.0,PE,0.0,0.0,0.0,0.55,0.45,0,0.0,0
2012-08-16,2012-09-27,OPTSTK,CENTRALBK,65.0,PE,0.0,0.0,0.0,1.25,1.4,0,0.0,0
2012-08-16,2012-09-27,OPTSTK,CENTRALBK,70.0,PE,0.0,0.0,0.0,2.5,3.35,0,0.0,0
2012-08-16,2012-09-27,OPTSTK,CENTRALBK,75.0,PE,0.0,0.0,0.0,4.3,6.3,0,0.0,0
2012-08-16,2012-09-27,OPTSTK,CENTRALBK,80.0,PE,0.0,0.0,0.0,6.7,10.15,0,0.0,0
2012-08-16,2012-09-27,OPTSTK,CENTRALBK,85.0,PE,0.0,0.0,0.0,9.7,14.55,0,0.0,0
2012-08-16,2012-09-27,OPTSTK,CENTRALBK,90.0,PE,0.0,0.0,0.0,13.25,19.25,0,0.0,0
2012-08-16,2012-09-27,OPTSTK,CENTRALBK,95.0,PE,0.0,0.0,0.0,17.15,24.15,0,0.0,0
2012-08-16,2012-09-27,OPTSTK,CENTRALBK,100.0,PE,0.0,0.0,0.0,21.4,29.05,0,0.0,0
2012-08-16,2012-09-27,OPTSTK,CENTRALBK,105.0,PE,0.0,0.0,0.0,25.85,34.0,0,0.0,0
2012-08-16,2012-09-27,OPTSTK,CENTRALBK,110.0,PE,0.0,0.0,0.0,30.5,38.95,0,0.0,0
2012-08-16,2012-09-27,OPTSTK,CENTRALBK,115.0,PE,0.0,0.0,0.0,35.2,43.9,0,0.0,0
2012-08-16,2012-09-27,OPTSTK,CENTRALBK,120.0,PE,0.0,0.0,0.0,40.0,48.85,0,0.0,0
2012-08-16,2012-09-27,OPTSTK,CENTRALBK,125.0,PE,0.0,0.0,0.0,44.8,53.8,0,0.0,0
2012-08-16,2012-10-25,OPTSTK,CENTRALBK,45.0,CE,0.0,0.0,0.0,29.05,25.75,0,0.0,0
2012-08-16,2012-10-25,OPTSTK,CENTRALBK,50.0,CE,0.0,0.0,0.0,24.25,20.9,0,0.0,0
2012-08-16,2012-10-25,OPTSTK,CENTRALBK,55.0,CE,0.0,0.0,0.0,19.55,16.2,0,0.0,0
2012-08-16,2012-10-25,OPTSTK,CENTRALBK,60.0,CE,0.0,0.0,0.0,15.15,11.9,0,0.0,0
2012-08-16,2012-10-25,OPTSTK,CENTRALBK,65.0,CE,0.0,0.0,0.0,11.3,8.2,0,0.0,0
2012-08-16,2012-10-25,OPTSTK,CENTRALBK,70.0,CE,0.0,0.0,0.0,8.0,5.3,0,0.0,0
2012-08-16,2012-10-25,OPTSTK,CENTRALBK,75.0,CE,0.0,0.0,0.0,5.45,3.2,0,0.0,0
2012-08-16,2012-10-25,OPTSTK,CENTRALBK,80.0,CE,0.0,0.0,0.0,3.55,1.85,0,0.0,0
2012-08-16,2012-10-25,OPTSTK,CENTRALBK,85.0,CE,0.0,0.0,0.0,2.25,1.0,0,0.0,0
2012-08-16,2012-10-25,OPTSTK,CENTRALBK,90.0,CE,0.0,0.0,0.0,1.35,0.55,0,0.0,0
2012-08-16,2012-10-25,OPTSTK,CENTRALBK,95.0,CE,0.0,0.0,0.0,0.8,0.25,0,0.0,0
2012-08-16,2012-10-25,OPTSTK,CENTRALBK,100.0,CE,0.0,0.0,0.0,0.45,0.15,0,0.0,0
2012-08-16,2012-10-25,OPTSTK,CENTRALBK,105.0,CE,0.0,0.0,0.0,0.25,0.05,0,0.0,0
2012-08-16,2012-10-25,OPTSTK,CENTRALBK,110.0,CE,0.0,0.0,0.0,0.15,0.05,0,0.0,0
2012-08-16,2012-10-25,OPTSTK,CENTRALBK,115.0,CE,0.0,0.0,0.0,0.1,0.05,0,0.0,0
2012-08-16,2012-10-25,OPTSTK,CENTRALBK,120.0,CE,0.0,0.0,0.0,0.05,0.0,0,0.0,0
2012-08-16,2012-10-25,OPTSTK,CENTRALBK,125.0,CE,0.0,0.0,0.0,0.05,0.0,0,0.0,0
2012-08-16,2012-10-25,OPTSTK,CENTRALBK,45.0,PE,0.0,0.0,0.0,0.05,0.05,0,0.0,0
2012-08-16,2012-10-25,OPTSTK,CENTRALBK,50.0,PE,0.0,0.0,0.0,0.1,0.1,0,0.0,0
2012-08-16,2012-10-25,OPTSTK,CENTRALBK,55.0,PE,0.0,0.0,0.0,0.3,0.3,0,0.0,0
2012-08-16,2012-10-25,OPTSTK,CENTRALBK,60.0,PE,0.0,0.0,0.0,0.8,0.9,0,0.0,0
2012-08-16,2012-10-25,OPTSTK,CENTRALBK,65.0,PE,0.0,0.0,0.0,1.8,2.15,0,0.0,0
2012-08-16,2012-10-25,OPTSTK,CENTRALBK,70.0,PE,0.0,0.0,0.0,3.45,4.15,0,0.0,0
2012-08-16,2012-10-25,OPTSTK,CENTRALBK,75.0,PE,0.0,0.0,0.0,5.75,7.0,0,0.0,0
2012-08-16,2012-10-25,OPTSTK,CENTRALBK,80.0,PE,0.0,0.0,0.0,8.75,10.5,0,0.0,0
2012-08-16,2012-10-25,OPTSTK,CENTRALBK,85.0,PE,0.0,0.0,0.0,12.3,14.6,0,0.0,0
2012-08-16,2012-10-25,OPTSTK,CENTRALBK,90.0,PE,0.0,0.0,0.0,16.35,19.05,0,0.0,0
2012-08-16,2012-10-25,OPTSTK,CENTRALBK,95.0,PE,0.0,0.0,0.0,20.65,23.7,0,0.0,0
2012-08-16,2012-10-25,OPTSTK,CENTRALBK,100.0,PE,0.0,0.0,0.0,25.2,28.45,0,0.0,0
2012-08-16,2012-10-25,OPTSTK,CENTRALBK,105.0,PE,0.0,0.0,0.0,29.9,33.3,0,0.0,0
2012-08-16,2012-10-25,OPTSTK,CENTRALBK,110.0,PE,0.0,0.0,0.0,34.65,38.2,0,0.0,0
2012-08-16,2012-10-25,OPTSTK,CENTRALBK,115.0,PE,0.0,0.0,0.0,39.5,43.1,0,0.0,0
2012-08-16,2012-10-25,OPTSTK,CENTRALBK,120.0,PE,0.0,0.0,0.0,44.35,48.0,0,0.0,0
2012-08-16,2012-10-25,OPTSTK,CENTRALBK,125.0,PE,0.0,0.0,0.0,49.2,52.95,0,0.0,0
2012-08-16,2012-08-30,OPTSTK,CENTURYTEX,160.0,CE,0.0,0.0,0.0,115.6,171.65,0,0.0,0
2012-08-16,2012-08-30,OPTSTK,CENTURYTEX,180.0,CE,0.0,0.0,0.0,96.65,151.7,0,0.0,0
2012-08-16,2012-08-30,OPTSTK,CENTURYTEX,200.0,CE,0.0,0.0,0.0,78.65,131.8,0,0.0,0
2012-08-16,2012-08-30,OPTSTK,CENTURYTEX,220.0,CE,0.0,0.0,0.0,62.1,111.85,0,0.0,0
2012-08-16,2012-08-30,OPTSTK,CENTURYTEX,240.0,CE,0.0,0.0,0.0,79.0,91.9,0,0.0,0
2012-08-16,2012-08-30,OPTSTK,CENTURYTEX,260.0,CE,0.0,0.0,0.0,35.4,72.0,0,0.0,0
2012-08-16,2012-08-30,OPTSTK,CENTURYTEX,280.0,CE,53.0,53.0,53.0,53.0,53.0,1,3.33,9000
2012-08-16,2012-08-30,OPTSTK,CENTURYTEX,300.0,CE,36.0,36.0,31.3,31.4,31.4,10,33.31,42000
2012-08-16,2012-08-30,OPTSTK,CENTURYTEX,320.0,CE,15.4,18.5,13.55,14.6,14.6,33,110.93,95000
2012-08-16,2012-08-30,OPTSTK,CENTURYTEX,340.0,CE,3.8,6.4,3.8,4.4,4.4,83,286.44,67000
2012-08-16,2012-08-30,OPTSTK,CENTURYTEX,360.0,CE,1.6,1.6,0.8,0.8,0.8,8,28.89,29000
2012-08-16,2012-08-30,OPTSTK,CENTURYTEX,380.0,CE,0.0,0.0,0.0,3.75,0.65,0,0.0,0
2012-08-16,2012-08-30,OPTSTK,CENTURYTEX,400.0,CE,0.0,0.0,0.0,2.45,0.15,0,0.0,0
2012-08-16,2012-08-30,OPTSTK,CENTURYTEX,420.0,CE,0.0,0.0,0.0,1.55,0.05,0,0.0,0
2012-08-16,2012-08-30,OPTSTK,CENTURYTEX,440.0,CE,0.0,0.0,0.0,1.0,0.0,0,0.0,0
2012-08-16,2012-08-30,OPTSTK,CENTURYTEX,460.0,CE,0.0,0.0,0.0,0.65,0.0,0,0.0,0
2012-08-16,2012-08-30,OPTSTK,CENTURYTEX,480.0,CE,0.0,0.0,0.0,0.4,0.0,0,0.0,0
2012-08-16,2012-08-30,OPTSTK,CENTURYTEX,160.0,PE,0.0,0.0,0.0,0.25,0.0,0,0.0,0
2012-08-16,2012-08-30,OPTSTK,CENTURYTEX,180.0,PE,0.0,0.0,0.0,0.8,0.0,0,0.0,0
2012-08-16,2012-08-30,OPTSTK,CENTURYTEX,200.0,PE,0.0,0.0,0.0,2.3,0.0,0,0.0,0
2012-08-16,2012-08-30,OPTSTK,CENTURYTEX,220.0,PE,0.0,0.0,0.0,5.3,0.0,0,0.0,0
2012-08-16,2012-08-30,OPTSTK,CENTURYTEX,240.0,PE,0.0,0.0,0.0,1.05,0.0,0,0.0,1000
2012-08-16,2012-08-30,OPTSTK,CENTURYTEX,260.0,PE,0.15,0.15,0.15,0.15,0.15,2,5.2,5000
2012-08-16,2012-08-30,OPTSTK,CENTURYTEX,280.0,PE,0.05,0.3,0.05,0.15,0.15,7,19.61,50000
2012-08-16,2012-08-30,OPTSTK,CENTURYTEX,300.0,PE,0.5,0.75,0.25,0.7,0.7,12,36.06,57000
2012-08-16,2012-08-30,OPTSTK,CENTURYTEX,320.0,PE,3.4,3.8,2.25,3.6,3.6,32,103.37,47000
2012-08-16,2012-08-30,OPTSTK,CENTURYTEX,340.0,PE,12.85,13.8,11.6,13.35,13.35,5,17.63,7000
2012-08-16,2012-08-30,OPTSTK,CENTURYTEX,360.0,PE,0.0,0.0,0.0,44.85,30.25,0,0.0,2000
2012-08-16,2012-08-30,OPTSTK,CENTURYTEX,380.0,PE,0.0,0.0,0.0,103.1,48.3,0,0.0,0
2012-08-16,2012-08-30,OPTSTK,CENTURYTEX,400.0,PE,0.0,0.0,0.0,121.3,67.7,0,0.0,0
2012-08-16,2012-08-30,OPTSTK,CENTURYTEX,420.0,PE,0.0,0.0,0.0,139.95,87.55,0,0.0,0
2012-08-16,2012-08-30,OPTSTK,CENTURYTEX,440.0,PE,0.0,0.0,0.0,158.9,107.45,0,0.0,0
2012-08-16,2012-08-30,OPTSTK,CENTURYTEX,460.0,PE,0.0,0.0,0.0,178.05,127.4,0,0.0,0
2012-08-16,2012-08-30,OPTSTK,CENTURYTEX,480.0,PE,0.0,0.0,0.0,197.35,147.3,0,0.0,0
2012-08-16,2012-09-27,OPTSTK,CENTURYTEX,160.0,CE,0.0,0.0,0.0,143.6,172.75,0,0.0,0
2012-08-16,2012-09-27,OPTSTK,CENTURYTEX,180.0,CE,0.0,0.0,0.0,124.2,153.0,0,0.0,0
2012-08-16,2012-09-27,OPTSTK,CENTURYTEX,200.0,CE,0.0,0.0,0.0,105.2,133.2,0,0.0,0
2012-08-16,2012-09-27,OPTSTK,CENTURYTEX,220.0,CE,0.0,0.0,0.0,87.0,113.4,0,0.0,0
2012-08-16,2012-09-27,OPTSTK,CENTURYTEX,240.0,CE,0.0,0.0,0.0,70.1,93.75,0,0.0,0
2012-08-16,2012-09-27,OPTSTK,CENTURYTEX,260.0,CE,0.0,0.0,0.0,54.95,74.45,0,0.0,0
2012-08-16,2012-09-27,OPTSTK,CENTURYTEX,280.0,CE,0.0,0.0,0.0,41.9,56.25,0,0.0,0
2012-08-16,2012-09-27,OPTSTK,CENTURYTEX,300.0,CE,0.0,0.0,0.0,31.15,40.0,0,0.0,0
2012-08-16,2012-09-27,OPTSTK,CENTURYTEX,320.0,CE,0.0,0.0,0.0,14.75,26.6,0,0.0,1000
2012-08-16,2012-09-27,OPTSTK,CENTURYTEX,340.0,CE,0.0,0.0,0.0,16.1,16.5,0,0.0,0
2012-08-16,2012-09-27,OPTSTK,CENTURYTEX,360.0,CE,0.0,0.0,0.0,11.2,9.55,0,0.0,0
2012-08-16,2012-09-27,OPTSTK,CENTURYTEX,380.0,CE,0.0,0.0,0.0,7.7,5.2,0,0.0,0
2012-08-16,2012-09-27,OPTSTK,CENTURYTEX,400.0,CE,0.0,0.0,0.0,5.2,2.65,0,0.0,0
2012-08-16,2012-09-27,OPTSTK,CENTURYTEX,420.0,CE,0.0,0.0,0.0,3.45,1.3,0,0.0,0
2012-08-16,2012-09-27,OPTSTK,CENTURYTEX,440.0,CE,0.0,0.0,0.0,2.3,0.6,0,0.0,0
2012-08-16,2012-09-27,OPTSTK,CENTURYTEX,460.0,CE,0.0,0.0,0.0,1.5,0.25,0,0.0,0
2012-08-16,2012-09-27,OPTSTK,CENTURYTEX,480.0,CE,0.0,0.0,0.0,0.95,0.15,0,0.0,0
2012-08-16,2012-09-27,OPTSTK,CENTURYTEX,160.0,PE,0.0,0.0,0.0,0.05,0.0,0,0.0,0
2012-08-16,2012-09-27,OPTSTK,CENTURYTEX,180.0,PE,0.0,0.0,0.0,0.25,0.0,0,0.0,0
2012-08-16,2012-09-27,OPTSTK,CENTURYTEX,200.0,PE,0.0,0.0,0.0,0.75,0.0,0,0.0,0
2012-08-16,2012-09-27,OPTSTK,CENTURYTEX,220.0,PE,0.0,0.0,0.0,2.1,0.05,0,0.0,0
2012-08-16,2012-09-27,OPTSTK,CENTURYTEX,240.0,PE,0.0,0.0,0.0,4.7,0.15,0,0.0,0
2012-08-16,2012-09-27,OPTSTK,CENTURYTEX,260.0,PE,0.0,0.0,0.0,9.1,0.7,0,0.0,0
2012-08-16,2012-09-27,OPTSTK,CENTURYTEX,280.0,PE,0.0,0.0,0.0,1.25,2.25,0,0.0,1000
2012-08-16,2012-09-27,OPTSTK,CENTURYTEX,300.0,PE,0.0,0.0,0.0,24.4,5.8,0,0.0,0
2012-08-16,2012-09-27,OPTSTK,CENTURYTEX,320.0,PE,0.0,0.0,0.0,12.7,12.2,0,0.0,1000
2012-08-16,2012-09-27,OPTSTK,CENTURYTEX,340.0,PE,0.0,0.0,0.0,48.35,21.9,0,0.0,0
2012-08-16,2012-09-27,OPTSTK,CENTURYTEX,360.0,PE,0.0,0.0,0.0,63.05,34.75,0,0.0,0
2012-08-16,2012-09-27,OPTSTK,CENTURYTEX,380.0,PE,0.0,0.0,0.0,79.05,50.15,0,0.0,0
2012-08-16,2012-09-27,OPTSTK,CENTURYTEX,400.0,PE,0.0,0.0,0.0,96.1,67.45,0,0.0,0
2012-08-16,2012-09-27,OPTSTK,CENTURYTEX,420.0,PE,0.0,0.0,0.0,113.9,85.85,0,0.0,0
2012-08-16,2012-09-27,OPTSTK,CENTURYTEX,440.0,PE,0.0,0.0,0.0,132.25,104.95,0,0.0,0
2012-08-16,2012-09-27,OPTSTK,CENTURYTEX,460.0,PE,0.0,0.0,0.0,151.0,124.4,0,0.0,0
2012-08-16,2012-09-27,OPTSTK,CENTURYTEX,480.0,PE,0.0,0.0,0.0,170.0,144.05,0,0.0,0
2012-08-16,2012-10-25,OPTSTK,CENTURYTEX,160.0,CE,0.0,0.0,0.0,132.8,173.85,0,0.0,0
2012-08-16,2012-10-25,OPTSTK,CENTURYTEX,180.0,CE,0.0,0.0,0.0,113.45,154.2,0,0.0,0
2012-08-16,2012-10-25,OPTSTK,CENTURYTEX,200.0,CE,0.0,0.0,0.0,94.6,134.6,0,0.0,0
2012-08-16,2012-10-25,OPTSTK,CENTURYTEX,220.0,CE,0.0,0.0,0.0,76.7,115.1,0,0.0,0
2012-08-16,2012-10-25,OPTSTK,CENTURYTEX,240.0,CE,0.0,0.0,0.0,60.3,95.9,0,0.0,0
2012-08-16,2012-10-25,OPTSTK,CENTURYTEX,260.0,CE,0.0,0.0,0.0,46.0,77.55,0,0.0,0
2012-08-16,2012-10-25,OPTSTK,CENTURYTEX,280.0,CE,0.0,0.0,0.0,34.0,60.55,0,0.0,0
2012-08-16,2012-10-25,OPTSTK,CENTURYTEX,300.0,CE,0.0,0.0,0.0,24.4,45.6,0,0.0,0
2012-08-16,2012-10-25,OPTSTK,CENTURYTEX,320.0,CE,0.0,0.0,0.0,17.05,33.0,0,0.0,0
2012-08-16,2012-10-25,OPTSTK,CENTURYTEX,340.0,CE,0.0,0.0,0.0,11.65,23.0,0,0.0,0
2012-08-16,2012-10-25,OPTSTK,CENTURYTEX,360.0,CE,0.0,0.0,0.0,7.8,15.5,0,0.0,0
2012-08-16,2012-10-25,OPTSTK,CENTURYTEX,380.0,CE,0.0,0.0,0.0,5.15,10.1,0,0.0,0
2012-08-16,2012-10-25,OPTSTK,CENTURYTEX,400.0,CE,0.0,0.0,0.0,3.3,6.35,0,0.0,0
2012-08-16,2012-10-25,OPTSTK,CENTURYTEX,420.0,CE,0.0,0.0,0.0,2.1,3.9,0,0.0,0
2012-08-16,2012-10-25,OPTSTK,CENTURYTEX,440.0,CE,0.0,0.0,0.0,1.35,2.35,0,0.0,0
2012-08-16,2012-10-25,OPTSTK,CENTURYTEX,460.0,CE,0.0,0.0,0.0,0.85,1.4,0,0.0,0
2012-08-16,2012-10-25,OPTSTK,CENTURYTEX,480.0,CE,0.0,0.0,0.0,0.5,0.8,0,0.0,0
2012-08-16,2012-10-25,OPTSTK,CENTURYTEX,160.0,PE,0.0,0.0,0.0,0.05,0.0,0,0.0,0
2012-08-16,2012-10-25,OPTSTK,CENTURYTEX,180.0,PE,0.0,0.0,0.0,0.3,0.0,0,0.0,0
2012-08-16,2012-10-25,OPTSTK,CENTURYTEX,200.0,PE,0.0,0.0,0.0,0.95,0.05,0,0.0,0
2012-08-16,2012-10-25,OPTSTK,CENTURYTEX,220.0,PE,0.0,0.0,0.0,2.6,0.2,0,0.0,0
2012-08-16,2012-10-25,OPTSTK,CENTURYTEX,240.0,PE,0.0,0.0,0.0,5.75,0.7,0,0.0,0
2012-08-16,2012-10-25,OPTSTK,CENTURYTEX,260.0,PE,0.0,0.0,0.0,10.95,2.0,0,0.0,0
2012-08-16,2012-10-25,OPTSTK,CENTURYTEX,280.0,PE,0.0,0.0,0.0,18.55,4.65,0,0.0,0
2012-08-16,2012-10-25,OPTSTK,CENTURYTEX,300.0,PE,0.0,0.0,0.0,28.5,9.35,0,0.0,0
2012-08-16,2012-10-25,OPTSTK,CENTURYTEX,320.0,PE,0.0,0.0,0.0,40.7,16.4,0,0.0,0
2012-08-16,2012-10-25,OPTSTK,CENTURYTEX,340.0,PE,0.0,0.0,0.0,54.85,26.1,0,0.0,0
2012-08-16,2012-10-25,OPTSTK,CENTURYTEX,360.0,PE,0.0,0.0,0.0,70.55,38.2,0,0.0,0
2012-08-16,2012-10-25,OPTSTK,CENTURYTEX,380.0,PE,0.0,0.0,0.0,87.4,52.45,0,0.0,0
2012-08-16,2012-10-25,OPTSTK,CENTURYTEX,400.0,PE,0.0,0.0,0.0,105.15,68.4,0,0.0,0
2012-08-16,2012-10-25,OPTSTK,CENTURYTEX,420.0,PE,0.0,0.0,0.0,123.5,85.6,0,0.0,0
2012-08-16,2012-10-25,OPTSTK,CENTURYTEX,440.0,PE,0.0,0.0,0.0,142.25,103.7,0,0.0,0
2012-08-16,2012-10-25,OPTSTK,CENTURYTEX,460.0,PE,0.0,0.0,0.0,161.3,122.4,0,0.0,0
2012-08-16,2012-10-25,OPTSTK,CENTURYTEX,480.0,PE,0.0,0.0,0.0,180.55,141.45,0,0.0,0
2012-08-16,2012-08-30,OPTSTK,CESC,160.0,CE,0.0,0.0,0.0,112.55,152.6,0,0.0,0
2012-08-16,2012-08-30,OPTSTK,CESC,180.0,CE,0.0,0.0,0.0,93.05,132.65,0,0.0,0
2012-08-16,2012-08-30,OPTSTK,CESC,200.0,CE,0.0,0.0,0.0,73.75,112.75,0,0.0,0
2012-08-16,2012-08-30,OPTSTK,CESC,220.0,CE,0.0,0.0,0.0,55.2,92.8,0,0.0,0
2012-08-16,2012-08-30,OPTSTK,CESC,240.0,CE,0.0,0.0,0.0,38.5,72.85,0,0.0,0
2012-08-16,2012-08-30,OPTSTK,CESC,260.0,CE,0.0,0.0,0.0,24.7,52.95,0,0.0,0
2012-08-16,2012-08-30,OPTSTK,CESC,280.0,CE,0.0,0.0,0.0,14.55,33.25,0,0.0,0
2012-08-16,2012-08-30,OPTSTK,CESC,300.0,CE,17.0,18.9,17.0,18.9,18.9,2,6.35,3000
2012-08-16,2012-08-30,OPTSTK,CESC,320.0,CE,0.0,0.0,0.0,4.0,4.9,0,0.0,0
2012-08-16,2012-08-30,OPTSTK,CESC,340.0,CE,0.0,0.0,0.0,1.85,0.9,0,0.0,0
2012-08-16,2012-08-30,OPTSTK,CESC,360.0,CE,0.0,0.0,0.0,0.85,0.1,0,0.0,0
2012-08-16,2012-08-30,OPTSTK,CESC,380.0,CE,0.0,0.0,0.0,0.35,0.05,0,0.0,0
2012-08-16,2012-08-30,OPTSTK,CESC,400.0,CE,0.0,0.0,0.0,0.15,0.0,0,0.0,0
2012-08-16,2012-08-30,OPTSTK,CESC,420.0,CE,0.0,0.0,0.0,0.05,0.0,0,0.0,0
2012-08-16,2012-08-30,OPTSTK,CESC,160.0,PE,0.0,0.0,0.0,0.05,0.0,0,0.0,0
2012-08-16,2012-08-30,OPTSTK,CESC,180.0,PE,0.0,0.0,0.0,0.05,0.0,0,0.0,0
2012-08-16,2012-08-30,OPTSTK,CESC,200.0,PE,0.0,0.0,0.0,0.3,0.0,0,0.0,0
2012-08-16,2012-08-30,OPTSTK,CESC,220.0,PE,0.0,0.0,0.0,1.25,0.0,0,0.0,0
2012-08-16,2012-08-30,OPTSTK,CESC,240.0,PE,0.0,0.0,0.0,4.05,0.0,0,0.0,0
2012-08-16,2012-08-30,OPTSTK,CESC,260.0,PE,0.0,0.0,0.0,9.8,0.05,0,0.0,0
2012-08-16,2012-08-30,OPTSTK,CESC,280.0,PE,0.0,0.0,0.0,19.2,0.3,0,0.0,0
2012-08-16,2012-08-30,OPTSTK,CESC,300.0,PE,4.95,4.95,4.95,4.95,4.95,1,3.04,0
2012-08-16,2012-08-30,OPTSTK,CESC,320.0,PE,0.0,0.0,0.0,47.65,11.75,0,0.0,0
2012-08-16,2012-08-30,OPTSTK,CESC,340.0,PE,0.0,0.0,0.0,65.05,27.7,0,0.0,0
2012-08-16,2012-08-30,OPTSTK,CESC,360.0,PE,0.0,0.0,0.0,83.5,46.85,0,0.0,0
2012-08-16,2012-08-30,OPTSTK,CESC,380.0,PE,0.0,0.0,0.0,102.55,66.7,0,0.0,0
2012-08-16,2012-08-30,OPTSTK,CESC,400.0,PE,0.0,0.0,0.0,121.85,86.65,0,0.0,0
2012-08-16,2012-08-30,OPTSTK,CESC,420.0,PE,0.0,0.0,0.0,141.3,106.55,0,0.0,0
2012-08-16,2012-09-27,OPTSTK,CESC,160.0,CE,0.0,0.0,0.0,129.05,153.7,0,0.0,0
2012-08-16,2012-09-27,OPTSTK,CESC,180.0,CE,0.0,0.0,0.0,109.5,133.95,0,0.0,0
2012-08-16,2012-09-27,OPTSTK,CESC,200.0,CE,0.0,0.0,0.0,90.05,114.15,0,0.0,0
2012-08-16,2012-09-27,OPTSTK,CESC,220.0,CE,0.0,0.0,0.0,70.95,94.35,0,0.0,0
2012-08-16,2012-09-27,OPTSTK,CESC,240.0,CE,0.0,0.0,0.0,52.8,74.6,0,0.0,0
2012-08-16,2012-09-27,OPTSTK,CESC,260.0,CE,0.0,0.0,0.0,36.75,55.2,0,0.0,0
2012-08-16,2012-09-27,OPTSTK,CESC,280.0,CE,0.0,0.0,0.0,23.75,37.15,0,0.0,0
2012-08-16,2012-09-27,OPTSTK,CESC,300.0,CE,0.0,0.0,0.0,14.2,22.05,0,0.0,0
2012-08-16,2012-09-27,OPTSTK,CESC,320.0,CE,0.0,0.0,0.0,7.9,11.35,0,0.0,0
2012-08-16,2012-09-27,OPTSTK,CESC,340.0,CE,0.0,0.0,0.0,4.1,5.05,0,0.0,0
2012-08-16,2012-09-27,OPTSTK,CESC,360.0,CE,0.0,0.0,0.0,2.0,1.9,0,0.0,0
2012-08-16,2012-09-27,OPTSTK,CESC,380.0,CE,0.0,0.0,0.0,0.9,0.65,0,0.0,0
2012-08-16,2012-09-27,OPTSTK,CESC,400.0,CE,0.0,0.0,0.0,0.4,0.2,0,0.0,0
2012-08-16,2012-09-27,OPTSTK,CESC,420.0,CE,0.0,0.0,0.0,0.2,0.05,0,0.0,0
2012-08-16,2012-09-27,OPTSTK,CESC,160.0,PE,0.0,0.0,0.0,0.05,0.0,0,0.0,0
2012-08-16,2012-09-27,OPTSTK,CESC,180.0,PE,0.0,0.0,0.0,0.05,0.0,0,0.0,0
2012-08-16,2012-09-27,OPTSTK,CESC,200.0,PE,0.0,0.0,0.0,0.1,0.0,0,0.0,0
2012-08-16,2012-09-27,OPTSTK,CESC,220.0,PE,0.0,0.0,0.0,0.5,0.0,0,0.0,0
2012-08-16,2012-09-27,OPTSTK,CESC,240.0,PE,0.0,0.0,0.0,1.95,0.05,0,0.0,0
2012-08-16,2012-09-27,OPTSTK,CESC,260.0,PE,0.0,0.0,0.0,5.4,0.45,0,0.0,0
2012-08-16,2012-09-27,OPTSTK,CESC,280.0,PE,0.0,0.0,0.0,11.9,2.2,0,0.0,0
2012-08-16,2012-09-27,OPTSTK,CESC,300.0,PE,0.0,0.0,0.0,21.9,6.9,0,0.0,0
2012-08-16,2012-09-27,OPTSTK,CESC,320.0,PE,0.0,0.0,0.0,35.15,16.0,0,0.0,0
2012-08-16,2012-09-27,OPTSTK,CESC,340.0,PE,0.0,0.0,0.0,50.9,29.45,0,0.0,0
2012-08-16,2012-09-27,OPTSTK,CESC,360.0,PE,0.0,0.0,0.0,68.3,46.15,0,0.0,0
2012-08-16,2012-09-27,OPTSTK,CESC,380.0,PE,0.0,0.0,0.0,86.8,64.65,0,0.0,0
2012-08-16,2012-09-27,OPTSTK,CESC,400.0,PE,0.0,0.0,0.0,105.8,84.0,0,0.0,0
2012-08-16,2012-09-27,OPTSTK,CESC,420.0,PE,0.0,0.0,0.0,125.1,103.7,0,0.0,0
2012-08-16,2012-10-25,OPTSTK,CESC,160.0,CE,0.0,0.0,0.0,128.8,154.8,0,0.0,0
2012-08-16,2012-10-25,OPTSTK,CESC,180.0,CE,0.0,0.0,0.0,109.25,135.15,0,0.0,0
2012-08-16,2012-10-25,OPTSTK,CESC,200.0,CE,0.0,0.0,0.0,89.8,115.5,0,0.0,0
2012-08-16,2012-10-25,OPTSTK,CESC,220.0,CE,0.0,0.0,0.0,70.75,95.9,0,0.0,0
2012-08-16,2012-10-25,OPTSTK,CESC,240.0,CE,0.0,0.0,0.0,52.75,76.5,0,0.0,0
2012-08-16,2012-10-25,OPTSTK,CESC,260.0,CE,0.0,0.0,0.0,36.9,57.85,0,0.0,0
2012-08-16,2012-10-25,OPTSTK,CESC,280.0,CE,0.0,0.0,0.0,24.0,40.95,0,0.0,0
2012-08-16,2012-10-25,OPTSTK,CESC,300.0,CE,0.0,0.0,0.0,14.55,26.85,0,0.0,0
2012-08-16,2012-10-25,OPTSTK,CESC,320.0,CE,0.0,0.0,0.0,8.2,16.2,0,0.0,0
2012-08-16,2012-10-25,OPTSTK,CESC,340.0,CE,0.0,0.0,0.0,4.35,9.0,0,0.0,0
2012-08-16,2012-10-25,OPTSTK,CESC,360.0,CE,0.0,0.0,0.0,2.2,4.65,0,0.0,0
2012-08-16,2012-10-25,OPTSTK,CESC,380.0,CE,0.0,0.0,0.0,1.05,2.25,0,0.0,0
2012-08-16,2012-10-25,OPTSTK,CESC,400.0,CE,0.0,0.0,0.0,0.5,1.0,0,0.0,0
2012-08-16,2012-10-25,OPTSTK,CESC,420.0,CE,0.0,0.0,0.0,0.2,0.45,0,0.0,0
2012-08-16,2012-10-25,OPTSTK,CESC,160.0,PE,0.0,0.0,0.0,0.05,0.0,0,0.0,0
2012-08-16,2012-10-25,OPTSTK,CESC,180.0,PE,0.0,0.0,0.0,0.05,0.0,0,0.0,0
2012-08-16,2012-10-25,OPTSTK,CESC,200.0,PE,0.0,0.0,0.0,0.15,0.0,0,0.0,0
2012-08-16,2012-10-25,OPTSTK,CESC,220.0,PE,0.0,0.0,0.0,0.6,0.05,0,0.0,0
2012-08-16,2012-10-25,OPTSTK,CESC,240.0,PE,0.0,0.0,0.0,2.15,0.35,0,0.0,0
2012-08-16,2012-10-25,OPTSTK,CESC,260.0,PE,0.0,0.0,0.0,5.85,1.35,0,0.0,0
2012-08-16,2012-10-25,OPTSTK,CESC,280.0,PE,0.0,0.0,0.0,12.5,4.1,0,0.0,0
2012-08-16,2012-10-25,OPTSTK,CESC,300.0,PE,0.0,0.0,0.0,22.6,9.6,0,0.0,0
2012-08-16,2012-10-25,OPTSTK,CESC,320.0,PE,0.0,0.0,0.0,35.8,18.65,0,0.0,0
2012-08-16,2012-10-25,OPTSTK,CESC,340.0,PE,0.0,0.0,0.0,51.5,31.1,0,0.0,0
2012-08-16,2012-10-25,OPTSTK,CESC,360.0,PE,0.0,0.0,0.0,68.85,46.4,0,0.0,0
2012-08-16,2012-10-25,OPTSTK,CESC,380.0,PE,0.0,0.0,0.0,87.25,63.65,0,0.0,0
2012-08-16,2012-10-25,OPTSTK,CESC,400.0,PE,0.0,0.0,0.0,106.25,82.1,0,0.0,0
2012-08-16,2012-10-25,OPTSTK,CESC,420.0,PE,0.0,0.0,0.0,125.55,101.15,0,0.0,0
2012-08-16,2012-08-30,OPTSTK,CHAMBLFERT,40.0,CE,0.0,0.0,0.0,32.7,28.75,0,0.0,0
2012-08-16,2012-08-30,OPTSTK,CHAMBLFERT,45.0,CE,0.0,0.0,0.0,27.85,23.75,0,0.0,0
2012-08-16,2012-08-30,OPTSTK,CHAMBLFERT,50.0,CE,0.0,0.0,0.0,23.1,18.8,0,0.0,0
2012-08-16,2012-08-30,OPTSTK,CHAMBLFERT,55.0,CE,0.0,0.0,0.0,18.55,13.8,0,0.0,0
2012-08-16,2012-08-30,OPTSTK,CHAMBLFERT,60.0,CE,0.0,0.0,0.0,14.4,8.85,0,0.0,0
2012-08-16,2012-08-30,OPTSTK,CHAMBLFERT,65.0,CE,5.0,5.05,4.5,4.5,4.5,5,13.97,36000
2012-08-16,2012-08-30,OPTSTK,CHAMBLFERT,70.0,CE,1.2,1.6,1.15,1.25,1.25,114,325.23,964000
2012-08-16,2012-08-30,OPTSTK,CHAMBLFERT,75.0,CE,0.3,0.45,0.3,0.35,0.35,136,409.89,2080000
2012-08-16,2012-08-30,OPTSTK,CHAMBLFERT,80.0,CE,0.15,0.15,0.1,0.1,0.1,24,76.93,1272000
2012-08-16,2012-08-30,OPTSTK,CHAMBLFERT,85.0,CE,0.05,0.05,0.05,0.05,0.05,2,6.8,92000
2012-08-16,2012-08-30,OPTSTK,CHAMBLFERT,90.0,CE,0.0,0.0,0.0,0.25,0.0,0,0.0,36000
2012-08-16,2012-08-30,OPTSTK,CHAMBLFERT,95.0,CE,0.0,0.0,0.0,0.05,0.0,0,0.0,4000
2012-08-16,2012-08-30,OPTSTK,CHAMBLFERT,100.0,CE,0.0,0.0,0.0,0.6,0.0,0,0.0,0
2012-08-16,2012-08-30,OPTSTK,CHAMBLFERT,105.0,CE,0.0,0.0,0.0,0.35,0.0,0,0.0,0
2012-08-16,2012-08-30,OPTSTK,CHAMBLFERT,110.0,CE,0.0,0.0,0.0,0.2,0.0,0,0.0,0
2012-08-16,2012-08-30,OPTSTK,CHAMBLFERT,115.0,CE,0.0,0.0,0.0,0.15,0.0,0,0.0,0
2012-08-16,2012-08-30,OPTSTK,CHAMBLFERT,120.0,CE,0.0,0.0,0.0,0.1,0.0,0,0.0,0
2012-08-16,2012-08-30,OPTSTK,CHAMBLFERT,40.0,PE,0.0,0.0,0.0,0.05,0.0,0,0.0,0
2012-08-16,2012-08-30,OPTSTK,CHAMBLFERT,45.0,PE,0.0,0.0,0.0,0.05,0.0,0,0.0,0
2012-08-16,2012-08-30,OPTSTK,CHAMBLFERT,50.0,PE,0.0,0.0,0.0,0.2,0.0,0,0.0,0
2012-08-16,2012-08-30,OPTSTK,CHAMBLFERT,55.0,PE,0.0,0.0,0.0,0.05,0.0,0,0.0,4000
2012-08-16,2012-08-30,OPTSTK,CHAMBLFERT,60.0,PE,0.1,0.1,0.1,0.1,0.1,5,12.02,188000
2012-08-16,2012-08-30,OPTSTK,CHAMBLFERT,65.0,PE,0.45,0.5,0.35,0.5,0.5,19,49.73,448000
2012-08-16,2012-08-30,OPTSTK,CHAMBLFERT,70.0,PE,2.2,2.55,2.05,2.35,2.35,13,37.55,504000
2012-08-16,2012-08-30,OPTSTK,CHAMBLFERT,75.0,PE,6.55,6.55,5.9,5.9,5.9,2,6.49,112000
2012-08-16,2012-08-30,OPTSTK,CHAMBLFERT,80.0,PE,0.0,0.0,0.0,9.0,11.15,0,0.0,56000
2012-08-16,2012-08-30,OPTSTK,CHAMBLFERT,85.0,PE,0.0,0.0,0.0,15.5,16.15,0,0.0,8000
2012-08-16,2012-08-30,OPTSTK,CHAMBLFERT,90.0,PE,0.0,0.0,0.0,17.65,21.1,0,0.0,0
2012-08-16,2012-08-30,OPTSTK,CHAMBLFERT,95.0,PE,0.0,0.0,0.0,21.95,26.1,0,0.0,0
2012-08-16,2012-08-30,OPTSTK,CHAMBLFERT,100.0,PE,0.0,0.0,0.0,26.5,31.1,0,0.0,0
2012-08-16,2012-08-30,OPTSTK,CHAMBLFERT,105.0,PE,0.0,0.0,0.0,31.15,36.05,0,0.0,0
2012-08-16,2012-08-30,OPTSTK,CHAMBLFERT,110.0,PE,0.0,0.0,0.0,35.85,41.05,0,0.0,0
2012-08-16,2012-08-30,OPTSTK,CHAMBLFERT,115.0,PE,0.0,0.0,0.0,40.65,46.05,0,0.0,0
2012-08-16,2012-08-30,OPTSTK,CHAMBLFERT,120.0,PE,0.0,0.0,0.0,45.5,51.0,0,0.0,0
2012-08-16,2012-09-27,OPTSTK,CHAMBLFERT,40.0,CE,0.0,0.0,0.0,32.5,29.05,0,0.0,0
2012-08-16,2012-09-27,OPTSTK,CHAMBLFERT,45.0,CE,0.0,0.0,0.0,27.6,24.1,0,0.0,0
2012-08-16,2012-09-27,OPTSTK,CHAMBLFERT,50.0,CE,0.0,0.0,0.0,22.75,19.15,0,0.0,0
2012-08-16,2012-09-27,OPTSTK,CHAMBLFERT,55.0,CE,0.0,0.0,0.0,18.0,14.2,0,0.0,0
2012-08-16,2012-09-27,OPTSTK,CHAMBLFERT,60.0,CE,0.0,0.0,0.0,13.45,9.5,0,0.0,0
2012-08-16,2012-09-27,OPTSTK,CHAMBLFERT,65.0,CE,4.75,4.75,4.75,4.75,4.75,1,2.79,4000
2012-08-16,2012-09-27,OPTSTK,CHAMBLFERT,70.0,CE,0.0,0.0,0.0,4.95,2.6,0,0.0,8000
2012-08-16,2012-09-27,OPTSTK,CHAMBLFERT,75.0,CE,0.0,0.0,0.0,1.65,1.0,0,0.0,8000
2012-08-16,2012-09-27,OPTSTK,CHAMBLFERT,80.0,CE,0.0,0.0,0.0,0.95,0.35,0,0.0,4000
2012-08-16,2012-09-27,OPTSTK,CHAMBLFERT,85.0,CE,0.0,0.0,0.0,1.15,0.1,0,0.0,0
2012-08-16,2012-09-27,OPTSTK,CHAMBLFERT,90.0,CE,0.0,0.0,0.0,0.6,0.05,0,0.0,0
2012-08-16,2012-09-27,OPTSTK,CHAMBLFERT,95.0,CE,0.0,0.0,0.0,0.3,0.0,0,0.0,0
2012-08-16,2012-09-27,OPTSTK,CHAMBLFERT,100.0,CE,0.0,0.0,0.0,0.15,0.0,0,0.0,0
2012-08-16,2012-09-27,OPTSTK,CHAMBLFERT,105.0,CE,0.0,0.0,0.0,0.05,0.0,0,0.0,0
2012-08-16,2012-09-27,OPTSTK,CHAMBLFERT,110.0,CE,0.0,0.0,0.0,0.05,0.0,0,0.0,0
2012-08-16,2012-09-27,OPTSTK,CHAMBLFERT,115.0,CE,0.0,0.0,0.0,0.05,0.0,0,0.0,0
2012-08-16,2012-09-27,OPTSTK,CHAMBLFERT,120.0,CE,0.0,0.0,0.0,0.05,0.0,0,0.0,0
2012-08-16,2012-09-27,OPTSTK,CHAMBLFERT,40.0,PE,0.0,0.0,0.0,0.05,0.0,0,0.0,0
2012-08-16,2012-09-27,OPTSTK,CHAMBLFERT,45.0,PE,0.0,0.0,0.0,0.05,0.0,0,0.0,0
2012-08-16,2012-09-27,OPTSTK,CHAMBLFERT,50.0,PE,0.0,0.0,0.0,0.05,0.0,0,0.0,0
2012-08-16,2012-09-27,OPTSTK,CHAMBLFERT,55.0,PE,0.0,0.0,0.0,0.15,0.05,0,0.0,0
2012-08-16,2012-09-27,OPTSTK,CHAMBLFERT,60.0,PE,0.0,0.0,0.0,0.5,0.3,0,0.0,0
2012-08-16,2012-09-27,OPTSTK,CHAMBLFERT,65.0,PE,0.8,0.8,0.8,0.8,0.8,1,2.63,8000
2012-08-16,2012-09-27,OPTSTK,CHAMBLFERT,70.0,PE,0.0,0.0,0.0,3.0,3.25,0,0.0,0
2012-08-16,2012-09-27,OPTSTK,CHAMBLFERT,75.0,PE,0.0,0.0,0.0,5.45,6.65,0,0.0,0
2012-08-16,2012-09-27,OPTSTK,CHAMBLFERT,80.0,PE,0.0,0.0,0.0,8.7,10.9,0,0.0,0
2012-08-16,2012-09-27,OPTSTK,CHAMBLFERT,85.0,PE,0.0,0.0,0.0,12.6,15.6,0,0.0,0
2012-08-16,2012-09-27,OPTSTK,CHAMBLFERT,90.0,PE,0.0,0.0,0.0,16.95,20.5,0,0.0,0
2012-08-16,2012-09-27,OPTSTK,CHAMBLFERT,95.0,PE,0.0,0.0,0.0,21.5,25.45,0,0.0,0
2012-08-16,2012-09-27,OPTSTK,CHAMBLFERT,100.0,PE,0.0,0.0,0.0,26.25,30.4,0,0.0,0
2012-08-16,2012-09-27,OPTSTK,CHAMBLFERT,105.0,PE,0.0,0.0,0.0,31.1,35.35,0,0.0,0
2012-08-16,2012-09-27,OPTSTK,CHAMBLFERT,110.0,PE,0.0,0.0,0.0,35.95,40.3,0,0.0,0
2012-08-16,2012-09-27,OPTSTK,CHAMBLFERT,115.0,PE,0.0,0.0,0.0,40.8,45.25,0,0.0,0
2012-08-16,2012-09-27,OPTSTK,CHAMBLFERT,120.0,PE,0.0,0.0,0.0,45.7,50.2,0,0.0,0
2012-08-16,2012-10-25,OPTSTK,CHAMBLFERT,40.0,CE,0.0,0.0,0.0,31.35,29.3,0,0.0,0
2012-08-16,2012-10-25,OPTSTK,CHAMBLFERT,45.0,CE,0.0,0.0,0.0,26.45,24.4,0,0.0,0
2012-08-16,2012-10-25,OPTSTK,CHAMBLFERT,50.0,CE,0.0,0.0,0.0,21.65,19.5,0,0.0,0
2012-08-16,2012-10-25,OPTSTK,CHAMBLFERT,55.0,CE,0.0,0.0,0.0,17.05,14.7,0,0.0,0
2012-08-16,2012-10-25,OPTSTK,CHAMBLFERT,60.0,CE,0.0,0.0,0.0,12.85,10.25,0,0.0,0
2012-08-16,2012-10-25,OPTSTK,CHAMBLFERT,65.0,CE,0.0,0.0,0.0,9.2,6.45,0,0.0,0
2012-08-16,2012-10-25,OPTSTK,CHAMBLFERT,70.0,CE,0.0,0.0,0.0,6.3,3.65,0,0.0,0
2012-08-16,2012-10-25,OPTSTK,CHAMBLFERT,75.0,CE,0.0,0.0,0.0,4.1,1.85,0,0.0,0
2012-08-16,2012-10-25,OPTSTK,CHAMBLFERT,80.0,CE,0.0,0.0,0.0,2.55,0.85,0,0.0,0
2012-08-16,2012-10-25,OPTSTK,CHAMBLFERT,85.0,CE,0.0,0.0,0.0,1.55,0.35,0,0.0,0
2012-08-16,2012-10-25,OPTSTK,CHAMBLFERT,90.0,CE,0.0,0.0,0.0,0.9,0.15,0,0.0,0
2012-08-16,2012-10-25,OPTSTK,CHAMBLFERT,95.0,CE,0.0,0.0,0.0,0.5,0.05,0,0.0,0
2012-08-16,2012-10-25,OPTSTK,CHAMBLFERT,100.0,CE,0.0,0.0,0.0,0.3,0.05,0,0.0,0
2012-08-16,2012-10-25,OPTSTK,CHAMBLFERT,105.0,CE,0.0,0.0,0.0,0.15,0.0,0,0.0,0
2012-08-16,2012-10-25,OPTSTK,CHAMBLFERT,110.0,CE,0.0,0.0,0.0,0.1,0.0,0,0.0,0
2012-08-16,2012-10-25,OPTSTK,CHAMBLFERT,115.0,CE,0.0,0.0,0.0,0.05,0.0,0,0.0,0
2012-08-16,2012-10-25,OPTSTK,CHAMBLFERT,120.0,CE,0.0,0.0,0.0,0.05,0.0,0,0.0,0
2012-08-16,2012-10-25,OPTSTK,CHAMBLFERT,40.0,PE,0.0,0.0,0.0,0.05,0.0,0,0.0,0
2012-08-16,2012-10-25,OPTSTK,CHAMBLFERT,45.0,PE,0.0,0.0,0.0,0.05,0.0,0,0.0,0
2012-08-16,2012-10-25,OPTSTK,CHAMBLFERT,50.0,PE,0.0,0.0,0.0,0.15,0.05,0,0.0,0
2012-08-16,2012-10-25,OPTSTK,CHAMBLFERT,55.0,PE,0.0,0.0,0.0,0.4,0.15,0,0.0,0
2012-08-16,2012-10-25,OPTSTK,CHAMBLFERT,60.0,PE,0.0,0.0,0.0,1.1,0.6,0,0.0,0
2012-08-16,2012-10-25,OPTSTK,CHAMBLFERT,65.0,PE,0.0,0.0,0.0,2.35,1.75,0,0.0,0
2012-08-16,2012-10-25,OPTSTK,CHAMBLFERT,70.0,PE,0.0,0.0,0.0,4.3,3.85,0,0.0,0
2012-08-16,2012-10-25,OPTSTK,CHAMBLFERT,75.0,PE,0.0,0.0,0.0,7.0,6.95,0,0.0,0
2012-08-16,2012-10-25,OPTSTK,CHAMBLFERT,80.0,PE,0.0,0.0,0.0,10.35,10.9,0,0.0,0
2012-08-16,2012-10-25,OPTSTK,CHAMBLFERT,85.0,PE,0.0,0.0,0.0,14.2,15.3,0,0.0,0
2012-08-16,2012-10-25,OPTSTK,CHAMBLFERT,90.0,PE,0.0,0.0,0.0,18.45,20.0,0,0.0,0
2012-08-16,2012-10-25,OPTSTK,CHAMBLFERT,95.0,PE,0.0,0.0,0.0,22.95,24.85,0,0.0,0
2012-08-16,2012-10-25,OPTSTK,CHAMBLFERT,100.0,PE,0.0,0.0,0.0,27.6,29.7,0,0.0,0
2012-08-16,2012-10-25,OPTSTK,CHAMBLFERT,105.0,PE,0.0,0.0,0.0,32.35,34.6,0,0.0,0
2012-08-16,2012-10-25,OPTSTK,CHAMBLFERT,110.0,PE,0.0,0.0,0.0,37.2,39.55,0,0.0,0
2012-08-16,2012-10-25,OPTSTK,CHAMBLFERT,115.0,PE,0.0,0.0,0.0,42.05,44.45,0,0.0,0
2012-08-16,2012-10-25,OPTSTK,CHAMBLFERT,120.0,PE,0.0,0.0,0.0,46.9,49.35,0,0.0,0
2012-08-16,2012-08-30,OPTSTK,CIPLA,180.0,CE,0.0,0.0,0.0,134.25,176.6,0,0.0,0
2012-08-16,2012-08-30,OPTSTK,CIPLA,200.0,CE,0.0,0.0,0.0,114.75,156.7,0,0.0,0
2012-08-16,2012-08-30,OPTSTK,CIPLA,220.0,CE,0.0,0.0,0.0,95.25,136.75,0,0.0,0
2012-08-16,2012-08-30,OPTSTK,CIPLA,240.0,CE,0.0,0.0,0.0,75.8,116.8,0,0.0,0
2012-08-16,2012-08-30,OPTSTK,CIPLA,260.0,CE,0.0,0.0,0.0,94.4,96.9,0,0.0,0
2012-08-16,2012-08-30,OPTSTK,CIPLA,280.0,CE,77.0,77.0,77.0,77.0,77.0,1,3.57,10000
2012-08-16,2012-08-30,OPTSTK,CIPLA,300.0,CE,0.0,0.0,0.0,24.15,57.0,0,0.0,0
2012-08-16,2012-08-30,OPTSTK,CIPLA,320.0,CE,0.0,0.0,0.0,35.2,37.2,0,0.0,35000
2012-08-16,2012-08-30,OPTSTK,CIPLA,340.0,CE,15.8,22.15,15.8,17.1,17.1,19,68.36,59000
2012-08-16,2012-08-30,OPTSTK,CIPLA,360.0,CE,3.2,7.1,2.9,5.0,5.0,385,1407.16,253000
2012-08-16,2012-08-30,OPTSTK,CIPLA,380.0,CE,0.5,1.3,0.5,0.8,0.8,148,563.8,220000
2012-08-16,2012-08-30,OPTSTK,CIPLA,400.0,CE,0.0,0.0,0.0,0.1,0.1,0,0.0,29000
2012-08-16,2012-08-30,OPTSTK,CIPLA,420.0,CE,0.0,0.0,0.0,0.15,0.0,0,0.0,0
2012-08-16,2012-08-30,OPTSTK,CIPLA,440.0,CE,0.0,0.0,0.0,0.05,0.0,0,0.0,0
2012-08-16,2012-08-30,OPTSTK,CIPLA,460.0,CE,0.0,0.0,0.0,0.05,0.0,0,0.0,0
2012-08-16,2012-08-30,OPTSTK,CIPLA,480.0,CE,0.0,0.0,0.0,0.05,0.0,0,0.0,0
2012-08-16,2012-08-30,OPTSTK,CIPLA,180.0,PE,0.0,0.0,0.0,0.05,0.0,0,0.0,0
2012-08-16,2012-08-30,OPTSTK,CIPLA,200.0,PE,0.0,0.0,0.0,0.05,0.0,0,0.0,0
2012-08-16,2012-08-30,OPTSTK,CIPLA,220.0,PE,0.0,0.0,0.0,0.5,0.0,0,0.0,1000
2012-08-16,2012-08-30,OPTSTK,CIPLA,240.0,PE,0.0,0.0,0.0,0.25,0.0,0,0.0,3000
2012-08-16,2012-08-30,OPTSTK,CIPLA,260.0,PE,0.0,0.0,0.0,0.6,0.0,0,0.0,0
2012-08-16,2012-08-30,OPTSTK,CIPLA,280.0,PE,0.0,0.0,0.0,2.4,0.0,0,0.0,0
2012-08-16,2012-08-30,OPTSTK,CIPLA,300.0,PE,0.0,0.0,0.0,0.1,0.0,0,0.0,8000
2012-08-16,2012-08-30,OPTSTK,CIPLA,320.0,PE,0.8,0.8,0.25,0.3,0.3,8,25.63,135000
2012-08-16,2012-08-30,OPTSTK,CIPLA,340.0,PE,1.4,1.5,0.65,0.95,0.95,68,231.79,155000
2012-08-16,2012-08-30,OPTSTK,CIPLA,360.0,PE,7.25,7.95,5.0,7.1,7.1,60,219.52,36000
2012-08-16,2012-08-30,OPTSTK,CIPLA,380.0,PE,0.0,0.0,0.0,25.0,23.75,0,0.0,3000
2012-08-16,2012-08-30,OPTSTK,CIPLA,400.0,PE,0.0,0.0,0.0,67.5,42.75,0,0.0,15000
2012-08-16,2012-08-30,OPTSTK,CIPLA,420.0,PE,0.0,0.0,0.0,100.1,62.6,0,0.0,0
2012-08-16,2012-08-30,OPTSTK,CIPLA,440.0,PE,0.0,0.0,0.0,119.55,82.55,0,0.0,0
2012-08-16,2012-08-30,OPTSTK,CIPLA,460.0,PE,0.0,0.0,0.0,139.05,102.5,0,0.0,0
2012-08-16,2012-08-30,OPTSTK,CIPLA,480.0,PE,0.0,0.0,0.0,158.55,122.4,0,0.0,0
2012-08-16,2012-09-27,OPTSTK,CIPLA,180.0,CE,0.0,0.0,0.0,132.2,177.9,0,0.0,0
2012-08-16,2012-09-27,OPTSTK,CIPLA,200.0,CE,0.0,0.0,0.0,112.65,158.1,0,0.0,0
2012-08-16,2012-09-27,OPTSTK,CIPLA,220.0,CE,0.0,0.0,0.0,93.15,138.3,0,0.0,0
2012-08-16,2012-09-27,OPTSTK,CIPLA,240.0,CE,0.0,0.0,0.0,73.65,118.5,0,0.0,0
2012-08-16,2012-09-27,OPTSTK,CIPLA,260.0,CE,0.0,0.0,0.0,54.5,98.7,0,0.0,0
2012-08-16,2012-09-27,OPTSTK,CIPLA,280.0,CE,0.0,0.0,0.0,36.65,78.95,0,0.0,0
2012-08-16,2012-09-27,OPTSTK,CIPLA,300.0,CE,0.0,0.0,0.0,57.0,59.35,0,0.0,18000
2012-08-16,2012-09-27,OPTSTK,CIPLA,320.0,CE,0.0,0.0,0.0,43.15,40.6,0,0.0,2000
2012-08-16,2012-09-27,OPTSTK,CIPLA,340.0,CE,0.0,0.0,0.0,4.95,24.35,0,0.0,0
2012-08-16,2012-09-27,OPTSTK,CIPLA,360.0,CE,10.0,10.85,10.0,10.5,10.5,3,11.11,2000
2012-08-16,2012-09-27,OPTSTK,CIPLA,380.0,CE,0.0,0.0,0.0,4.0,5.25,0,0.0,1000
2012-08-16,2012-09-27,OPTSTK,CIPLA,400.0,CE,0.0,0.0,0.0,0.2,1.85,0,0.0,0
2012-08-16,2012-09-27,OPTSTK,CIPLA,420.0,CE,0.0,0.0,0.0,0.05,0.55,0,0.0,0
2012-08-16,2012-09-27,OPTSTK,CIPLA,440.0,CE,0.0,0.0,0.0,0.05,0.15,0,0.0,0
2012-08-16,2012-09-27,OPTSTK,CIPLA,460.0,CE,0.0,0.0,0.0,0.05,0.05,0,0.0,0
2012-08-16,2012-09-27,OPTSTK,CIPLA,480.0,CE,0.0,0.0,0.0,0.05,0.05,0,0.0,0
2012-08-16,2012-09-27,OPTSTK,CIPLA,180.0,PE,0.0,0.0,0.0,0.05,0.0,0,0.0,0
2012-08-16,2012-09-27,OPTSTK,CIPLA,200.0,PE,0.0,0.0,0.0,0.05,0.0,0,0.0,0
2012-08-16,2012-09-27,OPTSTK,CIPLA,220.0,PE,0.0,0.0,0.0,0.05,0.0,0,0.0,0
2012-08-16,2012-09-27,OPTSTK,CIPLA,240.0,PE,0.0,0.0,0.0,0.05,0.0,0,0.0,0
2012-08-16,2012-09-27,OPTSTK,CIPLA,260.0,PE,0.0,0.0,0.0,0.45,0.0,0,0.0,0
2012-08-16,2012-09-27,OPTSTK,CIPLA,280.0,PE,0.0,0.0,0.0,2.15,0.05,0,0.0,0
2012-08-16,2012-09-27,OPTSTK,CIPLA,300.0,PE,0.0,0.0,0.0,6.8,0.25,0,0.0,0
2012-08-16,2012-09-27,OPTSTK,CIPLA,320.0,PE,0.0,0.0,0.0,15.75,1.3,0,0.0,0
2012-08-16,2012-09-27,OPTSTK,CIPLA,340.0,PE,0.0,0.0,0.0,29.05,4.85,0,0.0,0
2012-08-16,2012-09-27,OPTSTK,CIPLA,360.0,PE,9.95,9.95,8.35,8.35,8.35,4,14.76,0
2012-08-16,2012-09-27,OPTSTK,CIPLA,380.0,PE,0.0,0.0,0.0,63.8,25.35,0,0.0,0
2012-08-16,2012-09-27,OPTSTK,CIPLA,400.0,PE,0.0,0.0,0.0,82.9,41.7,0,0.0,0
2012-08-16,2012-09-27,OPTSTK,CIPLA,420.0,PE,0.0,0.0,0.0,102.3,60.2,0,0.0,0
2012-08-16,2012-09-27,OPTSTK,CIPLA,440.0,PE,0.0,0.0,0.0,121.8,79.6,0,0.0,0
2012-08-16,2012-09-27,OPTSTK,CIPLA,460.0,PE,0.0,0.0,0.0,141.3,99.3,0,0.0,0
2012-08-16,2012-09-27,OPTSTK,CIPLA,480.0,PE,0.0,0.0,0.0,160.85,119.05,0,0.0,0
2012-08-16,2012-10-25,OPTSTK,CIPLA,180.0,CE,0.0,0.0,0.0,151.7,179.1,0,0.0,0
2012-08-16,2012-10-25,OPTSTK,CIPLA,200.0,CE,0.0,0.0,0.0,132.15,159.45,0,0.0,0
2012-08-16,2012-10-25,OPTSTK,CIPLA,220.0,CE,0.0,0.0,0.0,112.6,139.8,0,0.0,0
2012-08-16,2012-10-25,OPTSTK,CIPLA,240.0,CE,0.0,0.0,0.0,93.1,120.15,0,0.0,0
2012-08-16,2012-10-25,OPTSTK,CIPLA,260.0,CE,0.0,0.0,0.0,73.6,100.5,0,0.0,0
2012-08-16,2012-10-25,OPTSTK,CIPLA,280.0,CE,0.0,0.0,0.0,54.6,80.95,0,0.0,0
2012-08-16,2012-10-25,OPTSTK,CIPLA,300.0,CE,0.0,0.0,0.0,37.0,61.9,0,0.0,0
2012-08-16,2012-10-25,OPTSTK,CIPLA,320.0,CE,0.0,0.0,0.0,22.35,44.2,0,0.0,0
2012-08-16,2012-10-25,OPTSTK,CIPLA,340.0,CE,0.0,0.0,0.0,11.85,28.95,0,0.0,0
2012-08-16,2012-10-25,OPTSTK,CIPLA,360.0,CE,0.0,0.0,0.0,5.5,17.2,0,0.0,0
2012-08-16,2012-10-25,OPTSTK,CIPLA,380.0,CE,0.0,0.0,0.0,2.2,9.25,0,0.0,0
2012-08-16,2012-10-25,OPTSTK,CIPLA,400.0,CE,0.0,0.0,0.0,0.8,4.5,0,0.0,0
2012-08-16,2012-10-25,OPTSTK,CIPLA,420.0,CE,0.0,0.0,0.0,0.25,2.0,0,0.0,0
2012-08-16,2012-10-25,OPTSTK,CIPLA,440.0,CE,0.0,0.0,0.0,0.1,0.8,0,0.0,0
2012-08-16,2012-10-25,OPTSTK,CIPLA,460.0,CE,0.0,0.0,0.0,0.05,0.3,0,0.0,0
2012-08-16,2012-10-25,OPTSTK,CIPLA,480.0,CE,0.0,0.0,0.0,0.05,0.1,0,0.0,0
2012-08-16,2012-10-25,OPTSTK,CIPLA,180.0,PE,0.0,0.0,0.0,0.05,0.0,0,0.0,0
2012-08-16,2012-10-25,OPTSTK,CIPLA,200.0,PE,0.0,0.0,0.0,0.05,0.0,0,0.0,0
2012-08-16,2012-10-25,OPTSTK,CIPLA,220.0,PE,0.0,0.0,0.0,0.05,0.0,0,0.0,0
2012-08-16,2012-10-25,OPTSTK,CIPLA,240.0,PE,0.0,0.0,0.0,0.05,0.0,0,0.0,0
2012-08-16,2012-10-25,OPTSTK,CIPLA,260.0,PE,0.0,0.0,0.0,0.1,0.05,0,0.0,0
2012-08-16,2012-10-25,OPTSTK,CIPLA,280.0,PE,0.0,0.0,0.0,0.6,0.15,0,0.0,0
2012-08-16,2012-10-25,OPTSTK,CIPLA,300.0,PE,0.0,0.0,0.0,2.55,0.75,0,0.0,0
2012-08-16,2012-10-25,OPTSTK,CIPLA,320.0,PE,0.0,0.0,0.0,7.45,2.7,0,0.0,0
2012-08-16,2012-10-25,OPTSTK,CIPLA,340.0,PE,0.0,0.0,0.0,16.5,7.1,0,0.0,0
2012-08-16,2012-10-25,OPTSTK,CIPLA,360.0,PE,0.0,0.0,0.0,29.7,15.05,0,0.0,0
2012-08-16,2012-10-25,OPTSTK,CIPLA,380.0,PE,0.0,0.0,0.0,46.0,26.75,0,0.0,0
2012-08-16,2012-10-25,OPTSTK,CIPLA,400.0,PE,0.0,0.0,0.0,64.1,41.65,0,0.0,0
2012-08-16,2012-10-25,OPTSTK,CIPLA,420.0,PE,0.0,0.0,0.0,83.15,58.8,0,0.0,0
2012-08-16,2012-10-25,OPTSTK,CIPLA,440.0,PE,0.0,0.0,0.0,102.5,77.25,0,0.0,0
2012-08-16,2012-10-25,OPTSTK,CIPLA,460.0,PE,0.0,0.0,0.0,122.0,96.4,0,0.0,0
2012-08-16,2012-10-25,OPTSTK,CIPLA,480.0,PE,0.0,0.0,0.0,141.55,115.9,0,0.0,0
2012-08-16,2012-08-30,OPTSTK,COALINDIA,200.0,CE,0.0,0.0,0.0,126.45,154.3,0,0.0,0
2012-08-16,2012-08-30,OPTSTK,COALINDIA,220.0,CE,0.0,0.0,0.0,106.95,134.35,0,0.0,0
2012-08-16,2012-08-30,OPTSTK,COALINDIA,240.0,CE,0.0,0.0,0.0,87.6,114.4,0,0.0,0
2012-08-16,2012-08-30,OPTSTK,COALINDIA,260.0,CE,0.0,0.0,0.0,68.7,94.5,0,0.0,0
2012-08-16,2012-08-30,OPTSTK,COALINDIA,280.0,CE,0.0,0.0,0.0,51.05,74.55,0,0.0,0
2012-08-16,2012-08-30,OPTSTK,COALINDIA,300.0,CE,0.0,0.0,0.0,35.55,54.6,0,0.0,0
2012-08-16,2012-08-30,OPTSTK,COALINDIA,320.0,CE,0.0,0.0,0.0,27.55,34.75,0,0.0,4000
2012-08-16,2012-08-30,OPTSTK,COALINDIA,340.0,CE,14.5,17.1,13.4,16.6,16.6,30,106.51,83000
2012-08-16,2012-08-30,OPTSTK,COALINDIA,360.0,CE,4.9,4.9,2.7,3.9,3.9,148,537.8,242000
2012-08-16,2012-08-30,OPTSTK,COALINDIA,380.0,CE,0.3,0.6,0.2,0.6,0.6,17,64.67,114000
2012-08-16,2012-08-30,OPTSTK,COALINDIA,400.0,CE,0.0,0.0,0.0,0.5,0.05,0,0.0,5000
2012-08-16,2012-08-30,OPTSTK,COALINDIA,420.0,CE,0.0,0.0,0.0,0.95,0.0,0,0.0,0
2012-08-16,2012-08-30,OPTSTK,COALINDIA,440.0,CE,0.0,0.0,0.0,0.45,0.0,0,0.0,0
2012-08-16,2012-08-30,OPTSTK,COALINDIA,460.0,CE,0.0,0.0,0.0,0.2,0.0,0,0.0,0
2012-08-16,2012-08-30,OPTSTK,COALINDIA,480.0,CE,0.0,0.0,0.0,0.1,0.0,0,0.0,0
2012-08-16,2012-08-30,OPTSTK,COALINDIA,500.0,CE,0.0,0.0,0.0,0.05,0.0,0,0.0,0
2012-08-16,2012-08-30,OPTSTK,COALINDIA,200.0,PE,0.0,0.0,0.0,0.05,0.0,0,0.0,0
2012-08-16,2012-08-30,OPTSTK,COALINDIA,220.0,PE,0.0,0.0,0.0,0.5,0.0,0,0.0,1000
2012-08-16,2012-08-30,OPTSTK,COALINDIA,240.0,PE,0.0,0.0,0.0,0.5,0.0,0,0.0,1000
2012-08-16,2012-08-30,OPTSTK,COALINDIA,260.0,PE,0.0,0.0,0.0,0.85,0.0,0,0.0,0
2012-08-16,2012-08-30,OPTSTK,COALINDIA,280.0,PE,0.0,0.0,0.0,2.7,0.0,0,0.0,0
2012-08-16,2012-08-30,OPTSTK,COALINDIA,300.0,PE,0.0,0.0,0.0,0.05,0.0,0,0.0,5000
2012-08-16,2012-08-30,OPTSTK,COALINDIA,320.0,PE,0.45,0.5,0.4,0.4,0.4,15,48.07,147000
2012-08-16,2012-08-30,OPTSTK,COALINDIA,340.0,PE,2.35,3.0,1.7,1.95,1.95,96,328.67,300000
2012-08-16,2012-08-30,OPTSTK,COALINDIA,360.0,PE,10.1,11.75,8.8,9.35,9.35,43,159.22,34000
2012-08-16,2012-08-30,OPTSTK,COALINDIA,380.0,PE,27.8,27.9,27.8,27.9,27.9,3,12.23,10000
2012-08-16,2012-08-30,OPTSTK,COALINDIA,400.0,PE,0.0,0.0,0.0,49.0,45.1,0,0.0,0
2012-08-16,2012-08-30,OPTSTK,COALINDIA,420.0,PE,0.0,0.0,0.0,89.25,65.0,0,0.0,0
2012-08-16,2012-08-30,OPTSTK,COALINDIA,440.0,PE,0.0,0.0,0.0,108.25,84.95,0,0.0,0
2012-08-16,2012-08-30,OPTSTK,COALINDIA,460.0,PE,0.0,0.0,0.0,127.5,104.9,0,0.0,0
2012-08-16,2012-08-30,OPTSTK,COALINDIA,480.0,PE,0.0,0.0,0.0,146.95,124.8,0,0.0,0
2012-08-16,2012-08-30,OPTSTK,COALINDIA,500.0,PE,0.0,0.0,0.0,166.4,144.75,0,0.0,0
2012-08-16,2012-09-27,OPTSTK,COALINDIA,200.0,CE,0.0,0.0,0.0,152.5,155.7,0,0.0,0
2012-08-16,2012-09-27,OPTSTK,COALINDIA,220.0,CE,0.0,0.0,0.0,133.0,135.9,0,0.0,0
2012-08-16,2012-09-27,OPTSTK,COALINDIA,240.0,CE,0.0,0.0,0.0,113.45,116.1,0,0.0,0
2012-08-16,2012-09-27,OPTSTK,COALINDIA,260.0,CE,0.0,0.0,0.0,94.0,96.3,0,0.0,0
2012-08-16,2012-09-27,OPTSTK,COALINDIA,280.0,CE,0.0,0.0,0.0,74.8,76.5,0,0.0,0
2012-08-16,2012-09-27,OPTSTK,COALINDIA,300.0,CE,0.0,0.0,0.0,56.45,56.8,0,0.0,0
2012-08-16,2012-09-27,OPTSTK,COALINDIA,320.0,CE,0.0,0.0,0.0,39.85,37.75,0,0.0,0
2012-08-16,2012-09-27,OPTSTK,COALINDIA,340.0,CE,0.0,0.0,0.0,26.05,21.1,0,0.0,0
2012-08-16,2012-09-27,OPTSTK,COALINDIA,360.0,CE,8.2,9.15,8.2,9.15,9.15,4,14.75,6000
2012-08-16,2012-09-27,OPTSTK,COALINDIA,380.0,CE,0.0,0.0,0.0,3.35,3.2,0,0.0,3000
2012-08-16,2012-09-27,OPTSTK,COALINDIA,400.0,CE,0.0,0.0,0.0,4.45,0.85,0,0.0,0
2012-08-16,2012-09-27,OPTSTK,COALINDIA,420.0,CE,0.0,0.0,0.0,2.1,0.2,0,0.0,0
2012-08-16,2012-09-27,OPTSTK,COALINDIA,440.0,CE,0.0,0.0,0.0,0.95,0.05,0,0.0,0
2012-08-16,2012-09-27,OPTSTK,COALINDIA,460.0,CE,0.0,0.0,0.0,0.4,0.0,0,0.0,0
2012-08-16,2012-09-27,OPTSTK,COALINDIA,480.0,CE,0.0,0.0,0.0,0.15,0.0,0,0.0,0
2012-08-16,2012-09-27,OPTSTK,COALINDIA,500.0,CE,0.0,0.0,0.0,0.05,0.0,0,0.0,0
2012-08-16,2012-09-27,OPTSTK,COALINDIA,200.0,PE,0.0,0.0,0.0,0.05,0.0,0,0.0,0
2012-08-16,2012-09-27,OPTSTK,COALINDIA,220.0,PE,0.0,0.0,0.0,0.05,0.0,0,0.0,0
2012-08-16,2012-09-27,OPTSTK,COALINDIA,240.0,PE,0.0,0.0,0.0,0.05,0.0,0,0.0,0
2012-08-16,2012-09-27,OPTSTK,COALINDIA,260.0,PE,0.0,0.0,0.0,0.1,0.0,0,0.0,0
2012-08-16,2012-09-27,OPTSTK,COALINDIA,280.0,PE,0.0,0.0,0.0,0.45,0.0,0,0.0,0
2012-08-16,2012-09-27,OPTSTK,COALINDIA,300.0,PE,0.0,0.0,0.0,1.6,0.1,0,0.0,0
2012-08-16,2012-09-27,OPTSTK,COALINDIA,320.0,PE,0.0,0.0,0.0,4.55,0.8,0,0.0,0
2012-08-16,2012-09-27,OPTSTK,COALINDIA,340.0,PE,6.0,6.0,6.0,6.0,6.0,2,6.92,3000
2012-08-16,2012-09-27,OPTSTK,COALINDIA,360.0,PE,0.0,0.0,0.0,16.85,12.05,0,0.0,0
2012-08-16,2012-09-27,OPTSTK,COALINDIA,380.0,PE,0.0,0.0,0.0,32.0,25.7,0,0.0,0
2012-08-16,2012-09-27,OPTSTK,COALINDIA,400.0,PE,0.0,0.0,0.0,47.3,43.1,0,0.0,0
2012-08-16,2012-09-27,OPTSTK,COALINDIA,420.0,PE,0.0,0.0,0.0,64.5,62.25,0,0.0,0
2012-08-16,2012-09-27,OPTSTK,COALINDIA,440.0,PE,0.0,0.0,0.0,82.85,81.9,0,0.0,0
2012-08-16,2012-09-27,OPTSTK,COALINDIA,460.0,PE,0.0,0.0,0.0,101.85,101.65,0,0.0,0
2012-08-16,2012-09-27,OPTSTK,COALINDIA,480.0,PE,0.0,0.0,0.0,121.15,121.45,0,0.0,0
2012-08-16,2012-09-27,OPTSTK,COALINDIA,500.0,PE,0.0,0.0,0.0,140.6,141.25,0,0.0,0
2012-08-16,2012-10-25,OPTSTK,COALINDIA,200.0,CE,0.0,0.0,0.0,153.3,157.05,0,0.0,0
2012-08-16,2012-10-25,OPTSTK,COALINDIA,220.0,CE,0.0,0.0,0.0,133.75,137.4,0,0.0,0
2012-08-16,2012-10-25,OPTSTK,COALINDIA,240.0,CE,0.0,0.0,0.0,114.2,117.75,0,0.0,0
2012-08-16,2012-10-25,OPTSTK,COALINDIA,260.0,CE,0.0,0.0,0.0,94.7,98.1,0,0.0,0
2012-08-16,2012-10-25,OPTSTK,COALINDIA,280.0,CE,0.0,0.0,0.0,75.2,78.45,0,0.0,0
2012-08-16,2012-10-25,OPTSTK,COALINDIA,300.0,CE,0.0,0.0,0.0,56.2,59.15,0,0.0,0
2012-08-16,2012-10-25,OPTSTK,COALINDIA,320.0,CE,0.0,0.0,0.0,38.55,40.9,0,0.0,0
2012-08-16,2012-10-25,OPTSTK,COALINDIA,340.0,CE,0.0,0.0,0.0,26.0,25.25,0,0.0,1000
2012-08-16,2012-10-25,OPTSTK,COALINDIA,360.0,CE,0.0,0.0,0.0,12.9,13.6,0,0.0,0
2012-08-16,2012-10-25,OPTSTK,COALINDIA,380.0,CE,0.0,0.0,0.0,6.15,6.3,0,0.0,0
2012-08-16,2012-10-25,OPTSTK,COALINDIA,400.0,CE,0.0,0.0,0.0,2.6,2.55,0,0.0,0
2012-08-16,2012-10-25,OPTSTK,COALINDIA,420.0,CE,0.0,0.0,0.0,0.95,0.9,0,0.0,0
2012-08-16,2012-10-25,OPTSTK,COALINDIA,440.0,CE,0.0,0.0,0.0,0.35,0.3,0,0.0,0
2012-08-16,2012-10-25,OPTSTK,COALINDIA,460.0,CE,0.0,0.0,0.0,0.1,0.1,0,0.0,0
2012-08-16,2012-10-25,OPTSTK,COALINDIA,480.0,CE,0.0,0.0,0.0,0.05,0.05,0,0.0,0
2012-08-16,2012-10-25,OPTSTK,COALINDIA,500.0,CE,0.0,0.0,0.0,0.05,0.0,0,0.0,0
2012-08-16,2012-10-25,OPTSTK,COALINDIA,200.0,PE,0.0,0.0,0.0,0.05,0.0,0,0.0,0
2012-08-16,2012-10-25,OPTSTK,COALINDIA,220.0,PE,0.0,0.0,0.0,0.05,0.0,0,0.0,0
2012-08-16,2012-10-25,OPTSTK,COALINDIA,240.0,PE,0.0,0.0,0.0,0.05,0.0,0,0.0,0
2012-08-16,2012-10-25,OPTSTK,COALINDIA,260.0,PE,0.0,0.0,0.0,0.05,0.0,0,0.0,0
2012-08-16,2012-10-25,OPTSTK,COALINDIA,280.0,PE,0.0,0.0,0.0,0.1,0.05,0,0.0,0
2012-08-16,2012-10-25,OPTSTK,COALINDIA,300.0,PE,0.0,0.0,0.0,0.65,0.4,0,0.0,0
2012-08-16,2012-10-25,OPTSTK,COALINDIA,320.0,PE,0.0,0.0,0.0,2.55,1.8,0,0.0,0
2012-08-16,2012-10-25,OPTSTK,COALINDIA,340.0,PE,0.0,0.0,0.0,7.25,5.8,0,0.0,0
2012-08-16,2012-10-25,OPTSTK,COALINDIA,360.0,PE,0.0,0.0,0.0,16.0,13.8,0,0.0,0
2012-08-16,2012-10-25,OPTSTK,COALINDIA,380.0,PE,0.0,0.0,0.0,28.8,26.2,0,0.0,0
2012-08-16,2012-10-25,OPTSTK,COALINDIA,400.0,PE,0.0,0.0,0.0,44.75,42.1,0,0.0,0
2012-08-16,2012-10-25,OPTSTK,COALINDIA,420.0,PE,0.0,0.0,0.0,62.7,60.1,0,0.0,0
2012-08-16,2012-10-25,OPTSTK,COALINDIA,440.0,PE,0.0,0.0,0.0,81.6,79.15,0,0.0,0
2012-08-16,2012-10-25,OPTSTK,COALINDIA,460.0,PE,0.0,0.0,0.0,100.9,98.6,0,0.0,0
2012-08-16,2012-10-25,OPTSTK,COALINDIA,480.0,PE,0.0,0.0,0.0,120.4,118.2,0,0.0,0
2012-08-16,2012-10-25,OPTSTK,COALINDIA,500.0,PE,0.0,0.0,0.0,139.95,137.85,0,0.0,0
2012-08-16,2012-08-30,OPTSTK,COLPAL,500.0,CE,0.0,0.0,0.0,716.15,690.15,0,0.0,0
2012-08-16,2012-08-30,OPTSTK,COLPAL,550.0,CE,0.0,0.0,0.0,667.35,640.3,0,0.0,0
2012-08-16,2012-08-30,OPTSTK,COLPAL,600.0,CE,0.0,0.0,0.0,618.55,590.5,0,0.0,0
2012-08-16,2012-08-30,OPTSTK,COLPAL,650.0,CE,0.0,0.0,0.0,569.8,540.65,0,0.0,0
2012-08-16,2012-08-30,OPTSTK,COLPAL,700.0,CE,0.0,0.0,0.0,521.0,490.8,0,0.0,0
2012-08-16,2012-08-30,OPTSTK,COLPAL,750.0,CE,0.0,0.0,0.0,472.2,441.0,0,0.0,0
2012-08-16,2012-08-30,OPTSTK,COLPAL,800.0,CE,0.0,0.0,0.0,423.45,391.15,0,0.0,0
2012-08-16,2012-08-30,OPTSTK,COLPAL,850.0,CE,0.0,0.0,0.0,374.75,341.3,0,0.0,0
2012-08-16,2012-08-30,OPTSTK,COLPAL,900.0,CE,0.0,0.0,0.0,326.45,291.5,0,0.0,0
2012-08-16,2012-08-30,OPTSTK,COLPAL,950.0,CE,0.0,0.0,0.0,278.85,241.65,0,0.0,0
2012-08-16,2012-08-30,OPTSTK,COLPAL,1000.0,CE,0.0,0.0,0.0,232.75,191.8,0,0.0,0
2012-08-16,2012-08-30,OPTSTK,COLPAL,1050.0,CE,0.0,0.0,0.0,189.2,142.0,0,0.0,0
2012-08-16,2012-08-30,OPTSTK,COLPAL,1100.0,CE,0.0,0.0,0.0,149.35,92.4,0,0.0,0
2012-08-16,2012-08-30,OPTSTK,COLPAL,1150.0,CE,0.0,0.0,0.0,114.15,46.2,0,0.0,0
2012-08-16,2012-08-30,OPTSTK,COLPAL,1200.0,CE,0.0,0.0,0.0,84.45,14.3,0,0.0,0
2012-08-16,2012-08-30,OPTSTK,COLPAL,1250.0,CE,0.0,0.0,0.0,60.4,2.3,0,0.0,0
2012-08-16,2012-08-30,OPTSTK,COLPAL,1300.0,CE,0.0,0.0,0.0,41.8,0.2,0,0.0,0
2012-08-16,2012-08-30,OPTSTK,COLPAL,1350.0,CE,0.0,0.0,0.0,28.1,0.05,0,0.0,0
2012-08-16,2012-08-30,OPTSTK,COLPAL,1400.0,CE,0.0,0.0,0.0,18.25,0.0,0,0.0,0
2012-08-16,2012-08-30,OPTSTK,COLPAL,1450.0,CE,0.0,0.0,0.0,11.5,0.0,0,0.0,0
2012-08-16,2012-08-30,OPTSTK,COLPAL,1500.0,CE,0.0,0.0,0.0,7.05,0.0,0,0.0,0
2012-08-16,2012-08-30,OPTSTK,COLPAL,1550.0,CE,0.0,0.0,0.0,4.25,0.0,0,0.0,0
2012-08-16,2012-08-30,OPTSTK,COLPAL,1600.0,CE,0.0,0.0,0.0,2.5,0.0,0,0.0,0
2012-08-16,2012-08-30,OPTSTK,COLPAL,1650.0,CE,0.0,0.0,0.0,1.4,0.0,0,0.0,0
2012-08-16,2012-08-30,OPTSTK,COLPAL,1700.0,CE,0.0,0.0,0.0,0.8,0.0,0,0.0,0
2012-08-16,2012-08-30,OPTSTK,COLPAL,1750.0,CE,0.0,0.0,0.0,0.45,0.0,0,0.0,0
2012-08-16,2012-08-30,OPTSTK,COLPAL,500.0,PE,0.0,0.0,0.0,0.05,0.0,0,0.0,0
2012-08-16,2012-08-30,OPTSTK,COLPAL,550.0,PE,0.0,0.0,0.0,0.05,0.0,0,0.0,0
2012-08-16,2012-08-30,OPTSTK,COLPAL,600.0,PE,0.0,0.0,0.0,0.05,0.0,0,0.0,0
2012-08-16,2012-08-30,OPTSTK,COLPAL,650.0,PE,0.0,0.0,0.0,0.05,0.0,0,0.0,0
2012-08-16,2012-08-30,OPTSTK,COLPAL,700.0,PE,0.0,0.0,0.0,0.05,0.0,0,0.0,0
2012-08-16,2012-08-30,OPTSTK,COLPAL,750.0,PE,0.0,0.0,0.0,0.05,0.0,0,0.0,0
2012-08-16,2012-08-30,OPTSTK,COLPAL,800.0,PE,0.0,0.0,0.0,0.05,0.0,0,0.0,0
2012-08-16,2012-08-30,OPTSTK,COLPAL,850.0,PE,0.0,0.0,0.0,0.2,0.0,0,0.0,0
2012-08-16,2012-08-30,OPTSTK,COLPAL,900.0,PE,0.0,0.0,0.0,0.65,0.0,0,0.0,0
2012-08-16,2012-08-30,OPTSTK,COLPAL,950.0,PE,0.0,0.0,0.0,1.85,0.0,0,0.0,0
2012-08-16,2012-08-30,OPTSTK,COLPAL,1000.0,PE,0.0,0.0,0.0,4.6,0.0,0,0.0,0
2012-08-16,2012-08-30,OPTSTK,COLPAL,1050.0,PE,0.0,0.0,0.0,9.8,0.0,0,0.0,0
2012-08-16,2012-08-30,OPTSTK,COLPAL,1100.0,PE,0.0,0.0,0.0,18.75,0.25,0,0.0,0
2012-08-16,2012-08-30,OPTSTK,COLPAL,1150.0,PE,0.0,0.0,0.0,32.35,3.9,0,0.0,0
2012-08-16,2012-08-30,OPTSTK,COLPAL,1200.0,PE,0.0,0.0,0.0,51.45,21.85,0,0.0,0
2012-08-16,2012-08-30,OPTSTK,COLPAL,1250.0,PE,0.0,0.0,0.0,76.2,59.65,0,0.0,0
2012-08-16,2012-08-30,OPTSTK,COLPAL,1300.0,PE,0.0,0.0,0.0,106.4,107.4,0,0.0,0
2012-08-16,2012-08-30,OPTSTK,COLPAL,1350.0,PE,0.0,0.0,0.0,141.45,157.05,0,0.0,0
2012-08-16,2012-08-30,OPTSTK,COLPAL,1400.0,PE,0.0,0.0,0.0,180.4,206.9,0,0.0,0
2012-08-16,2012-08-30,OPTSTK,COLPAL,1450.0,PE,0.0,0.0,0.0,222.5,256.7,0,0.0,0
2012-08-16,2012-08-30,OPTSTK,COLPAL,1500.0,PE,0.0,0.0,0.0,266.85,306.55,0,0.0,0
2012-08-16,2012-08-30,OPTSTK,COLPAL,1550.0,PE,0.0,0.0,0.0,312.8,356.4,0,0.0,0
2012-08-16,2012-08-30,OPTSTK,COLPAL,1600.0,PE,0.0,0.0,0.0,359.85,406.2,0,0.0,0
2012-08-16,2012-08-30,OPTSTK,COLPAL,1650.0,PE,0.0,0.0,0.0,407.55,456.05,0,0.0,0
2012-08-16,2012-08-30,OPTSTK,COLPAL,1700.0,PE,0.0,0.0,0.0,455.75,505.9,0,0.0,0
2012-08-16,2012-08-30,OPTSTK,COLPAL,1750.0,PE,0.0,0.0,0.0,504.2,555.7,0,0.0,0
2012-08-16,2012-09-27,OPTSTK,COLPAL,500.0,CE,0.0,0.0,0.0,685.75,693.65,0,0.0,0
2012-08-16,2012-09-27,OPTSTK,COLPAL,550.0,CE,0.0,0.0,0.0,636.9,644.15,0,0.0,0
2012-08-16,2012-09-27,OPTSTK,COLPAL,600.0,CE,0.0,0.0,0.0,588.1,594.65,0,0.0,0
2012-08-16,2012-09-27,OPTSTK,COLPAL,650.0,CE,0.0,0.0,0.0,539.25,545.2,0,0.0,0
2012-08-16,2012-09-27,OPTSTK,COLPAL,700.0,CE,0.0,0.0,0.0,490.4,495.7,0,0.0,0
2012-08-16,2012-09-27,OPTSTK,COLPAL,750.0,CE,0.0,0.0,0.0,441.6,446.2,0,0.0,0
2012-08-16,2012-09-27,OPTSTK,COLPAL,800.0,CE,0.0,0.0,0.0,392.8,396.75,0,0.0,0
2012-08-16,2012-09-27,OPTSTK,COLPAL,850.0,CE,0.0,0.0,0.0,344.15,347.25,0,0.0,0
2012-08-16,2012-09-27,OPTSTK,COLPAL,900.0,CE,0.0,0.0,0.0,296.0,297.75,0,0.0,0
2012-08-16,2012-09-27,OPTSTK,COLPAL,950.0,CE,0.0,0.0,0.0,248.85,248.3,0,0.0,0
2012-08-16,2012-09-27,OPTSTK,COLPAL,1000.0,CE,0.0,0.0,0.0,203.7,198.85,0,0.0,0
2012-08-16,2012-09-27,OPTSTK,COLPAL,1050.0,CE,0.0,0.0,0.0,161.7,149.85,0,0.0,0
2012-08-16,2012-09-27,OPTSTK,COLPAL,1100.0,CE,0.0,0.0,0.0,124.2,102.85,0,0.0,0
2012-08-16,2012-09-27,OPTSTK,COLPAL,1150.0,CE,0.0,0.0,0.0,91.95,61.8,0,0.0,0
2012-08-16,2012-09-27,OPTSTK,COLPAL,1200.0,CE,0.0,0.0,0.0,65.65,31.2,0,0.0,0
2012-08-16,2012-09-27,OPTSTK,COLPAL,1250.0,CE,0.0,0.0,0.0,45.2,12.9,0,0.0,0
2012-08-16,2012-09-27,OPTSTK,COLPAL,1300.0,CE,0.0,0.0,0.0,30.0,4.3,0,0.0,0
2012-08-16,2012-09-27,OPTSTK,COLPAL,1350.0,CE,0.0,0.0,0.0,19.3,1.2,0,0.0,0
2012-08-16,2012-09-27,OPTSTK,COLPAL,1400.0,CE,0.0,0.0,0.0,12.0,0.25,0,0.0,0
2012-08-16,2012-09-27,OPTSTK,COLPAL,1450.0,CE,0.0,0.0,0.0,7.2,0.05,0,0.0,0
2012-08-16,2012-09-27,OPTSTK,COLPAL,1500.0,CE,0.0,0.0,0.0,4.2,0.05,0,0.0,0
2012-08-16,2012-09-27,OPTSTK,COLPAL,1550.0,CE,0.0,0.0,0.0,2.4,0.0,0,0.0,0
2012-08-16,2012-09-27,OPTSTK,COLPAL,1600.0,CE,0.0,0.0,0.0,1.35,0.0,0,0.0,0
2012-08-16,2012-09-27,OPTSTK,COLPAL,1650.0,CE,0.0,0.0,0.0,0.75,0.0,0,0.0,0
2012-08-16,2012-09-27,OPTSTK,COLPAL,1700.0,CE,0.0,0.0,0.0,0.4,0.0,0,0.0,0
2012-08-16,2012-09-27,OPTSTK,COLPAL,1750.0,CE,0.0,0.0,0.0,0.2,0.0,0,0.0,0
2012-08-16,2012-09-27,OPTSTK,COLPAL,500.0,PE,0.0,0.0,0.0,0.05,0.0,0,0.0,0
2012-08-16,2012-09-27,OPTSTK,COLPAL,550.0,PE,0.0,0.0,0.0,0.05,0.0,0,0.0,0
2012-08-16,2012-09-27,OPTSTK,COLPAL,600.0,PE,0.0,0.0,0.0,0.05,0.0,0,0.0,0
2012-08-16,2012-09-27,OPTSTK,COLPAL,650.0,PE,0.0,0.0,0.0,0.05,0.0,0,0.0,0
2012-08-16,2012-09-27,OPTSTK,COLPAL,700.0,PE,0.0,0.0,0.0,0.05,0.0,0,0.0,0
2012-08-16,2012-09-27,OPTSTK,COLPAL,750.0,PE,0.0,0.0,0.0,0.05,0.0,0,0.0,0
2012-08-16,2012-09-27,OPTSTK,COLPAL,800.0,PE,0.0,0.0,0.0,0.1,0.0,0,0.0,0
2012-08-16,2012-09-27,OPTSTK,COLPAL,850.0,PE,0.0,0.0,0.0,0.3,0.0,0,0.0,0
2012-08-16,2012-09-27,OPTSTK,COLPAL,900.0,PE,0.0,0.0,0.0,0.95,0.0,0,0.0,0
2012-08-16,2012-09-27,OPTSTK,COLPAL,950.0,PE,0.0,0.0,0.0,2.65,0.0,0,0.0,0
2012-08-16,2012-09-27,OPTSTK,COLPAL,1000.0,PE,0.0,0.0,0.0,6.35,0.05,0,0.0,0
2012-08-16,2012-09-27,OPTSTK,COLPAL,1050.0,PE,0.0,0.0,0.0,13.2,0.55,0,0.0,0
2012-08-16,2012-09-27,OPTSTK,COLPAL,1100.0,PE,0.0,0.0,0.0,24.5,3.05,0,0.0,0
2012-08-16,2012-09-27,OPTSTK,COLPAL,1150.0,PE,0.0,0.0,0.0,41.1,11.45,0,0.0,0
2012-08-16,2012-09-27,OPTSTK,COLPAL,1200.0,PE,0.0,0.0,0.0,63.65,30.35,0,0.0,0
2012-08-16,2012-09-27,OPTSTK,COLPAL,1250.0,PE,0.0,0.0,0.0,92.05,61.5,0,0.0,0
2012-08-16,2012-09-27,OPTSTK,COLPAL,1300.0,PE,0.0,0.0,0.0,125.7,102.45,0,0.0,0
2012-08-16,2012-09-27,OPTSTK,COLPAL,1350.0,PE,0.0,0.0,0.0,163.8,148.75,0,0.0,0
2012-08-16,2012-09-27,OPTSTK,COLPAL,1400.0,PE,0.0,0.0,0.0,205.3,197.35,0,0.0,0
2012-08-16,2012-09-27,OPTSTK,COLPAL,1450.0,PE,0.0,0.0,0.0,249.4,246.65,0,0.0,0
2012-08-16,2012-09-27,OPTSTK,COLPAL,1500.0,PE,0.0,0.0,0.0,295.25,296.05,0,0.0,0
2012-08-16,2012-09-27,OPTSTK,COLPAL,1550.0,PE,0.0,0.0,0.0,342.25,345.55,0,0.0,0
2012-08-16,2012-09-27,OPTSTK,COLPAL,1600.0,PE,0.0,0.0,0.0,390.05,395.05,0,0.0,0
2012-08-16,2012-09-27,OPTSTK,COLPAL,1650.0,PE,0.0,0.0,0.0,438.25,444.5,0,0.0,0
2012-08-16,2012-09-27,OPTSTK,COLPAL,1700.0,PE,0.0,0.0,0.0,486.75,494.0,0,0.0,0
2012-08-16,2012-09-27,OPTSTK,COLPAL,1750.0,PE,0.0,0.0,0.0,535.4,543.5,0,0.0,0
2012-08-16,2012-10-25,OPTSTK,COLPAL,500.0,CE,0.0,0.0,0.0,663.0,697.05,0,0.0,0
2012-08-16,2012-10-25,OPTSTK,COLPAL,550.0,CE,0.0,0.0,0.0,614.15,647.9,0,0.0,0
2012-08-16,2012-10-25,OPTSTK,COLPAL,600.0,CE,0.0,0.0,0.0,565.3,598.75,0,0.0,0
2012-08-16,2012-10-25,OPTSTK,COLPAL,650.0,CE,0.0,0.0,0.0,516.45,549.65,0,0.0,0
2012-08-16,2012-10-25,OPTSTK,COLPAL,700.0,CE,0.0,0.0,0.0,467.55,500.5,0,0.0,0
2012-08-16,2012-10-25,OPTSTK,COLPAL,750.0,CE,0.0,0.0,0.0,418.7,451.35,0,0.0,0
2012-08-16,2012-10-25,OPTSTK,COLPAL,800.0,CE,0.0,0.0,0.0,369.85,402.2,0,0.0,0
2012-08-16,2012-10-25,OPTSTK,COLPAL,850.0,CE,0.0,0.0,0.0,321.0,353.05,0,0.0,0
2012-08-16,2012-10-25,OPTSTK,COLPAL,900.0,CE,0.0,0.0,0.0,272.25,303.95,0,0.0,0
2012-08-16,2012-10-25,OPTSTK,COLPAL,950.0,CE,0.0,0.0,0.0,224.0,254.85,0,0.0,0
2012-08-16,2012-10-25,OPTSTK,COLPAL,1000.0,CE,0.0,0.0,0.0,177.15,206.0,0,0.0,0
2012-08-16,2012-10-25,OPTSTK,COLPAL,1050.0,CE,0.0,0.0,0.0,133.25,158.25,0,0.0,0
2012-08-16,2012-10-25,OPTSTK,COLPAL,1100.0,CE,0.0,0.0,0.0,94.5,113.5,0,0.0,0
2012-08-16,2012-10-25,OPTSTK,COLPAL,1150.0,CE,0.0,0.0,0.0,62.6,74.6,0,0.0,0
2012-08-16,2012-10-25,OPTSTK,COLPAL,1200.0,CE,0.0,0.0,0.0,38.6,44.25,0,0.0,0
2012-08-16,2012-10-25,OPTSTK,COLPAL,1250.0,CE,0.0,0.0,0.0,22.15,23.45,0,0.0,0
2012-08-16,2012-10-25,OPTSTK,COLPAL,1300.0,CE,0.0,0.0,0.0,11.85,11.1,0,0.0,0
2012-08-16,2012-10-25,OPTSTK,COLPAL,1350.0,CE,0.0,0.0,0.0,5.9,4.65,0,0.0,0
2012-08-16,2012-10-25,OPTSTK,COLPAL,1400.0,CE,0.0,0.0,0.0,2.75,1.75,0,0.0,0
2012-08-16,2012-10-25,OPTSTK,COLPAL,1450.0,CE,0.0,0.0,0.0,1.2,0.6,0,0.0,0
2012-08-16,2012-10-25,OPTSTK,COLPAL,1500.0,CE,0.0,0.0,0.0,0.5,0.2,0,0.0,0
2012-08-16,2012-10-25,OPTSTK,COLPAL,1550.0,CE,0.0,0.0,0.0,0.2,0.05,0,0.0,0
2012-08-16,2012-10-25,OPTSTK,COLPAL,1600.0,CE,0.0,0.0,0.0,0.1,0.05,0,0.0,0
2012-08-16,2012-10-25,OPTSTK,COLPAL,1650.0,CE,0.0,0.0,0.0,0.05,0.0,0,0.0,0
2012-08-16,2012-10-25,OPTSTK,COLPAL,1700.0,CE,0.0,0.0,0.0,0.05,0.0,0,0.0,0
2012-08-16,2012-10-25,OPTSTK,COLPAL,1750.0,CE,0.0,0.0,0.0,0.05,0.0,0,0.0,0
2012-08-16,2012-10-25,OPTSTK,COLPAL,500.0,PE,0.0,0.0,0.0,0.05,0.0,0,0.0,0
2012-08-16,2012-10-25,OPTSTK,COLPAL,550.0,PE,0.0,0.0,0.0,0.05,0.0,0,0.0,0
2012-08-16,2012-10-25,OPTSTK,COLPAL,600.0,PE,0.0,0.0,0.0,0.05,0.0,0,0.0,0
2012-08-16,2012-10-25,OPTSTK,COLPAL,650.0,PE,0.0,0.0,0.0,0.05,0.0,0,0.0,0
2012-08-16,2012-10-25,OPTSTK,COLPAL,700.0,PE,0.0,0.0,0.0,0.05,0.0,0,0.0,0
2012-08-16,2012-10-25,OPTSTK,COLPAL,750.0,PE,0.0,0.0,0.0,0.05,0.0,0,0.0,0
2012-08-16,2012-10-25,OPTSTK,COLPAL,800.0,PE,0.0,0.0,0.0,0.05,0.0,0,0.0,0
2012-08-16,2012-10-25,OPTSTK,COLPAL,850.0,PE,0.0,0.0,0.0,0.05,0.0,0,0.0,0
2012-08-16,2012-10-25,OPTSTK,COLPAL,900.0,PE,0.0,0.0,0.0,0.2,0.0,0,0.0,0
2012-08-16,2012-10-25,OPTSTK,COLPAL,950.0,PE,0.0,0.0,0.0,0.8,0.05,0,0.0,0
2012-08-16,2012-10-25,OPTSTK,COLPAL,1000.0,PE,0.0,0.0,0.0,2.8,0.4,0,0.0,0
2012-08-16,2012-10-25,OPTSTK,COLPAL,1050.0,PE,0.0,0.0,0.0,7.75,1.8,0,0.0,0
2012-08-16,2012-10-25,OPTSTK,COLPAL,1100.0,PE,0.0,0.0,0.0,17.85,6.15,0,0.0,0
2012-08-16,2012-10-25,OPTSTK,COLPAL,1150.0,PE,0.0,0.0,0.0,34.85,16.4,0,0.0,0
2012-08-16,2012-10-25,OPTSTK,COLPAL,1200.0,PE,0.0,0.0,0.0,59.75,35.2,0,0.0,0
2012-08-16,2012-10-25,OPTSTK,COLPAL,1250.0,PE,0.0,0.0,0.0,92.1,63.55,0,0.0,0
2012-08-16,2012-10-25,OPTSTK,COLPAL,1300.0,PE,0.0,0.0,0.0,130.65,100.3,0,0.0,0
2012-08-16,2012-10-25,OPTSTK,COLPAL,1350.0,PE,0.0,0.0,0.0,173.6,143.05,0,0.0,0
2012-08-16,2012-10-25,OPTSTK,COLPAL,1400.0,PE,0.0,0.0,0.0,219.3,189.25,0,0.0,0
2012-08-16,2012-10-25,OPTSTK,COLPAL,1450.0,PE,0.0,0.0,0.0,266.65,237.25,0,0.0,0
2012-08-16,2012-10-25,OPTSTK,COLPAL,1500.0,PE,0.0,0.0,0.0,314.8,286.0,0,0.0,0
2012-08-16,2012-10-25,OPTSTK,COLPAL,1550.0,PE,0.0,0.0,0.0,363.35,335.0,0,0.0,0
2012-08-16,2012-10-25,OPTSTK,COLPAL,1600.0,PE,0.0,0.0,0.0,412.1,384.1,0,0.0,0
2012-08-16,2012-10-25,OPTSTK,COLPAL,1650.0,PE,0.0,0.0,0.0,460.95,433.25,0,0.0,0
2012-08-16,2012-10-25,OPTSTK,COLPAL,1700.0,PE,0.0,0.0,0.0,509.8,482.4,0,0.0,0
2012-08-16,2012-10-25,OPTSTK,COLPAL,1750.0,PE,0.0,0.0,0.0,558.65,531.5,0,0.0,0
2012-08-16,2012-08-30,OPTSTK,COREEDUTEC,140.0,CE,0.0,0.0,0.0,152.45,153.55,0,0.0,0
2012-08-16,2012-08-30,OPTSTK,COREEDUTEC,160.0,CE,0.0,0.0,0.0,132.9,133.6,0,0.0,0
2012-08-16,2012-08-30,OPTSTK,COREEDUTEC,180.0,CE,0.0,0.0,0.0,113.4,113.65,0,0.0,0
2012-08-16,2012-08-30,OPTSTK,COREEDUTEC,200.0,CE,0.0,0.0,0.0,93.9,93.75,0,0.0,0
2012-08-16,2012-08-30,OPTSTK,COREEDUTEC,220.0,CE,0.0,0.0,0.0,74.4,73.8,0,0.0,0
2012-08-16,2012-08-30,OPTSTK,COREEDUTEC,240.0,CE,0.0,0.0,0.0,55.25,53.85,0,0.0,0
2012-08-16,2012-08-30,OPTSTK,COREEDUTEC,260.0,CE,0.0,0.0,0.0,37.35,33.95,0,0.0,0
2012-08-16,2012-08-30,OPTSTK,COREEDUTEC,280.0,CE,0.0,0.0,0.0,22.3,14.7,0,0.0,0
2012-08-16,2012-08-30,OPTSTK,COREEDUTEC,300.0,CE,0.0,0.0,0.0,11.55,2.45,0,0.0,0
2012-08-16,2012-08-30,OPTSTK,COREEDUTEC,320.0,CE,0.0,0.0,0.0,5.2,0.1,0,0.0,0
2012-08-16,2012-08-30,OPTSTK,COREEDUTEC,340.0,CE,0.0,0.0,0.0,2.0,0.0,0,0.0,0
2012-08-16,2012-08-30,OPTSTK,COREEDUTEC,360.0,CE,0.0,0.0,0.0,0.7,0.0,0,0.0,0
2012-08-16,2012-08-30,OPTSTK,COREEDUTEC,380.0,CE,0.0,0.0,0.0,0.2,0.0,0,0.0,0
2012-08-16,2012-08-30,OPTSTK,COREEDUTEC,400.0,CE,0.0,0.0,0.0,0.05,0.0,0,0.0,0
2012-08-16,2012-08-30,OPTSTK,COREEDUTEC,420.0,CE,0.0,0.0,0.0,0.05,0.0,0,0.0,0
2012-08-16,2012-08-30,OPTSTK,COREEDUTEC,440.0,CE,0.0,0.0,0.0,0.05,0.0,0,0.0,0
2012-08-16,2012-08-30,OPTSTK,COREEDUTEC,140.0,PE,0.0,0.0,0.0,0.05,0.0,0,0.0,0
2012-08-16,2012-08-30,OPTSTK,COREEDUTEC,160.0,PE,0.0,0.0,0.0,0.05,0.0,0,0.0,0
2012-08-16,2012-08-30,OPTSTK,COREEDUTEC,180.0,PE,0.0,0.0,0.0,0.05,0.0,0,0.0,0
2012-08-16,2012-08-30,OPTSTK,COREEDUTEC,200.0,PE,0.0,0.0,0.0,0.05,0.0,0,0.0,0
2012-08-16,2012-08-30,OPTSTK,COREEDUTEC,220.0,PE,0.0,0.0,0.0,0.05,0.0,0,0.0,0
2012-08-16,2012-08-30,OPTSTK,COREEDUTEC,240.0,PE,0.0,0.0,0.0,0.4,0.0,0,0.0,0
2012-08-16,2012-08-30,OPTSTK,COREEDUTEC,260.0,PE,0.0,0.0,0.0,2.0,0.0,0,0.0,0
2012-08-16,2012-08-30,OPTSTK,COREEDUTEC,280.0,PE,0.0,0.0,0.0,6.5,0.7,0,0.0,0
2012-08-16,2012-08-30,OPTSTK,COREEDUTEC,300.0,PE,0.0,0.0,0.0,15.3,8.4,0,0.0,0
2012-08-16,2012-08-30,OPTSTK,COREEDUTEC,320.0,PE,0.0,0.0,0.0,28.4,26.0,0,0.0,0
2012-08-16,2012-08-30,OPTSTK,COREEDUTEC,340.0,PE,0.0,0.0,0.0,44.75,45.85,0,0.0,0
2012-08-16,2012-08-30,OPTSTK,COREEDUTEC,360.0,PE,0.0,0.0,0.0,62.95,65.75,0,0.0,0
2012-08-16,2012-08-30,OPTSTK,COREEDUTEC,380.0,PE,0.0,0.0,0.0,82.0,85.7,0,0.0,0
2012-08-16,2012-08-30,OPTSTK,COREEDUTEC,400.0,PE,0.0,0.0,0.0,101.4,105.65,0,0.0,0
2012-08-16,2012-08-30,OPTSTK,COREEDUTEC,420.0,PE,0.0,0.0,0.0,120.85,125.55,0,0.0,0
2012-08-16,2012-08-30,OPTSTK,COREEDUTEC,440.0,PE,0.0,0.0,0.0,140.35,145.5,0,0.0,0
2012-08-16,2012-09-27,OPTSTK,COREEDUTEC,140.0,CE,0.0,0.0,0.0,160.2,154.5,0,0.0,0
2012-08-16,2012-09-27,OPTSTK,COREEDUTEC,160.0,CE,0.0,0.0,0.0,140.65,134.7,0,0.0,0
2012-08-16,2012-09-27,OPTSTK,COREEDUTEC,180.0,CE,0.0,0.0,0.0,121.1,114.95,0,0.0,0
2012-08-16,2012-09-27,OPTSTK,COREEDUTEC,200.0,CE,0.0,0.0,0.0,101.6,95.15,0,0.0,0
2012-08-16,2012-09-27,OPTSTK,COREEDUTEC,220.0,CE,0.0,0.0,0.0,82.15,75.35,0,0.0,0
2012-08-16,2012-09-27,OPTSTK,COREEDUTEC,240.0,CE,0.0,0.0,0.0,63.2,55.55,0,0.0,0
2012-08-16,2012-09-27,OPTSTK,COREEDUTEC,260.0,CE,0.0,0.0,0.0,45.55,36.0,0,0.0,0
2012-08-16,2012-09-27,OPTSTK,COREEDUTEC,280.0,CE,0.0,0.0,0.0,30.35,18.45,0,0.0,0
2012-08-16,2012-09-27,OPTSTK,COREEDUTEC,300.0,CE,0.0,0.0,0.0,18.55,6.6,0,0.0,0
2012-08-16,2012-09-27,OPTSTK,COREEDUTEC,320.0,CE,0.0,0.0,0.0,10.4,1.55,0,0.0,0
2012-08-16,2012-09-27,OPTSTK,COREEDUTEC,340.0,CE,0.0,0.0,0.0,5.35,0.25,0,0.0,0
2012-08-16,2012-09-27,OPTSTK,COREEDUTEC,360.0,CE,0.0,0.0,0.0,2.55,0.05,0,0.0,0
2012-08-16,2012-09-27,OPTSTK,COREEDUTEC,380.0,CE,0.0,0.0,0.0,1.15,0.0,0,0.0,0
2012-08-16,2012-09-27,OPTSTK,COREEDUTEC,400.0,CE,0.0,0.0,0.0,0.5,0.0,0,0.0,0
2012-08-16,2012-09-27,OPTSTK,COREEDUTEC,420.0,CE,0.0,0.0,0.0,0.2,0.0,0,0.0,0
2012-08-16,2012-09-27,OPTSTK,COREEDUTEC,440.0,CE,0.0,0.0,0.0,0.1,0.0,0,0.0,0
2012-08-16,2012-09-27,OPTSTK,COREEDUTEC,140.0,PE,0.0,0.0,0.0,0.05,0.0,0,0.0,0
2012-08-16,2012-09-27,OPTSTK,COREEDUTEC,160.0,PE,0.0,0.0,0.0,0.05,0.0,0,0.0,0
2012-08-16,2012-09-27,OPTSTK,COREEDUTEC,180.0,PE,0.0,0.0,0.0,0.05,0.0,0,0.0,0
2012-08-16,2012-09-27,OPTSTK,COREEDUTEC,200.0,PE,0.0,0.0,0.0,0.05,0.0,0,0.0,0
2012-08-16,2012-09-27,OPTSTK,COREEDUTEC,220.0,PE,0.0,0.0,0.0,0.15,0.0,0,0.0,0
2012-08-16,2012-09-27,OPTSTK,COREEDUTEC,240.0,PE,0.0,0.0,0.0,0.75,0.05,0,0.0,0
2012-08-16,2012-09-27,OPTSTK,COREEDUTEC,260.0,PE,0.0,0.0,0.0,2.6,0.3,0,0.0,0
2012-08-16,2012-09-27,OPTSTK,COREEDUTEC,280.0,PE,0.0,0.0,0.0,6.95,2.5,0,0.0,0
2012-08-16,2012-09-27,OPTSTK,COREEDUTEC,300.0,PE,0.0,0.0,0.0,14.65,10.45,0,0.0,0
2012-08-16,2012-09-27,OPTSTK,COREEDUTEC,320.0,PE,0.0,0.0,0.0,26.05,25.2,0,0.0,0
2012-08-16,2012-09-27,OPTSTK,COREEDUTEC,340.0,PE,0.0,0.0,0.0,40.55,43.7,0,0.0,0
2012-08-16,2012-09-27,OPTSTK,COREEDUTEC,360.0,PE,0.0,0.0,0.0,57.25,63.25,0,0.0,0
2012-08-16,2012-09-27,OPTSTK,COREEDUTEC,380.0,PE,0.0,0.0,0.0,75.4,83.05,0,0.0,0
2012-08-16,2012-09-27,OPTSTK,COREEDUTEC,400.0,PE,0.0,0.0,0.0,94.3,102.85,0,0.0,0
2012-08-16,2012-09-27,OPTSTK,COREEDUTEC,420.0,PE,0.0,0.0,0.0,113.55,122.65,0,0.0,0
2012-08-16,2012-09-27,OPTSTK,COREEDUTEC,440.0,PE,0.0,0.0,0.0,132.95,142.4,0,0.0,0
2012-08-16,2012-08-30,OPTSTK,CROMPGREAV,60.0,CE,0.0,0.0,0.0,53.55,57.8,0,0.0,0
2012-08-16,2012-08-30,OPTSTK,CROMPGREAV,70.0,CE,0.0,0.0,0.0,43.95,47.85,0,0.0,0
2012-08-16,2012-08-30,OPTSTK,CROMPGREAV,80.0,CE,0.0,0.0,0.0,34.75,37.9,0,0.0,0
2012-08-16,2012-08-30,OPTSTK,CROMPGREAV,90.0,CE,0.0,0.0,0.0,26.35,27.9,0,0.0,0
2012-08-16,2012-08-30,OPTSTK,CROMPGREAV,100.0,CE,0.0,0.0,0.0,19.15,18.0,0,0.0,0
2012-08-16,2012-08-30,OPTSTK,CROMPGREAV,110.0,CE,0.0,0.0,0.0,7.75,8.8,0,0.0,10000
2012-08-16,2012-08-30,OPTSTK,CROMPGREAV,120.0,CE,2.3,2.3,1.9,2.2,2.2,9,21.98,98000
2012-08-16,2012-08-30,OPTSTK,CROMPGREAV,130.0,CE,0.5,0.5,0.25,0.45,0.45,15,39.13,130000
2012-08-16,2012-08-30,OPTSTK,CROMPGREAV,140.0,CE,0.0,0.0,0.0,0.2,0.05,0,0.0,20000
2012-08-16,2012-08-30,OPTSTK,CROMPGREAV,150.0,CE,0.0,0.0,0.0,0.45,0.0,0,0.0,4000
2012-08-16,2012-08-30,OPTSTK,CROMPGREAV,160.0,CE,0.0,0.0,0.0,0.35,0.0,0,0.0,2000
2012-08-16,2012-08-30,OPTSTK,CROMPGREAV,170.0,CE,0.0,0.0,0.0,0.85,0.0,0,0.0,0
2012-08-16,2012-08-30,OPTSTK,CROMPGREAV,180.0,CE,0.0,0.0,0.0,0.5,0.0,0,0.0,0
2012-08-16,2012-08-30,OPTSTK,CROMPGREAV,190.0,CE,0.0,0.0,0.0,0.3,0.0,0,0.0,0
2012-08-16,2012-08-30,OPTSTK,CROMPGREAV,200.0,CE,0.0,0.0,0.0,0.2,0.0,0,0.0,0
2012-08-16,2012-08-30,OPTSTK,CROMPGREAV,210.0,CE,0.0,0.0,0.0,0.1,0.0,0,0.0,0
2012-08-16,2012-08-30,OPTSTK,CROMPGREAV,60.0,PE,0.0,0.0,0.0,0.05,0.0,0,0.0,0
2012-08-16,2012-08-30,OPTSTK,CROMPGREAV,70.0,PE,0.0,0.0,0.0,0.2,0.0,0,0.0,0
2012-08-16,2012-08-30,OPTSTK,CROMPGREAV,80.0,PE,0.0,0.0,0.0,0.75,0.0,0,0.0,0
2012-08-16,2012-08-30,OPTSTK,CROMPGREAV,90.0,PE,0.0,0.0,0.0,2.15,0.0,0,0.0,0
2012-08-16,2012-08-30,OPTSTK,CROMPGREAV,100.0,PE,0.0,0.0,0.0,0.2,0.05,0,0.0,20000
2012-08-16,2012-08-30,OPTSTK,CROMPGREAV,110.0,PE,1.0,1.0,0.75,0.8,0.8,4,8.87,84000
2012-08-16,2012-08-30,OPTSTK,CROMPGREAV,120.0,PE,4.5,5.25,4.5,4.5,4.5,4,9.98,52000
2012-08-16,2012-08-30,OPTSTK,CROMPGREAV,130.0,PE,12.3,12.3,12.3,12.3,12.3,1,2.84,8000
2012-08-16,2012-08-30,OPTSTK,CROMPGREAV,140.0,PE,0.0,0.0,0.0,28.25,22.0,0,0.0,0
2012-08-16,2012-08-30,OPTSTK,CROMPGREAV,150.0,PE,0.0,0.0,0.0,36.6,31.9,0,0.0,0
2012-08-16,2012-08-30,OPTSTK,CROMPGREAV,160.0,PE,0.0,0.0,0.0,45.5,41.9,0,0.0,0
2012-08-16,2012-08-30,OPTSTK,CROMPGREAV,170.0,PE,0.0,0.0,0.0,54.7,51.85,0,0.0,0
2012-08-16,2012-08-30,OPTSTK,CROMPGREAV,180.0,PE,0.0,0.0,0.0,64.1,61.8,0,0.0,0
2012-08-16,2012-08-30,OPTSTK,CROMPGREAV,190.0,PE,0.0,0.0,0.0,73.65,71.8,0,0.0,0
2012-08-16,2012-08-30,OPTSTK,CROMPGREAV,200.0,PE,0.0,0.0,0.0,83.3,81.75,0,0.0,0
2012-08-16,2012-08-30,OPTSTK,CROMPGREAV,210.0,PE,0.0,0.0,0.0,93.0,91.7,0,0.0,0
2012-08-16,2012-09-27,OPTSTK,CROMPGREAV,60.0,CE,0.0,0.0,0.0,61.2,58.25,0,0.0,0
2012-08-16,2012-09-27,OPTSTK,CROMPGREAV,70.0,CE,0.0,0.0,0.0,51.5,48.35,0,0.0,0
2012-08-16,2012-09-27,OPTSTK,CROMPGREAV,80.0,CE,0.0,0.0,0.0,41.85,38.45,0,0.0,0
2012-08-16,2012-09-27,OPTSTK,CROMPGREAV,90.0,CE,0.0,0.0,0.0,32.65,28.65,0,0.0,0
2012-08-16,2012-09-27,OPTSTK,CROMPGREAV,100.0,CE,0.0,0.0,0.0,24.3,19.3,0,0.0,0
2012-08-16,2012-09-27,OPTSTK,CROMPGREAV,110.0,CE,0.0,0.0,0.0,17.2,11.3,0,0.0,0
2012-08-16,2012-09-27,OPTSTK,CROMPGREAV,120.0,CE,3.75,3.75,3.75,3.75,3.75,1,2.47,2000
2012-08-16,2012-09-27,OPTSTK,CROMPGREAV,130.0,CE,1.2,1.2,1.2,1.2,1.2,1,2.62,2000
2012-08-16,2012-09-27,OPTSTK,CROMPGREAV,140.0,CE,0.0,0.0,0.0,4.6,0.9,0,0.0,0
2012-08-16,2012-09-27,OPTSTK,CROMPGREAV,150.0,CE,0.0,0.0,0.0,2.7,0.3,0,0.0,0
2012-08-16,2012-09-27,OPTSTK,CROMPGREAV,160.0,CE,0.0,0.0,0.0,1.55,0.1,0,0.0,0
2012-08-16,2012-09-27,OPTSTK,CROMPGREAV,170.0,CE,0.0,0.0,0.0,0.9,0.05,0,0.0,0
2012-08-16,2012-09-27,OPTSTK,CROMPGREAV,180.0,CE,0.0,0.0,0.0,0.5,0.0,0,0.0,0
2012-08-16,2012-09-27,OPTSTK,CROMPGREAV,190.0,CE,0.0,0.0,0.0,0.25,0.0,0,0.0,0
2012-08-16,2012-09-27,OPTSTK,CROMPGREAV,200.0,CE,0.0,0.0,0.0,0.15,0.0,0,0.0,0
2012-08-16,2012-09-27,OPTSTK,CROMPGREAV,210.0,CE,0.0,0.0,0.0,0.1,0.0,0,0.0,0
2012-08-16,2012-09-27,OPTSTK,CROMPGREAV,60.0,PE,0.0,0.0,0.0,0.05,0.0,0,0.0,0
2012-08-16,2012-09-27,OPTSTK,CROMPGREAV,70.0,PE,0.0,0.0,0.0,0.05,0.0,0,0.0,0
2012-08-16,2012-09-27,OPTSTK,CROMPGREAV,80.0,PE,0.0,0.0,0.0,0.2,0.0,0,0.0,0
2012-08-16,2012-09-27,OPTSTK,CROMPGREAV,90.0,PE,0.0,0.0,0.0,0.75,0.1,0,0.0,0
2012-08-16,2012-09-27,OPTSTK,CROMPGREAV,100.0,PE,0.0,0.0,0.0,2.15,0.65,0,0.0,0
2012-08-16,2012-09-27,OPTSTK,CROMPGREAV,110.0,PE,0.0,0.0,0.0,4.8,2.6,0,0.0,0
2012-08-16,2012-09-27,OPTSTK,CROMPGREAV,120.0,PE,0.0,0.0,0.0,8.95,6.8,0,0.0,0
2012-08-16,2012-09-27,OPTSTK,CROMPGREAV,130.0,PE,0.0,0.0,0.0,14.6,13.45,0,0.0,0
2012-08-16,2012-09-27,OPTSTK,CROMPGREAV,140.0,PE,0.0,0.0,0.0,21.5,21.85,0,0.0,0
2012-08-16,2012-09-27,OPTSTK,CROMPGREAV,150.0,PE,0.0,0.0,0.0,29.45,31.15,0,0.0,0
2012-08-16,2012-09-27,OPTSTK,CROMPGREAV,160.0,PE,0.0,0.0,0.0,38.05,40.85,0,0.0,0
2012-08-16,2012-09-27,OPTSTK,CROMPGREAV,170.0,PE,0.0,0.0,0.0,47.15,50.7,0,0.0,0
2012-08-16,2012-09-27,OPTSTK,CROMPGREAV,180.0,PE,0.0,0.0,0.0,56.5,60.55,0,0.0,0
2012-08-16,2012-09-27,OPTSTK,CROMPGREAV,190.0,PE,0.0,0.0,0.0,66.05,70.45,0,0.0,0
2012-08-16,2012-09-27,OPTSTK,CROMPGREAV,200.0,PE,0.0,0.0,0.0,75.7,80.35,0,0.0,0
2012-08-16,2012-09-27,OPTSTK,CROMPGREAV,210.0,PE,0.0,0.0,0.0,85.4,90.25,0,0.0,0
2012-08-16,2012-10-25,OPTSTK,CROMPGREAV,60.0,CE,0.0,0.0,0.0,55.3,58.65,0,0.0,0
2012-08-16,2012-10-25,OPTSTK,CROMPGREAV,70.0,CE,0.0,0.0,0.0,45.8,48.85,0,0.0,0
2012-08-16,2012-10-25,OPTSTK,CROMPGREAV,80.0,CE,0.0,0.0,0.0,36.75,39.05,0,0.0,0
2012-08-16,2012-10-25,OPTSTK,CROMPGREAV,90.0,CE,0.0,0.0,0.0,28.55,29.5,0,0.0,0
2012-08-16,2012-10-25,OPTSTK,CROMPGREAV,100.0,CE,0.0,0.0,0.0,21.5,20.7,0,0.0,0
2012-08-16,2012-10-25,OPTSTK,CROMPGREAV,110.0,CE,0.0,0.0,0.0,15.7,13.3,0,0.0,0
2012-08-16,2012-10-25,OPTSTK,CROMPGREAV,120.0,CE,0.0,0.0,0.0,11.15,7.8,0,0.0,0
2012-08-16,2012-10-25,OPTSTK,CROMPGREAV,130.0,CE,0.0,0.0,0.0,7.75,4.2,0,0.0,0
2012-08-16,2012-10-25,OPTSTK,CROMPGREAV,140.0,CE,0.0,0.0,0.0,5.3,2.1,0,0.0,0
2012-08-16,2012-10-25,OPTSTK,CROMPGREAV,150.0,CE,0.0,0.0,0.0,3.55,0.95,0,0.0,0
2012-08-16,2012-10-25,OPTSTK,CROMPGREAV,160.0,CE,0.0,0.0,0.0,2.35,0.45,0,0.0,0
2012-08-16,2012-10-25,OPTSTK,CROMPGREAV,170.0,CE,0.0,0.0,0.0,1.55,0.2,0,0.0,0
2012-08-16,2012-10-25,OPTSTK,CROMPGREAV,180.0,CE,0.0,0.0,0.0,1.0,0.1,0,0.0,0
2012-08-16,2012-10-25,OPTSTK,CROMPGREAV,190.0,CE,0.0,0.0,0.0,0.65,0.05,0,0.0,0
2012-08-16,2012-10-25,OPTSTK,CROMPGREAV,200.0,CE,0.0,0.0,0.0,0.45,0.05,0,0.0,0
2012-08-16,2012-10-25,OPTSTK,CROMPGREAV,210.0,CE,0.0,0.0,0.0,0.3,0.0,0,0.0,0
2012-08-16,2012-10-25,OPTSTK,CROMPGREAV,60.0,PE,0.0,0.0,0.0,0.1,0.0,0,0.0,0
2012-08-16,2012-10-25,OPTSTK,CROMPGREAV,70.0,PE,0.0,0.0,0.0,0.35,0.0,0,0.0,0
2012-08-16,2012-10-25,OPTSTK,CROMPGREAV,80.0,PE,0.0,0.0,0.0,1.1,0.05,0,0.0,0
2012-08-16,2012-10-25,OPTSTK,CROMPGREAV,90.0,PE,0.0,0.0,0.0,2.65,0.35,0,0.0,0
2012-08-16,2012-10-25,OPTSTK,CROMPGREAV,100.0,PE,0.0,0.0,0.0,5.35,1.4,0,0.0,0
2012-08-16,2012-10-25,OPTSTK,CROMPGREAV,110.0,PE,0.0,0.0,0.0,9.35,3.85,0,0.0,0
2012-08-16,2012-10-25,OPTSTK,CROMPGREAV,120.0,PE,0.0,0.0,0.0,14.55,8.15,0,0.0,0
2012-08-16,2012-10-25,OPTSTK,CROMPGREAV,130.0,PE,0.0,0.0,0.0,20.95,14.35,0,0.0,0
2012-08-16,2012-10-25,OPTSTK,CROMPGREAV,140.0,PE,0.0,0.0,0.0,28.25,22.1,0,0.0,0
2012-08-16,2012-10-25,OPTSTK,CROMPGREAV,150.0,PE,0.0,0.0,0.0,36.3,30.8,0,0.0,0
2012-08-16,2012-10-25,OPTSTK,CROMPGREAV,160.0,PE,0.0,0.0,0.0,44.85,40.1,0,0.0,0
2012-08-16,2012-10-25,OPTSTK,CROMPGREAV,170.0,PE,0.0,0.0,0.0,53.85,49.65,0,0.0,0
2012-08-16,2012-10-25,OPTSTK,CROMPGREAV,180.0,PE,0.0,0.0,0.0,63.05,59.4,0,0.0,0
2012-08-16,2012-10-25,OPTSTK,CROMPGREAV,190.0,PE,0.0,0.0,0.0,72.5,69.2,0,0.0,0
2012-08-16,2012-10-25,OPTSTK,CROMPGREAV,200.0,PE,0.0,0.0,0.0,82.05,79.0,0,0.0,0
2012-08-16,2012-10-25,OPTSTK,CROMPGREAV,210.0,PE,0.0,0.0,0.0,91.65,88.8,0,0.0,0
2012-08-16,2012-08-30,OPTSTK,CUMMINSIND,280.0,CE,0.0,0.0,0.0,155.7,194.9,0,0.0,0
2012-08-16,2012-08-30,OPTSTK,CUMMINSIND,300.0,CE,0.0,0.0,0.0,136.95,174.95,0,0.0,0
2012-08-16,2012-08-30,OPTSTK,CUMMINSIND,320.0,CE,0.0,0.0,0.0,118.85,155.05,0,0.0,0
2012-08-16,2012-08-30,OPTSTK,CUMMINSIND,340.0,CE,0.0,0.0,0.0,101.65,135.1,0,0.0,0
2012-08-16,2012-08-30,OPTSTK,CUMMINSIND,360.0,CE,0.0,0.0,0.0,85.7,115.15,0,0.0,0
2012-08-16,2012-08-30,OPTSTK,CUMMINSIND,380.0,CE,0.0,0.0,0.0,71.1,95.25,0,0.0,0
2012-08-16,2012-08-30,OPTSTK,CUMMINSIND,400.0,CE,0.0,0.0,0.0,58.15,75.35,0,0.0,0
2012-08-16,2012-08-30,OPTSTK,CUMMINSIND,420.0,CE,0.0,0.0,0.0,46.85,55.8,0,0.0,0
2012-08-16,2012-08-30,OPTSTK,CUMMINSIND,440.0,CE,0.0,0.0,0.0,3.0,37.45,0,0.0,0
2012-08-16,2012-08-30,OPTSTK,CUMMINSIND,460.0,CE,0.0,0.0,0.0,29.15,22.0,0,0.0,0
2012-08-16,2012-08-30,OPTSTK,CUMMINSIND,480.0,CE,0.0,0.0,0.0,10.0,10.95,0,0.0,2500
2012-08-16,2012-08-30,OPTSTK,CUMMINSIND,500.0,CE,0.0,0.0,0.0,17.3,4.55,0,0.0,0
2012-08-16,2012-08-30,OPTSTK,CUMMINSIND,520.0,CE,0.0,0.0,0.0,13.1,1.55,0,0.0,0
2012-08-16,2012-08-30,OPTSTK,CUMMINSIND,540.0,CE,0.0,0.0,0.0,9.85,0.45,0,0.0,0
2012-08-16,2012-08-30,OPTSTK,CUMMINSIND,560.0,CE,0.0,0.0,0.0,7.3,0.1,0,0.0,0
2012-08-16,2012-08-30,OPTSTK,CUMMINSIND,580.0,CE,0.0,0.0,0.0,5.4,0.05,0,0.0,0
2012-08-16,2012-08-30,OPTSTK,CUMMINSIND,600.0,CE,0.0,0.0,0.0,3.95,0.0,0,0.0,0
2012-08-16,2012-08-30,OPTSTK,CUMMINSIND,280.0,PE,0.0,0.0,0.0,0.6,0.0,0,0.0,0
2012-08-16,2012-08-30,OPTSTK,CUMMINSIND,300.0,PE,0.0,0.0,0.0,1.35,0.0,0,0.0,0
2012-08-16,2012-08-30,OPTSTK,CUMMINSIND,320.0,PE,0.0,0.0,0.0,2.8,0.0,0,0.0,0
2012-08-16,2012-08-30,OPTSTK,CUMMINSIND,340.0,PE,0.0,0.0,0.0,5.1,0.0,0,0.0,0
2012-08-16,2012-08-30,OPTSTK,CUMMINSIND,360.0,PE,0.0,0.0,0.0,8.65,0.0,0,0.0,0
2012-08-16,2012-08-30,OPTSTK,CUMMINSIND,380.0,PE,0.0,0.0,0.0,13.6,0.0,0,0.0,0
2012-08-16,2012-08-30,OPTSTK,CUMMINSIND,400.0,PE,0.0,0.0,0.0,20.15,0.1,0,0.0,0
2012-08-16,2012-08-30,OPTSTK,CUMMINSIND,420.0,PE,0.0,0.0,0.0,28.35,0.45,0,0.0,0
2012-08-16,2012-08-30,OPTSTK,CUMMINSIND,440.0,PE,0.0,0.0,0.0,38.25,2.05,0,0.0,0
2012-08-16,2012-08-30,OPTSTK,CUMMINSIND,460.0,PE,0.0,0.0,0.0,49.75,6.5,0,0.0,0
2012-08-16,2012-08-30,OPTSTK,CUMMINSIND,480.0,PE,0.0,0.0,0.0,3.3,15.4,0,0.0,1000
2012-08-16,2012-08-30,OPTSTK,CUMMINSIND,500.0,PE,0.0,0.0,0.0,76.9,28.95,0,0.0,0
2012-08-16,2012-08-30,OPTSTK,CUMMINSIND,520.0,PE,0.0,0.0,0.0,92.25,45.9,0,0.0,0
2012-08-16,2012-08-30,OPTSTK,CUMMINSIND,540.0,PE,0.0,0.0,0.0,108.45,64.7,0,0.0,0
2012-08-16,2012-08-30,OPTSTK,CUMMINSIND,560.0,PE,0.0,0.0,0.0,125.45,84.3,0,0.0,0
2012-08-16,2012-08-30,OPTSTK,CUMMINSIND,580.0,PE,0.0,0.0,0.0,143.05,104.15,0,0.0,0
2012-08-16,2012-08-30,OPTSTK,CUMMINSIND,600.0,PE,0.0,0.0,0.0,161.15,124.05,0,0.0,0
2012-08-16,2012-09-27,OPTSTK,CUMMINSIND,280.0,CE,0.0,0.0,0.0,164.45,196.85,0,0.0,0
2012-08-16,2012-09-27,OPTSTK,CUMMINSIND,300.0,CE,0.0,0.0,0.0,145.05,177.05,0,0.0,0
2012-08-16,2012-09-27,OPTSTK,CUMMINSIND,320.0,CE,0.0,0.0,0.0,125.8,157.3,0,0.0,0
2012-08-16,2012-09-27,OPTSTK,CUMMINSIND,340.0,CE,0.0,0.0,0.0,107.0,137.5,0,0.0,0
2012-08-16,2012-09-27,OPTSTK,CUMMINSIND,360.0,CE,0.0,0.0,0.0,89.0,117.85,0,0.0,0
2012-08-16,2012-09-27,OPTSTK,CUMMINSIND,380.0,CE,0.0,0.0,0.0,72.2,98.4,0,0.0,0
2012-08-16,2012-09-27,OPTSTK,CUMMINSIND,400.0,CE,0.0,0.0,0.0,57.05,79.55,0,0.0,0
2012-08-16,2012-09-27,OPTSTK,CUMMINSIND,420.0,CE,0.0,0.0,0.0,43.75,61.9,0,0.0,0
2012-08-16,2012-09-27,OPTSTK,CUMMINSIND,440.0,CE,0.0,0.0,0.0,32.65,46.1,0,0.0,0
2012-08-16,2012-09-27,OPTSTK,CUMMINSIND,460.0,CE,0.0,0.0,0.0,23.7,32.65,0,0.0,0
2012-08-16,2012-09-27,OPTSTK,CUMMINSIND,480.0,CE,0.0,0.0,0.0,16.75,22.0,0,0.0,0
2012-08-16,2012-09-27,OPTSTK,CUMMINSIND,500.0,CE,0.0,0.0,0.0,11.55,14.05,0,0.0,0
2012-08-16,2012-09-27,OPTSTK,CUMMINSIND,520.0,CE,0.0,0.0,0.0,7.75,8.55,0,0.0,0
2012-08-16,2012-09-27,OPTSTK,CUMMINSIND,540.0,CE,0.0,0.0,0.0,5.1,4.95,0,0.0,0
2012-08-16,2012-09-27,OPTSTK,CUMMINSIND,560.0,CE,0.0,0.0,0.0,3.3,2.7,0,0.0,0
2012-08-16,2012-09-27,OPTSTK,CUMMINSIND,580.0,CE,0.0,0.0,0.0,2.1,1.45,0,0.0,0
2012-08-16,2012-09-27,OPTSTK,CUMMINSIND,600.0,CE,0.0,0.0,0.0,1.3,0.75,0,0.0,0
2012-08-16,2012-09-27,OPTSTK,CUMMINSIND,280.0,PE,0.0,0.0,0.0,0.05,0.0,0,0.0,0
2012-08-16,2012-09-27,OPTSTK,CUMMINSIND,300.0,PE,0.0,0.0,0.0,0.15,0.0,0,0.0,0
2012-08-16,2012-09-27,OPTSTK,CUMMINSIND,320.0,PE,0.0,0.0,0.0,0.45,0.0,0,0.0,0
2012-08-16,2012-09-27,OPTSTK,CUMMINSIND,340.0,PE,0.0,0.0,0.0,1.2,0.05,0,0.0,0
2012-08-16,2012-09-27,OPTSTK,CUMMINSIND,360.0,PE,0.0,0.0,0.0,2.75,0.15,0,0.0,0
2012-08-16,2012-09-27,OPTSTK,CUMMINSIND,380.0,PE,0.0,0.0,0.0,5.45,0.5,0,0.0,0
2012-08-16,2012-09-27,OPTSTK,CUMMINSIND,400.0,PE,0.0,0.0,0.0,9.85,1.5,0,0.0,0
2012-08-16,2012-09-27,OPTSTK,CUMMINSIND,420.0,PE,0.0,0.0,0.0,16.1,3.65,0,0.0,0
2012-08-16,2012-09-27,OPTSTK,CUMMINSIND,440.0,PE,0.0,0.0,0.0,24.55,7.6,0,0.0,0
2012-08-16,2012-09-27,OPTSTK,CUMMINSIND,460.0,PE,0.0,0.0,0.0,35.1,13.95,0,0.0,0
2012-08-16,2012-09-27,OPTSTK,CUMMINSIND,480.0,PE,0.0,0.0,0.0,47.7,23.05,0,0.0,0
2012-08-16,2012-09-27,OPTSTK,CUMMINSIND,500.0,PE,0.0,0.0,0.0,62.0,34.95,0,0.0,0
2012-08-16,2012-09-27,OPTSTK,CUMMINSIND,520.0,PE,0.0,0.0,0.0,77.75,49.2,0,0.0,0
2012-08-16,2012-09-27,OPTSTK,CUMMINSIND,540.0,PE,0.0,0.0,0.0,94.65,65.4,0,0.0,0
2012-08-16,2012-09-27,OPTSTK,CUMMINSIND,560.0,PE,0.0,0.0,0.0,112.35,83.0,0,0.0,0
2012-08-16,2012-09-27,OPTSTK,CUMMINSIND,580.0,PE,0.0,0.0,0.0,130.7,101.5,0,0.0,0
2012-08-16,2012-09-27,OPTSTK,CUMMINSIND,600.0,PE,0.0,0.0,0.0,149.45,120.6,0,0.0,0
2012-08-16,2012-08-30,OPTSTK,DABUR,50.0,CE,0.0,0.0,0.0,55.5,68.25,0,0.0,0
2012-08-16,2012-08-30,OPTSTK,DABUR,60.0,CE,0.0,0.0,0.0,45.75,58.25,0,0.0,0
2012-08-16,2012-08-30,OPTSTK,DABUR,70.0,CE,0.0,0.0,0.0,36.0,48.3,0,0.0,0
2012-08-16,2012-08-30,OPTSTK,DABUR,80.0,CE,0.0,0.0,0.0,26.25,38.35,0,0.0,0
2012-08-16,2012-08-30,OPTSTK,DABUR,90.0,CE,0.0,0.0,0.0,16.85,28.35,0,0.0,0
2012-08-16,2012-08-30,OPTSTK,DABUR,100.0,CE,0.0,0.0,0.0,8.85,18.4,0,0.0,0
2012-08-16,2012-08-30,OPTSTK,DABUR,110.0,CE,0.0,0.0,0.0,3.6,8.75,0,0.0,0
2012-08-16,2012-08-30,OPTSTK,DABUR,120.0,CE,0.0,0.0,0.0,5.0,2.05,0,0.0,10000
2012-08-16,2012-08-30,OPTSTK,DABUR,130.0,CE,1.0,1.0,1.0,1.0,1.0,1,2.62,6000
2012-08-16,2012-08-30,OPTSTK,DABUR,140.0,CE,0.0,0.0,0.0,0.05,0.0,0,0.0,0
2012-08-16,2012-08-30,OPTSTK,DABUR,150.0,CE,0.0,0.0,0.0,0.05,0.0,0,0.0,0
2012-08-16,2012-08-30,OPTSTK,DABUR,160.0,CE,0.0,0.0,0.0,0.05,0.0,0,0.0,0
2012-08-16,2012-08-30,OPTSTK,DABUR,170.0,CE,0.0,0.0,0.0,0.05,0.0,0,0.0,0
2012-08-16,2012-08-30,OPTSTK,DABUR,50.0,PE,0.0,0.0,0.0,0.05,0.0,0,0.0,0
2012-08-16,2012-08-30,OPTSTK,DABUR,60.0,PE,0.0,0.0,0.0,0.05,0.0,0,0.0,0
2012-08-16,2012-08-30,OPTSTK,DABUR,70.0,PE,0.0,0.0,0.0,0.05,0.0,0,0.0,0
2012-08-16,2012-08-30,OPTSTK,DABUR,80.0,PE,0.0,0.0,0.0,0.05,0.0,0,0.0,0
2012-08-16,2012-08-30,OPTSTK,DABUR,90.0,PE,0.0,0.0,0.0,0.4,0.0,0,0.0,0
2012-08-16,2012-08-30,OPTSTK,DABUR,100.0,PE,0.0,0.0,0.0,2.1,0.0,0,0.0,0
2012-08-16,2012-08-30,OPTSTK,DABUR,110.0,PE,0.0,0.0,0.0,6.65,0.35,0,0.0,0
2012-08-16,2012-08-30,OPTSTK,DABUR,120.0,PE,0.0,0.0,0.0,1.5,3.6,0,0.0,8000
2012-08-16,2012-08-30,OPTSTK,DABUR,130.0,PE,0.0,0.0,0.0,22.85,11.7,0,0.0,0
2012-08-16,2012-08-30,OPTSTK,DABUR,140.0,PE,0.0,0.0,0.0,32.4,21.5,0,0.0,0
2012-08-16,2012-08-30,OPTSTK,DABUR,150.0,PE,0.0,0.0,0.0,42.1,31.45,0,0.0,0
2012-08-16,2012-08-30,OPTSTK,DABUR,160.0,PE,0.0,0.0,0.0,51.85,41.45,0,0.0,0
2012-08-16,2012-08-30,OPTSTK,DABUR,170.0,PE,0.0,0.0,0.0,61.65,51.4,0,0.0,0
2012-08-16,2012-09-27,OPTSTK,DABUR,50.0,CE,0.0,0.0,0.0,65.1,68.6,0,0.0,0
2012-08-16,2012-09-27,OPTSTK,DABUR,60.0,CE,0.0,0.0,0.0,55.3,58.7,0,0.0,0
2012-08-16,2012-09-27,OPTSTK,DABUR,70.0,CE,0.0,0.0,0.0,45.55,48.8,0,0.0,0
2012-08-16,2012-09-27,OPTSTK,DABUR,80.0,CE,0.0,0.0,0.0,35.8,38.9,0,0.0,0
2012-08-16,2012-09-27,OPTSTK,DABUR,90.0,CE,0.0,0.0,0.0,26.25,29.0,0,0.0,0
2012-08-16,2012-09-27,OPTSTK,DABUR,100.0,CE,0.0,0.0,0.0,17.45,19.25,0,0.0,0
2012-08-16,2012-09-27,OPTSTK,DABUR,110.0,CE,0.0,0.0,0.0,10.25,10.55,0,0.0,0
2012-08-16,2012-09-27,OPTSTK,DABUR,120.0,CE,0.0,0.0,0.0,5.25,4.4,0,0.0,0
2012-08-16,2012-09-27,OPTSTK,DABUR,130.0,CE,0.0,0.0,0.0,2.4,1.35,0,0.0,0
2012-08-16,2012-09-27,OPTSTK,DABUR,140.0,CE,0.0,0.0,0.0,0.95,0.3,0,0.0,0
2012-08-16,2012-09-27,OPTSTK,DABUR,150.0,CE,0.0,0.0,0.0,0.35,0.05,0,0.0,0
2012-08-16,2012-09-27,OPTSTK,DABUR,160.0,CE,0.0,0.0,0.0,0.15,0.05,0,0.0,0
2012-08-16,2012-09-27,OPTSTK,DABUR,170.0,CE,0.0,0.0,0.0,0.05,0.0,0,0.0,0
2012-08-16,2012-09-27,OPTSTK,DABUR,50.0,PE,0.0,0.0,0.0,0.05,0.0,0,0.0,0
2012-08-16,2012-09-27,OPTSTK,DABUR,60.0,PE,0.0,0.0,0.0,0.05,0.0,0,0.0,0
2012-08-16,2012-09-27,OPTSTK,DABUR,70.0,PE,0.0,0.0,0.0,0.05,0.0,0,0.0,0
2012-08-16,2012-09-27,OPTSTK,DABUR,80.0,PE,0.0,0.0,0.0,0.05,0.0,0,0.0,0
2012-08-16,2012-09-27,OPTSTK,DABUR,90.0,PE,0.0,0.0,0.0,0.25,0.05,0,0.0,0
2012-08-16,2012-09-27,OPTSTK,DABUR,100.0,PE,0.0,0.0,0.0,1.2,0.2,0,0.0,0
2012-08-16,2012-09-27,OPTSTK,DABUR,110.0,PE,0.0,0.0,0.0,3.8,1.35,0,0.0,0
2012-08-16,2012-09-27,OPTSTK,DABUR,120.0,PE,0.0,0.0,0.0,8.6,5.1,0,0.0,0
2012-08-16,2012-09-27,OPTSTK,DABUR,130.0,PE,0.0,0.0,0.0,15.45,11.95,0,0.0,0
2012-08-16,2012-09-27,OPTSTK,DABUR,140.0,PE,0.0,0.0,0.0,23.8,20.8,0,0.0,0
2012-08-16,2012-09-27,OPTSTK,DABUR,150.0,PE,0.0,0.0,0.0,32.95,30.45,0,0.0,0
2012-08-16,2012-09-27,OPTSTK,DABUR,160.0,PE,0.0,0.0,0.0,42.5,40.3,0,0.0,0
2012-08-16,2012-09-27,OPTSTK,DABUR,170.0,PE,0.0,0.0,0.0,52.2,50.2,0,0.0,0
2012-08-16,2012-10-25,OPTSTK,DABUR,50.0,CE,0.0,0.0,0.0,68.15,68.95,0,0.0,0
2012-08-16,2012-10-25,OPTSTK,DABUR,60.0,CE,0.0,0.0,0.0,58.4,59.1,0,0.0,0
2012-08-16,2012-10-25,OPTSTK,DABUR,70.0,CE,0.0,0.0,0.0,48.6,49.25,0,0.0,0
2012-08-16,2012-10-25,OPTSTK,DABUR,80.0,CE,0.0,0.0,0.0,38.85,39.45,0,0.0,0
2012-08-16,2012-10-25,OPTSTK,DABUR,90.0,CE,0.0,0.0,0.0,29.1,29.65,0,0.0,0
2012-08-16,2012-10-25,OPTSTK,DABUR,100.0,CE,0.0,0.0,0.0,19.7,20.3,0,0.0,0
2012-08-16,2012-10-25,OPTSTK,DABUR,110.0,CE,0.0,0.0,0.0,11.5,12.1,0,0.0,0
2012-08-16,2012-10-25,OPTSTK,DABUR,120.0,CE,0.0,0.0,0.0,5.55,6.15,0,0.0,0
2012-08-16,2012-10-25,OPTSTK,DABUR,130.0,CE,0.0,0.0,0.0,2.25,2.65,0,0.0,0
2012-08-16,2012-10-25,OPTSTK,DABUR,140.0,CE,0.0,0.0,0.0,0.75,0.95,0,0.0,0
2012-08-16,2012-10-25,OPTSTK,DABUR,150.0,CE,0.0,0.0,0.0,0.2,0.3,0,0.0,0
2012-08-16,2012-10-25,OPTSTK,DABUR,160.0,CE,0.0,0.0,0.0,0.05,0.1,0,0.0,0
2012-08-16,2012-10-25,OPTSTK,DABUR,170.0,CE,0.0,0.0,0.0,0.05,0.05,0,0.0,0
2012-08-16,2012-10-25,OPTSTK,DABUR,50.0,PE,0.0,0.0,0.0,0.05,0.0,0,0.0,0
2012-08-16,2012-10-25,OPTSTK,DABUR,60.0,PE,0.0,0.0,0.0,0.05,0.0,0,0.0,0
2012-08-16,2012-10-25,OPTSTK,DABUR,70.0,PE,0.0,0.0,0.0,0.05,0.0,0,0.0,0
2012-08-16,2012-10-25,OPTSTK,DABUR,80.0,PE,0.0,0.0,0.0,0.05,0.0,0,0.0,0
2012-08-16,2012-10-25,OPTSTK,DABUR,90.0,PE,0.0,0.0,0.0,0.05,0.1,0,0.0,0
2012-08-16,2012-10-25,OPTSTK,DABUR,100.0,PE,0.0,0.0,0.0,0.4,0.5,0,0.0,0
2012-08-16,2012-10-25,OPTSTK,DABUR,110.0,PE,0.0,0.0,0.0,2.0,2.2,0,0.0,0
2012-08-16,2012-10-25,OPTSTK,DABUR,120.0,PE,0.0,0.0,0.0,5.85,6.05,0,0.0,0
2012-08-16,2012-10-25,OPTSTK,DABUR,130.0,PE,0.0,0.0,0.0,12.3,12.35,0,0.0,0
2012-08-16,2012-10-25,OPTSTK,DABUR,140.0,PE,0.0,0.0,0.0,20.55,20.5,0,0.0,0
2012-08-16,2012-10-25,OPTSTK,DABUR,150.0,PE,0.0,0.0,0.0,29.8,29.7,0,0.0,0
2012-08-16,2012-10-25,OPTSTK,DABUR,160.0,PE,0.0,0.0,0.0,39.45,39.3,0,0.0,0
2012-08-16,2012-10-25,OPTSTK,DABUR,170.0,PE,0.0,0.0,0.0,49.15,49.05,0,0.0,0
2012-08-16,2012-08-30,OPTSTK,DCB,22.5,CE,0.0,0.0,0.0,16.5,19.55,0,0.0,0
2012-08-16,2012-08-30,OPTSTK,DCB,25.0,CE,0.0,0.0,0.0,14.1,17.05,0,0.0,0
2012-08-16,2012-08-30,OPTSTK,DCB,27.5,CE,0.0,0.0,0.0,11.8,14.55,0,0.0,0
2012-08-16,2012-08-30,OPTSTK,DCB,30.0,CE,0.0,0.0,0.0,9.6,12.05,0,0.0,0
2012-08-16,2012-08-30,OPTSTK,DCB,32.5,CE,0.0,0.0,0.0,7.65,9.6,0,0.0,0
2012-08-16,2012-08-30,OPTSTK,DCB,35.0,CE,0.0,0.0,0.0,5.9,7.1,0,0.0,0
2012-08-16,2012-08-30,OPTSTK,DCB,37.5,CE,5.95,5.95,5.95,5.95,5.95,1,3.47,8000
2012-08-16,2012-08-30,OPTSTK,DCB,40.0,CE,2.1,2.1,2.1,2.1,2.1,1,3.36,216000
2012-08-16,2012-08-30,OPTSTK,DCB,42.5,CE,0.8,0.85,0.7,0.85,0.85,14,48.48,320000
2012-08-16,2012-08-30,OPTSTK,DCB,45.0,CE,0.3,0.35,0.25,0.35,0.35,9,32.6,368000
2012-08-16,2012-08-30,OPTSTK,DCB,47.5,CE,0.0,0.0,0.0,0.1,0.15,0,0.0,48000
2012-08-16,2012-08-30,OPTSTK,DCB,50.0,CE,0.0,0.0,0.0,0.05,0.05,0,0.0,88000
2012-08-16,2012-08-30,OPTSTK,DCB,52.5,CE,0.0,0.0,0.0,0.55,0.0,0,0.0,0
2012-08-16,2012-08-30,OPTSTK,DCB,55.0,CE,0.0,0.0,0.0,0.35,0.0,0,0.0,0
2012-08-16,2012-08-30,OPTSTK,DCB,57.5,CE,0.0,0.0,0.0,0.25,0.0,0,0.0,0
2012-08-16,2012-08-30,OPTSTK,DCB,60.0,CE,0.0,0.0,0.0,0.15,0.0,0,0.0,0
2012-08-16,2012-08-30,OPTSTK,DCB,62.5,CE,0.0,0.0,0.0,0.1,0.0,0,0.0,0
2012-08-16,2012-08-30,OPTSTK,DCB,22.5,PE,0.0,0.0,0.0,0.05,0.0,0,0.0,0
2012-08-16,2012-08-30,OPTSTK,DCB,25.0,PE,0.0,0.0,0.0,0.1,0.0,0,0.0,0
2012-08-16,2012-08-30,OPTSTK,DCB,27.5,PE,0.0,0.0,0.0,0.2,0.0,0,0.0,0
2012-08-16,2012-08-30,OPTSTK,DCB,30.0,PE,0.0,0.0,0.0,0.5,0.0,0,0.0,0
2012-08-16,2012-08-30,OPTSTK,DCB,32.5,PE,0.0,0.0,0.0,0.95,0.0,0,0.0,0
2012-08-16,2012-08-30,OPTSTK,DCB,35.0,PE,0.0,0.0,0.0,0.55,0.05,0,0.0,0
2012-08-16,2012-08-30,OPTSTK,DCB,37.5,PE,0.0,0.0,0.0,2.65,0.15,0,0.0,0
2012-08-16,2012-08-30,OPTSTK,DCB,40.0,PE,0.35,0.45,0.25,0.45,0.45,3,9.68,136000
2012-08-16,2012-08-30,OPTSTK,DCB,42.5,PE,0.0,0.0,0.0,1.35,1.6,0,0.0,16000
2012-08-16,2012-08-30,OPTSTK,DCB,45.0,PE,0.0,0.0,0.0,4.45,3.3,0,0.0,8000
2012-08-16,2012-08-30,OPTSTK,DCB,47.5,PE,0.0,0.0,0.0,9.15,5.5,0,0.0,0
2012-08-16,2012-08-30,OPTSTK,DCB,50.0,PE,0.0,0.0,0.0,11.2,7.95,0,0.0,0
2012-08-16,2012-08-30,OPTSTK,DCB,52.5,PE,0.0,0.0,0.0,13.4,10.4,0,0.0,0
2012-08-16,2012-08-30,OPTSTK,DCB,55.0,PE,0.0,0.0,0.0,15.65,12.9,0,0.0,0
2012-08-16,2012-08-30,OPTSTK,DCB,57.5,PE,0.0,0.0,0.0,17.95,15.4,0,0.0,0
2012-08-16,2012-08-30,OPTSTK,DCB,60.0,PE,0.0,0.0,0.0,20.35,17.85,0,0.0,0
2012-08-16,2012-08-30,OPTSTK,DCB,62.5,PE,0.0,0.0,0.0,22.7,20.35,0,0.0,0
2012-08-16,2012-09-27,OPTSTK,DCB,22.5,CE,0.0,0.0,0.0,18.65,19.7,0,0.0,0
2012-08-16,2012-09-27,OPTSTK,DCB,25.0,CE,0.0,0.0,0.0,16.2,17.25,0,0.0,0
2012-08-16,2012-09-27,OPTSTK,DCB,27.5,CE,0.0,0.0,0.0,13.8,14.75,0,0.0,0
2012-08-16,2012-09-27,OPTSTK,DCB,30.0,CE,0.0,0.0,0.0,11.45,12.3,0,0.0,0
2012-08-16,2012-09-27,OPTSTK,DCB,32.5,CE,0.0,0.0,0.0,9.25,9.85,0,0.0,0
2012-08-16,2012-09-27,OPTSTK,DCB,35.0,CE,0.0,0.0,0.0,7.2,7.55,0,0.0,0
2012-08-16,2012-09-27,OPTSTK,DCB,37.5,CE,0.0,0.0,0.0,5.45,5.45,0,0.0,0
2012-08-16,2012-09-27,OPTSTK,DCB,40.0,CE,0.0,0.0,0.0,3.95,3.65,0,0.0,0
2012-08-16,2012-09-27,OPTSTK,DCB,42.5,CE,0.0,0.0,0.0,1.9,2.3,0,0.0,8000
2012-08-16,2012-09-27,OPTSTK,DCB,45.0,CE,0.0,0.0,0.0,1.9,1.35,0,0.0,0
2012-08-16,2012-09-27,OPTSTK,DCB,47.5,CE,0.5,0.5,0.5,0.5,0.5,1,3.84,0
2012-08-16,2012-09-27,OPTSTK,DCB,50.0,CE,0.0,0.0,0.0,0.85,0.4,0,0.0,0
2012-08-16,2012-09-27,OPTSTK,DCB,52.5,CE,0.0,0.0,0.0,0.55,0.2,0,0.0,0
2012-08-16,2012-09-27,OPTSTK,DCB,55.0,CE,0.0,0.0,0.0,0.35,0.1,0,0.0,0
2012-08-16,2012-09-27,OPTSTK,DCB,57.5,CE,0.0,0.0,0.0,0.2,0.05,0,0.0,0
2012-08-16,2012-09-27,OPTSTK,DCB,60.0,CE,0.0,0.0,0.0,0.15,0.05,0,0.0,0
2012-08-16,2012-09-27,OPTSTK,DCB,62.5,CE,0.0,0.0,0.0,0.1,0.05,0,0.0,0
2012-08-16,2012-09-27,OPTSTK,DCB,22.5,PE,0.0,0.0,0.0,0.05,0.0,0,0.0,0
2012-08-16,2012-09-27,OPTSTK,DCB,25.0,PE,0.0,0.0,0.0,0.05,0.0,0,0.0,0
2012-08-16,2012-09-27,OPTSTK,DCB,27.5,PE,0.0,0.0,0.0,0.05,0.0,0,0.0,0
2012-08-16,2012-09-27,OPTSTK,DCB,30.0,PE,0.0,0.0,0.0,0.15,0.05,0,0.0,0
2012-08-16,2012-09-27,OPTSTK,DCB,32.5,PE,0.0,0.0,0.0,0.4,0.1,0,0.0,0
2012-08-16,2012-09-27,OPTSTK,DCB,35.0,PE,0.0,0.0,0.0,0.8,0.25,0,0.0,0
2012-08-16,2012-09-27,OPTSTK,DCB,37.5,PE,0.0,0.0,0.0,1.45,0.6,0,0.0,0
2012-08-16,2012-09-27,OPTSTK,DCB,40.0,PE,1.25,1.25,1.25,1.25,1.25,1,3.3,16000
2012-08-16,2012-09-27,OPTSTK,DCB,42.5,PE,0.0,0.0,0.0,3.7,2.4,0,0.0,0
2012-08-16,2012-09-27,OPTSTK,DCB,45.0,PE,0.0,0.0,0.0,5.25,3.95,0,0.0,0
2012-08-16,2012-09-27,OPTSTK,DCB,47.5,PE,0.0,0.0,0.0,7.1,5.8,0,0.0,0
2012-08-16,2012-09-27,OPTSTK,DCB,50.0,PE,0.0,0.0,0.0,9.05,7.95,0,0.0,0
2012-08-16,2012-09-27,OPTSTK,DCB,52.5,PE,0.0,0.0,0.0,11.2,10.2,0,0.0,0
2012-08-16,2012-09-27,OPTSTK,DCB,55.0,PE,0.0,0.0,0.0,13.45,12.6,0,0.0,0
2012-08-16,2012-09-27,OPTSTK,DCB,57.5,PE,0.0,0.0,0.0,15.8,15.0,0,0.0,0
2012-08-16,2012-09-27,OPTSTK,DCB,60.0,PE,0.0,0.0,0.0,18.15,17.45,0,0.0,0
2012-08-16,2012-09-27,OPTSTK,DCB,62.5,PE,0.0,0.0,0.0,20.55,19.95,0,0.0,0
2012-08-16,2012-08-30,OPTSTK,DELTACORP,30.0,CE,0.0,0.0,0.0,29.8,32.35,0,0.0,0
2012-08-16,2012-08-30,OPTSTK,DELTACORP,35.0,CE,0.0,0.0,0.0,25.05,27.4,0,0.0,0
2012-08-16,2012-08-30,OPTSTK,DELTACORP,40.0,CE,0.0,0.0,0.0,20.6,22.4,0,0.0,0
2012-08-16,2012-08-30,OPTSTK,DELTACORP,45.0,CE,0.0,0.0,0.0,16.5,17.4,0,0.0,0
2012-08-16,2012-08-30,OPTSTK,DELTACORP,50.0,CE,0.0,0.0,0.0,12.9,12.45,0,0.0,0
2012-08-16,2012-08-30,OPTSTK,DELTACORP,55.0,CE,7.25,7.25,7.25,7.25,7.25,1,2.49,20000
2012-08-16,2012-08-30,OPTSTK,DELTACORP,60.0,CE,2.6,3.8,2.35,3.65,3.65,38,96.06,132000
2012-08-16,2012-08-30,OPTSTK,DELTACORP,65.0,CE,0.8,1.3,0.8,1.25,1.25,70,185.1,216000
2012-08-16,2012-08-30,OPTSTK,DELTACORP,70.0,CE,0.3,0.45,0.25,0.35,0.35,58,163.2,188000
2012-08-16,2012-08-30,OPTSTK,DELTACORP,75.0,CE,0.2,0.2,0.15,0.2,0.2,21,63.14,116000
2012-08-16,2012-08-30,OPTSTK,DELTACORP,80.0,CE,0.0,0.0,0.0,2.05,0.05,0,0.0,0
2012-08-16,2012-08-30,OPTSTK,DELTACORP,85.0,CE,0.0,0.0,0.0,1.45,0.0,0,0.0,0
2012-08-16,2012-08-30,OPTSTK,DELTACORP,90.0,CE,0.0,0.0,0.0,1.0,0.0,0,0.0,0
2012-08-16,2012-08-30,OPTSTK,DELTACORP,95.0,CE,0.0,0.0,0.0,0.7,0.0,0,0.0,0
2012-08-16,2012-08-30,OPTSTK,DELTACORP,100.0,CE,0.0,0.0,0.0,0.5,0.0,0,0.0,0
2012-08-16,2012-08-30,OPTSTK,DELTACORP,105.0,CE,0.0,0.0,0.0,0.35,0.0,0,0.0,0
2012-08-16,2012-08-30,OPTSTK,DELTACORP,110.0,CE,0.0,0.0,0.0,0.25,0.0,0,0.0,0
2012-08-16,2012-08-30,OPTSTK,DELTACORP,30.0,PE,0.0,0.0,0.0,0.05,0.0,0,0.0,0
2012-08-16,2012-08-30,OPTSTK,DELTACORP,35.0,PE,0.0,0.0,0.0,0.2,0.0,0,0.0,0
2012-08-16,2012-08-30,OPTSTK,DELTACORP,40.0,PE,0.0,0.0,0.0,0.6,0.0,0,0.0,0
2012-08-16,2012-08-30,OPTSTK,DELTACORP,45.0,PE,0.0,0.0,0.0,1.4,0.0,0,0.0,0
2012-08-16,2012-08-30,OPTSTK,DELTACORP,50.0,PE,0.0,0.0,0.0,2.7,0.05,0,0.0,0
2012-08-16,2012-08-30,OPTSTK,DELTACORP,55.0,PE,0.3,0.3,0.25,0.25,0.25,2,4.42,40000
2012-08-16,2012-08-30,OPTSTK,DELTACORP,60.0,PE,1.55,1.55,0.85,0.85,0.85,8,19.58,76000
2012-08-16,2012-08-30,OPTSTK,DELTACORP,65.0,PE,0.0,0.0,0.0,5.2,3.95,0,0.0,12000
2012-08-16,2012-08-30,OPTSTK,DELTACORP,70.0,PE,0.0,0.0,0.0,13.3,7.9,0,0.0,0
2012-08-16,2012-08-30,OPTSTK,DELTACORP,75.0,PE,0.0,0.0,0.0,17.05,12.6,0,0.0,0
2012-08-16,2012-08-30,OPTSTK,DELTACORP,80.0,PE,0.0,0.0,0.0,21.1,17.5,0,0.0,0
2012-08-16,2012-08-30,OPTSTK,DELTACORP,85.0,PE,0.0,0.0,0.0,25.4,22.5,0,0.0,0
2012-08-16,2012-08-30,OPTSTK,DELTACORP,90.0,PE,0.0,0.0,0.0,29.85,27.45,0,0.0,0
2012-08-16,2012-08-30,OPTSTK,DELTACORP,95.0,PE,0.0,0.0,0.0,34.45,32.45,0,0.0,0
2012-08-16,2012-08-30,OPTSTK,DELTACORP,100.0,PE,0.0,0.0,0.0,39.1,37.45,0,0.0,0
2012-08-16,2012-08-30,OPTSTK,DELTACORP,105.0,PE,0.0,0.0,0.0,43.85,42.4,0,0.0,0
2012-08-16,2012-08-30,OPTSTK,DELTACORP,110.0,PE,0.0,0.0,0.0,48.6,47.4,0,0.0,0
2012-08-16,2012-09-27,OPTSTK,DELTACORP,30.0,CE,0.0,0.0,0.0,34.4,32.6,0,0.0,0
2012-08-16,2012-09-27,OPTSTK,DELTACORP,35.0,CE,0.0,0.0,0.0,29.55,27.65,0,0.0,0
2012-08-16,2012-09-27,OPTSTK,DELTACORP,40.0,CE,0.0,0.0,0.0,24.8,22.7,0,0.0,0
2012-08-16,2012-09-27,OPTSTK,DELTACORP,45.0,CE,0.0,0.0,0.0,20.3,17.8,0,0.0,0
2012-08-16,2012-09-27,OPTSTK,DELTACORP,50.0,CE,0.0,0.0,0.0,16.15,13.15,0,0.0,0
2012-08-16,2012-09-27,OPTSTK,DELTACORP,55.0,CE,0.0,0.0,0.0,12.5,9.0,0,0.0,0
2012-08-16,2012-09-27,OPTSTK,DELTACORP,60.0,CE,6.0,6.0,6.0,6.0,6.0,1,2.64,4000
2012-08-16,2012-09-27,OPTSTK,DELTACORP,65.0,CE,0.0,0.0,0.0,6.95,3.3,0,0.0,0
2012-08-16,2012-09-27,OPTSTK,DELTACORP,70.0,CE,0.0,0.0,0.0,5.05,1.75,0,0.0,0
2012-08-16,2012-09-27,OPTSTK,DELTACORP,75.0,CE,0.0,0.0,0.0,3.55,0.9,0,0.0,0
2012-08-16,2012-09-27,OPTSTK,DELTACORP,80.0,CE,0.0,0.0,0.0,2.5,0.4,0,0.0,0
2012-08-16,2012-09-27,OPTSTK,DELTACORP,85.0,CE,0.0,0.0,0.0,1.7,0.2,0,0.0,0
2012-08-16,2012-09-27,OPTSTK,DELTACORP,90.0,CE,0.0,0.0,0.0,1.2,0.1,0,0.0,0
2012-08-16,2012-09-27,OPTSTK,DELTACORP,95.0,CE,0.0,0.0,0.0,0.8,0.05,0,0.0,0
2012-08-16,2012-09-27,OPTSTK,DELTACORP,100.0,CE,0.0,0.0,0.0,0.55,0.05,0,0.0,0
2012-08-16,2012-09-27,OPTSTK,DELTACORP,105.0,CE,0.0,0.0,0.0,0.35,0.0,0,0.0,0
2012-08-16,2012-09-27,OPTSTK,DELTACORP,110.0,CE,0.0,0.0,0.0,0.25,0.0,0,0.0,0
2012-08-16,2012-09-27,OPTSTK,DELTACORP,30.0,PE,0.0,0.0,0.0,0.05,0.0,0,0.0,0
2012-08-16,2012-09-27,OPTSTK,DELTACORP,35.0,PE,0.0,0.0,0.0,0.05,0.0,0,0.0,0
2012-08-16,2012-09-27,OPTSTK,DELTACORP,40.0,PE,0.0,0.0,0.0,0.2,0.05,0,0.0,0
2012-08-16,2012-09-27,OPTSTK,DELTACORP,45.0,PE,0.0,0.0,0.0,0.6,0.1,0,0.0,0
2012-08-16,2012-09-27,OPTSTK,DELTACORP,50.0,PE,0.0,0.0,0.0,1.35,0.4,0,0.0,0
2012-08-16,2012-09-27,OPTSTK,DELTACORP,55.0,PE,0.0,0.0,0.0,2.6,1.2,0,0.0,0
2012-08-16,2012-09-27,OPTSTK,DELTACORP,60.0,PE,0.0,0.0,0.0,4.4,2.8,0,0.0,0
2012-08-16,2012-09-27,OPTSTK,DELTACORP,65.0,PE,0.0,0.0,0.0,6.8,5.4,0,0.0,0
2012-08-16,2012-09-27,OPTSTK,DELTACORP,70.0,PE,0.0,0.0,0.0,9.75,8.8,0,0.0,0
2012-08-16,2012-09-27,OPTSTK,DELTACORP,75.0,PE,0.0,0.0,0.0,13.15,12.85,0,0.0,0
2012-08-16,2012-09-27,OPTSTK,DELTACORP,80.0,PE,0.0,0.0,0.0,17.0,17.35,0,0.0,0
2012-08-16,2012-09-27,OPTSTK,DELTACORP,85.0,PE,0.0,0.0,0.0,21.1,22.05,0,0.0,0
2012-08-16,2012-09-27,OPTSTK,DELTACORP,90.0,PE,0.0,0.0,0.0,25.45,26.9,0,0.0,0
2012-08-16,2012-09-27,OPTSTK,DELTACORP,95.0,PE,0.0,0.0,0.0,29.95,31.8,0,0.0,0
2012-08-16,2012-09-27,OPTSTK,DELTACORP,100.0,PE,0.0,0.0,0.0,34.55,36.75,0,0.0,0
2012-08-16,2012-09-27,OPTSTK,DELTACORP,105.0,PE,0.0,0.0,0.0,39.25,41.7,0,0.0,0
2012-08-16,2012-09-27,OPTSTK,DELTACORP,110.0,PE,0.0,0.0,0.0,44.05,46.65,0,0.0,0
2012-08-16,2012-08-30,OPTSTK,DENABANK,40.0,CE,0.0,0.0,0.0,53.0,51.9,0,0.0,0
2012-08-16,2012-08-30,OPTSTK,DENABANK,45.0,CE,0.0,0.0,0.0,48.1,46.9,0,0.0,0
2012-08-16,2012-08-30,OPTSTK,DENABANK,50.0,CE,0.0,0.0,0.0,43.25,41.95,0,0.0,0
2012-08-16,2012-08-30,OPTSTK,DENABANK,55.0,CE,0.0,0.0,0.0,38.5,36.95,0,0.0,0
2012-08-16,2012-08-30,OPTSTK,DENABANK,60.0,CE,0.0,0.0,0.0,33.8,31.95,0,0.0,0
2012-08-16,2012-08-30,OPTSTK,DENABANK,65.0,CE,0.0,0.0,0.0,29.3,27.0,0,0.0,0
2012-08-16,2012-08-30,OPTSTK,DENABANK,70.0,CE,0.0,0.0,0.0,25.05,22.0,0,0.0,0
2012-08-16,2012-08-30,OPTSTK,DENABANK,75.0,CE,0.0,0.0,0.0,21.1,17.05,0,0.0,0
2012-08-16,2012-08-30,OPTSTK,DENABANK,80.0,CE,0.0,0.0,0.0,17.55,12.15,0,0.0,0
2012-08-16,2012-08-30,OPTSTK,DENABANK,85.0,CE,7.5,7.5,7.5,7.5,7.5,2,7.4,48000
2012-08-16,2012-08-30,OPTSTK,DENABANK,90.0,CE,3.0,3.85,3.0,3.3,3.3,84,314.06,564000
2012-08-16,2012-08-30,OPTSTK,DENABANK,95.0,CE,1.2,1.45,0.95,1.2,1.2,260,1001.12,1320000
2012-08-16,2012-08-30,OPTSTK,DENABANK,100.0,CE,0.4,0.5,0.4,0.45,0.45,145,582.57,1648000
2012-08-16,2012-08-30,OPTSTK,DENABANK,105.0,CE,0.15,0.15,0.15,0.15,0.15,4,16.82,344000
2012-08-16,2012-08-30,OPTSTK,DENABANK,110.0,CE,0.1,0.1,0.1,0.1,0.1,2,8.8,124000
2012-08-16,2012-08-30,OPTSTK,DENABANK,115.0,CE,0.0,0.0,0.0,0.05,0.05,0,0.0,0
2012-08-16,2012-08-30,OPTSTK,DENABANK,120.0,CE,0.0,0.0,0.0,2.65,0.0,0,0.0,0
2012-08-16,2012-08-30,OPTSTK,DENABANK,125.0,CE,0.0,0.0,0.0,2.0,0.0,0,0.0,0
2012-08-16,2012-08-30,OPTSTK,DENABANK,130.0,CE,0.0,0.0,0.0,1.55,0.0,0,0.0,0
2012-08-16,2012-08-30,OPTSTK,DENABANK,135.0,CE,0.0,0.0,0.0,1.15,0.0,0,0.0,0
2012-08-16,2012-08-30,OPTSTK,DENABANK,140.0,CE,0.0,0.0,0.0,0.85,0.0,0,0.0,0
2012-08-16,2012-08-30,OPTSTK,DENABANK,150.0,CE,0.0,0.0,0.0,0.8,0.0,0,0.0,0
2012-08-16,2012-08-30,OPTSTK,DENABANK,40.0,PE,0.0,0.0,0.0,0.05,0.0,0,0.0,0
2012-08-16,2012-08-30,OPTSTK,DENABANK,45.0,PE,0.0,0.0,0.0,0.05,0.0,0,0.0,0
2012-08-16,2012-08-30,OPTSTK,DENABANK,50.0,PE,0.0,0.0,0.0,0.05,0.0,0,0.0,0
2012-08-16,2012-08-30,OPTSTK,DENABANK,55.0,PE,0.0,0.0,0.0,0.15,0.0,0,0.0,0
2012-08-16,2012-08-30,OPTSTK,DENABANK,60.0,PE,0.0,0.0,0.0,0.35,0.0,0,0.0,0
2012-08-16,2012-08-30,OPTSTK,DENABANK,65.0,PE,0.0,0.0,0.0,0.75,0.0,0,0.0,0
2012-08-16,2012-08-30,OPTSTK,DENABANK,70.0,PE,0.0,0.0,0.0,1.35,0.0,0,0.0,0
2012-08-16,2012-08-30,OPTSTK,DENABANK,75.0,PE,0.0,0.0,0.0,2.3,0.05,0,0.0,0
2012-08-16,2012-08-30,OPTSTK,DENABANK,80.0,PE,0.0,0.0,0.0,0.1,0.1,0,0.0,128000
2012-08-16,2012-08-30,OPTSTK,DENABANK,85.0,PE,0.35,0.35,0.25,0.3,0.3,28,95.52,576000
2012-08-16,2012-08-30,OPTSTK,DENABANK,90.0,PE,1.5,1.5,1.0,1.3,1.3,61,222.56,516000
2012-08-16,2012-08-30,OPTSTK,DENABANK,95.0,PE,3.65,3.9,3.65,3.9,3.9,11,43.42,144000
2012-08-16,2012-08-30,OPTSTK,DENABANK,100.0,PE,0.0,0.0,0.0,12.15,8.5,0,0.0,52000
2012-08-16,2012-08-30,OPTSTK,DENABANK,105.0,PE,0.0,0.0,0.0,5.6,13.05,0,0.0,4000
2012-08-16,2012-08-30,OPTSTK,DENABANK,110.0,PE,0.0,0.0,0.0,15.5,17.95,0,0.0,12000
2012-08-16,2012-08-30,OPTSTK,DENABANK,115.0,PE,0.0,0.0,0.0,23.7,22.9,0,0.0,0
2012-08-16,2012-08-30,OPTSTK,DENABANK,120.0,PE,0.0,0.0,0.0,27.75,27.85,0,0.0,0
2012-08-16,2012-08-30,OPTSTK,DENABANK,125.0,PE,0.0,0.0,0.0,32.0,32.85,0,0.0,0
2012-08-16,2012-08-30,OPTSTK,DENABANK,130.0,PE,0.0,0.0,0.0,36.4,37.85,0,0.0,0
2012-08-16,2012-08-30,OPTSTK,DENABANK,135.0,PE,0.0,0.0,0.0,40.9,42.8,0,0.0,0
2012-08-16,2012-08-30,OPTSTK,DENABANK,140.0,PE,0.0,0.0,0.0,45.5,47.8,0,0.0,0
2012-08-16,2012-08-30,OPTSTK,DENABANK,150.0,PE,0.0,0.0,0.0,49.9,57.75,0,0.0,0
2012-08-16,2012-09-27,OPTSTK,DENABANK,45.0,CE,0.0,0.0,0.0,52.45,47.25,0,0.0,0
2012-08-16,2012-09-27,OPTSTK,DENABANK,50.0,CE,0.0,0.0,0.0,47.6,42.3,0,0.0,0
2012-08-16,2012-09-27,OPTSTK,DENABANK,55.0,CE,0.0,0.0,0.0,42.75,37.35,0,0.0,0
2012-08-16,2012-09-27,OPTSTK,DENABANK,60.0,CE,0.0,0.0,0.0,37.95,32.4,0,0.0,0
2012-08-16,2012-09-27,OPTSTK,DENABANK,65.0,CE,0.0,0.0,0.0,33.2,27.45,0,0.0,0
2012-08-16,2012-09-27,OPTSTK,DENABANK,70.0,CE,0.0,0.0,0.0,28.65,22.55,0,0.0,0
2012-08-16,2012-09-27,OPTSTK,DENABANK,75.0,CE,0.0,0.0,0.0,24.35,17.85,0,0.0,0
2012-08-16,2012-09-27,OPTSTK,DENABANK,80.0,CE,0.0,0.0,0.0,20.35,13.4,0,0.0,0
2012-08-16,2012-09-27,OPTSTK,DENABANK,85.0,CE,0.0,0.0,0.0,16.75,9.55,0,0.0,0
2012-08-16,2012-09-27,OPTSTK,DENABANK,90.0,CE,0.0,0.0,0.0,4.05,6.35,0,0.0,12000
2012-08-16,2012-09-27,OPTSTK,DENABANK,95.0,CE,0.0,0.0,0.0,2.7,4.0,0,0.0,8000
2012-08-16,2012-09-27,OPTSTK,DENABANK,100.0,CE,0.0,0.0,0.0,8.5,2.35,0,0.0,0
2012-08-16,2012-09-27,OPTSTK,DENABANK,105.0,CE,0.0,0.0,0.0,6.6,1.3,0,0.0,0
2012-08-16,2012-09-27,OPTSTK,DENABANK,110.0,CE,0.0,0.0,0.0,5.05,0.7,0,0.0,0
2012-08-16,2012-09-27,OPTSTK,DENABANK,115.0,CE,0.0,0.0,0.0,3.85,0.35,0,0.0,0
2012-08-16,2012-09-27,OPTSTK,DENABANK,120.0,CE,0.0,0.0,0.0,2.9,0.2,0,0.0,0
2012-08-16,2012-09-27,OPTSTK,DENABANK,125.0,CE,0.0,0.0,0.0,2.15,0.1,0,0.0,0
2012-08-16,2012-09-27,OPTSTK,DENABANK,130.0,CE,0.0,0.0,0.0,1.6,0.05,0,0.0,0
2012-08-16,2012-09-27,OPTSTK,DENABANK,135.0,CE,0.0,0.0,0.0,1.15,0.05,0,0.0,0
2012-08-16,2012-09-27,OPTSTK,DENABANK,140.0,CE,0.0,0.0,0.0,0.85,0.05,0,0.0,0
2012-08-16,2012-09-27,OPTSTK,DENABANK,145.0,CE,0.0,0.0,0.0,0.6,0.0,0,0.0,0
2012-08-16,2012-09-27,OPTSTK,DENABANK,150.0,CE,0.0,0.0,0.0,0.5,0.0,0,0.0,0
2012-08-16,2012-09-27,OPTSTK,DENABANK,45.0,PE,0.0,0.0,0.0,0.05,0.0,0,0.0,0
2012-08-16,2012-09-27,OPTSTK,DENABANK,50.0,PE,0.0,0.0,0.0,0.05,0.0,0,0.0,0
2012-08-16,2012-09-27,OPTSTK,DENABANK,55.0,PE,0.0,0.0,0.0,0.05,0.0,0,0.0,0
2012-08-16,2012-09-27,OPTSTK,DENABANK,60.0,PE,0.0,0.0,0.0,0.15,0.0,0,0.0,0
2012-08-16,2012-09-27,OPTSTK,DENABANK,65.0,PE,0.0,0.0,0.0,0.3,0.05,0,0.0,0
2012-08-16,2012-09-27,OPTSTK,DENABANK,70.0,PE,0.0,0.0,0.0,0.65,0.1,0,0.0,0
2012-08-16,2012-09-27,OPTSTK,DENABANK,75.0,PE,0.0,0.0,0.0,1.2,0.3,0,0.0,0
2012-08-16,2012-09-27,OPTSTK,DENABANK,80.0,PE,0.0,0.0,0.0,2.1,0.85,0,0.0,0
2012-08-16,2012-09-27,OPTSTK,DENABANK,85.0,PE,0.0,0.0,0.0,3.4,1.9,0,0.0,0
2012-08-16,2012-09-27,OPTSTK,DENABANK,90.0,PE,0.0,0.0,0.0,5.1,3.7,0,0.0,0
2012-08-16,2012-09-27,OPTSTK,DENABANK,95.0,PE,0.0,0.0,0.0,7.2,6.25,0,0.0,0
2012-08-16,2012-09-27,OPTSTK,DENABANK,100.0,PE,0.0,0.0,0.0,9.8,9.55,0,0.0,0
2012-08-16,2012-09-27,OPTSTK,DENABANK,105.0,PE,0.0,0.0,0.0,12.75,13.45,0,0.0,0
2012-08-16,2012-09-27,OPTSTK,DENABANK,110.0,PE,0.0,0.0,0.0,16.1,17.8,0,0.0,0
2012-08-16,2012-09-27,OPTSTK,DENABANK,115.0,PE,0.0,0.0,0.0,19.75,22.4,0,0.0,0
2012-08-16,2012-09-27,OPTSTK,DENABANK,120.0,PE,0.0,0.0,0.0,23.7,27.2,0,0.0,0
2012-08-16,2012-09-27,OPTSTK,DENABANK,125.0,PE,0.0,0.0,0.0,27.85,32.05,0,0.0,0
2012-08-16,2012-09-27,OPTSTK,DENABANK,130.0,PE,0.0,0.0,0.0,32.15,36.95,0,0.0,0
2012-08-16,2012-09-27,OPTSTK,DENABANK,135.0,PE,0.0,0.0,0.0,36.6,41.9,0,0.0,0
2012-08-16,2012-09-27,OPTSTK,DENABANK,140.0,PE,0.0,0.0,0.0,41.2,46.85,0,0.0,0
2012-08-16,2012-09-27,OPTSTK,DENABANK,145.0,PE,0.0,0.0,0.0,45.85,51.75,0,0.0,0
2012-08-16,2012-09-27,OPTSTK,DENABANK,150.0,PE,0.0,0.0,0.0,48.4,56.7,0,0.0,0
2012-08-16,2012-10-25,OPTSTK,DENABANK,45.0,CE,0.0,0.0,0.0,47.15,47.55,0,0.0,0
2012-08-16,2012-10-25,OPTSTK,DENABANK,50.0,CE,0.0,0.0,0.0,42.25,42.65,0,0.0,0
2012-08-16,2012-10-25,OPTSTK,DENABANK,55.0,CE,0.0,0.0,0.0,37.4,37.7,0,0.0,0
2012-08-16,2012-10-25,OPTSTK,DENABANK,60.0,CE,0.0,0.0,0.0,32.6,32.8,0,0.0,0
2012-08-16,2012-10-25,OPTSTK,DENABANK,65.0,CE,0.0,0.0,0.0,27.9,28.0,0,0.0,0
2012-08-16,2012-10-25,OPTSTK,DENABANK,70.0,CE,0.0,0.0,0.0,23.4,23.25,0,0.0,0
2012-08-16,2012-10-25,OPTSTK,DENABANK,75.0,CE,0.0,0.0,0.0,19.2,18.8,0,0.0,0
2012-08-16,2012-10-25,OPTSTK,DENABANK,80.0,CE,0.0,0.0,0.0,15.45,14.7,0,0.0,0
2012-08-16,2012-10-25,OPTSTK,DENABANK,85.0,CE,0.0,0.0,0.0,12.1,11.1,0,0.0,0
2012-08-16,2012-10-25,OPTSTK,DENABANK,90.0,CE,0.0,0.0,0.0,9.3,8.1,0,0.0,0
2012-08-16,2012-10-25,OPTSTK,DENABANK,95.0,CE,0.0,0.0,0.0,7.0,5.7,0,0.0,0
2012-08-16,2012-10-25,OPTSTK,DENABANK,100.0,CE,0.0,0.0,0.0,5.15,3.9,0,0.0,0
2012-08-16,2012-10-25,OPTSTK,DENABANK,105.0,CE,0.0,0.0,0.0,3.75,2.6,0,0.0,0
2012-08-16,2012-10-25,OPTSTK,DENABANK,110.0,CE,0.0,0.0,0.0,2.65,1.65,0,0.0,0
2012-08-16,2012-10-25,OPTSTK,DENABANK,115.0,CE,0.0,0.0,0.0,1.85,1.05,0,0.0,0
2012-08-16,2012-10-25,OPTSTK,DENABANK,120.0,CE,0.0,0.0,0.0,1.3,0.65,0,0.0,0
2012-08-16,2012-10-25,OPTSTK,DENABANK,125.0,CE,0.0,0.0,0.0,0.9,0.4,0,0.0,0
2012-08-16,2012-10-25,OPTSTK,DENABANK,130.0,CE,0.0,0.0,0.0,0.6,0.25,0,0.0,0
2012-08-16,2012-10-25,OPTSTK,DENABANK,135.0,CE,0.0,0.0,0.0,0.4,0.15,0,0.0,0
2012-08-16,2012-10-25,OPTSTK,DENABANK,140.0,CE,0.0,0.0,0.0,0.3,0.1,0,0.0,0
2012-08-16,2012-10-25,OPTSTK,DENABANK,45.0,PE,0.0,0.0,0.0,0.05,0.0,0,0.0,0
2012-08-16,2012-10-25,OPTSTK,DENABANK,50.0,PE,0.0,0.0,0.0,0.05,0.0,0,0.0,0
2012-08-16,2012-10-25,OPTSTK,DENABANK,55.0,PE,0.0,0.0,0.0,0.05,0.0,0,0.0,0
2012-08-16,2012-10-25,OPTSTK,DENABANK,60.0,PE,0.0,0.0,0.0,0.15,0.05,0,0.0,0
2012-08-16,2012-10-25,OPTSTK,DENABANK,65.0,PE,0.0,0.0,0.0,0.3,0.1,0,0.0,0
2012-08-16,2012-10-25,OPTSTK,DENABANK,70.0,PE,0.0,0.0,0.0,0.7,0.3,0,0.0,0
2012-08-16,2012-10-25,OPTSTK,DENABANK,75.0,PE,0.0,0.0,0.0,1.4,0.75,0,0.0,0
2012-08-16,2012-10-25,OPTSTK,DENABANK,80.0,PE,0.0,0.0,0.0,2.5,1.55,0,0.0,0
2012-08-16,2012-10-25,OPTSTK,DENABANK,85.0,PE,0.0,0.0,0.0,4.1,2.9,0,0.0,0
2012-08-16,2012-10-25,OPTSTK,DENABANK,90.0,PE,0.0,0.0,0.0,6.15,4.8,0,0.0,0
2012-08-16,2012-10-25,OPTSTK,DENABANK,95.0,PE,0.0,0.0,0.0,8.75,7.3,0,0.0,0
2012-08-16,2012-10-25,OPTSTK,DENABANK,100.0,PE,0.0,0.0,0.0,11.8,10.4,0,0.0,0
2012-08-16,2012-10-25,OPTSTK,DENABANK,105.0,PE,0.0,0.0,0.0,15.25,14.0,0,0.0,0
2012-08-16,2012-10-25,OPTSTK,DENABANK,110.0,PE,0.0,0.0,0.0,19.05,18.0,0,0.0,0
2012-08-16,2012-10-25,OPTSTK,DENABANK,115.0,PE,0.0,0.0,0.0,23.15,22.3,0,0.0,0
2012-08-16,2012-10-25,OPTSTK,DENABANK,120.0,PE,0.0,0.0,0.0,27.5,26.85,0,0.0,0
2012-08-16,2012-10-25,OPTSTK,DENABANK,125.0,PE,0.0,0.0,0.0,31.95,31.5,0,0.0,0
2012-08-16,2012-10-25,OPTSTK,DENABANK,130.0,PE,0.0,0.0,0.0,36.55,36.25,0,0.0,0
2012-08-16,2012-10-25,OPTSTK,DENABANK,135.0,PE,0.0,0.0,0.0,41.25,41.1,0,0.0,0
2012-08-16,2012-10-25,OPTSTK,DENABANK,140.0,PE,0.0,0.0,0.0,46.0,45.95,0,0.0,0
2012-08-16,2012-08-30,OPTSTK,DISHTV,30.0,CE,0.0,0.0,0.0,28.55,44.55,0,0.0,0
2012-08-16,2012-08-30,OPTSTK,DISHTV,35.0,CE,0.0,0.0,0.0,23.7,39.6,0,0.0,0
2012-08-16,2012-08-30,OPTSTK,DISHTV,40.0,CE,0.0,0.0,0.0,18.95,34.6,0,0.0,0
2012-08-16,2012-08-30,OPTSTK,DISHTV,45.0,CE,0.0,0.0,0.0,14.5,29.6,0,0.0,0
2012-08-16,2012-08-30,OPTSTK,DISHTV,50.0,CE,0.0,0.0,0.0,10.55,24.65,0,0.0,0
2012-08-16,2012-08-30,OPTSTK,DISHTV,55.0,CE,0.0,0.0,0.0,7.35,19.65,0,0.0,0
2012-08-16,2012-08-30,OPTSTK,DISHTV,60.0,CE,0.0,0.0,0.0,12.15,14.7,0,0.0,8000
2012-08-16,2012-08-30,OPTSTK,DISHTV,65.0,CE,0.0,0.0,0.0,8.1,9.8,0,0.0,40000
2012-08-16,2012-08-30,OPTSTK,DISHTV,70.0,CE,4.3,5.25,4.3,5.2,5.2,6,17.98,212000
2012-08-16,2012-08-30,OPTSTK,DISHTV,75.0,CE,1.45,1.9,1.2,1.75,1.75,70,214.68,476000
2012-08-16,2012-08-30,OPTSTK,DISHTV,80.0,CE,0.35,0.6,0.35,0.5,0.5,53,170.66,388000
2012-08-16,2012-08-30,OPTSTK,DISHTV,85.0,CE,0.0,0.0,0.0,0.1,0.15,0,0.0,20000
2012-08-16,2012-08-30,OPTSTK,DISHTV,90.0,CE,0.0,0.0,0.0,0.2,0.05,0,0.0,0
2012-08-16,2012-08-30,OPTSTK,DISHTV,95.0,CE,0.0,0.0,0.0,0.1,0.0,0,0.0,0
2012-08-16,2012-08-30,OPTSTK,DISHTV,100.0,CE,0.0,0.0,0.0,0.1,0.0,0,0.0,0
2012-08-16,2012-08-30,OPTSTK,DISHTV,105.0,CE,0.0,0.0,0.0,0.05,0.0,0,0.0,0
2012-08-16,2012-08-30,OPTSTK,DISHTV,110.0,CE,0.0,0.0,0.0,0.05,0.0,0,0.0,0
2012-08-16,2012-08-30,OPTSTK,DISHTV,30.0,PE,0.0,0.0,0.0,0.05,0.0,0,0.0,0
2012-08-16,2012-08-30,OPTSTK,DISHTV,35.0,PE,0.0,0.0,0.0,0.05,0.0,0,0.0,0
2012-08-16,2012-08-30,OPTSTK,DISHTV,40.0,PE,0.0,0.0,0.0,0.2,0.0,0,0.0,0
2012-08-16,2012-08-30,OPTSTK,DISHTV,45.0,PE,0.0,0.0,0.0,0.6,0.0,0,0.0,0
2012-08-16,2012-08-30,OPTSTK,DISHTV,50.0,PE,0.0,0.0,0.0,1.55,0.0,0,0.0,0
2012-08-16,2012-08-30,OPTSTK,DISHTV,55.0,PE,0.0,0.0,0.0,3.2,0.0,0,0.0,0
2012-08-16,2012-08-30,OPTSTK,DISHTV,60.0,PE,0.0,0.0,0.0,0.05,0.0,0,0.0,12000
2012-08-16,2012-08-30,OPTSTK,DISHTV,65.0,PE,0.1,0.1,0.1,0.1,0.1,4,10.41,216000
2012-08-16,2012-08-30,OPTSTK,DISHTV,70.0,PE,0.65,0.65,0.45,0.55,0.55,13,36.67,184000
2012-08-16,2012-08-30,OPTSTK,DISHTV,75.0,PE,2.15,2.2,1.95,2.05,2.05,8,24.65,44000
2012-08-16,2012-08-30,OPTSTK,DISHTV,80.0,PE,0.0,0.0,0.0,8.5,5.95,0,0.0,12000
2012-08-16,2012-08-30,OPTSTK,DISHTV,85.0,PE,0.0,0.0,0.0,25.5,10.45,0,0.0,0
2012-08-16,2012-08-30,OPTSTK,DISHTV,90.0,PE,0.0,0.0,0.0,30.25,15.3,0,0.0,0
2012-08-16,2012-08-30,OPTSTK,DISHTV,95.0,PE,0.0,0.0,0.0,35.05,20.25,0,0.0,0
2012-08-16,2012-08-30,OPTSTK,DISHTV,100.0,PE,0.0,0.0,0.0,39.85,25.25,0,0.0,0
2012-08-16,2012-08-30,OPTSTK,DISHTV,105.0,PE,0.0,0.0,0.0,44.7,30.2,0,0.0,0
2012-08-16,2012-08-30,OPTSTK,DISHTV,110.0,PE,0.0,0.0,0.0,49.6,35.2,0,0.0,0
2012-08-16,2012-09-27,OPTSTK,DISHTV,30.0,CE,0.0,0.0,0.0,32.4,44.8,0,0.0,0
2012-08-16,2012-09-27,OPTSTK,DISHTV,35.0,CE,0.0,0.0,0.0,27.55,39.85,0,0.0,0
2012-08-16,2012-09-27,OPTSTK,DISHTV,40.0,CE,0.0,0.0,0.0,22.7,34.9,0,0.0,0
2012-08-16,2012-09-27,OPTSTK,DISHTV,45.0,CE,0.0,0.0,0.0,17.95,29.95,0,0.0,0
2012-08-16,2012-09-27,OPTSTK,DISHTV,50.0,CE,0.0,0.0,0.0,13.5,25.0,0,0.0,0
2012-08-16,2012-09-27,OPTSTK,DISHTV,55.0,CE,0.0,0.0,0.0,9.6,20.05,0,0.0,0
2012-08-16,2012-09-27,OPTSTK,DISHTV,60.0,CE,0.0,0.0,0.0,6.4,15.3,0,0.0,0
2012-08-16,2012-09-27,OPTSTK,DISHTV,65.0,CE,0.0,0.0,0.0,4.05,10.85,0,0.0,0
2012-08-16,2012-09-27,OPTSTK,DISHTV,70.0,CE,0.0,0.0,0.0,2.45,7.1,0,0.0,0
2012-08-16,2012-09-27,OPTSTK,DISHTV,75.0,CE,0.0,0.0,0.0,1.4,4.2,0,0.0,0
2012-08-16,2012-09-27,OPTSTK,DISHTV,80.0,CE,0.0,0.0,0.0,0.75,2.3,0,0.0,0
2012-08-16,2012-09-27,OPTSTK,DISHTV,85.0,CE,0.0,0.0,0.0,0.4,1.15,0,0.0,0
2012-08-16,2012-09-27,OPTSTK,DISHTV,90.0,CE,0.0,0.0,0.0,0.2,0.55,0,0.0,0
2012-08-16,2012-09-27,OPTSTK,DISHTV,95.0,CE,0.0,0.0,0.0,0.1,0.25,0,0.0,0
2012-08-16,2012-09-27,OPTSTK,DISHTV,100.0,CE,0.0,0.0,0.0,0.05,0.1,0,0.0,0
2012-08-16,2012-09-27,OPTSTK,DISHTV,105.0,CE,0.0,0.0,0.0,0.05,0.05,0,0.0,0
2012-08-16,2012-09-27,OPTSTK,DISHTV,110.0,CE,0.0,0.0,0.0,0.05,0.05,0,0.0,0
2012-08-16,2012-09-27,OPTSTK,DISHTV,30.0,PE,0.0,0.0,0.0,0.05,0.0,0,0.0,0
2012-08-16,2012-09-27,OPTSTK,DISHTV,35.0,PE,0.0,0.0,0.0,0.05,0.0,0,0.0,0
2012-08-16,2012-09-27,OPTSTK,DISHTV,40.0,PE,0.0,0.0,0.0,0.05,0.0,0,0.0,0
2012-08-16,2012-09-27,OPTSTK,DISHTV,45.0,PE,0.0,0.0,0.0,0.2,0.0,0,0.0,0
2012-08-16,2012-09-27,OPTSTK,DISHTV,50.0,PE,0.0,0.0,0.0,0.65,0.0,0,0.0,0
2012-08-16,2012-09-27,OPTSTK,DISHTV,55.0,PE,0.0,0.0,0.0,1.6,0.05,0,0.0,0
2012-08-16,2012-09-27,OPTSTK,DISHTV,60.0,PE,0.0,0.0,0.0,3.3,0.2,0,0.0,0
2012-08-16,2012-09-27,OPTSTK,DISHTV,65.0,PE,0.0,0.0,0.0,5.85,0.75,0,0.0,0
2012-08-16,2012-09-27,OPTSTK,DISHTV,70.0,PE,0.0,0.0,0.0,9.1,1.9,0,0.0,0
2012-08-16,2012-09-27,OPTSTK,DISHTV,75.0,PE,0.0,0.0,0.0,12.95,4.0,0,0.0,0
2012-08-16,2012-09-27,OPTSTK,DISHTV,80.0,PE,0.0,0.0,0.0,17.2,7.0,0,0.0,0
2012-08-16,2012-09-27,OPTSTK,DISHTV,85.0,PE,0.0,0.0,0.0,21.75,10.8,0,0.0,0
2012-08-16,2012-09-27,OPTSTK,DISHTV,90.0,PE,0.0,0.0,0.0,26.45,15.15,0,0.0,0
2012-08-16,2012-09-27,OPTSTK,DISHTV,95.0,PE,0.0,0.0,0.0,31.2,19.8,0,0.0,0
2012-08-16,2012-09-27,OPTSTK,DISHTV,100.0,PE,0.0,0.0,0.0,36.05,24.6,0,0.0,0
2012-08-16,2012-09-27,OPTSTK,DISHTV,105.0,PE,0.0,0.0,0.0,40.9,29.5,0,0.0,0
2012-08-16,2012-09-27,OPTSTK,DISHTV,110.0,PE,0.0,0.0,0.0,45.75,34.45,0,0.0,0
2012-08-16,2012-10-25,OPTSTK,DISHTV,30.0,CE,0.0,0.0,0.0,39.6,45.0,0,0.0,0
2012-08-16,2012-10-25,OPTSTK,DISHTV,35.0,CE,0.0,0.0,0.0,34.7,40.05,0,0.0,0
2012-08-16,2012-10-25,OPTSTK,DISHTV,40.0,CE,0.0,0.0,0.0,29.85,35.15,0,0.0,0
2012-08-16,2012-10-25,OPTSTK,DISHTV,45.0,CE,0.0,0.0,0.0,25.0,30.25,0,0.0,0
2012-08-16,2012-10-25,OPTSTK,DISHTV,50.0,CE,0.0,0.0,0.0,20.35,25.35,0,0.0,0
2012-08-16,2012-10-25,OPTSTK,DISHTV,55.0,CE,0.0,0.0,0.0,15.95,20.6,0,0.0,0
2012-08-16,2012-10-25,OPTSTK,DISHTV,60.0,CE,0.0,0.0,0.0,12.0,16.05,0,0.0,0
2012-08-16,2012-10-25,OPTSTK,DISHTV,65.0,CE,0.0,0.0,0.0,8.7,11.9,0,0.0,0
2012-08-16,2012-10-25,OPTSTK,DISHTV,70.0,CE,0.0,0.0,0.0,6.05,8.4,0,0.0,0
2012-08-16,2012-10-25,OPTSTK,DISHTV,75.0,CE,0.0,0.0,0.0,4.1,5.65,0,0.0,0
2012-08-16,2012-10-25,OPTSTK,DISHTV,80.0,CE,0.0,0.0,0.0,2.65,3.6,0,0.0,0
2012-08-16,2012-10-25,OPTSTK,DISHTV,85.0,CE,0.0,0.0,0.0,1.7,2.2,0,0.0,0
2012-08-16,2012-10-25,OPTSTK,DISHTV,90.0,CE,0.0,0.0,0.0,1.05,1.3,0,0.0,0
2012-08-16,2012-10-25,OPTSTK,DISHTV,95.0,CE,0.0,0.0,0.0,0.65,0.75,0,0.0,0
2012-08-16,2012-10-25,OPTSTK,DISHTV,100.0,CE,0.0,0.0,0.0,0.4,0.4,0,0.0,0
2012-08-16,2012-10-25,OPTSTK,DISHTV,105.0,CE,0.0,0.0,0.0,0.25,0.2,0,0.0,0
2012-08-16,2012-10-25,OPTSTK,DISHTV,110.0,CE,0.0,0.0,0.0,0.15,0.1,0,0.0,0
2012-08-16,2012-10-25,OPTSTK,DISHTV,30.0,PE,0.0,0.0,0.0,0.05,0.0,0,0.0,0
2012-08-16,2012-10-25,OPTSTK,DISHTV,35.0,PE,0.0,0.0,0.0,0.05,0.0,0,0.0,0
2012-08-16,2012-10-25,OPTSTK,DISHTV,40.0,PE,0.0,0.0,0.0,0.05,0.0,0,0.0,0
2012-08-16,2012-10-25,OPTSTK,DISHTV,45.0,PE,0.0,0.0,0.0,0.1,0.05,0,0.0,0
2012-08-16,2012-10-25,OPTSTK,DISHTV,50.0,PE,0.0,0.0,0.0,0.3,0.05,0,0.0,0
2012-08-16,2012-10-25,OPTSTK,DISHTV,55.0,PE,0.0,0.0,0.0,0.8,0.2,0,0.0,0
2012-08-16,2012-10-25,OPTSTK,DISHTV,60.0,PE,0.0,0.0,0.0,1.75,0.55,0,0.0,0
2012-08-16,2012-10-25,OPTSTK,DISHTV,65.0,PE,0.0,0.0,0.0,3.35,1.35,0,0.0,0
2012-08-16,2012-10-25,OPTSTK,DISHTV,70.0,PE,0.0,0.0,0.0,5.6,2.75,0,0.0,0
2012-08-16,2012-10-25,OPTSTK,DISHTV,75.0,PE,0.0,0.0,0.0,8.5,4.9,0,0.0,0
2012-08-16,2012-10-25,OPTSTK,DISHTV,80.0,PE,0.0,0.0,0.0,11.95,7.8,0,0.0,0
2012-08-16,2012-10-25,OPTSTK,DISHTV,85.0,PE,0.0,0.0,0.0,15.85,11.3,0,0.0,0
2012-08-16,2012-10-25,OPTSTK,DISHTV,90.0,PE,0.0,0.0,0.0,20.1,15.3,0,0.0,0
2012-08-16,2012-10-25,OPTSTK,DISHTV,95.0,PE,0.0,0.0,0.0,24.6,19.65,0,0.0,0
2012-08-16,2012-10-25,OPTSTK,DISHTV,100.0,PE,0.0,0.0,0.0,29.2,24.25,0,0.0,0
2012-08-16,2012-10-25,OPTSTK,DISHTV,105.0,PE,0.0,0.0,0.0,33.95,28.95,0,0.0,0
2012-08-16,2012-10-25,OPTSTK,DISHTV,110.0,PE,0.0,0.0,0.0,38.75,33.8,0,0.0,0
2012-08-16,2012-08-30,OPTSTK,DIVISLAB,500.0,CE,0.0,0.0,0.0,420.3,672.8,0,0.0,0
2012-08-16,2012-08-30,OPTSTK,DIVISLAB,540.0,CE,0.0,0.0,0.0,406.55,632.95,0,0.0,0
2012-08-16,2012-08-30,OPTSTK,DIVISLAB,550.0,CE,0.0,0.0,0.0,483.6,622.95,0,0.0,0
2012-08-16,2012-08-30,OPTSTK,DIVISLAB,560.0,CE,0.0,0.0,0.0,387.0,613.0,0,0.0,0
2012-08-16,2012-08-30,OPTSTK,DIVISLAB,580.0,CE,0.0,0.0,0.0,367.5,593.05,0,0.0,0
2012-08-16,2012-08-30,OPTSTK,DIVISLAB,600.0,CE,0.0,0.0,0.0,348.05,573.15,0,0.0,0
2012-08-16,2012-08-30,OPTSTK,DIVISLAB,620.0,CE,0.0,0.0,0.0,328.6,553.2,0,0.0,0
2012-08-16,2012-08-30,OPTSTK,DIVISLAB,640.0,CE,0.0,0.0,0.0,309.2,533.25,0,0.0,0
2012-08-16,2012-08-30,OPTSTK,DIVISLAB,650.0,CE,0.0,0.0,0.0,385.15,523.3,0,0.0,0
2012-08-16,2012-08-30,OPTSTK,DIVISLAB,660.0,CE,0.0,0.0,0.0,289.85,513.35,0,0.0,0
2012-08-16,2012-08-30,OPTSTK,DIVISLAB,680.0,CE,0.0,0.0,0.0,270.7,493.4,0,0.0,0
2012-08-16,2012-08-30,OPTSTK,DIVISLAB,700.0,CE,0.0,0.0,0.0,251.65,473.45,0,0.0,0
2012-08-16,2012-08-30,OPTSTK,DIVISLAB,720.0,CE,0.0,0.0,0.0,232.9,453.55,0,0.0,0
2012-08-16,2012-08-30,OPTSTK,DIVISLAB,740.0,CE,0.0,0.0,0.0,214.45,433.6,0,0.0,0
2012-08-16,2012-08-30,OPTSTK,DIVISLAB,750.0,CE,0.0,0.0,0.0,287.15,423.65,0,0.0,0
2012-08-16,2012-08-30,OPTSTK,DIVISLAB,760.0,CE,0.0,0.0,0.0,196.45,413.65,0,0.0,0
2012-08-16,2012-08-30,OPTSTK,DIVISLAB,780.0,CE,0.0,0.0,0.0,178.95,393.75,0,0.0,0
2012-08-16,2012-08-30,OPTSTK,DIVISLAB,800.0,CE,0.0,0.0,0.0,162.05,373.8,0,0.0,0
2012-08-16,2012-08-30,OPTSTK,DIVISLAB,820.0,CE,0.0,0.0,0.0,145.85,353.85,0,0.0,0
2012-08-16,2012-08-30,OPTSTK,DIVISLAB,840.0,CE,0.0,0.0,0.0,130.5,333.95,0,0.0,0
2012-08-16,2012-08-30,OPTSTK,DIVISLAB,850.0,CE,0.0,0.0,0.0,193.0,323.95,0,0.0,0
2012-08-16,2012-08-30,OPTSTK,DIVISLAB,860.0,CE,0.0,0.0,0.0,116.0,314.0,0,0.0,0
2012-08-16,2012-08-30,OPTSTK,DIVISLAB,880.0,CE,0.0,0.0,0.0,102.4,294.05,0,0.0,0
2012-08-16,2012-08-30,OPTSTK,DIVISLAB,900.0,CE,0.0,0.0,0.0,89.85,274.15,0,0.0,0
2012-08-16,2012-08-30,OPTSTK,DIVISLAB,920.0,CE,0.0,0.0,0.0,78.3,254.2,0,0.0,0
2012-08-16,2012-08-30,OPTSTK,DIVISLAB,940.0,CE,0.0,0.0,0.0,67.85,234.25,0,0.0,0
2012-08-16,2012-08-30,OPTSTK,DIVISLAB,950.0,CE,0.0,0.0,0.0,112.1,224.3,0,0.0,0
2012-08-16,2012-08-30,OPTSTK,DIVISLAB,960.0,CE,0.0,0.0,0.0,58.35,214.35,0,0.0,0
2012-08-16,2012-08-30,OPTSTK,DIVISLAB,980.0,CE,0.0,0.0,0.0,49.9,194.4,0,0.0,0
2012-08-16,2012-08-30,OPTSTK,DIVISLAB,1000.0,CE,0.0,0.0,0.0,42.4,174.5,0,0.0,0
2012-08-16,2012-08-30,OPTSTK,DIVISLAB,1020.0,CE,0.0,0.0,0.0,35.8,154.6,0,0.0,0
2012-08-16,2012-08-30,OPTSTK,DIVISLAB,1040.0,CE,0.0,0.0,0.0,30.05,134.75,0,0.0,0
2012-08-16,2012-08-30,OPTSTK,DIVISLAB,1050.0,CE,0.0,0.0,0.0,54.7,124.9,0,0.0,0
2012-08-16,2012-08-30,OPTSTK,DIVISLAB,1060.0,CE,0.0,0.0,0.0,46.1,115.15,0,0.0,500
2012-08-16,2012-08-30,OPTSTK,DIVISLAB,1080.0,CE,0.0,0.0,0.0,21.35,95.95,0,0.0,500
2012-08-16,2012-08-30,OPTSTK,DIVISLAB,1100.0,CE,0.0,0.0,0.0,25.0,77.55,0,0.0,2000
2012-08-16,2012-08-30,OPTSTK,DIVISLAB,1120.0,CE,0.0,0.0,0.0,14.1,60.4,0,0.0,0
2012-08-16,2012-08-30,OPTSTK,DIVISLAB,1140.0,CE,0.0,0.0,0.0,11.5,45.1,0,0.0,0
2012-08-16,2012-08-30,OPTSTK,DIVISLAB,1150.0,CE,0.0,0.0,0.0,22.45,38.3,0,0.0,0
2012-08-16,2012-08-30,OPTSTK,DIVISLAB,1160.0,CE,0.0,0.0,0.0,9.35,32.1,0,0.0,0
2012-08-16,2012-08-30,OPTSTK,DIVISLAB,1180.0,CE,0.0,0.0,0.0,7.55,21.65,0,0.0,0
2012-08-16,2012-08-30,OPTSTK,DIVISLAB,1200.0,CE,0.0,0.0,0.0,6.1,13.8,0,0.0,0
2012-08-16,2012-08-30,OPTSTK,DIVISLAB,1250.0,CE,0.0,0.0,0.0,7.8,3.5,0,0.0,0
2012-08-16,2012-08-30,OPTSTK,DIVISLAB,1300.0,CE,0.0,0.0,0.0,1.95,0.6,0,0.0,0
2012-08-16,2012-08-30,OPTSTK,DIVISLAB,1350.0,CE,0.0,0.0,0.0,2.35,0.1,0,0.0,0
2012-08-16,2012-08-30,OPTSTK,DIVISLAB,1400.0,CE,0.0,0.0,0.0,0.35,0.05,0,0.0,0
2012-08-16,2012-08-30,OPTSTK,DIVISLAB,1450.0,CE,0.0,0.0,0.0,0.65,0.0,0,0.0,0
2012-08-16,2012-08-30,OPTSTK,DIVISLAB,1500.0,CE,0.0,0.0,0.0,0.35,0.0,0,0.0,0
2012-08-16,2012-08-30,OPTSTK,DIVISLAB,1550.0,CE,0.0,0.0,0.0,0.15,0.0,0,0.0,0
2012-08-16,2012-08-30,OPTSTK,DIVISLAB,1600.0,CE,0.0,0.0,0.0,0.1,0.0,0,0.0,0
2012-08-16,2012-08-30,OPTSTK,DIVISLAB,1650.0,CE,0.0,0.0,0.0,0.05,0.0,0,0.0,0
2012-08-16,2012-08-30,OPTSTK,DIVISLAB,500.0,PE,0.0,0.0,0.0,0.05,0.0,0,0.0,0
2012-08-16,2012-08-30,OPTSTK,DIVISLAB,540.0,PE,0.0,0.0,0.0,0.05,0.0,0,0.0,0
2012-08-16,2012-08-30,OPTSTK,DIVISLAB,550.0,PE,0.0,0.0,0.0,0.05,0.0,0,0.0,0
2012-08-16,2012-08-30,OPTSTK,DIVISLAB,560.0,PE,0.0,0.0,0.0,0.05,0.0,0,0.0,0
2012-08-16,2012-08-30,OPTSTK,DIVISLAB,580.0,PE,0.0,0.0,0.0,0.05,0.0,0,0.0,0
2012-08-16,2012-08-30,OPTSTK,DIVISLAB,600.0,PE,0.0,0.0,0.0,0.1,0.0,0,0.0,0
2012-08-16,2012-08-30,OPTSTK,DIVISLAB,620.0,PE,0.0,0.0,0.0,0.15,0.0,0,0.0,0
2012-08-16,2012-08-30,OPTSTK,DIVISLAB,640.0,PE,0.0,0.0,0.0,0.25,0.0,0,0.0,0
2012-08-16,2012-08-30,OPTSTK,DIVISLAB,650.0,PE,0.0,0.0,0.0,0.05,0.0,0,0.0,0
2012-08-16,2012-08-30,OPTSTK,DIVISLAB,660.0,PE,0.0,0.0,0.0,0.45,0.0,0,0.0,0
2012-08-16,2012-08-30,OPTSTK,DIVISLAB,680.0,PE,0.0,0.0,0.0,0.8,0.0,0,0.0,0
2012-08-16,2012-08-30,OPTSTK,DIVISLAB,700.0,PE,0.0,0.0,0.0,1.3,0.0,0,0.0,0
2012-08-16,2012-08-30,OPTSTK,DIVISLAB,720.0,PE,0.0,0.0,0.0,2.05,0.0,0,0.0,0
2012-08-16,2012-08-30,OPTSTK,DIVISLAB,740.0,PE,0.0,0.0,0.0,3.15,0.0,0,0.0,0
2012-08-16,2012-08-30,OPTSTK,DIVISLAB,750.0,PE,0.0,0.0,0.0,0.5,0.0,0,0.0,0
2012-08-16,2012-08-30,OPTSTK,DIVISLAB,760.0,PE,0.0,0.0,0.0,4.65,0.0,0,0.0,0
2012-08-16,2012-08-30,OPTSTK,DIVISLAB,780.0,PE,0.0,0.0,0.0,6.65,0.0,0,0.0,0
2012-08-16,2012-08-30,OPTSTK,DIVISLAB,800.0,PE,0.0,0.0,0.0,9.3,0.0,0,0.0,0
2012-08-16,2012-08-30,OPTSTK,DIVISLAB,820.0,PE,0.0,0.0,0.0,12.6,0.0,0,0.0,0
2012-08-16,2012-08-30,OPTSTK,DIVISLAB,840.0,PE,0.0,0.0,0.0,16.75,0.0,0,0.0,0
2012-08-16,2012-08-30,OPTSTK,DIVISLAB,850.0,PE,0.0,0.0,0.0,4.8,0.0,0,0.0,0
2012-08-16,2012-08-30,OPTSTK,DIVISLAB,860.0,PE,0.0,0.0,0.0,21.8,0.0,0,0.0,0
2012-08-16,2012-08-30,OPTSTK,DIVISLAB,880.0,PE,0.0,0.0,0.0,27.7,0.0,0,0.0,0
2012-08-16,2012-08-30,OPTSTK,DIVISLAB,900.0,PE,0.0,0.0,0.0,34.65,0.0,0,0.0,0
2012-08-16,2012-08-30,OPTSTK,DIVISLAB,920.0,PE,0.0,0.0,0.0,42.65,0.0,0,0.0,0
2012-08-16,2012-08-30,OPTSTK,DIVISLAB,940.0,PE,0.0,0.0,0.0,51.7,0.0,0,0.0,0
2012-08-16,2012-08-30,OPTSTK,DIVISLAB,950.0,PE,0.0,0.0,0.0,22.35,0.0,0,0.0,0
2012-08-16,2012-08-30,OPTSTK,DIVISLAB,960.0,PE,0.0,0.0,0.0,61.75,0.0,0,0.0,0
2012-08-16,2012-08-30,OPTSTK,DIVISLAB,980.0,PE,0.0,0.0,0.0,72.8,0.0,0,0.0,0
2012-08-16,2012-08-30,OPTSTK,DIVISLAB,1000.0,PE,0.0,0.0,0.0,84.8,0.05,0,0.0,0
2012-08-16,2012-08-30,OPTSTK,DIVISLAB,1020.0,PE,0.0,0.0,0.0,97.7,0.05,0,0.0,0
2012-08-16,2012-08-30,OPTSTK,DIVISLAB,1040.0,PE,0.0,0.0,0.0,111.5,0.2,0,0.0,0
2012-08-16,2012-08-30,OPTSTK,DIVISLAB,1050.0,PE,0.0,0.0,0.0,63.45,0.3,0,0.0,0
2012-08-16,2012-08-30,OPTSTK,DIVISLAB,1060.0,PE,0.0,0.0,0.0,126.1,0.5,0,0.0,0
2012-08-16,2012-08-30,OPTSTK,DIVISLAB,1080.0,PE,0.0,0.0,0.0,141.3,1.25,0,0.0,0
2012-08-16,2012-08-30,OPTSTK,DIVISLAB,1100.0,PE,0.0,0.0,0.0,20.0,2.75,0,0.0,1000
2012-08-16,2012-08-30,OPTSTK,DIVISLAB,1120.0,PE,0.0,0.0,0.0,173.65,5.55,0,0.0,0
2012-08-16,2012-08-30,OPTSTK,DIVISLAB,1140.0,PE,0.0,0.0,0.0,190.55,10.2,0,0.0,0
2012-08-16,2012-08-30,OPTSTK,DIVISLAB,1150.0,PE,0.0,0.0,0.0,129.65,13.35,0,0.0,0
2012-08-16,2012-08-30,OPTSTK,DIVISLAB,1160.0,PE,0.0,0.0,0.0,207.9,17.1,0,0.0,0
2012-08-16,2012-08-30,OPTSTK,DIVISLAB,1180.0,PE,0.0,0.0,0.0,225.65,26.6,0,0.0,0
2012-08-16,2012-08-30,OPTSTK,DIVISLAB,1200.0,PE,0.0,0.0,0.0,243.7,38.7,0,0.0,0
2012-08-16,2012-08-30,OPTSTK,DIVISLAB,1250.0,PE,0.0,0.0,0.0,213.5,78.2,0,0.0,0
2012-08-16,2012-08-30,OPTSTK,DIVISLAB,1300.0,PE,0.0,0.0,0.0,337.1,125.15,0,0.0,0
2012-08-16,2012-08-30,OPTSTK,DIVISLAB,1350.0,PE,0.0,0.0,0.0,306.5,174.45,0,0.0,0
2012-08-16,2012-08-30,OPTSTK,DIVISLAB,1400.0,PE,0.0,0.0,0.0,386.1,224.25,0,0.0,0
2012-08-16,2012-08-30,OPTSTK,DIVISLAB,1450.0,PE,0.0,0.0,0.0,403.25,274.05,0,0.0,0
2012-08-16,2012-08-30,OPTSTK,DIVISLAB,1500.0,PE,0.0,0.0,0.0,452.15,323.9,0,0.0,0
2012-08-16,2012-08-30,OPTSTK,DIVISLAB,1550.0,PE,0.0,0.0,0.0,501.25,373.75,0,0.0,0
2012-08-16,2012-08-30,OPTSTK,DIVISLAB,1600.0,PE,0.0,0.0,0.0,550.4,423.55,0,0.0,0
2012-08-16,2012-08-30,OPTSTK,DIVISLAB,1650.0,PE,0.0,0.0,0.0,599.6,473.4,0,0.0,0
2012-08-16,2012-09-27,OPTSTK,DIVISLAB,500.0,CE,0.0,0.0,0.0,536.4,676.3,0,0.0,0
2012-08-16,2012-09-27,OPTSTK,DIVISLAB,550.0,CE,0.0,0.0,0.0,487.5,626.8,0,0.0,0
2012-08-16,2012-09-27,OPTSTK,DIVISLAB,580.0,CE,0.0,0.0,0.0,418.25,597.1,0,0.0,0
2012-08-16,2012-09-27,OPTSTK,DIVISLAB,600.0,CE,0.0,0.0,0.0,398.75,577.3,0,0.0,0
2012-08-16,2012-09-27,OPTSTK,DIVISLAB,620.0,CE,0.0,0.0,0.0,379.2,557.55,0,0.0,0
2012-08-16,2012-09-27,OPTSTK,DIVISLAB,640.0,CE,0.0,0.0,0.0,359.7,537.75,0,0.0,0
2012-08-16,2012-09-27,OPTSTK,DIVISLAB,650.0,CE,0.0,0.0,0.0,389.9,527.85,0,0.0,0
2012-08-16,2012-09-27,OPTSTK,DIVISLAB,660.0,CE,0.0,0.0,0.0,340.25,517.95,0,0.0,0
2012-08-16,2012-09-27,OPTSTK,DIVISLAB,680.0,CE,0.0,0.0,0.0,320.8,498.15,0,0.0,0
2012-08-16,2012-09-27,OPTSTK,DIVISLAB,700.0,CE,0.0,0.0,0.0,301.45,478.35,0,0.0,0
2012-08-16,2012-09-27,OPTSTK,DIVISLAB,720.0,CE,0.0,0.0,0.0,282.2,458.55,0,0.0,0
2012-08-16,2012-09-27,OPTSTK,DIVISLAB,740.0,CE,0.0,0.0,0.0,263.1,438.75,0,0.0,0
2012-08-16,2012-09-27,OPTSTK,DIVISLAB,750.0,CE,0.0,0.0,0.0,293.55,428.85,0,0.0,0
2012-08-16,2012-09-27,OPTSTK,DIVISLAB,760.0,CE,0.0,0.0,0.0,244.2,419.0,0,0.0,0
2012-08-16,2012-09-27,OPTSTK,DIVISLAB,780.0,CE,0.0,0.0,0.0,225.65,399.2,0,0.0,0
2012-08-16,2012-09-27,OPTSTK,DIVISLAB,800.0,CE,0.0,0.0,0.0,207.4,379.4,0,0.0,0
2012-08-16,2012-09-27,OPTSTK,DIVISLAB,820.0,CE,0.0,0.0,0.0,189.65,359.6,0,0.0,0
2012-08-16,2012-09-27,OPTSTK,DIVISLAB,840.0,CE,0.0,0.0,0.0,172.45,339.8,0,0.0,0
2012-08-16,2012-09-27,OPTSTK,DIVISLAB,850.0,CE,0.0,0.0,0.0,203.15,329.9,0,0.0,0
2012-08-16,2012-09-27,OPTSTK,DIVISLAB,860.0,CE,0.0,0.0,0.0,155.9,320.0,0,0.0,0
2012-08-16,2012-09-27,OPTSTK,DIVISLAB,880.0,CE,0.0,0.0,0.0,140.1,300.25,0,0.0,0
2012-08-16,2012-09-27,OPTSTK,DIVISLAB,900.0,CE,0.0,0.0,0.0,125.15,280.45,0,0.0,0
2012-08-16,2012-09-27,OPTSTK,DIVISLAB,920.0,CE,0.0,0.0,0.0,111.05,260.7,0,0.0,0
2012-08-16,2012-09-27,OPTSTK,DIVISLAB,940.0,CE,0.0,0.0,0.0,97.9,241.0,0,0.0,0
2012-08-16,2012-09-27,OPTSTK,DIVISLAB,950.0,CE,0.0,0.0,0.0,126.6,231.15,0,0.0,0
2012-08-16,2012-09-27,OPTSTK,DIVISLAB,960.0,CE,0.0,0.0,0.0,85.75,221.35,0,0.0,0
2012-08-16,2012-09-27,OPTSTK,DIVISLAB,980.0,CE,0.0,0.0,0.0,74.65,201.85,0,0.0,0
2012-08-16,2012-09-27,OPTSTK,DIVISLAB,1000.0,CE,0.0,0.0,0.0,64.55,182.55,0,0.0,0
2012-08-16,2012-09-27,OPTSTK,DIVISLAB,1020.0,CE,0.0,0.0,0.0,55.5,163.55,0,0.0,0
2012-08-16,2012-09-27,OPTSTK,DIVISLAB,1040.0,CE,0.0,0.0,0.0,47.4,145.05,0,0.0,0
2012-08-16,2012-09-27,OPTSTK,DIVISLAB,1050.0,CE,0.0,0.0,0.0,70.5,136.05,0,0.0,0
2012-08-16,2012-09-27,OPTSTK,DIVISLAB,1060.0,CE,0.0,0.0,0.0,40.2,127.2,0,0.0,0
2012-08-16,2012-09-27,OPTSTK,DIVISLAB,1080.0,CE,0.0,0.0,0.0,33.95,110.15,0,0.0,0
2012-08-16,2012-09-27,OPTSTK,DIVISLAB,1100.0,CE,0.0,0.0,0.0,28.45,94.15,0,0.0,0
2012-08-16,2012-09-27,OPTSTK,DIVISLAB,1120.0,CE,0.0,0.0,0.0,23.75,79.3,0,0.0,0
2012-08-16,2012-09-27,OPTSTK,DIVISLAB,1140.0,CE,0.0,0.0,0.0,19.7,65.8,0,0.0,0
2012-08-16,2012-09-27,OPTSTK,DIVISLAB,1150.0,CE,0.0,0.0,0.0,35.2,59.55,0,0.0,0
2012-08-16,2012-09-27,OPTSTK,DIVISLAB,1160.0,CE,0.0,0.0,0.0,16.25,53.75,0,0.0,0
2012-08-16,2012-09-27,OPTSTK,DIVISLAB,1180.0,CE,0.0,0.0,0.0,13.3,43.15,0,0.0,0
2012-08-16,2012-09-27,OPTSTK,DIVISLAB,1200.0,CE,0.0,0.0,0.0,10.85,34.1,0,0.0,0
2012-08-16,2012-09-27,OPTSTK,DIVISLAB,1250.0,CE,0.0,0.0,0.0,15.95,17.6,0,0.0,0
2012-08-16,2012-09-27,OPTSTK,DIVISLAB,1300.0,CE,0.0,0.0,0.0,3.65,8.2,0,0.0,0
2012-08-16,2012-09-27,OPTSTK,DIVISLAB,1350.0,CE,0.0,0.0,0.0,6.65,3.45,0,0.0,0
2012-08-16,2012-09-27,OPTSTK,DIVISLAB,1400.0,CE,0.0,0.0,0.0,4.15,1.3,0,0.0,0
2012-08-16,2012-09-27,OPTSTK,DIVISLAB,1450.0,CE,0.0,0.0,0.0,2.6,0.45,0,0.0,0
2012-08-16,2012-09-27,OPTSTK,DIVISLAB,1500.0,CE,0.0,0.0,0.0,1.6,0.15,0,0.0,0
2012-08-16,2012-09-27,OPTSTK,DIVISLAB,1550.0,CE,0.0,0.0,0.0,0.95,0.05,0,0.0,0
2012-08-16,2012-09-27,OPTSTK,DIVISLAB,1600.0,CE,0.0,0.0,0.0,0.55,0.05,0,0.0,0
2012-08-16,2012-09-27,OPTSTK,DIVISLAB,1650.0,CE,0.0,0.0,0.0,0.35,0.0,0,0.0,0
2012-08-16,2012-09-27,OPTSTK,DIVISLAB,500.0,PE,0.0,0.0,0.0,0.05,0.0,0,0.0,0
2012-08-16,2012-09-27,OPTSTK,DIVISLAB,550.0,PE,0.0,0.0,0.0,0.05,0.0,0,0.0,0
2012-08-16,2012-09-27,OPTSTK,DIVISLAB,580.0,PE,0.0,0.0,0.0,0.05,0.0,0,0.0,0
2012-08-16,2012-09-27,OPTSTK,DIVISLAB,600.0,PE,0.0,0.0,0.0,0.05,0.0,0,0.0,0
2012-08-16,2012-09-27,OPTSTK,DIVISLAB,620.0,PE,0.0,0.0,0.0,0.05,0.0,0,0.0,0
2012-08-16,2012-09-27,OPTSTK,DIVISLAB,640.0,PE,0.0,0.0,0.0,0.1,0.0,0,0.0,0
2012-08-16,2012-09-27,OPTSTK,DIVISLAB,650.0,PE,0.0,0.0,0.0,0.15,0.0,0,0.0,0
2012-08-16,2012-09-27,OPTSTK,DIVISLAB,660.0,PE,0.0,0.0,0.0,0.15,0.0,0,0.0,0
2012-08-16,2012-09-27,OPTSTK,DIVISLAB,680.0,PE,0.0,0.0,0.0,0.25,0.0,0,0.0,0
2012-08-16,2012-09-27,OPTSTK,DIVISLAB,700.0,PE,0.0,0.0,0.0,0.4,0.0,0,0.0,0
2012-08-16,2012-09-27,OPTSTK,DIVISLAB,720.0,PE,0.0,0.0,0.0,0.7,0.0,0,0.0,0
2012-08-16,2012-09-27,OPTSTK,DIVISLAB,740.0,PE,0.0,0.0,0.0,1.15,0.0,0,0.0,0
2012-08-16,2012-09-27,OPTSTK,DIVISLAB,750.0,PE,0.0,0.0,0.0,1.6,0.0,0,0.0,0
2012-08-16,2012-09-27,OPTSTK,DIVISLAB,760.0,PE,0.0,0.0,0.0,1.8,0.0,0,0.0,0
2012-08-16,2012-09-27,OPTSTK,DIVISLAB,780.0,PE,0.0,0.0,0.0,2.75,0.0,0,0.0,0
2012-08-16,2012-09-27,OPTSTK,DIVISLAB,800.0,PE,0.0,0.0,0.0,4.05,0.0,0,0.0,0
2012-08-16,2012-09-27,OPTSTK,DIVISLAB,820.0,PE,0.0,0.0,0.0,5.8,0.0,0,0.0,0
2012-08-16,2012-09-27,OPTSTK,DIVISLAB,840.0,PE,0.0,0.0,0.0,8.15,0.0,0,0.0,0
2012-08-16,2012-09-27,OPTSTK,DIVISLAB,850.0,PE,0.0,0.0,0.0,8.9,0.0,0,0.0,0
2012-08-16,2012-09-27,OPTSTK,DIVISLAB,860.0,PE,0.0,0.0,0.0,11.15,0.0,0,0.0,0
2012-08-16,2012-09-27,OPTSTK,DIVISLAB,880.0,PE,0.0,0.0,0.0,14.85,0.05,0,0.0,0
2012-08-16,2012-09-27,OPTSTK,DIVISLAB,900.0,PE,0.0,0.0,0.0,19.45,0.05,0,0.0,0
2012-08-16,2012-09-27,OPTSTK,DIVISLAB,920.0,PE,0.0,0.0,0.0,24.9,0.1,0,0.0,0
2012-08-16,2012-09-27,OPTSTK,DIVISLAB,940.0,PE,0.0,0.0,0.0,31.25,0.15,0,0.0,0
2012-08-16,2012-09-27,OPTSTK,DIVISLAB,950.0,PE,0.0,0.0,0.0,30.15,0.25,0,0.0,0
2012-08-16,2012-09-27,OPTSTK,DIVISLAB,960.0,PE,0.0,0.0,0.0,38.7,0.3,0,0.0,0
2012-08-16,2012-09-27,OPTSTK,DIVISLAB,980.0,PE,0.0,0.0,0.0,47.1,0.6,0,0.0,0
2012-08-16,2012-09-27,OPTSTK,DIVISLAB,1000.0,PE,0.0,0.0,0.0,56.55,1.1,0,0.0,0
2012-08-16,2012-09-27,OPTSTK,DIVISLAB,1020.0,PE,0.0,0.0,0.0,67.0,1.95,0,0.0,0
2012-08-16,2012-09-27,OPTSTK,DIVISLAB,1040.0,PE,0.0,0.0,0.0,78.45,3.2,0,0.0,0
2012-08-16,2012-09-27,OPTSTK,DIVISLAB,1050.0,PE,0.0,0.0,0.0,71.8,4.1,0,0.0,0
2012-08-16,2012-09-27,OPTSTK,DIVISLAB,1060.0,PE,0.0,0.0,0.0,90.8,5.15,0,0.0,0
2012-08-16,2012-09-27,OPTSTK,DIVISLAB,1080.0,PE,0.0,0.0,0.0,104.05,7.9,0,0.0,0
2012-08-16,2012-09-27,OPTSTK,DIVISLAB,1100.0,PE,0.0,0.0,0.0,118.1,11.65,0,0.0,0
2012-08-16,2012-09-27,OPTSTK,DIVISLAB,1120.0,PE,0.0,0.0,0.0,132.95,16.6,0,0.0,0
2012-08-16,2012-09-27,OPTSTK,DIVISLAB,1140.0,PE,0.0,0.0,0.0,148.4,22.9,0,0.0,0
2012-08-16,2012-09-27,OPTSTK,DIVISLAB,1150.0,PE,0.0,0.0,0.0,134.25,26.6,0,0.0,0
2012-08-16,2012-09-27,OPTSTK,DIVISLAB,1160.0,PE,0.0,0.0,0.0,164.5,30.65,0,0.0,0
2012-08-16,2012-09-27,OPTSTK,DIVISLAB,1180.0,PE,0.0,0.0,0.0,181.1,39.85,0,0.0,0
2012-08-16,2012-09-27,OPTSTK,DIVISLAB,1200.0,PE,0.0,0.0,0.0,198.2,50.6,0,0.0,0
2012-08-16,2012-09-27,OPTSTK,DIVISLAB,1250.0,PE,0.0,0.0,0.0,212.8,83.55,0,0.0,0
2012-08-16,2012-09-27,OPTSTK,DIVISLAB,1300.0,PE,0.0,0.0,0.0,288.65,123.65,0,0.0,0
2012-08-16,2012-09-27,OPTSTK,DIVISLAB,1350.0,PE,0.0,0.0,0.0,301.2,168.4,0,0.0,0
2012-08-16,2012-09-27,OPTSTK,DIVISLAB,1400.0,PE,0.0,0.0,0.0,347.6,215.75,0,0.0,0
2012-08-16,2012-09-27,OPTSTK,DIVISLAB,1450.0,PE,0.0,0.0,0.0,394.9,264.35,0,0.0,0
2012-08-16,2012-09-27,OPTSTK,DIVISLAB,1500.0,PE,0.0,0.0,0.0,442.8,313.55,0,0.0,0
2012-08-16,2012-09-27,OPTSTK,DIVISLAB,1550.0,PE,0.0,0.0,0.0,491.05,362.95,0,0.0,0
2012-08-16,2012-09-27,OPTSTK,DIVISLAB,1600.0,PE,0.0,0.0,0.0,539.55,412.4,0,0.0,0
2012-08-16,2012-09-27,OPTSTK,DIVISLAB,1650.0,PE,0.0,0.0,0.0,588.2,461.85,0,0.0,0
2012-08-16,2012-10-25,OPTSTK,DIVISLAB,500.0,CE,0.0,0.0,0.0,593.35,679.7,0,0.0,0
2012-08-16,2012-10-25,OPTSTK,DIVISLAB,550.0,CE,0.0,0.0,0.0,544.5,630.55,0,0.0,0
2012-08-16,2012-10-25,OPTSTK,DIVISLAB,600.0,CE,0.0,0.0,0.0,495.65,581.4,0,0.0,0
2012-08-16,2012-10-25,OPTSTK,DIVISLAB,650.0,CE,0.0,0.0,0.0,446.8,532.3,0,0.0,0
2012-08-16,2012-10-25,OPTSTK,DIVISLAB,700.0,CE,0.0,0.0,0.0,397.9,483.15,0,0.0,0
2012-08-16,2012-10-25,OPTSTK,DIVISLAB,750.0,CE,0.0,0.0,0.0,349.15,434.0,0,0.0,0
2012-08-16,2012-10-25,OPTSTK,DIVISLAB,800.0,CE,0.0,0.0,0.0,300.55,384.85,0,0.0,0
2012-08-16,2012-10-25,OPTSTK,DIVISLAB,850.0,CE,0.0,0.0,0.0,252.7,335.75,0,0.0,0
2012-08-16,2012-10-25,OPTSTK,DIVISLAB,900.0,CE,0.0,0.0,0.0,206.35,286.85,0,0.0,0
2012-08-16,2012-10-25,OPTSTK,DIVISLAB,950.0,CE,0.0,0.0,0.0,162.8,238.55,0,0.0,0
2012-08-16,2012-10-25,OPTSTK,DIVISLAB,1000.0,CE,0.0,0.0,0.0,123.6,191.7,0,0.0,0
2012-08-16,2012-10-25,OPTSTK,DIVISLAB,1050.0,CE,0.0,0.0,0.0,89.95,147.8,0,0.0,0
2012-08-16,2012-10-25,OPTSTK,DIVISLAB,1100.0,CE,0.0,0.0,0.0,62.7,108.65,0,0.0,0
2012-08-16,2012-10-25,OPTSTK,DIVISLAB,1150.0,CE,0.0,0.0,0.0,41.8,75.6,0,0.0,0
2012-08-16,2012-10-25,OPTSTK,DIVISLAB,1200.0,CE,0.0,0.0,0.0,26.7,49.8,0,0.0,0
2012-08-16,2012-10-25,OPTSTK,DIVISLAB,1250.0,CE,0.0,0.0,0.0,16.4,30.95,0,0.0,0
2012-08-16,2012-10-25,OPTSTK,DIVISLAB,1300.0,CE,0.0,0.0,0.0,9.7,18.2,0,0.0,0
2012-08-16,2012-10-25,OPTSTK,DIVISLAB,1350.0,CE,0.0,0.0,0.0,5.5,10.1,0,0.0,0
2012-08-16,2012-10-25,OPTSTK,DIVISLAB,1400.0,CE,0.0,0.0,0.0,3.05,5.35,0,0.0,0
2012-08-16,2012-10-25,OPTSTK,DIVISLAB,1450.0,CE,0.0,0.0,0.0,1.6,2.7,0,0.0,0
2012-08-16,2012-10-25,OPTSTK,DIVISLAB,1500.0,CE,0.0,0.0,0.0,0.85,1.3,0,0.0,0
2012-08-16,2012-10-25,OPTSTK,DIVISLAB,1550.0,CE,0.0,0.0,0.0,0.45,0.6,0,0.0,0
2012-08-16,2012-10-25,OPTSTK,DIVISLAB,1600.0,CE,0.0,0.0,0.0,0.2,0.25,0,0.0,0
2012-08-16,2012-10-25,OPTSTK,DIVISLAB,1650.0,CE,0.0,0.0,0.0,0.1,0.15,0,0.0,0
2012-08-16,2012-10-25,OPTSTK,DIVISLAB,500.0,PE,0.0,0.0,0.0,0.05,0.0,0,0.0,0
2012-08-16,2012-10-25,OPTSTK,DIVISLAB,550.0,PE,0.0,0.0,0.0,0.05,0.0,0,0.0,0
2012-08-16,2012-10-25,OPTSTK,DIVISLAB,600.0,PE,0.0,0.0,0.0,0.05,0.0,0,0.0,0
2012-08-16,2012-10-25,OPTSTK,DIVISLAB,650.0,PE,0.0,0.0,0.0,0.05,0.0,0,0.0,0
2012-08-16,2012-10-25,OPTSTK,DIVISLAB,700.0,PE,0.0,0.0,0.0,0.05,0.0,0,0.0,0
2012-08-16,2012-10-25,OPTSTK,DIVISLAB,750.0,PE,0.0,0.0,0.0,0.1,0.0,0,0.0,0
2012-08-16,2012-10-25,OPTSTK,DIVISLAB,800.0,PE,0.0,0.0,0.0,0.4,0.05,0,0.0,0
2012-08-16,2012-10-25,OPTSTK,DIVISLAB,850.0,PE,0.0,0.0,0.0,1.4,0.05,0,0.0,0
2012-08-16,2012-10-25,OPTSTK,DIVISLAB,900.0,PE,0.0,0.0,0.0,3.9,0.3,0,0.0,0
2012-08-16,2012-10-25,OPTSTK,DIVISLAB,950.0,PE,0.0,0.0,0.0,9.25,1.1,0,0.0,0
2012-08-16,2012-10-25,OPTSTK,DIVISLAB,1000.0,PE,0.0,0.0,0.0,18.9,3.45,0,0.0,0
2012-08-16,2012-10-25,OPTSTK,DIVISLAB,1050.0,PE,0.0,0.0,0.0,34.1,8.7,0,0.0,0
2012-08-16,2012-10-25,OPTSTK,DIVISLAB,1100.0,PE,0.0,0.0,0.0,55.7,18.65,0,0.0,0
2012-08-16,2012-10-25,OPTSTK,DIVISLAB,1150.0,PE,0.0,0.0,0.0,83.7,34.8,0,0.0,0
2012-08-16,2012-10-25,OPTSTK,DIVISLAB,1200.0,PE,0.0,0.0,0.0,117.5,58.05,0,0.0,0
2012-08-16,2012-10-25,OPTSTK,DIVISLAB,1250.0,PE,0.0,0.0,0.0,156.05,88.35,0,0.0,0
2012-08-16,2012-10-25,OPTSTK,DIVISLAB,1300.0,PE,0.0,0.0,0.0,198.2,124.75,0,0.0,0
2012-08-16,2012-10-25,OPTSTK,DIVISLAB,1350.0,PE,0.0,0.0,0.0,242.85,165.85,0,0.0,0
2012-08-16,2012-10-25,OPTSTK,DIVISLAB,1400.0,PE,0.0,0.0,0.0,289.25,210.2,0,0.0,0
2012-08-16,2012-10-25,OPTSTK,DIVISLAB,1450.0,PE,0.0,0.0,0.0,336.7,256.7,0,0.0,0
2012-08-16,2012-10-25,OPTSTK,DIVISLAB,1500.0,PE,0.0,0.0,0.0,384.8,304.45,0,0.0,0
2012-08-16,2012-10-25,OPTSTK,DIVISLAB,1550.0,PE,0.0,0.0,0.0,433.25,352.9,0,0.0,0
2012-08-16,2012-10-25,OPTSTK,DIVISLAB,1600.0,PE,0.0,0.0,0.0,481.9,401.7,0,0.0,0
2012-08-16,2012-10-25,OPTSTK,DIVISLAB,1650.0,PE,0.0,0.0,0.0,530.65,450.7,0,0.0,0
2012-08-16,2012-08-30,OPTSTK,DLF,130.0,CE,0.0,0.0,0.0,58.1,86.3,0,0.0,0
2012-08-16,2012-08-30,OPTSTK,DLF,140.0,CE,0.0,0.0,0.0,48.85,76.35,0,0.0,0
2012-08-16,2012-08-30,OPTSTK,DLF,150.0,CE,0.0,0.0,0.0,40.15,66.35,0,0.0,0
2012-08-16,2012-08-30,OPTSTK,DLF,160.0,CE,0.0,0.0,0.0,32.15,56.4,0,0.0,0
2012-08-16,2012-08-30,OPTSTK,DLF,170.0,CE,0.0,0.0,0.0,25.05,46.45,0,0.0,0
2012-08-16,2012-08-30,OPTSTK,DLF,180.0,CE,0.0,0.0,0.0,26.85,36.5,0,0.0,12000
2012-08-16,2012-08-30,OPTSTK,DLF,190.0,CE,25.3,27.35,25.3,25.55,25.55,3,12.96,96000
2012-08-16,2012-08-30,OPTSTK,DLF,200.0,CE,15.9,17.9,14.65,15.05,15.05,25,108.03,430000
2012-08-16,2012-08-30,OPTSTK,DLF,210.0,CE,7.9,10.0,7.3,7.8,7.8,275,1202.09,798000
2012-08-16,2012-08-30,OPTSTK,DLF,220.0,CE,3.45,4.25,2.75,3.0,3.0,1982,8862.72,2228000
2012-08-16,2012-08-30,OPTSTK,DLF,230.0,CE,1.05,1.45,0.85,1.0,1.0,336,1553.57,1272000
2012-08-16,2012-08-30,OPTSTK,DLF,240.0,CE,0.4,0.45,0.3,0.35,0.35,48,230.77,248000
2012-08-16,2012-08-30,OPTSTK,DLF,250.0,CE,0.0,0.0,0.0,0.25,0.2,0,0.0,46000
2012-08-16,2012-08-30,OPTSTK,DLF,260.0,CE,0.0,0.0,0.0,0.15,0.05,0,0.0,2000
2012-08-16,2012-08-30,OPTSTK,DLF,270.0,CE,0.0,0.0,0.0,0.65,0.05,0,0.0,0
2012-08-16,2012-08-30,OPTSTK,DLF,280.0,CE,0.0,0.0,0.0,0.4,0.0,0,0.0,0
2012-08-16,2012-08-30,OPTSTK,DLF,130.0,PE,0.0,0.0,0.0,0.45,0.0,0,0.0,48000
2012-08-16,2012-08-30,OPTSTK,DLF,140.0,PE,0.0,0.0,0.0,0.9,0.0,0,0.0,0
2012-08-16,2012-08-30,OPTSTK,DLF,150.0,PE,0.0,0.0,0.0,1.9,0.0,0,0.0,0
2012-08-16,2012-08-30,OPTSTK,DLF,160.0,PE,0.0,0.0,0.0,0.15,0.0,0,0.0,18000
2012-08-16,2012-08-30,OPTSTK,DLF,170.0,PE,0.15,0.15,0.15,0.15,0.15,1,3.4,92000
2012-08-16,2012-08-30,OPTSTK,DLF,180.0,PE,0.25,0.25,0.25,0.25,0.25,2,7.21,370000
2012-08-16,2012-08-30,OPTSTK,DLF,190.0,PE,0.4,0.45,0.35,0.4,0.4,57,217.04,860000
2012-08-16,2012-08-30,OPTSTK,DLF,200.0,PE,1.45,1.45,0.9,1.15,1.15,328,1319.03,1588000
2012-08-16,2012-08-30,OPTSTK,DLF,210.0,PE,3.7,3.8,2.5,3.5,3.5,464,1978.02,840000
2012-08-16,2012-08-30,OPTSTK,DLF,220.0,PE,8.7,9.0,6.65,8.6,8.6,73,332.62,120000
2012-08-16,2012-08-30,OPTSTK,DLF,230.0,PE,0.0,0.0,0.0,43.25,15.35,0,0.0,0
2012-08-16,2012-08-30,OPTSTK,DLF,240.0,PE,0.0,0.0,0.0,22.9,24.0,0,0.0,4000
2012-08-16,2012-08-30,OPTSTK,DLF,250.0,PE,0.0,0.0,0.0,60.85,33.5,0,0.0,0
2012-08-16,2012-08-30,OPTSTK,DLF,260.0,PE,0.0,0.0,0.0,70.1,43.35,0,0.0,0
2012-08-16,2012-08-30,OPTSTK,DLF,270.0,PE,0.0,0.0,0.0,79.5,53.25,0,0.0,0
2012-08-16,2012-08-30,OPTSTK,DLF,280.0,PE,0.0,0.0,0.0,89.05,63.25,0,0.0,0
2012-08-16,2012-09-27,OPTSTK,DLF,130.0,CE,0.0,0.0,0.0,67.7,87.2,0,0.0,0
2012-08-16,2012-09-27,OPTSTK,DLF,140.0,CE,0.0,0.0,0.0,58.25,77.3,0,0.0,0
2012-08-16,2012-09-27,OPTSTK,DLF,150.0,CE,0.0,0.0,0.0,49.15,67.45,0,0.0,0
2012-08-16,2012-09-27,OPTSTK,DLF,160.0,CE,0.0,0.0,0.0,40.6,57.6,0,0.0,0
2012-08-16,2012-09-27,OPTSTK,DLF,170.0,CE,0.0,0.0,0.0,32.8,47.85,0,0.0,0
2012-08-16,2012-09-27,OPTSTK,DLF,180.0,CE,0.0,0.0,0.0,25.9,38.45,0,0.0,0
2012-08-16,2012-09-27,OPTSTK,DLF,190.0,CE,0.0,0.0,0.0,20.0,29.7,0,0.0,0
2012-08-16,2012-09-27,OPTSTK,DLF,200.0,CE,0.0,0.0,0.0,18.0,21.85,0,0.0,4000
2012-08-16,2012-09-27,OPTSTK,DLF,210.0,CE,13.0,13.0,11.9,11.9,11.9,5,22.27,12000
2012-08-16,2012-09-27,OPTSTK,DLF,220.0,CE,0.0,0.0,0.0,6.0,10.15,0,0.0,22000
2012-08-16,2012-09-27,OPTSTK,DLF,230.0,CE,4.0,4.7,4.0,4.7,4.7,3,14.06,6000
2012-08-16,2012-09-27,OPTSTK,DLF,240.0,CE,0.0,0.0,0.0,3.25,3.85,0,0.0,8000
2012-08-16,2012-09-27,OPTSTK,DLF,250.0,CE,0.0,0.0,0.0,2.8,2.2,0,0.0,0
2012-08-16,2012-09-27,OPTSTK,DLF,260.0,CE,0.0,0.0,0.0,1.9,1.2,0,0.0,0
2012-08-16,2012-09-27,OPTSTK,DLF,270.0,CE,0.0,0.0,0.0,1.25,0.65,0,0.0,0
2012-08-16,2012-09-27,OPTSTK,DLF,280.0,CE,0.0,0.0,0.0,0.85,0.3,0,0.0,0
2012-08-16,2012-09-27,OPTSTK,DLF,130.0,PE,0.0,0.0,0.0,0.2,0.0,0,0.0,0
2012-08-16,2012-09-27,OPTSTK,DLF,140.0,PE,0.0,0.0,0.0,0.55,0.0,0,0.0,0
2012-08-16,2012-09-27,OPTSTK,DLF,150.0,PE,0.0,0.0,0.0,1.2,0.05,0,0.0,0
2012-08-16,2012-09-27,OPTSTK,DLF,160.0,PE,0.0,0.0,0.0,2.45,0.1,0,0.0,0
2012-08-16,2012-09-27,OPTSTK,DLF,170.0,PE,0.0,0.0,0.0,4.4,0.25,0,0.0,0
2012-08-16,2012-09-27,OPTSTK,DLF,180.0,PE,0.0,0.0,0.0,4.0,0.75,0,0.0,2000
2012-08-16,2012-09-27,OPTSTK,DLF,190.0,PE,0.0,0.0,0.0,2.95,1.85,0,0.0,2000
2012-08-16,2012-09-27,OPTSTK,DLF,200.0,PE,5.45,5.45,3.5,3.9,3.9,6,24.51,48000
2012-08-16,2012-09-27,OPTSTK,DLF,210.0,PE,5.55,5.55,5.55,5.55,5.55,1,4.31,12000
2012-08-16,2012-09-27,OPTSTK,DLF,220.0,PE,11.5,11.5,11.0,11.0,11.0,2,9.25,4000
2012-08-16,2012-09-27,OPTSTK,DLF,230.0,PE,0.0,0.0,0.0,35.95,18.2,0,0.0,0
2012-08-16,2012-09-27,OPTSTK,DLF,240.0,PE,0.0,0.0,0.0,44.0,25.5,0,0.0,0
2012-08-16,2012-09-27,OPTSTK,DLF,250.0,PE,0.0,0.0,0.0,52.5,33.75,0,0.0,0
2012-08-16,2012-09-27,OPTSTK,DLF,260.0,PE,0.0,0.0,0.0,61.4,42.65,0,0.0,0
2012-08-16,2012-09-27,OPTSTK,DLF,270.0,PE,0.0,0.0,0.0,70.55,52.0,0,0.0,0
2012-08-16,2012-09-27,OPTSTK,DLF,280.0,PE,0.0,0.0,0.0,79.9,61.6,0,0.0,0
2012-08-16,2012-10-25,OPTSTK,DLF,130.0,CE,0.0,0.0,0.0,70.2,88.1,0,0.0,0
2012-08-16,2012-10-25,OPTSTK,DLF,140.0,CE,0.0,0.0,0.0,60.65,78.3,0,0.0,0
2012-08-16,2012-10-25,OPTSTK,DLF,150.0,CE,0.0,0.0,0.0,51.4,68.55,0,0.0,0
2012-08-16,2012-10-25,OPTSTK,DLF,160.0,CE,0.0,0.0,0.0,42.55,58.95,0,0.0,0
2012-08-16,2012-10-25,OPTSTK,DLF,170.0,CE,0.0,0.0,0.0,34.45,49.6,0,0.0,0
2012-08-16,2012-10-25,OPTSTK,DLF,180.0,CE,0.0,0.0,0.0,27.15,40.75,0,0.0,0
2012-08-16,2012-10-25,OPTSTK,DLF,190.0,CE,0.0,0.0,0.0,20.9,32.6,0,0.0,0
2012-08-16,2012-10-25,OPTSTK,DLF,200.0,CE,0.0,0.0,0.0,22.0,25.35,0,0.0,10000
2012-08-16,2012-10-25,OPTSTK,DLF,210.0,CE,0.0,0.0,0.0,11.45,19.15,0,0.0,0
2012-08-16,2012-10-25,OPTSTK,DLF,220.0,CE,0.0,0.0,0.0,8.2,14.05,0,0.0,0
2012-08-16,2012-10-25,OPTSTK,DLF,230.0,CE,0.0,0.0,0.0,5.75,10.05,0,0.0,0
2012-08-16,2012-10-25,OPTSTK,DLF,240.0,CE,0.0,0.0,0.0,3.95,6.95,0,0.0,0
2012-08-16,2012-10-25,OPTSTK,DLF,250.0,CE,0.0,0.0,0.0,2.65,4.7,0,0.0,0
2012-08-16,2012-10-25,OPTSTK,DLF,260.0,CE,0.0,0.0,0.0,1.8,3.1,0,0.0,0
2012-08-16,2012-10-25,OPTSTK,DLF,270.0,CE,0.0,0.0,0.0,1.15,2.0,0,0.0,0
2012-08-16,2012-10-25,OPTSTK,DLF,280.0,CE,0.0,0.0,0.0,0.75,1.3,0,0.0,0
2012-08-16,2012-10-25,OPTSTK,DLF,130.0,PE,0.0,0.0,0.0,0.1,0.05,0,0.0,0
2012-08-16,2012-10-25,OPTSTK,DLF,140.0,PE,0.0,0.0,0.0,0.35,0.05,0,0.0,0
2012-08-16,2012-10-25,OPTSTK,DLF,150.0,PE,0.0,0.0,0.0,0.85,0.15,0,0.0,0
2012-08-16,2012-10-25,OPTSTK,DLF,160.0,PE,0.0,0.0,0.0,1.8,0.35,0,0.0,0
2012-08-16,2012-10-25,OPTSTK,DLF,170.0,PE,0.0,0.0,0.0,3.4,0.85,0,0.0,0
2012-08-16,2012-10-25,OPTSTK,DLF,180.0,PE,0.0,0.0,0.0,5.9,1.8,0,0.0,0
2012-08-16,2012-10-25,OPTSTK,DLF,190.0,PE,0.0,0.0,0.0,9.4,3.5,0,0.0,0
2012-08-16,2012-10-25,OPTSTK,DLF,200.0,PE,0.0,0.0,0.0,13.95,6.05,0,0.0,0
2012-08-16,2012-10-25,OPTSTK,DLF,210.0,PE,0.0,0.0,0.0,19.55,9.7,0,0.0,0
2012-08-16,2012-10-25,OPTSTK,DLF,220.0,PE,0.0,0.0,0.0,26.05,14.45,0,0.0,0
2012-08-16,2012-10-25,OPTSTK,DLF,230.0,PE,0.0,0.0,0.0,33.4,20.25,0,0.0,0
2012-08-16,2012-10-25,OPTSTK,DLF,240.0,PE,0.0,0.0,0.0,41.35,27.0,0,0.0,0
2012-08-16,2012-10-25,OPTSTK,DLF,250.0,PE,0.0,0.0,0.0,49.85,34.6,0,0.0,0
2012-08-16,2012-10-25,OPTSTK,DLF,260.0,PE,0.0,0.0,0.0,58.75,42.8,0,0.0,0
2012-08-16,2012-10-25,OPTSTK,DLF,270.0,PE,0.0,0.0,0.0,67.9,51.55,0,0.0,0
2012-08-16,2012-10-25,OPTSTK,DLF,280.0,PE,0.0,0.0,0.0,77.25,60.65,0,0.0,0
2012-08-16,2012-08-30,OPTSTK,DRREDDY,750.0,CE,0.0,0.0,0.0,953.7,911.15,0,0.0,0
2012-08-16,2012-08-30,OPTSTK,DRREDDY,800.0,CE,0.0,0.0,0.0,904.9,861.3,0,0.0,0
2012-08-16,2012-08-30,OPTSTK,DRREDDY,850.0,CE,0.0,0.0,0.0,856.1,811.45,0,0.0,0
2012-08-16,2012-08-30,OPTSTK,DRREDDY,900.0,CE,0.0,0.0,0.0,807.3,761.65,0,0.0,0
2012-08-16,2012-08-30,OPTSTK,DRREDDY,950.0,CE,0.0,0.0,0.0,758.5,711.8,0,0.0,0
2012-08-16,2012-08-30,OPTSTK,DRREDDY,1000.0,CE,0.0,0.0,0.0,709.7,661.95,0,0.0,0
2012-08-16,2012-08-30,OPTSTK,DRREDDY,1050.0,CE,0.0,0.0,0.0,660.9,612.15,0,0.0,0
2012-08-16,2012-08-30,OPTSTK,DRREDDY,1100.0,CE,0.0,0.0,0.0,612.1,562.3,0,0.0,0
2012-08-16,2012-08-30,OPTSTK,DRREDDY,1150.0,CE,0.0,0.0,0.0,563.3,512.45,0,0.0,0
2012-08-16,2012-08-30,OPTSTK,DRREDDY,1200.0,CE,0.0,0.0,0.0,514.55,462.65,0,0.0,0
2012-08-16,2012-08-30,OPTSTK,DRREDDY,1250.0,CE,0.0,0.0,0.0,465.75,412.8,0,0.0,0
2012-08-16,2012-08-30,OPTSTK,DRREDDY,1300.0,CE,0.0,0.0,0.0,417.0,362.95,0,0.0,0
2012-08-16,2012-08-30,OPTSTK,DRREDDY,1350.0,CE,0.0,0.0,0.0,368.4,313.15,0,0.0,0
2012-08-16,2012-08-30,OPTSTK,DRREDDY,1400.0,CE,0.0,0.0,0.0,320.1,263.3,0,0.0,0
2012-08-16,2012-08-30,OPTSTK,DRREDDY,1450.0,CE,0.0,0.0,0.0,272.6,213.45,0,0.0,0
2012-08-16,2012-08-30,OPTSTK,DRREDDY,1500.0,CE,0.0,0.0,0.0,226.6,163.65,0,0.0,0
2012-08-16,2012-08-30,OPTSTK,DRREDDY,1550.0,CE,0.0,0.0,0.0,183.1,114.3,0,0.0,0
2012-08-16,2012-08-30,OPTSTK,DRREDDY,1600.0,CE,89.95,89.95,58.9,58.9,58.9,2,4.18,875
2012-08-16,2012-08-30,OPTSTK,DRREDDY,1650.0,CE,28.55,38.75,28.55,30.3,30.3,39,82.07,8625
2012-08-16,2012-08-30,OPTSTK,DRREDDY,1700.0,CE,9.0,15.0,8.0,11.8,11.8,89,190.6,20875
2012-08-16,2012-08-30,OPTSTK,DRREDDY,1750.0,CE,3.15,6.15,0.25,3.15,3.15,13,28.49,4375
2012-08-16,2012-08-30,OPTSTK,DRREDDY,1800.0,CE,0.0,0.0,0.0,1.85,0.35,0,0.0,1250
2012-08-16,2012-08-30,OPTSTK,DRREDDY,1850.0,CE,0.0,0.0,0.0,8.75,0.05,0,0.0,7000
2012-08-16,2012-08-30,OPTSTK,DRREDDY,1900.0,CE,0.0,0.0,0.0,14.6,0.0,0,0.0,0
2012-08-16,2012-08-30,OPTSTK,DRREDDY,1950.0,CE,0.0,0.0,0.0,8.65,0.0,0,0.0,0
2012-08-16,2012-08-30,OPTSTK,DRREDDY,2000.0,CE,0.0,0.0,0.0,4.95,0.0,0,0.0,0
2012-08-16,2012-08-30,OPTSTK,DRREDDY,2050.0,CE,0.0,0.0,0.0,2.7,0.0,0,0.0,0
2012-08-16,2012-08-30,OPTSTK,DRREDDY,2100.0,CE,0.0,0.0,0.0,1.45,0.0,0,0.0,0
2012-08-16,2012-08-30,OPTSTK,DRREDDY,2150.0,CE,0.0,0.0,0.0,0.75,0.0,0,0.0,0
2012-08-16,2012-08-30,OPTSTK,DRREDDY,2200.0,CE,0.0,0.0,0.0,0.4,0.0,0,0.0,0
2012-08-16,2012-08-30,OPTSTK,DRREDDY,2250.0,CE,0.0,0.0,0.0,0.2,0.0,0,0.0,0
2012-08-16,2012-08-30,OPTSTK,DRREDDY,2300.0,CE,0.0,0.0,0.0,0.1,0.0,0,0.0,0
2012-08-16,2012-08-30,OPTSTK,DRREDDY,2350.0,CE,0.0,0.0,0.0,0.05,0.0,0,0.0,0
2012-08-16,2012-08-30,OPTSTK,DRREDDY,750.0,PE,0.0,0.0,0.0,0.05,0.0,0,0.0,0
2012-08-16,2012-08-30,OPTSTK,DRREDDY,800.0,PE,0.0,0.0,0.0,0.05,0.0,0,0.0,0
2012-08-16,2012-08-30,OPTSTK,DRREDDY,850.0,PE,0.0,0.0,0.0,0.05,0.0,0,0.0,0
2012-08-16,2012-08-30,OPTSTK,DRREDDY,900.0,PE,0.0,0.0,0.0,0.05,0.0,0,0.0,0
2012-08-16,2012-08-30,OPTSTK,DRREDDY,950.0,PE,0.0,0.0,0.0,0.05,0.0,0,0.0,0
2012-08-16,2012-08-30,OPTSTK,DRREDDY,1000.0,PE,0.0,0.0,0.0,0.05,0.0,0,0.0,0
2012-08-16,2012-08-30,OPTSTK,DRREDDY,1050.0,PE,0.0,0.0,0.0,0.05,0.0,0,0.0,0
2012-08-16,2012-08-30,OPTSTK,DRREDDY,1100.0,PE,0.0,0.0,0.0,0.05,0.0,0,0.0,0
2012-08-16,2012-08-30,OPTSTK,DRREDDY,1150.0,PE,0.0,0.0,0.0,0.05,0.0,0,0.0,0
2012-08-16,2012-08-30,OPTSTK,DRREDDY,1200.0,PE,0.0,0.0,0.0,0.05,0.0,0,0.0,0
2012-08-16,2012-08-30,OPTSTK,DRREDDY,1250.0,PE,0.0,0.0,0.0,0.05,0.0,0,0.0,0
2012-08-16,2012-08-30,OPTSTK,DRREDDY,1300.0,PE,0.0,0.0,0.0,0.1,0.0,0,0.0,0
2012-08-16,2012-08-30,OPTSTK,DRREDDY,1350.0,PE,0.0,0.0,0.0,0.25,0.0,0,0.0,0
2012-08-16,2012-08-30,OPTSTK,DRREDDY,1400.0,PE,0.0,0.0,0.0,0.8,0.0,0,0.0,0
2012-08-16,2012-08-30,OPTSTK,DRREDDY,1450.0,PE,0.0,0.0,0.0,2.1,0.0,0,0.0,0
2012-08-16,2012-08-30,OPTSTK,DRREDDY,1500.0,PE,0.0,0.0,0.0,4.0,0.05,0,0.0,125
2012-08-16,2012-08-30,OPTSTK,DRREDDY,1550.0,PE,0.0,0.0,0.0,10.4,0.5,0,0.0,375
2012-08-16,2012-08-30,OPTSTK,DRREDDY,1600.0,PE,4.0,4.0,3.4,3.4,3.4,3,6.01,6750
2012-08-16,2012-08-30,OPTSTK,DRREDDY,1650.0,PE,16.3,18.85,14.85,14.85,14.85,4,8.33,750
2012-08-16,2012-08-30,OPTSTK,DRREDDY,1700.0,PE,0.0,0.0,0.0,50.5,45.9,0,0.0,250
2012-08-16,2012-08-30,OPTSTK,DRREDDY,1750.0,PE,0.0,0.0,0.0,77.05,87.75,0,0.0,0
2012-08-16,2012-08-30,OPTSTK,DRREDDY,1800.0,PE,0.0,0.0,0.0,107.75,135.7,0,0.0,0
2012-08-16,2012-08-30,OPTSTK,DRREDDY,1850.0,PE,0.0,0.0,0.0,143.45,185.25,0,0.0,0
2012-08-16,2012-08-30,OPTSTK,DRREDDY,1900.0,PE,0.0,0.0,0.0,183.2,235.05,0,0.0,0
2012-08-16,2012-08-30,OPTSTK,DRREDDY,1950.0,PE,0.0,0.0,0.0,226.1,284.9,0,0.0,0
2012-08-16,2012-08-30,OPTSTK,DRREDDY,2000.0,PE,0.0,0.0,0.0,271.15,334.75,0,0.0,0
2012-08-16,2012-08-30,OPTSTK,DRREDDY,2050.0,PE,0.0,0.0,0.0,317.75,384.55,0,0.0,0
2012-08-16,2012-08-30,OPTSTK,DRREDDY,2100.0,PE,0.0,0.0,0.0,365.25,434.4,0,0.0,0
2012-08-16,2012-08-30,OPTSTK,DRREDDY,2150.0,PE,0.0,0.0,0.0,413.35,484.25,0,0.0,0
2012-08-16,2012-08-30,OPTSTK,DRREDDY,2200.0,PE,0.0,0.0,0.0,461.8,534.05,0,0.0,0
2012-08-16,2012-08-30,OPTSTK,DRREDDY,2250.0,PE,0.0,0.0,0.0,510.4,583.9,0,0.0,0
2012-08-16,2012-08-30,OPTSTK,DRREDDY,2300.0,PE,0.0,0.0,0.0,559.1,633.75,0,0.0,0
2012-08-16,2012-08-30,OPTSTK,DRREDDY,2350.0,PE,0.0,0.0,0.0,607.85,683.55,0,0.0,0
2012-08-16,2012-09-27,OPTSTK,DRREDDY,750.0,CE,0.0,0.0,0.0,878.95,916.35,0,0.0,0
2012-08-16,2012-09-27,OPTSTK,DRREDDY,800.0,CE,0.0,0.0,0.0,830.15,866.9,0,0.0,0
2012-08-16,2012-09-27,OPTSTK,DRREDDY,850.0,CE,0.0,0.0,0.0,781.3,817.4,0,0.0,0
2012-08-16,2012-09-27,OPTSTK,DRREDDY,900.0,CE,0.0,0.0,0.0,732.45,767.9,0,0.0,0
2012-08-16,2012-09-27,OPTSTK,DRREDDY,950.0,CE,0.0,0.0,0.0,683.6,718.45,0,0.0,0
2012-08-16,2012-09-27,OPTSTK,DRREDDY,1000.0,CE,0.0,0.0,0.0,634.8,668.95,0,0.0,0
2012-08-16,2012-09-27,OPTSTK,DRREDDY,1050.0,CE,0.0,0.0,0.0,585.95,619.45,0,0.0,0
2012-08-16,2012-09-27,OPTSTK,DRREDDY,1100.0,CE,0.0,0.0,0.0,537.1,570.0,0,0.0,0
2012-08-16,2012-09-27,OPTSTK,DRREDDY,1150.0,CE,0.0,0.0,0.0,488.3,520.5,0,0.0,0
2012-08-16,2012-09-27,OPTSTK,DRREDDY,1200.0,CE,0.0,0.0,0.0,439.5,471.0,0,0.0,0
2012-08-16,2012-09-27,OPTSTK,DRREDDY,1250.0,CE,0.0,0.0,0.0,390.9,421.55,0,0.0,0
2012-08-16,2012-09-27,OPTSTK,DRREDDY,1300.0,CE,0.0,0.0,0.0,342.6,372.05,0,0.0,0
2012-08-16,2012-09-27,OPTSTK,DRREDDY,1350.0,CE,0.0,0.0,0.0,295.05,322.6,0,0.0,0
2012-08-16,2012-09-27,OPTSTK,DRREDDY,1400.0,CE,0.0,0.0,0.0,248.9,273.15,0,0.0,0
2012-08-16,2012-09-27,OPTSTK,DRREDDY,1450.0,CE,0.0,0.0,0.0,205.0,223.9,0,0.0,0
2012-08-16,2012-09-27,OPTSTK,DRREDDY,1500.0,CE,0.0,0.0,0.0,164.35,175.55,0,0.0,0
2012-08-16,2012-09-27,OPTSTK,DRREDDY,1550.0,CE,0.0,0.0,0.0,127.9,129.55,0,0.0,0
2012-08-16,2012-09-27,OPTSTK,DRREDDY,1600.0,CE,0.0,0.0,0.0,96.5,88.35,0,0.0,0
2012-08-16,2012-09-27,OPTSTK,DRREDDY,1650.0,CE,0.0,0.0,0.0,70.45,54.75,0,0.0,0
2012-08-16,2012-09-27,OPTSTK,DRREDDY,1700.0,CE,33.8,33.8,33.8,33.8,33.8,1,2.16,0
2012-08-16,2012-09-27,OPTSTK,DRREDDY,1750.0,CE,0.0,0.0,0.0,33.95,15.05,0,0.0,0
2012-08-16,2012-09-27,OPTSTK,DRREDDY,1800.0,CE,0.0,0.0,0.0,22.45,6.6,0,0.0,0
2012-08-16,2012-09-27,OPTSTK,DRREDDY,1850.0,CE,0.0,0.0,0.0,14.4,2.55,0,0.0,0
2012-08-16,2012-09-27,OPTSTK,DRREDDY,1900.0,CE,0.0,0.0,0.0,8.9,0.9,0,0.0,0
2012-08-16,2012-09-27,OPTSTK,DRREDDY,1950.0,CE,0.0,0.0,0.0,5.35,0.3,0,0.0,0
2012-08-16,2012-09-27,OPTSTK,DRREDDY,2000.0,CE,0.0,0.0,0.0,3.15,0.1,0,0.0,0
2012-08-16,2012-09-27,OPTSTK,DRREDDY,2050.0,CE,0.0,0.0,0.0,1.8,0.05,0,0.0,0
2012-08-16,2012-09-27,OPTSTK,DRREDDY,2100.0,CE,0.0,0.0,0.0,1.0,0.0,0,0.0,0
2012-08-16,2012-09-27,OPTSTK,DRREDDY,2150.0,CE,0.0,0.0,0.0,0.55,0.0,0,0.0,0
2012-08-16,2012-09-27,OPTSTK,DRREDDY,2200.0,CE,0.0,0.0,0.0,0.3,0.0,0,0.0,0
2012-08-16,2012-09-27,OPTSTK,DRREDDY,2250.0,CE,0.0,0.0,0.0,0.15,0.0,0,0.0,0
2012-08-16,2012-09-27,OPTSTK,DRREDDY,2300.0,CE,0.0,0.0,0.0,0.1,0.0,0,0.0,0
2012-08-16,2012-09-27,OPTSTK,DRREDDY,2350.0,CE,0.0,0.0,0.0,0.05,0.0,0,0.0,0
2012-08-16,2012-09-27,OPTSTK,DRREDDY,750.0,PE,0.0,0.0,0.0,0.05,0.0,0,0.0,0
2012-08-16,2012-09-27,OPTSTK,DRREDDY,800.0,PE,0.0,0.0,0.0,0.05,0.0,0,0.0,0
2012-08-16,2012-09-27,OPTSTK,DRREDDY,850.0,PE,0.0,0.0,0.0,0.05,0.0,0,0.0,0
2012-08-16,2012-09-27,OPTSTK,DRREDDY,900.0,PE,0.0,0.0,0.0,0.05,0.0,0,0.0,0
2012-08-16,2012-09-27,OPTSTK,DRREDDY,950.0,PE,0.0,0.0,0.0,0.05,0.0,0,0.0,0
2012-08-16,2012-09-27,OPTSTK,DRREDDY,1000.0,PE,0.0,0.0,0.0,0.05,0.0,0,0.0,0
2012-08-16,2012-09-27,OPTSTK,DRREDDY,1050.0,PE,0.0,0.0,0.0,0.05,0.0,0,0.0,0
2012-08-16,2012-09-27,OPTSTK,DRREDDY,1100.0,PE,0.0,0.0,0.0,0.05,0.0,0,0.0,0
2012-08-16,2012-09-27,OPTSTK,DRREDDY,1150.0,PE,0.0,0.0,0.0,0.05,0.0,0,0.0,0
2012-08-16,2012-09-27,OPTSTK,DRREDDY,1200.0,PE,0.0,0.0,0.0,0.1,0.0,0,0.0,0
2012-08-16,2012-09-27,OPTSTK,DRREDDY,1250.0,PE,0.0,0.0,0.0,0.3,0.0,0,0.0,0
2012-08-16,2012-09-27,OPTSTK,DRREDDY,1300.0,PE,0.0,0.0,0.0,0.85,0.0,0,0.0,0
2012-08-16,2012-09-27,OPTSTK,DRREDDY,1350.0,PE,0.0,0.0,0.0,2.15,0.05,0,0.0,0
2012-08-16,2012-09-27,OPTSTK,DRREDDY,1400.0,PE,0.0,0.0,0.0,4.85,0.05,0,0.0,0
2012-08-16,2012-09-27,OPTSTK,DRREDDY,1450.0,PE,0.0,0.0,0.0,9.8,0.35,0,0.0,0
2012-08-16,2012-09-27,OPTSTK,DRREDDY,1500.0,PE,0.0,0.0,0.0,18.0,1.45,0,0.0,0
2012-08-16,2012-09-27,OPTSTK,DRREDDY,1550.0,PE,0.0,0.0,0.0,30.35,4.9,0,0.0,0
2012-08-16,2012-09-27,OPTSTK,DRREDDY,1600.0,PE,0.0,0.0,0.0,47.8,13.2,0,0.0,0
2012-08-16,2012-09-27,OPTSTK,DRREDDY,1650.0,PE,0.0,0.0,0.0,70.55,29.1,0,0.0,0
2012-08-16,2012-09-27,OPTSTK,DRREDDY,1700.0,PE,0.0,0.0,0.0,98.7,54.25,0,0.0,0
2012-08-16,2012-09-27,OPTSTK,DRREDDY,1750.0,PE,0.0,0.0,0.0,131.75,88.35,0,0.0,0
2012-08-16,2012-09-27,OPTSTK,DRREDDY,1800.0,PE,0.0,0.0,0.0,169.1,129.4,0,0.0,0
2012-08-16,2012-09-27,OPTSTK,DRREDDY,1850.0,PE,0.0,0.0,0.0,209.85,174.85,0,0.0,0
2012-08-16,2012-09-27,OPTSTK,DRREDDY,1900.0,PE,0.0,0.0,0.0,253.25,222.65,0,0.0,0
2012-08-16,2012-09-27,OPTSTK,DRREDDY,1950.0,PE,0.0,0.0,0.0,298.5,271.55,0,0.0,0
2012-08-16,2012-09-27,OPTSTK,DRREDDY,2000.0,PE,0.0,0.0,0.0,345.1,320.8,0,0.0,0
2012-08-16,2012-09-27,OPTSTK,DRREDDY,2050.0,PE,0.0,0.0,0.0,392.6,370.25,0,0.0,0
2012-08-16,2012-09-27,OPTSTK,DRREDDY,2100.0,PE,0.0,0.0,0.0,440.65,419.7,0,0.0,0
2012-08-16,2012-09-27,OPTSTK,DRREDDY,2150.0,PE,0.0,0.0,0.0,489.05,469.2,0,0.0,0
2012-08-16,2012-09-27,OPTSTK,DRREDDY,2200.0,PE,0.0,0.0,0.0,537.6,518.7,0,0.0,0
2012-08-16,2012-09-27,OPTSTK,DRREDDY,2250.0,PE,0.0,0.0,0.0,586.35,568.15,0,0.0,0
2012-08-16,2012-09-27,OPTSTK,DRREDDY,2300.0,PE,0.0,0.0,0.0,635.1,617.65,0,0.0,0
2012-08-16,2012-09-27,OPTSTK,DRREDDY,2350.0,PE,0.0,0.0,0.0,683.9,667.15,0,0.0,0
2012-08-16,2012-10-25,OPTSTK,DRREDDY,750.0,CE,0.0,0.0,0.0,890.05,921.5,0,0.0,0
2012-08-16,2012-10-25,OPTSTK,DRREDDY,800.0,CE,0.0,0.0,0.0,841.2,872.35,0,0.0,0
2012-08-16,2012-10-25,OPTSTK,DRREDDY,850.0,CE,0.0,0.0,0.0,792.3,823.2,0,0.0,0
2012-08-16,2012-10-25,OPTSTK,DRREDDY,900.0,CE,0.0,0.0,0.0,743.45,774.05,0,0.0,0
2012-08-16,2012-10-25,OPTSTK,DRREDDY,950.0,CE,0.0,0.0,0.0,694.6,724.95,0,0.0,0
2012-08-16,2012-10-25,OPTSTK,DRREDDY,1000.0,CE,0.0,0.0,0.0,645.7,675.8,0,0.0,0
2012-08-16,2012-10-25,OPTSTK,DRREDDY,1050.0,CE,0.0,0.0,0.0,596.85,626.65,0,0.0,0
2012-08-16,2012-10-25,OPTSTK,DRREDDY,1100.0,CE,0.0,0.0,0.0,548.0,577.5,0,0.0,0
2012-08-16,2012-10-25,OPTSTK,DRREDDY,1150.0,CE,0.0,0.0,0.0,499.15,528.35,0,0.0,0
2012-08-16,2012-10-25,OPTSTK,DRREDDY,1200.0,CE,0.0,0.0,0.0,450.4,479.2,0,0.0,0
2012-08-16,2012-10-25,OPTSTK,DRREDDY,1250.0,CE,0.0,0.0,0.0,401.85,430.1,0,0.0,0
2012-08-16,2012-10-25,OPTSTK,DRREDDY,1300.0,CE,0.0,0.0,0.0,353.7,380.95,0,0.0,0
2012-08-16,2012-10-25,OPTSTK,DRREDDY,1350.0,CE,0.0,0.0,0.0,306.4,331.9,0,0.0,0
2012-08-16,2012-10-25,OPTSTK,DRREDDY,1400.0,CE,0.0,0.0,0.0,260.55,283.05,0,0.0,0
2012-08-16,2012-10-25,OPTSTK,DRREDDY,1450.0,CE,0.0,0.0,0.0,217.0,234.9,0,0.0,0
2012-08-16,2012-10-25,OPTSTK,DRREDDY,1500.0,CE,0.0,0.0,0.0,176.55,188.25,0,0.0,0
2012-08-16,2012-10-25,OPTSTK,DRREDDY,1550.0,CE,0.0,0.0,0.0,140.0,144.6,0,0.0,0
2012-08-16,2012-10-25,OPTSTK,DRREDDY,1600.0,CE,0.0,0.0,0.0,108.15,105.65,0,0.0,0
2012-08-16,2012-10-25,OPTSTK,DRREDDY,1650.0,CE,0.0,0.0,0.0,81.25,72.85,0,0.0,0
2012-08-16,2012-10-25,OPTSTK,DRREDDY,1700.0,CE,0.0,0.0,0.0,59.4,47.2,0,0.0,0
2012-08-16,2012-10-25,OPTSTK,DRREDDY,1750.0,CE,0.0,0.0,0.0,42.2,28.65,0,0.0,0
2012-08-16,2012-10-25,OPTSTK,DRREDDY,1800.0,CE,0.0,0.0,0.0,29.25,16.3,0,0.0,0
2012-08-16,2012-10-25,OPTSTK,DRREDDY,1850.0,CE,0.0,0.0,0.0,19.65,8.65,0,0.0,0
2012-08-16,2012-10-25,OPTSTK,DRREDDY,1900.0,CE,0.0,0.0,0.0,12.9,4.3,0,0.0,0
2012-08-16,2012-10-25,OPTSTK,DRREDDY,1950.0,CE,0.0,0.0,0.0,8.25,2.0,0,0.0,0
2012-08-16,2012-10-25,OPTSTK,DRREDDY,2000.0,CE,0.0,0.0,0.0,5.15,0.9,0,0.0,0
2012-08-16,2012-10-25,OPTSTK,DRREDDY,2050.0,CE,0.0,0.0,0.0,3.15,0.4,0,0.0,0
2012-08-16,2012-10-25,OPTSTK,DRREDDY,2100.0,CE,0.0,0.0,0.0,1.9,0.15,0,0.0,0
2012-08-16,2012-10-25,OPTSTK,DRREDDY,2150.0,CE,0.0,0.0,0.0,1.1,0.05,0,0.0,0
2012-08-16,2012-10-25,OPTSTK,DRREDDY,2200.0,CE,0.0,0.0,0.0,0.65,0.05,0,0.0,0
2012-08-16,2012-10-25,OPTSTK,DRREDDY,2250.0,CE,0.0,0.0,0.0,0.35,0.05,0,0.0,0
2012-08-16,2012-10-25,OPTSTK,DRREDDY,2300.0,CE,0.0,0.0,0.0,0.2,0.0,0,0.0,0
2012-08-16,2012-10-25,OPTSTK,DRREDDY,2350.0,CE,0.0,0.0,0.0,0.1,0.0,0,0.0,0
2012-08-16,2012-10-25,OPTSTK,DRREDDY,750.0,PE,0.0,0.0,0.0,0.05,0.0,0,0.0,0
2012-08-16,2012-10-25,OPTSTK,DRREDDY,800.0,PE,0.0,0.0,0.0,0.05,0.0,0,0.0,0
2012-08-16,2012-10-25,OPTSTK,DRREDDY,850.0,PE,0.0,0.0,0.0,0.05,0.0,0,0.0,0
2012-08-16,2012-10-25,OPTSTK,DRREDDY,900.0,PE,0.0,0.0,0.0,0.05,0.0,0,0.0,0
2012-08-16,2012-10-25,OPTSTK,DRREDDY,950.0,PE,0.0,0.0,0.0,0.05,0.0,0,0.0,0
2012-08-16,2012-10-25,OPTSTK,DRREDDY,1000.0,PE,0.0,0.0,0.0,0.05,0.0,0,0.0,0
2012-08-16,2012-10-25,OPTSTK,DRREDDY,1050.0,PE,0.0,0.0,0.0,0.05,0.0,0,0.0,0
2012-08-16,2012-10-25,OPTSTK,DRREDDY,1100.0,PE,0.0,0.0,0.0,0.05,0.0,0,0.0,0
2012-08-16,2012-10-25,OPTSTK,DRREDDY,1150.0,PE,0.0,0.0,0.0,0.05,0.0,0,0.0,0
2012-08-16,2012-10-25,OPTSTK,DRREDDY,1200.0,PE,0.0,0.0,0.0,0.15,0.0,0,0.0,0
2012-08-16,2012-10-25,OPTSTK,DRREDDY,1250.0,PE,0.0,0.0,0.0,0.45,0.0,0,0.0,0
2012-08-16,2012-10-25,OPTSTK,DRREDDY,1300.0,PE,0.0,0.0,0.0,1.2,0.05,0,0.0,0
2012-08-16,2012-10-25,OPTSTK,DRREDDY,1350.0,PE,0.0,0.0,0.0,2.75,0.1,0,0.0,0
2012-08-16,2012-10-25,OPTSTK,DRREDDY,1400.0,PE,0.0,0.0,0.0,5.8,0.4,0,0.0,0
2012-08-16,2012-10-25,OPTSTK,DRREDDY,1450.0,PE,0.0,0.0,0.0,11.05,1.4,0,0.0,0
2012-08-16,2012-10-25,OPTSTK,DRREDDY,1500.0,PE,0.0,0.0,0.0,19.5,3.9,0,0.0,0
2012-08-16,2012-10-25,OPTSTK,DRREDDY,1550.0,PE,0.0,0.0,0.0,31.8,9.4,0,0.0,0
2012-08-16,2012-10-25,OPTSTK,DRREDDY,1600.0,PE,0.0,0.0,0.0,48.85,19.6,0,0.0,0
2012-08-16,2012-10-25,OPTSTK,DRREDDY,1650.0,PE,0.0,0.0,0.0,70.8,35.9,0,0.0,0
2012-08-16,2012-10-25,OPTSTK,DRREDDY,1700.0,PE,0.0,0.0,0.0,97.8,59.4,0,0.0,0
2012-08-16,2012-10-25,OPTSTK,DRREDDY,1750.0,PE,0.0,0.0,0.0,129.45,90.0,0,0.0,0
2012-08-16,2012-10-25,OPTSTK,DRREDDY,1800.0,PE,0.0,0.0,0.0,165.4,126.8,0,0.0,0
2012-08-16,2012-10-25,OPTSTK,DRREDDY,1850.0,PE,0.0,0.0,0.0,204.65,168.3,0,0.0,0
2012-08-16,2012-10-25,OPTSTK,DRREDDY,1900.0,PE,0.0,0.0,0.0,246.75,213.1,0,0.0,0
2012-08-16,2012-10-25,OPTSTK,DRREDDY,1950.0,PE,0.0,0.0,0.0,291.0,259.95,0,0.0,0
2012-08-16,2012-10-25,OPTSTK,DRREDDY,2000.0,PE,0.0,0.0,0.0,336.75,307.95,0,0.0,0
2012-08-16,2012-10-25,OPTSTK,DRREDDY,2050.0,PE,0.0,0.0,0.0,383.6,356.6,0,0.0,0
2012-08-16,2012-10-25,OPTSTK,DRREDDY,2100.0,PE,0.0,0.0,0.0,431.2,405.5,0,0.0,0
2012-08-16,2012-10-25,OPTSTK,DRREDDY,2150.0,PE,0.0,0.0,0.0,479.3,454.55,0,0.0,0
2012-08-16,2012-10-25,OPTSTK,DRREDDY,2200.0,PE,0.0,0.0,0.0,527.7,503.65,0,0.0,0
2012-08-16,2012-10-25,OPTSTK,DRREDDY,2250.0,PE,0.0,0.0,0.0,576.3,552.8,0,0.0,0
2012-08-16,2012-10-25,OPTSTK,DRREDDY,2300.0,PE,0.0,0.0,0.0,625.0,601.95,0,0.0,0
2012-08-16,2012-10-25,OPTSTK,DRREDDY,2350.0,PE,0.0,0.0,0.0,673.8,651.05,0,0.0,0
2012-08-16,2012-08-30,OPTSTK,EDUCOMP,80.0,CE,0.0,0.0,0.0,62.45,79.05,0,0.0,0
2012-08-16,2012-08-30,OPTSTK,EDUCOMP,90.0,CE,0.0,0.0,0.0,53.0,69.05,0,0.0,0
2012-08-16,2012-08-30,OPTSTK,EDUCOMP,100.0,CE,0.0,0.0,0.0,44.0,59.1,0,0.0,0
2012-08-16,2012-08-30,OPTSTK,EDUCOMP,110.0,CE,0.0,0.0,0.0,35.7,49.15,0,0.0,0
2012-08-16,2012-08-30,OPTSTK,EDUCOMP,120.0,CE,0.0,0.0,0.0,28.3,39.2,0,0.0,0
2012-08-16,2012-08-30,OPTSTK,EDUCOMP,130.0,CE,0.0,0.0,0.0,21.9,29.3,0,0.0,0
2012-08-16,2012-08-30,OPTSTK,EDUCOMP,140.0,CE,0.0,0.0,0.0,20.0,19.8,0,0.0,8000
2012-08-16,2012-08-30,OPTSTK,EDUCOMP,150.0,CE,10.4,12.0,10.4,10.8,10.8,7,22.59,48000
2012-08-16,2012-08-30,OPTSTK,EDUCOMP,160.0,CE,4.25,5.1,3.65,4.6,4.6,72,236.91,200000
2012-08-16,2012-08-30,OPTSTK,EDUCOMP,170.0,CE,1.6,1.8,1.3,1.6,1.6,14,48.03,184000
2012-08-16,2012-08-30,OPTSTK,EDUCOMP,180.0,CE,0.5,0.5,0.5,0.5,0.5,2,7.22,74000
2012-08-16,2012-08-30,OPTSTK,EDUCOMP,190.0,CE,0.1,0.1,0.1,0.1,0.1,1,3.8,20000
2012-08-16,2012-08-30,OPTSTK,EDUCOMP,200.0,CE,0.0,0.0,0.0,2.3,0.05,0,0.0,0
2012-08-16,2012-08-30,OPTSTK,EDUCOMP,210.0,CE,0.0,0.0,0.0,1.6,0.05,0,0.0,0
2012-08-16,2012-08-30,OPTSTK,EDUCOMP,220.0,CE,0.0,0.0,0.0,1.1,0.0,0,0.0,0
2012-08-16,2012-08-30,OPTSTK,EDUCOMP,230.0,CE,0.0,0.0,0.0,0.75,0.0,0,0.0,0
2012-08-16,2012-08-30,OPTSTK,EDUCOMP,240.0,CE,0.0,0.0,0.0,0.5,0.0,0,0.0,0
2012-08-16,2012-08-30,OPTSTK,EDUCOMP,80.0,PE,0.0,0.0,0.0,0.15,0.0,0,0.0,0
2012-08-16,2012-08-30,OPTSTK,EDUCOMP,90.0,PE,0.0,0.0,0.0,0.5,0.0,0,0.0,0
2012-08-16,2012-08-30,OPTSTK,EDUCOMP,100.0,PE,0.0,0.0,0.0,2.5,0.0,0,0.0,2000
2012-08-16,2012-08-30,OPTSTK,EDUCOMP,110.0,PE,0.0,0.0,0.0,2.7,0.0,0,0.0,0
2012-08-16,2012-08-30,OPTSTK,EDUCOMP,120.0,PE,0.0,0.0,0.0,1.25,0.05,0,0.0,6000
2012-08-16,2012-08-30,OPTSTK,EDUCOMP,130.0,PE,0.0,0.0,0.0,0.5,0.1,0,0.0,14000
2012-08-16,2012-08-30,OPTSTK,EDUCOMP,140.0,PE,1.0,1.0,0.6,0.7,0.7,9,25.35,176000
2012-08-16,2012-08-30,OPTSTK,EDUCOMP,150.0,PE,2.5,2.8,2.05,2.15,2.15,33,100.55,280000
2012-08-16,2012-08-30,OPTSTK,EDUCOMP,160.0,PE,5.95,6.55,5.45,5.45,5.45,24,79.6,94000
2012-08-16,2012-08-30,OPTSTK,EDUCOMP,170.0,PE,0.0,0.0,0.0,17.0,12.95,0,0.0,8000
2012-08-16,2012-08-30,OPTSTK,EDUCOMP,180.0,PE,0.0,0.0,0.0,18.35,21.4,0,0.0,2000
2012-08-16,2012-08-30,OPTSTK,EDUCOMP,190.0,PE,0.0,0.0,0.0,28.25,30.85,0,0.0,2000
2012-08-16,2012-08-30,OPTSTK,EDUCOMP,200.0,PE,0.0,0.0,0.0,57.15,40.65,0,0.0,0
2012-08-16,2012-08-30,OPTSTK,EDUCOMP,210.0,PE,0.0,0.0,0.0,66.2,50.6,0,0.0,0
2012-08-16,2012-08-30,OPTSTK,EDUCOMP,220.0,PE,0.0,0.0,0.0,75.45,60.55,0,0.0,0
2012-08-16,2012-08-30,OPTSTK,EDUCOMP,230.0,PE,0.0,0.0,0.0,84.85,70.5,0,0.0,0
2012-08-16,2012-08-30,OPTSTK,EDUCOMP,240.0,PE,0.0,0.0,0.0,94.4,80.45,0,0.0,0
2012-08-16,2012-09-27,OPTSTK,EDUCOMP,80.0,CE,0.0,0.0,0.0,92.65,79.6,0,0.0,0
2012-08-16,2012-09-27,OPTSTK,EDUCOMP,90.0,CE,0.0,0.0,0.0,83.1,69.7,0,0.0,0
2012-08-16,2012-09-27,OPTSTK,EDUCOMP,100.0,CE,0.0,0.0,0.0,73.9,59.8,0,0.0,0
2012-08-16,2012-09-27,OPTSTK,EDUCOMP,110.0,CE,0.0,0.0,0.0,65.0,50.0,0,0.0,0
2012-08-16,2012-09-27,OPTSTK,EDUCOMP,120.0,CE,0.0,0.0,0.0,56.7,40.35,0,0.0,0
2012-08-16,2012-09-27,OPTSTK,EDUCOMP,130.0,CE,0.0,0.0,0.0,48.95,31.2,0,0.0,0
2012-08-16,2012-09-27,OPTSTK,EDUCOMP,140.0,CE,0.0,0.0,0.0,41.9,22.95,0,0.0,0
2012-08-16,2012-09-27,OPTSTK,EDUCOMP,150.0,CE,0.0,0.0,0.0,35.6,16.0,0,0.0,0
2012-08-16,2012-09-27,OPTSTK,EDUCOMP,160.0,CE,0.0,0.0,0.0,7.45,10.55,0,0.0,2000
2012-08-16,2012-09-27,OPTSTK,EDUCOMP,170.0,CE,0.0,0.0,0.0,25.15,6.6,0,0.0,0
2012-08-16,2012-09-27,OPTSTK,EDUCOMP,180.0,CE,0.0,0.0,0.0,20.95,3.95,0,0.0,0
2012-08-16,2012-09-27,OPTSTK,EDUCOMP,190.0,CE,0.0,0.0,0.0,17.35,2.2,0,0.0,0
2012-08-16,2012-09-27,OPTSTK,EDUCOMP,200.0,CE,0.0,0.0,0.0,14.3,1.2,0,0.0,0
2012-08-16,2012-09-27,OPTSTK,EDUCOMP,210.0,CE,0.0,0.0,0.0,11.75,0.65,0,0.0,0
2012-08-16,2012-09-27,OPTSTK,EDUCOMP,220.0,CE,0.0,0.0,0.0,9.65,0.35,0,0.0,0
2012-08-16,2012-09-27,OPTSTK,EDUCOMP,230.0,CE,0.0,0.0,0.0,7.9,0.15,0,0.0,0
2012-08-16,2012-09-27,OPTSTK,EDUCOMP,240.0,CE,0.0,0.0,0.0,6.4,0.1,0,0.0,0
2012-08-16,2012-09-27,OPTSTK,EDUCOMP,80.0,PE,0.0,0.0,0.0,0.15,0.0,0,0.0,0
2012-08-16,2012-09-27,OPTSTK,EDUCOMP,90.0,PE,0.0,0.0,0.0,0.45,0.0,0,0.0,0
2012-08-16,2012-09-27,OPTSTK,EDUCOMP,100.0,PE,0.0,0.0,0.0,0.95,0.05,0,0.0,0
2012-08-16,2012-09-27,OPTSTK,EDUCOMP,110.0,PE,0.0,0.0,0.0,1.85,0.1,0,0.0,0
2012-08-16,2012-09-27,OPTSTK,EDUCOMP,120.0,PE,0.0,0.0,0.0,3.3,0.35,0,0.0,0
2012-08-16,2012-09-27,OPTSTK,EDUCOMP,130.0,PE,0.0,0.0,0.0,5.35,1.1,0,0.0,0
2012-08-16,2012-09-27,OPTSTK,EDUCOMP,140.0,PE,0.0,0.0,0.0,8.05,2.8,0,0.0,0
2012-08-16,2012-09-27,OPTSTK,EDUCOMP,150.0,PE,0.0,0.0,0.0,11.5,5.7,0,0.0,0
2012-08-16,2012-09-27,OPTSTK,EDUCOMP,160.0,PE,0.0,0.0,0.0,10.0,10.15,0,0.0,2000
2012-08-16,2012-09-27,OPTSTK,EDUCOMP,170.0,PE,0.0,0.0,0.0,20.6,16.1,0,0.0,0
2012-08-16,2012-09-27,OPTSTK,EDUCOMP,180.0,PE,0.0,0.0,0.0,26.15,23.3,0,0.0,0
2012-08-16,2012-09-27,OPTSTK,EDUCOMP,190.0,PE,0.0,0.0,0.0,32.3,31.5,0,0.0,0
2012-08-16,2012-09-27,OPTSTK,EDUCOMP,200.0,PE,0.0,0.0,0.0,39.05,40.4,0,0.0,0
2012-08-16,2012-09-27,OPTSTK,EDUCOMP,210.0,PE,0.0,0.0,0.0,46.3,49.7,0,0.0,0
2012-08-16,2012-09-27,OPTSTK,EDUCOMP,220.0,PE,0.0,0.0,0.0,53.9,59.3,0,0.0,0
2012-08-16,2012-09-27,OPTSTK,EDUCOMP,230.0,PE,0.0,0.0,0.0,61.95,69.05,0,0.0,0
2012-08-16,2012-09-27,OPTSTK,EDUCOMP,240.0,PE,0.0,0.0,0.0,70.25,78.85,0,0.0,0
2012-08-16,2012-08-30,OPTSTK,ESCORTS,30.0,CE,0.0,0.0,0.0,34.25,32.55,0,0.0,0
2012-08-16,2012-08-30,OPTSTK,ESCORTS,35.0,CE,0.0,0.0,0.0,29.35,27.6,0,0.0,0
2012-08-16,2012-08-30,OPTSTK,ESCORTS,40.0,CE,0.0,0.0,0.0,24.5,22.6,0,0.0,0
2012-08-16,2012-08-30,OPTSTK,ESCORTS,45.0,CE,0.0,0.0,0.0,19.75,17.6,0,0.0,0
2012-08-16,2012-08-30,OPTSTK,ESCORTS,50.0,CE,0.0,0.0,0.0,15.25,12.65,0,0.0,0
2012-08-16,2012-08-30,OPTSTK,ESCORTS,55.0,CE,0.0,0.0,0.0,8.5,7.85,0,0.0,4000
2012-08-16,2012-08-30,OPTSTK,ESCORTS,60.0,CE,3.2,3.2,3.15,3.15,3.15,2,5.05,136000
2012-08-16,2012-08-30,OPTSTK,ESCORTS,65.0,CE,1.2,1.5,0.9,1.05,1.05,37,98.02,488000
2012-08-16,2012-08-30,OPTSTK,ESCORTS,70.0,CE,0.35,0.4,0.3,0.3,0.3,5,14.07,116000
2012-08-16,2012-08-30,OPTSTK,ESCORTS,75.0,CE,0.0,0.0,0.0,1.95,0.05,0,0.0,0
2012-08-16,2012-08-30,OPTSTK,ESCORTS,80.0,CE,0.0,0.0,0.0,1.15,0.05,0,0.0,0
2012-08-16,2012-08-30,OPTSTK,ESCORTS,85.0,CE,0.0,0.0,0.0,0.65,0.0,0,0.0,0
2012-08-16,2012-08-30,OPTSTK,ESCORTS,90.0,CE,0.0,0.0,0.0,0.35,0.0,0,0.0,0
2012-08-16,2012-08-30,OPTSTK,ESCORTS,95.0,CE,0.0,0.0,0.0,0.2,0.0,0,0.0,0
2012-08-16,2012-08-30,OPTSTK,ESCORTS,100.0,CE,0.0,0.0,0.0,0.1,0.0,0,0.0,0
2012-08-16,2012-08-30,OPTSTK,ESCORTS,105.0,CE,0.0,0.0,0.0,0.05,0.0,0,0.0,0
2012-08-16,2012-08-30,OPTSTK,ESCORTS,110.0,CE,0.0,0.0,0.0,0.05,0.0,0,0.0,0
2012-08-16,2012-08-30,OPTSTK,ESCORTS,115.0,CE,0.0,0.0,0.0,0.05,0.0,0,0.0,0
2012-08-16,2012-08-30,OPTSTK,ESCORTS,30.0,PE,0.0,0.0,0.0,0.05,0.0,0,0.0,0
2012-08-16,2012-08-30,OPTSTK,ESCORTS,35.0,PE,0.0,0.0,0.0,0.05,0.0,0,0.0,0
2012-08-16,2012-08-30,OPTSTK,ESCORTS,40.0,PE,0.0,0.0,0.0,0.05,0.0,0,0.0,0
2012-08-16,2012-08-30,OPTSTK,ESCORTS,45.0,PE,0.0,0.0,0.0,0.15,0.0,0,0.0,0
2012-08-16,2012-08-30,OPTSTK,ESCORTS,50.0,PE,0.0,0.0,0.0,0.25,0.05,0,0.0,4000
2012-08-16,2012-08-30,OPTSTK,ESCORTS,55.0,PE,0.0,0.0,0.0,0.6,0.2,0,0.0,24000
2012-08-16,2012-08-30,OPTSTK,ESCORTS,60.0,PE,0.75,0.75,0.75,0.75,0.75,1,2.43,52000
2012-08-16,2012-08-30,OPTSTK,ESCORTS,65.0,PE,3.25,3.25,3.25,3.25,3.25,1,2.73,20000
2012-08-16,2012-08-30,OPTSTK,ESCORTS,70.0,PE,0.0,0.0,0.0,10.1,7.65,0,0.0,8000
2012-08-16,2012-08-30,OPTSTK,ESCORTS,75.0,PE,0.0,0.0,0.0,11.65,12.35,0,0.0,0
2012-08-16,2012-08-30,OPTSTK,ESCORTS,80.0,PE,0.0,0.0,0.0,15.7,17.3,0,0.0,0
2012-08-16,2012-08-30,OPTSTK,ESCORTS,85.0,PE,0.0,0.0,0.0,20.1,22.3,0,0.0,0
2012-08-16,2012-08-30,OPTSTK,ESCORTS,90.0,PE,0.0,0.0,0.0,24.7,27.25,0,0.0,0
2012-08-16,2012-08-30,OPTSTK,ESCORTS,95.0,PE,0.0,0.0,0.0,29.4,32.25,0,0.0,0
2012-08-16,2012-08-30,OPTSTK,ESCORTS,100.0,PE,0.0,0.0,0.0,34.2,37.25,0,0.0,0
2012-08-16,2012-08-30,OPTSTK,ESCORTS,105.0,PE,0.0,0.0,0.0,39.05,42.2,0,0.0,0
2012-08-16,2012-08-30,OPTSTK,ESCORTS,110.0,PE,0.0,0.0,0.0,43.9,47.2,0,0.0,0
2012-08-16,2012-08-30,OPTSTK,ESCORTS,115.0,PE,0.0,0.0,0.0,48.75,52.2,0,0.0,0
2012-08-16,2012-09-27,OPTSTK,ESCORTS,30.0,CE,0.0,0.0,0.0,37.1,32.8,0,0.0,0
2012-08-16,2012-09-27,OPTSTK,ESCORTS,35.0,CE,0.0,0.0,0.0,32.25,27.85,0,0.0,0
2012-08-16,2012-09-27,OPTSTK,ESCORTS,40.0,CE,0.0,0.0,0.0,27.35,22.9,0,0.0,0
2012-08-16,2012-09-27,OPTSTK,ESCORTS,45.0,CE,0.0,0.0,0.0,22.5,18.0,0,0.0,0
2012-08-16,2012-09-27,OPTSTK,ESCORTS,50.0,CE,0.0,0.0,0.0,17.75,13.25,0,0.0,0
2012-08-16,2012-09-27,OPTSTK,ESCORTS,55.0,CE,0.0,0.0,0.0,13.25,9.0,0,0.0,0
2012-08-16,2012-09-27,OPTSTK,ESCORTS,60.0,CE,0.0,0.0,0.0,9.3,5.55,0,0.0,0
2012-08-16,2012-09-27,OPTSTK,ESCORTS,65.0,CE,0.0,0.0,0.0,6.1,3.1,0,0.0,0
2012-08-16,2012-09-27,OPTSTK,ESCORTS,70.0,CE,0.0,0.0,0.0,2.25,1.55,0,0.0,4000
2012-08-16,2012-09-27,OPTSTK,ESCORTS,75.0,CE,0.0,0.0,0.0,2.15,0.75,0,0.0,0
2012-08-16,2012-09-27,OPTSTK,ESCORTS,80.0,CE,0.0,0.0,0.0,1.15,0.35,0,0.0,0
2012-08-16,2012-09-27,OPTSTK,ESCORTS,85.0,CE,0.0,0.0,0.0,0.6,0.15,0,0.0,0
2012-08-16,2012-09-27,OPTSTK,ESCORTS,90.0,CE,0.0,0.0,0.0,0.3,0.05,0,0.0,0
2012-08-16,2012-09-27,OPTSTK,ESCORTS,95.0,CE,0.0,0.0,0.0,0.15,0.05,0,0.0,0
2012-08-16,2012-09-27,OPTSTK,ESCORTS,100.0,CE,0.0,0.0,0.0,0.1,0.05,0,0.0,0
2012-08-16,2012-09-27,OPTSTK,ESCORTS,105.0,CE,0.0,0.0,0.0,0.05,0.0,0,0.0,0
2012-08-16,2012-09-27,OPTSTK,ESCORTS,110.0,CE,0.0,0.0,0.0,0.05,0.0,0,0.0,0
2012-08-16,2012-09-27,OPTSTK,ESCORTS,115.0,CE,0.0,0.0,0.0,0.05,0.0,0,0.0,0
2012-08-16,2012-09-27,OPTSTK,ESCORTS,30.0,PE,0.0,0.0,0.0,0.05,0.0,0,0.0,0
2012-08-16,2012-09-27,OPTSTK,ESCORTS,35.0,PE,0.0,0.0,0.0,0.05,0.0,0,0.0,0
2012-08-16,2012-09-27,OPTSTK,ESCORTS,40.0,PE,0.0,0.0,0.0,0.05,0.0,0,0.0,0
2012-08-16,2012-09-27,OPTSTK,ESCORTS,45.0,PE,0.0,0.0,0.0,0.05,0.05,0,0.0,0
2012-08-16,2012-09-27,OPTSTK,ESCORTS,50.0,PE,0.0,0.0,0.0,0.15,0.3,0,0.0,0
2012-08-16,2012-09-27,OPTSTK,ESCORTS,55.0,PE,0.0,0.0,0.0,0.55,0.95,0,0.0,0
2012-08-16,2012-09-27,OPTSTK,ESCORTS,60.0,PE,0.0,0.0,0.0,1.5,2.45,0,0.0,0
2012-08-16,2012-09-27,OPTSTK,ESCORTS,65.0,PE,0.0,0.0,0.0,3.15,4.95,0,0.0,0
2012-08-16,2012-09-27,OPTSTK,ESCORTS,70.0,PE,0.0,0.0,0.0,5.7,8.4,0,0.0,0
2012-08-16,2012-09-27,OPTSTK,ESCORTS,75.0,PE,0.0,0.0,0.0,9.0,12.5,0,0.0,0
2012-08-16,2012-09-27,OPTSTK,ESCORTS,80.0,PE,0.0,0.0,0.0,12.9,17.05,0,0.0,0
2012-08-16,2012-09-27,OPTSTK,ESCORTS,85.0,PE,0.0,0.0,0.0,17.25,21.8,0,0.0,0
2012-08-16,2012-09-27,OPTSTK,ESCORTS,90.0,PE,0.0,0.0,0.0,21.8,26.7,0,0.0,0
2012-08-16,2012-09-27,OPTSTK,ESCORTS,95.0,PE,0.0,0.0,0.0,26.55,31.6,0,0.0,0
2012-08-16,2012-09-27,OPTSTK,ESCORTS,100.0,PE,0.0,0.0,0.0,31.35,36.55,0,0.0,0
2012-08-16,2012-09-27,OPTSTK,ESCORTS,105.0,PE,0.0,0.0,0.0,36.2,41.5,0,0.0,0
2012-08-16,2012-09-27,OPTSTK,ESCORTS,110.0,PE,0.0,0.0,0.0,41.05,46.45,0,0.0,0
2012-08-16,2012-09-27,OPTSTK,ESCORTS,115.0,PE,0.0,0.0,0.0,45.95,51.4,0,0.0,0
2012-08-16,2012-08-30,OPTSTK,ESSAROIL,25.0,CE,0.0,0.0,0.0,25.85,28.45,0,0.0,0
2012-08-16,2012-08-30,OPTSTK,ESSAROIL,30.0,CE,0.0,0.0,0.0,21.0,23.45,0,0.0,0
2012-08-16,2012-08-30,OPTSTK,ESSAROIL,35.0,CE,0.0,0.0,0.0,16.2,18.5,0,0.0,0
2012-08-16,2012-08-30,OPTSTK,ESSAROIL,37.5,CE,0.0,0.0,0.0,13.05,16.0,0,0.0,0
2012-08-16,2012-08-30,OPTSTK,ESSAROIL,40.0,CE,0.0,0.0,0.0,11.6,13.5,0,0.0,0
2012-08-16,2012-08-30,OPTSTK,ESSAROIL,42.5,CE,0.0,0.0,0.0,8.8,11.05,0,0.0,0
2012-08-16,2012-08-30,OPTSTK,ESSAROIL,45.0,CE,0.0,0.0,0.0,7.65,8.6,0,0.0,0
2012-08-16,2012-08-30,OPTSTK,ESSAROIL,47.5,CE,0.0,0.0,0.0,5.35,6.3,0,0.0,0
2012-08-16,2012-08-30,OPTSTK,ESSAROIL,50.0,CE,0.0,0.0,0.0,4.4,4.3,0,0.0,20000
2012-08-16,2012-08-30,OPTSTK,ESSAROIL,52.5,CE,0.0,0.0,0.0,1.9,2.65,0,0.0,92000
2012-08-16,2012-08-30,OPTSTK,ESSAROIL,55.0,CE,1.55,1.55,0.6,0.7,0.7,46,103.07,1000000
2012-08-16,2012-08-30,OPTSTK,ESSAROIL,57.5,CE,0.45,0.45,0.45,0.45,0.45,1,2.31,84000
2012-08-16,2012-08-30,OPTSTK,ESSAROIL,60.0,CE,0.3,0.3,0.15,0.2,0.2,5,12.04,436000
2012-08-16,2012-08-30,OPTSTK,ESSAROIL,62.5,CE,0.1,0.1,0.1,0.1,0.1,1,2.5,12000
2012-08-16,2012-08-30,OPTSTK,ESSAROIL,65.0,CE,0.0,0.0,0.0,0.4,0.05,0,0.0,0
2012-08-16,2012-08-30,OPTSTK,ESSAROIL,70.0,CE,0.0,0.0,0.0,0.3,0.05,0,0.0,0
2012-08-16,2012-08-30,OPTSTK,ESSAROIL,75.0,CE,0.0,0.0,0.0,0.15,0.0,0,0.0,0
2012-08-16,2012-08-30,OPTSTK,ESSAROIL,80.0,CE,0.0,0.0,0.0,0.05,0.0,0,0.0,0
2012-08-16,2012-08-30,OPTSTK,ESSAROIL,85.0,CE,0.0,0.0,0.0,0.05,0.0,0,0.0,0
2012-08-16,2012-08-30,OPTSTK,ESSAROIL,25.0,PE,0.0,0.0,0.0,0.05,0.0,0,0.0,0
2012-08-16,2012-08-30,OPTSTK,ESSAROIL,30.0,PE,0.0,0.0,0.0,0.05,0.0,0,0.0,0
2012-08-16,2012-08-30,OPTSTK,ESSAROIL,35.0,PE,0.0,0.0,0.0,0.1,0.0,0,0.0,0
2012-08-16,2012-08-30,OPTSTK,ESSAROIL,37.5,PE,0.0,0.0,0.0,0.2,0.0,0,0.0,0
2012-08-16,2012-08-30,OPTSTK,ESSAROIL,40.0,PE,0.0,0.0,0.0,0.4,0.0,0,0.0,0
2012-08-16,2012-08-30,OPTSTK,ESSAROIL,42.5,PE,0.0,0.0,0.0,0.8,0.05,0,0.0,0
2012-08-16,2012-08-30,OPTSTK,ESSAROIL,45.0,PE,0.15,0.15,0.15,0.15,0.15,1,1.8,12000
2012-08-16,2012-08-30,OPTSTK,ESSAROIL,47.5,PE,0.0,0.0,0.0,0.3,0.3,0,0.0,20000
2012-08-16,2012-08-30,OPTSTK,ESSAROIL,50.0,PE,0.75,0.75,0.4,0.65,0.65,8,16.17,108000
2012-08-16,2012-08-30,OPTSTK,ESSAROIL,52.5,PE,1.35,1.35,1.25,1.25,1.25,2,4.3,32000
2012-08-16,2012-08-30,OPTSTK,ESSAROIL,55.0,PE,2.35,2.35,2.2,2.2,2.2,5,11.46,112000
2012-08-16,2012-08-30,OPTSTK,ESSAROIL,57.5,PE,0.0,0.0,0.0,8.15,4.75,0,0.0,0
2012-08-16,2012-08-30,OPTSTK,ESSAROIL,60.0,PE,0.0,0.0,0.0,9.6,6.8,0,0.0,0
2012-08-16,2012-08-30,OPTSTK,ESSAROIL,62.5,PE,0.0,0.0,0.0,8.9,9.1,0,0.0,4000
2012-08-16,2012-08-30,OPTSTK,ESSAROIL,65.0,PE,0.0,0.0,0.0,13.8,11.5,0,0.0,0
2012-08-16,2012-08-30,OPTSTK,ESSAROIL,70.0,PE,0.0,0.0,0.0,18.35,16.45,0,0.0,0
2012-08-16,2012-08-30,OPTSTK,ESSAROIL,75.0,PE,0.0,0.0,0.0,23.1,21.4,0,0.0,0
2012-08-16,2012-08-30,OPTSTK,ESSAROIL,80.0,PE,0.0,0.0,0.0,27.9,26.4,0,0.0,0
2012-08-16,2012-08-30,OPTSTK,ESSAROIL,85.0,PE,0.0,0.0,0.0,32.75,31.4,0,0.0,0
2012-08-16,2012-09-27,OPTSTK,ESSAROIL,25.0,CE,0.0,0.0,0.0,28.9,28.65,0,0.0,0
2012-08-16,2012-09-27,OPTSTK,ESSAROIL,30.0,CE,0.0,0.0,0.0,24.0,23.7,0,0.0,0
2012-08-16,2012-09-27,OPTSTK,ESSAROIL,35.0,CE,0.0,0.0,0.0,19.2,18.75,0,0.0,0
2012-08-16,2012-09-27,OPTSTK,ESSAROIL,37.5,CE,0.0,0.0,0.0,12.65,16.3,0,0.0,0
2012-08-16,2012-09-27,OPTSTK,ESSAROIL,40.0,CE,0.0,0.0,0.0,14.55,13.9,0,0.0,0
2012-08-16,2012-09-27,OPTSTK,ESSAROIL,42.5,CE,0.0,0.0,0.0,8.5,11.6,0,0.0,0
2012-08-16,2012-09-27,OPTSTK,ESSAROIL,45.0,CE,0.0,0.0,0.0,10.4,9.45,0,0.0,0
2012-08-16,2012-09-27,OPTSTK,ESSAROIL,47.5,CE,0.0,0.0,0.0,5.2,7.5,0,0.0,0
2012-08-16,2012-09-27,OPTSTK,ESSAROIL,50.0,CE,0.0,0.0,0.0,6.95,5.8,0,0.0,0
2012-08-16,2012-09-27,OPTSTK,ESSAROIL,52.5,CE,0.0,0.0,0.0,2.9,4.35,0,0.0,0
2012-08-16,2012-09-27,OPTSTK,ESSAROIL,55.0,CE,0.0,0.0,0.0,4.4,3.2,0,0.0,0
2012-08-16,2012-09-27,OPTSTK,ESSAROIL,57.5,CE,0.0,0.0,0.0,1.5,2.25,0,0.0,0
2012-08-16,2012-09-27,OPTSTK,ESSAROIL,60.0,CE,0.0,0.0,0.0,2.6,1.6,0,0.0,0
2012-08-16,2012-09-27,OPTSTK,ESSAROIL,62.5,CE,0.0,0.0,0.0,0.75,1.1,0,0.0,0
2012-08-16,2012-09-27,OPTSTK,ESSAROIL,65.0,CE,0.0,0.0,0.0,0.85,0.7,0,0.0,0
2012-08-16,2012-09-27,OPTSTK,ESSAROIL,70.0,CE,0.0,0.0,0.0,0.8,0.3,0,0.0,0
2012-08-16,2012-09-27,OPTSTK,ESSAROIL,75.0,CE,0.0,0.0,0.0,0.45,0.15,0,0.0,0
2012-08-16,2012-09-27,OPTSTK,ESSAROIL,80.0,CE,0.0,0.0,0.0,0.2,0.05,0,0.0,0
2012-08-16,2012-09-27,OPTSTK,ESSAROIL,85.0,CE,0.0,0.0,0.0,0.1,0.05,0,0.0,0
2012-08-16,2012-09-27,OPTSTK,ESSAROIL,25.0,PE,0.0,0.0,0.0,0.05,0.0,0,0.0,0
2012-08-16,2012-09-27,OPTSTK,ESSAROIL,30.0,PE,0.0,0.0,0.0,0.05,0.0,0,0.0,0
2012-08-16,2012-09-27,OPTSTK,ESSAROIL,35.0,PE,0.0,0.0,0.0,0.1,0.05,0,0.0,0
2012-08-16,2012-09-27,OPTSTK,ESSAROIL,37.5,PE,0.0,0.0,0.0,0.3,0.05,0,0.0,0
2012-08-16,2012-09-27,OPTSTK,ESSAROIL,40.0,PE,0.0,0.0,0.0,0.35,0.15,0,0.0,0
2012-08-16,2012-09-27,OPTSTK,ESSAROIL,42.5,PE,0.0,0.0,0.0,1.05,0.35,0,0.0,0
2012-08-16,2012-09-27,OPTSTK,ESSAROIL,45.0,PE,0.0,0.0,0.0,1.05,0.65,0,0.0,0
2012-08-16,2012-09-27,OPTSTK,ESSAROIL,47.5,PE,0.0,0.0,0.0,2.7,1.15,0,0.0,0
2012-08-16,2012-09-27,OPTSTK,ESSAROIL,50.0,PE,0.0,0.0,0.0,2.5,1.95,0,0.0,0
2012-08-16,2012-09-27,OPTSTK,ESSAROIL,52.5,PE,0.0,0.0,0.0,5.35,2.95,0,0.0,0
2012-08-16,2012-09-27,OPTSTK,ESSAROIL,55.0,PE,0.0,0.0,0.0,4.8,4.25,0,0.0,0
2012-08-16,2012-09-27,OPTSTK,ESSAROIL,57.5,PE,0.0,0.0,0.0,8.85,5.8,0,0.0,0
2012-08-16,2012-09-27,OPTSTK,ESSAROIL,60.0,PE,0.0,0.0,0.0,7.9,7.6,0,0.0,0
2012-08-16,2012-09-27,OPTSTK,ESSAROIL,62.5,PE,0.0,0.0,0.0,13.0,9.6,0,0.0,0
2012-08-16,2012-09-27,OPTSTK,ESSAROIL,65.0,PE,0.0,0.0,0.0,11.65,11.7,0,0.0,0
2012-08-16,2012-09-27,OPTSTK,ESSAROIL,70.0,PE,0.0,0.0,0.0,15.85,16.25,0,0.0,0
2012-08-16,2012-09-27,OPTSTK,ESSAROIL,75.0,PE,0.0,0.0,0.0,20.4,21.0,0,0.0,0
2012-08-16,2012-09-27,OPTSTK,ESSAROIL,80.0,PE,0.0,0.0,0.0,25.05,25.9,0,0.0,0
2012-08-16,2012-09-27,OPTSTK,ESSAROIL,85.0,PE,0.0,0.0,0.0,29.85,30.8,0,0.0,0
2012-08-16,2012-08-30,OPTSTK,EXIDEIND,50.0,CE,0.0,0.0,0.0,69.5,83.0,0,0.0,0
2012-08-16,2012-08-30,OPTSTK,EXIDEIND,60.0,CE,0.0,0.0,0.0,59.75,73.0,0,0.0,0
2012-08-16,2012-08-30,OPTSTK,EXIDEIND,70.0,CE,0.0,0.0,0.0,50.0,63.05,0,0.0,0
2012-08-16,2012-08-30,OPTSTK,EXIDEIND,80.0,CE,0.0,0.0,0.0,40.35,53.1,0,0.0,0
2012-08-16,2012-08-30,OPTSTK,EXIDEIND,90.0,CE,0.0,0.0,0.0,30.95,43.1,0,0.0,0
2012-08-16,2012-08-30,OPTSTK,EXIDEIND,100.0,CE,0.0,0.0,0.0,22.35,33.15,0,0.0,0
2012-08-16,2012-08-30,OPTSTK,EXIDEIND,110.0,CE,0.0,0.0,0.0,15.05,23.2,0,0.0,0
2012-08-16,2012-08-30,OPTSTK,EXIDEIND,120.0,CE,0.0,0.0,0.0,9.45,13.25,0,0.0,0
2012-08-16,2012-08-30,OPTSTK,EXIDEIND,130.0,CE,0.0,0.0,0.0,4.0,4.2,0,0.0,6000
2012-08-16,2012-08-30,OPTSTK,EXIDEIND,140.0,CE,2.5,2.5,1.5,1.75,1.75,15,42.59,32000
2012-08-16,2012-08-30,OPTSTK,EXIDEIND,150.0,CE,0.0,0.0,0.0,1.6,0.0,0,0.0,0
2012-08-16,2012-08-30,OPTSTK,EXIDEIND,160.0,CE,0.0,0.0,0.0,0.8,0.0,0,0.0,0
2012-08-16,2012-08-30,OPTSTK,EXIDEIND,170.0,CE,0.0,0.0,0.0,0.4,0.0,0,0.0,0
2012-08-16,2012-08-30,OPTSTK,EXIDEIND,180.0,CE,0.0,0.0,0.0,0.2,0.0,0,0.0,0
2012-08-16,2012-08-30,OPTSTK,EXIDEIND,190.0,CE,0.0,0.0,0.0,0.1,0.0,0,0.0,0
2012-08-16,2012-08-30,OPTSTK,EXIDEIND,200.0,CE,0.0,0.0,0.0,0.05,0.0,0,0.0,0
2012-08-16,2012-08-30,OPTSTK,EXIDEIND,210.0,CE,0.0,0.0,0.0,0.05,0.0,0,0.0,0
2012-08-16,2012-08-30,OPTSTK,EXIDEIND,50.0,PE,0.0,0.0,0.0,0.05,0.0,0,0.0,0
2012-08-16,2012-08-30,OPTSTK,EXIDEIND,60.0,PE,0.0,0.0,0.0,0.05,0.0,0,0.0,0
2012-08-16,2012-08-30,OPTSTK,EXIDEIND,70.0,PE,0.0,0.0,0.0,0.05,0.0,0,0.0,0
2012-08-16,2012-08-30,OPTSTK,EXIDEIND,80.0,PE,0.0,0.0,0.0,0.1,0.0,0,0.0,0
2012-08-16,2012-08-30,OPTSTK,EXIDEIND,90.0,PE,0.0,0.0,0.0,0.5,0.0,0,0.0,0
2012-08-16,2012-08-30,OPTSTK,EXIDEIND,100.0,PE,0.0,0.0,0.0,1.6,0.0,0,0.0,0
2012-08-16,2012-08-30,OPTSTK,EXIDEIND,110.0,PE,0.0,0.0,0.0,4.1,0.0,0,0.0,0
2012-08-16,2012-08-30,OPTSTK,EXIDEIND,120.0,PE,0.0,0.0,0.0,8.25,0.05,0,0.0,0
2012-08-16,2012-08-30,OPTSTK,EXIDEIND,130.0,PE,1.7,1.7,1.7,1.7,1.7,1,2.63,4000
2012-08-16,2012-08-30,OPTSTK,EXIDEIND,140.0,PE,0.0,0.0,0.0,21.4,7.05,0,0.0,0
2012-08-16,2012-08-30,OPTSTK,EXIDEIND,150.0,PE,0.0,0.0,0.0,29.7,16.7,0,0.0,0
2012-08-16,2012-08-30,OPTSTK,EXIDEIND,160.0,PE,0.0,0.0,0.0,38.65,26.7,0,0.0,0
2012-08-16,2012-08-30,OPTSTK,EXIDEIND,170.0,PE,0.0,0.0,0.0,48.0,36.65,0,0.0,0
2012-08-16,2012-08-30,OPTSTK,EXIDEIND,180.0,PE,0.0,0.0,0.0,57.55,46.6,0,0.0,0
2012-08-16,2012-08-30,OPTSTK,EXIDEIND,190.0,PE,0.0,0.0,0.0,67.2,56.6,0,0.0,0
2012-08-16,2012-08-30,OPTSTK,EXIDEIND,200.0,PE,0.0,0.0,0.0,76.95,66.55,0,0.0,0
2012-08-16,2012-08-30,OPTSTK,EXIDEIND,210.0,PE,0.0,0.0,0.0,86.7,76.5,0,0.0,0
2012-08-16,2012-09-27,OPTSTK,EXIDEIND,50.0,CE,0.0,0.0,0.0,86.45,83.35,0,0.0,0
2012-08-16,2012-09-27,OPTSTK,EXIDEIND,60.0,CE,0.0,0.0,0.0,76.65,73.45,0,0.0,0
2012-08-16,2012-09-27,OPTSTK,EXIDEIND,70.0,CE,0.0,0.0,0.0,66.9,63.55,0,0.0,0
2012-08-16,2012-09-27,OPTSTK,EXIDEIND,80.0,CE,0.0,0.0,0.0,57.15,53.65,0,0.0,0
2012-08-16,2012-09-27,OPTSTK,EXIDEIND,90.0,CE,0.0,0.0,0.0,47.4,43.75,0,0.0,0
2012-08-16,2012-09-27,OPTSTK,EXIDEIND,100.0,CE,0.0,0.0,0.0,37.75,33.85,0,0.0,0
2012-08-16,2012-09-27,OPTSTK,EXIDEIND,110.0,CE,0.0,0.0,0.0,28.5,23.95,0,0.0,0
2012-08-16,2012-09-27,OPTSTK,EXIDEIND,120.0,CE,0.0,0.0,0.0,20.1,14.3,0,0.0,0
2012-08-16,2012-09-27,OPTSTK,EXIDEIND,130.0,CE,0.0,0.0,0.0,13.15,6.2,0,0.0,0
2012-08-16,2012-09-27,OPTSTK,EXIDEIND,140.0,CE,0.0,0.0,0.0,7.95,1.7,0,0.0,0
2012-08-16,2012-09-27,OPTSTK,EXIDEIND,150.0,CE,0.0,0.0,0.0,4.45,0.3,0,0.0,0
2012-08-16,2012-09-27,OPTSTK,EXIDEIND,160.0,CE,0.0,0.0,0.0,2.35,0.05,0,0.0,0
2012-08-16,2012-09-27,OPTSTK,EXIDEIND,170.0,CE,0.0,0.0,0.0,1.15,0.0,0,0.0,0
2012-08-16,2012-09-27,OPTSTK,EXIDEIND,180.0,CE,0.0,0.0,0.0,0.55,0.0,0,0.0,0
2012-08-16,2012-09-27,OPTSTK,EXIDEIND,190.0,CE,0.0,0.0,0.0,0.25,0.0,0,0.0,0
2012-08-16,2012-09-27,OPTSTK,EXIDEIND,200.0,CE,0.0,0.0,0.0,0.1,0.0,0,0.0,0
2012-08-16,2012-09-27,OPTSTK,EXIDEIND,210.0,CE,0.0,0.0,0.0,0.05,0.0,0,0.0,0
2012-08-16,2012-09-27,OPTSTK,EXIDEIND,50.0,PE,0.0,0.0,0.0,0.05,0.0,0,0.0,0
2012-08-16,2012-09-27,OPTSTK,EXIDEIND,60.0,PE,0.0,0.0,0.0,0.05,0.0,0,0.0,0
2012-08-16,2012-09-27,OPTSTK,EXIDEIND,70.0,PE,0.0,0.0,0.0,0.05,0.0,0,0.0,0
2012-08-16,2012-09-27,OPTSTK,EXIDEIND,80.0,PE,0.0,0.0,0.0,0.05,0.0,0,0.0,0
2012-08-16,2012-09-27,OPTSTK,EXIDEIND,90.0,PE,0.0,0.0,0.0,0.05,0.0,0,0.0,0
2012-08-16,2012-09-27,OPTSTK,EXIDEIND,100.0,PE,0.0,0.0,0.0,0.15,0.0,0,0.0,0
2012-08-16,2012-09-27,OPTSTK,EXIDEIND,110.0,PE,0.0,0.0,0.0,0.65,0.05,0,0.0,0
2012-08-16,2012-09-27,OPTSTK,EXIDEIND,120.0,PE,0.0,0.0,0.0,2.05,0.25,0,0.0,0
2012-08-16,2012-09-27,OPTSTK,EXIDEIND,130.0,PE,0.0,0.0,0.0,4.9,2.05,0,0.0,0
2012-08-16,2012-09-27,OPTSTK,EXIDEIND,140.0,PE,0.0,0.0,0.0,9.45,7.45,0,0.0,0
2012-08-16,2012-09-27,OPTSTK,EXIDEIND,150.0,PE,0.0,0.0,0.0,15.75,15.95,0,0.0,0
2012-08-16,2012-09-27,OPTSTK,EXIDEIND,160.0,PE,0.0,0.0,0.0,23.35,25.6,0,0.0,0
2012-08-16,2012-09-27,OPTSTK,EXIDEIND,170.0,PE,0.0,0.0,0.0,31.95,35.45,0,0.0,0
2012-08-16,2012-09-27,OPTSTK,EXIDEIND,180.0,PE,0.0,0.0,0.0,41.1,45.35,0,0.0,0
2012-08-16,2012-09-27,OPTSTK,EXIDEIND,190.0,PE,0.0,0.0,0.0,50.6,55.25,0,0.0,0
2012-08-16,2012-09-27,OPTSTK,EXIDEIND,200.0,PE,0.0,0.0,0.0,60.2,65.15,0,0.0,0
2012-08-16,2012-09-27,OPTSTK,EXIDEIND,210.0,PE,0.0,0.0,0.0,69.9,75.05,0,0.0,0
2012-08-16,2012-10-25,OPTSTK,EXIDEIND,50.0,CE,0.0,0.0,0.0,79.0,83.7,0,0.0,0
2012-08-16,2012-10-25,OPTSTK,EXIDEIND,60.0,CE,0.0,0.0,0.0,69.25,73.85,0,0.0,0
2012-08-16,2012-10-25,OPTSTK,EXIDEIND,70.0,CE,0.0,0.0,0.0,59.45,64.0,0,0.0,0
2012-08-16,2012-10-25,OPTSTK,EXIDEIND,80.0,CE,0.0,0.0,0.0,49.7,54.2,0,0.0,0
2012-08-16,2012-10-25,OPTSTK,EXIDEIND,90.0,CE,0.0,0.0,0.0,39.95,44.35,0,0.0,0
2012-08-16,2012-10-25,OPTSTK,EXIDEIND,100.0,CE,0.0,0.0,0.0,30.35,34.55,0,0.0,0
2012-08-16,2012-10-25,OPTSTK,EXIDEIND,110.0,CE,0.0,0.0,0.0,21.3,24.75,0,0.0,0
2012-08-16,2012-10-25,OPTSTK,EXIDEIND,120.0,CE,0.0,0.0,0.0,13.55,15.45,0,0.0,0
2012-08-16,2012-10-25,OPTSTK,EXIDEIND,130.0,CE,0.0,0.0,0.0,7.75,7.75,0,0.0,0
2012-08-16,2012-10-25,OPTSTK,EXIDEIND,140.0,CE,0.0,0.0,0.0,3.95,2.95,0,0.0,0
2012-08-16,2012-10-25,OPTSTK,EXIDEIND,150.0,CE,0.0,0.0,0.0,1.8,0.85,0,0.0,0
2012-08-16,2012-10-25,OPTSTK,EXIDEIND,160.0,CE,0.0,0.0,0.0,0.75,0.2,0,0.0,0
2012-08-16,2012-10-25,OPTSTK,EXIDEIND,170.0,CE,0.0,0.0,0.0,0.3,0.05,0,0.0,0
2012-08-16,2012-10-25,OPTSTK,EXIDEIND,180.0,CE,0.0,0.0,0.0,0.1,0.0,0,0.0,0
2012-08-16,2012-10-25,OPTSTK,EXIDEIND,190.0,CE,0.0,0.0,0.0,0.05,0.0,0,0.0,0
2012-08-16,2012-10-25,OPTSTK,EXIDEIND,200.0,CE,0.0,0.0,0.0,0.05,0.0,0,0.0,0
2012-08-16,2012-10-25,OPTSTK,EXIDEIND,210.0,CE,0.0,0.0,0.0,0.05,0.0,0,0.0,0
2012-08-16,2012-10-25,OPTSTK,EXIDEIND,50.0,PE,0.0,0.0,0.0,0.05,0.0,0,0.0,0
2012-08-16,2012-10-25,OPTSTK,EXIDEIND,60.0,PE,0.0,0.0,0.0,0.05,0.0,0,0.0,0
2012-08-16,2012-10-25,OPTSTK,EXIDEIND,70.0,PE,0.0,0.0,0.0,0.05,0.0,0,0.0,0
2012-08-16,2012-10-25,OPTSTK,EXIDEIND,80.0,PE,0.0,0.0,0.0,0.05,0.0,0,0.0,0
2012-08-16,2012-10-25,OPTSTK,EXIDEIND,90.0,PE,0.0,0.0,0.0,0.05,0.0,0,0.0,0
2012-08-16,2012-10-25,OPTSTK,EXIDEIND,100.0,PE,0.0,0.0,0.0,0.2,0.0,0,0.0,0
2012-08-16,2012-10-25,OPTSTK,EXIDEIND,110.0,PE,0.0,0.0,0.0,0.95,0.05,0,0.0,0
2012-08-16,2012-10-25,OPTSTK,EXIDEIND,120.0,PE,0.0,0.0,0.0,3.0,0.55,0,0.0,0
2012-08-16,2012-10-25,OPTSTK,EXIDEIND,130.0,PE,0.0,0.0,0.0,6.9,2.7,0,0.0,0
2012-08-16,2012-10-25,OPTSTK,EXIDEIND,140.0,PE,0.0,0.0,0.0,12.9,7.75,0,0.0,0
2012-08-16,2012-10-25,OPTSTK,EXIDEIND,150.0,PE,0.0,0.0,0.0,20.55,15.5,0,0.0,0
2012-08-16,2012-10-25,OPTSTK,EXIDEIND,160.0,PE,0.0,0.0,0.0,29.3,24.65,0,0.0,0
2012-08-16,2012-10-25,OPTSTK,EXIDEIND,170.0,PE,0.0,0.0,0.0,38.6,34.35,0,0.0,0
2012-08-16,2012-10-25,OPTSTK,EXIDEIND,180.0,PE,0.0,0.0,0.0,48.2,44.15,0,0.0,0
2012-08-16,2012-10-25,OPTSTK,EXIDEIND,190.0,PE,0.0,0.0,0.0,57.9,53.95,0,0.0,0
2012-08-16,2012-10-25,OPTSTK,EXIDEIND,200.0,PE,0.0,0.0,0.0,67.65,63.8,0,0.0,0
2012-08-16,2012-10-25,OPTSTK,EXIDEIND,210.0,PE,0.0,0.0,0.0,77.4,73.6,0,0.0,0
2012-08-16,2012-08-30,OPTSTK,FEDERALBNK,220.0,CE,0.0,0.0,0.0,205.7,217.7,0,0.0,0
2012-08-16,2012-08-30,OPTSTK,FEDERALBNK,240.0,CE,0.0,0.0,0.0,186.2,197.75,0,0.0,0
2012-08-16,2012-08-30,OPTSTK,FEDERALBNK,260.0,CE,0.0,0.0,0.0,166.7,177.85,0,0.0,0
2012-08-16,2012-08-30,OPTSTK,FEDERALBNK,280.0,CE,0.0,0.0,0.0,147.15,157.9,0,0.0,0
2012-08-16,2012-08-30,OPTSTK,FEDERALBNK,300.0,CE,0.0,0.0,0.0,127.7,137.95,0,0.0,0
2012-08-16,2012-08-30,OPTSTK,FEDERALBNK,320.0,CE,0.0,0.0,0.0,108.3,118.05,0,0.0,0
2012-08-16,2012-08-30,OPTSTK,FEDERALBNK,340.0,CE,0.0,0.0,0.0,89.2,98.1,0,0.0,0
2012-08-16,2012-08-30,OPTSTK,FEDERALBNK,360.0,CE,0.0,0.0,0.0,70.9,78.15,0,0.0,0
2012-08-16,2012-08-30,OPTSTK,FEDERALBNK,380.0,CE,0.0,0.0,0.0,54.0,58.25,0,0.0,0
2012-08-16,2012-08-30,OPTSTK,FEDERALBNK,400.0,CE,0.0,0.0,0.0,39.15,38.5,0,0.0,0
2012-08-16,2012-08-30,OPTSTK,FEDERALBNK,420.0,CE,0.0,0.0,0.0,26.9,20.45,0,0.0,0
2012-08-16,2012-08-30,OPTSTK,FEDERALBNK,440.0,CE,0.0,0.0,0.0,17.55,7.6,0,0.0,0
2012-08-16,2012-08-30,OPTSTK,FEDERALBNK,460.0,CE,0.0,0.0,0.0,10.85,1.8,0,0.0,0
2012-08-16,2012-08-30,OPTSTK,FEDERALBNK,480.0,CE,0.0,0.0,0.0,6.35,0.25,0,0.0,0
2012-08-16,2012-08-30,OPTSTK,FEDERALBNK,500.0,CE,0.0,0.0,0.0,3.55,0.05,0,0.0,0
2012-08-16,2012-08-30,OPTSTK,FEDERALBNK,520.0,CE,0.0,0.0,0.0,1.9,0.0,0,0.0,0
2012-08-16,2012-08-30,OPTSTK,FEDERALBNK,540.0,CE,0.0,0.0,0.0,0.95,0.0,0,0.0,0
2012-08-16,2012-08-30,OPTSTK,FEDERALBNK,560.0,CE,0.0,0.0,0.0,0.5,0.0,0,0.0,0
2012-08-16,2012-08-30,OPTSTK,FEDERALBNK,220.0,PE,0.0,0.0,0.0,0.05,0.0,0,0.0,0
2012-08-16,2012-08-30,OPTSTK,FEDERALBNK,240.0,PE,0.0,0.0,0.0,0.05,0.0,0,0.0,0
2012-08-16,2012-08-30,OPTSTK,FEDERALBNK,260.0,PE,0.0,0.0,0.0,0.05,0.0,0,0.0,0
2012-08-16,2012-08-30,OPTSTK,FEDERALBNK,280.0,PE,0.0,0.0,0.0,0.05,0.0,0,0.0,0
2012-08-16,2012-08-30,OPTSTK,FEDERALBNK,300.0,PE,0.0,0.0,0.0,0.05,0.0,0,0.0,0
2012-08-16,2012-08-30,OPTSTK,FEDERALBNK,320.0,PE,0.0,0.0,0.0,0.2,0.0,0,0.0,0
2012-08-16,2012-08-30,OPTSTK,FEDERALBNK,340.0,PE,0.0,0.0,0.0,0.65,0.0,0,0.0,0
2012-08-16,2012-08-30,OPTSTK,FEDERALBNK,360.0,PE,0.0,0.0,0.0,1.85,0.0,0,0.0,0
2012-08-16,2012-08-30,OPTSTK,FEDERALBNK,380.0,PE,0.0,0.0,0.0,4.45,0.05,0,0.0,0
2012-08-16,2012-08-30,OPTSTK,FEDERALBNK,400.0,PE,0.0,0.0,0.0,9.1,0.25,0,0.0,0
2012-08-16,2012-08-30,OPTSTK,FEDERALBNK,420.0,PE,0.0,0.0,0.0,16.4,2.1,0,0.0,0
2012-08-16,2012-08-30,OPTSTK,FEDERALBNK,440.0,PE,0.0,0.0,0.0,26.55,9.2,0,0.0,0
2012-08-16,2012-08-30,OPTSTK,FEDERALBNK,460.0,PE,0.0,0.0,0.0,39.35,23.3,0,0.0,0
2012-08-16,2012-08-30,OPTSTK,FEDERALBNK,480.0,PE,0.0,0.0,0.0,54.4,41.7,0,0.0,0
2012-08-16,2012-08-30,OPTSTK,FEDERALBNK,500.0,PE,0.0,0.0,0.0,71.1,61.4,0,0.0,0
2012-08-16,2012-08-30,OPTSTK,FEDERALBNK,520.0,PE,0.0,0.0,0.0,88.95,81.35,0,0.0,0
2012-08-16,2012-08-30,OPTSTK,FEDERALBNK,540.0,PE,0.0,0.0,0.0,107.55,101.25,0,0.0,0
2012-08-16,2012-08-30,OPTSTK,FEDERALBNK,560.0,PE,0.0,0.0,0.0,126.6,121.2,0,0.0,0
2012-08-16,2012-09-27,OPTSTK,FEDERALBNK,240.0,CE,0.0,0.0,0.0,210.9,199.45,0,0.0,0
2012-08-16,2012-09-27,OPTSTK,FEDERALBNK,260.0,CE,0.0,0.0,0.0,191.35,179.65,0,0.0,0
2012-08-16,2012-09-27,OPTSTK,FEDERALBNK,280.0,CE,0.0,0.0,0.0,171.85,159.85,0,0.0,0
2012-08-16,2012-09-27,OPTSTK,FEDERALBNK,300.0,CE,0.0,0.0,0.0,152.3,140.05,0,0.0,0
2012-08-16,2012-09-27,OPTSTK,FEDERALBNK,320.0,CE,0.0,0.0,0.0,132.75,120.3,0,0.0,0
2012-08-16,2012-09-27,OPTSTK,FEDERALBNK,340.0,CE,0.0,0.0,0.0,113.3,100.5,0,0.0,0
2012-08-16,2012-09-27,OPTSTK,FEDERALBNK,360.0,CE,0.0,0.0,0.0,94.0,80.75,0,0.0,0
2012-08-16,2012-09-27,OPTSTK,FEDERALBNK,380.0,CE,0.0,0.0,0.0,75.2,61.35,0,0.0,0
2012-08-16,2012-09-27,OPTSTK,FEDERALBNK,400.0,CE,0.0,0.0,0.0,57.55,43.1,0,0.0,0
2012-08-16,2012-09-27,OPTSTK,FEDERALBNK,420.0,CE,0.0,0.0,0.0,41.75,27.25,0,0.0,0
2012-08-16,2012-09-27,OPTSTK,FEDERALBNK,440.0,CE,0.0,0.0,0.0,28.5,15.2,0,0.0,0
2012-08-16,2012-09-27,OPTSTK,FEDERALBNK,460.0,CE,0.0,0.0,0.0,18.3,7.4,0,0.0,0
2012-08-16,2012-09-27,OPTSTK,FEDERALBNK,480.0,CE,0.0,0.0,0.0,11.0,3.1,0,0.0,0
2012-08-16,2012-09-27,OPTSTK,FEDERALBNK,500.0,CE,0.0,0.0,0.0,6.2,1.15,0,0.0,0
2012-08-16,2012-09-27,OPTSTK,FEDERALBNK,520.0,CE,0.0,0.0,0.0,3.3,0.4,0,0.0,0
2012-08-16,2012-09-27,OPTSTK,FEDERALBNK,540.0,CE,0.0,0.0,0.0,1.65,0.1,0,0.0,0
2012-08-16,2012-09-27,OPTSTK,FEDERALBNK,560.0,CE,0.0,0.0,0.0,0.8,0.05,0,0.0,0
2012-08-16,2012-09-27,OPTSTK,FEDERALBNK,240.0,PE,0.0,0.0,0.0,0.05,0.0,0,0.0,0
2012-08-16,2012-09-27,OPTSTK,FEDERALBNK,260.0,PE,0.0,0.0,0.0,0.05,0.0,0,0.0,0
2012-08-16,2012-09-27,OPTSTK,FEDERALBNK,280.0,PE,0.0,0.0,0.0,0.05,0.0,0,0.0,0
2012-08-16,2012-09-27,OPTSTK,FEDERALBNK,300.0,PE,0.0,0.0,0.0,0.05,0.0,0,0.0,0
2012-08-16,2012-09-27,OPTSTK,FEDERALBNK,320.0,PE,0.0,0.0,0.0,0.05,0.0,0,0.0,0
2012-08-16,2012-09-27,OPTSTK,FEDERALBNK,340.0,PE,0.0,0.0,0.0,0.1,0.05,0,0.0,0
2012-08-16,2012-09-27,OPTSTK,FEDERALBNK,360.0,PE,0.0,0.0,0.0,0.3,0.1,0,0.0,0
2012-08-16,2012-09-27,OPTSTK,FEDERALBNK,380.0,PE,0.0,0.0,0.0,1.1,0.5,0,0.0,0
2012-08-16,2012-09-27,OPTSTK,FEDERALBNK,400.0,PE,0.0,0.0,0.0,2.95,2.0,0,0.0,0
2012-08-16,2012-09-27,OPTSTK,FEDERALBNK,420.0,PE,0.0,0.0,0.0,6.65,5.95,0,0.0,0
2012-08-16,2012-09-27,OPTSTK,FEDERALBNK,440.0,PE,0.0,0.0,0.0,13.0,13.7,0,0.0,0
2012-08-16,2012-09-27,OPTSTK,FEDERALBNK,460.0,PE,0.0,0.0,0.0,22.3,25.7,0,0.0,0
2012-08-16,2012-09-27,OPTSTK,FEDERALBNK,480.0,PE,0.0,0.0,0.0,34.55,41.2,0,0.0,0
2012-08-16,2012-09-27,OPTSTK,FEDERALBNK,500.0,PE,0.0,0.0,0.0,49.3,59.05,0,0.0,0
2012-08-16,2012-09-27,OPTSTK,FEDERALBNK,520.0,PE,0.0,0.0,0.0,65.9,78.05,0,0.0,0
2012-08-16,2012-09-27,OPTSTK,FEDERALBNK,540.0,PE,0.0,0.0,0.0,83.8,97.6,0,0.0,0
2012-08-16,2012-09-27,OPTSTK,FEDERALBNK,560.0,PE,0.0,0.0,0.0,102.45,117.3,0,0.0,0
2012-08-16,2012-10-25,OPTSTK,FEDERALBNK,240.0,CE,0.0,0.0,0.0,166.35,201.1,0,0.0,0
2012-08-16,2012-10-25,OPTSTK,FEDERALBNK,260.0,CE,0.0,0.0,0.0,146.8,181.45,0,0.0,0
2012-08-16,2012-10-25,OPTSTK,FEDERALBNK,280.0,CE,0.0,0.0,0.0,127.3,161.8,0,0.0,0
2012-08-16,2012-10-25,OPTSTK,FEDERALBNK,300.0,CE,0.0,0.0,0.0,107.75,142.1,0,0.0,0
2012-08-16,2012-10-25,OPTSTK,FEDERALBNK,320.0,CE,0.0,0.0,0.0,88.25,122.5,0,0.0,0
2012-08-16,2012-10-25,OPTSTK,FEDERALBNK,340.0,CE,0.0,0.0,0.0,69.05,102.9,0,0.0,0
2012-08-16,2012-10-25,OPTSTK,FEDERALBNK,360.0,CE,0.0,0.0,0.0,50.7,83.55,0,0.0,0
2012-08-16,2012-10-25,OPTSTK,FEDERALBNK,380.0,CE,0.0,0.0,0.0,34.3,64.85,0,0.0,0
2012-08-16,2012-10-25,OPTSTK,FEDERALBNK,400.0,CE,0.0,0.0,0.0,21.05,47.65,0,0.0,0
2012-08-16,2012-10-25,OPTSTK,FEDERALBNK,420.0,CE,0.0,0.0,0.0,11.6,32.75,0,0.0,0
2012-08-16,2012-10-25,OPTSTK,FEDERALBNK,440.0,CE,0.0,0.0,0.0,5.75,20.9,0,0.0,0
2012-08-16,2012-10-25,OPTSTK,FEDERALBNK,460.0,CE,0.0,0.0,0.0,2.55,12.35,0,0.0,0
2012-08-16,2012-10-25,OPTSTK,FEDERALBNK,480.0,CE,0.0,0.0,0.0,1.05,6.8,0,0.0,0
2012-08-16,2012-10-25,OPTSTK,FEDERALBNK,500.0,CE,0.0,0.0,0.0,0.4,3.45,0,0.0,0
2012-08-16,2012-10-25,OPTSTK,FEDERALBNK,520.0,CE,0.0,0.0,0.0,0.15,1.65,0,0.0,0
2012-08-16,2012-10-25,OPTSTK,FEDERALBNK,540.0,CE,0.0,0.0,0.0,0.05,0.75,0,0.0,0
2012-08-16,2012-10-25,OPTSTK,FEDERALBNK,560.0,CE,0.0,0.0,0.0,0.05,0.3,0,0.0,0
2012-08-16,2012-10-25,OPTSTK,FEDERALBNK,240.0,PE,0.0,0.0,0.0,0.05,0.0,0,0.0,0
2012-08-16,2012-10-25,OPTSTK,FEDERALBNK,260.0,PE,0.0,0.0,0.0,0.05,0.0,0,0.0,0
2012-08-16,2012-10-25,OPTSTK,FEDERALBNK,280.0,PE,0.0,0.0,0.0,0.05,0.0,0,0.0,0
2012-08-16,2012-10-25,OPTSTK,FEDERALBNK,300.0,PE,0.0,0.0,0.0,0.05,0.0,0,0.0,0
2012-08-16,2012-10-25,OPTSTK,FEDERALBNK,320.0,PE,0.0,0.0,0.0,0.1,0.05,0,0.0,0
2012-08-16,2012-10-25,OPTSTK,FEDERALBNK,340.0,PE,0.0,0.0,0.0,0.4,0.1,0,0.0,0
2012-08-16,2012-10-25,OPTSTK,FEDERALBNK,360.0,PE,0.0,0.0,0.0,1.6,0.4,0,0.0,0
2012-08-16,2012-10-25,OPTSTK,FEDERALBNK,380.0,PE,0.0,0.0,0.0,4.8,1.4,0,0.0,0
2012-08-16,2012-10-25,OPTSTK,FEDERALBNK,400.0,PE,0.0,0.0,0.0,11.1,3.8,0,0.0,0
2012-08-16,2012-10-25,OPTSTK,FEDERALBNK,420.0,PE,0.0,0.0,0.0,21.2,8.55,0,0.0,0
2012-08-16,2012-10-25,OPTSTK,FEDERALBNK,440.0,PE,0.0,0.0,0.0,34.9,16.4,0,0.0,0
2012-08-16,2012-10-25,OPTSTK,FEDERALBNK,460.0,PE,0.0,0.0,0.0,51.2,27.5,0,0.0,0
2012-08-16,2012-10-25,OPTSTK,FEDERALBNK,480.0,PE,0.0,0.0,0.0,69.25,41.6,0,0.0,0
2012-08-16,2012-10-25,OPTSTK,FEDERALBNK,500.0,PE,0.0,0.0,0.0,88.15,57.9,0,0.0,0
2012-08-16,2012-10-25,OPTSTK,FEDERALBNK,520.0,PE,0.0,0.0,0.0,107.45,75.75,0,0.0,0
2012-08-16,2012-10-25,OPTSTK,FEDERALBNK,540.0,PE,0.0,0.0,0.0,126.9,94.5,0,0.0,0
2012-08-16,2012-10-25,OPTSTK,FEDERALBNK,560.0,PE,0.0,0.0,0.0,146.4,113.75,0,0.0,0
2012-08-16,2012-08-30,OPTSTK,FINANTECH,360.0,CE,0.0,0.0,0.0,248.05,488.4,0,0.0,0
2012-08-16,2012-08-30,OPTSTK,FINANTECH,380.0,CE,0.0,0.0,0.0,228.95,468.5,0,0.0,0
2012-08-16,2012-08-30,OPTSTK,FINANTECH,400.0,CE,0.0,0.0,0.0,210.15,448.55,0,0.0,0
2012-08-16,2012-08-30,OPTSTK,FINANTECH,420.0,CE,0.0,0.0,0.0,191.7,428.6,0,0.0,0
2012-08-16,2012-08-30,OPTSTK,FINANTECH,440.0,CE,0.0,0.0,0.0,173.8,408.7,0,0.0,0
2012-08-16,2012-08-30,OPTSTK,FINANTECH,460.0,CE,0.0,0.0,0.0,156.55,388.75,0,0.0,0
2012-08-16,2012-08-30,OPTSTK,FINANTECH,480.0,CE,0.0,0.0,0.0,140.1,368.8,0,0.0,0
2012-08-16,2012-08-30,OPTSTK,FINANTECH,500.0,CE,0.0,0.0,0.0,200.0,348.9,0,0.0,500
2012-08-16,2012-08-30,OPTSTK,FINANTECH,520.0,CE,0.0,0.0,0.0,109.95,328.95,0,0.0,0
2012-08-16,2012-08-30,OPTSTK,FINANTECH,540.0,CE,0.0,0.0,0.0,96.35,309.05,0,0.0,0
2012-08-16,2012-08-30,OPTSTK,FINANTECH,560.0,CE,0.0,0.0,0.0,83.95,289.1,0,0.0,0
2012-08-16,2012-08-30,OPTSTK,FINANTECH,580.0,CE,0.0,0.0,0.0,72.7,269.15,0,0.0,0
2012-08-16,2012-08-30,OPTSTK,FINANTECH,600.0,CE,0.0,0.0,0.0,62.55,249.25,0,0.0,0
2012-08-16,2012-08-30,OPTSTK,FINANTECH,620.0,CE,0.0,0.0,0.0,53.5,229.3,0,0.0,0
2012-08-16,2012-08-30,OPTSTK,FINANTECH,640.0,CE,0.0,0.0,0.0,45.5,209.35,0,0.0,0
2012-08-16,2012-08-30,OPTSTK,FINANTECH,660.0,CE,0.0,0.0,0.0,117.3,189.45,0,0.0,0
2012-08-16,2012-08-30,OPTSTK,FINANTECH,680.0,CE,0.0,0.0,0.0,32.4,169.55,0,0.0,0
2012-08-16,2012-08-30,OPTSTK,FINANTECH,700.0,CE,0.0,0.0,0.0,126.0,149.7,0,0.0,2500
2012-08-16,2012-08-30,OPTSTK,FINANTECH,720.0,CE,0.0,0.0,0.0,127.6,130.1,0,0.0,10000
2012-08-16,2012-08-30,OPTSTK,FINANTECH,740.0,CE,0.0,0.0,0.0,101.15,110.8,0,0.0,12500
2012-08-16,2012-08-30,OPTSTK,FINANTECH,760.0,CE,0.0,0.0,0.0,80.0,92.2,0,0.0,8000
2012-08-16,2012-08-30,OPTSTK,FINANTECH,780.0,CE,0.0,0.0,0.0,63.0,74.6,0,0.0,7500
2012-08-16,2012-08-30,OPTSTK,FINANTECH,800.0,CE,55.7,57.0,52.15,52.15,52.15,13,55.61,20500
2012-08-16,2012-08-30,OPTSTK,FINANTECH,820.0,CE,31.0,35.0,31.0,34.0,34.0,6,25.59,9500
2012-08-16,2012-08-30,OPTSTK,FINANTECH,840.0,CE,21.0,27.0,21.0,23.05,23.05,16,69.12,12000
2012-08-16,2012-08-30,OPTSTK,FINANTECH,860.0,CE,14.0,18.0,13.0,13.9,13.9,23,100.52,13000
2012-08-16,2012-08-30,OPTSTK,FINANTECH,880.0,CE,8.0,10.0,8.0,9.0,9.0,7,31.12,3500
2012-08-16,2012-08-30,OPTSTK,FINANTECH,900.0,CE,5.0,5.0,5.0,5.0,5.0,2,9.05,3500
2012-08-16,2012-08-30,OPTSTK,FINANTECH,920.0,CE,0.0,0.0,0.0,3.05,6.15,0,0.0,0
2012-08-16,2012-08-30,OPTSTK,FINANTECH,940.0,CE,0.0,0.0,0.0,2.45,3.65,0,0.0,0
2012-08-16,2012-08-30,OPTSTK,FINANTECH,960.0,CE,0.0,0.0,0.0,2.0,2.1,0,0.0,0
2012-08-16,2012-08-30,OPTSTK,FINANTECH,980.0,CE,0.0,0.0,0.0,1.6,1.15,0,0.0,0
2012-08-16,2012-08-30,OPTSTK,FINANTECH,1000.0,CE,0.0,0.0,0.0,1.3,0.6,0,0.0,0
2012-08-16,2012-08-30,OPTSTK,FINANTECH,1020.0,CE,0.0,0.0,0.0,0.9,0.3,0,0.0,0
2012-08-16,2012-08-30,OPTSTK,FINANTECH,1040.0,CE,0.0,0.0,0.0,0.6,0.15,0,0.0,0
2012-08-16,2012-08-30,OPTSTK,FINANTECH,360.0,PE,0.0,0.0,0.0,0.45,0.0,0,0.0,0
2012-08-16,2012-08-30,OPTSTK,FINANTECH,380.0,PE,0.0,0.0,0.0,0.9,0.0,0,0.0,0
2012-08-16,2012-08-30,OPTSTK,FINANTECH,400.0,PE,0.0,0.0,0.0,1.6,0.0,0,0.0,0
2012-08-16,2012-08-30,OPTSTK,FINANTECH,420.0,PE,0.0,0.0,0.0,2.7,0.0,0,0.0,0
2012-08-16,2012-08-30,OPTSTK,FINANTECH,440.0,PE,0.0,0.0,0.0,4.3,0.0,0,0.0,0
2012-08-16,2012-08-30,OPTSTK,FINANTECH,460.0,PE,0.0,0.0,0.0,6.55,0.0,0,0.0,0
2012-08-16,2012-08-30,OPTSTK,FINANTECH,480.0,PE,0.0,0.0,0.0,9.6,0.0,0,0.0,0
2012-08-16,2012-08-30,OPTSTK,FINANTECH,500.0,PE,0.0,0.0,0.0,13.55,0.0,0,0.0,0
2012-08-16,2012-08-30,OPTSTK,FINANTECH,520.0,PE,0.0,0.0,0.0,18.5,0.0,0,0.0,0
2012-08-16,2012-08-30,OPTSTK,FINANTECH,540.0,PE,0.0,0.0,0.0,24.45,0.0,0,0.0,0
2012-08-16,2012-08-30,OPTSTK,FINANTECH,560.0,PE,0.0,0.0,0.0,31.6,0.0,0,0.0,0
2012-08-16,2012-08-30,OPTSTK,FINANTECH,580.0,PE,0.0,0.0,0.0,39.85,0.0,0,0.0,0
2012-08-16,2012-08-30,OPTSTK,FINANTECH,600.0,PE,0.0,0.0,0.0,49.2,0.0,0,0.0,0
2012-08-16,2012-08-30,OPTSTK,FINANTECH,620.0,PE,0.0,0.0,0.0,59.7,0.0,0,0.0,0
2012-08-16,2012-08-30,OPTSTK,FINANTECH,640.0,PE,0.0,0.0,0.0,71.2,0.0,0,0.0,0
2012-08-16,2012-08-30,OPTSTK,FINANTECH,660.0,PE,0.0,0.0,0.0,7.55,0.05,0,0.0,500
2012-08-16,2012-08-30,OPTSTK,FINANTECH,680.0,PE,0.0,0.0,0.0,3.5,0.05,0,0.0,1500
2012-08-16,2012-08-30,OPTSTK,FINANTECH,700.0,PE,0.0,0.0,0.0,1.9,0.2,0,0.0,8500
2012-08-16,2012-08-30,OPTSTK,FINANTECH,720.0,PE,0.0,0.0,0.0,2.25,0.45,0,0.0,6500
2012-08-16,2012-08-30,OPTSTK,FINANTECH,740.0,PE,0.0,0.0,0.0,2.0,1.15,0,0.0,7000
2012-08-16,2012-08-30,OPTSTK,FINANTECH,760.0,PE,0.0,0.0,0.0,2.95,2.45,0,0.0,4000
2012-08-16,2012-08-30,OPTSTK,FINANTECH,780.0,PE,0.0,0.0,0.0,5.45,4.8,0,0.0,5500
2012-08-16,2012-08-30,OPTSTK,FINANTECH,800.0,PE,7.35,7.35,5.55,5.85,5.85,4,16.13,12500
2012-08-16,2012-08-30,OPTSTK,FINANTECH,820.0,PE,0.0,0.0,0.0,12.35,14.4,0,0.0,1000
2012-08-16,2012-08-30,OPTSTK,FINANTECH,840.0,PE,20.0,20.0,20.0,20.0,20.0,1,4.3,500
2012-08-16,2012-08-30,OPTSTK,FINANTECH,860.0,PE,0.0,0.0,0.0,25.0,32.6,0,0.0,1000
2012-08-16,2012-08-30,OPTSTK,FINANTECH,880.0,PE,0.0,0.0,0.0,264.55,45.15,0,0.0,0
2012-08-16,2012-08-30,OPTSTK,FINANTECH,900.0,PE,0.0,0.0,0.0,185.0,59.7,0,0.0,500
2012-08-16,2012-08-30,OPTSTK,FINANTECH,920.0,PE,0.0,0.0,0.0,302.0,75.85,0,0.0,0
2012-08-16,2012-08-30,OPTSTK,FINANTECH,940.0,PE,0.0,0.0,0.0,320.95,93.3,0,0.0,0
2012-08-16,2012-08-30,OPTSTK,FINANTECH,960.0,PE,0.0,0.0,0.0,339.95,111.7,0,0.0,0
2012-08-16,2012-08-30,OPTSTK,FINANTECH,980.0,PE,0.0,0.0,0.0,359.1,130.7,0,0.0,0
2012-08-16,2012-08-30,OPTSTK,FINANTECH,1000.0,PE,0.0,0.0,0.0,378.3,150.1,0,0.0,0
2012-08-16,2012-08-30,OPTSTK,FINANTECH,1020.0,PE,0.0,0.0,0.0,374.95,169.7,0,0.0,0
2012-08-16,2012-08-30,OPTSTK,FINANTECH,1040.0,PE,0.0,0.0,0.0,380.25,189.5,0,0.0,0
2012-08-16,2012-09-27,OPTSTK,FINANTECH,360.0,CE,0.0,0.0,0.0,372.75,490.95,0,0.0,0
2012-08-16,2012-09-27,OPTSTK,FINANTECH,380.0,CE,0.0,0.0,0.0,353.25,471.15,0,0.0,0
2012-08-16,2012-09-27,OPTSTK,FINANTECH,400.0,CE,0.0,0.0,0.0,333.8,451.35,0,0.0,0
2012-08-16,2012-09-27,OPTSTK,FINANTECH,420.0,CE,0.0,0.0,0.0,314.35,431.55,0,0.0,0
2012-08-16,2012-09-27,OPTSTK,FINANTECH,440.0,CE,0.0,0.0,0.0,295.0,411.75,0,0.0,0
2012-08-16,2012-09-27,OPTSTK,FINANTECH,460.0,CE,0.0,0.0,0.0,275.85,392.0,0,0.0,0
2012-08-16,2012-09-27,OPTSTK,FINANTECH,480.0,CE,0.0,0.0,0.0,256.85,372.2,0,0.0,0
2012-08-16,2012-09-27,OPTSTK,FINANTECH,500.0,CE,0.0,0.0,0.0,238.1,352.4,0,0.0,0
2012-08-16,2012-09-27,OPTSTK,FINANTECH,520.0,CE,0.0,0.0,0.0,219.75,332.6,0,0.0,0
2012-08-16,2012-09-27,OPTSTK,FINANTECH,540.0,CE,0.0,0.0,0.0,201.85,312.8,0,0.0,0
2012-08-16,2012-09-27,OPTSTK,FINANTECH,560.0,CE,0.0,0.0,0.0,184.45,293.05,0,0.0,0
2012-08-16,2012-09-27,OPTSTK,FINANTECH,580.0,CE,0.0,0.0,0.0,167.75,273.3,0,0.0,0
2012-08-16,2012-09-27,OPTSTK,FINANTECH,600.0,CE,0.0,0.0,0.0,151.75,253.6,0,0.0,0
2012-08-16,2012-09-27,OPTSTK,FINANTECH,620.0,CE,0.0,0.0,0.0,136.6,234.0,0,0.0,0
2012-08-16,2012-09-27,OPTSTK,FINANTECH,640.0,CE,0.0,0.0,0.0,122.35,214.5,0,0.0,0
2012-08-16,2012-09-27,OPTSTK,FINANTECH,660.0,CE,0.0,0.0,0.0,108.95,195.3,0,0.0,0
2012-08-16,2012-09-27,OPTSTK,FINANTECH,680.0,CE,0.0,0.0,0.0,96.6,176.4,0,0.0,0
2012-08-16,2012-09-27,OPTSTK,FINANTECH,700.0,CE,0.0,0.0,0.0,85.2,158.0,0,0.0,0
2012-08-16,2012-09-27,OPTSTK,FINANTECH,720.0,CE,0.0,0.0,0.0,74.75,140.25,0,0.0,0
2012-08-16,2012-09-27,OPTSTK,FINANTECH,740.0,CE,0.0,0.0,0.0,65.35,123.25,0,0.0,0
2012-08-16,2012-09-27,OPTSTK,FINANTECH,760.0,CE,0.0,0.0,0.0,56.8,107.25,0,0.0,0
2012-08-16,2012-09-27,OPTSTK,FINANTECH,780.0,CE,0.0,0.0,0.0,75.0,92.3,0,0.0,1000
2012-08-16,2012-09-27,OPTSTK,FINANTECH,800.0,CE,0.0,0.0,0.0,42.4,78.55,0,0.0,0
2012-08-16,2012-09-27,OPTSTK,FINANTECH,820.0,CE,0.0,0.0,0.0,36.45,66.1,0,0.0,0
2012-08-16,2012-09-27,OPTSTK,FINANTECH,840.0,CE,0.0,0.0,0.0,31.2,55.05,0,0.0,0
2012-08-16,2012-09-27,OPTSTK,FINANTECH,860.0,CE,0.0,0.0,0.0,26.6,45.3,0,0.0,0
2012-08-16,2012-09-27,OPTSTK,FINANTECH,880.0,CE,0.0,0.0,0.0,22.65,36.85,0,0.0,0
2012-08-16,2012-09-27,OPTSTK,FINANTECH,900.0,CE,0.0,0.0,0.0,19.15,29.65,0,0.0,0
2012-08-16,2012-09-27,OPTSTK,FINANTECH,920.0,CE,0.0,0.0,0.0,16.15,23.6,0,0.0,0
2012-08-16,2012-09-27,OPTSTK,FINANTECH,940.0,CE,0.0,0.0,0.0,13.6,18.6,0,0.0,0
2012-08-16,2012-09-27,OPTSTK,FINANTECH,960.0,CE,0.0,0.0,0.0,11.4,14.5,0,0.0,0
2012-08-16,2012-09-27,OPTSTK,FINANTECH,980.0,CE,0.0,0.0,0.0,9.55,11.15,0,0.0,0
2012-08-16,2012-09-27,OPTSTK,FINANTECH,1000.0,CE,0.0,0.0,0.0,8.0,8.55,0,0.0,0
2012-08-16,2012-09-27,OPTSTK,FINANTECH,1020.0,CE,0.0,0.0,0.0,6.65,6.45,0,0.0,0
2012-08-16,2012-09-27,OPTSTK,FINANTECH,1040.0,CE,0.0,0.0,0.0,5.55,4.85,0,0.0,0
2012-08-16,2012-09-27,OPTSTK,FINANTECH,360.0,PE,0.0,0.0,0.0,0.05,0.0,0,0.0,0
2012-08-16,2012-09-27,OPTSTK,FINANTECH,380.0,PE,0.0,0.0,0.0,0.05,0.0,0,0.0,0
2012-08-16,2012-09-27,OPTSTK,FINANTECH,400.0,PE,0.0,0.0,0.0,0.1,0.0,0,0.0,0
2012-08-16,2012-09-27,OPTSTK,FINANTECH,420.0,PE,0.0,0.0,0.0,0.25,0.0,0,0.0,0
2012-08-16,2012-09-27,OPTSTK,FINANTECH,440.0,PE,0.0,0.0,0.0,0.45,0.0,0,0.0,0
2012-08-16,2012-09-27,OPTSTK,FINANTECH,460.0,PE,0.0,0.0,0.0,0.8,0.0,0,0.0,0
2012-08-16,2012-09-27,OPTSTK,FINANTECH,480.0,PE,0.0,0.0,0.0,1.3,0.0,0,0.0,0
2012-08-16,2012-09-27,OPTSTK,FINANTECH,500.0,PE,0.0,0.0,0.0,2.1,0.0,0,0.0,0
2012-08-16,2012-09-27,OPTSTK,FINANTECH,520.0,PE,0.0,0.0,0.0,3.3,0.0,0,0.0,0
2012-08-16,2012-09-27,OPTSTK,FINANTECH,540.0,PE,0.0,0.0,0.0,4.9,0.05,0,0.0,0
2012-08-16,2012-09-27,OPTSTK,FINANTECH,560.0,PE,0.0,0.0,0.0,7.1,0.05,0,0.0,0
2012-08-16,2012-09-27,OPTSTK,FINANTECH,580.0,PE,0.0,0.0,0.0,9.9,0.1,0,0.0,0
2012-08-16,2012-09-27,OPTSTK,FINANTECH,600.0,PE,0.0,0.0,0.0,13.45,0.2,0,0.0,0
2012-08-16,2012-09-27,OPTSTK,FINANTECH,620.0,PE,0.0,0.0,0.0,17.85,0.35,0,0.0,0
2012-08-16,2012-09-27,OPTSTK,FINANTECH,640.0,PE,0.0,0.0,0.0,23.1,0.7,0,0.0,0
2012-08-16,2012-09-27,OPTSTK,FINANTECH,660.0,PE,0.0,0.0,0.0,29.25,1.3,0,0.0,0
2012-08-16,2012-09-27,OPTSTK,FINANTECH,680.0,PE,0.0,0.0,0.0,36.4,2.2,0,0.0,0
2012-08-16,2012-09-27,OPTSTK,FINANTECH,700.0,PE,0.0,0.0,0.0,44.55,3.6,0,0.0,0
2012-08-16,2012-09-27,OPTSTK,FINANTECH,720.0,PE,0.0,0.0,0.0,53.7,5.6,0,0.0,0
2012-08-16,2012-09-27,OPTSTK,FINANTECH,740.0,PE,0.0,0.0,0.0,63.75,8.4,0,0.0,0
2012-08-16,2012-09-27,OPTSTK,FINANTECH,760.0,PE,0.0,0.0,0.0,74.8,12.2,0,0.0,0
2012-08-16,2012-09-27,OPTSTK,FINANTECH,780.0,PE,0.0,0.0,0.0,86.7,17.05,0,0.0,0
2012-08-16,2012-09-27,OPTSTK,FINANTECH,800.0,PE,0.0,0.0,0.0,99.45,23.1,0,0.0,0
2012-08-16,2012-09-27,OPTSTK,FINANTECH,820.0,PE,0.0,0.0,0.0,113.0,30.45,0,0.0,0
2012-08-16,2012-09-27,OPTSTK,FINANTECH,840.0,PE,0.0,0.0,0.0,127.3,39.15,0,0.0,0
2012-08-16,2012-09-27,OPTSTK,FINANTECH,860.0,PE,0.0,0.0,0.0,142.25,49.2,0,0.0,0
2012-08-16,2012-09-27,OPTSTK,FINANTECH,880.0,PE,0.0,0.0,0.0,157.8,60.55,0,0.0,0
2012-08-16,2012-09-27,OPTSTK,FINANTECH,900.0,PE,0.0,0.0,0.0,173.85,73.15,0,0.0,0
2012-08-16,2012-09-27,OPTSTK,FINANTECH,920.0,PE,0.0,0.0,0.0,190.4,86.85,0,0.0,0
2012-08-16,2012-09-27,OPTSTK,FINANTECH,940.0,PE,0.0,0.0,0.0,207.4,101.7,0,0.0,0
2012-08-16,2012-09-27,OPTSTK,FINANTECH,960.0,PE,0.0,0.0,0.0,224.75,117.35,0,0.0,0
2012-08-16,2012-09-27,OPTSTK,FINANTECH,980.0,PE,0.0,0.0,0.0,242.4,133.85,0,0.0,0
2012-08-16,2012-09-27,OPTSTK,FINANTECH,1000.0,PE,0.0,0.0,0.0,260.35,151.0,0,0.0,0
2012-08-16,2012-09-27,OPTSTK,FINANTECH,1020.0,PE,0.0,0.0,0.0,278.55,168.7,0,0.0,0
2012-08-16,2012-09-27,OPTSTK,FINANTECH,1040.0,PE,0.0,0.0,0.0,297.0,186.9,0,0.0,0
2012-08-16,2012-10-25,OPTSTK,FINANTECH,360.0,CE,0.0,0.0,0.0,348.6,493.4,0,0.0,0
2012-08-16,2012-10-25,OPTSTK,FINANTECH,380.0,CE,0.0,0.0,0.0,329.1,473.75,0,0.0,0
2012-08-16,2012-10-25,OPTSTK,FINANTECH,400.0,CE,0.0,0.0,0.0,309.65,454.1,0,0.0,0
2012-08-16,2012-10-25,OPTSTK,FINANTECH,420.0,CE,0.0,0.0,0.0,290.3,434.45,0,0.0,0
2012-08-16,2012-10-25,OPTSTK,FINANTECH,440.0,CE,0.0,0.0,0.0,271.05,414.8,0,0.0,0
2012-08-16,2012-10-25,OPTSTK,FINANTECH,460.0,CE,0.0,0.0,0.0,252.05,395.1,0,0.0,0
2012-08-16,2012-10-25,OPTSTK,FINANTECH,480.0,CE,0.0,0.0,0.0,233.3,375.5,0,0.0,0
2012-08-16,2012-10-25,OPTSTK,FINANTECH,500.0,CE,0.0,0.0,0.0,214.95,355.85,0,0.0,0
2012-08-16,2012-10-25,OPTSTK,FINANTECH,520.0,CE,0.0,0.0,0.0,197.0,336.25,0,0.0,0
2012-08-16,2012-10-25,OPTSTK,FINANTECH,540.0,CE,0.0,0.0,0.0,179.7,316.65,0,0.0,0
2012-08-16,2012-10-25,OPTSTK,FINANTECH,560.0,CE,0.0,0.0,0.0,163.0,297.15,0,0.0,0
2012-08-16,2012-10-25,OPTSTK,FINANTECH,580.0,CE,0.0,0.0,0.0,147.1,277.8,0,0.0,0
2012-08-16,2012-10-25,OPTSTK,FINANTECH,600.0,CE,0.0,0.0,0.0,132.05,258.55,0,0.0,0
2012-08-16,2012-10-25,OPTSTK,FINANTECH,620.0,CE,0.0,0.0,0.0,117.9,239.6,0,0.0,0
2012-08-16,2012-10-25,OPTSTK,FINANTECH,640.0,CE,0.0,0.0,0.0,104.65,220.9,0,0.0,0
2012-08-16,2012-10-25,OPTSTK,FINANTECH,660.0,CE,0.0,0.0,0.0,92.45,202.6,0,0.0,0
2012-08-16,2012-10-25,OPTSTK,FINANTECH,680.0,CE,0.0,0.0,0.0,81.3,184.85,0,0.0,0
2012-08-16,2012-10-25,OPTSTK,FINANTECH,700.0,CE,0.0,0.0,0.0,71.1,167.65,0,0.0,0
2012-08-16,2012-10-25,OPTSTK,FINANTECH,720.0,CE,0.0,0.0,0.0,61.9,151.2,0,0.0,0
2012-08-16,2012-10-25,OPTSTK,FINANTECH,740.0,CE,0.0,0.0,0.0,53.6,135.5,0,0.0,0
2012-08-16,2012-10-25,OPTSTK,FINANTECH,760.0,CE,0.0,0.0,0.0,46.25,120.75,0,0.0,0
2012-08-16,2012-10-25,OPTSTK,FINANTECH,780.0,CE,0.0,0.0,0.0,39.75,106.85,0,0.0,0
2012-08-16,2012-10-25,OPTSTK,FINANTECH,800.0,CE,0.0,0.0,0.0,34.0,94.0,0,0.0,0
2012-08-16,2012-10-25,OPTSTK,FINANTECH,820.0,CE,0.0,0.0,0.0,29.0,82.2,0,0.0,0
2012-08-16,2012-10-25,OPTSTK,FINANTECH,840.0,CE,0.0,0.0,0.0,24.65,71.4,0,0.0,0
2012-08-16,2012-10-25,OPTSTK,FINANTECH,860.0,CE,0.0,0.0,0.0,20.85,61.7,0,0.0,0
2012-08-16,2012-10-25,OPTSTK,FINANTECH,880.0,CE,0.0,0.0,0.0,17.55,52.95,0,0.0,0
2012-08-16,2012-10-25,OPTSTK,FINANTECH,900.0,CE,0.0,0.0,0.0,14.8,45.2,0,0.0,0
2012-08-16,2012-10-25,OPTSTK,FINANTECH,920.0,CE,0.0,0.0,0.0,12.4,38.35,0,0.0,0
2012-08-16,2012-10-25,OPTSTK,FINANTECH,940.0,CE,0.0,0.0,0.0,10.35,32.4,0,0.0,0
2012-08-16,2012-10-25,OPTSTK,FINANTECH,960.0,CE,0.0,0.0,0.0,8.65,27.2,0,0.0,0
2012-08-16,2012-10-25,OPTSTK,FINANTECH,980.0,CE,0.0,0.0,0.0,7.2,22.75,0,0.0,0
2012-08-16,2012-10-25,OPTSTK,FINANTECH,1000.0,CE,0.0,0.0,0.0,5.95,18.9,0,0.0,0
2012-08-16,2012-10-25,OPTSTK,FINANTECH,1020.0,CE,0.0,0.0,0.0,4.95,15.65,0,0.0,0
2012-08-16,2012-10-25,OPTSTK,FINANTECH,1040.0,CE,0.0,0.0,0.0,4.1,12.85,0,0.0,0
2012-08-16,2012-10-25,OPTSTK,FINANTECH,360.0,PE,0.0,0.0,0.0,0.05,0.0,0,0.0,0
2012-08-16,2012-10-25,OPTSTK,FINANTECH,380.0,PE,0.0,0.0,0.0,0.1,0.0,0,0.0,0
2012-08-16,2012-10-25,OPTSTK,FINANTECH,400.0,PE,0.0,0.0,0.0,0.2,0.0,0,0.0,0
2012-08-16,2012-10-25,OPTSTK,FINANTECH,420.0,PE,0.0,0.0,0.0,0.4,0.0,0,0.0,0
2012-08-16,2012-10-25,OPTSTK,FINANTECH,440.0,PE,0.0,0.0,0.0,0.75,0.0,0,0.0,0
2012-08-16,2012-10-25,OPTSTK,FINANTECH,460.0,PE,0.0,0.0,0.0,1.25,0.05,0,0.0,0
2012-08-16,2012-10-25,OPTSTK,FINANTECH,480.0,PE,0.0,0.0,0.0,2.05,0.05,0,0.0,0
2012-08-16,2012-10-25,OPTSTK,FINANTECH,500.0,PE,0.0,0.0,0.0,3.25,0.05,0,0.0,0
2012-08-16,2012-10-25,OPTSTK,FINANTECH,520.0,PE,0.0,0.0,0.0,4.85,0.1,0,0.0,0
2012-08-16,2012-10-25,OPTSTK,FINANTECH,540.0,PE,0.0,0.0,0.0,7.05,0.2,0,0.0,0
2012-08-16,2012-10-25,OPTSTK,FINANTECH,560.0,PE,0.0,0.0,0.0,9.95,0.35,0,0.0,0
2012-08-16,2012-10-25,OPTSTK,FINANTECH,580.0,PE,0.0,0.0,0.0,13.6,0.65,0,0.0,0
2012-08-16,2012-10-25,OPTSTK,FINANTECH,600.0,PE,0.0,0.0,0.0,18.05,1.05,0,0.0,0
2012-08-16,2012-10-25,OPTSTK,FINANTECH,620.0,PE,0.0,0.0,0.0,23.45,1.75,0,0.0,0
2012-08-16,2012-10-25,OPTSTK,FINANTECH,640.0,PE,0.0,0.0,0.0,29.8,2.7,0,0.0,0
2012-08-16,2012-10-25,OPTSTK,FINANTECH,660.0,PE,0.0,0.0,0.0,37.15,4.1,0,0.0,0
2012-08-16,2012-10-25,OPTSTK,FINANTECH,680.0,PE,0.0,0.0,0.0,45.5,5.95,0,0.0,0
2012-08-16,2012-10-25,OPTSTK,FINANTECH,700.0,PE,0.0,0.0,0.0,54.85,8.45,0,0.0,0
2012-08-16,2012-10-25,OPTSTK,FINANTECH,720.0,PE,0.0,0.0,0.0,65.2,11.65,0,0.0,0
2012-08-16,2012-10-25,OPTSTK,FINANTECH,740.0,PE,0.0,0.0,0.0,76.45,15.6,0,0.0,0
2012-08-16,2012-10-25,OPTSTK,FINANTECH,760.0,PE,0.0,0.0,0.0,88.65,20.5,0,0.0,0
2012-08-16,2012-10-25,OPTSTK,FINANTECH,780.0,PE,0.0,0.0,0.0,101.65,26.25,0,0.0,0
2012-08-16,2012-10-25,OPTSTK,FINANTECH,800.0,PE,0.0,0.0,0.0,115.45,33.05,0,0.0,0
2012-08-16,2012-10-25,OPTSTK,FINANTECH,820.0,PE,0.0,0.0,0.0,130.05,40.9,0,0.0,0
2012-08-16,2012-10-25,OPTSTK,FINANTECH,840.0,PE,0.0,0.0,0.0,145.2,49.8,0,0.0,0
2012-08-16,2012-10-25,OPTSTK,FINANTECH,860.0,PE,0.0,0.0,0.0,160.95,59.7,0,0.0,0
2012-08-16,2012-10-25,OPTSTK,FINANTECH,880.0,PE,0.0,0.0,0.0,177.25,70.65,0,0.0,0
2012-08-16,2012-10-25,OPTSTK,FINANTECH,900.0,PE,0.0,0.0,0.0,194.0,82.55,0,0.0,0
2012-08-16,2012-10-25,OPTSTK,FINANTECH,920.0,PE,0.0,0.0,0.0,211.15,95.35,0,0.0,0
2012-08-16,2012-10-25,OPTSTK,FINANTECH,940.0,PE,0.0,0.0,0.0,228.65,109.05,0,0.0,0
2012-08-16,2012-10-25,OPTSTK,FINANTECH,960.0,PE,0.0,0.0,0.0,246.5,123.55,0,0.0,0
2012-08-16,2012-10-25,OPTSTK,FINANTECH,980.0,PE,0.0,0.0,0.0,264.6,138.75,0,0.0,0
2012-08-16,2012-10-25,OPTSTK,FINANTECH,1000.0,PE,0.0,0.0,0.0,282.9,154.5,0,0.0,0
2012-08-16,2012-10-25,OPTSTK,FINANTECH,1020.0,PE,0.0,0.0,0.0,301.45,170.9,0,0.0,0
2012-08-16,2012-10-25,OPTSTK,FINANTECH,1040.0,PE,0.0,0.0,0.0,320.1,187.8,0,0.0,0
2012-08-16,2012-08-30,OPTSTK,FORTIS,50.0,CE,0.0,0.0,0.0,49.55,49.55,0,0.0,0
2012-08-16,2012-08-30,OPTSTK,FORTIS,55.0,CE,0.0,0.0,0.0,44.65,44.55,0,0.0,0
2012-08-16,2012-08-30,OPTSTK,FORTIS,60.0,CE,0.0,0.0,0.0,39.8,39.55,0,0.0,0
2012-08-16,2012-08-30,OPTSTK,FORTIS,65.0,CE,0.0,0.0,0.0,34.95,34.6,0,0.0,0
2012-08-16,2012-08-30,OPTSTK,FORTIS,70.0,CE,0.0,0.0,0.0,30.25,29.6,0,0.0,0
2012-08-16,2012-08-30,OPTSTK,FORTIS,75.0,CE,0.0,0.0,0.0,25.65,24.6,0,0.0,0
2012-08-16,2012-08-30,OPTSTK,FORTIS,80.0,CE,0.0,0.0,0.0,21.35,19.65,0,0.0,0
2012-08-16,2012-08-30,OPTSTK,FORTIS,85.0,CE,0.0,0.0,0.0,17.4,14.65,0,0.0,0
2012-08-16,2012-08-30,OPTSTK,FORTIS,90.0,CE,0.0,0.0,0.0,13.85,9.7,0,0.0,0
2012-08-16,2012-08-30,OPTSTK,FORTIS,95.0,CE,5.0,5.0,5.0,5.0,5.0,1,2.0,2000
2012-08-16,2012-08-30,OPTSTK,FORTIS,100.0,CE,0.0,0.0,0.0,2.5,1.75,0,0.0,12000
2012-08-16,2012-08-30,OPTSTK,FORTIS,105.0,CE,1.0,1.0,1.0,1.0,1.0,1,2.12,26000
2012-08-16,2012-08-30,OPTSTK,FORTIS,110.0,CE,0.0,0.0,0.0,4.55,0.05,0,0.0,0
2012-08-16,2012-08-30,OPTSTK,FORTIS,115.0,CE,0.0,0.0,0.0,3.25,0.0,0,0.0,0
2012-08-16,2012-08-30,OPTSTK,FORTIS,120.0,CE,0.0,0.0,0.0,2.3,0.0,0,0.0,0
2012-08-16,2012-08-30,OPTSTK,FORTIS,125.0,CE,0.0,0.0,0.0,1.6,0.0,0,0.0,0
2012-08-16,2012-08-30,OPTSTK,FORTIS,130.0,CE,0.0,0.0,0.0,1.1,0.0,0,0.0,0
2012-08-16,2012-08-30,OPTSTK,FORTIS,135.0,CE,0.0,0.0,0.0,0.75,0.0,0,0.0,0
2012-08-16,2012-08-30,OPTSTK,FORTIS,140.0,CE,0.0,0.0,0.0,0.5,0.0,0,0.0,0
2012-08-16,2012-08-30,OPTSTK,FORTIS,145.0,CE,0.0,0.0,0.0,0.35,0.0,0,0.0,0
2012-08-16,2012-08-30,OPTSTK,FORTIS,150.0,CE,0.0,0.0,0.0,0.25,0.0,0,0.0,0
2012-08-16,2012-08-30,OPTSTK,FORTIS,160.0,CE,0.0,0.0,0.0,0.1,0.0,0,0.0,0
2012-08-16,2012-08-30,OPTSTK,FORTIS,50.0,PE,0.0,0.0,0.0,0.05,0.0,0,0.0,0
2012-08-16,2012-08-30,OPTSTK,FORTIS,55.0,PE,0.0,0.0,0.0,0.05,0.0,0,0.0,0
2012-08-16,2012-08-30,OPTSTK,FORTIS,60.0,PE,0.0,0.0,0.0,0.05,0.0,0,0.0,0
2012-08-16,2012-08-30,OPTSTK,FORTIS,65.0,PE,0.0,0.0,0.0,0.1,0.0,0,0.0,0
2012-08-16,2012-08-30,OPTSTK,FORTIS,70.0,PE,0.0,0.0,0.0,0.25,0.0,0,0.0,0
2012-08-16,2012-08-30,OPTSTK,FORTIS,75.0,PE,0.0,0.0,0.0,0.55,0.0,0,0.0,0
2012-08-16,2012-08-30,OPTSTK,FORTIS,80.0,PE,0.0,0.0,0.0,1.15,0.0,0,0.0,0
2012-08-16,2012-08-30,OPTSTK,FORTIS,85.0,PE,0.0,0.0,0.0,2.05,0.0,0,0.0,0
2012-08-16,2012-08-30,OPTSTK,FORTIS,90.0,PE,0.0,0.0,0.0,3.4,0.05,0,0.0,0
2012-08-16,2012-08-30,OPTSTK,FORTIS,95.0,PE,0.0,0.0,0.0,1.0,0.4,0,0.0,2000
2012-08-16,2012-08-30,OPTSTK,FORTIS,100.0,PE,0.0,0.0,0.0,1.75,2.1,0,0.0,4000
2012-08-16,2012-08-30,OPTSTK,FORTIS,105.0,PE,6.0,6.0,6.0,6.0,6.0,1,2.22,0
2012-08-16,2012-08-30,OPTSTK,FORTIS,110.0,PE,0.0,0.0,0.0,13.6,10.35,0,0.0,0
2012-08-16,2012-08-30,OPTSTK,FORTIS,115.0,PE,0.0,0.0,0.0,17.2,15.3,0,0.0,0
2012-08-16,2012-08-30,OPTSTK,FORTIS,120.0,PE,0.0,0.0,0.0,21.15,20.25,0,0.0,0
2012-08-16,2012-08-30,OPTSTK,FORTIS,125.0,PE,0.0,0.0,0.0,25.3,25.25,0,0.0,0
2012-08-16,2012-08-30,OPTSTK,FORTIS,130.0,PE,0.0,0.0,0.0,29.7,30.25,0,0.0,0
2012-08-16,2012-08-30,OPTSTK,FORTIS,135.0,PE,0.0,0.0,0.0,34.2,35.2,0,0.0,0
2012-08-16,2012-08-30,OPTSTK,FORTIS,140.0,PE,0.0,0.0,0.0,38.85,40.2,0,0.0,0
2012-08-16,2012-08-30,OPTSTK,FORTIS,145.0,PE,0.0,0.0,0.0,43.55,45.2,0,0.0,0
2012-08-16,2012-08-30,OPTSTK,FORTIS,150.0,PE,0.0,0.0,0.0,48.35,50.15,0,0.0,0
2012-08-16,2012-08-30,OPTSTK,FORTIS,160.0,PE,0.0,0.0,0.0,56.45,60.15,0,0.0,0
2012-08-16,2012-09-27,OPTSTK,FORTIS,50.0,CE,0.0,0.0,0.0,50.2,49.9,0,0.0,0
2012-08-16,2012-09-27,OPTSTK,FORTIS,55.0,CE,0.0,0.0,0.0,45.3,44.95,0,0.0,0
2012-08-16,2012-09-27,OPTSTK,FORTIS,60.0,CE,0.0,0.0,0.0,40.4,40.0,0,0.0,0
2012-08-16,2012-09-27,OPTSTK,FORTIS,65.0,CE,0.0,0.0,0.0,35.55,35.05,0,0.0,0
2012-08-16,2012-09-27,OPTSTK,FORTIS,70.0,CE,0.0,0.0,0.0,30.65,30.1,0,0.0,0
2012-08-16,2012-09-27,OPTSTK,FORTIS,75.0,CE,0.0,0.0,0.0,25.85,25.15,0,0.0,0
2012-08-16,2012-09-27,OPTSTK,FORTIS,80.0,CE,0.0,0.0,0.0,21.1,20.2,0,0.0,0
2012-08-16,2012-09-27,OPTSTK,FORTIS,85.0,CE,0.0,0.0,0.0,16.65,15.3,0,0.0,0
2012-08-16,2012-09-27,OPTSTK,FORTIS,90.0,CE,0.0,0.0,0.0,12.55,10.65,0,0.0,0
2012-08-16,2012-09-27,OPTSTK,FORTIS,95.0,CE,0.0,0.0,0.0,9.05,6.6,0,0.0,0
2012-08-16,2012-09-27,OPTSTK,FORTIS,100.0,CE,0.0,0.0,0.0,6.25,3.5,0,0.0,0
2012-08-16,2012-09-27,OPTSTK,FORTIS,105.0,CE,0.0,0.0,0.0,4.05,1.6,0,0.0,0
2012-08-16,2012-09-27,OPTSTK,FORTIS,110.0,CE,0.0,0.0,0.0,2.55,0.6,0,0.0,0
2012-08-16,2012-09-27,OPTSTK,FORTIS,115.0,CE,0.0,0.0,0.0,1.5,0.2,0,0.0,0
2012-08-16,2012-09-27,OPTSTK,FORTIS,120.0,CE,0.0,0.0,0.0,0.85,0.05,0,0.0,0
2012-08-16,2012-09-27,OPTSTK,FORTIS,125.0,CE,0.0,0.0,0.0,0.5,0.05,0,0.0,0
2012-08-16,2012-09-27,OPTSTK,FORTIS,130.0,CE,0.0,0.0,0.0,0.25,0.0,0,0.0,0
2012-08-16,2012-09-27,OPTSTK,FORTIS,135.0,CE,0.0,0.0,0.0,0.15,0.0,0,0.0,0
2012-08-16,2012-09-27,OPTSTK,FORTIS,140.0,CE,0.0,0.0,0.0,0.1,0.0,0,0.0,0
2012-08-16,2012-09-27,OPTSTK,FORTIS,145.0,CE,0.0,0.0,0.0,0.05,0.0,0,0.0,0
2012-08-16,2012-09-27,OPTSTK,FORTIS,150.0,CE,0.0,0.0,0.0,0.05,0.0,0,0.0,0
2012-08-16,2012-09-27,OPTSTK,FORTIS,160.0,CE,0.0,0.0,0.0,0.05,0.0,0,0.0,0
2012-08-16,2012-09-27,OPTSTK,FORTIS,50.0,PE,0.0,0.0,0.0,0.05,0.0,0,0.0,0
2012-08-16,2012-09-27,OPTSTK,FORTIS,55.0,PE,0.0,0.0,0.0,0.05,0.0,0,0.0,0
2012-08-16,2012-09-27,OPTSTK,FORTIS,60.0,PE,0.0,0.0,0.0,0.05,0.0,0,0.0,0
2012-08-16,2012-09-27,OPTSTK,FORTIS,65.0,PE,0.0,0.0,0.0,0.05,0.0,0,0.0,0
2012-08-16,2012-09-27,OPTSTK,FORTIS,70.0,PE,0.0,0.0,0.0,0.05,0.0,0,0.0,0
2012-08-16,2012-09-27,OPTSTK,FORTIS,75.0,PE,0.0,0.0,0.0,0.1,0.0,0,0.0,0
2012-08-16,2012-09-27,OPTSTK,FORTIS,80.0,PE,0.0,0.0,0.0,0.25,0.05,0,0.0,0
2012-08-16,2012-09-27,OPTSTK,FORTIS,85.0,PE,0.0,0.0,0.0,0.65,0.1,0,0.0,0
2012-08-16,2012-09-27,OPTSTK,FORTIS,90.0,PE,0.0,0.0,0.0,1.5,0.35,0,0.0,0
2012-08-16,2012-09-27,OPTSTK,FORTIS,95.0,PE,0.0,0.0,0.0,2.85,1.25,0,0.0,0
2012-08-16,2012-09-27,OPTSTK,FORTIS,100.0,PE,0.0,0.0,0.0,4.9,3.1,0,0.0,0
2012-08-16,2012-09-27,OPTSTK,FORTIS,105.0,PE,0.0,0.0,0.0,7.65,6.15,0,0.0,0
2012-08-16,2012-09-27,OPTSTK,FORTIS,110.0,PE,0.0,0.0,0.0,11.0,10.15,0,0.0,0
2012-08-16,2012-09-27,OPTSTK,FORTIS,115.0,PE,0.0,0.0,0.0,14.85,14.65,0,0.0,0
2012-08-16,2012-09-27,OPTSTK,FORTIS,120.0,PE,0.0,0.0,0.0,19.1,19.5,0,0.0,0
2012-08-16,2012-09-27,OPTSTK,FORTIS,125.0,PE,0.0,0.0,0.0,23.6,24.4,0,0.0,0
2012-08-16,2012-09-27,OPTSTK,FORTIS,130.0,PE,0.0,0.0,0.0,28.25,29.35,0,0.0,0
2012-08-16,2012-09-27,OPTSTK,FORTIS,135.0,PE,0.0,0.0,0.0,33.0,34.25,0,0.0,0
2012-08-16,2012-09-27,OPTSTK,FORTIS,140.0,PE,0.0,0.0,0.0,37.8,39.2,0,0.0,0
2012-08-16,2012-09-27,OPTSTK,FORTIS,145.0,PE,0.0,0.0,0.0,42.7,44.15,0,0.0,0
2012-08-16,2012-09-27,OPTSTK,FORTIS,150.0,PE,0.0,0.0,0.0,47.55,49.1,0,0.0,0
2012-08-16,2012-09-27,OPTSTK,FORTIS,160.0,PE,0.0,0.0,0.0,55.05,59.0,0,0.0,0
2012-08-16,2012-08-30,OPTSTK,GAIL,220.0,CE,0.0,0.0,0.0,106.65,148.1,0,0.0,0
2012-08-16,2012-08-30,OPTSTK,GAIL,240.0,CE,0.0,0.0,0.0,87.65,128.15,0,0.0,0
2012-08-16,2012-08-30,OPTSTK,GAIL,260.0,CE,0.0,0.0,0.0,69.45,108.25,0,0.0,0
2012-08-16,2012-08-30,OPTSTK,GAIL,280.0,CE,0.0,0.0,0.0,52.8,88.3,0,0.0,0
2012-08-16,2012-08-30,OPTSTK,GAIL,300.0,CE,0.0,0.0,0.0,38.35,68.4,0,0.0,0
2012-08-16,2012-08-30,OPTSTK,GAIL,320.0,CE,0.0,0.0,0.0,31.3,48.55,0,0.0,2000
2012-08-16,2012-08-30,OPTSTK,GAIL,340.0,CE,0.0,0.0,0.0,28.5,29.6,0,0.0,27000
2012-08-16,2012-08-30,OPTSTK,GAIL,360.0,CE,15.0,15.1,11.4,11.5,11.5,7,26.15,28000
2012-08-16,2012-08-30,OPTSTK,GAIL,380.0,CE,5.0,5.0,3.0,3.35,3.35,35,134.34,141000
2012-08-16,2012-08-30,OPTSTK,GAIL,400.0,CE,0.55,0.55,0.55,0.55,0.55,1,4.0,14000
2012-08-16,2012-08-30,OPTSTK,GAIL,420.0,CE,0.0,0.0,0.0,1.05,0.2,0,0.0,1000
2012-08-16,2012-08-30,OPTSTK,GAIL,440.0,CE,0.0,0.0,0.0,1.25,0.05,0,0.0,0
2012-08-16,2012-08-30,OPTSTK,GAIL,460.0,CE,0.0,0.0,0.0,0.7,0.0,0,0.0,0
2012-08-16,2012-08-30,OPTSTK,GAIL,480.0,CE,0.0,0.0,0.0,0.35,0.0,0,0.0,0
2012-08-16,2012-08-30,OPTSTK,GAIL,500.0,CE,0.0,0.0,0.0,0.2,0.0,0,0.0,0
2012-08-16,2012-08-30,OPTSTK,GAIL,520.0,CE,0.0,0.0,0.0,0.1,0.0,0,0.0,0
2012-08-16,2012-08-30,OPTSTK,GAIL,220.0,PE,0.0,0.0,0.0,0.15,0.0,0,0.0,0
2012-08-16,2012-08-30,OPTSTK,GAIL,240.0,PE,0.0,0.0,0.0,0.65,0.0,0,0.0,0
2012-08-16,2012-08-30,OPTSTK,GAIL,260.0,PE,0.0,0.0,0.0,2.0,0.0,0,0.0,0
2012-08-16,2012-08-30,OPTSTK,GAIL,280.0,PE,0.0,0.0,0.0,4.85,0.0,0,0.0,0
2012-08-16,2012-08-30,OPTSTK,GAIL,300.0,PE,0.0,0.0,0.0,9.95,0.0,0,0.0,0
2012-08-16,2012-08-30,OPTSTK,GAIL,320.0,PE,0.0,0.0,0.0,0.45,0.1,0,0.0,7000
2012-08-16,2012-08-30,OPTSTK,GAIL,340.0,PE,0.0,0.0,0.0,1.3,1.1,0,0.0,15000
2012-08-16,2012-08-30,OPTSTK,GAIL,360.0,PE,2.3,3.4,2.25,3.4,3.4,9,32.63,69000
2012-08-16,2012-08-30,OPTSTK,GAIL,380.0,PE,12.2,14.85,11.7,14.35,14.35,8,31.47,12000
2012-08-16,2012-08-30,OPTSTK,GAIL,400.0,PE,0.0,0.0,0.0,73.15,32.45,0,0.0,0
2012-08-16,2012-08-30,OPTSTK,GAIL,420.0,PE,0.0,0.0,0.0,90.95,51.45,0,0.0,0
2012-08-16,2012-08-30,OPTSTK,GAIL,440.0,PE,0.0,0.0,0.0,109.45,71.2,0,0.0,0
2012-08-16,2012-08-30,OPTSTK,GAIL,460.0,PE,0.0,0.0,0.0,128.4,91.15,0,0.0,0
2012-08-16,2012-08-30,OPTSTK,GAIL,480.0,PE,0.0,0.0,0.0,147.6,111.05,0,0.0,0
2012-08-16,2012-08-30,OPTSTK,GAIL,500.0,PE,0.0,0.0,0.0,166.95,131.0,0,0.0,0
2012-08-16,2012-08-30,OPTSTK,GAIL,520.0,PE,0.0,0.0,0.0,186.4,150.95,0,0.0,0
2012-08-16,2012-09-27,OPTSTK,GAIL,220.0,CE,0.0,0.0,0.0,131.05,149.65,0,0.0,0
2012-08-16,2012-09-27,OPTSTK,GAIL,240.0,CE,0.0,0.0,0.0,111.65,129.85,0,0.0,0
2012-08-16,2012-09-27,OPTSTK,GAIL,260.0,CE,0.0,0.0,0.0,92.6,110.05,0,0.0,0
2012-08-16,2012-09-27,OPTSTK,GAIL,280.0,CE,0.0,0.0,0.0,74.3,90.3,0,0.0,0
2012-08-16,2012-09-27,OPTSTK,GAIL,300.0,CE,0.0,0.0,0.0,57.35,70.85,0,0.0,0
2012-08-16,2012-09-27,OPTSTK,GAIL,320.0,CE,0.0,0.0,0.0,42.5,52.2,0,0.0,0
2012-08-16,2012-09-27,OPTSTK,GAIL,340.0,CE,0.0,0.0,0.0,30.1,35.5,0,0.0,0
2012-08-16,2012-09-27,OPTSTK,GAIL,360.0,CE,0.0,0.0,0.0,20.0,22.0,0,0.0,2000
2012-08-16,2012-09-27,OPTSTK,GAIL,380.0,CE,10.8,10.8,10.8,10.8,10.8,2,7.81,1000
2012-08-16,2012-09-27,OPTSTK,GAIL,400.0,CE,0.0,0.0,0.0,8.35,6.2,0,0.0,0
2012-08-16,2012-09-27,OPTSTK,GAIL,420.0,CE,0.0,0.0,0.0,5.05,2.8,0,0.0,0
2012-08-16,2012-09-27,OPTSTK,GAIL,440.0,CE,0.0,0.0,0.0,2.95,1.15,0,0.0,0
2012-08-16,2012-09-27,OPTSTK,GAIL,460.0,CE,0.0,0.0,0.0,1.65,0.45,0,0.0,0
2012-08-16,2012-09-27,OPTSTK,GAIL,480.0,CE,0.0,0.0,0.0,0.9,0.15,0,0.0,0
2012-08-16,2012-09-27,OPTSTK,GAIL,500.0,CE,0.0,0.0,0.0,0.5,0.05,0,0.0,0
2012-08-16,2012-09-27,OPTSTK,GAIL,520.0,CE,0.0,0.0,0.0,0.25,0.05,0,0.0,0
2012-08-16,2012-09-27,OPTSTK,GAIL,220.0,PE,0.0,0.0,0.0,0.05,0.0,0,0.0,0
2012-08-16,2012-09-27,OPTSTK,GAIL,240.0,PE,0.0,0.0,0.0,0.2,0.0,0,0.0,0
2012-08-16,2012-09-27,OPTSTK,GAIL,260.0,PE,0.0,0.0,0.0,0.65,0.05,0,0.0,0
2012-08-16,2012-09-27,OPTSTK,GAIL,280.0,PE,0.0,0.0,0.0,1.85,0.1,0,0.0,0
2012-08-16,2012-09-27,OPTSTK,GAIL,300.0,PE,0.0,0.0,0.0,4.5,0.4,0,0.0,0
2012-08-16,2012-09-27,OPTSTK,GAIL,320.0,PE,0.0,0.0,0.0,9.15,1.55,0,0.0,0
2012-08-16,2012-09-27,OPTSTK,GAIL,340.0,PE,0.0,0.0,0.0,4.3,4.65,0,0.0,2000
2012-08-16,2012-09-27,OPTSTK,GAIL,360.0,PE,6.45,8.0,6.45,8.0,8.0,5,18.33,2000
2012-08-16,2012-09-27,OPTSTK,GAIL,380.0,PE,15.5,15.5,15.5,15.5,15.5,2,7.91,1000
2012-08-16,2012-09-27,OPTSTK,GAIL,400.0,PE,0.0,0.0,0.0,53.15,34.7,0,0.0,0
2012-08-16,2012-09-27,OPTSTK,GAIL,420.0,PE,0.0,0.0,0.0,69.35,51.1,0,0.0,0
2012-08-16,2012-09-27,OPTSTK,GAIL,440.0,PE,0.0,0.0,0.0,86.8,69.25,0,0.0,0
2012-08-16,2012-09-27,OPTSTK,GAIL,460.0,PE,0.0,0.0,0.0,105.05,88.35,0,0.0,0
2012-08-16,2012-09-27,OPTSTK,GAIL,480.0,PE,0.0,0.0,0.0,123.85,107.85,0,0.0,0
2012-08-16,2012-09-27,OPTSTK,GAIL,500.0,PE,0.0,0.0,0.0,142.95,127.55,0,0.0,0
2012-08-16,2012-09-27,OPTSTK,GAIL,520.0,PE,0.0,0.0,0.0,162.3,147.3,0,0.0,0
2012-08-16,2012-10-25,OPTSTK,GAIL,220.0,CE,0.0,0.0,0.0,129.25,151.15,0,0.0,0
2012-08-16,2012-10-25,OPTSTK,GAIL,240.0,CE,0.0,0.0,0.0,109.75,131.5,0,0.0,0
2012-08-16,2012-10-25,OPTSTK,GAIL,260.0,CE,0.0,0.0,0.0,90.55,111.9,0,0.0,0
2012-08-16,2012-10-25,OPTSTK,GAIL,280.0,CE,0.0,0.0,0.0,72.0,92.5,0,0.0,0
2012-08-16,2012-10-25,OPTSTK,GAIL,300.0,CE,0.0,0.0,0.0,54.8,73.75,0,0.0,0
2012-08-16,2012-10-25,OPTSTK,GAIL,320.0,CE,0.0,0.0,0.0,39.7,56.2,0,0.0,0
2012-08-16,2012-10-25,OPTSTK,GAIL,340.0,CE,0.0,0.0,0.0,27.25,40.7,0,0.0,0
2012-08-16,2012-10-25,OPTSTK,GAIL,360.0,CE,0.0,0.0,0.0,17.75,27.85,0,0.0,0
2012-08-16,2012-10-25,OPTSTK,GAIL,380.0,CE,0.0,0.0,0.0,11.0,18.0,0,0.0,0
2012-08-16,2012-10-25,OPTSTK,GAIL,400.0,CE,0.0,0.0,0.0,6.5,11.0,0,0.0,0
2012-08-16,2012-10-25,OPTSTK,GAIL,420.0,CE,0.0,0.0,0.0,3.65,6.35,0,0.0,0
2012-08-16,2012-10-25,OPTSTK,GAIL,440.0,CE,0.0,0.0,0.0,2.0,3.5,0,0.0,0
2012-08-16,2012-10-25,OPTSTK,GAIL,460.0,CE,0.0,0.0,0.0,1.05,1.85,0,0.0,0
2012-08-16,2012-10-25,OPTSTK,GAIL,480.0,CE,0.0,0.0,0.0,0.55,0.95,0,0.0,0
2012-08-16,2012-10-25,OPTSTK,GAIL,500.0,CE,0.0,0.0,0.0,0.25,0.45,0,0.0,0
2012-08-16,2012-10-25,OPTSTK,GAIL,520.0,CE,0.0,0.0,0.0,0.15,0.2,0,0.0,0
2012-08-16,2012-10-25,OPTSTK,GAIL,220.0,PE,0.0,0.0,0.0,0.05,0.0,0,0.0,0
2012-08-16,2012-10-25,OPTSTK,GAIL,240.0,PE,0.0,0.0,0.0,0.1,0.05,0,0.0,0
2012-08-16,2012-10-25,OPTSTK,GAIL,260.0,PE,0.0,0.0,0.0,0.45,0.1,0,0.0,0
2012-08-16,2012-10-25,OPTSTK,GAIL,280.0,PE,0.0,0.0,0.0,1.45,0.35,0,0.0,0
2012-08-16,2012-10-25,OPTSTK,GAIL,300.0,PE,0.0,0.0,0.0,3.8,1.25,0,0.0,0
2012-08-16,2012-10-25,OPTSTK,GAIL,320.0,PE,0.0,0.0,0.0,8.25,3.35,0,0.0,0
2012-08-16,2012-10-25,OPTSTK,GAIL,340.0,PE,0.0,0.0,0.0,15.35,7.5,0,0.0,0
2012-08-16,2012-10-25,OPTSTK,GAIL,360.0,PE,0.0,0.0,0.0,25.4,14.3,0,0.0,0
2012-08-16,2012-10-25,OPTSTK,GAIL,380.0,PE,0.0,0.0,0.0,38.15,24.1,0,0.0,0
2012-08-16,2012-10-25,OPTSTK,GAIL,400.0,PE,0.0,0.0,0.0,53.2,36.8,0,0.0,0
2012-08-16,2012-10-25,OPTSTK,GAIL,420.0,PE,0.0,0.0,0.0,69.95,51.8,0,0.0,0
2012-08-16,2012-10-25,OPTSTK,GAIL,440.0,PE,0.0,0.0,0.0,87.8,68.6,0,0.0,0
2012-08-16,2012-10-25,OPTSTK,GAIL,460.0,PE,0.0,0.0,0.0,106.4,86.6,0,0.0,0
2012-08-16,2012-10-25,OPTSTK,GAIL,480.0,PE,0.0,0.0,0.0,125.45,105.35,0,0.0,0
2012-08-16,2012-10-25,OPTSTK,GAIL,500.0,PE,0.0,0.0,0.0,144.7,124.55,0,0.0,0
2012-08-16,2012-10-25,OPTSTK,GAIL,520.0,PE,0.0,0.0,0.0,164.15,143.95,0,0.0,0
2012-08-16,2012-08-30,OPTSTK,GESHIP,160.0,CE,0.0,0.0,0.0,90.4,99.95,0,0.0,0
2012-08-16,2012-08-30,OPTSTK,GESHIP,170.0,CE,0.0,0.0,0.0,80.7,90.0,0,0.0,0
2012-08-16,2012-08-30,OPTSTK,GESHIP,180.0,CE,0.0,0.0,0.0,71.1,80.0,0,0.0,0
2012-08-16,2012-08-30,OPTSTK,GESHIP,190.0,CE,0.0,0.0,0.0,61.7,70.05,0,0.0,0
2012-08-16,2012-08-30,OPTSTK,GESHIP,200.0,CE,0.0,0.0,0.0,52.6,60.1,0,0.0,0
2012-08-16,2012-08-30,OPTSTK,GESHIP,210.0,CE,0.0,0.0,0.0,43.95,50.1,0,0.0,0
2012-08-16,2012-08-30,OPTSTK,GESHIP,220.0,CE,0.0,0.0,0.0,36.0,40.15,0,0.0,0
2012-08-16,2012-08-30,OPTSTK,GESHIP,230.0,CE,0.0,0.0,0.0,28.85,30.2,0,0.0,0
2012-08-16,2012-08-30,OPTSTK,GESHIP,240.0,CE,0.0,0.0,0.0,22.6,20.4,0,0.0,0
2012-08-16,2012-08-30,OPTSTK,GESHIP,250.0,CE,0.0,0.0,0.0,17.3,11.55,0,0.0,0
2012-08-16,2012-08-30,OPTSTK,GESHIP,260.0,CE,0.0,0.0,0.0,8.95,5.0,0,0.0,5000
2012-08-16,2012-08-30,OPTSTK,GESHIP,270.0,CE,1.0,1.0,1.0,1.0,1.0,1,2.71,5000
2012-08-16,2012-08-30,OPTSTK,GESHIP,280.0,CE,0.0,0.0,0.0,6.85,0.35,0,0.0,0
2012-08-16,2012-08-30,OPTSTK,GESHIP,290.0,CE,0.0,0.0,0.0,4.8,0.05,0,0.0,0
2012-08-16,2012-08-30,OPTSTK,GESHIP,300.0,CE,0.0,0.0,0.0,3.35,0.0,0,0.0,0
2012-08-16,2012-08-30,OPTSTK,GESHIP,310.0,CE,0.0,0.0,0.0,2.3,0.0,0,0.0,0
2012-08-16,2012-08-30,OPTSTK,GESHIP,320.0,CE,0.0,0.0,0.0,1.55,0.0,0,0.0,0
2012-08-16,2012-08-30,OPTSTK,GESHIP,330.0,CE,0.0,0.0,0.0,1.0,0.0,0,0.0,0
2012-08-16,2012-08-30,OPTSTK,GESHIP,340.0,CE,0.0,0.0,0.0,0.65,0.0,0,0.0,0
2012-08-16,2012-08-30,OPTSTK,GESHIP,350.0,CE,0.0,0.0,0.0,0.45,0.0,0,0.0,0
2012-08-16,2012-08-30,OPTSTK,GESHIP,360.0,CE,0.0,0.0,0.0,0.6,0.0,0,0.0,0
2012-08-16,2012-08-30,OPTSTK,GESHIP,160.0,PE,0.0,0.0,0.0,0.05,0.0,0,0.0,0
2012-08-16,2012-08-30,OPTSTK,GESHIP,170.0,PE,0.0,0.0,0.0,0.1,0.0,0,0.0,0
2012-08-16,2012-08-30,OPTSTK,GESHIP,180.0,PE,0.0,0.0,0.0,0.25,0.0,0,0.0,0
2012-08-16,2012-08-30,OPTSTK,GESHIP,190.0,PE,0.0,0.0,0.0,0.6,0.0,0,0.0,0
2012-08-16,2012-08-30,OPTSTK,GESHIP,200.0,PE,0.0,0.0,0.0,1.25,0.0,0,0.0,0
2012-08-16,2012-08-30,OPTSTK,GESHIP,210.0,PE,0.0,0.0,0.0,2.4,0.0,0,0.0,0
2012-08-16,2012-08-30,OPTSTK,GESHIP,220.0,PE,0.0,0.0,0.0,4.2,0.0,0,0.0,0
2012-08-16,2012-08-30,OPTSTK,GESHIP,230.0,PE,0.0,0.0,0.0,6.8,0.05,0,0.0,0
2012-08-16,2012-08-30,OPTSTK,GESHIP,240.0,PE,0.0,0.0,0.0,10.3,0.2,0,0.0,0
2012-08-16,2012-08-30,OPTSTK,GESHIP,250.0,PE,0.0,0.0,0.0,14.8,1.3,0,0.0,0
2012-08-16,2012-08-30,OPTSTK,GESHIP,260.0,PE,0.0,0.0,0.0,20.2,4.75,0,0.0,0
2012-08-16,2012-08-30,OPTSTK,GESHIP,270.0,PE,0.0,0.0,0.0,26.5,11.25,0,0.0,0
2012-08-16,2012-08-30,OPTSTK,GESHIP,280.0,PE,0.0,0.0,0.0,33.6,20.0,0,0.0,0
2012-08-16,2012-08-30,OPTSTK,GESHIP,290.0,PE,0.0,0.0,0.0,41.35,29.7,0,0.0,0
2012-08-16,2012-08-30,OPTSTK,GESHIP,300.0,PE,0.0,0.0,0.0,49.6,39.6,0,0.0,0
2012-08-16,2012-08-30,OPTSTK,GESHIP,310.0,PE,0.0,0.0,0.0,58.3,49.6,0,0.0,0
2012-08-16,2012-08-30,OPTSTK,GESHIP,320.0,PE,0.0,0.0,0.0,67.3,59.55,0,0.0,0
2012-08-16,2012-08-30,OPTSTK,GESHIP,330.0,PE,0.0,0.0,0.0,76.55,69.5,0,0.0,0
2012-08-16,2012-08-30,OPTSTK,GESHIP,340.0,PE,0.0,0.0,0.0,85.95,79.5,0,0.0,0
2012-08-16,2012-08-30,OPTSTK,GESHIP,350.0,PE,0.0,0.0,0.0,95.5,89.45,0,0.0,0
2012-08-16,2012-08-30,OPTSTK,GESHIP,360.0,PE,0.0,0.0,0.0,100.25,99.4,0,0.0,0
2012-08-16,2012-09-27,OPTSTK,GESHIP,160.0,CE,0.0,0.0,0.0,86.65,101.05,0,0.0,0
2012-08-16,2012-09-27,OPTSTK,GESHIP,170.0,CE,0.0,0.0,0.0,76.95,91.2,0,0.0,0
2012-08-16,2012-09-27,OPTSTK,GESHIP,180.0,CE,0.0,0.0,0.0,67.3,81.3,0,0.0,0
2012-08-16,2012-09-27,OPTSTK,GESHIP,190.0,CE,0.0,0.0,0.0,57.85,71.4,0,0.0,0
2012-08-16,2012-09-27,OPTSTK,GESHIP,200.0,CE,0.0,0.0,0.0,48.7,61.5,0,0.0,0
2012-08-16,2012-09-27,OPTSTK,GESHIP,210.0,CE,0.0,0.0,0.0,40.05,51.6,0,0.0,0
2012-08-16,2012-09-27,OPTSTK,GESHIP,220.0,CE,0.0,0.0,0.0,32.15,41.8,0,0.0,0
2012-08-16,2012-09-27,OPTSTK,GESHIP,230.0,CE,0.0,0.0,0.0,25.1,32.25,0,0.0,0
2012-08-16,2012-09-27,OPTSTK,GESHIP,240.0,CE,0.0,0.0,0.0,19.05,23.35,0,0.0,0
2012-08-16,2012-09-27,OPTSTK,GESHIP,250.0,CE,0.0,0.0,0.0,14.1,15.6,0,0.0,0
2012-08-16,2012-09-27,OPTSTK,GESHIP,260.0,CE,0.0,0.0,0.0,10.1,9.5,0,0.0,0
2012-08-16,2012-09-27,OPTSTK,GESHIP,270.0,CE,0.0,0.0,0.0,7.1,5.2,0,0.0,0
2012-08-16,2012-09-27,OPTSTK,GESHIP,280.0,CE,0.0,0.0,0.0,4.85,2.6,0,0.0,0
2012-08-16,2012-09-27,OPTSTK,GESHIP,290.0,CE,0.0,0.0,0.0,3.25,1.15,0,0.0,0
2012-08-16,2012-09-27,OPTSTK,GESHIP,300.0,CE,0.0,0.0,0.0,2.1,0.45,0,0.0,0
2012-08-16,2012-09-27,OPTSTK,GESHIP,310.0,CE,0.0,0.0,0.0,1.35,0.2,0,0.0,0
2012-08-16,2012-09-27,OPTSTK,GESHIP,320.0,CE,0.0,0.0,0.0,0.85,0.05,0,0.0,0
2012-08-16,2012-09-27,OPTSTK,GESHIP,330.0,CE,0.0,0.0,0.0,0.55,0.05,0,0.0,0
2012-08-16,2012-09-27,OPTSTK,GESHIP,340.0,CE,0.0,0.0,0.0,0.35,0.0,0,0.0,0
2012-08-16,2012-09-27,OPTSTK,GESHIP,360.0,CE,0.0,0.0,0.0,0.25,0.0,0,0.0,0
2012-08-16,2012-09-27,OPTSTK,GESHIP,160.0,PE,0.0,0.0,0.0,0.05,0.0,0,0.0,0
2012-08-16,2012-09-27,OPTSTK,GESHIP,170.0,PE,0.0,0.0,0.0,0.1,0.0,0,0.0,0
2012-08-16,2012-09-27,OPTSTK,GESHIP,180.0,PE,0.0,0.0,0.0,0.2,0.0,0,0.0,0
2012-08-16,2012-09-27,OPTSTK,GESHIP,190.0,PE,0.0,0.0,0.0,0.5,0.0,0,0.0,0
2012-08-16,2012-09-27,OPTSTK,GESHIP,200.0,PE,0.0,0.0,0.0,1.15,0.0,0,0.0,0
2012-08-16,2012-09-27,OPTSTK,GESHIP,210.0,PE,0.0,0.0,0.0,2.25,0.05,0,0.0,0
2012-08-16,2012-09-27,OPTSTK,GESHIP,220.0,PE,0.0,0.0,0.0,4.1,0.15,0,0.0,0
2012-08-16,2012-09-27,OPTSTK,GESHIP,230.0,PE,0.0,0.0,0.0,6.85,0.45,0,0.0,0
2012-08-16,2012-09-27,OPTSTK,GESHIP,240.0,PE,0.0,0.0,0.0,10.55,1.45,0,0.0,0
2012-08-16,2012-09-27,OPTSTK,GESHIP,250.0,PE,0.0,0.0,0.0,15.35,3.6,0,0.0,0
2012-08-16,2012-09-27,OPTSTK,GESHIP,260.0,PE,0.0,0.0,0.0,21.2,7.4,0,0.0,0
2012-08-16,2012-09-27,OPTSTK,GESHIP,270.0,PE,0.0,0.0,0.0,27.9,13.0,0,0.0,0
2012-08-16,2012-09-27,OPTSTK,GESHIP,280.0,PE,0.0,0.0,0.0,35.45,20.3,0,0.0,0
2012-08-16,2012-09-27,OPTSTK,GESHIP,290.0,PE,0.0,0.0,0.0,43.6,28.75,0,0.0,0
2012-08-16,2012-09-27,OPTSTK,GESHIP,300.0,PE,0.0,0.0,0.0,52.25,37.95,0,0.0,0
2012-08-16,2012-09-27,OPTSTK,GESHIP,310.0,PE,0.0,0.0,0.0,61.25,47.6,0,0.0,0
2012-08-16,2012-09-27,OPTSTK,GESHIP,320.0,PE,0.0,0.0,0.0,70.5,57.35,0,0.0,0
2012-08-16,2012-09-27,OPTSTK,GESHIP,330.0,PE,0.0,0.0,0.0,79.95,67.2,0,0.0,0
2012-08-16,2012-09-27,OPTSTK,GESHIP,340.0,PE,0.0,0.0,0.0,89.5,77.1,0,0.0,0
2012-08-16,2012-09-27,OPTSTK,GESHIP,360.0,PE,0.0,0.0,0.0,99.65,96.9,0,0.0,0
2012-08-16,2012-08-30,OPTSTK,GLAXO,1350.0,CE,0.0,0.0,0.0,692.55,749.4,0,0.0,0
2012-08-16,2012-08-30,OPTSTK,GLAXO,1400.0,CE,0.0,0.0,0.0,643.75,699.55,0,0.0,0
2012-08-16,2012-08-30,OPTSTK,GLAXO,1450.0,CE,0.0,0.0,0.0,595.0,649.7,0,0.0,0
2012-08-16,2012-08-30,OPTSTK,GLAXO,1500.0,CE,0.0,0.0,0.0,546.3,599.9,0,0.0,0
2012-08-16,2012-08-30,OPTSTK,GLAXO,1550.0,CE,0.0,0.0,0.0,497.7,550.05,0,0.0,0
2012-08-16,2012-08-30,OPTSTK,GLAXO,1600.0,CE,0.0,0.0,0.0,449.4,500.2,0,0.0,0
2012-08-16,2012-08-30,OPTSTK,GLAXO,1650.0,CE,0.0,0.0,0.0,401.6,450.4,0,0.0,0
2012-08-16,2012-08-30,OPTSTK,GLAXO,1700.0,CE,0.0,0.0,0.0,354.65,400.55,0,0.0,0
2012-08-16,2012-08-30,OPTSTK,GLAXO,1750.0,CE,0.0,0.0,0.0,309.0,350.7,0,0.0,0
2012-08-16,2012-08-30,OPTSTK,GLAXO,1800.0,CE,0.0,0.0,0.0,265.25,300.9,0,0.0,0
2012-08-16,2012-08-30,OPTSTK,GLAXO,1850.0,CE,0.0,0.0,0.0,224.0,251.05,0,0.0,0
2012-08-16,2012-08-30,OPTSTK,GLAXO,1900.0,CE,0.0,0.0,0.0,185.9,201.25,0,0.0,0
2012-08-16,2012-08-30,OPTSTK,GLAXO,1950.0,CE,0.0,0.0,0.0,151.3,151.5,0,0.0,0
2012-08-16,2012-08-30,OPTSTK,GLAXO,2000.0,CE,0.0,0.0,0.0,120.8,102.65,0,0.0,0
2012-08-16,2012-08-30,OPTSTK,GLAXO,2050.0,CE,0.0,0.0,0.0,94.55,58.25,0,0.0,0
2012-08-16,2012-08-30,OPTSTK,GLAXO,2100.0,CE,0.0,0.0,0.0,72.55,25.3,0,0.0,0
2012-08-16,2012-08-30,OPTSTK,GLAXO,2150.0,CE,0.0,0.0,0.0,54.5,7.75,0,0.0,0
2012-08-16,2012-08-30,OPTSTK,GLAXO,2200.0,CE,0.0,0.0,0.0,40.15,1.6,0,0.0,0
2012-08-16,2012-08-30,OPTSTK,GLAXO,2250.0,CE,0.0,0.0,0.0,29.05,0.25,0,0.0,0
2012-08-16,2012-08-30,OPTSTK,GLAXO,2300.0,CE,0.0,0.0,0.0,20.55,0.05,0,0.0,0
2012-08-16,2012-08-30,OPTSTK,GLAXO,2350.0,CE,0.0,0.0,0.0,14.3,0.0,0,0.0,0
2012-08-16,2012-08-30,OPTSTK,GLAXO,2400.0,CE,0.0,0.0,0.0,9.75,0.0,0,0.0,0
2012-08-16,2012-08-30,OPTSTK,GLAXO,2450.0,CE,0.0,0.0,0.0,6.55,0.0,0,0.0,0
2012-08-16,2012-08-30,OPTSTK,GLAXO,2500.0,CE,0.0,0.0,0.0,4.3,0.0,0,0.0,0
2012-08-16,2012-08-30,OPTSTK,GLAXO,2550.0,CE,0.0,0.0,0.0,2.8,0.0,0,0.0,0
2012-08-16,2012-08-30,OPTSTK,GLAXO,2600.0,CE,0.0,0.0,0.0,1.8,0.0,0,0.0,0
2012-08-16,2012-08-30,OPTSTK,GLAXO,2650.0,CE,0.0,0.0,0.0,1.1,0.0,0,0.0,0
2012-08-16,2012-08-30,OPTSTK,GLAXO,2700.0,CE,0.0,0.0,0.0,0.7,0.0,0,0.0,0
2012-08-16,2012-08-30,OPTSTK,GLAXO,2750.0,CE,0.0,0.0,0.0,0.45,0.0,0,0.0,0
2012-08-16,2012-08-30,OPTSTK,GLAXO,2800.0,CE,0.0,0.0,0.0,0.25,0.0,0,0.0,0
2012-08-16,2012-08-30,OPTSTK,GLAXO,2850.0,CE,0.0,0.0,0.0,0.15,0.0,0,0.0,0
2012-08-16,2012-08-30,OPTSTK,GLAXO,2900.0,CE,0.0,0.0,0.0,0.1,0.0,0,0.0,0
2012-08-16,2012-08-30,OPTSTK,GLAXO,2950.0,CE,0.0,0.0,0.0,0.05,0.0,0,0.0,0
2012-08-16,2012-08-30,OPTSTK,GLAXO,1350.0,PE,0.0,0.0,0.0,0.05,0.0,0,0.0,0
2012-08-16,2012-08-30,OPTSTK,GLAXO,1400.0,PE,0.0,0.0,0.0,0.05,0.0,0,0.0,0
2012-08-16,2012-08-30,OPTSTK,GLAXO,1450.0,PE,0.0,0.0,0.0,0.05,0.0,0,0.0,0
2012-08-16,2012-08-30,OPTSTK,GLAXO,1500.0,PE,0.0,0.0,0.0,0.15,0.0,0,0.0,0
2012-08-16,2012-08-30,OPTSTK,GLAXO,1550.0,PE,0.0,0.0,0.0,0.4,0.0,0,0.0,0
2012-08-16,2012-08-30,OPTSTK,GLAXO,1600.0,PE,0.0,0.0,0.0,0.85,0.0,0,0.0,0
2012-08-16,2012-08-30,OPTSTK,GLAXO,1650.0,PE,0.0,0.0,0.0,1.85,0.0,0,0.0,0
2012-08-16,2012-08-30,OPTSTK,GLAXO,1700.0,PE,0.0,0.0,0.0,3.7,0.0,0,0.0,0
2012-08-16,2012-08-30,OPTSTK,GLAXO,1750.0,PE,0.0,0.0,0.0,6.85,0.0,0,0.0,0
2012-08-16,2012-08-30,OPTSTK,GLAXO,1800.0,PE,0.0,0.0,0.0,11.9,0.0,0,0.0,0
2012-08-16,2012-08-30,OPTSTK,GLAXO,1850.0,PE,0.0,0.0,0.0,19.4,0.0,0,0.0,0
2012-08-16,2012-08-30,OPTSTK,GLAXO,1900.0,PE,0.0,0.0,0.0,30.15,0.0,0,0.0,0
2012-08-16,2012-08-30,OPTSTK,GLAXO,1950.0,PE,0.0,0.0,0.0,44.3,0.1,0,0.0,0
2012-08-16,2012-08-30,OPTSTK,GLAXO,2000.0,PE,0.0,0.0,0.0,62.65,1.1,0,0.0,0
2012-08-16,2012-08-30,OPTSTK,GLAXO,2050.0,PE,0.0,0.0,0.0,85.2,6.55,0,0.0,0
2012-08-16,2012-08-30,OPTSTK,GLAXO,2100.0,PE,0.0,0.0,0.0,111.95,23.45,0,0.0,0
2012-08-16,2012-08-30,OPTSTK,GLAXO,2150.0,PE,0.0,0.0,0.0,142.75,55.7,0,0.0,0
2012-08-16,2012-08-30,OPTSTK,GLAXO,2200.0,PE,0.0,0.0,0.0,177.15,99.4,0,0.0,0
2012-08-16,2012-08-30,OPTSTK,GLAXO,2250.0,PE,0.0,0.0,0.0,214.85,147.85,0,0.0,0
2012-08-16,2012-08-30,OPTSTK,GLAXO,2300.0,PE,0.0,0.0,0.0,255.15,197.5,0,0.0,0
2012-08-16,2012-08-30,OPTSTK,GLAXO,2350.0,PE,0.0,0.0,0.0,297.7,247.3,0,0.0,0
2012-08-16,2012-08-30,OPTSTK,GLAXO,2400.0,PE,0.0,0.0,0.0,341.95,297.15,0,0.0,0
2012-08-16,2012-08-30,OPTSTK,GLAXO,2450.0,PE,0.0,0.0,0.0,387.5,347.0,0,0.0,0
2012-08-16,2012-08-30,OPTSTK,GLAXO,2500.0,PE,0.0,0.0,0.0,434.1,396.8,0,0.0,0
2012-08-16,2012-08-30,OPTSTK,GLAXO,2550.0,PE,0.0,0.0,0.0,481.35,446.65,0,0.0,0
2012-08-16,2012-08-30,OPTSTK,GLAXO,2600.0,PE,0.0,0.0,0.0,529.15,496.5,0,0.0,0
2012-08-16,2012-08-30,OPTSTK,GLAXO,2650.0,PE,0.0,0.0,0.0,577.3,546.3,0,0.0,0
2012-08-16,2012-08-30,OPTSTK,GLAXO,2700.0,PE,0.0,0.0,0.0,625.65,596.15,0,0.0,0
2012-08-16,2012-08-30,OPTSTK,GLAXO,2750.0,PE,0.0,0.0,0.0,674.2,646.0,0,0.0,0
2012-08-16,2012-08-30,OPTSTK,GLAXO,2800.0,PE,0.0,0.0,0.0,722.8,695.8,0,0.0,0
2012-08-16,2012-08-30,OPTSTK,GLAXO,2850.0,PE,0.0,0.0,0.0,771.5,745.65,0,0.0,0
2012-08-16,2012-08-30,OPTSTK,GLAXO,2900.0,PE,0.0,0.0,0.0,820.25,795.5,0,0.0,0
2012-08-16,2012-08-30,OPTSTK,GLAXO,2950.0,PE,0.0,0.0,0.0,869.0,845.3,0,0.0,0
2012-08-16,2012-09-27,OPTSTK,GLAXO,1350.0,CE,0.0,0.0,0.0,688.5,758.8,0,0.0,0
2012-08-16,2012-09-27,OPTSTK,GLAXO,1400.0,CE,0.0,0.0,0.0,639.7,709.35,0,0.0,0
2012-08-16,2012-09-27,OPTSTK,GLAXO,1450.0,CE,0.0,0.0,0.0,590.9,659.85,0,0.0,0
2012-08-16,2012-09-27,OPTSTK,GLAXO,1500.0,CE,0.0,0.0,0.0,542.1,610.4,0,0.0,0
2012-08-16,2012-09-27,OPTSTK,GLAXO,1550.0,CE,0.0,0.0,0.0,493.4,560.9,0,0.0,0
2012-08-16,2012-09-27,OPTSTK,GLAXO,1600.0,CE,0.0,0.0,0.0,444.95,511.4,0,0.0,0
2012-08-16,2012-09-27,OPTSTK,GLAXO,1650.0,CE,0.0,0.0,0.0,396.95,461.95,0,0.0,0
2012-08-16,2012-09-27,OPTSTK,GLAXO,1700.0,CE,0.0,0.0,0.0,349.7,412.45,0,0.0,0
2012-08-16,2012-09-27,OPTSTK,GLAXO,1750.0,CE,0.0,0.0,0.0,303.7,362.95,0,0.0,0
2012-08-16,2012-09-27,OPTSTK,GLAXO,1800.0,CE,0.0,0.0,0.0,259.5,313.5,0,0.0,0
2012-08-16,2012-09-27,OPTSTK,GLAXO,1850.0,CE,0.0,0.0,0.0,217.85,264.1,0,0.0,0
2012-08-16,2012-09-27,OPTSTK,GLAXO,1900.0,CE,0.0,0.0,0.0,179.35,215.1,0,0.0,0
2012-08-16,2012-09-27,OPTSTK,GLAXO,1950.0,CE,0.0,0.0,0.0,144.6,167.25,0,0.0,0
2012-08-16,2012-09-27,OPTSTK,GLAXO,2000.0,CE,0.0,0.0,0.0,114.15,122.3,0,0.0,0
2012-08-16,2012-09-27,OPTSTK,GLAXO,2050.0,CE,0.0,0.0,0.0,88.1,82.65,0,0.0,0
2012-08-16,2012-09-27,OPTSTK,GLAXO,2100.0,CE,0.0,0.0,0.0,66.45,50.8,0,0.0,0
2012-08-16,2012-09-27,OPTSTK,GLAXO,2150.0,CE,0.0,0.0,0.0,49.0,28.05,0,0.0,0
2012-08-16,2012-09-27,OPTSTK,GLAXO,2200.0,CE,0.0,0.0,0.0,35.45,13.8,0,0.0,0
2012-08-16,2012-09-27,OPTSTK,GLAXO,2250.0,CE,0.0,0.0,0.0,24.95,6.0,0,0.0,0
2012-08-16,2012-09-27,OPTSTK,GLAXO,2300.0,CE,0.0,0.0,0.0,17.2,2.3,0,0.0,0
2012-08-16,2012-09-27,OPTSTK,GLAXO,2350.0,CE,0.0,0.0,0.0,11.65,0.8,0,0.0,0
2012-08-16,2012-09-27,OPTSTK,GLAXO,2400.0,CE,0.0,0.0,0.0,7.7,0.25,0,0.0,0
2012-08-16,2012-09-27,OPTSTK,GLAXO,2450.0,CE,0.0,0.0,0.0,5.0,0.1,0,0.0,0
2012-08-16,2012-09-27,OPTSTK,GLAXO,2500.0,CE,0.0,0.0,0.0,3.15,0.05,0,0.0,0
2012-08-16,2012-09-27,OPTSTK,GLAXO,2550.0,CE,0.0,0.0,0.0,2.0,0.0,0,0.0,0
2012-08-16,2012-09-27,OPTSTK,GLAXO,2600.0,CE,0.0,0.0,0.0,1.2,0.0,0,0.0,0
2012-08-16,2012-09-27,OPTSTK,GLAXO,2650.0,CE,0.0,0.0,0.0,0.75,0.0,0,0.0,0
2012-08-16,2012-09-27,OPTSTK,GLAXO,2700.0,CE,0.0,0.0,0.0,0.45,0.0,0,0.0,0
2012-08-16,2012-09-27,OPTSTK,GLAXO,2750.0,CE,0.0,0.0,0.0,0.25,0.0,0,0.0,0
2012-08-16,2012-09-27,OPTSTK,GLAXO,2800.0,CE,0.0,0.0,0.0,0.15,0.0,0,0.0,0
2012-08-16,2012-09-27,OPTSTK,GLAXO,2850.0,CE,0.0,0.0,0.0,0.1,0.0,0,0.0,0
2012-08-16,2012-09-27,OPTSTK,GLAXO,2900.0,CE,0.0,0.0,0.0,0.05,0.0,0,0.0,0
2012-08-16,2012-09-27,OPTSTK,GLAXO,2950.0,CE,0.0,0.0,0.0,0.05,0.0,0,0.0,0
2012-08-16,2012-09-27,OPTSTK,GLAXO,1350.0,PE,0.0,0.0,0.0,0.05,0.0,0,0.0,0
2012-08-16,2012-09-27,OPTSTK,GLAXO,1400.0,PE,0.0,0.0,0.0,0.05,0.0,0,0.0,0
2012-08-16,2012-09-27,OPTSTK,GLAXO,1450.0,PE,0.0,0.0,0.0,0.05,0.0,0,0.0,0
2012-08-16,2012-09-27,OPTSTK,GLAXO,1500.0,PE,0.0,0.0,0.0,0.1,0.0,0,0.0,0
2012-08-16,2012-09-27,OPTSTK,GLAXO,1550.0,PE,0.0,0.0,0.0,0.25,0.0,0,0.0,0
2012-08-16,2012-09-27,OPTSTK,GLAXO,1600.0,PE,0.0,0.0,0.0,0.65,0.0,0,0.0,0
2012-08-16,2012-09-27,OPTSTK,GLAXO,1650.0,PE,0.0,0.0,0.0,1.45,0.0,0,0.0,0
2012-08-16,2012-09-27,OPTSTK,GLAXO,1700.0,PE,0.0,0.0,0.0,3.05,0.0,0,0.0,0
2012-08-16,2012-09-27,OPTSTK,GLAXO,1750.0,PE,0.0,0.0,0.0,5.85,0.0,0,0.0,0
2012-08-16,2012-09-27,OPTSTK,GLAXO,1800.0,PE,0.0,0.0,0.0,10.55,0.05,0,0.0,0
2012-08-16,2012-09-27,OPTSTK,GLAXO,1850.0,PE,0.0,0.0,0.0,17.7,0.15,0,0.0,0
2012-08-16,2012-09-27,OPTSTK,GLAXO,1900.0,PE,0.0,0.0,0.0,28.05,0.6,0,0.0,0
2012-08-16,2012-09-27,OPTSTK,GLAXO,1950.0,PE,0.0,0.0,0.0,42.15,2.25,0,0.0,0
2012-08-16,2012-09-27,OPTSTK,GLAXO,2000.0,PE,0.0,0.0,0.0,60.5,6.75,0,0.0,0
2012-08-16,2012-09-27,OPTSTK,GLAXO,2050.0,PE,0.0,0.0,0.0,83.3,16.6,0,0.0,0
2012-08-16,2012-09-27,OPTSTK,GLAXO,2100.0,PE,0.0,0.0,0.0,110.5,34.25,0,0.0,0
2012-08-16,2012-09-27,OPTSTK,GLAXO,2150.0,PE,0.0,0.0,0.0,141.9,61.0,0,0.0,0
2012-08-16,2012-09-27,OPTSTK,GLAXO,2200.0,PE,0.0,0.0,0.0,177.15,96.2,0,0.0,0
2012-08-16,2012-09-27,OPTSTK,GLAXO,2250.0,PE,0.0,0.0,0.0,215.5,137.9,0,0.0,0
2012-08-16,2012-09-27,OPTSTK,GLAXO,2300.0,PE,0.0,0.0,0.0,256.6,183.7,0,0.0,0
2012-08-16,2012-09-27,OPTSTK,GLAXO,2350.0,PE,0.0,0.0,0.0,299.85,231.65,0,0.0,0
2012-08-16,2012-09-27,OPTSTK,GLAXO,2400.0,PE,0.0,0.0,0.0,344.75,280.6,0,0.0,0
2012-08-16,2012-09-27,OPTSTK,GLAXO,2450.0,PE,0.0,0.0,0.0,390.9,329.9,0,0.0,0
2012-08-16,2012-09-27,OPTSTK,GLAXO,2500.0,PE,0.0,0.0,0.0,437.9,379.35,0,0.0,0
2012-08-16,2012-09-27,OPTSTK,GLAXO,2550.0,PE,0.0,0.0,0.0,485.55,428.8,0,0.0,0
2012-08-16,2012-09-27,OPTSTK,GLAXO,2600.0,PE,0.0,0.0,0.0,533.65,478.3,0,0.0,0
2012-08-16,2012-09-27,OPTSTK,GLAXO,2650.0,PE,0.0,0.0,0.0,582.0,527.8,0,0.0,0
2012-08-16,2012-09-27,OPTSTK,GLAXO,2700.0,PE,0.0,0.0,0.0,630.55,577.25,0,0.0,0
2012-08-16,2012-09-27,OPTSTK,GLAXO,2750.0,PE,0.0,0.0,0.0,679.2,626.75,0,0.0,0
2012-08-16,2012-09-27,OPTSTK,GLAXO,2800.0,PE,0.0,0.0,0.0,727.95,676.25,0,0.0,0
2012-08-16,2012-09-27,OPTSTK,GLAXO,2850.0,PE,0.0,0.0,0.0,776.7,725.7,0,0.0,0
2012-08-16,2012-09-27,OPTSTK,GLAXO,2900.0,PE,0.0,0.0,0.0,825.5,775.2,0,0.0,0
2012-08-16,2012-09-27,OPTSTK,GLAXO,2950.0,PE,0.0,0.0,0.0,874.35,824.7,0,0.0,0
2012-08-16,2012-08-30,OPTSTK,GMDCLTD,90.0,CE,0.0,0.0,0.0,90.4,105.85,0,0.0,0
2012-08-16,2012-08-30,OPTSTK,GMDCLTD,100.0,CE,0.0,0.0,0.0,80.65,95.9,0,0.0,0
2012-08-16,2012-08-30,OPTSTK,GMDCLTD,110.0,CE,0.0,0.0,0.0,70.9,85.95,0,0.0,0
2012-08-16,2012-08-30,OPTSTK,GMDCLTD,120.0,CE,0.0,0.0,0.0,61.25,75.95,0,0.0,0
2012-08-16,2012-08-30,OPTSTK,GMDCLTD,130.0,CE,0.0,0.0,0.0,51.8,66.0,0,0.0,0
2012-08-16,2012-08-30,OPTSTK,GMDCLTD,140.0,CE,0.0,0.0,0.0,42.75,56.05,0,0.0,0
2012-08-16,2012-08-30,OPTSTK,GMDCLTD,150.0,CE,0.0,0.0,0.0,34.3,46.05,0,0.0,0
2012-08-16,2012-08-30,OPTSTK,GMDCLTD,160.0,CE,0.0,0.0,0.0,26.75,36.1,0,0.0,0
2012-08-16,2012-08-30,OPTSTK,GMDCLTD,170.0,CE,0.0,0.0,0.0,20.25,26.2,0,0.0,0
2012-08-16,2012-08-30,OPTSTK,GMDCLTD,180.0,CE,0.0,0.0,0.0,14.9,16.65,0,0.0,0
2012-08-16,2012-08-30,OPTSTK,GMDCLTD,190.0,CE,0.0,0.0,0.0,4.9,8.65,0,0.0,4000
2012-08-16,2012-08-30,OPTSTK,GMDCLTD,200.0,CE,0.0,0.0,0.0,7.4,3.4,0,0.0,0
2012-08-16,2012-08-30,OPTSTK,GMDCLTD,210.0,CE,0.0,0.0,0.0,5.05,1.0,0,0.0,0
2012-08-16,2012-08-30,OPTSTK,GMDCLTD,220.0,CE,0.0,0.0,0.0,3.35,0.2,0,0.0,0
2012-08-16,2012-08-30,OPTSTK,GMDCLTD,230.0,CE,0.0,0.0,0.0,2.2,0.05,0,0.0,0
2012-08-16,2012-08-30,OPTSTK,GMDCLTD,240.0,CE,0.0,0.0,0.0,1.4,0.0,0,0.0,0
2012-08-16,2012-08-30,OPTSTK,GMDCLTD,250.0,CE,0.0,0.0,0.0,0.9,0.0,0,0.0,0
2012-08-16,2012-08-30,OPTSTK,GMDCLTD,260.0,CE,0.0,0.0,0.0,0.55,0.0,0,0.0,0
2012-08-16,2012-08-30,OPTSTK,GMDCLTD,90.0,PE,0.0,0.0,0.0,0.05,0.0,0,0.0,0
2012-08-16,2012-08-30,OPTSTK,GMDCLTD,100.0,PE,0.0,0.0,0.0,0.05,0.0,0,0.0,0
2012-08-16,2012-08-30,OPTSTK,GMDCLTD,110.0,PE,0.0,0.0,0.0,0.05,0.0,0,0.0,0
2012-08-16,2012-08-30,OPTSTK,GMDCLTD,120.0,PE,0.0,0.0,0.0,0.15,0.0,0,0.0,0
2012-08-16,2012-08-30,OPTSTK,GMDCLTD,130.0,PE,0.0,0.0,0.0,0.45,0.0,0,0.0,0
2012-08-16,2012-08-30,OPTSTK,GMDCLTD,140.0,PE,0.0,0.0,0.0,1.15,0.0,0,0.0,0
2012-08-16,2012-08-30,OPTSTK,GMDCLTD,150.0,PE,0.0,0.0,0.0,2.5,0.0,0,0.0,0
2012-08-16,2012-08-30,OPTSTK,GMDCLTD,160.0,PE,0.0,0.0,0.0,4.7,0.0,0,0.0,0
2012-08-16,2012-08-30,OPTSTK,GMDCLTD,170.0,PE,0.0,0.0,0.0,7.95,0.05,0,0.0,0
2012-08-16,2012-08-30,OPTSTK,GMDCLTD,180.0,PE,0.0,0.0,0.0,12.35,0.5,0,0.0,0
2012-08-16,2012-08-30,OPTSTK,GMDCLTD,190.0,PE,0.0,0.0,0.0,11.5,2.45,0,0.0,2000
2012-08-16,2012-08-30,OPTSTK,GMDCLTD,200.0,PE,0.0,0.0,0.0,11.9,7.2,0,0.0,2000
2012-08-16,2012-08-30,OPTSTK,GMDCLTD,210.0,PE,0.0,0.0,0.0,31.8,14.75,0,0.0,0
2012-08-16,2012-08-30,OPTSTK,GMDCLTD,220.0,PE,0.0,0.0,0.0,39.85,23.95,0,0.0,0
2012-08-16,2012-08-30,OPTSTK,GMDCLTD,230.0,PE,0.0,0.0,0.0,48.45,33.75,0,0.0,0
2012-08-16,2012-08-30,OPTSTK,GMDCLTD,240.0,PE,0.0,0.0,0.0,57.4,43.65,0,0.0,0
2012-08-16,2012-08-30,OPTSTK,GMDCLTD,250.0,PE,0.0,0.0,0.0,66.65,53.65,0,0.0,0
2012-08-16,2012-08-30,OPTSTK,GMDCLTD,260.0,PE,0.0,0.0,0.0,76.1,63.6,0,0.0,0
2012-08-16,2012-09-27,OPTSTK,GMDCLTD,90.0,CE,0.0,0.0,0.0,99.5,106.5,0,0.0,0
2012-08-16,2012-09-27,OPTSTK,GMDCLTD,100.0,CE,0.0,0.0,0.0,89.75,96.6,0,0.0,0
2012-08-16,2012-09-27,OPTSTK,GMDCLTD,110.0,CE,0.0,0.0,0.0,80.0,86.7,0,0.0,0
2012-08-16,2012-09-27,OPTSTK,GMDCLTD,120.0,CE,0.0,0.0,0.0,70.25,76.8,0,0.0,0
2012-08-16,2012-09-27,OPTSTK,GMDCLTD,130.0,CE,0.0,0.0,0.0,60.55,66.9,0,0.0,0
2012-08-16,2012-09-27,OPTSTK,GMDCLTD,140.0,CE,0.0,0.0,0.0,51.1,57.0,0,0.0,0
2012-08-16,2012-09-27,OPTSTK,GMDCLTD,150.0,CE,0.0,0.0,0.0,42.0,47.15,0,0.0,0
2012-08-16,2012-09-27,OPTSTK,GMDCLTD,160.0,CE,0.0,0.0,0.0,33.5,37.45,0,0.0,0
2012-08-16,2012-09-27,OPTSTK,GMDCLTD,170.0,CE,0.0,0.0,0.0,25.9,28.15,0,0.0,0
2012-08-16,2012-09-27,OPTSTK,GMDCLTD,180.0,CE,0.0,0.0,0.0,19.35,19.75,0,0.0,0
2012-08-16,2012-09-27,OPTSTK,GMDCLTD,190.0,CE,0.0,0.0,0.0,14.0,12.8,0,0.0,0
2012-08-16,2012-09-27,OPTSTK,GMDCLTD,200.0,CE,0.0,0.0,0.0,9.8,7.6,0,0.0,0
2012-08-16,2012-09-27,OPTSTK,GMDCLTD,210.0,CE,0.0,0.0,0.0,6.65,4.15,0,0.0,0
2012-08-16,2012-09-27,OPTSTK,GMDCLTD,220.0,CE,0.0,0.0,0.0,4.4,2.05,0,0.0,0
2012-08-16,2012-09-27,OPTSTK,GMDCLTD,230.0,CE,0.0,0.0,0.0,2.85,0.95,0,0.0,0
2012-08-16,2012-09-27,OPTSTK,GMDCLTD,240.0,CE,0.0,0.0,0.0,1.8,0.4,0,0.0,0
2012-08-16,2012-09-27,OPTSTK,GMDCLTD,250.0,CE,0.0,0.0,0.0,1.1,0.15,0,0.0,0
2012-08-16,2012-09-27,OPTSTK,GMDCLTD,260.0,CE,0.0,0.0,0.0,0.65,0.1,0,0.0,0
2012-08-16,2012-09-27,OPTSTK,GMDCLTD,90.0,PE,0.0,0.0,0.0,0.05,0.0,0,0.0,0
2012-08-16,2012-09-27,OPTSTK,GMDCLTD,100.0,PE,0.0,0.0,0.0,0.05,0.0,0,0.0,0
2012-08-16,2012-09-27,OPTSTK,GMDCLTD,110.0,PE,0.0,0.0,0.0,0.05,0.0,0,0.0,0
2012-08-16,2012-09-27,OPTSTK,GMDCLTD,120.0,PE,0.0,0.0,0.0,0.05,0.0,0,0.0,0
2012-08-16,2012-09-27,OPTSTK,GMDCLTD,130.0,PE,0.0,0.0,0.0,0.15,0.0,0,0.0,0
2012-08-16,2012-09-27,OPTSTK,GMDCLTD,140.0,PE,0.0,0.0,0.0,0.45,0.0,0,0.0,0
2012-08-16,2012-09-27,OPTSTK,GMDCLTD,150.0,PE,0.0,0.0,0.0,1.1,0.05,0,0.0,0
2012-08-16,2012-09-27,OPTSTK,GMDCLTD,160.0,PE,0.0,0.0,0.0,2.35,0.25,0,0.0,0
2012-08-16,2012-09-27,OPTSTK,GMDCLTD,170.0,PE,0.0,0.0,0.0,4.55,0.85,0,0.0,0
2012-08-16,2012-09-27,OPTSTK,GMDCLTD,180.0,PE,0.0,0.0,0.0,7.75,2.35,0,0.0,0
2012-08-16,2012-09-27,OPTSTK,GMDCLTD,190.0,PE,0.0,0.0,0.0,12.2,5.3,0,0.0,0
2012-08-16,2012-09-27,OPTSTK,GMDCLTD,200.0,PE,0.0,0.0,0.0,17.75,10.0,0,0.0,0
2012-08-16,2012-09-27,OPTSTK,GMDCLTD,210.0,PE,0.0,0.0,0.0,24.4,16.4,0,0.0,0
2012-08-16,2012-09-27,OPTSTK,GMDCLTD,220.0,PE,0.0,0.0,0.0,31.9,24.25,0,0.0,0
2012-08-16,2012-09-27,OPTSTK,GMDCLTD,230.0,PE,0.0,0.0,0.0,40.1,33.05,0,0.0,0
2012-08-16,2012-09-27,OPTSTK,GMDCLTD,240.0,PE,0.0,0.0,0.0,48.8,42.4,0,0.0,0
2012-08-16,2012-09-27,OPTSTK,GMDCLTD,250.0,PE,0.0,0.0,0.0,57.9,52.05,0,0.0,0
2012-08-16,2012-09-27,OPTSTK,GMDCLTD,260.0,PE,0.0,0.0,0.0,67.25,61.85,0,0.0,0
2012-08-16,2012-08-30,OPTSTK,GMRINFRA,5.0,CE,0.0,0.0,0.0,15.75,16.25,0,0.0,0
2012-08-16,2012-08-30,OPTSTK,GMRINFRA,7.5,CE,0.0,0.0,0.0,13.3,13.75,0,0.0,0
2012-08-16,2012-08-30,OPTSTK,GMRINFRA,10.0,CE,0.0,0.0,0.0,10.85,11.25,0,0.0,0
2012-08-16,2012-08-30,OPTSTK,GMRINFRA,12.5,CE,0.0,0.0,0.0,8.5,8.75,0,0.0,0
2012-08-16,2012-08-30,OPTSTK,GMRINFRA,15.0,CE,0.0,0.0,0.0,6.3,6.25,0,0.0,0
2012-08-16,2012-08-30,OPTSTK,GMRINFRA,17.5,CE,0.0,0.0,0.0,4.4,3.8,0,0.0,0
2012-08-16,2012-08-30,OPTSTK,GMRINFRA,20.0,CE,0.0,0.0,0.0,1.75,1.65,0,0.0,24000
2012-08-16,2012-08-30,OPTSTK,GMRINFRA,22.5,CE,0.35,0.35,0.25,0.3,0.3,53,96.76,1296000
2012-08-16,2012-08-30,OPTSTK,GMRINFRA,25.0,CE,0.1,0.1,0.05,0.05,0.05,5,10.03,1544000
2012-08-16,2012-08-30,OPTSTK,GMRINFRA,27.5,CE,0.0,0.0,0.0,0.05,0.05,0,0.0,112000
2012-08-16,2012-08-30,OPTSTK,GMRINFRA,30.0,CE,0.0,0.0,0.0,0.05,0.0,0,0.0,32000
2012-08-16,2012-08-30,OPTSTK,GMRINFRA,32.5,CE,0.0,0.0,0.0,0.25,0.0,0,0.0,0
2012-08-16,2012-08-30,OPTSTK,GMRINFRA,35.0,CE,0.0,0.0,0.0,0.15,0.0,0,0.0,0
2012-08-16,2012-08-30,OPTSTK,GMRINFRA,37.5,CE,0.0,0.0,0.0,0.1,0.0,0,0.0,0
2012-08-16,2012-08-30,OPTSTK,GMRINFRA,40.0,CE,0.0,0.0,0.0,0.05,0.0,0,0.0,0
2012-08-16,2012-08-30,OPTSTK,GMRINFRA,42.5,CE,0.0,0.0,0.0,0.05,0.0,0,0.0,0
2012-08-16,2012-08-30,OPTSTK,GMRINFRA,45.0,CE,0.0,0.0,0.0,0.05,0.0,0,0.0,0
2012-08-16,2012-08-30,OPTSTK,GMRINFRA,5.0,PE,0.0,0.0,0.0,0.05,0.0,0,0.0,0
2012-08-16,2012-08-30,OPTSTK,GMRINFRA,7.5,PE,0.0,0.0,0.0,0.05,0.0,0,0.0,0
2012-08-16,2012-08-30,OPTSTK,GMRINFRA,10.0,PE,0.0,0.0,0.0,0.05,0.0,0,0.0,0
2012-08-16,2012-08-30,OPTSTK,GMRINFRA,12.5,PE,0.0,0.0,0.0,0.1,0.0,0,0.0,0
2012-08-16,2012-08-30,OPTSTK,GMRINFRA,15.0,PE,0.0,0.0,0.0,0.35,0.0,0,0.0,0
2012-08-16,2012-08-30,OPTSTK,GMRINFRA,17.5,PE,0.0,0.0,0.0,0.15,0.05,0,0.0,8000
2012-08-16,2012-08-30,OPTSTK,GMRINFRA,20.0,PE,0.2,0.2,0.2,0.2,0.2,1,1.61,328000
2012-08-16,2012-08-30,OPTSTK,GMRINFRA,22.5,PE,0.0,0.0,0.0,1.45,1.7,0,0.0,136000
2012-08-16,2012-08-30,OPTSTK,GMRINFRA,25.0,PE,0.0,0.0,0.0,4.95,3.8,0,0.0,0
2012-08-16,2012-08-30,OPTSTK,GMRINFRA,27.5,PE,0.0,0.0,0.0,6.95,6.25,0,0.0,0
2012-08-16,2012-08-30,OPTSTK,GMRINFRA,30.0,PE,0.0,0.0,0.0,9.1,8.7,0,0.0,0
2012-08-16,2012-08-30,OPTSTK,GMRINFRA,32.5,PE,0.0,0.0,0.0,11.35,11.2,0,0.0,0
2012-08-16,2012-08-30,OPTSTK,GMRINFRA,35.0,PE,0.0,0.0,0.0,13.7,13.7,0,0.0,0
2012-08-16,2012-08-30,OPTSTK,GMRINFRA,37.5,PE,0.0,0.0,0.0,16.1,16.2,0,0.0,0
2012-08-16,2012-08-30,OPTSTK,GMRINFRA,40.0,PE,0.0,0.0,0.0,18.5,18.7,0,0.0,0
2012-08-16,2012-08-30,OPTSTK,GMRINFRA,42.5,PE,0.0,0.0,0.0,20.9,21.2,0,0.0,0
2012-08-16,2012-08-30,OPTSTK,GMRINFRA,45.0,PE,0.0,0.0,0.0,23.35,23.65,0,0.0,0
2012-08-16,2012-09-27,OPTSTK,GMRINFRA,5.0,CE,0.0,0.0,0.0,18.25,16.25,0,0.0,0
2012-08-16,2012-09-27,OPTSTK,GMRINFRA,7.5,CE,0.0,0.0,0.0,15.8,13.8,0,0.0,0
2012-08-16,2012-09-27,OPTSTK,GMRINFRA,10.0,CE,0.0,0.0,0.0,13.35,11.3,0,0.0,0
2012-08-16,2012-09-27,OPTSTK,GMRINFRA,12.5,CE,0.0,0.0,0.0,10.95,8.85,0,0.0,0
2012-08-16,2012-09-27,OPTSTK,GMRINFRA,15.0,CE,0.0,0.0,0.0,8.55,6.4,0,0.0,0
2012-08-16,2012-09-27,OPTSTK,GMRINFRA,17.5,CE,0.0,0.0,0.0,6.4,4.15,0,0.0,0
2012-08-16,2012-09-27,OPTSTK,GMRINFRA,20.0,CE,0.0,0.0,0.0,4.55,2.35,0,0.0,0
2012-08-16,2012-09-27,OPTSTK,GMRINFRA,22.5,CE,0.0,0.0,0.0,3.1,1.15,0,0.0,0
2012-08-16,2012-09-27,OPTSTK,GMRINFRA,25.0,CE,0.0,0.0,0.0,0.5,0.5,0,0.0,56000
2012-08-16,2012-09-27,OPTSTK,GMRINFRA,27.5,CE,0.0,0.0,0.0,1.3,0.2,0,0.0,0
2012-08-16,2012-09-27,OPTSTK,GMRINFRA,30.0,CE,0.0,0.0,0.0,0.15,0.1,0,0.0,0
2012-08-16,2012-09-27,OPTSTK,GMRINFRA,32.5,CE,0.0,0.0,0.0,0.5,0.05,0,0.0,0
2012-08-16,2012-09-27,OPTSTK,GMRINFRA,35.0,CE,0.0,0.0,0.0,0.3,0.05,0,0.0,0
2012-08-16,2012-09-27,OPTSTK,GMRINFRA,37.5,CE,0.0,0.0,0.0,0.2,0.0,0,0.0,0
2012-08-16,2012-09-27,OPTSTK,GMRINFRA,40.0,CE,0.0,0.0,0.0,0.1,0.0,0,0.0,0
2012-08-16,2012-09-27,OPTSTK,GMRINFRA,42.5,CE,0.0,0.0,0.0,0.05,0.0,0,0.0,0
2012-08-16,2012-09-27,OPTSTK,GMRINFRA,45.0,CE,0.0,0.0,0.0,0.05,0.0,0,0.0,0
2012-08-16,2012-09-27,OPTSTK,GMRINFRA,5.0,PE,0.0,0.0,0.0,0.05,0.0,0,0.0,0
2012-08-16,2012-09-27,OPTSTK,GMRINFRA,7.5,PE,0.0,0.0,0.0,0.05,0.0,0,0.0,0
2012-08-16,2012-09-27,OPTSTK,GMRINFRA,10.0,PE,0.0,0.0,0.0,0.05,0.0,0,0.0,0
2012-08-16,2012-09-27,OPTSTK,GMRINFRA,12.5,PE,0.0,0.0,0.0,0.05,0.0,0,0.0,0
2012-08-16,2012-09-27,OPTSTK,GMRINFRA,15.0,PE,0.0,0.0,0.0,0.1,0.05,0,0.0,0
2012-08-16,2012-09-27,OPTSTK,GMRINFRA,17.5,PE,0.0,0.0,0.0,0.4,0.25,0,0.0,0
2012-08-16,2012-09-27,OPTSTK,GMRINFRA,20.0,PE,0.0,0.0,0.0,1.0,0.95,0,0.0,0
2012-08-16,2012-09-27,OPTSTK,GMRINFRA,22.5,PE,0.0,0.0,0.0,1.95,2.2,0,0.0,0
2012-08-16,2012-09-27,OPTSTK,GMRINFRA,25.0,PE,0.0,0.0,0.0,3.35,4.05,0,0.0,0
2012-08-16,2012-09-27,OPTSTK,GMRINFRA,27.5,PE,0.0,0.0,0.0,5.05,6.2,0,0.0,0
2012-08-16,2012-09-27,OPTSTK,GMRINFRA,30.0,PE,0.0,0.0,0.0,7.0,8.55,0,0.0,0
2012-08-16,2012-09-27,OPTSTK,GMRINFRA,32.5,PE,0.0,0.0,0.0,9.1,11.0,0,0.0,0
2012-08-16,2012-09-27,OPTSTK,GMRINFRA,35.0,PE,0.0,0.0,0.0,11.4,13.45,0,0.0,0
2012-08-16,2012-09-27,OPTSTK,GMRINFRA,37.5,PE,0.0,0.0,0.0,13.7,15.95,0,0.0,0
2012-08-16,2012-09-27,OPTSTK,GMRINFRA,40.0,PE,0.0,0.0,0.0,16.1,18.4,0,0.0,0
2012-08-16,2012-09-27,OPTSTK,GMRINFRA,42.5,PE,0.0,0.0,0.0,18.5,20.9,0,0.0,0
2012-08-16,2012-09-27,OPTSTK,GMRINFRA,45.0,PE,0.0,0.0,0.0,20.9,23.35,0,0.0,0
2012-08-16,2012-10-25,OPTSTK,GMRINFRA,5.0,CE,0.0,0.0,0.0,18.15,16.3,0,0.0,0
2012-08-16,2012-10-25,OPTSTK,GMRINFRA,7.5,CE,0.0,0.0,0.0,15.7,13.85,0,0.0,0
2012-08-16,2012-10-25,OPTSTK,GMRINFRA,10.0,CE,0.0,0.0,0.0,13.25,11.4,0,0.0,0
2012-08-16,2012-10-25,OPTSTK,GMRINFRA,12.5,CE,0.0,0.0,0.0,10.85,8.95,0,0.0,0
2012-08-16,2012-10-25,OPTSTK,GMRINFRA,15.0,CE,0.0,0.0,0.0,8.6,6.6,0,0.0,0
2012-08-16,2012-10-25,OPTSTK,GMRINFRA,17.5,CE,0.0,0.0,0.0,6.55,4.5,0,0.0,0
2012-08-16,2012-10-25,OPTSTK,GMRINFRA,20.0,CE,0.0,0.0,0.0,4.8,2.85,0,0.0,0
2012-08-16,2012-10-25,OPTSTK,GMRINFRA,22.5,CE,0.0,0.0,0.0,3.4,1.65,0,0.0,0
2012-08-16,2012-10-25,OPTSTK,GMRINFRA,25.0,CE,0.0,0.0,0.0,2.4,0.9,0,0.0,0
2012-08-16,2012-10-25,OPTSTK,GMRINFRA,27.5,CE,0.0,0.0,0.0,1.65,0.5,0,0.0,0
2012-08-16,2012-10-25,OPTSTK,GMRINFRA,30.0,CE,0.0,0.0,0.0,1.1,0.25,0,0.0,0
2012-08-16,2012-10-25,OPTSTK,GMRINFRA,32.5,CE,0.0,0.0,0.0,0.75,0.15,0,0.0,0
2012-08-16,2012-10-25,OPTSTK,GMRINFRA,35.0,CE,0.0,0.0,0.0,0.5,0.05,0,0.0,0
2012-08-16,2012-10-25,OPTSTK,GMRINFRA,37.5,CE,0.0,0.0,0.0,0.3,0.05,0,0.0,0
2012-08-16,2012-10-25,OPTSTK,GMRINFRA,40.0,CE,0.0,0.0,0.0,0.2,0.05,0,0.0,0
2012-08-16,2012-10-25,OPTSTK,GMRINFRA,42.5,CE,0.0,0.0,0.0,0.15,0.0,0,0.0,0
2012-08-16,2012-10-25,OPTSTK,GMRINFRA,45.0,CE,0.0,0.0,0.0,0.1,0.0,0,0.0,0
2012-08-16,2012-10-25,OPTSTK,GMRINFRA,5.0,PE,0.0,0.0,0.0,0.05,0.0,0,0.0,0
2012-08-16,2012-10-25,OPTSTK,GMRINFRA,7.5,PE,0.0,0.0,0.0,0.05,0.0,0,0.0,0
2012-08-16,2012-10-25,OPTSTK,GMRINFRA,10.0,PE,0.0,0.0,0.0,0.05,0.0,0,0.0,0
2012-08-16,2012-10-25,OPTSTK,GMRINFRA,12.5,PE,0.0,0.0,0.0,0.05,0.05,0,0.0,0
2012-08-16,2012-10-25,OPTSTK,GMRINFRA,15.0,PE,0.0,0.0,0.0,0.25,0.15,0,0.0,0
2012-08-16,2012-10-25,OPTSTK,GMRINFRA,17.5,PE,0.0,0.0,0.0,0.65,0.5,0,0.0,0
2012-08-16,2012-10-25,OPTSTK,GMRINFRA,20.0,PE,0.0,0.0,0.0,1.35,1.3,0,0.0,0
2012-08-16,2012-10-25,OPTSTK,GMRINFRA,22.5,PE,0.0,0.0,0.0,2.4,2.6,0,0.0,0
2012-08-16,2012-10-25,OPTSTK,GMRINFRA,25.0,PE,0.0,0.0,0.0,3.8,4.3,0,0.0,0
2012-08-16,2012-10-25,OPTSTK,GMRINFRA,27.5,PE,0.0,0.0,0.0,5.5,6.3,0,0.0,0
2012-08-16,2012-10-25,OPTSTK,GMRINFRA,30.0,PE,0.0,0.0,0.0,7.4,8.55,0,0.0,0
2012-08-16,2012-10-25,OPTSTK,GMRINFRA,32.5,PE,0.0,0.0,0.0,9.5,10.85,0,0.0,0
2012-08-16,2012-10-25,OPTSTK,GMRINFRA,35.0,PE,0.0,0.0,0.0,11.7,13.25,0,0.0,0
2012-08-16,2012-10-25,OPTSTK,GMRINFRA,37.5,PE,0.0,0.0,0.0,13.95,15.7,0,0.0,0
2012-08-16,2012-10-25,OPTSTK,GMRINFRA,40.0,PE,0.0,0.0,0.0,16.3,18.15,0,0.0,0
2012-08-16,2012-10-25,OPTSTK,GMRINFRA,42.5,PE,0.0,0.0,0.0,18.7,20.6,0,0.0,0
2012-08-16,2012-10-25,OPTSTK,GMRINFRA,45.0,PE,0.0,0.0,0.0,21.1,23.05,0,0.0,0
2012-08-16,2012-08-30,OPTSTK,GODREJIND,160.0,CE,0.0,0.0,0.0,103.3,88.25,0,0.0,0
2012-08-16,2012-08-30,OPTSTK,GODREJIND,170.0,CE,0.0,0.0,0.0,82.7,78.3,0,0.0,0
2012-08-16,2012-08-30,OPTSTK,GODREJIND,180.0,CE,0.0,0.0,0.0,84.45,68.3,0,0.0,0
2012-08-16,2012-08-30,OPTSTK,GODREJIND,190.0,CE,0.0,0.0,0.0,65.1,58.35,0,0.0,0
2012-08-16,2012-08-30,OPTSTK,GODREJIND,200.0,CE,0.0,0.0,0.0,66.7,48.4,0,0.0,0
2012-08-16,2012-08-30,OPTSTK,GODREJIND,210.0,CE,0.0,0.0,0.0,49.35,38.55,0,0.0,0
2012-08-16,2012-08-30,OPTSTK,GODREJIND,220.0,CE,0.0,0.0,0.0,50.7,29.05,0,0.0,0
2012-08-16,2012-08-30,OPTSTK,GODREJIND,230.0,CE,0.0,0.0,0.0,36.05,20.3,0,0.0,0
2012-08-16,2012-08-30,OPTSTK,GODREJIND,240.0,CE,0.0,0.0,0.0,19.0,12.95,0,0.0,5000
2012-08-16,2012-08-30,OPTSTK,GODREJIND,250.0,CE,0.0,0.0,0.0,7.95,7.45,0,0.0,5000
2012-08-16,2012-08-30,OPTSTK,GODREJIND,260.0,CE,2.7,2.7,2.7,2.7,2.7,1,2.62,9000
2012-08-16,2012-08-30,OPTSTK,GODREJIND,270.0,CE,0.0,0.0,0.0,17.4,1.75,0,0.0,0
2012-08-16,2012-08-30,OPTSTK,GODREJIND,280.0,CE,0.0,0.0,0.0,17.85,0.75,0,0.0,0
2012-08-16,2012-08-30,OPTSTK,GODREJIND,290.0,CE,0.0,0.0,0.0,11.55,0.3,0,0.0,0
2012-08-16,2012-08-30,OPTSTK,GODREJIND,300.0,CE,0.0,0.0,0.0,11.8,0.1,0,0.0,0
2012-08-16,2012-08-30,OPTSTK,GODREJIND,310.0,CE,0.0,0.0,0.0,7.5,0.05,0,0.0,0
2012-08-16,2012-08-30,OPTSTK,GODREJIND,320.0,CE,0.0,0.0,0.0,7.6,0.05,0,0.0,0
2012-08-16,2012-08-30,OPTSTK,GODREJIND,330.0,CE,0.0,0.0,0.0,4.8,0.0,0,0.0,0
2012-08-16,2012-08-30,OPTSTK,GODREJIND,340.0,CE,0.0,0.0,0.0,4.8,0.0,0,0.0,0
2012-08-16,2012-08-30,OPTSTK,GODREJIND,360.0,CE,0.0,0.0,0.0,2.95,0.0,0,0.0,0
2012-08-16,2012-08-30,OPTSTK,GODREJIND,380.0,CE,0.0,0.0,0.0,1.8,0.0,0,0.0,0
2012-08-16,2012-08-30,OPTSTK,GODREJIND,160.0,PE,0.0,0.0,0.0,0.25,0.0,0,0.0,0
2012-08-16,2012-08-30,OPTSTK,GODREJIND,170.0,PE,0.0,0.0,0.0,1.0,0.0,0,0.0,0
2012-08-16,2012-08-30,OPTSTK,GODREJIND,180.0,PE,0.0,0.0,0.0,0.9,0.0,0,0.0,0
2012-08-16,2012-08-30,OPTSTK,GODREJIND,190.0,PE,0.0,0.0,0.0,2.95,0.0,0,0.0,0
2012-08-16,2012-08-30,OPTSTK,GODREJIND,200.0,PE,0.0,0.0,0.0,2.65,0.05,0,0.0,0
2012-08-16,2012-08-30,OPTSTK,GODREJIND,210.0,PE,0.0,0.0,0.0,6.75,0.15,0,0.0,0
2012-08-16,2012-08-30,OPTSTK,GODREJIND,220.0,PE,0.0,0.0,0.0,6.2,0.6,0,0.0,0
2012-08-16,2012-08-30,OPTSTK,GODREJIND,230.0,PE,0.0,0.0,0.0,13.0,1.85,0,0.0,0
2012-08-16,2012-08-30,OPTSTK,GODREJIND,240.0,PE,0.0,0.0,0.0,2.55,4.45,0,0.0,6000
2012-08-16,2012-08-30,OPTSTK,GODREJIND,250.0,PE,0.0,0.0,0.0,21.9,8.95,0,0.0,0
2012-08-16,2012-08-30,OPTSTK,GODREJIND,260.0,PE,0.0,0.0,0.0,20.7,15.25,0,0.0,0
2012-08-16,2012-08-30,OPTSTK,GODREJIND,270.0,PE,0.0,0.0,0.0,33.4,23.15,0,0.0,0
2012-08-16,2012-08-30,OPTSTK,GODREJIND,280.0,PE,0.0,0.0,0.0,31.9,32.1,0,0.0,0
2012-08-16,2012-08-30,OPTSTK,GODREJIND,290.0,PE,0.0,0.0,0.0,47.1,41.6,0,0.0,0
2012-08-16,2012-08-30,OPTSTK,GODREJIND,300.0,PE,0.0,0.0,0.0,45.35,51.4,0,0.0,0
2012-08-16,2012-08-30,OPTSTK,GODREJIND,310.0,PE,0.0,0.0,0.0,62.6,61.3,0,0.0,0
2012-08-16,2012-08-30,OPTSTK,GODREJIND,320.0,PE,0.0,0.0,0.0,60.7,71.25,0,0.0,0
2012-08-16,2012-08-30,OPTSTK,GODREJIND,330.0,PE,0.0,0.0,0.0,79.4,81.2,0,0.0,0
2012-08-16,2012-08-30,OPTSTK,GODREJIND,340.0,PE,0.0,0.0,0.0,77.4,91.2,0,0.0,0
2012-08-16,2012-08-30,OPTSTK,GODREJIND,360.0,PE,0.0,0.0,0.0,95.1,111.1,0,0.0,0
2012-08-16,2012-08-30,OPTSTK,GODREJIND,380.0,PE,0.0,0.0,0.0,113.45,131.05,0,0.0,0
2012-08-16,2012-09-27,OPTSTK,GODREJIND,160.0,CE,0.0,0.0,0.0,79.2,89.4,0,0.0,0
2012-08-16,2012-09-27,OPTSTK,GODREJIND,170.0,CE,0.0,0.0,0.0,69.8,79.5,0,0.0,0
2012-08-16,2012-09-27,OPTSTK,GODREJIND,180.0,CE,0.0,0.0,0.0,60.7,69.7,0,0.0,0
2012-08-16,2012-09-27,OPTSTK,GODREJIND,190.0,CE,0.0,0.0,0.0,52.05,60.0,0,0.0,0
2012-08-16,2012-09-27,OPTSTK,GODREJIND,200.0,CE,0.0,0.0,0.0,43.9,50.55,0,0.0,0
2012-08-16,2012-09-27,OPTSTK,GODREJIND,210.0,CE,0.0,0.0,0.0,36.5,41.6,0,0.0,0
2012-08-16,2012-09-27,OPTSTK,GODREJIND,220.0,CE,0.0,0.0,0.0,29.85,33.3,0,0.0,0
2012-08-16,2012-09-27,OPTSTK,GODREJIND,230.0,CE,0.0,0.0,0.0,24.0,25.85,0,0.0,0
2012-08-16,2012-09-27,OPTSTK,GODREJIND,240.0,CE,0.0,0.0,0.0,19.05,19.5,0,0.0,0
2012-08-16,2012-09-27,OPTSTK,GODREJIND,250.0,CE,0.0,0.0,0.0,14.9,14.25,0,0.0,0
2012-08-16,2012-09-27,OPTSTK,GODREJIND,260.0,CE,0.0,0.0,0.0,11.45,10.05,0,0.0,0
2012-08-16,2012-09-27,OPTSTK,GODREJIND,270.0,CE,0.0,0.0,0.0,8.75,6.9,0,0.0,0
2012-08-16,2012-09-27,OPTSTK,GODREJIND,280.0,CE,0.0,0.0,0.0,6.55,4.6,0,0.0,0
2012-08-16,2012-09-27,OPTSTK,GODREJIND,290.0,CE,0.0,0.0,0.0,4.9,3.0,0,0.0,0
2012-08-16,2012-09-27,OPTSTK,GODREJIND,300.0,CE,0.0,0.0,0.0,3.6,1.9,0,0.0,0
2012-08-16,2012-09-27,OPTSTK,GODREJIND,310.0,CE,0.0,0.0,0.0,2.6,1.15,0,0.0,0
2012-08-16,2012-09-27,OPTSTK,GODREJIND,320.0,CE,0.0,0.0,0.0,1.9,0.7,0,0.0,0
2012-08-16,2012-09-27,OPTSTK,GODREJIND,330.0,CE,0.0,0.0,0.0,1.35,0.4,0,0.0,0
2012-08-16,2012-09-27,OPTSTK,GODREJIND,340.0,CE,0.0,0.0,0.0,0.95,0.25,0,0.0,0
2012-08-16,2012-09-27,OPTSTK,GODREJIND,360.0,CE,0.0,0.0,0.0,0.55,0.1,0,0.0,0
2012-08-16,2012-09-27,OPTSTK,GODREJIND,160.0,PE,0.0,0.0,0.0,0.3,0.05,0,0.0,0
2012-08-16,2012-09-27,OPTSTK,GODREJIND,170.0,PE,0.0,0.0,0.0,0.65,0.05,0,0.0,0
2012-08-16,2012-09-27,OPTSTK,GODREJIND,180.0,PE,0.0,0.0,0.0,1.3,0.15,0,0.0,0
2012-08-16,2012-09-27,OPTSTK,GODREJIND,190.0,PE,0.0,0.0,0.0,2.4,0.35,0,0.0,0
2012-08-16,2012-09-27,OPTSTK,GODREJIND,200.0,PE,0.0,0.0,0.0,4.05,0.8,0,0.0,0
2012-08-16,2012-09-27,OPTSTK,GODREJIND,210.0,PE,0.0,0.0,0.0,6.4,1.7,0,0.0,0
2012-08-16,2012-09-27,OPTSTK,GODREJIND,220.0,PE,0.0,0.0,0.0,9.5,3.3,0,0.0,0
2012-08-16,2012-09-27,OPTSTK,GODREJIND,230.0,PE,0.0,0.0,0.0,13.45,5.8,0,0.0,0
2012-08-16,2012-09-27,OPTSTK,GODREJIND,240.0,PE,0.0,0.0,0.0,18.25,9.3,0,0.0,0
2012-08-16,2012-09-27,OPTSTK,GODREJIND,250.0,PE,0.0,0.0,0.0,23.85,13.95,0,0.0,0
2012-08-16,2012-09-27,OPTSTK,GODREJIND,260.0,PE,0.0,0.0,0.0,30.2,19.7,0,0.0,0
2012-08-16,2012-09-27,OPTSTK,GODREJIND,270.0,PE,0.0,0.0,0.0,37.25,26.4,0,0.0,0
2012-08-16,2012-09-27,OPTSTK,GODREJIND,280.0,PE,0.0,0.0,0.0,44.85,34.0,0,0.0,0
2012-08-16,2012-09-27,OPTSTK,GODREJIND,290.0,PE,0.0,0.0,0.0,52.95,42.3,0,0.0,0
2012-08-16,2012-09-27,OPTSTK,GODREJIND,300.0,PE,0.0,0.0,0.0,61.4,51.1,0,0.0,0
2012-08-16,2012-09-27,OPTSTK,GODREJIND,310.0,PE,0.0,0.0,0.0,70.2,60.25,0,0.0,0
2012-08-16,2012-09-27,OPTSTK,GODREJIND,320.0,PE,0.0,0.0,0.0,79.25,69.7,0,0.0,0
2012-08-16,2012-09-27,OPTSTK,GODREJIND,330.0,PE,0.0,0.0,0.0,88.5,79.3,0,0.0,0
2012-08-16,2012-09-27,OPTSTK,GODREJIND,340.0,PE,0.0,0.0,0.0,97.85,89.05,0,0.0,0
2012-08-16,2012-09-27,OPTSTK,GODREJIND,360.0,PE,0.0,0.0,0.0,101.9,108.65,0,0.0,0
2012-08-16,2012-10-25,OPTSTK,GODREJIND,160.0,CE,0.0,0.0,0.0,81.35,90.55,0,0.0,0
2012-08-16,2012-10-25,OPTSTK,GODREJIND,170.0,CE,0.0,0.0,0.0,72.1,80.85,0,0.0,0
2012-08-16,2012-10-25,OPTSTK,GODREJIND,180.0,CE,0.0,0.0,0.0,63.2,71.3,0,0.0,0
2012-08-16,2012-10-25,OPTSTK,GODREJIND,190.0,CE,0.0,0.0,0.0,54.75,62.05,0,0.0,0
2012-08-16,2012-10-25,OPTSTK,GODREJIND,200.0,CE,0.0,0.0,0.0,46.85,53.2,0,0.0,0
2012-08-16,2012-10-25,OPTSTK,GODREJIND,210.0,CE,0.0,0.0,0.0,39.65,44.85,0,0.0,0
2012-08-16,2012-10-25,OPTSTK,GODREJIND,220.0,CE,0.0,0.0,0.0,33.1,37.2,0,0.0,0
2012-08-16,2012-10-25,OPTSTK,GODREJIND,230.0,CE,0.0,0.0,0.0,27.35,30.3,0,0.0,0
2012-08-16,2012-10-25,OPTSTK,GODREJIND,240.0,CE,0.0,0.0,0.0,22.3,24.3,0,0.0,0
2012-08-16,2012-10-25,OPTSTK,GODREJIND,250.0,CE,0.0,0.0,0.0,18.0,19.1,0,0.0,0
2012-08-16,2012-10-25,OPTSTK,GODREJIND,260.0,CE,0.0,0.0,0.0,14.4,14.8,0,0.0,0
2012-08-16,2012-10-25,OPTSTK,GODREJIND,270.0,CE,0.0,0.0,0.0,11.4,11.3,0,0.0,0
2012-08-16,2012-10-25,OPTSTK,GODREJIND,280.0,CE,0.0,0.0,0.0,8.95,8.5,0,0.0,0
2012-08-16,2012-10-25,OPTSTK,GODREJIND,290.0,CE,0.0,0.0,0.0,7.0,6.3,0,0.0,0
2012-08-16,2012-10-25,OPTSTK,GODREJIND,300.0,CE,0.0,0.0,0.0,5.4,4.6,0,0.0,0
2012-08-16,2012-10-25,OPTSTK,GODREJIND,310.0,CE,0.0,0.0,0.0,4.15,3.3,0,0.0,0
2012-08-16,2012-10-25,OPTSTK,GODREJIND,320.0,CE,0.0,0.0,0.0,3.15,2.35,0,0.0,0
2012-08-16,2012-10-25,OPTSTK,GODREJIND,330.0,CE,0.0,0.0,0.0,2.4,1.7,0,0.0,0
2012-08-16,2012-10-25,OPTSTK,GODREJIND,340.0,CE,0.0,0.0,0.0,1.8,1.2,0,0.0,0
2012-08-16,2012-10-25,OPTSTK,GODREJIND,360.0,CE,0.0,0.0,0.0,2.2,0.55,0,0.0,0
2012-08-16,2012-10-25,OPTSTK,GODREJIND,160.0,PE,0.0,0.0,0.0,0.55,0.1,0,0.0,0
2012-08-16,2012-10-25,OPTSTK,GODREJIND,170.0,PE,0.0,0.0,0.0,1.05,0.25,0,0.0,0
2012-08-16,2012-10-25,OPTSTK,GODREJIND,180.0,PE,0.0,0.0,0.0,1.9,0.55,0,0.0,0
2012-08-16,2012-10-25,OPTSTK,GODREJIND,190.0,PE,0.0,0.0,0.0,3.25,1.1,0,0.0,0
2012-08-16,2012-10-25,OPTSTK,GODREJIND,200.0,PE,0.0,0.0,0.0,5.1,2.05,0,0.0,0
2012-08-16,2012-10-25,OPTSTK,GODREJIND,210.0,PE,0.0,0.0,0.0,7.65,3.55,0,0.0,0
2012-08-16,2012-10-25,OPTSTK,GODREJIND,220.0,PE,0.0,0.0,0.0,10.9,5.7,0,0.0,0
2012-08-16,2012-10-25,OPTSTK,GODREJIND,230.0,PE,0.0,0.0,0.0,14.9,8.65,0,0.0,0
2012-08-16,2012-10-25,OPTSTK,GODREJIND,240.0,PE,0.0,0.0,0.0,19.65,12.45,0,0.0,0
2012-08-16,2012-10-25,OPTSTK,GODREJIND,250.0,PE,0.0,0.0,0.0,25.15,17.15,0,0.0,0
2012-08-16,2012-10-25,OPTSTK,GODREJIND,260.0,PE,0.0,0.0,0.0,31.3,22.65,0,0.0,0
2012-08-16,2012-10-25,OPTSTK,GODREJIND,270.0,PE,0.0,0.0,0.0,38.1,28.95,0,0.0,0
2012-08-16,2012-10-25,OPTSTK,GODREJIND,280.0,PE,0.0,0.0,0.0,45.4,36.0,0,0.0,0
2012-08-16,2012-10-25,OPTSTK,GODREJIND,290.0,PE,0.0,0.0,0.0,53.2,43.6,0,0.0,0
2012-08-16,2012-10-25,OPTSTK,GODREJIND,300.0,PE,0.0,0.0,0.0,61.4,51.75,0,0.0,0
2012-08-16,2012-10-25,OPTSTK,GODREJIND,310.0,PE,0.0,0.0,0.0,69.9,60.3,0,0.0,0
2012-08-16,2012-10-25,OPTSTK,GODREJIND,320.0,PE,0.0,0.0,0.0,78.7,69.2,0,0.0,0
2012-08-16,2012-10-25,OPTSTK,GODREJIND,330.0,PE,0.0,0.0,0.0,87.7,78.3,0,0.0,0
2012-08-16,2012-10-25,OPTSTK,GODREJIND,340.0,PE,0.0,0.0,0.0,96.9,87.65,0,0.0,0
2012-08-16,2012-10-25,OPTSTK,GODREJIND,360.0,PE,0.0,0.0,0.0,103.0,106.7,0,0.0,0
2012-08-16,2012-08-30,OPTSTK,GRASIM,1750.0,CE,0.0,0.0,0.0,600.45,1281.55,0,0.0,0
2012-08-16,2012-08-30,OPTSTK,GRASIM,1800.0,CE,0.0,0.0,0.0,553.2,1231.75,0,0.0,0
2012-08-16,2012-08-30,OPTSTK,GRASIM,1850.0,CE,0.0,0.0,0.0,506.75,1181.9,0,0.0,0
2012-08-16,2012-08-30,OPTSTK,GRASIM,1900.0,CE,0.0,0.0,0.0,461.3,1132.05,0,0.0,0
2012-08-16,2012-08-30,OPTSTK,GRASIM,1950.0,CE,0.0,0.0,0.0,417.15,1082.25,0,0.0,0
2012-08-16,2012-08-30,OPTSTK,GRASIM,2000.0,CE,0.0,0.0,0.0,374.6,1032.4,0,0.0,0
2012-08-16,2012-08-30,OPTSTK,GRASIM,2050.0,CE,0.0,0.0,0.0,333.9,982.55,0,0.0,0
2012-08-16,2012-08-30,OPTSTK,GRASIM,2100.0,CE,0.0,0.0,0.0,295.4,932.75,0,0.0,0
2012-08-16,2012-08-30,OPTSTK,GRASIM,2150.0,CE,0.0,0.0,0.0,259.35,882.9,0,0.0,0
2012-08-16,2012-08-30,OPTSTK,GRASIM,2200.0,CE,0.0,0.0,0.0,225.7,833.05,0,0.0,0
2012-08-16,2012-08-30,OPTSTK,GRASIM,2250.0,CE,0.0,0.0,0.0,194.95,783.25,0,0.0,0
2012-08-16,2012-08-30,OPTSTK,GRASIM,2300.0,CE,0.0,0.0,0.0,167.05,733.4,0,0.0,0
2012-08-16,2012-08-30,OPTSTK,GRASIM,2350.0,CE,0.0,0.0,0.0,141.95,683.6,0,0.0,0
2012-08-16,2012-08-30,OPTSTK,GRASIM,2400.0,CE,0.0,0.0,0.0,119.65,633.75,0,0.0,0
2012-08-16,2012-08-30,OPTSTK,GRASIM,2450.0,CE,0.0,0.0,0.0,100.05,583.9,0,0.0,0
2012-08-16,2012-08-30,OPTSTK,GRASIM,2500.0,CE,0.0,0.0,0.0,83.0,534.1,0,0.0,0
2012-08-16,2012-08-30,OPTSTK,GRASIM,2550.0,CE,0.0,0.0,0.0,68.3,484.25,0,0.0,0
2012-08-16,2012-08-30,OPTSTK,GRASIM,2600.0,CE,0.0,0.0,0.0,93.0,434.45,0,0.0,750
2012-08-16,2012-08-30,OPTSTK,GRASIM,2650.0,CE,0.0,0.0,0.0,240.0,384.7,0,0.0,625
2012-08-16,2012-08-30,OPTSTK,GRASIM,2700.0,CE,0.0,0.0,0.0,320.1,335.2,0,0.0,2125
2012-08-16,2012-08-30,OPTSTK,GRASIM,2750.0,CE,0.0,0.0,0.0,49.5,286.2,0,0.0,500
2012-08-16,2012-08-30,OPTSTK,GRASIM,2800.0,CE,211.0,211.0,211.0,211.0,211.0,1,3.76,2000
2012-08-16,2012-08-30,OPTSTK,GRASIM,2850.0,CE,0.0,0.0,0.0,101.0,192.4,0,0.0,1125
2012-08-16,2012-08-30,OPTSTK,GRASIM,2900.0,CE,0.0,0.0,0.0,130.1,149.8,0,0.0,4750
2012-08-16,2012-08-30,OPTSTK,GRASIM,2950.0,CE,0.0,0.0,0.0,87.0,111.7,0,0.0,1125
2012-08-16,2012-08-30,OPTSTK,GRASIM,3000.0,CE,53.0,53.75,45.6,51.25,51.25,15,57.18,7375
2012-08-16,2012-08-30,OPTSTK,GRASIM,3050.0,CE,31.3,33.0,25.4,32.25,32.25,10,38.49,1625
2012-08-16,2012-08-30,OPTSTK,GRASIM,3100.0,CE,0.0,0.0,0.0,19.95,34.15,0,0.0,2625
2012-08-16,2012-08-30,OPTSTK,GRASIM,3150.0,CE,8.6,10.0,8.6,10.0,10.0,5,19.74,1125
2012-08-16,2012-08-30,OPTSTK,GRASIM,3200.0,CE,6.0,6.45,6.0,6.45,6.45,8,32.06,2250
2012-08-16,2012-08-30,OPTSTK,GRASIM,3250.0,CE,0.0,0.0,0.0,2.25,6.2,0,0.0,0
2012-08-16,2012-08-30,OPTSTK,GRASIM,3300.0,CE,0.0,0.0,0.0,1.7,3.1,0,0.0,0
2012-08-16,2012-08-30,OPTSTK,GRASIM,3350.0,CE,0.0,0.0,0.0,2.1,1.45,0,0.0,0
2012-08-16,2012-08-30,OPTSTK,GRASIM,3400.0,CE,0.0,0.0,0.0,1.15,0.65,0,0.0,0
2012-08-16,2012-08-30,OPTSTK,GRASIM,3450.0,CE,0.0,0.0,0.0,8.15,0.3,0,0.0,0
2012-08-16,2012-08-30,OPTSTK,GRASIM,3500.0,CE,0.0,0.0,0.0,6.7,0.1,0,0.0,0
2012-08-16,2012-08-30,OPTSTK,GRASIM,1750.0,PE,0.0,0.0,0.0,2.3,0.0,0,0.0,0
2012-08-16,2012-08-30,OPTSTK,GRASIM,1800.0,PE,0.0,0.0,0.0,3.85,0.0,0,0.0,0
2012-08-16,2012-08-30,OPTSTK,GRASIM,1850.0,PE,0.0,0.0,0.0,6.2,0.0,0,0.0,0
2012-08-16,2012-08-30,OPTSTK,GRASIM,1900.0,PE,0.0,0.0,0.0,9.55,0.0,0,0.0,0
2012-08-16,2012-08-30,OPTSTK,GRASIM,1950.0,PE,0.0,0.0,0.0,14.15,0.0,0,0.0,0
2012-08-16,2012-08-30,OPTSTK,GRASIM,2000.0,PE,0.0,0.0,0.0,20.4,0.0,0,0.0,0
2012-08-16,2012-08-30,OPTSTK,GRASIM,2050.0,PE,0.0,0.0,0.0,28.55,0.0,0,0.0,0
2012-08-16,2012-08-30,OPTSTK,GRASIM,2100.0,PE,0.0,0.0,0.0,38.8,0.0,0,0.0,0
2012-08-16,2012-08-30,OPTSTK,GRASIM,2150.0,PE,0.0,0.0,0.0,51.55,0.0,0,0.0,0
2012-08-16,2012-08-30,OPTSTK,GRASIM,2200.0,PE,0.0,0.0,0.0,66.7,0.0,0,0.0,0
2012-08-16,2012-08-30,OPTSTK,GRASIM,2250.0,PE,0.0,0.0,0.0,84.75,0.0,0,0.0,0
2012-08-16,2012-08-30,OPTSTK,GRASIM,2300.0,PE,0.0,0.0,0.0,105.65,0.0,0,0.0,0
2012-08-16,2012-08-30,OPTSTK,GRASIM,2350.0,PE,0.0,0.0,0.0,129.3,0.0,0,0.0,0
2012-08-16,2012-08-30,OPTSTK,GRASIM,2400.0,PE,0.0,0.0,0.0,155.8,0.0,0,0.0,0
2012-08-16,2012-08-30,OPTSTK,GRASIM,2450.0,PE,0.0,0.0,0.0,185.0,0.0,0,0.0,0
2012-08-16,2012-08-30,OPTSTK,GRASIM,2500.0,PE,0.0,0.0,0.0,2.0,0.0,0,0.0,250
2012-08-16,2012-08-30,OPTSTK,GRASIM,2550.0,PE,0.0,0.0,0.0,7.0,0.05,0,0.0,0
2012-08-16,2012-08-30,OPTSTK,GRASIM,2600.0,PE,0.0,0.0,0.0,14.0,0.05,0,0.0,500
2012-08-16,2012-08-30,OPTSTK,GRASIM,2650.0,PE,0.0,0.0,0.0,23.75,0.15,0,0.0,1375
2012-08-16,2012-08-30,OPTSTK,GRASIM,2700.0,PE,0.0,0.0,0.0,9.0,0.45,0,0.0,750
2012-08-16,2012-08-30,OPTSTK,GRASIM,2750.0,PE,0.0,0.0,0.0,1.05,1.3,0,0.0,1125
2012-08-16,2012-08-30,OPTSTK,GRASIM,2800.0,PE,5.0,6.45,4.0,5.45,5.45,21,73.62,8250
2012-08-16,2012-08-30,OPTSTK,GRASIM,2850.0,PE,0.0,0.0,0.0,8.2,7.2,0,0.0,3125
2012-08-16,2012-08-30,OPTSTK,GRASIM,2900.0,PE,12.0,12.0,8.5,9.5,9.5,4,14.55,4500
2012-08-16,2012-08-30,OPTSTK,GRASIM,2950.0,PE,18.4,18.4,18.4,18.4,18.4,1,3.71,1875
2012-08-16,2012-08-30,OPTSTK,GRASIM,3000.0,PE,37.75,40.0,32.5,34.6,34.6,10,37.94,10875
2012-08-16,2012-08-30,OPTSTK,GRASIM,3050.0,PE,0.0,0.0,0.0,64.8,67.7,0,0.0,125
2012-08-16,2012-08-30,OPTSTK,GRASIM,3100.0,PE,0.0,0.0,0.0,724.45,98.1,0,0.0,0
2012-08-16,2012-08-30,OPTSTK,GRASIM,3150.0,PE,0.0,0.0,0.0,772.0,134.35,0,0.0,0
2012-08-16,2012-08-30,OPTSTK,GRASIM,3200.0,PE,0.0,0.0,0.0,819.9,175.25,0,0.0,0
2012-08-16,2012-08-30,OPTSTK,GRASIM,3250.0,PE,0.0,0.0,0.0,867.95,219.65,0,0.0,0
2012-08-16,2012-08-30,OPTSTK,GRASIM,3300.0,PE,0.0,0.0,0.0,916.2,266.4,0,0.0,0
2012-08-16,2012-08-30,OPTSTK,GRASIM,3350.0,PE,0.0,0.0,0.0,945.3,314.55,0,0.0,0
2012-08-16,2012-08-30,OPTSTK,GRASIM,3400.0,PE,0.0,0.0,0.0,949.4,363.6,0,0.0,0
2012-08-16,2012-08-30,OPTSTK,GRASIM,3450.0,PE,0.0,0.0,0.0,905.65,413.05,0,0.0,0
2012-08-16,2012-08-30,OPTSTK,GRASIM,3500.0,PE,0.0,0.0,0.0,953.25,462.7,0,0.0,0
2012-08-16,2012-09-27,OPTSTK,GRASIM,1750.0,CE,0.0,0.0,0.0,865.7,1293.8,0,0.0,0
2012-08-16,2012-09-27,OPTSTK,GRASIM,1800.0,CE,0.0,0.0,0.0,817.6,1244.35,0,0.0,0
2012-08-16,2012-09-27,OPTSTK,GRASIM,1850.0,CE,0.0,0.0,0.0,769.8,1194.85,0,0.0,0
2012-08-16,2012-09-27,OPTSTK,GRASIM,1900.0,CE,0.0,0.0,0.0,722.45,1145.35,0,0.0,0
2012-08-16,2012-09-27,OPTSTK,GRASIM,1950.0,CE,0.0,0.0,0.0,675.75,1095.9,0,0.0,0
2012-08-16,2012-09-27,OPTSTK,GRASIM,2000.0,CE,0.0,0.0,0.0,629.75,1046.4,0,0.0,0
2012-08-16,2012-09-27,OPTSTK,GRASIM,2050.0,CE,0.0,0.0,0.0,584.65,996.9,0,0.0,0
2012-08-16,2012-09-27,OPTSTK,GRASIM,2100.0,CE,0.0,0.0,0.0,540.65,947.45,0,0.0,0
2012-08-16,2012-09-27,OPTSTK,GRASIM,2150.0,CE,0.0,0.0,0.0,497.95,897.95,0,0.0,0
2012-08-16,2012-09-27,OPTSTK,GRASIM,2200.0,CE,0.0,0.0,0.0,456.65,848.45,0,0.0,0
2012-08-16,2012-09-27,OPTSTK,GRASIM,2250.0,CE,0.0,0.0,0.0,417.0,799.0,0,0.0,0
2012-08-16,2012-09-27,OPTSTK,GRASIM,2300.0,CE,0.0,0.0,0.0,379.1,749.5,0,0.0,0
2012-08-16,2012-09-27,OPTSTK,GRASIM,2350.0,CE,0.0,0.0,0.0,343.2,700.1,0,0.0,0
2012-08-16,2012-09-27,OPTSTK,GRASIM,2400.0,CE,0.0,0.0,0.0,309.1,650.7,0,0.0,0
2012-08-16,2012-09-27,OPTSTK,GRASIM,2450.0,CE,0.0,0.0,0.0,277.25,601.45,0,0.0,0
2012-08-16,2012-09-27,OPTSTK,GRASIM,2500.0,CE,0.0,0.0,0.0,247.55,552.35,0,0.0,0
2012-08-16,2012-09-27,OPTSTK,GRASIM,2550.0,CE,0.0,0.0,0.0,220.05,503.65,0,0.0,0
2012-08-16,2012-09-27,OPTSTK,GRASIM,2600.0,CE,0.0,0.0,0.0,194.7,455.45,0,0.0,0
2012-08-16,2012-09-27,OPTSTK,GRASIM,2650.0,CE,0.0,0.0,0.0,171.55,408.1,0,0.0,0
2012-08-16,2012-09-27,OPTSTK,GRASIM,2700.0,CE,0.0,0.0,0.0,150.5,361.95,0,0.0,0
2012-08-16,2012-09-27,OPTSTK,GRASIM,2750.0,CE,0.0,0.0,0.0,188.1,317.35,0,0.0,250
2012-08-16,2012-09-27,OPTSTK,GRASIM,2800.0,CE,0.0,0.0,0.0,152.6,274.85,0,0.0,250
2012-08-16,2012-09-27,OPTSTK,GRASIM,2850.0,CE,0.0,0.0,0.0,121.05,234.9,0,0.0,875
2012-08-16,2012-09-27,OPTSTK,GRASIM,2900.0,CE,164.2,164.2,164.2,164.2,164.2,1,3.83,125
2012-08-16,2012-09-27,OPTSTK,GRASIM,2950.0,CE,0.0,0.0,0.0,86.9,164.15,0,0.0,0
2012-08-16,2012-09-27,OPTSTK,GRASIM,3000.0,CE,0.0,0.0,0.0,63.05,134.1,0,0.0,0
2012-08-16,2012-09-27,OPTSTK,GRASIM,3050.0,CE,0.0,0.0,0.0,53.75,107.8,0,0.0,0
2012-08-16,2012-09-27,OPTSTK,GRASIM,3100.0,CE,0.0,0.0,0.0,45.0,85.2,0,0.0,125
2012-08-16,2012-09-27,OPTSTK,GRASIM,3150.0,CE,0.0,0.0,0.0,38.7,66.25,0,0.0,0
2012-08-16,2012-09-27,OPTSTK,GRASIM,3200.0,CE,0.0,0.0,0.0,32.7,50.6,0,0.0,0
2012-08-16,2012-09-27,OPTSTK,GRASIM,3250.0,CE,0.0,0.0,0.0,27.5,38.05,0,0.0,0
2012-08-16,2012-09-27,OPTSTK,GRASIM,3300.0,CE,0.0,0.0,0.0,23.1,28.15,0,0.0,0
2012-08-16,2012-09-27,OPTSTK,GRASIM,3350.0,CE,0.0,0.0,0.0,19.3,20.45,0,0.0,0
2012-08-16,2012-09-27,OPTSTK,GRASIM,3400.0,CE,0.0,0.0,0.0,16.1,14.6,0,0.0,0
2012-08-16,2012-09-27,OPTSTK,GRASIM,3450.0,CE,0.0,0.0,0.0,13.4,10.25,0,0.0,0
2012-08-16,2012-09-27,OPTSTK,GRASIM,3500.0,CE,0.0,0.0,0.0,11.1,7.1,0,0.0,0
2012-08-16,2012-09-27,OPTSTK,GRASIM,1750.0,PE,0.0,0.0,0.0,1.15,0.0,0,0.0,0
2012-08-16,2012-09-27,OPTSTK,GRASIM,1800.0,PE,0.0,0.0,0.0,1.85,0.0,0,0.0,0
2012-08-16,2012-09-27,OPTSTK,GRASIM,1850.0,PE,0.0,0.0,0.0,2.9,0.0,0,0.0,0
2012-08-16,2012-09-27,OPTSTK,GRASIM,1900.0,PE,0.0,0.0,0.0,4.4,0.0,0,0.0,0
2012-08-16,2012-09-27,OPTSTK,GRASIM,1950.0,PE,0.0,0.0,0.0,6.5,0.0,0,0.0,0
2012-08-16,2012-09-27,OPTSTK,GRASIM,2000.0,PE,0.0,0.0,0.0,9.35,0.0,0,0.0,0
2012-08-16,2012-09-27,OPTSTK,GRASIM,2050.0,PE,0.0,0.0,0.0,13.15,0.0,0,0.0,0
2012-08-16,2012-09-27,OPTSTK,GRASIM,2100.0,PE,0.0,0.0,0.0,17.95,0.0,0,0.0,0
2012-08-16,2012-09-27,OPTSTK,GRASIM,2150.0,PE,0.0,0.0,0.0,24.1,0.0,0,0.0,0
2012-08-16,2012-09-27,OPTSTK,GRASIM,2200.0,PE,0.0,0.0,0.0,31.65,0.0,0,0.0,0
2012-08-16,2012-09-27,OPTSTK,GRASIM,2250.0,PE,0.0,0.0,0.0,40.8,0.05,0,0.0,0
2012-08-16,2012-09-27,OPTSTK,GRASIM,2300.0,PE,0.0,0.0,0.0,51.75,0.05,0,0.0,0
2012-08-16,2012-09-27,OPTSTK,GRASIM,2350.0,PE,0.0,0.0,0.0,64.65,0.1,0,0.0,0
2012-08-16,2012-09-27,OPTSTK,GRASIM,2400.0,PE,0.0,0.0,0.0,79.4,0.2,0,0.0,0
2012-08-16,2012-09-27,OPTSTK,GRASIM,2450.0,PE,0.0,0.0,0.0,96.4,0.4,0,0.0,0
2012-08-16,2012-09-27,OPTSTK,GRASIM,2500.0,PE,0.0,0.0,0.0,115.55,0.8,0,0.0,0
2012-08-16,2012-09-27,OPTSTK,GRASIM,2550.0,PE,0.0,0.0,0.0,136.9,1.55,0,0.0,0
2012-08-16,2012-09-27,OPTSTK,GRASIM,2600.0,PE,0.0,0.0,0.0,160.4,2.85,0,0.0,0
2012-08-16,2012-09-27,OPTSTK,GRASIM,2650.0,PE,0.0,0.0,0.0,186.05,5.0,0,0.0,0
2012-08-16,2012-09-27,OPTSTK,GRASIM,2700.0,PE,0.0,0.0,0.0,213.85,8.3,0,0.0,0
2012-08-16,2012-09-27,OPTSTK,GRASIM,2750.0,PE,0.0,0.0,0.0,243.65,13.25,0,0.0,0
2012-08-16,2012-09-27,OPTSTK,GRASIM,2800.0,PE,0.0,0.0,0.0,275.35,20.2,0,0.0,0
2012-08-16,2012-09-27,OPTSTK,GRASIM,2850.0,PE,0.0,0.0,0.0,308.9,29.7,0,0.0,0
2012-08-16,2012-09-27,OPTSTK,GRASIM,2900.0,PE,0.0,0.0,0.0,344.15,42.15,0,0.0,0
2012-08-16,2012-09-27,OPTSTK,GRASIM,2950.0,PE,0.0,0.0,0.0,381.15,58.0,0,0.0,0
2012-08-16,2012-09-27,OPTSTK,GRASIM,3000.0,PE,0.0,0.0,0.0,419.45,77.4,0,0.0,0
2012-08-16,2012-09-27,OPTSTK,GRASIM,3050.0,PE,0.0,0.0,0.0,458.95,100.55,0,0.0,0
2012-08-16,2012-09-27,OPTSTK,GRASIM,3100.0,PE,0.0,0.0,0.0,499.75,127.45,0,0.0,0
2012-08-16,2012-09-27,OPTSTK,GRASIM,3150.0,PE,0.0,0.0,0.0,541.6,158.0,0,0.0,0
2012-08-16,2012-09-27,OPTSTK,GRASIM,3200.0,PE,0.0,0.0,0.0,584.4,191.85,0,0.0,0
2012-08-16,2012-09-27,OPTSTK,GRASIM,3250.0,PE,0.0,0.0,0.0,628.05,228.75,0,0.0,0
2012-08-16,2012-09-27,OPTSTK,GRASIM,3300.0,PE,0.0,0.0,0.0,672.45,268.3,0,0.0,0
2012-08-16,2012-09-27,OPTSTK,GRASIM,3350.0,PE,0.0,0.0,0.0,717.55,310.1,0,0.0,0
2012-08-16,2012-09-27,OPTSTK,GRASIM,3400.0,PE,0.0,0.0,0.0,763.15,353.75,0,0.0,0
2012-08-16,2012-09-27,OPTSTK,GRASIM,3450.0,PE,0.0,0.0,0.0,809.3,398.9,0,0.0,0
2012-08-16,2012-09-27,OPTSTK,GRASIM,3500.0,PE,0.0,0.0,0.0,855.85,445.2,0,0.0,0
2012-08-16,2012-10-25,OPTSTK,GRASIM,1750.0,CE,0.0,0.0,0.0,934.8,1305.75,0,0.0,0
2012-08-16,2012-10-25,OPTSTK,GRASIM,1800.0,CE,0.0,0.0,0.0,885.95,1256.6,0,0.0,0
2012-08-16,2012-10-25,OPTSTK,GRASIM,1850.0,CE,0.0,0.0,0.0,837.15,1207.5,0,0.0,0
2012-08-16,2012-10-25,OPTSTK,GRASIM,1900.0,CE,0.0,0.0,0.0,788.4,1158.35,0,0.0,0
2012-08-16,2012-10-25,OPTSTK,GRASIM,1950.0,CE,0.0,0.0,0.0,739.75,1109.2,0,0.0,0
2012-08-16,2012-10-25,OPTSTK,GRASIM,2000.0,CE,0.0,0.0,0.0,691.2,1060.05,0,0.0,0
2012-08-16,2012-10-25,OPTSTK,GRASIM,2050.0,CE,0.0,0.0,0.0,642.95,1010.9,0,0.0,0
2012-08-16,2012-10-25,OPTSTK,GRASIM,2100.0,CE,0.0,0.0,0.0,595.05,961.8,0,0.0,0
2012-08-16,2012-10-25,OPTSTK,GRASIM,2150.0,CE,0.0,0.0,0.0,547.7,912.7,0,0.0,0
2012-08-16,2012-10-25,OPTSTK,GRASIM,2200.0,CE,0.0,0.0,0.0,501.15,863.6,0,0.0,0
2012-08-16,2012-10-25,OPTSTK,GRASIM,2250.0,CE,0.0,0.0,0.0,455.55,814.55,0,0.0,0
2012-08-16,2012-10-25,OPTSTK,GRASIM,2300.0,CE,0.0,0.0,0.0,411.25,765.6,0,0.0,0
2012-08-16,2012-10-25,OPTSTK,GRASIM,2350.0,CE,0.0,0.0,0.0,368.5,716.8,0,0.0,0
2012-08-16,2012-10-25,OPTSTK,GRASIM,2400.0,CE,0.0,0.0,0.0,327.65,668.25,0,0.0,0
2012-08-16,2012-10-25,OPTSTK,GRASIM,2450.0,CE,0.0,0.0,0.0,288.95,620.05,0,0.0,0
2012-08-16,2012-10-25,OPTSTK,GRASIM,2500.0,CE,0.0,0.0,0.0,252.75,572.3,0,0.0,0
2012-08-16,2012-10-25,OPTSTK,GRASIM,2550.0,CE,0.0,0.0,0.0,219.0,525.3,0,0.0,0
2012-08-16,2012-10-25,OPTSTK,GRASIM,2600.0,CE,0.0,0.0,0.0,188.15,479.2,0,0.0,0
2012-08-16,2012-10-25,OPTSTK,GRASIM,2650.0,CE,0.0,0.0,0.0,160.2,434.25,0,0.0,0
2012-08-16,2012-10-25,OPTSTK,GRASIM,2700.0,CE,0.0,0.0,0.0,135.15,390.75,0,0.0,0
2012-08-16,2012-10-25,OPTSTK,GRASIM,2750.0,CE,0.0,0.0,0.0,113.0,348.95,0,0.0,0
2012-08-16,2012-10-25,OPTSTK,GRASIM,2800.0,CE,0.0,0.0,0.0,93.6,309.2,0,0.0,0
2012-08-16,2012-10-25,OPTSTK,GRASIM,2850.0,CE,0.0,0.0,0.0,76.85,271.85,0,0.0,0
2012-08-16,2012-10-25,OPTSTK,GRASIM,2900.0,CE,0.0,0.0,0.0,62.55,236.75,0,0.0,0
2012-08-16,2012-10-25,OPTSTK,GRASIM,2950.0,CE,0.0,0.0,0.0,50.6,204.45,0,0.0,0
2012-08-16,2012-10-25,OPTSTK,GRASIM,3000.0,CE,0.0,0.0,0.0,40.4,175.05,0,0.0,0
2012-08-16,2012-10-25,OPTSTK,GRASIM,3050.0,CE,0.0,0.0,0.0,32.05,148.45,0,0.0,0
2012-08-16,2012-10-25,OPTSTK,GRASIM,3100.0,CE,0.0,0.0,0.0,25.2,124.8,0,0.0,0
2012-08-16,2012-10-25,OPTSTK,GRASIM,3150.0,CE,0.0,0.0,0.0,19.65,103.9,0,0.0,0
2012-08-16,2012-10-25,OPTSTK,GRASIM,3200.0,CE,0.0,0.0,0.0,15.2,85.75,0,0.0,0
2012-08-16,2012-10-25,OPTSTK,GRASIM,3250.0,CE,0.0,0.0,0.0,11.7,70.1,0,0.0,0
2012-08-16,2012-10-25,OPTSTK,GRASIM,3300.0,CE,0.0,0.0,0.0,8.9,56.9,0,0.0,0
2012-08-16,2012-10-25,OPTSTK,GRASIM,3350.0,CE,0.0,0.0,0.0,6.75,45.6,0,0.0,0
2012-08-16,2012-10-25,OPTSTK,GRASIM,3400.0,CE,0.0,0.0,0.0,5.05,36.3,0,0.0,0
2012-08-16,2012-10-25,OPTSTK,GRASIM,3450.0,CE,0.0,0.0,0.0,3.8,28.65,0,0.0,0
2012-08-16,2012-10-25,OPTSTK,GRASIM,3500.0,CE,0.0,0.0,0.0,2.8,22.4,0,0.0,0
2012-08-16,2012-10-25,OPTSTK,GRASIM,1750.0,PE,0.0,0.0,0.0,0.05,0.0,0,0.0,0
2012-08-16,2012-10-25,OPTSTK,GRASIM,1800.0,PE,0.0,0.0,0.0,0.05,0.0,0,0.0,0
2012-08-16,2012-10-25,OPTSTK,GRASIM,1850.0,PE,0.0,0.0,0.0,0.1,0.0,0,0.0,0
2012-08-16,2012-10-25,OPTSTK,GRASIM,1900.0,PE,0.0,0.0,0.0,0.2,0.0,0,0.0,0
2012-08-16,2012-10-25,OPTSTK,GRASIM,1950.0,PE,0.0,0.0,0.0,0.4,0.0,0,0.0,0
2012-08-16,2012-10-25,OPTSTK,GRASIM,2000.0,PE,0.0,0.0,0.0,0.75,0.0,0,0.0,0
2012-08-16,2012-10-25,OPTSTK,GRASIM,2050.0,PE,0.0,0.0,0.0,1.35,0.05,0,0.0,0
2012-08-16,2012-10-25,OPTSTK,GRASIM,2100.0,PE,0.0,0.0,0.0,2.35,0.05,0,0.0,0
2012-08-16,2012-10-25,OPTSTK,GRASIM,2150.0,PE,0.0,0.0,0.0,3.85,0.05,0,0.0,0
2012-08-16,2012-10-25,OPTSTK,GRASIM,2200.0,PE,0.0,0.0,0.0,6.15,0.1,0,0.0,0
2012-08-16,2012-10-25,OPTSTK,GRASIM,2250.0,PE,0.0,0.0,0.0,9.45,0.25,0,0.0,0
2012-08-16,2012-10-25,OPTSTK,GRASIM,2300.0,PE,0.0,0.0,0.0,14.0,0.45,0,0.0,0
2012-08-16,2012-10-25,OPTSTK,GRASIM,2350.0,PE,0.0,0.0,0.0,20.1,0.8,0,0.0,0
2012-08-16,2012-10-25,OPTSTK,GRASIM,2400.0,PE,0.0,0.0,0.0,28.15,1.35,0,0.0,0
2012-08-16,2012-10-25,OPTSTK,GRASIM,2450.0,PE,0.0,0.0,0.0,38.3,2.3,0,0.0,0
2012-08-16,2012-10-25,OPTSTK,GRASIM,2500.0,PE,0.0,0.0,0.0,50.95,3.7,0,0.0,0
2012-08-16,2012-10-25,OPTSTK,GRASIM,2550.0,PE,0.0,0.0,0.0,66.05,5.8,0,0.0,0
2012-08-16,2012-10-25,OPTSTK,GRASIM,2600.0,PE,0.0,0.0,0.0,84.1,8.85,0,0.0,0
2012-08-16,2012-10-25,OPTSTK,GRASIM,2650.0,PE,0.0,0.0,0.0,105.0,13.05,0,0.0,0
2012-08-16,2012-10-25,OPTSTK,GRASIM,2700.0,PE,0.0,0.0,0.0,128.8,18.7,0,0.0,0
2012-08-16,2012-10-25,OPTSTK,GRASIM,2750.0,PE,0.0,0.0,0.0,155.5,26.05,0,0.0,0
2012-08-16,2012-10-25,OPTSTK,GRASIM,2800.0,PE,0.0,0.0,0.0,185.0,35.45,0,0.0,0
2012-08-16,2012-10-25,OPTSTK,GRASIM,2850.0,PE,0.0,0.0,0.0,217.1,47.2,0,0.0,0
2012-08-16,2012-10-25,OPTSTK,GRASIM,2900.0,PE,0.0,0.0,0.0,251.65,61.25,0,0.0,0
2012-08-16,2012-10-25,OPTSTK,GRASIM,2950.0,PE,0.0,0.0,0.0,288.55,78.1,0,0.0,0
2012-08-16,2012-10-25,OPTSTK,GRASIM,3000.0,PE,0.0,0.0,0.0,327.25,97.85,0,0.0,0
2012-08-16,2012-10-25,OPTSTK,GRASIM,3050.0,PE,0.0,0.0,0.0,367.75,120.4,0,0.0,0
2012-08-16,2012-10-25,OPTSTK,GRASIM,3100.0,PE,0.0,0.0,0.0,409.75,145.85,0,0.0,0
2012-08-16,2012-10-25,OPTSTK,GRASIM,3150.0,PE,0.0,0.0,0.0,453.1,174.15,0,0.0,0
2012-08-16,2012-10-25,OPTSTK,GRASIM,3200.0,PE,0.0,0.0,0.0,497.5,205.1,0,0.0,0
2012-08-16,2012-10-25,OPTSTK,GRASIM,3250.0,PE,0.0,0.0,0.0,542.85,238.6,0,0.0,0
2012-08-16,2012-10-25,OPTSTK,GRASIM,3300.0,PE,0.0,0.0,0.0,588.95,274.55,0,0.0,0
2012-08-16,2012-10-25,OPTSTK,GRASIM,3350.0,PE,0.0,0.0,0.0,635.65,312.4,0,0.0,0
2012-08-16,2012-10-25,OPTSTK,GRASIM,3400.0,PE,0.0,0.0,0.0,682.85,352.25,0,0.0,0
2012-08-16,2012-10-25,OPTSTK,GRASIM,3450.0,PE,0.0,0.0,0.0,730.4,393.7,0,0.0,0
2012-08-16,2012-10-25,OPTSTK,GRASIM,3500.0,PE,0.0,0.0,0.0,778.3,436.6,0,0.0,0
2012-08-16,2012-08-30,OPTSTK,GSPL,35.0,CE,0.0,0.0,0.0,29.1,36.5,0,0.0,0
2012-08-16,2012-08-30,OPTSTK,GSPL,40.0,CE,0.0,0.0,0.0,24.25,31.5,0,0.0,0
2012-08-16,2012-08-30,OPTSTK,GSPL,45.0,CE,0.0,0.0,0.0,19.35,26.5,0,0.0,0
2012-08-16,2012-08-30,OPTSTK,GSPL,50.0,CE,0.0,0.0,0.0,14.6,21.55,0,0.0,0
2012-08-16,2012-08-30,OPTSTK,GSPL,55.0,CE,0.0,0.0,0.0,10.15,16.55,0,0.0,0
2012-08-16,2012-08-30,OPTSTK,GSPL,60.0,CE,0.0,0.0,0.0,6.4,11.55,0,0.0,0
2012-08-16,2012-08-30,OPTSTK,GSPL,65.0,CE,0.0,0.0,0.0,5.5,6.7,0,0.0,16000
2012-08-16,2012-08-30,OPTSTK,GSPL,70.0,CE,0.0,0.0,0.0,4.55,2.7,0,0.0,24000
2012-08-16,2012-08-30,OPTSTK,GSPL,75.0,CE,1.95,1.95,0.8,0.8,0.8,3,9.14,40000
2012-08-16,2012-08-30,OPTSTK,GSPL,80.0,CE,0.0,0.0,0.0,0.05,0.1,0,0.0,40000
2012-08-16,2012-08-30,OPTSTK,GSPL,85.0,CE,0.0,0.0,0.0,0.7,0.0,0,0.0,0
2012-08-16,2012-08-30,OPTSTK,GSPL,90.0,CE,0.0,0.0,0.0,0.05,0.0,0,0.0,0
2012-08-16,2012-08-30,OPTSTK,GSPL,95.0,CE,0.0,0.0,0.0,0.05,0.0,0,0.0,0
2012-08-16,2012-08-30,OPTSTK,GSPL,100.0,CE,0.0,0.0,0.0,0.05,0.0,0,0.0,0
2012-08-16,2012-08-30,OPTSTK,GSPL,105.0,CE,0.0,0.0,0.0,0.05,0.0,0,0.0,0
2012-08-16,2012-08-30,OPTSTK,GSPL,110.0,CE,0.0,0.0,0.0,0.05,0.0,0,0.0,0
2012-08-16,2012-08-30,OPTSTK,GSPL,115.0,CE,0.0,0.0,0.0,0.05,0.0,0,0.0,0
2012-08-16,2012-08-30,OPTSTK,GSPL,35.0,PE,0.0,0.0,0.0,0.05,0.0,0,0.0,0
2012-08-16,2012-08-30,OPTSTK,GSPL,40.0,PE,0.0,0.0,0.0,0.05,0.0,0,0.0,0
2012-08-16,2012-08-30,OPTSTK,GSPL,45.0,PE,0.0,0.0,0.0,0.05,0.0,0,0.0,0
2012-08-16,2012-08-30,OPTSTK,GSPL,50.0,PE,0.0,0.0,0.0,0.15,0.0,0,0.0,0
2012-08-16,2012-08-30,OPTSTK,GSPL,55.0,PE,0.0,0.0,0.0,0.55,0.0,0,0.0,0
2012-08-16,2012-08-30,OPTSTK,GSPL,60.0,PE,0.0,0.0,0.0,1.7,0.0,0,0.0,0
2012-08-16,2012-08-30,OPTSTK,GSPL,65.0,PE,0.0,0.0,0.0,2.25,0.15,0,0.0,8000
2012-08-16,2012-08-30,OPTSTK,GSPL,70.0,PE,1.15,1.15,1.15,1.15,1.15,1,2.84,8000
2012-08-16,2012-08-30,OPTSTK,GSPL,75.0,PE,0.0,0.0,0.0,10.8,4.05,0,0.0,0
2012-08-16,2012-08-30,OPTSTK,GSPL,80.0,PE,0.0,0.0,0.0,15.2,8.5,0,0.0,0
2012-08-16,2012-08-30,OPTSTK,GSPL,85.0,PE,0.0,0.0,0.0,19.85,13.4,0,0.0,0
2012-08-16,2012-08-30,OPTSTK,GSPL,90.0,PE,0.0,0.0,0.0,24.65,18.35,0,0.0,0
2012-08-16,2012-08-30,OPTSTK,GSPL,95.0,PE,0.0,0.0,0.0,29.5,23.35,0,0.0,0
2012-08-16,2012-08-30,OPTSTK,GSPL,100.0,PE,0.0,0.0,0.0,34.35,28.35,0,0.0,0
2012-08-16,2012-08-30,OPTSTK,GSPL,105.0,PE,0.0,0.0,0.0,39.25,33.3,0,0.0,0
2012-08-16,2012-08-30,OPTSTK,GSPL,110.0,PE,0.0,0.0,0.0,44.1,38.3,0,0.0,0
2012-08-16,2012-08-30,OPTSTK,GSPL,115.0,PE,0.0,0.0,0.0,49.0,43.3,0,0.0,0
2012-08-16,2012-09-27,OPTSTK,GSPL,35.0,CE,0.0,0.0,0.0,32.65,36.75,0,0.0,0
2012-08-16,2012-09-27,OPTSTK,GSPL,40.0,CE,0.0,0.0,0.0,27.75,31.8,0,0.0,0
2012-08-16,2012-09-27,OPTSTK,GSPL,45.0,CE,0.0,0.0,0.0,22.95,26.85,0,0.0,0
2012-08-16,2012-09-27,OPTSTK,GSPL,50.0,CE,0.0,0.0,0.0,18.3,21.9,0,0.0,0
2012-08-16,2012-09-27,OPTSTK,GSPL,55.0,CE,0.0,0.0,0.0,14.05,16.95,0,0.0,0
2012-08-16,2012-09-27,OPTSTK,GSPL,60.0,CE,0.0,0.0,0.0,10.3,12.15,0,0.0,0
2012-08-16,2012-09-27,OPTSTK,GSPL,65.0,CE,0.0,0.0,0.0,7.2,7.7,0,0.0,0
2012-08-16,2012-09-27,OPTSTK,GSPL,70.0,CE,0.0,0.0,0.0,4.85,4.2,0,0.0,0
2012-08-16,2012-09-27,OPTSTK,GSPL,75.0,CE,0.0,0.0,0.0,3.15,1.95,0,0.0,0
2012-08-16,2012-09-27,OPTSTK,GSPL,80.0,CE,0.0,0.0,0.0,1.95,0.75,0,0.0,0
2012-08-16,2012-09-27,OPTSTK,GSPL,85.0,CE,0.0,0.0,0.0,1.2,0.25,0,0.0,0
2012-08-16,2012-09-27,OPTSTK,GSPL,90.0,CE,0.0,0.0,0.0,0.7,0.1,0,0.0,0
2012-08-16,2012-09-27,OPTSTK,GSPL,95.0,CE,0.0,0.0,0.0,0.4,0.05,0,0.0,0
2012-08-16,2012-09-27,OPTSTK,GSPL,100.0,CE,0.0,0.0,0.0,0.25,0.0,0,0.0,0
2012-08-16,2012-09-27,OPTSTK,GSPL,105.0,CE,0.0,0.0,0.0,0.15,0.0,0,0.0,0
2012-08-16,2012-09-27,OPTSTK,GSPL,110.0,CE,0.0,0.0,0.0,0.1,0.0,0,0.0,0
2012-08-16,2012-09-27,OPTSTK,GSPL,115.0,CE,0.0,0.0,0.0,0.05,0.0,0,0.0,0
2012-08-16,2012-09-27,OPTSTK,GSPL,35.0,PE,0.0,0.0,0.0,0.05,0.0,0,0.0,0
2012-08-16,2012-09-27,OPTSTK,GSPL,40.0,PE,0.0,0.0,0.0,0.05,0.0,0,0.0,0
2012-08-16,2012-09-27,OPTSTK,GSPL,45.0,PE,0.0,0.0,0.0,0.1,0.0,0,0.0,0
2012-08-16,2012-09-27,OPTSTK,GSPL,50.0,PE,0.0,0.0,0.0,0.35,0.0,0,0.0,0
2012-08-16,2012-09-27,OPTSTK,GSPL,55.0,PE,0.0,0.0,0.0,0.95,0.05,0,0.0,0
2012-08-16,2012-09-27,OPTSTK,GSPL,60.0,PE,0.0,0.0,0.0,2.1,0.15,0,0.0,0
2012-08-16,2012-09-27,OPTSTK,GSPL,65.0,PE,0.0,0.0,0.0,3.9,0.7,0,0.0,0
2012-08-16,2012-09-27,OPTSTK,GSPL,70.0,PE,0.0,0.0,0.0,6.4,2.15,0,0.0,0
2012-08-16,2012-09-27,OPTSTK,GSPL,75.0,PE,0.0,0.0,0.0,9.6,4.85,0,0.0,0
2012-08-16,2012-09-27,OPTSTK,GSPL,80.0,PE,0.0,0.0,0.0,13.3,8.6,0,0.0,0
2012-08-16,2012-09-27,OPTSTK,GSPL,85.0,PE,0.0,0.0,0.0,17.4,13.05,0,0.0,0
2012-08-16,2012-09-27,OPTSTK,GSPL,90.0,PE,0.0,0.0,0.0,21.8,17.8,0,0.0,0
2012-08-16,2012-09-27,OPTSTK,GSPL,95.0,PE,0.0,0.0,0.0,26.4,22.7,0,0.0,0
2012-08-16,2012-09-27,OPTSTK,GSPL,100.0,PE,0.0,0.0,0.0,31.1,27.65,0,0.0,0
2012-08-16,2012-09-27,OPTSTK,GSPL,105.0,PE,0.0,0.0,0.0,35.9,32.6,0,0.0,0
2012-08-16,2012-09-27,OPTSTK,GSPL,110.0,PE,0.0,0.0,0.0,40.75,37.55,0,0.0,0
2012-08-16,2012-09-27,OPTSTK,GSPL,115.0,PE,0.0,0.0,0.0,45.6,42.5,0,0.0,0
2012-08-16,2012-10-25,OPTSTK,GSPL,35.0,CE,0.0,0.0,0.0,34.1,36.95,0,0.0,0
2012-08-16,2012-10-25,OPTSTK,GSPL,40.0,CE,0.0,0.0,0.0,29.25,32.05,0,0.0,0
2012-08-16,2012-10-25,OPTSTK,GSPL,45.0,CE,0.0,0.0,0.0,24.35,27.15,0,0.0,0
2012-08-16,2012-10-25,OPTSTK,GSPL,50.0,CE,0.0,0.0,0.0,19.5,22.25,0,0.0,0
2012-08-16,2012-10-25,OPTSTK,GSPL,55.0,CE,0.0,0.0,0.0,14.8,17.4,0,0.0,0
2012-08-16,2012-10-25,OPTSTK,GSPL,60.0,CE,0.0,0.0,0.0,10.5,12.75,0,0.0,0
2012-08-16,2012-10-25,OPTSTK,GSPL,65.0,CE,0.0,0.0,0.0,6.9,8.65,0,0.0,0
2012-08-16,2012-10-25,OPTSTK,GSPL,70.0,CE,0.0,0.0,0.0,4.15,5.35,0,0.0,0
2012-08-16,2012-10-25,OPTSTK,GSPL,75.0,CE,0.0,0.0,0.0,2.3,3.0,0,0.0,0
2012-08-16,2012-10-25,OPTSTK,GSPL,80.0,CE,0.0,0.0,0.0,1.2,1.55,0,0.0,0
2012-08-16,2012-10-25,OPTSTK,GSPL,85.0,CE,0.0,0.0,0.0,0.6,0.75,0,0.0,0
2012-08-16,2012-10-25,OPTSTK,GSPL,90.0,CE,0.0,0.0,0.0,0.25,0.35,0,0.0,0
2012-08-16,2012-10-25,OPTSTK,GSPL,95.0,CE,0.0,0.0,0.0,0.15,0.15,0,0.0,0
2012-08-16,2012-10-25,OPTSTK,GSPL,100.0,CE,0.0,0.0,0.0,0.05,0.05,0,0.0,0
2012-08-16,2012-10-25,OPTSTK,GSPL,105.0,CE,0.0,0.0,0.0,0.05,0.05,0,0.0,0
2012-08-16,2012-10-25,OPTSTK,GSPL,110.0,CE,0.0,0.0,0.0,0.05,0.05,0,0.0,0
2012-08-16,2012-10-25,OPTSTK,GSPL,115.0,CE,0.0,0.0,0.0,0.05,0.0,0,0.0,0
2012-08-16,2012-10-25,OPTSTK,GSPL,35.0,PE,0.0,0.0,0.0,0.05,0.0,0,0.0,0
2012-08-16,2012-10-25,OPTSTK,GSPL,40.0,PE,0.0,0.0,0.0,0.05,0.0,0,0.0,0
2012-08-16,2012-10-25,OPTSTK,GSPL,45.0,PE,0.0,0.0,0.0,0.05,0.0,0,0.0,0
2012-08-16,2012-10-25,OPTSTK,GSPL,50.0,PE,0.0,0.0,0.0,0.05,0.05,0,0.0,0
2012-08-16,2012-10-25,OPTSTK,GSPL,55.0,PE,0.0,0.0,0.0,0.25,0.1,0,0.0,0
2012-08-16,2012-10-25,OPTSTK,GSPL,60.0,PE,0.0,0.0,0.0,0.85,0.4,0,0.0,0
2012-08-16,2012-10-25,OPTSTK,GSPL,65.0,PE,0.0,0.0,0.0,2.1,1.2,0,0.0,0
2012-08-16,2012-10-25,OPTSTK,GSPL,70.0,PE,0.0,0.0,0.0,4.3,2.8,0,0.0,0
2012-08-16,2012-10-25,OPTSTK,GSPL,75.0,PE,0.0,0.0,0.0,7.3,5.4,0,0.0,0
2012-08-16,2012-10-25,OPTSTK,GSPL,80.0,PE,0.0,0.0,0.0,11.1,8.85,0,0.0,0
2012-08-16,2012-10-25,OPTSTK,GSPL,85.0,PE,0.0,0.0,0.0,15.35,12.95,0,0.0,0
2012-08-16,2012-10-25,OPTSTK,GSPL,90.0,PE,0.0,0.0,0.0,19.95,17.45,0,0.0,0
2012-08-16,2012-10-25,OPTSTK,GSPL,95.0,PE,0.0,0.0,0.0,24.65,22.15,0,0.0,0
2012-08-16,2012-10-25,OPTSTK,GSPL,100.0,PE,0.0,0.0,0.0,29.5,27.0,0,0.0,0
2012-08-16,2012-10-25,OPTSTK,GSPL,105.0,PE,0.0,0.0,0.0,34.35,31.9,0,0.0,0
2012-08-16,2012-10-25,OPTSTK,GSPL,110.0,PE,0.0,0.0,0.0,39.25,36.8,0,0.0,0
2012-08-16,2012-10-25,OPTSTK,GSPL,115.0,PE,0.0,0.0,0.0,44.1,41.7,0,0.0,0
2012-08-16,2012-08-30,OPTSTK,GUJFLUORO,240.0,CE,0.0,0.0,0.0,167.0,110.1,0,0.0,0
2012-08-16,2012-08-30,OPTSTK,GUJFLUORO,260.0,CE,0.0,0.0,0.0,147.95,90.2,0,0.0,0
2012-08-16,2012-08-30,OPTSTK,GUJFLUORO,280.0,CE,0.0,0.0,0.0,129.35,70.25,0,0.0,0
2012-08-16,2012-08-30,OPTSTK,GUJFLUORO,300.0,CE,0.0,0.0,0.0,111.5,50.45,0,0.0,0
2012-08-16,2012-08-30,OPTSTK,GUJFLUORO,320.0,CE,0.0,0.0,0.0,20.0,31.6,0,0.0,1000
2012-08-16,2012-08-30,OPTSTK,GUJFLUORO,340.0,CE,7.0,7.0,7.0,7.0,7.0,1,1.73,3500
2012-08-16,2012-08-30,OPTSTK,GUJFLUORO,360.0,CE,5.0,5.0,5.0,5.0,5.0,1,1.82,18000
2012-08-16,2012-08-30,OPTSTK,GUJFLUORO,380.0,CE,0.0,0.0,0.0,2.0,1.75,0,0.0,10000
2012-08-16,2012-08-30,OPTSTK,GUJFLUORO,400.0,CE,0.0,0.0,0.0,2.0,0.4,0,0.0,500
2012-08-16,2012-08-30,OPTSTK,GUJFLUORO,420.0,CE,0.0,0.0,0.0,33.4,0.1,0,0.0,0
2012-08-16,2012-08-30,OPTSTK,GUJFLUORO,440.0,CE,0.0,0.0,0.0,26.05,0.05,0,0.0,0
2012-08-16,2012-08-30,OPTSTK,GUJFLUORO,460.0,CE,0.0,0.0,0.0,20.05,0.0,0,0.0,0
2012-08-16,2012-08-30,OPTSTK,GUJFLUORO,480.0,CE,0.0,0.0,0.0,15.3,0.0,0,0.0,0
2012-08-16,2012-08-30,OPTSTK,GUJFLUORO,500.0,CE,0.0,0.0,0.0,11.55,0.0,0,0.0,0
2012-08-16,2012-08-30,OPTSTK,GUJFLUORO,520.0,CE,0.0,0.0,0.0,8.65,0.0,0,0.0,0
2012-08-16,2012-08-30,OPTSTK,GUJFLUORO,540.0,CE,0.0,0.0,0.0,6.4,0.0,0,0.0,0
2012-08-16,2012-08-30,OPTSTK,GUJFLUORO,560.0,CE,0.0,0.0,0.0,4.7,0.0,0,0.0,0
2012-08-16,2012-08-30,OPTSTK,GUJFLUORO,580.0,CE,0.0,0.0,0.0,3.45,0.0,0,0.0,0
2012-08-16,2012-08-30,OPTSTK,GUJFLUORO,600.0,CE,0.0,0.0,0.0,2.5,0.0,0,0.0,0
2012-08-16,2012-08-30,OPTSTK,GUJFLUORO,240.0,PE,0.0,0.0,0.0,0.3,0.0,0,0.0,0
2012-08-16,2012-08-30,OPTSTK,GUJFLUORO,260.0,PE,0.0,0.0,0.0,0.75,0.0,0,0.0,0
2012-08-16,2012-08-30,OPTSTK,GUJFLUORO,280.0,PE,0.0,0.0,0.0,1.65,0.05,0,0.0,0
2012-08-16,2012-08-30,OPTSTK,GUJFLUORO,300.0,PE,0.0,0.0,0.0,3.3,0.15,0,0.0,0
2012-08-16,2012-08-30,OPTSTK,GUJFLUORO,320.0,PE,0.0,0.0,0.0,3.0,1.25,0,0.0,2500
2012-08-16,2012-08-30,OPTSTK,GUJFLUORO,340.0,PE,1.25,1.25,1.25,1.25,1.25,1,1.7,2500
2012-08-16,2012-08-30,OPTSTK,GUJFLUORO,360.0,PE,0.0,0.0,0.0,8.0,15.7,0,0.0,1000
2012-08-16,2012-08-30,OPTSTK,GUJFLUORO,380.0,PE,0.0,0.0,0.0,22.8,31.2,0,0.0,0
2012-08-16,2012-08-30,OPTSTK,GUJFLUORO,400.0,PE,0.0,0.0,0.0,31.75,49.75,0,0.0,0
2012-08-16,2012-08-30,OPTSTK,GUJFLUORO,420.0,PE,0.0,0.0,0.0,42.35,69.35,0,0.0,0
2012-08-16,2012-08-30,OPTSTK,GUJFLUORO,440.0,PE,0.0,0.0,0.0,54.5,89.25,0,0.0,0
2012-08-16,2012-08-30,OPTSTK,GUJFLUORO,460.0,PE,0.0,0.0,0.0,68.0,109.2,0,0.0,0
2012-08-16,2012-08-30,OPTSTK,GUJFLUORO,480.0,PE,0.0,0.0,0.0,82.8,129.1,0,0.0,0
2012-08-16,2012-08-30,OPTSTK,GUJFLUORO,500.0,PE,0.0,0.0,0.0,98.55,149.05,0,0.0,0
2012-08-16,2012-08-30,OPTSTK,GUJFLUORO,520.0,PE,0.0,0.0,0.0,115.15,169.0,0,0.0,0
2012-08-16,2012-08-30,OPTSTK,GUJFLUORO,540.0,PE,0.0,0.0,0.0,132.45,188.9,0,0.0,0
2012-08-16,2012-08-30,OPTSTK,GUJFLUORO,560.0,PE,0.0,0.0,0.0,150.3,208.85,0,0.0,0
2012-08-16,2012-08-30,OPTSTK,GUJFLUORO,580.0,PE,0.0,0.0,0.0,168.55,228.8,0,0.0,0
2012-08-16,2012-08-30,OPTSTK,GUJFLUORO,600.0,PE,0.0,0.0,0.0,187.1,248.7,0,0.0,0
2012-08-16,2012-09-27,OPTSTK,GUJFLUORO,240.0,CE,0.0,0.0,0.0,157.65,111.8,0,0.0,0
2012-08-16,2012-09-27,OPTSTK,GUJFLUORO,260.0,CE,0.0,0.0,0.0,138.2,92.1,0,0.0,0
2012-08-16,2012-09-27,OPTSTK,GUJFLUORO,280.0,CE,0.0,0.0,0.0,118.95,72.7,0,0.0,0
2012-08-16,2012-09-27,OPTSTK,GUJFLUORO,300.0,CE,0.0,0.0,0.0,100.1,54.3,0,0.0,0
2012-08-16,2012-09-27,OPTSTK,GUJFLUORO,320.0,CE,0.0,0.0,0.0,82.1,37.8,0,0.0,0
2012-08-16,2012-09-27,OPTSTK,GUJFLUORO,340.0,CE,0.0,0.0,0.0,65.45,24.35,0,0.0,0
2012-08-16,2012-09-27,OPTSTK,GUJFLUORO,360.0,CE,0.0,0.0,0.0,50.55,14.4,0,0.0,0
2012-08-16,2012-09-27,OPTSTK,GUJFLUORO,380.0,CE,0.0,0.0,0.0,37.8,7.85,0,0.0,0
2012-08-16,2012-09-27,OPTSTK,GUJFLUORO,400.0,CE,0.0,0.0,0.0,27.4,3.95,0,0.0,0
2012-08-16,2012-09-27,OPTSTK,GUJFLUORO,420.0,CE,0.0,0.0,0.0,19.25,1.85,0,0.0,0
2012-08-16,2012-09-27,OPTSTK,GUJFLUORO,440.0,CE,0.0,0.0,0.0,13.15,0.8,0,0.0,0
2012-08-16,2012-09-27,OPTSTK,GUJFLUORO,460.0,CE,0.0,0.0,0.0,8.7,0.35,0,0.0,0
2012-08-16,2012-09-27,OPTSTK,GUJFLUORO,480.0,CE,0.0,0.0,0.0,5.65,0.15,0,0.0,0
2012-08-16,2012-09-27,OPTSTK,GUJFLUORO,500.0,CE,0.0,0.0,0.0,3.55,0.05,0,0.0,0
2012-08-16,2012-09-27,OPTSTK,GUJFLUORO,520.0,CE,0.0,0.0,0.0,2.2,0.05,0,0.0,0
2012-08-16,2012-09-27,OPTSTK,GUJFLUORO,540.0,CE,0.0,0.0,0.0,1.35,0.0,0,0.0,0
2012-08-16,2012-09-27,OPTSTK,GUJFLUORO,560.0,CE,0.0,0.0,0.0,0.8,0.0,0,0.0,0
2012-08-16,2012-09-27,OPTSTK,GUJFLUORO,580.0,CE,0.0,0.0,0.0,0.5,0.0,0,0.0,0
2012-08-16,2012-09-27,OPTSTK,GUJFLUORO,600.0,CE,0.0,0.0,0.0,0.3,0.0,0,0.0,0
2012-08-16,2012-09-27,OPTSTK,GUJFLUORO,240.0,PE,0.0,0.0,0.0,0.05,0.05,0,0.0,0
2012-08-16,2012-09-27,OPTSTK,GUJFLUORO,260.0,PE,0.0,0.0,0.0,0.1,0.1,0,0.0,0
2012-08-16,2012-09-27,OPTSTK,GUJFLUORO,280.0,PE,0.0,0.0,0.0,0.4,0.5,0,0.0,0
2012-08-16,2012-09-27,OPTSTK,GUJFLUORO,300.0,PE,0.0,0.0,0.0,1.1,1.9,0,0.0,0
2012-08-16,2012-09-27,OPTSTK,GUJFLUORO,320.0,PE,0.0,0.0,0.0,2.6,5.2,0,0.0,0
2012-08-16,2012-09-27,OPTSTK,GUJFLUORO,340.0,PE,0.0,0.0,0.0,5.5,11.5,0,0.0,0
2012-08-16,2012-09-27,OPTSTK,GUJFLUORO,360.0,PE,0.0,0.0,0.0,10.15,21.4,0,0.0,0
2012-08-16,2012-09-27,OPTSTK,GUJFLUORO,380.0,PE,0.0,0.0,0.0,16.95,34.6,0,0.0,0
2012-08-16,2012-09-27,OPTSTK,GUJFLUORO,400.0,PE,0.0,0.0,0.0,26.05,50.5,0,0.0,0
2012-08-16,2012-09-27,OPTSTK,GUJFLUORO,420.0,PE,0.0,0.0,0.0,37.45,68.2,0,0.0,0
2012-08-16,2012-09-27,OPTSTK,GUJFLUORO,440.0,PE,0.0,0.0,0.0,50.85,86.95,0,0.0,0
2012-08-16,2012-09-27,OPTSTK,GUJFLUORO,460.0,PE,0.0,0.0,0.0,65.95,106.3,0,0.0,0
2012-08-16,2012-09-27,OPTSTK,GUJFLUORO,480.0,PE,0.0,0.0,0.0,82.4,125.9,0,0.0,0
2012-08-16,2012-09-27,OPTSTK,GUJFLUORO,500.0,PE,0.0,0.0,0.0,99.9,145.6,0,0.0,0
2012-08-16,2012-09-27,OPTSTK,GUJFLUORO,520.0,PE,0.0,0.0,0.0,118.05,165.35,0,0.0,0
2012-08-16,2012-09-27,OPTSTK,GUJFLUORO,540.0,PE,0.0,0.0,0.0,136.75,185.15,0,0.0,0
2012-08-16,2012-09-27,OPTSTK,GUJFLUORO,560.0,PE,0.0,0.0,0.0,155.75,204.95,0,0.0,0
2012-08-16,2012-09-27,OPTSTK,GUJFLUORO,580.0,PE,0.0,0.0,0.0,174.95,224.75,0,0.0,0
2012-08-16,2012-09-27,OPTSTK,GUJFLUORO,600.0,PE,0.0,0.0,0.0,194.3,244.5,0,0.0,0
2012-08-16,2012-10-25,OPTSTK,GUJFLUORO,240.0,CE,0.0,0.0,0.0,116.75,113.55,0,0.0,0
2012-08-16,2012-10-25,OPTSTK,GUJFLUORO,260.0,CE,0.0,0.0,0.0,98.1,94.3,0,0.0,0
2012-08-16,2012-10-25,OPTSTK,GUJFLUORO,280.0,CE,0.0,0.0,0.0,80.4,75.7,0,0.0,0
2012-08-16,2012-10-25,OPTSTK,GUJFLUORO,300.0,CE,0.0,0.0,0.0,64.2,58.45,0,0.0,0
2012-08-16,2012-10-25,OPTSTK,GUJFLUORO,320.0,CE,0.0,0.0,0.0,49.8,43.2,0,0.0,0
2012-08-16,2012-10-25,OPTSTK,GUJFLUORO,340.0,CE,0.0,0.0,0.0,37.6,30.45,0,0.0,0
2012-08-16,2012-10-25,OPTSTK,GUJFLUORO,360.0,CE,0.0,0.0,0.0,27.6,20.5,0,0.0,0
2012-08-16,2012-10-25,OPTSTK,GUJFLUORO,380.0,CE,0.0,0.0,0.0,19.75,13.2,0,0.0,0
2012-08-16,2012-10-25,OPTSTK,GUJFLUORO,400.0,CE,0.0,0.0,0.0,13.8,8.2,0,0.0,0
2012-08-16,2012-10-25,OPTSTK,GUJFLUORO,420.0,CE,0.0,0.0,0.0,9.45,4.85,0,0.0,0
2012-08-16,2012-10-25,OPTSTK,GUJFLUORO,440.0,CE,0.0,0.0,0.0,6.35,2.8,0,0.0,0
2012-08-16,2012-10-25,OPTSTK,GUJFLUORO,460.0,CE,0.0,0.0,0.0,4.2,1.55,0,0.0,0
2012-08-16,2012-10-25,OPTSTK,GUJFLUORO,480.0,CE,0.0,0.0,0.0,2.7,0.85,0,0.0,0
2012-08-16,2012-10-25,OPTSTK,GUJFLUORO,500.0,CE,0.0,0.0,0.0,1.75,0.45,0,0.0,0
2012-08-16,2012-10-25,OPTSTK,GUJFLUORO,520.0,CE,0.0,0.0,0.0,1.1,0.25,0,0.0,0
2012-08-16,2012-10-25,OPTSTK,GUJFLUORO,540.0,CE,0.0,0.0,0.0,0.7,0.15,0,0.0,0
2012-08-16,2012-10-25,OPTSTK,GUJFLUORO,560.0,CE,0.0,0.0,0.0,0.45,0.05,0,0.0,0
2012-08-16,2012-10-25,OPTSTK,GUJFLUORO,240.0,PE,0.0,0.0,0.0,0.5,0.15,0,0.0,0
2012-08-16,2012-10-25,OPTSTK,GUJFLUORO,260.0,PE,0.0,0.0,0.0,1.4,0.5,0,0.0,0
2012-08-16,2012-10-25,OPTSTK,GUJFLUORO,280.0,PE,0.0,0.0,0.0,3.25,1.6,0,0.0,0
2012-08-16,2012-10-25,OPTSTK,GUJFLUORO,300.0,PE,0.0,0.0,0.0,6.55,4.0,0,0.0,0
2012-08-16,2012-10-25,OPTSTK,GUJFLUORO,320.0,PE,0.0,0.0,0.0,11.75,8.4,0,0.0,0
2012-08-16,2012-10-25,OPTSTK,GUJFLUORO,340.0,PE,0.0,0.0,0.0,19.05,15.35,0,0.0,0
2012-08-16,2012-10-25,OPTSTK,GUJFLUORO,360.0,PE,0.0,0.0,0.0,28.65,25.05,0,0.0,0
2012-08-16,2012-10-25,OPTSTK,GUJFLUORO,380.0,PE,0.0,0.0,0.0,40.35,37.4,0,0.0,0
2012-08-16,2012-10-25,OPTSTK,GUJFLUORO,400.0,PE,0.0,0.0,0.0,53.95,52.0,0,0.0,0
2012-08-16,2012-10-25,OPTSTK,GUJFLUORO,420.0,PE,0.0,0.0,0.0,69.15,68.35,0,0.0,0
2012-08-16,2012-10-25,OPTSTK,GUJFLUORO,440.0,PE,0.0,0.0,0.0,85.55,85.95,0,0.0,0
2012-08-16,2012-10-25,OPTSTK,GUJFLUORO,460.0,PE,0.0,0.0,0.0,102.95,104.35,0,0.0,0
2012-08-16,2012-10-25,OPTSTK,GUJFLUORO,480.0,PE,0.0,0.0,0.0,121.0,123.3,0,0.0,0
2012-08-16,2012-10-25,OPTSTK,GUJFLUORO,500.0,PE,0.0,0.0,0.0,139.6,142.55,0,0.0,0
2012-08-16,2012-10-25,OPTSTK,GUJFLUORO,520.0,PE,0.0,0.0,0.0,158.5,162.0,0,0.0,0
2012-08-16,2012-10-25,OPTSTK,GUJFLUORO,540.0,PE,0.0,0.0,0.0,177.65,181.55,0,0.0,0
2012-08-16,2012-10-25,OPTSTK,GUJFLUORO,560.0,PE,0.0,0.0,0.0,196.9,201.15,0,0.0,0
2012-08-16,2012-08-30,OPTSTK,GVKPIL,2.5,CE,0.0,0.0,0.0,9.6,10.35,0,0.0,0
2012-08-16,2012-08-30,OPTSTK,GVKPIL,5.0,CE,0.0,0.0,0.0,7.15,7.85,0,0.0,0
2012-08-16,2012-08-30,OPTSTK,GVKPIL,7.5,CE,0.0,0.0,0.0,4.8,5.35,0,0.0,0
2012-08-16,2012-08-30,OPTSTK,GVKPIL,10.0,CE,0.0,0.0,0.0,2.9,2.85,0,0.0,12000
2012-08-16,2012-08-30,OPTSTK,GVKPIL,12.5,CE,0.7,0.8,0.6,0.65,0.65,25,39.54,960000
2012-08-16,2012-08-30,OPTSTK,GVKPIL,15.0,CE,0.15,0.15,0.1,0.1,0.1,37,67.06,3648000
2012-08-16,2012-08-30,OPTSTK,GVKPIL,17.5,CE,0.0,0.0,0.0,0.05,0.0,0,0.0,1224000
2012-08-16,2012-08-30,OPTSTK,GVKPIL,20.0,CE,0.0,0.0,0.0,0.05,0.0,0,0.0,84000
2012-08-16,2012-08-30,OPTSTK,GVKPIL,22.5,CE,0.0,0.0,0.0,0.05,0.0,0,0.0,24000
2012-08-16,2012-08-30,OPTSTK,GVKPIL,25.0,CE,0.0,0.0,0.0,0.05,0.0,0,0.0,0
2012-08-16,2012-08-30,OPTSTK,GVKPIL,27.5,CE,0.0,0.0,0.0,0.05,0.0,0,0.0,0
2012-08-16,2012-08-30,OPTSTK,GVKPIL,30.0,CE,0.0,0.0,0.0,0.55,0.0,0,0.0,0
2012-08-16,2012-08-30,OPTSTK,GVKPIL,32.5,CE,0.0,0.0,0.0,0.05,0.0,0,0.0,0
2012-08-16,2012-08-30,OPTSTK,GVKPIL,35.0,CE,0.0,0.0,0.0,0.05,0.0,0,0.0,0
2012-08-16,2012-08-30,OPTSTK,GVKPIL,2.5,PE,0.0,0.0,0.0,0.05,0.0,0,0.0,0
2012-08-16,2012-08-30,OPTSTK,GVKPIL,5.0,PE,0.0,0.0,0.0,0.05,0.0,0,0.0,0
2012-08-16,2012-08-30,OPTSTK,GVKPIL,7.5,PE,0.0,0.0,0.0,0.1,0.0,0,0.0,0
2012-08-16,2012-08-30,OPTSTK,GVKPIL,10.0,PE,0.0,0.0,0.0,0.05,0.0,0,0.0,528000
2012-08-16,2012-08-30,OPTSTK,GVKPIL,12.5,PE,0.3,0.35,0.25,0.3,0.3,25,38.35,1308000
2012-08-16,2012-08-30,OPTSTK,GVKPIL,15.0,PE,0.0,0.0,0.0,2.45,2.2,0,0.0,108000
2012-08-16,2012-08-30,OPTSTK,GVKPIL,17.5,PE,0.0,0.0,0.0,5.4,4.65,0,0.0,0
2012-08-16,2012-08-30,OPTSTK,GVKPIL,20.0,PE,0.0,0.0,0.0,7.65,7.15,0,0.0,0
2012-08-16,2012-08-30,OPTSTK,GVKPIL,22.5,PE,0.0,0.0,0.0,10.05,9.65,0,0.0,0
2012-08-16,2012-08-30,OPTSTK,GVKPIL,25.0,PE,0.0,0.0,0.0,12.45,12.15,0,0.0,0
2012-08-16,2012-08-30,OPTSTK,GVKPIL,27.5,PE,0.0,0.0,0.0,14.85,14.65,0,0.0,0
2012-08-16,2012-08-30,OPTSTK,GVKPIL,30.0,PE,0.0,0.0,0.0,17.3,17.1,0,0.0,0
2012-08-16,2012-08-30,OPTSTK,GVKPIL,32.5,PE,0.0,0.0,0.0,19.75,19.6,0,0.0,0
2012-08-16,2012-08-30,OPTSTK,GVKPIL,35.0,PE,0.0,0.0,0.0,22.2,22.1,0,0.0,0
2012-08-16,2012-09-27,OPTSTK,GVKPIL,2.5,CE,0.0,0.0,0.0,12.35,10.35,0,0.0,0
2012-08-16,2012-09-27,OPTSTK,GVKPIL,5.0,CE,0.0,0.0,0.0,9.9,7.85,0,0.0,0
2012-08-16,2012-09-27,OPTSTK,GVKPIL,7.5,CE,0.0,0.0,0.0,7.45,5.4,0,0.0,0
2012-08-16,2012-09-27,OPTSTK,GVKPIL,10.0,CE,0.0,0.0,0.0,5.2,3.0,0,0.0,0
2012-08-16,2012-09-27,OPTSTK,GVKPIL,12.5,CE,0.0,0.0,0.0,3.3,1.2,0,0.0,0
2012-08-16,2012-09-27,OPTSTK,GVKPIL,15.0,CE,0.0,0.0,0.0,0.65,0.35,0,0.0,12000
2012-08-16,2012-09-27,OPTSTK,GVKPIL,17.5,CE,0.0,0.0,0.0,0.15,0.1,0,0.0,24000
2012-08-16,2012-09-27,OPTSTK,GVKPIL,20.0,CE,0.0,0.0,0.0,0.6,0.05,0,0.0,0
2012-08-16,2012-09-27,OPTSTK,GVKPIL,22.5,CE,0.0,0.0,0.0,0.3,0.0,0,0.0,0
2012-08-16,2012-09-27,OPTSTK,GVKPIL,25.0,CE,0.0,0.0,0.0,0.15,0.0,0,0.0,0
2012-08-16,2012-09-27,OPTSTK,GVKPIL,27.5,CE,0.0,0.0,0.0,0.1,0.0,0,0.0,0
2012-08-16,2012-09-27,OPTSTK,GVKPIL,30.0,CE,0.0,0.0,0.0,0.05,0.0,0,0.0,0
2012-08-16,2012-09-27,OPTSTK,GVKPIL,32.5,CE,0.0,0.0,0.0,0.05,0.0,0,0.0,0
2012-08-16,2012-09-27,OPTSTK,GVKPIL,35.0,CE,0.0,0.0,0.0,0.05,0.0,0,0.0,0
2012-08-16,2012-09-27,OPTSTK,GVKPIL,2.5,PE,0.0,0.0,0.0,0.05,0.0,0,0.0,0
2012-08-16,2012-09-27,OPTSTK,GVKPIL,5.0,PE,0.0,0.0,0.0,0.05,0.0,0,0.0,0
2012-08-16,2012-09-27,OPTSTK,GVKPIL,7.5,PE,0.0,0.0,0.0,0.05,0.0,0,0.0,0
2012-08-16,2012-09-27,OPTSTK,GVKPIL,10.0,PE,0.0,0.0,0.0,0.2,0.1,0,0.0,0
2012-08-16,2012-09-27,OPTSTK,GVKPIL,12.5,PE,0.0,0.0,0.0,0.75,0.8,0,0.0,0
2012-08-16,2012-09-27,OPTSTK,GVKPIL,15.0,PE,0.0,0.0,0.0,1.85,2.4,0,0.0,0
2012-08-16,2012-09-27,OPTSTK,GVKPIL,17.5,PE,0.0,0.0,0.0,3.45,4.6,0,0.0,0
2012-08-16,2012-09-27,OPTSTK,GVKPIL,20.0,PE,0.0,0.0,0.0,5.4,7.0,0,0.0,0
2012-08-16,2012-09-27,OPTSTK,GVKPIL,22.5,PE,0.0,0.0,0.0,7.55,9.5,0,0.0,0
2012-08-16,2012-09-27,OPTSTK,GVKPIL,25.0,PE,0.0,0.0,0.0,9.85,11.95,0,0.0,0
2012-08-16,2012-09-27,OPTSTK,GVKPIL,27.5,PE,0.0,0.0,0.0,12.2,14.45,0,0.0,0
2012-08-16,2012-09-27,OPTSTK,GVKPIL,30.0,PE,0.0,0.0,0.0,14.6,16.9,0,0.0,0
2012-08-16,2012-09-27,OPTSTK,GVKPIL,32.5,PE,0.0,0.0,0.0,17.05,19.4,0,0.0,0
2012-08-16,2012-09-27,OPTSTK,GVKPIL,35.0,PE,0.0,0.0,0.0,19.45,21.85,0,0.0,0
2012-08-16,2012-10-25,OPTSTK,GVKPIL,2.5,CE,0.0,0.0,0.0,9.95,10.35,0,0.0,0
2012-08-16,2012-10-25,OPTSTK,GVKPIL,5.0,CE,0.0,0.0,0.0,7.5,7.9,0,0.0,0
2012-08-16,2012-10-25,OPTSTK,GVKPIL,7.5,CE,0.0,0.0,0.0,5.1,5.45,0,0.0,0
2012-08-16,2012-10-25,OPTSTK,GVKPIL,10.0,CE,0.0,0.0,0.0,3.05,3.2,0,0.0,0
2012-08-16,2012-10-25,OPTSTK,GVKPIL,12.5,CE,0.0,0.0,0.0,1.6,1.5,0,0.0,0
2012-08-16,2012-10-25,OPTSTK,GVKPIL,15.0,CE,0.0,0.0,0.0,0.75,0.6,0,0.0,0
2012-08-16,2012-10-25,OPTSTK,GVKPIL,17.5,CE,0.0,0.0,0.0,0.35,0.25,0,0.0,0
2012-08-16,2012-10-25,OPTSTK,GVKPIL,20.0,CE,0.0,0.0,0.0,0.15,0.1,0,0.0,0
2012-08-16,2012-10-25,OPTSTK,GVKPIL,22.5,CE,0.0,0.0,0.0,0.1,0.05,0,0.0,0
2012-08-16,2012-10-25,OPTSTK,GVKPIL,25.0,CE,0.0,0.0,0.0,0.05,0.05,0,0.0,0
2012-08-16,2012-10-25,OPTSTK,GVKPIL,27.5,CE,0.0,0.0,0.0,0.05,0.0,0,0.0,0
2012-08-16,2012-10-25,OPTSTK,GVKPIL,30.0,CE,0.0,0.0,0.0,0.05,0.0,0,0.0,0
2012-08-16,2012-10-25,OPTSTK,GVKPIL,32.5,CE,0.0,0.0,0.0,0.05,0.0,0,0.0,0
2012-08-16,2012-10-25,OPTSTK,GVKPIL,35.0,CE,0.0,0.0,0.0,0.05,0.0,0,0.0,0
2012-08-16,2012-10-25,OPTSTK,GVKPIL,2.5,PE,0.0,0.0,0.0,0.05,0.0,0,0.0,0
2012-08-16,2012-10-25,OPTSTK,GVKPIL,5.0,PE,0.0,0.0,0.0,0.05,0.0,0,0.0,0
2012-08-16,2012-10-25,OPTSTK,GVKPIL,7.5,PE,0.0,0.0,0.0,0.05,0.05,0,0.0,0
2012-08-16,2012-10-25,OPTSTK,GVKPIL,10.0,PE,0.0,0.0,0.0,0.45,0.2,0,0.0,0
2012-08-16,2012-10-25,OPTSTK,GVKPIL,12.5,PE,0.0,0.0,0.0,1.45,1.0,0,0.0,0
2012-08-16,2012-10-25,OPTSTK,GVKPIL,15.0,PE,0.0,0.0,0.0,3.1,2.55,0,0.0,0
2012-08-16,2012-10-25,OPTSTK,GVKPIL,17.5,PE,0.0,0.0,0.0,5.1,4.6,0,0.0,0
2012-08-16,2012-10-25,OPTSTK,GVKPIL,20.0,PE,0.0,0.0,0.0,7.35,6.95,0,0.0,0
2012-08-16,2012-10-25,OPTSTK,GVKPIL,22.5,PE,0.0,0.0,0.0,9.7,9.35,0,0.0,0
2012-08-16,2012-10-25,OPTSTK,GVKPIL,25.0,PE,0.0,0.0,0.0,12.15,11.8,0,0.0,0
2012-08-16,2012-10-25,OPTSTK,GVKPIL,27.5,PE,0.0,0.0,0.0,14.55,14.25,0,0.0,0
2012-08-16,2012-10-25,OPTSTK,GVKPIL,30.0,PE,0.0,0.0,0.0,17.0,16.7,0,0.0,0
2012-08-16,2012-10-25,OPTSTK,GVKPIL,32.5,PE,0.0,0.0,0.0,19.45,19.15,0,0.0,0
2012-08-16,2012-10-25,OPTSTK,GVKPIL,35.0,PE,0.0,0.0,0.0,21.9,21.6,0,0.0,0
2012-08-16,2012-08-30,OPTSTK,HAVELLS,240.0,CE,0.0,0.0,0.0,324.85,315.65,0,0.0,0
2012-08-16,2012-08-30,OPTSTK,HAVELLS,260.0,CE,0.0,0.0,0.0,305.4,295.75,0,0.0,0
2012-08-16,2012-08-30,OPTSTK,HAVELLS,280.0,CE,0.0,0.0,0.0,286.0,275.8,0,0.0,0
2012-08-16,2012-08-30,OPTSTK,HAVELLS,300.0,CE,0.0,0.0,0.0,266.65,255.85,0,0.0,0
2012-08-16,2012-08-30,OPTSTK,HAVELLS,320.0,CE,0.0,0.0,0.0,247.5,235.95,0,0.0,0
2012-08-16,2012-08-30,OPTSTK,HAVELLS,340.0,CE,0.0,0.0,0.0,228.65,216.0,0,0.0,0
2012-08-16,2012-08-30,OPTSTK,HAVELLS,360.0,CE,0.0,0.0,0.0,210.1,196.05,0,0.0,0
2012-08-16,2012-08-30,OPTSTK,HAVELLS,380.0,CE,0.0,0.0,0.0,192.05,176.15,0,0.0,0
2012-08-16,2012-08-30,OPTSTK,HAVELLS,400.0,CE,0.0,0.0,0.0,174.6,156.2,0,0.0,0
2012-08-16,2012-08-30,OPTSTK,HAVELLS,420.0,CE,0.0,0.0,0.0,157.9,136.25,0,0.0,0
2012-08-16,2012-08-30,OPTSTK,HAVELLS,440.0,CE,0.0,0.0,0.0,141.95,116.35,0,0.0,0
2012-08-16,2012-08-30,OPTSTK,HAVELLS,460.0,CE,0.0,0.0,0.0,127.0,96.4,0,0.0,0
2012-08-16,2012-08-30,OPTSTK,HAVELLS,480.0,CE,0.0,0.0,0.0,112.95,76.55,0,0.0,0
2012-08-16,2012-08-30,OPTSTK,HAVELLS,500.0,CE,0.0,0.0,0.0,45.0,57.0,0,0.0,500
2012-08-16,2012-08-30,OPTSTK,HAVELLS,520.0,CE,0.0,0.0,0.0,88.05,38.7,0,0.0,0
2012-08-16,2012-08-30,OPTSTK,HAVELLS,540.0,CE,0.0,0.0,0.0,77.15,23.15,0,0.0,0
2012-08-16,2012-08-30,OPTSTK,HAVELLS,560.0,CE,0.0,0.0,0.0,17.0,11.85,0,0.0,1000
2012-08-16,2012-08-30,OPTSTK,HAVELLS,580.0,CE,0.0,0.0,0.0,58.5,5.1,0,0.0,0
2012-08-16,2012-08-30,OPTSTK,HAVELLS,600.0,CE,0.0,0.0,0.0,1.5,1.85,0,0.0,1000
2012-08-16,2012-08-30,OPTSTK,HAVELLS,620.0,CE,0.0,0.0,0.0,43.65,0.55,0,0.0,0
2012-08-16,2012-08-30,OPTSTK,HAVELLS,640.0,CE,0.0,0.0,0.0,37.5,0.15,0,0.0,0
2012-08-16,2012-08-30,OPTSTK,HAVELLS,660.0,CE,0.0,0.0,0.0,4.0,0.05,0,0.0,0
2012-08-16,2012-08-30,OPTSTK,HAVELLS,680.0,CE,0.0,0.0,0.0,27.45,0.0,0,0.0,0
2012-08-16,2012-08-30,OPTSTK,HAVELLS,700.0,CE,0.0,0.0,0.0,23.4,0.0,0,0.0,0
2012-08-16,2012-08-30,OPTSTK,HAVELLS,720.0,CE,0.0,0.0,0.0,19.85,0.0,0,0.0,0
2012-08-16,2012-08-30,OPTSTK,HAVELLS,740.0,CE,0.0,0.0,0.0,16.85,0.0,0,0.0,0
2012-08-16,2012-08-30,OPTSTK,HAVELLS,760.0,CE,0.0,0.0,0.0,14.25,0.0,0,0.0,0
2012-08-16,2012-08-30,OPTSTK,HAVELLS,780.0,CE,0.0,0.0,0.0,12.0,0.0,0,0.0,0
2012-08-16,2012-08-30,OPTSTK,HAVELLS,800.0,CE,0.0,0.0,0.0,10.1,0.0,0,0.0,0
2012-08-16,2012-08-30,OPTSTK,HAVELLS,240.0,PE,0.0,0.0,0.0,0.05,0.0,0,0.0,0
2012-08-16,2012-08-30,OPTSTK,HAVELLS,260.0,PE,0.0,0.0,0.0,0.1,0.0,0,0.0,0
2012-08-16,2012-08-30,OPTSTK,HAVELLS,280.0,PE,0.0,0.0,0.0,0.2,0.0,0,0.0,0
2012-08-16,2012-08-30,OPTSTK,HAVELLS,300.0,PE,0.0,0.0,0.0,0.4,0.0,0,0.0,0
2012-08-16,2012-08-30,OPTSTK,HAVELLS,320.0,PE,0.0,0.0,0.0,0.75,0.0,0,0.0,0
2012-08-16,2012-08-30,OPTSTK,HAVELLS,340.0,PE,0.0,0.0,0.0,1.4,0.0,0,0.0,0
2012-08-16,2012-08-30,OPTSTK,HAVELLS,360.0,PE,0.0,0.0,0.0,2.4,0.0,0,0.0,0
2012-08-16,2012-08-30,OPTSTK,HAVELLS,380.0,PE,0.0,0.0,0.0,3.85,0.0,0,0.0,0
2012-08-16,2012-08-30,OPTSTK,HAVELLS,400.0,PE,0.0,0.0,0.0,5.9,0.0,0,0.0,0
2012-08-16,2012-08-30,OPTSTK,HAVELLS,420.0,PE,0.0,0.0,0.0,8.7,0.0,0,0.0,0
2012-08-16,2012-08-30,OPTSTK,HAVELLS,440.0,PE,0.0,0.0,0.0,12.3,0.0,0,0.0,0
2012-08-16,2012-08-30,OPTSTK,HAVELLS,460.0,PE,0.0,0.0,0.0,16.85,0.05,0,0.0,0
2012-08-16,2012-08-30,OPTSTK,HAVELLS,480.0,PE,0.0,0.0,0.0,22.35,0.1,0,0.0,0
2012-08-16,2012-08-30,OPTSTK,HAVELLS,500.0,PE,0.0,0.0,0.0,28.85,0.5,0,0.0,0
2012-08-16,2012-08-30,OPTSTK,HAVELLS,520.0,PE,0.0,0.0,0.0,36.45,2.15,0,0.0,0
2012-08-16,2012-08-30,OPTSTK,HAVELLS,540.0,PE,0.0,0.0,0.0,5.0,6.5,0,0.0,500
2012-08-16,2012-08-30,OPTSTK,HAVELLS,560.0,PE,0.0,0.0,0.0,54.8,15.15,0,0.0,0
2012-08-16,2012-08-30,OPTSTK,HAVELLS,580.0,PE,0.0,0.0,0.0,65.5,28.35,0,0.0,0
2012-08-16,2012-08-30,OPTSTK,HAVELLS,600.0,PE,0.0,0.0,0.0,77.15,44.95,0,0.0,0
2012-08-16,2012-08-30,OPTSTK,HAVELLS,620.0,PE,0.0,0.0,0.0,89.7,63.65,0,0.0,0
2012-08-16,2012-08-30,OPTSTK,HAVELLS,640.0,PE,0.0,0.0,0.0,103.05,83.15,0,0.0,0
2012-08-16,2012-08-30,OPTSTK,HAVELLS,660.0,PE,0.0,0.0,0.0,117.2,103.0,0,0.0,0
2012-08-16,2012-08-30,OPTSTK,HAVELLS,680.0,PE,0.0,0.0,0.0,132.05,122.9,0,0.0,0
2012-08-16,2012-08-30,OPTSTK,HAVELLS,700.0,PE,0.0,0.0,0.0,147.5,142.85,0,0.0,0
2012-08-16,2012-08-30,OPTSTK,HAVELLS,720.0,PE,0.0,0.0,0.0,163.45,162.75,0,0.0,0
2012-08-16,2012-08-30,OPTSTK,HAVELLS,740.0,PE,0.0,0.0,0.0,179.95,182.7,0,0.0,0
2012-08-16,2012-08-30,OPTSTK,HAVELLS,760.0,PE,0.0,0.0,0.0,196.85,202.65,0,0.0,0
2012-08-16,2012-08-30,OPTSTK,HAVELLS,780.0,PE,0.0,0.0,0.0,214.15,222.55,0,0.0,0
2012-08-16,2012-08-30,OPTSTK,HAVELLS,800.0,PE,0.0,0.0,0.0,231.8,242.5,0,0.0,0
2012-08-16,2012-09-27,OPTSTK,HAVELLS,240.0,CE,0.0,0.0,0.0,339.5,317.35,0,0.0,0
2012-08-16,2012-09-27,OPTSTK,HAVELLS,260.0,CE,0.0,0.0,0.0,319.95,297.55,0,0.0,0
2012-08-16,2012-09-27,OPTSTK,HAVELLS,280.0,CE,0.0,0.0,0.0,300.45,277.75,0,0.0,0
2012-08-16,2012-09-27,OPTSTK,HAVELLS,300.0,CE,0.0,0.0,0.0,280.9,257.95,0,0.0,0
2012-08-16,2012-09-27,OPTSTK,HAVELLS,320.0,CE,0.0,0.0,0.0,261.4,238.2,0,0.0,0
2012-08-16,2012-09-27,OPTSTK,HAVELLS,340.0,CE,0.0,0.0,0.0,241.9,218.4,0,0.0,0
2012-08-16,2012-09-27,OPTSTK,HAVELLS,360.0,CE,0.0,0.0,0.0,222.5,198.6,0,0.0,0
2012-08-16,2012-09-27,OPTSTK,HAVELLS,380.0,CE,0.0,0.0,0.0,203.25,178.8,0,0.0,0
2012-08-16,2012-09-27,OPTSTK,HAVELLS,400.0,CE,0.0,0.0,0.0,184.25,159.0,0,0.0,0
2012-08-16,2012-09-27,OPTSTK,HAVELLS,420.0,CE,0.0,0.0,0.0,165.65,139.25,0,0.0,0
2012-08-16,2012-09-27,OPTSTK,HAVELLS,440.0,CE,0.0,0.0,0.0,147.6,119.6,0,0.0,0
2012-08-16,2012-09-27,OPTSTK,HAVELLS,460.0,CE,0.0,0.0,0.0,130.25,100.25,0,0.0,0
2012-08-16,2012-09-27,OPTSTK,HAVELLS,480.0,CE,0.0,0.0,0.0,113.8,81.45,0,0.0,0
2012-08-16,2012-09-27,OPTSTK,HAVELLS,500.0,CE,0.0,0.0,0.0,98.4,63.85,0,0.0,0
2012-08-16,2012-09-27,OPTSTK,HAVELLS,520.0,CE,0.0,0.0,0.0,84.2,48.0,0,0.0,0
2012-08-16,2012-09-27,OPTSTK,HAVELLS,540.0,CE,0.0,0.0,0.0,71.35,34.4,0,0.0,0
2012-08-16,2012-09-27,OPTSTK,HAVELLS,560.0,CE,0.0,0.0,0.0,59.8,23.5,0,0.0,0
2012-08-16,2012-09-27,OPTSTK,HAVELLS,580.0,CE,0.0,0.0,0.0,49.65,15.25,0,0.0,0
2012-08-16,2012-09-27,OPTSTK,HAVELLS,600.0,CE,0.0,0.0,0.0,40.85,9.4,0,0.0,0
2012-08-16,2012-09-27,OPTSTK,HAVELLS,620.0,CE,0.0,0.0,0.0,33.25,5.5,0,0.0,0
2012-08-16,2012-09-27,OPTSTK,HAVELLS,640.0,CE,0.0,0.0,0.0,26.85,3.1,0,0.0,0
2012-08-16,2012-09-27,OPTSTK,HAVELLS,660.0,CE,0.0,0.0,0.0,21.55,1.65,0,0.0,0
2012-08-16,2012-09-27,OPTSTK,HAVELLS,680.0,CE,0.0,0.0,0.0,17.1,0.85,0,0.0,0
2012-08-16,2012-09-27,OPTSTK,HAVELLS,700.0,CE,0.0,0.0,0.0,13.5,0.4,0,0.0,0
2012-08-16,2012-09-27,OPTSTK,HAVELLS,720.0,CE,0.0,0.0,0.0,10.55,0.2,0,0.0,0
2012-08-16,2012-09-27,OPTSTK,HAVELLS,740.0,CE,0.0,0.0,0.0,8.2,0.1,0,0.0,0
2012-08-16,2012-09-27,OPTSTK,HAVELLS,760.0,CE,0.0,0.0,0.0,6.35,0.05,0,0.0,0
2012-08-16,2012-09-27,OPTSTK,HAVELLS,780.0,CE,0.0,0.0,0.0,4.9,0.05,0,0.0,0
2012-08-16,2012-09-27,OPTSTK,HAVELLS,800.0,CE,0.0,0.0,0.0,3.75,0.05,0,0.0,0
2012-08-16,2012-09-27,OPTSTK,HAVELLS,240.0,PE,0.0,0.0,0.0,0.05,0.0,0,0.0,0
2012-08-16,2012-09-27,OPTSTK,HAVELLS,260.0,PE,0.0,0.0,0.0,0.05,0.0,0,0.0,0
2012-08-16,2012-09-27,OPTSTK,HAVELLS,280.0,PE,0.0,0.0,0.0,0.05,0.0,0,0.0,0
2012-08-16,2012-09-27,OPTSTK,HAVELLS,300.0,PE,0.0,0.0,0.0,0.05,0.0,0,0.0,0
2012-08-16,2012-09-27,OPTSTK,HAVELLS,320.0,PE,0.0,0.0,0.0,0.05,0.0,0,0.0,0
2012-08-16,2012-09-27,OPTSTK,HAVELLS,340.0,PE,0.0,0.0,0.0,0.1,0.0,0,0.0,0
2012-08-16,2012-09-27,OPTSTK,HAVELLS,360.0,PE,0.0,0.0,0.0,0.25,0.0,0,0.0,0
2012-08-16,2012-09-27,OPTSTK,HAVELLS,380.0,PE,0.0,0.0,0.0,0.55,0.0,0,0.0,0
2012-08-16,2012-09-27,OPTSTK,HAVELLS,400.0,PE,0.0,0.0,0.0,1.05,0.05,0,0.0,0
2012-08-16,2012-09-27,OPTSTK,HAVELLS,420.0,PE,0.0,0.0,0.0,2.0,0.05,0,0.0,0
2012-08-16,2012-09-27,OPTSTK,HAVELLS,440.0,PE,0.0,0.0,0.0,3.45,0.2,0,0.0,0
2012-08-16,2012-09-27,OPTSTK,HAVELLS,460.0,PE,0.0,0.0,0.0,5.65,0.6,0,0.0,0
2012-08-16,2012-09-27,OPTSTK,HAVELLS,480.0,PE,0.0,0.0,0.0,8.7,1.65,0,0.0,0
2012-08-16,2012-09-27,OPTSTK,HAVELLS,500.0,PE,0.0,0.0,0.0,12.85,3.85,0,0.0,0
2012-08-16,2012-09-27,OPTSTK,HAVELLS,520.0,PE,0.0,0.0,0.0,18.25,7.75,0,0.0,0
2012-08-16,2012-09-27,OPTSTK,HAVELLS,540.0,PE,0.0,0.0,0.0,24.85,14.0,0,0.0,0
2012-08-16,2012-09-27,OPTSTK,HAVELLS,560.0,PE,0.0,0.0,0.0,32.9,22.85,0,0.0,0
2012-08-16,2012-09-27,OPTSTK,HAVELLS,580.0,PE,0.0,0.0,0.0,42.25,34.4,0,0.0,0
2012-08-16,2012-09-27,OPTSTK,HAVELLS,600.0,PE,0.0,0.0,0.0,52.95,48.35,0,0.0,0
2012-08-16,2012-09-27,OPTSTK,HAVELLS,620.0,PE,0.0,0.0,0.0,64.95,64.25,0,0.0,0
2012-08-16,2012-09-27,OPTSTK,HAVELLS,640.0,PE,0.0,0.0,0.0,78.05,81.6,0,0.0,0
2012-08-16,2012-09-27,OPTSTK,HAVELLS,660.0,PE,0.0,0.0,0.0,92.25,99.95,0,0.0,0
2012-08-16,2012-09-27,OPTSTK,HAVELLS,680.0,PE,0.0,0.0,0.0,107.4,118.95,0,0.0,0
2012-08-16,2012-09-27,OPTSTK,HAVELLS,700.0,PE,0.0,0.0,0.0,123.3,138.35,0,0.0,0
2012-08-16,2012-09-27,OPTSTK,HAVELLS,720.0,PE,0.0,0.0,0.0,139.9,157.9,0,0.0,0
2012-08-16,2012-09-27,OPTSTK,HAVELLS,740.0,PE,0.0,0.0,0.0,157.1,177.6,0,0.0,0
2012-08-16,2012-09-27,OPTSTK,HAVELLS,760.0,PE,0.0,0.0,0.0,174.75,197.35,0,0.0,0
2012-08-16,2012-09-27,OPTSTK,HAVELLS,780.0,PE,0.0,0.0,0.0,192.85,217.1,0,0.0,0
2012-08-16,2012-09-27,OPTSTK,HAVELLS,800.0,PE,0.0,0.0,0.0,211.2,236.9,0,0.0,0
2012-08-16,2012-10-25,OPTSTK,HAVELLS,240.0,CE,0.0,0.0,0.0,335.55,319.0,0,0.0,0
2012-08-16,2012-10-25,OPTSTK,HAVELLS,260.0,CE,0.0,0.0,0.0,316.0,299.35,0,0.0,0
2012-08-16,2012-10-25,OPTSTK,HAVELLS,280.0,CE,0.0,0.0,0.0,296.5,279.7,0,0.0,0
2012-08-16,2012-10-25,OPTSTK,HAVELLS,300.0,CE,0.0,0.0,0.0,276.95,260.0,0,0.0,0
2012-08-16,2012-10-25,OPTSTK,HAVELLS,320.0,CE,0.0,0.0,0.0,257.4,240.35,0,0.0,0
2012-08-16,2012-10-25,OPTSTK,HAVELLS,340.0,CE,0.0,0.0,0.0,237.9,220.7,0,0.0,0
2012-08-16,2012-10-25,OPTSTK,HAVELLS,360.0,CE,0.0,0.0,0.0,218.4,201.05,0,0.0,0
2012-08-16,2012-10-25,OPTSTK,HAVELLS,380.0,CE,0.0,0.0,0.0,199.05,181.4,0,0.0,0
2012-08-16,2012-10-25,OPTSTK,HAVELLS,400.0,CE,0.0,0.0,0.0,179.85,161.85,0,0.0,0
2012-08-16,2012-10-25,OPTSTK,HAVELLS,420.0,CE,0.0,0.0,0.0,161.0,142.4,0,0.0,0
2012-08-16,2012-10-25,OPTSTK,HAVELLS,440.0,CE,0.0,0.0,0.0,142.6,123.25,0,0.0,0
2012-08-16,2012-10-25,OPTSTK,HAVELLS,460.0,CE,0.0,0.0,0.0,124.95,104.7,0,0.0,0
2012-08-16,2012-10-25,OPTSTK,HAVELLS,480.0,CE,0.0,0.0,0.0,108.15,87.0,0,0.0,0
2012-08-16,2012-10-25,OPTSTK,HAVELLS,500.0,CE,0.0,0.0,0.0,92.45,70.55,0,0.0,0
2012-08-16,2012-10-25,OPTSTK,HAVELLS,520.0,CE,0.0,0.0,0.0,78.05,55.8,0,0.0,0
2012-08-16,2012-10-25,OPTSTK,HAVELLS,540.0,CE,0.0,0.0,0.0,65.0,42.9,0,0.0,0
2012-08-16,2012-10-25,OPTSTK,HAVELLS,560.0,CE,0.0,0.0,0.0,53.5,32.1,0,0.0,0
2012-08-16,2012-10-25,OPTSTK,HAVELLS,580.0,CE,0.0,0.0,0.0,43.45,23.35,0,0.0,0
2012-08-16,2012-10-25,OPTSTK,HAVELLS,600.0,CE,0.0,0.0,0.0,34.85,16.5,0,0.0,0
2012-08-16,2012-10-25,OPTSTK,HAVELLS,620.0,CE,0.0,0.0,0.0,27.65,11.4,0,0.0,0
2012-08-16,2012-10-25,OPTSTK,HAVELLS,640.0,CE,0.0,0.0,0.0,21.7,7.65,0,0.0,0
2012-08-16,2012-10-25,OPTSTK,HAVELLS,660.0,CE,0.0,0.0,0.0,16.85,5.0,0,0.0,0
2012-08-16,2012-10-25,OPTSTK,HAVELLS,680.0,CE,0.0,0.0,0.0,12.95,3.2,0,0.0,0
2012-08-16,2012-10-25,OPTSTK,HAVELLS,700.0,CE,0.0,0.0,0.0,9.85,2.0,0,0.0,0
2012-08-16,2012-10-25,OPTSTK,HAVELLS,720.0,CE,0.0,0.0,0.0,7.4,1.25,0,0.0,0
2012-08-16,2012-10-25,OPTSTK,HAVELLS,740.0,CE,0.0,0.0,0.0,5.55,0.75,0,0.0,0
2012-08-16,2012-10-25,OPTSTK,HAVELLS,760.0,CE,0.0,0.0,0.0,4.1,0.45,0,0.0,0
2012-08-16,2012-10-25,OPTSTK,HAVELLS,780.0,CE,0.0,0.0,0.0,3.0,0.25,0,0.0,0
2012-08-16,2012-10-25,OPTSTK,HAVELLS,800.0,CE,0.0,0.0,0.0,2.2,0.15,0,0.0,0
2012-08-16,2012-10-25,OPTSTK,HAVELLS,240.0,PE,0.0,0.0,0.0,0.05,0.0,0,0.0,0
2012-08-16,2012-10-25,OPTSTK,HAVELLS,260.0,PE,0.0,0.0,0.0,0.05,0.0,0,0.0,0
2012-08-16,2012-10-25,OPTSTK,HAVELLS,280.0,PE,0.0,0.0,0.0,0.05,0.0,0,0.0,0
2012-08-16,2012-10-25,OPTSTK,HAVELLS,300.0,PE,0.0,0.0,0.0,0.05,0.0,0,0.0,0
2012-08-16,2012-10-25,OPTSTK,HAVELLS,320.0,PE,0.0,0.0,0.0,0.05,0.0,0,0.0,0
2012-08-16,2012-10-25,OPTSTK,HAVELLS,340.0,PE,0.0,0.0,0.0,0.05,0.0,0,0.0,0
2012-08-16,2012-10-25,OPTSTK,HAVELLS,360.0,PE,0.0,0.0,0.0,0.15,0.05,0,0.0,0
2012-08-16,2012-10-25,OPTSTK,HAVELLS,380.0,PE,0.0,0.0,0.0,0.3,0.05,0,0.0,0
2012-08-16,2012-10-25,OPTSTK,HAVELLS,400.0,PE,0.0,0.0,0.0,0.7,0.15,0,0.0,0
2012-08-16,2012-10-25,OPTSTK,HAVELLS,420.0,PE,0.0,0.0,0.0,1.35,0.35,0,0.0,0
2012-08-16,2012-10-25,OPTSTK,HAVELLS,440.0,PE,0.0,0.0,0.0,2.55,0.85,0,0.0,0
2012-08-16,2012-10-25,OPTSTK,HAVELLS,460.0,PE,0.0,0.0,0.0,4.4,1.95,0,0.0,0
2012-08-16,2012-10-25,OPTSTK,HAVELLS,480.0,PE,0.0,0.0,0.0,7.15,3.9,0,0.0,0
2012-08-16,2012-10-25,OPTSTK,HAVELLS,500.0,PE,0.0,0.0,0.0,11.0,7.15,0,0.0,0
2012-08-16,2012-10-25,OPTSTK,HAVELLS,520.0,PE,0.0,0.0,0.0,16.15,12.0,0,0.0,0
2012-08-16,2012-10-25,OPTSTK,HAVELLS,540.0,PE,0.0,0.0,0.0,22.65,18.8,0,0.0,0
2012-08-16,2012-10-25,OPTSTK,HAVELLS,560.0,PE,0.0,0.0,0.0,30.7,27.6,0,0.0,0
2012-08-16,2012-10-25,OPTSTK,HAVELLS,580.0,PE,0.0,0.0,0.0,40.2,38.55,0,0.0,0
2012-08-16,2012-10-25,OPTSTK,HAVELLS,600.0,PE,0.0,0.0,0.0,51.15,51.35,0,0.0,0
2012-08-16,2012-10-25,OPTSTK,HAVELLS,620.0,PE,0.0,0.0,0.0,63.5,65.9,0,0.0,0
2012-08-16,2012-10-25,OPTSTK,HAVELLS,640.0,PE,0.0,0.0,0.0,77.05,81.8,0,0.0,0
2012-08-16,2012-10-25,OPTSTK,HAVELLS,660.0,PE,0.0,0.0,0.0,91.75,98.85,0,0.0,0
2012-08-16,2012-10-25,OPTSTK,HAVELLS,680.0,PE,0.0,0.0,0.0,107.4,116.7,0,0.0,0
2012-08-16,2012-10-25,OPTSTK,HAVELLS,700.0,PE,0.0,0.0,0.0,123.85,135.15,0,0.0,0
2012-08-16,2012-10-25,OPTSTK,HAVELLS,720.0,PE,0.0,0.0,0.0,140.95,154.0,0,0.0,0
2012-08-16,2012-10-25,OPTSTK,HAVELLS,740.0,PE,0.0,0.0,0.0,158.65,173.2,0,0.0,0
2012-08-16,2012-10-25,OPTSTK,HAVELLS,760.0,PE,0.0,0.0,0.0,176.75,192.55,0,0.0,0
2012-08-16,2012-10-25,OPTSTK,HAVELLS,780.0,PE,0.0,0.0,0.0,195.2,212.05,0,0.0,0
2012-08-16,2012-10-25,OPTSTK,HAVELLS,800.0,PE,0.0,0.0,0.0,213.95,231.6,0,0.0,0
2012-08-16,2012-08-30,OPTSTK,HCC,5.0,CE,0.0,0.0,0.0,12.8,12.2,0,0.0,0
2012-08-16,2012-08-30,OPTSTK,HCC,7.5,CE,0.0,0.0,0.0,10.35,9.7,0,0.0,0
2012-08-16,2012-08-30,OPTSTK,HCC,10.0,CE,0.0,0.0,0.0,7.95,7.2,0,0.0,0
2012-08-16,2012-08-30,OPTSTK,HCC,12.5,CE,0.0,0.0,0.0,5.6,4.7,0,0.0,0
2012-08-16,2012-08-30,OPTSTK,HCC,15.0,CE,0.0,0.0,0.0,3.65,2.25,0,0.0,0
2012-08-16,2012-08-30,OPTSTK,HCC,17.5,CE,0.5,0.5,0.5,0.5,0.5,1,1.44,184000
2012-08-16,2012-08-30,OPTSTK,HCC,20.0,CE,0.1,0.1,0.1,0.1,0.1,3,4.82,608000
2012-08-16,2012-08-30,OPTSTK,HCC,22.5,CE,0.0,0.0,0.0,0.05,0.0,0,0.0,216000
2012-08-16,2012-08-30,OPTSTK,HCC,25.0,CE,0.0,0.0,0.0,0.05,0.0,0,0.0,8000
2012-08-16,2012-08-30,OPTSTK,HCC,27.5,CE,0.0,0.0,0.0,0.25,0.0,0,0.0,0
2012-08-16,2012-08-30,OPTSTK,HCC,30.0,CE,0.0,0.0,0.0,0.1,0.0,0,0.0,0
2012-08-16,2012-08-30,OPTSTK,HCC,32.5,CE,0.0,0.0,0.0,0.05,0.0,0,0.0,0
2012-08-16,2012-08-30,OPTSTK,HCC,35.0,CE,0.0,0.0,0.0,0.05,0.0,0,0.0,0
2012-08-16,2012-08-30,OPTSTK,HCC,37.5,CE,0.0,0.0,0.0,0.05,0.0,0,0.0,0
2012-08-16,2012-08-30,OPTSTK,HCC,40.0,CE,0.0,0.0,0.0,0.05,0.0,0,0.0,0
2012-08-16,2012-08-30,OPTSTK,HCC,42.5,CE,0.0,0.0,0.0,0.05,0.0,0,0.0,0
2012-08-16,2012-08-30,OPTSTK,HCC,5.0,PE,0.0,0.0,0.0,0.05,0.0,0,0.0,0
2012-08-16,2012-08-30,OPTSTK,HCC,7.5,PE,0.0,0.0,0.0,0.05,0.0,0,0.0,0
2012-08-16,2012-08-30,OPTSTK,HCC,10.0,PE,0.0,0.0,0.0,0.05,0.0,0,0.0,0
2012-08-16,2012-08-30,OPTSTK,HCC,12.5,PE,0.0,0.0,0.0,0.15,0.0,0,0.0,0
2012-08-16,2012-08-30,OPTSTK,HCC,15.0,PE,0.0,0.0,0.0,0.1,0.05,0,0.0,48000
2012-08-16,2012-08-30,OPTSTK,HCC,17.5,PE,0.0,0.0,0.0,0.75,0.8,0,0.0,64000
2012-08-16,2012-08-30,OPTSTK,HCC,20.0,PE,0.0,0.0,0.0,2.0,2.85,0,0.0,8000
2012-08-16,2012-08-30,OPTSTK,HCC,22.5,PE,0.0,0.0,0.0,4.95,5.3,0,0.0,0
2012-08-16,2012-08-30,OPTSTK,HCC,25.0,PE,0.0,0.0,0.0,7.05,7.8,0,0.0,0
2012-08-16,2012-08-30,OPTSTK,HCC,27.5,PE,0.0,0.0,0.0,9.35,10.3,0,0.0,0
2012-08-16,2012-08-30,OPTSTK,HCC,30.0,PE,0.0,0.0,0.0,11.7,12.75,0,0.0,0
2012-08-16,2012-08-30,OPTSTK,HCC,32.5,PE,0.0,0.0,0.0,14.1,15.25,0,0.0,0
2012-08-16,2012-08-30,OPTSTK,HCC,35.0,PE,0.0,0.0,0.0,16.55,17.75,0,0.0,0
2012-08-16,2012-08-30,OPTSTK,HCC,37.5,PE,0.0,0.0,0.0,18.95,20.25,0,0.0,0
2012-08-16,2012-08-30,OPTSTK,HCC,40.0,PE,0.0,0.0,0.0,21.4,22.75,0,0.0,0
2012-08-16,2012-08-30,OPTSTK,HCC,42.5,PE,0.0,0.0,0.0,23.85,25.25,0,0.0,0
2012-08-16,2012-09-27,OPTSTK,HCC,5.0,CE,0.0,0.0,0.0,14.6,12.2,0,0.0,0
2012-08-16,2012-09-27,OPTSTK,HCC,7.5,CE,0.0,0.0,0.0,12.15,9.75,0,0.0,0
2012-08-16,2012-09-27,OPTSTK,HCC,10.0,CE,0.0,0.0,0.0,9.7,7.25,0,0.0,0
2012-08-16,2012-09-27,OPTSTK,HCC,12.5,CE,0.0,0.0,0.0,7.3,4.8,0,0.0,0
2012-08-16,2012-09-27,OPTSTK,HCC,15.0,CE,0.0,0.0,0.0,5.05,2.55,0,0.0,0
2012-08-16,2012-09-27,OPTSTK,HCC,17.5,CE,0.0,0.0,0.0,3.15,0.95,0,0.0,0
2012-08-16,2012-09-27,OPTSTK,HCC,20.0,CE,0.0,0.0,0.0,1.8,0.25,0,0.0,0
2012-08-16,2012-09-27,OPTSTK,HCC,22.5,CE,0.0,0.0,0.0,0.95,0.05,0,0.0,0
2012-08-16,2012-09-27,OPTSTK,HCC,25.0,CE,0.0,0.0,0.0,0.45,0.05,0,0.0,0
2012-08-16,2012-09-27,OPTSTK,HCC,27.5,CE,0.0,0.0,0.0,0.25,0.0,0,0.0,0
2012-08-16,2012-09-27,OPTSTK,HCC,30.0,CE,0.0,0.0,0.0,0.1,0.0,0,0.0,0
2012-08-16,2012-09-27,OPTSTK,HCC,32.5,CE,0.0,0.0,0.0,0.05,0.0,0,0.0,0
2012-08-16,2012-09-27,OPTSTK,HCC,35.0,CE,0.0,0.0,0.0,0.05,0.0,0,0.0,0
2012-08-16,2012-09-27,OPTSTK,HCC,37.5,CE,0.0,0.0,0.0,0.05,0.0,0,0.0,0
2012-08-16,2012-09-27,OPTSTK,HCC,40.0,CE,0.0,0.0,0.0,0.05,0.0,0,0.0,0
2012-08-16,2012-09-27,OPTSTK,HCC,42.5,CE,0.0,0.0,0.0,0.05,0.0,0,0.0,0
2012-08-16,2012-09-27,OPTSTK,HCC,5.0,PE,0.0,0.0,0.0,0.05,0.0,0,0.0,0
2012-08-16,2012-09-27,OPTSTK,HCC,7.5,PE,0.0,0.0,0.0,0.05,0.0,0,0.0,0
2012-08-16,2012-09-27,OPTSTK,HCC,10.0,PE,0.0,0.0,0.0,0.05,0.0,0,0.0,0
2012-08-16,2012-09-27,OPTSTK,HCC,12.5,PE,0.0,0.0,0.0,0.05,0.05,0,0.0,0
2012-08-16,2012-09-27,OPTSTK,HCC,15.0,PE,0.0,0.0,0.0,0.25,0.25,0,0.0,0
2012-08-16,2012-09-27,OPTSTK,HCC,17.5,PE,0.0,0.0,0.0,0.8,1.15,0,0.0,0
2012-08-16,2012-09-27,OPTSTK,HCC,20.0,PE,0.0,0.0,0.0,1.9,2.9,0,0.0,0
2012-08-16,2012-09-27,OPTSTK,HCC,22.5,PE,0.0,0.0,0.0,3.45,5.2,0,0.0,0
2012-08-16,2012-09-27,OPTSTK,HCC,25.0,PE,0.0,0.0,0.0,5.45,7.6,0,0.0,0
2012-08-16,2012-09-27,OPTSTK,HCC,27.5,PE,0.0,0.0,0.0,7.65,10.1,0,0.0,0
2012-08-16,2012-09-27,OPTSTK,HCC,30.0,PE,0.0,0.0,0.0,9.95,12.55,0,0.0,0
2012-08-16,2012-09-27,OPTSTK,HCC,32.5,PE,0.0,0.0,0.0,12.35,15.05,0,0.0,0
2012-08-16,2012-09-27,OPTSTK,HCC,35.0,PE,0.0,0.0,0.0,14.75,17.5,0,0.0,0
2012-08-16,2012-09-27,OPTSTK,HCC,37.5,PE,0.0,0.0,0.0,17.2,20.0,0,0.0,0
2012-08-16,2012-09-27,OPTSTK,HCC,40.0,PE,0.0,0.0,0.0,19.65,22.45,0,0.0,0
2012-08-16,2012-09-27,OPTSTK,HCC,42.5,PE,0.0,0.0,0.0,22.1,24.95,0,0.0,0
2012-08-16,2012-08-30,OPTSTK,HCLTECH,300.0,CE,0.0,0.0,0.0,211.3,259.05,0,0.0,0
2012-08-16,2012-08-30,OPTSTK,HCLTECH,320.0,CE,0.0,0.0,0.0,191.8,239.15,0,0.0,0
2012-08-16,2012-08-30,OPTSTK,HCLTECH,340.0,CE,0.0,0.0,0.0,172.3,219.2,0,0.0,0
2012-08-16,2012-08-30,OPTSTK,HCLTECH,360.0,CE,0.0,0.0,0.0,152.85,199.25,0,0.0,0
2012-08-16,2012-08-30,OPTSTK,HCLTECH,380.0,CE,0.0,0.0,0.0,133.5,179.35,0,0.0,0
2012-08-16,2012-08-30,OPTSTK,HCLTECH,400.0,CE,0.0,0.0,0.0,114.5,159.4,0,0.0,0
2012-08-16,2012-08-30,OPTSTK,HCLTECH,420.0,CE,0.0,0.0,0.0,96.1,139.45,0,0.0,0
2012-08-16,2012-08-30,OPTSTK,HCLTECH,440.0,CE,0.0,0.0,0.0,78.65,119.55,0,0.0,0
2012-08-16,2012-08-30,OPTSTK,HCLTECH,460.0,CE,0.0,0.0,0.0,58.1,99.6,0,0.0,0
2012-08-16,2012-08-30,OPTSTK,HCLTECH,480.0,CE,78.0,79.0,78.0,79.0,79.0,4,11.16,9500
2012-08-16,2012-08-30,OPTSTK,HCLTECH,500.0,CE,64.55,64.55,64.55,64.55,64.55,1,2.82,20500
2012-08-16,2012-08-30,OPTSTK,HCLTECH,520.0,CE,39.0,39.5,38.0,39.0,39.0,13,36.31,34500
2012-08-16,2012-08-30,OPTSTK,HCLTECH,540.0,CE,19.8,23.0,19.5,21.8,21.8,29,81.34,53500
2012-08-16,2012-08-30,OPTSTK,HCLTECH,560.0,CE,6.85,9.85,6.85,9.65,9.65,167,475.25,80500
2012-08-16,2012-08-30,OPTSTK,HCLTECH,580.0,CE,2.75,3.4,2.5,3.05,3.05,36,104.91,26000
2012-08-16,2012-08-30,OPTSTK,HCLTECH,600.0,CE,0.0,0.0,0.0,5.4,1.8,0,0.0,0
2012-08-16,2012-08-30,OPTSTK,HCLTECH,620.0,CE,0.0,0.0,0.0,3.4,0.5,0,0.0,0
2012-08-16,2012-08-30,OPTSTK,HCLTECH,640.0,CE,0.0,0.0,0.0,2.05,0.15,0,0.0,0
2012-08-16,2012-08-30,OPTSTK,HCLTECH,660.0,CE,0.0,0.0,0.0,1.25,0.05,0,0.0,0
2012-08-16,2012-08-30,OPTSTK,HCLTECH,680.0,CE,0.0,0.0,0.0,0.75,0.0,0,0.0,0
2012-08-16,2012-08-30,OPTSTK,HCLTECH,700.0,CE,0.0,0.0,0.0,0.45,0.0,0,0.0,0
2012-08-16,2012-08-30,OPTSTK,HCLTECH,720.0,CE,0.0,0.0,0.0,0.25,0.0,0,0.0,0
2012-08-16,2012-08-30,OPTSTK,HCLTECH,740.0,CE,0.0,0.0,0.0,0.15,0.0,0,0.0,0
2012-08-16,2012-08-30,OPTSTK,HCLTECH,760.0,CE,0.0,0.0,0.0,0.1,0.0,0,0.0,0
2012-08-16,2012-08-30,OPTSTK,HCLTECH,300.0,PE,0.0,0.0,0.0,0.05,0.0,0,0.0,0
2012-08-16,2012-08-30,OPTSTK,HCLTECH,320.0,PE,0.0,0.0,0.0,0.05,0.0,0,0.0,0
2012-08-16,2012-08-30,OPTSTK,HCLTECH,340.0,PE,0.0,0.0,0.0,0.05,0.0,0,0.0,0
2012-08-16,2012-08-30,OPTSTK,HCLTECH,360.0,PE,0.0,0.0,0.0,0.1,0.0,0,0.0,0
2012-08-16,2012-08-30,OPTSTK,HCLTECH,380.0,PE,0.0,0.0,0.0,0.3,0.0,0,0.0,0
2012-08-16,2012-08-30,OPTSTK,HCLTECH,400.0,PE,0.0,0.0,0.0,0.8,0.0,0,0.0,0
2012-08-16,2012-08-30,OPTSTK,HCLTECH,420.0,PE,0.0,0.0,0.0,1.9,0.0,0,0.0,0
2012-08-16,2012-08-30,OPTSTK,HCLTECH,440.0,PE,0.0,0.0,0.0,7.5,0.0,0,0.0,2000
2012-08-16,2012-08-30,OPTSTK,HCLTECH,460.0,PE,0.0,0.0,0.0,0.6,0.0,0,0.0,5500
2012-08-16,2012-08-30,OPTSTK,HCLTECH,480.0,PE,1.0,1.0,0.25,0.5,0.5,20,48.05,28500
2012-08-16,2012-08-30,OPTSTK,HCLTECH,500.0,PE,0.65,0.75,0.6,0.65,0.65,54,135.17,152000
2012-08-16,2012-08-30,OPTSTK,HCLTECH,520.0,PE,1.35,1.35,1.0,1.3,1.3,19,49.51,40000
2012-08-16,2012-08-30,OPTSTK,HCLTECH,540.0,PE,3.2,3.8,2.95,3.45,3.45,58,157.56,32000
2012-08-16,2012-08-30,OPTSTK,HCLTECH,560.0,PE,9.7,11.3,9.5,10.65,10.65,70,199.64,14000
2012-08-16,2012-08-30,OPTSTK,HCLTECH,580.0,PE,0.0,0.0,0.0,70.35,25.3,0,0.0,0
2012-08-16,2012-08-30,OPTSTK,HCLTECH,600.0,PE,0.0,0.0,0.0,86.9,41.75,0,0.0,0
2012-08-16,2012-08-30,OPTSTK,HCLTECH,620.0,PE,0.0,0.0,0.0,104.4,60.4,0,0.0,0
2012-08-16,2012-08-30,OPTSTK,HCLTECH,640.0,PE,0.0,0.0,0.0,122.6,79.95,0,0.0,0
2012-08-16,2012-08-30,OPTSTK,HCLTECH,660.0,PE,0.0,0.0,0.0,141.3,99.8,0,0.0,0
2012-08-16,2012-08-30,OPTSTK,HCLTECH,680.0,PE,0.0,0.0,0.0,160.3,119.7,0,0.0,0
2012-08-16,2012-08-30,OPTSTK,HCLTECH,700.0,PE,0.0,0.0,0.0,179.5,139.65,0,0.0,0
2012-08-16,2012-08-30,OPTSTK,HCLTECH,720.0,PE,0.0,0.0,0.0,198.85,159.55,0,0.0,0
2012-08-16,2012-08-30,OPTSTK,HCLTECH,740.0,PE,0.0,0.0,0.0,218.25,179.5,0,0.0,0
2012-08-16,2012-08-30,OPTSTK,HCLTECH,760.0,PE,0.0,0.0,0.0,237.75,199.45,0,0.0,0
2012-08-16,2012-09-27,OPTSTK,HCLTECH,300.0,CE,0.0,0.0,0.0,166.15,261.15,0,0.0,0
2012-08-16,2012-09-27,OPTSTK,HCLTECH,320.0,CE,0.0,0.0,0.0,146.8,241.4,0,0.0,0
2012-08-16,2012-09-27,OPTSTK,HCLTECH,340.0,CE,0.0,0.0,0.0,127.7,221.6,0,0.0,0
2012-08-16,2012-09-27,OPTSTK,HCLTECH,360.0,CE,0.0,0.0,0.0,109.15,201.8,0,0.0,0
2012-08-16,2012-09-27,OPTSTK,HCLTECH,380.0,CE,0.0,0.0,0.0,91.5,182.0,0,0.0,0
2012-08-16,2012-09-27,OPTSTK,HCLTECH,400.0,CE,0.0,0.0,0.0,75.0,162.2,0,0.0,0
2012-08-16,2012-09-27,OPTSTK,HCLTECH,420.0,CE,0.0,0.0,0.0,60.15,142.45,0,0.0,0
2012-08-16,2012-09-27,OPTSTK,HCLTECH,440.0,CE,0.0,0.0,0.0,47.05,122.7,0,0.0,0
2012-08-16,2012-09-27,OPTSTK,HCLTECH,460.0,CE,0.0,0.0,0.0,35.95,103.15,0,0.0,0
2012-08-16,2012-09-27,OPTSTK,HCLTECH,480.0,CE,0.0,0.0,0.0,26.85,84.1,0,0.0,0
2012-08-16,2012-09-27,OPTSTK,HCLTECH,500.0,CE,0.0,0.0,0.0,19.6,66.0,0,0.0,0
2012-08-16,2012-09-27,OPTSTK,HCLTECH,520.0,CE,0.0,0.0,0.0,14.0,49.55,0,0.0,0
2012-08-16,2012-09-27,OPTSTK,HCLTECH,540.0,CE,0.0,0.0,0.0,9.8,35.3,0,0.0,0
2012-08-16,2012-09-27,OPTSTK,HCLTECH,560.0,CE,0.0,0.0,0.0,6.75,23.8,0,0.0,0
2012-08-16,2012-09-27,OPTSTK,HCLTECH,580.0,CE,0.0,0.0,0.0,4.55,15.15,0,0.0,0
2012-08-16,2012-09-27,OPTSTK,HCLTECH,600.0,CE,0.0,0.0,0.0,3.0,9.1,0,0.0,0
2012-08-16,2012-09-27,OPTSTK,HCLTECH,620.0,CE,0.0,0.0,0.0,2.0,5.15,0,0.0,0
2012-08-16,2012-09-27,OPTSTK,HCLTECH,640.0,CE,0.0,0.0,0.0,1.3,2.75,0,0.0,0
2012-08-16,2012-09-27,OPTSTK,HCLTECH,660.0,CE,0.0,0.0,0.0,0.8,1.4,0,0.0,0
2012-08-16,2012-09-27,OPTSTK,HCLTECH,680.0,CE,0.0,0.0,0.0,1.45,0.7,0,0.0,0
2012-08-16,2012-09-27,OPTSTK,HCLTECH,700.0,CE,0.0,0.0,0.0,0.9,0.3,0,0.0,0
2012-08-16,2012-09-27,OPTSTK,HCLTECH,720.0,CE,0.0,0.0,0.0,1.2,0.15,0,0.0,0
2012-08-16,2012-09-27,OPTSTK,HCLTECH,740.0,CE,0.0,0.0,0.0,0.8,0.05,0,0.0,0
2012-08-16,2012-09-27,OPTSTK,HCLTECH,760.0,CE,0.0,0.0,0.0,0.5,0.05,0,0.0,0
2012-08-16,2012-09-27,OPTSTK,HCLTECH,300.0,PE,0.0,0.0,0.0,0.1,0.0,0,0.0,0
2012-08-16,2012-09-27,OPTSTK,HCLTECH,320.0,PE,0.0,0.0,0.0,0.3,0.0,0,0.0,0
2012-08-16,2012-09-27,OPTSTK,HCLTECH,340.0,PE,0.0,0.0,0.0,0.75,0.0,0,0.0,0
2012-08-16,2012-09-27,OPTSTK,HCLTECH,360.0,PE,0.0,0.0,0.0,1.75,0.0,0,0.0,0
2012-08-16,2012-09-27,OPTSTK,HCLTECH,380.0,PE,0.0,0.0,0.0,3.6,0.0,0,0.0,0
2012-08-16,2012-09-27,OPTSTK,HCLTECH,400.0,PE,0.0,0.0,0.0,6.65,0.0,0,0.0,0
2012-08-16,2012-09-27,OPTSTK,HCLTECH,420.0,PE,0.0,0.0,0.0,11.3,0.05,0,0.0,0
2012-08-16,2012-09-27,OPTSTK,HCLTECH,440.0,PE,0.0,0.0,0.0,17.75,0.1,0,0.0,0
2012-08-16,2012-09-27,OPTSTK,HCLTECH,460.0,PE,0.0,0.0,0.0,26.2,0.35,0,0.0,0
2012-08-16,2012-09-27,OPTSTK,HCLTECH,480.0,PE,0.0,0.0,0.0,36.65,1.1,0,0.0,0
2012-08-16,2012-09-27,OPTSTK,HCLTECH,500.0,PE,0.0,0.0,0.0,48.9,2.8,0,0.0,0
2012-08-16,2012-09-27,OPTSTK,HCLTECH,520.0,PE,4.5,4.5,4.5,4.5,4.5,2,5.24,1000
2012-08-16,2012-09-27,OPTSTK,HCLTECH,540.0,PE,0.0,0.0,0.0,78.2,11.65,0,0.0,0
2012-08-16,2012-09-27,OPTSTK,HCLTECH,560.0,PE,0.0,0.0,0.0,94.65,19.95,0,0.0,0
2012-08-16,2012-09-27,OPTSTK,HCLTECH,580.0,PE,0.0,0.0,0.0,112.0,31.1,0,0.0,0
2012-08-16,2012-09-27,OPTSTK,HCLTECH,600.0,PE,0.0,0.0,0.0,130.0,44.85,0,0.0,0
2012-08-16,2012-09-27,OPTSTK,HCLTECH,620.0,PE,0.0,0.0,0.0,148.5,60.7,0,0.0,0
2012-08-16,2012-09-27,OPTSTK,HCLTECH,640.0,PE,0.0,0.0,0.0,167.35,78.1,0,0.0,0
2012-08-16,2012-09-27,OPTSTK,HCLTECH,660.0,PE,0.0,0.0,0.0,186.4,96.55,0,0.0,0
2012-08-16,2012-09-27,OPTSTK,HCLTECH,680.0,PE,0.0,0.0,0.0,189.75,115.6,0,0.0,0
2012-08-16,2012-09-27,OPTSTK,HCLTECH,700.0,PE,0.0,0.0,0.0,193.4,135.05,0,0.0,0
2012-08-16,2012-09-27,OPTSTK,HCLTECH,720.0,PE,0.0,0.0,0.0,196.05,154.65,0,0.0,0
2012-08-16,2012-09-27,OPTSTK,HCLTECH,740.0,PE,0.0,0.0,0.0,215.3,174.35,0,0.0,0
2012-08-16,2012-09-27,OPTSTK,HCLTECH,760.0,PE,0.0,0.0,0.0,234.75,194.15,0,0.0,0
2012-08-16,2012-10-25,OPTSTK,HCLTECH,300.0,CE,0.0,0.0,0.0,218.65,263.2,0,0.0,0
2012-08-16,2012-10-25,OPTSTK,HCLTECH,320.0,CE,0.0,0.0,0.0,199.2,243.55,0,0.0,0
2012-08-16,2012-10-25,OPTSTK,HCLTECH,340.0,CE,0.0,0.0,0.0,179.9,223.9,0,0.0,0
2012-08-16,2012-10-25,OPTSTK,HCLTECH,360.0,CE,0.0,0.0,0.0,160.85,204.25,0,0.0,0
2012-08-16,2012-10-25,OPTSTK,HCLTECH,380.0,CE,0.0,0.0,0.0,142.25,184.6,0,0.0,0
2012-08-16,2012-10-25,OPTSTK,HCLTECH,400.0,CE,0.0,0.0,0.0,124.3,165.0,0,0.0,0
2012-08-16,2012-10-25,OPTSTK,HCLTECH,420.0,CE,0.0,0.0,0.0,107.25,145.45,0,0.0,0
2012-08-16,2012-10-25,OPTSTK,HCLTECH,440.0,CE,0.0,0.0,0.0,91.3,126.15,0,0.0,0
2012-08-16,2012-10-25,OPTSTK,HCLTECH,460.0,CE,0.0,0.0,0.0,76.65,107.25,0,0.0,0
2012-08-16,2012-10-25,OPTSTK,HCLTECH,480.0,CE,0.0,0.0,0.0,63.45,89.15,0,0.0,0
2012-08-16,2012-10-25,OPTSTK,HCLTECH,500.0,CE,0.0,0.0,0.0,51.85,72.2,0,0.0,0
2012-08-16,2012-10-25,OPTSTK,HCLTECH,520.0,CE,0.0,0.0,0.0,41.8,56.85,0,0.0,0
2012-08-16,2012-10-25,OPTSTK,HCLTECH,540.0,CE,0.0,0.0,0.0,33.25,43.35,0,0.0,0
2012-08-16,2012-10-25,OPTSTK,HCLTECH,560.0,CE,0.0,0.0,0.0,26.15,32.1,0,0.0,0
2012-08-16,2012-10-25,OPTSTK,HCLTECH,580.0,CE,0.0,0.0,0.0,20.3,23.0,0,0.0,0
2012-08-16,2012-10-25,OPTSTK,HCLTECH,600.0,CE,0.0,0.0,0.0,15.65,15.95,0,0.0,0
2012-08-16,2012-10-25,OPTSTK,HCLTECH,620.0,CE,0.0,0.0,0.0,11.9,10.75,0,0.0,0
2012-08-16,2012-10-25,OPTSTK,HCLTECH,640.0,CE,0.0,0.0,0.0,8.95,7.0,0,0.0,0
2012-08-16,2012-10-25,OPTSTK,HCLTECH,660.0,CE,0.0,0.0,0.0,6.7,4.45,0,0.0,0
2012-08-16,2012-10-25,OPTSTK,HCLTECH,680.0,CE,0.0,0.0,0.0,4.95,2.75,0,0.0,0
2012-08-16,2012-10-25,OPTSTK,HCLTECH,700.0,CE,0.0,0.0,0.0,3.65,1.65,0,0.0,0
2012-08-16,2012-10-25,OPTSTK,HCLTECH,720.0,CE,0.0,0.0,0.0,2.65,1.0,0,0.0,0
2012-08-16,2012-10-25,OPTSTK,HCLTECH,740.0,CE,0.0,0.0,0.0,1.9,0.55,0,0.0,0
2012-08-16,2012-10-25,OPTSTK,HCLTECH,760.0,CE,0.0,0.0,0.0,1.4,0.3,0,0.0,0
2012-08-16,2012-10-25,OPTSTK,HCLTECH,300.0,PE,0.0,0.0,0.0,0.05,0.0,0,0.0,0
2012-08-16,2012-10-25,OPTSTK,HCLTECH,320.0,PE,0.0,0.0,0.0,0.2,0.0,0,0.0,0
2012-08-16,2012-10-25,OPTSTK,HCLTECH,340.0,PE,0.0,0.0,0.0,0.4,0.0,0,0.0,0
2012-08-16,2012-10-25,OPTSTK,HCLTECH,360.0,PE,0.0,0.0,0.0,0.95,0.0,0,0.0,0
2012-08-16,2012-10-25,OPTSTK,HCLTECH,380.0,PE,0.0,0.0,0.0,1.9,0.05,0,0.0,0
2012-08-16,2012-10-25,OPTSTK,HCLTECH,400.0,PE,0.0,0.0,0.0,3.5,0.05,0,0.0,0
2012-08-16,2012-10-25,OPTSTK,HCLTECH,420.0,PE,0.0,0.0,0.0,5.95,0.2,0,0.0,0
2012-08-16,2012-10-25,OPTSTK,HCLTECH,440.0,PE,0.0,0.0,0.0,9.55,0.55,0,0.0,0
2012-08-16,2012-10-25,OPTSTK,HCLTECH,460.0,PE,0.0,0.0,0.0,14.5,1.3,0,0.0,0
2012-08-16,2012-10-25,OPTSTK,HCLTECH,480.0,PE,0.0,0.0,0.0,20.85,2.85,0,0.0,0
2012-08-16,2012-10-25,OPTSTK,HCLTECH,500.0,PE,0.0,0.0,0.0,28.75,5.55,0,0.0,0
2012-08-16,2012-10-25,OPTSTK,HCLTECH,520.0,PE,0.0,0.0,0.0,38.25,9.85,0,0.0,0
2012-08-16,2012-10-25,OPTSTK,HCLTECH,540.0,PE,0.0,0.0,0.0,49.25,16.05,0,0.0,0
2012-08-16,2012-10-25,OPTSTK,HCLTECH,560.0,PE,0.0,0.0,0.0,61.7,24.4,0,0.0,0
2012-08-16,2012-10-25,OPTSTK,HCLTECH,580.0,PE,0.0,0.0,0.0,75.4,34.95,0,0.0,0
2012-08-16,2012-10-25,OPTSTK,HCLTECH,600.0,PE,0.0,0.0,0.0,90.25,47.6,0,0.0,0
2012-08-16,2012-10-25,OPTSTK,HCLTECH,620.0,PE,0.0,0.0,0.0,106.05,62.05,0,0.0,0
2012-08-16,2012-10-25,OPTSTK,HCLTECH,640.0,PE,0.0,0.0,0.0,122.65,77.95,0,0.0,0
2012-08-16,2012-10-25,OPTSTK,HCLTECH,660.0,PE,0.0,0.0,0.0,139.95,95.05,0,0.0,0
2012-08-16,2012-10-25,OPTSTK,HCLTECH,680.0,PE,0.0,0.0,0.0,157.75,113.0,0,0.0,0
2012-08-16,2012-10-25,OPTSTK,HCLTECH,700.0,PE,0.0,0.0,0.0,176.0,131.6,0,0.0,0
2012-08-16,2012-10-25,OPTSTK,HCLTECH,720.0,PE,0.0,0.0,0.0,194.55,150.55,0,0.0,0
2012-08-16,2012-10-25,OPTSTK,HCLTECH,740.0,PE,0.0,0.0,0.0,213.4,169.8,0,0.0,0
2012-08-16,2012-10-25,OPTSTK,HCLTECH,760.0,PE,0.0,0.0,0.0,232.4,189.25,0,0.0,0
2012-08-16,2012-08-30,OPTSTK,HDFC,380.0,CE,0.0,0.0,0.0,283.8,331.45,0,0.0,0
2012-08-16,2012-08-30,OPTSTK,HDFC,400.0,CE,0.0,0.0,0.0,264.3,311.5,0,0.0,0
2012-08-16,2012-08-30,OPTSTK,HDFC,420.0,CE,0.0,0.0,0.0,244.8,291.55,0,0.0,0
2012-08-16,2012-08-30,OPTSTK,HDFC,440.0,CE,0.0,0.0,0.0,225.3,271.65,0,0.0,0
2012-08-16,2012-08-30,OPTSTK,HDFC,460.0,CE,0.0,0.0,0.0,205.8,251.7,0,0.0,0
2012-08-16,2012-08-30,OPTSTK,HDFC,480.0,CE,0.0,0.0,0.0,186.4,231.75,0,0.0,0
2012-08-16,2012-08-30,OPTSTK,HDFC,500.0,CE,0.0,0.0,0.0,167.15,211.85,0,0.0,0
2012-08-16,2012-08-30,OPTSTK,HDFC,520.0,CE,0.0,0.0,0.0,148.15,191.9,0,0.0,0
2012-08-16,2012-08-30,OPTSTK,HDFC,540.0,CE,0.0,0.0,0.0,129.65,172.0,0,0.0,0
2012-08-16,2012-08-30,OPTSTK,HDFC,560.0,CE,0.0,0.0,0.0,111.75,152.05,0,0.0,0
2012-08-16,2012-08-30,OPTSTK,HDFC,580.0,CE,0.0,0.0,0.0,94.85,132.1,0,0.0,0
2012-08-16,2012-08-30,OPTSTK,HDFC,600.0,CE,0.0,0.0,0.0,72.5,112.2,0,0.0,1000
2012-08-16,2012-08-30,OPTSTK,HDFC,620.0,CE,0.0,0.0,0.0,67.3,92.35,0,0.0,1000
2012-08-16,2012-08-30,OPTSTK,HDFC,640.0,CE,76.45,76.45,76.45,76.45,76.45,1,3.58,4500
2012-08-16,2012-08-30,OPTSTK,HDFC,660.0,CE,49.5,49.5,49.5,49.5,49.5,1,3.54,66000
2012-08-16,2012-08-30,OPTSTK,HDFC,680.0,CE,34.0,40.0,30.0,38.5,38.5,9,32.15,200000
2012-08-16,2012-08-30,OPTSTK,HDFC,700.0,CE,17.55,23.35,15.05,18.3,18.3,216,777.28,176500
2012-08-16,2012-08-30,OPTSTK,HDFC,720.0,CE,6.95,10.8,5.55,7.65,7.65,948,3452.79,322000
2012-08-16,2012-08-30,OPTSTK,HDFC,740.0,CE,2.0,3.9,2.0,2.6,2.6,417,1548.83,159500
2012-08-16,2012-08-30,OPTSTK,HDFC,760.0,CE,0.9,1.6,0.9,1.6,1.6,2,7.61,18500
2012-08-16,2012-08-30,OPTSTK,HDFC,780.0,CE,0.0,0.0,0.0,6.65,1.1,0,0.0,0
2012-08-16,2012-08-30,OPTSTK,HDFC,800.0,CE,0.0,0.0,0.0,4.65,0.4,0,0.0,0
2012-08-16,2012-08-30,OPTSTK,HDFC,820.0,CE,0.0,0.0,0.0,3.15,0.15,0,0.0,0
2012-08-16,2012-08-30,OPTSTK,HDFC,840.0,CE,0.0,0.0,0.0,2.15,0.05,0,0.0,0
2012-08-16,2012-08-30,OPTSTK,HDFC,860.0,CE,0.0,0.0,0.0,1.45,0.05,0,0.0,0
2012-08-16,2012-08-30,OPTSTK,HDFC,880.0,CE,0.0,0.0,0.0,0.95,0.0,0,0.0,0
2012-08-16,2012-08-30,OPTSTK,HDFC,900.0,CE,0.0,0.0,0.0,0.6,0.0,0,0.0,0
2012-08-16,2012-08-30,OPTSTK,HDFC,920.0,CE,0.0,0.0,0.0,0.4,0.0,0,0.0,0
2012-08-16,2012-08-30,OPTSTK,HDFC,940.0,CE,0.0,0.0,0.0,0.25,0.0,0,0.0,0
2012-08-16,2012-08-30,OPTSTK,HDFC,960.0,CE,0.0,0.0,0.0,0.15,0.0,0,0.0,0
2012-08-16,2012-08-30,OPTSTK,HDFC,380.0,PE,0.0,0.0,0.0,0.05,0.0,0,0.0,0
2012-08-16,2012-08-30,OPTSTK,HDFC,400.0,PE,0.0,0.0,0.0,0.05,0.0,0,0.0,0
2012-08-16,2012-08-30,OPTSTK,HDFC,420.0,PE,0.0,0.0,0.0,0.05,0.0,0,0.0,0
2012-08-16,2012-08-30,OPTSTK,HDFC,440.0,PE,0.0,0.0,0.0,0.05,0.0,0,0.0,0
2012-08-16,2012-08-30,OPTSTK,HDFC,460.0,PE,0.0,0.0,0.0,0.1,0.0,0,0.0,0
2012-08-16,2012-08-30,OPTSTK,HDFC,480.0,PE,0.0,0.0,0.0,0.2,0.0,0,0.0,0
2012-08-16,2012-08-30,OPTSTK,HDFC,500.0,PE,0.0,0.0,0.0,0.45,0.0,0,0.0,0
2012-08-16,2012-08-30,OPTSTK,HDFC,520.0,PE,0.0,0.0,0.0,1.0,0.0,0,0.0,0
2012-08-16,2012-08-30,OPTSTK,HDFC,540.0,PE,0.0,0.0,0.0,0.5,0.0,0,0.0,500
2012-08-16,2012-08-30,OPTSTK,HDFC,560.0,PE,0.0,0.0,0.0,0.05,0.0,0,0.0,0
2012-08-16,2012-08-30,OPTSTK,HDFC,580.0,PE,2.0,2.0,2.0,2.0,2.0,2,5.82,1500
2012-08-16,2012-08-30,OPTSTK,HDFC,600.0,PE,0.0,0.0,0.0,0.2,0.05,0,0.0,2500
2012-08-16,2012-08-30,OPTSTK,HDFC,620.0,PE,0.0,0.0,0.0,0.55,0.1,0,0.0,3500
2012-08-16,2012-08-30,OPTSTK,HDFC,640.0,PE,0.15,0.15,0.15,0.15,0.15,1,3.2,25500
2012-08-16,2012-08-30,OPTSTK,HDFC,660.0,PE,0.45,0.75,0.45,0.75,0.75,55,181.66,122000
2012-08-16,2012-08-30,OPTSTK,HDFC,680.0,PE,1.8,2.0,1.1,1.75,1.75,150,511.2,196000
2012-08-16,2012-08-30,OPTSTK,HDFC,700.0,PE,6.85,7.0,3.5,5.25,5.25,356,1254.92,199500
2012-08-16,2012-08-30,OPTSTK,HDFC,720.0,PE,14.95,16.9,10.6,14.2,14.2,111,406.95,23500
2012-08-16,2012-08-30,OPTSTK,HDFC,740.0,PE,30.05,30.05,29.8,29.95,29.95,6,23.09,6000
2012-08-16,2012-08-30,OPTSTK,HDFC,760.0,PE,0.0,0.0,0.0,96.45,50.15,0,0.0,0
2012-08-16,2012-08-30,OPTSTK,HDFC,780.0,PE,0.0,0.0,0.0,113.25,68.35,0,0.0,0
2012-08-16,2012-08-30,OPTSTK,HDFC,800.0,PE,0.0,0.0,0.0,130.7,87.55,0,0.0,0
2012-08-16,2012-08-30,OPTSTK,HDFC,820.0,PE,0.0,0.0,0.0,148.75,107.25,0,0.0,0
2012-08-16,2012-08-30,OPTSTK,HDFC,840.0,PE,0.0,0.0,0.0,167.25,127.1,0,0.0,0
2012-08-16,2012-08-30,OPTSTK,HDFC,860.0,PE,0.0,0.0,0.0,186.05,147.0,0,0.0,0
2012-08-16,2012-08-30,OPTSTK,HDFC,880.0,PE,0.0,0.0,0.0,205.1,166.95,0,0.0,0
2012-08-16,2012-08-30,OPTSTK,HDFC,900.0,PE,0.0,0.0,0.0,224.3,186.85,0,0.0,0
2012-08-16,2012-08-30,OPTSTK,HDFC,920.0,PE,0.0,0.0,0.0,243.6,206.8,0,0.0,0
2012-08-16,2012-08-30,OPTSTK,HDFC,940.0,PE,0.0,0.0,0.0,262.95,226.75,0,0.0,0
2012-08-16,2012-08-30,OPTSTK,HDFC,960.0,PE,0.0,0.0,0.0,282.4,246.65,0,0.0,0
2012-08-16,2012-09-27,OPTSTK,HDFC,380.0,CE,0.0,0.0,0.0,273.95,334.1,0,0.0,0
2012-08-16,2012-09-27,OPTSTK,HDFC,400.0,CE,0.0,0.0,0.0,254.4,314.3,0,0.0,0
2012-08-16,2012-09-27,OPTSTK,HDFC,420.0,CE,0.0,0.0,0.0,234.9,294.5,0,0.0,0
2012-08-16,2012-09-27,OPTSTK,HDFC,440.0,CE,0.0,0.0,0.0,215.35,274.7,0,0.0,0
2012-08-16,2012-09-27,OPTSTK,HDFC,460.0,CE,0.0,0.0,0.0,195.8,254.95,0,0.0,0
2012-08-16,2012-09-27,OPTSTK,HDFC,480.0,CE,0.0,0.0,0.0,176.3,235.15,0,0.0,0
2012-08-16,2012-09-27,OPTSTK,HDFC,500.0,CE,0.0,0.0,0.0,156.75,215.35,0,0.0,0
2012-08-16,2012-09-27,OPTSTK,HDFC,520.0,CE,0.0,0.0,0.0,137.3,195.55,0,0.0,0
2012-08-16,2012-09-27,OPTSTK,HDFC,540.0,CE,0.0,0.0,0.0,118.0,175.8,0,0.0,0
2012-08-16,2012-09-27,OPTSTK,HDFC,560.0,CE,0.0,0.0,0.0,99.0,156.1,0,0.0,0
2012-08-16,2012-09-27,OPTSTK,HDFC,580.0,CE,0.0,0.0,0.0,80.7,136.55,0,0.0,0
2012-08-16,2012-09-27,OPTSTK,HDFC,600.0,CE,0.0,0.0,0.0,63.6,117.35,0,0.0,0
2012-08-16,2012-09-27,OPTSTK,HDFC,620.0,CE,0.0,0.0,0.0,48.2,98.7,0,0.0,0
2012-08-16,2012-09-27,OPTSTK,HDFC,640.0,CE,75.0,76.05,75.0,76.05,76.05,2,7.15,0
2012-08-16,2012-09-27,OPTSTK,HDFC,660.0,CE,0.0,0.0,0.0,55.5,64.75,0,0.0,6000
2012-08-16,2012-09-27,OPTSTK,HDFC,680.0,CE,0.0,0.0,0.0,30.0,50.15,0,0.0,8000
2012-08-16,2012-09-27,OPTSTK,HDFC,700.0,CE,28.0,28.0,28.0,28.0,28.0,1,3.64,21500
2012-08-16,2012-09-27,OPTSTK,HDFC,720.0,CE,15.6,18.0,15.6,18.0,18.0,3,11.04,17000
2012-08-16,2012-09-27,OPTSTK,HDFC,740.0,CE,6.3,9.0,6.25,9.0,9.0,6,22.41,23000
2012-08-16,2012-09-27,OPTSTK,HDFC,760.0,CE,0.0,0.0,0.0,1.9,12.9,0,0.0,0
2012-08-16,2012-09-27,OPTSTK,HDFC,780.0,CE,0.0,0.0,0.0,1.0,8.45,0,0.0,0
2012-08-16,2012-09-27,OPTSTK,HDFC,800.0,CE,0.0,0.0,0.0,0.5,5.35,0,0.0,0
2012-08-16,2012-09-27,OPTSTK,HDFC,820.0,CE,0.0,0.0,0.0,0.25,3.25,0,0.0,0
2012-08-16,2012-09-27,OPTSTK,HDFC,840.0,CE,0.0,0.0,0.0,0.15,1.95,0,0.0,0
2012-08-16,2012-09-27,OPTSTK,HDFC,860.0,CE,0.0,0.0,0.0,0.05,1.1,0,0.0,0
2012-08-16,2012-09-27,OPTSTK,HDFC,880.0,CE,0.0,0.0,0.0,0.05,0.65,0,0.0,0
2012-08-16,2012-09-27,OPTSTK,HDFC,900.0,CE,0.0,0.0,0.0,0.05,0.35,0,0.0,0
2012-08-16,2012-09-27,OPTSTK,HDFC,920.0,CE,0.0,0.0,0.0,0.05,0.2,0,0.0,0
2012-08-16,2012-09-27,OPTSTK,HDFC,940.0,CE,0.0,0.0,0.0,0.05,0.1,0,0.0,0
2012-08-16,2012-09-27,OPTSTK,HDFC,960.0,CE,0.0,0.0,0.0,0.05,0.05,0,0.0,0
2012-08-16,2012-09-27,OPTSTK,HDFC,380.0,PE,0.0,0.0,0.0,0.05,0.0,0,0.0,0
2012-08-16,2012-09-27,OPTSTK,HDFC,400.0,PE,0.0,0.0,0.0,0.05,0.0,0,0.0,0
2012-08-16,2012-09-27,OPTSTK,HDFC,420.0,PE,0.0,0.0,0.0,0.05,0.0,0,0.0,0
2012-08-16,2012-09-27,OPTSTK,HDFC,440.0,PE,0.0,0.0,0.0,0.05,0.0,0,0.0,0
2012-08-16,2012-09-27,OPTSTK,HDFC,460.0,PE,0.0,0.0,0.0,0.05,0.0,0,0.0,0
2012-08-16,2012-09-27,OPTSTK,HDFC,480.0,PE,0.0,0.0,0.0,0.05,0.0,0,0.0,0
2012-08-16,2012-09-27,OPTSTK,HDFC,500.0,PE,0.0,0.0,0.0,0.05,0.0,0,0.0,0
2012-08-16,2012-09-27,OPTSTK,HDFC,520.0,PE,0.0,0.0,0.0,0.1,0.05,0,0.0,0
2012-08-16,2012-09-27,OPTSTK,HDFC,540.0,PE,0.0,0.0,0.0,0.3,0.05,0,0.0,0
2012-08-16,2012-09-27,OPTSTK,HDFC,560.0,PE,0.0,0.0,0.0,0.9,0.15,0,0.0,0
2012-08-16,2012-09-27,OPTSTK,HDFC,580.0,PE,0.0,0.0,0.0,2.15,0.4,0,0.0,0
2012-08-16,2012-09-27,OPTSTK,HDFC,600.0,PE,0.0,0.0,0.0,4.55,1.0,0,0.0,1500
2012-08-16,2012-09-27,OPTSTK,HDFC,620.0,PE,0.0,0.0,0.0,8.7,2.15,0,0.0,0
2012-08-16,2012-09-27,OPTSTK,HDFC,640.0,PE,0.0,0.0,0.0,15.0,4.3,0,0.0,0
2012-08-16,2012-09-27,OPTSTK,HDFC,660.0,PE,0.0,0.0,0.0,4.5,7.75,0,0.0,0
2012-08-16,2012-09-27,OPTSTK,HDFC,680.0,PE,0.0,0.0,0.0,7.05,12.95,0,0.0,2500
2012-08-16,2012-09-27,OPTSTK,HDFC,700.0,PE,8.5,8.5,8.5,8.5,8.5,2,7.08,5500
2012-08-16,2012-09-27,OPTSTK,HDFC,720.0,PE,16.25,16.25,16.1,16.1,16.1,15,55.21,10000
2012-08-16,2012-09-27,OPTSTK,HDFC,740.0,PE,0.0,0.0,0.0,81.15,41.3,0,0.0,0
2012-08-16,2012-09-27,OPTSTK,HDFC,760.0,PE,0.0,0.0,0.0,99.1,54.9,0,0.0,0
2012-08-16,2012-09-27,OPTSTK,HDFC,780.0,PE,0.0,0.0,0.0,117.75,70.25,0,0.0,0
2012-08-16,2012-09-27,OPTSTK,HDFC,800.0,PE,0.0,0.0,0.0,136.8,86.95,0,0.0,0
2012-08-16,2012-09-27,OPTSTK,HDFC,820.0,PE,0.0,0.0,0.0,156.1,104.65,0,0.0,0
2012-08-16,2012-09-27,OPTSTK,HDFC,840.0,PE,0.0,0.0,0.0,175.5,123.1,0,0.0,0
2012-08-16,2012-09-27,OPTSTK,HDFC,860.0,PE,0.0,0.0,0.0,194.95,142.1,0,0.0,0
2012-08-16,2012-09-27,OPTSTK,HDFC,880.0,PE,0.0,0.0,0.0,214.45,161.4,0,0.0,0
2012-08-16,2012-09-27,OPTSTK,HDFC,900.0,PE,0.0,0.0,0.0,234.0,180.9,0,0.0,0
2012-08-16,2012-09-27,OPTSTK,HDFC,920.0,PE,0.0,0.0,0.0,253.5,200.55,0,0.0,0
2012-08-16,2012-09-27,OPTSTK,HDFC,940.0,PE,0.0,0.0,0.0,273.05,220.25,0,0.0,0
2012-08-16,2012-09-27,OPTSTK,HDFC,960.0,PE,0.0,0.0,0.0,292.6,240.0,0,0.0,0
2012-08-16,2012-10-25,OPTSTK,HDFC,380.0,CE,0.0,0.0,0.0,298.75,336.7,0,0.0,0
2012-08-16,2012-10-25,OPTSTK,HDFC,400.0,CE,0.0,0.0,0.0,279.2,317.05,0,0.0,0
2012-08-16,2012-10-25,OPTSTK,HDFC,420.0,CE,0.0,0.0,0.0,259.65,297.4,0,0.0,0
2012-08-16,2012-10-25,OPTSTK,HDFC,440.0,CE,0.0,0.0,0.0,240.1,277.75,0,0.0,0
2012-08-16,2012-10-25,OPTSTK,HDFC,460.0,CE,0.0,0.0,0.0,220.55,258.05,0,0.0,0
2012-08-16,2012-10-25,OPTSTK,HDFC,480.0,CE,0.0,0.0,0.0,201.0,238.45,0,0.0,0
2012-08-16,2012-10-25,OPTSTK,HDFC,500.0,CE,0.0,0.0,0.0,181.45,218.8,0,0.0,0
2012-08-16,2012-10-25,OPTSTK,HDFC,520.0,CE,0.0,0.0,0.0,161.95,199.25,0,0.0,0
2012-08-16,2012-10-25,OPTSTK,HDFC,540.0,CE,0.0,0.0,0.0,142.4,179.8,0,0.0,0
2012-08-16,2012-10-25,OPTSTK,HDFC,560.0,CE,0.0,0.0,0.0,122.95,160.55,0,0.0,0
2012-08-16,2012-10-25,OPTSTK,HDFC,580.0,CE,0.0,0.0,0.0,103.75,141.65,0,0.0,0
2012-08-16,2012-10-25,OPTSTK,HDFC,600.0,CE,0.0,0.0,0.0,85.05,123.3,0,0.0,0
2012-08-16,2012-10-25,OPTSTK,HDFC,620.0,CE,0.0,0.0,0.0,67.3,105.8,0,0.0,0
2012-08-16,2012-10-25,OPTSTK,HDFC,640.0,CE,0.0,0.0,0.0,51.05,89.3,0,0.0,0
2012-08-16,2012-10-25,OPTSTK,HDFC,660.0,CE,0.0,0.0,0.0,36.95,74.1,0,0.0,0
2012-08-16,2012-10-25,OPTSTK,HDFC,680.0,CE,0.0,0.0,0.0,25.4,60.35,0,0.0,0
2012-08-16,2012-10-25,OPTSTK,HDFC,700.0,CE,0.0,0.0,0.0,16.55,48.25,0,0.0,0
2012-08-16,2012-10-25,OPTSTK,HDFC,720.0,CE,0.0,0.0,0.0,10.15,37.85,0,0.0,0
2012-08-16,2012-10-25,OPTSTK,HDFC,740.0,CE,0.0,0.0,0.0,5.9,29.15,0,0.0,0
2012-08-16,2012-10-25,OPTSTK,HDFC,760.0,CE,0.0,0.0,0.0,3.25,22.05,0,0.0,0
2012-08-16,2012-10-25,OPTSTK,HDFC,780.0,CE,0.0,0.0,0.0,1.7,16.35,0,0.0,0
2012-08-16,2012-10-25,OPTSTK,HDFC,800.0,CE,0.0,0.0,0.0,0.85,11.95,0,0.0,0
2012-08-16,2012-10-25,OPTSTK,HDFC,820.0,CE,0.0,0.0,0.0,0.4,8.55,0,0.0,0
2012-08-16,2012-10-25,OPTSTK,HDFC,840.0,CE,0.0,0.0,0.0,0.2,6.0,0,0.0,0
2012-08-16,2012-10-25,OPTSTK,HDFC,860.0,CE,0.0,0.0,0.0,0.1,4.15,0,0.0,0
2012-08-16,2012-10-25,OPTSTK,HDFC,880.0,CE,0.0,0.0,0.0,0.05,2.85,0,0.0,0
2012-08-16,2012-10-25,OPTSTK,HDFC,900.0,CE,0.0,0.0,0.0,0.05,1.9,0,0.0,0
2012-08-16,2012-10-25,OPTSTK,HDFC,920.0,CE,0.0,0.0,0.0,0.05,1.3,0,0.0,0
2012-08-16,2012-10-25,OPTSTK,HDFC,940.0,CE,0.0,0.0,0.0,0.05,0.85,0,0.0,0
2012-08-16,2012-10-25,OPTSTK,HDFC,960.0,CE,0.0,0.0,0.0,0.05,0.55,0,0.0,0
2012-08-16,2012-10-25,OPTSTK,HDFC,380.0,PE,0.0,0.0,0.0,0.05,0.0,0,0.0,0
2012-08-16,2012-10-25,OPTSTK,HDFC,400.0,PE,0.0,0.0,0.0,0.05,0.0,0,0.0,0
2012-08-16,2012-10-25,OPTSTK,HDFC,420.0,PE,0.0,0.0,0.0,0.05,0.0,0,0.0,0
2012-08-16,2012-10-25,OPTSTK,HDFC,440.0,PE,0.0,0.0,0.0,0.05,0.0,0,0.0,0
2012-08-16,2012-10-25,OPTSTK,HDFC,460.0,PE,0.0,0.0,0.0,0.05,0.0,0,0.0,0
2012-08-16,2012-10-25,OPTSTK,HDFC,480.0,PE,0.0,0.0,0.0,0.05,0.05,0,0.0,0
2012-08-16,2012-10-25,OPTSTK,HDFC,500.0,PE,0.0,0.0,0.0,0.05,0.05,0,0.0,0
2012-08-16,2012-10-25,OPTSTK,HDFC,520.0,PE,0.0,0.0,0.0,0.05,0.15,0,0.0,0
2012-08-16,2012-10-25,OPTSTK,HDFC,540.0,PE,0.0,0.0,0.0,0.05,0.35,0,0.0,0
2012-08-16,2012-10-25,OPTSTK,HDFC,560.0,PE,0.0,0.0,0.0,0.15,0.75,0,0.0,0
2012-08-16,2012-10-25,OPTSTK,HDFC,580.0,PE,0.0,0.0,0.0,0.5,1.55,0,0.0,0
2012-08-16,2012-10-25,OPTSTK,HDFC,600.0,PE,0.0,0.0,0.0,1.3,2.85,0,0.0,0
2012-08-16,2012-10-25,OPTSTK,HDFC,620.0,PE,0.0,0.0,0.0,3.1,5.0,0,0.0,0
2012-08-16,2012-10-25,OPTSTK,HDFC,640.0,PE,0.0,0.0,0.0,6.45,8.15,0,0.0,0
2012-08-16,2012-10-25,OPTSTK,HDFC,660.0,PE,0.0,0.0,0.0,11.9,12.6,0,0.0,0
2012-08-16,2012-10-25,OPTSTK,HDFC,680.0,PE,0.0,0.0,0.0,19.85,18.5,0,0.0,0
2012-08-16,2012-10-25,OPTSTK,HDFC,700.0,PE,0.0,0.0,0.0,30.55,26.1,0,0.0,0
2012-08-16,2012-10-25,OPTSTK,HDFC,720.0,PE,0.0,0.0,0.0,43.75,35.35,0,0.0,0
2012-08-16,2012-10-25,OPTSTK,HDFC,740.0,PE,0.0,0.0,0.0,59.05,46.3,0,0.0,0
2012-08-16,2012-10-25,OPTSTK,HDFC,760.0,PE,0.0,0.0,0.0,75.9,58.85,0,0.0,0
2012-08-16,2012-10-25,OPTSTK,HDFC,780.0,PE,0.0,0.0,0.0,93.9,72.8,0,0.0,0
2012-08-16,2012-10-25,OPTSTK,HDFC,800.0,PE,0.0,0.0,0.0,112.6,88.05,0,0.0,0
2012-08-16,2012-10-25,OPTSTK,HDFC,820.0,PE,0.0,0.0,0.0,131.7,104.3,0,0.0,0
2012-08-16,2012-10-25,OPTSTK,HDFC,840.0,PE,0.0,0.0,0.0,151.0,121.45,0,0.0,0
2012-08-16,2012-10-25,OPTSTK,HDFC,860.0,PE,0.0,0.0,0.0,170.45,139.25,0,0.0,0
2012-08-16,2012-10-25,OPTSTK,HDFC,880.0,PE,0.0,0.0,0.0,189.95,157.6,0,0.0,0
2012-08-16,2012-10-25,OPTSTK,HDFC,900.0,PE,0.0,0.0,0.0,209.5,176.3,0,0.0,0
2012-08-16,2012-10-25,OPTSTK,HDFC,920.0,PE,0.0,0.0,0.0,229.05,195.35,0,0.0,0
2012-08-16,2012-10-25,OPTSTK,HDFC,940.0,PE,0.0,0.0,0.0,248.6,214.55,0,0.0,0
2012-08-16,2012-10-25,OPTSTK,HDFC,960.0,PE,0.0,0.0,0.0,268.15,233.9,0,0.0,0
2012-08-16,2012-08-30,OPTSTK,HDFCBANK,300.0,CE,0.0,0.0,0.0,213.45,301.05,0,0.0,0
2012-08-16,2012-08-30,OPTSTK,HDFCBANK,320.0,CE,0.0,0.0,0.0,193.95,281.15,0,0.0,0
2012-08-16,2012-08-30,OPTSTK,HDFCBANK,340.0,CE,0.0,0.0,0.0,174.4,261.2,0,0.0,0
2012-08-16,2012-08-30,OPTSTK,HDFCBANK,360.0,CE,0.0,0.0,0.0,154.9,241.25,0,0.0,0
2012-08-16,2012-08-30,OPTSTK,HDFCBANK,380.0,CE,0.0,0.0,0.0,135.5,221.35,0,0.0,0
2012-08-16,2012-08-30,OPTSTK,HDFCBANK,400.0,CE,0.0,0.0,0.0,116.25,201.4,0,0.0,0
2012-08-16,2012-08-30,OPTSTK,HDFCBANK,420.0,CE,0.0,0.0,0.0,97.45,181.45,0,0.0,0
2012-08-16,2012-08-30,OPTSTK,HDFCBANK,440.0,CE,0.0,0.0,0.0,79.4,161.55,0,0.0,0
2012-08-16,2012-08-30,OPTSTK,HDFCBANK,460.0,CE,0.0,0.0,0.0,62.7,141.6,0,0.0,0
2012-08-16,2012-08-30,OPTSTK,HDFCBANK,480.0,CE,0.0,0.0,0.0,47.8,121.65,0,0.0,0
2012-08-16,2012-08-30,OPTSTK,HDFCBANK,500.0,CE,0.0,0.0,0.0,35.05,101.75,0,0.0,0
2012-08-16,2012-08-30,OPTSTK,HDFCBANK,520.0,CE,0.0,0.0,0.0,60.0,81.8,0,0.0,3000
2012-08-16,2012-08-30,OPTSTK,HDFCBANK,540.0,CE,0.0,0.0,0.0,45.0,61.95,0,0.0,28000
2012-08-16,2012-08-30,OPTSTK,HDFCBANK,560.0,CE,44.0,44.0,44.0,44.0,44.0,1,3.02,33500
2012-08-16,2012-08-30,OPTSTK,HDFCBANK,580.0,CE,28.0,28.0,23.6,23.6,23.6,10,30.26,187000
2012-08-16,2012-08-30,OPTSTK,HDFCBANK,600.0,CE,13.55,13.55,9.5,9.8,9.8,193,589.3,118000
2012-08-16,2012-08-30,OPTSTK,HDFCBANK,620.0,CE,3.85,3.85,2.0,2.35,2.35,201,625.72,205500
2012-08-16,2012-08-30,OPTSTK,HDFCBANK,640.0,CE,0.5,0.5,0.5,0.5,0.5,1,3.2,118000
2012-08-16,2012-08-30,OPTSTK,HDFCBANK,660.0,CE,0.0,0.0,0.0,0.7,0.2,0,0.0,1500
2012-08-16,2012-08-30,OPTSTK,HDFCBANK,680.0,CE,0.0,0.0,0.0,0.5,0.05,0,0.0,1000
2012-08-16,2012-08-30,OPTSTK,HDFCBANK,700.0,CE,0.0,0.0,0.0,2.85,0.0,0,0.0,500
2012-08-16,2012-08-30,OPTSTK,HDFCBANK,720.0,CE,0.0,0.0,0.0,0.1,0.0,0,0.0,0
2012-08-16,2012-08-30,OPTSTK,HDFCBANK,740.0,CE,0.0,0.0,0.0,0.05,0.0,0,0.0,0
2012-08-16,2012-08-30,OPTSTK,HDFCBANK,760.0,CE,0.0,0.0,0.0,0.05,0.0,0,0.0,0
2012-08-16,2012-08-30,OPTSTK,HDFCBANK,780.0,CE,0.0,0.0,0.0,0.05,0.0,0,0.0,0
2012-08-16,2012-08-30,OPTSTK,HDFCBANK,800.0,CE,0.0,0.0,0.0,0.05,0.0,0,0.0,0
2012-08-16,2012-08-30,OPTSTK,HDFCBANK,300.0,PE,0.0,0.0,0.0,0.05,0.0,0,0.0,0
2012-08-16,2012-08-30,OPTSTK,HDFCBANK,320.0,PE,0.0,0.0,0.0,0.05,0.0,0,0.0,0
2012-08-16,2012-08-30,OPTSTK,HDFCBANK,340.0,PE,0.0,0.0,0.0,0.05,0.0,0,0.0,0
2012-08-16,2012-08-30,OPTSTK,HDFCBANK,360.0,PE,0.0,0.0,0.0,0.05,0.0,0,0.0,0
2012-08-16,2012-08-30,OPTSTK,HDFCBANK,380.0,PE,0.0,0.0,0.0,0.15,0.0,0,0.0,0
2012-08-16,2012-08-30,OPTSTK,HDFCBANK,400.0,PE,0.0,0.0,0.0,0.4,0.0,0,0.0,0
2012-08-16,2012-08-30,OPTSTK,HDFCBANK,420.0,PE,0.0,0.0,0.0,1.1,0.0,0,0.0,0
2012-08-16,2012-08-30,OPTSTK,HDFCBANK,440.0,PE,0.0,0.0,0.0,2.6,0.0,0,0.0,0
2012-08-16,2012-08-30,OPTSTK,HDFCBANK,460.0,PE,0.0,0.0,0.0,5.4,0.0,0,0.0,0
2012-08-16,2012-08-30,OPTSTK,HDFCBANK,480.0,PE,0.0,0.0,0.0,10.0,0.0,0,0.0,0
2012-08-16,2012-08-30,OPTSTK,HDFCBANK,500.0,PE,0.0,0.0,0.0,16.8,0.0,0,0.0,0
2012-08-16,2012-08-30,OPTSTK,HDFCBANK,520.0,PE,0.0,0.0,0.0,26.0,0.0,0,0.0,0
2012-08-16,2012-08-30,OPTSTK,HDFCBANK,540.0,PE,0.0,0.0,0.0,1.2,0.05,0,0.0,62500
2012-08-16,2012-08-30,OPTSTK,HDFCBANK,560.0,PE,0.25,0.55,0.25,0.55,0.55,2,5.6,225500
2012-08-16,2012-08-30,OPTSTK,HDFCBANK,580.0,PE,1.6,2.2,1.35,1.85,1.85,97,282.23,331000
2012-08-16,2012-08-30,OPTSTK,HDFCBANK,600.0,PE,5.25,7.65,5.25,7.1,7.1,138,418.53,155500
2012-08-16,2012-08-30,OPTSTK,HDFCBANK,620.0,PE,15.5,20.0,15.5,17.35,17.35,82,261.29,40500
2012-08-16,2012-08-30,OPTSTK,HDFCBANK,640.0,PE,0.0,0.0,0.0,29.0,38.8,0,0.0,1000
2012-08-16,2012-08-30,OPTSTK,HDFCBANK,660.0,PE,0.0,0.0,0.0,138.65,57.95,0,0.0,0
2012-08-16,2012-08-30,OPTSTK,HDFCBANK,680.0,PE,0.0,0.0,0.0,157.85,77.7,0,0.0,0
2012-08-16,2012-08-30,OPTSTK,HDFCBANK,700.0,PE,0.0,0.0,0.0,177.15,97.65,0,0.0,0
2012-08-16,2012-08-30,OPTSTK,HDFCBANK,720.0,PE,0.0,0.0,0.0,196.6,117.55,0,0.0,0
2012-08-16,2012-08-30,OPTSTK,HDFCBANK,740.0,PE,0.0,0.0,0.0,216.05,137.5,0,0.0,0
2012-08-16,2012-08-30,OPTSTK,HDFCBANK,760.0,PE,0.0,0.0,0.0,235.55,157.45,0,0.0,0
2012-08-16,2012-08-30,OPTSTK,HDFCBANK,780.0,PE,0.0,0.0,0.0,255.05,177.35,0,0.0,0
2012-08-16,2012-08-30,OPTSTK,HDFCBANK,800.0,PE,0.0,0.0,0.0,274.55,197.3,0,0.0,0
2012-08-16,2012-09-27,OPTSTK,HDFCBANK,300.0,CE,0.0,0.0,0.0,255.5,303.15,0,0.0,0
2012-08-16,2012-09-27,OPTSTK,HDFCBANK,320.0,CE,0.0,0.0,0.0,235.95,283.4,0,0.0,0
2012-08-16,2012-09-27,OPTSTK,HDFCBANK,340.0,CE,0.0,0.0,0.0,216.45,263.6,0,0.0,0
2012-08-16,2012-09-27,OPTSTK,HDFCBANK,360.0,CE,0.0,0.0,0.0,196.9,243.8,0,0.0,0
2012-08-16,2012-09-27,OPTSTK,HDFCBANK,380.0,CE,0.0,0.0,0.0,177.45,224.0,0,0.0,0
2012-08-16,2012-09-27,OPTSTK,HDFCBANK,400.0,CE,0.0,0.0,0.0,158.05,204.2,0,0.0,0
2012-08-16,2012-09-27,OPTSTK,HDFCBANK,420.0,CE,0.0,0.0,0.0,138.85,184.4,0,0.0,0
2012-08-16,2012-09-27,OPTSTK,HDFCBANK,440.0,CE,0.0,0.0,0.0,120.05,164.6,0,0.0,0
2012-08-16,2012-09-27,OPTSTK,HDFCBANK,460.0,CE,0.0,0.0,0.0,101.95,144.85,0,0.0,0
2012-08-16,2012-09-27,OPTSTK,HDFCBANK,480.0,CE,0.0,0.0,0.0,84.85,125.05,0,0.0,0
2012-08-16,2012-09-27,OPTSTK,HDFCBANK,500.0,CE,0.0,0.0,0.0,69.05,105.3,0,0.0,0
2012-08-16,2012-09-27,OPTSTK,HDFCBANK,520.0,CE,0.0,0.0,0.0,54.9,85.75,0,0.0,0
2012-08-16,2012-09-27,OPTSTK,HDFCBANK,540.0,CE,0.0,0.0,0.0,42.65,66.8,0,0.0,0
2012-08-16,2012-09-27,OPTSTK,HDFCBANK,560.0,CE,0.0,0.0,0.0,32.3,49.15,0,0.0,0
2012-08-16,2012-09-27,OPTSTK,HDFCBANK,580.0,CE,0.0,0.0,0.0,36.0,33.7,0,0.0,500
2012-08-16,2012-09-27,OPTSTK,HDFCBANK,600.0,CE,17.8,17.8,17.8,17.8,17.8,1,3.08,2000
2012-08-16,2012-09-27,OPTSTK,HDFCBANK,620.0,CE,10.15,10.8,10.15,10.15,10.15,13,40.98,3500
2012-08-16,2012-09-27,OPTSTK,HDFCBANK,640.0,CE,0.0,0.0,0.0,4.55,6.5,0,0.0,500
2012-08-16,2012-09-27,OPTSTK,HDFCBANK,660.0,CE,0.0,0.0,0.0,5.7,3.15,0,0.0,0
2012-08-16,2012-09-27,OPTSTK,HDFCBANK,680.0,CE,0.0,0.0,0.0,3.8,1.35,0,0.0,0
2012-08-16,2012-09-27,OPTSTK,HDFCBANK,700.0,CE,0.0,0.0,0.0,2.45,0.55,0,0.0,0
2012-08-16,2012-09-27,OPTSTK,HDFCBANK,720.0,CE,0.0,0.0,0.0,1.6,0.2,0,0.0,0
2012-08-16,2012-09-27,OPTSTK,HDFCBANK,740.0,CE,0.0,0.0,0.0,1.0,0.1,0,0.0,0
2012-08-16,2012-09-27,OPTSTK,HDFCBANK,760.0,CE,0.0,0.0,0.0,0.6,0.05,0,0.0,0
2012-08-16,2012-09-27,OPTSTK,HDFCBANK,780.0,CE,0.0,0.0,0.0,0.4,0.05,0,0.0,0
2012-08-16,2012-09-27,OPTSTK,HDFCBANK,800.0,CE,0.0,0.0,0.0,0.25,0.0,0,0.0,0
2012-08-16,2012-09-27,OPTSTK,HDFCBANK,300.0,PE,0.0,0.0,0.0,0.05,0.0,0,0.0,0
2012-08-16,2012-09-27,OPTSTK,HDFCBANK,320.0,PE,0.0,0.0,0.0,0.05,0.0,0,0.0,0
2012-08-16,2012-09-27,OPTSTK,HDFCBANK,340.0,PE,0.0,0.0,0.0,0.05,0.0,0,0.0,0
2012-08-16,2012-09-27,OPTSTK,HDFCBANK,360.0,PE,0.0,0.0,0.0,0.05,0.0,0,0.0,0
2012-08-16,2012-09-27,OPTSTK,HDFCBANK,380.0,PE,0.0,0.0,0.0,0.1,0.0,0,0.0,0
2012-08-16,2012-09-27,OPTSTK,HDFCBANK,400.0,PE,0.0,0.0,0.0,0.25,0.0,0,0.0,0
2012-08-16,2012-09-27,OPTSTK,HDFCBANK,420.0,PE,0.0,0.0,0.0,0.6,0.0,0,0.0,0
2012-08-16,2012-09-27,OPTSTK,HDFCBANK,440.0,PE,0.0,0.0,0.0,1.35,0.0,0,0.0,0
2012-08-16,2012-09-27,OPTSTK,HDFCBANK,460.0,PE,0.0,0.0,0.0,2.75,0.0,0,0.0,0
2012-08-16,2012-09-27,OPTSTK,HDFCBANK,480.0,PE,0.0,0.0,0.0,5.15,0.05,0,0.0,0
2012-08-16,2012-09-27,OPTSTK,HDFCBANK,500.0,PE,0.0,0.0,0.0,8.95,0.1,0,0.0,0
2012-08-16,2012-09-27,OPTSTK,HDFCBANK,520.0,PE,0.0,0.0,0.0,14.3,0.35,0,0.0,0
2012-08-16,2012-09-27,OPTSTK,HDFCBANK,540.0,PE,0.0,0.0,0.0,21.55,1.2,0,0.0,0
2012-08-16,2012-09-27,OPTSTK,HDFCBANK,560.0,PE,3.7,3.7,3.7,3.7,3.7,1,2.81,2500
2012-08-16,2012-09-27,OPTSTK,HDFCBANK,580.0,PE,0.0,0.0,0.0,13.15,7.65,0,0.0,0
2012-08-16,2012-09-27,OPTSTK,HDFCBANK,600.0,PE,13.75,13.75,13.75,13.75,13.75,1,3.06,500
2012-08-16,2012-09-27,OPTSTK,HDFCBANK,620.0,PE,25.0,25.0,25.0,25.0,25.0,1,3.22,500
2012-08-16,2012-09-27,OPTSTK,HDFCBANK,640.0,PE,0.0,0.0,0.0,85.05,39.85,0,0.0,0
2012-08-16,2012-09-27,OPTSTK,HDFCBANK,660.0,PE,0.0,0.0,0.0,101.85,56.25,0,0.0,0
2012-08-16,2012-09-27,OPTSTK,HDFCBANK,680.0,PE,0.0,0.0,0.0,119.45,74.3,0,0.0,0
2012-08-16,2012-09-27,OPTSTK,HDFCBANK,700.0,PE,0.0,0.0,0.0,137.7,93.25,0,0.0,0
2012-08-16,2012-09-27,OPTSTK,HDFCBANK,720.0,PE,0.0,0.0,0.0,156.35,112.7,0,0.0,0
2012-08-16,2012-09-27,OPTSTK,HDFCBANK,740.0,PE,0.0,0.0,0.0,175.3,132.4,0,0.0,0
2012-08-16,2012-09-27,OPTSTK,HDFCBANK,760.0,PE,0.0,0.0,0.0,194.45,152.15,0,0.0,0
2012-08-16,2012-09-27,OPTSTK,HDFCBANK,780.0,PE,0.0,0.0,0.0,213.75,171.9,0,0.0,0
2012-08-16,2012-09-27,OPTSTK,HDFCBANK,800.0,PE,0.0,0.0,0.0,233.15,191.7,0,0.0,0
2012-08-16,2012-10-25,OPTSTK,HDFCBANK,300.0,CE,0.0,0.0,0.0,272.65,305.2,0,0.0,0
2012-08-16,2012-10-25,OPTSTK,HDFCBANK,320.0,CE,0.0,0.0,0.0,253.1,285.55,0,0.0,0
2012-08-16,2012-10-25,OPTSTK,HDFCBANK,340.0,CE,0.0,0.0,0.0,233.55,265.9,0,0.0,0
2012-08-16,2012-10-25,OPTSTK,HDFCBANK,360.0,CE,0.0,0.0,0.0,214.0,246.25,0,0.0,0
2012-08-16,2012-10-25,OPTSTK,HDFCBANK,380.0,CE,0.0,0.0,0.0,194.45,226.6,0,0.0,0
2012-08-16,2012-10-25,OPTSTK,HDFCBANK,400.0,CE,0.0,0.0,0.0,174.9,206.95,0,0.0,0
2012-08-16,2012-10-25,OPTSTK,HDFCBANK,420.0,CE,0.0,0.0,0.0,155.4,187.3,0,0.0,0
2012-08-16,2012-10-25,OPTSTK,HDFCBANK,440.0,CE,0.0,0.0,0.0,136.0,167.65,0,0.0,0
2012-08-16,2012-10-25,OPTSTK,HDFCBANK,460.0,CE,0.0,0.0,0.0,116.85,148.0,0,0.0,0
2012-08-16,2012-10-25,OPTSTK,HDFCBANK,480.0,CE,0.0,0.0,0.0,98.2,128.45,0,0.0,0
2012-08-16,2012-10-25,OPTSTK,HDFCBANK,500.0,CE,0.0,0.0,0.0,80.45,109.05,0,0.0,0
2012-08-16,2012-10-25,OPTSTK,HDFCBANK,520.0,CE,0.0,0.0,0.0,63.95,90.15,0,0.0,0
2012-08-16,2012-10-25,OPTSTK,HDFCBANK,540.0,CE,0.0,0.0,0.0,49.25,72.1,0,0.0,0
2012-08-16,2012-10-25,OPTSTK,HDFCBANK,560.0,CE,0.0,0.0,0.0,36.65,55.45,0,0.0,0
2012-08-16,2012-10-25,OPTSTK,HDFCBANK,580.0,CE,0.0,0.0,0.0,26.3,40.85,0,0.0,0
2012-08-16,2012-10-25,OPTSTK,HDFCBANK,600.0,CE,0.0,0.0,0.0,18.2,28.7,0,0.0,0
2012-08-16,2012-10-25,OPTSTK,HDFCBANK,620.0,CE,0.0,0.0,0.0,12.15,19.2,0,0.0,0
2012-08-16,2012-10-25,OPTSTK,HDFCBANK,640.0,CE,0.0,0.0,0.0,7.85,12.15,0,0.0,0
2012-08-16,2012-10-25,OPTSTK,HDFCBANK,660.0,CE,0.0,0.0,0.0,4.9,7.35,0,0.0,0
2012-08-16,2012-10-25,OPTSTK,HDFCBANK,680.0,CE,0.0,0.0,0.0,2.95,4.2,0,0.0,0
2012-08-16,2012-10-25,OPTSTK,HDFCBANK,700.0,CE,0.0,0.0,0.0,1.75,2.3,0,0.0,0
2012-08-16,2012-10-25,OPTSTK,HDFCBANK,720.0,CE,0.0,0.0,0.0,1.0,1.2,0,0.0,0
2012-08-16,2012-10-25,OPTSTK,HDFCBANK,740.0,CE,0.0,0.0,0.0,0.55,0.6,0,0.0,0
2012-08-16,2012-10-25,OPTSTK,HDFCBANK,760.0,CE,0.0,0.0,0.0,0.3,0.3,0,0.0,0
2012-08-16,2012-10-25,OPTSTK,HDFCBANK,780.0,CE,0.0,0.0,0.0,0.15,0.15,0,0.0,0
2012-08-16,2012-10-25,OPTSTK,HDFCBANK,800.0,CE,0.0,0.0,0.0,0.1,0.1,0,0.0,0
2012-08-16,2012-10-25,OPTSTK,HDFCBANK,300.0,PE,0.0,0.0,0.0,0.05,0.0,0,0.0,0
2012-08-16,2012-10-25,OPTSTK,HDFCBANK,320.0,PE,0.0,0.0,0.0,0.05,0.0,0,0.0,0
2012-08-16,2012-10-25,OPTSTK,HDFCBANK,340.0,PE,0.0,0.0,0.0,0.05,0.0,0,0.0,0
2012-08-16,2012-10-25,OPTSTK,HDFCBANK,360.0,PE,0.0,0.0,0.0,0.05,0.0,0,0.0,0
2012-08-16,2012-10-25,OPTSTK,HDFCBANK,380.0,PE,0.0,0.0,0.0,0.05,0.0,0,0.0,0
2012-08-16,2012-10-25,OPTSTK,HDFCBANK,400.0,PE,0.0,0.0,0.0,0.05,0.0,0,0.0,0
2012-08-16,2012-10-25,OPTSTK,HDFCBANK,420.0,PE,0.0,0.0,0.0,0.1,0.0,0,0.0,0
2012-08-16,2012-10-25,OPTSTK,HDFCBANK,440.0,PE,0.0,0.0,0.0,0.25,0.05,0,0.0,0
2012-08-16,2012-10-25,OPTSTK,HDFCBANK,460.0,PE,0.0,0.0,0.0,0.6,0.05,0,0.0,0
2012-08-16,2012-10-25,OPTSTK,HDFCBANK,480.0,PE,0.0,0.0,0.0,1.5,0.15,0,0.0,0
2012-08-16,2012-10-25,OPTSTK,HDFCBANK,500.0,PE,0.0,0.0,0.0,3.3,0.4,0,0.0,0
2012-08-16,2012-10-25,OPTSTK,HDFCBANK,520.0,PE,0.0,0.0,0.0,6.35,1.15,0,0.0,0
2012-08-16,2012-10-25,OPTSTK,HDFCBANK,540.0,PE,0.0,0.0,0.0,11.2,2.75,0,0.0,0
2012-08-16,2012-10-25,OPTSTK,HDFCBANK,560.0,PE,0.0,0.0,0.0,18.15,5.8,0,0.0,0
2012-08-16,2012-10-25,OPTSTK,HDFCBANK,580.0,PE,0.0,0.0,0.0,27.35,10.85,0,0.0,0
2012-08-16,2012-10-25,OPTSTK,HDFCBANK,600.0,PE,0.0,0.0,0.0,38.8,18.35,0,0.0,0
2012-08-16,2012-10-25,OPTSTK,HDFCBANK,620.0,PE,0.0,0.0,0.0,52.3,28.5,0,0.0,0
2012-08-16,2012-10-25,OPTSTK,HDFCBANK,640.0,PE,0.0,0.0,0.0,67.55,41.15,0,0.0,0
2012-08-16,2012-10-25,OPTSTK,HDFCBANK,660.0,PE,0.0,0.0,0.0,84.15,55.95,0,0.0,0
2012-08-16,2012-10-25,OPTSTK,HDFCBANK,680.0,PE,0.0,0.0,0.0,101.75,72.5,0,0.0,0
2012-08-16,2012-10-25,OPTSTK,HDFCBANK,700.0,PE,0.0,0.0,0.0,120.05,90.25,0,0.0,0
2012-08-16,2012-10-25,OPTSTK,HDFCBANK,720.0,PE,0.0,0.0,0.0,138.85,108.8,0,0.0,0
2012-08-16,2012-10-25,OPTSTK,HDFCBANK,740.0,PE,0.0,0.0,0.0,157.95,127.85,0,0.0,0
2012-08-16,2012-10-25,OPTSTK,HDFCBANK,760.0,PE,0.0,0.0,0.0,177.25,147.2,0,0.0,0
2012-08-16,2012-10-25,OPTSTK,HDFCBANK,780.0,PE,0.0,0.0,0.0,196.65,166.7,0,0.0,0
2012-08-16,2012-10-25,OPTSTK,HDFCBANK,800.0,PE,0.0,0.0,0.0,216.15,186.3,0,0.0,0
2012-08-16,2012-08-30,OPTSTK,HDIL,35.0,CE,0.0,0.0,0.0,33.15,49.05,0,0.0,0
2012-08-16,2012-08-30,OPTSTK,HDIL,40.0,CE,0.0,0.0,0.0,28.45,44.05,0,0.0,0
2012-08-16,2012-08-30,OPTSTK,HDIL,45.0,CE,0.0,0.0,0.0,23.95,39.05,0,0.0,0
2012-08-16,2012-08-30,OPTSTK,HDIL,50.0,CE,0.0,0.0,0.0,19.75,34.1,0,0.0,0
2012-08-16,2012-08-30,OPTSTK,HDIL,55.0,CE,0.0,0.0,0.0,15.95,29.1,0,0.0,0
2012-08-16,2012-08-30,OPTSTK,HDIL,60.0,CE,0.0,0.0,0.0,12.65,24.1,0,0.0,0
2012-08-16,2012-08-30,OPTSTK,HDIL,65.0,CE,0.0,0.0,0.0,9.9,19.15,0,0.0,0
2012-08-16,2012-08-30,OPTSTK,HDIL,70.0,CE,0.0,0.0,0.0,13.95,14.3,0,0.0,20000
2012-08-16,2012-08-30,OPTSTK,HDIL,75.0,CE,9.9,11.0,9.45,9.45,9.45,13,44.37,108000
2012-08-16,2012-08-30,OPTSTK,HDIL,80.0,CE,5.1,6.6,5.0,5.3,5.3,140,480.8,664000
2012-08-16,2012-08-30,OPTSTK,HDIL,85.0,CE,2.35,3.25,2.05,2.3,2.3,1019,3571.56,2016000
2012-08-16,2012-08-30,OPTSTK,HDIL,90.0,CE,1.0,1.4,0.8,0.9,0.9,1111,4048.0,4252000
2012-08-16,2012-08-30,OPTSTK,HDIL,95.0,CE,0.3,0.55,0.3,0.3,0.3,385,1469.28,1284000
2012-08-16,2012-08-30,OPTSTK,HDIL,100.0,CE,0.2,0.25,0.1,0.1,0.1,73,292.47,768000
2012-08-16,2012-08-30,OPTSTK,HDIL,105.0,CE,0.0,0.0,0.0,0.1,0.1,0,0.0,52000
2012-08-16,2012-08-30,OPTSTK,HDIL,110.0,CE,0.05,0.05,0.05,0.05,0.05,4,17.6,300000
2012-08-16,2012-08-30,OPTSTK,HDIL,115.0,CE,0.0,0.0,0.0,0.5,0.05,0,0.0,0
2012-08-16,2012-08-30,OPTSTK,HDIL,35.0,PE,0.0,0.0,0.0,0.1,0.0,0,0.0,0
2012-08-16,2012-08-30,OPTSTK,HDIL,40.0,PE,0.0,0.0,0.0,0.25,0.0,0,0.0,0
2012-08-16,2012-08-30,OPTSTK,HDIL,45.0,PE,0.0,0.0,0.0,0.6,0.0,0,0.0,0
2012-08-16,2012-08-30,OPTSTK,HDIL,50.0,PE,0.0,0.0,0.0,1.3,0.0,0,0.0,0
2012-08-16,2012-08-30,OPTSTK,HDIL,55.0,PE,0.0,0.0,0.0,0.05,0.0,0,0.0,4000
2012-08-16,2012-08-30,OPTSTK,HDIL,60.0,PE,0.05,0.1,0.05,0.1,0.1,4,9.61,208000
2012-08-16,2012-08-30,OPTSTK,HDIL,65.0,PE,0.1,0.1,0.05,0.1,0.1,4,10.41,316000
2012-08-16,2012-08-30,OPTSTK,HDIL,70.0,PE,0.2,0.25,0.15,0.2,0.2,178,499.82,1444000
2012-08-16,2012-08-30,OPTSTK,HDIL,75.0,PE,0.6,0.6,0.3,0.45,0.45,231,696.8,1284000
2012-08-16,2012-08-30,OPTSTK,HDIL,80.0,PE,1.45,1.6,0.8,1.25,1.25,653,2119.25,1996000
2012-08-16,2012-08-30,OPTSTK,HDIL,85.0,PE,3.8,3.8,2.45,3.2,3.2,300,1055.95,520000
2012-08-16,2012-08-30,OPTSTK,HDIL,90.0,PE,6.0,6.95,5.35,6.95,6.95,26,99.5,88000
2012-08-16,2012-08-30,OPTSTK,HDIL,95.0,PE,10.15,10.15,10.15,10.15,10.15,2,8.41,16000
2012-08-16,2012-08-30,OPTSTK,HDIL,100.0,PE,0.0,0.0,0.0,16.5,16.05,0,0.0,80000
2012-08-16,2012-08-30,OPTSTK,HDIL,105.0,PE,0.0,0.0,0.0,21.4,20.85,0,0.0,56000
2012-08-16,2012-08-30,OPTSTK,HDIL,110.0,PE,0.0,0.0,0.0,37.0,25.8,0,0.0,52000
2012-08-16,2012-08-30,OPTSTK,HDIL,115.0,PE,0.0,0.0,0.0,45.45,30.75,0,0.0,0
2012-08-16,2012-09-27,OPTSTK,HDIL,35.0,CE,0.0,0.0,0.0,50.95,49.3,0,0.0,0
2012-08-16,2012-09-27,OPTSTK,HDIL,40.0,CE,0.0,0.0,0.0,46.1,44.35,0,0.0,0
2012-08-16,2012-09-27,OPTSTK,HDIL,45.0,CE,0.0,0.0,0.0,41.25,39.4,0,0.0,0
2012-08-16,2012-09-27,OPTSTK,HDIL,50.0,CE,0.0,0.0,0.0,36.55,34.45,0,0.0,0
2012-08-16,2012-09-27,OPTSTK,HDIL,55.0,CE,0.0,0.0,0.0,32.0,29.55,0,0.0,0
2012-08-16,2012-09-27,OPTSTK,HDIL,60.0,CE,0.0,0.0,0.0,27.65,24.75,0,0.0,0
2012-08-16,2012-09-27,OPTSTK,HDIL,65.0,CE,0.0,0.0,0.0,23.65,20.1,0,0.0,0
2012-08-16,2012-09-27,OPTSTK,HDIL,70.0,CE,0.0,0.0,0.0,19.95,15.85,0,0.0,0
2012-08-16,2012-09-27,OPTSTK,HDIL,75.0,CE,0.0,0.0,0.0,16.7,12.05,0,0.0,0
2012-08-16,2012-09-27,OPTSTK,HDIL,80.0,CE,0.0,0.0,0.0,8.0,8.85,0,0.0,28000
2012-08-16,2012-09-27,OPTSTK,HDIL,85.0,CE,0.0,0.0,0.0,5.5,6.3,0,0.0,0
2012-08-16,2012-09-27,OPTSTK,HDIL,90.0,CE,3.7,3.7,3.7,3.7,3.7,1,3.74,16000
2012-08-16,2012-09-27,OPTSTK,HDIL,95.0,CE,0.0,0.0,0.0,7.4,2.9,0,0.0,0
2012-08-16,2012-09-27,OPTSTK,HDIL,100.0,CE,1.2,1.2,1.0,1.0,1.0,4,16.17,44000
2012-08-16,2012-09-27,OPTSTK,HDIL,105.0,CE,0.0,0.0,0.0,4.75,1.2,0,0.0,0
2012-08-16,2012-09-27,OPTSTK,HDIL,110.0,CE,0.0,0.0,0.0,3.75,0.75,0,0.0,0
2012-08-16,2012-09-27,OPTSTK,HDIL,115.0,CE,0.0,0.0,0.0,2.95,0.45,0,0.0,0
2012-08-16,2012-09-27,OPTSTK,HDIL,35.0,PE,0.0,0.0,0.0,0.05,0.0,0,0.0,0
2012-08-16,2012-09-27,OPTSTK,HDIL,40.0,PE,0.0,0.0,0.0,0.05,0.0,0,0.0,0
2012-08-16,2012-09-27,OPTSTK,HDIL,45.0,PE,0.0,0.0,0.0,0.1,0.0,0,0.0,0
2012-08-16,2012-09-27,OPTSTK,HDIL,50.0,PE,0.0,0.0,0.0,0.3,0.05,0,0.0,0
2012-08-16,2012-09-27,OPTSTK,HDIL,55.0,PE,0.0,0.0,0.0,0.6,0.05,0,0.0,0
2012-08-16,2012-09-27,OPTSTK,HDIL,60.0,PE,0.0,0.0,0.0,1.2,0.2,0,0.0,0
2012-08-16,2012-09-27,OPTSTK,HDIL,65.0,PE,0.0,0.0,0.0,2.05,0.55,0,0.0,0
2012-08-16,2012-09-27,OPTSTK,HDIL,70.0,PE,0.0,0.0,0.0,3.25,1.25,0,0.0,0
2012-08-16,2012-09-27,OPTSTK,HDIL,75.0,PE,0.0,0.0,0.0,4.85,2.4,0,0.0,0
2012-08-16,2012-09-27,OPTSTK,HDIL,80.0,PE,0.0,0.0,0.0,2.75,4.15,0,0.0,4000
2012-08-16,2012-09-27,OPTSTK,HDIL,85.0,PE,0.0,0.0,0.0,9.2,6.5,0,0.0,0
2012-08-16,2012-09-27,OPTSTK,HDIL,90.0,PE,0.0,0.0,0.0,12.0,9.5,0,0.0,0
2012-08-16,2012-09-27,OPTSTK,HDIL,95.0,PE,0.0,0.0,0.0,15.1,13.0,0,0.0,0
2012-08-16,2012-09-27,OPTSTK,HDIL,100.0,PE,0.0,0.0,0.0,18.5,16.95,0,0.0,0
2012-08-16,2012-09-27,OPTSTK,HDIL,105.0,PE,0.0,0.0,0.0,22.2,21.2,0,0.0,0
2012-08-16,2012-09-27,OPTSTK,HDIL,110.0,PE,0.0,0.0,0.0,26.1,25.7,0,0.0,0
2012-08-16,2012-09-27,OPTSTK,HDIL,115.0,PE,0.0,0.0,0.0,30.2,30.35,0,0.0,0
2012-08-16,2012-10-25,OPTSTK,HDIL,35.0,CE,0.0,0.0,0.0,38.95,49.5,0,0.0,0
2012-08-16,2012-10-25,OPTSTK,HDIL,40.0,CE,0.0,0.0,0.0,34.1,44.6,0,0.0,0
2012-08-16,2012-10-25,OPTSTK,HDIL,45.0,CE,0.0,0.0,0.0,29.4,39.7,0,0.0,0
2012-08-16,2012-10-25,OPTSTK,HDIL,50.0,CE,0.0,0.0,0.0,24.95,34.85,0,0.0,0
2012-08-16,2012-10-25,OPTSTK,HDIL,55.0,CE,0.0,0.0,0.0,20.75,30.1,0,0.0,0
2012-08-16,2012-10-25,OPTSTK,HDIL,60.0,CE,0.0,0.0,0.0,16.95,25.55,0,0.0,0
2012-08-16,2012-10-25,OPTSTK,HDIL,65.0,CE,0.0,0.0,0.0,13.65,21.25,0,0.0,0
2012-08-16,2012-10-25,OPTSTK,HDIL,70.0,CE,0.0,0.0,0.0,10.8,17.35,0,0.0,0
2012-08-16,2012-10-25,OPTSTK,HDIL,75.0,CE,0.0,0.0,0.0,8.45,13.9,0,0.0,0
2012-08-16,2012-10-25,OPTSTK,HDIL,80.0,CE,0.0,0.0,0.0,6.5,10.9,0,0.0,0
2012-08-16,2012-10-25,OPTSTK,HDIL,85.0,CE,0.0,0.0,0.0,4.95,8.4,0,0.0,0
2012-08-16,2012-10-25,OPTSTK,HDIL,90.0,CE,0.0,0.0,0.0,3.75,6.4,0,0.0,0
2012-08-16,2012-10-25,OPTSTK,HDIL,95.0,CE,0.0,0.0,0.0,2.8,4.8,0,0.0,0
2012-08-16,2012-10-25,OPTSTK,HDIL,100.0,CE,0.0,0.0,0.0,2.1,3.55,0,0.0,0
2012-08-16,2012-10-25,OPTSTK,HDIL,105.0,CE,0.0,0.0,0.0,1.55,2.6,0,0.0,0
2012-08-16,2012-10-25,OPTSTK,HDIL,110.0,CE,0.0,0.0,0.0,1.15,1.85,0,0.0,0
2012-08-16,2012-10-25,OPTSTK,HDIL,115.0,CE,0.0,0.0,0.0,0.85,1.35,0,0.0,0
2012-08-16,2012-10-25,OPTSTK,HDIL,35.0,PE,0.0,0.0,0.0,0.05,0.0,0,0.0,0
2012-08-16,2012-10-25,OPTSTK,HDIL,40.0,PE,0.0,0.0,0.0,0.1,0.0,0,0.0,0
2012-08-16,2012-10-25,OPTSTK,HDIL,45.0,PE,0.0,0.0,0.0,0.3,0.05,0,0.0,0
2012-08-16,2012-10-25,OPTSTK,HDIL,50.0,PE,0.0,0.0,0.0,0.7,0.1,0,0.0,0
2012-08-16,2012-10-25,OPTSTK,HDIL,55.0,PE,0.0,0.0,0.0,1.4,0.25,0,0.0,0
2012-08-16,2012-10-25,OPTSTK,HDIL,60.0,PE,0.0,0.0,0.0,2.5,0.6,0,0.0,0
2012-08-16,2012-10-25,OPTSTK,HDIL,65.0,PE,0.0,0.0,0.0,4.05,1.25,0,0.0,0
2012-08-16,2012-10-25,OPTSTK,HDIL,70.0,PE,0.0,0.0,0.0,6.1,2.25,0,0.0,0
2012-08-16,2012-10-25,OPTSTK,HDIL,75.0,PE,0.0,0.0,0.0,8.65,3.7,0,0.0,0
2012-08-16,2012-10-25,OPTSTK,HDIL,80.0,PE,0.0,0.0,0.0,11.6,5.65,0,0.0,0
2012-08-16,2012-10-25,OPTSTK,HDIL,85.0,PE,0.0,0.0,0.0,14.95,8.05,0,0.0,0
2012-08-16,2012-10-25,OPTSTK,HDIL,90.0,PE,0.0,0.0,0.0,18.6,10.95,0,0.0,0
2012-08-16,2012-10-25,OPTSTK,HDIL,95.0,PE,0.0,0.0,0.0,22.55,14.25,0,0.0,0
2012-08-16,2012-10-25,OPTSTK,HDIL,100.0,PE,0.0,0.0,0.0,26.75,17.9,0,0.0,0
2012-08-16,2012-10-25,OPTSTK,HDIL,105.0,PE,0.0,0.0,0.0,31.05,21.9,0,0.0,0
2012-08-16,2012-10-25,OPTSTK,HDIL,110.0,PE,0.0,0.0,0.0,35.55,26.1,0,0.0,0
2012-08-16,2012-10-25,OPTSTK,HDIL,115.0,PE,0.0,0.0,0.0,40.15,30.45,0,0.0,0
2012-08-16,2012-08-30,OPTSTK,HEROMOTOCO,1150.0,CE,0.0,0.0,0.0,708.0,783.75,0,0.0,0
2012-08-16,2012-08-30,OPTSTK,HEROMOTOCO,1200.0,CE,0.0,0.0,0.0,659.45,733.95,0,0.0,0
2012-08-16,2012-08-30,OPTSTK,HEROMOTOCO,1250.0,CE,0.0,0.0,0.0,611.1,684.1,0,0.0,0
2012-08-16,2012-08-30,OPTSTK,HEROMOTOCO,1300.0,CE,0.0,0.0,0.0,563.1,634.25,0,0.0,0
2012-08-16,2012-08-30,OPTSTK,HEROMOTOCO,1350.0,CE,0.0,0.0,0.0,515.7,584.45,0,0.0,0
2012-08-16,2012-08-30,OPTSTK,HEROMOTOCO,1400.0,CE,0.0,0.0,0.0,469.1,534.6,0,0.0,0
2012-08-16,2012-08-30,OPTSTK,HEROMOTOCO,1450.0,CE,0.0,0.0,0.0,423.6,484.75,0,0.0,0
2012-08-16,2012-08-30,OPTSTK,HEROMOTOCO,1500.0,CE,0.0,0.0,0.0,379.6,434.95,0,0.0,0
2012-08-16,2012-08-30,OPTSTK,HEROMOTOCO,1550.0,CE,0.0,0.0,0.0,337.4,385.1,0,0.0,0
2012-08-16,2012-08-30,OPTSTK,HEROMOTOCO,1600.0,CE,0.0,0.0,0.0,297.35,335.25,0,0.0,0
2012-08-16,2012-08-30,OPTSTK,HEROMOTOCO,1650.0,CE,0.0,0.0,0.0,259.85,285.45,0,0.0,0
2012-08-16,2012-08-30,OPTSTK,HEROMOTOCO,1700.0,CE,0.0,0.0,0.0,224.95,235.75,0,0.0,0
2012-08-16,2012-08-30,OPTSTK,HEROMOTOCO,1750.0,CE,0.0,0.0,0.0,193.05,186.55,0,0.0,0
2012-08-16,2012-08-30,OPTSTK,HEROMOTOCO,1800.0,CE,0.0,0.0,0.0,96.0,139.1,0,0.0,125
2012-08-16,2012-08-30,OPTSTK,HEROMOTOCO,1850.0,CE,77.0,94.0,77.0,92.0,92.0,30,72.73,3875
2012-08-16,2012-08-30,OPTSTK,HEROMOTOCO,1900.0,CE,39.0,58.0,34.85,52.2,52.2,391,953.33,29500
2012-08-16,2012-08-30,OPTSTK,HEROMOTOCO,1950.0,CE,20.5,32.0,20.0,26.6,26.6,530,1310.05,41750
2012-08-16,2012-08-30,OPTSTK,HEROMOTOCO,2000.0,CE,9.8,15.05,9.1,12.35,12.35,460,1157.37,82250
2012-08-16,2012-08-30,OPTSTK,HEROMOTOCO,2050.0,CE,4.25,6.95,4.25,5.0,5.0,84,215.85,41125
2012-08-16,2012-08-30,OPTSTK,HEROMOTOCO,2100.0,CE,2.95,3.85,2.4,2.4,2.4,7,18.4,37625
2012-08-16,2012-08-30,OPTSTK,HEROMOTOCO,2150.0,CE,2.0,2.0,2.0,2.0,2.0,4,10.76,14250
2012-08-16,2012-08-30,OPTSTK,HEROMOTOCO,2200.0,CE,0.0,0.0,0.0,1.5,0.2,0,0.0,12375
2012-08-16,2012-08-30,OPTSTK,HEROMOTOCO,2250.0,CE,0.0,0.0,0.0,2.1,0.05,0,0.0,3125
2012-08-16,2012-08-30,OPTSTK,HEROMOTOCO,2300.0,CE,0.0,0.0,0.0,29.8,0.05,0,0.0,250
2012-08-16,2012-08-30,OPTSTK,HEROMOTOCO,2350.0,CE,0.0,0.0,0.0,0.05,0.0,0,0.0,125
2012-08-16,2012-08-30,OPTSTK,HEROMOTOCO,2400.0,CE,0.0,0.0,0.0,12.6,0.0,0,0.0,0
2012-08-16,2012-08-30,OPTSTK,HEROMOTOCO,2450.0,CE,0.0,0.0,0.0,9.75,0.0,0,0.0,0
2012-08-16,2012-08-30,OPTSTK,HEROMOTOCO,2500.0,CE,0.0,0.0,0.0,7.5,0.0,0,0.0,0
2012-08-16,2012-08-30,OPTSTK,HEROMOTOCO,2550.0,CE,0.0,0.0,0.0,5.75,0.0,0,0.0,0
2012-08-16,2012-08-30,OPTSTK,HEROMOTOCO,2600.0,CE,0.0,0.0,0.0,4.35,0.0,0,0.0,0
2012-08-16,2012-08-30,OPTSTK,HEROMOTOCO,2650.0,CE,0.0,0.0,0.0,3.3,0.0,0,0.0,0
2012-08-16,2012-08-30,OPTSTK,HEROMOTOCO,2700.0,CE,0.0,0.0,0.0,2.5,0.0,0,0.0,0
2012-08-16,2012-08-30,OPTSTK,HEROMOTOCO,2750.0,CE,0.0,0.0,0.0,1.9,0.0,0,0.0,0
2012-08-16,2012-08-30,OPTSTK,HEROMOTOCO,1150.0,PE,0.0,0.0,0.0,0.2,0.0,0,0.0,0
2012-08-16,2012-08-30,OPTSTK,HEROMOTOCO,1200.0,PE,0.0,0.0,0.0,0.45,0.0,0,0.0,0
2012-08-16,2012-08-30,OPTSTK,HEROMOTOCO,1250.0,PE,0.0,0.0,0.0,0.85,0.0,0,0.0,0
2012-08-16,2012-08-30,OPTSTK,HEROMOTOCO,1300.0,PE,0.0,0.0,0.0,1.7,0.0,0,0.0,0
2012-08-16,2012-08-30,OPTSTK,HEROMOTOCO,1350.0,PE,0.0,0.0,0.0,3.05,0.0,0,0.0,0
2012-08-16,2012-08-30,OPTSTK,HEROMOTOCO,1400.0,PE,0.0,0.0,0.0,5.25,0.0,0,0.0,0
2012-08-16,2012-08-30,OPTSTK,HEROMOTOCO,1450.0,PE,0.0,0.0,0.0,8.6,0.0,0,0.0,0
2012-08-16,2012-08-30,OPTSTK,HEROMOTOCO,1500.0,PE,0.0,0.0,0.0,13.35,0.0,0,0.0,0
2012-08-16,2012-08-30,OPTSTK,HEROMOTOCO,1550.0,PE,0.0,0.0,0.0,19.95,0.0,0,0.0,0
2012-08-16,2012-08-30,OPTSTK,HEROMOTOCO,1600.0,PE,0.0,0.0,0.0,28.7,0.0,0,0.0,0
2012-08-16,2012-08-30,OPTSTK,HEROMOTOCO,1650.0,PE,0.0,0.0,0.0,40.05,0.05,0,0.0,0
2012-08-16,2012-08-30,OPTSTK,HEROMOTOCO,1700.0,PE,0.0,0.0,0.0,2.15,0.15,0,0.0,375
2012-08-16,2012-08-30,OPTSTK,HEROMOTOCO,1750.0,PE,0.0,0.0,0.0,4.45,0.8,0,0.0,7500
2012-08-16,2012-08-30,OPTSTK,HEROMOTOCO,1800.0,PE,4.5,6.35,2.8,2.8,2.8,15,33.83,20125
2012-08-16,2012-08-30,OPTSTK,HEROMOTOCO,1850.0,PE,12.3,12.3,6.5,8.6,8.6,69,160.26,14500
2012-08-16,2012-08-30,OPTSTK,HEROMOTOCO,1900.0,PE,23.0,28.05,16.2,18.85,18.85,229,549.69,28875
2012-08-16,2012-08-30,OPTSTK,HEROMOTOCO,1950.0,PE,57.3,57.3,37.95,41.7,41.7,43,107.08,15000
2012-08-16,2012-08-30,OPTSTK,HEROMOTOCO,2000.0,PE,71.0,79.0,71.0,79.0,79.0,2,5.18,5875
2012-08-16,2012-08-30,OPTSTK,HEROMOTOCO,2050.0,PE,0.0,0.0,0.0,165.0,119.8,0,0.0,5000
2012-08-16,2012-08-30,OPTSTK,HEROMOTOCO,2100.0,PE,0.0,0.0,0.0,182.8,165.45,0,0.0,5500
2012-08-16,2012-08-30,OPTSTK,HEROMOTOCO,2150.0,PE,0.0,0.0,0.0,309.9,213.65,0,0.0,0
2012-08-16,2012-08-30,OPTSTK,HEROMOTOCO,2200.0,PE,0.0,0.0,0.0,350.25,262.95,0,0.0,0
2012-08-16,2012-08-30,OPTSTK,HEROMOTOCO,2250.0,PE,0.0,0.0,0.0,392.1,312.65,0,0.0,0
2012-08-16,2012-08-30,OPTSTK,HEROMOTOCO,2300.0,PE,0.0,0.0,0.0,435.25,362.45,0,0.0,0
2012-08-16,2012-08-30,OPTSTK,HEROMOTOCO,2350.0,PE,0.0,0.0,0.0,479.55,412.25,0,0.0,0
2012-08-16,2012-08-30,OPTSTK,HEROMOTOCO,2400.0,PE,0.0,0.0,0.0,524.7,462.1,0,0.0,0
2012-08-16,2012-08-30,OPTSTK,HEROMOTOCO,2450.0,PE,0.0,0.0,0.0,570.65,511.95,0,0.0,0
2012-08-16,2012-08-30,OPTSTK,HEROMOTOCO,2500.0,PE,0.0,0.0,0.0,617.15,561.75,0,0.0,0
2012-08-16,2012-08-30,OPTSTK,HEROMOTOCO,2550.0,PE,0.0,0.0,0.0,664.2,611.6,0,0.0,0
2012-08-16,2012-08-30,OPTSTK,HEROMOTOCO,2600.0,PE,0.0,0.0,0.0,711.65,661.45,0,0.0,0
2012-08-16,2012-08-30,OPTSTK,HEROMOTOCO,2650.0,PE,0.0,0.0,0.0,759.35,711.25,0,0.0,0
2012-08-16,2012-08-30,OPTSTK,HEROMOTOCO,2700.0,PE,0.0,0.0,0.0,807.35,761.1,0,0.0,0
2012-08-16,2012-08-30,OPTSTK,HEROMOTOCO,2750.0,PE,0.0,0.0,0.0,855.55,810.95,0,0.0,0
2012-08-16,2012-09-27,OPTSTK,HEROMOTOCO,1150.0,CE,0.0,0.0,0.0,963.75,791.8,0,0.0,0
2012-08-16,2012-09-27,OPTSTK,HEROMOTOCO,1200.0,CE,0.0,0.0,0.0,914.95,742.3,0,0.0,0
2012-08-16,2012-09-27,OPTSTK,HEROMOTOCO,1250.0,CE,0.0,0.0,0.0,866.15,692.85,0,0.0,0
2012-08-16,2012-09-27,OPTSTK,HEROMOTOCO,1300.0,CE,0.0,0.0,0.0,817.35,643.35,0,0.0,0
2012-08-16,2012-09-27,OPTSTK,HEROMOTOCO,1350.0,CE,0.0,0.0,0.0,768.6,593.9,0,0.0,0
2012-08-16,2012-09-27,OPTSTK,HEROMOTOCO,1400.0,CE,0.0,0.0,0.0,719.95,544.4,0,0.0,0
2012-08-16,2012-09-27,OPTSTK,HEROMOTOCO,1450.0,CE,0.0,0.0,0.0,671.5,494.9,0,0.0,0
2012-08-16,2012-09-27,OPTSTK,HEROMOTOCO,1500.0,CE,0.0,0.0,0.0,623.35,445.5,0,0.0,0
2012-08-16,2012-09-27,OPTSTK,HEROMOTOCO,1550.0,CE,0.0,0.0,0.0,575.6,396.15,0,0.0,0
2012-08-16,2012-09-27,OPTSTK,HEROMOTOCO,1600.0,CE,0.0,0.0,0.0,528.5,347.1,0,0.0,0
2012-08-16,2012-09-27,OPTSTK,HEROMOTOCO,1650.0,CE,0.0,0.0,0.0,482.3,298.65,0,0.0,0
2012-08-16,2012-09-27,OPTSTK,HEROMOTOCO,1700.0,CE,0.0,0.0,0.0,437.2,251.45,0,0.0,0
2012-08-16,2012-09-27,OPTSTK,HEROMOTOCO,1750.0,CE,0.0,0.0,0.0,393.6,206.4,0,0.0,0
2012-08-16,2012-09-27,OPTSTK,HEROMOTOCO,1800.0,CE,0.0,0.0,0.0,351.75,164.45,0,0.0,0
2012-08-16,2012-09-27,OPTSTK,HEROMOTOCO,1850.0,CE,0.0,0.0,0.0,311.95,126.75,0,0.0,0
2012-08-16,2012-09-27,OPTSTK,HEROMOTOCO,1900.0,CE,0.0,0.0,0.0,274.6,94.25,0,0.0,0
2012-08-16,2012-09-27,OPTSTK,HEROMOTOCO,1950.0,CE,0.0,0.0,0.0,239.6,67.45,0,0.0,0
2012-08-16,2012-09-27,OPTSTK,HEROMOTOCO,2000.0,CE,30.0,44.0,30.0,39.0,39.0,12,30.57,2250
2012-08-16,2012-09-27,OPTSTK,HEROMOTOCO,2050.0,CE,25.3,25.3,25.3,25.3,25.3,2,5.18,125
2012-08-16,2012-09-27,OPTSTK,HEROMOTOCO,2100.0,CE,16.0,16.0,16.0,16.0,16.0,1,2.64,125
2012-08-16,2012-09-27,OPTSTK,HEROMOTOCO,2150.0,CE,0.0,0.0,0.0,14.9,11.9,0,0.0,125
2012-08-16,2012-09-27,OPTSTK,HEROMOTOCO,2200.0,CE,0.0,0.0,0.0,107.55,6.95,0,0.0,0
2012-08-16,2012-09-27,OPTSTK,HEROMOTOCO,2250.0,CE,0.0,0.0,0.0,89.5,3.95,0,0.0,0
2012-08-16,2012-09-27,OPTSTK,HEROMOTOCO,2300.0,CE,0.0,0.0,0.0,73.85,2.15,0,0.0,0
2012-08-16,2012-09-27,OPTSTK,HEROMOTOCO,2350.0,CE,0.0,0.0,0.0,60.65,1.15,0,0.0,0
2012-08-16,2012-09-27,OPTSTK,HEROMOTOCO,2400.0,CE,0.0,0.0,0.0,49.4,0.6,0,0.0,0
2012-08-16,2012-09-27,OPTSTK,HEROMOTOCO,2450.0,CE,0.0,0.0,0.0,39.85,0.3,0,0.0,0
2012-08-16,2012-09-27,OPTSTK,HEROMOTOCO,2500.0,CE,0.0,0.0,0.0,32.0,0.15,0,0.0,0
2012-08-16,2012-09-27,OPTSTK,HEROMOTOCO,2550.0,CE,0.0,0.0,0.0,25.5,0.1,0,0.0,0
2012-08-16,2012-09-27,OPTSTK,HEROMOTOCO,2600.0,CE,0.0,0.0,0.0,20.25,0.05,0,0.0,0
2012-08-16,2012-09-27,OPTSTK,HEROMOTOCO,2650.0,CE,0.0,0.0,0.0,15.95,0.05,0,0.0,0
2012-08-16,2012-09-27,OPTSTK,HEROMOTOCO,2700.0,CE,0.0,0.0,0.0,12.5,0.0,0,0.0,0
2012-08-16,2012-09-27,OPTSTK,HEROMOTOCO,2750.0,CE,0.0,0.0,0.0,9.7,0.0,0,0.0,0
2012-08-16,2012-09-27,OPTSTK,HEROMOTOCO,1150.0,PE,0.0,0.0,0.0,0.05,0.0,0,0.0,0
2012-08-16,2012-09-27,OPTSTK,HEROMOTOCO,1200.0,PE,0.0,0.0,0.0,0.05,0.0,0,0.0,0
2012-08-16,2012-09-27,OPTSTK,HEROMOTOCO,1250.0,PE,0.0,0.0,0.0,0.05,0.0,0,0.0,0
2012-08-16,2012-09-27,OPTSTK,HEROMOTOCO,1300.0,PE,0.0,0.0,0.0,0.1,0.0,0,0.0,0
2012-08-16,2012-09-27,OPTSTK,HEROMOTOCO,1350.0,PE,0.0,0.0,0.0,0.2,0.0,0,0.0,0
2012-08-16,2012-09-27,OPTSTK,HEROMOTOCO,1400.0,PE,0.0,0.0,0.0,0.4,0.0,0,0.0,0
2012-08-16,2012-09-27,OPTSTK,HEROMOTOCO,1450.0,PE,0.0,0.0,0.0,0.75,0.05,0,0.0,0
2012-08-16,2012-09-27,OPTSTK,HEROMOTOCO,1500.0,PE,0.0,0.0,0.0,1.45,0.1,0,0.0,0
2012-08-16,2012-09-27,OPTSTK,HEROMOTOCO,1550.0,PE,0.0,0.0,0.0,2.55,0.25,0,0.0,0
2012-08-16,2012-09-27,OPTSTK,HEROMOTOCO,1600.0,PE,0.0,0.0,0.0,4.3,0.65,0,0.0,0
2012-08-16,2012-09-27,OPTSTK,HEROMOTOCO,1650.0,PE,0.0,0.0,0.0,6.9,1.7,0,0.0,0
2012-08-16,2012-09-27,OPTSTK,HEROMOTOCO,1700.0,PE,0.0,0.0,0.0,10.65,4.0,0,0.0,0
2012-08-16,2012-09-27,OPTSTK,HEROMOTOCO,1750.0,PE,0.0,0.0,0.0,15.9,8.4,0,0.0,0
2012-08-16,2012-09-27,OPTSTK,HEROMOTOCO,1800.0,PE,20.0,20.0,20.0,20.0,20.0,1,2.27,0
2012-08-16,2012-09-27,OPTSTK,HEROMOTOCO,1850.0,PE,30.0,30.0,30.0,30.0,30.0,2,4.7,125
2012-08-16,2012-09-27,OPTSTK,HEROMOTOCO,1900.0,PE,49.0,49.0,48.0,48.0,48.0,35,85.24,4750
2012-08-16,2012-09-27,OPTSTK,HEROMOTOCO,1950.0,PE,0.0,0.0,0.0,57.25,67.4,0,0.0,0
2012-08-16,2012-09-27,OPTSTK,HEROMOTOCO,2000.0,PE,0.0,0.0,0.0,119.95,95.85,0,0.0,750
2012-08-16,2012-09-27,OPTSTK,HEROMOTOCO,2050.0,PE,0.0,0.0,0.0,155.9,129.55,0,0.0,250
2012-08-16,2012-09-27,OPTSTK,HEROMOTOCO,2100.0,PE,178.1,178.1,178.1,178.1,178.1,1,2.84,125
2012-08-16,2012-09-27,OPTSTK,HEROMOTOCO,2150.0,PE,0.0,0.0,0.0,141.3,209.75,0,0.0,0
2012-08-16,2012-09-27,OPTSTK,HEROMOTOCO,2200.0,PE,0.0,0.0,0.0,169.4,254.3,0,0.0,0
2012-08-16,2012-09-27,OPTSTK,HEROMOTOCO,2250.0,PE,0.0,0.0,0.0,200.15,300.75,0,0.0,0
2012-08-16,2012-09-27,OPTSTK,HEROMOTOCO,2300.0,PE,0.0,0.0,0.0,233.35,348.45,0,0.0,0
2012-08-16,2012-09-27,OPTSTK,HEROMOTOCO,2350.0,PE,0.0,0.0,0.0,268.95,396.95,0,0.0,0
2012-08-16,2012-09-27,OPTSTK,HEROMOTOCO,2400.0,PE,0.0,0.0,0.0,306.55,445.85,0,0.0,0
2012-08-16,2012-09-27,OPTSTK,HEROMOTOCO,2450.0,PE,0.0,0.0,0.0,345.85,495.05,0,0.0,0
2012-08-16,2012-09-27,OPTSTK,HEROMOTOCO,2500.0,PE,0.0,0.0,0.0,386.85,544.4,0,0.0,0
2012-08-16,2012-09-27,OPTSTK,HEROMOTOCO,2550.0,PE,0.0,0.0,0.0,429.2,593.8,0,0.0,0
2012-08-16,2012-09-27,OPTSTK,HEROMOTOCO,2600.0,PE,0.0,0.0,0.0,472.75,643.25,0,0.0,0
2012-08-16,2012-09-27,OPTSTK,HEROMOTOCO,2650.0,PE,0.0,0.0,0.0,517.3,692.75,0,0.0,0
2012-08-16,2012-09-27,OPTSTK,HEROMOTOCO,2700.0,PE,0.0,0.0,0.0,562.7,742.2,0,0.0,0
2012-08-16,2012-09-27,OPTSTK,HEROMOTOCO,2750.0,PE,0.0,0.0,0.0,608.75,791.7,0,0.0,0
2012-08-16,2012-10-25,OPTSTK,HEROMOTOCO,1150.0,CE,0.0,0.0,0.0,914.0,799.65,0,0.0,0
2012-08-16,2012-10-25,OPTSTK,HEROMOTOCO,1200.0,CE,0.0,0.0,0.0,865.1,750.5,0,0.0,0
2012-08-16,2012-10-25,OPTSTK,HEROMOTOCO,1250.0,CE,0.0,0.0,0.0,816.25,701.4,0,0.0,0
2012-08-16,2012-10-25,OPTSTK,HEROMOTOCO,1300.0,CE,0.0,0.0,0.0,767.4,652.25,0,0.0,0
2012-08-16,2012-10-25,OPTSTK,HEROMOTOCO,1350.0,CE,0.0,0.0,0.0,718.55,603.1,0,0.0,0
2012-08-16,2012-10-25,OPTSTK,HEROMOTOCO,1400.0,CE,0.0,0.0,0.0,669.7,554.05,0,0.0,0
2012-08-16,2012-10-25,OPTSTK,HEROMOTOCO,1450.0,CE,0.0,0.0,0.0,620.95,505.05,0,0.0,0
2012-08-16,2012-10-25,OPTSTK,HEROMOTOCO,1500.0,CE,0.0,0.0,0.0,572.35,456.2,0,0.0,0
2012-08-16,2012-10-25,OPTSTK,HEROMOTOCO,1550.0,CE,0.0,0.0,0.0,523.95,407.8,0,0.0,0
2012-08-16,2012-10-25,OPTSTK,HEROMOTOCO,1600.0,CE,0.0,0.0,0.0,476.0,360.15,0,0.0,0
2012-08-16,2012-10-25,OPTSTK,HEROMOTOCO,1650.0,CE,0.0,0.0,0.0,428.7,313.65,0,0.0,0
2012-08-16,2012-10-25,OPTSTK,HEROMOTOCO,1700.0,CE,0.0,0.0,0.0,382.45,268.9,0,0.0,0
2012-08-16,2012-10-25,OPTSTK,HEROMOTOCO,1750.0,CE,0.0,0.0,0.0,337.65,226.55,0,0.0,0
2012-08-16,2012-10-25,OPTSTK,HEROMOTOCO,1800.0,CE,0.0,0.0,0.0,294.7,187.35,0,0.0,0
2012-08-16,2012-10-25,OPTSTK,HEROMOTOCO,1850.0,CE,0.0,0.0,0.0,254.1,151.8,0,0.0,0
2012-08-16,2012-10-25,OPTSTK,HEROMOTOCO,1900.0,CE,0.0,0.0,0.0,216.4,120.5,0,0.0,0
2012-08-16,2012-10-25,OPTSTK,HEROMOTOCO,1950.0,CE,0.0,0.0,0.0,181.65,93.6,0,0.0,0
2012-08-16,2012-10-25,OPTSTK,HEROMOTOCO,2000.0,CE,0.0,0.0,0.0,150.5,71.1,0,0.0,0
2012-08-16,2012-10-25,OPTSTK,HEROMOTOCO,2050.0,CE,0.0,0.0,0.0,122.95,52.85,0,0.0,0
2012-08-16,2012-10-25,OPTSTK,HEROMOTOCO,2100.0,CE,0.0,0.0,0.0,99.05,38.45,0,0.0,0
2012-08-16,2012-10-25,OPTSTK,HEROMOTOCO,2150.0,CE,0.0,0.0,0.0,78.7,27.4,0,0.0,0
2012-08-16,2012-10-25,OPTSTK,HEROMOTOCO,2200.0,CE,0.0,0.0,0.0,61.65,19.1,0,0.0,0
2012-08-16,2012-10-25,OPTSTK,HEROMOTOCO,2250.0,CE,0.0,0.0,0.0,47.65,13.05,0,0.0,0
2012-08-16,2012-10-25,OPTSTK,HEROMOTOCO,2300.0,CE,0.0,0.0,0.0,36.35,8.75,0,0.0,0
2012-08-16,2012-10-25,OPTSTK,HEROMOTOCO,2350.0,CE,0.0,0.0,0.0,27.4,5.75,0,0.0,0
2012-08-16,2012-10-25,OPTSTK,HEROMOTOCO,2400.0,CE,0.0,0.0,0.0,20.35,3.7,0,0.0,0
2012-08-16,2012-10-25,OPTSTK,HEROMOTOCO,2450.0,CE,0.0,0.0,0.0,14.95,2.35,0,0.0,0
2012-08-16,2012-10-25,OPTSTK,HEROMOTOCO,2500.0,CE,0.0,0.0,0.0,10.85,1.45,0,0.0,0
2012-08-16,2012-10-25,OPTSTK,HEROMOTOCO,2550.0,CE,0.0,0.0,0.0,7.8,0.9,0,0.0,0
2012-08-16,2012-10-25,OPTSTK,HEROMOTOCO,2600.0,CE,0.0,0.0,0.0,5.5,0.55,0,0.0,0
2012-08-16,2012-10-25,OPTSTK,HEROMOTOCO,2650.0,CE,0.0,0.0,0.0,3.9,0.35,0,0.0,0
2012-08-16,2012-10-25,OPTSTK,HEROMOTOCO,2700.0,CE,0.0,0.0,0.0,2.7,0.2,0,0.0,0
2012-08-16,2012-10-25,OPTSTK,HEROMOTOCO,2750.0,CE,0.0,0.0,0.0,1.85,0.15,0,0.0,0
2012-08-16,2012-10-25,OPTSTK,HEROMOTOCO,1150.0,PE,0.0,0.0,0.0,0.05,0.0,0,0.0,0
2012-08-16,2012-10-25,OPTSTK,HEROMOTOCO,1200.0,PE,0.0,0.0,0.0,0.05,0.0,0,0.0,0
2012-08-16,2012-10-25,OPTSTK,HEROMOTOCO,1250.0,PE,0.0,0.0,0.0,0.05,0.0,0,0.0,0
2012-08-16,2012-10-25,OPTSTK,HEROMOTOCO,1300.0,PE,0.0,0.0,0.0,0.05,0.05,0,0.0,0
2012-08-16,2012-10-25,OPTSTK,HEROMOTOCO,1350.0,PE,0.0,0.0,0.0,0.05,0.05,0,0.0,0
2012-08-16,2012-10-25,OPTSTK,HEROMOTOCO,1400.0,PE,0.0,0.0,0.0,0.1,0.1,0,0.0,0
2012-08-16,2012-10-25,OPTSTK,HEROMOTOCO,1450.0,PE,0.0,0.0,0.0,0.2,0.25,0,0.0,0
2012-08-16,2012-10-25,OPTSTK,HEROMOTOCO,1500.0,PE,0.0,0.0,0.0,0.45,0.55,0,0.0,0
2012-08-16,2012-10-25,OPTSTK,HEROMOTOCO,1550.0,PE,0.0,0.0,0.0,0.9,1.3,0,0.0,0
2012-08-16,2012-10-25,OPTSTK,HEROMOTOCO,1600.0,PE,0.0,0.0,0.0,1.8,2.75,0,0.0,0
2012-08-16,2012-10-25,OPTSTK,HEROMOTOCO,1650.0,PE,0.0,0.0,0.0,3.4,5.4,0,0.0,0
2012-08-16,2012-10-25,OPTSTK,HEROMOTOCO,1700.0,PE,0.0,0.0,0.0,6.05,9.8,0,0.0,0
2012-08-16,2012-10-25,OPTSTK,HEROMOTOCO,1750.0,PE,0.0,0.0,0.0,10.05,16.6,0,0.0,0
2012-08-16,2012-10-25,OPTSTK,HEROMOTOCO,1800.0,PE,0.0,0.0,0.0,16.0,26.55,0,0.0,0
2012-08-16,2012-10-25,OPTSTK,HEROMOTOCO,1850.0,PE,0.0,0.0,0.0,24.25,40.15,0,0.0,0
2012-08-16,2012-10-25,OPTSTK,HEROMOTOCO,1900.0,PE,0.0,0.0,0.0,35.4,57.95,0,0.0,0
2012-08-16,2012-10-25,OPTSTK,HEROMOTOCO,1950.0,PE,0.0,0.0,0.0,49.55,80.2,0,0.0,0
2012-08-16,2012-10-25,OPTSTK,HEROMOTOCO,2000.0,PE,0.0,0.0,0.0,67.25,106.85,0,0.0,0
2012-08-16,2012-10-25,OPTSTK,HEROMOTOCO,2050.0,PE,0.0,0.0,0.0,88.6,137.75,0,0.0,0
2012-08-16,2012-10-25,OPTSTK,HEROMOTOCO,2100.0,PE,0.0,0.0,0.0,113.55,172.5,0,0.0,0
2012-08-16,2012-10-25,OPTSTK,HEROMOTOCO,2150.0,PE,0.0,0.0,0.0,142.05,210.6,0,0.0,0
2012-08-16,2012-10-25,OPTSTK,HEROMOTOCO,2200.0,PE,0.0,0.0,0.0,173.85,251.45,0,0.0,0
2012-08-16,2012-10-25,OPTSTK,HEROMOTOCO,2250.0,PE,0.0,0.0,0.0,208.7,294.5,0,0.0,0
2012-08-16,2012-10-25,OPTSTK,HEROMOTOCO,2300.0,PE,0.0,0.0,0.0,246.3,339.35,0,0.0,0
2012-08-16,2012-10-25,OPTSTK,HEROMOTOCO,2350.0,PE,0.0,0.0,0.0,286.2,385.5,0,0.0,0
2012-08-16,2012-10-25,OPTSTK,HEROMOTOCO,2400.0,PE,0.0,0.0,0.0,328.0,432.6,0,0.0,0
2012-08-16,2012-10-25,OPTSTK,HEROMOTOCO,2450.0,PE,0.0,0.0,0.0,371.5,480.4,0,0.0,0
2012-08-16,2012-10-25,OPTSTK,HEROMOTOCO,2500.0,PE,0.0,0.0,0.0,416.25,528.65,0,0.0,0
2012-08-16,2012-10-25,OPTSTK,HEROMOTOCO,2550.0,PE,0.0,0.0,0.0,462.05,577.2,0,0.0,0
2012-08-16,2012-10-25,OPTSTK,HEROMOTOCO,2600.0,PE,0.0,0.0,0.0,508.65,626.0,0,0.0,0
2012-08-16,2012-10-25,OPTSTK,HEROMOTOCO,2650.0,PE,0.0,0.0,0.0,555.85,674.95,0,0.0,0
2012-08-16,2012-10-25,OPTSTK,HEROMOTOCO,2700.0,PE,0.0,0.0,0.0,603.55,723.95,0,0.0,0
2012-08-16,2012-10-25,OPTSTK,HEROMOTOCO,2750.0,PE,0.0,0.0,0.0,651.6,773.0,0,0.0,0
2012-08-16,2012-08-30,OPTSTK,HEXAWARE,40.0,CE,0.0,0.0,0.0,80.3,80.0,0,0.0,0
2012-08-16,2012-08-30,OPTSTK,HEXAWARE,50.0,CE,0.0,0.0,0.0,70.55,70.05,0,0.0,0
2012-08-16,2012-08-30,OPTSTK,HEXAWARE,60.0,CE,0.0,0.0,0.0,60.8,60.05,0,0.0,0
2012-08-16,2012-08-30,OPTSTK,HEXAWARE,70.0,CE,0.0,0.0,0.0,51.15,50.1,0,0.0,0
2012-08-16,2012-08-30,OPTSTK,HEXAWARE,80.0,CE,0.0,0.0,0.0,41.8,40.15,0,0.0,0
2012-08-16,2012-08-30,OPTSTK,HEXAWARE,90.0,CE,0.0,0.0,0.0,33.0,30.15,0,0.0,0
2012-08-16,2012-08-30,OPTSTK,HEXAWARE,100.0,CE,0.0,0.0,0.0,18.6,20.2,0,0.0,6000
2012-08-16,2012-08-30,OPTSTK,HEXAWARE,110.0,CE,0.0,0.0,0.0,8.0,10.55,0,0.0,4000
2012-08-16,2012-08-30,OPTSTK,HEXAWARE,120.0,CE,3.5,4.5,2.9,3.5,3.5,33,81.55,182000
2012-08-16,2012-08-30,OPTSTK,HEXAWARE,130.0,CE,0.75,1.0,0.6,0.9,0.9,14,36.63,162000
2012-08-16,2012-08-30,OPTSTK,HEXAWARE,140.0,CE,0.0,0.0,0.0,0.15,0.05,0,0.0,6000
2012-08-16,2012-08-30,OPTSTK,HEXAWARE,150.0,CE,0.0,0.0,0.0,4.2,0.0,0,0.0,0
2012-08-16,2012-08-30,OPTSTK,HEXAWARE,160.0,CE,0.0,0.0,0.0,2.75,0.0,0,0.0,0
2012-08-16,2012-08-30,OPTSTK,HEXAWARE,170.0,CE,0.0,0.0,0.0,1.75,0.0,0,0.0,0
2012-08-16,2012-08-30,OPTSTK,HEXAWARE,180.0,CE,0.0,0.0,0.0,1.15,0.0,0,0.0,0
2012-08-16,2012-08-30,OPTSTK,HEXAWARE,40.0,PE,0.0,0.0,0.0,0.05,0.0,0,0.0,0
2012-08-16,2012-08-30,OPTSTK,HEXAWARE,50.0,PE,0.0,0.0,0.0,0.05,0.0,0,0.0,0
2012-08-16,2012-08-30,OPTSTK,HEXAWARE,60.0,PE,0.0,0.0,0.0,0.05,0.0,0,0.0,0
2012-08-16,2012-08-30,OPTSTK,HEXAWARE,70.0,PE,0.0,0.0,0.0,0.15,0.0,0,0.0,0
2012-08-16,2012-08-30,OPTSTK,HEXAWARE,80.0,PE,0.0,0.0,0.0,0.55,0.0,0,0.0,0
2012-08-16,2012-08-30,OPTSTK,HEXAWARE,90.0,PE,0.0,0.0,0.0,1.55,0.0,0,0.0,0
2012-08-16,2012-08-30,OPTSTK,HEXAWARE,100.0,PE,0.0,0.0,0.0,0.25,0.05,0,0.0,6000
2012-08-16,2012-08-30,OPTSTK,HEXAWARE,110.0,PE,0.0,0.0,0.0,0.85,0.3,0,0.0,12000
2012-08-16,2012-08-30,OPTSTK,HEXAWARE,120.0,PE,0.0,0.0,0.0,3.1,3.0,0,0.0,2000
2012-08-16,2012-08-30,OPTSTK,HEXAWARE,130.0,PE,0.0,0.0,0.0,16.85,10.2,0,0.0,0
2012-08-16,2012-08-30,OPTSTK,HEXAWARE,140.0,PE,0.0,0.0,0.0,23.6,19.75,0,0.0,0
2012-08-16,2012-08-30,OPTSTK,HEXAWARE,150.0,PE,0.0,0.0,0.0,31.25,29.65,0,0.0,0
2012-08-16,2012-08-30,OPTSTK,HEXAWARE,160.0,PE,0.0,0.0,0.0,39.6,39.65,0,0.0,0
2012-08-16,2012-08-30,OPTSTK,HEXAWARE,170.0,PE,0.0,0.0,0.0,48.35,49.6,0,0.0,0
2012-08-16,2012-08-30,OPTSTK,HEXAWARE,180.0,PE,0.0,0.0,0.0,57.5,59.55,0,0.0,0
2012-08-16,2012-09-27,OPTSTK,HEXAWARE,40.0,CE,0.0,0.0,0.0,88.2,80.3,0,0.0,0
2012-08-16,2012-09-27,OPTSTK,HEXAWARE,50.0,CE,0.0,0.0,0.0,78.45,70.4,0,0.0,0
2012-08-16,2012-09-27,OPTSTK,HEXAWARE,60.0,CE,0.0,0.0,0.0,68.65,60.5,0,0.0,0
2012-08-16,2012-09-27,OPTSTK,HEXAWARE,70.0,CE,0.0,0.0,0.0,58.9,50.6,0,0.0,0
2012-08-16,2012-09-27,OPTSTK,HEXAWARE,80.0,CE,0.0,0.0,0.0,49.3,40.7,0,0.0,0
2012-08-16,2012-09-27,OPTSTK,HEXAWARE,90.0,CE,0.0,0.0,0.0,39.95,30.8,0,0.0,0
2012-08-16,2012-09-27,OPTSTK,HEXAWARE,100.0,CE,0.0,0.0,0.0,31.2,21.15,0,0.0,0
2012-08-16,2012-09-27,OPTSTK,HEXAWARE,110.0,CE,0.0,0.0,0.0,23.5,12.45,0,0.0,0
2012-08-16,2012-09-27,OPTSTK,HEXAWARE,120.0,CE,0.0,0.0,0.0,17.0,6.0,0,0.0,0
2012-08-16,2012-09-27,OPTSTK,HEXAWARE,130.0,CE,0.0,0.0,0.0,11.85,2.3,0,0.0,0
2012-08-16,2012-09-27,OPTSTK,HEXAWARE,140.0,CE,0.0,0.0,0.0,8.0,0.7,0,0.0,0
2012-08-16,2012-09-27,OPTSTK,HEXAWARE,150.0,CE,0.0,0.0,0.0,5.25,0.2,0,0.0,0
2012-08-16,2012-09-27,OPTSTK,HEXAWARE,160.0,CE,0.0,0.0,0.0,3.35,0.05,0,0.0,0
2012-08-16,2012-09-27,OPTSTK,HEXAWARE,170.0,CE,0.0,0.0,0.0,2.1,0.05,0,0.0,0
2012-08-16,2012-09-27,OPTSTK,HEXAWARE,180.0,CE,0.0,0.0,0.0,1.3,0.0,0,0.0,0
2012-08-16,2012-09-27,OPTSTK,HEXAWARE,40.0,PE,0.0,0.0,0.0,0.05,0.0,0,0.0,0
2012-08-16,2012-09-27,OPTSTK,HEXAWARE,50.0,PE,0.0,0.0,0.0,0.05,0.0,0,0.0,0
2012-08-16,2012-09-27,OPTSTK,HEXAWARE,60.0,PE,0.0,0.0,0.0,0.05,0.0,0,0.0,0
2012-08-16,2012-09-27,OPTSTK,HEXAWARE,70.0,PE,0.0,0.0,0.0,0.05,0.0,0,0.0,0
2012-08-16,2012-09-27,OPTSTK,HEXAWARE,80.0,PE,0.0,0.0,0.0,0.15,0.0,0,0.0,0
2012-08-16,2012-09-27,OPTSTK,HEXAWARE,90.0,PE,0.0,0.0,0.0,0.6,0.05,0,0.0,0
2012-08-16,2012-09-27,OPTSTK,HEXAWARE,100.0,PE,0.0,0.0,0.0,1.65,0.25,0,0.0,0
2012-08-16,2012-09-27,OPTSTK,HEXAWARE,110.0,PE,0.0,0.0,0.0,3.7,1.45,0,0.0,0
2012-08-16,2012-09-27,OPTSTK,HEXAWARE,120.0,PE,0.0,0.0,0.0,6.95,4.9,0,0.0,0
2012-08-16,2012-09-27,OPTSTK,HEXAWARE,130.0,PE,0.0,0.0,0.0,11.6,11.1,0,0.0,0
2012-08-16,2012-09-27,OPTSTK,HEXAWARE,140.0,PE,0.0,0.0,0.0,17.5,19.4,0,0.0,0
2012-08-16,2012-09-27,OPTSTK,HEXAWARE,150.0,PE,0.0,0.0,0.0,24.55,28.8,0,0.0,0
2012-08-16,2012-09-27,OPTSTK,HEXAWARE,160.0,PE,0.0,0.0,0.0,32.4,38.55,0,0.0,0
2012-08-16,2012-09-27,OPTSTK,HEXAWARE,170.0,PE,0.0,0.0,0.0,40.9,48.4,0,0.0,0
2012-08-16,2012-09-27,OPTSTK,HEXAWARE,180.0,PE,0.0,0.0,0.0,49.85,58.3,0,0.0,0
2012-08-16,2012-10-25,OPTSTK,HEXAWARE,40.0,CE,0.0,0.0,0.0,79.0,80.55,0,0.0,0
2012-08-16,2012-10-25,OPTSTK,HEXAWARE,50.0,CE,0.0,0.0,0.0,69.2,70.75,0,0.0,0
2012-08-16,2012-10-25,OPTSTK,HEXAWARE,60.0,CE,0.0,0.0,0.0,59.45,60.9,0,0.0,0
2012-08-16,2012-10-25,OPTSTK,HEXAWARE,70.0,CE,0.0,0.0,0.0,49.65,51.05,0,0.0,0
2012-08-16,2012-10-25,OPTSTK,HEXAWARE,80.0,CE,0.0,0.0,0.0,40.0,41.25,0,0.0,0
2012-08-16,2012-10-25,OPTSTK,HEXAWARE,90.0,CE,0.0,0.0,0.0,30.7,31.5,0,0.0,0
2012-08-16,2012-10-25,OPTSTK,HEXAWARE,100.0,CE,0.0,0.0,0.0,22.25,22.25,0,0.0,0
2012-08-16,2012-10-25,OPTSTK,HEXAWARE,110.0,CE,0.0,0.0,0.0,15.1,14.15,0,0.0,0
2012-08-16,2012-10-25,OPTSTK,HEXAWARE,120.0,CE,0.0,0.0,0.0,9.65,7.95,0,0.0,0
2012-08-16,2012-10-25,OPTSTK,HEXAWARE,130.0,CE,0.0,0.0,0.0,5.8,3.95,0,0.0,0
2012-08-16,2012-10-25,OPTSTK,HEXAWARE,140.0,CE,0.0,0.0,0.0,3.3,1.75,0,0.0,0
2012-08-16,2012-10-25,OPTSTK,HEXAWARE,150.0,CE,0.0,0.0,0.0,1.8,0.7,0,0.0,0
2012-08-16,2012-10-25,OPTSTK,HEXAWARE,160.0,CE,0.0,0.0,0.0,0.95,0.25,0,0.0,0
2012-08-16,2012-10-25,OPTSTK,HEXAWARE,170.0,CE,0.0,0.0,0.0,0.5,0.1,0,0.0,0
2012-08-16,2012-10-25,OPTSTK,HEXAWARE,180.0,CE,0.0,0.0,0.0,0.25,0.05,0,0.0,0
2012-08-16,2012-10-25,OPTSTK,HEXAWARE,40.0,PE,0.0,0.0,0.0,0.05,0.0,0,0.0,0
2012-08-16,2012-10-25,OPTSTK,HEXAWARE,50.0,PE,0.0,0.0,0.0,0.05,0.0,0,0.0,0
2012-08-16,2012-10-25,OPTSTK,HEXAWARE,60.0,PE,0.0,0.0,0.0,0.05,0.0,0,0.0,0
2012-08-16,2012-10-25,OPTSTK,HEXAWARE,70.0,PE,0.0,0.0,0.0,0.05,0.0,0,0.0,0
2012-08-16,2012-10-25,OPTSTK,HEXAWARE,80.0,PE,0.0,0.0,0.0,0.15,0.05,0,0.0,0
2012-08-16,2012-10-25,OPTSTK,HEXAWARE,90.0,PE,0.0,0.0,0.0,0.6,0.15,0,0.0,0
2012-08-16,2012-10-25,OPTSTK,HEXAWARE,100.0,PE,0.0,0.0,0.0,1.95,0.65,0,0.0,0
2012-08-16,2012-10-25,OPTSTK,HEXAWARE,110.0,PE,0.0,0.0,0.0,4.55,2.4,0,0.0,0
2012-08-16,2012-10-25,OPTSTK,HEXAWARE,120.0,PE,0.0,0.0,0.0,8.85,6.05,0,0.0,0
2012-08-16,2012-10-25,OPTSTK,HEXAWARE,130.0,PE,0.0,0.0,0.0,14.8,11.9,0,0.0,0
2012-08-16,2012-10-25,OPTSTK,HEXAWARE,140.0,PE,0.0,0.0,0.0,22.1,19.5,0,0.0,0
2012-08-16,2012-10-25,OPTSTK,HEXAWARE,150.0,PE,0.0,0.0,0.0,30.35,28.3,0,0.0,0
2012-08-16,2012-10-25,OPTSTK,HEXAWARE,160.0,PE,0.0,0.0,0.0,39.25,37.65,0,0.0,0
2012-08-16,2012-10-25,OPTSTK,HEXAWARE,170.0,PE,0.0,0.0,0.0,48.6,47.35,0,0.0,0
2012-08-16,2012-10-25,OPTSTK,HEXAWARE,180.0,PE,0.0,0.0,0.0,58.1,57.1,0,0.0,0
2012-08-16,2012-08-30,OPTSTK,HINDALCO,60.0,CE,0.0,0.0,0.0,58.1,56.9,0,0.0,0
2012-08-16,2012-08-30,OPTSTK,HINDALCO,70.0,CE,0.0,0.0,0.0,48.4,46.95,0,0.0,0
2012-08-16,2012-08-30,OPTSTK,HINDALCO,80.0,CE,0.0,0.0,0.0,38.75,37.0,0,0.0,0
2012-08-16,2012-08-30,OPTSTK,HINDALCO,90.0,CE,0.0,0.0,0.0,29.6,27.0,0,0.0,0
2012-08-16,2012-08-30,OPTSTK,HINDALCO,100.0,CE,0.0,0.0,0.0,21.0,17.05,0,0.0,6000
2012-08-16,2012-08-30,OPTSTK,HINDALCO,110.0,CE,10.0,10.3,7.45,7.75,7.75,27,64.03,74000
2012-08-16,2012-08-30,OPTSTK,HINDALCO,120.0,CE,3.05,3.1,1.6,1.7,1.7,1293,3161.27,1912000
2012-08-16,2012-08-30,OPTSTK,HINDALCO,130.0,CE,0.45,0.55,0.3,0.3,0.3,539,1405.88,2770000
2012-08-16,2012-08-30,OPTSTK,HINDALCO,140.0,CE,0.1,0.15,0.05,0.1,0.1,37,103.67,432000
2012-08-16,2012-08-30,OPTSTK,HINDALCO,150.0,CE,0.0,0.0,0.0,0.05,0.0,0,0.0,30000
2012-08-16,2012-08-30,OPTSTK,HINDALCO,160.0,CE,0.0,0.0,0.0,0.95,0.0,0,0.0,0
2012-08-16,2012-08-30,OPTSTK,HINDALCO,170.0,CE,0.0,0.0,0.0,0.5,0.0,0,0.0,0
2012-08-16,2012-08-30,OPTSTK,HINDALCO,180.0,CE,0.0,0.0,0.0,0.25,0.0,0,0.0,0
2012-08-16,2012-08-30,OPTSTK,HINDALCO,190.0,CE,0.0,0.0,0.0,0.15,0.0,0,0.0,0
2012-08-16,2012-08-30,OPTSTK,HINDALCO,200.0,CE,0.0,0.0,0.0,0.05,0.0,0,0.0,0
2012-08-16,2012-08-30,OPTSTK,HINDALCO,210.0,CE,0.0,0.0,0.0,0.05,0.0,0,0.0,0
2012-08-16,2012-08-30,OPTSTK,HINDALCO,220.0,CE,0.0,0.0,0.0,1.0,0.0,0,0.0,4000
2012-08-16,2012-08-30,OPTSTK,HINDALCO,60.0,PE,0.0,0.0,0.0,0.05,0.0,0,0.0,0
2012-08-16,2012-08-30,OPTSTK,HINDALCO,70.0,PE,0.0,0.0,0.0,0.05,0.0,0,0.0,0
2012-08-16,2012-08-30,OPTSTK,HINDALCO,80.0,PE,0.0,0.0,0.0,0.2,0.0,0,0.0,0
2012-08-16,2012-08-30,OPTSTK,HINDALCO,90.0,PE,0.0,0.0,0.0,0.75,0.0,0,0.0,0
2012-08-16,2012-08-30,OPTSTK,HINDALCO,100.0,PE,0.15,0.2,0.1,0.15,0.15,12,24.03,340000
2012-08-16,2012-08-30,OPTSTK,HINDALCO,110.0,PE,0.5,0.75,0.45,0.75,0.75,382,845.12,1192000
2012-08-16,2012-08-30,OPTSTK,HINDALCO,120.0,PE,3.1,4.7,2.9,4.5,4.5,757,1872.95,948000
2012-08-16,2012-08-30,OPTSTK,HINDALCO,130.0,PE,11.0,13.05,11.0,13.05,13.05,18,51.14,100000
2012-08-16,2012-08-30,OPTSTK,HINDALCO,140.0,PE,0.0,0.0,0.0,22.2,22.85,0,0.0,10000
2012-08-16,2012-08-30,OPTSTK,HINDALCO,150.0,PE,0.0,0.0,0.0,34.5,32.8,0,0.0,36000
2012-08-16,2012-08-30,OPTSTK,HINDALCO,160.0,PE,0.0,0.0,0.0,43.5,42.8,0,0.0,42000
2012-08-16,2012-08-30,OPTSTK,HINDALCO,170.0,PE,0.0,0.0,0.0,53.55,52.75,0,0.0,76000
2012-08-16,2012-08-30,OPTSTK,HINDALCO,180.0,PE,0.0,0.0,0.0,59.25,62.7,0,0.0,0
2012-08-16,2012-08-30,OPTSTK,HINDALCO,190.0,PE,0.0,0.0,0.0,68.9,72.7,0,0.0,0
2012-08-16,2012-08-30,OPTSTK,HINDALCO,200.0,PE,0.0,0.0,0.0,78.6,82.65,0,0.0,0
2012-08-16,2012-08-30,OPTSTK,HINDALCO,210.0,PE,0.0,0.0,0.0,88.35,92.6,0,0.0,0
2012-08-16,2012-08-30,OPTSTK,HINDALCO,220.0,PE,0.0,0.0,0.0,98.1,102.6,0,0.0,0
2012-08-16,2012-09-27,OPTSTK,HINDALCO,60.0,CE,0.0,0.0,0.0,56.55,57.35,0,0.0,0
2012-08-16,2012-09-27,OPTSTK,HINDALCO,70.0,CE,0.0,0.0,0.0,46.8,47.45,0,0.0,0
2012-08-16,2012-09-27,OPTSTK,HINDALCO,80.0,CE,0.0,0.0,0.0,37.1,37.55,0,0.0,0
2012-08-16,2012-09-27,OPTSTK,HINDALCO,90.0,CE,0.0,0.0,0.0,27.7,27.7,0,0.0,0
2012-08-16,2012-09-27,OPTSTK,HINDALCO,100.0,CE,0.0,0.0,0.0,24.0,18.15,0,0.0,0
2012-08-16,2012-09-27,OPTSTK,HINDALCO,110.0,CE,0.0,0.0,0.0,12.1,10.0,0,0.0,0
2012-08-16,2012-09-27,OPTSTK,HINDALCO,120.0,CE,4.9,4.9,3.8,3.8,3.8,19,47.22,76000
2012-08-16,2012-09-27,OPTSTK,HINDALCO,130.0,CE,1.7,1.8,1.2,1.25,1.25,54,141.96,132000
2012-08-16,2012-09-27,OPTSTK,HINDALCO,140.0,CE,0.4,0.4,0.4,0.4,0.4,5,14.04,26000
2012-08-16,2012-09-27,OPTSTK,HINDALCO,150.0,CE,0.0,0.0,0.0,0.4,0.1,0,0.0,4000
2012-08-16,2012-09-27,OPTSTK,HINDALCO,160.0,CE,0.0,0.0,0.0,0.35,0.05,0,0.0,0
2012-08-16,2012-09-27,OPTSTK,HINDALCO,170.0,CE,0.0,0.0,0.0,0.15,0.0,0,0.0,0
2012-08-16,2012-09-27,OPTSTK,HINDALCO,180.0,CE,0.0,0.0,0.0,0.1,0.0,0,0.0,0
2012-08-16,2012-09-27,OPTSTK,HINDALCO,190.0,CE,0.0,0.0,0.0,0.05,0.0,0,0.0,0
2012-08-16,2012-09-27,OPTSTK,HINDALCO,200.0,CE,0.0,0.0,0.0,0.05,0.0,0,0.0,0
2012-08-16,2012-09-27,OPTSTK,HINDALCO,210.0,CE,0.0,0.0,0.0,0.05,0.0,0,0.0,0
2012-08-16,2012-09-27,OPTSTK,HINDALCO,220.0,CE,0.0,0.0,0.0,0.05,0.0,0,0.0,0
2012-08-16,2012-09-27,OPTSTK,HINDALCO,60.0,PE,0.0,0.0,0.0,0.05,0.0,0,0.0,0
2012-08-16,2012-09-27,OPTSTK,HINDALCO,70.0,PE,0.0,0.0,0.0,0.05,0.0,0,0.0,0
2012-08-16,2012-09-27,OPTSTK,HINDALCO,80.0,PE,0.0,0.0,0.0,0.1,0.0,0,0.0,0
2012-08-16,2012-09-27,OPTSTK,HINDALCO,90.0,PE,0.0,0.0,0.0,0.45,0.05,0,0.0,0
2012-08-16,2012-09-27,OPTSTK,HINDALCO,100.0,PE,0.0,0.0,0.0,1.7,0.45,0,0.0,0
2012-08-16,2012-09-27,OPTSTK,HINDALCO,110.0,PE,1.75,2.4,1.75,2.25,2.25,10,22.43,22000
2012-08-16,2012-09-27,OPTSTK,HINDALCO,120.0,PE,5.05,7.0,5.05,7.0,7.0,14,35.3,50000
2012-08-16,2012-09-27,OPTSTK,HINDALCO,130.0,PE,0.0,0.0,0.0,15.0,13.5,0,0.0,2000
2012-08-16,2012-09-27,OPTSTK,HINDALCO,140.0,PE,0.0,0.0,0.0,18.0,22.3,0,0.0,2000
2012-08-16,2012-09-27,OPTSTK,HINDALCO,150.0,PE,0.0,0.0,0.0,32.2,31.85,0,0.0,0
2012-08-16,2012-09-27,OPTSTK,HINDALCO,160.0,PE,0.0,0.0,0.0,41.5,41.7,0,0.0,0
2012-08-16,2012-09-27,OPTSTK,HINDALCO,170.0,PE,0.0,0.0,0.0,51.05,51.55,0,0.0,0
2012-08-16,2012-09-27,OPTSTK,HINDALCO,180.0,PE,0.0,0.0,0.0,60.75,61.45,0,0.0,0
2012-08-16,2012-09-27,OPTSTK,HINDALCO,190.0,PE,0.0,0.0,0.0,70.45,71.35,0,0.0,0
2012-08-16,2012-09-27,OPTSTK,HINDALCO,200.0,PE,0.0,0.0,0.0,80.25,81.25,0,0.0,0
2012-08-16,2012-09-27,OPTSTK,HINDALCO,210.0,PE,0.0,0.0,0.0,90.0,91.15,0,0.0,0
2012-08-16,2012-09-27,OPTSTK,HINDALCO,220.0,PE,0.0,0.0,0.0,99.75,101.05,0,0.0,0
2012-08-16,2012-10-25,OPTSTK,HINDALCO,60.0,CE,0.0,0.0,0.0,55.8,57.75,0,0.0,0
2012-08-16,2012-10-25,OPTSTK,HINDALCO,70.0,CE,0.0,0.0,0.0,46.05,47.9,0,0.0,0
2012-08-16,2012-10-25,OPTSTK,HINDALCO,80.0,CE,0.0,0.0,0.0,36.4,38.1,0,0.0,0
2012-08-16,2012-10-25,OPTSTK,HINDALCO,90.0,CE,0.0,0.0,0.0,27.2,28.45,0,0.0,0
2012-08-16,2012-10-25,OPTSTK,HINDALCO,100.0,CE,0.0,0.0,0.0,19.0,19.4,0,0.0,0
2012-08-16,2012-10-25,OPTSTK,HINDALCO,110.0,CE,0.0,0.0,0.0,12.35,11.75,0,0.0,0
2012-08-16,2012-10-25,OPTSTK,HINDALCO,120.0,CE,0.0,0.0,0.0,7.45,6.3,0,0.0,0
2012-08-16,2012-10-25,OPTSTK,HINDALCO,130.0,CE,0.0,0.0,0.0,4.2,2.95,0,0.0,0
2012-08-16,2012-10-25,OPTSTK,HINDALCO,140.0,CE,0.0,0.0,0.0,2.25,1.25,0,0.0,0
2012-08-16,2012-10-25,OPTSTK,HINDALCO,150.0,CE,0.0,0.0,0.0,1.15,0.5,0,0.0,0
2012-08-16,2012-10-25,OPTSTK,HINDALCO,160.0,CE,0.0,0.0,0.0,0.55,0.2,0,0.0,0
2012-08-16,2012-10-25,OPTSTK,HINDALCO,170.0,CE,0.0,0.0,0.0,0.25,0.05,0,0.0,0
2012-08-16,2012-10-25,OPTSTK,HINDALCO,180.0,CE,0.0,0.0,0.0,0.15,0.05,0,0.0,0
2012-08-16,2012-10-25,OPTSTK,HINDALCO,190.0,CE,0.0,0.0,0.0,0.05,0.0,0,0.0,0
2012-08-16,2012-10-25,OPTSTK,HINDALCO,200.0,CE,0.0,0.0,0.0,0.05,0.0,0,0.0,0
2012-08-16,2012-10-25,OPTSTK,HINDALCO,210.0,CE,0.0,0.0,0.0,0.05,0.0,0,0.0,0
2012-08-16,2012-10-25,OPTSTK,HINDALCO,60.0,PE,0.0,0.0,0.0,0.05,0.0,0,0.0,0
2012-08-16,2012-10-25,OPTSTK,HINDALCO,70.0,PE,0.0,0.0,0.0,0.05,0.0,0,0.0,0
2012-08-16,2012-10-25,OPTSTK,HINDALCO,80.0,PE,0.0,0.0,0.0,0.15,0.05,0,0.0,0
2012-08-16,2012-10-25,OPTSTK,HINDALCO,90.0,PE,0.0,0.0,0.0,0.75,0.2,0,0.0,0
2012-08-16,2012-10-25,OPTSTK,HINDALCO,100.0,PE,0.0,0.0,0.0,2.35,0.95,0,0.0,0
2012-08-16,2012-10-25,OPTSTK,HINDALCO,110.0,PE,0.0,0.0,0.0,5.45,3.2,0,0.0,0
2012-08-16,2012-10-25,OPTSTK,HINDALCO,120.0,PE,0.0,0.0,0.0,10.3,7.55,0,0.0,0
2012-08-16,2012-10-25,OPTSTK,HINDALCO,130.0,PE,0.0,0.0,0.0,16.85,14.05,0,0.0,0
2012-08-16,2012-10-25,OPTSTK,HINDALCO,140.0,PE,0.0,0.0,0.0,24.65,22.15,0,0.0,0
2012-08-16,2012-10-25,OPTSTK,HINDALCO,150.0,PE,0.0,0.0,0.0,33.35,31.2,0,0.0,0
2012-08-16,2012-10-25,OPTSTK,HINDALCO,160.0,PE,0.0,0.0,0.0,42.55,40.75,0,0.0,0
2012-08-16,2012-10-25,OPTSTK,HINDALCO,170.0,PE,0.0,0.0,0.0,52.0,50.45,0,0.0,0
2012-08-16,2012-10-25,OPTSTK,HINDALCO,180.0,PE,0.0,0.0,0.0,61.65,60.25,0,0.0,0
2012-08-16,2012-10-25,OPTSTK,HINDALCO,190.0,PE,0.0,0.0,0.0,71.35,70.05,0,0.0,0
2012-08-16,2012-10-25,OPTSTK,HINDALCO,200.0,PE,0.0,0.0,0.0,81.1,79.9,0,0.0,0
2012-08-16,2012-10-25,OPTSTK,HINDALCO,210.0,PE,0.0,0.0,0.0,90.85,89.7,0,0.0,0
2012-08-16,2012-08-30,OPTSTK,HINDOILEXP,50.0,CE,0.0,0.0,0.0,52.85,71.05,0,0.0,0
2012-08-16,2012-08-30,OPTSTK,HINDOILEXP,60.0,CE,0.0,0.0,0.0,43.2,61.05,0,0.0,0
2012-08-16,2012-08-30,OPTSTK,HINDOILEXP,70.0,CE,0.0,0.0,0.0,33.95,51.1,0,0.0,0
2012-08-16,2012-08-30,OPTSTK,HINDOILEXP,75.0,CE,0.0,0.0,0.0,26.55,46.1,0,0.0,0
2012-08-16,2012-08-30,OPTSTK,HINDOILEXP,80.0,CE,0.0,0.0,0.0,25.55,41.15,0,0.0,0
2012-08-16,2012-08-30,OPTSTK,HINDOILEXP,85.0,CE,0.0,0.0,0.0,19.05,36.15,0,0.0,0
2012-08-16,2012-08-30,OPTSTK,HINDOILEXP,90.0,CE,0.0,0.0,0.0,18.4,31.15,0,0.0,0
2012-08-16,2012-08-30,OPTSTK,HINDOILEXP,95.0,CE,0.0,0.0,0.0,13.05,26.2,0,0.0,0
2012-08-16,2012-08-30,OPTSTK,HINDOILEXP,100.0,CE,0.0,0.0,0.0,12.7,21.25,0,0.0,0
2012-08-16,2012-08-30,OPTSTK,HINDOILEXP,105.0,CE,0.0,0.0,0.0,8.6,16.4,0,0.0,0
2012-08-16,2012-08-30,OPTSTK,HINDOILEXP,110.0,CE,0.0,0.0,0.0,11.2,11.8,0,0.0,2000
2012-08-16,2012-08-30,OPTSTK,HINDOILEXP,115.0,CE,0.0,0.0,0.0,5.45,7.8,0,0.0,0
2012-08-16,2012-08-30,OPTSTK,HINDOILEXP,120.0,CE,0.0,0.0,0.0,5.35,4.65,0,0.0,34000
2012-08-16,2012-08-30,OPTSTK,HINDOILEXP,125.0,CE,0.0,0.0,0.0,3.4,2.5,0,0.0,0
2012-08-16,2012-08-30,OPTSTK,HINDOILEXP,130.0,CE,0.8,0.8,0.8,0.8,0.8,1,2.61,12000
2012-08-16,2012-08-30,OPTSTK,HINDOILEXP,140.0,CE,0.0,0.0,0.0,2.1,0.2,0,0.0,0
2012-08-16,2012-08-30,OPTSTK,HINDOILEXP,150.0,CE,0.0,0.0,0.0,1.3,0.05,0,0.0,0
2012-08-16,2012-08-30,OPTSTK,HINDOILEXP,160.0,CE,0.0,0.0,0.0,2.0,0.0,0,0.0,2000
2012-08-16,2012-08-30,OPTSTK,HINDOILEXP,170.0,CE,0.0,0.0,0.0,0.45,0.0,0,0.0,0
2012-08-16,2012-08-30,OPTSTK,HINDOILEXP,180.0,CE,0.0,0.0,0.0,0.3,0.0,0,0.0,0
2012-08-16,2012-08-30,OPTSTK,HINDOILEXP,190.0,CE,0.0,0.0,0.0,0.15,0.0,0,0.0,0
2012-08-16,2012-08-30,OPTSTK,HINDOILEXP,200.0,CE,0.0,0.0,0.0,0.1,0.0,0,0.0,0
2012-08-16,2012-08-30,OPTSTK,HINDOILEXP,50.0,PE,0.0,0.0,0.0,0.05,0.0,0,0.0,0
2012-08-16,2012-08-30,OPTSTK,HINDOILEXP,60.0,PE,0.0,0.0,0.0,0.15,0.0,0,0.0,0
2012-08-16,2012-08-30,OPTSTK,HINDOILEXP,70.0,PE,0.0,0.0,0.0,0.7,0.0,0,0.0,0
2012-08-16,2012-08-30,OPTSTK,HINDOILEXP,75.0,PE,0.0,0.0,0.0,1.55,0.0,0,0.0,0
2012-08-16,2012-08-30,OPTSTK,HINDOILEXP,80.0,PE,0.0,0.0,0.0,2.05,0.0,0,0.0,0
2012-08-16,2012-08-30,OPTSTK,HINDOILEXP,85.0,PE,0.0,0.0,0.0,3.85,0.0,0,0.0,0
2012-08-16,2012-08-30,OPTSTK,HINDOILEXP,90.0,PE,0.0,0.0,0.0,4.6,0.0,0,0.0,0
2012-08-16,2012-08-30,OPTSTK,HINDOILEXP,95.0,PE,0.0,0.0,0.0,7.6,0.0,0,0.0,0
2012-08-16,2012-08-30,OPTSTK,HINDOILEXP,100.0,PE,0.0,0.0,0.0,8.7,0.05,0,0.0,0
2012-08-16,2012-08-30,OPTSTK,HINDOILEXP,105.0,PE,0.0,0.0,0.0,12.9,0.2,0,0.0,0
2012-08-16,2012-08-30,OPTSTK,HINDOILEXP,110.0,PE,0.0,0.0,0.0,2.0,0.6,0,0.0,4000
2012-08-16,2012-08-30,OPTSTK,HINDOILEXP,115.0,PE,0.0,0.0,0.0,5.95,1.55,0,0.0,2000
2012-08-16,2012-08-30,OPTSTK,HINDOILEXP,120.0,PE,0.0,0.0,0.0,2.4,3.4,0,0.0,4000
2012-08-16,2012-08-30,OPTSTK,HINDOILEXP,125.0,PE,0.0,0.0,0.0,27.25,6.2,0,0.0,0
2012-08-16,2012-08-30,OPTSTK,HINDOILEXP,130.0,PE,0.0,0.0,0.0,28.7,9.9,0,0.0,0
2012-08-16,2012-08-30,OPTSTK,HINDOILEXP,140.0,PE,0.0,0.0,0.0,37.15,18.9,0,0.0,0
2012-08-16,2012-08-30,OPTSTK,HINDOILEXP,150.0,PE,0.0,0.0,0.0,46.05,28.7,0,0.0,0
2012-08-16,2012-08-30,OPTSTK,HINDOILEXP,160.0,PE,0.0,0.0,0.0,55.3,38.65,0,0.0,0
2012-08-16,2012-08-30,OPTSTK,HINDOILEXP,170.0,PE,0.0,0.0,0.0,64.75,48.6,0,0.0,0
2012-08-16,2012-08-30,OPTSTK,HINDOILEXP,180.0,PE,0.0,0.0,0.0,74.35,58.55,0,0.0,0
2012-08-16,2012-08-30,OPTSTK,HINDOILEXP,190.0,PE,0.0,0.0,0.0,84.0,68.55,0,0.0,0
2012-08-16,2012-08-30,OPTSTK,HINDOILEXP,200.0,PE,0.0,0.0,0.0,93.7,78.5,0,0.0,0
2012-08-16,2012-09-27,OPTSTK,HINDOILEXP,50.0,CE,0.0,0.0,0.0,78.6,71.4,0,0.0,0
2012-08-16,2012-09-27,OPTSTK,HINDOILEXP,60.0,CE,0.0,0.0,0.0,68.9,61.5,0,0.0,0
2012-08-16,2012-09-27,OPTSTK,HINDOILEXP,70.0,CE,0.0,0.0,0.0,59.4,51.6,0,0.0,0
2012-08-16,2012-09-27,OPTSTK,HINDOILEXP,80.0,CE,0.0,0.0,0.0,50.25,41.7,0,0.0,0
2012-08-16,2012-09-27,OPTSTK,HINDOILEXP,90.0,CE,0.0,0.0,0.0,41.7,31.9,0,0.0,0
2012-08-16,2012-09-27,OPTSTK,HINDOILEXP,100.0,CE,0.0,0.0,0.0,34.0,22.5,0,0.0,0
2012-08-16,2012-09-27,OPTSTK,HINDOILEXP,110.0,CE,0.0,0.0,0.0,27.25,14.25,0,0.0,0
2012-08-16,2012-09-27,OPTSTK,HINDOILEXP,120.0,CE,0.0,0.0,0.0,21.5,7.95,0,0.0,0
2012-08-16,2012-09-27,OPTSTK,HINDOILEXP,130.0,CE,0.0,0.0,0.0,16.7,3.9,0,0.0,0
2012-08-16,2012-09-27,OPTSTK,HINDOILEXP,140.0,CE,0.0,0.0,0.0,12.85,1.7,0,0.0,0
2012-08-16,2012-09-27,OPTSTK,HINDOILEXP,150.0,CE,0.0,0.0,0.0,9.8,0.65,0,0.0,0
2012-08-16,2012-09-27,OPTSTK,HINDOILEXP,160.0,CE,0.0,0.0,0.0,7.4,0.25,0,0.0,0
2012-08-16,2012-09-27,OPTSTK,HINDOILEXP,170.0,CE,0.0,0.0,0.0,5.6,0.1,0,0.0,0
2012-08-16,2012-09-27,OPTSTK,HINDOILEXP,180.0,CE,0.0,0.0,0.0,4.15,0.05,0,0.0,0
2012-08-16,2012-09-27,OPTSTK,HINDOILEXP,190.0,CE,0.0,0.0,0.0,3.1,0.05,0,0.0,0
2012-08-16,2012-09-27,OPTSTK,HINDOILEXP,200.0,CE,0.0,0.0,0.0,2.3,0.0,0,0.0,0
2012-08-16,2012-09-27,OPTSTK,HINDOILEXP,50.0,PE,0.0,0.0,0.0,0.05,0.0,0,0.0,0
2012-08-16,2012-09-27,OPTSTK,HINDOILEXP,60.0,PE,0.0,0.0,0.0,0.1,0.0,0,0.0,0
2012-08-16,2012-09-27,OPTSTK,HINDOILEXP,70.0,PE,0.0,0.0,0.0,0.35,0.0,0,0.0,0
2012-08-16,2012-09-27,OPTSTK,HINDOILEXP,80.0,PE,0.0,0.0,0.0,0.95,0.05,0,0.0,0
2012-08-16,2012-09-27,OPTSTK,HINDOILEXP,90.0,PE,0.0,0.0,0.0,2.2,0.1,0,0.0,0
2012-08-16,2012-09-27,OPTSTK,HINDOILEXP,100.0,PE,0.0,0.0,0.0,4.25,0.6,0,0.0,0
2012-08-16,2012-09-27,OPTSTK,HINDOILEXP,110.0,PE,0.0,0.0,0.0,7.25,2.25,0,0.0,0
2012-08-16,2012-09-27,OPTSTK,HINDOILEXP,120.0,PE,0.0,0.0,0.0,11.3,5.85,0,0.0,0
2012-08-16,2012-09-27,OPTSTK,HINDOILEXP,130.0,PE,0.0,0.0,0.0,16.3,11.7,0,0.0,0
2012-08-16,2012-09-27,OPTSTK,HINDOILEXP,140.0,PE,0.0,0.0,0.0,22.2,19.4,0,0.0,0
2012-08-16,2012-09-27,OPTSTK,HINDOILEXP,150.0,PE,0.0,0.0,0.0,28.9,28.25,0,0.0,0
2012-08-16,2012-09-27,OPTSTK,HINDOILEXP,160.0,PE,0.0,0.0,0.0,36.3,37.75,0,0.0,0
2012-08-16,2012-09-27,OPTSTK,HINDOILEXP,170.0,PE,0.0,0.0,0.0,44.2,47.5,0,0.0,0
2012-08-16,2012-09-27,OPTSTK,HINDOILEXP,180.0,PE,0.0,0.0,0.0,52.6,57.35,0,0.0,0
2012-08-16,2012-09-27,OPTSTK,HINDOILEXP,190.0,PE,0.0,0.0,0.0,61.3,67.2,0,0.0,0
2012-08-16,2012-09-27,OPTSTK,HINDOILEXP,200.0,PE,0.0,0.0,0.0,70.25,77.1,0,0.0,0
2012-08-16,2012-08-30,OPTSTK,HINDPETRO,160.0,CE,0.0,0.0,0.0,134.3,149.85,0,0.0,0
2012-08-16,2012-08-30,OPTSTK,HINDPETRO,180.0,CE,0.0,0.0,0.0,114.8,129.9,0,0.0,0
2012-08-16,2012-08-30,OPTSTK,HINDPETRO,200.0,CE,0.0,0.0,0.0,95.3,110.0,0,0.0,0
2012-08-16,2012-08-30,OPTSTK,HINDPETRO,220.0,CE,0.0,0.0,0.0,75.95,90.05,0,0.0,0
2012-08-16,2012-08-30,OPTSTK,HINDPETRO,240.0,CE,0.0,0.0,0.0,57.15,70.1,0,0.0,0
2012-08-16,2012-08-30,OPTSTK,HINDPETRO,260.0,CE,0.0,0.0,0.0,40.0,50.25,0,0.0,0
2012-08-16,2012-08-30,OPTSTK,HINDPETRO,280.0,CE,0.0,0.0,0.0,25.6,31.0,0,0.0,0
2012-08-16,2012-08-30,OPTSTK,HINDPETRO,300.0,CE,12.3,12.3,8.05,8.45,8.45,18,55.79,24000
2012-08-16,2012-08-30,OPTSTK,HINDPETRO,320.0,CE,3.5,3.5,1.7,1.95,1.95,54,174.14,138000
2012-08-16,2012-08-30,OPTSTK,HINDPETRO,340.0,CE,0.9,1.05,0.55,0.65,0.65,22,74.98,258000
2012-08-16,2012-08-30,OPTSTK,HINDPETRO,360.0,CE,0.45,0.45,0.3,0.3,0.3,6,21.62,125000
2012-08-16,2012-08-30,OPTSTK,HINDPETRO,380.0,CE,0.0,0.0,0.0,0.1,0.05,0,0.0,35000
2012-08-16,2012-08-30,OPTSTK,HINDPETRO,400.0,CE,0.0,0.0,0.0,0.95,0.0,0,0.0,10000
2012-08-16,2012-08-30,OPTSTK,HINDPETRO,420.0,CE,0.0,0.0,0.0,0.1,0.0,0,0.0,0
2012-08-16,2012-08-30,OPTSTK,HINDPETRO,440.0,CE,0.0,0.0,0.0,0.05,0.0,0,0.0,0
2012-08-16,2012-08-30,OPTSTK,HINDPETRO,460.0,CE,0.0,0.0,0.0,0.05,0.0,0,0.0,0
2012-08-16,2012-08-30,OPTSTK,HINDPETRO,160.0,PE,0.0,0.0,0.0,0.05,0.0,0,0.0,0
2012-08-16,2012-08-30,OPTSTK,HINDPETRO,180.0,PE,0.0,0.0,0.0,0.05,0.0,0,0.0,0
2012-08-16,2012-08-30,OPTSTK,HINDPETRO,200.0,PE,0.0,0.0,0.0,0.05,0.0,0,0.0,0
2012-08-16,2012-08-30,OPTSTK,HINDPETRO,220.0,PE,0.0,0.0,0.0,0.2,0.0,0,0.0,0
2012-08-16,2012-08-30,OPTSTK,HINDPETRO,240.0,PE,0.0,0.0,0.0,0.95,0.0,0,0.0,0
2012-08-16,2012-08-30,OPTSTK,HINDPETRO,260.0,PE,0.0,0.0,0.0,3.25,0.05,0,0.0,0
2012-08-16,2012-08-30,OPTSTK,HINDPETRO,280.0,PE,0.0,0.0,0.0,8.4,0.75,0,0.0,0
2012-08-16,2012-08-30,OPTSTK,HINDPETRO,300.0,PE,3.05,5.8,3.05,5.65,5.65,24,73.1,62000
2012-08-16,2012-08-30,OPTSTK,HINDPETRO,320.0,PE,13.75,18.9,13.75,18.9,18.9,12,40.45,86000
2012-08-16,2012-08-30,OPTSTK,HINDPETRO,340.0,PE,33.45,36.8,33.45,36.8,36.8,2,7.5,37000
2012-08-16,2012-08-30,OPTSTK,HINDPETRO,360.0,PE,0.0,0.0,0.0,28.5,49.7,0,0.0,3000
2012-08-16,2012-08-30,OPTSTK,HINDPETRO,380.0,PE,0.0,0.0,0.0,60.0,69.45,0,0.0,4000
2012-08-16,2012-08-30,OPTSTK,HINDPETRO,400.0,PE,0.0,0.0,0.0,64.0,89.4,0,0.0,6000
2012-08-16,2012-08-30,OPTSTK,HINDPETRO,420.0,PE,0.0,0.0,0.0,119.55,109.3,0,0.0,0
2012-08-16,2012-08-30,OPTSTK,HINDPETRO,440.0,PE,0.0,0.0,0.0,139.0,129.25,0,0.0,0
2012-08-16,2012-08-30,OPTSTK,HINDPETRO,460.0,PE,0.0,0.0,0.0,158.5,149.2,0,0.0,0
2012-08-16,2012-09-27,OPTSTK,HINDPETRO,160.0,CE,0.0,0.0,0.0,179.95,150.95,0,0.0,0
2012-08-16,2012-09-27,OPTSTK,HINDPETRO,180.0,CE,0.0,0.0,0.0,160.4,131.2,0,0.0,0
2012-08-16,2012-09-27,OPTSTK,HINDPETRO,200.0,CE,0.0,0.0,0.0,140.9,111.4,0,0.0,0
2012-08-16,2012-09-27,OPTSTK,HINDPETRO,220.0,CE,0.0,0.0,0.0,121.55,91.6,0,0.0,0
2012-08-16,2012-09-27,OPTSTK,HINDPETRO,240.0,CE,0.0,0.0,0.0,102.5,72.0,0,0.0,0
2012-08-16,2012-09-27,OPTSTK,HINDPETRO,260.0,CE,0.0,0.0,0.0,84.2,53.1,0,0.0,0
2012-08-16,2012-09-27,OPTSTK,HINDPETRO,280.0,CE,0.0,0.0,0.0,67.15,36.05,0,0.0,0
2012-08-16,2012-09-27,OPTSTK,HINDPETRO,300.0,CE,0.0,0.0,0.0,51.9,22.15,0,0.0,0
2012-08-16,2012-09-27,OPTSTK,HINDPETRO,320.0,CE,6.0,6.0,5.5,5.75,5.75,7,22.81,8000
2012-08-16,2012-09-27,OPTSTK,HINDPETRO,340.0,CE,2.8,2.8,2.8,2.8,2.8,1,3.42,11000
2012-08-16,2012-09-27,OPTSTK,HINDPETRO,360.0,CE,0.0,0.0,0.0,2.4,2.7,0,0.0,1000
2012-08-16,2012-09-27,OPTSTK,HINDPETRO,380.0,CE,0.0,0.0,0.0,13.5,1.1,0,0.0,0
2012-08-16,2012-09-27,OPTSTK,HINDPETRO,400.0,CE,0.0,0.0,0.0,9.0,0.4,0,0.0,0
2012-08-16,2012-09-27,OPTSTK,HINDPETRO,420.0,CE,0.0,0.0,0.0,5.85,0.15,0,0.0,0
2012-08-16,2012-09-27,OPTSTK,HINDPETRO,440.0,CE,0.0,0.0,0.0,3.75,0.05,0,0.0,0
2012-08-16,2012-09-27,OPTSTK,HINDPETRO,460.0,CE,0.0,0.0,0.0,2.35,0.05,0,0.0,0
2012-08-16,2012-09-27,OPTSTK,HINDPETRO,160.0,PE,0.0,0.0,0.0,0.05,0.0,0,0.0,0
2012-08-16,2012-09-27,OPTSTK,HINDPETRO,180.0,PE,0.0,0.0,0.0,0.05,0.0,0,0.0,0
2012-08-16,2012-09-27,OPTSTK,HINDPETRO,200.0,PE,0.0,0.0,0.0,0.05,0.0,0,0.0,0
2012-08-16,2012-09-27,OPTSTK,HINDPETRO,220.0,PE,0.0,0.0,0.0,0.2,0.05,0,0.0,0
2012-08-16,2012-09-27,OPTSTK,HINDPETRO,240.0,PE,0.0,0.0,0.0,0.7,0.25,0,0.0,0
2012-08-16,2012-09-27,OPTSTK,HINDPETRO,260.0,PE,0.0,0.0,0.0,1.95,1.15,0,0.0,0
2012-08-16,2012-09-27,OPTSTK,HINDPETRO,280.0,PE,0.0,0.0,0.0,4.45,3.85,0,0.0,0
2012-08-16,2012-09-27,OPTSTK,HINDPETRO,300.0,PE,8.6,9.6,8.6,9.6,9.6,2,6.18,2000
2012-08-16,2012-09-27,OPTSTK,HINDPETRO,320.0,PE,0.0,0.0,0.0,10.4,19.6,0,0.0,1000
2012-08-16,2012-09-27,OPTSTK,HINDPETRO,340.0,PE,0.0,0.0,0.0,20.0,33.25,0,0.0,4000
2012-08-16,2012-09-27,OPTSTK,HINDPETRO,360.0,PE,0.0,0.0,0.0,29.0,49.7,0,0.0,1000
2012-08-16,2012-09-27,OPTSTK,HINDPETRO,380.0,PE,0.0,0.0,0.0,48.45,67.9,0,0.0,0
2012-08-16,2012-09-27,OPTSTK,HINDPETRO,400.0,PE,0.0,0.0,0.0,63.5,87.0,0,0.0,0
2012-08-16,2012-09-27,OPTSTK,HINDPETRO,420.0,PE,0.0,0.0,0.0,79.9,106.5,0,0.0,0
2012-08-16,2012-09-27,OPTSTK,HINDPETRO,440.0,PE,0.0,0.0,0.0,97.3,126.2,0,0.0,0
2012-08-16,2012-09-27,OPTSTK,HINDPETRO,460.0,PE,0.0,0.0,0.0,115.45,146.0,0,0.0,0
2012-08-16,2012-10-25,OPTSTK,HINDPETRO,160.0,CE,0.0,0.0,0.0,176.4,152.05,0,0.0,0
2012-08-16,2012-10-25,OPTSTK,HINDPETRO,180.0,CE,0.0,0.0,0.0,156.85,132.4,0,0.0,0
2012-08-16,2012-10-25,OPTSTK,HINDPETRO,200.0,CE,0.0,0.0,0.0,137.35,112.8,0,0.0,0
2012-08-16,2012-10-25,OPTSTK,HINDPETRO,220.0,CE,0.0,0.0,0.0,117.9,93.3,0,0.0,0
2012-08-16,2012-10-25,OPTSTK,HINDPETRO,240.0,CE,0.0,0.0,0.0,98.7,74.3,0,0.0,0
2012-08-16,2012-10-25,OPTSTK,HINDPETRO,260.0,CE,0.0,0.0,0.0,80.2,56.45,0,0.0,0
2012-08-16,2012-10-25,OPTSTK,HINDPETRO,280.0,CE,0.0,0.0,0.0,62.95,40.6,0,0.0,0
2012-08-16,2012-10-25,OPTSTK,HINDPETRO,300.0,CE,0.0,0.0,0.0,47.55,27.55,0,0.0,0
2012-08-16,2012-10-25,OPTSTK,HINDPETRO,320.0,CE,0.0,0.0,0.0,34.5,17.6,0,0.0,0
2012-08-16,2012-10-25,OPTSTK,HINDPETRO,340.0,CE,0.0,0.0,0.0,24.05,10.65,0,0.0,0
2012-08-16,2012-10-25,OPTSTK,HINDPETRO,360.0,CE,0.0,0.0,0.0,16.15,6.1,0,0.0,0
2012-08-16,2012-10-25,OPTSTK,HINDPETRO,380.0,CE,0.0,0.0,0.0,10.45,3.3,0,0.0,0
2012-08-16,2012-10-25,OPTSTK,HINDPETRO,400.0,CE,0.0,0.0,0.0,6.55,1.75,0,0.0,0
2012-08-16,2012-10-25,OPTSTK,HINDPETRO,420.0,CE,0.0,0.0,0.0,4.0,0.9,0,0.0,0
2012-08-16,2012-10-25,OPTSTK,HINDPETRO,440.0,CE,0.0,0.0,0.0,2.35,0.45,0,0.0,0
2012-08-16,2012-10-25,OPTSTK,HINDPETRO,460.0,CE,0.0,0.0,0.0,1.35,0.2,0,0.0,0
2012-08-16,2012-10-25,OPTSTK,HINDPETRO,160.0,PE,0.0,0.0,0.0,0.05,0.0,0,0.0,0
2012-08-16,2012-10-25,OPTSTK,HINDPETRO,180.0,PE,0.0,0.0,0.0,0.05,0.0,0,0.0,0
2012-08-16,2012-10-25,OPTSTK,HINDPETRO,200.0,PE,0.0,0.0,0.0,0.05,0.05,0,0.0,0
2012-08-16,2012-10-25,OPTSTK,HINDPETRO,220.0,PE,0.0,0.0,0.0,0.15,0.2,0,0.0,0
2012-08-16,2012-10-25,OPTSTK,HINDPETRO,240.0,PE,0.0,0.0,0.0,0.5,0.85,0,0.0,0
2012-08-16,2012-10-25,OPTSTK,HINDPETRO,260.0,PE,0.0,0.0,0.0,1.55,2.65,0,0.0,0
2012-08-16,2012-10-25,OPTSTK,HINDPETRO,280.0,PE,0.0,0.0,0.0,3.85,6.5,0,0.0,0
2012-08-16,2012-10-25,OPTSTK,HINDPETRO,300.0,PE,0.0,0.0,0.0,8.0,13.1,0,0.0,0
2012-08-16,2012-10-25,OPTSTK,HINDPETRO,320.0,PE,0.0,0.0,0.0,14.45,22.8,0,0.0,0
2012-08-16,2012-10-25,OPTSTK,HINDPETRO,340.0,PE,0.0,0.0,0.0,23.6,35.5,0,0.0,0
2012-08-16,2012-10-25,OPTSTK,HINDPETRO,360.0,PE,0.0,0.0,0.0,35.2,50.6,0,0.0,0
2012-08-16,2012-10-25,OPTSTK,HINDPETRO,380.0,PE,0.0,0.0,0.0,49.1,67.5,0,0.0,0
2012-08-16,2012-10-25,OPTSTK,HINDPETRO,400.0,PE,0.0,0.0,0.0,64.75,85.55,0,0.0,0
2012-08-16,2012-10-25,OPTSTK,HINDPETRO,420.0,PE,0.0,0.0,0.0,81.7,104.35,0,0.0,0
2012-08-16,2012-10-25,OPTSTK,HINDPETRO,440.0,PE,0.0,0.0,0.0,99.65,123.6,0,0.0,0
2012-08-16,2012-10-25,OPTSTK,HINDPETRO,460.0,PE,0.0,0.0,0.0,118.2,143.0,0,0.0,0
2012-08-16,2012-08-30,OPTSTK,HINDUNILVR,220.0,CE,0.0,0.0,0.0,213.3,275.5,0,0.0,0
2012-08-16,2012-08-30,OPTSTK,HINDUNILVR,240.0,CE,0.0,0.0,0.0,193.8,255.55,0,0.0,0
2012-08-16,2012-08-30,OPTSTK,HINDUNILVR,260.0,CE,0.0,0.0,0.0,174.3,235.65,0,0.0,0
2012-08-16,2012-08-30,OPTSTK,HINDUNILVR,280.0,CE,0.0,0.0,0.0,154.75,215.7,0,0.0,0
2012-08-16,2012-08-30,OPTSTK,HINDUNILVR,300.0,CE,0.0,0.0,0.0,135.25,195.75,0,0.0,0
2012-08-16,2012-08-30,OPTSTK,HINDUNILVR,320.0,CE,0.0,0.0,0.0,115.75,175.85,0,0.0,0
2012-08-16,2012-08-30,OPTSTK,HINDUNILVR,340.0,CE,0.0,0.0,0.0,96.25,155.9,0,0.0,0
2012-08-16,2012-08-30,OPTSTK,HINDUNILVR,360.0,CE,0.0,0.0,0.0,76.9,135.95,0,0.0,0
2012-08-16,2012-08-30,OPTSTK,HINDUNILVR,380.0,CE,0.0,0.0,0.0,85.0,116.05,0,0.0,10000
2012-08-16,2012-08-30,OPTSTK,HINDUNILVR,400.0,CE,0.0,0.0,0.0,67.8,96.1,0,0.0,3000
2012-08-16,2012-08-30,OPTSTK,HINDUNILVR,420.0,CE,0.0,0.0,0.0,50.4,76.2,0,0.0,13000
2012-08-16,2012-08-30,OPTSTK,HINDUNILVR,440.0,CE,0.0,0.0,0.0,50.8,56.45,0,0.0,117000
2012-08-16,2012-08-30,OPTSTK,HINDUNILVR,460.0,CE,35.2,35.9,33.5,35.85,35.85,6,29.7,232000
2012-08-16,2012-08-30,OPTSTK,HINDUNILVR,480.0,CE,18.95,18.95,14.8,17.05,17.05,46,228.44,517000
2012-08-16,2012-08-30,OPTSTK,HINDUNILVR,500.0,CE,6.0,6.3,3.5,4.75,4.75,458,2310.73,520000
2012-08-16,2012-08-30,OPTSTK,HINDUNILVR,520.0,CE,1.2,1.2,0.5,0.75,0.75,81,421.77,434000
2012-08-16,2012-08-30,OPTSTK,HINDUNILVR,540.0,CE,0.0,0.0,0.0,0.15,1.0,0,0.0,9000
2012-08-16,2012-08-30,OPTSTK,HINDUNILVR,560.0,CE,0.0,0.0,0.0,0.05,0.25,0,0.0,0
2012-08-16,2012-08-30,OPTSTK,HINDUNILVR,580.0,CE,0.0,0.0,0.0,0.05,0.05,0,0.0,0
2012-08-16,2012-08-30,OPTSTK,HINDUNILVR,600.0,CE,0.0,0.0,0.0,0.05,0.0,0,0.0,0
2012-08-16,2012-08-30,OPTSTK,HINDUNILVR,220.0,PE,0.0,0.0,0.0,0.05,0.0,0,0.0,0
2012-08-16,2012-08-30,OPTSTK,HINDUNILVR,240.0,PE,0.0,0.0,0.0,0.05,0.0,0,0.0,0
2012-08-16,2012-08-30,OPTSTK,HINDUNILVR,260.0,PE,0.0,0.0,0.0,0.05,0.0,0,0.0,0
2012-08-16,2012-08-30,OPTSTK,HINDUNILVR,280.0,PE,0.0,0.0,0.0,0.05,0.0,0,0.0,0
2012-08-16,2012-08-30,OPTSTK,HINDUNILVR,300.0,PE,0.0,0.0,0.0,0.05,0.0,0,0.0,0
2012-08-16,2012-08-30,OPTSTK,HINDUNILVR,320.0,PE,0.0,0.0,0.0,0.05,0.0,0,0.0,0
2012-08-16,2012-08-30,OPTSTK,HINDUNILVR,340.0,PE,0.0,0.0,0.0,0.05,0.0,0,0.0,0
2012-08-16,2012-08-30,OPTSTK,HINDUNILVR,360.0,PE,0.0,0.0,0.0,1.0,0.0,0,0.0,1000
2012-08-16,2012-08-30,OPTSTK,HINDUNILVR,380.0,PE,0.0,0.0,0.0,0.95,0.0,0,0.0,0
2012-08-16,2012-08-30,OPTSTK,HINDUNILVR,400.0,PE,0.3,0.3,0.3,0.3,0.3,1,4.0,242000
2012-08-16,2012-08-30,OPTSTK,HINDUNILVR,420.0,PE,0.0,0.0,0.0,0.2,0.05,0,0.0,118000
2012-08-16,2012-08-30,OPTSTK,HINDUNILVR,440.0,PE,0.3,0.4,0.3,0.3,0.3,32,140.9,472000
2012-08-16,2012-08-30,OPTSTK,HINDUNILVR,460.0,PE,0.7,0.7,0.5,0.65,0.65,44,202.67,702000
2012-08-16,2012-08-30,OPTSTK,HINDUNILVR,480.0,PE,2.1,2.75,1.9,2.15,2.15,385,1856.68,820000
2012-08-16,2012-08-30,OPTSTK,HINDUNILVR,500.0,PE,9.8,11.2,8.25,9.55,9.55,69,351.67,133000
2012-08-16,2012-08-30,OPTSTK,HINDUNILVR,520.0,PE,27.95,27.95,27.95,27.95,27.95,1,5.47,2000
2012-08-16,2012-08-30,OPTSTK,HINDUNILVR,540.0,PE,0.0,0.0,0.0,40.3,44.45,0,0.0,1000
2012-08-16,2012-08-30,OPTSTK,HINDUNILVR,560.0,PE,0.0,0.0,0.0,118.6,63.6,0,0.0,0
2012-08-16,2012-08-30,OPTSTK,HINDUNILVR,580.0,PE,0.0,0.0,0.0,138.05,83.35,0,0.0,0
2012-08-16,2012-08-30,OPTSTK,HINDUNILVR,600.0,PE,0.0,0.0,0.0,157.55,103.25,0,0.0,0
2012-08-16,2012-09-27,OPTSTK,HINDUNILVR,260.0,CE,0.0,0.0,0.0,197.7,237.45,0,0.0,0
2012-08-16,2012-09-27,OPTSTK,HINDUNILVR,280.0,CE,0.0,0.0,0.0,178.2,217.65,0,0.0,0
2012-08-16,2012-09-27,OPTSTK,HINDUNILVR,300.0,CE,0.0,0.0,0.0,158.65,197.85,0,0.0,0
2012-08-16,2012-09-27,OPTSTK,HINDUNILVR,320.0,CE,0.0,0.0,0.0,139.15,178.1,0,0.0,0
2012-08-16,2012-09-27,OPTSTK,HINDUNILVR,340.0,CE,0.0,0.0,0.0,119.7,158.3,0,0.0,0
2012-08-16,2012-09-27,OPTSTK,HINDUNILVR,360.0,CE,0.0,0.0,0.0,100.5,138.5,0,0.0,0
2012-08-16,2012-09-27,OPTSTK,HINDUNILVR,380.0,CE,0.0,0.0,0.0,81.85,118.75,0,0.0,0
2012-08-16,2012-09-27,OPTSTK,HINDUNILVR,400.0,CE,0.0,0.0,0.0,64.25,99.1,0,0.0,0
2012-08-16,2012-09-27,OPTSTK,HINDUNILVR,420.0,CE,0.0,0.0,0.0,48.35,79.9,0,0.0,0
2012-08-16,2012-09-27,OPTSTK,HINDUNILVR,440.0,CE,0.0,0.0,0.0,24.0,61.6,0,0.0,2000
2012-08-16,2012-09-27,OPTSTK,HINDUNILVR,460.0,CE,0.0,0.0,0.0,23.8,45.05,0,0.0,0
2012-08-16,2012-09-27,OPTSTK,HINDUNILVR,480.0,CE,22.2,22.5,22.2,22.5,22.5,4,20.09,32000
2012-08-16,2012-09-27,OPTSTK,HINDUNILVR,500.0,CE,10.5,10.75,9.85,10.0,10.0,7,35.71,46000
2012-08-16,2012-09-27,OPTSTK,HINDUNILVR,520.0,CE,4.0,4.55,4.0,4.55,4.55,3,15.73,19000
2012-08-16,2012-09-27,OPTSTK,HINDUNILVR,540.0,CE,1.25,1.25,1.25,1.25,1.25,1,5.41,6000
2012-08-16,2012-09-27,OPTSTK,HINDUNILVR,560.0,CE,0.0,0.0,0.0,1.75,3.5,0,0.0,0
2012-08-16,2012-09-27,OPTSTK,HINDUNILVR,580.0,CE,0.0,0.0,0.0,0.95,1.7,0,0.0,0
2012-08-16,2012-09-27,OPTSTK,HINDUNILVR,600.0,CE,0.0,0.0,0.0,0.5,0.8,0,0.0,0
2012-08-16,2012-09-27,OPTSTK,HINDUNILVR,260.0,PE,0.0,0.0,0.0,0.05,0.0,0,0.0,0
2012-08-16,2012-09-27,OPTSTK,HINDUNILVR,280.0,PE,0.0,0.0,0.0,0.05,0.0,0,0.0,0
2012-08-16,2012-09-27,OPTSTK,HINDUNILVR,300.0,PE,0.0,0.0,0.0,0.05,0.0,0,0.0,0
2012-08-16,2012-09-27,OPTSTK,HINDUNILVR,320.0,PE,0.0,0.0,0.0,0.05,0.0,0,0.0,0
2012-08-16,2012-09-27,OPTSTK,HINDUNILVR,340.0,PE,0.0,0.0,0.0,0.15,0.0,0,0.0,0
2012-08-16,2012-09-27,OPTSTK,HINDUNILVR,360.0,PE,0.0,0.0,0.0,0.45,0.05,0,0.0,0
2012-08-16,2012-09-27,OPTSTK,HINDUNILVR,380.0,PE,0.0,0.0,0.0,1.35,0.05,0,0.0,0
2012-08-16,2012-09-27,OPTSTK,HINDUNILVR,400.0,PE,0.0,0.0,0.0,3.3,0.25,0,0.0,0
2012-08-16,2012-09-27,OPTSTK,HINDUNILVR,420.0,PE,0.0,0.0,0.0,6.95,0.8,0,0.0,0
2012-08-16,2012-09-27,OPTSTK,HINDUNILVR,440.0,PE,0.0,0.0,0.0,2.45,2.3,0,0.0,1000
2012-08-16,2012-09-27,OPTSTK,HINDUNILVR,460.0,PE,2.9,2.9,2.0,2.0,2.0,3,13.87,29000
2012-08-16,2012-09-27,OPTSTK,HINDUNILVR,480.0,PE,5.5,6.1,5.15,5.25,5.25,9,43.7,49000
2012-08-16,2012-09-27,OPTSTK,HINDUNILVR,500.0,PE,0.0,0.0,0.0,13.45,19.95,0,0.0,17000
2012-08-16,2012-09-27,OPTSTK,HINDUNILVR,520.0,PE,0.0,0.0,0.0,62.0,31.8,0,0.0,0
2012-08-16,2012-09-27,OPTSTK,HINDUNILVR,540.0,PE,0.0,0.0,0.0,79.05,46.35,0,0.0,0
2012-08-16,2012-09-27,OPTSTK,HINDUNILVR,560.0,PE,0.0,0.0,0.0,97.1,62.95,0,0.0,0
2012-08-16,2012-09-27,OPTSTK,HINDUNILVR,580.0,PE,0.0,0.0,0.0,115.8,80.95,0,0.0,0
2012-08-16,2012-09-27,OPTSTK,HINDUNILVR,600.0,PE,0.0,0.0,0.0,134.85,99.85,0,0.0,0
2012-08-16,2012-10-25,OPTSTK,HINDUNILVR,260.0,CE,0.0,0.0,0.0,207.8,239.25,0,0.0,0
2012-08-16,2012-10-25,OPTSTK,HINDUNILVR,280.0,CE,0.0,0.0,0.0,188.3,219.6,0,0.0,0
2012-08-16,2012-10-25,OPTSTK,HINDUNILVR,300.0,CE,0.0,0.0,0.0,168.85,199.9,0,0.0,0
2012-08-16,2012-10-25,OPTSTK,HINDUNILVR,320.0,CE,0.0,0.0,0.0,149.65,180.25,0,0.0,0
2012-08-16,2012-10-25,OPTSTK,HINDUNILVR,340.0,CE,0.0,0.0,0.0,130.8,160.65,0,0.0,0
2012-08-16,2012-10-25,OPTSTK,HINDUNILVR,360.0,CE,0.0,0.0,0.0,112.6,141.05,0,0.0,0
2012-08-16,2012-10-25,OPTSTK,HINDUNILVR,380.0,CE,0.0,0.0,0.0,95.3,121.6,0,0.0,0
2012-08-16,2012-10-25,OPTSTK,HINDUNILVR,400.0,CE,0.0,0.0,0.0,79.25,102.55,0,0.0,0
2012-08-16,2012-10-25,OPTSTK,HINDUNILVR,420.0,CE,0.0,0.0,0.0,64.7,84.2,0,0.0,0
2012-08-16,2012-10-25,OPTSTK,HINDUNILVR,440.0,CE,0.0,0.0,0.0,51.8,67.05,0,0.0,0
2012-08-16,2012-10-25,OPTSTK,HINDUNILVR,460.0,CE,0.0,0.0,0.0,40.75,51.6,0,0.0,0
2012-08-16,2012-10-25,OPTSTK,HINDUNILVR,480.0,CE,0.0,0.0,0.0,31.5,38.25,0,0.0,0
2012-08-16,2012-10-25,OPTSTK,HINDUNILVR,500.0,CE,0.0,0.0,0.0,23.9,27.3,0,0.0,0
2012-08-16,2012-10-25,OPTSTK,HINDUNILVR,520.0,CE,0.0,0.0,0.0,17.85,18.75,0,0.0,0
2012-08-16,2012-10-25,OPTSTK,HINDUNILVR,540.0,CE,0.0,0.0,0.0,13.2,12.4,0,0.0,0
2012-08-16,2012-10-25,OPTSTK,HINDUNILVR,560.0,CE,0.0,0.0,0.0,9.55,7.95,0,0.0,0
2012-08-16,2012-10-25,OPTSTK,HINDUNILVR,580.0,CE,0.0,0.0,0.0,6.85,4.9,0,0.0,0
2012-08-16,2012-10-25,OPTSTK,HINDUNILVR,600.0,CE,0.0,0.0,0.0,4.85,2.9,0,0.0,0
2012-08-16,2012-10-25,OPTSTK,HINDUNILVR,260.0,PE,0.0,0.0,0.0,0.05,0.0,0,0.0,0
2012-08-16,2012-10-25,OPTSTK,HINDUNILVR,280.0,PE,0.0,0.0,0.0,0.1,0.0,0,0.0,0
2012-08-16,2012-10-25,OPTSTK,HINDUNILVR,300.0,PE,0.0,0.0,0.0,0.2,0.0,0,0.0,0
2012-08-16,2012-10-25,OPTSTK,HINDUNILVR,320.0,PE,0.0,0.0,0.0,0.55,0.0,0,0.0,0
2012-08-16,2012-10-25,OPTSTK,HINDUNILVR,340.0,PE,0.0,0.0,0.0,1.25,0.05,0,0.0,0
2012-08-16,2012-10-25,OPTSTK,HINDUNILVR,360.0,PE,0.0,0.0,0.0,2.55,0.1,0,0.0,0
2012-08-16,2012-10-25,OPTSTK,HINDUNILVR,380.0,PE,0.0,0.0,0.0,4.8,0.35,0,0.0,0
2012-08-16,2012-10-25,OPTSTK,HINDUNILVR,400.0,PE,0.0,0.0,0.0,8.3,0.9,0,0.0,0
2012-08-16,2012-10-25,OPTSTK,HINDUNILVR,420.0,PE,0.0,0.0,0.0,13.3,2.25,0,0.0,0
2012-08-16,2012-10-25,OPTSTK,HINDUNILVR,440.0,PE,0.0,0.0,0.0,20.0,4.75,0,0.0,0
2012-08-16,2012-10-25,OPTSTK,HINDUNILVR,460.0,PE,0.0,0.0,0.0,28.5,8.95,0,0.0,0
2012-08-16,2012-10-25,OPTSTK,HINDUNILVR,480.0,PE,0.0,0.0,0.0,38.75,15.25,0,0.0,0
2012-08-16,2012-10-25,OPTSTK,HINDUNILVR,500.0,PE,0.0,0.0,0.0,50.7,24.0,0,0.0,0
2012-08-16,2012-10-25,OPTSTK,HINDUNILVR,520.0,PE,0.0,0.0,0.0,64.2,35.1,0,0.0,0
2012-08-16,2012-10-25,OPTSTK,HINDUNILVR,540.0,PE,0.0,0.0,0.0,79.05,48.4,0,0.0,0
2012-08-16,2012-10-25,OPTSTK,HINDUNILVR,560.0,PE,0.0,0.0,0.0,95.0,63.55,0,0.0,0
2012-08-16,2012-10-25,OPTSTK,HINDUNILVR,580.0,PE,0.0,0.0,0.0,111.8,80.2,0,0.0,0
2012-08-16,2012-10-25,OPTSTK,HINDUNILVR,600.0,PE,0.0,0.0,0.0,129.35,97.85,0,0.0,0
2012-08-16,2012-08-30,OPTSTK,HINDZINC,50.0,CE,0.0,0.0,0.0,68.3,72.4,0,0.0,0
2012-08-16,2012-08-30,OPTSTK,HINDZINC,60.0,CE,0.0,0.0,0.0,58.55,62.4,0,0.0,0
2012-08-16,2012-08-30,OPTSTK,HINDZINC,70.0,CE,0.0,0.0,0.0,48.8,52.45,0,0.0,0
2012-08-16,2012-08-30,OPTSTK,HINDZINC,80.0,CE,0.0,0.0,0.0,39.05,42.5,0,0.0,0
2012-08-16,2012-08-30,OPTSTK,HINDZINC,90.0,CE,0.0,0.0,0.0,29.4,32.5,0,0.0,0
2012-08-16,2012-08-30,OPTSTK,HINDZINC,100.0,CE,0.0,0.0,0.0,20.2,22.55,0,0.0,0
2012-08-16,2012-08-30,OPTSTK,HINDZINC,110.0,CE,0.0,0.0,0.0,12.35,12.7,0,0.0,0
2012-08-16,2012-08-30,OPTSTK,HINDZINC,120.0,CE,0.0,0.0,0.0,7.45,4.45,0,0.0,40000
2012-08-16,2012-08-30,OPTSTK,HINDZINC,130.0,CE,1.8,1.8,1.0,1.65,1.65,3,7.88,14000
2012-08-16,2012-08-30,OPTSTK,HINDZINC,140.0,CE,0.0,0.0,0.0,1.25,0.05,0,0.0,0
2012-08-16,2012-08-30,OPTSTK,HINDZINC,150.0,CE,0.0,0.0,0.0,0.45,0.0,0,0.0,0
2012-08-16,2012-08-30,OPTSTK,HINDZINC,160.0,CE,0.0,0.0,0.0,0.15,0.0,0,0.0,0
2012-08-16,2012-08-30,OPTSTK,HINDZINC,170.0,CE,0.0,0.0,0.0,0.05,0.0,0,0.0,0
2012-08-16,2012-08-30,OPTSTK,HINDZINC,180.0,CE,0.0,0.0,0.0,0.05,0.0,0,0.0,0
2012-08-16,2012-08-30,OPTSTK,HINDZINC,190.0,CE,0.0,0.0,0.0,0.05,0.0,0,0.0,0
2012-08-16,2012-08-30,OPTSTK,HINDZINC,200.0,CE,0.0,0.0,0.0,0.05,0.0,0,0.0,0
2012-08-16,2012-08-30,OPTSTK,HINDZINC,50.0,PE,0.0,0.0,0.0,0.05,0.0,0,0.0,0
2012-08-16,2012-08-30,OPTSTK,HINDZINC,60.0,PE,0.0,0.0,0.0,0.05,0.0,0,0.0,0
2012-08-16,2012-08-30,OPTSTK,HINDZINC,70.0,PE,0.0,0.0,0.0,0.05,0.0,0,0.0,0
2012-08-16,2012-08-30,OPTSTK,HINDZINC,80.0,PE,0.0,0.0,0.0,0.05,0.0,0,0.0,0
2012-08-16,2012-08-30,OPTSTK,HINDZINC,90.0,PE,0.0,0.0,0.0,0.15,0.0,0,0.0,0
2012-08-16,2012-08-30,OPTSTK,HINDZINC,100.0,PE,0.0,0.0,0.0,0.7,0.0,0,0.0,0
2012-08-16,2012-08-30,OPTSTK,HINDZINC,110.0,PE,0.0,0.0,0.0,2.6,0.15,0,0.0,0
2012-08-16,2012-08-30,OPTSTK,HINDZINC,120.0,PE,1.0,1.4,1.0,1.4,1.4,2,4.84,16000
2012-08-16,2012-08-30,OPTSTK,HINDZINC,130.0,PE,0.0,0.0,0.0,12.8,8.1,0,0.0,0
2012-08-16,2012-08-30,OPTSTK,HINDZINC,140.0,PE,0.0,0.0,0.0,20.75,17.4,0,0.0,0
2012-08-16,2012-08-30,OPTSTK,HINDZINC,150.0,PE,0.0,0.0,0.0,29.75,27.3,0,0.0,0
2012-08-16,2012-08-30,OPTSTK,HINDZINC,160.0,PE,0.0,0.0,0.0,39.2,37.3,0,0.0,0
2012-08-16,2012-08-30,OPTSTK,HINDZINC,170.0,PE,0.0,0.0,0.0,48.85,47.25,0,0.0,0
2012-08-16,2012-08-30,OPTSTK,HINDZINC,180.0,PE,0.0,0.0,0.0,58.6,57.2,0,0.0,0
2012-08-16,2012-08-30,OPTSTK,HINDZINC,190.0,PE,0.0,0.0,0.0,68.35,67.2,0,0.0,0
2012-08-16,2012-08-30,OPTSTK,HINDZINC,200.0,PE,0.0,0.0,0.0,78.1,77.15,0,0.0,0
2012-08-16,2012-09-27,OPTSTK,HINDZINC,50.0,CE,0.0,0.0,0.0,69.2,72.75,0,0.0,0
2012-08-16,2012-09-27,OPTSTK,HINDZINC,60.0,CE,0.0,0.0,0.0,59.4,62.85,0,0.0,0
2012-08-16,2012-09-27,OPTSTK,HINDZINC,70.0,CE,0.0,0.0,0.0,49.65,52.95,0,0.0,0
2012-08-16,2012-09-27,OPTSTK,HINDZINC,80.0,CE,0.0,0.0,0.0,39.9,43.05,0,0.0,0
2012-08-16,2012-09-27,OPTSTK,HINDZINC,90.0,CE,0.0,0.0,0.0,30.2,33.15,0,0.0,0
2012-08-16,2012-09-27,OPTSTK,HINDZINC,100.0,CE,0.0,0.0,0.0,21.0,23.35,0,0.0,0
2012-08-16,2012-09-27,OPTSTK,HINDZINC,110.0,CE,0.0,0.0,0.0,13.05,14.2,0,0.0,0
2012-08-16,2012-09-27,OPTSTK,HINDZINC,120.0,CE,0.0,0.0,0.0,7.15,7.0,0,0.0,0
2012-08-16,2012-09-27,OPTSTK,HINDZINC,130.0,CE,0.0,0.0,0.0,3.4,2.7,0,0.0,0
2012-08-16,2012-09-27,OPTSTK,HINDZINC,140.0,CE,0.0,0.0,0.0,1.45,0.8,0,0.0,0
2012-08-16,2012-09-27,OPTSTK,HINDZINC,150.0,CE,0.0,0.0,0.0,0.55,0.2,0,0.0,0
2012-08-16,2012-09-27,OPTSTK,HINDZINC,160.0,CE,0.0,0.0,0.0,0.2,0.05,0,0.0,0
2012-08-16,2012-09-27,OPTSTK,HINDZINC,170.0,CE,0.0,0.0,0.0,0.1,0.05,0,0.0,0
2012-08-16,2012-09-27,OPTSTK,HINDZINC,180.0,CE,0.0,0.0,0.0,0.05,0.0,0,0.0,0
2012-08-16,2012-09-27,OPTSTK,HINDZINC,190.0,CE,0.0,0.0,0.0,0.05,0.0,0,0.0,0
2012-08-16,2012-09-27,OPTSTK,HINDZINC,200.0,CE,0.0,0.0,0.0,0.05,0.0,0,0.0,0
2012-08-16,2012-09-27,OPTSTK,HINDZINC,50.0,PE,0.0,0.0,0.0,0.05,0.0,0,0.0,0
2012-08-16,2012-09-27,OPTSTK,HINDZINC,60.0,PE,0.0,0.0,0.0,0.05,0.0,0,0.0,0
2012-08-16,2012-09-27,OPTSTK,HINDZINC,70.0,PE,0.0,0.0,0.0,0.05,0.0,0,0.0,0
2012-08-16,2012-09-27,OPTSTK,HINDZINC,80.0,PE,0.0,0.0,0.0,0.05,0.0,0,0.0,0
2012-08-16,2012-09-27,OPTSTK,HINDZINC,90.0,PE,0.0,0.0,0.0,0.15,0.0,0,0.0,0
2012-08-16,2012-09-27,OPTSTK,HINDZINC,100.0,PE,0.0,0.0,0.0,0.7,0.1,0,0.0,0
2012-08-16,2012-09-27,OPTSTK,HINDZINC,110.0,PE,0.0,0.0,0.0,2.5,0.9,0,0.0,0
2012-08-16,2012-09-27,OPTSTK,HINDZINC,120.0,PE,0.0,0.0,0.0,6.35,3.55,0,0.0,0
2012-08-16,2012-09-27,OPTSTK,HINDZINC,130.0,PE,0.0,0.0,0.0,12.4,9.15,0,0.0,0
2012-08-16,2012-09-27,OPTSTK,HINDZINC,140.0,PE,0.0,0.0,0.0,20.2,17.15,0,0.0,0
2012-08-16,2012-09-27,OPTSTK,HINDZINC,150.0,PE,0.0,0.0,0.0,29.05,26.45,0,0.0,0
2012-08-16,2012-09-27,OPTSTK,HINDZINC,160.0,PE,0.0,0.0,0.0,38.5,36.2,0,0.0,0
2012-08-16,2012-09-27,OPTSTK,HINDZINC,170.0,PE,0.0,0.0,0.0,48.1,46.05,0,0.0,0
2012-08-16,2012-09-27,OPTSTK,HINDZINC,180.0,PE,0.0,0.0,0.0,57.85,55.95,0,0.0,0
2012-08-16,2012-09-27,OPTSTK,HINDZINC,190.0,PE,0.0,0.0,0.0,67.6,65.85,0,0.0,0
2012-08-16,2012-09-27,OPTSTK,HINDZINC,200.0,PE,0.0,0.0,0.0,77.35,75.75,0,0.0,0
2012-08-16,2012-10-25,OPTSTK,HINDZINC,50.0,CE,0.0,0.0,0.0,65.45,73.1,0,0.0,0
2012-08-16,2012-10-25,OPTSTK,HINDZINC,60.0,CE,0.0,0.0,0.0,55.7,63.25,0,0.0,0
2012-08-16,2012-10-25,OPTSTK,HINDZINC,70.0,CE,0.0,0.0,0.0,45.9,53.4,0,0.0,0
2012-08-16,2012-10-25,OPTSTK,HINDZINC,80.0,CE,0.0,0.0,0.0,36.2,43.6,0,0.0,0
2012-08-16,2012-10-25,OPTSTK,HINDZINC,90.0,CE,0.0,0.0,0.0,26.75,33.8,0,0.0,0
2012-08-16,2012-10-25,OPTSTK,HINDZINC,100.0,CE,0.0,0.0,0.0,18.15,24.3,0,0.0,0
2012-08-16,2012-10-25,OPTSTK,HINDZINC,110.0,CE,0.0,0.0,0.0,11.15,15.7,0,0.0,0
2012-08-16,2012-10-25,OPTSTK,HINDZINC,120.0,CE,0.0,0.0,0.0,6.15,8.9,0,0.0,0
2012-08-16,2012-10-25,OPTSTK,HINDZINC,130.0,CE,0.0,0.0,0.0,3.1,4.4,0,0.0,0
2012-08-16,2012-10-25,OPTSTK,HINDZINC,140.0,CE,0.0,0.0,0.0,1.4,1.9,0,0.0,0
2012-08-16,2012-10-25,OPTSTK,HINDZINC,150.0,CE,0.0,0.0,0.0,0.6,0.75,0,0.0,0
2012-08-16,2012-10-25,OPTSTK,HINDZINC,160.0,CE,0.0,0.0,0.0,0.25,0.25,0,0.0,0
2012-08-16,2012-10-25,OPTSTK,HINDZINC,170.0,CE,0.0,0.0,0.0,0.1,0.1,0,0.0,0
2012-08-16,2012-10-25,OPTSTK,HINDZINC,180.0,CE,0.0,0.0,0.0,0.05,0.05,0,0.0,0
2012-08-16,2012-10-25,OPTSTK,HINDZINC,190.0,CE,0.0,0.0,0.0,0.05,0.05,0,0.0,0
2012-08-16,2012-10-25,OPTSTK,HINDZINC,200.0,CE,0.0,0.0,0.0,0.05,0.0,0,0.0,0
2012-08-16,2012-10-25,OPTSTK,HINDZINC,50.0,PE,0.0,0.0,0.0,0.05,0.0,0,0.0,0
2012-08-16,2012-10-25,OPTSTK,HINDZINC,60.0,PE,0.0,0.0,0.0,0.05,0.0,0,0.0,0
2012-08-16,2012-10-25,OPTSTK,HINDZINC,70.0,PE,0.0,0.0,0.0,0.05,0.0,0,0.0,0
2012-08-16,2012-10-25,OPTSTK,HINDZINC,80.0,PE,0.0,0.0,0.0,0.05,0.0,0,0.0,0
2012-08-16,2012-10-25,OPTSTK,HINDZINC,90.0,PE,0.0,0.0,0.0,0.4,0.05,0,0.0,0
2012-08-16,2012-10-25,OPTSTK,HINDZINC,100.0,PE,0.0,0.0,0.0,1.55,0.4,0,0.0,0
2012-08-16,2012-10-25,OPTSTK,HINDZINC,110.0,PE,0.0,0.0,0.0,4.35,1.6,0,0.0,0
2012-08-16,2012-10-25,OPTSTK,HINDZINC,120.0,PE,0.0,0.0,0.0,9.1,4.65,0,0.0,0
2012-08-16,2012-10-25,OPTSTK,HINDZINC,130.0,PE,0.0,0.0,0.0,15.85,10.0,0,0.0,0
2012-08-16,2012-10-25,OPTSTK,HINDZINC,140.0,PE,0.0,0.0,0.0,23.95,17.3,0,0.0,0
2012-08-16,2012-10-25,OPTSTK,HINDZINC,150.0,PE,0.0,0.0,0.0,32.9,25.95,0,0.0,0
2012-08-16,2012-10-25,OPTSTK,HINDZINC,160.0,PE,0.0,0.0,0.0,42.3,35.3,0,0.0,0
2012-08-16,2012-10-25,OPTSTK,HINDZINC,170.0,PE,0.0,0.0,0.0,51.95,45.0,0,0.0,0
2012-08-16,2012-10-25,OPTSTK,HINDZINC,180.0,PE,0.0,0.0,0.0,61.65,54.75,0,0.0,0
2012-08-16,2012-10-25,OPTSTK,HINDZINC,190.0,PE,0.0,0.0,0.0,71.4,64.55,0,0.0,0
2012-08-16,2012-10-25,OPTSTK,HINDZINC,200.0,PE,0.0,0.0,0.0,81.2,74.4,0,0.0,0
2012-08-16,2012-08-30,OPTSTK,IBREALEST,25.0,CE,0.0,0.0,0.0,28.85,27.15,0,0.0,0
2012-08-16,2012-08-30,OPTSTK,IBREALEST,30.0,CE,0.0,0.0,0.0,24.0,22.15,0,0.0,0
2012-08-16,2012-08-30,OPTSTK,IBREALEST,35.0,CE,0.0,0.0,0.0,19.35,17.2,0,0.0,0
2012-08-16,2012-08-30,OPTSTK,IBREALEST,40.0,CE,0.0,0.0,0.0,15.0,12.2,0,0.0,0
2012-08-16,2012-08-30,OPTSTK,IBREALEST,45.0,CE,0.0,0.0,0.0,8.0,7.35,0,0.0,4000
2012-08-16,2012-08-30,OPTSTK,IBREALEST,50.0,CE,4.05,4.05,2.6,3.25,3.25,129,274.87,360000
2012-08-16,2012-08-30,OPTSTK,IBREALEST,55.0,CE,1.15,1.3,0.6,0.85,0.85,176,393.35,900000
2012-08-16,2012-08-30,OPTSTK,IBREALEST,60.0,CE,0.3,0.3,0.15,0.15,0.15,63,151.71,664000
2012-08-16,2012-08-30,OPTSTK,IBREALEST,65.0,CE,0.1,0.1,0.1,0.1,0.1,1,2.6,176000
2012-08-16,2012-08-30,OPTSTK,IBREALEST,70.0,CE,0.0,0.0,0.0,0.15,0.0,0,0.0,80000
2012-08-16,2012-08-30,OPTSTK,IBREALEST,75.0,CE,0.0,0.0,0.0,0.7,0.0,0,0.0,4000
2012-08-16,2012-08-30,OPTSTK,IBREALEST,80.0,CE,0.0,0.0,0.0,0.7,0.0,0,0.0,0
2012-08-16,2012-08-30,OPTSTK,IBREALEST,85.0,CE,0.0,0.0,0.0,0.45,0.0,0,0.0,0
2012-08-16,2012-08-30,OPTSTK,IBREALEST,90.0,CE,0.0,0.0,0.0,0.3,0.0,0,0.0,0
2012-08-16,2012-08-30,OPTSTK,IBREALEST,95.0,CE,0.0,0.0,0.0,0.2,0.0,0,0.0,0
2012-08-16,2012-08-30,OPTSTK,IBREALEST,100.0,CE,0.0,0.0,0.0,0.1,0.0,0,0.0,0
2012-08-16,2012-08-30,OPTSTK,IBREALEST,105.0,CE,0.0,0.0,0.0,0.1,0.0,0,0.0,0
2012-08-16,2012-08-30,OPTSTK,IBREALEST,25.0,PE,0.0,0.0,0.0,0.05,0.0,0,0.0,0
2012-08-16,2012-08-30,OPTSTK,IBREALEST,30.0,PE,0.0,0.0,0.0,0.1,0.0,0,0.0,0
2012-08-16,2012-08-30,OPTSTK,IBREALEST,35.0,PE,0.0,0.0,0.0,0.1,0.0,0,0.0,4000
2012-08-16,2012-08-30,OPTSTK,IBREALEST,40.0,PE,0.0,0.0,0.0,0.25,0.0,0,0.0,4000
2012-08-16,2012-08-30,OPTSTK,IBREALEST,45.0,PE,0.25,0.3,0.2,0.25,0.25,11,19.91,96000
2012-08-16,2012-08-30,OPTSTK,IBREALEST,50.0,PE,0.8,1.4,0.8,0.85,0.85,77,157.41,392000
2012-08-16,2012-08-30,OPTSTK,IBREALEST,55.0,PE,3.2,4.15,3.2,3.55,3.55,21,49.28,236000
2012-08-16,2012-08-30,OPTSTK,IBREALEST,60.0,PE,0.0,0.0,0.0,7.2,7.95,0,0.0,16000
2012-08-16,2012-08-30,OPTSTK,IBREALEST,65.0,PE,0.0,0.0,0.0,11.55,12.75,0,0.0,8000
2012-08-16,2012-08-30,OPTSTK,IBREALEST,70.0,PE,0.0,0.0,0.0,16.8,17.75,0,0.0,0
2012-08-16,2012-08-30,OPTSTK,IBREALEST,75.0,PE,0.0,0.0,0.0,21.05,22.7,0,0.0,0
2012-08-16,2012-08-30,OPTSTK,IBREALEST,80.0,PE,0.0,0.0,0.0,25.55,27.7,0,0.0,0
2012-08-16,2012-08-30,OPTSTK,IBREALEST,85.0,PE,0.0,0.0,0.0,30.2,32.7,0,0.0,0
2012-08-16,2012-08-30,OPTSTK,IBREALEST,90.0,PE,0.0,0.0,0.0,34.9,37.65,0,0.0,0
2012-08-16,2012-08-30,OPTSTK,IBREALEST,95.0,PE,0.0,0.0,0.0,39.7,42.65,0,0.0,0
2012-08-16,2012-08-30,OPTSTK,IBREALEST,100.0,PE,0.0,0.0,0.0,44.5,47.65,0,0.0,0
2012-08-16,2012-08-30,OPTSTK,IBREALEST,105.0,PE,0.0,0.0,0.0,49.35,52.6,0,0.0,0
2012-08-16,2012-09-27,OPTSTK,IBREALEST,25.0,CE,0.0,0.0,0.0,33.25,27.35,0,0.0,0
2012-08-16,2012-09-27,OPTSTK,IBREALEST,30.0,CE,0.0,0.0,0.0,28.4,22.4,0,0.0,0
2012-08-16,2012-09-27,OPTSTK,IBREALEST,35.0,CE,0.0,0.0,0.0,23.6,17.45,0,0.0,0
2012-08-16,2012-09-27,OPTSTK,IBREALEST,40.0,CE,0.0,0.0,0.0,19.0,12.65,0,0.0,0
2012-08-16,2012-09-27,OPTSTK,IBREALEST,45.0,CE,0.0,0.0,0.0,14.8,8.25,0,0.0,0
2012-08-16,2012-09-27,OPTSTK,IBREALEST,50.0,CE,0.0,0.0,0.0,11.1,4.8,0,0.0,0
2012-08-16,2012-09-27,OPTSTK,IBREALEST,55.0,CE,2.6,2.65,2.35,2.6,2.6,12,27.61,32000
2012-08-16,2012-09-27,OPTSTK,IBREALEST,60.0,CE,1.25,1.3,1.2,1.25,1.25,4,9.8,8000
2012-08-16,2012-09-27,OPTSTK,IBREALEST,65.0,CE,0.0,0.0,0.0,3.95,0.45,0,0.0,0
2012-08-16,2012-09-27,OPTSTK,IBREALEST,70.0,CE,0.0,0.0,0.0,2.65,0.2,0,0.0,0
2012-08-16,2012-09-27,OPTSTK,IBREALEST,75.0,CE,0.0,0.0,0.0,1.75,0.1,0,0.0,0
2012-08-16,2012-09-27,OPTSTK,IBREALEST,80.0,CE,0.0,0.0,0.0,1.15,0.05,0,0.0,0
2012-08-16,2012-09-27,OPTSTK,IBREALEST,85.0,CE,0.0,0.0,0.0,0.75,0.05,0,0.0,0
2012-08-16,2012-09-27,OPTSTK,IBREALEST,90.0,CE,0.0,0.0,0.0,0.45,0.0,0,0.0,0
2012-08-16,2012-09-27,OPTSTK,IBREALEST,95.0,CE,0.0,0.0,0.0,0.3,0.0,0,0.0,0
2012-08-16,2012-09-27,OPTSTK,IBREALEST,100.0,CE,0.0,0.0,0.0,0.2,0.0,0,0.0,0
2012-08-16,2012-09-27,OPTSTK,IBREALEST,105.0,CE,0.0,0.0,0.0,0.15,0.0,0,0.0,0
2012-08-16,2012-09-27,OPTSTK,IBREALEST,25.0,PE,0.0,0.0,0.0,0.05,0.0,0,0.0,0
2012-08-16,2012-09-27,OPTSTK,IBREALEST,30.0,PE,0.0,0.0,0.0,0.05,0.0,0,0.0,0
2012-08-16,2012-09-27,OPTSTK,IBREALEST,35.0,PE,0.0,0.0,0.0,0.15,0.05,0,0.0,0
2012-08-16,2012-09-27,OPTSTK,IBREALEST,40.0,PE,0.0,0.0,0.0,0.4,0.15,0,0.0,0
2012-08-16,2012-09-27,OPTSTK,IBREALEST,45.0,PE,0.0,0.0,0.0,1.1,0.75,0,0.0,0
2012-08-16,2012-09-27,OPTSTK,IBREALEST,50.0,PE,0.0,0.0,0.0,2.3,2.25,0,0.0,0
2012-08-16,2012-09-27,OPTSTK,IBREALEST,55.0,PE,0.0,0.0,0.0,4.15,4.85,0,0.0,0
2012-08-16,2012-09-27,OPTSTK,IBREALEST,60.0,PE,8.4,8.4,8.4,8.4,8.4,1,2.73,4000
2012-08-16,2012-09-27,OPTSTK,IBREALEST,65.0,PE,0.0,0.0,0.0,9.75,12.75,0,0.0,0
2012-08-16,2012-09-27,OPTSTK,IBREALEST,70.0,PE,0.0,0.0,0.0,13.35,17.4,0,0.0,0
2012-08-16,2012-09-27,OPTSTK,IBREALEST,75.0,PE,0.0,0.0,0.0,17.35,22.25,0,0.0,0
2012-08-16,2012-09-27,OPTSTK,IBREALEST,80.0,PE,0.0,0.0,0.0,21.65,27.15,0,0.0,0
2012-08-16,2012-09-27,OPTSTK,IBREALEST,85.0,PE,0.0,0.0,0.0,26.1,32.1,0,0.0,0
2012-08-16,2012-09-27,OPTSTK,IBREALEST,90.0,PE,0.0,0.0,0.0,30.75,37.05,0,0.0,0
2012-08-16,2012-09-27,OPTSTK,IBREALEST,95.0,PE,0.0,0.0,0.0,35.45,42.0,0,0.0,0
2012-08-16,2012-09-27,OPTSTK,IBREALEST,100.0,PE,0.0,0.0,0.0,40.2,46.95,0,0.0,0
2012-08-16,2012-09-27,OPTSTK,IBREALEST,105.0,PE,0.0,0.0,0.0,45.05,51.9,0,0.0,0
2012-08-16,2012-10-25,OPTSTK,IBREALEST,25.0,CE,0.0,0.0,0.0,30.1,27.5,0,0.0,0
2012-08-16,2012-10-25,OPTSTK,IBREALEST,30.0,CE,0.0,0.0,0.0,25.25,22.6,0,0.0,0
2012-08-16,2012-10-25,OPTSTK,IBREALEST,35.0,CE,0.0,0.0,0.0,20.6,17.75,0,0.0,0
2012-08-16,2012-10-25,OPTSTK,IBREALEST,40.0,CE,0.0,0.0,0.0,16.2,13.2,0,0.0,0
2012-08-16,2012-10-25,OPTSTK,IBREALEST,45.0,CE,0.0,0.0,0.0,12.35,9.15,0,0.0,0
2012-08-16,2012-10-25,OPTSTK,IBREALEST,50.0,CE,0.0,0.0,0.0,9.1,5.95,0,0.0,0
2012-08-16,2012-10-25,OPTSTK,IBREALEST,55.0,CE,0.0,0.0,0.0,6.55,3.6,0,0.0,0
2012-08-16,2012-10-25,OPTSTK,IBREALEST,60.0,CE,0.0,0.0,0.0,4.6,2.05,0,0.0,0
2012-08-16,2012-10-25,OPTSTK,IBREALEST,65.0,CE,0.0,0.0,0.0,3.15,1.1,0,0.0,0
2012-08-16,2012-10-25,OPTSTK,IBREALEST,70.0,CE,0.0,0.0,0.0,2.1,0.6,0,0.0,0
2012-08-16,2012-10-25,OPTSTK,IBREALEST,75.0,CE,0.0,0.0,0.0,1.4,0.3,0,0.0,0
2012-08-16,2012-10-25,OPTSTK,IBREALEST,80.0,CE,0.0,0.0,0.0,0.95,0.15,0,0.0,0
2012-08-16,2012-10-25,OPTSTK,IBREALEST,85.0,CE,0.0,0.0,0.0,0.6,0.1,0,0.0,0
2012-08-16,2012-10-25,OPTSTK,IBREALEST,90.0,CE,0.0,0.0,0.0,0.4,0.05,0,0.0,0
2012-08-16,2012-10-25,OPTSTK,IBREALEST,95.0,CE,0.0,0.0,0.0,0.25,0.05,0,0.0,0
2012-08-16,2012-10-25,OPTSTK,IBREALEST,100.0,CE,0.0,0.0,0.0,0.2,0.05,0,0.0,0
2012-08-16,2012-10-25,OPTSTK,IBREALEST,105.0,CE,0.0,0.0,0.0,0.1,0.0,0,0.0,0
2012-08-16,2012-10-25,OPTSTK,IBREALEST,25.0,PE,0.0,0.0,0.0,0.05,0.0,0,0.0,0
2012-08-16,2012-10-25,OPTSTK,IBREALEST,30.0,PE,0.0,0.0,0.0,0.1,0.05,0,0.0,0
2012-08-16,2012-10-25,OPTSTK,IBREALEST,35.0,PE,0.0,0.0,0.0,0.3,0.1,0,0.0,0
2012-08-16,2012-10-25,OPTSTK,IBREALEST,40.0,PE,0.0,0.0,0.0,0.8,0.45,0,0.0,0
2012-08-16,2012-10-25,OPTSTK,IBREALEST,45.0,PE,0.0,0.0,0.0,1.85,1.35,0,0.0,0
2012-08-16,2012-10-25,OPTSTK,IBREALEST,50.0,PE,0.0,0.0,0.0,3.5,3.0,0,0.0,0
2012-08-16,2012-10-25,OPTSTK,IBREALEST,55.0,PE,0.0,0.0,0.0,5.8,5.6,0,0.0,0
2012-08-16,2012-10-25,OPTSTK,IBREALEST,60.0,PE,0.0,0.0,0.0,8.7,9.0,0,0.0,0
2012-08-16,2012-10-25,OPTSTK,IBREALEST,65.0,PE,0.0,0.0,0.0,12.15,12.95,0,0.0,0
2012-08-16,2012-10-25,OPTSTK,IBREALEST,70.0,PE,0.0,0.0,0.0,16.05,17.35,0,0.0,0
2012-08-16,2012-10-25,OPTSTK,IBREALEST,75.0,PE,0.0,0.0,0.0,20.2,21.95,0,0.0,0
2012-08-16,2012-10-25,OPTSTK,IBREALEST,80.0,PE,0.0,0.0,0.0,24.6,26.75,0,0.0,0
2012-08-16,2012-10-25,OPTSTK,IBREALEST,85.0,PE,0.0,0.0,0.0,29.2,31.6,0,0.0,0
2012-08-16,2012-10-25,OPTSTK,IBREALEST,90.0,PE,0.0,0.0,0.0,33.85,36.45,0,0.0,0
2012-08-16,2012-10-25,OPTSTK,IBREALEST,95.0,PE,0.0,0.0,0.0,38.6,41.35,0,0.0,0
2012-08-16,2012-10-25,OPTSTK,IBREALEST,100.0,PE,0.0,0.0,0.0,43.4,46.25,0,0.0,0
2012-08-16,2012-10-25,OPTSTK,IBREALEST,105.0,PE,0.0,0.0,0.0,48.25,51.15,0,0.0,0
2012-08-16,2012-08-30,OPTSTK,ICICIBANK,540.0,CE,0.0,0.0,0.0,256.85,418.25,0,0.0,0
2012-08-16,2012-08-30,OPTSTK,ICICIBANK,560.0,CE,0.0,0.0,0.0,237.8,398.3,0,0.0,0
2012-08-16,2012-08-30,OPTSTK,ICICIBANK,580.0,CE,0.0,0.0,0.0,218.95,378.35,0,0.0,0
2012-08-16,2012-08-30,OPTSTK,ICICIBANK,600.0,CE,0.0,0.0,0.0,200.5,358.45,0,0.0,0
2012-08-16,2012-08-30,OPTSTK,ICICIBANK,620.0,CE,0.0,0.0,0.0,182.45,338.5,0,0.0,0
2012-08-16,2012-08-30,OPTSTK,ICICIBANK,640.0,CE,0.0,0.0,0.0,165.0,318.55,0,0.0,0
2012-08-16,2012-08-30,OPTSTK,ICICIBANK,660.0,CE,0.0,0.0,0.0,148.25,298.65,0,0.0,0
2012-08-16,2012-08-30,OPTSTK,ICICIBANK,680.0,CE,0.0,0.0,0.0,132.3,278.7,0,0.0,0
2012-08-16,2012-08-30,OPTSTK,ICICIBANK,700.0,CE,0.0,0.0,0.0,117.2,258.75,0,0.0,0
2012-08-16,2012-08-30,OPTSTK,ICICIBANK,720.0,CE,0.0,0.0,0.0,103.1,238.85,0,0.0,0
2012-08-16,2012-08-30,OPTSTK,ICICIBANK,740.0,CE,0.0,0.0,0.0,90.05,218.9,0,0.0,0
2012-08-16,2012-08-30,OPTSTK,ICICIBANK,760.0,CE,0.0,0.0,0.0,151.15,198.95,0,0.0,3250
2012-08-16,2012-08-30,OPTSTK,ICICIBANK,780.0,CE,0.0,0.0,0.0,67.25,179.05,0,0.0,0
2012-08-16,2012-08-30,OPTSTK,ICICIBANK,800.0,CE,0.0,0.0,0.0,90.0,159.1,0,0.0,6250
2012-08-16,2012-08-30,OPTSTK,ICICIBANK,820.0,CE,0.0,0.0,0.0,110.0,139.25,0,0.0,1000
2012-08-16,2012-08-30,OPTSTK,ICICIBANK,840.0,CE,0.0,0.0,0.0,75.0,119.45,0,0.0,1000
2012-08-16,2012-08-30,OPTSTK,ICICIBANK,860.0,CE,0.0,0.0,0.0,63.35,99.95,0,0.0,1000
2012-08-16,2012-08-30,OPTSTK,ICICIBANK,880.0,CE,0.0,0.0,0.0,84.8,81.1,0,0.0,3500
2012-08-16,2012-08-30,OPTSTK,ICICIBANK,900.0,CE,74.0,76.25,62.0,63.0,63.0,39,94.76,51500
2012-08-16,2012-08-30,OPTSTK,ICICIBANK,920.0,CE,56.0,62.0,42.75,44.3,44.3,30,72.93,87250
2012-08-16,2012-08-30,OPTSTK,ICICIBANK,940.0,CE,41.65,45.4,28.5,30.4,30.4,131,319.04,169000
2012-08-16,2012-08-30,OPTSTK,ICICIBANK,960.0,CE,28.2,30.75,17.25,18.65,18.65,1085,2667.22,720500
2012-08-16,2012-08-30,OPTSTK,ICICIBANK,980.0,CE,10.8,19.0,9.45,10.25,10.25,2079,5167.08,518750
2012-08-16,2012-08-30,OPTSTK,ICICIBANK,1000.0,CE,10.6,10.6,4.7,5.1,5.1,1876,4724.67,487500
2012-08-16,2012-08-30,OPTSTK,ICICIBANK,1020.0,CE,3.65,4.85,2.0,2.3,2.3,217,555.38,251750
2012-08-16,2012-08-30,OPTSTK,ICICIBANK,1040.0,CE,1.35,2.15,0.85,0.9,0.9,465,1210.73,220750
2012-08-16,2012-08-30,OPTSTK,ICICIBANK,1060.0,CE,0.75,0.75,0.4,0.45,0.45,31,82.19,91250
2012-08-16,2012-08-30,OPTSTK,ICICIBANK,1080.0,CE,0.4,0.45,0.35,0.35,0.35,18,48.61,24250
2012-08-16,2012-08-30,OPTSTK,ICICIBANK,1100.0,CE,0.0,0.0,0.0,0.75,0.25,0,0.0,500
2012-08-16,2012-08-30,OPTSTK,ICICIBANK,1120.0,CE,0.0,0.0,0.0,2.15,0.1,0,0.0,0
2012-08-16,2012-08-30,OPTSTK,ICICIBANK,1140.0,CE,0.0,0.0,0.0,1.7,0.05,0,0.0,0
2012-08-16,2012-08-30,OPTSTK,ICICIBANK,1160.0,CE,0.0,0.0,0.0,1.3,0.05,0,0.0,0
2012-08-16,2012-08-30,OPTSTK,ICICIBANK,1180.0,CE,0.0,0.0,0.0,1.0,0.0,0,0.0,0
2012-08-16,2012-08-30,OPTSTK,ICICIBANK,540.0,PE,0.0,0.0,0.0,0.6,0.0,0,0.0,0
2012-08-16,2012-08-30,OPTSTK,ICICIBANK,560.0,PE,0.0,0.0,0.0,1.05,0.0,0,0.0,0
2012-08-16,2012-08-30,OPTSTK,ICICIBANK,580.0,PE,0.0,0.0,0.0,1.75,0.0,0,0.0,0
2012-08-16,2012-08-30,OPTSTK,ICICIBANK,600.0,PE,0.0,0.0,0.0,2.8,0.0,0,0.0,0
2012-08-16,2012-08-30,OPTSTK,ICICIBANK,620.0,PE,0.0,0.0,0.0,4.3,0.0,0,0.0,0
2012-08-16,2012-08-30,OPTSTK,ICICIBANK,640.0,PE,0.0,0.0,0.0,6.35,0.0,0,0.0,0
2012-08-16,2012-08-30,OPTSTK,ICICIBANK,660.0,PE,0.0,0.0,0.0,9.1,0.0,0,0.0,0
2012-08-16,2012-08-30,OPTSTK,ICICIBANK,680.0,PE,0.0,0.0,0.0,2.0,0.0,0,0.0,250
2012-08-16,2012-08-30,OPTSTK,ICICIBANK,700.0,PE,0.0,0.0,0.0,1.0,0.0,0,0.0,500
2012-08-16,2012-08-30,OPTSTK,ICICIBANK,720.0,PE,0.0,0.0,0.0,22.55,0.0,0,0.0,0
2012-08-16,2012-08-30,OPTSTK,ICICIBANK,740.0,PE,0.0,0.0,0.0,0.5,0.0,0,0.0,1000
2012-08-16,2012-08-30,OPTSTK,ICICIBANK,760.0,PE,0.0,0.0,0.0,8.0,0.0,0,0.0,500
2012-08-16,2012-08-30,OPTSTK,ICICIBANK,780.0,PE,0.0,0.0,0.0,0.65,0.0,0,0.0,3000
2012-08-16,2012-08-30,OPTSTK,ICICIBANK,800.0,PE,0.0,0.0,0.0,0.35,0.05,0,0.0,24750
2012-08-16,2012-08-30,OPTSTK,ICICIBANK,820.0,PE,0.0,0.0,0.0,0.35,0.1,0,0.0,33500
2012-08-16,2012-08-30,OPTSTK,ICICIBANK,840.0,PE,0.0,0.0,0.0,0.3,0.25,0,0.0,43000
2012-08-16,2012-08-30,OPTSTK,ICICIBANK,860.0,PE,0.5,0.65,0.45,0.65,0.65,10,21.51,117250
2012-08-16,2012-08-30,OPTSTK,ICICIBANK,880.0,PE,0.95,1.25,0.7,1.25,1.25,143,314.93,210250
2012-08-16,2012-08-30,OPTSTK,ICICIBANK,900.0,PE,1.8,2.7,1.5,2.55,2.55,179,403.63,539000
2012-08-16,2012-08-30,OPTSTK,ICICIBANK,920.0,PE,3.6,5.55,3.0,5.15,5.15,474,1095.1,302000
2012-08-16,2012-08-30,OPTSTK,ICICIBANK,940.0,PE,7.75,10.6,5.75,10.15,10.15,434,1029.0,405750
2012-08-16,2012-08-30,OPTSTK,ICICIBANK,960.0,PE,11.7,19.0,10.7,18.35,18.35,1187,2893.67,358750
2012-08-16,2012-08-30,OPTSTK,ICICIBANK,980.0,PE,18.8,30.9,18.8,30.0,30.0,373,936.92,95750
2012-08-16,2012-08-30,OPTSTK,ICICIBANK,1000.0,PE,33.7,44.6,32.0,43.5,43.5,69,178.46,27500
2012-08-16,2012-08-30,OPTSTK,ICICIBANK,1020.0,PE,0.0,0.0,0.0,47.0,64.8,0,0.0,11500
2012-08-16,2012-08-30,OPTSTK,ICICIBANK,1040.0,PE,0.0,0.0,0.0,237.15,82.5,0,0.0,0
2012-08-16,2012-08-30,OPTSTK,ICICIBANK,1060.0,PE,0.0,0.0,0.0,255.55,101.2,0,0.0,0
2012-08-16,2012-08-30,OPTSTK,ICICIBANK,1080.0,PE,0.0,0.0,0.0,274.2,120.55,0,0.0,0
2012-08-16,2012-08-30,OPTSTK,ICICIBANK,1100.0,PE,0.0,0.0,0.0,292.95,140.15,0,0.0,0
2012-08-16,2012-08-30,OPTSTK,ICICIBANK,1120.0,PE,0.0,0.0,0.0,311.9,159.95,0,0.0,0
2012-08-16,2012-08-30,OPTSTK,ICICIBANK,1140.0,PE,0.0,0.0,0.0,330.95,179.85,0,0.0,0
2012-08-16,2012-08-30,OPTSTK,ICICIBANK,1160.0,PE,0.0,0.0,0.0,350.1,199.75,0,0.0,0
2012-08-16,2012-08-30,OPTSTK,ICICIBANK,1180.0,PE,0.0,0.0,0.0,369.35,219.7,0,0.0,0
2012-08-16,2012-09-27,OPTSTK,ICICIBANK,540.0,CE,0.0,0.0,0.0,329.6,422.0,0,0.0,0
2012-08-16,2012-09-27,OPTSTK,ICICIBANK,560.0,CE,0.0,0.0,0.0,310.1,402.2,0,0.0,0
2012-08-16,2012-09-27,OPTSTK,ICICIBANK,580.0,CE,0.0,0.0,0.0,290.7,382.4,0,0.0,0
2012-08-16,2012-09-27,OPTSTK,ICICIBANK,600.0,CE,0.0,0.0,0.0,271.35,362.6,0,0.0,0
2012-08-16,2012-09-27,OPTSTK,ICICIBANK,620.0,CE,0.0,0.0,0.0,252.2,342.85,0,0.0,0
2012-08-16,2012-09-27,OPTSTK,ICICIBANK,640.0,CE,0.0,0.0,0.0,233.2,323.05,0,0.0,0
2012-08-16,2012-09-27,OPTSTK,ICICIBANK,660.0,CE,0.0,0.0,0.0,214.5,303.25,0,0.0,0
2012-08-16,2012-09-27,OPTSTK,ICICIBANK,680.0,CE,0.0,0.0,0.0,196.15,283.45,0,0.0,0
2012-08-16,2012-09-27,OPTSTK,ICICIBANK,700.0,CE,0.0,0.0,0.0,178.3,263.65,0,0.0,0
2012-08-16,2012-09-27,OPTSTK,ICICIBANK,720.0,CE,0.0,0.0,0.0,161.05,243.9,0,0.0,0
2012-08-16,2012-09-27,OPTSTK,ICICIBANK,740.0,CE,0.0,0.0,0.0,144.5,224.2,0,0.0,0
2012-08-16,2012-09-27,OPTSTK,ICICIBANK,760.0,CE,0.0,0.0,0.0,128.75,204.55,0,0.0,0
2012-08-16,2012-09-27,OPTSTK,ICICIBANK,780.0,CE,0.0,0.0,0.0,113.95,185.05,0,0.0,0
2012-08-16,2012-09-27,OPTSTK,ICICIBANK,800.0,CE,0.0,0.0,0.0,100.05,165.85,0,0.0,0
2012-08-16,2012-09-27,OPTSTK,ICICIBANK,820.0,CE,0.0,0.0,0.0,87.25,147.0,0,0.0,0
2012-08-16,2012-09-27,OPTSTK,ICICIBANK,840.0,CE,0.0,0.0,0.0,75.55,128.7,0,0.0,0
2012-08-16,2012-09-27,OPTSTK,ICICIBANK,860.0,CE,0.0,0.0,0.0,64.95,111.2,0,0.0,0
2012-08-16,2012-09-27,OPTSTK,ICICIBANK,880.0,CE,0.0,0.0,0.0,55.45,94.7,0,0.0,0
2012-08-16,2012-09-27,OPTSTK,ICICIBANK,900.0,CE,0.0,0.0,0.0,66.0,79.4,0,0.0,750
2012-08-16,2012-09-27,OPTSTK,ICICIBANK,920.0,CE,0.0,0.0,0.0,61.15,65.45,0,0.0,750
2012-08-16,2012-09-27,OPTSTK,ICICIBANK,940.0,CE,43.8,43.8,43.8,43.8,43.8,1,2.45,3750
2012-08-16,2012-09-27,OPTSTK,ICICIBANK,960.0,CE,39.4,40.6,39.4,40.6,40.6,4,10.0,27750
2012-08-16,2012-09-27,OPTSTK,ICICIBANK,980.0,CE,34.0,36.75,27.2,27.2,27.2,69,174.4,14000
2012-08-16,2012-09-27,OPTSTK,ICICIBANK,1000.0,CE,0.0,0.0,0.0,21.9,25.35,0,0.0,6750
2012-08-16,2012-09-27,OPTSTK,ICICIBANK,1020.0,CE,0.0,0.0,0.0,16.0,19.1,0,0.0,4750
2012-08-16,2012-09-27,OPTSTK,ICICIBANK,1040.0,CE,9.5,9.5,9.5,9.5,9.5,1,2.62,1500
2012-08-16,2012-09-27,OPTSTK,ICICIBANK,1060.0,CE,0.0,0.0,0.0,9.9,10.3,0,0.0,0
2012-08-16,2012-09-27,OPTSTK,ICICIBANK,1080.0,CE,0.0,0.0,0.0,7.5,7.35,0,0.0,0
2012-08-16,2012-09-27,OPTSTK,ICICIBANK,1100.0,CE,0.0,0.0,0.0,4.5,5.2,0,0.0,6750
2012-08-16,2012-09-27,OPTSTK,ICICIBANK,1120.0,CE,0.0,0.0,0.0,5.05,3.6,0,0.0,0
2012-08-16,2012-09-27,OPTSTK,ICICIBANK,1140.0,CE,0.0,0.0,0.0,4.0,2.45,0,0.0,0
2012-08-16,2012-09-27,OPTSTK,ICICIBANK,1160.0,CE,0.0,0.0,0.0,4.0,1.65,0,0.0,250
2012-08-16,2012-09-27,OPTSTK,ICICIBANK,1180.0,CE,0.0,0.0,0.0,2.45,1.1,0,0.0,0
2012-08-16,2012-09-27,OPTSTK,ICICIBANK,540.0,PE,0.0,0.0,0.0,0.05,0.0,0,0.0,0
2012-08-16,2012-09-27,OPTSTK,ICICIBANK,560.0,PE,0.0,0.0,0.0,0.15,0.0,0,0.0,0
2012-08-16,2012-09-27,OPTSTK,ICICIBANK,580.0,PE,0.0,0.0,0.0,0.25,0.0,0,0.0,0
2012-08-16,2012-09-27,OPTSTK,ICICIBANK,600.0,PE,0.0,0.0,0.0,0.45,0.0,0,0.0,0
2012-08-16,2012-09-27,OPTSTK,ICICIBANK,620.0,PE,0.0,0.0,0.0,0.8,0.0,0,0.0,0
2012-08-16,2012-09-27,OPTSTK,ICICIBANK,640.0,PE,0.0,0.0,0.0,1.35,0.0,0,0.0,0
2012-08-16,2012-09-27,OPTSTK,ICICIBANK,660.0,PE,0.0,0.0,0.0,2.2,0.0,0,0.0,0
2012-08-16,2012-09-27,OPTSTK,ICICIBANK,680.0,PE,0.0,0.0,0.0,3.4,0.05,0,0.0,0
2012-08-16,2012-09-27,OPTSTK,ICICIBANK,700.0,PE,0.0,0.0,0.0,5.1,0.05,0,0.0,0
2012-08-16,2012-09-27,OPTSTK,ICICIBANK,720.0,PE,0.0,0.0,0.0,7.35,0.05,0,0.0,0
2012-08-16,2012-09-27,OPTSTK,ICICIBANK,740.0,PE,0.0,0.0,0.0,10.35,0.15,0,0.0,0
2012-08-16,2012-09-27,OPTSTK,ICICIBANK,760.0,PE,0.0,0.0,0.0,14.15,0.3,0,0.0,0
2012-08-16,2012-09-27,OPTSTK,ICICIBANK,780.0,PE,0.0,0.0,0.0,18.85,0.6,0,0.0,0
2012-08-16,2012-09-27,OPTSTK,ICICIBANK,800.0,PE,0.0,0.0,0.0,24.5,1.15,0,0.0,0
2012-08-16,2012-09-27,OPTSTK,ICICIBANK,820.0,PE,0.0,0.0,0.0,31.25,2.1,0,0.0,0
2012-08-16,2012-09-27,OPTSTK,ICICIBANK,840.0,PE,0.0,0.0,0.0,39.05,3.65,0,0.0,0
2012-08-16,2012-09-27,OPTSTK,ICICIBANK,860.0,PE,0.0,0.0,0.0,48.0,5.9,0,0.0,0
2012-08-16,2012-09-27,OPTSTK,ICICIBANK,880.0,PE,0.0,0.0,0.0,11.0,9.2,0,0.0,250
2012-08-16,2012-09-27,OPTSTK,ICICIBANK,900.0,PE,10.05,10.05,10.05,10.05,10.05,1,2.27,11000
2012-08-16,2012-09-27,OPTSTK,ICICIBANK,920.0,PE,15.0,15.0,12.0,12.0,12.0,5,11.67,4750
2012-08-16,2012-09-27,OPTSTK,ICICIBANK,940.0,PE,20.55,20.7,20.55,20.65,20.65,7,16.81,4500
2012-08-16,2012-09-27,OPTSTK,ICICIBANK,960.0,PE,26.0,29.0,26.0,29.0,29.0,11,27.18,2000
2012-08-16,2012-09-27,OPTSTK,ICICIBANK,980.0,PE,36.65,40.0,33.3,40.0,40.0,13,33.01,2250
2012-08-16,2012-09-27,OPTSTK,ICICIBANK,1000.0,PE,45.0,45.0,45.0,45.0,45.0,1,2.61,750
2012-08-16,2012-09-27,OPTSTK,ICICIBANK,1020.0,PE,0.0,0.0,0.0,154.5,72.15,0,0.0,0
2012-08-16,2012-09-27,OPTSTK,ICICIBANK,1040.0,PE,0.0,0.0,0.0,171.15,87.0,0,0.0,0
2012-08-16,2012-09-27,OPTSTK,ICICIBANK,1060.0,PE,0.0,0.0,0.0,188.3,102.95,0,0.0,0
2012-08-16,2012-09-27,OPTSTK,ICICIBANK,1080.0,PE,0.0,0.0,0.0,205.85,119.8,0,0.0,0
2012-08-16,2012-09-27,OPTSTK,ICICIBANK,1100.0,PE,0.0,0.0,0.0,223.8,137.4,0,0.0,0
2012-08-16,2012-09-27,OPTSTK,ICICIBANK,1120.0,PE,0.0,0.0,0.0,242.05,155.6,0,0.0,0
2012-08-16,2012-09-27,OPTSTK,ICICIBANK,1140.0,PE,0.0,0.0,0.0,260.5,174.25,0,0.0,0
2012-08-16,2012-09-27,OPTSTK,ICICIBANK,1160.0,PE,0.0,0.0,0.0,279.2,193.25,0,0.0,0
2012-08-16,2012-09-27,OPTSTK,ICICIBANK,1180.0,PE,0.0,0.0,0.0,298.05,212.5,0,0.0,0
2012-08-16,2012-10-25,OPTSTK,ICICIBANK,540.0,CE,0.0,0.0,0.0,379.05,425.7,0,0.0,0
2012-08-16,2012-10-25,OPTSTK,ICICIBANK,560.0,CE,0.0,0.0,0.0,359.5,406.05,0,0.0,0
2012-08-16,2012-10-25,OPTSTK,ICICIBANK,580.0,CE,0.0,0.0,0.0,339.95,386.4,0,0.0,0
2012-08-16,2012-10-25,OPTSTK,ICICIBANK,600.0,CE,0.0,0.0,0.0,320.45,366.7,0,0.0,0
2012-08-16,2012-10-25,OPTSTK,ICICIBANK,620.0,CE,0.0,0.0,0.0,300.95,347.05,0,0.0,0
2012-08-16,2012-10-25,OPTSTK,ICICIBANK,640.0,CE,0.0,0.0,0.0,281.5,327.45,0,0.0,0
2012-08-16,2012-10-25,OPTSTK,ICICIBANK,660.0,CE,0.0,0.0,0.0,262.1,307.8,0,0.0,0
2012-08-16,2012-10-25,OPTSTK,ICICIBANK,680.0,CE,0.0,0.0,0.0,242.85,288.2,0,0.0,0
2012-08-16,2012-10-25,OPTSTK,ICICIBANK,700.0,CE,0.0,0.0,0.0,223.8,268.65,0,0.0,0
2012-08-16,2012-10-25,OPTSTK,ICICIBANK,720.0,CE,0.0,0.0,0.0,205.0,249.2,0,0.0,0
2012-08-16,2012-10-25,OPTSTK,ICICIBANK,740.0,CE,0.0,0.0,0.0,186.6,229.9,0,0.0,0
2012-08-16,2012-10-25,OPTSTK,ICICIBANK,760.0,CE,0.0,0.0,0.0,168.65,210.8,0,0.0,0
2012-08-16,2012-10-25,OPTSTK,ICICIBANK,780.0,CE,0.0,0.0,0.0,151.35,192.05,0,0.0,0
2012-08-16,2012-10-25,OPTSTK,ICICIBANK,800.0,CE,0.0,0.0,0.0,134.75,173.7,0,0.0,0
2012-08-16,2012-10-25,OPTSTK,ICICIBANK,820.0,CE,0.0,0.0,0.0,119.0,155.85,0,0.0,0
2012-08-16,2012-10-25,OPTSTK,ICICIBANK,840.0,CE,0.0,0.0,0.0,104.25,138.75,0,0.0,0
2012-08-16,2012-10-25,OPTSTK,ICICIBANK,860.0,CE,0.0,0.0,0.0,90.45,122.45,0,0.0,0
2012-08-16,2012-10-25,OPTSTK,ICICIBANK,880.0,CE,0.0,0.0,0.0,77.85,107.05,0,0.0,0
2012-08-16,2012-10-25,OPTSTK,ICICIBANK,900.0,CE,0.0,0.0,0.0,66.45,92.7,0,0.0,0
2012-08-16,2012-10-25,OPTSTK,ICICIBANK,920.0,CE,0.0,0.0,0.0,56.2,79.55,0,0.0,0
2012-08-16,2012-10-25,OPTSTK,ICICIBANK,940.0,CE,0.0,0.0,0.0,47.1,67.6,0,0.0,0
2012-08-16,2012-10-25,OPTSTK,ICICIBANK,960.0,CE,0.0,0.0,0.0,39.15,56.85,0,0.0,0
2012-08-16,2012-10-25,OPTSTK,ICICIBANK,980.0,CE,0.0,0.0,0.0,32.25,47.35,0,0.0,0
2012-08-16,2012-10-25,OPTSTK,ICICIBANK,1000.0,CE,0.0,0.0,0.0,26.35,39.05,0,0.0,0
2012-08-16,2012-10-25,OPTSTK,ICICIBANK,1020.0,CE,0.0,0.0,0.0,21.4,31.9,0,0.0,0
2012-08-16,2012-10-25,OPTSTK,ICICIBANK,1040.0,CE,0.0,0.0,0.0,17.2,25.8,0,0.0,0
2012-08-16,2012-10-25,OPTSTK,ICICIBANK,1060.0,CE,0.0,0.0,0.0,13.7,20.7,0,0.0,0
2012-08-16,2012-10-25,OPTSTK,ICICIBANK,1080.0,CE,0.0,0.0,0.0,10.85,16.4,0,0.0,0
2012-08-16,2012-10-25,OPTSTK,ICICIBANK,1100.0,CE,0.0,0.0,0.0,8.55,12.9,0,0.0,0
2012-08-16,2012-10-25,OPTSTK,ICICIBANK,1120.0,CE,0.0,0.0,0.0,6.65,10.05,0,0.0,0
2012-08-16,2012-10-25,OPTSTK,ICICIBANK,1140.0,CE,0.0,0.0,0.0,5.15,7.8,0,0.0,0
2012-08-16,2012-10-25,OPTSTK,ICICIBANK,1160.0,CE,0.0,0.0,0.0,4.0,5.95,0,0.0,0
2012-08-16,2012-10-25,OPTSTK,ICICIBANK,1180.0,CE,0.0,0.0,0.0,3.05,4.55,0,0.0,0
2012-08-16,2012-10-25,OPTSTK,ICICIBANK,540.0,PE,0.0,0.0,0.0,0.05,0.0,0,0.0,0
2012-08-16,2012-10-25,OPTSTK,ICICIBANK,560.0,PE,0.0,0.0,0.0,0.05,0.0,0,0.0,0
2012-08-16,2012-10-25,OPTSTK,ICICIBANK,580.0,PE,0.0,0.0,0.0,0.05,0.0,0,0.0,0
2012-08-16,2012-10-25,OPTSTK,ICICIBANK,600.0,PE,0.0,0.0,0.0,0.05,0.0,0,0.0,0
2012-08-16,2012-10-25,OPTSTK,ICICIBANK,620.0,PE,0.0,0.0,0.0,0.1,0.05,0,0.0,0
2012-08-16,2012-10-25,OPTSTK,ICICIBANK,640.0,PE,0.0,0.0,0.0,0.2,0.05,0,0.0,0
2012-08-16,2012-10-25,OPTSTK,ICICIBANK,660.0,PE,0.0,0.0,0.0,0.4,0.05,0,0.0,0
2012-08-16,2012-10-25,OPTSTK,ICICIBANK,680.0,PE,0.0,0.0,0.0,0.65,0.15,0,0.0,0
2012-08-16,2012-10-25,OPTSTK,ICICIBANK,700.0,PE,0.0,0.0,0.0,1.15,0.25,0,0.0,0
2012-08-16,2012-10-25,OPTSTK,ICICIBANK,720.0,PE,0.0,0.0,0.0,1.9,0.45,0,0.0,0
2012-08-16,2012-10-25,OPTSTK,ICICIBANK,740.0,PE,0.0,0.0,0.0,3.05,0.8,0,0.0,0
2012-08-16,2012-10-25,OPTSTK,ICICIBANK,760.0,PE,0.0,0.0,0.0,4.65,1.35,0,0.0,0
2012-08-16,2012-10-25,OPTSTK,ICICIBANK,780.0,PE,0.0,0.0,0.0,6.85,2.25,0,0.0,0
2012-08-16,2012-10-25,OPTSTK,ICICIBANK,800.0,PE,0.0,0.0,0.0,9.8,3.55,0,0.0,0
2012-08-16,2012-10-25,OPTSTK,ICICIBANK,820.0,PE,0.0,0.0,0.0,13.6,5.4,0,0.0,0
2012-08-16,2012-10-25,OPTSTK,ICICIBANK,840.0,PE,0.0,0.0,0.0,18.4,7.9,0,0.0,0
2012-08-16,2012-10-25,OPTSTK,ICICIBANK,860.0,PE,0.0,0.0,0.0,24.2,11.25,0,0.0,0
2012-08-16,2012-10-25,OPTSTK,ICICIBANK,880.0,PE,0.0,0.0,0.0,31.15,15.55,0,0.0,0
2012-08-16,2012-10-25,OPTSTK,ICICIBANK,900.0,PE,0.0,0.0,0.0,39.25,20.85,0,0.0,0
2012-08-16,2012-10-25,OPTSTK,ICICIBANK,920.0,PE,0.0,0.0,0.0,48.55,27.35,0,0.0,0
2012-08-16,2012-10-25,OPTSTK,ICICIBANK,940.0,PE,0.0,0.0,0.0,59.0,35.05,0,0.0,0
2012-08-16,2012-10-25,OPTSTK,ICICIBANK,960.0,PE,0.0,0.0,0.0,70.6,43.95,0,0.0,0
2012-08-16,2012-10-25,OPTSTK,ICICIBANK,980.0,PE,0.0,0.0,0.0,83.25,54.1,0,0.0,0
2012-08-16,2012-10-25,OPTSTK,ICICIBANK,1000.0,PE,0.0,0.0,0.0,96.9,65.45,0,0.0,0
2012-08-16,2012-10-25,OPTSTK,ICICIBANK,1020.0,PE,0.0,0.0,0.0,111.5,77.95,0,0.0,0
2012-08-16,2012-10-25,OPTSTK,ICICIBANK,1040.0,PE,0.0,0.0,0.0,126.85,91.5,0,0.0,0
2012-08-16,2012-10-25,OPTSTK,ICICIBANK,1060.0,PE,0.0,0.0,0.0,142.9,106.1,0,0.0,0
2012-08-16,2012-10-25,OPTSTK,ICICIBANK,1080.0,PE,0.0,0.0,0.0,159.6,121.45,0,0.0,0
2012-08-16,2012-10-25,OPTSTK,ICICIBANK,1100.0,PE,0.0,0.0,0.0,176.8,137.6,0,0.0,0
2012-08-16,2012-10-25,OPTSTK,ICICIBANK,1120.0,PE,0.0,0.0,0.0,194.5,154.45,0,0.0,0
2012-08-16,2012-10-25,OPTSTK,ICICIBANK,1140.0,PE,0.0,0.0,0.0,212.55,171.8,0,0.0,0
2012-08-16,2012-10-25,OPTSTK,ICICIBANK,1160.0,PE,0.0,0.0,0.0,230.9,189.65,0,0.0,0
2012-08-16,2012-10-25,OPTSTK,ICICIBANK,1180.0,PE,0.0,0.0,0.0,249.5,207.9,0,0.0,0
2012-08-16,2012-08-30,OPTSTK,IDBI,50.0,CE,0.0,0.0,0.0,36.2,37.3,0,0.0,0
2012-08-16,2012-08-30,OPTSTK,IDBI,55.0,CE,0.0,0.0,0.0,31.35,32.3,0,0.0,0
2012-08-16,2012-08-30,OPTSTK,IDBI,60.0,CE,0.0,0.0,0.0,26.6,27.3,0,0.0,0
2012-08-16,2012-08-30,OPTSTK,IDBI,65.0,CE,0.0,0.0,0.0,22.0,22.35,0,0.0,0
2012-08-16,2012-08-30,OPTSTK,IDBI,70.0,CE,0.0,0.0,0.0,17.75,17.35,0,0.0,0
2012-08-16,2012-08-30,OPTSTK,IDBI,75.0,CE,0.0,0.0,0.0,13.9,12.4,0,0.0,0
2012-08-16,2012-08-30,OPTSTK,IDBI,80.0,CE,0.0,0.0,0.0,6.5,7.55,0,0.0,16000
2012-08-16,2012-08-30,OPTSTK,IDBI,85.0,CE,3.2,4.1,3.0,3.6,3.6,42,74.52,136000
2012-08-16,2012-08-30,OPTSTK,IDBI,90.0,CE,1.15,1.45,1.05,1.2,1.2,187,341.41,844000
2012-08-16,2012-08-30,OPTSTK,IDBI,95.0,CE,0.35,0.45,0.3,0.4,0.4,72,137.36,490000
2012-08-16,2012-08-30,OPTSTK,IDBI,100.0,CE,0.1,0.15,0.1,0.15,0.15,6,12.01,252000
2012-08-16,2012-08-30,OPTSTK,IDBI,105.0,CE,0.0,0.0,0.0,0.1,0.0,0,0.0,26000
2012-08-16,2012-08-30,OPTSTK,IDBI,110.0,CE,0.0,0.0,0.0,0.1,0.0,0,0.0,24000
2012-08-16,2012-08-30,OPTSTK,IDBI,115.0,CE,0.0,0.0,0.0,0.75,0.0,0,0.0,0
2012-08-16,2012-08-30,OPTSTK,IDBI,120.0,CE,0.0,0.0,0.0,0.5,0.0,0,0.0,0
2012-08-16,2012-08-30,OPTSTK,IDBI,125.0,CE,0.0,0.0,0.0,0.3,0.0,0,0.0,0
2012-08-16,2012-08-30,OPTSTK,IDBI,130.0,CE,0.0,0.0,0.0,0.2,0.0,0,0.0,0
2012-08-16,2012-08-30,OPTSTK,IDBI,135.0,CE,0.0,0.0,0.0,0.15,0.0,0,0.0,0
2012-08-16,2012-08-30,OPTSTK,IDBI,50.0,PE,0.0,0.0,0.0,0.05,0.0,0,0.0,0
2012-08-16,2012-08-30,OPTSTK,IDBI,55.0,PE,0.0,0.0,0.0,0.05,0.0,0,0.0,0
2012-08-16,2012-08-30,OPTSTK,IDBI,60.0,PE,0.0,0.0,0.0,0.2,0.0,0,0.0,0
2012-08-16,2012-08-30,OPTSTK,IDBI,65.0,PE,0.0,0.0,0.0,0.5,0.0,0,0.0,0
2012-08-16,2012-08-30,OPTSTK,IDBI,70.0,PE,0.0,0.0,0.0,1.1,0.0,0,0.0,0
2012-08-16,2012-08-30,OPTSTK,IDBI,75.0,PE,0.0,0.0,0.0,0.2,0.05,0,0.0,4000
2012-08-16,2012-08-30,OPTSTK,IDBI,80.0,PE,0.35,0.35,0.25,0.3,0.3,10,16.05,134000
2012-08-16,2012-08-30,OPTSTK,IDBI,85.0,PE,1.0,1.25,0.9,1.25,1.25,20,34.44,118000
2012-08-16,2012-08-30,OPTSTK,IDBI,90.0,PE,4.0,4.0,3.6,3.6,3.6,2,3.75,70000
2012-08-16,2012-08-30,OPTSTK,IDBI,95.0,PE,0.0,0.0,0.0,7.65,7.8,0,0.0,12000
2012-08-16,2012-08-30,OPTSTK,IDBI,100.0,PE,0.0,0.0,0.0,11.6,12.6,0,0.0,22000
2012-08-16,2012-08-30,OPTSTK,IDBI,105.0,PE,0.0,0.0,0.0,10.4,17.55,0,0.0,4000
2012-08-16,2012-08-30,OPTSTK,IDBI,110.0,PE,0.0,0.0,0.0,22.15,22.55,0,0.0,22000
2012-08-16,2012-08-30,OPTSTK,IDBI,115.0,PE,0.0,0.0,0.0,28.05,27.55,0,0.0,0
2012-08-16,2012-08-30,OPTSTK,IDBI,120.0,PE,0.0,0.0,0.0,32.65,32.5,0,0.0,0
2012-08-16,2012-08-30,OPTSTK,IDBI,125.0,PE,0.0,0.0,0.0,37.35,37.5,0,0.0,0
2012-08-16,2012-08-30,OPTSTK,IDBI,130.0,PE,0.0,0.0,0.0,42.1,42.5,0,0.0,0
2012-08-16,2012-08-30,OPTSTK,IDBI,135.0,PE,0.0,0.0,0.0,46.95,47.45,0,0.0,0
2012-08-16,2012-09-27,OPTSTK,IDBI,50.0,CE,0.0,0.0,0.0,41.95,37.65,0,0.0,0
2012-08-16,2012-09-27,OPTSTK,IDBI,55.0,CE,0.0,0.0,0.0,37.05,32.7,0,0.0,0
2012-08-16,2012-09-27,OPTSTK,IDBI,60.0,CE,0.0,0.0,0.0,32.2,27.75,0,0.0,0
2012-08-16,2012-09-27,OPTSTK,IDBI,65.0,CE,0.0,0.0,0.0,27.45,22.8,0,0.0,0
2012-08-16,2012-09-27,OPTSTK,IDBI,70.0,CE,0.0,0.0,0.0,22.9,17.9,0,0.0,0
2012-08-16,2012-09-27,OPTSTK,IDBI,75.0,CE,0.0,0.0,0.0,18.6,13.1,0,0.0,0
2012-08-16,2012-09-27,OPTSTK,IDBI,80.0,CE,0.0,0.0,0.0,14.65,8.75,0,0.0,0
2012-08-16,2012-09-27,OPTSTK,IDBI,85.0,CE,0.0,0.0,0.0,11.25,5.2,0,0.0,0
2012-08-16,2012-09-27,OPTSTK,IDBI,90.0,CE,2.8,3.35,2.8,3.0,3.0,5,9.29,32000
2012-08-16,2012-09-27,OPTSTK,IDBI,95.0,CE,1.75,1.75,1.75,1.75,1.75,2,3.87,4000
2012-08-16,2012-09-27,OPTSTK,IDBI,100.0,CE,0.0,0.0,0.0,4.3,0.5,0,0.0,0
2012-08-16,2012-09-27,OPTSTK,IDBI,105.0,CE,0.0,0.0,0.0,3.0,0.2,0,0.0,0
2012-08-16,2012-09-27,OPTSTK,IDBI,110.0,CE,0.0,0.0,0.0,2.0,0.05,0,0.0,0
2012-08-16,2012-09-27,OPTSTK,IDBI,115.0,CE,0.0,0.0,0.0,1.35,0.05,0,0.0,0
2012-08-16,2012-09-27,OPTSTK,IDBI,120.0,CE,0.0,0.0,0.0,0.9,0.0,0,0.0,0
2012-08-16,2012-09-27,OPTSTK,IDBI,125.0,CE,0.0,0.0,0.0,0.55,0.0,0,0.0,0
2012-08-16,2012-09-27,OPTSTK,IDBI,130.0,CE,0.0,0.0,0.0,0.35,0.0,0,0.0,0
2012-08-16,2012-09-27,OPTSTK,IDBI,135.0,CE,0.0,0.0,0.0,0.25,0.0,0,0.0,0
2012-08-16,2012-09-27,OPTSTK,IDBI,50.0,PE,0.0,0.0,0.0,0.05,0.0,0,0.0,0
2012-08-16,2012-09-27,OPTSTK,IDBI,55.0,PE,0.0,0.0,0.0,0.05,0.0,0,0.0,0
2012-08-16,2012-09-27,OPTSTK,IDBI,60.0,PE,0.0,0.0,0.0,0.1,0.0,0,0.0,0
2012-08-16,2012-09-27,OPTSTK,IDBI,65.0,PE,0.0,0.0,0.0,0.2,0.0,0,0.0,0
2012-08-16,2012-09-27,OPTSTK,IDBI,70.0,PE,0.0,0.0,0.0,0.5,0.05,0,0.0,0
2012-08-16,2012-09-27,OPTSTK,IDBI,75.0,PE,0.0,0.0,0.0,1.1,0.2,0,0.0,0
2012-08-16,2012-09-27,OPTSTK,IDBI,80.0,PE,0.0,0.0,0.0,2.05,0.8,0,0.0,0
2012-08-16,2012-09-27,OPTSTK,IDBI,85.0,PE,0.0,0.0,0.0,3.55,2.2,0,0.0,0
2012-08-16,2012-09-27,OPTSTK,IDBI,90.0,PE,0.0,0.0,0.0,5.55,4.65,0,0.0,0
2012-08-16,2012-09-27,OPTSTK,IDBI,95.0,PE,0.0,0.0,0.0,8.15,8.15,0,0.0,0
2012-08-16,2012-09-27,OPTSTK,IDBI,100.0,PE,0.0,0.0,0.0,11.25,12.35,0,0.0,0
2012-08-16,2012-09-27,OPTSTK,IDBI,105.0,PE,0.0,0.0,0.0,14.8,17.0,0,0.0,0
2012-08-16,2012-09-27,OPTSTK,IDBI,110.0,PE,0.0,0.0,0.0,18.7,21.85,0,0.0,0
2012-08-16,2012-09-27,OPTSTK,IDBI,115.0,PE,0.0,0.0,0.0,22.9,26.75,0,0.0,0
2012-08-16,2012-09-27,OPTSTK,IDBI,120.0,PE,0.0,0.0,0.0,27.35,31.7,0,0.0,0
2012-08-16,2012-09-27,OPTSTK,IDBI,125.0,PE,0.0,0.0,0.0,31.9,36.65,0,0.0,0
2012-08-16,2012-09-27,OPTSTK,IDBI,130.0,PE,0.0,0.0,0.0,36.6,41.6,0,0.0,0
2012-08-16,2012-09-27,OPTSTK,IDBI,135.0,PE,0.0,0.0,0.0,41.35,46.5,0,0.0,0
2012-08-16,2012-10-25,OPTSTK,IDBI,50.0,CE,0.0,0.0,0.0,37.75,38.0,0,0.0,0
2012-08-16,2012-10-25,OPTSTK,IDBI,55.0,CE,0.0,0.0,0.0,32.9,33.05,0,0.0,0
2012-08-16,2012-10-25,OPTSTK,IDBI,60.0,CE,0.0,0.0,0.0,28.0,28.15,0,0.0,0
2012-08-16,2012-10-25,OPTSTK,IDBI,65.0,CE,0.0,0.0,0.0,23.25,23.25,0,0.0,0
2012-08-16,2012-10-25,OPTSTK,IDBI,70.0,CE,0.0,0.0,0.0,18.7,18.45,0,0.0,0
2012-08-16,2012-10-25,OPTSTK,IDBI,75.0,CE,0.0,0.0,0.0,14.45,13.9,0,0.0,0
2012-08-16,2012-10-25,OPTSTK,IDBI,80.0,CE,0.0,0.0,0.0,10.75,9.85,0,0.0,0
2012-08-16,2012-10-25,OPTSTK,IDBI,85.0,CE,0.0,0.0,0.0,7.65,6.5,0,0.0,0
2012-08-16,2012-10-25,OPTSTK,IDBI,90.0,CE,0.0,0.0,0.0,5.2,3.95,0,0.0,0
2012-08-16,2012-10-25,OPTSTK,IDBI,95.0,CE,0.0,0.0,0.0,3.4,2.25,0,0.0,0
2012-08-16,2012-10-25,OPTSTK,IDBI,100.0,CE,0.0,0.0,0.0,2.15,1.2,0,0.0,0
2012-08-16,2012-10-25,OPTSTK,IDBI,105.0,CE,0.0,0.0,0.0,1.3,0.6,0,0.0,0
2012-08-16,2012-10-25,OPTSTK,IDBI,110.0,CE,0.0,0.0,0.0,0.8,0.3,0,0.0,0
2012-08-16,2012-10-25,OPTSTK,IDBI,115.0,CE,0.0,0.0,0.0,0.45,0.15,0,0.0,0
2012-08-16,2012-10-25,OPTSTK,IDBI,120.0,CE,0.0,0.0,0.0,0.25,0.05,0,0.0,0
2012-08-16,2012-10-25,OPTSTK,IDBI,125.0,CE,0.0,0.0,0.0,0.15,0.05,0,0.0,0
2012-08-16,2012-10-25,OPTSTK,IDBI,130.0,CE,0.0,0.0,0.0,0.1,0.05,0,0.0,0
2012-08-16,2012-10-25,OPTSTK,IDBI,135.0,CE,0.0,0.0,0.0,0.05,0.0,0,0.0,0
2012-08-16,2012-10-25,OPTSTK,IDBI,50.0,PE,0.0,0.0,0.0,0.05,0.0,0,0.0,0
2012-08-16,2012-10-25,OPTSTK,IDBI,55.0,PE,0.0,0.0,0.0,0.05,0.0,0,0.0,0
2012-08-16,2012-10-25,OPTSTK,IDBI,60.0,PE,0.0,0.0,0.0,0.05,0.0,0,0.0,0
2012-08-16,2012-10-25,OPTSTK,IDBI,65.0,PE,0.0,0.0,0.0,0.2,0.05,0,0.0,0
2012-08-16,2012-10-25,OPTSTK,IDBI,70.0,PE,0.0,0.0,0.0,0.5,0.15,0,0.0,0
2012-08-16,2012-10-25,OPTSTK,IDBI,75.0,PE,0.0,0.0,0.0,1.15,0.55,0,0.0,0
2012-08-16,2012-10-25,OPTSTK,IDBI,80.0,PE,0.0,0.0,0.0,2.3,1.35,0,0.0,0
2012-08-16,2012-10-25,OPTSTK,IDBI,85.0,PE,0.0,0.0,0.0,4.1,2.9,0,0.0,0
2012-08-16,2012-10-25,OPTSTK,IDBI,90.0,PE,0.0,0.0,0.0,6.55,5.3,0,0.0,0
2012-08-16,2012-10-25,OPTSTK,IDBI,95.0,PE,0.0,0.0,0.0,9.65,8.5,0,0.0,0
2012-08-16,2012-10-25,OPTSTK,IDBI,100.0,PE,0.0,0.0,0.0,13.3,12.35,0,0.0,0
2012-08-16,2012-10-25,OPTSTK,IDBI,105.0,PE,0.0,0.0,0.0,17.35,16.7,0,0.0,0
2012-08-16,2012-10-25,OPTSTK,IDBI,110.0,PE,0.0,0.0,0.0,21.7,21.3,0,0.0,0
2012-08-16,2012-10-25,OPTSTK,IDBI,115.0,PE,0.0,0.0,0.0,26.25,26.05,0,0.0,0
2012-08-16,2012-10-25,OPTSTK,IDBI,120.0,PE,0.0,0.0,0.0,30.95,30.9,0,0.0,0
2012-08-16,2012-10-25,OPTSTK,IDBI,125.0,PE,0.0,0.0,0.0,35.7,35.8,0,0.0,0
2012-08-16,2012-10-25,OPTSTK,IDBI,130.0,PE,0.0,0.0,0.0,40.55,40.7,0,0.0,0
2012-08-16,2012-10-25,OPTSTK,IDBI,135.0,PE,0.0,0.0,0.0,45.4,45.6,0,0.0,0
2012-08-16,2012-08-30,OPTSTK,IDEA,45.0,CE,0.0,0.0,0.0,32.15,30.0,0,0.0,0
2012-08-16,2012-08-30,OPTSTK,IDEA,50.0,CE,0.0,0.0,0.0,27.4,25.05,0,0.0,0
2012-08-16,2012-08-30,OPTSTK,IDEA,55.0,CE,0.0,0.0,0.0,22.8,20.05,0,0.0,0
2012-08-16,2012-08-30,OPTSTK,IDEA,60.0,CE,0.0,0.0,0.0,18.5,15.1,0,0.0,0
2012-08-16,2012-08-30,OPTSTK,IDEA,65.0,CE,0.0,0.0,0.0,14.6,10.2,0,0.0,0
2012-08-16,2012-08-30,OPTSTK,IDEA,70.0,CE,5.3,5.3,5.3,5.3,5.3,1,3.01,16000
2012-08-16,2012-08-30,OPTSTK,IDEA,75.0,CE,2.1,2.5,1.65,2.05,2.05,18,55.45,184000
2012-08-16,2012-08-30,OPTSTK,IDEA,80.0,CE,0.6,0.65,0.4,0.5,0.5,54,173.85,524000
2012-08-16,2012-08-30,OPTSTK,IDEA,85.0,CE,0.2,0.2,0.1,0.15,0.15,22,74.93,368000
2012-08-16,2012-08-30,OPTSTK,IDEA,90.0,CE,0.0,0.0,0.0,0.1,0.05,0,0.0,236000
2012-08-16,2012-08-30,OPTSTK,IDEA,95.0,CE,0.0,0.0,0.0,2.15,0.0,0,0.0,0
2012-08-16,2012-08-30,OPTSTK,IDEA,100.0,CE,0.0,0.0,0.0,1.45,0.0,0,0.0,0
2012-08-16,2012-08-30,OPTSTK,IDEA,105.0,CE,0.0,0.0,0.0,1.0,0.0,0,0.0,0
2012-08-16,2012-08-30,OPTSTK,IDEA,110.0,CE,0.0,0.0,0.0,0.65,0.0,0,0.0,0
2012-08-16,2012-08-30,OPTSTK,IDEA,115.0,CE,0.0,0.0,0.0,0.45,0.0,0,0.0,0
2012-08-16,2012-08-30,OPTSTK,IDEA,120.0,CE,0.0,0.0,0.0,0.3,0.0,0,0.0,0
2012-08-16,2012-08-30,OPTSTK,IDEA,125.0,CE,0.0,0.0,0.0,0.2,0.0,0,0.0,0
2012-08-16,2012-08-30,OPTSTK,IDEA,45.0,PE,0.0,0.0,0.0,0.05,0.0,0,0.0,0
2012-08-16,2012-08-30,OPTSTK,IDEA,50.0,PE,0.0,0.0,0.0,0.2,0.0,0,0.0,0
2012-08-16,2012-08-30,OPTSTK,IDEA,55.0,PE,0.0,0.0,0.0,0.45,0.0,0,0.0,0
2012-08-16,2012-08-30,OPTSTK,IDEA,60.0,PE,0.0,0.0,0.0,1.05,0.05,0,0.0,0
2012-08-16,2012-08-30,OPTSTK,IDEA,65.0,PE,0.0,0.0,0.0,0.5,0.1,0,0.0,4000
2012-08-16,2012-08-30,OPTSTK,IDEA,70.0,PE,0.45,0.5,0.25,0.5,0.5,3,8.44,128000
2012-08-16,2012-08-30,OPTSTK,IDEA,75.0,PE,1.4,1.9,1.4,1.9,1.9,6,18.4,152000
2012-08-16,2012-08-30,OPTSTK,IDEA,80.0,PE,5.4,5.55,4.75,4.75,4.75,6,20.48,44000
2012-08-16,2012-08-30,OPTSTK,IDEA,85.0,PE,10.3,10.3,10.3,10.3,10.3,1,3.81,20000
2012-08-16,2012-08-30,OPTSTK,IDEA,90.0,PE,0.0,0.0,0.0,9.25,14.9,0,0.0,8000
2012-08-16,2012-08-30,OPTSTK,IDEA,95.0,PE,0.0,0.0,0.0,18.85,19.85,0,0.0,0
2012-08-16,2012-08-30,OPTSTK,IDEA,100.0,PE,0.0,0.0,0.0,23.05,24.85,0,0.0,0
2012-08-16,2012-08-30,OPTSTK,IDEA,105.0,PE,0.0,0.0,0.0,27.45,29.8,0,0.0,0
2012-08-16,2012-08-30,OPTSTK,IDEA,110.0,PE,0.0,0.0,0.0,32.0,34.8,0,0.0,0
2012-08-16,2012-08-30,OPTSTK,IDEA,115.0,PE,0.0,0.0,0.0,36.65,39.8,0,0.0,0
2012-08-16,2012-08-30,OPTSTK,IDEA,120.0,PE,0.0,0.0,0.0,41.4,44.75,0,0.0,0
2012-08-16,2012-08-30,OPTSTK,IDEA,125.0,PE,0.0,0.0,0.0,46.2,49.75,0,0.0,0
2012-08-16,2012-09-27,OPTSTK,IDEA,45.0,CE,0.0,0.0,0.0,30.6,30.35,0,0.0,0
2012-08-16,2012-09-27,OPTSTK,IDEA,50.0,CE,0.0,0.0,0.0,25.75,25.4,0,0.0,0
2012-08-16,2012-09-27,OPTSTK,IDEA,55.0,CE,0.0,0.0,0.0,20.95,20.5,0,0.0,0
2012-08-16,2012-09-27,OPTSTK,IDEA,60.0,CE,0.0,0.0,0.0,16.3,15.7,0,0.0,0
2012-08-16,2012-09-27,OPTSTK,IDEA,65.0,CE,0.0,0.0,0.0,12.0,11.3,0,0.0,0
2012-08-16,2012-09-27,OPTSTK,IDEA,70.0,CE,0.0,0.0,0.0,8.35,7.5,0,0.0,0
2012-08-16,2012-09-27,OPTSTK,IDEA,75.0,CE,0.0,0.0,0.0,5.45,4.6,0,0.0,0
2012-08-16,2012-09-27,OPTSTK,IDEA,80.0,CE,0.0,0.0,0.0,2.2,2.6,0,0.0,20000
2012-08-16,2012-09-27,OPTSTK,IDEA,85.0,CE,0.0,0.0,0.0,1.9,1.35,0,0.0,0
2012-08-16,2012-09-27,OPTSTK,IDEA,90.0,CE,0.0,0.0,0.0,0.5,0.65,0,0.0,0
2012-08-16,2012-09-27,OPTSTK,IDEA,95.0,CE,0.0,0.0,0.0,0.55,0.3,0,0.0,0
2012-08-16,2012-09-27,OPTSTK,IDEA,100.0,CE,0.0,0.0,0.0,0.3,0.15,0,0.0,0
2012-08-16,2012-09-27,OPTSTK,IDEA,105.0,CE,0.0,0.0,0.0,0.15,0.05,0,0.0,0
2012-08-16,2012-09-27,OPTSTK,IDEA,110.0,CE,0.0,0.0,0.0,0.1,0.05,0,0.0,0
2012-08-16,2012-09-27,OPTSTK,IDEA,115.0,CE,0.0,0.0,0.0,0.05,0.05,0,0.0,0
2012-08-16,2012-09-27,OPTSTK,IDEA,120.0,CE,0.0,0.0,0.0,0.05,0.0,0,0.0,0
2012-08-16,2012-09-27,OPTSTK,IDEA,125.0,CE,0.0,0.0,0.0,0.05,0.0,0,0.0,0
2012-08-16,2012-09-27,OPTSTK,IDEA,45.0,PE,0.0,0.0,0.0,0.05,0.0,0,0.0,0
2012-08-16,2012-09-27,OPTSTK,IDEA,50.0,PE,0.0,0.0,0.0,0.05,0.05,0,0.0,0
2012-08-16,2012-09-27,OPTSTK,IDEA,55.0,PE,0.0,0.0,0.0,0.1,0.05,0,0.0,0
2012-08-16,2012-09-27,OPTSTK,IDEA,60.0,PE,0.0,0.0,0.0,0.35,0.25,0,0.0,0
2012-08-16,2012-09-27,OPTSTK,IDEA,65.0,PE,0.0,0.0,0.0,0.95,0.75,0,0.0,0
2012-08-16,2012-09-27,OPTSTK,IDEA,70.0,PE,0.0,0.0,0.0,2.45,1.95,0,0.0,4000
2012-08-16,2012-09-27,OPTSTK,IDEA,75.0,PE,0.0,0.0,0.0,4.15,4.0,0,0.0,0
2012-08-16,2012-09-27,OPTSTK,IDEA,80.0,PE,0.0,0.0,0.0,6.9,6.9,0,0.0,0
2012-08-16,2012-09-27,OPTSTK,IDEA,85.0,PE,0.0,0.0,0.0,10.4,10.65,0,0.0,0
2012-08-16,2012-09-27,OPTSTK,IDEA,90.0,PE,0.0,0.0,0.0,14.4,14.9,0,0.0,0
2012-08-16,2012-09-27,OPTSTK,IDEA,95.0,PE,0.0,0.0,0.0,18.8,19.5,0,0.0,0
2012-08-16,2012-09-27,OPTSTK,IDEA,100.0,PE,0.0,0.0,0.0,23.4,24.25,0,0.0,0
2012-08-16,2012-09-27,OPTSTK,IDEA,105.0,PE,0.0,0.0,0.0,28.15,29.15,0,0.0,0
2012-08-16,2012-09-27,OPTSTK,IDEA,110.0,PE,0.0,0.0,0.0,32.95,34.05,0,0.0,0
2012-08-16,2012-09-27,OPTSTK,IDEA,115.0,PE,0.0,0.0,0.0,37.8,39.0,0,0.0,0
2012-08-16,2012-09-27,OPTSTK,IDEA,120.0,PE,0.0,0.0,0.0,42.7,43.95,0,0.0,0
2012-08-16,2012-09-27,OPTSTK,IDEA,125.0,PE,0.0,0.0,0.0,47.55,48.9,0,0.0,0
2012-08-16,2012-10-25,OPTSTK,IDEA,45.0,CE,0.0,0.0,0.0,35.1,30.65,0,0.0,0
2012-08-16,2012-10-25,OPTSTK,IDEA,50.0,CE,0.0,0.0,0.0,30.25,25.75,0,0.0,0
2012-08-16,2012-10-25,OPTSTK,IDEA,55.0,CE,0.0,0.0,0.0,25.4,21.0,0,0.0,0
2012-08-16,2012-10-25,OPTSTK,IDEA,60.0,CE,0.0,0.0,0.0,20.75,16.5,0,0.0,0
2012-08-16,2012-10-25,OPTSTK,IDEA,65.0,CE,0.0,0.0,0.0,16.35,12.4,0,0.0,0
2012-08-16,2012-10-25,OPTSTK,IDEA,70.0,CE,0.0,0.0,0.0,12.45,8.9,0,0.0,0
2012-08-16,2012-10-25,OPTSTK,IDEA,75.0,CE,0.0,0.0,0.0,9.1,6.1,0,0.0,0
2012-08-16,2012-10-25,OPTSTK,IDEA,80.0,CE,0.0,0.0,0.0,6.4,4.0,0,0.0,0
2012-08-16,2012-10-25,OPTSTK,IDEA,85.0,CE,0.0,0.0,0.0,4.3,2.5,0,0.0,0
2012-08-16,2012-10-25,OPTSTK,IDEA,90.0,CE,0.0,0.0,0.0,2.85,1.55,0,0.0,0
2012-08-16,2012-10-25,OPTSTK,IDEA,95.0,CE,0.0,0.0,0.0,1.8,0.9,0,0.0,0
2012-08-16,2012-10-25,OPTSTK,IDEA,100.0,CE,0.0,0.0,0.0,1.1,0.5,0,0.0,0
2012-08-16,2012-10-25,OPTSTK,IDEA,105.0,CE,0.0,0.0,0.0,0.65,0.3,0,0.0,0
2012-08-16,2012-10-25,OPTSTK,IDEA,110.0,CE,0.0,0.0,0.0,0.4,0.15,0,0.0,0
2012-08-16,2012-10-25,OPTSTK,IDEA,115.0,CE,0.0,0.0,0.0,0.25,0.1,0,0.0,0
2012-08-16,2012-10-25,OPTSTK,IDEA,120.0,CE,0.0,0.0,0.0,0.15,0.05,0,0.0,0
2012-08-16,2012-10-25,OPTSTK,IDEA,125.0,CE,0.0,0.0,0.0,0.1,0.05,0,0.0,0
2012-08-16,2012-10-25,OPTSTK,IDEA,45.0,PE,0.0,0.0,0.0,0.05,0.05,0,0.0,0
2012-08-16,2012-10-25,OPTSTK,IDEA,50.0,PE,0.0,0.0,0.0,0.05,0.05,0,0.0,0
2012-08-16,2012-10-25,OPTSTK,IDEA,55.0,PE,0.0,0.0,0.0,0.1,0.2,0,0.0,0
2012-08-16,2012-10-25,OPTSTK,IDEA,60.0,PE,0.0,0.0,0.0,0.35,0.6,0,0.0,0
2012-08-16,2012-10-25,OPTSTK,IDEA,65.0,PE,0.0,0.0,0.0,0.85,1.4,0,0.0,0
2012-08-16,2012-10-25,OPTSTK,IDEA,70.0,PE,0.0,0.0,0.0,1.8,2.85,0,0.0,0
2012-08-16,2012-10-25,OPTSTK,IDEA,75.0,PE,0.0,0.0,0.0,3.35,4.95,0,0.0,0
2012-08-16,2012-10-25,OPTSTK,IDEA,80.0,PE,0.0,0.0,0.0,5.5,7.75,0,0.0,0
2012-08-16,2012-10-25,OPTSTK,IDEA,85.0,PE,0.0,0.0,0.0,8.35,11.2,0,0.0,0
2012-08-16,2012-10-25,OPTSTK,IDEA,90.0,PE,0.0,0.0,0.0,11.75,15.15,0,0.0,0
2012-08-16,2012-10-25,OPTSTK,IDEA,95.0,PE,0.0,0.0,0.0,15.6,19.4,0,0.0,0
2012-08-16,2012-10-25,OPTSTK,IDEA,100.0,PE,0.0,0.0,0.0,19.8,23.95,0,0.0,0
2012-08-16,2012-10-25,OPTSTK,IDEA,105.0,PE,0.0,0.0,0.0,24.25,28.65,0,0.0,0
2012-08-16,2012-10-25,OPTSTK,IDEA,110.0,PE,0.0,0.0,0.0,28.85,33.45,0,0.0,0
2012-08-16,2012-10-25,OPTSTK,IDEA,115.0,PE,0.0,0.0,0.0,33.6,38.25,0,0.0,0
2012-08-16,2012-10-25,OPTSTK,IDEA,120.0,PE,0.0,0.0,0.0,38.35,43.15,0,0.0,0
2012-08-16,2012-10-25,OPTSTK,IDEA,125.0,PE,0.0,0.0,0.0,43.2,48.05,0,0.0,0
2012-08-16,2012-08-30,OPTSTK,IDFC,50.0,CE,0.0,0.0,0.0,76.55,92.5,0,0.0,0
2012-08-16,2012-08-30,OPTSTK,IDFC,60.0,CE,0.0,0.0,0.0,66.8,82.5,0,0.0,0
2012-08-16,2012-08-30,OPTSTK,IDFC,70.0,CE,0.0,0.0,0.0,57.1,72.55,0,0.0,0
2012-08-16,2012-08-30,OPTSTK,IDFC,80.0,CE,0.0,0.0,0.0,47.5,62.6,0,0.0,0
2012-08-16,2012-08-30,OPTSTK,IDFC,90.0,CE,0.0,0.0,0.0,38.25,52.6,0,0.0,0
2012-08-16,2012-08-30,OPTSTK,IDFC,100.0,CE,0.0,0.0,0.0,29.7,42.65,0,0.0,0
2012-08-16,2012-08-30,OPTSTK,IDFC,110.0,CE,0.0,0.0,0.0,19.2,32.7,0,0.0,22000
2012-08-16,2012-08-30,OPTSTK,IDFC,120.0,CE,20.7,20.7,20.7,20.7,20.7,1,2.81,118000
2012-08-16,2012-08-30,OPTSTK,IDFC,130.0,CE,9.9,13.25,9.7,12.3,12.3,144,408.3,752000
2012-08-16,2012-08-30,OPTSTK,IDFC,140.0,CE,3.65,5.3,3.0,4.75,4.75,1579,4559.83,1154000
2012-08-16,2012-08-30,OPTSTK,IDFC,150.0,CE,0.85,1.35,0.7,1.05,1.05,1104,3336.0,1018000
2012-08-16,2012-08-30,OPTSTK,IDFC,160.0,CE,0.05,0.3,0.05,0.3,0.3,56,179.5,96000
2012-08-16,2012-08-30,OPTSTK,IDFC,170.0,CE,0.0,0.0,0.0,0.15,0.1,0,0.0,4000
2012-08-16,2012-08-30,OPTSTK,IDFC,180.0,CE,0.0,0.0,0.0,1.2,0.05,0,0.0,0
2012-08-16,2012-08-30,OPTSTK,IDFC,190.0,CE,0.0,0.0,0.0,0.75,0.0,0,0.0,0
2012-08-16,2012-08-30,OPTSTK,IDFC,200.0,CE,0.0,0.0,0.0,0.45,0.0,0,0.0,0
2012-08-16,2012-08-30,OPTSTK,IDFC,50.0,PE,0.0,0.0,0.0,0.05,0.0,0,0.0,0
2012-08-16,2012-08-30,OPTSTK,IDFC,60.0,PE,0.0,0.0,0.0,0.05,0.0,0,0.0,0
2012-08-16,2012-08-30,OPTSTK,IDFC,70.0,PE,0.0,0.0,0.0,0.05,0.0,0,0.0,0
2012-08-16,2012-08-30,OPTSTK,IDFC,80.0,PE,0.0,0.0,0.0,0.2,0.0,0,0.0,0
2012-08-16,2012-08-30,OPTSTK,IDFC,90.0,PE,0.0,0.0,0.0,0.75,0.0,0,0.0,0
2012-08-16,2012-08-30,OPTSTK,IDFC,100.0,PE,0.0,0.0,0.0,1.95,0.0,0,0.0,0
2012-08-16,2012-08-30,OPTSTK,IDFC,110.0,PE,0.0,0.0,0.0,0.1,0.0,0,0.0,52000
2012-08-16,2012-08-30,OPTSTK,IDFC,120.0,PE,0.2,0.2,0.1,0.15,0.15,79,189.82,1034000
2012-08-16,2012-08-30,OPTSTK,IDFC,130.0,PE,0.6,0.7,0.3,0.35,0.35,720,1877.45,2614000
2012-08-16,2012-08-30,OPTSTK,IDFC,140.0,PE,3.5,3.7,2.05,2.35,2.35,691,1970.09,512000
2012-08-16,2012-08-30,OPTSTK,IDFC,150.0,PE,9.05,9.75,8.1,8.7,8.7,27,85.72,32000
2012-08-16,2012-08-30,OPTSTK,IDFC,160.0,PE,19.15,19.15,19.15,19.15,19.15,1,3.58,2000
2012-08-16,2012-08-30,OPTSTK,IDFC,170.0,PE,0.0,0.0,0.0,42.5,27.25,0,0.0,0
2012-08-16,2012-08-30,OPTSTK,IDFC,180.0,PE,0.0,0.0,0.0,51.55,37.15,0,0.0,0
2012-08-16,2012-08-30,OPTSTK,IDFC,190.0,PE,0.0,0.0,0.0,60.8,47.1,0,0.0,0
2012-08-16,2012-08-30,OPTSTK,IDFC,200.0,PE,0.0,0.0,0.0,70.3,57.05,0,0.0,0
2012-08-16,2012-09-27,OPTSTK,IDFC,50.0,CE,0.0,0.0,0.0,83.6,92.85,0,0.0,0
2012-08-16,2012-09-27,OPTSTK,IDFC,60.0,CE,0.0,0.0,0.0,73.8,82.95,0,0.0,0
2012-08-16,2012-09-27,OPTSTK,IDFC,70.0,CE,0.0,0.0,0.0,64.05,73.05,0,0.0,0
2012-08-16,2012-09-27,OPTSTK,IDFC,80.0,CE,0.0,0.0,0.0,54.35,63.15,0,0.0,0
2012-08-16,2012-09-27,OPTSTK,IDFC,90.0,CE,0.0,0.0,0.0,44.75,53.25,0,0.0,0
2012-08-16,2012-09-27,OPTSTK,IDFC,100.0,CE,0.0,0.0,0.0,35.6,43.4,0,0.0,0
2012-08-16,2012-09-27,OPTSTK,IDFC,110.0,CE,0.0,0.0,0.0,27.25,33.7,0,0.0,0
2012-08-16,2012-09-27,OPTSTK,IDFC,120.0,CE,0.0,0.0,0.0,19.05,24.5,0,0.0,0
2012-08-16,2012-09-27,OPTSTK,IDFC,130.0,CE,13.0,15.0,13.0,15.0,15.0,10,28.83,8000
2012-08-16,2012-09-27,OPTSTK,IDFC,140.0,CE,6.3,8.2,6.3,8.0,8.0,18,53.13,26000
2012-08-16,2012-09-27,OPTSTK,IDFC,150.0,CE,2.8,3.75,2.6,3.65,3.65,43,131.79,84000
2012-08-16,2012-09-27,OPTSTK,IDFC,160.0,CE,1.5,1.5,1.5,1.5,1.5,1,3.23,2000
2012-08-16,2012-09-27,OPTSTK,IDFC,170.0,CE,0.0,0.0,0.0,2.45,1.35,0,0.0,0
2012-08-16,2012-09-27,OPTSTK,IDFC,180.0,CE,0.0,0.0,0.0,1.45,0.6,0,0.0,0
2012-08-16,2012-09-27,OPTSTK,IDFC,190.0,CE,0.0,0.0,0.0,0.85,0.25,0,0.0,0
2012-08-16,2012-09-27,OPTSTK,IDFC,200.0,CE,0.0,0.0,0.0,0.5,0.1,0,0.0,0
2012-08-16,2012-09-27,OPTSTK,IDFC,50.0,PE,0.0,0.0,0.0,0.05,0.0,0,0.0,0
2012-08-16,2012-09-27,OPTSTK,IDFC,60.0,PE,0.0,0.0,0.0,0.05,0.0,0,0.0,0
2012-08-16,2012-09-27,OPTSTK,IDFC,70.0,PE,0.0,0.0,0.0,0.05,0.0,0,0.0,0
2012-08-16,2012-09-27,OPTSTK,IDFC,80.0,PE,0.0,0.0,0.0,0.05,0.0,0,0.0,0
2012-08-16,2012-09-27,OPTSTK,IDFC,90.0,PE,0.0,0.0,0.0,0.3,0.0,0,0.0,0
2012-08-16,2012-09-27,OPTSTK,IDFC,100.0,PE,0.0,0.0,0.0,0.9,0.05,0,0.0,0
2012-08-16,2012-09-27,OPTSTK,IDFC,110.0,PE,0.0,0.0,0.0,2.3,0.25,0,0.0,0
2012-08-16,2012-09-27,OPTSTK,IDFC,120.0,PE,0.5,0.6,0.5,0.5,0.5,9,21.69,46000
2012-08-16,2012-09-27,OPTSTK,IDFC,130.0,PE,1.45,1.65,1.45,1.6,1.6,8,21.05,16000
2012-08-16,2012-09-27,OPTSTK,IDFC,140.0,PE,5.0,5.15,4.5,4.5,4.5,30,86.83,50000
2012-08-16,2012-09-27,OPTSTK,IDFC,150.0,PE,0.0,0.0,0.0,20.35,11.8,0,0.0,0
2012-08-16,2012-09-27,OPTSTK,IDFC,160.0,PE,0.0,0.0,0.0,27.85,18.95,0,0.0,0
2012-08-16,2012-09-27,OPTSTK,IDFC,170.0,PE,0.0,0.0,0.0,36.1,27.3,0,0.0,0
2012-08-16,2012-09-27,OPTSTK,IDFC,180.0,PE,0.0,0.0,0.0,44.9,36.45,0,0.0,0
2012-08-16,2012-09-27,OPTSTK,IDFC,190.0,PE,0.0,0.0,0.0,54.05,46.0,0,0.0,0
2012-08-16,2012-09-27,OPTSTK,IDFC,200.0,PE,0.0,0.0,0.0,63.45,55.75,0,0.0,0
2012-08-16,2012-10-25,OPTSTK,IDFC,50.0,CE,0.0,0.0,0.0,78.85,93.2,0,0.0,0
2012-08-16,2012-10-25,OPTSTK,IDFC,60.0,CE,0.0,0.0,0.0,69.1,83.35,0,0.0,0
2012-08-16,2012-10-25,OPTSTK,IDFC,70.0,CE,0.0,0.0,0.0,59.3,73.5,0,0.0,0
2012-08-16,2012-10-25,OPTSTK,IDFC,80.0,CE,0.0,0.0,0.0,49.55,63.7,0,0.0,0
2012-08-16,2012-10-25,OPTSTK,IDFC,90.0,CE,0.0,0.0,0.0,39.9,53.9,0,0.0,0
2012-08-16,2012-10-25,OPTSTK,IDFC,100.0,CE,0.0,0.0,0.0,30.65,44.25,0,0.0,0
2012-08-16,2012-10-25,OPTSTK,IDFC,110.0,CE,0.0,0.0,0.0,22.2,34.9,0,0.0,0
2012-08-16,2012-10-25,OPTSTK,IDFC,120.0,CE,0.0,0.0,0.0,15.05,26.35,0,0.0,0
2012-08-16,2012-10-25,OPTSTK,IDFC,130.0,CE,0.0,0.0,0.0,9.6,18.9,0,0.0,0
2012-08-16,2012-10-25,OPTSTK,IDFC,140.0,CE,0.0,0.0,0.0,5.75,12.9,0,0.0,0
2012-08-16,2012-10-25,OPTSTK,IDFC,150.0,CE,0.0,0.0,0.0,3.25,8.4,0,0.0,0
2012-08-16,2012-10-25,OPTSTK,IDFC,160.0,CE,0.0,0.0,0.0,1.75,5.2,0,0.0,0
2012-08-16,2012-10-25,OPTSTK,IDFC,170.0,CE,0.0,0.0,0.0,0.9,3.1,0,0.0,0
2012-08-16,2012-10-25,OPTSTK,IDFC,180.0,CE,0.0,0.0,0.0,0.45,1.8,0,0.0,0
2012-08-16,2012-10-25,OPTSTK,IDFC,190.0,CE,0.0,0.0,0.0,0.2,1.0,0,0.0,0
2012-08-16,2012-10-25,OPTSTK,IDFC,200.0,CE,0.0,0.0,0.0,0.1,0.55,0,0.0,0
2012-08-16,2012-10-25,OPTSTK,IDFC,50.0,PE,0.0,0.0,0.0,0.05,0.0,0,0.0,0
2012-08-16,2012-10-25,OPTSTK,IDFC,60.0,PE,0.0,0.0,0.0,0.05,0.0,0,0.0,0
2012-08-16,2012-10-25,OPTSTK,IDFC,70.0,PE,0.0,0.0,0.0,0.05,0.0,0,0.0,0
2012-08-16,2012-10-25,OPTSTK,IDFC,80.0,PE,0.0,0.0,0.0,0.05,0.0,0,0.0,0
2012-08-16,2012-10-25,OPTSTK,IDFC,90.0,PE,0.0,0.0,0.0,0.15,0.05,0,0.0,0
2012-08-16,2012-10-25,OPTSTK,IDFC,100.0,PE,0.0,0.0,0.0,0.65,0.2,0,0.0,0
2012-08-16,2012-10-25,OPTSTK,IDFC,110.0,PE,0.0,0.0,0.0,2.0,0.75,0,0.0,0
2012-08-16,2012-10-25,OPTSTK,IDFC,120.0,PE,0.0,0.0,0.0,4.65,2.0,0,0.0,0
2012-08-16,2012-10-25,OPTSTK,IDFC,130.0,PE,0.0,0.0,0.0,8.95,4.4,0,0.0,0
2012-08-16,2012-10-25,OPTSTK,IDFC,140.0,PE,0.0,0.0,0.0,14.85,8.2,0,0.0,0
2012-08-16,2012-10-25,OPTSTK,IDFC,150.0,PE,0.0,0.0,0.0,22.15,13.5,0,0.0,0
2012-08-16,2012-10-25,OPTSTK,IDFC,160.0,PE,0.0,0.0,0.0,30.4,20.15,0,0.0,0
2012-08-16,2012-10-25,OPTSTK,IDFC,170.0,PE,0.0,0.0,0.0,39.35,27.9,0,0.0,0
2012-08-16,2012-10-25,OPTSTK,IDFC,180.0,PE,0.0,0.0,0.0,48.65,36.4,0,0.0,0
2012-08-16,2012-10-25,OPTSTK,IDFC,190.0,PE,0.0,0.0,0.0,58.2,45.45,0,0.0,0
2012-08-16,2012-10-25,OPTSTK,IDFC,200.0,PE,0.0,0.0,0.0,67.85,54.8,0,0.0,0
2012-08-16,2012-08-30,OPTSTK,IFCI,17.5,CE,0.0,0.0,0.0,17.35,18.1,0,0.0,0
2012-08-16,2012-08-30,OPTSTK,IFCI,20.0,CE,0.0,0.0,0.0,14.9,15.6,0,0.0,0
2012-08-16,2012-08-30,OPTSTK,IFCI,22.5,CE,0.0,0.0,0.0,12.55,13.1,0,0.0,0
2012-08-16,2012-08-30,OPTSTK,IFCI,25.0,CE,0.0,0.0,0.0,10.25,10.6,0,0.0,0
2012-08-16,2012-08-30,OPTSTK,IFCI,27.5,CE,0.0,0.0,0.0,8.1,8.1,0,0.0,0
2012-08-16,2012-08-30,OPTSTK,IFCI,30.0,CE,0.0,0.0,0.0,6.5,5.65,0,0.0,0
2012-08-16,2012-08-30,OPTSTK,IFCI,32.5,CE,0.0,0.0,0.0,3.6,3.35,0,0.0,24000
2012-08-16,2012-08-30,OPTSTK,IFCI,35.0,CE,1.85,1.95,1.2,1.3,1.3,160,467.52,2088000
2012-08-16,2012-08-30,OPTSTK,IFCI,37.5,CE,0.4,0.55,0.3,0.35,0.35,785,2381.9,5704000
2012-08-16,2012-08-30,OPTSTK,IFCI,40.0,CE,0.15,0.2,0.1,0.1,0.1,487,1563.39,6352000
2012-08-16,2012-08-30,OPTSTK,IFCI,42.5,CE,0.05,0.05,0.05,0.05,0.05,35,119.14,1688000
2012-08-16,2012-08-30,OPTSTK,IFCI,45.0,CE,0.0,0.0,0.0,0.05,0.0,0,0.0,992000
2012-08-16,2012-08-30,OPTSTK,IFCI,47.5,CE,0.0,0.0,0.0,0.05,0.0,0,0.0,216000
2012-08-16,2012-08-30,OPTSTK,IFCI,50.0,CE,0.05,0.05,0.05,0.05,0.05,1,4.0,64000
2012-08-16,2012-08-30,OPTSTK,IFCI,52.5,CE,0.0,0.0,0.0,0.2,0.0,0,0.0,0
2012-08-16,2012-08-30,OPTSTK,IFCI,55.0,CE,0.0,0.0,0.0,0.15,0.0,0,0.0,0
2012-08-16,2012-08-30,OPTSTK,IFCI,57.5,CE,0.0,0.0,0.0,0.1,0.0,0,0.0,0
2012-08-16,2012-08-30,OPTSTK,IFCI,60.0,CE,0.0,0.0,0.0,0.05,0.0,0,0.0,0
2012-08-16,2012-08-30,OPTSTK,IFCI,17.5,PE,0.0,0.0,0.0,0.05,0.0,0,0.0,0
2012-08-16,2012-08-30,OPTSTK,IFCI,20.0,PE,0.0,0.0,0.0,0.05,0.0,0,0.0,0
2012-08-16,2012-08-30,OPTSTK,IFCI,22.5,PE,0.0,0.0,0.0,0.1,0.0,0,0.0,0
2012-08-16,2012-08-30,OPTSTK,IFCI,25.0,PE,0.0,0.0,0.0,0.05,0.0,0,0.0,120000
2012-08-16,2012-08-30,OPTSTK,IFCI,27.5,PE,0.0,0.0,0.0,0.05,0.0,0,0.0,288000
2012-08-16,2012-08-30,OPTSTK,IFCI,30.0,PE,0.05,0.1,0.05,0.05,0.05,24,57.7,696000
2012-08-16,2012-08-30,OPTSTK,IFCI,32.5,PE,0.15,0.2,0.15,0.15,0.15,26,67.91,1016000
2012-08-16,2012-08-30,OPTSTK,IFCI,35.0,PE,0.6,0.7,0.4,0.7,0.7,228,648.37,2520000
2012-08-16,2012-08-30,OPTSTK,IFCI,37.5,PE,1.7,2.2,1.4,2.1,2.1,67,210.18,1208000
2012-08-16,2012-08-30,OPTSTK,IFCI,40.0,PE,3.85,3.85,3.85,3.85,3.85,1,3.5,144000
2012-08-16,2012-08-30,OPTSTK,IFCI,42.5,PE,0.0,0.0,0.0,5.65,6.9,0,0.0,16000
2012-08-16,2012-08-30,OPTSTK,IFCI,45.0,PE,0.0,0.0,0.0,9.0,9.35,0,0.0,16000
2012-08-16,2012-08-30,OPTSTK,IFCI,47.5,PE,0.0,0.0,0.0,7.15,11.85,0,0.0,8000
2012-08-16,2012-08-30,OPTSTK,IFCI,50.0,PE,14.6,14.6,14.6,14.6,14.6,1,5.16,48000
2012-08-16,2012-08-30,OPTSTK,IFCI,52.5,PE,0.0,0.0,0.0,17.05,16.85,0,0.0,0
2012-08-16,2012-08-30,OPTSTK,IFCI,55.0,PE,0.0,0.0,0.0,19.4,19.35,0,0.0,0
2012-08-16,2012-08-30,OPTSTK,IFCI,57.5,PE,0.0,0.0,0.0,21.8,21.85,0,0.0,0
2012-08-16,2012-08-30,OPTSTK,IFCI,60.0,PE,0.0,0.0,0.0,22.95,24.3,0,0.0,48000
2012-08-16,2012-09-27,OPTSTK,IFCI,17.5,CE,0.0,0.0,0.0,21.05,18.2,0,0.0,0
2012-08-16,2012-09-27,OPTSTK,IFCI,20.0,CE,0.0,0.0,0.0,18.6,15.75,0,0.0,0
2012-08-16,2012-09-27,OPTSTK,IFCI,22.5,CE,0.0,0.0,0.0,16.15,13.25,0,0.0,0
2012-08-16,2012-09-27,OPTSTK,IFCI,25.0,CE,0.0,0.0,0.0,13.75,10.8,0,0.0,0
2012-08-16,2012-09-27,OPTSTK,IFCI,27.5,CE,0.0,0.0,0.0,11.35,8.4,0,0.0,0
2012-08-16,2012-09-27,OPTSTK,IFCI,30.0,CE,0.0,0.0,0.0,9.1,6.1,0,0.0,0
2012-08-16,2012-09-27,OPTSTK,IFCI,32.5,CE,0.0,0.0,0.0,7.05,4.15,0,0.0,0
2012-08-16,2012-09-27,OPTSTK,IFCI,35.0,CE,2.6,2.7,2.6,2.7,2.7,3,9.04,24000
2012-08-16,2012-09-27,OPTSTK,IFCI,37.5,CE,1.55,1.55,1.15,1.2,1.2,3,9.31,16000
2012-08-16,2012-09-27,OPTSTK,IFCI,40.0,CE,0.8,0.85,0.65,0.65,0.65,6,19.56,96000
2012-08-16,2012-09-27,OPTSTK,IFCI,42.5,CE,0.3,0.3,0.3,0.3,0.3,3,10.27,24000
2012-08-16,2012-09-27,OPTSTK,IFCI,45.0,CE,0.0,0.0,0.0,1.15,0.2,0,0.0,0
2012-08-16,2012-09-27,OPTSTK,IFCI,47.5,CE,0.0,0.0,0.0,0.75,0.1,0,0.0,0
2012-08-16,2012-09-27,OPTSTK,IFCI,50.0,CE,0.0,0.0,0.0,0.45,0.05,0,0.0,0
2012-08-16,2012-09-27,OPTSTK,IFCI,52.5,CE,0.0,0.0,0.0,0.3,0.05,0,0.0,0
2012-08-16,2012-09-27,OPTSTK,IFCI,55.0,CE,0.0,0.0,0.0,0.2,0.0,0,0.0,0
2012-08-16,2012-09-27,OPTSTK,IFCI,57.5,CE,0.0,0.0,0.0,0.1,0.0,0,0.0,0
2012-08-16,2012-09-27,OPTSTK,IFCI,60.0,CE,0.0,0.0,0.0,0.05,0.0,0,0.0,0
2012-08-16,2012-09-27,OPTSTK,IFCI,17.5,PE,0.0,0.0,0.0,0.05,0.0,0,0.0,0
2012-08-16,2012-09-27,OPTSTK,IFCI,20.0,PE,0.0,0.0,0.0,0.05,0.0,0,0.0,0
2012-08-16,2012-09-27,OPTSTK,IFCI,22.5,PE,0.0,0.0,0.0,0.05,0.0,0,0.0,0
2012-08-16,2012-09-27,OPTSTK,IFCI,25.0,PE,0.0,0.0,0.0,0.05,0.05,0,0.0,0
2012-08-16,2012-09-27,OPTSTK,IFCI,27.5,PE,0.0,0.0,0.0,0.15,0.1,0,0.0,0
2012-08-16,2012-09-27,OPTSTK,IFCI,30.0,PE,0.0,0.0,0.0,0.3,0.3,0,0.0,0
2012-08-16,2012-09-27,OPTSTK,IFCI,32.5,PE,0.0,0.0,0.0,0.7,0.8,0,0.0,0
2012-08-16,2012-09-27,OPTSTK,IFCI,35.0,PE,0.0,0.0,0.0,1.35,1.7,0,0.0,0
2012-08-16,2012-09-27,OPTSTK,IFCI,37.5,PE,2.9,2.9,2.9,2.9,2.9,2,6.46,16000
2012-08-16,2012-09-27,OPTSTK,IFCI,40.0,PE,0.0,0.0,0.0,3.6,4.9,0,0.0,0
2012-08-16,2012-09-27,OPTSTK,IFCI,42.5,PE,0.0,0.0,0.0,5.2,6.95,0,0.0,0
2012-08-16,2012-09-27,OPTSTK,IFCI,45.0,PE,0.0,0.0,0.0,7.0,9.25,0,0.0,0
2012-08-16,2012-09-27,OPTSTK,IFCI,47.5,PE,0.0,0.0,0.0,9.05,11.6,0,0.0,0
2012-08-16,2012-09-27,OPTSTK,IFCI,50.0,PE,0.0,0.0,0.0,11.2,14.05,0,0.0,0
2012-08-16,2012-09-27,OPTSTK,IFCI,52.5,PE,0.0,0.0,0.0,13.45,16.5,0,0.0,0
2012-08-16,2012-09-27,OPTSTK,IFCI,55.0,PE,0.0,0.0,0.0,15.8,18.95,0,0.0,0
2012-08-16,2012-09-27,OPTSTK,IFCI,57.5,PE,0.0,0.0,0.0,18.2,21.45,0,0.0,0
2012-08-16,2012-09-27,OPTSTK,IFCI,60.0,PE,0.0,0.0,0.0,20.6,23.9,0,0.0,0
2012-08-16,2012-10-25,OPTSTK,IFCI,17.5,CE,0.0,0.0,0.0,18.05,18.3,0,0.0,0
2012-08-16,2012-10-25,OPTSTK,IFCI,20.0,CE,0.0,0.0,0.0,15.65,15.85,0,0.0,0
2012-08-16,2012-10-25,OPTSTK,IFCI,22.5,CE,0.0,0.0,0.0,13.25,13.4,0,0.0,0
2012-08-16,2012-10-25,OPTSTK,IFCI,25.0,CE,0.0,0.0,0.0,10.9,11.0,0,0.0,0
2012-08-16,2012-10-25,OPTSTK,IFCI,27.5,CE,0.0,0.0,0.0,8.75,8.7,0,0.0,0
2012-08-16,2012-10-25,OPTSTK,IFCI,30.0,CE,0.0,0.0,0.0,6.8,6.6,0,0.0,0
2012-08-16,2012-10-25,OPTSTK,IFCI,32.5,CE,0.0,0.0,0.0,5.15,4.8,0,0.0,0
2012-08-16,2012-10-25,OPTSTK,IFCI,35.0,CE,0.0,0.0,0.0,3.75,3.3,0,0.0,0
2012-08-16,2012-10-25,OPTSTK,IFCI,37.5,CE,0.0,0.0,0.0,2.7,2.2,0,0.0,0
2012-08-16,2012-10-25,OPTSTK,IFCI,40.0,CE,0.0,0.0,0.0,1.9,1.4,0,0.0,0
2012-08-16,2012-10-25,OPTSTK,IFCI,42.5,CE,0.0,0.0,0.0,1.3,0.85,0,0.0,0
2012-08-16,2012-10-25,OPTSTK,IFCI,45.0,CE,0.0,0.0,0.0,0.85,0.5,0,0.0,0
2012-08-16,2012-10-25,OPTSTK,IFCI,47.5,CE,0.0,0.0,0.0,0.6,0.3,0,0.0,0
2012-08-16,2012-10-25,OPTSTK,IFCI,50.0,CE,0.0,0.0,0.0,0.4,0.2,0,0.0,0
2012-08-16,2012-10-25,OPTSTK,IFCI,52.5,CE,0.0,0.0,0.0,0.25,0.1,0,0.0,0
2012-08-16,2012-10-25,OPTSTK,IFCI,55.0,CE,0.0,0.0,0.0,0.15,0.05,0,0.0,0
2012-08-16,2012-10-25,OPTSTK,IFCI,57.5,CE,0.0,0.0,0.0,0.1,0.05,0,0.0,0
2012-08-16,2012-10-25,OPTSTK,IFCI,60.0,CE,0.0,0.0,0.0,0.1,0.05,0,0.0,0
2012-08-16,2012-10-25,OPTSTK,IFCI,17.5,PE,0.0,0.0,0.0,0.05,0.0,0,0.0,0
2012-08-16,2012-10-25,OPTSTK,IFCI,20.0,PE,0.0,0.0,0.0,0.05,0.0,0,0.0,0
2012-08-16,2012-10-25,OPTSTK,IFCI,22.5,PE,0.0,0.0,0.0,0.1,0.05,0,0.0,0
2012-08-16,2012-10-25,OPTSTK,IFCI,25.0,PE,0.0,0.0,0.0,0.2,0.1,0,0.0,0
2012-08-16,2012-10-25,OPTSTK,IFCI,27.5,PE,0.0,0.0,0.0,0.5,0.25,0,0.0,0
2012-08-16,2012-10-25,OPTSTK,IFCI,30.0,PE,0.0,0.0,0.0,1.0,0.6,0,0.0,0
2012-08-16,2012-10-25,OPTSTK,IFCI,32.5,PE,0.0,0.0,0.0,1.75,1.2,0,0.0,0
2012-08-16,2012-10-25,OPTSTK,IFCI,35.0,PE,0.0,0.0,0.0,2.8,2.2,0,0.0,0
2012-08-16,2012-10-25,OPTSTK,IFCI,37.5,PE,0.0,0.0,0.0,4.2,3.55,0,0.0,0
2012-08-16,2012-10-25,OPTSTK,IFCI,40.0,PE,0.0,0.0,0.0,5.8,5.2,0,0.0,0
2012-08-16,2012-10-25,OPTSTK,IFCI,42.5,PE,0.0,0.0,0.0,7.65,7.1,0,0.0,0
2012-08-16,2012-10-25,OPTSTK,IFCI,45.0,PE,0.0,0.0,0.0,9.7,9.25,0,0.0,0
2012-08-16,2012-10-25,OPTSTK,IFCI,47.5,PE,0.0,0.0,0.0,11.85,11.5,0,0.0,0
2012-08-16,2012-10-25,OPTSTK,IFCI,50.0,PE,0.0,0.0,0.0,14.1,13.8,0,0.0,0
2012-08-16,2012-10-25,OPTSTK,IFCI,52.5,PE,0.0,0.0,0.0,16.4,16.2,0,0.0,0
2012-08-16,2012-10-25,OPTSTK,IFCI,55.0,PE,0.0,0.0,0.0,18.75,18.6,0,0.0,0
2012-08-16,2012-10-25,OPTSTK,IFCI,57.5,PE,0.0,0.0,0.0,21.15,21.05,0,0.0,0
2012-08-16,2012-10-25,OPTSTK,IFCI,60.0,PE,0.0,0.0,0.0,23.55,23.5,0,0.0,0
2012-08-16,2012-08-30,OPTSTK,IGL,140.0,CE,0.0,0.0,0.0,62.35,122.55,0,0.0,0
2012-08-16,2012-08-30,OPTSTK,IGL,150.0,CE,0.0,0.0,0.0,55.1,112.55,0,0.0,0
2012-08-16,2012-08-30,OPTSTK,IGL,160.0,CE,0.0,0.0,0.0,48.45,102.6,0,0.0,0
2012-08-16,2012-08-30,OPTSTK,IGL,170.0,CE,0.0,0.0,0.0,42.4,92.65,0,0.0,0
2012-08-16,2012-08-30,OPTSTK,IGL,180.0,CE,0.0,0.0,0.0,36.95,82.65,0,0.0,0
2012-08-16,2012-08-30,OPTSTK,IGL,190.0,CE,0.0,0.0,0.0,32.05,72.7,0,0.0,0
2012-08-16,2012-08-30,OPTSTK,IGL,200.0,CE,0.0,0.0,0.0,27.7,62.75,0,0.0,0
2012-08-16,2012-08-30,OPTSTK,IGL,210.0,CE,0.0,0.0,0.0,23.9,52.8,0,0.0,0
2012-08-16,2012-08-30,OPTSTK,IGL,220.0,CE,0.0,0.0,0.0,47.75,43.0,0,0.0,5000
2012-08-16,2012-08-30,OPTSTK,IGL,230.0,CE,0.0,0.0,0.0,33.5,33.55,0,0.0,23000
2012-08-16,2012-08-30,OPTSTK,IGL,240.0,CE,27.5,27.5,25.5,25.5,25.5,3,8.0,44000
2012-08-16,2012-08-30,OPTSTK,IGL,250.0,CE,22.6,22.6,19.25,19.25,19.25,11,29.85,59000
2012-08-16,2012-08-30,OPTSTK,IGL,260.0,CE,10.85,15.0,7.8,8.45,8.45,62,167.91,181000
2012-08-16,2012-08-30,OPTSTK,IGL,270.0,CE,6.0,9.4,3.8,4.15,4.15,282,779.19,209000
2012-08-16,2012-08-30,OPTSTK,IGL,280.0,CE,4.0,5.3,1.9,2.05,2.05,245,694.18,279000
2012-08-16,2012-08-30,OPTSTK,IGL,290.0,CE,1.9,2.9,1.0,1.1,1.1,32,93.33,41000
2012-08-16,2012-08-30,OPTSTK,IGL,300.0,CE,1.5,1.75,0.65,0.7,0.7,54,162.67,95000
2012-08-16,2012-08-30,OPTSTK,IGL,320.0,CE,0.0,0.0,0.0,47.2,0.15,0,0.0,0
2012-08-16,2012-08-30,OPTSTK,IGL,340.0,CE,0.0,0.0,0.0,42.55,0.05,0,0.0,0
2012-08-16,2012-08-30,OPTSTK,IGL,360.0,CE,0.0,0.0,0.0,5.15,0.0,0,0.0,0
2012-08-16,2012-08-30,OPTSTK,IGL,140.0,PE,0.0,0.0,0.0,5.65,0.0,0,0.0,0
2012-08-16,2012-08-30,OPTSTK,IGL,150.0,PE,0.0,0.0,0.0,8.15,0.0,0,0.0,0
2012-08-16,2012-08-30,OPTSTK,IGL,160.0,PE,0.0,0.0,0.0,11.25,0.0,0,0.0,0
2012-08-16,2012-08-30,OPTSTK,IGL,170.0,PE,0.0,0.0,0.0,14.95,0.0,0,0.0,0
2012-08-16,2012-08-30,OPTSTK,IGL,180.0,PE,0.0,0.0,0.0,19.25,0.0,0,0.0,0
2012-08-16,2012-08-30,OPTSTK,IGL,190.0,PE,0.0,0.0,0.0,24.1,0.0,0,0.0,0
2012-08-16,2012-08-30,OPTSTK,IGL,200.0,PE,0.0,0.0,0.0,0.35,0.05,0,0.0,21000
2012-08-16,2012-08-30,OPTSTK,IGL,210.0,PE,0.0,0.0,0.0,0.55,0.05,0,0.0,1000
2012-08-16,2012-08-30,OPTSTK,IGL,220.0,PE,0.2,0.2,0.2,0.2,0.2,1,2.2,50000
2012-08-16,2012-08-30,OPTSTK,IGL,230.0,PE,0.25,0.25,0.25,0.25,0.25,1,2.3,37000
2012-08-16,2012-08-30,OPTSTK,IGL,240.0,PE,0.4,1.0,0.4,0.95,0.95,23,55.33,67000
2012-08-16,2012-08-30,OPTSTK,IGL,250.0,PE,1.9,2.3,1.2,2.1,2.1,49,123.38,97000
2012-08-16,2012-08-30,OPTSTK,IGL,260.0,PE,3.35,5.2,2.7,4.9,4.9,97,255.87,125000
2012-08-16,2012-08-30,OPTSTK,IGL,270.0,PE,6.1,10.1,6.1,10.05,10.05,29,80.53,47000
2012-08-16,2012-08-30,OPTSTK,IGL,280.0,PE,0.0,0.0,0.0,16.0,20.6,0,0.0,2000
2012-08-16,2012-08-30,OPTSTK,IGL,290.0,PE,0.0,0.0,0.0,96.5,28.8,0,0.0,0
2012-08-16,2012-08-30,OPTSTK,IGL,300.0,PE,0.0,0.0,0.0,96.25,37.8,0,0.0,0
2012-08-16,2012-08-30,OPTSTK,IGL,320.0,PE,0.0,0.0,0.0,110.65,57.05,0,0.0,0
2012-08-16,2012-08-30,OPTSTK,IGL,340.0,PE,0.0,0.0,0.0,125.55,76.85,0,0.0,0
2012-08-16,2012-08-30,OPTSTK,IGL,360.0,PE,0.0,0.0,0.0,108.85,96.75,0,0.0,0
2012-08-16,2012-09-27,OPTSTK,IGL,140.0,CE,0.0,0.0,0.0,103.75,123.5,0,0.0,0
2012-08-16,2012-09-27,OPTSTK,IGL,150.0,CE,0.0,0.0,0.0,95.45,113.6,0,0.0,0
2012-08-16,2012-09-27,OPTSTK,IGL,160.0,CE,0.0,0.0,0.0,87.5,103.75,0,0.0,0
2012-08-16,2012-09-27,OPTSTK,IGL,170.0,CE,0.0,0.0,0.0,80.0,93.85,0,0.0,0
2012-08-16,2012-09-27,OPTSTK,IGL,180.0,CE,0.0,0.0,0.0,72.95,84.0,0,0.0,0
2012-08-16,2012-09-27,OPTSTK,IGL,190.0,CE,0.0,0.0,0.0,66.35,74.25,0,0.0,0
2012-08-16,2012-09-27,OPTSTK,IGL,200.0,CE,0.0,0.0,0.0,60.2,64.65,0,0.0,0
2012-08-16,2012-09-27,OPTSTK,IGL,210.0,CE,0.0,0.0,0.0,54.5,55.4,0,0.0,0
2012-08-16,2012-09-27,OPTSTK,IGL,220.0,CE,0.0,0.0,0.0,49.25,46.55,0,0.0,0
2012-08-16,2012-09-27,OPTSTK,IGL,230.0,CE,0.0,0.0,0.0,44.45,38.3,0,0.0,0
2012-08-16,2012-09-27,OPTSTK,IGL,240.0,CE,0.0,0.0,0.0,40.05,30.9,0,0.0,0
2012-08-16,2012-09-27,OPTSTK,IGL,250.0,CE,0.0,0.0,0.0,36.0,24.35,0,0.0,0
2012-08-16,2012-09-27,OPTSTK,IGL,260.0,CE,0.0,0.0,0.0,32.35,18.75,0,0.0,0
2012-08-16,2012-09-27,OPTSTK,IGL,270.0,CE,0.0,0.0,0.0,6.05,14.1,0,0.0,2000
2012-08-16,2012-09-27,OPTSTK,IGL,280.0,CE,0.0,0.0,0.0,8.25,10.4,0,0.0,1000
2012-08-16,2012-09-27,OPTSTK,IGL,290.0,CE,0.0,0.0,0.0,5.0,7.5,0,0.0,1000
2012-08-16,2012-09-27,OPTSTK,IGL,300.0,CE,6.55,7.0,5.15,5.15,5.15,5,15.31,8000
2012-08-16,2012-09-27,OPTSTK,IGL,320.0,CE,0.0,0.0,0.0,3.15,2.55,0,0.0,2000
2012-08-16,2012-09-27,OPTSTK,IGL,340.0,CE,0.0,0.0,0.0,13.4,1.1,0,0.0,0
2012-08-16,2012-09-27,OPTSTK,IGL,360.0,CE,0.0,0.0,0.0,9.8,0.5,0,0.0,0
2012-08-16,2012-09-27,OPTSTK,IGL,140.0,PE,0.0,0.0,0.0,3.1,0.0,0,0.0,0
2012-08-16,2012-09-27,OPTSTK,IGL,150.0,PE,0.0,0.0,0.0,4.55,0.0,0,0.0,0
2012-08-16,2012-09-27,OPTSTK,IGL,160.0,PE,0.0,0.0,0.0,6.35,0.05,0,0.0,0
2012-08-16,2012-09-27,OPTSTK,IGL,170.0,PE,0.0,0.0,0.0,8.65,0.05,0,0.0,0
2012-08-16,2012-09-27,OPTSTK,IGL,180.0,PE,0.0,0.0,0.0,11.35,0.1,0,0.0,0
2012-08-16,2012-09-27,OPTSTK,IGL,190.0,PE,0.0,0.0,0.0,14.5,0.25,0,0.0,0
2012-08-16,2012-09-27,OPTSTK,IGL,200.0,PE,0.0,0.0,0.0,18.15,0.55,0,0.0,0
2012-08-16,2012-09-27,OPTSTK,IGL,210.0,PE,0.0,0.0,0.0,22.2,1.15,0,0.0,0
2012-08-16,2012-09-27,OPTSTK,IGL,220.0,PE,0.0,0.0,0.0,1.0,2.2,0,0.0,1000
2012-08-16,2012-09-27,OPTSTK,IGL,230.0,PE,0.0,0.0,0.0,4.05,3.9,0,0.0,1000
2012-08-16,2012-09-27,OPTSTK,IGL,240.0,PE,0.0,0.0,0.0,37.05,6.35,0,0.0,0
2012-08-16,2012-09-27,OPTSTK,IGL,250.0,PE,0.0,0.0,0.0,42.8,9.7,0,0.0,0
2012-08-16,2012-09-27,OPTSTK,IGL,260.0,PE,0.0,0.0,0.0,48.9,14.0,0,0.0,0
2012-08-16,2012-09-27,OPTSTK,IGL,270.0,PE,0.0,0.0,0.0,55.35,19.3,0,0.0,0
2012-08-16,2012-09-27,OPTSTK,IGL,280.0,PE,0.0,0.0,0.0,62.15,25.45,0,0.0,0
2012-08-16,2012-09-27,OPTSTK,IGL,290.0,PE,0.0,0.0,0.0,69.2,32.45,0,0.0,0
2012-08-16,2012-09-27,OPTSTK,IGL,300.0,PE,0.0,0.0,0.0,76.55,40.15,0,0.0,0
2012-08-16,2012-09-27,OPTSTK,IGL,320.0,PE,0.0,0.0,0.0,91.95,57.15,0,0.0,0
2012-08-16,2012-09-27,OPTSTK,IGL,340.0,PE,0.0,0.0,0.0,108.1,75.55,0,0.0,0
2012-08-16,2012-09-27,OPTSTK,IGL,360.0,PE,0.0,0.0,0.0,110.95,94.7,0,0.0,0
2012-08-16,2012-10-25,OPTSTK,IGL,140.0,CE,0.0,0.0,0.0,94.7,124.5,0,0.0,0
2012-08-16,2012-10-25,OPTSTK,IGL,150.0,CE,0.0,0.0,0.0,85.25,114.65,0,0.0,0
2012-08-16,2012-10-25,OPTSTK,IGL,160.0,CE,0.0,0.0,0.0,76.1,104.9,0,0.0,0
2012-08-16,2012-10-25,OPTSTK,IGL,170.0,CE,0.0,0.0,0.0,67.25,95.2,0,0.0,0
2012-08-16,2012-10-25,OPTSTK,IGL,180.0,CE,0.0,0.0,0.0,58.85,85.6,0,0.0,0
2012-08-16,2012-10-25,OPTSTK,IGL,190.0,CE,0.0,0.0,0.0,51.0,76.2,0,0.0,0
2012-08-16,2012-10-25,OPTSTK,IGL,200.0,CE,0.0,0.0,0.0,43.8,67.1,0,0.0,0
2012-08-16,2012-10-25,OPTSTK,IGL,210.0,CE,0.0,0.0,0.0,37.2,58.45,0,0.0,0
2012-08-16,2012-10-25,OPTSTK,IGL,220.0,CE,0.0,0.0,0.0,31.35,50.25,0,0.0,0
2012-08-16,2012-10-25,OPTSTK,IGL,230.0,CE,0.0,0.0,0.0,26.2,42.7,0,0.0,0
2012-08-16,2012-10-25,OPTSTK,IGL,240.0,CE,0.0,0.0,0.0,21.7,35.85,0,0.0,0
2012-08-16,2012-10-25,OPTSTK,IGL,250.0,CE,0.0,0.0,0.0,17.8,29.7,0,0.0,0
2012-08-16,2012-10-25,OPTSTK,IGL,260.0,CE,0.0,0.0,0.0,14.55,24.35,0,0.0,0
2012-08-16,2012-10-25,OPTSTK,IGL,270.0,CE,0.0,0.0,0.0,11.75,19.7,0,0.0,0
2012-08-16,2012-10-25,OPTSTK,IGL,280.0,CE,0.0,0.0,0.0,9.5,15.75,0,0.0,0
2012-08-16,2012-10-25,OPTSTK,IGL,290.0,CE,0.0,0.0,0.0,7.6,12.5,0,0.0,0
2012-08-16,2012-10-25,OPTSTK,IGL,300.0,CE,0.0,0.0,0.0,6.05,9.8,0,0.0,0
2012-08-16,2012-10-25,OPTSTK,IGL,310.0,CE,0.0,0.0,0.0,4.8,7.6,0,0.0,0
2012-08-16,2012-10-25,OPTSTK,IGL,320.0,CE,0.0,0.0,0.0,3.8,5.85,0,0.0,0
2012-08-16,2012-10-25,OPTSTK,IGL,330.0,CE,0.0,0.0,0.0,3.0,4.45,0,0.0,0
2012-08-16,2012-10-25,OPTSTK,IGL,340.0,CE,0.0,0.0,0.0,2.2,3.4,0,0.0,0
2012-08-16,2012-10-25,OPTSTK,IGL,360.0,CE,0.0,0.0,0.0,1.4,1.9,0,0.0,0
2012-08-16,2012-10-25,OPTSTK,IGL,140.0,PE,0.0,0.0,0.0,0.3,0.05,0,0.0,0
2012-08-16,2012-10-25,OPTSTK,IGL,150.0,PE,0.0,0.0,0.0,0.65,0.05,0,0.0,0
2012-08-16,2012-10-25,OPTSTK,IGL,160.0,PE,0.0,0.0,0.0,1.25,0.1,0,0.0,0
2012-08-16,2012-10-25,OPTSTK,IGL,170.0,PE,0.0,0.0,0.0,2.2,0.2,0,0.0,0
2012-08-16,2012-10-25,OPTSTK,IGL,180.0,PE,0.0,0.0,0.0,3.6,0.45,0,0.0,0
2012-08-16,2012-10-25,OPTSTK,IGL,190.0,PE,0.0,0.0,0.0,5.5,0.9,0,0.0,0
2012-08-16,2012-10-25,OPTSTK,IGL,200.0,PE,0.0,0.0,0.0,8.05,1.65,0,0.0,0
2012-08-16,2012-10-25,OPTSTK,IGL,210.0,PE,0.0,0.0,0.0,11.25,2.8,0,0.0,0
2012-08-16,2012-10-25,OPTSTK,IGL,220.0,PE,0.0,0.0,0.0,15.15,4.45,0,0.0,0
2012-08-16,2012-10-25,OPTSTK,IGL,230.0,PE,0.0,0.0,0.0,19.75,6.75,0,0.0,0
2012-08-16,2012-10-25,OPTSTK,IGL,240.0,PE,0.0,0.0,0.0,25.05,9.65,0,0.0,0
2012-08-16,2012-10-25,OPTSTK,IGL,250.0,PE,0.0,0.0,0.0,30.95,13.35,0,0.0,0
2012-08-16,2012-10-25,OPTSTK,IGL,260.0,PE,0.0,0.0,0.0,37.4,17.8,0,0.0,0
2012-08-16,2012-10-25,OPTSTK,IGL,270.0,PE,0.0,0.0,0.0,44.45,23.0,0,0.0,0
2012-08-16,2012-10-25,OPTSTK,IGL,280.0,PE,0.0,0.0,0.0,51.95,28.9,0,0.0,0
2012-08-16,2012-10-25,OPTSTK,IGL,290.0,PE,0.0,0.0,0.0,59.8,35.45,0,0.0,0
2012-08-16,2012-10-25,OPTSTK,IGL,300.0,PE,0.0,0.0,0.0,68.05,42.6,0,0.0,0
2012-08-16,2012-10-25,OPTSTK,IGL,310.0,PE,0.0,0.0,0.0,76.55,50.25,0,0.0,0
2012-08-16,2012-10-25,OPTSTK,IGL,320.0,PE,0.0,0.0,0.0,85.35,58.3,0,0.0,0
2012-08-16,2012-10-25,OPTSTK,IGL,330.0,PE,0.0,0.0,0.0,94.3,66.75,0,0.0,0
2012-08-16,2012-10-25,OPTSTK,IGL,340.0,PE,0.0,0.0,0.0,99.05,75.5,0,0.0,0
2012-08-16,2012-10-25,OPTSTK,IGL,360.0,PE,0.0,0.0,0.0,102.3,93.7,0,0.0,0
2012-08-16,2012-08-30,OPTSTK,INDHOTEL,25.0,CE,0.0,0.0,0.0,31.8,35.6,0,0.0,0
2012-08-16,2012-08-30,OPTSTK,INDHOTEL,30.0,CE,0.0,0.0,0.0,26.95,30.6,0,0.0,0
2012-08-16,2012-08-30,OPTSTK,INDHOTEL,35.0,CE,0.0,0.0,0.0,22.1,25.65,0,0.0,0
2012-08-16,2012-08-30,OPTSTK,INDHOTEL,40.0,CE,0.0,0.0,0.0,17.3,20.65,0,0.0,0
2012-08-16,2012-08-30,OPTSTK,INDHOTEL,45.0,CE,0.0,0.0,0.0,12.8,15.65,0,0.0,0
2012-08-16,2012-08-30,OPTSTK,INDHOTEL,50.0,CE,0.0,0.0,0.0,8.9,10.7,0,0.0,0
2012-08-16,2012-08-30,OPTSTK,INDHOTEL,55.0,CE,0.0,0.0,0.0,5.1,5.75,0,0.0,8000
2012-08-16,2012-08-30,OPTSTK,INDHOTEL,60.0,CE,1.75,1.75,1.75,1.75,1.75,1,2.47,112000
2012-08-16,2012-08-30,OPTSTK,INDHOTEL,65.0,CE,0.3,0.3,0.2,0.2,0.2,3,7.82,68000
2012-08-16,2012-08-30,OPTSTK,INDHOTEL,70.0,CE,0.15,0.15,0.05,0.05,0.05,4,11.21,12000
2012-08-16,2012-08-30,OPTSTK,INDHOTEL,75.0,CE,0.0,0.0,0.0,0.55,0.0,0,0.0,0
2012-08-16,2012-08-30,OPTSTK,INDHOTEL,80.0,CE,0.0,0.0,0.0,0.3,0.0,0,0.0,0
2012-08-16,2012-08-30,OPTSTK,INDHOTEL,85.0,CE,0.0,0.0,0.0,0.15,0.0,0,0.0,0
2012-08-16,2012-08-30,OPTSTK,INDHOTEL,90.0,CE,0.0,0.0,0.0,0.1,0.0,0,0.0,0
2012-08-16,2012-08-30,OPTSTK,INDHOTEL,95.0,CE,0.0,0.0,0.0,0.05,0.0,0,0.0,0
2012-08-16,2012-08-30,OPTSTK,INDHOTEL,100.0,CE,0.0,0.0,0.0,0.1,0.0,0,0.0,0
2012-08-16,2012-08-30,OPTSTK,INDHOTEL,105.0,CE,0.0,0.0,0.0,0.05,0.0,0,0.0,0
2012-08-16,2012-08-30,OPTSTK,INDHOTEL,25.0,PE,0.0,0.0,0.0,0.05,0.0,0,0.0,0
2012-08-16,2012-08-30,OPTSTK,INDHOTEL,30.0,PE,0.0,0.0,0.0,0.05,0.0,0,0.0,0
2012-08-16,2012-08-30,OPTSTK,INDHOTEL,35.0,PE,0.0,0.0,0.0,0.05,0.0,0,0.0,0
2012-08-16,2012-08-30,OPTSTK,INDHOTEL,40.0,PE,0.0,0.0,0.0,0.15,0.0,0,0.0,0
2012-08-16,2012-08-30,OPTSTK,INDHOTEL,45.0,PE,0.0,0.0,0.0,0.55,0.0,0,0.0,0
2012-08-16,2012-08-30,OPTSTK,INDHOTEL,50.0,PE,0.0,0.0,0.0,1.5,0.0,0,0.0,0
2012-08-16,2012-08-30,OPTSTK,INDHOTEL,55.0,PE,0.1,0.1,0.1,0.1,0.1,1,2.2,24000
2012-08-16,2012-08-30,OPTSTK,INDHOTEL,60.0,PE,1.2,1.2,1.2,1.2,1.2,1,2.44,16000
2012-08-16,2012-08-30,OPTSTK,INDHOTEL,65.0,PE,0.0,0.0,0.0,9.25,4.5,0,0.0,0
2012-08-16,2012-08-30,OPTSTK,INDHOTEL,70.0,PE,0.0,0.0,0.0,13.2,9.3,0,0.0,0
2012-08-16,2012-08-30,OPTSTK,INDHOTEL,75.0,PE,0.0,0.0,0.0,17.55,14.25,0,0.0,0
2012-08-16,2012-08-30,OPTSTK,INDHOTEL,80.0,PE,0.0,0.0,0.0,22.15,19.25,0,0.0,0
2012-08-16,2012-08-30,OPTSTK,INDHOTEL,85.0,PE,0.0,0.0,0.0,26.9,24.25,0,0.0,0
2012-08-16,2012-08-30,OPTSTK,INDHOTEL,90.0,PE,0.0,0.0,0.0,31.7,29.2,0,0.0,0
2012-08-16,2012-08-30,OPTSTK,INDHOTEL,95.0,PE,0.0,0.0,0.0,36.55,34.2,0,0.0,0
2012-08-16,2012-08-30,OPTSTK,INDHOTEL,100.0,PE,0.0,0.0,0.0,41.4,39.2,0,0.0,0
2012-08-16,2012-08-30,OPTSTK,INDHOTEL,105.0,PE,0.0,0.0,0.0,46.3,44.15,0,0.0,0
2012-08-16,2012-09-27,OPTSTK,INDHOTEL,25.0,CE,0.0,0.0,0.0,36.25,35.8,0,0.0,0
2012-08-16,2012-09-27,OPTSTK,INDHOTEL,30.0,CE,0.0,0.0,0.0,31.35,30.85,0,0.0,0
2012-08-16,2012-09-27,OPTSTK,INDHOTEL,35.0,CE,0.0,0.0,0.0,26.5,25.9,0,0.0,0
2012-08-16,2012-09-27,OPTSTK,INDHOTEL,40.0,CE,0.0,0.0,0.0,21.65,20.95,0,0.0,0
2012-08-16,2012-09-27,OPTSTK,INDHOTEL,45.0,CE,0.0,0.0,0.0,16.9,16.0,0,0.0,0
2012-08-16,2012-09-27,OPTSTK,INDHOTEL,50.0,CE,0.0,0.0,0.0,12.5,11.05,0,0.0,0
2012-08-16,2012-09-27,OPTSTK,INDHOTEL,55.0,CE,0.0,0.0,0.0,8.7,6.45,0,0.0,0
2012-08-16,2012-09-27,OPTSTK,INDHOTEL,60.0,CE,0.0,0.0,0.0,5.7,2.9,0,0.0,0
2012-08-16,2012-09-27,OPTSTK,INDHOTEL,65.0,CE,0.0,0.0,0.0,3.5,0.95,0,0.0,0
2012-08-16,2012-09-27,OPTSTK,INDHOTEL,70.0,CE,0.0,0.0,0.0,2.0,0.25,0,0.0,0
2012-08-16,2012-09-27,OPTSTK,INDHOTEL,75.0,CE,0.0,0.0,0.0,1.1,0.05,0,0.0,0
2012-08-16,2012-09-27,OPTSTK,INDHOTEL,80.0,CE,0.0,0.0,0.0,0.6,0.0,0,0.0,0
2012-08-16,2012-09-27,OPTSTK,INDHOTEL,85.0,CE,0.0,0.0,0.0,0.3,0.0,0,0.0,0
2012-08-16,2012-09-27,OPTSTK,INDHOTEL,90.0,CE,0.0,0.0,0.0,0.15,0.0,0,0.0,0
2012-08-16,2012-09-27,OPTSTK,INDHOTEL,95.0,CE,0.0,0.0,0.0,0.1,0.0,0,0.0,0
2012-08-16,2012-09-27,OPTSTK,INDHOTEL,100.0,CE,0.0,0.0,0.0,0.05,0.0,0,0.0,0
2012-08-16,2012-09-27,OPTSTK,INDHOTEL,105.0,CE,0.0,0.0,0.0,0.05,0.0,0,0.0,0
2012-08-16,2012-09-27,OPTSTK,INDHOTEL,25.0,PE,0.0,0.0,0.0,0.05,0.0,0,0.0,0
2012-08-16,2012-09-27,OPTSTK,INDHOTEL,30.0,PE,0.0,0.0,0.0,0.05,0.0,0,0.0,0
2012-08-16,2012-09-27,OPTSTK,INDHOTEL,35.0,PE,0.0,0.0,0.0,0.05,0.0,0,0.0,0
2012-08-16,2012-09-27,OPTSTK,INDHOTEL,40.0,PE,0.0,0.0,0.0,0.05,0.0,0,0.0,0
2012-08-16,2012-09-27,OPTSTK,INDHOTEL,45.0,PE,0.0,0.0,0.0,0.2,0.0,0,0.0,0
2012-08-16,2012-09-27,OPTSTK,INDHOTEL,50.0,PE,0.0,0.0,0.0,0.7,0.05,0,0.0,0
2012-08-16,2012-09-27,OPTSTK,INDHOTEL,55.0,PE,0.0,0.0,0.0,1.75,0.4,0,0.0,0
2012-08-16,2012-09-27,OPTSTK,INDHOTEL,60.0,PE,0.0,0.0,0.0,3.65,1.8,0,0.0,0
2012-08-16,2012-09-27,OPTSTK,INDHOTEL,65.0,PE,0.0,0.0,0.0,6.3,4.8,0,0.0,0
2012-08-16,2012-09-27,OPTSTK,INDHOTEL,70.0,PE,0.0,0.0,0.0,9.75,9.0,0,0.0,0
2012-08-16,2012-09-27,OPTSTK,INDHOTEL,75.0,PE,0.0,0.0,0.0,13.75,13.8,0,0.0,0
2012-08-16,2012-09-27,OPTSTK,INDHOTEL,80.0,PE,0.0,0.0,0.0,18.1,18.7,0,0.0,0
2012-08-16,2012-09-27,OPTSTK,INDHOTEL,85.0,PE,0.0,0.0,0.0,22.7,23.65,0,0.0,0
2012-08-16,2012-09-27,OPTSTK,INDHOTEL,90.0,PE,0.0,0.0,0.0,27.4,28.6,0,0.0,0
2012-08-16,2012-09-27,OPTSTK,INDHOTEL,95.0,PE,0.0,0.0,0.0,32.25,33.55,0,0.0,0
2012-08-16,2012-09-27,OPTSTK,INDHOTEL,100.0,PE,0.0,0.0,0.0,37.1,38.5,0,0.0,0
2012-08-16,2012-09-27,OPTSTK,INDHOTEL,105.0,PE,0.0,0.0,0.0,41.95,43.45,0,0.0,0
2012-08-16,2012-10-25,OPTSTK,INDHOTEL,25.0,CE,0.0,0.0,0.0,31.65,35.95,0,0.0,0
2012-08-16,2012-10-25,OPTSTK,INDHOTEL,30.0,CE,0.0,0.0,0.0,26.75,31.05,0,0.0,0
2012-08-16,2012-10-25,OPTSTK,INDHOTEL,35.0,CE,0.0,0.0,0.0,21.85,26.1,0,0.0,0
2012-08-16,2012-10-25,OPTSTK,INDHOTEL,40.0,CE,0.0,0.0,0.0,17.0,21.2,0,0.0,0
2012-08-16,2012-10-25,OPTSTK,INDHOTEL,45.0,CE,0.0,0.0,0.0,12.35,16.3,0,0.0,0
2012-08-16,2012-10-25,OPTSTK,INDHOTEL,50.0,CE,0.0,0.0,0.0,8.15,11.5,0,0.0,0
2012-08-16,2012-10-25,OPTSTK,INDHOTEL,55.0,CE,0.0,0.0,0.0,4.8,7.15,0,0.0,0
2012-08-16,2012-10-25,OPTSTK,INDHOTEL,60.0,CE,0.0,0.0,0.0,2.55,3.8,0,0.0,0
2012-08-16,2012-10-25,OPTSTK,INDHOTEL,65.0,CE,0.0,0.0,0.0,1.25,1.7,0,0.0,0
2012-08-16,2012-10-25,OPTSTK,INDHOTEL,70.0,CE,0.0,0.0,0.0,0.55,0.65,0,0.0,0
2012-08-16,2012-10-25,OPTSTK,INDHOTEL,75.0,CE,0.0,0.0,0.0,0.25,0.2,0,0.0,0
2012-08-16,2012-10-25,OPTSTK,INDHOTEL,80.0,CE,0.0,0.0,0.0,0.1,0.05,0,0.0,0
2012-08-16,2012-10-25,OPTSTK,INDHOTEL,85.0,CE,0.0,0.0,0.0,0.05,0.05,0,0.0,0
2012-08-16,2012-10-25,OPTSTK,INDHOTEL,90.0,CE,0.0,0.0,0.0,0.05,0.0,0,0.0,0
2012-08-16,2012-10-25,OPTSTK,INDHOTEL,95.0,CE,0.0,0.0,0.0,0.05,0.0,0,0.0,0
2012-08-16,2012-10-25,OPTSTK,INDHOTEL,100.0,CE,0.0,0.0,0.0,0.05,0.0,0,0.0,0
2012-08-16,2012-10-25,OPTSTK,INDHOTEL,105.0,CE,0.0,0.0,0.0,0.05,0.0,0,0.0,0
2012-08-16,2012-10-25,OPTSTK,INDHOTEL,25.0,PE,0.0,0.0,0.0,0.05,0.0,0,0.0,0
2012-08-16,2012-10-25,OPTSTK,INDHOTEL,30.0,PE,0.0,0.0,0.0,0.05,0.0,0,0.0,0
2012-08-16,2012-10-25,OPTSTK,INDHOTEL,35.0,PE,0.0,0.0,0.0,0.05,0.0,0,0.0,0
2012-08-16,2012-10-25,OPTSTK,INDHOTEL,40.0,PE,0.0,0.0,0.0,0.05,0.0,0,0.0,0
2012-08-16,2012-10-25,OPTSTK,INDHOTEL,45.0,PE,0.0,0.0,0.0,0.25,0.05,0,0.0,0
2012-08-16,2012-10-25,OPTSTK,INDHOTEL,50.0,PE,0.0,0.0,0.0,0.95,0.15,0,0.0,0
2012-08-16,2012-10-25,OPTSTK,INDHOTEL,55.0,PE,0.0,0.0,0.0,2.5,0.7,0,0.0,0
2012-08-16,2012-10-25,OPTSTK,INDHOTEL,60.0,PE,0.0,0.0,0.0,5.15,2.25,0,0.0,0
2012-08-16,2012-10-25,OPTSTK,INDHOTEL,65.0,PE,0.0,0.0,0.0,8.7,5.05,0,0.0,0
2012-08-16,2012-10-25,OPTSTK,INDHOTEL,70.0,PE,0.0,0.0,0.0,12.9,8.95,0,0.0,0
2012-08-16,2012-10-25,OPTSTK,INDHOTEL,75.0,PE,0.0,0.0,0.0,17.5,13.4,0,0.0,0
2012-08-16,2012-10-25,OPTSTK,INDHOTEL,80.0,PE,0.0,0.0,0.0,22.25,18.2,0,0.0,0
2012-08-16,2012-10-25,OPTSTK,INDHOTEL,85.0,PE,0.0,0.0,0.0,27.05,23.05,0,0.0,0
2012-08-16,2012-10-25,OPTSTK,INDHOTEL,90.0,PE,0.0,0.0,0.0,31.95,28.0,0,0.0,0
2012-08-16,2012-10-25,OPTSTK,INDHOTEL,95.0,PE,0.0,0.0,0.0,36.8,32.9,0,0.0,0
2012-08-16,2012-10-25,OPTSTK,INDHOTEL,100.0,PE,0.0,0.0,0.0,41.7,37.8,0,0.0,0
2012-08-16,2012-10-25,OPTSTK,INDHOTEL,105.0,PE,0.0,0.0,0.0,46.6,42.7,0,0.0,0
2012-08-16,2012-08-30,OPTSTK,INDIACEM,45.0,CE,0.0,0.0,0.0,31.4,41.0,0,0.0,0
2012-08-16,2012-08-30,OPTSTK,INDIACEM,50.0,CE,0.0,0.0,0.0,26.7,36.05,0,0.0,0
2012-08-16,2012-08-30,OPTSTK,INDIACEM,55.0,CE,0.0,0.0,0.0,22.2,31.05,0,0.0,0
2012-08-16,2012-08-30,OPTSTK,INDIACEM,60.0,CE,0.0,0.0,0.0,18.05,26.05,0,0.0,0
2012-08-16,2012-08-30,OPTSTK,INDIACEM,65.0,CE,0.0,0.0,0.0,14.35,21.1,0,0.0,0
2012-08-16,2012-08-30,OPTSTK,INDIACEM,70.0,CE,0.0,0.0,0.0,11.1,16.1,0,0.0,0
2012-08-16,2012-08-30,OPTSTK,INDIACEM,75.0,CE,0.0,0.0,0.0,8.45,11.25,0,0.0,0
2012-08-16,2012-08-30,OPTSTK,INDIACEM,80.0,CE,0.0,0.0,0.0,7.25,6.8,0,0.0,14000
2012-08-16,2012-08-30,OPTSTK,INDIACEM,85.0,CE,2.75,2.9,2.75,2.9,2.9,3,5.27,40000
2012-08-16,2012-08-30,OPTSTK,INDIACEM,90.0,CE,1.6,1.6,1.0,1.0,1.0,9,16.44,70000
2012-08-16,2012-08-30,OPTSTK,INDIACEM,95.0,CE,0.0,0.0,0.0,0.6,0.45,0,0.0,4000
2012-08-16,2012-08-30,OPTSTK,INDIACEM,100.0,CE,0.0,0.0,0.0,1.65,0.1,0,0.0,0
2012-08-16,2012-08-30,OPTSTK,INDIACEM,105.0,CE,0.0,0.0,0.0,1.15,0.05,0,0.0,0
2012-08-16,2012-08-30,OPTSTK,INDIACEM,110.0,CE,0.0,0.0,0.0,0.8,0.0,0,0.0,0
2012-08-16,2012-08-30,OPTSTK,INDIACEM,115.0,CE,0.0,0.0,0.0,0.55,0.0,0,0.0,0
2012-08-16,2012-08-30,OPTSTK,INDIACEM,120.0,CE,0.0,0.0,0.0,0.4,0.0,0,0.0,0
2012-08-16,2012-08-30,OPTSTK,INDIACEM,125.0,CE,0.0,0.0,0.0,0.25,0.0,0,0.0,0
2012-08-16,2012-08-30,OPTSTK,INDIACEM,45.0,PE,0.0,0.0,0.0,0.1,0.0,0,0.0,0
2012-08-16,2012-08-30,OPTSTK,INDIACEM,50.0,PE,0.0,0.0,0.0,0.3,0.0,0,0.0,0
2012-08-16,2012-08-30,OPTSTK,INDIACEM,55.0,PE,0.0,0.0,0.0,0.65,0.0,0,0.0,0
2012-08-16,2012-08-30,OPTSTK,INDIACEM,60.0,PE,0.0,0.0,0.0,1.4,0.0,0,0.0,0
2012-08-16,2012-08-30,OPTSTK,INDIACEM,65.0,PE,0.0,0.0,0.0,2.55,0.0,0,0.0,0
2012-08-16,2012-08-30,OPTSTK,INDIACEM,70.0,PE,0.0,0.0,0.0,4.25,0.05,0,0.0,0
2012-08-16,2012-08-30,OPTSTK,INDIACEM,75.0,PE,0.0,0.0,0.0,0.1,0.15,0,0.0,2000
2012-08-16,2012-08-30,OPTSTK,INDIACEM,80.0,PE,0.0,0.0,0.0,0.55,0.7,0,0.0,22000
2012-08-16,2012-08-30,OPTSTK,INDIACEM,85.0,PE,1.35,1.4,1.35,1.4,1.4,3,5.18,16000
2012-08-16,2012-08-30,OPTSTK,INDIACEM,90.0,PE,0.0,0.0,0.0,15.95,5.2,0,0.0,0
2012-08-16,2012-08-30,OPTSTK,INDIACEM,95.0,PE,0.0,0.0,0.0,6.0,9.25,0,0.0,4000
2012-08-16,2012-08-30,OPTSTK,INDIACEM,100.0,PE,0.0,0.0,0.0,24.05,13.95,0,0.0,0
2012-08-16,2012-08-30,OPTSTK,INDIACEM,105.0,PE,0.0,0.0,0.0,28.45,18.85,0,0.0,0
2012-08-16,2012-08-30,OPTSTK,INDIACEM,110.0,PE,0.0,0.0,0.0,32.95,23.8,0,0.0,0
2012-08-16,2012-08-30,OPTSTK,INDIACEM,115.0,PE,0.0,0.0,0.0,37.6,28.8,0,0.0,0
2012-08-16,2012-08-30,OPTSTK,INDIACEM,120.0,PE,0.0,0.0,0.0,42.3,33.75,0,0.0,0
2012-08-16,2012-08-30,OPTSTK,INDIACEM,125.0,PE,0.0,0.0,0.0,47.05,38.75,0,0.0,0
2012-08-16,2012-09-27,OPTSTK,INDIACEM,45.0,CE,0.0,0.0,0.0,40.2,41.35,0,0.0,0
2012-08-16,2012-09-27,OPTSTK,INDIACEM,50.0,CE,0.0,0.0,0.0,35.45,36.4,0,0.0,0
2012-08-16,2012-09-27,OPTSTK,INDIACEM,55.0,CE,0.0,0.0,0.0,30.8,31.45,0,0.0,0
2012-08-16,2012-09-27,OPTSTK,INDIACEM,60.0,CE,0.0,0.0,0.0,26.4,26.5,0,0.0,0
2012-08-16,2012-09-27,OPTSTK,INDIACEM,65.0,CE,0.0,0.0,0.0,22.25,21.6,0,0.0,0
2012-08-16,2012-09-27,OPTSTK,INDIACEM,70.0,CE,0.0,0.0,0.0,18.5,16.9,0,0.0,0
2012-08-16,2012-09-27,OPTSTK,INDIACEM,75.0,CE,0.0,0.0,0.0,15.15,12.55,0,0.0,0
2012-08-16,2012-09-27,OPTSTK,INDIACEM,80.0,CE,0.0,0.0,0.0,12.25,8.75,0,0.0,0
2012-08-16,2012-09-27,OPTSTK,INDIACEM,85.0,CE,0.0,0.0,0.0,9.75,5.7,0,0.0,0
2012-08-16,2012-09-27,OPTSTK,INDIACEM,90.0,CE,0.0,0.0,0.0,7.7,3.5,0,0.0,0
2012-08-16,2012-09-27,OPTSTK,INDIACEM,95.0,CE,0.0,0.0,0.0,6.0,2.0,0,0.0,0
2012-08-16,2012-09-27,OPTSTK,INDIACEM,100.0,CE,0.0,0.0,0.0,4.65,1.1,0,0.0,0
2012-08-16,2012-09-27,OPTSTK,INDIACEM,105.0,CE,0.0,0.0,0.0,3.55,0.55,0,0.0,0
2012-08-16,2012-09-27,OPTSTK,INDIACEM,110.0,CE,0.0,0.0,0.0,2.7,0.3,0,0.0,0
2012-08-16,2012-09-27,OPTSTK,INDIACEM,115.0,CE,0.0,0.0,0.0,2.05,0.15,0,0.0,0
2012-08-16,2012-09-27,OPTSTK,INDIACEM,120.0,CE,0.0,0.0,0.0,1.55,0.05,0,0.0,0
2012-08-16,2012-09-27,OPTSTK,INDIACEM,125.0,CE,0.0,0.0,0.0,1.15,0.05,0,0.0,0
2012-08-16,2012-09-27,OPTSTK,INDIACEM,45.0,PE,0.0,0.0,0.0,0.05,0.0,0,0.0,0
2012-08-16,2012-09-27,OPTSTK,INDIACEM,50.0,PE,0.0,0.0,0.0,0.2,0.0,0,0.0,0
2012-08-16,2012-09-27,OPTSTK,INDIACEM,55.0,PE,0.0,0.0,0.0,0.45,0.0,0,0.0,0
2012-08-16,2012-09-27,OPTSTK,INDIACEM,60.0,PE,0.0,0.0,0.0,0.9,0.05,0,0.0,0
2012-08-16,2012-09-27,OPTSTK,INDIACEM,65.0,PE,0.0,0.0,0.0,1.65,0.1,0,0.0,0
2012-08-16,2012-09-27,OPTSTK,INDIACEM,70.0,PE,0.0,0.0,0.0,2.75,0.3,0,0.0,0
2012-08-16,2012-09-27,OPTSTK,INDIACEM,75.0,PE,0.0,0.0,0.0,4.3,0.9,0,0.0,0
2012-08-16,2012-09-27,OPTSTK,INDIACEM,80.0,PE,0.0,0.0,0.0,6.25,2.05,0,0.0,0
2012-08-16,2012-09-27,OPTSTK,INDIACEM,85.0,PE,0.0,0.0,0.0,8.65,4.0,0,0.0,0
2012-08-16,2012-09-27,OPTSTK,INDIACEM,90.0,PE,0.0,0.0,0.0,11.5,6.7,0,0.0,0
2012-08-16,2012-09-27,OPTSTK,INDIACEM,95.0,PE,0.0,0.0,0.0,14.7,10.2,0,0.0,0
2012-08-16,2012-09-27,OPTSTK,INDIACEM,100.0,PE,0.0,0.0,0.0,18.2,14.2,0,0.0,0
2012-08-16,2012-09-27,OPTSTK,INDIACEM,105.0,PE,0.0,0.0,0.0,22.0,18.65,0,0.0,0
2012-08-16,2012-09-27,OPTSTK,INDIACEM,110.0,PE,0.0,0.0,0.0,26.05,23.3,0,0.0,0
2012-08-16,2012-09-27,OPTSTK,INDIACEM,115.0,PE,0.0,0.0,0.0,30.3,28.1,0,0.0,0
2012-08-16,2012-09-27,OPTSTK,INDIACEM,120.0,PE,0.0,0.0,0.0,34.65,33.0,0,0.0,0
2012-08-16,2012-09-27,OPTSTK,INDIACEM,125.0,PE,0.0,0.0,0.0,39.15,37.9,0,0.0,0
2012-08-16,2012-10-25,OPTSTK,INDIACEM,45.0,CE,0.0,0.0,0.0,35.0,41.65,0,0.0,0
2012-08-16,2012-10-25,OPTSTK,INDIACEM,50.0,CE,0.0,0.0,0.0,30.2,36.75,0,0.0,0
2012-08-16,2012-10-25,OPTSTK,INDIACEM,55.0,CE,0.0,0.0,0.0,25.5,31.85,0,0.0,0
2012-08-16,2012-10-25,OPTSTK,INDIACEM,60.0,CE,0.0,0.0,0.0,21.05,27.0,0,0.0,0
2012-08-16,2012-10-25,OPTSTK,INDIACEM,65.0,CE,0.0,0.0,0.0,16.95,22.3,0,0.0,0
2012-08-16,2012-10-25,OPTSTK,INDIACEM,70.0,CE,0.0,0.0,0.0,13.3,17.85,0,0.0,0
2012-08-16,2012-10-25,OPTSTK,INDIACEM,75.0,CE,0.0,0.0,0.0,10.15,13.8,0,0.0,0
2012-08-16,2012-10-25,OPTSTK,INDIACEM,80.0,CE,0.0,0.0,0.0,7.6,10.3,0,0.0,0
2012-08-16,2012-10-25,OPTSTK,INDIACEM,85.0,CE,0.0,0.0,0.0,5.55,7.4,0,0.0,0
2012-08-16,2012-10-25,OPTSTK,INDIACEM,90.0,CE,0.0,0.0,0.0,4.0,5.1,0,0.0,0
2012-08-16,2012-10-25,OPTSTK,INDIACEM,95.0,CE,0.0,0.0,0.0,2.8,3.45,0,0.0,0
2012-08-16,2012-10-25,OPTSTK,INDIACEM,100.0,CE,0.0,0.0,0.0,1.95,2.25,0,0.0,0
2012-08-16,2012-10-25,OPTSTK,INDIACEM,105.0,CE,0.0,0.0,0.0,1.35,1.4,0,0.0,0
2012-08-16,2012-10-25,OPTSTK,INDIACEM,110.0,CE,0.0,0.0,0.0,0.9,0.9,0,0.0,0
2012-08-16,2012-10-25,OPTSTK,INDIACEM,115.0,CE,0.0,0.0,0.0,0.6,0.55,0,0.0,0
2012-08-16,2012-10-25,OPTSTK,INDIACEM,120.0,CE,0.0,0.0,0.0,0.4,0.3,0,0.0,0
2012-08-16,2012-10-25,OPTSTK,INDIACEM,125.0,CE,0.0,0.0,0.0,0.25,0.2,0,0.0,0
2012-08-16,2012-10-25,OPTSTK,INDIACEM,45.0,PE,0.0,0.0,0.0,0.05,0.0,0,0.0,0
2012-08-16,2012-10-25,OPTSTK,INDIACEM,50.0,PE,0.0,0.0,0.0,0.1,0.0,0,0.0,0
2012-08-16,2012-10-25,OPTSTK,INDIACEM,55.0,PE,0.0,0.0,0.0,0.3,0.05,0,0.0,0
2012-08-16,2012-10-25,OPTSTK,INDIACEM,60.0,PE,0.0,0.0,0.0,0.75,0.1,0,0.0,0
2012-08-16,2012-10-25,OPTSTK,INDIACEM,65.0,PE,0.0,0.0,0.0,1.5,0.3,0,0.0,0
2012-08-16,2012-10-25,OPTSTK,INDIACEM,70.0,PE,0.0,0.0,0.0,2.75,0.8,0,0.0,0
2012-08-16,2012-10-25,OPTSTK,INDIACEM,75.0,PE,0.0,0.0,0.0,4.5,1.65,0,0.0,0
2012-08-16,2012-10-25,OPTSTK,INDIACEM,80.0,PE,0.0,0.0,0.0,6.85,3.05,0,0.0,0
2012-08-16,2012-10-25,OPTSTK,INDIACEM,85.0,PE,0.0,0.0,0.0,9.65,5.1,0,0.0,0
2012-08-16,2012-10-25,OPTSTK,INDIACEM,90.0,PE,0.0,0.0,0.0,13.0,7.75,0,0.0,0
2012-08-16,2012-10-25,OPTSTK,INDIACEM,95.0,PE,0.0,0.0,0.0,16.7,10.95,0,0.0,0
2012-08-16,2012-10-25,OPTSTK,INDIACEM,100.0,PE,0.0,0.0,0.0,20.7,14.7,0,0.0,0
2012-08-16,2012-10-25,OPTSTK,INDIACEM,105.0,PE,0.0,0.0,0.0,25.0,18.75,0,0.0,0
2012-08-16,2012-10-25,OPTSTK,INDIACEM,110.0,PE,0.0,0.0,0.0,29.45,23.15,0,0.0,0
2012-08-16,2012-10-25,OPTSTK,INDIACEM,115.0,PE,0.0,0.0,0.0,34.05,27.7,0,0.0,0
2012-08-16,2012-10-25,OPTSTK,INDIACEM,120.0,PE,0.0,0.0,0.0,38.75,32.4,0,0.0,0
2012-08-16,2012-10-25,OPTSTK,INDIACEM,125.0,PE,0.0,0.0,0.0,43.5,37.2,0,0.0,0
2012-08-16,2012-08-30,OPTSTK,INDIAINFO,25.0,CE,0.0,0.0,0.0,25.6,31.55,0,0.0,0
2012-08-16,2012-08-30,OPTSTK,INDIAINFO,27.5,CE,0.0,0.0,0.0,23.2,29.05,0,0.0,0
2012-08-16,2012-08-30,OPTSTK,INDIAINFO,30.0,CE,0.0,0.0,0.0,20.85,26.55,0,0.0,0
2012-08-16,2012-08-30,OPTSTK,INDIAINFO,32.5,CE,0.0,0.0,0.0,18.55,24.1,0,0.0,0
2012-08-16,2012-08-30,OPTSTK,INDIAINFO,35.0,CE,0.0,0.0,0.0,16.35,21.6,0,0.0,0
2012-08-16,2012-08-30,OPTSTK,INDIAINFO,37.5,CE,0.0,0.0,0.0,14.25,19.1,0,0.0,0
2012-08-16,2012-08-30,OPTSTK,INDIAINFO,40.0,CE,0.0,0.0,0.0,12.3,16.6,0,0.0,0
2012-08-16,2012-08-30,OPTSTK,INDIAINFO,42.5,CE,0.0,0.0,0.0,10.55,14.1,0,0.0,0
2012-08-16,2012-08-30,OPTSTK,INDIAINFO,45.0,CE,0.0,0.0,0.0,8.95,11.65,0,0.0,0
2012-08-16,2012-08-30,OPTSTK,INDIAINFO,47.5,CE,0.0,0.0,0.0,7.55,9.15,0,0.0,0
2012-08-16,2012-08-30,OPTSTK,INDIAINFO,50.0,CE,0.0,0.0,0.0,6.3,6.8,0,0.0,0
2012-08-16,2012-08-30,OPTSTK,INDIAINFO,52.5,CE,0.0,0.0,0.0,5.2,4.65,0,0.0,0
2012-08-16,2012-08-30,OPTSTK,INDIAINFO,55.0,CE,0.0,0.0,0.0,4.3,2.85,0,0.0,0
2012-08-16,2012-08-30,OPTSTK,INDIAINFO,57.5,CE,0.0,0.0,0.0,3.5,1.6,0,0.0,0
2012-08-16,2012-08-30,OPTSTK,INDIAINFO,60.0,CE,0.0,0.0,0.0,2.85,0.8,0,0.0,0
2012-08-16,2012-08-30,OPTSTK,INDIAINFO,62.5,CE,0.0,0.0,0.0,2.3,0.35,0,0.0,0
2012-08-16,2012-08-30,OPTSTK,INDIAINFO,65.0,CE,0.0,0.0,0.0,1.9,0.15,0,0.0,0
2012-08-16,2012-08-30,OPTSTK,INDIAINFO,67.5,CE,0.0,0.0,0.0,1.5,0.05,0,0.0,0
2012-08-16,2012-08-30,OPTSTK,INDIAINFO,70.0,CE,0.0,0.0,0.0,1.2,0.05,0,0.0,0
2012-08-16,2012-08-30,OPTSTK,INDIAINFO,72.5,CE,0.0,0.0,0.0,0.95,0.0,0,0.0,0
2012-08-16,2012-08-30,OPTSTK,INDIAINFO,75.0,CE,0.0,0.0,0.0,0.8,0.0,0,0.0,0
2012-08-16,2012-08-30,OPTSTK,INDIAINFO,80.0,CE,0.0,0.0,0.0,2.65,0.0,0,0.0,4000
2012-08-16,2012-08-30,OPTSTK,INDIAINFO,85.0,CE,0.0,0.0,0.0,0.55,0.0,0,0.0,0
2012-08-16,2012-08-30,OPTSTK,INDIAINFO,90.0,CE,0.0,0.0,0.0,0.4,0.0,0,0.0,0
2012-08-16,2012-08-30,OPTSTK,INDIAINFO,25.0,PE,0.0,0.0,0.0,0.05,0.0,0,0.0,0
2012-08-16,2012-08-30,OPTSTK,INDIAINFO,27.5,PE,0.0,0.0,0.0,0.1,0.0,0,0.0,0
2012-08-16,2012-08-30,OPTSTK,INDIAINFO,30.0,PE,0.0,0.0,0.0,0.15,0.0,0,0.0,0
2012-08-16,2012-08-30,OPTSTK,INDIAINFO,32.5,PE,0.0,0.0,0.0,0.3,0.0,0,0.0,0
2012-08-16,2012-08-30,OPTSTK,INDIAINFO,35.0,PE,0.0,0.0,0.0,0.55,0.0,0,0.0,0
2012-08-16,2012-08-30,OPTSTK,INDIAINFO,37.5,PE,0.0,0.0,0.0,0.9,0.0,0,0.0,0
2012-08-16,2012-08-30,OPTSTK,INDIAINFO,40.0,PE,0.0,0.0,0.0,1.4,0.0,0,0.0,0
2012-08-16,2012-08-30,OPTSTK,INDIAINFO,42.5,PE,0.0,0.0,0.0,2.1,0.0,0,0.0,0
2012-08-16,2012-08-30,OPTSTK,INDIAINFO,45.0,PE,0.0,0.0,0.0,2.9,0.05,0,0.0,0
2012-08-16,2012-08-30,OPTSTK,INDIAINFO,47.5,PE,0.0,0.0,0.0,3.95,0.05,0,0.0,0
2012-08-16,2012-08-30,OPTSTK,INDIAINFO,50.0,PE,0.0,0.0,0.0,5.15,0.15,0,0.0,0
2012-08-16,2012-08-30,OPTSTK,INDIAINFO,52.5,PE,0.0,0.0,0.0,6.5,0.5,0,0.0,0
2012-08-16,2012-08-30,OPTSTK,INDIAINFO,55.0,PE,0.0,0.0,0.0,8.0,1.25,0,0.0,0
2012-08-16,2012-08-30,OPTSTK,INDIAINFO,57.5,PE,0.0,0.0,0.0,9.7,2.45,0,0.0,0
2012-08-16,2012-08-30,OPTSTK,INDIAINFO,60.0,PE,0.0,0.0,0.0,11.45,4.15,0,0.0,0
2012-08-16,2012-08-30,OPTSTK,INDIAINFO,62.5,PE,0.0,0.0,0.0,13.35,6.2,0,0.0,0
2012-08-16,2012-08-30,OPTSTK,INDIAINFO,65.0,PE,0.0,0.0,0.0,15.35,8.5,0,0.0,0
2012-08-16,2012-08-30,OPTSTK,INDIAINFO,67.5,PE,0.0,0.0,0.0,17.45,10.9,0,0.0,0
2012-08-16,2012-08-30,OPTSTK,INDIAINFO,70.0,PE,0.0,0.0,0.0,19.6,13.35,0,0.0,0
2012-08-16,2012-08-30,OPTSTK,INDIAINFO,72.5,PE,0.0,0.0,0.0,21.75,15.85,0,0.0,0
2012-08-16,2012-08-30,OPTSTK,INDIAINFO,75.0,PE,0.0,0.0,0.0,24.0,18.3,0,0.0,0
2012-08-16,2012-08-30,OPTSTK,INDIAINFO,80.0,PE,0.0,0.0,0.0,27.25,23.3,0,0.0,0
2012-08-16,2012-08-30,OPTSTK,INDIAINFO,85.0,PE,0.0,0.0,0.0,31.85,28.3,0,0.0,0
2012-08-16,2012-08-30,OPTSTK,INDIAINFO,90.0,PE,0.0,0.0,0.0,36.55,33.25,0,0.0,0
2012-08-16,2012-09-27,OPTSTK,INDIAINFO,25.0,CE,0.0,0.0,0.0,35.0,31.75,0,0.0,0
2012-08-16,2012-09-27,OPTSTK,INDIAINFO,30.0,CE,0.0,0.0,0.0,30.2,26.8,0,0.0,0
2012-08-16,2012-09-27,OPTSTK,INDIAINFO,35.0,CE,0.0,0.0,0.0,25.5,21.85,0,0.0,0
2012-08-16,2012-09-27,OPTSTK,INDIAINFO,37.5,CE,0.0,0.0,0.0,12.15,19.35,0,0.0,0
2012-08-16,2012-09-27,OPTSTK,INDIAINFO,40.0,CE,0.0,0.0,0.0,21.05,16.9,0,0.0,0
2012-08-16,2012-09-27,OPTSTK,INDIAINFO,42.5,CE,0.0,0.0,0.0,8.25,14.5,0,0.0,0
2012-08-16,2012-09-27,OPTSTK,INDIAINFO,45.0,CE,0.0,0.0,0.0,17.0,12.1,0,0.0,0
2012-08-16,2012-09-27,OPTSTK,INDIAINFO,47.5,CE,0.0,0.0,0.0,5.2,9.9,0,0.0,0
2012-08-16,2012-09-27,OPTSTK,INDIAINFO,50.0,CE,0.0,0.0,0.0,13.45,7.8,0,0.0,0
2012-08-16,2012-09-27,OPTSTK,INDIAINFO,52.5,CE,0.0,0.0,0.0,3.05,6.0,0,0.0,0
2012-08-16,2012-09-27,OPTSTK,INDIAINFO,55.0,CE,0.0,0.0,0.0,10.4,4.45,0,0.0,0
2012-08-16,2012-09-27,OPTSTK,INDIAINFO,57.5,CE,0.0,0.0,0.0,1.7,3.2,0,0.0,0
2012-08-16,2012-09-27,OPTSTK,INDIAINFO,60.0,CE,0.0,0.0,0.0,7.95,2.2,0,0.0,0
2012-08-16,2012-09-27,OPTSTK,INDIAINFO,65.0,CE,0.0,0.0,0.0,5.95,1.0,0,0.0,0
2012-08-16,2012-09-27,OPTSTK,INDIAINFO,70.0,CE,0.0,0.0,0.0,4.45,0.4,0,0.0,0
2012-08-16,2012-09-27,OPTSTK,INDIAINFO,75.0,CE,0.0,0.0,0.0,3.25,0.15,0,0.0,0
2012-08-16,2012-09-27,OPTSTK,INDIAINFO,80.0,CE,0.0,0.0,0.0,2.4,0.05,0,0.0,0
2012-08-16,2012-09-27,OPTSTK,INDIAINFO,85.0,CE,0.0,0.0,0.0,1.75,0.05,0,0.0,0
2012-08-16,2012-09-27,OPTSTK,INDIAINFO,90.0,CE,0.0,0.0,0.0,1.25,0.0,0,0.0,0
2012-08-16,2012-09-27,OPTSTK,INDIAINFO,25.0,PE,0.0,0.0,0.0,0.05,0.0,0,0.0,0
2012-08-16,2012-09-27,OPTSTK,INDIAINFO,30.0,PE,0.0,0.0,0.0,0.1,0.0,0,0.0,0
2012-08-16,2012-09-27,OPTSTK,INDIAINFO,35.0,PE,0.0,0.0,0.0,0.25,0.0,0,0.0,0
2012-08-16,2012-09-27,OPTSTK,INDIAINFO,37.5,PE,0.0,0.0,0.0,0.5,0.05,0,0.0,0
2012-08-16,2012-09-27,OPTSTK,INDIAINFO,40.0,PE,0.0,0.0,0.0,0.7,0.05,0,0.0,0
2012-08-16,2012-09-27,OPTSTK,INDIAINFO,42.5,PE,0.0,0.0,0.0,1.5,0.1,0,0.0,0
2012-08-16,2012-09-27,OPTSTK,INDIAINFO,45.0,PE,0.0,0.0,0.0,1.55,0.2,0,0.0,0
2012-08-16,2012-09-27,OPTSTK,INDIAINFO,47.5,PE,0.0,0.0,0.0,3.4,0.45,0,0.0,0
2012-08-16,2012-09-27,OPTSTK,INDIAINFO,50.0,PE,0.0,0.0,0.0,2.85,0.85,0,0.0,0
2012-08-16,2012-09-27,OPTSTK,INDIAINFO,52.5,PE,0.0,0.0,0.0,6.2,1.5,0,0.0,0
2012-08-16,2012-09-27,OPTSTK,INDIAINFO,55.0,PE,0.0,0.0,0.0,4.75,2.4,0,0.0,0
2012-08-16,2012-09-27,OPTSTK,INDIAINFO,57.5,PE,0.0,0.0,0.0,9.75,3.65,0,0.0,0
2012-08-16,2012-09-27,OPTSTK,INDIAINFO,60.0,PE,0.0,0.0,0.0,7.15,5.15,0,0.0,0
2012-08-16,2012-09-27,OPTSTK,INDIAINFO,65.0,PE,0.0,0.0,0.0,10.05,8.85,0,0.0,0
2012-08-16,2012-09-27,OPTSTK,INDIAINFO,70.0,PE,0.0,0.0,0.0,13.4,13.2,0,0.0,0
2012-08-16,2012-09-27,OPTSTK,INDIAINFO,75.0,PE,0.0,0.0,0.0,17.15,17.9,0,0.0,0
2012-08-16,2012-09-27,OPTSTK,INDIAINFO,80.0,PE,0.0,0.0,0.0,21.15,22.8,0,0.0,0
2012-08-16,2012-09-27,OPTSTK,INDIAINFO,85.0,PE,0.0,0.0,0.0,25.35,27.7,0,0.0,0
2012-08-16,2012-09-27,OPTSTK,INDIAINFO,90.0,PE,0.0,0.0,0.0,29.75,32.65,0,0.0,0
2012-08-16,2012-08-30,OPTSTK,INDIANB,110.0,CE,0.0,0.0,0.0,62.05,64.4,0,0.0,0
2012-08-16,2012-08-30,OPTSTK,INDIANB,120.0,CE,0.0,0.0,0.0,52.65,54.4,0,0.0,0
2012-08-16,2012-08-30,OPTSTK,INDIANB,130.0,CE,0.0,0.0,0.0,43.75,44.45,0,0.0,0
2012-08-16,2012-08-30,OPTSTK,INDIANB,140.0,CE,0.0,0.0,0.0,35.5,34.5,0,0.0,0
2012-08-16,2012-08-30,OPTSTK,INDIANB,150.0,CE,0.0,0.0,0.0,28.1,24.65,0,0.0,0
2012-08-16,2012-08-30,OPTSTK,INDIANB,160.0,CE,0.0,0.0,0.0,19.85,15.4,0,0.0,1000
2012-08-16,2012-08-30,OPTSTK,INDIANB,170.0,CE,0.0,0.0,0.0,16.4,7.95,0,0.0,0
2012-08-16,2012-08-30,OPTSTK,INDIANB,180.0,CE,0.0,0.0,0.0,12.1,3.25,0,0.0,0
2012-08-16,2012-08-30,OPTSTK,INDIANB,190.0,CE,0.0,0.0,0.0,8.75,1.05,0,0.0,0
2012-08-16,2012-08-30,OPTSTK,INDIANB,200.0,CE,0.0,0.0,0.0,2.0,0.25,0,0.0,0
2012-08-16,2012-08-30,OPTSTK,INDIANB,210.0,CE,0.0,0.0,0.0,4.35,0.05,0,0.0,0
2012-08-16,2012-08-30,OPTSTK,INDIANB,220.0,CE,0.0,0.0,0.0,3.0,0.05,0,0.0,0
2012-08-16,2012-08-30,OPTSTK,INDIANB,230.0,CE,0.0,0.0,0.0,2.05,0.0,0,0.0,0
2012-08-16,2012-08-30,OPTSTK,INDIANB,240.0,CE,0.0,0.0,0.0,1.35,0.0,0,0.0,0
2012-08-16,2012-08-30,OPTSTK,INDIANB,250.0,CE,0.0,0.0,0.0,0.9,0.0,0,0.0,0
2012-08-16,2012-08-30,OPTSTK,INDIANB,260.0,CE,0.0,0.0,0.0,0.6,0.0,0,0.0,0
2012-08-16,2012-08-30,OPTSTK,INDIANB,270.0,CE,0.0,0.0,0.0,0.4,0.0,0,0.0,0
2012-08-16,2012-08-30,OPTSTK,INDIANB,110.0,PE,0.0,0.0,0.0,0.25,0.0,0,0.0,0
2012-08-16,2012-08-30,OPTSTK,INDIANB,120.0,PE,0.0,0.0,0.0,0.65,0.0,0,0.0,0
2012-08-16,2012-08-30,OPTSTK,INDIANB,130.0,PE,0.0,0.0,0.0,1.45,0.0,0,0.0,0
2012-08-16,2012-08-30,OPTSTK,INDIANB,140.0,PE,0.0,0.0,0.0,2.95,0.05,0,0.0,0
2012-08-16,2012-08-30,OPTSTK,INDIANB,150.0,PE,0.0,0.0,0.0,5.35,0.15,0,0.0,0
2012-08-16,2012-08-30,OPTSTK,INDIANB,160.0,PE,0.0,0.0,0.0,8.7,0.9,0,0.0,0
2012-08-16,2012-08-30,OPTSTK,INDIANB,170.0,PE,0.0,0.0,0.0,5.0,3.4,0,0.0,1000
2012-08-16,2012-08-30,OPTSTK,INDIANB,180.0,PE,0.0,0.0,0.0,18.6,8.65,0,0.0,0
2012-08-16,2012-08-30,OPTSTK,INDIANB,190.0,PE,0.0,0.0,0.0,25.0,16.4,0,0.0,0
2012-08-16,2012-08-30,OPTSTK,INDIANB,200.0,PE,0.0,0.0,0.0,32.25,25.6,0,0.0,0
2012-08-16,2012-08-30,OPTSTK,INDIANB,210.0,PE,0.0,0.0,0.0,40.15,35.35,0,0.0,0
2012-08-16,2012-08-30,OPTSTK,INDIANB,220.0,PE,0.0,0.0,0.0,48.55,45.3,0,0.0,0
2012-08-16,2012-08-30,OPTSTK,INDIANB,230.0,PE,0.0,0.0,0.0,57.35,55.25,0,0.0,0
2012-08-16,2012-08-30,OPTSTK,INDIANB,240.0,PE,0.0,0.0,0.0,66.45,65.2,0,0.0,0
2012-08-16,2012-08-30,OPTSTK,INDIANB,250.0,PE,0.0,0.0,0.0,75.75,75.2,0,0.0,0
2012-08-16,2012-08-30,OPTSTK,INDIANB,260.0,PE,0.0,0.0,0.0,85.2,85.15,0,0.0,0
2012-08-16,2012-08-30,OPTSTK,INDIANB,270.0,PE,0.0,0.0,0.0,94.75,95.1,0,0.0,0
2012-08-16,2012-09-27,OPTSTK,INDIANB,110.0,CE,0.0,0.0,0.0,60.35,65.15,0,0.0,0
2012-08-16,2012-09-27,OPTSTK,INDIANB,120.0,CE,0.0,0.0,0.0,50.9,55.25,0,0.0,0
2012-08-16,2012-09-27,OPTSTK,INDIANB,130.0,CE,0.0,0.0,0.0,41.85,45.45,0,0.0,0
2012-08-16,2012-09-27,OPTSTK,INDIANB,140.0,CE,0.0,0.0,0.0,33.45,35.85,0,0.0,0
2012-08-16,2012-09-27,OPTSTK,INDIANB,150.0,CE,0.0,0.0,0.0,25.95,26.85,0,0.0,0
2012-08-16,2012-09-27,OPTSTK,INDIANB,160.0,CE,0.0,0.0,0.0,19.55,18.9,0,0.0,0
2012-08-16,2012-09-27,OPTSTK,INDIANB,170.0,CE,0.0,0.0,0.0,14.3,12.4,0,0.0,0
2012-08-16,2012-09-27,OPTSTK,INDIANB,180.0,CE,0.0,0.0,0.0,10.15,7.6,0,0.0,0
2012-08-16,2012-09-27,OPTSTK,INDIANB,190.0,CE,0.0,0.0,0.0,7.05,4.35,0,0.0,0
2012-08-16,2012-09-27,OPTSTK,INDIANB,200.0,CE,0.0,0.0,0.0,4.75,2.3,0,0.0,0
2012-08-16,2012-09-27,OPTSTK,INDIANB,210.0,CE,0.0,0.0,0.0,3.15,1.15,0,0.0,0
2012-08-16,2012-09-27,OPTSTK,INDIANB,220.0,CE,0.0,0.0,0.0,2.05,0.55,0,0.0,0
2012-08-16,2012-09-27,OPTSTK,INDIANB,230.0,CE,0.0,0.0,0.0,1.3,0.25,0,0.0,0
2012-08-16,2012-09-27,OPTSTK,INDIANB,240.0,CE,0.0,0.0,0.0,0.85,0.1,0,0.0,0
2012-08-16,2012-09-27,OPTSTK,INDIANB,250.0,CE,0.0,0.0,0.0,0.5,0.05,0,0.0,0
2012-08-16,2012-09-27,OPTSTK,INDIANB,260.0,CE,0.0,0.0,0.0,0.35,0.05,0,0.0,0
2012-08-16,2012-09-27,OPTSTK,INDIANB,270.0,CE,0.0,0.0,0.0,0.2,0.05,0,0.0,0
2012-08-16,2012-09-27,OPTSTK,INDIANB,110.0,PE,0.0,0.0,0.0,0.15,0.0,0,0.0,0
2012-08-16,2012-09-27,OPTSTK,INDIANB,120.0,PE,0.0,0.0,0.0,0.45,0.05,0,0.0,0
2012-08-16,2012-09-27,OPTSTK,INDIANB,130.0,PE,0.0,0.0,0.0,1.15,0.1,0,0.0,0
2012-08-16,2012-09-27,OPTSTK,INDIANB,140.0,PE,0.0,0.0,0.0,2.55,0.4,0,0.0,0
2012-08-16,2012-09-27,OPTSTK,INDIANB,150.0,PE,0.0,0.0,0.0,4.8,1.3,0,0.0,0
2012-08-16,2012-09-27,OPTSTK,INDIANB,160.0,PE,0.0,0.0,0.0,8.15,3.25,0,0.0,0
2012-08-16,2012-09-27,OPTSTK,INDIANB,170.0,PE,0.0,0.0,0.0,12.7,6.65,0,0.0,0
2012-08-16,2012-09-27,OPTSTK,INDIANB,180.0,PE,0.0,0.0,0.0,18.3,11.75,0,0.0,0
2012-08-16,2012-09-27,OPTSTK,INDIANB,190.0,PE,0.0,0.0,0.0,24.95,18.35,0,0.0,0
2012-08-16,2012-09-27,OPTSTK,INDIANB,200.0,PE,0.0,0.0,0.0,32.45,26.25,0,0.0,0
2012-08-16,2012-09-27,OPTSTK,INDIANB,210.0,PE,0.0,0.0,0.0,40.65,35.0,0,0.0,0
2012-08-16,2012-09-27,OPTSTK,INDIANB,220.0,PE,0.0,0.0,0.0,49.3,44.3,0,0.0,0
2012-08-16,2012-09-27,OPTSTK,INDIANB,230.0,PE,0.0,0.0,0.0,58.3,53.9,0,0.0,0
2012-08-16,2012-09-27,OPTSTK,INDIANB,240.0,PE,0.0,0.0,0.0,67.6,63.65,0,0.0,0
2012-08-16,2012-09-27,OPTSTK,INDIANB,250.0,PE,0.0,0.0,0.0,77.05,73.5,0,0.0,0
2012-08-16,2012-09-27,OPTSTK,INDIANB,260.0,PE,0.0,0.0,0.0,86.65,83.35,0,0.0,0
2012-08-16,2012-09-27,OPTSTK,INDIANB,270.0,PE,0.0,0.0,0.0,96.3,93.25,0,0.0,0
2012-08-16,2012-08-30,OPTSTK,INDUSINDBK,160.0,CE,0.0,0.0,0.0,142.25,173.3,0,0.0,0
2012-08-16,2012-08-30,OPTSTK,INDUSINDBK,180.0,CE,0.0,0.0,0.0,122.75,153.35,0,0.0,0
2012-08-16,2012-08-30,OPTSTK,INDUSINDBK,200.0,CE,0.0,0.0,0.0,103.3,133.45,0,0.0,0
2012-08-16,2012-08-30,OPTSTK,INDUSINDBK,220.0,CE,0.0,0.0,0.0,84.05,113.5,0,0.0,0
2012-08-16,2012-08-30,OPTSTK,INDUSINDBK,240.0,CE,0.0,0.0,0.0,65.55,93.55,0,0.0,0
2012-08-16,2012-08-30,OPTSTK,INDUSINDBK,260.0,CE,0.0,0.0,0.0,48.5,73.65,0,0.0,0
2012-08-16,2012-08-30,OPTSTK,INDUSINDBK,280.0,CE,0.0,0.0,0.0,33.85,53.7,0,0.0,0
2012-08-16,2012-08-30,OPTSTK,INDUSINDBK,300.0,CE,0.0,0.0,0.0,35.0,33.85,0,0.0,1000
2012-08-16,2012-08-30,OPTSTK,INDUSINDBK,320.0,CE,0.0,0.0,0.0,15.0,15.3,0,0.0,0
2012-08-16,2012-08-30,OPTSTK,INDUSINDBK,340.0,CE,0.0,0.0,0.0,4.9,3.65,0,0.0,1000
2012-08-16,2012-08-30,OPTSTK,INDUSINDBK,360.0,CE,0.0,0.0,0.0,1.25,0.35,0,0.0,1000
2012-08-16,2012-08-30,OPTSTK,INDUSINDBK,380.0,CE,0.0,0.0,0.0,2.35,0.05,0,0.0,0
2012-08-16,2012-08-30,OPTSTK,INDUSINDBK,400.0,CE,0.0,0.0,0.0,1.2,0.0,0,0.0,0
2012-08-16,2012-08-30,OPTSTK,INDUSINDBK,420.0,CE,0.0,0.0,0.0,0.6,0.0,0,0.0,0
2012-08-16,2012-08-30,OPTSTK,INDUSINDBK,440.0,CE,0.0,0.0,0.0,0.3,0.0,0,0.0,0
2012-08-16,2012-08-30,OPTSTK,INDUSINDBK,160.0,PE,0.0,0.0,0.0,0.05,0.0,0,0.0,0
2012-08-16,2012-08-30,OPTSTK,INDUSINDBK,180.0,PE,0.0,0.0,0.0,0.05,0.0,0,0.0,0
2012-08-16,2012-08-30,OPTSTK,INDUSINDBK,200.0,PE,0.0,0.0,0.0,0.1,0.0,0,0.0,0
2012-08-16,2012-08-30,OPTSTK,INDUSINDBK,220.0,PE,0.0,0.0,0.0,0.35,0.0,0,0.0,0
2012-08-16,2012-08-30,OPTSTK,INDUSINDBK,240.0,PE,0.0,0.0,0.0,1.35,0.0,0,0.0,0
2012-08-16,2012-08-30,OPTSTK,INDUSINDBK,260.0,PE,0.0,0.0,0.0,3.85,0.0,0,0.0,0
2012-08-16,2012-08-30,OPTSTK,INDUSINDBK,280.0,PE,0.0,0.0,0.0,8.75,0.0,0,0.0,0
2012-08-16,2012-08-30,OPTSTK,INDUSINDBK,300.0,PE,0.0,0.0,0.0,16.65,0.05,0,0.0,0
2012-08-16,2012-08-30,OPTSTK,INDUSINDBK,320.0,PE,0.0,0.0,0.0,7.0,1.5,0,0.0,0
2012-08-16,2012-08-30,OPTSTK,INDUSINDBK,340.0,PE,0.0,0.0,0.0,41.45,9.75,0,0.0,0
2012-08-16,2012-08-30,OPTSTK,INDUSINDBK,360.0,PE,0.0,0.0,0.0,57.4,26.4,0,0.0,0
2012-08-16,2012-08-30,OPTSTK,INDUSINDBK,380.0,PE,0.0,0.0,0.0,74.8,46.0,0,0.0,0
2012-08-16,2012-08-30,OPTSTK,INDUSINDBK,400.0,PE,0.0,0.0,0.0,93.15,65.95,0,0.0,0
2012-08-16,2012-08-30,OPTSTK,INDUSINDBK,420.0,PE,0.0,0.0,0.0,112.1,85.85,0,0.0,0
2012-08-16,2012-08-30,OPTSTK,INDUSINDBK,440.0,PE,0.0,0.0,0.0,131.3,105.8,0,0.0,0
2012-08-16,2012-09-27,OPTSTK,INDUSINDBK,160.0,CE,0.0,0.0,0.0,171.95,174.4,0,0.0,0
2012-08-16,2012-09-27,OPTSTK,INDUSINDBK,180.0,CE,0.0,0.0,0.0,152.4,154.65,0,0.0,0
2012-08-16,2012-09-27,OPTSTK,INDUSINDBK,200.0,CE,0.0,0.0,0.0,132.9,134.85,0,0.0,0
2012-08-16,2012-09-27,OPTSTK,INDUSINDBK,220.0,CE,0.0,0.0,0.0,113.4,115.05,0,0.0,0
2012-08-16,2012-09-27,OPTSTK,INDUSINDBK,240.0,CE,0.0,0.0,0.0,94.05,95.25,0,0.0,0
2012-08-16,2012-09-27,OPTSTK,INDUSINDBK,260.0,CE,0.0,0.0,0.0,75.2,75.45,0,0.0,0
2012-08-16,2012-09-27,OPTSTK,INDUSINDBK,280.0,CE,0.0,0.0,0.0,57.5,55.75,0,0.0,0
2012-08-16,2012-09-27,OPTSTK,INDUSINDBK,300.0,CE,0.0,0.0,0.0,41.8,36.75,0,0.0,0
2012-08-16,2012-09-27,OPTSTK,INDUSINDBK,320.0,CE,0.0,0.0,0.0,28.7,20.35,0,0.0,0
2012-08-16,2012-09-27,OPTSTK,INDUSINDBK,340.0,CE,0.0,0.0,0.0,18.65,9.0,0,0.0,0
2012-08-16,2012-09-27,OPTSTK,INDUSINDBK,360.0,CE,0.0,0.0,0.0,11.45,3.05,0,0.0,0
2012-08-16,2012-09-27,OPTSTK,INDUSINDBK,380.0,CE,0.0,0.0,0.0,6.7,0.8,0,0.0,0
2012-08-16,2012-09-27,OPTSTK,INDUSINDBK,400.0,CE,0.0,0.0,0.0,3.7,0.2,0,0.0,0
2012-08-16,2012-09-27,OPTSTK,INDUSINDBK,420.0,CE,0.0,0.0,0.0,2.0,0.05,0,0.0,0
2012-08-16,2012-09-27,OPTSTK,INDUSINDBK,440.0,CE,0.0,0.0,0.0,1.0,0.0,0,0.0,0
2012-08-16,2012-09-27,OPTSTK,INDUSINDBK,160.0,PE,0.0,0.0,0.0,0.05,0.0,0,0.0,0
2012-08-16,2012-09-27,OPTSTK,INDUSINDBK,180.0,PE,0.0,0.0,0.0,0.05,0.0,0,0.0,0
2012-08-16,2012-09-27,OPTSTK,INDUSINDBK,200.0,PE,0.0,0.0,0.0,0.05,0.0,0,0.0,0
2012-08-16,2012-09-27,OPTSTK,INDUSINDBK,220.0,PE,0.0,0.0,0.0,0.05,0.0,0,0.0,0
2012-08-16,2012-09-27,OPTSTK,INDUSINDBK,240.0,PE,0.0,0.0,0.0,0.25,0.0,0,0.0,0
2012-08-16,2012-09-27,OPTSTK,INDUSINDBK,260.0,PE,0.0,0.0,0.0,0.95,0.0,0,0.0,0
2012-08-16,2012-09-27,OPTSTK,INDUSINDBK,280.0,PE,0.0,0.0,0.0,2.8,0.1,0,0.0,0
2012-08-16,2012-09-27,OPTSTK,INDUSINDBK,300.0,PE,0.0,0.0,0.0,6.6,0.9,0,0.0,0
2012-08-16,2012-09-27,OPTSTK,INDUSINDBK,320.0,PE,0.0,0.0,0.0,13.05,4.3,0,0.0,0
2012-08-16,2012-09-27,OPTSTK,INDUSINDBK,340.0,PE,0.0,0.0,0.0,22.55,12.7,0,0.0,0
2012-08-16,2012-09-27,OPTSTK,INDUSINDBK,360.0,PE,0.0,0.0,0.0,34.9,26.6,0,0.0,0
2012-08-16,2012-09-27,OPTSTK,INDUSINDBK,380.0,PE,0.0,0.0,0.0,49.65,44.15,0,0.0,0
2012-08-16,2012-09-27,OPTSTK,INDUSINDBK,400.0,PE,0.0,0.0,0.0,66.2,63.3,0,0.0,0
2012-08-16,2012-09-27,OPTSTK,INDUSINDBK,420.0,PE,0.0,0.0,0.0,84.0,82.95,0,0.0,0
2012-08-16,2012-09-27,OPTSTK,INDUSINDBK,440.0,PE,0.0,0.0,0.0,102.6,102.75,0,0.0,0
2012-08-16,2012-10-25,OPTSTK,INDUSINDBK,160.0,CE,0.0,0.0,0.0,166.6,175.5,0,0.0,0
2012-08-16,2012-10-25,OPTSTK,INDUSINDBK,180.0,CE,0.0,0.0,0.0,147.05,155.85,0,0.0,0
2012-08-16,2012-10-25,OPTSTK,INDUSINDBK,200.0,CE,0.0,0.0,0.0,127.5,136.2,0,0.0,0
2012-08-16,2012-10-25,OPTSTK,INDUSINDBK,220.0,CE,0.0,0.0,0.0,107.95,116.55,0,0.0,0
2012-08-16,2012-10-25,OPTSTK,INDUSINDBK,240.0,CE,0.0,0.0,0.0,88.5,96.9,0,0.0,0
2012-08-16,2012-10-25,OPTSTK,INDUSINDBK,260.0,CE,0.0,0.0,0.0,69.3,77.3,0,0.0,0
2012-08-16,2012-10-25,OPTSTK,INDUSINDBK,280.0,CE,0.0,0.0,0.0,51.1,58.0,0,0.0,0
2012-08-16,2012-10-25,OPTSTK,INDUSINDBK,300.0,CE,0.0,0.0,0.0,34.95,39.9,0,0.0,0
2012-08-16,2012-10-25,OPTSTK,INDUSINDBK,320.0,CE,0.0,0.0,0.0,21.9,24.45,0,0.0,0
2012-08-16,2012-10-25,OPTSTK,INDUSINDBK,340.0,CE,0.0,0.0,0.0,12.55,13.1,0,0.0,0
2012-08-16,2012-10-25,OPTSTK,INDUSINDBK,360.0,CE,0.0,0.0,0.0,6.6,6.1,0,0.0,0
2012-08-16,2012-10-25,OPTSTK,INDUSINDBK,380.0,CE,0.0,0.0,0.0,3.15,2.45,0,0.0,0
2012-08-16,2012-10-25,OPTSTK,INDUSINDBK,400.0,CE,0.0,0.0,0.0,1.4,0.9,0,0.0,0
2012-08-16,2012-10-25,OPTSTK,INDUSINDBK,420.0,CE,0.0,0.0,0.0,0.6,0.3,0,0.0,0
2012-08-16,2012-10-25,OPTSTK,INDUSINDBK,440.0,CE,0.0,0.0,0.0,0.25,0.1,0,0.0,0
2012-08-16,2012-10-25,OPTSTK,INDUSINDBK,160.0,PE,0.0,0.0,0.0,0.05,0.0,0,0.0,0
2012-08-16,2012-10-25,OPTSTK,INDUSINDBK,180.0,PE,0.0,0.0,0.0,0.05,0.0,0,0.0,0
2012-08-16,2012-10-25,OPTSTK,INDUSINDBK,200.0,PE,0.0,0.0,0.0,0.05,0.0,0,0.0,0
2012-08-16,2012-10-25,OPTSTK,INDUSINDBK,220.0,PE,0.0,0.0,0.0,0.05,0.0,0,0.0,0
2012-08-16,2012-10-25,OPTSTK,INDUSINDBK,240.0,PE,0.0,0.0,0.0,0.1,0.0,0,0.0,0
2012-08-16,2012-10-25,OPTSTK,INDUSINDBK,260.0,PE,0.0,0.0,0.0,0.45,0.05,0,0.0,0
2012-08-16,2012-10-25,OPTSTK,INDUSINDBK,280.0,PE,0.0,0.0,0.0,1.8,0.45,0,0.0,0
2012-08-16,2012-10-25,OPTSTK,INDUSINDBK,300.0,PE,0.0,0.0,0.0,5.2,2.0,0,0.0,0
2012-08-16,2012-10-25,OPTSTK,INDUSINDBK,320.0,PE,0.0,0.0,0.0,11.7,6.2,0,0.0,0
2012-08-16,2012-10-25,OPTSTK,INDUSINDBK,340.0,PE,0.0,0.0,0.0,21.9,14.55,0,0.0,0
2012-08-16,2012-10-25,OPTSTK,INDUSINDBK,360.0,PE,0.0,0.0,0.0,35.45,27.15,0,0.0,0
2012-08-16,2012-10-25,OPTSTK,INDUSINDBK,380.0,PE,0.0,0.0,0.0,51.6,43.2,0,0.0,0
2012-08-16,2012-10-25,OPTSTK,INDUSINDBK,400.0,PE,0.0,0.0,0.0,69.35,61.25,0,0.0,0
2012-08-16,2012-10-25,OPTSTK,INDUSINDBK,420.0,PE,0.0,0.0,0.0,88.1,80.3,0,0.0,0
2012-08-16,2012-10-25,OPTSTK,INDUSINDBK,440.0,PE,0.0,0.0,0.0,107.3,99.8,0,0.0,0
2012-08-16,2012-08-30,OPTSTK,INFY,1600.0,CE,0.0,0.0,0.0,868.4,720.8,0,0.0,0
2012-08-16,2012-08-30,OPTSTK,INFY,1650.0,CE,0.0,0.0,0.0,820.0,671.0,0,0.0,0
2012-08-16,2012-08-30,OPTSTK,INFY,1700.0,CE,0.0,0.0,0.0,771.85,621.15,0,0.0,0
2012-08-16,2012-08-30,OPTSTK,INFY,1750.0,CE,0.0,0.0,0.0,724.05,571.3,0,0.0,0
2012-08-16,2012-08-30,OPTSTK,INFY,1800.0,CE,0.0,0.0,0.0,676.7,521.5,0,0.0,0
2012-08-16,2012-08-30,OPTSTK,INFY,1850.0,CE,0.0,0.0,0.0,629.95,471.65,0,0.0,0
2012-08-16,2012-08-30,OPTSTK,INFY,1900.0,CE,0.0,0.0,0.0,584.0,421.85,0,0.0,0
2012-08-16,2012-08-30,OPTSTK,INFY,1950.0,CE,0.0,0.0,0.0,539.05,372.05,0,0.0,0
2012-08-16,2012-08-30,OPTSTK,INFY,2000.0,CE,0.0,0.0,0.0,269.0,322.35,0,0.0,5000
2012-08-16,2012-08-30,OPTSTK,INFY,2050.0,CE,0.0,0.0,0.0,240.75,273.0,0,0.0,250
2012-08-16,2012-08-30,OPTSTK,INFY,2100.0,CE,0.0,0.0,0.0,238.9,224.6,0,0.0,23875
2012-08-16,2012-08-30,OPTSTK,INFY,2150.0,CE,180.6,180.6,172.45,172.5,172.5,3,8.71,49875
2012-08-16,2012-08-30,OPTSTK,INFY,2200.0,CE,124.0,130.55,119.0,122.95,122.95,77,223.74,118625
2012-08-16,2012-08-30,OPTSTK,INFY,2250.0,CE,82.05,86.5,79.0,80.2,80.2,42,122.39,116125
2012-08-16,2012-08-30,OPTSTK,INFY,2300.0,CE,48.4,51.35,40.0,45.75,45.75,438,1284.97,125125
2012-08-16,2012-08-30,OPTSTK,INFY,2350.0,CE,20.0,26.0,20.0,22.2,22.2,733,2174.54,136625
2012-08-16,2012-08-30,OPTSTK,INFY,2400.0,CE,14.0,14.0,9.1,9.9,9.9,1508,4543.9,283125
2012-08-16,2012-08-30,OPTSTK,INFY,2450.0,CE,5.45,5.45,3.7,3.75,3.75,209,641.17,109750
2012-08-16,2012-08-30,OPTSTK,INFY,2500.0,CE,2.2,2.25,1.4,1.45,1.45,551,1723.02,131125
2012-08-16,2012-08-30,OPTSTK,INFY,2550.0,CE,0.0,0.0,0.0,1.1,3.25,0,0.0,35375
2012-08-16,2012-08-30,OPTSTK,INFY,2600.0,CE,0.0,0.0,0.0,0.75,1.45,0,0.0,50375
2012-08-16,2012-08-30,OPTSTK,INFY,2650.0,CE,0.0,0.0,0.0,1.25,0.6,0,0.0,2125
2012-08-16,2012-08-30,OPTSTK,INFY,2700.0,CE,0.0,0.0,0.0,0.9,0.25,0,0.0,22250
2012-08-16,2012-08-30,OPTSTK,INFY,2750.0,CE,0.0,0.0,0.0,2.1,0.1,0,0.0,0
2012-08-16,2012-08-30,OPTSTK,INFY,2800.0,CE,0.0,0.0,0.0,1.25,0.05,0,0.0,4750
2012-08-16,2012-08-30,OPTSTK,INFY,2850.0,CE,0.0,0.0,0.0,54.2,0.05,0,0.0,0
2012-08-16,2012-08-30,OPTSTK,INFY,2900.0,CE,0.0,0.0,0.0,1.0,0.0,0,0.0,1250
2012-08-16,2012-08-30,OPTSTK,INFY,2950.0,CE,0.0,0.0,0.0,13.0,0.0,0,0.0,3875
2012-08-16,2012-08-30,OPTSTK,INFY,3000.0,CE,0.0,0.0,0.0,31.85,0.0,0,0.0,0
2012-08-16,2012-08-30,OPTSTK,INFY,3050.0,CE,0.0,0.0,0.0,26.45,0.0,0,0.0,0
2012-08-16,2012-08-30,OPTSTK,INFY,3100.0,CE,0.0,0.0,0.0,21.9,0.0,0,0.0,0
2012-08-16,2012-08-30,OPTSTK,INFY,3150.0,CE,0.0,0.0,0.0,18.05,0.0,0,0.0,0
2012-08-16,2012-08-30,OPTSTK,INFY,3200.0,CE,0.0,0.0,0.0,14.85,0.0,0,0.0,0
2012-08-16,2012-08-30,OPTSTK,INFY,3250.0,CE,0.0,0.0,0.0,12.15,0.0,0,0.0,0
2012-08-16,2012-08-30,OPTSTK,INFY,3300.0,CE,0.0,0.0,0.0,9.95,0.0,0,0.0,0
2012-08-16,2012-08-30,OPTSTK,INFY,3350.0,CE,0.0,0.0,0.0,8.1,0.0,0,0.0,0
2012-08-16,2012-08-30,OPTSTK,INFY,1600.0,PE,0.0,0.0,0.0,0.55,0.0,0,0.0,0
2012-08-16,2012-08-30,OPTSTK,INFY,1650.0,PE,0.0,0.0,0.0,0.95,0.0,0,0.0,0
2012-08-16,2012-08-30,OPTSTK,INFY,1700.0,PE,0.0,0.0,0.0,1.55,0.0,0,0.0,0
2012-08-16,2012-08-30,OPTSTK,INFY,1750.0,PE,0.0,0.0,0.0,2.55,0.0,0,0.0,0
2012-08-16,2012-08-30,OPTSTK,INFY,1800.0,PE,0.0,0.0,0.0,6.95,0.0,0,0.0,125
2012-08-16,2012-08-30,OPTSTK,INFY,1850.0,PE,0.0,0.0,0.0,6.05,0.0,0,0.0,0
2012-08-16,2012-08-30,OPTSTK,INFY,1900.0,PE,0.0,0.0,0.0,1.5,0.05,0,0.0,2625
2012-08-16,2012-08-30,OPTSTK,INFY,1950.0,PE,0.0,0.0,0.0,0.75,0.05,0,0.0,21625
2012-08-16,2012-08-30,OPTSTK,INFY,2000.0,PE,0.0,0.0,0.0,0.6,0.2,0,0.0,92125
2012-08-16,2012-08-30,OPTSTK,INFY,2050.0,PE,0.8,0.8,0.7,0.7,0.7,9,23.07,36625
2012-08-16,2012-08-30,OPTSTK,INFY,2100.0,PE,1.5,2.8,1.3,1.85,1.85,390,1024.58,149125
2012-08-16,2012-08-30,OPTSTK,INFY,2150.0,PE,2.7,2.9,2.55,2.65,2.65,34,91.49,135875
2012-08-16,2012-08-30,OPTSTK,INFY,2200.0,PE,5.8,7.5,4.85,5.3,5.3,288,794.06,218625
2012-08-16,2012-08-30,OPTSTK,INFY,2250.0,PE,12.0,14.0,10.75,11.95,11.95,406,1147.96,123750
2012-08-16,2012-08-30,OPTSTK,INFY,2300.0,PE,21.6,30.0,21.6,26.2,26.2,685,1992.14,99500
2012-08-16,2012-08-30,OPTSTK,INFY,2350.0,PE,54.8,56.4,47.55,52.1,52.1,115,345.15,50250
2012-08-16,2012-08-30,OPTSTK,INFY,2400.0,PE,89.0,89.0,88.0,89.0,89.0,5,15.55,26500
2012-08-16,2012-08-30,OPTSTK,INFY,2450.0,PE,0.0,0.0,0.0,200.0,139.85,0,0.0,7875
2012-08-16,2012-08-30,OPTSTK,INFY,2500.0,PE,0.0,0.0,0.0,165.0,183.05,0,0.0,16375
2012-08-16,2012-08-30,OPTSTK,INFY,2550.0,PE,0.0,0.0,0.0,230.0,229.3,0,0.0,250
2012-08-16,2012-08-30,OPTSTK,INFY,2600.0,PE,0.0,0.0,0.0,342.0,277.3,0,0.0,750
2012-08-16,2012-08-30,OPTSTK,INFY,2650.0,PE,0.0,0.0,0.0,260.55,326.3,0,0.0,0
2012-08-16,2012-08-30,OPTSTK,INFY,2700.0,PE,0.0,0.0,0.0,294.4,375.75,0,0.0,0
2012-08-16,2012-08-30,OPTSTK,INFY,2750.0,PE,0.0,0.0,0.0,330.15,425.45,0,0.0,0
2012-08-16,2012-08-30,OPTSTK,INFY,2800.0,PE,0.0,0.0,0.0,367.5,475.25,0,0.0,0
2012-08-16,2012-08-30,OPTSTK,INFY,2850.0,PE,0.0,0.0,0.0,406.2,525.05,0,0.0,0
2012-08-16,2012-08-30,OPTSTK,INFY,2900.0,PE,0.0,0.0,0.0,446.4,574.9,0,0.0,0
2012-08-16,2012-08-30,OPTSTK,INFY,2950.0,PE,0.0,0.0,0.0,487.8,624.7,0,0.0,0
2012-08-16,2012-08-30,OPTSTK,INFY,3000.0,PE,0.0,0.0,0.0,530.25,674.55,0,0.0,0
2012-08-16,2012-08-30,OPTSTK,INFY,3050.0,PE,0.0,0.0,0.0,573.65,724.35,0,0.0,0
2012-08-16,2012-08-30,OPTSTK,INFY,3100.0,PE,0.0,0.0,0.0,617.9,774.2,0,0.0,0
2012-08-16,2012-08-30,OPTSTK,INFY,3150.0,PE,0.0,0.0,0.0,662.85,824.05,0,0.0,0
2012-08-16,2012-08-30,OPTSTK,INFY,3200.0,PE,0.0,0.0,0.0,708.4,873.85,0,0.0,0
2012-08-16,2012-08-30,OPTSTK,INFY,3250.0,PE,0.0,0.0,0.0,754.55,923.7,0,0.0,0
2012-08-16,2012-08-30,OPTSTK,INFY,3300.0,PE,0.0,0.0,0.0,801.1,973.55,0,0.0,0
2012-08-16,2012-08-30,OPTSTK,INFY,3350.0,PE,0.0,0.0,0.0,848.05,1023.35,0,0.0,0
2012-08-16,2012-09-27,OPTSTK,INFY,1600.0,CE,0.0,0.0,0.0,910.55,732.0,0,0.0,0
2012-08-16,2012-09-27,OPTSTK,INFY,1650.0,CE,0.0,0.0,0.0,861.7,682.55,0,0.0,0
2012-08-16,2012-09-27,OPTSTK,INFY,1700.0,CE,0.0,0.0,0.0,812.9,633.1,0,0.0,0
2012-08-16,2012-09-27,OPTSTK,INFY,1750.0,CE,0.0,0.0,0.0,764.1,583.65,0,0.0,0
2012-08-16,2012-09-27,OPTSTK,INFY,1800.0,CE,0.0,0.0,0.0,715.35,534.35,0,0.0,0
2012-08-16,2012-09-27,OPTSTK,INFY,1850.0,CE,0.0,0.0,0.0,666.65,485.25,0,0.0,0
2012-08-16,2012-09-27,OPTSTK,INFY,1900.0,CE,0.0,0.0,0.0,618.15,436.6,0,0.0,0
2012-08-16,2012-09-27,OPTSTK,INFY,1950.0,CE,0.0,0.0,0.0,569.9,388.55,0,0.0,0
2012-08-16,2012-09-27,OPTSTK,INFY,2000.0,CE,0.0,0.0,0.0,522.05,341.65,0,0.0,0
2012-08-16,2012-09-27,OPTSTK,INFY,2050.0,CE,0.0,0.0,0.0,474.9,296.3,0,0.0,0
2012-08-16,2012-09-27,OPTSTK,INFY,2100.0,CE,0.0,0.0,0.0,428.6,253.05,0,0.0,0
2012-08-16,2012-09-27,OPTSTK,INFY,2150.0,CE,0.0,0.0,0.0,383.55,212.6,0,0.0,0
2012-08-16,2012-09-27,OPTSTK,INFY,2200.0,CE,0.0,0.0,0.0,151.0,175.45,0,0.0,2375
2012-08-16,2012-09-27,OPTSTK,INFY,2250.0,CE,0.0,0.0,0.0,124.45,142.15,0,0.0,0
2012-08-16,2012-09-27,OPTSTK,INFY,2300.0,CE,84.55,88.0,84.55,85.2,85.2,6,17.89,2625
2012-08-16,2012-09-27,OPTSTK,INFY,2350.0,CE,0.0,0.0,0.0,64.95,87.95,0,0.0,625
2012-08-16,2012-09-27,OPTSTK,INFY,2400.0,CE,43.05,45.0,38.5,38.5,38.5,5,15.26,3500
2012-08-16,2012-09-27,OPTSTK,INFY,2450.0,CE,0.0,0.0,0.0,25.65,50.15,0,0.0,125
2012-08-16,2012-09-27,OPTSTK,INFY,2500.0,CE,15.0,16.0,15.0,15.0,15.0,5,15.72,6375
2012-08-16,2012-09-27,OPTSTK,INFY,2550.0,CE,0.0,0.0,0.0,108.45,26.4,0,0.0,0
2012-08-16,2012-09-27,OPTSTK,INFY,2600.0,CE,0.0,0.0,0.0,5.3,18.6,0,0.0,1125
2012-08-16,2012-09-27,OPTSTK,INFY,2650.0,CE,0.0,0.0,0.0,70.4,12.85,0,0.0,0
2012-08-16,2012-09-27,OPTSTK,INFY,2700.0,CE,0.0,0.0,0.0,6.0,8.7,0,0.0,0
2012-08-16,2012-09-27,OPTSTK,INFY,2750.0,CE,0.0,0.0,0.0,43.75,5.8,0,0.0,0
2012-08-16,2012-09-27,OPTSTK,INFY,2800.0,CE,0.0,0.0,0.0,5.1,3.75,0,0.0,250
2012-08-16,2012-09-27,OPTSTK,INFY,2850.0,CE,0.0,0.0,0.0,25.85,2.4,0,0.0,0
2012-08-16,2012-09-27,OPTSTK,INFY,2900.0,CE,0.0,0.0,0.0,19.55,1.55,0,0.0,0
2012-08-16,2012-09-27,OPTSTK,INFY,2950.0,CE,0.0,0.0,0.0,14.65,0.95,0,0.0,0
2012-08-16,2012-09-27,OPTSTK,INFY,3000.0,CE,0.0,0.0,0.0,10.85,0.6,0,0.0,0
2012-08-16,2012-09-27,OPTSTK,INFY,3050.0,CE,0.0,0.0,0.0,7.95,0.35,0,0.0,0
2012-08-16,2012-09-27,OPTSTK,INFY,3100.0,CE,0.0,0.0,0.0,5.75,0.2,0,0.0,0
2012-08-16,2012-09-27,OPTSTK,INFY,3150.0,CE,0.0,0.0,0.0,4.15,0.15,0,0.0,0
2012-08-16,2012-09-27,OPTSTK,INFY,3200.0,CE,0.0,0.0,0.0,2.95,0.1,0,0.0,0
2012-08-16,2012-09-27,OPTSTK,INFY,3250.0,CE,0.0,0.0,0.0,2.1,0.05,0,0.0,0
2012-08-16,2012-09-27,OPTSTK,INFY,3300.0,CE,0.0,0.0,0.0,1.45,0.05,0,0.0,0
2012-08-16,2012-09-27,OPTSTK,INFY,3350.0,CE,0.0,0.0,0.0,1.05,0.05,0,0.0,0
2012-08-16,2012-09-27,OPTSTK,INFY,1600.0,PE,0.0,0.0,0.0,0.05,0.0,0,0.0,0
2012-08-16,2012-09-27,OPTSTK,INFY,1650.0,PE,0.0,0.0,0.0,0.05,0.05,0,0.0,0
2012-08-16,2012-09-27,OPTSTK,INFY,1700.0,PE,0.0,0.0,0.0,0.05,0.05,0,0.0,0
2012-08-16,2012-09-27,OPTSTK,INFY,1750.0,PE,0.0,0.0,0.0,0.1,0.15,0,0.0,0
2012-08-16,2012-09-27,OPTSTK,INFY,1800.0,PE,0.0,0.0,0.0,0.15,0.3,0,0.0,0
2012-08-16,2012-09-27,OPTSTK,INFY,1850.0,PE,0.0,0.0,0.0,0.35,0.7,0,0.0,0
2012-08-16,2012-09-27,OPTSTK,INFY,1900.0,PE,0.0,0.0,0.0,0.65,1.5,0,0.0,0
2012-08-16,2012-09-27,OPTSTK,INFY,1950.0,PE,0.0,0.0,0.0,1.25,2.95,0,0.0,0
2012-08-16,2012-09-27,OPTSTK,INFY,2000.0,PE,0.0,0.0,0.0,8.5,5.5,0,0.0,250
2012-08-16,2012-09-27,OPTSTK,INFY,2050.0,PE,0.0,0.0,0.0,21.65,9.65,0,0.0,375
2012-08-16,2012-09-27,OPTSTK,INFY,2100.0,PE,0.0,0.0,0.0,27.8,15.9,0,0.0,125
2012-08-16,2012-09-27,OPTSTK,INFY,2150.0,PE,16.85,17.5,10.8,10.8,10.8,15,40.57,1000
2012-08-16,2012-09-27,OPTSTK,INFY,2200.0,PE,20.1,20.1,20.1,20.1,20.1,8,22.2,1375
2012-08-16,2012-09-27,OPTSTK,INFY,2250.0,PE,0.0,0.0,0.0,30.0,53.45,0,0.0,750
2012-08-16,2012-09-27,OPTSTK,INFY,2300.0,PE,0.0,0.0,0.0,51.65,73.7,0,0.0,1250
2012-08-16,2012-09-27,OPTSTK,INFY,2350.0,PE,0.0,0.0,0.0,66.0,98.2,0,0.0,125
2012-08-16,2012-09-27,OPTSTK,INFY,2400.0,PE,0.0,0.0,0.0,88.1,126.85,0,0.0,125
2012-08-16,2012-09-27,OPTSTK,INFY,2450.0,PE,0.0,0.0,0.0,78.9,159.35,0,0.0,0
2012-08-16,2012-09-27,OPTSTK,INFY,2500.0,PE,0.0,0.0,0.0,196.0,195.55,0,0.0,13625
2012-08-16,2012-09-27,OPTSTK,INFY,2550.0,PE,0.0,0.0,0.0,125.8,234.6,0,0.0,0
2012-08-16,2012-09-27,OPTSTK,INFY,2600.0,PE,0.0,0.0,0.0,281.75,276.25,0,0.0,125
2012-08-16,2012-09-27,OPTSTK,INFY,2650.0,PE,0.0,0.0,0.0,185.45,320.0,0,0.0,0
2012-08-16,2012-09-27,OPTSTK,INFY,2700.0,PE,0.0,0.0,0.0,219.6,365.35,0,0.0,0
2012-08-16,2012-09-27,OPTSTK,INFY,2750.0,PE,0.0,0.0,0.0,256.45,411.9,0,0.0,0
2012-08-16,2012-09-27,OPTSTK,INFY,2800.0,PE,0.0,0.0,0.0,295.35,459.4,0,0.0,0
2012-08-16,2012-09-27,OPTSTK,INFY,2850.0,PE,0.0,0.0,0.0,336.25,507.5,0,0.0,0
2012-08-16,2012-09-27,OPTSTK,INFY,2900.0,PE,0.0,0.0,0.0,378.8,556.1,0,0.0,0
2012-08-16,2012-09-27,OPTSTK,INFY,2950.0,PE,0.0,0.0,0.0,422.7,605.0,0,0.0,0
2012-08-16,2012-09-27,OPTSTK,INFY,3000.0,PE,0.0,0.0,0.0,467.75,654.15,0,0.0,0
2012-08-16,2012-09-27,OPTSTK,INFY,3050.0,PE,0.0,0.0,0.0,513.7,703.4,0,0.0,0
2012-08-16,2012-09-27,OPTSTK,INFY,3100.0,PE,0.0,0.0,0.0,560.35,752.75,0,0.0,0
2012-08-16,2012-09-27,OPTSTK,INFY,3150.0,PE,0.0,0.0,0.0,607.6,802.15,0,0.0,0
2012-08-16,2012-09-27,OPTSTK,INFY,3200.0,PE,0.0,0.0,0.0,655.25,851.55,0,0.0,0
2012-08-16,2012-09-27,OPTSTK,INFY,3250.0,PE,0.0,0.0,0.0,703.2,901.0,0,0.0,0
2012-08-16,2012-09-27,OPTSTK,INFY,3300.0,PE,0.0,0.0,0.0,751.4,950.5,0,0.0,0
2012-08-16,2012-09-27,OPTSTK,INFY,3350.0,PE,0.0,0.0,0.0,799.8,999.95,0,0.0,0
2012-08-16,2012-10-25,OPTSTK,INFY,1600.0,CE,0.0,0.0,0.0,569.35,743.05,0,0.0,0
2012-08-16,2012-10-25,OPTSTK,INFY,1650.0,CE,0.0,0.0,0.0,524.6,694.05,0,0.0,0
2012-08-16,2012-10-25,OPTSTK,INFY,1700.0,CE,0.0,0.0,0.0,481.1,645.15,0,0.0,0
2012-08-16,2012-10-25,OPTSTK,INFY,1750.0,CE,0.0,0.0,0.0,439.15,596.5,0,0.0,0
2012-08-16,2012-10-25,OPTSTK,INFY,1800.0,CE,0.0,0.0,0.0,398.9,548.2,0,0.0,0
2012-08-16,2012-10-25,OPTSTK,INFY,1850.0,CE,0.0,0.0,0.0,360.5,500.45,0,0.0,0
2012-08-16,2012-10-25,OPTSTK,INFY,1900.0,CE,0.0,0.0,0.0,324.25,453.55,0,0.0,0
2012-08-16,2012-10-25,OPTSTK,INFY,1950.0,CE,0.0,0.0,0.0,290.05,407.75,0,0.0,0
2012-08-16,2012-10-25,OPTSTK,INFY,2000.0,CE,0.0,0.0,0.0,258.25,363.45,0,0.0,0
2012-08-16,2012-10-25,OPTSTK,INFY,2050.0,CE,0.0,0.0,0.0,228.75,321.0,0,0.0,0
2012-08-16,2012-10-25,OPTSTK,INFY,2100.0,CE,0.0,0.0,0.0,201.7,280.7,0,0.0,0
2012-08-16,2012-10-25,OPTSTK,INFY,2150.0,CE,0.0,0.0,0.0,176.95,243.1,0,0.0,0
2012-08-16,2012-10-25,OPTSTK,INFY,2200.0,CE,0.0,0.0,0.0,154.5,208.1,0,0.0,0
2012-08-16,2012-10-25,OPTSTK,INFY,2250.0,CE,0.0,0.0,0.0,150.0,176.35,0,0.0,125
2012-08-16,2012-10-25,OPTSTK,INFY,2300.0,CE,0.0,0.0,0.0,116.2,147.8,0,0.0,0
2012-08-16,2012-10-25,OPTSTK,INFY,2350.0,CE,0.0,0.0,0.0,100.1,122.5,0,0.0,0
2012-08-16,2012-10-25,OPTSTK,INFY,2400.0,CE,0.0,0.0,0.0,85.85,100.4,0,0.0,0
2012-08-16,2012-10-25,OPTSTK,INFY,2450.0,CE,0.0,0.0,0.0,73.45,81.4,0,0.0,0
2012-08-16,2012-10-25,OPTSTK,INFY,2500.0,CE,0.0,0.0,0.0,62.6,65.25,0,0.0,0
2012-08-16,2012-10-25,OPTSTK,INFY,2550.0,CE,0.0,0.0,0.0,53.0,51.85,0,0.0,0
2012-08-16,2012-10-25,OPTSTK,INFY,2600.0,CE,0.0,0.0,0.0,44.8,40.65,0,0.0,0
2012-08-16,2012-10-25,OPTSTK,INFY,2650.0,CE,0.0,0.0,0.0,37.7,31.6,0,0.0,0
2012-08-16,2012-10-25,OPTSTK,INFY,2700.0,CE,0.0,0.0,0.0,31.65,24.3,0,0.0,0
2012-08-16,2012-10-25,OPTSTK,INFY,2750.0,CE,0.0,0.0,0.0,26.5,18.5,0,0.0,0
2012-08-16,2012-10-25,OPTSTK,INFY,2800.0,CE,0.0,0.0,0.0,22.1,13.95,0,0.0,0
2012-08-16,2012-10-25,OPTSTK,INFY,2850.0,CE,0.0,0.0,0.0,18.35,10.45,0,0.0,0
2012-08-16,2012-10-25,OPTSTK,INFY,2900.0,CE,0.0,0.0,0.0,15.2,7.75,0,0.0,0
2012-08-16,2012-10-25,OPTSTK,INFY,2950.0,CE,0.0,0.0,0.0,12.6,5.7,0,0.0,0
2012-08-16,2012-10-25,OPTSTK,INFY,3000.0,CE,0.0,0.0,0.0,10.4,4.15,0,0.0,0
2012-08-16,2012-10-25,OPTSTK,INFY,3050.0,CE,0.0,0.0,0.0,8.55,3.0,0,0.0,0
2012-08-16,2012-10-25,OPTSTK,INFY,3100.0,CE,0.0,0.0,0.0,7.0,2.15,0,0.0,0
2012-08-16,2012-10-25,OPTSTK,INFY,1600.0,PE,0.0,0.0,0.0,9.2,0.1,0,0.0,0
2012-08-16,2012-10-25,OPTSTK,INFY,1650.0,PE,0.0,0.0,0.0,13.35,0.25,0,0.0,0
2012-08-16,2012-10-25,OPTSTK,INFY,1700.0,PE,0.0,0.0,0.0,18.75,0.5,0,0.0,0
2012-08-16,2012-10-25,OPTSTK,INFY,1750.0,PE,0.0,0.0,0.0,25.65,1.0,0,0.0,0
2012-08-16,2012-10-25,OPTSTK,INFY,1800.0,PE,0.0,0.0,0.0,34.25,1.85,0,0.0,0
2012-08-16,2012-10-25,OPTSTK,INFY,1850.0,PE,0.0,0.0,0.0,44.75,3.25,0,0.0,0
2012-08-16,2012-10-25,OPTSTK,INFY,1900.0,PE,0.0,0.0,0.0,57.35,5.5,0,0.0,0
2012-08-16,2012-10-25,OPTSTK,INFY,1950.0,PE,0.0,0.0,0.0,72.0,8.85,0,0.0,0
2012-08-16,2012-10-25,OPTSTK,INFY,2000.0,PE,0.0,0.0,0.0,16.0,13.65,0,0.0,125
2012-08-16,2012-10-25,OPTSTK,INFY,2050.0,PE,0.0,0.0,0.0,108.45,20.35,0,0.0,0
2012-08-16,2012-10-25,OPTSTK,INFY,2100.0,PE,0.0,0.0,0.0,130.2,29.2,0,0.0,0
2012-08-16,2012-10-25,OPTSTK,INFY,2150.0,PE,0.0,0.0,0.0,154.3,40.75,0,0.0,0
2012-08-16,2012-10-25,OPTSTK,INFY,2200.0,PE,0.0,0.0,0.0,180.75,54.9,0,0.0,0
2012-08-16,2012-10-25,OPTSTK,INFY,2250.0,PE,0.0,0.0,0.0,209.4,72.25,0,0.0,0
2012-08-16,2012-10-25,OPTSTK,INFY,2300.0,PE,0.0,0.0,0.0,240.15,92.85,0,0.0,0
2012-08-16,2012-10-25,OPTSTK,INFY,2350.0,PE,0.0,0.0,0.0,272.95,116.7,0,0.0,0
2012-08-16,2012-10-25,OPTSTK,INFY,2400.0,PE,0.0,0.0,0.0,307.6,143.75,0,0.0,0
2012-08-16,2012-10-25,OPTSTK,INFY,2450.0,PE,0.0,0.0,0.0,344.05,173.85,0,0.0,0
2012-08-16,2012-10-25,OPTSTK,INFY,2500.0,PE,0.0,0.0,0.0,382.0,206.9,0,0.0,0
2012-08-16,2012-10-25,OPTSTK,INFY,2550.0,PE,0.0,0.0,0.0,421.3,242.65,0,0.0,0
2012-08-16,2012-10-25,OPTSTK,INFY,2600.0,PE,0.0,0.0,0.0,461.95,280.6,0,0.0,0
2012-08-16,2012-10-25,OPTSTK,INFY,2650.0,PE,0.0,0.0,0.0,503.75,320.65,0,0.0,0
2012-08-16,2012-10-25,OPTSTK,INFY,2700.0,PE,0.0,0.0,0.0,546.55,362.5,0,0.0,0
2012-08-16,2012-10-25,OPTSTK,INFY,2750.0,PE,0.0,0.0,0.0,590.25,405.85,0,0.0,0
2012-08-16,2012-10-25,OPTSTK,INFY,2800.0,PE,0.0,0.0,0.0,634.7,450.45,0,0.0,0
2012-08-16,2012-10-25,OPTSTK,INFY,2850.0,PE,0.0,0.0,0.0,679.85,496.05,0,0.0,0
2012-08-16,2012-10-25,OPTSTK,INFY,2900.0,PE,0.0,0.0,0.0,725.6,542.5,0,0.0,0
2012-08-16,2012-10-25,OPTSTK,INFY,2950.0,PE,0.0,0.0,0.0,771.8,589.6,0,0.0,0
2012-08-16,2012-10-25,OPTSTK,INFY,3000.0,PE,0.0,0.0,0.0,818.5,637.2,0,0.0,0
2012-08-16,2012-10-25,OPTSTK,INFY,3050.0,PE,0.0,0.0,0.0,865.5,685.2,0,0.0,0
2012-08-16,2012-10-25,OPTSTK,INFY,3100.0,PE,0.0,0.0,0.0,912.85,733.5,0,0.0,0
2012-08-16,2012-08-30,OPTSTK,IOB,45.0,CE,0.0,0.0,0.0,37.3,27.95,0,0.0,0
2012-08-16,2012-08-30,OPTSTK,IOB,50.0,CE,0.0,0.0,0.0,32.45,23.0,0,0.0,0
2012-08-16,2012-08-30,OPTSTK,IOB,55.0,CE,0.0,0.0,0.0,27.55,18.0,0,0.0,0
2012-08-16,2012-08-30,OPTSTK,IOB,60.0,CE,0.0,0.0,0.0,22.8,13.05,0,0.0,0
2012-08-16,2012-08-30,OPTSTK,IOB,65.0,CE,0.0,0.0,0.0,18.15,8.2,0,0.0,0
2012-08-16,2012-08-30,OPTSTK,IOB,70.0,CE,3.75,4.0,3.75,4.0,4.0,3,8.86,40000
2012-08-16,2012-08-30,OPTSTK,IOB,75.0,CE,0.75,0.75,0.75,0.75,0.75,1,3.03,68000
2012-08-16,2012-08-30,OPTSTK,IOB,80.0,CE,0.0,0.0,0.0,0.4,0.35,0,0.0,20000
2012-08-16,2012-08-30,OPTSTK,IOB,85.0,CE,0.0,0.0,0.0,4.7,0.05,0,0.0,0
2012-08-16,2012-08-30,OPTSTK,IOB,90.0,CE,0.0,0.0,0.0,3.0,0.05,0,0.0,0
2012-08-16,2012-08-30,OPTSTK,IOB,95.0,CE,0.0,0.0,0.0,1.85,0.0,0,0.0,0
2012-08-16,2012-08-30,OPTSTK,IOB,100.0,CE,0.0,0.0,0.0,1.1,0.0,0,0.0,0
2012-08-16,2012-08-30,OPTSTK,IOB,105.0,CE,0.0,0.0,0.0,0.6,0.0,0,0.0,0
2012-08-16,2012-08-30,OPTSTK,IOB,110.0,CE,0.0,0.0,0.0,0.35,0.0,0,0.0,0
2012-08-16,2012-08-30,OPTSTK,IOB,115.0,CE,0.0,0.0,0.0,0.2,0.0,0,0.0,0
2012-08-16,2012-08-30,OPTSTK,IOB,120.0,CE,0.0,0.0,0.0,0.1,0.0,0,0.0,0
2012-08-16,2012-08-30,OPTSTK,IOB,125.0,CE,0.0,0.0,0.0,0.05,0.0,0,0.0,0
2012-08-16,2012-08-30,OPTSTK,IOB,130.0,CE,0.0,0.0,0.0,0.05,0.0,0,0.0,0
2012-08-16,2012-08-30,OPTSTK,IOB,45.0,PE,0.0,0.0,0.0,0.05,0.0,0,0.0,0
2012-08-16,2012-08-30,OPTSTK,IOB,50.0,PE,0.0,0.0,0.0,0.05,0.0,0,0.0,0
2012-08-16,2012-08-30,OPTSTK,IOB,55.0,PE,0.0,0.0,0.0,0.05,0.0,0,0.0,0
2012-08-16,2012-08-30,OPTSTK,IOB,60.0,PE,0.0,0.0,0.0,1.0,0.05,0,0.0,4000
2012-08-16,2012-08-30,OPTSTK,IOB,65.0,PE,0.0,0.0,0.0,0.4,0.15,0,0.0,0
2012-08-16,2012-08-30,OPTSTK,IOB,70.0,PE,0.0,0.0,0.0,1.9,1.0,0,0.0,4000
2012-08-16,2012-08-30,OPTSTK,IOB,75.0,PE,0.0,0.0,0.0,2.15,3.35,0,0.0,0
2012-08-16,2012-08-30,OPTSTK,IOB,80.0,PE,0.0,0.0,0.0,3.95,7.3,0,0.0,0
2012-08-16,2012-08-30,OPTSTK,IOB,85.0,PE,0.0,0.0,0.0,6.45,12.0,0,0.0,0
2012-08-16,2012-08-30,OPTSTK,IOB,90.0,PE,0.0,0.0,0.0,9.65,16.9,0,0.0,0
2012-08-16,2012-08-30,OPTSTK,IOB,95.0,PE,0.0,0.0,0.0,13.35,21.9,0,0.0,0
2012-08-16,2012-08-30,OPTSTK,IOB,100.0,PE,0.0,0.0,0.0,17.45,26.9,0,0.0,0
2012-08-16,2012-08-30,OPTSTK,IOB,105.0,PE,0.0,0.0,0.0,21.9,31.85,0,0.0,0
2012-08-16,2012-08-30,OPTSTK,IOB,110.0,PE,0.0,0.0,0.0,26.5,36.85,0,0.0,0
2012-08-16,2012-08-30,OPTSTK,IOB,115.0,PE,0.0,0.0,0.0,31.2,41.85,0,0.0,0
2012-08-16,2012-08-30,OPTSTK,IOB,120.0,PE,0.0,0.0,0.0,36.0,46.8,0,0.0,0
2012-08-16,2012-08-30,OPTSTK,IOB,125.0,PE,0.0,0.0,0.0,40.85,51.8,0,0.0,0
2012-08-16,2012-08-30,OPTSTK,IOB,130.0,PE,0.0,0.0,0.0,45.7,56.8,0,0.0,0
2012-08-16,2012-09-27,OPTSTK,IOB,45.0,CE,0.0,0.0,0.0,38.5,28.3,0,0.0,0
2012-08-16,2012-09-27,OPTSTK,IOB,50.0,CE,0.0,0.0,0.0,33.65,23.35,0,0.0,0
2012-08-16,2012-09-27,OPTSTK,IOB,55.0,CE,0.0,0.0,0.0,28.75,18.45,0,0.0,0
2012-08-16,2012-09-27,OPTSTK,IOB,60.0,CE,0.0,0.0,0.0,23.9,13.65,0,0.0,0
2012-08-16,2012-09-27,OPTSTK,IOB,65.0,CE,0.0,0.0,0.0,19.1,9.35,0,0.0,0
2012-08-16,2012-09-27,OPTSTK,IOB,70.0,CE,0.0,0.0,0.0,14.5,5.75,0,0.0,0
2012-08-16,2012-09-27,OPTSTK,IOB,75.0,CE,0.0,0.0,0.0,10.3,3.2,0,0.0,0
2012-08-16,2012-09-27,OPTSTK,IOB,80.0,CE,0.0,0.0,0.0,6.8,1.6,0,0.0,0
2012-08-16,2012-09-27,OPTSTK,IOB,85.0,CE,0.0,0.0,0.0,4.15,0.75,0,0.0,0
2012-08-16,2012-09-27,OPTSTK,IOB,90.0,CE,0.0,0.0,0.0,2.35,0.3,0,0.0,0
2012-08-16,2012-09-27,OPTSTK,IOB,95.0,CE,0.0,0.0,0.0,1.25,0.15,0,0.0,0
2012-08-16,2012-09-27,OPTSTK,IOB,100.0,CE,0.0,0.0,0.0,0.6,0.05,0,0.0,0
2012-08-16,2012-09-27,OPTSTK,IOB,105.0,CE,0.0,0.0,0.0,0.3,0.05,0,0.0,0
2012-08-16,2012-09-27,OPTSTK,IOB,110.0,CE,0.0,0.0,0.0,0.15,0.0,0,0.0,0
2012-08-16,2012-09-27,OPTSTK,IOB,115.0,CE,0.0,0.0,0.0,0.05,0.0,0,0.0,0
2012-08-16,2012-09-27,OPTSTK,IOB,120.0,CE,0.0,0.0,0.0,0.05,0.0,0,0.0,0
2012-08-16,2012-09-27,OPTSTK,IOB,125.0,CE,0.0,0.0,0.0,0.05,0.0,0,0.0,0
2012-08-16,2012-09-27,OPTSTK,IOB,130.0,CE,0.0,0.0,0.0,0.05,0.0,0,0.0,0
2012-08-16,2012-09-27,OPTSTK,IOB,45.0,PE,0.0,0.0,0.0,0.05,0.0,0,0.0,0
2012-08-16,2012-09-27,OPTSTK,IOB,50.0,PE,0.0,0.0,0.0,0.05,0.0,0,0.0,0
2012-08-16,2012-09-27,OPTSTK,IOB,55.0,PE,0.0,0.0,0.0,0.05,0.05,0,0.0,0
2012-08-16,2012-09-27,OPTSTK,IOB,60.0,PE,0.0,0.0,0.0,0.05,0.25,0,0.0,0
2012-08-16,2012-09-27,OPTSTK,IOB,65.0,PE,0.0,0.0,0.0,0.1,0.85,0,0.0,0
2012-08-16,2012-09-27,OPTSTK,IOB,70.0,PE,0.0,0.0,0.0,0.4,2.25,0,0.0,0
2012-08-16,2012-09-27,OPTSTK,IOB,75.0,PE,0.0,0.0,0.0,1.1,4.65,0,0.0,0
2012-08-16,2012-09-27,OPTSTK,IOB,80.0,PE,0.0,0.0,0.0,2.5,8.0,0,0.0,0
2012-08-16,2012-09-27,OPTSTK,IOB,85.0,PE,0.0,0.0,0.0,4.75,12.05,0,0.0,0
2012-08-16,2012-09-27,OPTSTK,IOB,90.0,PE,0.0,0.0,0.0,7.8,16.6,0,0.0,0
2012-08-16,2012-09-27,OPTSTK,IOB,95.0,PE,0.0,0.0,0.0,11.6,21.35,0,0.0,0
2012-08-16,2012-09-27,OPTSTK,IOB,100.0,PE,0.0,0.0,0.0,15.85,26.2,0,0.0,0
2012-08-16,2012-09-27,OPTSTK,IOB,105.0,PE,0.0,0.0,0.0,20.4,31.15,0,0.0,0
2012-08-16,2012-09-27,OPTSTK,IOB,110.0,PE,0.0,0.0,0.0,25.15,36.1,0,0.0,0
2012-08-16,2012-09-27,OPTSTK,IOB,115.0,PE,0.0,0.0,0.0,29.95,41.05,0,0.0,0
2012-08-16,2012-09-27,OPTSTK,IOB,120.0,PE,0.0,0.0,0.0,34.8,46.0,0,0.0,0
2012-08-16,2012-09-27,OPTSTK,IOB,125.0,PE,0.0,0.0,0.0,39.65,50.95,0,0.0,0
2012-08-16,2012-09-27,OPTSTK,IOB,130.0,PE,0.0,0.0,0.0,44.55,55.9,0,0.0,0
2012-08-16,2012-10-25,OPTSTK,IOB,45.0,CE,0.0,0.0,0.0,29.85,28.6,0,0.0,0
2012-08-16,2012-10-25,OPTSTK,IOB,50.0,CE,0.0,0.0,0.0,25.15,23.7,0,0.0,0
2012-08-16,2012-10-25,OPTSTK,IOB,55.0,CE,0.0,0.0,0.0,20.65,18.95,0,0.0,0
2012-08-16,2012-10-25,OPTSTK,IOB,60.0,CE,0.0,0.0,0.0,16.5,14.45,0,0.0,0
2012-08-16,2012-10-25,OPTSTK,IOB,65.0,CE,0.0,0.0,0.0,12.8,10.4,0,0.0,0
2012-08-16,2012-10-25,OPTSTK,IOB,70.0,CE,0.0,0.0,0.0,9.7,7.1,0,0.0,0
2012-08-16,2012-10-25,OPTSTK,IOB,75.0,CE,0.0,0.0,0.0,7.15,4.55,0,0.0,0
2012-08-16,2012-10-25,OPTSTK,IOB,80.0,CE,0.0,0.0,0.0,5.15,2.75,0,0.0,0
2012-08-16,2012-10-25,OPTSTK,IOB,85.0,CE,0.0,0.0,0.0,3.6,1.6,0,0.0,0
2012-08-16,2012-10-25,OPTSTK,IOB,90.0,CE,0.0,0.0,0.0,2.5,0.85,0,0.0,0
2012-08-16,2012-10-25,OPTSTK,IOB,95.0,CE,0.0,0.0,0.0,1.7,0.45,0,0.0,0
2012-08-16,2012-10-25,OPTSTK,IOB,100.0,CE,0.0,0.0,0.0,1.15,0.25,0,0.0,0
2012-08-16,2012-10-25,OPTSTK,IOB,105.0,CE,0.0,0.0,0.0,0.75,0.15,0,0.0,0
2012-08-16,2012-10-25,OPTSTK,IOB,110.0,CE,0.0,0.0,0.0,0.5,0.05,0,0.0,0
2012-08-16,2012-10-25,OPTSTK,IOB,115.0,CE,0.0,0.0,0.0,0.35,0.05,0,0.0,0
2012-08-16,2012-10-25,OPTSTK,IOB,120.0,CE,0.0,0.0,0.0,0.2,0.05,0,0.0,0
2012-08-16,2012-10-25,OPTSTK,IOB,125.0,CE,0.0,0.0,0.0,0.15,0.0,0,0.0,0
2012-08-16,2012-10-25,OPTSTK,IOB,45.0,PE,0.0,0.0,0.0,0.1,0.0,0,0.0,0
2012-08-16,2012-10-25,OPTSTK,IOB,50.0,PE,0.0,0.0,0.0,0.25,0.05,0,0.0,0
2012-08-16,2012-10-25,OPTSTK,IOB,55.0,PE,0.0,0.0,0.0,0.65,0.2,0,0.0,0
2012-08-16,2012-10-25,OPTSTK,IOB,60.0,PE,0.0,0.0,0.0,1.35,0.6,0,0.0,0
2012-08-16,2012-10-25,OPTSTK,IOB,65.0,PE,0.0,0.0,0.0,2.6,1.5,0,0.0,0
2012-08-16,2012-10-25,OPTSTK,IOB,70.0,PE,0.0,0.0,0.0,4.35,3.05,0,0.0,0
2012-08-16,2012-10-25,OPTSTK,IOB,75.0,PE,0.0,0.0,0.0,6.7,5.45,0,0.0,0
2012-08-16,2012-10-25,OPTSTK,IOB,80.0,PE,0.0,0.0,0.0,9.55,8.6,0,0.0,0
2012-08-16,2012-10-25,OPTSTK,IOB,85.0,PE,0.0,0.0,0.0,12.95,12.35,0,0.0,0
2012-08-16,2012-10-25,OPTSTK,IOB,90.0,PE,0.0,0.0,0.0,16.7,16.55,0,0.0,0
2012-08-16,2012-10-25,OPTSTK,IOB,95.0,PE,0.0,0.0,0.0,20.8,21.05,0,0.0,0
2012-08-16,2012-10-25,OPTSTK,IOB,100.0,PE,0.0,0.0,0.0,25.15,25.75,0,0.0,0
2012-08-16,2012-10-25,OPTSTK,IOB,105.0,PE,0.0,0.0,0.0,29.65,30.55,0,0.0,0
2012-08-16,2012-10-25,OPTSTK,IOB,110.0,PE,0.0,0.0,0.0,34.25,35.4,0,0.0,0
2012-08-16,2012-10-25,OPTSTK,IOB,115.0,PE,0.0,0.0,0.0,38.95,40.25,0,0.0,0
2012-08-16,2012-10-25,OPTSTK,IOB,120.0,PE,0.0,0.0,0.0,43.75,45.15,0,0.0,0
2012-08-16,2012-10-25,OPTSTK,IOB,125.0,PE,0.0,0.0,0.0,48.55,50.1,0,0.0,0
2012-08-16,2012-08-30,OPTSTK,IOC,160.0,CE,0.0,0.0,0.0,99.45,91.05,0,0.0,0
2012-08-16,2012-08-30,OPTSTK,IOC,180.0,CE,0.0,0.0,0.0,79.95,71.1,0,0.0,0
2012-08-16,2012-08-30,OPTSTK,IOC,190.0,CE,0.0,0.0,0.0,64.2,61.15,0,0.0,0
2012-08-16,2012-08-30,OPTSTK,IOC,200.0,CE,0.0,0.0,0.0,60.65,51.2,0,0.0,0
2012-08-16,2012-08-30,OPTSTK,IOC,210.0,CE,0.0,0.0,0.0,45.25,41.2,0,0.0,0
2012-08-16,2012-08-30,OPTSTK,IOC,220.0,CE,0.0,0.0,0.0,42.2,31.25,0,0.0,0
2012-08-16,2012-08-30,OPTSTK,IOC,230.0,CE,0.0,0.0,0.0,28.15,21.45,0,0.0,0
2012-08-16,2012-08-30,OPTSTK,IOC,240.0,CE,0.0,0.0,0.0,26.25,12.45,0,0.0,0
2012-08-16,2012-08-30,OPTSTK,IOC,250.0,CE,0.0,0.0,0.0,15.0,5.65,0,0.0,0
2012-08-16,2012-08-30,OPTSTK,IOC,260.0,CE,3.0,3.0,3.0,3.0,3.0,1,2.63,18000
2012-08-16,2012-08-30,OPTSTK,IOC,270.0,CE,0.0,0.0,0.0,1.5,0.45,0,0.0,11000
2012-08-16,2012-08-30,OPTSTK,IOC,280.0,CE,0.0,0.0,0.0,6.75,0.1,0,0.0,0
2012-08-16,2012-08-30,OPTSTK,IOC,290.0,CE,0.0,0.0,0.0,2.55,0.05,0,0.0,0
2012-08-16,2012-08-30,OPTSTK,IOC,300.0,CE,0.0,0.0,0.0,1.5,0.0,0,0.0,1000
2012-08-16,2012-08-30,OPTSTK,IOC,320.0,CE,0.0,0.0,0.0,1.05,0.0,0,0.0,0
2012-08-16,2012-08-30,OPTSTK,IOC,340.0,CE,0.0,0.0,0.0,0.35,0.0,0,0.0,0
2012-08-16,2012-08-30,OPTSTK,IOC,360.0,CE,0.0,0.0,0.0,0.1,0.0,0,0.0,0
2012-08-16,2012-08-30,OPTSTK,IOC,380.0,CE,0.0,0.0,0.0,0.05,0.0,0,0.0,0
2012-08-16,2012-08-30,OPTSTK,IOC,400.0,CE,0.0,0.0,0.0,0.05,0.0,0,0.0,0
2012-08-16,2012-08-30,OPTSTK,IOC,420.0,CE,0.0,0.0,0.0,0.05,0.0,0,0.0,0
2012-08-16,2012-08-30,OPTSTK,IOC,440.0,CE,0.0,0.0,0.0,0.05,0.0,0,0.0,0
2012-08-16,2012-08-30,OPTSTK,IOC,460.0,CE,0.0,0.0,0.0,0.05,0.0,0,0.0,0
2012-08-16,2012-08-30,OPTSTK,IOC,160.0,PE,0.0,0.0,0.0,0.05,0.0,0,0.0,0
2012-08-16,2012-08-30,OPTSTK,IOC,180.0,PE,0.0,0.0,0.0,0.05,0.0,0,0.0,0
2012-08-16,2012-08-30,OPTSTK,IOC,190.0,PE,0.0,0.0,0.0,0.1,0.0,0,0.0,0
2012-08-16,2012-08-30,OPTSTK,IOC,200.0,PE,0.0,0.0,0.0,0.25,0.0,0,0.0,0
2012-08-16,2012-08-30,OPTSTK,IOC,210.0,PE,0.0,0.0,0.0,0.65,0.0,0,0.0,0
2012-08-16,2012-08-30,OPTSTK,IOC,220.0,PE,0.0,0.0,0.0,1.3,0.05,0,0.0,0
2012-08-16,2012-08-30,OPTSTK,IOC,230.0,PE,0.0,0.0,0.0,3.15,0.2,0,0.0,0
2012-08-16,2012-08-30,OPTSTK,IOC,240.0,PE,0.0,0.0,0.0,4.85,1.15,0,0.0,0
2012-08-16,2012-08-30,OPTSTK,IOC,250.0,PE,0.0,0.0,0.0,5.0,4.3,0,0.0,1000
2012-08-16,2012-08-30,OPTSTK,IOC,260.0,PE,0.0,0.0,0.0,12.5,10.5,0,0.0,5000
2012-08-16,2012-08-30,OPTSTK,IOC,270.0,PE,0.0,0.0,0.0,4.55,19.05,0,0.0,2000
2012-08-16,2012-08-30,OPTSTK,IOC,280.0,PE,0.0,0.0,0.0,24.4,28.65,0,0.0,0
2012-08-16,2012-08-30,OPTSTK,IOC,290.0,PE,0.0,0.0,0.0,36.25,38.55,0,0.0,0
2012-08-16,2012-08-30,OPTSTK,IOC,300.0,PE,0.0,0.0,0.0,39.95,48.5,0,0.0,0
2012-08-16,2012-08-30,OPTSTK,IOC,320.0,PE,0.0,0.0,0.0,57.7,68.45,0,0.0,0
2012-08-16,2012-08-30,OPTSTK,IOC,340.0,PE,0.0,0.0,0.0,76.55,88.4,0,0.0,0
2012-08-16,2012-08-30,OPTSTK,IOC,360.0,PE,0.0,0.0,0.0,95.85,108.3,0,0.0,0
2012-08-16,2012-08-30,OPTSTK,IOC,380.0,PE,0.0,0.0,0.0,115.3,128.25,0,0.0,0
2012-08-16,2012-08-30,OPTSTK,IOC,400.0,PE,0.0,0.0,0.0,134.8,148.2,0,0.0,0
2012-08-16,2012-08-30,OPTSTK,IOC,420.0,PE,0.0,0.0,0.0,154.3,168.1,0,0.0,0
2012-08-16,2012-08-30,OPTSTK,IOC,440.0,PE,0.0,0.0,0.0,173.8,188.05,0,0.0,0
2012-08-16,2012-08-30,OPTSTK,IOC,460.0,PE,0.0,0.0,0.0,193.35,208.0,0,0.0,0
2012-08-16,2012-09-27,OPTSTK,IOC,160.0,CE,0.0,0.0,0.0,96.85,92.15,0,0.0,0
2012-08-16,2012-09-27,OPTSTK,IOC,180.0,CE,0.0,0.0,0.0,77.35,72.4,0,0.0,0
2012-08-16,2012-09-27,OPTSTK,IOC,200.0,CE,0.0,0.0,0.0,58.15,52.6,0,0.0,0
2012-08-16,2012-09-27,OPTSTK,IOC,220.0,CE,0.0,0.0,0.0,40.2,33.2,0,0.0,0
2012-08-16,2012-09-27,OPTSTK,IOC,240.0,CE,0.0,0.0,0.0,24.95,16.4,0,0.0,0
2012-08-16,2012-09-27,OPTSTK,IOC,260.0,CE,0.0,0.0,0.0,13.75,5.7,0,0.0,0
2012-08-16,2012-09-27,OPTSTK,IOC,280.0,CE,0.0,0.0,0.0,6.7,1.35,0,0.0,0
2012-08-16,2012-09-27,OPTSTK,IOC,300.0,CE,0.0,0.0,0.0,2.9,0.2,0,0.0,0
2012-08-16,2012-09-27,OPTSTK,IOC,320.0,CE,0.0,0.0,0.0,1.15,0.05,0,0.0,0
2012-08-16,2012-09-27,OPTSTK,IOC,340.0,CE,0.0,0.0,0.0,0.4,0.0,0,0.0,0
2012-08-16,2012-09-27,OPTSTK,IOC,360.0,CE,0.0,0.0,0.0,0.15,0.0,0,0.0,0
2012-08-16,2012-09-27,OPTSTK,IOC,380.0,CE,0.0,0.0,0.0,0.05,0.0,0,0.0,0
2012-08-16,2012-09-27,OPTSTK,IOC,400.0,CE,0.0,0.0,0.0,0.05,0.0,0,0.0,0
2012-08-16,2012-09-27,OPTSTK,IOC,420.0,CE,0.0,0.0,0.0,0.05,0.0,0,0.0,0
2012-08-16,2012-09-27,OPTSTK,IOC,440.0,CE,0.0,0.0,0.0,0.05,0.0,0,0.0,0
2012-08-16,2012-09-27,OPTSTK,IOC,460.0,CE,0.0,0.0,0.0,0.05,0.0,0,0.0,0
2012-08-16,2012-09-27,OPTSTK,IOC,160.0,PE,0.0,0.0,0.0,0.05,0.0,0,0.0,0
2012-08-16,2012-09-27,OPTSTK,IOC,180.0,PE,0.0,0.0,0.0,0.05,0.0,0,0.0,0
2012-08-16,2012-09-27,OPTSTK,IOC,200.0,PE,0.0,0.0,0.0,0.4,0.05,0,0.0,0
2012-08-16,2012-09-27,OPTSTK,IOC,220.0,PE,0.0,0.0,0.0,1.95,0.45,0,0.0,0
2012-08-16,2012-09-27,OPTSTK,IOC,240.0,PE,0.0,0.0,0.0,6.25,3.4,0,0.0,0
2012-08-16,2012-09-27,OPTSTK,IOC,260.0,PE,0.0,0.0,0.0,14.6,12.5,0,0.0,0
2012-08-16,2012-09-27,OPTSTK,IOC,280.0,PE,0.0,0.0,0.0,27.1,27.95,0,0.0,0
2012-08-16,2012-09-27,OPTSTK,IOC,300.0,PE,0.0,0.0,0.0,42.85,46.6,0,0.0,0
2012-08-16,2012-09-27,OPTSTK,IOC,320.0,PE,0.0,0.0,0.0,60.6,66.25,0,0.0,0
2012-08-16,2012-09-27,OPTSTK,IOC,340.0,PE,0.0,0.0,0.0,79.4,86.0,0,0.0,0
2012-08-16,2012-09-27,OPTSTK,IOC,360.0,PE,0.0,0.0,0.0,98.7,105.8,0,0.0,0
2012-08-16,2012-09-27,OPTSTK,IOC,380.0,PE,0.0,0.0,0.0,118.1,125.6,0,0.0,0
2012-08-16,2012-09-27,OPTSTK,IOC,400.0,PE,0.0,0.0,0.0,137.65,145.4,0,0.0,0
2012-08-16,2012-09-27,OPTSTK,IOC,420.0,PE,0.0,0.0,0.0,157.15,165.2,0,0.0,0
2012-08-16,2012-09-27,OPTSTK,IOC,440.0,PE,0.0,0.0,0.0,176.7,184.95,0,0.0,0
2012-08-16,2012-09-27,OPTSTK,IOC,460.0,PE,0.0,0.0,0.0,196.2,204.75,0,0.0,0
2012-08-16,2012-10-25,OPTSTK,IOC,160.0,CE,0.0,0.0,0.0,104.8,93.25,0,0.0,0
2012-08-16,2012-10-25,OPTSTK,IOC,180.0,CE,0.0,0.0,0.0,85.25,73.6,0,0.0,0
2012-08-16,2012-10-25,OPTSTK,IOC,200.0,CE,0.0,0.0,0.0,65.85,54.05,0,0.0,0
2012-08-16,2012-10-25,OPTSTK,IOC,220.0,CE,0.0,0.0,0.0,47.1,35.4,0,0.0,0
2012-08-16,2012-10-25,OPTSTK,IOC,240.0,CE,0.0,0.0,0.0,30.35,19.6,0,0.0,0
2012-08-16,2012-10-25,OPTSTK,IOC,260.0,CE,0.0,0.0,0.0,17.25,8.8,0,0.0,0
2012-08-16,2012-10-25,OPTSTK,IOC,280.0,CE,0.0,0.0,0.0,8.55,3.2,0,0.0,0
2012-08-16,2012-10-25,OPTSTK,IOC,300.0,CE,0.0,0.0,0.0,3.75,0.95,0,0.0,0
2012-08-16,2012-10-25,OPTSTK,IOC,320.0,CE,0.0,0.0,0.0,1.45,0.25,0,0.0,0
2012-08-16,2012-10-25,OPTSTK,IOC,340.0,CE,0.0,0.0,0.0,0.5,0.05,0,0.0,0
2012-08-16,2012-10-25,OPTSTK,IOC,360.0,CE,0.0,0.0,0.0,0.15,0.05,0,0.0,0
2012-08-16,2012-10-25,OPTSTK,IOC,380.0,CE,0.0,0.0,0.0,0.05,0.0,0,0.0,0
2012-08-16,2012-10-25,OPTSTK,IOC,400.0,CE,0.0,0.0,0.0,0.05,0.0,0,0.0,0
2012-08-16,2012-10-25,OPTSTK,IOC,420.0,CE,0.0,0.0,0.0,0.05,0.0,0,0.0,0
2012-08-16,2012-10-25,OPTSTK,IOC,440.0,CE,0.0,0.0,0.0,0.05,0.0,0,0.0,0
2012-08-16,2012-10-25,OPTSTK,IOC,460.0,CE,0.0,0.0,0.0,0.05,0.0,0,0.0,0
2012-08-16,2012-10-25,OPTSTK,IOC,160.0,PE,0.0,0.0,0.0,0.05,0.0,0,0.0,0
2012-08-16,2012-10-25,OPTSTK,IOC,180.0,PE,0.0,0.0,0.0,0.05,0.05,0,0.0,0
2012-08-16,2012-10-25,OPTSTK,IOC,200.0,PE,0.0,0.0,0.0,0.15,0.15,0,0.0,0
2012-08-16,2012-10-25,OPTSTK,IOC,220.0,PE,0.0,0.0,0.0,0.95,1.1,0,0.0,0
2012-08-16,2012-10-25,OPTSTK,IOC,240.0,PE,0.0,0.0,0.0,3.75,4.95,0,0.0,0
2012-08-16,2012-10-25,OPTSTK,IOC,260.0,PE,0.0,0.0,0.0,10.2,13.85,0,0.0,0
2012-08-16,2012-10-25,OPTSTK,IOC,280.0,PE,0.0,0.0,0.0,21.05,27.9,0,0.0,0
2012-08-16,2012-10-25,OPTSTK,IOC,300.0,PE,0.0,0.0,0.0,35.8,45.3,0,0.0,0
2012-08-16,2012-10-25,OPTSTK,IOC,320.0,PE,0.0,0.0,0.0,53.05,64.25,0,0.0,0
2012-08-16,2012-10-25,OPTSTK,IOC,340.0,PE,0.0,0.0,0.0,71.65,83.75,0,0.0,0
2012-08-16,2012-10-25,OPTSTK,IOC,360.0,PE,0.0,0.0,0.0,90.85,103.35,0,0.0,0
2012-08-16,2012-10-25,OPTSTK,IOC,380.0,PE,0.0,0.0,0.0,110.3,123.0,0,0.0,0
2012-08-16,2012-10-25,OPTSTK,IOC,400.0,PE,0.0,0.0,0.0,129.8,142.65,0,0.0,0
2012-08-16,2012-10-25,OPTSTK,IOC,420.0,PE,0.0,0.0,0.0,149.35,162.3,0,0.0,0
2012-08-16,2012-10-25,OPTSTK,IOC,440.0,PE,0.0,0.0,0.0,168.9,181.95,0,0.0,0
2012-08-16,2012-10-25,OPTSTK,IOC,460.0,PE,0.0,0.0,0.0,188.45,201.6,0,0.0,0
2012-08-16,2012-08-30,OPTSTK,IRB,60.0,CE,0.0,0.0,0.0,54.9,65.15,0,0.0,0
2012-08-16,2012-08-30,OPTSTK,IRB,70.0,CE,0.0,0.0,0.0,46.35,55.2,0,0.0,0
2012-08-16,2012-08-30,OPTSTK,IRB,80.0,CE,0.0,0.0,0.0,38.55,45.25,0,0.0,0
2012-08-16,2012-08-30,OPTSTK,IRB,90.0,CE,0.0,0.0,0.0,31.7,35.3,0,0.0,0
2012-08-16,2012-08-30,OPTSTK,IRB,100.0,CE,0.0,0.0,0.0,25.8,25.4,0,0.0,0
2012-08-16,2012-08-30,OPTSTK,IRB,110.0,CE,13.45,16.0,13.45,16.0,16.0,3,7.47,26000
2012-08-16,2012-08-30,OPTSTK,IRB,120.0,CE,5.9,8.25,5.5,7.1,7.1,126,319.92,266000
2012-08-16,2012-08-30,OPTSTK,IRB,130.0,CE,1.75,2.65,1.5,2.3,2.3,273,721.7,530000
2012-08-16,2012-08-30,OPTSTK,IRB,140.0,CE,0.45,0.55,0.3,0.5,0.5,64,179.77,256000
2012-08-16,2012-08-30,OPTSTK,IRB,150.0,CE,0.0,0.0,0.0,0.35,0.35,0,0.0,6000
2012-08-16,2012-08-30,OPTSTK,IRB,160.0,CE,0.0,0.0,0.0,6.65,0.1,0,0.0,0
2012-08-16,2012-08-30,OPTSTK,IRB,170.0,CE,2.75,2.75,0.25,1.5,1.5,2,6.86,0
2012-08-16,2012-08-30,OPTSTK,IRB,180.0,CE,0.0,0.0,0.0,4.2,0.0,0,0.0,0
2012-08-16,2012-08-30,OPTSTK,IRB,190.0,CE,0.0,0.0,0.0,3.3,0.0,0,0.0,0
2012-08-16,2012-08-30,OPTSTK,IRB,200.0,CE,0.0,0.0,0.0,2.6,0.0,0,0.0,0
2012-08-16,2012-08-30,OPTSTK,IRB,210.0,CE,0.0,0.0,0.0,2.1,0.0,0,0.0,0
2012-08-16,2012-08-30,OPTSTK,IRB,60.0,PE,0.0,0.0,0.0,0.85,0.0,0,0.0,0
2012-08-16,2012-08-30,OPTSTK,IRB,70.0,PE,0.0,0.0,0.0,2.0,0.0,0,0.0,0
2012-08-16,2012-08-30,OPTSTK,IRB,80.0,PE,0.0,0.0,0.0,0.5,0.0,0,0.0,2000
2012-08-16,2012-08-30,OPTSTK,IRB,90.0,PE,0.0,0.0,0.0,0.8,0.0,0,0.0,16000
2012-08-16,2012-08-30,OPTSTK,IRB,100.0,PE,0.2,0.2,0.1,0.1,0.1,10,20.03,130000
2012-08-16,2012-08-30,OPTSTK,IRB,110.0,PE,0.6,0.65,0.35,0.45,0.45,23,50.83,160000
2012-08-16,2012-08-30,OPTSTK,IRB,120.0,PE,2.75,2.75,1.6,1.9,1.9,79,192.84,162000
2012-08-16,2012-08-30,OPTSTK,IRB,130.0,PE,7.9,8.0,6.35,6.75,6.75,9,24.7,30000
2012-08-16,2012-08-30,OPTSTK,IRB,140.0,PE,0.0,0.0,0.0,34.6,15.85,0,0.0,0
2012-08-16,2012-08-30,OPTSTK,IRB,150.0,PE,0.0,0.0,0.0,42.15,24.9,0,0.0,0
2012-08-16,2012-08-30,OPTSTK,IRB,160.0,PE,0.0,0.0,0.0,50.15,34.6,0,0.0,0
2012-08-16,2012-08-30,OPTSTK,IRB,170.0,PE,0.0,0.0,0.0,58.55,44.5,0,0.0,0
2012-08-16,2012-08-30,OPTSTK,IRB,180.0,PE,0.0,0.0,0.0,67.2,54.45,0,0.0,0
2012-08-16,2012-08-30,OPTSTK,IRB,190.0,PE,0.0,0.0,0.0,76.1,64.45,0,0.0,0
2012-08-16,2012-08-30,OPTSTK,IRB,200.0,PE,0.0,0.0,0.0,85.15,74.4,0,0.0,0
2012-08-16,2012-08-30,OPTSTK,IRB,210.0,PE,0.0,0.0,0.0,94.35,84.35,0,0.0,0
2012-08-16,2012-09-27,OPTSTK,IRB,60.0,CE,0.0,0.0,0.0,62.95,65.6,0,0.0,0
2012-08-16,2012-09-27,OPTSTK,IRB,70.0,CE,0.0,0.0,0.0,53.4,55.7,0,0.0,0
2012-08-16,2012-09-27,OPTSTK,IRB,80.0,CE,0.0,0.0,0.0,44.25,45.85,0,0.0,0
2012-08-16,2012-09-27,OPTSTK,IRB,90.0,CE,0.0,0.0,0.0,35.8,36.25,0,0.0,0
2012-08-16,2012-09-27,OPTSTK,IRB,100.0,CE,0.0,0.0,0.0,28.3,27.2,0,0.0,0
2012-08-16,2012-09-27,OPTSTK,IRB,110.0,CE,0.0,0.0,0.0,21.85,19.25,0,0.0,0
2012-08-16,2012-09-27,OPTSTK,IRB,120.0,CE,0.0,0.0,0.0,9.65,12.8,0,0.0,2000
2012-08-16,2012-09-27,OPTSTK,IRB,130.0,CE,0.0,0.0,0.0,12.3,8.05,0,0.0,0
2012-08-16,2012-09-27,OPTSTK,IRB,140.0,CE,0.0,0.0,0.0,9.0,4.75,0,0.0,0
2012-08-16,2012-09-27,OPTSTK,IRB,150.0,CE,0.0,0.0,0.0,6.5,2.7,0,0.0,0
2012-08-16,2012-09-27,OPTSTK,IRB,160.0,CE,0.0,0.0,0.0,4.65,1.45,0,0.0,0
2012-08-16,2012-09-27,OPTSTK,IRB,170.0,CE,0.0,0.0,0.0,3.3,0.75,0,0.0,0
2012-08-16,2012-09-27,OPTSTK,IRB,180.0,CE,0.0,0.0,0.0,2.35,0.4,0,0.0,0
2012-08-16,2012-09-27,OPTSTK,IRB,190.0,CE,0.0,0.0,0.0,1.65,0.2,0,0.0,0
2012-08-16,2012-09-27,OPTSTK,IRB,200.0,CE,0.0,0.0,0.0,1.15,0.1,0,0.0,0
2012-08-16,2012-09-27,OPTSTK,IRB,210.0,CE,0.0,0.0,0.0,0.8,0.05,0,0.0,0
2012-08-16,2012-09-27,OPTSTK,IRB,60.0,PE,0.0,0.0,0.0,0.1,0.0,0,0.0,0
2012-08-16,2012-09-27,OPTSTK,IRB,70.0,PE,0.0,0.0,0.0,0.3,0.05,0,0.0,0
2012-08-16,2012-09-27,OPTSTK,IRB,80.0,PE,0.0,0.0,0.0,0.95,0.1,0,0.0,0
2012-08-16,2012-09-27,OPTSTK,IRB,90.0,PE,0.0,0.0,0.0,2.25,0.35,0,0.0,0
2012-08-16,2012-09-27,OPTSTK,IRB,100.0,PE,0.0,0.0,0.0,4.5,1.2,0,0.0,0
2012-08-16,2012-09-27,OPTSTK,IRB,110.0,PE,0.0,0.0,0.0,2.5,3.15,0,0.0,6000
2012-08-16,2012-09-27,OPTSTK,IRB,120.0,PE,0.0,0.0,0.0,4.85,6.6,0,0.0,0
2012-08-16,2012-09-27,OPTSTK,IRB,130.0,PE,0.0,0.0,0.0,17.8,11.75,0,0.0,0
2012-08-16,2012-09-27,OPTSTK,IRB,140.0,PE,0.0,0.0,0.0,24.3,18.35,0,0.0,0
2012-08-16,2012-09-27,OPTSTK,IRB,150.0,PE,0.0,0.0,0.0,31.6,26.2,0,0.0,0
2012-08-16,2012-09-27,OPTSTK,IRB,160.0,PE,0.0,0.0,0.0,39.5,34.85,0,0.0,0
2012-08-16,2012-09-27,OPTSTK,IRB,170.0,PE,0.0,0.0,0.0,47.9,44.05,0,0.0,0
2012-08-16,2012-09-27,OPTSTK,IRB,180.0,PE,0.0,0.0,0.0,56.7,53.6,0,0.0,0
2012-08-16,2012-09-27,OPTSTK,IRB,190.0,PE,0.0,0.0,0.0,65.8,63.3,0,0.0,0
2012-08-16,2012-09-27,OPTSTK,IRB,200.0,PE,0.0,0.0,0.0,75.05,73.1,0,0.0,0
2012-08-16,2012-09-27,OPTSTK,IRB,210.0,PE,0.0,0.0,0.0,84.45,82.95,0,0.0,0
2012-08-16,2012-10-25,OPTSTK,IRB,60.0,CE,0.0,0.0,0.0,58.1,66.0,0,0.0,0
2012-08-16,2012-10-25,OPTSTK,IRB,70.0,CE,0.0,0.0,0.0,48.4,56.25,0,0.0,0
2012-08-16,2012-10-25,OPTSTK,IRB,80.0,CE,0.0,0.0,0.0,39.05,46.65,0,0.0,0
2012-08-16,2012-10-25,OPTSTK,IRB,90.0,CE,0.0,0.0,0.0,30.3,37.5,0,0.0,0
2012-08-16,2012-10-25,OPTSTK,IRB,100.0,CE,0.0,0.0,0.0,22.55,29.15,0,0.0,0
2012-08-16,2012-10-25,OPTSTK,IRB,110.0,CE,0.0,0.0,0.0,16.15,21.9,0,0.0,0
2012-08-16,2012-10-25,OPTSTK,IRB,120.0,CE,0.0,0.0,0.0,11.1,15.9,0,0.0,0
2012-08-16,2012-10-25,OPTSTK,IRB,130.0,CE,0.0,0.0,0.0,7.4,11.2,0,0.0,0
2012-08-16,2012-10-25,OPTSTK,IRB,140.0,CE,0.0,0.0,0.0,4.8,7.65,0,0.0,0
2012-08-16,2012-10-25,OPTSTK,IRB,150.0,CE,0.0,0.0,0.0,3.05,5.15,0,0.0,0
2012-08-16,2012-10-25,OPTSTK,IRB,160.0,CE,0.0,0.0,0.0,1.9,3.4,0,0.0,0
2012-08-16,2012-10-25,OPTSTK,IRB,170.0,CE,0.0,0.0,0.0,1.15,2.2,0,0.0,0
2012-08-16,2012-10-25,OPTSTK,IRB,180.0,CE,0.0,0.0,0.0,0.7,1.4,0,0.0,0
2012-08-16,2012-10-25,OPTSTK,IRB,190.0,CE,0.0,0.0,0.0,0.4,0.9,0,0.0,0
2012-08-16,2012-10-25,OPTSTK,IRB,200.0,CE,0.0,0.0,0.0,0.25,0.55,0,0.0,0
2012-08-16,2012-10-25,OPTSTK,IRB,210.0,CE,0.0,0.0,0.0,0.15,0.35,0,0.0,0
2012-08-16,2012-10-25,OPTSTK,IRB,60.0,PE,0.0,0.0,0.0,0.05,0.05,0,0.0,0
2012-08-16,2012-10-25,OPTSTK,IRB,70.0,PE,0.0,0.0,0.0,0.15,0.1,0,0.0,0
2012-08-16,2012-10-25,OPTSTK,IRB,80.0,PE,0.0,0.0,0.0,0.5,0.3,0,0.0,0
2012-08-16,2012-10-25,OPTSTK,IRB,90.0,PE,0.0,0.0,0.0,1.55,1.0,0,0.0,0
2012-08-16,2012-10-25,OPTSTK,IRB,100.0,PE,0.0,0.0,0.0,3.6,2.5,0,0.0,0
2012-08-16,2012-10-25,OPTSTK,IRB,110.0,PE,0.0,0.0,0.0,6.95,5.05,0,0.0,0
2012-08-16,2012-10-25,OPTSTK,IRB,120.0,PE,0.0,0.0,0.0,11.7,8.9,0,0.0,0
2012-08-16,2012-10-25,OPTSTK,IRB,130.0,PE,0.0,0.0,0.0,17.75,14.0,0,0.0,0
2012-08-16,2012-10-25,OPTSTK,IRB,140.0,PE,0.0,0.0,0.0,24.9,20.3,0,0.0,0
2012-08-16,2012-10-25,OPTSTK,IRB,150.0,PE,0.0,0.0,0.0,32.95,27.6,0,0.0,0
2012-08-16,2012-10-25,OPTSTK,IRB,160.0,PE,0.0,0.0,0.0,41.55,35.7,0,0.0,0
2012-08-16,2012-10-25,OPTSTK,IRB,170.0,PE,0.0,0.0,0.0,50.6,44.3,0,0.0,0
2012-08-16,2012-10-25,OPTSTK,IRB,180.0,PE,0.0,0.0,0.0,59.9,53.35,0,0.0,0
2012-08-16,2012-10-25,OPTSTK,IRB,190.0,PE,0.0,0.0,0.0,69.4,62.65,0,0.0,0
2012-08-16,2012-10-25,OPTSTK,IRB,200.0,PE,0.0,0.0,0.0,79.0,72.15,0,0.0,0
2012-08-16,2012-10-25,OPTSTK,IRB,210.0,PE,0.0,0.0,0.0,88.7,81.8,0,0.0,0
2012-08-16,2012-08-30,OPTSTK,ITC,150.0,CE,0.0,0.0,0.0,83.0,108.85,0,0.0,0
2012-08-16,2012-08-30,OPTSTK,ITC,160.0,CE,0.0,0.0,0.0,73.3,98.9,0,0.0,0
2012-08-16,2012-08-30,OPTSTK,ITC,170.0,CE,0.0,0.0,0.0,63.7,88.95,0,0.0,0
2012-08-16,2012-08-30,OPTSTK,ITC,180.0,CE,0.0,0.0,0.0,54.35,78.95,0,0.0,0
2012-08-16,2012-08-30,OPTSTK,ITC,190.0,CE,0.0,0.0,0.0,45.35,69.0,0,0.0,0
2012-08-16,2012-08-30,OPTSTK,ITC,200.0,CE,0.0,0.0,0.0,36.95,59.05,0,0.0,0
2012-08-16,2012-08-30,OPTSTK,ITC,210.0,CE,0.0,0.0,0.0,29.3,49.05,0,0.0,0
2012-08-16,2012-08-30,OPTSTK,ITC,220.0,CE,0.0,0.0,0.0,18.0,39.1,0,0.0,1000
2012-08-16,2012-08-30,OPTSTK,ITC,230.0,CE,0.0,0.0,0.0,36.45,29.2,0,0.0,8000
2012-08-16,2012-08-30,OPTSTK,ITC,240.0,CE,21.15,21.15,21.15,21.15,21.15,1,2.61,19000
2012-08-16,2012-08-30,OPTSTK,ITC,250.0,CE,15.4,15.45,10.9,11.15,11.15,31,81.44,139000
2012-08-16,2012-08-30,OPTSTK,ITC,260.0,CE,9.0,9.0,3.75,4.05,4.05,562,1489.53,600000
2012-08-16,2012-08-30,OPTSTK,ITC,270.0,CE,3.25,3.25,0.85,1.0,1.0,1284,3484.44,1311000
2012-08-16,2012-08-30,OPTSTK,ITC,280.0,CE,0.85,0.85,0.2,0.25,0.25,217,608.25,363000
2012-08-16,2012-08-30,OPTSTK,ITC,290.0,CE,0.1,0.1,0.05,0.05,0.05,3,8.7,19000
2012-08-16,2012-08-30,OPTSTK,ITC,300.0,CE,0.0,0.0,0.0,1.0,0.05,0,0.0,1000
2012-08-16,2012-08-30,OPTSTK,ITC,320.0,CE,0.0,0.0,0.0,0.45,0.0,0,0.0,0
2012-08-16,2012-08-30,OPTSTK,ITC,340.0,CE,0.0,0.0,0.0,0.4,0.0,0,0.0,0
2012-08-16,2012-08-30,OPTSTK,ITC,360.0,CE,0.0,0.0,0.0,3.0,0.0,0,0.0,1000
2012-08-16,2012-08-30,OPTSTK,ITC,150.0,PE,0.0,0.0,0.0,0.8,0.0,0,0.0,2000
2012-08-16,2012-08-30,OPTSTK,ITC,160.0,PE,0.0,0.0,0.0,2.9,0.0,0,0.0,1000
2012-08-16,2012-08-30,OPTSTK,ITC,170.0,PE,0.0,0.0,0.0,0.25,0.0,0,0.0,0
2012-08-16,2012-08-30,OPTSTK,ITC,180.0,PE,0.0,0.0,0.0,0.65,0.0,0,0.0,0
2012-08-16,2012-08-30,OPTSTK,ITC,190.0,PE,0.0,0.0,0.0,1.4,0.0,0,0.0,0
2012-08-16,2012-08-30,OPTSTK,ITC,200.0,PE,0.0,0.0,0.0,2.75,0.0,0,0.0,0
2012-08-16,2012-08-30,OPTSTK,ITC,210.0,PE,0.0,0.0,0.0,4.9,0.0,0,0.0,0
2012-08-16,2012-08-30,OPTSTK,ITC,220.0,PE,0.0,0.0,0.0,1.5,0.05,0,0.0,3000
2012-08-16,2012-08-30,OPTSTK,ITC,230.0,PE,0.1,0.15,0.1,0.15,0.15,2,4.6,45000
2012-08-16,2012-08-30,OPTSTK,ITC,240.0,PE,0.3,0.45,0.3,0.45,0.45,83,199.49,607000
2012-08-16,2012-08-30,OPTSTK,ITC,250.0,PE,0.65,1.4,0.65,1.2,1.2,387,971.36,661000
2012-08-16,2012-08-30,OPTSTK,ITC,260.0,PE,1.9,4.65,1.65,4.25,4.25,1200,3157.84,484000
2012-08-16,2012-08-30,OPTSTK,ITC,270.0,PE,5.5,11.5,5.2,11.2,11.2,113,315.25,103000
2012-08-16,2012-08-30,OPTSTK,ITC,280.0,PE,17.0,19.8,17.0,19.8,19.8,4,11.91,6000
2012-08-16,2012-08-30,OPTSTK,ITC,290.0,PE,0.0,0.0,0.0,29.0,30.8,0,0.0,0
2012-08-16,2012-08-30,OPTSTK,ITC,300.0,PE,0.0,0.0,0.0,64.55,40.7,0,0.0,0
2012-08-16,2012-08-30,OPTSTK,ITC,320.0,PE,0.0,0.0,0.0,83.4,60.6,0,0.0,0
2012-08-16,2012-08-30,OPTSTK,ITC,340.0,PE,0.0,0.0,0.0,96.55,80.55,0,0.0,0
2012-08-16,2012-08-30,OPTSTK,ITC,360.0,PE,0.0,0.0,0.0,102.25,100.45,0,0.0,0
2012-08-16,2012-09-27,OPTSTK,ITC,160.0,CE,0.0,0.0,0.0,95.05,100.0,0,0.0,0
2012-08-16,2012-09-27,OPTSTK,ITC,180.0,CE,0.0,0.0,0.0,75.6,80.25,0,0.0,0
2012-08-16,2012-09-27,OPTSTK,ITC,200.0,CE,0.0,0.0,0.0,56.6,60.45,0,0.0,0
2012-08-16,2012-09-27,OPTSTK,ITC,210.0,CE,0.0,0.0,0.0,43.85,50.65,0,0.0,0
2012-08-16,2012-09-27,OPTSTK,ITC,220.0,CE,0.0,0.0,0.0,39.15,40.95,0,0.0,0
2012-08-16,2012-09-27,OPTSTK,ITC,230.0,CE,0.0,0.0,0.0,28.95,31.75,0,0.0,0
2012-08-16,2012-09-27,OPTSTK,ITC,240.0,CE,0.0,0.0,0.0,22.9,23.3,0,0.0,1000
2012-08-16,2012-09-27,OPTSTK,ITC,250.0,CE,17.2,17.25,17.2,17.25,17.25,2,5.34,4000
2012-08-16,2012-09-27,OPTSTK,ITC,260.0,CE,0.0,0.0,0.0,15.0,10.35,0,0.0,8000
2012-08-16,2012-09-27,OPTSTK,ITC,270.0,CE,5.0,5.95,3.7,4.0,4.0,33,90.53,28000
2012-08-16,2012-09-27,OPTSTK,ITC,280.0,CE,2.0,2.0,1.55,1.55,1.55,26,73.25,29000
2012-08-16,2012-09-27,OPTSTK,ITC,290.0,CE,0.0,0.0,0.0,0.35,1.8,0,0.0,3000
2012-08-16,2012-09-27,OPTSTK,ITC,300.0,CE,0.0,0.0,0.0,3.3,0.85,0,0.0,0
2012-08-16,2012-09-27,OPTSTK,ITC,320.0,CE,0.0,0.0,0.0,1.4,0.2,0,0.0,0
2012-08-16,2012-09-27,OPTSTK,ITC,340.0,CE,0.0,0.0,0.0,0.55,0.05,0,0.0,0
2012-08-16,2012-09-27,OPTSTK,ITC,360.0,CE,0.0,0.0,0.0,0.2,0.0,0,0.0,0
2012-08-16,2012-09-27,OPTSTK,ITC,160.0,PE,0.0,0.0,0.0,0.05,0.0,0,0.0,0
2012-08-16,2012-09-27,OPTSTK,ITC,180.0,PE,0.0,0.0,0.0,0.1,0.0,0,0.0,0
2012-08-16,2012-09-27,OPTSTK,ITC,200.0,PE,0.0,0.0,0.0,0.65,0.05,0,0.0,0
2012-08-16,2012-09-27,OPTSTK,ITC,210.0,PE,0.0,0.0,0.0,2.75,0.1,0,0.0,0
2012-08-16,2012-09-27,OPTSTK,ITC,220.0,PE,0.0,0.0,0.0,2.7,0.35,0,0.0,0
2012-08-16,2012-09-27,OPTSTK,ITC,230.0,PE,0.0,0.0,0.0,7.4,1.0,0,0.0,0
2012-08-16,2012-09-27,OPTSTK,ITC,240.0,PE,0.0,0.0,0.0,1.55,2.45,0,0.0,1000
2012-08-16,2012-09-27,OPTSTK,ITC,250.0,PE,1.95,3.25,1.9,3.15,3.15,27,68.19,26000
2012-08-16,2012-09-27,OPTSTK,ITC,260.0,PE,6.0,6.5,6.0,6.5,6.5,2,5.32,4000
2012-08-16,2012-09-27,OPTSTK,ITC,270.0,PE,0.0,0.0,0.0,9.0,15.05,0,0.0,1000
2012-08-16,2012-09-27,OPTSTK,ITC,280.0,PE,0.0,0.0,0.0,29.25,22.2,0,0.0,0
2012-08-16,2012-09-27,OPTSTK,ITC,290.0,PE,0.0,0.0,0.0,42.25,30.45,0,0.0,0
2012-08-16,2012-09-27,OPTSTK,ITC,300.0,PE,0.0,0.0,0.0,45.0,39.4,0,0.0,0
2012-08-16,2012-09-27,OPTSTK,ITC,320.0,PE,0.0,0.0,0.0,62.65,58.5,0,0.0,0
2012-08-16,2012-09-27,OPTSTK,ITC,340.0,PE,0.0,0.0,0.0,81.35,78.2,0,0.0,0
2012-08-16,2012-09-27,OPTSTK,ITC,360.0,PE,0.0,0.0,0.0,100.55,97.95,0,0.0,0
2012-08-16,2012-10-25,OPTSTK,ITC,160.0,CE,0.0,0.0,0.0,93.1,101.1,0,0.0,0
2012-08-16,2012-10-25,OPTSTK,ITC,170.0,CE,0.0,0.0,0.0,83.35,91.3,0,0.0,0
2012-08-16,2012-10-25,OPTSTK,ITC,180.0,CE,0.0,0.0,0.0,73.65,81.45,0,0.0,0
2012-08-16,2012-10-25,OPTSTK,ITC,190.0,CE,0.0,0.0,0.0,64.0,71.65,0,0.0,0
2012-08-16,2012-10-25,OPTSTK,ITC,200.0,CE,0.0,0.0,0.0,54.6,61.95,0,0.0,0
2012-08-16,2012-10-25,OPTSTK,ITC,210.0,CE,0.0,0.0,0.0,45.55,52.35,0,0.0,0
2012-08-16,2012-10-25,OPTSTK,ITC,220.0,CE,0.0,0.0,0.0,37.05,43.1,0,0.0,0
2012-08-16,2012-10-25,OPTSTK,ITC,230.0,CE,0.0,0.0,0.0,29.3,34.4,0,0.0,0
2012-08-16,2012-10-25,OPTSTK,ITC,240.0,CE,0.0,0.0,0.0,22.55,26.55,0,0.0,0
2012-08-16,2012-10-25,OPTSTK,ITC,250.0,CE,0.0,0.0,0.0,16.8,19.7,0,0.0,0
2012-08-16,2012-10-25,OPTSTK,ITC,260.0,CE,0.0,0.0,0.0,14.0,14.1,0,0.0,1000
2012-08-16,2012-10-25,OPTSTK,ITC,270.0,CE,0.0,0.0,0.0,8.55,9.65,0,0.0,0
2012-08-16,2012-10-25,OPTSTK,ITC,280.0,CE,0.0,0.0,0.0,5.85,6.35,0,0.0,0
2012-08-16,2012-10-25,OPTSTK,ITC,290.0,CE,0.0,0.0,0.0,3.9,4.05,0,0.0,0
2012-08-16,2012-10-25,OPTSTK,ITC,300.0,CE,0.0,0.0,0.0,2.55,2.5,0,0.0,0
2012-08-16,2012-10-25,OPTSTK,ITC,310.0,CE,0.0,0.0,0.0,1.6,1.45,0,0.0,0
2012-08-16,2012-10-25,OPTSTK,ITC,320.0,CE,0.0,0.0,0.0,1.0,0.85,0,0.0,0
2012-08-16,2012-10-25,OPTSTK,ITC,330.0,CE,0.0,0.0,0.0,0.6,0.45,0,0.0,0
2012-08-16,2012-10-25,OPTSTK,ITC,340.0,CE,0.0,0.0,0.0,0.35,0.25,0,0.0,0
2012-08-16,2012-10-25,OPTSTK,ITC,350.0,CE,0.0,0.0,0.0,0.2,0.15,0,0.0,0
2012-08-16,2012-10-25,OPTSTK,ITC,360.0,CE,0.0,0.0,0.0,0.2,0.1,0,0.0,0
2012-08-16,2012-10-25,OPTSTK,ITC,160.0,PE,0.0,0.0,0.0,0.05,0.0,0,0.0,0
2012-08-16,2012-10-25,OPTSTK,ITC,170.0,PE,0.0,0.0,0.0,0.05,0.0,0,0.0,0
2012-08-16,2012-10-25,OPTSTK,ITC,180.0,PE,0.0,0.0,0.0,0.1,0.05,0,0.0,0
2012-08-16,2012-10-25,OPTSTK,ITC,190.0,PE,0.0,0.0,0.0,0.25,0.05,0,0.0,0
2012-08-16,2012-10-25,OPTSTK,ITC,200.0,PE,0.0,0.0,0.0,0.6,0.15,0,0.0,0
2012-08-16,2012-10-25,OPTSTK,ITC,210.0,PE,0.0,0.0,0.0,1.3,0.4,0,0.0,0
2012-08-16,2012-10-25,OPTSTK,ITC,220.0,PE,0.0,0.0,0.0,2.6,1.0,0,0.0,0
2012-08-16,2012-10-25,OPTSTK,ITC,230.0,PE,0.0,0.0,0.0,4.65,2.1,0,0.0,0
2012-08-16,2012-10-25,OPTSTK,ITC,240.0,PE,0.0,0.0,0.0,7.65,4.1,0,0.0,0
2012-08-16,2012-10-25,OPTSTK,ITC,250.0,PE,0.0,0.0,0.0,11.7,7.1,0,0.0,0
2012-08-16,2012-10-25,OPTSTK,ITC,260.0,PE,0.0,0.0,0.0,16.85,11.25,0,0.0,0
2012-08-16,2012-10-25,OPTSTK,ITC,270.0,PE,0.0,0.0,0.0,23.0,16.7,0,0.0,0
2012-08-16,2012-10-25,OPTSTK,ITC,280.0,PE,0.0,0.0,0.0,30.05,23.2,0,0.0,0
2012-08-16,2012-10-25,OPTSTK,ITC,290.0,PE,0.0,0.0,0.0,37.85,30.7,0,0.0,0
2012-08-16,2012-10-25,OPTSTK,ITC,300.0,PE,0.0,0.0,0.0,46.25,39.0,0,0.0,0
2012-08-16,2012-10-25,OPTSTK,ITC,310.0,PE,0.0,0.0,0.0,55.1,47.8,0,0.0,0
2012-08-16,2012-10-25,OPTSTK,ITC,320.0,PE,0.0,0.0,0.0,64.3,57.0,0,0.0,0
2012-08-16,2012-10-25,OPTSTK,ITC,330.0,PE,0.0,0.0,0.0,73.65,66.45,0,0.0,0
2012-08-16,2012-10-25,OPTSTK,ITC,340.0,PE,0.0,0.0,0.0,83.2,76.05,0,0.0,0
2012-08-16,2012-10-25,OPTSTK,ITC,350.0,PE,0.0,0.0,0.0,92.85,85.8,0,0.0,0
2012-08-16,2012-10-25,OPTSTK,ITC,360.0,PE,0.0,0.0,0.0,97.4,95.55,0,0.0,0
2012-08-16,2012-08-30,OPTSTK,IVRCLINFRA,15.0,CE,0.0,0.0,0.0,26.0,30.85,0,0.0,0
2012-08-16,2012-08-30,OPTSTK,IVRCLINFRA,17.5,CE,0.0,0.0,0.0,23.6,28.4,0,0.0,0
2012-08-16,2012-08-30,OPTSTK,IVRCLINFRA,20.0,CE,0.0,0.0,0.0,21.2,25.9,0,0.0,0
2012-08-16,2012-08-30,OPTSTK,IVRCLINFRA,22.5,CE,0.0,0.0,0.0,18.9,23.4,0,0.0,0
2012-08-16,2012-08-30,OPTSTK,IVRCLINFRA,25.0,CE,0.0,0.0,0.0,16.7,20.9,0,0.0,0
2012-08-16,2012-08-30,OPTSTK,IVRCLINFRA,27.5,CE,0.0,0.0,0.0,14.65,18.4,0,0.0,0
2012-08-16,2012-08-30,OPTSTK,IVRCLINFRA,30.0,CE,0.0,0.0,0.0,12.75,15.9,0,0.0,0
2012-08-16,2012-08-30,OPTSTK,IVRCLINFRA,32.5,CE,0.0,0.0,0.0,11.0,13.45,0,0.0,0
2012-08-16,2012-08-30,OPTSTK,IVRCLINFRA,35.0,CE,0.0,0.0,0.0,9.45,10.95,0,0.0,0
2012-08-16,2012-08-30,OPTSTK,IVRCLINFRA,37.5,CE,0.0,0.0,0.0,8.05,8.5,0,0.0,0
2012-08-16,2012-08-30,OPTSTK,IVRCLINFRA,40.0,CE,0.0,0.0,0.0,6.75,6.15,0,0.0,20000
2012-08-16,2012-08-30,OPTSTK,IVRCLINFRA,42.5,CE,0.0,0.0,0.0,4.2,4.05,0,0.0,128000
2012-08-16,2012-08-30,OPTSTK,IVRCLINFRA,45.0,CE,1.95,2.6,1.95,2.1,2.1,57,107.9,540000
2012-08-16,2012-08-30,OPTSTK,IVRCLINFRA,47.5,CE,1.0,1.3,0.95,0.95,0.95,52,101.11,684000
2012-08-16,2012-08-30,OPTSTK,IVRCLINFRA,50.0,CE,0.5,0.55,0.4,0.45,0.45,42,84.82,1016000
2012-08-16,2012-08-30,OPTSTK,IVRCLINFRA,52.5,CE,0.2,0.2,0.2,0.2,0.2,5,10.54,148000
2012-08-16,2012-08-30,OPTSTK,IVRCLINFRA,55.0,CE,0.1,0.1,0.1,0.1,0.1,1,2.2,200000
2012-08-16,2012-08-30,OPTSTK,IVRCLINFRA,57.5,CE,0.0,0.0,0.0,2.0,0.05,0,0.0,0
2012-08-16,2012-08-30,OPTSTK,IVRCLINFRA,60.0,CE,0.0,0.0,0.0,0.05,0.05,0,0.0,0
2012-08-16,2012-08-30,OPTSTK,IVRCLINFRA,62.5,CE,0.0,0.0,0.0,1.4,0.0,0,0.0,0
2012-08-16,2012-08-30,OPTSTK,IVRCLINFRA,65.0,CE,0.0,0.0,0.0,0.2,0.0,0,0.0,0
2012-08-16,2012-08-30,OPTSTK,IVRCLINFRA,67.5,CE,0.0,0.0,0.0,1.35,0.0,0,0.0,0
2012-08-16,2012-08-30,OPTSTK,IVRCLINFRA,70.0,CE,0.0,0.0,0.0,1.6,0.0,0,0.0,0
2012-08-16,2012-08-30,OPTSTK,IVRCLINFRA,75.0,CE,0.0,0.0,0.0,1.85,0.0,0,0.0,0
2012-08-16,2012-08-30,OPTSTK,IVRCLINFRA,80.0,CE,0.0,0.0,0.0,1.0,0.0,0,0.0,0
2012-08-16,2012-08-30,OPTSTK,IVRCLINFRA,15.0,PE,0.0,0.0,0.0,0.05,0.0,0,0.0,0
2012-08-16,2012-08-30,OPTSTK,IVRCLINFRA,17.5,PE,0.0,0.0,0.0,0.05,0.0,0,0.0,0
2012-08-16,2012-08-30,OPTSTK,IVRCLINFRA,20.0,PE,0.0,0.0,0.0,0.15,0.0,0,0.0,0
2012-08-16,2012-08-30,OPTSTK,IVRCLINFRA,22.5,PE,0.0,0.0,0.0,0.25,0.0,0,0.0,0
2012-08-16,2012-08-30,OPTSTK,IVRCLINFRA,25.0,PE,0.0,0.0,0.0,0.5,0.0,0,0.0,0
2012-08-16,2012-08-30,OPTSTK,IVRCLINFRA,27.5,PE,0.0,0.0,0.0,0.9,0.0,0,0.0,0
2012-08-16,2012-08-30,OPTSTK,IVRCLINFRA,30.0,PE,0.0,0.0,0.0,1.4,0.0,0,0.0,0
2012-08-16,2012-08-30,OPTSTK,IVRCLINFRA,32.5,PE,0.0,0.0,0.0,2.1,0.0,0,0.0,0
2012-08-16,2012-08-30,OPTSTK,IVRCLINFRA,35.0,PE,0.0,0.0,0.0,0.1,0.05,0,0.0,4000
2012-08-16,2012-08-30,OPTSTK,IVRCLINFRA,37.5,PE,0.0,0.0,0.0,0.5,0.05,0,0.0,16000
2012-08-16,2012-08-30,OPTSTK,IVRCLINFRA,40.0,PE,0.1,0.1,0.1,0.1,0.1,2,3.2,228000
2012-08-16,2012-08-30,OPTSTK,IVRCLINFRA,42.5,PE,0.5,0.5,0.5,0.5,0.5,2,3.44,204000
2012-08-16,2012-08-30,OPTSTK,IVRCLINFRA,45.0,PE,1.05,1.1,0.8,1.05,1.05,11,20.23,144000
2012-08-16,2012-08-30,OPTSTK,IVRCLINFRA,47.5,PE,2.4,2.4,2.15,2.4,2.4,3,5.97,100000
2012-08-16,2012-08-30,OPTSTK,IVRCLINFRA,50.0,PE,0.0,0.0,0.0,5.9,4.65,0,0.0,32000
2012-08-16,2012-08-30,OPTSTK,IVRCLINFRA,52.5,PE,0.0,0.0,0.0,13.5,6.8,0,0.0,0
2012-08-16,2012-08-30,OPTSTK,IVRCLINFRA,55.0,PE,0.0,0.0,0.0,11.0,9.1,0,0.0,16000
2012-08-16,2012-08-30,OPTSTK,IVRCLINFRA,57.5,PE,0.0,0.0,0.0,17.5,11.55,0,0.0,0
2012-08-16,2012-08-30,OPTSTK,IVRCLINFRA,60.0,PE,0.0,0.0,0.0,19.6,14.05,0,0.0,0
2012-08-16,2012-08-30,OPTSTK,IVRCLINFRA,62.5,PE,0.0,0.0,0.0,21.8,16.5,0,0.0,0
2012-08-16,2012-08-30,OPTSTK,IVRCLINFRA,65.0,PE,0.0,0.0,0.0,24.0,19.0,0,0.0,0
2012-08-16,2012-08-30,OPTSTK,IVRCLINFRA,67.5,PE,0.0,0.0,0.0,25.4,21.5,0,0.0,0
2012-08-16,2012-08-30,OPTSTK,IVRCLINFRA,70.0,PE,0.0,0.0,0.0,25.8,24.0,0,0.0,0
2012-08-16,2012-08-30,OPTSTK,IVRCLINFRA,75.0,PE,0.0,0.0,0.0,25.75,28.95,0,0.0,0
2012-08-16,2012-08-30,OPTSTK,IVRCLINFRA,80.0,PE,0.0,0.0,0.0,28.25,33.95,0,0.0,0
2012-08-16,2012-09-27,OPTSTK,IVRCLINFRA,15.0,CE,0.0,0.0,0.0,37.05,31.0,0,0.0,0
2012-08-16,2012-09-27,OPTSTK,IVRCLINFRA,20.0,CE,0.0,0.0,0.0,32.2,26.05,0,0.0,0
2012-08-16,2012-09-27,OPTSTK,IVRCLINFRA,22.5,CE,0.0,0.0,0.0,25.5,23.55,0,0.0,0
2012-08-16,2012-09-27,OPTSTK,IVRCLINFRA,25.0,CE,0.0,0.0,0.0,27.35,21.1,0,0.0,0
2012-08-16,2012-09-27,OPTSTK,IVRCLINFRA,27.5,CE,0.0,0.0,0.0,22.4,18.6,0,0.0,0
2012-08-16,2012-09-27,OPTSTK,IVRCLINFRA,30.0,CE,0.0,0.0,0.0,22.65,16.15,0,0.0,0
2012-08-16,2012-09-27,OPTSTK,IVRCLINFRA,32.5,CE,0.0,0.0,0.0,17.8,13.7,0,0.0,0
2012-08-16,2012-09-27,OPTSTK,IVRCLINFRA,35.0,CE,0.0,0.0,0.0,18.2,11.35,0,0.0,0
2012-08-16,2012-09-27,OPTSTK,IVRCLINFRA,37.5,CE,0.0,0.0,0.0,13.65,9.15,0,0.0,0
2012-08-16,2012-09-27,OPTSTK,IVRCLINFRA,40.0,CE,0.0,0.0,0.0,14.2,7.1,0,0.0,0
2012-08-16,2012-09-27,OPTSTK,IVRCLINFRA,42.5,CE,0.0,0.0,0.0,10.15,5.35,0,0.0,0
2012-08-16,2012-09-27,OPTSTK,IVRCLINFRA,45.0,CE,0.0,0.0,0.0,4.0,3.9,0,0.0,4000
2012-08-16,2012-09-27,OPTSTK,IVRCLINFRA,47.5,CE,0.0,0.0,0.0,7.3,2.75,0,0.0,0
2012-08-16,2012-09-27,OPTSTK,IVRCLINFRA,50.0,CE,1.2,1.35,1.2,1.35,1.35,4,8.2,36000
2012-08-16,2012-09-27,OPTSTK,IVRCLINFRA,52.5,CE,0.0,0.0,0.0,5.1,1.25,0,0.0,0
2012-08-16,2012-09-27,OPTSTK,IVRCLINFRA,55.0,CE,0.0,0.0,0.0,0.5,0.8,0,0.0,8000
2012-08-16,2012-09-27,OPTSTK,IVRCLINFRA,57.5,CE,0.0,0.0,0.0,3.5,0.5,0,0.0,0
2012-08-16,2012-09-27,OPTSTK,IVRCLINFRA,60.0,CE,0.0,0.0,0.0,4.2,0.3,0,0.0,0
2012-08-16,2012-09-27,OPTSTK,IVRCLINFRA,62.5,CE,0.0,0.0,0.0,2.35,0.2,0,0.0,0
2012-08-16,2012-09-27,OPTSTK,IVRCLINFRA,65.0,CE,0.0,0.0,0.0,3.0,0.15,0,0.0,0
2012-08-16,2012-09-27,OPTSTK,IVRCLINFRA,67.5,CE,0.0,0.0,0.0,1.6,0.1,0,0.0,0
2012-08-16,2012-09-27,OPTSTK,IVRCLINFRA,70.0,CE,0.0,0.0,0.0,2.1,0.05,0,0.0,0
2012-08-16,2012-09-27,OPTSTK,IVRCLINFRA,75.0,CE,0.0,0.0,0.0,1.45,0.05,0,0.0,0
2012-08-16,2012-09-27,OPTSTK,IVRCLINFRA,80.0,CE,0.0,0.0,0.0,1.05,0.0,0,0.0,0
2012-08-16,2012-09-27,OPTSTK,IVRCLINFRA,15.0,PE,0.0,0.0,0.0,0.05,0.0,0,0.0,0
2012-08-16,2012-09-27,OPTSTK,IVRCLINFRA,20.0,PE,0.0,0.0,0.0,0.05,0.0,0,0.0,0
2012-08-16,2012-09-27,OPTSTK,IVRCLINFRA,22.5,PE,0.0,0.0,0.0,0.05,0.0,0,0.0,0
2012-08-16,2012-09-27,OPTSTK,IVRCLINFRA,25.0,PE,0.0,0.0,0.0,0.05,0.0,0,0.0,0
2012-08-16,2012-09-27,OPTSTK,IVRCLINFRA,27.5,PE,0.0,0.0,0.0,0.15,0.0,0,0.0,0
2012-08-16,2012-09-27,OPTSTK,IVRCLINFRA,30.0,PE,0.0,0.0,0.0,0.25,0.05,0,0.0,0
2012-08-16,2012-09-27,OPTSTK,IVRCLINFRA,32.5,PE,0.0,0.0,0.0,0.45,0.1,0,0.0,0
2012-08-16,2012-09-27,OPTSTK,IVRCLINFRA,35.0,PE,0.0,0.0,0.0,0.7,0.2,0,0.0,0
2012-08-16,2012-09-27,OPTSTK,IVRCLINFRA,37.5,PE,0.0,0.0,0.0,1.2,0.45,0,0.0,0
2012-08-16,2012-09-27,OPTSTK,IVRCLINFRA,40.0,PE,0.0,0.0,0.0,1.6,0.9,0,0.0,0
2012-08-16,2012-09-27,OPTSTK,IVRCLINFRA,42.5,PE,0.0,0.0,0.0,2.6,1.65,0,0.0,0
2012-08-16,2012-09-27,OPTSTK,IVRCLINFRA,45.0,PE,0.0,0.0,0.0,2.9,2.65,0,0.0,4000
2012-08-16,2012-09-27,OPTSTK,IVRCLINFRA,47.5,PE,0.0,0.0,0.0,4.65,3.95,0,0.0,0
2012-08-16,2012-09-27,OPTSTK,IVRCLINFRA,50.0,PE,0.0,0.0,0.0,5.2,5.55,0,0.0,0
2012-08-16,2012-09-27,OPTSTK,IVRCLINFRA,52.5,PE,0.0,0.0,0.0,7.35,7.4,0,0.0,0
2012-08-16,2012-09-27,OPTSTK,IVRCLINFRA,55.0,PE,0.0,0.0,0.0,7.9,9.45,0,0.0,0
2012-08-16,2012-09-27,OPTSTK,IVRCLINFRA,57.5,PE,0.0,0.0,0.0,10.65,11.6,0,0.0,0
2012-08-16,2012-09-27,OPTSTK,IVRCLINFRA,60.0,PE,0.0,0.0,0.0,11.15,13.9,0,0.0,0
2012-08-16,2012-09-27,OPTSTK,IVRCLINFRA,62.5,PE,0.0,0.0,0.0,14.4,16.25,0,0.0,0
2012-08-16,2012-09-27,OPTSTK,IVRCLINFRA,65.0,PE,0.0,0.0,0.0,14.8,18.65,0,0.0,0
2012-08-16,2012-09-27,OPTSTK,IVRCLINFRA,67.5,PE,0.0,0.0,0.0,18.5,21.1,0,0.0,0
2012-08-16,2012-09-27,OPTSTK,IVRCLINFRA,70.0,PE,0.0,0.0,0.0,18.8,23.55,0,0.0,0
2012-08-16,2012-09-27,OPTSTK,IVRCLINFRA,75.0,PE,0.0,0.0,0.0,23.05,28.45,0,0.0,0
2012-08-16,2012-09-27,OPTSTK,IVRCLINFRA,80.0,PE,0.0,0.0,0.0,27.45,33.4,0,0.0,0
2012-08-16,2012-10-25,OPTSTK,IVRCLINFRA,20.0,CE,0.0,0.0,0.0,24.45,26.15,0,0.0,0
2012-08-16,2012-10-25,OPTSTK,IVRCLINFRA,22.5,CE,0.0,0.0,0.0,22.0,23.7,0,0.0,0
2012-08-16,2012-10-25,OPTSTK,IVRCLINFRA,25.0,CE,0.0,0.0,0.0,19.65,21.25,0,0.0,0
2012-08-16,2012-10-25,OPTSTK,IVRCLINFRA,27.5,CE,0.0,0.0,0.0,17.35,18.8,0,0.0,0
2012-08-16,2012-10-25,OPTSTK,IVRCLINFRA,30.0,CE,0.0,0.0,0.0,15.1,16.45,0,0.0,0
2012-08-16,2012-10-25,OPTSTK,IVRCLINFRA,32.5,CE,0.0,0.0,0.0,13.05,14.1,0,0.0,0
2012-08-16,2012-10-25,OPTSTK,IVRCLINFRA,35.0,CE,0.0,0.0,0.0,11.15,11.9,0,0.0,0
2012-08-16,2012-10-25,OPTSTK,IVRCLINFRA,37.5,CE,0.0,0.0,0.0,9.4,9.85,0,0.0,0
2012-08-16,2012-10-25,OPTSTK,IVRCLINFRA,40.0,CE,0.0,0.0,0.0,7.85,8.0,0,0.0,0
2012-08-16,2012-10-25,OPTSTK,IVRCLINFRA,42.5,CE,0.0,0.0,0.0,6.5,6.35,0,0.0,0
2012-08-16,2012-10-25,OPTSTK,IVRCLINFRA,45.0,CE,0.0,0.0,0.0,5.35,5.0,0,0.0,0
2012-08-16,2012-10-25,OPTSTK,IVRCLINFRA,47.5,CE,0.0,0.0,0.0,4.35,3.85,0,0.0,0
2012-08-16,2012-10-25,OPTSTK,IVRCLINFRA,50.0,CE,0.0,0.0,0.0,3.55,2.9,0,0.0,0
2012-08-16,2012-10-25,OPTSTK,IVRCLINFRA,52.5,CE,0.0,0.0,0.0,2.85,2.15,0,0.0,0
2012-08-16,2012-10-25,OPTSTK,IVRCLINFRA,55.0,CE,0.0,0.0,0.0,2.3,1.6,0,0.0,0
2012-08-16,2012-10-25,OPTSTK,IVRCLINFRA,57.5,CE,0.0,0.0,0.0,1.8,1.15,0,0.0,0
2012-08-16,2012-10-25,OPTSTK,IVRCLINFRA,60.0,CE,0.0,0.0,0.0,1.45,0.85,0,0.0,0
2012-08-16,2012-10-25,OPTSTK,IVRCLINFRA,62.5,CE,0.0,0.0,0.0,1.15,0.6,0,0.0,0
2012-08-16,2012-10-25,OPTSTK,IVRCLINFRA,65.0,CE,0.0,0.0,0.0,0.9,0.45,0,0.0,0
2012-08-16,2012-10-25,OPTSTK,IVRCLINFRA,67.5,CE,0.0,0.0,0.0,0.7,0.3,0,0.0,0
2012-08-16,2012-10-25,OPTSTK,IVRCLINFRA,70.0,CE,0.0,0.0,0.0,0.55,0.2,0,0.0,0
2012-08-16,2012-10-25,OPTSTK,IVRCLINFRA,20.0,PE,0.0,0.0,0.0,0.05,0.0,0,0.0,0
2012-08-16,2012-10-25,OPTSTK,IVRCLINFRA,22.5,PE,0.0,0.0,0.0,0.05,0.0,0,0.0,0
2012-08-16,2012-10-25,OPTSTK,IVRCLINFRA,25.0,PE,0.0,0.0,0.0,0.1,0.05,0,0.0,0
2012-08-16,2012-10-25,OPTSTK,IVRCLINFRA,27.5,PE,0.0,0.0,0.0,0.25,0.05,0,0.0,0
2012-08-16,2012-10-25,OPTSTK,IVRCLINFRA,30.0,PE,0.0,0.0,0.0,0.5,0.1,0,0.0,0
2012-08-16,2012-10-25,OPTSTK,IVRCLINFRA,32.5,PE,0.0,0.0,0.0,0.85,0.25,0,0.0,0
2012-08-16,2012-10-25,OPTSTK,IVRCLINFRA,35.0,PE,0.0,0.0,0.0,1.4,0.5,0,0.0,0
2012-08-16,2012-10-25,OPTSTK,IVRCLINFRA,37.5,PE,0.0,0.0,0.0,2.1,0.9,0,0.0,0
2012-08-16,2012-10-25,OPTSTK,IVRCLINFRA,40.0,PE,0.0,0.0,0.0,3.0,1.5,0,0.0,0
2012-08-16,2012-10-25,OPTSTK,IVRCLINFRA,42.5,PE,0.0,0.0,0.0,4.1,2.35,0,0.0,0
2012-08-16,2012-10-25,OPTSTK,IVRCLINFRA,45.0,PE,0.0,0.0,0.0,5.35,3.4,0,0.0,0
2012-08-16,2012-10-25,OPTSTK,IVRCLINFRA,47.5,PE,0.0,0.0,0.0,6.85,4.7,0,0.0,0
2012-08-16,2012-10-25,OPTSTK,IVRCLINFRA,50.0,PE,0.0,0.0,0.0,8.45,6.25,0,0.0,0
2012-08-16,2012-10-25,OPTSTK,IVRCLINFRA,52.5,PE,0.0,0.0,0.0,10.2,7.95,0,0.0,0
2012-08-16,2012-10-25,OPTSTK,IVRCLINFRA,55.0,PE,0.0,0.0,0.0,12.1,9.85,0,0.0,0
2012-08-16,2012-10-25,OPTSTK,IVRCLINFRA,57.5,PE,0.0,0.0,0.0,14.05,11.9,0,0.0,0
2012-08-16,2012-10-25,OPTSTK,IVRCLINFRA,60.0,PE,0.0,0.0,0.0,16.15,14.0,0,0.0,0
2012-08-16,2012-10-25,OPTSTK,IVRCLINFRA,62.5,PE,0.0,0.0,0.0,18.3,16.25,0,0.0,0
2012-08-16,2012-10-25,OPTSTK,IVRCLINFRA,65.0,PE,0.0,0.0,0.0,20.5,18.5,0,0.0,0
2012-08-16,2012-10-25,OPTSTK,IVRCLINFRA,67.5,PE,0.0,0.0,0.0,22.75,20.85,0,0.0,0
2012-08-16,2012-10-25,OPTSTK,IVRCLINFRA,70.0,PE,0.0,0.0,0.0,25.05,23.2,0,0.0,0
2012-08-16,2012-08-30,OPTSTK,JETAIRWAYS,140.0,CE,0.0,0.0,0.0,178.5,240.75,0,0.0,0
2012-08-16,2012-08-30,OPTSTK,JETAIRWAYS,160.0,CE,0.0,0.0,0.0,159.0,220.8,0,0.0,0
2012-08-16,2012-08-30,OPTSTK,JETAIRWAYS,180.0,CE,0.0,0.0,0.0,139.65,200.85,0,0.0,0
2012-08-16,2012-08-30,OPTSTK,JETAIRWAYS,200.0,CE,0.0,0.0,0.0,120.6,180.95,0,0.0,0
2012-08-16,2012-08-30,OPTSTK,JETAIRWAYS,220.0,CE,0.0,0.0,0.0,102.2,161.0,0,0.0,0
2012-08-16,2012-08-30,OPTSTK,JETAIRWAYS,240.0,CE,0.0,0.0,0.0,84.8,141.05,0,0.0,0
2012-08-16,2012-08-30,OPTSTK,JETAIRWAYS,260.0,CE,0.0,0.0,0.0,68.9,121.15,0,0.0,0
2012-08-16,2012-08-30,OPTSTK,JETAIRWAYS,280.0,CE,0.0,0.0,0.0,54.8,101.25,0,0.0,0
2012-08-16,2012-08-30,OPTSTK,JETAIRWAYS,300.0,CE,0.0,0.0,0.0,42.7,81.5,0,0.0,0
2012-08-16,2012-08-30,OPTSTK,JETAIRWAYS,320.0,CE,0.0,0.0,0.0,70.15,62.35,0,0.0,5000
2012-08-16,2012-08-30,OPTSTK,JETAIRWAYS,340.0,CE,0.0,0.0,0.0,56.7,44.65,0,0.0,29000
2012-08-16,2012-08-30,OPTSTK,JETAIRWAYS,360.0,CE,30.0,30.0,29.0,29.0,29.0,2,7.79,21000
2012-08-16,2012-08-30,OPTSTK,JETAIRWAYS,380.0,CE,16.85,21.0,7.75,8.25,8.25,29,114.06,100000
2012-08-16,2012-08-30,OPTSTK,JETAIRWAYS,400.0,CE,6.0,7.7,2.5,2.85,2.85,107,432.57,335000
2012-08-16,2012-08-30,OPTSTK,JETAIRWAYS,420.0,CE,2.5,3.0,0.75,0.95,0.95,55,231.95,144000
2012-08-16,2012-08-30,OPTSTK,JETAIRWAYS,440.0,CE,0.5,1.3,0.3,0.35,0.35,35,154.18,93000
2012-08-16,2012-08-30,OPTSTK,JETAIRWAYS,460.0,CE,0.2,0.2,0.15,0.2,0.2,6,27.61,54000
2012-08-16,2012-08-30,OPTSTK,JETAIRWAYS,480.0,CE,0.0,0.0,0.0,0.05,0.4,0,0.0,10000
2012-08-16,2012-08-30,OPTSTK,JETAIRWAYS,500.0,CE,0.0,0.0,0.0,0.25,0.15,0,0.0,60000
2012-08-16,2012-08-30,OPTSTK,JETAIRWAYS,140.0,PE,0.0,0.0,0.0,0.05,0.0,0,0.0,0
2012-08-16,2012-08-30,OPTSTK,JETAIRWAYS,160.0,PE,0.0,0.0,0.0,0.05,0.0,0,0.0,0
2012-08-16,2012-08-30,OPTSTK,JETAIRWAYS,180.0,PE,0.0,0.0,0.0,0.05,0.0,0,0.0,0
2012-08-16,2012-08-30,OPTSTK,JETAIRWAYS,200.0,PE,0.0,0.0,0.0,0.05,0.0,0,0.0,0
2012-08-16,2012-08-30,OPTSTK,JETAIRWAYS,220.0,PE,0.0,0.0,0.0,0.05,0.0,0,0.0,8000
2012-08-16,2012-08-30,OPTSTK,JETAIRWAYS,240.0,PE,0.0,0.0,0.0,0.1,0.0,0,0.0,1000
2012-08-16,2012-08-30,OPTSTK,JETAIRWAYS,260.0,PE,0.0,0.0,0.0,0.05,0.0,0,0.0,10000
2012-08-16,2012-08-30,OPTSTK,JETAIRWAYS,280.0,PE,0.0,0.0,0.0,0.1,0.05,0,0.0,10000
2012-08-16,2012-08-30,OPTSTK,JETAIRWAYS,300.0,PE,0.1,0.15,0.05,0.15,0.15,21,63.01,94000
2012-08-16,2012-08-30,OPTSTK,JETAIRWAYS,320.0,PE,0.5,0.5,0.4,0.4,0.4,3,9.61,44000
2012-08-16,2012-08-30,OPTSTK,JETAIRWAYS,340.0,PE,1.45,1.45,1.45,1.45,1.45,1,3.41,81000
2012-08-16,2012-08-30,OPTSTK,JETAIRWAYS,360.0,PE,1.2,3.3,1.2,3.0,3.0,13,47.11,74000
2012-08-16,2012-08-30,OPTSTK,JETAIRWAYS,380.0,PE,3.5,8.5,3.4,7.1,7.1,75,289.79,101000
2012-08-16,2012-08-30,OPTSTK,JETAIRWAYS,400.0,PE,14.0,24.95,11.05,20.55,20.55,24,100.07,48000
2012-08-16,2012-08-30,OPTSTK,JETAIRWAYS,420.0,PE,0.0,0.0,0.0,101.55,43.3,0,0.0,0
2012-08-16,2012-08-30,OPTSTK,JETAIRWAYS,440.0,PE,0.0,0.0,0.0,119.1,60.6,0,0.0,0
2012-08-16,2012-08-30,OPTSTK,JETAIRWAYS,460.0,PE,0.0,0.0,0.0,137.15,79.2,0,0.0,0
2012-08-16,2012-08-30,OPTSTK,JETAIRWAYS,480.0,PE,0.0,0.0,0.0,155.65,98.55,0,0.0,0
2012-08-16,2012-08-30,OPTSTK,JETAIRWAYS,500.0,PE,0.0,0.0,0.0,174.45,118.25,0,0.0,0
2012-08-16,2012-09-27,OPTSTK,JETAIRWAYS,180.0,CE,0.0,0.0,0.0,204.35,202.15,0,0.0,0
2012-08-16,2012-09-27,OPTSTK,JETAIRWAYS,200.0,CE,0.0,0.0,0.0,184.9,182.35,0,0.0,0
2012-08-16,2012-09-27,OPTSTK,JETAIRWAYS,220.0,CE,0.0,0.0,0.0,165.65,162.6,0,0.0,0
2012-08-16,2012-09-27,OPTSTK,JETAIRWAYS,240.0,CE,0.0,0.0,0.0,146.75,142.9,0,0.0,0
2012-08-16,2012-09-27,OPTSTK,JETAIRWAYS,260.0,CE,0.0,0.0,0.0,128.45,123.5,0,0.0,0
2012-08-16,2012-09-27,OPTSTK,JETAIRWAYS,280.0,CE,0.0,0.0,0.0,110.95,104.6,0,0.0,0
2012-08-16,2012-09-27,OPTSTK,JETAIRWAYS,300.0,CE,0.0,0.0,0.0,94.65,86.6,0,0.0,0
2012-08-16,2012-09-27,OPTSTK,JETAIRWAYS,320.0,CE,0.0,0.0,0.0,79.7,69.95,0,0.0,0
2012-08-16,2012-09-27,OPTSTK,JETAIRWAYS,340.0,CE,0.0,0.0,0.0,66.2,55.1,0,0.0,0
2012-08-16,2012-09-27,OPTSTK,JETAIRWAYS,360.0,CE,0.0,0.0,0.0,54.35,42.3,0,0.0,0
2012-08-16,2012-09-27,OPTSTK,JETAIRWAYS,380.0,CE,0.0,0.0,0.0,44.15,31.65,0,0.0,0
2012-08-16,2012-09-27,OPTSTK,JETAIRWAYS,400.0,CE,0.0,0.0,0.0,35.45,23.1,0,0.0,0
2012-08-16,2012-09-27,OPTSTK,JETAIRWAYS,420.0,CE,0.0,0.0,0.0,16.2,16.45,0,0.0,7000
2012-08-16,2012-09-27,OPTSTK,JETAIRWAYS,440.0,CE,0.0,0.0,0.0,22.25,11.55,0,0.0,0
2012-08-16,2012-09-27,OPTSTK,JETAIRWAYS,460.0,CE,2.1,20.0,2.1,20.0,20.0,2,9.42,11000
2012-08-16,2012-09-27,OPTSTK,JETAIRWAYS,480.0,CE,0.0,0.0,0.0,13.55,5.3,0,0.0,0
2012-08-16,2012-09-27,OPTSTK,JETAIRWAYS,500.0,CE,0.0,0.0,0.0,10.45,3.5,0,0.0,0
2012-08-16,2012-09-27,OPTSTK,JETAIRWAYS,180.0,PE,0.0,0.0,0.0,0.05,0.0,0,0.0,0
2012-08-16,2012-09-27,OPTSTK,JETAIRWAYS,200.0,PE,0.0,0.0,0.0,0.15,0.05,0,0.0,0
2012-08-16,2012-09-27,OPTSTK,JETAIRWAYS,220.0,PE,0.0,0.0,0.0,0.45,0.05,0,0.0,0
2012-08-16,2012-09-27,OPTSTK,JETAIRWAYS,240.0,PE,0.0,0.0,0.0,1.05,0.2,0,0.0,0
2012-08-16,2012-09-27,OPTSTK,JETAIRWAYS,260.0,PE,0.0,0.0,0.0,2.3,0.55,0,0.0,0
2012-08-16,2012-09-27,OPTSTK,JETAIRWAYS,280.0,PE,0.0,0.0,0.0,0.75,1.45,0,0.0,0
2012-08-16,2012-09-27,OPTSTK,JETAIRWAYS,300.0,PE,0.0,0.0,0.0,7.55,3.25,0,0.0,0
2012-08-16,2012-09-27,OPTSTK,JETAIRWAYS,320.0,PE,0.0,0.0,0.0,12.15,6.4,0,0.0,0
2012-08-16,2012-09-27,OPTSTK,JETAIRWAYS,340.0,PE,0.0,0.0,0.0,18.2,11.35,0,0.0,0
2012-08-16,2012-09-27,OPTSTK,JETAIRWAYS,360.0,PE,0.0,0.0,0.0,6.0,18.3,0,0.0,1000
2012-08-16,2012-09-27,OPTSTK,JETAIRWAYS,380.0,PE,0.0,0.0,0.0,35.2,27.45,0,0.0,0
2012-08-16,2012-09-27,OPTSTK,JETAIRWAYS,400.0,PE,0.0,0.0,0.0,46.05,38.7,0,0.0,0
2012-08-16,2012-09-27,OPTSTK,JETAIRWAYS,420.0,PE,0.0,0.0,0.0,58.35,51.9,0,0.0,0
2012-08-16,2012-09-27,OPTSTK,JETAIRWAYS,440.0,PE,0.0,0.0,0.0,71.9,66.75,0,0.0,0
2012-08-16,2012-09-27,OPTSTK,JETAIRWAYS,460.0,PE,0.0,0.0,0.0,86.6,82.9,0,0.0,0
2012-08-16,2012-09-27,OPTSTK,JETAIRWAYS,480.0,PE,0.0,0.0,0.0,102.25,100.1,0,0.0,0
2012-08-16,2012-09-27,OPTSTK,JETAIRWAYS,500.0,PE,0.0,0.0,0.0,118.7,118.1,0,0.0,0
2012-08-16,2012-08-30,OPTSTK,JINDALSAW,70.0,CE,0.0,0.0,0.0,55.6,49.5,0,0.0,0
2012-08-16,2012-08-30,OPTSTK,JINDALSAW,80.0,CE,0.0,0.0,0.0,45.85,39.55,0,0.0,0
2012-08-16,2012-08-30,OPTSTK,JINDALSAW,90.0,CE,0.0,0.0,0.0,36.2,29.55,0,0.0,0
2012-08-16,2012-08-30,OPTSTK,JINDALSAW,100.0,CE,0.0,0.0,0.0,26.9,19.6,0,0.0,0
2012-08-16,2012-08-30,OPTSTK,JINDALSAW,110.0,CE,0.0,0.0,0.0,18.55,9.75,0,0.0,0
2012-08-16,2012-08-30,OPTSTK,JINDALSAW,120.0,CE,0.0,0.0,0.0,11.75,2.25,0,0.0,0
2012-08-16,2012-08-30,OPTSTK,JINDALSAW,130.0,CE,0.0,0.0,0.0,6.85,0.15,0,0.0,0
2012-08-16,2012-08-30,OPTSTK,JINDALSAW,140.0,CE,0.0,0.0,0.0,3.65,0.0,0,0.0,0
2012-08-16,2012-08-30,OPTSTK,JINDALSAW,150.0,CE,0.0,0.0,0.0,1.8,0.0,0,0.0,0
2012-08-16,2012-08-30,OPTSTK,JINDALSAW,160.0,CE,0.0,0.0,0.0,0.85,0.0,0,0.0,0
2012-08-16,2012-08-30,OPTSTK,JINDALSAW,170.0,CE,0.0,0.0,0.0,0.4,0.0,0,0.0,0
2012-08-16,2012-08-30,OPTSTK,JINDALSAW,180.0,CE,0.0,0.0,0.0,0.15,0.0,0,0.0,0
2012-08-16,2012-08-30,OPTSTK,JINDALSAW,190.0,CE,0.0,0.0,0.0,0.1,0.0,0,0.0,0
2012-08-16,2012-08-30,OPTSTK,JINDALSAW,200.0,CE,0.0,0.0,0.0,0.05,0.0,0,0.0,0
2012-08-16,2012-08-30,OPTSTK,JINDALSAW,210.0,CE,0.0,0.0,0.0,0.05,0.0,0,0.0,0
2012-08-16,2012-08-30,OPTSTK,JINDALSAW,220.0,CE,0.0,0.0,0.0,0.05,0.0,0,0.0,0
2012-08-16,2012-08-30,OPTSTK,JINDALSAW,70.0,PE,0.0,0.0,0.0,0.05,0.0,0,0.0,0
2012-08-16,2012-08-30,OPTSTK,JINDALSAW,80.0,PE,0.0,0.0,0.0,0.05,0.0,0,0.0,0
2012-08-16,2012-08-30,OPTSTK,JINDALSAW,90.0,PE,0.0,0.0,0.0,0.15,0.0,0,0.0,0
2012-08-16,2012-08-30,OPTSTK,JINDALSAW,100.0,PE,0.0,0.0,0.0,0.6,0.0,0,0.0,0
2012-08-16,2012-08-30,OPTSTK,JINDALSAW,110.0,PE,0.0,0.0,0.0,2.0,0.15,0,0.0,0
2012-08-16,2012-08-30,OPTSTK,JINDALSAW,120.0,PE,0.0,0.0,0.0,6.0,2.6,0,0.0,8000
2012-08-16,2012-08-30,OPTSTK,JINDALSAW,130.0,PE,0.0,0.0,0.0,9.8,10.45,0,0.0,0
2012-08-16,2012-08-30,OPTSTK,JINDALSAW,140.0,PE,0.0,0.0,0.0,16.4,20.3,0,0.0,0
2012-08-16,2012-08-30,OPTSTK,JINDALSAW,150.0,PE,0.0,0.0,0.0,24.3,30.25,0,0.0,0
2012-08-16,2012-08-30,OPTSTK,JINDALSAW,160.0,PE,0.0,0.0,0.0,33.1,40.25,0,0.0,0
2012-08-16,2012-08-30,OPTSTK,JINDALSAW,170.0,PE,0.0,0.0,0.0,42.4,50.2,0,0.0,0
2012-08-16,2012-08-30,OPTSTK,JINDALSAW,180.0,PE,0.0,0.0,0.0,51.95,60.15,0,0.0,0
2012-08-16,2012-08-30,OPTSTK,JINDALSAW,190.0,PE,0.0,0.0,0.0,61.6,70.15,0,0.0,0
2012-08-16,2012-08-30,OPTSTK,JINDALSAW,200.0,PE,0.0,0.0,0.0,71.3,80.1,0,0.0,0
2012-08-16,2012-08-30,OPTSTK,JINDALSAW,210.0,PE,0.0,0.0,0.0,81.05,90.05,0,0.0,0
2012-08-16,2012-08-30,OPTSTK,JINDALSAW,220.0,PE,0.0,0.0,0.0,90.8,100.05,0,0.0,0
2012-08-16,2012-09-27,OPTSTK,JINDALSAW,70.0,CE,0.0,0.0,0.0,59.25,50.0,0,0.0,0
2012-08-16,2012-09-27,OPTSTK,JINDALSAW,80.0,CE,0.0,0.0,0.0,49.5,40.1,0,0.0,0
2012-08-16,2012-09-27,OPTSTK,JINDALSAW,90.0,CE,0.0,0.0,0.0,39.75,30.2,0,0.0,0
2012-08-16,2012-09-27,OPTSTK,JINDALSAW,100.0,CE,0.0,0.0,0.0,30.1,20.35,0,0.0,0
2012-08-16,2012-09-27,OPTSTK,JINDALSAW,110.0,CE,0.0,0.0,0.0,21.0,11.15,0,0.0,0
2012-08-16,2012-09-27,OPTSTK,JINDALSAW,120.0,CE,0.0,0.0,0.0,13.15,4.4,0,0.0,0
2012-08-16,2012-09-27,OPTSTK,JINDALSAW,130.0,CE,0.0,0.0,0.0,7.3,1.15,0,0.0,0
2012-08-16,2012-09-27,OPTSTK,JINDALSAW,140.0,CE,0.0,0.0,0.0,3.6,0.2,0,0.0,0
2012-08-16,2012-09-27,OPTSTK,JINDALSAW,150.0,CE,0.0,0.0,0.0,1.55,0.05,0,0.0,0
2012-08-16,2012-09-27,OPTSTK,JINDALSAW,160.0,CE,0.0,0.0,0.0,0.6,0.0,0,0.0,0
2012-08-16,2012-09-27,OPTSTK,JINDALSAW,170.0,CE,0.0,0.0,0.0,0.25,0.0,0,0.0,0
2012-08-16,2012-09-27,OPTSTK,JINDALSAW,180.0,CE,0.0,0.0,0.0,0.1,0.0,0,0.0,0
2012-08-16,2012-09-27,OPTSTK,JINDALSAW,190.0,CE,0.0,0.0,0.0,0.05,0.0,0,0.0,0
2012-08-16,2012-09-27,OPTSTK,JINDALSAW,200.0,CE,0.0,0.0,0.0,0.05,0.0,0,0.0,0
2012-08-16,2012-09-27,OPTSTK,JINDALSAW,210.0,CE,0.0,0.0,0.0,0.05,0.0,0,0.0,0
2012-08-16,2012-09-27,OPTSTK,JINDALSAW,220.0,CE,0.0,0.0,0.0,0.05,0.0,0,0.0,0
2012-08-16,2012-09-27,OPTSTK,JINDALSAW,70.0,PE,0.0,0.0,0.0,0.05,0.0,0,0.0,0
2012-08-16,2012-09-27,OPTSTK,JINDALSAW,80.0,PE,0.0,0.0,0.0,0.05,0.0,0,0.0,0
2012-08-16,2012-09-27,OPTSTK,JINDALSAW,90.0,PE,0.0,0.0,0.0,0.05,0.0,0,0.0,0
2012-08-16,2012-09-27,OPTSTK,JINDALSAW,100.0,PE,0.0,0.0,0.0,0.15,0.05,0,0.0,0
2012-08-16,2012-09-27,OPTSTK,JINDALSAW,110.0,PE,0.0,0.0,0.0,0.85,0.75,0,0.0,0
2012-08-16,2012-09-27,OPTSTK,JINDALSAW,120.0,PE,0.0,0.0,0.0,2.75,3.9,0,0.0,0
2012-08-16,2012-09-27,OPTSTK,JINDALSAW,130.0,PE,0.0,0.0,0.0,6.7,10.55,0,0.0,0
2012-08-16,2012-09-27,OPTSTK,JINDALSAW,140.0,PE,0.0,0.0,0.0,12.75,19.5,0,0.0,0
2012-08-16,2012-09-27,OPTSTK,JINDALSAW,150.0,PE,0.0,0.0,0.0,20.5,29.25,0,0.0,0
2012-08-16,2012-09-27,OPTSTK,JINDALSAW,160.0,PE,0.0,0.0,0.0,29.3,39.1,0,0.0,0
2012-08-16,2012-09-27,OPTSTK,JINDALSAW,170.0,PE,0.0,0.0,0.0,38.7,49.0,0,0.0,0
2012-08-16,2012-09-27,OPTSTK,JINDALSAW,180.0,PE,0.0,0.0,0.0,48.3,58.9,0,0.0,0
2012-08-16,2012-09-27,OPTSTK,JINDALSAW,190.0,PE,0.0,0.0,0.0,58.0,68.8,0,0.0,0
2012-08-16,2012-09-27,OPTSTK,JINDALSAW,200.0,PE,0.0,0.0,0.0,67.75,78.7,0,0.0,0
2012-08-16,2012-09-27,OPTSTK,JINDALSAW,210.0,PE,0.0,0.0,0.0,77.55,88.6,0,0.0,0
2012-08-16,2012-09-27,OPTSTK,JINDALSAW,220.0,PE,0.0,0.0,0.0,87.3,98.5,0,0.0,0
2012-08-16,2012-08-30,OPTSTK,JINDALSTEL,300.0,CE,0.0,0.0,0.0,148.35,119.55,0,0.0,0
2012-08-16,2012-08-30,OPTSTK,JINDALSTEL,320.0,CE,0.0,0.0,0.0,129.8,99.65,0,0.0,0
2012-08-16,2012-08-30,OPTSTK,JINDALSTEL,340.0,CE,0.0,0.0,0.0,111.95,79.7,0,0.0,0
2012-08-16,2012-08-30,OPTSTK,JINDALSTEL,360.0,CE,0.0,0.0,0.0,38.85,59.95,0,0.0,500
2012-08-16,2012-08-30,OPTSTK,JINDALSTEL,380.0,CE,41.0,41.0,41.0,41.0,41.0,1,2.1,13500
2012-08-16,2012-08-30,OPTSTK,JINDALSTEL,400.0,CE,22.0,26.25,17.0,23.05,23.05,196,412.66,67500
2012-08-16,2012-08-30,OPTSTK,JINDALSTEL,420.0,CE,9.9,12.7,6.7,10.35,10.35,572,1228.75,204000
2012-08-16,2012-08-30,OPTSTK,JINDALSTEL,440.0,CE,3.0,4.75,2.2,3.5,3.5,256,567.75,143000
2012-08-16,2012-08-30,OPTSTK,JINDALSTEL,460.0,CE,1.2,1.35,1.0,1.2,1.2,5,11.52,31500
2012-08-16,2012-08-30,OPTSTK,JINDALSTEL,480.0,CE,0.2,0.2,0.2,0.2,0.2,1,2.4,7000
2012-08-16,2012-08-30,OPTSTK,JINDALSTEL,500.0,CE,0.0,0.0,0.0,0.5,0.1,0,0.0,2500
2012-08-16,2012-08-30,OPTSTK,JINDALSTEL,520.0,CE,0.0,0.0,0.0,2.05,0.05,0,0.0,0
2012-08-16,2012-08-30,OPTSTK,JINDALSTEL,540.0,CE,2.85,3.05,2.85,3.05,3.05,3,8.14,1000
2012-08-16,2012-08-30,OPTSTK,JINDALSTEL,560.0,CE,0.0,0.0,0.0,8.3,0.0,0,0.0,0
2012-08-16,2012-08-30,OPTSTK,JINDALSTEL,580.0,CE,0.0,0.0,0.0,6.1,0.0,0,0.0,0
2012-08-16,2012-08-30,OPTSTK,JINDALSTEL,600.0,CE,0.0,0.0,0.0,4.45,0.0,0,0.0,0
2012-08-16,2012-08-30,OPTSTK,JINDALSTEL,620.0,CE,0.0,0.0,0.0,3.2,0.0,0,0.0,0
2012-08-16,2012-08-30,OPTSTK,JINDALSTEL,640.0,CE,0.0,0.0,0.0,2.3,0.0,0,0.0,0
2012-08-16,2012-08-30,OPTSTK,JINDALSTEL,300.0,PE,0.0,0.0,0.0,0.8,0.0,0,0.0,0
2012-08-16,2012-08-30,OPTSTK,JINDALSTEL,320.0,PE,0.0,0.0,0.0,0.5,0.0,0,0.0,500
2012-08-16,2012-08-30,OPTSTK,JINDALSTEL,340.0,PE,0.0,0.0,0.0,1.75,0.05,0,0.0,500
2012-08-16,2012-08-30,OPTSTK,JINDALSTEL,360.0,PE,0.0,0.0,0.0,0.3,0.2,0,0.0,41000
2012-08-16,2012-08-30,OPTSTK,JINDALSTEL,380.0,PE,0.5,1.15,0.5,0.7,0.7,11,20.94,87500
2012-08-16,2012-08-30,OPTSTK,JINDALSTEL,400.0,PE,3.5,5.0,2.4,3.15,3.15,243,490.58,103000
2012-08-16,2012-08-30,OPTSTK,JINDALSTEL,420.0,PE,11.1,14.2,8.0,10.25,10.25,151,325.0,59500
2012-08-16,2012-08-30,OPTSTK,JINDALSTEL,440.0,PE,22.05,24.15,22.05,23.15,23.15,10,23.15,16500
2012-08-16,2012-08-30,OPTSTK,JINDALSTEL,460.0,PE,0.0,0.0,0.0,45.2,41.45,0,0.0,6000
2012-08-16,2012-08-30,OPTSTK,JINDALSTEL,480.0,PE,0.0,0.0,0.0,53.95,60.25,0,0.0,0
2012-08-16,2012-08-30,OPTSTK,JINDALSTEL,500.0,PE,0.0,0.0,0.0,67.4,79.9,0,0.0,0
2012-08-16,2012-08-30,OPTSTK,JINDALSTEL,520.0,PE,0.0,0.0,0.0,82.1,99.75,0,0.0,0
2012-08-16,2012-08-30,OPTSTK,JINDALSTEL,540.0,PE,0.0,0.0,0.0,97.85,119.65,0,0.0,0
2012-08-16,2012-08-30,OPTSTK,JINDALSTEL,560.0,PE,0.0,0.0,0.0,114.45,139.6,0,0.0,0
2012-08-16,2012-08-30,OPTSTK,JINDALSTEL,580.0,PE,0.0,0.0,0.0,131.75,159.55,0,0.0,0
2012-08-16,2012-08-30,OPTSTK,JINDALSTEL,600.0,PE,0.0,0.0,0.0,149.65,179.45,0,0.0,0
2012-08-16,2012-08-30,OPTSTK,JINDALSTEL,620.0,PE,0.0,0.0,0.0,167.9,199.4,0,0.0,0
2012-08-16,2012-08-30,OPTSTK,JINDALSTEL,640.0,PE,0.0,0.0,0.0,186.5,219.35,0,0.0,0
2012-08-16,2012-09-27,OPTSTK,JINDALSTEL,300.0,CE,0.0,0.0,0.0,139.1,121.7,0,0.0,0
2012-08-16,2012-09-27,OPTSTK,JINDALSTEL,320.0,CE,0.0,0.0,0.0,120.05,102.05,0,0.0,0
2012-08-16,2012-09-27,OPTSTK,JINDALSTEL,340.0,CE,0.0,0.0,0.0,101.55,82.8,0,0.0,0
2012-08-16,2012-09-27,OPTSTK,JINDALSTEL,360.0,CE,0.0,0.0,0.0,84.0,64.5,0,0.0,0
2012-08-16,2012-09-27,OPTSTK,JINDALSTEL,380.0,CE,0.0,0.0,0.0,67.8,47.8,0,0.0,0
2012-08-16,2012-09-27,OPTSTK,JINDALSTEL,400.0,CE,32.0,32.0,32.0,32.0,32.0,1,2.16,12500
2012-08-16,2012-09-27,OPTSTK,JINDALSTEL,420.0,CE,0.0,0.0,0.0,16.35,22.1,0,0.0,500
2012-08-16,2012-09-27,OPTSTK,JINDALSTEL,440.0,CE,0.0,0.0,0.0,30.45,13.75,0,0.0,0
2012-08-16,2012-09-27,OPTSTK,JINDALSTEL,460.0,CE,0.0,0.0,0.0,22.15,8.05,0,0.0,0
2012-08-16,2012-09-27,OPTSTK,JINDALSTEL,480.0,CE,3.0,3.0,3.0,3.0,3.0,1,2.41,3500
2012-08-16,2012-09-27,OPTSTK,JINDALSTEL,500.0,CE,0.0,0.0,0.0,10.9,2.35,0,0.0,0
2012-08-16,2012-09-27,OPTSTK,JINDALSTEL,520.0,CE,0.0,0.0,0.0,7.4,1.15,0,0.0,0
2012-08-16,2012-09-27,OPTSTK,JINDALSTEL,540.0,CE,0.0,0.0,0.0,4.9,0.55,0,0.0,0
2012-08-16,2012-09-27,OPTSTK,JINDALSTEL,560.0,CE,0.0,0.0,0.0,3.2,0.25,0,0.0,0
2012-08-16,2012-09-27,OPTSTK,JINDALSTEL,580.0,CE,0.0,0.0,0.0,2.05,0.1,0,0.0,0
2012-08-16,2012-09-27,OPTSTK,JINDALSTEL,600.0,CE,0.0,0.0,0.0,1.3,0.05,0,0.0,0
2012-08-16,2012-09-27,OPTSTK,JINDALSTEL,620.0,CE,0.0,0.0,0.0,0.8,0.05,0,0.0,0
2012-08-16,2012-09-27,OPTSTK,JINDALSTEL,640.0,CE,0.0,0.0,0.0,0.5,0.05,0,0.0,0
2012-08-16,2012-09-27,OPTSTK,JINDALSTEL,300.0,PE,0.0,0.0,0.0,0.25,0.05,0,0.0,0
2012-08-16,2012-09-27,OPTSTK,JINDALSTEL,320.0,PE,0.0,0.0,0.0,0.75,0.2,0,0.0,0
2012-08-16,2012-09-27,OPTSTK,JINDALSTEL,340.0,PE,0.0,0.0,0.0,1.8,0.75,0,0.0,0
2012-08-16,2012-09-27,OPTSTK,JINDALSTEL,360.0,PE,0.0,0.0,0.0,3.75,2.2,0,0.0,0
2012-08-16,2012-09-27,OPTSTK,JINDALSTEL,380.0,PE,0.0,0.0,0.0,7.1,5.3,0,0.0,0
2012-08-16,2012-09-27,OPTSTK,JINDALSTEL,400.0,PE,0.0,0.0,0.0,12.15,10.8,0,0.0,0
2012-08-16,2012-09-27,OPTSTK,JINDALSTEL,420.0,PE,0.0,0.0,0.0,19.2,19.2,0,0.0,0
2012-08-16,2012-09-27,OPTSTK,JINDALSTEL,440.0,PE,0.0,0.0,0.0,28.35,30.65,0,0.0,0
2012-08-16,2012-09-27,OPTSTK,JINDALSTEL,460.0,PE,0.0,0.0,0.0,39.6,44.75,0,0.0,0
2012-08-16,2012-09-27,OPTSTK,JINDALSTEL,480.0,PE,0.0,0.0,0.0,52.7,60.95,0,0.0,0
2012-08-16,2012-09-27,OPTSTK,JINDALSTEL,500.0,PE,0.0,0.0,0.0,67.4,78.6,0,0.0,0
2012-08-16,2012-09-27,OPTSTK,JINDALSTEL,520.0,PE,0.0,0.0,0.0,83.45,97.25,0,0.0,0
2012-08-16,2012-09-27,OPTSTK,JINDALSTEL,540.0,PE,0.0,0.0,0.0,100.5,116.45,0,0.0,0
2012-08-16,2012-09-27,OPTSTK,JINDALSTEL,560.0,PE,0.0,0.0,0.0,118.35,135.9,0,0.0,0
2012-08-16,2012-09-27,OPTSTK,JINDALSTEL,580.0,PE,0.0,0.0,0.0,136.7,155.6,0,0.0,0
2012-08-16,2012-09-27,OPTSTK,JINDALSTEL,600.0,PE,0.0,0.0,0.0,155.5,175.3,0,0.0,0
2012-08-16,2012-09-27,OPTSTK,JINDALSTEL,620.0,PE,0.0,0.0,0.0,174.55,195.1,0,0.0,0
2012-08-16,2012-09-27,OPTSTK,JINDALSTEL,640.0,PE,0.0,0.0,0.0,193.75,214.85,0,0.0,0
2012-08-16,2012-10-25,OPTSTK,JINDALSTEL,300.0,CE,0.0,0.0,0.0,103.75,124.0,0,0.0,0
2012-08-16,2012-10-25,OPTSTK,JINDALSTEL,320.0,CE,0.0,0.0,0.0,87.45,104.9,0,0.0,0
2012-08-16,2012-10-25,OPTSTK,JINDALSTEL,340.0,CE,0.0,0.0,0.0,72.55,86.55,0,0.0,0
2012-08-16,2012-10-25,OPTSTK,JINDALSTEL,360.0,CE,0.0,0.0,0.0,59.25,69.4,0,0.0,0
2012-08-16,2012-10-25,OPTSTK,JINDALSTEL,380.0,CE,0.0,0.0,0.0,47.7,53.95,0,0.0,0
2012-08-16,2012-10-25,OPTSTK,JINDALSTEL,400.0,CE,0.0,0.0,0.0,37.85,40.55,0,0.0,0
2012-08-16,2012-10-25,OPTSTK,JINDALSTEL,420.0,CE,0.0,0.0,0.0,29.65,29.5,0,0.0,0
2012-08-16,2012-10-25,OPTSTK,JINDALSTEL,440.0,CE,0.0,0.0,0.0,22.9,20.75,0,0.0,0
2012-08-16,2012-10-25,OPTSTK,JINDALSTEL,460.0,CE,0.0,0.0,0.0,17.55,14.15,0,0.0,0
2012-08-16,2012-10-25,OPTSTK,JINDALSTEL,480.0,CE,0.0,0.0,0.0,13.3,9.35,0,0.0,0
2012-08-16,2012-10-25,OPTSTK,JINDALSTEL,500.0,CE,0.0,0.0,0.0,9.95,6.05,0,0.0,0
2012-08-16,2012-10-25,OPTSTK,JINDALSTEL,520.0,CE,0.0,0.0,0.0,7.4,3.8,0,0.0,0
2012-08-16,2012-10-25,OPTSTK,JINDALSTEL,540.0,CE,0.0,0.0,0.0,5.45,2.3,0,0.0,0
2012-08-16,2012-10-25,OPTSTK,JINDALSTEL,560.0,CE,0.0,0.0,0.0,4.0,1.4,0,0.0,0
2012-08-16,2012-10-25,OPTSTK,JINDALSTEL,580.0,CE,0.0,0.0,0.0,2.95,0.8,0,0.0,0
2012-08-16,2012-10-25,OPTSTK,JINDALSTEL,600.0,CE,0.0,0.0,0.0,2.1,0.5,0,0.0,0
2012-08-16,2012-10-25,OPTSTK,JINDALSTEL,300.0,PE,0.0,0.0,0.0,4.2,0.3,0,0.0,0
2012-08-16,2012-10-25,OPTSTK,JINDALSTEL,320.0,PE,0.0,0.0,0.0,7.4,0.9,0,0.0,0
2012-08-16,2012-10-25,OPTSTK,JINDALSTEL,340.0,PE,0.0,0.0,0.0,12.05,2.2,0,0.0,0
2012-08-16,2012-10-25,OPTSTK,JINDALSTEL,360.0,PE,0.0,0.0,0.0,18.3,4.7,0,0.0,0
2012-08-16,2012-10-25,OPTSTK,JINDALSTEL,380.0,PE,0.0,0.0,0.0,26.3,8.9,0,0.0,0
2012-08-16,2012-10-25,OPTSTK,JINDALSTEL,400.0,PE,0.0,0.0,0.0,36.0,15.15,0,0.0,0
2012-08-16,2012-10-25,OPTSTK,JINDALSTEL,420.0,PE,0.0,0.0,0.0,47.35,23.75,0,0.0,0
2012-08-16,2012-10-25,OPTSTK,JINDALSTEL,440.0,PE,0.0,0.0,0.0,60.2,34.65,0,0.0,0
2012-08-16,2012-10-25,OPTSTK,JINDALSTEL,460.0,PE,0.0,0.0,0.0,74.35,47.7,0,0.0,0
2012-08-16,2012-10-25,OPTSTK,JINDALSTEL,480.0,PE,0.0,0.0,0.0,89.65,62.6,0,0.0,0
2012-08-16,2012-10-25,OPTSTK,JINDALSTEL,500.0,PE,0.0,0.0,0.0,105.85,78.9,0,0.0,0
2012-08-16,2012-10-25,OPTSTK,JINDALSTEL,520.0,PE,0.0,0.0,0.0,122.85,96.3,0,0.0,0
2012-08-16,2012-10-25,OPTSTK,JINDALSTEL,540.0,PE,0.0,0.0,0.0,140.45,114.5,0,0.0,0
2012-08-16,2012-10-25,OPTSTK,JINDALSTEL,560.0,PE,0.0,0.0,0.0,158.55,133.2,0,0.0,0
2012-08-16,2012-10-25,OPTSTK,JINDALSTEL,580.0,PE,0.0,0.0,0.0,177.0,152.3,0,0.0,0
2012-08-16,2012-10-25,OPTSTK,JINDALSTEL,600.0,PE,0.0,0.0,0.0,195.75,171.65,0,0.0,0
2012-08-16,2012-08-30,OPTSTK,JISLJALEQS,45.0,CE,0.0,0.0,0.0,27.75,34.3,0,0.0,0
2012-08-16,2012-08-30,OPTSTK,JISLJALEQS,50.0,CE,0.0,0.0,0.0,23.2,29.35,0,0.0,0
2012-08-16,2012-08-30,OPTSTK,JISLJALEQS,55.0,CE,0.0,0.0,0.0,18.95,24.35,0,0.0,0
2012-08-16,2012-08-30,OPTSTK,JISLJALEQS,60.0,CE,0.0,0.0,0.0,15.1,19.4,0,0.0,0
2012-08-16,2012-08-30,OPTSTK,JISLJALEQS,65.0,CE,0.0,0.0,0.0,11.8,14.55,0,0.0,0
2012-08-16,2012-08-30,OPTSTK,JISLJALEQS,70.0,CE,0.0,0.0,0.0,9.0,10.1,0,0.0,0
2012-08-16,2012-08-30,OPTSTK,JISLJALEQS,75.0,CE,0.0,0.0,0.0,6.75,6.35,0,0.0,0
2012-08-16,2012-08-30,OPTSTK,JISLJALEQS,80.0,CE,5.0,5.0,2.7,2.85,2.85,86,143.29,76000
2012-08-16,2012-08-30,OPTSTK,JISLJALEQS,85.0,CE,2.5,2.5,1.3,1.35,1.35,196,340.17,312000
2012-08-16,2012-08-30,OPTSTK,JISLJALEQS,90.0,CE,1.0,1.0,0.6,0.65,0.65,50,90.84,142000
2012-08-16,2012-08-30,OPTSTK,JISLJALEQS,95.0,CE,0.55,0.55,0.25,0.35,0.35,3,5.72,20000
2012-08-16,2012-08-30,OPTSTK,JISLJALEQS,100.0,CE,0.0,0.0,0.0,1.3,0.15,0,0.0,0
2012-08-16,2012-08-30,OPTSTK,JISLJALEQS,105.0,CE,0.0,0.0,0.0,0.9,0.05,0,0.0,0
2012-08-16,2012-08-30,OPTSTK,JISLJALEQS,110.0,CE,0.0,0.0,0.0,0.6,0.05,0,0.0,0
2012-08-16,2012-08-30,OPTSTK,JISLJALEQS,115.0,CE,0.0,0.0,0.0,0.45,0.0,0,0.0,0
2012-08-16,2012-08-30,OPTSTK,JISLJALEQS,120.0,CE,0.0,0.0,0.0,0.3,0.0,0,0.0,0
2012-08-16,2012-08-30,OPTSTK,JISLJALEQS,45.0,PE,0.0,0.0,0.0,0.2,0.0,0,0.0,0
2012-08-16,2012-08-30,OPTSTK,JISLJALEQS,50.0,PE,0.0,0.0,0.0,0.55,0.0,0,0.0,0
2012-08-16,2012-08-30,OPTSTK,JISLJALEQS,55.0,PE,0.0,0.0,0.0,1.15,0.0,0,0.0,0
2012-08-16,2012-08-30,OPTSTK,JISLJALEQS,60.0,PE,0.0,0.0,0.0,2.2,0.05,0,0.0,0
2012-08-16,2012-08-30,OPTSTK,JISLJALEQS,65.0,PE,0.0,0.0,0.0,3.75,0.2,0,0.0,0
2012-08-16,2012-08-30,OPTSTK,JISLJALEQS,70.0,PE,0.5,0.5,0.5,0.5,0.5,1,1.41,2000
2012-08-16,2012-08-30,OPTSTK,JISLJALEQS,75.0,PE,0.5,1.6,0.5,1.6,1.6,2,3.04,2000
2012-08-16,2012-08-30,OPTSTK,JISLJALEQS,80.0,PE,2.55,3.5,2.0,3.25,3.25,23,38.02,34000
2012-08-16,2012-08-30,OPTSTK,JISLJALEQS,85.0,PE,6.4,6.4,6.4,6.4,6.4,1,1.82,10000
2012-08-16,2012-08-30,OPTSTK,JISLJALEQS,90.0,PE,0.0,0.0,0.0,5.0,11.4,0,0.0,2000
2012-08-16,2012-08-30,OPTSTK,JISLJALEQS,95.0,PE,0.0,0.0,0.0,23.1,15.9,0,0.0,0
2012-08-16,2012-08-30,OPTSTK,JISLJALEQS,100.0,PE,0.0,0.0,0.0,27.45,20.65,0,0.0,0
2012-08-16,2012-08-30,OPTSTK,JISLJALEQS,105.0,PE,0.0,0.0,0.0,31.9,25.55,0,0.0,0
2012-08-16,2012-08-30,OPTSTK,JISLJALEQS,110.0,PE,0.0,0.0,0.0,36.5,30.5,0,0.0,0
2012-08-16,2012-08-30,OPTSTK,JISLJALEQS,115.0,PE,0.0,0.0,0.0,41.2,35.5,0,0.0,0
2012-08-16,2012-08-30,OPTSTK,JISLJALEQS,120.0,PE,0.0,0.0,0.0,45.95,40.45,0,0.0,0
2012-08-16,2012-09-27,OPTSTK,JISLJALEQS,45.0,CE,0.0,0.0,0.0,37.2,34.65,0,0.0,0
2012-08-16,2012-09-27,OPTSTK,JISLJALEQS,50.0,CE,0.0,0.0,0.0,32.35,29.75,0,0.0,0
2012-08-16,2012-09-27,OPTSTK,JISLJALEQS,55.0,CE,0.0,0.0,0.0,27.6,24.95,0,0.0,0
2012-08-16,2012-09-27,OPTSTK,JISLJALEQS,60.0,CE,0.0,0.0,0.0,22.95,20.35,0,0.0,0
2012-08-16,2012-09-27,OPTSTK,JISLJALEQS,65.0,CE,0.0,0.0,0.0,18.6,16.15,0,0.0,0
2012-08-16,2012-09-27,OPTSTK,JISLJALEQS,70.0,CE,0.0,0.0,0.0,14.65,12.4,0,0.0,0
2012-08-16,2012-09-27,OPTSTK,JISLJALEQS,75.0,CE,0.0,0.0,0.0,11.2,9.25,0,0.0,0
2012-08-16,2012-09-27,OPTSTK,JISLJALEQS,80.0,CE,0.0,0.0,0.0,8.35,6.7,0,0.0,0
2012-08-16,2012-09-27,OPTSTK,JISLJALEQS,85.0,CE,0.0,0.0,0.0,6.05,4.7,0,0.0,0
2012-08-16,2012-09-27,OPTSTK,JISLJALEQS,90.0,CE,0.0,0.0,0.0,4.25,3.2,0,0.0,0
2012-08-16,2012-09-27,OPTSTK,JISLJALEQS,95.0,CE,0.0,0.0,0.0,2.95,2.15,0,0.0,0
2012-08-16,2012-09-27,OPTSTK,JISLJALEQS,100.0,CE,0.0,0.0,0.0,2.0,1.4,0,0.0,0
2012-08-16,2012-09-27,OPTSTK,JISLJALEQS,105.0,CE,0.0,0.0,0.0,1.35,0.9,0,0.0,0
2012-08-16,2012-09-27,OPTSTK,JISLJALEQS,110.0,CE,0.0,0.0,0.0,0.85,0.6,0,0.0,0
2012-08-16,2012-09-27,OPTSTK,JISLJALEQS,115.0,CE,0.0,0.0,0.0,0.55,0.35,0,0.0,0
2012-08-16,2012-09-27,OPTSTK,JISLJALEQS,120.0,CE,0.0,0.0,0.0,0.35,0.25,0,0.0,0
2012-08-16,2012-09-27,OPTSTK,JISLJALEQS,45.0,PE,0.0,0.0,0.0,0.05,0.05,0,0.0,0
2012-08-16,2012-09-27,OPTSTK,JISLJALEQS,50.0,PE,0.0,0.0,0.0,0.05,0.1,0,0.0,0
2012-08-16,2012-09-27,OPTSTK,JISLJALEQS,55.0,PE,0.0,0.0,0.0,0.15,0.25,0,0.0,0
2012-08-16,2012-09-27,OPTSTK,JISLJALEQS,60.0,PE,0.0,0.0,0.0,0.4,0.6,0,0.0,0
2012-08-16,2012-09-27,OPTSTK,JISLJALEQS,65.0,PE,0.0,0.0,0.0,0.95,1.35,0,0.0,0
2012-08-16,2012-09-27,OPTSTK,JISLJALEQS,70.0,PE,0.0,0.0,0.0,1.9,2.55,0,0.0,0
2012-08-16,2012-09-27,OPTSTK,JISLJALEQS,75.0,PE,0.0,0.0,0.0,3.3,4.3,0,0.0,0
2012-08-16,2012-09-27,OPTSTK,JISLJALEQS,80.0,PE,0.0,0.0,0.0,5.35,6.7,0,0.0,0
2012-08-16,2012-09-27,OPTSTK,JISLJALEQS,85.0,PE,0.0,0.0,0.0,7.9,9.65,0,0.0,0
2012-08-16,2012-09-27,OPTSTK,JISLJALEQS,90.0,PE,0.0,0.0,0.0,11.05,13.15,0,0.0,0
2012-08-16,2012-09-27,OPTSTK,JISLJALEQS,95.0,PE,0.0,0.0,0.0,14.6,17.05,0,0.0,0
2012-08-16,2012-09-27,OPTSTK,JISLJALEQS,100.0,PE,0.0,0.0,0.0,18.5,21.25,0,0.0,0
2012-08-16,2012-09-27,OPTSTK,JISLJALEQS,105.0,PE,0.0,0.0,0.0,22.75,25.7,0,0.0,0
2012-08-16,2012-09-27,OPTSTK,JISLJALEQS,110.0,PE,0.0,0.0,0.0,27.15,30.3,0,0.0,0
2012-08-16,2012-09-27,OPTSTK,JISLJALEQS,115.0,PE,0.0,0.0,0.0,31.75,35.05,0,0.0,0
2012-08-16,2012-09-27,OPTSTK,JISLJALEQS,120.0,PE,0.0,0.0,0.0,36.4,39.85,0,0.0,0
2012-08-16,2012-10-25,OPTSTK,JISLJALEQS,45.0,CE,0.0,0.0,0.0,35.6,35.05,0,0.0,0
2012-08-16,2012-10-25,OPTSTK,JISLJALEQS,50.0,CE,0.0,0.0,0.0,30.75,30.3,0,0.0,0
2012-08-16,2012-10-25,OPTSTK,JISLJALEQS,55.0,CE,0.0,0.0,0.0,26.05,25.8,0,0.0,0
2012-08-16,2012-10-25,OPTSTK,JISLJALEQS,60.0,CE,0.0,0.0,0.0,21.5,21.55,0,0.0,0
2012-08-16,2012-10-25,OPTSTK,JISLJALEQS,65.0,CE,0.0,0.0,0.0,17.35,17.7,0,0.0,0
2012-08-16,2012-10-25,OPTSTK,JISLJALEQS,70.0,CE,0.0,0.0,0.0,13.6,14.25,0,0.0,0
2012-08-16,2012-10-25,OPTSTK,JISLJALEQS,75.0,CE,0.0,0.0,0.0,10.35,11.35,0,0.0,0
2012-08-16,2012-10-25,OPTSTK,JISLJALEQS,80.0,CE,0.0,0.0,0.0,7.7,8.85,0,0.0,0
2012-08-16,2012-10-25,OPTSTK,JISLJALEQS,85.0,CE,0.0,0.0,0.0,5.6,6.85,0,0.0,0
2012-08-16,2012-10-25,OPTSTK,JISLJALEQS,90.0,CE,0.0,0.0,0.0,3.95,5.2,0,0.0,0
2012-08-16,2012-10-25,OPTSTK,JISLJALEQS,95.0,CE,0.0,0.0,0.0,2.75,3.95,0,0.0,0
2012-08-16,2012-10-25,OPTSTK,JISLJALEQS,100.0,CE,0.0,0.0,0.0,1.9,2.95,0,0.0,0
2012-08-16,2012-10-25,OPTSTK,JISLJALEQS,105.0,CE,0.0,0.0,0.0,1.3,2.2,0,0.0,0
2012-08-16,2012-10-25,OPTSTK,JISLJALEQS,110.0,CE,0.0,0.0,0.0,0.85,1.6,0,0.0,0
2012-08-16,2012-10-25,OPTSTK,JISLJALEQS,115.0,CE,0.0,0.0,0.0,0.55,1.2,0,0.0,0
2012-08-16,2012-10-25,OPTSTK,JISLJALEQS,120.0,CE,0.0,0.0,0.0,0.35,0.85,0,0.0,0
2012-08-16,2012-10-25,OPTSTK,JISLJALEQS,45.0,PE,0.0,0.0,0.0,0.05,0.1,0,0.0,0
2012-08-16,2012-10-25,OPTSTK,JISLJALEQS,50.0,PE,0.0,0.0,0.0,0.1,0.3,0,0.0,0
2012-08-16,2012-10-25,OPTSTK,JISLJALEQS,55.0,PE,0.0,0.0,0.0,0.25,0.7,0,0.0,0
2012-08-16,2012-10-25,OPTSTK,JISLJALEQS,60.0,PE,0.0,0.0,0.0,0.6,1.35,0,0.0,0
2012-08-16,2012-10-25,OPTSTK,JISLJALEQS,65.0,PE,0.0,0.0,0.0,1.3,2.4,0,0.0,0
2012-08-16,2012-10-25,OPTSTK,JISLJALEQS,70.0,PE,0.0,0.0,0.0,2.45,3.9,0,0.0,0
2012-08-16,2012-10-25,OPTSTK,JISLJALEQS,75.0,PE,0.0,0.0,0.0,4.1,5.9,0,0.0,0
2012-08-16,2012-10-25,OPTSTK,JISLJALEQS,80.0,PE,0.0,0.0,0.0,6.35,8.35,0,0.0,0
2012-08-16,2012-10-25,OPTSTK,JISLJALEQS,85.0,PE,0.0,0.0,0.0,9.1,11.25,0,0.0,0
2012-08-16,2012-10-25,OPTSTK,JISLJALEQS,90.0,PE,0.0,0.0,0.0,12.4,14.5,0,0.0,0
2012-08-16,2012-10-25,OPTSTK,JISLJALEQS,95.0,PE,0.0,0.0,0.0,16.05,18.15,0,0.0,0
2012-08-16,2012-10-25,OPTSTK,JISLJALEQS,100.0,PE,0.0,0.0,0.0,20.05,22.1,0,0.0,0
2012-08-16,2012-10-25,OPTSTK,JISLJALEQS,105.0,PE,0.0,0.0,0.0,24.35,26.25,0,0.0,0
2012-08-16,2012-10-25,OPTSTK,JISLJALEQS,110.0,PE,0.0,0.0,0.0,28.8,30.6,0,0.0,0
2012-08-16,2012-10-25,OPTSTK,JISLJALEQS,115.0,PE,0.0,0.0,0.0,33.4,35.05,0,0.0,0
2012-08-16,2012-10-25,OPTSTK,JISLJALEQS,120.0,PE,0.0,0.0,0.0,38.1,39.65,0,0.0,0
2012-08-16,2012-08-30,OPTSTK,JPASSOCIAT,30.0,CE,0.0,0.0,0.0,32.9,45.45,0,0.0,0
2012-08-16,2012-08-30,OPTSTK,JPASSOCIAT,35.0,CE,0.0,0.0,0.0,28.1,40.5,0,0.0,0
2012-08-16,2012-08-30,OPTSTK,JPASSOCIAT,40.0,CE,0.0,0.0,0.0,23.4,35.5,0,0.0,0
2012-08-16,2012-08-30,OPTSTK,JPASSOCIAT,45.0,CE,0.0,0.0,0.0,18.95,30.5,0,0.0,0
2012-08-16,2012-08-30,OPTSTK,JPASSOCIAT,50.0,CE,0.0,0.0,0.0,14.95,25.55,0,0.0,0
2012-08-16,2012-08-30,OPTSTK,JPASSOCIAT,55.0,CE,0.0,0.0,0.0,11.5,20.55,0,0.0,0
2012-08-16,2012-08-30,OPTSTK,JPASSOCIAT,60.0,CE,0.0,0.0,0.0,13.7,15.6,0,0.0,20000
2012-08-16,2012-08-30,OPTSTK,JPASSOCIAT,65.0,CE,0.0,0.0,0.0,12.8,10.7,0,0.0,40000
2012-08-16,2012-08-30,OPTSTK,JPASSOCIAT,70.0,CE,7.35,7.4,6.25,6.35,6.35,16,49.2,564000
2012-08-16,2012-08-30,OPTSTK,JPASSOCIAT,75.0,CE,3.3,3.55,2.4,2.55,2.55,535,1666.25,2816000
2012-08-16,2012-08-30,OPTSTK,JPASSOCIAT,80.0,CE,1.25,1.25,0.7,0.75,0.75,1660,5372.3,6864000
2012-08-16,2012-08-30,OPTSTK,JPASSOCIAT,85.0,CE,0.3,0.3,0.15,0.2,0.2,108,368.12,2880000
2012-08-16,2012-08-30,OPTSTK,JPASSOCIAT,90.0,CE,0.1,0.1,0.1,0.1,0.1,3,10.81,572000
2012-08-16,2012-08-30,OPTSTK,JPASSOCIAT,95.0,CE,0.0,0.0,0.0,0.15,0.05,0,0.0,0
2012-08-16,2012-08-30,OPTSTK,JPASSOCIAT,100.0,CE,0.0,0.0,0.0,0.1,0.0,0,0.0,20000
2012-08-16,2012-08-30,OPTSTK,JPASSOCIAT,105.0,CE,0.0,0.0,0.0,0.35,0.0,0,0.0,0
2012-08-16,2012-08-30,OPTSTK,JPASSOCIAT,110.0,CE,0.0,0.0,0.0,0.2,0.0,0,0.0,0
2012-08-16,2012-08-30,OPTSTK,JPASSOCIAT,30.0,PE,0.0,0.0,0.0,0.05,0.0,0,0.0,0
2012-08-16,2012-08-30,OPTSTK,JPASSOCIAT,35.0,PE,0.0,0.0,0.0,0.1,0.0,0,0.0,0
2012-08-16,2012-08-30,OPTSTK,JPASSOCIAT,40.0,PE,0.0,0.0,0.0,0.3,0.0,0,0.0,0
2012-08-16,2012-08-30,OPTSTK,JPASSOCIAT,45.0,PE,0.0,0.0,0.0,0.75,0.0,0,0.0,0
2012-08-16,2012-08-30,OPTSTK,JPASSOCIAT,50.0,PE,0.0,0.0,0.0,1.6,0.0,0,0.0,0
2012-08-16,2012-08-30,OPTSTK,JPASSOCIAT,55.0,PE,0.0,0.0,0.0,0.05,0.0,0,0.0,100000
2012-08-16,2012-08-30,OPTSTK,JPASSOCIAT,60.0,PE,0.05,0.05,0.05,0.05,0.05,7,16.81,684000
2012-08-16,2012-08-30,OPTSTK,JPASSOCIAT,65.0,PE,0.1,0.15,0.1,0.15,0.15,132,343.88,2012000
2012-08-16,2012-08-30,OPTSTK,JPASSOCIAT,70.0,PE,0.35,0.5,0.25,0.5,0.5,253,712.7,3540000
2012-08-16,2012-08-30,OPTSTK,JPASSOCIAT,75.0,PE,1.3,1.9,1.25,1.8,1.8,525,1609.3,2028000
2012-08-16,2012-08-30,OPTSTK,JPASSOCIAT,80.0,PE,4.0,5.1,4.0,5.0,5.0,47,158.91,632000
2012-08-16,2012-08-30,OPTSTK,JPASSOCIAT,85.0,PE,9.65,9.65,9.65,9.65,9.65,1,3.78,8000
2012-08-16,2012-08-30,OPTSTK,JPASSOCIAT,90.0,PE,0.0,0.0,0.0,15.2,14.45,0,0.0,8000
2012-08-16,2012-08-30,OPTSTK,JPASSOCIAT,95.0,PE,0.0,0.0,0.0,31.25,19.35,0,0.0,0
2012-08-16,2012-08-30,OPTSTK,JPASSOCIAT,100.0,PE,0.0,0.0,0.0,35.9,24.35,0,0.0,0
2012-08-16,2012-08-30,OPTSTK,JPASSOCIAT,105.0,PE,0.0,0.0,0.0,40.65,29.3,0,0.0,0
2012-08-16,2012-08-30,OPTSTK,JPASSOCIAT,110.0,PE,0.0,0.0,0.0,45.4,34.3,0,0.0,0
2012-08-16,2012-09-27,OPTSTK,JPASSOCIAT,30.0,CE,0.0,0.0,0.0,42.2,45.7,0,0.0,0
2012-08-16,2012-09-27,OPTSTK,JPASSOCIAT,35.0,CE,0.0,0.0,0.0,37.35,40.75,0,0.0,0
2012-08-16,2012-09-27,OPTSTK,JPASSOCIAT,40.0,CE,0.0,0.0,0.0,32.5,35.8,0,0.0,0
2012-08-16,2012-09-27,OPTSTK,JPASSOCIAT,45.0,CE,0.0,0.0,0.0,27.75,30.85,0,0.0,0
2012-08-16,2012-09-27,OPTSTK,JPASSOCIAT,50.0,CE,0.0,0.0,0.0,23.15,25.9,0,0.0,0
2012-08-16,2012-09-27,OPTSTK,JPASSOCIAT,55.0,CE,0.0,0.0,0.0,18.85,21.0,0,0.0,0
2012-08-16,2012-09-27,OPTSTK,JPASSOCIAT,60.0,CE,0.0,0.0,0.0,15.0,16.25,0,0.0,0
2012-08-16,2012-09-27,OPTSTK,JPASSOCIAT,65.0,CE,21.6,21.6,12.8,12.8,12.8,3,9.69,8000
2012-08-16,2012-09-27,OPTSTK,JPASSOCIAT,70.0,CE,0.0,0.0,0.0,8.85,8.05,0,0.0,0
2012-08-16,2012-09-27,OPTSTK,JPASSOCIAT,75.0,CE,5.75,5.75,4.4,4.45,4.45,7,22.33,76000
2012-08-16,2012-09-27,OPTSTK,JPASSOCIAT,80.0,CE,3.1,3.1,2.3,2.4,2.4,16,52.83,128000
2012-08-16,2012-09-27,OPTSTK,JPASSOCIAT,85.0,CE,1.45,1.45,1.15,1.2,1.2,3,10.35,52000
2012-08-16,2012-09-27,OPTSTK,JPASSOCIAT,90.0,CE,0.0,0.0,0.0,2.45,0.85,0,0.0,0
2012-08-16,2012-09-27,OPTSTK,JPASSOCIAT,95.0,CE,0.0,0.0,0.0,1.25,0.45,0,0.0,4000
2012-08-16,2012-09-27,OPTSTK,JPASSOCIAT,100.0,CE,0.0,0.0,0.0,1.2,0.2,0,0.0,0
2012-08-16,2012-09-27,OPTSTK,JPASSOCIAT,105.0,CE,0.0,0.0,0.0,0.8,0.1,0,0.0,0
2012-08-16,2012-09-27,OPTSTK,JPASSOCIAT,110.0,CE,0.0,0.0,0.0,0.55,0.05,0,0.0,0
2012-08-16,2012-09-27,OPTSTK,JPASSOCIAT,30.0,PE,0.0,0.0,0.0,0.05,0.0,0,0.0,0
2012-08-16,2012-09-27,OPTSTK,JPASSOCIAT,35.0,PE,0.0,0.0,0.0,0.05,0.0,0,0.0,0
2012-08-16,2012-09-27,OPTSTK,JPASSOCIAT,40.0,PE,0.0,0.0,0.0,0.05,0.0,0,0.0,0
2012-08-16,2012-09-27,OPTSTK,JPASSOCIAT,45.0,PE,0.0,0.0,0.0,0.2,0.0,0,0.0,0
2012-08-16,2012-09-27,OPTSTK,JPASSOCIAT,50.0,PE,0.0,0.0,0.0,0.5,0.05,0,0.0,0
2012-08-16,2012-09-27,OPTSTK,JPASSOCIAT,55.0,PE,0.0,0.0,0.0,1.1,0.1,0,0.0,0
2012-08-16,2012-09-27,OPTSTK,JPASSOCIAT,60.0,PE,0.0,0.0,0.0,2.1,0.25,0,0.0,0
2012-08-16,2012-09-27,OPTSTK,JPASSOCIAT,65.0,PE,0.0,0.0,0.0,0.75,0.85,0,0.0,12000
2012-08-16,2012-09-27,OPTSTK,JPASSOCIAT,70.0,PE,1.45,1.5,1.45,1.5,1.5,2,5.71,12000
2012-08-16,2012-09-27,OPTSTK,JPASSOCIAT,75.0,PE,3.3,3.6,3.25,3.4,3.4,5,15.69,24000
2012-08-16,2012-09-27,OPTSTK,JPASSOCIAT,80.0,PE,0.0,0.0,0.0,5.85,6.85,0,0.0,40000
2012-08-16,2012-09-27,OPTSTK,JPASSOCIAT,85.0,PE,0.0,0.0,0.0,15.0,10.45,0,0.0,0
2012-08-16,2012-09-27,OPTSTK,JPASSOCIAT,90.0,PE,0.0,0.0,0.0,18.85,14.6,0,0.0,0
2012-08-16,2012-09-27,OPTSTK,JPASSOCIAT,95.0,PE,0.0,0.0,0.0,23.0,19.1,0,0.0,0
2012-08-16,2012-09-27,OPTSTK,JPASSOCIAT,100.0,PE,0.0,0.0,0.0,27.35,23.8,0,0.0,0
2012-08-16,2012-09-27,OPTSTK,JPASSOCIAT,105.0,PE,0.0,0.0,0.0,31.9,28.65,0,0.0,0
2012-08-16,2012-09-27,OPTSTK,JPASSOCIAT,110.0,PE,0.0,0.0,0.0,36.5,33.55,0,0.0,0
2012-08-16,2012-10-25,OPTSTK,JPASSOCIAT,30.0,CE,0.0,0.0,0.0,42.35,45.9,0,0.0,0
2012-08-16,2012-10-25,OPTSTK,JPASSOCIAT,35.0,CE,0.0,0.0,0.0,37.45,40.95,0,0.0,0
2012-08-16,2012-10-25,OPTSTK,JPASSOCIAT,40.0,CE,0.0,0.0,0.0,32.6,36.05,0,0.0,0
2012-08-16,2012-10-25,OPTSTK,JPASSOCIAT,45.0,CE,0.0,0.0,0.0,27.75,31.15,0,0.0,0
2012-08-16,2012-10-25,OPTSTK,JPASSOCIAT,50.0,CE,0.0,0.0,0.0,23.0,26.3,0,0.0,0
2012-08-16,2012-10-25,OPTSTK,JPASSOCIAT,55.0,CE,0.0,0.0,0.0,18.55,21.55,0,0.0,0
2012-08-16,2012-10-25,OPTSTK,JPASSOCIAT,60.0,CE,0.0,0.0,0.0,14.45,17.05,0,0.0,0
2012-08-16,2012-10-25,OPTSTK,JPASSOCIAT,65.0,CE,0.0,0.0,0.0,10.85,13.0,0,0.0,0
2012-08-16,2012-10-25,OPTSTK,JPASSOCIAT,70.0,CE,0.0,0.0,0.0,10.0,9.5,0,0.0,16000
2012-08-16,2012-10-25,OPTSTK,JPASSOCIAT,75.0,CE,0.0,0.0,0.0,5.55,6.7,0,0.0,0
2012-08-16,2012-10-25,OPTSTK,JPASSOCIAT,80.0,CE,0.0,0.0,0.0,3.8,4.5,0,0.0,0
2012-08-16,2012-10-25,OPTSTK,JPASSOCIAT,85.0,CE,0.0,0.0,0.0,2.55,2.95,0,0.0,0
2012-08-16,2012-10-25,OPTSTK,JPASSOCIAT,90.0,CE,0.0,0.0,0.0,1.65,1.85,0,0.0,0
2012-08-16,2012-10-25,OPTSTK,JPASSOCIAT,95.0,CE,0.0,0.0,0.0,1.05,1.15,0,0.0,0
2012-08-16,2012-10-25,OPTSTK,JPASSOCIAT,100.0,CE,0.0,0.0,0.0,0.65,0.7,0,0.0,0
2012-08-16,2012-10-25,OPTSTK,JPASSOCIAT,105.0,CE,0.0,0.0,0.0,0.4,0.4,0,0.0,0
2012-08-16,2012-10-25,OPTSTK,JPASSOCIAT,110.0,CE,0.0,0.0,0.0,0.25,0.25,0,0.0,0
2012-08-16,2012-10-25,OPTSTK,JPASSOCIAT,30.0,PE,0.0,0.0,0.0,0.05,0.0,0,0.0,0
2012-08-16,2012-10-25,OPTSTK,JPASSOCIAT,35.0,PE,0.0,0.0,0.0,0.05,0.0,0,0.0,0
2012-08-16,2012-10-25,OPTSTK,JPASSOCIAT,40.0,PE,0.0,0.0,0.0,0.05,0.0,0,0.0,0
2012-08-16,2012-10-25,OPTSTK,JPASSOCIAT,45.0,PE,0.0,0.0,0.0,0.1,0.05,0,0.0,0
2012-08-16,2012-10-25,OPTSTK,JPASSOCIAT,50.0,PE,0.0,0.0,0.0,0.25,0.1,0,0.0,0
2012-08-16,2012-10-25,OPTSTK,JPASSOCIAT,55.0,PE,0.0,0.0,0.0,0.65,0.25,0,0.0,0
2012-08-16,2012-10-25,OPTSTK,JPASSOCIAT,60.0,PE,0.0,0.0,0.0,1.4,0.65,0,0.0,0
2012-08-16,2012-10-25,OPTSTK,JPASSOCIAT,65.0,PE,0.0,0.0,0.0,2.75,1.55,0,0.0,0
2012-08-16,2012-10-25,OPTSTK,JPASSOCIAT,70.0,PE,0.0,0.0,0.0,4.65,2.95,0,0.0,0
2012-08-16,2012-10-25,OPTSTK,JPASSOCIAT,75.0,PE,0.0,0.0,0.0,7.2,5.05,0,0.0,0
2012-08-16,2012-10-25,OPTSTK,JPASSOCIAT,80.0,PE,0.0,0.0,0.0,10.35,7.8,0,0.0,0
2012-08-16,2012-10-25,OPTSTK,JPASSOCIAT,85.0,PE,0.0,0.0,0.0,13.95,11.15,0,0.0,0
2012-08-16,2012-10-25,OPTSTK,JPASSOCIAT,90.0,PE,0.0,0.0,0.0,17.95,14.95,0,0.0,0
2012-08-16,2012-10-25,OPTSTK,JPASSOCIAT,95.0,PE,0.0,0.0,0.0,22.25,19.15,0,0.0,0
2012-08-16,2012-10-25,OPTSTK,JPASSOCIAT,100.0,PE,0.0,0.0,0.0,26.75,23.65,0,0.0,0
2012-08-16,2012-10-25,OPTSTK,JPASSOCIAT,105.0,PE,0.0,0.0,0.0,31.4,28.25,0,0.0,0
2012-08-16,2012-10-25,OPTSTK,JPASSOCIAT,110.0,PE,0.0,0.0,0.0,36.1,33.0,0,0.0,0
2012-08-16,2012-08-30,OPTSTK,JPPOWER,17.5,CE,0.0,0.0,0.0,18.7,14.45,0,0.0,0
2012-08-16,2012-08-30,OPTSTK,JPPOWER,20.0,CE,0.0,0.0,0.0,16.25,11.95,0,0.0,0
2012-08-16,2012-08-30,OPTSTK,JPPOWER,22.5,CE,0.0,0.0,0.0,13.8,9.45,0,0.0,0
2012-08-16,2012-08-30,OPTSTK,JPPOWER,25.0,CE,0.0,0.0,0.0,11.45,6.95,0,0.0,0
2012-08-16,2012-08-30,OPTSTK,JPPOWER,27.5,CE,0.0,0.0,0.0,9.1,4.45,0,0.0,0
2012-08-16,2012-08-30,OPTSTK,JPPOWER,30.0,CE,0.0,0.0,0.0,7.0,2.1,0,0.0,0
2012-08-16,2012-08-30,OPTSTK,JPPOWER,32.5,CE,0.0,0.0,0.0,1.0,0.55,0,0.0,0
2012-08-16,2012-08-30,OPTSTK,JPPOWER,35.0,CE,0.0,0.0,0.0,0.4,0.05,0,0.0,40000
2012-08-16,2012-08-30,OPTSTK,JPPOWER,37.5,CE,0.0,0.0,0.0,2.4,0.0,0,0.0,0
2012-08-16,2012-08-30,OPTSTK,JPPOWER,40.0,CE,0.0,0.0,0.0,1.55,0.0,0,0.0,0
2012-08-16,2012-08-30,OPTSTK,JPPOWER,42.5,CE,0.0,0.0,0.0,0.95,0.0,0,0.0,0
2012-08-16,2012-08-30,OPTSTK,JPPOWER,45.0,CE,0.0,0.0,0.0,0.6,0.0,0,0.0,0
2012-08-16,2012-08-30,OPTSTK,JPPOWER,47.5,CE,0.0,0.0,0.0,0.35,0.0,0,0.0,0
2012-08-16,2012-08-30,OPTSTK,JPPOWER,50.0,CE,0.0,0.0,0.0,0.2,0.0,0,0.0,0
2012-08-16,2012-08-30,OPTSTK,JPPOWER,52.5,CE,0.0,0.0,0.0,0.1,0.0,0,0.0,0
2012-08-16,2012-08-30,OPTSTK,JPPOWER,55.0,CE,0.0,0.0,0.0,0.1,0.0,0,0.0,0
2012-08-16,2012-08-30,OPTSTK,JPPOWER,57.5,CE,0.0,0.0,0.0,0.05,0.0,0,0.0,0
2012-08-16,2012-08-30,OPTSTK,JPPOWER,60.0,CE,0.0,0.0,0.0,0.05,0.0,0,0.0,0
2012-08-16,2012-08-30,OPTSTK,JPPOWER,17.5,PE,0.0,0.0,0.0,0.05,0.0,0,0.0,0
2012-08-16,2012-08-30,OPTSTK,JPPOWER,20.0,PE,0.0,0.0,0.0,0.05,0.0,0,0.0,0
2012-08-16,2012-08-30,OPTSTK,JPPOWER,22.5,PE,0.0,0.0,0.0,0.05,0.0,0,0.0,0
2012-08-16,2012-08-30,OPTSTK,JPPOWER,25.0,PE,0.0,0.0,0.0,0.05,0.0,0,0.0,0
2012-08-16,2012-08-30,OPTSTK,JPPOWER,27.5,PE,0.0,0.0,0.0,0.2,0.0,0,0.0,0
2012-08-16,2012-08-30,OPTSTK,JPPOWER,30.0,PE,0.0,0.0,0.0,0.5,0.15,0,0.0,8000
2012-08-16,2012-08-30,OPTSTK,JPPOWER,32.5,PE,0.0,0.0,0.0,1.1,1.1,0,0.0,0
2012-08-16,2012-08-30,OPTSTK,JPPOWER,35.0,PE,0.0,0.0,0.0,1.9,3.1,0,0.0,8000
2012-08-16,2012-08-30,OPTSTK,JPPOWER,37.5,PE,0.0,0.0,0.0,3.25,5.55,0,0.0,0
2012-08-16,2012-08-30,OPTSTK,JPPOWER,40.0,PE,0.0,0.0,0.0,4.85,8.05,0,0.0,0
2012-08-16,2012-08-30,OPTSTK,JPPOWER,42.5,PE,0.0,0.0,0.0,6.7,10.55,0,0.0,0
2012-08-16,2012-08-30,OPTSTK,JPPOWER,45.0,PE,0.0,0.0,0.0,8.75,13.0,0,0.0,0
2012-08-16,2012-08-30,OPTSTK,JPPOWER,47.5,PE,0.0,0.0,0.0,10.95,15.5,0,0.0,0
2012-08-16,2012-08-30,OPTSTK,JPPOWER,50.0,PE,0.0,0.0,0.0,13.25,18.0,0,0.0,0
2012-08-16,2012-08-30,OPTSTK,JPPOWER,52.5,PE,0.0,0.0,0.0,15.6,20.5,0,0.0,0
2012-08-16,2012-08-30,OPTSTK,JPPOWER,55.0,PE,0.0,0.0,0.0,18.0,23.0,0,0.0,0
2012-08-16,2012-08-30,OPTSTK,JPPOWER,57.5,PE,0.0,0.0,0.0,20.4,25.5,0,0.0,0
2012-08-16,2012-08-30,OPTSTK,JPPOWER,60.0,PE,0.0,0.0,0.0,22.85,27.95,0,0.0,0
2012-08-16,2012-09-27,OPTSTK,JPPOWER,17.5,CE,0.0,0.0,0.0,17.55,14.55,0,0.0,0
2012-08-16,2012-09-27,OPTSTK,JPPOWER,20.0,CE,0.0,0.0,0.0,15.1,12.1,0,0.0,0
2012-08-16,2012-09-27,OPTSTK,JPPOWER,22.5,CE,0.0,0.0,0.0,12.65,9.6,0,0.0,0
2012-08-16,2012-09-27,OPTSTK,JPPOWER,25.0,CE,0.0,0.0,0.0,10.3,7.15,0,0.0,0
2012-08-16,2012-09-27,OPTSTK,JPPOWER,27.5,CE,0.0,0.0,0.0,8.05,4.75,0,0.0,0
2012-08-16,2012-09-27,OPTSTK,JPPOWER,30.0,CE,0.0,0.0,0.0,6.0,2.65,0,0.0,0
2012-08-16,2012-09-27,OPTSTK,JPPOWER,32.5,CE,0.0,0.0,0.0,4.3,1.2,0,0.0,0
2012-08-16,2012-09-27,OPTSTK,JPPOWER,35.0,CE,0.0,0.0,0.0,2.95,0.4,0,0.0,0
2012-08-16,2012-09-27,OPTSTK,JPPOWER,37.5,CE,0.0,0.0,0.0,1.95,0.15,0,0.0,0
2012-08-16,2012-09-27,OPTSTK,JPPOWER,40.0,CE,0.0,0.0,0.0,1.2,0.05,0,0.0,0
2012-08-16,2012-09-27,OPTSTK,JPPOWER,42.5,CE,0.0,0.0,0.0,0.75,0.0,0,0.0,0
2012-08-16,2012-09-27,OPTSTK,JPPOWER,45.0,CE,0.0,0.0,0.0,0.45,0.0,0,0.0,0
2012-08-16,2012-09-27,OPTSTK,JPPOWER,47.5,CE,0.0,0.0,0.0,0.25,0.0,0,0.0,0
2012-08-16,2012-09-27,OPTSTK,JPPOWER,50.0,CE,0.0,0.0,0.0,0.15,0.0,0,0.0,0
2012-08-16,2012-09-27,OPTSTK,JPPOWER,52.5,CE,0.0,0.0,0.0,0.1,0.0,0,0.0,0
2012-08-16,2012-09-27,OPTSTK,JPPOWER,55.0,CE,0.0,0.0,0.0,0.05,0.0,0,0.0,0
2012-08-16,2012-09-27,OPTSTK,JPPOWER,57.5,CE,0.0,0.0,0.0,0.05,0.0,0,0.0,0
2012-08-16,2012-09-27,OPTSTK,JPPOWER,60.0,CE,0.0,0.0,0.0,0.05,0.0,0,0.0,0
2012-08-16,2012-09-27,OPTSTK,JPPOWER,17.5,PE,0.0,0.0,0.0,0.05,0.0,0,0.0,0
2012-08-16,2012-09-27,OPTSTK,JPPOWER,20.0,PE,0.0,0.0,0.0,0.05,0.0,0,0.0,0
2012-08-16,2012-09-27,OPTSTK,JPPOWER,22.5,PE,0.0,0.0,0.0,0.05,0.0,0,0.0,0
2012-08-16,2012-09-27,OPTSTK,JPPOWER,25.0,PE,0.0,0.0,0.0,0.1,0.05,0,0.0,0
2012-08-16,2012-09-27,OPTSTK,JPPOWER,27.5,PE,0.0,0.0,0.0,0.3,0.1,0,0.0,0
2012-08-16,2012-09-27,OPTSTK,JPPOWER,30.0,PE,0.0,0.0,0.0,0.7,0.5,0,0.0,0
2012-08-16,2012-09-27,OPTSTK,JPPOWER,32.5,PE,0.0,0.0,0.0,1.45,1.5,0,0.0,0
2012-08-16,2012-09-27,OPTSTK,JPPOWER,35.0,PE,0.0,0.0,0.0,2.55,3.2,0,0.0,0
2012-08-16,2012-09-27,OPTSTK,JPPOWER,37.5,PE,0.0,0.0,0.0,3.95,5.4,0,0.0,0
2012-08-16,2012-09-27,OPTSTK,JPPOWER,40.0,PE,0.0,0.0,0.0,5.7,7.8,0,0.0,0
2012-08-16,2012-09-27,OPTSTK,JPPOWER,42.5,PE,0.0,0.0,0.0,7.65,10.25,0,0.0,0
2012-08-16,2012-09-27,OPTSTK,JPPOWER,45.0,PE,0.0,0.0,0.0,9.8,12.7,0,0.0,0
2012-08-16,2012-09-27,OPTSTK,JPPOWER,47.5,PE,0.0,0.0,0.0,12.05,15.2,0,0.0,0
2012-08-16,2012-09-27,OPTSTK,JPPOWER,50.0,PE,0.0,0.0,0.0,14.4,17.65,0,0.0,0
2012-08-16,2012-09-27,OPTSTK,JPPOWER,52.5,PE,0.0,0.0,0.0,16.75,20.15,0,0.0,0
2012-08-16,2012-09-27,OPTSTK,JPPOWER,55.0,PE,0.0,0.0,0.0,19.2,22.6,0,0.0,0
2012-08-16,2012-09-27,OPTSTK,JPPOWER,57.5,PE,0.0,0.0,0.0,21.6,25.1,0,0.0,0
2012-08-16,2012-09-27,OPTSTK,JPPOWER,60.0,PE,0.0,0.0,0.0,24.05,27.55,0,0.0,0
2012-08-16,2012-10-25,OPTSTK,JPPOWER,17.5,CE,0.0,0.0,0.0,14.1,14.65,0,0.0,0
2012-08-16,2012-10-25,OPTSTK,JPPOWER,20.0,CE,0.0,0.0,0.0,11.7,12.2,0,0.0,0
2012-08-16,2012-10-25,OPTSTK,JPPOWER,22.5,CE,0.0,0.0,0.0,9.3,9.75,0,0.0,0
2012-08-16,2012-10-25,OPTSTK,JPPOWER,25.0,CE,0.0,0.0,0.0,7.0,7.35,0,0.0,0
2012-08-16,2012-10-25,OPTSTK,JPPOWER,27.5,CE,0.0,0.0,0.0,4.95,5.05,0,0.0,0
2012-08-16,2012-10-25,OPTSTK,JPPOWER,30.0,CE,0.0,0.0,0.0,3.25,3.1,0,0.0,0
2012-08-16,2012-10-25,OPTSTK,JPPOWER,32.5,CE,0.0,0.0,0.0,2.0,1.65,0,0.0,0
2012-08-16,2012-10-25,OPTSTK,JPPOWER,35.0,CE,0.0,0.0,0.0,1.15,0.8,0,0.0,0
2012-08-16,2012-10-25,OPTSTK,JPPOWER,37.5,CE,0.0,0.0,0.0,0.65,0.35,0,0.0,0
2012-08-16,2012-10-25,OPTSTK,JPPOWER,40.0,CE,0.0,0.0,0.0,0.35,0.15,0,0.0,0
2012-08-16,2012-10-25,OPTSTK,JPPOWER,42.5,CE,0.0,0.0,0.0,0.15,0.05,0,0.0,0
2012-08-16,2012-10-25,OPTSTK,JPPOWER,45.0,CE,0.0,0.0,0.0,0.1,0.05,0,0.0,0
2012-08-16,2012-10-25,OPTSTK,JPPOWER,47.5,CE,0.0,0.0,0.0,0.05,0.0,0,0.0,0
2012-08-16,2012-10-25,OPTSTK,JPPOWER,50.0,CE,0.0,0.0,0.0,0.05,0.0,0,0.0,0
2012-08-16,2012-10-25,OPTSTK,JPPOWER,52.5,CE,0.0,0.0,0.0,0.05,0.0,0,0.0,0
2012-08-16,2012-10-25,OPTSTK,JPPOWER,55.0,CE,0.0,0.0,0.0,0.05,0.0,0,0.0,0
2012-08-16,2012-10-25,OPTSTK,JPPOWER,17.5,PE,0.0,0.0,0.0,0.05,0.0,0,0.0,0
2012-08-16,2012-10-25,OPTSTK,JPPOWER,20.0,PE,0.0,0.0,0.0,0.05,0.0,0,0.0,0
2012-08-16,2012-10-25,OPTSTK,JPPOWER,22.5,PE,0.0,0.0,0.0,0.05,0.0,0,0.0,0
2012-08-16,2012-10-25,OPTSTK,JPPOWER,25.0,PE,0.0,0.0,0.0,0.2,0.05,0,0.0,0
2012-08-16,2012-10-25,OPTSTK,JPPOWER,27.5,PE,0.0,0.0,0.0,0.6,0.2,0,0.0,0
2012-08-16,2012-10-25,OPTSTK,JPPOWER,30.0,PE,0.0,0.0,0.0,1.4,0.7,0,0.0,0
2012-08-16,2012-10-25,OPTSTK,JPPOWER,32.5,PE,0.0,0.0,0.0,2.55,1.75,0,0.0,0
2012-08-16,2012-10-25,OPTSTK,JPPOWER,35.0,PE,0.0,0.0,0.0,4.15,3.35,0,0.0,0
2012-08-16,2012-10-25,OPTSTK,JPPOWER,37.5,PE,0.0,0.0,0.0,6.1,5.35,0,0.0,0
2012-08-16,2012-10-25,OPTSTK,JPPOWER,40.0,PE,0.0,0.0,0.0,8.25,7.6,0,0.0,0
2012-08-16,2012-10-25,OPTSTK,JPPOWER,42.5,PE,0.0,0.0,0.0,10.5,10.0,0,0.0,0
2012-08-16,2012-10-25,OPTSTK,JPPOWER,45.0,PE,0.0,0.0,0.0,12.85,12.4,0,0.0,0
2012-08-16,2012-10-25,OPTSTK,JPPOWER,47.5,PE,0.0,0.0,0.0,15.25,14.85,0,0.0,0
2012-08-16,2012-10-25,OPTSTK,JPPOWER,50.0,PE,0.0,0.0,0.0,17.7,17.3,0,0.0,0
2012-08-16,2012-10-25,OPTSTK,JPPOWER,52.5,PE,0.0,0.0,0.0,20.15,19.75,0,0.0,0
2012-08-16,2012-10-25,OPTSTK,JPPOWER,55.0,PE,0.0,0.0,0.0,22.55,22.25,0,0.0,0
2012-08-16,2012-08-30,OPTSTK,JSWENERGY,25.0,CE,0.0,0.0,0.0,20.65,25.7,0,0.0,0
2012-08-16,2012-08-30,OPTSTK,JSWENERGY,27.5,CE,0.0,0.0,0.0,18.2,23.2,0,0.0,0
2012-08-16,2012-08-30,OPTSTK,JSWENERGY,30.0,CE,0.0,0.0,0.0,15.85,20.7,0,0.0,0
2012-08-16,2012-08-30,OPTSTK,JSWENERGY,32.5,CE,0.0,0.0,0.0,13.55,18.25,0,0.0,0
2012-08-16,2012-08-30,OPTSTK,JSWENERGY,35.0,CE,0.0,0.0,0.0,11.35,15.75,0,0.0,0
2012-08-16,2012-08-30,OPTSTK,JSWENERGY,37.5,CE,0.0,0.0,0.0,9.35,13.25,0,0.0,0
2012-08-16,2012-08-30,OPTSTK,JSWENERGY,40.0,CE,0.0,0.0,0.0,7.55,10.75,0,0.0,0
2012-08-16,2012-08-30,OPTSTK,JSWENERGY,42.5,CE,0.0,0.0,0.0,5.95,8.3,0,0.0,0
2012-08-16,2012-08-30,OPTSTK,JSWENERGY,45.0,CE,0.0,0.0,0.0,4.65,5.9,0,0.0,0
2012-08-16,2012-08-30,OPTSTK,JSWENERGY,47.5,CE,0.0,0.0,0.0,3.55,3.8,0,0.0,0
2012-08-16,2012-08-30,OPTSTK,JSWENERGY,50.0,CE,1.85,1.85,1.8,1.85,1.85,2,4.14,12000
2012-08-16,2012-08-30,OPTSTK,JSWENERGY,52.5,CE,0.0,0.0,0.0,2.8,1.05,0,0.0,8000
2012-08-16,2012-08-30,OPTSTK,JSWENERGY,55.0,CE,0.0,0.0,0.0,0.95,0.45,0,0.0,4000
2012-08-16,2012-08-30,OPTSTK,JSWENERGY,57.5,CE,0.0,0.0,0.0,1.05,0.15,0,0.0,0
2012-08-16,2012-08-30,OPTSTK,JSWENERGY,60.0,CE,0.0,0.0,0.0,0.75,0.05,0,0.0,0
2012-08-16,2012-08-30,OPTSTK,JSWENERGY,62.5,CE,0.0,0.0,0.0,0.55,0.05,0,0.0,0
2012-08-16,2012-08-30,OPTSTK,JSWENERGY,65.0,CE,0.0,0.0,0.0,0.4,0.0,0,0.0,0
2012-08-16,2012-08-30,OPTSTK,JSWENERGY,67.5,CE,0.0,0.0,0.0,0.25,0.0,0,0.0,0
2012-08-16,2012-08-30,OPTSTK,JSWENERGY,70.0,CE,0.0,0.0,0.0,0.2,0.0,0,0.0,0
2012-08-16,2012-08-30,OPTSTK,JSWENERGY,75.0,CE,0.0,0.0,0.0,0.25,0.0,0,0.0,0
2012-08-16,2012-08-30,OPTSTK,JSWENERGY,80.0,CE,0.0,0.0,0.0,0.1,0.0,0,0.0,0
2012-08-16,2012-08-30,OPTSTK,JSWENERGY,25.0,PE,0.0,0.0,0.0,0.05,0.0,0,0.0,0
2012-08-16,2012-08-30,OPTSTK,JSWENERGY,27.5,PE,0.0,0.0,0.0,0.05,0.0,0,0.0,0
2012-08-16,2012-08-30,OPTSTK,JSWENERGY,30.0,PE,0.0,0.0,0.0,0.1,0.0,0,0.0,0
2012-08-16,2012-08-30,OPTSTK,JSWENERGY,32.5,PE,0.0,0.0,0.0,0.25,0.0,0,0.0,0
2012-08-16,2012-08-30,OPTSTK,JSWENERGY,35.0,PE,0.0,0.0,0.0,0.5,0.0,0,0.0,0
2012-08-16,2012-08-30,OPTSTK,JSWENERGY,37.5,PE,0.0,0.0,0.0,0.95,0.0,0,0.0,0
2012-08-16,2012-08-30,OPTSTK,JSWENERGY,40.0,PE,0.0,0.0,0.0,1.6,0.0,0,0.0,0
2012-08-16,2012-08-30,OPTSTK,JSWENERGY,42.5,PE,0.0,0.0,0.0,2.45,0.05,0,0.0,0
2012-08-16,2012-08-30,OPTSTK,JSWENERGY,45.0,PE,0.0,0.0,0.0,0.9,0.15,0,0.0,8000
2012-08-16,2012-08-30,OPTSTK,JSWENERGY,47.5,PE,0.0,0.0,0.0,4.9,0.55,0,0.0,0
2012-08-16,2012-08-30,OPTSTK,JSWENERGY,50.0,PE,1.0,1.0,1.0,1.0,1.0,1,2.04,4000
2012-08-16,2012-08-30,OPTSTK,JSWENERGY,52.5,PE,0.0,0.0,0.0,8.2,2.75,0,0.0,0
2012-08-16,2012-08-30,OPTSTK,JSWENERGY,55.0,PE,0.0,0.0,0.0,10.1,4.65,0,0.0,0
2012-08-16,2012-08-30,OPTSTK,JSWENERGY,57.5,PE,0.0,0.0,0.0,12.15,6.85,0,0.0,0
2012-08-16,2012-08-30,OPTSTK,JSWENERGY,60.0,PE,0.0,0.0,0.0,14.3,9.25,0,0.0,0
2012-08-16,2012-08-30,OPTSTK,JSWENERGY,62.5,PE,0.0,0.0,0.0,16.55,11.7,0,0.0,0
2012-08-16,2012-08-30,OPTSTK,JSWENERGY,65.0,PE,0.0,0.0,0.0,18.8,14.2,0,0.0,0
2012-08-16,2012-08-30,OPTSTK,JSWENERGY,67.5,PE,0.0,0.0,0.0,21.15,16.7,0,0.0,0
2012-08-16,2012-08-30,OPTSTK,JSWENERGY,70.0,PE,0.0,0.0,0.0,23.5,19.2,0,0.0,0
2012-08-16,2012-08-30,OPTSTK,JSWENERGY,75.0,PE,0.0,0.0,0.0,24.3,24.15,0,0.0,0
2012-08-16,2012-08-30,OPTSTK,JSWENERGY,80.0,PE,0.0,0.0,0.0,27.75,29.15,0,0.0,0
2012-08-16,2012-09-27,OPTSTK,JSWENERGY,25.0,CE,0.0,0.0,0.0,27.05,25.9,0,0.0,0
2012-08-16,2012-09-27,OPTSTK,JSWENERGY,30.0,CE,0.0,0.0,0.0,22.2,20.95,0,0.0,0
2012-08-16,2012-09-27,OPTSTK,JSWENERGY,35.0,CE,0.0,0.0,0.0,17.5,16.0,0,0.0,0
2012-08-16,2012-09-27,OPTSTK,JSWENERGY,37.5,CE,0.0,0.0,0.0,12.5,13.55,0,0.0,0
2012-08-16,2012-09-27,OPTSTK,JSWENERGY,40.0,CE,0.0,0.0,0.0,13.15,11.15,0,0.0,0
2012-08-16,2012-09-27,OPTSTK,JSWENERGY,42.5,CE,0.0,0.0,0.0,8.5,8.9,0,0.0,0
2012-08-16,2012-09-27,OPTSTK,JSWENERGY,45.0,CE,0.0,0.0,0.0,9.35,6.85,0,0.0,0
2012-08-16,2012-09-27,OPTSTK,JSWENERGY,47.5,CE,0.0,0.0,0.0,5.4,5.05,0,0.0,0
2012-08-16,2012-09-27,OPTSTK,JSWENERGY,50.0,CE,0.0,0.0,0.0,6.35,3.55,0,0.0,0
2012-08-16,2012-09-27,OPTSTK,JSWENERGY,52.5,CE,0.0,0.0,0.0,3.2,2.4,0,0.0,0
2012-08-16,2012-09-27,OPTSTK,JSWENERGY,55.0,CE,0.0,0.0,0.0,4.1,1.55,0,0.0,0
2012-08-16,2012-09-27,OPTSTK,JSWENERGY,57.5,CE,0.0,0.0,0.0,1.8,1.0,0,0.0,0
2012-08-16,2012-09-27,OPTSTK,JSWENERGY,60.0,CE,0.0,0.0,0.0,2.55,0.6,0,0.0,0
2012-08-16,2012-09-27,OPTSTK,JSWENERGY,62.5,CE,0.0,0.0,0.0,1.0,0.35,0,0.0,0
2012-08-16,2012-09-27,OPTSTK,JSWENERGY,65.0,CE,0.0,0.0,0.0,1.55,0.2,0,0.0,0
2012-08-16,2012-09-27,OPTSTK,JSWENERGY,70.0,CE,0.0,0.0,0.0,0.9,0.05,0,0.0,0
2012-08-16,2012-09-27,OPTSTK,JSWENERGY,75.0,CE,0.0,0.0,0.0,0.55,0.05,0,0.0,0
2012-08-16,2012-09-27,OPTSTK,JSWENERGY,80.0,CE,0.0,0.0,0.0,0.3,0.0,0,0.0,0
2012-08-16,2012-09-27,OPTSTK,JSWENERGY,25.0,PE,0.0,0.0,0.0,0.05,0.0,0,0.0,0
2012-08-16,2012-09-27,OPTSTK,JSWENERGY,30.0,PE,0.0,0.0,0.0,0.05,0.0,0,0.0,0
2012-08-16,2012-09-27,OPTSTK,JSWENERGY,35.0,PE,0.0,0.0,0.0,0.25,0.05,0,0.0,0
2012-08-16,2012-09-27,OPTSTK,JSWENERGY,37.5,PE,0.0,0.0,0.0,0.5,0.05,0,0.0,0
2012-08-16,2012-09-27,OPTSTK,JSWENERGY,40.0,PE,0.0,0.0,0.0,0.75,0.15,0,0.0,0
2012-08-16,2012-09-27,OPTSTK,JSWENERGY,42.5,PE,0.0,0.0,0.0,1.45,0.35,0,0.0,0
2012-08-16,2012-09-27,OPTSTK,JSWENERGY,45.0,PE,0.0,0.0,0.0,1.85,0.75,0,0.0,0
2012-08-16,2012-09-27,OPTSTK,JSWENERGY,47.5,PE,0.0,0.0,0.0,3.25,1.45,0,0.0,0
2012-08-16,2012-09-27,OPTSTK,JSWENERGY,50.0,PE,0.0,0.0,0.0,3.75,2.45,0,0.0,0
2012-08-16,2012-09-27,OPTSTK,JSWENERGY,52.5,PE,0.0,0.0,0.0,6.0,3.75,0,0.0,0
2012-08-16,2012-09-27,OPTSTK,JSWENERGY,55.0,PE,0.0,0.0,0.0,6.4,5.4,0,0.0,0
2012-08-16,2012-09-27,OPTSTK,JSWENERGY,57.5,PE,0.0,0.0,0.0,9.5,7.3,0,0.0,0
2012-08-16,2012-09-27,OPTSTK,JSWENERGY,60.0,PE,0.0,0.0,0.0,9.7,9.35,0,0.0,0
2012-08-16,2012-09-27,OPTSTK,JSWENERGY,62.5,PE,0.0,0.0,0.0,13.6,11.6,0,0.0,0
2012-08-16,2012-09-27,OPTSTK,JSWENERGY,65.0,PE,0.0,0.0,0.0,13.6,13.95,0,0.0,0
2012-08-16,2012-09-27,OPTSTK,JSWENERGY,70.0,PE,0.0,0.0,0.0,17.85,18.75,0,0.0,0
2012-08-16,2012-09-27,OPTSTK,JSWENERGY,75.0,PE,0.0,0.0,0.0,22.35,23.65,0,0.0,0
2012-08-16,2012-09-27,OPTSTK,JSWENERGY,80.0,PE,0.0,0.0,0.0,27.0,28.6,0,0.0,0
2012-08-16,2012-10-25,OPTSTK,JSWENERGY,25.0,CE,0.0,0.0,0.0,24.5,26.05,0,0.0,0
2012-08-16,2012-10-25,OPTSTK,JSWENERGY,27.5,CE,0.0,0.0,0.0,22.1,23.6,0,0.0,0
2012-08-16,2012-10-25,OPTSTK,JSWENERGY,30.0,CE,0.0,0.0,0.0,19.7,21.15,0,0.0,0
2012-08-16,2012-10-25,OPTSTK,JSWENERGY,32.5,CE,0.0,0.0,0.0,17.4,18.7,0,0.0,0
2012-08-16,2012-10-25,OPTSTK,JSWENERGY,35.0,CE,0.0,0.0,0.0,15.15,16.3,0,0.0,0
2012-08-16,2012-10-25,OPTSTK,JSWENERGY,37.5,CE,0.0,0.0,0.0,13.1,13.95,0,0.0,0
2012-08-16,2012-10-25,OPTSTK,JSWENERGY,40.0,CE,0.0,0.0,0.0,11.15,11.65,0,0.0,0
2012-08-16,2012-10-25,OPTSTK,JSWENERGY,42.5,CE,0.0,0.0,0.0,9.4,9.55,0,0.0,0
2012-08-16,2012-10-25,OPTSTK,JSWENERGY,45.0,CE,0.0,0.0,0.0,7.8,7.65,0,0.0,0
2012-08-16,2012-10-25,OPTSTK,JSWENERGY,47.5,CE,0.0,0.0,0.0,6.45,6.0,0,0.0,0
2012-08-16,2012-10-25,OPTSTK,JSWENERGY,50.0,CE,0.0,0.0,0.0,5.25,4.6,0,0.0,0
2012-08-16,2012-10-25,OPTSTK,JSWENERGY,52.5,CE,0.0,0.0,0.0,4.25,3.4,0,0.0,0
2012-08-16,2012-10-25,OPTSTK,JSWENERGY,55.0,CE,0.0,0.0,0.0,3.4,2.5,0,0.0,0
2012-08-16,2012-10-25,OPTSTK,JSWENERGY,57.5,CE,0.0,0.0,0.0,2.7,1.8,0,0.0,0
2012-08-16,2012-10-25,OPTSTK,JSWENERGY,60.0,CE,0.0,0.0,0.0,2.15,1.25,0,0.0,0
2012-08-16,2012-10-25,OPTSTK,JSWENERGY,62.5,CE,0.0,0.0,0.0,1.7,0.85,0,0.0,0
2012-08-16,2012-10-25,OPTSTK,JSWENERGY,65.0,CE,0.0,0.0,0.0,1.3,0.6,0,0.0,0
2012-08-16,2012-10-25,OPTSTK,JSWENERGY,67.5,CE,0.0,0.0,0.0,1.0,0.4,0,0.0,0
2012-08-16,2012-10-25,OPTSTK,JSWENERGY,70.0,CE,0.0,0.0,0.0,0.8,0.25,0,0.0,0
2012-08-16,2012-10-25,OPTSTK,JSWENERGY,72.5,CE,0.0,0.0,0.0,0.6,0.2,0,0.0,0
2012-08-16,2012-10-25,OPTSTK,JSWENERGY,75.0,CE,0.0,0.0,0.0,0.45,0.15,0,0.0,0
2012-08-16,2012-10-25,OPTSTK,JSWENERGY,80.0,CE,0.0,0.0,0.0,0.35,0.05,0,0.0,0
2012-08-16,2012-10-25,OPTSTK,JSWENERGY,25.0,PE,0.0,0.0,0.0,0.05,0.0,0,0.0,0
2012-08-16,2012-10-25,OPTSTK,JSWENERGY,27.5,PE,0.0,0.0,0.0,0.05,0.0,0,0.0,0
2012-08-16,2012-10-25,OPTSTK,JSWENERGY,30.0,PE,0.0,0.0,0.0,0.15,0.0,0,0.0,0
2012-08-16,2012-10-25,OPTSTK,JSWENERGY,32.5,PE,0.0,0.0,0.0,0.25,0.05,0,0.0,0
2012-08-16,2012-10-25,OPTSTK,JSWENERGY,35.0,PE,0.0,0.0,0.0,0.5,0.1,0,0.0,0
2012-08-16,2012-10-25,OPTSTK,JSWENERGY,37.5,PE,0.0,0.0,0.0,0.85,0.2,0,0.0,0
2012-08-16,2012-10-25,OPTSTK,JSWENERGY,40.0,PE,0.0,0.0,0.0,1.35,0.4,0,0.0,0
2012-08-16,2012-10-25,OPTSTK,JSWENERGY,42.5,PE,0.0,0.0,0.0,2.0,0.75,0,0.0,0
2012-08-16,2012-10-25,OPTSTK,JSWENERGY,45.0,PE,0.0,0.0,0.0,2.9,1.3,0,0.0,0
2012-08-16,2012-10-25,OPTSTK,JSWENERGY,47.5,PE,0.0,0.0,0.0,3.95,2.05,0,0.0,0
2012-08-16,2012-10-25,OPTSTK,JSWENERGY,50.0,PE,0.0,0.0,0.0,5.2,3.1,0,0.0,0
2012-08-16,2012-10-25,OPTSTK,JSWENERGY,52.5,PE,0.0,0.0,0.0,6.65,4.4,0,0.0,0
2012-08-16,2012-10-25,OPTSTK,JSWENERGY,55.0,PE,0.0,0.0,0.0,8.25,5.95,0,0.0,0
2012-08-16,2012-10-25,OPTSTK,JSWENERGY,57.5,PE,0.0,0.0,0.0,10.0,7.7,0,0.0,0
2012-08-16,2012-10-25,OPTSTK,JSWENERGY,60.0,PE,0.0,0.0,0.0,11.85,9.65,0,0.0,0
2012-08-16,2012-10-25,OPTSTK,JSWENERGY,62.5,PE,0.0,0.0,0.0,13.85,11.7,0,0.0,0
2012-08-16,2012-10-25,OPTSTK,JSWENERGY,65.0,PE,0.0,0.0,0.0,15.95,13.9,0,0.0,0
2012-08-16,2012-10-25,OPTSTK,JSWENERGY,67.5,PE,0.0,0.0,0.0,18.1,16.15,0,0.0,0
2012-08-16,2012-10-25,OPTSTK,JSWENERGY,70.0,PE,0.0,0.0,0.0,20.3,18.45,0,0.0,0
2012-08-16,2012-10-25,OPTSTK,JSWENERGY,72.5,PE,0.0,0.0,0.0,22.55,20.85,0,0.0,0
2012-08-16,2012-10-25,OPTSTK,JSWENERGY,75.0,PE,0.0,0.0,0.0,24.85,23.25,0,0.0,0
2012-08-16,2012-10-25,OPTSTK,JSWENERGY,80.0,PE,0.0,0.0,0.0,28.35,28.1,0,0.0,0
2012-08-16,2012-08-30,OPTSTK,JSWISPAT,2.5,CE,0.0,0.0,0.0,7.65,8.6,0,0.0,0
2012-08-16,2012-08-30,OPTSTK,JSWISPAT,5.0,CE,0.0,0.0,0.0,5.2,6.1,0,0.0,0
2012-08-16,2012-08-30,OPTSTK,JSWISPAT,7.5,CE,0.0,0.0,0.0,2.85,3.6,0,0.0,0
2012-08-16,2012-08-30,OPTSTK,JSWISPAT,10.0,CE,0.8,1.35,0.8,1.3,1.3,14,23.35,240000
2012-08-16,2012-08-30,OPTSTK,JSWISPAT,12.5,CE,0.05,0.15,0.05,0.1,0.1,96,181.45,2340000
2012-08-16,2012-08-30,OPTSTK,JSWISPAT,15.0,CE,0.0,0.0,0.0,0.05,0.0,0,0.0,45000
2012-08-16,2012-08-30,OPTSTK,JSWISPAT,17.5,CE,0.0,0.0,0.0,0.05,0.0,0,0.0,15000
2012-08-16,2012-08-30,OPTSTK,JSWISPAT,20.0,CE,0.0,0.0,0.0,0.05,0.0,0,0.0,0
2012-08-16,2012-08-30,OPTSTK,JSWISPAT,22.5,CE,0.0,0.0,0.0,0.15,0.0,0,0.0,15000
2012-08-16,2012-08-30,OPTSTK,JSWISPAT,25.0,CE,0.0,0.0,0.0,0.05,0.0,0,0.0,0
2012-08-16,2012-08-30,OPTSTK,JSWISPAT,27.5,CE,0.0,0.0,0.0,0.05,0.0,0,0.0,0
2012-08-16,2012-08-30,OPTSTK,JSWISPAT,30.0,CE,0.0,0.0,0.0,0.05,0.0,0,0.0,0
2012-08-16,2012-08-30,OPTSTK,JSWISPAT,32.5,CE,0.0,0.0,0.0,0.05,0.0,0,0.0,0
2012-08-16,2012-08-30,OPTSTK,JSWISPAT,35.0,CE,0.0,0.0,0.0,0.05,0.0,0,0.0,0
2012-08-16,2012-08-30,OPTSTK,JSWISPAT,2.5,PE,0.0,0.0,0.0,0.05,0.0,0,0.0,0
2012-08-16,2012-08-30,OPTSTK,JSWISPAT,5.0,PE,0.0,0.0,0.0,0.05,0.0,0,0.0,0
2012-08-16,2012-08-30,OPTSTK,JSWISPAT,7.5,PE,0.0,0.0,0.0,0.05,0.0,0,0.0,15000
2012-08-16,2012-08-30,OPTSTK,JSWISPAT,10.0,PE,0.15,0.15,0.1,0.1,0.1,11,16.7,975000
2012-08-16,2012-08-30,OPTSTK,JSWISPAT,12.5,PE,0.0,0.0,0.0,2.4,1.5,0,0.0,30000
2012-08-16,2012-08-30,OPTSTK,JSWISPAT,15.0,PE,0.0,0.0,0.0,4.7,3.9,0,0.0,0
2012-08-16,2012-08-30,OPTSTK,JSWISPAT,17.5,PE,0.0,0.0,0.0,7.05,6.4,0,0.0,0
2012-08-16,2012-08-30,OPTSTK,JSWISPAT,20.0,PE,0.0,0.0,0.0,9.5,8.9,0,0.0,0
2012-08-16,2012-08-30,OPTSTK,JSWISPAT,22.5,PE,0.0,0.0,0.0,11.95,11.4,0,0.0,0
2012-08-16,2012-08-30,OPTSTK,JSWISPAT,25.0,PE,0.0,0.0,0.0,14.35,13.9,0,0.0,0
2012-08-16,2012-08-30,OPTSTK,JSWISPAT,27.5,PE,0.0,0.0,0.0,16.8,16.4,0,0.0,0
2012-08-16,2012-08-30,OPTSTK,JSWISPAT,30.0,PE,0.0,0.0,0.0,19.25,18.85,0,0.0,0
2012-08-16,2012-08-30,OPTSTK,JSWISPAT,32.5,PE,0.0,0.0,0.0,21.7,21.35,0,0.0,0
2012-08-16,2012-08-30,OPTSTK,JSWISPAT,35.0,PE,0.0,0.0,0.0,24.15,23.85,0,0.0,0
2012-08-16,2012-09-27,OPTSTK,JSWISPAT,2.5,CE,0.0,0.0,0.0,7.85,8.6,0,0.0,0
2012-08-16,2012-09-27,OPTSTK,JSWISPAT,5.0,CE,0.0,0.0,0.0,5.4,6.1,0,0.0,0
2012-08-16,2012-09-27,OPTSTK,JSWISPAT,7.5,CE,0.0,0.0,0.0,3.0,3.65,0,0.0,0
2012-08-16,2012-09-27,OPTSTK,JSWISPAT,10.0,CE,1.25,1.5,1.25,1.5,1.5,2,3.41,30000
2012-08-16,2012-09-27,OPTSTK,JSWISPAT,12.5,CE,0.15,0.4,0.15,0.35,0.35,35,67.14,660000
2012-08-16,2012-09-27,OPTSTK,JSWISPAT,15.0,CE,0.0,0.0,0.0,0.05,0.05,0,0.0,0
2012-08-16,2012-09-27,OPTSTK,JSWISPAT,17.5,CE,0.0,0.0,0.0,0.05,0.0,0,0.0,0
2012-08-16,2012-09-27,OPTSTK,JSWISPAT,20.0,CE,0.0,0.0,0.0,0.05,0.0,0,0.0,0
2012-08-16,2012-09-27,OPTSTK,JSWISPAT,22.5,CE,0.0,0.0,0.0,0.05,0.0,0,0.0,0
2012-08-16,2012-09-27,OPTSTK,JSWISPAT,25.0,CE,0.0,0.0,0.0,0.05,0.0,0,0.0,0
2012-08-16,2012-09-27,OPTSTK,JSWISPAT,27.5,CE,0.0,0.0,0.0,0.05,0.0,0,0.0,0
2012-08-16,2012-09-27,OPTSTK,JSWISPAT,30.0,CE,0.0,0.0,0.0,0.05,0.0,0,0.0,0
2012-08-16,2012-09-27,OPTSTK,JSWISPAT,32.5,CE,0.0,0.0,0.0,0.05,0.0,0,0.0,0
2012-08-16,2012-09-27,OPTSTK,JSWISPAT,35.0,CE,0.0,0.0,0.0,0.05,0.0,0,0.0,0
2012-08-16,2012-09-27,OPTSTK,JSWISPAT,2.5,PE,0.0,0.0,0.0,0.05,0.0,0,0.0,0
2012-08-16,2012-09-27,OPTSTK,JSWISPAT,5.0,PE,0.0,0.0,0.0,0.05,0.0,0,0.0,0
2012-08-16,2012-09-27,OPTSTK,JSWISPAT,7.5,PE,0.0,0.0,0.0,0.05,0.0,0,0.0,0
2012-08-16,2012-09-27,OPTSTK,JSWISPAT,10.0,PE,0.0,0.0,0.0,3.75,0.25,0,0.0,0
2012-08-16,2012-09-27,OPTSTK,JSWISPAT,12.5,PE,0.0,0.0,0.0,2.55,1.6,0,0.0,15000
2012-08-16,2012-09-27,OPTSTK,JSWISPAT,15.0,PE,0.0,0.0,0.0,7.45,3.85,0,0.0,0
2012-08-16,2012-09-27,OPTSTK,JSWISPAT,17.5,PE,0.0,0.0,0.0,6.85,6.3,0,0.0,0
2012-08-16,2012-09-27,OPTSTK,JSWISPAT,20.0,PE,0.0,0.0,0.0,9.3,8.75,0,0.0,0
2012-08-16,2012-09-27,OPTSTK,JSWISPAT,22.5,PE,0.0,0.0,0.0,11.75,11.25,0,0.0,0
2012-08-16,2012-09-27,OPTSTK,JSWISPAT,25.0,PE,0.0,0.0,0.0,14.2,13.7,0,0.0,0
2012-08-16,2012-09-27,OPTSTK,JSWISPAT,27.5,PE,0.0,0.0,0.0,16.65,16.2,0,0.0,0
2012-08-16,2012-09-27,OPTSTK,JSWISPAT,30.0,PE,0.0,0.0,0.0,19.05,18.65,0,0.0,0
2012-08-16,2012-09-27,OPTSTK,JSWISPAT,32.5,PE,0.0,0.0,0.0,21.5,21.15,0,0.0,0
2012-08-16,2012-09-27,OPTSTK,JSWISPAT,35.0,PE,0.0,0.0,0.0,23.95,23.6,0,0.0,0
2012-08-16,2012-08-30,OPTSTK,JSWSTEEL,380.0,CE,0.0,0.0,0.0,259.3,371.85,0,0.0,0
2012-08-16,2012-08-30,OPTSTK,JSWSTEEL,400.0,CE,0.0,0.0,0.0,240.75,351.9,0,0.0,0
2012-08-16,2012-08-30,OPTSTK,JSWSTEEL,420.0,CE,0.0,0.0,0.0,222.55,331.95,0,0.0,0
2012-08-16,2012-08-30,OPTSTK,JSWSTEEL,440.0,CE,0.0,0.0,0.0,204.85,312.05,0,0.0,0
2012-08-16,2012-08-30,OPTSTK,JSWSTEEL,460.0,CE,0.0,0.0,0.0,187.75,292.1,0,0.0,0
2012-08-16,2012-08-30,OPTSTK,JSWSTEEL,480.0,CE,0.0,0.0,0.0,171.35,272.15,0,0.0,0
2012-08-16,2012-08-30,OPTSTK,JSWSTEEL,500.0,CE,0.0,0.0,0.0,155.7,252.25,0,0.0,0
2012-08-16,2012-08-30,OPTSTK,JSWSTEEL,520.0,CE,0.0,0.0,0.0,140.85,232.3,0,0.0,0
2012-08-16,2012-08-30,OPTSTK,JSWSTEEL,540.0,CE,0.0,0.0,0.0,126.9,212.4,0,0.0,0
2012-08-16,2012-08-30,OPTSTK,JSWSTEEL,560.0,CE,0.0,0.0,0.0,113.85,192.45,0,0.0,0
2012-08-16,2012-08-30,OPTSTK,JSWSTEEL,580.0,CE,0.0,0.0,0.0,101.75,172.5,0,0.0,0
2012-08-16,2012-08-30,OPTSTK,JSWSTEEL,600.0,CE,0.0,0.0,0.0,60.0,152.6,0,0.0,4500
2012-08-16,2012-08-30,OPTSTK,JSWSTEEL,620.0,CE,0.0,0.0,0.0,52.65,132.65,0,0.0,500
2012-08-16,2012-08-30,OPTSTK,JSWSTEEL,640.0,CE,0.0,0.0,0.0,81.4,112.85,0,0.0,10500
2012-08-16,2012-08-30,OPTSTK,JSWSTEEL,660.0,CE,87.0,87.0,87.0,87.0,87.0,1,3.73,36500
2012-08-16,2012-08-30,OPTSTK,JSWSTEEL,680.0,CE,68.0,68.0,67.0,67.0,67.0,2,7.47,28500
2012-08-16,2012-08-30,OPTSTK,JSWSTEEL,700.0,CE,51.0,54.25,46.9,54.15,54.15,20,74.9,63500
2012-08-16,2012-08-30,OPTSTK,JSWSTEEL,720.0,CE,40.25,40.25,31.8,36.55,36.55,54,204.0,57500
2012-08-16,2012-08-30,OPTSTK,JSWSTEEL,740.0,CE,23.5,25.85,17.95,22.05,22.05,248,944.2,95000
2012-08-16,2012-08-30,OPTSTK,JSWSTEEL,760.0,CE,13.95,15.3,9.95,11.6,11.6,202,779.81,102000
2012-08-16,2012-08-30,OPTSTK,JSWSTEEL,780.0,CE,6.4,7.45,5.35,6.15,6.15,32,125.77,19500
2012-08-16,2012-08-30,OPTSTK,JSWSTEEL,800.0,CE,3.0,3.3,2.85,2.9,2.9,6,24.09,11000
2012-08-16,2012-08-30,OPTSTK,JSWSTEEL,820.0,CE,0.0,0.0,0.0,20.7,2.55,0,0.0,0
2012-08-16,2012-08-30,OPTSTK,JSWSTEEL,840.0,CE,0.0,0.0,0.0,17.85,1.15,0,0.0,0
2012-08-16,2012-08-30,OPTSTK,JSWSTEEL,860.0,CE,0.0,0.0,0.0,15.4,0.5,0,0.0,0
2012-08-16,2012-08-30,OPTSTK,JSWSTEEL,880.0,CE,0.0,0.0,0.0,13.2,0.2,0,0.0,0
2012-08-16,2012-08-30,OPTSTK,JSWSTEEL,900.0,CE,0.0,0.0,0.0,11.35,0.1,0,0.0,0
2012-08-16,2012-08-30,OPTSTK,JSWSTEEL,920.0,CE,0.0,0.0,0.0,9.7,0.05,0,0.0,0
2012-08-16,2012-08-30,OPTSTK,JSWSTEEL,940.0,CE,0.0,0.0,0.0,8.3,0.05,0,0.0,0
2012-08-16,2012-08-30,OPTSTK,JSWSTEEL,960.0,CE,0.0,0.0,0.0,7.1,0.0,0,0.0,0
2012-08-16,2012-08-30,OPTSTK,JSWSTEEL,980.0,CE,0.0,0.0,0.0,6.1,0.0,0,0.0,0
2012-08-16,2012-08-30,OPTSTK,JSWSTEEL,1000.0,CE,0.0,0.0,0.0,5.2,0.0,0,0.0,0
2012-08-16,2012-08-30,OPTSTK,JSWSTEEL,1020.0,CE,0.0,0.0,0.0,4.4,0.0,0,0.0,0
2012-08-16,2012-08-30,OPTSTK,JSWSTEEL,380.0,PE,0.0,0.0,0.0,1.45,0.0,0,0.0,0
2012-08-16,2012-08-30,OPTSTK,JSWSTEEL,400.0,PE,0.0,0.0,0.0,2.4,0.0,0,0.0,0
2012-08-16,2012-08-30,OPTSTK,JSWSTEEL,420.0,PE,0.0,0.0,0.0,3.7,0.0,0,0.0,0
2012-08-16,2012-08-30,OPTSTK,JSWSTEEL,440.0,PE,0.0,0.0,0.0,5.55,0.0,0,0.0,0
2012-08-16,2012-08-30,OPTSTK,JSWSTEEL,460.0,PE,0.0,0.0,0.0,7.95,0.0,0,0.0,0
2012-08-16,2012-08-30,OPTSTK,JSWSTEEL,480.0,PE,0.0,0.0,0.0,11.05,0.0,0,0.0,0
2012-08-16,2012-08-30,OPTSTK,JSWSTEEL,500.0,PE,0.0,0.0,0.0,14.95,0.0,0,0.0,0
2012-08-16,2012-08-30,OPTSTK,JSWSTEEL,520.0,PE,0.0,0.0,0.0,19.65,0.0,0,0.0,0
2012-08-16,2012-08-30,OPTSTK,JSWSTEEL,540.0,PE,0.0,0.0,0.0,25.2,0.0,0,0.0,0
2012-08-16,2012-08-30,OPTSTK,JSWSTEEL,560.0,PE,0.0,0.0,0.0,31.65,0.0,0,0.0,0
2012-08-16,2012-08-30,OPTSTK,JSWSTEEL,580.0,PE,0.0,0.0,0.0,3.1,0.0,0,0.0,500
2012-08-16,2012-08-30,OPTSTK,JSWSTEEL,600.0,PE,0.0,0.0,0.0,0.75,0.0,0,0.0,11500
2012-08-16,2012-08-30,OPTSTK,JSWSTEEL,620.0,PE,0.5,0.5,0.5,0.5,0.5,1,3.1,11000
2012-08-16,2012-08-30,OPTSTK,JSWSTEEL,640.0,PE,1.25,1.25,0.5,0.9,0.9,2,6.4,44500
2012-08-16,2012-08-30,OPTSTK,JSWSTEEL,660.0,PE,1.4,1.4,1.0,1.2,1.2,4,13.22,66000
2012-08-16,2012-08-30,OPTSTK,JSWSTEEL,680.0,PE,1.8,2.25,1.5,1.5,1.5,14,47.71,90500
2012-08-16,2012-08-30,OPTSTK,JSWSTEEL,700.0,PE,3.7,4.25,3.0,3.2,3.2,52,182.86,141000
2012-08-16,2012-08-30,OPTSTK,JSWSTEEL,720.0,PE,7.0,8.5,5.05,6.25,6.25,119,432.65,73000
2012-08-16,2012-08-30,OPTSTK,JSWSTEEL,740.0,PE,14.65,15.2,9.95,12.0,12.0,191,719.26,55500
2012-08-16,2012-08-30,OPTSTK,JSWSTEEL,760.0,PE,24.7,24.9,18.3,19.05,19.05,11,43.01,8000
2012-08-16,2012-08-30,OPTSTK,JSWSTEEL,780.0,PE,35.0,36.9,35.0,35.85,35.85,6,24.47,5000
2012-08-16,2012-08-30,OPTSTK,JSWSTEEL,800.0,PE,0.0,0.0,0.0,60.0,52.0,0,0.0,2000
2012-08-16,2012-08-30,OPTSTK,JSWSTEEL,820.0,PE,0.0,0.0,0.0,192.25,69.25,0,0.0,0
2012-08-16,2012-08-30,OPTSTK,JSWSTEEL,840.0,PE,0.0,0.0,0.0,208.95,87.8,0,0.0,0
2012-08-16,2012-08-30,OPTSTK,JSWSTEEL,860.0,PE,0.0,0.0,0.0,225.95,107.05,0,0.0,0
2012-08-16,2012-08-30,OPTSTK,JSWSTEEL,880.0,PE,0.0,0.0,0.0,243.3,126.7,0,0.0,0
2012-08-16,2012-08-30,OPTSTK,JSWSTEEL,900.0,PE,0.0,0.0,0.0,260.95,146.55,0,0.0,0
2012-08-16,2012-08-30,OPTSTK,JSWSTEEL,920.0,PE,0.0,0.0,0.0,278.85,166.4,0,0.0,0
2012-08-16,2012-08-30,OPTSTK,JSWSTEEL,940.0,PE,0.0,0.0,0.0,297.0,186.35,0,0.0,0
2012-08-16,2012-08-30,OPTSTK,JSWSTEEL,960.0,PE,0.0,0.0,0.0,315.3,206.25,0,0.0,0
2012-08-16,2012-08-30,OPTSTK,JSWSTEEL,980.0,PE,0.0,0.0,0.0,333.75,226.2,0,0.0,0
2012-08-16,2012-08-30,OPTSTK,JSWSTEEL,1000.0,PE,0.0,0.0,0.0,352.4,246.15,0,0.0,0
2012-08-16,2012-08-30,OPTSTK,JSWSTEEL,1020.0,PE,0.0,0.0,0.0,371.15,266.05,0,0.0,0
2012-08-16,2012-09-27,OPTSTK,JSWSTEEL,380.0,CE,0.0,0.0,0.0,298.25,374.5,0,0.0,0
2012-08-16,2012-09-27,OPTSTK,JSWSTEEL,400.0,CE,0.0,0.0,0.0,278.9,354.7,0,0.0,0
2012-08-16,2012-09-27,OPTSTK,JSWSTEEL,420.0,CE,0.0,0.0,0.0,259.65,334.9,0,0.0,0
2012-08-16,2012-09-27,OPTSTK,JSWSTEEL,440.0,CE,0.0,0.0,0.0,240.6,315.1,0,0.0,0
2012-08-16,2012-09-27,OPTSTK,JSWSTEEL,460.0,CE,0.0,0.0,0.0,221.85,295.35,0,0.0,0
2012-08-16,2012-09-27,OPTSTK,JSWSTEEL,480.0,CE,0.0,0.0,0.0,203.5,275.55,0,0.0,0
2012-08-16,2012-09-27,OPTSTK,JSWSTEEL,500.0,CE,0.0,0.0,0.0,185.6,255.75,0,0.0,0
2012-08-16,2012-09-27,OPTSTK,JSWSTEEL,520.0,CE,0.0,0.0,0.0,168.35,235.95,0,0.0,0
2012-08-16,2012-09-27,OPTSTK,JSWSTEEL,540.0,CE,0.0,0.0,0.0,151.75,216.2,0,0.0,0
2012-08-16,2012-09-27,OPTSTK,JSWSTEEL,560.0,CE,0.0,0.0,0.0,136.05,196.45,0,0.0,0
2012-08-16,2012-09-27,OPTSTK,JSWSTEEL,580.0,CE,0.0,0.0,0.0,121.2,176.85,0,0.0,0
2012-08-16,2012-09-27,OPTSTK,JSWSTEEL,600.0,CE,0.0,0.0,0.0,107.35,157.4,0,0.0,0
2012-08-16,2012-09-27,OPTSTK,JSWSTEEL,620.0,CE,0.0,0.0,0.0,94.45,138.3,0,0.0,0
2012-08-16,2012-09-27,OPTSTK,JSWSTEEL,640.0,CE,0.0,0.0,0.0,82.7,119.75,0,0.0,0
2012-08-16,2012-09-27,OPTSTK,JSWSTEEL,660.0,CE,0.0,0.0,0.0,72.0,102.0,0,0.0,0
2012-08-16,2012-09-27,OPTSTK,JSWSTEEL,680.0,CE,0.0,0.0,0.0,62.3,85.3,0,0.0,0
2012-08-16,2012-09-27,OPTSTK,JSWSTEEL,700.0,CE,0.0,0.0,0.0,53.65,70.0,0,0.0,0
2012-08-16,2012-09-27,OPTSTK,JSWSTEEL,720.0,CE,0.0,0.0,0.0,45.95,56.2,0,0.0,0
2012-08-16,2012-09-27,OPTSTK,JSWSTEEL,740.0,CE,0.0,0.0,0.0,42.95,44.2,0,0.0,1000
2012-08-16,2012-09-27,OPTSTK,JSWSTEEL,760.0,CE,0.0,0.0,0.0,31.95,34.0,0,0.0,2500
2012-08-16,2012-09-27,OPTSTK,JSWSTEEL,780.0,CE,0.0,0.0,0.0,28.15,25.55,0,0.0,0
2012-08-16,2012-09-27,OPTSTK,JSWSTEEL,800.0,CE,0.0,0.0,0.0,23.7,18.8,0,0.0,0
2012-08-16,2012-09-27,OPTSTK,JSWSTEEL,820.0,CE,0.0,0.0,0.0,19.85,13.6,0,0.0,0
2012-08-16,2012-09-27,OPTSTK,JSWSTEEL,840.0,CE,0.0,0.0,0.0,16.55,9.55,0,0.0,0
2012-08-16,2012-09-27,OPTSTK,JSWSTEEL,860.0,CE,0.0,0.0,0.0,13.8,6.6,0,0.0,0
2012-08-16,2012-09-27,OPTSTK,JSWSTEEL,880.0,CE,0.0,0.0,0.0,11.45,4.45,0,0.0,0
2012-08-16,2012-09-27,OPTSTK,JSWSTEEL,900.0,CE,0.0,0.0,0.0,9.45,2.95,0,0.0,0
2012-08-16,2012-09-27,OPTSTK,JSWSTEEL,920.0,CE,0.0,0.0,0.0,7.8,1.95,0,0.0,0
2012-08-16,2012-09-27,OPTSTK,JSWSTEEL,940.0,CE,0.0,0.0,0.0,6.4,1.25,0,0.0,0
2012-08-16,2012-09-27,OPTSTK,JSWSTEEL,960.0,CE,0.0,0.0,0.0,5.25,0.8,0,0.0,0
2012-08-16,2012-09-27,OPTSTK,JSWSTEEL,980.0,CE,0.0,0.0,0.0,4.3,0.5,0,0.0,0
2012-08-16,2012-09-27,OPTSTK,JSWSTEEL,1000.0,CE,0.0,0.0,0.0,3.5,0.3,0,0.0,0
2012-08-16,2012-09-27,OPTSTK,JSWSTEEL,1020.0,CE,0.0,0.0,0.0,2.85,0.2,0,0.0,0
2012-08-16,2012-09-27,OPTSTK,JSWSTEEL,380.0,PE,0.0,0.0,0.0,0.15,0.0,0,0.0,0
2012-08-16,2012-09-27,OPTSTK,JSWSTEEL,400.0,PE,0.0,0.0,0.0,0.35,0.0,0,0.0,0
2012-08-16,2012-09-27,OPTSTK,JSWSTEEL,420.0,PE,0.0,0.0,0.0,0.65,0.0,0,0.0,0
2012-08-16,2012-09-27,OPTSTK,JSWSTEEL,440.0,PE,0.0,0.0,0.0,1.15,0.0,0,0.0,0
2012-08-16,2012-09-27,OPTSTK,JSWSTEEL,460.0,PE,0.0,0.0,0.0,1.9,0.0,0,0.0,0
2012-08-16,2012-09-27,OPTSTK,JSWSTEEL,480.0,PE,0.0,0.0,0.0,3.1,0.0,0,0.0,0
2012-08-16,2012-09-27,OPTSTK,JSWSTEEL,500.0,PE,0.0,0.0,0.0,4.75,0.0,0,0.0,0
2012-08-16,2012-09-27,OPTSTK,JSWSTEEL,520.0,PE,0.0,0.0,0.0,7.0,0.05,0,0.0,0
2012-08-16,2012-09-27,OPTSTK,JSWSTEEL,540.0,PE,0.0,0.0,0.0,9.95,0.05,0,0.0,0
2012-08-16,2012-09-27,OPTSTK,JSWSTEEL,560.0,PE,0.0,0.0,0.0,13.75,0.15,0,0.0,0
2012-08-16,2012-09-27,OPTSTK,JSWSTEEL,580.0,PE,0.0,0.0,0.0,18.45,0.3,0,0.0,0
2012-08-16,2012-09-27,OPTSTK,JSWSTEEL,600.0,PE,0.0,0.0,0.0,24.1,0.65,0,0.0,0
2012-08-16,2012-09-27,OPTSTK,JSWSTEEL,620.0,PE,0.0,0.0,0.0,30.8,1.35,0,0.0,0
2012-08-16,2012-09-27,OPTSTK,JSWSTEEL,640.0,PE,0.0,0.0,0.0,38.55,2.6,0,0.0,0
2012-08-16,2012-09-27,OPTSTK,JSWSTEEL,660.0,PE,0.0,0.0,0.0,47.35,4.6,0,0.0,0
2012-08-16,2012-09-27,OPTSTK,JSWSTEEL,680.0,PE,0.0,0.0,0.0,10.0,7.7,0,0.0,1000
2012-08-16,2012-09-27,OPTSTK,JSWSTEEL,700.0,PE,0.0,0.0,0.0,68.1,12.2,0,0.0,0
2012-08-16,2012-09-27,OPTSTK,JSWSTEEL,720.0,PE,0.0,0.0,0.0,79.95,18.2,0,0.0,0
2012-08-16,2012-09-27,OPTSTK,JSWSTEEL,740.0,PE,0.0,0.0,0.0,22.15,26.0,0,0.0,1000
2012-08-16,2012-09-27,OPTSTK,JSWSTEEL,760.0,PE,0.0,0.0,0.0,106.35,35.6,0,0.0,0
2012-08-16,2012-09-27,OPTSTK,JSWSTEEL,780.0,PE,0.0,0.0,0.0,120.75,46.95,0,0.0,0
2012-08-16,2012-09-27,OPTSTK,JSWSTEEL,800.0,PE,0.0,0.0,0.0,135.85,60.0,0,0.0,0
2012-08-16,2012-09-27,OPTSTK,JSWSTEEL,820.0,PE,0.0,0.0,0.0,151.5,74.55,0,0.0,0
2012-08-16,2012-09-27,OPTSTK,JSWSTEEL,840.0,PE,0.0,0.0,0.0,167.8,90.3,0,0.0,0
2012-08-16,2012-09-27,OPTSTK,JSWSTEEL,860.0,PE,0.0,0.0,0.0,184.55,107.15,0,0.0,0
2012-08-16,2012-09-27,OPTSTK,JSWSTEEL,880.0,PE,0.0,0.0,0.0,201.7,124.8,0,0.0,0
2012-08-16,2012-09-27,OPTSTK,JSWSTEEL,900.0,PE,0.0,0.0,0.0,219.25,143.1,0,0.0,0
2012-08-16,2012-09-27,OPTSTK,JSWSTEEL,920.0,PE,0.0,0.0,0.0,237.15,161.85,0,0.0,0
2012-08-16,2012-09-27,OPTSTK,JSWSTEEL,940.0,PE,0.0,0.0,0.0,255.3,180.95,0,0.0,0
2012-08-16,2012-09-27,OPTSTK,JSWSTEEL,960.0,PE,0.0,0.0,0.0,273.65,200.3,0,0.0,0
2012-08-16,2012-09-27,OPTSTK,JSWSTEEL,980.0,PE,0.0,0.0,0.0,292.25,219.8,0,0.0,0
2012-08-16,2012-09-27,OPTSTK,JSWSTEEL,1000.0,PE,0.0,0.0,0.0,311.0,239.4,0,0.0,0
2012-08-16,2012-09-27,OPTSTK,JSWSTEEL,1020.0,PE,0.0,0.0,0.0,329.9,259.1,0,0.0,0
2012-08-16,2012-10-25,OPTSTK,JSWSTEEL,380.0,CE,0.0,0.0,0.0,272.55,377.1,0,0.0,0
2012-08-16,2012-10-25,OPTSTK,JSWSTEEL,400.0,CE,0.0,0.0,0.0,253.15,357.45,0,0.0,0
2012-08-16,2012-10-25,OPTSTK,JSWSTEEL,420.0,CE,0.0,0.0,0.0,233.9,337.8,0,0.0,0
2012-08-16,2012-10-25,OPTSTK,JSWSTEEL,440.0,CE,0.0,0.0,0.0,214.9,318.15,0,0.0,0
2012-08-16,2012-10-25,OPTSTK,JSWSTEEL,460.0,CE,0.0,0.0,0.0,196.2,298.5,0,0.0,0
2012-08-16,2012-10-25,OPTSTK,JSWSTEEL,480.0,CE,0.0,0.0,0.0,177.95,278.85,0,0.0,0
2012-08-16,2012-10-25,OPTSTK,JSWSTEEL,500.0,CE,0.0,0.0,0.0,160.3,259.2,0,0.0,0
2012-08-16,2012-10-25,OPTSTK,JSWSTEEL,520.0,CE,0.0,0.0,0.0,143.35,239.65,0,0.0,0
2012-08-16,2012-10-25,OPTSTK,JSWSTEEL,540.0,CE,0.0,0.0,0.0,127.25,220.15,0,0.0,0
2012-08-16,2012-10-25,OPTSTK,JSWSTEEL,560.0,CE,0.0,0.0,0.0,112.1,200.85,0,0.0,0
2012-08-16,2012-10-25,OPTSTK,JSWSTEEL,580.0,CE,0.0,0.0,0.0,98.05,181.8,0,0.0,0
2012-08-16,2012-10-25,OPTSTK,JSWSTEEL,600.0,CE,0.0,0.0,0.0,85.05,163.15,0,0.0,0
2012-08-16,2012-10-25,OPTSTK,JSWSTEEL,620.0,CE,0.0,0.0,0.0,73.25,145.0,0,0.0,0
2012-08-16,2012-10-25,OPTSTK,JSWSTEEL,640.0,CE,0.0,0.0,0.0,62.65,127.6,0,0.0,0
2012-08-16,2012-10-25,OPTSTK,JSWSTEEL,660.0,CE,0.0,0.0,0.0,53.2,111.05,0,0.0,0
2012-08-16,2012-10-25,OPTSTK,JSWSTEEL,680.0,CE,0.0,0.0,0.0,44.85,95.55,0,0.0,0
2012-08-16,2012-10-25,OPTSTK,JSWSTEEL,700.0,CE,0.0,0.0,0.0,37.6,81.3,0,0.0,0
2012-08-16,2012-10-25,OPTSTK,JSWSTEEL,720.0,CE,0.0,0.0,0.0,31.3,68.3,0,0.0,0
2012-08-16,2012-10-25,OPTSTK,JSWSTEEL,740.0,CE,0.0,0.0,0.0,25.9,56.75,0,0.0,0
2012-08-16,2012-10-25,OPTSTK,JSWSTEEL,760.0,CE,0.0,0.0,0.0,21.35,46.55,0,0.0,0
2012-08-16,2012-10-25,OPTSTK,JSWSTEEL,780.0,CE,0.0,0.0,0.0,17.45,37.7,0,0.0,0
2012-08-16,2012-10-25,OPTSTK,JSWSTEEL,800.0,CE,0.0,0.0,0.0,14.2,30.2,0,0.0,0
2012-08-16,2012-10-25,OPTSTK,JSWSTEEL,820.0,CE,0.0,0.0,0.0,11.5,23.95,0,0.0,0
2012-08-16,2012-10-25,OPTSTK,JSWSTEEL,840.0,CE,0.0,0.0,0.0,9.3,18.75,0,0.0,0
2012-08-16,2012-10-25,OPTSTK,JSWSTEEL,860.0,CE,0.0,0.0,0.0,7.45,14.55,0,0.0,0
2012-08-16,2012-10-25,OPTSTK,JSWSTEEL,880.0,CE,0.0,0.0,0.0,6.0,11.15,0,0.0,0
2012-08-16,2012-10-25,OPTSTK,JSWSTEEL,900.0,CE,0.0,0.0,0.0,4.75,8.45,0,0.0,0
2012-08-16,2012-10-25,OPTSTK,JSWSTEEL,920.0,CE,0.0,0.0,0.0,3.8,6.35,0,0.0,0
2012-08-16,2012-10-25,OPTSTK,JSWSTEEL,940.0,CE,0.0,0.0,0.0,3.0,4.75,0,0.0,0
2012-08-16,2012-10-25,OPTSTK,JSWSTEEL,960.0,CE,0.0,0.0,0.0,2.35,3.5,0,0.0,0
2012-08-16,2012-10-25,OPTSTK,JSWSTEEL,980.0,CE,0.0,0.0,0.0,1.85,2.55,0,0.0,0
2012-08-16,2012-10-25,OPTSTK,JSWSTEEL,1000.0,CE,0.0,0.0,0.0,1.45,1.85,0,0.0,0
2012-08-16,2012-10-25,OPTSTK,JSWSTEEL,1020.0,CE,0.0,0.0,0.0,1.15,1.35,0,0.0,0
2012-08-16,2012-10-25,OPTSTK,JSWSTEEL,380.0,PE,0.0,0.0,0.0,0.15,0.0,0,0.0,0
2012-08-16,2012-10-25,OPTSTK,JSWSTEEL,400.0,PE,0.0,0.0,0.0,0.3,0.0,0,0.0,0
2012-08-16,2012-10-25,OPTSTK,JSWSTEEL,420.0,PE,0.0,0.0,0.0,0.65,0.0,0,0.0,0
2012-08-16,2012-10-25,OPTSTK,JSWSTEEL,440.0,PE,0.0,0.0,0.0,1.15,0.0,0,0.0,0
2012-08-16,2012-10-25,OPTSTK,JSWSTEEL,460.0,PE,0.0,0.0,0.0,2.0,0.05,0,0.0,0
2012-08-16,2012-10-25,OPTSTK,JSWSTEEL,480.0,PE,0.0,0.0,0.0,3.35,0.05,0,0.0,0
2012-08-16,2012-10-25,OPTSTK,JSWSTEEL,500.0,PE,0.0,0.0,0.0,5.2,0.1,0,0.0,0
2012-08-16,2012-10-25,OPTSTK,JSWSTEEL,520.0,PE,0.0,0.0,0.0,7.8,0.15,0,0.0,0
2012-08-16,2012-10-25,OPTSTK,JSWSTEEL,540.0,PE,0.0,0.0,0.0,11.25,0.35,0,0.0,0
2012-08-16,2012-10-25,OPTSTK,JSWSTEEL,560.0,PE,0.0,0.0,0.0,15.65,0.7,0,0.0,0
2012-08-16,2012-10-25,OPTSTK,JSWSTEEL,580.0,PE,0.0,0.0,0.0,21.1,1.3,0,0.0,0
2012-08-16,2012-10-25,OPTSTK,JSWSTEEL,600.0,PE,0.0,0.0,0.0,27.65,2.3,0,0.0,0
2012-08-16,2012-10-25,OPTSTK,JSWSTEEL,620.0,PE,0.0,0.0,0.0,35.45,3.8,0,0.0,0
2012-08-16,2012-10-25,OPTSTK,JSWSTEEL,640.0,PE,0.0,0.0,0.0,44.35,6.05,0,0.0,0
2012-08-16,2012-10-25,OPTSTK,JSWSTEEL,660.0,PE,0.0,0.0,0.0,54.45,9.15,0,0.0,0
2012-08-16,2012-10-25,OPTSTK,JSWSTEEL,680.0,PE,0.0,0.0,0.0,65.65,13.35,0,0.0,0
2012-08-16,2012-10-25,OPTSTK,JSWSTEEL,700.0,PE,0.0,0.0,0.0,77.95,18.7,0,0.0,0
2012-08-16,2012-10-25,OPTSTK,JSWSTEEL,720.0,PE,0.0,0.0,0.0,91.2,25.4,0,0.0,0
2012-08-16,2012-10-25,OPTSTK,JSWSTEEL,740.0,PE,0.0,0.0,0.0,105.35,33.45,0,0.0,0
2012-08-16,2012-10-25,OPTSTK,JSWSTEEL,760.0,PE,0.0,0.0,0.0,120.35,42.95,0,0.0,0
2012-08-16,2012-10-25,OPTSTK,JSWSTEEL,780.0,PE,0.0,0.0,0.0,136.0,53.8,0,0.0,0
2012-08-16,2012-10-25,OPTSTK,JSWSTEEL,800.0,PE,0.0,0.0,0.0,152.3,65.95,0,0.0,0
2012-08-16,2012-10-25,OPTSTK,JSWSTEEL,820.0,PE,0.0,0.0,0.0,169.15,79.3,0,0.0,0
2012-08-16,2012-10-25,OPTSTK,JSWSTEEL,840.0,PE,0.0,0.0,0.0,186.5,93.8,0,0.0,0
2012-08-16,2012-10-25,OPTSTK,JSWSTEEL,860.0,PE,0.0,0.0,0.0,204.2,109.2,0,0.0,0
2012-08-16,2012-10-25,OPTSTK,JSWSTEEL,880.0,PE,0.0,0.0,0.0,222.25,125.5,0,0.0,0
2012-08-16,2012-10-25,OPTSTK,JSWSTEEL,900.0,PE,0.0,0.0,0.0,240.6,142.45,0,0.0,0
2012-08-16,2012-10-25,OPTSTK,JSWSTEEL,920.0,PE,0.0,0.0,0.0,259.15,160.0,0,0.0,0
2012-08-16,2012-10-25,OPTSTK,JSWSTEEL,940.0,PE,0.0,0.0,0.0,277.9,178.05,0,0.0,0
2012-08-16,2012-10-25,OPTSTK,JSWSTEEL,960.0,PE,0.0,0.0,0.0,296.85,196.45,0,0.0,0
2012-08-16,2012-10-25,OPTSTK,JSWSTEEL,980.0,PE,0.0,0.0,0.0,315.85,215.2,0,0.0,0
2012-08-16,2012-10-25,OPTSTK,JSWSTEEL,1000.0,PE,0.0,0.0,0.0,335.0,234.15,0,0.0,0
2012-08-16,2012-10-25,OPTSTK,JSWSTEEL,1020.0,PE,0.0,0.0,0.0,354.25,253.3,0,0.0,0
2012-08-16,2012-08-30,OPTSTK,JUBLFOOD,500.0,CE,0.0,0.0,0.0,789.75,664.75,0,0.0,0
2012-08-16,2012-08-30,OPTSTK,JUBLFOOD,550.0,CE,0.0,0.0,0.0,741.0,614.9,0,0.0,0
2012-08-16,2012-08-30,OPTSTK,JUBLFOOD,600.0,CE,0.0,0.0,0.0,692.3,565.1,0,0.0,0
2012-08-16,2012-08-30,OPTSTK,JUBLFOOD,650.0,CE,0.0,0.0,0.0,643.85,515.25,0,0.0,0
2012-08-16,2012-08-30,OPTSTK,JUBLFOOD,700.0,CE,0.0,0.0,0.0,595.7,465.4,0,0.0,0
2012-08-16,2012-08-30,OPTSTK,JUBLFOOD,750.0,CE,0.0,0.0,0.0,548.15,415.6,0,0.0,0
2012-08-16,2012-08-30,OPTSTK,JUBLFOOD,800.0,CE,0.0,0.0,0.0,501.4,365.75,0,0.0,0
2012-08-16,2012-08-30,OPTSTK,JUBLFOOD,850.0,CE,0.0,0.0,0.0,455.85,315.9,0,0.0,0
2012-08-16,2012-08-30,OPTSTK,JUBLFOOD,900.0,CE,0.0,0.0,0.0,411.85,266.1,0,0.0,0
2012-08-16,2012-08-30,OPTSTK,JUBLFOOD,950.0,CE,0.0,0.0,0.0,369.75,216.25,0,0.0,0
2012-08-16,2012-08-30,OPTSTK,JUBLFOOD,1000.0,CE,0.0,0.0,0.0,160.1,166.7,0,0.0,1000
2012-08-16,2012-08-30,OPTSTK,JUBLFOOD,1050.0,CE,0.0,0.0,0.0,116.0,118.55,0,0.0,500
2012-08-16,2012-08-30,OPTSTK,JUBLFOOD,1100.0,CE,102.7,102.7,102.7,102.7,102.7,2,6.01,6500
2012-08-16,2012-08-30,OPTSTK,JUBLFOOD,1150.0,CE,57.4,57.4,35.1,35.25,35.25,10,29.99,39000
2012-08-16,2012-08-30,OPTSTK,JUBLFOOD,1200.0,CE,32.0,33.95,14.0,14.35,14.35,101,308.03,72750
2012-08-16,2012-08-30,OPTSTK,JUBLFOOD,1250.0,CE,12.5,13.0,4.0,4.0,4.0,48,150.82,19000
2012-08-16,2012-08-30,OPTSTK,JUBLFOOD,1300.0,CE,3.0,3.0,1.25,1.8,1.8,26,84.62,30500
2012-08-16,2012-08-30,OPTSTK,JUBLFOOD,1350.0,CE,0.75,0.75,0.75,0.75,0.75,1,3.37,6250
2012-08-16,2012-08-30,OPTSTK,JUBLFOOD,1400.0,CE,0.0,0.0,0.0,2.0,0.1,0,0.0,1000
2012-08-16,2012-08-30,OPTSTK,JUBLFOOD,1450.0,CE,0.0,0.0,0.0,91.3,0.05,0,0.0,0
2012-08-16,2012-08-30,OPTSTK,JUBLFOOD,1500.0,CE,0.0,0.0,0.0,77.35,0.0,0,0.0,0
2012-08-16,2012-08-30,OPTSTK,JUBLFOOD,1550.0,CE,0.0,0.0,0.0,65.35,0.0,0,0.0,0
2012-08-16,2012-08-30,OPTSTK,JUBLFOOD,1600.0,CE,0.0,0.0,0.0,55.05,0.0,0,0.0,0
2012-08-16,2012-08-30,OPTSTK,JUBLFOOD,1650.0,CE,0.0,0.0,0.0,46.15,0.0,0,0.0,0
2012-08-16,2012-08-30,OPTSTK,JUBLFOOD,1700.0,CE,0.0,0.0,0.0,38.65,0.0,0,0.0,0
2012-08-16,2012-08-30,OPTSTK,JUBLFOOD,1750.0,CE,0.0,0.0,0.0,32.25,0.0,0,0.0,0
2012-08-16,2012-08-30,OPTSTK,JUBLFOOD,1800.0,CE,0.0,0.0,0.0,26.85,0.0,0,0.0,0
2012-08-16,2012-08-30,OPTSTK,JUBLFOOD,500.0,PE,0.0,0.0,0.0,0.05,0.0,0,0.0,0
2012-08-16,2012-08-30,OPTSTK,JUBLFOOD,550.0,PE,0.0,0.0,0.0,0.1,0.0,0,0.0,0
2012-08-16,2012-08-30,OPTSTK,JUBLFOOD,600.0,PE,0.0,0.0,0.0,0.2,0.0,0,0.0,0
2012-08-16,2012-08-30,OPTSTK,JUBLFOOD,650.0,PE,0.0,0.0,0.0,0.55,0.0,0,0.0,0
2012-08-16,2012-08-30,OPTSTK,JUBLFOOD,700.0,PE,0.0,0.0,0.0,1.2,0.0,0,0.0,0
2012-08-16,2012-08-30,OPTSTK,JUBLFOOD,750.0,PE,0.0,0.0,0.0,2.4,0.0,0,0.0,0
2012-08-16,2012-08-30,OPTSTK,JUBLFOOD,800.0,PE,0.0,0.0,0.0,4.5,0.0,0,0.0,0
2012-08-16,2012-08-30,OPTSTK,JUBLFOOD,850.0,PE,0.0,0.0,0.0,7.75,0.0,0,0.0,0
2012-08-16,2012-08-30,OPTSTK,JUBLFOOD,900.0,PE,0.0,0.0,0.0,12.55,0.0,0,0.0,0
2012-08-16,2012-08-30,OPTSTK,JUBLFOOD,950.0,PE,0.0,0.0,0.0,19.2,0.05,0,0.0,0
2012-08-16,2012-08-30,OPTSTK,JUBLFOOD,1000.0,PE,1.0,1.0,1.0,1.0,1.0,1,2.5,11750
2012-08-16,2012-08-30,OPTSTK,JUBLFOOD,1050.0,PE,0.0,0.0,0.0,2.95,2.0,0,0.0,8500
2012-08-16,2012-08-30,OPTSTK,JUBLFOOD,1100.0,PE,3.6,5.8,3.6,4.7,4.7,18,49.71,31000
2012-08-16,2012-08-30,OPTSTK,JUBLFOOD,1150.0,PE,8.0,18.0,6.0,16.65,16.65,54,156.98,17250
2012-08-16,2012-08-30,OPTSTK,JUBLFOOD,1200.0,PE,28.65,45.55,19.05,45.55,45.55,25,76.88,9500
2012-08-16,2012-08-30,OPTSTK,JUBLFOOD,1250.0,PE,59.85,76.05,59.85,76.0,76.0,9,29.67,1500
2012-08-16,2012-08-30,OPTSTK,JUBLFOOD,1300.0,PE,103.2,121.6,103.2,121.6,121.6,8,28.17,1500
2012-08-16,2012-08-30,OPTSTK,JUBLFOOD,1350.0,PE,0.0,0.0,0.0,165.6,182.95,0,0.0,0
2012-08-16,2012-08-30,OPTSTK,JUBLFOOD,1400.0,PE,0.0,0.0,0.0,196.0,232.4,0,0.0,0
2012-08-16,2012-08-30,OPTSTK,JUBLFOOD,1450.0,PE,0.0,0.0,0.0,228.75,282.15,0,0.0,0
2012-08-16,2012-08-30,OPTSTK,JUBLFOOD,1500.0,PE,0.0,0.0,0.0,263.55,331.95,0,0.0,0
2012-08-16,2012-08-30,OPTSTK,JUBLFOOD,1550.0,PE,0.0,0.0,0.0,300.4,381.8,0,0.0,0
2012-08-16,2012-08-30,OPTSTK,JUBLFOOD,1600.0,PE,0.0,0.0,0.0,338.85,431.6,0,0.0,0
2012-08-16,2012-08-30,OPTSTK,JUBLFOOD,1650.0,PE,0.0,0.0,0.0,378.75,481.45,0,0.0,0
2012-08-16,2012-08-30,OPTSTK,JUBLFOOD,1700.0,PE,0.0,0.0,0.0,420.05,531.3,0,0.0,0
2012-08-16,2012-08-30,OPTSTK,JUBLFOOD,1750.0,PE,0.0,0.0,0.0,462.45,581.1,0,0.0,0
2012-08-16,2012-08-30,OPTSTK,JUBLFOOD,1800.0,PE,0.0,0.0,0.0,505.85,630.95,0,0.0,0
2012-08-16,2012-09-27,OPTSTK,JUBLFOOD,500.0,CE,0.0,0.0,0.0,662.4,668.25,0,0.0,0
2012-08-16,2012-09-27,OPTSTK,JUBLFOOD,550.0,CE,0.0,0.0,0.0,613.6,618.75,0,0.0,0
2012-08-16,2012-09-27,OPTSTK,JUBLFOOD,600.0,CE,0.0,0.0,0.0,564.8,569.25,0,0.0,0
2012-08-16,2012-09-27,OPTSTK,JUBLFOOD,650.0,CE,0.0,0.0,0.0,516.15,519.8,0,0.0,0
2012-08-16,2012-09-27,OPTSTK,JUBLFOOD,700.0,CE,0.0,0.0,0.0,467.8,470.3,0,0.0,0
2012-08-16,2012-09-27,OPTSTK,JUBLFOOD,750.0,CE,0.0,0.0,0.0,420.0,420.8,0,0.0,0
2012-08-16,2012-09-27,OPTSTK,JUBLFOOD,800.0,CE,0.0,0.0,0.0,373.2,371.35,0,0.0,0
2012-08-16,2012-09-27,OPTSTK,JUBLFOOD,850.0,CE,0.0,0.0,0.0,327.9,321.95,0,0.0,0
2012-08-16,2012-09-27,OPTSTK,JUBLFOOD,900.0,CE,0.0,0.0,0.0,284.75,272.85,0,0.0,0
2012-08-16,2012-09-27,OPTSTK,JUBLFOOD,950.0,CE,0.0,0.0,0.0,244.2,224.65,0,0.0,0
2012-08-16,2012-09-27,OPTSTK,JUBLFOOD,1000.0,CE,0.0,0.0,0.0,206.9,178.4,0,0.0,0
2012-08-16,2012-09-27,OPTSTK,JUBLFOOD,1050.0,CE,0.0,0.0,0.0,173.0,135.7,0,0.0,0
2012-08-16,2012-09-27,OPTSTK,JUBLFOOD,1100.0,CE,0.0,0.0,0.0,143.0,98.25,0,0.0,0
2012-08-16,2012-09-27,OPTSTK,JUBLFOOD,1150.0,CE,0.0,0.0,0.0,116.8,67.5,0,0.0,0
2012-08-16,2012-09-27,OPTSTK,JUBLFOOD,1200.0,CE,0.0,0.0,0.0,94.35,43.85,0,0.0,0
2012-08-16,2012-09-27,OPTSTK,JUBLFOOD,1250.0,CE,0.0,0.0,0.0,28.0,26.95,0,0.0,0
2012-08-16,2012-09-27,OPTSTK,JUBLFOOD,1300.0,CE,0.0,0.0,0.0,59.65,15.75,0,0.0,0
2012-08-16,2012-09-27,OPTSTK,JUBLFOOD,1350.0,CE,0.0,0.0,0.0,46.85,8.7,0,0.0,0
2012-08-16,2012-09-27,OPTSTK,JUBLFOOD,1400.0,CE,0.0,0.0,0.0,36.45,4.6,0,0.0,0
2012-08-16,2012-09-27,OPTSTK,JUBLFOOD,1450.0,CE,0.0,0.0,0.0,28.1,2.3,0,0.0,0
2012-08-16,2012-09-27,OPTSTK,JUBLFOOD,1500.0,CE,0.0,0.0,0.0,21.5,1.1,0,0.0,0
2012-08-16,2012-09-27,OPTSTK,JUBLFOOD,1550.0,CE,0.0,0.0,0.0,16.35,0.5,0,0.0,0
2012-08-16,2012-09-27,OPTSTK,JUBLFOOD,1600.0,CE,0.0,0.0,0.0,12.35,0.25,0,0.0,0
2012-08-16,2012-09-27,OPTSTK,JUBLFOOD,1650.0,CE,0.0,0.0,0.0,9.3,0.1,0,0.0,0
2012-08-16,2012-09-27,OPTSTK,JUBLFOOD,1700.0,CE,0.0,0.0,0.0,6.95,0.05,0,0.0,0
2012-08-16,2012-09-27,OPTSTK,JUBLFOOD,1750.0,CE,0.0,0.0,0.0,5.2,0.05,0,0.0,0
2012-08-16,2012-09-27,OPTSTK,JUBLFOOD,1800.0,CE,0.0,0.0,0.0,3.85,0.05,0,0.0,0
2012-08-16,2012-09-27,OPTSTK,JUBLFOOD,500.0,PE,0.0,0.0,0.0,0.05,0.0,0,0.0,0
2012-08-16,2012-09-27,OPTSTK,JUBLFOOD,550.0,PE,0.0,0.0,0.0,0.05,0.0,0,0.0,0
2012-08-16,2012-09-27,OPTSTK,JUBLFOOD,600.0,PE,0.0,0.0,0.0,0.1,0.0,0,0.0,0
2012-08-16,2012-09-27,OPTSTK,JUBLFOOD,650.0,PE,0.0,0.0,0.0,0.3,0.0,0,0.0,0
2012-08-16,2012-09-27,OPTSTK,JUBLFOOD,700.0,PE,0.0,0.0,0.0,0.75,0.0,0,0.0,0
2012-08-16,2012-09-27,OPTSTK,JUBLFOOD,750.0,PE,0.0,0.0,0.0,1.8,0.0,0,0.0,0
2012-08-16,2012-09-27,OPTSTK,JUBLFOOD,800.0,PE,0.0,0.0,0.0,3.85,0.05,0,0.0,0
2012-08-16,2012-09-27,OPTSTK,JUBLFOOD,850.0,PE,0.0,0.0,0.0,7.4,0.15,0,0.0,0
2012-08-16,2012-09-27,OPTSTK,JUBLFOOD,900.0,PE,0.0,0.0,0.0,13.05,0.5,0,0.0,0
2012-08-16,2012-09-27,OPTSTK,JUBLFOOD,950.0,PE,0.0,0.0,0.0,21.35,1.75,0,0.0,0
2012-08-16,2012-09-27,OPTSTK,JUBLFOOD,1000.0,PE,0.0,0.0,0.0,32.85,5.0,0,0.0,0
2012-08-16,2012-09-27,OPTSTK,JUBLFOOD,1050.0,PE,0.0,0.0,0.0,47.85,11.8,0,0.0,0
2012-08-16,2012-09-27,OPTSTK,JUBLFOOD,1100.0,PE,0.0,0.0,0.0,66.65,23.85,0,0.0,0
2012-08-16,2012-09-27,OPTSTK,JUBLFOOD,1150.0,PE,0.0,0.0,0.0,89.3,42.55,0,0.0,0
2012-08-16,2012-09-27,OPTSTK,JUBLFOOD,1200.0,PE,0.0,0.0,0.0,115.7,68.4,0,0.0,0
2012-08-16,2012-09-27,OPTSTK,JUBLFOOD,1250.0,PE,0.0,0.0,0.0,145.55,101.0,0,0.0,0
2012-08-16,2012-09-27,OPTSTK,JUBLFOOD,1300.0,PE,0.0,0.0,0.0,178.65,139.25,0,0.0,0
2012-08-16,2012-09-27,OPTSTK,JUBLFOOD,1350.0,PE,0.0,0.0,0.0,214.7,181.7,0,0.0,0
2012-08-16,2012-09-27,OPTSTK,JUBLFOOD,1400.0,PE,0.0,0.0,0.0,253.15,227.05,0,0.0,0
2012-08-16,2012-09-27,OPTSTK,JUBLFOOD,1450.0,PE,0.0,0.0,0.0,293.6,274.25,0,0.0,0
2012-08-16,2012-09-27,OPTSTK,JUBLFOOD,1500.0,PE,0.0,0.0,0.0,335.85,322.55,0,0.0,0
2012-08-16,2012-09-27,OPTSTK,JUBLFOOD,1550.0,PE,0.0,0.0,0.0,379.55,371.45,0,0.0,0
2012-08-16,2012-09-27,OPTSTK,JUBLFOOD,1600.0,PE,0.0,0.0,0.0,424.4,420.65,0,0.0,0
2012-08-16,2012-09-27,OPTSTK,JUBLFOOD,1650.0,PE,0.0,0.0,0.0,470.15,470.0,0,0.0,0
2012-08-16,2012-09-27,OPTSTK,JUBLFOOD,1700.0,PE,0.0,0.0,0.0,516.65,519.45,0,0.0,0
2012-08-16,2012-09-27,OPTSTK,JUBLFOOD,1750.0,PE,0.0,0.0,0.0,563.7,568.9,0,0.0,0
2012-08-16,2012-09-27,OPTSTK,JUBLFOOD,1800.0,PE,0.0,0.0,0.0,611.2,618.35,0,0.0,0
2012-08-16,2012-10-25,OPTSTK,JUBLFOOD,500.0,CE,0.0,0.0,0.0,652.65,671.65,0,0.0,0
2012-08-16,2012-10-25,OPTSTK,JUBLFOOD,550.0,CE,0.0,0.0,0.0,603.8,622.5,0,0.0,0
2012-08-16,2012-10-25,OPTSTK,JUBLFOOD,600.0,CE,0.0,0.0,0.0,554.95,573.35,0,0.0,0
2012-08-16,2012-10-25,OPTSTK,JUBLFOOD,650.0,CE,0.0,0.0,0.0,506.2,524.25,0,0.0,0
2012-08-16,2012-10-25,OPTSTK,JUBLFOOD,700.0,CE,0.0,0.0,0.0,457.6,475.1,0,0.0,0
2012-08-16,2012-10-25,OPTSTK,JUBLFOOD,750.0,CE,0.0,0.0,0.0,409.45,426.0,0,0.0,0
2012-08-16,2012-10-25,OPTSTK,JUBLFOOD,800.0,CE,0.0,0.0,0.0,362.1,377.05,0,0.0,0
2012-08-16,2012-10-25,OPTSTK,JUBLFOOD,850.0,CE,0.0,0.0,0.0,316.1,328.45,0,0.0,0
2012-08-16,2012-10-25,OPTSTK,JUBLFOOD,900.0,CE,0.0,0.0,0.0,272.1,280.75,0,0.0,0
2012-08-16,2012-10-25,OPTSTK,JUBLFOOD,950.0,CE,0.0,0.0,0.0,230.75,234.7,0,0.0,0
2012-08-16,2012-10-25,OPTSTK,JUBLFOOD,1000.0,CE,0.0,0.0,0.0,192.75,191.3,0,0.0,0
2012-08-16,2012-10-25,OPTSTK,JUBLFOOD,1050.0,CE,0.0,0.0,0.0,158.45,151.65,0,0.0,0
2012-08-16,2012-10-25,OPTSTK,JUBLFOOD,1100.0,CE,0.0,0.0,0.0,128.35,116.75,0,0.0,0
2012-08-16,2012-10-25,OPTSTK,JUBLFOOD,1150.0,CE,0.0,0.0,0.0,102.4,87.2,0,0.0,0
2012-08-16,2012-10-25,OPTSTK,JUBLFOOD,1200.0,CE,0.0,0.0,0.0,80.55,63.2,0,0.0,0
2012-08-16,2012-10-25,OPTSTK,JUBLFOOD,1250.0,CE,0.0,0.0,0.0,62.5,44.45,0,0.0,0
2012-08-16,2012-10-25,OPTSTK,JUBLFOOD,1300.0,CE,0.0,0.0,0.0,47.85,30.45,0,0.0,0
2012-08-16,2012-10-25,OPTSTK,JUBLFOOD,1350.0,CE,0.0,0.0,0.0,36.3,20.25,0,0.0,0
2012-08-16,2012-10-25,OPTSTK,JUBLFOOD,1400.0,CE,0.0,0.0,0.0,27.15,13.15,0,0.0,0
2012-08-16,2012-10-25,OPTSTK,JUBLFOOD,1450.0,CE,0.0,0.0,0.0,20.15,8.3,0,0.0,0
2012-08-16,2012-10-25,OPTSTK,JUBLFOOD,1500.0,CE,0.0,0.0,0.0,14.8,5.15,0,0.0,0
2012-08-16,2012-10-25,OPTSTK,JUBLFOOD,1550.0,CE,0.0,0.0,0.0,10.75,3.1,0,0.0,0
2012-08-16,2012-10-25,OPTSTK,JUBLFOOD,1600.0,CE,0.0,0.0,0.0,7.75,1.85,0,0.0,0
2012-08-16,2012-10-25,OPTSTK,JUBLFOOD,1650.0,CE,0.0,0.0,0.0,5.55,1.1,0,0.0,0
2012-08-16,2012-10-25,OPTSTK,JUBLFOOD,1700.0,CE,0.0,0.0,0.0,3.95,0.65,0,0.0,0
2012-08-16,2012-10-25,OPTSTK,JUBLFOOD,1750.0,CE,0.0,0.0,0.0,2.8,0.35,0,0.0,0
2012-08-16,2012-10-25,OPTSTK,JUBLFOOD,1800.0,CE,0.0,0.0,0.0,2.0,0.2,0,0.0,0
2012-08-16,2012-10-25,OPTSTK,JUBLFOOD,500.0,PE,0.0,0.0,0.0,0.05,0.0,0,0.0,0
2012-08-16,2012-10-25,OPTSTK,JUBLFOOD,550.0,PE,0.0,0.0,0.0,0.05,0.0,0,0.0,0
2012-08-16,2012-10-25,OPTSTK,JUBLFOOD,600.0,PE,0.0,0.0,0.0,0.05,0.0,0,0.0,0
2012-08-16,2012-10-25,OPTSTK,JUBLFOOD,650.0,PE,0.0,0.0,0.0,0.15,0.0,0,0.0,0
2012-08-16,2012-10-25,OPTSTK,JUBLFOOD,700.0,PE,0.0,0.0,0.0,0.4,0.05,0,0.0,0
2012-08-16,2012-10-25,OPTSTK,JUBLFOOD,750.0,PE,0.0,0.0,0.0,1.1,0.05,0,0.0,0
2012-08-16,2012-10-25,OPTSTK,JUBLFOOD,800.0,PE,0.0,0.0,0.0,2.65,0.25,0,0.0,0
2012-08-16,2012-10-25,OPTSTK,JUBLFOOD,850.0,PE,0.0,0.0,0.0,5.5,0.8,0,0.0,0
2012-08-16,2012-10-25,OPTSTK,JUBLFOOD,900.0,PE,0.0,0.0,0.0,10.35,2.25,0,0.0,0
2012-08-16,2012-10-25,OPTSTK,JUBLFOOD,950.0,PE,0.0,0.0,0.0,17.9,5.3,0,0.0,0
2012-08-16,2012-10-25,OPTSTK,JUBLFOOD,1000.0,PE,0.0,0.0,0.0,28.75,11.05,0,0.0,0
2012-08-16,2012-10-25,OPTSTK,JUBLFOOD,1050.0,PE,0.0,0.0,0.0,43.3,20.6,0,0.0,0
2012-08-16,2012-10-25,OPTSTK,JUBLFOOD,1100.0,PE,0.0,0.0,0.0,62.05,34.8,0,0.0,0
2012-08-16,2012-10-25,OPTSTK,JUBLFOOD,1150.0,PE,0.0,0.0,0.0,85.0,54.4,0,0.0,0
2012-08-16,2012-10-25,OPTSTK,JUBLFOOD,1200.0,PE,0.0,0.0,0.0,112.0,79.55,0,0.0,0
2012-08-16,2012-10-25,OPTSTK,JUBLFOOD,1250.0,PE,0.0,0.0,0.0,142.8,109.95,0,0.0,0
2012-08-16,2012-10-25,OPTSTK,JUBLFOOD,1300.0,PE,0.0,0.0,0.0,177.05,145.1,0,0.0,0
2012-08-16,2012-10-25,OPTSTK,JUBLFOOD,1350.0,PE,0.0,0.0,0.0,214.35,184.0,0,0.0,0
2012-08-16,2012-10-25,OPTSTK,JUBLFOOD,1400.0,PE,0.0,0.0,0.0,254.1,226.05,0,0.0,0
2012-08-16,2012-10-25,OPTSTK,JUBLFOOD,1450.0,PE,0.0,0.0,0.0,295.9,270.35,0,0.0,0
2012-08-16,2012-10-25,OPTSTK,JUBLFOOD,1500.0,PE,0.0,0.0,0.0,339.45,316.35,0,0.0,0
2012-08-16,2012-10-25,OPTSTK,JUBLFOOD,1550.0,PE,0.0,0.0,0.0,384.25,363.45,0,0.0,0
2012-08-16,2012-10-25,OPTSTK,JUBLFOOD,1600.0,PE,0.0,0.0,0.0,430.15,411.35,0,0.0,0
2012-08-16,2012-10-25,OPTSTK,JUBLFOOD,1650.0,PE,0.0,0.0,0.0,476.8,459.7,0,0.0,0
2012-08-16,2012-10-25,OPTSTK,JUBLFOOD,1700.0,PE,0.0,0.0,0.0,524.05,508.4,0,0.0,0
2012-08-16,2012-10-25,OPTSTK,JUBLFOOD,1750.0,PE,0.0,0.0,0.0,571.8,557.25,0,0.0,0
2012-08-16,2012-10-25,OPTSTK,JUBLFOOD,1800.0,PE,0.0,0.0,0.0,619.8,606.25,0,0.0,0
2012-08-16,2012-08-30,OPTSTK,KOTAKBANK,300.0,CE,0.0,0.0,0.0,270.75,287.05,0,0.0,0
2012-08-16,2012-08-30,OPTSTK,KOTAKBANK,320.0,CE,0.0,0.0,0.0,251.25,267.15,0,0.0,0
2012-08-16,2012-08-30,OPTSTK,KOTAKBANK,340.0,CE,0.0,0.0,0.0,231.75,247.2,0,0.0,0
2012-08-16,2012-08-30,OPTSTK,KOTAKBANK,360.0,CE,0.0,0.0,0.0,212.35,227.25,0,0.0,0
2012-08-16,2012-08-30,OPTSTK,KOTAKBANK,380.0,CE,0.0,0.0,0.0,193.05,207.35,0,0.0,0
2012-08-16,2012-08-30,OPTSTK,KOTAKBANK,400.0,CE,0.0,0.0,0.0,174.0,187.4,0,0.0,0
2012-08-16,2012-08-30,OPTSTK,KOTAKBANK,420.0,CE,0.0,0.0,0.0,155.35,167.45,0,0.0,0
2012-08-16,2012-08-30,OPTSTK,KOTAKBANK,440.0,CE,0.0,0.0,0.0,137.2,147.55,0,0.0,0
2012-08-16,2012-08-30,OPTSTK,KOTAKBANK,460.0,CE,0.0,0.0,0.0,119.85,127.6,0,0.0,0
2012-08-16,2012-08-30,OPTSTK,KOTAKBANK,480.0,CE,0.0,0.0,0.0,103.45,107.7,0,0.0,0
2012-08-16,2012-08-30,OPTSTK,KOTAKBANK,500.0,CE,0.0,0.0,0.0,88.2,87.75,0,0.0,0
2012-08-16,2012-08-30,OPTSTK,KOTAKBANK,520.0,CE,0.0,0.0,0.0,33.0,67.95,0,0.0,1000
2012-08-16,2012-08-30,OPTSTK,KOTAKBANK,540.0,CE,0.0,0.0,0.0,38.0,48.8,0,0.0,15000
2012-08-16,2012-08-30,OPTSTK,KOTAKBANK,560.0,CE,0.0,0.0,0.0,30.0,31.4,0,0.0,20500
2012-08-16,2012-08-30,OPTSTK,KOTAKBANK,580.0,CE,15.5,15.9,12.65,15.9,15.9,7,20.8,17500
2012-08-16,2012-08-30,OPTSTK,KOTAKBANK,600.0,CE,7.25,7.25,5.0,5.2,5.2,8,24.22,14500
2012-08-16,2012-08-30,OPTSTK,KOTAKBANK,620.0,CE,1.5,1.6,1.5,1.6,1.6,4,12.43,5500
2012-08-16,2012-08-30,OPTSTK,KOTAKBANK,640.0,CE,0.0,0.0,0.0,3.25,1.05,0,0.0,1500
2012-08-16,2012-08-30,OPTSTK,KOTAKBANK,660.0,CE,0.0,0.0,0.0,0.5,0.3,0,0.0,3000
2012-08-16,2012-08-30,OPTSTK,KOTAKBANK,680.0,CE,0.0,0.0,0.0,0.7,0.1,0,0.0,3000
2012-08-16,2012-08-30,OPTSTK,KOTAKBANK,700.0,CE,0.0,0.0,0.0,9.35,0.05,0,0.0,0
2012-08-16,2012-08-30,OPTSTK,KOTAKBANK,720.0,CE,0.0,0.0,0.0,7.05,0.0,0,0.0,0
2012-08-16,2012-08-30,OPTSTK,KOTAKBANK,740.0,CE,0.0,0.0,0.0,5.3,0.0,0,0.0,0
2012-08-16,2012-08-30,OPTSTK,KOTAKBANK,760.0,CE,0.0,0.0,0.0,3.95,0.0,0,0.0,0
2012-08-16,2012-08-30,OPTSTK,KOTAKBANK,780.0,CE,0.0,0.0,0.0,2.9,0.0,0,0.0,0
2012-08-16,2012-08-30,OPTSTK,KOTAKBANK,800.0,CE,0.0,0.0,0.0,2.15,0.0,0,0.0,0
2012-08-16,2012-08-30,OPTSTK,KOTAKBANK,300.0,PE,0.0,0.0,0.0,0.05,0.0,0,0.0,0
2012-08-16,2012-08-30,OPTSTK,KOTAKBANK,320.0,PE,0.0,0.0,0.0,0.05,0.0,0,0.0,0
2012-08-16,2012-08-30,OPTSTK,KOTAKBANK,340.0,PE,0.0,0.0,0.0,0.1,0.0,0,0.0,0
2012-08-16,2012-08-30,OPTSTK,KOTAKBANK,360.0,PE,0.0,0.0,0.0,0.2,0.0,0,0.0,0
2012-08-16,2012-08-30,OPTSTK,KOTAKBANK,380.0,PE,0.0,0.0,0.0,0.4,0.0,0,0.0,0
2012-08-16,2012-08-30,OPTSTK,KOTAKBANK,400.0,PE,0.0,0.0,0.0,0.9,0.0,0,0.0,0
2012-08-16,2012-08-30,OPTSTK,KOTAKBANK,420.0,PE,0.0,0.0,0.0,1.7,0.0,0,0.0,0
2012-08-16,2012-08-30,OPTSTK,KOTAKBANK,440.0,PE,0.0,0.0,0.0,3.1,0.0,0,0.0,0
2012-08-16,2012-08-30,OPTSTK,KOTAKBANK,460.0,PE,0.0,0.0,0.0,5.25,0.0,0,0.0,0
2012-08-16,2012-08-30,OPTSTK,KOTAKBANK,480.0,PE,0.0,0.0,0.0,8.35,0.0,0,0.0,0
2012-08-16,2012-08-30,OPTSTK,KOTAKBANK,500.0,PE,0.0,0.0,0.0,1.65,0.05,0,0.0,5500
2012-08-16,2012-08-30,OPTSTK,KOTAKBANK,520.0,PE,0.05,0.05,0.05,0.05,0.05,1,2.6,9500
2012-08-16,2012-08-30,OPTSTK,KOTAKBANK,540.0,PE,0.8,1.0,0.25,0.25,0.25,3,8.11,22500
2012-08-16,2012-08-30,OPTSTK,KOTAKBANK,560.0,PE,1.65,2.55,1.65,2.05,2.05,4,11.24,26500
2012-08-16,2012-08-30,OPTSTK,KOTAKBANK,580.0,PE,5.95,8.15,5.95,7.35,7.35,13,38.17,23000
2012-08-16,2012-08-30,OPTSTK,KOTAKBANK,600.0,PE,14.4,18.55,14.4,18.15,18.15,4,12.34,1000
2012-08-16,2012-08-30,OPTSTK,KOTAKBANK,620.0,PE,0.0,0.0,0.0,42.0,35.05,0,0.0,500
2012-08-16,2012-08-30,OPTSTK,KOTAKBANK,640.0,PE,0.0,0.0,0.0,81.6,52.85,0,0.0,0
2012-08-16,2012-08-30,OPTSTK,KOTAKBANK,660.0,PE,0.0,0.0,0.0,96.55,72.05,0,0.0,0
2012-08-16,2012-08-30,OPTSTK,KOTAKBANK,680.0,PE,0.0,0.0,0.0,112.4,91.75,0,0.0,0
2012-08-16,2012-08-30,OPTSTK,KOTAKBANK,700.0,PE,0.0,0.0,0.0,129.0,111.65,0,0.0,0
2012-08-16,2012-08-30,OPTSTK,KOTAKBANK,720.0,PE,0.0,0.0,0.0,146.2,131.55,0,0.0,0
2012-08-16,2012-08-30,OPTSTK,KOTAKBANK,740.0,PE,0.0,0.0,0.0,163.95,151.5,0,0.0,0
2012-08-16,2012-08-30,OPTSTK,KOTAKBANK,760.0,PE,0.0,0.0,0.0,182.15,171.45,0,0.0,0
2012-08-16,2012-08-30,OPTSTK,KOTAKBANK,780.0,PE,0.0,0.0,0.0,200.6,191.35,0,0.0,0
2012-08-16,2012-08-30,OPTSTK,KOTAKBANK,800.0,PE,0.0,0.0,0.0,219.35,211.3,0,0.0,0
2012-08-16,2012-09-27,OPTSTK,KOTAKBANK,300.0,CE,0.0,0.0,0.0,282.85,289.15,0,0.0,0
2012-08-16,2012-09-27,OPTSTK,KOTAKBANK,320.0,CE,0.0,0.0,0.0,263.3,269.4,0,0.0,0
2012-08-16,2012-09-27,OPTSTK,KOTAKBANK,340.0,CE,0.0,0.0,0.0,243.8,249.6,0,0.0,0
2012-08-16,2012-09-27,OPTSTK,KOTAKBANK,360.0,CE,0.0,0.0,0.0,224.3,229.8,0,0.0,0
2012-08-16,2012-09-27,OPTSTK,KOTAKBANK,380.0,CE,0.0,0.0,0.0,204.85,210.0,0,0.0,0
2012-08-16,2012-09-27,OPTSTK,KOTAKBANK,400.0,CE,0.0,0.0,0.0,185.5,190.2,0,0.0,0
2012-08-16,2012-09-27,OPTSTK,KOTAKBANK,420.0,CE,0.0,0.0,0.0,166.35,170.4,0,0.0,0
2012-08-16,2012-09-27,OPTSTK,KOTAKBANK,440.0,CE,0.0,0.0,0.0,147.6,150.65,0,0.0,0
2012-08-16,2012-09-27,OPTSTK,KOTAKBANK,460.0,CE,0.0,0.0,0.0,129.4,130.9,0,0.0,0
2012-08-16,2012-09-27,OPTSTK,KOTAKBANK,480.0,CE,0.0,0.0,0.0,112.0,111.3,0,0.0,0
2012-08-16,2012-09-27,OPTSTK,KOTAKBANK,500.0,CE,0.0,0.0,0.0,95.55,92.15,0,0.0,0
2012-08-16,2012-09-27,OPTSTK,KOTAKBANK,520.0,CE,0.0,0.0,0.0,51.1,73.75,0,0.0,2000
2012-08-16,2012-09-27,OPTSTK,KOTAKBANK,540.0,CE,0.0,0.0,0.0,32.4,56.7,0,0.0,0
2012-08-16,2012-09-27,OPTSTK,KOTAKBANK,560.0,CE,0.0,0.0,0.0,18.3,41.7,0,0.0,0
2012-08-16,2012-09-27,OPTSTK,KOTAKBANK,580.0,CE,0.0,0.0,0.0,43.75,29.15,0,0.0,0
2012-08-16,2012-09-27,OPTSTK,KOTAKBANK,600.0,CE,0.0,0.0,0.0,34.65,19.35,0,0.0,0
2012-08-16,2012-09-27,OPTSTK,KOTAKBANK,620.0,CE,0.0,0.0,0.0,27.1,12.15,0,0.0,0
2012-08-16,2012-09-27,OPTSTK,KOTAKBANK,640.0,CE,0.0,0.0,0.0,20.85,7.25,0,0.0,0
2012-08-16,2012-09-27,OPTSTK,KOTAKBANK,660.0,CE,0.0,0.0,0.0,15.9,4.1,0,0.0,0
2012-08-16,2012-09-27,OPTSTK,KOTAKBANK,680.0,CE,0.0,0.0,0.0,11.95,2.2,0,0.0,0
2012-08-16,2012-09-27,OPTSTK,KOTAKBANK,700.0,CE,0.0,0.0,0.0,8.85,1.15,0,0.0,0
2012-08-16,2012-09-27,OPTSTK,KOTAKBANK,720.0,CE,0.0,0.0,0.0,6.5,0.55,0,0.0,0
2012-08-16,2012-09-27,OPTSTK,KOTAKBANK,740.0,CE,0.0,0.0,0.0,4.7,0.25,0,0.0,0
2012-08-16,2012-09-27,OPTSTK,KOTAKBANK,760.0,CE,0.0,0.0,0.0,3.4,0.15,0,0.0,0
2012-08-16,2012-09-27,OPTSTK,KOTAKBANK,780.0,CE,0.0,0.0,0.0,2.4,0.05,0,0.0,0
2012-08-16,2012-09-27,OPTSTK,KOTAKBANK,800.0,CE,0.0,0.0,0.0,1.7,0.05,0,0.0,0
2012-08-16,2012-09-27,OPTSTK,KOTAKBANK,300.0,PE,0.0,0.0,0.0,0.05,0.0,0,0.0,0
2012-08-16,2012-09-27,OPTSTK,KOTAKBANK,320.0,PE,0.0,0.0,0.0,0.05,0.0,0,0.0,0
2012-08-16,2012-09-27,OPTSTK,KOTAKBANK,340.0,PE,0.0,0.0,0.0,0.05,0.0,0,0.0,0
2012-08-16,2012-09-27,OPTSTK,KOTAKBANK,360.0,PE,0.0,0.0,0.0,0.05,0.0,0,0.0,0
2012-08-16,2012-09-27,OPTSTK,KOTAKBANK,380.0,PE,0.0,0.0,0.0,0.15,0.0,0,0.0,0
2012-08-16,2012-09-27,OPTSTK,KOTAKBANK,400.0,PE,0.0,0.0,0.0,0.35,0.0,0,0.0,0
2012-08-16,2012-09-27,OPTSTK,KOTAKBANK,420.0,PE,0.0,0.0,0.0,0.75,0.0,0,0.0,0
2012-08-16,2012-09-27,OPTSTK,KOTAKBANK,440.0,PE,0.0,0.0,0.0,1.55,0.05,0,0.0,0
2012-08-16,2012-09-27,OPTSTK,KOTAKBANK,460.0,PE,0.0,0.0,0.0,2.85,0.1,0,0.0,0
2012-08-16,2012-09-27,OPTSTK,KOTAKBANK,480.0,PE,0.0,0.0,0.0,4.95,0.3,0,0.0,0
2012-08-16,2012-09-27,OPTSTK,KOTAKBANK,500.0,PE,0.0,0.0,0.0,10.5,0.9,0,0.0,1000
2012-08-16,2012-09-27,OPTSTK,KOTAKBANK,520.0,PE,0.0,0.0,0.0,17.4,2.3,0,0.0,2000
2012-08-16,2012-09-27,OPTSTK,KOTAKBANK,540.0,PE,0.0,0.0,0.0,18.2,5.1,0,0.0,0
2012-08-16,2012-09-27,OPTSTK,KOTAKBANK,560.0,PE,0.0,0.0,0.0,25.5,9.85,0,0.0,0
2012-08-16,2012-09-27,OPTSTK,KOTAKBANK,580.0,PE,0.0,0.0,0.0,34.4,17.1,0,0.0,0
2012-08-16,2012-09-27,OPTSTK,KOTAKBANK,600.0,PE,0.0,0.0,0.0,44.85,27.1,0,0.0,0
2012-08-16,2012-09-27,OPTSTK,KOTAKBANK,620.0,PE,0.0,0.0,0.0,56.8,39.7,0,0.0,0
2012-08-16,2012-09-27,OPTSTK,KOTAKBANK,640.0,PE,0.0,0.0,0.0,70.15,54.55,0,0.0,0
2012-08-16,2012-09-27,OPTSTK,KOTAKBANK,660.0,PE,0.0,0.0,0.0,84.7,71.2,0,0.0,0
2012-08-16,2012-09-27,OPTSTK,KOTAKBANK,680.0,PE,0.0,0.0,0.0,100.25,89.1,0,0.0,0
2012-08-16,2012-09-27,OPTSTK,KOTAKBANK,700.0,PE,0.0,0.0,0.0,116.7,107.85,0,0.0,0
2012-08-16,2012-09-27,OPTSTK,KOTAKBANK,720.0,PE,0.0,0.0,0.0,133.9,127.05,0,0.0,0
2012-08-16,2012-09-27,OPTSTK,KOTAKBANK,740.0,PE,0.0,0.0,0.0,151.65,146.55,0,0.0,0
2012-08-16,2012-09-27,OPTSTK,KOTAKBANK,760.0,PE,0.0,0.0,0.0,169.85,166.2,0,0.0,0
2012-08-16,2012-09-27,OPTSTK,KOTAKBANK,780.0,PE,0.0,0.0,0.0,188.45,185.95,0,0.0,0
2012-08-16,2012-09-27,OPTSTK,KOTAKBANK,800.0,PE,0.0,0.0,0.0,207.25,205.7,0,0.0,0
2012-08-16,2012-10-25,OPTSTK,KOTAKBANK,300.0,CE,0.0,0.0,0.0,248.25,291.2,0,0.0,0
2012-08-16,2012-10-25,OPTSTK,KOTAKBANK,320.0,CE,0.0,0.0,0.0,228.7,271.55,0,0.0,0
2012-08-16,2012-10-25,OPTSTK,KOTAKBANK,340.0,CE,0.0,0.0,0.0,209.15,251.9,0,0.0,0
2012-08-16,2012-10-25,OPTSTK,KOTAKBANK,360.0,CE,0.0,0.0,0.0,189.6,232.25,0,0.0,0
2012-08-16,2012-10-25,OPTSTK,KOTAKBANK,380.0,CE,0.0,0.0,0.0,170.15,212.6,0,0.0,0
2012-08-16,2012-10-25,OPTSTK,KOTAKBANK,400.0,CE,0.0,0.0,0.0,150.8,192.95,0,0.0,0
2012-08-16,2012-10-25,OPTSTK,KOTAKBANK,420.0,CE,0.0,0.0,0.0,131.75,173.35,0,0.0,0
2012-08-16,2012-10-25,OPTSTK,KOTAKBANK,440.0,CE,0.0,0.0,0.0,113.2,153.8,0,0.0,0
2012-08-16,2012-10-25,OPTSTK,KOTAKBANK,460.0,CE,0.0,0.0,0.0,95.4,134.45,0,0.0,0
2012-08-16,2012-10-25,OPTSTK,KOTAKBANK,480.0,CE,0.0,0.0,0.0,78.75,115.45,0,0.0,0
2012-08-16,2012-10-25,OPTSTK,KOTAKBANK,500.0,CE,0.0,0.0,0.0,63.6,97.15,0,0.0,0
2012-08-16,2012-10-25,OPTSTK,KOTAKBANK,520.0,CE,0.0,0.0,0.0,50.1,79.9,0,0.0,0
2012-08-16,2012-10-25,OPTSTK,KOTAKBANK,540.0,CE,0.0,0.0,0.0,38.6,64.0,0,0.0,0
2012-08-16,2012-10-25,OPTSTK,KOTAKBANK,560.0,CE,0.0,0.0,0.0,29.0,49.9,0,0.0,0
2012-08-16,2012-10-25,OPTSTK,KOTAKBANK,580.0,CE,0.0,0.0,0.0,21.3,37.8,0,0.0,0
2012-08-16,2012-10-25,OPTSTK,KOTAKBANK,600.0,CE,0.0,0.0,0.0,15.25,27.8,0,0.0,0
2012-08-16,2012-10-25,OPTSTK,KOTAKBANK,620.0,CE,0.0,0.0,0.0,10.7,19.85,0,0.0,0
2012-08-16,2012-10-25,OPTSTK,KOTAKBANK,640.0,CE,0.0,0.0,0.0,7.35,13.75,0,0.0,0
2012-08-16,2012-10-25,OPTSTK,KOTAKBANK,660.0,CE,0.0,0.0,0.0,4.95,9.3,0,0.0,0
2012-08-16,2012-10-25,OPTSTK,KOTAKBANK,680.0,CE,0.0,0.0,0.0,3.3,6.1,0,0.0,0
2012-08-16,2012-10-25,OPTSTK,KOTAKBANK,700.0,CE,0.0,0.0,0.0,2.15,3.9,0,0.0,0
2012-08-16,2012-10-25,OPTSTK,KOTAKBANK,720.0,CE,0.0,0.0,0.0,1.35,2.45,0,0.0,0
2012-08-16,2012-10-25,OPTSTK,KOTAKBANK,740.0,CE,0.0,0.0,0.0,0.85,1.5,0,0.0,0
2012-08-16,2012-10-25,OPTSTK,KOTAKBANK,760.0,CE,0.0,0.0,0.0,0.55,0.9,0,0.0,0
2012-08-16,2012-10-25,OPTSTK,KOTAKBANK,780.0,CE,0.0,0.0,0.0,0.35,0.5,0,0.0,0
2012-08-16,2012-10-25,OPTSTK,KOTAKBANK,800.0,CE,0.0,0.0,0.0,0.2,0.3,0,0.0,0
2012-08-16,2012-10-25,OPTSTK,KOTAKBANK,300.0,PE,0.0,0.0,0.0,0.05,0.0,0,0.0,0
2012-08-16,2012-10-25,OPTSTK,KOTAKBANK,320.0,PE,0.0,0.0,0.0,0.05,0.0,0,0.0,0
2012-08-16,2012-10-25,OPTSTK,KOTAKBANK,340.0,PE,0.0,0.0,0.0,0.05,0.0,0,0.0,0
2012-08-16,2012-10-25,OPTSTK,KOTAKBANK,360.0,PE,0.0,0.0,0.0,0.05,0.0,0,0.0,0
2012-08-16,2012-10-25,OPTSTK,KOTAKBANK,380.0,PE,0.0,0.0,0.0,0.15,0.0,0,0.0,0
2012-08-16,2012-10-25,OPTSTK,KOTAKBANK,400.0,PE,0.0,0.0,0.0,0.35,0.05,0,0.0,0
2012-08-16,2012-10-25,OPTSTK,KOTAKBANK,420.0,PE,0.0,0.0,0.0,0.8,0.05,0,0.0,0
2012-08-16,2012-10-25,OPTSTK,KOTAKBANK,440.0,PE,0.0,0.0,0.0,1.8,0.2,0,0.0,0
2012-08-16,2012-10-25,OPTSTK,KOTAKBANK,460.0,PE,0.0,0.0,0.0,3.55,0.5,0,0.0,0
2012-08-16,2012-10-25,OPTSTK,KOTAKBANK,480.0,PE,0.0,0.0,0.0,6.45,1.2,0,0.0,0
2012-08-16,2012-10-25,OPTSTK,KOTAKBANK,500.0,PE,0.0,0.0,0.0,10.85,2.5,0,0.0,0
2012-08-16,2012-10-25,OPTSTK,KOTAKBANK,520.0,PE,0.0,0.0,0.0,16.9,4.9,0,0.0,0
2012-08-16,2012-10-25,OPTSTK,KOTAKBANK,540.0,PE,0.0,0.0,0.0,24.95,8.7,0,0.0,0
2012-08-16,2012-10-25,OPTSTK,KOTAKBANK,560.0,PE,0.0,0.0,0.0,34.9,14.2,0,0.0,0
2012-08-16,2012-10-25,OPTSTK,KOTAKBANK,580.0,PE,0.0,0.0,0.0,46.7,21.75,0,0.0,0
2012-08-16,2012-10-25,OPTSTK,KOTAKBANK,600.0,PE,0.0,0.0,0.0,60.25,31.45,0,0.0,0
2012-08-16,2012-10-25,OPTSTK,KOTAKBANK,620.0,PE,0.0,0.0,0.0,75.25,43.15,0,0.0,0
2012-08-16,2012-10-25,OPTSTK,KOTAKBANK,640.0,PE,0.0,0.0,0.0,91.45,56.7,0,0.0,0
2012-08-16,2012-10-25,OPTSTK,KOTAKBANK,660.0,PE,0.0,0.0,0.0,108.6,71.9,0,0.0,0
2012-08-16,2012-10-25,OPTSTK,KOTAKBANK,680.0,PE,0.0,0.0,0.0,126.45,88.35,0,0.0,0
2012-08-16,2012-10-25,OPTSTK,KOTAKBANK,700.0,PE,0.0,0.0,0.0,144.85,105.85,0,0.0,0
2012-08-16,2012-10-25,OPTSTK,KOTAKBANK,720.0,PE,0.0,0.0,0.0,163.6,124.0,0,0.0,0
2012-08-16,2012-10-25,OPTSTK,KOTAKBANK,740.0,PE,0.0,0.0,0.0,182.65,142.75,0,0.0,0
2012-08-16,2012-10-25,OPTSTK,KOTAKBANK,760.0,PE,0.0,0.0,0.0,201.9,161.8,0,0.0,0
2012-08-16,2012-10-25,OPTSTK,KOTAKBANK,780.0,PE,0.0,0.0,0.0,221.25,181.1,0,0.0,0
2012-08-16,2012-10-25,OPTSTK,KOTAKBANK,800.0,PE,0.0,0.0,0.0,240.65,200.5,0,0.0,0
2012-08-16,2012-08-30,OPTSTK,KTKBANK,40.0,CE,0.0,0.0,0.0,34.0,49.75,0,0.0,0
2012-08-16,2012-08-30,OPTSTK,KTKBANK,45.0,CE,0.0,0.0,0.0,29.1,44.75,0,0.0,0
2012-08-16,2012-08-30,OPTSTK,KTKBANK,50.0,CE,0.0,0.0,0.0,24.3,39.8,0,0.0,0
2012-08-16,2012-08-30,OPTSTK,KTKBANK,55.0,CE,0.0,0.0,0.0,19.6,34.8,0,0.0,0
2012-08-16,2012-08-30,OPTSTK,KTKBANK,60.0,CE,0.0,0.0,0.0,15.2,29.8,0,0.0,0
2012-08-16,2012-08-30,OPTSTK,KTKBANK,65.0,CE,0.0,0.0,0.0,11.3,24.85,0,0.0,0
2012-08-16,2012-08-30,OPTSTK,KTKBANK,70.0,CE,0.0,0.0,0.0,8.0,19.85,0,0.0,0
2012-08-16,2012-08-30,OPTSTK,KTKBANK,75.0,CE,0.0,0.0,0.0,5.45,14.9,0,0.0,0
2012-08-16,2012-08-30,OPTSTK,KTKBANK,80.0,CE,0.0,0.0,0.0,3.5,10.1,0,0.0,0
2012-08-16,2012-08-30,OPTSTK,KTKBANK,85.0,CE,0.0,0.0,0.0,2.2,5.85,0,0.0,0
2012-08-16,2012-08-30,OPTSTK,KTKBANK,90.0,CE,0.0,0.0,0.0,5.9,2.75,0,0.0,4000
2012-08-16,2012-08-30,OPTSTK,KTKBANK,95.0,CE,0.0,0.0,0.0,1.1,1.05,0,0.0,16000
2012-08-16,2012-08-30,OPTSTK,KTKBANK,100.0,CE,0.25,0.25,0.25,0.25,0.25,2,8.02,44000
2012-08-16,2012-08-30,OPTSTK,KTKBANK,105.0,CE,0.0,0.0,0.0,0.3,0.1,0,0.0,4000
2012-08-16,2012-08-30,OPTSTK,KTKBANK,110.0,CE,0.0,0.0,0.0,0.15,0.05,0,0.0,0
2012-08-16,2012-08-30,OPTSTK,KTKBANK,115.0,CE,0.0,0.0,0.0,0.1,0.0,0,0.0,0
2012-08-16,2012-08-30,OPTSTK,KTKBANK,120.0,CE,0.0,0.0,0.0,1.0,0.0,0,0.0,0
2012-08-16,2012-08-30,OPTSTK,KTKBANK,125.0,CE,0.0,0.0,0.0,0.05,0.0,0,0.0,0
2012-08-16,2012-08-30,OPTSTK,KTKBANK,130.0,CE,0.0,0.0,0.0,0.1,0.0,0,0.0,0
2012-08-16,2012-08-30,OPTSTK,KTKBANK,135.0,CE,0.0,0.0,0.0,0.2,0.0,0,0.0,0
2012-08-16,2012-08-30,OPTSTK,KTKBANK,140.0,CE,0.0,0.0,0.0,0.05,0.0,0,0.0,0
2012-08-16,2012-08-30,OPTSTK,KTKBANK,150.0,CE,0.0,0.0,0.0,0.05,0.0,0,0.0,0
2012-08-16,2012-08-30,OPTSTK,KTKBANK,40.0,PE,0.0,0.0,0.0,0.05,0.0,0,0.0,0
2012-08-16,2012-08-30,OPTSTK,KTKBANK,45.0,PE,0.0,0.0,0.0,0.05,0.0,0,0.0,0
2012-08-16,2012-08-30,OPTSTK,KTKBANK,50.0,PE,0.0,0.0,0.0,0.1,0.0,0,0.0,0
2012-08-16,2012-08-30,OPTSTK,KTKBANK,55.0,PE,0.0,0.0,0.0,0.3,0.0,0,0.0,0
2012-08-16,2012-08-30,OPTSTK,KTKBANK,60.0,PE,0.0,0.0,0.0,0.75,0.0,0,0.0,0
2012-08-16,2012-08-30,OPTSTK,KTKBANK,65.0,PE,0.0,0.0,0.0,1.75,0.0,0,0.0,0
2012-08-16,2012-08-30,OPTSTK,KTKBANK,70.0,PE,0.0,0.0,0.0,0.05,0.0,0,0.0,4000
2012-08-16,2012-08-30,OPTSTK,KTKBANK,75.0,PE,0.0,0.0,0.0,5.6,0.05,0,0.0,0
2012-08-16,2012-08-30,OPTSTK,KTKBANK,80.0,PE,0.0,0.0,0.0,8.6,0.2,0,0.0,0
2012-08-16,2012-08-30,OPTSTK,KTKBANK,85.0,PE,0.0,0.0,0.0,12.15,0.95,0,0.0,0
2012-08-16,2012-08-30,OPTSTK,KTKBANK,90.0,PE,0.0,0.0,0.0,2.5,2.85,0,0.0,4000
2012-08-16,2012-08-30,OPTSTK,KTKBANK,95.0,PE,0.0,0.0,0.0,3.0,6.1,0,0.0,8000
2012-08-16,2012-08-30,OPTSTK,KTKBANK,100.0,PE,0.0,0.0,0.0,8.2,10.4,0,0.0,4000
2012-08-16,2012-08-30,OPTSTK,KTKBANK,105.0,PE,0.0,0.0,0.0,29.75,15.15,0,0.0,0
2012-08-16,2012-08-30,OPTSTK,KTKBANK,110.0,PE,0.0,0.0,0.0,34.5,20.05,0,0.0,0
2012-08-16,2012-08-30,OPTSTK,KTKBANK,115.0,PE,0.0,0.0,0.0,39.3,25.05,0,0.0,0
2012-08-16,2012-08-30,OPTSTK,KTKBANK,120.0,PE,0.0,0.0,0.0,44.15,30.0,0,0.0,0
2012-08-16,2012-08-30,OPTSTK,KTKBANK,125.0,PE,0.0,0.0,0.0,49.05,35.0,0,0.0,0
2012-08-16,2012-08-30,OPTSTK,KTKBANK,130.0,PE,0.0,0.0,0.0,48.3,40.0,0,0.0,0
2012-08-16,2012-08-30,OPTSTK,KTKBANK,135.0,PE,0.0,0.0,0.0,46.1,44.95,0,0.0,0
2012-08-16,2012-08-30,OPTSTK,KTKBANK,140.0,PE,0.0,0.0,0.0,49.8,49.95,0,0.0,0
2012-08-16,2012-08-30,OPTSTK,KTKBANK,150.0,PE,0.0,0.0,0.0,48.65,59.9,0,0.0,0
2012-08-16,2012-09-27,OPTSTK,KTKBANK,40.0,CE,0.0,0.0,0.0,52.45,50.05,0,0.0,0
2012-08-16,2012-09-27,OPTSTK,KTKBANK,45.0,CE,0.0,0.0,0.0,47.55,45.1,0,0.0,0
2012-08-16,2012-09-27,OPTSTK,KTKBANK,50.0,CE,0.0,0.0,0.0,42.7,40.15,0,0.0,0
2012-08-16,2012-09-27,OPTSTK,KTKBANK,55.0,CE,0.0,0.0,0.0,37.85,35.2,0,0.0,0
2012-08-16,2012-09-27,OPTSTK,KTKBANK,60.0,CE,0.0,0.0,0.0,33.0,30.25,0,0.0,0
2012-08-16,2012-09-27,OPTSTK,KTKBANK,65.0,CE,0.0,0.0,0.0,28.3,25.3,0,0.0,0
2012-08-16,2012-09-27,OPTSTK,KTKBANK,70.0,CE,0.0,0.0,0.0,23.8,20.45,0,0.0,0
2012-08-16,2012-09-27,OPTSTK,KTKBANK,75.0,CE,0.0,0.0,0.0,19.55,15.8,0,0.0,0
2012-08-16,2012-09-27,OPTSTK,KTKBANK,80.0,CE,0.0,0.0,0.0,15.75,11.55,0,0.0,0
2012-08-16,2012-09-27,OPTSTK,KTKBANK,85.0,CE,0.0,0.0,0.0,12.35,7.95,0,0.0,0
2012-08-16,2012-09-27,OPTSTK,KTKBANK,90.0,CE,0.0,0.0,0.0,9.5,5.1,0,0.0,0
2012-08-16,2012-09-27,OPTSTK,KTKBANK,95.0,CE,0.0,0.0,0.0,7.15,3.1,0,0.0,0
2012-08-16,2012-09-27,OPTSTK,KTKBANK,100.0,CE,0.0,0.0,0.0,5.25,1.75,0,0.0,0
2012-08-16,2012-09-27,OPTSTK,KTKBANK,105.0,CE,0.0,0.0,0.0,0.4,0.95,0,0.0,0
2012-08-16,2012-09-27,OPTSTK,KTKBANK,110.0,CE,0.0,0.0,0.0,2.7,0.45,0,0.0,0
2012-08-16,2012-09-27,OPTSTK,KTKBANK,115.0,CE,0.0,0.0,0.0,1.9,0.25,0,0.0,0
2012-08-16,2012-09-27,OPTSTK,KTKBANK,120.0,CE,0.0,0.0,0.0,1.3,0.1,0,0.0,0
2012-08-16,2012-09-27,OPTSTK,KTKBANK,125.0,CE,0.0,0.0,0.0,0.9,0.05,0,0.0,0
2012-08-16,2012-09-27,OPTSTK,KTKBANK,130.0,CE,0.0,0.0,0.0,0.6,0.05,0,0.0,0
2012-08-16,2012-09-27,OPTSTK,KTKBANK,135.0,CE,0.0,0.0,0.0,0.4,0.05,0,0.0,0
2012-08-16,2012-09-27,OPTSTK,KTKBANK,140.0,CE,0.0,0.0,0.0,0.3,0.0,0,0.0,0
2012-08-16,2012-09-27,OPTSTK,KTKBANK,150.0,CE,0.0,0.0,0.0,0.3,0.0,0,0.0,0
2012-08-16,2012-09-27,OPTSTK,KTKBANK,40.0,PE,0.0,0.0,0.0,0.05,0.0,0,0.0,0
2012-08-16,2012-09-27,OPTSTK,KTKBANK,45.0,PE,0.0,0.0,0.0,0.05,0.0,0,0.0,0
2012-08-16,2012-09-27,OPTSTK,KTKBANK,50.0,PE,0.0,0.0,0.0,0.05,0.0,0,0.0,0
2012-08-16,2012-09-27,OPTSTK,KTKBANK,55.0,PE,0.0,0.0,0.0,0.05,0.0,0,0.0,0
2012-08-16,2012-09-27,OPTSTK,KTKBANK,60.0,PE,0.0,0.0,0.0,0.1,0.0,0,0.0,0
2012-08-16,2012-09-27,OPTSTK,KTKBANK,65.0,PE,0.0,0.0,0.0,0.3,0.05,0,0.0,0
2012-08-16,2012-09-27,OPTSTK,KTKBANK,70.0,PE,0.0,0.0,0.0,0.65,0.15,0,0.0,0
2012-08-16,2012-09-27,OPTSTK,KTKBANK,75.0,PE,0.0,0.0,0.0,1.3,0.45,0,0.0,0
2012-08-16,2012-09-27,OPTSTK,KTKBANK,80.0,PE,0.0,0.0,0.0,2.35,1.15,0,0.0,0
2012-08-16,2012-09-27,OPTSTK,KTKBANK,85.0,PE,0.0,0.0,0.0,3.9,2.45,0,0.0,0
2012-08-16,2012-09-27,OPTSTK,KTKBANK,90.0,PE,0.0,0.0,0.0,5.9,4.6,0,0.0,0
2012-08-16,2012-09-27,OPTSTK,KTKBANK,95.0,PE,0.0,0.0,0.0,8.45,7.5,0,0.0,0
2012-08-16,2012-09-27,OPTSTK,KTKBANK,100.0,PE,0.0,0.0,0.0,11.45,11.1,0,0.0,0
2012-08-16,2012-09-27,OPTSTK,KTKBANK,105.0,PE,0.0,0.0,0.0,14.85,15.25,0,0.0,0
2012-08-16,2012-09-27,OPTSTK,KTKBANK,110.0,PE,0.0,0.0,0.0,18.65,19.75,0,0.0,0
2012-08-16,2012-09-27,OPTSTK,KTKBANK,115.0,PE,0.0,0.0,0.0,22.75,24.45,0,0.0,0
2012-08-16,2012-09-27,OPTSTK,KTKBANK,120.0,PE,0.0,0.0,0.0,27.05,29.25,0,0.0,0
2012-08-16,2012-09-27,OPTSTK,KTKBANK,125.0,PE,0.0,0.0,0.0,31.5,34.15,0,0.0,0
2012-08-16,2012-09-27,OPTSTK,KTKBANK,130.0,PE,0.0,0.0,0.0,36.1,39.1,0,0.0,0
2012-08-16,2012-09-27,OPTSTK,KTKBANK,135.0,PE,0.0,0.0,0.0,40.75,44.05,0,0.0,0
2012-08-16,2012-09-27,OPTSTK,KTKBANK,140.0,PE,0.0,0.0,0.0,45.5,49.0,0,0.0,0
2012-08-16,2012-09-27,OPTSTK,KTKBANK,150.0,PE,0.0,0.0,0.0,47.85,58.85,0,0.0,0
2012-08-16,2012-10-25,OPTSTK,KTKBANK,45.0,CE,0.0,0.0,0.0,49.5,45.4,0,0.0,0
2012-08-16,2012-10-25,OPTSTK,KTKBANK,50.0,CE,0.0,0.0,0.0,44.65,40.5,0,0.0,0
2012-08-16,2012-10-25,OPTSTK,KTKBANK,55.0,CE,0.0,0.0,0.0,39.85,35.55,0,0.0,0
2012-08-16,2012-10-25,OPTSTK,KTKBANK,60.0,CE,0.0,0.0,0.0,35.15,30.7,0,0.0,0
2012-08-16,2012-10-25,OPTSTK,KTKBANK,65.0,CE,0.0,0.0,0.0,30.65,25.85,0,0.0,0
2012-08-16,2012-10-25,OPTSTK,KTKBANK,70.0,CE,0.0,0.0,0.0,26.35,21.2,0,0.0,0
2012-08-16,2012-10-25,OPTSTK,KTKBANK,75.0,CE,0.0,0.0,0.0,22.4,16.85,0,0.0,0
2012-08-16,2012-10-25,OPTSTK,KTKBANK,80.0,CE,0.0,0.0,0.0,18.75,12.95,0,0.0,0
2012-08-16,2012-10-25,OPTSTK,KTKBANK,85.0,CE,0.0,0.0,0.0,15.55,9.55,0,0.0,0
2012-08-16,2012-10-25,OPTSTK,KTKBANK,90.0,CE,0.0,0.0,0.0,12.7,6.8,0,0.0,0
2012-08-16,2012-10-25,OPTSTK,KTKBANK,95.0,CE,0.0,0.0,0.0,10.3,4.7,0,0.0,0
2012-08-16,2012-10-25,OPTSTK,KTKBANK,100.0,CE,0.0,0.0,0.0,8.25,3.1,0,0.0,0
2012-08-16,2012-10-25,OPTSTK,KTKBANK,105.0,CE,0.0,0.0,0.0,6.55,2.0,0,0.0,0
2012-08-16,2012-10-25,OPTSTK,KTKBANK,110.0,CE,0.0,0.0,0.0,5.15,1.25,0,0.0,0
2012-08-16,2012-10-25,OPTSTK,KTKBANK,115.0,CE,0.0,0.0,0.0,4.05,0.75,0,0.0,0
2012-08-16,2012-10-25,OPTSTK,KTKBANK,120.0,CE,0.0,0.0,0.0,3.15,0.45,0,0.0,0
2012-08-16,2012-10-25,OPTSTK,KTKBANK,125.0,CE,0.0,0.0,0.0,2.45,0.3,0,0.0,0
2012-08-16,2012-10-25,OPTSTK,KTKBANK,130.0,CE,0.0,0.0,0.0,1.85,0.15,0,0.0,0
2012-08-16,2012-10-25,OPTSTK,KTKBANK,135.0,CE,0.0,0.0,0.0,1.45,0.1,0,0.0,0
2012-08-16,2012-10-25,OPTSTK,KTKBANK,140.0,CE,0.0,0.0,0.0,1.1,0.05,0,0.0,0
2012-08-16,2012-10-25,OPTSTK,KTKBANK,145.0,CE,0.0,0.0,0.0,0.85,0.05,0,0.0,0
2012-08-16,2012-10-25,OPTSTK,KTKBANK,45.0,PE,0.0,0.0,0.0,0.05,0.0,0,0.0,0
2012-08-16,2012-10-25,OPTSTK,KTKBANK,50.0,PE,0.0,0.0,0.0,0.05,0.0,0,0.0,0
2012-08-16,2012-10-25,OPTSTK,KTKBANK,55.0,PE,0.0,0.0,0.0,0.15,0.05,0,0.0,0
2012-08-16,2012-10-25,OPTSTK,KTKBANK,60.0,PE,0.0,0.0,0.0,0.35,0.05,0,0.0,0
2012-08-16,2012-10-25,OPTSTK,KTKBANK,65.0,PE,0.0,0.0,0.0,0.7,0.15,0,0.0,0
2012-08-16,2012-10-25,OPTSTK,KTKBANK,70.0,PE,0.0,0.0,0.0,1.35,0.4,0,0.0,0
2012-08-16,2012-10-25,OPTSTK,KTKBANK,75.0,PE,0.0,0.0,0.0,2.25,0.95,0,0.0,0
2012-08-16,2012-10-25,OPTSTK,KTKBANK,80.0,PE,0.0,0.0,0.0,3.5,1.95,0,0.0,0
2012-08-16,2012-10-25,OPTSTK,KTKBANK,85.0,PE,0.0,0.0,0.0,5.15,3.5,0,0.0,0
2012-08-16,2012-10-25,OPTSTK,KTKBANK,90.0,PE,0.0,0.0,0.0,7.25,5.65,0,0.0,0
2012-08-16,2012-10-25,OPTSTK,KTKBANK,95.0,PE,0.0,0.0,0.0,9.7,8.45,0,0.0,0
2012-08-16,2012-10-25,OPTSTK,KTKBANK,100.0,PE,0.0,0.0,0.0,12.55,11.8,0,0.0,0
2012-08-16,2012-10-25,OPTSTK,KTKBANK,105.0,PE,0.0,0.0,0.0,15.7,15.6,0,0.0,0
2012-08-16,2012-10-25,OPTSTK,KTKBANK,110.0,PE,0.0,0.0,0.0,19.2,19.75,0,0.0,0
2012-08-16,2012-10-25,OPTSTK,KTKBANK,115.0,PE,0.0,0.0,0.0,23.0,24.2,0,0.0,0
2012-08-16,2012-10-25,OPTSTK,KTKBANK,120.0,PE,0.0,0.0,0.0,26.95,28.8,0,0.0,0
2012-08-16,2012-10-25,OPTSTK,KTKBANK,125.0,PE,0.0,0.0,0.0,31.15,33.55,0,0.0,0
2012-08-16,2012-10-25,OPTSTK,KTKBANK,130.0,PE,0.0,0.0,0.0,35.45,38.35,0,0.0,0
2012-08-16,2012-10-25,OPTSTK,KTKBANK,135.0,PE,0.0,0.0,0.0,39.9,43.2,0,0.0,0
2012-08-16,2012-10-25,OPTSTK,KTKBANK,140.0,PE,0.0,0.0,0.0,44.45,48.05,0,0.0,0
2012-08-16,2012-10-25,OPTSTK,KTKBANK,145.0,PE,0.0,0.0,0.0,49.1,52.95,0,0.0,0
2012-08-16,2012-08-30,OPTSTK,LICHSGFIN,140.0,CE,0.0,0.0,0.0,100.45,113.1,0,0.0,0
2012-08-16,2012-08-30,OPTSTK,LICHSGFIN,150.0,CE,0.0,0.0,0.0,90.7,103.1,0,0.0,0
2012-08-16,2012-08-30,OPTSTK,LICHSGFIN,160.0,CE,0.0,0.0,0.0,80.95,93.15,0,0.0,0
2012-08-16,2012-08-30,OPTSTK,LICHSGFIN,170.0,CE,0.0,0.0,0.0,71.3,83.2,0,0.0,0
2012-08-16,2012-08-30,OPTSTK,LICHSGFIN,180.0,CE,0.0,0.0,0.0,61.8,73.2,0,0.0,0
2012-08-16,2012-08-30,OPTSTK,LICHSGFIN,190.0,CE,0.0,0.0,0.0,52.6,63.25,0,0.0,0
2012-08-16,2012-08-30,OPTSTK,LICHSGFIN,200.0,CE,0.0,0.0,0.0,43.85,53.3,0,0.0,0
2012-08-16,2012-08-30,OPTSTK,LICHSGFIN,210.0,CE,0.0,0.0,0.0,35.75,43.35,0,0.0,0
2012-08-16,2012-08-30,OPTSTK,LICHSGFIN,220.0,CE,0.0,0.0,0.0,28.45,33.4,0,0.0,0
2012-08-16,2012-08-30,OPTSTK,LICHSGFIN,230.0,CE,0.0,0.0,0.0,21.8,23.75,0,0.0,4000
2012-08-16,2012-08-30,OPTSTK,LICHSGFIN,240.0,CE,13.95,15.4,13.2,14.25,14.25,8,20.36,46000
2012-08-16,2012-08-30,OPTSTK,LICHSGFIN,250.0,CE,7.6,8.85,6.35,7.7,7.7,44,113.38,131000
2012-08-16,2012-08-30,OPTSTK,LICHSGFIN,260.0,CE,3.45,3.9,2.45,3.45,3.45,441,1161.42,404000
2012-08-16,2012-08-30,OPTSTK,LICHSGFIN,270.0,CE,1.3,1.45,0.85,1.2,1.2,64,173.6,190000
2012-08-16,2012-08-30,OPTSTK,LICHSGFIN,280.0,CE,0.4,0.5,0.3,0.4,0.4,18,50.47,72000
2012-08-16,2012-08-30,OPTSTK,LICHSGFIN,290.0,CE,0.0,0.0,0.0,0.35,0.1,0,0.0,3000
2012-08-16,2012-08-30,OPTSTK,LICHSGFIN,300.0,CE,0.0,0.0,0.0,1.25,0.05,0,0.0,1000
2012-08-16,2012-08-30,OPTSTK,LICHSGFIN,310.0,CE,0.0,0.0,0.0,1.3,0.0,0,0.0,0
2012-08-16,2012-08-30,OPTSTK,LICHSGFIN,320.0,CE,0.0,0.0,0.0,0.85,0.0,0,0.0,0
2012-08-16,2012-08-30,OPTSTK,LICHSGFIN,330.0,CE,0.0,0.0,0.0,0.55,0.0,0,0.0,0
2012-08-16,2012-08-30,OPTSTK,LICHSGFIN,340.0,CE,0.0,0.0,0.0,0.35,0.0,0,0.0,0
2012-08-16,2012-08-30,OPTSTK,LICHSGFIN,350.0,CE,0.0,0.0,0.0,0.35,0.0,0,0.0,0
2012-08-16,2012-08-30,OPTSTK,LICHSGFIN,360.0,CE,0.0,0.0,0.0,0.3,0.0,0,0.0,0
2012-08-16,2012-08-30,OPTSTK,LICHSGFIN,380.0,CE,0.0,0.0,0.0,0.1,0.0,0,0.0,0
2012-08-16,2012-08-30,OPTSTK,LICHSGFIN,140.0,PE,0.0,0.0,0.0,0.05,0.0,0,0.0,0
2012-08-16,2012-08-30,OPTSTK,LICHSGFIN,150.0,PE,0.0,0.0,0.0,0.05,0.0,0,0.0,0
2012-08-16,2012-08-30,OPTSTK,LICHSGFIN,160.0,PE,0.0,0.0,0.0,0.05,0.0,0,0.0,0
2012-08-16,2012-08-30,OPTSTK,LICHSGFIN,170.0,PE,0.0,0.0,0.0,0.2,0.0,0,0.0,0
2012-08-16,2012-08-30,OPTSTK,LICHSGFIN,180.0,PE,0.0,0.0,0.0,0.45,0.0,0,0.0,0
2012-08-16,2012-08-30,OPTSTK,LICHSGFIN,190.0,PE,0.0,0.0,0.0,1.0,0.0,0,0.0,0
2012-08-16,2012-08-30,OPTSTK,LICHSGFIN,200.0,PE,0.0,0.0,0.0,2.0,0.0,0,0.0,0
2012-08-16,2012-08-30,OPTSTK,LICHSGFIN,210.0,PE,0.0,0.0,0.0,3.6,0.0,0,0.0,0
2012-08-16,2012-08-30,OPTSTK,LICHSGFIN,220.0,PE,0.0,0.0,0.0,0.4,0.05,0,0.0,4000
2012-08-16,2012-08-30,OPTSTK,LICHSGFIN,230.0,PE,0.0,0.0,0.0,0.3,0.35,0,0.0,16000
2012-08-16,2012-08-30,OPTSTK,LICHSGFIN,240.0,PE,0.7,1.4,0.7,1.05,1.05,34,82.0,82000
2012-08-16,2012-08-30,OPTSTK,LICHSGFIN,250.0,PE,4.25,4.7,3.35,4.0,4.0,23,58.41,84000
2012-08-16,2012-08-30,OPTSTK,LICHSGFIN,260.0,PE,8.5,10.7,8.4,9.85,9.85,13,35.0,52000
2012-08-16,2012-08-30,OPTSTK,LICHSGFIN,270.0,PE,17.05,17.05,17.05,17.05,17.05,1,2.87,22000
2012-08-16,2012-08-30,OPTSTK,LICHSGFIN,280.0,PE,0.0,0.0,0.0,28.65,26.8,0,0.0,4000
2012-08-16,2012-08-30,OPTSTK,LICHSGFIN,290.0,PE,0.0,0.0,0.0,48.9,36.55,0,0.0,0
2012-08-16,2012-08-30,OPTSTK,LICHSGFIN,300.0,PE,0.0,0.0,0.0,57.7,46.45,0,0.0,0
2012-08-16,2012-08-30,OPTSTK,LICHSGFIN,310.0,PE,0.0,0.0,0.0,66.75,56.4,0,0.0,0
2012-08-16,2012-08-30,OPTSTK,LICHSGFIN,320.0,PE,0.0,0.0,0.0,76.05,66.35,0,0.0,0
2012-08-16,2012-08-30,OPTSTK,LICHSGFIN,330.0,PE,0.0,0.0,0.0,85.55,76.3,0,0.0,0
2012-08-16,2012-08-30,OPTSTK,LICHSGFIN,340.0,PE,0.0,0.0,0.0,95.1,86.3,0,0.0,0
2012-08-16,2012-08-30,OPTSTK,LICHSGFIN,350.0,PE,0.0,0.0,0.0,96.9,96.25,0,0.0,0
2012-08-16,2012-08-30,OPTSTK,LICHSGFIN,360.0,PE,0.0,0.0,0.0,98.5,106.2,0,0.0,0
2012-08-16,2012-08-30,OPTSTK,LICHSGFIN,380.0,PE,0.0,0.0,0.0,117.9,126.15,0,0.0,0
2012-08-16,2012-09-27,OPTSTK,LICHSGFIN,140.0,CE,0.0,0.0,0.0,127.3,114.05,0,0.0,0
2012-08-16,2012-09-27,OPTSTK,LICHSGFIN,150.0,CE,0.0,0.0,0.0,100.95,104.15,0,0.0,0
2012-08-16,2012-09-27,OPTSTK,LICHSGFIN,160.0,CE,0.0,0.0,0.0,107.75,94.25,0,0.0,0
2012-08-16,2012-09-27,OPTSTK,LICHSGFIN,170.0,CE,0.0,0.0,0.0,81.3,84.4,0,0.0,0
2012-08-16,2012-09-27,OPTSTK,LICHSGFIN,180.0,CE,0.0,0.0,0.0,88.25,74.5,0,0.0,0
2012-08-16,2012-09-27,OPTSTK,LICHSGFIN,190.0,CE,0.0,0.0,0.0,61.8,64.6,0,0.0,0
2012-08-16,2012-09-27,OPTSTK,LICHSGFIN,200.0,CE,0.0,0.0,0.0,69.05,54.75,0,0.0,0
2012-08-16,2012-09-27,OPTSTK,LICHSGFIN,210.0,CE,0.0,0.0,0.0,43.2,45.1,0,0.0,0
2012-08-16,2012-09-27,OPTSTK,LICHSGFIN,220.0,CE,0.0,0.0,0.0,50.85,35.75,0,0.0,0
2012-08-16,2012-09-27,OPTSTK,LICHSGFIN,230.0,CE,0.0,0.0,0.0,26.95,27.15,0,0.0,0
2012-08-16,2012-09-27,OPTSTK,LICHSGFIN,240.0,CE,0.0,0.0,0.0,20.0,19.55,0,0.0,1000
2012-08-16,2012-09-27,OPTSTK,LICHSGFIN,250.0,CE,0.0,0.0,0.0,14.75,13.3,0,0.0,0
2012-08-16,2012-09-27,OPTSTK,LICHSGFIN,260.0,CE,0.0,0.0,0.0,21.9,8.5,0,0.0,0
2012-08-16,2012-09-27,OPTSTK,LICHSGFIN,270.0,CE,0.0,0.0,0.0,5.5,5.15,0,0.0,1000
2012-08-16,2012-09-27,OPTSTK,LICHSGFIN,280.0,CE,0.0,0.0,0.0,12.65,2.9,0,0.0,0
2012-08-16,2012-09-27,OPTSTK,LICHSGFIN,290.0,CE,0.0,0.0,0.0,2.95,1.55,0,0.0,0
2012-08-16,2012-09-27,OPTSTK,LICHSGFIN,300.0,CE,0.0,0.0,0.0,6.8,0.8,0,0.0,0
2012-08-16,2012-09-27,OPTSTK,LICHSGFIN,310.0,CE,0.0,0.0,0.0,1.1,0.4,0,0.0,0
2012-08-16,2012-09-27,OPTSTK,LICHSGFIN,320.0,CE,0.0,0.0,0.0,3.35,0.2,0,0.0,0
2012-08-16,2012-09-27,OPTSTK,LICHSGFIN,330.0,CE,0.0,0.0,0.0,0.4,0.1,0,0.0,0
2012-08-16,2012-09-27,OPTSTK,LICHSGFIN,340.0,CE,0.0,0.0,0.0,1.55,0.05,0,0.0,0
2012-08-16,2012-09-27,OPTSTK,LICHSGFIN,350.0,CE,0.0,0.0,0.0,0.15,0.05,0,0.0,0
2012-08-16,2012-09-27,OPTSTK,LICHSGFIN,360.0,CE,0.0,0.0,0.0,0.7,0.0,0,0.0,0
2012-08-16,2012-09-27,OPTSTK,LICHSGFIN,380.0,CE,0.0,0.0,0.0,0.3,0.0,0,0.0,0
2012-08-16,2012-09-27,OPTSTK,LICHSGFIN,140.0,PE,0.0,0.0,0.0,0.05,0.0,0,0.0,0
2012-08-16,2012-09-27,OPTSTK,LICHSGFIN,150.0,PE,0.0,0.0,0.0,0.05,0.0,0,0.0,0
2012-08-16,2012-09-27,OPTSTK,LICHSGFIN,160.0,PE,0.0,0.0,0.0,0.05,0.0,0,0.0,0
2012-08-16,2012-09-27,OPTSTK,LICHSGFIN,170.0,PE,0.0,0.0,0.0,0.05,0.0,0,0.0,0
2012-08-16,2012-09-27,OPTSTK,LICHSGFIN,180.0,PE,0.0,0.0,0.0,0.1,0.0,0,0.0,0
2012-08-16,2012-09-27,OPTSTK,LICHSGFIN,190.0,PE,0.0,0.0,0.0,0.2,0.05,0,0.0,0
2012-08-16,2012-09-27,OPTSTK,LICHSGFIN,200.0,PE,0.0,0.0,0.0,0.4,0.1,0,0.0,0
2012-08-16,2012-09-27,OPTSTK,LICHSGFIN,210.0,PE,0.0,0.0,0.0,1.25,0.3,0,0.0,0
2012-08-16,2012-09-27,OPTSTK,LICHSGFIN,220.0,PE,0.0,0.0,0.0,1.75,0.9,0,0.0,0
2012-08-16,2012-09-27,OPTSTK,LICHSGFIN,230.0,PE,0.0,0.0,0.0,4.7,2.15,0,0.0,0
2012-08-16,2012-09-27,OPTSTK,LICHSGFIN,240.0,PE,0.0,0.0,0.0,5.2,4.45,0,0.0,0
2012-08-16,2012-09-27,OPTSTK,LICHSGFIN,250.0,PE,0.0,0.0,0.0,9.65,8.1,0,0.0,2000
2012-08-16,2012-09-27,OPTSTK,LICHSGFIN,260.0,PE,0.0,0.0,0.0,11.85,13.25,0,0.0,0
2012-08-16,2012-09-27,OPTSTK,LICHSGFIN,270.0,PE,0.0,0.0,0.0,24.15,19.75,0,0.0,0
2012-08-16,2012-09-27,OPTSTK,LICHSGFIN,280.0,PE,0.0,0.0,0.0,27.0,27.4,0,0.0,1000
2012-08-16,2012-09-27,OPTSTK,LICHSGFIN,290.0,PE,0.0,0.0,0.0,39.7,35.95,0,0.0,0
2012-08-16,2012-09-27,OPTSTK,LICHSGFIN,300.0,PE,0.0,0.0,0.0,35.8,45.1,0,0.0,0
2012-08-16,2012-09-27,OPTSTK,LICHSGFIN,310.0,PE,0.0,0.0,0.0,57.55,54.6,0,0.0,0
2012-08-16,2012-09-27,OPTSTK,LICHSGFIN,320.0,PE,0.0,0.0,0.0,51.9,64.3,0,0.0,0
2012-08-16,2012-09-27,OPTSTK,LICHSGFIN,330.0,PE,0.0,0.0,0.0,76.45,74.1,0,0.0,0
2012-08-16,2012-09-27,OPTSTK,LICHSGFIN,340.0,PE,0.0,0.0,0.0,69.65,83.95,0,0.0,0
2012-08-16,2012-09-27,OPTSTK,LICHSGFIN,350.0,PE,0.0,0.0,0.0,95.9,93.8,0,0.0,0
2012-08-16,2012-09-27,OPTSTK,LICHSGFIN,360.0,PE,0.0,0.0,0.0,88.3,103.7,0,0.0,0
2012-08-16,2012-09-27,OPTSTK,LICHSGFIN,380.0,PE,0.0,0.0,0.0,107.45,123.5,0,0.0,0
2012-08-16,2012-10-25,OPTSTK,LICHSGFIN,150.0,CE,0.0,0.0,0.0,98.45,105.2,0,0.0,0
2012-08-16,2012-10-25,OPTSTK,LICHSGFIN,160.0,CE,0.0,0.0,0.0,88.7,95.35,0,0.0,0
2012-08-16,2012-10-25,OPTSTK,LICHSGFIN,170.0,CE,0.0,0.0,0.0,79.05,85.55,0,0.0,0
2012-08-16,2012-10-25,OPTSTK,LICHSGFIN,180.0,CE,0.0,0.0,0.0,69.55,75.75,0,0.0,0
2012-08-16,2012-10-25,OPTSTK,LICHSGFIN,190.0,CE,0.0,0.0,0.0,60.3,66.0,0,0.0,0
2012-08-16,2012-10-25,OPTSTK,LICHSGFIN,200.0,CE,0.0,0.0,0.0,51.4,56.45,0,0.0,0
2012-08-16,2012-10-25,OPTSTK,LICHSGFIN,210.0,CE,0.0,0.0,0.0,43.1,47.15,0,0.0,0
2012-08-16,2012-10-25,OPTSTK,LICHSGFIN,220.0,CE,0.0,0.0,0.0,35.45,38.4,0,0.0,0
2012-08-16,2012-10-25,OPTSTK,LICHSGFIN,230.0,CE,0.0,0.0,0.0,28.6,30.35,0,0.0,0
2012-08-16,2012-10-25,OPTSTK,LICHSGFIN,240.0,CE,0.0,0.0,0.0,22.65,23.25,0,0.0,0
2012-08-16,2012-10-25,OPTSTK,LICHSGFIN,250.0,CE,0.0,0.0,0.0,17.6,17.2,0,0.0,0
2012-08-16,2012-10-25,OPTSTK,LICHSGFIN,260.0,CE,0.0,0.0,0.0,13.4,12.35,0,0.0,0
2012-08-16,2012-10-25,OPTSTK,LICHSGFIN,270.0,CE,0.0,0.0,0.0,10.05,8.55,0,0.0,0
2012-08-16,2012-10-25,OPTSTK,LICHSGFIN,280.0,CE,0.0,0.0,0.0,7.4,5.75,0,0.0,0
2012-08-16,2012-10-25,OPTSTK,LICHSGFIN,290.0,CE,0.0,0.0,0.0,5.4,3.75,0,0.0,0
2012-08-16,2012-10-25,OPTSTK,LICHSGFIN,300.0,CE,0.0,0.0,0.0,3.85,2.35,0,0.0,0
2012-08-16,2012-10-25,OPTSTK,LICHSGFIN,310.0,CE,0.0,0.0,0.0,2.7,1.45,0,0.0,0
2012-08-16,2012-10-25,OPTSTK,LICHSGFIN,320.0,CE,0.0,0.0,0.0,1.9,0.9,0,0.0,0
2012-08-16,2012-10-25,OPTSTK,LICHSGFIN,330.0,CE,0.0,0.0,0.0,1.3,0.5,0,0.0,0
2012-08-16,2012-10-25,OPTSTK,LICHSGFIN,340.0,CE,0.0,0.0,0.0,0.9,0.3,0,0.0,0
2012-08-16,2012-10-25,OPTSTK,LICHSGFIN,350.0,CE,0.0,0.0,0.0,0.6,0.2,0,0.0,0
2012-08-16,2012-10-25,OPTSTK,LICHSGFIN,360.0,CE,0.0,0.0,0.0,0.75,0.1,0,0.0,0
2012-08-16,2012-10-25,OPTSTK,LICHSGFIN,150.0,PE,0.0,0.0,0.0,0.05,0.0,0,0.0,0
2012-08-16,2012-10-25,OPTSTK,LICHSGFIN,160.0,PE,0.0,0.0,0.0,0.1,0.0,0,0.0,0
2012-08-16,2012-10-25,OPTSTK,LICHSGFIN,170.0,PE,0.0,0.0,0.0,0.2,0.05,0,0.0,0
2012-08-16,2012-10-25,OPTSTK,LICHSGFIN,180.0,PE,0.0,0.0,0.0,0.45,0.05,0,0.0,0
2012-08-16,2012-10-25,OPTSTK,LICHSGFIN,190.0,PE,0.0,0.0,0.0,0.95,0.15,0,0.0,0
2012-08-16,2012-10-25,OPTSTK,LICHSGFIN,200.0,PE,0.0,0.0,0.0,1.85,0.4,0,0.0,0
2012-08-16,2012-10-25,OPTSTK,LICHSGFIN,210.0,PE,0.0,0.0,0.0,3.3,0.95,0,0.0,0
2012-08-16,2012-10-25,OPTSTK,LICHSGFIN,220.0,PE,0.0,0.0,0.0,5.45,2.0,0,0.0,0
2012-08-16,2012-10-25,OPTSTK,LICHSGFIN,230.0,PE,0.0,0.0,0.0,8.35,3.8,0,0.0,0
2012-08-16,2012-10-25,OPTSTK,LICHSGFIN,240.0,PE,0.0,0.0,0.0,12.2,6.5,0,0.0,0
2012-08-16,2012-10-25,OPTSTK,LICHSGFIN,250.0,PE,0.0,0.0,0.0,16.9,10.35,0,0.0,0
2012-08-16,2012-10-25,OPTSTK,LICHSGFIN,260.0,PE,0.0,0.0,0.0,22.5,15.3,0,0.0,0
2012-08-16,2012-10-25,OPTSTK,LICHSGFIN,270.0,PE,0.0,0.0,0.0,28.9,21.35,0,0.0,0
2012-08-16,2012-10-25,OPTSTK,LICHSGFIN,280.0,PE,0.0,0.0,0.0,36.05,28.35,0,0.0,0
2012-08-16,2012-10-25,OPTSTK,LICHSGFIN,290.0,PE,0.0,0.0,0.0,43.8,36.15,0,0.0,0
2012-08-16,2012-10-25,OPTSTK,LICHSGFIN,300.0,PE,0.0,0.0,0.0,52.05,44.6,0,0.0,0
2012-08-16,2012-10-25,OPTSTK,LICHSGFIN,310.0,PE,0.0,0.0,0.0,60.7,53.55,0,0.0,0
2012-08-16,2012-10-25,OPTSTK,LICHSGFIN,320.0,PE,0.0,0.0,0.0,69.65,62.8,0,0.0,0
2012-08-16,2012-10-25,OPTSTK,LICHSGFIN,330.0,PE,0.0,0.0,0.0,78.8,72.25,0,0.0,0
2012-08-16,2012-10-25,OPTSTK,LICHSGFIN,340.0,PE,0.0,0.0,0.0,88.15,81.85,0,0.0,0
2012-08-16,2012-10-25,OPTSTK,LICHSGFIN,350.0,PE,0.0,0.0,0.0,97.65,91.55,0,0.0,0
2012-08-16,2012-10-25,OPTSTK,LICHSGFIN,360.0,PE,0.0,0.0,0.0,97.35,101.35,0,0.0,0
2012-08-16,2012-08-30,OPTSTK,LITL,2.5,CE,0.0,0.0,0.0,10.0,10.05,0,0.0,0
2012-08-16,2012-08-30,OPTSTK,LITL,5.0,CE,0.0,0.0,0.0,7.55,7.55,0,0.0,0
2012-08-16,2012-08-30,OPTSTK,LITL,7.5,CE,0.0,0.0,0.0,5.15,5.05,0,0.0,0
2012-08-16,2012-08-30,OPTSTK,LITL,10.0,CE,0.0,0.0,0.0,3.05,2.55,0,0.0,22000
2012-08-16,2012-08-30,OPTSTK,LITL,12.5,CE,0.65,0.65,0.45,0.5,0.5,114,163.54,2794000
2012-08-16,2012-08-30,OPTSTK,LITL,15.0,CE,0.15,0.15,0.1,0.1,0.1,36,59.84,4092000
2012-08-16,2012-08-30,OPTSTK,LITL,17.5,CE,0.0,0.0,0.0,0.05,0.0,0,0.0,968000
2012-08-16,2012-08-30,OPTSTK,LITL,20.0,CE,0.0,0.0,0.0,0.05,0.0,0,0.0,44000
2012-08-16,2012-08-30,OPTSTK,LITL,22.5,CE,0.0,0.0,0.0,0.3,0.0,0,0.0,0
2012-08-16,2012-08-30,OPTSTK,LITL,25.0,CE,0.0,0.0,0.0,0.05,0.0,0,0.0,0
2012-08-16,2012-08-30,OPTSTK,LITL,27.5,CE,0.0,0.0,0.0,0.05,0.0,0,0.0,0
2012-08-16,2012-08-30,OPTSTK,LITL,30.0,CE,0.0,0.0,0.0,0.05,0.0,0,0.0,0
2012-08-16,2012-08-30,OPTSTK,LITL,32.5,CE,0.0,0.0,0.0,0.05,0.0,0,0.0,0
2012-08-16,2012-08-30,OPTSTK,LITL,35.0,CE,0.0,0.0,0.0,0.05,0.0,0,0.0,0
2012-08-16,2012-08-30,OPTSTK,LITL,2.5,PE,0.0,0.0,0.0,0.05,0.0,0,0.0,0
2012-08-16,2012-08-30,OPTSTK,LITL,5.0,PE,0.0,0.0,0.0,0.05,0.0,0,0.0,0
2012-08-16,2012-08-30,OPTSTK,LITL,7.5,PE,0.0,0.0,0.0,0.05,0.0,0,0.0,0
2012-08-16,2012-08-30,OPTSTK,LITL,10.0,PE,0.05,0.05,0.05,0.05,0.05,7,7.73,737000
2012-08-16,2012-08-30,OPTSTK,LITL,12.5,PE,0.45,0.5,0.4,0.45,0.45,78,110.9,2101000
2012-08-16,2012-08-30,OPTSTK,LITL,15.0,PE,2.65,2.65,2.55,2.55,2.55,2,3.87,220000
2012-08-16,2012-08-30,OPTSTK,LITL,17.5,PE,0.0,0.0,0.0,5.0,4.95,0,0.0,11000
2012-08-16,2012-08-30,OPTSTK,LITL,20.0,PE,0.0,0.0,0.0,7.7,7.45,0,0.0,143000
2012-08-16,2012-08-30,OPTSTK,LITL,22.5,PE,0.0,0.0,0.0,9.65,9.95,0,0.0,0
2012-08-16,2012-08-30,OPTSTK,LITL,25.0,PE,0.0,0.0,0.0,12.05,12.45,0,0.0,0
2012-08-16,2012-08-30,OPTSTK,LITL,27.5,PE,0.0,0.0,0.0,14.45,14.95,0,0.0,0
2012-08-16,2012-08-30,OPTSTK,LITL,30.0,PE,0.0,0.0,0.0,16.9,17.4,0,0.0,0
2012-08-16,2012-08-30,OPTSTK,LITL,32.5,PE,0.0,0.0,0.0,19.35,19.9,0,0.0,0
2012-08-16,2012-08-30,OPTSTK,LITL,35.0,PE,0.0,0.0,0.0,21.8,22.4,0,0.0,0
2012-08-16,2012-09-27,OPTSTK,LITL,2.5,CE,0.0,0.0,0.0,11.5,10.05,0,0.0,0
2012-08-16,2012-09-27,OPTSTK,LITL,5.0,CE,0.0,0.0,0.0,9.05,7.55,0,0.0,0
2012-08-16,2012-09-27,OPTSTK,LITL,7.5,CE,0.0,0.0,0.0,6.6,5.1,0,0.0,0
2012-08-16,2012-09-27,OPTSTK,LITL,10.0,CE,0.0,0.0,0.0,4.25,2.75,0,0.0,0
2012-08-16,2012-09-27,OPTSTK,LITL,12.5,CE,0.0,0.0,0.0,0.8,1.05,0,0.0,0
2012-08-16,2012-09-27,OPTSTK,LITL,15.0,CE,0.0,0.0,0.0,0.3,0.3,0,0.0,0
2012-08-16,2012-09-27,OPTSTK,LITL,17.5,CE,0.0,0.0,0.0,0.45,0.1,0,0.0,0
2012-08-16,2012-09-27,OPTSTK,LITL,20.0,CE,0.0,0.0,0.0,0.25,0.05,0,0.0,11000
2012-08-16,2012-09-27,OPTSTK,LITL,22.5,CE,0.0,0.0,0.0,0.25,0.0,0,0.0,0
2012-08-16,2012-09-27,OPTSTK,LITL,25.0,CE,0.0,0.0,0.0,0.05,0.0,0,0.0,0
2012-08-16,2012-09-27,OPTSTK,LITL,27.5,CE,0.0,0.0,0.0,0.05,0.0,0,0.0,0
2012-08-16,2012-09-27,OPTSTK,LITL,30.0,CE,0.0,0.0,0.0,0.05,0.0,0,0.0,0
2012-08-16,2012-09-27,OPTSTK,LITL,32.5,CE,0.0,0.0,0.0,0.05,0.0,0,0.0,0
2012-08-16,2012-09-27,OPTSTK,LITL,35.0,CE,0.0,0.0,0.0,0.05,0.0,0,0.0,0
2012-08-16,2012-09-27,OPTSTK,LITL,2.5,PE,0.0,0.0,0.0,0.05,0.0,0,0.0,0
2012-08-16,2012-09-27,OPTSTK,LITL,5.0,PE,0.0,0.0,0.0,0.05,0.0,0,0.0,0
2012-08-16,2012-09-27,OPTSTK,LITL,7.5,PE,0.0,0.0,0.0,0.05,0.0,0,0.0,0
2012-08-16,2012-09-27,OPTSTK,LITL,10.0,PE,0.0,0.0,0.0,0.15,0.15,0,0.0,0
2012-08-16,2012-09-27,OPTSTK,LITL,12.5,PE,0.0,0.0,0.0,0.65,0.95,0,0.0,0
2012-08-16,2012-09-27,OPTSTK,LITL,15.0,PE,0.0,0.0,0.0,1.85,2.65,0,0.0,0
2012-08-16,2012-09-27,OPTSTK,LITL,17.5,PE,0.0,0.0,0.0,3.65,4.9,0,0.0,0
2012-08-16,2012-09-27,OPTSTK,LITL,20.0,PE,0.0,0.0,0.0,5.8,7.3,0,0.0,0
2012-08-16,2012-09-27,OPTSTK,LITL,22.5,PE,0.0,0.0,0.0,8.15,9.8,0,0.0,0
2012-08-16,2012-09-27,OPTSTK,LITL,25.0,PE,0.0,0.0,0.0,10.55,12.25,0,0.0,0
2012-08-16,2012-09-27,OPTSTK,LITL,27.5,PE,0.0,0.0,0.0,13.0,14.75,0,0.0,0
2012-08-16,2012-09-27,OPTSTK,LITL,30.0,PE,0.0,0.0,0.0,15.4,17.2,0,0.0,0
2012-08-16,2012-09-27,OPTSTK,LITL,32.5,PE,0.0,0.0,0.0,17.85,19.7,0,0.0,0
2012-08-16,2012-09-27,OPTSTK,LITL,35.0,PE,0.0,0.0,0.0,20.3,22.15,0,0.0,0
2012-08-16,2012-08-30,OPTSTK,LT,500.0,CE,0.0,0.0,0.0,684.65,979.1,0,0.0,0
2012-08-16,2012-08-30,OPTSTK,LT,550.0,CE,0.0,0.0,0.0,635.85,929.25,0,0.0,0
2012-08-16,2012-08-30,OPTSTK,LT,600.0,CE,0.0,0.0,0.0,587.1,879.45,0,0.0,0
2012-08-16,2012-08-30,OPTSTK,LT,650.0,CE,0.0,0.0,0.0,538.35,829.6,0,0.0,0
2012-08-16,2012-08-30,OPTSTK,LT,700.0,CE,0.0,0.0,0.0,489.7,779.75,0,0.0,0
2012-08-16,2012-08-30,OPTSTK,LT,750.0,CE,0.0,0.0,0.0,441.35,729.95,0,0.0,0
2012-08-16,2012-08-30,OPTSTK,LT,800.0,CE,0.0,0.0,0.0,393.6,680.1,0,0.0,0
2012-08-16,2012-08-30,OPTSTK,LT,850.0,CE,0.0,0.0,0.0,346.85,630.25,0,0.0,0
2012-08-16,2012-08-30,OPTSTK,LT,900.0,CE,0.0,0.0,0.0,301.7,580.45,0,0.0,0
2012-08-16,2012-08-30,OPTSTK,LT,950.0,CE,0.0,0.0,0.0,258.75,530.6,0,0.0,0
2012-08-16,2012-08-30,OPTSTK,LT,1000.0,CE,0.0,0.0,0.0,218.7,480.75,0,0.0,0
2012-08-16,2012-08-30,OPTSTK,LT,1050.0,CE,0.0,0.0,0.0,182.15,430.95,0,0.0,0
2012-08-16,2012-08-30,OPTSTK,LT,1100.0,CE,0.0,0.0,0.0,149.35,381.1,0,0.0,0
2012-08-16,2012-08-30,OPTSTK,LT,1150.0,CE,0.0,0.0,0.0,162.0,331.25,0,0.0,3250
2012-08-16,2012-08-30,OPTSTK,LT,1200.0,CE,0.0,0.0,0.0,255.45,281.45,0,0.0,8250
2012-08-16,2012-08-30,OPTSTK,LT,1250.0,CE,212.0,212.0,212.0,212.0,212.0,2,7.31,15500
2012-08-16,2012-08-30,OPTSTK,LT,1300.0,CE,164.0,172.5,164.0,172.5,172.5,6,22.02,53000
2012-08-16,2012-08-30,OPTSTK,LT,1350.0,CE,113.0,135.1,112.5,133.4,133.4,31,114.21,94750
2012-08-16,2012-08-30,OPTSTK,LT,1400.0,CE,69.0,88.0,67.0,86.0,86.0,245,905.51,197250
2012-08-16,2012-08-30,OPTSTK,LT,1450.0,CE,29.15,47.8,29.1,45.95,45.95,1909,7113.77,289500
2012-08-16,2012-08-30,OPTSTK,LT,1500.0,CE,13.65,20.0,12.0,19.1,19.1,2069,7842.81,205750
2012-08-16,2012-08-30,OPTSTK,LT,1550.0,CE,3.9,6.1,3.3,5.75,5.75,426,1656.03,71500
2012-08-16,2012-08-30,OPTSTK,LT,1600.0,CE,1.0,2.0,0.8,1.7,1.7,35,140.14,38250
2012-08-16,2012-08-30,OPTSTK,LT,1650.0,CE,0.0,0.0,0.0,0.25,0.9,0,0.0,10750
2012-08-16,2012-08-30,OPTSTK,LT,1700.0,CE,0.0,0.0,0.0,0.5,0.2,0,0.0,43500
2012-08-16,2012-08-30,OPTSTK,LT,1750.0,CE,0.0,0.0,0.0,0.2,0.05,0,0.0,10000
2012-08-16,2012-08-30,OPTSTK,LT,1800.0,CE,0.0,0.0,0.0,2.65,0.05,0,0.0,0
2012-08-16,2012-08-30,OPTSTK,LT,1850.0,CE,0.0,0.0,0.0,1.9,0.0,0,0.0,0
2012-08-16,2012-08-30,OPTSTK,LT,1900.0,CE,0.0,0.0,0.0,1.35,0.0,0,0.0,0
2012-08-16,2012-08-30,OPTSTK,LT,1950.0,CE,0.0,0.0,0.0,0.95,0.0,0,0.0,0
2012-08-16,2012-08-30,OPTSTK,LT,500.0,PE,0.0,0.0,0.0,0.05,0.0,0,0.0,0
2012-08-16,2012-08-30,OPTSTK,LT,550.0,PE,0.0,0.0,0.0,0.05,0.0,0,0.0,0
2012-08-16,2012-08-30,OPTSTK,LT,600.0,PE,0.0,0.0,0.0,0.05,0.0,0,0.0,0
2012-08-16,2012-08-30,OPTSTK,LT,650.0,PE,0.0,0.0,0.0,0.1,0.0,0,0.0,0
2012-08-16,2012-08-30,OPTSTK,LT,700.0,PE,0.0,0.0,0.0,0.25,0.0,0,0.0,0
2012-08-16,2012-08-30,OPTSTK,LT,750.0,PE,0.0,0.0,0.0,0.7,0.0,0,0.0,0
2012-08-16,2012-08-30,OPTSTK,LT,800.0,PE,0.0,0.0,0.0,1.75,0.0,0,0.0,0
2012-08-16,2012-08-30,OPTSTK,LT,850.0,PE,0.0,0.0,0.0,3.75,0.0,0,0.0,0
2012-08-16,2012-08-30,OPTSTK,LT,900.0,PE,0.0,0.0,0.0,1.55,0.0,0,0.0,29250
2012-08-16,2012-08-30,OPTSTK,LT,950.0,PE,0.0,0.0,0.0,13.3,0.0,0,0.0,0
2012-08-16,2012-08-30,OPTSTK,LT,1000.0,PE,0.0,0.0,0.0,3.0,0.0,0,0.0,23000
2012-08-16,2012-08-30,OPTSTK,LT,1050.0,PE,0.0,0.0,0.0,34.25,0.0,0,0.0,0
2012-08-16,2012-08-30,OPTSTK,LT,1100.0,PE,0.0,0.0,0.0,1.9,0.0,0,0.0,250
2012-08-16,2012-08-30,OPTSTK,LT,1150.0,PE,0.0,0.0,0.0,1.0,0.0,0,0.0,12250
2012-08-16,2012-08-30,OPTSTK,LT,1200.0,PE,0.55,0.55,0.5,0.5,0.5,4,12.0,150750
2012-08-16,2012-08-30,OPTSTK,LT,1250.0,PE,0.5,0.6,0.5,0.6,0.6,3,9.37,136500
2012-08-16,2012-08-30,OPTSTK,LT,1300.0,PE,1.0,1.85,0.9,1.0,1.0,301,979.03,289750
2012-08-16,2012-08-30,OPTSTK,LT,1350.0,PE,3.35,3.35,1.9,2.05,2.05,541,1829.27,335000
2012-08-16,2012-08-30,OPTSTK,LT,1400.0,PE,10.85,10.85,5.0,5.35,5.35,1515,5327.7,449750
2012-08-16,2012-08-30,OPTSTK,LT,1450.0,PE,24.0,26.25,14.15,14.9,14.9,1938,7112.25,225250
2012-08-16,2012-08-30,OPTSTK,LT,1500.0,PE,54.0,54.0,35.85,36.9,36.9,282,1087.13,28750
2012-08-16,2012-08-30,OPTSTK,LT,1550.0,PE,0.0,0.0,0.0,354.0,77.5,0,0.0,0
2012-08-16,2012-08-30,OPTSTK,LT,1600.0,PE,0.0,0.0,0.0,180.0,120.6,0,0.0,250
2012-08-16,2012-08-30,OPTSTK,LT,1650.0,PE,0.0,0.0,0.0,445.0,168.0,0,0.0,0
2012-08-16,2012-08-30,OPTSTK,LT,1700.0,PE,0.0,0.0,0.0,491.7,217.15,0,0.0,0
2012-08-16,2012-08-30,OPTSTK,LT,1750.0,PE,0.0,0.0,0.0,539.0,266.8,0,0.0,0
2012-08-16,2012-08-30,OPTSTK,LT,1800.0,PE,0.0,0.0,0.0,586.7,316.6,0,0.0,0
2012-08-16,2012-08-30,OPTSTK,LT,1850.0,PE,0.0,0.0,0.0,634.7,366.45,0,0.0,0
2012-08-16,2012-08-30,OPTSTK,LT,1900.0,PE,0.0,0.0,0.0,682.95,416.25,0,0.0,0
2012-08-16,2012-08-30,OPTSTK,LT,1950.0,PE,0.0,0.0,0.0,731.35,466.1,0,0.0,0
2012-08-16,2012-09-27,OPTSTK,LT,500.0,CE,0.0,0.0,0.0,855.0,982.6,0,0.0,0
2012-08-16,2012-09-27,OPTSTK,LT,550.0,CE,0.0,0.0,0.0,806.15,933.1,0,0.0,0
2012-08-16,2012-09-27,OPTSTK,LT,600.0,CE,0.0,0.0,0.0,757.35,883.6,0,0.0,0
2012-08-16,2012-09-27,OPTSTK,LT,650.0,CE,0.0,0.0,0.0,708.5,834.15,0,0.0,0
2012-08-16,2012-09-27,OPTSTK,LT,700.0,CE,0.0,0.0,0.0,659.65,784.65,0,0.0,0
2012-08-16,2012-09-27,OPTSTK,LT,750.0,CE,0.0,0.0,0.0,610.85,735.15,0,0.0,0
2012-08-16,2012-09-27,OPTSTK,LT,800.0,CE,0.0,0.0,0.0,562.15,685.7,0,0.0,0
2012-08-16,2012-09-27,OPTSTK,LT,850.0,CE,0.0,0.0,0.0,513.55,636.2,0,0.0,0
2012-08-16,2012-09-27,OPTSTK,LT,900.0,CE,0.0,0.0,0.0,465.35,586.7,0,0.0,0
2012-08-16,2012-09-27,OPTSTK,LT,950.0,CE,0.0,0.0,0.0,417.75,537.25,0,0.0,0
2012-08-16,2012-09-27,OPTSTK,LT,1000.0,CE,0.0,0.0,0.0,371.2,487.75,0,0.0,0
2012-08-16,2012-09-27,OPTSTK,LT,1050.0,CE,0.0,0.0,0.0,326.15,438.3,0,0.0,0
2012-08-16,2012-09-27,OPTSTK,LT,1100.0,CE,0.0,0.0,0.0,283.15,388.8,0,0.0,0
2012-08-16,2012-09-27,OPTSTK,LT,1150.0,CE,0.0,0.0,0.0,242.75,339.45,0,0.0,0
2012-08-16,2012-09-27,OPTSTK,LT,1200.0,CE,0.0,0.0,0.0,205.5,290.35,0,0.0,0
2012-08-16,2012-09-27,OPTSTK,LT,1250.0,CE,0.0,0.0,0.0,138.9,242.0,0,0.0,500
2012-08-16,2012-09-27,OPTSTK,LT,1300.0,CE,0.0,0.0,0.0,141.5,195.35,0,0.0,0
2012-08-16,2012-09-27,OPTSTK,LT,1350.0,CE,121.45,121.45,121.45,121.45,121.45,1,3.67,750
2012-08-16,2012-09-27,OPTSTK,LT,1400.0,CE,95.0,104.4,95.0,104.4,104.4,2,7.49,3750
2012-08-16,2012-09-27,OPTSTK,LT,1450.0,CE,65.0,71.4,61.05,71.4,71.4,6,22.76,10750
2012-08-16,2012-09-27,OPTSTK,LT,1500.0,CE,42.0,48.0,37.75,47.2,47.2,27,104.23,9750
2012-08-16,2012-09-27,OPTSTK,LT,1550.0,CE,24.0,25.0,22.0,25.0,25.0,6,23.61,3500
2012-08-16,2012-09-27,OPTSTK,LT,1600.0,CE,16.5,16.5,15.0,15.0,15.0,9,36.35,1250
2012-08-16,2012-09-27,OPTSTK,LT,1650.0,CE,0.0,0.0,0.0,26.35,11.55,0,0.0,0
2012-08-16,2012-09-27,OPTSTK,LT,1700.0,CE,0.0,0.0,0.0,19.9,6.25,0,0.0,0
2012-08-16,2012-09-27,OPTSTK,LT,1750.0,CE,0.0,0.0,0.0,14.9,3.2,0,0.0,0
2012-08-16,2012-09-27,OPTSTK,LT,1800.0,CE,0.0,0.0,0.0,11.05,1.55,0,0.0,0
2012-08-16,2012-09-27,OPTSTK,LT,1850.0,CE,0.0,0.0,0.0,8.15,0.75,0,0.0,0
2012-08-16,2012-09-27,OPTSTK,LT,1900.0,CE,0.0,0.0,0.0,5.95,0.35,0,0.0,0
2012-08-16,2012-09-27,OPTSTK,LT,1950.0,CE,0.0,0.0,0.0,4.35,0.15,0,0.0,0
2012-08-16,2012-09-27,OPTSTK,LT,500.0,PE,0.0,0.0,0.0,0.05,0.0,0,0.0,0
2012-08-16,2012-09-27,OPTSTK,LT,550.0,PE,0.0,0.0,0.0,0.05,0.0,0,0.0,0
2012-08-16,2012-09-27,OPTSTK,LT,600.0,PE,0.0,0.0,0.0,0.05,0.0,0,0.0,0
2012-08-16,2012-09-27,OPTSTK,LT,650.0,PE,0.0,0.0,0.0,0.05,0.0,0,0.0,0
2012-08-16,2012-09-27,OPTSTK,LT,700.0,PE,0.0,0.0,0.0,0.05,0.0,0,0.0,0
2012-08-16,2012-09-27,OPTSTK,LT,750.0,PE,0.0,0.0,0.0,0.05,0.0,0,0.0,0
2012-08-16,2012-09-27,OPTSTK,LT,800.0,PE,0.0,0.0,0.0,0.15,0.0,0,0.0,0
2012-08-16,2012-09-27,OPTSTK,LT,850.0,PE,0.0,0.0,0.0,0.45,0.0,0,0.0,0
2012-08-16,2012-09-27,OPTSTK,LT,900.0,PE,0.0,0.0,0.0,1.05,0.0,0,0.0,0
2012-08-16,2012-09-27,OPTSTK,LT,950.0,PE,0.0,0.0,0.0,2.3,0.0,0,0.0,0
2012-08-16,2012-09-27,OPTSTK,LT,1000.0,PE,0.0,0.0,0.0,4.6,0.0,0,0.0,0
2012-08-16,2012-09-27,OPTSTK,LT,1050.0,PE,0.0,0.0,0.0,8.35,0.0,0,0.0,0
2012-08-16,2012-09-27,OPTSTK,LT,1100.0,PE,0.0,0.0,0.0,14.2,0.05,0,0.0,0
2012-08-16,2012-09-27,OPTSTK,LT,1150.0,PE,0.0,0.0,0.0,22.65,0.15,0,0.0,0
2012-08-16,2012-09-27,OPTSTK,LT,1200.0,PE,0.0,0.0,0.0,34.25,0.55,0,0.0,0
2012-08-16,2012-09-27,OPTSTK,LT,1250.0,PE,0.0,0.0,0.0,9.5,1.7,0,0.0,1750
2012-08-16,2012-09-27,OPTSTK,LT,1300.0,PE,12.0,12.0,4.75,4.75,4.75,5,16.32,1500
2012-08-16,2012-09-27,OPTSTK,LT,1350.0,PE,11.0,12.4,10.0,10.0,10.0,4,13.61,2500
2012-08-16,2012-09-27,OPTSTK,LT,1400.0,PE,20.2,28.9,18.1,19.2,19.2,12,42.63,4000
2012-08-16,2012-09-27,OPTSTK,LT,1450.0,PE,40.0,40.0,34.55,34.55,34.55,7,26.03,1500
2012-08-16,2012-09-27,OPTSTK,LT,1500.0,PE,0.0,0.0,0.0,179.55,60.45,0,0.0,0
2012-08-16,2012-09-27,OPTSTK,LT,1550.0,PE,0.0,0.0,0.0,215.55,90.45,0,0.0,0
2012-08-16,2012-09-27,OPTSTK,LT,1600.0,PE,0.0,0.0,0.0,254.0,126.4,0,0.0,0
2012-08-16,2012-09-27,OPTSTK,LT,1650.0,PE,0.0,0.0,0.0,294.6,167.1,0,0.0,0
2012-08-16,2012-09-27,OPTSTK,LT,1700.0,PE,0.0,0.0,0.0,337.0,211.25,0,0.0,0
2012-08-16,2012-09-27,OPTSTK,LT,1750.0,PE,0.0,0.0,0.0,380.85,257.7,0,0.0,0
2012-08-16,2012-09-27,OPTSTK,LT,1800.0,PE,0.0,0.0,0.0,425.85,305.55,0,0.0,0
2012-08-16,2012-09-27,OPTSTK,LT,1850.0,PE,0.0,0.0,0.0,471.75,354.2,0,0.0,0
2012-08-16,2012-09-27,OPTSTK,LT,1900.0,PE,0.0,0.0,0.0,518.4,403.3,0,0.0,0
2012-08-16,2012-09-27,OPTSTK,LT,1950.0,PE,0.0,0.0,0.0,565.65,452.6,0,0.0,0
2012-08-16,2012-10-25,OPTSTK,LT,500.0,CE,0.0,0.0,0.0,829.5,986.0,0,0.0,0
2012-08-16,2012-10-25,OPTSTK,LT,550.0,CE,0.0,0.0,0.0,780.65,936.85,0,0.0,0
2012-08-16,2012-10-25,OPTSTK,LT,600.0,CE,0.0,0.0,0.0,731.8,887.7,0,0.0,0
2012-08-16,2012-10-25,OPTSTK,LT,650.0,CE,0.0,0.0,0.0,682.95,838.6,0,0.0,0
2012-08-16,2012-10-25,OPTSTK,LT,700.0,CE,0.0,0.0,0.0,634.05,789.45,0,0.0,0
2012-08-16,2012-10-25,OPTSTK,LT,750.0,CE,0.0,0.0,0.0,585.2,740.3,0,0.0,0
2012-08-16,2012-10-25,OPTSTK,LT,800.0,CE,0.0,0.0,0.0,536.35,691.15,0,0.0,0
2012-08-16,2012-10-25,OPTSTK,LT,850.0,CE,0.0,0.0,0.0,487.55,642.0,0,0.0,0
2012-08-16,2012-10-25,OPTSTK,LT,900.0,CE,0.0,0.0,0.0,438.85,592.85,0,0.0,0
2012-08-16,2012-10-25,OPTSTK,LT,950.0,CE,0.0,0.0,0.0,390.45,543.75,0,0.0,0
2012-08-16,2012-10-25,OPTSTK,LT,1000.0,CE,0.0,0.0,0.0,342.65,494.6,0,0.0,0
2012-08-16,2012-10-25,OPTSTK,LT,1050.0,CE,0.0,0.0,0.0,296.05,445.55,0,0.0,0
2012-08-16,2012-10-25,OPTSTK,LT,1100.0,CE,0.0,0.0,0.0,251.25,396.6,0,0.0,0
2012-08-16,2012-10-25,OPTSTK,LT,1150.0,CE,0.0,0.0,0.0,209.1,348.05,0,0.0,0
2012-08-16,2012-10-25,OPTSTK,LT,1200.0,CE,0.0,0.0,0.0,170.45,300.3,0,0.0,0
2012-08-16,2012-10-25,OPTSTK,LT,1250.0,CE,0.0,0.0,0.0,135.85,254.0,0,0.0,0
2012-08-16,2012-10-25,OPTSTK,LT,1300.0,CE,0.0,0.0,0.0,105.95,209.95,0,0.0,0
2012-08-16,2012-10-25,OPTSTK,LT,1350.0,CE,0.0,0.0,0.0,100.0,169.25,0,0.0,500
2012-08-16,2012-10-25,OPTSTK,LT,1400.0,CE,0.0,0.0,0.0,105.0,132.65,0,0.0,1250
2012-08-16,2012-10-25,OPTSTK,LT,1450.0,CE,0.0,0.0,0.0,43.95,101.05,0,0.0,0
2012-08-16,2012-10-25,OPTSTK,LT,1500.0,CE,0.0,0.0,0.0,31.5,74.7,0,0.0,0
2012-08-16,2012-10-25,OPTSTK,LT,1550.0,CE,0.0,0.0,0.0,22.05,53.6,0,0.0,0
2012-08-16,2012-10-25,OPTSTK,LT,1600.0,CE,0.0,0.0,0.0,15.2,37.3,0,0.0,0
2012-08-16,2012-10-25,OPTSTK,LT,1650.0,CE,0.0,0.0,0.0,10.25,25.25,0,0.0,0
2012-08-16,2012-10-25,OPTSTK,LT,1700.0,CE,0.0,0.0,0.0,6.8,16.6,0,0.0,0
2012-08-16,2012-10-25,OPTSTK,LT,1750.0,CE,0.0,0.0,0.0,4.45,10.65,0,0.0,0
2012-08-16,2012-10-25,OPTSTK,LT,1800.0,CE,0.0,0.0,0.0,2.9,6.6,0,0.0,0
2012-08-16,2012-10-25,OPTSTK,LT,1850.0,CE,0.0,0.0,0.0,1.85,4.05,0,0.0,0
2012-08-16,2012-10-25,OPTSTK,LT,1900.0,CE,0.0,0.0,0.0,1.15,2.4,0,0.0,0
2012-08-16,2012-10-25,OPTSTK,LT,1950.0,CE,0.0,0.0,0.0,0.75,1.4,0,0.0,0
2012-08-16,2012-10-25,OPTSTK,LT,500.0,PE,0.0,0.0,0.0,0.05,0.0,0,0.0,0
2012-08-16,2012-10-25,OPTSTK,LT,550.0,PE,0.0,0.0,0.0,0.05,0.0,0,0.0,0
2012-08-16,2012-10-25,OPTSTK,LT,600.0,PE,0.0,0.0,0.0,0.05,0.0,0,0.0,0
2012-08-16,2012-10-25,OPTSTK,LT,650.0,PE,0.0,0.0,0.0,0.05,0.0,0,0.0,0
2012-08-16,2012-10-25,OPTSTK,LT,700.0,PE,0.0,0.0,0.0,0.05,0.0,0,0.0,0
2012-08-16,2012-10-25,OPTSTK,LT,750.0,PE,0.0,0.0,0.0,0.05,0.0,0,0.0,0
2012-08-16,2012-10-25,OPTSTK,LT,800.0,PE,0.0,0.0,0.0,0.05,0.0,0,0.0,0
2012-08-16,2012-10-25,OPTSTK,LT,850.0,PE,0.0,0.0,0.0,0.1,0.0,0,0.0,0
2012-08-16,2012-10-25,OPTSTK,LT,900.0,PE,0.0,0.0,0.0,0.25,0.0,0,0.0,0
2012-08-16,2012-10-25,OPTSTK,LT,950.0,PE,0.0,0.0,0.0,0.7,0.0,0,0.0,0
2012-08-16,2012-10-25,OPTSTK,LT,1000.0,PE,0.0,0.0,0.0,1.8,0.05,0,0.0,0
2012-08-16,2012-10-25,OPTSTK,LT,1050.0,PE,0.0,0.0,0.0,4.05,0.1,0,0.0,0
2012-08-16,2012-10-25,OPTSTK,LT,1100.0,PE,0.0,0.0,0.0,8.1,0.3,0,0.0,0
2012-08-16,2012-10-25,OPTSTK,LT,1150.0,PE,0.0,0.0,0.0,14.85,0.9,0,0.0,0
2012-08-16,2012-10-25,OPTSTK,LT,1200.0,PE,0.0,0.0,0.0,25.05,2.3,0,0.0,0
2012-08-16,2012-10-25,OPTSTK,LT,1250.0,PE,0.0,0.0,0.0,39.35,5.1,0,0.0,0
2012-08-16,2012-10-25,OPTSTK,LT,1300.0,PE,0.0,0.0,0.0,58.3,10.25,0,0.0,0
2012-08-16,2012-10-25,OPTSTK,LT,1350.0,PE,0.0,0.0,0.0,81.95,18.65,0,0.0,0
2012-08-16,2012-10-25,OPTSTK,LT,1400.0,PE,0.0,0.0,0.0,110.3,31.25,0,0.0,0
2012-08-16,2012-10-25,OPTSTK,LT,1450.0,PE,0.0,0.0,0.0,142.9,48.75,0,0.0,0
2012-08-16,2012-10-25,OPTSTK,LT,1500.0,PE,0.0,0.0,0.0,179.3,71.55,0,0.0,0
2012-08-16,2012-10-25,OPTSTK,LT,1550.0,PE,0.0,0.0,0.0,218.7,99.6,0,0.0,0
2012-08-16,2012-10-25,OPTSTK,LT,1600.0,PE,0.0,0.0,0.0,260.7,132.45,0,0.0,0
2012-08-16,2012-10-25,OPTSTK,LT,1650.0,PE,0.0,0.0,0.0,304.65,169.55,0,0.0,0
2012-08-16,2012-10-25,OPTSTK,LT,1700.0,PE,0.0,0.0,0.0,350.1,210.0,0,0.0,0
2012-08-16,2012-10-25,OPTSTK,LT,1750.0,PE,0.0,0.0,0.0,396.6,253.2,0,0.0,0
2012-08-16,2012-10-25,OPTSTK,LT,1800.0,PE,0.0,0.0,0.0,443.85,298.3,0,0.0,0
2012-08-16,2012-10-25,OPTSTK,LT,1850.0,PE,0.0,0.0,0.0,491.7,344.85,0,0.0,0
2012-08-16,2012-10-25,OPTSTK,LT,1900.0,PE,0.0,0.0,0.0,539.9,392.4,0,0.0,0
2012-08-16,2012-10-25,OPTSTK,LT,1950.0,PE,0.0,0.0,0.0,588.3,440.5,0,0.0,0
2012-08-16,2012-08-30,OPTSTK,LUPIN,280.0,CE,0.0,0.0,0.0,268.45,277.0,0,0.0,0
2012-08-16,2012-08-30,OPTSTK,LUPIN,300.0,CE,0.0,0.0,0.0,248.95,257.05,0,0.0,0
2012-08-16,2012-08-30,OPTSTK,LUPIN,320.0,CE,0.0,0.0,0.0,229.45,237.15,0,0.0,0
2012-08-16,2012-08-30,OPTSTK,LUPIN,340.0,CE,0.0,0.0,0.0,209.9,217.2,0,0.0,0
2012-08-16,2012-08-30,OPTSTK,LUPIN,360.0,CE,0.0,0.0,0.0,190.45,197.25,0,0.0,0
2012-08-16,2012-08-30,OPTSTK,LUPIN,380.0,CE,0.0,0.0,0.0,171.0,177.35,0,0.0,0
2012-08-16,2012-08-30,OPTSTK,LUPIN,400.0,CE,0.0,0.0,0.0,151.75,157.4,0,0.0,0
2012-08-16,2012-08-30,OPTSTK,LUPIN,420.0,CE,0.0,0.0,0.0,132.8,137.45,0,0.0,0
2012-08-16,2012-08-30,OPTSTK,LUPIN,440.0,CE,0.0,0.0,0.0,114.4,117.55,0,0.0,0
2012-08-16,2012-08-30,OPTSTK,LUPIN,460.0,CE,0.0,0.0,0.0,96.8,97.6,0,0.0,0
2012-08-16,2012-08-30,OPTSTK,LUPIN,480.0,CE,0.0,0.0,0.0,80.3,77.75,0,0.0,0
2012-08-16,2012-08-30,OPTSTK,LUPIN,500.0,CE,0.0,0.0,0.0,65.3,58.2,0,0.0,0
2012-08-16,2012-08-30,OPTSTK,LUPIN,520.0,CE,0.0,0.0,0.0,51.95,39.75,0,0.0,0
2012-08-16,2012-08-30,OPTSTK,LUPIN,540.0,CE,0.0,0.0,0.0,40.45,24.0,0,0.0,0
2012-08-16,2012-08-30,OPTSTK,LUPIN,560.0,CE,15.5,15.5,10.1,13.35,13.35,11,31.46,4500
2012-08-16,2012-08-30,OPTSTK,LUPIN,580.0,CE,6.5,8.65,4.0,6.45,6.45,11,32.22,5500
2012-08-16,2012-08-30,OPTSTK,LUPIN,600.0,CE,0.0,0.0,0.0,5.0,1.95,0,0.0,5000
2012-08-16,2012-08-30,OPTSTK,LUPIN,620.0,CE,0.0,0.0,0.0,10.4,0.6,0,0.0,2500
2012-08-16,2012-08-30,OPTSTK,LUPIN,640.0,CE,0.0,0.0,0.0,1.0,0.15,0,0.0,2500
2012-08-16,2012-08-30,OPTSTK,LUPIN,660.0,CE,0.0,0.0,0.0,5.8,0.05,0,0.0,0
2012-08-16,2012-08-30,OPTSTK,LUPIN,680.0,CE,0.0,0.0,0.0,3.95,0.05,0,0.0,0
2012-08-16,2012-08-30,OPTSTK,LUPIN,700.0,CE,0.0,0.0,0.0,2.65,0.0,0,0.0,0
2012-08-16,2012-08-30,OPTSTK,LUPIN,720.0,CE,0.0,0.0,0.0,1.75,0.0,0,0.0,0
2012-08-16,2012-08-30,OPTSTK,LUPIN,740.0,CE,0.0,0.0,0.0,1.15,0.0,0,0.0,0
2012-08-16,2012-08-30,OPTSTK,LUPIN,760.0,CE,0.0,0.0,0.0,0.75,0.0,0,0.0,0
2012-08-16,2012-08-30,OPTSTK,LUPIN,780.0,CE,0.0,0.0,0.0,0.45,0.0,0,0.0,0
2012-08-16,2012-08-30,OPTSTK,LUPIN,800.0,CE,0.0,0.0,0.0,0.3,0.0,0,0.0,0
2012-08-16,2012-08-30,OPTSTK,LUPIN,280.0,PE,0.0,0.0,0.0,0.05,0.0,0,0.0,0
2012-08-16,2012-08-30,OPTSTK,LUPIN,300.0,PE,0.0,0.0,0.0,0.05,0.0,0,0.0,0
2012-08-16,2012-08-30,OPTSTK,LUPIN,320.0,PE,0.0,0.0,0.0,0.05,0.0,0,0.0,0
2012-08-16,2012-08-30,OPTSTK,LUPIN,340.0,PE,0.0,0.0,0.0,0.05,0.0,0,0.0,0
2012-08-16,2012-08-30,OPTSTK,LUPIN,360.0,PE,0.0,0.0,0.0,0.05,0.0,0,0.0,0
2012-08-16,2012-08-30,OPTSTK,LUPIN,380.0,PE,0.0,0.0,0.0,0.15,0.0,0,0.0,0
2012-08-16,2012-08-30,OPTSTK,LUPIN,400.0,PE,0.0,0.0,0.0,0.4,0.0,0,0.0,0
2012-08-16,2012-08-30,OPTSTK,LUPIN,420.0,PE,0.0,0.0,0.0,1.0,0.0,0,0.0,0
2012-08-16,2012-08-30,OPTSTK,LUPIN,440.0,PE,0.0,0.0,0.0,2.1,0.0,0,0.0,0
2012-08-16,2012-08-30,OPTSTK,LUPIN,460.0,PE,0.0,0.0,0.0,4.0,0.05,0,0.0,0
2012-08-16,2012-08-30,OPTSTK,LUPIN,480.0,PE,0.0,0.0,0.0,7.05,0.1,0,0.0,0
2012-08-16,2012-08-30,OPTSTK,LUPIN,500.0,PE,0.0,0.0,0.0,11.55,0.45,0,0.0,0
2012-08-16,2012-08-30,OPTSTK,LUPIN,520.0,PE,0.0,0.0,0.0,17.7,2.0,0,0.0,0
2012-08-16,2012-08-30,OPTSTK,LUPIN,540.0,PE,3.5,5.0,3.5,5.0,5.0,2,5.44,1000
2012-08-16,2012-08-30,OPTSTK,LUPIN,560.0,PE,8.05,17.1,8.05,13.7,13.7,13,37.23,4500
2012-08-16,2012-08-30,OPTSTK,LUPIN,580.0,PE,28.0,29.0,28.0,29.0,29.0,2,6.08,1500
2012-08-16,2012-08-30,OPTSTK,LUPIN,600.0,PE,0.0,0.0,0.0,15.0,43.9,0,0.0,500
2012-08-16,2012-08-30,OPTSTK,LUPIN,620.0,PE,0.0,0.0,0.0,75.4,62.5,0,0.0,0
2012-08-16,2012-08-30,OPTSTK,LUPIN,640.0,PE,0.0,0.0,0.0,91.3,81.95,0,0.0,0
2012-08-16,2012-08-30,OPTSTK,LUPIN,660.0,PE,0.0,0.0,0.0,108.2,101.8,0,0.0,0
2012-08-16,2012-08-30,OPTSTK,LUPIN,680.0,PE,0.0,0.0,0.0,125.85,121.7,0,0.0,0
2012-08-16,2012-08-30,OPTSTK,LUPIN,700.0,PE,0.0,0.0,0.0,144.05,141.65,0,0.0,0
2012-08-16,2012-08-30,OPTSTK,LUPIN,720.0,PE,0.0,0.0,0.0,162.7,161.55,0,0.0,0
2012-08-16,2012-08-30,OPTSTK,LUPIN,740.0,PE,0.0,0.0,0.0,181.6,181.5,0,0.0,0
2012-08-16,2012-08-30,OPTSTK,LUPIN,760.0,PE,0.0,0.0,0.0,200.7,201.45,0,0.0,0
2012-08-16,2012-08-30,OPTSTK,LUPIN,780.0,PE,0.0,0.0,0.0,220.0,221.35,0,0.0,0
2012-08-16,2012-08-30,OPTSTK,LUPIN,800.0,PE,0.0,0.0,0.0,239.35,241.3,0,0.0,0
2012-08-16,2012-09-27,OPTSTK,LUPIN,280.0,CE,0.0,0.0,0.0,260.05,278.95,0,0.0,0
2012-08-16,2012-09-27,OPTSTK,LUPIN,300.0,CE,0.0,0.0,0.0,240.5,259.15,0,0.0,0
2012-08-16,2012-09-27,OPTSTK,LUPIN,320.0,CE,0.0,0.0,0.0,220.95,239.4,0,0.0,0
2012-08-16,2012-09-27,OPTSTK,LUPIN,340.0,CE,0.0,0.0,0.0,201.45,219.6,0,0.0,0
2012-08-16,2012-09-27,OPTSTK,LUPIN,360.0,CE,0.0,0.0,0.0,181.9,199.8,0,0.0,0
2012-08-16,2012-09-27,OPTSTK,LUPIN,380.0,CE,0.0,0.0,0.0,162.45,180.0,0,0.0,0
2012-08-16,2012-09-27,OPTSTK,LUPIN,400.0,CE,0.0,0.0,0.0,143.05,160.2,0,0.0,0
2012-08-16,2012-09-27,OPTSTK,LUPIN,420.0,CE,0.0,0.0,0.0,123.9,140.45,0,0.0,0
2012-08-16,2012-09-27,OPTSTK,LUPIN,440.0,CE,0.0,0.0,0.0,105.25,120.8,0,0.0,0
2012-08-16,2012-09-27,OPTSTK,LUPIN,460.0,CE,0.0,0.0,0.0,87.4,101.4,0,0.0,0
2012-08-16,2012-09-27,OPTSTK,LUPIN,480.0,CE,0.0,0.0,0.0,70.8,82.6,0,0.0,0
2012-08-16,2012-09-27,OPTSTK,LUPIN,500.0,CE,0.0,0.0,0.0,55.8,64.9,0,0.0,0
2012-08-16,2012-09-27,OPTSTK,LUPIN,520.0,CE,0.0,0.0,0.0,42.7,48.9,0,0.0,0
2012-08-16,2012-09-27,OPTSTK,LUPIN,540.0,CE,0.0,0.0,0.0,31.7,35.2,0,0.0,0
2012-08-16,2012-09-27,OPTSTK,LUPIN,560.0,CE,0.0,0.0,0.0,22.85,24.1,0,0.0,0
2012-08-16,2012-09-27,OPTSTK,LUPIN,580.0,CE,11.0,11.0,11.0,11.0,11.0,1,2.95,500
2012-08-16,2012-09-27,OPTSTK,LUPIN,600.0,CE,0.0,0.0,0.0,10.9,9.7,0,0.0,0
2012-08-16,2012-09-27,OPTSTK,LUPIN,620.0,CE,0.0,0.0,0.0,7.2,5.7,0,0.0,0
2012-08-16,2012-09-27,OPTSTK,LUPIN,640.0,CE,0.0,0.0,0.0,4.65,3.2,0,0.0,0
2012-08-16,2012-09-27,OPTSTK,LUPIN,660.0,CE,0.0,0.0,0.0,2.9,1.7,0,0.0,0
2012-08-16,2012-09-27,OPTSTK,LUPIN,680.0,CE,0.0,0.0,0.0,1.8,0.9,0,0.0,0
2012-08-16,2012-09-27,OPTSTK,LUPIN,700.0,CE,0.0,0.0,0.0,1.1,0.45,0,0.0,0
2012-08-16,2012-09-27,OPTSTK,LUPIN,720.0,CE,0.0,0.0,0.0,0.65,0.2,0,0.0,0
2012-08-16,2012-09-27,OPTSTK,LUPIN,740.0,CE,0.0,0.0,0.0,0.4,0.1,0,0.0,0
2012-08-16,2012-09-27,OPTSTK,LUPIN,760.0,CE,0.0,0.0,0.0,0.2,0.05,0,0.0,0
2012-08-16,2012-09-27,OPTSTK,LUPIN,780.0,CE,0.0,0.0,0.0,0.15,0.05,0,0.0,0
2012-08-16,2012-09-27,OPTSTK,LUPIN,800.0,CE,0.0,0.0,0.0,0.1,0.05,0,0.0,0
2012-08-16,2012-09-27,OPTSTK,LUPIN,280.0,PE,0.0,0.0,0.0,0.05,0.0,0,0.0,0
2012-08-16,2012-09-27,OPTSTK,LUPIN,300.0,PE,0.0,0.0,0.0,0.05,0.0,0,0.0,0
2012-08-16,2012-09-27,OPTSTK,LUPIN,320.0,PE,0.0,0.0,0.0,0.05,0.0,0,0.0,0
2012-08-16,2012-09-27,OPTSTK,LUPIN,340.0,PE,0.0,0.0,0.0,0.05,0.0,0,0.0,0
2012-08-16,2012-09-27,OPTSTK,LUPIN,360.0,PE,0.0,0.0,0.0,0.05,0.0,0,0.0,0
2012-08-16,2012-09-27,OPTSTK,LUPIN,380.0,PE,0.0,0.0,0.0,0.1,0.0,0,0.0,0
2012-08-16,2012-09-27,OPTSTK,LUPIN,400.0,PE,0.0,0.0,0.0,0.25,0.05,0,0.0,0
2012-08-16,2012-09-27,OPTSTK,LUPIN,420.0,PE,0.0,0.0,0.0,0.65,0.05,0,0.0,0
2012-08-16,2012-09-27,OPTSTK,LUPIN,440.0,PE,0.0,0.0,0.0,1.5,0.2,0,0.0,0
2012-08-16,2012-09-27,OPTSTK,LUPIN,460.0,PE,0.0,0.0,0.0,3.2,0.6,0,0.0,0
2012-08-16,2012-09-27,OPTSTK,LUPIN,480.0,PE,0.0,0.0,0.0,6.15,1.6,0,0.0,0
2012-08-16,2012-09-27,OPTSTK,LUPIN,500.0,PE,0.0,0.0,0.0,10.65,3.7,0,0.0,0
2012-08-16,2012-09-27,OPTSTK,LUPIN,520.0,PE,0.0,0.0,0.0,17.1,7.5,0,0.0,0
2012-08-16,2012-09-27,OPTSTK,LUPIN,540.0,PE,0.0,0.0,0.0,25.65,13.55,0,0.0,0
2012-08-16,2012-09-27,OPTSTK,LUPIN,560.0,PE,0.0,0.0,0.0,36.35,22.25,0,0.0,0
2012-08-16,2012-09-27,OPTSTK,LUPIN,580.0,PE,0.0,0.0,0.0,49.0,33.65,0,0.0,0
2012-08-16,2012-09-27,OPTSTK,LUPIN,600.0,PE,0.0,0.0,0.0,63.45,47.45,0,0.0,0
2012-08-16,2012-09-27,OPTSTK,LUPIN,620.0,PE,0.0,0.0,0.0,79.3,63.25,0,0.0,0
2012-08-16,2012-09-27,OPTSTK,LUPIN,640.0,PE,0.0,0.0,0.0,96.25,80.55,0,0.0,0
2012-08-16,2012-09-27,OPTSTK,LUPIN,660.0,PE,0.0,0.0,0.0,114.05,98.85,0,0.0,0
2012-08-16,2012-09-27,OPTSTK,LUPIN,680.0,PE,0.0,0.0,0.0,132.5,117.8,0,0.0,0
2012-08-16,2012-09-27,OPTSTK,LUPIN,700.0,PE,0.0,0.0,0.0,151.3,137.15,0,0.0,0
2012-08-16,2012-09-27,OPTSTK,LUPIN,720.0,PE,0.0,0.0,0.0,170.4,156.7,0,0.0,0
2012-08-16,2012-09-27,OPTSTK,LUPIN,740.0,PE,0.0,0.0,0.0,189.65,176.4,0,0.0,0
2012-08-16,2012-09-27,OPTSTK,LUPIN,760.0,PE,0.0,0.0,0.0,209.05,196.15,0,0.0,0
2012-08-16,2012-09-27,OPTSTK,LUPIN,780.0,PE,0.0,0.0,0.0,228.5,215.9,0,0.0,0
2012-08-16,2012-09-27,OPTSTK,LUPIN,800.0,PE,0.0,0.0,0.0,247.95,235.7,0,0.0,0
2012-08-16,2012-10-25,OPTSTK,LUPIN,280.0,CE,0.0,0.0,0.0,291.95,280.9,0,0.0,0
2012-08-16,2012-10-25,OPTSTK,LUPIN,300.0,CE,0.0,0.0,0.0,272.4,261.2,0,0.0,0
2012-08-16,2012-10-25,OPTSTK,LUPIN,320.0,CE,0.0,0.0,0.0,252.85,241.55,0,0.0,0
2012-08-16,2012-10-25,OPTSTK,LUPIN,340.0,CE,0.0,0.0,0.0,233.3,221.9,0,0.0,0
2012-08-16,2012-10-25,OPTSTK,LUPIN,360.0,CE,0.0,0.0,0.0,213.75,202.25,0,0.0,0
2012-08-16,2012-10-25,OPTSTK,LUPIN,380.0,CE,0.0,0.0,0.0,194.2,182.6,0,0.0,0
2012-08-16,2012-10-25,OPTSTK,LUPIN,400.0,CE,0.0,0.0,0.0,174.7,163.05,0,0.0,0
2012-08-16,2012-10-25,OPTSTK,LUPIN,420.0,CE,0.0,0.0,0.0,155.3,143.6,0,0.0,0
2012-08-16,2012-10-25,OPTSTK,LUPIN,440.0,CE,0.0,0.0,0.0,136.15,124.45,0,0.0,0
2012-08-16,2012-10-25,OPTSTK,LUPIN,460.0,CE,0.0,0.0,0.0,117.35,105.8,0,0.0,0
2012-08-16,2012-10-25,OPTSTK,LUPIN,480.0,CE,0.0,0.0,0.0,99.3,88.05,0,0.0,0
2012-08-16,2012-10-25,OPTSTK,LUPIN,500.0,CE,0.0,0.0,0.0,82.25,71.55,0,0.0,0
2012-08-16,2012-10-25,OPTSTK,LUPIN,520.0,CE,0.0,0.0,0.0,66.55,56.65,0,0.0,0
2012-08-16,2012-10-25,OPTSTK,LUPIN,540.0,CE,0.0,0.0,0.0,52.55,43.65,0,0.0,0
2012-08-16,2012-10-25,OPTSTK,LUPIN,560.0,CE,0.0,0.0,0.0,40.45,32.7,0,0.0,0
2012-08-16,2012-10-25,OPTSTK,LUPIN,580.0,CE,0.0,0.0,0.0,30.35,23.85,0,0.0,0
2012-08-16,2012-10-25,OPTSTK,LUPIN,600.0,CE,0.0,0.0,0.0,22.2,16.9,0,0.0,0
2012-08-16,2012-10-25,OPTSTK,LUPIN,620.0,CE,0.0,0.0,0.0,15.85,11.7,0,0.0,0
2012-08-16,2012-10-25,OPTSTK,LUPIN,640.0,CE,0.0,0.0,0.0,11.05,7.85,0,0.0,0
2012-08-16,2012-10-25,OPTSTK,LUPIN,660.0,CE,0.0,0.0,0.0,7.5,5.15,0,0.0,0
2012-08-16,2012-10-25,OPTSTK,LUPIN,680.0,CE,0.0,0.0,0.0,5.0,3.3,0,0.0,0
2012-08-16,2012-10-25,OPTSTK,LUPIN,700.0,CE,0.0,0.0,0.0,3.25,2.05,0,0.0,0
2012-08-16,2012-10-25,OPTSTK,LUPIN,720.0,CE,0.0,0.0,0.0,2.1,1.3,0,0.0,0
2012-08-16,2012-10-25,OPTSTK,LUPIN,740.0,CE,0.0,0.0,0.0,1.3,0.75,0,0.0,0
2012-08-16,2012-10-25,OPTSTK,LUPIN,760.0,CE,0.0,0.0,0.0,0.8,0.45,0,0.0,0
2012-08-16,2012-10-25,OPTSTK,LUPIN,780.0,CE,0.0,0.0,0.0,0.5,0.3,0,0.0,0
2012-08-16,2012-10-25,OPTSTK,LUPIN,800.0,CE,0.0,0.0,0.0,0.3,0.15,0,0.0,0
2012-08-16,2012-10-25,OPTSTK,LUPIN,280.0,PE,0.0,0.0,0.0,0.05,0.0,0,0.0,0
2012-08-16,2012-10-25,OPTSTK,LUPIN,300.0,PE,0.0,0.0,0.0,0.05,0.0,0,0.0,0
2012-08-16,2012-10-25,OPTSTK,LUPIN,320.0,PE,0.0,0.0,0.0,0.05,0.0,0,0.0,0
2012-08-16,2012-10-25,OPTSTK,LUPIN,340.0,PE,0.0,0.0,0.0,0.05,0.0,0,0.0,0
2012-08-16,2012-10-25,OPTSTK,LUPIN,360.0,PE,0.0,0.0,0.0,0.05,0.05,0,0.0,0
2012-08-16,2012-10-25,OPTSTK,LUPIN,380.0,PE,0.0,0.0,0.0,0.05,0.05,0,0.0,0
2012-08-16,2012-10-25,OPTSTK,LUPIN,400.0,PE,0.0,0.0,0.0,0.1,0.1,0,0.0,0
2012-08-16,2012-10-25,OPTSTK,LUPIN,420.0,PE,0.0,0.0,0.0,0.25,0.35,0,0.0,0
2012-08-16,2012-10-25,OPTSTK,LUPIN,440.0,PE,0.0,0.0,0.0,0.6,0.85,0,0.0,0
2012-08-16,2012-10-25,OPTSTK,LUPIN,460.0,PE,0.0,0.0,0.0,1.4,1.85,0,0.0,0
2012-08-16,2012-10-25,OPTSTK,LUPIN,480.0,PE,0.0,0.0,0.0,2.85,3.75,0,0.0,0
2012-08-16,2012-10-25,OPTSTK,LUPIN,500.0,PE,0.0,0.0,0.0,5.35,6.9,0,0.0,0
2012-08-16,2012-10-25,OPTSTK,LUPIN,520.0,PE,0.0,0.0,0.0,9.2,11.7,0,0.0,0
2012-08-16,2012-10-25,OPTSTK,LUPIN,540.0,PE,0.0,0.0,0.0,14.75,18.35,0,0.0,0
2012-08-16,2012-10-25,OPTSTK,LUPIN,560.0,PE,0.0,0.0,0.0,22.2,27.05,0,0.0,0
2012-08-16,2012-10-25,OPTSTK,LUPIN,580.0,PE,0.0,0.0,0.0,31.65,37.85,0,0.0,0
2012-08-16,2012-10-25,OPTSTK,LUPIN,600.0,PE,0.0,0.0,0.0,43.05,50.55,0,0.0,0
2012-08-16,2012-10-25,OPTSTK,LUPIN,620.0,PE,0.0,0.0,0.0,56.2,65.0,0,0.0,0
2012-08-16,2012-10-25,OPTSTK,LUPIN,640.0,PE,0.0,0.0,0.0,70.95,80.8,0,0.0,0
2012-08-16,2012-10-25,OPTSTK,LUPIN,660.0,PE,0.0,0.0,0.0,87.0,97.75,0,0.0,0
2012-08-16,2012-10-25,OPTSTK,LUPIN,680.0,PE,0.0,0.0,0.0,104.0,115.6,0,0.0,0
2012-08-16,2012-10-25,OPTSTK,LUPIN,700.0,PE,0.0,0.0,0.0,121.8,134.0,0,0.0,0
2012-08-16,2012-10-25,OPTSTK,LUPIN,720.0,PE,0.0,0.0,0.0,140.2,152.85,0,0.0,0
2012-08-16,2012-10-25,OPTSTK,LUPIN,740.0,PE,0.0,0.0,0.0,158.95,172.0,0,0.0,0
2012-08-16,2012-10-25,OPTSTK,LUPIN,760.0,PE,0.0,0.0,0.0,178.0,191.35,0,0.0,0
2012-08-16,2012-10-25,OPTSTK,LUPIN,780.0,PE,0.0,0.0,0.0,197.25,210.85,0,0.0,0
2012-08-16,2012-10-25,OPTSTK,LUPIN,800.0,PE,0.0,0.0,0.0,216.6,230.4,0,0.0,0
2012-08-16,2012-08-30,OPTSTK,M&M,440.0,CE,0.0,0.0,0.0,223.25,326.8,0,0.0,0
2012-08-16,2012-08-30,OPTSTK,M&M,460.0,CE,0.0,0.0,0.0,203.8,306.85,0,0.0,0
2012-08-16,2012-08-30,OPTSTK,M&M,480.0,CE,0.0,0.0,0.0,184.4,286.9,0,0.0,0
2012-08-16,2012-08-30,OPTSTK,M&M,500.0,CE,0.0,0.0,0.0,165.25,267.0,0,0.0,0
2012-08-16,2012-08-30,OPTSTK,M&M,520.0,CE,0.0,0.0,0.0,146.35,247.05,0,0.0,0
2012-08-16,2012-08-30,OPTSTK,M&M,540.0,CE,0.0,0.0,0.0,127.95,227.15,0,0.0,0
2012-08-16,2012-08-30,OPTSTK,M&M,560.0,CE,0.0,0.0,0.0,110.25,207.2,0,0.0,0
2012-08-16,2012-08-30,OPTSTK,M&M,580.0,CE,0.0,0.0,0.0,93.55,187.25,0,0.0,0
2012-08-16,2012-08-30,OPTSTK,M&M,600.0,CE,0.0,0.0,0.0,78.05,167.35,0,0.0,0
2012-08-16,2012-08-30,OPTSTK,M&M,620.0,CE,0.0,0.0,0.0,64.0,147.4,0,0.0,0
2012-08-16,2012-08-30,OPTSTK,M&M,640.0,CE,0.0,0.0,0.0,51.55,127.45,0,0.0,0
2012-08-16,2012-08-30,OPTSTK,M&M,660.0,CE,0.0,0.0,0.0,59.05,107.55,0,0.0,2500
2012-08-16,2012-08-30,OPTSTK,M&M,680.0,CE,0.0,0.0,0.0,71.15,87.8,0,0.0,43500
2012-08-16,2012-08-30,OPTSTK,M&M,700.0,CE,58.0,71.0,58.0,67.25,67.25,24,91.43,115000
2012-08-16,2012-08-30,OPTSTK,M&M,720.0,CE,40.0,50.0,40.0,48.0,48.0,35,133.84,85500
2012-08-16,2012-08-30,OPTSTK,M&M,740.0,CE,24.4,33.0,24.4,30.4,30.4,131,502.97,73000
2012-08-16,2012-08-30,OPTSTK,M&M,760.0,CE,12.0,18.95,11.25,16.4,16.4,823,3190.95,122500
2012-08-16,2012-08-30,OPTSTK,M&M,780.0,CE,4.25,8.75,4.25,7.15,7.15,177,696.6,63500
2012-08-16,2012-08-30,OPTSTK,M&M,800.0,CE,2.5,3.3,2.0,2.85,2.85,111,445.54,55000
2012-08-16,2012-08-30,OPTSTK,M&M,820.0,CE,1.25,1.25,0.75,0.8,0.8,20,82.09,12000
2012-08-16,2012-08-30,OPTSTK,M&M,840.0,CE,0.0,0.0,0.0,2.3,1.0,0,0.0,0
2012-08-16,2012-08-30,OPTSTK,M&M,860.0,CE,0.0,0.0,0.0,1.55,0.35,0,0.0,0
2012-08-16,2012-08-30,OPTSTK,M&M,880.0,CE,0.0,0.0,0.0,1.05,0.1,0,0.0,0
2012-08-16,2012-08-30,OPTSTK,M&M,900.0,CE,0.0,0.0,0.0,0.7,0.05,0,0.0,0
2012-08-16,2012-08-30,OPTSTK,M&M,920.0,CE,0.0,0.0,0.0,0.45,0.05,0,0.0,0
2012-08-16,2012-08-30,OPTSTK,M&M,940.0,CE,0.0,0.0,0.0,0.3,0.0,0,0.0,0
2012-08-16,2012-08-30,OPTSTK,M&M,960.0,CE,0.0,0.0,0.0,0.2,0.0,0,0.0,0
2012-08-16,2012-08-30,OPTSTK,M&M,980.0,CE,0.0,0.0,0.0,0.15,0.0,0,0.0,0
2012-08-16,2012-08-30,OPTSTK,M&M,1000.0,CE,0.0,0.0,0.0,0.1,0.0,0,0.0,0
2012-08-16,2012-08-30,OPTSTK,M&M,1020.0,CE,0.0,0.0,0.0,0.05,0.0,0,0.0,0
2012-08-16,2012-08-30,OPTSTK,M&M,1040.0,CE,0.0,0.0,0.0,0.05,0.0,0,0.0,0
2012-08-16,2012-08-30,OPTSTK,M&M,1060.0,CE,0.0,0.0,0.0,0.05,0.0,0,0.0,0
2012-08-16,2012-08-30,OPTSTK,M&M,440.0,PE,0.0,0.0,0.0,0.05,0.0,0,0.0,0
2012-08-16,2012-08-30,OPTSTK,M&M,460.0,PE,0.0,0.0,0.0,0.1,0.0,0,0.0,0
2012-08-16,2012-08-30,OPTSTK,M&M,480.0,PE,0.0,0.0,0.0,0.25,0.0,0,0.0,0
2012-08-16,2012-08-30,OPTSTK,M&M,500.0,PE,0.0,0.0,0.0,0.6,0.0,0,0.0,0
2012-08-16,2012-08-30,OPTSTK,M&M,520.0,PE,0.0,0.0,0.0,1.2,0.0,0,0.0,0
2012-08-16,2012-08-30,OPTSTK,M&M,540.0,PE,0.0,0.0,0.0,2.35,0.0,0,0.0,0
2012-08-16,2012-08-30,OPTSTK,M&M,560.0,PE,0.0,0.0,0.0,4.15,0.0,0,0.0,0
2012-08-16,2012-08-30,OPTSTK,M&M,580.0,PE,0.0,0.0,0.0,7.0,0.0,0,0.0,0
2012-08-16,2012-08-30,OPTSTK,M&M,600.0,PE,0.0,0.0,0.0,11.0,0.0,0,0.0,0
2012-08-16,2012-08-30,OPTSTK,M&M,620.0,PE,0.0,0.0,0.0,0.5,0.0,0,0.0,3500
2012-08-16,2012-08-30,OPTSTK,M&M,640.0,PE,0.0,0.0,0.0,0.55,0.0,0,0.0,18000
2012-08-16,2012-08-30,OPTSTK,M&M,660.0,PE,0.5,0.5,0.35,0.35,0.35,7,23.11,40000
2012-08-16,2012-08-30,OPTSTK,M&M,680.0,PE,0.6,0.95,0.6,0.6,0.6,22,74.87,571500
2012-08-16,2012-08-30,OPTSTK,M&M,700.0,PE,1.0,1.4,0.75,1.1,1.1,62,217.32,185500
2012-08-16,2012-08-30,OPTSTK,M&M,720.0,PE,2.25,2.45,1.4,1.45,1.45,109,393.45,75000
2012-08-16,2012-08-30,OPTSTK,M&M,740.0,PE,6.5,6.5,3.1,3.7,3.7,145,539.77,86000
2012-08-16,2012-08-30,OPTSTK,M&M,760.0,PE,14.55,14.55,7.75,9.3,9.3,111,427.5,32000
2012-08-16,2012-08-30,OPTSTK,M&M,780.0,PE,24.75,24.75,18.5,19.05,19.05,6,24.06,3500
2012-08-16,2012-08-30,OPTSTK,M&M,800.0,PE,0.0,0.0,0.0,132.95,37.75,0,0.0,0
2012-08-16,2012-08-30,OPTSTK,M&M,820.0,PE,0.0,0.0,0.0,151.0,54.5,0,0.0,0
2012-08-16,2012-08-30,OPTSTK,M&M,840.0,PE,0.0,0.0,0.0,169.45,72.85,0,0.0,0
2012-08-16,2012-08-30,OPTSTK,M&M,860.0,PE,0.0,0.0,0.0,188.25,92.15,0,0.0,0
2012-08-16,2012-08-30,OPTSTK,M&M,880.0,PE,0.0,0.0,0.0,207.25,111.9,0,0.0,0
2012-08-16,2012-08-30,OPTSTK,M&M,900.0,PE,0.0,0.0,0.0,226.4,131.75,0,0.0,0
2012-08-16,2012-08-30,OPTSTK,M&M,920.0,PE,0.0,0.0,0.0,245.7,151.65,0,0.0,0
2012-08-16,2012-08-30,OPTSTK,M&M,940.0,PE,0.0,0.0,0.0,265.05,171.6,0,0.0,0
2012-08-16,2012-08-30,OPTSTK,M&M,960.0,PE,0.0,0.0,0.0,284.45,191.5,0,0.0,0
2012-08-16,2012-08-30,OPTSTK,M&M,980.0,PE,0.0,0.0,0.0,303.9,211.45,0,0.0,0
2012-08-16,2012-08-30,OPTSTK,M&M,1000.0,PE,0.0,0.0,0.0,323.4,231.4,0,0.0,0
2012-08-16,2012-08-30,OPTSTK,M&M,1020.0,PE,0.0,0.0,0.0,342.9,251.3,0,0.0,0
2012-08-16,2012-08-30,OPTSTK,M&M,1040.0,PE,0.0,0.0,0.0,362.4,271.25,0,0.0,0
2012-08-16,2012-08-30,OPTSTK,M&M,1060.0,PE,0.0,0.0,0.0,381.9,291.2,0,0.0,0
2012-08-16,2012-09-27,OPTSTK,M&M,440.0,CE,0.0,0.0,0.0,261.85,329.85,0,0.0,0
2012-08-16,2012-09-27,OPTSTK,M&M,460.0,CE,0.0,0.0,0.0,242.3,310.05,0,0.0,0
2012-08-16,2012-09-27,OPTSTK,M&M,480.0,CE,0.0,0.0,0.0,222.8,290.3,0,0.0,0
2012-08-16,2012-09-27,OPTSTK,M&M,500.0,CE,0.0,0.0,0.0,203.3,270.5,0,0.0,0
2012-08-16,2012-09-27,OPTSTK,M&M,520.0,CE,0.0,0.0,0.0,183.85,250.7,0,0.0,0
2012-08-16,2012-09-27,OPTSTK,M&M,540.0,CE,0.0,0.0,0.0,164.55,230.9,0,0.0,0
2012-08-16,2012-09-27,OPTSTK,M&M,560.0,CE,0.0,0.0,0.0,145.45,211.1,0,0.0,0
2012-08-16,2012-09-27,OPTSTK,M&M,580.0,CE,0.0,0.0,0.0,126.8,191.35,0,0.0,0
2012-08-16,2012-09-27,OPTSTK,M&M,600.0,CE,0.0,0.0,0.0,108.75,171.6,0,0.0,0
2012-08-16,2012-09-27,OPTSTK,M&M,620.0,CE,0.0,0.0,0.0,91.65,151.95,0,0.0,0
2012-08-16,2012-09-27,OPTSTK,M&M,640.0,CE,0.0,0.0,0.0,75.75,132.55,0,0.0,0
2012-08-16,2012-09-27,OPTSTK,M&M,660.0,CE,0.0,0.0,0.0,61.35,113.5,0,0.0,0
2012-08-16,2012-09-27,OPTSTK,M&M,680.0,CE,0.0,0.0,0.0,37.15,95.2,0,0.0,2000
2012-08-16,2012-09-27,OPTSTK,M&M,700.0,CE,0.0,0.0,0.0,60.3,77.9,0,0.0,2500
2012-08-16,2012-09-27,OPTSTK,M&M,720.0,CE,0.0,0.0,0.0,18.8,62.05,0,0.0,1000
2012-08-16,2012-09-27,OPTSTK,M&M,740.0,CE,40.65,40.65,40.65,40.65,40.65,3,11.7,2500
2012-08-16,2012-09-27,OPTSTK,M&M,760.0,CE,0.0,0.0,0.0,15.35,35.95,0,0.0,0
2012-08-16,2012-09-27,OPTSTK,M&M,780.0,CE,0.0,0.0,0.0,10.9,26.1,0,0.0,0
2012-08-16,2012-09-27,OPTSTK,M&M,800.0,CE,10.0,13.45,10.0,12.3,12.3,3,12.18,1500
2012-08-16,2012-09-27,OPTSTK,M&M,820.0,CE,0.0,0.0,0.0,5.15,12.4,0,0.0,0
2012-08-16,2012-09-27,OPTSTK,M&M,840.0,CE,0.0,0.0,0.0,3.45,8.15,0,0.0,0
2012-08-16,2012-09-27,OPTSTK,M&M,860.0,CE,0.0,0.0,0.0,2.25,5.2,0,0.0,0
2012-08-16,2012-09-27,OPTSTK,M&M,880.0,CE,0.0,0.0,0.0,1.45,3.2,0,0.0,0
2012-08-16,2012-09-27,OPTSTK,M&M,900.0,CE,0.0,0.0,0.0,0.95,1.9,0,0.0,0
2012-08-16,2012-09-27,OPTSTK,M&M,920.0,CE,0.0,0.0,0.0,0.6,1.1,0,0.0,0
2012-08-16,2012-09-27,OPTSTK,M&M,940.0,CE,0.0,0.0,0.0,0.35,0.65,0,0.0,0
2012-08-16,2012-09-27,OPTSTK,M&M,960.0,CE,0.0,0.0,0.0,0.25,0.35,0,0.0,0
2012-08-16,2012-09-27,OPTSTK,M&M,980.0,CE,0.0,0.0,0.0,0.15,0.2,0,0.0,0
2012-08-16,2012-09-27,OPTSTK,M&M,1000.0,CE,0.0,0.0,0.0,0.1,0.1,0,0.0,0
2012-08-16,2012-09-27,OPTSTK,M&M,1020.0,CE,0.0,0.0,0.0,0.05,0.05,0,0.0,0
2012-08-16,2012-09-27,OPTSTK,M&M,1040.0,CE,0.0,0.0,0.0,0.05,0.05,0,0.0,0
2012-08-16,2012-09-27,OPTSTK,M&M,1060.0,CE,0.0,0.0,0.0,0.05,0.05,0,0.0,0
2012-08-16,2012-09-27,OPTSTK,M&M,440.0,PE,0.0,0.0,0.0,0.05,0.0,0,0.0,0
2012-08-16,2012-09-27,OPTSTK,M&M,460.0,PE,0.0,0.0,0.0,0.05,0.0,0,0.0,0
2012-08-16,2012-09-27,OPTSTK,M&M,480.0,PE,0.0,0.0,0.0,0.05,0.0,0,0.0,0
2012-08-16,2012-09-27,OPTSTK,M&M,500.0,PE,0.0,0.0,0.0,0.05,0.0,0,0.0,0
2012-08-16,2012-09-27,OPTSTK,M&M,520.0,PE,0.0,0.0,0.0,0.15,0.0,0,0.0,0
2012-08-16,2012-09-27,OPTSTK,M&M,540.0,PE,0.0,0.0,0.0,0.35,0.0,0,0.0,0
2012-08-16,2012-09-27,OPTSTK,M&M,560.0,PE,0.0,0.0,0.0,0.8,0.05,0,0.0,0
2012-08-16,2012-09-27,OPTSTK,M&M,580.0,PE,0.0,0.0,0.0,1.7,0.05,0,0.0,0
2012-08-16,2012-09-27,OPTSTK,M&M,600.0,PE,0.0,0.0,0.0,3.2,0.1,0,0.0,0
2012-08-16,2012-09-27,OPTSTK,M&M,620.0,PE,0.0,0.0,0.0,5.65,0.25,0,0.0,0
2012-08-16,2012-09-27,OPTSTK,M&M,640.0,PE,0.0,0.0,0.0,9.3,0.6,0,0.0,0
2012-08-16,2012-09-27,OPTSTK,M&M,660.0,PE,0.0,0.0,0.0,3.5,1.4,0,0.0,1500
2012-08-16,2012-09-27,OPTSTK,M&M,680.0,PE,0.0,0.0,0.0,5.55,2.85,0,0.0,1500
2012-08-16,2012-09-27,OPTSTK,M&M,700.0,PE,0.0,0.0,0.0,10.0,5.35,0,0.0,500
2012-08-16,2012-09-27,OPTSTK,M&M,720.0,PE,0.0,0.0,0.0,20.75,9.3,0,0.0,1000
2012-08-16,2012-09-27,OPTSTK,M&M,740.0,PE,12.0,12.0,11.4,11.4,11.4,10,37.57,4500
2012-08-16,2012-09-27,OPTSTK,M&M,760.0,PE,19.0,19.05,18.25,18.5,18.5,13,50.61,3500
2012-08-16,2012-09-27,OPTSTK,M&M,780.0,PE,0.0,0.0,0.0,81.15,32.7,0,0.0,0
2012-08-16,2012-09-27,OPTSTK,M&M,800.0,PE,0.0,0.0,0.0,97.35,44.75,0,0.0,0
2012-08-16,2012-09-27,OPTSTK,M&M,820.0,PE,0.0,0.0,0.0,114.5,58.65,0,0.0,0
2012-08-16,2012-09-27,OPTSTK,M&M,840.0,PE,0.0,0.0,0.0,132.3,74.2,0,0.0,0
2012-08-16,2012-09-27,OPTSTK,M&M,860.0,PE,0.0,0.0,0.0,150.65,91.0,0,0.0,0
2012-08-16,2012-09-27,OPTSTK,M&M,880.0,PE,0.0,0.0,0.0,169.4,108.8,0,0.0,0
2012-08-16,2012-09-27,OPTSTK,M&M,900.0,PE,0.0,0.0,0.0,188.4,127.3,0,0.0,0
2012-08-16,2012-09-27,OPTSTK,M&M,920.0,PE,0.0,0.0,0.0,207.6,146.3,0,0.0,0
2012-08-16,2012-09-27,OPTSTK,M&M,940.0,PE,0.0,0.0,0.0,226.9,165.6,0,0.0,0
2012-08-16,2012-09-27,OPTSTK,M&M,960.0,PE,0.0,0.0,0.0,246.3,185.15,0,0.0,0
2012-08-16,2012-09-27,OPTSTK,M&M,980.0,PE,0.0,0.0,0.0,265.75,204.75,0,0.0,0
2012-08-16,2012-09-27,OPTSTK,M&M,1000.0,PE,0.0,0.0,0.0,285.25,224.45,0,0.0,0
2012-08-16,2012-09-27,OPTSTK,M&M,1020.0,PE,0.0,0.0,0.0,304.75,244.2,0,0.0,0
2012-08-16,2012-09-27,OPTSTK,M&M,1040.0,PE,0.0,0.0,0.0,324.25,264.0,0,0.0,0
2012-08-16,2012-09-27,OPTSTK,M&M,1060.0,PE,0.0,0.0,0.0,343.8,283.75,0,0.0,0
2012-08-16,2012-10-25,OPTSTK,M&M,440.0,CE,0.0,0.0,0.0,252.0,332.85,0,0.0,0
2012-08-16,2012-10-25,OPTSTK,M&M,460.0,CE,0.0,0.0,0.0,232.45,313.2,0,0.0,0
2012-08-16,2012-10-25,OPTSTK,M&M,480.0,CE,0.0,0.0,0.0,212.9,293.55,0,0.0,0
2012-08-16,2012-10-25,OPTSTK,M&M,500.0,CE,0.0,0.0,0.0,193.35,273.9,0,0.0,0
2012-08-16,2012-10-25,OPTSTK,M&M,520.0,CE,0.0,0.0,0.0,173.85,254.25,0,0.0,0
2012-08-16,2012-10-25,OPTSTK,M&M,540.0,CE,0.0,0.0,0.0,154.35,234.6,0,0.0,0
2012-08-16,2012-10-25,OPTSTK,M&M,560.0,CE,0.0,0.0,0.0,134.9,215.05,0,0.0,0
2012-08-16,2012-10-25,OPTSTK,M&M,580.0,CE,0.0,0.0,0.0,115.75,195.5,0,0.0,0
2012-08-16,2012-10-25,OPTSTK,M&M,600.0,CE,0.0,0.0,0.0,97.0,176.15,0,0.0,0
2012-08-16,2012-10-25,OPTSTK,M&M,620.0,CE,0.0,0.0,0.0,79.1,157.05,0,0.0,0
2012-08-16,2012-10-25,OPTSTK,M&M,640.0,CE,0.0,0.0,0.0,62.5,138.35,0,0.0,0
2012-08-16,2012-10-25,OPTSTK,M&M,660.0,CE,0.0,0.0,0.0,47.65,120.3,0,0.0,0
2012-08-16,2012-10-25,OPTSTK,M&M,680.0,CE,0.0,0.0,0.0,34.95,103.05,0,0.0,0
2012-08-16,2012-10-25,OPTSTK,M&M,700.0,CE,0.0,0.0,0.0,24.6,86.95,0,0.0,0
2012-08-16,2012-10-25,OPTSTK,M&M,720.0,CE,0.0,0.0,0.0,16.6,72.15,0,0.0,0
2012-08-16,2012-10-25,OPTSTK,M&M,740.0,CE,0.0,0.0,0.0,10.8,58.8,0,0.0,0
2012-08-16,2012-10-25,OPTSTK,M&M,760.0,CE,0.0,0.0,0.0,6.7,47.05,0,0.0,0
2012-08-16,2012-10-25,OPTSTK,M&M,780.0,CE,0.0,0.0,0.0,4.0,37.0,0,0.0,0
2012-08-16,2012-10-25,OPTSTK,M&M,800.0,CE,0.0,0.0,0.0,2.25,28.6,0,0.0,0
2012-08-16,2012-10-25,OPTSTK,M&M,820.0,CE,0.0,0.0,0.0,1.25,21.65,0,0.0,0
2012-08-16,2012-10-25,OPTSTK,M&M,840.0,CE,0.0,0.0,0.0,0.65,16.15,0,0.0,0
2012-08-16,2012-10-25,OPTSTK,M&M,860.0,CE,0.0,0.0,0.0,0.35,11.8,0,0.0,0
2012-08-16,2012-10-25,OPTSTK,M&M,880.0,CE,0.0,0.0,0.0,0.2,8.5,0,0.0,0
2012-08-16,2012-10-25,OPTSTK,M&M,900.0,CE,0.0,0.0,0.0,0.1,6.0,0,0.0,0
2012-08-16,2012-10-25,OPTSTK,M&M,920.0,CE,0.0,0.0,0.0,0.05,4.2,0,0.0,0
2012-08-16,2012-10-25,OPTSTK,M&M,940.0,CE,0.0,0.0,0.0,0.05,2.9,0,0.0,0
2012-08-16,2012-10-25,OPTSTK,M&M,960.0,CE,0.0,0.0,0.0,0.05,1.95,0,0.0,0
2012-08-16,2012-10-25,OPTSTK,M&M,980.0,CE,0.0,0.0,0.0,0.05,1.3,0,0.0,0
2012-08-16,2012-10-25,OPTSTK,M&M,1000.0,CE,0.0,0.0,0.0,0.05,0.85,0,0.0,0
2012-08-16,2012-10-25,OPTSTK,M&M,1020.0,CE,0.0,0.0,0.0,0.05,0.55,0,0.0,0
2012-08-16,2012-10-25,OPTSTK,M&M,1040.0,CE,0.0,0.0,0.0,0.05,0.35,0,0.0,0
2012-08-16,2012-10-25,OPTSTK,M&M,1060.0,CE,0.0,0.0,0.0,0.05,0.25,0,0.0,0
2012-08-16,2012-10-25,OPTSTK,M&M,440.0,PE,0.0,0.0,0.0,0.05,0.0,0,0.0,0
2012-08-16,2012-10-25,OPTSTK,M&M,460.0,PE,0.0,0.0,0.0,0.05,0.0,0,0.0,0
2012-08-16,2012-10-25,OPTSTK,M&M,480.0,PE,0.0,0.0,0.0,0.05,0.0,0,0.0,0
2012-08-16,2012-10-25,OPTSTK,M&M,500.0,PE,0.0,0.0,0.0,0.05,0.0,0,0.0,0
2012-08-16,2012-10-25,OPTSTK,M&M,520.0,PE,0.0,0.0,0.0,0.05,0.05,0,0.0,0
2012-08-16,2012-10-25,OPTSTK,M&M,540.0,PE,0.0,0.0,0.0,0.1,0.05,0,0.0,0
2012-08-16,2012-10-25,OPTSTK,M&M,560.0,PE,0.0,0.0,0.0,0.2,0.1,0,0.0,0
2012-08-16,2012-10-25,OPTSTK,M&M,580.0,PE,0.0,0.0,0.0,0.55,0.25,0,0.0,0
2012-08-16,2012-10-25,OPTSTK,M&M,600.0,PE,0.0,0.0,0.0,1.4,0.55,0,0.0,0
2012-08-16,2012-10-25,OPTSTK,M&M,620.0,PE,0.0,0.0,0.0,3.05,1.1,0,0.0,0
2012-08-16,2012-10-25,OPTSTK,M&M,640.0,PE,0.0,0.0,0.0,6.0,2.05,0,0.0,0
2012-08-16,2012-10-25,OPTSTK,M&M,660.0,PE,0.0,0.0,0.0,10.7,3.65,0,0.0,0
2012-08-16,2012-10-25,OPTSTK,M&M,680.0,PE,0.0,0.0,0.0,17.55,6.1,0,0.0,0
2012-08-16,2012-10-25,OPTSTK,M&M,700.0,PE,0.0,0.0,0.0,26.75,9.6,0,0.0,0
2012-08-16,2012-10-25,OPTSTK,M&M,720.0,PE,0.0,0.0,0.0,38.25,14.5,0,0.0,0
2012-08-16,2012-10-25,OPTSTK,M&M,740.0,PE,0.0,0.0,0.0,52.0,20.8,0,0.0,0
2012-08-16,2012-10-25,OPTSTK,M&M,760.0,PE,0.0,0.0,0.0,67.4,28.75,0,0.0,0
2012-08-16,2012-10-25,OPTSTK,M&M,780.0,PE,0.0,0.0,0.0,84.25,38.3,0,0.0,0
2012-08-16,2012-10-25,OPTSTK,M&M,800.0,PE,0.0,0.0,0.0,102.1,49.55,0,0.0,0
2012-08-16,2012-10-25,OPTSTK,M&M,820.0,PE,0.0,0.0,0.0,120.65,62.3,0,0.0,0
2012-08-16,2012-10-25,OPTSTK,M&M,840.0,PE,0.0,0.0,0.0,139.6,76.45,0,0.0,0
2012-08-16,2012-10-25,OPTSTK,M&M,860.0,PE,0.0,0.0,0.0,158.85,91.75,0,0.0,0
2012-08-16,2012-10-25,OPTSTK,M&M,880.0,PE,0.0,0.0,0.0,178.2,108.1,0,0.0,0
2012-08-16,2012-10-25,OPTSTK,M&M,900.0,PE,0.0,0.0,0.0,197.65,125.25,0,0.0,0
2012-08-16,2012-10-25,OPTSTK,M&M,920.0,PE,0.0,0.0,0.0,217.15,143.1,0,0.0,0
2012-08-16,2012-10-25,OPTSTK,M&M,940.0,PE,0.0,0.0,0.0,236.7,161.45,0,0.0,0
2012-08-16,2012-10-25,OPTSTK,M&M,960.0,PE,0.0,0.0,0.0,256.25,180.15,0,0.0,0
2012-08-16,2012-10-25,OPTSTK,M&M,980.0,PE,0.0,0.0,0.0,275.8,199.2,0,0.0,0
2012-08-16,2012-10-25,OPTSTK,M&M,1000.0,PE,0.0,0.0,0.0,295.3,218.4,0,0.0,0
2012-08-16,2012-10-25,OPTSTK,M&M,1020.0,PE,0.0,0.0,0.0,314.85,237.75,0,0.0,0
2012-08-16,2012-10-25,OPTSTK,M&M,1040.0,PE,0.0,0.0,0.0,334.4,257.2,0,0.0,0
2012-08-16,2012-10-25,OPTSTK,M&M,1060.0,PE,0.0,0.0,0.0,353.95,276.75,0,0.0,0
2012-08-16,2012-08-30,OPTSTK,MARUTI,500.0,CE,0.0,0.0,0.0,612.3,674.3,0,0.0,0
2012-08-16,2012-08-30,OPTSTK,MARUTI,550.0,CE,0.0,0.0,0.0,563.55,624.45,0,0.0,0
2012-08-16,2012-08-30,OPTSTK,MARUTI,600.0,CE,0.0,0.0,0.0,514.85,574.65,0,0.0,0
2012-08-16,2012-08-30,OPTSTK,MARUTI,650.0,CE,0.0,0.0,0.0,466.35,524.8,0,0.0,0
2012-08-16,2012-08-30,OPTSTK,MARUTI,700.0,CE,0.0,0.0,0.0,418.3,474.95,0,0.0,0
2012-08-16,2012-08-30,OPTSTK,MARUTI,750.0,CE,0.0,0.0,0.0,371.05,425.15,0,0.0,0
2012-08-16,2012-08-30,OPTSTK,MARUTI,800.0,CE,0.0,0.0,0.0,325.2,375.3,0,0.0,0
2012-08-16,2012-08-30,OPTSTK,MARUTI,850.0,CE,0.0,0.0,0.0,281.3,325.45,0,0.0,0
2012-08-16,2012-08-30,OPTSTK,MARUTI,900.0,CE,0.0,0.0,0.0,240.05,275.65,0,0.0,0
2012-08-16,2012-08-30,OPTSTK,MARUTI,950.0,CE,0.0,0.0,0.0,202.05,225.85,0,0.0,0
2012-08-16,2012-08-30,OPTSTK,MARUTI,1000.0,CE,0.0,0.0,0.0,179.9,176.55,0,0.0,2000
2012-08-16,2012-08-30,OPTSTK,MARUTI,1050.0,CE,0.0,0.0,0.0,129.5,128.95,0,0.0,13000
2012-08-16,2012-08-30,OPTSTK,MARUTI,1100.0,CE,91.0,91.0,80.1,80.1,80.1,10,29.61,43500
2012-08-16,2012-08-30,OPTSTK,MARUTI,1150.0,CE,49.9,50.0,39.0,40.95,40.95,140,417.66,134750
2012-08-16,2012-08-30,OPTSTK,MARUTI,1200.0,CE,23.95,25.0,14.05,15.65,15.65,509,1549.29,160500
2012-08-16,2012-08-30,OPTSTK,MARUTI,1250.0,CE,8.25,8.25,4.15,4.9,4.9,203,636.98,97750
2012-08-16,2012-08-30,OPTSTK,MARUTI,1300.0,CE,2.5,2.5,1.5,1.85,1.85,5,16.27,29000
2012-08-16,2012-08-30,OPTSTK,MARUTI,1350.0,CE,0.0,0.0,0.0,0.7,1.6,0,0.0,4750
2012-08-16,2012-08-30,OPTSTK,MARUTI,1400.0,CE,0.0,0.0,0.0,1.25,0.5,0,0.0,2250
2012-08-16,2012-08-30,OPTSTK,MARUTI,1450.0,CE,0.0,0.0,0.0,18.3,0.15,0,0.0,0
2012-08-16,2012-08-30,OPTSTK,MARUTI,1500.0,CE,0.0,0.0,0.0,13.65,0.05,0,0.0,0
2012-08-16,2012-08-30,OPTSTK,MARUTI,1550.0,CE,0.0,0.0,0.0,10.1,0.05,0,0.0,0
2012-08-16,2012-08-30,OPTSTK,MARUTI,1600.0,CE,0.0,0.0,0.0,7.45,0.0,0,0.0,0
2012-08-16,2012-08-30,OPTSTK,MARUTI,1650.0,CE,0.0,0.0,0.0,5.45,0.0,0,0.0,0
2012-08-16,2012-08-30,OPTSTK,MARUTI,1700.0,CE,0.0,0.0,0.0,4.0,0.0,0,0.0,0
2012-08-16,2012-08-30,OPTSTK,MARUTI,1750.0,CE,0.0,0.0,0.0,2.9,0.0,0,0.0,0
2012-08-16,2012-08-30,OPTSTK,MARUTI,1800.0,CE,0.0,0.0,0.0,2.1,0.0,0,0.0,0
2012-08-16,2012-08-30,OPTSTK,MARUTI,1850.0,CE,0.0,0.0,0.0,1.5,0.0,0,0.0,0
2012-08-16,2012-08-30,OPTSTK,MARUTI,1900.0,CE,0.0,0.0,0.0,1.1,0.0,0,0.0,0
2012-08-16,2012-08-30,OPTSTK,MARUTI,500.0,PE,0.0,0.0,0.0,0.05,0.0,0,0.0,0
2012-08-16,2012-08-30,OPTSTK,MARUTI,550.0,PE,0.0,0.0,0.0,0.05,0.0,0,0.0,0
2012-08-16,2012-08-30,OPTSTK,MARUTI,600.0,PE,0.0,0.0,0.0,0.15,0.0,0,0.0,0
2012-08-16,2012-08-30,OPTSTK,MARUTI,650.0,PE,0.0,0.0,0.0,0.45,0.0,0,0.0,0
2012-08-16,2012-08-30,OPTSTK,MARUTI,700.0,PE,0.0,0.0,0.0,1.2,0.0,0,0.0,0
2012-08-16,2012-08-30,OPTSTK,MARUTI,750.0,PE,0.0,0.0,0.0,2.75,0.0,0,0.0,0
2012-08-16,2012-08-30,OPTSTK,MARUTI,800.0,PE,0.0,0.0,0.0,5.65,0.0,0,0.0,0
2012-08-16,2012-08-30,OPTSTK,MARUTI,850.0,PE,0.0,0.0,0.0,10.6,0.0,0,0.0,0
2012-08-16,2012-08-30,OPTSTK,MARUTI,900.0,PE,0.0,0.0,0.0,0.25,0.05,0,0.0,22500
2012-08-16,2012-08-30,OPTSTK,MARUTI,950.0,PE,0.25,1.25,0.25,1.25,1.25,7,16.63,12750
2012-08-16,2012-08-30,OPTSTK,MARUTI,1000.0,PE,0.75,1.15,0.6,0.6,0.6,21,52.53,109250
2012-08-16,2012-08-30,OPTSTK,MARUTI,1050.0,PE,1.7,1.8,1.25,1.7,1.7,29,76.23,100000
2012-08-16,2012-08-30,OPTSTK,MARUTI,1100.0,PE,1.2,4.35,1.1,3.9,3.9,115,317.27,134250
2012-08-16,2012-08-30,OPTSTK,MARUTI,1150.0,PE,9.45,13.7,7.9,13.0,13.0,202,586.66,55750
2012-08-16,2012-08-30,OPTSTK,MARUTI,1200.0,PE,27.0,37.9,26.65,35.45,35.45,69,212.67,36250
2012-08-16,2012-08-30,OPTSTK,MARUTI,1250.0,PE,71.0,77.65,71.0,77.65,77.65,4,13.23,1000
2012-08-16,2012-08-30,OPTSTK,MARUTI,1300.0,PE,0.0,0.0,0.0,220.0,127.7,0,0.0,250
2012-08-16,2012-08-30,OPTSTK,MARUTI,1350.0,PE,0.0,0.0,0.0,249.3,174.45,0,0.0,0
2012-08-16,2012-08-30,OPTSTK,MARUTI,1400.0,PE,0.0,0.0,0.0,290.35,223.2,0,0.0,0
2012-08-16,2012-08-30,OPTSTK,MARUTI,1450.0,PE,0.0,0.0,0.0,333.1,272.7,0,0.0,0
2012-08-16,2012-08-30,OPTSTK,MARUTI,1500.0,PE,0.0,0.0,0.0,377.25,322.45,0,0.0,0
2012-08-16,2012-08-30,OPTSTK,MARUTI,1550.0,PE,0.0,0.0,0.0,422.5,372.25,0,0.0,0
2012-08-16,2012-08-30,OPTSTK,MARUTI,1600.0,PE,0.0,0.0,0.0,468.65,422.05,0,0.0,0
2012-08-16,2012-08-30,OPTSTK,MARUTI,1650.0,PE,0.0,0.0,0.0,515.45,471.9,0,0.0,0
2012-08-16,2012-08-30,OPTSTK,MARUTI,1700.0,PE,0.0,0.0,0.0,562.8,521.75,0,0.0,0
2012-08-16,2012-08-30,OPTSTK,MARUTI,1750.0,PE,0.0,0.0,0.0,610.5,571.55,0,0.0,0
2012-08-16,2012-08-30,OPTSTK,MARUTI,1800.0,PE,0.0,0.0,0.0,658.5,621.4,0,0.0,0
2012-08-16,2012-08-30,OPTSTK,MARUTI,1850.0,PE,0.0,0.0,0.0,706.7,671.25,0,0.0,0
2012-08-16,2012-08-30,OPTSTK,MARUTI,1900.0,PE,0.0,0.0,0.0,755.05,721.05,0,0.0,0
2012-08-16,2012-09-27,OPTSTK,MARUTI,500.0,CE,0.0,0.0,0.0,632.5,677.8,0,0.0,0
2012-08-16,2012-09-27,OPTSTK,MARUTI,550.0,CE,0.0,0.0,0.0,583.65,628.3,0,0.0,0
2012-08-16,2012-09-27,OPTSTK,MARUTI,600.0,CE,0.0,0.0,0.0,534.85,578.8,0,0.0,0
2012-08-16,2012-09-27,OPTSTK,MARUTI,650.0,CE,0.0,0.0,0.0,486.0,529.35,0,0.0,0
2012-08-16,2012-09-27,OPTSTK,MARUTI,700.0,CE,0.0,0.0,0.0,437.3,479.85,0,0.0,0
2012-08-16,2012-09-27,OPTSTK,MARUTI,750.0,CE,0.0,0.0,0.0,388.85,430.4,0,0.0,0
2012-08-16,2012-09-27,OPTSTK,MARUTI,800.0,CE,0.0,0.0,0.0,340.95,380.95,0,0.0,0
2012-08-16,2012-09-27,OPTSTK,MARUTI,850.0,CE,0.0,0.0,0.0,294.15,331.7,0,0.0,0
2012-08-16,2012-09-27,OPTSTK,MARUTI,900.0,CE,0.0,0.0,0.0,249.25,283.0,0,0.0,0
2012-08-16,2012-09-27,OPTSTK,MARUTI,950.0,CE,0.0,0.0,0.0,207.05,235.5,0,0.0,0
2012-08-16,2012-09-27,OPTSTK,MARUTI,1000.0,CE,0.0,0.0,0.0,168.45,190.3,0,0.0,0
2012-08-16,2012-09-27,OPTSTK,MARUTI,1050.0,CE,0.0,0.0,0.0,134.05,148.7,0,0.0,0
2012-08-16,2012-09-27,OPTSTK,MARUTI,1100.0,CE,0.0,0.0,0.0,70.0,112.0,0,0.0,250
2012-08-16,2012-09-27,OPTSTK,MARUTI,1150.0,CE,0.0,0.0,0.0,40.0,81.15,0,0.0,250
2012-08-16,2012-09-27,OPTSTK,MARUTI,1200.0,CE,0.0,0.0,0.0,40.0,56.5,0,0.0,250
2012-08-16,2012-09-27,OPTSTK,MARUTI,1250.0,CE,22.4,24.55,20.55,20.55,20.55,3,9.54,750
2012-08-16,2012-09-27,OPTSTK,MARUTI,1300.0,CE,15.0,15.0,15.0,15.0,15.0,1,3.28,500
2012-08-16,2012-09-27,OPTSTK,MARUTI,1350.0,CE,0.0,0.0,0.0,22.1,15.15,0,0.0,0
2012-08-16,2012-09-27,OPTSTK,MARUTI,1400.0,CE,0.0,0.0,0.0,15.4,9.1,0,0.0,0
2012-08-16,2012-09-27,OPTSTK,MARUTI,1450.0,CE,0.0,0.0,0.0,10.5,5.3,0,0.0,0
2012-08-16,2012-09-27,OPTSTK,MARUTI,1500.0,CE,0.0,0.0,0.0,7.1,3.0,0,0.0,0
2012-08-16,2012-09-27,OPTSTK,MARUTI,1550.0,CE,0.0,0.0,0.0,4.75,1.65,0,0.0,0
2012-08-16,2012-09-27,OPTSTK,MARUTI,1600.0,CE,0.0,0.0,0.0,3.1,0.9,0,0.0,0
2012-08-16,2012-09-27,OPTSTK,MARUTI,1650.0,CE,0.0,0.0,0.0,2.05,0.45,0,0.0,0
2012-08-16,2012-09-27,OPTSTK,MARUTI,1700.0,CE,0.0,0.0,0.0,1.3,0.25,0,0.0,0
2012-08-16,2012-09-27,OPTSTK,MARUTI,1750.0,CE,0.0,0.0,0.0,0.85,0.15,0,0.0,0
2012-08-16,2012-09-27,OPTSTK,MARUTI,1800.0,CE,0.0,0.0,0.0,0.55,0.05,0,0.0,0
2012-08-16,2012-09-27,OPTSTK,MARUTI,1850.0,CE,0.0,0.0,0.0,0.35,0.05,0,0.0,0
2012-08-16,2012-09-27,OPTSTK,MARUTI,1900.0,CE,0.0,0.0,0.0,0.25,0.05,0,0.0,0
2012-08-16,2012-09-27,OPTSTK,MARUTI,500.0,PE,0.0,0.0,0.0,0.05,0.0,0,0.0,0
2012-08-16,2012-09-27,OPTSTK,MARUTI,550.0,PE,0.0,0.0,0.0,0.05,0.0,0,0.0,0
2012-08-16,2012-09-27,OPTSTK,MARUTI,600.0,PE,0.0,0.0,0.0,0.05,0.0,0,0.0,0
2012-08-16,2012-09-27,OPTSTK,MARUTI,650.0,PE,0.0,0.0,0.0,0.05,0.0,0,0.0,0
2012-08-16,2012-09-27,OPTSTK,MARUTI,700.0,PE,0.0,0.0,0.0,0.15,0.0,0,0.0,0
2012-08-16,2012-09-27,OPTSTK,MARUTI,750.0,PE,0.0,0.0,0.0,0.55,0.05,0,0.0,0
2012-08-16,2012-09-27,OPTSTK,MARUTI,800.0,PE,0.0,0.0,0.0,1.45,0.1,0,0.0,0
2012-08-16,2012-09-27,OPTSTK,MARUTI,850.0,PE,0.0,0.0,0.0,3.55,0.35,0,0.0,0
2012-08-16,2012-09-27,OPTSTK,MARUTI,900.0,PE,0.0,0.0,0.0,7.45,1.1,0,0.0,0
2012-08-16,2012-09-27,OPTSTK,MARUTI,950.0,PE,0.0,0.0,0.0,14.1,3.1,0,0.0,0
2012-08-16,2012-09-27,OPTSTK,MARUTI,1000.0,PE,0.0,0.0,0.0,4.0,7.4,0,0.0,2000
2012-08-16,2012-09-27,OPTSTK,MARUTI,1050.0,PE,0.0,0.0,0.0,7.95,15.25,0,0.0,1000
2012-08-16,2012-09-27,OPTSTK,MARUTI,1100.0,PE,14.95,15.0,14.95,15.0,15.0,5,13.93,14250
2012-08-16,2012-09-27,OPTSTK,MARUTI,1150.0,PE,0.0,0.0,0.0,24.0,46.65,0,0.0,26250
2012-08-16,2012-09-27,OPTSTK,MARUTI,1200.0,PE,0.0,0.0,0.0,50.0,71.5,0,0.0,250
2012-08-16,2012-09-27,OPTSTK,MARUTI,1250.0,PE,0.0,0.0,0.0,143.6,102.3,0,0.0,0
2012-08-16,2012-09-27,OPTSTK,MARUTI,1300.0,PE,0.0,0.0,0.0,180.25,138.4,0,0.0,0
2012-08-16,2012-09-27,OPTSTK,MARUTI,1350.0,PE,0.0,0.0,0.0,219.85,178.6,0,0.0,0
2012-08-16,2012-09-27,OPTSTK,MARUTI,1400.0,PE,0.0,0.0,0.0,261.95,222.05,0,0.0,0
2012-08-16,2012-09-27,OPTSTK,MARUTI,1450.0,PE,0.0,0.0,0.0,305.95,267.7,0,0.0,0
2012-08-16,2012-09-27,OPTSTK,MARUTI,1500.0,PE,0.0,0.0,0.0,351.35,314.85,0,0.0,0
2012-08-16,2012-09-27,OPTSTK,MARUTI,1550.0,PE,0.0,0.0,0.0,397.85,363.0,0,0.0,0
2012-08-16,2012-09-27,OPTSTK,MARUTI,1600.0,PE,0.0,0.0,0.0,445.05,411.75,0,0.0,0
2012-08-16,2012-09-27,OPTSTK,MARUTI,1650.0,PE,0.0,0.0,0.0,492.8,460.8,0,0.0,0
2012-08-16,2012-09-27,OPTSTK,MARUTI,1700.0,PE,0.0,0.0,0.0,540.9,510.05,0,0.0,0
2012-08-16,2012-09-27,OPTSTK,MARUTI,1750.0,PE,0.0,0.0,0.0,589.3,559.45,0,0.0,0
2012-08-16,2012-09-27,OPTSTK,MARUTI,1800.0,PE,0.0,0.0,0.0,637.8,608.85,0,0.0,0
2012-08-16,2012-09-27,OPTSTK,MARUTI,1850.0,PE,0.0,0.0,0.0,686.45,658.3,0,0.0,0
2012-08-16,2012-09-27,OPTSTK,MARUTI,1900.0,PE,0.0,0.0,0.0,735.2,707.8,0,0.0,0
2012-08-16,2012-10-25,OPTSTK,MARUTI,500.0,CE,0.0,0.0,0.0,620.05,681.2,0,0.0,0
2012-08-16,2012-10-25,OPTSTK,MARUTI,550.0,CE,0.0,0.0,0.0,571.45,632.05,0,0.0,0
2012-08-16,2012-10-25,OPTSTK,MARUTI,600.0,CE,0.0,0.0,0.0,523.2,582.9,0,0.0,0
2012-08-16,2012-10-25,OPTSTK,MARUTI,650.0,CE,0.0,0.0,0.0,475.6,533.8,0,0.0,0
2012-08-16,2012-10-25,OPTSTK,MARUTI,700.0,CE,0.0,0.0,0.0,429.0,484.7,0,0.0,0
2012-08-16,2012-10-25,OPTSTK,MARUTI,750.0,CE,0.0,0.0,0.0,383.9,435.7,0,0.0,0
2012-08-16,2012-10-25,OPTSTK,MARUTI,800.0,CE,0.0,0.0,0.0,340.7,387.0,0,0.0,0
2012-08-16,2012-10-25,OPTSTK,MARUTI,850.0,CE,0.0,0.0,0.0,299.9,338.95,0,0.0,0
2012-08-16,2012-10-25,OPTSTK,MARUTI,900.0,CE,0.0,0.0,0.0,261.85,292.1,0,0.0,0
2012-08-16,2012-10-25,OPTSTK,MARUTI,950.0,CE,0.0,0.0,0.0,226.8,247.2,0,0.0,0
2012-08-16,2012-10-25,OPTSTK,MARUTI,1000.0,CE,0.0,0.0,0.0,194.9,205.15,0,0.0,0
2012-08-16,2012-10-25,OPTSTK,MARUTI,1050.0,CE,0.0,0.0,0.0,166.3,166.75,0,0.0,0
2012-08-16,2012-10-25,OPTSTK,MARUTI,1100.0,CE,0.0,0.0,0.0,140.95,132.55,0,0.0,0
2012-08-16,2012-10-25,OPTSTK,MARUTI,1150.0,CE,0.0,0.0,0.0,118.75,103.15,0,0.0,0
2012-08-16,2012-10-25,OPTSTK,MARUTI,1200.0,CE,0.0,0.0,0.0,99.4,78.6,0,0.0,0
2012-08-16,2012-10-25,OPTSTK,MARUTI,1250.0,CE,0.0,0.0,0.0,82.8,58.6,0,0.0,0
2012-08-16,2012-10-25,OPTSTK,MARUTI,1300.0,CE,0.0,0.0,0.0,68.6,42.85,0,0.0,0
2012-08-16,2012-10-25,OPTSTK,MARUTI,1350.0,CE,0.0,0.0,0.0,56.7,30.85,0,0.0,0
2012-08-16,2012-10-25,OPTSTK,MARUTI,1400.0,CE,0.0,0.0,0.0,46.6,21.7,0,0.0,0
2012-08-16,2012-10-25,OPTSTK,MARUTI,1450.0,CE,0.0,0.0,0.0,38.15,15.05,0,0.0,0
2012-08-16,2012-10-25,OPTSTK,MARUTI,1500.0,CE,0.0,0.0,0.0,31.15,10.3,0,0.0,0
2012-08-16,2012-10-25,OPTSTK,MARUTI,1550.0,CE,0.0,0.0,0.0,25.35,6.9,0,0.0,0
2012-08-16,2012-10-25,OPTSTK,MARUTI,1600.0,CE,0.0,0.0,0.0,20.55,4.6,0,0.0,0
2012-08-16,2012-10-25,OPTSTK,MARUTI,1650.0,CE,0.0,0.0,0.0,16.65,3.0,0,0.0,0
2012-08-16,2012-10-25,OPTSTK,MARUTI,1700.0,CE,0.0,0.0,0.0,13.45,1.95,0,0.0,0
2012-08-16,2012-10-25,OPTSTK,MARUTI,1750.0,CE,0.0,0.0,0.0,10.85,1.25,0,0.0,0
2012-08-16,2012-10-25,OPTSTK,MARUTI,1800.0,CE,0.0,0.0,0.0,8.75,0.8,0,0.0,0
2012-08-16,2012-10-25,OPTSTK,MARUTI,1850.0,CE,0.0,0.0,0.0,7.0,0.5,0,0.0,0
2012-08-16,2012-10-25,OPTSTK,MARUTI,1900.0,CE,0.0,0.0,0.0,5.65,0.35,0,0.0,0
2012-08-16,2012-10-25,OPTSTK,MARUTI,500.0,PE,0.0,0.0,0.0,0.15,0.0,0,0.0,0
2012-08-16,2012-10-25,OPTSTK,MARUTI,550.0,PE,0.0,0.0,0.0,0.4,0.0,0,0.0,0
2012-08-16,2012-10-25,OPTSTK,MARUTI,600.0,PE,0.0,0.0,0.0,1.0,0.0,0,0.0,0
2012-08-16,2012-10-25,OPTSTK,MARUTI,650.0,PE,0.0,0.0,0.0,2.3,0.05,0,0.0,0
2012-08-16,2012-10-25,OPTSTK,MARUTI,700.0,PE,0.0,0.0,0.0,4.55,0.05,0,0.0,0
2012-08-16,2012-10-25,OPTSTK,MARUTI,750.0,PE,0.0,0.0,0.0,8.35,0.2,0,0.0,0
2012-08-16,2012-10-25,OPTSTK,MARUTI,800.0,PE,0.0,0.0,0.0,14.0,0.65,0,0.0,0
2012-08-16,2012-10-25,OPTSTK,MARUTI,850.0,PE,0.0,0.0,0.0,22.05,1.75,0,0.0,0
2012-08-16,2012-10-25,OPTSTK,MARUTI,900.0,PE,0.0,0.0,0.0,32.85,4.05,0,0.0,0
2012-08-16,2012-10-25,OPTSTK,MARUTI,950.0,PE,0.0,0.0,0.0,46.7,8.3,0,0.0,0
2012-08-16,2012-10-25,OPTSTK,MARUTI,1000.0,PE,0.0,0.0,0.0,63.65,15.35,0,0.0,0
2012-08-16,2012-10-25,OPTSTK,MARUTI,1050.0,PE,0.0,0.0,0.0,83.95,26.1,0,0.0,0
2012-08-16,2012-10-25,OPTSTK,MARUTI,1100.0,PE,0.0,0.0,0.0,107.45,41.05,0,0.0,0
2012-08-16,2012-10-25,OPTSTK,MARUTI,1150.0,PE,0.0,0.0,0.0,60.0,60.8,0,0.0,250
2012-08-16,2012-10-25,OPTSTK,MARUTI,1200.0,PE,0.0,0.0,0.0,163.65,85.4,0,0.0,0
2012-08-16,2012-10-25,OPTSTK,MARUTI,1250.0,PE,0.0,0.0,0.0,195.9,114.55,0,0.0,0
2012-08-16,2012-10-25,OPTSTK,MARUTI,1300.0,PE,0.0,0.0,0.0,230.55,147.95,0,0.0,0
2012-08-16,2012-10-25,OPTSTK,MARUTI,1350.0,PE,0.0,0.0,0.0,267.5,185.05,0,0.0,0
2012-08-16,2012-10-25,OPTSTK,MARUTI,1400.0,PE,0.0,0.0,0.0,306.3,225.1,0,0.0,0
2012-08-16,2012-10-25,OPTSTK,MARUTI,1450.0,PE,0.0,0.0,0.0,346.7,267.55,0,0.0,0
2012-08-16,2012-10-25,OPTSTK,MARUTI,1500.0,PE,0.0,0.0,0.0,388.55,311.95,0,0.0,0
2012-08-16,2012-10-25,OPTSTK,MARUTI,1550.0,PE,0.0,0.0,0.0,431.6,357.7,0,0.0,0
2012-08-16,2012-10-25,OPTSTK,MARUTI,1600.0,PE,0.0,0.0,0.0,475.7,404.55,0,0.0,0
2012-08-16,2012-10-25,OPTSTK,MARUTI,1650.0,PE,0.0,0.0,0.0,520.65,452.1,0,0.0,0
2012-08-16,2012-10-25,OPTSTK,MARUTI,1700.0,PE,0.0,0.0,0.0,566.3,500.2,0,0.0,0
2012-08-16,2012-10-25,OPTSTK,MARUTI,1750.0,PE,0.0,0.0,0.0,612.55,548.6,0,0.0,0
2012-08-16,2012-10-25,OPTSTK,MARUTI,1800.0,PE,0.0,0.0,0.0,659.3,597.3,0,0.0,0
2012-08-16,2012-10-25,OPTSTK,MARUTI,1850.0,PE,0.0,0.0,0.0,706.45,646.15,0,0.0,0
2012-08-16,2012-10-25,OPTSTK,MARUTI,1900.0,PE,0.0,0.0,0.0,753.95,695.1,0,0.0,0
2012-08-16,2012-08-30,OPTSTK,MAX,100.0,CE,0.0,0.0,0.0,86.85,84.1,0,0.0,0
2012-08-16,2012-08-30,OPTSTK,MAX,110.0,CE,0.0,0.0,0.0,77.1,74.15,0,0.0,0
2012-08-16,2012-08-30,OPTSTK,MAX,120.0,CE,0.0,0.0,0.0,67.35,64.15,0,0.0,0
2012-08-16,2012-08-30,OPTSTK,MAX,130.0,CE,0.0,0.0,0.0,57.8,54.2,0,0.0,0
2012-08-16,2012-08-30,OPTSTK,MAX,140.0,CE,0.0,0.0,0.0,48.45,44.25,0,0.0,0
2012-08-16,2012-08-30,OPTSTK,MAX,150.0,CE,0.0,0.0,0.0,39.6,34.25,0,0.0,0
2012-08-16,2012-08-30,OPTSTK,MAX,160.0,CE,0.0,0.0,0.0,31.45,24.3,0,0.0,0
2012-08-16,2012-08-30,OPTSTK,MAX,170.0,CE,0.0,0.0,0.0,24.2,14.55,0,0.0,0
2012-08-16,2012-08-30,OPTSTK,MAX,180.0,CE,0.0,0.0,0.0,9.0,6.3,0,0.0,2000
2012-08-16,2012-08-30,OPTSTK,MAX,190.0,CE,0.0,0.0,0.0,13.15,1.65,0,0.0,0
2012-08-16,2012-08-30,OPTSTK,MAX,200.0,CE,0.0,0.0,0.0,9.25,0.25,0,0.0,0
2012-08-16,2012-08-30,OPTSTK,MAX,210.0,CE,0.0,0.0,0.0,6.35,0.05,0,0.0,0
2012-08-16,2012-08-30,OPTSTK,MAX,220.0,CE,0.0,0.0,0.0,4.25,0.0,0,0.0,0
2012-08-16,2012-08-30,OPTSTK,MAX,230.0,CE,0.0,0.0,0.0,2.8,0.0,0,0.0,0
2012-08-16,2012-08-30,OPTSTK,MAX,240.0,CE,0.0,0.0,0.0,1.8,0.0,0,0.0,0
2012-08-16,2012-08-30,OPTSTK,MAX,250.0,CE,0.0,0.0,0.0,1.15,0.0,0,0.0,0
2012-08-16,2012-08-30,OPTSTK,MAX,100.0,PE,0.0,0.0,0.0,0.05,0.0,0,0.0,0
2012-08-16,2012-08-30,OPTSTK,MAX,110.0,PE,0.0,0.0,0.0,0.05,0.0,0,0.0,0
2012-08-16,2012-08-30,OPTSTK,MAX,120.0,PE,0.0,0.0,0.0,0.1,0.0,0,0.0,0
2012-08-16,2012-08-30,OPTSTK,MAX,130.0,PE,0.0,0.0,0.0,0.25,0.0,0,0.0,0
2012-08-16,2012-08-30,OPTSTK,MAX,140.0,PE,0.0,0.0,0.0,0.65,0.0,0,0.0,0
2012-08-16,2012-08-30,OPTSTK,MAX,150.0,PE,0.0,0.0,0.0,1.55,0.0,0,0.0,0
2012-08-16,2012-08-30,OPTSTK,MAX,160.0,PE,0.0,0.0,0.0,3.15,0.05,0,0.0,0
2012-08-16,2012-08-30,OPTSTK,MAX,170.0,PE,0.0,0.0,0.0,5.75,0.25,0,0.0,0
2012-08-16,2012-08-30,OPTSTK,MAX,180.0,PE,0.0,0.0,0.0,5.0,1.95,0,0.0,2000
2012-08-16,2012-08-30,OPTSTK,MAX,190.0,PE,0.0,0.0,0.0,14.15,7.25,0,0.0,0
2012-08-16,2012-08-30,OPTSTK,MAX,200.0,PE,0.0,0.0,0.0,20.05,15.85,0,0.0,0
2012-08-16,2012-08-30,OPTSTK,MAX,210.0,PE,0.0,0.0,0.0,26.9,25.6,0,0.0,0
2012-08-16,2012-08-30,OPTSTK,MAX,220.0,PE,0.0,0.0,0.0,34.55,35.55,0,0.0,0
2012-08-16,2012-08-30,OPTSTK,MAX,230.0,PE,0.0,0.0,0.0,42.85,45.5,0,0.0,0
2012-08-16,2012-08-30,OPTSTK,MAX,240.0,PE,0.0,0.0,0.0,51.6,55.45,0,0.0,0
2012-08-16,2012-08-30,OPTSTK,MAX,250.0,PE,0.0,0.0,0.0,60.7,65.45,0,0.0,0
2012-08-16,2012-09-27,OPTSTK,MAX,100.0,CE,0.0,0.0,0.0,91.75,84.8,0,0.0,0
2012-08-16,2012-09-27,OPTSTK,MAX,110.0,CE,0.0,0.0,0.0,82.0,74.9,0,0.0,0
2012-08-16,2012-09-27,OPTSTK,MAX,120.0,CE,0.0,0.0,0.0,72.2,65.0,0,0.0,0
2012-08-16,2012-09-27,OPTSTK,MAX,130.0,CE,0.0,0.0,0.0,62.45,55.1,0,0.0,0
2012-08-16,2012-09-27,OPTSTK,MAX,140.0,CE,0.0,0.0,0.0,52.75,45.2,0,0.0,0
2012-08-16,2012-09-27,OPTSTK,MAX,150.0,CE,0.0,0.0,0.0,43.2,35.35,0,0.0,0
2012-08-16,2012-09-27,OPTSTK,MAX,160.0,CE,0.0,0.0,0.0,34.0,25.7,0,0.0,0
2012-08-16,2012-09-27,OPTSTK,MAX,170.0,CE,0.0,0.0,0.0,25.55,16.85,0,0.0,0
2012-08-16,2012-09-27,OPTSTK,MAX,180.0,CE,0.0,0.0,0.0,18.2,9.6,0,0.0,0
2012-08-16,2012-09-27,OPTSTK,MAX,190.0,CE,0.0,0.0,0.0,12.25,4.65,0,0.0,0
2012-08-16,2012-09-27,OPTSTK,MAX,200.0,CE,0.0,0.0,0.0,7.8,1.9,0,0.0,0
2012-08-16,2012-09-27,OPTSTK,MAX,210.0,CE,0.0,0.0,0.0,4.7,0.65,0,0.0,0
2012-08-16,2012-09-27,OPTSTK,MAX,220.0,CE,0.0,0.0,0.0,2.7,0.2,0,0.0,0
2012-08-16,2012-09-27,OPTSTK,MAX,230.0,CE,0.0,0.0,0.0,1.45,0.05,0,0.0,0
2012-08-16,2012-09-27,OPTSTK,MAX,240.0,CE,0.0,0.0,0.0,0.75,0.05,0,0.0,0
2012-08-16,2012-09-27,OPTSTK,MAX,250.0,CE,0.0,0.0,0.0,0.4,0.0,0,0.0,0
2012-08-16,2012-09-27,OPTSTK,MAX,100.0,PE,0.0,0.0,0.0,0.05,0.0,0,0.0,0
2012-08-16,2012-09-27,OPTSTK,MAX,110.0,PE,0.0,0.0,0.0,0.05,0.0,0,0.0,0
2012-08-16,2012-09-27,OPTSTK,MAX,120.0,PE,0.0,0.0,0.0,0.05,0.0,0,0.0,0
2012-08-16,2012-09-27,OPTSTK,MAX,130.0,PE,0.0,0.0,0.0,0.05,0.0,0,0.0,0
2012-08-16,2012-09-27,OPTSTK,MAX,140.0,PE,0.0,0.0,0.0,0.1,0.0,0,0.0,0
2012-08-16,2012-09-27,OPTSTK,MAX,150.0,PE,0.0,0.0,0.0,0.3,0.05,0,0.0,0
2012-08-16,2012-09-27,OPTSTK,MAX,160.0,PE,0.0,0.0,0.0,0.85,0.3,0,0.0,0
2012-08-16,2012-09-27,OPTSTK,MAX,170.0,PE,0.0,0.0,0.0,2.2,1.3,0,0.0,0
2012-08-16,2012-09-27,OPTSTK,MAX,180.0,PE,0.0,0.0,0.0,4.6,4.0,0,0.0,0
2012-08-16,2012-09-27,OPTSTK,MAX,190.0,PE,0.0,0.0,0.0,8.45,8.95,0,0.0,0
2012-08-16,2012-09-27,OPTSTK,MAX,200.0,PE,0.0,0.0,0.0,13.75,16.1,0,0.0,0
2012-08-16,2012-09-27,OPTSTK,MAX,210.0,PE,0.0,0.0,0.0,20.4,24.75,0,0.0,0
2012-08-16,2012-09-27,OPTSTK,MAX,220.0,PE,0.0,0.0,0.0,28.15,34.2,0,0.0,0
2012-08-16,2012-09-27,OPTSTK,MAX,230.0,PE,0.0,0.0,0.0,36.7,43.95,0,0.0,0
2012-08-16,2012-09-27,OPTSTK,MAX,240.0,PE,0.0,0.0,0.0,45.8,53.8,0,0.0,0
2012-08-16,2012-09-27,OPTSTK,MAX,250.0,PE,0.0,0.0,0.0,55.15,63.7,0,0.0,0
2012-08-16,2012-08-30,OPTSTK,MCDOWELL-N,360.0,CE,0.0,0.0,0.0,220.5,550.3,0,0.0,0
2012-08-16,2012-08-30,OPTSTK,MCDOWELL-N,380.0,CE,0.0,0.0,0.0,204.05,530.4,0,0.0,0
2012-08-16,2012-08-30,OPTSTK,MCDOWELL-N,400.0,CE,0.0,0.0,0.0,188.3,510.45,0,0.0,0
2012-08-16,2012-08-30,OPTSTK,MCDOWELL-N,420.0,CE,0.0,0.0,0.0,173.35,490.5,0,0.0,0
2012-08-16,2012-08-30,OPTSTK,MCDOWELL-N,440.0,CE,0.0,0.0,0.0,159.15,470.6,0,0.0,0
2012-08-16,2012-08-30,OPTSTK,MCDOWELL-N,460.0,CE,0.0,0.0,0.0,145.8,450.65,0,0.0,0
2012-08-16,2012-08-30,OPTSTK,MCDOWELL-N,480.0,CE,0.0,0.0,0.0,133.25,430.7,0,0.0,0
2012-08-16,2012-08-30,OPTSTK,MCDOWELL-N,500.0,CE,0.0,0.0,0.0,121.5,410.8,0,0.0,0
2012-08-16,2012-08-30,OPTSTK,MCDOWELL-N,520.0,CE,0.0,0.0,0.0,110.6,390.85,0,0.0,0
2012-08-16,2012-08-30,OPTSTK,MCDOWELL-N,540.0,CE,0.0,0.0,0.0,100.5,370.95,0,0.0,0
2012-08-16,2012-08-30,OPTSTK,MCDOWELL-N,560.0,CE,0.0,0.0,0.0,91.2,351.0,0,0.0,0
2012-08-16,2012-08-30,OPTSTK,MCDOWELL-N,580.0,CE,0.0,0.0,0.0,82.6,331.1,0,0.0,0
2012-08-16,2012-08-30,OPTSTK,MCDOWELL-N,600.0,CE,0.0,0.0,0.0,74.7,311.2,0,0.0,0
2012-08-16,2012-08-30,OPTSTK,MCDOWELL-N,620.0,CE,0.0,0.0,0.0,67.5,291.35,0,0.0,0
2012-08-16,2012-08-30,OPTSTK,MCDOWELL-N,640.0,CE,0.0,0.0,0.0,60.9,271.55,0,0.0,0
2012-08-16,2012-08-30,OPTSTK,MCDOWELL-N,660.0,CE,0.0,0.0,0.0,54.9,251.85,0,0.0,0
2012-08-16,2012-08-30,OPTSTK,MCDOWELL-N,680.0,CE,0.0,0.0,0.0,49.45,232.35,0,0.0,0
2012-08-16,2012-08-30,OPTSTK,MCDOWELL-N,700.0,CE,0.0,0.0,0.0,135.4,213.05,0,0.0,10000
2012-08-16,2012-08-30,OPTSTK,MCDOWELL-N,720.0,CE,0.0,0.0,0.0,123.8,194.15,0,0.0,6000
2012-08-16,2012-08-30,OPTSTK,MCDOWELL-N,740.0,CE,177.0,178.0,177.0,178.0,178.0,3,13.76,24500
2012-08-16,2012-08-30,OPTSTK,MCDOWELL-N,760.0,CE,160.0,160.0,159.0,159.0,159.0,2,9.19,26000
2012-08-16,2012-08-30,OPTSTK,MCDOWELL-N,780.0,CE,140.0,152.0,140.0,152.0,152.0,7,32.45,80500
2012-08-16,2012-08-30,OPTSTK,MCDOWELL-N,800.0,CE,115.0,132.0,110.65,132.0,132.0,36,166.47,181000
2012-08-16,2012-08-30,OPTSTK,MCDOWELL-N,820.0,CE,97.0,115.0,97.0,104.0,104.0,24,111.61,118500
2012-08-16,2012-08-30,OPTSTK,MCDOWELL-N,840.0,CE,87.6,97.55,82.0,96.1,96.1,19,88.48,91000
2012-08-16,2012-08-30,OPTSTK,MCDOWELL-N,860.0,CE,62.0,83.0,58.0,74.8,74.8,36,167.51,113000
2012-08-16,2012-08-30,OPTSTK,MCDOWELL-N,880.0,CE,50.05,70.5,48.05,58.75,58.75,74,347.22,105500
2012-08-16,2012-08-30,OPTSTK,MCDOWELL-N,900.0,CE,39.0,58.0,35.8,47.95,47.95,737,3493.43,469000
2012-08-16,2012-08-30,OPTSTK,MCDOWELL-N,920.0,CE,30.0,47.5,28.0,37.5,37.5,938,4493.47,163500
2012-08-16,2012-08-30,OPTSTK,MCDOWELL-N,940.0,CE,23.9,38.7,21.0,29.4,29.4,651,3156.52,195000
2012-08-16,2012-08-30,OPTSTK,MCDOWELL-N,960.0,CE,16.0,31.0,16.0,23.05,23.05,852,4197.28,320500
2012-08-16,2012-08-30,OPTSTK,MCDOWELL-N,980.0,CE,13.7,24.2,12.0,17.85,17.85,605,3020.78,316000
2012-08-16,2012-08-30,OPTSTK,MCDOWELL-N,1000.0,CE,12.0,18.9,8.75,13.35,13.35,1030,5224.24,415000
2012-08-16,2012-08-30,OPTSTK,MCDOWELL-N,1020.0,CE,7.0,14.75,7.0,9.85,9.85,222,1144.09,99500
2012-08-16,2012-08-30,OPTSTK,MCDOWELL-N,1040.0,CE,5.9,10.85,5.15,7.05,7.05,136,712.78,53500
2012-08-16,2012-08-30,OPTSTK,MCDOWELL-N,1060.0,CE,3.5,8.9,3.5,5.15,5.15,127,676.98,62500
2012-08-16,2012-08-30,OPTSTK,MCDOWELL-N,1080.0,CE,4.0,5.8,2.7,3.25,3.25,28,151.82,11000
2012-08-16,2012-08-30,OPTSTK,MCDOWELL-N,1100.0,CE,2.8,3.9,2.05,2.45,2.45,40,220.59,22500
2012-08-16,2012-08-30,OPTSTK,MCDOWELL-N,1120.0,CE,2.65,2.65,2.65,2.65,2.65,3,16.83,1500
2012-08-16,2012-08-30,OPTSTK,MCDOWELL-N,360.0,PE,0.0,0.0,0.0,8.1,0.0,0,0.0,0
2012-08-16,2012-08-30,OPTSTK,MCDOWELL-N,380.0,PE,0.0,0.0,0.0,11.2,0.0,0,0.0,0
2012-08-16,2012-08-30,OPTSTK,MCDOWELL-N,400.0,PE,0.0,0.0,0.0,14.95,0.0,0,0.0,0
2012-08-16,2012-08-30,OPTSTK,MCDOWELL-N,420.0,PE,0.0,0.0,0.0,19.5,0.0,0,0.0,0
2012-08-16,2012-08-30,OPTSTK,MCDOWELL-N,440.0,PE,0.0,0.0,0.0,24.85,0.0,0,0.0,0
2012-08-16,2012-08-30,OPTSTK,MCDOWELL-N,460.0,PE,0.0,0.0,0.0,31.0,0.0,0,0.0,0
2012-08-16,2012-08-30,OPTSTK,MCDOWELL-N,480.0,PE,0.0,0.0,0.0,37.95,0.0,0,0.0,0
2012-08-16,2012-08-30,OPTSTK,MCDOWELL-N,500.0,PE,0.0,0.0,0.0,45.75,0.0,0,0.0,0
2012-08-16,2012-08-30,OPTSTK,MCDOWELL-N,520.0,PE,0.0,0.0,0.0,54.4,0.0,0,0.0,0
2012-08-16,2012-08-30,OPTSTK,MCDOWELL-N,540.0,PE,0.0,0.0,0.0,63.8,0.0,0,0.0,0
2012-08-16,2012-08-30,OPTSTK,MCDOWELL-N,560.0,PE,0.0,0.0,0.0,74.0,0.05,0,0.0,0
2012-08-16,2012-08-30,OPTSTK,MCDOWELL-N,580.0,PE,0.0,0.0,0.0,84.9,0.05,0,0.0,0
2012-08-16,2012-08-30,OPTSTK,MCDOWELL-N,600.0,PE,0.0,0.0,0.0,96.55,0.1,0,0.0,0
2012-08-16,2012-08-30,OPTSTK,MCDOWELL-N,620.0,PE,0.0,0.0,0.0,1.5,0.15,0,0.0,1000
2012-08-16,2012-08-30,OPTSTK,MCDOWELL-N,640.0,PE,0.0,0.0,0.0,0.6,0.3,0,0.0,6000
2012-08-16,2012-08-30,OPTSTK,MCDOWELL-N,660.0,PE,0.6,0.6,0.6,0.6,0.6,1,3.3,11000
2012-08-16,2012-08-30,OPTSTK,MCDOWELL-N,680.0,PE,0.5,0.5,0.5,0.5,0.5,1,3.4,13500
2012-08-16,2012-08-30,OPTSTK,MCDOWELL-N,700.0,PE,0.45,0.8,0.45,0.8,0.8,6,21.01,64500
2012-08-16,2012-08-30,OPTSTK,MCDOWELL-N,720.0,PE,0.6,0.6,0.6,0.6,0.6,4,14.41,33500
2012-08-16,2012-08-30,OPTSTK,MCDOWELL-N,740.0,PE,2.0,2.0,1.1,1.5,1.5,10,37.07,71000
2012-08-16,2012-08-30,OPTSTK,MCDOWELL-N,760.0,PE,2.05,3.0,2.05,2.6,2.6,17,64.79,72500
2012-08-16,2012-08-30,OPTSTK,MCDOWELL-N,780.0,PE,4.2,4.45,2.8,3.75,3.75,39,152.78,168000
2012-08-16,2012-08-30,OPTSTK,MCDOWELL-N,800.0,PE,7.0,7.0,4.5,5.5,5.5,89,358.38,227500
2012-08-16,2012-08-30,OPTSTK,MCDOWELL-N,820.0,PE,9.0,10.5,7.0,8.25,8.25,150,621.39,119500
2012-08-16,2012-08-30,OPTSTK,MCDOWELL-N,840.0,PE,14.7,15.2,9.35,11.8,11.8,195,830.72,88000
2012-08-16,2012-08-30,OPTSTK,MCDOWELL-N,860.0,PE,18.65,21.5,14.05,17.3,17.3,250,1096.73,97500
2012-08-16,2012-08-30,OPTSTK,MCDOWELL-N,880.0,PE,26.65,30.0,20.0,24.05,24.05,234,1058.15,106000
2012-08-16,2012-08-30,OPTSTK,MCDOWELL-N,900.0,PE,35.0,37.95,27.55,33.4,33.4,352,1641.04,124000
2012-08-16,2012-08-30,OPTSTK,MCDOWELL-N,920.0,PE,40.2,46.9,37.3,43.0,43.0,29,139.38,35000
2012-08-16,2012-08-30,OPTSTK,MCDOWELL-N,940.0,PE,60.5,60.5,54.75,54.75,54.75,2,9.97,1500
2012-08-16,2012-08-30,OPTSTK,MCDOWELL-N,960.0,PE,0.0,0.0,0.0,62.1,81.35,0,0.0,500
2012-08-16,2012-08-30,OPTSTK,MCDOWELL-N,980.0,PE,0.0,0.0,0.0,385.2,95.1,0,0.0,0
2012-08-16,2012-08-30,OPTSTK,MCDOWELL-N,1000.0,PE,0.0,0.0,0.0,105.0,109.85,0,0.0,500
2012-08-16,2012-08-30,OPTSTK,MCDOWELL-N,1020.0,PE,0.0,0.0,0.0,388.85,125.35,0,0.0,0
2012-08-16,2012-08-30,OPTSTK,MCDOWELL-N,1040.0,PE,0.0,0.0,0.0,389.4,141.65,0,0.0,0
2012-08-16,2012-08-30,OPTSTK,MCDOWELL-N,1060.0,PE,0.0,0.0,0.0,369.95,158.6,0,0.0,0
2012-08-16,2012-08-30,OPTSTK,MCDOWELL-N,1080.0,PE,0.0,0.0,0.0,388.35,176.1,0,0.0,0
2012-08-16,2012-08-30,OPTSTK,MCDOWELL-N,1100.0,PE,0.0,0.0,0.0,374.45,194.1,0,0.0,0
2012-08-16,2012-08-30,OPTSTK,MCDOWELL-N,1120.0,PE,0.0,0.0,0.0,393.55,212.5,0,0.0,0
2012-08-16,2012-09-27,OPTSTK,MCDOWELL-N,360.0,CE,0.0,0.0,0.0,312.3,552.85,0,0.0,0
2012-08-16,2012-09-27,OPTSTK,MCDOWELL-N,380.0,CE,0.0,0.0,0.0,293.35,533.05,0,0.0,0
2012-08-16,2012-09-27,OPTSTK,MCDOWELL-N,400.0,CE,0.0,0.0,0.0,274.65,513.25,0,0.0,0
2012-08-16,2012-09-27,OPTSTK,MCDOWELL-N,420.0,CE,0.0,0.0,0.0,256.35,493.5,0,0.0,0
2012-08-16,2012-09-27,OPTSTK,MCDOWELL-N,440.0,CE,0.0,0.0,0.0,238.5,473.75,0,0.0,0
2012-08-16,2012-09-27,OPTSTK,MCDOWELL-N,460.0,CE,0.0,0.0,0.0,221.1,454.05,0,0.0,0
2012-08-16,2012-09-27,OPTSTK,MCDOWELL-N,480.0,CE,0.0,0.0,0.0,204.35,434.35,0,0.0,0
2012-08-16,2012-09-27,OPTSTK,MCDOWELL-N,500.0,CE,0.0,0.0,0.0,188.2,414.75,0,0.0,0
2012-08-16,2012-09-27,OPTSTK,MCDOWELL-N,520.0,CE,0.0,0.0,0.0,172.8,395.2,0,0.0,0
2012-08-16,2012-09-27,OPTSTK,MCDOWELL-N,540.0,CE,0.0,0.0,0.0,158.1,375.85,0,0.0,0
2012-08-16,2012-09-27,OPTSTK,MCDOWELL-N,560.0,CE,0.0,0.0,0.0,144.25,356.6,0,0.0,0
2012-08-16,2012-09-27,OPTSTK,MCDOWELL-N,580.0,CE,0.0,0.0,0.0,131.2,337.6,0,0.0,0
2012-08-16,2012-09-27,OPTSTK,MCDOWELL-N,600.0,CE,0.0,0.0,0.0,118.95,318.8,0,0.0,0
2012-08-16,2012-09-27,OPTSTK,MCDOWELL-N,620.0,CE,0.0,0.0,0.0,107.55,300.35,0,0.0,0
2012-08-16,2012-09-27,OPTSTK,MCDOWELL-N,640.0,CE,0.0,0.0,0.0,97.05,282.3,0,0.0,0
2012-08-16,2012-09-27,OPTSTK,MCDOWELL-N,660.0,CE,0.0,0.0,0.0,87.3,264.6,0,0.0,0
2012-08-16,2012-09-27,OPTSTK,MCDOWELL-N,680.0,CE,0.0,0.0,0.0,78.35,247.4,0,0.0,0
2012-08-16,2012-09-27,OPTSTK,MCDOWELL-N,700.0,CE,0.0,0.0,0.0,70.15,230.75,0,0.0,0
2012-08-16,2012-09-27,OPTSTK,MCDOWELL-N,720.0,CE,0.0,0.0,0.0,62.7,214.6,0,0.0,0
2012-08-16,2012-09-27,OPTSTK,MCDOWELL-N,740.0,CE,0.0,0.0,0.0,55.9,199.1,0,0.0,0
2012-08-16,2012-09-27,OPTSTK,MCDOWELL-N,760.0,CE,0.0,0.0,0.0,49.75,184.3,0,0.0,0
2012-08-16,2012-09-27,OPTSTK,MCDOWELL-N,780.0,CE,0.0,0.0,0.0,44.2,170.1,0,0.0,0
2012-08-16,2012-09-27,OPTSTK,MCDOWELL-N,800.0,CE,0.0,0.0,0.0,39.25,156.6,0,0.0,0
2012-08-16,2012-09-27,OPTSTK,MCDOWELL-N,820.0,CE,0.0,0.0,0.0,34.8,143.8,0,0.0,0
2012-08-16,2012-09-27,OPTSTK,MCDOWELL-N,840.0,CE,0.0,0.0,0.0,54.25,131.75,0,0.0,2000
2012-08-16,2012-09-27,OPTSTK,MCDOWELL-N,860.0,CE,0.0,0.0,0.0,27.2,120.4,0,0.0,0
2012-08-16,2012-09-27,OPTSTK,MCDOWELL-N,880.0,CE,0.0,0.0,0.0,92.05,109.8,0,0.0,0
2012-08-16,2012-09-27,OPTSTK,MCDOWELL-N,900.0,CE,75.85,75.85,75.8,75.85,75.85,2,9.75,17000
2012-08-16,2012-09-27,OPTSTK,MCDOWELL-N,920.0,CE,0.0,0.0,0.0,59.5,90.75,0,0.0,9500
2012-08-16,2012-09-27,OPTSTK,MCDOWELL-N,940.0,CE,64.0,65.0,60.0,60.0,60.0,7,35.14,42500
2012-08-16,2012-09-27,OPTSTK,MCDOWELL-N,960.0,CE,0.0,0.0,0.0,42.05,74.35,0,0.0,24500
2012-08-16,2012-09-27,OPTSTK,MCDOWELL-N,980.0,CE,46.35,46.35,46.35,46.35,46.35,1,5.13,7000
2012-08-16,2012-09-27,OPTSTK,MCDOWELL-N,1000.0,CE,38.0,48.8,36.95,42.25,42.25,351,1828.82,1412000
2012-08-16,2012-09-27,OPTSTK,MCDOWELL-N,1020.0,CE,34.9,42.85,34.9,37.3,37.3,6,31.78,20500
2012-08-16,2012-09-27,OPTSTK,MCDOWELL-N,1040.0,CE,30.0,32.15,29.5,32.15,32.15,3,16.05,14000
2012-08-16,2012-09-27,OPTSTK,MCDOWELL-N,1060.0,CE,33.0,33.0,33.0,33.0,33.0,2,10.93,2500
2012-08-16,2012-09-27,OPTSTK,MCDOWELL-N,1080.0,CE,0.0,0.0,0.0,8.2,39.15,0,0.0,0
2012-08-16,2012-09-27,OPTSTK,MCDOWELL-N,1100.0,CE,20.05,20.05,20.0,20.0,20.0,4,22.4,2500
2012-08-16,2012-09-27,OPTSTK,MCDOWELL-N,1120.0,CE,0.0,0.0,0.0,8.85,31.25,0,0.0,0
2012-08-16,2012-09-27,OPTSTK,MCDOWELL-N,360.0,PE,0.0,0.0,0.0,0.9,0.0,0,0.0,0
2012-08-16,2012-09-27,OPTSTK,MCDOWELL-N,380.0,PE,0.0,0.0,0.0,1.5,0.05,0,0.0,0
2012-08-16,2012-09-27,OPTSTK,MCDOWELL-N,400.0,PE,0.0,0.0,0.0,2.35,0.05,0,0.0,0
2012-08-16,2012-09-27,OPTSTK,MCDOWELL-N,420.0,PE,0.0,0.0,0.0,3.6,0.05,0,0.0,0
2012-08-16,2012-09-27,OPTSTK,MCDOWELL-N,440.0,PE,0.0,0.0,0.0,5.25,0.1,0,0.0,0
2012-08-16,2012-09-27,OPTSTK,MCDOWELL-N,460.0,PE,0.0,0.0,0.0,7.4,0.15,0,0.0,0
2012-08-16,2012-09-27,OPTSTK,MCDOWELL-N,480.0,PE,0.0,0.0,0.0,10.15,0.3,0,0.0,0
2012-08-16,2012-09-27,OPTSTK,MCDOWELL-N,500.0,PE,0.0,0.0,0.0,13.55,0.45,0,0.0,0
2012-08-16,2012-09-27,OPTSTK,MCDOWELL-N,520.0,PE,0.0,0.0,0.0,17.7,0.75,0,0.0,0
2012-08-16,2012-09-27,OPTSTK,MCDOWELL-N,540.0,PE,0.0,0.0,0.0,22.55,1.15,0,0.0,0
2012-08-16,2012-09-27,OPTSTK,MCDOWELL-N,560.0,PE,0.0,0.0,0.0,28.2,1.7,0,0.0,0
2012-08-16,2012-09-27,OPTSTK,MCDOWELL-N,580.0,PE,0.0,0.0,0.0,34.7,2.5,0,0.0,0
2012-08-16,2012-09-27,OPTSTK,MCDOWELL-N,600.0,PE,0.0,0.0,0.0,42.0,3.5,0,0.0,0
2012-08-16,2012-09-27,OPTSTK,MCDOWELL-N,620.0,PE,0.0,0.0,0.0,50.15,4.85,0,0.0,0
2012-08-16,2012-09-27,OPTSTK,MCDOWELL-N,640.0,PE,0.0,0.0,0.0,59.15,6.55,0,0.0,0
2012-08-16,2012-09-27,OPTSTK,MCDOWELL-N,660.0,PE,0.0,0.0,0.0,68.95,8.7,0,0.0,0
2012-08-16,2012-09-27,OPTSTK,MCDOWELL-N,680.0,PE,0.0,0.0,0.0,79.55,11.3,0,0.0,0
2012-08-16,2012-09-27,OPTSTK,MCDOWELL-N,700.0,PE,0.0,0.0,0.0,90.9,14.4,0,0.0,0
2012-08-16,2012-09-27,OPTSTK,MCDOWELL-N,720.0,PE,0.0,0.0,0.0,102.95,18.1,0,0.0,0
2012-08-16,2012-09-27,OPTSTK,MCDOWELL-N,740.0,PE,0.0,0.0,0.0,115.7,22.35,0,0.0,0
2012-08-16,2012-09-27,OPTSTK,MCDOWELL-N,760.0,PE,0.0,0.0,0.0,21.85,27.3,0,0.0,3000
2012-08-16,2012-09-27,OPTSTK,MCDOWELL-N,780.0,PE,0.0,0.0,0.0,143.05,32.9,0,0.0,0
2012-08-16,2012-09-27,OPTSTK,MCDOWELL-N,800.0,PE,19.0,24.5,19.0,23.95,23.95,12,49.37,55000
2012-08-16,2012-09-27,OPTSTK,MCDOWELL-N,820.0,PE,0.0,0.0,0.0,172.7,46.2,0,0.0,0
2012-08-16,2012-09-27,OPTSTK,MCDOWELL-N,840.0,PE,0.0,0.0,0.0,188.25,53.95,0,0.0,0
2012-08-16,2012-09-27,OPTSTK,MCDOWELL-N,860.0,PE,0.0,0.0,0.0,204.2,62.45,0,0.0,0
2012-08-16,2012-09-27,OPTSTK,MCDOWELL-N,880.0,PE,0.0,0.0,0.0,220.5,71.65,0,0.0,0
2012-08-16,2012-09-27,OPTSTK,MCDOWELL-N,900.0,PE,0.0,0.0,0.0,237.2,81.55,0,0.0,0
2012-08-16,2012-09-27,OPTSTK,MCDOWELL-N,920.0,PE,0.0,0.0,0.0,254.2,92.1,0,0.0,0
2012-08-16,2012-09-27,OPTSTK,MCDOWELL-N,940.0,PE,0.0,0.0,0.0,271.5,103.4,0,0.0,0
2012-08-16,2012-09-27,OPTSTK,MCDOWELL-N,960.0,PE,0.0,0.0,0.0,289.05,115.3,0,0.0,0
2012-08-16,2012-09-27,OPTSTK,MCDOWELL-N,980.0,PE,0.0,0.0,0.0,306.8,127.85,0,0.0,0
2012-08-16,2012-09-27,OPTSTK,MCDOWELL-N,1000.0,PE,0.0,0.0,0.0,324.8,141.0,0,0.0,0
2012-08-16,2012-09-27,OPTSTK,MCDOWELL-N,1020.0,PE,0.0,0.0,0.0,342.95,154.7,0,0.0,0
2012-08-16,2012-09-27,OPTSTK,MCDOWELL-N,1040.0,PE,0.0,0.0,0.0,361.3,168.9,0,0.0,0
2012-08-16,2012-09-27,OPTSTK,MCDOWELL-N,1060.0,PE,0.0,0.0,0.0,379.8,183.7,0,0.0,0
2012-08-16,2012-09-27,OPTSTK,MCDOWELL-N,1080.0,PE,0.0,0.0,0.0,377.6,198.9,0,0.0,0
2012-08-16,2012-09-27,OPTSTK,MCDOWELL-N,1100.0,PE,0.0,0.0,0.0,372.75,214.55,0,0.0,0
2012-08-16,2012-09-27,OPTSTK,MCDOWELL-N,1120.0,PE,0.0,0.0,0.0,391.15,230.55,0,0.0,0
2012-08-16,2012-10-25,OPTSTK,MCDOWELL-N,360.0,CE,0.0,0.0,0.0,393.85,555.4,0,0.0,0
2012-08-16,2012-10-25,OPTSTK,MCDOWELL-N,380.0,CE,0.0,0.0,0.0,374.45,535.85,0,0.0,0
2012-08-16,2012-10-25,OPTSTK,MCDOWELL-N,400.0,CE,0.0,0.0,0.0,355.15,516.3,0,0.0,0
2012-08-16,2012-10-25,OPTSTK,MCDOWELL-N,420.0,CE,0.0,0.0,0.0,336.0,496.85,0,0.0,0
2012-08-16,2012-10-25,OPTSTK,MCDOWELL-N,440.0,CE,0.0,0.0,0.0,317.05,477.45,0,0.0,0
2012-08-16,2012-10-25,OPTSTK,MCDOWELL-N,460.0,CE,0.0,0.0,0.0,298.4,458.2,0,0.0,0
2012-08-16,2012-10-25,OPTSTK,MCDOWELL-N,480.0,CE,0.0,0.0,0.0,280.0,439.1,0,0.0,0
2012-08-16,2012-10-25,OPTSTK,MCDOWELL-N,500.0,CE,0.0,0.0,0.0,262.0,420.2,0,0.0,0
2012-08-16,2012-10-25,OPTSTK,MCDOWELL-N,520.0,CE,0.0,0.0,0.0,244.45,401.5,0,0.0,0
2012-08-16,2012-10-25,OPTSTK,MCDOWELL-N,540.0,CE,0.0,0.0,0.0,227.4,383.05,0,0.0,0
2012-08-16,2012-10-25,OPTSTK,MCDOWELL-N,560.0,CE,0.0,0.0,0.0,210.9,364.9,0,0.0,0
2012-08-16,2012-10-25,OPTSTK,MCDOWELL-N,580.0,CE,0.0,0.0,0.0,195.05,347.05,0,0.0,0
2012-08-16,2012-10-25,OPTSTK,MCDOWELL-N,600.0,CE,0.0,0.0,0.0,179.85,329.6,0,0.0,0
2012-08-16,2012-10-25,OPTSTK,MCDOWELL-N,620.0,CE,0.0,0.0,0.0,165.4,312.55,0,0.0,0
2012-08-16,2012-10-25,OPTSTK,MCDOWELL-N,640.0,CE,0.0,0.0,0.0,151.7,295.95,0,0.0,0
2012-08-16,2012-10-25,OPTSTK,MCDOWELL-N,660.0,CE,0.0,0.0,0.0,138.7,279.85,0,0.0,0
2012-08-16,2012-10-25,OPTSTK,MCDOWELL-N,680.0,CE,0.0,0.0,0.0,126.5,264.2,0,0.0,0
2012-08-16,2012-10-25,OPTSTK,MCDOWELL-N,700.0,CE,0.0,0.0,0.0,115.1,249.05,0,0.0,0
2012-08-16,2012-10-25,OPTSTK,MCDOWELL-N,720.0,CE,0.0,0.0,0.0,104.45,234.5,0,0.0,0
2012-08-16,2012-10-25,OPTSTK,MCDOWELL-N,740.0,CE,0.0,0.0,0.0,94.6,220.5,0,0.0,0
2012-08-16,2012-10-25,OPTSTK,MCDOWELL-N,760.0,CE,0.0,0.0,0.0,85.45,207.0,0,0.0,0
2012-08-16,2012-10-25,OPTSTK,MCDOWELL-N,780.0,CE,0.0,0.0,0.0,77.05,194.15,0,0.0,0
2012-08-16,2012-10-25,OPTSTK,MCDOWELL-N,800.0,CE,0.0,0.0,0.0,69.3,181.8,0,0.0,0
2012-08-16,2012-10-25,OPTSTK,MCDOWELL-N,820.0,CE,0.0,0.0,0.0,62.25,170.05,0,0.0,0
2012-08-16,2012-10-25,OPTSTK,MCDOWELL-N,840.0,CE,0.0,0.0,0.0,55.8,158.9,0,0.0,0
2012-08-16,2012-10-25,OPTSTK,MCDOWELL-N,860.0,CE,0.0,0.0,0.0,49.9,148.35,0,0.0,0
2012-08-16,2012-10-25,OPTSTK,MCDOWELL-N,880.0,CE,0.0,0.0,0.0,44.6,138.3,0,0.0,0
2012-08-16,2012-10-25,OPTSTK,MCDOWELL-N,900.0,CE,0.0,0.0,0.0,39.8,128.8,0,0.0,0
2012-08-16,2012-10-25,OPTSTK,MCDOWELL-N,920.0,CE,0.0,0.0,0.0,35.45,119.85,0,0.0,0
2012-08-16,2012-10-25,OPTSTK,MCDOWELL-N,940.0,CE,0.0,0.0,0.0,31.55,111.45,0,0.0,0
2012-08-16,2012-10-25,OPTSTK,MCDOWELL-N,960.0,CE,0.0,0.0,0.0,28.0,103.5,0,0.0,0
2012-08-16,2012-10-25,OPTSTK,MCDOWELL-N,980.0,CE,0.0,0.0,0.0,24.85,96.05,0,0.0,0
2012-08-16,2012-10-25,OPTSTK,MCDOWELL-N,1000.0,CE,0.0,0.0,0.0,22.0,89.1,0,0.0,0
2012-08-16,2012-10-25,OPTSTK,MCDOWELL-N,1020.0,CE,0.0,0.0,0.0,19.5,82.55,0,0.0,0
2012-08-16,2012-10-25,OPTSTK,MCDOWELL-N,1040.0,CE,0.0,0.0,0.0,17.25,76.45,0,0.0,0
2012-08-16,2012-10-25,OPTSTK,MCDOWELL-N,1060.0,CE,0.0,0.0,0.0,15.25,70.75,0,0.0,0
2012-08-16,2012-10-25,OPTSTK,MCDOWELL-N,1080.0,CE,0.0,0.0,0.0,13.45,65.4,0,0.0,0
2012-08-16,2012-10-25,OPTSTK,MCDOWELL-N,1100.0,CE,0.0,0.0,0.0,11.85,60.5,0,0.0,0
2012-08-16,2012-10-25,OPTSTK,MCDOWELL-N,1120.0,CE,0.0,0.0,0.0,10.45,55.85,0,0.0,0
2012-08-16,2012-10-25,OPTSTK,MCDOWELL-N,360.0,PE,0.0,0.0,0.0,0.2,0.1,0,0.0,0
2012-08-16,2012-10-25,OPTSTK,MCDOWELL-N,380.0,PE,0.0,0.0,0.0,0.35,0.2,0,0.0,0
2012-08-16,2012-10-25,OPTSTK,MCDOWELL-N,400.0,PE,0.0,0.0,0.0,0.65,0.35,0,0.0,0
2012-08-16,2012-10-25,OPTSTK,MCDOWELL-N,420.0,PE,0.0,0.0,0.0,1.05,0.55,0,0.0,0
2012-08-16,2012-10-25,OPTSTK,MCDOWELL-N,440.0,PE,0.0,0.0,0.0,1.65,0.8,0,0.0,0
2012-08-16,2012-10-25,OPTSTK,MCDOWELL-N,460.0,PE,0.0,0.0,0.0,2.5,1.2,0,0.0,0
2012-08-16,2012-10-25,OPTSTK,MCDOWELL-N,480.0,PE,0.0,0.0,0.0,3.65,1.75,0,0.0,0
2012-08-16,2012-10-25,OPTSTK,MCDOWELL-N,500.0,PE,0.0,0.0,0.0,5.2,2.5,0,0.0,0
2012-08-16,2012-10-25,OPTSTK,MCDOWELL-N,520.0,PE,0.0,0.0,0.0,7.2,3.45,0,0.0,0
2012-08-16,2012-10-25,OPTSTK,MCDOWELL-N,540.0,PE,0.0,0.0,0.0,9.7,4.65,0,0.0,0
2012-08-16,2012-10-25,OPTSTK,MCDOWELL-N,560.0,PE,0.0,0.0,0.0,12.75,6.15,0,0.0,0
2012-08-16,2012-10-25,OPTSTK,MCDOWELL-N,580.0,PE,0.0,0.0,0.0,16.45,8.0,0,0.0,0
2012-08-16,2012-10-25,OPTSTK,MCDOWELL-N,600.0,PE,0.0,0.0,0.0,20.8,10.2,0,0.0,0
2012-08-16,2012-10-25,OPTSTK,MCDOWELL-N,620.0,PE,0.0,0.0,0.0,25.9,12.8,0,0.0,0
2012-08-16,2012-10-25,OPTSTK,MCDOWELL-N,640.0,PE,0.0,0.0,0.0,31.7,15.85,0,0.0,0
2012-08-16,2012-10-25,OPTSTK,MCDOWELL-N,660.0,PE,0.0,0.0,0.0,38.25,19.4,0,0.0,0
2012-08-16,2012-10-25,OPTSTK,MCDOWELL-N,680.0,PE,0.0,0.0,0.0,45.6,23.4,0,0.0,0
2012-08-16,2012-10-25,OPTSTK,MCDOWELL-N,700.0,PE,0.0,0.0,0.0,53.75,27.95,0,0.0,0
2012-08-16,2012-10-25,OPTSTK,MCDOWELL-N,720.0,PE,0.0,0.0,0.0,62.65,33.05,0,0.0,0
2012-08-16,2012-10-25,OPTSTK,MCDOWELL-N,740.0,PE,0.0,0.0,0.0,72.35,38.7,0,0.0,0
2012-08-16,2012-10-25,OPTSTK,MCDOWELL-N,760.0,PE,0.0,0.0,0.0,82.75,44.85,0,0.0,0
2012-08-16,2012-10-25,OPTSTK,MCDOWELL-N,780.0,PE,0.0,0.0,0.0,93.9,51.65,0,0.0,0
2012-08-16,2012-10-25,OPTSTK,MCDOWELL-N,800.0,PE,0.0,0.0,0.0,105.7,58.95,0,0.0,0
2012-08-16,2012-10-25,OPTSTK,MCDOWELL-N,820.0,PE,0.0,0.0,0.0,118.2,66.9,0,0.0,0
2012-08-16,2012-10-25,OPTSTK,MCDOWELL-N,840.0,PE,0.0,0.0,0.0,131.25,75.4,0,0.0,0
2012-08-16,2012-10-25,OPTSTK,MCDOWELL-N,860.0,PE,0.0,0.0,0.0,144.95,84.45,0,0.0,0
2012-08-16,2012-10-25,OPTSTK,MCDOWELL-N,880.0,PE,0.0,0.0,0.0,159.15,94.1,0,0.0,0
2012-08-16,2012-10-25,OPTSTK,MCDOWELL-N,900.0,PE,0.0,0.0,0.0,173.95,104.25,0,0.0,0
2012-08-16,2012-10-25,OPTSTK,MCDOWELL-N,920.0,PE,0.0,0.0,0.0,189.15,115.0,0,0.0,0
2012-08-16,2012-10-25,OPTSTK,MCDOWELL-N,940.0,PE,0.0,0.0,0.0,204.75,126.2,0,0.0,0
2012-08-16,2012-10-25,OPTSTK,MCDOWELL-N,960.0,PE,0.0,0.0,0.0,220.75,137.95,0,0.0,0
2012-08-16,2012-10-25,OPTSTK,MCDOWELL-N,980.0,PE,0.0,0.0,0.0,237.15,150.15,0,0.0,0
2012-08-16,2012-10-25,OPTSTK,MCDOWELL-N,1000.0,PE,0.0,0.0,0.0,253.85,162.8,0,0.0,0
2012-08-16,2012-10-25,OPTSTK,MCDOWELL-N,1020.0,PE,0.0,0.0,0.0,270.9,175.95,0,0.0,0
2012-08-16,2012-10-25,OPTSTK,MCDOWELL-N,1040.0,PE,0.0,0.0,0.0,288.2,189.5,0,0.0,0
2012-08-16,2012-10-25,OPTSTK,MCDOWELL-N,1060.0,PE,0.0,0.0,0.0,305.7,203.45,0,0.0,0
2012-08-16,2012-10-25,OPTSTK,MCDOWELL-N,1080.0,PE,0.0,0.0,0.0,323.5,217.75,0,0.0,0
2012-08-16,2012-10-25,OPTSTK,MCDOWELL-N,1100.0,PE,0.0,0.0,0.0,341.45,232.5,0,0.0,0
2012-08-16,2012-10-25,OPTSTK,MCDOWELL-N,1120.0,PE,0.0,0.0,0.0,359.55,247.55,0,0.0,0
2012-08-16,2012-08-30,OPTSTK,MCLEODRUSS,140.0,CE,0.0,0.0,0.0,142.85,185.05,0,0.0,0
2012-08-16,2012-08-30,OPTSTK,MCLEODRUSS,160.0,CE,0.0,0.0,0.0,123.35,165.1,0,0.0,0
2012-08-16,2012-08-30,OPTSTK,MCLEODRUSS,180.0,CE,0.0,0.0,0.0,103.85,145.15,0,0.0,0
2012-08-16,2012-08-30,OPTSTK,MCLEODRUSS,200.0,CE,0.0,0.0,0.0,84.6,125.25,0,0.0,0
2012-08-16,2012-08-30,OPTSTK,MCLEODRUSS,220.0,CE,0.0,0.0,0.0,65.95,105.3,0,0.0,0
2012-08-16,2012-08-30,OPTSTK,MCLEODRUSS,240.0,CE,0.0,0.0,0.0,48.85,85.35,0,0.0,0
2012-08-16,2012-08-30,OPTSTK,MCLEODRUSS,260.0,CE,0.0,0.0,0.0,34.1,65.45,0,0.0,0
2012-08-16,2012-08-30,OPTSTK,MCLEODRUSS,280.0,CE,0.0,0.0,0.0,22.4,45.55,0,0.0,0
2012-08-16,2012-08-30,OPTSTK,MCLEODRUSS,300.0,CE,0.0,0.0,0.0,13.9,26.45,0,0.0,0
2012-08-16,2012-08-30,OPTSTK,MCLEODRUSS,320.0,CE,13.3,13.3,13.3,13.3,13.3,1,3.33,2000
2012-08-16,2012-08-30,OPTSTK,MCLEODRUSS,340.0,CE,3.1,3.1,3.1,3.1,3.1,4,13.72,12000
2012-08-16,2012-08-30,OPTSTK,MCLEODRUSS,360.0,CE,0.0,0.0,0.0,2.4,0.5,0,0.0,0
2012-08-16,2012-08-30,OPTSTK,MCLEODRUSS,380.0,CE,0.0,0.0,0.0,1.25,0.05,0,0.0,0
2012-08-16,2012-08-30,OPTSTK,MCLEODRUSS,400.0,CE,0.0,0.0,0.0,0.6,0.0,0,0.0,0
2012-08-16,2012-08-30,OPTSTK,MCLEODRUSS,420.0,CE,0.0,0.0,0.0,0.3,0.0,0,0.0,0
2012-08-16,2012-08-30,OPTSTK,MCLEODRUSS,440.0,CE,0.0,0.0,0.0,0.15,0.0,0,0.0,0
2012-08-16,2012-08-30,OPTSTK,MCLEODRUSS,140.0,PE,0.0,0.0,0.0,0.05,0.0,0,0.0,0
2012-08-16,2012-08-30,OPTSTK,MCLEODRUSS,160.0,PE,0.0,0.0,0.0,0.05,0.0,0,0.0,0
2012-08-16,2012-08-30,OPTSTK,MCLEODRUSS,180.0,PE,0.0,0.0,0.0,0.05,0.0,0,0.0,0
2012-08-16,2012-08-30,OPTSTK,MCLEODRUSS,200.0,PE,0.0,0.0,0.0,0.3,0.0,0,0.0,0
2012-08-16,2012-08-30,OPTSTK,MCLEODRUSS,220.0,PE,0.0,0.0,0.0,1.25,0.0,0,0.0,0
2012-08-16,2012-08-30,OPTSTK,MCLEODRUSS,240.0,PE,0.0,0.0,0.0,3.6,0.0,0,0.0,0
2012-08-16,2012-08-30,OPTSTK,MCLEODRUSS,260.0,PE,0.0,0.0,0.0,8.4,0.0,0,0.0,0
2012-08-16,2012-08-30,OPTSTK,MCLEODRUSS,280.0,PE,0.0,0.0,0.0,16.25,0.05,0,0.0,0
2012-08-16,2012-08-30,OPTSTK,MCLEODRUSS,300.0,PE,0.0,0.0,0.0,27.2,0.9,0,0.0,0
2012-08-16,2012-08-30,OPTSTK,MCLEODRUSS,320.0,PE,0.0,0.0,0.0,11.9,5.5,0,0.0,1000
2012-08-16,2012-08-30,OPTSTK,MCLEODRUSS,340.0,PE,0.0,0.0,0.0,56.9,17.35,0,0.0,0
2012-08-16,2012-08-30,OPTSTK,MCLEODRUSS,360.0,PE,0.0,0.0,0.0,74.3,34.75,0,0.0,0
2012-08-16,2012-08-30,OPTSTK,MCLEODRUSS,380.0,PE,0.0,0.0,0.0,92.65,54.25,0,0.0,0
2012-08-16,2012-08-30,OPTSTK,MCLEODRUSS,400.0,PE,0.0,0.0,0.0,111.55,74.15,0,0.0,0
2012-08-16,2012-08-30,OPTSTK,MCLEODRUSS,420.0,PE,0.0,0.0,0.0,130.75,94.05,0,0.0,0
2012-08-16,2012-08-30,OPTSTK,MCLEODRUSS,440.0,PE,0.0,0.0,0.0,150.1,114.0,0,0.0,0
2012-08-16,2012-09-27,OPTSTK,MCLEODRUSS,140.0,CE,0.0,0.0,0.0,157.3,186.0,0,0.0,0
2012-08-16,2012-09-27,OPTSTK,MCLEODRUSS,160.0,CE,0.0,0.0,0.0,137.75,166.2,0,0.0,0
2012-08-16,2012-09-27,OPTSTK,MCLEODRUSS,180.0,CE,0.0,0.0,0.0,118.2,146.45,0,0.0,0
2012-08-16,2012-09-27,OPTSTK,MCLEODRUSS,200.0,CE,0.0,0.0,0.0,98.8,126.65,0,0.0,0
2012-08-16,2012-09-27,OPTSTK,MCLEODRUSS,220.0,CE,0.0,0.0,0.0,79.75,106.85,0,0.0,0
2012-08-16,2012-09-27,OPTSTK,MCLEODRUSS,240.0,CE,0.0,0.0,0.0,61.65,87.05,0,0.0,0
2012-08-16,2012-09-27,OPTSTK,MCLEODRUSS,260.0,CE,0.0,0.0,0.0,45.3,67.45,0,0.0,0
2012-08-16,2012-09-27,OPTSTK,MCLEODRUSS,280.0,CE,0.0,0.0,0.0,31.55,48.5,0,0.0,0
2012-08-16,2012-09-27,OPTSTK,MCLEODRUSS,300.0,CE,0.0,0.0,0.0,20.75,31.55,0,0.0,0
2012-08-16,2012-09-27,OPTSTK,MCLEODRUSS,320.0,CE,0.0,0.0,0.0,12.95,18.1,0,0.0,0
2012-08-16,2012-09-27,OPTSTK,MCLEODRUSS,340.0,CE,0.0,0.0,0.0,7.7,9.05,0,0.0,0
2012-08-16,2012-09-27,OPTSTK,MCLEODRUSS,360.0,CE,0.0,0.0,0.0,4.35,3.95,0,0.0,0
2012-08-16,2012-09-27,OPTSTK,MCLEODRUSS,380.0,CE,0.0,0.0,0.0,2.4,1.5,0,0.0,0
2012-08-16,2012-09-27,OPTSTK,MCLEODRUSS,400.0,CE,0.0,0.0,0.0,1.25,0.5,0,0.0,0
2012-08-16,2012-09-27,OPTSTK,MCLEODRUSS,420.0,CE,0.0,0.0,0.0,0.65,0.15,0,0.0,0
2012-08-16,2012-09-27,OPTSTK,MCLEODRUSS,440.0,CE,0.0,0.0,0.0,0.35,0.05,0,0.0,0
2012-08-16,2012-09-27,OPTSTK,MCLEODRUSS,140.0,PE,0.0,0.0,0.0,0.05,0.0,0,0.0,0
2012-08-16,2012-09-27,OPTSTK,MCLEODRUSS,160.0,PE,0.0,0.0,0.0,0.05,0.0,0,0.0,0
2012-08-16,2012-09-27,OPTSTK,MCLEODRUSS,180.0,PE,0.0,0.0,0.0,0.05,0.0,0,0.0,0
2012-08-16,2012-09-27,OPTSTK,MCLEODRUSS,200.0,PE,0.0,0.0,0.0,0.15,0.0,0,0.0,0
2012-08-16,2012-09-27,OPTSTK,MCLEODRUSS,220.0,PE,0.0,0.0,0.0,0.65,0.0,0,0.0,0
2012-08-16,2012-09-27,OPTSTK,MCLEODRUSS,240.0,PE,0.0,0.0,0.0,2.05,0.05,0,0.0,0
2012-08-16,2012-09-27,OPTSTK,MCLEODRUSS,260.0,PE,0.0,0.0,0.0,5.25,0.2,0,0.0,0
2012-08-16,2012-09-27,OPTSTK,MCLEODRUSS,280.0,PE,0.0,0.0,0.0,11.0,1.05,0,0.0,0
2012-08-16,2012-09-27,OPTSTK,MCLEODRUSS,300.0,PE,0.0,0.0,0.0,19.8,3.9,0,0.0,0
2012-08-16,2012-09-27,OPTSTK,MCLEODRUSS,320.0,PE,0.0,0.0,0.0,31.5,10.25,0,0.0,0
2012-08-16,2012-09-27,OPTSTK,MCLEODRUSS,340.0,PE,0.0,0.0,0.0,45.8,21.0,0,0.0,0
2012-08-16,2012-09-27,OPTSTK,MCLEODRUSS,360.0,PE,0.0,0.0,0.0,62.0,35.7,0,0.0,0
2012-08-16,2012-09-27,OPTSTK,MCLEODRUSS,380.0,PE,0.0,0.0,0.0,79.55,53.05,0,0.0,0
2012-08-16,2012-09-27,OPTSTK,MCLEODRUSS,400.0,PE,0.0,0.0,0.0,97.95,71.85,0,0.0,0
2012-08-16,2012-09-27,OPTSTK,MCLEODRUSS,420.0,PE,0.0,0.0,0.0,116.9,91.3,0,0.0,0
2012-08-16,2012-09-27,OPTSTK,MCLEODRUSS,440.0,PE,0.0,0.0,0.0,136.1,110.95,0,0.0,0
2012-08-16,2012-10-25,OPTSTK,MCLEODRUSS,140.0,CE,0.0,0.0,0.0,198.9,186.95,0,0.0,0
2012-08-16,2012-10-25,OPTSTK,MCLEODRUSS,160.0,CE,0.0,0.0,0.0,179.35,167.3,0,0.0,0
2012-08-16,2012-10-25,OPTSTK,MCLEODRUSS,180.0,CE,0.0,0.0,0.0,159.8,147.65,0,0.0,0
2012-08-16,2012-10-25,OPTSTK,MCLEODRUSS,200.0,CE,0.0,0.0,0.0,140.3,128.0,0,0.0,0
2012-08-16,2012-10-25,OPTSTK,MCLEODRUSS,220.0,CE,0.0,0.0,0.0,120.85,108.35,0,0.0,0
2012-08-16,2012-10-25,OPTSTK,MCLEODRUSS,240.0,CE,0.0,0.0,0.0,101.75,88.85,0,0.0,0
2012-08-16,2012-10-25,OPTSTK,MCLEODRUSS,260.0,CE,0.0,0.0,0.0,83.35,69.75,0,0.0,0
2012-08-16,2012-10-25,OPTSTK,MCLEODRUSS,280.0,CE,0.0,0.0,0.0,66.15,51.8,0,0.0,0
2012-08-16,2012-10-25,OPTSTK,MCLEODRUSS,300.0,CE,0.0,0.0,0.0,50.75,36.0,0,0.0,0
2012-08-16,2012-10-25,OPTSTK,MCLEODRUSS,320.0,CE,0.0,0.0,0.0,37.6,23.25,0,0.0,0
2012-08-16,2012-10-25,OPTSTK,MCLEODRUSS,340.0,CE,0.0,0.0,0.0,26.9,13.9,0,0.0,0
2012-08-16,2012-10-25,OPTSTK,MCLEODRUSS,360.0,CE,0.0,0.0,0.0,18.6,7.75,0,0.0,0
2012-08-16,2012-10-25,OPTSTK,MCLEODRUSS,380.0,CE,0.0,0.0,0.0,12.5,4.0,0,0.0,0
2012-08-16,2012-10-25,OPTSTK,MCLEODRUSS,400.0,CE,0.0,0.0,0.0,8.15,1.95,0,0.0,0
2012-08-16,2012-10-25,OPTSTK,MCLEODRUSS,420.0,CE,0.0,0.0,0.0,5.15,0.9,0,0.0,0
2012-08-16,2012-10-25,OPTSTK,MCLEODRUSS,440.0,CE,0.0,0.0,0.0,3.2,0.4,0,0.0,0
2012-08-16,2012-10-25,OPTSTK,MCLEODRUSS,140.0,PE,0.0,0.0,0.0,0.05,0.0,0,0.0,0
2012-08-16,2012-10-25,OPTSTK,MCLEODRUSS,160.0,PE,0.0,0.0,0.0,0.05,0.0,0,0.0,0
2012-08-16,2012-10-25,OPTSTK,MCLEODRUSS,180.0,PE,0.0,0.0,0.0,0.05,0.0,0,0.0,0
2012-08-16,2012-10-25,OPTSTK,MCLEODRUSS,200.0,PE,0.0,0.0,0.0,0.05,0.0,0,0.0,0
2012-08-16,2012-10-25,OPTSTK,MCLEODRUSS,220.0,PE,0.0,0.0,0.0,0.2,0.05,0,0.0,0
2012-08-16,2012-10-25,OPTSTK,MCLEODRUSS,240.0,PE,0.0,0.0,0.0,0.6,0.15,0,0.0,0
2012-08-16,2012-10-25,OPTSTK,MCLEODRUSS,260.0,PE,0.0,0.0,0.0,1.75,0.75,0,0.0,0
2012-08-16,2012-10-25,OPTSTK,MCLEODRUSS,280.0,PE,0.0,0.0,0.0,4.1,2.45,0,0.0,0
2012-08-16,2012-10-25,OPTSTK,MCLEODRUSS,300.0,PE,0.0,0.0,0.0,8.25,6.3,0,0.0,0
2012-08-16,2012-10-25,OPTSTK,MCLEODRUSS,320.0,PE,0.0,0.0,0.0,14.6,13.2,0,0.0,0
2012-08-16,2012-10-25,OPTSTK,MCLEODRUSS,340.0,PE,0.0,0.0,0.0,23.45,23.55,0,0.0,0
2012-08-16,2012-10-25,OPTSTK,MCLEODRUSS,360.0,PE,0.0,0.0,0.0,34.75,37.0,0,0.0,0
2012-08-16,2012-10-25,OPTSTK,MCLEODRUSS,380.0,PE,0.0,0.0,0.0,48.15,52.95,0,0.0,0
2012-08-16,2012-10-25,OPTSTK,MCLEODRUSS,400.0,PE,0.0,0.0,0.0,63.35,70.55,0,0.0,0
2012-08-16,2012-10-25,OPTSTK,MCLEODRUSS,420.0,PE,0.0,0.0,0.0,79.95,89.15,0,0.0,0
2012-08-16,2012-10-25,OPTSTK,MCLEODRUSS,440.0,PE,0.0,0.0,0.0,97.5,108.3,0,0.0,0
2012-08-16,2012-08-30,OPTSTK,MPHASIS,220.0,CE,0.0,0.0,0.0,160.3,168.4,0,0.0,0
2012-08-16,2012-08-30,OPTSTK,MPHASIS,240.0,CE,0.0,0.0,0.0,140.8,148.45,0,0.0,0
2012-08-16,2012-08-30,OPTSTK,MPHASIS,260.0,CE,0.0,0.0,0.0,121.35,128.55,0,0.0,0
2012-08-16,2012-08-30,OPTSTK,MPHASIS,280.0,CE,0.0,0.0,0.0,102.05,108.6,0,0.0,0
2012-08-16,2012-08-30,OPTSTK,MPHASIS,300.0,CE,0.0,0.0,0.0,83.25,88.65,0,0.0,0
2012-08-16,2012-08-30,OPTSTK,MPHASIS,320.0,CE,0.0,0.0,0.0,65.45,68.75,0,0.0,0
2012-08-16,2012-08-30,OPTSTK,MPHASIS,340.0,CE,0.0,0.0,0.0,49.35,48.85,0,0.0,0
2012-08-16,2012-08-30,OPTSTK,MPHASIS,360.0,CE,0.0,0.0,0.0,35.5,29.4,0,0.0,0
2012-08-16,2012-08-30,OPTSTK,MPHASIS,380.0,CE,0.0,0.0,0.0,24.4,12.95,0,0.0,0
2012-08-16,2012-08-30,OPTSTK,MPHASIS,400.0,CE,0.0,0.0,0.0,18.0,3.6,0,0.0,1000
2012-08-16,2012-08-30,OPTSTK,MPHASIS,420.0,CE,0.0,0.0,0.0,10.0,0.6,0,0.0,0
2012-08-16,2012-08-30,OPTSTK,MPHASIS,440.0,CE,0.0,0.0,0.0,6.0,0.05,0,0.0,0
2012-08-16,2012-08-30,OPTSTK,MPHASIS,460.0,CE,0.0,0.0,0.0,3.45,0.0,0,0.0,0
2012-08-16,2012-08-30,OPTSTK,MPHASIS,480.0,CE,0.0,0.0,0.0,1.9,0.0,0,0.0,0
2012-08-16,2012-08-30,OPTSTK,MPHASIS,500.0,CE,0.0,0.0,0.0,1.05,0.0,0,0.0,0
2012-08-16,2012-08-30,OPTSTK,MPHASIS,520.0,CE,0.0,0.0,0.0,0.55,0.0,0,0.0,0
2012-08-16,2012-08-30,OPTSTK,MPHASIS,540.0,CE,0.0,0.0,0.0,0.3,0.0,0,0.0,0
2012-08-16,2012-08-30,OPTSTK,MPHASIS,220.0,PE,0.0,0.0,0.0,0.05,0.0,0,0.0,0
2012-08-16,2012-08-30,OPTSTK,MPHASIS,240.0,PE,0.0,0.0,0.0,0.05,0.0,0,0.0,0
2012-08-16,2012-08-30,OPTSTK,MPHASIS,260.0,PE,0.0,0.0,0.0,0.1,0.0,0,0.0,0
2012-08-16,2012-08-30,OPTSTK,MPHASIS,280.0,PE,0.0,0.0,0.0,0.3,0.0,0,0.0,0
2012-08-16,2012-08-30,OPTSTK,MPHASIS,300.0,PE,0.0,0.0,0.0,1.05,0.0,0,0.0,0
2012-08-16,2012-08-30,OPTSTK,MPHASIS,320.0,PE,0.0,0.0,0.0,2.75,0.0,0,0.0,0
2012-08-16,2012-08-30,OPTSTK,MPHASIS,340.0,PE,0.0,0.0,0.0,6.15,0.05,0,0.0,0
2012-08-16,2012-08-30,OPTSTK,MPHASIS,360.0,PE,0.0,0.0,0.0,11.85,0.5,0,0.0,0
2012-08-16,2012-08-30,OPTSTK,MPHASIS,380.0,PE,0.0,0.0,0.0,20.25,4.05,0,0.0,0
2012-08-16,2012-08-30,OPTSTK,MPHASIS,400.0,PE,0.0,0.0,0.0,31.35,14.6,0,0.0,0
2012-08-16,2012-08-30,OPTSTK,MPHASIS,420.0,PE,0.0,0.0,0.0,44.9,31.5,0,0.0,0
2012-08-16,2012-08-30,OPTSTK,MPHASIS,440.0,PE,0.0,0.0,0.0,60.4,50.95,0,0.0,0
2012-08-16,2012-08-30,OPTSTK,MPHASIS,460.0,PE,0.0,0.0,0.0,77.35,70.85,0,0.0,0
2012-08-16,2012-08-30,OPTSTK,MPHASIS,480.0,PE,0.0,0.0,0.0,95.35,90.75,0,0.0,0
2012-08-16,2012-08-30,OPTSTK,MPHASIS,500.0,PE,0.0,0.0,0.0,114.0,110.7,0,0.0,0
2012-08-16,2012-08-30,OPTSTK,MPHASIS,520.0,PE,0.0,0.0,0.0,133.0,130.65,0,0.0,0
2012-08-16,2012-08-30,OPTSTK,MPHASIS,540.0,PE,0.0,0.0,0.0,152.25,150.55,0,0.0,0
2012-08-16,2012-09-27,OPTSTK,MPHASIS,220.0,CE,0.0,0.0,0.0,150.1,169.95,0,0.0,0
2012-08-16,2012-09-27,OPTSTK,MPHASIS,240.0,CE,0.0,0.0,0.0,130.55,150.15,0,0.0,0
2012-08-16,2012-09-27,OPTSTK,MPHASIS,260.0,CE,0.0,0.0,0.0,111.1,130.35,0,0.0,0
2012-08-16,2012-09-27,OPTSTK,MPHASIS,280.0,CE,0.0,0.0,0.0,91.95,110.55,0,0.0,0
2012-08-16,2012-09-27,OPTSTK,MPHASIS,300.0,CE,0.0,0.0,0.0,73.4,90.8,0,0.0,0
2012-08-16,2012-09-27,OPTSTK,MPHASIS,320.0,CE,0.0,0.0,0.0,56.2,71.1,0,0.0,0
2012-08-16,2012-09-27,OPTSTK,MPHASIS,340.0,CE,0.0,0.0,0.0,41.05,51.85,0,0.0,0
2012-08-16,2012-09-27,OPTSTK,MPHASIS,360.0,CE,0.0,0.0,0.0,28.45,34.25,0,0.0,0
2012-08-16,2012-09-27,OPTSTK,MPHASIS,380.0,CE,0.0,0.0,0.0,18.75,19.85,0,0.0,0
2012-08-16,2012-09-27,OPTSTK,MPHASIS,400.0,CE,0.0,0.0,0.0,11.75,9.9,0,0.0,0
2012-08-16,2012-09-27,OPTSTK,MPHASIS,420.0,CE,0.0,0.0,0.0,7.0,4.2,0,0.0,0
2012-08-16,2012-09-27,OPTSTK,MPHASIS,440.0,CE,0.0,0.0,0.0,4.0,1.55,0,0.0,0
2012-08-16,2012-09-27,OPTSTK,MPHASIS,460.0,CE,0.0,0.0,0.0,2.2,0.5,0,0.0,0
2012-08-16,2012-09-27,OPTSTK,MPHASIS,480.0,CE,0.0,0.0,0.0,1.15,0.15,0,0.0,0
2012-08-16,2012-09-27,OPTSTK,MPHASIS,500.0,CE,0.0,0.0,0.0,0.6,0.05,0,0.0,0
2012-08-16,2012-09-27,OPTSTK,MPHASIS,520.0,CE,0.0,0.0,0.0,0.3,0.05,0,0.0,0
2012-08-16,2012-09-27,OPTSTK,MPHASIS,540.0,CE,0.0,0.0,0.0,0.15,0.0,0,0.0,0
2012-08-16,2012-09-27,OPTSTK,MPHASIS,220.0,PE,0.0,0.0,0.0,0.05,0.0,0,0.0,0
2012-08-16,2012-09-27,OPTSTK,MPHASIS,240.0,PE,0.0,0.0,0.0,0.05,0.0,0,0.0,0
2012-08-16,2012-09-27,OPTSTK,MPHASIS,260.0,PE,0.0,0.0,0.0,0.1,0.0,0,0.0,0
2012-08-16,2012-09-27,OPTSTK,MPHASIS,280.0,PE,0.0,0.0,0.0,0.45,0.0,0,0.0,0
2012-08-16,2012-09-27,OPTSTK,MPHASIS,300.0,PE,0.0,0.0,0.0,1.5,0.05,0,0.0,0
2012-08-16,2012-09-27,OPTSTK,MPHASIS,320.0,PE,0.0,0.0,0.0,3.8,0.1,0,0.0,0
2012-08-16,2012-09-27,OPTSTK,MPHASIS,340.0,PE,0.0,0.0,0.0,8.2,0.7,0,0.0,0
2012-08-16,2012-09-27,OPTSTK,MPHASIS,360.0,PE,0.0,0.0,0.0,15.15,2.9,0,0.0,0
2012-08-16,2012-09-27,OPTSTK,MPHASIS,380.0,PE,0.0,0.0,0.0,24.95,8.3,0,0.0,0
2012-08-16,2012-09-27,OPTSTK,MPHASIS,400.0,PE,0.0,0.0,0.0,37.5,18.1,0,0.0,0
2012-08-16,2012-09-27,OPTSTK,MPHASIS,420.0,PE,0.0,0.0,0.0,52.3,32.2,0,0.0,0
2012-08-16,2012-09-27,OPTSTK,MPHASIS,440.0,PE,0.0,0.0,0.0,68.8,49.35,0,0.0,0
2012-08-16,2012-09-27,OPTSTK,MPHASIS,460.0,PE,0.0,0.0,0.0,86.55,68.1,0,0.0,0
2012-08-16,2012-09-27,OPTSTK,MPHASIS,480.0,PE,0.0,0.0,0.0,105.05,87.55,0,0.0,0
2012-08-16,2012-09-27,OPTSTK,MPHASIS,500.0,PE,0.0,0.0,0.0,124.0,107.25,0,0.0,0
2012-08-16,2012-09-27,OPTSTK,MPHASIS,520.0,PE,0.0,0.0,0.0,143.25,127.0,0,0.0,0
2012-08-16,2012-09-27,OPTSTK,MPHASIS,540.0,PE,0.0,0.0,0.0,162.65,146.8,0,0.0,0
2012-08-16,2012-10-25,OPTSTK,MPHASIS,220.0,CE,0.0,0.0,0.0,175.35,171.45,0,0.0,0
2012-08-16,2012-10-25,OPTSTK,MPHASIS,240.0,CE,0.0,0.0,0.0,155.8,151.8,0,0.0,0
2012-08-16,2012-10-25,OPTSTK,MPHASIS,260.0,CE,0.0,0.0,0.0,136.3,132.15,0,0.0,0
2012-08-16,2012-10-25,OPTSTK,MPHASIS,280.0,CE,0.0,0.0,0.0,116.8,112.5,0,0.0,0
2012-08-16,2012-10-25,OPTSTK,MPHASIS,300.0,CE,0.0,0.0,0.0,97.5,92.9,0,0.0,0
2012-08-16,2012-10-25,OPTSTK,MPHASIS,320.0,CE,0.0,0.0,0.0,78.7,73.65,0,0.0,0
2012-08-16,2012-10-25,OPTSTK,MPHASIS,340.0,CE,0.0,0.0,0.0,61.0,55.25,0,0.0,0
2012-08-16,2012-10-25,OPTSTK,MPHASIS,360.0,CE,0.0,0.0,0.0,45.15,38.75,0,0.0,0
2012-08-16,2012-10-25,OPTSTK,MPHASIS,380.0,CE,0.0,0.0,0.0,31.7,25.1,0,0.0,0
2012-08-16,2012-10-25,OPTSTK,MPHASIS,400.0,CE,0.0,0.0,0.0,21.1,14.9,0,0.0,0
2012-08-16,2012-10-25,OPTSTK,MPHASIS,420.0,CE,0.0,0.0,0.0,13.3,8.1,0,0.0,0
2012-08-16,2012-10-25,OPTSTK,MPHASIS,440.0,CE,0.0,0.0,0.0,8.0,4.05,0,0.0,0
2012-08-16,2012-10-25,OPTSTK,MPHASIS,460.0,CE,0.0,0.0,0.0,4.55,1.85,0,0.0,0
2012-08-16,2012-10-25,OPTSTK,MPHASIS,480.0,CE,0.0,0.0,0.0,2.5,0.8,0,0.0,0
2012-08-16,2012-10-25,OPTSTK,MPHASIS,500.0,CE,0.0,0.0,0.0,1.3,0.35,0,0.0,0
2012-08-16,2012-10-25,OPTSTK,MPHASIS,520.0,CE,0.0,0.0,0.0,0.65,0.15,0,0.0,0
2012-08-16,2012-10-25,OPTSTK,MPHASIS,540.0,CE,0.0,0.0,0.0,0.35,0.05,0,0.0,0
2012-08-16,2012-10-25,OPTSTK,MPHASIS,220.0,PE,0.0,0.0,0.0,0.05,0.0,0,0.0,0
2012-08-16,2012-10-25,OPTSTK,MPHASIS,240.0,PE,0.0,0.0,0.0,0.05,0.0,0,0.0,0
2012-08-16,2012-10-25,OPTSTK,MPHASIS,260.0,PE,0.0,0.0,0.0,0.05,0.0,0,0.0,0
2012-08-16,2012-10-25,OPTSTK,MPHASIS,280.0,PE,0.0,0.0,0.0,0.1,0.05,0,0.0,0
2012-08-16,2012-10-25,OPTSTK,MPHASIS,300.0,PE,0.0,0.0,0.0,0.35,0.1,0,0.0,0
2012-08-16,2012-10-25,OPTSTK,MPHASIS,320.0,PE,0.0,0.0,0.0,1.1,0.5,0,0.0,0
2012-08-16,2012-10-25,OPTSTK,MPHASIS,340.0,PE,0.0,0.0,0.0,2.95,1.8,0,0.0,0
2012-08-16,2012-10-25,OPTSTK,MPHASIS,360.0,PE,0.0,0.0,0.0,6.6,4.9,0,0.0,0
2012-08-16,2012-10-25,OPTSTK,MPHASIS,380.0,PE,0.0,0.0,0.0,12.75,10.9,0,0.0,0
2012-08-16,2012-10-25,OPTSTK,MPHASIS,400.0,PE,0.0,0.0,0.0,21.7,20.4,0,0.0,0
2012-08-16,2012-10-25,OPTSTK,MPHASIS,420.0,PE,0.0,0.0,0.0,33.45,33.25,0,0.0,0
2012-08-16,2012-10-25,OPTSTK,MPHASIS,440.0,PE,0.0,0.0,0.0,47.65,48.85,0,0.0,0
2012-08-16,2012-10-25,OPTSTK,MPHASIS,460.0,PE,0.0,0.0,0.0,63.75,66.3,0,0.0,0
2012-08-16,2012-10-25,OPTSTK,MPHASIS,480.0,PE,0.0,0.0,0.0,81.25,84.9,0,0.0,0
2012-08-16,2012-10-25,OPTSTK,MPHASIS,500.0,PE,0.0,0.0,0.0,99.6,104.1,0,0.0,0
2012-08-16,2012-10-25,OPTSTK,MPHASIS,520.0,PE,0.0,0.0,0.0,118.5,123.55,0,0.0,0
2012-08-16,2012-10-25,OPTSTK,MPHASIS,540.0,PE,0.0,0.0,0.0,137.7,143.15,0,0.0,0
2012-08-16,2012-08-30,OPTSTK,MRF,9100.0,CE,0.0,0.0,0.0,1361.25,1781.5,0,0.0,0
2012-08-16,2012-08-30,OPTSTK,MRF,9150.0,CE,0.0,0.0,0.0,1324.25,1731.9,0,0.0,0
2012-08-16,2012-08-30,OPTSTK,MRF,9200.0,CE,0.0,0.0,0.0,1395.25,1682.35,0,0.0,0
2012-08-16,2012-08-30,OPTSTK,MRF,9250.0,CE,0.0,0.0,0.0,1358.9,1632.9,0,0.0,0
2012-08-16,2012-08-30,OPTSTK,MRF,9300.0,CE,0.0,0.0,0.0,1322.65,1583.55,0,0.0,0
2012-08-16,2012-08-30,OPTSTK,MRF,9350.0,CE,0.0,0.0,0.0,1286.95,1534.25,0,0.0,0
2012-08-16,2012-08-30,OPTSTK,MRF,9400.0,CE,0.0,0.0,0.0,1402.5,1485.15,0,0.0,0
2012-08-16,2012-08-30,OPTSTK,MRF,9450.0,CE,0.0,0.0,0.0,1366.8,1436.15,0,0.0,0
2012-08-16,2012-08-30,OPTSTK,MRF,9500.0,CE,0.0,0.0,0.0,1455.95,1387.35,0,0.0,0
2012-08-16,2012-08-30,OPTSTK,MRF,9550.0,CE,0.0,0.0,0.0,1555.55,1338.75,0,0.0,0
2012-08-16,2012-08-30,OPTSTK,MRF,9600.0,CE,0.0,0.0,0.0,1598.35,1290.45,0,0.0,0
2012-08-16,2012-08-30,OPTSTK,MRF,9650.0,CE,0.0,0.0,0.0,1564.85,1242.4,0,0.0,0
2012-08-16,2012-08-30,OPTSTK,MRF,9700.0,CE,0.0,0.0,0.0,1532.2,1194.65,0,0.0,0
2012-08-16,2012-08-30,OPTSTK,MRF,9750.0,CE,0.0,0.0,0.0,1500.05,1147.3,0,0.0,0
2012-08-16,2012-08-30,OPTSTK,MRF,9800.0,CE,0.0,0.0,0.0,1468.3,1100.35,0,0.0,0
2012-08-16,2012-08-30,OPTSTK,MRF,9850.0,CE,0.0,0.0,0.0,1437.0,1053.85,0,0.0,0
2012-08-16,2012-08-30,OPTSTK,MRF,9900.0,CE,0.0,0.0,0.0,1637.2,1007.9,0,0.0,0
2012-08-16,2012-08-30,OPTSTK,MRF,9950.0,CE,0.0,0.0,0.0,1603.75,962.5,0,0.0,0
2012-08-16,2012-08-30,OPTSTK,MRF,10000.0,CE,0.0,0.0,0.0,450.0,917.75,0,0.0,125
2012-08-16,2012-08-30,OPTSTK,MRF,10050.0,CE,0.0,0.0,0.0,1539.05,873.7,0,0.0,0
2012-08-16,2012-08-30,OPTSTK,MRF,10100.0,CE,0.0,0.0,0.0,1507.3,830.4,0,0.0,0
2012-08-16,2012-08-30,OPTSTK,MRF,10150.0,CE,0.0,0.0,0.0,1476.0,787.9,0,0.0,0
2012-08-16,2012-08-30,OPTSTK,MRF,10200.0,CE,0.0,0.0,0.0,1445.15,746.25,0,0.0,0
2012-08-16,2012-08-30,OPTSTK,MRF,10250.0,CE,0.0,0.0,0.0,1414.7,705.55,0,0.0,0
2012-08-16,2012-08-30,OPTSTK,MRF,10300.0,CE,0.0,0.0,0.0,1384.7,665.85,0,0.0,0
2012-08-16,2012-08-30,OPTSTK,MRF,10350.0,CE,0.0,0.0,0.0,1355.1,627.2,0,0.0,0
2012-08-16,2012-08-30,OPTSTK,MRF,10400.0,CE,0.0,0.0,0.0,1325.95,590.05,0,0.0,0
2012-08-16,2012-08-30,OPTSTK,MRF,10450.0,CE,0.0,0.0,0.0,1297.2,553.15,0,0.0,0
2012-08-16,2012-08-30,OPTSTK,MRF,10500.0,CE,0.0,0.0,0.0,1268.9,517.95,0,0.0,0
2012-08-16,2012-08-30,OPTSTK,MRF,10550.0,CE,0.0,0.0,0.0,301.0,484.0,0,0.0,0
2012-08-16,2012-08-30,OPTSTK,MRF,10600.0,CE,0.0,0.0,0.0,1213.55,451.35,0,0.0,0
2012-08-16,2012-08-30,OPTSTK,MRF,10650.0,CE,0.0,0.0,0.0,1186.55,420.0,0,0.0,0
2012-08-16,2012-08-30,OPTSTK,MRF,10700.0,CE,0.0,0.0,0.0,1159.95,389.95,0,0.0,0
2012-08-16,2012-08-30,OPTSTK,MRF,10750.0,CE,0.0,0.0,0.0,1133.75,361.3,0,0.0,0
2012-08-16,2012-08-30,OPTSTK,MRF,10800.0,CE,0.0,0.0,0.0,1108.0,334.0,0,0.0,0
2012-08-16,2012-08-30,OPTSTK,MRF,10850.0,CE,0.0,0.0,0.0,1082.7,308.05,0,0.0,0
2012-08-16,2012-08-30,OPTSTK,MRF,10900.0,CE,0.0,0.0,0.0,250.0,283.45,0,0.0,0
2012-08-16,2012-08-30,OPTSTK,MRF,10950.0,CE,0.0,0.0,0.0,1033.25,260.25,0,0.0,0
2012-08-16,2012-08-30,OPTSTK,MRF,11000.0,CE,0.0,0.0,0.0,1009.2,238.35,0,0.0,0
2012-08-16,2012-08-30,OPTSTK,MRF,11050.0,CE,0.0,0.0,0.0,985.55,217.85,0,0.0,0
2012-08-16,2012-08-30,OPTSTK,MRF,11100.0,CE,0.0,0.0,0.0,962.35,198.6,0,0.0,0
2012-08-16,2012-08-30,OPTSTK,MRF,11150.0,CE,0.0,0.0,0.0,939.5,180.6,0,0.0,0
2012-08-16,2012-08-30,OPTSTK,MRF,11200.0,CE,0.0,0.0,0.0,917.1,163.9,0,0.0,0
2012-08-16,2012-08-30,OPTSTK,MRF,11250.0,CE,0.0,0.0,0.0,895.1,148.35,0,0.0,0
2012-08-16,2012-08-30,OPTSTK,MRF,11300.0,CE,0.0,0.0,0.0,873.5,133.95,0,0.0,0
2012-08-16,2012-08-30,OPTSTK,MRF,11350.0,CE,0.0,0.0,0.0,852.3,120.65,0,0.0,0
2012-08-16,2012-08-30,OPTSTK,MRF,11400.0,CE,0.0,0.0,0.0,831.45,109.0,0,0.0,0
2012-08-16,2012-08-30,OPTSTK,MRF,11450.0,CE,0.0,0.0,0.0,811.05,97.35,0,0.0,0
2012-08-16,2012-08-30,OPTSTK,MRF,11500.0,CE,0.0,0.0,0.0,791.05,87.05,0,0.0,0
2012-08-16,2012-08-30,OPTSTK,MRF,11550.0,CE,0.0,0.0,0.0,771.4,77.65,0,0.0,0
2012-08-16,2012-08-30,OPTSTK,MRF,11600.0,CE,0.0,0.0,0.0,752.15,69.15,0,0.0,0
2012-08-16,2012-08-30,OPTSTK,MRF,11650.0,CE,0.0,0.0,0.0,733.3,61.4,0,0.0,0
2012-08-16,2012-08-30,OPTSTK,MRF,11700.0,CE,0.0,0.0,0.0,714.8,54.35,0,0.0,0
2012-08-16,2012-08-30,OPTSTK,MRF,11750.0,CE,0.0,0.0,0.0,696.65,48.05,0,0.0,0
2012-08-16,2012-08-30,OPTSTK,MRF,11800.0,CE,0.0,0.0,0.0,678.9,42.35,0,0.0,0
2012-08-16,2012-08-30,OPTSTK,MRF,11850.0,CE,0.0,0.0,0.0,661.55,37.2,0,0.0,0
2012-08-16,2012-08-30,OPTSTK,MRF,11900.0,CE,0.0,0.0,0.0,644.5,32.65,0,0.0,0
2012-08-16,2012-08-30,OPTSTK,MRF,9100.0,PE,0.0,0.0,0.0,185.85,0.8,0,0.0,0
2012-08-16,2012-08-30,OPTSTK,MRF,9150.0,PE,0.0,0.0,0.0,197.95,1.0,0,0.0,0
2012-08-16,2012-08-30,OPTSTK,MRF,9200.0,PE,0.0,0.0,0.0,197.95,1.3,0,0.0,0
2012-08-16,2012-08-30,OPTSTK,MRF,9250.0,PE,0.0,0.0,0.0,210.65,1.7,0,0.0,0
2012-08-16,2012-08-30,OPTSTK,MRF,9300.0,PE,0.0,0.0,0.0,223.45,2.15,0,0.0,0
2012-08-16,2012-08-30,OPTSTK,MRF,9350.0,PE,0.0,0.0,0.0,236.75,2.7,0,0.0,0
2012-08-16,2012-08-30,OPTSTK,MRF,9400.0,PE,0.0,0.0,0.0,234.0,3.4,0,0.0,0
2012-08-16,2012-08-30,OPTSTK,MRF,9450.0,PE,0.0,0.0,0.0,247.3,4.25,0,0.0,0
2012-08-16,2012-08-30,OPTSTK,MRF,9500.0,PE,0.0,0.0,0.0,269.05,5.3,0,0.0,0
2012-08-16,2012-08-30,OPTSTK,MRF,9550.0,PE,0.0,0.0,0.0,321.8,6.55,0,0.0,0
2012-08-16,2012-08-30,OPTSTK,MRF,9600.0,PE,0.0,0.0,0.0,372.1,8.05,0,0.0,0
2012-08-16,2012-08-30,OPTSTK,MRF,9650.0,PE,0.0,0.0,0.0,387.45,9.8,0,0.0,0
2012-08-16,2012-08-30,OPTSTK,MRF,9700.0,PE,0.0,0.0,0.0,403.7,11.95,0,0.0,0
2012-08-16,2012-08-30,OPTSTK,MRF,9750.0,PE,0.0,0.0,0.0,420.4,14.4,0,0.0,0
2012-08-16,2012-08-30,OPTSTK,MRF,9800.0,PE,0.0,0.0,0.0,437.5,17.3,0,0.0,0
2012-08-16,2012-08-30,OPTSTK,MRF,9850.0,PE,0.0,0.0,0.0,455.0,20.65,0,0.0,0
2012-08-16,2012-08-30,OPTSTK,MRF,9900.0,PE,0.0,0.0,0.0,383.3,24.5,0,0.0,0
2012-08-16,2012-08-30,OPTSTK,MRF,9950.0,PE,0.0,0.0,0.0,398.65,28.95,0,0.0,0
2012-08-16,2012-08-30,OPTSTK,MRF,10000.0,PE,0.0,0.0,0.0,414.9,34.05,0,0.0,0
2012-08-16,2012-08-30,OPTSTK,MRF,10050.0,PE,0.0,0.0,0.0,431.55,39.8,0,0.0,0
2012-08-16,2012-08-30,OPTSTK,MRF,10100.0,PE,0.0,0.0,0.0,448.65,46.3,0,0.0,0
2012-08-16,2012-08-30,OPTSTK,MRF,10150.0,PE,0.0,0.0,0.0,466.15,53.65,0,0.0,0
2012-08-16,2012-08-30,OPTSTK,MRF,10200.0,PE,0.0,0.0,0.0,484.05,61.85,0,0.0,0
2012-08-16,2012-08-30,OPTSTK,MRF,10250.0,PE,0.0,0.0,0.0,502.4,71.0,0,0.0,0
2012-08-16,2012-08-30,OPTSTK,MRF,10300.0,PE,0.0,0.0,0.0,521.2,81.15,0,0.0,0
2012-08-16,2012-08-30,OPTSTK,MRF,10350.0,PE,0.0,0.0,0.0,540.4,92.3,0,0.0,0
2012-08-16,2012-08-30,OPTSTK,MRF,10400.0,PE,0.0,0.0,0.0,560.0,105.0,0,0.0,0
2012-08-16,2012-08-30,OPTSTK,MRF,10450.0,PE,0.0,0.0,0.0,580.05,117.9,0,0.0,0
2012-08-16,2012-08-30,OPTSTK,MRF,10500.0,PE,0.0,0.0,0.0,600.55,132.55,0,0.0,0
2012-08-16,2012-08-30,OPTSTK,MRF,10550.0,PE,0.0,0.0,0.0,621.5,148.45,0,0.0,0
2012-08-16,2012-08-30,OPTSTK,MRF,10600.0,PE,0.0,0.0,0.0,642.8,165.6,0,0.0,0
2012-08-16,2012-08-30,OPTSTK,MRF,10650.0,PE,0.0,0.0,0.0,664.6,184.1,0,0.0,0
2012-08-16,2012-08-30,OPTSTK,MRF,10700.0,PE,0.0,0.0,0.0,686.8,203.9,0,0.0,0
2012-08-16,2012-08-30,OPTSTK,MRF,10750.0,PE,0.0,0.0,0.0,709.4,225.05,0,0.0,0
2012-08-16,2012-08-30,OPTSTK,MRF,10800.0,PE,0.0,0.0,0.0,732.45,247.6,0,0.0,0
2012-08-16,2012-08-30,OPTSTK,MRF,10850.0,PE,0.0,0.0,0.0,755.95,271.5,0,0.0,0
2012-08-16,2012-08-30,OPTSTK,MRF,10900.0,PE,0.0,0.0,0.0,779.85,296.7,0,0.0,0
2012-08-16,2012-08-30,OPTSTK,MRF,10950.0,PE,0.0,0.0,0.0,804.1,323.35,0,0.0,0
2012-08-16,2012-08-30,OPTSTK,MRF,11000.0,PE,0.0,0.0,0.0,828.85,351.3,0,0.0,0
2012-08-16,2012-08-30,OPTSTK,MRF,11050.0,PE,0.0,0.0,0.0,854.0,380.6,0,0.0,0
2012-08-16,2012-08-30,OPTSTK,MRF,11100.0,PE,0.0,0.0,0.0,879.55,411.2,0,0.0,0
2012-08-16,2012-08-30,OPTSTK,MRF,11150.0,PE,0.0,0.0,0.0,905.5,443.05,0,0.0,0
2012-08-16,2012-08-30,OPTSTK,MRF,11200.0,PE,0.0,0.0,0.0,931.9,476.15,0,0.0,0
2012-08-16,2012-08-30,OPTSTK,MRF,11250.0,PE,0.0,0.0,0.0,958.7,510.45,0,0.0,0
2012-08-16,2012-08-30,OPTSTK,MRF,11300.0,PE,0.0,0.0,0.0,985.9,545.85,0,0.0,0
2012-08-16,2012-08-30,OPTSTK,MRF,11350.0,PE,0.0,0.0,0.0,1013.5,582.4,0,0.0,0
2012-08-16,2012-08-30,OPTSTK,MRF,11400.0,PE,0.0,0.0,0.0,1041.45,620.55,0,0.0,0
2012-08-16,2012-08-30,OPTSTK,MRF,11450.0,PE,0.0,0.0,0.0,1069.85,658.75,0,0.0,0
2012-08-16,2012-08-30,OPTSTK,MRF,11500.0,PE,0.0,0.0,0.0,1098.65,698.3,0,0.0,0
2012-08-16,2012-08-30,OPTSTK,MRF,11550.0,PE,0.0,0.0,0.0,1127.8,738.75,0,0.0,0
2012-08-16,2012-08-30,OPTSTK,MRF,11600.0,PE,0.0,0.0,0.0,1157.35,780.05,0,0.0,0
2012-08-16,2012-08-30,OPTSTK,MRF,11650.0,PE,0.0,0.0,0.0,1187.25,822.15,0,0.0,0
2012-08-16,2012-08-30,OPTSTK,MRF,11700.0,PE,0.0,0.0,0.0,1217.55,864.95,0,0.0,0
2012-08-16,2012-08-30,OPTSTK,MRF,11750.0,PE,0.0,0.0,0.0,1248.25,908.45,0,0.0,0
2012-08-16,2012-08-30,OPTSTK,MRF,11800.0,PE,0.0,0.0,0.0,1279.3,952.6,0,0.0,0
2012-08-16,2012-08-30,OPTSTK,MRF,11850.0,PE,0.0,0.0,0.0,1310.7,997.3,0,0.0,0
2012-08-16,2012-08-30,OPTSTK,MRF,11900.0,PE,0.0,0.0,0.0,1342.45,1042.55,0,0.0,0
2012-08-16,2012-09-27,OPTSTK,MRF,9100.0,CE,0.0,0.0,0.0,1215.6,1870.75,0,0.0,0
2012-08-16,2012-09-27,OPTSTK,MRF,9150.0,CE,0.0,0.0,0.0,1181.15,1824.45,0,0.0,0
2012-08-16,2012-09-27,OPTSTK,MRF,9200.0,CE,0.0,0.0,0.0,1146.85,1778.45,0,0.0,0
2012-08-16,2012-09-27,OPTSTK,MRF,9250.0,CE,0.0,0.0,0.0,1113.55,1732.75,0,0.0,0
2012-08-16,2012-09-27,OPTSTK,MRF,9300.0,CE,0.0,0.0,0.0,1080.9,1687.4,0,0.0,0
2012-08-16,2012-09-27,OPTSTK,MRF,9350.0,CE,0.0,0.0,0.0,1048.75,1642.4,0,0.0,0
2012-08-16,2012-09-27,OPTSTK,MRF,9400.0,CE,0.0,0.0,0.0,1017.25,1597.8,0,0.0,0
2012-08-16,2012-09-27,OPTSTK,MRF,9450.0,CE,0.0,0.0,0.0,986.35,1553.6,0,0.0,0
2012-08-16,2012-09-27,OPTSTK,MRF,9500.0,CE,0.0,0.0,0.0,956.0,1509.8,0,0.0,0
2012-08-16,2012-09-27,OPTSTK,MRF,9550.0,CE,0.0,0.0,0.0,926.3,1466.5,0,0.0,0
2012-08-16,2012-09-27,OPTSTK,MRF,9600.0,CE,0.0,0.0,0.0,897.2,1423.65,0,0.0,0
2012-08-16,2012-09-27,OPTSTK,MRF,9650.0,CE,0.0,0.0,0.0,868.7,1381.25,0,0.0,0
2012-08-16,2012-09-27,OPTSTK,MRF,9700.0,CE,0.0,0.0,0.0,840.8,1339.4,0,0.0,0
2012-08-16,2012-09-27,OPTSTK,MRF,9750.0,CE,0.0,0.0,0.0,813.5,1298.05,0,0.0,0
2012-08-16,2012-09-27,OPTSTK,MRF,9800.0,CE,0.0,0.0,0.0,786.8,1257.3,0,0.0,0
2012-08-16,2012-09-27,OPTSTK,MRF,9850.0,CE,0.0,0.0,0.0,760.7,1217.1,0,0.0,0
2012-08-16,2012-09-27,OPTSTK,MRF,9900.0,CE,0.0,0.0,0.0,735.25,1177.5,0,0.0,0
2012-08-16,2012-09-27,OPTSTK,MRF,9950.0,CE,0.0,0.0,0.0,710.35,1138.5,0,0.0,0
2012-08-16,2012-09-27,OPTSTK,MRF,10000.0,CE,0.0,0.0,0.0,686.05,1100.1,0,0.0,0
2012-08-16,2012-09-27,OPTSTK,MRF,10050.0,CE,0.0,0.0,0.0,662.4,1062.4,0,0.0,0
2012-08-16,2012-09-27,OPTSTK,MRF,10100.0,CE,0.0,0.0,0.0,639.3,1025.7,0,0.0,0
2012-08-16,2012-09-27,OPTSTK,MRF,10150.0,CE,0.0,0.0,0.0,616.8,989.3,0,0.0,0
2012-08-16,2012-09-27,OPTSTK,MRF,10200.0,CE,0.0,0.0,0.0,594.9,953.55,0,0.0,0
2012-08-16,2012-09-27,OPTSTK,MRF,10250.0,CE,0.0,0.0,0.0,573.6,918.1,0,0.0,0
2012-08-16,2012-09-27,OPTSTK,MRF,10300.0,CE,0.0,0.0,0.0,552.8,883.85,0,0.0,0
2012-08-16,2012-09-27,OPTSTK,MRF,10350.0,CE,0.0,0.0,0.0,532.65,850.35,0,0.0,0
2012-08-16,2012-09-27,OPTSTK,MRF,10400.0,CE,0.0,0.0,0.0,513.0,817.6,0,0.0,0
2012-08-16,2012-09-27,OPTSTK,MRF,10450.0,CE,0.0,0.0,0.0,493.95,785.6,0,0.0,0
2012-08-16,2012-09-27,OPTSTK,MRF,10500.0,CE,0.0,0.0,0.0,475.4,754.4,0,0.0,0
2012-08-16,2012-09-27,OPTSTK,MRF,10550.0,CE,0.0,0.0,0.0,457.45,723.95,0,0.0,0
2012-08-16,2012-09-27,OPTSTK,MRF,10600.0,CE,0.0,0.0,0.0,440.0,694.25,0,0.0,0
2012-08-16,2012-09-27,OPTSTK,MRF,10650.0,CE,0.0,0.0,0.0,423.05,665.35,0,0.0,0
2012-08-16,2012-09-27,OPTSTK,MRF,10700.0,CE,0.0,0.0,0.0,406.65,637.25,0,0.0,0
2012-08-16,2012-09-27,OPTSTK,MRF,10750.0,CE,0.0,0.0,0.0,390.75,609.9,0,0.0,0
2012-08-16,2012-09-27,OPTSTK,MRF,10800.0,CE,0.0,0.0,0.0,375.35,583.35,0,0.0,0
2012-08-16,2012-09-27,OPTSTK,MRF,10850.0,CE,0.0,0.0,0.0,360.4,557.6,0,0.0,0
2012-08-16,2012-09-27,OPTSTK,MRF,10900.0,CE,0.0,0.0,0.0,396.2,532.55,0,0.0,0
2012-08-16,2012-09-27,OPTSTK,MRF,10950.0,CE,0.0,0.0,0.0,380.6,508.35,0,0.0,0
2012-08-16,2012-09-27,OPTSTK,MRF,11000.0,CE,0.0,0.0,0.0,365.45,484.95,0,0.0,0
2012-08-16,2012-09-27,OPTSTK,MRF,11050.0,CE,0.0,0.0,0.0,350.85,462.3,0,0.0,0
2012-08-16,2012-09-27,OPTSTK,MRF,11100.0,CE,0.0,0.0,0.0,360.1,440.4,0,0.0,0
2012-08-16,2012-09-27,OPTSTK,MRF,11150.0,CE,0.0,0.0,0.0,345.45,419.3,0,0.0,0
2012-08-16,2012-09-27,OPTSTK,MRF,11200.0,CE,0.0,0.0,0.0,327.25,398.9,0,0.0,0
2012-08-16,2012-09-27,OPTSTK,MRF,9100.0,PE,0.0,0.0,0.0,242.6,26.4,0,0.0,0
2012-08-16,2012-09-27,OPTSTK,MRF,9150.0,PE,0.0,0.0,0.0,256.95,29.55,0,0.0,0
2012-08-16,2012-09-27,OPTSTK,MRF,9200.0,PE,0.0,0.0,0.0,271.5,33.05,0,0.0,0
2012-08-16,2012-09-27,OPTSTK,MRF,9250.0,PE,0.0,0.0,0.0,287.05,36.8,0,0.0,0
2012-08-16,2012-09-27,OPTSTK,MRF,9300.0,PE,0.0,0.0,0.0,303.2,40.95,0,0.0,0
2012-08-16,2012-09-27,OPTSTK,MRF,9350.0,PE,0.0,0.0,0.0,319.95,45.45,0,0.0,0
2012-08-16,2012-09-27,OPTSTK,MRF,9400.0,PE,0.0,0.0,0.0,337.25,50.3,0,0.0,0
2012-08-16,2012-09-27,OPTSTK,MRF,9450.0,PE,0.0,0.0,0.0,355.15,55.6,0,0.0,0
2012-08-16,2012-09-27,OPTSTK,MRF,9500.0,PE,0.0,0.0,0.0,373.7,61.3,0,0.0,0
2012-08-16,2012-09-27,OPTSTK,MRF,9550.0,PE,0.0,0.0,0.0,392.8,67.45,0,0.0,0
2012-08-16,2012-09-27,OPTSTK,MRF,9600.0,PE,0.0,0.0,0.0,412.55,74.1,0,0.0,0
2012-08-16,2012-09-27,OPTSTK,MRF,9650.0,PE,0.0,0.0,0.0,432.85,81.2,0,0.0,0
2012-08-16,2012-09-27,OPTSTK,MRF,9700.0,PE,0.0,0.0,0.0,453.8,88.85,0,0.0,0
2012-08-16,2012-09-27,OPTSTK,MRF,9750.0,PE,0.0,0.0,0.0,475.35,97.0,0,0.0,0
2012-08-16,2012-09-27,OPTSTK,MRF,9800.0,PE,0.0,0.0,0.0,497.5,105.7,0,0.0,0
2012-08-16,2012-09-27,OPTSTK,MRF,9850.0,PE,0.0,0.0,0.0,520.25,115.0,0,0.0,0
2012-08-16,2012-09-27,OPTSTK,MRF,9900.0,PE,0.0,0.0,0.0,543.6,124.85,0,0.0,0
2012-08-16,2012-09-27,OPTSTK,MRF,9950.0,PE,0.0,0.0,0.0,567.6,135.35,0,0.0,0
2012-08-16,2012-09-27,OPTSTK,MRF,10000.0,PE,0.0,0.0,0.0,592.1,146.45,0,0.0,0
2012-08-16,2012-09-27,OPTSTK,MRF,10050.0,PE,0.0,0.0,0.0,617.25,158.2,0,0.0,0
2012-08-16,2012-09-27,OPTSTK,MRF,10100.0,PE,0.0,0.0,0.0,643.0,171.0,0,0.0,0
2012-08-16,2012-09-27,OPTSTK,MRF,10150.0,PE,0.0,0.0,0.0,669.35,184.05,0,0.0,0
2012-08-16,2012-09-27,OPTSTK,MRF,10200.0,PE,0.0,0.0,0.0,696.3,197.8,0,0.0,0
2012-08-16,2012-09-27,OPTSTK,MRF,10250.0,PE,0.0,0.0,0.0,723.8,211.85,0,0.0,0
2012-08-16,2012-09-27,OPTSTK,MRF,10300.0,PE,0.0,0.0,0.0,751.9,227.1,0,0.0,0
2012-08-16,2012-09-27,OPTSTK,MRF,10350.0,PE,0.0,0.0,0.0,780.55,243.1,0,0.0,0
2012-08-16,2012-09-27,OPTSTK,MRF,10400.0,PE,0.0,0.0,0.0,809.75,259.8,0,0.0,0
2012-08-16,2012-09-27,OPTSTK,MRF,10450.0,PE,0.0,0.0,0.0,839.5,277.3,0,0.0,0
2012-08-16,2012-09-27,OPTSTK,MRF,10500.0,PE,0.0,0.0,0.0,869.85,295.55,0,0.0,0
2012-08-16,2012-09-27,OPTSTK,MRF,10550.0,PE,0.0,0.0,0.0,900.7,314.6,0,0.0,0
2012-08-16,2012-09-27,OPTSTK,MRF,10600.0,PE,0.0,0.0,0.0,932.05,334.4,0,0.0,0
2012-08-16,2012-09-27,OPTSTK,MRF,10650.0,PE,0.0,0.0,0.0,964.0,354.95,0,0.0,0
2012-08-16,2012-09-27,OPTSTK,MRF,10700.0,PE,0.0,0.0,0.0,996.4,376.3,0,0.0,0
2012-08-16,2012-09-27,OPTSTK,MRF,10750.0,PE,0.0,0.0,0.0,1029.35,398.45,0,0.0,0
2012-08-16,2012-09-27,OPTSTK,MRF,10800.0,PE,0.0,0.0,0.0,1062.75,421.4,0,0.0,0
2012-08-16,2012-09-27,OPTSTK,MRF,10850.0,PE,0.0,0.0,0.0,1096.7,445.15,0,0.0,0
2012-08-16,2012-09-27,OPTSTK,MRF,10900.0,PE,0.0,0.0,0.0,1019.05,469.6,0,0.0,0
2012-08-16,2012-09-27,OPTSTK,MRF,10950.0,PE,0.0,0.0,0.0,1052.3,494.9,0,0.0,0
2012-08-16,2012-09-27,OPTSTK,MRF,11000.0,PE,0.0,0.0,0.0,1086.1,520.95,0,0.0,0
2012-08-16,2012-09-27,OPTSTK,MRF,11050.0,PE,0.0,0.0,0.0,1120.35,547.75,0,0.0,0
2012-08-16,2012-09-27,OPTSTK,MRF,11100.0,PE,0.0,0.0,0.0,1071.85,575.35,0,0.0,0
2012-08-16,2012-09-27,OPTSTK,MRF,11150.0,PE,0.0,0.0,0.0,1106.1,603.7,0,0.0,0
2012-08-16,2012-09-27,OPTSTK,MRF,11200.0,PE,0.0,0.0,0.0,1044.55,632.8,0,0.0,0
2012-08-16,2012-10-25,OPTSTK,MRF,9100.0,CE,0.0,0.0,0.0,1216.4,1975.25,0,0.0,0
2012-08-16,2012-10-25,OPTSTK,MRF,9150.0,CE,0.0,0.0,0.0,1180.5,1931.85,0,0.0,0
2012-08-16,2012-10-25,OPTSTK,MRF,9200.0,CE,0.0,0.0,0.0,1144.85,1888.75,0,0.0,0
2012-08-16,2012-10-25,OPTSTK,MRF,9250.0,CE,0.0,0.0,0.0,1109.8,1846.0,0,0.0,0
2012-08-16,2012-10-25,OPTSTK,MRF,9300.0,CE,0.0,0.0,0.0,1075.35,1803.7,0,0.0,0
2012-08-16,2012-10-25,OPTSTK,MRF,9350.0,CE,0.0,0.0,0.0,1041.15,1761.75,0,0.0,0
2012-08-16,2012-10-25,OPTSTK,MRF,9400.0,CE,0.0,0.0,0.0,1008.0,1720.2,0,0.0,0
2012-08-16,2012-10-25,OPTSTK,MRF,9450.0,CE,0.0,0.0,0.0,975.45,1679.1,0,0.0,0
2012-08-16,2012-10-25,OPTSTK,MRF,9500.0,CE,0.0,0.0,0.0,943.6,1638.4,0,0.0,0
2012-08-16,2012-10-25,OPTSTK,MRF,9550.0,CE,0.0,0.0,0.0,912.35,1598.2,0,0.0,0
2012-08-16,2012-10-25,OPTSTK,MRF,9600.0,CE,0.0,0.0,0.0,881.75,1558.4,0,0.0,0
2012-08-16,2012-10-25,OPTSTK,MRF,9650.0,CE,0.0,0.0,0.0,851.8,1519.1,0,0.0,0
2012-08-16,2012-10-25,OPTSTK,MRF,9700.0,CE,0.0,0.0,0.0,822.55,1480.3,0,0.0,0
2012-08-16,2012-10-25,OPTSTK,MRF,9750.0,CE,0.0,0.0,0.0,793.9,1441.95,0,0.0,0
2012-08-16,2012-10-25,OPTSTK,MRF,9800.0,CE,0.0,0.0,0.0,765.95,1404.15,0,0.0,0
2012-08-16,2012-10-25,OPTSTK,MRF,9850.0,CE,0.0,0.0,0.0,738.65,1366.85,0,0.0,0
2012-08-16,2012-10-25,OPTSTK,MRF,9900.0,CE,0.0,0.0,0.0,712.0,1330.45,0,0.0,0
2012-08-16,2012-10-25,OPTSTK,MRF,9950.0,CE,0.0,0.0,0.0,686.05,1294.15,0,0.0,0
2012-08-16,2012-10-25,OPTSTK,MRF,10000.0,CE,0.0,0.0,0.0,660.7,1258.4,0,0.0,0
2012-08-16,2012-10-25,OPTSTK,MRF,10050.0,CE,0.0,0.0,0.0,636.0,1223.15,0,0.0,0
2012-08-16,2012-10-25,OPTSTK,MRF,10100.0,CE,0.0,0.0,0.0,612.0,1188.55,0,0.0,0
2012-08-16,2012-10-25,OPTSTK,MRF,10150.0,CE,0.0,0.0,0.0,588.65,1154.05,0,0.0,0
2012-08-16,2012-10-25,OPTSTK,MRF,10200.0,CE,0.0,0.0,0.0,565.95,1120.6,0,0.0,0
2012-08-16,2012-10-25,OPTSTK,MRF,10250.0,CE,0.0,0.0,0.0,543.85,1087.7,0,0.0,0
2012-08-16,2012-10-25,OPTSTK,MRF,10300.0,CE,0.0,0.0,0.0,522.45,1055.45,0,0.0,0
2012-08-16,2012-10-25,OPTSTK,MRF,10350.0,CE,0.0,0.0,0.0,501.6,1023.75,0,0.0,0
2012-08-16,2012-10-25,OPTSTK,MRF,10400.0,CE,0.0,0.0,0.0,481.45,992.6,0,0.0,0
2012-08-16,2012-10-25,OPTSTK,MRF,10450.0,CE,0.0,0.0,0.0,461.85,962.1,0,0.0,0
2012-08-16,2012-10-25,OPTSTK,MRF,10500.0,CE,0.0,0.0,0.0,442.9,932.2,0,0.0,0
2012-08-16,2012-10-25,OPTSTK,MRF,10550.0,CE,0.0,0.0,0.0,424.5,902.9,0,0.0,0
2012-08-16,2012-10-25,OPTSTK,MRF,10600.0,CE,0.0,0.0,0.0,406.75,874.2,0,0.0,0
2012-08-16,2012-10-25,OPTSTK,MRF,10650.0,CE,0.0,0.0,0.0,389.55,846.1,0,0.0,0
2012-08-16,2012-10-25,OPTSTK,MRF,10700.0,CE,0.0,0.0,0.0,372.9,818.6,0,0.0,0
2012-08-16,2012-10-25,OPTSTK,MRF,10750.0,CE,0.0,0.0,0.0,356.85,791.75,0,0.0,0
2012-08-16,2012-10-25,OPTSTK,MRF,10800.0,CE,0.0,0.0,0.0,341.3,765.45,0,0.0,0
2012-08-16,2012-10-25,OPTSTK,MRF,10850.0,CE,0.0,0.0,0.0,326.35,739.75,0,0.0,0
2012-08-16,2012-10-25,OPTSTK,MRF,10900.0,CE,0.0,0.0,0.0,311.9,714.7,0,0.0,0
2012-08-16,2012-10-25,OPTSTK,MRF,10950.0,CE,0.0,0.0,0.0,595.05,690.2,0,0.0,0
2012-08-16,2012-10-25,OPTSTK,MRF,11000.0,CE,0.0,0.0,0.0,576.25,666.3,0,0.0,0
2012-08-16,2012-10-25,OPTSTK,MRF,11050.0,CE,0.0,0.0,0.0,557.95,643.05,0,0.0,0
2012-08-16,2012-10-25,OPTSTK,MRF,11100.0,CE,0.0,0.0,0.0,540.1,620.35,0,0.0,0
2012-08-16,2012-10-25,OPTSTK,MRF,11150.0,CE,0.0,0.0,0.0,522.7,598.25,0,0.0,0
2012-08-16,2012-10-25,OPTSTK,MRF,11200.0,CE,0.0,0.0,0.0,505.7,576.7,0,0.0,0
2012-08-16,2012-10-25,OPTSTK,MRF,9100.0,PE,0.0,0.0,0.0,186.55,68.75,0,0.0,0
2012-08-16,2012-10-25,OPTSTK,MRF,9150.0,PE,0.0,0.0,0.0,199.55,74.45,0,0.0,0
2012-08-16,2012-10-25,OPTSTK,MRF,9200.0,PE,0.0,0.0,0.0,212.75,80.5,0,0.0,0
2012-08-16,2012-10-25,OPTSTK,MRF,9250.0,PE,0.0,0.0,0.0,226.55,86.9,0,0.0,0
2012-08-16,2012-10-25,OPTSTK,MRF,9300.0,PE,0.0,0.0,0.0,240.95,93.7,0,0.0,0
2012-08-16,2012-10-25,OPTSTK,MRF,9350.0,PE,0.0,0.0,0.0,255.65,100.9,0,0.0,0
2012-08-16,2012-10-25,OPTSTK,MRF,9400.0,PE,0.0,0.0,0.0,271.35,108.5,0,0.0,0
2012-08-16,2012-10-25,OPTSTK,MRF,9450.0,PE,0.0,0.0,0.0,287.7,116.55,0,0.0,0
2012-08-16,2012-10-25,OPTSTK,MRF,9500.0,PE,0.0,0.0,0.0,304.7,125.0,0,0.0,0
2012-08-16,2012-10-25,OPTSTK,MRF,9550.0,PE,0.0,0.0,0.0,322.3,133.95,0,0.0,0
2012-08-16,2012-10-25,OPTSTK,MRF,9600.0,PE,0.0,0.0,0.0,340.6,143.3,0,0.0,0
2012-08-16,2012-10-25,OPTSTK,MRF,9650.0,PE,0.0,0.0,0.0,359.5,153.15,0,0.0,0
2012-08-16,2012-10-25,OPTSTK,MRF,9700.0,PE,0.0,0.0,0.0,379.1,163.45,0,0.0,0
2012-08-16,2012-10-25,OPTSTK,MRF,9750.0,PE,0.0,0.0,0.0,399.35,174.3,0,0.0,0
2012-08-16,2012-10-25,OPTSTK,MRF,9800.0,PE,0.0,0.0,0.0,420.25,185.6,0,0.0,0
2012-08-16,2012-10-25,OPTSTK,MRF,9850.0,PE,0.0,0.0,0.0,441.8,197.45,0,0.0,0
2012-08-16,2012-10-25,OPTSTK,MRF,9900.0,PE,0.0,0.0,0.0,464.05,210.15,0,0.0,0
2012-08-16,2012-10-25,OPTSTK,MRF,9950.0,PE,0.0,0.0,0.0,486.9,223.0,0,0.0,0
2012-08-16,2012-10-25,OPTSTK,MRF,10000.0,PE,0.0,0.0,0.0,510.45,236.4,0,0.0,0
2012-08-16,2012-10-25,OPTSTK,MRF,10050.0,PE,0.0,0.0,0.0,534.65,250.35,0,0.0,0
2012-08-16,2012-10-25,OPTSTK,MRF,10100.0,PE,0.0,0.0,0.0,559.5,264.8,0,0.0,0
2012-08-16,2012-10-25,OPTSTK,MRF,10150.0,PE,0.0,0.0,0.0,585.0,279.5,0,0.0,0
2012-08-16,2012-10-25,OPTSTK,MRF,10200.0,PE,0.0,0.0,0.0,611.15,295.15,0,0.0,0
2012-08-16,2012-10-25,OPTSTK,MRF,10250.0,PE,0.0,0.0,0.0,637.95,311.45,0,0.0,0
2012-08-16,2012-10-25,OPTSTK,MRF,10300.0,PE,0.0,0.0,0.0,665.35,328.3,0,0.0,0
2012-08-16,2012-10-25,OPTSTK,MRF,10350.0,PE,0.0,0.0,0.0,693.4,345.75,0,0.0,0
2012-08-16,2012-10-25,OPTSTK,MRF,10400.0,PE,0.0,0.0,0.0,722.1,363.75,0,0.0,0
2012-08-16,2012-10-25,OPTSTK,MRF,10450.0,PE,0.0,0.0,0.0,751.4,382.4,0,0.0,0
2012-08-16,2012-10-25,OPTSTK,MRF,10500.0,PE,0.0,0.0,0.0,781.3,401.65,0,0.0,0
2012-08-16,2012-10-25,OPTSTK,MRF,10550.0,PE,0.0,0.0,0.0,811.8,421.45,0,0.0,0
2012-08-16,2012-10-25,OPTSTK,MRF,10600.0,PE,0.0,0.0,0.0,842.85,441.9,0,0.0,0
2012-08-16,2012-10-25,OPTSTK,MRF,10650.0,PE,0.0,0.0,0.0,874.5,462.95,0,0.0,0
2012-08-16,2012-10-25,OPTSTK,MRF,10700.0,PE,0.0,0.0,0.0,906.75,484.6,0,0.0,0
2012-08-16,2012-10-25,OPTSTK,MRF,10750.0,PE,0.0,0.0,0.0,939.55,506.85,0,0.0,0
2012-08-16,2012-10-25,OPTSTK,MRF,10800.0,PE,0.0,0.0,0.0,972.9,529.75,0,0.0,0
2012-08-16,2012-10-25,OPTSTK,MRF,10850.0,PE,0.0,0.0,0.0,1006.8,553.2,0,0.0,0
2012-08-16,2012-10-25,OPTSTK,MRF,10900.0,PE,0.0,0.0,0.0,1041.2,577.25,0,0.0,0
2012-08-16,2012-10-25,OPTSTK,MRF,10950.0,PE,0.0,0.0,0.0,965.55,601.9,0,0.0,0
2012-08-16,2012-10-25,OPTSTK,MRF,11000.0,PE,0.0,0.0,0.0,995.75,627.15,0,0.0,0
2012-08-16,2012-10-25,OPTSTK,MRF,11050.0,PE,0.0,0.0,0.0,1026.45,653.0,0,0.0,0
2012-08-16,2012-10-25,OPTSTK,MRF,11100.0,PE,0.0,0.0,0.0,1057.55,679.45,0,0.0,0
2012-08-16,2012-10-25,OPTSTK,MRF,11150.0,PE,0.0,0.0,0.0,1089.15,706.5,0,0.0,0
2012-08-16,2012-10-25,OPTSTK,MRF,11200.0,PE,0.0,0.0,0.0,1121.15,734.15,0,0.0,0
2012-08-16,2012-08-30,OPTSTK,MRPL,25.0,CE,0.0,0.0,0.0,31.25,35.3,0,0.0,0
2012-08-16,2012-08-30,OPTSTK,MRPL,30.0,CE,0.0,0.0,0.0,26.4,30.3,0,0.0,0
2012-08-16,2012-08-30,OPTSTK,MRPL,35.0,CE,0.0,0.0,0.0,21.55,25.35,0,0.0,0
2012-08-16,2012-08-30,OPTSTK,MRPL,40.0,CE,0.0,0.0,0.0,16.8,20.35,0,0.0,0
2012-08-16,2012-08-30,OPTSTK,MRPL,45.0,CE,0.0,0.0,0.0,12.35,15.35,0,0.0,0
2012-08-16,2012-08-30,OPTSTK,MRPL,50.0,CE,0.0,0.0,0.0,6.6,10.4,0,0.0,8000
2012-08-16,2012-08-30,OPTSTK,MRPL,55.0,CE,0.0,0.0,0.0,3.5,5.6,0,0.0,16000
2012-08-16,2012-08-30,OPTSTK,MRPL,60.0,CE,0.5,3.75,0.2,2.35,2.35,36,88.96,104000
2012-08-16,2012-08-30,OPTSTK,MRPL,65.0,CE,0.35,0.9,0.35,0.85,0.85,5,13.15,40000
2012-08-16,2012-08-30,OPTSTK,MRPL,70.0,CE,0.3,0.3,0.15,0.25,0.25,6,16.85,28000
2012-08-16,2012-08-30,OPTSTK,MRPL,75.0,CE,0.0,0.0,0.0,0.55,0.0,0,0.0,0
2012-08-16,2012-08-30,OPTSTK,MRPL,80.0,CE,0.0,0.0,0.0,0.3,0.0,0,0.0,0
2012-08-16,2012-08-30,OPTSTK,MRPL,85.0,CE,0.0,0.0,0.0,0.15,0.0,0,0.0,0
2012-08-16,2012-08-30,OPTSTK,MRPL,90.0,CE,0.0,0.0,0.0,0.1,0.0,0,0.0,0
2012-08-16,2012-08-30,OPTSTK,MRPL,95.0,CE,0.0,0.0,0.0,0.05,0.0,0,0.0,0
2012-08-16,2012-08-30,OPTSTK,MRPL,100.0,CE,0.0,0.0,0.0,0.05,0.0,0,0.0,0
2012-08-16,2012-08-30,OPTSTK,MRPL,25.0,PE,0.0,0.0,0.0,0.05,0.0,0,0.0,0
2012-08-16,2012-08-30,OPTSTK,MRPL,30.0,PE,0.0,0.0,0.0,0.05,0.0,0,0.0,0
2012-08-16,2012-08-30,OPTSTK,MRPL,35.0,PE,0.0,0.0,0.0,0.05,0.0,0,0.0,0
2012-08-16,2012-08-30,OPTSTK,MRPL,40.0,PE,0.0,0.0,0.0,0.2,0.0,0,0.0,0
2012-08-16,2012-08-30,OPTSTK,MRPL,45.0,PE,0.05,0.05,0.05,0.05,0.05,1,1.8,8000
2012-08-16,2012-08-30,OPTSTK,MRPL,50.0,PE,0.0,0.0,0.0,0.8,0.05,0,0.0,32000
2012-08-16,2012-08-30,OPTSTK,MRPL,55.0,PE,0.0,0.0,0.0,0.7,0.25,0,0.0,4000
2012-08-16,2012-08-30,OPTSTK,MRPL,60.0,PE,0.0,0.0,0.0,4.4,1.6,0,0.0,4000
2012-08-16,2012-08-30,OPTSTK,MRPL,65.0,PE,0.0,0.0,0.0,9.7,5.0,0,0.0,0
2012-08-16,2012-08-30,OPTSTK,MRPL,70.0,PE,0.0,0.0,0.0,13.7,9.65,0,0.0,0
2012-08-16,2012-08-30,OPTSTK,MRPL,75.0,PE,0.0,0.0,0.0,18.1,14.55,0,0.0,0
2012-08-16,2012-08-30,OPTSTK,MRPL,80.0,PE,0.0,0.0,0.0,22.7,19.55,0,0.0,0
2012-08-16,2012-08-30,OPTSTK,MRPL,85.0,PE,0.0,0.0,0.0,27.45,24.55,0,0.0,0
2012-08-16,2012-08-30,OPTSTK,MRPL,90.0,PE,0.0,0.0,0.0,32.25,29.5,0,0.0,0
2012-08-16,2012-08-30,OPTSTK,MRPL,95.0,PE,0.0,0.0,0.0,37.1,34.5,0,0.0,0
2012-08-16,2012-08-30,OPTSTK,MRPL,100.0,PE,0.0,0.0,0.0,41.95,39.5,0,0.0,0
2012-08-16,2012-09-27,OPTSTK,MRPL,25.0,CE,0.0,0.0,0.0,28.8,35.5,0,0.0,0
2012-08-16,2012-09-27,OPTSTK,MRPL,30.0,CE,0.0,0.0,0.0,23.9,30.55,0,0.0,0
2012-08-16,2012-09-27,OPTSTK,MRPL,35.0,CE,0.0,0.0,0.0,19.05,25.6,0,0.0,0
2012-08-16,2012-09-27,OPTSTK,MRPL,40.0,CE,0.0,0.0,0.0,14.25,20.65,0,0.0,0
2012-08-16,2012-09-27,OPTSTK,MRPL,45.0,CE,0.0,0.0,0.0,9.8,15.7,0,0.0,0
2012-08-16,2012-09-27,OPTSTK,MRPL,50.0,CE,0.0,0.0,0.0,6.05,10.95,0,0.0,0
2012-08-16,2012-09-27,OPTSTK,MRPL,55.0,CE,0.0,0.0,0.0,3.35,6.7,0,0.0,0
2012-08-16,2012-09-27,OPTSTK,MRPL,60.0,CE,0.0,0.0,0.0,1.65,3.55,0,0.0,0
2012-08-16,2012-09-27,OPTSTK,MRPL,65.0,CE,0.0,0.0,0.0,0.75,1.6,0,0.0,0
2012-08-16,2012-09-27,OPTSTK,MRPL,70.0,CE,0.0,0.0,0.0,0.3,0.6,0,0.0,0
2012-08-16,2012-09-27,OPTSTK,MRPL,75.0,CE,0.0,0.0,0.0,0.15,0.2,0,0.0,0
2012-08-16,2012-09-27,OPTSTK,MRPL,80.0,CE,0.0,0.0,0.0,0.05,0.1,0,0.0,0
2012-08-16,2012-09-27,OPTSTK,MRPL,85.0,CE,0.0,0.0,0.0,0.05,0.05,0,0.0,0
2012-08-16,2012-09-27,OPTSTK,MRPL,90.0,CE,0.0,0.0,0.0,0.05,0.0,0,0.0,0
2012-08-16,2012-09-27,OPTSTK,MRPL,95.0,CE,0.0,0.0,0.0,0.05,0.0,0,0.0,0
2012-08-16,2012-09-27,OPTSTK,MRPL,100.0,CE,0.0,0.0,0.0,0.05,0.0,0,0.0,0
2012-08-16,2012-09-27,OPTSTK,MRPL,25.0,PE,0.0,0.0,0.0,0.05,0.0,0,0.0,0
2012-08-16,2012-09-27,OPTSTK,MRPL,30.0,PE,0.0,0.0,0.0,0.05,0.0,0,0.0,0
2012-08-16,2012-09-27,OPTSTK,MRPL,35.0,PE,0.0,0.0,0.0,0.05,0.0,0,0.0,0
2012-08-16,2012-09-27,OPTSTK,MRPL,40.0,PE,0.0,0.0,0.0,0.1,0.0,0,0.0,0
2012-08-16,2012-09-27,OPTSTK,MRPL,45.0,PE,0.0,0.0,0.0,0.55,0.05,0,0.0,0
2012-08-16,2012-09-27,OPTSTK,MRPL,50.0,PE,0.0,0.0,0.0,1.7,0.2,0,0.0,0
2012-08-16,2012-09-27,OPTSTK,MRPL,55.0,PE,0.0,0.0,0.0,3.85,0.95,0,0.0,0
2012-08-16,2012-09-27,OPTSTK,MRPL,60.0,PE,0.0,0.0,0.0,7.05,2.7,0,0.0,0
2012-08-16,2012-09-27,OPTSTK,MRPL,65.0,PE,0.0,0.0,0.0,11.05,5.7,0,0.0,0
2012-08-16,2012-09-27,OPTSTK,MRPL,70.0,PE,0.0,0.0,0.0,15.5,9.7,0,0.0,0
2012-08-16,2012-09-27,OPTSTK,MRPL,75.0,PE,0.0,0.0,0.0,20.2,14.25,0,0.0,0
2012-08-16,2012-09-27,OPTSTK,MRPL,80.0,PE,0.0,0.0,0.0,25.0,19.05,0,0.0,0
2012-08-16,2012-09-27,OPTSTK,MRPL,85.0,PE,0.0,0.0,0.0,29.85,23.95,0,0.0,0
2012-08-16,2012-09-27,OPTSTK,MRPL,90.0,PE,0.0,0.0,0.0,34.75,28.9,0,0.0,0
2012-08-16,2012-09-27,OPTSTK,MRPL,95.0,PE,0.0,0.0,0.0,39.6,33.85,0,0.0,0
2012-08-16,2012-09-27,OPTSTK,MRPL,100.0,PE,0.0,0.0,0.0,44.5,38.8,0,0.0,0
2012-08-16,2012-08-30,OPTSTK,MTNL,10.0,CE,0.0,0.0,0.0,13.75,23.45,0,0.0,0
2012-08-16,2012-08-30,OPTSTK,MTNL,12.5,CE,0.0,0.0,0.0,11.3,20.95,0,0.0,0
2012-08-16,2012-08-30,OPTSTK,MTNL,15.0,CE,0.0,0.0,0.0,8.9,18.45,0,0.0,0
2012-08-16,2012-08-30,OPTSTK,MTNL,17.5,CE,0.0,0.0,0.0,6.65,16.0,0,0.0,0
2012-08-16,2012-08-30,OPTSTK,MTNL,20.0,CE,0.0,0.0,0.0,4.65,13.5,0,0.0,0
2012-08-16,2012-08-30,OPTSTK,MTNL,22.5,CE,0.0,0.0,0.0,2.7,11.0,0,0.0,8000
2012-08-16,2012-08-30,OPTSTK,MTNL,25.0,CE,0.0,0.0,0.0,8.25,8.5,0,0.0,216000
2012-08-16,2012-08-30,OPTSTK,MTNL,27.5,CE,6.6,6.6,6.6,6.6,6.6,2,5.45,472000
2012-08-16,2012-08-30,OPTSTK,MTNL,30.0,CE,4.25,4.3,3.9,3.9,3.9,3,8.19,1168000
2012-08-16,2012-08-30,OPTSTK,MTNL,32.5,CE,2.3,2.3,1.85,1.95,1.95,29,80.3,2488000
2012-08-16,2012-08-30,OPTSTK,MTNL,35.0,CE,0.8,1.05,0.7,0.8,0.8,146,419.66,2208000
2012-08-16,2012-08-30,OPTSTK,MTNL,37.5,CE,0.5,0.5,0.35,0.35,0.35,66,200.14,1832000
2012-08-16,2012-08-30,OPTSTK,MTNL,40.0,CE,0.2,0.2,0.15,0.15,0.15,15,48.2,1400000
2012-08-16,2012-08-30,OPTSTK,MTNL,42.5,CE,0.0,0.0,0.0,0.1,0.05,0,0.0,64000
2012-08-16,2012-08-30,OPTSTK,MTNL,45.0,CE,0.0,0.0,0.0,0.1,0.0,0,0.0,8000
2012-08-16,2012-08-30,OPTSTK,MTNL,47.5,CE,0.0,0.0,0.0,0.05,0.0,0,0.0,0
2012-08-16,2012-08-30,OPTSTK,MTNL,10.0,PE,0.0,0.0,0.0,0.05,0.0,0,0.0,0
2012-08-16,2012-08-30,OPTSTK,MTNL,12.5,PE,0.0,0.0,0.0,0.05,0.0,0,0.0,0
2012-08-16,2012-08-30,OPTSTK,MTNL,15.0,PE,0.0,0.0,0.0,0.05,0.0,0,0.0,0
2012-08-16,2012-08-30,OPTSTK,MTNL,17.5,PE,0.0,0.0,0.0,0.2,0.0,0,0.0,0
2012-08-16,2012-08-30,OPTSTK,MTNL,20.0,PE,0.0,0.0,0.0,0.65,0.0,0,0.0,0
2012-08-16,2012-08-30,OPTSTK,MTNL,22.5,PE,0.0,0.0,0.0,0.05,0.0,0,0.0,96000
2012-08-16,2012-08-30,OPTSTK,MTNL,25.0,PE,0.05,0.05,0.05,0.05,0.05,10,20.04,392000
2012-08-16,2012-08-30,OPTSTK,MTNL,27.5,PE,0.1,0.1,0.1,0.1,0.1,4,8.83,640000
2012-08-16,2012-08-30,OPTSTK,MTNL,30.0,PE,0.3,0.35,0.25,0.25,0.25,25,60.56,744000
2012-08-16,2012-08-30,OPTSTK,MTNL,32.5,PE,1.0,1.0,0.7,0.75,0.75,50,133.15,1648000
2012-08-16,2012-08-30,OPTSTK,MTNL,35.0,PE,0.0,0.0,0.0,2.4,2.3,0,0.0,80000
2012-08-16,2012-08-30,OPTSTK,MTNL,37.5,PE,0.0,0.0,0.0,13.2,4.25,0,0.0,0
2012-08-16,2012-08-30,OPTSTK,MTNL,40.0,PE,0.0,0.0,0.0,15.6,6.55,0,0.0,0
2012-08-16,2012-08-30,OPTSTK,MTNL,42.5,PE,0.0,0.0,0.0,18.0,9.0,0,0.0,0
2012-08-16,2012-08-30,OPTSTK,MTNL,45.0,PE,0.0,0.0,0.0,20.45,11.45,0,0.0,0
2012-08-16,2012-08-30,OPTSTK,MTNL,47.5,PE,0.0,0.0,0.0,22.9,13.95,0,0.0,0
2012-08-16,2012-09-27,OPTSTK,MTNL,10.0,CE,0.0,0.0,0.0,12.8,23.5,0,0.0,0
2012-08-16,2012-09-27,OPTSTK,MTNL,12.5,CE,0.0,0.0,0.0,10.35,21.05,0,0.0,0
2012-08-16,2012-09-27,OPTSTK,MTNL,15.0,CE,0.0,0.0,0.0,7.95,18.6,0,0.0,0
2012-08-16,2012-09-27,OPTSTK,MTNL,17.5,CE,0.0,0.0,0.0,5.55,16.1,0,0.0,0
2012-08-16,2012-09-27,OPTSTK,MTNL,20.0,CE,0.0,0.0,0.0,3.45,13.65,0,0.0,0
2012-08-16,2012-09-27,OPTSTK,MTNL,22.5,CE,0.0,0.0,0.0,1.85,11.15,0,0.0,0
2012-08-16,2012-09-27,OPTSTK,MTNL,25.0,CE,0.0,0.0,0.0,0.85,8.75,0,0.0,0
2012-08-16,2012-09-27,OPTSTK,MTNL,27.5,CE,0.0,0.0,0.0,0.35,6.55,0,0.0,0
2012-08-16,2012-09-27,OPTSTK,MTNL,30.0,CE,0.0,0.0,0.0,0.15,4.6,0,0.0,0
2012-08-16,2012-09-27,OPTSTK,MTNL,32.5,CE,0.0,0.0,0.0,0.05,3.0,0,0.0,0
2012-08-16,2012-09-27,OPTSTK,MTNL,35.0,CE,1.35,2.3,1.35,2.3,2.3,2,5.89,56000
2012-08-16,2012-09-27,OPTSTK,MTNL,37.5,CE,0.0,0.0,0.0,0.9,1.1,0,0.0,16000
2012-08-16,2012-09-27,OPTSTK,MTNL,40.0,CE,0.6,0.6,0.6,0.6,0.6,1,3.24,48000
2012-08-16,2012-09-27,OPTSTK,MTNL,42.5,CE,0.0,0.0,0.0,0.05,0.35,0,0.0,0
2012-08-16,2012-09-27,OPTSTK,MTNL,45.0,CE,0.0,0.0,0.0,0.05,0.15,0,0.0,0
2012-08-16,2012-09-27,OPTSTK,MTNL,47.5,CE,0.0,0.0,0.0,0.05,0.1,0,0.0,0
2012-08-16,2012-09-27,OPTSTK,MTNL,10.0,PE,0.0,0.0,0.0,0.05,0.0,0,0.0,0
2012-08-16,2012-09-27,OPTSTK,MTNL,12.5,PE,0.0,0.0,0.0,0.05,0.0,0,0.0,0
2012-08-16,2012-09-27,OPTSTK,MTNL,15.0,PE,0.0,0.0,0.0,0.05,0.0,0,0.0,0
2012-08-16,2012-09-27,OPTSTK,MTNL,17.5,PE,0.0,0.0,0.0,0.1,0.0,0,0.0,0
2012-08-16,2012-09-27,OPTSTK,MTNL,20.0,PE,0.0,0.0,0.0,0.45,0.0,0,0.0,0
2012-08-16,2012-09-27,OPTSTK,MTNL,22.5,PE,0.0,0.0,0.0,1.3,0.05,0,0.0,0
2012-08-16,2012-09-27,OPTSTK,MTNL,25.0,PE,0.0,0.0,0.0,2.75,0.1,0,0.0,0
2012-08-16,2012-09-27,OPTSTK,MTNL,27.5,PE,0.0,0.0,0.0,0.7,0.35,0,0.0,16000
2012-08-16,2012-09-27,OPTSTK,MTNL,30.0,PE,0.0,0.0,0.0,1.6,0.85,0,0.0,8000
2012-08-16,2012-09-27,OPTSTK,MTNL,32.5,PE,0.0,0.0,0.0,9.25,1.8,0,0.0,0
2012-08-16,2012-09-27,OPTSTK,MTNL,35.0,PE,0.0,0.0,0.0,11.65,3.1,0,0.0,0
2012-08-16,2012-09-27,OPTSTK,MTNL,37.5,PE,0.0,0.0,0.0,14.1,4.8,0,0.0,0
2012-08-16,2012-09-27,OPTSTK,MTNL,40.0,PE,0.0,0.0,0.0,16.55,6.8,0,0.0,0
2012-08-16,2012-09-27,OPTSTK,MTNL,42.5,PE,0.0,0.0,0.0,19.0,9.0,0,0.0,0
2012-08-16,2012-09-27,OPTSTK,MTNL,45.0,PE,0.0,0.0,0.0,21.4,11.3,0,0.0,0
2012-08-16,2012-09-27,OPTSTK,MTNL,47.5,PE,0.0,0.0,0.0,23.85,13.7,0,0.0,0
2012-08-16,2012-08-30,OPTSTK,NAGAROIL,2.5,CE,0.0,0.0,0.0,3.3,3.15,0,0.0,0
2012-08-16,2012-08-30,OPTSTK,NAGAROIL,5.0,CE,0.0,0.0,0.0,1.45,0.75,0,0.0,0
2012-08-16,2012-08-30,OPTSTK,NAGAROIL,7.5,CE,0.05,0.05,0.05,0.05,0.05,1,2.26,540000
2012-08-16,2012-08-30,OPTSTK,NAGAROIL,10.0,CE,0.0,0.0,0.0,0.05,0.0,0,0.0,60000
2012-08-16,2012-08-30,OPTSTK,NAGAROIL,12.5,CE,0.0,0.0,0.0,0.1,0.0,0,0.0,0
2012-08-16,2012-08-30,OPTSTK,NAGAROIL,15.0,CE,0.0,0.0,0.0,0.05,0.0,0,0.0,0
2012-08-16,2012-08-30,OPTSTK,NAGAROIL,17.5,CE,0.0,0.0,0.0,0.05,0.0,0,0.0,0
2012-08-16,2012-08-30,OPTSTK,NAGAROIL,20.0,CE,0.0,0.0,0.0,0.05,0.0,0,0.0,0
2012-08-16,2012-08-30,OPTSTK,NAGAROIL,22.5,CE,0.0,0.0,0.0,0.05,0.0,0,0.0,0
2012-08-16,2012-08-30,OPTSTK,NAGAROIL,2.5,PE,0.0,0.0,0.0,0.05,0.0,0,0.0,0
2012-08-16,2012-08-30,OPTSTK,NAGAROIL,5.0,PE,0.0,0.0,0.0,0.25,0.1,0,0.0,30000
2012-08-16,2012-08-30,OPTSTK,NAGAROIL,7.5,PE,0.0,0.0,0.0,3.95,1.9,0,0.0,0
2012-08-16,2012-08-30,OPTSTK,NAGAROIL,10.0,PE,0.0,0.0,0.0,4.3,4.4,0,0.0,0
2012-08-16,2012-08-30,OPTSTK,NAGAROIL,12.5,PE,0.0,0.0,0.0,6.6,6.9,0,0.0,0
2012-08-16,2012-08-30,OPTSTK,NAGAROIL,15.0,PE,0.0,0.0,0.0,9.0,9.35,0,0.0,0
2012-08-16,2012-08-30,OPTSTK,NAGAROIL,17.5,PE,0.0,0.0,0.0,11.4,11.85,0,0.0,0
2012-08-16,2012-08-30,OPTSTK,NAGAROIL,20.0,PE,0.0,0.0,0.0,13.85,14.35,0,0.0,0
2012-08-16,2012-08-30,OPTSTK,NAGAROIL,22.5,PE,0.0,0.0,0.0,16.3,16.85,0,0.0,0
2012-08-16,2012-08-30,OPTSTK,NCC,17.5,CE,0.0,0.0,0.0,13.65,24.05,0,0.0,0
2012-08-16,2012-08-30,OPTSTK,NCC,20.0,CE,0.0,0.0,0.0,11.4,21.55,0,0.0,0
2012-08-16,2012-08-30,OPTSTK,NCC,22.5,CE,0.0,0.0,0.0,9.3,19.05,0,0.0,0
2012-08-16,2012-08-30,OPTSTK,NCC,25.0,CE,0.0,0.0,0.0,7.45,16.55,0,0.0,0
2012-08-16,2012-08-30,OPTSTK,NCC,27.5,CE,0.0,0.0,0.0,5.85,14.05,0,0.0,0
2012-08-16,2012-08-30,OPTSTK,NCC,30.0,CE,0.0,0.0,0.0,4.5,11.55,0,0.0,0
2012-08-16,2012-08-30,OPTSTK,NCC,32.5,CE,0.0,0.0,0.0,3.4,9.1,0,0.0,0
2012-08-16,2012-08-30,OPTSTK,NCC,35.0,CE,0.0,0.0,0.0,4.55,6.7,0,0.0,4000
2012-08-16,2012-08-30,OPTSTK,NCC,37.5,CE,0.0,0.0,0.0,3.85,4.5,0,0.0,12000
2012-08-16,2012-08-30,OPTSTK,NCC,40.0,CE,2.4,2.4,2.35,2.35,2.35,2,3.39,40000
2012-08-16,2012-08-30,OPTSTK,NCC,42.5,CE,0.0,0.0,0.0,1.1,1.4,0,0.0,4000
2012-08-16,2012-08-30,OPTSTK,NCC,45.0,CE,0.0,0.0,0.0,0.75,0.65,0,0.0,0
2012-08-16,2012-08-30,OPTSTK,NCC,47.5,CE,0.0,0.0,0.0,0.55,0.3,0,0.0,0
2012-08-16,2012-08-30,OPTSTK,NCC,50.0,CE,0.0,0.0,0.0,0.4,0.1,0,0.0,0
2012-08-16,2012-08-30,OPTSTK,NCC,52.5,CE,0.0,0.0,0.0,0.3,0.05,0,0.0,0
2012-08-16,2012-08-30,OPTSTK,NCC,55.0,CE,0.0,0.0,0.0,0.2,0.05,0,0.0,0
2012-08-16,2012-08-30,OPTSTK,NCC,57.5,CE,0.0,0.0,0.0,0.15,0.0,0,0.0,0
2012-08-16,2012-08-30,OPTSTK,NCC,60.0,CE,0.0,0.0,0.0,0.15,0.0,0,0.0,0
2012-08-16,2012-08-30,OPTSTK,NCC,17.5,PE,0.0,0.0,0.0,0.1,0.0,0,0.0,0
2012-08-16,2012-08-30,OPTSTK,NCC,20.0,PE,0.0,0.0,0.0,0.3,0.0,0,0.0,0
2012-08-16,2012-08-30,OPTSTK,NCC,22.5,PE,0.0,0.0,0.0,0.65,0.0,0,0.0,0
2012-08-16,2012-08-30,OPTSTK,NCC,25.0,PE,0.0,0.0,0.0,1.25,0.0,0,0.0,0
2012-08-16,2012-08-30,OPTSTK,NCC,27.5,PE,0.0,0.0,0.0,2.05,0.0,0,0.0,0
2012-08-16,2012-08-30,OPTSTK,NCC,30.0,PE,0.0,0.0,0.0,3.15,0.0,0,0.0,0
2012-08-16,2012-08-30,OPTSTK,NCC,32.5,PE,0.0,0.0,0.0,4.55,0.05,0,0.0,0
2012-08-16,2012-08-30,OPTSTK,NCC,35.0,PE,0.0,0.0,0.0,0.75,0.1,0,0.0,8000
2012-08-16,2012-08-30,OPTSTK,NCC,37.5,PE,0.0,0.0,0.0,1.75,0.4,0,0.0,4000
2012-08-16,2012-08-30,OPTSTK,NCC,40.0,PE,0.8,0.8,0.6,0.6,0.6,2,3.25,8000
2012-08-16,2012-08-30,OPTSTK,NCC,42.5,PE,0.0,0.0,0.0,11.9,2.3,0,0.0,0
2012-08-16,2012-08-30,OPTSTK,NCC,45.0,PE,0.0,0.0,0.0,14.05,4.05,0,0.0,0
2012-08-16,2012-08-30,OPTSTK,NCC,47.5,PE,0.0,0.0,0.0,16.3,6.15,0,0.0,0
2012-08-16,2012-08-30,OPTSTK,NCC,50.0,PE,0.0,0.0,0.0,18.6,8.5,0,0.0,0
2012-08-16,2012-08-30,OPTSTK,NCC,52.5,PE,0.0,0.0,0.0,20.95,10.9,0,0.0,0
2012-08-16,2012-08-30,OPTSTK,NCC,55.0,PE,0.0,0.0,0.0,23.3,13.4,0,0.0,0
2012-08-16,2012-08-30,OPTSTK,NCC,57.5,PE,0.0,0.0,0.0,24.95,15.9,0,0.0,0
2012-08-16,2012-08-30,OPTSTK,NCC,60.0,PE,0.0,0.0,0.0,25.1,18.35,0,0.0,0
2012-08-16,2012-09-27,OPTSTK,NCC,17.5,CE,0.0,0.0,0.0,23.0,24.15,0,0.0,0
2012-08-16,2012-09-27,OPTSTK,NCC,20.0,CE,0.0,0.0,0.0,20.6,21.7,0,0.0,0
2012-08-16,2012-09-27,OPTSTK,NCC,22.5,CE,0.0,0.0,0.0,18.3,19.2,0,0.0,0
2012-08-16,2012-09-27,OPTSTK,NCC,25.0,CE,0.0,0.0,0.0,16.05,16.75,0,0.0,0
2012-08-16,2012-09-27,OPTSTK,NCC,27.5,CE,0.0,0.0,0.0,14.0,14.3,0,0.0,0
2012-08-16,2012-09-27,OPTSTK,NCC,30.0,CE,0.0,0.0,0.0,12.05,11.9,0,0.0,0
2012-08-16,2012-09-27,OPTSTK,NCC,32.5,CE,0.0,0.0,0.0,10.3,9.6,0,0.0,0
2012-08-16,2012-09-27,OPTSTK,NCC,35.0,CE,0.0,0.0,0.0,8.7,7.45,0,0.0,0
2012-08-16,2012-09-27,OPTSTK,NCC,37.5,CE,0.0,0.0,0.0,7.35,5.6,0,0.0,0
2012-08-16,2012-09-27,OPTSTK,NCC,40.0,CE,0.0,0.0,0.0,6.15,4.05,0,0.0,0
2012-08-16,2012-09-27,OPTSTK,NCC,42.5,CE,0.0,0.0,0.0,5.1,2.85,0,0.0,0
2012-08-16,2012-09-27,OPTSTK,NCC,45.0,CE,0.0,0.0,0.0,4.25,1.9,0,0.0,0
2012-08-16,2012-09-27,OPTSTK,NCC,47.5,CE,0.0,0.0,0.0,3.5,1.25,0,0.0,0
2012-08-16,2012-09-27,OPTSTK,NCC,50.0,CE,0.0,0.0,0.0,2.85,0.8,0,0.0,0
2012-08-16,2012-09-27,OPTSTK,NCC,52.5,CE,0.0,0.0,0.0,2.35,0.5,0,0.0,0
2012-08-16,2012-09-27,OPTSTK,NCC,55.0,CE,0.0,0.0,0.0,1.95,0.3,0,0.0,0
2012-08-16,2012-09-27,OPTSTK,NCC,57.5,CE,0.0,0.0,0.0,1.6,0.2,0,0.0,0
2012-08-16,2012-09-27,OPTSTK,NCC,60.0,CE,0.0,0.0,0.0,1.3,0.1,0,0.0,0
2012-08-16,2012-09-27,OPTSTK,NCC,17.5,PE,0.0,0.0,0.0,0.05,0.0,0,0.0,0
2012-08-16,2012-09-27,OPTSTK,NCC,20.0,PE,0.0,0.0,0.0,0.1,0.0,0,0.0,0
2012-08-16,2012-09-27,OPTSTK,NCC,22.5,PE,0.0,0.0,0.0,0.2,0.0,0,0.0,0
2012-08-16,2012-09-27,OPTSTK,NCC,25.0,PE,0.0,0.0,0.0,0.45,0.05,0,0.0,0
2012-08-16,2012-09-27,OPTSTK,NCC,27.5,PE,0.0,0.0,0.0,0.8,0.05,0,0.0,0
2012-08-16,2012-09-27,OPTSTK,NCC,30.0,PE,0.0,0.0,0.0,1.3,0.1,0,0.0,0
2012-08-16,2012-09-27,OPTSTK,NCC,32.5,PE,0.0,0.0,0.0,2.0,0.3,0,0.0,0
2012-08-16,2012-09-27,OPTSTK,NCC,35.0,PE,0.0,0.0,0.0,2.85,0.65,0,0.0,0
2012-08-16,2012-09-27,OPTSTK,NCC,37.5,PE,0.0,0.0,0.0,3.9,1.3,0,0.0,0
2012-08-16,2012-09-27,OPTSTK,NCC,40.0,PE,0.0,0.0,0.0,5.15,2.2,0,0.0,0
2012-08-16,2012-09-27,OPTSTK,NCC,42.5,PE,0.0,0.0,0.0,6.55,3.45,0,0.0,0
2012-08-16,2012-09-27,OPTSTK,NCC,45.0,PE,0.0,0.0,0.0,8.15,5.0,0,0.0,0
2012-08-16,2012-09-27,OPTSTK,NCC,47.5,PE,0.0,0.0,0.0,9.85,6.8,0,0.0,0
2012-08-16,2012-09-27,OPTSTK,NCC,50.0,PE,0.0,0.0,0.0,11.65,8.85,0,0.0,0
2012-08-16,2012-09-27,OPTSTK,NCC,52.5,PE,0.0,0.0,0.0,13.6,11.0,0,0.0,0
2012-08-16,2012-09-27,OPTSTK,NCC,55.0,PE,0.0,0.0,0.0,15.6,13.3,0,0.0,0
2012-08-16,2012-09-27,OPTSTK,NCC,57.5,PE,0.0,0.0,0.0,17.7,15.65,0,0.0,0
2012-08-16,2012-09-27,OPTSTK,NCC,60.0,PE,0.0,0.0,0.0,19.85,18.05,0,0.0,0
2012-08-16,2012-10-25,OPTSTK,NCC,17.5,CE,0.0,0.0,0.0,19.2,24.25,0,0.0,0
2012-08-16,2012-10-25,OPTSTK,NCC,20.0,CE,0.0,0.0,0.0,16.8,21.8,0,0.0,0
2012-08-16,2012-10-25,OPTSTK,NCC,22.5,CE,0.0,0.0,0.0,14.5,19.35,0,0.0,0
2012-08-16,2012-10-25,OPTSTK,NCC,25.0,CE,0.0,0.0,0.0,12.3,16.95,0,0.0,0
2012-08-16,2012-10-25,OPTSTK,NCC,27.5,CE,0.0,0.0,0.0,10.3,14.55,0,0.0,0
2012-08-16,2012-10-25,OPTSTK,NCC,30.0,CE,0.0,0.0,0.0,8.45,12.3,0,0.0,0
2012-08-16,2012-10-25,OPTSTK,NCC,32.5,CE,0.0,0.0,0.0,6.9,10.15,0,0.0,0
2012-08-16,2012-10-25,OPTSTK,NCC,35.0,CE,0.0,0.0,0.0,5.5,8.25,0,0.0,0
2012-08-16,2012-10-25,OPTSTK,NCC,37.5,CE,0.0,0.0,0.0,4.35,6.5,0,0.0,0
2012-08-16,2012-10-25,OPTSTK,NCC,40.0,CE,0.0,0.0,0.0,3.45,5.05,0,0.0,0
2012-08-16,2012-10-25,OPTSTK,NCC,42.5,CE,0.0,0.0,0.0,2.7,3.85,0,0.0,0
2012-08-16,2012-10-25,OPTSTK,NCC,45.0,CE,0.0,0.0,0.0,2.05,2.9,0,0.0,0
2012-08-16,2012-10-25,OPTSTK,NCC,47.5,CE,0.0,0.0,0.0,1.6,2.15,0,0.0,0
2012-08-16,2012-10-25,OPTSTK,NCC,50.0,CE,0.0,0.0,0.0,1.2,1.55,0,0.0,0
2012-08-16,2012-10-25,OPTSTK,NCC,52.5,CE,0.0,0.0,0.0,0.95,1.15,0,0.0,0
2012-08-16,2012-10-25,OPTSTK,NCC,55.0,CE,0.0,0.0,0.0,0.7,0.8,0,0.0,0
2012-08-16,2012-10-25,OPTSTK,NCC,57.5,CE,0.0,0.0,0.0,0.55,0.6,0,0.0,0
2012-08-16,2012-10-25,OPTSTK,NCC,60.0,CE,0.0,0.0,0.0,0.4,0.4,0,0.0,0
2012-08-16,2012-10-25,OPTSTK,NCC,17.5,PE,0.0,0.0,0.0,0.05,0.0,0,0.0,0
2012-08-16,2012-10-25,OPTSTK,NCC,20.0,PE,0.0,0.0,0.0,0.1,0.0,0,0.0,0
2012-08-16,2012-10-25,OPTSTK,NCC,22.5,PE,0.0,0.0,0.0,0.25,0.05,0,0.0,0
2012-08-16,2012-10-25,OPTSTK,NCC,25.0,PE,0.0,0.0,0.0,0.5,0.05,0,0.0,0
2012-08-16,2012-10-25,OPTSTK,NCC,27.5,PE,0.0,0.0,0.0,0.9,0.15,0,0.0,0
2012-08-16,2012-10-25,OPTSTK,NCC,30.0,PE,0.0,0.0,0.0,1.55,0.35,0,0.0,0
2012-08-16,2012-10-25,OPTSTK,NCC,32.5,PE,0.0,0.0,0.0,2.4,0.65,0,0.0,0
2012-08-16,2012-10-25,OPTSTK,NCC,35.0,PE,0.0,0.0,0.0,3.45,1.2,0,0.0,0
2012-08-16,2012-10-25,OPTSTK,NCC,37.5,PE,0.0,0.0,0.0,4.75,1.95,0,0.0,0
2012-08-16,2012-10-25,OPTSTK,NCC,40.0,PE,0.0,0.0,0.0,6.3,2.95,0,0.0,0
2012-08-16,2012-10-25,OPTSTK,NCC,42.5,PE,0.0,0.0,0.0,7.95,4.2,0,0.0,0
2012-08-16,2012-10-25,OPTSTK,NCC,45.0,PE,0.0,0.0,0.0,9.8,5.7,0,0.0,0
2012-08-16,2012-10-25,OPTSTK,NCC,47.5,PE,0.0,0.0,0.0,11.75,7.4,0,0.0,0
2012-08-16,2012-10-25,OPTSTK,NCC,50.0,PE,0.0,0.0,0.0,13.85,9.25,0,0.0,0
2012-08-16,2012-10-25,OPTSTK,NCC,52.5,PE,0.0,0.0,0.0,16.0,11.3,0,0.0,0
2012-08-16,2012-10-25,OPTSTK,NCC,55.0,PE,0.0,0.0,0.0,18.2,13.4,0,0.0,0
2012-08-16,2012-10-25,OPTSTK,NCC,57.5,PE,0.0,0.0,0.0,20.5,15.65,0,0.0,0
2012-08-16,2012-10-25,OPTSTK,NCC,60.0,PE,0.0,0.0,0.0,22.8,17.95,0,0.0,0
2012-08-16,2012-08-30,OPTSTK,NHPC,5.0,CE,0.0,0.0,0.0,13.45,13.55,0,0.0,0
2012-08-16,2012-08-30,OPTSTK,NHPC,7.5,CE,0.0,0.0,0.0,11.0,11.05,0,0.0,0
2012-08-16,2012-08-30,OPTSTK,NHPC,10.0,CE,0.0,0.0,0.0,8.55,8.55,0,0.0,0
2012-08-16,2012-08-30,OPTSTK,NHPC,12.5,CE,0.0,0.0,0.0,6.1,6.05,0,0.0,0
2012-08-16,2012-08-30,OPTSTK,NHPC,15.0,CE,0.0,0.0,0.0,2.9,3.55,0,0.0,10000
2012-08-16,2012-08-30,OPTSTK,NHPC,17.5,CE,1.15,1.15,1.15,1.15,1.15,1,1.86,330000
2012-08-16,2012-08-30,OPTSTK,NHPC,20.0,CE,0.1,0.1,0.1,0.1,0.1,11,22.11,3330000
2012-08-16,2012-08-30,OPTSTK,NHPC,22.5,CE,0.0,0.0,0.0,0.05,0.0,0,0.0,160000
2012-08-16,2012-08-30,OPTSTK,NHPC,25.0,CE,0.0,0.0,0.0,0.05,0.0,0,0.0,20000
2012-08-16,2012-08-30,OPTSTK,NHPC,27.5,CE,0.0,0.0,0.0,0.05,0.0,0,0.0,0
2012-08-16,2012-08-30,OPTSTK,NHPC,30.0,CE,0.0,0.0,0.0,0.05,0.0,0,0.0,0
2012-08-16,2012-08-30,OPTSTK,NHPC,32.5,CE,0.0,0.0,0.0,0.05,0.0,0,0.0,0
2012-08-16,2012-08-30,OPTSTK,NHPC,35.0,CE,0.0,0.0,0.0,0.05,0.0,0,0.0,0
2012-08-16,2012-08-30,OPTSTK,NHPC,37.5,CE,0.0,0.0,0.0,0.05,0.0,0,0.0,0
2012-08-16,2012-08-30,OPTSTK,NHPC,40.0,CE,0.0,0.0,0.0,0.05,0.0,0,0.0,0
2012-08-16,2012-08-30,OPTSTK,NHPC,42.5,CE,0.0,0.0,0.0,0.05,0.0,0,0.0,0
2012-08-16,2012-08-30,OPTSTK,NHPC,5.0,PE,0.0,0.0,0.0,0.05,0.0,0,0.0,0
2012-08-16,2012-08-30,OPTSTK,NHPC,7.5,PE,0.0,0.0,0.0,0.05,0.0,0,0.0,0
2012-08-16,2012-08-30,OPTSTK,NHPC,10.0,PE,0.0,0.0,0.0,0.05,0.0,0,0.0,0
2012-08-16,2012-08-30,OPTSTK,NHPC,12.5,PE,0.0,0.0,0.0,0.05,0.0,0,0.0,0
2012-08-16,2012-08-30,OPTSTK,NHPC,15.0,PE,0.0,0.0,0.0,0.05,0.0,0,0.0,40000
2012-08-16,2012-08-30,OPTSTK,NHPC,17.5,PE,0.05,0.05,0.05,0.05,0.05,4,7.02,780000
2012-08-16,2012-08-30,OPTSTK,NHPC,20.0,PE,1.6,1.6,1.6,1.6,1.6,3,6.48,140000
2012-08-16,2012-08-30,OPTSTK,NHPC,22.5,PE,0.0,0.0,0.0,3.85,3.95,0,0.0,0
2012-08-16,2012-08-30,OPTSTK,NHPC,25.0,PE,0.0,0.0,0.0,6.15,6.45,0,0.0,0
2012-08-16,2012-08-30,OPTSTK,NHPC,27.5,PE,0.0,0.0,0.0,8.55,8.95,0,0.0,0
2012-08-16,2012-08-30,OPTSTK,NHPC,30.0,PE,0.0,0.0,0.0,11.0,11.4,0,0.0,0
2012-08-16,2012-08-30,OPTSTK,NHPC,32.5,PE,0.0,0.0,0.0,13.45,13.9,0,0.0,0
2012-08-16,2012-08-30,OPTSTK,NHPC,35.0,PE,0.0,0.0,0.0,15.9,16.4,0,0.0,0
2012-08-16,2012-08-30,OPTSTK,NHPC,37.5,PE,0.0,0.0,0.0,18.3,18.9,0,0.0,0
2012-08-16,2012-08-30,OPTSTK,NHPC,40.0,PE,0.0,0.0,0.0,20.75,21.4,0,0.0,0
2012-08-16,2012-08-30,OPTSTK,NHPC,42.5,PE,0.0,0.0,0.0,23.2,23.9,0,0.0,0
2012-08-16,2012-09-27,OPTSTK,NHPC,5.0,CE,0.0,0.0,0.0,13.05,13.55,0,0.0,0
2012-08-16,2012-09-27,OPTSTK,NHPC,7.5,CE,0.0,0.0,0.0,10.6,11.1,0,0.0,0
2012-08-16,2012-09-27,OPTSTK,NHPC,10.0,CE,0.0,0.0,0.0,8.15,8.6,0,0.0,0
2012-08-16,2012-09-27,OPTSTK,NHPC,12.5,CE,0.0,0.0,0.0,5.7,6.15,0,0.0,0
2012-08-16,2012-09-27,OPTSTK,NHPC,15.0,CE,0.0,0.0,0.0,3.3,3.7,0,0.0,0
2012-08-16,2012-09-27,OPTSTK,NHPC,17.5,CE,0.0,0.0,0.0,0.95,1.3,0,0.0,10000
2012-08-16,2012-09-27,OPTSTK,NHPC,20.0,CE,0.25,0.3,0.25,0.25,0.25,6,12.16,340000
2012-08-16,2012-09-27,OPTSTK,NHPC,22.5,CE,0.1,0.1,0.1,0.1,0.1,5,11.3,60000
2012-08-16,2012-09-27,OPTSTK,NHPC,25.0,CE,0.0,0.0,0.0,0.05,0.0,0,0.0,0
2012-08-16,2012-09-27,OPTSTK,NHPC,27.5,CE,0.0,0.0,0.0,0.05,0.0,0,0.0,0
2012-08-16,2012-09-27,OPTSTK,NHPC,30.0,CE,0.0,0.0,0.0,0.05,0.0,0,0.0,0
2012-08-16,2012-09-27,OPTSTK,NHPC,32.5,CE,0.0,0.0,0.0,0.05,0.0,0,0.0,0
2012-08-16,2012-09-27,OPTSTK,NHPC,35.0,CE,0.0,0.0,0.0,0.05,0.0,0,0.0,0
2012-08-16,2012-09-27,OPTSTK,NHPC,37.5,CE,0.0,0.0,0.0,0.05,0.0,0,0.0,0
2012-08-16,2012-09-27,OPTSTK,NHPC,40.0,CE,0.0,0.0,0.0,0.05,0.0,0,0.0,0
2012-08-16,2012-09-27,OPTSTK,NHPC,42.5,CE,0.0,0.0,0.0,0.05,0.0,0,0.0,0
2012-08-16,2012-09-27,OPTSTK,NHPC,5.0,PE,0.0,0.0,0.0,0.05,0.0,0,0.0,0
2012-08-16,2012-09-27,OPTSTK,NHPC,7.5,PE,0.0,0.0,0.0,0.05,0.0,0,0.0,0
2012-08-16,2012-09-27,OPTSTK,NHPC,10.0,PE,0.0,0.0,0.0,0.05,0.0,0,0.0,0
2012-08-16,2012-09-27,OPTSTK,NHPC,12.5,PE,0.0,0.0,0.0,0.05,0.0,0,0.0,0
2012-08-16,2012-09-27,OPTSTK,NHPC,15.0,PE,0.0,0.0,0.0,0.05,0.0,0,0.0,0
2012-08-16,2012-09-27,OPTSTK,NHPC,17.5,PE,0.3,0.3,0.3,0.3,0.3,7,12.46,330000
2012-08-16,2012-09-27,OPTSTK,NHPC,20.0,PE,2.0,2.1,2.0,2.1,2.1,3,6.62,40000
2012-08-16,2012-09-27,OPTSTK,NHPC,22.5,PE,0.0,0.0,0.0,4.15,3.8,0,0.0,0
2012-08-16,2012-09-27,OPTSTK,NHPC,25.0,PE,0.0,0.0,0.0,6.55,6.25,0,0.0,0
2012-08-16,2012-09-27,OPTSTK,NHPC,27.5,PE,0.0,0.0,0.0,9.0,8.75,0,0.0,0
2012-08-16,2012-09-27,OPTSTK,NHPC,30.0,PE,0.0,0.0,0.0,11.4,11.2,0,0.0,0
2012-08-16,2012-09-27,OPTSTK,NHPC,32.5,PE,0.0,0.0,0.0,13.85,13.7,0,0.0,0
2012-08-16,2012-09-27,OPTSTK,NHPC,35.0,PE,0.0,0.0,0.0,16.3,16.15,0,0.0,0
2012-08-16,2012-09-27,OPTSTK,NHPC,37.5,PE,0.0,0.0,0.0,18.75,18.65,0,0.0,0
2012-08-16,2012-09-27,OPTSTK,NHPC,40.0,PE,0.0,0.0,0.0,21.2,21.1,0,0.0,0
2012-08-16,2012-09-27,OPTSTK,NHPC,42.5,PE,0.0,0.0,0.0,23.65,23.6,0,0.0,0
2012-08-16,2012-10-25,OPTSTK,NHPC,5.0,CE,0.0,0.0,0.0,12.95,13.6,0,0.0,0
2012-08-16,2012-10-25,OPTSTK,NHPC,7.5,CE,0.0,0.0,0.0,10.5,11.15,0,0.0,0
2012-08-16,2012-10-25,OPTSTK,NHPC,10.0,CE,0.0,0.0,0.0,8.05,8.7,0,0.0,0
2012-08-16,2012-10-25,OPTSTK,NHPC,12.5,CE,0.0,0.0,0.0,5.6,6.25,0,0.0,0
2012-08-16,2012-10-25,OPTSTK,NHPC,15.0,CE,0.0,0.0,0.0,3.2,3.8,0,0.0,0
2012-08-16,2012-10-25,OPTSTK,NHPC,17.5,CE,0.0,0.0,0.0,1.15,1.5,0,0.0,0
2012-08-16,2012-10-25,OPTSTK,NHPC,20.0,CE,0.0,0.0,0.0,0.4,0.25,0,0.0,10000
2012-08-16,2012-10-25,OPTSTK,NHPC,22.5,CE,0.0,0.0,0.0,0.05,0.05,0,0.0,0
2012-08-16,2012-10-25,OPTSTK,NHPC,25.0,CE,0.0,0.0,0.0,0.05,0.0,0,0.0,0
2012-08-16,2012-10-25,OPTSTK,NHPC,27.5,CE,0.0,0.0,0.0,0.05,0.0,0,0.0,0
2012-08-16,2012-10-25,OPTSTK,NHPC,30.0,CE,0.0,0.0,0.0,0.05,0.0,0,0.0,0
2012-08-16,2012-10-25,OPTSTK,NHPC,32.5,CE,0.0,0.0,0.0,0.05,0.0,0,0.0,0
2012-08-16,2012-10-25,OPTSTK,NHPC,35.0,CE,0.0,0.0,0.0,0.05,0.0,0,0.0,0
2012-08-16,2012-10-25,OPTSTK,NHPC,37.5,CE,0.0,0.0,0.0,0.05,0.0,0,0.0,0
2012-08-16,2012-10-25,OPTSTK,NHPC,40.0,CE,0.0,0.0,0.0,0.05,0.0,0,0.0,0
2012-08-16,2012-10-25,OPTSTK,NHPC,42.5,CE,0.0,0.0,0.0,0.05,0.0,0,0.0,0
2012-08-16,2012-10-25,OPTSTK,NHPC,5.0,PE,0.0,0.0,0.0,0.05,0.0,0,0.0,0
2012-08-16,2012-10-25,OPTSTK,NHPC,7.5,PE,0.0,0.0,0.0,0.05,0.0,0,0.0,0
2012-08-16,2012-10-25,OPTSTK,NHPC,10.0,PE,0.0,0.0,0.0,0.05,0.0,0,0.0,0
2012-08-16,2012-10-25,OPTSTK,NHPC,12.5,PE,0.0,0.0,0.0,0.05,0.0,0,0.0,0
2012-08-16,2012-10-25,OPTSTK,NHPC,15.0,PE,0.0,0.0,0.0,0.05,0.0,0,0.0,0
2012-08-16,2012-10-25,OPTSTK,NHPC,17.5,PE,0.0,0.0,0.0,0.45,0.2,0,0.0,0
2012-08-16,2012-10-25,OPTSTK,NHPC,20.0,PE,0.0,0.0,0.0,2.0,1.4,0,0.0,0
2012-08-16,2012-10-25,OPTSTK,NHPC,22.5,PE,0.0,0.0,0.0,4.25,3.65,0,0.0,0
2012-08-16,2012-10-25,OPTSTK,NHPC,25.0,PE,0.0,0.0,0.0,6.65,6.1,0,0.0,0
2012-08-16,2012-10-25,OPTSTK,NHPC,27.5,PE,0.0,0.0,0.0,9.1,8.55,0,0.0,0
2012-08-16,2012-10-25,OPTSTK,NHPC,30.0,PE,0.0,0.0,0.0,11.55,11.0,0,0.0,0
2012-08-16,2012-10-25,OPTSTK,NHPC,32.5,PE,0.0,0.0,0.0,14.0,13.45,0,0.0,0
2012-08-16,2012-10-25,OPTSTK,NHPC,35.0,PE,0.0,0.0,0.0,16.45,15.9,0,0.0,0
2012-08-16,2012-10-25,OPTSTK,NHPC,37.5,PE,0.0,0.0,0.0,18.85,18.4,0,0.0,0
2012-08-16,2012-10-25,OPTSTK,NHPC,40.0,PE,0.0,0.0,0.0,21.3,20.85,0,0.0,0
2012-08-16,2012-10-25,OPTSTK,NHPC,42.5,PE,0.0,0.0,0.0,23.75,23.3,0,0.0,0
2012-08-16,2012-08-30,OPTSTK,NMDC,90.0,CE,0.0,0.0,0.0,78.5,92.45,0,0.0,0
2012-08-16,2012-08-30,OPTSTK,NMDC,100.0,CE,0.0,0.0,0.0,68.8,82.5,0,0.0,0
2012-08-16,2012-08-30,OPTSTK,NMDC,110.0,CE,0.0,0.0,0.0,59.2,72.55,0,0.0,0
2012-08-16,2012-08-30,OPTSTK,NMDC,120.0,CE,0.0,0.0,0.0,49.85,62.55,0,0.0,0
2012-08-16,2012-08-30,OPTSTK,NMDC,130.0,CE,0.0,0.0,0.0,41.0,52.6,0,0.0,0
2012-08-16,2012-08-30,OPTSTK,NMDC,140.0,CE,0.0,0.0,0.0,32.85,42.65,0,0.0,0
2012-08-16,2012-08-30,OPTSTK,NMDC,150.0,CE,0.0,0.0,0.0,25.6,32.65,0,0.0,0
2012-08-16,2012-08-30,OPTSTK,NMDC,160.0,CE,0.0,0.0,0.0,19.45,22.75,0,0.0,0
2012-08-16,2012-08-30,OPTSTK,NMDC,170.0,CE,0.0,0.0,0.0,14.4,13.3,0,0.0,0
2012-08-16,2012-08-30,OPTSTK,NMDC,180.0,CE,0.0,0.0,0.0,10.4,5.8,0,0.0,0
2012-08-16,2012-08-30,OPTSTK,NMDC,190.0,CE,0.0,0.0,0.0,3.5,1.7,0,0.0,2000
2012-08-16,2012-08-30,OPTSTK,NMDC,200.0,CE,1.0,1.0,1.0,1.0,1.0,1,4.02,2000
2012-08-16,2012-08-30,OPTSTK,NMDC,210.0,CE,0.0,0.0,0.0,3.5,0.05,0,0.0,0
2012-08-16,2012-08-30,OPTSTK,NMDC,220.0,CE,0.0,0.0,0.0,2.35,0.0,0,0.0,0
2012-08-16,2012-08-30,OPTSTK,NMDC,230.0,CE,0.0,0.0,0.0,1.55,0.0,0,0.0,0
2012-08-16,2012-08-30,OPTSTK,NMDC,240.0,CE,0.0,0.0,0.0,1.0,0.0,0,0.0,0
2012-08-16,2012-08-30,OPTSTK,NMDC,250.0,CE,0.0,0.0,0.0,0.65,0.0,0,0.0,0
2012-08-16,2012-08-30,OPTSTK,NMDC,260.0,CE,0.0,0.0,0.0,0.4,0.0,0,0.0,0
2012-08-16,2012-08-30,OPTSTK,NMDC,90.0,PE,0.0,0.0,0.0,0.05,0.0,0,0.0,0
2012-08-16,2012-08-30,OPTSTK,NMDC,100.0,PE,0.0,0.0,0.0,0.1,0.0,0,0.0,0
2012-08-16,2012-08-30,OPTSTK,NMDC,110.0,PE,0.0,0.0,0.0,0.25,0.0,0,0.0,0
2012-08-16,2012-08-30,OPTSTK,NMDC,120.0,PE,0.0,0.0,0.0,0.65,0.0,0,0.0,0
2012-08-16,2012-08-30,OPTSTK,NMDC,130.0,PE,0.0,0.0,0.0,1.55,0.0,0,0.0,0
2012-08-16,2012-08-30,OPTSTK,NMDC,140.0,PE,0.0,0.0,0.0,3.15,0.0,0,0.0,0
2012-08-16,2012-08-30,OPTSTK,NMDC,150.0,PE,0.0,0.0,0.0,5.7,0.0,0,0.0,0
2012-08-16,2012-08-30,OPTSTK,NMDC,160.0,PE,0.0,0.0,0.0,9.3,0.05,0,0.0,0
2012-08-16,2012-08-30,OPTSTK,NMDC,170.0,PE,0.0,0.0,0.0,14.0,0.55,0,0.0,0
2012-08-16,2012-08-30,OPTSTK,NMDC,180.0,PE,0.0,0.0,0.0,5.0,3.05,0,0.0,2000
2012-08-16,2012-08-30,OPTSTK,NMDC,190.0,PE,0.0,0.0,0.0,26.5,8.95,0,0.0,0
2012-08-16,2012-08-30,OPTSTK,NMDC,200.0,PE,15.0,15.0,15.0,15.0,15.0,1,4.3,2000
2012-08-16,2012-08-30,OPTSTK,NMDC,210.0,PE,0.0,0.0,0.0,42.1,27.2,0,0.0,0
2012-08-16,2012-08-30,OPTSTK,NMDC,220.0,PE,0.0,0.0,0.0,50.75,37.15,0,0.0,0
2012-08-16,2012-08-30,OPTSTK,NMDC,230.0,PE,0.0,0.0,0.0,59.7,47.1,0,0.0,0
2012-08-16,2012-08-30,OPTSTK,NMDC,240.0,PE,0.0,0.0,0.0,68.95,57.05,0,0.0,0
2012-08-16,2012-08-30,OPTSTK,NMDC,250.0,PE,0.0,0.0,0.0,78.35,67.05,0,0.0,0
2012-08-16,2012-08-30,OPTSTK,NMDC,260.0,PE,0.0,0.0,0.0,87.85,77.0,0,0.0,0
2012-08-16,2012-09-27,OPTSTK,NMDC,90.0,CE,0.0,0.0,0.0,93.35,93.1,0,0.0,0
2012-08-16,2012-09-27,OPTSTK,NMDC,100.0,CE,0.0,0.0,0.0,83.6,83.2,0,0.0,0
2012-08-16,2012-09-27,OPTSTK,NMDC,110.0,CE,0.0,0.0,0.0,73.85,73.3,0,0.0,0
2012-08-16,2012-09-27,OPTSTK,NMDC,120.0,CE,0.0,0.0,0.0,64.05,63.4,0,0.0,0
2012-08-16,2012-09-27,OPTSTK,NMDC,130.0,CE,0.0,0.0,0.0,54.35,53.5,0,0.0,0
2012-08-16,2012-09-27,OPTSTK,NMDC,140.0,CE,0.0,0.0,0.0,44.75,43.65,0,0.0,0
2012-08-16,2012-09-27,OPTSTK,NMDC,150.0,CE,0.0,0.0,0.0,35.55,33.85,0,0.0,0
2012-08-16,2012-09-27,OPTSTK,NMDC,160.0,CE,0.0,0.0,0.0,27.0,24.5,0,0.0,0
2012-08-16,2012-09-27,OPTSTK,NMDC,170.0,CE,0.0,0.0,0.0,19.55,16.15,0,0.0,0
2012-08-16,2012-09-27,OPTSTK,NMDC,180.0,CE,0.0,0.0,0.0,13.45,9.55,0,0.0,0
2012-08-16,2012-09-27,OPTSTK,NMDC,190.0,CE,0.0,0.0,0.0,8.75,5.0,0,0.0,0
2012-08-16,2012-09-27,OPTSTK,NMDC,200.0,CE,0.0,0.0,0.0,5.4,2.3,0,0.0,0
2012-08-16,2012-09-27,OPTSTK,NMDC,210.0,CE,0.0,0.0,0.0,3.2,0.95,0,0.0,0
2012-08-16,2012-09-27,OPTSTK,NMDC,220.0,CE,0.0,0.0,0.0,1.8,0.35,0,0.0,0
2012-08-16,2012-09-27,OPTSTK,NMDC,230.0,CE,0.0,0.0,0.0,0.95,0.15,0,0.0,0
2012-08-16,2012-09-27,OPTSTK,NMDC,240.0,CE,0.0,0.0,0.0,0.5,0.05,0,0.0,0
2012-08-16,2012-09-27,OPTSTK,NMDC,250.0,CE,0.0,0.0,0.0,0.25,0.05,0,0.0,0
2012-08-16,2012-09-27,OPTSTK,NMDC,260.0,CE,0.0,0.0,0.0,0.15,0.0,0,0.0,0
2012-08-16,2012-09-27,OPTSTK,NMDC,90.0,PE,0.0,0.0,0.0,0.05,0.0,0,0.0,0
2012-08-16,2012-09-27,OPTSTK,NMDC,100.0,PE,0.0,0.0,0.0,0.05,0.0,0,0.0,0
2012-08-16,2012-09-27,OPTSTK,NMDC,110.0,PE,0.0,0.0,0.0,0.05,0.0,0,0.0,0
2012-08-16,2012-09-27,OPTSTK,NMDC,120.0,PE,0.0,0.0,0.0,0.05,0.0,0,0.0,0
2012-08-16,2012-09-27,OPTSTK,NMDC,130.0,PE,0.0,0.0,0.0,0.1,0.0,0,0.0,0
2012-08-16,2012-09-27,OPTSTK,NMDC,140.0,PE,0.0,0.0,0.0,0.25,0.05,0,0.0,0
2012-08-16,2012-09-27,OPTSTK,NMDC,150.0,PE,0.0,0.0,0.0,0.8,0.15,0,0.0,0
2012-08-16,2012-09-27,OPTSTK,NMDC,160.0,PE,0.0,0.0,0.0,2.05,0.7,0,0.0,0
2012-08-16,2012-09-27,OPTSTK,NMDC,170.0,PE,0.0,0.0,0.0,4.35,2.25,0,0.0,0
2012-08-16,2012-09-27,OPTSTK,NMDC,180.0,PE,0.0,0.0,0.0,8.0,5.55,0,0.0,0
2012-08-16,2012-09-27,OPTSTK,NMDC,190.0,PE,0.0,0.0,0.0,13.05,10.9,0,0.0,0
2012-08-16,2012-09-27,OPTSTK,NMDC,200.0,PE,0.0,0.0,0.0,19.5,18.1,0,0.0,0
2012-08-16,2012-09-27,OPTSTK,NMDC,210.0,PE,0.0,0.0,0.0,27.05,26.65,0,0.0,0
2012-08-16,2012-09-27,OPTSTK,NMDC,220.0,PE,0.0,0.0,0.0,35.45,35.95,0,0.0,0
2012-08-16,2012-09-27,OPTSTK,NMDC,230.0,PE,0.0,0.0,0.0,44.35,45.6,0,0.0,0
2012-08-16,2012-09-27,OPTSTK,NMDC,240.0,PE,0.0,0.0,0.0,53.7,55.4,0,0.0,0
2012-08-16,2012-09-27,OPTSTK,NMDC,250.0,PE,0.0,0.0,0.0,63.2,65.3,0,0.0,0
2012-08-16,2012-09-27,OPTSTK,NMDC,260.0,PE,0.0,0.0,0.0,72.85,75.2,0,0.0,0
2012-08-16,2012-10-25,OPTSTK,NMDC,90.0,CE,0.0,0.0,0.0,94.3,93.7,0,0.0,0
2012-08-16,2012-10-25,OPTSTK,NMDC,100.0,CE,0.0,0.0,0.0,84.55,83.9,0,0.0,0
2012-08-16,2012-10-25,OPTSTK,NMDC,110.0,CE,0.0,0.0,0.0,74.75,74.05,0,0.0,0
2012-08-16,2012-10-25,OPTSTK,NMDC,120.0,CE,0.0,0.0,0.0,65.0,64.25,0,0.0,0
2012-08-16,2012-10-25,OPTSTK,NMDC,130.0,CE,0.0,0.0,0.0,55.3,54.4,0,0.0,0
2012-08-16,2012-10-25,OPTSTK,NMDC,140.0,CE,0.0,0.0,0.0,45.8,44.7,0,0.0,0
2012-08-16,2012-10-25,OPTSTK,NMDC,150.0,CE,0.0,0.0,0.0,36.65,35.25,0,0.0,0
2012-08-16,2012-10-25,OPTSTK,NMDC,160.0,CE,0.0,0.0,0.0,28.25,26.4,0,0.0,0
2012-08-16,2012-10-25,OPTSTK,NMDC,170.0,CE,0.0,0.0,0.0,20.85,18.65,0,0.0,0
2012-08-16,2012-10-25,OPTSTK,NMDC,180.0,CE,0.0,0.0,0.0,14.7,12.3,0,0.0,0
2012-08-16,2012-10-25,OPTSTK,NMDC,190.0,CE,0.0,0.0,0.0,9.9,7.6,0,0.0,0
2012-08-16,2012-10-25,OPTSTK,NMDC,200.0,CE,0.0,0.0,0.0,6.4,4.4,0,0.0,0
2012-08-16,2012-10-25,OPTSTK,NMDC,210.0,CE,0.0,0.0,0.0,3.95,2.4,0,0.0,0
2012-08-16,2012-10-25,OPTSTK,NMDC,220.0,CE,0.0,0.0,0.0,2.35,1.2,0,0.0,0
2012-08-16,2012-10-25,OPTSTK,NMDC,230.0,CE,0.0,0.0,0.0,1.35,0.6,0,0.0,0
2012-08-16,2012-10-25,OPTSTK,NMDC,240.0,CE,0.0,0.0,0.0,0.75,0.3,0,0.0,0
2012-08-16,2012-10-25,OPTSTK,NMDC,250.0,CE,0.0,0.0,0.0,0.4,0.15,0,0.0,0
2012-08-16,2012-10-25,OPTSTK,NMDC,260.0,CE,0.0,0.0,0.0,0.25,0.05,0,0.0,0
2012-08-16,2012-10-25,OPTSTK,NMDC,90.0,PE,0.0,0.0,0.0,0.05,0.0,0,0.0,0
2012-08-16,2012-10-25,OPTSTK,NMDC,100.0,PE,0.0,0.0,0.0,0.05,0.0,0,0.0,0
2012-08-16,2012-10-25,OPTSTK,NMDC,110.0,PE,0.0,0.0,0.0,0.05,0.0,0,0.0,0
2012-08-16,2012-10-25,OPTSTK,NMDC,120.0,PE,0.0,0.0,0.0,0.05,0.0,0,0.0,0
2012-08-16,2012-10-25,OPTSTK,NMDC,130.0,PE,0.0,0.0,0.0,0.1,0.05,0,0.0,0
2012-08-16,2012-10-25,OPTSTK,NMDC,140.0,PE,0.0,0.0,0.0,0.35,0.15,0,0.0,0
2012-08-16,2012-10-25,OPTSTK,NMDC,150.0,PE,0.0,0.0,0.0,1.0,0.5,0,0.0,0
2012-08-16,2012-10-25,OPTSTK,NMDC,160.0,PE,0.0,0.0,0.0,2.35,1.5,0,0.0,0
2012-08-16,2012-10-25,OPTSTK,NMDC,170.0,PE,0.0,0.0,0.0,4.7,3.6,0,0.0,0
2012-08-16,2012-10-25,OPTSTK,NMDC,180.0,PE,0.0,0.0,0.0,8.35,7.1,0,0.0,0
2012-08-16,2012-10-25,OPTSTK,NMDC,190.0,PE,0.0,0.0,0.0,13.35,12.2,0,0.0,0
2012-08-16,2012-10-25,OPTSTK,NMDC,200.0,PE,0.0,0.0,0.0,19.6,18.8,0,0.0,0
2012-08-16,2012-10-25,OPTSTK,NMDC,210.0,PE,0.0,0.0,0.0,26.95,26.65,0,0.0,0
2012-08-16,2012-10-25,OPTSTK,NMDC,220.0,PE,0.0,0.0,0.0,35.15,35.3,0,0.0,0
2012-08-16,2012-10-25,OPTSTK,NMDC,230.0,PE,0.0,0.0,0.0,43.9,44.5,0,0.0,0
2012-08-16,2012-10-25,OPTSTK,NMDC,240.0,PE,0.0,0.0,0.0,53.05,54.0,0,0.0,0
2012-08-16,2012-10-25,OPTSTK,NMDC,250.0,PE,0.0,0.0,0.0,62.5,63.7,0,0.0,0
2012-08-16,2012-10-25,OPTSTK,NMDC,260.0,PE,0.0,0.0,0.0,72.1,73.45,0,0.0,0
2012-08-16,2012-08-30,OPTSTK,NTPC,90.0,CE,0.0,0.0,0.0,59.0,80.3,0,0.0,0
2012-08-16,2012-08-30,OPTSTK,NTPC,100.0,CE,0.0,0.0,0.0,49.25,70.35,0,0.0,0
2012-08-16,2012-08-30,OPTSTK,NTPC,110.0,CE,0.0,0.0,0.0,39.5,60.4,0,0.0,0
2012-08-16,2012-08-30,OPTSTK,NTPC,120.0,CE,0.0,0.0,0.0,29.95,50.4,0,0.0,0
2012-08-16,2012-08-30,OPTSTK,NTPC,130.0,CE,0.0,0.0,0.0,21.0,40.45,0,0.0,0
2012-08-16,2012-08-30,OPTSTK,NTPC,140.0,CE,0.0,0.0,0.0,13.3,30.5,0,0.0,0
2012-08-16,2012-08-30,OPTSTK,NTPC,150.0,CE,21.0,21.5,21.0,21.0,21.0,3,10.27,80000
2012-08-16,2012-08-30,OPTSTK,NTPC,160.0,CE,12.15,12.15,10.75,10.75,10.75,7,23.96,248000
2012-08-16,2012-08-30,OPTSTK,NTPC,170.0,CE,4.0,4.0,3.0,3.15,3.15,42,145.57,336000
2012-08-16,2012-08-30,OPTSTK,NTPC,180.0,CE,0.6,0.65,0.4,0.4,0.4,35,126.35,404000
2012-08-16,2012-08-30,OPTSTK,NTPC,190.0,CE,0.2,0.2,0.05,0.05,0.05,3,11.4,22000
2012-08-16,2012-08-30,OPTSTK,NTPC,200.0,CE,0.0,0.0,0.0,0.1,0.0,0,0.0,0
2012-08-16,2012-08-30,OPTSTK,NTPC,210.0,CE,0.0,0.0,0.0,0.05,0.0,0,0.0,0
2012-08-16,2012-08-30,OPTSTK,NTPC,220.0,CE,0.0,0.0,0.0,0.05,0.0,0,0.0,0
2012-08-16,2012-08-30,OPTSTK,NTPC,230.0,CE,0.0,0.0,0.0,0.05,0.0,0,0.0,0
2012-08-16,2012-08-30,OPTSTK,NTPC,240.0,CE,0.0,0.0,0.0,0.05,0.0,0,0.0,0
2012-08-16,2012-08-30,OPTSTK,NTPC,250.0,CE,0.0,0.0,0.0,0.05,0.0,0,0.0,0
2012-08-16,2012-08-30,OPTSTK,NTPC,90.0,PE,0.0,0.0,0.0,0.05,0.0,0,0.0,0
2012-08-16,2012-08-30,OPTSTK,NTPC,100.0,PE,0.0,0.0,0.0,0.05,0.0,0,0.0,0
2012-08-16,2012-08-30,OPTSTK,NTPC,110.0,PE,0.0,0.0,0.0,0.05,0.0,0,0.0,0
2012-08-16,2012-08-30,OPTSTK,NTPC,120.0,PE,0.0,0.0,0.0,0.25,0.0,0,0.0,0
2012-08-16,2012-08-30,OPTSTK,NTPC,130.0,PE,0.0,0.0,0.0,1.05,0.0,0,0.0,0
2012-08-16,2012-08-30,OPTSTK,NTPC,140.0,PE,0.0,0.0,0.0,0.1,0.0,0,0.0,12000
2012-08-16,2012-08-30,OPTSTK,NTPC,150.0,PE,0.1,0.15,0.1,0.15,0.15,2,6.0,276000
2012-08-16,2012-08-30,OPTSTK,NTPC,160.0,PE,0.4,0.5,0.35,0.4,0.4,44,141.15,636000
2012-08-16,2012-08-30,OPTSTK,NTPC,170.0,PE,2.1,2.6,2.1,2.35,2.35,88,303.19,234000
2012-08-16,2012-08-30,OPTSTK,NTPC,180.0,PE,9.5,9.5,9.5,9.5,9.5,1,3.79,6000
2012-08-16,2012-08-30,OPTSTK,NTPC,190.0,PE,0.0,0.0,0.0,38.9,19.4,0,0.0,0
2012-08-16,2012-08-30,OPTSTK,NTPC,200.0,PE,0.0,0.0,0.0,48.5,29.35,0,0.0,0
2012-08-16,2012-08-30,OPTSTK,NTPC,210.0,PE,0.0,0.0,0.0,58.2,39.3,0,0.0,0
2012-08-16,2012-08-30,OPTSTK,NTPC,220.0,PE,0.0,0.0,0.0,67.95,49.3,0,0.0,0
2012-08-16,2012-08-30,OPTSTK,NTPC,230.0,PE,0.0,0.0,0.0,77.7,59.25,0,0.0,0
2012-08-16,2012-08-30,OPTSTK,NTPC,240.0,PE,0.0,0.0,0.0,87.45,69.2,0,0.0,0
2012-08-16,2012-08-30,OPTSTK,NTPC,250.0,PE,0.0,0.0,0.0,97.2,79.2,0,0.0,0
2012-08-16,2012-09-27,OPTSTK,NTPC,90.0,CE,0.0,0.0,0.0,69.7,80.95,0,0.0,0
2012-08-16,2012-09-27,OPTSTK,NTPC,100.0,CE,0.0,0.0,0.0,59.95,71.05,0,0.0,0
2012-08-16,2012-09-27,OPTSTK,NTPC,110.0,CE,0.0,0.0,0.0,50.2,61.15,0,0.0,0
2012-08-16,2012-09-27,OPTSTK,NTPC,120.0,CE,0.0,0.0,0.0,40.55,51.25,0,0.0,0
2012-08-16,2012-09-27,OPTSTK,NTPC,130.0,CE,0.0,0.0,0.0,31.15,41.35,0,0.0,0
2012-08-16,2012-09-27,OPTSTK,NTPC,140.0,CE,0.0,0.0,0.0,22.55,31.5,0,0.0,0
2012-08-16,2012-09-27,OPTSTK,NTPC,150.0,CE,0.0,0.0,0.0,14.2,21.85,0,0.0,8000
2012-08-16,2012-09-27,OPTSTK,NTPC,160.0,CE,0.0,0.0,0.0,9.75,13.15,0,0.0,14000
2012-08-16,2012-09-27,OPTSTK,NTPC,170.0,CE,6.0,6.0,6.0,6.0,6.0,1,3.52,28000
2012-08-16,2012-09-27,OPTSTK,NTPC,180.0,CE,2.05,2.05,2.0,2.0,2.0,6,21.84,22000
2012-08-16,2012-09-27,OPTSTK,NTPC,190.0,CE,0.0,0.0,0.0,0.8,0.8,0,0.0,16000
2012-08-16,2012-09-27,OPTSTK,NTPC,200.0,CE,0.0,0.0,0.0,0.7,0.2,0,0.0,0
2012-08-16,2012-09-27,OPTSTK,NTPC,210.0,CE,0.0,0.0,0.0,0.3,0.05,0,0.0,0
2012-08-16,2012-09-27,OPTSTK,NTPC,220.0,CE,0.0,0.0,0.0,0.15,0.05,0,0.0,0
2012-08-16,2012-09-27,OPTSTK,NTPC,230.0,CE,0.0,0.0,0.0,0.05,0.0,0,0.0,0
2012-08-16,2012-09-27,OPTSTK,NTPC,240.0,CE,0.0,0.0,0.0,0.05,0.0,0,0.0,0
2012-08-16,2012-09-27,OPTSTK,NTPC,250.0,CE,0.0,0.0,0.0,0.05,0.0,0,0.0,0
2012-08-16,2012-09-27,OPTSTK,NTPC,90.0,PE,0.0,0.0,0.0,0.05,0.0,0,0.0,0
2012-08-16,2012-09-27,OPTSTK,NTPC,100.0,PE,0.0,0.0,0.0,0.05,0.0,0,0.0,0
2012-08-16,2012-09-27,OPTSTK,NTPC,110.0,PE,0.0,0.0,0.0,0.05,0.0,0,0.0,0
2012-08-16,2012-09-27,OPTSTK,NTPC,120.0,PE,0.0,0.0,0.0,0.15,0.0,0,0.0,0
2012-08-16,2012-09-27,OPTSTK,NTPC,130.0,PE,0.0,0.0,0.0,0.55,0.0,0,0.0,0
2012-08-16,2012-09-27,OPTSTK,NTPC,140.0,PE,0.0,0.0,0.0,1.7,0.05,0,0.0,0
2012-08-16,2012-09-27,OPTSTK,NTPC,150.0,PE,0.0,0.0,0.0,4.1,0.3,0,0.0,0
2012-08-16,2012-09-27,OPTSTK,NTPC,160.0,PE,0.0,0.0,0.0,3.0,1.5,0,0.0,2000
2012-08-16,2012-09-27,OPTSTK,NTPC,170.0,PE,0.0,0.0,0.0,5.65,4.75,0,0.0,6000
2012-08-16,2012-09-27,OPTSTK,NTPC,180.0,PE,0.0,0.0,0.0,9.5,10.7,0,0.0,4000
2012-08-16,2012-09-27,OPTSTK,NTPC,190.0,PE,0.0,0.0,0.0,29.45,18.85,0,0.0,0
2012-08-16,2012-09-27,OPTSTK,NTPC,200.0,PE,0.0,0.0,0.0,38.45,28.15,0,0.0,0
2012-08-16,2012-09-27,OPTSTK,NTPC,210.0,PE,0.0,0.0,0.0,47.85,37.9,0,0.0,0
2012-08-16,2012-09-27,OPTSTK,NTPC,220.0,PE,0.0,0.0,0.0,57.4,47.75,0,0.0,0
2012-08-16,2012-09-27,OPTSTK,NTPC,230.0,PE,0.0,0.0,0.0,67.1,57.65,0,0.0,0
2012-08-16,2012-09-27,OPTSTK,NTPC,240.0,PE,0.0,0.0,0.0,76.85,67.55,0,0.0,0
2012-08-16,2012-09-27,OPTSTK,NTPC,250.0,PE,0.0,0.0,0.0,86.6,77.45,0,0.0,0
2012-08-16,2012-10-25,OPTSTK,NTPC,90.0,CE,0.0,0.0,0.0,63.2,81.55,0,0.0,0
2012-08-16,2012-10-25,OPTSTK,NTPC,100.0,CE,0.0,0.0,0.0,53.45,71.75,0,0.0,0
2012-08-16,2012-10-25,OPTSTK,NTPC,110.0,CE,0.0,0.0,0.0,43.65,61.9,0,0.0,0
2012-08-16,2012-10-25,OPTSTK,NTPC,120.0,CE,0.0,0.0,0.0,33.9,52.1,0,0.0,0
2012-08-16,2012-10-25,OPTSTK,NTPC,130.0,CE,0.0,0.0,0.0,24.35,42.25,0,0.0,0
2012-08-16,2012-10-25,OPTSTK,NTPC,140.0,CE,0.0,0.0,0.0,15.6,32.55,0,0.0,0
2012-08-16,2012-10-25,OPTSTK,NTPC,150.0,CE,0.0,0.0,0.0,8.6,23.3,0,0.0,0
2012-08-16,2012-10-25,OPTSTK,NTPC,160.0,CE,0.0,0.0,0.0,4.0,15.15,0,0.0,0
2012-08-16,2012-10-25,OPTSTK,NTPC,170.0,CE,0.0,0.0,0.0,1.55,8.75,0,0.0,0
2012-08-16,2012-10-25,OPTSTK,NTPC,180.0,CE,0.0,0.0,0.0,0.5,4.45,0,0.0,0
2012-08-16,2012-10-25,OPTSTK,NTPC,190.0,CE,0.0,0.0,0.0,0.15,2.0,0,0.0,0
2012-08-16,2012-10-25,OPTSTK,NTPC,200.0,CE,0.0,0.0,0.0,0.05,0.8,0,0.0,0
2012-08-16,2012-10-25,OPTSTK,NTPC,210.0,CE,0.0,0.0,0.0,0.05,0.3,0,0.0,0
2012-08-16,2012-10-25,OPTSTK,NTPC,220.0,CE,0.0,0.0,0.0,0.05,0.1,0,0.0,0
2012-08-16,2012-10-25,OPTSTK,NTPC,230.0,CE,0.0,0.0,0.0,0.05,0.05,0,0.0,0
2012-08-16,2012-10-25,OPTSTK,NTPC,240.0,CE,0.0,0.0,0.0,0.05,0.05,0,0.0,0
2012-08-16,2012-10-25,OPTSTK,NTPC,250.0,CE,0.0,0.0,0.0,0.05,0.0,0,0.0,0
2012-08-16,2012-10-25,OPTSTK,NTPC,90.0,PE,0.0,0.0,0.0,0.05,0.0,0,0.0,0
2012-08-16,2012-10-25,OPTSTK,NTPC,100.0,PE,0.0,0.0,0.0,0.05,0.0,0,0.0,0
2012-08-16,2012-10-25,OPTSTK,NTPC,110.0,PE,0.0,0.0,0.0,0.05,0.0,0,0.0,0
2012-08-16,2012-10-25,OPTSTK,NTPC,120.0,PE,0.0,0.0,0.0,0.05,0.0,0,0.0,0
2012-08-16,2012-10-25,OPTSTK,NTPC,130.0,PE,0.0,0.0,0.0,0.25,0.05,0,0.0,0
2012-08-16,2012-10-25,OPTSTK,NTPC,140.0,PE,0.0,0.0,0.0,1.3,0.15,0,0.0,0
2012-08-16,2012-10-25,OPTSTK,NTPC,150.0,PE,0.0,0.0,0.0,4.05,0.75,0,0.0,0
2012-08-16,2012-10-25,OPTSTK,NTPC,160.0,PE,0.0,0.0,0.0,9.2,2.4,0,0.0,0
2012-08-16,2012-10-25,OPTSTK,NTPC,170.0,PE,0.0,0.0,0.0,16.55,5.8,0,0.0,0
2012-08-16,2012-10-25,OPTSTK,NTPC,180.0,PE,0.0,0.0,0.0,25.3,11.35,0,0.0,0
2012-08-16,2012-10-25,OPTSTK,NTPC,190.0,PE,0.0,0.0,0.0,34.7,18.75,0,0.0,0
2012-08-16,2012-10-25,OPTSTK,NTPC,200.0,PE,0.0,0.0,0.0,44.35,27.35,0,0.0,0
2012-08-16,2012-10-25,OPTSTK,NTPC,210.0,PE,0.0,0.0,0.0,54.1,36.7,0,0.0,0
2012-08-16,2012-10-25,OPTSTK,NTPC,220.0,PE,0.0,0.0,0.0,63.9,46.35,0,0.0,0
2012-08-16,2012-10-25,OPTSTK,NTPC,230.0,PE,0.0,0.0,0.0,73.65,56.1,0,0.0,0
2012-08-16,2012-10-25,OPTSTK,NTPC,240.0,PE,0.0,0.0,0.0,83.4,65.9,0,0.0,0
2012-08-16,2012-10-25,OPTSTK,NTPC,250.0,PE,0.0,0.0,0.0,93.2,75.75,0,0.0,0
2012-08-16,2012-08-30,OPTSTK,OFSS,1600.0,CE,0.0,0.0,0.0,942.5,1369.7,0,0.0,0
2012-08-16,2012-08-30,OPTSTK,OFSS,1650.0,CE,0.0,0.0,0.0,894.0,1319.9,0,0.0,0
2012-08-16,2012-08-30,OPTSTK,OFSS,1700.0,CE,0.0,0.0,0.0,845.75,1270.05,0,0.0,0
2012-08-16,2012-08-30,OPTSTK,OFSS,1750.0,CE,0.0,0.0,0.0,797.8,1220.2,0,0.0,0
2012-08-16,2012-08-30,OPTSTK,OFSS,1800.0,CE,0.0,0.0,0.0,750.2,1170.4,0,0.0,0
2012-08-16,2012-08-30,OPTSTK,OFSS,1850.0,CE,0.0,0.0,0.0,703.15,1120.55,0,0.0,0
2012-08-16,2012-08-30,OPTSTK,OFSS,1900.0,CE,0.0,0.0,0.0,656.75,1070.7,0,0.0,0
2012-08-16,2012-08-30,OPTSTK,OFSS,1950.0,CE,0.0,0.0,0.0,611.15,1020.9,0,0.0,0
2012-08-16,2012-08-30,OPTSTK,OFSS,2000.0,CE,0.0,0.0,0.0,566.55,971.05,0,0.0,0
2012-08-16,2012-08-30,OPTSTK,OFSS,2050.0,CE,0.0,0.0,0.0,523.1,921.2,0,0.0,0
2012-08-16,2012-08-30,OPTSTK,OFSS,2100.0,CE,0.0,0.0,0.0,481.0,871.4,0,0.0,0
2012-08-16,2012-08-30,OPTSTK,OFSS,2150.0,CE,0.0,0.0,0.0,440.4,821.55,0,0.0,0
2012-08-16,2012-08-30,OPTSTK,OFSS,2200.0,CE,0.0,0.0,0.0,401.5,771.7,0,0.0,0
2012-08-16,2012-08-30,OPTSTK,OFSS,2250.0,CE,0.0,0.0,0.0,364.55,721.9,0,0.0,0
2012-08-16,2012-08-30,OPTSTK,OFSS,2300.0,CE,0.0,0.0,0.0,329.4,672.05,0,0.0,0
2012-08-16,2012-08-30,OPTSTK,OFSS,2350.0,CE,0.0,0.0,0.0,296.25,622.25,0,0.0,0
2012-08-16,2012-08-30,OPTSTK,OFSS,2400.0,CE,0.0,0.0,0.0,265.35,572.45,0,0.0,0
2012-08-16,2012-08-30,OPTSTK,OFSS,2450.0,CE,0.0,0.0,0.0,236.65,522.75,0,0.0,0
2012-08-16,2012-08-30,OPTSTK,OFSS,2500.0,CE,0.0,0.0,0.0,210.1,473.15,0,0.0,0
2012-08-16,2012-08-30,OPTSTK,OFSS,2550.0,CE,0.0,0.0,0.0,185.7,423.9,0,0.0,0
2012-08-16,2012-08-30,OPTSTK,OFSS,2600.0,CE,0.0,0.0,0.0,197.0,375.2,0,0.0,500
2012-08-16,2012-08-30,OPTSTK,OFSS,2650.0,CE,0.0,0.0,0.0,143.25,327.5,0,0.0,0
2012-08-16,2012-08-30,OPTSTK,OFSS,2700.0,CE,0.0,0.0,0.0,299.0,281.25,0,0.0,250
2012-08-16,2012-08-30,OPTSTK,OFSS,2750.0,CE,0.0,0.0,0.0,108.7,237.15,0,0.0,0
2012-08-16,2012-08-30,OPTSTK,OFSS,2800.0,CE,0.0,0.0,0.0,60.0,195.95,0,0.0,125
2012-08-16,2012-08-30,OPTSTK,OFSS,2850.0,CE,0.0,0.0,0.0,81.3,158.25,0,0.0,0
2012-08-16,2012-08-30,OPTSTK,OFSS,2900.0,CE,0.0,0.0,0.0,51.0,124.8,0,0.0,250
2012-08-16,2012-08-30,OPTSTK,OFSS,2950.0,CE,0.0,0.0,0.0,59.85,95.9,0,0.0,0
2012-08-16,2012-08-30,OPTSTK,OFSS,3000.0,CE,88.0,88.0,88.0,88.0,88.0,2,7.72,1750
2012-08-16,2012-08-30,OPTSTK,OFSS,3050.0,CE,0.0,0.0,0.0,20.0,52.2,0,0.0,125
2012-08-16,2012-08-30,OPTSTK,OFSS,3100.0,CE,0.0,0.0,0.0,36.85,36.9,0,0.0,0
2012-08-16,2012-08-30,OPTSTK,OFSS,3150.0,CE,0.0,0.0,0.0,31.15,25.4,0,0.0,0
2012-08-16,2012-08-30,OPTSTK,OFSS,3200.0,CE,0.0,0.0,0.0,26.25,17.0,0,0.0,0
2012-08-16,2012-08-30,OPTSTK,OFSS,3250.0,CE,0.0,0.0,0.0,22.05,11.0,0,0.0,0
2012-08-16,2012-08-30,OPTSTK,OFSS,3300.0,CE,0.0,0.0,0.0,18.45,6.95,0,0.0,0
2012-08-16,2012-08-30,OPTSTK,OFSS,3350.0,CE,0.0,0.0,0.0,15.4,4.25,0,0.0,0
2012-08-16,2012-08-30,OPTSTK,OFSS,3400.0,CE,0.0,0.0,0.0,12.85,2.55,0,0.0,0
2012-08-16,2012-08-30,OPTSTK,OFSS,3450.0,CE,0.0,0.0,0.0,10.65,1.5,0,0.0,0
2012-08-16,2012-08-30,OPTSTK,OFSS,1600.0,PE,0.0,0.0,0.0,0.5,0.0,0,0.0,0
2012-08-16,2012-08-30,OPTSTK,OFSS,1650.0,PE,0.0,0.0,0.0,0.85,0.0,0,0.0,0
2012-08-16,2012-08-30,OPTSTK,OFSS,1700.0,PE,0.0,0.0,0.0,1.35,0.0,0,0.0,0
2012-08-16,2012-08-30,OPTSTK,OFSS,1750.0,PE,0.0,0.0,0.0,2.2,0.0,0,0.0,0
2012-08-16,2012-08-30,OPTSTK,OFSS,1800.0,PE,0.0,0.0,0.0,3.4,0.0,0,0.0,0
2012-08-16,2012-08-30,OPTSTK,OFSS,1850.0,PE,0.0,0.0,0.0,5.15,0.0,0,0.0,0
2012-08-16,2012-08-30,OPTSTK,OFSS,1900.0,PE,0.0,0.0,0.0,7.5,0.0,0,0.0,0
2012-08-16,2012-08-30,OPTSTK,OFSS,1950.0,PE,0.0,0.0,0.0,10.7,0.0,0,0.0,0
2012-08-16,2012-08-30,OPTSTK,OFSS,2000.0,PE,0.0,0.0,0.0,14.9,0.0,0,0.0,0
2012-08-16,2012-08-30,OPTSTK,OFSS,2050.0,PE,0.0,0.0,0.0,20.25,0.0,0,0.0,0
2012-08-16,2012-08-30,OPTSTK,OFSS,2100.0,PE,0.0,0.0,0.0,26.95,0.0,0,0.0,0
2012-08-16,2012-08-30,OPTSTK,OFSS,2150.0,PE,0.0,0.0,0.0,35.2,0.0,0,0.0,0
2012-08-16,2012-08-30,OPTSTK,OFSS,2200.0,PE,0.0,0.0,0.0,45.1,0.0,0,0.0,0
2012-08-16,2012-08-30,OPTSTK,OFSS,2250.0,PE,0.0,0.0,0.0,56.9,0.0,0,0.0,0
2012-08-16,2012-08-30,OPTSTK,OFSS,2300.0,PE,0.0,0.0,0.0,70.55,0.05,0,0.0,0
2012-08-16,2012-08-30,OPTSTK,OFSS,2350.0,PE,0.0,0.0,0.0,86.2,0.05,0,0.0,0
2012-08-16,2012-08-30,OPTSTK,OFSS,2400.0,PE,0.0,0.0,0.0,104.1,0.1,0,0.0,0
2012-08-16,2012-08-30,OPTSTK,OFSS,2450.0,PE,0.0,0.0,0.0,124.15,0.2,0,0.0,0
2012-08-16,2012-08-30,OPTSTK,OFSS,2500.0,PE,0.0,0.0,0.0,146.4,0.45,0,0.0,0
2012-08-16,2012-08-30,OPTSTK,OFSS,2550.0,PE,0.0,0.0,0.0,170.85,1.05,0,0.0,0
2012-08-16,2012-08-30,OPTSTK,OFSS,2600.0,PE,0.0,0.0,0.0,197.4,2.2,0,0.0,0
2012-08-16,2012-08-30,OPTSTK,OFSS,2650.0,PE,0.0,0.0,0.0,226.0,4.3,0,0.0,0
2012-08-16,2012-08-30,OPTSTK,OFSS,2700.0,PE,0.0,0.0,0.0,2.15,7.9,0,0.0,125
2012-08-16,2012-08-30,OPTSTK,OFSS,2750.0,PE,0.0,0.0,0.0,289.05,13.6,0,0.0,0
2012-08-16,2012-08-30,OPTSTK,OFSS,2800.0,PE,0.0,0.0,0.0,75.0,22.25,0,0.0,0
2012-08-16,2012-08-30,OPTSTK,OFSS,2850.0,PE,0.0,0.0,0.0,359.2,34.35,0,0.0,0
2012-08-16,2012-08-30,OPTSTK,OFSS,2900.0,PE,0.0,0.0,0.0,396.65,50.75,0,0.0,0
2012-08-16,2012-08-30,OPTSTK,OFSS,2950.0,PE,0.0,0.0,0.0,435.35,71.7,0,0.0,0
2012-08-16,2012-08-30,OPTSTK,OFSS,3000.0,PE,0.0,0.0,0.0,475.35,97.35,0,0.0,0
2012-08-16,2012-08-30,OPTSTK,OFSS,3050.0,PE,0.0,0.0,0.0,516.55,127.65,0,0.0,0
2012-08-16,2012-08-30,OPTSTK,OFSS,3100.0,PE,0.0,0.0,0.0,558.7,162.2,0,0.0,0
2012-08-16,2012-08-30,OPTSTK,OFSS,3150.0,PE,0.0,0.0,0.0,601.8,200.55,0,0.0,0
2012-08-16,2012-08-30,OPTSTK,OFSS,3200.0,PE,0.0,0.0,0.0,645.7,241.95,0,0.0,0
2012-08-16,2012-08-30,OPTSTK,OFSS,3250.0,PE,0.0,0.0,0.0,690.3,285.8,0,0.0,0
2012-08-16,2012-08-30,OPTSTK,OFSS,3300.0,PE,0.0,0.0,0.0,735.5,331.6,0,0.0,0
2012-08-16,2012-08-30,OPTSTK,OFSS,3350.0,PE,0.0,0.0,0.0,781.25,378.7,0,0.0,0
2012-08-16,2012-08-30,OPTSTK,OFSS,3400.0,PE,0.0,0.0,0.0,827.5,426.85,0,0.0,0
2012-08-16,2012-08-30,OPTSTK,OFSS,3450.0,PE,0.0,0.0,0.0,874.1,475.6,0,0.0,0
2012-08-16,2012-09-27,OPTSTK,OFSS,1600.0,CE,0.0,0.0,0.0,859.6,1380.9,0,0.0,0
2012-08-16,2012-09-27,OPTSTK,OFSS,1650.0,CE,0.0,0.0,0.0,810.8,1331.45,0,0.0,0
2012-08-16,2012-09-27,OPTSTK,OFSS,1700.0,CE,0.0,0.0,0.0,762.05,1281.95,0,0.0,0
2012-08-16,2012-09-27,OPTSTK,OFSS,1750.0,CE,0.0,0.0,0.0,713.3,1232.45,0,0.0,0
2012-08-16,2012-09-27,OPTSTK,OFSS,1800.0,CE,0.0,0.0,0.0,664.75,1183.0,0,0.0,0
2012-08-16,2012-09-27,OPTSTK,OFSS,1850.0,CE,0.0,0.0,0.0,616.4,1133.5,0,0.0,0
2012-08-16,2012-09-27,OPTSTK,OFSS,1900.0,CE,0.0,0.0,0.0,568.4,1084.0,0,0.0,0
2012-08-16,2012-09-27,OPTSTK,OFSS,1950.0,CE,0.0,0.0,0.0,520.9,1034.55,0,0.0,0
2012-08-16,2012-09-27,OPTSTK,OFSS,2000.0,CE,0.0,0.0,0.0,474.15,985.1,0,0.0,0
2012-08-16,2012-09-27,OPTSTK,OFSS,2050.0,CE,0.0,0.0,0.0,428.45,935.65,0,0.0,0
2012-08-16,2012-09-27,OPTSTK,OFSS,2100.0,CE,0.0,0.0,0.0,384.1,886.25,0,0.0,0
2012-08-16,2012-09-27,OPTSTK,OFSS,2150.0,CE,0.0,0.0,0.0,341.4,836.9,0,0.0,0
2012-08-16,2012-09-27,OPTSTK,OFSS,2200.0,CE,0.0,0.0,0.0,300.75,787.7,0,0.0,0
2012-08-16,2012-09-27,OPTSTK,OFSS,2250.0,CE,0.0,0.0,0.0,262.45,738.65,0,0.0,0
2012-08-16,2012-09-27,OPTSTK,OFSS,2300.0,CE,0.0,0.0,0.0,226.8,689.9,0,0.0,0
2012-08-16,2012-09-27,OPTSTK,OFSS,2350.0,CE,0.0,0.0,0.0,194.0,641.55,0,0.0,0
2012-08-16,2012-09-27,OPTSTK,OFSS,2400.0,CE,0.0,0.0,0.0,164.3,593.7,0,0.0,0
2012-08-16,2012-09-27,OPTSTK,OFSS,2450.0,CE,0.0,0.0,0.0,137.7,546.6,0,0.0,0
2012-08-16,2012-09-27,OPTSTK,OFSS,2500.0,CE,0.0,0.0,0.0,114.2,500.5,0,0.0,0
2012-08-16,2012-09-27,OPTSTK,OFSS,2550.0,CE,0.0,0.0,0.0,93.75,455.5,0,0.0,0
2012-08-16,2012-09-27,OPTSTK,OFSS,2600.0,CE,0.0,0.0,0.0,76.15,412.0,0,0.0,0
2012-08-16,2012-09-27,OPTSTK,OFSS,2650.0,CE,0.0,0.0,0.0,61.25,370.2,0,0.0,0
2012-08-16,2012-09-27,OPTSTK,OFSS,2700.0,CE,0.0,0.0,0.0,48.85,330.3,0,0.0,0
2012-08-16,2012-09-27,OPTSTK,OFSS,2750.0,CE,0.0,0.0,0.0,38.45,292.75,0,0.0,0
2012-08-16,2012-09-27,OPTSTK,OFSS,2800.0,CE,0.0,0.0,0.0,30.05,257.3,0,0.0,0
2012-08-16,2012-09-27,OPTSTK,OFSS,2850.0,CE,0.0,0.0,0.0,23.25,224.55,0,0.0,0
2012-08-16,2012-09-27,OPTSTK,OFSS,2900.0,CE,0.0,0.0,0.0,17.8,194.45,0,0.0,0
2012-08-16,2012-09-27,OPTSTK,OFSS,2950.0,CE,0.0,0.0,0.0,13.55,167.1,0,0.0,0
2012-08-16,2012-09-27,OPTSTK,OFSS,3000.0,CE,0.0,0.0,0.0,10.2,142.45,0,0.0,0
2012-08-16,2012-09-27,OPTSTK,OFSS,3050.0,CE,0.0,0.0,0.0,7.6,120.5,0,0.0,0
2012-08-16,2012-09-27,OPTSTK,OFSS,3100.0,CE,0.0,0.0,0.0,5.65,101.15,0,0.0,0
2012-08-16,2012-09-27,OPTSTK,OFSS,3150.0,CE,0.0,0.0,0.0,4.15,84.2,0,0.0,0
2012-08-16,2012-09-27,OPTSTK,OFSS,3200.0,CE,0.0,0.0,0.0,3.05,69.6,0,0.0,0
2012-08-16,2012-09-27,OPTSTK,OFSS,3250.0,CE,0.0,0.0,0.0,2.2,57.2,0,0.0,0
2012-08-16,2012-09-27,OPTSTK,OFSS,3300.0,CE,0.0,0.0,0.0,1.6,46.5,0,0.0,0
2012-08-16,2012-09-27,OPTSTK,OFSS,3350.0,CE,0.0,0.0,0.0,1.15,37.6,0,0.0,0
2012-08-16,2012-09-27,OPTSTK,OFSS,3400.0,CE,0.0,0.0,0.0,0.8,30.15,0,0.0,0
2012-08-16,2012-09-27,OPTSTK,OFSS,3450.0,CE,0.0,0.0,0.0,7.5,24.0,0,0.0,0
2012-08-16,2012-09-27,OPTSTK,OFSS,1600.0,PE,0.0,0.0,0.0,0.05,0.0,0,0.0,0
2012-08-16,2012-09-27,OPTSTK,OFSS,1650.0,PE,0.0,0.0,0.0,0.05,0.0,0,0.0,0
2012-08-16,2012-09-27,OPTSTK,OFSS,1700.0,PE,0.0,0.0,0.0,0.15,0.0,0,0.0,0
2012-08-16,2012-09-27,OPTSTK,OFSS,1750.0,PE,0.0,0.0,0.0,0.25,0.0,0,0.0,0
2012-08-16,2012-09-27,OPTSTK,OFSS,1800.0,PE,0.0,0.0,0.0,0.55,0.0,0,0.0,0
2012-08-16,2012-09-27,OPTSTK,OFSS,1850.0,PE,0.0,0.0,0.0,1.0,0.0,0,0.0,0
2012-08-16,2012-09-27,OPTSTK,OFSS,1900.0,PE,0.0,0.0,0.0,1.85,0.05,0,0.0,0
2012-08-16,2012-09-27,OPTSTK,OFSS,1950.0,PE,0.0,0.0,0.0,3.2,0.05,0,0.0,0
2012-08-16,2012-09-27,OPTSTK,OFSS,2000.0,PE,0.0,0.0,0.0,5.3,0.05,0,0.0,0
2012-08-16,2012-09-27,OPTSTK,OFSS,2050.0,PE,0.0,0.0,0.0,8.4,0.1,0,0.0,0
2012-08-16,2012-09-27,OPTSTK,OFSS,2100.0,PE,0.0,0.0,0.0,12.9,0.2,0,0.0,0
2012-08-16,2012-09-27,OPTSTK,OFSS,2150.0,PE,0.0,0.0,0.0,19.05,0.35,0,0.0,0
2012-08-16,2012-09-27,OPTSTK,OFSS,2200.0,PE,0.0,0.0,0.0,27.25,0.6,0,0.0,0
2012-08-16,2012-09-27,OPTSTK,OFSS,2250.0,PE,0.0,0.0,0.0,37.8,1.05,0,0.0,0
2012-08-16,2012-09-27,OPTSTK,OFSS,2300.0,PE,0.0,0.0,0.0,50.95,1.75,0,0.0,0
2012-08-16,2012-09-27,OPTSTK,OFSS,2350.0,PE,0.0,0.0,0.0,67.0,2.9,0,0.0,0
2012-08-16,2012-09-27,OPTSTK,OFSS,2400.0,PE,0.0,0.0,0.0,86.15,4.55,0,0.0,0
2012-08-16,2012-09-27,OPTSTK,OFSS,2450.0,PE,0.0,0.0,0.0,108.35,6.95,0,0.0,0
2012-08-16,2012-09-27,OPTSTK,OFSS,2500.0,PE,0.0,0.0,0.0,133.7,10.3,0,0.0,0
2012-08-16,2012-09-27,OPTSTK,OFSS,2550.0,PE,0.0,0.0,0.0,162.1,14.8,0,0.0,0
2012-08-16,2012-09-27,OPTSTK,OFSS,2600.0,PE,0.0,0.0,0.0,193.3,20.8,0,0.0,0
2012-08-16,2012-09-27,OPTSTK,OFSS,2650.0,PE,0.0,0.0,0.0,227.25,28.45,0,0.0,0
2012-08-16,2012-09-27,OPTSTK,OFSS,2700.0,PE,0.0,0.0,0.0,263.7,38.05,0,0.0,0
2012-08-16,2012-09-27,OPTSTK,OFSS,2750.0,PE,0.0,0.0,0.0,302.15,49.95,0,0.0,0
2012-08-16,2012-09-27,OPTSTK,OFSS,2800.0,PE,0.0,0.0,0.0,342.55,64.0,0,0.0,0
2012-08-16,2012-09-27,OPTSTK,OFSS,2850.0,PE,0.0,0.0,0.0,384.6,80.75,0,0.0,0
2012-08-16,2012-09-27,OPTSTK,OFSS,2900.0,PE,0.0,0.0,0.0,428.0,100.15,0,0.0,0
2012-08-16,2012-09-27,OPTSTK,OFSS,2950.0,PE,0.0,0.0,0.0,472.55,122.25,0,0.0,0
2012-08-16,2012-09-27,OPTSTK,OFSS,3000.0,PE,0.0,0.0,0.0,518.05,147.1,0,0.0,0
2012-08-16,2012-09-27,OPTSTK,OFSS,3050.0,PE,0.0,0.0,0.0,564.3,174.65,0,0.0,0
2012-08-16,2012-09-27,OPTSTK,OFSS,3100.0,PE,0.0,0.0,0.0,611.2,204.75,0,0.0,0
2012-08-16,2012-09-27,OPTSTK,OFSS,3150.0,PE,0.0,0.0,0.0,658.55,237.3,0,0.0,0
2012-08-16,2012-09-27,OPTSTK,OFSS,3200.0,PE,0.0,0.0,0.0,706.25,272.15,0,0.0,0
2012-08-16,2012-09-27,OPTSTK,OFSS,3250.0,PE,0.0,0.0,0.0,754.25,309.25,0,0.0,0
2012-08-16,2012-09-27,OPTSTK,OFSS,3300.0,PE,0.0,0.0,0.0,802.45,348.05,0,0.0,0
2012-08-16,2012-09-27,OPTSTK,OFSS,3350.0,PE,0.0,0.0,0.0,850.85,388.6,0,0.0,0
2012-08-16,2012-09-27,OPTSTK,OFSS,3400.0,PE,0.0,0.0,0.0,899.35,430.65,0,0.0,0
2012-08-16,2012-09-27,OPTSTK,OFSS,3450.0,PE,0.0,0.0,0.0,842.9,474.0,0,0.0,0
2012-08-16,2012-10-25,OPTSTK,OFSS,1600.0,CE,0.0,0.0,0.0,926.55,1391.85,0,0.0,0
2012-08-16,2012-10-25,OPTSTK,OFSS,1650.0,CE,0.0,0.0,0.0,877.7,1342.7,0,0.0,0
2012-08-16,2012-10-25,OPTSTK,OFSS,1700.0,CE,0.0,0.0,0.0,828.9,1293.55,0,0.0,0
2012-08-16,2012-10-25,OPTSTK,OFSS,1750.0,CE,0.0,0.0,0.0,780.1,1244.45,0,0.0,0
2012-08-16,2012-10-25,OPTSTK,OFSS,1800.0,CE,0.0,0.0,0.0,731.4,1195.35,0,0.0,0
2012-08-16,2012-10-25,OPTSTK,OFSS,1850.0,CE,0.0,0.0,0.0,682.85,1146.25,0,0.0,0
2012-08-16,2012-10-25,OPTSTK,OFSS,1900.0,CE,0.0,0.0,0.0,634.5,1097.2,0,0.0,0
2012-08-16,2012-10-25,OPTSTK,OFSS,1950.0,CE,0.0,0.0,0.0,586.55,1048.2,0,0.0,0
2012-08-16,2012-10-25,OPTSTK,OFSS,2000.0,CE,0.0,0.0,0.0,539.15,999.25,0,0.0,0
2012-08-16,2012-10-25,OPTSTK,OFSS,2050.0,CE,0.0,0.0,0.0,492.5,950.5,0,0.0,0
2012-08-16,2012-10-25,OPTSTK,OFSS,2100.0,CE,0.0,0.0,0.0,446.85,901.9,0,0.0,0
2012-08-16,2012-10-25,OPTSTK,OFSS,2150.0,CE,0.0,0.0,0.0,402.5,853.55,0,0.0,0
2012-08-16,2012-10-25,OPTSTK,OFSS,2200.0,CE,0.0,0.0,0.0,359.75,805.55,0,0.0,0
2012-08-16,2012-10-25,OPTSTK,OFSS,2250.0,CE,0.0,0.0,0.0,318.95,758.05,0,0.0,0
2012-08-16,2012-10-25,OPTSTK,OFSS,2300.0,CE,0.0,0.0,0.0,280.35,711.1,0,0.0,0
2012-08-16,2012-10-25,OPTSTK,OFSS,2350.0,CE,0.0,0.0,0.0,244.3,664.8,0,0.0,0
2012-08-16,2012-10-25,OPTSTK,OFSS,2400.0,CE,0.0,0.0,0.0,210.85,619.45,0,0.0,0
2012-08-16,2012-10-25,OPTSTK,OFSS,2450.0,CE,0.0,0.0,0.0,180.4,575.05,0,0.0,0
2012-08-16,2012-10-25,OPTSTK,OFSS,2500.0,CE,0.0,0.0,0.0,152.9,531.85,0,0.0,0
2012-08-16,2012-10-25,OPTSTK,OFSS,2550.0,CE,0.0,0.0,0.0,128.35,490.0,0,0.0,0
2012-08-16,2012-10-25,OPTSTK,OFSS,2600.0,CE,0.0,0.0,0.0,106.75,449.6,0,0.0,0
2012-08-16,2012-10-25,OPTSTK,OFSS,2650.0,CE,0.0,0.0,0.0,87.95,410.9,0,0.0,0
2012-08-16,2012-10-25,OPTSTK,OFSS,2700.0,CE,0.0,0.0,0.0,71.8,374.05,0,0.0,0
2012-08-16,2012-10-25,OPTSTK,OFSS,2750.0,CE,0.0,0.0,0.0,58.05,338.9,0,0.0,0
2012-08-16,2012-10-25,OPTSTK,OFSS,2800.0,CE,0.0,0.0,0.0,46.7,305.75,0,0.0,0
2012-08-16,2012-10-25,OPTSTK,OFSS,2850.0,CE,0.0,0.0,0.0,37.05,274.7,0,0.0,0
2012-08-16,2012-10-25,OPTSTK,OFSS,2900.0,CE,0.0,0.0,0.0,29.2,245.8,0,0.0,0
2012-08-16,2012-10-25,OPTSTK,OFSS,2950.0,CE,0.0,0.0,0.0,22.8,218.95,0,0.0,0
2012-08-16,2012-10-25,OPTSTK,OFSS,3000.0,CE,0.0,0.0,0.0,17.7,194.2,0,0.0,0
2012-08-16,2012-10-25,OPTSTK,OFSS,3050.0,CE,0.0,0.0,0.0,13.6,171.55,0,0.0,0
2012-08-16,2012-10-25,OPTSTK,OFSS,3100.0,CE,0.0,0.0,0.0,10.4,150.9,0,0.0,0
2012-08-16,2012-10-25,OPTSTK,OFSS,3150.0,CE,0.0,0.0,0.0,7.85,132.2,0,0.0,0
2012-08-16,2012-10-25,OPTSTK,OFSS,3200.0,CE,0.0,0.0,0.0,5.9,115.3,0,0.0,0
2012-08-16,2012-10-25,OPTSTK,OFSS,3250.0,CE,0.0,0.0,0.0,4.4,100.2,0,0.0,0
2012-08-16,2012-10-25,OPTSTK,OFSS,3300.0,CE,0.0,0.0,0.0,3.3,86.7,0,0.0,0
2012-08-16,2012-10-25,OPTSTK,OFSS,3350.0,CE,0.0,0.0,0.0,2.4,74.95,0,0.0,0
2012-08-16,2012-10-25,OPTSTK,OFSS,3400.0,CE,0.0,0.0,0.0,1.75,64.3,0,0.0,0
2012-08-16,2012-10-25,OPTSTK,OFSS,3450.0,CE,0.0,0.0,0.0,1.3,55.05,0,0.0,0
2012-08-16,2012-10-25,OPTSTK,OFSS,1600.0,PE,0.0,0.0,0.0,0.05,0.0,0,0.0,0
2012-08-16,2012-10-25,OPTSTK,OFSS,1650.0,PE,0.0,0.0,0.0,0.05,0.05,0,0.0,0
2012-08-16,2012-10-25,OPTSTK,OFSS,1700.0,PE,0.0,0.0,0.0,0.1,0.05,0,0.0,0
2012-08-16,2012-10-25,OPTSTK,OFSS,1750.0,PE,0.0,0.0,0.0,0.15,0.05,0,0.0,0
2012-08-16,2012-10-25,OPTSTK,OFSS,1800.0,PE,0.0,0.0,0.0,0.35,0.05,0,0.0,0
2012-08-16,2012-10-25,OPTSTK,OFSS,1850.0,PE,0.0,0.0,0.0,0.65,0.1,0,0.0,0
2012-08-16,2012-10-25,OPTSTK,OFSS,1900.0,PE,0.0,0.0,0.0,1.2,0.2,0,0.0,0
2012-08-16,2012-10-25,OPTSTK,OFSS,1950.0,PE,0.0,0.0,0.0,2.1,0.35,0,0.0,0
2012-08-16,2012-10-25,OPTSTK,OFSS,2000.0,PE,0.0,0.0,0.0,3.55,0.6,0,0.0,0
2012-08-16,2012-10-25,OPTSTK,OFSS,2050.0,PE,0.0,0.0,0.0,5.75,0.95,0,0.0,0
2012-08-16,2012-10-25,OPTSTK,OFSS,2100.0,PE,0.0,0.0,0.0,8.95,1.5,0,0.0,0
2012-08-16,2012-10-25,OPTSTK,OFSS,2150.0,PE,0.0,0.0,0.0,13.45,2.3,0,0.0,0
2012-08-16,2012-10-25,OPTSTK,OFSS,2200.0,PE,0.0,0.0,0.0,19.6,3.45,0,0.0,0
2012-08-16,2012-10-25,OPTSTK,OFSS,2250.0,PE,0.0,0.0,0.0,27.65,5.05,0,0.0,0
2012-08-16,2012-10-25,OPTSTK,OFSS,2300.0,PE,0.0,0.0,0.0,37.95,7.25,0,0.0,0
2012-08-16,2012-10-25,OPTSTK,OFSS,2350.0,PE,0.0,0.0,0.0,50.75,10.15,0,0.0,0
2012-08-16,2012-10-25,OPTSTK,OFSS,2400.0,PE,0.0,0.0,0.0,66.15,13.9,0,0.0,0
2012-08-16,2012-10-25,OPTSTK,OFSS,2450.0,PE,0.0,0.0,0.0,84.55,18.65,0,0.0,0
2012-08-16,2012-10-25,OPTSTK,OFSS,2500.0,PE,0.0,0.0,0.0,105.95,24.6,0,0.0,0
2012-08-16,2012-10-25,OPTSTK,OFSS,2550.0,PE,0.0,0.0,0.0,130.25,31.85,0,0.0,0
2012-08-16,2012-10-25,OPTSTK,OFSS,2600.0,PE,0.0,0.0,0.0,157.5,40.65,0,0.0,0
2012-08-16,2012-10-25,OPTSTK,OFSS,2650.0,PE,0.0,0.0,0.0,187.6,51.05,0,0.0,0
2012-08-16,2012-10-25,OPTSTK,OFSS,2700.0,PE,0.0,0.0,0.0,220.3,63.3,0,0.0,0
2012-08-16,2012-10-25,OPTSTK,OFSS,2750.0,PE,0.0,0.0,0.0,255.45,77.35,0,0.0,0
2012-08-16,2012-10-25,OPTSTK,OFSS,2800.0,PE,0.0,0.0,0.0,292.95,93.3,0,0.0,0
2012-08-16,2012-10-25,OPTSTK,OFSS,2850.0,PE,0.0,0.0,0.0,332.15,111.45,0,0.0,0
2012-08-16,2012-10-25,OPTSTK,OFSS,2900.0,PE,0.0,0.0,0.0,373.15,131.65,0,0.0,0
2012-08-16,2012-10-25,OPTSTK,OFSS,2950.0,PE,0.0,0.0,0.0,415.65,153.95,0,0.0,0
2012-08-16,2012-10-25,OPTSTK,OFSS,3000.0,PE,0.0,0.0,0.0,459.4,178.35,0,0.0,0
2012-08-16,2012-10-25,OPTSTK,OFSS,3050.0,PE,0.0,0.0,0.0,504.15,204.85,0,0.0,0
2012-08-16,2012-10-25,OPTSTK,OFSS,3100.0,PE,0.0,0.0,0.0,549.8,233.3,0,0.0,0
2012-08-16,2012-10-25,OPTSTK,OFSS,3150.0,PE,0.0,0.0,0.0,596.15,263.75,0,0.0,0
2012-08-16,2012-10-25,OPTSTK,OFSS,3200.0,PE,0.0,0.0,0.0,643.05,296.0,0,0.0,0
2012-08-16,2012-10-25,OPTSTK,OFSS,3250.0,PE,0.0,0.0,0.0,690.45,330.05,0,0.0,0
2012-08-16,2012-10-25,OPTSTK,OFSS,3300.0,PE,0.0,0.0,0.0,738.15,365.7,0,0.0,0
2012-08-16,2012-10-25,OPTSTK,OFSS,3350.0,PE,0.0,0.0,0.0,786.15,403.05,0,0.0,0
2012-08-16,2012-10-25,OPTSTK,OFSS,3400.0,PE,0.0,0.0,0.0,834.4,441.6,0,0.0,0
2012-08-16,2012-10-25,OPTSTK,OFSS,3450.0,PE,0.0,0.0,0.0,882.8,481.45,0,0.0,0
2012-08-16,2012-08-30,OPTSTK,OIL,280.0,CE,0.0,0.0,0.0,162.25,198.9,0,0.0,0
2012-08-16,2012-08-30,OPTSTK,OIL,300.0,CE,0.0,0.0,0.0,142.8,178.95,0,0.0,0
2012-08-16,2012-08-30,OPTSTK,OIL,320.0,CE,0.0,0.0,0.0,123.4,159.05,0,0.0,0
2012-08-16,2012-08-30,OPTSTK,OIL,340.0,CE,0.0,0.0,0.0,104.25,139.1,0,0.0,0
2012-08-16,2012-08-30,OPTSTK,OIL,360.0,CE,0.0,0.0,0.0,85.75,119.15,0,0.0,0
2012-08-16,2012-08-30,OPTSTK,OIL,380.0,CE,0.0,0.0,0.0,68.3,99.25,0,0.0,0
2012-08-16,2012-08-30,OPTSTK,OIL,400.0,CE,0.0,0.0,0.0,52.45,79.3,0,0.0,0
2012-08-16,2012-08-30,OPTSTK,OIL,420.0,CE,0.0,0.0,0.0,38.75,59.4,0,0.0,0
2012-08-16,2012-08-30,OPTSTK,OIL,440.0,CE,0.0,0.0,0.0,27.5,39.55,0,0.0,0
2012-08-16,2012-08-30,OPTSTK,OIL,460.0,CE,0.0,0.0,0.0,18.75,21.0,0,0.0,0
2012-08-16,2012-08-30,OPTSTK,OIL,480.0,CE,0.0,0.0,0.0,12.3,7.45,0,0.0,0
2012-08-16,2012-08-30,OPTSTK,OIL,500.0,CE,0.0,0.0,0.0,7.75,1.55,0,0.0,0
2012-08-16,2012-08-30,OPTSTK,OIL,520.0,CE,0.0,0.0,0.0,4.7,0.2,0,0.0,0
2012-08-16,2012-08-30,OPTSTK,OIL,540.0,CE,0.0,0.0,0.0,2.8,0.05,0,0.0,0
2012-08-16,2012-08-30,OPTSTK,OIL,560.0,CE,0.0,0.0,0.0,1.6,0.0,0,0.0,0
2012-08-16,2012-08-30,OPTSTK,OIL,580.0,CE,0.0,0.0,0.0,0.9,0.0,0,0.0,0
2012-08-16,2012-08-30,OPTSTK,OIL,600.0,CE,0.0,0.0,0.0,0.5,0.0,0,0.0,0
2012-08-16,2012-08-30,OPTSTK,OIL,620.0,CE,0.0,0.0,0.0,0.25,0.0,0,0.0,0
2012-08-16,2012-08-30,OPTSTK,OIL,640.0,CE,0.0,0.0,0.0,0.15,0.0,0,0.0,0
2012-08-16,2012-08-30,OPTSTK,OIL,660.0,CE,0.0,0.0,0.0,0.2,0.0,0,0.0,0
2012-08-16,2012-08-30,OPTSTK,OIL,680.0,CE,0.0,0.0,0.0,0.05,0.0,0,0.0,0
2012-08-16,2012-08-30,OPTSTK,OIL,700.0,CE,0.0,0.0,0.0,0.05,0.0,0,0.0,0
2012-08-16,2012-08-30,OPTSTK,OIL,280.0,PE,0.0,0.0,0.0,0.05,0.0,0,0.0,0
2012-08-16,2012-08-30,OPTSTK,OIL,300.0,PE,0.0,0.0,0.0,0.05,0.0,0,0.0,0
2012-08-16,2012-08-30,OPTSTK,OIL,320.0,PE,0.0,0.0,0.0,0.2,0.0,0,0.0,0
2012-08-16,2012-08-30,OPTSTK,OIL,340.0,PE,0.0,0.0,0.0,0.55,0.0,0,0.0,0
2012-08-16,2012-08-30,OPTSTK,OIL,360.0,PE,0.0,0.0,0.0,1.55,0.0,0,0.0,0
2012-08-16,2012-08-30,OPTSTK,OIL,380.0,PE,0.0,0.0,0.0,3.65,0.0,0,0.0,0
2012-08-16,2012-08-30,OPTSTK,OIL,400.0,PE,0.0,0.0,0.0,7.3,0.0,0,0.0,0
2012-08-16,2012-08-30,OPTSTK,OIL,420.0,PE,0.0,0.0,0.0,13.15,0.0,0,0.0,0
2012-08-16,2012-08-30,OPTSTK,OIL,440.0,PE,0.0,0.0,0.0,21.4,0.15,0,0.0,0
2012-08-16,2012-08-30,OPTSTK,OIL,460.0,PE,0.0,0.0,0.0,32.15,1.5,0,0.0,0
2012-08-16,2012-08-30,OPTSTK,OIL,480.0,PE,0.0,0.0,0.0,10.05,7.9,0,0.0,1000
2012-08-16,2012-08-30,OPTSTK,OIL,500.0,PE,0.0,0.0,0.0,60.2,21.9,0,0.0,0
2012-08-16,2012-08-30,OPTSTK,OIL,520.0,PE,0.0,0.0,0.0,76.7,40.5,0,0.0,0
2012-08-16,2012-08-30,OPTSTK,OIL,540.0,PE,0.0,0.0,0.0,94.25,60.25,0,0.0,0
2012-08-16,2012-08-30,OPTSTK,OIL,560.0,PE,0.0,0.0,0.0,112.6,80.2,0,0.0,0
2012-08-16,2012-08-30,OPTSTK,OIL,580.0,PE,0.0,0.0,0.0,131.4,100.15,0,0.0,0
2012-08-16,2012-08-30,OPTSTK,OIL,600.0,PE,0.0,0.0,0.0,150.55,120.05,0,0.0,0
2012-08-16,2012-08-30,OPTSTK,OIL,620.0,PE,0.0,0.0,0.0,169.85,140.0,0,0.0,0
2012-08-16,2012-08-30,OPTSTK,OIL,640.0,PE,0.0,0.0,0.0,189.25,159.95,0,0.0,0
2012-08-16,2012-08-30,OPTSTK,OIL,660.0,PE,0.0,0.0,0.0,193.75,179.85,0,0.0,0
2012-08-16,2012-08-30,OPTSTK,OIL,680.0,PE,0.0,0.0,0.0,194.85,199.8,0,0.0,0
2012-08-16,2012-08-30,OPTSTK,OIL,700.0,PE,0.0,0.0,0.0,197.15,219.75,0,0.0,0
2012-08-16,2012-09-27,OPTSTK,OIL,300.0,CE,0.0,0.0,0.0,205.85,181.05,0,0.0,0
2012-08-16,2012-09-27,OPTSTK,OIL,320.0,CE,0.0,0.0,0.0,186.3,161.3,0,0.0,0
2012-08-16,2012-09-27,OPTSTK,OIL,340.0,CE,0.0,0.0,0.0,166.8,141.5,0,0.0,0
2012-08-16,2012-09-27,OPTSTK,OIL,360.0,CE,0.0,0.0,0.0,147.25,121.7,0,0.0,0
2012-08-16,2012-09-27,OPTSTK,OIL,380.0,CE,0.0,0.0,0.0,127.8,101.9,0,0.0,0
2012-08-16,2012-09-27,OPTSTK,OIL,400.0,CE,0.0,0.0,0.0,108.5,82.15,0,0.0,0
2012-08-16,2012-09-27,OPTSTK,OIL,420.0,CE,0.0,0.0,0.0,89.65,62.55,0,0.0,0
2012-08-16,2012-09-27,OPTSTK,OIL,440.0,CE,0.0,0.0,0.0,71.65,43.85,0,0.0,0
2012-08-16,2012-09-27,OPTSTK,OIL,460.0,CE,0.0,0.0,0.0,55.05,27.4,0,0.0,0
2012-08-16,2012-09-27,OPTSTK,OIL,480.0,CE,0.0,0.0,0.0,40.55,14.75,0,0.0,0
2012-08-16,2012-09-27,OPTSTK,OIL,500.0,CE,0.0,0.0,0.0,28.45,6.75,0,0.0,0
2012-08-16,2012-09-27,OPTSTK,OIL,520.0,CE,0.0,0.0,0.0,19.05,2.6,0,0.0,0
2012-08-16,2012-09-27,OPTSTK,OIL,540.0,CE,0.0,0.0,0.0,12.15,0.85,0,0.0,0
2012-08-16,2012-09-27,OPTSTK,OIL,560.0,CE,0.0,0.0,0.0,7.4,0.25,0,0.0,0
2012-08-16,2012-09-27,OPTSTK,OIL,580.0,CE,0.0,0.0,0.0,4.3,0.05,0,0.0,0
2012-08-16,2012-09-27,OPTSTK,OIL,600.0,CE,0.0,0.0,0.0,2.4,0.05,0,0.0,0
2012-08-16,2012-09-27,OPTSTK,OIL,620.0,CE,0.0,0.0,0.0,1.25,0.0,0,0.0,0
2012-08-16,2012-09-27,OPTSTK,OIL,640.0,CE,0.0,0.0,0.0,0.65,0.0,0,0.0,0
2012-08-16,2012-09-27,OPTSTK,OIL,660.0,CE,0.0,0.0,0.0,0.35,0.0,0,0.0,0
2012-08-16,2012-09-27,OPTSTK,OIL,680.0,CE,0.0,0.0,0.0,0.15,0.0,0,0.0,0
2012-08-16,2012-09-27,OPTSTK,OIL,700.0,CE,0.0,0.0,0.0,0.1,0.0,0,0.0,0
2012-08-16,2012-09-27,OPTSTK,OIL,300.0,PE,0.0,0.0,0.0,0.05,0.0,0,0.0,0
2012-08-16,2012-09-27,OPTSTK,OIL,320.0,PE,0.0,0.0,0.0,0.05,0.0,0,0.0,0
2012-08-16,2012-09-27,OPTSTK,OIL,340.0,PE,0.0,0.0,0.0,0.05,0.0,0,0.0,0
2012-08-16,2012-09-27,OPTSTK,OIL,360.0,PE,0.0,0.0,0.0,0.05,0.0,0,0.0,0
2012-08-16,2012-09-27,OPTSTK,OIL,380.0,PE,0.0,0.0,0.0,0.1,0.0,0,0.0,0
2012-08-16,2012-09-27,OPTSTK,OIL,400.0,PE,0.0,0.0,0.0,0.35,0.05,0,0.0,0
2012-08-16,2012-09-27,OPTSTK,OIL,420.0,PE,0.0,0.0,0.0,1.0,0.3,0,0.0,0
2012-08-16,2012-09-27,OPTSTK,OIL,440.0,PE,0.0,0.0,0.0,2.55,1.35,0,0.0,0
2012-08-16,2012-09-27,OPTSTK,OIL,460.0,PE,0.0,0.0,0.0,5.5,4.7,0,0.0,0
2012-08-16,2012-09-27,OPTSTK,OIL,480.0,PE,0.0,0.0,0.0,10.5,11.85,0,0.0,0
2012-08-16,2012-09-27,OPTSTK,OIL,500.0,PE,0.0,0.0,0.0,18.0,23.6,0,0.0,0
2012-08-16,2012-09-27,OPTSTK,OIL,520.0,PE,0.0,0.0,0.0,28.1,39.25,0,0.0,0
2012-08-16,2012-09-27,OPTSTK,OIL,540.0,PE,0.0,0.0,0.0,40.75,57.3,0,0.0,0
2012-08-16,2012-09-27,OPTSTK,OIL,560.0,PE,0.0,0.0,0.0,55.5,76.5,0,0.0,0
2012-08-16,2012-09-27,OPTSTK,OIL,580.0,PE,0.0,0.0,0.0,71.95,96.1,0,0.0,0
2012-08-16,2012-09-27,OPTSTK,OIL,600.0,PE,0.0,0.0,0.0,89.6,115.9,0,0.0,0
2012-08-16,2012-09-27,OPTSTK,OIL,620.0,PE,0.0,0.0,0.0,108.0,135.65,0,0.0,0
2012-08-16,2012-09-27,OPTSTK,OIL,640.0,PE,0.0,0.0,0.0,126.9,155.45,0,0.0,0
2012-08-16,2012-09-27,OPTSTK,OIL,660.0,PE,0.0,0.0,0.0,146.15,175.25,0,0.0,0
2012-08-16,2012-09-27,OPTSTK,OIL,680.0,PE,0.0,0.0,0.0,165.5,195.05,0,0.0,0
2012-08-16,2012-09-27,OPTSTK,OIL,700.0,PE,0.0,0.0,0.0,184.95,214.85,0,0.0,0
2012-08-16,2012-08-30,OPTSTK,ONGC,140.0,CE,0.0,0.0,0.0,116.6,144.8,0,0.0,0
2012-08-16,2012-08-30,OPTSTK,ONGC,160.0,CE,0.0,0.0,0.0,97.1,124.85,0,0.0,0
2012-08-16,2012-08-30,OPTSTK,ONGC,180.0,CE,0.0,0.0,0.0,77.7,104.9,0,0.0,0
2012-08-16,2012-08-30,OPTSTK,ONGC,200.0,CE,0.0,0.0,0.0,58.8,85.0,0,0.0,0
2012-08-16,2012-08-30,OPTSTK,ONGC,210.0,CE,0.0,0.0,0.0,43.6,75.0,0,0.0,0
2012-08-16,2012-08-30,OPTSTK,ONGC,220.0,CE,0.0,0.0,0.0,41.45,65.05,0,0.0,0
2012-08-16,2012-08-30,OPTSTK,ONGC,230.0,CE,0.0,0.0,0.0,28.6,55.1,0,0.0,0
2012-08-16,2012-08-30,OPTSTK,ONGC,240.0,CE,0.0,0.0,0.0,26.9,45.1,0,0.0,0
2012-08-16,2012-08-30,OPTSTK,ONGC,250.0,CE,0.0,0.0,0.0,17.25,35.15,0,0.0,0
2012-08-16,2012-08-30,OPTSTK,ONGC,260.0,CE,0.0,0.0,0.0,21.0,25.35,0,0.0,9000
2012-08-16,2012-08-30,OPTSTK,ONGC,270.0,CE,0.0,0.0,0.0,18.0,16.05,0,0.0,30000
2012-08-16,2012-08-30,OPTSTK,ONGC,280.0,CE,9.2,9.45,7.75,8.45,8.45,87,250.9,175000
2012-08-16,2012-08-30,OPTSTK,ONGC,290.0,CE,5.0,5.0,3.2,3.6,3.6,292,857.57,805000
2012-08-16,2012-08-30,OPTSTK,ONGC,300.0,CE,2.2,2.2,1.1,1.35,1.35,168,506.46,492000
2012-08-16,2012-08-30,OPTSTK,ONGC,320.0,CE,0.6,0.6,0.25,0.3,0.3,17,54.46,96000
2012-08-16,2012-08-30,OPTSTK,ONGC,340.0,CE,0.0,0.0,0.0,0.9,0.0,0,0.0,0
2012-08-16,2012-08-30,OPTSTK,ONGC,360.0,CE,0.0,0.0,0.0,0.4,0.0,0,0.0,0
2012-08-16,2012-08-30,OPTSTK,ONGC,380.0,CE,0.0,0.0,0.0,0.15,0.0,0,0.0,0
2012-08-16,2012-08-30,OPTSTK,ONGC,400.0,CE,0.0,0.0,0.0,0.05,0.0,0,0.0,0
2012-08-16,2012-08-30,OPTSTK,ONGC,420.0,CE,0.0,0.0,0.0,0.05,0.0,0,0.0,0
2012-08-16,2012-08-30,OPTSTK,ONGC,440.0,CE,0.0,0.0,0.0,0.05,0.0,0,0.0,0
2012-08-16,2012-08-30,OPTSTK,ONGC,460.0,CE,0.0,0.0,0.0,0.05,0.0,0,0.0,0
2012-08-16,2012-08-30,OPTSTK,ONGC,140.0,PE,0.0,0.0,0.0,0.05,0.0,0,0.0,0
2012-08-16,2012-08-30,OPTSTK,ONGC,160.0,PE,0.0,0.0,0.0,0.05,0.0,0,0.0,0
2012-08-16,2012-08-30,OPTSTK,ONGC,180.0,PE,0.0,0.0,0.0,0.15,0.0,0,0.0,0
2012-08-16,2012-08-30,OPTSTK,ONGC,200.0,PE,0.0,0.0,0.0,0.8,0.0,0,0.0,0
2012-08-16,2012-08-30,OPTSTK,ONGC,210.0,PE,0.0,0.0,0.0,2.6,0.0,0,0.0,0
2012-08-16,2012-08-30,OPTSTK,ONGC,220.0,PE,0.0,0.0,0.0,2.95,0.0,0,0.0,0
2012-08-16,2012-08-30,OPTSTK,ONGC,230.0,PE,0.0,0.0,0.0,7.15,0.0,0,0.0,0
2012-08-16,2012-08-30,OPTSTK,ONGC,240.0,PE,0.0,0.0,0.0,7.9,0.0,0,0.0,0
2012-08-16,2012-08-30,OPTSTK,ONGC,250.0,PE,0.0,0.0,0.0,0.65,0.05,0,0.0,11000
2012-08-16,2012-08-30,OPTSTK,ONGC,260.0,PE,0.5,0.5,0.5,0.5,0.5,1,2.6,83000
2012-08-16,2012-08-30,OPTSTK,ONGC,270.0,PE,0.8,1.15,0.8,1.0,1.0,53,143.62,195000
2012-08-16,2012-08-30,OPTSTK,ONGC,280.0,PE,3.0,3.65,2.4,3.3,3.3,48,135.98,138000
2012-08-16,2012-08-30,OPTSTK,ONGC,290.0,PE,8.0,8.9,7.65,8.15,8.15,14,41.75,44000
2012-08-16,2012-08-30,OPTSTK,ONGC,300.0,PE,0.0,0.0,0.0,18.35,15.8,0,0.0,5000
2012-08-16,2012-08-30,OPTSTK,ONGC,320.0,PE,0.0,0.0,0.0,61.15,34.7,0,0.0,0
2012-08-16,2012-08-30,OPTSTK,ONGC,340.0,PE,0.0,0.0,0.0,79.5,54.6,0,0.0,0
2012-08-16,2012-08-30,OPTSTK,ONGC,360.0,PE,0.0,0.0,0.0,98.5,74.5,0,0.0,0
2012-08-16,2012-08-30,OPTSTK,ONGC,380.0,PE,0.0,0.0,0.0,117.8,94.45,0,0.0,0
2012-08-16,2012-08-30,OPTSTK,ONGC,400.0,PE,0.0,0.0,0.0,137.25,114.4,0,0.0,0
2012-08-16,2012-08-30,OPTSTK,ONGC,420.0,PE,0.0,0.0,0.0,156.7,134.3,0,0.0,0
2012-08-16,2012-08-30,OPTSTK,ONGC,440.0,PE,0.0,0.0,0.0,176.25,154.25,0,0.0,0
2012-08-16,2012-08-30,OPTSTK,ONGC,460.0,PE,0.0,0.0,0.0,195.75,174.2,0,0.0,0
2012-08-16,2012-09-27,OPTSTK,ONGC,140.0,CE,0.0,0.0,0.0,141.2,145.75,0,0.0,0
2012-08-16,2012-09-27,OPTSTK,ONGC,160.0,CE,0.0,0.0,0.0,121.65,125.95,0,0.0,0
2012-08-16,2012-09-27,OPTSTK,ONGC,180.0,CE,0.0,0.0,0.0,102.15,106.2,0,0.0,0
2012-08-16,2012-09-27,OPTSTK,ONGC,200.0,CE,0.0,0.0,0.0,82.75,86.4,0,0.0,0
2012-08-16,2012-09-27,OPTSTK,ONGC,220.0,CE,0.0,0.0,0.0,63.9,66.6,0,0.0,0
2012-08-16,2012-09-27,OPTSTK,ONGC,240.0,CE,0.0,0.0,0.0,46.4,46.9,0,0.0,0
2012-08-16,2012-09-27,OPTSTK,ONGC,260.0,CE,0.0,0.0,0.0,31.4,28.3,0,0.0,0
2012-08-16,2012-09-27,OPTSTK,ONGC,280.0,CE,0.0,0.0,0.0,11.0,13.4,0,0.0,1000
2012-08-16,2012-09-27,OPTSTK,ONGC,300.0,CE,0.0,0.0,0.0,7.0,4.65,0,0.0,1000
2012-08-16,2012-09-27,OPTSTK,ONGC,320.0,CE,1.15,1.15,1.1,1.1,1.1,3,9.63,31000
2012-08-16,2012-09-27,OPTSTK,ONGC,340.0,CE,0.0,0.0,0.0,1.85,0.25,0,0.0,2000
2012-08-16,2012-09-27,OPTSTK,ONGC,360.0,CE,0.0,0.0,0.0,1.5,0.05,0,0.0,0
2012-08-16,2012-09-27,OPTSTK,ONGC,380.0,CE,0.0,0.0,0.0,0.7,0.0,0,0.0,0
2012-08-16,2012-09-27,OPTSTK,ONGC,400.0,CE,0.0,0.0,0.0,0.3,0.0,0,0.0,0
2012-08-16,2012-09-27,OPTSTK,ONGC,420.0,CE,0.0,0.0,0.0,0.15,0.0,0,0.0,0
2012-08-16,2012-09-27,OPTSTK,ONGC,440.0,CE,0.0,0.0,0.0,0.05,0.0,0,0.0,0
2012-08-16,2012-09-27,OPTSTK,ONGC,460.0,CE,0.0,0.0,0.0,0.05,0.0,0,0.0,0
2012-08-16,2012-09-27,OPTSTK,ONGC,140.0,PE,0.0,0.0,0.0,0.05,0.0,0,0.0,0
2012-08-16,2012-09-27,OPTSTK,ONGC,160.0,PE,0.0,0.0,0.0,0.05,0.0,0,0.0,0
2012-08-16,2012-09-27,OPTSTK,ONGC,180.0,PE,0.0,0.0,0.0,0.05,0.0,0,0.0,0
2012-08-16,2012-09-27,OPTSTK,ONGC,200.0,PE,0.0,0.0,0.0,0.2,0.0,0,0.0,0
2012-08-16,2012-09-27,OPTSTK,ONGC,220.0,PE,0.0,0.0,0.0,0.85,0.0,0,0.0,0
2012-08-16,2012-09-27,OPTSTK,ONGC,240.0,PE,0.0,0.0,0.0,2.95,0.15,0,0.0,0
2012-08-16,2012-09-27,OPTSTK,ONGC,260.0,PE,0.0,0.0,0.0,1.75,1.3,0,0.0,1000
2012-08-16,2012-09-27,OPTSTK,ONGC,280.0,PE,0.0,0.0,0.0,15.3,6.2,0,0.0,0
2012-08-16,2012-09-27,OPTSTK,ONGC,300.0,PE,0.0,0.0,0.0,26.55,17.25,0,0.0,0
2012-08-16,2012-09-27,OPTSTK,ONGC,320.0,PE,0.0,0.0,0.0,40.85,33.6,0,0.0,0
2012-08-16,2012-09-27,OPTSTK,ONGC,340.0,PE,0.0,0.0,0.0,57.35,52.4,0,0.0,0
2012-08-16,2012-09-27,OPTSTK,ONGC,360.0,PE,0.0,0.0,0.0,75.25,72.05,0,0.0,0
2012-08-16,2012-09-27,OPTSTK,ONGC,380.0,PE,0.0,0.0,0.0,93.95,91.8,0,0.0,0
2012-08-16,2012-09-27,OPTSTK,ONGC,400.0,PE,0.0,0.0,0.0,113.1,111.6,0,0.0,0
2012-08-16,2012-09-27,OPTSTK,ONGC,420.0,PE,0.0,0.0,0.0,132.45,131.4,0,0.0,0
2012-08-16,2012-09-27,OPTSTK,ONGC,440.0,PE,0.0,0.0,0.0,151.95,151.15,0,0.0,0
2012-08-16,2012-09-27,OPTSTK,ONGC,460.0,PE,0.0,0.0,0.0,171.45,170.95,0,0.0,0
2012-08-16,2012-10-25,OPTSTK,ONGC,140.0,CE,0.0,0.0,0.0,139.65,146.7,0,0.0,0
2012-08-16,2012-10-25,OPTSTK,ONGC,160.0,CE,0.0,0.0,0.0,120.1,127.05,0,0.0,0
2012-08-16,2012-10-25,OPTSTK,ONGC,180.0,CE,0.0,0.0,0.0,100.55,107.4,0,0.0,0
2012-08-16,2012-10-25,OPTSTK,ONGC,200.0,CE,0.0,0.0,0.0,81.05,87.75,0,0.0,0
2012-08-16,2012-10-25,OPTSTK,ONGC,220.0,CE,0.0,0.0,0.0,61.8,68.15,0,0.0,0
2012-08-16,2012-10-25,OPTSTK,ONGC,240.0,CE,0.0,0.0,0.0,43.6,48.9,0,0.0,0
2012-08-16,2012-10-25,OPTSTK,ONGC,260.0,CE,0.0,0.0,0.0,27.85,31.25,0,0.0,0
2012-08-16,2012-10-25,OPTSTK,ONGC,280.0,CE,0.0,0.0,0.0,15.85,17.15,0,0.0,0
2012-08-16,2012-10-25,OPTSTK,ONGC,300.0,CE,0.0,0.0,0.0,8.05,7.9,0,0.0,0
2012-08-16,2012-10-25,OPTSTK,ONGC,320.0,CE,0.0,0.0,0.0,3.65,3.05,0,0.0,0
2012-08-16,2012-10-25,OPTSTK,ONGC,340.0,CE,0.0,0.0,0.0,1.5,1.0,0,0.0,0
2012-08-16,2012-10-25,OPTSTK,ONGC,360.0,CE,0.0,0.0,0.0,0.55,0.3,0,0.0,0
2012-08-16,2012-10-25,OPTSTK,ONGC,380.0,CE,0.0,0.0,0.0,0.2,0.1,0,0.0,0
2012-08-16,2012-10-25,OPTSTK,ONGC,400.0,CE,0.0,0.0,0.0,0.1,0.05,0,0.0,0
2012-08-16,2012-10-25,OPTSTK,ONGC,420.0,CE,0.0,0.0,0.0,0.05,0.0,0,0.0,0
2012-08-16,2012-10-25,OPTSTK,ONGC,440.0,CE,0.0,0.0,0.0,0.05,0.0,0,0.0,0
2012-08-16,2012-10-25,OPTSTK,ONGC,460.0,CE,0.0,0.0,0.0,0.05,0.0,0,0.0,0
2012-08-16,2012-10-25,OPTSTK,ONGC,140.0,PE,0.0,0.0,0.0,0.05,0.0,0,0.0,0
2012-08-16,2012-10-25,OPTSTK,ONGC,160.0,PE,0.0,0.0,0.0,0.05,0.0,0,0.0,0
2012-08-16,2012-10-25,OPTSTK,ONGC,180.0,PE,0.0,0.0,0.0,0.05,0.0,0,0.0,0
2012-08-16,2012-10-25,OPTSTK,ONGC,200.0,PE,0.0,0.0,0.0,0.05,0.0,0,0.0,0
2012-08-16,2012-10-25,OPTSTK,ONGC,220.0,PE,0.0,0.0,0.0,0.35,0.05,0,0.0,0
2012-08-16,2012-10-25,OPTSTK,ONGC,240.0,PE,0.0,0.0,0.0,1.7,0.5,0,0.0,0
2012-08-16,2012-10-25,OPTSTK,ONGC,260.0,PE,0.0,0.0,0.0,5.5,2.5,0,0.0,0
2012-08-16,2012-10-25,OPTSTK,ONGC,280.0,PE,0.0,0.0,0.0,13.05,8.05,0,0.0,0
2012-08-16,2012-10-25,OPTSTK,ONGC,300.0,PE,0.0,0.0,0.0,24.75,18.45,0,0.0,0
2012-08-16,2012-10-25,OPTSTK,ONGC,320.0,PE,0.0,0.0,0.0,39.9,33.25,0,0.0,0
2012-08-16,2012-10-25,OPTSTK,ONGC,340.0,PE,0.0,0.0,0.0,57.3,50.85,0,0.0,0
2012-08-16,2012-10-25,OPTSTK,ONGC,360.0,PE,0.0,0.0,0.0,75.95,69.8,0,0.0,0
2012-08-16,2012-10-25,OPTSTK,ONGC,380.0,PE,0.0,0.0,0.0,95.1,89.25,0,0.0,0
2012-08-16,2012-10-25,OPTSTK,ONGC,400.0,PE,0.0,0.0,0.0,114.55,108.85,0,0.0,0
2012-08-16,2012-10-25,OPTSTK,ONGC,420.0,PE,0.0,0.0,0.0,134.05,128.5,0,0.0,0
2012-08-16,2012-10-25,OPTSTK,ONGC,440.0,PE,0.0,0.0,0.0,153.6,148.15,0,0.0,0
2012-08-16,2012-10-25,OPTSTK,ONGC,460.0,PE,0.0,0.0,0.0,173.15,167.8,0,0.0,0
2012-08-16,2012-08-30,OPTSTK,ONMOBILE,17.5,CE,0.0,0.0,0.0,24.15,25.55,0,0.0,0
2012-08-16,2012-08-30,OPTSTK,ONMOBILE,20.0,CE,0.0,0.0,0.0,21.7,23.05,0,0.0,0
2012-08-16,2012-08-30,OPTSTK,ONMOBILE,22.5,CE,0.0,0.0,0.0,19.3,20.55,0,0.0,0
2012-08-16,2012-08-30,OPTSTK,ONMOBILE,25.0,CE,0.0,0.0,0.0,16.95,18.05,0,0.0,0
2012-08-16,2012-08-30,OPTSTK,ONMOBILE,27.5,CE,0.0,0.0,0.0,14.65,15.55,0,0.0,0
2012-08-16,2012-08-30,OPTSTK,ONMOBILE,30.0,CE,0.0,0.0,0.0,8.0,13.1,0,0.0,4000
2012-08-16,2012-08-30,OPTSTK,ONMOBILE,32.5,CE,0.0,0.0,0.0,10.5,10.65,0,0.0,0
2012-08-16,2012-08-30,OPTSTK,ONMOBILE,35.0,CE,0.0,0.0,0.0,8.7,8.3,0,0.0,0
2012-08-16,2012-08-30,OPTSTK,ONMOBILE,37.5,CE,0.0,0.0,0.0,6.65,6.15,0,0.0,20000
2012-08-16,2012-08-30,OPTSTK,ONMOBILE,40.0,CE,4.35,4.4,4.35,4.4,4.4,2,3.55,120000
2012-08-16,2012-08-30,OPTSTK,ONMOBILE,42.5,CE,2.8,2.8,2.0,2.0,2.0,4,7.16,128000
2012-08-16,2012-08-30,OPTSTK,ONMOBILE,45.0,CE,1.15,1.35,0.95,1.0,1.0,28,51.67,304000
2012-08-16,2012-08-30,OPTSTK,ONMOBILE,47.5,CE,0.55,0.8,0.4,0.45,0.45,9,17.29,32000
2012-08-16,2012-08-30,OPTSTK,ONMOBILE,50.0,CE,0.3,0.3,0.2,0.25,0.25,18,36.19,124000
2012-08-16,2012-08-30,OPTSTK,ONMOBILE,52.5,CE,0.0,0.0,0.0,1.65,0.3,0,0.0,0
2012-08-16,2012-08-30,OPTSTK,ONMOBILE,55.0,CE,0.0,0.0,0.0,1.25,0.15,0,0.0,0
2012-08-16,2012-08-30,OPTSTK,ONMOBILE,57.5,CE,0.0,0.0,0.0,0.95,0.1,0,0.0,0
2012-08-16,2012-08-30,OPTSTK,ONMOBILE,60.0,CE,0.0,0.0,0.0,0.75,0.05,0,0.0,0
2012-08-16,2012-08-30,OPTSTK,ONMOBILE,62.5,CE,0.0,0.0,0.0,0.55,0.05,0,0.0,0
2012-08-16,2012-08-30,OPTSTK,ONMOBILE,65.0,CE,0.0,0.0,0.0,0.4,0.05,0,0.0,0
2012-08-16,2012-08-30,OPTSTK,ONMOBILE,17.5,PE,0.0,0.0,0.0,0.05,0.0,0,0.0,0
2012-08-16,2012-08-30,OPTSTK,ONMOBILE,20.0,PE,0.0,0.0,0.0,0.25,0.0,0,0.0,0
2012-08-16,2012-08-30,OPTSTK,ONMOBILE,22.5,PE,0.0,0.0,0.0,0.05,0.0,0,0.0,0
2012-08-16,2012-08-30,OPTSTK,ONMOBILE,25.0,PE,0.0,0.0,0.0,0.05,0.0,0,0.0,0
2012-08-16,2012-08-30,OPTSTK,ONMOBILE,27.5,PE,0.0,0.0,0.0,0.3,0.0,0,0.0,0
2012-08-16,2012-08-30,OPTSTK,ONMOBILE,30.0,PE,0.0,0.0,0.0,0.55,0.05,0,0.0,0
2012-08-16,2012-08-30,OPTSTK,ONMOBILE,32.5,PE,0.0,0.0,0.0,1.0,0.1,0,0.0,0
2012-08-16,2012-08-30,OPTSTK,ONMOBILE,35.0,PE,0.0,0.0,0.0,1.65,0.2,0,0.0,0
2012-08-16,2012-08-30,OPTSTK,ONMOBILE,37.5,PE,0.0,0.0,0.0,0.2,0.55,0,0.0,16000
2012-08-16,2012-08-30,OPTSTK,ONMOBILE,40.0,PE,0.5,0.5,0.5,0.5,0.5,1,1.62,32000
2012-08-16,2012-08-30,OPTSTK,ONMOBILE,42.5,PE,0.0,0.0,0.0,4.8,2.25,0,0.0,0
2012-08-16,2012-08-30,OPTSTK,ONMOBILE,45.0,PE,0.0,0.0,0.0,6.3,3.65,0,0.0,0
2012-08-16,2012-08-30,OPTSTK,ONMOBILE,47.5,PE,0.0,0.0,0.0,7.95,5.4,0,0.0,0
2012-08-16,2012-08-30,OPTSTK,ONMOBILE,50.0,PE,0.0,0.0,0.0,9.75,7.45,0,0.0,0
2012-08-16,2012-08-30,OPTSTK,ONMOBILE,52.5,PE,0.0,0.0,0.0,11.7,9.7,0,0.0,0
2012-08-16,2012-08-30,OPTSTK,ONMOBILE,55.0,PE,0.0,0.0,0.0,13.75,12.05,0,0.0,0
2012-08-16,2012-08-30,OPTSTK,ONMOBILE,57.5,PE,0.0,0.0,0.0,15.9,14.45,0,0.0,0
2012-08-16,2012-08-30,OPTSTK,ONMOBILE,60.0,PE,0.0,0.0,0.0,18.1,16.9,0,0.0,0
2012-08-16,2012-08-30,OPTSTK,ONMOBILE,62.5,PE,0.0,0.0,0.0,20.35,19.35,0,0.0,0
2012-08-16,2012-08-30,OPTSTK,ONMOBILE,65.0,PE,0.0,0.0,0.0,22.65,21.85,0,0.0,0
2012-08-16,2012-09-27,OPTSTK,ONMOBILE,17.5,CE,0.0,0.0,0.0,16.9,25.65,0,0.0,0
2012-08-16,2012-09-27,OPTSTK,ONMOBILE,20.0,CE,0.0,0.0,0.0,15.0,23.2,0,0.0,0
2012-08-16,2012-09-27,OPTSTK,ONMOBILE,22.5,CE,0.0,0.0,0.0,13.25,20.7,0,0.0,0
2012-08-16,2012-09-27,OPTSTK,ONMOBILE,25.0,CE,0.0,0.0,0.0,11.7,18.25,0,0.0,0
2012-08-16,2012-09-27,OPTSTK,ONMOBILE,27.5,CE,0.0,0.0,0.0,10.35,15.9,0,0.0,0
2012-08-16,2012-09-27,OPTSTK,ONMOBILE,30.0,CE,0.0,0.0,0.0,9.1,13.6,0,0.0,0
2012-08-16,2012-09-27,OPTSTK,ONMOBILE,32.5,CE,0.0,0.0,0.0,8.0,11.4,0,0.0,0
2012-08-16,2012-09-27,OPTSTK,ONMOBILE,35.0,CE,0.0,0.0,0.0,7.05,9.4,0,0.0,0
2012-08-16,2012-09-27,OPTSTK,ONMOBILE,37.5,CE,0.0,0.0,0.0,6.2,7.65,0,0.0,0
2012-08-16,2012-09-27,OPTSTK,ONMOBILE,40.0,CE,0.0,0.0,0.0,5.5,6.1,0,0.0,0
2012-08-16,2012-09-27,OPTSTK,ONMOBILE,42.5,CE,0.0,0.0,0.0,4.85,4.8,0,0.0,0
2012-08-16,2012-09-27,OPTSTK,ONMOBILE,45.0,CE,0.0,0.0,0.0,4.25,3.7,0,0.0,0
2012-08-16,2012-09-27,OPTSTK,ONMOBILE,47.5,CE,0.0,0.0,0.0,3.75,2.8,0,0.0,0
2012-08-16,2012-09-27,OPTSTK,ONMOBILE,50.0,CE,0.0,0.0,0.0,3.35,2.15,0,0.0,0
2012-08-16,2012-09-27,OPTSTK,ONMOBILE,52.5,CE,0.0,0.0,0.0,2.95,1.6,0,0.0,0
2012-08-16,2012-09-27,OPTSTK,ONMOBILE,55.0,CE,0.0,0.0,0.0,2.6,1.2,0,0.0,0
2012-08-16,2012-09-27,OPTSTK,ONMOBILE,57.5,CE,0.0,0.0,0.0,2.35,0.85,0,0.0,0
2012-08-16,2012-09-27,OPTSTK,ONMOBILE,17.5,PE,0.0,0.0,0.0,0.8,0.0,0,0.0,0
2012-08-16,2012-09-27,OPTSTK,ONMOBILE,20.0,PE,0.0,0.0,0.0,1.35,0.0,0,0.0,0
2012-08-16,2012-09-27,OPTSTK,ONMOBILE,22.5,PE,0.0,0.0,0.0,2.1,0.05,0,0.0,0
2012-08-16,2012-09-27,OPTSTK,ONMOBILE,25.0,PE,0.0,0.0,0.0,3.0,0.05,0,0.0,0
2012-08-16,2012-09-27,OPTSTK,ONMOBILE,27.5,PE,0.0,0.0,0.0,4.05,0.15,0,0.0,0
2012-08-16,2012-09-27,OPTSTK,ONMOBILE,30.0,PE,0.0,0.0,0.0,5.25,0.3,0,0.0,0
2012-08-16,2012-09-27,OPTSTK,ONMOBILE,32.5,PE,0.0,0.0,0.0,6.6,0.6,0,0.0,0
2012-08-16,2012-09-27,OPTSTK,ONMOBILE,35.0,PE,0.0,0.0,0.0,8.1,1.1,0,0.0,0
2012-08-16,2012-09-27,OPTSTK,ONMOBILE,37.5,PE,0.0,0.0,0.0,9.7,1.8,0,0.0,0
2012-08-16,2012-09-27,OPTSTK,ONMOBILE,40.0,PE,0.0,0.0,0.0,11.4,2.75,0,0.0,0
2012-08-16,2012-09-27,OPTSTK,ONMOBILE,42.5,PE,0.0,0.0,0.0,13.2,3.9,0,0.0,0
2012-08-16,2012-09-27,OPTSTK,ONMOBILE,45.0,PE,0.0,0.0,0.0,15.05,5.3,0,0.0,0
2012-08-16,2012-09-27,OPTSTK,ONMOBILE,47.5,PE,0.0,0.0,0.0,17.0,6.9,0,0.0,0
2012-08-16,2012-09-27,OPTSTK,ONMOBILE,50.0,PE,0.0,0.0,0.0,19.0,8.65,0,0.0,0
2012-08-16,2012-09-27,OPTSTK,ONMOBILE,52.5,PE,0.0,0.0,0.0,21.1,10.6,0,0.0,0
2012-08-16,2012-09-27,OPTSTK,ONMOBILE,55.0,PE,0.0,0.0,0.0,23.2,12.65,0,0.0,0
2012-08-16,2012-09-27,OPTSTK,ONMOBILE,57.5,PE,0.0,0.0,0.0,25.35,14.85,0,0.0,0
2012-08-16,2012-08-30,OPTSTK,OPTOCIRCUI,90.0,CE,0.0,0.0,0.0,73.95,53.95,0,0.0,0
2012-08-16,2012-08-30,OPTSTK,OPTOCIRCUI,100.0,CE,0.0,0.0,0.0,64.2,44.0,0,0.0,0
2012-08-16,2012-08-30,OPTSTK,OPTOCIRCUI,110.0,CE,0.0,0.0,0.0,54.45,34.05,0,0.0,0
2012-08-16,2012-08-30,OPTSTK,OPTOCIRCUI,120.0,CE,0.0,0.0,0.0,44.8,24.1,0,0.0,0
2012-08-16,2012-08-30,OPTSTK,OPTOCIRCUI,130.0,CE,0.0,0.0,0.0,13.05,14.35,0,0.0,5000
2012-08-16,2012-08-30,OPTSTK,OPTOCIRCUI,140.0,CE,8.0,11.0,6.65,8.85,8.85,74,110.22,92000
2012-08-16,2012-08-30,OPTSTK,OPTOCIRCUI,150.0,CE,4.25,5.9,3.05,3.95,3.95,137,211.37,84000
2012-08-16,2012-08-30,OPTSTK,OPTOCIRCUI,160.0,CE,2.0,2.6,1.15,1.65,1.65,52,84.15,37000
2012-08-16,2012-08-30,OPTSTK,OPTOCIRCUI,170.0,CE,0.7,1.1,0.55,0.6,0.6,26,44.39,29000
2012-08-16,2012-08-30,OPTSTK,OPTOCIRCUI,180.0,CE,0.2,0.2,0.2,0.2,0.2,1,1.8,1000
2012-08-16,2012-08-30,OPTSTK,OPTOCIRCUI,190.0,CE,0.0,0.0,0.0,2.9,0.0,0,0.0,0
2012-08-16,2012-08-30,OPTSTK,OPTOCIRCUI,200.0,CE,0.0,0.0,0.0,1.6,0.0,0,0.0,0
2012-08-16,2012-08-30,OPTSTK,OPTOCIRCUI,210.0,CE,0.0,0.0,0.0,0.85,0.0,0,0.0,0
2012-08-16,2012-08-30,OPTSTK,OPTOCIRCUI,220.0,CE,0.0,0.0,0.0,0.45,0.0,0,0.0,0
2012-08-16,2012-08-30,OPTSTK,OPTOCIRCUI,230.0,CE,0.0,0.0,0.0,0.2,0.0,0,0.0,0
2012-08-16,2012-08-30,OPTSTK,OPTOCIRCUI,240.0,CE,0.0,0.0,0.0,0.1,0.0,0,0.0,0
2012-08-16,2012-08-30,OPTSTK,OPTOCIRCUI,250.0,CE,0.0,0.0,0.0,0.05,0.0,0,0.0,0
2012-08-16,2012-08-30,OPTSTK,OPTOCIRCUI,260.0,CE,0.0,0.0,0.0,0.05,0.0,0,0.0,0
2012-08-16,2012-08-30,OPTSTK,OPTOCIRCUI,90.0,PE,0.0,0.0,0.0,0.05,0.0,0,0.0,0
2012-08-16,2012-08-30,OPTSTK,OPTOCIRCUI,100.0,PE,0.0,0.0,0.0,0.35,0.0,0,0.0,5000
2012-08-16,2012-08-30,OPTSTK,OPTOCIRCUI,110.0,PE,0.0,0.0,0.0,0.65,0.0,0,0.0,5000
2012-08-16,2012-08-30,OPTSTK,OPTOCIRCUI,120.0,PE,1.5,1.8,1.0,1.25,1.25,57,69.2,97000
2012-08-16,2012-08-30,OPTSTK,OPTOCIRCUI,130.0,PE,4.0,5.0,2.25,2.55,2.55,80,106.43,100000
2012-08-16,2012-08-30,OPTSTK,OPTOCIRCUI,140.0,PE,6.5,7.5,4.8,5.1,5.1,79,115.22,67000
2012-08-16,2012-08-30,OPTSTK,OPTOCIRCUI,150.0,PE,0.0,0.0,0.0,8.2,7.5,0,0.0,2000
2012-08-16,2012-08-30,OPTSTK,OPTOCIRCUI,160.0,PE,0.0,0.0,0.0,7.4,16.1,0,0.0,0
2012-08-16,2012-08-30,OPTSTK,OPTOCIRCUI,170.0,PE,0.0,0.0,0.0,12.45,25.8,0,0.0,0
2012-08-16,2012-08-30,OPTSTK,OPTOCIRCUI,180.0,PE,0.0,0.0,0.0,18.95,35.75,0,0.0,0
2012-08-16,2012-08-30,OPTSTK,OPTOCIRCUI,190.0,PE,0.0,0.0,0.0,26.55,45.75,0,0.0,0
2012-08-16,2012-08-30,OPTSTK,OPTOCIRCUI,200.0,PE,0.0,0.0,0.0,35.0,55.7,0,0.0,0
2012-08-16,2012-08-30,OPTSTK,OPTOCIRCUI,210.0,PE,0.0,0.0,0.0,44.05,65.65,0,0.0,0
2012-08-16,2012-08-30,OPTSTK,OPTOCIRCUI,220.0,PE,0.0,0.0,0.0,53.4,75.65,0,0.0,0
2012-08-16,2012-08-30,OPTSTK,OPTOCIRCUI,230.0,PE,0.0,0.0,0.0,62.95,85.6,0,0.0,0
2012-08-16,2012-08-30,OPTSTK,OPTOCIRCUI,240.0,PE,0.0,0.0,0.0,72.6,95.55,0,0.0,0
2012-08-16,2012-08-30,OPTSTK,OPTOCIRCUI,250.0,PE,0.0,0.0,0.0,82.3,105.55,0,0.0,0
2012-08-16,2012-08-30,OPTSTK,OPTOCIRCUI,260.0,PE,0.0,0.0,0.0,92.05,115.5,0,0.0,0
2012-08-16,2012-09-27,OPTSTK,OPTOCIRCUI,90.0,CE,0.0,0.0,0.0,67.4,54.6,0,0.0,0
2012-08-16,2012-09-27,OPTSTK,OPTOCIRCUI,100.0,CE,0.0,0.0,0.0,57.7,44.7,0,0.0,0
2012-08-16,2012-09-27,OPTSTK,OPTOCIRCUI,110.0,CE,0.0,0.0,0.0,48.1,34.85,0,0.0,0
2012-08-16,2012-09-27,OPTSTK,OPTOCIRCUI,120.0,CE,0.0,0.0,0.0,38.8,25.2,0,0.0,0
2012-08-16,2012-09-27,OPTSTK,OPTOCIRCUI,130.0,CE,0.0,0.0,0.0,30.1,16.45,0,0.0,0
2012-08-16,2012-09-27,OPTSTK,OPTOCIRCUI,140.0,CE,0.0,0.0,0.0,22.45,9.4,0,0.0,0
2012-08-16,2012-09-27,OPTSTK,OPTOCIRCUI,150.0,CE,6.8,6.8,6.8,6.8,6.8,1,1.56,2000
2012-08-16,2012-09-27,OPTSTK,OPTOCIRCUI,160.0,CE,0.0,0.0,0.0,10.95,1.95,0,0.0,0
2012-08-16,2012-09-27,OPTSTK,OPTOCIRCUI,170.0,CE,0.0,0.0,0.0,7.15,0.75,0,0.0,0
2012-08-16,2012-09-27,OPTSTK,OPTOCIRCUI,180.0,CE,0.0,0.0,0.0,4.55,0.25,0,0.0,0
2012-08-16,2012-09-27,OPTSTK,OPTOCIRCUI,190.0,CE,0.0,0.0,0.0,2.75,0.1,0,0.0,0
2012-08-16,2012-09-27,OPTSTK,OPTOCIRCUI,200.0,CE,0.0,0.0,0.0,1.65,0.05,0,0.0,0
2012-08-16,2012-09-27,OPTSTK,OPTOCIRCUI,210.0,CE,0.0,0.0,0.0,0.95,0.0,0,0.0,0
2012-08-16,2012-09-27,OPTSTK,OPTOCIRCUI,220.0,CE,0.0,0.0,0.0,0.55,0.0,0,0.0,0
2012-08-16,2012-09-27,OPTSTK,OPTOCIRCUI,230.0,CE,0.0,0.0,0.0,0.3,0.0,0,0.0,0
2012-08-16,2012-09-27,OPTSTK,OPTOCIRCUI,240.0,CE,0.0,0.0,0.0,0.15,0.0,0,0.0,0
2012-08-16,2012-09-27,OPTSTK,OPTOCIRCUI,250.0,CE,0.0,0.0,0.0,0.1,0.0,0,0.0,0
2012-08-16,2012-09-27,OPTSTK,OPTOCIRCUI,260.0,CE,0.0,0.0,0.0,0.05,0.0,0,0.0,0
2012-08-16,2012-09-27,OPTSTK,OPTOCIRCUI,90.0,PE,0.0,0.0,0.0,0.05,0.0,0,0.0,0
2012-08-16,2012-09-27,OPTSTK,OPTOCIRCUI,100.0,PE,0.0,0.0,0.0,0.05,0.0,0,0.0,0
2012-08-16,2012-09-27,OPTSTK,OPTOCIRCUI,110.0,PE,0.0,0.0,0.0,0.2,0.05,0,0.0,0
2012-08-16,2012-09-27,OPTSTK,OPTOCIRCUI,120.0,PE,0.0,0.0,0.0,0.7,0.35,0,0.0,0
2012-08-16,2012-09-27,OPTSTK,OPTOCIRCUI,130.0,PE,0.0,0.0,0.0,1.8,1.45,0,0.0,0
2012-08-16,2012-09-27,OPTSTK,OPTOCIRCUI,140.0,PE,0.0,0.0,0.0,3.9,4.3,0,0.0,0
2012-08-16,2012-09-27,OPTSTK,OPTOCIRCUI,150.0,PE,0.0,0.0,0.0,7.2,9.4,0,0.0,0
2012-08-16,2012-09-27,OPTSTK,OPTOCIRCUI,160.0,PE,0.0,0.0,0.0,11.9,16.65,0,0.0,0
2012-08-16,2012-09-27,OPTSTK,OPTOCIRCUI,170.0,PE,0.0,0.0,0.0,17.9,25.3,0,0.0,0
2012-08-16,2012-09-27,OPTSTK,OPTOCIRCUI,180.0,PE,0.0,0.0,0.0,25.05,34.75,0,0.0,0
2012-08-16,2012-09-27,OPTSTK,OPTOCIRCUI,190.0,PE,0.0,0.0,0.0,33.05,44.45,0,0.0,0
2012-08-16,2012-09-27,OPTSTK,OPTOCIRCUI,200.0,PE,0.0,0.0,0.0,41.7,54.3,0,0.0,0
2012-08-16,2012-09-27,OPTSTK,OPTOCIRCUI,210.0,PE,0.0,0.0,0.0,50.75,64.2,0,0.0,0
2012-08-16,2012-09-27,OPTSTK,OPTOCIRCUI,220.0,PE,0.0,0.0,0.0,60.1,74.1,0,0.0,0
2012-08-16,2012-09-27,OPTSTK,OPTOCIRCUI,230.0,PE,0.0,0.0,0.0,69.65,84.0,0,0.0,0
2012-08-16,2012-09-27,OPTSTK,OPTOCIRCUI,240.0,PE,0.0,0.0,0.0,79.3,93.9,0,0.0,0
2012-08-16,2012-09-27,OPTSTK,OPTOCIRCUI,250.0,PE,0.0,0.0,0.0,89.0,103.8,0,0.0,0
2012-08-16,2012-09-27,OPTSTK,OPTOCIRCUI,260.0,PE,0.0,0.0,0.0,98.7,113.7,0,0.0,0
2012-08-16,2012-10-25,OPTSTK,OPTOCIRCUI,90.0,CE,0.0,0.0,0.0,71.75,55.2,0,0.0,0
2012-08-16,2012-10-25,OPTSTK,OPTOCIRCUI,100.0,CE,0.0,0.0,0.0,62.0,45.4,0,0.0,0
2012-08-16,2012-10-25,OPTSTK,OPTOCIRCUI,110.0,CE,0.0,0.0,0.0,52.3,35.75,0,0.0,0
2012-08-16,2012-10-25,OPTSTK,OPTOCIRCUI,120.0,CE,0.0,0.0,0.0,42.75,26.55,0,0.0,0
2012-08-16,2012-10-25,OPTSTK,OPTOCIRCUI,130.0,CE,0.0,0.0,0.0,33.65,18.4,0,0.0,0
2012-08-16,2012-10-25,OPTSTK,OPTOCIRCUI,140.0,CE,0.0,0.0,0.0,25.35,11.75,0,0.0,0
2012-08-16,2012-10-25,OPTSTK,OPTOCIRCUI,150.0,CE,0.0,0.0,0.0,18.2,6.9,0,0.0,0
2012-08-16,2012-10-25,OPTSTK,OPTOCIRCUI,160.0,CE,0.0,0.0,0.0,12.45,3.75,0,0.0,0
2012-08-16,2012-10-25,OPTSTK,OPTOCIRCUI,170.0,CE,0.0,0.0,0.0,8.1,1.9,0,0.0,0
2012-08-16,2012-10-25,OPTSTK,OPTOCIRCUI,180.0,CE,0.0,0.0,0.0,5.05,0.9,0,0.0,0
2012-08-16,2012-10-25,OPTSTK,OPTOCIRCUI,190.0,CE,0.0,0.0,0.0,3.0,0.4,0,0.0,0
2012-08-16,2012-10-25,OPTSTK,OPTOCIRCUI,200.0,CE,0.0,0.0,0.0,1.7,0.2,0,0.0,0
2012-08-16,2012-10-25,OPTSTK,OPTOCIRCUI,210.0,CE,0.0,0.0,0.0,0.95,0.1,0,0.0,0
2012-08-16,2012-10-25,OPTSTK,OPTOCIRCUI,220.0,CE,0.0,0.0,0.0,0.5,0.05,0,0.0,0
2012-08-16,2012-10-25,OPTSTK,OPTOCIRCUI,230.0,CE,0.0,0.0,0.0,0.3,0.05,0,0.0,0
2012-08-16,2012-10-25,OPTSTK,OPTOCIRCUI,240.0,CE,0.0,0.0,0.0,0.15,0.0,0,0.0,0
2012-08-16,2012-10-25,OPTSTK,OPTOCIRCUI,250.0,CE,0.0,0.0,0.0,0.1,0.0,0,0.0,0
2012-08-16,2012-10-25,OPTSTK,OPTOCIRCUI,260.0,CE,0.0,0.0,0.0,0.05,0.0,0,0.0,0
2012-08-16,2012-10-25,OPTSTK,OPTOCIRCUI,90.0,PE,0.0,0.0,0.0,0.05,0.0,0,0.0,0
2012-08-16,2012-10-25,OPTSTK,OPTOCIRCUI,100.0,PE,0.0,0.0,0.0,0.05,0.05,0,0.0,0
2012-08-16,2012-10-25,OPTSTK,OPTOCIRCUI,110.0,PE,0.0,0.0,0.0,0.1,0.2,0,0.0,0
2012-08-16,2012-10-25,OPTSTK,OPTOCIRCUI,120.0,PE,0.0,0.0,0.0,0.35,0.85,0,0.0,0
2012-08-16,2012-10-25,OPTSTK,OPTOCIRCUI,130.0,PE,0.0,0.0,0.0,1.0,2.5,0,0.0,0
2012-08-16,2012-10-25,OPTSTK,OPTOCIRCUI,140.0,PE,0.0,0.0,0.0,2.5,5.7,0,0.0,0
2012-08-16,2012-10-25,OPTSTK,OPTOCIRCUI,150.0,PE,0.0,0.0,0.0,5.1,10.7,0,0.0,0
2012-08-16,2012-10-25,OPTSTK,OPTOCIRCUI,160.0,PE,0.0,0.0,0.0,9.1,17.35,0,0.0,0
2012-08-16,2012-10-25,OPTSTK,OPTOCIRCUI,170.0,PE,0.0,0.0,0.0,14.55,25.35,0,0.0,0
2012-08-16,2012-10-25,OPTSTK,OPTOCIRCUI,180.0,PE,0.0,0.0,0.0,21.25,34.15,0,0.0,0
2012-08-16,2012-10-25,OPTSTK,OPTOCIRCUI,190.0,PE,0.0,0.0,0.0,29.0,43.5,0,0.0,0
2012-08-16,2012-10-25,OPTSTK,OPTOCIRCUI,200.0,PE,0.0,0.0,0.0,37.5,53.1,0,0.0,0
2012-08-16,2012-10-25,OPTSTK,OPTOCIRCUI,210.0,PE,0.0,0.0,0.0,46.5,62.85,0,0.0,0
2012-08-16,2012-10-25,OPTSTK,OPTOCIRCUI,220.0,PE,0.0,0.0,0.0,55.85,72.6,0,0.0,0
2012-08-16,2012-10-25,OPTSTK,OPTOCIRCUI,230.0,PE,0.0,0.0,0.0,65.35,82.45,0,0.0,0
2012-08-16,2012-10-25,OPTSTK,OPTOCIRCUI,240.0,PE,0.0,0.0,0.0,75.0,92.25,0,0.0,0
2012-08-16,2012-10-25,OPTSTK,OPTOCIRCUI,250.0,PE,0.0,0.0,0.0,84.7,102.1,0,0.0,0
2012-08-16,2012-10-25,OPTSTK,OPTOCIRCUI,260.0,PE,0.0,0.0,0.0,94.45,111.9,0,0.0,0
2012-08-16,2012-08-30,OPTSTK,ORCHIDCHEM,60.0,CE,0.0,0.0,0.0,62.5,44.25,0,0.0,0
2012-08-16,2012-08-30,OPTSTK,ORCHIDCHEM,70.0,CE,0.0,0.0,0.0,53.05,34.3,0,0.0,0
2012-08-16,2012-08-30,OPTSTK,ORCHIDCHEM,80.0,CE,0.0,0.0,0.0,44.15,24.35,0,0.0,0
2012-08-16,2012-08-30,OPTSTK,ORCHIDCHEM,90.0,CE,0.0,0.0,0.0,35.95,14.6,0,0.0,0
2012-08-16,2012-08-30,OPTSTK,ORCHIDCHEM,100.0,CE,6.15,9.0,6.0,6.95,6.95,32,68.45,112000
2012-08-16,2012-08-30,OPTSTK,ORCHIDCHEM,110.0,CE,1.55,3.45,1.55,1.9,1.9,229,513.88,368000
2012-08-16,2012-08-30,OPTSTK,ORCHIDCHEM,120.0,CE,0.6,0.85,0.4,0.45,0.45,53,127.88,304000
2012-08-16,2012-08-30,OPTSTK,ORCHIDCHEM,130.0,CE,0.2,0.2,0.1,0.1,0.1,4,10.41,138000
2012-08-16,2012-08-30,OPTSTK,ORCHIDCHEM,140.0,CE,0.1,0.1,0.1,0.1,0.1,2,5.6,24000
2012-08-16,2012-08-30,OPTSTK,ORCHIDCHEM,150.0,CE,0.0,0.0,0.0,0.3,0.0,0,0.0,22000
2012-08-16,2012-08-30,OPTSTK,ORCHIDCHEM,160.0,CE,0.0,0.0,0.0,5.45,0.0,0,0.0,0
2012-08-16,2012-08-30,OPTSTK,ORCHIDCHEM,170.0,CE,0.0,0.0,0.0,4.0,0.0,0,0.0,0
2012-08-16,2012-08-30,OPTSTK,ORCHIDCHEM,180.0,CE,0.0,0.0,0.0,2.95,0.0,0,0.0,0
2012-08-16,2012-08-30,OPTSTK,ORCHIDCHEM,190.0,CE,0.0,0.0,0.0,2.15,0.0,0,0.0,0
2012-08-16,2012-08-30,OPTSTK,ORCHIDCHEM,200.0,CE,0.0,0.0,0.0,1.55,0.0,0,0.0,0
2012-08-16,2012-08-30,OPTSTK,ORCHIDCHEM,210.0,CE,0.0,0.0,0.0,1.15,0.0,0,0.0,0
2012-08-16,2012-08-30,OPTSTK,ORCHIDCHEM,220.0,CE,0.0,0.0,0.0,0.8,0.0,0,0.0,0
2012-08-16,2012-08-30,OPTSTK,ORCHIDCHEM,60.0,PE,0.0,0.0,0.0,0.15,0.0,0,0.0,0
2012-08-16,2012-08-30,OPTSTK,ORCHIDCHEM,70.0,PE,0.0,0.0,0.0,0.5,0.0,0,0.0,0
2012-08-16,2012-08-30,OPTSTK,ORCHIDCHEM,80.0,PE,0.0,0.0,0.0,0.45,0.05,0,0.0,4000
2012-08-16,2012-08-30,OPTSTK,ORCHIDCHEM,90.0,PE,1.5,1.5,0.4,0.8,0.8,37,67.15,56000
2012-08-16,2012-08-30,OPTSTK,ORCHIDCHEM,100.0,PE,3.0,3.15,1.6,2.4,2.4,143,292.8,374000
2012-08-16,2012-08-30,OPTSTK,ORCHIDCHEM,110.0,PE,7.4,7.5,5.6,7.2,7.2,21,49.02,102000
2012-08-16,2012-08-30,OPTSTK,ORCHIDCHEM,120.0,PE,16.15,16.85,14.0,14.0,14.0,6,16.34,26000
2012-08-16,2012-08-30,OPTSTK,ORCHIDCHEM,130.0,PE,0.0,0.0,0.0,19.15,25.55,0,0.0,0
2012-08-16,2012-08-30,OPTSTK,ORCHIDCHEM,140.0,PE,0.0,0.0,0.0,25.65,35.5,0,0.0,0
2012-08-16,2012-08-30,OPTSTK,ORCHIDCHEM,150.0,PE,0.0,0.0,0.0,32.85,45.45,0,0.0,0
2012-08-16,2012-08-30,OPTSTK,ORCHIDCHEM,160.0,PE,0.0,0.0,0.0,40.7,55.45,0,0.0,0
2012-08-16,2012-08-30,OPTSTK,ORCHIDCHEM,170.0,PE,0.0,0.0,0.0,49.0,65.4,0,0.0,0
2012-08-16,2012-08-30,OPTSTK,ORCHIDCHEM,180.0,PE,0.0,0.0,0.0,57.7,75.35,0,0.0,0
2012-08-16,2012-08-30,OPTSTK,ORCHIDCHEM,190.0,PE,0.0,0.0,0.0,66.65,85.35,0,0.0,0
2012-08-16,2012-08-30,OPTSTK,ORCHIDCHEM,200.0,PE,0.0,0.0,0.0,75.85,95.3,0,0.0,0
2012-08-16,2012-08-30,OPTSTK,ORCHIDCHEM,210.0,PE,0.0,0.0,0.0,85.15,105.25,0,0.0,0
2012-08-16,2012-08-30,OPTSTK,ORCHIDCHEM,220.0,PE,0.0,0.0,0.0,94.6,115.25,0,0.0,0
2012-08-16,2012-09-27,OPTSTK,ORCHIDCHEM,60.0,CE,0.0,0.0,0.0,57.1,44.7,0,0.0,0
2012-08-16,2012-09-27,OPTSTK,ORCHIDCHEM,70.0,CE,0.0,0.0,0.0,47.4,34.8,0,0.0,0
2012-08-16,2012-09-27,OPTSTK,ORCHIDCHEM,80.0,CE,0.0,0.0,0.0,37.85,25.15,0,0.0,0
2012-08-16,2012-09-27,OPTSTK,ORCHIDCHEM,90.0,CE,0.0,0.0,0.0,28.85,16.4,0,0.0,0
2012-08-16,2012-09-27,OPTSTK,ORCHIDCHEM,100.0,CE,0.0,0.0,0.0,20.9,9.4,0,0.0,0
2012-08-16,2012-09-27,OPTSTK,ORCHIDCHEM,110.0,CE,0.0,0.0,0.0,8.0,4.75,0,0.0,2000
2012-08-16,2012-09-27,OPTSTK,ORCHIDCHEM,120.0,CE,0.0,0.0,0.0,9.3,2.1,0,0.0,0
2012-08-16,2012-09-27,OPTSTK,ORCHIDCHEM,130.0,CE,0.0,0.0,0.0,5.8,0.85,0,0.0,0
2012-08-16,2012-09-27,OPTSTK,ORCHIDCHEM,140.0,CE,0.0,0.0,0.0,3.45,0.3,0,0.0,0
2012-08-16,2012-09-27,OPTSTK,ORCHIDCHEM,150.0,CE,0.0,0.0,0.0,2.0,0.1,0,0.0,0
2012-08-16,2012-09-27,OPTSTK,ORCHIDCHEM,160.0,CE,0.0,0.0,0.0,1.1,0.05,0,0.0,0
2012-08-16,2012-09-27,OPTSTK,ORCHIDCHEM,170.0,CE,0.0,0.0,0.0,0.6,0.05,0,0.0,0
2012-08-16,2012-09-27,OPTSTK,ORCHIDCHEM,180.0,CE,0.0,0.0,0.0,0.35,0.0,0,0.0,0
2012-08-16,2012-09-27,OPTSTK,ORCHIDCHEM,190.0,CE,0.0,0.0,0.0,0.2,0.0,0,0.0,0
2012-08-16,2012-09-27,OPTSTK,ORCHIDCHEM,200.0,CE,0.0,0.0,0.0,0.1,0.0,0,0.0,0
2012-08-16,2012-09-27,OPTSTK,ORCHIDCHEM,210.0,CE,0.0,0.0,0.0,0.05,0.0,0,0.0,0
2012-08-16,2012-09-27,OPTSTK,ORCHIDCHEM,220.0,CE,0.0,0.0,0.0,0.05,0.0,0,0.0,0
2012-08-16,2012-09-27,OPTSTK,ORCHIDCHEM,60.0,PE,0.0,0.0,0.0,0.05,0.0,0,0.0,0
2012-08-16,2012-09-27,OPTSTK,ORCHIDCHEM,70.0,PE,0.0,0.0,0.0,0.05,0.05,0,0.0,0
2012-08-16,2012-09-27,OPTSTK,ORCHIDCHEM,80.0,PE,0.0,0.0,0.0,0.3,0.3,0,0.0,0
2012-08-16,2012-09-27,OPTSTK,ORCHIDCHEM,90.0,PE,0.0,0.0,0.0,1.1,1.4,0,0.0,0
2012-08-16,2012-09-27,OPTSTK,ORCHIDCHEM,100.0,PE,0.0,0.0,0.0,2.85,4.3,0,0.0,0
2012-08-16,2012-09-27,OPTSTK,ORCHIDCHEM,110.0,PE,0.0,0.0,0.0,8.55,9.55,0,0.0,2000
2012-08-16,2012-09-27,OPTSTK,ORCHIDCHEM,120.0,PE,0.0,0.0,0.0,10.85,16.8,0,0.0,0
2012-08-16,2012-09-27,OPTSTK,ORCHIDCHEM,130.0,PE,0.0,0.0,0.0,17.05,25.45,0,0.0,0
2012-08-16,2012-09-27,OPTSTK,ORCHIDCHEM,140.0,PE,0.0,0.0,0.0,24.5,34.8,0,0.0,0
2012-08-16,2012-09-27,OPTSTK,ORCHIDCHEM,150.0,PE,0.0,0.0,0.0,32.8,44.5,0,0.0,0
2012-08-16,2012-09-27,OPTSTK,ORCHIDCHEM,160.0,PE,0.0,0.0,0.0,41.7,54.35,0,0.0,0
2012-08-16,2012-09-27,OPTSTK,ORCHIDCHEM,170.0,PE,0.0,0.0,0.0,50.95,64.2,0,0.0,0
2012-08-16,2012-09-27,OPTSTK,ORCHIDCHEM,180.0,PE,0.0,0.0,0.0,60.45,74.1,0,0.0,0
2012-08-16,2012-09-27,OPTSTK,ORCHIDCHEM,190.0,PE,0.0,0.0,0.0,70.05,84.0,0,0.0,0
2012-08-16,2012-09-27,OPTSTK,ORCHIDCHEM,200.0,PE,0.0,0.0,0.0,79.75,93.9,0,0.0,0
2012-08-16,2012-09-27,OPTSTK,ORCHIDCHEM,210.0,PE,0.0,0.0,0.0,89.5,103.8,0,0.0,0
2012-08-16,2012-09-27,OPTSTK,ORCHIDCHEM,220.0,PE,0.0,0.0,0.0,99.2,113.7,0,0.0,0
2012-08-16,2012-08-30,OPTSTK,ORIENTBANK,160.0,CE,0.0,0.0,0.0,73.5,77.5,0,0.0,0
2012-08-16,2012-08-30,OPTSTK,ORIENTBANK,170.0,CE,0.0,0.0,0.0,64.1,67.55,0,0.0,0
2012-08-16,2012-08-30,OPTSTK,ORIENTBANK,180.0,CE,0.0,0.0,0.0,54.95,57.6,0,0.0,0
2012-08-16,2012-08-30,OPTSTK,ORIENTBANK,190.0,CE,0.0,0.0,0.0,46.3,47.7,0,0.0,0
2012-08-16,2012-08-30,OPTSTK,ORIENTBANK,200.0,CE,0.0,0.0,0.0,38.3,37.95,0,0.0,0
2012-08-16,2012-08-30,OPTSTK,ORIENTBANK,210.0,CE,0.0,0.0,0.0,31.05,28.7,0,0.0,0
2012-08-16,2012-08-30,OPTSTK,ORIENTBANK,220.0,CE,0.0,0.0,0.0,24.65,20.35,0,0.0,0
2012-08-16,2012-08-30,OPTSTK,ORIENTBANK,230.0,CE,0.0,0.0,0.0,19.2,13.4,0,0.0,0
2012-08-16,2012-08-30,OPTSTK,ORIENTBANK,240.0,CE,0.0,0.0,0.0,8.0,8.1,0,0.0,0
2012-08-16,2012-08-30,OPTSTK,ORIENTBANK,250.0,CE,0.0,0.0,0.0,2.0,4.5,0,0.0,1000
2012-08-16,2012-08-30,OPTSTK,ORIENTBANK,260.0,CE,0.0,0.0,0.0,8.1,2.3,0,0.0,0
2012-08-16,2012-08-30,OPTSTK,ORIENTBANK,270.0,CE,0.0,0.0,0.0,5.9,1.1,0,0.0,0
2012-08-16,2012-08-30,OPTSTK,ORIENTBANK,280.0,CE,0.0,0.0,0.0,4.2,0.5,0,0.0,0
2012-08-16,2012-08-30,OPTSTK,ORIENTBANK,290.0,CE,0.0,0.0,0.0,2.95,0.2,0,0.0,0
2012-08-16,2012-08-30,OPTSTK,ORIENTBANK,300.0,CE,0.0,0.0,0.0,2.05,0.1,0,0.0,0
2012-08-16,2012-08-30,OPTSTK,ORIENTBANK,310.0,CE,0.0,0.0,0.0,1.4,0.05,0,0.0,0
2012-08-16,2012-08-30,OPTSTK,ORIENTBANK,320.0,CE,0.0,0.0,0.0,0.95,0.05,0,0.0,0
2012-08-16,2012-08-30,OPTSTK,ORIENTBANK,330.0,CE,0.0,0.0,0.0,0.65,0.0,0,0.0,0
2012-08-16,2012-08-30,OPTSTK,ORIENTBANK,340.0,CE,0.0,0.0,0.0,1.1,0.0,0,0.0,0
2012-08-16,2012-08-30,OPTSTK,ORIENTBANK,360.0,CE,0.0,0.0,0.0,0.1,0.0,0,0.0,0
2012-08-16,2012-08-30,OPTSTK,ORIENTBANK,160.0,PE,0.0,0.0,0.0,0.25,0.0,0,0.0,0
2012-08-16,2012-08-30,OPTSTK,ORIENTBANK,170.0,PE,0.0,0.0,0.0,0.6,0.0,0,0.0,0
2012-08-16,2012-08-30,OPTSTK,ORIENTBANK,180.0,PE,0.0,0.0,0.0,1.25,0.05,0,0.0,0
2012-08-16,2012-08-30,OPTSTK,ORIENTBANK,190.0,PE,0.0,0.0,0.0,2.35,0.1,0,0.0,0
2012-08-16,2012-08-30,OPTSTK,ORIENTBANK,200.0,PE,0.0,0.0,0.0,1.0,0.35,0,0.0,2000
2012-08-16,2012-08-30,OPTSTK,ORIENTBANK,210.0,PE,0.0,0.0,0.0,1.5,1.05,0,0.0,1000
2012-08-16,2012-08-30,OPTSTK,ORIENTBANK,220.0,PE,0.0,0.0,0.0,9.95,2.65,0,0.0,0
2012-08-16,2012-08-30,OPTSTK,ORIENTBANK,230.0,PE,0.0,0.0,0.0,11.8,5.65,0,0.0,1000
2012-08-16,2012-08-30,OPTSTK,ORIENTBANK,240.0,PE,0.0,0.0,0.0,19.5,10.35,0,0.0,0
2012-08-16,2012-08-30,OPTSTK,ORIENTBANK,250.0,PE,0.0,0.0,0.0,25.6,16.75,0,0.0,0
2012-08-16,2012-08-30,OPTSTK,ORIENTBANK,260.0,PE,0.0,0.0,0.0,32.45,24.5,0,0.0,0
2012-08-16,2012-08-30,OPTSTK,ORIENTBANK,270.0,PE,0.0,0.0,0.0,40.0,33.25,0,0.0,0
2012-08-16,2012-08-30,OPTSTK,ORIENTBANK,280.0,PE,0.0,0.0,0.0,48.05,42.6,0,0.0,0
2012-08-16,2012-08-30,OPTSTK,ORIENTBANK,290.0,PE,0.0,0.0,0.0,56.6,52.3,0,0.0,0
2012-08-16,2012-08-30,OPTSTK,ORIENTBANK,300.0,PE,0.0,0.0,0.0,65.45,62.15,0,0.0,0
2012-08-16,2012-08-30,OPTSTK,ORIENTBANK,310.0,PE,0.0,0.0,0.0,74.55,72.05,0,0.0,0
2012-08-16,2012-08-30,OPTSTK,ORIENTBANK,320.0,PE,0.0,0.0,0.0,83.85,82.0,0,0.0,0
2012-08-16,2012-08-30,OPTSTK,ORIENTBANK,330.0,PE,0.0,0.0,0.0,93.3,91.95,0,0.0,0
2012-08-16,2012-08-30,OPTSTK,ORIENTBANK,340.0,PE,0.0,0.0,0.0,96.1,101.95,0,0.0,0
2012-08-16,2012-08-30,OPTSTK,ORIENTBANK,360.0,PE,0.0,0.0,0.0,101.5,121.85,0,0.0,0
2012-08-16,2012-09-27,OPTSTK,ORIENTBANK,160.0,CE,0.0,0.0,0.0,90.25,78.7,0,0.0,0
2012-08-16,2012-09-27,OPTSTK,ORIENTBANK,170.0,CE,0.0,0.0,0.0,80.55,69.0,0,0.0,0
2012-08-16,2012-09-27,OPTSTK,ORIENTBANK,180.0,CE,0.0,0.0,0.0,70.9,59.45,0,0.0,0
2012-08-16,2012-09-27,OPTSTK,ORIENTBANK,190.0,CE,0.0,0.0,0.0,61.45,50.3,0,0.0,0
2012-08-16,2012-09-27,OPTSTK,ORIENTBANK,200.0,CE,0.0,0.0,0.0,30.0,41.65,0,0.0,1000
2012-08-16,2012-09-27,OPTSTK,ORIENTBANK,210.0,CE,0.0,0.0,0.0,20.0,33.75,0,0.0,1000
2012-08-16,2012-09-27,OPTSTK,ORIENTBANK,220.0,CE,0.0,0.0,0.0,35.65,26.7,0,0.0,0
2012-08-16,2012-09-27,OPTSTK,ORIENTBANK,230.0,CE,0.0,0.0,0.0,28.45,20.6,0,0.0,0
2012-08-16,2012-09-27,OPTSTK,ORIENTBANK,240.0,CE,0.0,0.0,0.0,22.2,15.55,0,0.0,0
2012-08-16,2012-09-27,OPTSTK,ORIENTBANK,250.0,CE,0.0,0.0,0.0,16.9,11.5,0,0.0,0
2012-08-16,2012-09-27,OPTSTK,ORIENTBANK,260.0,CE,0.0,0.0,0.0,12.55,8.3,0,0.0,0
2012-08-16,2012-09-27,OPTSTK,ORIENTBANK,270.0,CE,0.0,0.0,0.0,9.15,5.85,0,0.0,0
2012-08-16,2012-09-27,OPTSTK,ORIENTBANK,280.0,CE,0.0,0.0,0.0,6.55,4.05,0,0.0,0
2012-08-16,2012-09-27,OPTSTK,ORIENTBANK,290.0,CE,0.0,0.0,0.0,4.55,2.75,0,0.0,0
2012-08-16,2012-09-27,OPTSTK,ORIENTBANK,300.0,CE,0.0,0.0,0.0,3.1,1.85,0,0.0,0
2012-08-16,2012-09-27,OPTSTK,ORIENTBANK,310.0,CE,0.0,0.0,0.0,2.1,1.2,0,0.0,0
2012-08-16,2012-09-27,OPTSTK,ORIENTBANK,320.0,CE,0.0,0.0,0.0,1.4,0.8,0,0.0,0
2012-08-16,2012-09-27,OPTSTK,ORIENTBANK,330.0,CE,0.0,0.0,0.0,0.9,0.5,0,0.0,0
2012-08-16,2012-09-27,OPTSTK,ORIENTBANK,340.0,CE,0.0,0.0,0.0,0.6,0.35,0,0.0,0
2012-08-16,2012-09-27,OPTSTK,ORIENTBANK,360.0,CE,0.0,0.0,0.0,0.45,0.15,0,0.0,0
2012-08-16,2012-09-27,OPTSTK,ORIENTBANK,160.0,PE,0.0,0.0,0.0,0.05,0.1,0,0.0,0
2012-08-16,2012-09-27,OPTSTK,ORIENTBANK,170.0,PE,0.0,0.0,0.0,0.1,0.25,0,0.0,0
2012-08-16,2012-09-27,OPTSTK,ORIENTBANK,180.0,PE,0.0,0.0,0.0,0.25,0.65,0,0.0,0
2012-08-16,2012-09-27,OPTSTK,ORIENTBANK,190.0,PE,0.0,0.0,0.0,0.55,1.35,0,0.0,0
2012-08-16,2012-09-27,OPTSTK,ORIENTBANK,200.0,PE,0.0,0.0,0.0,1.2,2.65,0,0.0,0
2012-08-16,2012-09-27,OPTSTK,ORIENTBANK,210.0,PE,0.0,0.0,0.0,2.3,4.6,0,0.0,0
2012-08-16,2012-09-27,OPTSTK,ORIENTBANK,220.0,PE,0.0,0.0,0.0,4.05,7.45,0,0.0,0
2012-08-16,2012-09-27,OPTSTK,ORIENTBANK,230.0,PE,0.0,0.0,0.0,6.6,11.3,0,0.0,0
2012-08-16,2012-09-27,OPTSTK,ORIENTBANK,240.0,PE,0.0,0.0,0.0,10.1,16.15,0,0.0,0
2012-08-16,2012-09-27,OPTSTK,ORIENTBANK,250.0,PE,0.0,0.0,0.0,14.6,21.95,0,0.0,0
2012-08-16,2012-09-27,OPTSTK,ORIENTBANK,260.0,PE,0.0,0.0,0.0,20.05,28.65,0,0.0,0
2012-08-16,2012-09-27,OPTSTK,ORIENTBANK,270.0,PE,0.0,0.0,0.0,26.35,36.1,0,0.0,0
2012-08-16,2012-09-27,OPTSTK,ORIENTBANK,280.0,PE,0.0,0.0,0.0,33.5,44.2,0,0.0,0
2012-08-16,2012-09-27,OPTSTK,ORIENTBANK,290.0,PE,0.0,0.0,0.0,41.3,52.8,0,0.0,0
2012-08-16,2012-09-27,OPTSTK,ORIENTBANK,300.0,PE,0.0,0.0,0.0,49.65,61.8,0,0.0,0
2012-08-16,2012-09-27,OPTSTK,ORIENTBANK,310.0,PE,0.0,0.0,0.0,58.4,71.05,0,0.0,0
2012-08-16,2012-09-27,OPTSTK,ORIENTBANK,320.0,PE,0.0,0.0,0.0,67.45,80.55,0,0.0,0
2012-08-16,2012-09-27,OPTSTK,ORIENTBANK,330.0,PE,0.0,0.0,0.0,76.75,90.15,0,0.0,0
2012-08-16,2012-09-27,OPTSTK,ORIENTBANK,340.0,PE,0.0,0.0,0.0,86.2,99.85,0,0.0,0
2012-08-16,2012-09-27,OPTSTK,ORIENTBANK,360.0,PE,0.0,0.0,0.0,99.25,119.45,0,0.0,0
2012-08-16,2012-10-25,OPTSTK,ORIENTBANK,160.0,CE,0.0,0.0,0.0,70.7,80.2,0,0.0,0
2012-08-16,2012-10-25,OPTSTK,ORIENTBANK,170.0,CE,0.0,0.0,0.0,61.5,70.85,0,0.0,0
2012-08-16,2012-10-25,OPTSTK,ORIENTBANK,180.0,CE,0.0,0.0,0.0,52.65,61.85,0,0.0,0
2012-08-16,2012-10-25,OPTSTK,ORIENTBANK,190.0,CE,0.0,0.0,0.0,44.35,53.35,0,0.0,0
2012-08-16,2012-10-25,OPTSTK,ORIENTBANK,200.0,CE,0.0,0.0,0.0,36.75,45.4,0,0.0,0
2012-08-16,2012-10-25,OPTSTK,ORIENTBANK,210.0,CE,0.0,0.0,0.0,29.95,38.15,0,0.0,0
2012-08-16,2012-10-25,OPTSTK,ORIENTBANK,220.0,CE,0.0,0.0,0.0,24.0,31.6,0,0.0,0
2012-08-16,2012-10-25,OPTSTK,ORIENTBANK,230.0,CE,0.0,0.0,0.0,18.9,25.85,0,0.0,0
2012-08-16,2012-10-25,OPTSTK,ORIENTBANK,240.0,CE,0.0,0.0,0.0,14.65,20.9,0,0.0,0
2012-08-16,2012-10-25,OPTSTK,ORIENTBANK,250.0,CE,0.0,0.0,0.0,11.2,16.7,0,0.0,0
2012-08-16,2012-10-25,OPTSTK,ORIENTBANK,260.0,CE,0.0,0.0,0.0,8.45,13.2,0,0.0,0
2012-08-16,2012-10-25,OPTSTK,ORIENTBANK,270.0,CE,0.0,0.0,0.0,6.3,10.3,0,0.0,0
2012-08-16,2012-10-25,OPTSTK,ORIENTBANK,280.0,CE,0.0,0.0,0.0,4.6,8.0,0,0.0,0
2012-08-16,2012-10-25,OPTSTK,ORIENTBANK,290.0,CE,0.0,0.0,0.0,3.35,6.15,0,0.0,0
2012-08-16,2012-10-25,OPTSTK,ORIENTBANK,300.0,CE,0.0,0.0,0.0,2.4,4.65,0,0.0,0
2012-08-16,2012-10-25,OPTSTK,ORIENTBANK,310.0,CE,0.0,0.0,0.0,1.7,3.55,0,0.0,0
2012-08-16,2012-10-25,OPTSTK,ORIENTBANK,320.0,CE,0.0,0.0,0.0,1.2,2.65,0,0.0,0
2012-08-16,2012-10-25,OPTSTK,ORIENTBANK,330.0,CE,0.0,0.0,0.0,0.85,1.95,0,0.0,0
2012-08-16,2012-10-25,OPTSTK,ORIENTBANK,160.0,PE,0.0,0.0,0.0,0.5,0.5,0,0.0,0
2012-08-16,2012-10-25,OPTSTK,ORIENTBANK,170.0,PE,0.0,0.0,0.0,1.0,1.0,0,0.0,0
2012-08-16,2012-10-25,OPTSTK,ORIENTBANK,180.0,PE,0.0,0.0,0.0,1.95,1.8,0,0.0,0
2012-08-16,2012-10-25,OPTSTK,ORIENTBANK,190.0,PE,0.0,0.0,0.0,3.45,3.15,0,0.0,0
2012-08-16,2012-10-25,OPTSTK,ORIENTBANK,200.0,PE,0.0,0.0,0.0,5.65,5.0,0,0.0,0
2012-08-16,2012-10-25,OPTSTK,ORIENTBANK,210.0,PE,0.0,0.0,0.0,8.55,7.55,0,0.0,0
2012-08-16,2012-10-25,OPTSTK,ORIENTBANK,220.0,PE,0.0,0.0,0.0,12.4,10.85,0,0.0,0
2012-08-16,2012-10-25,OPTSTK,ORIENTBANK,230.0,PE,0.0,0.0,0.0,17.1,14.95,0,0.0,0
2012-08-16,2012-10-25,OPTSTK,ORIENTBANK,240.0,PE,0.0,0.0,0.0,22.6,19.85,0,0.0,0
2012-08-16,2012-10-25,OPTSTK,ORIENTBANK,250.0,PE,0.0,0.0,0.0,28.9,25.45,0,0.0,0
2012-08-16,2012-10-25,OPTSTK,ORIENTBANK,260.0,PE,0.0,0.0,0.0,35.95,31.8,0,0.0,0
2012-08-16,2012-10-25,OPTSTK,ORIENTBANK,270.0,PE,0.0,0.0,0.0,43.55,38.75,0,0.0,0
2012-08-16,2012-10-25,OPTSTK,ORIENTBANK,280.0,PE,0.0,0.0,0.0,51.65,46.25,0,0.0,0
2012-08-16,2012-10-25,OPTSTK,ORIENTBANK,290.0,PE,0.0,0.0,0.0,60.15,54.2,0,0.0,0
2012-08-16,2012-10-25,OPTSTK,ORIENTBANK,300.0,PE,0.0,0.0,0.0,69.0,62.55,0,0.0,0
2012-08-16,2012-10-25,OPTSTK,ORIENTBANK,310.0,PE,0.0,0.0,0.0,78.1,71.25,0,0.0,0
2012-08-16,2012-10-25,OPTSTK,ORIENTBANK,320.0,PE,0.0,0.0,0.0,87.35,80.2,0,0.0,0
2012-08-16,2012-10-25,OPTSTK,ORIENTBANK,330.0,PE,0.0,0.0,0.0,96.75,89.35,0,0.0,0
2012-08-16,2012-08-30,OPTSTK,PANTALOONR,80.0,CE,0.0,0.0,0.0,73.35,78.8,0,0.0,0
2012-08-16,2012-08-30,OPTSTK,PANTALOONR,90.0,CE,0.0,0.0,0.0,64.55,68.8,0,0.0,0
2012-08-16,2012-08-30,OPTSTK,PANTALOONR,100.0,CE,0.0,0.0,0.0,56.35,58.85,0,0.0,0
2012-08-16,2012-08-30,OPTSTK,PANTALOONR,110.0,CE,0.0,0.0,0.0,48.85,48.9,0,0.0,0
2012-08-16,2012-08-30,OPTSTK,PANTALOONR,120.0,CE,0.0,0.0,0.0,42.0,39.0,0,0.0,0
2012-08-16,2012-08-30,OPTSTK,PANTALOONR,130.0,CE,0.0,0.0,0.0,25.5,29.3,0,0.0,2000
2012-08-16,2012-08-30,OPTSTK,PANTALOONR,140.0,CE,0.0,0.0,0.0,16.9,20.35,0,0.0,2000
2012-08-16,2012-08-30,OPTSTK,PANTALOONR,150.0,CE,13.55,13.75,11.0,11.2,11.2,5,16.21,70000
2012-08-16,2012-08-30,OPTSTK,PANTALOONR,160.0,CE,8.45,8.65,5.05,5.6,5.6,170,567.94,430000
2012-08-16,2012-08-30,OPTSTK,PANTALOONR,170.0,CE,3.75,4.3,2.0,2.2,2.2,339,1173.8,698000
2012-08-16,2012-08-30,OPTSTK,PANTALOONR,180.0,CE,1.6,1.85,0.8,0.85,0.85,195,706.76,848000
2012-08-16,2012-08-30,OPTSTK,PANTALOONR,190.0,CE,0.7,0.8,0.4,0.4,0.4,38,144.78,448000
2012-08-16,2012-08-30,OPTSTK,PANTALOONR,200.0,CE,0.4,0.4,0.2,0.2,0.2,42,168.26,588000
2012-08-16,2012-08-30,OPTSTK,PANTALOONR,210.0,CE,0.2,0.2,0.15,0.15,0.15,42,176.52,196000
2012-08-16,2012-08-30,OPTSTK,PANTALOONR,220.0,CE,0.0,0.0,0.0,0.1,0.05,0,0.0,42000
2012-08-16,2012-08-30,OPTSTK,PANTALOONR,230.0,CE,0.0,0.0,0.0,2.0,0.05,0,0.0,2000
2012-08-16,2012-08-30,OPTSTK,PANTALOONR,240.0,CE,0.0,0.0,0.0,1.95,0.0,0,0.0,2000
2012-08-16,2012-08-30,OPTSTK,PANTALOONR,250.0,CE,0.0,0.0,0.0,4.3,0.0,0,0.0,0
2012-08-16,2012-08-30,OPTSTK,PANTALOONR,80.0,PE,0.0,0.0,0.0,0.95,0.0,0,0.0,0
2012-08-16,2012-08-30,OPTSTK,PANTALOONR,90.0,PE,0.0,0.0,0.0,1.95,0.0,0,0.0,0
2012-08-16,2012-08-30,OPTSTK,PANTALOONR,100.0,PE,0.0,0.0,0.0,1.3,0.0,0,0.0,2000
2012-08-16,2012-08-30,OPTSTK,PANTALOONR,110.0,PE,0.0,0.0,0.0,5.75,0.05,0,0.0,0
2012-08-16,2012-08-30,OPTSTK,PANTALOONR,120.0,PE,0.0,0.0,0.0,0.45,0.1,0,0.0,4000
2012-08-16,2012-08-30,OPTSTK,PANTALOONR,130.0,PE,0.35,0.4,0.35,0.4,0.4,3,7.82,90000
2012-08-16,2012-08-30,OPTSTK,PANTALOONR,140.0,PE,0.6,0.95,0.5,0.75,0.75,16,45.02,184000
2012-08-16,2012-08-30,OPTSTK,PANTALOONR,150.0,PE,1.95,2.8,1.4,2.4,2.4,70,212.86,198000
2012-08-16,2012-08-30,OPTSTK,PANTALOONR,160.0,PE,4.5,6.95,4.2,6.15,6.15,74,244.96,146000
2012-08-16,2012-08-30,OPTSTK,PANTALOONR,170.0,PE,10.25,13.0,10.25,12.9,12.9,4,14.53,66000
2012-08-16,2012-08-30,OPTSTK,PANTALOONR,180.0,PE,19.75,19.75,19.75,19.75,19.75,1,3.99,26000
2012-08-16,2012-08-30,OPTSTK,PANTALOONR,190.0,PE,0.0,0.0,0.0,31.0,31.55,0,0.0,32000
2012-08-16,2012-08-30,OPTSTK,PANTALOONR,200.0,PE,0.0,0.0,0.0,35.0,41.1,0,0.0,10000
2012-08-16,2012-08-30,OPTSTK,PANTALOONR,210.0,PE,0.0,0.0,0.0,59.3,50.9,0,0.0,2000
2012-08-16,2012-08-30,OPTSTK,PANTALOONR,220.0,PE,0.0,0.0,0.0,71.7,60.8,0,0.0,0
2012-08-16,2012-08-30,OPTSTK,PANTALOONR,230.0,PE,0.0,0.0,0.0,80.2,70.75,0,0.0,0
2012-08-16,2012-08-30,OPTSTK,PANTALOONR,240.0,PE,0.0,0.0,0.0,88.95,80.7,0,0.0,0
2012-08-16,2012-08-30,OPTSTK,PANTALOONR,250.0,PE,0.0,0.0,0.0,97.85,90.7,0,0.0,0
2012-08-16,2012-09-27,OPTSTK,PANTALOONR,80.0,CE,0.0,0.0,0.0,100.25,79.35,0,0.0,0
2012-08-16,2012-09-27,OPTSTK,PANTALOONR,90.0,CE,0.0,0.0,0.0,90.65,69.45,0,0.0,0
2012-08-16,2012-09-27,OPTSTK,PANTALOONR,100.0,CE,0.0,0.0,0.0,81.2,59.65,0,0.0,0
2012-08-16,2012-09-27,OPTSTK,PANTALOONR,110.0,CE,0.0,0.0,0.0,72.05,50.05,0,0.0,0
2012-08-16,2012-09-27,OPTSTK,PANTALOONR,120.0,CE,0.0,0.0,0.0,63.3,40.85,0,0.0,0
2012-08-16,2012-09-27,OPTSTK,PANTALOONR,130.0,CE,0.0,0.0,0.0,55.1,32.35,0,0.0,0
2012-08-16,2012-09-27,OPTSTK,PANTALOONR,140.0,CE,0.0,0.0,0.0,47.5,24.85,0,0.0,0
2012-08-16,2012-09-27,OPTSTK,PANTALOONR,150.0,CE,0.0,0.0,0.0,40.6,18.45,0,0.0,0
2012-08-16,2012-09-27,OPTSTK,PANTALOONR,160.0,CE,12.5,12.5,12.5,12.5,12.5,1,3.45,2000
2012-08-16,2012-09-27,OPTSTK,PANTALOONR,170.0,CE,0.0,0.0,0.0,5.35,9.3,0,0.0,2000
2012-08-16,2012-09-27,OPTSTK,PANTALOONR,180.0,CE,0.0,0.0,0.0,22.0,6.35,0,0.0,2000
2012-08-16,2012-09-27,OPTSTK,PANTALOONR,190.0,CE,0.0,0.0,0.0,20.1,4.25,0,0.0,0
2012-08-16,2012-09-27,OPTSTK,PANTALOONR,200.0,CE,0.0,0.0,0.0,2.0,2.75,0,0.0,6000
2012-08-16,2012-09-27,OPTSTK,PANTALOONR,210.0,CE,0.0,0.0,0.0,1.75,1.75,0,0.0,6000
2012-08-16,2012-09-27,OPTSTK,PANTALOONR,220.0,CE,0.0,0.0,0.0,11.2,1.1,0,0.0,0
2012-08-16,2012-09-27,OPTSTK,PANTALOONR,230.0,CE,0.0,0.0,0.0,9.15,0.7,0,0.0,0
2012-08-16,2012-09-27,OPTSTK,PANTALOONR,240.0,CE,0.0,0.0,0.0,7.45,0.45,0,0.0,0
2012-08-16,2012-09-27,OPTSTK,PANTALOONR,250.0,CE,0.0,0.0,0.0,6.05,0.25,0,0.0,0
2012-08-16,2012-09-27,OPTSTK,PANTALOONR,80.0,PE,0.0,0.0,0.0,0.1,0.0,0,0.0,0
2012-08-16,2012-09-27,OPTSTK,PANTALOONR,90.0,PE,0.0,0.0,0.0,0.25,0.05,0,0.0,0
2012-08-16,2012-09-27,OPTSTK,PANTALOONR,100.0,PE,0.0,0.0,0.0,0.55,0.15,0,0.0,0
2012-08-16,2012-09-27,OPTSTK,PANTALOONR,110.0,PE,0.0,0.0,0.0,1.2,0.4,0,0.0,0
2012-08-16,2012-09-27,OPTSTK,PANTALOONR,120.0,PE,0.0,0.0,0.0,2.2,1.1,0,0.0,0
2012-08-16,2012-09-27,OPTSTK,PANTALOONR,130.0,PE,0.0,0.0,0.0,3.75,2.5,0,0.0,0
2012-08-16,2012-09-27,OPTSTK,PANTALOONR,140.0,PE,0.0,0.0,0.0,5.95,4.9,0,0.0,0
2012-08-16,2012-09-27,OPTSTK,PANTALOONR,150.0,PE,0.0,0.0,0.0,6.0,8.4,0,0.0,4000
2012-08-16,2012-09-27,OPTSTK,PANTALOONR,160.0,PE,9.2,9.2,9.2,9.2,9.2,1,3.38,2000
2012-08-16,2012-09-27,OPTSTK,PANTALOONR,170.0,PE,0.0,0.0,0.0,16.7,19.05,0,0.0,0
2012-08-16,2012-09-27,OPTSTK,PANTALOONR,180.0,PE,0.0,0.0,0.0,20.0,26.0,0,0.0,2000
2012-08-16,2012-09-27,OPTSTK,PANTALOONR,190.0,PE,0.0,0.0,0.0,21.0,33.75,0,0.0,4000
2012-08-16,2012-09-27,OPTSTK,PANTALOONR,200.0,PE,0.0,0.0,0.0,22.0,42.2,0,0.0,2000
2012-08-16,2012-09-27,OPTSTK,PANTALOONR,210.0,PE,0.0,0.0,0.0,40.5,51.1,0,0.0,0
2012-08-16,2012-09-27,OPTSTK,PANTALOONR,220.0,PE,0.0,0.0,0.0,47.8,60.35,0,0.0,0
2012-08-16,2012-09-27,OPTSTK,PANTALOONR,230.0,PE,0.0,0.0,0.0,55.5,69.8,0,0.0,0
2012-08-16,2012-09-27,OPTSTK,PANTALOONR,240.0,PE,0.0,0.0,0.0,63.55,79.45,0,0.0,0
2012-08-16,2012-09-27,OPTSTK,PANTALOONR,250.0,PE,0.0,0.0,0.0,71.95,89.2,0,0.0,0
2012-08-16,2012-10-25,OPTSTK,PANTALOONR,80.0,CE,0.0,0.0,0.0,79.0,79.95,0,0.0,0
2012-08-16,2012-10-25,OPTSTK,PANTALOONR,90.0,CE,0.0,0.0,0.0,69.75,70.25,0,0.0,0
2012-08-16,2012-10-25,OPTSTK,PANTALOONR,100.0,CE,0.0,0.0,0.0,61.0,60.75,0,0.0,0
2012-08-16,2012-10-25,OPTSTK,PANTALOONR,110.0,CE,0.0,0.0,0.0,52.8,51.65,0,0.0,0
2012-08-16,2012-10-25,OPTSTK,PANTALOONR,120.0,CE,0.0,0.0,0.0,45.25,43.15,0,0.0,0
2012-08-16,2012-10-25,OPTSTK,PANTALOONR,130.0,CE,0.0,0.0,0.0,38.45,35.4,0,0.0,0
2012-08-16,2012-10-25,OPTSTK,PANTALOONR,140.0,CE,0.0,0.0,0.0,32.4,28.5,0,0.0,0
2012-08-16,2012-10-25,OPTSTK,PANTALOONR,150.0,CE,0.0,0.0,0.0,27.1,22.55,0,0.0,0
2012-08-16,2012-10-25,OPTSTK,PANTALOONR,160.0,CE,0.0,0.0,0.0,22.55,17.6,0,0.0,0
2012-08-16,2012-10-25,OPTSTK,PANTALOONR,170.0,CE,0.0,0.0,0.0,18.65,13.55,0,0.0,0
2012-08-16,2012-10-25,OPTSTK,PANTALOONR,180.0,CE,0.0,0.0,0.0,15.35,10.3,0,0.0,0
2012-08-16,2012-10-25,OPTSTK,PANTALOONR,190.0,CE,0.0,0.0,0.0,12.6,7.75,0,0.0,0
2012-08-16,2012-10-25,OPTSTK,PANTALOONR,200.0,CE,0.0,0.0,0.0,10.35,5.75,0,0.0,0
2012-08-16,2012-10-25,OPTSTK,PANTALOONR,210.0,CE,0.0,0.0,0.0,8.45,4.25,0,0.0,0
2012-08-16,2012-10-25,OPTSTK,PANTALOONR,220.0,CE,0.0,0.0,0.0,6.85,3.1,0,0.0,0
2012-08-16,2012-10-25,OPTSTK,PANTALOONR,230.0,CE,0.0,0.0,0.0,5.6,2.25,0,0.0,0
2012-08-16,2012-10-25,OPTSTK,PANTALOONR,240.0,CE,0.0,0.0,0.0,4.55,1.65,0,0.0,0
2012-08-16,2012-10-25,OPTSTK,PANTALOONR,250.0,CE,0.0,0.0,0.0,3.65,1.2,0,0.0,0
2012-08-16,2012-10-25,OPTSTK,PANTALOONR,80.0,PE,0.0,0.0,0.0,0.4,0.05,0,0.0,0
2012-08-16,2012-10-25,OPTSTK,PANTALOONR,90.0,PE,0.0,0.0,0.0,1.0,0.2,0,0.0,0
2012-08-16,2012-10-25,OPTSTK,PANTALOONR,100.0,PE,0.0,0.0,0.0,1.95,0.55,0,0.0,0
2012-08-16,2012-10-25,OPTSTK,PANTALOONR,110.0,PE,0.0,0.0,0.0,3.55,1.25,0,0.0,0
2012-08-16,2012-10-25,OPTSTK,PANTALOONR,120.0,PE,0.0,0.0,0.0,5.75,2.6,0,0.0,0
2012-08-16,2012-10-25,OPTSTK,PANTALOONR,130.0,PE,0.0,0.0,0.0,8.75,4.65,0,0.0,0
2012-08-16,2012-10-25,OPTSTK,PANTALOONR,140.0,PE,0.0,0.0,0.0,12.45,7.6,0,0.0,0
2012-08-16,2012-10-25,OPTSTK,PANTALOONR,150.0,PE,0.0,0.0,0.0,16.95,11.5,0,0.0,0
2012-08-16,2012-10-25,OPTSTK,PANTALOONR,160.0,PE,0.0,0.0,0.0,22.15,16.35,0,0.0,0
2012-08-16,2012-10-25,OPTSTK,PANTALOONR,170.0,PE,0.0,0.0,0.0,28.05,22.15,0,0.0,0
2012-08-16,2012-10-25,OPTSTK,PANTALOONR,180.0,PE,0.0,0.0,0.0,34.55,28.7,0,0.0,0
2012-08-16,2012-10-25,OPTSTK,PANTALOONR,190.0,PE,0.0,0.0,0.0,41.55,36.0,0,0.0,0
2012-08-16,2012-10-25,OPTSTK,PANTALOONR,200.0,PE,0.0,0.0,0.0,49.05,43.85,0,0.0,0
2012-08-16,2012-10-25,OPTSTK,PANTALOONR,210.0,PE,0.0,0.0,0.0,56.9,52.15,0,0.0,0
2012-08-16,2012-10-25,OPTSTK,PANTALOONR,220.0,PE,0.0,0.0,0.0,65.1,60.85,0,0.0,0
2012-08-16,2012-10-25,OPTSTK,PANTALOONR,230.0,PE,0.0,0.0,0.0,73.6,69.8,0,0.0,0
2012-08-16,2012-10-25,OPTSTK,PANTALOONR,240.0,PE,0.0,0.0,0.0,82.35,79.05,0,0.0,0
2012-08-16,2012-10-25,OPTSTK,PANTALOONR,250.0,PE,0.0,0.0,0.0,91.25,88.4,0,0.0,0
2012-08-16,2012-08-30,OPTSTK,PATELENG,50.0,CE,0.0,0.0,0.0,37.25,30.85,0,0.0,0
2012-08-16,2012-08-30,OPTSTK,PATELENG,55.0,CE,0.0,0.0,0.0,32.5,25.85,0,0.0,0
2012-08-16,2012-08-30,OPTSTK,PATELENG,60.0,CE,0.0,0.0,0.0,27.95,20.85,0,0.0,0
2012-08-16,2012-08-30,OPTSTK,PATELENG,65.0,CE,0.0,0.0,0.0,23.6,15.9,0,0.0,0
2012-08-16,2012-08-30,OPTSTK,PATELENG,70.0,CE,0.0,0.0,0.0,19.65,11.0,0,0.0,0
2012-08-16,2012-08-30,OPTSTK,PATELENG,75.0,CE,0.0,0.0,0.0,16.05,6.55,0,0.0,0
2012-08-16,2012-08-30,OPTSTK,PATELENG,80.0,CE,0.0,0.0,0.0,12.9,3.15,0,0.0,0
2012-08-16,2012-08-30,OPTSTK,PATELENG,85.0,CE,0.0,0.0,0.0,2.4,1.2,0,0.0,2000
2012-08-16,2012-08-30,OPTSTK,PATELENG,90.0,CE,0.0,0.0,0.0,1.4,0.35,0,0.0,2000
2012-08-16,2012-08-30,OPTSTK,PATELENG,95.0,CE,0.0,0.0,0.0,6.15,0.1,0,0.0,0
2012-08-16,2012-08-30,OPTSTK,PATELENG,100.0,CE,0.0,0.0,0.0,4.65,0.05,0,0.0,0
2012-08-16,2012-08-30,OPTSTK,PATELENG,105.0,CE,0.0,0.0,0.0,3.5,0.0,0,0.0,0
2012-08-16,2012-08-30,OPTSTK,PATELENG,110.0,CE,0.0,0.0,0.0,2.65,0.0,0,0.0,0
2012-08-16,2012-08-30,OPTSTK,PATELENG,115.0,CE,0.0,0.0,0.0,1.95,0.0,0,0.0,0
2012-08-16,2012-08-30,OPTSTK,PATELENG,120.0,CE,0.0,0.0,0.0,1.45,0.0,0,0.0,0
2012-08-16,2012-08-30,OPTSTK,PATELENG,125.0,CE,0.0,0.0,0.0,1.05,0.0,0,0.0,0
2012-08-16,2012-08-30,OPTSTK,PATELENG,130.0,CE,0.0,0.0,0.0,0.75,0.0,0,0.0,0
2012-08-16,2012-08-30,OPTSTK,PATELENG,135.0,CE,0.0,0.0,0.0,0.55,0.0,0,0.0,0
2012-08-16,2012-08-30,OPTSTK,PATELENG,140.0,CE,0.0,0.0,0.0,0.5,0.0,0,0.0,0
2012-08-16,2012-08-30,OPTSTK,PATELENG,150.0,CE,0.0,0.0,0.0,0.25,0.0,0,0.0,0
2012-08-16,2012-08-30,OPTSTK,PATELENG,50.0,PE,0.0,0.0,0.0,0.1,0.0,0,0.0,0
2012-08-16,2012-08-30,OPTSTK,PATELENG,55.0,PE,0.0,0.0,0.0,0.25,0.0,0,0.0,0
2012-08-16,2012-08-30,OPTSTK,PATELENG,60.0,PE,0.0,0.0,0.0,0.55,0.0,0,0.0,0
2012-08-16,2012-08-30,OPTSTK,PATELENG,65.0,PE,0.0,0.0,0.0,1.1,0.05,0,0.0,0
2012-08-16,2012-08-30,OPTSTK,PATELENG,70.0,PE,0.0,0.0,0.0,2.0,0.1,0,0.0,0
2012-08-16,2012-08-30,OPTSTK,PATELENG,75.0,PE,0.0,0.0,0.0,3.3,0.65,0,0.0,0
2012-08-16,2012-08-30,OPTSTK,PATELENG,80.0,PE,0.0,0.0,0.0,5.0,2.25,0,0.0,0
2012-08-16,2012-08-30,OPTSTK,PATELENG,85.0,PE,0.0,0.0,0.0,7.2,5.25,0,0.0,0
2012-08-16,2012-08-30,OPTSTK,PATELENG,90.0,PE,0.0,0.0,0.0,9.85,9.4,0,0.0,0
2012-08-16,2012-08-30,OPTSTK,PATELENG,95.0,PE,0.0,0.0,0.0,12.9,14.15,0,0.0,0
2012-08-16,2012-08-30,OPTSTK,PATELENG,100.0,PE,0.0,0.0,0.0,16.3,19.05,0,0.0,0
2012-08-16,2012-08-30,OPTSTK,PATELENG,105.0,PE,0.0,0.0,0.0,20.05,24.0,0,0.0,0
2012-08-16,2012-08-30,OPTSTK,PATELENG,110.0,PE,0.0,0.0,0.0,24.05,29.0,0,0.0,0
2012-08-16,2012-08-30,OPTSTK,PATELENG,115.0,PE,0.0,0.0,0.0,28.25,34.0,0,0.0,0
2012-08-16,2012-08-30,OPTSTK,PATELENG,120.0,PE,0.0,0.0,0.0,32.6,38.95,0,0.0,0
2012-08-16,2012-08-30,OPTSTK,PATELENG,125.0,PE,0.0,0.0,0.0,37.1,43.95,0,0.0,0
2012-08-16,2012-08-30,OPTSTK,PATELENG,130.0,PE,0.0,0.0,0.0,41.7,48.95,0,0.0,0
2012-08-16,2012-08-30,OPTSTK,PATELENG,135.0,PE,0.0,0.0,0.0,46.35,53.9,0,0.0,0
2012-08-16,2012-08-30,OPTSTK,PATELENG,140.0,PE,0.0,0.0,0.0,48.4,58.9,0,0.0,0
2012-08-16,2012-08-30,OPTSTK,PATELENG,150.0,PE,0.0,0.0,0.0,50.35,68.85,0,0.0,0
2012-08-16,2012-09-27,OPTSTK,PATELENG,50.0,CE,0.0,0.0,0.0,40.85,31.2,0,0.0,0
2012-08-16,2012-09-27,OPTSTK,PATELENG,55.0,CE,0.0,0.0,0.0,36.0,26.25,0,0.0,0
2012-08-16,2012-09-27,OPTSTK,PATELENG,60.0,CE,0.0,0.0,0.0,31.3,21.35,0,0.0,0
2012-08-16,2012-09-27,OPTSTK,PATELENG,65.0,CE,0.0,0.0,0.0,26.7,16.6,0,0.0,0
2012-08-16,2012-09-27,OPTSTK,PATELENG,70.0,CE,0.0,0.0,0.0,22.35,12.2,0,0.0,0
2012-08-16,2012-09-27,OPTSTK,PATELENG,75.0,CE,0.0,0.0,0.0,18.4,8.4,0,0.0,0
2012-08-16,2012-09-27,OPTSTK,PATELENG,80.0,CE,0.0,0.0,0.0,14.8,5.35,0,0.0,0
2012-08-16,2012-09-27,OPTSTK,PATELENG,85.0,CE,0.0,0.0,0.0,11.7,3.2,0,0.0,0
2012-08-16,2012-09-27,OPTSTK,PATELENG,90.0,CE,0.0,0.0,0.0,9.1,1.8,0,0.0,0
2012-08-16,2012-09-27,OPTSTK,PATELENG,95.0,CE,0.0,0.0,0.0,6.95,0.95,0,0.0,0
2012-08-16,2012-09-27,OPTSTK,PATELENG,100.0,CE,0.0,0.0,0.0,5.2,0.45,0,0.0,0
2012-08-16,2012-09-27,OPTSTK,PATELENG,105.0,CE,0.0,0.0,0.0,3.85,0.2,0,0.0,0
2012-08-16,2012-09-27,OPTSTK,PATELENG,110.0,CE,0.0,0.0,0.0,2.8,0.1,0,0.0,0
2012-08-16,2012-09-27,OPTSTK,PATELENG,115.0,CE,0.0,0.0,0.0,2.05,0.05,0,0.0,0
2012-08-16,2012-09-27,OPTSTK,PATELENG,120.0,CE,0.0,0.0,0.0,1.45,0.05,0,0.0,0
2012-08-16,2012-09-27,OPTSTK,PATELENG,125.0,CE,0.0,0.0,0.0,1.05,0.05,0,0.0,0
2012-08-16,2012-09-27,OPTSTK,PATELENG,130.0,CE,0.0,0.0,0.0,0.75,0.0,0,0.0,0
2012-08-16,2012-09-27,OPTSTK,PATELENG,135.0,CE,0.0,0.0,0.0,0.5,0.0,0,0.0,0
2012-08-16,2012-09-27,OPTSTK,PATELENG,140.0,CE,0.0,0.0,0.0,0.35,0.0,0,0.0,0
2012-08-16,2012-09-27,OPTSTK,PATELENG,150.0,CE,0.0,0.0,0.0,0.7,0.0,0,0.0,0
2012-08-16,2012-09-27,OPTSTK,PATELENG,50.0,PE,0.0,0.0,0.0,0.05,0.0,0,0.0,0
2012-08-16,2012-09-27,OPTSTK,PATELENG,55.0,PE,0.0,0.0,0.0,0.1,0.05,0,0.0,0
2012-08-16,2012-09-27,OPTSTK,PATELENG,60.0,PE,0.0,0.0,0.0,0.25,0.1,0,0.0,0
2012-08-16,2012-09-27,OPTSTK,PATELENG,65.0,PE,0.0,0.0,0.0,0.55,0.3,0,0.0,0
2012-08-16,2012-09-27,OPTSTK,PATELENG,70.0,PE,0.0,0.0,0.0,1.1,0.8,0,0.0,0
2012-08-16,2012-09-27,OPTSTK,PATELENG,75.0,PE,0.0,0.0,0.0,2.0,1.95,0,0.0,0
2012-08-16,2012-09-27,OPTSTK,PATELENG,80.0,PE,0.0,0.0,0.0,3.3,3.9,0,0.0,0
2012-08-16,2012-09-27,OPTSTK,PATELENG,85.0,PE,0.0,0.0,0.0,5.1,6.65,0,0.0,0
2012-08-16,2012-09-27,OPTSTK,PATELENG,90.0,PE,0.0,0.0,0.0,7.35,10.2,0,0.0,0
2012-08-16,2012-09-27,OPTSTK,PATELENG,95.0,PE,0.0,0.0,0.0,10.1,14.3,0,0.0,0
2012-08-16,2012-09-27,OPTSTK,PATELENG,100.0,PE,0.0,0.0,0.0,13.25,18.8,0,0.0,0
2012-08-16,2012-09-27,OPTSTK,PATELENG,105.0,PE,0.0,0.0,0.0,16.75,23.5,0,0.0,0
2012-08-16,2012-09-27,OPTSTK,PATELENG,110.0,PE,0.0,0.0,0.0,20.6,28.3,0,0.0,0
2012-08-16,2012-09-27,OPTSTK,PATELENG,115.0,PE,0.0,0.0,0.0,24.7,33.2,0,0.0,0
2012-08-16,2012-09-27,OPTSTK,PATELENG,120.0,PE,0.0,0.0,0.0,29.0,38.15,0,0.0,0
2012-08-16,2012-09-27,OPTSTK,PATELENG,125.0,PE,0.0,0.0,0.0,33.5,43.1,0,0.0,0
2012-08-16,2012-09-27,OPTSTK,PATELENG,130.0,PE,0.0,0.0,0.0,38.05,48.05,0,0.0,0
2012-08-16,2012-09-27,OPTSTK,PATELENG,135.0,PE,0.0,0.0,0.0,42.75,53.0,0,0.0,0
2012-08-16,2012-09-27,OPTSTK,PATELENG,140.0,PE,0.0,0.0,0.0,47.45,57.9,0,0.0,0
2012-08-16,2012-09-27,OPTSTK,PATELENG,150.0,PE,0.0,0.0,0.0,49.75,67.8,0,0.0,0
2012-08-16,2012-08-30,OPTSTK,PETRONET,70.0,CE,0.0,0.0,0.0,59.6,81.4,0,0.0,0
2012-08-16,2012-08-30,OPTSTK,PETRONET,80.0,CE,0.0,0.0,0.0,49.9,71.45,0,0.0,0
2012-08-16,2012-08-30,OPTSTK,PETRONET,90.0,CE,0.0,0.0,0.0,40.4,61.45,0,0.0,0
2012-08-16,2012-08-30,OPTSTK,PETRONET,100.0,CE,0.0,0.0,0.0,31.4,51.5,0,0.0,0
2012-08-16,2012-08-30,OPTSTK,PETRONET,110.0,CE,0.0,0.0,0.0,23.35,41.55,0,0.0,0
2012-08-16,2012-08-30,OPTSTK,PETRONET,120.0,CE,0.0,0.0,0.0,16.5,31.55,0,0.0,0
2012-08-16,2012-08-30,OPTSTK,PETRONET,130.0,CE,0.0,0.0,0.0,18.9,21.6,0,0.0,6000
2012-08-16,2012-08-30,OPTSTK,PETRONET,140.0,CE,0.0,0.0,0.0,15.5,11.95,0,0.0,16000
2012-08-16,2012-08-30,OPTSTK,PETRONET,150.0,CE,6.8,6.8,4.5,4.55,4.55,16,49.64,126000
2012-08-16,2012-08-30,OPTSTK,PETRONET,160.0,CE,2.1,2.1,1.0,1.1,1.1,60,193.6,356000
2012-08-16,2012-08-30,OPTSTK,PETRONET,170.0,CE,0.8,0.8,0.8,0.8,0.8,1,3.41,38000
2012-08-16,2012-08-30,OPTSTK,PETRONET,180.0,CE,0.0,0.0,0.0,0.9,0.0,0,0.0,0
2012-08-16,2012-08-30,OPTSTK,PETRONET,190.0,CE,0.0,0.0,0.0,0.5,0.0,0,0.0,0
2012-08-16,2012-08-30,OPTSTK,PETRONET,200.0,CE,0.0,0.0,0.0,0.3,0.0,0,0.0,0
2012-08-16,2012-08-30,OPTSTK,PETRONET,210.0,CE,0.0,0.0,0.0,0.15,0.0,0,0.0,0
2012-08-16,2012-08-30,OPTSTK,PETRONET,220.0,CE,0.0,0.0,0.0,0.1,0.0,0,0.0,0
2012-08-16,2012-08-30,OPTSTK,PETRONET,230.0,CE,0.0,0.0,0.0,0.05,0.0,0,0.0,0
2012-08-16,2012-08-30,OPTSTK,PETRONET,70.0,PE,0.0,0.0,0.0,0.05,0.0,0,0.0,0
2012-08-16,2012-08-30,OPTSTK,PETRONET,80.0,PE,0.0,0.0,0.0,0.1,0.0,0,0.0,0
2012-08-16,2012-08-30,OPTSTK,PETRONET,90.0,PE,0.0,0.0,0.0,0.35,0.0,0,0.0,0
2012-08-16,2012-08-30,OPTSTK,PETRONET,100.0,PE,0.0,0.0,0.0,1.1,0.0,0,0.0,0
2012-08-16,2012-08-30,OPTSTK,PETRONET,110.0,PE,0.0,0.0,0.0,2.8,0.0,0,0.0,0
2012-08-16,2012-08-30,OPTSTK,PETRONET,120.0,PE,0.0,0.0,0.0,5.75,0.0,0,0.0,0
2012-08-16,2012-08-30,OPTSTK,PETRONET,130.0,PE,0.0,0.0,0.0,0.65,0.05,0,0.0,14000
2012-08-16,2012-08-30,OPTSTK,PETRONET,140.0,PE,0.0,0.0,0.0,0.25,0.3,0,0.0,48000
2012-08-16,2012-08-30,OPTSTK,PETRONET,150.0,PE,1.9,2.9,1.9,2.25,2.25,10,30.48,42000
2012-08-16,2012-08-30,OPTSTK,PETRONET,160.0,PE,0.0,0.0,0.0,6.5,9.15,0,0.0,4000
2012-08-16,2012-08-30,OPTSTK,PETRONET,170.0,PE,0.0,0.0,0.0,39.6,18.4,0,0.0,0
2012-08-16,2012-08-30,OPTSTK,PETRONET,180.0,PE,0.0,0.0,0.0,48.65,28.25,0,0.0,0
2012-08-16,2012-08-30,OPTSTK,PETRONET,190.0,PE,0.0,0.0,0.0,58.05,38.25,0,0.0,0
2012-08-16,2012-08-30,OPTSTK,PETRONET,200.0,PE,0.0,0.0,0.0,67.55,48.2,0,0.0,0
2012-08-16,2012-08-30,OPTSTK,PETRONET,210.0,PE,0.0,0.0,0.0,77.2,58.15,0,0.0,0
2012-08-16,2012-08-30,OPTSTK,PETRONET,220.0,PE,0.0,0.0,0.0,86.9,68.15,0,0.0,0
2012-08-16,2012-08-30,OPTSTK,PETRONET,230.0,PE,0.0,0.0,0.0,96.6,78.1,0,0.0,0
2012-08-16,2012-09-27,OPTSTK,PETRONET,70.0,CE,0.0,0.0,0.0,76.15,81.9,0,0.0,0
2012-08-16,2012-09-27,OPTSTK,PETRONET,80.0,CE,0.0,0.0,0.0,66.45,72.0,0,0.0,0
2012-08-16,2012-09-27,OPTSTK,PETRONET,90.0,CE,0.0,0.0,0.0,56.85,62.1,0,0.0,0
2012-08-16,2012-09-27,OPTSTK,PETRONET,100.0,CE,0.0,0.0,0.0,47.6,52.2,0,0.0,0
2012-08-16,2012-09-27,OPTSTK,PETRONET,110.0,CE,0.0,0.0,0.0,38.9,42.3,0,0.0,0
2012-08-16,2012-09-27,OPTSTK,PETRONET,120.0,CE,0.0,0.0,0.0,31.0,32.45,0,0.0,0
2012-08-16,2012-09-27,OPTSTK,PETRONET,130.0,CE,0.0,0.0,0.0,24.1,22.8,0,0.0,0
2012-08-16,2012-09-27,OPTSTK,PETRONET,140.0,CE,0.0,0.0,0.0,12.95,14.1,0,0.0,4000
2012-08-16,2012-09-27,OPTSTK,PETRONET,150.0,CE,0.0,0.0,0.0,13.55,7.35,0,0.0,0
2012-08-16,2012-09-27,OPTSTK,PETRONET,160.0,CE,0.0,0.0,0.0,9.85,3.15,0,0.0,0
2012-08-16,2012-09-27,OPTSTK,PETRONET,170.0,CE,0.0,0.0,0.0,2.0,1.1,0,0.0,2000
2012-08-16,2012-09-27,OPTSTK,PETRONET,180.0,CE,0.0,0.0,0.0,4.95,0.35,0,0.0,0
2012-08-16,2012-09-27,OPTSTK,PETRONET,190.0,CE,0.0,0.0,0.0,3.45,0.1,0,0.0,0
2012-08-16,2012-09-27,OPTSTK,PETRONET,200.0,CE,0.0,0.0,0.0,2.35,0.05,0,0.0,0
2012-08-16,2012-09-27,OPTSTK,PETRONET,210.0,CE,0.0,0.0,0.0,1.6,0.0,0,0.0,0
2012-08-16,2012-09-27,OPTSTK,PETRONET,220.0,CE,0.0,0.0,0.0,1.1,0.0,0,0.0,0
2012-08-16,2012-09-27,OPTSTK,PETRONET,230.0,CE,0.0,0.0,0.0,0.75,0.0,0,0.0,0
2012-08-16,2012-09-27,OPTSTK,PETRONET,70.0,PE,0.0,0.0,0.0,0.05,0.0,0,0.0,0
2012-08-16,2012-09-27,OPTSTK,PETRONET,80.0,PE,0.0,0.0,0.0,0.1,0.0,0,0.0,0
2012-08-16,2012-09-27,OPTSTK,PETRONET,90.0,PE,0.0,0.0,0.0,0.25,0.0,0,0.0,0
2012-08-16,2012-09-27,OPTSTK,PETRONET,100.0,PE,0.0,0.0,0.0,0.8,0.0,0,0.0,0
2012-08-16,2012-09-27,OPTSTK,PETRONET,110.0,PE,0.0,0.0,0.0,1.85,0.0,0,0.0,0
2012-08-16,2012-09-27,OPTSTK,PETRONET,120.0,PE,0.0,0.0,0.0,3.7,0.05,0,0.0,0
2012-08-16,2012-09-27,OPTSTK,PETRONET,130.0,PE,0.0,0.0,0.0,6.55,0.3,0,0.0,0
2012-08-16,2012-09-27,OPTSTK,PETRONET,140.0,PE,0.0,0.0,0.0,10.5,1.5,0,0.0,0
2012-08-16,2012-09-27,OPTSTK,PETRONET,150.0,PE,0.0,0.0,0.0,15.55,4.65,0,0.0,0
2012-08-16,2012-09-27,OPTSTK,PETRONET,160.0,PE,0.0,0.0,0.0,21.65,10.35,0,0.0,0
2012-08-16,2012-09-27,OPTSTK,PETRONET,170.0,PE,0.0,0.0,0.0,28.6,18.2,0,0.0,0
2012-08-16,2012-09-27,OPTSTK,PETRONET,180.0,PE,0.0,0.0,0.0,36.3,27.35,0,0.0,0
2012-08-16,2012-09-27,OPTSTK,PETRONET,190.0,PE,0.0,0.0,0.0,44.55,37.0,0,0.0,0
2012-08-16,2012-09-27,OPTSTK,PETRONET,200.0,PE,0.0,0.0,0.0,53.2,46.8,0,0.0,0
2012-08-16,2012-09-27,OPTSTK,PETRONET,210.0,PE,0.0,0.0,0.0,62.25,56.7,0,0.0,0
2012-08-16,2012-09-27,OPTSTK,PETRONET,220.0,PE,0.0,0.0,0.0,71.45,66.6,0,0.0,0
2012-08-16,2012-09-27,OPTSTK,PETRONET,230.0,PE,0.0,0.0,0.0,80.9,76.5,0,0.0,0
2012-08-16,2012-10-25,OPTSTK,PETRONET,70.0,CE,0.0,0.0,0.0,72.75,82.35,0,0.0,0
2012-08-16,2012-10-25,OPTSTK,PETRONET,80.0,CE,0.0,0.0,0.0,63.0,72.55,0,0.0,0
2012-08-16,2012-10-25,OPTSTK,PETRONET,90.0,CE,0.0,0.0,0.0,53.2,62.7,0,0.0,0
2012-08-16,2012-10-25,OPTSTK,PETRONET,100.0,CE,0.0,0.0,0.0,43.5,52.9,0,0.0,0
2012-08-16,2012-10-25,OPTSTK,PETRONET,110.0,CE,0.0,0.0,0.0,34.05,43.1,0,0.0,0
2012-08-16,2012-10-25,OPTSTK,PETRONET,120.0,CE,0.0,0.0,0.0,25.15,33.4,0,0.0,0
2012-08-16,2012-10-25,OPTSTK,PETRONET,130.0,CE,0.0,0.0,0.0,17.45,24.15,0,0.0,0
2012-08-16,2012-10-25,OPTSTK,PETRONET,140.0,CE,0.0,0.0,0.0,11.25,16.0,0,0.0,0
2012-08-16,2012-10-25,OPTSTK,PETRONET,150.0,CE,0.0,0.0,0.0,6.75,9.6,0,0.0,0
2012-08-16,2012-10-25,OPTSTK,PETRONET,160.0,CE,0.0,0.0,0.0,3.8,5.15,0,0.0,0
2012-08-16,2012-10-25,OPTSTK,PETRONET,170.0,CE,0.0,0.0,0.0,2.0,2.5,0,0.0,0
2012-08-16,2012-10-25,OPTSTK,PETRONET,180.0,CE,0.0,0.0,0.0,1.0,1.1,0,0.0,0
2012-08-16,2012-10-25,OPTSTK,PETRONET,190.0,CE,0.0,0.0,0.0,0.5,0.45,0,0.0,0
2012-08-16,2012-10-25,OPTSTK,PETRONET,200.0,CE,0.0,0.0,0.0,0.25,0.15,0,0.0,0
2012-08-16,2012-10-25,OPTSTK,PETRONET,210.0,CE,0.0,0.0,0.0,0.1,0.05,0,0.0,0
2012-08-16,2012-10-25,OPTSTK,PETRONET,220.0,CE,0.0,0.0,0.0,0.05,0.05,0,0.0,0
2012-08-16,2012-10-25,OPTSTK,PETRONET,230.0,CE,0.0,0.0,0.0,0.05,0.0,0,0.0,0
2012-08-16,2012-10-25,OPTSTK,PETRONET,70.0,PE,0.0,0.0,0.0,0.05,0.0,0,0.0,0
2012-08-16,2012-10-25,OPTSTK,PETRONET,80.0,PE,0.0,0.0,0.0,0.05,0.0,0,0.0,0
2012-08-16,2012-10-25,OPTSTK,PETRONET,90.0,PE,0.0,0.0,0.0,0.05,0.0,0,0.0,0
2012-08-16,2012-10-25,OPTSTK,PETRONET,100.0,PE,0.0,0.0,0.0,0.1,0.0,0,0.0,0
2012-08-16,2012-10-25,OPTSTK,PETRONET,110.0,PE,0.0,0.0,0.0,0.4,0.05,0,0.0,0
2012-08-16,2012-10-25,OPTSTK,PETRONET,120.0,PE,0.0,0.0,0.0,1.3,0.2,0,0.0,0
2012-08-16,2012-10-25,OPTSTK,PETRONET,130.0,PE,0.0,0.0,0.0,3.35,0.8,0,0.0,0
2012-08-16,2012-10-25,OPTSTK,PETRONET,140.0,PE,0.0,0.0,0.0,6.9,2.45,0,0.0,0
2012-08-16,2012-10-25,OPTSTK,PETRONET,150.0,PE,0.0,0.0,0.0,12.2,5.85,0,0.0,0
2012-08-16,2012-10-25,OPTSTK,PETRONET,160.0,PE,0.0,0.0,0.0,19.05,11.25,0,0.0,0
2012-08-16,2012-10-25,OPTSTK,PETRONET,170.0,PE,0.0,0.0,0.0,27.0,18.4,0,0.0,0
2012-08-16,2012-10-25,OPTSTK,PETRONET,180.0,PE,0.0,0.0,0.0,35.8,26.85,0,0.0,0
2012-08-16,2012-10-25,OPTSTK,PETRONET,190.0,PE,0.0,0.0,0.0,45.05,36.05,0,0.0,0
2012-08-16,2012-10-25,OPTSTK,PETRONET,200.0,PE,0.0,0.0,0.0,54.55,45.6,0,0.0,0
2012-08-16,2012-10-25,OPTSTK,PETRONET,210.0,PE,0.0,0.0,0.0,64.2,55.3,0,0.0,0
2012-08-16,2012-10-25,OPTSTK,PETRONET,220.0,PE,0.0,0.0,0.0,73.9,65.1,0,0.0,0
2012-08-16,2012-10-25,OPTSTK,PETRONET,230.0,PE,0.0,0.0,0.0,83.65,74.95,0,0.0,0
2012-08-16,2012-08-30,OPTSTK,PFC,90.0,CE,0.0,0.0,0.0,61.1,95.9,0,0.0,0
2012-08-16,2012-08-30,OPTSTK,PFC,100.0,CE,0.0,0.0,0.0,51.5,85.95,0,0.0,0
2012-08-16,2012-08-30,OPTSTK,PFC,110.0,CE,0.0,0.0,0.0,42.15,76.0,0,0.0,0
2012-08-16,2012-08-30,OPTSTK,PFC,120.0,CE,0.0,0.0,0.0,33.4,66.0,0,0.0,0
2012-08-16,2012-08-30,OPTSTK,PFC,130.0,CE,0.0,0.0,0.0,25.5,56.05,0,0.0,0
2012-08-16,2012-08-30,OPTSTK,PFC,140.0,CE,0.0,0.0,0.0,18.75,46.1,0,0.0,0
2012-08-16,2012-08-30,OPTSTK,PFC,150.0,CE,0.0,0.0,0.0,13.3,36.15,0,0.0,0
2012-08-16,2012-08-30,OPTSTK,PFC,160.0,CE,0.0,0.0,0.0,9.1,26.35,0,0.0,0
2012-08-16,2012-08-30,OPTSTK,PFC,170.0,CE,19.0,19.0,19.0,19.0,19.0,1,3.78,32000
2012-08-16,2012-08-30,OPTSTK,PFC,180.0,CE,9.8,10.8,7.7,8.2,8.2,15,56.69,158000
2012-08-16,2012-08-30,OPTSTK,PFC,190.0,CE,3.0,5.1,2.8,2.95,2.95,190,736.87,296000
2012-08-16,2012-08-30,OPTSTK,PFC,200.0,CE,1.0,1.65,0.8,0.85,0.85,78,314.03,266000
2012-08-16,2012-08-30,OPTSTK,PFC,210.0,CE,0.5,0.5,0.3,0.35,0.35,7,29.46,62000
2012-08-16,2012-08-30,OPTSTK,PFC,220.0,CE,0.0,0.0,0.0,0.45,0.15,0,0.0,12000
2012-08-16,2012-08-30,OPTSTK,PFC,230.0,CE,0.0,0.0,0.0,0.35,0.05,0,0.0,0
2012-08-16,2012-08-30,OPTSTK,PFC,240.0,CE,0.0,0.0,0.0,0.2,0.0,0,0.0,0
2012-08-16,2012-08-30,OPTSTK,PFC,250.0,CE,0.0,0.0,0.0,0.1,0.0,0,0.0,0
2012-08-16,2012-08-30,OPTSTK,PFC,90.0,PE,0.0,0.0,0.0,0.05,0.0,0,0.0,0
2012-08-16,2012-08-30,OPTSTK,PFC,100.0,PE,0.0,0.0,0.0,0.2,0.0,0,0.0,0
2012-08-16,2012-08-30,OPTSTK,PFC,110.0,PE,0.0,0.0,0.0,0.6,0.0,0,0.0,0
2012-08-16,2012-08-30,OPTSTK,PFC,120.0,PE,0.0,0.0,0.0,1.6,0.0,0,0.0,0
2012-08-16,2012-08-30,OPTSTK,PFC,130.0,PE,0.0,0.0,0.0,3.45,0.0,0,0.0,0
2012-08-16,2012-08-30,OPTSTK,PFC,140.0,PE,0.0,0.0,0.0,6.5,0.0,0,0.0,0
2012-08-16,2012-08-30,OPTSTK,PFC,150.0,PE,0.0,0.0,0.0,10.8,0.05,0,0.0,0
2012-08-16,2012-08-30,OPTSTK,PFC,160.0,PE,0.0,0.0,0.0,0.5,0.2,0,0.0,22000
2012-08-16,2012-08-30,OPTSTK,PFC,170.0,PE,0.4,0.7,0.4,0.7,0.7,3,10.23,90000
2012-08-16,2012-08-30,OPTSTK,PFC,180.0,PE,1.35,2.1,1.0,2.1,2.1,19,69.01,70000
2012-08-16,2012-08-30,OPTSTK,PFC,190.0,PE,5.0,6.65,4.15,6.65,6.65,13,50.71,66000
2012-08-16,2012-08-30,OPTSTK,PFC,200.0,PE,13.5,13.5,13.5,13.5,13.5,2,8.54,4000
2012-08-16,2012-08-30,OPTSTK,PFC,210.0,PE,0.0,0.0,0.0,56.95,24.25,0,0.0,0
2012-08-16,2012-08-30,OPTSTK,PFC,220.0,PE,0.0,0.0,0.0,66.35,33.8,0,0.0,0
2012-08-16,2012-08-30,OPTSTK,PFC,230.0,PE,0.0,0.0,0.0,75.9,43.7,0,0.0,0
2012-08-16,2012-08-30,OPTSTK,PFC,240.0,PE,0.0,0.0,0.0,85.5,53.6,0,0.0,0
2012-08-16,2012-08-30,OPTSTK,PFC,250.0,PE,0.0,0.0,0.0,95.2,63.6,0,0.0,0
2012-08-16,2012-09-27,OPTSTK,PFC,90.0,CE,0.0,0.0,0.0,84.3,96.55,0,0.0,0
2012-08-16,2012-09-27,OPTSTK,PFC,100.0,CE,0.0,0.0,0.0,74.65,86.65,0,0.0,0
2012-08-16,2012-09-27,OPTSTK,PFC,110.0,CE,0.0,0.0,0.0,65.15,76.75,0,0.0,0
2012-08-16,2012-09-27,OPTSTK,PFC,120.0,CE,0.0,0.0,0.0,55.95,66.85,0,0.0,0
2012-08-16,2012-09-27,OPTSTK,PFC,130.0,CE,0.0,0.0,0.0,47.25,57.0,0,0.0,0
2012-08-16,2012-09-27,OPTSTK,PFC,140.0,CE,0.0,0.0,0.0,39.2,47.25,0,0.0,0
2012-08-16,2012-09-27,OPTSTK,PFC,150.0,CE,0.0,0.0,0.0,32.0,37.75,0,0.0,0
2012-08-16,2012-09-27,OPTSTK,PFC,160.0,CE,0.0,0.0,0.0,25.65,28.9,0,0.0,0
2012-08-16,2012-09-27,OPTSTK,PFC,170.0,CE,0.0,0.0,0.0,20.25,21.05,0,0.0,0
2012-08-16,2012-09-27,OPTSTK,PFC,180.0,CE,0.0,0.0,0.0,15.75,14.5,0,0.0,0
2012-08-16,2012-09-27,OPTSTK,PFC,190.0,CE,8.05,8.25,7.5,7.5,7.5,3,11.87,4000
2012-08-16,2012-09-27,OPTSTK,PFC,200.0,CE,0.0,0.0,0.0,2.8,5.85,0,0.0,2000
2012-08-16,2012-09-27,OPTSTK,PFC,210.0,CE,0.0,0.0,0.0,0.95,3.45,0,0.0,2000
2012-08-16,2012-09-27,OPTSTK,PFC,220.0,CE,0.0,0.0,0.0,5.1,1.9,0,0.0,0
2012-08-16,2012-09-27,OPTSTK,PFC,230.0,CE,0.0,0.0,0.0,3.75,1.05,0,0.0,0
2012-08-16,2012-09-27,OPTSTK,PFC,240.0,CE,0.0,0.0,0.0,2.75,0.55,0,0.0,0
2012-08-16,2012-09-27,OPTSTK,PFC,250.0,CE,0.0,0.0,0.0,2.0,0.25,0,0.0,0
2012-08-16,2012-09-27,OPTSTK,PFC,90.0,PE,0.0,0.0,0.0,0.05,0.0,0,0.0,0
2012-08-16,2012-09-27,OPTSTK,PFC,100.0,PE,0.0,0.0,0.0,0.15,0.0,0,0.0,0
2012-08-16,2012-09-27,OPTSTK,PFC,110.0,PE,0.0,0.0,0.0,0.45,0.0,0,0.0,0
2012-08-16,2012-09-27,OPTSTK,PFC,120.0,PE,0.0,0.0,0.0,1.0,0.05,0,0.0,0
2012-08-16,2012-09-27,OPTSTK,PFC,130.0,PE,0.0,0.0,0.0,2.1,0.05,0,0.0,0
2012-08-16,2012-09-27,OPTSTK,PFC,140.0,PE,0.0,0.0,0.0,3.8,0.2,0,0.0,0
2012-08-16,2012-09-27,OPTSTK,PFC,150.0,PE,0.0,0.0,0.0,6.35,0.6,0,0.0,0
2012-08-16,2012-09-27,OPTSTK,PFC,160.0,PE,0.0,0.0,0.0,9.75,1.65,0,0.0,0
2012-08-16,2012-09-27,OPTSTK,PFC,170.0,PE,0.0,0.0,0.0,14.15,3.7,0,0.0,0
2012-08-16,2012-09-27,OPTSTK,PFC,180.0,PE,0.0,0.0,0.0,19.4,7.05,0,0.0,0
2012-08-16,2012-09-27,OPTSTK,PFC,190.0,PE,0.0,0.0,0.0,25.5,11.9,0,0.0,0
2012-08-16,2012-09-27,OPTSTK,PFC,200.0,PE,0.0,0.0,0.0,32.35,18.2,0,0.0,0
2012-08-16,2012-09-27,OPTSTK,PFC,210.0,PE,0.0,0.0,0.0,39.8,25.65,0,0.0,0
2012-08-16,2012-09-27,OPTSTK,PFC,220.0,PE,0.0,0.0,0.0,47.8,34.05,0,0.0,0
2012-08-16,2012-09-27,OPTSTK,PFC,230.0,PE,0.0,0.0,0.0,56.25,43.05,0,0.0,0
2012-08-16,2012-09-27,OPTSTK,PFC,240.0,PE,0.0,0.0,0.0,65.0,52.45,0,0.0,0
2012-08-16,2012-09-27,OPTSTK,PFC,250.0,PE,0.0,0.0,0.0,74.0,62.1,0,0.0,0
2012-08-16,2012-10-25,OPTSTK,PFC,90.0,CE,0.0,0.0,0.0,83.4,97.15,0,0.0,0
2012-08-16,2012-10-25,OPTSTK,PFC,100.0,CE,0.0,0.0,0.0,73.65,87.35,0,0.0,0
2012-08-16,2012-10-25,OPTSTK,PFC,110.0,CE,0.0,0.0,0.0,64.0,77.5,0,0.0,0
2012-08-16,2012-10-25,OPTSTK,PFC,120.0,CE,0.0,0.0,0.0,54.45,67.75,0,0.0,0
2012-08-16,2012-10-25,OPTSTK,PFC,130.0,CE,0.0,0.0,0.0,45.3,58.1,0,0.0,0
2012-08-16,2012-10-25,OPTSTK,PFC,140.0,CE,0.0,0.0,0.0,36.75,48.65,0,0.0,0
2012-08-16,2012-10-25,OPTSTK,PFC,150.0,CE,0.0,0.0,0.0,29.0,39.75,0,0.0,0
2012-08-16,2012-10-25,OPTSTK,PFC,160.0,CE,0.0,0.0,0.0,22.25,31.5,0,0.0,0
2012-08-16,2012-10-25,OPTSTK,PFC,170.0,CE,0.0,0.0,0.0,16.6,24.25,0,0.0,0
2012-08-16,2012-10-25,OPTSTK,PFC,180.0,CE,0.0,0.0,0.0,12.05,18.1,0,0.0,0
2012-08-16,2012-10-25,OPTSTK,PFC,190.0,CE,0.0,0.0,0.0,8.55,13.1,0,0.0,0
2012-08-16,2012-10-25,OPTSTK,PFC,200.0,CE,0.0,0.0,0.0,5.95,9.25,0,0.0,0
2012-08-16,2012-10-25,OPTSTK,PFC,210.0,CE,0.0,0.0,0.0,4.05,6.35,0,0.0,0
2012-08-16,2012-10-25,OPTSTK,PFC,220.0,CE,0.0,0.0,0.0,2.7,4.25,0,0.0,0
2012-08-16,2012-10-25,OPTSTK,PFC,230.0,CE,0.0,0.0,0.0,1.8,2.75,0,0.0,0
2012-08-16,2012-10-25,OPTSTK,PFC,240.0,CE,0.0,0.0,0.0,1.15,1.75,0,0.0,0
2012-08-16,2012-10-25,OPTSTK,PFC,250.0,CE,0.0,0.0,0.0,0.75,1.1,0,0.0,0
2012-08-16,2012-10-25,OPTSTK,PFC,90.0,PE,0.0,0.0,0.0,0.05,0.0,0,0.0,0
2012-08-16,2012-10-25,OPTSTK,PFC,100.0,PE,0.0,0.0,0.0,0.05,0.0,0,0.0,0
2012-08-16,2012-10-25,OPTSTK,PFC,110.0,PE,0.0,0.0,0.0,0.15,0.05,0,0.0,0
2012-08-16,2012-10-25,OPTSTK,PFC,120.0,PE,0.0,0.0,0.0,0.4,0.1,0,0.0,0
2012-08-16,2012-10-25,OPTSTK,PFC,130.0,PE,0.0,0.0,0.0,1.0,0.25,0,0.0,0
2012-08-16,2012-10-25,OPTSTK,PFC,140.0,PE,0.0,0.0,0.0,2.2,0.65,0,0.0,0
2012-08-16,2012-10-25,OPTSTK,PFC,150.0,PE,0.0,0.0,0.0,4.25,1.55,0,0.0,0
2012-08-16,2012-10-25,OPTSTK,PFC,160.0,PE,0.0,0.0,0.0,7.25,3.2,0,0.0,0
2012-08-16,2012-10-25,OPTSTK,PFC,170.0,PE,0.0,0.0,0.0,11.4,5.75,0,0.0,0
2012-08-16,2012-10-25,OPTSTK,PFC,180.0,PE,0.0,0.0,0.0,16.65,9.4,0,0.0,0
2012-08-16,2012-10-25,OPTSTK,PFC,190.0,PE,0.0,0.0,0.0,22.9,14.25,0,0.0,0
2012-08-16,2012-10-25,OPTSTK,PFC,200.0,PE,0.0,0.0,0.0,30.05,20.2,0,0.0,0
2012-08-16,2012-10-25,OPTSTK,PFC,210.0,PE,0.0,0.0,0.0,37.95,27.1,0,0.0,0
2012-08-16,2012-10-25,OPTSTK,PFC,220.0,PE,0.0,0.0,0.0,46.35,34.85,0,0.0,0
2012-08-16,2012-10-25,OPTSTK,PFC,230.0,PE,0.0,0.0,0.0,55.2,43.2,0,0.0,0
2012-08-16,2012-10-25,OPTSTK,PFC,240.0,PE,0.0,0.0,0.0,64.35,52.05,0,0.0,0
2012-08-16,2012-10-25,OPTSTK,PFC,250.0,PE,0.0,0.0,0.0,73.7,61.2,0,0.0,0
2012-08-16,2012-08-30,OPTSTK,PIRHEALTH,260.0,CE,0.0,0.0,0.0,184.75,256.95,0,0.0,0
2012-08-16,2012-08-30,OPTSTK,PIRHEALTH,280.0,CE,0.0,0.0,0.0,165.35,237.0,0,0.0,0
2012-08-16,2012-08-30,OPTSTK,PIRHEALTH,300.0,CE,0.0,0.0,0.0,146.1,217.05,0,0.0,0
2012-08-16,2012-08-30,OPTSTK,PIRHEALTH,320.0,CE,0.0,0.0,0.0,127.25,197.15,0,0.0,0
2012-08-16,2012-08-30,OPTSTK,PIRHEALTH,340.0,CE,0.0,0.0,0.0,108.95,177.2,0,0.0,0
2012-08-16,2012-08-30,OPTSTK,PIRHEALTH,360.0,CE,0.0,0.0,0.0,91.65,157.25,0,0.0,0
2012-08-16,2012-08-30,OPTSTK,PIRHEALTH,380.0,CE,0.0,0.0,0.0,75.6,137.35,0,0.0,0
2012-08-16,2012-08-30,OPTSTK,PIRHEALTH,400.0,CE,0.0,0.0,0.0,61.15,117.4,0,0.0,0
2012-08-16,2012-08-30,OPTSTK,PIRHEALTH,420.0,CE,0.0,0.0,0.0,48.45,97.45,0,0.0,0
2012-08-16,2012-08-30,OPTSTK,PIRHEALTH,440.0,CE,0.0,0.0,0.0,37.65,77.55,0,0.0,0
2012-08-16,2012-08-30,OPTSTK,PIRHEALTH,460.0,CE,0.0,0.0,0.0,28.7,57.65,0,0.0,0
2012-08-16,2012-08-30,OPTSTK,PIRHEALTH,480.0,CE,0.0,0.0,0.0,21.45,38.35,0,0.0,0
2012-08-16,2012-08-30,OPTSTK,PIRHEALTH,500.0,CE,0.0,0.0,0.0,15.8,21.25,0,0.0,0
2012-08-16,2012-08-30,OPTSTK,PIRHEALTH,520.0,CE,0.0,0.0,0.0,16.0,9.15,0,0.0,1500
2012-08-16,2012-08-30,OPTSTK,PIRHEALTH,540.0,CE,5.0,5.0,5.0,5.0,5.0,1,2.72,2500
2012-08-16,2012-08-30,OPTSTK,PIRHEALTH,560.0,CE,0.0,0.0,0.0,5.75,0.65,0,0.0,0
2012-08-16,2012-08-30,OPTSTK,PIRHEALTH,580.0,CE,0.0,0.0,0.0,3.95,0.1,0,0.0,0
2012-08-16,2012-08-30,OPTSTK,PIRHEALTH,600.0,CE,0.0,0.0,0.0,2.75,0.05,0,0.0,0
2012-08-16,2012-08-30,OPTSTK,PIRHEALTH,620.0,CE,0.0,0.0,0.0,1.85,0.0,0,0.0,0
2012-08-16,2012-08-30,OPTSTK,PIRHEALTH,640.0,CE,0.0,0.0,0.0,1.25,0.0,0,0.0,0
2012-08-16,2012-08-30,OPTSTK,PIRHEALTH,660.0,CE,0.0,0.0,0.0,0.95,0.0,0,0.0,0
2012-08-16,2012-08-30,OPTSTK,PIRHEALTH,680.0,CE,0.0,0.0,0.0,1.65,0.0,0,0.0,0
2012-08-16,2012-08-30,OPTSTK,PIRHEALTH,700.0,CE,0.0,0.0,0.0,1.6,0.0,0,0.0,0
2012-08-16,2012-08-30,OPTSTK,PIRHEALTH,720.0,CE,0.0,0.0,0.0,1.75,0.0,0,0.0,0
2012-08-16,2012-08-30,OPTSTK,PIRHEALTH,740.0,CE,0.0,0.0,0.0,1.25,0.0,0,0.0,0
2012-08-16,2012-08-30,OPTSTK,PIRHEALTH,260.0,PE,0.0,0.0,0.0,0.05,0.0,0,0.0,0
2012-08-16,2012-08-30,OPTSTK,PIRHEALTH,280.0,PE,0.0,0.0,0.0,0.15,0.0,0,0.0,0
2012-08-16,2012-08-30,OPTSTK,PIRHEALTH,300.0,PE,0.0,0.0,0.0,0.45,0.0,0,0.0,0
2012-08-16,2012-08-30,OPTSTK,PIRHEALTH,320.0,PE,0.0,0.0,0.0,1.05,0.0,0,0.0,0
2012-08-16,2012-08-30,OPTSTK,PIRHEALTH,340.0,PE,0.0,0.0,0.0,2.35,0.0,0,0.0,0
2012-08-16,2012-08-30,OPTSTK,PIRHEALTH,360.0,PE,0.0,0.0,0.0,4.55,0.0,0,0.0,0
2012-08-16,2012-08-30,OPTSTK,PIRHEALTH,380.0,PE,0.0,0.0,0.0,8.0,0.0,0,0.0,0
2012-08-16,2012-08-30,OPTSTK,PIRHEALTH,400.0,PE,0.0,0.0,0.0,13.1,0.0,0,0.0,0
2012-08-16,2012-08-30,OPTSTK,PIRHEALTH,420.0,PE,0.0,0.0,0.0,19.9,0.0,0,0.0,0
2012-08-16,2012-08-30,OPTSTK,PIRHEALTH,440.0,PE,0.0,0.0,0.0,28.6,0.0,0,0.0,0
2012-08-16,2012-08-30,OPTSTK,PIRHEALTH,460.0,PE,0.0,0.0,0.0,39.15,0.1,0,0.0,0
2012-08-16,2012-08-30,OPTSTK,PIRHEALTH,480.0,PE,0.0,0.0,0.0,51.45,0.7,0,0.0,0
2012-08-16,2012-08-30,OPTSTK,PIRHEALTH,500.0,PE,0.0,0.0,0.0,65.3,3.55,0,0.0,0
2012-08-16,2012-08-30,OPTSTK,PIRHEALTH,520.0,PE,0.0,0.0,0.0,80.45,11.35,0,0.0,0
2012-08-16,2012-08-30,OPTSTK,PIRHEALTH,540.0,PE,0.0,0.0,0.0,96.7,25.0,0,0.0,0
2012-08-16,2012-08-30,OPTSTK,PIRHEALTH,560.0,PE,0.0,0.0,0.0,113.8,42.75,0,0.0,0
2012-08-16,2012-08-30,OPTSTK,PIRHEALTH,580.0,PE,0.0,0.0,0.0,131.55,62.15,0,0.0,0
2012-08-16,2012-08-30,OPTSTK,PIRHEALTH,600.0,PE,0.0,0.0,0.0,149.8,82.0,0,0.0,0
2012-08-16,2012-08-30,OPTSTK,PIRHEALTH,620.0,PE,0.0,0.0,0.0,168.45,101.9,0,0.0,0
2012-08-16,2012-08-30,OPTSTK,PIRHEALTH,640.0,PE,0.0,0.0,0.0,187.4,121.85,0,0.0,0
2012-08-16,2012-08-30,OPTSTK,PIRHEALTH,660.0,PE,0.0,0.0,0.0,195.15,141.75,0,0.0,0
2012-08-16,2012-08-30,OPTSTK,PIRHEALTH,680.0,PE,0.0,0.0,0.0,196.3,161.7,0,0.0,0
2012-08-16,2012-08-30,OPTSTK,PIRHEALTH,700.0,PE,0.0,0.0,0.0,198.3,181.65,0,0.0,0
2012-08-16,2012-08-30,OPTSTK,PIRHEALTH,720.0,PE,0.0,0.0,0.0,204.15,201.55,0,0.0,0
2012-08-16,2012-08-30,OPTSTK,PIRHEALTH,740.0,PE,0.0,0.0,0.0,223.3,221.5,0,0.0,0
2012-08-16,2012-09-27,OPTSTK,PIRHEALTH,260.0,CE,0.0,0.0,0.0,271.75,258.75,0,0.0,0
2012-08-16,2012-09-27,OPTSTK,PIRHEALTH,280.0,CE,0.0,0.0,0.0,252.25,238.95,0,0.0,0
2012-08-16,2012-09-27,OPTSTK,PIRHEALTH,300.0,CE,0.0,0.0,0.0,232.7,219.15,0,0.0,0
2012-08-16,2012-09-27,OPTSTK,PIRHEALTH,320.0,CE,0.0,0.0,0.0,213.25,199.4,0,0.0,0
2012-08-16,2012-09-27,OPTSTK,PIRHEALTH,340.0,CE,0.0,0.0,0.0,193.8,179.6,0,0.0,0
2012-08-16,2012-09-27,OPTSTK,PIRHEALTH,360.0,CE,0.0,0.0,0.0,174.55,159.8,0,0.0,0
2012-08-16,2012-09-27,OPTSTK,PIRHEALTH,380.0,CE,0.0,0.0,0.0,155.6,140.0,0,0.0,0
2012-08-16,2012-09-27,OPTSTK,PIRHEALTH,400.0,CE,0.0,0.0,0.0,137.15,120.2,0,0.0,0
2012-08-16,2012-09-27,OPTSTK,PIRHEALTH,420.0,CE,0.0,0.0,0.0,119.35,100.5,0,0.0,0
2012-08-16,2012-09-27,OPTSTK,PIRHEALTH,440.0,CE,0.0,0.0,0.0,102.5,81.0,0,0.0,0
2012-08-16,2012-09-27,OPTSTK,PIRHEALTH,460.0,CE,0.0,0.0,0.0,86.8,62.15,0,0.0,0
2012-08-16,2012-09-27,OPTSTK,PIRHEALTH,480.0,CE,0.0,0.0,0.0,72.45,44.8,0,0.0,0
2012-08-16,2012-09-27,OPTSTK,PIRHEALTH,500.0,CE,0.0,0.0,0.0,59.6,29.9,0,0.0,0
2012-08-16,2012-09-27,OPTSTK,PIRHEALTH,520.0,CE,0.0,0.0,0.0,48.35,18.3,0,0.0,0
2012-08-16,2012-09-27,OPTSTK,PIRHEALTH,540.0,CE,0.0,0.0,0.0,38.7,10.2,0,0.0,0
2012-08-16,2012-09-27,OPTSTK,PIRHEALTH,560.0,CE,0.0,0.0,0.0,30.55,5.2,0,0.0,0
2012-08-16,2012-09-27,OPTSTK,PIRHEALTH,580.0,CE,0.0,0.0,0.0,23.8,2.4,0,0.0,0
2012-08-16,2012-09-27,OPTSTK,PIRHEALTH,600.0,CE,0.0,0.0,0.0,18.3,1.0,0,0.0,0
2012-08-16,2012-09-27,OPTSTK,PIRHEALTH,620.0,CE,0.0,0.0,0.0,13.95,0.4,0,0.0,0
2012-08-16,2012-09-27,OPTSTK,PIRHEALTH,640.0,CE,0.0,0.0,0.0,10.5,0.15,0,0.0,0
2012-08-16,2012-09-27,OPTSTK,PIRHEALTH,660.0,CE,0.0,0.0,0.0,7.8,0.05,0,0.0,0
2012-08-16,2012-09-27,OPTSTK,PIRHEALTH,680.0,CE,0.0,0.0,0.0,5.75,0.05,0,0.0,0
2012-08-16,2012-09-27,OPTSTK,PIRHEALTH,700.0,CE,0.0,0.0,0.0,4.2,0.0,0,0.0,0
2012-08-16,2012-09-27,OPTSTK,PIRHEALTH,720.0,CE,0.0,0.0,0.0,3.05,0.0,0,0.0,0
2012-08-16,2012-09-27,OPTSTK,PIRHEALTH,740.0,CE,0.0,0.0,0.0,2.2,0.0,0,0.0,0
2012-08-16,2012-09-27,OPTSTK,PIRHEALTH,260.0,PE,0.0,0.0,0.0,0.05,0.0,0,0.0,0
2012-08-16,2012-09-27,OPTSTK,PIRHEALTH,280.0,PE,0.0,0.0,0.0,0.05,0.0,0,0.0,0
2012-08-16,2012-09-27,OPTSTK,PIRHEALTH,300.0,PE,0.0,0.0,0.0,0.05,0.0,0,0.0,0
2012-08-16,2012-09-27,OPTSTK,PIRHEALTH,320.0,PE,0.0,0.0,0.0,0.1,0.0,0,0.0,0
2012-08-16,2012-09-27,OPTSTK,PIRHEALTH,340.0,PE,0.0,0.0,0.0,0.2,0.0,0,0.0,0
2012-08-16,2012-09-27,OPTSTK,PIRHEALTH,360.0,PE,0.0,0.0,0.0,0.5,0.0,0,0.0,0
2012-08-16,2012-09-27,OPTSTK,PIRHEALTH,380.0,PE,0.0,0.0,0.0,1.1,0.0,0,0.0,0
2012-08-16,2012-09-27,OPTSTK,PIRHEALTH,400.0,PE,0.0,0.0,0.0,2.15,0.05,0,0.0,0
2012-08-16,2012-09-27,OPTSTK,PIRHEALTH,420.0,PE,0.0,0.0,0.0,3.85,0.1,0,0.0,0
2012-08-16,2012-09-27,OPTSTK,PIRHEALTH,440.0,PE,0.0,0.0,0.0,6.55,0.4,0,0.0,0
2012-08-16,2012-09-27,OPTSTK,PIRHEALTH,460.0,PE,0.0,0.0,0.0,10.4,1.35,0,0.0,0
2012-08-16,2012-09-27,OPTSTK,PIRHEALTH,480.0,PE,0.0,0.0,0.0,15.6,3.75,0,0.0,0
2012-08-16,2012-09-27,OPTSTK,PIRHEALTH,500.0,PE,0.0,0.0,0.0,22.3,8.65,0,0.0,0
2012-08-16,2012-09-27,OPTSTK,PIRHEALTH,520.0,PE,0.0,0.0,0.0,30.55,16.9,0,0.0,0
2012-08-16,2012-09-27,OPTSTK,PIRHEALTH,540.0,PE,0.0,0.0,0.0,40.4,28.6,0,0.0,0
2012-08-16,2012-09-27,OPTSTK,PIRHEALTH,560.0,PE,0.0,0.0,0.0,51.8,43.35,0,0.0,0
2012-08-16,2012-09-27,OPTSTK,PIRHEALTH,580.0,PE,0.0,0.0,0.0,64.6,60.35,0,0.0,0
2012-08-16,2012-09-27,OPTSTK,PIRHEALTH,600.0,PE,0.0,0.0,0.0,78.65,78.75,0,0.0,0
2012-08-16,2012-09-27,OPTSTK,PIRHEALTH,620.0,PE,0.0,0.0,0.0,93.85,97.95,0,0.0,0
2012-08-16,2012-09-27,OPTSTK,PIRHEALTH,640.0,PE,0.0,0.0,0.0,109.9,117.5,0,0.0,0
2012-08-16,2012-09-27,OPTSTK,PIRHEALTH,660.0,PE,0.0,0.0,0.0,126.75,137.2,0,0.0,0
2012-08-16,2012-09-27,OPTSTK,PIRHEALTH,680.0,PE,0.0,0.0,0.0,144.25,156.95,0,0.0,0
2012-08-16,2012-09-27,OPTSTK,PIRHEALTH,700.0,PE,0.0,0.0,0.0,162.25,176.75,0,0.0,0
2012-08-16,2012-09-27,OPTSTK,PIRHEALTH,720.0,PE,0.0,0.0,0.0,180.6,196.55,0,0.0,0
2012-08-16,2012-09-27,OPTSTK,PIRHEALTH,740.0,PE,0.0,0.0,0.0,199.3,216.3,0,0.0,0
2012-08-16,2012-10-25,OPTSTK,PIRHEALTH,260.0,CE,0.0,0.0,0.0,249.7,260.55,0,0.0,0
2012-08-16,2012-10-25,OPTSTK,PIRHEALTH,280.0,CE,0.0,0.0,0.0,230.2,240.9,0,0.0,0
2012-08-16,2012-10-25,OPTSTK,PIRHEALTH,300.0,CE,0.0,0.0,0.0,210.65,221.2,0,0.0,0
2012-08-16,2012-10-25,OPTSTK,PIRHEALTH,320.0,CE,0.0,0.0,0.0,191.1,201.55,0,0.0,0
2012-08-16,2012-10-25,OPTSTK,PIRHEALTH,340.0,CE,0.0,0.0,0.0,171.55,181.9,0,0.0,0
2012-08-16,2012-10-25,OPTSTK,PIRHEALTH,360.0,CE,0.0,0.0,0.0,152.0,162.25,0,0.0,0
2012-08-16,2012-10-25,OPTSTK,PIRHEALTH,380.0,CE,0.0,0.0,0.0,132.5,142.6,0,0.0,0
2012-08-16,2012-10-25,OPTSTK,PIRHEALTH,400.0,CE,0.0,0.0,0.0,113.1,123.05,0,0.0,0
2012-08-16,2012-10-25,OPTSTK,PIRHEALTH,420.0,CE,0.0,0.0,0.0,94.05,103.7,0,0.0,0
2012-08-16,2012-10-25,OPTSTK,PIRHEALTH,440.0,CE,0.0,0.0,0.0,75.7,84.85,0,0.0,0
2012-08-16,2012-10-25,OPTSTK,PIRHEALTH,460.0,CE,0.0,0.0,0.0,58.6,66.95,0,0.0,0
2012-08-16,2012-10-25,OPTSTK,PIRHEALTH,480.0,CE,0.0,0.0,0.0,43.4,50.7,0,0.0,0
2012-08-16,2012-10-25,OPTSTK,PIRHEALTH,500.0,CE,0.0,0.0,0.0,30.6,36.65,0,0.0,0
2012-08-16,2012-10-25,OPTSTK,PIRHEALTH,520.0,CE,0.0,0.0,0.0,20.55,25.2,0,0.0,0
2012-08-16,2012-10-25,OPTSTK,PIRHEALTH,540.0,CE,0.0,0.0,0.0,13.05,16.45,0,0.0,0
2012-08-16,2012-10-25,OPTSTK,PIRHEALTH,560.0,CE,0.0,0.0,0.0,7.9,10.2,0,0.0,0
2012-08-16,2012-10-25,OPTSTK,PIRHEALTH,580.0,CE,0.0,0.0,0.0,4.55,6.0,0,0.0,0
2012-08-16,2012-10-25,OPTSTK,PIRHEALTH,600.0,CE,0.0,0.0,0.0,2.5,3.4,0,0.0,0
2012-08-16,2012-10-25,OPTSTK,PIRHEALTH,620.0,CE,0.0,0.0,0.0,1.3,1.8,0,0.0,0
2012-08-16,2012-10-25,OPTSTK,PIRHEALTH,640.0,CE,0.0,0.0,0.0,0.65,0.95,0,0.0,0
2012-08-16,2012-10-25,OPTSTK,PIRHEALTH,660.0,CE,0.0,0.0,0.0,0.35,0.45,0,0.0,0
2012-08-16,2012-10-25,OPTSTK,PIRHEALTH,680.0,CE,0.0,0.0,0.0,0.15,0.25,0,0.0,0
2012-08-16,2012-10-25,OPTSTK,PIRHEALTH,700.0,CE,0.0,0.0,0.0,0.1,0.1,0,0.0,0
2012-08-16,2012-10-25,OPTSTK,PIRHEALTH,720.0,CE,0.0,0.0,0.0,0.05,0.05,0,0.0,0
2012-08-16,2012-10-25,OPTSTK,PIRHEALTH,740.0,CE,0.0,0.0,0.0,0.05,0.05,0,0.0,0
2012-08-16,2012-10-25,OPTSTK,PIRHEALTH,260.0,PE,0.0,0.0,0.0,0.05,0.0,0,0.0,0
2012-08-16,2012-10-25,OPTSTK,PIRHEALTH,280.0,PE,0.0,0.0,0.0,0.05,0.0,0,0.0,0
2012-08-16,2012-10-25,OPTSTK,PIRHEALTH,300.0,PE,0.0,0.0,0.0,0.05,0.0,0,0.0,0
2012-08-16,2012-10-25,OPTSTK,PIRHEALTH,320.0,PE,0.0,0.0,0.0,0.05,0.0,0,0.0,0
2012-08-16,2012-10-25,OPTSTK,PIRHEALTH,340.0,PE,0.0,0.0,0.0,0.05,0.0,0,0.0,0
2012-08-16,2012-10-25,OPTSTK,PIRHEALTH,360.0,PE,0.0,0.0,0.0,0.05,0.0,0,0.0,0
2012-08-16,2012-10-25,OPTSTK,PIRHEALTH,380.0,PE,0.0,0.0,0.0,0.05,0.05,0,0.0,0
2012-08-16,2012-10-25,OPTSTK,PIRHEALTH,400.0,PE,0.0,0.0,0.0,0.2,0.15,0,0.0,0
2012-08-16,2012-10-25,OPTSTK,PIRHEALTH,420.0,PE,0.0,0.0,0.0,0.7,0.45,0,0.0,0
2012-08-16,2012-10-25,OPTSTK,PIRHEALTH,440.0,PE,0.0,0.0,0.0,1.9,1.25,0,0.0,0
2012-08-16,2012-10-25,OPTSTK,PIRHEALTH,460.0,PE,0.0,0.0,0.0,4.35,3.0,0,0.0,0
2012-08-16,2012-10-25,OPTSTK,PIRHEALTH,480.0,PE,0.0,0.0,0.0,8.7,6.4,0,0.0,0
2012-08-16,2012-10-25,OPTSTK,PIRHEALTH,500.0,PE,0.0,0.0,0.0,15.45,12.0,0,0.0,0
2012-08-16,2012-10-25,OPTSTK,PIRHEALTH,520.0,PE,0.0,0.0,0.0,24.9,20.2,0,0.0,0
2012-08-16,2012-10-25,OPTSTK,PIRHEALTH,540.0,PE,0.0,0.0,0.0,37.0,31.1,0,0.0,0
2012-08-16,2012-10-25,OPTSTK,PIRHEALTH,560.0,PE,0.0,0.0,0.0,51.4,44.5,0,0.0,0
2012-08-16,2012-10-25,OPTSTK,PIRHEALTH,580.0,PE,0.0,0.0,0.0,67.6,60.0,0,0.0,0
2012-08-16,2012-10-25,OPTSTK,PIRHEALTH,600.0,PE,0.0,0.0,0.0,85.1,77.05,0,0.0,0
2012-08-16,2012-10-25,OPTSTK,PIRHEALTH,620.0,PE,0.0,0.0,0.0,103.45,95.1,0,0.0,0
2012-08-16,2012-10-25,OPTSTK,PIRHEALTH,640.0,PE,0.0,0.0,0.0,122.35,113.9,0,0.0,0
2012-08-16,2012-10-25,OPTSTK,PIRHEALTH,660.0,PE,0.0,0.0,0.0,141.55,133.1,0,0.0,0
2012-08-16,2012-10-25,OPTSTK,PIRHEALTH,680.0,PE,0.0,0.0,0.0,160.95,152.5,0,0.0,0
2012-08-16,2012-10-25,OPTSTK,PIRHEALTH,700.0,PE,0.0,0.0,0.0,180.4,172.05,0,0.0,0
2012-08-16,2012-10-25,OPTSTK,PIRHEALTH,720.0,PE,0.0,0.0,0.0,199.9,191.65,0,0.0,0
2012-08-16,2012-10-25,OPTSTK,PIRHEALTH,740.0,PE,0.0,0.0,0.0,219.45,211.3,0,0.0,0
2012-08-16,2012-08-30,OPTSTK,PNB,500.0,CE,0.0,0.0,0.0,268.1,231.05,0,0.0,0
2012-08-16,2012-08-30,OPTSTK,PNB,520.0,CE,0.0,0.0,0.0,248.95,211.1,0,0.0,0
2012-08-16,2012-08-30,OPTSTK,PNB,540.0,CE,0.0,0.0,0.0,230.1,191.2,0,0.0,0
2012-08-16,2012-08-30,OPTSTK,PNB,560.0,CE,0.0,0.0,0.0,211.55,171.25,0,0.0,0
2012-08-16,2012-08-30,OPTSTK,PNB,580.0,CE,0.0,0.0,0.0,193.4,151.3,0,0.0,0
2012-08-16,2012-08-30,OPTSTK,PNB,600.0,CE,0.0,0.0,0.0,175.8,131.4,0,0.0,0
2012-08-16,2012-08-30,OPTSTK,PNB,620.0,CE,0.0,0.0,0.0,158.85,111.55,0,0.0,0
2012-08-16,2012-08-30,OPTSTK,PNB,640.0,CE,0.0,0.0,0.0,142.6,91.95,0,0.0,0
2012-08-16,2012-08-30,OPTSTK,PNB,660.0,CE,0.0,0.0,0.0,88.0,72.95,0,0.0,0
2012-08-16,2012-08-30,OPTSTK,PNB,680.0,CE,0.0,0.0,0.0,70.0,55.15,0,0.0,250
2012-08-16,2012-08-30,OPTSTK,PNB,700.0,CE,0.0,0.0,0.0,99.35,39.35,0,0.0,0
2012-08-16,2012-08-30,OPTSTK,PNB,720.0,CE,29.15,29.75,26.0,26.45,26.45,11,20.57,36500
2012-08-16,2012-08-30,OPTSTK,PNB,740.0,CE,15.8,16.5,10.45,11.4,11.4,121,228.17,67750
2012-08-16,2012-08-30,OPTSTK,PNB,760.0,CE,8.0,8.3,5.0,5.5,5.5,112,214.78,90500
2012-08-16,2012-08-30,OPTSTK,PNB,780.0,CE,3.9,4.15,3.65,3.65,3.65,8,15.67,44750
2012-08-16,2012-08-30,OPTSTK,PNB,800.0,CE,1.6,1.95,1.6,1.7,1.7,10,20.04,62250
2012-08-16,2012-08-30,OPTSTK,PNB,820.0,CE,0.0,0.0,0.0,2.65,1.1,0,0.0,6000
2012-08-16,2012-08-30,OPTSTK,PNB,840.0,CE,0.0,0.0,0.0,0.15,0.45,0,0.0,5000
2012-08-16,2012-08-30,OPTSTK,PNB,860.0,CE,0.0,0.0,0.0,2.5,0.2,0,0.0,1250
2012-08-16,2012-08-30,OPTSTK,PNB,880.0,CE,0.0,0.0,0.0,25.7,0.1,0,0.0,500
2012-08-16,2012-08-30,OPTSTK,PNB,900.0,CE,0.0,0.0,0.0,5.0,0.05,0,0.0,250
2012-08-16,2012-08-30,OPTSTK,PNB,920.0,CE,0.0,0.0,0.0,14.9,0.05,0,0.0,250
2012-08-16,2012-08-30,OPTSTK,PNB,940.0,CE,0.0,0.0,0.0,13.65,0.0,0,0.0,0
2012-08-16,2012-08-30,OPTSTK,PNB,960.0,CE,0.0,0.0,0.0,11.2,0.0,0,0.0,0
2012-08-16,2012-08-30,OPTSTK,PNB,980.0,CE,0.0,0.0,0.0,9.15,0.0,0,0.0,0
2012-08-16,2012-08-30,OPTSTK,PNB,1000.0,CE,0.0,0.0,0.0,7.45,0.0,0,0.0,0
2012-08-16,2012-08-30,OPTSTK,PNB,1020.0,CE,0.0,0.0,0.0,6.05,0.0,0,0.0,0
2012-08-16,2012-08-30,OPTSTK,PNB,1040.0,CE,0.0,0.0,0.0,4.9,0.0,0,0.0,0
2012-08-16,2012-08-30,OPTSTK,PNB,1060.0,CE,0.0,0.0,0.0,3.95,0.0,0,0.0,0
2012-08-16,2012-08-30,OPTSTK,PNB,1080.0,CE,0.0,0.0,0.0,3.15,0.0,0,0.0,0
2012-08-16,2012-08-30,OPTSTK,PNB,1100.0,CE,0.0,0.0,0.0,2.5,0.0,0,0.0,0
2012-08-16,2012-08-30,OPTSTK,PNB,1120.0,CE,0.0,0.0,0.0,2.0,0.0,0,0.0,0
2012-08-16,2012-08-30,OPTSTK,PNB,1140.0,CE,0.0,0.0,0.0,1.6,0.0,0,0.0,0
2012-08-16,2012-08-30,OPTSTK,PNB,1160.0,CE,0.0,0.0,0.0,1.3,0.0,0,0.0,0
2012-08-16,2012-08-30,OPTSTK,PNB,500.0,PE,0.0,0.0,0.0,0.55,0.0,0,0.0,0
2012-08-16,2012-08-30,OPTSTK,PNB,520.0,PE,0.0,0.0,0.0,0.95,0.0,0,0.0,0
2012-08-16,2012-08-30,OPTSTK,PNB,540.0,PE,0.0,0.0,0.0,1.6,0.0,0,0.0,0
2012-08-16,2012-08-30,OPTSTK,PNB,560.0,PE,0.0,0.0,0.0,2.55,0.0,0,0.0,0
2012-08-16,2012-08-30,OPTSTK,PNB,580.0,PE,0.0,0.0,0.0,3.95,0.0,0,0.0,0
2012-08-16,2012-08-30,OPTSTK,PNB,600.0,PE,0.0,0.0,0.0,5.85,0.05,0,0.0,0
2012-08-16,2012-08-30,OPTSTK,PNB,620.0,PE,0.0,0.0,0.0,8.4,0.15,0,0.0,0
2012-08-16,2012-08-30,OPTSTK,PNB,640.0,PE,0.0,0.0,0.0,11.7,0.45,0,0.0,0
2012-08-16,2012-08-30,OPTSTK,PNB,660.0,PE,0.0,0.0,0.0,1.5,1.4,0,0.0,1750
2012-08-16,2012-08-30,OPTSTK,PNB,680.0,PE,0.0,0.0,0.0,1.8,3.5,0,0.0,6750
2012-08-16,2012-08-30,OPTSTK,PNB,700.0,PE,3.55,4.4,3.0,4.1,4.1,7,12.31,33000
2012-08-16,2012-08-30,OPTSTK,PNB,720.0,PE,6.75,9.5,6.4,8.9,8.9,19,34.56,32750
2012-08-16,2012-08-30,OPTSTK,PNB,740.0,PE,13.5,19.25,13.0,19.0,19.0,32,60.39,34500
2012-08-16,2012-08-30,OPTSTK,PNB,760.0,PE,25.6,28.55,25.0,28.55,28.55,36,70.79,27000
2012-08-16,2012-08-30,OPTSTK,PNB,780.0,PE,41.35,49.05,41.35,49.05,49.05,13,26.73,25000
2012-08-16,2012-08-30,OPTSTK,PNB,800.0,PE,0.0,0.0,0.0,77.5,70.35,0,0.0,7500
2012-08-16,2012-08-30,OPTSTK,PNB,820.0,PE,0.0,0.0,0.0,84.0,89.0,0,0.0,2000
2012-08-16,2012-08-30,OPTSTK,PNB,840.0,PE,0.0,0.0,0.0,75.0,108.3,0,0.0,1750
2012-08-16,2012-08-30,OPTSTK,PNB,860.0,PE,0.0,0.0,0.0,40.7,127.95,0,0.0,500
2012-08-16,2012-08-30,OPTSTK,PNB,880.0,PE,0.0,0.0,0.0,127.45,147.8,0,0.0,0
2012-08-16,2012-08-30,OPTSTK,PNB,900.0,PE,0.0,0.0,0.0,142.85,167.7,0,0.0,0
2012-08-16,2012-08-30,OPTSTK,PNB,920.0,PE,0.0,0.0,0.0,158.9,187.6,0,0.0,0
2012-08-16,2012-08-30,OPTSTK,PNB,940.0,PE,0.0,0.0,0.0,175.5,207.55,0,0.0,0
2012-08-16,2012-08-30,OPTSTK,PNB,960.0,PE,0.0,0.0,0.0,192.6,227.45,0,0.0,0
2012-08-16,2012-08-30,OPTSTK,PNB,980.0,PE,0.0,0.0,0.0,210.05,247.4,0,0.0,0
2012-08-16,2012-08-30,OPTSTK,PNB,1000.0,PE,0.0,0.0,0.0,227.85,267.35,0,0.0,0
2012-08-16,2012-08-30,OPTSTK,PNB,1020.0,PE,0.0,0.0,0.0,245.95,287.25,0,0.0,0
2012-08-16,2012-08-30,OPTSTK,PNB,1040.0,PE,0.0,0.0,0.0,264.3,307.2,0,0.0,0
2012-08-16,2012-08-30,OPTSTK,PNB,1060.0,PE,0.0,0.0,0.0,282.9,327.15,0,0.0,0
2012-08-16,2012-08-30,OPTSTK,PNB,1080.0,PE,0.0,0.0,0.0,301.65,347.05,0,0.0,0
2012-08-16,2012-08-30,OPTSTK,PNB,1100.0,PE,0.0,0.0,0.0,320.55,367.0,0,0.0,0
2012-08-16,2012-08-30,OPTSTK,PNB,1120.0,PE,0.0,0.0,0.0,339.55,386.95,0,0.0,0
2012-08-16,2012-08-30,OPTSTK,PNB,1140.0,PE,0.0,0.0,0.0,358.65,406.85,0,0.0,0
2012-08-16,2012-08-30,OPTSTK,PNB,1160.0,PE,0.0,0.0,0.0,377.85,426.8,0,0.0,0
2012-08-16,2012-09-27,OPTSTK,PNB,500.0,CE,0.0,0.0,0.0,299.85,234.55,0,0.0,0
2012-08-16,2012-09-27,OPTSTK,PNB,520.0,CE,0.0,0.0,0.0,280.55,214.8,0,0.0,0
2012-08-16,2012-09-27,OPTSTK,PNB,540.0,CE,0.0,0.0,0.0,261.4,195.05,0,0.0,0
2012-08-16,2012-09-27,OPTSTK,PNB,560.0,CE,0.0,0.0,0.0,242.5,175.4,0,0.0,0
2012-08-16,2012-09-27,OPTSTK,PNB,580.0,CE,0.0,0.0,0.0,223.85,156.0,0,0.0,0
2012-08-16,2012-09-27,OPTSTK,PNB,600.0,CE,0.0,0.0,0.0,205.65,136.9,0,0.0,0
2012-08-16,2012-09-27,OPTSTK,PNB,620.0,CE,0.0,0.0,0.0,187.9,118.35,0,0.0,0
2012-08-16,2012-09-27,OPTSTK,PNB,640.0,CE,0.0,0.0,0.0,170.75,100.6,0,0.0,0
2012-08-16,2012-09-27,OPTSTK,PNB,660.0,CE,0.0,0.0,0.0,154.25,83.95,0,0.0,0
2012-08-16,2012-09-27,OPTSTK,PNB,680.0,CE,0.0,0.0,0.0,138.55,68.7,0,0.0,0
2012-08-16,2012-09-27,OPTSTK,PNB,700.0,CE,0.0,0.0,0.0,48.0,55.0,0,0.0,250
2012-08-16,2012-09-27,OPTSTK,PNB,720.0,CE,0.0,0.0,0.0,40.0,43.15,0,0.0,250
2012-08-16,2012-09-27,OPTSTK,PNB,740.0,CE,0.0,0.0,0.0,23.0,33.05,0,0.0,5750
2012-08-16,2012-09-27,OPTSTK,PNB,760.0,CE,0.0,0.0,0.0,19.0,24.8,0,0.0,3750
2012-08-16,2012-09-27,OPTSTK,PNB,780.0,CE,0.0,0.0,0.0,37.0,18.15,0,0.0,500
2012-08-16,2012-09-27,OPTSTK,PNB,800.0,CE,0.0,0.0,0.0,64.35,13.05,0,0.0,0
2012-08-16,2012-09-27,OPTSTK,PNB,820.0,CE,0.0,0.0,0.0,18.0,9.15,0,0.0,3750
2012-08-16,2012-09-27,OPTSTK,PNB,840.0,CE,5.0,5.0,4.0,4.0,4.0,2,4.22,1000
2012-08-16,2012-09-27,OPTSTK,PNB,860.0,CE,0.0,0.0,0.0,40.65,4.25,0,0.0,0
2012-08-16,2012-09-27,OPTSTK,PNB,880.0,CE,0.0,0.0,0.0,34.5,2.8,0,0.0,0
2012-08-16,2012-09-27,OPTSTK,PNB,900.0,CE,0.0,0.0,0.0,29.15,1.85,0,0.0,0
2012-08-16,2012-09-27,OPTSTK,PNB,920.0,CE,0.0,0.0,0.0,24.55,1.15,0,0.0,0
2012-08-16,2012-09-27,OPTSTK,PNB,940.0,CE,0.0,0.0,0.0,20.55,0.75,0,0.0,0
2012-08-16,2012-09-27,OPTSTK,PNB,960.0,CE,0.0,0.0,0.0,17.15,0.45,0,0.0,0
2012-08-16,2012-09-27,OPTSTK,PNB,980.0,CE,0.0,0.0,0.0,14.2,0.3,0,0.0,0
2012-08-16,2012-09-27,OPTSTK,PNB,1000.0,CE,0.0,0.0,0.0,11.75,0.2,0,0.0,0
2012-08-16,2012-09-27,OPTSTK,PNB,1020.0,CE,0.0,0.0,0.0,9.7,0.1,0,0.0,0
2012-08-16,2012-09-27,OPTSTK,PNB,1040.0,CE,0.0,0.0,0.0,7.95,0.05,0,0.0,0
2012-08-16,2012-09-27,OPTSTK,PNB,1060.0,CE,0.0,0.0,0.0,6.5,0.05,0,0.0,0
2012-08-16,2012-09-27,OPTSTK,PNB,1080.0,CE,0.0,0.0,0.0,5.3,0.05,0,0.0,0
2012-08-16,2012-09-27,OPTSTK,PNB,1100.0,CE,0.0,0.0,0.0,4.3,0.05,0,0.0,0
2012-08-16,2012-09-27,OPTSTK,PNB,1120.0,CE,0.0,0.0,0.0,3.5,0.05,0,0.0,0
2012-08-16,2012-09-27,OPTSTK,PNB,1140.0,CE,0.0,0.0,0.0,2.85,0.0,0,0.0,0
2012-08-16,2012-09-27,OPTSTK,PNB,1160.0,CE,0.0,0.0,0.0,2.3,0.0,0,0.0,0
2012-08-16,2012-09-27,OPTSTK,PNB,500.0,PE,0.0,0.0,0.0,0.3,0.05,0,0.0,0
2012-08-16,2012-09-27,OPTSTK,PNB,520.0,PE,0.0,0.0,0.0,0.55,0.05,0,0.0,0
2012-08-16,2012-09-27,OPTSTK,PNB,540.0,PE,0.0,0.0,0.0,0.95,0.1,0,0.0,0
2012-08-16,2012-09-27,OPTSTK,PNB,560.0,PE,0.0,0.0,0.0,1.55,0.3,0,0.0,0
2012-08-16,2012-09-27,OPTSTK,PNB,580.0,PE,0.0,0.0,0.0,2.45,0.65,0,0.0,0
2012-08-16,2012-09-27,OPTSTK,PNB,600.0,PE,0.0,0.0,0.0,3.75,1.35,0,0.0,0
2012-08-16,2012-09-27,OPTSTK,PNB,620.0,PE,0.0,0.0,0.0,5.55,2.6,0,0.0,0
2012-08-16,2012-09-27,OPTSTK,PNB,640.0,PE,0.0,0.0,0.0,7.95,4.65,0,0.0,0
2012-08-16,2012-09-27,OPTSTK,PNB,660.0,PE,0.0,0.0,0.0,11.0,7.8,0,0.0,0
2012-08-16,2012-09-27,OPTSTK,PNB,680.0,PE,0.0,0.0,0.0,14.85,12.35,0,0.0,0
2012-08-16,2012-09-27,OPTSTK,PNB,700.0,PE,11.0,12.0,11.0,12.0,12.0,2,3.55,500
2012-08-16,2012-09-27,OPTSTK,PNB,720.0,PE,0.0,0.0,0.0,19.0,26.35,0,0.0,10750
2012-08-16,2012-09-27,OPTSTK,PNB,740.0,PE,24.0,24.0,22.0,22.0,22.0,56,106.85,19500
2012-08-16,2012-09-27,OPTSTK,PNB,760.0,PE,0.0,0.0,0.0,39.45,47.6,0,0.0,0
2012-08-16,2012-09-27,OPTSTK,PNB,780.0,PE,0.0,0.0,0.0,48.15,60.75,0,0.0,0
2012-08-16,2012-09-27,OPTSTK,PNB,800.0,PE,0.0,0.0,0.0,57.85,75.45,0,0.0,0
2012-08-16,2012-09-27,OPTSTK,PNB,820.0,PE,0.0,0.0,0.0,68.55,91.35,0,0.0,0
2012-08-16,2012-09-27,OPTSTK,PNB,840.0,PE,0.0,0.0,0.0,80.15,108.25,0,0.0,0
2012-08-16,2012-09-27,OPTSTK,PNB,860.0,PE,0.0,0.0,0.0,92.7,126.0,0,0.0,0
2012-08-16,2012-09-27,OPTSTK,PNB,880.0,PE,0.0,0.0,0.0,106.1,144.35,0,0.0,0
2012-08-16,2012-09-27,OPTSTK,PNB,900.0,PE,0.0,0.0,0.0,120.3,163.2,0,0.0,0
2012-08-16,2012-09-27,OPTSTK,PNB,920.0,PE,0.0,0.0,0.0,135.25,182.3,0,0.0,0
2012-08-16,2012-09-27,OPTSTK,PNB,940.0,PE,0.0,0.0,0.0,150.8,201.65,0,0.0,0
2012-08-16,2012-09-27,OPTSTK,PNB,960.0,PE,0.0,0.0,0.0,166.9,221.2,0,0.0,0
2012-08-16,2012-09-27,OPTSTK,PNB,980.0,PE,0.0,0.0,0.0,183.5,240.8,0,0.0,0
2012-08-16,2012-09-27,OPTSTK,PNB,1000.0,PE,0.0,0.0,0.0,200.6,260.5,0,0.0,0
2012-08-16,2012-09-27,OPTSTK,PNB,1020.0,PE,0.0,0.0,0.0,218.05,280.2,0,0.0,0
2012-08-16,2012-09-27,OPTSTK,PNB,1040.0,PE,0.0,0.0,0.0,235.85,299.95,0,0.0,0
2012-08-16,2012-09-27,OPTSTK,PNB,1060.0,PE,0.0,0.0,0.0,253.95,319.75,0,0.0,0
2012-08-16,2012-09-27,OPTSTK,PNB,1080.0,PE,0.0,0.0,0.0,272.3,339.5,0,0.0,0
2012-08-16,2012-09-27,OPTSTK,PNB,1100.0,PE,0.0,0.0,0.0,290.85,359.3,0,0.0,0
2012-08-16,2012-09-27,OPTSTK,PNB,1120.0,PE,0.0,0.0,0.0,309.55,379.1,0,0.0,0
2012-08-16,2012-09-27,OPTSTK,PNB,1140.0,PE,0.0,0.0,0.0,328.4,398.9,0,0.0,0
2012-08-16,2012-09-27,OPTSTK,PNB,1160.0,PE,0.0,0.0,0.0,347.4,418.7,0,0.0,0
2012-08-16,2012-10-25,OPTSTK,PNB,500.0,CE,0.0,0.0,0.0,267.8,238.1,0,0.0,0
2012-08-16,2012-10-25,OPTSTK,PNB,520.0,CE,0.0,0.0,0.0,248.65,218.6,0,0.0,0
2012-08-16,2012-10-25,OPTSTK,PNB,540.0,CE,0.0,0.0,0.0,229.7,199.3,0,0.0,0
2012-08-16,2012-10-25,OPTSTK,PNB,560.0,CE,0.0,0.0,0.0,211.1,180.25,0,0.0,0
2012-08-16,2012-10-25,OPTSTK,PNB,580.0,CE,0.0,0.0,0.0,192.95,161.55,0,0.0,0
2012-08-16,2012-10-25,OPTSTK,PNB,600.0,CE,0.0,0.0,0.0,175.25,143.45,0,0.0,0
2012-08-16,2012-10-25,OPTSTK,PNB,620.0,CE,0.0,0.0,0.0,158.25,126.05,0,0.0,0
2012-08-16,2012-10-25,OPTSTK,PNB,640.0,CE,0.0,0.0,0.0,141.95,109.55,0,0.0,0
2012-08-16,2012-10-25,OPTSTK,PNB,660.0,CE,0.0,0.0,0.0,126.55,94.1,0,0.0,0
2012-08-16,2012-10-25,OPTSTK,PNB,680.0,CE,0.0,0.0,0.0,112.1,79.9,0,0.0,0
2012-08-16,2012-10-25,OPTSTK,PNB,700.0,CE,0.0,0.0,0.0,98.55,67.0,0,0.0,0
2012-08-16,2012-10-25,OPTSTK,PNB,720.0,CE,0.0,0.0,0.0,86.15,55.55,0,0.0,0
2012-08-16,2012-10-25,OPTSTK,PNB,740.0,CE,0.0,0.0,0.0,74.8,45.45,0,0.0,0
2012-08-16,2012-10-25,OPTSTK,PNB,760.0,CE,0.0,0.0,0.0,64.5,36.75,0,0.0,0
2012-08-16,2012-10-25,OPTSTK,PNB,780.0,CE,0.0,0.0,0.0,55.3,29.4,0,0.0,0
2012-08-16,2012-10-25,OPTSTK,PNB,800.0,CE,0.0,0.0,0.0,47.15,23.2,0,0.0,0
2012-08-16,2012-10-25,OPTSTK,PNB,820.0,CE,0.0,0.0,0.0,39.9,18.15,0,0.0,0
2012-08-16,2012-10-25,OPTSTK,PNB,840.0,CE,0.0,0.0,0.0,33.6,14.05,0,0.0,0
2012-08-16,2012-10-25,OPTSTK,PNB,860.0,CE,0.0,0.0,0.0,28.15,10.75,0,0.0,0
2012-08-16,2012-10-25,OPTSTK,PNB,880.0,CE,0.0,0.0,0.0,23.5,8.15,0,0.0,0
2012-08-16,2012-10-25,OPTSTK,PNB,900.0,CE,0.0,0.0,0.0,19.45,6.1,0,0.0,0
2012-08-16,2012-10-25,OPTSTK,PNB,920.0,CE,0.0,0.0,0.0,16.05,4.55,0,0.0,0
2012-08-16,2012-10-25,OPTSTK,PNB,940.0,CE,0.0,0.0,0.0,13.2,3.35,0,0.0,0
2012-08-16,2012-10-25,OPTSTK,PNB,960.0,CE,0.0,0.0,0.0,10.8,2.45,0,0.0,0
2012-08-16,2012-10-25,OPTSTK,PNB,980.0,CE,0.0,0.0,0.0,8.8,1.75,0,0.0,0
2012-08-16,2012-10-25,OPTSTK,PNB,1000.0,CE,0.0,0.0,0.0,7.1,1.3,0,0.0,0
2012-08-16,2012-10-25,OPTSTK,PNB,1020.0,CE,0.0,0.0,0.0,5.75,0.9,0,0.0,0
2012-08-16,2012-10-25,OPTSTK,PNB,1040.0,CE,0.0,0.0,0.0,4.65,0.65,0,0.0,0
2012-08-16,2012-10-25,OPTSTK,PNB,1060.0,CE,0.0,0.0,0.0,3.7,0.45,0,0.0,0
2012-08-16,2012-10-25,OPTSTK,PNB,1080.0,CE,0.0,0.0,0.0,2.95,0.35,0,0.0,0
2012-08-16,2012-10-25,OPTSTK,PNB,1100.0,CE,0.0,0.0,0.0,2.35,0.25,0,0.0,0
2012-08-16,2012-10-25,OPTSTK,PNB,1120.0,CE,0.0,0.0,0.0,1.9,0.15,0,0.0,0
2012-08-16,2012-10-25,OPTSTK,PNB,1140.0,CE,0.0,0.0,0.0,1.5,0.1,0,0.0,0
2012-08-16,2012-10-25,OPTSTK,PNB,1160.0,CE,0.0,0.0,0.0,1.2,0.1,0,0.0,0
2012-08-16,2012-10-25,OPTSTK,PNB,500.0,PE,0.0,0.0,0.0,0.5,0.15,0,0.0,0
2012-08-16,2012-10-25,OPTSTK,PNB,520.0,PE,0.0,0.0,0.0,0.9,0.35,0,0.0,0
2012-08-16,2012-10-25,OPTSTK,PNB,540.0,PE,0.0,0.0,0.0,1.5,0.7,0,0.0,0
2012-08-16,2012-10-25,OPTSTK,PNB,560.0,PE,0.0,0.0,0.0,2.45,1.25,0,0.0,0
2012-08-16,2012-10-25,OPTSTK,PNB,580.0,PE,0.0,0.0,0.0,3.8,2.25,0,0.0,0
2012-08-16,2012-10-25,OPTSTK,PNB,600.0,PE,0.0,0.0,0.0,5.7,3.8,0,0.0,0
2012-08-16,2012-10-25,OPTSTK,PNB,620.0,PE,0.0,0.0,0.0,8.2,6.05,0,0.0,0
2012-08-16,2012-10-25,OPTSTK,PNB,640.0,PE,0.0,0.0,0.0,11.5,9.2,0,0.0,0
2012-08-16,2012-10-25,OPTSTK,PNB,660.0,PE,0.0,0.0,0.0,15.6,13.45,0,0.0,0
2012-08-16,2012-10-25,OPTSTK,PNB,680.0,PE,0.0,0.0,0.0,20.7,18.85,0,0.0,0
2012-08-16,2012-10-25,OPTSTK,PNB,700.0,PE,0.0,0.0,0.0,26.7,25.65,0,0.0,0
2012-08-16,2012-10-25,OPTSTK,PNB,720.0,PE,0.0,0.0,0.0,33.85,33.8,0,0.0,0
2012-08-16,2012-10-25,OPTSTK,PNB,740.0,PE,0.0,0.0,0.0,42.05,43.4,0,0.0,0
2012-08-16,2012-10-25,OPTSTK,PNB,760.0,PE,0.0,0.0,0.0,51.3,54.35,0,0.0,0
2012-08-16,2012-10-25,OPTSTK,PNB,780.0,PE,0.0,0.0,0.0,61.65,66.65,0,0.0,0
2012-08-16,2012-10-25,OPTSTK,PNB,800.0,PE,0.0,0.0,0.0,73.0,80.15,0,0.0,0
2012-08-16,2012-10-25,OPTSTK,PNB,820.0,PE,0.0,0.0,0.0,85.35,94.75,0,0.0,0
2012-08-16,2012-10-25,OPTSTK,PNB,840.0,PE,0.0,0.0,0.0,98.6,110.25,0,0.0,0
2012-08-16,2012-10-25,OPTSTK,PNB,860.0,PE,0.0,0.0,0.0,112.7,126.6,0,0.0,0
2012-08-16,2012-10-25,OPTSTK,PNB,880.0,PE,0.0,0.0,0.0,127.6,143.65,0,0.0,0
2012-08-16,2012-10-25,OPTSTK,PNB,900.0,PE,0.0,0.0,0.0,143.1,161.3,0,0.0,0
2012-08-16,2012-10-25,OPTSTK,PNB,920.0,PE,0.0,0.0,0.0,159.25,179.4,0,0.0,0
2012-08-16,2012-10-25,OPTSTK,PNB,940.0,PE,0.0,0.0,0.0,175.9,197.85,0,0.0,0
2012-08-16,2012-10-25,OPTSTK,PNB,960.0,PE,0.0,0.0,0.0,193.05,216.6,0,0.0,0
2012-08-16,2012-10-25,OPTSTK,PNB,980.0,PE,0.0,0.0,0.0,210.6,235.6,0,0.0,0
2012-08-16,2012-10-25,OPTSTK,PNB,1000.0,PE,0.0,0.0,0.0,228.45,254.75,0,0.0,0
2012-08-16,2012-10-25,OPTSTK,PNB,1020.0,PE,0.0,0.0,0.0,246.65,274.05,0,0.0,0
2012-08-16,2012-10-25,OPTSTK,PNB,1040.0,PE,0.0,0.0,0.0,265.05,293.45,0,0.0,0
2012-08-16,2012-10-25,OPTSTK,PNB,1060.0,PE,0.0,0.0,0.0,283.7,312.9,0,0.0,0
2012-08-16,2012-10-25,OPTSTK,PNB,1080.0,PE,0.0,0.0,0.0,302.5,332.45,0,0.0,0
2012-08-16,2012-10-25,OPTSTK,PNB,1100.0,PE,0.0,0.0,0.0,321.45,352.0,0,0.0,0
2012-08-16,2012-10-25,OPTSTK,PNB,1120.0,PE,0.0,0.0,0.0,340.5,371.6,0,0.0,0
2012-08-16,2012-10-25,OPTSTK,PNB,1140.0,PE,0.0,0.0,0.0,359.65,391.2,0,0.0,0
2012-08-16,2012-10-25,OPTSTK,PNB,1160.0,PE,0.0,0.0,0.0,378.9,410.8,0,0.0,0
2012-08-16,2012-08-30,OPTSTK,POLARIS,50.0,CE,0.0,0.0,0.0,63.65,66.3,0,0.0,0
2012-08-16,2012-08-30,OPTSTK,POLARIS,60.0,CE,0.0,0.0,0.0,53.9,56.3,0,0.0,0
2012-08-16,2012-08-30,OPTSTK,POLARIS,70.0,CE,0.0,0.0,0.0,44.35,46.35,0,0.0,0
2012-08-16,2012-08-30,OPTSTK,POLARIS,80.0,CE,0.0,0.0,0.0,35.3,36.4,0,0.0,0
2012-08-16,2012-08-30,OPTSTK,POLARIS,90.0,CE,0.0,0.0,0.0,27.05,26.4,0,0.0,0
2012-08-16,2012-08-30,OPTSTK,POLARIS,100.0,CE,0.0,0.0,0.0,20.0,16.55,0,0.0,0
2012-08-16,2012-08-30,OPTSTK,POLARIS,110.0,CE,0.0,0.0,0.0,9.0,7.8,0,0.0,2000
2012-08-16,2012-08-30,OPTSTK,POLARIS,120.0,CE,0.0,0.0,0.0,2.0,2.35,0,0.0,14000
2012-08-16,2012-08-30,OPTSTK,POLARIS,130.0,CE,0.0,0.0,0.0,1.25,0.4,0,0.0,0
2012-08-16,2012-08-30,OPTSTK,POLARIS,140.0,CE,0.0,0.0,0.0,4.35,0.05,0,0.0,0
2012-08-16,2012-08-30,OPTSTK,POLARIS,150.0,CE,0.0,0.0,0.0,2.85,0.0,0,0.0,0
2012-08-16,2012-08-30,OPTSTK,POLARIS,160.0,CE,0.0,0.0,0.0,3.5,0.0,0,0.0,222000
2012-08-16,2012-08-30,OPTSTK,POLARIS,170.0,CE,0.0,0.0,0.0,1.15,0.0,0,0.0,0
2012-08-16,2012-08-30,OPTSTK,POLARIS,180.0,CE,0.0,0.0,0.0,0.7,0.0,0,0.0,0
2012-08-16,2012-08-30,OPTSTK,POLARIS,190.0,CE,0.0,0.0,0.0,0.45,0.0,0,0.0,0
2012-08-16,2012-08-30,OPTSTK,POLARIS,200.0,CE,0.0,0.0,0.0,0.3,0.0,0,0.0,0
2012-08-16,2012-08-30,OPTSTK,POLARIS,210.0,CE,0.0,0.0,0.0,0.2,0.0,0,0.0,0
2012-08-16,2012-08-30,OPTSTK,POLARIS,50.0,PE,0.0,0.0,0.0,0.05,0.0,0,0.0,0
2012-08-16,2012-08-30,OPTSTK,POLARIS,60.0,PE,0.0,0.0,0.0,0.05,0.0,0,0.0,0
2012-08-16,2012-08-30,OPTSTK,POLARIS,70.0,PE,0.0,0.0,0.0,0.3,0.0,0,0.0,0
2012-08-16,2012-08-30,OPTSTK,POLARIS,80.0,PE,0.0,0.0,0.0,0.95,0.0,0,0.0,0
2012-08-16,2012-08-30,OPTSTK,POLARIS,90.0,PE,0.0,0.0,0.0,2.5,0.0,0,0.0,0
2012-08-16,2012-08-30,OPTSTK,POLARIS,100.0,PE,0.0,0.0,0.0,0.6,0.1,0,0.0,2000
2012-08-16,2012-08-30,OPTSTK,POLARIS,110.0,PE,0.0,0.0,0.0,1.5,1.3,0,0.0,2000
2012-08-16,2012-08-30,OPTSTK,POLARIS,120.0,PE,0.0,0.0,0.0,12.95,5.85,0,0.0,2000
2012-08-16,2012-08-30,OPTSTK,POLARIS,130.0,PE,0.0,0.0,0.0,21.1,13.9,0,0.0,0
2012-08-16,2012-08-30,OPTSTK,POLARIS,140.0,PE,0.0,0.0,0.0,28.6,23.5,0,0.0,0
2012-08-16,2012-08-30,OPTSTK,POLARIS,150.0,PE,0.0,0.0,0.0,36.8,33.4,0,0.0,0
2012-08-16,2012-08-30,OPTSTK,POLARIS,160.0,PE,0.0,0.0,0.0,45.55,43.4,0,0.0,0
2012-08-16,2012-08-30,OPTSTK,POLARIS,170.0,PE,0.0,0.0,0.0,54.65,53.35,0,0.0,0
2012-08-16,2012-08-30,OPTSTK,POLARIS,180.0,PE,0.0,0.0,0.0,63.95,63.3,0,0.0,0
2012-08-16,2012-08-30,OPTSTK,POLARIS,190.0,PE,0.0,0.0,0.0,73.45,73.3,0,0.0,0
2012-08-16,2012-08-30,OPTSTK,POLARIS,200.0,PE,0.0,0.0,0.0,83.05,83.25,0,0.0,0
2012-08-16,2012-08-30,OPTSTK,POLARIS,210.0,PE,0.0,0.0,0.0,92.7,93.2,0,0.0,0
2012-08-16,2012-09-27,OPTSTK,POLARIS,50.0,CE,0.0,0.0,0.0,76.55,66.65,0,0.0,0
2012-08-16,2012-09-27,OPTSTK,POLARIS,60.0,CE,0.0,0.0,0.0,66.75,56.75,0,0.0,0
2012-08-16,2012-09-27,OPTSTK,POLARIS,70.0,CE,0.0,0.0,0.0,57.05,46.85,0,0.0,0
2012-08-16,2012-09-27,OPTSTK,POLARIS,80.0,CE,0.0,0.0,0.0,47.5,36.95,0,0.0,0
2012-08-16,2012-09-27,OPTSTK,POLARIS,90.0,CE,0.0,0.0,0.0,38.4,27.2,0,0.0,0
2012-08-16,2012-09-27,OPTSTK,POLARIS,100.0,CE,0.0,0.0,0.0,30.05,18.1,0,0.0,0
2012-08-16,2012-09-27,OPTSTK,POLARIS,110.0,CE,0.0,0.0,0.0,22.75,10.6,0,0.0,0
2012-08-16,2012-09-27,OPTSTK,POLARIS,120.0,CE,0.0,0.0,0.0,16.7,5.35,0,0.0,0
2012-08-16,2012-09-27,OPTSTK,POLARIS,130.0,CE,0.0,0.0,0.0,11.85,2.35,0,0.0,0
2012-08-16,2012-09-27,OPTSTK,POLARIS,140.0,CE,0.0,0.0,0.0,8.25,0.9,0,0.0,0
2012-08-16,2012-09-27,OPTSTK,POLARIS,150.0,CE,0.0,0.0,0.0,5.6,0.3,0,0.0,0
2012-08-16,2012-09-27,OPTSTK,POLARIS,160.0,CE,0.0,0.0,0.0,3.7,0.1,0,0.0,0
2012-08-16,2012-09-27,OPTSTK,POLARIS,170.0,CE,0.0,0.0,0.0,2.45,0.05,0,0.0,0
2012-08-16,2012-09-27,OPTSTK,POLARIS,180.0,CE,0.0,0.0,0.0,1.55,0.05,0,0.0,0
2012-08-16,2012-09-27,OPTSTK,POLARIS,190.0,CE,0.0,0.0,0.0,1.0,0.0,0,0.0,0
2012-08-16,2012-09-27,OPTSTK,POLARIS,200.0,CE,0.0,0.0,0.0,0.65,0.0,0,0.0,0
2012-08-16,2012-09-27,OPTSTK,POLARIS,210.0,CE,0.0,0.0,0.0,0.4,0.0,0,0.0,0
2012-08-16,2012-09-27,OPTSTK,POLARIS,50.0,PE,0.0,0.0,0.0,0.05,0.0,0,0.0,0
2012-08-16,2012-09-27,OPTSTK,POLARIS,60.0,PE,0.0,0.0,0.0,0.05,0.0,0,0.0,0
2012-08-16,2012-09-27,OPTSTK,POLARIS,70.0,PE,0.0,0.0,0.0,0.1,0.0,0,0.0,0
2012-08-16,2012-09-27,OPTSTK,POLARIS,80.0,PE,0.0,0.0,0.0,0.3,0.05,0,0.0,0
2012-08-16,2012-09-27,OPTSTK,POLARIS,90.0,PE,0.0,0.0,0.0,0.95,0.2,0,0.0,0
2012-08-16,2012-09-27,OPTSTK,POLARIS,100.0,PE,0.0,0.0,0.0,2.4,1.0,0,0.0,0
2012-08-16,2012-09-27,OPTSTK,POLARIS,110.0,PE,0.0,0.0,0.0,4.85,3.35,0,0.0,0
2012-08-16,2012-09-27,OPTSTK,POLARIS,120.0,PE,0.0,0.0,0.0,8.55,8.0,0,0.0,0
2012-08-16,2012-09-27,OPTSTK,POLARIS,130.0,PE,0.0,0.0,0.0,13.5,14.9,0,0.0,0
2012-08-16,2012-09-27,OPTSTK,POLARIS,140.0,PE,0.0,0.0,0.0,19.6,23.35,0,0.0,0
2012-08-16,2012-09-27,OPTSTK,POLARIS,150.0,PE,0.0,0.0,0.0,26.75,32.65,0,0.0,0
2012-08-16,2012-09-27,OPTSTK,POLARIS,160.0,PE,0.0,0.0,0.0,34.65,42.35,0,0.0,0
2012-08-16,2012-09-27,OPTSTK,POLARIS,170.0,PE,0.0,0.0,0.0,43.15,52.2,0,0.0,0
2012-08-16,2012-09-27,OPTSTK,POLARIS,180.0,PE,0.0,0.0,0.0,52.05,62.05,0,0.0,0
2012-08-16,2012-09-27,OPTSTK,POLARIS,190.0,PE,0.0,0.0,0.0,61.25,71.95,0,0.0,0
2012-08-16,2012-09-27,OPTSTK,POLARIS,200.0,PE,0.0,0.0,0.0,70.65,81.85,0,0.0,0
2012-08-16,2012-09-27,OPTSTK,POLARIS,210.0,PE,0.0,0.0,0.0,80.15,91.75,0,0.0,0
2012-08-16,2012-08-30,OPTSTK,POWERGRID,50.0,CE,0.0,0.0,0.0,57.35,70.3,0,0.0,0
2012-08-16,2012-08-30,OPTSTK,POWERGRID,60.0,CE,0.0,0.0,0.0,47.6,60.3,0,0.0,0
2012-08-16,2012-08-30,OPTSTK,POWERGRID,70.0,CE,0.0,0.0,0.0,37.85,50.35,0,0.0,0
2012-08-16,2012-08-30,OPTSTK,POWERGRID,80.0,CE,0.0,0.0,0.0,28.1,40.4,0,0.0,0
2012-08-16,2012-08-30,OPTSTK,POWERGRID,90.0,CE,0.0,0.0,0.0,18.55,30.4,0,0.0,0
2012-08-16,2012-08-30,OPTSTK,POWERGRID,100.0,CE,0.0,0.0,0.0,10.7,20.45,0,0.0,0
2012-08-16,2012-08-30,OPTSTK,POWERGRID,110.0,CE,12.55,12.55,11.35,11.35,11.35,4,9.77,222000
2012-08-16,2012-08-30,OPTSTK,POWERGRID,120.0,CE,2.3,4.5,1.95,2.8,2.8,333,822.86,700000
2012-08-16,2012-08-30,OPTSTK,POWERGRID,130.0,CE,0.4,1.05,0.35,0.75,0.75,1116,2918.92,1848000
2012-08-16,2012-08-30,OPTSTK,POWERGRID,140.0,CE,0.05,0.2,0.05,0.15,0.15,11,30.83,24000
2012-08-16,2012-08-30,OPTSTK,POWERGRID,150.0,CE,0.0,0.0,0.0,0.05,0.0,0,0.0,0
2012-08-16,2012-08-30,OPTSTK,POWERGRID,160.0,CE,0.0,0.0,0.0,0.05,0.0,0,0.0,0
2012-08-16,2012-08-30,OPTSTK,POWERGRID,170.0,CE,0.0,0.0,0.0,0.05,0.0,0,0.0,0
2012-08-16,2012-08-30,OPTSTK,POWERGRID,50.0,PE,0.0,0.0,0.0,0.05,0.0,0,0.0,0
2012-08-16,2012-08-30,OPTSTK,POWERGRID,60.0,PE,0.0,0.0,0.0,0.05,0.0,0,0.0,0
2012-08-16,2012-08-30,OPTSTK,POWERGRID,70.0,PE,0.0,0.0,0.0,0.05,0.0,0,0.0,0
2012-08-16,2012-08-30,OPTSTK,POWERGRID,80.0,PE,0.0,0.0,0.0,0.05,0.0,0,0.0,0
2012-08-16,2012-08-30,OPTSTK,POWERGRID,90.0,PE,0.0,0.0,0.0,0.25,0.0,0,0.0,0
2012-08-16,2012-08-30,OPTSTK,POWERGRID,100.0,PE,0.0,0.0,0.0,0.1,0.0,0,0.0,50000
2012-08-16,2012-08-30,OPTSTK,POWERGRID,110.0,PE,0.15,0.2,0.05,0.2,0.2,24,52.88,310000
2012-08-16,2012-08-30,OPTSTK,POWERGRID,120.0,PE,2.4,2.4,1.2,2.15,2.15,136,330.81,256000
2012-08-16,2012-08-30,OPTSTK,POWERGRID,130.0,PE,8.65,10.15,7.8,9.9,9.9,28,77.63,44000
2012-08-16,2012-08-30,OPTSTK,POWERGRID,140.0,PE,0.0,0.0,0.0,17.75,19.45,0,0.0,8000
2012-08-16,2012-08-30,OPTSTK,POWERGRID,150.0,PE,0.0,0.0,0.0,40.25,29.4,0,0.0,0
2012-08-16,2012-08-30,OPTSTK,POWERGRID,160.0,PE,0.0,0.0,0.0,50.0,39.4,0,0.0,0
2012-08-16,2012-08-30,OPTSTK,POWERGRID,170.0,PE,0.0,0.0,0.0,59.8,49.35,0,0.0,0
2012-08-16,2012-09-27,OPTSTK,POWERGRID,50.0,CE,0.0,0.0,0.0,60.9,70.65,0,0.0,0
2012-08-16,2012-09-27,OPTSTK,POWERGRID,60.0,CE,0.0,0.0,0.0,51.1,60.75,0,0.0,0
2012-08-16,2012-09-27,OPTSTK,POWERGRID,70.0,CE,0.0,0.0,0.0,41.35,50.85,0,0.0,0
2012-08-16,2012-09-27,OPTSTK,POWERGRID,80.0,CE,0.0,0.0,0.0,31.6,40.95,0,0.0,0
2012-08-16,2012-09-27,OPTSTK,POWERGRID,90.0,CE,0.0,0.0,0.0,22.0,31.05,0,0.0,0
2012-08-16,2012-09-27,OPTSTK,POWERGRID,100.0,CE,0.0,0.0,0.0,13.2,21.15,0,0.0,0
2012-08-16,2012-09-27,OPTSTK,POWERGRID,110.0,CE,0.0,0.0,0.0,6.5,11.6,0,0.0,0
2012-08-16,2012-09-27,OPTSTK,POWERGRID,120.0,CE,4.8,5.35,4.75,4.75,4.75,8,19.99,44000
2012-08-16,2012-09-27,OPTSTK,POWERGRID,130.0,CE,0.7,1.95,0.7,1.3,1.3,92,241.6,206000
2012-08-16,2012-09-27,OPTSTK,POWERGRID,140.0,CE,0.4,0.4,0.4,0.4,0.4,4,11.23,8000
2012-08-16,2012-09-27,OPTSTK,POWERGRID,150.0,CE,3.0,3.0,3.0,3.0,3.0,1,3.06,10000
2012-08-16,2012-09-27,OPTSTK,POWERGRID,160.0,CE,0.0,0.0,0.0,0.05,0.0,0,0.0,0
2012-08-16,2012-09-27,OPTSTK,POWERGRID,170.0,CE,0.0,0.0,0.0,0.05,0.0,0,0.0,0
2012-08-16,2012-09-27,OPTSTK,POWERGRID,50.0,PE,0.0,0.0,0.0,0.05,0.0,0,0.0,0
2012-08-16,2012-09-27,OPTSTK,POWERGRID,60.0,PE,0.0,0.0,0.0,0.05,0.0,0,0.0,0
2012-08-16,2012-09-27,OPTSTK,POWERGRID,70.0,PE,0.0,0.0,0.0,0.05,0.0,0,0.0,0
2012-08-16,2012-09-27,OPTSTK,POWERGRID,80.0,PE,0.0,0.0,0.0,0.05,0.0,0,0.0,0
2012-08-16,2012-09-27,OPTSTK,POWERGRID,90.0,PE,0.0,0.0,0.0,0.2,0.0,0,0.0,0
2012-08-16,2012-09-27,OPTSTK,POWERGRID,100.0,PE,0.0,0.0,0.0,1.15,0.05,0,0.0,0
2012-08-16,2012-09-27,OPTSTK,POWERGRID,110.0,PE,0.0,0.0,0.0,4.25,0.35,0,0.0,0
2012-08-16,2012-09-27,OPTSTK,POWERGRID,120.0,PE,3.55,3.8,2.8,3.8,3.8,4,9.87,12000
2012-08-16,2012-09-27,OPTSTK,POWERGRID,130.0,PE,0.0,0.0,0.0,11.05,9.45,0,0.0,10000
2012-08-16,2012-09-27,OPTSTK,POWERGRID,140.0,PE,0.0,0.0,0.0,27.25,18.55,0,0.0,0
2012-08-16,2012-09-27,OPTSTK,POWERGRID,150.0,PE,0.0,0.0,0.0,36.9,28.35,0,0.0,0
2012-08-16,2012-09-27,OPTSTK,POWERGRID,160.0,PE,0.0,0.0,0.0,46.6,38.25,0,0.0,0
2012-08-16,2012-09-27,OPTSTK,POWERGRID,170.0,PE,0.0,0.0,0.0,56.35,48.15,0,0.0,0
2012-08-16,2012-10-25,OPTSTK,POWERGRID,50.0,CE,0.0,0.0,0.0,62.9,71.0,0,0.0,0
2012-08-16,2012-10-25,OPTSTK,POWERGRID,60.0,CE,0.0,0.0,0.0,53.15,61.15,0,0.0,0
2012-08-16,2012-10-25,OPTSTK,POWERGRID,70.0,CE,0.0,0.0,0.0,43.35,51.3,0,0.0,0
2012-08-16,2012-10-25,OPTSTK,POWERGRID,80.0,CE,0.0,0.0,0.0,33.6,41.5,0,0.0,0
2012-08-16,2012-10-25,OPTSTK,POWERGRID,90.0,CE,0.0,0.0,0.0,23.85,31.65,0,0.0,0
2012-08-16,2012-10-25,OPTSTK,POWERGRID,100.0,CE,0.0,0.0,0.0,14.65,21.9,0,0.0,0
2012-08-16,2012-10-25,OPTSTK,POWERGRID,110.0,CE,0.0,0.0,0.0,7.2,12.75,0,0.0,0
2012-08-16,2012-10-25,OPTSTK,POWERGRID,120.0,CE,0.0,0.0,0.0,2.7,5.65,0,0.0,0
2012-08-16,2012-10-25,OPTSTK,POWERGRID,130.0,CE,0.0,0.0,0.0,0.75,1.85,0,0.0,0
2012-08-16,2012-10-25,OPTSTK,POWERGRID,140.0,CE,0.0,0.0,0.0,0.2,0.45,0,0.0,0
2012-08-16,2012-10-25,OPTSTK,POWERGRID,150.0,CE,0.0,0.0,0.0,0.05,0.1,0,0.0,0
2012-08-16,2012-10-25,OPTSTK,POWERGRID,160.0,CE,0.0,0.0,0.0,0.05,0.05,0,0.0,0
2012-08-16,2012-10-25,OPTSTK,POWERGRID,170.0,CE,0.0,0.0,0.0,0.05,0.0,0,0.0,0
2012-08-16,2012-10-25,OPTSTK,POWERGRID,50.0,PE,0.0,0.0,0.0,0.05,0.0,0,0.0,0
2012-08-16,2012-10-25,OPTSTK,POWERGRID,60.0,PE,0.0,0.0,0.0,0.05,0.0,0,0.0,0
2012-08-16,2012-10-25,OPTSTK,POWERGRID,70.0,PE,0.0,0.0,0.0,0.05,0.0,0,0.0,0
2012-08-16,2012-10-25,OPTSTK,POWERGRID,80.0,PE,0.0,0.0,0.0,0.05,0.0,0,0.0,0
2012-08-16,2012-10-25,OPTSTK,POWERGRID,90.0,PE,0.0,0.0,0.0,0.05,0.0,0,0.0,0
2012-08-16,2012-10-25,OPTSTK,POWERGRID,100.0,PE,0.0,0.0,0.0,0.6,0.1,0,0.0,0
2012-08-16,2012-10-25,OPTSTK,POWERGRID,110.0,PE,0.0,0.0,0.0,2.95,0.75,0,0.0,0
2012-08-16,2012-10-25,OPTSTK,POWERGRID,120.0,PE,0.0,0.0,0.0,8.2,3.5,0,0.0,0
2012-08-16,2012-10-25,OPTSTK,POWERGRID,130.0,PE,0.0,0.0,0.0,16.05,9.5,0,0.0,0
2012-08-16,2012-10-25,OPTSTK,POWERGRID,140.0,PE,0.0,0.0,0.0,25.25,17.95,0,0.0,0
2012-08-16,2012-10-25,OPTSTK,POWERGRID,150.0,PE,0.0,0.0,0.0,34.9,27.4,0,0.0,0
2012-08-16,2012-10-25,OPTSTK,POWERGRID,160.0,PE,0.0,0.0,0.0,44.65,37.2,0,0.0,0
2012-08-16,2012-10-25,OPTSTK,POWERGRID,170.0,PE,0.0,0.0,0.0,54.4,47.0,0,0.0,0
2012-08-16,2012-08-30,OPTSTK,PRAJIND,25.0,CE,0.0,0.0,0.0,32.1,28.05,0,0.0,0
2012-08-16,2012-08-30,OPTSTK,PRAJIND,30.0,CE,0.0,0.0,0.0,27.3,23.05,0,0.0,0
2012-08-16,2012-08-30,OPTSTK,PRAJIND,35.0,CE,0.0,0.0,0.0,22.7,18.1,0,0.0,0
2012-08-16,2012-08-30,OPTSTK,PRAJIND,40.0,CE,0.0,0.0,0.0,18.45,13.1,0,0.0,0
2012-08-16,2012-08-30,OPTSTK,PRAJIND,45.0,CE,0.0,0.0,0.0,14.65,8.15,0,0.0,0
2012-08-16,2012-08-30,OPTSTK,PRAJIND,50.0,CE,0.0,0.0,0.0,3.35,3.6,0,0.0,24000
2012-08-16,2012-08-30,OPTSTK,PRAJIND,55.0,CE,1.3,1.3,1.25,1.3,1.3,6,13.5,148000
2012-08-16,2012-08-30,OPTSTK,PRAJIND,60.0,CE,0.45,0.45,0.25,0.25,0.25,6,14.47,80000
2012-08-16,2012-08-30,OPTSTK,PRAJIND,65.0,CE,0.0,0.0,0.0,0.1,0.0,0,0.0,12000
2012-08-16,2012-08-30,OPTSTK,PRAJIND,70.0,CE,0.05,0.05,0.05,0.05,0.05,1,2.8,12000
2012-08-16,2012-08-30,OPTSTK,PRAJIND,75.0,CE,0.0,0.0,0.0,2.6,0.0,0,0.0,0
2012-08-16,2012-08-30,OPTSTK,PRAJIND,80.0,CE,0.0,0.0,0.0,1.9,0.0,0,0.0,0
2012-08-16,2012-08-30,OPTSTK,PRAJIND,85.0,CE,0.0,0.0,0.0,1.35,0.0,0,0.0,0
2012-08-16,2012-08-30,OPTSTK,PRAJIND,90.0,CE,0.0,0.0,0.0,0.95,0.0,0,0.0,0
2012-08-16,2012-08-30,OPTSTK,PRAJIND,95.0,CE,0.0,0.0,0.0,0.7,0.0,0,0.0,0
2012-08-16,2012-08-30,OPTSTK,PRAJIND,100.0,CE,0.0,0.0,0.0,0.5,0.0,0,0.0,0
2012-08-16,2012-08-30,OPTSTK,PRAJIND,105.0,CE,0.0,0.0,0.0,0.35,0.0,0,0.0,0
2012-08-16,2012-08-30,OPTSTK,PRAJIND,25.0,PE,0.0,0.0,0.0,0.05,0.0,0,0.0,0
2012-08-16,2012-08-30,OPTSTK,PRAJIND,30.0,PE,0.0,0.0,0.0,0.15,0.0,0,0.0,0
2012-08-16,2012-08-30,OPTSTK,PRAJIND,35.0,PE,0.0,0.0,0.0,0.4,0.0,0,0.0,0
2012-08-16,2012-08-30,OPTSTK,PRAJIND,40.0,PE,0.0,0.0,0.0,1.05,0.0,0,0.0,0
2012-08-16,2012-08-30,OPTSTK,PRAJIND,45.0,PE,0.0,0.0,0.0,2.1,0.05,0,0.0,0
2012-08-16,2012-08-30,OPTSTK,PRAJIND,50.0,PE,0.0,0.0,0.0,1.3,0.45,0,0.0,20000
2012-08-16,2012-08-30,OPTSTK,PRAJIND,55.0,PE,0.0,0.0,0.0,5.75,2.75,0,0.0,4000
2012-08-16,2012-08-30,OPTSTK,PRAJIND,60.0,PE,0.0,0.0,0.0,7.0,6.95,0,0.0,12000
2012-08-16,2012-08-30,OPTSTK,PRAJIND,65.0,PE,0.0,0.0,0.0,11.8,11.85,0,0.0,0
2012-08-16,2012-08-30,OPTSTK,PRAJIND,70.0,PE,0.0,0.0,0.0,15.4,16.85,0,0.0,0
2012-08-16,2012-08-30,OPTSTK,PRAJIND,75.0,PE,0.0,0.0,0.0,19.35,21.8,0,0.0,0
2012-08-16,2012-08-30,OPTSTK,PRAJIND,80.0,PE,0.0,0.0,0.0,23.5,26.8,0,0.0,0
2012-08-16,2012-08-30,OPTSTK,PRAJIND,85.0,PE,0.0,0.0,0.0,27.85,31.8,0,0.0,0
2012-08-16,2012-08-30,OPTSTK,PRAJIND,90.0,PE,0.0,0.0,0.0,32.35,36.75,0,0.0,0
2012-08-16,2012-08-30,OPTSTK,PRAJIND,95.0,PE,0.0,0.0,0.0,36.95,41.75,0,0.0,0
2012-08-16,2012-08-30,OPTSTK,PRAJIND,100.0,PE,0.0,0.0,0.0,41.65,46.75,0,0.0,0
2012-08-16,2012-08-30,OPTSTK,PRAJIND,105.0,PE,0.0,0.0,0.0,46.4,51.7,0,0.0,0
2012-08-16,2012-09-27,OPTSTK,PRAJIND,25.0,CE,0.0,0.0,0.0,32.15,28.25,0,0.0,0
2012-08-16,2012-09-27,OPTSTK,PRAJIND,30.0,CE,0.0,0.0,0.0,27.25,23.3,0,0.0,0
2012-08-16,2012-09-27,OPTSTK,PRAJIND,35.0,CE,0.0,0.0,0.0,22.4,18.35,0,0.0,0
2012-08-16,2012-09-27,OPTSTK,PRAJIND,40.0,CE,0.0,0.0,0.0,17.7,13.4,0,0.0,0
2012-08-16,2012-09-27,OPTSTK,PRAJIND,45.0,CE,0.0,0.0,0.0,13.3,8.7,0,0.0,0
2012-08-16,2012-09-27,OPTSTK,PRAJIND,50.0,CE,0.0,0.0,0.0,9.5,4.75,0,0.0,0
2012-08-16,2012-09-27,OPTSTK,PRAJIND,55.0,CE,0.0,0.0,0.0,6.45,2.1,0,0.0,0
2012-08-16,2012-09-27,OPTSTK,PRAJIND,60.0,CE,0.0,0.0,0.0,4.15,0.75,0,0.0,0
2012-08-16,2012-09-27,OPTSTK,PRAJIND,65.0,CE,0.0,0.0,0.0,2.55,0.25,0,0.0,0
2012-08-16,2012-09-27,OPTSTK,PRAJIND,70.0,CE,0.0,0.0,0.0,1.5,0.05,0,0.0,0
2012-08-16,2012-09-27,OPTSTK,PRAJIND,75.0,CE,0.0,0.0,0.0,0.9,0.05,0,0.0,0
2012-08-16,2012-09-27,OPTSTK,PRAJIND,80.0,CE,0.0,0.0,0.0,0.5,0.0,0,0.0,0
2012-08-16,2012-09-27,OPTSTK,PRAJIND,85.0,CE,0.0,0.0,0.0,0.3,0.0,0,0.0,0
2012-08-16,2012-09-27,OPTSTK,PRAJIND,90.0,CE,0.0,0.0,0.0,0.15,0.0,0,0.0,0
2012-08-16,2012-09-27,OPTSTK,PRAJIND,95.0,CE,0.0,0.0,0.0,0.1,0.0,0,0.0,0
2012-08-16,2012-09-27,OPTSTK,PRAJIND,100.0,CE,0.0,0.0,0.0,0.05,0.0,0,0.0,0
2012-08-16,2012-09-27,OPTSTK,PRAJIND,105.0,CE,0.0,0.0,0.0,0.05,0.0,0,0.0,0
2012-08-16,2012-09-27,OPTSTK,PRAJIND,25.0,PE,0.0,0.0,0.0,0.05,0.0,0,0.0,0
2012-08-16,2012-09-27,OPTSTK,PRAJIND,30.0,PE,0.0,0.0,0.0,0.05,0.0,0,0.0,0
2012-08-16,2012-09-27,OPTSTK,PRAJIND,35.0,PE,0.0,0.0,0.0,0.05,0.0,0,0.0,0
2012-08-16,2012-09-27,OPTSTK,PRAJIND,40.0,PE,0.0,0.0,0.0,0.25,0.05,0,0.0,0
2012-08-16,2012-09-27,OPTSTK,PRAJIND,45.0,PE,0.0,0.0,0.0,0.75,0.3,0,0.0,0
2012-08-16,2012-09-27,OPTSTK,PRAJIND,50.0,PE,0.0,0.0,0.0,1.8,1.3,0,0.0,0
2012-08-16,2012-09-27,OPTSTK,PRAJIND,55.0,PE,0.0,0.0,0.0,3.6,3.6,0,0.0,0
2012-08-16,2012-09-27,OPTSTK,PRAJIND,60.0,PE,0.0,0.0,0.0,6.2,7.2,0,0.0,0
2012-08-16,2012-09-27,OPTSTK,PRAJIND,65.0,PE,0.0,0.0,0.0,9.5,11.6,0,0.0,0
2012-08-16,2012-09-27,OPTSTK,PRAJIND,70.0,PE,0.0,0.0,0.0,13.35,16.4,0,0.0,0
2012-08-16,2012-09-27,OPTSTK,PRAJIND,75.0,PE,0.0,0.0,0.0,17.6,21.3,0,0.0,0
2012-08-16,2012-09-27,OPTSTK,PRAJIND,80.0,PE,0.0,0.0,0.0,22.1,26.25,0,0.0,0
2012-08-16,2012-09-27,OPTSTK,PRAJIND,85.0,PE,0.0,0.0,0.0,26.75,31.2,0,0.0,0
2012-08-16,2012-09-27,OPTSTK,PRAJIND,90.0,PE,0.0,0.0,0.0,31.5,36.15,0,0.0,0
2012-08-16,2012-09-27,OPTSTK,PRAJIND,95.0,PE,0.0,0.0,0.0,36.35,41.1,0,0.0,0
2012-08-16,2012-09-27,OPTSTK,PRAJIND,100.0,PE,0.0,0.0,0.0,41.2,46.05,0,0.0,0
2012-08-16,2012-09-27,OPTSTK,PRAJIND,105.0,PE,0.0,0.0,0.0,46.05,51.0,0,0.0,0
2012-08-16,2012-08-30,OPTSTK,PTC,25.0,CE,0.0,0.0,0.0,31.15,35.0,0,0.0,0
2012-08-16,2012-08-30,OPTSTK,PTC,30.0,CE,0.0,0.0,0.0,26.3,30.0,0,0.0,0
2012-08-16,2012-08-30,OPTSTK,PTC,35.0,CE,0.0,0.0,0.0,21.45,25.05,0,0.0,0
2012-08-16,2012-08-30,OPTSTK,PTC,40.0,CE,0.0,0.0,0.0,16.7,20.05,0,0.0,0
2012-08-16,2012-08-30,OPTSTK,PTC,45.0,CE,0.0,0.0,0.0,12.3,15.05,0,0.0,0
2012-08-16,2012-08-30,OPTSTK,PTC,50.0,CE,0.0,0.0,0.0,8.55,10.1,0,0.0,0
2012-08-16,2012-08-30,OPTSTK,PTC,55.0,CE,0.0,0.0,0.0,3.5,5.35,0,0.0,0
2012-08-16,2012-08-30,OPTSTK,PTC,60.0,CE,0.0,0.0,0.0,3.25,1.85,0,0.0,8000
2012-08-16,2012-08-30,OPTSTK,PTC,65.0,CE,0.0,0.0,0.0,0.9,0.35,0,0.0,8000
2012-08-16,2012-08-30,OPTSTK,PTC,70.0,CE,0.0,0.0,0.0,1.1,0.05,0,0.0,0
2012-08-16,2012-08-30,OPTSTK,PTC,75.0,CE,0.0,0.0,0.0,0.6,0.0,0,0.0,0
2012-08-16,2012-08-30,OPTSTK,PTC,80.0,CE,0.0,0.0,0.0,0.3,0.0,0,0.0,0
2012-08-16,2012-08-30,OPTSTK,PTC,85.0,CE,0.0,0.0,0.0,0.15,0.0,0,0.0,0
2012-08-16,2012-08-30,OPTSTK,PTC,90.0,CE,0.0,0.0,0.0,0.1,0.0,0,0.0,0
2012-08-16,2012-08-30,OPTSTK,PTC,95.0,CE,0.0,0.0,0.0,0.05,0.0,0,0.0,0
2012-08-16,2012-08-30,OPTSTK,PTC,25.0,PE,0.0,0.0,0.0,0.05,0.0,0,0.0,0
2012-08-16,2012-08-30,OPTSTK,PTC,30.0,PE,0.0,0.0,0.0,0.05,0.0,0,0.0,0
2012-08-16,2012-08-30,OPTSTK,PTC,35.0,PE,0.0,0.0,0.0,0.05,0.0,0,0.0,0
2012-08-16,2012-08-30,OPTSTK,PTC,40.0,PE,0.0,0.0,0.0,0.2,0.0,0,0.0,0
2012-08-16,2012-08-30,OPTSTK,PTC,45.0,PE,0.0,0.0,0.0,0.7,0.0,0,0.0,0
2012-08-16,2012-08-30,OPTSTK,PTC,50.0,PE,0.0,0.0,0.0,3.0,0.05,0,0.0,20000
2012-08-16,2012-08-30,OPTSTK,PTC,55.0,PE,0.25,0.25,0.25,0.25,0.25,1,2.21,8000
2012-08-16,2012-08-30,OPTSTK,PTC,60.0,PE,0.0,0.0,0.0,6.4,1.75,0,0.0,0
2012-08-16,2012-08-30,OPTSTK,PTC,65.0,PE,0.0,0.0,0.0,9.85,5.25,0,0.0,0
2012-08-16,2012-08-30,OPTSTK,PTC,70.0,PE,0.0,0.0,0.0,13.85,9.9,0,0.0,0
2012-08-16,2012-08-30,OPTSTK,PTC,75.0,PE,0.0,0.0,0.0,18.25,14.85,0,0.0,0
2012-08-16,2012-08-30,OPTSTK,PTC,80.0,PE,0.0,0.0,0.0,22.85,19.85,0,0.0,0
2012-08-16,2012-08-30,OPTSTK,PTC,85.0,PE,0.0,0.0,0.0,27.55,24.85,0,0.0,0
2012-08-16,2012-08-30,OPTSTK,PTC,90.0,PE,0.0,0.0,0.0,32.35,29.8,0,0.0,0
2012-08-16,2012-08-30,OPTSTK,PTC,95.0,PE,0.0,0.0,0.0,37.2,34.8,0,0.0,0
2012-08-16,2012-09-27,OPTSTK,PTC,25.0,CE,0.0,0.0,0.0,38.5,35.2,0,0.0,0
2012-08-16,2012-09-27,OPTSTK,PTC,30.0,CE,0.0,0.0,0.0,33.6,30.25,0,0.0,0
2012-08-16,2012-09-27,OPTSTK,PTC,35.0,CE,0.0,0.0,0.0,28.75,25.3,0,0.0,0
2012-08-16,2012-09-27,OPTSTK,PTC,40.0,CE,0.0,0.0,0.0,23.85,20.35,0,0.0,0
2012-08-16,2012-09-27,OPTSTK,PTC,45.0,CE,0.0,0.0,0.0,19.05,15.4,0,0.0,0
2012-08-16,2012-09-27,OPTSTK,PTC,50.0,CE,0.0,0.0,0.0,14.5,10.65,0,0.0,0
2012-08-16,2012-09-27,OPTSTK,PTC,55.0,CE,0.0,0.0,0.0,10.4,6.45,0,0.0,0
2012-08-16,2012-09-27,OPTSTK,PTC,60.0,CE,0.0,0.0,0.0,7.0,3.35,0,0.0,0
2012-08-16,2012-09-27,OPTSTK,PTC,65.0,CE,0.0,0.0,0.0,4.4,1.45,0,0.0,0
2012-08-16,2012-09-27,OPTSTK,PTC,70.0,CE,0.0,0.0,0.0,2.65,0.55,0,0.0,0
2012-08-16,2012-09-27,OPTSTK,PTC,75.0,CE,0.0,0.0,0.0,1.5,0.2,0,0.0,0
2012-08-16,2012-09-27,OPTSTK,PTC,80.0,CE,0.0,0.0,0.0,0.8,0.05,0,0.0,0
2012-08-16,2012-09-27,OPTSTK,PTC,85.0,CE,0.0,0.0,0.0,0.45,0.05,0,0.0,0
2012-08-16,2012-09-27,OPTSTK,PTC,90.0,CE,0.0,0.0,0.0,0.2,0.0,0,0.0,0
2012-08-16,2012-09-27,OPTSTK,PTC,95.0,CE,0.0,0.0,0.0,0.1,0.0,0,0.0,0
2012-08-16,2012-09-27,OPTSTK,PTC,25.0,PE,0.0,0.0,0.0,0.05,0.0,0,0.0,0
2012-08-16,2012-09-27,OPTSTK,PTC,30.0,PE,0.0,0.0,0.0,0.05,0.0,0,0.0,0
2012-08-16,2012-09-27,OPTSTK,PTC,35.0,PE,0.0,0.0,0.0,0.05,0.0,0,0.0,0
2012-08-16,2012-09-27,OPTSTK,PTC,40.0,PE,0.0,0.0,0.0,0.05,0.0,0,0.0,0
2012-08-16,2012-09-27,OPTSTK,PTC,45.0,PE,0.0,0.0,0.0,0.1,0.05,0,0.0,0
2012-08-16,2012-09-27,OPTSTK,PTC,50.0,PE,0.0,0.0,0.0,0.45,0.25,0,0.0,0
2012-08-16,2012-09-27,OPTSTK,PTC,55.0,PE,0.0,0.0,0.0,1.2,1.0,0,0.0,0
2012-08-16,2012-09-27,OPTSTK,PTC,60.0,PE,0.0,0.0,0.0,2.7,2.85,0,0.0,0
2012-08-16,2012-09-27,OPTSTK,PTC,65.0,PE,0.0,0.0,0.0,5.0,5.9,0,0.0,0
2012-08-16,2012-09-27,OPTSTK,PTC,70.0,PE,0.0,0.0,0.0,8.1,9.95,0,0.0,0
2012-08-16,2012-09-27,OPTSTK,PTC,75.0,PE,0.0,0.0,0.0,11.85,14.5,0,0.0,0
2012-08-16,2012-09-27,OPTSTK,PTC,80.0,PE,0.0,0.0,0.0,16.05,19.35,0,0.0,0
2012-08-16,2012-09-27,OPTSTK,PTC,85.0,PE,0.0,0.0,0.0,20.55,24.25,0,0.0,0
2012-08-16,2012-09-27,OPTSTK,PTC,90.0,PE,0.0,0.0,0.0,25.25,29.2,0,0.0,0
2012-08-16,2012-09-27,OPTSTK,PTC,95.0,PE,0.0,0.0,0.0,30.0,34.15,0,0.0,0
2012-08-16,2012-10-25,OPTSTK,PTC,25.0,CE,0.0,0.0,0.0,31.7,35.35,0,0.0,0
2012-08-16,2012-10-25,OPTSTK,PTC,30.0,CE,0.0,0.0,0.0,26.8,30.45,0,0.0,0
2012-08-16,2012-10-25,OPTSTK,PTC,35.0,CE,0.0,0.0,0.0,21.95,25.5,0,0.0,0
2012-08-16,2012-10-25,OPTSTK,PTC,40.0,CE,0.0,0.0,0.0,17.15,20.6,0,0.0,0
2012-08-16,2012-10-25,OPTSTK,PTC,45.0,CE,0.0,0.0,0.0,12.65,15.8,0,0.0,0
2012-08-16,2012-10-25,OPTSTK,PTC,50.0,CE,0.0,0.0,0.0,8.7,11.3,0,0.0,0
2012-08-16,2012-10-25,OPTSTK,PTC,55.0,CE,0.0,0.0,0.0,5.55,7.4,0,0.0,0
2012-08-16,2012-10-25,OPTSTK,PTC,60.0,CE,0.0,0.0,0.0,3.3,4.45,0,0.0,0
2012-08-16,2012-10-25,OPTSTK,PTC,65.0,CE,0.0,0.0,0.0,1.85,2.45,0,0.0,0
2012-08-16,2012-10-25,OPTSTK,PTC,70.0,CE,0.0,0.0,0.0,1.0,1.25,0,0.0,0
2012-08-16,2012-10-25,OPTSTK,PTC,75.0,CE,0.0,0.0,0.0,0.5,0.6,0,0.0,0
2012-08-16,2012-10-25,OPTSTK,PTC,80.0,CE,0.0,0.0,0.0,0.25,0.25,0,0.0,0
2012-08-16,2012-10-25,OPTSTK,PTC,85.0,CE,0.0,0.0,0.0,0.15,0.1,0,0.0,0
2012-08-16,2012-10-25,OPTSTK,PTC,90.0,CE,0.0,0.0,0.0,0.05,0.05,0,0.0,0
2012-08-16,2012-10-25,OPTSTK,PTC,95.0,CE,0.0,0.0,0.0,0.05,0.05,0,0.0,0
2012-08-16,2012-10-25,OPTSTK,PTC,25.0,PE,0.0,0.0,0.0,0.05,0.0,0,0.0,0
2012-08-16,2012-10-25,OPTSTK,PTC,30.0,PE,0.0,0.0,0.0,0.05,0.0,0,0.0,0
2012-08-16,2012-10-25,OPTSTK,PTC,35.0,PE,0.0,0.0,0.0,0.05,0.0,0,0.0,0
2012-08-16,2012-10-25,OPTSTK,PTC,40.0,PE,0.0,0.0,0.0,0.15,0.05,0,0.0,0
2012-08-16,2012-10-25,OPTSTK,PTC,45.0,PE,0.0,0.0,0.0,0.5,0.15,0,0.0,0
2012-08-16,2012-10-25,OPTSTK,PTC,50.0,PE,0.0,0.0,0.0,1.45,0.55,0,0.0,0
2012-08-16,2012-10-25,OPTSTK,PTC,55.0,PE,0.0,0.0,0.0,3.2,1.55,0,0.0,0
2012-08-16,2012-10-25,OPTSTK,PTC,60.0,PE,0.0,0.0,0.0,5.85,3.5,0,0.0,0
2012-08-16,2012-10-25,OPTSTK,PTC,65.0,PE,0.0,0.0,0.0,9.25,6.4,0,0.0,0
2012-08-16,2012-10-25,OPTSTK,PTC,70.0,PE,0.0,0.0,0.0,13.3,10.1,0,0.0,0
2012-08-16,2012-10-25,OPTSTK,PTC,75.0,PE,0.0,0.0,0.0,17.7,14.4,0,0.0,0
2012-08-16,2012-10-25,OPTSTK,PTC,80.0,PE,0.0,0.0,0.0,22.35,19.0,0,0.0,0
2012-08-16,2012-10-25,OPTSTK,PTC,85.0,PE,0.0,0.0,0.0,27.1,23.75,0,0.0,0
2012-08-16,2012-10-25,OPTSTK,PTC,90.0,PE,0.0,0.0,0.0,31.9,28.6,0,0.0,0
2012-08-16,2012-10-25,OPTSTK,PTC,95.0,PE,0.0,0.0,0.0,36.8,33.5,0,0.0,0
2012-08-16,2012-08-30,OPTSTK,PUNJLLOYD,25.0,CE,0.0,0.0,0.0,20.4,26.8,0,0.0,0
2012-08-16,2012-08-30,OPTSTK,PUNJLLOYD,27.5,CE,0.0,0.0,0.0,18.0,24.3,0,0.0,0
2012-08-16,2012-08-30,OPTSTK,PUNJLLOYD,30.0,CE,0.0,0.0,0.0,15.7,21.8,0,0.0,0
2012-08-16,2012-08-30,OPTSTK,PUNJLLOYD,32.5,CE,0.0,0.0,0.0,13.5,19.35,0,0.0,0
2012-08-16,2012-08-30,OPTSTK,PUNJLLOYD,35.0,CE,0.0,0.0,0.0,11.4,16.85,0,0.0,0
2012-08-16,2012-08-30,OPTSTK,PUNJLLOYD,37.5,CE,0.0,0.0,0.0,9.5,14.35,0,0.0,0
2012-08-16,2012-08-30,OPTSTK,PUNJLLOYD,40.0,CE,0.0,0.0,0.0,7.8,11.85,0,0.0,0
2012-08-16,2012-08-30,OPTSTK,PUNJLLOYD,42.5,CE,0.0,0.0,0.0,6.35,9.4,0,0.0,0
2012-08-16,2012-08-30,OPTSTK,PUNJLLOYD,45.0,CE,0.0,0.0,0.0,5.45,7.05,0,0.0,8000
2012-08-16,2012-08-30,OPTSTK,PUNJLLOYD,47.5,CE,0.0,0.0,0.0,3.4,4.9,0,0.0,4000
2012-08-16,2012-08-30,OPTSTK,PUNJLLOYD,50.0,CE,2.6,2.65,2.35,2.4,2.4,5,10.49,264000
2012-08-16,2012-08-30,OPTSTK,PUNJLLOYD,52.5,CE,1.25,1.5,1.1,1.3,1.3,29,62.42,248000
2012-08-16,2012-08-30,OPTSTK,PUNJLLOYD,55.0,CE,0.6,0.7,0.5,0.5,0.5,27,60.01,824000
2012-08-16,2012-08-30,OPTSTK,PUNJLLOYD,57.5,CE,0.2,0.3,0.2,0.2,0.2,6,13.85,124000
2012-08-16,2012-08-30,OPTSTK,PUNJLLOYD,60.0,CE,0.15,0.15,0.15,0.15,0.15,1,2.4,340000
2012-08-16,2012-08-30,OPTSTK,PUNJLLOYD,62.5,CE,0.0,0.0,0.0,0.1,0.1,0,0.0,76000
2012-08-16,2012-08-30,OPTSTK,PUNJLLOYD,65.0,CE,0.0,0.0,0.0,0.05,0.05,0,0.0,8000
2012-08-16,2012-08-30,OPTSTK,PUNJLLOYD,67.5,CE,0.0,0.0,0.0,0.45,0.05,0,0.0,0
2012-08-16,2012-08-30,OPTSTK,PUNJLLOYD,70.0,CE,0.0,0.0,0.0,0.35,0.0,0,0.0,0
2012-08-16,2012-08-30,OPTSTK,PUNJLLOYD,72.5,CE,0.0,0.0,0.0,0.3,0.0,0,0.0,0
2012-08-16,2012-08-30,OPTSTK,PUNJLLOYD,75.0,CE,0.0,0.0,0.0,0.1,0.0,0,0.0,0
2012-08-16,2012-08-30,OPTSTK,PUNJLLOYD,80.0,CE,0.0,0.0,0.0,0.1,0.0,0,0.0,0
2012-08-16,2012-08-30,OPTSTK,PUNJLLOYD,85.0,CE,0.0,0.0,0.0,0.05,0.0,0,0.0,0
2012-08-16,2012-08-30,OPTSTK,PUNJLLOYD,25.0,PE,0.0,0.0,0.0,0.05,0.0,0,0.0,0
2012-08-16,2012-08-30,OPTSTK,PUNJLLOYD,27.5,PE,0.0,0.0,0.0,0.1,0.0,0,0.0,0
2012-08-16,2012-08-30,OPTSTK,PUNJLLOYD,30.0,PE,0.0,0.0,0.0,0.25,0.0,0,0.0,0
2012-08-16,2012-08-30,OPTSTK,PUNJLLOYD,32.5,PE,0.0,0.0,0.0,0.45,0.0,0,0.0,0
2012-08-16,2012-08-30,OPTSTK,PUNJLLOYD,35.0,PE,0.0,0.0,0.0,0.05,0.0,0,0.0,0
2012-08-16,2012-08-30,OPTSTK,PUNJLLOYD,37.5,PE,0.0,0.0,0.0,1.35,0.0,0,0.0,0
2012-08-16,2012-08-30,OPTSTK,PUNJLLOYD,40.0,PE,0.0,0.0,0.0,2.1,0.05,0,0.0,0
2012-08-16,2012-08-30,OPTSTK,PUNJLLOYD,42.5,PE,0.0,0.0,0.0,3.05,0.05,0,0.0,0
2012-08-16,2012-08-30,OPTSTK,PUNJLLOYD,45.0,PE,0.0,0.0,0.0,0.15,0.2,0,0.0,88000
2012-08-16,2012-08-30,OPTSTK,PUNJLLOYD,47.5,PE,0.25,0.25,0.25,0.25,0.25,1,1.91,52000
2012-08-16,2012-08-30,OPTSTK,PUNJLLOYD,50.0,PE,0.7,0.8,0.6,0.7,0.7,7,14.18,116000
2012-08-16,2012-08-30,OPTSTK,PUNJLLOYD,52.5,PE,1.65,1.65,1.65,1.65,1.65,1,2.16,40000
2012-08-16,2012-08-30,OPTSTK,PUNJLLOYD,55.0,PE,0.0,0.0,0.0,2.9,4.05,0,0.0,16000
2012-08-16,2012-08-30,OPTSTK,PUNJLLOYD,57.5,PE,0.0,0.0,0.0,12.8,6.05,0,0.0,0
2012-08-16,2012-08-30,OPTSTK,PUNJLLOYD,60.0,PE,0.0,0.0,0.0,14.9,8.3,0,0.0,0
2012-08-16,2012-08-30,OPTSTK,PUNJLLOYD,62.5,PE,0.0,0.0,0.0,17.05,10.7,0,0.0,0
2012-08-16,2012-08-30,OPTSTK,PUNJLLOYD,65.0,PE,0.0,0.0,0.0,19.3,13.15,0,0.0,0
2012-08-16,2012-08-30,OPTSTK,PUNJLLOYD,67.5,PE,0.0,0.0,0.0,21.6,15.6,0,0.0,0
2012-08-16,2012-08-30,OPTSTK,PUNJLLOYD,70.0,PE,0.0,0.0,0.0,23.9,18.1,0,0.0,0
2012-08-16,2012-08-30,OPTSTK,PUNJLLOYD,72.5,PE,0.0,0.0,0.0,24.35,20.6,0,0.0,0
2012-08-16,2012-08-30,OPTSTK,PUNJLLOYD,75.0,PE,0.0,0.0,0.0,25.6,23.05,0,0.0,4000
2012-08-16,2012-08-30,OPTSTK,PUNJLLOYD,80.0,PE,0.0,0.0,0.0,27.7,28.05,0,0.0,0
2012-08-16,2012-08-30,OPTSTK,PUNJLLOYD,85.0,PE,0.0,0.0,0.0,32.55,33.05,0,0.0,0
2012-08-16,2012-09-27,OPTSTK,PUNJLLOYD,25.0,CE,0.0,0.0,0.0,22.4,27.0,0,0.0,0
2012-08-16,2012-09-27,OPTSTK,PUNJLLOYD,27.5,CE,0.0,0.0,0.0,19.95,24.5,0,0.0,0
2012-08-16,2012-09-27,OPTSTK,PUNJLLOYD,30.0,CE,0.0,0.0,0.0,17.55,22.05,0,0.0,0
2012-08-16,2012-09-27,OPTSTK,PUNJLLOYD,32.5,CE,0.0,0.0,0.0,15.2,19.55,0,0.0,0
2012-08-16,2012-09-27,OPTSTK,PUNJLLOYD,35.0,CE,0.0,0.0,0.0,12.9,17.1,0,0.0,0
2012-08-16,2012-09-27,OPTSTK,PUNJLLOYD,37.5,CE,0.0,0.0,0.0,10.8,14.7,0,0.0,0
2012-08-16,2012-09-27,OPTSTK,PUNJLLOYD,40.0,CE,0.0,0.0,0.0,8.8,12.35,0,0.0,0
2012-08-16,2012-09-27,OPTSTK,PUNJLLOYD,42.5,CE,0.0,0.0,0.0,7.05,10.1,0,0.0,0
2012-08-16,2012-09-27,OPTSTK,PUNJLLOYD,45.0,CE,0.0,0.0,0.0,5.55,8.05,0,0.0,0
2012-08-16,2012-09-27,OPTSTK,PUNJLLOYD,47.5,CE,0.0,0.0,0.0,4.25,6.25,0,0.0,0
2012-08-16,2012-09-27,OPTSTK,PUNJLLOYD,50.0,CE,0.0,0.0,0.0,6.2,4.7,0,0.0,4000
2012-08-16,2012-09-27,OPTSTK,PUNJLLOYD,52.5,CE,0.0,0.0,0.0,2.4,3.45,0,0.0,0
2012-08-16,2012-09-27,OPTSTK,PUNJLLOYD,55.0,CE,0.0,0.0,0.0,1.75,2.45,0,0.0,0
2012-08-16,2012-09-27,OPTSTK,PUNJLLOYD,57.5,CE,0.0,0.0,0.0,1.25,1.7,0,0.0,0
2012-08-16,2012-09-27,OPTSTK,PUNJLLOYD,60.0,CE,0.0,0.0,0.0,0.9,1.15,0,0.0,0
2012-08-16,2012-09-27,OPTSTK,PUNJLLOYD,62.5,CE,0.0,0.0,0.0,0.65,0.75,0,0.0,0
2012-08-16,2012-09-27,OPTSTK,PUNJLLOYD,65.0,CE,0.0,0.0,0.0,0.45,0.5,0,0.0,0
2012-08-16,2012-09-27,OPTSTK,PUNJLLOYD,67.5,CE,0.0,0.0,0.0,0.3,0.3,0,0.0,0
2012-08-16,2012-09-27,OPTSTK,PUNJLLOYD,70.0,CE,0.0,0.0,0.0,0.2,0.2,0,0.0,0
2012-08-16,2012-09-27,OPTSTK,PUNJLLOYD,72.5,CE,0.0,0.0,0.0,0.15,0.15,0,0.0,0
2012-08-16,2012-09-27,OPTSTK,PUNJLLOYD,75.0,CE,0.0,0.0,0.0,0.25,0.1,0,0.0,0
2012-08-16,2012-09-27,OPTSTK,PUNJLLOYD,80.0,CE,0.0,0.0,0.0,0.3,0.05,0,0.0,0
2012-08-16,2012-09-27,OPTSTK,PUNJLLOYD,85.0,CE,0.0,0.0,0.0,0.15,0.05,0,0.0,0
2012-08-16,2012-09-27,OPTSTK,PUNJLLOYD,25.0,PE,0.0,0.0,0.0,0.05,0.0,0,0.0,0
2012-08-16,2012-09-27,OPTSTK,PUNJLLOYD,27.5,PE,0.0,0.0,0.0,0.05,0.0,0,0.0,0
2012-08-16,2012-09-27,OPTSTK,PUNJLLOYD,30.0,PE,0.0,0.0,0.0,0.05,0.0,0,0.0,0
2012-08-16,2012-09-27,OPTSTK,PUNJLLOYD,32.5,PE,0.0,0.0,0.0,0.15,0.05,0,0.0,0
2012-08-16,2012-09-27,OPTSTK,PUNJLLOYD,35.0,PE,0.0,0.0,0.0,0.3,0.05,0,0.0,0
2012-08-16,2012-09-27,OPTSTK,PUNJLLOYD,37.5,PE,0.0,0.0,0.0,0.6,0.1,0,0.0,0
2012-08-16,2012-09-27,OPTSTK,PUNJLLOYD,40.0,PE,0.0,0.0,0.0,1.05,0.2,0,0.0,0
2012-08-16,2012-09-27,OPTSTK,PUNJLLOYD,42.5,PE,0.0,0.0,0.0,1.75,0.45,0,0.0,0
2012-08-16,2012-09-27,OPTSTK,PUNJLLOYD,45.0,PE,0.0,0.0,0.0,2.7,0.9,0,0.0,0
2012-08-16,2012-09-27,OPTSTK,PUNJLLOYD,47.5,PE,0.0,0.0,0.0,3.85,1.55,0,0.0,0
2012-08-16,2012-09-27,OPTSTK,PUNJLLOYD,50.0,PE,0.0,0.0,0.0,5.25,2.5,0,0.0,0
2012-08-16,2012-09-27,OPTSTK,PUNJLLOYD,52.5,PE,0.0,0.0,0.0,6.85,3.7,0,0.0,0
2012-08-16,2012-09-27,OPTSTK,PUNJLLOYD,55.0,PE,0.0,0.0,0.0,8.65,5.15,0,0.0,0
2012-08-16,2012-09-27,OPTSTK,PUNJLLOYD,57.5,PE,0.0,0.0,0.0,10.65,6.9,0,0.0,0
2012-08-16,2012-09-27,OPTSTK,PUNJLLOYD,60.0,PE,0.0,0.0,0.0,12.7,8.8,0,0.0,0
2012-08-16,2012-09-27,OPTSTK,PUNJLLOYD,62.5,PE,0.0,0.0,0.0,14.9,10.9,0,0.0,0
2012-08-16,2012-09-27,OPTSTK,PUNJLLOYD,65.0,PE,0.0,0.0,0.0,17.15,13.1,0,0.0,0
2012-08-16,2012-09-27,OPTSTK,PUNJLLOYD,67.5,PE,0.0,0.0,0.0,19.45,15.4,0,0.0,0
2012-08-16,2012-09-27,OPTSTK,PUNJLLOYD,70.0,PE,0.0,0.0,0.0,21.8,17.8,0,0.0,0
2012-08-16,2012-09-27,OPTSTK,PUNJLLOYD,72.5,PE,0.0,0.0,0.0,24.15,20.2,0,0.0,0
2012-08-16,2012-09-27,OPTSTK,PUNJLLOYD,75.0,PE,0.0,0.0,0.0,24.7,22.6,0,0.0,0
2012-08-16,2012-09-27,OPTSTK,PUNJLLOYD,80.0,PE,0.0,0.0,0.0,27.3,27.5,0,0.0,0
2012-08-16,2012-09-27,OPTSTK,PUNJLLOYD,85.0,PE,0.0,0.0,0.0,32.1,32.45,0,0.0,0
2012-08-16,2012-10-25,OPTSTK,PUNJLLOYD,25.0,CE,0.0,0.0,0.0,24.15,27.15,0,0.0,0
2012-08-16,2012-10-25,OPTSTK,PUNJLLOYD,27.5,CE,0.0,0.0,0.0,21.75,24.7,0,0.0,0
2012-08-16,2012-10-25,OPTSTK,PUNJLLOYD,30.0,CE,0.0,0.0,0.0,19.4,22.25,0,0.0,0
2012-08-16,2012-10-25,OPTSTK,PUNJLLOYD,32.5,CE,0.0,0.0,0.0,17.1,19.85,0,0.0,0
2012-08-16,2012-10-25,OPTSTK,PUNJLLOYD,35.0,CE,0.0,0.0,0.0,14.9,17.45,0,0.0,0
2012-08-16,2012-10-25,OPTSTK,PUNJLLOYD,37.5,CE,0.0,0.0,0.0,12.8,15.15,0,0.0,0
2012-08-16,2012-10-25,OPTSTK,PUNJLLOYD,40.0,CE,0.0,0.0,0.0,10.9,12.9,0,0.0,0
2012-08-16,2012-10-25,OPTSTK,PUNJLLOYD,42.5,CE,0.0,0.0,0.0,9.2,10.85,0,0.0,0
2012-08-16,2012-10-25,OPTSTK,PUNJLLOYD,45.0,CE,0.0,0.0,0.0,7.65,9.0,0,0.0,0
2012-08-16,2012-10-25,OPTSTK,PUNJLLOYD,47.5,CE,0.0,0.0,0.0,6.3,7.3,0,0.0,0
2012-08-16,2012-10-25,OPTSTK,PUNJLLOYD,50.0,CE,0.0,0.0,0.0,5.15,5.85,0,0.0,0
2012-08-16,2012-10-25,OPTSTK,PUNJLLOYD,52.5,CE,0.0,0.0,0.0,4.15,4.6,0,0.0,0
2012-08-16,2012-10-25,OPTSTK,PUNJLLOYD,55.0,CE,0.0,0.0,0.0,3.35,3.6,0,0.0,0
2012-08-16,2012-10-25,OPTSTK,PUNJLLOYD,57.5,CE,0.0,0.0,0.0,2.7,2.75,0,0.0,0
2012-08-16,2012-10-25,OPTSTK,PUNJLLOYD,60.0,CE,0.0,0.0,0.0,2.15,2.1,0,0.0,0
2012-08-16,2012-10-25,OPTSTK,PUNJLLOYD,62.5,CE,0.0,0.0,0.0,1.7,1.55,0,0.0,0
2012-08-16,2012-10-25,OPTSTK,PUNJLLOYD,65.0,CE,0.0,0.0,0.0,1.3,1.15,0,0.0,0
2012-08-16,2012-10-25,OPTSTK,PUNJLLOYD,67.5,CE,0.0,0.0,0.0,1.05,0.85,0,0.0,0
2012-08-16,2012-10-25,OPTSTK,PUNJLLOYD,70.0,CE,0.0,0.0,0.0,0.8,0.65,0,0.0,0
2012-08-16,2012-10-25,OPTSTK,PUNJLLOYD,72.5,CE,0.0,0.0,0.0,0.65,0.45,0,0.0,0
2012-08-16,2012-10-25,OPTSTK,PUNJLLOYD,75.0,CE,0.0,0.0,0.0,0.7,0.35,0,0.0,0
2012-08-16,2012-10-25,OPTSTK,PUNJLLOYD,80.0,CE,0.0,0.0,0.0,0.5,0.2,0,0.0,0
2012-08-16,2012-10-25,OPTSTK,PUNJLLOYD,25.0,PE,0.0,0.0,0.0,0.05,0.0,0,0.0,0
2012-08-16,2012-10-25,OPTSTK,PUNJLLOYD,27.5,PE,0.0,0.0,0.0,0.05,0.0,0,0.0,0
2012-08-16,2012-10-25,OPTSTK,PUNJLLOYD,30.0,PE,0.0,0.0,0.0,0.15,0.05,0,0.0,0
2012-08-16,2012-10-25,OPTSTK,PUNJLLOYD,32.5,PE,0.0,0.0,0.0,0.3,0.05,0,0.0,0
2012-08-16,2012-10-25,OPTSTK,PUNJLLOYD,35.0,PE,0.0,0.0,0.0,0.55,0.15,0,0.0,0
2012-08-16,2012-10-25,OPTSTK,PUNJLLOYD,37.5,PE,0.0,0.0,0.0,0.9,0.3,0,0.0,0
2012-08-16,2012-10-25,OPTSTK,PUNJLLOYD,40.0,PE,0.0,0.0,0.0,1.45,0.55,0,0.0,0
2012-08-16,2012-10-25,OPTSTK,PUNJLLOYD,42.5,PE,0.0,0.0,0.0,2.2,0.95,0,0.0,0
2012-08-16,2012-10-25,OPTSTK,PUNJLLOYD,45.0,PE,0.0,0.0,0.0,3.1,1.5,0,0.0,0
2012-08-16,2012-10-25,OPTSTK,PUNJLLOYD,47.5,PE,0.0,0.0,0.0,4.2,2.3,0,0.0,0
2012-08-16,2012-10-25,OPTSTK,PUNJLLOYD,50.0,PE,0.0,0.0,0.0,5.45,3.3,0,0.0,0
2012-08-16,2012-10-25,OPTSTK,PUNJLLOYD,52.5,PE,0.0,0.0,0.0,6.95,4.5,0,0.0,0
2012-08-16,2012-10-25,OPTSTK,PUNJLLOYD,55.0,PE,0.0,0.0,0.0,8.55,5.95,0,0.0,0
2012-08-16,2012-10-25,OPTSTK,PUNJLLOYD,57.5,PE,0.0,0.0,0.0,10.3,7.55,0,0.0,0
2012-08-16,2012-10-25,OPTSTK,PUNJLLOYD,60.0,PE,0.0,0.0,0.0,12.2,9.35,0,0.0,0
2012-08-16,2012-10-25,OPTSTK,PUNJLLOYD,62.5,PE,0.0,0.0,0.0,14.2,11.3,0,0.0,0
2012-08-16,2012-10-25,OPTSTK,PUNJLLOYD,65.0,PE,0.0,0.0,0.0,16.3,13.35,0,0.0,0
2012-08-16,2012-10-25,OPTSTK,PUNJLLOYD,67.5,PE,0.0,0.0,0.0,18.45,15.5,0,0.0,0
2012-08-16,2012-10-25,OPTSTK,PUNJLLOYD,70.0,PE,0.0,0.0,0.0,20.65,17.75,0,0.0,0
2012-08-16,2012-10-25,OPTSTK,PUNJLLOYD,72.5,PE,0.0,0.0,0.0,22.95,20.0,0,0.0,0
2012-08-16,2012-10-25,OPTSTK,PUNJLLOYD,75.0,PE,0.0,0.0,0.0,24.5,22.35,0,0.0,0
2012-08-16,2012-10-25,OPTSTK,PUNJLLOYD,80.0,PE,0.0,0.0,0.0,27.85,27.1,0,0.0,0
2012-08-16,2012-08-30,OPTSTK,RANBAXY,280.0,CE,0.0,0.0,0.0,244.6,233.05,0,0.0,0
2012-08-16,2012-08-30,OPTSTK,RANBAXY,300.0,CE,0.0,0.0,0.0,225.15,213.1,0,0.0,0
2012-08-16,2012-08-30,OPTSTK,RANBAXY,320.0,CE,0.0,0.0,0.0,205.7,193.2,0,0.0,0
2012-08-16,2012-08-30,OPTSTK,RANBAXY,340.0,CE,0.0,0.0,0.0,186.35,173.25,0,0.0,0
2012-08-16,2012-08-30,OPTSTK,RANBAXY,360.0,CE,0.0,0.0,0.0,167.25,153.3,0,0.0,0
2012-08-16,2012-08-30,OPTSTK,RANBAXY,380.0,CE,0.0,0.0,0.0,148.5,133.4,0,0.0,0
2012-08-16,2012-08-30,OPTSTK,RANBAXY,400.0,CE,0.0,0.0,0.0,130.3,113.45,0,0.0,0
2012-08-16,2012-08-30,OPTSTK,RANBAXY,420.0,CE,0.0,0.0,0.0,112.9,93.55,0,0.0,0
2012-08-16,2012-08-30,OPTSTK,RANBAXY,440.0,CE,0.0,0.0,0.0,96.55,73.7,0,0.0,0
2012-08-16,2012-08-30,OPTSTK,RANBAXY,460.0,CE,0.0,0.0,0.0,24.15,54.3,0,0.0,1500
2012-08-16,2012-08-30,OPTSTK,RANBAXY,480.0,CE,26.5,38.85,25.95,33.1,33.1,23,58.81,34000
2012-08-16,2012-08-30,OPTSTK,RANBAXY,500.0,CE,12.0,21.0,11.1,17.05,17.05,248,640.09,86000
2012-08-16,2012-08-30,OPTSTK,RANBAXY,520.0,CE,5.0,9.0,3.75,6.55,6.55,464,1221.25,153000
2012-08-16,2012-08-30,OPTSTK,RANBAXY,540.0,CE,1.5,2.9,1.2,1.9,1.9,210,569.08,126000
2012-08-16,2012-08-30,OPTSTK,RANBAXY,560.0,CE,0.75,0.9,0.4,0.6,0.6,75,210.26,60000
2012-08-16,2012-08-30,OPTSTK,RANBAXY,580.0,CE,0.0,0.0,0.0,0.65,0.5,0,0.0,6500
2012-08-16,2012-08-30,OPTSTK,RANBAXY,600.0,CE,0.0,0.0,0.0,17.0,0.15,0,0.0,0
2012-08-16,2012-08-30,OPTSTK,RANBAXY,620.0,CE,0.0,0.0,0.0,12.95,0.05,0,0.0,0
2012-08-16,2012-08-30,OPTSTK,RANBAXY,640.0,CE,0.0,0.0,0.0,9.75,0.0,0,0.0,0
2012-08-16,2012-08-30,OPTSTK,RANBAXY,660.0,CE,0.0,0.0,0.0,7.3,0.0,0,0.0,0
2012-08-16,2012-08-30,OPTSTK,RANBAXY,680.0,CE,0.0,0.0,0.0,5.4,0.0,0,0.0,0
2012-08-16,2012-08-30,OPTSTK,RANBAXY,700.0,CE,0.0,0.0,0.0,3.95,0.0,0,0.0,0
2012-08-16,2012-08-30,OPTSTK,RANBAXY,720.0,CE,0.0,0.0,0.0,2.9,0.0,0,0.0,0
2012-08-16,2012-08-30,OPTSTK,RANBAXY,740.0,CE,0.0,0.0,0.0,2.1,0.0,0,0.0,0
2012-08-16,2012-08-30,OPTSTK,RANBAXY,280.0,PE,0.0,0.0,0.0,0.05,0.0,0,0.0,0
2012-08-16,2012-08-30,OPTSTK,RANBAXY,300.0,PE,0.0,0.0,0.0,0.05,0.0,0,0.0,0
2012-08-16,2012-08-30,OPTSTK,RANBAXY,320.0,PE,0.0,0.0,0.0,0.15,0.0,0,0.0,0
2012-08-16,2012-08-30,OPTSTK,RANBAXY,340.0,PE,0.0,0.0,0.0,0.3,0.0,0,0.0,0
2012-08-16,2012-08-30,OPTSTK,RANBAXY,360.0,PE,0.0,0.0,0.0,0.7,0.0,0,0.0,0
2012-08-16,2012-08-30,OPTSTK,RANBAXY,380.0,PE,0.0,0.0,0.0,1.5,0.0,0,0.0,0
2012-08-16,2012-08-30,OPTSTK,RANBAXY,400.0,PE,0.0,0.0,0.0,0.3,0.0,0,0.0,1500
2012-08-16,2012-08-30,OPTSTK,RANBAXY,420.0,PE,0.0,0.0,0.0,4.95,0.05,0,0.0,0
2012-08-16,2012-08-30,OPTSTK,RANBAXY,440.0,PE,0.0,0.0,0.0,0.35,0.1,0,0.0,7000
2012-08-16,2012-08-30,OPTSTK,RANBAXY,460.0,PE,0.6,0.6,0.35,0.55,0.55,18,41.44,57000
2012-08-16,2012-08-30,OPTSTK,RANBAXY,480.0,PE,3.0,3.0,1.15,1.45,1.45,112,269.73,99500
2012-08-16,2012-08-30,OPTSTK,RANBAXY,500.0,PE,7.5,8.0,3.6,4.95,4.95,242,611.23,79000
2012-08-16,2012-08-30,OPTSTK,RANBAXY,520.0,PE,19.95,19.95,10.8,14.2,14.2,49,130.93,9000
2012-08-16,2012-08-30,OPTSTK,RANBAXY,540.0,PE,38.75,38.85,30.05,30.05,30.05,5,14.41,3500
2012-08-16,2012-08-30,OPTSTK,RANBAXY,560.0,PE,0.0,0.0,0.0,44.85,47.65,0,0.0,500
2012-08-16,2012-08-30,OPTSTK,RANBAXY,580.0,PE,0.0,0.0,0.0,70.2,66.45,0,0.0,0
2012-08-16,2012-08-30,OPTSTK,RANBAXY,600.0,PE,0.0,0.0,0.0,84.7,86.05,0,0.0,0
2012-08-16,2012-08-30,OPTSTK,RANBAXY,620.0,PE,0.0,0.0,0.0,100.15,105.85,0,0.0,0
2012-08-16,2012-08-30,OPTSTK,RANBAXY,640.0,PE,0.0,0.0,0.0,116.5,125.8,0,0.0,0
2012-08-16,2012-08-30,OPTSTK,RANBAXY,660.0,PE,0.0,0.0,0.0,133.55,145.7,0,0.0,0
2012-08-16,2012-08-30,OPTSTK,RANBAXY,680.0,PE,0.0,0.0,0.0,151.15,165.65,0,0.0,0
2012-08-16,2012-08-30,OPTSTK,RANBAXY,700.0,PE,0.0,0.0,0.0,169.25,185.6,0,0.0,0
2012-08-16,2012-08-30,OPTSTK,RANBAXY,720.0,PE,0.0,0.0,0.0,187.7,205.5,0,0.0,0
2012-08-16,2012-08-30,OPTSTK,RANBAXY,740.0,PE,0.0,0.0,0.0,206.4,225.45,0,0.0,0
2012-08-16,2012-09-27,OPTSTK,RANBAXY,280.0,CE,0.0,0.0,0.0,214.4,235.0,0,0.0,0
2012-08-16,2012-09-27,OPTSTK,RANBAXY,300.0,CE,0.0,0.0,0.0,194.85,215.2,0,0.0,0
2012-08-16,2012-09-27,OPTSTK,RANBAXY,320.0,CE,0.0,0.0,0.0,175.35,195.45,0,0.0,0
2012-08-16,2012-09-27,OPTSTK,RANBAXY,340.0,CE,0.0,0.0,0.0,155.9,175.65,0,0.0,0
2012-08-16,2012-09-27,OPTSTK,RANBAXY,360.0,CE,0.0,0.0,0.0,136.55,155.85,0,0.0,0
2012-08-16,2012-09-27,OPTSTK,RANBAXY,380.0,CE,0.0,0.0,0.0,117.55,136.1,0,0.0,0
2012-08-16,2012-09-27,OPTSTK,RANBAXY,400.0,CE,0.0,0.0,0.0,99.2,116.45,0,0.0,0
2012-08-16,2012-09-27,OPTSTK,RANBAXY,420.0,CE,0.0,0.0,0.0,81.75,97.15,0,0.0,0
2012-08-16,2012-09-27,OPTSTK,RANBAXY,440.0,CE,0.0,0.0,0.0,65.75,78.6,0,0.0,0
2012-08-16,2012-09-27,OPTSTK,RANBAXY,460.0,CE,0.0,0.0,0.0,51.4,61.25,0,0.0,0
2012-08-16,2012-09-27,OPTSTK,RANBAXY,480.0,CE,0.0,0.0,0.0,39.1,45.75,0,0.0,0
2012-08-16,2012-09-27,OPTSTK,RANBAXY,500.0,CE,0.0,0.0,0.0,21.0,32.65,0,0.0,1000
2012-08-16,2012-09-27,OPTSTK,RANBAXY,520.0,CE,16.5,17.0,16.5,17.0,17.0,2,5.36,5000
2012-08-16,2012-09-27,OPTSTK,RANBAXY,540.0,CE,8.0,8.9,8.0,8.9,8.9,7,19.2,6000
2012-08-16,2012-09-27,OPTSTK,RANBAXY,560.0,CE,0.0,0.0,0.0,2.0,8.9,0,0.0,2000
2012-08-16,2012-09-27,OPTSTK,RANBAXY,580.0,CE,0.0,0.0,0.0,4.5,5.2,0,0.0,500
2012-08-16,2012-09-27,OPTSTK,RANBAXY,600.0,CE,1.2,1.2,1.2,1.2,1.2,1,3.0,3000
2012-08-16,2012-09-27,OPTSTK,RANBAXY,620.0,CE,0.0,0.0,0.0,2.75,1.6,0,0.0,0
2012-08-16,2012-09-27,OPTSTK,RANBAXY,640.0,CE,0.0,0.0,0.0,1.7,0.8,0,0.0,0
2012-08-16,2012-09-27,OPTSTK,RANBAXY,660.0,CE,0.0,0.0,0.0,1.05,0.4,0,0.0,0
2012-08-16,2012-09-27,OPTSTK,RANBAXY,680.0,CE,0.0,0.0,0.0,0.65,0.2,0,0.0,0
2012-08-16,2012-09-27,OPTSTK,RANBAXY,700.0,CE,0.0,0.0,0.0,0.3,0.1,0,0.0,0
2012-08-16,2012-09-27,OPTSTK,RANBAXY,720.0,CE,0.0,0.0,0.0,0.2,0.05,0,0.0,0
2012-08-16,2012-09-27,OPTSTK,RANBAXY,280.0,PE,0.0,0.0,0.0,0.05,0.0,0,0.0,0
2012-08-16,2012-09-27,OPTSTK,RANBAXY,300.0,PE,0.0,0.0,0.0,0.05,0.0,0,0.0,0
2012-08-16,2012-09-27,OPTSTK,RANBAXY,320.0,PE,0.0,0.0,0.0,0.05,0.0,0,0.0,0
2012-08-16,2012-09-27,OPTSTK,RANBAXY,340.0,PE,0.0,0.0,0.0,0.1,0.0,0,0.0,0
2012-08-16,2012-09-27,OPTSTK,RANBAXY,360.0,PE,0.0,0.0,0.0,0.35,0.05,0,0.0,0
2012-08-16,2012-09-27,OPTSTK,RANBAXY,380.0,PE,0.0,0.0,0.0,0.9,0.05,0,0.0,0
2012-08-16,2012-09-27,OPTSTK,RANBAXY,400.0,PE,0.0,0.0,0.0,2.05,0.25,0,0.0,0
2012-08-16,2012-09-27,OPTSTK,RANBAXY,420.0,PE,0.0,0.0,0.0,4.15,0.75,0,0.0,0
2012-08-16,2012-09-27,OPTSTK,RANBAXY,440.0,PE,0.0,0.0,0.0,7.65,1.95,0,0.0,0
2012-08-16,2012-09-27,OPTSTK,RANBAXY,460.0,PE,0.0,0.0,0.0,8.25,4.4,0,0.0,2000
2012-08-16,2012-09-27,OPTSTK,RANBAXY,480.0,PE,0.0,0.0,0.0,14.8,8.7,0,0.0,1000
2012-08-16,2012-09-27,OPTSTK,RANBAXY,500.0,PE,0.0,0.0,0.0,13.75,15.35,0,0.0,500
2012-08-16,2012-09-27,OPTSTK,RANBAXY,520.0,PE,16.55,16.55,16.55,16.55,16.55,1,2.68,500
2012-08-16,2012-09-27,OPTSTK,RANBAXY,540.0,PE,0.0,0.0,0.0,54.15,36.7,0,0.0,0
2012-08-16,2012-09-27,OPTSTK,RANBAXY,560.0,PE,0.0,0.0,0.0,69.1,51.0,0,0.0,0
2012-08-16,2012-09-27,OPTSTK,RANBAXY,580.0,PE,0.0,0.0,0.0,85.3,67.1,0,0.0,0
2012-08-16,2012-09-27,OPTSTK,RANBAXY,600.0,PE,0.0,0.0,0.0,102.5,84.65,0,0.0,0
2012-08-16,2012-09-27,OPTSTK,RANBAXY,620.0,PE,0.0,0.0,0.0,120.5,103.1,0,0.0,0
2012-08-16,2012-09-27,OPTSTK,RANBAXY,640.0,PE,0.0,0.0,0.0,139.0,122.1,0,0.0,0
2012-08-16,2012-09-27,OPTSTK,RANBAXY,660.0,PE,0.0,0.0,0.0,157.85,141.5,0,0.0,0
2012-08-16,2012-09-27,OPTSTK,RANBAXY,680.0,PE,0.0,0.0,0.0,177.0,161.1,0,0.0,0
2012-08-16,2012-09-27,OPTSTK,RANBAXY,700.0,PE,0.0,0.0,0.0,194.05,180.75,0,0.0,0
2012-08-16,2012-09-27,OPTSTK,RANBAXY,720.0,PE,0.0,0.0,0.0,202.3,200.5,0,0.0,0
2012-08-16,2012-10-25,OPTSTK,RANBAXY,280.0,CE,0.0,0.0,0.0,206.25,236.95,0,0.0,0
2012-08-16,2012-10-25,OPTSTK,RANBAXY,300.0,CE,0.0,0.0,0.0,186.7,217.25,0,0.0,0
2012-08-16,2012-10-25,OPTSTK,RANBAXY,320.0,CE,0.0,0.0,0.0,167.15,197.6,0,0.0,0
2012-08-16,2012-10-25,OPTSTK,RANBAXY,340.0,CE,0.0,0.0,0.0,147.65,178.0,0,0.0,0
2012-08-16,2012-10-25,OPTSTK,RANBAXY,360.0,CE,0.0,0.0,0.0,128.2,158.45,0,0.0,0
2012-08-16,2012-10-25,OPTSTK,RANBAXY,380.0,CE,0.0,0.0,0.0,109.05,139.0,0,0.0,0
2012-08-16,2012-10-25,OPTSTK,RANBAXY,400.0,CE,0.0,0.0,0.0,90.45,119.95,0,0.0,0
2012-08-16,2012-10-25,OPTSTK,RANBAXY,420.0,CE,0.0,0.0,0.0,72.85,101.5,0,0.0,0
2012-08-16,2012-10-25,OPTSTK,RANBAXY,440.0,CE,0.0,0.0,0.0,56.75,84.05,0,0.0,0
2012-08-16,2012-10-25,OPTSTK,RANBAXY,460.0,CE,0.0,0.0,0.0,42.6,67.9,0,0.0,0
2012-08-16,2012-10-25,OPTSTK,RANBAXY,480.0,CE,0.0,0.0,0.0,30.8,53.5,0,0.0,0
2012-08-16,2012-10-25,OPTSTK,RANBAXY,500.0,CE,0.0,0.0,0.0,21.4,41.05,0,0.0,0
2012-08-16,2012-10-25,OPTSTK,RANBAXY,520.0,CE,0.0,0.0,0.0,14.35,30.65,0,0.0,0
2012-08-16,2012-10-25,OPTSTK,RANBAXY,540.0,CE,0.0,0.0,0.0,9.25,22.3,0,0.0,0
2012-08-16,2012-10-25,OPTSTK,RANBAXY,560.0,CE,0.0,0.0,0.0,5.75,15.8,0,0.0,0
2012-08-16,2012-10-25,OPTSTK,RANBAXY,580.0,CE,0.0,0.0,0.0,3.45,10.95,0,0.0,0
2012-08-16,2012-10-25,OPTSTK,RANBAXY,600.0,CE,0.0,0.0,0.0,2.0,7.4,0,0.0,0
2012-08-16,2012-10-25,OPTSTK,RANBAXY,620.0,CE,0.0,0.0,0.0,1.15,4.85,0,0.0,0
2012-08-16,2012-10-25,OPTSTK,RANBAXY,640.0,CE,0.0,0.0,0.0,0.65,3.15,0,0.0,0
2012-08-16,2012-10-25,OPTSTK,RANBAXY,660.0,CE,0.0,0.0,0.0,0.35,2.0,0,0.0,0
2012-08-16,2012-10-25,OPTSTK,RANBAXY,680.0,CE,0.0,0.0,0.0,0.2,1.25,0,0.0,0
2012-08-16,2012-10-25,OPTSTK,RANBAXY,700.0,CE,0.0,0.0,0.0,0.25,0.75,0,0.0,0
2012-08-16,2012-10-25,OPTSTK,RANBAXY,720.0,CE,0.0,0.0,0.0,0.1,0.45,0,0.0,0
2012-08-16,2012-10-25,OPTSTK,RANBAXY,280.0,PE,0.0,0.0,0.0,0.05,0.0,0,0.0,0
2012-08-16,2012-10-25,OPTSTK,RANBAXY,300.0,PE,0.0,0.0,0.0,0.05,0.0,0,0.0,0
2012-08-16,2012-10-25,OPTSTK,RANBAXY,320.0,PE,0.0,0.0,0.0,0.05,0.05,0,0.0,0
2012-08-16,2012-10-25,OPTSTK,RANBAXY,340.0,PE,0.0,0.0,0.0,0.05,0.05,0,0.0,0
2012-08-16,2012-10-25,OPTSTK,RANBAXY,360.0,PE,0.0,0.0,0.0,0.2,0.15,0,0.0,0
2012-08-16,2012-10-25,OPTSTK,RANBAXY,380.0,PE,0.0,0.0,0.0,0.6,0.4,0,0.0,0
2012-08-16,2012-10-25,OPTSTK,RANBAXY,400.0,PE,0.0,0.0,0.0,1.55,1.0,0,0.0,0
2012-08-16,2012-10-25,OPTSTK,RANBAXY,420.0,PE,0.0,0.0,0.0,3.45,2.2,0,0.0,0
2012-08-16,2012-10-25,OPTSTK,RANBAXY,440.0,PE,0.0,0.0,0.0,6.9,4.4,0,0.0,0
2012-08-16,2012-10-25,OPTSTK,RANBAXY,460.0,PE,0.0,0.0,0.0,12.3,7.9,0,0.0,0
2012-08-16,2012-10-25,OPTSTK,RANBAXY,480.0,PE,0.0,0.0,0.0,20.05,13.15,0,0.0,0
2012-08-16,2012-10-25,OPTSTK,RANBAXY,500.0,PE,0.0,0.0,0.0,30.2,20.35,0,0.0,0
2012-08-16,2012-10-25,OPTSTK,RANBAXY,520.0,PE,0.0,0.0,0.0,42.7,29.6,0,0.0,0
2012-08-16,2012-10-25,OPTSTK,RANBAXY,540.0,PE,0.0,0.0,0.0,57.15,40.9,0,0.0,0
2012-08-16,2012-10-25,OPTSTK,RANBAXY,560.0,PE,0.0,0.0,0.0,73.2,54.05,0,0.0,0
2012-08-16,2012-10-25,OPTSTK,RANBAXY,580.0,PE,0.0,0.0,0.0,90.45,68.9,0,0.0,0
2012-08-16,2012-10-25,OPTSTK,RANBAXY,600.0,PE,0.0,0.0,0.0,108.55,85.0,0,0.0,0
2012-08-16,2012-10-25,OPTSTK,RANBAXY,620.0,PE,0.0,0.0,0.0,127.2,102.15,0,0.0,0
2012-08-16,2012-10-25,OPTSTK,RANBAXY,640.0,PE,0.0,0.0,0.0,146.25,120.05,0,0.0,0
2012-08-16,2012-10-25,OPTSTK,RANBAXY,660.0,PE,0.0,0.0,0.0,165.5,138.55,0,0.0,0
2012-08-16,2012-10-25,OPTSTK,RANBAXY,680.0,PE,0.0,0.0,0.0,184.9,157.45,0,0.0,0
2012-08-16,2012-10-25,OPTSTK,RANBAXY,700.0,PE,0.0,0.0,0.0,189.95,176.65,0,0.0,0
2012-08-16,2012-10-25,OPTSTK,RANBAXY,720.0,PE,0.0,0.0,0.0,202.85,196.0,0,0.0,0
2012-08-16,2012-08-30,OPTSTK,RAYMOND,220.0,CE,0.0,0.0,0.0,148.1,149.35,0,0.0,0
2012-08-16,2012-08-30,OPTSTK,RAYMOND,240.0,CE,0.0,0.0,0.0,128.65,129.4,0,0.0,0
2012-08-16,2012-08-30,OPTSTK,RAYMOND,260.0,CE,0.0,0.0,0.0,109.4,109.5,0,0.0,0
2012-08-16,2012-08-30,OPTSTK,RAYMOND,280.0,CE,0.0,0.0,0.0,90.6,89.55,0,0.0,0
2012-08-16,2012-08-30,OPTSTK,RAYMOND,300.0,CE,0.0,0.0,0.0,72.8,69.65,0,0.0,0
2012-08-16,2012-08-30,OPTSTK,RAYMOND,320.0,CE,0.0,0.0,0.0,56.55,49.8,0,0.0,0
2012-08-16,2012-08-30,OPTSTK,RAYMOND,340.0,CE,0.0,0.0,0.0,22.0,30.85,0,0.0,2000
2012-08-16,2012-08-30,OPTSTK,RAYMOND,360.0,CE,0.0,0.0,0.0,9.75,15.25,0,0.0,6000
2012-08-16,2012-08-30,OPTSTK,RAYMOND,380.0,CE,0.0,0.0,0.0,8.0,5.6,0,0.0,3000
2012-08-16,2012-08-30,OPTSTK,RAYMOND,400.0,CE,0.0,0.0,0.0,14.2,1.45,0,0.0,0
2012-08-16,2012-08-30,OPTSTK,RAYMOND,420.0,CE,0.0,0.0,0.0,9.25,0.3,0,0.0,0
2012-08-16,2012-08-30,OPTSTK,RAYMOND,440.0,CE,0.0,0.0,0.0,5.8,0.05,0,0.0,0
2012-08-16,2012-08-30,OPTSTK,RAYMOND,460.0,CE,0.0,0.0,0.0,3.55,0.0,0,0.0,0
2012-08-16,2012-08-30,OPTSTK,RAYMOND,480.0,CE,0.0,0.0,0.0,2.1,0.0,0,0.0,0
2012-08-16,2012-08-30,OPTSTK,RAYMOND,500.0,CE,0.0,0.0,0.0,1.25,0.0,0,0.0,0
2012-08-16,2012-08-30,OPTSTK,RAYMOND,520.0,CE,0.0,0.0,0.0,0.7,0.0,0,0.0,0
2012-08-16,2012-08-30,OPTSTK,RAYMOND,220.0,PE,0.0,0.0,0.0,0.05,0.0,0,0.0,0
2012-08-16,2012-08-30,OPTSTK,RAYMOND,240.0,PE,0.0,0.0,0.0,0.1,0.0,0,0.0,0
2012-08-16,2012-08-30,OPTSTK,RAYMOND,260.0,PE,0.0,0.0,0.0,0.35,0.0,0,0.0,0
2012-08-16,2012-08-30,OPTSTK,RAYMOND,280.0,PE,0.0,0.0,0.0,1.1,0.0,0,0.0,0
2012-08-16,2012-08-30,OPTSTK,RAYMOND,300.0,PE,0.0,0.0,0.0,2.85,0.0,0,0.0,0
2012-08-16,2012-08-30,OPTSTK,RAYMOND,320.0,PE,0.0,0.0,0.0,6.05,0.15,0,0.0,0
2012-08-16,2012-08-30,OPTSTK,RAYMOND,340.0,PE,0.0,0.0,0.0,4.2,1.15,0,0.0,2000
2012-08-16,2012-08-30,OPTSTK,RAYMOND,360.0,PE,0.0,0.0,0.0,9.25,5.45,0,0.0,1000
2012-08-16,2012-08-30,OPTSTK,RAYMOND,380.0,PE,0.0,0.0,0.0,29.3,15.7,0,0.0,0
2012-08-16,2012-08-30,OPTSTK,RAYMOND,400.0,PE,0.0,0.0,0.0,41.85,31.55,0,0.0,0
2012-08-16,2012-08-30,OPTSTK,RAYMOND,420.0,PE,0.0,0.0,0.0,56.35,50.3,0,0.0,0
2012-08-16,2012-08-30,OPTSTK,RAYMOND,440.0,PE,0.0,0.0,0.0,72.45,70.0,0,0.0,0
2012-08-16,2012-08-30,OPTSTK,RAYMOND,460.0,PE,0.0,0.0,0.0,89.7,89.9,0,0.0,0
2012-08-16,2012-08-30,OPTSTK,RAYMOND,480.0,PE,0.0,0.0,0.0,107.8,109.8,0,0.0,0
2012-08-16,2012-08-30,OPTSTK,RAYMOND,500.0,PE,0.0,0.0,0.0,126.45,129.75,0,0.0,0
2012-08-16,2012-08-30,OPTSTK,RAYMOND,520.0,PE,0.0,0.0,0.0,145.45,149.7,0,0.0,0
2012-08-16,2012-09-27,OPTSTK,RAYMOND,220.0,CE,0.0,0.0,0.0,182.65,150.9,0,0.0,0
2012-08-16,2012-09-27,OPTSTK,RAYMOND,240.0,CE,0.0,0.0,0.0,163.1,131.1,0,0.0,0
2012-08-16,2012-09-27,OPTSTK,RAYMOND,260.0,CE,0.0,0.0,0.0,143.6,111.3,0,0.0,0
2012-08-16,2012-09-27,OPTSTK,RAYMOND,280.0,CE,0.0,0.0,0.0,124.2,91.6,0,0.0,0
2012-08-16,2012-09-27,OPTSTK,RAYMOND,300.0,CE,0.0,0.0,0.0,105.0,72.15,0,0.0,0
2012-08-16,2012-09-27,OPTSTK,RAYMOND,320.0,CE,0.0,0.0,0.0,86.45,53.6,0,0.0,0
2012-08-16,2012-09-27,OPTSTK,RAYMOND,340.0,CE,0.0,0.0,0.0,68.95,37.0,0,0.0,0
2012-08-16,2012-09-27,OPTSTK,RAYMOND,360.0,CE,0.0,0.0,0.0,53.15,23.4,0,0.0,0
2012-08-16,2012-09-27,OPTSTK,RAYMOND,380.0,CE,0.0,0.0,0.0,39.4,13.5,0,0.0,0
2012-08-16,2012-09-27,OPTSTK,RAYMOND,400.0,CE,0.0,0.0,0.0,28.15,7.1,0,0.0,0
2012-08-16,2012-09-27,OPTSTK,RAYMOND,420.0,CE,0.0,0.0,0.0,19.35,3.4,0,0.0,0
2012-08-16,2012-09-27,OPTSTK,RAYMOND,440.0,CE,0.0,0.0,0.0,12.8,1.5,0,0.0,0
2012-08-16,2012-09-27,OPTSTK,RAYMOND,460.0,CE,0.0,0.0,0.0,8.2,0.6,0,0.0,0
2012-08-16,2012-09-27,OPTSTK,RAYMOND,480.0,CE,0.0,0.0,0.0,5.1,0.25,0,0.0,0
2012-08-16,2012-09-27,OPTSTK,RAYMOND,500.0,CE,0.0,0.0,0.0,3.05,0.1,0,0.0,0
2012-08-16,2012-09-27,OPTSTK,RAYMOND,520.0,CE,0.0,0.0,0.0,1.8,0.05,0,0.0,0
2012-08-16,2012-09-27,OPTSTK,RAYMOND,220.0,PE,0.0,0.0,0.0,0.05,0.0,0,0.0,0
2012-08-16,2012-09-27,OPTSTK,RAYMOND,240.0,PE,0.0,0.0,0.0,0.05,0.0,0,0.0,0
2012-08-16,2012-09-27,OPTSTK,RAYMOND,260.0,PE,0.0,0.0,0.0,0.05,0.05,0,0.0,0
2012-08-16,2012-09-27,OPTSTK,RAYMOND,280.0,PE,0.0,0.0,0.0,0.15,0.1,0,0.0,0
2012-08-16,2012-09-27,OPTSTK,RAYMOND,300.0,PE,0.0,0.0,0.0,0.55,0.45,0,0.0,0
2012-08-16,2012-09-27,OPTSTK,RAYMOND,320.0,PE,0.0,0.0,0.0,1.5,1.7,0,0.0,0
2012-08-16,2012-09-27,OPTSTK,RAYMOND,340.0,PE,0.0,0.0,0.0,3.55,4.85,0,0.0,0
2012-08-16,2012-09-27,OPTSTK,RAYMOND,360.0,PE,0.0,0.0,0.0,7.25,11.1,0,0.0,0
2012-08-16,2012-09-27,OPTSTK,RAYMOND,380.0,PE,0.0,0.0,0.0,13.05,20.95,0,0.0,0
2012-08-16,2012-09-27,OPTSTK,RAYMOND,400.0,PE,0.0,0.0,0.0,21.35,34.35,0,0.0,0
2012-08-16,2012-09-27,OPTSTK,RAYMOND,420.0,PE,0.0,0.0,0.0,32.05,50.45,0,0.0,0
2012-08-16,2012-09-27,OPTSTK,RAYMOND,440.0,PE,0.0,0.0,0.0,45.1,68.35,0,0.0,0
2012-08-16,2012-09-27,OPTSTK,RAYMOND,460.0,PE,0.0,0.0,0.0,60.0,87.25,0,0.0,0
2012-08-16,2012-09-27,OPTSTK,RAYMOND,480.0,PE,0.0,0.0,0.0,76.4,106.7,0,0.0,0
2012-08-16,2012-09-27,OPTSTK,RAYMOND,500.0,PE,0.0,0.0,0.0,93.95,126.35,0,0.0,0
2012-08-16,2012-09-27,OPTSTK,RAYMOND,520.0,PE,0.0,0.0,0.0,112.2,146.05,0,0.0,0
2012-08-16,2012-10-25,OPTSTK,RAYMOND,220.0,CE,0.0,0.0,0.0,121.3,152.4,0,0.0,0
2012-08-16,2012-10-25,OPTSTK,RAYMOND,240.0,CE,0.0,0.0,0.0,102.5,132.75,0,0.0,0
2012-08-16,2012-10-25,OPTSTK,RAYMOND,260.0,CE,0.0,0.0,0.0,84.55,113.2,0,0.0,0
2012-08-16,2012-10-25,OPTSTK,RAYMOND,280.0,CE,0.0,0.0,0.0,67.9,93.85,0,0.0,0
2012-08-16,2012-10-25,OPTSTK,RAYMOND,300.0,CE,0.0,0.0,0.0,53.1,75.15,0,0.0,0
2012-08-16,2012-10-25,OPTSTK,RAYMOND,320.0,CE,0.0,0.0,0.0,40.4,57.7,0,0.0,0
2012-08-16,2012-10-25,OPTSTK,RAYMOND,340.0,CE,0.0,0.0,0.0,29.9,42.3,0,0.0,0
2012-08-16,2012-10-25,OPTSTK,RAYMOND,360.0,CE,0.0,0.0,0.0,21.6,29.45,0,0.0,0
2012-08-16,2012-10-25,OPTSTK,RAYMOND,380.0,CE,0.0,0.0,0.0,15.25,19.45,0,0.0,0
2012-08-16,2012-10-25,OPTSTK,RAYMOND,400.0,CE,0.0,0.0,0.0,10.55,12.2,0,0.0,0
2012-08-16,2012-10-25,OPTSTK,RAYMOND,420.0,CE,0.0,0.0,0.0,7.15,7.3,0,0.0,0
2012-08-16,2012-10-25,OPTSTK,RAYMOND,440.0,CE,0.0,0.0,0.0,4.8,4.2,0,0.0,0
2012-08-16,2012-10-25,OPTSTK,RAYMOND,460.0,CE,0.0,0.0,0.0,3.15,2.3,0,0.0,0
2012-08-16,2012-10-25,OPTSTK,RAYMOND,480.0,CE,0.0,0.0,0.0,2.05,1.2,0,0.0,0
2012-08-16,2012-10-25,OPTSTK,RAYMOND,500.0,CE,0.0,0.0,0.0,1.3,0.65,0,0.0,0
2012-08-16,2012-10-25,OPTSTK,RAYMOND,520.0,CE,0.0,0.0,0.0,0.85,0.3,0,0.0,0
2012-08-16,2012-10-25,OPTSTK,RAYMOND,220.0,PE,0.0,0.0,0.0,0.35,0.0,0,0.0,0
2012-08-16,2012-10-25,OPTSTK,RAYMOND,240.0,PE,0.0,0.0,0.0,1.1,0.05,0,0.0,0
2012-08-16,2012-10-25,OPTSTK,RAYMOND,260.0,PE,0.0,0.0,0.0,2.65,0.1,0,0.0,0
2012-08-16,2012-10-25,OPTSTK,RAYMOND,280.0,PE,0.0,0.0,0.0,5.6,0.45,0,0.0,0
2012-08-16,2012-10-25,OPTSTK,RAYMOND,300.0,PE,0.0,0.0,0.0,10.35,1.4,0,0.0,0
2012-08-16,2012-10-25,OPTSTK,RAYMOND,320.0,PE,0.0,0.0,0.0,17.15,3.6,0,0.0,0
2012-08-16,2012-10-25,OPTSTK,RAYMOND,340.0,PE,0.0,0.0,0.0,26.25,7.85,0,0.0,0
2012-08-16,2012-10-25,OPTSTK,RAYMOND,360.0,PE,0.0,0.0,0.0,37.5,14.65,0,0.0,0
2012-08-16,2012-10-25,OPTSTK,RAYMOND,380.0,PE,0.0,0.0,0.0,50.7,24.35,0,0.0,0
2012-08-16,2012-10-25,OPTSTK,RAYMOND,400.0,PE,0.0,0.0,0.0,65.55,36.75,0,0.0,0
2012-08-16,2012-10-25,OPTSTK,RAYMOND,420.0,PE,0.0,0.0,0.0,81.7,51.5,0,0.0,0
2012-08-16,2012-10-25,OPTSTK,RAYMOND,440.0,PE,0.0,0.0,0.0,98.85,68.05,0,0.0,0
2012-08-16,2012-10-25,OPTSTK,RAYMOND,460.0,PE,0.0,0.0,0.0,116.75,85.8,0,0.0,0
2012-08-16,2012-10-25,OPTSTK,RAYMOND,480.0,PE,0.0,0.0,0.0,135.2,104.4,0,0.0,0
2012-08-16,2012-10-25,OPTSTK,RAYMOND,500.0,PE,0.0,0.0,0.0,154.0,123.45,0,0.0,0
2012-08-16,2012-10-25,OPTSTK,RAYMOND,520.0,PE,0.0,0.0,0.0,173.1,142.8,0,0.0,0
2012-08-16,2012-08-30,OPTSTK,RCOM,30.0,CE,0.0,0.0,0.0,35.3,26.4,0,0.0,0
2012-08-16,2012-08-30,OPTSTK,RCOM,35.0,CE,0.0,0.0,0.0,30.45,21.45,0,0.0,0
2012-08-16,2012-08-30,OPTSTK,RCOM,40.0,CE,0.0,0.0,0.0,25.6,16.45,0,0.0,0
2012-08-16,2012-08-30,OPTSTK,RCOM,45.0,CE,0.0,0.0,0.0,20.95,11.45,0,0.0,0
2012-08-16,2012-08-30,OPTSTK,RCOM,50.0,CE,6.5,6.5,6.5,6.5,6.5,1,2.26,212000
2012-08-16,2012-08-30,OPTSTK,RCOM,55.0,CE,2.7,3.05,2.1,2.3,2.3,243,559.35,1672000
2012-08-16,2012-08-30,OPTSTK,RCOM,60.0,CE,0.7,0.95,0.55,0.65,0.65,718,1744.13,5292000
2012-08-16,2012-08-30,OPTSTK,RCOM,65.0,CE,0.25,0.3,0.15,0.2,0.2,151,393.9,3616000
2012-08-16,2012-08-30,OPTSTK,RCOM,70.0,CE,0.1,0.15,0.1,0.1,0.1,60,168.26,3644000
2012-08-16,2012-08-30,OPTSTK,RCOM,75.0,CE,0.05,0.05,0.05,0.05,0.05,2,6.0,664000
2012-08-16,2012-08-30,OPTSTK,RCOM,80.0,CE,0.05,0.05,0.05,0.05,0.05,5,16.01,388000
2012-08-16,2012-08-30,OPTSTK,RCOM,85.0,CE,0.0,0.0,0.0,0.05,0.0,0,0.0,36000
2012-08-16,2012-08-30,OPTSTK,RCOM,90.0,CE,0.0,0.0,0.0,0.05,0.0,0,0.0,40000
2012-08-16,2012-08-30,OPTSTK,RCOM,95.0,CE,0.0,0.0,0.0,0.55,0.0,0,0.0,0
2012-08-16,2012-08-30,OPTSTK,RCOM,100.0,CE,0.0,0.0,0.0,0.1,0.0,0,0.0,4000
2012-08-16,2012-08-30,OPTSTK,RCOM,105.0,CE,0.0,0.0,0.0,0.2,0.0,0,0.0,0
2012-08-16,2012-08-30,OPTSTK,RCOM,110.0,CE,0.0,0.0,0.0,0.15,0.0,0,0.0,0
2012-08-16,2012-08-30,OPTSTK,RCOM,115.0,CE,0.0,0.0,0.0,0.1,0.0,0,0.0,0
2012-08-16,2012-08-30,OPTSTK,RCOM,30.0,PE,0.0,0.0,0.0,0.05,0.0,0,0.0,0
2012-08-16,2012-08-30,OPTSTK,RCOM,35.0,PE,0.0,0.0,0.0,0.25,0.0,0,0.0,0
2012-08-16,2012-08-30,OPTSTK,RCOM,40.0,PE,0.05,0.05,0.05,0.05,0.05,2,3.2,188000
2012-08-16,2012-08-30,OPTSTK,RCOM,45.0,PE,0.15,0.15,0.1,0.1,0.1,20,36.08,616000
2012-08-16,2012-08-30,OPTSTK,RCOM,50.0,PE,0.3,0.35,0.2,0.25,0.25,126,253.39,1952000
2012-08-16,2012-08-30,OPTSTK,RCOM,55.0,PE,1.2,1.5,1.05,1.15,1.15,436,980.28,1416000
2012-08-16,2012-08-30,OPTSTK,RCOM,60.0,PE,4.1,4.7,4.05,4.2,4.2,6,15.41,692000
2012-08-16,2012-08-30,OPTSTK,RCOM,65.0,PE,0.0,0.0,0.0,8.2,8.6,0,0.0,400000
2012-08-16,2012-08-30,OPTSTK,RCOM,70.0,PE,0.0,0.0,0.0,14.1,13.5,0,0.0,280000
2012-08-16,2012-08-30,OPTSTK,RCOM,75.0,PE,0.0,0.0,0.0,19.75,18.45,0,0.0,44000
2012-08-16,2012-08-30,OPTSTK,RCOM,80.0,PE,24.25,24.25,24.1,24.1,24.1,3,12.5,108000
2012-08-16,2012-08-30,OPTSTK,RCOM,85.0,PE,0.0,0.0,0.0,19.7,28.45,0,0.0,0
2012-08-16,2012-08-30,OPTSTK,RCOM,90.0,PE,0.0,0.0,0.0,37.75,33.4,0,0.0,96000
2012-08-16,2012-08-30,OPTSTK,RCOM,95.0,PE,0.0,0.0,0.0,37.5,38.4,0,0.0,12000
2012-08-16,2012-08-30,OPTSTK,RCOM,100.0,PE,0.0,0.0,0.0,33.4,43.4,0,0.0,0
2012-08-16,2012-08-30,OPTSTK,RCOM,105.0,PE,0.0,0.0,0.0,38.15,48.35,0,0.0,0
2012-08-16,2012-08-30,OPTSTK,RCOM,110.0,PE,0.0,0.0,0.0,52.0,53.35,0,0.0,4000
2012-08-16,2012-08-30,OPTSTK,RCOM,115.0,PE,0.0,0.0,0.0,47.75,58.35,0,0.0,0
2012-08-16,2012-09-27,OPTSTK,RCOM,30.0,CE,0.0,0.0,0.0,32.55,26.65,0,0.0,0
2012-08-16,2012-09-27,OPTSTK,RCOM,35.0,CE,0.0,0.0,0.0,27.7,21.7,0,0.0,0
2012-08-16,2012-09-27,OPTSTK,RCOM,40.0,CE,0.0,0.0,0.0,22.85,16.75,0,0.0,0
2012-08-16,2012-09-27,OPTSTK,RCOM,45.0,CE,0.0,0.0,0.0,18.1,11.95,0,0.0,0
2012-08-16,2012-09-27,OPTSTK,RCOM,50.0,CE,0.0,0.0,0.0,13.7,7.55,0,0.0,0
2012-08-16,2012-09-27,OPTSTK,RCOM,55.0,CE,4.5,4.75,4.35,4.75,4.75,6,14.28,100000
2012-08-16,2012-09-27,OPTSTK,RCOM,60.0,CE,2.3,2.45,2.2,2.3,2.3,11,27.41,76000
2012-08-16,2012-09-27,OPTSTK,RCOM,65.0,CE,1.25,1.25,1.1,1.1,1.1,6,15.87,116000
2012-08-16,2012-09-27,OPTSTK,RCOM,70.0,CE,0.75,0.75,0.6,0.6,0.6,3,8.48,36000
2012-08-16,2012-09-27,OPTSTK,RCOM,75.0,CE,0.0,0.0,0.0,0.45,0.1,0,0.0,28000
2012-08-16,2012-09-27,OPTSTK,RCOM,80.0,CE,0.0,0.0,0.0,2.0,0.05,0,0.0,8000
2012-08-16,2012-09-27,OPTSTK,RCOM,85.0,CE,0.0,0.0,0.0,0.5,0.05,0,0.0,0
2012-08-16,2012-09-27,OPTSTK,RCOM,90.0,CE,0.0,0.0,0.0,0.75,0.0,0,0.0,8000
2012-08-16,2012-09-27,OPTSTK,RCOM,95.0,CE,0.0,0.0,0.0,0.15,0.0,0,0.0,0
2012-08-16,2012-09-27,OPTSTK,RCOM,100.0,CE,0.0,0.0,0.0,0.1,0.0,0,0.0,0
2012-08-16,2012-09-27,OPTSTK,RCOM,105.0,CE,0.0,0.0,0.0,0.05,0.0,0,0.0,0
2012-08-16,2012-09-27,OPTSTK,RCOM,110.0,CE,0.0,0.0,0.0,0.05,0.0,0,0.0,0
2012-08-16,2012-09-27,OPTSTK,RCOM,30.0,PE,0.0,0.0,0.0,0.05,0.0,0,0.0,0
2012-08-16,2012-09-27,OPTSTK,RCOM,35.0,PE,0.0,0.0,0.0,0.05,0.0,0,0.0,0
2012-08-16,2012-09-27,OPTSTK,RCOM,40.0,PE,0.4,0.4,0.4,0.4,0.4,1,1.61,4000
2012-08-16,2012-09-27,OPTSTK,RCOM,45.0,PE,0.0,0.0,0.0,0.4,0.15,0,0.0,4000
2012-08-16,2012-09-27,OPTSTK,RCOM,50.0,PE,0.9,1.0,0.9,0.95,0.95,11,22.42,60000
2012-08-16,2012-09-27,OPTSTK,RCOM,55.0,PE,2.8,2.8,2.8,2.8,2.8,1,2.31,48000
2012-08-16,2012-09-27,OPTSTK,RCOM,60.0,PE,0.0,0.0,0.0,5.0,5.05,0,0.0,4000
2012-08-16,2012-09-27,OPTSTK,RCOM,65.0,PE,0.0,0.0,0.0,5.95,8.85,0,0.0,0
2012-08-16,2012-09-27,OPTSTK,RCOM,70.0,PE,0.0,0.0,0.0,7.5,13.3,0,0.0,4000
2012-08-16,2012-09-27,OPTSTK,RCOM,75.0,PE,0.0,0.0,0.0,13.0,18.05,0,0.0,0
2012-08-16,2012-09-27,OPTSTK,RCOM,80.0,PE,0.0,0.0,0.0,17.2,22.9,0,0.0,0
2012-08-16,2012-09-27,OPTSTK,RCOM,85.0,PE,0.0,0.0,0.0,21.7,27.85,0,0.0,0
2012-08-16,2012-09-27,OPTSTK,RCOM,90.0,PE,0.0,0.0,0.0,26.35,32.8,0,0.0,0
2012-08-16,2012-09-27,OPTSTK,RCOM,95.0,PE,0.0,0.0,0.0,31.1,37.75,0,0.0,0
2012-08-16,2012-09-27,OPTSTK,RCOM,100.0,PE,0.0,0.0,0.0,35.9,42.7,0,0.0,0
2012-08-16,2012-09-27,OPTSTK,RCOM,105.0,PE,0.0,0.0,0.0,40.75,47.65,0,0.0,0
2012-08-16,2012-09-27,OPTSTK,RCOM,110.0,PE,0.0,0.0,0.0,45.65,52.6,0,0.0,0
2012-08-16,2012-10-25,OPTSTK,RCOM,30.0,CE,0.0,0.0,0.0,26.8,26.85,0,0.0,0
2012-08-16,2012-10-25,OPTSTK,RCOM,35.0,CE,0.0,0.0,0.0,22.0,21.95,0,0.0,0
2012-08-16,2012-10-25,OPTSTK,RCOM,40.0,CE,0.0,0.0,0.0,17.4,17.1,0,0.0,0
2012-08-16,2012-10-25,OPTSTK,RCOM,45.0,CE,0.0,0.0,0.0,13.2,12.5,0,0.0,0
2012-08-16,2012-10-25,OPTSTK,RCOM,50.0,CE,0.0,0.0,0.0,9.55,8.45,0,0.0,0
2012-08-16,2012-10-25,OPTSTK,RCOM,55.0,CE,0.0,0.0,0.0,6.65,5.25,0,0.0,0
2012-08-16,2012-10-25,OPTSTK,RCOM,60.0,CE,0.0,0.0,0.0,4.45,3.0,0,0.0,0
2012-08-16,2012-10-25,OPTSTK,RCOM,65.0,CE,0.0,0.0,0.0,2.9,1.6,0,0.0,0
2012-08-16,2012-10-25,OPTSTK,RCOM,70.0,CE,0.0,0.0,0.0,1.85,0.8,0,0.0,0
2012-08-16,2012-10-25,OPTSTK,RCOM,75.0,CE,0.0,0.0,0.0,1.15,0.4,0,0.0,0
2012-08-16,2012-10-25,OPTSTK,RCOM,80.0,CE,0.0,0.0,0.0,0.7,0.2,0,0.0,0
2012-08-16,2012-10-25,OPTSTK,RCOM,85.0,CE,0.0,0.0,0.0,0.4,0.1,0,0.0,0
2012-08-16,2012-10-25,OPTSTK,RCOM,90.0,CE,0.0,0.0,0.0,0.25,0.05,0,0.0,0
2012-08-16,2012-10-25,OPTSTK,RCOM,95.0,CE,0.0,0.0,0.0,0.15,0.05,0,0.0,0
2012-08-16,2012-10-25,OPTSTK,RCOM,100.0,CE,0.0,0.0,0.0,0.1,0.0,0,0.0,0
2012-08-16,2012-10-25,OPTSTK,RCOM,105.0,CE,0.0,0.0,0.0,0.05,0.0,0,0.0,0
2012-08-16,2012-10-25,OPTSTK,RCOM,30.0,PE,0.0,0.0,0.0,0.05,0.0,0,0.0,0
2012-08-16,2012-10-25,OPTSTK,RCOM,35.0,PE,0.0,0.0,0.0,0.1,0.05,0,0.0,0
2012-08-16,2012-10-25,OPTSTK,RCOM,40.0,PE,0.0,0.0,0.0,0.4,0.1,0,0.0,0
2012-08-16,2012-10-25,OPTSTK,RCOM,45.0,PE,0.0,0.0,0.0,1.05,0.4,0,0.0,0
2012-08-16,2012-10-25,OPTSTK,RCOM,50.0,PE,0.0,0.0,0.0,2.35,1.3,0,0.0,0
2012-08-16,2012-10-25,OPTSTK,RCOM,55.0,PE,0.0,0.0,0.0,4.3,3.0,0,0.0,0
2012-08-16,2012-10-25,OPTSTK,RCOM,60.0,PE,0.0,0.0,0.0,7.0,5.7,0,0.0,0
2012-08-16,2012-10-25,OPTSTK,RCOM,65.0,PE,0.0,0.0,0.0,10.3,9.2,0,0.0,0
2012-08-16,2012-10-25,OPTSTK,RCOM,70.0,PE,0.0,0.0,0.0,14.15,13.3,0,0.0,0
2012-08-16,2012-10-25,OPTSTK,RCOM,75.0,PE,0.0,0.0,0.0,18.35,17.8,0,0.0,0
2012-08-16,2012-10-25,OPTSTK,RCOM,80.0,PE,0.0,0.0,0.0,22.75,22.5,0,0.0,0
2012-08-16,2012-10-25,OPTSTK,RCOM,85.0,PE,0.0,0.0,0.0,27.4,27.35,0,0.0,0
2012-08-16,2012-10-25,OPTSTK,RCOM,90.0,PE,0.0,0.0,0.0,32.1,32.2,0,0.0,0
2012-08-16,2012-10-25,OPTSTK,RCOM,95.0,PE,0.0,0.0,0.0,36.9,37.1,0,0.0,0
2012-08-16,2012-10-25,OPTSTK,RCOM,100.0,PE,0.0,0.0,0.0,41.75,42.0,0,0.0,0
2012-08-16,2012-10-25,OPTSTK,RCOM,105.0,PE,0.0,0.0,0.0,46.6,46.9,0,0.0,0
2012-08-16,2012-08-30,OPTSTK,RECLTD,110.0,CE,0.0,0.0,0.0,57.45,99.65,0,0.0,0
2012-08-16,2012-08-30,OPTSTK,RECLTD,120.0,CE,0.0,0.0,0.0,48.1,89.65,0,0.0,0
2012-08-16,2012-08-30,OPTSTK,RECLTD,130.0,CE,0.0,0.0,0.0,39.2,79.7,0,0.0,0
2012-08-16,2012-08-30,OPTSTK,RECLTD,140.0,CE,0.0,0.0,0.0,31.05,69.75,0,0.0,0
2012-08-16,2012-08-30,OPTSTK,RECLTD,150.0,CE,0.0,0.0,0.0,23.9,59.75,0,0.0,0
2012-08-16,2012-08-30,OPTSTK,RECLTD,160.0,CE,0.0,0.0,0.0,17.8,49.8,0,0.0,0
2012-08-16,2012-08-30,OPTSTK,RECLTD,170.0,CE,0.0,0.0,0.0,31.6,39.9,0,0.0,3000
2012-08-16,2012-08-30,OPTSTK,RECLTD,180.0,CE,0.0,0.0,0.0,28.95,30.15,0,0.0,22000
2012-08-16,2012-08-30,OPTSTK,RECLTD,190.0,CE,25.25,25.25,21.6,21.6,21.6,3,6.39,28000
2012-08-16,2012-08-30,OPTSTK,RECLTD,200.0,CE,15.5,16.6,12.85,12.85,12.85,11,23.67,77000
2012-08-16,2012-08-30,OPTSTK,RECLTD,210.0,CE,7.0,9.15,5.0,5.5,5.5,47,102.16,77000
2012-08-16,2012-08-30,OPTSTK,RECLTD,220.0,CE,3.2,4.0,1.75,2.1,2.1,100,223.23,150000
2012-08-16,2012-08-30,OPTSTK,RECLTD,230.0,CE,0.95,1.25,0.8,0.8,0.8,5,11.55,24000
2012-08-16,2012-08-30,OPTSTK,RECLTD,240.0,CE,0.0,0.0,0.0,0.75,0.6,0,0.0,0
2012-08-16,2012-08-30,OPTSTK,RECLTD,250.0,CE,0.0,0.0,0.0,0.45,0.2,0,0.0,0
2012-08-16,2012-08-30,OPTSTK,RECLTD,260.0,CE,0.0,0.0,0.0,0.3,0.05,0,0.0,0
2012-08-16,2012-08-30,OPTSTK,RECLTD,110.0,PE,0.0,0.0,0.0,0.2,0.0,0,0.0,0
2012-08-16,2012-08-30,OPTSTK,RECLTD,120.0,PE,0.0,0.0,0.0,0.6,0.0,0,0.0,0
2012-08-16,2012-08-30,OPTSTK,RECLTD,130.0,PE,0.0,0.0,0.0,1.45,0.0,0,0.0,0
2012-08-16,2012-08-30,OPTSTK,RECLTD,140.0,PE,0.0,0.0,0.0,3.1,0.0,0,0.0,0
2012-08-16,2012-08-30,OPTSTK,RECLTD,150.0,PE,0.0,0.0,0.0,5.65,0.0,0,0.0,0
2012-08-16,2012-08-30,OPTSTK,RECLTD,160.0,PE,0.0,0.0,0.0,9.35,0.0,0,0.0,0
2012-08-16,2012-08-30,OPTSTK,RECLTD,170.0,PE,0.0,0.0,0.0,0.05,0.05,0,0.0,13000
2012-08-16,2012-08-30,OPTSTK,RECLTD,180.0,PE,0.0,0.0,0.0,0.6,0.3,0,0.0,29000
2012-08-16,2012-08-30,OPTSTK,RECLTD,190.0,PE,0.45,0.65,0.45,0.65,0.65,7,13.33,46000
2012-08-16,2012-08-30,OPTSTK,RECLTD,200.0,PE,1.25,2.1,1.05,2.0,2.0,50,100.74,122000
2012-08-16,2012-08-30,OPTSTK,RECLTD,210.0,PE,3.8,5.8,3.5,5.55,5.55,45,96.46,39000
2012-08-16,2012-08-30,OPTSTK,RECLTD,220.0,PE,8.5,10.0,8.5,10.0,10.0,2,4.58,4000
2012-08-16,2012-08-30,OPTSTK,RECLTD,230.0,PE,0.0,0.0,0.0,17.0,21.5,0,0.0,1000
2012-08-16,2012-08-30,OPTSTK,RECLTD,240.0,PE,0.0,0.0,0.0,70.35,30.55,0,0.0,0
2012-08-16,2012-08-30,OPTSTK,RECLTD,250.0,PE,0.0,0.0,0.0,79.85,40.1,0,0.0,0
2012-08-16,2012-08-30,OPTSTK,RECLTD,260.0,PE,0.0,0.0,0.0,89.45,49.95,0,0.0,0
2012-08-16,2012-09-27,OPTSTK,RECLTD,110.0,CE,0.0,0.0,0.0,74.3,100.4,0,0.0,0
2012-08-16,2012-09-27,OPTSTK,RECLTD,120.0,CE,0.0,0.0,0.0,64.75,90.5,0,0.0,0
2012-08-16,2012-09-27,OPTSTK,RECLTD,130.0,CE,0.0,0.0,0.0,55.45,80.6,0,0.0,0
2012-08-16,2012-09-27,OPTSTK,RECLTD,140.0,CE,0.0,0.0,0.0,46.6,70.75,0,0.0,0
2012-08-16,2012-09-27,OPTSTK,RECLTD,150.0,CE,0.0,0.0,0.0,38.4,60.95,0,0.0,0
2012-08-16,2012-09-27,OPTSTK,RECLTD,160.0,CE,0.0,0.0,0.0,31.05,51.3,0,0.0,0
2012-08-16,2012-09-27,OPTSTK,RECLTD,170.0,CE,0.0,0.0,0.0,24.55,42.0,0,0.0,0
2012-08-16,2012-09-27,OPTSTK,RECLTD,180.0,CE,0.0,0.0,0.0,19.05,33.35,0,0.0,0
2012-08-16,2012-09-27,OPTSTK,RECLTD,190.0,CE,0.0,0.0,0.0,14.55,25.55,0,0.0,0
2012-08-16,2012-09-27,OPTSTK,RECLTD,200.0,CE,0.0,0.0,0.0,10.9,18.9,0,0.0,0
2012-08-16,2012-09-27,OPTSTK,RECLTD,210.0,CE,0.0,0.0,0.0,8.0,13.45,0,0.0,0
2012-08-16,2012-09-27,OPTSTK,RECLTD,220.0,CE,5.85,5.85,5.85,5.85,5.85,1,2.25,2000
2012-08-16,2012-09-27,OPTSTK,RECLTD,230.0,CE,0.0,0.0,0.0,4.2,6.1,0,0.0,0
2012-08-16,2012-09-27,OPTSTK,RECLTD,240.0,CE,0.0,0.0,0.0,3.0,3.9,0,0.0,0
2012-08-16,2012-09-27,OPTSTK,RECLTD,250.0,CE,0.0,0.0,0.0,2.1,2.4,0,0.0,0
2012-08-16,2012-09-27,OPTSTK,RECLTD,260.0,CE,0.0,0.0,0.0,1.45,1.45,0,0.0,0
2012-08-16,2012-09-27,OPTSTK,RECLTD,110.0,PE,0.0,0.0,0.0,0.1,0.0,0,0.0,0
2012-08-16,2012-09-27,OPTSTK,RECLTD,120.0,PE,0.0,0.0,0.0,0.35,0.0,0,0.0,0
2012-08-16,2012-09-27,OPTSTK,RECLTD,130.0,PE,0.0,0.0,0.0,0.85,0.0,0,0.0,0
2012-08-16,2012-09-27,OPTSTK,RECLTD,140.0,PE,0.0,0.0,0.0,1.75,0.05,0,0.0,0
2012-08-16,2012-09-27,OPTSTK,RECLTD,150.0,PE,0.0,0.0,0.0,3.35,0.15,0,0.0,0
2012-08-16,2012-09-27,OPTSTK,RECLTD,160.0,PE,0.0,0.0,0.0,5.7,0.4,0,0.0,0
2012-08-16,2012-09-27,OPTSTK,RECLTD,170.0,PE,0.0,0.0,0.0,9.0,1.0,0,0.0,0
2012-08-16,2012-09-27,OPTSTK,RECLTD,180.0,PE,0.0,0.0,0.0,13.3,2.25,0,0.0,0
2012-08-16,2012-09-27,OPTSTK,RECLTD,190.0,PE,0.0,0.0,0.0,18.5,4.35,0,0.0,0
2012-08-16,2012-09-27,OPTSTK,RECLTD,200.0,PE,0.0,0.0,0.0,24.65,7.55,0,0.0,0
2012-08-16,2012-09-27,OPTSTK,RECLTD,210.0,PE,0.0,0.0,0.0,31.55,12.0,0,0.0,0
2012-08-16,2012-09-27,OPTSTK,RECLTD,220.0,PE,0.0,0.0,0.0,39.15,17.7,0,0.0,0
2012-08-16,2012-09-27,OPTSTK,RECLTD,230.0,PE,0.0,0.0,0.0,47.25,24.45,0,0.0,0
2012-08-16,2012-09-27,OPTSTK,RECLTD,240.0,PE,0.0,0.0,0.0,55.8,32.2,0,0.0,0
2012-08-16,2012-09-27,OPTSTK,RECLTD,250.0,PE,0.0,0.0,0.0,64.7,40.6,0,0.0,0
2012-08-16,2012-09-27,OPTSTK,RECLTD,260.0,PE,0.0,0.0,0.0,73.8,49.5,0,0.0,0
2012-08-16,2012-10-25,OPTSTK,RECLTD,110.0,CE,0.0,0.0,0.0,71.6,101.15,0,0.0,0
2012-08-16,2012-10-25,OPTSTK,RECLTD,120.0,CE,0.0,0.0,0.0,62.0,91.35,0,0.0,0
2012-08-16,2012-10-25,OPTSTK,RECLTD,130.0,CE,0.0,0.0,0.0,52.6,81.55,0,0.0,0
2012-08-16,2012-10-25,OPTSTK,RECLTD,140.0,CE,0.0,0.0,0.0,43.6,71.9,0,0.0,0
2012-08-16,2012-10-25,OPTSTK,RECLTD,150.0,CE,0.0,0.0,0.0,35.3,62.35,0,0.0,0
2012-08-16,2012-10-25,OPTSTK,RECLTD,160.0,CE,0.0,0.0,0.0,27.8,53.2,0,0.0,0
2012-08-16,2012-10-25,OPTSTK,RECLTD,170.0,CE,0.0,0.0,0.0,21.35,44.5,0,0.0,0
2012-08-16,2012-10-25,OPTSTK,RECLTD,180.0,CE,0.0,0.0,0.0,16.0,36.5,0,0.0,0
2012-08-16,2012-10-25,OPTSTK,RECLTD,190.0,CE,0.0,0.0,0.0,11.65,29.35,0,0.0,0
2012-08-16,2012-10-25,OPTSTK,RECLTD,200.0,CE,0.0,0.0,0.0,8.35,23.1,0,0.0,0
2012-08-16,2012-10-25,OPTSTK,RECLTD,210.0,CE,0.0,0.0,0.0,5.85,17.8,0,0.0,0
2012-08-16,2012-10-25,OPTSTK,RECLTD,220.0,CE,0.0,0.0,0.0,4.0,13.5,0,0.0,0
2012-08-16,2012-10-25,OPTSTK,RECLTD,230.0,CE,0.0,0.0,0.0,2.7,10.0,0,0.0,0
2012-08-16,2012-10-25,OPTSTK,RECLTD,240.0,CE,0.0,0.0,0.0,1.8,7.3,0,0.0,0
2012-08-16,2012-10-25,OPTSTK,RECLTD,250.0,CE,0.0,0.0,0.0,1.2,5.25,0,0.0,0
2012-08-16,2012-10-25,OPTSTK,RECLTD,260.0,CE,0.0,0.0,0.0,0.75,3.7,0,0.0,0
2012-08-16,2012-10-25,OPTSTK,RECLTD,110.0,PE,0.0,0.0,0.0,0.05,0.0,0,0.0,0
2012-08-16,2012-10-25,OPTSTK,RECLTD,120.0,PE,0.0,0.0,0.0,0.2,0.05,0,0.0,0
2012-08-16,2012-10-25,OPTSTK,RECLTD,130.0,PE,0.0,0.0,0.0,0.6,0.1,0,0.0,0
2012-08-16,2012-10-25,OPTSTK,RECLTD,140.0,PE,0.0,0.0,0.0,1.4,0.2,0,0.0,0
2012-08-16,2012-10-25,OPTSTK,RECLTD,150.0,PE,0.0,0.0,0.0,2.85,0.55,0,0.0,0
2012-08-16,2012-10-25,OPTSTK,RECLTD,160.0,PE,0.0,0.0,0.0,5.15,1.2,0,0.0,0
2012-08-16,2012-10-25,OPTSTK,RECLTD,170.0,PE,0.0,0.0,0.0,8.45,2.35,0,0.0,0
2012-08-16,2012-10-25,OPTSTK,RECLTD,180.0,PE,0.0,0.0,0.0,12.85,4.2,0,0.0,0
2012-08-16,2012-10-25,OPTSTK,RECLTD,190.0,PE,0.0,0.0,0.0,18.3,6.85,0,0.0,0
2012-08-16,2012-10-25,OPTSTK,RECLTD,200.0,PE,0.0,0.0,0.0,24.75,10.4,0,0.0,0
2012-08-16,2012-10-25,OPTSTK,RECLTD,210.0,PE,0.0,0.0,0.0,32.0,14.95,0,0.0,0
2012-08-16,2012-10-25,OPTSTK,RECLTD,220.0,PE,0.0,0.0,0.0,39.95,20.45,0,0.0,0
2012-08-16,2012-10-25,OPTSTK,RECLTD,230.0,PE,0.0,0.0,0.0,48.45,26.8,0,0.0,0
2012-08-16,2012-10-25,OPTSTK,RECLTD,240.0,PE,0.0,0.0,0.0,57.3,33.95,0,0.0,0
2012-08-16,2012-10-25,OPTSTK,RECLTD,250.0,PE,0.0,0.0,0.0,66.45,41.7,0,0.0,0
2012-08-16,2012-10-25,OPTSTK,RECLTD,260.0,PE,0.0,0.0,0.0,75.8,50.0,0,0.0,0
2012-08-16,2012-08-30,OPTSTK,RELCAPITAL,180.0,CE,0.0,0.0,0.0,133.05,179.35,0,0.0,0
2012-08-16,2012-08-30,OPTSTK,RELCAPITAL,200.0,CE,0.0,0.0,0.0,114.2,159.45,0,0.0,0
2012-08-16,2012-08-30,OPTSTK,RELCAPITAL,220.0,CE,0.0,0.0,0.0,96.15,139.5,0,0.0,0
2012-08-16,2012-08-30,OPTSTK,RELCAPITAL,240.0,CE,0.0,0.0,0.0,79.3,119.55,0,0.0,0
2012-08-16,2012-08-30,OPTSTK,RELCAPITAL,260.0,CE,0.0,0.0,0.0,64.1,99.65,0,0.0,0
2012-08-16,2012-08-30,OPTSTK,RELCAPITAL,280.0,CE,0.0,0.0,0.0,49.95,79.75,0,0.0,6000
2012-08-16,2012-08-30,OPTSTK,RELCAPITAL,300.0,CE,0.0,0.0,0.0,39.15,60.1,0,0.0,3000
2012-08-16,2012-08-30,OPTSTK,RELCAPITAL,320.0,CE,39.1,39.1,33.9,36.0,36.0,5,8.91,21000
2012-08-16,2012-08-30,OPTSTK,RELCAPITAL,340.0,CE,20.0,22.0,16.25,17.05,17.05,79,141.69,149500
2012-08-16,2012-08-30,OPTSTK,RELCAPITAL,360.0,CE,9.0,9.5,6.0,6.55,6.55,678,1246.84,378000
2012-08-16,2012-08-30,OPTSTK,RELCAPITAL,380.0,CE,3.15,3.25,1.8,2.0,2.0,224,428.49,291500
2012-08-16,2012-08-30,OPTSTK,RELCAPITAL,400.0,CE,1.0,1.15,0.65,0.75,0.75,27,54.1,94000
2012-08-16,2012-08-30,OPTSTK,RELCAPITAL,420.0,CE,0.0,0.0,0.0,0.3,0.85,0,0.0,5500
2012-08-16,2012-08-30,OPTSTK,RELCAPITAL,440.0,CE,0.0,0.0,0.0,2.0,0.25,0,0.0,0
2012-08-16,2012-08-30,OPTSTK,RELCAPITAL,460.0,CE,0.0,0.0,0.0,3.2,0.1,0,0.0,0
2012-08-16,2012-08-30,OPTSTK,RELCAPITAL,480.0,CE,0.0,0.0,0.0,2.5,0.05,0,0.0,500
2012-08-16,2012-08-30,OPTSTK,RELCAPITAL,500.0,CE,0.0,0.0,0.0,1.55,0.0,0,0.0,0
2012-08-16,2012-08-30,OPTSTK,RELCAPITAL,180.0,PE,0.0,0.0,0.0,0.35,0.0,0,0.0,0
2012-08-16,2012-08-30,OPTSTK,RELCAPITAL,200.0,PE,0.0,0.0,0.0,1.0,0.0,0,0.0,0
2012-08-16,2012-08-30,OPTSTK,RELCAPITAL,220.0,PE,0.0,0.0,0.0,2.5,0.0,0,0.0,0
2012-08-16,2012-08-30,OPTSTK,RELCAPITAL,240.0,PE,0.0,0.0,0.0,5.15,0.0,0,0.0,0
2012-08-16,2012-08-30,OPTSTK,RELCAPITAL,260.0,PE,0.0,0.0,0.0,1.5,0.0,0,0.0,2500
2012-08-16,2012-08-30,OPTSTK,RELCAPITAL,280.0,PE,0.0,0.0,0.0,0.4,0.05,0,0.0,9000
2012-08-16,2012-08-30,OPTSTK,RELCAPITAL,300.0,PE,0.45,0.7,0.45,0.7,0.7,2,3.0,39500
2012-08-16,2012-08-30,OPTSTK,RELCAPITAL,320.0,PE,1.05,1.5,1.0,1.45,1.45,66,105.99,134500
2012-08-16,2012-08-30,OPTSTK,RELCAPITAL,340.0,PE,4.35,5.75,3.5,4.95,4.95,183,315.22,185500
2012-08-16,2012-08-30,OPTSTK,RELCAPITAL,360.0,PE,11.4,15.0,11.3,13.85,13.85,56,104.44,49000
2012-08-16,2012-08-30,OPTSTK,RELCAPITAL,380.0,PE,27.4,29.9,26.5,29.9,29.9,12,24.45,7000
2012-08-16,2012-08-30,OPTSTK,RELCAPITAL,400.0,PE,0.0,0.0,0.0,45.1,42.4,0,0.0,1000
2012-08-16,2012-08-30,OPTSTK,RELCAPITAL,420.0,PE,0.0,0.0,0.0,107.9,60.7,0,0.0,0
2012-08-16,2012-08-30,OPTSTK,RELCAPITAL,440.0,PE,0.0,0.0,0.0,125.55,80.05,0,0.0,0
2012-08-16,2012-08-30,OPTSTK,RELCAPITAL,460.0,PE,0.0,0.0,0.0,143.75,99.8,0,0.0,0
2012-08-16,2012-08-30,OPTSTK,RELCAPITAL,480.0,PE,0.0,0.0,0.0,162.3,119.7,0,0.0,0
2012-08-16,2012-08-30,OPTSTK,RELCAPITAL,500.0,PE,0.0,0.0,0.0,181.15,139.6,0,0.0,0
2012-08-16,2012-09-27,OPTSTK,RELCAPITAL,180.0,CE,0.0,0.0,0.0,166.7,180.65,0,0.0,0
2012-08-16,2012-09-27,OPTSTK,RELCAPITAL,200.0,CE,0.0,0.0,0.0,147.35,160.85,0,0.0,0
2012-08-16,2012-09-27,OPTSTK,RELCAPITAL,220.0,CE,0.0,0.0,0.0,128.35,141.05,0,0.0,0
2012-08-16,2012-09-27,OPTSTK,RELCAPITAL,240.0,CE,0.0,0.0,0.0,109.95,121.35,0,0.0,0
2012-08-16,2012-09-27,OPTSTK,RELCAPITAL,260.0,CE,0.0,0.0,0.0,92.55,101.9,0,0.0,0
2012-08-16,2012-09-27,OPTSTK,RELCAPITAL,280.0,CE,0.0,0.0,0.0,76.5,83.0,0,0.0,0
2012-08-16,2012-09-27,OPTSTK,RELCAPITAL,300.0,CE,0.0,0.0,0.0,62.1,65.3,0,0.0,0
2012-08-16,2012-09-27,OPTSTK,RELCAPITAL,320.0,CE,0.0,0.0,0.0,40.75,49.35,0,0.0,500
2012-08-16,2012-09-27,OPTSTK,RELCAPITAL,340.0,CE,0.0,0.0,0.0,22.0,35.8,0,0.0,1000
2012-08-16,2012-09-27,OPTSTK,RELCAPITAL,360.0,CE,17.4,17.4,17.4,17.4,17.4,1,1.88,4000
2012-08-16,2012-09-27,OPTSTK,RELCAPITAL,380.0,CE,0.0,0.0,0.0,10.0,16.55,0,0.0,1500
2012-08-16,2012-09-27,OPTSTK,RELCAPITAL,400.0,CE,0.0,0.0,0.0,5.25,10.65,0,0.0,1500
2012-08-16,2012-09-27,OPTSTK,RELCAPITAL,420.0,CE,0.0,0.0,0.0,12.75,6.55,0,0.0,0
2012-08-16,2012-09-27,OPTSTK,RELCAPITAL,440.0,CE,0.0,0.0,0.0,9.35,3.9,0,0.0,0
2012-08-16,2012-09-27,OPTSTK,RELCAPITAL,460.0,CE,0.0,0.0,0.0,6.8,2.3,0,0.0,0
2012-08-16,2012-09-27,OPTSTK,RELCAPITAL,480.0,CE,0.0,0.0,0.0,4.9,1.3,0,0.0,0
2012-08-16,2012-09-27,OPTSTK,RELCAPITAL,500.0,CE,0.0,0.0,0.0,3.55,0.7,0,0.0,0
2012-08-16,2012-09-27,OPTSTK,RELCAPITAL,180.0,PE,0.0,0.0,0.0,0.1,0.0,0,0.0,0
2012-08-16,2012-09-27,OPTSTK,RELCAPITAL,200.0,PE,0.0,0.0,0.0,0.3,0.0,0,0.0,0
2012-08-16,2012-09-27,OPTSTK,RELCAPITAL,220.0,PE,0.0,0.0,0.0,0.8,0.05,0,0.0,0
2012-08-16,2012-09-27,OPTSTK,RELCAPITAL,240.0,PE,0.0,0.0,0.0,2.0,0.1,0,0.0,0
2012-08-16,2012-09-27,OPTSTK,RELCAPITAL,260.0,PE,0.0,0.0,0.0,4.1,0.45,0,0.0,0
2012-08-16,2012-09-27,OPTSTK,RELCAPITAL,280.0,PE,0.0,0.0,0.0,7.6,1.35,0,0.0,0
2012-08-16,2012-09-27,OPTSTK,RELCAPITAL,300.0,PE,0.0,0.0,0.0,12.75,3.45,0,0.0,0
2012-08-16,2012-09-27,OPTSTK,RELCAPITAL,320.0,PE,5.0,5.0,5.0,5.0,5.0,1,1.62,500
2012-08-16,2012-09-27,OPTSTK,RELCAPITAL,340.0,PE,0.0,0.0,0.0,15.7,13.5,0,0.0,500
2012-08-16,2012-09-27,OPTSTK,RELCAPITAL,360.0,PE,23.35,23.35,21.05,21.05,21.05,2,3.82,1000
2012-08-16,2012-09-27,OPTSTK,RELCAPITAL,380.0,PE,0.0,0.0,0.0,51.55,33.9,0,0.0,0
2012-08-16,2012-09-27,OPTSTK,RELCAPITAL,400.0,PE,0.0,0.0,0.0,65.4,47.75,0,0.0,0
2012-08-16,2012-09-27,OPTSTK,RELCAPITAL,420.0,PE,0.0,0.0,0.0,80.55,63.5,0,0.0,0
2012-08-16,2012-09-27,OPTSTK,RELCAPITAL,440.0,PE,0.0,0.0,0.0,96.7,80.65,0,0.0,0
2012-08-16,2012-09-27,OPTSTK,RELCAPITAL,460.0,PE,0.0,0.0,0.0,113.7,98.75,0,0.0,0
2012-08-16,2012-09-27,OPTSTK,RELCAPITAL,480.0,PE,0.0,0.0,0.0,131.35,117.55,0,0.0,0
2012-08-16,2012-09-27,OPTSTK,RELCAPITAL,500.0,PE,0.0,0.0,0.0,149.5,136.8,0,0.0,0
2012-08-16,2012-10-25,OPTSTK,RELCAPITAL,180.0,CE,0.0,0.0,0.0,145.35,181.85,0,0.0,0
2012-08-16,2012-10-25,OPTSTK,RELCAPITAL,200.0,CE,0.0,0.0,0.0,126.1,162.25,0,0.0,0
2012-08-16,2012-10-25,OPTSTK,RELCAPITAL,220.0,CE,0.0,0.0,0.0,107.45,142.75,0,0.0,0
2012-08-16,2012-10-25,OPTSTK,RELCAPITAL,240.0,CE,0.0,0.0,0.0,89.65,123.5,0,0.0,0
2012-08-16,2012-10-25,OPTSTK,RELCAPITAL,260.0,CE,0.0,0.0,0.0,73.2,104.8,0,0.0,0
2012-08-16,2012-10-25,OPTSTK,RELCAPITAL,280.0,CE,0.0,0.0,0.0,58.5,87.05,0,0.0,0
2012-08-16,2012-10-25,OPTSTK,RELCAPITAL,300.0,CE,0.0,0.0,0.0,45.75,70.65,0,0.0,0
2012-08-16,2012-10-25,OPTSTK,RELCAPITAL,320.0,CE,0.0,0.0,0.0,35.05,56.05,0,0.0,0
2012-08-16,2012-10-25,OPTSTK,RELCAPITAL,340.0,CE,0.0,0.0,0.0,26.35,43.4,0,0.0,0
2012-08-16,2012-10-25,OPTSTK,RELCAPITAL,360.0,CE,0.0,0.0,0.0,19.5,32.85,0,0.0,0
2012-08-16,2012-10-25,OPTSTK,RELCAPITAL,380.0,CE,0.0,0.0,0.0,14.2,24.35,0,0.0,0
2012-08-16,2012-10-25,OPTSTK,RELCAPITAL,400.0,CE,0.0,0.0,0.0,10.2,17.7,0,0.0,0
2012-08-16,2012-10-25,OPTSTK,RELCAPITAL,420.0,CE,0.0,0.0,0.0,7.25,12.65,0,0.0,0
2012-08-16,2012-10-25,OPTSTK,RELCAPITAL,440.0,CE,0.0,0.0,0.0,5.05,8.85,0,0.0,0
2012-08-16,2012-10-25,OPTSTK,RELCAPITAL,460.0,CE,0.0,0.0,0.0,3.55,6.15,0,0.0,0
2012-08-16,2012-10-25,OPTSTK,RELCAPITAL,480.0,CE,0.0,0.0,0.0,2.45,4.2,0,0.0,0
2012-08-16,2012-10-25,OPTSTK,RELCAPITAL,500.0,CE,0.0,0.0,0.0,1.65,2.8,0,0.0,0
2012-08-16,2012-10-25,OPTSTK,RELCAPITAL,180.0,PE,0.0,0.0,0.0,0.15,0.05,0,0.0,0
2012-08-16,2012-10-25,OPTSTK,RELCAPITAL,200.0,PE,0.0,0.0,0.0,0.5,0.05,0,0.0,0
2012-08-16,2012-10-25,OPTSTK,RELCAPITAL,220.0,PE,0.0,0.0,0.0,1.35,0.2,0,0.0,0
2012-08-16,2012-10-25,OPTSTK,RELCAPITAL,240.0,PE,0.0,0.0,0.0,3.1,0.6,0,0.0,0
2012-08-16,2012-10-25,OPTSTK,RELCAPITAL,260.0,PE,0.0,0.0,0.0,6.2,1.55,0,0.0,0
2012-08-16,2012-10-25,OPTSTK,RELCAPITAL,280.0,PE,0.0,0.0,0.0,11.05,3.5,0,0.0,0
2012-08-16,2012-10-25,OPTSTK,RELCAPITAL,300.0,PE,0.0,0.0,0.0,17.85,6.75,0,0.0,0
2012-08-16,2012-10-25,OPTSTK,RELCAPITAL,320.0,PE,0.0,0.0,0.0,26.7,11.8,0,0.0,0
2012-08-16,2012-10-25,OPTSTK,RELCAPITAL,340.0,PE,0.0,0.0,0.0,37.55,18.8,0,0.0,0
2012-08-16,2012-10-25,OPTSTK,RELCAPITAL,360.0,PE,0.0,0.0,0.0,50.2,27.95,0,0.0,0
2012-08-16,2012-10-25,OPTSTK,RELCAPITAL,380.0,PE,0.0,0.0,0.0,64.45,39.1,0,0.0,0
2012-08-16,2012-10-25,OPTSTK,RELCAPITAL,400.0,PE,0.0,0.0,0.0,80.0,52.1,0,0.0,0
2012-08-16,2012-10-25,OPTSTK,RELCAPITAL,420.0,PE,0.0,0.0,0.0,96.6,66.7,0,0.0,0
2012-08-16,2012-10-25,OPTSTK,RELCAPITAL,440.0,PE,0.0,0.0,0.0,114.0,82.55,0,0.0,0
2012-08-16,2012-10-25,OPTSTK,RELCAPITAL,460.0,PE,0.0,0.0,0.0,132.0,99.5,0,0.0,0
2012-08-16,2012-10-25,OPTSTK,RELCAPITAL,480.0,PE,0.0,0.0,0.0,150.45,117.2,0,0.0,0
2012-08-16,2012-10-25,OPTSTK,RELCAPITAL,500.0,PE,0.0,0.0,0.0,169.2,135.5,0,0.0,0
2012-08-16,2012-08-30,OPTSTK,RELIANCE,480.0,CE,0.0,0.0,0.0,237.2,337.75,0,0.0,0
2012-08-16,2012-08-30,OPTSTK,RELIANCE,500.0,CE,0.0,0.0,0.0,217.65,317.85,0,0.0,0
2012-08-16,2012-08-30,OPTSTK,RELIANCE,520.0,CE,0.0,0.0,0.0,198.15,297.9,0,0.0,0
2012-08-16,2012-08-30,OPTSTK,RELIANCE,540.0,CE,0.0,0.0,0.0,178.7,278.0,0,0.0,0
2012-08-16,2012-08-30,OPTSTK,RELIANCE,560.0,CE,0.0,0.0,0.0,159.3,258.05,0,0.0,0
2012-08-16,2012-08-30,OPTSTK,RELIANCE,580.0,CE,0.0,0.0,0.0,140.1,238.1,0,0.0,0
2012-08-16,2012-08-30,OPTSTK,RELIANCE,600.0,CE,0.0,0.0,0.0,121.3,218.2,0,0.0,0
2012-08-16,2012-08-30,OPTSTK,RELIANCE,620.0,CE,0.0,0.0,0.0,103.05,198.25,0,0.0,0
2012-08-16,2012-08-30,OPTSTK,RELIANCE,640.0,CE,0.0,0.0,0.0,85.7,178.3,0,0.0,0
2012-08-16,2012-08-30,OPTSTK,RELIANCE,660.0,CE,0.0,0.0,0.0,69.65,158.4,0,0.0,0
2012-08-16,2012-08-30,OPTSTK,RELIANCE,680.0,CE,0.0,0.0,0.0,107.0,138.45,0,0.0,0
2012-08-16,2012-08-30,OPTSTK,RELIANCE,700.0,CE,110.0,121.0,110.0,121.0,121.0,6,24.51,38500
2012-08-16,2012-08-30,OPTSTK,RELIANCE,720.0,CE,88.8,101.5,88.2,96.1,96.1,35,142.74,305000
2012-08-16,2012-08-30,OPTSTK,RELIANCE,740.0,CE,67.7,81.0,66.85,77.0,77.0,51,207.69,498500
2012-08-16,2012-08-30,OPTSTK,RELIANCE,760.0,CE,42.05,62.0,42.05,57.2,57.2,138,561.65,336500
2012-08-16,2012-08-30,OPTSTK,RELIANCE,780.0,CE,27.9,44.15,27.9,39.0,39.0,338,1379.5,336000
2012-08-16,2012-08-30,OPTSTK,RELIANCE,800.0,CE,16.45,27.75,14.8,23.3,23.3,4328,17762.37,535000
2012-08-16,2012-08-30,OPTSTK,RELIANCE,820.0,CE,8.45,14.7,6.6,11.55,11.55,4723,19629.77,545500
2012-08-16,2012-08-30,OPTSTK,RELIANCE,840.0,CE,3.05,6.6,2.55,4.75,4.75,1873,7912.0,412500
2012-08-16,2012-08-30,OPTSTK,RELIANCE,860.0,CE,1.1,2.6,1.1,1.75,1.75,748,3223.44,274500
2012-08-16,2012-08-30,OPTSTK,RELIANCE,880.0,CE,0.9,1.15,0.7,0.9,0.9,79,347.93,59000
2012-08-16,2012-08-30,OPTSTK,RELIANCE,900.0,CE,0.4,0.65,0.4,0.5,0.5,42,189.12,80000
2012-08-16,2012-08-30,OPTSTK,RELIANCE,920.0,CE,0.0,0.0,0.0,0.4,0.5,0,0.0,0
2012-08-16,2012-08-30,OPTSTK,RELIANCE,940.0,CE,0.0,0.0,0.0,0.25,0.2,0,0.0,0
2012-08-16,2012-08-30,OPTSTK,RELIANCE,960.0,CE,0.0,0.0,0.0,0.15,0.1,0,0.0,0
2012-08-16,2012-08-30,OPTSTK,RELIANCE,980.0,CE,0.0,0.0,0.0,0.1,0.05,0,0.0,0
2012-08-16,2012-08-30,OPTSTK,RELIANCE,1000.0,CE,0.0,0.0,0.0,0.05,0.05,0,0.0,0
2012-08-16,2012-08-30,OPTSTK,RELIANCE,1020.0,CE,0.0,0.0,0.0,1.2,0.0,0,0.0,500
2012-08-16,2012-08-30,OPTSTK,RELIANCE,1040.0,CE,0.0,0.0,0.0,0.05,0.0,0,0.0,0
2012-08-16,2012-08-30,OPTSTK,RELIANCE,1060.0,CE,0.0,0.0,0.0,0.05,0.0,0,0.0,0
2012-08-16,2012-08-30,OPTSTK,RELIANCE,1080.0,CE,0.0,0.0,0.0,0.05,0.0,0,0.0,0
2012-08-16,2012-08-30,OPTSTK,RELIANCE,1100.0,CE,0.0,0.0,0.0,0.05,0.0,0,0.0,0
2012-08-16,2012-08-30,OPTSTK,RELIANCE,480.0,PE,0.0,0.0,0.0,0.05,0.0,0,0.0,0
2012-08-16,2012-08-30,OPTSTK,RELIANCE,500.0,PE,0.0,0.0,0.0,0.05,0.0,0,0.0,0
2012-08-16,2012-08-30,OPTSTK,RELIANCE,520.0,PE,0.0,0.0,0.0,0.05,0.0,0,0.0,0
2012-08-16,2012-08-30,OPTSTK,RELIANCE,540.0,PE,0.0,0.0,0.0,0.1,0.0,0,0.0,0
2012-08-16,2012-08-30,OPTSTK,RELIANCE,560.0,PE,0.0,0.0,0.0,0.25,0.0,0,0.0,0
2012-08-16,2012-08-30,OPTSTK,RELIANCE,580.0,PE,0.0,0.0,0.0,0.55,0.0,0,0.0,0
2012-08-16,2012-08-30,OPTSTK,RELIANCE,600.0,PE,0.0,0.0,0.0,1.25,0.0,0,0.0,0
2012-08-16,2012-08-30,OPTSTK,RELIANCE,620.0,PE,0.0,0.0,0.0,2.5,0.0,0,0.0,0
2012-08-16,2012-08-30,OPTSTK,RELIANCE,640.0,PE,0.0,0.0,0.0,0.65,0.0,0,0.0,9000
2012-08-16,2012-08-30,OPTSTK,RELIANCE,660.0,PE,0.0,0.0,0.0,0.3,0.0,0,0.0,27000
2012-08-16,2012-08-30,OPTSTK,RELIANCE,680.0,PE,0.3,0.3,0.3,0.3,0.3,40,136.06,189500
2012-08-16,2012-08-30,OPTSTK,RELIANCE,700.0,PE,0.3,0.3,0.2,0.2,0.2,46,161.06,272000
2012-08-16,2012-08-30,OPTSTK,RELIANCE,720.0,PE,0.4,0.5,0.3,0.35,0.35,172,619.54,422000
2012-08-16,2012-08-30,OPTSTK,RELIANCE,740.0,PE,1.25,1.25,0.6,0.7,0.7,326,1207.43,691500
2012-08-16,2012-08-30,OPTSTK,RELIANCE,760.0,PE,2.15,2.3,1.0,1.3,1.3,700,2665.09,785000
2012-08-16,2012-08-30,OPTSTK,RELIANCE,780.0,PE,4.4,5.2,2.25,2.85,2.85,1192,4668.49,626000
2012-08-16,2012-08-30,OPTSTK,RELIANCE,800.0,PE,11.8,11.85,5.45,6.65,6.65,2381,9615.48,530000
2012-08-16,2012-08-30,OPTSTK,RELIANCE,820.0,PE,19.0,21.65,12.0,14.45,14.45,755,3151.15,190000
2012-08-16,2012-08-30,OPTSTK,RELIANCE,840.0,PE,31.0,31.0,24.0,27.35,27.35,50,216.46,15000
2012-08-16,2012-08-30,OPTSTK,RELIANCE,860.0,PE,0.0,0.0,0.0,135.65,46.65,0,0.0,0
2012-08-16,2012-08-30,OPTSTK,RELIANCE,880.0,PE,0.0,0.0,0.0,154.4,63.65,0,0.0,0
2012-08-16,2012-08-30,OPTSTK,RELIANCE,900.0,PE,0.0,0.0,0.0,99.0,82.05,0,0.0,3500
2012-08-16,2012-08-30,OPTSTK,RELIANCE,920.0,PE,0.0,0.0,0.0,194.5,101.25,0,0.0,3500
2012-08-16,2012-08-30,OPTSTK,RELIANCE,940.0,PE,0.0,0.0,0.0,212.0,120.9,0,0.0,0
2012-08-16,2012-08-30,OPTSTK,RELIANCE,960.0,PE,0.0,0.0,0.0,231.4,140.7,0,0.0,0
2012-08-16,2012-08-30,OPTSTK,RELIANCE,980.0,PE,0.0,0.0,0.0,250.9,160.6,0,0.0,0
2012-08-16,2012-08-30,OPTSTK,RELIANCE,1000.0,PE,0.0,0.0,0.0,270.35,180.55,0,0.0,0
2012-08-16,2012-08-30,OPTSTK,RELIANCE,1020.0,PE,0.0,0.0,0.0,289.85,200.45,0,0.0,0
2012-08-16,2012-08-30,OPTSTK,RELIANCE,1040.0,PE,0.0,0.0,0.0,309.4,220.4,0,0.0,0
2012-08-16,2012-08-30,OPTSTK,RELIANCE,1060.0,PE,0.0,0.0,0.0,328.9,240.35,0,0.0,0
2012-08-16,2012-08-30,OPTSTK,RELIANCE,1080.0,PE,0.0,0.0,0.0,348.4,260.25,0,0.0,0
2012-08-16,2012-08-30,OPTSTK,RELIANCE,1100.0,PE,0.0,0.0,0.0,367.9,280.2,0,0.0,0
2012-08-16,2012-09-27,OPTSTK,RELIANCE,480.0,CE,0.0,0.0,0.0,251.1,341.15,0,0.0,0
2012-08-16,2012-09-27,OPTSTK,RELIANCE,500.0,CE,0.0,0.0,0.0,231.55,321.35,0,0.0,0
2012-08-16,2012-09-27,OPTSTK,RELIANCE,520.0,CE,0.0,0.0,0.0,212.05,301.55,0,0.0,0
2012-08-16,2012-09-27,OPTSTK,RELIANCE,540.0,CE,0.0,0.0,0.0,192.6,281.75,0,0.0,0
2012-08-16,2012-09-27,OPTSTK,RELIANCE,560.0,CE,0.0,0.0,0.0,173.25,261.95,0,0.0,0
2012-08-16,2012-09-27,OPTSTK,RELIANCE,580.0,CE,0.0,0.0,0.0,154.05,242.15,0,0.0,0
2012-08-16,2012-09-27,OPTSTK,RELIANCE,600.0,CE,0.0,0.0,0.0,135.25,222.4,0,0.0,0
2012-08-16,2012-09-27,OPTSTK,RELIANCE,620.0,CE,0.0,0.0,0.0,117.0,202.65,0,0.0,0
2012-08-16,2012-09-27,OPTSTK,RELIANCE,640.0,CE,0.0,0.0,0.0,99.55,182.95,0,0.0,0
2012-08-16,2012-09-27,OPTSTK,RELIANCE,660.0,CE,0.0,0.0,0.0,83.15,163.4,0,0.0,0
2012-08-16,2012-09-27,OPTSTK,RELIANCE,680.0,CE,0.0,0.0,0.0,114.0,144.1,0,0.0,2000
2012-08-16,2012-09-27,OPTSTK,RELIANCE,700.0,CE,0.0,0.0,0.0,56.7,125.2,0,0.0,2000
2012-08-16,2012-09-27,OPTSTK,RELIANCE,720.0,CE,0.0,0.0,0.0,43.0,107.0,0,0.0,0
2012-08-16,2012-09-27,OPTSTK,RELIANCE,740.0,CE,81.75,88.75,81.75,88.45,88.45,7,28.96,86000
2012-08-16,2012-09-27,OPTSTK,RELIANCE,760.0,CE,65.25,65.25,65.25,65.25,65.25,1,4.12,8500
2012-08-16,2012-09-27,OPTSTK,RELIANCE,780.0,CE,50.65,50.65,50.65,50.65,50.65,1,4.15,5000
2012-08-16,2012-09-27,OPTSTK,RELIANCE,800.0,CE,29.9,39.0,29.9,38.0,38.0,19,79.39,54500
2012-08-16,2012-09-27,OPTSTK,RELIANCE,820.0,CE,22.4,27.0,21.5,25.4,25.4,24,101.21,13500
2012-08-16,2012-09-27,OPTSTK,RELIANCE,840.0,CE,14.85,18.0,13.0,16.0,16.0,25,106.93,11500
2012-08-16,2012-09-27,OPTSTK,RELIANCE,860.0,CE,9.9,11.95,5.1,11.3,11.3,20,86.97,19500
2012-08-16,2012-09-27,OPTSTK,RELIANCE,880.0,CE,5.4,5.4,5.4,5.4,5.4,1,4.42,12000
2012-08-16,2012-09-27,OPTSTK,RELIANCE,900.0,CE,3.0,4.65,2.75,2.95,2.95,34,153.61,39000
2012-08-16,2012-09-27,OPTSTK,RELIANCE,920.0,CE,0.0,0.0,0.0,1.25,6.5,0,0.0,0
2012-08-16,2012-09-27,OPTSTK,RELIANCE,940.0,CE,0.0,0.0,0.0,0.8,4.3,0,0.0,0
2012-08-16,2012-09-27,OPTSTK,RELIANCE,960.0,CE,0.0,0.0,0.0,0.5,2.8,0,0.0,0
2012-08-16,2012-09-27,OPTSTK,RELIANCE,980.0,CE,0.0,0.0,0.0,0.3,1.75,0,0.0,0
2012-08-16,2012-09-27,OPTSTK,RELIANCE,1000.0,CE,0.0,0.0,0.0,0.2,1.1,0,0.0,0
2012-08-16,2012-09-27,OPTSTK,RELIANCE,1020.0,CE,0.0,0.0,0.0,0.1,0.65,0,0.0,0
2012-08-16,2012-09-27,OPTSTK,RELIANCE,1040.0,CE,0.0,0.0,0.0,0.1,0.4,0,0.0,0
2012-08-16,2012-09-27,OPTSTK,RELIANCE,1060.0,CE,0.0,0.0,0.0,0.05,0.25,0,0.0,0
2012-08-16,2012-09-27,OPTSTK,RELIANCE,1080.0,CE,0.0,0.0,0.0,0.05,0.15,0,0.0,0
2012-08-16,2012-09-27,OPTSTK,RELIANCE,1100.0,CE,0.0,0.0,0.0,0.05,0.1,0,0.0,0
2012-08-16,2012-09-27,OPTSTK,RELIANCE,480.0,PE,0.0,0.0,0.0,0.05,0.0,0,0.0,0
2012-08-16,2012-09-27,OPTSTK,RELIANCE,500.0,PE,0.0,0.0,0.0,0.05,0.0,0,0.0,0
2012-08-16,2012-09-27,OPTSTK,RELIANCE,520.0,PE,0.0,0.0,0.0,0.05,0.0,0,0.0,0
2012-08-16,2012-09-27,OPTSTK,RELIANCE,540.0,PE,0.0,0.0,0.0,0.15,0.0,0,0.0,0
2012-08-16,2012-09-27,OPTSTK,RELIANCE,560.0,PE,0.0,0.0,0.0,0.3,0.0,0,0.0,0
2012-08-16,2012-09-27,OPTSTK,RELIANCE,580.0,PE,0.0,0.0,0.0,0.65,0.05,0,0.0,0
2012-08-16,2012-09-27,OPTSTK,RELIANCE,600.0,PE,0.0,0.0,0.0,1.4,0.05,0,0.0,0
2012-08-16,2012-09-27,OPTSTK,RELIANCE,620.0,PE,0.0,0.0,0.0,2.65,0.1,0,0.0,0
2012-08-16,2012-09-27,OPTSTK,RELIANCE,640.0,PE,0.0,0.0,0.0,4.75,0.2,0,0.0,0
2012-08-16,2012-09-27,OPTSTK,RELIANCE,660.0,PE,0.0,0.0,0.0,7.9,0.4,0,0.0,0
2012-08-16,2012-09-27,OPTSTK,RELIANCE,680.0,PE,0.0,0.0,0.0,12.45,0.9,0,0.0,0
2012-08-16,2012-09-27,OPTSTK,RELIANCE,700.0,PE,0.0,0.0,0.0,3.25,1.8,0,0.0,500
2012-08-16,2012-09-27,OPTSTK,RELIANCE,720.0,PE,0.0,0.0,0.0,5.0,3.4,0,0.0,1500
2012-08-16,2012-09-27,OPTSTK,RELIANCE,740.0,PE,2.65,2.95,2.55,2.55,2.55,5,18.56,6000
2012-08-16,2012-09-27,OPTSTK,RELIANCE,760.0,PE,6.5,6.5,4.0,4.5,4.5,48,183.56,26000
2012-08-16,2012-09-27,OPTSTK,RELIANCE,780.0,PE,10.0,10.0,7.0,7.0,7.0,21,82.78,15000
2012-08-16,2012-09-27,OPTSTK,RELIANCE,800.0,PE,16.0,16.0,12.1,13.55,13.55,25,101.7,13000
2012-08-16,2012-09-27,OPTSTK,RELIANCE,820.0,PE,0.0,0.0,0.0,90.35,31.05,0,0.0,0
2012-08-16,2012-09-27,OPTSTK,RELIANCE,840.0,PE,0.0,0.0,0.0,107.05,41.8,0,0.0,0
2012-08-16,2012-09-27,OPTSTK,RELIANCE,860.0,PE,0.0,0.0,0.0,124.5,54.4,0,0.0,0
2012-08-16,2012-09-27,OPTSTK,RELIANCE,880.0,PE,0.0,0.0,0.0,142.55,68.6,0,0.0,0
2012-08-16,2012-09-27,OPTSTK,RELIANCE,900.0,PE,0.0,0.0,0.0,161.1,84.15,0,0.0,0
2012-08-16,2012-09-27,OPTSTK,RELIANCE,920.0,PE,0.0,0.0,0.0,179.95,100.85,0,0.0,0
2012-08-16,2012-09-27,OPTSTK,RELIANCE,940.0,PE,0.0,0.0,0.0,199.0,118.45,0,0.0,0
2012-08-16,2012-09-27,OPTSTK,RELIANCE,960.0,PE,0.0,0.0,0.0,218.25,136.7,0,0.0,0
2012-08-16,2012-09-27,OPTSTK,RELIANCE,980.0,PE,0.0,0.0,0.0,237.6,155.5,0,0.0,0
2012-08-16,2012-09-27,OPTSTK,RELIANCE,1000.0,PE,0.0,0.0,0.0,257.05,174.6,0,0.0,0
2012-08-16,2012-09-27,OPTSTK,RELIANCE,1020.0,PE,0.0,0.0,0.0,276.5,194.0,0,0.0,0
2012-08-16,2012-09-27,OPTSTK,RELIANCE,1040.0,PE,0.0,0.0,0.0,296.0,213.5,0,0.0,0
2012-08-16,2012-09-27,OPTSTK,RELIANCE,1060.0,PE,0.0,0.0,0.0,315.5,233.15,0,0.0,0
2012-08-16,2012-09-27,OPTSTK,RELIANCE,1080.0,PE,0.0,0.0,0.0,335.0,252.85,0,0.0,0
2012-08-16,2012-09-27,OPTSTK,RELIANCE,1100.0,PE,0.0,0.0,0.0,354.55,272.55,0,0.0,0
2012-08-16,2012-10-25,OPTSTK,RELIANCE,480.0,CE,0.0,0.0,0.0,241.05,344.4,0,0.0,0
2012-08-16,2012-10-25,OPTSTK,RELIANCE,500.0,CE,0.0,0.0,0.0,221.5,324.75,0,0.0,0
2012-08-16,2012-10-25,OPTSTK,RELIANCE,520.0,CE,0.0,0.0,0.0,202.0,305.1,0,0.0,0
2012-08-16,2012-10-25,OPTSTK,RELIANCE,540.0,CE,0.0,0.0,0.0,182.45,285.45,0,0.0,0
2012-08-16,2012-10-25,OPTSTK,RELIANCE,560.0,CE,0.0,0.0,0.0,162.95,265.8,0,0.0,0
2012-08-16,2012-10-25,OPTSTK,RELIANCE,580.0,CE,0.0,0.0,0.0,143.6,246.2,0,0.0,0
2012-08-16,2012-10-25,OPTSTK,RELIANCE,600.0,CE,0.0,0.0,0.0,124.45,226.7,0,0.0,0
2012-08-16,2012-10-25,OPTSTK,RELIANCE,620.0,CE,0.0,0.0,0.0,105.75,207.25,0,0.0,0
2012-08-16,2012-10-25,OPTSTK,RELIANCE,640.0,CE,0.0,0.0,0.0,87.85,188.05,0,0.0,0
2012-08-16,2012-10-25,OPTSTK,RELIANCE,660.0,CE,0.0,0.0,0.0,71.1,169.1,0,0.0,0
2012-08-16,2012-10-25,OPTSTK,RELIANCE,680.0,CE,0.0,0.0,0.0,55.9,150.65,0,0.0,0
2012-08-16,2012-10-25,OPTSTK,RELIANCE,700.0,CE,0.0,0.0,0.0,42.6,132.8,0,0.0,0
2012-08-16,2012-10-25,OPTSTK,RELIANCE,720.0,CE,0.0,0.0,0.0,59.0,115.75,0,0.0,22000
2012-08-16,2012-10-25,OPTSTK,RELIANCE,740.0,CE,0.0,0.0,0.0,22.35,99.7,0,0.0,0
2012-08-16,2012-10-25,OPTSTK,RELIANCE,760.0,CE,0.0,0.0,0.0,15.4,84.8,0,0.0,0
2012-08-16,2012-10-25,OPTSTK,RELIANCE,780.0,CE,0.0,0.0,0.0,10.25,71.15,0,0.0,0
2012-08-16,2012-10-25,OPTSTK,RELIANCE,800.0,CE,0.0,0.0,0.0,6.6,58.9,0,0.0,0
2012-08-16,2012-10-25,OPTSTK,RELIANCE,820.0,CE,0.0,0.0,0.0,4.1,48.1,0,0.0,0
2012-08-16,2012-10-25,OPTSTK,RELIANCE,840.0,CE,0.0,0.0,0.0,2.45,38.8,0,0.0,0
2012-08-16,2012-10-25,OPTSTK,RELIANCE,860.0,CE,0.0,0.0,0.0,1.45,30.85,0,0.0,0
2012-08-16,2012-10-25,OPTSTK,RELIANCE,880.0,CE,0.0,0.0,0.0,0.8,24.2,0,0.0,0
2012-08-16,2012-10-25,OPTSTK,RELIANCE,900.0,CE,0.0,0.0,0.0,0.45,18.75,0,0.0,0
2012-08-16,2012-10-25,OPTSTK,RELIANCE,920.0,CE,0.0,0.0,0.0,0.25,14.3,0,0.0,0
2012-08-16,2012-10-25,OPTSTK,RELIANCE,940.0,CE,0.0,0.0,0.0,0.15,10.8,0,0.0,0
2012-08-16,2012-10-25,OPTSTK,RELIANCE,960.0,CE,0.0,0.0,0.0,0.1,8.05,0,0.0,0
2012-08-16,2012-10-25,OPTSTK,RELIANCE,980.0,CE,0.0,0.0,0.0,0.05,5.95,0,0.0,0
2012-08-16,2012-10-25,OPTSTK,RELIANCE,1000.0,CE,0.0,0.0,0.0,0.05,4.35,0,0.0,0
2012-08-16,2012-10-25,OPTSTK,RELIANCE,1020.0,CE,0.0,0.0,0.0,0.05,3.15,0,0.0,0
2012-08-16,2012-10-25,OPTSTK,RELIANCE,1040.0,CE,0.0,0.0,0.0,0.05,2.25,0,0.0,0
2012-08-16,2012-10-25,OPTSTK,RELIANCE,1060.0,CE,0.0,0.0,0.0,0.05,1.6,0,0.0,0
2012-08-16,2012-10-25,OPTSTK,RELIANCE,1080.0,CE,0.0,0.0,0.0,0.05,1.1,0,0.0,0
2012-08-16,2012-10-25,OPTSTK,RELIANCE,1100.0,CE,0.0,0.0,0.0,0.05,0.75,0,0.0,0
2012-08-16,2012-10-25,OPTSTK,RELIANCE,480.0,PE,0.0,0.0,0.0,0.05,0.0,0,0.0,0
2012-08-16,2012-10-25,OPTSTK,RELIANCE,500.0,PE,0.0,0.0,0.0,0.05,0.0,0,0.0,0
2012-08-16,2012-10-25,OPTSTK,RELIANCE,520.0,PE,0.0,0.0,0.0,0.05,0.0,0,0.0,0
2012-08-16,2012-10-25,OPTSTK,RELIANCE,540.0,PE,0.0,0.0,0.0,0.05,0.05,0,0.0,0
2012-08-16,2012-10-25,OPTSTK,RELIANCE,560.0,PE,0.0,0.0,0.0,0.1,0.05,0,0.0,0
2012-08-16,2012-10-25,OPTSTK,RELIANCE,580.0,PE,0.0,0.0,0.0,0.25,0.1,0,0.0,0
2012-08-16,2012-10-25,OPTSTK,RELIANCE,600.0,PE,0.0,0.0,0.0,0.7,0.25,0,0.0,0
2012-08-16,2012-10-25,OPTSTK,RELIANCE,620.0,PE,0.0,0.0,0.0,1.55,0.45,0,0.0,0
2012-08-16,2012-10-25,OPTSTK,RELIANCE,640.0,PE,0.0,0.0,0.0,3.2,0.9,0,0.0,0
2012-08-16,2012-10-25,OPTSTK,RELIANCE,660.0,PE,0.0,0.0,0.0,5.95,1.65,0,0.0,0
2012-08-16,2012-10-25,OPTSTK,RELIANCE,680.0,PE,0.0,0.0,0.0,10.35,2.85,0,0.0,0
2012-08-16,2012-10-25,OPTSTK,RELIANCE,700.0,PE,0.0,0.0,0.0,16.55,4.65,0,0.0,0
2012-08-16,2012-10-25,OPTSTK,RELIANCE,720.0,PE,0.0,0.0,0.0,24.9,7.25,0,0.0,0
2012-08-16,2012-10-25,OPTSTK,RELIANCE,740.0,PE,0.0,0.0,0.0,35.4,10.85,0,0.0,0
2012-08-16,2012-10-25,OPTSTK,RELIANCE,760.0,PE,0.0,0.0,0.0,47.95,15.6,0,0.0,0
2012-08-16,2012-10-25,OPTSTK,RELIANCE,780.0,PE,0.0,0.0,0.0,62.35,21.6,0,0.0,0
2012-08-16,2012-10-25,OPTSTK,RELIANCE,800.0,PE,0.0,0.0,0.0,78.25,29.0,0,0.0,0
2012-08-16,2012-10-25,OPTSTK,RELIANCE,820.0,PE,0.0,0.0,0.0,95.3,37.9,0,0.0,0
2012-08-16,2012-10-25,OPTSTK,RELIANCE,840.0,PE,0.0,0.0,0.0,113.25,48.2,0,0.0,0
2012-08-16,2012-10-25,OPTSTK,RELIANCE,860.0,PE,0.0,0.0,0.0,131.75,59.9,0,0.0,0
2012-08-16,2012-10-25,OPTSTK,RELIANCE,880.0,PE,0.0,0.0,0.0,150.7,72.9,0,0.0,0
2012-08-16,2012-10-25,OPTSTK,RELIANCE,900.0,PE,0.0,0.0,0.0,169.9,87.15,0,0.0,0
2012-08-16,2012-10-25,OPTSTK,RELIANCE,920.0,PE,0.0,0.0,0.0,189.2,102.4,0,0.0,0
2012-08-16,2012-10-25,OPTSTK,RELIANCE,940.0,PE,0.0,0.0,0.0,208.65,118.55,0,0.0,0
2012-08-16,2012-10-25,OPTSTK,RELIANCE,960.0,PE,0.0,0.0,0.0,228.15,135.45,0,0.0,0
2012-08-16,2012-10-25,OPTSTK,RELIANCE,980.0,PE,0.0,0.0,0.0,247.65,152.95,0,0.0,0
2012-08-16,2012-10-25,OPTSTK,RELIANCE,1000.0,PE,0.0,0.0,0.0,267.2,171.0,0,0.0,0
2012-08-16,2012-10-25,OPTSTK,RELIANCE,1020.0,PE,0.0,0.0,0.0,286.7,189.45,0,0.0,0
2012-08-16,2012-10-25,OPTSTK,RELIANCE,1040.0,PE,0.0,0.0,0.0,306.25,208.25,0,0.0,0
2012-08-16,2012-10-25,OPTSTK,RELIANCE,1060.0,PE,0.0,0.0,0.0,325.8,227.25,0,0.0,0
2012-08-16,2012-10-25,OPTSTK,RELIANCE,1080.0,PE,0.0,0.0,0.0,345.35,246.4,0,0.0,0
2012-08-16,2012-10-25,OPTSTK,RELIANCE,1100.0,PE,0.0,0.0,0.0,364.9,265.75,0,0.0,0
2012-08-16,2012-08-30,OPTSTK,RELINFRA,240.0,CE,0.0,0.0,0.0,214.85,288.55,0,0.0,0
2012-08-16,2012-08-30,OPTSTK,RELINFRA,260.0,CE,0.0,0.0,0.0,195.55,268.65,0,0.0,0
2012-08-16,2012-08-30,OPTSTK,RELINFRA,280.0,CE,0.0,0.0,0.0,176.55,248.7,0,0.0,0
2012-08-16,2012-08-30,OPTSTK,RELINFRA,300.0,CE,0.0,0.0,0.0,157.9,228.75,0,0.0,0
2012-08-16,2012-08-30,OPTSTK,RELINFRA,320.0,CE,0.0,0.0,0.0,139.95,208.85,0,0.0,0
2012-08-16,2012-08-30,OPTSTK,RELINFRA,340.0,CE,0.0,0.0,0.0,122.75,188.9,0,0.0,0
2012-08-16,2012-08-30,OPTSTK,RELINFRA,360.0,CE,0.0,0.0,0.0,106.6,168.95,0,0.0,0
2012-08-16,2012-08-30,OPTSTK,RELINFRA,380.0,CE,0.0,0.0,0.0,91.65,149.05,0,0.0,0
2012-08-16,2012-08-30,OPTSTK,RELINFRA,400.0,CE,0.0,0.0,0.0,78.0,129.1,0,0.0,0
2012-08-16,2012-08-30,OPTSTK,RELINFRA,420.0,CE,0.0,0.0,0.0,65.75,109.2,0,0.0,0
2012-08-16,2012-08-30,OPTSTK,RELINFRA,440.0,CE,0.0,0.0,0.0,58.85,89.4,0,0.0,500
2012-08-16,2012-08-30,OPTSTK,RELINFRA,460.0,CE,0.0,0.0,0.0,67.55,70.0,0,0.0,6500
2012-08-16,2012-08-30,OPTSTK,RELINFRA,480.0,CE,52.0,52.0,45.0,45.0,45.0,4,10.56,53500
2012-08-16,2012-08-30,OPTSTK,RELINFRA,500.0,CE,30.0,33.4,25.55,27.1,27.1,58,153.74,134000
2012-08-16,2012-08-30,OPTSTK,RELINFRA,520.0,CE,10.2,19.8,10.2,14.3,14.3,538,1443.36,207500
2012-08-16,2012-08-30,OPTSTK,RELINFRA,540.0,CE,8.0,9.35,6.0,6.55,6.55,952,2607.64,394000
2012-08-16,2012-08-30,OPTSTK,RELINFRA,560.0,CE,3.3,4.5,2.5,2.7,2.7,213,599.83,137500
2012-08-16,2012-08-30,OPTSTK,RELINFRA,580.0,CE,1.6,1.6,1.0,1.3,1.3,11,31.96,45500
2012-08-16,2012-08-30,OPTSTK,RELINFRA,600.0,CE,0.5,0.5,0.4,0.4,0.4,3,9.0,16500
2012-08-16,2012-08-30,OPTSTK,RELINFRA,620.0,CE,0.0,0.0,0.0,7.8,0.5,0,0.0,500
2012-08-16,2012-08-30,OPTSTK,RELINFRA,640.0,CE,0.0,0.0,0.0,6.2,0.2,0,0.0,0
2012-08-16,2012-08-30,OPTSTK,RELINFRA,660.0,CE,0.0,0.0,0.0,8.9,0.05,0,0.0,500
2012-08-16,2012-08-30,OPTSTK,RELINFRA,680.0,CE,0.0,0.0,0.0,6.7,0.05,0,0.0,0
2012-08-16,2012-08-30,OPTSTK,RELINFRA,700.0,CE,0.0,0.0,0.0,9.45,0.0,0,0.0,0
2012-08-16,2012-08-30,OPTSTK,RELINFRA,720.0,CE,0.0,0.0,0.0,7.7,0.0,0,0.0,0
2012-08-16,2012-08-30,OPTSTK,RELINFRA,740.0,CE,0.0,0.0,0.0,6.25,0.0,0,0.0,0
2012-08-16,2012-08-30,OPTSTK,RELINFRA,760.0,CE,0.0,0.0,0.0,5.1,0.0,0,0.0,0
2012-08-16,2012-08-30,OPTSTK,RELINFRA,780.0,CE,0.0,0.0,0.0,4.1,0.0,0,0.0,0
2012-08-16,2012-08-30,OPTSTK,RELINFRA,240.0,PE,0.0,0.0,0.0,0.15,0.0,0,0.0,0
2012-08-16,2012-08-30,OPTSTK,RELINFRA,260.0,PE,0.0,0.0,0.0,0.4,0.0,0,0.0,0
2012-08-16,2012-08-30,OPTSTK,RELINFRA,280.0,PE,0.0,0.0,0.0,0.9,0.0,0,0.0,0
2012-08-16,2012-08-30,OPTSTK,RELINFRA,300.0,PE,0.0,0.0,0.0,1.8,0.0,0,0.0,0
2012-08-16,2012-08-30,OPTSTK,RELINFRA,320.0,PE,0.0,0.0,0.0,3.3,0.0,0,0.0,0
2012-08-16,2012-08-30,OPTSTK,RELINFRA,340.0,PE,0.0,0.0,0.0,5.65,0.0,0,0.0,0
2012-08-16,2012-08-30,OPTSTK,RELINFRA,360.0,PE,0.0,0.0,0.0,9.05,0.0,0,0.0,0
2012-08-16,2012-08-30,OPTSTK,RELINFRA,380.0,PE,0.0,0.0,0.0,13.6,0.0,0,0.0,0
2012-08-16,2012-08-30,OPTSTK,RELINFRA,400.0,PE,0.0,0.0,0.0,2.1,0.0,0,0.0,1000
2012-08-16,2012-08-30,OPTSTK,RELINFRA,420.0,PE,0.0,0.0,0.0,0.7,0.05,0,0.0,19500
2012-08-16,2012-08-30,OPTSTK,RELINFRA,440.0,PE,0.65,0.65,0.6,0.65,0.65,3,6.6,18500
2012-08-16,2012-08-30,OPTSTK,RELINFRA,460.0,PE,1.0,1.0,0.75,0.8,0.8,6,13.82,47000
2012-08-16,2012-08-30,OPTSTK,RELINFRA,480.0,PE,2.0,2.55,1.4,2.0,2.0,74,178.24,145000
2012-08-16,2012-08-30,OPTSTK,RELINFRA,500.0,PE,2.8,5.0,2.65,4.6,4.6,261,657.56,214500
2012-08-16,2012-08-30,OPTSTK,RELINFRA,520.0,PE,8.2,12.0,7.85,11.25,11.25,351,929.8,171500
2012-08-16,2012-08-30,OPTSTK,RELINFRA,540.0,PE,18.8,23.7,18.0,23.2,23.2,95,266.02,46500
2012-08-16,2012-08-30,OPTSTK,RELINFRA,560.0,PE,35.8,39.5,35.8,39.5,39.5,2,5.97,4500
2012-08-16,2012-08-30,OPTSTK,RELINFRA,580.0,PE,0.0,0.0,0.0,66.0,53.35,0,0.0,2000
2012-08-16,2012-08-30,OPTSTK,RELINFRA,600.0,PE,0.0,0.0,0.0,90.0,71.5,0,0.0,1000
2012-08-16,2012-08-30,OPTSTK,RELINFRA,620.0,PE,0.0,0.0,0.0,164.05,90.65,0,0.0,0
2012-08-16,2012-08-30,OPTSTK,RELINFRA,640.0,PE,0.0,0.0,0.0,181.85,110.3,0,0.0,0
2012-08-16,2012-08-30,OPTSTK,RELINFRA,660.0,PE,0.0,0.0,0.0,199.75,130.1,0,0.0,0
2012-08-16,2012-08-30,OPTSTK,RELINFRA,680.0,PE,0.0,0.0,0.0,200.8,150.0,0,0.0,0
2012-08-16,2012-08-30,OPTSTK,RELINFRA,700.0,PE,0.0,0.0,0.0,191.15,169.95,0,0.0,0
2012-08-16,2012-08-30,OPTSTK,RELINFRA,720.0,PE,0.0,0.0,0.0,209.0,189.85,0,0.0,0
2012-08-16,2012-08-30,OPTSTK,RELINFRA,740.0,PE,0.0,0.0,0.0,227.15,209.8,0,0.0,0
2012-08-16,2012-08-30,OPTSTK,RELINFRA,760.0,PE,0.0,0.0,0.0,245.55,229.75,0,0.0,0
2012-08-16,2012-08-30,OPTSTK,RELINFRA,780.0,PE,0.0,0.0,0.0,264.15,249.65,0,0.0,0
2012-08-16,2012-09-27,OPTSTK,RELINFRA,240.0,CE,0.0,0.0,0.0,301.3,290.25,0,0.0,0
2012-08-16,2012-09-27,OPTSTK,RELINFRA,260.0,CE,0.0,0.0,0.0,281.8,270.45,0,0.0,0
2012-08-16,2012-09-27,OPTSTK,RELINFRA,280.0,CE,0.0,0.0,0.0,262.3,250.65,0,0.0,0
2012-08-16,2012-09-27,OPTSTK,RELINFRA,300.0,CE,0.0,0.0,0.0,242.9,230.85,0,0.0,0
2012-08-16,2012-09-27,OPTSTK,RELINFRA,320.0,CE,0.0,0.0,0.0,223.65,211.1,0,0.0,0
2012-08-16,2012-09-27,OPTSTK,RELINFRA,340.0,CE,0.0,0.0,0.0,204.65,191.3,0,0.0,0
2012-08-16,2012-09-27,OPTSTK,RELINFRA,360.0,CE,0.0,0.0,0.0,185.95,171.55,0,0.0,0
2012-08-16,2012-09-27,OPTSTK,RELINFRA,380.0,CE,0.0,0.0,0.0,167.8,151.85,0,0.0,0
2012-08-16,2012-09-27,OPTSTK,RELINFRA,400.0,CE,0.0,0.0,0.0,150.25,132.4,0,0.0,0
2012-08-16,2012-09-27,OPTSTK,RELINFRA,420.0,CE,0.0,0.0,0.0,133.55,113.35,0,0.0,0
2012-08-16,2012-09-27,OPTSTK,RELINFRA,440.0,CE,0.0,0.0,0.0,117.8,95.05,0,0.0,0
2012-08-16,2012-09-27,OPTSTK,RELINFRA,460.0,CE,0.0,0.0,0.0,103.1,77.85,0,0.0,0
2012-08-16,2012-09-27,OPTSTK,RELINFRA,480.0,CE,0.0,0.0,0.0,89.55,62.1,0,0.0,0
2012-08-16,2012-09-27,OPTSTK,RELINFRA,500.0,CE,0.0,0.0,0.0,37.65,48.25,0,0.0,500
2012-08-16,2012-09-27,OPTSTK,RELINFRA,520.0,CE,31.25,32.3,31.25,32.2,32.2,3,8.27,5000
2012-08-16,2012-09-27,OPTSTK,RELINFRA,540.0,CE,21.7,21.7,19.0,21.25,21.25,12,33.58,10000
2012-08-16,2012-09-27,OPTSTK,RELINFRA,560.0,CE,15.0,15.0,15.0,15.0,15.0,1,2.87,1500
2012-08-16,2012-09-27,OPTSTK,RELINFRA,580.0,CE,0.0,0.0,0.0,8.25,13.3,0,0.0,0
2012-08-16,2012-09-27,OPTSTK,RELINFRA,600.0,CE,0.0,0.0,0.0,33.2,9.0,0,0.0,0
2012-08-16,2012-09-27,OPTSTK,RELINFRA,620.0,CE,0.0,0.0,0.0,27.55,5.95,0,0.0,0
2012-08-16,2012-09-27,OPTSTK,RELINFRA,640.0,CE,0.0,0.0,0.0,22.8,3.85,0,0.0,0
2012-08-16,2012-09-27,OPTSTK,RELINFRA,660.0,CE,0.0,0.0,0.0,18.75,2.4,0,0.0,0
2012-08-16,2012-09-27,OPTSTK,RELINFRA,680.0,CE,0.0,0.0,0.0,15.3,1.5,0,0.0,0
2012-08-16,2012-09-27,OPTSTK,RELINFRA,700.0,CE,0.0,0.0,0.0,12.5,0.9,0,0.0,0
2012-08-16,2012-09-27,OPTSTK,RELINFRA,720.0,CE,0.0,0.0,0.0,10.15,0.55,0,0.0,0
2012-08-16,2012-09-27,OPTSTK,RELINFRA,740.0,CE,0.0,0.0,0.0,8.2,0.35,0,0.0,0
2012-08-16,2012-09-27,OPTSTK,RELINFRA,760.0,CE,0.0,0.0,0.0,6.6,0.2,0,0.0,0
2012-08-16,2012-09-27,OPTSTK,RELINFRA,780.0,CE,0.0,0.0,0.0,5.3,0.1,0,0.0,0
2012-08-16,2012-09-27,OPTSTK,RELINFRA,240.0,PE,0.0,0.0,0.0,0.05,0.0,0,0.0,0
2012-08-16,2012-09-27,OPTSTK,RELINFRA,260.0,PE,0.0,0.0,0.0,0.05,0.0,0,0.0,0
2012-08-16,2012-09-27,OPTSTK,RELINFRA,280.0,PE,0.0,0.0,0.0,0.1,0.0,0,0.0,0
2012-08-16,2012-09-27,OPTSTK,RELINFRA,300.0,PE,0.0,0.0,0.0,0.25,0.0,0,0.0,0
2012-08-16,2012-09-27,OPTSTK,RELINFRA,320.0,PE,0.0,0.0,0.0,0.5,0.0,0,0.0,0
2012-08-16,2012-09-27,OPTSTK,RELINFRA,340.0,PE,0.0,0.0,0.0,1.0,0.05,0,0.0,0
2012-08-16,2012-09-27,OPTSTK,RELINFRA,360.0,PE,0.0,0.0,0.0,1.9,0.05,0,0.0,0
2012-08-16,2012-09-27,OPTSTK,RELINFRA,380.0,PE,0.0,0.0,0.0,3.25,0.2,0,0.0,0
2012-08-16,2012-09-27,OPTSTK,RELINFRA,400.0,PE,0.0,0.0,0.0,5.25,0.5,0,0.0,0
2012-08-16,2012-09-27,OPTSTK,RELINFRA,420.0,PE,0.0,0.0,0.0,8.1,1.25,0,0.0,0
2012-08-16,2012-09-27,OPTSTK,RELINFRA,440.0,PE,0.0,0.0,0.0,11.85,2.75,0,0.0,0
2012-08-16,2012-09-27,OPTSTK,RELINFRA,460.0,PE,0.0,0.0,0.0,16.7,5.3,0,0.0,0
2012-08-16,2012-09-27,OPTSTK,RELINFRA,480.0,PE,0.0,0.0,0.0,22.65,9.4,0,0.0,0
2012-08-16,2012-09-27,OPTSTK,RELINFRA,500.0,PE,0.0,0.0,0.0,14.7,15.3,0,0.0,5500
2012-08-16,2012-09-27,OPTSTK,RELINFRA,520.0,PE,21.75,21.75,19.0,21.75,21.75,10,26.97,20500
2012-08-16,2012-09-27,OPTSTK,RELINFRA,540.0,PE,26.05,30.0,26.05,27.3,27.3,5,14.17,3000
2012-08-16,2012-09-27,OPTSTK,RELINFRA,560.0,PE,0.0,0.0,0.0,58.7,45.55,0,0.0,0
2012-08-16,2012-09-27,OPTSTK,RELINFRA,580.0,PE,0.0,0.0,0.0,70.6,59.55,0,0.0,0
2012-08-16,2012-09-27,OPTSTK,RELINFRA,600.0,PE,0.0,0.0,0.0,83.55,75.05,0,0.0,0
2012-08-16,2012-09-27,OPTSTK,RELINFRA,620.0,PE,0.0,0.0,0.0,97.45,91.75,0,0.0,0
2012-08-16,2012-09-27,OPTSTK,RELINFRA,640.0,PE,0.0,0.0,0.0,112.2,109.45,0,0.0,0
2012-08-16,2012-09-27,OPTSTK,RELINFRA,660.0,PE,0.0,0.0,0.0,127.7,127.85,0,0.0,0
2012-08-16,2012-09-27,OPTSTK,RELINFRA,680.0,PE,0.0,0.0,0.0,143.8,146.7,0,0.0,0
2012-08-16,2012-09-27,OPTSTK,RELINFRA,700.0,PE,0.0,0.0,0.0,160.5,165.9,0,0.0,0
2012-08-16,2012-09-27,OPTSTK,RELINFRA,720.0,PE,0.0,0.0,0.0,177.7,185.35,0,0.0,0
2012-08-16,2012-09-27,OPTSTK,RELINFRA,740.0,PE,0.0,0.0,0.0,195.3,204.95,0,0.0,0
2012-08-16,2012-09-27,OPTSTK,RELINFRA,760.0,PE,0.0,0.0,0.0,213.25,224.6,0,0.0,0
2012-08-16,2012-09-27,OPTSTK,RELINFRA,780.0,PE,0.0,0.0,0.0,231.5,244.3,0,0.0,0
2012-08-16,2012-10-25,OPTSTK,RELINFRA,280.0,CE,0.0,0.0,0.0,203.05,252.6,0,0.0,0
2012-08-16,2012-10-25,OPTSTK,RELINFRA,300.0,CE,0.0,0.0,0.0,183.85,232.95,0,0.0,0
2012-08-16,2012-10-25,OPTSTK,RELINFRA,320.0,CE,0.0,0.0,0.0,165.0,213.3,0,0.0,0
2012-08-16,2012-10-25,OPTSTK,RELINFRA,340.0,CE,0.0,0.0,0.0,146.65,193.75,0,0.0,0
2012-08-16,2012-10-25,OPTSTK,RELINFRA,360.0,CE,0.0,0.0,0.0,129.0,174.35,0,0.0,0
2012-08-16,2012-10-25,OPTSTK,RELINFRA,380.0,CE,0.0,0.0,0.0,112.25,155.2,0,0.0,0
2012-08-16,2012-10-25,OPTSTK,RELINFRA,400.0,CE,0.0,0.0,0.0,96.65,136.5,0,0.0,0
2012-08-16,2012-10-25,OPTSTK,RELINFRA,420.0,CE,0.0,0.0,0.0,82.3,118.5,0,0.0,0
2012-08-16,2012-10-25,OPTSTK,RELINFRA,440.0,CE,0.0,0.0,0.0,69.3,101.4,0,0.0,0
2012-08-16,2012-10-25,OPTSTK,RELINFRA,460.0,CE,0.0,0.0,0.0,57.8,85.5,0,0.0,0
2012-08-16,2012-10-25,OPTSTK,RELINFRA,480.0,CE,0.0,0.0,0.0,47.7,71.0,0,0.0,0
2012-08-16,2012-10-25,OPTSTK,RELINFRA,500.0,CE,0.0,0.0,0.0,39.0,58.05,0,0.0,0
2012-08-16,2012-10-25,OPTSTK,RELINFRA,520.0,CE,0.0,0.0,0.0,31.6,46.7,0,0.0,0
2012-08-16,2012-10-25,OPTSTK,RELINFRA,540.0,CE,0.0,0.0,0.0,25.4,37.05,0,0.0,0
2012-08-16,2012-10-25,OPTSTK,RELINFRA,560.0,CE,0.0,0.0,0.0,20.25,28.95,0,0.0,0
2012-08-16,2012-10-25,OPTSTK,RELINFRA,580.0,CE,0.0,0.0,0.0,16.05,22.3,0,0.0,0
2012-08-16,2012-10-25,OPTSTK,RELINFRA,600.0,CE,0.0,0.0,0.0,12.6,16.95,0,0.0,0
2012-08-16,2012-10-25,OPTSTK,RELINFRA,620.0,CE,0.0,0.0,0.0,9.85,12.75,0,0.0,0
2012-08-16,2012-10-25,OPTSTK,RELINFRA,640.0,CE,0.0,0.0,0.0,7.65,9.45,0,0.0,0
2012-08-16,2012-10-25,OPTSTK,RELINFRA,660.0,CE,0.0,0.0,0.0,5.9,6.95,0,0.0,0
2012-08-16,2012-10-25,OPTSTK,RELINFRA,680.0,CE,0.0,0.0,0.0,4.55,5.05,0,0.0,0
2012-08-16,2012-10-25,OPTSTK,RELINFRA,700.0,CE,0.0,0.0,0.0,6.85,3.6,0,0.0,0
2012-08-16,2012-10-25,OPTSTK,RELINFRA,720.0,CE,0.0,0.0,0.0,5.7,2.6,0,0.0,0
2012-08-16,2012-10-25,OPTSTK,RELINFRA,280.0,PE,0.0,0.0,0.0,0.25,0.0,0,0.0,0
2012-08-16,2012-10-25,OPTSTK,RELINFRA,300.0,PE,0.0,0.0,0.0,0.6,0.05,0,0.0,0
2012-08-16,2012-10-25,OPTSTK,RELINFRA,320.0,PE,0.0,0.0,0.0,1.3,0.05,0,0.0,0
2012-08-16,2012-10-25,OPTSTK,RELINFRA,340.0,PE,0.0,0.0,0.0,2.45,0.15,0,0.0,0
2012-08-16,2012-10-25,OPTSTK,RELINFRA,360.0,PE,0.0,0.0,0.0,4.35,0.4,0,0.0,0
2012-08-16,2012-10-25,OPTSTK,RELINFRA,380.0,PE,0.0,0.0,0.0,7.2,0.95,0,0.0,0
2012-08-16,2012-10-25,OPTSTK,RELINFRA,400.0,PE,0.0,0.0,0.0,11.1,1.9,0,0.0,0
2012-08-16,2012-10-25,OPTSTK,RELINFRA,420.0,PE,0.0,0.0,0.0,16.3,3.55,0,0.0,0
2012-08-16,2012-10-25,OPTSTK,RELINFRA,440.0,PE,0.0,0.0,0.0,22.85,6.1,0,0.0,0
2012-08-16,2012-10-25,OPTSTK,RELINFRA,460.0,PE,0.0,0.0,0.0,30.9,9.85,0,0.0,0
2012-08-16,2012-10-25,OPTSTK,RELINFRA,480.0,PE,0.0,0.0,0.0,40.35,15.0,0,0.0,0
2012-08-16,2012-10-25,OPTSTK,RELINFRA,500.0,PE,0.0,0.0,0.0,51.2,21.7,0,0.0,0
2012-08-16,2012-10-25,OPTSTK,RELINFRA,520.0,PE,0.0,0.0,0.0,63.35,30.05,0,0.0,0
2012-08-16,2012-10-25,OPTSTK,RELINFRA,540.0,PE,0.0,0.0,0.0,76.65,40.0,0,0.0,0
2012-08-16,2012-10-25,OPTSTK,RELINFRA,560.0,PE,0.0,0.0,0.0,91.1,51.6,0,0.0,0
2012-08-16,2012-10-25,OPTSTK,RELINFRA,580.0,PE,0.0,0.0,0.0,106.45,64.6,0,0.0,0
2012-08-16,2012-10-25,OPTSTK,RELINFRA,600.0,PE,0.0,0.0,0.0,122.55,78.9,0,0.0,0
2012-08-16,2012-10-25,OPTSTK,RELINFRA,620.0,PE,0.0,0.0,0.0,139.35,94.35,0,0.0,0
2012-08-16,2012-10-25,OPTSTK,RELINFRA,640.0,PE,0.0,0.0,0.0,156.7,110.7,0,0.0,0
2012-08-16,2012-10-25,OPTSTK,RELINFRA,660.0,PE,0.0,0.0,0.0,174.5,127.85,0,0.0,0
2012-08-16,2012-10-25,OPTSTK,RELINFRA,680.0,PE,0.0,0.0,0.0,192.65,145.6,0,0.0,0
2012-08-16,2012-10-25,OPTSTK,RELINFRA,700.0,PE,0.0,0.0,0.0,191.8,163.85,0,0.0,0
2012-08-16,2012-10-25,OPTSTK,RELINFRA,720.0,PE,0.0,0.0,0.0,201.45,182.45,0,0.0,0
2012-08-16,2012-08-30,OPTSTK,RENUKA,12.5,CE,0.0,0.0,0.0,14.15,19.65,0,0.0,0
2012-08-16,2012-08-30,OPTSTK,RENUKA,15.0,CE,0.0,0.0,0.0,11.75,17.15,0,0.0,0
2012-08-16,2012-08-30,OPTSTK,RENUKA,17.5,CE,0.0,0.0,0.0,9.35,14.7,0,0.0,0
2012-08-16,2012-08-30,OPTSTK,RENUKA,20.0,CE,0.0,0.0,0.0,7.15,12.2,0,0.0,0
2012-08-16,2012-08-30,OPTSTK,RENUKA,22.5,CE,0.0,0.0,0.0,5.15,9.7,0,0.0,0
2012-08-16,2012-08-30,OPTSTK,RENUKA,25.0,CE,0.0,0.0,0.0,3.55,7.2,0,0.0,0
2012-08-16,2012-08-30,OPTSTK,RENUKA,27.5,CE,0.0,0.0,0.0,5.35,4.8,0,0.0,16000
2012-08-16,2012-08-30,OPTSTK,RENUKA,30.0,CE,2.7,2.7,2.6,2.6,2.6,4,10.44,248000
2012-08-16,2012-08-30,OPTSTK,RENUKA,32.5,CE,1.1,1.1,0.85,0.9,0.9,161,431.28,1504000
2012-08-16,2012-08-30,OPTSTK,RENUKA,35.0,CE,0.35,0.4,0.25,0.3,0.3,138,389.96,4456000
2012-08-16,2012-08-30,OPTSTK,RENUKA,37.5,CE,0.15,0.15,0.1,0.1,0.1,37,111.32,1528000
2012-08-16,2012-08-30,OPTSTK,RENUKA,40.0,CE,0.05,0.05,0.05,0.05,0.05,41,131.36,1384000
2012-08-16,2012-08-30,OPTSTK,RENUKA,42.5,CE,0.0,0.0,0.0,0.05,0.0,0,0.0,192000
2012-08-16,2012-08-30,OPTSTK,RENUKA,45.0,CE,0.0,0.0,0.0,0.05,0.0,0,0.0,272000
2012-08-16,2012-08-30,OPTSTK,RENUKA,47.5,CE,0.0,0.0,0.0,0.05,0.0,0,0.0,24000
2012-08-16,2012-08-30,OPTSTK,RENUKA,50.0,CE,0.0,0.0,0.0,0.05,0.0,0,0.0,0
2012-08-16,2012-08-30,OPTSTK,RENUKA,52.5,CE,0.0,0.0,0.0,0.05,0.0,0,0.0,0
2012-08-16,2012-08-30,OPTSTK,RENUKA,12.5,PE,0.0,0.0,0.0,0.05,0.0,0,0.0,0
2012-08-16,2012-08-30,OPTSTK,RENUKA,15.0,PE,0.0,0.0,0.0,0.05,0.0,0,0.0,0
2012-08-16,2012-08-30,OPTSTK,RENUKA,17.5,PE,0.0,0.0,0.0,0.1,0.0,0,0.0,0
2012-08-16,2012-08-30,OPTSTK,RENUKA,20.0,PE,0.0,0.0,0.0,0.3,0.0,0,0.0,0
2012-08-16,2012-08-30,OPTSTK,RENUKA,22.5,PE,0.0,0.0,0.0,0.2,0.0,0,0.0,8000
2012-08-16,2012-08-30,OPTSTK,RENUKA,25.0,PE,0.0,0.0,0.0,0.05,0.05,0,0.0,112000
2012-08-16,2012-08-30,OPTSTK,RENUKA,27.5,PE,0.05,0.25,0.05,0.15,0.15,23,50.93,424000
2012-08-16,2012-08-30,OPTSTK,RENUKA,30.0,PE,0.65,0.65,0.4,0.45,0.45,63,153.49,968000
2012-08-16,2012-08-30,OPTSTK,RENUKA,32.5,PE,1.3,1.3,1.15,1.2,1.2,44,118.67,528000
2012-08-16,2012-08-30,OPTSTK,RENUKA,35.0,PE,3.0,3.0,3.0,3.0,3.0,1,3.04,120000
2012-08-16,2012-08-30,OPTSTK,RENUKA,37.5,PE,0.0,0.0,0.0,5.1,5.4,0,0.0,48000
2012-08-16,2012-08-30,OPTSTK,RENUKA,40.0,PE,0.0,0.0,0.0,12.9,7.8,0,0.0,0
2012-08-16,2012-08-30,OPTSTK,RENUKA,42.5,PE,0.0,0.0,0.0,15.25,10.3,0,0.0,0
2012-08-16,2012-08-30,OPTSTK,RENUKA,45.0,PE,0.0,0.0,0.0,17.65,12.75,0,0.0,0
2012-08-16,2012-08-30,OPTSTK,RENUKA,47.5,PE,0.0,0.0,0.0,20.05,15.25,0,0.0,0
2012-08-16,2012-08-30,OPTSTK,RENUKA,50.0,PE,0.0,0.0,0.0,22.5,17.75,0,0.0,0
2012-08-16,2012-08-30,OPTSTK,RENUKA,52.5,PE,0.0,0.0,0.0,24.9,20.25,0,0.0,0
2012-08-16,2012-09-27,OPTSTK,RENUKA,12.5,CE,0.0,0.0,0.0,18.6,19.75,0,0.0,0
2012-08-16,2012-09-27,OPTSTK,RENUKA,15.0,CE,0.0,0.0,0.0,16.15,17.3,0,0.0,0
2012-08-16,2012-09-27,OPTSTK,RENUKA,17.5,CE,0.0,0.0,0.0,13.75,14.8,0,0.0,0
2012-08-16,2012-09-27,OPTSTK,RENUKA,20.0,CE,0.0,0.0,0.0,11.35,12.35,0,0.0,0
2012-08-16,2012-09-27,OPTSTK,RENUKA,22.5,CE,0.0,0.0,0.0,9.05,9.9,0,0.0,0
2012-08-16,2012-09-27,OPTSTK,RENUKA,25.0,CE,0.0,0.0,0.0,7.0,7.55,0,0.0,0
2012-08-16,2012-09-27,OPTSTK,RENUKA,27.5,CE,0.0,0.0,0.0,5.2,5.45,0,0.0,0
2012-08-16,2012-09-27,OPTSTK,RENUKA,30.0,CE,0.0,0.0,0.0,3.7,3.65,0,0.0,0
2012-08-16,2012-09-27,OPTSTK,RENUKA,32.5,CE,0.0,0.0,0.0,2.0,2.3,0,0.0,8000
2012-08-16,2012-09-27,OPTSTK,RENUKA,35.0,CE,0.95,0.95,0.95,0.95,0.95,1,2.87,8000
2012-08-16,2012-09-27,OPTSTK,RENUKA,37.5,CE,0.8,0.8,0.8,0.8,0.8,2,6.12,40000
2012-08-16,2012-09-27,OPTSTK,RENUKA,40.0,CE,0.35,0.35,0.35,0.35,0.35,1,3.22,16000
2012-08-16,2012-09-27,OPTSTK,RENUKA,42.5,CE,0.0,0.0,0.0,0.55,0.2,0,0.0,8000
2012-08-16,2012-09-27,OPTSTK,RENUKA,45.0,CE,0.1,0.1,0.1,0.1,0.1,1,3.6,40000
2012-08-16,2012-09-27,OPTSTK,RENUKA,47.5,CE,0.0,0.0,0.0,0.2,0.05,0,0.0,0
2012-08-16,2012-09-27,OPTSTK,RENUKA,50.0,CE,0.0,0.0,0.0,0.05,0.05,0,0.0,8000
2012-08-16,2012-09-27,OPTSTK,RENUKA,52.5,CE,0.0,0.0,0.0,0.1,0.05,0,0.0,0
2012-08-16,2012-09-27,OPTSTK,RENUKA,12.5,PE,0.0,0.0,0.0,0.05,0.0,0,0.0,0
2012-08-16,2012-09-27,OPTSTK,RENUKA,15.0,PE,0.0,0.0,0.0,0.05,0.0,0,0.0,0
2012-08-16,2012-09-27,OPTSTK,RENUKA,17.5,PE,0.0,0.0,0.0,0.05,0.0,0,0.0,0
2012-08-16,2012-09-27,OPTSTK,RENUKA,20.0,PE,0.0,0.0,0.0,0.1,0.05,0,0.0,0
2012-08-16,2012-09-27,OPTSTK,RENUKA,22.5,PE,0.0,0.0,0.0,0.25,0.05,0,0.0,0
2012-08-16,2012-09-27,OPTSTK,RENUKA,25.0,PE,0.0,0.0,0.0,0.6,0.2,0,0.0,0
2012-08-16,2012-09-27,OPTSTK,RENUKA,27.5,PE,0.0,0.0,0.0,1.25,0.55,0,0.0,0
2012-08-16,2012-09-27,OPTSTK,RENUKA,30.0,PE,0.0,0.0,0.0,2.2,1.25,0,0.0,0
2012-08-16,2012-09-27,OPTSTK,RENUKA,32.5,PE,0.0,0.0,0.0,3.5,2.35,0,0.0,0
2012-08-16,2012-09-27,OPTSTK,RENUKA,35.0,PE,0.0,0.0,0.0,5.1,3.9,0,0.0,0
2012-08-16,2012-09-27,OPTSTK,RENUKA,37.5,PE,0.0,0.0,0.0,6.95,5.8,0,0.0,0
2012-08-16,2012-09-27,OPTSTK,RENUKA,40.0,PE,0.0,0.0,0.0,9.0,7.9,0,0.0,0
2012-08-16,2012-09-27,OPTSTK,RENUKA,42.5,PE,0.0,0.0,0.0,11.2,10.2,0,0.0,0
2012-08-16,2012-09-27,OPTSTK,RENUKA,45.0,PE,0.0,0.0,0.0,13.45,12.55,0,0.0,0
2012-08-16,2012-09-27,OPTSTK,RENUKA,47.5,PE,0.0,0.0,0.0,15.8,14.95,0,0.0,0
2012-08-16,2012-09-27,OPTSTK,RENUKA,50.0,PE,0.0,0.0,0.0,18.15,17.4,0,0.0,0
2012-08-16,2012-09-27,OPTSTK,RENUKA,52.5,PE,0.0,0.0,0.0,20.55,19.9,0,0.0,0
2012-08-16,2012-10-25,OPTSTK,RENUKA,12.5,CE,0.0,0.0,0.0,18.8,19.85,0,0.0,0
2012-08-16,2012-10-25,OPTSTK,RENUKA,15.0,CE,0.0,0.0,0.0,16.35,17.4,0,0.0,0
2012-08-16,2012-10-25,OPTSTK,RENUKA,17.5,CE,0.0,0.0,0.0,13.95,14.95,0,0.0,0
2012-08-16,2012-10-25,OPTSTK,RENUKA,20.0,CE,0.0,0.0,0.0,11.6,12.5,0,0.0,0
2012-08-16,2012-10-25,OPTSTK,RENUKA,22.5,CE,0.0,0.0,0.0,9.4,10.15,0,0.0,0
2012-08-16,2012-10-25,OPTSTK,RENUKA,25.0,CE,0.0,0.0,0.0,7.45,7.95,0,0.0,0
2012-08-16,2012-10-25,OPTSTK,RENUKA,27.5,CE,0.0,0.0,0.0,5.7,6.0,0,0.0,0
2012-08-16,2012-10-25,OPTSTK,RENUKA,30.0,CE,0.0,0.0,0.0,4.3,4.4,0,0.0,0
2012-08-16,2012-10-25,OPTSTK,RENUKA,32.5,CE,0.0,0.0,0.0,3.15,3.1,0,0.0,0
2012-08-16,2012-10-25,OPTSTK,RENUKA,35.0,CE,0.0,0.0,0.0,2.3,2.1,0,0.0,0
2012-08-16,2012-10-25,OPTSTK,RENUKA,37.5,CE,0.0,0.0,0.0,1.6,1.4,0,0.0,0
2012-08-16,2012-10-25,OPTSTK,RENUKA,40.0,CE,0.0,0.0,0.0,0.25,0.9,0,0.0,8000
2012-08-16,2012-10-25,OPTSTK,RENUKA,42.5,CE,0.0,0.0,0.0,0.8,0.6,0,0.0,0
2012-08-16,2012-10-25,OPTSTK,RENUKA,45.0,CE,0.0,0.0,0.0,0.55,0.35,0,0.0,0
2012-08-16,2012-10-25,OPTSTK,RENUKA,47.5,CE,0.0,0.0,0.0,0.4,0.25,0,0.0,0
2012-08-16,2012-10-25,OPTSTK,RENUKA,50.0,CE,0.0,0.0,0.0,0.25,0.15,0,0.0,0
2012-08-16,2012-10-25,OPTSTK,RENUKA,52.5,CE,0.0,0.0,0.0,0.2,0.1,0,0.0,0
2012-08-16,2012-10-25,OPTSTK,RENUKA,12.5,PE,0.0,0.0,0.0,0.05,0.0,0,0.0,0
2012-08-16,2012-10-25,OPTSTK,RENUKA,15.0,PE,0.0,0.0,0.0,0.05,0.0,0,0.0,0
2012-08-16,2012-10-25,OPTSTK,RENUKA,17.5,PE,0.0,0.0,0.0,0.05,0.05,0,0.0,0
2012-08-16,2012-10-25,OPTSTK,RENUKA,20.0,PE,0.0,0.0,0.0,0.15,0.05,0,0.0,0
2012-08-16,2012-10-25,OPTSTK,RENUKA,22.5,PE,0.0,0.0,0.0,0.4,0.15,0,0.0,0
2012-08-16,2012-10-25,OPTSTK,RENUKA,25.0,PE,0.0,0.0,0.0,0.85,0.45,0,0.0,0
2012-08-16,2012-10-25,OPTSTK,RENUKA,27.5,PE,0.0,0.0,0.0,1.6,0.95,0,0.0,0
2012-08-16,2012-10-25,OPTSTK,RENUKA,30.0,PE,0.0,0.0,0.0,2.6,1.75,0,0.0,0
2012-08-16,2012-10-25,OPTSTK,RENUKA,32.5,PE,0.0,0.0,0.0,3.9,2.9,0,0.0,0
2012-08-16,2012-10-25,OPTSTK,RENUKA,35.0,PE,0.0,0.0,0.0,5.5,4.4,0,0.0,0
2012-08-16,2012-10-25,OPTSTK,RENUKA,37.5,PE,0.0,0.0,0.0,7.25,6.15,0,0.0,0
2012-08-16,2012-10-25,OPTSTK,RENUKA,40.0,PE,0.0,0.0,0.0,9.25,8.1,0,0.0,0
2012-08-16,2012-10-25,OPTSTK,RENUKA,42.5,PE,0.0,0.0,0.0,11.35,10.25,0,0.0,0
2012-08-16,2012-10-25,OPTSTK,RENUKA,45.0,PE,0.0,0.0,0.0,13.55,12.5,0,0.0,0
2012-08-16,2012-10-25,OPTSTK,RENUKA,47.5,PE,0.0,0.0,0.0,15.8,14.8,0,0.0,0
2012-08-16,2012-10-25,OPTSTK,RENUKA,50.0,PE,0.0,0.0,0.0,18.15,17.2,0,0.0,0
2012-08-16,2012-10-25,OPTSTK,RENUKA,52.5,PE,0.0,0.0,0.0,20.5,19.6,0,0.0,0
2012-08-16,2012-08-30,OPTSTK,ROLTA,40.0,CE,0.0,0.0,0.0,34.15,28.05,0,0.0,0
2012-08-16,2012-08-30,OPTSTK,ROLTA,45.0,CE,0.0,0.0,0.0,29.4,23.05,0,0.0,0
2012-08-16,2012-08-30,OPTSTK,ROLTA,50.0,CE,0.0,0.0,0.0,24.8,18.1,0,0.0,0
2012-08-16,2012-08-30,OPTSTK,ROLTA,55.0,CE,0.0,0.0,0.0,20.5,13.1,0,0.0,0
2012-08-16,2012-08-30,OPTSTK,ROLTA,60.0,CE,0.0,0.0,0.0,16.6,8.2,0,0.0,0
2012-08-16,2012-08-30,OPTSTK,ROLTA,65.0,CE,0.0,0.0,0.0,13.2,4.0,0,0.0,0
2012-08-16,2012-08-30,OPTSTK,ROLTA,70.0,CE,3.0,3.0,3.0,3.0,3.0,2,5.84,8000
2012-08-16,2012-08-30,OPTSTK,ROLTA,75.0,CE,0.0,0.0,0.0,1.55,0.3,0,0.0,0
2012-08-16,2012-08-30,OPTSTK,ROLTA,80.0,CE,0.0,0.0,0.0,2.9,0.05,0,0.0,0
2012-08-16,2012-08-30,OPTSTK,ROLTA,85.0,CE,0.0,0.0,0.0,4.4,0.0,0,0.0,0
2012-08-16,2012-08-30,OPTSTK,ROLTA,90.0,CE,0.0,0.0,0.0,0.9,0.0,0,0.0,0
2012-08-16,2012-08-30,OPTSTK,ROLTA,95.0,CE,0.0,0.0,0.0,2.35,0.0,0,0.0,0
2012-08-16,2012-08-30,OPTSTK,ROLTA,100.0,CE,0.0,0.0,0.0,1.7,0.0,0,0.0,0
2012-08-16,2012-08-30,OPTSTK,ROLTA,105.0,CE,0.0,0.0,0.0,1.2,0.0,0,0.0,0
2012-08-16,2012-08-30,OPTSTK,ROLTA,110.0,CE,0.0,0.0,0.0,0.85,0.0,0,0.0,0
2012-08-16,2012-08-30,OPTSTK,ROLTA,115.0,CE,0.0,0.0,0.0,0.6,0.0,0,0.0,0
2012-08-16,2012-08-30,OPTSTK,ROLTA,120.0,CE,0.0,0.0,0.0,0.45,0.0,0,0.0,0
2012-08-16,2012-08-30,OPTSTK,ROLTA,125.0,CE,0.0,0.0,0.0,0.3,0.0,0,0.0,0
2012-08-16,2012-08-30,OPTSTK,ROLTA,40.0,PE,0.0,0.0,0.0,0.05,0.0,0,0.0,0
2012-08-16,2012-08-30,OPTSTK,ROLTA,45.0,PE,0.0,0.0,0.0,0.2,0.0,0,0.0,0
2012-08-16,2012-08-30,OPTSTK,ROLTA,50.0,PE,0.0,0.0,0.0,0.5,0.0,0,0.0,0
2012-08-16,2012-08-30,OPTSTK,ROLTA,55.0,PE,0.0,0.0,0.0,1.1,0.0,0,0.0,0
2012-08-16,2012-08-30,OPTSTK,ROLTA,60.0,PE,0.0,0.0,0.0,2.05,0.1,0,0.0,0
2012-08-16,2012-08-30,OPTSTK,ROLTA,65.0,PE,0.0,0.0,0.0,3.5,0.9,0,0.0,0
2012-08-16,2012-08-30,OPTSTK,ROLTA,70.0,PE,0.0,0.0,0.0,5.45,3.2,0,0.0,0
2012-08-16,2012-08-30,OPTSTK,ROLTA,75.0,PE,0.0,0.0,0.0,7.95,7.15,0,0.0,0
2012-08-16,2012-08-30,OPTSTK,ROLTA,80.0,PE,0.0,0.0,0.0,10.9,11.9,0,0.0,0
2012-08-16,2012-08-30,OPTSTK,ROLTA,85.0,PE,0.0,0.0,0.0,14.25,16.85,0,0.0,0
2012-08-16,2012-08-30,OPTSTK,ROLTA,90.0,PE,0.0,0.0,0.0,17.95,21.8,0,0.0,0
2012-08-16,2012-08-30,OPTSTK,ROLTA,95.0,PE,0.0,0.0,0.0,21.95,26.8,0,0.0,0
2012-08-16,2012-08-30,OPTSTK,ROLTA,100.0,PE,0.0,0.0,0.0,26.2,31.8,0,0.0,0
2012-08-16,2012-08-30,OPTSTK,ROLTA,105.0,PE,0.0,0.0,0.0,30.6,36.75,0,0.0,0
2012-08-16,2012-08-30,OPTSTK,ROLTA,110.0,PE,0.0,0.0,0.0,35.1,41.75,0,0.0,0
2012-08-16,2012-08-30,OPTSTK,ROLTA,115.0,PE,0.0,0.0,0.0,39.75,46.75,0,0.0,0
2012-08-16,2012-08-30,OPTSTK,ROLTA,120.0,PE,0.0,0.0,0.0,44.45,51.7,0,0.0,0
2012-08-16,2012-08-30,OPTSTK,ROLTA,125.0,PE,0.0,0.0,0.0,49.2,56.7,0,0.0,0
2012-08-16,2012-09-27,OPTSTK,ROLTA,40.0,CE,0.0,0.0,0.0,40.1,28.35,0,0.0,0
2012-08-16,2012-09-27,OPTSTK,ROLTA,45.0,CE,0.0,0.0,0.0,35.25,23.4,0,0.0,0
2012-08-16,2012-09-27,OPTSTK,ROLTA,50.0,CE,0.0,0.0,0.0,30.4,18.45,0,0.0,0
2012-08-16,2012-09-27,OPTSTK,ROLTA,55.0,CE,0.0,0.0,0.0,25.7,13.65,0,0.0,0
2012-08-16,2012-09-27,OPTSTK,ROLTA,60.0,CE,0.0,0.0,0.0,21.15,9.25,0,0.0,0
2012-08-16,2012-09-27,OPTSTK,ROLTA,65.0,CE,0.0,0.0,0.0,17.0,5.6,0,0.0,0
2012-08-16,2012-09-27,OPTSTK,ROLTA,70.0,CE,0.0,0.0,0.0,13.25,3.05,0,0.0,0
2012-08-16,2012-09-27,OPTSTK,ROLTA,75.0,CE,0.0,0.0,0.0,10.1,1.45,0,0.0,0
2012-08-16,2012-09-27,OPTSTK,ROLTA,80.0,CE,0.0,0.0,0.0,7.45,0.65,0,0.0,0
2012-08-16,2012-09-27,OPTSTK,ROLTA,85.0,CE,0.0,0.0,0.0,5.4,0.25,0,0.0,0
2012-08-16,2012-09-27,OPTSTK,ROLTA,90.0,CE,0.0,0.0,0.0,3.8,0.1,0,0.0,0
2012-08-16,2012-09-27,OPTSTK,ROLTA,95.0,CE,0.0,0.0,0.0,2.65,0.05,0,0.0,0
2012-08-16,2012-09-27,OPTSTK,ROLTA,100.0,CE,0.0,0.0,0.0,1.8,0.05,0,0.0,0
2012-08-16,2012-09-27,OPTSTK,ROLTA,105.0,CE,0.0,0.0,0.0,1.2,0.0,0,0.0,0
2012-08-16,2012-09-27,OPTSTK,ROLTA,110.0,CE,0.0,0.0,0.0,0.8,0.0,0,0.0,0
2012-08-16,2012-09-27,OPTSTK,ROLTA,115.0,CE,0.0,0.0,0.0,0.5,0.0,0,0.0,0
2012-08-16,2012-09-27,OPTSTK,ROLTA,120.0,CE,0.0,0.0,0.0,0.35,0.0,0,0.0,0
2012-08-16,2012-09-27,OPTSTK,ROLTA,125.0,CE,0.0,0.0,0.0,0.25,0.0,0,0.0,0
2012-08-16,2012-09-27,OPTSTK,ROLTA,40.0,PE,0.0,0.0,0.0,0.05,0.0,0,0.0,0
2012-08-16,2012-09-27,OPTSTK,ROLTA,45.0,PE,0.0,0.0,0.0,0.05,0.0,0,0.0,0
2012-08-16,2012-09-27,OPTSTK,ROLTA,50.0,PE,0.0,0.0,0.0,0.1,0.05,0,0.0,0
2012-08-16,2012-09-27,OPTSTK,ROLTA,55.0,PE,0.0,0.0,0.0,0.25,0.2,0,0.0,0
2012-08-16,2012-09-27,OPTSTK,ROLTA,60.0,PE,0.0,0.0,0.0,0.6,0.75,0,0.0,0
2012-08-16,2012-09-27,OPTSTK,ROLTA,65.0,PE,0.0,0.0,0.0,1.35,2.05,0,0.0,0
2012-08-16,2012-09-27,OPTSTK,ROLTA,70.0,PE,0.0,0.0,0.0,2.5,4.4,0,0.0,0
2012-08-16,2012-09-27,OPTSTK,ROLTA,75.0,PE,0.0,0.0,0.0,4.2,7.8,0,0.0,0
2012-08-16,2012-09-27,OPTSTK,ROLTA,80.0,PE,0.0,0.0,0.0,6.45,11.9,0,0.0,0
2012-08-16,2012-09-27,OPTSTK,ROLTA,85.0,PE,0.0,0.0,0.0,9.25,16.5,0,0.0,0
2012-08-16,2012-09-27,OPTSTK,ROLTA,90.0,PE,0.0,0.0,0.0,12.55,21.25,0,0.0,0
2012-08-16,2012-09-27,OPTSTK,ROLTA,95.0,PE,0.0,0.0,0.0,16.3,26.15,0,0.0,0
2012-08-16,2012-09-27,OPTSTK,ROLTA,100.0,PE,0.0,0.0,0.0,20.3,31.1,0,0.0,0
2012-08-16,2012-09-27,OPTSTK,ROLTA,105.0,PE,0.0,0.0,0.0,24.6,36.05,0,0.0,0
2012-08-16,2012-09-27,OPTSTK,ROLTA,110.0,PE,0.0,0.0,0.0,29.1,41.0,0,0.0,0
2012-08-16,2012-09-27,OPTSTK,ROLTA,115.0,PE,0.0,0.0,0.0,33.7,45.95,0,0.0,0
2012-08-16,2012-09-27,OPTSTK,ROLTA,120.0,PE,0.0,0.0,0.0,38.4,50.9,0,0.0,0
2012-08-16,2012-09-27,OPTSTK,ROLTA,125.0,PE,0.0,0.0,0.0,43.15,55.85,0,0.0,0
2012-08-16,2012-08-30,OPTSTK,RPOWER,50.0,CE,0.0,0.0,0.0,44.85,43.35,0,0.0,0
2012-08-16,2012-08-30,OPTSTK,RPOWER,55.0,CE,0.0,0.0,0.0,40.1,38.35,0,0.0,0
2012-08-16,2012-08-30,OPTSTK,RPOWER,60.0,CE,0.0,0.0,0.0,35.4,33.35,0,0.0,0
2012-08-16,2012-08-30,OPTSTK,RPOWER,65.0,CE,0.0,0.0,0.0,30.85,28.4,0,0.0,0
2012-08-16,2012-08-30,OPTSTK,RPOWER,70.0,CE,0.0,0.0,0.0,26.6,23.4,0,0.0,0
2012-08-16,2012-08-30,OPTSTK,RPOWER,75.0,CE,0.0,0.0,0.0,22.6,18.45,0,0.0,0
2012-08-16,2012-08-30,OPTSTK,RPOWER,80.0,CE,0.0,0.0,0.0,12.25,13.55,0,0.0,2000
2012-08-16,2012-08-30,OPTSTK,RPOWER,85.0,CE,0.0,0.0,0.0,9.1,9.05,0,0.0,14000
2012-08-16,2012-08-30,OPTSTK,RPOWER,90.0,CE,5.15,5.95,4.5,4.7,4.7,85,161.97,630000
2012-08-16,2012-08-30,OPTSTK,RPOWER,95.0,CE,2.4,3.0,1.95,2.0,2.0,337,656.93,902000
2012-08-16,2012-08-30,OPTSTK,RPOWER,100.0,CE,0.95,1.3,0.7,0.8,0.8,350,707.01,1154000
2012-08-16,2012-08-30,OPTSTK,RPOWER,105.0,CE,0.5,0.5,0.3,0.3,0.3,54,113.84,420000
2012-08-16,2012-08-30,OPTSTK,RPOWER,110.0,CE,0.3,0.3,0.15,0.15,0.15,34,74.92,362000
2012-08-16,2012-08-30,OPTSTK,RPOWER,115.0,CE,0.0,0.0,0.0,0.15,0.05,0,0.0,40000
2012-08-16,2012-08-30,OPTSTK,RPOWER,120.0,CE,0.0,0.0,0.0,0.1,0.05,0,0.0,34000
2012-08-16,2012-08-30,OPTSTK,RPOWER,125.0,CE,0.0,0.0,0.0,2.45,0.0,0,0.0,0
2012-08-16,2012-08-30,OPTSTK,RPOWER,130.0,CE,0.0,0.0,0.0,1.9,0.0,0,0.0,0
2012-08-16,2012-08-30,OPTSTK,RPOWER,135.0,CE,0.0,0.0,0.0,1.45,0.0,0,0.0,0
2012-08-16,2012-08-30,OPTSTK,RPOWER,140.0,CE,0.0,0.0,0.0,1.1,0.0,0,0.0,0
2012-08-16,2012-08-30,OPTSTK,RPOWER,145.0,CE,0.0,0.0,0.0,0.85,0.0,0,0.0,0
2012-08-16,2012-08-30,OPTSTK,RPOWER,150.0,CE,0.0,0.0,0.0,1.2,0.0,0,0.0,0
2012-08-16,2012-08-30,OPTSTK,RPOWER,160.0,CE,0.0,0.0,0.0,0.25,0.0,0,0.0,0
2012-08-16,2012-08-30,OPTSTK,RPOWER,50.0,PE,0.0,0.0,0.0,0.05,0.0,0,0.0,0
2012-08-16,2012-08-30,OPTSTK,RPOWER,55.0,PE,0.0,0.0,0.0,0.15,0.0,0,0.0,0
2012-08-16,2012-08-30,OPTSTK,RPOWER,60.0,PE,0.0,0.0,0.0,0.35,0.0,0,0.0,0
2012-08-16,2012-08-30,OPTSTK,RPOWER,65.0,PE,0.0,0.0,0.0,0.7,0.0,0,0.0,0
2012-08-16,2012-08-30,OPTSTK,RPOWER,70.0,PE,0.0,0.0,0.0,0.3,0.0,0,0.0,0
2012-08-16,2012-08-30,OPTSTK,RPOWER,75.0,PE,0.0,0.0,0.0,0.15,0.05,0,0.0,16000
2012-08-16,2012-08-30,OPTSTK,RPOWER,80.0,PE,0.1,0.1,0.05,0.1,0.1,7,11.21,220000
2012-08-16,2012-08-30,OPTSTK,RPOWER,85.0,PE,0.4,0.4,0.25,0.4,0.4,86,146.75,254000
2012-08-16,2012-08-30,OPTSTK,RPOWER,90.0,PE,1.1,1.35,0.8,1.25,1.25,168,305.87,596000
2012-08-16,2012-08-30,OPTSTK,RPOWER,95.0,PE,3.0,3.6,2.45,3.55,3.55,46,90.06,270000
2012-08-16,2012-08-30,OPTSTK,RPOWER,100.0,PE,6.7,6.7,6.7,6.7,6.7,1,2.13,80000
2012-08-16,2012-08-30,OPTSTK,RPOWER,105.0,PE,0.0,0.0,0.0,11.1,11.9,0,0.0,24000
2012-08-16,2012-08-30,OPTSTK,RPOWER,110.0,PE,0.0,0.0,0.0,16.0,16.6,0,0.0,112000
2012-08-16,2012-08-30,OPTSTK,RPOWER,115.0,PE,0.0,0.0,0.0,24.45,21.5,0,0.0,18000
2012-08-16,2012-08-30,OPTSTK,RPOWER,120.0,PE,0.0,0.0,0.0,27.7,26.5,0,0.0,24000
2012-08-16,2012-08-30,OPTSTK,RPOWER,125.0,PE,0.0,0.0,0.0,30.85,31.45,0,0.0,0
2012-08-16,2012-08-30,OPTSTK,RPOWER,130.0,PE,0.0,0.0,0.0,35.15,36.45,0,0.0,0
2012-08-16,2012-08-30,OPTSTK,RPOWER,135.0,PE,0.0,0.0,0.0,39.6,41.4,0,0.0,0
2012-08-16,2012-08-30,OPTSTK,RPOWER,140.0,PE,0.0,0.0,0.0,44.15,46.4,0,0.0,0
2012-08-16,2012-08-30,OPTSTK,RPOWER,145.0,PE,0.0,0.0,0.0,48.75,51.4,0,0.0,0
2012-08-16,2012-08-30,OPTSTK,RPOWER,150.0,PE,0.0,0.0,0.0,50.0,56.35,0,0.0,0
2012-08-16,2012-08-30,OPTSTK,RPOWER,160.0,PE,0.0,0.0,0.0,54.95,66.35,0,0.0,0
2012-08-16,2012-09-27,OPTSTK,RPOWER,50.0,CE,0.0,0.0,0.0,52.55,43.7,0,0.0,0
2012-08-16,2012-09-27,OPTSTK,RPOWER,55.0,CE,0.0,0.0,0.0,45.4,38.75,0,0.0,0
2012-08-16,2012-09-27,OPTSTK,RPOWER,60.0,CE,0.0,0.0,0.0,42.85,33.8,0,0.0,0
2012-08-16,2012-09-27,OPTSTK,RPOWER,65.0,CE,0.0,0.0,0.0,35.6,28.85,0,0.0,0
2012-08-16,2012-09-27,OPTSTK,RPOWER,70.0,CE,0.0,0.0,0.0,33.45,24.05,0,0.0,0
2012-08-16,2012-09-27,OPTSTK,RPOWER,75.0,CE,0.0,0.0,0.0,26.1,19.35,0,0.0,0
2012-08-16,2012-09-27,OPTSTK,RPOWER,80.0,CE,0.0,0.0,0.0,24.8,15.0,0,0.0,0
2012-08-16,2012-09-27,OPTSTK,RPOWER,85.0,CE,0.0,0.0,0.0,17.55,11.15,0,0.0,0
2012-08-16,2012-09-27,OPTSTK,RPOWER,90.0,CE,0.0,0.0,0.0,17.35,7.9,0,0.0,0
2012-08-16,2012-09-27,OPTSTK,RPOWER,95.0,CE,4.5,4.5,4.5,4.5,4.5,1,1.99,4000
2012-08-16,2012-09-27,OPTSTK,RPOWER,100.0,CE,3.0,3.0,2.6,2.6,2.6,3,6.17,8000
2012-08-16,2012-09-27,OPTSTK,RPOWER,105.0,CE,0.0,0.0,0.0,5.9,2.15,0,0.0,0
2012-08-16,2012-09-27,OPTSTK,RPOWER,110.0,CE,0.0,0.0,0.0,7.3,1.3,0,0.0,0
2012-08-16,2012-09-27,OPTSTK,RPOWER,115.0,CE,0.0,0.0,0.0,2.95,0.75,0,0.0,0
2012-08-16,2012-09-27,OPTSTK,RPOWER,120.0,CE,0.0,0.0,0.0,4.45,0.4,0,0.0,0
2012-08-16,2012-09-27,OPTSTK,RPOWER,125.0,CE,0.0,0.0,0.0,1.4,0.25,0,0.0,0
2012-08-16,2012-09-27,OPTSTK,RPOWER,130.0,CE,0.0,0.0,0.0,2.6,0.15,0,0.0,0
2012-08-16,2012-09-27,OPTSTK,RPOWER,135.0,CE,0.0,0.0,0.0,0.6,0.1,0,0.0,0
2012-08-16,2012-09-27,OPTSTK,RPOWER,140.0,CE,0.0,0.0,0.0,1.5,0.05,0,0.0,0
2012-08-16,2012-09-27,OPTSTK,RPOWER,150.0,CE,0.0,0.0,0.0,0.85,0.05,0,0.0,0
2012-08-16,2012-09-27,OPTSTK,RPOWER,160.0,CE,0.0,0.0,0.0,0.45,0.0,0,0.0,0
2012-08-16,2012-09-27,OPTSTK,RPOWER,50.0,PE,0.0,0.0,0.0,0.05,0.0,0,0.0,0
2012-08-16,2012-09-27,OPTSTK,RPOWER,55.0,PE,0.0,0.0,0.0,0.05,0.0,0,0.0,0
2012-08-16,2012-09-27,OPTSTK,RPOWER,60.0,PE,0.0,0.0,0.0,0.1,0.05,0,0.0,0
2012-08-16,2012-09-27,OPTSTK,RPOWER,65.0,PE,0.0,0.0,0.0,0.05,0.05,0,0.0,0
2012-08-16,2012-09-27,OPTSTK,RPOWER,70.0,PE,0.0,0.0,0.0,0.45,0.15,0,0.0,0
2012-08-16,2012-09-27,OPTSTK,RPOWER,75.0,PE,0.0,0.0,0.0,0.4,0.4,0,0.0,0
2012-08-16,2012-09-27,OPTSTK,RPOWER,80.0,PE,0.0,0.0,0.0,1.55,1.0,0,0.0,0
2012-08-16,2012-09-27,OPTSTK,RPOWER,85.0,PE,0.95,0.95,0.95,0.95,0.95,1,1.71,2000
2012-08-16,2012-09-27,OPTSTK,RPOWER,90.0,PE,0.0,0.0,0.0,3.8,3.8,0,0.0,4000
2012-08-16,2012-09-27,OPTSTK,RPOWER,95.0,PE,4.5,4.5,4.5,4.5,4.5,1,1.99,2000
2012-08-16,2012-09-27,OPTSTK,RPOWER,100.0,PE,0.0,0.0,0.0,7.85,9.3,0,0.0,0
2012-08-16,2012-09-27,OPTSTK,RPOWER,105.0,PE,0.0,0.0,0.0,11.0,12.95,0,0.0,2000
2012-08-16,2012-09-27,OPTSTK,RPOWER,110.0,PE,0.0,0.0,0.0,13.4,17.0,0,0.0,0
2012-08-16,2012-09-27,OPTSTK,RPOWER,115.0,PE,0.0,0.0,0.0,16.6,21.4,0,0.0,0
2012-08-16,2012-09-27,OPTSTK,RPOWER,120.0,PE,0.0,0.0,0.0,20.3,26.05,0,0.0,0
2012-08-16,2012-09-27,OPTSTK,RPOWER,125.0,PE,0.0,0.0,0.0,24.85,30.8,0,0.0,0
2012-08-16,2012-09-27,OPTSTK,RPOWER,130.0,PE,0.0,0.0,0.0,28.25,35.65,0,0.0,0
2012-08-16,2012-09-27,OPTSTK,RPOWER,135.0,PE,0.0,0.0,0.0,33.95,40.55,0,0.0,0
2012-08-16,2012-09-27,OPTSTK,RPOWER,140.0,PE,0.0,0.0,0.0,36.9,45.45,0,0.0,0
2012-08-16,2012-09-27,OPTSTK,RPOWER,150.0,PE,0.0,0.0,0.0,46.0,55.35,0,0.0,0
2012-08-16,2012-09-27,OPTSTK,RPOWER,160.0,PE,0.0,0.0,0.0,55.4,65.2,0,0.0,0
2012-08-16,2012-10-25,OPTSTK,RPOWER,50.0,CE,0.0,0.0,0.0,40.25,44.05,0,0.0,0
2012-08-16,2012-10-25,OPTSTK,RPOWER,55.0,CE,0.0,0.0,0.0,35.5,39.15,0,0.0,0
2012-08-16,2012-10-25,OPTSTK,RPOWER,60.0,CE,0.0,0.0,0.0,30.85,34.25,0,0.0,0
2012-08-16,2012-10-25,OPTSTK,RPOWER,65.0,CE,0.0,0.0,0.0,26.5,29.45,0,0.0,0
2012-08-16,2012-10-25,OPTSTK,RPOWER,70.0,CE,0.0,0.0,0.0,22.4,24.8,0,0.0,0
2012-08-16,2012-10-25,OPTSTK,RPOWER,75.0,CE,0.0,0.0,0.0,18.65,20.45,0,0.0,0
2012-08-16,2012-10-25,OPTSTK,RPOWER,80.0,CE,0.0,0.0,0.0,15.3,16.4,0,0.0,0
2012-08-16,2012-10-25,OPTSTK,RPOWER,85.0,CE,0.0,0.0,0.0,12.4,12.85,0,0.0,0
2012-08-16,2012-10-25,OPTSTK,RPOWER,90.0,CE,0.0,0.0,0.0,9.95,9.8,0,0.0,0
2012-08-16,2012-10-25,OPTSTK,RPOWER,95.0,CE,0.0,0.0,0.0,7.85,7.3,0,0.0,0
2012-08-16,2012-10-25,OPTSTK,RPOWER,100.0,CE,0.0,0.0,0.0,6.15,5.35,0,0.0,0
2012-08-16,2012-10-25,OPTSTK,RPOWER,105.0,CE,0.0,0.0,0.0,4.8,3.8,0,0.0,0
2012-08-16,2012-10-25,OPTSTK,RPOWER,110.0,CE,0.0,0.0,0.0,3.7,2.65,0,0.0,0
2012-08-16,2012-10-25,OPTSTK,RPOWER,115.0,CE,0.0,0.0,0.0,2.8,1.8,0,0.0,0
2012-08-16,2012-10-25,OPTSTK,RPOWER,120.0,CE,0.0,0.0,0.0,2.15,1.25,0,0.0,0
2012-08-16,2012-10-25,OPTSTK,RPOWER,125.0,CE,0.0,0.0,0.0,1.6,0.8,0,0.0,0
2012-08-16,2012-10-25,OPTSTK,RPOWER,130.0,CE,0.0,0.0,0.0,1.2,0.55,0,0.0,0
2012-08-16,2012-10-25,OPTSTK,RPOWER,135.0,CE,0.0,0.0,0.0,0.9,0.35,0,0.0,0
2012-08-16,2012-10-25,OPTSTK,RPOWER,140.0,CE,0.0,0.0,0.0,0.7,0.25,0,0.0,0
2012-08-16,2012-10-25,OPTSTK,RPOWER,50.0,PE,0.0,0.0,0.0,0.1,0.0,0,0.0,0
2012-08-16,2012-10-25,OPTSTK,RPOWER,55.0,PE,0.0,0.0,0.0,0.25,0.05,0,0.0,0
2012-08-16,2012-10-25,OPTSTK,RPOWER,60.0,PE,0.0,0.0,0.0,0.5,0.1,0,0.0,0
2012-08-16,2012-10-25,OPTSTK,RPOWER,65.0,PE,0.0,0.0,0.0,1.0,0.2,0,0.0,0
2012-08-16,2012-10-25,OPTSTK,RPOWER,70.0,PE,0.0,0.0,0.0,1.8,0.45,0,0.0,0
2012-08-16,2012-10-25,OPTSTK,RPOWER,75.0,PE,0.0,0.0,0.0,2.95,1.0,0,0.0,0
2012-08-16,2012-10-25,OPTSTK,RPOWER,80.0,PE,0.0,0.0,0.0,4.5,1.9,0,0.0,0
2012-08-16,2012-10-25,OPTSTK,RPOWER,85.0,PE,0.0,0.0,0.0,6.5,3.25,0,0.0,0
2012-08-16,2012-10-25,OPTSTK,RPOWER,90.0,PE,0.0,0.0,0.0,8.9,5.1,0,0.0,0
2012-08-16,2012-10-25,OPTSTK,RPOWER,95.0,PE,0.0,0.0,0.0,11.7,7.55,0,0.0,0
2012-08-16,2012-10-25,OPTSTK,RPOWER,100.0,PE,0.0,0.0,0.0,14.9,10.45,0,0.0,0
2012-08-16,2012-10-25,OPTSTK,RPOWER,105.0,PE,0.0,0.0,0.0,18.4,13.85,0,0.0,0
2012-08-16,2012-10-25,OPTSTK,RPOWER,110.0,PE,0.0,0.0,0.0,22.2,17.6,0,0.0,0
2012-08-16,2012-10-25,OPTSTK,RPOWER,115.0,PE,0.0,0.0,0.0,26.2,21.7,0,0.0,0
2012-08-16,2012-10-25,OPTSTK,RPOWER,120.0,PE,0.0,0.0,0.0,30.4,26.0,0,0.0,0
2012-08-16,2012-10-25,OPTSTK,RPOWER,125.0,PE,0.0,0.0,0.0,34.8,30.55,0,0.0,0
2012-08-16,2012-10-25,OPTSTK,RPOWER,130.0,PE,0.0,0.0,0.0,39.25,35.15,0,0.0,0
2012-08-16,2012-10-25,OPTSTK,RPOWER,135.0,PE,0.0,0.0,0.0,43.85,39.9,0,0.0,0
2012-08-16,2012-10-25,OPTSTK,RPOWER,140.0,PE,0.0,0.0,0.0,48.5,44.7,0,0.0,0
2012-08-16,2012-08-30,OPTSTK,RUCHISOYA,50.0,CE,0.0,0.0,0.0,45.6,35.25,0,0.0,0
2012-08-16,2012-08-30,OPTSTK,RUCHISOYA,55.0,CE,0.0,0.0,0.0,40.75,30.25,0,0.0,0
2012-08-16,2012-08-30,OPTSTK,RUCHISOYA,60.0,CE,0.0,0.0,0.0,35.85,25.25,0,0.0,0
2012-08-16,2012-08-30,OPTSTK,RUCHISOYA,65.0,CE,0.0,0.0,0.0,31.0,20.3,0,0.0,0
2012-08-16,2012-08-30,OPTSTK,RUCHISOYA,70.0,CE,0.0,0.0,0.0,26.2,15.3,0,0.0,0
2012-08-16,2012-08-30,OPTSTK,RUCHISOYA,75.0,CE,0.0,0.0,0.0,21.55,10.3,0,0.0,0
2012-08-16,2012-08-30,OPTSTK,RUCHISOYA,80.0,CE,0.0,0.0,0.0,17.1,5.45,0,0.0,0
2012-08-16,2012-08-30,OPTSTK,RUCHISOYA,85.0,CE,0.0,0.0,0.0,13.1,1.65,0,0.0,0
2012-08-16,2012-08-30,OPTSTK,RUCHISOYA,90.0,CE,0.0,0.0,0.0,9.65,0.25,0,0.0,0
2012-08-16,2012-08-30,OPTSTK,RUCHISOYA,95.0,CE,0.0,0.0,0.0,6.8,0.05,0,0.0,0
2012-08-16,2012-08-30,OPTSTK,RUCHISOYA,100.0,CE,0.0,0.0,0.0,4.6,0.0,0,0.0,0
2012-08-16,2012-08-30,OPTSTK,RUCHISOYA,105.0,CE,0.0,0.0,0.0,3.0,0.0,0,0.0,0
2012-08-16,2012-08-30,OPTSTK,RUCHISOYA,110.0,CE,0.0,0.0,0.0,1.9,0.0,0,0.0,0
2012-08-16,2012-08-30,OPTSTK,RUCHISOYA,115.0,CE,0.0,0.0,0.0,1.15,0.0,0,0.0,0
2012-08-16,2012-08-30,OPTSTK,RUCHISOYA,120.0,CE,0.0,0.0,0.0,0.7,0.0,0,0.0,0
2012-08-16,2012-08-30,OPTSTK,RUCHISOYA,125.0,CE,0.0,0.0,0.0,0.4,0.0,0,0.0,0
2012-08-16,2012-08-30,OPTSTK,RUCHISOYA,130.0,CE,0.0,0.0,0.0,0.25,0.0,0,0.0,0
2012-08-16,2012-08-30,OPTSTK,RUCHISOYA,135.0,CE,0.0,0.0,0.0,0.15,0.0,0,0.0,0
2012-08-16,2012-08-30,OPTSTK,RUCHISOYA,50.0,PE,0.0,0.0,0.0,0.05,0.0,0,0.0,0
2012-08-16,2012-08-30,OPTSTK,RUCHISOYA,55.0,PE,0.0,0.0,0.0,0.05,0.0,0,0.0,0
2012-08-16,2012-08-30,OPTSTK,RUCHISOYA,60.0,PE,0.0,0.0,0.0,0.05,0.0,0,0.0,0
2012-08-16,2012-08-30,OPTSTK,RUCHISOYA,65.0,PE,0.0,0.0,0.0,0.05,0.0,0,0.0,0
2012-08-16,2012-08-30,OPTSTK,RUCHISOYA,70.0,PE,0.0,0.0,0.0,0.1,0.0,0,0.0,0
2012-08-16,2012-08-30,OPTSTK,RUCHISOYA,75.0,PE,0.0,0.0,0.0,0.3,0.0,0,0.0,0
2012-08-16,2012-08-30,OPTSTK,RUCHISOYA,80.0,PE,0.0,0.0,0.0,0.8,0.15,0,0.0,0
2012-08-16,2012-08-30,OPTSTK,RUCHISOYA,85.0,PE,0.0,0.0,0.0,1.65,1.35,0,0.0,0
2012-08-16,2012-08-30,OPTSTK,RUCHISOYA,90.0,PE,0.0,0.0,0.0,3.1,4.9,0,0.0,0
2012-08-16,2012-08-30,OPTSTK,RUCHISOYA,95.0,PE,0.0,0.0,0.0,5.15,9.65,0,0.0,0
2012-08-16,2012-08-30,OPTSTK,RUCHISOYA,100.0,PE,0.0,0.0,0.0,7.8,14.65,0,0.0,0
2012-08-16,2012-08-30,OPTSTK,RUCHISOYA,105.0,PE,0.0,0.0,0.0,11.1,19.6,0,0.0,0
2012-08-16,2012-08-30,OPTSTK,RUCHISOYA,110.0,PE,0.0,0.0,0.0,14.85,24.6,0,0.0,0
2012-08-16,2012-08-30,OPTSTK,RUCHISOYA,115.0,PE,0.0,0.0,0.0,19.0,29.6,0,0.0,0
2012-08-16,2012-08-30,OPTSTK,RUCHISOYA,120.0,PE,0.0,0.0,0.0,23.4,34.55,0,0.0,0
2012-08-16,2012-08-30,OPTSTK,RUCHISOYA,125.0,PE,0.0,0.0,0.0,28.0,39.55,0,0.0,0
2012-08-16,2012-08-30,OPTSTK,RUCHISOYA,130.0,PE,0.0,0.0,0.0,32.7,44.55,0,0.0,0
2012-08-16,2012-08-30,OPTSTK,RUCHISOYA,135.0,PE,0.0,0.0,0.0,37.5,49.5,0,0.0,0
2012-08-16,2012-09-27,OPTSTK,RUCHISOYA,50.0,CE,0.0,0.0,0.0,39.2,35.6,0,0.0,0
2012-08-16,2012-09-27,OPTSTK,RUCHISOYA,55.0,CE,0.0,0.0,0.0,34.3,30.65,0,0.0,0
2012-08-16,2012-09-27,OPTSTK,RUCHISOYA,60.0,CE,0.0,0.0,0.0,29.4,25.7,0,0.0,0
2012-08-16,2012-09-27,OPTSTK,RUCHISOYA,65.0,CE,0.0,0.0,0.0,24.55,20.75,0,0.0,0
2012-08-16,2012-09-27,OPTSTK,RUCHISOYA,70.0,CE,0.0,0.0,0.0,19.8,15.8,0,0.0,0
2012-08-16,2012-09-27,OPTSTK,RUCHISOYA,75.0,CE,0.0,0.0,0.0,15.3,10.95,0,0.0,0
2012-08-16,2012-09-27,OPTSTK,RUCHISOYA,80.0,CE,0.0,0.0,0.0,11.25,6.45,0,0.0,0
2012-08-16,2012-09-27,OPTSTK,RUCHISOYA,85.0,CE,0.0,0.0,0.0,7.8,3.05,0,0.0,0
2012-08-16,2012-09-27,OPTSTK,RUCHISOYA,90.0,CE,0.0,0.0,0.0,5.1,1.1,0,0.0,0
2012-08-16,2012-09-27,OPTSTK,RUCHISOYA,95.0,CE,0.0,0.0,0.0,3.1,0.3,0,0.0,0
2012-08-16,2012-09-27,OPTSTK,RUCHISOYA,100.0,CE,0.0,0.0,0.0,1.8,0.1,0,0.0,0
2012-08-16,2012-09-27,OPTSTK,RUCHISOYA,105.0,CE,0.0,0.0,0.0,1.0,0.05,0,0.0,0
2012-08-16,2012-09-27,OPTSTK,RUCHISOYA,110.0,CE,0.0,0.0,0.0,0.55,0.0,0,0.0,0
2012-08-16,2012-09-27,OPTSTK,RUCHISOYA,115.0,CE,0.0,0.0,0.0,0.3,0.0,0,0.0,0
2012-08-16,2012-09-27,OPTSTK,RUCHISOYA,120.0,CE,0.0,0.0,0.0,0.15,0.0,0,0.0,0
2012-08-16,2012-09-27,OPTSTK,RUCHISOYA,125.0,CE,0.0,0.0,0.0,0.1,0.0,0,0.0,0
2012-08-16,2012-09-27,OPTSTK,RUCHISOYA,130.0,CE,0.0,0.0,0.0,0.05,0.0,0,0.0,0
2012-08-16,2012-09-27,OPTSTK,RUCHISOYA,135.0,CE,0.0,0.0,0.0,0.05,0.0,0,0.0,0
2012-08-16,2012-09-27,OPTSTK,RUCHISOYA,50.0,PE,0.0,0.0,0.0,0.05,0.0,0,0.0,0
2012-08-16,2012-09-27,OPTSTK,RUCHISOYA,55.0,PE,0.0,0.0,0.0,0.05,0.0,0,0.0,0
2012-08-16,2012-09-27,OPTSTK,RUCHISOYA,60.0,PE,0.0,0.0,0.0,0.05,0.0,0,0.0,0
2012-08-16,2012-09-27,OPTSTK,RUCHISOYA,65.0,PE,0.0,0.0,0.0,0.05,0.0,0,0.0,0
2012-08-16,2012-09-27,OPTSTK,RUCHISOYA,70.0,PE,0.0,0.0,0.0,0.2,0.05,0,0.0,0
2012-08-16,2012-09-27,OPTSTK,RUCHISOYA,75.0,PE,0.0,0.0,0.0,0.55,0.1,0,0.0,0
2012-08-16,2012-09-27,OPTSTK,RUCHISOYA,80.0,PE,0.0,0.0,0.0,1.35,0.6,0,0.0,0
2012-08-16,2012-09-27,OPTSTK,RUCHISOYA,85.0,PE,0.0,0.0,0.0,2.8,2.15,0,0.0,0
2012-08-16,2012-09-27,OPTSTK,RUCHISOYA,90.0,PE,0.0,0.0,0.0,5.0,5.15,0,0.0,0
2012-08-16,2012-09-27,OPTSTK,RUCHISOYA,95.0,PE,0.0,0.0,0.0,7.9,9.3,0,0.0,0
2012-08-16,2012-09-27,OPTSTK,RUCHISOYA,100.0,PE,0.0,0.0,0.0,11.5,14.0,0,0.0,0
2012-08-16,2012-09-27,OPTSTK,RUCHISOYA,105.0,PE,0.0,0.0,0.0,15.55,18.9,0,0.0,0
2012-08-16,2012-09-27,OPTSTK,RUCHISOYA,110.0,PE,0.0,0.0,0.0,20.0,23.85,0,0.0,0
2012-08-16,2012-09-27,OPTSTK,RUCHISOYA,115.0,PE,0.0,0.0,0.0,24.6,28.8,0,0.0,0
2012-08-16,2012-09-27,OPTSTK,RUCHISOYA,120.0,PE,0.0,0.0,0.0,29.35,33.75,0,0.0,0
2012-08-16,2012-09-27,OPTSTK,RUCHISOYA,125.0,PE,0.0,0.0,0.0,34.15,38.7,0,0.0,0
2012-08-16,2012-09-27,OPTSTK,RUCHISOYA,130.0,PE,0.0,0.0,0.0,39.0,43.65,0,0.0,0
2012-08-16,2012-09-27,OPTSTK,RUCHISOYA,135.0,PE,0.0,0.0,0.0,43.9,48.55,0,0.0,0
2012-08-16,2012-08-30,OPTSTK,SAIL,50.0,CE,0.0,0.0,0.0,46.6,34.8,0,0.0,0
2012-08-16,2012-08-30,OPTSTK,SAIL,55.0,CE,0.0,0.0,0.0,41.7,29.8,0,0.0,0
2012-08-16,2012-08-30,OPTSTK,SAIL,60.0,CE,0.0,0.0,0.0,36.85,24.8,0,0.0,0
2012-08-16,2012-08-30,OPTSTK,SAIL,65.0,CE,0.0,0.0,0.0,32.05,19.85,0,0.0,0
2012-08-16,2012-08-30,OPTSTK,SAIL,70.0,CE,0.0,0.0,0.0,27.4,14.85,0,0.0,0
2012-08-16,2012-08-30,OPTSTK,SAIL,75.0,CE,0.0,0.0,0.0,10.1,9.9,0,0.0,4000
2012-08-16,2012-08-30,OPTSTK,SAIL,80.0,CE,5.9,5.9,5.9,5.9,5.9,1,3.43,60000
2012-08-16,2012-08-30,OPTSTK,SAIL,85.0,CE,2.5,2.55,1.6,1.75,1.75,37,128.69,536000
2012-08-16,2012-08-30,OPTSTK,SAIL,90.0,CE,0.9,0.9,0.4,0.5,0.5,78,282.65,1032000
2012-08-16,2012-08-30,OPTSTK,SAIL,95.0,CE,0.3,0.3,0.15,0.15,0.15,20,76.15,452000
2012-08-16,2012-08-30,OPTSTK,SAIL,100.0,CE,0.05,0.05,0.05,0.05,0.05,1,4.0,280000
2012-08-16,2012-08-30,OPTSTK,SAIL,105.0,CE,0.0,0.0,0.0,0.05,0.0,0,0.0,8000
2012-08-16,2012-08-30,OPTSTK,SAIL,110.0,CE,0.0,0.0,0.0,3.45,0.0,0,0.0,0
2012-08-16,2012-08-30,OPTSTK,SAIL,115.0,CE,0.0,0.0,0.0,2.45,0.0,0,0.0,0
2012-08-16,2012-08-30,OPTSTK,SAIL,120.0,CE,0.0,0.0,0.0,1.7,0.0,0,0.0,0
2012-08-16,2012-08-30,OPTSTK,SAIL,125.0,CE,0.0,0.0,0.0,1.15,0.0,0,0.0,0
2012-08-16,2012-08-30,OPTSTK,SAIL,130.0,CE,0.0,0.0,0.0,0.8,0.0,0,0.0,0
2012-08-16,2012-08-30,OPTSTK,SAIL,135.0,CE,0.0,0.0,0.0,0.5,0.0,0,0.0,0
2012-08-16,2012-08-30,OPTSTK,SAIL,140.0,CE,0.0,0.0,0.0,0.35,0.0,0,0.0,0
2012-08-16,2012-08-30,OPTSTK,SAIL,145.0,CE,0.0,0.0,0.0,0.25,0.0,0,0.0,0
2012-08-16,2012-08-30,OPTSTK,SAIL,50.0,PE,0.0,0.0,0.0,0.05,0.0,0,0.0,0
2012-08-16,2012-08-30,OPTSTK,SAIL,55.0,PE,0.0,0.0,0.0,0.05,0.0,0,0.0,0
2012-08-16,2012-08-30,OPTSTK,SAIL,60.0,PE,0.0,0.0,0.0,0.05,0.0,0,0.0,0
2012-08-16,2012-08-30,OPTSTK,SAIL,65.0,PE,0.0,0.0,0.0,0.15,0.0,0,0.0,0
2012-08-16,2012-08-30,OPTSTK,SAIL,70.0,PE,0.0,0.0,0.0,0.1,0.0,0,0.0,28000
2012-08-16,2012-08-30,OPTSTK,SAIL,75.0,PE,0.0,0.0,0.0,0.05,0.05,0,0.0,128000
2012-08-16,2012-08-30,OPTSTK,SAIL,80.0,PE,0.3,0.5,0.3,0.5,0.5,15,48.23,656000
2012-08-16,2012-08-30,OPTSTK,SAIL,85.0,PE,1.4,1.95,1.35,1.9,1.9,43,149.18,320000
2012-08-16,2012-08-30,OPTSTK,SAIL,90.0,PE,0.0,0.0,0.0,5.15,5.65,0,0.0,68000
2012-08-16,2012-08-30,OPTSTK,SAIL,95.0,PE,0.0,0.0,0.0,9.95,10.2,0,0.0,12000
2012-08-16,2012-08-30,OPTSTK,SAIL,100.0,PE,0.0,0.0,0.0,8.9,15.1,0,0.0,0
2012-08-16,2012-08-30,OPTSTK,SAIL,105.0,PE,0.0,0.0,0.0,11.95,20.05,0,0.0,0
2012-08-16,2012-08-30,OPTSTK,SAIL,110.0,PE,0.0,0.0,0.0,15.45,25.05,0,0.0,0
2012-08-16,2012-08-30,OPTSTK,SAIL,115.0,PE,0.0,0.0,0.0,19.3,30.05,0,0.0,0
2012-08-16,2012-08-30,OPTSTK,SAIL,120.0,PE,0.0,0.0,0.0,23.45,35.0,0,0.0,0
2012-08-16,2012-08-30,OPTSTK,SAIL,125.0,PE,0.0,0.0,0.0,27.8,40.0,0,0.0,0
2012-08-16,2012-08-30,OPTSTK,SAIL,130.0,PE,0.0,0.0,0.0,32.3,45.0,0,0.0,0
2012-08-16,2012-08-30,OPTSTK,SAIL,135.0,PE,0.0,0.0,0.0,36.9,49.95,0,0.0,0
2012-08-16,2012-08-30,OPTSTK,SAIL,140.0,PE,0.0,0.0,0.0,41.65,54.95,0,0.0,0
2012-08-16,2012-08-30,OPTSTK,SAIL,145.0,PE,0.0,0.0,0.0,59.8,59.95,0,0.0,4000
2012-08-16,2012-09-27,OPTSTK,SAIL,50.0,CE,0.0,0.0,0.0,39.55,35.15,0,0.0,0
2012-08-16,2012-09-27,OPTSTK,SAIL,55.0,CE,0.0,0.0,0.0,34.65,30.2,0,0.0,0
2012-08-16,2012-09-27,OPTSTK,SAIL,60.0,CE,0.0,0.0,0.0,29.8,25.25,0,0.0,0
2012-08-16,2012-09-27,OPTSTK,SAIL,65.0,CE,0.0,0.0,0.0,24.95,20.3,0,0.0,0
2012-08-16,2012-09-27,OPTSTK,SAIL,70.0,CE,0.0,0.0,0.0,20.25,15.45,0,0.0,0
2012-08-16,2012-09-27,OPTSTK,SAIL,75.0,CE,0.0,0.0,0.0,15.85,10.9,0,0.0,0
2012-08-16,2012-09-27,OPTSTK,SAIL,80.0,CE,0.0,0.0,0.0,11.85,6.95,0,0.0,0
2012-08-16,2012-09-27,OPTSTK,SAIL,85.0,CE,0.0,0.0,0.0,8.5,3.95,0,0.0,0
2012-08-16,2012-09-27,OPTSTK,SAIL,90.0,CE,2.05,2.15,2.0,2.15,2.15,5,18.41,4000
2012-08-16,2012-09-27,OPTSTK,SAIL,95.0,CE,0.0,0.0,0.0,3.8,0.9,0,0.0,0
2012-08-16,2012-09-27,OPTSTK,SAIL,100.0,CE,0.0,0.0,0.0,2.35,0.35,0,0.0,0
2012-08-16,2012-09-27,OPTSTK,SAIL,105.0,CE,0.0,0.0,0.0,1.4,0.15,0,0.0,0
2012-08-16,2012-09-27,OPTSTK,SAIL,110.0,CE,0.0,0.0,0.0,0.8,0.05,0,0.0,0
2012-08-16,2012-09-27,OPTSTK,SAIL,115.0,CE,0.0,0.0,0.0,0.45,0.05,0,0.0,0
2012-08-16,2012-09-27,OPTSTK,SAIL,120.0,CE,0.0,0.0,0.0,0.25,0.0,0,0.0,0
2012-08-16,2012-09-27,OPTSTK,SAIL,125.0,CE,0.0,0.0,0.0,0.15,0.0,0,0.0,0
2012-08-16,2012-09-27,OPTSTK,SAIL,130.0,CE,0.0,0.0,0.0,0.1,0.0,0,0.0,0
2012-08-16,2012-09-27,OPTSTK,SAIL,135.0,CE,0.0,0.0,0.0,0.05,0.0,0,0.0,0
2012-08-16,2012-09-27,OPTSTK,SAIL,140.0,CE,0.0,0.0,0.0,0.05,0.0,0,0.0,0
2012-08-16,2012-09-27,OPTSTK,SAIL,50.0,PE,0.0,0.0,0.0,0.05,0.0,0,0.0,0
2012-08-16,2012-09-27,OPTSTK,SAIL,55.0,PE,0.0,0.0,0.0,0.05,0.0,0,0.0,0
2012-08-16,2012-09-27,OPTSTK,SAIL,60.0,PE,0.0,0.0,0.0,0.05,0.0,0,0.0,0
2012-08-16,2012-09-27,OPTSTK,SAIL,65.0,PE,0.0,0.0,0.0,0.1,0.05,0,0.0,0
2012-08-16,2012-09-27,OPTSTK,SAIL,70.0,PE,0.0,0.0,0.0,0.3,0.15,0,0.0,0
2012-08-16,2012-09-27,OPTSTK,SAIL,75.0,PE,0.0,0.0,0.0,0.75,0.5,0,0.0,0
2012-08-16,2012-09-27,OPTSTK,SAIL,80.0,PE,0.0,0.0,0.0,1.65,1.55,0,0.0,0
2012-08-16,2012-09-27,OPTSTK,SAIL,85.0,PE,0.0,0.0,0.0,3.15,3.5,0,0.0,0
2012-08-16,2012-09-27,OPTSTK,SAIL,90.0,PE,0.0,0.0,0.0,5.35,6.45,0,0.0,0
2012-08-16,2012-09-27,OPTSTK,SAIL,95.0,PE,0.0,0.0,0.0,8.2,10.3,0,0.0,0
2012-08-16,2012-09-27,OPTSTK,SAIL,100.0,PE,0.0,0.0,0.0,11.7,14.75,0,0.0,0
2012-08-16,2012-09-27,OPTSTK,SAIL,105.0,PE,0.0,0.0,0.0,15.6,19.45,0,0.0,0
2012-08-16,2012-09-27,OPTSTK,SAIL,110.0,PE,0.0,0.0,0.0,19.9,24.3,0,0.0,0
2012-08-16,2012-09-27,OPTSTK,SAIL,115.0,PE,0.0,0.0,0.0,24.45,29.25,0,0.0,0
2012-08-16,2012-09-27,OPTSTK,SAIL,120.0,PE,0.0,0.0,0.0,29.1,34.2,0,0.0,0
2012-08-16,2012-09-27,OPTSTK,SAIL,125.0,PE,0.0,0.0,0.0,33.9,39.15,0,0.0,0
2012-08-16,2012-09-27,OPTSTK,SAIL,130.0,PE,0.0,0.0,0.0,38.7,44.1,0,0.0,0
2012-08-16,2012-09-27,OPTSTK,SAIL,135.0,PE,0.0,0.0,0.0,43.55,49.0,0,0.0,0
2012-08-16,2012-09-27,OPTSTK,SAIL,140.0,PE,0.0,0.0,0.0,48.45,53.95,0,0.0,0
2012-08-16,2012-10-25,OPTSTK,SAIL,50.0,CE,0.0,0.0,0.0,33.4,35.5,0,0.0,0
2012-08-16,2012-10-25,OPTSTK,SAIL,55.0,CE,0.0,0.0,0.0,28.55,30.55,0,0.0,0
2012-08-16,2012-10-25,OPTSTK,SAIL,60.0,CE,0.0,0.0,0.0,23.8,25.65,0,0.0,0
2012-08-16,2012-10-25,OPTSTK,SAIL,65.0,CE,0.0,0.0,0.0,19.2,20.85,0,0.0,0
2012-08-16,2012-10-25,OPTSTK,SAIL,70.0,CE,0.0,0.0,0.0,15.0,16.15,0,0.0,0
2012-08-16,2012-10-25,OPTSTK,SAIL,75.0,CE,0.0,0.0,0.0,11.25,11.9,0,0.0,0
2012-08-16,2012-10-25,OPTSTK,SAIL,80.0,CE,0.0,0.0,0.0,8.1,8.2,0,0.0,0
2012-08-16,2012-10-25,OPTSTK,SAIL,85.0,CE,0.0,0.0,0.0,5.65,5.3,0,0.0,0
2012-08-16,2012-10-25,OPTSTK,SAIL,90.0,CE,0.0,0.0,0.0,3.75,3.25,0,0.0,0
2012-08-16,2012-10-25,OPTSTK,SAIL,95.0,CE,0.0,0.0,0.0,2.45,1.85,0,0.0,0
2012-08-16,2012-10-25,OPTSTK,SAIL,100.0,CE,0.0,0.0,0.0,1.55,1.0,0,0.0,0
2012-08-16,2012-10-25,OPTSTK,SAIL,105.0,CE,0.0,0.0,0.0,0.95,0.5,0,0.0,0
2012-08-16,2012-10-25,OPTSTK,SAIL,110.0,CE,0.0,0.0,0.0,0.55,0.25,0,0.0,0
2012-08-16,2012-10-25,OPTSTK,SAIL,115.0,CE,0.0,0.0,0.0,0.35,0.15,0,0.0,0
2012-08-16,2012-10-25,OPTSTK,SAIL,120.0,CE,0.0,0.0,0.0,0.2,0.05,0,0.0,0
2012-08-16,2012-10-25,OPTSTK,SAIL,125.0,CE,0.0,0.0,0.0,0.1,0.05,0,0.0,0
2012-08-16,2012-10-25,OPTSTK,SAIL,130.0,CE,0.0,0.0,0.0,0.05,0.05,0,0.0,0
2012-08-16,2012-10-25,OPTSTK,SAIL,50.0,PE,0.0,0.0,0.0,0.05,0.0,0,0.0,0
2012-08-16,2012-10-25,OPTSTK,SAIL,55.0,PE,0.0,0.0,0.0,0.05,0.0,0,0.0,0
2012-08-16,2012-10-25,OPTSTK,SAIL,60.0,PE,0.0,0.0,0.0,0.2,0.05,0,0.0,0
2012-08-16,2012-10-25,OPTSTK,SAIL,65.0,PE,0.0,0.0,0.0,0.5,0.1,0,0.0,0
2012-08-16,2012-10-25,OPTSTK,SAIL,70.0,PE,0.0,0.0,0.0,1.15,0.35,0,0.0,0
2012-08-16,2012-10-25,OPTSTK,SAIL,75.0,PE,0.0,0.0,0.0,2.3,1.0,0,0.0,0
2012-08-16,2012-10-25,OPTSTK,SAIL,80.0,PE,0.0,0.0,0.0,4.05,2.25,0,0.0,0
2012-08-16,2012-10-25,OPTSTK,SAIL,85.0,PE,0.0,0.0,0.0,6.45,4.25,0,0.0,0
2012-08-16,2012-10-25,OPTSTK,SAIL,90.0,PE,0.0,0.0,0.0,9.5,7.1,0,0.0,0
2012-08-16,2012-10-25,OPTSTK,SAIL,95.0,PE,0.0,0.0,0.0,13.05,10.6,0,0.0,0
2012-08-16,2012-10-25,OPTSTK,SAIL,100.0,PE,0.0,0.0,0.0,17.0,14.65,0,0.0,0
2012-08-16,2012-10-25,OPTSTK,SAIL,105.0,PE,0.0,0.0,0.0,21.3,19.1,0,0.0,0
2012-08-16,2012-10-25,OPTSTK,SAIL,110.0,PE,0.0,0.0,0.0,25.8,23.75,0,0.0,0
2012-08-16,2012-10-25,OPTSTK,SAIL,115.0,PE,0.0,0.0,0.0,30.45,28.55,0,0.0,0
2012-08-16,2012-10-25,OPTSTK,SAIL,120.0,PE,0.0,0.0,0.0,35.2,33.4,0,0.0,0
2012-08-16,2012-10-25,OPTSTK,SAIL,125.0,PE,0.0,0.0,0.0,40.05,38.3,0,0.0,0
2012-08-16,2012-10-25,OPTSTK,SAIL,130.0,PE,0.0,0.0,0.0,44.85,43.2,0,0.0,0
2012-08-16,2012-08-30,OPTSTK,SBIN,1250.0,CE,0.0,0.0,0.0,837.75,648.65,0,0.0,0
2012-08-16,2012-08-30,OPTSTK,SBIN,1300.0,CE,0.0,0.0,0.0,789.9,598.8,0,0.0,0
2012-08-16,2012-08-30,OPTSTK,SBIN,1350.0,CE,0.0,0.0,0.0,742.6,549.0,0,0.0,0
2012-08-16,2012-08-30,OPTSTK,SBIN,1400.0,CE,0.0,0.0,0.0,695.9,499.15,0,0.0,0
2012-08-16,2012-08-30,OPTSTK,SBIN,1450.0,CE,0.0,0.0,0.0,649.95,449.35,0,0.0,0
2012-08-16,2012-08-30,OPTSTK,SBIN,1500.0,CE,0.0,0.0,0.0,604.95,399.55,0,0.0,0
2012-08-16,2012-08-30,OPTSTK,SBIN,1550.0,CE,0.0,0.0,0.0,561.1,349.85,0,0.0,0
2012-08-16,2012-08-30,OPTSTK,SBIN,1600.0,CE,0.0,0.0,0.0,518.5,300.45,0,0.0,0
2012-08-16,2012-08-30,OPTSTK,SBIN,1650.0,CE,0.0,0.0,0.0,477.45,251.9,0,0.0,0
2012-08-16,2012-08-30,OPTSTK,SBIN,1700.0,CE,0.0,0.0,0.0,205.0,204.95,0,0.0,125
2012-08-16,2012-08-30,OPTSTK,SBIN,1750.0,CE,0.0,0.0,0.0,165.0,160.85,0,0.0,125
2012-08-16,2012-08-30,OPTSTK,SBIN,1800.0,CE,132.0,137.9,108.6,109.3,109.3,24,57.69,8375
2012-08-16,2012-08-30,OPTSTK,SBIN,1850.0,CE,93.65,93.65,66.5,71.35,71.35,201,484.2,42875
2012-08-16,2012-08-30,OPTSTK,SBIN,1900.0,CE,51.3,58.45,37.0,40.2,40.2,6927,16857.1,588500
2012-08-16,2012-08-30,OPTSTK,SBIN,1950.0,CE,31.9,33.25,19.1,20.95,20.95,8205,20264.79,619250
2012-08-16,2012-08-30,OPTSTK,SBIN,2000.0,CE,18.05,18.05,9.8,10.75,10.75,13031,32800.3,1551625
2012-08-16,2012-08-30,OPTSTK,SBIN,2050.0,CE,8.55,8.9,4.65,5.25,5.25,4355,11196.21,838750
2012-08-16,2012-08-30,OPTSTK,SBIN,2100.0,CE,5.4,5.4,2.85,3.1,3.1,5487,14429.23,1676625
2012-08-16,2012-08-30,OPTSTK,SBIN,2150.0,CE,2.35,2.7,1.6,1.85,1.85,1064,2862.38,567500
2012-08-16,2012-08-30,OPTSTK,SBIN,2200.0,CE,1.7,2.0,1.45,1.55,1.55,2145,5903.01,965875
2012-08-16,2012-08-30,OPTSTK,SBIN,2250.0,CE,1.2,1.35,0.75,0.95,0.95,1336,3759.31,200875
2012-08-16,2012-08-30,OPTSTK,SBIN,2300.0,CE,1.1,1.2,0.9,1.0,1.0,1441,4144.75,677250
2012-08-16,2012-08-30,OPTSTK,SBIN,2350.0,CE,0.45,0.5,0.35,0.35,0.35,10,29.38,85625
2012-08-16,2012-08-30,OPTSTK,SBIN,2400.0,CE,0.5,0.55,0.4,0.55,0.55,20,60.01,113500
2012-08-16,2012-08-30,OPTSTK,SBIN,2450.0,CE,0.0,0.0,0.0,0.45,0.05,0,0.0,1625
2012-08-16,2012-08-30,OPTSTK,SBIN,2500.0,CE,0.65,0.65,0.4,0.4,0.4,41,128.14,47375
2012-08-16,2012-08-30,OPTSTK,SBIN,2550.0,CE,0.1,0.1,0.1,0.1,0.1,1,3.18,125
2012-08-16,2012-08-30,OPTSTK,SBIN,2600.0,CE,0.5,0.5,0.5,0.5,0.5,1,3.25,5250
2012-08-16,2012-08-30,OPTSTK,SBIN,2650.0,CE,0.0,0.0,0.0,7.0,0.0,0,0.0,0
2012-08-16,2012-08-30,OPTSTK,SBIN,2700.0,CE,0.0,0.0,0.0,19.0,0.0,0,0.0,125
2012-08-16,2012-08-30,OPTSTK,SBIN,2750.0,CE,0.0,0.0,0.0,33.85,0.0,0,0.0,0
2012-08-16,2012-08-30,OPTSTK,SBIN,2800.0,CE,0.0,0.0,0.0,29.15,0.0,0,0.0,0
2012-08-16,2012-08-30,OPTSTK,SBIN,2850.0,CE,0.0,0.0,0.0,25.05,0.0,0,0.0,0
2012-08-16,2012-08-30,OPTSTK,SBIN,2900.0,CE,0.0,0.0,0.0,21.5,0.0,0,0.0,0
2012-08-16,2012-08-30,OPTSTK,SBIN,2950.0,CE,0.0,0.0,0.0,18.45,0.0,0,0.0,0
2012-08-16,2012-08-30,OPTSTK,SBIN,1250.0,PE,0.0,0.0,0.0,1.55,0.0,0,0.0,0
2012-08-16,2012-08-30,OPTSTK,SBIN,1300.0,PE,0.0,0.0,0.0,2.55,0.0,0,0.0,0
2012-08-16,2012-08-30,OPTSTK,SBIN,1350.0,PE,0.0,0.0,0.0,4.05,0.0,0,0.0,0
2012-08-16,2012-08-30,OPTSTK,SBIN,1400.0,PE,0.0,0.0,0.0,6.1,0.0,0,0.0,0
2012-08-16,2012-08-30,OPTSTK,SBIN,1450.0,PE,0.0,0.0,0.0,8.95,0.05,0,0.0,0
2012-08-16,2012-08-30,OPTSTK,SBIN,1500.0,PE,0.0,0.0,0.0,1.2,0.05,0,0.0,250
2012-08-16,2012-08-30,OPTSTK,SBIN,1550.0,PE,0.0,0.0,0.0,0.1,0.2,0,0.0,0
2012-08-16,2012-08-30,OPTSTK,SBIN,1600.0,PE,0.2,0.2,0.2,0.2,0.2,1,2.0,33125
2012-08-16,2012-08-30,OPTSTK,SBIN,1650.0,PE,0.55,2.0,0.5,0.5,0.5,57,117.62,31375
2012-08-16,2012-08-30,OPTSTK,SBIN,1700.0,PE,1.55,2.15,1.35,2.05,2.05,435,925.32,161000
2012-08-16,2012-08-30,OPTSTK,SBIN,1750.0,PE,2.7,4.45,2.5,3.6,3.6,634,1389.48,145000
2012-08-16,2012-08-30,OPTSTK,SBIN,1800.0,PE,7.55,9.85,5.9,8.5,8.5,3721,8408.52,605375
2012-08-16,2012-08-30,OPTSTK,SBIN,1850.0,PE,12.3,20.65,12.3,18.4,18.4,4386,10232.85,315750
2012-08-16,2012-08-30,OPTSTK,SBIN,1900.0,PE,26.25,39.85,25.3,37.45,37.45,8145,19690.43,491875
2012-08-16,2012-08-30,OPTSTK,SBIN,1950.0,PE,49.85,70.8,49.85,67.55,67.55,1176,2956.63,247875
2012-08-16,2012-08-30,OPTSTK,SBIN,2000.0,PE,85.0,110.0,85.0,106.4,106.4,267,700.86,351125
2012-08-16,2012-08-30,OPTSTK,SBIN,2050.0,PE,131.75,154.7,131.75,150.75,150.75,55,150.65,160750
2012-08-16,2012-08-30,OPTSTK,SBIN,2100.0,PE,174.5,205.0,174.5,203.15,203.15,502,1440.96,152625
2012-08-16,2012-08-30,OPTSTK,SBIN,2150.0,PE,222.0,240.0,222.0,230.0,230.0,10,29.75,34250
2012-08-16,2012-08-30,OPTSTK,SBIN,2200.0,PE,265.0,297.1,265.0,296.65,296.65,5,15.56,65000
2012-08-16,2012-08-30,OPTSTK,SBIN,2250.0,PE,0.0,0.0,0.0,318.0,348.9,0,0.0,4875
2012-08-16,2012-08-30,OPTSTK,SBIN,2300.0,PE,0.0,0.0,0.0,375.0,398.25,0,0.0,7875
2012-08-16,2012-08-30,OPTSTK,SBIN,2350.0,PE,0.0,0.0,0.0,291.75,447.9,0,0.0,3500
2012-08-16,2012-08-30,OPTSTK,SBIN,2400.0,PE,0.0,0.0,0.0,339.0,497.6,0,0.0,8500
2012-08-16,2012-08-30,OPTSTK,SBIN,2450.0,PE,0.0,0.0,0.0,287.9,547.4,0,0.0,4000
2012-08-16,2012-08-30,OPTSTK,SBIN,2500.0,PE,0.0,0.0,0.0,600.0,597.2,0,0.0,250
2012-08-16,2012-08-30,OPTSTK,SBIN,2550.0,PE,0.0,0.0,0.0,492.85,647.05,0,0.0,0
2012-08-16,2012-08-30,OPTSTK,SBIN,2600.0,PE,0.0,0.0,0.0,533.7,696.9,0,0.0,0
2012-08-16,2012-08-30,OPTSTK,SBIN,2650.0,PE,0.0,0.0,0.0,553.0,746.7,0,0.0,1625
2012-08-16,2012-08-30,OPTSTK,SBIN,2700.0,PE,0.0,0.0,0.0,618.15,796.55,0,0.0,0
2012-08-16,2012-08-30,OPTSTK,SBIN,2750.0,PE,0.0,0.0,0.0,661.55,846.4,0,0.0,0
2012-08-16,2012-08-30,OPTSTK,SBIN,2800.0,PE,0.0,0.0,0.0,705.65,896.2,0,0.0,0
2012-08-16,2012-08-30,OPTSTK,SBIN,2850.0,PE,0.0,0.0,0.0,750.35,946.05,0,0.0,0
2012-08-16,2012-08-30,OPTSTK,SBIN,2900.0,PE,0.0,0.0,0.0,795.6,995.9,0,0.0,0
2012-08-16,2012-08-30,OPTSTK,SBIN,2950.0,PE,0.0,0.0,0.0,841.3,1045.7,0,0.0,0
2012-08-16,2012-09-27,OPTSTK,SBIN,1250.0,CE,0.0,0.0,0.0,877.65,657.45,0,0.0,0
2012-08-16,2012-09-27,OPTSTK,SBIN,1300.0,CE,0.0,0.0,0.0,829.05,608.05,0,0.0,0
2012-08-16,2012-09-27,OPTSTK,SBIN,1350.0,CE,0.0,0.0,0.0,780.6,558.75,0,0.0,0
2012-08-16,2012-09-27,OPTSTK,SBIN,1400.0,CE,0.0,0.0,0.0,732.45,509.7,0,0.0,0
2012-08-16,2012-09-27,OPTSTK,SBIN,1450.0,CE,0.0,0.0,0.0,684.7,461.1,0,0.0,0
2012-08-16,2012-09-27,OPTSTK,SBIN,1500.0,CE,0.0,0.0,0.0,637.45,413.15,0,0.0,0
2012-08-16,2012-09-27,OPTSTK,SBIN,1550.0,CE,0.0,0.0,0.0,590.95,366.35,0,0.0,0
2012-08-16,2012-09-27,OPTSTK,SBIN,1600.0,CE,0.0,0.0,0.0,545.35,321.05,0,0.0,0
2012-08-16,2012-09-27,OPTSTK,SBIN,1650.0,CE,0.0,0.0,0.0,500.9,277.85,0,0.0,0
2012-08-16,2012-09-27,OPTSTK,SBIN,1700.0,CE,0.0,0.0,0.0,457.85,237.25,0,0.0,0
2012-08-16,2012-09-27,OPTSTK,SBIN,1750.0,CE,0.0,0.0,0.0,416.35,199.75,0,0.0,0
2012-08-16,2012-09-27,OPTSTK,SBIN,1800.0,CE,0.0,0.0,0.0,376.7,165.55,0,0.0,0
2012-08-16,2012-09-27,OPTSTK,SBIN,1850.0,CE,0.0,0.0,0.0,109.9,135.25,0,0.0,2125
2012-08-16,2012-09-27,OPTSTK,SBIN,1900.0,CE,80.0,85.2,75.0,76.45,76.45,28,69.29,17125
2012-08-16,2012-09-27,OPTSTK,SBIN,1950.0,CE,66.25,66.7,52.1,54.3,54.3,81,203.46,22875
2012-08-16,2012-09-27,OPTSTK,SBIN,2000.0,CE,43.15,47.6,36.6,37.7,37.7,246,627.64,85500
2012-08-16,2012-09-27,OPTSTK,SBIN,2050.0,CE,30.5,31.65,25.0,25.75,25.75,32,83.1,27375
2012-08-16,2012-09-27,OPTSTK,SBIN,2100.0,CE,22.0,23.0,16.5,17.4,17.4,167,442.27,84125
2012-08-16,2012-09-27,OPTSTK,SBIN,2150.0,CE,12.1,14.35,11.0,11.0,11.0,10,27.02,17375
2012-08-16,2012-09-27,OPTSTK,SBIN,2200.0,CE,11.0,11.0,8.0,8.2,8.2,126,347.87,90250
2012-08-16,2012-09-27,OPTSTK,SBIN,2250.0,CE,7.0,7.0,6.5,6.5,6.5,4,11.28,5625
2012-08-16,2012-09-27,OPTSTK,SBIN,2300.0,CE,6.1,6.1,5.0,5.0,5.0,4,11.52,9625
2012-08-16,2012-09-27,OPTSTK,SBIN,2350.0,CE,0.0,0.0,0.0,88.85,8.0,0,0.0,0
2012-08-16,2012-09-27,OPTSTK,SBIN,2400.0,CE,0.0,0.0,0.0,12.0,5.6,0,0.0,125
2012-08-16,2012-09-27,OPTSTK,SBIN,2450.0,CE,0.0,0.0,0.0,64.35,3.9,0,0.0,0
2012-08-16,2012-09-27,OPTSTK,SBIN,2500.0,CE,0.0,0.0,0.0,40.0,2.65,0,0.0,125
2012-08-16,2012-09-27,OPTSTK,SBIN,2550.0,CE,0.0,0.0,0.0,45.75,1.8,0,0.0,0
2012-08-16,2012-09-27,OPTSTK,SBIN,2600.0,CE,0.0,0.0,0.0,11.0,1.2,0,0.0,0
2012-08-16,2012-09-27,OPTSTK,SBIN,2650.0,CE,0.0,0.0,0.0,32.05,0.8,0,0.0,0
2012-08-16,2012-09-27,OPTSTK,SBIN,2700.0,CE,0.0,0.0,0.0,26.7,0.55,0,0.0,0
2012-08-16,2012-09-27,OPTSTK,SBIN,2750.0,CE,0.0,0.0,0.0,22.15,0.35,0,0.0,0
2012-08-16,2012-09-27,OPTSTK,SBIN,2800.0,CE,0.0,0.0,0.0,18.3,0.25,0,0.0,0
2012-08-16,2012-09-27,OPTSTK,SBIN,2850.0,CE,0.0,0.0,0.0,15.1,0.15,0,0.0,0
2012-08-16,2012-09-27,OPTSTK,SBIN,2900.0,CE,0.0,0.0,0.0,12.4,0.1,0,0.0,0
2012-08-16,2012-09-27,OPTSTK,SBIN,2950.0,CE,0.0,0.0,0.0,10.2,0.1,0,0.0,0
2012-08-16,2012-09-27,OPTSTK,SBIN,1250.0,PE,0.0,0.0,0.0,0.25,0.05,0,0.0,0
2012-08-16,2012-09-27,OPTSTK,SBIN,1300.0,PE,0.0,0.0,0.0,0.5,0.15,0,0.0,0
2012-08-16,2012-09-27,OPTSTK,SBIN,1350.0,PE,0.0,0.0,0.0,0.9,0.35,0,0.0,0
2012-08-16,2012-09-27,OPTSTK,SBIN,1400.0,PE,0.0,0.0,0.0,1.6,0.8,0,0.0,0
2012-08-16,2012-09-27,OPTSTK,SBIN,1450.0,PE,0.0,0.0,0.0,2.65,1.65,0,0.0,0
2012-08-16,2012-09-27,OPTSTK,SBIN,1500.0,PE,0.0,0.0,0.0,4.0,3.2,0,0.0,125
2012-08-16,2012-09-27,OPTSTK,SBIN,1550.0,PE,0.0,0.0,0.0,6.6,5.85,0,0.0,0
2012-08-16,2012-09-27,OPTSTK,SBIN,1600.0,PE,0.0,0.0,0.0,7.0,10.1,0,0.0,1000
2012-08-16,2012-09-27,OPTSTK,SBIN,1650.0,PE,0.0,0.0,0.0,14.25,16.35,0,0.0,0
2012-08-16,2012-09-27,OPTSTK,SBIN,1700.0,PE,11.35,12.95,9.7,11.9,11.9,37,79.14,24750
2012-08-16,2012-09-27,OPTSTK,SBIN,1750.0,PE,0.0,0.0,0.0,14.05,37.2,0,0.0,3250
2012-08-16,2012-09-27,OPTSTK,SBIN,1800.0,PE,25.95,31.8,25.95,30.7,30.7,79,180.54,27375
2012-08-16,2012-09-27,OPTSTK,SBIN,1850.0,PE,36.75,49.6,36.75,47.85,47.85,71,167.86,18750
2012-08-16,2012-09-27,OPTSTK,SBIN,1900.0,PE,59.5,69.0,59.5,67.5,67.5,56,137.4,55500
2012-08-16,2012-09-27,OPTSTK,SBIN,1950.0,PE,85.8,85.8,85.8,85.8,85.8,1,2.54,3375
2012-08-16,2012-09-27,OPTSTK,SBIN,2000.0,PE,112.0,126.0,112.0,125.2,125.2,11,29.15,4625
2012-08-16,2012-09-27,OPTSTK,SBIN,2050.0,PE,0.0,0.0,0.0,131.3,186.1,0,0.0,875
2012-08-16,2012-09-27,OPTSTK,SBIN,2100.0,PE,0.0,0.0,0.0,170.0,223.15,0,0.0,1125
2012-08-16,2012-09-27,OPTSTK,SBIN,2150.0,PE,0.0,0.0,0.0,140.0,262.65,0,0.0,125
2012-08-16,2012-09-27,OPTSTK,SBIN,2200.0,PE,0.0,0.0,0.0,170.0,304.4,0,0.0,750
2012-08-16,2012-09-27,OPTSTK,SBIN,2250.0,PE,0.0,0.0,0.0,220.2,348.0,0,0.0,0
2012-08-16,2012-09-27,OPTSTK,SBIN,2300.0,PE,0.0,0.0,0.0,252.05,393.05,0,0.0,0
2012-08-16,2012-09-27,OPTSTK,SBIN,2350.0,PE,0.0,0.0,0.0,285.9,439.25,0,0.0,0
2012-08-16,2012-09-27,OPTSTK,SBIN,2400.0,PE,0.0,0.0,0.0,321.65,486.35,0,0.0,0
2012-08-16,2012-09-27,OPTSTK,SBIN,2450.0,PE,0.0,0.0,0.0,359.05,534.1,0,0.0,0
2012-08-16,2012-09-27,OPTSTK,SBIN,2500.0,PE,0.0,0.0,0.0,397.9,582.4,0,0.0,0
2012-08-16,2012-09-27,OPTSTK,SBIN,2550.0,PE,0.0,0.0,0.0,438.1,631.0,0,0.0,0
2012-08-16,2012-09-27,OPTSTK,SBIN,2600.0,PE,0.0,0.0,0.0,479.6,679.9,0,0.0,0
2012-08-16,2012-09-27,OPTSTK,SBIN,2650.0,PE,0.0,0.0,0.0,522.1,729.0,0,0.0,0
2012-08-16,2012-09-27,OPTSTK,SBIN,2700.0,PE,0.0,0.0,0.0,565.6,778.2,0,0.0,0
2012-08-16,2012-09-27,OPTSTK,SBIN,2750.0,PE,0.0,0.0,0.0,609.9,827.5,0,0.0,0
2012-08-16,2012-09-27,OPTSTK,SBIN,2800.0,PE,0.0,0.0,0.0,654.9,876.85,0,0.0,0
2012-08-16,2012-09-27,OPTSTK,SBIN,2850.0,PE,0.0,0.0,0.0,700.5,926.25,0,0.0,0
2012-08-16,2012-09-27,OPTSTK,SBIN,2900.0,PE,0.0,0.0,0.0,746.65,975.7,0,0.0,0
2012-08-16,2012-09-27,OPTSTK,SBIN,2950.0,PE,0.0,0.0,0.0,793.25,1025.15,0,0.0,0
2012-08-16,2012-10-25,OPTSTK,SBIN,1250.0,CE,0.0,0.0,0.0,795.8,666.5,0,0.0,0
2012-08-16,2012-10-25,OPTSTK,SBIN,1300.0,CE,0.0,0.0,0.0,747.0,617.9,0,0.0,0
2012-08-16,2012-10-25,OPTSTK,SBIN,1350.0,CE,0.0,0.0,0.0,698.25,569.75,0,0.0,0
2012-08-16,2012-10-25,OPTSTK,SBIN,1400.0,CE,0.0,0.0,0.0,649.55,522.2,0,0.0,0
2012-08-16,2012-10-25,OPTSTK,SBIN,1450.0,CE,0.0,0.0,0.0,601.1,475.55,0,0.0,0
2012-08-16,2012-10-25,OPTSTK,SBIN,1500.0,CE,0.0,0.0,0.0,553.0,430.05,0,0.0,0
2012-08-16,2012-10-25,OPTSTK,SBIN,1550.0,CE,0.0,0.0,0.0,505.35,386.05,0,0.0,0
2012-08-16,2012-10-25,OPTSTK,SBIN,1600.0,CE,0.0,0.0,0.0,458.55,343.9,0,0.0,0
2012-08-16,2012-10-25,OPTSTK,SBIN,1650.0,CE,0.0,0.0,0.0,412.8,303.95,0,0.0,0
2012-08-16,2012-10-25,OPTSTK,SBIN,1700.0,CE,0.0,0.0,0.0,368.5,266.5,0,0.0,0
2012-08-16,2012-10-25,OPTSTK,SBIN,1750.0,CE,0.0,0.0,0.0,326.05,231.55,0,0.0,0
2012-08-16,2012-10-25,OPTSTK,SBIN,1800.0,CE,0.0,0.0,0.0,285.7,199.6,0,0.0,0
2012-08-16,2012-10-25,OPTSTK,SBIN,1850.0,CE,0.0,0.0,0.0,248.0,170.6,0,0.0,0
2012-08-16,2012-10-25,OPTSTK,SBIN,1900.0,CE,0.0,0.0,0.0,212.95,144.65,0,0.0,0
2012-08-16,2012-10-25,OPTSTK,SBIN,1950.0,CE,0.0,0.0,0.0,181.05,121.65,0,0.0,0
2012-08-16,2012-10-25,OPTSTK,SBIN,2000.0,CE,0.0,0.0,0.0,113.95,101.45,0,0.0,500
2012-08-16,2012-10-25,OPTSTK,SBIN,2050.0,CE,0.0,0.0,0.0,126.85,83.95,0,0.0,0
2012-08-16,2012-10-25,OPTSTK,SBIN,2100.0,CE,0.0,0.0,0.0,104.55,68.95,0,0.0,0
2012-08-16,2012-10-25,OPTSTK,SBIN,2150.0,CE,0.0,0.0,0.0,85.3,56.35,0,0.0,0
2012-08-16,2012-10-25,OPTSTK,SBIN,2200.0,CE,0.0,0.0,0.0,29.95,45.6,0,0.0,250
2012-08-16,2012-10-25,OPTSTK,SBIN,2250.0,CE,0.0,0.0,0.0,55.1,36.7,0,0.0,0
2012-08-16,2012-10-25,OPTSTK,SBIN,2300.0,CE,0.0,0.0,0.0,43.75,29.3,0,0.0,0
2012-08-16,2012-10-25,OPTSTK,SBIN,2350.0,CE,0.0,0.0,0.0,34.3,23.3,0,0.0,0
2012-08-16,2012-10-25,OPTSTK,SBIN,2400.0,CE,0.0,0.0,0.0,26.7,18.4,0,0.0,0
2012-08-16,2012-10-25,OPTSTK,SBIN,2450.0,CE,0.0,0.0,0.0,20.6,14.45,0,0.0,0
2012-08-16,2012-10-25,OPTSTK,SBIN,2500.0,CE,0.0,0.0,0.0,15.75,11.25,0,0.0,0
2012-08-16,2012-10-25,OPTSTK,SBIN,2550.0,CE,0.0,0.0,0.0,11.95,8.75,0,0.0,0
2012-08-16,2012-10-25,OPTSTK,SBIN,2600.0,CE,0.0,0.0,0.0,9.0,6.75,0,0.0,0
2012-08-16,2012-10-25,OPTSTK,SBIN,2650.0,CE,0.0,0.0,0.0,6.75,5.2,0,0.0,0
2012-08-16,2012-10-25,OPTSTK,SBIN,2700.0,CE,0.0,0.0,0.0,5.0,4.0,0,0.0,0
2012-08-16,2012-10-25,OPTSTK,SBIN,2750.0,CE,0.0,0.0,0.0,3.7,3.05,0,0.0,0
2012-08-16,2012-10-25,OPTSTK,SBIN,2800.0,CE,0.0,0.0,0.0,2.7,2.3,0,0.0,0
2012-08-16,2012-10-25,OPTSTK,SBIN,2850.0,CE,0.0,0.0,0.0,1.95,1.75,0,0.0,0
2012-08-16,2012-10-25,OPTSTK,SBIN,2900.0,CE,0.0,0.0,0.0,1.45,1.35,0,0.0,0
2012-08-16,2012-10-25,OPTSTK,SBIN,2950.0,CE,0.0,0.0,0.0,1.05,1.0,0,0.0,0
2012-08-16,2012-10-25,OPTSTK,SBIN,1250.0,PE,0.0,0.0,0.0,0.05,0.6,0,0.0,0
2012-08-16,2012-10-25,OPTSTK,SBIN,1300.0,PE,0.0,0.0,0.0,0.1,1.15,0,0.0,0
2012-08-16,2012-10-25,OPTSTK,SBIN,1350.0,PE,0.0,0.0,0.0,0.2,2.1,0,0.0,0
2012-08-16,2012-10-25,OPTSTK,SBIN,1400.0,PE,0.0,0.0,0.0,0.4,3.7,0,0.0,0
2012-08-16,2012-10-25,OPTSTK,SBIN,1450.0,PE,0.0,0.0,0.0,0.8,6.2,0,0.0,0
2012-08-16,2012-10-25,OPTSTK,SBIN,1500.0,PE,0.0,0.0,0.0,1.55,9.85,0,0.0,0
2012-08-16,2012-10-25,OPTSTK,SBIN,1550.0,PE,0.0,0.0,0.0,2.8,15.0,0,0.0,0
2012-08-16,2012-10-25,OPTSTK,SBIN,1600.0,PE,0.0,0.0,0.0,20.0,22.0,0,0.0,250
2012-08-16,2012-10-25,OPTSTK,SBIN,1650.0,PE,0.0,0.0,0.0,7.95,31.15,0,0.0,0
2012-08-16,2012-10-25,OPTSTK,SBIN,1700.0,PE,0.0,0.0,0.0,12.5,42.85,0,0.0,0
2012-08-16,2012-10-25,OPTSTK,SBIN,1750.0,PE,0.0,0.0,0.0,18.9,57.05,0,0.0,0
2012-08-16,2012-10-25,OPTSTK,SBIN,1800.0,PE,0.0,0.0,0.0,27.45,74.25,0,0.0,0
2012-08-16,2012-10-25,OPTSTK,SBIN,1850.0,PE,0.0,0.0,0.0,38.6,94.4,0,0.0,0
2012-08-16,2012-10-25,OPTSTK,SBIN,1900.0,PE,0.0,0.0,0.0,52.4,117.6,0,0.0,0
2012-08-16,2012-10-25,OPTSTK,SBIN,1950.0,PE,0.0,0.0,0.0,69.4,143.7,0,0.0,0
2012-08-16,2012-10-25,OPTSTK,SBIN,2000.0,PE,0.0,0.0,0.0,90.0,172.65,0,0.0,125
2012-08-16,2012-10-25,OPTSTK,SBIN,2050.0,PE,0.0,0.0,0.0,112.95,204.35,0,0.0,0
2012-08-16,2012-10-25,OPTSTK,SBIN,2100.0,PE,0.0,0.0,0.0,139.5,238.45,0,0.0,0
2012-08-16,2012-10-25,OPTSTK,SBIN,2150.0,PE,0.0,0.0,0.0,169.1,275.0,0,0.0,0
2012-08-16,2012-10-25,OPTSTK,SBIN,2200.0,PE,0.0,0.0,0.0,201.55,313.4,0,0.0,0
2012-08-16,2012-10-25,OPTSTK,SBIN,2250.0,PE,0.0,0.0,0.0,236.6,353.6,0,0.0,0
2012-08-16,2012-10-25,OPTSTK,SBIN,2300.0,PE,0.0,0.0,0.0,274.15,395.4,0,0.0,0
2012-08-16,2012-10-25,OPTSTK,SBIN,2350.0,PE,0.0,0.0,0.0,313.55,438.5,0,0.0,0
2012-08-16,2012-10-25,OPTSTK,SBIN,2400.0,PE,0.0,0.0,0.0,354.8,482.75,0,0.0,0
2012-08-16,2012-10-25,OPTSTK,SBIN,2450.0,PE,0.0,0.0,0.0,397.6,527.9,0,0.0,0
2012-08-16,2012-10-25,OPTSTK,SBIN,2500.0,PE,0.0,0.0,0.0,441.6,573.9,0,0.0,0
2012-08-16,2012-10-25,OPTSTK,SBIN,2550.0,PE,0.0,0.0,0.0,486.65,620.5,0,0.0,0
2012-08-16,2012-10-25,OPTSTK,SBIN,2600.0,PE,0.0,0.0,0.0,532.6,667.7,0,0.0,0
2012-08-16,2012-10-25,OPTSTK,SBIN,2650.0,PE,0.0,0.0,0.0,579.2,715.25,0,0.0,0
2012-08-16,2012-10-25,OPTSTK,SBIN,2700.0,PE,0.0,0.0,0.0,626.3,763.2,0,0.0,0
2012-08-16,2012-10-25,OPTSTK,SBIN,2750.0,PE,0.0,0.0,0.0,673.85,811.4,0,0.0,0
2012-08-16,2012-10-25,OPTSTK,SBIN,2800.0,PE,0.0,0.0,0.0,721.75,859.8,0,0.0,0
2012-08-16,2012-10-25,OPTSTK,SBIN,2850.0,PE,0.0,0.0,0.0,769.9,908.4,0,0.0,0
2012-08-16,2012-10-25,OPTSTK,SBIN,2900.0,PE,0.0,0.0,0.0,818.2,957.1,0,0.0,0
2012-08-16,2012-10-25,OPTSTK,SBIN,2950.0,PE,0.0,0.0,0.0,866.65,1005.9,0,0.0,0
2012-08-16,2012-08-30,OPTSTK,SCI,25.0,CE,0.0,0.0,0.0,26.85,30.05,0,0.0,0
2012-08-16,2012-08-30,OPTSTK,SCI,30.0,CE,0.0,0.0,0.0,22.0,25.05,0,0.0,0
2012-08-16,2012-08-30,OPTSTK,SCI,35.0,CE,0.0,0.0,0.0,17.3,20.1,0,0.0,0
2012-08-16,2012-08-30,OPTSTK,SCI,37.5,CE,0.0,0.0,0.0,13.5,17.6,0,0.0,0
2012-08-16,2012-08-30,OPTSTK,SCI,40.0,CE,0.0,0.0,0.0,12.9,15.1,0,0.0,0
2012-08-16,2012-08-30,OPTSTK,SCI,42.5,CE,0.0,0.0,0.0,9.35,12.6,0,0.0,0
2012-08-16,2012-08-30,OPTSTK,SCI,45.0,CE,0.0,0.0,0.0,9.1,10.1,0,0.0,0
2012-08-16,2012-08-30,OPTSTK,SCI,47.5,CE,0.0,0.0,0.0,6.0,7.65,0,0.0,0
2012-08-16,2012-08-30,OPTSTK,SCI,50.0,CE,0.0,0.0,0.0,6.05,5.3,0,0.0,0
2012-08-16,2012-08-30,OPTSTK,SCI,52.5,CE,0.0,0.0,0.0,3.6,3.2,0,0.0,0
2012-08-16,2012-08-30,OPTSTK,SCI,55.0,CE,3.0,3.0,1.3,1.3,1.3,3,6.82,16000
2012-08-16,2012-08-30,OPTSTK,SCI,57.5,CE,0.0,0.0,0.0,2.0,0.7,0,0.0,0
2012-08-16,2012-08-30,OPTSTK,SCI,60.0,CE,0.4,0.4,0.2,0.2,0.2,2,4.82,32000
2012-08-16,2012-08-30,OPTSTK,SCI,62.5,CE,0.0,0.0,0.0,1.1,0.1,0,0.0,0
2012-08-16,2012-08-30,OPTSTK,SCI,65.0,CE,0.0,0.0,0.0,1.35,0.05,0,0.0,0
2012-08-16,2012-08-30,OPTSTK,SCI,70.0,CE,0.0,0.0,0.0,0.8,0.0,0,0.0,0
2012-08-16,2012-08-30,OPTSTK,SCI,75.0,CE,0.0,0.0,0.0,0.45,0.0,0,0.0,0
2012-08-16,2012-08-30,OPTSTK,SCI,80.0,CE,0.0,0.0,0.0,0.25,0.0,0,0.0,0
2012-08-16,2012-08-30,OPTSTK,SCI,85.0,CE,0.0,0.0,0.0,0.15,0.0,0,0.0,0
2012-08-16,2012-08-30,OPTSTK,SCI,90.0,CE,0.0,0.0,0.0,0.1,0.0,0,0.0,0
2012-08-16,2012-08-30,OPTSTK,SCI,95.0,CE,0.0,0.0,0.0,0.05,0.0,0,0.0,0
2012-08-16,2012-08-30,OPTSTK,SCI,100.0,CE,0.0,0.0,0.0,0.05,0.0,0,0.0,0
2012-08-16,2012-08-30,OPTSTK,SCI,25.0,PE,0.0,0.0,0.0,0.05,0.0,0,0.0,0
2012-08-16,2012-08-30,OPTSTK,SCI,30.0,PE,0.0,0.0,0.0,0.05,0.0,0,0.0,0
2012-08-16,2012-08-30,OPTSTK,SCI,35.0,PE,0.0,0.0,0.0,0.2,0.0,0,0.0,0
2012-08-16,2012-08-30,OPTSTK,SCI,37.5,PE,0.0,0.0,0.0,0.35,0.0,0,0.0,0
2012-08-16,2012-08-30,OPTSTK,SCI,40.0,PE,0.0,0.0,0.0,0.7,0.0,0,0.0,0
2012-08-16,2012-08-30,OPTSTK,SCI,42.5,PE,0.0,0.0,0.0,1.1,0.0,0,0.0,0
2012-08-16,2012-08-30,OPTSTK,SCI,45.0,PE,0.0,0.0,0.0,1.75,0.0,0,0.0,0
2012-08-16,2012-08-30,OPTSTK,SCI,47.5,PE,0.0,0.0,0.0,2.65,0.05,0,0.0,0
2012-08-16,2012-08-30,OPTSTK,SCI,50.0,PE,0.0,0.0,0.0,3.6,0.15,0,0.0,0
2012-08-16,2012-08-30,OPTSTK,SCI,52.5,PE,0.0,0.0,0.0,2.0,0.6,0,0.0,4000
2012-08-16,2012-08-30,OPTSTK,SCI,55.0,PE,0.0,0.0,0.0,6.25,1.55,0,0.0,0
2012-08-16,2012-08-30,OPTSTK,SCI,57.5,PE,0.0,0.0,0.0,8.4,3.1,0,0.0,0
2012-08-16,2012-08-30,OPTSTK,SCI,60.0,PE,0.0,0.0,0.0,9.65,5.1,0,0.0,0
2012-08-16,2012-08-30,OPTSTK,SCI,62.5,PE,0.0,0.0,0.0,12.35,7.45,0,0.0,0
2012-08-16,2012-08-30,OPTSTK,SCI,65.0,PE,0.0,0.0,0.0,13.55,9.85,0,0.0,0
2012-08-16,2012-08-30,OPTSTK,SCI,70.0,PE,0.0,0.0,0.0,17.85,14.85,0,0.0,0
2012-08-16,2012-08-30,OPTSTK,SCI,75.0,PE,0.0,0.0,0.0,22.4,19.8,0,0.0,0
2012-08-16,2012-08-30,OPTSTK,SCI,80.0,PE,0.0,0.0,0.0,27.05,24.8,0,0.0,0
2012-08-16,2012-08-30,OPTSTK,SCI,85.0,PE,0.0,0.0,0.0,31.85,29.8,0,0.0,0
2012-08-16,2012-08-30,OPTSTK,SCI,90.0,PE,0.0,0.0,0.0,36.65,34.75,0,0.0,0
2012-08-16,2012-08-30,OPTSTK,SCI,95.0,PE,0.0,0.0,0.0,41.5,39.75,0,0.0,0
2012-08-16,2012-08-30,OPTSTK,SCI,100.0,PE,0.0,0.0,0.0,46.4,44.75,0,0.0,0
2012-08-16,2012-09-27,OPTSTK,SCI,25.0,CE,0.0,0.0,0.0,30.45,30.25,0,0.0,0
2012-08-16,2012-09-27,OPTSTK,SCI,30.0,CE,0.0,0.0,0.0,25.55,25.3,0,0.0,0
2012-08-16,2012-09-27,OPTSTK,SCI,35.0,CE,0.0,0.0,0.0,20.7,20.35,0,0.0,0
2012-08-16,2012-09-27,OPTSTK,SCI,40.0,CE,0.0,0.0,0.0,15.85,15.4,0,0.0,0
2012-08-16,2012-09-27,OPTSTK,SCI,45.0,CE,0.0,0.0,0.0,11.3,10.55,0,0.0,0
2012-08-16,2012-09-27,OPTSTK,SCI,50.0,CE,0.0,0.0,0.0,7.3,6.2,0,0.0,0
2012-08-16,2012-09-27,OPTSTK,SCI,55.0,CE,0.0,0.0,0.0,4.25,3.0,0,0.0,0
2012-08-16,2012-09-27,OPTSTK,SCI,60.0,CE,0.0,0.0,0.0,2.2,1.2,0,0.0,0
2012-08-16,2012-09-27,OPTSTK,SCI,65.0,CE,0.0,0.0,0.0,1.05,0.4,0,0.0,0
2012-08-16,2012-09-27,OPTSTK,SCI,70.0,CE,0.0,0.0,0.0,0.45,0.1,0,0.0,0
2012-08-16,2012-09-27,OPTSTK,SCI,75.0,CE,0.0,0.0,0.0,0.2,0.05,0,0.0,0
2012-08-16,2012-09-27,OPTSTK,SCI,80.0,CE,0.0,0.0,0.0,0.1,0.0,0,0.0,0
2012-08-16,2012-09-27,OPTSTK,SCI,85.0,CE,0.0,0.0,0.0,0.05,0.0,0,0.0,0
2012-08-16,2012-09-27,OPTSTK,SCI,90.0,CE,0.0,0.0,0.0,0.05,0.0,0,0.0,0
2012-08-16,2012-09-27,OPTSTK,SCI,95.0,CE,0.0,0.0,0.0,0.05,0.0,0,0.0,0
2012-08-16,2012-09-27,OPTSTK,SCI,100.0,CE,0.0,0.0,0.0,0.05,0.0,0,0.0,0
2012-08-16,2012-09-27,OPTSTK,SCI,25.0,PE,0.0,0.0,0.0,0.05,0.0,0,0.0,0
2012-08-16,2012-09-27,OPTSTK,SCI,30.0,PE,0.0,0.0,0.0,0.05,0.0,0,0.0,0
2012-08-16,2012-09-27,OPTSTK,SCI,35.0,PE,0.0,0.0,0.0,0.05,0.0,0,0.0,0
2012-08-16,2012-09-27,OPTSTK,SCI,40.0,PE,0.0,0.0,0.0,0.1,0.05,0,0.0,0
2012-08-16,2012-09-27,OPTSTK,SCI,45.0,PE,0.0,0.0,0.0,0.4,0.15,0,0.0,0
2012-08-16,2012-09-27,OPTSTK,SCI,50.0,PE,0.0,0.0,0.0,1.3,0.75,0,0.0,0
2012-08-16,2012-09-27,OPTSTK,SCI,55.0,PE,0.0,0.0,0.0,3.1,2.5,0,0.0,0
2012-08-16,2012-09-27,OPTSTK,SCI,60.0,PE,0.0,0.0,0.0,6.0,5.6,0,0.0,0
2012-08-16,2012-09-27,OPTSTK,SCI,65.0,PE,0.0,0.0,0.0,9.7,9.75,0,0.0,0
2012-08-16,2012-09-27,OPTSTK,SCI,70.0,PE,0.0,0.0,0.0,14.0,14.45,0,0.0,0
2012-08-16,2012-09-27,OPTSTK,SCI,75.0,PE,0.0,0.0,0.0,18.6,19.3,0,0.0,0
2012-08-16,2012-09-27,OPTSTK,SCI,80.0,PE,0.0,0.0,0.0,23.4,24.25,0,0.0,0
2012-08-16,2012-09-27,OPTSTK,SCI,85.0,PE,0.0,0.0,0.0,28.2,29.2,0,0.0,0
2012-08-16,2012-09-27,OPTSTK,SCI,90.0,PE,0.0,0.0,0.0,33.1,34.15,0,0.0,0
2012-08-16,2012-09-27,OPTSTK,SCI,95.0,PE,0.0,0.0,0.0,37.95,39.1,0,0.0,0
2012-08-16,2012-09-27,OPTSTK,SCI,100.0,PE,0.0,0.0,0.0,42.85,44.05,0,0.0,0
2012-08-16,2012-10-25,OPTSTK,SCI,25.0,CE,0.0,0.0,0.0,27.15,30.4,0,0.0,0
2012-08-16,2012-10-25,OPTSTK,SCI,30.0,CE,0.0,0.0,0.0,22.25,25.5,0,0.0,0
2012-08-16,2012-10-25,OPTSTK,SCI,35.0,CE,0.0,0.0,0.0,17.45,20.55,0,0.0,0
2012-08-16,2012-10-25,OPTSTK,SCI,40.0,CE,0.0,0.0,0.0,12.95,15.7,0,0.0,0
2012-08-16,2012-10-25,OPTSTK,SCI,45.0,CE,0.0,0.0,0.0,8.95,11.05,0,0.0,0
2012-08-16,2012-10-25,OPTSTK,SCI,50.0,CE,0.0,0.0,0.0,5.8,7.05,0,0.0,0
2012-08-16,2012-10-25,OPTSTK,SCI,55.0,CE,0.0,0.0,0.0,3.5,4.0,0,0.0,0
2012-08-16,2012-10-25,OPTSTK,SCI,60.0,CE,0.0,0.0,0.0,2.0,2.0,0,0.0,0
2012-08-16,2012-10-25,OPTSTK,SCI,65.0,CE,0.0,0.0,0.0,1.1,0.9,0,0.0,0
2012-08-16,2012-10-25,OPTSTK,SCI,70.0,CE,0.0,0.0,0.0,0.6,0.4,0,0.0,0
2012-08-16,2012-10-25,OPTSTK,SCI,75.0,CE,0.0,0.0,0.0,0.3,0.15,0,0.0,0
2012-08-16,2012-10-25,OPTSTK,SCI,80.0,CE,0.0,0.0,0.0,0.15,0.05,0,0.0,0
2012-08-16,2012-10-25,OPTSTK,SCI,85.0,CE,0.0,0.0,0.0,0.1,0.05,0,0.0,0
2012-08-16,2012-10-25,OPTSTK,SCI,90.0,CE,0.0,0.0,0.0,0.05,0.05,0,0.0,0
2012-08-16,2012-10-25,OPTSTK,SCI,95.0,CE,0.0,0.0,0.0,0.05,0.0,0,0.0,0
2012-08-16,2012-10-25,OPTSTK,SCI,100.0,CE,0.0,0.0,0.0,0.05,0.0,0,0.0,0
2012-08-16,2012-10-25,OPTSTK,SCI,25.0,PE,0.0,0.0,0.0,0.05,0.0,0,0.0,0
2012-08-16,2012-10-25,OPTSTK,SCI,30.0,PE,0.0,0.0,0.0,0.05,0.0,0,0.0,0
2012-08-16,2012-10-25,OPTSTK,SCI,35.0,PE,0.0,0.0,0.0,0.1,0.0,0,0.0,0
2012-08-16,2012-10-25,OPTSTK,SCI,40.0,PE,0.0,0.0,0.0,0.45,0.05,0,0.0,0
2012-08-16,2012-10-25,OPTSTK,SCI,45.0,PE,0.0,0.0,0.0,1.4,0.35,0,0.0,0
2012-08-16,2012-10-25,OPTSTK,SCI,50.0,PE,0.0,0.0,0.0,3.1,1.25,0,0.0,0
2012-08-16,2012-10-25,OPTSTK,SCI,55.0,PE,0.0,0.0,0.0,5.7,3.1,0,0.0,0
2012-08-16,2012-10-25,OPTSTK,SCI,60.0,PE,0.0,0.0,0.0,9.1,6.05,0,0.0,0
2012-08-16,2012-10-25,OPTSTK,SCI,65.0,PE,0.0,0.0,0.0,13.1,9.85,0,0.0,0
2012-08-16,2012-10-25,OPTSTK,SCI,70.0,PE,0.0,0.0,0.0,17.45,14.25,0,0.0,0
2012-08-16,2012-10-25,OPTSTK,SCI,75.0,PE,0.0,0.0,0.0,22.05,18.9,0,0.0,0
2012-08-16,2012-10-25,OPTSTK,SCI,80.0,PE,0.0,0.0,0.0,26.8,23.75,0,0.0,0
2012-08-16,2012-10-25,OPTSTK,SCI,85.0,PE,0.0,0.0,0.0,31.6,28.65,0,0.0,0
2012-08-16,2012-10-25,OPTSTK,SCI,90.0,PE,0.0,0.0,0.0,36.45,33.55,0,0.0,0
2012-08-16,2012-10-25,OPTSTK,SCI,95.0,PE,0.0,0.0,0.0,41.35,38.45,0,0.0,0
2012-08-16,2012-10-25,OPTSTK,SCI,100.0,PE,0.0,0.0,0.0,46.2,43.35,0,0.0,0
2012-08-16,2012-08-30,OPTSTK,SESAGOA,130.0,CE,0.0,0.0,0.0,61.0,58.55,0,0.0,0
2012-08-16,2012-08-30,OPTSTK,SESAGOA,140.0,CE,0.0,0.0,0.0,52.05,48.6,0,0.0,0
2012-08-16,2012-08-30,OPTSTK,SESAGOA,150.0,CE,0.0,0.0,0.0,43.65,38.6,0,0.0,0
2012-08-16,2012-08-30,OPTSTK,SESAGOA,160.0,CE,0.0,0.0,0.0,35.95,28.7,0,0.0,0
2012-08-16,2012-08-30,OPTSTK,SESAGOA,170.0,CE,24.9,24.9,24.9,24.9,24.9,1,1.94,18000
2012-08-16,2012-08-30,OPTSTK,SESAGOA,180.0,CE,15.5,15.5,10.3,10.3,10.3,4,7.67,46000
2012-08-16,2012-08-30,OPTSTK,SESAGOA,190.0,CE,7.6,8.2,3.75,3.95,3.95,118,230.14,209000
2012-08-16,2012-08-30,OPTSTK,SESAGOA,200.0,CE,2.7,3.1,1.1,1.25,1.25,262,528.98,379000
2012-08-16,2012-08-30,OPTSTK,SESAGOA,210.0,CE,0.75,0.75,0.25,0.25,0.25,23,48.4,98000
2012-08-16,2012-08-30,OPTSTK,SESAGOA,220.0,CE,0.2,0.2,0.2,0.2,0.2,1,2.2,16000
2012-08-16,2012-08-30,OPTSTK,SESAGOA,230.0,CE,0.0,0.0,0.0,0.65,0.05,0,0.0,0
2012-08-16,2012-08-30,OPTSTK,SESAGOA,240.0,CE,0.25,0.25,0.05,0.05,0.05,4,9.6,0
2012-08-16,2012-08-30,OPTSTK,SESAGOA,250.0,CE,0.0,0.0,0.0,3.15,0.0,0,0.0,0
2012-08-16,2012-08-30,OPTSTK,SESAGOA,260.0,CE,0.0,0.0,0.0,2.3,0.0,0,0.0,0
2012-08-16,2012-08-30,OPTSTK,SESAGOA,270.0,CE,0.0,0.0,0.0,1.65,0.0,0,0.0,0
2012-08-16,2012-08-30,OPTSTK,SESAGOA,280.0,CE,0.0,0.0,0.0,1.15,0.0,0,0.0,0
2012-08-16,2012-08-30,OPTSTK,SESAGOA,290.0,CE,0.0,0.0,0.0,0.8,0.0,0,0.0,0
2012-08-16,2012-08-30,OPTSTK,SESAGOA,130.0,PE,0.0,0.0,0.0,0.7,0.0,0,0.0,0
2012-08-16,2012-08-30,OPTSTK,SESAGOA,140.0,PE,0.0,0.0,0.0,1.55,0.0,0,0.0,0
2012-08-16,2012-08-30,OPTSTK,SESAGOA,150.0,PE,0.0,0.0,0.0,2.9,0.0,0,0.0,0
2012-08-16,2012-08-30,OPTSTK,SESAGOA,160.0,PE,0.0,0.0,0.0,0.3,0.1,0,0.0,17000
2012-08-16,2012-08-30,OPTSTK,SESAGOA,170.0,PE,0.05,0.3,0.05,0.25,0.25,3,5.1,55000
2012-08-16,2012-08-30,OPTSTK,SESAGOA,180.0,PE,1.0,1.6,0.6,1.3,1.3,42,76.11,180000
2012-08-16,2012-08-30,OPTSTK,SESAGOA,190.0,PE,3.0,5.2,2.3,4.8,4.8,115,223.01,90000
2012-08-16,2012-08-30,OPTSTK,SESAGOA,200.0,PE,9.0,11.2,9.0,11.2,11.2,5,10.51,32000
2012-08-16,2012-08-30,OPTSTK,SESAGOA,210.0,PE,0.0,0.0,0.0,28.4,21.7,0,0.0,0
2012-08-16,2012-08-30,OPTSTK,SESAGOA,220.0,PE,0.0,0.0,0.0,35.5,31.3,0,0.0,0
2012-08-16,2012-08-30,OPTSTK,SESAGOA,230.0,PE,0.0,0.0,0.0,43.2,41.15,0,0.0,0
2012-08-16,2012-08-30,OPTSTK,SESAGOA,240.0,PE,0.0,0.0,0.0,51.4,51.1,0,0.0,0
2012-08-16,2012-08-30,OPTSTK,SESAGOA,250.0,PE,0.0,0.0,0.0,60.0,61.1,0,0.0,0
2012-08-16,2012-08-30,OPTSTK,SESAGOA,260.0,PE,0.0,0.0,0.0,76.0,71.05,0,0.0,1000
2012-08-16,2012-08-30,OPTSTK,SESAGOA,270.0,PE,0.0,0.0,0.0,78.0,81.0,0,0.0,0
2012-08-16,2012-08-30,OPTSTK,SESAGOA,280.0,PE,0.0,0.0,0.0,87.25,91.0,0,0.0,0
2012-08-16,2012-08-30,OPTSTK,SESAGOA,290.0,PE,0.0,0.0,0.0,96.7,100.95,0,0.0,0
2012-08-16,2012-09-27,OPTSTK,SESAGOA,130.0,CE,0.0,0.0,0.0,59.4,59.45,0,0.0,0
2012-08-16,2012-09-27,OPTSTK,SESAGOA,140.0,CE,0.0,0.0,0.0,50.35,49.65,0,0.0,0
2012-08-16,2012-09-27,OPTSTK,SESAGOA,150.0,CE,0.0,0.0,0.0,41.8,39.95,0,0.0,0
2012-08-16,2012-09-27,OPTSTK,SESAGOA,160.0,CE,0.0,0.0,0.0,34.0,30.7,0,0.0,0
2012-08-16,2012-09-27,OPTSTK,SESAGOA,170.0,CE,0.0,0.0,0.0,27.05,22.35,0,0.0,0
2012-08-16,2012-09-27,OPTSTK,SESAGOA,180.0,CE,0.0,0.0,0.0,17.85,15.25,0,0.0,4000
2012-08-16,2012-09-27,OPTSTK,SESAGOA,190.0,CE,0.0,0.0,0.0,10.6,9.7,0,0.0,5000
2012-08-16,2012-09-27,OPTSTK,SESAGOA,200.0,CE,6.0,6.0,6.0,6.0,6.0,1,2.06,20000
2012-08-16,2012-09-27,OPTSTK,SESAGOA,210.0,CE,0.0,0.0,0.0,3.75,3.2,0,0.0,3000
2012-08-16,2012-09-27,OPTSTK,SESAGOA,220.0,CE,0.0,0.0,0.0,6.45,1.7,0,0.0,0
2012-08-16,2012-09-27,OPTSTK,SESAGOA,230.0,CE,0.0,0.0,0.0,4.65,0.85,0,0.0,0
2012-08-16,2012-09-27,OPTSTK,SESAGOA,240.0,CE,0.0,0.0,0.0,3.25,0.4,0,0.0,0
2012-08-16,2012-09-27,OPTSTK,SESAGOA,250.0,CE,0.0,0.0,0.0,2.3,0.2,0,0.0,0
2012-08-16,2012-09-27,OPTSTK,SESAGOA,260.0,CE,0.0,0.0,0.0,1.55,0.1,0,0.0,0
2012-08-16,2012-09-27,OPTSTK,SESAGOA,270.0,CE,0.0,0.0,0.0,1.1,0.05,0,0.0,0
2012-08-16,2012-09-27,OPTSTK,SESAGOA,280.0,CE,0.0,0.0,0.0,0.75,0.05,0,0.0,0
2012-08-16,2012-09-27,OPTSTK,SESAGOA,290.0,CE,0.0,0.0,0.0,0.5,0.0,0,0.0,0
2012-08-16,2012-09-27,OPTSTK,SESAGOA,130.0,PE,0.0,0.0,0.0,0.55,0.05,0,0.0,0
2012-08-16,2012-09-27,OPTSTK,SESAGOA,140.0,PE,0.0,0.0,0.0,1.25,0.1,0,0.0,0
2012-08-16,2012-09-27,OPTSTK,SESAGOA,150.0,PE,0.0,0.0,0.0,2.45,0.3,0,0.0,0
2012-08-16,2012-09-27,OPTSTK,SESAGOA,160.0,PE,0.0,0.0,0.0,4.4,0.95,0,0.0,0
2012-08-16,2012-09-27,OPTSTK,SESAGOA,170.0,PE,0.0,0.0,0.0,7.25,2.45,0,0.0,0
2012-08-16,2012-09-27,OPTSTK,SESAGOA,180.0,PE,0.0,0.0,0.0,6.5,5.25,0,0.0,0
2012-08-16,2012-09-27,OPTSTK,SESAGOA,190.0,PE,0.0,0.0,0.0,6.4,9.65,0,0.0,3000
2012-08-16,2012-09-27,OPTSTK,SESAGOA,200.0,PE,0.0,0.0,0.0,20.0,15.6,0,0.0,2000
2012-08-16,2012-09-27,OPTSTK,SESAGOA,210.0,PE,0.0,0.0,0.0,28.2,22.95,0,0.0,0
2012-08-16,2012-09-27,OPTSTK,SESAGOA,220.0,PE,0.0,0.0,0.0,35.5,31.3,0,0.0,0
2012-08-16,2012-09-27,OPTSTK,SESAGOA,230.0,PE,0.0,0.0,0.0,43.45,40.35,0,0.0,0
2012-08-16,2012-09-27,OPTSTK,SESAGOA,240.0,PE,0.0,0.0,0.0,51.85,49.8,0,0.0,0
2012-08-16,2012-09-27,OPTSTK,SESAGOA,250.0,PE,0.0,0.0,0.0,60.6,59.5,0,0.0,0
2012-08-16,2012-09-27,OPTSTK,SESAGOA,260.0,PE,0.0,0.0,0.0,69.7,69.3,0,0.0,0
2012-08-16,2012-09-27,OPTSTK,SESAGOA,270.0,PE,0.0,0.0,0.0,78.95,79.15,0,0.0,0
2012-08-16,2012-09-27,OPTSTK,SESAGOA,280.0,PE,0.0,0.0,0.0,88.35,89.05,0,0.0,0
2012-08-16,2012-09-27,OPTSTK,SESAGOA,290.0,PE,0.0,0.0,0.0,97.9,98.95,0,0.0,0
2012-08-16,2012-10-25,OPTSTK,SESAGOA,130.0,CE,0.0,0.0,0.0,52.1,60.45,0,0.0,0
2012-08-16,2012-10-25,OPTSTK,SESAGOA,140.0,CE,0.0,0.0,0.0,43.3,50.85,0,0.0,0
2012-08-16,2012-10-25,OPTSTK,SESAGOA,150.0,CE,0.0,0.0,0.0,35.2,41.6,0,0.0,0
2012-08-16,2012-10-25,OPTSTK,SESAGOA,160.0,CE,0.0,0.0,0.0,27.95,32.9,0,0.0,0
2012-08-16,2012-10-25,OPTSTK,SESAGOA,170.0,CE,0.0,0.0,0.0,21.7,25.15,0,0.0,0
2012-08-16,2012-10-25,OPTSTK,SESAGOA,180.0,CE,0.0,0.0,0.0,16.45,18.5,0,0.0,0
2012-08-16,2012-10-25,OPTSTK,SESAGOA,190.0,CE,0.0,0.0,0.0,15.0,13.15,0,0.0,1000
2012-08-16,2012-10-25,OPTSTK,SESAGOA,200.0,CE,0.0,0.0,0.0,8.9,9.0,0,0.0,0
2012-08-16,2012-10-25,OPTSTK,SESAGOA,210.0,CE,0.0,0.0,0.0,6.4,5.9,0,0.0,0
2012-08-16,2012-10-25,OPTSTK,SESAGOA,220.0,CE,0.0,0.0,0.0,4.5,3.8,0,0.0,0
2012-08-16,2012-10-25,OPTSTK,SESAGOA,230.0,CE,0.0,0.0,0.0,3.15,2.35,0,0.0,0
2012-08-16,2012-10-25,OPTSTK,SESAGOA,240.0,CE,0.0,0.0,0.0,2.15,1.4,0,0.0,0
2012-08-16,2012-10-25,OPTSTK,SESAGOA,250.0,CE,0.0,0.0,0.0,1.45,0.85,0,0.0,0
2012-08-16,2012-10-25,OPTSTK,SESAGOA,260.0,CE,0.0,0.0,0.0,1.0,0.5,0,0.0,0
2012-08-16,2012-10-25,OPTSTK,SESAGOA,270.0,CE,0.0,0.0,0.0,0.65,0.3,0,0.0,0
2012-08-16,2012-10-25,OPTSTK,SESAGOA,280.0,CE,0.0,0.0,0.0,0.45,0.15,0,0.0,0
2012-08-16,2012-10-25,OPTSTK,SESAGOA,130.0,PE,0.0,0.0,0.0,0.8,0.1,0,0.0,0
2012-08-16,2012-10-25,OPTSTK,SESAGOA,140.0,PE,0.0,0.0,0.0,1.8,0.35,0,0.0,0
2012-08-16,2012-10-25,OPTSTK,SESAGOA,150.0,PE,0.0,0.0,0.0,3.45,0.9,0,0.0,0
2012-08-16,2012-10-25,OPTSTK,SESAGOA,160.0,PE,0.0,0.0,0.0,6.0,2.1,0,0.0,0
2012-08-16,2012-10-25,OPTSTK,SESAGOA,170.0,PE,0.0,0.0,0.0,9.5,4.15,0,0.0,0
2012-08-16,2012-10-25,OPTSTK,SESAGOA,180.0,PE,0.0,0.0,0.0,14.05,7.35,0,0.0,0
2012-08-16,2012-10-25,OPTSTK,SESAGOA,190.0,PE,0.0,0.0,0.0,19.6,11.75,0,0.0,0
2012-08-16,2012-10-25,OPTSTK,SESAGOA,200.0,PE,0.0,0.0,0.0,26.05,17.45,0,0.0,0
2012-08-16,2012-10-25,OPTSTK,SESAGOA,210.0,PE,0.0,0.0,0.0,33.3,24.2,0,0.0,0
2012-08-16,2012-10-25,OPTSTK,SESAGOA,220.0,PE,0.0,0.0,0.0,41.15,31.9,0,0.0,0
2012-08-16,2012-10-25,OPTSTK,SESAGOA,230.0,PE,0.0,0.0,0.0,49.55,40.3,0,0.0,0
2012-08-16,2012-10-25,OPTSTK,SESAGOA,240.0,PE,0.0,0.0,0.0,58.35,49.2,0,0.0,0
2012-08-16,2012-10-25,OPTSTK,SESAGOA,250.0,PE,0.0,0.0,0.0,67.45,58.45,0,0.0,0
2012-08-16,2012-10-25,OPTSTK,SESAGOA,260.0,PE,0.0,0.0,0.0,76.75,67.9,0,0.0,0
2012-08-16,2012-10-25,OPTSTK,SESAGOA,270.0,PE,0.0,0.0,0.0,86.2,77.55,0,0.0,0
2012-08-16,2012-10-25,OPTSTK,SESAGOA,280.0,PE,0.0,0.0,0.0,95.75,87.25,0,0.0,0
2012-08-16,2012-08-30,OPTSTK,SIEMENS,440.0,CE,0.0,0.0,0.0,248.25,219.55,0,0.0,0
2012-08-16,2012-08-30,OPTSTK,SIEMENS,460.0,CE,0.0,0.0,0.0,228.8,199.6,0,0.0,0
2012-08-16,2012-08-30,OPTSTK,SIEMENS,480.0,CE,0.0,0.0,0.0,209.45,179.65,0,0.0,0
2012-08-16,2012-08-30,OPTSTK,SIEMENS,500.0,CE,0.0,0.0,0.0,190.3,159.75,0,0.0,0
2012-08-16,2012-08-30,OPTSTK,SIEMENS,520.0,CE,0.0,0.0,0.0,171.45,139.8,0,0.0,0
2012-08-16,2012-08-30,OPTSTK,SIEMENS,540.0,CE,0.0,0.0,0.0,153.0,119.9,0,0.0,0
2012-08-16,2012-08-30,OPTSTK,SIEMENS,560.0,CE,0.0,0.0,0.0,135.15,99.95,0,0.0,0
2012-08-16,2012-08-30,OPTSTK,SIEMENS,580.0,CE,0.0,0.0,0.0,118.1,80.05,0,0.0,0
2012-08-16,2012-08-30,OPTSTK,SIEMENS,600.0,CE,0.0,0.0,0.0,102.05,60.4,0,0.0,0
2012-08-16,2012-08-30,OPTSTK,SIEMENS,620.0,CE,0.0,0.0,0.0,87.1,41.7,0,0.0,0
2012-08-16,2012-08-30,OPTSTK,SIEMENS,640.0,CE,0.0,0.0,0.0,29.75,25.35,0,0.0,1000
2012-08-16,2012-08-30,OPTSTK,SIEMENS,660.0,CE,13.55,13.65,13.55,13.6,13.6,2,6.73,2000
2012-08-16,2012-08-30,OPTSTK,SIEMENS,680.0,CE,6.25,6.25,5.5,5.9,5.9,6,20.57,5500
2012-08-16,2012-08-30,OPTSTK,SIEMENS,700.0,CE,0.0,0.0,0.0,2.7,2.0,0,0.0,7000
2012-08-16,2012-08-30,OPTSTK,SIEMENS,720.0,CE,0.0,0.0,0.0,1.45,0.6,0,0.0,4000
2012-08-16,2012-08-30,OPTSTK,SIEMENS,740.0,CE,0.0,0.0,0.0,26.0,0.15,0,0.0,0
2012-08-16,2012-08-30,OPTSTK,SIEMENS,760.0,CE,0.0,0.0,0.0,2.35,0.05,0,0.0,500
2012-08-16,2012-08-30,OPTSTK,SIEMENS,780.0,CE,0.0,0.0,0.0,3.3,0.0,0,0.0,1000
2012-08-16,2012-08-30,OPTSTK,SIEMENS,800.0,CE,0.0,0.0,0.0,15.0,0.0,0,0.0,500
2012-08-16,2012-08-30,OPTSTK,SIEMENS,820.0,CE,0.0,0.0,0.0,13.15,0.0,0,0.0,500
2012-08-16,2012-08-30,OPTSTK,SIEMENS,840.0,CE,0.0,0.0,0.0,10.0,0.0,0,0.0,500
2012-08-16,2012-08-30,OPTSTK,SIEMENS,860.0,CE,0.0,0.0,0.0,5.15,0.0,0,0.0,0
2012-08-16,2012-08-30,OPTSTK,SIEMENS,880.0,CE,0.0,0.0,0.0,3.8,0.0,0,0.0,0
2012-08-16,2012-08-30,OPTSTK,SIEMENS,900.0,CE,0.0,0.0,0.0,2.8,0.0,0,0.0,0
2012-08-16,2012-08-30,OPTSTK,SIEMENS,920.0,CE,0.0,0.0,0.0,2.05,0.0,0,0.0,0
2012-08-16,2012-08-30,OPTSTK,SIEMENS,940.0,CE,0.0,0.0,0.0,1.45,0.0,0,0.0,0
2012-08-16,2012-08-30,OPTSTK,SIEMENS,960.0,CE,0.0,0.0,0.0,1.05,0.0,0,0.0,0
2012-08-16,2012-08-30,OPTSTK,SIEMENS,980.0,CE,0.0,0.0,0.0,0.75,0.0,0,0.0,0
2012-08-16,2012-08-30,OPTSTK,SIEMENS,1000.0,CE,0.0,0.0,0.0,0.55,0.0,0,0.0,0
2012-08-16,2012-08-30,OPTSTK,SIEMENS,1020.0,CE,0.0,0.0,0.0,0.4,0.0,0,0.0,0
2012-08-16,2012-08-30,OPTSTK,SIEMENS,1040.0,CE,0.0,0.0,0.0,0.25,0.0,0,0.0,0
2012-08-16,2012-08-30,OPTSTK,SIEMENS,440.0,PE,0.0,0.0,0.0,0.1,0.0,0,0.0,0
2012-08-16,2012-08-30,OPTSTK,SIEMENS,460.0,PE,0.0,0.0,0.0,0.15,0.0,0,0.0,0
2012-08-16,2012-08-30,OPTSTK,SIEMENS,480.0,PE,0.0,0.0,0.0,0.35,0.0,0,0.0,0
2012-08-16,2012-08-30,OPTSTK,SIEMENS,500.0,PE,0.0,0.0,0.0,0.7,0.0,0,0.0,0
2012-08-16,2012-08-30,OPTSTK,SIEMENS,520.0,PE,0.0,0.0,0.0,1.35,0.0,0,0.0,0
2012-08-16,2012-08-30,OPTSTK,SIEMENS,540.0,PE,0.0,0.0,0.0,2.45,0.0,0,0.0,0
2012-08-16,2012-08-30,OPTSTK,SIEMENS,560.0,PE,0.0,0.0,0.0,4.15,0.0,0,0.0,0
2012-08-16,2012-08-30,OPTSTK,SIEMENS,580.0,PE,0.0,0.0,0.0,6.6,0.05,0,0.0,0
2012-08-16,2012-08-30,OPTSTK,SIEMENS,600.0,PE,0.0,0.0,0.0,1.1,0.35,0,0.0,3500
2012-08-16,2012-08-30,OPTSTK,SIEMENS,620.0,PE,0.0,0.0,0.0,4.0,1.55,0,0.0,3000
2012-08-16,2012-08-30,OPTSTK,SIEMENS,640.0,PE,6.15,6.5,5.7,5.8,5.8,6,19.37,11500
2012-08-16,2012-08-30,OPTSTK,SIEMENS,660.0,PE,13.15,13.5,12.2,13.4,13.4,9,30.28,5000
2012-08-16,2012-08-30,OPTSTK,SIEMENS,680.0,PE,25.9,26.5,25.0,25.0,25.0,6,21.17,4000
2012-08-16,2012-08-30,OPTSTK,SIEMENS,700.0,PE,0.0,0.0,0.0,36.75,41.6,0,0.0,2500
2012-08-16,2012-08-30,OPTSTK,SIEMENS,720.0,PE,0.0,0.0,0.0,57.85,60.1,0,0.0,0
2012-08-16,2012-08-30,OPTSTK,SIEMENS,740.0,PE,0.0,0.0,0.0,70.6,79.6,0,0.0,0
2012-08-16,2012-08-30,OPTSTK,SIEMENS,760.0,PE,0.0,0.0,0.0,84.5,99.45,0,0.0,0
2012-08-16,2012-08-30,OPTSTK,SIEMENS,780.0,PE,0.0,0.0,0.0,99.5,119.35,0,0.0,0
2012-08-16,2012-08-30,OPTSTK,SIEMENS,800.0,PE,0.0,0.0,0.0,137.9,139.3,0,0.0,500
2012-08-16,2012-08-30,OPTSTK,SIEMENS,820.0,PE,0.0,0.0,0.0,131.9,159.25,0,0.0,0
2012-08-16,2012-08-30,OPTSTK,SIEMENS,840.0,PE,0.0,0.0,0.0,149.15,179.15,0,0.0,0
2012-08-16,2012-08-30,OPTSTK,SIEMENS,860.0,PE,0.0,0.0,0.0,166.9,199.1,0,0.0,0
2012-08-16,2012-08-30,OPTSTK,SIEMENS,880.0,PE,0.0,0.0,0.0,215.0,219.05,0,0.0,500
2012-08-16,2012-08-30,OPTSTK,SIEMENS,900.0,PE,0.0,0.0,0.0,203.55,238.95,0,0.0,0
2012-08-16,2012-08-30,OPTSTK,SIEMENS,920.0,PE,0.0,0.0,0.0,222.35,258.9,0,0.0,0
2012-08-16,2012-08-30,OPTSTK,SIEMENS,940.0,PE,0.0,0.0,0.0,241.3,278.85,0,0.0,0
2012-08-16,2012-08-30,OPTSTK,SIEMENS,960.0,PE,0.0,0.0,0.0,260.4,298.75,0,0.0,0
2012-08-16,2012-08-30,OPTSTK,SIEMENS,980.0,PE,0.0,0.0,0.0,279.6,318.7,0,0.0,0
2012-08-16,2012-08-30,OPTSTK,SIEMENS,1000.0,PE,0.0,0.0,0.0,298.9,338.65,0,0.0,0
2012-08-16,2012-08-30,OPTSTK,SIEMENS,1020.0,PE,0.0,0.0,0.0,318.25,358.55,0,0.0,0
2012-08-16,2012-08-30,OPTSTK,SIEMENS,1040.0,PE,0.0,0.0,0.0,337.65,378.5,0,0.0,0
2012-08-16,2012-09-27,OPTSTK,SIEMENS,440.0,CE,0.0,0.0,0.0,285.45,222.6,0,0.0,0
2012-08-16,2012-09-27,OPTSTK,SIEMENS,460.0,CE,0.0,0.0,0.0,265.95,202.85,0,0.0,0
2012-08-16,2012-09-27,OPTSTK,SIEMENS,480.0,CE,0.0,0.0,0.0,246.5,183.05,0,0.0,0
2012-08-16,2012-09-27,OPTSTK,SIEMENS,500.0,CE,0.0,0.0,0.0,227.15,163.25,0,0.0,0
2012-08-16,2012-09-27,OPTSTK,SIEMENS,520.0,CE,0.0,0.0,0.0,208.0,143.5,0,0.0,0
2012-08-16,2012-09-27,OPTSTK,SIEMENS,540.0,CE,0.0,0.0,0.0,189.1,123.8,0,0.0,0
2012-08-16,2012-09-27,OPTSTK,SIEMENS,560.0,CE,0.0,0.0,0.0,170.55,104.3,0,0.0,0
2012-08-16,2012-09-27,OPTSTK,SIEMENS,580.0,CE,0.0,0.0,0.0,152.55,85.3,0,0.0,0
2012-08-16,2012-09-27,OPTSTK,SIEMENS,600.0,CE,0.0,0.0,0.0,135.2,67.3,0,0.0,0
2012-08-16,2012-09-27,OPTSTK,SIEMENS,620.0,CE,0.0,0.0,0.0,118.7,50.85,0,0.0,0
2012-08-16,2012-09-27,OPTSTK,SIEMENS,640.0,CE,0.0,0.0,0.0,103.2,36.6,0,0.0,0
2012-08-16,2012-09-27,OPTSTK,SIEMENS,660.0,CE,0.0,0.0,0.0,88.85,25.0,0,0.0,0
2012-08-16,2012-09-27,OPTSTK,SIEMENS,680.0,CE,0.0,0.0,0.0,75.65,16.1,0,0.0,0
2012-08-16,2012-09-27,OPTSTK,SIEMENS,700.0,CE,0.0,0.0,0.0,63.75,9.8,0,0.0,0
2012-08-16,2012-09-27,OPTSTK,SIEMENS,720.0,CE,0.0,0.0,0.0,53.2,5.65,0,0.0,0
2012-08-16,2012-09-27,OPTSTK,SIEMENS,740.0,CE,0.0,0.0,0.0,43.95,3.05,0,0.0,0
2012-08-16,2012-09-27,OPTSTK,SIEMENS,760.0,CE,0.0,0.0,0.0,35.9,1.6,0,0.0,0
2012-08-16,2012-09-27,OPTSTK,SIEMENS,780.0,CE,0.0,0.0,0.0,29.1,0.75,0,0.0,0
2012-08-16,2012-09-27,OPTSTK,SIEMENS,800.0,CE,0.0,0.0,0.0,23.35,0.35,0,0.0,0
2012-08-16,2012-09-27,OPTSTK,SIEMENS,820.0,CE,0.0,0.0,0.0,18.6,0.15,0,0.0,0
2012-08-16,2012-09-27,OPTSTK,SIEMENS,840.0,CE,0.0,0.0,0.0,14.65,0.1,0,0.0,0
2012-08-16,2012-09-27,OPTSTK,SIEMENS,860.0,CE,0.0,0.0,0.0,11.45,0.05,0,0.0,0
2012-08-16,2012-09-27,OPTSTK,SIEMENS,880.0,CE,0.0,0.0,0.0,8.85,0.05,0,0.0,0
2012-08-16,2012-09-27,OPTSTK,SIEMENS,900.0,CE,0.0,0.0,0.0,6.8,0.0,0,0.0,0
2012-08-16,2012-09-27,OPTSTK,SIEMENS,920.0,CE,0.0,0.0,0.0,5.2,0.0,0,0.0,0
2012-08-16,2012-09-27,OPTSTK,SIEMENS,940.0,CE,0.0,0.0,0.0,3.95,0.0,0,0.0,0
2012-08-16,2012-09-27,OPTSTK,SIEMENS,960.0,CE,0.0,0.0,0.0,3.0,0.0,0,0.0,0
2012-08-16,2012-09-27,OPTSTK,SIEMENS,980.0,CE,0.0,0.0,0.0,2.25,0.0,0,0.0,0
2012-08-16,2012-09-27,OPTSTK,SIEMENS,1000.0,CE,0.0,0.0,0.0,1.65,0.0,0,0.0,0
2012-08-16,2012-09-27,OPTSTK,SIEMENS,1020.0,CE,0.0,0.0,0.0,1.25,0.0,0,0.0,0
2012-08-16,2012-09-27,OPTSTK,SIEMENS,1040.0,CE,0.0,0.0,0.0,0.9,0.0,0,0.0,0
2012-08-16,2012-09-27,OPTSTK,SIEMENS,440.0,PE,0.0,0.0,0.0,0.05,0.0,0,0.0,0
2012-08-16,2012-09-27,OPTSTK,SIEMENS,460.0,PE,0.0,0.0,0.0,0.1,0.0,0,0.0,0
2012-08-16,2012-09-27,OPTSTK,SIEMENS,480.0,PE,0.0,0.0,0.0,0.2,0.0,0,0.0,0
2012-08-16,2012-09-27,OPTSTK,SIEMENS,500.0,PE,0.0,0.0,0.0,0.4,0.05,0,0.0,0
2012-08-16,2012-09-27,OPTSTK,SIEMENS,520.0,PE,0.0,0.0,0.0,0.75,0.05,0,0.0,0
2012-08-16,2012-09-27,OPTSTK,SIEMENS,540.0,PE,0.0,0.0,0.0,1.35,0.15,0,0.0,0
2012-08-16,2012-09-27,OPTSTK,SIEMENS,560.0,PE,0.0,0.0,0.0,2.35,0.45,0,0.0,0
2012-08-16,2012-09-27,OPTSTK,SIEMENS,580.0,PE,0.0,0.0,0.0,3.9,1.25,0,0.0,0
2012-08-16,2012-09-27,OPTSTK,SIEMENS,600.0,PE,0.0,0.0,0.0,7.2,3.05,0,0.0,1500
2012-08-16,2012-09-27,OPTSTK,SIEMENS,620.0,PE,0.0,0.0,0.0,12.0,6.4,0,0.0,2000
2012-08-16,2012-09-27,OPTSTK,SIEMENS,640.0,PE,0.0,0.0,0.0,16.0,11.95,0,0.0,500
2012-08-16,2012-09-27,OPTSTK,SIEMENS,660.0,PE,0.0,0.0,0.0,18.35,20.1,0,0.0,0
2012-08-16,2012-09-27,OPTSTK,SIEMENS,680.0,PE,0.0,0.0,0.0,24.65,31.05,0,0.0,0
2012-08-16,2012-09-27,OPTSTK,SIEMENS,700.0,PE,0.0,0.0,0.0,32.35,44.5,0,0.0,0
2012-08-16,2012-09-27,OPTSTK,SIEMENS,720.0,PE,0.0,0.0,0.0,41.3,60.15,0,0.0,0
2012-08-16,2012-09-27,OPTSTK,SIEMENS,740.0,PE,0.0,0.0,0.0,51.55,77.35,0,0.0,0
2012-08-16,2012-09-27,OPTSTK,SIEMENS,760.0,PE,0.0,0.0,0.0,63.1,95.65,0,0.0,0
2012-08-16,2012-09-27,OPTSTK,SIEMENS,780.0,PE,0.0,0.0,0.0,75.8,114.65,0,0.0,0
2012-08-16,2012-09-27,OPTSTK,SIEMENS,800.0,PE,0.0,0.0,0.0,89.55,134.05,0,0.0,0
2012-08-16,2012-09-27,OPTSTK,SIEMENS,820.0,PE,0.0,0.0,0.0,104.35,153.65,0,0.0,0
2012-08-16,2012-09-27,OPTSTK,SIEMENS,840.0,PE,0.0,0.0,0.0,119.95,173.35,0,0.0,0
2012-08-16,2012-09-27,OPTSTK,SIEMENS,860.0,PE,0.0,0.0,0.0,136.3,193.1,0,0.0,0
2012-08-16,2012-09-27,OPTSTK,SIEMENS,880.0,PE,0.0,0.0,0.0,153.25,212.9,0,0.0,0
2012-08-16,2012-09-27,OPTSTK,SIEMENS,900.0,PE,0.0,0.0,0.0,170.75,232.65,0,0.0,0
2012-08-16,2012-09-27,OPTSTK,SIEMENS,920.0,PE,0.0,0.0,0.0,188.65,252.45,0,0.0,0
2012-08-16,2012-09-27,OPTSTK,SIEMENS,940.0,PE,0.0,0.0,0.0,206.95,272.25,0,0.0,0
2012-08-16,2012-09-27,OPTSTK,SIEMENS,960.0,PE,0.0,0.0,0.0,225.5,292.05,0,0.0,0
2012-08-16,2012-09-27,OPTSTK,SIEMENS,980.0,PE,0.0,0.0,0.0,244.3,311.85,0,0.0,0
2012-08-16,2012-09-27,OPTSTK,SIEMENS,1000.0,PE,0.0,0.0,0.0,263.25,331.65,0,0.0,0
2012-08-16,2012-09-27,OPTSTK,SIEMENS,1020.0,PE,0.0,0.0,0.0,282.35,351.45,0,0.0,0
2012-08-16,2012-09-27,OPTSTK,SIEMENS,1040.0,PE,0.0,0.0,0.0,301.55,371.2,0,0.0,0
2012-08-16,2012-10-25,OPTSTK,SIEMENS,440.0,CE,0.0,0.0,0.0,220.55,225.65,0,0.0,0
2012-08-16,2012-10-25,OPTSTK,SIEMENS,460.0,CE,0.0,0.0,0.0,201.1,205.95,0,0.0,0
2012-08-16,2012-10-25,OPTSTK,SIEMENS,480.0,CE,0.0,0.0,0.0,181.75,186.35,0,0.0,0
2012-08-16,2012-10-25,OPTSTK,SIEMENS,500.0,CE,0.0,0.0,0.0,162.6,166.75,0,0.0,0
2012-08-16,2012-10-25,OPTSTK,SIEMENS,520.0,CE,0.0,0.0,0.0,143.85,147.25,0,0.0,0
2012-08-16,2012-10-25,OPTSTK,SIEMENS,540.0,CE,0.0,0.0,0.0,125.65,128.0,0,0.0,0
2012-08-16,2012-10-25,OPTSTK,SIEMENS,560.0,CE,0.0,0.0,0.0,108.2,109.2,0,0.0,0
2012-08-16,2012-10-25,OPTSTK,SIEMENS,580.0,CE,0.0,0.0,0.0,91.75,91.15,0,0.0,0
2012-08-16,2012-10-25,OPTSTK,SIEMENS,600.0,CE,0.0,0.0,0.0,76.65,74.25,0,0.0,0
2012-08-16,2012-10-25,OPTSTK,SIEMENS,620.0,CE,0.0,0.0,0.0,62.9,58.85,0,0.0,0
2012-08-16,2012-10-25,OPTSTK,SIEMENS,640.0,CE,0.0,0.0,0.0,50.75,45.3,0,0.0,0
2012-08-16,2012-10-25,OPTSTK,SIEMENS,660.0,CE,0.0,0.0,0.0,40.3,33.8,0,0.0,0
2012-08-16,2012-10-25,OPTSTK,SIEMENS,680.0,CE,0.0,0.0,0.0,31.4,24.45,0,0.0,0
2012-08-16,2012-10-25,OPTSTK,SIEMENS,700.0,CE,0.0,0.0,0.0,24.1,17.15,0,0.0,0
2012-08-16,2012-10-25,OPTSTK,SIEMENS,720.0,CE,0.0,0.0,0.0,18.2,11.7,0,0.0,0
2012-08-16,2012-10-25,OPTSTK,SIEMENS,740.0,CE,0.0,0.0,0.0,13.55,7.7,0,0.0,0
2012-08-16,2012-10-25,OPTSTK,SIEMENS,760.0,CE,0.0,0.0,0.0,9.9,4.9,0,0.0,0
2012-08-16,2012-10-25,OPTSTK,SIEMENS,780.0,CE,0.0,0.0,0.0,7.15,3.05,0,0.0,0
2012-08-16,2012-10-25,OPTSTK,SIEMENS,800.0,CE,0.0,0.0,0.0,5.05,1.85,0,0.0,0
2012-08-16,2012-10-25,OPTSTK,SIEMENS,820.0,CE,0.0,0.0,0.0,3.55,1.1,0,0.0,0
2012-08-16,2012-10-25,OPTSTK,SIEMENS,840.0,CE,0.0,0.0,0.0,2.45,0.65,0,0.0,0
2012-08-16,2012-10-25,OPTSTK,SIEMENS,860.0,CE,0.0,0.0,0.0,1.7,0.35,0,0.0,0
2012-08-16,2012-10-25,OPTSTK,SIEMENS,880.0,CE,0.0,0.0,0.0,1.15,0.2,0,0.0,0
2012-08-16,2012-10-25,OPTSTK,SIEMENS,900.0,CE,0.0,0.0,0.0,0.75,0.1,0,0.0,0
2012-08-16,2012-10-25,OPTSTK,SIEMENS,920.0,CE,0.0,0.0,0.0,0.5,0.05,0,0.0,0
2012-08-16,2012-10-25,OPTSTK,SIEMENS,940.0,CE,0.0,0.0,0.0,0.35,0.05,0,0.0,0
2012-08-16,2012-10-25,OPTSTK,SIEMENS,960.0,CE,0.0,0.0,0.0,0.25,0.05,0,0.0,0
2012-08-16,2012-10-25,OPTSTK,SIEMENS,980.0,CE,0.0,0.0,0.0,0.15,0.05,0,0.0,0
2012-08-16,2012-10-25,OPTSTK,SIEMENS,1000.0,CE,0.0,0.0,0.0,0.1,0.0,0,0.0,0
2012-08-16,2012-10-25,OPTSTK,SIEMENS,1020.0,CE,0.0,0.0,0.0,0.05,0.0,0,0.0,0
2012-08-16,2012-10-25,OPTSTK,SIEMENS,1040.0,CE,0.0,0.0,0.0,0.05,0.0,0,0.0,0
2012-08-16,2012-10-25,OPTSTK,SIEMENS,440.0,PE,0.0,0.0,0.0,0.05,0.0,0,0.0,0
2012-08-16,2012-10-25,OPTSTK,SIEMENS,460.0,PE,0.0,0.0,0.0,0.15,0.05,0,0.0,0
2012-08-16,2012-10-25,OPTSTK,SIEMENS,480.0,PE,0.0,0.0,0.0,0.35,0.05,0,0.0,0
2012-08-16,2012-10-25,OPTSTK,SIEMENS,500.0,PE,0.0,0.0,0.0,0.75,0.1,0,0.0,0
2012-08-16,2012-10-25,OPTSTK,SIEMENS,520.0,PE,0.0,0.0,0.0,1.55,0.25,0,0.0,0
2012-08-16,2012-10-25,OPTSTK,SIEMENS,540.0,PE,0.0,0.0,0.0,2.85,0.65,0,0.0,0
2012-08-16,2012-10-25,OPTSTK,SIEMENS,560.0,PE,0.0,0.0,0.0,4.95,1.55,0,0.0,0
2012-08-16,2012-10-25,OPTSTK,SIEMENS,580.0,PE,0.0,0.0,0.0,8.1,3.15,0,0.0,0
2012-08-16,2012-10-25,OPTSTK,SIEMENS,600.0,PE,0.0,0.0,0.0,12.5,5.9,0,0.0,0
2012-08-16,2012-10-25,OPTSTK,SIEMENS,620.0,PE,0.0,0.0,0.0,18.3,10.2,0,0.0,0
2012-08-16,2012-10-25,OPTSTK,SIEMENS,640.0,PE,0.0,0.0,0.0,25.75,16.25,0,0.0,0
2012-08-16,2012-10-25,OPTSTK,SIEMENS,660.0,PE,0.0,0.0,0.0,34.8,24.45,0,0.0,0
2012-08-16,2012-10-25,OPTSTK,SIEMENS,680.0,PE,0.0,0.0,0.0,45.5,34.75,0,0.0,0
2012-08-16,2012-10-25,OPTSTK,SIEMENS,700.0,PE,0.0,0.0,0.0,57.7,47.1,0,0.0,0
2012-08-16,2012-10-25,OPTSTK,SIEMENS,720.0,PE,0.0,0.0,0.0,71.35,61.25,0,0.0,0
2012-08-16,2012-10-25,OPTSTK,SIEMENS,740.0,PE,0.0,0.0,0.0,86.25,76.95,0,0.0,0
2012-08-16,2012-10-25,OPTSTK,SIEMENS,760.0,PE,0.0,0.0,0.0,102.15,93.8,0,0.0,0
2012-08-16,2012-10-25,OPTSTK,SIEMENS,780.0,PE,0.0,0.0,0.0,118.9,111.6,0,0.0,0
2012-08-16,2012-10-25,OPTSTK,SIEMENS,800.0,PE,0.0,0.0,0.0,136.4,130.05,0,0.0,0
2012-08-16,2012-10-25,OPTSTK,SIEMENS,820.0,PE,0.0,0.0,0.0,154.45,148.95,0,0.0,0
2012-08-16,2012-10-25,OPTSTK,SIEMENS,840.0,PE,0.0,0.0,0.0,172.9,168.15,0,0.0,0
2012-08-16,2012-10-25,OPTSTK,SIEMENS,860.0,PE,0.0,0.0,0.0,191.65,187.55,0,0.0,0
2012-08-16,2012-10-25,OPTSTK,SIEMENS,880.0,PE,0.0,0.0,0.0,210.65,207.05,0,0.0,0
2012-08-16,2012-10-25,OPTSTK,SIEMENS,900.0,PE,0.0,0.0,0.0,229.85,226.6,0,0.0,0
2012-08-16,2012-10-25,OPTSTK,SIEMENS,920.0,PE,0.0,0.0,0.0,249.15,246.25,0,0.0,0
2012-08-16,2012-10-25,OPTSTK,SIEMENS,940.0,PE,0.0,0.0,0.0,268.5,265.85,0,0.0,0
2012-08-16,2012-10-25,OPTSTK,SIEMENS,960.0,PE,0.0,0.0,0.0,287.95,285.5,0,0.0,0
2012-08-16,2012-10-25,OPTSTK,SIEMENS,980.0,PE,0.0,0.0,0.0,307.4,305.15,0,0.0,0
2012-08-16,2012-10-25,OPTSTK,SIEMENS,1000.0,PE,0.0,0.0,0.0,326.9,324.8,0,0.0,0
2012-08-16,2012-10-25,OPTSTK,SIEMENS,1020.0,PE,0.0,0.0,0.0,346.4,344.45,0,0.0,0
2012-08-16,2012-10-25,OPTSTK,SIEMENS,1040.0,PE,0.0,0.0,0.0,365.95,364.1,0,0.0,0
2012-08-16,2012-08-30,OPTSTK,SINTEX,25.0,CE,0.0,0.0,0.0,29.55,36.5,0,0.0,0
2012-08-16,2012-08-30,OPTSTK,SINTEX,30.0,CE,0.0,0.0,0.0,24.7,31.5,0,0.0,0
2012-08-16,2012-08-30,OPTSTK,SINTEX,35.0,CE,0.0,0.0,0.0,20.05,26.55,0,0.0,0
2012-08-16,2012-08-30,OPTSTK,SINTEX,40.0,CE,0.0,0.0,0.0,15.7,21.55,0,0.0,0
2012-08-16,2012-08-30,OPTSTK,SINTEX,45.0,CE,0.0,0.0,0.0,11.9,16.55,0,0.0,0
2012-08-16,2012-08-30,OPTSTK,SINTEX,50.0,CE,0.0,0.0,0.0,10.0,11.6,0,0.0,4000
2012-08-16,2012-08-30,OPTSTK,SINTEX,55.0,CE,0.0,0.0,0.0,6.05,6.8,0,0.0,12000
2012-08-16,2012-08-30,OPTSTK,SINTEX,60.0,CE,2.65,3.0,2.65,2.75,2.75,13,32.67,252000
2012-08-16,2012-08-30,OPTSTK,SINTEX,65.0,CE,0.8,0.8,0.55,0.55,0.55,13,34.16,372000
2012-08-16,2012-08-30,OPTSTK,SINTEX,70.0,CE,0.25,0.25,0.25,0.25,0.25,1,2.81,132000
2012-08-16,2012-08-30,OPTSTK,SINTEX,75.0,CE,0.0,0.0,0.0,1.3,0.05,0,0.0,0
2012-08-16,2012-08-30,OPTSTK,SINTEX,80.0,CE,0.0,0.0,0.0,0.85,0.0,0,0.0,0
2012-08-16,2012-08-30,OPTSTK,SINTEX,85.0,CE,0.0,0.0,0.0,0.55,0.0,0,0.0,0
2012-08-16,2012-08-30,OPTSTK,SINTEX,90.0,CE,0.0,0.0,0.0,0.35,0.0,0,0.0,0
2012-08-16,2012-08-30,OPTSTK,SINTEX,95.0,CE,0.0,0.0,0.0,0.25,0.0,0,0.0,0
2012-08-16,2012-08-30,OPTSTK,SINTEX,100.0,CE,0.0,0.0,0.0,0.15,0.0,0,0.0,0
2012-08-16,2012-08-30,OPTSTK,SINTEX,105.0,CE,0.0,0.0,0.0,0.1,0.0,0,0.0,0
2012-08-16,2012-08-30,OPTSTK,SINTEX,25.0,PE,0.0,0.0,0.0,0.05,0.0,0,0.0,0
2012-08-16,2012-08-30,OPTSTK,SINTEX,30.0,PE,0.0,0.0,0.0,0.1,0.0,0,0.0,0
2012-08-16,2012-08-30,OPTSTK,SINTEX,35.0,PE,0.0,0.0,0.0,0.3,0.0,0,0.0,0
2012-08-16,2012-08-30,OPTSTK,SINTEX,40.0,PE,0.0,0.0,0.0,0.85,0.0,0,0.0,0
2012-08-16,2012-08-30,OPTSTK,SINTEX,45.0,PE,0.0,0.0,0.0,1.95,0.0,0,0.0,0
2012-08-16,2012-08-30,OPTSTK,SINTEX,50.0,PE,0.0,0.0,0.0,0.15,0.05,0,0.0,24000
2012-08-16,2012-08-30,OPTSTK,SINTEX,55.0,PE,0.0,0.0,0.0,0.2,0.2,0,0.0,40000
2012-08-16,2012-08-30,OPTSTK,SINTEX,60.0,PE,1.15,1.15,1.0,1.05,1.05,4,9.77,128000
2012-08-16,2012-08-30,OPTSTK,SINTEX,65.0,PE,0.0,0.0,0.0,3.4,4.2,0,0.0,4000
2012-08-16,2012-08-30,OPTSTK,SINTEX,70.0,PE,0.0,0.0,0.0,10.35,8.55,0,0.0,4000
2012-08-16,2012-08-30,OPTSTK,SINTEX,75.0,PE,0.0,0.0,0.0,20.6,13.4,0,0.0,0
2012-08-16,2012-08-30,OPTSTK,SINTEX,80.0,PE,0.0,0.0,0.0,25.05,18.35,0,0.0,0
2012-08-16,2012-08-30,OPTSTK,SINTEX,85.0,PE,0.0,0.0,0.0,29.6,23.35,0,0.0,0
2012-08-16,2012-08-30,OPTSTK,SINTEX,90.0,PE,0.0,0.0,0.0,34.3,28.3,0,0.0,0
2012-08-16,2012-08-30,OPTSTK,SINTEX,95.0,PE,0.0,0.0,0.0,39.05,33.3,0,0.0,0
2012-08-16,2012-08-30,OPTSTK,SINTEX,100.0,PE,0.0,0.0,0.0,43.85,38.3,0,0.0,0
2012-08-16,2012-08-30,OPTSTK,SINTEX,105.0,PE,0.0,0.0,0.0,48.7,43.25,0,0.0,0
2012-08-16,2012-09-27,OPTSTK,SINTEX,25.0,CE,0.0,0.0,0.0,34.1,36.7,0,0.0,0
2012-08-16,2012-09-27,OPTSTK,SINTEX,30.0,CE,0.0,0.0,0.0,29.2,31.75,0,0.0,0
2012-08-16,2012-09-27,OPTSTK,SINTEX,35.0,CE,0.0,0.0,0.0,24.35,26.8,0,0.0,0
2012-08-16,2012-09-27,OPTSTK,SINTEX,40.0,CE,0.0,0.0,0.0,19.6,21.85,0,0.0,0
2012-08-16,2012-09-27,OPTSTK,SINTEX,45.0,CE,0.0,0.0,0.0,15.05,16.9,0,0.0,0
2012-08-16,2012-09-27,OPTSTK,SINTEX,50.0,CE,0.0,0.0,0.0,11.0,12.15,0,0.0,0
2012-08-16,2012-09-27,OPTSTK,SINTEX,55.0,CE,0.0,0.0,0.0,7.65,7.9,0,0.0,0
2012-08-16,2012-09-27,OPTSTK,SINTEX,60.0,CE,0.0,0.0,0.0,4.85,4.6,0,0.0,4000
2012-08-16,2012-09-27,OPTSTK,SINTEX,65.0,CE,0.0,0.0,0.0,3.15,2.35,0,0.0,0
2012-08-16,2012-09-27,OPTSTK,SINTEX,70.0,CE,0.0,0.0,0.0,1.95,1.05,0,0.0,0
2012-08-16,2012-09-27,OPTSTK,SINTEX,75.0,CE,0.0,0.0,0.0,1.15,0.45,0,0.0,0
2012-08-16,2012-09-27,OPTSTK,SINTEX,80.0,CE,0.0,0.0,0.0,0.65,0.15,0,0.0,0
2012-08-16,2012-09-27,OPTSTK,SINTEX,85.0,CE,0.0,0.0,0.0,0.35,0.05,0,0.0,0
2012-08-16,2012-09-27,OPTSTK,SINTEX,90.0,CE,0.0,0.0,0.0,0.2,0.05,0,0.0,0
2012-08-16,2012-09-27,OPTSTK,SINTEX,95.0,CE,0.0,0.0,0.0,0.1,0.0,0,0.0,0
2012-08-16,2012-09-27,OPTSTK,SINTEX,100.0,CE,0.0,0.0,0.0,0.05,0.0,0,0.0,0
2012-08-16,2012-09-27,OPTSTK,SINTEX,105.0,CE,0.0,0.0,0.0,0.05,0.0,0,0.0,0
2012-08-16,2012-09-27,OPTSTK,SINTEX,25.0,PE,0.0,0.0,0.0,0.05,0.0,0,0.0,0
2012-08-16,2012-09-27,OPTSTK,SINTEX,30.0,PE,0.0,0.0,0.0,0.05,0.0,0,0.0,0
2012-08-16,2012-09-27,OPTSTK,SINTEX,35.0,PE,0.0,0.0,0.0,0.05,0.0,0,0.0,0
2012-08-16,2012-09-27,OPTSTK,SINTEX,40.0,PE,0.0,0.0,0.0,0.15,0.0,0,0.0,0
2012-08-16,2012-09-27,OPTSTK,SINTEX,45.0,PE,0.0,0.0,0.0,0.5,0.05,0,0.0,0
2012-08-16,2012-09-27,OPTSTK,SINTEX,50.0,PE,0.0,0.0,0.0,1.35,0.25,0,0.0,0
2012-08-16,2012-09-27,OPTSTK,SINTEX,55.0,PE,0.0,0.0,0.0,2.85,0.95,0,0.0,0
2012-08-16,2012-09-27,OPTSTK,SINTEX,60.0,PE,0.0,0.0,0.0,5.15,2.55,0,0.0,0
2012-08-16,2012-09-27,OPTSTK,SINTEX,65.0,PE,0.0,0.0,0.0,8.15,5.25,0,0.0,0
2012-08-16,2012-09-27,OPTSTK,SINTEX,70.0,PE,0.0,0.0,0.0,11.8,8.95,0,0.0,0
2012-08-16,2012-09-27,OPTSTK,SINTEX,75.0,PE,0.0,0.0,0.0,15.9,13.25,0,0.0,0
2012-08-16,2012-09-27,OPTSTK,SINTEX,80.0,PE,0.0,0.0,0.0,20.3,17.95,0,0.0,0
2012-08-16,2012-09-27,OPTSTK,SINTEX,85.0,PE,0.0,0.0,0.0,24.9,22.8,0,0.0,0
2012-08-16,2012-09-27,OPTSTK,SINTEX,90.0,PE,0.0,0.0,0.0,29.6,27.7,0,0.0,0
2012-08-16,2012-09-27,OPTSTK,SINTEX,95.0,PE,0.0,0.0,0.0,34.4,32.65,0,0.0,0
2012-08-16,2012-09-27,OPTSTK,SINTEX,100.0,PE,0.0,0.0,0.0,39.25,37.6,0,0.0,0
2012-08-16,2012-09-27,OPTSTK,SINTEX,105.0,PE,0.0,0.0,0.0,44.1,42.55,0,0.0,0
2012-08-16,2012-10-25,OPTSTK,SINTEX,25.0,CE,0.0,0.0,0.0,33.55,36.85,0,0.0,0
2012-08-16,2012-10-25,OPTSTK,SINTEX,30.0,CE,0.0,0.0,0.0,28.65,31.95,0,0.0,0
2012-08-16,2012-10-25,OPTSTK,SINTEX,35.0,CE,0.0,0.0,0.0,23.85,27.0,0,0.0,0
2012-08-16,2012-10-25,OPTSTK,SINTEX,40.0,CE,0.0,0.0,0.0,19.15,22.15,0,0.0,0
2012-08-16,2012-10-25,OPTSTK,SINTEX,45.0,CE,0.0,0.0,0.0,14.8,17.35,0,0.0,0
2012-08-16,2012-10-25,OPTSTK,SINTEX,50.0,CE,0.0,0.0,0.0,10.95,12.85,0,0.0,0
2012-08-16,2012-10-25,OPTSTK,SINTEX,55.0,CE,0.0,0.0,0.0,7.8,8.9,0,0.0,0
2012-08-16,2012-10-25,OPTSTK,SINTEX,60.0,CE,0.0,0.0,0.0,5.35,5.8,0,0.0,0
2012-08-16,2012-10-25,OPTSTK,SINTEX,65.0,CE,0.0,0.0,0.0,3.55,3.5,0,0.0,0
2012-08-16,2012-10-25,OPTSTK,SINTEX,70.0,CE,0.0,0.0,0.0,2.3,2.0,0,0.0,0
2012-08-16,2012-10-25,OPTSTK,SINTEX,75.0,CE,0.0,0.0,0.0,1.45,1.1,0,0.0,0
2012-08-16,2012-10-25,OPTSTK,SINTEX,80.0,CE,0.0,0.0,0.0,0.9,0.55,0,0.0,0
2012-08-16,2012-10-25,OPTSTK,SINTEX,85.0,CE,0.0,0.0,0.0,0.55,0.3,0,0.0,0
2012-08-16,2012-10-25,OPTSTK,SINTEX,90.0,CE,0.0,0.0,0.0,0.35,0.15,0,0.0,0
2012-08-16,2012-10-25,OPTSTK,SINTEX,95.0,CE,0.0,0.0,0.0,0.2,0.1,0,0.0,0
2012-08-16,2012-10-25,OPTSTK,SINTEX,100.0,CE,0.0,0.0,0.0,0.15,0.05,0,0.0,0
2012-08-16,2012-10-25,OPTSTK,SINTEX,105.0,CE,0.0,0.0,0.0,0.1,0.05,0,0.0,0
2012-08-16,2012-10-25,OPTSTK,SINTEX,25.0,PE,0.0,0.0,0.0,0.05,0.0,0,0.0,0
2012-08-16,2012-10-25,OPTSTK,SINTEX,30.0,PE,0.0,0.0,0.0,0.05,0.0,0,0.0,0
2012-08-16,2012-10-25,OPTSTK,SINTEX,35.0,PE,0.0,0.0,0.0,0.1,0.0,0,0.0,0
2012-08-16,2012-10-25,OPTSTK,SINTEX,40.0,PE,0.0,0.0,0.0,0.3,0.05,0,0.0,0
2012-08-16,2012-10-25,OPTSTK,SINTEX,45.0,PE,0.0,0.0,0.0,0.8,0.15,0,0.0,0
2012-08-16,2012-10-25,OPTSTK,SINTEX,50.0,PE,0.0,0.0,0.0,1.9,0.6,0,0.0,0
2012-08-16,2012-10-25,OPTSTK,SINTEX,55.0,PE,0.0,0.0,0.0,3.6,1.6,0,0.0,0
2012-08-16,2012-10-25,OPTSTK,SINTEX,60.0,PE,0.0,0.0,0.0,6.05,3.35,0,0.0,0
2012-08-16,2012-10-25,OPTSTK,SINTEX,65.0,PE,0.0,0.0,0.0,9.15,6.0,0,0.0,0
2012-08-16,2012-10-25,OPTSTK,SINTEX,70.0,PE,0.0,0.0,0.0,12.75,9.4,0,0.0,0
2012-08-16,2012-10-25,OPTSTK,SINTEX,75.0,PE,0.0,0.0,0.0,16.8,13.4,0,0.0,0
2012-08-16,2012-10-25,OPTSTK,SINTEX,80.0,PE,0.0,0.0,0.0,21.15,17.8,0,0.0,0
2012-08-16,2012-10-25,OPTSTK,SINTEX,85.0,PE,0.0,0.0,0.0,25.65,22.45,0,0.0,0
2012-08-16,2012-10-25,OPTSTK,SINTEX,90.0,PE,0.0,0.0,0.0,30.35,27.2,0,0.0,0
2012-08-16,2012-10-25,OPTSTK,SINTEX,95.0,PE,0.0,0.0,0.0,35.1,32.05,0,0.0,0
2012-08-16,2012-10-25,OPTSTK,SINTEX,100.0,PE,0.0,0.0,0.0,39.9,36.95,0,0.0,0
2012-08-16,2012-10-25,OPTSTK,SINTEX,105.0,PE,0.0,0.0,0.0,44.75,41.85,0,0.0,0
2012-08-16,2012-08-30,OPTSTK,SKUMARSYNF,10.0,CE,0.0,0.0,0.0,23.55,12.8,0,0.0,0
2012-08-16,2012-08-30,OPTSTK,SKUMARSYNF,12.5,CE,0.0,0.0,0.0,21.15,10.3,0,0.0,0
2012-08-16,2012-08-30,OPTSTK,SKUMARSYNF,15.0,CE,0.0,0.0,0.0,18.7,7.8,0,0.0,0
2012-08-16,2012-08-30,OPTSTK,SKUMARSYNF,17.5,CE,0.0,0.0,0.0,16.35,5.35,0,0.0,0
2012-08-16,2012-08-30,OPTSTK,SKUMARSYNF,20.0,CE,0.0,0.0,0.0,14.05,3.0,0,0.0,0
2012-08-16,2012-08-30,OPTSTK,SKUMARSYNF,22.5,CE,0.0,0.0,0.0,1.25,1.25,0,0.0,16000
2012-08-16,2012-08-30,OPTSTK,SKUMARSYNF,25.0,CE,0.4,0.4,0.35,0.4,0.4,11,22.32,328000
2012-08-16,2012-08-30,OPTSTK,SKUMARSYNF,27.5,CE,0.0,0.0,0.0,0.15,0.1,0,0.0,8000
2012-08-16,2012-08-30,OPTSTK,SKUMARSYNF,30.0,CE,0.0,0.0,0.0,0.1,0.05,0,0.0,8000
2012-08-16,2012-08-30,OPTSTK,SKUMARSYNF,32.5,CE,0.0,0.0,0.0,5.35,0.0,0,0.0,0
2012-08-16,2012-08-30,OPTSTK,SKUMARSYNF,35.0,CE,0.0,0.0,0.0,4.3,0.0,0,0.0,0
2012-08-16,2012-08-30,OPTSTK,SKUMARSYNF,37.5,CE,0.0,0.0,0.0,3.4,0.0,0,0.0,0
2012-08-16,2012-08-30,OPTSTK,SKUMARSYNF,40.0,CE,0.0,0.0,0.0,2.7,0.0,0,0.0,0
2012-08-16,2012-08-30,OPTSTK,SKUMARSYNF,42.5,CE,0.0,0.0,0.0,2.1,0.0,0,0.0,0
2012-08-16,2012-08-30,OPTSTK,SKUMARSYNF,45.0,CE,0.0,0.0,0.0,1.65,0.0,0,0.0,0
2012-08-16,2012-08-30,OPTSTK,SKUMARSYNF,47.5,CE,0.0,0.0,0.0,1.3,0.0,0,0.0,0
2012-08-16,2012-08-30,OPTSTK,SKUMARSYNF,50.0,CE,0.0,0.0,0.0,1.0,0.0,0,0.0,0
2012-08-16,2012-08-30,OPTSTK,SKUMARSYNF,52.5,CE,0.0,0.0,0.0,0.8,0.0,0,0.0,0
2012-08-16,2012-08-30,OPTSTK,SKUMARSYNF,10.0,PE,0.0,0.0,0.0,0.05,0.0,0,0.0,0
2012-08-16,2012-08-30,OPTSTK,SKUMARSYNF,12.5,PE,0.0,0.0,0.0,0.05,0.0,0,0.0,0
2012-08-16,2012-08-30,OPTSTK,SKUMARSYNF,15.0,PE,0.0,0.0,0.0,0.05,0.0,0,0.0,0
2012-08-16,2012-08-30,OPTSTK,SKUMARSYNF,17.5,PE,0.0,0.0,0.0,0.1,0.05,0,0.0,0
2012-08-16,2012-08-30,OPTSTK,SKUMARSYNF,20.0,PE,0.0,0.0,0.0,0.15,0.2,0,0.0,0
2012-08-16,2012-08-30,OPTSTK,SKUMARSYNF,22.5,PE,0.0,0.0,0.0,0.65,0.9,0,0.0,0
2012-08-16,2012-08-30,OPTSTK,SKUMARSYNF,25.0,PE,0.0,0.0,0.0,1.2,2.55,0,0.0,8000
2012-08-16,2012-08-30,OPTSTK,SKUMARSYNF,27.5,PE,0.0,0.0,0.0,1.75,4.75,0,0.0,0
2012-08-16,2012-08-30,OPTSTK,SKUMARSYNF,30.0,PE,0.0,0.0,0.0,1.9,7.2,0,0.0,96000
2012-08-16,2012-08-30,OPTSTK,SKUMARSYNF,32.5,PE,0.0,0.0,0.0,3.8,9.65,0,0.0,0
2012-08-16,2012-08-30,OPTSTK,SKUMARSYNF,35.0,PE,0.0,0.0,0.0,5.15,12.15,0,0.0,0
2012-08-16,2012-08-30,OPTSTK,SKUMARSYNF,37.5,PE,0.0,0.0,0.0,6.7,14.65,0,0.0,0
2012-08-16,2012-08-30,OPTSTK,SKUMARSYNF,40.0,PE,0.0,0.0,0.0,8.4,17.15,0,0.0,0
2012-08-16,2012-08-30,OPTSTK,SKUMARSYNF,42.5,PE,0.0,0.0,0.0,10.3,19.65,0,0.0,0
2012-08-16,2012-08-30,OPTSTK,SKUMARSYNF,45.0,PE,0.0,0.0,0.0,12.25,22.1,0,0.0,0
2012-08-16,2012-08-30,OPTSTK,SKUMARSYNF,47.5,PE,0.0,0.0,0.0,14.35,24.6,0,0.0,0
2012-08-16,2012-08-30,OPTSTK,SKUMARSYNF,50.0,PE,0.0,0.0,0.0,16.5,27.1,0,0.0,0
2012-08-16,2012-08-30,OPTSTK,SKUMARSYNF,52.5,PE,0.0,0.0,0.0,18.7,29.6,0,0.0,0
2012-08-16,2012-09-27,OPTSTK,SKUMARSYNF,10.0,CE,0.0,0.0,0.0,23.95,12.85,0,0.0,0
2012-08-16,2012-09-27,OPTSTK,SKUMARSYNF,12.5,CE,0.0,0.0,0.0,21.5,10.4,0,0.0,0
2012-08-16,2012-09-27,OPTSTK,SKUMARSYNF,15.0,CE,0.0,0.0,0.0,19.05,7.95,0,0.0,0
2012-08-16,2012-09-27,OPTSTK,SKUMARSYNF,17.5,CE,0.0,0.0,0.0,16.65,5.6,0,0.0,0
2012-08-16,2012-09-27,OPTSTK,SKUMARSYNF,20.0,CE,0.0,0.0,0.0,14.25,3.6,0,0.0,0
2012-08-16,2012-09-27,OPTSTK,SKUMARSYNF,22.5,CE,0.0,0.0,0.0,12.0,2.05,0,0.0,0
2012-08-16,2012-09-27,OPTSTK,SKUMARSYNF,25.0,CE,0.0,0.0,0.0,9.85,1.1,0,0.0,0
2012-08-16,2012-09-27,OPTSTK,SKUMARSYNF,27.5,CE,0.0,0.0,0.0,7.9,0.55,0,0.0,0
2012-08-16,2012-09-27,OPTSTK,SKUMARSYNF,30.0,CE,0.0,0.0,0.0,6.2,0.25,0,0.0,0
2012-08-16,2012-09-27,OPTSTK,SKUMARSYNF,32.5,CE,0.0,0.0,0.0,4.8,0.1,0,0.0,0
2012-08-16,2012-09-27,OPTSTK,SKUMARSYNF,35.0,CE,0.0,0.0,0.0,3.65,0.05,0,0.0,0
2012-08-16,2012-09-27,OPTSTK,SKUMARSYNF,37.5,CE,0.0,0.0,0.0,2.75,0.05,0,0.0,0
2012-08-16,2012-09-27,OPTSTK,SKUMARSYNF,40.0,CE,0.0,0.0,0.0,2.0,0.05,0,0.0,0
2012-08-16,2012-09-27,OPTSTK,SKUMARSYNF,42.5,CE,0.0,0.0,0.0,1.5,0.0,0,0.0,0
2012-08-16,2012-09-27,OPTSTK,SKUMARSYNF,45.0,CE,0.0,0.0,0.0,1.05,0.0,0,0.0,0
2012-08-16,2012-09-27,OPTSTK,SKUMARSYNF,47.5,CE,0.0,0.0,0.0,0.75,0.0,0,0.0,0
2012-08-16,2012-09-27,OPTSTK,SKUMARSYNF,50.0,CE,0.0,0.0,0.0,0.55,0.0,0,0.0,0
2012-08-16,2012-09-27,OPTSTK,SKUMARSYNF,52.5,CE,0.0,0.0,0.0,0.4,0.0,0,0.0,0
2012-08-16,2012-09-27,OPTSTK,SKUMARSYNF,10.0,PE,0.0,0.0,0.0,0.05,0.0,0,0.0,0
2012-08-16,2012-09-27,OPTSTK,SKUMARSYNF,12.5,PE,0.0,0.0,0.0,0.05,0.0,0,0.0,0
2012-08-16,2012-09-27,OPTSTK,SKUMARSYNF,15.0,PE,0.0,0.0,0.0,0.05,0.05,0,0.0,0
2012-08-16,2012-09-27,OPTSTK,SKUMARSYNF,17.5,PE,0.0,0.0,0.0,0.05,0.2,0,0.0,0
2012-08-16,2012-09-27,OPTSTK,SKUMARSYNF,20.0,PE,0.0,0.0,0.0,0.1,0.65,0,0.0,0
2012-08-16,2012-09-27,OPTSTK,SKUMARSYNF,22.5,PE,0.0,0.0,0.0,0.25,1.6,0,0.0,0
2012-08-16,2012-09-27,OPTSTK,SKUMARSYNF,25.0,PE,0.0,0.0,0.0,0.55,3.1,0,0.0,0
2012-08-16,2012-09-27,OPTSTK,SKUMARSYNF,27.5,PE,0.0,0.0,0.0,1.05,5.0,0,0.0,0
2012-08-16,2012-09-27,OPTSTK,SKUMARSYNF,30.0,PE,0.0,0.0,0.0,1.85,7.2,0,0.0,0
2012-08-16,2012-09-27,OPTSTK,SKUMARSYNF,32.5,PE,0.0,0.0,0.0,2.85,9.55,0,0.0,0
2012-08-16,2012-09-27,OPTSTK,SKUMARSYNF,35.0,PE,0.0,0.0,0.0,4.15,11.95,0,0.0,0
2012-08-16,2012-09-27,OPTSTK,SKUMARSYNF,37.5,PE,0.0,0.0,0.0,5.65,14.4,0,0.0,0
2012-08-16,2012-09-27,OPTSTK,SKUMARSYNF,40.0,PE,0.0,0.0,0.0,7.4,16.85,0,0.0,0
2012-08-16,2012-09-27,OPTSTK,SKUMARSYNF,42.5,PE,0.0,0.0,0.0,9.3,19.35,0,0.0,0
2012-08-16,2012-09-27,OPTSTK,SKUMARSYNF,45.0,PE,0.0,0.0,0.0,11.3,21.8,0,0.0,0
2012-08-16,2012-09-27,OPTSTK,SKUMARSYNF,47.5,PE,0.0,0.0,0.0,13.45,24.3,0,0.0,0
2012-08-16,2012-09-27,OPTSTK,SKUMARSYNF,50.0,PE,0.0,0.0,0.0,15.7,26.75,0,0.0,0
2012-08-16,2012-09-27,OPTSTK,SKUMARSYNF,52.5,PE,0.0,0.0,0.0,18.0,29.25,0,0.0,0
2012-08-16,2012-08-30,OPTSTK,SOBHA,140.0,CE,0.0,0.0,0.0,162.65,206.9,0,0.0,0
2012-08-16,2012-08-30,OPTSTK,SOBHA,160.0,CE,0.0,0.0,0.0,143.15,186.95,0,0.0,0
2012-08-16,2012-08-30,OPTSTK,SOBHA,180.0,CE,0.0,0.0,0.0,123.65,167.0,0,0.0,0
2012-08-16,2012-08-30,OPTSTK,SOBHA,200.0,CE,0.0,0.0,0.0,104.3,147.1,0,0.0,0
2012-08-16,2012-08-30,OPTSTK,SOBHA,220.0,CE,0.0,0.0,0.0,85.35,127.15,0,0.0,0
2012-08-16,2012-08-30,OPTSTK,SOBHA,240.0,CE,0.0,0.0,0.0,67.45,107.2,0,0.0,0
2012-08-16,2012-08-30,OPTSTK,SOBHA,260.0,CE,0.0,0.0,0.0,51.15,87.3,0,0.0,0
2012-08-16,2012-08-30,OPTSTK,SOBHA,280.0,CE,0.0,0.0,0.0,37.2,67.4,0,0.0,0
2012-08-16,2012-08-30,OPTSTK,SOBHA,300.0,CE,0.0,0.0,0.0,25.9,47.9,0,0.0,0
2012-08-16,2012-08-30,OPTSTK,SOBHA,320.0,CE,0.0,0.0,0.0,17.3,30.05,0,0.0,0
2012-08-16,2012-08-30,OPTSTK,SOBHA,340.0,CE,0.0,0.0,0.0,11.15,15.9,0,0.0,0
2012-08-16,2012-08-30,OPTSTK,SOBHA,360.0,CE,0.0,0.0,0.0,6.95,6.9,0,0.0,0
2012-08-16,2012-08-30,OPTSTK,SOBHA,380.0,CE,0.0,0.0,0.0,4.2,2.4,0,0.0,0
2012-08-16,2012-08-30,OPTSTK,SOBHA,400.0,CE,0.0,0.0,0.0,2.45,0.7,0,0.0,0
2012-08-16,2012-08-30,OPTSTK,SOBHA,420.0,CE,0.0,0.0,0.0,1.4,0.2,0,0.0,0
2012-08-16,2012-08-30,OPTSTK,SOBHA,440.0,CE,0.0,0.0,0.0,0.8,0.05,0,0.0,0
2012-08-16,2012-08-30,OPTSTK,SOBHA,460.0,CE,0.0,0.0,0.0,0.45,0.0,0,0.0,0
2012-08-16,2012-08-30,OPTSTK,SOBHA,140.0,PE,0.0,0.0,0.0,0.05,0.0,0,0.0,0
2012-08-16,2012-08-30,OPTSTK,SOBHA,160.0,PE,0.0,0.0,0.0,0.05,0.0,0,0.0,0
2012-08-16,2012-08-30,OPTSTK,SOBHA,180.0,PE,0.0,0.0,0.0,0.05,0.0,0,0.0,0
2012-08-16,2012-08-30,OPTSTK,SOBHA,200.0,PE,0.0,0.0,0.0,0.2,0.0,0,0.0,0
2012-08-16,2012-08-30,OPTSTK,SOBHA,220.0,PE,0.0,0.0,0.0,0.8,0.0,0,0.0,0
2012-08-16,2012-08-30,OPTSTK,SOBHA,240.0,PE,0.0,0.0,0.0,2.4,0.0,0,0.0,0
2012-08-16,2012-08-30,OPTSTK,SOBHA,260.0,PE,0.0,0.0,0.0,5.65,0.0,0,0.0,0
2012-08-16,2012-08-30,OPTSTK,SOBHA,280.0,PE,0.0,0.0,0.0,11.2,0.05,0,0.0,0
2012-08-16,2012-08-30,OPTSTK,SOBHA,300.0,PE,0.0,0.0,0.0,19.45,0.5,0,0.0,0
2012-08-16,2012-08-30,OPTSTK,SOBHA,320.0,PE,0.0,0.0,0.0,30.35,2.55,0,0.0,0
2012-08-16,2012-08-30,OPTSTK,SOBHA,340.0,PE,0.0,0.0,0.0,43.7,8.35,0,0.0,0
2012-08-16,2012-08-30,OPTSTK,SOBHA,360.0,PE,0.0,0.0,0.0,59.0,19.25,0,0.0,0
2012-08-16,2012-08-30,OPTSTK,SOBHA,380.0,PE,0.0,0.0,0.0,75.75,34.75,0,0.0,0
2012-08-16,2012-08-30,OPTSTK,SOBHA,400.0,PE,0.0,0.0,0.0,93.55,52.95,0,0.0,0
2012-08-16,2012-08-30,OPTSTK,SOBHA,420.0,PE,0.0,0.0,0.0,112.05,72.35,0,0.0,0
2012-08-16,2012-08-30,OPTSTK,SOBHA,440.0,PE,0.0,0.0,0.0,130.95,92.2,0,0.0,0
2012-08-16,2012-08-30,OPTSTK,SOBHA,460.0,PE,0.0,0.0,0.0,150.1,112.1,0,0.0,0
2012-08-16,2012-09-27,OPTSTK,SOBHA,140.0,CE,0.0,0.0,0.0,198.4,207.85,0,0.0,0
2012-08-16,2012-09-27,OPTSTK,SOBHA,160.0,CE,0.0,0.0,0.0,178.85,188.05,0,0.0,0
2012-08-16,2012-09-27,OPTSTK,SOBHA,180.0,CE,0.0,0.0,0.0,159.35,168.3,0,0.0,0
2012-08-16,2012-09-27,OPTSTK,SOBHA,200.0,CE,0.0,0.0,0.0,139.95,148.5,0,0.0,0
2012-08-16,2012-09-27,OPTSTK,SOBHA,220.0,CE,0.0,0.0,0.0,120.8,128.7,0,0.0,0
2012-08-16,2012-09-27,OPTSTK,SOBHA,240.0,CE,0.0,0.0,0.0,102.3,109.0,0,0.0,0
2012-08-16,2012-09-27,OPTSTK,SOBHA,260.0,CE,0.0,0.0,0.0,84.75,89.5,0,0.0,0
2012-08-16,2012-09-27,OPTSTK,SOBHA,280.0,CE,0.0,0.0,0.0,68.6,70.65,0,0.0,0
2012-08-16,2012-09-27,OPTSTK,SOBHA,300.0,CE,0.0,0.0,0.0,54.25,53.2,0,0.0,0
2012-08-16,2012-09-27,OPTSTK,SOBHA,320.0,CE,0.0,0.0,0.0,41.95,38.0,0,0.0,0
2012-08-16,2012-09-27,OPTSTK,SOBHA,340.0,CE,0.0,0.0,0.0,31.7,25.55,0,0.0,0
2012-08-16,2012-09-27,OPTSTK,SOBHA,360.0,CE,0.0,0.0,0.0,23.5,16.25,0,0.0,0
2012-08-16,2012-09-27,OPTSTK,SOBHA,380.0,CE,0.0,0.0,0.0,17.1,9.75,0,0.0,0
2012-08-16,2012-09-27,OPTSTK,SOBHA,400.0,CE,0.0,0.0,0.0,12.25,5.55,0,0.0,0
2012-08-16,2012-09-27,OPTSTK,SOBHA,420.0,CE,0.0,0.0,0.0,8.6,3.0,0,0.0,0
2012-08-16,2012-09-27,OPTSTK,SOBHA,440.0,CE,0.0,0.0,0.0,6.0,1.55,0,0.0,0
2012-08-16,2012-09-27,OPTSTK,SOBHA,460.0,CE,0.0,0.0,0.0,4.1,0.8,0,0.0,0
2012-08-16,2012-09-27,OPTSTK,SOBHA,140.0,PE,0.0,0.0,0.0,0.05,0.0,0,0.0,0
2012-08-16,2012-09-27,OPTSTK,SOBHA,160.0,PE,0.0,0.0,0.0,0.05,0.0,0,0.0,0
2012-08-16,2012-09-27,OPTSTK,SOBHA,180.0,PE,0.0,0.0,0.0,0.05,0.0,0,0.0,0
2012-08-16,2012-09-27,OPTSTK,SOBHA,200.0,PE,0.0,0.0,0.0,0.2,0.0,0,0.0,0
2012-08-16,2012-09-27,OPTSTK,SOBHA,220.0,PE,0.0,0.0,0.0,0.6,0.05,0,0.0,0
2012-08-16,2012-09-27,OPTSTK,SOBHA,240.0,PE,0.0,0.0,0.0,1.6,0.1,0,0.0,0
2012-08-16,2012-09-27,OPTSTK,SOBHA,260.0,PE,0.0,0.0,0.0,3.6,0.4,0,0.0,0
2012-08-16,2012-09-27,OPTSTK,SOBHA,280.0,PE,0.0,0.0,0.0,7.0,1.35,0,0.0,0
2012-08-16,2012-09-27,OPTSTK,SOBHA,300.0,PE,0.0,0.0,0.0,12.2,3.7,0,0.0,0
2012-08-16,2012-09-27,OPTSTK,SOBHA,320.0,PE,0.0,0.0,0.0,19.4,8.25,0,0.0,0
2012-08-16,2012-09-27,OPTSTK,SOBHA,340.0,PE,0.0,0.0,0.0,28.7,15.65,0,0.0,0
2012-08-16,2012-09-27,OPTSTK,SOBHA,360.0,PE,0.0,0.0,0.0,40.05,26.15,0,0.0,0
2012-08-16,2012-09-27,OPTSTK,SOBHA,380.0,PE,0.0,0.0,0.0,53.15,39.4,0,0.0,0
2012-08-16,2012-09-27,OPTSTK,SOBHA,400.0,PE,0.0,0.0,0.0,67.85,55.0,0,0.0,0
2012-08-16,2012-09-27,OPTSTK,SOBHA,420.0,PE,0.0,0.0,0.0,83.75,72.25,0,0.0,0
2012-08-16,2012-09-27,OPTSTK,SOBHA,440.0,PE,0.0,0.0,0.0,100.65,90.6,0,0.0,0
2012-08-16,2012-09-27,OPTSTK,SOBHA,460.0,PE,0.0,0.0,0.0,118.3,109.65,0,0.0,0
2012-08-16,2012-08-30,OPTSTK,SOUTHBANK,7.5,CE,0.0,0.0,0.0,16.9,15.45,0,0.0,0
2012-08-16,2012-08-30,OPTSTK,SOUTHBANK,10.0,CE,0.0,0.0,0.0,14.45,12.95,0,0.0,0
2012-08-16,2012-08-30,OPTSTK,SOUTHBANK,12.5,CE,0.0,0.0,0.0,12.0,10.45,0,0.0,0
2012-08-16,2012-08-30,OPTSTK,SOUTHBANK,15.0,CE,0.0,0.0,0.0,9.6,7.95,0,0.0,0
2012-08-16,2012-08-30,OPTSTK,SOUTHBANK,17.5,CE,0.0,0.0,0.0,7.3,5.5,0,0.0,0
2012-08-16,2012-08-30,OPTSTK,SOUTHBANK,20.0,CE,0.0,0.0,0.0,5.2,3.0,0,0.0,0
2012-08-16,2012-08-30,OPTSTK,SOUTHBANK,22.5,CE,0.0,0.0,0.0,1.45,0.75,0,0.0,0
2012-08-16,2012-08-30,OPTSTK,SOUTHBANK,25.0,CE,0.0,0.0,0.0,0.3,0.05,0,0.0,120000
2012-08-16,2012-08-30,OPTSTK,SOUTHBANK,27.5,CE,0.0,0.0,0.0,0.3,0.0,0,0.0,8000
2012-08-16,2012-08-30,OPTSTK,SOUTHBANK,30.0,CE,0.0,0.0,0.0,0.8,0.0,0,0.0,0
2012-08-16,2012-08-30,OPTSTK,SOUTHBANK,32.5,CE,0.0,0.0,0.0,0.45,0.0,0,0.0,0
2012-08-16,2012-08-30,OPTSTK,SOUTHBANK,35.0,CE,0.0,0.0,0.0,0.25,0.0,0,0.0,0
2012-08-16,2012-08-30,OPTSTK,SOUTHBANK,37.5,CE,0.0,0.0,0.0,0.15,0.0,0,0.0,0
2012-08-16,2012-08-30,OPTSTK,SOUTHBANK,40.0,CE,0.0,0.0,0.0,0.1,0.0,0,0.0,0
2012-08-16,2012-08-30,OPTSTK,SOUTHBANK,7.5,PE,0.0,0.0,0.0,0.05,0.0,0,0.0,0
2012-08-16,2012-08-30,OPTSTK,SOUTHBANK,10.0,PE,0.0,0.0,0.0,0.05,0.0,0,0.0,0
2012-08-16,2012-08-30,OPTSTK,SOUTHBANK,12.5,PE,0.0,0.0,0.0,0.05,0.0,0,0.0,0
2012-08-16,2012-08-30,OPTSTK,SOUTHBANK,15.0,PE,0.0,0.0,0.0,0.05,0.0,0,0.0,0
2012-08-16,2012-08-30,OPTSTK,SOUTHBANK,17.5,PE,0.0,0.0,0.0,0.2,0.0,0,0.0,0
2012-08-16,2012-08-30,OPTSTK,SOUTHBANK,20.0,PE,0.0,0.0,0.0,0.55,0.0,0,0.0,0
2012-08-16,2012-08-30,OPTSTK,SOUTHBANK,22.5,PE,0.0,0.0,0.0,0.7,0.3,0,0.0,16000
2012-08-16,2012-08-30,OPTSTK,SOUTHBANK,25.0,PE,0.0,0.0,0.0,2.45,2.05,0,0.0,0
2012-08-16,2012-08-30,OPTSTK,SOUTHBANK,27.5,PE,0.0,0.0,0.0,4.0,4.55,0,0.0,0
2012-08-16,2012-08-30,OPTSTK,SOUTHBANK,30.0,PE,0.0,0.0,0.0,5.85,7.0,0,0.0,0
2012-08-16,2012-08-30,OPTSTK,SOUTHBANK,32.5,PE,0.0,0.0,0.0,7.95,9.5,0,0.0,0
2012-08-16,2012-08-30,OPTSTK,SOUTHBANK,35.0,PE,0.0,0.0,0.0,10.2,12.0,0,0.0,0
2012-08-16,2012-08-30,OPTSTK,SOUTHBANK,37.5,PE,0.0,0.0,0.0,12.55,14.5,0,0.0,0
2012-08-16,2012-08-30,OPTSTK,SOUTHBANK,40.0,PE,0.0,0.0,0.0,14.9,17.0,0,0.0,0
2012-08-16,2012-09-27,OPTSTK,SOUTHBANK,7.5,CE,0.0,0.0,0.0,16.3,15.5,0,0.0,0
2012-08-16,2012-09-27,OPTSTK,SOUTHBANK,10.0,CE,0.0,0.0,0.0,13.85,13.0,0,0.0,0
2012-08-16,2012-09-27,OPTSTK,SOUTHBANK,12.5,CE,0.0,0.0,0.0,11.4,10.55,0,0.0,0
2012-08-16,2012-09-27,OPTSTK,SOUTHBANK,15.0,CE,0.0,0.0,0.0,8.95,8.1,0,0.0,0
2012-08-16,2012-09-27,OPTSTK,SOUTHBANK,17.5,CE,0.0,0.0,0.0,6.55,5.6,0,0.0,0
2012-08-16,2012-09-27,OPTSTK,SOUTHBANK,20.0,CE,0.0,0.0,0.0,4.25,3.15,0,0.0,0
2012-08-16,2012-09-27,OPTSTK,SOUTHBANK,22.5,CE,0.0,0.0,0.0,2.4,1.2,0,0.0,0
2012-08-16,2012-09-27,OPTSTK,SOUTHBANK,25.0,CE,0.0,0.0,0.0,1.1,0.25,0,0.0,0
2012-08-16,2012-09-27,OPTSTK,SOUTHBANK,27.5,CE,0.0,0.0,0.0,0.45,0.05,0,0.0,0
2012-08-16,2012-09-27,OPTSTK,SOUTHBANK,30.0,CE,0.0,0.0,0.0,0.15,0.0,0,0.0,0
2012-08-16,2012-09-27,OPTSTK,SOUTHBANK,32.5,CE,0.0,0.0,0.0,0.05,0.0,0,0.0,0
2012-08-16,2012-09-27,OPTSTK,SOUTHBANK,35.0,CE,0.0,0.0,0.0,0.05,0.0,0,0.0,0
2012-08-16,2012-09-27,OPTSTK,SOUTHBANK,37.5,CE,0.0,0.0,0.0,0.05,0.0,0,0.0,0
2012-08-16,2012-09-27,OPTSTK,SOUTHBANK,40.0,CE,0.0,0.0,0.0,0.05,0.0,0,0.0,0
2012-08-16,2012-09-27,OPTSTK,SOUTHBANK,7.5,PE,0.0,0.0,0.0,0.05,0.0,0,0.0,0
2012-08-16,2012-09-27,OPTSTK,SOUTHBANK,10.0,PE,0.0,0.0,0.0,0.05,0.0,0,0.0,0
2012-08-16,2012-09-27,OPTSTK,SOUTHBANK,12.5,PE,0.0,0.0,0.0,0.05,0.0,0,0.0,0
2012-08-16,2012-09-27,OPTSTK,SOUTHBANK,15.0,PE,0.0,0.0,0.0,0.05,0.0,0,0.0,0
2012-08-16,2012-09-27,OPTSTK,SOUTHBANK,17.5,PE,0.0,0.0,0.0,0.05,0.0,0,0.0,0
2012-08-16,2012-09-27,OPTSTK,SOUTHBANK,20.0,PE,0.0,0.0,0.0,0.2,0.05,0,0.0,0
2012-08-16,2012-09-27,OPTSTK,SOUTHBANK,22.5,PE,0.0,0.0,0.0,0.75,0.55,0,0.0,0
2012-08-16,2012-09-27,OPTSTK,SOUTHBANK,25.0,PE,0.0,0.0,0.0,1.95,2.1,0,0.0,0
2012-08-16,2012-09-27,OPTSTK,SOUTHBANK,27.5,PE,0.0,0.0,0.0,3.7,4.35,0,0.0,0
2012-08-16,2012-09-27,OPTSTK,SOUTHBANK,30.0,PE,0.0,0.0,0.0,5.85,6.8,0,0.0,0
2012-08-16,2012-09-27,OPTSTK,SOUTHBANK,32.5,PE,0.0,0.0,0.0,8.2,9.3,0,0.0,0
2012-08-16,2012-09-27,OPTSTK,SOUTHBANK,35.0,PE,0.0,0.0,0.0,10.6,11.75,0,0.0,0
2012-08-16,2012-09-27,OPTSTK,SOUTHBANK,37.5,PE,0.0,0.0,0.0,13.05,14.25,0,0.0,0
2012-08-16,2012-09-27,OPTSTK,SOUTHBANK,40.0,PE,0.0,0.0,0.0,15.5,16.7,0,0.0,0
2012-08-16,2012-10-25,OPTSTK,SOUTHBANK,7.5,CE,0.0,0.0,0.0,15.7,15.55,0,0.0,0
2012-08-16,2012-10-25,OPTSTK,SOUTHBANK,10.0,CE,0.0,0.0,0.0,13.25,13.1,0,0.0,0
2012-08-16,2012-10-25,OPTSTK,SOUTHBANK,12.5,CE,0.0,0.0,0.0,10.8,10.65,0,0.0,0
2012-08-16,2012-10-25,OPTSTK,SOUTHBANK,15.0,CE,0.0,0.0,0.0,8.35,8.2,0,0.0,0
2012-08-16,2012-10-25,OPTSTK,SOUTHBANK,17.5,CE,0.0,0.0,0.0,5.95,5.75,0,0.0,0
2012-08-16,2012-10-25,OPTSTK,SOUTHBANK,20.0,CE,0.0,0.0,0.0,3.75,3.35,0,0.0,0
2012-08-16,2012-10-25,OPTSTK,SOUTHBANK,22.5,CE,0.0,0.0,0.0,2.05,1.5,0,0.0,0
2012-08-16,2012-10-25,OPTSTK,SOUTHBANK,25.0,CE,0.0,0.0,0.0,0.95,0.45,0,0.0,0
2012-08-16,2012-10-25,OPTSTK,SOUTHBANK,27.5,CE,0.0,0.0,0.0,0.4,0.1,0,0.0,0
2012-08-16,2012-10-25,OPTSTK,SOUTHBANK,30.0,CE,0.0,0.0,0.0,0.15,0.05,0,0.0,0
2012-08-16,2012-10-25,OPTSTK,SOUTHBANK,32.5,CE,0.0,0.0,0.0,0.05,0.0,0,0.0,0
2012-08-16,2012-10-25,OPTSTK,SOUTHBANK,35.0,CE,0.0,0.0,0.0,0.05,0.0,0,0.0,0
2012-08-16,2012-10-25,OPTSTK,SOUTHBANK,37.5,CE,0.0,0.0,0.0,0.05,0.0,0,0.0,0
2012-08-16,2012-10-25,OPTSTK,SOUTHBANK,40.0,CE,0.0,0.0,0.0,0.05,0.0,0,0.0,0
2012-08-16,2012-10-25,OPTSTK,SOUTHBANK,7.5,PE,0.0,0.0,0.0,0.05,0.0,0,0.0,0
2012-08-16,2012-10-25,OPTSTK,SOUTHBANK,10.0,PE,0.0,0.0,0.0,0.05,0.0,0,0.0,0
2012-08-16,2012-10-25,OPTSTK,SOUTHBANK,12.5,PE,0.0,0.0,0.0,0.05,0.0,0,0.0,0
2012-08-16,2012-10-25,OPTSTK,SOUTHBANK,15.0,PE,0.0,0.0,0.0,0.05,0.0,0,0.0,0
2012-08-16,2012-10-25,OPTSTK,SOUTHBANK,17.5,PE,0.0,0.0,0.0,0.05,0.0,0,0.0,0
2012-08-16,2012-10-25,OPTSTK,SOUTHBANK,20.0,PE,0.0,0.0,0.0,0.3,0.15,0,0.0,0
2012-08-16,2012-10-25,OPTSTK,SOUTHBANK,22.5,PE,0.0,0.0,0.0,1.05,0.7,0,0.0,0
2012-08-16,2012-10-25,OPTSTK,SOUTHBANK,25.0,PE,0.0,0.0,0.0,2.4,2.15,0,0.0,0
2012-08-16,2012-10-25,OPTSTK,SOUTHBANK,27.5,PE,0.0,0.0,0.0,4.25,4.25,0,0.0,0
2012-08-16,2012-10-25,OPTSTK,SOUTHBANK,30.0,PE,0.0,0.0,0.0,6.45,6.6,0,0.0,0
2012-08-16,2012-10-25,OPTSTK,SOUTHBANK,32.5,PE,0.0,0.0,0.0,8.8,9.05,0,0.0,0
2012-08-16,2012-10-25,OPTSTK,SOUTHBANK,35.0,PE,0.0,0.0,0.0,11.25,11.5,0,0.0,0
2012-08-16,2012-10-25,OPTSTK,SOUTHBANK,37.5,PE,0.0,0.0,0.0,13.65,14.0,0,0.0,0
2012-08-16,2012-10-25,OPTSTK,SOUTHBANK,40.0,PE,0.0,0.0,0.0,16.1,16.45,0,0.0,0
2012-08-16,2012-08-30,OPTSTK,SREINFRA,7.5,CE,0.0,0.0,0.0,12.2,15.2,0,0.0,0
2012-08-16,2012-08-30,OPTSTK,SREINFRA,10.0,CE,0.0,0.0,0.0,9.75,12.7,0,0.0,0
2012-08-16,2012-08-30,OPTSTK,SREINFRA,12.5,CE,0.0,0.0,0.0,7.4,10.2,0,0.0,0
2012-08-16,2012-08-30,OPTSTK,SREINFRA,15.0,CE,0.0,0.0,0.0,5.25,7.7,0,0.0,0
2012-08-16,2012-08-30,OPTSTK,SREINFRA,17.5,CE,0.0,0.0,0.0,3.5,5.25,0,0.0,0
2012-08-16,2012-08-30,OPTSTK,SREINFRA,20.0,CE,0.0,0.0,0.0,1.1,2.9,0,0.0,8000
2012-08-16,2012-08-30,OPTSTK,SREINFRA,22.5,CE,0.0,0.0,0.0,1.8,1.2,0,0.0,8000
2012-08-16,2012-08-30,OPTSTK,SREINFRA,25.0,CE,0.0,0.0,0.0,0.6,0.35,0,0.0,32000
2012-08-16,2012-08-30,OPTSTK,SREINFRA,27.5,CE,0.0,0.0,0.0,0.05,0.1,0,0.0,16000
2012-08-16,2012-08-30,OPTSTK,SREINFRA,30.0,CE,0.0,0.0,0.0,0.25,0.05,0,0.0,0
2012-08-16,2012-08-30,OPTSTK,SREINFRA,32.5,CE,0.0,0.0,0.0,0.15,0.0,0,0.0,0
2012-08-16,2012-08-30,OPTSTK,SREINFRA,35.0,CE,0.0,0.0,0.0,0.1,0.0,0,0.0,0
2012-08-16,2012-08-30,OPTSTK,SREINFRA,37.5,CE,0.0,0.0,0.0,0.05,0.0,0,0.0,0
2012-08-16,2012-08-30,OPTSTK,SREINFRA,40.0,CE,0.0,0.0,0.0,0.05,0.0,0,0.0,0
2012-08-16,2012-08-30,OPTSTK,SREINFRA,42.5,CE,0.0,0.0,0.0,0.05,0.0,0,0.0,0
2012-08-16,2012-08-30,OPTSTK,SREINFRA,45.0,CE,0.0,0.0,0.0,0.05,0.0,0,0.0,0
2012-08-16,2012-08-30,OPTSTK,SREINFRA,7.5,PE,0.0,0.0,0.0,0.05,0.0,0,0.0,0
2012-08-16,2012-08-30,OPTSTK,SREINFRA,10.0,PE,0.0,0.0,0.0,0.05,0.0,0,0.0,0
2012-08-16,2012-08-30,OPTSTK,SREINFRA,12.5,PE,0.0,0.0,0.0,0.1,0.0,0,0.0,0
2012-08-16,2012-08-30,OPTSTK,SREINFRA,15.0,PE,0.0,0.0,0.0,0.4,0.0,0,0.0,0
2012-08-16,2012-08-30,OPTSTK,SREINFRA,17.5,PE,0.0,0.0,0.0,1.1,0.05,0,0.0,0
2012-08-16,2012-08-30,OPTSTK,SREINFRA,20.0,PE,0.0,0.0,0.0,2.25,0.2,0,0.0,0
2012-08-16,2012-08-30,OPTSTK,SREINFRA,22.5,PE,0.0,0.0,0.0,3.8,0.95,0,0.0,0
2012-08-16,2012-08-30,OPTSTK,SREINFRA,25.0,PE,0.0,0.0,0.0,5.65,2.6,0,0.0,0
2012-08-16,2012-08-30,OPTSTK,SREINFRA,27.5,PE,0.0,0.0,0.0,7.8,4.85,0,0.0,0
2012-08-16,2012-08-30,OPTSTK,SREINFRA,30.0,PE,0.0,0.0,0.0,10.05,7.3,0,0.0,0
2012-08-16,2012-08-30,OPTSTK,SREINFRA,32.5,PE,0.0,0.0,0.0,12.35,9.75,0,0.0,0
2012-08-16,2012-08-30,OPTSTK,SREINFRA,35.0,PE,0.0,0.0,0.0,14.75,12.25,0,0.0,0
2012-08-16,2012-08-30,OPTSTK,SREINFRA,37.5,PE,0.0,0.0,0.0,17.15,14.75,0,0.0,0
2012-08-16,2012-08-30,OPTSTK,SREINFRA,40.0,PE,0.0,0.0,0.0,19.55,17.25,0,0.0,0
2012-08-16,2012-08-30,OPTSTK,SREINFRA,42.5,PE,0.0,0.0,0.0,22.0,19.75,0,0.0,0
2012-08-16,2012-08-30,OPTSTK,SREINFRA,45.0,PE,0.0,0.0,0.0,24.45,22.2,0,0.0,0
2012-08-16,2012-09-27,OPTSTK,SREINFRA,7.5,CE,0.0,0.0,0.0,16.05,15.25,0,0.0,0
2012-08-16,2012-09-27,OPTSTK,SREINFRA,10.0,CE,0.0,0.0,0.0,13.6,12.75,0,0.0,0
2012-08-16,2012-09-27,OPTSTK,SREINFRA,12.5,CE,0.0,0.0,0.0,11.15,10.3,0,0.0,0
2012-08-16,2012-09-27,OPTSTK,SREINFRA,15.0,CE,0.0,0.0,0.0,8.8,7.85,0,0.0,0
2012-08-16,2012-09-27,OPTSTK,SREINFRA,17.5,CE,0.0,0.0,0.0,6.6,5.55,0,0.0,0
2012-08-16,2012-09-27,OPTSTK,SREINFRA,20.0,CE,0.0,0.0,0.0,2.25,3.55,0,0.0,0
2012-08-16,2012-09-27,OPTSTK,SREINFRA,22.5,CE,0.0,0.0,0.0,3.15,2.05,0,0.0,0
2012-08-16,2012-09-27,OPTSTK,SREINFRA,25.0,CE,0.0,0.0,0.0,2.05,1.1,0,0.0,0
2012-08-16,2012-09-27,OPTSTK,SREINFRA,27.5,CE,0.0,0.0,0.0,1.25,0.55,0,0.0,0
2012-08-16,2012-09-27,OPTSTK,SREINFRA,30.0,CE,0.0,0.0,0.0,0.75,0.25,0,0.0,0
2012-08-16,2012-09-27,OPTSTK,SREINFRA,32.5,CE,0.0,0.0,0.0,0.45,0.1,0,0.0,0
2012-08-16,2012-09-27,OPTSTK,SREINFRA,35.0,CE,0.0,0.0,0.0,0.25,0.05,0,0.0,0
2012-08-16,2012-09-27,OPTSTK,SREINFRA,37.5,CE,0.0,0.0,0.0,0.15,0.05,0,0.0,0
2012-08-16,2012-09-27,OPTSTK,SREINFRA,40.0,CE,0.0,0.0,0.0,0.1,0.05,0,0.0,0
2012-08-16,2012-09-27,OPTSTK,SREINFRA,42.5,CE,0.0,0.0,0.0,0.05,0.0,0,0.0,0
2012-08-16,2012-09-27,OPTSTK,SREINFRA,45.0,CE,0.0,0.0,0.0,0.05,0.0,0,0.0,0
2012-08-16,2012-09-27,OPTSTK,SREINFRA,7.5,PE,0.0,0.0,0.0,0.05,0.0,0,0.0,0
2012-08-16,2012-09-27,OPTSTK,SREINFRA,10.0,PE,0.0,0.0,0.0,0.05,0.0,0,0.0,0
2012-08-16,2012-09-27,OPTSTK,SREINFRA,12.5,PE,0.0,0.0,0.0,0.05,0.0,0,0.0,0
2012-08-16,2012-09-27,OPTSTK,SREINFRA,15.0,PE,0.0,0.0,0.0,0.1,0.05,0,0.0,0
2012-08-16,2012-09-27,OPTSTK,SREINFRA,17.5,PE,0.0,0.0,0.0,0.35,0.2,0,0.0,0
2012-08-16,2012-09-27,OPTSTK,SREINFRA,20.0,PE,0.0,0.0,0.0,0.85,0.7,0,0.0,0
2012-08-16,2012-09-27,OPTSTK,SREINFRA,22.5,PE,0.0,0.0,0.0,1.8,1.65,0,0.0,0
2012-08-16,2012-09-27,OPTSTK,SREINFRA,25.0,PE,0.0,0.0,0.0,3.1,3.15,0,0.0,0
2012-08-16,2012-09-27,OPTSTK,SREINFRA,27.5,PE,0.0,0.0,0.0,4.8,5.1,0,0.0,0
2012-08-16,2012-09-27,OPTSTK,SREINFRA,30.0,PE,0.0,0.0,0.0,6.7,7.3,0,0.0,0
2012-08-16,2012-09-27,OPTSTK,SREINFRA,32.5,PE,0.0,0.0,0.0,8.85,9.65,0,0.0,0
2012-08-16,2012-09-27,OPTSTK,SREINFRA,35.0,PE,0.0,0.0,0.0,11.1,12.05,0,0.0,0
2012-08-16,2012-09-27,OPTSTK,SREINFRA,37.5,PE,0.0,0.0,0.0,13.45,14.5,0,0.0,0
2012-08-16,2012-09-27,OPTSTK,SREINFRA,40.0,PE,0.0,0.0,0.0,15.8,16.95,0,0.0,0
2012-08-16,2012-09-27,OPTSTK,SREINFRA,42.5,PE,0.0,0.0,0.0,18.2,19.45,0,0.0,0
2012-08-16,2012-09-27,OPTSTK,SREINFRA,45.0,PE,0.0,0.0,0.0,20.65,21.9,0,0.0,0
2012-08-16,2012-08-30,OPTSTK,SRTRANSFIN,300.0,CE,0.0,0.0,0.0,234.4,267.7,0,0.0,0
2012-08-16,2012-08-30,OPTSTK,SRTRANSFIN,320.0,CE,0.0,0.0,0.0,215.0,247.8,0,0.0,0
2012-08-16,2012-08-30,OPTSTK,SRTRANSFIN,340.0,CE,0.0,0.0,0.0,195.75,227.85,0,0.0,0
2012-08-16,2012-08-30,OPTSTK,SRTRANSFIN,360.0,CE,0.0,0.0,0.0,176.8,207.9,0,0.0,0
2012-08-16,2012-08-30,OPTSTK,SRTRANSFIN,380.0,CE,0.0,0.0,0.0,158.25,188.0,0,0.0,0
2012-08-16,2012-08-30,OPTSTK,SRTRANSFIN,400.0,CE,0.0,0.0,0.0,140.3,168.05,0,0.0,0
2012-08-16,2012-08-30,OPTSTK,SRTRANSFIN,420.0,CE,0.0,0.0,0.0,123.15,148.1,0,0.0,0
2012-08-16,2012-08-30,OPTSTK,SRTRANSFIN,440.0,CE,0.0,0.0,0.0,107.0,128.2,0,0.0,0
2012-08-16,2012-08-30,OPTSTK,SRTRANSFIN,460.0,CE,0.0,0.0,0.0,91.95,108.25,0,0.0,0
2012-08-16,2012-08-30,OPTSTK,SRTRANSFIN,480.0,CE,0.0,0.0,0.0,78.2,88.35,0,0.0,0
2012-08-16,2012-08-30,OPTSTK,SRTRANSFIN,500.0,CE,0.0,0.0,0.0,65.8,68.45,0,0.0,0
2012-08-16,2012-08-30,OPTSTK,SRTRANSFIN,520.0,CE,0.0,0.0,0.0,54.8,49.05,0,0.0,0
2012-08-16,2012-08-30,OPTSTK,SRTRANSFIN,540.0,CE,0.0,0.0,0.0,45.2,31.2,0,0.0,0
2012-08-16,2012-08-30,OPTSTK,SRTRANSFIN,560.0,CE,0.0,0.0,0.0,36.9,16.85,0,0.0,0
2012-08-16,2012-08-30,OPTSTK,SRTRANSFIN,580.0,CE,0.0,0.0,0.0,12.0,7.4,0,0.0,1500
2012-08-16,2012-08-30,OPTSTK,SRTRANSFIN,600.0,CE,0.0,0.0,0.0,24.0,2.6,0,0.0,0
2012-08-16,2012-08-30,OPTSTK,SRTRANSFIN,620.0,CE,0.0,0.0,0.0,19.15,0.75,0,0.0,0
2012-08-16,2012-08-30,OPTSTK,SRTRANSFIN,640.0,CE,0.0,0.0,0.0,15.1,0.2,0,0.0,0
2012-08-16,2012-08-30,OPTSTK,SRTRANSFIN,660.0,CE,0.0,0.0,0.0,11.85,0.05,0,0.0,0
2012-08-16,2012-08-30,OPTSTK,SRTRANSFIN,680.0,CE,0.0,0.0,0.0,9.25,0.0,0,0.0,0
2012-08-16,2012-08-30,OPTSTK,SRTRANSFIN,700.0,CE,0.0,0.0,0.0,7.15,0.0,0,0.0,0
2012-08-16,2012-08-30,OPTSTK,SRTRANSFIN,720.0,CE,0.0,0.0,0.0,5.55,0.0,0,0.0,0
2012-08-16,2012-08-30,OPTSTK,SRTRANSFIN,740.0,CE,0.0,0.0,0.0,4.25,0.0,0,0.0,0
2012-08-16,2012-08-30,OPTSTK,SRTRANSFIN,760.0,CE,0.0,0.0,0.0,3.25,0.0,0,0.0,0
2012-08-16,2012-08-30,OPTSTK,SRTRANSFIN,780.0,CE,0.0,0.0,0.0,2.45,0.0,0,0.0,0
2012-08-16,2012-08-30,OPTSTK,SRTRANSFIN,800.0,CE,0.0,0.0,0.0,1.85,0.0,0,0.0,0
2012-08-16,2012-08-30,OPTSTK,SRTRANSFIN,820.0,CE,0.0,0.0,0.0,1.4,0.0,0,0.0,0
2012-08-16,2012-08-30,OPTSTK,SRTRANSFIN,300.0,PE,0.0,0.0,0.0,0.1,0.0,0,0.0,0
2012-08-16,2012-08-30,OPTSTK,SRTRANSFIN,320.0,PE,0.0,0.0,0.0,0.25,0.0,0,0.0,0
2012-08-16,2012-08-30,OPTSTK,SRTRANSFIN,340.0,PE,0.0,0.0,0.0,0.55,0.0,0,0.0,0
2012-08-16,2012-08-30,OPTSTK,SRTRANSFIN,360.0,PE,0.0,0.0,0.0,1.1,0.0,0,0.0,0
2012-08-16,2012-08-30,OPTSTK,SRTRANSFIN,380.0,PE,0.0,0.0,0.0,2.05,0.0,0,0.0,0
2012-08-16,2012-08-30,OPTSTK,SRTRANSFIN,400.0,PE,0.0,0.0,0.0,3.65,0.0,0,0.0,0
2012-08-16,2012-08-30,OPTSTK,SRTRANSFIN,420.0,PE,0.0,0.0,0.0,6.0,0.0,0,0.0,0
2012-08-16,2012-08-30,OPTSTK,SRTRANSFIN,440.0,PE,0.0,0.0,0.0,9.35,0.0,0,0.0,0
2012-08-16,2012-08-30,OPTSTK,SRTRANSFIN,460.0,PE,0.0,0.0,0.0,13.85,0.0,0,0.0,0
2012-08-16,2012-08-30,OPTSTK,SRTRANSFIN,480.0,PE,0.0,0.0,0.0,19.55,0.05,0,0.0,0
2012-08-16,2012-08-30,OPTSTK,SRTRANSFIN,500.0,PE,0.0,0.0,0.0,26.7,0.1,0,0.0,0
2012-08-16,2012-08-30,OPTSTK,SRTRANSFIN,520.0,PE,0.0,0.0,0.0,35.25,0.6,0,0.0,0
2012-08-16,2012-08-30,OPTSTK,SRTRANSFIN,540.0,PE,0.0,0.0,0.0,45.15,2.7,0,0.0,0
2012-08-16,2012-08-30,OPTSTK,SRTRANSFIN,560.0,PE,0.0,0.0,0.0,56.4,8.25,0,0.0,0
2012-08-16,2012-08-30,OPTSTK,SRTRANSFIN,580.0,PE,0.0,0.0,0.0,68.85,18.8,0,0.0,0
2012-08-16,2012-08-30,OPTSTK,SRTRANSFIN,600.0,PE,0.0,0.0,0.0,82.5,33.9,0,0.0,0
2012-08-16,2012-08-30,OPTSTK,SRTRANSFIN,620.0,PE,0.0,0.0,0.0,97.15,51.95,0,0.0,0
2012-08-16,2012-08-30,OPTSTK,SRTRANSFIN,640.0,PE,0.0,0.0,0.0,112.65,71.35,0,0.0,0
2012-08-16,2012-08-30,OPTSTK,SRTRANSFIN,660.0,PE,0.0,0.0,0.0,128.9,91.15,0,0.0,0
2012-08-16,2012-08-30,OPTSTK,SRTRANSFIN,680.0,PE,0.0,0.0,0.0,145.85,111.05,0,0.0,0
2012-08-16,2012-08-30,OPTSTK,SRTRANSFIN,700.0,PE,0.0,0.0,0.0,163.25,131.0,0,0.0,0
2012-08-16,2012-08-30,OPTSTK,SRTRANSFIN,720.0,PE,0.0,0.0,0.0,181.15,150.9,0,0.0,0
2012-08-16,2012-08-30,OPTSTK,SRTRANSFIN,740.0,PE,0.0,0.0,0.0,199.35,170.85,0,0.0,0
2012-08-16,2012-08-30,OPTSTK,SRTRANSFIN,760.0,PE,0.0,0.0,0.0,217.9,190.8,0,0.0,0
2012-08-16,2012-08-30,OPTSTK,SRTRANSFIN,780.0,PE,0.0,0.0,0.0,236.6,210.7,0,0.0,0
2012-08-16,2012-08-30,OPTSTK,SRTRANSFIN,800.0,PE,0.0,0.0,0.0,255.55,230.65,0,0.0,0
2012-08-16,2012-08-30,OPTSTK,SRTRANSFIN,820.0,PE,0.0,0.0,0.0,274.6,250.6,0,0.0,0
2012-08-16,2012-09-27,OPTSTK,SRTRANSFIN,300.0,CE,0.0,0.0,0.0,223.4,269.8,0,0.0,0
2012-08-16,2012-09-27,OPTSTK,SRTRANSFIN,320.0,CE,0.0,0.0,0.0,203.9,250.05,0,0.0,0
2012-08-16,2012-09-27,OPTSTK,SRTRANSFIN,340.0,CE,0.0,0.0,0.0,184.45,230.25,0,0.0,0
2012-08-16,2012-09-27,OPTSTK,SRTRANSFIN,360.0,CE,0.0,0.0,0.0,165.15,210.45,0,0.0,0
2012-08-16,2012-09-27,OPTSTK,SRTRANSFIN,380.0,CE,0.0,0.0,0.0,146.1,190.65,0,0.0,0
2012-08-16,2012-09-27,OPTSTK,SRTRANSFIN,400.0,CE,0.0,0.0,0.0,127.5,170.85,0,0.0,0
2012-08-16,2012-09-27,OPTSTK,SRTRANSFIN,420.0,CE,0.0,0.0,0.0,109.65,151.05,0,0.0,0
2012-08-16,2012-09-27,OPTSTK,SRTRANSFIN,440.0,CE,0.0,0.0,0.0,92.8,131.3,0,0.0,0
2012-08-16,2012-09-27,OPTSTK,SRTRANSFIN,460.0,CE,0.0,0.0,0.0,77.15,111.6,0,0.0,0
2012-08-16,2012-09-27,OPTSTK,SRTRANSFIN,480.0,CE,0.0,0.0,0.0,63.05,92.2,0,0.0,0
2012-08-16,2012-09-27,OPTSTK,SRTRANSFIN,500.0,CE,0.0,0.0,0.0,50.6,73.5,0,0.0,0
2012-08-16,2012-09-27,OPTSTK,SRTRANSFIN,520.0,CE,0.0,0.0,0.0,39.9,56.0,0,0.0,0
2012-08-16,2012-09-27,OPTSTK,SRTRANSFIN,540.0,CE,0.0,0.0,0.0,30.9,40.55,0,0.0,0
2012-08-16,2012-09-27,OPTSTK,SRTRANSFIN,560.0,CE,0.0,0.0,0.0,23.55,27.65,0,0.0,0
2012-08-16,2012-09-27,OPTSTK,SRTRANSFIN,580.0,CE,0.0,0.0,0.0,17.65,17.7,0,0.0,0
2012-08-16,2012-09-27,OPTSTK,SRTRANSFIN,600.0,CE,0.0,0.0,0.0,13.05,10.65,0,0.0,0
2012-08-16,2012-09-27,OPTSTK,SRTRANSFIN,620.0,CE,0.0,0.0,0.0,9.5,6.0,0,0.0,0
2012-08-16,2012-09-27,OPTSTK,SRTRANSFIN,640.0,CE,0.0,0.0,0.0,6.8,3.15,0,0.0,0
2012-08-16,2012-09-27,OPTSTK,SRTRANSFIN,660.0,CE,0.0,0.0,0.0,4.85,1.6,0,0.0,0
2012-08-16,2012-09-27,OPTSTK,SRTRANSFIN,680.0,CE,0.0,0.0,0.0,3.4,0.75,0,0.0,0
2012-08-16,2012-09-27,OPTSTK,SRTRANSFIN,700.0,CE,0.0,0.0,0.0,2.35,0.35,0,0.0,0
2012-08-16,2012-09-27,OPTSTK,SRTRANSFIN,720.0,CE,0.0,0.0,0.0,1.6,0.15,0,0.0,0
2012-08-16,2012-09-27,OPTSTK,SRTRANSFIN,740.0,CE,0.0,0.0,0.0,1.1,0.05,0,0.0,0
2012-08-16,2012-09-27,OPTSTK,SRTRANSFIN,760.0,CE,0.0,0.0,0.0,0.75,0.05,0,0.0,0
2012-08-16,2012-09-27,OPTSTK,SRTRANSFIN,780.0,CE,0.0,0.0,0.0,0.5,0.05,0,0.0,0
2012-08-16,2012-09-27,OPTSTK,SRTRANSFIN,800.0,CE,0.0,0.0,0.0,0.35,0.0,0,0.0,0
2012-08-16,2012-09-27,OPTSTK,SRTRANSFIN,820.0,CE,0.0,0.0,0.0,0.25,0.0,0,0.0,0
2012-08-16,2012-09-27,OPTSTK,SRTRANSFIN,300.0,PE,0.0,0.0,0.0,0.05,0.0,0,0.0,0
2012-08-16,2012-09-27,OPTSTK,SRTRANSFIN,320.0,PE,0.0,0.0,0.0,0.05,0.0,0,0.0,0
2012-08-16,2012-09-27,OPTSTK,SRTRANSFIN,340.0,PE,0.0,0.0,0.0,0.15,0.0,0,0.0,0
2012-08-16,2012-09-27,OPTSTK,SRTRANSFIN,360.0,PE,0.0,0.0,0.0,0.35,0.0,0,0.0,0
2012-08-16,2012-09-27,OPTSTK,SRTRANSFIN,380.0,PE,0.0,0.0,0.0,0.85,0.0,0,0.0,0
2012-08-16,2012-09-27,OPTSTK,SRTRANSFIN,400.0,PE,0.0,0.0,0.0,1.8,0.0,0,0.0,0
2012-08-16,2012-09-27,OPTSTK,SRTRANSFIN,420.0,PE,0.0,0.0,0.0,3.5,0.05,0,0.0,0
2012-08-16,2012-09-27,OPTSTK,SRTRANSFIN,440.0,PE,0.0,0.0,0.0,6.15,0.05,0,0.0,0
2012-08-16,2012-09-27,OPTSTK,SRTRANSFIN,460.0,PE,0.0,0.0,0.0,10.05,0.15,0,0.0,0
2012-08-16,2012-09-27,OPTSTK,SRTRANSFIN,480.0,PE,0.0,0.0,0.0,15.5,0.55,0,0.0,0
2012-08-16,2012-09-27,OPTSTK,SRTRANSFIN,500.0,PE,0.0,0.0,0.0,22.6,1.6,0,0.0,0
2012-08-16,2012-09-27,OPTSTK,SRTRANSFIN,520.0,PE,0.0,0.0,0.0,31.4,3.95,0,0.0,0
2012-08-16,2012-09-27,OPTSTK,SRTRANSFIN,540.0,PE,0.0,0.0,0.0,41.95,8.25,0,0.0,0
2012-08-16,2012-09-27,OPTSTK,SRTRANSFIN,560.0,PE,0.0,0.0,0.0,54.15,15.15,0,0.0,0
2012-08-16,2012-09-27,OPTSTK,SRTRANSFIN,580.0,PE,0.0,0.0,0.0,67.75,25.0,0,0.0,0
2012-08-16,2012-09-27,OPTSTK,SRTRANSFIN,600.0,PE,0.0,0.0,0.0,82.7,37.75,0,0.0,0
2012-08-16,2012-09-27,OPTSTK,SRTRANSFIN,620.0,PE,0.0,0.0,0.0,98.65,52.9,0,0.0,0
2012-08-16,2012-09-27,OPTSTK,SRTRANSFIN,640.0,PE,0.0,0.0,0.0,115.55,69.85,0,0.0,0
2012-08-16,2012-09-27,OPTSTK,SRTRANSFIN,660.0,PE,0.0,0.0,0.0,133.1,88.05,0,0.0,0
2012-08-16,2012-09-27,OPTSTK,SRTRANSFIN,680.0,PE,0.0,0.0,0.0,151.15,107.0,0,0.0,0
2012-08-16,2012-09-27,OPTSTK,SRTRANSFIN,700.0,PE,0.0,0.0,0.0,169.65,126.4,0,0.0,0
2012-08-16,2012-09-27,OPTSTK,SRTRANSFIN,720.0,PE,0.0,0.0,0.0,188.45,146.0,0,0.0,0
2012-08-16,2012-09-27,OPTSTK,SRTRANSFIN,740.0,PE,0.0,0.0,0.0,207.5,165.7,0,0.0,0
2012-08-16,2012-09-27,OPTSTK,SRTRANSFIN,760.0,PE,0.0,0.0,0.0,226.65,185.5,0,0.0,0
2012-08-16,2012-09-27,OPTSTK,SRTRANSFIN,780.0,PE,0.0,0.0,0.0,245.95,205.25,0,0.0,0
2012-08-16,2012-09-27,OPTSTK,SRTRANSFIN,800.0,PE,0.0,0.0,0.0,265.35,225.05,0,0.0,0
2012-08-16,2012-09-27,OPTSTK,SRTRANSFIN,820.0,PE,0.0,0.0,0.0,284.75,244.85,0,0.0,0
2012-08-16,2012-10-25,OPTSTK,SRTRANSFIN,300.0,CE,0.0,0.0,0.0,271.45,271.85,0,0.0,0
2012-08-16,2012-10-25,OPTSTK,SRTRANSFIN,320.0,CE,0.0,0.0,0.0,251.9,252.2,0,0.0,0
2012-08-16,2012-10-25,OPTSTK,SRTRANSFIN,340.0,CE,0.0,0.0,0.0,232.4,232.55,0,0.0,0
2012-08-16,2012-10-25,OPTSTK,SRTRANSFIN,360.0,CE,0.0,0.0,0.0,212.9,212.9,0,0.0,0
2012-08-16,2012-10-25,OPTSTK,SRTRANSFIN,380.0,CE,0.0,0.0,0.0,193.55,193.25,0,0.0,0
2012-08-16,2012-10-25,OPTSTK,SRTRANSFIN,400.0,CE,0.0,0.0,0.0,174.4,173.6,0,0.0,0
2012-08-16,2012-10-25,OPTSTK,SRTRANSFIN,420.0,CE,0.0,0.0,0.0,155.6,154.0,0,0.0,0
2012-08-16,2012-10-25,OPTSTK,SRTRANSFIN,440.0,CE,0.0,0.0,0.0,137.3,134.5,0,0.0,0
2012-08-16,2012-10-25,OPTSTK,SRTRANSFIN,460.0,CE,0.0,0.0,0.0,119.7,115.3,0,0.0,0
2012-08-16,2012-10-25,OPTSTK,SRTRANSFIN,480.0,CE,0.0,0.0,0.0,103.1,96.65,0,0.0,0
2012-08-16,2012-10-25,OPTSTK,SRTRANSFIN,500.0,CE,0.0,0.0,0.0,87.65,78.95,0,0.0,0
2012-08-16,2012-10-25,OPTSTK,SRTRANSFIN,520.0,CE,0.0,0.0,0.0,73.5,62.6,0,0.0,0
2012-08-16,2012-10-25,OPTSTK,SRTRANSFIN,540.0,CE,0.0,0.0,0.0,60.8,48.1,0,0.0,0
2012-08-16,2012-10-25,OPTSTK,SRTRANSFIN,560.0,CE,0.0,0.0,0.0,49.65,35.7,0,0.0,0
2012-08-16,2012-10-25,OPTSTK,SRTRANSFIN,580.0,CE,0.0,0.0,0.0,40.0,25.6,0,0.0,0
2012-08-16,2012-10-25,OPTSTK,SRTRANSFIN,600.0,CE,0.0,0.0,0.0,31.85,17.7,0,0.0,0
2012-08-16,2012-10-25,OPTSTK,SRTRANSFIN,620.0,CE,0.0,0.0,0.0,25.0,11.85,0,0.0,0
2012-08-16,2012-10-25,OPTSTK,SRTRANSFIN,640.0,CE,0.0,0.0,0.0,19.4,7.65,0,0.0,0
2012-08-16,2012-10-25,OPTSTK,SRTRANSFIN,660.0,CE,0.0,0.0,0.0,14.95,4.8,0,0.0,0
2012-08-16,2012-10-25,OPTSTK,SRTRANSFIN,680.0,CE,0.0,0.0,0.0,11.35,2.9,0,0.0,0
2012-08-16,2012-10-25,OPTSTK,SRTRANSFIN,700.0,CE,0.0,0.0,0.0,8.55,1.7,0,0.0,0
2012-08-16,2012-10-25,OPTSTK,SRTRANSFIN,720.0,CE,0.0,0.0,0.0,6.35,1.0,0,0.0,0
2012-08-16,2012-10-25,OPTSTK,SRTRANSFIN,740.0,CE,0.0,0.0,0.0,4.7,0.55,0,0.0,0
2012-08-16,2012-10-25,OPTSTK,SRTRANSFIN,760.0,CE,0.0,0.0,0.0,3.45,0.3,0,0.0,0
2012-08-16,2012-10-25,OPTSTK,SRTRANSFIN,780.0,CE,0.0,0.0,0.0,2.5,0.15,0,0.0,0
2012-08-16,2012-10-25,OPTSTK,SRTRANSFIN,800.0,CE,0.0,0.0,0.0,1.8,0.1,0,0.0,0
2012-08-16,2012-10-25,OPTSTK,SRTRANSFIN,820.0,CE,0.0,0.0,0.0,1.3,0.05,0,0.0,0
2012-08-16,2012-10-25,OPTSTK,SRTRANSFIN,300.0,PE,0.0,0.0,0.0,0.05,0.0,0,0.0,0
2012-08-16,2012-10-25,OPTSTK,SRTRANSFIN,320.0,PE,0.0,0.0,0.0,0.05,0.0,0,0.0,0
2012-08-16,2012-10-25,OPTSTK,SRTRANSFIN,340.0,PE,0.0,0.0,0.0,0.05,0.0,0,0.0,0
2012-08-16,2012-10-25,OPTSTK,SRTRANSFIN,360.0,PE,0.0,0.0,0.0,0.15,0.0,0,0.0,0
2012-08-16,2012-10-25,OPTSTK,SRTRANSFIN,380.0,PE,0.0,0.0,0.0,0.35,0.0,0,0.0,0
2012-08-16,2012-10-25,OPTSTK,SRTRANSFIN,400.0,PE,0.0,0.0,0.0,0.7,0.05,0,0.0,0
2012-08-16,2012-10-25,OPTSTK,SRTRANSFIN,420.0,PE,0.0,0.0,0.0,1.45,0.1,0,0.0,0
2012-08-16,2012-10-25,OPTSTK,SRTRANSFIN,440.0,PE,0.0,0.0,0.0,2.7,0.25,0,0.0,0
2012-08-16,2012-10-25,OPTSTK,SRTRANSFIN,460.0,PE,0.0,0.0,0.0,4.7,0.75,0,0.0,0
2012-08-16,2012-10-25,OPTSTK,SRTRANSFIN,480.0,PE,0.0,0.0,0.0,7.6,1.75,0,0.0,0
2012-08-16,2012-10-25,OPTSTK,SRTRANSFIN,500.0,PE,0.0,0.0,0.0,11.7,3.65,0,0.0,0
2012-08-16,2012-10-25,OPTSTK,SRTRANSFIN,520.0,PE,0.0,0.0,0.0,17.1,7.0,0,0.0,0
2012-08-16,2012-10-25,OPTSTK,SRTRANSFIN,540.0,PE,0.0,0.0,0.0,23.95,12.1,0,0.0,0
2012-08-16,2012-10-25,OPTSTK,SRTRANSFIN,560.0,PE,0.0,0.0,0.0,32.35,19.4,0,0.0,0
2012-08-16,2012-10-25,OPTSTK,SRTRANSFIN,580.0,PE,0.0,0.0,0.0,42.25,28.9,0,0.0,0
2012-08-16,2012-10-25,OPTSTK,SRTRANSFIN,600.0,PE,0.0,0.0,0.0,53.6,40.7,0,0.0,0
2012-08-16,2012-10-25,OPTSTK,SRTRANSFIN,620.0,PE,0.0,0.0,0.0,66.35,54.5,0,0.0,0
2012-08-16,2012-10-25,OPTSTK,SRTRANSFIN,640.0,PE,0.0,0.0,0.0,80.3,69.95,0,0.0,0
2012-08-16,2012-10-25,OPTSTK,SRTRANSFIN,660.0,PE,0.0,0.0,0.0,95.4,86.75,0,0.0,0
2012-08-16,2012-10-25,OPTSTK,SRTRANSFIN,680.0,PE,0.0,0.0,0.0,111.3,104.5,0,0.0,0
2012-08-16,2012-10-25,OPTSTK,SRTRANSFIN,700.0,PE,0.0,0.0,0.0,128.05,123.0,0,0.0,0
2012-08-16,2012-10-25,OPTSTK,SRTRANSFIN,720.0,PE,0.0,0.0,0.0,145.45,141.9,0,0.0,0
2012-08-16,2012-10-25,OPTSTK,SRTRANSFIN,740.0,PE,0.0,0.0,0.0,163.3,161.15,0,0.0,0
2012-08-16,2012-10-25,OPTSTK,SRTRANSFIN,760.0,PE,0.0,0.0,0.0,181.6,180.55,0,0.0,0
2012-08-16,2012-10-25,OPTSTK,SRTRANSFIN,780.0,PE,0.0,0.0,0.0,200.2,200.1,0,0.0,0
2012-08-16,2012-10-25,OPTSTK,SRTRANSFIN,800.0,PE,0.0,0.0,0.0,219.05,219.65,0,0.0,0
2012-08-16,2012-10-25,OPTSTK,SRTRANSFIN,820.0,PE,0.0,0.0,0.0,238.1,239.3,0,0.0,0
2012-08-16,2012-08-30,OPTSTK,STER,50.0,CE,0.0,0.0,0.0,45.3,59.95,0,0.0,0
2012-08-16,2012-08-30,OPTSTK,STER,55.0,CE,0.0,0.0,0.0,40.4,54.95,0,0.0,0
2012-08-16,2012-08-30,OPTSTK,STER,60.0,CE,0.0,0.0,0.0,35.55,49.95,0,0.0,0
2012-08-16,2012-08-30,OPTSTK,STER,65.0,CE,0.0,0.0,0.0,30.75,45.0,0,0.0,0
2012-08-16,2012-08-30,OPTSTK,STER,70.0,CE,0.0,0.0,0.0,26.05,40.0,0,0.0,0
2012-08-16,2012-08-30,OPTSTK,STER,75.0,CE,0.0,0.0,0.0,21.6,35.0,0,0.0,0
2012-08-16,2012-08-30,OPTSTK,STER,80.0,CE,0.0,0.0,0.0,17.45,30.05,0,0.0,0
2012-08-16,2012-08-30,OPTSTK,STER,85.0,CE,0.0,0.0,0.0,13.75,25.05,0,0.0,0
2012-08-16,2012-08-30,OPTSTK,STER,90.0,CE,20.0,20.0,20.0,20.0,20.0,1,2.2,4000
2012-08-16,2012-08-30,OPTSTK,STER,95.0,CE,0.0,0.0,0.0,18.0,15.25,0,0.0,8000
2012-08-16,2012-08-30,OPTSTK,STER,100.0,CE,10.4,10.4,10.0,10.3,10.3,4,8.81,160000
2012-08-16,2012-08-30,OPTSTK,STER,105.0,CE,8.3,8.3,5.3,6.0,6.0,57,126.54,276000
2012-08-16,2012-08-30,OPTSTK,STER,110.0,CE,4.05,4.35,2.1,2.4,2.4,290,653.28,820000
2012-08-16,2012-08-30,OPTSTK,STER,115.0,CE,2.0,2.0,0.8,0.9,0.9,268,621.99,354000
2012-08-16,2012-08-30,OPTSTK,STER,120.0,CE,0.6,0.65,0.25,0.35,0.35,56,134.83,300000
2012-08-16,2012-08-30,OPTSTK,STER,125.0,CE,0.1,0.1,0.1,0.1,0.1,1,2.5,14000
2012-08-16,2012-08-30,OPTSTK,STER,130.0,CE,0.0,0.0,0.0,0.1,0.15,0,0.0,16000
2012-08-16,2012-08-30,OPTSTK,STER,135.0,CE,0.0,0.0,0.0,0.35,0.05,0,0.0,0
2012-08-16,2012-08-30,OPTSTK,STER,140.0,CE,0.0,0.0,0.0,0.25,0.05,0,0.0,0
2012-08-16,2012-08-30,OPTSTK,STER,145.0,CE,0.0,0.0,0.0,0.15,0.0,0,0.0,0
2012-08-16,2012-08-30,OPTSTK,STER,150.0,CE,0.0,0.0,0.0,0.5,0.0,0,0.0,0
2012-08-16,2012-08-30,OPTSTK,STER,160.0,CE,0.0,0.0,0.0,0.25,0.0,0,0.0,0
2012-08-16,2012-08-30,OPTSTK,STER,50.0,PE,0.0,0.0,0.0,0.05,0.0,0,0.0,0
2012-08-16,2012-08-30,OPTSTK,STER,55.0,PE,0.0,0.0,0.0,0.05,0.0,0,0.0,0
2012-08-16,2012-08-30,OPTSTK,STER,60.0,PE,0.0,0.0,0.0,0.05,0.0,0,0.0,0
2012-08-16,2012-08-30,OPTSTK,STER,65.0,PE,0.0,0.0,0.0,0.15,0.0,0,0.0,0
2012-08-16,2012-08-30,OPTSTK,STER,70.0,PE,0.0,0.0,0.0,0.35,0.0,0,0.0,0
2012-08-16,2012-08-30,OPTSTK,STER,75.0,PE,0.0,0.0,0.0,0.75,0.0,0,0.0,0
2012-08-16,2012-08-30,OPTSTK,STER,80.0,PE,0.0,0.0,0.0,1.45,0.0,0,0.0,0
2012-08-16,2012-08-30,OPTSTK,STER,85.0,PE,0.0,0.0,0.0,2.65,0.0,0,0.0,0
2012-08-16,2012-08-30,OPTSTK,STER,90.0,PE,0.15,0.15,0.15,0.15,0.15,1,1.8,50000
2012-08-16,2012-08-30,OPTSTK,STER,95.0,PE,0.2,0.25,0.15,0.25,0.25,27,51.41,212000
2012-08-16,2012-08-30,OPTSTK,STER,100.0,PE,0.25,0.5,0.25,0.4,0.4,79,158.63,714000
2012-08-16,2012-08-30,OPTSTK,STER,105.0,PE,0.6,1.3,0.6,1.05,1.05,126,267.28,504000
2012-08-16,2012-08-30,OPTSTK,STER,110.0,PE,1.95,3.1,1.7,2.6,2.6,340,764.67,404000
2012-08-16,2012-08-30,OPTSTK,STER,115.0,PE,4.5,6.85,4.5,6.05,6.05,49,118.59,84000
2012-08-16,2012-08-30,OPTSTK,STER,120.0,PE,9.4,9.4,9.4,9.4,9.4,1,2.58,34000
2012-08-16,2012-08-30,OPTSTK,STER,125.0,PE,0.0,0.0,0.0,28.8,15.2,0,0.0,0
2012-08-16,2012-08-30,OPTSTK,STER,130.0,PE,0.0,0.0,0.0,28.0,19.95,0,0.0,4000
2012-08-16,2012-08-30,OPTSTK,STER,135.0,PE,0.0,0.0,0.0,38.05,24.85,0,0.0,0
2012-08-16,2012-08-30,OPTSTK,STER,140.0,PE,0.0,0.0,0.0,42.8,29.8,0,0.0,0
2012-08-16,2012-08-30,OPTSTK,STER,145.0,PE,0.0,0.0,0.0,47.6,34.8,0,0.0,0
2012-08-16,2012-08-30,OPTSTK,STER,150.0,PE,0.0,0.0,0.0,46.7,39.75,0,0.0,0
2012-08-16,2012-08-30,OPTSTK,STER,160.0,PE,0.0,0.0,0.0,56.25,49.75,0,0.0,0
2012-08-16,2012-09-27,OPTSTK,STER,50.0,CE,0.0,0.0,0.0,48.7,60.3,0,0.0,0
2012-08-16,2012-09-27,OPTSTK,STER,55.0,CE,0.0,0.0,0.0,43.8,55.35,0,0.0,0
2012-08-16,2012-09-27,OPTSTK,STER,60.0,CE,0.0,0.0,0.0,38.95,50.4,0,0.0,0
2012-08-16,2012-09-27,OPTSTK,STER,65.0,CE,0.0,0.0,0.0,34.2,45.45,0,0.0,0
2012-08-16,2012-09-27,OPTSTK,STER,70.0,CE,0.0,0.0,0.0,29.55,40.5,0,0.0,0
2012-08-16,2012-09-27,OPTSTK,STER,75.0,CE,0.0,0.0,0.0,25.1,35.55,0,0.0,0
2012-08-16,2012-09-27,OPTSTK,STER,80.0,CE,0.0,0.0,0.0,20.9,30.7,0,0.0,0
2012-08-16,2012-09-27,OPTSTK,STER,85.0,CE,0.0,0.0,0.0,17.1,25.9,0,0.0,0
2012-08-16,2012-09-27,OPTSTK,STER,90.0,CE,0.0,0.0,0.0,13.75,21.3,0,0.0,0
2012-08-16,2012-09-27,OPTSTK,STER,95.0,CE,0.0,0.0,0.0,15.5,17.0,0,0.0,6000
2012-08-16,2012-09-27,OPTSTK,STER,100.0,CE,0.0,0.0,0.0,13.6,13.15,0,0.0,10000
2012-08-16,2012-09-27,OPTSTK,STER,105.0,CE,0.0,0.0,0.0,7.0,9.8,0,0.0,2000
2012-08-16,2012-09-27,OPTSTK,STER,110.0,CE,5.5,5.5,5.4,5.4,5.4,4,9.23,20000
2012-08-16,2012-09-27,OPTSTK,STER,115.0,CE,4.65,4.65,4.65,4.65,4.65,1,2.39,6000
2012-08-16,2012-09-27,OPTSTK,STER,120.0,CE,0.0,0.0,0.0,2.75,3.35,0,0.0,2000
2012-08-16,2012-09-27,OPTSTK,STER,125.0,CE,0.0,0.0,0.0,1.4,2.2,0,0.0,8000
2012-08-16,2012-09-27,OPTSTK,STER,130.0,CE,0.0,0.0,0.0,1.35,1.4,0,0.0,0
2012-08-16,2012-09-27,OPTSTK,STER,135.0,CE,0.0,0.0,0.0,0.95,0.85,0,0.0,0
2012-08-16,2012-09-27,OPTSTK,STER,140.0,CE,0.0,0.0,0.0,0.65,0.55,0,0.0,0
2012-08-16,2012-09-27,OPTSTK,STER,145.0,CE,0.0,0.0,0.0,0.45,0.3,0,0.0,0
2012-08-16,2012-09-27,OPTSTK,STER,150.0,CE,0.0,0.0,0.0,0.35,0.2,0,0.0,0
2012-08-16,2012-09-27,OPTSTK,STER,160.0,CE,0.0,0.0,0.0,0.5,0.05,0,0.0,0
2012-08-16,2012-09-27,OPTSTK,STER,50.0,PE,0.0,0.0,0.0,0.05,0.0,0,0.0,0
2012-08-16,2012-09-27,OPTSTK,STER,55.0,PE,0.0,0.0,0.0,0.05,0.0,0,0.0,0
2012-08-16,2012-09-27,OPTSTK,STER,60.0,PE,0.0,0.0,0.0,0.05,0.0,0,0.0,0
2012-08-16,2012-09-27,OPTSTK,STER,65.0,PE,0.0,0.0,0.0,0.2,0.0,0,0.0,0
2012-08-16,2012-09-27,OPTSTK,STER,70.0,PE,0.0,0.0,0.0,0.4,0.0,0,0.0,0
2012-08-16,2012-09-27,OPTSTK,STER,75.0,PE,0.0,0.0,0.0,0.85,0.05,0,0.0,0
2012-08-16,2012-09-27,OPTSTK,STER,80.0,PE,0.0,0.0,0.0,1.55,0.1,0,0.0,0
2012-08-16,2012-09-27,OPTSTK,STER,85.0,PE,0.0,0.0,0.0,2.65,0.25,0,0.0,0
2012-08-16,2012-09-27,OPTSTK,STER,90.0,PE,0.0,0.0,0.0,4.15,0.6,0,0.0,0
2012-08-16,2012-09-27,OPTSTK,STER,95.0,PE,0.0,0.0,0.0,6.15,1.25,0,0.0,0
2012-08-16,2012-09-27,OPTSTK,STER,100.0,PE,0.0,0.0,0.0,1.0,2.35,0,0.0,24000
2012-08-16,2012-09-27,OPTSTK,STER,105.0,PE,0.0,0.0,0.0,11.45,4.0,0,0.0,0
2012-08-16,2012-09-27,OPTSTK,STER,110.0,PE,0.0,0.0,0.0,14.75,6.2,0,0.0,0
2012-08-16,2012-09-27,OPTSTK,STER,115.0,PE,0.0,0.0,0.0,18.4,9.0,0,0.0,0
2012-08-16,2012-09-27,OPTSTK,STER,120.0,PE,0.0,0.0,0.0,22.3,12.35,0,0.0,0
2012-08-16,2012-09-27,OPTSTK,STER,125.0,PE,0.0,0.0,0.0,26.45,16.15,0,0.0,0
2012-08-16,2012-09-27,OPTSTK,STER,130.0,PE,0.0,0.0,0.0,30.8,20.3,0,0.0,0
2012-08-16,2012-09-27,OPTSTK,STER,135.0,PE,0.0,0.0,0.0,35.3,24.7,0,0.0,0
2012-08-16,2012-09-27,OPTSTK,STER,140.0,PE,0.0,0.0,0.0,39.9,29.35,0,0.0,0
2012-08-16,2012-09-27,OPTSTK,STER,145.0,PE,0.0,0.0,0.0,44.6,34.05,0,0.0,0
2012-08-16,2012-09-27,OPTSTK,STER,150.0,PE,0.0,0.0,0.0,49.35,38.9,0,0.0,0
2012-08-16,2012-09-27,OPTSTK,STER,160.0,PE,0.0,0.0,0.0,54.2,48.65,0,0.0,0
2012-08-16,2012-10-25,OPTSTK,STER,50.0,CE,0.0,0.0,0.0,48.6,60.65,0,0.0,0
2012-08-16,2012-10-25,OPTSTK,STER,55.0,CE,0.0,0.0,0.0,43.75,55.7,0,0.0,0
2012-08-16,2012-10-25,OPTSTK,STER,60.0,CE,0.0,0.0,0.0,38.95,50.8,0,0.0,0
2012-08-16,2012-10-25,OPTSTK,STER,65.0,CE,0.0,0.0,0.0,34.25,45.9,0,0.0,0
2012-08-16,2012-10-25,OPTSTK,STER,70.0,CE,0.0,0.0,0.0,29.65,41.0,0,0.0,0
2012-08-16,2012-10-25,OPTSTK,STER,75.0,CE,0.0,0.0,0.0,25.35,36.2,0,0.0,0
2012-08-16,2012-10-25,OPTSTK,STER,80.0,CE,0.0,0.0,0.0,21.3,31.5,0,0.0,0
2012-08-16,2012-10-25,OPTSTK,STER,85.0,CE,0.0,0.0,0.0,17.65,26.95,0,0.0,0
2012-08-16,2012-10-25,OPTSTK,STER,90.0,CE,0.0,0.0,0.0,14.4,22.65,0,0.0,0
2012-08-16,2012-10-25,OPTSTK,STER,95.0,CE,0.0,0.0,0.0,11.6,18.7,0,0.0,0
2012-08-16,2012-10-25,OPTSTK,STER,100.0,CE,0.0,0.0,0.0,9.2,15.15,0,0.0,0
2012-08-16,2012-10-25,OPTSTK,STER,105.0,CE,0.0,0.0,0.0,7.2,12.0,0,0.0,0
2012-08-16,2012-10-25,OPTSTK,STER,110.0,CE,0.0,0.0,0.0,5.6,9.4,0,0.0,0
2012-08-16,2012-10-25,OPTSTK,STER,115.0,CE,0.0,0.0,0.0,4.3,7.2,0,0.0,0
2012-08-16,2012-10-25,OPTSTK,STER,120.0,CE,0.0,0.0,0.0,3.25,5.4,0,0.0,0
2012-08-16,2012-10-25,OPTSTK,STER,125.0,CE,0.0,0.0,0.0,2.45,4.0,0,0.0,0
2012-08-16,2012-10-25,OPTSTK,STER,130.0,CE,0.0,0.0,0.0,1.85,2.95,0,0.0,0
2012-08-16,2012-10-25,OPTSTK,STER,135.0,CE,0.0,0.0,0.0,1.35,2.1,0,0.0,0
2012-08-16,2012-10-25,OPTSTK,STER,140.0,CE,0.0,0.0,0.0,1.0,1.5,0,0.0,0
2012-08-16,2012-10-25,OPTSTK,STER,145.0,CE,0.0,0.0,0.0,0.75,1.05,0,0.0,0
2012-08-16,2012-10-25,OPTSTK,STER,150.0,CE,0.0,0.0,0.0,0.85,0.75,0,0.0,0
2012-08-16,2012-10-25,OPTSTK,STER,160.0,CE,0.0,0.0,0.0,0.45,0.35,0,0.0,0
2012-08-16,2012-10-25,OPTSTK,STER,50.0,PE,0.0,0.0,0.0,0.05,0.0,0,0.0,0
2012-08-16,2012-10-25,OPTSTK,STER,55.0,PE,0.0,0.0,0.0,0.05,0.0,0,0.0,0
2012-08-16,2012-10-25,OPTSTK,STER,60.0,PE,0.0,0.0,0.0,0.15,0.0,0,0.0,0
2012-08-16,2012-10-25,OPTSTK,STER,65.0,PE,0.0,0.0,0.0,0.3,0.05,0,0.0,0
2012-08-16,2012-10-25,OPTSTK,STER,70.0,PE,0.0,0.0,0.0,0.65,0.05,0,0.0,0
2012-08-16,2012-10-25,OPTSTK,STER,75.0,PE,0.0,0.0,0.0,1.2,0.15,0,0.0,0
2012-08-16,2012-10-25,OPTSTK,STER,80.0,PE,0.0,0.0,0.0,2.05,0.35,0,0.0,0
2012-08-16,2012-10-25,OPTSTK,STER,85.0,PE,0.0,0.0,0.0,3.3,0.7,0,0.0,0
2012-08-16,2012-10-25,OPTSTK,STER,90.0,PE,0.0,0.0,0.0,4.9,1.35,0,0.0,0
2012-08-16,2012-10-25,OPTSTK,STER,95.0,PE,0.0,0.0,0.0,7.0,2.3,0,0.0,0
2012-08-16,2012-10-25,OPTSTK,STER,100.0,PE,0.0,0.0,0.0,9.5,3.65,0,0.0,0
2012-08-16,2012-10-25,OPTSTK,STER,105.0,PE,0.0,0.0,0.0,12.4,5.45,0,0.0,0
2012-08-16,2012-10-25,OPTSTK,STER,110.0,PE,0.0,0.0,0.0,15.65,7.75,0,0.0,0
2012-08-16,2012-10-25,OPTSTK,STER,115.0,PE,0.0,0.0,0.0,19.25,10.45,0,0.0,0
2012-08-16,2012-10-25,OPTSTK,STER,120.0,PE,0.0,0.0,0.0,23.1,13.6,0,0.0,0
2012-08-16,2012-10-25,OPTSTK,STER,125.0,PE,0.0,0.0,0.0,27.15,17.1,0,0.0,0
2012-08-16,2012-10-25,OPTSTK,STER,130.0,PE,0.0,0.0,0.0,31.45,20.95,0,0.0,0
2012-08-16,2012-10-25,OPTSTK,STER,135.0,PE,0.0,0.0,0.0,35.85,25.05,0,0.0,0
2012-08-16,2012-10-25,OPTSTK,STER,140.0,PE,0.0,0.0,0.0,40.4,29.35,0,0.0,0
2012-08-16,2012-10-25,OPTSTK,STER,145.0,PE,0.0,0.0,0.0,45.0,33.85,0,0.0,0
2012-08-16,2012-10-25,OPTSTK,STER,150.0,PE,0.0,0.0,0.0,46.45,38.4,0,0.0,0
2012-08-16,2012-10-25,OPTSTK,STER,160.0,PE,0.0,0.0,0.0,55.85,47.85,0,0.0,0
2012-08-16,2012-08-30,OPTSTK,STRTECH,15.0,CE,0.0,0.0,0.0,14.0,16.2,0,0.0,0
2012-08-16,2012-08-30,OPTSTK,STRTECH,17.5,CE,0.0,0.0,0.0,11.65,13.75,0,0.0,0
2012-08-16,2012-08-30,OPTSTK,STRTECH,20.0,CE,0.0,0.0,0.0,9.4,11.25,0,0.0,0
2012-08-16,2012-08-30,OPTSTK,STRTECH,22.5,CE,0.0,0.0,0.0,7.4,8.75,0,0.0,0
2012-08-16,2012-08-30,OPTSTK,STRTECH,25.0,CE,0.0,0.0,0.0,5.65,6.25,0,0.0,0
2012-08-16,2012-08-30,OPTSTK,STRTECH,27.5,CE,0.0,0.0,0.0,4.2,3.85,0,0.0,0
2012-08-16,2012-08-30,OPTSTK,STRTECH,30.0,CE,0.0,0.0,0.0,3.05,1.85,0,0.0,0
2012-08-16,2012-08-30,OPTSTK,STRTECH,32.5,CE,0.5,0.5,0.5,0.5,0.5,1,2.64,8000
2012-08-16,2012-08-30,OPTSTK,STRTECH,35.0,CE,0.0,0.0,0.0,1.2,0.15,0,0.0,8000
2012-08-16,2012-08-30,OPTSTK,STRTECH,37.5,CE,0.0,0.0,0.0,1.05,0.05,0,0.0,0
2012-08-16,2012-08-30,OPTSTK,STRTECH,40.0,CE,0.0,0.0,0.0,0.75,0.0,0,0.0,0
2012-08-16,2012-08-30,OPTSTK,STRTECH,42.5,CE,0.0,0.0,0.0,0.5,0.0,0,0.0,0
2012-08-16,2012-08-30,OPTSTK,STRTECH,45.0,CE,0.0,0.0,0.0,0.35,0.0,0,0.0,0
2012-08-16,2012-08-30,OPTSTK,STRTECH,47.5,CE,0.0,0.0,0.0,0.25,0.0,0,0.0,0
2012-08-16,2012-08-30,OPTSTK,STRTECH,50.0,CE,0.0,0.0,0.0,0.15,0.0,0,0.0,0
2012-08-16,2012-08-30,OPTSTK,STRTECH,52.5,CE,0.0,0.0,0.0,0.1,0.0,0,0.0,0
2012-08-16,2012-08-30,OPTSTK,STRTECH,15.0,PE,0.0,0.0,0.0,0.05,0.0,0,0.0,0
2012-08-16,2012-08-30,OPTSTK,STRTECH,17.5,PE,0.0,0.0,0.0,0.1,0.0,0,0.0,0
2012-08-16,2012-08-30,OPTSTK,STRTECH,20.0,PE,0.0,0.0,0.0,0.35,0.0,0,0.0,0
2012-08-16,2012-08-30,OPTSTK,STRTECH,22.5,PE,0.0,0.0,0.0,0.75,0.0,0,0.0,0
2012-08-16,2012-08-30,OPTSTK,STRTECH,25.0,PE,0.0,0.0,0.0,1.45,0.0,0,0.0,0
2012-08-16,2012-08-30,OPTSTK,STRTECH,27.5,PE,0.0,0.0,0.0,2.45,0.1,0,0.0,0
2012-08-16,2012-08-30,OPTSTK,STRTECH,30.0,PE,0.0,0.0,0.0,3.75,0.6,0,0.0,0
2012-08-16,2012-08-30,OPTSTK,STRTECH,32.5,PE,1.75,1.75,1.75,1.75,1.75,1,2.74,16000
2012-08-16,2012-08-30,OPTSTK,STRTECH,35.0,PE,0.0,0.0,0.0,4.4,3.9,0,0.0,0
2012-08-16,2012-08-30,OPTSTK,STRTECH,37.5,PE,0.0,0.0,0.0,9.05,6.25,0,0.0,0
2012-08-16,2012-08-30,OPTSTK,STRTECH,40.0,PE,0.0,0.0,0.0,11.15,8.75,0,0.0,0
2012-08-16,2012-08-30,OPTSTK,STRTECH,42.5,PE,0.0,0.0,0.0,13.4,11.25,0,0.0,0
2012-08-16,2012-08-30,OPTSTK,STRTECH,45.0,PE,0.0,0.0,0.0,15.65,13.7,0,0.0,0
2012-08-16,2012-08-30,OPTSTK,STRTECH,47.5,PE,0.0,0.0,0.0,18.0,16.2,0,0.0,0
2012-08-16,2012-08-30,OPTSTK,STRTECH,50.0,PE,0.0,0.0,0.0,20.35,18.7,0,0.0,0
2012-08-16,2012-08-30,OPTSTK,STRTECH,52.5,PE,0.0,0.0,0.0,22.75,21.2,0,0.0,0
2012-08-16,2012-09-27,OPTSTK,STRTECH,15.0,CE,0.0,0.0,0.0,15.85,16.35,0,0.0,0
2012-08-16,2012-09-27,OPTSTK,STRTECH,17.5,CE,0.0,0.0,0.0,13.45,13.85,0,0.0,0
2012-08-16,2012-09-27,OPTSTK,STRTECH,20.0,CE,0.0,0.0,0.0,11.05,11.4,0,0.0,0
2012-08-16,2012-09-27,OPTSTK,STRTECH,22.5,CE,0.0,0.0,0.0,8.75,8.9,0,0.0,0
2012-08-16,2012-09-27,OPTSTK,STRTECH,25.0,CE,0.0,0.0,0.0,6.65,6.55,0,0.0,0
2012-08-16,2012-09-27,OPTSTK,STRTECH,27.5,CE,0.0,0.0,0.0,4.85,4.4,0,0.0,0
2012-08-16,2012-09-27,OPTSTK,STRTECH,30.0,CE,0.0,0.0,0.0,3.4,2.7,0,0.0,0
2012-08-16,2012-09-27,OPTSTK,STRTECH,32.5,CE,0.0,0.0,0.0,2.3,1.5,0,0.0,0
2012-08-16,2012-09-27,OPTSTK,STRTECH,35.0,CE,0.0,0.0,0.0,1.5,0.75,0,0.0,0
2012-08-16,2012-09-27,OPTSTK,STRTECH,37.5,CE,0.0,0.0,0.0,0.95,0.35,0,0.0,0
2012-08-16,2012-09-27,OPTSTK,STRTECH,40.0,CE,0.0,0.0,0.0,0.6,0.15,0,0.0,0
2012-08-16,2012-09-27,OPTSTK,STRTECH,42.5,CE,0.0,0.0,0.0,0.35,0.05,0,0.0,0
2012-08-16,2012-09-27,OPTSTK,STRTECH,45.0,CE,0.0,0.0,0.0,0.25,0.05,0,0.0,0
2012-08-16,2012-09-27,OPTSTK,STRTECH,47.5,CE,0.0,0.0,0.0,0.15,0.05,0,0.0,0
2012-08-16,2012-09-27,OPTSTK,STRTECH,50.0,CE,0.0,0.0,0.0,0.1,0.0,0,0.0,0
2012-08-16,2012-09-27,OPTSTK,STRTECH,52.5,CE,0.0,0.0,0.0,0.05,0.0,0,0.0,0
2012-08-16,2012-09-27,OPTSTK,STRTECH,15.0,PE,0.0,0.0,0.0,0.05,0.0,0,0.0,0
2012-08-16,2012-09-27,OPTSTK,STRTECH,17.5,PE,0.0,0.0,0.0,0.05,0.0,0,0.0,0
2012-08-16,2012-09-27,OPTSTK,STRTECH,20.0,PE,0.0,0.0,0.0,0.1,0.0,0,0.0,0
2012-08-16,2012-09-27,OPTSTK,STRTECH,22.5,PE,0.0,0.0,0.0,0.25,0.05,0,0.0,0
2012-08-16,2012-09-27,OPTSTK,STRTECH,25.0,PE,0.0,0.0,0.0,0.6,0.15,0,0.0,0
2012-08-16,2012-09-27,OPTSTK,STRTECH,27.5,PE,0.0,0.0,0.0,1.25,0.5,0,0.0,0
2012-08-16,2012-09-27,OPTSTK,STRTECH,30.0,PE,0.0,0.0,0.0,2.2,1.25,0,0.0,0
2012-08-16,2012-09-27,OPTSTK,STRTECH,32.5,PE,0.0,0.0,0.0,3.55,2.5,0,0.0,0
2012-08-16,2012-09-27,OPTSTK,STRTECH,35.0,PE,0.0,0.0,0.0,5.2,4.25,0,0.0,0
2012-08-16,2012-09-27,OPTSTK,STRTECH,37.5,PE,0.0,0.0,0.0,7.1,6.3,0,0.0,0
2012-08-16,2012-09-27,OPTSTK,STRTECH,40.0,PE,0.0,0.0,0.0,9.15,8.6,0,0.0,0
2012-08-16,2012-09-27,OPTSTK,STRTECH,42.5,PE,0.0,0.0,0.0,11.4,11.0,0,0.0,0
2012-08-16,2012-09-27,OPTSTK,STRTECH,45.0,PE,0.0,0.0,0.0,13.7,13.4,0,0.0,0
2012-08-16,2012-09-27,OPTSTK,STRTECH,47.5,PE,0.0,0.0,0.0,16.05,15.9,0,0.0,0
2012-08-16,2012-09-27,OPTSTK,STRTECH,50.0,PE,0.0,0.0,0.0,18.45,18.35,0,0.0,0
2012-08-16,2012-09-27,OPTSTK,STRTECH,52.5,PE,0.0,0.0,0.0,20.85,20.85,0,0.0,0
2012-08-16,2012-08-30,OPTSTK,SUNPHARMA,300.0,CE,0.0,0.0,0.0,274.2,363.45,0,0.0,0
2012-08-16,2012-08-30,OPTSTK,SUNPHARMA,320.0,CE,0.0,0.0,0.0,254.7,343.55,0,0.0,0
2012-08-16,2012-08-30,OPTSTK,SUNPHARMA,340.0,CE,0.0,0.0,0.0,235.15,323.6,0,0.0,0
2012-08-16,2012-08-30,OPTSTK,SUNPHARMA,360.0,CE,0.0,0.0,0.0,215.65,303.65,0,0.0,0
2012-08-16,2012-08-30,OPTSTK,SUNPHARMA,380.0,CE,0.0,0.0,0.0,196.15,283.75,0,0.0,0
2012-08-16,2012-08-30,OPTSTK,SUNPHARMA,400.0,CE,0.0,0.0,0.0,176.75,263.8,0,0.0,0
2012-08-16,2012-08-30,OPTSTK,SUNPHARMA,420.0,CE,0.0,0.0,0.0,157.5,243.85,0,0.0,0
2012-08-16,2012-08-30,OPTSTK,SUNPHARMA,440.0,CE,0.0,0.0,0.0,138.5,223.95,0,0.0,0
2012-08-16,2012-08-30,OPTSTK,SUNPHARMA,460.0,CE,0.0,0.0,0.0,120.05,204.0,0,0.0,0
2012-08-16,2012-08-30,OPTSTK,SUNPHARMA,480.0,CE,0.0,0.0,0.0,102.3,184.05,0,0.0,0
2012-08-16,2012-08-30,OPTSTK,SUNPHARMA,500.0,CE,0.0,0.0,0.0,85.65,164.15,0,0.0,0
2012-08-16,2012-08-30,OPTSTK,SUNPHARMA,520.0,CE,0.0,0.0,0.0,70.35,144.2,0,0.0,0
2012-08-16,2012-08-30,OPTSTK,SUNPHARMA,540.0,CE,0.0,0.0,0.0,56.55,124.3,0,0.0,0
2012-08-16,2012-08-30,OPTSTK,SUNPHARMA,560.0,CE,0.0,0.0,0.0,44.6,104.35,0,0.0,0
2012-08-16,2012-08-30,OPTSTK,SUNPHARMA,580.0,CE,0.0,0.0,0.0,34.45,84.4,0,0.0,0
2012-08-16,2012-08-30,OPTSTK,SUNPHARMA,600.0,CE,0.0,0.0,0.0,27.05,64.55,0,0.0,2000
2012-08-16,2012-08-30,OPTSTK,SUNPHARMA,620.0,CE,47.0,47.0,47.0,47.0,47.0,1,3.33,4500
2012-08-16,2012-08-30,OPTSTK,SUNPHARMA,640.0,CE,28.0,29.0,28.0,28.7,28.7,3,10.03,12500
2012-08-16,2012-08-30,OPTSTK,SUNPHARMA,660.0,CE,16.0,17.6,14.2,14.2,14.2,5,16.91,13500
2012-08-16,2012-08-30,OPTSTK,SUNPHARMA,680.0,CE,5.5,7.0,4.2,4.85,4.85,27,92.56,27000
2012-08-16,2012-08-30,OPTSTK,SUNPHARMA,700.0,CE,1.5,2.65,1.5,1.8,1.8,25,87.76,108500
2012-08-16,2012-08-30,OPTSTK,SUNPHARMA,720.0,CE,0.0,0.0,0.0,0.7,0.4,0,0.0,15000
2012-08-16,2012-08-30,OPTSTK,SUNPHARMA,740.0,CE,0.0,0.0,0.0,2.2,0.1,0,0.0,0
2012-08-16,2012-08-30,OPTSTK,SUNPHARMA,760.0,CE,0.0,0.0,0.0,1.45,0.05,0,0.0,0
2012-08-16,2012-08-30,OPTSTK,SUNPHARMA,780.0,CE,0.0,0.0,0.0,0.95,0.0,0,0.0,0
2012-08-16,2012-08-30,OPTSTK,SUNPHARMA,800.0,CE,0.0,0.0,0.0,0.6,0.0,0,0.0,0
2012-08-16,2012-08-30,OPTSTK,SUNPHARMA,820.0,CE,0.0,0.0,0.0,0.4,0.0,0,0.0,0
2012-08-16,2012-08-30,OPTSTK,SUNPHARMA,840.0,CE,0.0,0.0,0.0,0.25,0.0,0,0.0,0
2012-08-16,2012-08-30,OPTSTK,SUNPHARMA,860.0,CE,0.0,0.0,0.0,0.15,0.0,0,0.0,0
2012-08-16,2012-08-30,OPTSTK,SUNPHARMA,880.0,CE,0.0,0.0,0.0,0.1,0.0,0,0.0,0
2012-08-16,2012-08-30,OPTSTK,SUNPHARMA,300.0,PE,0.0,0.0,0.0,0.05,0.0,0,0.0,0
2012-08-16,2012-08-30,OPTSTK,SUNPHARMA,320.0,PE,0.0,0.0,0.0,0.05,0.0,0,0.0,0
2012-08-16,2012-08-30,OPTSTK,SUNPHARMA,340.0,PE,0.0,0.0,0.0,0.05,0.0,0,0.0,0
2012-08-16,2012-08-30,OPTSTK,SUNPHARMA,360.0,PE,0.0,0.0,0.0,0.05,0.0,0,0.0,0
2012-08-16,2012-08-30,OPTSTK,SUNPHARMA,380.0,PE,0.0,0.0,0.0,0.05,0.0,0,0.0,0
2012-08-16,2012-08-30,OPTSTK,SUNPHARMA,400.0,PE,0.0,0.0,0.0,0.15,0.0,0,0.0,0
2012-08-16,2012-08-30,OPTSTK,SUNPHARMA,420.0,PE,0.0,0.0,0.0,0.4,0.0,0,0.0,0
2012-08-16,2012-08-30,OPTSTK,SUNPHARMA,440.0,PE,0.0,0.0,0.0,0.95,0.0,0,0.0,0
2012-08-16,2012-08-30,OPTSTK,SUNPHARMA,460.0,PE,0.0,0.0,0.0,2.0,0.0,0,0.0,0
2012-08-16,2012-08-30,OPTSTK,SUNPHARMA,480.0,PE,0.0,0.0,0.0,3.8,0.0,0,0.0,0
2012-08-16,2012-08-30,OPTSTK,SUNPHARMA,500.0,PE,0.0,0.0,0.0,6.65,0.0,0,0.0,0
2012-08-16,2012-08-30,OPTSTK,SUNPHARMA,520.0,PE,0.0,0.0,0.0,10.85,0.0,0,0.0,0
2012-08-16,2012-08-30,OPTSTK,SUNPHARMA,540.0,PE,0.0,0.0,0.0,16.6,0.0,0,0.0,0
2012-08-16,2012-08-30,OPTSTK,SUNPHARMA,560.0,PE,0.0,0.0,0.0,24.15,0.0,0,0.0,0
2012-08-16,2012-08-30,OPTSTK,SUNPHARMA,580.0,PE,0.0,0.0,0.0,5.05,0.05,0,0.0,500
2012-08-16,2012-08-30,OPTSTK,SUNPHARMA,600.0,PE,1.45,1.45,1.45,1.45,1.45,4,12.02,10500
2012-08-16,2012-08-30,OPTSTK,SUNPHARMA,620.0,PE,1.2,1.2,0.85,0.85,0.85,3,9.31,13000
2012-08-16,2012-08-30,OPTSTK,SUNPHARMA,640.0,PE,3.5,3.5,1.8,2.35,2.35,16,51.38,58500
2012-08-16,2012-08-30,OPTSTK,SUNPHARMA,660.0,PE,5.1,6.1,5.1,5.35,5.35,9,29.94,32000
2012-08-16,2012-08-30,OPTSTK,SUNPHARMA,680.0,PE,16.45,18.1,14.05,17.9,17.9,11,38.26,11000
2012-08-16,2012-08-30,OPTSTK,SUNPHARMA,700.0,PE,0.0,0.0,0.0,33.9,36.85,0,0.0,1500
2012-08-16,2012-08-30,OPTSTK,SUNPHARMA,720.0,PE,0.0,0.0,0.0,139.0,55.55,0,0.0,0
2012-08-16,2012-08-30,OPTSTK,SUNPHARMA,740.0,PE,0.0,0.0,0.0,157.45,75.15,0,0.0,0
2012-08-16,2012-08-30,OPTSTK,SUNPHARMA,760.0,PE,0.0,0.0,0.0,176.2,95.05,0,0.0,0
2012-08-16,2012-08-30,OPTSTK,SUNPHARMA,780.0,PE,0.0,0.0,0.0,195.2,114.95,0,0.0,0
2012-08-16,2012-08-30,OPTSTK,SUNPHARMA,800.0,PE,0.0,0.0,0.0,214.4,134.9,0,0.0,0
2012-08-16,2012-08-30,OPTSTK,SUNPHARMA,820.0,PE,0.0,0.0,0.0,233.7,154.85,0,0.0,0
2012-08-16,2012-08-30,OPTSTK,SUNPHARMA,840.0,PE,0.0,0.0,0.0,253.05,174.75,0,0.0,0
2012-08-16,2012-08-30,OPTSTK,SUNPHARMA,860.0,PE,0.0,0.0,0.0,272.5,194.7,0,0.0,0
2012-08-16,2012-08-30,OPTSTK,SUNPHARMA,880.0,PE,0.0,0.0,0.0,291.95,214.65,0,0.0,0
2012-08-16,2012-09-27,OPTSTK,SUNPHARMA,300.0,CE,0.0,0.0,0.0,323.0,365.55,0,0.0,0
2012-08-16,2012-09-27,OPTSTK,SUNPHARMA,320.0,CE,0.0,0.0,0.0,303.45,345.8,0,0.0,0
2012-08-16,2012-09-27,OPTSTK,SUNPHARMA,340.0,CE,0.0,0.0,0.0,283.95,326.0,0,0.0,0
2012-08-16,2012-09-27,OPTSTK,SUNPHARMA,360.0,CE,0.0,0.0,0.0,264.4,306.2,0,0.0,0
2012-08-16,2012-09-27,OPTSTK,SUNPHARMA,380.0,CE,0.0,0.0,0.0,244.85,286.4,0,0.0,0
2012-08-16,2012-09-27,OPTSTK,SUNPHARMA,400.0,CE,0.0,0.0,0.0,225.35,266.6,0,0.0,0
2012-08-16,2012-09-27,OPTSTK,SUNPHARMA,420.0,CE,0.0,0.0,0.0,205.8,246.8,0,0.0,0
2012-08-16,2012-09-27,OPTSTK,SUNPHARMA,440.0,CE,0.0,0.0,0.0,186.3,227.0,0,0.0,0
2012-08-16,2012-09-27,OPTSTK,SUNPHARMA,460.0,CE,0.0,0.0,0.0,166.85,207.2,0,0.0,0
2012-08-16,2012-09-27,OPTSTK,SUNPHARMA,480.0,CE,0.0,0.0,0.0,147.6,187.45,0,0.0,0
2012-08-16,2012-09-27,OPTSTK,SUNPHARMA,500.0,CE,0.0,0.0,0.0,128.6,167.65,0,0.0,0
2012-08-16,2012-09-27,OPTSTK,SUNPHARMA,520.0,CE,0.0,0.0,0.0,110.15,147.85,0,0.0,0
2012-08-16,2012-09-27,OPTSTK,SUNPHARMA,540.0,CE,0.0,0.0,0.0,92.55,128.1,0,0.0,0
2012-08-16,2012-09-27,OPTSTK,SUNPHARMA,560.0,CE,0.0,0.0,0.0,76.1,108.4,0,0.0,0
2012-08-16,2012-09-27,OPTSTK,SUNPHARMA,580.0,CE,0.0,0.0,0.0,61.15,88.95,0,0.0,0
2012-08-16,2012-09-27,OPTSTK,SUNPHARMA,600.0,CE,0.0,0.0,0.0,47.9,70.15,0,0.0,0
2012-08-16,2012-09-27,OPTSTK,SUNPHARMA,620.0,CE,0.0,0.0,0.0,36.6,52.6,0,0.0,0
2012-08-16,2012-09-27,OPTSTK,SUNPHARMA,640.0,CE,0.0,0.0,0.0,27.3,37.15,0,0.0,0
2012-08-16,2012-09-27,OPTSTK,SUNPHARMA,660.0,CE,0.0,0.0,0.0,19.8,24.55,0,0.0,0
2012-08-16,2012-09-27,OPTSTK,SUNPHARMA,680.0,CE,15.0,15.0,15.0,15.0,15.0,1,3.47,1000
2012-08-16,2012-09-27,OPTSTK,SUNPHARMA,700.0,CE,9.15,9.15,9.1,9.1,9.1,5,17.72,2000
2012-08-16,2012-09-27,OPTSTK,SUNPHARMA,720.0,CE,0.0,0.0,0.0,6.55,4.45,0,0.0,0
2012-08-16,2012-09-27,OPTSTK,SUNPHARMA,740.0,CE,0.0,0.0,0.0,4.35,2.15,0,0.0,0
2012-08-16,2012-09-27,OPTSTK,SUNPHARMA,760.0,CE,0.0,0.0,0.0,2.8,0.95,0,0.0,0
2012-08-16,2012-09-27,OPTSTK,SUNPHARMA,780.0,CE,0.0,0.0,0.0,1.8,0.4,0,0.0,0
2012-08-16,2012-09-27,OPTSTK,SUNPHARMA,800.0,CE,0.0,0.0,0.0,1.1,0.15,0,0.0,0
2012-08-16,2012-09-27,OPTSTK,SUNPHARMA,820.0,CE,0.0,0.0,0.0,0.7,0.05,0,0.0,0
2012-08-16,2012-09-27,OPTSTK,SUNPHARMA,840.0,CE,0.0,0.0,0.0,0.4,0.05,0,0.0,0
2012-08-16,2012-09-27,OPTSTK,SUNPHARMA,860.0,CE,0.0,0.0,0.0,0.25,0.05,0,0.0,0
2012-08-16,2012-09-27,OPTSTK,SUNPHARMA,880.0,CE,0.0,0.0,0.0,0.15,0.0,0,0.0,0
2012-08-16,2012-09-27,OPTSTK,SUNPHARMA,300.0,PE,0.0,0.0,0.0,0.05,0.0,0,0.0,0
2012-08-16,2012-09-27,OPTSTK,SUNPHARMA,320.0,PE,0.0,0.0,0.0,0.05,0.0,0,0.0,0
2012-08-16,2012-09-27,OPTSTK,SUNPHARMA,340.0,PE,0.0,0.0,0.0,0.05,0.0,0,0.0,0
2012-08-16,2012-09-27,OPTSTK,SUNPHARMA,360.0,PE,0.0,0.0,0.0,0.05,0.0,0,0.0,0
2012-08-16,2012-09-27,OPTSTK,SUNPHARMA,380.0,PE,0.0,0.0,0.0,0.05,0.0,0,0.0,0
2012-08-16,2012-09-27,OPTSTK,SUNPHARMA,400.0,PE,0.0,0.0,0.0,0.05,0.0,0,0.0,0
2012-08-16,2012-09-27,OPTSTK,SUNPHARMA,420.0,PE,0.0,0.0,0.0,0.05,0.0,0,0.0,0
2012-08-16,2012-09-27,OPTSTK,SUNPHARMA,440.0,PE,0.0,0.0,0.0,0.05,0.0,0,0.0,0
2012-08-16,2012-09-27,OPTSTK,SUNPHARMA,460.0,PE,0.0,0.0,0.0,0.15,0.0,0,0.0,0
2012-08-16,2012-09-27,OPTSTK,SUNPHARMA,480.0,PE,0.0,0.0,0.0,0.4,0.0,0,0.0,0
2012-08-16,2012-09-27,OPTSTK,SUNPHARMA,500.0,PE,0.0,0.0,0.0,1.0,0.0,0,0.0,0
2012-08-16,2012-09-27,OPTSTK,SUNPHARMA,520.0,PE,0.0,0.0,0.0,2.05,0.0,0,0.0,0
2012-08-16,2012-09-27,OPTSTK,SUNPHARMA,540.0,PE,0.0,0.0,0.0,4.0,0.05,0,0.0,0
2012-08-16,2012-09-27,OPTSTK,SUNPHARMA,560.0,PE,0.0,0.0,0.0,7.05,0.15,0,0.0,0
2012-08-16,2012-09-27,OPTSTK,SUNPHARMA,580.0,PE,0.0,0.0,0.0,11.65,0.5,0,0.0,0
2012-08-16,2012-09-27,OPTSTK,SUNPHARMA,600.0,PE,0.0,0.0,0.0,17.95,1.5,0,0.0,0
2012-08-16,2012-09-27,OPTSTK,SUNPHARMA,620.0,PE,6.95,6.95,3.0,3.0,3.0,6,18.72,1000
2012-08-16,2012-09-27,OPTSTK,SUNPHARMA,640.0,PE,0.0,0.0,0.0,36.4,8.1,0,0.0,0
2012-08-16,2012-09-27,OPTSTK,SUNPHARMA,660.0,PE,0.0,0.0,0.0,14.0,15.25,0,0.0,500
2012-08-16,2012-09-27,OPTSTK,SUNPHARMA,680.0,PE,0.0,0.0,0.0,62.2,25.55,0,0.0,0
2012-08-16,2012-09-27,OPTSTK,SUNPHARMA,700.0,PE,0.0,0.0,0.0,77.45,38.8,0,0.0,0
2012-08-16,2012-09-27,OPTSTK,SUNPHARMA,720.0,PE,0.0,0.0,0.0,93.8,54.55,0,0.0,0
2012-08-16,2012-09-27,OPTSTK,SUNPHARMA,740.0,PE,0.0,0.0,0.0,111.1,72.05,0,0.0,0
2012-08-16,2012-09-27,OPTSTK,SUNPHARMA,760.0,PE,0.0,0.0,0.0,129.1,90.65,0,0.0,0
2012-08-16,2012-09-27,OPTSTK,SUNPHARMA,780.0,PE,0.0,0.0,0.0,147.65,109.9,0,0.0,0
2012-08-16,2012-09-27,OPTSTK,SUNPHARMA,800.0,PE,0.0,0.0,0.0,166.5,129.45,0,0.0,0
2012-08-16,2012-09-27,OPTSTK,SUNPHARMA,820.0,PE,0.0,0.0,0.0,185.6,149.15,0,0.0,0
2012-08-16,2012-09-27,OPTSTK,SUNPHARMA,840.0,PE,0.0,0.0,0.0,204.85,168.9,0,0.0,0
2012-08-16,2012-09-27,OPTSTK,SUNPHARMA,860.0,PE,0.0,0.0,0.0,224.25,188.7,0,0.0,0
2012-08-16,2012-09-27,OPTSTK,SUNPHARMA,880.0,PE,0.0,0.0,0.0,243.7,208.5,0,0.0,0
2012-08-16,2012-10-25,OPTSTK,SUNPHARMA,300.0,CE,0.0,0.0,0.0,329.5,367.6,0,0.0,0
2012-08-16,2012-10-25,OPTSTK,SUNPHARMA,320.0,CE,0.0,0.0,0.0,309.95,347.95,0,0.0,0
2012-08-16,2012-10-25,OPTSTK,SUNPHARMA,340.0,CE,0.0,0.0,0.0,290.4,328.3,0,0.0,0
2012-08-16,2012-10-25,OPTSTK,SUNPHARMA,360.0,CE,0.0,0.0,0.0,270.85,308.65,0,0.0,0
2012-08-16,2012-10-25,OPTSTK,SUNPHARMA,380.0,CE,0.0,0.0,0.0,251.3,289.0,0,0.0,0
2012-08-16,2012-10-25,OPTSTK,SUNPHARMA,400.0,CE,0.0,0.0,0.0,231.75,269.35,0,0.0,0
2012-08-16,2012-10-25,OPTSTK,SUNPHARMA,420.0,CE,0.0,0.0,0.0,212.2,249.7,0,0.0,0
2012-08-16,2012-10-25,OPTSTK,SUNPHARMA,440.0,CE,0.0,0.0,0.0,192.65,230.0,0,0.0,0
2012-08-16,2012-10-25,OPTSTK,SUNPHARMA,460.0,CE,0.0,0.0,0.0,173.15,210.35,0,0.0,0
2012-08-16,2012-10-25,OPTSTK,SUNPHARMA,480.0,CE,0.0,0.0,0.0,153.65,190.7,0,0.0,0
2012-08-16,2012-10-25,OPTSTK,SUNPHARMA,500.0,CE,0.0,0.0,0.0,134.3,171.05,0,0.0,0
2012-08-16,2012-10-25,OPTSTK,SUNPHARMA,520.0,CE,0.0,0.0,0.0,115.2,151.45,0,0.0,0
2012-08-16,2012-10-25,OPTSTK,SUNPHARMA,540.0,CE,0.0,0.0,0.0,96.65,131.95,0,0.0,0
2012-08-16,2012-10-25,OPTSTK,SUNPHARMA,560.0,CE,0.0,0.0,0.0,79.0,112.7,0,0.0,0
2012-08-16,2012-10-25,OPTSTK,SUNPHARMA,580.0,CE,0.0,0.0,0.0,62.7,93.9,0,0.0,0
2012-08-16,2012-10-25,OPTSTK,SUNPHARMA,600.0,CE,0.0,0.0,0.0,48.15,76.05,0,0.0,0
2012-08-16,2012-10-25,OPTSTK,SUNPHARMA,620.0,CE,0.0,0.0,0.0,35.7,59.6,0,0.0,0
2012-08-16,2012-10-25,OPTSTK,SUNPHARMA,640.0,CE,0.0,0.0,0.0,25.55,45.0,0,0.0,0
2012-08-16,2012-10-25,OPTSTK,SUNPHARMA,660.0,CE,0.0,0.0,0.0,17.6,32.6,0,0.0,0
2012-08-16,2012-10-25,OPTSTK,SUNPHARMA,680.0,CE,0.0,0.0,0.0,11.7,22.65,0,0.0,0
2012-08-16,2012-10-25,OPTSTK,SUNPHARMA,700.0,CE,0.0,0.0,0.0,7.5,15.1,0,0.0,0
2012-08-16,2012-10-25,OPTSTK,SUNPHARMA,720.0,CE,0.0,0.0,0.0,4.65,9.65,0,0.0,0
2012-08-16,2012-10-25,OPTSTK,SUNPHARMA,740.0,CE,0.0,0.0,0.0,2.8,5.9,0,0.0,0
2012-08-16,2012-10-25,OPTSTK,SUNPHARMA,760.0,CE,0.0,0.0,0.0,1.6,3.45,0,0.0,0
2012-08-16,2012-10-25,OPTSTK,SUNPHARMA,780.0,CE,0.0,0.0,0.0,0.9,1.95,0,0.0,0
2012-08-16,2012-10-25,OPTSTK,SUNPHARMA,800.0,CE,0.0,0.0,0.0,0.5,1.05,0,0.0,0
2012-08-16,2012-10-25,OPTSTK,SUNPHARMA,820.0,CE,0.0,0.0,0.0,0.25,0.55,0,0.0,0
2012-08-16,2012-10-25,OPTSTK,SUNPHARMA,840.0,CE,0.0,0.0,0.0,0.15,0.3,0,0.0,0
2012-08-16,2012-10-25,OPTSTK,SUNPHARMA,860.0,CE,0.0,0.0,0.0,0.1,0.15,0,0.0,0
2012-08-16,2012-10-25,OPTSTK,SUNPHARMA,880.0,CE,0.0,0.0,0.0,0.05,0.1,0,0.0,0
2012-08-16,2012-10-25,OPTSTK,SUNPHARMA,300.0,PE,0.0,0.0,0.0,0.05,0.0,0,0.0,0
2012-08-16,2012-10-25,OPTSTK,SUNPHARMA,320.0,PE,0.0,0.0,0.0,0.05,0.0,0,0.0,0
2012-08-16,2012-10-25,OPTSTK,SUNPHARMA,340.0,PE,0.0,0.0,0.0,0.05,0.0,0,0.0,0
2012-08-16,2012-10-25,OPTSTK,SUNPHARMA,360.0,PE,0.0,0.0,0.0,0.05,0.0,0,0.0,0
2012-08-16,2012-10-25,OPTSTK,SUNPHARMA,380.0,PE,0.0,0.0,0.0,0.05,0.0,0,0.0,0
2012-08-16,2012-10-25,OPTSTK,SUNPHARMA,400.0,PE,0.0,0.0,0.0,0.05,0.0,0,0.0,0
2012-08-16,2012-10-25,OPTSTK,SUNPHARMA,420.0,PE,0.0,0.0,0.0,0.05,0.0,0,0.0,0
2012-08-16,2012-10-25,OPTSTK,SUNPHARMA,440.0,PE,0.0,0.0,0.0,0.05,0.0,0,0.0,0
2012-08-16,2012-10-25,OPTSTK,SUNPHARMA,460.0,PE,0.0,0.0,0.0,0.05,0.0,0,0.0,0
2012-08-16,2012-10-25,OPTSTK,SUNPHARMA,480.0,PE,0.0,0.0,0.0,0.1,0.0,0,0.0,0
2012-08-16,2012-10-25,OPTSTK,SUNPHARMA,500.0,PE,0.0,0.0,0.0,0.3,0.05,0,0.0,0
2012-08-16,2012-10-25,OPTSTK,SUNPHARMA,520.0,PE,0.0,0.0,0.0,0.75,0.1,0,0.0,0
2012-08-16,2012-10-25,OPTSTK,SUNPHARMA,540.0,PE,0.0,0.0,0.0,1.75,0.2,0,0.0,0
2012-08-16,2012-10-25,OPTSTK,SUNPHARMA,560.0,PE,0.0,0.0,0.0,3.6,0.6,0,0.0,0
2012-08-16,2012-10-25,OPTSTK,SUNPHARMA,580.0,PE,0.0,0.0,0.0,6.85,1.5,0,0.0,0
2012-08-16,2012-10-25,OPTSTK,SUNPHARMA,600.0,PE,0.0,0.0,0.0,11.85,3.3,0,0.0,0
2012-08-16,2012-10-25,OPTSTK,SUNPHARMA,620.0,PE,0.0,0.0,0.0,19.0,6.5,0,0.0,0
2012-08-16,2012-10-25,OPTSTK,SUNPHARMA,640.0,PE,0.0,0.0,0.0,28.35,11.55,0,0.0,0
2012-08-16,2012-10-25,OPTSTK,SUNPHARMA,660.0,PE,0.0,0.0,0.0,40.0,18.85,0,0.0,0
2012-08-16,2012-10-25,OPTSTK,SUNPHARMA,680.0,PE,0.0,0.0,0.0,53.6,28.55,0,0.0,0
2012-08-16,2012-10-25,OPTSTK,SUNPHARMA,700.0,PE,0.0,0.0,0.0,68.95,40.6,0,0.0,0
2012-08-16,2012-10-25,OPTSTK,SUNPHARMA,720.0,PE,0.0,0.0,0.0,85.65,54.85,0,0.0,0
2012-08-16,2012-10-25,OPTSTK,SUNPHARMA,740.0,PE,0.0,0.0,0.0,103.35,70.75,0,0.0,0
2012-08-16,2012-10-25,OPTSTK,SUNPHARMA,760.0,PE,0.0,0.0,0.0,121.7,87.95,0,0.0,0
2012-08-16,2012-10-25,OPTSTK,SUNPHARMA,780.0,PE,0.0,0.0,0.0,140.55,106.1,0,0.0,0
2012-08-16,2012-10-25,OPTSTK,SUNPHARMA,800.0,PE,0.0,0.0,0.0,159.7,124.85,0,0.0,0
2012-08-16,2012-10-25,OPTSTK,SUNPHARMA,820.0,PE,0.0,0.0,0.0,179.0,144.05,0,0.0,0
2012-08-16,2012-10-25,OPTSTK,SUNPHARMA,840.0,PE,0.0,0.0,0.0,198.45,163.4,0,0.0,0
2012-08-16,2012-10-25,OPTSTK,SUNPHARMA,860.0,PE,0.0,0.0,0.0,217.9,182.95,0,0.0,0
2012-08-16,2012-10-25,OPTSTK,SUNPHARMA,880.0,PE,0.0,0.0,0.0,237.45,202.5,0,0.0,0
2012-08-16,2012-08-30,OPTSTK,SUNTV,160.0,CE,0.0,0.0,0.0,83.15,145.55,0,0.0,0
2012-08-16,2012-08-30,OPTSTK,SUNTV,170.0,CE,0.0,0.0,0.0,73.75,135.6,0,0.0,0
2012-08-16,2012-08-30,OPTSTK,SUNTV,180.0,CE,0.0,0.0,0.0,64.6,125.6,0,0.0,0
2012-08-16,2012-08-30,OPTSTK,SUNTV,190.0,CE,0.0,0.0,0.0,55.85,115.65,0,0.0,0
2012-08-16,2012-08-30,OPTSTK,SUNTV,200.0,CE,0.0,0.0,0.0,60.0,105.7,0,0.0,2000
2012-08-16,2012-08-30,OPTSTK,SUNTV,210.0,CE,0.0,0.0,0.0,40.05,95.75,0,0.0,0
2012-08-16,2012-08-30,OPTSTK,SUNTV,220.0,CE,0.0,0.0,0.0,33.15,85.8,0,0.0,0
2012-08-16,2012-08-30,OPTSTK,SUNTV,230.0,CE,0.0,0.0,0.0,27.1,75.85,0,0.0,0
2012-08-16,2012-08-30,OPTSTK,SUNTV,240.0,CE,0.0,0.0,0.0,30.0,66.05,0,0.0,0
2012-08-16,2012-08-30,OPTSTK,SUNTV,250.0,CE,0.0,0.0,0.0,42.0,56.4,0,0.0,6000
2012-08-16,2012-08-30,OPTSTK,SUNTV,260.0,CE,48.6,48.6,48.6,48.6,48.6,1,3.08,13000
2012-08-16,2012-08-30,OPTSTK,SUNTV,270.0,CE,0.0,0.0,0.0,33.9,38.35,0,0.0,19000
2012-08-16,2012-08-30,OPTSTK,SUNTV,280.0,CE,0.0,0.0,0.0,23.9,30.3,0,0.0,36000
2012-08-16,2012-08-30,OPTSTK,SUNTV,290.0,CE,20.25,20.25,19.0,19.0,19.0,2,6.19,24000
2012-08-16,2012-08-30,OPTSTK,SUNTV,300.0,CE,13.0,13.95,10.4,11.1,11.1,13,40.59,38000
2012-08-16,2012-08-30,OPTSTK,SUNTV,310.0,CE,7.05,8.25,6.7,6.7,6.7,11,34.95,18000
2012-08-16,2012-08-30,OPTSTK,SUNTV,320.0,CE,6.0,6.0,2.8,2.8,2.8,9,29.19,28000
2012-08-16,2012-08-30,OPTSTK,SUNTV,330.0,CE,2.0,2.0,1.65,1.7,1.7,7,23.22,16000
2012-08-16,2012-08-30,OPTSTK,SUNTV,340.0,CE,0.0,0.0,0.0,0.7,3.75,0,0.0,1000
2012-08-16,2012-08-30,OPTSTK,SUNTV,360.0,CE,0.0,0.0,0.0,5.45,1.45,0,0.0,0
2012-08-16,2012-08-30,OPTSTK,SUNTV,380.0,CE,0.0,0.0,0.0,3.75,0.5,0,0.0,0
2012-08-16,2012-08-30,OPTSTK,SUNTV,400.0,CE,0.0,0.0,0.0,2.55,0.15,0,0.0,0
2012-08-16,2012-08-30,OPTSTK,SUNTV,420.0,CE,0.0,0.0,0.0,1.75,0.05,0,0.0,0
2012-08-16,2012-08-30,OPTSTK,SUNTV,160.0,PE,0.0,0.0,0.0,0.3,0.0,0,0.0,0
2012-08-16,2012-08-30,OPTSTK,SUNTV,170.0,PE,0.0,0.0,0.0,0.65,0.0,0,0.0,0
2012-08-16,2012-08-30,OPTSTK,SUNTV,180.0,PE,0.0,0.0,0.0,1.25,0.0,0,0.0,0
2012-08-16,2012-08-30,OPTSTK,SUNTV,190.0,PE,0.0,0.0,0.0,2.25,0.0,0,0.0,0
2012-08-16,2012-08-30,OPTSTK,SUNTV,200.0,PE,0.0,0.0,0.0,0.1,0.0,0,0.0,8000
2012-08-16,2012-08-30,OPTSTK,SUNTV,210.0,PE,0.0,0.0,0.0,0.95,0.0,0,0.0,33000
2012-08-16,2012-08-30,OPTSTK,SUNTV,220.0,PE,0.0,0.0,0.0,8.85,0.05,0,0.0,0
2012-08-16,2012-08-30,OPTSTK,SUNTV,230.0,PE,0.0,0.0,0.0,1.25,0.1,0,0.0,3000
2012-08-16,2012-08-30,OPTSTK,SUNTV,240.0,PE,0.0,0.0,0.0,0.8,0.25,0,0.0,13000
2012-08-16,2012-08-30,OPTSTK,SUNTV,250.0,PE,0.3,0.3,0.3,0.3,0.3,7,17.52,38000
2012-08-16,2012-08-30,OPTSTK,SUNTV,260.0,PE,0.9,0.9,0.9,0.9,0.9,1,2.6,66000
2012-08-16,2012-08-30,OPTSTK,SUNTV,270.0,PE,0.6,0.6,0.6,0.6,0.6,1,2.7,21000
2012-08-16,2012-08-30,OPTSTK,SUNTV,280.0,PE,1.2,1.2,1.1,1.1,1.1,3,8.43,26000
2012-08-16,2012-08-30,OPTSTK,SUNTV,290.0,PE,2.1,2.8,2.1,2.65,2.65,3,8.77,21000
2012-08-16,2012-08-30,OPTSTK,SUNTV,300.0,PE,4.35,5.7,4.25,5.25,5.25,17,51.86,26000
2012-08-16,2012-08-30,OPTSTK,SUNTV,310.0,PE,10.0,10.0,8.75,8.75,8.75,2,6.38,8000
2012-08-16,2012-08-30,OPTSTK,SUNTV,320.0,PE,0.0,0.0,0.0,75.85,22.5,0,0.0,0
2012-08-16,2012-08-30,OPTSTK,SUNTV,330.0,PE,0.0,0.0,0.0,84.9,29.7,0,0.0,0
2012-08-16,2012-08-30,OPTSTK,SUNTV,340.0,PE,0.0,0.0,0.0,94.15,37.6,0,0.0,0
2012-08-16,2012-08-30,OPTSTK,SUNTV,360.0,PE,0.0,0.0,0.0,100.05,55.25,0,0.0,0
2012-08-16,2012-08-30,OPTSTK,SUNTV,380.0,PE,0.0,0.0,0.0,117.9,74.25,0,0.0,0
2012-08-16,2012-08-30,OPTSTK,SUNTV,400.0,PE,0.0,0.0,0.0,136.3,93.85,0,0.0,0
2012-08-16,2012-08-30,OPTSTK,SUNTV,420.0,PE,0.0,0.0,0.0,155.05,113.65,0,0.0,0
2012-08-16,2012-09-27,OPTSTK,SUNTV,160.0,CE,0.0,0.0,0.0,142.2,146.7,0,0.0,0
2012-08-16,2012-09-27,OPTSTK,SUNTV,180.0,CE,0.0,0.0,0.0,122.9,126.95,0,0.0,0
2012-08-16,2012-09-27,OPTSTK,SUNTV,200.0,CE,0.0,0.0,0.0,104.15,107.35,0,0.0,0
2012-08-16,2012-09-27,OPTSTK,SUNTV,220.0,CE,0.0,0.0,0.0,86.35,88.3,0,0.0,0
2012-08-16,2012-09-27,OPTSTK,SUNTV,240.0,CE,0.0,0.0,0.0,69.9,70.3,0,0.0,0
2012-08-16,2012-09-27,OPTSTK,SUNTV,260.0,CE,0.0,0.0,0.0,55.3,54.0,0,0.0,0
2012-08-16,2012-09-27,OPTSTK,SUNTV,280.0,CE,0.0,0.0,0.0,42.75,39.95,0,0.0,0
2012-08-16,2012-09-27,OPTSTK,SUNTV,300.0,CE,0.0,0.0,0.0,32.35,28.45,0,0.0,0
2012-08-16,2012-09-27,OPTSTK,SUNTV,320.0,CE,0.0,0.0,0.0,24.0,19.6,0,0.0,0
2012-08-16,2012-09-27,OPTSTK,SUNTV,340.0,CE,0.0,0.0,0.0,17.5,13.05,0,0.0,0
2012-08-16,2012-09-27,OPTSTK,SUNTV,360.0,CE,0.0,0.0,0.0,12.55,8.45,0,0.0,0
2012-08-16,2012-09-27,OPTSTK,SUNTV,380.0,CE,0.0,0.0,0.0,8.9,5.3,0,0.0,0
2012-08-16,2012-09-27,OPTSTK,SUNTV,400.0,CE,0.0,0.0,0.0,6.2,3.25,0,0.0,0
2012-08-16,2012-09-27,OPTSTK,SUNTV,420.0,CE,0.0,0.0,0.0,4.3,1.95,0,0.0,0
2012-08-16,2012-09-27,OPTSTK,SUNTV,160.0,PE,0.0,0.0,0.0,0.1,0.05,0,0.0,0
2012-08-16,2012-09-27,OPTSTK,SUNTV,180.0,PE,0.0,0.0,0.0,0.4,0.1,0,0.0,0
2012-08-16,2012-09-27,OPTSTK,SUNTV,200.0,PE,0.0,0.0,0.0,1.15,0.3,0,0.0,0
2012-08-16,2012-09-27,OPTSTK,SUNTV,220.0,PE,0.0,0.0,0.0,2.9,1.05,0,0.0,0
2012-08-16,2012-09-27,OPTSTK,SUNTV,240.0,PE,0.0,0.0,0.0,6.0,2.85,0,0.0,0
2012-08-16,2012-09-27,OPTSTK,SUNTV,260.0,PE,0.0,0.0,0.0,10.9,6.3,0,0.0,0
2012-08-16,2012-09-27,OPTSTK,SUNTV,280.0,PE,0.0,0.0,0.0,17.85,12.05,0,0.0,0
2012-08-16,2012-09-27,OPTSTK,SUNTV,300.0,PE,0.0,0.0,0.0,27.0,20.35,0,0.0,0
2012-08-16,2012-09-27,OPTSTK,SUNTV,320.0,PE,0.0,0.0,0.0,38.2,31.3,0,0.0,0
2012-08-16,2012-09-27,OPTSTK,SUNTV,340.0,PE,0.0,0.0,0.0,51.2,44.5,0,0.0,0
2012-08-16,2012-09-27,OPTSTK,SUNTV,360.0,PE,0.0,0.0,0.0,65.85,59.7,0,0.0,0
2012-08-16,2012-09-27,OPTSTK,SUNTV,380.0,PE,0.0,0.0,0.0,81.7,76.4,0,0.0,0
2012-08-16,2012-09-27,OPTSTK,SUNTV,400.0,PE,0.0,0.0,0.0,98.55,94.15,0,0.0,0
2012-08-16,2012-09-27,OPTSTK,SUNTV,420.0,PE,0.0,0.0,0.0,116.2,112.65,0,0.0,0
2012-08-16,2012-10-25,OPTSTK,SUNTV,160.0,CE,0.0,0.0,0.0,139.6,147.85,0,0.0,0
2012-08-16,2012-10-25,OPTSTK,SUNTV,180.0,CE,0.0,0.0,0.0,120.2,128.5,0,0.0,0
2012-08-16,2012-10-25,OPTSTK,SUNTV,200.0,CE,0.0,0.0,0.0,101.15,109.65,0,0.0,0
2012-08-16,2012-10-25,OPTSTK,SUNTV,220.0,CE,0.0,0.0,0.0,82.9,91.7,0,0.0,0
2012-08-16,2012-10-25,OPTSTK,SUNTV,240.0,CE,0.0,0.0,0.0,66.0,75.1,0,0.0,0
2012-08-16,2012-10-25,OPTSTK,SUNTV,260.0,CE,0.0,0.0,0.0,51.0,60.2,0,0.0,0
2012-08-16,2012-10-25,OPTSTK,SUNTV,280.0,CE,0.0,0.0,0.0,38.2,47.3,0,0.0,0
2012-08-16,2012-10-25,OPTSTK,SUNTV,300.0,CE,0.0,0.0,0.0,27.8,36.45,0,0.0,0
2012-08-16,2012-10-25,OPTSTK,SUNTV,320.0,CE,0.0,0.0,0.0,19.7,27.6,0,0.0,0
2012-08-16,2012-10-25,OPTSTK,SUNTV,340.0,CE,0.0,0.0,0.0,13.6,20.55,0,0.0,0
2012-08-16,2012-10-25,OPTSTK,SUNTV,360.0,CE,0.0,0.0,0.0,9.25,15.1,0,0.0,0
2012-08-16,2012-10-25,OPTSTK,SUNTV,380.0,CE,0.0,0.0,0.0,6.1,11.0,0,0.0,0
2012-08-16,2012-10-25,OPTSTK,SUNTV,400.0,CE,0.0,0.0,0.0,4.0,7.9,0,0.0,0
2012-08-16,2012-10-25,OPTSTK,SUNTV,420.0,CE,0.0,0.0,0.0,2.55,5.6,0,0.0,0
2012-08-16,2012-10-25,OPTSTK,SUNTV,160.0,PE,0.0,0.0,0.0,0.05,0.1,0,0.0,0
2012-08-16,2012-10-25,OPTSTK,SUNTV,180.0,PE,0.0,0.0,0.0,0.2,0.4,0,0.0,0
2012-08-16,2012-10-25,OPTSTK,SUNTV,200.0,PE,0.0,0.0,0.0,0.7,1.2,0,0.0,0
2012-08-16,2012-10-25,OPTSTK,SUNTV,220.0,PE,0.0,0.0,0.0,2.0,2.95,0,0.0,0
2012-08-16,2012-10-25,OPTSTK,SUNTV,240.0,PE,0.0,0.0,0.0,4.65,5.95,0,0.0,0
2012-08-16,2012-10-25,OPTSTK,SUNTV,260.0,PE,0.0,0.0,0.0,9.2,10.75,0,0.0,0
2012-08-16,2012-10-25,OPTSTK,SUNTV,280.0,PE,0.0,0.0,0.0,15.95,17.45,0,0.0,0
2012-08-16,2012-10-25,OPTSTK,SUNTV,300.0,PE,0.0,0.0,0.0,25.1,26.3,0,0.0,0
2012-08-16,2012-10-25,OPTSTK,SUNTV,320.0,PE,0.0,0.0,0.0,36.55,37.1,0,0.0,0
2012-08-16,2012-10-25,OPTSTK,SUNTV,340.0,PE,0.0,0.0,0.0,50.0,49.7,0,0.0,0
2012-08-16,2012-10-25,OPTSTK,SUNTV,360.0,PE,0.0,0.0,0.0,65.15,63.95,0,0.0,0
2012-08-16,2012-10-25,OPTSTK,SUNTV,380.0,PE,0.0,0.0,0.0,81.6,79.45,0,0.0,0
2012-08-16,2012-10-25,OPTSTK,SUNTV,400.0,PE,0.0,0.0,0.0,99.0,96.0,0,0.0,0
2012-08-16,2012-10-25,OPTSTK,SUNTV,420.0,PE,0.0,0.0,0.0,117.15,113.4,0,0.0,0
2012-08-16,2012-08-30,OPTSTK,SUZLON,5.0,CE,0.0,0.0,0.0,13.05,12.05,0,0.0,0
2012-08-16,2012-08-30,OPTSTK,SUZLON,7.5,CE,0.0,0.0,0.0,10.6,9.55,0,0.0,0
2012-08-16,2012-08-30,OPTSTK,SUZLON,10.0,CE,0.0,0.0,0.0,8.25,7.05,0,0.0,0
2012-08-16,2012-08-30,OPTSTK,SUZLON,12.5,CE,0.0,0.0,0.0,6.1,4.55,0,0.0,0
2012-08-16,2012-08-30,OPTSTK,SUZLON,15.0,CE,0.0,0.0,0.0,2.1,2.15,0,0.0,32000
2012-08-16,2012-08-30,OPTSTK,SUZLON,17.5,CE,0.35,0.35,0.3,0.3,0.3,3,4.27,2144000
2012-08-16,2012-08-30,OPTSTK,SUZLON,20.0,CE,0.1,0.1,0.1,0.1,0.1,15,24.12,3968000
2012-08-16,2012-08-30,OPTSTK,SUZLON,22.5,CE,0.0,0.0,0.0,0.05,0.0,0,0.0,1368000
2012-08-16,2012-08-30,OPTSTK,SUZLON,25.0,CE,0.0,0.0,0.0,0.05,0.0,0,0.0,760000
2012-08-16,2012-08-30,OPTSTK,SUZLON,27.5,CE,0.0,0.0,0.0,0.05,0.0,0,0.0,16000
2012-08-16,2012-08-30,OPTSTK,SUZLON,30.0,CE,0.0,0.0,0.0,0.25,0.0,0,0.0,96000
2012-08-16,2012-08-30,OPTSTK,SUZLON,32.5,CE,0.0,0.0,0.0,0.05,0.0,0,0.0,168000
2012-08-16,2012-08-30,OPTSTK,SUZLON,35.0,CE,0.0,0.0,0.0,0.05,0.0,0,0.0,56000
2012-08-16,2012-08-30,OPTSTK,SUZLON,37.5,CE,0.0,0.0,0.0,0.1,0.0,0,0.0,0
2012-08-16,2012-08-30,OPTSTK,SUZLON,40.0,CE,0.0,0.0,0.0,0.1,0.0,0,0.0,0
2012-08-16,2012-08-30,OPTSTK,SUZLON,42.5,CE,0.0,0.0,0.0,0.05,0.0,0,0.0,0
2012-08-16,2012-08-30,OPTSTK,SUZLON,5.0,PE,0.0,0.0,0.0,0.05,0.0,0,0.0,0
2012-08-16,2012-08-30,OPTSTK,SUZLON,7.5,PE,0.0,0.0,0.0,0.05,0.0,0,0.0,0
2012-08-16,2012-08-30,OPTSTK,SUZLON,10.0,PE,0.05,0.05,0.05,0.05,0.05,25,20.1,296000
2012-08-16,2012-08-30,OPTSTK,SUZLON,12.5,PE,0.1,0.1,0.05,0.05,0.05,35,35.24,520000
2012-08-16,2012-08-30,OPTSTK,SUZLON,15.0,PE,0.1,0.1,0.1,0.1,0.1,1,1.2,608000
2012-08-16,2012-08-30,OPTSTK,SUZLON,17.5,PE,0.0,0.0,0.0,0.85,0.95,0,0.0,1240000
2012-08-16,2012-08-30,OPTSTK,SUZLON,20.0,PE,0.0,0.0,0.0,3.0,3.0,0,0.0,464000
2012-08-16,2012-08-30,OPTSTK,SUZLON,22.5,PE,0.0,0.0,0.0,5.15,5.45,0,0.0,32000
2012-08-16,2012-08-30,OPTSTK,SUZLON,25.0,PE,0.0,0.0,0.0,6.05,7.95,0,0.0,320000
2012-08-16,2012-08-30,OPTSTK,SUZLON,27.5,PE,0.0,0.0,0.0,10.4,10.45,0,0.0,72000
2012-08-16,2012-08-30,OPTSTK,SUZLON,30.0,PE,0.0,0.0,0.0,12.8,12.9,0,0.0,208000
2012-08-16,2012-08-30,OPTSTK,SUZLON,32.5,PE,0.0,0.0,0.0,14.05,15.4,0,0.0,0
2012-08-16,2012-08-30,OPTSTK,SUZLON,35.0,PE,0.0,0.0,0.0,16.4,17.9,0,0.0,0
2012-08-16,2012-08-30,OPTSTK,SUZLON,37.5,PE,0.0,0.0,0.0,18.8,20.4,0,0.0,0
2012-08-16,2012-08-30,OPTSTK,SUZLON,40.0,PE,0.0,0.0,0.0,22.5,22.9,0,0.0,8000
2012-08-16,2012-08-30,OPTSTK,SUZLON,42.5,PE,0.0,0.0,0.0,23.65,25.4,0,0.0,0
2012-08-16,2012-09-27,OPTSTK,SUZLON,5.0,CE,0.0,0.0,0.0,13.1,12.05,0,0.0,0
2012-08-16,2012-09-27,OPTSTK,SUZLON,7.5,CE,0.0,0.0,0.0,10.65,9.6,0,0.0,0
2012-08-16,2012-09-27,OPTSTK,SUZLON,10.0,CE,0.0,0.0,0.0,8.2,7.1,0,0.0,0
2012-08-16,2012-09-27,OPTSTK,SUZLON,12.5,CE,0.0,0.0,0.0,5.85,4.7,0,0.0,0
2012-08-16,2012-09-27,OPTSTK,SUZLON,15.0,CE,0.0,0.0,0.0,3.7,2.5,0,0.0,0
2012-08-16,2012-09-27,OPTSTK,SUZLON,17.5,CE,0.0,0.0,0.0,2.1,1.05,0,0.0,0
2012-08-16,2012-09-27,OPTSTK,SUZLON,20.0,CE,0.0,0.0,0.0,1.05,0.35,0,0.0,0
2012-08-16,2012-09-27,OPTSTK,SUZLON,22.5,CE,0.0,0.0,0.0,0.5,0.1,0,0.0,0
2012-08-16,2012-09-27,OPTSTK,SUZLON,25.0,CE,0.0,0.0,0.0,0.2,0.05,0,0.0,0
2012-08-16,2012-09-27,OPTSTK,SUZLON,27.5,CE,0.0,0.0,0.0,1.1,0.0,0,0.0,24000
2012-08-16,2012-09-27,OPTSTK,SUZLON,30.0,CE,0.0,0.0,0.0,0.05,0.0,0,0.0,320000
2012-08-16,2012-09-27,OPTSTK,SUZLON,32.5,CE,0.0,0.0,0.0,0.05,0.0,0,0.0,0
2012-08-16,2012-09-27,OPTSTK,SUZLON,35.0,CE,0.0,0.0,0.0,0.05,0.0,0,0.0,0
2012-08-16,2012-09-27,OPTSTK,SUZLON,37.5,CE,0.0,0.0,0.0,0.05,0.0,0,0.0,800000
2012-08-16,2012-09-27,OPTSTK,SUZLON,40.0,CE,0.0,0.0,0.0,0.05,0.0,0,0.0,800000
2012-08-16,2012-09-27,OPTSTK,SUZLON,42.5,CE,0.0,0.0,0.0,0.05,0.0,0,0.0,0
2012-08-16,2012-09-27,OPTSTK,SUZLON,5.0,PE,0.0,0.0,0.0,0.05,0.0,0,0.0,0
2012-08-16,2012-09-27,OPTSTK,SUZLON,7.5,PE,0.0,0.0,0.0,0.05,0.0,0,0.0,0
2012-08-16,2012-09-27,OPTSTK,SUZLON,10.0,PE,0.0,0.0,0.0,0.05,0.0,0,0.0,0
2012-08-16,2012-09-27,OPTSTK,SUZLON,12.5,PE,0.0,0.0,0.0,0.05,0.05,0,0.0,192000
2012-08-16,2012-09-27,OPTSTK,SUZLON,15.0,PE,0.0,0.0,0.0,0.15,0.35,0,0.0,240000
2012-08-16,2012-09-27,OPTSTK,SUZLON,17.5,PE,0.0,0.0,0.0,1.25,1.4,0,0.0,0
2012-08-16,2012-09-27,OPTSTK,SUZLON,20.0,PE,0.0,0.0,0.0,2.65,3.15,0,0.0,0
2012-08-16,2012-09-27,OPTSTK,SUZLON,22.5,PE,0.0,0.0,0.0,4.5,5.4,0,0.0,0
2012-08-16,2012-09-27,OPTSTK,SUZLON,25.0,PE,0.0,0.0,0.0,6.7,7.8,0,0.0,0
2012-08-16,2012-09-27,OPTSTK,SUZLON,27.5,PE,0.0,0.0,0.0,9.0,10.25,0,0.0,0
2012-08-16,2012-09-27,OPTSTK,SUZLON,30.0,PE,0.0,0.0,0.0,11.4,12.7,0,0.0,0
2012-08-16,2012-09-27,OPTSTK,SUZLON,32.5,PE,0.0,0.0,0.0,13.85,15.2,0,0.0,0
2012-08-16,2012-09-27,OPTSTK,SUZLON,35.0,PE,0.0,0.0,0.0,16.25,17.65,0,0.0,0
2012-08-16,2012-09-27,OPTSTK,SUZLON,37.5,PE,0.0,0.0,0.0,18.7,20.15,0,0.0,0
2012-08-16,2012-09-27,OPTSTK,SUZLON,40.0,PE,0.0,0.0,0.0,21.15,22.6,0,0.0,0
2012-08-16,2012-09-27,OPTSTK,SUZLON,42.5,PE,0.0,0.0,0.0,23.6,25.1,0,0.0,0
2012-08-16,2012-10-25,OPTSTK,SUZLON,5.0,CE,0.0,0.0,0.0,12.4,12.1,0,0.0,0
2012-08-16,2012-10-25,OPTSTK,SUZLON,7.5,CE,0.0,0.0,0.0,9.95,9.65,0,0.0,0
2012-08-16,2012-10-25,OPTSTK,SUZLON,10.0,CE,0.0,0.0,0.0,7.5,7.2,0,0.0,0
2012-08-16,2012-10-25,OPTSTK,SUZLON,12.5,CE,0.0,0.0,0.0,5.1,4.85,0,0.0,0
2012-08-16,2012-10-25,OPTSTK,SUZLON,15.0,CE,0.0,0.0,0.0,2.9,2.85,0,0.0,0
2012-08-16,2012-10-25,OPTSTK,SUZLON,17.5,CE,0.0,0.0,0.0,1.35,1.45,0,0.0,0
2012-08-16,2012-10-25,OPTSTK,SUZLON,20.0,CE,0.0,0.0,0.0,0.5,0.65,0,0.0,0
2012-08-16,2012-10-25,OPTSTK,SUZLON,22.5,CE,0.0,0.0,0.0,0.15,0.3,0,0.0,0
2012-08-16,2012-10-25,OPTSTK,SUZLON,25.0,CE,0.0,0.0,0.0,0.05,0.1,0,0.0,0
2012-08-16,2012-10-25,OPTSTK,SUZLON,27.5,CE,0.0,0.0,0.0,0.05,0.05,0,0.0,0
2012-08-16,2012-10-25,OPTSTK,SUZLON,30.0,CE,0.0,0.0,0.0,0.05,0.05,0,0.0,0
2012-08-16,2012-10-25,OPTSTK,SUZLON,32.5,CE,0.0,0.0,0.0,0.05,0.0,0,0.0,0
2012-08-16,2012-10-25,OPTSTK,SUZLON,35.0,CE,0.0,0.0,0.0,0.05,0.0,0,0.0,0
2012-08-16,2012-10-25,OPTSTK,SUZLON,37.5,CE,0.0,0.0,0.0,0.05,0.0,0,0.0,0
2012-08-16,2012-10-25,OPTSTK,SUZLON,40.0,CE,0.0,0.0,0.0,0.05,0.0,0,0.0,0
2012-08-16,2012-10-25,OPTSTK,SUZLON,42.5,CE,0.0,0.0,0.0,0.05,0.0,0,0.0,0
2012-08-16,2012-10-25,OPTSTK,SUZLON,5.0,PE,0.0,0.0,0.0,0.05,0.0,0,0.0,0
2012-08-16,2012-10-25,OPTSTK,SUZLON,7.5,PE,0.0,0.0,0.0,0.05,0.0,0,0.0,0
2012-08-16,2012-10-25,OPTSTK,SUZLON,10.0,PE,0.0,0.0,0.0,0.05,0.05,0,0.0,0
2012-08-16,2012-10-25,OPTSTK,SUZLON,12.5,PE,0.0,0.0,0.0,0.05,0.15,0,0.0,0
2012-08-16,2012-10-25,OPTSTK,SUZLON,15.0,PE,0.0,0.0,0.0,0.3,0.6,0,0.0,0
2012-08-16,2012-10-25,OPTSTK,SUZLON,17.5,PE,0.0,0.0,0.0,1.2,1.65,0,0.0,0
2012-08-16,2012-10-25,OPTSTK,SUZLON,20.0,PE,0.0,0.0,0.0,2.8,3.3,0,0.0,0
2012-08-16,2012-10-25,OPTSTK,SUZLON,22.5,PE,0.0,0.0,0.0,4.9,5.4,0,0.0,0
2012-08-16,2012-10-25,OPTSTK,SUZLON,25.0,PE,0.0,0.0,0.0,7.25,7.7,0,0.0,0
2012-08-16,2012-10-25,OPTSTK,SUZLON,27.5,PE,0.0,0.0,0.0,9.65,10.1,0,0.0,0
2012-08-16,2012-10-25,OPTSTK,SUZLON,30.0,PE,0.0,0.0,0.0,12.1,12.5,0,0.0,0
2012-08-16,2012-10-25,OPTSTK,SUZLON,32.5,PE,0.0,0.0,0.0,14.55,14.95,0,0.0,0
2012-08-16,2012-10-25,OPTSTK,SUZLON,35.0,PE,0.0,0.0,0.0,17.0,17.4,0,0.0,0
2012-08-16,2012-10-25,OPTSTK,SUZLON,37.5,PE,0.0,0.0,0.0,19.4,19.9,0,0.0,0
2012-08-16,2012-10-25,OPTSTK,SUZLON,40.0,PE,0.0,0.0,0.0,21.85,22.35,0,0.0,0
2012-08-16,2012-10-25,OPTSTK,SUZLON,42.5,PE,0.0,0.0,0.0,24.3,24.8,0,0.0,0
2012-08-16,2012-08-30,OPTSTK,SYNDIBANK,50.0,CE,0.0,0.0,0.0,43.95,47.8,0,0.0,0
2012-08-16,2012-08-30,OPTSTK,SYNDIBANK,55.0,CE,0.0,0.0,0.0,39.2,42.8,0,0.0,0
2012-08-16,2012-08-30,OPTSTK,SYNDIBANK,60.0,CE,0.0,0.0,0.0,34.5,37.8,0,0.0,0
2012-08-16,2012-08-30,OPTSTK,SYNDIBANK,65.0,CE,0.0,0.0,0.0,30.0,32.85,0,0.0,0
2012-08-16,2012-08-30,OPTSTK,SYNDIBANK,70.0,CE,0.0,0.0,0.0,25.75,27.85,0,0.0,0
2012-08-16,2012-08-30,OPTSTK,SYNDIBANK,75.0,CE,0.0,0.0,0.0,21.8,22.85,0,0.0,0
2012-08-16,2012-08-30,OPTSTK,SYNDIBANK,80.0,CE,0.0,0.0,0.0,18.2,17.9,0,0.0,0
2012-08-16,2012-08-30,OPTSTK,SYNDIBANK,85.0,CE,0.0,0.0,0.0,15.05,12.95,0,0.0,0
2012-08-16,2012-08-30,OPTSTK,SYNDIBANK,90.0,CE,0.0,0.0,0.0,12.25,8.25,0,0.0,0
2012-08-16,2012-08-30,OPTSTK,SYNDIBANK,95.0,CE,0.0,0.0,0.0,2.25,4.35,0,0.0,10000
2012-08-16,2012-08-30,OPTSTK,SYNDIBANK,100.0,CE,1.75,1.75,1.75,1.75,1.75,1,2.03,24000
2012-08-16,2012-08-30,OPTSTK,SYNDIBANK,105.0,CE,0.0,0.0,0.0,1.4,0.55,0,0.0,2000
2012-08-16,2012-08-30,OPTSTK,SYNDIBANK,110.0,CE,0.0,0.0,0.0,4.9,0.15,0,0.0,0
2012-08-16,2012-08-30,OPTSTK,SYNDIBANK,115.0,CE,0.0,0.0,0.0,3.8,0.05,0,0.0,0
2012-08-16,2012-08-30,OPTSTK,SYNDIBANK,120.0,CE,0.0,0.0,0.0,2.95,0.0,0,0.0,0
2012-08-16,2012-08-30,OPTSTK,SYNDIBANK,125.0,CE,0.0,0.0,0.0,2.25,0.0,0,0.0,0
2012-08-16,2012-08-30,OPTSTK,SYNDIBANK,130.0,CE,0.0,0.0,0.0,1.75,0.0,0,0.0,0
2012-08-16,2012-08-30,OPTSTK,SYNDIBANK,135.0,CE,0.0,0.0,0.0,1.35,0.0,0,0.0,0
2012-08-16,2012-08-30,OPTSTK,SYNDIBANK,140.0,CE,0.0,0.0,0.0,1.0,0.0,0,0.0,0
2012-08-16,2012-08-30,OPTSTK,SYNDIBANK,145.0,CE,0.0,0.0,0.0,0.75,0.0,0,0.0,0
2012-08-16,2012-08-30,OPTSTK,SYNDIBANK,150.0,CE,0.0,0.0,0.0,0.7,0.0,0,0.0,0
2012-08-16,2012-08-30,OPTSTK,SYNDIBANK,160.0,CE,0.0,0.0,0.0,0.4,0.0,0,0.0,0
2012-08-16,2012-08-30,OPTSTK,SYNDIBANK,50.0,PE,0.0,0.0,0.0,0.05,0.0,0,0.0,0
2012-08-16,2012-08-30,OPTSTK,SYNDIBANK,55.0,PE,0.0,0.0,0.0,0.15,0.0,0,0.0,0
2012-08-16,2012-08-30,OPTSTK,SYNDIBANK,60.0,PE,0.0,0.0,0.0,0.35,0.0,0,0.0,0
2012-08-16,2012-08-30,OPTSTK,SYNDIBANK,65.0,PE,0.0,0.0,0.0,0.75,0.0,0,0.0,0
2012-08-16,2012-08-30,OPTSTK,SYNDIBANK,70.0,PE,0.0,0.0,0.0,1.35,0.0,0,0.0,0
2012-08-16,2012-08-30,OPTSTK,SYNDIBANK,75.0,PE,0.0,0.0,0.0,2.3,0.0,0,0.0,0
2012-08-16,2012-08-30,OPTSTK,SYNDIBANK,80.0,PE,0.0,0.0,0.0,3.6,0.0,0,0.0,0
2012-08-16,2012-08-30,OPTSTK,SYNDIBANK,85.0,PE,0.0,0.0,0.0,5.3,0.05,0,0.0,0
2012-08-16,2012-08-30,OPTSTK,SYNDIBANK,90.0,PE,0.0,0.0,0.0,1.0,0.35,0,0.0,4000
2012-08-16,2012-08-30,OPTSTK,SYNDIBANK,95.0,PE,0.0,0.0,0.0,2.15,1.45,0,0.0,6000
2012-08-16,2012-08-30,OPTSTK,SYNDIBANK,100.0,PE,0.0,0.0,0.0,12.8,3.85,0,0.0,0
2012-08-16,2012-08-30,OPTSTK,SYNDIBANK,105.0,PE,0.0,0.0,0.0,16.0,7.6,0,0.0,0
2012-08-16,2012-08-30,OPTSTK,SYNDIBANK,110.0,PE,0.0,0.0,0.0,19.55,12.2,0,0.0,0
2012-08-16,2012-08-30,OPTSTK,SYNDIBANK,115.0,PE,0.0,0.0,0.0,23.35,17.05,0,0.0,0
2012-08-16,2012-08-30,OPTSTK,SYNDIBANK,120.0,PE,0.0,0.0,0.0,27.35,22.0,0,0.0,0
2012-08-16,2012-08-30,OPTSTK,SYNDIBANK,125.0,PE,0.0,0.0,0.0,31.55,27.0,0,0.0,0
2012-08-16,2012-08-30,OPTSTK,SYNDIBANK,130.0,PE,0.0,0.0,0.0,35.9,32.0,0,0.0,0
2012-08-16,2012-08-30,OPTSTK,SYNDIBANK,135.0,PE,0.0,0.0,0.0,40.35,36.95,0,0.0,0
2012-08-16,2012-08-30,OPTSTK,SYNDIBANK,140.0,PE,0.0,0.0,0.0,44.95,41.95,0,0.0,0
2012-08-16,2012-08-30,OPTSTK,SYNDIBANK,145.0,PE,0.0,0.0,0.0,49.55,46.95,0,0.0,0
2012-08-16,2012-08-30,OPTSTK,SYNDIBANK,150.0,PE,0.0,0.0,0.0,47.45,51.9,0,0.0,0
2012-08-16,2012-08-30,OPTSTK,SYNDIBANK,160.0,PE,0.0,0.0,0.0,56.95,61.9,0,0.0,0
2012-08-16,2012-09-27,OPTSTK,SYNDIBANK,50.0,CE,0.0,0.0,0.0,55.95,48.15,0,0.0,0
2012-08-16,2012-09-27,OPTSTK,SYNDIBANK,55.0,CE,0.0,0.0,0.0,44.25,43.2,0,0.0,0
2012-08-16,2012-09-27,OPTSTK,SYNDIBANK,60.0,CE,0.0,0.0,0.0,46.2,38.25,0,0.0,0
2012-08-16,2012-09-27,OPTSTK,SYNDIBANK,65.0,CE,0.0,0.0,0.0,34.4,33.3,0,0.0,0
2012-08-16,2012-09-27,OPTSTK,SYNDIBANK,70.0,CE,0.0,0.0,0.0,36.5,28.35,0,0.0,0
2012-08-16,2012-09-27,OPTSTK,SYNDIBANK,75.0,CE,0.0,0.0,0.0,24.6,23.45,0,0.0,0
2012-08-16,2012-09-27,OPTSTK,SYNDIBANK,80.0,CE,0.0,0.0,0.0,27.25,18.6,0,0.0,0
2012-08-16,2012-09-27,OPTSTK,SYNDIBANK,85.0,CE,0.0,0.0,0.0,15.35,14.05,0,0.0,0
2012-08-16,2012-09-27,OPTSTK,SYNDIBANK,90.0,CE,0.0,0.0,0.0,19.0,9.95,0,0.0,0
2012-08-16,2012-09-27,OPTSTK,SYNDIBANK,95.0,CE,0.0,0.0,0.0,7.8,6.55,0,0.0,0
2012-08-16,2012-09-27,OPTSTK,SYNDIBANK,100.0,CE,0.0,0.0,0.0,12.3,4.0,0,0.0,0
2012-08-16,2012-09-27,OPTSTK,SYNDIBANK,105.0,CE,0.0,0.0,0.0,3.15,2.25,0,0.0,0
2012-08-16,2012-09-27,OPTSTK,SYNDIBANK,110.0,CE,0.0,0.0,0.0,7.4,1.2,0,0.0,0
2012-08-16,2012-09-27,OPTSTK,SYNDIBANK,115.0,CE,0.0,0.0,0.0,1.0,0.6,0,0.0,0
2012-08-16,2012-09-27,OPTSTK,SYNDIBANK,120.0,CE,0.0,0.0,0.0,4.15,0.25,0,0.0,0
2012-08-16,2012-09-27,OPTSTK,SYNDIBANK,125.0,CE,0.0,0.0,0.0,0.25,0.15,0,0.0,0
2012-08-16,2012-09-27,OPTSTK,SYNDIBANK,130.0,CE,0.0,0.0,0.0,2.2,0.05,0,0.0,0
2012-08-16,2012-09-27,OPTSTK,SYNDIBANK,135.0,CE,0.0,0.0,0.0,0.05,0.05,0,0.0,0
2012-08-16,2012-09-27,OPTSTK,SYNDIBANK,140.0,CE,0.0,0.0,0.0,1.15,0.05,0,0.0,0
2012-08-16,2012-09-27,OPTSTK,SYNDIBANK,145.0,CE,0.0,0.0,0.0,0.05,0.0,0,0.0,0
2012-08-16,2012-09-27,OPTSTK,SYNDIBANK,150.0,CE,0.0,0.0,0.0,0.55,0.0,0,0.0,0
2012-08-16,2012-09-27,OPTSTK,SYNDIBANK,160.0,CE,0.0,0.0,0.0,0.25,0.0,0,0.0,0
2012-08-16,2012-09-27,OPTSTK,SYNDIBANK,50.0,PE,0.0,0.0,0.0,0.05,0.0,0,0.0,0
2012-08-16,2012-09-27,OPTSTK,SYNDIBANK,55.0,PE,0.0,0.0,0.0,0.05,0.0,0,0.0,0
2012-08-16,2012-09-27,OPTSTK,SYNDIBANK,60.0,PE,0.0,0.0,0.0,0.05,0.0,0,0.0,0
2012-08-16,2012-09-27,OPTSTK,SYNDIBANK,65.0,PE,0.0,0.0,0.0,0.05,0.0,0,0.0,0
2012-08-16,2012-09-27,OPTSTK,SYNDIBANK,70.0,PE,0.0,0.0,0.0,0.15,0.05,0,0.0,0
2012-08-16,2012-09-27,OPTSTK,SYNDIBANK,75.0,PE,0.0,0.0,0.0,0.05,0.05,0,0.0,0
2012-08-16,2012-09-27,OPTSTK,SYNDIBANK,80.0,PE,0.0,0.0,0.0,0.65,0.2,0,0.0,0
2012-08-16,2012-09-27,OPTSTK,SYNDIBANK,85.0,PE,0.0,0.0,0.0,0.6,0.55,0,0.0,0
2012-08-16,2012-09-27,OPTSTK,SYNDIBANK,90.0,PE,0.0,0.0,0.0,2.15,1.4,0,0.0,0
2012-08-16,2012-09-27,OPTSTK,SYNDIBANK,95.0,PE,0.0,0.0,0.0,2.95,2.95,0,0.0,0
2012-08-16,2012-09-27,OPTSTK,SYNDIBANK,100.0,PE,0.0,0.0,0.0,5.2,5.35,0,0.0,0
2012-08-16,2012-09-27,OPTSTK,SYNDIBANK,105.0,PE,0.0,0.0,0.0,8.1,8.55,0,0.0,0
2012-08-16,2012-09-27,OPTSTK,SYNDIBANK,110.0,PE,0.0,0.0,0.0,10.05,12.45,0,0.0,0
2012-08-16,2012-09-27,OPTSTK,SYNDIBANK,115.0,PE,0.0,0.0,0.0,15.8,16.8,0,0.0,0
2012-08-16,2012-09-27,OPTSTK,SYNDIBANK,120.0,PE,0.0,0.0,0.0,16.6,21.45,0,0.0,0
2012-08-16,2012-09-27,OPTSTK,SYNDIBANK,125.0,PE,0.0,0.0,0.0,24.9,26.25,0,0.0,0
2012-08-16,2012-09-27,OPTSTK,SYNDIBANK,130.0,PE,0.0,0.0,0.0,24.45,31.1,0,0.0,0
2012-08-16,2012-09-27,OPTSTK,SYNDIBANK,135.0,PE,0.0,0.0,0.0,34.55,36.05,0,0.0,0
2012-08-16,2012-09-27,OPTSTK,SYNDIBANK,140.0,PE,0.0,0.0,0.0,33.1,41.0,0,0.0,0
2012-08-16,2012-09-27,OPTSTK,SYNDIBANK,145.0,PE,0.0,0.0,0.0,44.35,45.9,0,0.0,0
2012-08-16,2012-09-27,OPTSTK,SYNDIBANK,150.0,PE,0.0,0.0,0.0,42.3,50.85,0,0.0,0
2012-08-16,2012-09-27,OPTSTK,SYNDIBANK,160.0,PE,0.0,0.0,0.0,51.8,60.75,0,0.0,0
2012-08-16,2012-10-25,OPTSTK,SYNDIBANK,50.0,CE,0.0,0.0,0.0,45.8,48.5,0,0.0,0
2012-08-16,2012-10-25,OPTSTK,SYNDIBANK,55.0,CE,0.0,0.0,0.0,40.9,43.55,0,0.0,0
2012-08-16,2012-10-25,OPTSTK,SYNDIBANK,60.0,CE,0.0,0.0,0.0,36.05,38.65,0,0.0,0
2012-08-16,2012-10-25,OPTSTK,SYNDIBANK,65.0,CE,0.0,0.0,0.0,31.15,33.75,0,0.0,0
2012-08-16,2012-10-25,OPTSTK,SYNDIBANK,70.0,CE,0.0,0.0,0.0,26.35,28.85,0,0.0,0
2012-08-16,2012-10-25,OPTSTK,SYNDIBANK,75.0,CE,0.0,0.0,0.0,21.7,24.05,0,0.0,0
2012-08-16,2012-10-25,OPTSTK,SYNDIBANK,80.0,CE,0.0,0.0,0.0,17.3,19.45,0,0.0,0
2012-08-16,2012-10-25,OPTSTK,SYNDIBANK,85.0,CE,0.0,0.0,0.0,13.3,15.2,0,0.0,0
2012-08-16,2012-10-25,OPTSTK,SYNDIBANK,90.0,CE,0.0,0.0,0.0,9.85,11.4,0,0.0,0
2012-08-16,2012-10-25,OPTSTK,SYNDIBANK,95.0,CE,0.0,0.0,0.0,7.0,8.2,0,0.0,0
2012-08-16,2012-10-25,OPTSTK,SYNDIBANK,100.0,CE,0.0,0.0,0.0,4.8,5.65,0,0.0,0
2012-08-16,2012-10-25,OPTSTK,SYNDIBANK,105.0,CE,0.0,0.0,0.0,3.2,3.7,0,0.0,0
2012-08-16,2012-10-25,OPTSTK,SYNDIBANK,110.0,CE,0.0,0.0,0.0,2.05,2.35,0,0.0,0
2012-08-16,2012-10-25,OPTSTK,SYNDIBANK,115.0,CE,0.0,0.0,0.0,1.25,1.45,0,0.0,0
2012-08-16,2012-10-25,OPTSTK,SYNDIBANK,120.0,CE,0.0,0.0,0.0,0.75,0.85,0,0.0,0
2012-08-16,2012-10-25,OPTSTK,SYNDIBANK,125.0,CE,0.0,0.0,0.0,0.45,0.5,0,0.0,0
2012-08-16,2012-10-25,OPTSTK,SYNDIBANK,130.0,CE,0.0,0.0,0.0,0.25,0.3,0,0.0,0
2012-08-16,2012-10-25,OPTSTK,SYNDIBANK,135.0,CE,0.0,0.0,0.0,0.15,0.15,0,0.0,0
2012-08-16,2012-10-25,OPTSTK,SYNDIBANK,140.0,CE,0.0,0.0,0.0,0.1,0.1,0,0.0,0
2012-08-16,2012-10-25,OPTSTK,SYNDIBANK,145.0,CE,0.0,0.0,0.0,0.05,0.05,0,0.0,0
2012-08-16,2012-10-25,OPTSTK,SYNDIBANK,50.0,PE,0.0,0.0,0.0,0.05,0.0,0,0.0,0
2012-08-16,2012-10-25,OPTSTK,SYNDIBANK,55.0,PE,0.0,0.0,0.0,0.05,0.0,0,0.0,0
2012-08-16,2012-10-25,OPTSTK,SYNDIBANK,60.0,PE,0.0,0.0,0.0,0.05,0.0,0,0.0,0
2012-08-16,2012-10-25,OPTSTK,SYNDIBANK,65.0,PE,0.0,0.0,0.0,0.05,0.05,0,0.0,0
2012-08-16,2012-10-25,OPTSTK,SYNDIBANK,70.0,PE,0.0,0.0,0.0,0.15,0.05,0,0.0,0
2012-08-16,2012-10-25,OPTSTK,SYNDIBANK,75.0,PE,0.0,0.0,0.0,0.35,0.2,0,0.0,0
2012-08-16,2012-10-25,OPTSTK,SYNDIBANK,80.0,PE,0.0,0.0,0.0,0.85,0.5,0,0.0,0
2012-08-16,2012-10-25,OPTSTK,SYNDIBANK,85.0,PE,0.0,0.0,0.0,1.75,1.1,0,0.0,0
2012-08-16,2012-10-25,OPTSTK,SYNDIBANK,90.0,PE,0.0,0.0,0.0,3.15,2.25,0,0.0,0
2012-08-16,2012-10-25,OPTSTK,SYNDIBANK,95.0,PE,0.0,0.0,0.0,5.2,3.95,0,0.0,0
2012-08-16,2012-10-25,OPTSTK,SYNDIBANK,100.0,PE,0.0,0.0,0.0,7.9,6.3,0,0.0,0
2012-08-16,2012-10-25,OPTSTK,SYNDIBANK,105.0,PE,0.0,0.0,0.0,11.15,9.3,0,0.0,0
2012-08-16,2012-10-25,OPTSTK,SYNDIBANK,110.0,PE,0.0,0.0,0.0,14.9,12.9,0,0.0,0
2012-08-16,2012-10-25,OPTSTK,SYNDIBANK,115.0,PE,0.0,0.0,0.0,19.0,16.85,0,0.0,0
2012-08-16,2012-10-25,OPTSTK,SYNDIBANK,120.0,PE,0.0,0.0,0.0,23.4,21.2,0,0.0,0
2012-08-16,2012-10-25,OPTSTK,SYNDIBANK,125.0,PE,0.0,0.0,0.0,27.95,25.75,0,0.0,0
2012-08-16,2012-10-25,OPTSTK,SYNDIBANK,130.0,PE,0.0,0.0,0.0,32.65,30.45,0,0.0,0
2012-08-16,2012-10-25,OPTSTK,SYNDIBANK,135.0,PE,0.0,0.0,0.0,37.45,35.25,0,0.0,0
2012-08-16,2012-10-25,OPTSTK,SYNDIBANK,140.0,PE,0.0,0.0,0.0,42.25,40.1,0,0.0,0
2012-08-16,2012-10-25,OPTSTK,SYNDIBANK,145.0,PE,0.0,0.0,0.0,47.1,44.95,0,0.0,0
2012-08-16,2012-08-30,OPTSTK,TATACHEM,200.0,CE,0.0,0.0,0.0,112.7,111.4,0,0.0,0
2012-08-16,2012-08-30,OPTSTK,TATACHEM,220.0,CE,0.0,0.0,0.0,93.3,91.45,0,0.0,0
2012-08-16,2012-08-30,OPTSTK,TATACHEM,240.0,CE,0.0,0.0,0.0,74.2,71.5,0,0.0,0
2012-08-16,2012-08-30,OPTSTK,TATACHEM,260.0,CE,0.0,0.0,0.0,56.1,51.6,0,0.0,0
2012-08-16,2012-08-30,OPTSTK,TATACHEM,280.0,CE,0.0,0.0,0.0,39.9,31.65,0,0.0,0
2012-08-16,2012-08-30,OPTSTK,TATACHEM,300.0,CE,0.0,0.0,0.0,11.3,12.5,0,0.0,34000
2012-08-16,2012-08-30,OPTSTK,TATACHEM,320.0,CE,1.9,1.9,1.9,1.9,1.9,1,3.21,43000
2012-08-16,2012-08-30,OPTSTK,TATACHEM,340.0,CE,0.0,0.0,0.0,9.5,0.05,0,0.0,0
2012-08-16,2012-08-30,OPTSTK,TATACHEM,360.0,CE,0.0,0.0,0.0,5.15,0.0,0,0.0,0
2012-08-16,2012-08-30,OPTSTK,TATACHEM,380.0,CE,0.0,0.0,0.0,2.65,0.0,0,0.0,0
2012-08-16,2012-08-30,OPTSTK,TATACHEM,400.0,CE,0.0,0.0,0.0,1.3,0.0,0,0.0,0
2012-08-16,2012-08-30,OPTSTK,TATACHEM,420.0,CE,0.0,0.0,0.0,0.6,0.0,0,0.0,0
2012-08-16,2012-08-30,OPTSTK,TATACHEM,440.0,CE,0.0,0.0,0.0,0.3,0.0,0,0.0,0
2012-08-16,2012-08-30,OPTSTK,TATACHEM,460.0,CE,0.0,0.0,0.0,0.15,0.0,0,0.0,0
2012-08-16,2012-08-30,OPTSTK,TATACHEM,480.0,CE,0.0,0.0,0.0,0.05,0.0,0,0.0,0
2012-08-16,2012-08-30,OPTSTK,TATACHEM,500.0,CE,0.0,0.0,0.0,0.05,0.0,0,0.0,0
2012-08-16,2012-08-30,OPTSTK,TATACHEM,200.0,PE,0.0,0.0,0.0,0.05,0.0,0,0.0,0
2012-08-16,2012-08-30,OPTSTK,TATACHEM,220.0,PE,0.0,0.0,0.0,0.15,0.0,0,0.0,0
2012-08-16,2012-08-30,OPTSTK,TATACHEM,240.0,PE,0.0,0.0,0.0,0.55,0.0,0,0.0,0
2012-08-16,2012-08-30,OPTSTK,TATACHEM,260.0,PE,0.0,0.0,0.0,2.0,0.0,0,0.0,0
2012-08-16,2012-08-30,OPTSTK,TATACHEM,280.0,PE,0.0,0.0,0.0,3.3,0.0,0,0.0,1000
2012-08-16,2012-08-30,OPTSTK,TATACHEM,300.0,PE,0.0,0.0,0.0,0.65,0.8,0,0.0,4000
2012-08-16,2012-08-30,OPTSTK,TATACHEM,320.0,PE,0.0,0.0,0.0,20.9,9.75,0,0.0,0
2012-08-16,2012-08-30,OPTSTK,TATACHEM,340.0,PE,0.0,0.0,0.0,33.5,28.2,0,0.0,0
2012-08-16,2012-08-30,OPTSTK,TATACHEM,360.0,PE,0.0,0.0,0.0,48.65,48.1,0,0.0,0
2012-08-16,2012-08-30,OPTSTK,TATACHEM,380.0,PE,0.0,0.0,0.0,65.65,68.05,0,0.0,0
2012-08-16,2012-08-30,OPTSTK,TATACHEM,400.0,PE,0.0,0.0,0.0,83.8,88.0,0,0.0,0
2012-08-16,2012-08-30,OPTSTK,TATACHEM,420.0,PE,0.0,0.0,0.0,115.5,107.9,0,0.0,2000
2012-08-16,2012-08-30,OPTSTK,TATACHEM,440.0,PE,0.0,0.0,0.0,121.85,127.85,0,0.0,0
2012-08-16,2012-08-30,OPTSTK,TATACHEM,460.0,PE,0.0,0.0,0.0,141.2,147.8,0,0.0,0
2012-08-16,2012-08-30,OPTSTK,TATACHEM,480.0,PE,0.0,0.0,0.0,160.65,167.7,0,0.0,0
2012-08-16,2012-08-30,OPTSTK,TATACHEM,500.0,PE,0.0,0.0,0.0,180.15,187.65,0,0.0,0
2012-08-16,2012-09-27,OPTSTK,TATACHEM,200.0,CE,0.0,0.0,0.0,110.45,112.8,0,0.0,0
2012-08-16,2012-09-27,OPTSTK,TATACHEM,220.0,CE,0.0,0.0,0.0,90.95,93.0,0,0.0,0
2012-08-16,2012-09-27,OPTSTK,TATACHEM,240.0,CE,0.0,0.0,0.0,71.5,73.2,0,0.0,0
2012-08-16,2012-09-27,OPTSTK,TATACHEM,260.0,CE,0.0,0.0,0.0,52.55,53.4,0,0.0,0
2012-08-16,2012-09-27,OPTSTK,TATACHEM,280.0,CE,0.0,0.0,0.0,35.1,33.85,0,0.0,0
2012-08-16,2012-09-27,OPTSTK,TATACHEM,300.0,CE,0.0,0.0,0.0,20.85,16.35,0,0.0,0
2012-08-16,2012-09-27,OPTSTK,TATACHEM,320.0,CE,0.0,0.0,0.0,10.85,5.1,0,0.0,0
2012-08-16,2012-09-27,OPTSTK,TATACHEM,340.0,CE,0.0,0.0,0.0,4.9,0.95,0,0.0,0
2012-08-16,2012-09-27,OPTSTK,TATACHEM,360.0,CE,0.0,0.0,0.0,1.95,0.1,0,0.0,0
2012-08-16,2012-09-27,OPTSTK,TATACHEM,380.0,CE,0.0,0.0,0.0,0.7,0.05,0,0.0,0
2012-08-16,2012-09-27,OPTSTK,TATACHEM,400.0,CE,0.0,0.0,0.0,0.25,0.0,0,0.0,0
2012-08-16,2012-09-27,OPTSTK,TATACHEM,420.0,CE,0.0,0.0,0.0,0.1,0.0,0,0.0,0
2012-08-16,2012-09-27,OPTSTK,TATACHEM,440.0,CE,0.0,0.0,0.0,0.05,0.0,0,0.0,0
2012-08-16,2012-09-27,OPTSTK,TATACHEM,460.0,CE,0.0,0.0,0.0,0.05,0.0,0,0.0,0
2012-08-16,2012-09-27,OPTSTK,TATACHEM,480.0,CE,0.0,0.0,0.0,0.05,0.0,0,0.0,0
2012-08-16,2012-09-27,OPTSTK,TATACHEM,500.0,CE,0.0,0.0,0.0,0.05,0.0,0,0.0,0
2012-08-16,2012-09-27,OPTSTK,TATACHEM,200.0,PE,0.0,0.0,0.0,0.05,0.0,0,0.0,0
2012-08-16,2012-09-27,OPTSTK,TATACHEM,220.0,PE,0.0,0.0,0.0,0.05,0.0,0,0.0,0
2012-08-16,2012-09-27,OPTSTK,TATACHEM,240.0,PE,0.0,0.0,0.0,0.1,0.0,0,0.0,0
2012-08-16,2012-09-27,OPTSTK,TATACHEM,260.0,PE,0.0,0.0,0.0,0.7,0.05,0,0.0,0
2012-08-16,2012-09-27,OPTSTK,TATACHEM,280.0,PE,0.0,0.0,0.0,2.8,0.25,0,0.0,0
2012-08-16,2012-09-27,OPTSTK,TATACHEM,300.0,PE,0.0,0.0,0.0,8.1,2.55,0,0.0,0
2012-08-16,2012-09-27,OPTSTK,TATACHEM,320.0,PE,0.0,0.0,0.0,17.6,11.1,0,0.0,0
2012-08-16,2012-09-27,OPTSTK,TATACHEM,340.0,PE,0.0,0.0,0.0,31.2,26.75,0,0.0,0
2012-08-16,2012-09-27,OPTSTK,TATACHEM,360.0,PE,0.0,0.0,0.0,47.8,45.7,0,0.0,0
2012-08-16,2012-09-27,OPTSTK,TATACHEM,380.0,PE,0.0,0.0,0.0,66.05,65.4,0,0.0,0
2012-08-16,2012-09-27,OPTSTK,TATACHEM,400.0,PE,0.0,0.0,0.0,85.15,85.2,0,0.0,0
2012-08-16,2012-09-27,OPTSTK,TATACHEM,420.0,PE,0.0,0.0,0.0,104.5,105.0,0,0.0,0
2012-08-16,2012-09-27,OPTSTK,TATACHEM,440.0,PE,0.0,0.0,0.0,124.0,124.75,0,0.0,0
2012-08-16,2012-09-27,OPTSTK,TATACHEM,460.0,PE,0.0,0.0,0.0,143.5,144.55,0,0.0,0
2012-08-16,2012-09-27,OPTSTK,TATACHEM,480.0,PE,0.0,0.0,0.0,163.05,164.35,0,0.0,0
2012-08-16,2012-09-27,OPTSTK,TATACHEM,500.0,PE,0.0,0.0,0.0,182.6,184.15,0,0.0,0
2012-08-16,2012-10-25,OPTSTK,TATACHEM,200.0,CE,0.0,0.0,0.0,110.0,114.15,0,0.0,0
2012-08-16,2012-10-25,OPTSTK,TATACHEM,220.0,CE,0.0,0.0,0.0,90.45,94.5,0,0.0,0
2012-08-16,2012-10-25,OPTSTK,TATACHEM,240.0,CE,0.0,0.0,0.0,71.0,74.85,0,0.0,0
2012-08-16,2012-10-25,OPTSTK,TATACHEM,260.0,CE,0.0,0.0,0.0,51.9,55.25,0,0.0,0
2012-08-16,2012-10-25,OPTSTK,TATACHEM,280.0,CE,0.0,0.0,0.0,34.25,36.2,0,0.0,0
2012-08-16,2012-10-25,OPTSTK,TATACHEM,300.0,CE,0.0,0.0,0.0,19.8,19.6,0,0.0,0
2012-08-16,2012-10-25,OPTSTK,TATACHEM,320.0,CE,0.0,0.0,0.0,9.8,8.15,0,0.0,0
2012-08-16,2012-10-25,OPTSTK,TATACHEM,340.0,CE,0.0,0.0,0.0,4.15,2.55,0,0.0,0
2012-08-16,2012-10-25,OPTSTK,TATACHEM,360.0,CE,0.0,0.0,0.0,1.5,0.6,0,0.0,0
2012-08-16,2012-10-25,OPTSTK,TATACHEM,380.0,CE,0.0,0.0,0.0,0.5,0.1,0,0.0,0
2012-08-16,2012-10-25,OPTSTK,TATACHEM,400.0,CE,0.0,0.0,0.0,0.15,0.05,0,0.0,0
2012-08-16,2012-10-25,OPTSTK,TATACHEM,420.0,CE,0.0,0.0,0.0,0.05,0.0,0,0.0,0
2012-08-16,2012-10-25,OPTSTK,TATACHEM,440.0,CE,0.0,0.0,0.0,0.05,0.0,0,0.0,0
2012-08-16,2012-10-25,OPTSTK,TATACHEM,460.0,CE,0.0,0.0,0.0,0.05,0.0,0,0.0,0
2012-08-16,2012-10-25,OPTSTK,TATACHEM,480.0,CE,0.0,0.0,0.0,0.05,0.0,0,0.0,0
2012-08-16,2012-10-25,OPTSTK,TATACHEM,500.0,CE,0.0,0.0,0.0,0.05,0.0,0,0.0,0
2012-08-16,2012-10-25,OPTSTK,TATACHEM,200.0,PE,0.0,0.0,0.0,0.05,0.0,0,0.0,0
2012-08-16,2012-10-25,OPTSTK,TATACHEM,220.0,PE,0.0,0.0,0.0,0.05,0.0,0,0.0,0
2012-08-16,2012-10-25,OPTSTK,TATACHEM,240.0,PE,0.0,0.0,0.0,0.1,0.0,0,0.0,0
2012-08-16,2012-10-25,OPTSTK,TATACHEM,260.0,PE,0.0,0.0,0.0,0.55,0.05,0,0.0,0
2012-08-16,2012-10-25,OPTSTK,TATACHEM,280.0,PE,0.0,0.0,0.0,2.45,0.65,0,0.0,0
2012-08-16,2012-10-25,OPTSTK,TATACHEM,300.0,PE,0.0,0.0,0.0,7.5,3.75,0,0.0,0
2012-08-16,2012-10-25,OPTSTK,TATACHEM,320.0,PE,0.0,0.0,0.0,17.1,12.0,0,0.0,0
2012-08-16,2012-10-25,OPTSTK,TATACHEM,340.0,PE,0.0,0.0,0.0,31.0,26.0,0,0.0,0
2012-08-16,2012-10-25,OPTSTK,TATACHEM,360.0,PE,0.0,0.0,0.0,47.9,43.7,0,0.0,0
2012-08-16,2012-10-25,OPTSTK,TATACHEM,380.0,PE,0.0,0.0,0.0,66.4,62.9,0,0.0,0
2012-08-16,2012-10-25,OPTSTK,TATACHEM,400.0,PE,0.0,0.0,0.0,85.6,82.45,0,0.0,0
2012-08-16,2012-10-25,OPTSTK,TATACHEM,420.0,PE,0.0,0.0,0.0,105.05,102.1,0,0.0,0
2012-08-16,2012-10-25,OPTSTK,TATACHEM,440.0,PE,0.0,0.0,0.0,124.6,121.75,0,0.0,0
2012-08-16,2012-10-25,OPTSTK,TATACHEM,460.0,PE,0.0,0.0,0.0,144.15,141.4,0,0.0,0
2012-08-16,2012-10-25,OPTSTK,TATACHEM,480.0,PE,0.0,0.0,0.0,163.65,161.1,0,0.0,0
2012-08-16,2012-10-25,OPTSTK,TATACHEM,500.0,PE,0.0,0.0,0.0,183.2,180.75,0,0.0,0
2012-08-16,2012-08-30,OPTSTK,TATACOFFEE,600.0,CE,0.0,0.0,0.0,268.1,382.3,0,0.0,0
2012-08-16,2012-08-30,OPTSTK,TATACOFFEE,620.0,CE,0.0,0.0,0.0,248.6,362.35,0,0.0,0
2012-08-16,2012-08-30,OPTSTK,TATACOFFEE,640.0,CE,0.0,0.0,0.0,229.1,342.4,0,0.0,0
2012-08-16,2012-08-30,OPTSTK,TATACOFFEE,660.0,CE,0.0,0.0,0.0,209.6,322.5,0,0.0,0
2012-08-16,2012-08-30,OPTSTK,TATACOFFEE,680.0,CE,0.0,0.0,0.0,190.1,302.55,0,0.0,0
2012-08-16,2012-08-30,OPTSTK,TATACOFFEE,700.0,CE,0.0,0.0,0.0,170.7,282.6,0,0.0,0
2012-08-16,2012-08-30,OPTSTK,TATACOFFEE,720.0,CE,0.0,0.0,0.0,151.45,262.7,0,0.0,0
2012-08-16,2012-08-30,OPTSTK,TATACOFFEE,740.0,CE,0.0,0.0,0.0,132.5,242.75,0,0.0,0
2012-08-16,2012-08-30,OPTSTK,TATACOFFEE,760.0,CE,0.0,0.0,0.0,114.0,222.8,0,0.0,0
2012-08-16,2012-08-30,OPTSTK,TATACOFFEE,780.0,CE,0.0,0.0,0.0,96.25,202.9,0,0.0,0
2012-08-16,2012-08-30,OPTSTK,TATACOFFEE,800.0,CE,0.0,0.0,0.0,79.55,182.95,0,0.0,0
2012-08-16,2012-08-30,OPTSTK,TATACOFFEE,820.0,CE,0.0,0.0,0.0,64.25,163.0,0,0.0,0
2012-08-16,2012-08-30,OPTSTK,TATACOFFEE,840.0,CE,0.0,0.0,0.0,50.55,143.1,0,0.0,0
2012-08-16,2012-08-30,OPTSTK,TATACOFFEE,860.0,CE,0.0,0.0,0.0,38.75,123.15,0,0.0,0
2012-08-16,2012-08-30,OPTSTK,TATACOFFEE,880.0,CE,0.0,0.0,0.0,28.9,103.3,0,0.0,0
2012-08-16,2012-08-30,OPTSTK,TATACOFFEE,900.0,CE,0.0,0.0,0.0,70.0,83.6,0,0.0,0
2012-08-16,2012-08-30,OPTSTK,TATACOFFEE,920.0,CE,0.0,0.0,0.0,14.75,64.45,0,0.0,0
2012-08-16,2012-08-30,OPTSTK,TATACOFFEE,940.0,CE,0.0,0.0,0.0,10.1,46.6,0,0.0,0
2012-08-16,2012-08-30,OPTSTK,TATACOFFEE,960.0,CE,0.0,0.0,0.0,6.75,31.05,0,0.0,0
2012-08-16,2012-08-30,OPTSTK,TATACOFFEE,980.0,CE,0.0,0.0,0.0,4.35,18.75,0,0.0,0
2012-08-16,2012-08-30,OPTSTK,TATACOFFEE,1000.0,CE,0.0,0.0,0.0,2.75,10.15,0,0.0,0
2012-08-16,2012-08-30,OPTSTK,TATACOFFEE,1020.0,CE,0.0,0.0,0.0,1.7,4.9,0,0.0,0
2012-08-16,2012-08-30,OPTSTK,TATACOFFEE,1040.0,CE,0.0,0.0,0.0,1.0,2.05,0,0.0,0
2012-08-16,2012-08-30,OPTSTK,TATACOFFEE,1060.0,CE,0.0,0.0,0.0,0.6,0.8,0,0.0,0
2012-08-16,2012-08-30,OPTSTK,TATACOFFEE,1080.0,CE,0.0,0.0,0.0,0.35,0.25,0,0.0,0
2012-08-16,2012-08-30,OPTSTK,TATACOFFEE,1100.0,CE,0.0,0.0,0.0,0.2,0.1,0,0.0,0
2012-08-16,2012-08-30,OPTSTK,TATACOFFEE,1120.0,CE,0.0,0.0,0.0,0.1,0.05,0,0.0,0
2012-08-16,2012-08-30,OPTSTK,TATACOFFEE,1140.0,CE,0.0,0.0,0.0,0.05,0.0,0,0.0,0
2012-08-16,2012-08-30,OPTSTK,TATACOFFEE,1160.0,CE,0.0,0.0,0.0,0.05,0.0,0,0.0,0
2012-08-16,2012-08-30,OPTSTK,TATACOFFEE,1180.0,CE,0.0,0.0,0.0,0.05,0.0,0,0.0,0
2012-08-16,2012-08-30,OPTSTK,TATACOFFEE,1200.0,CE,0.0,0.0,0.0,0.05,0.0,0,0.0,0
2012-08-16,2012-08-30,OPTSTK,TATACOFFEE,600.0,PE,0.0,0.0,0.0,0.05,0.0,0,0.0,0
2012-08-16,2012-08-30,OPTSTK,TATACOFFEE,620.0,PE,0.0,0.0,0.0,0.05,0.0,0,0.0,0
2012-08-16,2012-08-30,OPTSTK,TATACOFFEE,640.0,PE,0.0,0.0,0.0,0.05,0.0,0,0.0,0
2012-08-16,2012-08-30,OPTSTK,TATACOFFEE,660.0,PE,0.0,0.0,0.0,0.05,0.0,0,0.0,0
2012-08-16,2012-08-30,OPTSTK,TATACOFFEE,680.0,PE,0.0,0.0,0.0,0.1,0.0,0,0.0,0
2012-08-16,2012-08-30,OPTSTK,TATACOFFEE,700.0,PE,0.0,0.0,0.0,0.2,0.0,0,0.0,0
2012-08-16,2012-08-30,OPTSTK,TATACOFFEE,720.0,PE,0.0,0.0,0.0,0.45,0.0,0,0.0,0
2012-08-16,2012-08-30,OPTSTK,TATACOFFEE,740.0,PE,0.0,0.0,0.0,1.0,0.0,0,0.0,0
2012-08-16,2012-08-30,OPTSTK,TATACOFFEE,760.0,PE,0.0,0.0,0.0,2.05,0.0,0,0.0,0
2012-08-16,2012-08-30,OPTSTK,TATACOFFEE,780.0,PE,0.0,0.0,0.0,3.8,0.0,0,0.0,0
2012-08-16,2012-08-30,OPTSTK,TATACOFFEE,800.0,PE,0.0,0.0,0.0,6.65,0.0,0,0.0,0
2012-08-16,2012-08-30,OPTSTK,TATACOFFEE,820.0,PE,0.0,0.0,0.0,10.85,0.0,0,0.0,0
2012-08-16,2012-08-30,OPTSTK,TATACOFFEE,840.0,PE,0.0,0.0,0.0,16.7,0.0,0,0.0,0
2012-08-16,2012-08-30,OPTSTK,TATACOFFEE,860.0,PE,0.0,0.0,0.0,24.4,0.05,0,0.0,0
2012-08-16,2012-08-30,OPTSTK,TATACOFFEE,880.0,PE,0.0,0.0,0.0,34.05,0.1,0,0.0,0
2012-08-16,2012-08-30,OPTSTK,TATACOFFEE,900.0,PE,0.0,0.0,0.0,45.6,0.35,0,0.0,0
2012-08-16,2012-08-30,OPTSTK,TATACOFFEE,920.0,PE,0.0,0.0,0.0,58.95,1.1,0,0.0,0
2012-08-16,2012-08-30,OPTSTK,TATACOFFEE,940.0,PE,0.0,0.0,0.0,73.8,3.2,0,0.0,0
2012-08-16,2012-08-30,OPTSTK,TATACOFFEE,960.0,PE,0.0,0.0,0.0,89.95,7.6,0,0.0,0
2012-08-16,2012-08-30,OPTSTK,TATACOFFEE,980.0,PE,0.0,0.0,0.0,107.1,15.25,0,0.0,0
2012-08-16,2012-08-30,OPTSTK,TATACOFFEE,1000.0,PE,0.0,0.0,0.0,125.0,26.55,0,0.0,0
2012-08-16,2012-08-30,OPTSTK,TATACOFFEE,1020.0,PE,0.0,0.0,0.0,143.45,41.2,0,0.0,0
2012-08-16,2012-08-30,OPTSTK,TATACOFFEE,1040.0,PE,0.0,0.0,0.0,162.3,58.35,0,0.0,0
2012-08-16,2012-08-30,OPTSTK,TATACOFFEE,1060.0,PE,0.0,0.0,0.0,181.4,77.0,0,0.0,0
2012-08-16,2012-08-30,OPTSTK,TATACOFFEE,1080.0,PE,0.0,0.0,0.0,200.7,96.4,0,0.0,0
2012-08-16,2012-08-30,OPTSTK,TATACOFFEE,1100.0,PE,0.0,0.0,0.0,220.05,116.15,0,0.0,0
2012-08-16,2012-08-30,OPTSTK,TATACOFFEE,1120.0,PE,0.0,0.0,0.0,239.5,136.05,0,0.0,0
2012-08-16,2012-08-30,OPTSTK,TATACOFFEE,1140.0,PE,0.0,0.0,0.0,258.95,155.95,0,0.0,0
2012-08-16,2012-08-30,OPTSTK,TATACOFFEE,1160.0,PE,0.0,0.0,0.0,278.45,175.9,0,0.0,0
2012-08-16,2012-08-30,OPTSTK,TATACOFFEE,1180.0,PE,0.0,0.0,0.0,297.95,195.85,0,0.0,0
2012-08-16,2012-08-30,OPTSTK,TATACOFFEE,1200.0,PE,0.0,0.0,0.0,317.45,215.75,0,0.0,0
2012-08-16,2012-09-27,OPTSTK,TATACOFFEE,600.0,CE,0.0,0.0,0.0,339.75,386.45,0,0.0,0
2012-08-16,2012-09-27,OPTSTK,TATACOFFEE,620.0,CE,0.0,0.0,0.0,320.2,366.7,0,0.0,0
2012-08-16,2012-09-27,OPTSTK,TATACOFFEE,640.0,CE,0.0,0.0,0.0,300.7,346.9,0,0.0,0
2012-08-16,2012-09-27,OPTSTK,TATACOFFEE,660.0,CE,0.0,0.0,0.0,281.25,327.1,0,0.0,0
2012-08-16,2012-09-27,OPTSTK,TATACOFFEE,680.0,CE,0.0,0.0,0.0,261.8,307.3,0,0.0,0
2012-08-16,2012-09-27,OPTSTK,TATACOFFEE,700.0,CE,0.0,0.0,0.0,242.5,287.5,0,0.0,0
2012-08-16,2012-09-27,OPTSTK,TATACOFFEE,720.0,CE,0.0,0.0,0.0,223.3,267.7,0,0.0,0
2012-08-16,2012-09-27,OPTSTK,TATACOFFEE,740.0,CE,0.0,0.0,0.0,204.35,247.9,0,0.0,0
2012-08-16,2012-09-27,OPTSTK,TATACOFFEE,760.0,CE,0.0,0.0,0.0,185.7,228.15,0,0.0,0
2012-08-16,2012-09-27,OPTSTK,TATACOFFEE,780.0,CE,0.0,0.0,0.0,167.5,208.35,0,0.0,0
2012-08-16,2012-09-27,OPTSTK,TATACOFFEE,800.0,CE,0.0,0.0,0.0,149.9,188.6,0,0.0,0
2012-08-16,2012-09-27,OPTSTK,TATACOFFEE,820.0,CE,0.0,0.0,0.0,132.95,168.85,0,0.0,0
2012-08-16,2012-09-27,OPTSTK,TATACOFFEE,840.0,CE,0.0,0.0,0.0,116.9,149.3,0,0.0,0
2012-08-16,2012-09-27,OPTSTK,TATACOFFEE,860.0,CE,0.0,0.0,0.0,101.8,129.95,0,0.0,0
2012-08-16,2012-09-27,OPTSTK,TATACOFFEE,880.0,CE,0.0,0.0,0.0,87.75,111.1,0,0.0,0
2012-08-16,2012-09-27,OPTSTK,TATACOFFEE,900.0,CE,0.0,0.0,0.0,74.9,92.95,0,0.0,0
2012-08-16,2012-09-27,OPTSTK,TATACOFFEE,920.0,CE,0.0,0.0,0.0,63.3,75.9,0,0.0,0
2012-08-16,2012-09-27,OPTSTK,TATACOFFEE,940.0,CE,0.0,0.0,0.0,52.95,60.35,0,0.0,0
2012-08-16,2012-09-27,OPTSTK,TATACOFFEE,960.0,CE,0.0,0.0,0.0,43.85,46.5,0,0.0,0
2012-08-16,2012-09-27,OPTSTK,TATACOFFEE,980.0,CE,0.0,0.0,0.0,35.9,34.7,0,0.0,0
2012-08-16,2012-09-27,OPTSTK,TATACOFFEE,1000.0,CE,0.0,0.0,0.0,29.15,25.05,0,0.0,0
2012-08-16,2012-09-27,OPTSTK,TATACOFFEE,1020.0,CE,0.0,0.0,0.0,23.4,17.45,0,0.0,0
2012-08-16,2012-09-27,OPTSTK,TATACOFFEE,1040.0,CE,0.0,0.0,0.0,18.65,11.8,0,0.0,0
2012-08-16,2012-09-27,OPTSTK,TATACOFFEE,1060.0,CE,0.0,0.0,0.0,14.7,7.65,0,0.0,0
2012-08-16,2012-09-27,OPTSTK,TATACOFFEE,1080.0,CE,0.0,0.0,0.0,11.45,4.8,0,0.0,0
2012-08-16,2012-09-27,OPTSTK,TATACOFFEE,1100.0,CE,0.0,0.0,0.0,8.85,2.9,0,0.0,0
2012-08-16,2012-09-27,OPTSTK,TATACOFFEE,1120.0,CE,0.0,0.0,0.0,6.8,1.7,0,0.0,0
2012-08-16,2012-09-27,OPTSTK,TATACOFFEE,1140.0,CE,0.0,0.0,0.0,5.2,0.95,0,0.0,0
2012-08-16,2012-09-27,OPTSTK,TATACOFFEE,1160.0,CE,0.0,0.0,0.0,3.9,0.55,0,0.0,0
2012-08-16,2012-09-27,OPTSTK,TATACOFFEE,1180.0,CE,0.0,0.0,0.0,2.9,0.3,0,0.0,0
2012-08-16,2012-09-27,OPTSTK,TATACOFFEE,1200.0,CE,0.0,0.0,0.0,2.15,0.15,0,0.0,0
2012-08-16,2012-09-27,OPTSTK,TATACOFFEE,600.0,PE,0.0,0.0,0.0,0.05,0.0,0,0.0,0
2012-08-16,2012-09-27,OPTSTK,TATACOFFEE,620.0,PE,0.0,0.0,0.0,0.05,0.0,0,0.0,0
2012-08-16,2012-09-27,OPTSTK,TATACOFFEE,640.0,PE,0.0,0.0,0.0,0.05,0.0,0,0.0,0
2012-08-16,2012-09-27,OPTSTK,TATACOFFEE,660.0,PE,0.0,0.0,0.0,0.15,0.0,0,0.0,0
2012-08-16,2012-09-27,OPTSTK,TATACOFFEE,680.0,PE,0.0,0.0,0.0,0.25,0.0,0,0.0,0
2012-08-16,2012-09-27,OPTSTK,TATACOFFEE,700.0,PE,0.0,0.0,0.0,0.45,0.0,0,0.0,0
2012-08-16,2012-09-27,OPTSTK,TATACOFFEE,720.0,PE,0.0,0.0,0.0,0.8,0.0,0,0.0,0
2012-08-16,2012-09-27,OPTSTK,TATACOFFEE,740.0,PE,0.0,0.0,0.0,1.4,0.0,0,0.0,0
2012-08-16,2012-09-27,OPTSTK,TATACOFFEE,760.0,PE,0.0,0.0,0.0,2.3,0.0,0,0.0,0
2012-08-16,2012-09-27,OPTSTK,TATACOFFEE,780.0,PE,0.0,0.0,0.0,3.6,0.05,0,0.0,0
2012-08-16,2012-09-27,OPTSTK,TATACOFFEE,800.0,PE,0.0,0.0,0.0,5.55,0.05,0,0.0,0
2012-08-16,2012-09-27,OPTSTK,TATACOFFEE,820.0,PE,0.0,0.0,0.0,8.15,0.15,0,0.0,0
2012-08-16,2012-09-27,OPTSTK,TATACOFFEE,840.0,PE,0.0,0.0,0.0,11.6,0.35,0,0.0,0
2012-08-16,2012-09-27,OPTSTK,TATACOFFEE,860.0,PE,0.0,0.0,0.0,16.05,0.8,0,0.0,0
2012-08-16,2012-09-27,OPTSTK,TATACOFFEE,880.0,PE,0.0,0.0,0.0,21.55,1.75,0,0.0,0
2012-08-16,2012-09-27,OPTSTK,TATACOFFEE,900.0,PE,0.0,0.0,0.0,28.25,3.4,0,0.0,0
2012-08-16,2012-09-27,OPTSTK,TATACOFFEE,920.0,PE,0.0,0.0,0.0,36.15,6.15,0,0.0,0
2012-08-16,2012-09-27,OPTSTK,TATACOFFEE,940.0,PE,0.0,0.0,0.0,45.35,10.35,0,0.0,0
2012-08-16,2012-09-27,OPTSTK,TATACOFFEE,960.0,PE,0.0,0.0,0.0,55.75,16.3,0,0.0,0
2012-08-16,2012-09-27,OPTSTK,TATACOFFEE,980.0,PE,0.0,0.0,0.0,67.4,24.35,0,0.0,0
2012-08-16,2012-09-27,OPTSTK,TATACOFFEE,1000.0,PE,0.0,0.0,0.0,80.15,34.45,0,0.0,0
2012-08-16,2012-09-27,OPTSTK,TATACOFFEE,1020.0,PE,0.0,0.0,0.0,93.95,46.65,0,0.0,0
2012-08-16,2012-09-27,OPTSTK,TATACOFFEE,1040.0,PE,0.0,0.0,0.0,108.75,60.8,0,0.0,0
2012-08-16,2012-09-27,OPTSTK,TATACOFFEE,1060.0,PE,0.0,0.0,0.0,124.3,76.45,0,0.0,0
2012-08-16,2012-09-27,OPTSTK,TATACOFFEE,1080.0,PE,0.0,0.0,0.0,140.6,93.35,0,0.0,0
2012-08-16,2012-09-27,OPTSTK,TATACOFFEE,1100.0,PE,0.0,0.0,0.0,157.55,111.3,0,0.0,0
2012-08-16,2012-09-27,OPTSTK,TATACOFFEE,1120.0,PE,0.0,0.0,0.0,175.0,129.85,0,0.0,0
2012-08-16,2012-09-27,OPTSTK,TATACOFFEE,1140.0,PE,0.0,0.0,0.0,192.9,148.95,0,0.0,0
2012-08-16,2012-09-27,OPTSTK,TATACOFFEE,1160.0,PE,0.0,0.0,0.0,211.15,168.3,0,0.0,0
2012-08-16,2012-09-27,OPTSTK,TATACOFFEE,1180.0,PE,0.0,0.0,0.0,229.75,187.85,0,0.0,0
2012-08-16,2012-09-27,OPTSTK,TATACOFFEE,1200.0,PE,0.0,0.0,0.0,248.5,207.5,0,0.0,0
2012-08-16,2012-08-30,OPTSTK,TATACOMM,140.0,CE,0.0,0.0,0.0,81.6,96.95,0,0.0,0
2012-08-16,2012-08-30,OPTSTK,TATACOMM,150.0,CE,0.0,0.0,0.0,72.05,86.95,0,0.0,0
2012-08-16,2012-08-30,OPTSTK,TATACOMM,160.0,CE,0.0,0.0,0.0,62.75,77.0,0,0.0,0
2012-08-16,2012-08-30,OPTSTK,TATACOMM,170.0,CE,0.0,0.0,0.0,53.85,67.05,0,0.0,0
2012-08-16,2012-08-30,OPTSTK,TATACOMM,180.0,CE,0.0,0.0,0.0,45.45,57.05,0,0.0,0
2012-08-16,2012-08-30,OPTSTK,TATACOMM,190.0,CE,0.0,0.0,0.0,37.75,47.1,0,0.0,0
2012-08-16,2012-08-30,OPTSTK,TATACOMM,200.0,CE,0.0,0.0,0.0,30.8,37.15,0,0.0,0
2012-08-16,2012-08-30,OPTSTK,TATACOMM,210.0,CE,0.0,0.0,0.0,24.7,27.25,0,0.0,0
2012-08-16,2012-08-30,OPTSTK,TATACOMM,220.0,CE,0.0,0.0,0.0,19.5,17.85,0,0.0,0
2012-08-16,2012-08-30,OPTSTK,TATACOMM,230.0,CE,0.0,0.0,0.0,15.15,9.85,0,0.0,0
2012-08-16,2012-08-30,OPTSTK,TATACOMM,240.0,CE,0.0,0.0,0.0,11.6,4.35,0,0.0,0
2012-08-16,2012-08-30,OPTSTK,TATACOMM,250.0,CE,0.0,0.0,0.0,8.75,1.5,0,0.0,0
2012-08-16,2012-08-30,OPTSTK,TATACOMM,260.0,CE,0.0,0.0,0.0,6.55,0.4,0,0.0,0
2012-08-16,2012-08-30,OPTSTK,TATACOMM,270.0,CE,0.0,0.0,0.0,4.8,0.1,0,0.0,0
2012-08-16,2012-08-30,OPTSTK,TATACOMM,280.0,CE,0.0,0.0,0.0,3.5,0.05,0,0.0,0
2012-08-16,2012-08-30,OPTSTK,TATACOMM,290.0,CE,0.0,0.0,0.0,2.5,0.0,0,0.0,0
2012-08-16,2012-08-30,OPTSTK,TATACOMM,300.0,CE,0.0,0.0,0.0,1.8,0.0,0,0.0,0
2012-08-16,2012-08-30,OPTSTK,TATACOMM,310.0,CE,0.0,0.0,0.0,1.3,0.0,0,0.0,0
2012-08-16,2012-08-30,OPTSTK,TATACOMM,320.0,CE,0.0,0.0,0.0,0.9,0.0,0,0.0,0
2012-08-16,2012-08-30,OPTSTK,TATACOMM,330.0,CE,0.0,0.0,0.0,0.55,0.0,0,0.0,0
2012-08-16,2012-08-30,OPTSTK,TATACOMM,340.0,CE,0.0,0.0,0.0,0.15,0.0,0,0.0,0
2012-08-16,2012-08-30,OPTSTK,TATACOMM,360.0,CE,0.0,0.0,0.0,0.1,0.0,0,0.0,0
2012-08-16,2012-08-30,OPTSTK,TATACOMM,140.0,PE,0.0,0.0,0.0,0.15,0.0,0,0.0,0
2012-08-16,2012-08-30,OPTSTK,TATACOMM,150.0,PE,0.0,0.0,0.0,0.4,0.0,0,0.0,0
2012-08-16,2012-08-30,OPTSTK,TATACOMM,160.0,PE,0.0,0.0,0.0,0.85,0.0,0,0.0,0
2012-08-16,2012-08-30,OPTSTK,TATACOMM,170.0,PE,0.0,0.0,0.0,1.7,0.0,0,0.0,0
2012-08-16,2012-08-30,OPTSTK,TATACOMM,180.0,PE,0.0,0.0,0.0,3.05,0.0,0,0.0,0
2012-08-16,2012-08-30,OPTSTK,TATACOMM,190.0,PE,0.0,0.0,0.0,5.1,0.0,0,0.0,0
2012-08-16,2012-08-30,OPTSTK,TATACOMM,200.0,PE,0.0,0.0,0.0,7.9,0.05,0,0.0,0
2012-08-16,2012-08-30,OPTSTK,TATACOMM,210.0,PE,0.0,0.0,0.0,11.6,0.1,0,0.0,0
2012-08-16,2012-08-30,OPTSTK,TATACOMM,220.0,PE,0.0,0.0,0.0,16.15,0.65,0,0.0,0
2012-08-16,2012-08-30,OPTSTK,TATACOMM,230.0,PE,0.0,0.0,0.0,21.55,2.6,0,0.0,0
2012-08-16,2012-08-30,OPTSTK,TATACOMM,240.0,PE,0.0,0.0,0.0,27.75,7.05,0,0.0,0
2012-08-16,2012-08-30,OPTSTK,TATACOMM,250.0,PE,0.0,0.0,0.0,34.65,14.2,0,0.0,0
2012-08-16,2012-08-30,OPTSTK,TATACOMM,260.0,PE,0.0,0.0,0.0,42.2,23.05,0,0.0,0
2012-08-16,2012-08-30,OPTSTK,TATACOMM,270.0,PE,0.0,0.0,0.0,50.25,32.75,0,0.0,0
2012-08-16,2012-08-30,OPTSTK,TATACOMM,280.0,PE,0.0,0.0,0.0,58.7,42.65,0,0.0,0
2012-08-16,2012-08-30,OPTSTK,TATACOMM,290.0,PE,0.0,0.0,0.0,67.5,52.6,0,0.0,0
2012-08-16,2012-08-30,OPTSTK,TATACOMM,300.0,PE,0.0,0.0,0.0,76.55,62.55,0,0.0,0
2012-08-16,2012-08-30,OPTSTK,TATACOMM,310.0,PE,0.0,0.0,0.0,85.75,72.55,0,0.0,0
2012-08-16,2012-08-30,OPTSTK,TATACOMM,320.0,PE,0.0,0.0,0.0,95.15,82.5,0,0.0,0
2012-08-16,2012-08-30,OPTSTK,TATACOMM,330.0,PE,0.0,0.0,0.0,97.05,92.45,0,0.0,0
2012-08-16,2012-08-30,OPTSTK,TATACOMM,340.0,PE,0.0,0.0,0.0,100.0,102.45,0,0.0,0
2012-08-16,2012-08-30,OPTSTK,TATACOMM,360.0,PE,0.0,0.0,0.0,104.35,122.35,0,0.0,0
2012-08-16,2012-09-27,OPTSTK,TATACOMM,140.0,CE,0.0,0.0,0.0,90.45,97.9,0,0.0,0
2012-08-16,2012-09-27,OPTSTK,TATACOMM,150.0,CE,0.0,0.0,0.0,80.8,88.0,0,0.0,0
2012-08-16,2012-09-27,OPTSTK,TATACOMM,160.0,CE,0.0,0.0,0.0,71.25,78.1,0,0.0,0
2012-08-16,2012-09-27,OPTSTK,TATACOMM,170.0,CE,0.0,0.0,0.0,61.95,68.25,0,0.0,0
2012-08-16,2012-09-27,OPTSTK,TATACOMM,180.0,CE,0.0,0.0,0.0,53.0,58.35,0,0.0,0
2012-08-16,2012-09-27,OPTSTK,TATACOMM,190.0,CE,0.0,0.0,0.0,44.6,48.5,0,0.0,0
2012-08-16,2012-09-27,OPTSTK,TATACOMM,200.0,CE,0.0,0.0,0.0,36.85,38.9,0,0.0,0
2012-08-16,2012-09-27,OPTSTK,TATACOMM,210.0,CE,0.0,0.0,0.0,29.9,29.75,0,0.0,0
2012-08-16,2012-09-27,OPTSTK,TATACOMM,220.0,CE,0.0,0.0,0.0,23.8,21.45,0,0.0,0
2012-08-16,2012-09-27,OPTSTK,TATACOMM,230.0,CE,0.0,0.0,0.0,18.65,14.5,0,0.0,0
2012-08-16,2012-09-27,OPTSTK,TATACOMM,240.0,CE,0.0,0.0,0.0,14.35,9.1,0,0.0,0
2012-08-16,2012-09-27,OPTSTK,TATACOMM,250.0,CE,0.0,0.0,0.0,10.85,5.3,0,0.0,0
2012-08-16,2012-09-27,OPTSTK,TATACOMM,260.0,CE,0.0,0.0,0.0,8.1,2.9,0,0.0,0
2012-08-16,2012-09-27,OPTSTK,TATACOMM,270.0,CE,0.0,0.0,0.0,5.95,1.45,0,0.0,0
2012-08-16,2012-09-27,OPTSTK,TATACOMM,280.0,CE,0.0,0.0,0.0,4.3,0.7,0,0.0,0
2012-08-16,2012-09-27,OPTSTK,TATACOMM,290.0,CE,0.0,0.0,0.0,3.1,0.3,0,0.0,0
2012-08-16,2012-09-27,OPTSTK,TATACOMM,300.0,CE,0.0,0.0,0.0,2.2,0.15,0,0.0,0
2012-08-16,2012-09-27,OPTSTK,TATACOMM,310.0,CE,0.0,0.0,0.0,1.55,0.05,0,0.0,0
2012-08-16,2012-09-27,OPTSTK,TATACOMM,320.0,CE,0.0,0.0,0.0,1.05,0.05,0,0.0,0
2012-08-16,2012-09-27,OPTSTK,TATACOMM,330.0,CE,0.0,0.0,0.0,0.75,0.05,0,0.0,0
2012-08-16,2012-09-27,OPTSTK,TATACOMM,340.0,CE,0.0,0.0,0.0,0.65,0.0,0,0.0,0
2012-08-16,2012-09-27,OPTSTK,TATACOMM,360.0,CE,0.0,0.0,0.0,0.55,0.0,0,0.0,0
2012-08-16,2012-09-27,OPTSTK,TATACOMM,140.0,PE,0.0,0.0,0.0,0.05,0.0,0,0.0,0
2012-08-16,2012-09-27,OPTSTK,TATACOMM,150.0,PE,0.0,0.0,0.0,0.15,0.0,0,0.0,0
2012-08-16,2012-09-27,OPTSTK,TATACOMM,160.0,PE,0.0,0.0,0.0,0.4,0.0,0,0.0,0
2012-08-16,2012-09-27,OPTSTK,TATACOMM,170.0,PE,0.0,0.0,0.0,0.85,0.0,0,0.0,0
2012-08-16,2012-09-27,OPTSTK,TATACOMM,180.0,PE,0.0,0.0,0.0,1.65,0.05,0,0.0,0
2012-08-16,2012-09-27,OPTSTK,TATACOMM,190.0,PE,0.0,0.0,0.0,3.0,0.1,0,0.0,0
2012-08-16,2012-09-27,OPTSTK,TATACOMM,200.0,PE,0.0,0.0,0.0,5.05,0.4,0,0.0,0
2012-08-16,2012-09-27,OPTSTK,TATACOMM,210.0,PE,0.0,0.0,0.0,7.85,1.1,0,0.0,0
2012-08-16,2012-09-27,OPTSTK,TATACOMM,220.0,PE,0.0,0.0,0.0,11.55,2.75,0,0.0,0
2012-08-16,2012-09-27,OPTSTK,TATACOMM,230.0,PE,0.0,0.0,0.0,16.15,5.65,0,0.0,0
2012-08-16,2012-09-27,OPTSTK,TATACOMM,240.0,PE,0.0,0.0,0.0,21.6,10.2,0,0.0,0
2012-08-16,2012-09-27,OPTSTK,TATACOMM,250.0,PE,0.0,0.0,0.0,27.85,16.3,0,0.0,0
2012-08-16,2012-09-27,OPTSTK,TATACOMM,260.0,PE,0.0,0.0,0.0,34.9,23.75,0,0.0,0
2012-08-16,2012-09-27,OPTSTK,TATACOMM,270.0,PE,0.0,0.0,0.0,42.5,32.2,0,0.0,0
2012-08-16,2012-09-27,OPTSTK,TATACOMM,280.0,PE,0.0,0.0,0.0,50.65,41.35,0,0.0,0
2012-08-16,2012-09-27,OPTSTK,TATACOMM,290.0,PE,0.0,0.0,0.0,59.2,50.85,0,0.0,0
2012-08-16,2012-09-27,OPTSTK,TATACOMM,300.0,PE,0.0,0.0,0.0,68.05,60.6,0,0.0,0
2012-08-16,2012-09-27,OPTSTK,TATACOMM,310.0,PE,0.0,0.0,0.0,77.15,70.4,0,0.0,0
2012-08-16,2012-09-27,OPTSTK,TATACOMM,320.0,PE,0.0,0.0,0.0,86.45,80.3,0,0.0,0
2012-08-16,2012-09-27,OPTSTK,TATACOMM,330.0,PE,0.0,0.0,0.0,95.9,90.15,0,0.0,0
2012-08-16,2012-09-27,OPTSTK,TATACOMM,340.0,PE,0.0,0.0,0.0,98.05,100.05,0,0.0,0
2012-08-16,2012-09-27,OPTSTK,TATACOMM,360.0,PE,0.0,0.0,0.0,102.25,119.85,0,0.0,0
2012-08-16,2012-10-25,OPTSTK,TATACOMM,140.0,CE,0.0,0.0,0.0,117.0,98.85,0,0.0,0
2012-08-16,2012-10-25,OPTSTK,TATACOMM,150.0,CE,0.0,0.0,0.0,102.85,89.05,0,0.0,0
2012-08-16,2012-10-25,OPTSTK,TATACOMM,160.0,CE,0.0,0.0,0.0,97.65,79.2,0,0.0,0
2012-08-16,2012-10-25,OPTSTK,TATACOMM,170.0,CE,0.0,0.0,0.0,83.6,69.4,0,0.0,0
2012-08-16,2012-10-25,OPTSTK,TATACOMM,180.0,CE,0.0,0.0,0.0,78.75,59.7,0,0.0,0
2012-08-16,2012-10-25,OPTSTK,TATACOMM,190.0,CE,0.0,0.0,0.0,65.25,50.15,0,0.0,0
2012-08-16,2012-10-25,OPTSTK,TATACOMM,200.0,CE,0.0,0.0,0.0,60.95,40.95,0,0.0,0
2012-08-16,2012-10-25,OPTSTK,TATACOMM,210.0,CE,0.0,0.0,0.0,48.55,32.35,0,0.0,0
2012-08-16,2012-10-25,OPTSTK,TATACOMM,220.0,CE,0.0,0.0,0.0,45.15,24.65,0,0.0,0
2012-08-16,2012-10-25,OPTSTK,TATACOMM,230.0,CE,0.0,0.0,0.0,34.35,18.05,0,0.0,0
2012-08-16,2012-10-25,OPTSTK,TATACOMM,240.0,CE,0.0,0.0,0.0,31.95,12.7,0,0.0,0
2012-08-16,2012-10-25,OPTSTK,TATACOMM,250.0,CE,0.0,0.0,0.0,23.1,8.55,0,0.0,0
2012-08-16,2012-10-25,OPTSTK,TATACOMM,260.0,CE,0.0,0.0,0.0,21.6,5.55,0,0.0,0
2012-08-16,2012-10-25,OPTSTK,TATACOMM,270.0,CE,0.0,0.0,0.0,14.85,3.45,0,0.0,0
2012-08-16,2012-10-25,OPTSTK,TATACOMM,280.0,CE,0.0,0.0,0.0,14.05,2.1,0,0.0,0
2012-08-16,2012-10-25,OPTSTK,TATACOMM,290.0,CE,0.0,0.0,0.0,9.15,1.2,0,0.0,0
2012-08-16,2012-10-25,OPTSTK,TATACOMM,300.0,CE,0.0,0.0,0.0,8.8,0.7,0,0.0,0
2012-08-16,2012-10-25,OPTSTK,TATACOMM,310.0,CE,0.0,0.0,0.0,5.45,0.4,0,0.0,0
2012-08-16,2012-10-25,OPTSTK,TATACOMM,320.0,CE,0.0,0.0,0.0,5.35,0.2,0,0.0,0
2012-08-16,2012-10-25,OPTSTK,TATACOMM,330.0,CE,0.0,0.0,0.0,3.1,0.1,0,0.0,0
2012-08-16,2012-10-25,OPTSTK,TATACOMM,340.0,CE,0.0,0.0,0.0,3.15,0.05,0,0.0,0
2012-08-16,2012-10-25,OPTSTK,TATACOMM,360.0,CE,0.0,0.0,0.0,1.8,0.05,0,0.0,0
2012-08-16,2012-10-25,OPTSTK,TATACOMM,140.0,PE,0.0,0.0,0.0,0.05,0.0,0,0.0,0
2012-08-16,2012-10-25,OPTSTK,TATACOMM,150.0,PE,0.0,0.0,0.0,0.1,0.0,0,0.0,0
2012-08-16,2012-10-25,OPTSTK,TATACOMM,160.0,PE,0.0,0.0,0.0,0.2,0.05,0,0.0,0
2012-08-16,2012-10-25,OPTSTK,TATACOMM,170.0,PE,0.0,0.0,0.0,0.45,0.05,0,0.0,0
2012-08-16,2012-10-25,OPTSTK,TATACOMM,180.0,PE,0.0,0.0,0.0,0.85,0.15,0,0.0,0
2012-08-16,2012-10-25,OPTSTK,TATACOMM,190.0,PE,0.0,0.0,0.0,1.65,0.4,0,0.0,0
2012-08-16,2012-10-25,OPTSTK,TATACOMM,200.0,PE,0.0,0.0,0.0,2.65,1.05,0,0.0,0
2012-08-16,2012-10-25,OPTSTK,TATACOMM,210.0,PE,0.0,0.0,0.0,4.5,2.3,0,0.0,0
2012-08-16,2012-10-25,OPTSTK,TATACOMM,220.0,PE,0.0,0.0,0.0,6.35,4.4,0,0.0,0
2012-08-16,2012-10-25,OPTSTK,TATACOMM,230.0,PE,0.0,0.0,0.0,9.85,7.65,0,0.0,0
2012-08-16,2012-10-25,OPTSTK,TATACOMM,240.0,PE,0.0,0.0,0.0,12.7,12.1,0,0.0,0
2012-08-16,2012-10-25,OPTSTK,TATACOMM,250.0,PE,0.0,0.0,0.0,18.2,17.8,0,0.0,0
2012-08-16,2012-10-25,OPTSTK,TATACOMM,260.0,PE,0.0,0.0,0.0,21.9,24.65,0,0.0,0
2012-08-16,2012-10-25,OPTSTK,TATACOMM,270.0,PE,0.0,0.0,0.0,29.5,32.4,0,0.0,0
2012-08-16,2012-10-25,OPTSTK,TATACOMM,280.0,PE,0.0,0.0,0.0,33.9,40.85,0,0.0,0
2012-08-16,2012-10-25,OPTSTK,TATACOMM,290.0,PE,0.0,0.0,0.0,43.35,49.8,0,0.0,0
2012-08-16,2012-10-25,OPTSTK,TATACOMM,300.0,PE,0.0,0.0,0.0,48.2,59.1,0,0.0,0
2012-08-16,2012-10-25,OPTSTK,TATACOMM,310.0,PE,0.0,0.0,0.0,59.2,68.6,0,0.0,0
2012-08-16,2012-10-25,OPTSTK,TATACOMM,320.0,PE,0.0,0.0,0.0,64.3,78.25,0,0.0,0
2012-08-16,2012-10-25,OPTSTK,TATACOMM,330.0,PE,0.0,0.0,0.0,76.45,88.0,0,0.0,0
2012-08-16,2012-10-25,OPTSTK,TATACOMM,340.0,PE,0.0,0.0,0.0,81.65,97.8,0,0.0,0
2012-08-16,2012-10-25,OPTSTK,TATACOMM,360.0,PE,0.0,0.0,0.0,99.85,117.4,0,0.0,0
2012-08-16,2012-08-30,OPTSTK,TATAGLOBAL,50.0,CE,0.0,0.0,0.0,58.8,84.1,0,0.0,0
2012-08-16,2012-08-30,OPTSTK,TATAGLOBAL,60.0,CE,0.0,0.0,0.0,49.05,74.1,0,0.0,0
2012-08-16,2012-08-30,OPTSTK,TATAGLOBAL,70.0,CE,0.0,0.0,0.0,39.35,64.15,0,0.0,0
2012-08-16,2012-08-30,OPTSTK,TATAGLOBAL,80.0,CE,0.0,0.0,0.0,29.95,54.2,0,0.0,0
2012-08-16,2012-08-30,OPTSTK,TATAGLOBAL,90.0,CE,0.0,0.0,0.0,21.35,44.2,0,0.0,0
2012-08-16,2012-08-30,OPTSTK,TATAGLOBAL,100.0,CE,0.0,0.0,0.0,14.1,34.25,0,0.0,0
2012-08-16,2012-08-30,OPTSTK,TATAGLOBAL,110.0,CE,0.0,0.0,0.0,19.2,24.3,0,0.0,2000
2012-08-16,2012-08-30,OPTSTK,TATAGLOBAL,120.0,CE,16.0,16.0,16.0,16.0,16.0,1,2.72,112000
2012-08-16,2012-08-30,OPTSTK,TATAGLOBAL,130.0,CE,7.9,7.9,5.8,6.3,6.3,17,46.49,372000
2012-08-16,2012-08-30,OPTSTK,TATAGLOBAL,140.0,CE,2.55,2.65,1.45,1.55,1.55,122,346.25,672000
2012-08-16,2012-08-30,OPTSTK,TATAGLOBAL,150.0,CE,0.4,0.4,0.2,0.2,0.2,5,15.03,86000
2012-08-16,2012-08-30,OPTSTK,TATAGLOBAL,160.0,CE,0.0,0.0,0.0,0.3,0.05,0,0.0,0
2012-08-16,2012-08-30,OPTSTK,TATAGLOBAL,170.0,CE,0.0,0.0,0.0,0.15,0.0,0,0.0,0
2012-08-16,2012-08-30,OPTSTK,TATAGLOBAL,180.0,CE,0.0,0.0,0.0,0.1,0.0,0,0.0,0
2012-08-16,2012-08-30,OPTSTK,TATAGLOBAL,190.0,CE,0.0,0.0,0.0,0.05,0.0,0,0.0,0
2012-08-16,2012-08-30,OPTSTK,TATAGLOBAL,50.0,PE,0.0,0.0,0.0,0.05,0.0,0,0.0,0
2012-08-16,2012-08-30,OPTSTK,TATAGLOBAL,60.0,PE,0.0,0.0,0.0,0.05,0.0,0,0.0,0
2012-08-16,2012-08-30,OPTSTK,TATAGLOBAL,70.0,PE,0.0,0.0,0.0,0.1,0.0,0,0.0,0
2012-08-16,2012-08-30,OPTSTK,TATAGLOBAL,80.0,PE,0.0,0.0,0.0,0.45,0.0,0,0.0,0
2012-08-16,2012-08-30,OPTSTK,TATAGLOBAL,90.0,PE,0.0,0.0,0.0,1.55,0.0,0,0.0,0
2012-08-16,2012-08-30,OPTSTK,TATAGLOBAL,100.0,PE,0.0,0.0,0.0,0.2,0.0,0,0.0,2000
2012-08-16,2012-08-30,OPTSTK,TATAGLOBAL,110.0,PE,0.0,0.0,0.0,0.1,0.05,0,0.0,86000
2012-08-16,2012-08-30,OPTSTK,TATAGLOBAL,120.0,PE,0.2,0.35,0.2,0.25,0.25,10,24.05,212000
2012-08-16,2012-08-30,OPTSTK,TATAGLOBAL,130.0,PE,1.55,1.75,1.45,1.75,1.75,13,34.21,98000
2012-08-16,2012-08-30,OPTSTK,TATAGLOBAL,140.0,PE,0.0,0.0,0.0,7.2,7.3,0,0.0,10000
2012-08-16,2012-08-30,OPTSTK,TATAGLOBAL,150.0,PE,0.0,0.0,0.0,39.45,15.85,0,0.0,0
2012-08-16,2012-08-30,OPTSTK,TATAGLOBAL,160.0,PE,0.0,0.0,0.0,48.85,25.6,0,0.0,0
2012-08-16,2012-08-30,OPTSTK,TATAGLOBAL,170.0,PE,0.0,0.0,0.0,58.45,35.55,0,0.0,0
2012-08-16,2012-08-30,OPTSTK,TATAGLOBAL,180.0,PE,0.0,0.0,0.0,68.15,45.5,0,0.0,0
2012-08-16,2012-08-30,OPTSTK,TATAGLOBAL,190.0,PE,0.0,0.0,0.0,77.85,55.5,0,0.0,0
2012-08-16,2012-09-27,OPTSTK,TATAGLOBAL,50.0,CE,0.0,0.0,0.0,66.95,84.45,0,0.0,0
2012-08-16,2012-09-27,OPTSTK,TATAGLOBAL,60.0,CE,0.0,0.0,0.0,57.15,74.55,0,0.0,0
2012-08-16,2012-09-27,OPTSTK,TATAGLOBAL,70.0,CE,0.0,0.0,0.0,47.4,64.65,0,0.0,0
2012-08-16,2012-09-27,OPTSTK,TATAGLOBAL,80.0,CE,0.0,0.0,0.0,37.8,54.75,0,0.0,0
2012-08-16,2012-09-27,OPTSTK,TATAGLOBAL,90.0,CE,0.0,0.0,0.0,28.65,44.85,0,0.0,0
2012-08-16,2012-09-27,OPTSTK,TATAGLOBAL,100.0,CE,0.0,0.0,0.0,20.4,35.0,0,0.0,0
2012-08-16,2012-09-27,OPTSTK,TATAGLOBAL,110.0,CE,0.0,0.0,0.0,13.65,25.35,0,0.0,0
2012-08-16,2012-09-27,OPTSTK,TATAGLOBAL,120.0,CE,0.0,0.0,0.0,8.55,16.5,0,0.0,0
2012-08-16,2012-09-27,OPTSTK,TATAGLOBAL,130.0,CE,0.0,0.0,0.0,7.4,9.35,0,0.0,6000
2012-08-16,2012-09-27,OPTSTK,TATAGLOBAL,140.0,CE,4.45,5.55,4.45,5.55,5.55,6,17.4,40000
2012-08-16,2012-09-27,OPTSTK,TATAGLOBAL,150.0,CE,0.0,0.0,0.0,3.4,1.95,0,0.0,20000
2012-08-16,2012-09-27,OPTSTK,TATAGLOBAL,160.0,CE,0.0,0.0,0.0,0.9,0.7,0,0.0,0
2012-08-16,2012-09-27,OPTSTK,TATAGLOBAL,170.0,CE,0.0,0.0,0.0,0.4,0.25,0,0.0,0
2012-08-16,2012-09-27,OPTSTK,TATAGLOBAL,180.0,CE,0.0,0.0,0.0,0.2,0.1,0,0.0,0
2012-08-16,2012-09-27,OPTSTK,TATAGLOBAL,190.0,CE,0.0,0.0,0.0,0.1,0.05,0,0.0,0
2012-08-16,2012-09-27,OPTSTK,TATAGLOBAL,50.0,PE,0.0,0.0,0.0,0.05,0.0,0,0.0,0
2012-08-16,2012-09-27,OPTSTK,TATAGLOBAL,60.0,PE,0.0,0.0,0.0,0.05,0.0,0,0.0,0
2012-08-16,2012-09-27,OPTSTK,TATAGLOBAL,70.0,PE,0.0,0.0,0.0,0.05,0.0,0,0.0,0
2012-08-16,2012-09-27,OPTSTK,TATAGLOBAL,80.0,PE,0.0,0.0,0.0,0.2,0.0,0,0.0,0
2012-08-16,2012-09-27,OPTSTK,TATAGLOBAL,90.0,PE,0.0,0.0,0.0,0.8,0.0,0,0.0,0
2012-08-16,2012-09-27,OPTSTK,TATAGLOBAL,100.0,PE,0.0,0.0,0.0,2.35,0.05,0,0.0,0
2012-08-16,2012-09-27,OPTSTK,TATAGLOBAL,110.0,PE,0.0,0.0,0.0,5.3,0.3,0,0.0,0
2012-08-16,2012-09-27,OPTSTK,TATAGLOBAL,120.0,PE,2.0,2.0,1.25,1.25,1.25,2,4.86,18000
2012-08-16,2012-09-27,OPTSTK,TATAGLOBAL,130.0,PE,3.7,3.7,3.7,3.7,3.7,1,2.67,8000
2012-08-16,2012-09-27,OPTSTK,TATAGLOBAL,140.0,PE,0.0,0.0,0.0,23.8,9.25,0,0.0,0
2012-08-16,2012-09-27,OPTSTK,TATAGLOBAL,150.0,PE,0.0,0.0,0.0,32.3,16.5,0,0.0,0
2012-08-16,2012-09-27,OPTSTK,TATAGLOBAL,160.0,PE,0.0,0.0,0.0,41.3,25.15,0,0.0,0
2012-08-16,2012-09-27,OPTSTK,TATAGLOBAL,170.0,PE,0.0,0.0,0.0,50.7,34.6,0,0.0,0
2012-08-16,2012-09-27,OPTSTK,TATAGLOBAL,180.0,PE,0.0,0.0,0.0,60.25,44.3,0,0.0,0
2012-08-16,2012-09-27,OPTSTK,TATAGLOBAL,190.0,PE,0.0,0.0,0.0,69.95,54.15,0,0.0,0
2012-08-16,2012-10-25,OPTSTK,TATAGLOBAL,50.0,CE,0.0,0.0,0.0,71.2,84.8,0,0.0,0
2012-08-16,2012-10-25,OPTSTK,TATAGLOBAL,60.0,CE,0.0,0.0,0.0,61.45,74.95,0,0.0,0
2012-08-16,2012-10-25,OPTSTK,TATAGLOBAL,70.0,CE,0.0,0.0,0.0,51.7,65.1,0,0.0,0
2012-08-16,2012-10-25,OPTSTK,TATAGLOBAL,80.0,CE,0.0,0.0,0.0,42.1,55.3,0,0.0,0
2012-08-16,2012-10-25,OPTSTK,TATAGLOBAL,90.0,CE,0.0,0.0,0.0,32.95,45.5,0,0.0,0
2012-08-16,2012-10-25,OPTSTK,TATAGLOBAL,100.0,CE,0.0,0.0,0.0,24.6,35.8,0,0.0,0
2012-08-16,2012-10-25,OPTSTK,TATAGLOBAL,110.0,CE,0.0,0.0,0.0,17.55,26.55,0,0.0,0
2012-08-16,2012-10-25,OPTSTK,TATAGLOBAL,120.0,CE,0.0,0.0,0.0,11.9,18.35,0,0.0,0
2012-08-16,2012-10-25,OPTSTK,TATAGLOBAL,130.0,CE,0.0,0.0,0.0,7.75,11.65,0,0.0,0
2012-08-16,2012-10-25,OPTSTK,TATAGLOBAL,140.0,CE,0.0,0.0,0.0,4.85,6.8,0,0.0,0
2012-08-16,2012-10-25,OPTSTK,TATAGLOBAL,150.0,CE,0.0,0.0,0.0,2.95,3.7,0,0.0,0
2012-08-16,2012-10-25,OPTSTK,TATAGLOBAL,160.0,CE,0.0,0.0,0.0,1.75,1.85,0,0.0,0
2012-08-16,2012-10-25,OPTSTK,TATAGLOBAL,170.0,CE,0.0,0.0,0.0,1.0,0.9,0,0.0,0
2012-08-16,2012-10-25,OPTSTK,TATAGLOBAL,180.0,CE,0.0,0.0,0.0,0.55,0.4,0,0.0,0
2012-08-16,2012-10-25,OPTSTK,TATAGLOBAL,190.0,CE,0.0,0.0,0.0,0.3,0.2,0,0.0,0
2012-08-16,2012-10-25,OPTSTK,TATAGLOBAL,50.0,PE,0.0,0.0,0.0,0.05,0.0,0,0.0,0
2012-08-16,2012-10-25,OPTSTK,TATAGLOBAL,60.0,PE,0.0,0.0,0.0,0.05,0.0,0,0.0,0
2012-08-16,2012-10-25,OPTSTK,TATAGLOBAL,70.0,PE,0.0,0.0,0.0,0.05,0.0,0,0.0,0
2012-08-16,2012-10-25,OPTSTK,TATAGLOBAL,80.0,PE,0.0,0.0,0.0,0.25,0.0,0,0.0,0
2012-08-16,2012-10-25,OPTSTK,TATAGLOBAL,90.0,PE,0.0,0.0,0.0,0.85,0.05,0,0.0,0
2012-08-16,2012-10-25,OPTSTK,TATAGLOBAL,100.0,PE,0.0,0.0,0.0,2.3,0.2,0,0.0,0
2012-08-16,2012-10-25,OPTSTK,TATAGLOBAL,110.0,PE,0.0,0.0,0.0,5.0,0.8,0,0.0,0
2012-08-16,2012-10-25,OPTSTK,TATAGLOBAL,120.0,PE,0.0,0.0,0.0,9.15,2.4,0,0.0,0
2012-08-16,2012-10-25,OPTSTK,TATAGLOBAL,130.0,PE,0.0,0.0,0.0,14.75,5.55,0,0.0,0
2012-08-16,2012-10-25,OPTSTK,TATAGLOBAL,140.0,PE,0.0,0.0,0.0,21.65,10.5,0,0.0,0
2012-08-16,2012-10-25,OPTSTK,TATAGLOBAL,150.0,PE,0.0,0.0,0.0,29.5,17.2,0,0.0,0
2012-08-16,2012-10-25,OPTSTK,TATAGLOBAL,160.0,PE,0.0,0.0,0.0,38.05,25.2,0,0.0,0
2012-08-16,2012-10-25,OPTSTK,TATAGLOBAL,170.0,PE,0.0,0.0,0.0,47.1,34.05,0,0.0,0
2012-08-16,2012-10-25,OPTSTK,TATAGLOBAL,180.0,PE,0.0,0.0,0.0,56.45,43.4,0,0.0,0
2012-08-16,2012-10-25,OPTSTK,TATAGLOBAL,190.0,PE,0.0,0.0,0.0,65.95,53.0,0,0.0,0
2012-08-16,2012-08-30,OPTSTK,TATAMOTORS,140.0,CE,0.0,0.0,0.0,98.6,95.95,0,0.0,0
2012-08-16,2012-08-30,OPTSTK,TATAMOTORS,150.0,CE,0.0,0.0,0.0,90.05,85.95,0,0.0,0
2012-08-16,2012-08-30,OPTSTK,TATAMOTORS,160.0,CE,0.0,0.0,0.0,51.0,76.0,0,0.0,36000
2012-08-16,2012-08-30,OPTSTK,TATAMOTORS,170.0,CE,0.0,0.0,0.0,74.2,66.05,0,0.0,0
2012-08-16,2012-08-30,OPTSTK,TATAMOTORS,180.0,CE,0.0,0.0,0.0,30.1,56.1,0,0.0,2000
2012-08-16,2012-08-30,OPTSTK,TATAMOTORS,190.0,CE,0.0,0.0,0.0,22.95,46.15,0,0.0,1000
2012-08-16,2012-08-30,OPTSTK,TATAMOTORS,200.0,CE,0.0,0.0,0.0,32.85,36.4,0,0.0,89000
2012-08-16,2012-08-30,OPTSTK,TATAMOTORS,210.0,CE,26.5,29.95,25.15,25.35,25.35,18,42.86,172000
2012-08-16,2012-08-30,OPTSTK,TATAMOTORS,220.0,CE,15.7,20.85,15.45,16.9,16.9,97,231.67,690000
2012-08-16,2012-08-30,OPTSTK,TATAMOTORS,230.0,CE,8.8,12.3,8.45,9.0,9.0,668,1605.8,1176000
2012-08-16,2012-08-30,OPTSTK,TATAMOTORS,240.0,CE,3.75,5.95,3.35,3.9,3.9,2945,7212.64,1839000
2012-08-16,2012-08-30,OPTSTK,TATAMOTORS,250.0,CE,1.85,2.5,1.3,1.55,1.55,1518,3824.97,2906000
2012-08-16,2012-08-30,OPTSTK,TATAMOTORS,260.0,CE,1.4,1.4,0.55,0.6,0.6,633,1650.51,1654000
2012-08-16,2012-08-30,OPTSTK,TATAMOTORS,270.0,CE,0.3,0.4,0.25,0.3,0.3,40,108.12,564000
2012-08-16,2012-08-30,OPTSTK,TATAMOTORS,280.0,CE,0.15,0.2,0.15,0.15,0.15,21,58.83,517000
2012-08-16,2012-08-30,OPTSTK,TATAMOTORS,290.0,CE,0.2,0.2,0.2,0.2,0.2,6,17.41,68000
2012-08-16,2012-08-30,OPTSTK,TATAMOTORS,300.0,CE,0.1,0.1,0.1,0.1,0.1,2,6.0,66000
2012-08-16,2012-08-30,OPTSTK,TATAMOTORS,310.0,CE,0.0,0.0,0.0,13.9,0.05,0,0.0,0
2012-08-16,2012-08-30,OPTSTK,TATAMOTORS,320.0,CE,0.0,0.0,0.0,12.2,0.0,0,0.0,0
2012-08-16,2012-08-30,OPTSTK,TATAMOTORS,330.0,CE,0.0,0.0,0.0,10.65,0.0,0,0.0,0
2012-08-16,2012-08-30,OPTSTK,TATAMOTORS,140.0,PE,0.0,0.0,0.0,2.25,0.0,0,0.0,0
2012-08-16,2012-08-30,OPTSTK,TATAMOTORS,150.0,PE,0.0,0.0,0.0,3.45,0.0,0,0.0,0
2012-08-16,2012-08-30,OPTSTK,TATAMOTORS,160.0,PE,0.0,0.0,0.0,5.05,0.0,0,0.0,0
2012-08-16,2012-08-30,OPTSTK,TATAMOTORS,170.0,PE,0.0,0.0,0.0,0.1,0.0,0,0.0,20000
2012-08-16,2012-08-30,OPTSTK,TATAMOTORS,180.0,PE,0.05,0.05,0.05,0.05,0.05,9,16.2,146000
2012-08-16,2012-08-30,OPTSTK,TATAMOTORS,190.0,PE,0.1,0.1,0.1,0.1,0.1,29,55.12,252000
2012-08-16,2012-08-30,OPTSTK,TATAMOTORS,200.0,PE,0.2,0.25,0.15,0.25,0.25,53,106.11,1085000
2012-08-16,2012-08-30,OPTSTK,TATAMOTORS,210.0,PE,1.0,1.0,0.3,0.5,0.5,219,460.79,880000
2012-08-16,2012-08-30,OPTSTK,TATAMOTORS,220.0,PE,1.5,1.6,0.8,1.3,1.3,946,2090.63,2320000
2012-08-16,2012-08-30,OPTSTK,TATAMOTORS,230.0,PE,3.5,3.9,2.1,3.35,3.35,2280,5310.91,1655000
2012-08-16,2012-08-30,OPTSTK,TATAMOTORS,240.0,PE,8.9,8.9,5.55,8.1,8.1,876,2161.93,1146000
2012-08-16,2012-08-30,OPTSTK,TATAMOTORS,250.0,PE,12.0,16.0,12.0,15.65,15.65,32,84.29,204000
2012-08-16,2012-08-30,OPTSTK,TATAMOTORS,260.0,PE,0.0,0.0,0.0,33.0,25.35,0,0.0,27000
2012-08-16,2012-08-30,OPTSTK,TATAMOTORS,270.0,PE,0.0,0.0,0.0,35.4,34.35,0,0.0,8000
2012-08-16,2012-08-30,OPTSTK,TATAMOTORS,280.0,PE,0.0,0.0,0.0,45.9,43.9,0,0.0,18000
2012-08-16,2012-08-30,OPTSTK,TATAMOTORS,290.0,PE,0.0,0.0,0.0,50.0,53.7,0,0.0,3000
2012-08-16,2012-08-30,OPTSTK,TATAMOTORS,300.0,PE,0.0,0.0,0.0,90.0,63.6,0,0.0,4000
2012-08-16,2012-08-30,OPTSTK,TATAMOTORS,310.0,PE,0.0,0.0,0.0,83.4,73.55,0,0.0,0
2012-08-16,2012-08-30,OPTSTK,TATAMOTORS,320.0,PE,0.0,0.0,0.0,103.0,83.5,0,0.0,5000
2012-08-16,2012-08-30,OPTSTK,TATAMOTORS,330.0,PE,0.0,0.0,0.0,99.7,93.45,0,0.0,0
2012-08-16,2012-09-27,OPTSTK,TATAMOTORS,140.0,CE,0.0,0.0,0.0,104.1,96.9,0,0.0,0
2012-08-16,2012-09-27,OPTSTK,TATAMOTORS,150.0,CE,0.0,0.0,0.0,94.8,87.05,0,0.0,0
2012-08-16,2012-09-27,OPTSTK,TATAMOTORS,160.0,CE,0.0,0.0,0.0,85.75,77.2,0,0.0,0
2012-08-16,2012-09-27,OPTSTK,TATAMOTORS,170.0,CE,0.0,0.0,0.0,77.0,67.4,0,0.0,0
2012-08-16,2012-09-27,OPTSTK,TATAMOTORS,180.0,CE,0.0,0.0,0.0,68.7,57.8,0,0.0,0
2012-08-16,2012-09-27,OPTSTK,TATAMOTORS,190.0,CE,0.0,0.0,0.0,53.35,48.5,0,0.0,2000
2012-08-16,2012-09-27,OPTSTK,TATAMOTORS,200.0,CE,0.0,0.0,0.0,43.8,39.75,0,0.0,2000
2012-08-16,2012-09-27,OPTSTK,TATAMOTORS,210.0,CE,0.0,0.0,0.0,34.6,31.75,0,0.0,2000
2012-08-16,2012-09-27,OPTSTK,TATAMOTORS,220.0,CE,23.85,23.85,22.55,22.55,22.55,2,4.86,9000
2012-08-16,2012-09-27,OPTSTK,TATAMOTORS,230.0,CE,16.95,16.95,15.95,15.95,15.95,2,4.92,10000
2012-08-16,2012-09-27,OPTSTK,TATAMOTORS,240.0,CE,9.5,11.2,9.5,9.5,9.5,32,80.11,52000
2012-08-16,2012-09-27,OPTSTK,TATAMOTORS,250.0,CE,6.0,7.15,5.9,5.9,5.9,18,46.16,45000
2012-08-16,2012-09-27,OPTSTK,TATAMOTORS,260.0,CE,3.85,3.85,3.4,3.4,3.4,3,7.91,11000
2012-08-16,2012-09-27,OPTSTK,TATAMOTORS,270.0,CE,0.0,0.0,0.0,1.1,4.6,0,0.0,2000
2012-08-16,2012-09-27,OPTSTK,TATAMOTORS,280.0,CE,1.15,1.15,0.9,0.9,0.9,12,33.71,90000
2012-08-16,2012-09-27,OPTSTK,TATAMOTORS,290.0,CE,0.0,0.0,0.0,0.3,1.95,0,0.0,2000
2012-08-16,2012-09-27,OPTSTK,TATAMOTORS,300.0,CE,0.0,0.0,0.0,1.1,1.25,0,0.0,32000
2012-08-16,2012-09-27,OPTSTK,TATAMOTORS,310.0,CE,0.0,0.0,0.0,0.05,0.8,0,0.0,2000
2012-08-16,2012-09-27,OPTSTK,TATAMOTORS,320.0,CE,0.0,0.0,0.0,7.75,0.5,0,0.0,0
2012-08-16,2012-09-27,OPTSTK,TATAMOTORS,330.0,CE,0.0,0.0,0.0,6.45,0.3,0,0.0,0
2012-08-16,2012-09-27,OPTSTK,TATAMOTORS,140.0,PE,0.0,0.0,0.0,0.5,0.0,0,0.0,0
2012-08-16,2012-09-27,OPTSTK,TATAMOTORS,150.0,PE,0.0,0.0,0.0,0.95,0.05,0,0.0,0
2012-08-16,2012-09-27,OPTSTK,TATAMOTORS,160.0,PE,0.0,0.0,0.0,1.65,0.05,0,0.0,0
2012-08-16,2012-09-27,OPTSTK,TATAMOTORS,170.0,PE,0.0,0.0,0.0,2.7,0.2,0,0.0,0
2012-08-16,2012-09-27,OPTSTK,TATAMOTORS,180.0,PE,0.0,0.0,0.0,4.2,0.5,0,0.0,0
2012-08-16,2012-09-27,OPTSTK,TATAMOTORS,190.0,PE,0.0,0.0,0.0,2.2,1.1,0,0.0,1000
2012-08-16,2012-09-27,OPTSTK,TATAMOTORS,200.0,PE,0.0,0.0,0.0,1.5,2.25,0,0.0,7000
2012-08-16,2012-09-27,OPTSTK,TATAMOTORS,210.0,PE,0.0,0.0,0.0,2.0,4.15,0,0.0,13000
2012-08-16,2012-09-27,OPTSTK,TATAMOTORS,220.0,PE,0.0,0.0,0.0,4.1,6.95,0,0.0,13000
2012-08-16,2012-09-27,OPTSTK,TATAMOTORS,230.0,PE,7.0,7.2,6.0,7.2,7.2,4,9.46,45000
2012-08-16,2012-09-27,OPTSTK,TATAMOTORS,240.0,PE,11.45,11.45,11.45,11.45,11.45,1,2.51,44000
2012-08-16,2012-09-27,OPTSTK,TATAMOTORS,250.0,PE,0.0,0.0,0.0,20.5,21.7,0,0.0,9000
2012-08-16,2012-09-27,OPTSTK,TATAMOTORS,260.0,PE,25.0,25.0,25.0,25.0,25.0,1,2.85,1000
2012-08-16,2012-09-27,OPTSTK,TATAMOTORS,270.0,PE,0.0,0.0,0.0,42.0,36.35,0,0.0,0
2012-08-16,2012-09-27,OPTSTK,TATAMOTORS,280.0,PE,0.0,0.0,0.0,40.5,44.7,0,0.0,2000
2012-08-16,2012-09-27,OPTSTK,TATAMOTORS,290.0,PE,0.0,0.0,0.0,49.2,53.55,0,0.0,2000
2012-08-16,2012-09-27,OPTSTK,TATAMOTORS,300.0,PE,0.0,0.0,0.0,58.1,62.7,0,0.0,2000
2012-08-16,2012-09-27,OPTSTK,TATAMOTORS,310.0,PE,0.0,0.0,0.0,68.65,72.15,0,0.0,2000
2012-08-16,2012-09-27,OPTSTK,TATAMOTORS,320.0,PE,0.0,0.0,0.0,79.95,81.75,0,0.0,0
2012-08-16,2012-09-27,OPTSTK,TATAMOTORS,330.0,PE,0.0,0.0,0.0,88.4,91.45,0,0.0,0
2012-08-16,2012-10-25,OPTSTK,TATAMOTORS,140.0,CE,0.0,0.0,0.0,68.75,97.9,0,0.0,0
2012-08-16,2012-10-25,OPTSTK,TATAMOTORS,150.0,CE,0.0,0.0,0.0,59.55,88.15,0,0.0,0
2012-08-16,2012-10-25,OPTSTK,TATAMOTORS,160.0,CE,0.0,0.0,0.0,50.75,78.55,0,0.0,0
2012-08-16,2012-10-25,OPTSTK,TATAMOTORS,170.0,CE,0.0,0.0,0.0,42.55,69.1,0,0.0,0
2012-08-16,2012-10-25,OPTSTK,TATAMOTORS,180.0,CE,0.0,0.0,0.0,35.05,60.0,0,0.0,0
2012-08-16,2012-10-25,OPTSTK,TATAMOTORS,190.0,CE,0.0,0.0,0.0,28.4,51.35,0,0.0,0
2012-08-16,2012-10-25,OPTSTK,TATAMOTORS,200.0,CE,0.0,0.0,0.0,22.65,43.25,0,0.0,0
2012-08-16,2012-10-25,OPTSTK,TATAMOTORS,210.0,CE,0.0,0.0,0.0,17.75,35.9,0,0.0,0
2012-08-16,2012-10-25,OPTSTK,TATAMOTORS,220.0,CE,0.0,0.0,0.0,20.0,29.3,0,0.0,5000
2012-08-16,2012-10-25,OPTSTK,TATAMOTORS,230.0,CE,0.0,0.0,0.0,10.45,23.55,0,0.0,0
2012-08-16,2012-10-25,OPTSTK,TATAMOTORS,240.0,CE,0.0,0.0,0.0,20.0,18.65,0,0.0,4000
2012-08-16,2012-10-25,OPTSTK,TATAMOTORS,250.0,CE,0.0,0.0,0.0,5.85,14.55,0,0.0,0
2012-08-16,2012-10-25,OPTSTK,TATAMOTORS,260.0,CE,0.0,0.0,0.0,4.3,11.2,0,0.0,0
2012-08-16,2012-10-25,OPTSTK,TATAMOTORS,270.0,CE,0.0,0.0,0.0,3.15,8.55,0,0.0,0
2012-08-16,2012-10-25,OPTSTK,TATAMOTORS,280.0,CE,0.0,0.0,0.0,2.25,6.4,0,0.0,0
2012-08-16,2012-10-25,OPTSTK,TATAMOTORS,290.0,CE,0.0,0.0,0.0,1.6,4.75,0,0.0,0
2012-08-16,2012-10-25,OPTSTK,TATAMOTORS,300.0,CE,0.0,0.0,0.0,1.15,3.5,0,0.0,0
2012-08-16,2012-10-25,OPTSTK,TATAMOTORS,310.0,CE,0.0,0.0,0.0,0.8,2.55,0,0.0,0
2012-08-16,2012-10-25,OPTSTK,TATAMOTORS,140.0,PE,0.0,0.0,0.0,0.45,0.05,0,0.0,0
2012-08-16,2012-10-25,OPTSTK,TATAMOTORS,150.0,PE,0.0,0.0,0.0,1.05,0.15,0,0.0,0
2012-08-16,2012-10-25,OPTSTK,TATAMOTORS,160.0,PE,0.0,0.0,0.0,2.0,0.35,0,0.0,0
2012-08-16,2012-10-25,OPTSTK,TATAMOTORS,170.0,PE,0.0,0.0,0.0,3.6,0.75,0,0.0,0
2012-08-16,2012-10-25,OPTSTK,TATAMOTORS,180.0,PE,0.0,0.0,0.0,5.9,1.45,0,0.0,0
2012-08-16,2012-10-25,OPTSTK,TATAMOTORS,190.0,PE,0.0,0.0,0.0,9.0,2.6,0,0.0,0
2012-08-16,2012-10-25,OPTSTK,TATAMOTORS,200.0,PE,0.0,0.0,0.0,13.0,4.35,0,0.0,0
2012-08-16,2012-10-25,OPTSTK,TATAMOTORS,210.0,PE,0.0,0.0,0.0,17.9,6.85,0,0.0,0
2012-08-16,2012-10-25,OPTSTK,TATAMOTORS,220.0,PE,0.0,0.0,0.0,23.6,10.05,0,0.0,0
2012-08-16,2012-10-25,OPTSTK,TATAMOTORS,230.0,PE,0.0,0.0,0.0,30.1,14.15,0,0.0,0
2012-08-16,2012-10-25,OPTSTK,TATAMOTORS,240.0,PE,0.0,0.0,0.0,20.0,19.1,0,0.0,1000
2012-08-16,2012-10-25,OPTSTK,TATAMOTORS,250.0,PE,0.0,0.0,0.0,45.05,24.8,0,0.0,0
2012-08-16,2012-10-25,OPTSTK,TATAMOTORS,260.0,PE,0.0,0.0,0.0,53.3,31.3,0,0.0,0
2012-08-16,2012-10-25,OPTSTK,TATAMOTORS,270.0,PE,0.0,0.0,0.0,61.9,38.45,0,0.0,0
2012-08-16,2012-10-25,OPTSTK,TATAMOTORS,280.0,PE,0.0,0.0,0.0,70.8,46.15,0,0.0,0
2012-08-16,2012-10-25,OPTSTK,TATAMOTORS,290.0,PE,0.0,0.0,0.0,79.95,54.35,0,0.0,0
2012-08-16,2012-10-25,OPTSTK,TATAMOTORS,300.0,PE,0.0,0.0,0.0,89.25,62.9,0,0.0,0
2012-08-16,2012-10-25,OPTSTK,TATAMOTORS,310.0,PE,0.0,0.0,0.0,98.7,71.8,0,0.0,0
2012-08-16,2012-08-30,OPTSTK,TATAMTRDVR,70.0,CE,0.0,0.0,0.0,67.95,67.85,0,0.0,0
2012-08-16,2012-08-30,OPTSTK,TATAMTRDVR,80.0,CE,0.0,0.0,0.0,58.75,57.9,0,0.0,0
2012-08-16,2012-08-30,OPTSTK,TATAMTRDVR,90.0,CE,0.0,0.0,0.0,50.05,47.9,0,0.0,0
2012-08-16,2012-08-30,OPTSTK,TATAMTRDVR,100.0,CE,0.0,0.0,0.0,19.0,37.95,0,0.0,2000
2012-08-16,2012-08-30,OPTSTK,TATAMTRDVR,110.0,CE,0.0,0.0,0.0,9.35,28.05,0,0.0,2000
2012-08-16,2012-08-30,OPTSTK,TATAMTRDVR,120.0,CE,17.75,18.0,16.85,17.5,17.5,6,16.5,190000
2012-08-16,2012-08-30,OPTSTK,TATAMTRDVR,130.0,CE,8.45,9.5,7.5,7.95,7.95,40,110.88,476000
2012-08-16,2012-08-30,OPTSTK,TATAMTRDVR,140.0,CE,2.7,3.2,1.85,2.2,2.2,390,1112.5,528000
2012-08-16,2012-08-30,OPTSTK,TATAMTRDVR,150.0,CE,0.35,0.7,0.35,0.55,0.55,26,78.31,80000
2012-08-16,2012-08-30,OPTSTK,TATAMTRDVR,160.0,CE,0.0,0.0,0.0,0.35,0.55,0,0.0,6000
2012-08-16,2012-08-30,OPTSTK,TATAMTRDVR,170.0,CE,0.0,0.0,0.0,9.25,0.15,0,0.0,0
2012-08-16,2012-08-30,OPTSTK,TATAMTRDVR,180.0,CE,0.0,0.0,0.0,7.25,0.05,0,0.0,0
2012-08-16,2012-08-30,OPTSTK,TATAMTRDVR,190.0,CE,0.0,0.0,0.0,5.65,0.0,0,0.0,0
2012-08-16,2012-08-30,OPTSTK,TATAMTRDVR,200.0,CE,0.0,0.0,0.0,4.4,0.0,0,0.0,0
2012-08-16,2012-08-30,OPTSTK,TATAMTRDVR,210.0,CE,0.0,0.0,0.0,3.45,0.0,0,0.0,0
2012-08-16,2012-08-30,OPTSTK,TATAMTRDVR,220.0,CE,0.0,0.0,0.0,2.65,0.0,0,0.0,0
2012-08-16,2012-08-30,OPTSTK,TATAMTRDVR,230.0,CE,0.0,0.0,0.0,2.05,0.0,0,0.0,0
2012-08-16,2012-08-30,OPTSTK,TATAMTRDVR,240.0,CE,0.0,0.0,0.0,2.2,0.0,0,0.0,4000
2012-08-16,2012-08-30,OPTSTK,TATAMTRDVR,70.0,PE,0.0,0.0,0.0,0.35,0.0,0,0.0,0
2012-08-16,2012-08-30,OPTSTK,TATAMTRDVR,80.0,PE,0.0,0.0,0.0,0.85,0.0,0,0.0,0
2012-08-16,2012-08-30,OPTSTK,TATAMTRDVR,90.0,PE,0.0,0.0,0.0,1.95,0.0,0,0.0,0
2012-08-16,2012-08-30,OPTSTK,TATAMTRDVR,100.0,PE,0.0,0.0,0.0,3.7,0.0,0,0.0,0
2012-08-16,2012-08-30,OPTSTK,TATAMTRDVR,110.0,PE,0.05,0.25,0.05,0.25,0.25,2,4.4,34000
2012-08-16,2012-08-30,OPTSTK,TATAMTRDVR,120.0,PE,0.35,0.35,0.15,0.25,0.25,19,45.68,238000
2012-08-16,2012-08-30,OPTSTK,TATAMTRDVR,130.0,PE,1.0,1.2,0.8,1.0,1.0,82,214.74,284000
2012-08-16,2012-08-30,OPTSTK,TATAMTRDVR,140.0,PE,5.3,5.3,4.2,4.8,4.8,58,167.89,118000
2012-08-16,2012-08-30,OPTSTK,TATAMTRDVR,150.0,PE,0.0,0.0,0.0,31.0,13.7,0,0.0,2000
2012-08-16,2012-08-30,OPTSTK,TATAMTRDVR,160.0,PE,0.0,0.0,0.0,41.0,22.45,0,0.0,6000
2012-08-16,2012-08-30,OPTSTK,TATAMTRDVR,170.0,PE,0.0,0.0,0.0,49.0,32.0,0,0.0,4000
2012-08-16,2012-08-30,OPTSTK,TATAMTRDVR,180.0,PE,0.0,0.0,0.0,59.0,41.85,0,0.0,2000
2012-08-16,2012-08-30,OPTSTK,TATAMTRDVR,190.0,PE,0.0,0.0,0.0,55.15,51.8,0,0.0,0
2012-08-16,2012-08-30,OPTSTK,TATAMTRDVR,200.0,PE,0.0,0.0,0.0,63.65,61.75,0,0.0,0
2012-08-16,2012-08-30,OPTSTK,TATAMTRDVR,210.0,PE,0.0,0.0,0.0,72.4,71.7,0,0.0,0
2012-08-16,2012-08-30,OPTSTK,TATAMTRDVR,220.0,PE,0.0,0.0,0.0,81.4,81.7,0,0.0,0
2012-08-16,2012-08-30,OPTSTK,TATAMTRDVR,230.0,PE,0.0,0.0,0.0,90.6,91.65,0,0.0,0
2012-08-16,2012-08-30,OPTSTK,TATAMTRDVR,240.0,PE,0.0,0.0,0.0,99.9,101.6,0,0.0,0
2012-08-16,2012-09-27,OPTSTK,TATAMTRDVR,70.0,CE,0.0,0.0,0.0,62.3,68.35,0,0.0,0
2012-08-16,2012-09-27,OPTSTK,TATAMTRDVR,80.0,CE,0.0,0.0,0.0,52.8,58.45,0,0.0,0
2012-08-16,2012-09-27,OPTSTK,TATAMTRDVR,90.0,CE,0.0,0.0,0.0,43.6,48.6,0,0.0,0
2012-08-16,2012-09-27,OPTSTK,TATAMTRDVR,100.0,CE,0.0,0.0,0.0,35.15,38.95,0,0.0,0
2012-08-16,2012-09-27,OPTSTK,TATAMTRDVR,110.0,CE,0.0,0.0,0.0,27.55,29.75,0,0.0,0
2012-08-16,2012-09-27,OPTSTK,TATAMTRDVR,120.0,CE,0.0,0.0,0.0,21.05,21.55,0,0.0,0
2012-08-16,2012-09-27,OPTSTK,TATAMTRDVR,130.0,CE,0.0,0.0,0.0,7.45,14.7,0,0.0,6000
2012-08-16,2012-09-27,OPTSTK,TATAMTRDVR,140.0,CE,0.0,0.0,0.0,2.6,9.45,0,0.0,8000
2012-08-16,2012-09-27,OPTSTK,TATAMTRDVR,150.0,CE,0.0,0.0,0.0,1.4,5.75,0,0.0,4000
2012-08-16,2012-09-27,OPTSTK,TATAMTRDVR,160.0,CE,0.0,0.0,0.0,5.85,3.3,0,0.0,0
2012-08-16,2012-09-27,OPTSTK,TATAMTRDVR,170.0,CE,0.0,0.0,0.0,4.05,1.85,0,0.0,0
2012-08-16,2012-09-27,OPTSTK,TATAMTRDVR,180.0,CE,0.0,0.0,0.0,2.8,1.0,0,0.0,0
2012-08-16,2012-09-27,OPTSTK,TATAMTRDVR,190.0,CE,0.0,0.0,0.0,1.9,0.5,0,0.0,0
2012-08-16,2012-09-27,OPTSTK,TATAMTRDVR,200.0,CE,0.0,0.0,0.0,1.3,0.25,0,0.0,0
2012-08-16,2012-09-27,OPTSTK,TATAMTRDVR,210.0,CE,0.0,0.0,0.0,0.9,0.15,0,0.0,0
2012-08-16,2012-09-27,OPTSTK,TATAMTRDVR,220.0,CE,0.0,0.0,0.0,0.6,0.05,0,0.0,0
2012-08-16,2012-09-27,OPTSTK,TATAMTRDVR,230.0,CE,0.0,0.0,0.0,0.4,0.05,0,0.0,0
2012-08-16,2012-09-27,OPTSTK,TATAMTRDVR,70.0,PE,0.0,0.0,0.0,0.1,0.0,0,0.0,0
2012-08-16,2012-09-27,OPTSTK,TATAMTRDVR,80.0,PE,0.0,0.0,0.0,0.3,0.05,0,0.0,0
2012-08-16,2012-09-27,OPTSTK,TATAMTRDVR,90.0,PE,0.0,0.0,0.0,0.95,0.05,0,0.0,0
2012-08-16,2012-09-27,OPTSTK,TATAMTRDVR,100.0,PE,0.0,0.0,0.0,2.2,0.3,0,0.0,0
2012-08-16,2012-09-27,OPTSTK,TATAMTRDVR,110.0,PE,0.0,0.0,0.0,4.4,1.0,0,0.0,0
2012-08-16,2012-09-27,OPTSTK,TATAMTRDVR,120.0,PE,0.0,0.0,0.0,1.0,2.7,0,0.0,10000
2012-08-16,2012-09-27,OPTSTK,TATAMTRDVR,130.0,PE,0.0,0.0,0.0,3.2,5.75,0,0.0,2000
2012-08-16,2012-09-27,OPTSTK,TATAMTRDVR,140.0,PE,0.0,0.0,0.0,17.65,10.4,0,0.0,0
2012-08-16,2012-09-27,OPTSTK,TATAMTRDVR,150.0,PE,0.0,0.0,0.0,24.15,16.6,0,0.0,0
2012-08-16,2012-09-27,OPTSTK,TATAMTRDVR,160.0,PE,0.0,0.0,0.0,31.5,24.05,0,0.0,0
2012-08-16,2012-09-27,OPTSTK,TATAMTRDVR,170.0,PE,0.0,0.0,0.0,39.5,32.5,0,0.0,0
2012-08-16,2012-09-27,OPTSTK,TATAMTRDVR,180.0,PE,0.0,0.0,0.0,48.0,41.5,0,0.0,0
2012-08-16,2012-09-27,OPTSTK,TATAMTRDVR,190.0,PE,0.0,0.0,0.0,56.9,50.95,0,0.0,0
2012-08-16,2012-09-27,OPTSTK,TATAMTRDVR,200.0,PE,0.0,0.0,0.0,66.05,60.6,0,0.0,0
2012-08-16,2012-09-27,OPTSTK,TATAMTRDVR,210.0,PE,0.0,0.0,0.0,75.4,70.35,0,0.0,0
2012-08-16,2012-09-27,OPTSTK,TATAMTRDVR,220.0,PE,0.0,0.0,0.0,84.9,80.2,0,0.0,0
2012-08-16,2012-09-27,OPTSTK,TATAMTRDVR,230.0,PE,0.0,0.0,0.0,94.45,90.05,0,0.0,0
2012-08-16,2012-10-25,OPTSTK,TATAMTRDVR,70.0,CE,0.0,0.0,0.0,48.7,68.85,0,0.0,0
2012-08-16,2012-10-25,OPTSTK,TATAMTRDVR,80.0,CE,0.0,0.0,0.0,39.15,59.05,0,0.0,0
2012-08-16,2012-10-25,OPTSTK,TATAMTRDVR,90.0,CE,0.0,0.0,0.0,30.05,49.45,0,0.0,0
2012-08-16,2012-10-25,OPTSTK,TATAMTRDVR,100.0,CE,0.0,0.0,0.0,21.95,40.25,0,0.0,0
2012-08-16,2012-10-25,OPTSTK,TATAMTRDVR,110.0,CE,0.0,0.0,0.0,15.2,31.7,0,0.0,0
2012-08-16,2012-10-25,OPTSTK,TATAMTRDVR,120.0,CE,0.0,0.0,0.0,10.0,24.15,0,0.0,0
2012-08-16,2012-10-25,OPTSTK,TATAMTRDVR,130.0,CE,0.0,0.0,0.0,6.25,17.8,0,0.0,0
2012-08-16,2012-10-25,OPTSTK,TATAMTRDVR,140.0,CE,0.0,0.0,0.0,3.8,12.75,0,0.0,0
2012-08-16,2012-10-25,OPTSTK,TATAMTRDVR,150.0,CE,0.0,0.0,0.0,2.2,8.85,0,0.0,0
2012-08-16,2012-10-25,OPTSTK,TATAMTRDVR,160.0,CE,0.0,0.0,0.0,1.25,6.0,0,0.0,0
2012-08-16,2012-10-25,OPTSTK,TATAMTRDVR,170.0,CE,0.0,0.0,0.0,0.7,4.0,0,0.0,0
2012-08-16,2012-10-25,OPTSTK,TATAMTRDVR,180.0,CE,0.0,0.0,0.0,0.4,2.6,0,0.0,0
2012-08-16,2012-10-25,OPTSTK,TATAMTRDVR,190.0,CE,0.0,0.0,0.0,0.2,1.65,0,0.0,0
2012-08-16,2012-10-25,OPTSTK,TATAMTRDVR,200.0,CE,0.0,0.0,0.0,0.1,1.05,0,0.0,0
2012-08-16,2012-10-25,OPTSTK,TATAMTRDVR,210.0,CE,0.0,0.0,0.0,0.05,0.65,0,0.0,0
2012-08-16,2012-10-25,OPTSTK,TATAMTRDVR,220.0,CE,0.0,0.0,0.0,0.05,0.4,0,0.0,0
2012-08-16,2012-10-25,OPTSTK,TATAMTRDVR,70.0,PE,0.0,0.0,0.0,0.05,0.05,0,0.0,0
2012-08-16,2012-10-25,OPTSTK,TATAMTRDVR,80.0,PE,0.0,0.0,0.0,0.25,0.1,0,0.0,0
2012-08-16,2012-10-25,OPTSTK,TATAMTRDVR,90.0,PE,0.0,0.0,0.0,0.95,0.3,0,0.0,0
2012-08-16,2012-10-25,OPTSTK,TATAMTRDVR,100.0,PE,0.0,0.0,0.0,2.65,0.9,0,0.0,0
2012-08-16,2012-10-25,OPTSTK,TATAMTRDVR,110.0,PE,0.0,0.0,0.0,5.65,2.2,0,0.0,0
2012-08-16,2012-10-25,OPTSTK,TATAMTRDVR,120.0,PE,0.0,0.0,0.0,10.2,4.5,0,0.0,0
2012-08-16,2012-10-25,OPTSTK,TATAMTRDVR,130.0,PE,0.0,0.0,0.0,16.25,8.0,0,0.0,0
2012-08-16,2012-10-25,OPTSTK,TATAMTRDVR,140.0,PE,0.0,0.0,0.0,23.55,12.75,0,0.0,0
2012-08-16,2012-10-25,OPTSTK,TATAMTRDVR,150.0,PE,0.0,0.0,0.0,31.75,18.7,0,0.0,0
2012-08-16,2012-10-25,OPTSTK,TATAMTRDVR,160.0,PE,0.0,0.0,0.0,40.55,25.65,0,0.0,0
2012-08-16,2012-10-25,OPTSTK,TATAMTRDVR,170.0,PE,0.0,0.0,0.0,49.8,33.45,0,0.0,0
2012-08-16,2012-10-25,OPTSTK,TATAMTRDVR,180.0,PE,0.0,0.0,0.0,59.25,41.9,0,0.0,0
2012-08-16,2012-10-25,OPTSTK,TATAMTRDVR,190.0,PE,0.0,0.0,0.0,68.85,50.8,0,0.0,0
2012-08-16,2012-10-25,OPTSTK,TATAMTRDVR,200.0,PE,0.0,0.0,0.0,78.55,60.0,0,0.0,0
2012-08-16,2012-10-25,OPTSTK,TATAMTRDVR,210.0,PE,0.0,0.0,0.0,88.25,69.45,0,0.0,0
2012-08-16,2012-10-25,OPTSTK,TATAMTRDVR,220.0,PE,0.0,0.0,0.0,98.0,79.05,0,0.0,0
2012-08-16,2012-08-30,OPTSTK,TATAPOWER,50.0,CE,0.0,0.0,0.0,44.75,51.45,0,0.0,0
2012-08-16,2012-08-30,OPTSTK,TATAPOWER,55.0,CE,0.0,0.0,0.0,39.9,46.45,0,0.0,0
2012-08-16,2012-08-30,OPTSTK,TATAPOWER,60.0,CE,0.0,0.0,0.0,35.1,41.45,0,0.0,0
2012-08-16,2012-08-30,OPTSTK,TATAPOWER,65.0,CE,0.0,0.0,0.0,30.4,36.5,0,0.0,0
2012-08-16,2012-08-30,OPTSTK,TATAPOWER,70.0,CE,0.0,0.0,0.0,25.95,31.5,0,0.0,0
2012-08-16,2012-08-30,OPTSTK,TATAPOWER,75.0,CE,0.0,0.0,0.0,21.75,26.5,0,0.0,0
2012-08-16,2012-08-30,OPTSTK,TATAPOWER,80.0,CE,0.0,0.0,0.0,17.9,21.55,0,0.0,0
2012-08-16,2012-08-30,OPTSTK,TATAPOWER,85.0,CE,0.0,0.0,0.0,14.45,16.55,0,0.0,0
2012-08-16,2012-08-30,OPTSTK,TATAPOWER,90.0,CE,0.0,0.0,0.0,11.45,11.65,0,0.0,8000
2012-08-16,2012-08-30,OPTSTK,TATAPOWER,95.0,CE,7.05,7.05,7.05,7.05,7.05,3,6.12,46000
2012-08-16,2012-08-30,OPTSTK,TATAPOWER,100.0,CE,3.5,3.85,2.9,3.1,3.1,105,217.21,260000
2012-08-16,2012-08-30,OPTSTK,TATAPOWER,105.0,CE,1.3,1.4,1.0,1.05,1.05,33,70.08,158000
2012-08-16,2012-08-30,OPTSTK,TATAPOWER,110.0,CE,0.25,0.25,0.25,0.25,0.25,1,2.2,50000
2012-08-16,2012-08-30,OPTSTK,TATAPOWER,115.0,CE,0.0,0.0,0.0,2.9,0.1,0,0.0,0
2012-08-16,2012-08-30,OPTSTK,TATAPOWER,120.0,CE,0.0,0.0,0.0,2.1,0.05,0,0.0,0
2012-08-16,2012-08-30,OPTSTK,TATAPOWER,125.0,CE,0.0,0.0,0.0,1.55,0.0,0,0.0,0
2012-08-16,2012-08-30,OPTSTK,TATAPOWER,130.0,CE,0.0,0.0,0.0,1.1,0.0,0,0.0,0
2012-08-16,2012-08-30,OPTSTK,TATAPOWER,135.0,CE,0.0,0.0,0.0,0.8,0.0,0,0.0,0
2012-08-16,2012-08-30,OPTSTK,TATAPOWER,140.0,CE,0.0,0.0,0.0,0.55,0.0,0,0.0,0
2012-08-16,2012-08-30,OPTSTK,TATAPOWER,145.0,CE,0.0,0.0,0.0,0.4,0.0,0,0.0,0
2012-08-16,2012-08-30,OPTSTK,TATAPOWER,150.0,CE,0.0,0.0,0.0,0.05,0.0,0,0.0,0
2012-08-16,2012-08-30,OPTSTK,TATAPOWER,160.0,CE,0.0,0.0,0.0,0.1,0.0,0,0.0,0
2012-08-16,2012-08-30,OPTSTK,TATAPOWER,50.0,PE,0.0,0.0,0.0,0.05,0.0,0,0.0,0
2012-08-16,2012-08-30,OPTSTK,TATAPOWER,55.0,PE,0.0,0.0,0.0,0.05,0.0,0,0.0,0
2012-08-16,2012-08-30,OPTSTK,TATAPOWER,60.0,PE,0.0,0.0,0.0,0.15,0.0,0,0.0,0
2012-08-16,2012-08-30,OPTSTK,TATAPOWER,65.0,PE,0.0,0.0,0.0,0.35,0.0,0,0.0,0
2012-08-16,2012-08-30,OPTSTK,TATAPOWER,70.0,PE,0.0,0.0,0.0,0.75,0.0,0,0.0,0
2012-08-16,2012-08-30,OPTSTK,TATAPOWER,75.0,PE,0.0,0.0,0.0,1.4,0.0,0,0.0,0
2012-08-16,2012-08-30,OPTSTK,TATAPOWER,80.0,PE,0.0,0.0,0.0,2.45,0.0,0,0.0,0
2012-08-16,2012-08-30,OPTSTK,TATAPOWER,85.0,PE,0.0,0.0,0.0,0.5,0.0,0,0.0,2000
2012-08-16,2012-08-30,OPTSTK,TATAPOWER,90.0,PE,0.0,0.0,0.0,0.3,0.1,0,0.0,92000
2012-08-16,2012-08-30,OPTSTK,TATAPOWER,95.0,PE,0.5,0.5,0.5,0.5,0.5,1,1.91,340000
2012-08-16,2012-08-30,OPTSTK,TATAPOWER,100.0,PE,1.9,1.95,1.3,1.65,1.65,22,44.7,74000
2012-08-16,2012-08-30,OPTSTK,TATAPOWER,105.0,PE,4.0,4.0,4.0,4.0,4.0,1,2.18,0
2012-08-16,2012-08-30,OPTSTK,TATAPOWER,110.0,PE,0.0,0.0,0.0,10.0,8.75,0,0.0,4000
2012-08-16,2012-08-30,OPTSTK,TATAPOWER,115.0,PE,0.0,0.0,0.0,21.6,13.45,0,0.0,0
2012-08-16,2012-08-30,OPTSTK,TATAPOWER,120.0,PE,0.0,0.0,0.0,25.7,18.4,0,0.0,0
2012-08-16,2012-08-30,OPTSTK,TATAPOWER,125.0,PE,0.0,0.0,0.0,30.0,23.35,0,0.0,0
2012-08-16,2012-08-30,OPTSTK,TATAPOWER,130.0,PE,0.0,0.0,0.0,34.45,28.35,0,0.0,0
2012-08-16,2012-08-30,OPTSTK,TATAPOWER,135.0,PE,0.0,0.0,0.0,39.05,33.3,0,0.0,0
2012-08-16,2012-08-30,OPTSTK,TATAPOWER,140.0,PE,0.0,0.0,0.0,43.7,38.3,0,0.0,0
2012-08-16,2012-08-30,OPTSTK,TATAPOWER,145.0,PE,0.0,0.0,0.0,48.4,43.3,0,0.0,0
2012-08-16,2012-08-30,OPTSTK,TATAPOWER,150.0,PE,0.0,0.0,0.0,49.75,48.25,0,0.0,0
2012-08-16,2012-08-30,OPTSTK,TATAPOWER,160.0,PE,0.0,0.0,0.0,52.95,58.25,0,0.0,0
2012-08-16,2012-09-27,OPTSTK,TATAPOWER,50.0,CE,0.0,0.0,0.0,50.1,51.8,0,0.0,0
2012-08-16,2012-09-27,OPTSTK,TATAPOWER,55.0,CE,0.0,0.0,0.0,45.2,46.85,0,0.0,0
2012-08-16,2012-09-27,OPTSTK,TATAPOWER,60.0,CE,0.0,0.0,0.0,40.3,41.9,0,0.0,0
2012-08-16,2012-09-27,OPTSTK,TATAPOWER,65.0,CE,0.0,0.0,0.0,35.45,36.95,0,0.0,0
2012-08-16,2012-09-27,OPTSTK,TATAPOWER,70.0,CE,0.0,0.0,0.0,30.65,32.0,0,0.0,0
2012-08-16,2012-09-27,OPTSTK,TATAPOWER,75.0,CE,0.0,0.0,0.0,26.0,27.05,0,0.0,0
2012-08-16,2012-09-27,OPTSTK,TATAPOWER,80.0,CE,0.0,0.0,0.0,21.55,22.15,0,0.0,0
2012-08-16,2012-09-27,OPTSTK,TATAPOWER,85.0,CE,0.0,0.0,0.0,17.4,17.35,0,0.0,0
2012-08-16,2012-09-27,OPTSTK,TATAPOWER,90.0,CE,0.0,0.0,0.0,13.7,12.85,0,0.0,0
2012-08-16,2012-09-27,OPTSTK,TATAPOWER,95.0,CE,0.0,0.0,0.0,10.5,8.85,0,0.0,0
2012-08-16,2012-09-27,OPTSTK,TATAPOWER,100.0,CE,0.0,0.0,0.0,7.8,5.65,0,0.0,0
2012-08-16,2012-09-27,OPTSTK,TATAPOWER,105.0,CE,0.0,0.0,0.0,5.7,3.3,0,0.0,0
2012-08-16,2012-09-27,OPTSTK,TATAPOWER,110.0,CE,0.0,0.0,0.0,4.05,1.8,0,0.0,0
2012-08-16,2012-09-27,OPTSTK,TATAPOWER,115.0,CE,0.0,0.0,0.0,2.8,0.9,0,0.0,0
2012-08-16,2012-09-27,OPTSTK,TATAPOWER,120.0,CE,0.0,0.0,0.0,1.9,0.4,0,0.0,0
2012-08-16,2012-09-27,OPTSTK,TATAPOWER,125.0,CE,0.0,0.0,0.0,1.25,0.2,0,0.0,0
2012-08-16,2012-09-27,OPTSTK,TATAPOWER,130.0,CE,0.0,0.0,0.0,0.85,0.1,0,0.0,0
2012-08-16,2012-09-27,OPTSTK,TATAPOWER,135.0,CE,0.0,0.0,0.0,0.55,0.05,0,0.0,0
2012-08-16,2012-09-27,OPTSTK,TATAPOWER,140.0,CE,0.0,0.0,0.0,0.35,0.05,0,0.0,0
2012-08-16,2012-09-27,OPTSTK,TATAPOWER,145.0,CE,0.0,0.0,0.0,0.2,0.0,0,0.0,0
2012-08-16,2012-09-27,OPTSTK,TATAPOWER,150.0,CE,0.0,0.0,0.0,0.15,0.0,0,0.0,0
2012-08-16,2012-09-27,OPTSTK,TATAPOWER,160.0,CE,0.0,0.0,0.0,0.4,0.0,0,0.0,0
2012-08-16,2012-09-27,OPTSTK,TATAPOWER,50.0,PE,0.0,0.0,0.0,0.05,0.0,0,0.0,0
2012-08-16,2012-09-27,OPTSTK,TATAPOWER,55.0,PE,0.0,0.0,0.0,0.05,0.0,0,0.0,0
2012-08-16,2012-09-27,OPTSTK,TATAPOWER,60.0,PE,0.0,0.0,0.0,0.05,0.0,0,0.0,0
2012-08-16,2012-09-27,OPTSTK,TATAPOWER,65.0,PE,0.0,0.0,0.0,0.05,0.0,0,0.0,0
2012-08-16,2012-09-27,OPTSTK,TATAPOWER,70.0,PE,0.0,0.0,0.0,0.15,0.0,0,0.0,0
2012-08-16,2012-09-27,OPTSTK,TATAPOWER,75.0,PE,0.0,0.0,0.0,0.35,0.05,0,0.0,0
2012-08-16,2012-09-27,OPTSTK,TATAPOWER,80.0,PE,0.0,0.0,0.0,0.75,0.05,0,0.0,0
2012-08-16,2012-09-27,OPTSTK,TATAPOWER,85.0,PE,0.0,0.0,0.0,1.5,0.2,0,0.0,0
2012-08-16,2012-09-27,OPTSTK,TATAPOWER,90.0,PE,0.0,0.0,0.0,2.7,0.65,0,0.0,0
2012-08-16,2012-09-27,OPTSTK,TATAPOWER,95.0,PE,0.0,0.0,0.0,4.35,1.6,0,0.0,0
2012-08-16,2012-09-27,OPTSTK,TATAPOWER,100.0,PE,0.0,0.0,0.0,6.6,3.35,0,0.0,0
2012-08-16,2012-09-27,OPTSTK,TATAPOWER,105.0,PE,0.0,0.0,0.0,9.35,5.95,0,0.0,0
2012-08-16,2012-09-27,OPTSTK,TATAPOWER,110.0,PE,0.0,0.0,0.0,12.55,9.4,0,0.0,0
2012-08-16,2012-09-27,OPTSTK,TATAPOWER,115.0,PE,0.0,0.0,0.0,16.2,13.45,0,0.0,0
2012-08-16,2012-09-27,OPTSTK,TATAPOWER,120.0,PE,0.0,0.0,0.0,20.2,17.9,0,0.0,0
2012-08-16,2012-09-27,OPTSTK,TATAPOWER,125.0,PE,0.0,0.0,0.0,24.45,22.65,0,0.0,0
2012-08-16,2012-09-27,OPTSTK,TATAPOWER,130.0,PE,0.0,0.0,0.0,28.9,27.5,0,0.0,0
2012-08-16,2012-09-27,OPTSTK,TATAPOWER,135.0,PE,0.0,0.0,0.0,33.5,32.4,0,0.0,0
2012-08-16,2012-09-27,OPTSTK,TATAPOWER,140.0,PE,0.0,0.0,0.0,38.2,37.35,0,0.0,0
2012-08-16,2012-09-27,OPTSTK,TATAPOWER,145.0,PE,0.0,0.0,0.0,42.95,42.25,0,0.0,0
2012-08-16,2012-09-27,OPTSTK,TATAPOWER,150.0,PE,0.0,0.0,0.0,47.75,47.2,0,0.0,0
2012-08-16,2012-09-27,OPTSTK,TATAPOWER,160.0,PE,0.0,0.0,0.0,52.1,57.1,0,0.0,0
2012-08-16,2012-10-25,OPTSTK,TATAPOWER,50.0,CE,0.0,0.0,0.0,44.2,52.15,0,0.0,0
2012-08-16,2012-10-25,OPTSTK,TATAPOWER,55.0,CE,0.0,0.0,0.0,39.35,47.2,0,0.0,0
2012-08-16,2012-10-25,OPTSTK,TATAPOWER,60.0,CE,0.0,0.0,0.0,34.45,42.3,0,0.0,0
2012-08-16,2012-10-25,OPTSTK,TATAPOWER,65.0,CE,0.0,0.0,0.0,29.65,37.4,0,0.0,0
2012-08-16,2012-10-25,OPTSTK,TATAPOWER,70.0,CE,0.0,0.0,0.0,25.0,32.5,0,0.0,0
2012-08-16,2012-10-25,OPTSTK,TATAPOWER,75.0,CE,0.0,0.0,0.0,20.55,27.6,0,0.0,0
2012-08-16,2012-10-25,OPTSTK,TATAPOWER,80.0,CE,0.0,0.0,0.0,16.45,22.85,0,0.0,0
2012-08-16,2012-10-25,OPTSTK,TATAPOWER,85.0,CE,0.0,0.0,0.0,12.8,18.25,0,0.0,0
2012-08-16,2012-10-25,OPTSTK,TATAPOWER,90.0,CE,0.0,0.0,0.0,9.7,14.05,0,0.0,0
2012-08-16,2012-10-25,OPTSTK,TATAPOWER,95.0,CE,0.0,0.0,0.0,7.15,10.35,0,0.0,0
2012-08-16,2012-10-25,OPTSTK,TATAPOWER,100.0,CE,0.0,0.0,0.0,5.15,7.25,0,0.0,0
2012-08-16,2012-10-25,OPTSTK,TATAPOWER,105.0,CE,0.0,0.0,0.0,3.6,4.9,0,0.0,0
2012-08-16,2012-10-25,OPTSTK,TATAPOWER,110.0,CE,0.0,0.0,0.0,2.45,3.15,0,0.0,0
2012-08-16,2012-10-25,OPTSTK,TATAPOWER,115.0,CE,0.0,0.0,0.0,1.65,1.9,0,0.0,0
2012-08-16,2012-10-25,OPTSTK,TATAPOWER,120.0,CE,0.0,0.0,0.0,1.1,1.15,0,0.0,0
2012-08-16,2012-10-25,OPTSTK,TATAPOWER,125.0,CE,0.0,0.0,0.0,0.7,0.65,0,0.0,0
2012-08-16,2012-10-25,OPTSTK,TATAPOWER,130.0,CE,0.0,0.0,0.0,0.45,0.35,0,0.0,0
2012-08-16,2012-10-25,OPTSTK,TATAPOWER,135.0,CE,0.0,0.0,0.0,0.3,0.2,0,0.0,0
2012-08-16,2012-10-25,OPTSTK,TATAPOWER,140.0,CE,0.0,0.0,0.0,0.2,0.1,0,0.0,0
2012-08-16,2012-10-25,OPTSTK,TATAPOWER,145.0,CE,0.0,0.0,0.0,0.1,0.05,0,0.0,0
2012-08-16,2012-10-25,OPTSTK,TATAPOWER,150.0,CE,0.0,0.0,0.0,0.2,0.05,0,0.0,0
2012-08-16,2012-10-25,OPTSTK,TATAPOWER,50.0,PE,0.0,0.0,0.0,0.05,0.0,0,0.0,0
2012-08-16,2012-10-25,OPTSTK,TATAPOWER,55.0,PE,0.0,0.0,0.0,0.05,0.0,0,0.0,0
2012-08-16,2012-10-25,OPTSTK,TATAPOWER,60.0,PE,0.0,0.0,0.0,0.05,0.0,0,0.0,0
2012-08-16,2012-10-25,OPTSTK,TATAPOWER,65.0,PE,0.0,0.0,0.0,0.15,0.0,0,0.0,0
2012-08-16,2012-10-25,OPTSTK,TATAPOWER,70.0,PE,0.0,0.0,0.0,0.35,0.05,0,0.0,0
2012-08-16,2012-10-25,OPTSTK,TATAPOWER,75.0,PE,0.0,0.0,0.0,0.8,0.05,0,0.0,0
2012-08-16,2012-10-25,OPTSTK,TATAPOWER,80.0,PE,0.0,0.0,0.0,1.6,0.2,0,0.0,0
2012-08-16,2012-10-25,OPTSTK,TATAPOWER,85.0,PE,0.0,0.0,0.0,2.85,0.55,0,0.0,0
2012-08-16,2012-10-25,OPTSTK,TATAPOWER,90.0,PE,0.0,0.0,0.0,4.6,1.25,0,0.0,0
2012-08-16,2012-10-25,OPTSTK,TATAPOWER,95.0,PE,0.0,0.0,0.0,6.95,2.45,0,0.0,0
2012-08-16,2012-10-25,OPTSTK,TATAPOWER,100.0,PE,0.0,0.0,0.0,9.8,4.3,0,0.0,0
2012-08-16,2012-10-25,OPTSTK,TATAPOWER,105.0,PE,0.0,0.0,0.0,13.15,6.8,0,0.0,0
2012-08-16,2012-10-25,OPTSTK,TATAPOWER,110.0,PE,0.0,0.0,0.0,16.9,10.0,0,0.0,0
2012-08-16,2012-10-25,OPTSTK,TATAPOWER,115.0,PE,0.0,0.0,0.0,21.0,13.7,0,0.0,0
2012-08-16,2012-10-25,OPTSTK,TATAPOWER,120.0,PE,0.0,0.0,0.0,25.3,17.85,0,0.0,0
2012-08-16,2012-10-25,OPTSTK,TATAPOWER,125.0,PE,0.0,0.0,0.0,29.8,22.25,0,0.0,0
2012-08-16,2012-10-25,OPTSTK,TATAPOWER,130.0,PE,0.0,0.0,0.0,34.45,26.9,0,0.0,0
2012-08-16,2012-10-25,OPTSTK,TATAPOWER,135.0,PE,0.0,0.0,0.0,39.2,31.65,0,0.0,0
2012-08-16,2012-10-25,OPTSTK,TATAPOWER,140.0,PE,0.0,0.0,0.0,43.95,36.45,0,0.0,0
2012-08-16,2012-10-25,OPTSTK,TATAPOWER,145.0,PE,0.0,0.0,0.0,48.8,41.35,0,0.0,0
2012-08-16,2012-10-25,OPTSTK,TATAPOWER,150.0,PE,0.0,0.0,0.0,48.5,46.2,0,0.0,0
2012-08-16,2012-08-30,OPTSTK,TATASTEEL,280.0,CE,0.0,0.0,0.0,130.65,119.2,0,0.0,0
2012-08-16,2012-08-30,OPTSTK,TATASTEEL,300.0,CE,0.0,0.0,0.0,111.65,99.25,0,0.0,0
2012-08-16,2012-08-30,OPTSTK,TATASTEEL,320.0,CE,0.0,0.0,0.0,93.3,79.35,0,0.0,0
2012-08-16,2012-08-30,OPTSTK,TATASTEEL,340.0,CE,0.0,0.0,0.0,48.4,59.45,0,0.0,500
2012-08-16,2012-08-30,OPTSTK,TATASTEEL,360.0,CE,42.8,42.8,42.8,42.8,42.8,1,2.01,2500
2012-08-16,2012-08-30,OPTSTK,TATASTEEL,380.0,CE,28.45,28.45,22.25,23.5,23.5,73,147.85,81500
2012-08-16,2012-08-30,OPTSTK,TATASTEEL,400.0,CE,15.05,15.75,8.95,9.35,9.35,2504,5140.19,943500
2012-08-16,2012-08-30,OPTSTK,TATASTEEL,420.0,CE,5.85,5.85,2.8,3.0,3.0,2912,6166.69,1853000
2012-08-16,2012-08-30,OPTSTK,TATASTEEL,440.0,CE,1.55,1.55,0.7,0.8,0.8,499,1100.22,770500
2012-08-16,2012-08-30,OPTSTK,TATASTEEL,460.0,CE,0.55,0.6,0.3,0.35,0.35,118,271.63,223000
2012-08-16,2012-08-30,OPTSTK,TATASTEEL,480.0,CE,0.2,0.2,0.2,0.2,0.2,2,4.8,40500
2012-08-16,2012-08-30,OPTSTK,TATASTEEL,500.0,CE,0.0,0.0,0.0,0.05,0.0,0,0.0,50500
2012-08-16,2012-08-30,OPTSTK,TATASTEEL,520.0,CE,0.0,0.0,0.0,2.2,0.0,0,0.0,500
2012-08-16,2012-08-30,OPTSTK,TATASTEEL,540.0,CE,0.05,2.05,0.05,2.05,2.05,2,5.41,0
2012-08-16,2012-08-30,OPTSTK,TATASTEEL,560.0,CE,0.0,0.0,0.0,1.35,0.0,0,0.0,0
2012-08-16,2012-08-30,OPTSTK,TATASTEEL,580.0,CE,0.0,0.0,0.0,0.85,0.0,0,0.0,0
2012-08-16,2012-08-30,OPTSTK,TATASTEEL,600.0,CE,0.0,0.0,0.0,0.5,0.0,0,0.0,0
2012-08-16,2012-08-30,OPTSTK,TATASTEEL,280.0,PE,0.0,0.0,0.0,0.25,0.0,0,0.0,0
2012-08-16,2012-08-30,OPTSTK,TATASTEEL,300.0,PE,0.0,0.0,0.0,0.1,0.0,0,0.0,500
2012-08-16,2012-08-30,OPTSTK,TATASTEEL,320.0,PE,0.0,0.0,0.0,1.9,0.0,0,0.0,0
2012-08-16,2012-08-30,OPTSTK,TATASTEEL,340.0,PE,0.3,0.3,0.25,0.25,0.25,4,6.8,57000
2012-08-16,2012-08-30,OPTSTK,TATASTEEL,360.0,PE,0.55,0.95,0.45,0.9,0.9,235,423.92,382500
2012-08-16,2012-08-30,OPTSTK,TATASTEEL,380.0,PE,1.6,2.9,1.4,2.65,2.65,1269,2426.41,993500
2012-08-16,2012-08-30,OPTSTK,TATASTEEL,400.0,PE,5.0,9.45,4.75,8.8,8.8,2369,4830.8,896000
2012-08-16,2012-08-30,OPTSTK,TATASTEEL,420.0,PE,14.7,22.85,14.7,22.0,22.0,195,429.36,185000
2012-08-16,2012-08-30,OPTSTK,TATASTEEL,440.0,PE,35.5,40.5,35.5,40.5,40.5,14,33.56,67500
2012-08-16,2012-08-30,OPTSTK,TATASTEEL,460.0,PE,0.0,0.0,0.0,62.2,60.4,0,0.0,12500
2012-08-16,2012-08-30,OPTSTK,TATASTEEL,480.0,PE,0.0,0.0,0.0,73.0,80.2,0,0.0,0
2012-08-16,2012-08-30,OPTSTK,TATASTEEL,500.0,PE,0.0,0.0,0.0,89.7,100.1,0,0.0,0
2012-08-16,2012-08-30,OPTSTK,TATASTEEL,520.0,PE,0.0,0.0,0.0,107.3,120.05,0,0.0,0
2012-08-16,2012-08-30,OPTSTK,TATASTEEL,540.0,PE,0.0,0.0,0.0,125.5,139.95,0,0.0,0
2012-08-16,2012-08-30,OPTSTK,TATASTEEL,560.0,PE,0.0,0.0,0.0,144.2,159.9,0,0.0,0
2012-08-16,2012-08-30,OPTSTK,TATASTEEL,580.0,PE,0.0,0.0,0.0,175.3,179.85,0,0.0,10000
2012-08-16,2012-08-30,OPTSTK,TATASTEEL,600.0,PE,0.0,0.0,0.0,182.4,199.75,0,0.0,0
2012-08-16,2012-09-27,OPTSTK,TATASTEEL,280.0,CE,0.0,0.0,0.0,155.6,121.15,0,0.0,0
2012-08-16,2012-09-27,OPTSTK,TATASTEEL,300.0,CE,0.0,0.0,0.0,136.2,101.45,0,0.0,0
2012-08-16,2012-09-27,OPTSTK,TATASTEEL,320.0,CE,0.0,0.0,0.0,116.95,81.9,0,0.0,0
2012-08-16,2012-09-27,OPTSTK,TATASTEEL,340.0,CE,0.0,0.0,0.0,98.2,63.0,0,0.0,0
2012-08-16,2012-09-27,OPTSTK,TATASTEEL,360.0,CE,0.0,0.0,0.0,80.35,45.6,0,0.0,0
2012-08-16,2012-09-27,OPTSTK,TATASTEEL,380.0,CE,0.0,0.0,0.0,63.85,30.7,0,0.0,0
2012-08-16,2012-09-27,OPTSTK,TATASTEEL,400.0,CE,19.8,19.8,15.35,15.75,15.75,26,54.22,14500
2012-08-16,2012-09-27,OPTSTK,TATASTEEL,420.0,CE,11.5,11.5,8.4,8.55,8.55,45,96.56,58000
2012-08-16,2012-09-27,OPTSTK,TATASTEEL,440.0,CE,4.0,4.3,3.75,3.75,3.75,25,55.5,23500
2012-08-16,2012-09-27,OPTSTK,TATASTEEL,460.0,CE,2.3,2.3,1.45,1.45,1.45,7,16.16,7000
2012-08-16,2012-09-27,OPTSTK,TATASTEEL,480.0,CE,0.0,0.0,0.0,3.0,1.25,0,0.0,1000
2012-08-16,2012-09-27,OPTSTK,TATASTEEL,500.0,CE,0.0,0.0,0.0,8.15,0.55,0,0.0,0
2012-08-16,2012-09-27,OPTSTK,TATASTEEL,520.0,CE,0.0,0.0,0.0,5.2,0.2,0,0.0,0
2012-08-16,2012-09-27,OPTSTK,TATASTEEL,540.0,CE,0.0,0.0,0.0,3.25,0.1,0,0.0,0
2012-08-16,2012-09-27,OPTSTK,TATASTEEL,560.0,CE,0.0,0.0,0.0,1.95,0.05,0,0.0,0
2012-08-16,2012-09-27,OPTSTK,TATASTEEL,580.0,CE,0.0,0.0,0.0,1.15,0.05,0,0.0,0
2012-08-16,2012-09-27,OPTSTK,TATASTEEL,600.0,CE,0.0,0.0,0.0,0.7,0.0,0,0.0,0
2012-08-16,2012-09-27,OPTSTK,TATASTEEL,280.0,PE,0.0,0.0,0.0,0.05,0.05,0,0.0,0
2012-08-16,2012-09-27,OPTSTK,TATASTEEL,300.0,PE,0.0,0.0,0.0,0.15,0.1,0,0.0,0
2012-08-16,2012-09-27,OPTSTK,TATASTEEL,320.0,PE,0.0,0.0,0.0,0.45,0.35,0,0.0,0
2012-08-16,2012-09-27,OPTSTK,TATASTEEL,340.0,PE,0.0,0.0,0.0,1.25,1.25,0,0.0,0
2012-08-16,2012-09-27,OPTSTK,TATASTEEL,360.0,PE,0.0,0.0,0.0,5.0,3.65,0,0.0,1500
2012-08-16,2012-09-27,OPTSTK,TATASTEEL,380.0,PE,6.8,7.45,6.8,7.25,7.25,6,11.61,16500
2012-08-16,2012-09-27,OPTSTK,TATASTEEL,400.0,PE,13.45,14.25,13.2,14.25,14.25,18,37.24,40500
2012-08-16,2012-09-27,OPTSTK,TATASTEEL,420.0,PE,25.0,25.0,25.0,25.0,25.0,1,2.22,10000
2012-08-16,2012-09-27,OPTSTK,TATASTEEL,440.0,PE,0.0,0.0,0.0,42.0,42.95,0,0.0,4000
2012-08-16,2012-09-27,OPTSTK,TATASTEEL,460.0,PE,0.0,0.0,0.0,38.6,59.8,0,0.0,0
2012-08-16,2012-09-27,OPTSTK,TATASTEEL,480.0,PE,0.0,0.0,0.0,52.2,78.05,0,0.0,0
2012-08-16,2012-09-27,OPTSTK,TATASTEEL,500.0,PE,0.0,0.0,0.0,67.45,97.1,0,0.0,0
2012-08-16,2012-09-27,OPTSTK,TATASTEEL,520.0,PE,0.0,0.0,0.0,84.05,116.6,0,0.0,0
2012-08-16,2012-09-27,OPTSTK,TATASTEEL,540.0,PE,0.0,0.0,0.0,101.6,136.25,0,0.0,0
2012-08-16,2012-09-27,OPTSTK,TATASTEEL,560.0,PE,0.0,0.0,0.0,119.9,156.0,0,0.0,0
2012-08-16,2012-09-27,OPTSTK,TATASTEEL,580.0,PE,0.0,0.0,0.0,138.65,175.8,0,0.0,0
2012-08-16,2012-09-27,OPTSTK,TATASTEEL,600.0,PE,0.0,0.0,0.0,157.7,195.55,0,0.0,0
2012-08-16,2012-10-25,OPTSTK,TATASTEEL,280.0,CE,0.0,0.0,0.0,110.65,123.15,0,0.0,0
2012-08-16,2012-10-25,OPTSTK,TATASTEEL,300.0,CE,0.0,0.0,0.0,91.75,103.8,0,0.0,0
2012-08-16,2012-10-25,OPTSTK,TATASTEEL,320.0,CE,0.0,0.0,0.0,73.75,84.9,0,0.0,0
2012-08-16,2012-10-25,OPTSTK,TATASTEEL,340.0,CE,0.0,0.0,0.0,57.2,67.05,0,0.0,0
2012-08-16,2012-10-25,OPTSTK,TATASTEEL,360.0,CE,0.0,0.0,0.0,42.65,50.85,0,0.0,0
2012-08-16,2012-10-25,OPTSTK,TATASTEEL,380.0,CE,0.0,0.0,0.0,30.55,36.9,0,0.0,0
2012-08-16,2012-10-25,OPTSTK,TATASTEEL,400.0,CE,0.0,0.0,0.0,21.05,25.6,0,0.0,0
2012-08-16,2012-10-25,OPTSTK,TATASTEEL,420.0,CE,0.0,0.0,0.0,13.9,16.95,0,0.0,0
2012-08-16,2012-10-25,OPTSTK,TATASTEEL,440.0,CE,0.0,0.0,0.0,8.9,10.75,0,0.0,0
2012-08-16,2012-10-25,OPTSTK,TATASTEEL,460.0,CE,0.0,0.0,0.0,5.45,6.55,0,0.0,0
2012-08-16,2012-10-25,OPTSTK,TATASTEEL,480.0,CE,0.0,0.0,0.0,3.25,3.85,0,0.0,0
2012-08-16,2012-10-25,OPTSTK,TATASTEEL,500.0,CE,0.0,0.0,0.0,1.9,2.15,0,0.0,0
2012-08-16,2012-10-25,OPTSTK,TATASTEEL,520.0,CE,0.0,0.0,0.0,1.05,1.2,0,0.0,0
2012-08-16,2012-10-25,OPTSTK,TATASTEEL,540.0,CE,0.0,0.0,0.0,0.6,0.65,0,0.0,0
2012-08-16,2012-10-25,OPTSTK,TATASTEEL,560.0,CE,0.0,0.0,0.0,0.35,0.35,0,0.0,0
2012-08-16,2012-10-25,OPTSTK,TATASTEEL,580.0,CE,0.0,0.0,0.0,0.2,0.15,0,0.0,0
2012-08-16,2012-10-25,OPTSTK,TATASTEEL,280.0,PE,0.0,0.0,0.0,0.3,0.1,0,0.0,0
2012-08-16,2012-10-25,OPTSTK,TATASTEEL,300.0,PE,0.0,0.0,0.0,0.95,0.35,0,0.0,0
2012-08-16,2012-10-25,OPTSTK,TATASTEEL,320.0,PE,0.0,0.0,0.0,2.5,1.15,0,0.0,0
2012-08-16,2012-10-25,OPTSTK,TATASTEEL,340.0,PE,0.0,0.0,0.0,5.5,2.95,0,0.0,0
2012-08-16,2012-10-25,OPTSTK,TATASTEEL,360.0,PE,0.0,0.0,0.0,10.5,6.45,0,0.0,0
2012-08-16,2012-10-25,OPTSTK,TATASTEEL,380.0,PE,0.0,0.0,0.0,17.95,12.15,0,0.0,0
2012-08-16,2012-10-25,OPTSTK,TATASTEEL,400.0,PE,0.0,0.0,0.0,27.95,20.5,0,0.0,0
2012-08-16,2012-10-25,OPTSTK,TATASTEEL,420.0,PE,0.0,0.0,0.0,40.4,31.5,0,0.0,0
2012-08-16,2012-10-25,OPTSTK,TATASTEEL,440.0,PE,0.0,0.0,0.0,54.9,44.95,0,0.0,0
2012-08-16,2012-10-25,OPTSTK,TATASTEEL,460.0,PE,0.0,0.0,0.0,71.0,60.4,0,0.0,0
2012-08-16,2012-10-25,OPTSTK,TATASTEEL,480.0,PE,0.0,0.0,0.0,88.35,77.35,0,0.0,0
2012-08-16,2012-10-25,OPTSTK,TATASTEEL,500.0,PE,0.0,0.0,0.0,106.55,95.35,0,0.0,0
2012-08-16,2012-10-25,OPTSTK,TATASTEEL,520.0,PE,0.0,0.0,0.0,125.25,114.0,0,0.0,0
2012-08-16,2012-10-25,OPTSTK,TATASTEEL,540.0,PE,0.0,0.0,0.0,144.35,133.1,0,0.0,0
2012-08-16,2012-10-25,OPTSTK,TATASTEEL,560.0,PE,0.0,0.0,0.0,163.6,152.45,0,0.0,0
2012-08-16,2012-10-25,OPTSTK,TATASTEEL,580.0,PE,0.0,0.0,0.0,183.0,171.95,0,0.0,0
2012-08-16,2012-08-30,OPTSTK,TCS,500.0,CE,0.0,0.0,0.0,757.4,765.25,0,0.0,0
2012-08-16,2012-08-30,OPTSTK,TCS,550.0,CE,0.0,0.0,0.0,708.6,715.4,0,0.0,0
2012-08-16,2012-08-30,OPTSTK,TCS,600.0,CE,0.0,0.0,0.0,659.8,665.6,0,0.0,0
2012-08-16,2012-08-30,OPTSTK,TCS,650.0,CE,0.0,0.0,0.0,611.05,615.75,0,0.0,0
2012-08-16,2012-08-30,OPTSTK,TCS,700.0,CE,0.0,0.0,0.0,562.25,565.9,0,0.0,0
2012-08-16,2012-08-30,OPTSTK,TCS,750.0,CE,0.0,0.0,0.0,513.5,516.1,0,0.0,0
2012-08-16,2012-08-30,OPTSTK,TCS,800.0,CE,0.0,0.0,0.0,464.9,466.25,0,0.0,0
2012-08-16,2012-08-30,OPTSTK,TCS,850.0,CE,0.0,0.0,0.0,416.6,416.4,0,0.0,0
2012-08-16,2012-08-30,OPTSTK,TCS,900.0,CE,0.0,0.0,0.0,368.9,366.6,0,0.0,0
2012-08-16,2012-08-30,OPTSTK,TCS,950.0,CE,0.0,0.0,0.0,322.3,316.75,0,0.0,0
2012-08-16,2012-08-30,OPTSTK,TCS,1000.0,CE,0.0,0.0,0.0,277.4,266.9,0,0.0,0
2012-08-16,2012-08-30,OPTSTK,TCS,1050.0,CE,0.0,0.0,0.0,234.9,217.1,0,0.0,0
2012-08-16,2012-08-30,OPTSTK,TCS,1100.0,CE,0.0,0.0,0.0,130.0,167.3,0,0.0,5250
2012-08-16,2012-08-30,OPTSTK,TCS,1150.0,CE,0.0,0.0,0.0,124.35,117.9,0,0.0,1750
2012-08-16,2012-08-30,OPTSTK,TCS,1200.0,CE,64.8,72.0,62.4,69.5,69.5,12,38.05,72000
2012-08-16,2012-08-30,OPTSTK,TCS,1250.0,CE,32.1,34.0,23.6,30.75,30.75,173,552.88,165750
2012-08-16,2012-08-30,OPTSTK,TCS,1300.0,CE,10.9,11.0,6.0,8.35,8.35,544,1778.47,216000
2012-08-16,2012-08-30,OPTSTK,TCS,1350.0,CE,1.3,1.8,1.25,1.8,1.8,19,64.18,67750
2012-08-16,2012-08-30,OPTSTK,TCS,1400.0,CE,0.0,0.0,0.0,1.25,0.5,0,0.0,28250
2012-08-16,2012-08-30,OPTSTK,TCS,1450.0,CE,0.0,0.0,0.0,0.3,0.1,0,0.0,12750
2012-08-16,2012-08-30,OPTSTK,TCS,1500.0,CE,0.0,0.0,0.0,0.55,0.0,0,0.0,12250
2012-08-16,2012-08-30,OPTSTK,TCS,1550.0,CE,0.0,0.0,0.0,2.1,0.0,0,0.0,250
2012-08-16,2012-08-30,OPTSTK,TCS,1600.0,CE,0.0,0.0,0.0,12.4,0.0,0,0.0,0
2012-08-16,2012-08-30,OPTSTK,TCS,1650.0,CE,0.0,0.0,0.0,8.7,0.0,0,0.0,0
2012-08-16,2012-08-30,OPTSTK,TCS,1700.0,CE,0.0,0.0,0.0,6.05,0.0,0,0.0,0
2012-08-16,2012-08-30,OPTSTK,TCS,1750.0,CE,0.0,0.0,0.0,4.15,0.0,0,0.0,0
2012-08-16,2012-08-30,OPTSTK,TCS,1800.0,CE,0.0,0.0,0.0,2.8,0.0,0,0.0,0
2012-08-16,2012-08-30,OPTSTK,TCS,500.0,PE,0.0,0.0,0.0,0.05,0.0,0,0.0,0
2012-08-16,2012-08-30,OPTSTK,TCS,550.0,PE,0.0,0.0,0.0,0.05,0.0,0,0.0,0
2012-08-16,2012-08-30,OPTSTK,TCS,600.0,PE,0.0,0.0,0.0,0.05,0.0,0,0.0,0
2012-08-16,2012-08-30,OPTSTK,TCS,650.0,PE,0.0,0.0,0.0,0.05,0.0,0,0.0,0
2012-08-16,2012-08-30,OPTSTK,TCS,700.0,PE,0.0,0.0,0.0,0.05,0.0,0,0.0,0
2012-08-16,2012-08-30,OPTSTK,TCS,750.0,PE,0.0,0.0,0.0,0.1,0.0,0,0.0,0
2012-08-16,2012-08-30,OPTSTK,TCS,800.0,PE,0.0,0.0,0.0,0.3,0.0,0,0.0,0
2012-08-16,2012-08-30,OPTSTK,TCS,850.0,PE,0.0,0.0,0.0,0.75,0.0,0,0.0,0
2012-08-16,2012-08-30,OPTSTK,TCS,900.0,PE,0.0,0.0,0.0,1.85,0.0,0,0.0,0
2012-08-16,2012-08-30,OPTSTK,TCS,950.0,PE,0.0,0.0,0.0,4.05,0.0,0,0.0,0
2012-08-16,2012-08-30,OPTSTK,TCS,1000.0,PE,0.0,0.0,0.0,7.95,0.0,0,0.0,0
2012-08-16,2012-08-30,OPTSTK,TCS,1050.0,PE,0.0,0.0,0.0,2.0,0.0,0,0.0,1250
2012-08-16,2012-08-30,OPTSTK,TCS,1100.0,PE,0.0,0.0,0.0,0.95,0.05,0,0.0,39500
2012-08-16,2012-08-30,OPTSTK,TCS,1150.0,PE,1.2,1.2,1.15,1.15,1.15,9,25.9,102500
2012-08-16,2012-08-30,OPTSTK,TCS,1200.0,PE,3.05,4.15,2.75,2.9,2.9,293,881.64,278250
2012-08-16,2012-08-30,OPTSTK,TCS,1250.0,PE,12.8,15.9,11.0,11.7,11.7,274,865.26,120000
2012-08-16,2012-08-30,OPTSTK,TCS,1300.0,PE,40.0,47.1,36.5,38.1,38.1,41,137.54,18000
2012-08-16,2012-08-30,OPTSTK,TCS,1350.0,PE,0.0,0.0,0.0,78.8,84.9,0,0.0,0
2012-08-16,2012-08-30,OPTSTK,TCS,1400.0,PE,0.0,0.0,0.0,165.95,132.3,0,0.0,0
2012-08-16,2012-08-30,OPTSTK,TCS,1450.0,PE,0.0,0.0,0.0,203.05,181.7,0,0.0,0
2012-08-16,2012-08-30,OPTSTK,TCS,1500.0,PE,0.0,0.0,0.0,242.8,231.45,0,0.0,0
2012-08-16,2012-08-30,OPTSTK,TCS,1550.0,PE,0.0,0.0,0.0,284.75,281.3,0,0.0,0
2012-08-16,2012-08-30,OPTSTK,TCS,1600.0,PE,0.0,0.0,0.0,328.5,331.1,0,0.0,0
2012-08-16,2012-08-30,OPTSTK,TCS,1650.0,PE,0.0,0.0,0.0,373.6,380.95,0,0.0,0
2012-08-16,2012-08-30,OPTSTK,TCS,1700.0,PE,0.0,0.0,0.0,419.75,430.8,0,0.0,0
2012-08-16,2012-08-30,OPTSTK,TCS,1750.0,PE,0.0,0.0,0.0,466.65,480.6,0,0.0,0
2012-08-16,2012-08-30,OPTSTK,TCS,1800.0,PE,0.0,0.0,0.0,514.1,530.45,0,0.0,0
2012-08-16,2012-09-27,OPTSTK,TCS,500.0,CE,0.0,0.0,0.0,770.5,768.75,0,0.0,0
2012-08-16,2012-09-27,OPTSTK,TCS,550.0,CE,0.0,0.0,0.0,721.65,719.25,0,0.0,0
2012-08-16,2012-09-27,OPTSTK,TCS,600.0,CE,0.0,0.0,0.0,672.85,669.75,0,0.0,0
2012-08-16,2012-09-27,OPTSTK,TCS,650.0,CE,0.0,0.0,0.0,624.0,620.3,0,0.0,0
2012-08-16,2012-09-27,OPTSTK,TCS,700.0,CE,0.0,0.0,0.0,575.15,570.8,0,0.0,0
2012-08-16,2012-09-27,OPTSTK,TCS,750.0,CE,0.0,0.0,0.0,526.3,521.3,0,0.0,0
2012-08-16,2012-09-27,OPTSTK,TCS,800.0,CE,0.0,0.0,0.0,477.5,471.85,0,0.0,0
2012-08-16,2012-09-27,OPTSTK,TCS,850.0,CE,0.0,0.0,0.0,428.7,422.35,0,0.0,0
2012-08-16,2012-09-27,OPTSTK,TCS,900.0,CE,0.0,0.0,0.0,380.05,372.85,0,0.0,0
2012-08-16,2012-09-27,OPTSTK,TCS,950.0,CE,0.0,0.0,0.0,331.75,323.4,0,0.0,0
2012-08-16,2012-09-27,OPTSTK,TCS,1000.0,CE,0.0,0.0,0.0,284.3,273.95,0,0.0,0
2012-08-16,2012-09-27,OPTSTK,TCS,1050.0,CE,0.0,0.0,0.0,238.4,224.75,0,0.0,0
2012-08-16,2012-09-27,OPTSTK,TCS,1100.0,CE,0.0,0.0,0.0,195.05,176.45,0,0.0,0
2012-08-16,2012-09-27,OPTSTK,TCS,1150.0,CE,0.0,0.0,0.0,155.25,130.65,0,0.0,0
2012-08-16,2012-09-27,OPTSTK,TCS,1200.0,CE,80.0,80.0,80.0,80.0,80.0,1,3.2,1250
2012-08-16,2012-09-27,OPTSTK,TCS,1250.0,CE,0.0,0.0,0.0,53.5,56.5,0,0.0,3000
2012-08-16,2012-09-27,OPTSTK,TCS,1300.0,CE,25.5,27.95,21.1,27.95,27.95,13,43.07,3250
2012-08-16,2012-09-27,OPTSTK,TCS,1350.0,CE,11.0,11.0,11.0,11.0,11.0,3,10.2,1750
2012-08-16,2012-09-27,OPTSTK,TCS,1400.0,CE,0.0,0.0,0.0,8.75,7.7,0,0.0,250
2012-08-16,2012-09-27,OPTSTK,TCS,1450.0,CE,0.0,0.0,0.0,21.0,3.25,0,0.0,0
2012-08-16,2012-09-27,OPTSTK,TCS,1500.0,CE,0.0,0.0,0.0,13.6,1.25,0,0.0,0
2012-08-16,2012-09-27,OPTSTK,TCS,1550.0,CE,0.0,0.0,0.0,8.55,0.45,0,0.0,0
2012-08-16,2012-09-27,OPTSTK,TCS,1600.0,CE,0.0,0.0,0.0,5.3,0.15,0,0.0,0
2012-08-16,2012-09-27,OPTSTK,TCS,1650.0,CE,0.0,0.0,0.0,3.2,0.05,0,0.0,0
2012-08-16,2012-09-27,OPTSTK,TCS,1700.0,CE,0.0,0.0,0.0,1.85,0.05,0,0.0,0
2012-08-16,2012-09-27,OPTSTK,TCS,1750.0,CE,0.0,0.0,0.0,1.1,0.0,0,0.0,0
2012-08-16,2012-09-27,OPTSTK,TCS,1800.0,CE,0.0,0.0,0.0,0.6,0.0,0,0.0,0
2012-08-16,2012-09-27,OPTSTK,TCS,500.0,PE,0.0,0.0,0.0,0.05,0.0,0,0.0,0
2012-08-16,2012-09-27,OPTSTK,TCS,550.0,PE,0.0,0.0,0.0,0.05,0.0,0,0.0,0
2012-08-16,2012-09-27,OPTSTK,TCS,600.0,PE,0.0,0.0,0.0,0.05,0.0,0,0.0,0
2012-08-16,2012-09-27,OPTSTK,TCS,650.0,PE,0.0,0.0,0.0,0.05,0.0,0,0.0,0
2012-08-16,2012-09-27,OPTSTK,TCS,700.0,PE,0.0,0.0,0.0,0.05,0.0,0,0.0,0
2012-08-16,2012-09-27,OPTSTK,TCS,750.0,PE,0.0,0.0,0.0,0.05,0.0,0,0.0,0
2012-08-16,2012-09-27,OPTSTK,TCS,800.0,PE,0.0,0.0,0.0,0.05,0.0,0,0.0,0
2012-08-16,2012-09-27,OPTSTK,TCS,850.0,PE,0.0,0.0,0.0,0.1,0.0,0,0.0,0
2012-08-16,2012-09-27,OPTSTK,TCS,900.0,PE,0.0,0.0,0.0,0.25,0.0,0,0.0,0
2012-08-16,2012-09-27,OPTSTK,TCS,950.0,PE,0.0,0.0,0.0,0.8,0.0,0,0.0,0
2012-08-16,2012-09-27,OPTSTK,TCS,1000.0,PE,0.0,0.0,0.0,2.2,0.05,0,0.0,0
2012-08-16,2012-09-27,OPTSTK,TCS,1050.0,PE,0.0,0.0,0.0,5.15,0.35,0,0.0,0
2012-08-16,2012-09-27,OPTSTK,TCS,1100.0,PE,0.0,0.0,0.0,6.3,1.55,0,0.0,250
2012-08-16,2012-09-27,OPTSTK,TCS,1150.0,PE,0.0,0.0,0.0,5.3,5.2,0,0.0,1250
2012-08-16,2012-09-27,OPTSTK,TCS,1200.0,PE,11.5,11.5,11.5,11.5,11.5,1,3.02,2750
2012-08-16,2012-09-27,OPTSTK,TCS,1250.0,PE,0.0,0.0,0.0,29.9,30.0,0,0.0,750
2012-08-16,2012-09-27,OPTSTK,TCS,1300.0,PE,0.0,0.0,0.0,52.4,55.25,0,0.0,250
2012-08-16,2012-09-27,OPTSTK,TCS,1350.0,PE,0.0,0.0,0.0,105.85,89.15,0,0.0,0
2012-08-16,2012-09-27,OPTSTK,TCS,1400.0,PE,0.0,0.0,0.0,140.15,129.7,0,0.0,0
2012-08-16,2012-09-27,OPTSTK,TCS,1450.0,PE,0.0,0.0,0.0,178.45,174.7,0,0.0,0
2012-08-16,2012-09-27,OPTSTK,TCS,1500.0,PE,0.0,0.0,0.0,219.85,222.2,0,0.0,0
2012-08-16,2012-09-27,OPTSTK,TCS,1550.0,PE,0.0,0.0,0.0,263.65,270.85,0,0.0,0
2012-08-16,2012-09-27,OPTSTK,TCS,1600.0,PE,0.0,0.0,0.0,309.2,320.05,0,0.0,0
2012-08-16,2012-09-27,OPTSTK,TCS,1650.0,PE,0.0,0.0,0.0,355.95,369.45,0,0.0,0
2012-08-16,2012-09-27,OPTSTK,TCS,1700.0,PE,0.0,0.0,0.0,403.5,418.9,0,0.0,0
2012-08-16,2012-09-27,OPTSTK,TCS,1750.0,PE,0.0,0.0,0.0,451.55,468.4,0,0.0,0
2012-08-16,2012-09-27,OPTSTK,TCS,1800.0,PE,0.0,0.0,0.0,499.9,517.85,0,0.0,0
2012-08-16,2012-10-25,OPTSTK,TCS,500.0,CE,0.0,0.0,0.0,709.8,772.15,0,0.0,0
2012-08-16,2012-10-25,OPTSTK,TCS,550.0,CE,0.0,0.0,0.0,660.95,723.0,0,0.0,0
2012-08-16,2012-10-25,OPTSTK,TCS,600.0,CE,0.0,0.0,0.0,612.1,673.85,0,0.0,0
2012-08-16,2012-10-25,OPTSTK,TCS,650.0,CE,0.0,0.0,0.0,563.25,624.75,0,0.0,0
2012-08-16,2012-10-25,OPTSTK,TCS,700.0,CE,0.0,0.0,0.0,514.35,575.6,0,0.0,0
2012-08-16,2012-10-25,OPTSTK,TCS,750.0,CE,0.0,0.0,0.0,465.5,526.45,0,0.0,0
2012-08-16,2012-10-25,OPTSTK,TCS,800.0,CE,0.0,0.0,0.0,416.65,477.3,0,0.0,0
2012-08-16,2012-10-25,OPTSTK,TCS,850.0,CE,0.0,0.0,0.0,367.85,428.15,0,0.0,0
2012-08-16,2012-10-25,OPTSTK,TCS,900.0,CE,0.0,0.0,0.0,319.25,379.05,0,0.0,0
2012-08-16,2012-10-25,OPTSTK,TCS,950.0,CE,0.0,0.0,0.0,271.25,329.95,0,0.0,0
2012-08-16,2012-10-25,OPTSTK,TCS,1000.0,CE,0.0,0.0,0.0,224.55,281.15,0,0.0,0
2012-08-16,2012-10-25,OPTSTK,TCS,1050.0,CE,0.0,0.0,0.0,180.2,233.1,0,0.0,0
2012-08-16,2012-10-25,OPTSTK,TCS,1100.0,CE,0.0,0.0,0.0,139.65,186.75,0,0.0,0
2012-08-16,2012-10-25,OPTSTK,TCS,1150.0,CE,0.0,0.0,0.0,104.1,143.6,0,0.0,0
2012-08-16,2012-10-25,OPTSTK,TCS,1200.0,CE,0.0,0.0,0.0,74.5,105.3,0,0.0,0
2012-08-16,2012-10-25,OPTSTK,TCS,1250.0,CE,0.0,0.0,0.0,51.15,73.2,0,0.0,0
2012-08-16,2012-10-25,OPTSTK,TCS,1300.0,CE,0.0,0.0,0.0,33.7,48.2,0,0.0,0
2012-08-16,2012-10-25,OPTSTK,TCS,1350.0,CE,0.0,0.0,0.0,25.0,30.0,0,0.0,250
2012-08-16,2012-10-25,OPTSTK,TCS,1400.0,CE,0.0,0.0,0.0,20.0,17.65,0,0.0,250
2012-08-16,2012-10-25,OPTSTK,TCS,1450.0,CE,0.0,0.0,0.0,7.6,9.85,0,0.0,0
2012-08-16,2012-10-25,OPTSTK,TCS,1500.0,CE,0.0,0.0,0.0,4.3,5.2,0,0.0,0
2012-08-16,2012-10-25,OPTSTK,TCS,1550.0,CE,0.0,0.0,0.0,2.35,2.6,0,0.0,0
2012-08-16,2012-10-25,OPTSTK,TCS,1600.0,CE,0.0,0.0,0.0,1.25,1.25,0,0.0,0
2012-08-16,2012-10-25,OPTSTK,TCS,1650.0,CE,0.0,0.0,0.0,0.65,0.6,0,0.0,0
2012-08-16,2012-10-25,OPTSTK,TCS,1700.0,CE,0.0,0.0,0.0,0.35,0.25,0,0.0,0
2012-08-16,2012-10-25,OPTSTK,TCS,1750.0,CE,0.0,0.0,0.0,0.2,0.15,0,0.0,0
2012-08-16,2012-10-25,OPTSTK,TCS,1800.0,CE,0.0,0.0,0.0,0.1,0.05,0,0.0,0
2012-08-16,2012-10-25,OPTSTK,TCS,500.0,PE,0.0,0.0,0.0,0.05,0.0,0,0.0,0
2012-08-16,2012-10-25,OPTSTK,TCS,550.0,PE,0.0,0.0,0.0,0.05,0.0,0,0.0,0
2012-08-16,2012-10-25,OPTSTK,TCS,600.0,PE,0.0,0.0,0.0,0.05,0.0,0,0.0,0
2012-08-16,2012-10-25,OPTSTK,TCS,650.0,PE,0.0,0.0,0.0,0.05,0.0,0,0.0,0
2012-08-16,2012-10-25,OPTSTK,TCS,700.0,PE,0.0,0.0,0.0,0.05,0.0,0,0.0,0
2012-08-16,2012-10-25,OPTSTK,TCS,750.0,PE,0.0,0.0,0.0,0.05,0.0,0,0.0,0
2012-08-16,2012-10-25,OPTSTK,TCS,800.0,PE,0.0,0.0,0.0,0.05,0.0,0,0.0,0
2012-08-16,2012-10-25,OPTSTK,TCS,850.0,PE,0.0,0.0,0.0,0.1,0.0,0,0.0,0
2012-08-16,2012-10-25,OPTSTK,TCS,900.0,PE,0.0,0.0,0.0,0.35,0.05,0,0.0,0
2012-08-16,2012-10-25,OPTSTK,TCS,950.0,PE,0.0,0.0,0.0,1.2,0.1,0,0.0,0
2012-08-16,2012-10-25,OPTSTK,TCS,1000.0,PE,0.0,0.0,0.0,3.35,0.45,0,0.0,0
2012-08-16,2012-10-25,OPTSTK,TCS,1050.0,PE,0.0,0.0,0.0,7.95,1.5,0,0.0,0
2012-08-16,2012-10-25,OPTSTK,TCS,1100.0,PE,0.0,0.0,0.0,16.25,4.3,0,0.0,0
2012-08-16,2012-10-25,OPTSTK,TCS,1150.0,PE,0.0,0.0,0.0,20.0,10.3,0,0.0,250
2012-08-16,2012-10-25,OPTSTK,TCS,1200.0,PE,0.0,0.0,0.0,48.85,21.15,0,0.0,0
2012-08-16,2012-10-25,OPTSTK,TCS,1250.0,PE,0.0,0.0,0.0,74.35,38.2,0,0.0,0
2012-08-16,2012-10-25,OPTSTK,TCS,1300.0,PE,0.0,0.0,0.0,105.75,62.35,0,0.0,0
2012-08-16,2012-10-25,OPTSTK,TCS,1350.0,PE,0.0,0.0,0.0,142.25,93.25,0,0.0,0
2012-08-16,2012-10-25,OPTSTK,TCS,1400.0,PE,0.0,0.0,0.0,182.75,130.1,0,0.0,0
2012-08-16,2012-10-25,OPTSTK,TCS,1450.0,PE,0.0,0.0,0.0,226.25,171.4,0,0.0,0
2012-08-16,2012-10-25,OPTSTK,TCS,1500.0,PE,0.0,0.0,0.0,271.8,215.9,0,0.0,0
2012-08-16,2012-10-25,OPTSTK,TCS,1550.0,PE,0.0,0.0,0.0,318.75,262.45,0,0.0,0
2012-08-16,2012-10-25,OPTSTK,TCS,1600.0,PE,0.0,0.0,0.0,366.5,310.25,0,0.0,0
2012-08-16,2012-10-25,OPTSTK,TCS,1650.0,PE,0.0,0.0,0.0,414.75,358.7,0,0.0,0
2012-08-16,2012-10-25,OPTSTK,TCS,1700.0,PE,0.0,0.0,0.0,463.3,407.55,0,0.0,0
2012-08-16,2012-10-25,OPTSTK,TCS,1750.0,PE,0.0,0.0,0.0,512.0,456.55,0,0.0,0
2012-08-16,2012-10-25,OPTSTK,TCS,1800.0,PE,0.0,0.0,0.0,560.8,505.6,0,0.0,0
2012-08-16,2012-08-30,OPTSTK,TECHM,340.0,CE,0.0,0.0,0.0,341.85,506.6,0,0.0,0
2012-08-16,2012-08-30,OPTSTK,TECHM,360.0,CE,0.0,0.0,0.0,322.4,486.65,0,0.0,0
2012-08-16,2012-08-30,OPTSTK,TECHM,380.0,CE,0.0,0.0,0.0,303.05,466.75,0,0.0,0
2012-08-16,2012-08-30,OPTSTK,TECHM,400.0,CE,0.0,0.0,0.0,283.8,446.8,0,0.0,0
2012-08-16,2012-08-30,OPTSTK,TECHM,420.0,CE,0.0,0.0,0.0,264.75,426.85,0,0.0,0
2012-08-16,2012-08-30,OPTSTK,TECHM,440.0,CE,0.0,0.0,0.0,245.95,406.95,0,0.0,0
2012-08-16,2012-08-30,OPTSTK,TECHM,460.0,CE,0.0,0.0,0.0,227.45,387.0,0,0.0,0
2012-08-16,2012-08-30,OPTSTK,TECHM,480.0,CE,0.0,0.0,0.0,209.45,367.05,0,0.0,0
2012-08-16,2012-08-30,OPTSTK,TECHM,500.0,CE,0.0,0.0,0.0,191.9,347.15,0,0.0,0
2012-08-16,2012-08-30,OPTSTK,TECHM,520.0,CE,0.0,0.0,0.0,175.05,327.2,0,0.0,0
2012-08-16,2012-08-30,OPTSTK,TECHM,540.0,CE,0.0,0.0,0.0,158.85,307.3,0,0.0,0
2012-08-16,2012-08-30,OPTSTK,TECHM,560.0,CE,0.0,0.0,0.0,143.5,287.35,0,0.0,0
2012-08-16,2012-08-30,OPTSTK,TECHM,580.0,CE,0.0,0.0,0.0,129.0,267.4,0,0.0,0
2012-08-16,2012-08-30,OPTSTK,TECHM,600.0,CE,0.0,0.0,0.0,115.4,247.5,0,0.0,0
2012-08-16,2012-08-30,OPTSTK,TECHM,620.0,CE,0.0,0.0,0.0,102.75,227.55,0,0.0,0
2012-08-16,2012-08-30,OPTSTK,TECHM,640.0,CE,0.0,0.0,0.0,91.1,207.6,0,0.0,0
2012-08-16,2012-08-30,OPTSTK,TECHM,660.0,CE,0.0,0.0,0.0,80.4,187.7,0,0.0,0
2012-08-16,2012-08-30,OPTSTK,TECHM,680.0,CE,0.0,0.0,0.0,70.65,167.8,0,0.0,0
2012-08-16,2012-08-30,OPTSTK,TECHM,700.0,CE,0.0,0.0,0.0,84.95,147.95,0,0.0,3500
2012-08-16,2012-08-30,OPTSTK,TECHM,720.0,CE,0.0,0.0,0.0,55.0,128.25,0,0.0,1000
2012-08-16,2012-08-30,OPTSTK,TECHM,740.0,CE,0.0,0.0,0.0,20.15,108.9,0,0.0,1000
2012-08-16,2012-08-30,OPTSTK,TECHM,760.0,CE,66.6,66.6,66.6,66.6,66.6,1,4.13,2500
2012-08-16,2012-08-30,OPTSTK,TECHM,780.0,CE,0.0,0.0,0.0,40.0,72.45,0,0.0,3000
2012-08-16,2012-08-30,OPTSTK,TECHM,800.0,CE,35.0,39.0,35.0,39.0,39.0,2,8.37,4500
2012-08-16,2012-08-30,OPTSTK,TECHM,820.0,CE,18.0,25.85,18.0,25.85,25.85,3,12.61,4500
2012-08-16,2012-08-30,OPTSTK,TECHM,840.0,CE,14.95,19.0,14.95,18.25,18.25,5,21.44,2000
2012-08-16,2012-08-30,OPTSTK,TECHM,860.0,CE,9.45,9.45,9.45,9.45,9.45,1,4.34,500
2012-08-16,2012-08-30,OPTSTK,TECHM,880.0,CE,6.0,6.0,6.0,6.0,6.0,1,4.43,500
2012-08-16,2012-08-30,OPTSTK,TECHM,900.0,CE,3.0,4.5,2.4,4.5,4.5,4,18.06,2000
2012-08-16,2012-08-30,OPTSTK,TECHM,920.0,CE,0.0,0.0,0.0,11.5,5.15,0,0.0,0
2012-08-16,2012-08-30,OPTSTK,TECHM,940.0,CE,0.0,0.0,0.0,9.7,2.95,0,0.0,0
2012-08-16,2012-08-30,OPTSTK,TECHM,960.0,CE,0.0,0.0,0.0,8.2,1.6,0,0.0,0
2012-08-16,2012-08-30,OPTSTK,TECHM,980.0,CE,0.0,0.0,0.0,6.9,0.85,0,0.0,0
2012-08-16,2012-08-30,OPTSTK,TECHM,1000.0,CE,0.0,0.0,0.0,5.8,0.45,0,0.0,0
2012-08-16,2012-08-30,OPTSTK,TECHM,1020.0,CE,0.0,0.0,0.0,4.85,0.2,0,0.0,0
2012-08-16,2012-08-30,OPTSTK,TECHM,340.0,PE,0.0,0.0,0.0,0.1,0.0,0,0.0,0
2012-08-16,2012-08-30,OPTSTK,TECHM,360.0,PE,0.0,0.0,0.0,0.15,0.0,0,0.0,0
2012-08-16,2012-08-30,OPTSTK,TECHM,380.0,PE,0.0,0.0,0.0,0.35,0.0,0,0.0,0
2012-08-16,2012-08-30,OPTSTK,TECHM,400.0,PE,0.0,0.0,0.0,0.6,0.0,0,0.0,0
2012-08-16,2012-08-30,OPTSTK,TECHM,420.0,PE,0.0,0.0,0.0,1.05,0.0,0,0.0,0
2012-08-16,2012-08-30,OPTSTK,TECHM,440.0,PE,0.0,0.0,0.0,1.8,0.0,0,0.0,0
2012-08-16,2012-08-30,OPTSTK,TECHM,460.0,PE,0.0,0.0,0.0,2.85,0.0,0,0.0,0
2012-08-16,2012-08-30,OPTSTK,TECHM,480.0,PE,0.0,0.0,0.0,4.3,0.0,0,0.0,0
2012-08-16,2012-08-30,OPTSTK,TECHM,500.0,PE,0.0,0.0,0.0,6.35,0.0,0,0.0,0
2012-08-16,2012-08-30,OPTSTK,TECHM,520.0,PE,0.0,0.0,0.0,8.95,0.0,0,0.0,0
2012-08-16,2012-08-30,OPTSTK,TECHM,540.0,PE,0.0,0.0,0.0,12.3,0.0,0,0.0,0
2012-08-16,2012-08-30,OPTSTK,TECHM,560.0,PE,0.0,0.0,0.0,16.45,0.0,0,0.0,0
2012-08-16,2012-08-30,OPTSTK,TECHM,580.0,PE,0.0,0.0,0.0,21.5,0.0,0,0.0,0
2012-08-16,2012-08-30,OPTSTK,TECHM,600.0,PE,0.0,0.0,0.0,27.4,0.0,0,0.0,0
2012-08-16,2012-08-30,OPTSTK,TECHM,620.0,PE,0.0,0.0,0.0,34.25,0.0,0,0.0,0
2012-08-16,2012-08-30,OPTSTK,TECHM,640.0,PE,0.0,0.0,0.0,42.1,0.0,0,0.0,0
2012-08-16,2012-08-30,OPTSTK,TECHM,660.0,PE,0.0,0.0,0.0,50.95,0.05,0,0.0,0
2012-08-16,2012-08-30,OPTSTK,TECHM,680.0,PE,0.0,0.0,0.0,60.7,0.05,0,0.0,0
2012-08-16,2012-08-30,OPTSTK,TECHM,700.0,PE,0.0,0.0,0.0,71.4,0.15,0,0.0,0
2012-08-16,2012-08-30,OPTSTK,TECHM,720.0,PE,0.0,0.0,0.0,26.15,0.4,0,0.0,500
2012-08-16,2012-08-30,OPTSTK,TECHM,740.0,PE,0.0,0.0,0.0,2.55,0.95,0,0.0,3000
2012-08-16,2012-08-30,OPTSTK,TECHM,760.0,PE,1.0,1.0,1.0,1.0,1.0,1,3.8,2500
2012-08-16,2012-08-30,OPTSTK,TECHM,780.0,PE,2.0,2.0,2.0,2.0,2.0,1,3.91,2500
2012-08-16,2012-08-30,OPTSTK,TECHM,800.0,PE,6.0,6.0,6.0,6.0,6.0,1,4.03,500
2012-08-16,2012-08-30,OPTSTK,TECHM,820.0,PE,18.0,18.0,5.05,5.05,5.05,5,20.78,2000
2012-08-16,2012-08-30,OPTSTK,TECHM,840.0,PE,0.0,0.0,0.0,168.3,21.95,0,0.0,0
2012-08-16,2012-08-30,OPTSTK,TECHM,860.0,PE,0.0,0.0,0.0,184.55,32.4,0,0.0,0
2012-08-16,2012-08-30,OPTSTK,TECHM,880.0,PE,0.0,0.0,0.0,201.25,45.25,0,0.0,0
2012-08-16,2012-08-30,OPTSTK,TECHM,900.0,PE,0.0,0.0,0.0,218.35,60.1,0,0.0,0
2012-08-16,2012-08-30,OPTSTK,TECHM,920.0,PE,0.0,0.0,0.0,235.8,76.6,0,0.0,0
2012-08-16,2012-08-30,OPTSTK,TECHM,940.0,PE,0.0,0.0,0.0,253.55,94.35,0,0.0,0
2012-08-16,2012-08-30,OPTSTK,TECHM,960.0,PE,0.0,0.0,0.0,271.5,112.95,0,0.0,0
2012-08-16,2012-08-30,OPTSTK,TECHM,980.0,PE,0.0,0.0,0.0,289.75,132.15,0,0.0,0
2012-08-16,2012-08-30,OPTSTK,TECHM,1000.0,PE,0.0,0.0,0.0,308.15,151.65,0,0.0,0
2012-08-16,2012-08-30,OPTSTK,TECHM,1020.0,PE,0.0,0.0,0.0,326.75,171.35,0,0.0,0
2012-08-16,2012-09-27,OPTSTK,TECHM,340.0,CE,0.0,0.0,0.0,369.25,509.0,0,0.0,0
2012-08-16,2012-09-27,OPTSTK,TECHM,360.0,CE,0.0,0.0,0.0,349.7,489.2,0,0.0,0
2012-08-16,2012-09-27,OPTSTK,TECHM,380.0,CE,0.0,0.0,0.0,330.15,469.4,0,0.0,0
2012-08-16,2012-09-27,OPTSTK,TECHM,400.0,CE,0.0,0.0,0.0,310.65,449.6,0,0.0,0
2012-08-16,2012-09-27,OPTSTK,TECHM,420.0,CE,0.0,0.0,0.0,291.1,429.8,0,0.0,0
2012-08-16,2012-09-27,OPTSTK,TECHM,440.0,CE,0.0,0.0,0.0,271.6,410.0,0,0.0,0
2012-08-16,2012-09-27,OPTSTK,TECHM,460.0,CE,0.0,0.0,0.0,252.15,390.2,0,0.0,0
2012-08-16,2012-09-27,OPTSTK,TECHM,480.0,CE,0.0,0.0,0.0,232.75,370.45,0,0.0,0
2012-08-16,2012-09-27,OPTSTK,TECHM,500.0,CE,0.0,0.0,0.0,213.5,350.65,0,0.0,0
2012-08-16,2012-09-27,OPTSTK,TECHM,520.0,CE,0.0,0.0,0.0,194.5,330.85,0,0.0,0
2012-08-16,2012-09-27,OPTSTK,TECHM,540.0,CE,0.0,0.0,0.0,175.85,311.05,0,0.0,0
2012-08-16,2012-09-27,OPTSTK,TECHM,560.0,CE,0.0,0.0,0.0,157.65,291.3,0,0.0,0
2012-08-16,2012-09-27,OPTSTK,TECHM,580.0,CE,0.0,0.0,0.0,140.05,271.5,0,0.0,0
2012-08-16,2012-09-27,OPTSTK,TECHM,600.0,CE,0.0,0.0,0.0,123.3,251.8,0,0.0,0
2012-08-16,2012-09-27,OPTSTK,TECHM,620.0,CE,0.0,0.0,0.0,107.5,232.15,0,0.0,0
2012-08-16,2012-09-27,OPTSTK,TECHM,640.0,CE,0.0,0.0,0.0,92.75,212.6,0,0.0,0
2012-08-16,2012-09-27,OPTSTK,TECHM,660.0,CE,0.0,0.0,0.0,79.2,193.3,0,0.0,0
2012-08-16,2012-09-27,OPTSTK,TECHM,680.0,CE,0.0,0.0,0.0,66.95,174.3,0,0.0,0
2012-08-16,2012-09-27,OPTSTK,TECHM,700.0,CE,0.0,0.0,0.0,56.0,155.75,0,0.0,0
2012-08-16,2012-09-27,OPTSTK,TECHM,720.0,CE,0.0,0.0,0.0,46.35,137.8,0,0.0,0
2012-08-16,2012-09-27,OPTSTK,TECHM,740.0,CE,0.0,0.0,0.0,38.0,120.7,0,0.0,0
2012-08-16,2012-09-27,OPTSTK,TECHM,760.0,CE,0.0,0.0,0.0,30.85,104.5,0,0.0,0
2012-08-16,2012-09-27,OPTSTK,TECHM,780.0,CE,58.5,58.5,58.5,58.5,58.5,1,4.19,500
2012-08-16,2012-09-27,OPTSTK,TECHM,800.0,CE,55.0,55.0,55.0,55.0,55.0,1,4.27,500
2012-08-16,2012-09-27,OPTSTK,TECHM,820.0,CE,0.0,0.0,0.0,15.65,63.1,0,0.0,0
2012-08-16,2012-09-27,OPTSTK,TECHM,840.0,CE,0.0,0.0,0.0,12.25,52.05,0,0.0,0
2012-08-16,2012-09-27,OPTSTK,TECHM,860.0,CE,0.0,0.0,0.0,9.55,42.35,0,0.0,0
2012-08-16,2012-09-27,OPTSTK,TECHM,880.0,CE,0.0,0.0,0.0,7.35,34.05,0,0.0,0
2012-08-16,2012-09-27,OPTSTK,TECHM,900.0,CE,0.0,0.0,0.0,5.6,27.05,0,0.0,0
2012-08-16,2012-09-27,OPTSTK,TECHM,920.0,CE,0.0,0.0,0.0,4.3,21.2,0,0.0,0
2012-08-16,2012-09-27,OPTSTK,TECHM,940.0,CE,0.0,0.0,0.0,3.25,16.5,0,0.0,0
2012-08-16,2012-09-27,OPTSTK,TECHM,960.0,CE,0.0,0.0,0.0,2.45,12.6,0,0.0,0
2012-08-16,2012-09-27,OPTSTK,TECHM,980.0,CE,0.0,0.0,0.0,1.8,9.55,0,0.0,0
2012-08-16,2012-09-27,OPTSTK,TECHM,1000.0,CE,0.0,0.0,0.0,1.35,7.15,0,0.0,0
2012-08-16,2012-09-27,OPTSTK,TECHM,1020.0,CE,0.0,0.0,0.0,1.0,5.3,0,0.0,0
2012-08-16,2012-09-27,OPTSTK,TECHM,340.0,PE,0.0,0.0,0.0,0.05,0.0,0,0.0,0
2012-08-16,2012-09-27,OPTSTK,TECHM,360.0,PE,0.0,0.0,0.0,0.05,0.0,0,0.0,0
2012-08-16,2012-09-27,OPTSTK,TECHM,380.0,PE,0.0,0.0,0.0,0.05,0.0,0,0.0,0
2012-08-16,2012-09-27,OPTSTK,TECHM,400.0,PE,0.0,0.0,0.0,0.05,0.0,0,0.0,0
2012-08-16,2012-09-27,OPTSTK,TECHM,420.0,PE,0.0,0.0,0.0,0.05,0.0,0,0.0,0
2012-08-16,2012-09-27,OPTSTK,TECHM,440.0,PE,0.0,0.0,0.0,0.05,0.0,0,0.0,0
2012-08-16,2012-09-27,OPTSTK,TECHM,460.0,PE,0.0,0.0,0.0,0.15,0.0,0,0.0,0
2012-08-16,2012-09-27,OPTSTK,TECHM,480.0,PE,0.0,0.0,0.0,0.3,0.0,0,0.0,0
2012-08-16,2012-09-27,OPTSTK,TECHM,500.0,PE,0.0,0.0,0.0,0.6,0.0,0,0.0,0
2012-08-16,2012-09-27,OPTSTK,TECHM,520.0,PE,0.0,0.0,0.0,1.1,0.0,0,0.0,0
2012-08-16,2012-09-27,OPTSTK,TECHM,540.0,PE,0.0,0.0,0.0,2.0,0.05,0,0.0,0
2012-08-16,2012-09-27,OPTSTK,TECHM,560.0,PE,0.0,0.0,0.0,3.3,0.05,0,0.0,0
2012-08-16,2012-09-27,OPTSTK,TECHM,580.0,PE,0.0,0.0,0.0,5.3,0.05,0,0.0,0
2012-08-16,2012-09-27,OPTSTK,TECHM,600.0,PE,0.0,0.0,0.0,8.05,0.15,0,0.0,0
2012-08-16,2012-09-27,OPTSTK,TECHM,620.0,PE,0.0,0.0,0.0,11.75,0.3,0,0.0,0
2012-08-16,2012-09-27,OPTSTK,TECHM,640.0,PE,0.0,0.0,0.0,16.55,0.55,0,0.0,0
2012-08-16,2012-09-27,OPTSTK,TECHM,660.0,PE,0.0,0.0,0.0,22.55,1.05,0,0.0,0
2012-08-16,2012-09-27,OPTSTK,TECHM,680.0,PE,0.0,0.0,0.0,29.8,1.8,0,0.0,0
2012-08-16,2012-09-27,OPTSTK,TECHM,700.0,PE,0.0,0.0,0.0,38.4,3.05,0,0.0,0
2012-08-16,2012-09-27,OPTSTK,TECHM,720.0,PE,0.0,0.0,0.0,48.35,4.95,0,0.0,0
2012-08-16,2012-09-27,OPTSTK,TECHM,740.0,PE,0.0,0.0,0.0,59.5,7.6,0,0.0,0
2012-08-16,2012-09-27,OPTSTK,TECHM,760.0,PE,0.0,0.0,0.0,71.9,11.2,0,0.0,0
2012-08-16,2012-09-27,OPTSTK,TECHM,780.0,PE,10.6,10.6,10.6,10.6,10.6,1,3.95,500
2012-08-16,2012-09-27,OPTSTK,TECHM,800.0,PE,13.25,13.25,13.25,13.25,13.25,1,4.06,500
2012-08-16,2012-09-27,OPTSTK,TECHM,820.0,PE,0.0,0.0,0.0,115.25,29.2,0,0.0,0
2012-08-16,2012-09-27,OPTSTK,TECHM,840.0,PE,0.0,0.0,0.0,131.4,37.9,0,0.0,0
2012-08-16,2012-09-27,OPTSTK,TECHM,860.0,PE,0.0,0.0,0.0,148.2,48.0,0,0.0,0
2012-08-16,2012-09-27,OPTSTK,TECHM,880.0,PE,0.0,0.0,0.0,165.6,59.5,0,0.0,0
2012-08-16,2012-09-27,OPTSTK,TECHM,900.0,PE,0.0,0.0,0.0,183.4,72.3,0,0.0,0
2012-08-16,2012-09-27,OPTSTK,TECHM,920.0,PE,0.0,0.0,0.0,201.6,86.25,0,0.0,0
2012-08-16,2012-09-27,OPTSTK,TECHM,940.0,PE,0.0,0.0,0.0,220.05,101.3,0,0.0,0
2012-08-16,2012-09-27,OPTSTK,TECHM,960.0,PE,0.0,0.0,0.0,238.8,117.25,0,0.0,0
2012-08-16,2012-09-27,OPTSTK,TECHM,980.0,PE,0.0,0.0,0.0,257.7,133.95,0,0.0,0
2012-08-16,2012-09-27,OPTSTK,TECHM,1000.0,PE,0.0,0.0,0.0,276.8,151.35,0,0.0,0
2012-08-16,2012-09-27,OPTSTK,TECHM,1020.0,PE,0.0,0.0,0.0,295.95,169.3,0,0.0,0
2012-08-16,2012-10-25,OPTSTK,TECHM,340.0,CE,0.0,0.0,0.0,383.7,511.3,0,0.0,0
2012-08-16,2012-10-25,OPTSTK,TECHM,360.0,CE,0.0,0.0,0.0,364.15,491.65,0,0.0,0
2012-08-16,2012-10-25,OPTSTK,TECHM,380.0,CE,0.0,0.0,0.0,344.6,472.0,0,0.0,0
2012-08-16,2012-10-25,OPTSTK,TECHM,400.0,CE,0.0,0.0,0.0,325.05,452.35,0,0.0,0
2012-08-16,2012-10-25,OPTSTK,TECHM,420.0,CE,0.0,0.0,0.0,305.5,432.7,0,0.0,0
2012-08-16,2012-10-25,OPTSTK,TECHM,440.0,CE,0.0,0.0,0.0,285.95,413.05,0,0.0,0
2012-08-16,2012-10-25,OPTSTK,TECHM,460.0,CE,0.0,0.0,0.0,266.4,393.35,0,0.0,0
2012-08-16,2012-10-25,OPTSTK,TECHM,480.0,CE,0.0,0.0,0.0,246.85,373.7,0,0.0,0
2012-08-16,2012-10-25,OPTSTK,TECHM,500.0,CE,0.0,0.0,0.0,227.35,354.1,0,0.0,0
2012-08-16,2012-10-25,OPTSTK,TECHM,520.0,CE,0.0,0.0,0.0,207.85,334.45,0,0.0,0
2012-08-16,2012-10-25,OPTSTK,TECHM,540.0,CE,0.0,0.0,0.0,188.4,314.85,0,0.0,0
2012-08-16,2012-10-25,OPTSTK,TECHM,560.0,CE,0.0,0.0,0.0,169.1,295.35,0,0.0,0
2012-08-16,2012-10-25,OPTSTK,TECHM,580.0,CE,0.0,0.0,0.0,150.0,275.9,0,0.0,0
2012-08-16,2012-10-25,OPTSTK,TECHM,600.0,CE,0.0,0.0,0.0,131.35,256.6,0,0.0,0
2012-08-16,2012-10-25,OPTSTK,TECHM,620.0,CE,0.0,0.0,0.0,113.35,237.5,0,0.0,0
2012-08-16,2012-10-25,OPTSTK,TECHM,640.0,CE,0.0,0.0,0.0,96.2,218.65,0,0.0,0
2012-08-16,2012-10-25,OPTSTK,TECHM,660.0,CE,0.0,0.0,0.0,80.2,200.25,0,0.0,0
2012-08-16,2012-10-25,OPTSTK,TECHM,680.0,CE,0.0,0.0,0.0,65.6,182.3,0,0.0,0
2012-08-16,2012-10-25,OPTSTK,TECHM,700.0,CE,0.0,0.0,0.0,52.6,164.9,0,0.0,0
2012-08-16,2012-10-25,OPTSTK,TECHM,720.0,CE,0.0,0.0,0.0,41.35,148.25,0,0.0,0
2012-08-16,2012-10-25,OPTSTK,TECHM,740.0,CE,0.0,0.0,0.0,31.8,132.4,0,0.0,0
2012-08-16,2012-10-25,OPTSTK,TECHM,760.0,CE,0.0,0.0,0.0,24.0,117.45,0,0.0,0
2012-08-16,2012-10-25,OPTSTK,TECHM,780.0,CE,0.0,0.0,0.0,17.7,103.45,0,0.0,0
2012-08-16,2012-10-25,OPTSTK,TECHM,800.0,CE,0.0,0.0,0.0,12.85,90.5,0,0.0,0
2012-08-16,2012-10-25,OPTSTK,TECHM,820.0,CE,0.0,0.0,0.0,9.1,78.6,0,0.0,0
2012-08-16,2012-10-25,OPTSTK,TECHM,840.0,CE,0.0,0.0,0.0,6.35,67.85,0,0.0,0
2012-08-16,2012-10-25,OPTSTK,TECHM,860.0,CE,0.0,0.0,0.0,4.35,58.15,0,0.0,0
2012-08-16,2012-10-25,OPTSTK,TECHM,880.0,CE,0.0,0.0,0.0,2.95,49.5,0,0.0,0
2012-08-16,2012-10-25,OPTSTK,TECHM,900.0,CE,0.0,0.0,0.0,1.95,41.85,0,0.0,0
2012-08-16,2012-10-25,OPTSTK,TECHM,920.0,CE,0.0,0.0,0.0,1.25,35.2,0,0.0,0
2012-08-16,2012-10-25,OPTSTK,TECHM,940.0,CE,0.0,0.0,0.0,0.8,29.35,0,0.0,0
2012-08-16,2012-10-25,OPTSTK,TECHM,960.0,CE,0.0,0.0,0.0,0.5,24.45,0,0.0,0
2012-08-16,2012-10-25,OPTSTK,TECHM,980.0,CE,0.0,0.0,0.0,0.35,20.15,0,0.0,0
2012-08-16,2012-10-25,OPTSTK,TECHM,1000.0,CE,0.0,0.0,0.0,0.2,16.55,0,0.0,0
2012-08-16,2012-10-25,OPTSTK,TECHM,1020.0,CE,0.0,0.0,0.0,0.15,13.5,0,0.0,0
2012-08-16,2012-10-25,OPTSTK,TECHM,340.0,PE,0.0,0.0,0.0,0.05,0.0,0,0.0,0
2012-08-16,2012-10-25,OPTSTK,TECHM,360.0,PE,0.0,0.0,0.0,0.05,0.0,0,0.0,0
2012-08-16,2012-10-25,OPTSTK,TECHM,380.0,PE,0.0,0.0,0.0,0.05,0.0,0,0.0,0
2012-08-16,2012-10-25,OPTSTK,TECHM,400.0,PE,0.0,0.0,0.0,0.05,0.0,0,0.0,0
2012-08-16,2012-10-25,OPTSTK,TECHM,420.0,PE,0.0,0.0,0.0,0.05,0.0,0,0.0,0
2012-08-16,2012-10-25,OPTSTK,TECHM,440.0,PE,0.0,0.0,0.0,0.05,0.0,0,0.0,0
2012-08-16,2012-10-25,OPTSTK,TECHM,460.0,PE,0.0,0.0,0.0,0.05,0.0,0,0.0,0
2012-08-16,2012-10-25,OPTSTK,TECHM,480.0,PE,0.0,0.0,0.0,0.05,0.05,0,0.0,0
2012-08-16,2012-10-25,OPTSTK,TECHM,500.0,PE,0.0,0.0,0.0,0.05,0.05,0,0.0,0
2012-08-16,2012-10-25,OPTSTK,TECHM,520.0,PE,0.0,0.0,0.0,0.1,0.1,0,0.0,0
2012-08-16,2012-10-25,OPTSTK,TECHM,540.0,PE,0.0,0.0,0.0,0.2,0.15,0,0.0,0
2012-08-16,2012-10-25,OPTSTK,TECHM,560.0,PE,0.0,0.0,0.0,0.4,0.25,0,0.0,0
2012-08-16,2012-10-25,OPTSTK,TECHM,580.0,PE,0.0,0.0,0.0,0.9,0.45,0,0.0,0
2012-08-16,2012-10-25,OPTSTK,TECHM,600.0,PE,0.0,0.0,0.0,1.8,0.85,0,0.0,0
2012-08-16,2012-10-25,OPTSTK,TECHM,620.0,PE,0.0,0.0,0.0,3.3,1.4,0,0.0,0
2012-08-16,2012-10-25,OPTSTK,TECHM,640.0,PE,0.0,0.0,0.0,5.7,2.25,0,0.0,0
2012-08-16,2012-10-25,OPTSTK,TECHM,660.0,PE,0.0,0.0,0.0,9.25,3.45,0,0.0,0
2012-08-16,2012-10-25,OPTSTK,TECHM,680.0,PE,0.0,0.0,0.0,14.25,5.15,0,0.0,0
2012-08-16,2012-10-25,OPTSTK,TECHM,700.0,PE,0.0,0.0,0.0,20.75,7.45,0,0.0,0
2012-08-16,2012-10-25,OPTSTK,TECHM,720.0,PE,0.0,0.0,0.0,29.05,10.45,0,0.0,0
2012-08-16,2012-10-25,OPTSTK,TECHM,740.0,PE,0.0,0.0,0.0,39.05,14.25,0,0.0,0
2012-08-16,2012-10-25,OPTSTK,TECHM,760.0,PE,0.0,0.0,0.0,50.8,18.95,0,0.0,0
2012-08-16,2012-10-25,OPTSTK,TECHM,780.0,PE,0.0,0.0,0.0,64.05,24.6,0,0.0,0
2012-08-16,2012-10-25,OPTSTK,TECHM,800.0,PE,0.0,0.0,0.0,78.75,31.3,0,0.0,0
2012-08-16,2012-10-25,OPTSTK,TECHM,820.0,PE,0.0,0.0,0.0,94.55,39.1,0,0.0,0
2012-08-16,2012-10-25,OPTSTK,TECHM,840.0,PE,0.0,0.0,0.0,111.35,47.95,0,0.0,0
2012-08-16,2012-10-25,OPTSTK,TECHM,860.0,PE,0.0,0.0,0.0,128.9,57.9,0,0.0,0
2012-08-16,2012-10-25,OPTSTK,TECHM,880.0,PE,0.0,0.0,0.0,147.0,68.95,0,0.0,0
2012-08-16,2012-10-25,OPTSTK,TECHM,900.0,PE,0.0,0.0,0.0,165.55,80.95,0,0.0,0
2012-08-16,2012-10-25,OPTSTK,TECHM,920.0,PE,0.0,0.0,0.0,184.45,93.95,0,0.0,0
2012-08-16,2012-10-25,OPTSTK,TECHM,940.0,PE,0.0,0.0,0.0,203.55,107.8,0,0.0,0
2012-08-16,2012-10-25,OPTSTK,TECHM,960.0,PE,0.0,0.0,0.0,222.8,122.5,0,0.0,0
2012-08-16,2012-10-25,OPTSTK,TECHM,980.0,PE,0.0,0.0,0.0,242.15,137.85,0,0.0,0
2012-08-16,2012-10-25,OPTSTK,TECHM,1000.0,PE,0.0,0.0,0.0,261.55,153.9,0,0.0,0
2012-08-16,2012-10-25,OPTSTK,TECHM,1020.0,PE,0.0,0.0,0.0,281.05,170.55,0,0.0,0
2012-08-16,2012-08-30,OPTSTK,TITAN,130.0,CE,0.0,0.0,0.0,95.9,90.4,0,0.0,0
2012-08-16,2012-08-30,OPTSTK,TITAN,140.0,CE,0.0,0.0,0.0,86.25,80.45,0,0.0,0
2012-08-16,2012-08-30,OPTSTK,TITAN,150.0,CE,0.0,0.0,0.0,76.7,70.45,0,0.0,0
2012-08-16,2012-08-30,OPTSTK,TITAN,160.0,CE,0.0,0.0,0.0,67.35,60.5,0,0.0,0
2012-08-16,2012-08-30,OPTSTK,TITAN,170.0,CE,0.0,0.0,0.0,58.35,50.55,0,0.0,0
2012-08-16,2012-08-30,OPTSTK,TITAN,180.0,CE,0.0,0.0,0.0,49.85,40.6,0,0.0,0
2012-08-16,2012-08-30,OPTSTK,TITAN,190.0,CE,0.0,0.0,0.0,41.95,30.75,0,0.0,0
2012-08-16,2012-08-30,OPTSTK,TITAN,200.0,CE,0.0,0.0,0.0,29.4,21.3,0,0.0,2000
2012-08-16,2012-08-30,OPTSTK,TITAN,210.0,CE,0.0,0.0,0.0,16.95,13.05,0,0.0,16000
2012-08-16,2012-08-30,OPTSTK,TITAN,220.0,CE,7.15,7.15,5.0,5.2,5.2,46,103.81,103000
2012-08-16,2012-08-30,OPTSTK,TITAN,230.0,CE,3.1,3.1,1.75,1.85,1.85,93,215.99,226000
2012-08-16,2012-08-30,OPTSTK,TITAN,240.0,CE,0.6,0.85,0.55,0.6,0.6,21,50.53,198000
2012-08-16,2012-08-30,OPTSTK,TITAN,250.0,CE,0.3,0.3,0.2,0.25,0.25,11,27.53,86000
2012-08-16,2012-08-30,OPTSTK,TITAN,260.0,CE,0.0,0.0,0.0,0.35,0.1,0,0.0,4000
2012-08-16,2012-08-30,OPTSTK,TITAN,270.0,CE,0.0,0.0,0.0,6.3,0.05,0,0.0,0
2012-08-16,2012-08-30,OPTSTK,TITAN,280.0,CE,0.0,0.0,0.0,4.7,0.0,0,0.0,0
2012-08-16,2012-08-30,OPTSTK,TITAN,290.0,CE,0.0,0.0,0.0,3.5,0.0,0,0.0,0
2012-08-16,2012-08-30,OPTSTK,TITAN,300.0,CE,0.0,0.0,0.0,2.55,0.0,0,0.0,0
2012-08-16,2012-08-30,OPTSTK,TITAN,130.0,PE,0.0,0.0,0.0,0.05,0.0,0,0.0,0
2012-08-16,2012-08-30,OPTSTK,TITAN,140.0,PE,0.0,0.0,0.0,0.15,0.0,0,0.0,0
2012-08-16,2012-08-30,OPTSTK,TITAN,150.0,PE,0.0,0.0,0.0,0.35,0.0,0,0.0,0
2012-08-16,2012-08-30,OPTSTK,TITAN,160.0,PE,0.0,0.0,0.0,0.8,0.0,0,0.0,0
2012-08-16,2012-08-30,OPTSTK,TITAN,170.0,PE,0.0,0.0,0.0,1.55,0.0,0,0.0,0
2012-08-16,2012-08-30,OPTSTK,TITAN,180.0,PE,0.0,0.0,0.0,2.8,0.05,0,0.0,0
2012-08-16,2012-08-30,OPTSTK,TITAN,190.0,PE,0.0,0.0,0.0,0.5,0.15,0,0.0,1000
2012-08-16,2012-08-30,OPTSTK,TITAN,200.0,PE,0.4,0.65,0.4,0.65,0.65,3,6.01,58000
2012-08-16,2012-08-30,OPTSTK,TITAN,210.0,PE,1.15,1.75,1.15,1.3,1.3,26,54.96,139000
2012-08-16,2012-08-30,OPTSTK,TITAN,220.0,PE,2.75,4.9,2.75,4.45,4.45,58,130.02,188000
2012-08-16,2012-08-30,OPTSTK,TITAN,230.0,PE,7.35,10.5,7.35,10.5,10.5,6,14.37,37000
2012-08-16,2012-08-30,OPTSTK,TITAN,240.0,PE,20.0,20.0,20.0,20.0,20.0,4,10.4,5000
2012-08-16,2012-08-30,OPTSTK,TITAN,250.0,PE,0.0,0.0,0.0,25.4,29.55,0,0.0,5000
2012-08-16,2012-08-30,OPTSTK,TITAN,260.0,PE,0.0,0.0,0.0,39.35,39.3,0,0.0,0
2012-08-16,2012-08-30,OPTSTK,TITAN,270.0,PE,0.0,0.0,0.0,47.1,49.2,0,0.0,0
2012-08-16,2012-08-30,OPTSTK,TITAN,280.0,PE,0.0,0.0,0.0,55.25,59.15,0,0.0,0
2012-08-16,2012-08-30,OPTSTK,TITAN,290.0,PE,0.0,0.0,0.0,63.8,69.1,0,0.0,0
2012-08-16,2012-08-30,OPTSTK,TITAN,300.0,PE,0.0,0.0,0.0,72.65,79.05,0,0.0,0
2012-08-16,2012-09-27,OPTSTK,TITAN,130.0,CE,0.0,0.0,0.0,89.1,91.3,0,0.0,0
2012-08-16,2012-09-27,OPTSTK,TITAN,140.0,CE,0.0,0.0,0.0,79.35,81.4,0,0.0,0
2012-08-16,2012-09-27,OPTSTK,TITAN,150.0,CE,0.0,0.0,0.0,69.65,71.55,0,0.0,0
2012-08-16,2012-09-27,OPTSTK,TITAN,160.0,CE,0.0,0.0,0.0,60.1,61.65,0,0.0,0
2012-08-16,2012-09-27,OPTSTK,TITAN,170.0,CE,0.0,0.0,0.0,50.8,51.9,0,0.0,0
2012-08-16,2012-09-27,OPTSTK,TITAN,180.0,CE,0.0,0.0,0.0,42.0,42.35,0,0.0,0
2012-08-16,2012-09-27,OPTSTK,TITAN,190.0,CE,0.0,0.0,0.0,33.8,33.35,0,0.0,0
2012-08-16,2012-09-27,OPTSTK,TITAN,200.0,CE,0.0,0.0,0.0,26.5,25.15,0,0.0,0
2012-08-16,2012-09-27,OPTSTK,TITAN,210.0,CE,0.0,0.0,0.0,20.2,18.05,0,0.0,0
2012-08-16,2012-09-27,OPTSTK,TITAN,220.0,CE,0.0,0.0,0.0,15.0,12.35,0,0.0,0
2012-08-16,2012-09-27,OPTSTK,TITAN,230.0,CE,6.0,6.0,4.6,4.75,4.75,15,35.27,8000
2012-08-16,2012-09-27,OPTSTK,TITAN,240.0,CE,2.25,2.3,2.0,2.0,2.0,8,19.36,11000
2012-08-16,2012-09-27,OPTSTK,TITAN,250.0,CE,0.0,0.0,0.0,5.25,2.95,0,0.0,0
2012-08-16,2012-09-27,OPTSTK,TITAN,260.0,CE,0.0,0.0,0.0,3.5,1.65,0,0.0,0
2012-08-16,2012-09-27,OPTSTK,TITAN,270.0,CE,0.0,0.0,0.0,2.3,0.9,0,0.0,0
2012-08-16,2012-09-27,OPTSTK,TITAN,280.0,CE,0.0,0.0,0.0,1.5,0.45,0,0.0,0
2012-08-16,2012-09-27,OPTSTK,TITAN,290.0,CE,0.0,0.0,0.0,0.95,0.25,0,0.0,0
2012-08-16,2012-09-27,OPTSTK,TITAN,300.0,CE,0.0,0.0,0.0,0.6,0.15,0,0.0,0
2012-08-16,2012-09-27,OPTSTK,TITAN,130.0,PE,0.0,0.0,0.0,0.05,0.0,0,0.0,0
2012-08-16,2012-09-27,OPTSTK,TITAN,140.0,PE,0.0,0.0,0.0,0.05,0.0,0,0.0,0
2012-08-16,2012-09-27,OPTSTK,TITAN,150.0,PE,0.0,0.0,0.0,0.1,0.05,0,0.0,0
2012-08-16,2012-09-27,OPTSTK,TITAN,160.0,PE,0.0,0.0,0.0,0.35,0.05,0,0.0,0
2012-08-16,2012-09-27,OPTSTK,TITAN,170.0,PE,0.0,0.0,0.0,0.8,0.2,0,0.0,0
2012-08-16,2012-09-27,OPTSTK,TITAN,180.0,PE,0.0,0.0,0.0,1.75,0.55,0,0.0,0
2012-08-16,2012-09-27,OPTSTK,TITAN,190.0,PE,0.0,0.0,0.0,3.35,1.4,0,0.0,0
2012-08-16,2012-09-27,OPTSTK,TITAN,200.0,PE,0.0,0.0,0.0,5.8,3.1,0,0.0,0
2012-08-16,2012-09-27,OPTSTK,TITAN,210.0,PE,0.0,0.0,0.0,9.25,5.95,0,0.0,0
2012-08-16,2012-09-27,OPTSTK,TITAN,220.0,PE,7.75,7.75,7.7,7.7,7.7,2,4.55,3000
2012-08-16,2012-09-27,OPTSTK,TITAN,230.0,PE,0.0,0.0,0.0,19.4,15.7,0,0.0,0
2012-08-16,2012-09-27,OPTSTK,TITAN,240.0,PE,0.0,0.0,0.0,26.0,22.55,0,0.0,0
2012-08-16,2012-09-27,OPTSTK,TITAN,250.0,PE,0.0,0.0,0.0,33.35,30.4,0,0.0,0
2012-08-16,2012-09-27,OPTSTK,TITAN,260.0,PE,0.0,0.0,0.0,41.4,39.0,0,0.0,0
2012-08-16,2012-09-27,OPTSTK,TITAN,270.0,PE,0.0,0.0,0.0,50.0,48.15,0,0.0,0
2012-08-16,2012-09-27,OPTSTK,TITAN,280.0,PE,0.0,0.0,0.0,58.95,57.65,0,0.0,0
2012-08-16,2012-09-27,OPTSTK,TITAN,290.0,PE,0.0,0.0,0.0,68.15,67.3,0,0.0,0
2012-08-16,2012-09-27,OPTSTK,TITAN,300.0,PE,0.0,0.0,0.0,77.55,77.1,0,0.0,0
2012-08-16,2012-10-25,OPTSTK,TITAN,130.0,CE,0.0,0.0,0.0,95.9,92.2,0,0.0,0
2012-08-16,2012-10-25,OPTSTK,TITAN,140.0,CE,0.0,0.0,0.0,86.15,82.4,0,0.0,0
2012-08-16,2012-10-25,OPTSTK,TITAN,150.0,CE,0.0,0.0,0.0,76.45,72.6,0,0.0,0
2012-08-16,2012-10-25,OPTSTK,TITAN,160.0,CE,0.0,0.0,0.0,66.85,62.95,0,0.0,0
2012-08-16,2012-10-25,OPTSTK,TITAN,170.0,CE,0.0,0.0,0.0,57.55,53.55,0,0.0,0
2012-08-16,2012-10-25,OPTSTK,TITAN,180.0,CE,0.0,0.0,0.0,48.6,44.5,0,0.0,0
2012-08-16,2012-10-25,OPTSTK,TITAN,190.0,CE,0.0,0.0,0.0,40.2,36.1,0,0.0,0
2012-08-16,2012-10-25,OPTSTK,TITAN,200.0,CE,0.0,0.0,0.0,32.55,28.5,0,0.0,0
2012-08-16,2012-10-25,OPTSTK,TITAN,210.0,CE,0.0,0.0,0.0,25.8,21.9,0,0.0,0
2012-08-16,2012-10-25,OPTSTK,TITAN,220.0,CE,0.0,0.0,0.0,20.0,16.35,0,0.0,0
2012-08-16,2012-10-25,OPTSTK,TITAN,230.0,CE,0.0,0.0,0.0,15.15,11.85,0,0.0,0
2012-08-16,2012-10-25,OPTSTK,TITAN,240.0,CE,0.0,0.0,0.0,11.25,8.4,0,0.0,0
2012-08-16,2012-10-25,OPTSTK,TITAN,250.0,CE,0.0,0.0,0.0,8.2,5.8,0,0.0,0
2012-08-16,2012-10-25,OPTSTK,TITAN,260.0,CE,0.0,0.0,0.0,5.85,3.9,0,0.0,0
2012-08-16,2012-10-25,OPTSTK,TITAN,270.0,CE,0.0,0.0,0.0,4.1,2.6,0,0.0,0
2012-08-16,2012-10-25,OPTSTK,TITAN,280.0,CE,0.0,0.0,0.0,2.85,1.65,0,0.0,0
2012-08-16,2012-10-25,OPTSTK,TITAN,290.0,CE,0.0,0.0,0.0,1.95,1.05,0,0.0,0
2012-08-16,2012-10-25,OPTSTK,TITAN,300.0,CE,0.0,0.0,0.0,1.3,0.65,0,0.0,0
2012-08-16,2012-10-25,OPTSTK,TITAN,130.0,PE,0.0,0.0,0.0,0.05,0.0,0,0.0,0
2012-08-16,2012-10-25,OPTSTK,TITAN,140.0,PE,0.0,0.0,0.0,0.05,0.05,0,0.0,0
2012-08-16,2012-10-25,OPTSTK,TITAN,150.0,PE,0.0,0.0,0.0,0.15,0.1,0,0.0,0
2012-08-16,2012-10-25,OPTSTK,TITAN,160.0,PE,0.0,0.0,0.0,0.35,0.25,0,0.0,0
2012-08-16,2012-10-25,OPTSTK,TITAN,170.0,PE,0.0,0.0,0.0,0.75,0.65,0,0.0,0
2012-08-16,2012-10-25,OPTSTK,TITAN,180.0,PE,0.0,0.0,0.0,1.6,1.45,0,0.0,0
2012-08-16,2012-10-25,OPTSTK,TITAN,190.0,PE,0.0,0.0,0.0,3.0,2.85,0,0.0,0
2012-08-16,2012-10-25,OPTSTK,TITAN,200.0,PE,0.0,0.0,0.0,5.15,5.1,0,0.0,0
2012-08-16,2012-10-25,OPTSTK,TITAN,210.0,PE,0.0,0.0,0.0,8.1,8.3,0,0.0,0
2012-08-16,2012-10-25,OPTSTK,TITAN,220.0,PE,0.0,0.0,0.0,12.1,12.6,0,0.0,0
2012-08-16,2012-10-25,OPTSTK,TITAN,230.0,PE,0.0,0.0,0.0,17.05,17.95,0,0.0,0
2012-08-16,2012-10-25,OPTSTK,TITAN,240.0,PE,0.0,0.0,0.0,22.9,24.35,0,0.0,0
2012-08-16,2012-10-25,OPTSTK,TITAN,250.0,PE,0.0,0.0,0.0,29.6,31.55,0,0.0,0
2012-08-16,2012-10-25,OPTSTK,TITAN,260.0,PE,0.0,0.0,0.0,37.05,39.5,0,0.0,0
2012-08-16,2012-10-25,OPTSTK,TITAN,270.0,PE,0.0,0.0,0.0,45.1,48.0,0,0.0,0
2012-08-16,2012-10-25,OPTSTK,TITAN,280.0,PE,0.0,0.0,0.0,53.6,56.9,0,0.0,0
2012-08-16,2012-10-25,OPTSTK,TITAN,290.0,PE,0.0,0.0,0.0,62.45,66.15,0,0.0,0
2012-08-16,2012-10-25,OPTSTK,TITAN,300.0,PE,0.0,0.0,0.0,71.6,75.55,0,0.0,0
2012-08-16,2012-08-30,OPTSTK,TTKPRESTIG,2200.0,CE,0.0,0.0,0.0,726.8,1457.8,0,0.0,0
2012-08-16,2012-08-30,OPTSTK,TTKPRESTIG,2250.0,CE,0.0,0.0,0.0,690.5,1408.0,0,0.0,0
2012-08-16,2012-08-30,OPTSTK,TTKPRESTIG,2300.0,CE,0.0,0.0,0.0,655.25,1358.15,0,0.0,0
2012-08-16,2012-08-30,OPTSTK,TTKPRESTIG,2350.0,CE,0.0,0.0,0.0,621.15,1308.35,0,0.0,0
2012-08-16,2012-08-30,OPTSTK,TTKPRESTIG,2400.0,CE,0.0,0.0,0.0,588.3,1258.5,0,0.0,0
2012-08-16,2012-08-30,OPTSTK,TTKPRESTIG,2450.0,CE,0.0,0.0,0.0,556.5,1208.65,0,0.0,0
2012-08-16,2012-08-30,OPTSTK,TTKPRESTIG,2500.0,CE,0.0,0.0,0.0,526.05,1158.85,0,0.0,0
2012-08-16,2012-08-30,OPTSTK,TTKPRESTIG,2550.0,CE,0.0,0.0,0.0,496.85,1109.0,0,0.0,0
2012-08-16,2012-08-30,OPTSTK,TTKPRESTIG,2600.0,CE,0.0,0.0,0.0,468.8,1059.15,0,0.0,0
2012-08-16,2012-08-30,OPTSTK,TTKPRESTIG,2650.0,CE,0.0,0.0,0.0,442.0,1009.35,0,0.0,0
2012-08-16,2012-08-30,OPTSTK,TTKPRESTIG,2700.0,CE,0.0,0.0,0.0,416.35,959.5,0,0.0,0
2012-08-16,2012-08-30,OPTSTK,TTKPRESTIG,2750.0,CE,0.0,0.0,0.0,391.9,909.7,0,0.0,0
2012-08-16,2012-08-30,OPTSTK,TTKPRESTIG,2800.0,CE,0.0,0.0,0.0,368.6,859.95,0,0.0,0
2012-08-16,2012-08-30,OPTSTK,TTKPRESTIG,2850.0,CE,0.0,0.0,0.0,346.4,810.2,0,0.0,0
2012-08-16,2012-08-30,OPTSTK,TTKPRESTIG,2900.0,CE,0.0,0.0,0.0,325.3,760.55,0,0.0,0
2012-08-16,2012-08-30,OPTSTK,TTKPRESTIG,2950.0,CE,0.0,0.0,0.0,305.25,711.05,0,0.0,0
2012-08-16,2012-08-30,OPTSTK,TTKPRESTIG,3000.0,CE,0.0,0.0,0.0,286.3,661.8,0,0.0,0
2012-08-16,2012-08-30,OPTSTK,TTKPRESTIG,3050.0,CE,0.0,0.0,0.0,268.3,612.85,0,0.0,0
2012-08-16,2012-08-30,OPTSTK,TTKPRESTIG,3100.0,CE,0.0,0.0,0.0,251.3,564.4,0,0.0,0
2012-08-16,2012-08-30,OPTSTK,TTKPRESTIG,3150.0,CE,0.0,0.0,0.0,235.2,516.65,0,0.0,0
2012-08-16,2012-08-30,OPTSTK,TTKPRESTIG,3200.0,CE,0.0,0.0,0.0,220.0,469.8,0,0.0,0
2012-08-16,2012-08-30,OPTSTK,TTKPRESTIG,3250.0,CE,0.0,0.0,0.0,205.7,424.1,0,0.0,0
2012-08-16,2012-08-30,OPTSTK,TTKPRESTIG,3300.0,CE,0.0,0.0,0.0,192.2,379.95,0,0.0,0
2012-08-16,2012-08-30,OPTSTK,TTKPRESTIG,3350.0,CE,0.0,0.0,0.0,179.65,337.55,0,0.0,0
2012-08-16,2012-08-30,OPTSTK,TTKPRESTIG,3400.0,CE,0.0,0.0,0.0,167.7,297.25,0,0.0,0
2012-08-16,2012-08-30,OPTSTK,TTKPRESTIG,3450.0,CE,0.0,0.0,0.0,156.5,259.45,0,0.0,0
2012-08-16,2012-08-30,OPTSTK,TTKPRESTIG,3500.0,CE,0.0,0.0,0.0,146.0,224.05,0,0.0,0
2012-08-16,2012-08-30,OPTSTK,TTKPRESTIG,3550.0,CE,0.0,0.0,0.0,136.15,191.65,0,0.0,0
2012-08-16,2012-08-30,OPTSTK,TTKPRESTIG,3600.0,CE,0.0,0.0,0.0,126.9,162.25,0,0.0,0
2012-08-16,2012-08-30,OPTSTK,TTKPRESTIG,3650.0,CE,0.0,0.0,0.0,118.2,135.9,0,0.0,0
2012-08-16,2012-08-30,OPTSTK,TTKPRESTIG,3700.0,CE,0.0,0.0,0.0,110.0,112.6,0,0.0,0
2012-08-16,2012-08-30,OPTSTK,TTKPRESTIG,3750.0,CE,0.0,0.0,0.0,102.35,92.3,0,0.0,0
2012-08-16,2012-08-30,OPTSTK,TTKPRESTIG,3800.0,CE,0.0,0.0,0.0,95.25,74.8,0,0.0,0
2012-08-16,2012-08-30,OPTSTK,TTKPRESTIG,3850.0,CE,0.0,0.0,0.0,116.3,59.95,0,0.0,0
2012-08-16,2012-08-30,OPTSTK,TTKPRESTIG,3900.0,CE,0.0,0.0,0.0,108.4,47.75,0,0.0,0
2012-08-16,2012-08-30,OPTSTK,TTKPRESTIG,3950.0,CE,0.0,0.0,0.0,100.95,37.35,0,0.0,0
2012-08-16,2012-08-30,OPTSTK,TTKPRESTIG,4000.0,CE,0.0,0.0,0.0,40.0,29.0,0,0.0,125
2012-08-16,2012-08-30,OPTSTK,TTKPRESTIG,4050.0,CE,0.0,0.0,0.0,88.15,22.25,0,0.0,0
2012-08-16,2012-08-30,OPTSTK,TTKPRESTIG,4100.0,CE,0.0,0.0,0.0,29.8,16.9,0,0.0,0
2012-08-16,2012-08-30,OPTSTK,TTKPRESTIG,4150.0,CE,0.0,0.0,0.0,15.75,12.7,0,0.0,0
2012-08-16,2012-08-30,OPTSTK,TTKPRESTIG,4200.0,CE,0.0,0.0,0.0,38.25,9.45,0,0.0,0
2012-08-16,2012-08-30,OPTSTK,TTKPRESTIG,4250.0,CE,0.0,0.0,0.0,33.65,6.95,0,0.0,0
2012-08-16,2012-08-30,OPTSTK,TTKPRESTIG,4300.0,CE,0.0,0.0,0.0,29.6,5.05,0,0.0,0
2012-08-16,2012-08-30,OPTSTK,TTKPRESTIG,4350.0,CE,0.0,0.0,0.0,31.45,3.65,0,0.0,0
2012-08-16,2012-08-30,OPTSTK,TTKPRESTIG,4400.0,CE,0.0,0.0,0.0,27.6,2.6,0,0.0,0
2012-08-16,2012-08-30,OPTSTK,TTKPRESTIG,2200.0,PE,0.0,0.0,0.0,82.3,0.0,0,0.0,0
2012-08-16,2012-08-30,OPTSTK,TTKPRESTIG,2250.0,PE,0.0,0.0,0.0,94.8,0.0,0,0.0,0
2012-08-16,2012-08-30,OPTSTK,TTKPRESTIG,2300.0,PE,0.0,0.0,0.0,108.35,0.0,0,0.0,0
2012-08-16,2012-08-30,OPTSTK,TTKPRESTIG,2350.0,PE,0.0,0.0,0.0,123.05,0.0,0,0.0,0
2012-08-16,2012-08-30,OPTSTK,TTKPRESTIG,2400.0,PE,0.0,0.0,0.0,138.95,0.0,0,0.0,0
2012-08-16,2012-08-30,OPTSTK,TTKPRESTIG,2450.0,PE,0.0,0.0,0.0,156.0,0.0,0,0.0,0
2012-08-16,2012-08-30,OPTSTK,TTKPRESTIG,2500.0,PE,0.0,0.0,0.0,174.35,0.0,0,0.0,0
2012-08-16,2012-08-30,OPTSTK,TTKPRESTIG,2550.0,PE,0.0,0.0,0.0,193.9,0.0,0,0.0,0
2012-08-16,2012-08-30,OPTSTK,TTKPRESTIG,2600.0,PE,0.0,0.0,0.0,214.7,0.0,0,0.0,0
2012-08-16,2012-08-30,OPTSTK,TTKPRESTIG,2650.0,PE,0.0,0.0,0.0,236.65,0.05,0,0.0,0
2012-08-16,2012-08-30,OPTSTK,TTKPRESTIG,2700.0,PE,0.0,0.0,0.0,259.85,0.05,0,0.0,0
2012-08-16,2012-08-30,OPTSTK,TTKPRESTIG,2750.0,PE,0.0,0.0,0.0,284.15,0.05,0,0.0,0
2012-08-16,2012-08-30,OPTSTK,TTKPRESTIG,2800.0,PE,0.0,0.0,0.0,309.65,0.1,0,0.0,0
2012-08-16,2012-08-30,OPTSTK,TTKPRESTIG,2850.0,PE,0.0,0.0,0.0,336.25,0.25,0,0.0,0
2012-08-16,2012-08-30,OPTSTK,TTKPRESTIG,2900.0,PE,0.0,0.0,0.0,363.95,0.4,0,0.0,0
2012-08-16,2012-08-30,OPTSTK,TTKPRESTIG,2950.0,PE,0.0,0.0,0.0,392.7,0.75,0,0.0,0
2012-08-16,2012-08-30,OPTSTK,TTKPRESTIG,3000.0,PE,0.0,0.0,0.0,422.5,1.3,0,0.0,0
2012-08-16,2012-08-30,OPTSTK,TTKPRESTIG,3050.0,PE,0.0,0.0,0.0,453.35,2.2,0,0.0,0
2012-08-16,2012-08-30,OPTSTK,TTKPRESTIG,3100.0,PE,0.0,0.0,0.0,485.1,3.6,0,0.0,0
2012-08-16,2012-08-30,OPTSTK,TTKPRESTIG,3150.0,PE,0.0,0.0,0.0,517.8,5.65,0,0.0,0
2012-08-16,2012-08-30,OPTSTK,TTKPRESTIG,3200.0,PE,0.0,0.0,0.0,551.45,8.65,0,0.0,0
2012-08-16,2012-08-30,OPTSTK,TTKPRESTIG,3250.0,PE,0.0,0.0,0.0,585.9,12.8,0,0.0,0
2012-08-16,2012-08-30,OPTSTK,TTKPRESTIG,3300.0,PE,0.0,0.0,0.0,621.2,18.45,0,0.0,0
2012-08-16,2012-08-30,OPTSTK,TTKPRESTIG,3350.0,PE,0.0,0.0,0.0,657.45,25.9,0,0.0,0
2012-08-16,2012-08-30,OPTSTK,TTKPRESTIG,3400.0,PE,0.0,0.0,0.0,694.3,35.45,0,0.0,0
2012-08-16,2012-08-30,OPTSTK,TTKPRESTIG,3450.0,PE,0.0,0.0,0.0,731.9,47.5,0,0.0,0
2012-08-16,2012-08-30,OPTSTK,TTKPRESTIG,3500.0,PE,0.0,0.0,0.0,770.2,61.9,0,0.0,0
2012-08-16,2012-08-30,OPTSTK,TTKPRESTIG,3550.0,PE,0.0,0.0,0.0,809.1,79.3,0,0.0,0
2012-08-16,2012-08-30,OPTSTK,TTKPRESTIG,3600.0,PE,0.0,0.0,0.0,848.65,99.75,0,0.0,0
2012-08-16,2012-08-30,OPTSTK,TTKPRESTIG,3650.0,PE,0.0,0.0,0.0,888.8,123.25,0,0.0,0
2012-08-16,2012-08-30,OPTSTK,TTKPRESTIG,3700.0,PE,0.0,0.0,0.0,929.35,149.8,0,0.0,0
2012-08-16,2012-08-30,OPTSTK,TTKPRESTIG,3750.0,PE,0.0,0.0,0.0,970.55,179.3,0,0.0,0
2012-08-16,2012-08-30,OPTSTK,TTKPRESTIG,3800.0,PE,0.0,0.0,0.0,1012.2,211.65,0,0.0,0
2012-08-16,2012-08-30,OPTSTK,TTKPRESTIG,3850.0,PE,0.0,0.0,0.0,931.5,246.65,0,0.0,0
2012-08-16,2012-08-30,OPTSTK,TTKPRESTIG,3900.0,PE,0.0,0.0,0.0,972.5,284.25,0,0.0,0
2012-08-16,2012-08-30,OPTSTK,TTKPRESTIG,3950.0,PE,0.0,0.0,0.0,1014.0,323.7,0,0.0,0
2012-08-16,2012-08-30,OPTSTK,TTKPRESTIG,4000.0,PE,0.0,0.0,0.0,996.65,365.15,0,0.0,0
2012-08-16,2012-08-30,OPTSTK,TTKPRESTIG,4050.0,PE,0.0,0.0,0.0,1014.15,408.25,0,0.0,0
2012-08-16,2012-08-30,OPTSTK,TTKPRESTIG,4100.0,PE,0.0,0.0,0.0,977.1,452.75,0,0.0,0
2012-08-16,2012-08-30,OPTSTK,TTKPRESTIG,4150.0,PE,0.0,0.0,0.0,945.1,498.35,0,0.0,0
2012-08-16,2012-08-30,OPTSTK,TTKPRESTIG,4200.0,PE,0.0,0.0,0.0,859.6,544.95,0,0.0,0
2012-08-16,2012-08-30,OPTSTK,TTKPRESTIG,4250.0,PE,0.0,0.0,0.0,904.3,592.3,0,0.0,0
2012-08-16,2012-08-30,OPTSTK,TTKPRESTIG,4300.0,PE,0.0,0.0,0.0,949.5,640.25,0,0.0,0
2012-08-16,2012-08-30,OPTSTK,TTKPRESTIG,4350.0,PE,0.0,0.0,0.0,931.75,688.65,0,0.0,0
2012-08-16,2012-08-30,OPTSTK,TTKPRESTIG,4400.0,PE,0.0,0.0,0.0,977.2,737.45,0,0.0,0
2012-08-16,2012-09-27,OPTSTK,TTKPRESTIG,2200.0,CE,0.0,0.0,0.0,923.45,1473.25,0,0.0,0
2012-08-16,2012-09-27,OPTSTK,TTKPRESTIG,2250.0,CE,0.0,0.0,0.0,877.6,1423.8,0,0.0,0
2012-08-16,2012-09-27,OPTSTK,TTKPRESTIG,2300.0,CE,0.0,0.0,0.0,832.5,1374.4,0,0.0,0
2012-08-16,2012-09-27,OPTSTK,TTKPRESTIG,2350.0,CE,0.0,0.0,0.0,788.15,1325.0,0,0.0,0
2012-08-16,2012-09-27,OPTSTK,TTKPRESTIG,2400.0,CE,0.0,0.0,0.0,744.7,1275.65,0,0.0,0
2012-08-16,2012-09-27,OPTSTK,TTKPRESTIG,2450.0,CE,0.0,0.0,0.0,702.2,1226.35,0,0.0,0
2012-08-16,2012-09-27,OPTSTK,TTKPRESTIG,2500.0,CE,0.0,0.0,0.0,660.75,1177.2,0,0.0,0
2012-08-16,2012-09-27,OPTSTK,TTKPRESTIG,2550.0,CE,0.0,0.0,0.0,620.45,1128.15,0,0.0,0
2012-08-16,2012-09-27,OPTSTK,TTKPRESTIG,2600.0,CE,0.0,0.0,0.0,581.4,1079.25,0,0.0,0
2012-08-16,2012-09-27,OPTSTK,TTKPRESTIG,2650.0,CE,0.0,0.0,0.0,543.7,1030.6,0,0.0,0
2012-08-16,2012-09-27,OPTSTK,TTKPRESTIG,2700.0,CE,0.0,0.0,0.0,507.4,982.25,0,0.0,0
2012-08-16,2012-09-27,OPTSTK,TTKPRESTIG,2750.0,CE,0.0,0.0,0.0,472.45,934.25,0,0.0,0
2012-08-16,2012-09-27,OPTSTK,TTKPRESTIG,2800.0,CE,0.0,0.0,0.0,438.8,886.7,0,0.0,0
2012-08-16,2012-09-27,OPTSTK,TTKPRESTIG,2850.0,CE,0.0,0.0,0.0,406.9,839.65,0,0.0,0
2012-08-16,2012-09-27,OPTSTK,TTKPRESTIG,2900.0,CE,0.0,0.0,0.0,376.5,793.25,0,0.0,0
2012-08-16,2012-09-27,OPTSTK,TTKPRESTIG,2950.0,CE,0.0,0.0,0.0,347.65,747.6,0,0.0,0
2012-08-16,2012-09-27,OPTSTK,TTKPRESTIG,3000.0,CE,0.0,0.0,0.0,320.35,702.8,0,0.0,0
2012-08-16,2012-09-27,OPTSTK,TTKPRESTIG,3050.0,CE,0.0,0.0,0.0,294.6,658.9,0,0.0,0
2012-08-16,2012-09-27,OPTSTK,TTKPRESTIG,3100.0,CE,0.0,0.0,0.0,270.4,616.15,0,0.0,0
2012-08-16,2012-09-27,OPTSTK,TTKPRESTIG,3150.0,CE,0.0,0.0,0.0,247.7,574.55,0,0.0,0
2012-08-16,2012-09-27,OPTSTK,TTKPRESTIG,3200.0,CE,0.0,0.0,0.0,226.45,534.25,0,0.0,0
2012-08-16,2012-09-27,OPTSTK,TTKPRESTIG,3250.0,CE,0.0,0.0,0.0,206.65,495.35,0,0.0,0
2012-08-16,2012-09-27,OPTSTK,TTKPRESTIG,3300.0,CE,0.0,0.0,0.0,188.25,458.05,0,0.0,0
2012-08-16,2012-09-27,OPTSTK,TTKPRESTIG,3350.0,CE,0.0,0.0,0.0,171.15,422.15,0,0.0,0
2012-08-16,2012-09-27,OPTSTK,TTKPRESTIG,3400.0,CE,0.0,0.0,0.0,155.35,387.8,0,0.0,0
2012-08-16,2012-09-27,OPTSTK,TTKPRESTIG,3450.0,CE,0.0,0.0,0.0,140.75,355.3,0,0.0,0
2012-08-16,2012-09-27,OPTSTK,TTKPRESTIG,3500.0,CE,0.0,0.0,0.0,127.35,324.55,0,0.0,0
2012-08-16,2012-09-27,OPTSTK,TTKPRESTIG,3550.0,CE,0.0,0.0,0.0,115.15,295.55,0,0.0,0
2012-08-16,2012-09-27,OPTSTK,TTKPRESTIG,3600.0,CE,0.0,0.0,0.0,103.9,268.35,0,0.0,0
2012-08-16,2012-09-27,OPTSTK,TTKPRESTIG,3650.0,CE,0.0,0.0,0.0,93.6,242.9,0,0.0,0
2012-08-16,2012-09-27,OPTSTK,TTKPRESTIG,3700.0,CE,0.0,0.0,0.0,84.05,219.2,0,0.0,0
2012-08-16,2012-09-27,OPTSTK,TTKPRESTIG,3750.0,CE,0.0,0.0,0.0,75.45,197.25,0,0.0,0
2012-08-16,2012-09-27,OPTSTK,TTKPRESTIG,3800.0,CE,0.0,0.0,0.0,67.65,176.95,0,0.0,0
2012-08-16,2012-09-27,OPTSTK,TTKPRESTIG,3850.0,CE,0.0,0.0,0.0,60.55,158.25,0,0.0,0
2012-08-16,2012-09-27,OPTSTK,TTKPRESTIG,3900.0,CE,0.0,0.0,0.0,54.15,141.15,0,0.0,0
2012-08-16,2012-09-27,OPTSTK,TTKPRESTIG,3950.0,CE,0.0,0.0,0.0,48.35,125.55,0,0.0,0
2012-08-16,2012-09-27,OPTSTK,TTKPRESTIG,4000.0,CE,0.0,0.0,0.0,43.1,111.3,0,0.0,0
2012-08-16,2012-09-27,OPTSTK,TTKPRESTIG,4050.0,CE,0.0,0.0,0.0,38.4,98.6,0,0.0,0
2012-08-16,2012-09-27,OPTSTK,TTKPRESTIG,4100.0,CE,0.0,0.0,0.0,42.1,87.05,0,0.0,0
2012-08-16,2012-09-27,OPTSTK,TTKPRESTIG,4150.0,CE,0.0,0.0,0.0,37.45,76.5,0,0.0,0
2012-08-16,2012-09-27,OPTSTK,TTKPRESTIG,4200.0,CE,0.0,0.0,0.0,75.15,67.1,0,0.0,0
2012-08-16,2012-09-27,OPTSTK,TTKPRESTIG,4250.0,CE,0.0,0.0,0.0,68.4,58.75,0,0.0,0
2012-08-16,2012-09-27,OPTSTK,TTKPRESTIG,4300.0,CE,0.0,0.0,0.0,62.25,51.25,0,0.0,0
2012-08-16,2012-09-27,OPTSTK,TTKPRESTIG,4350.0,CE,0.0,0.0,0.0,65.7,44.65,0,0.0,0
2012-08-16,2012-09-27,OPTSTK,TTKPRESTIG,4400.0,CE,0.0,0.0,0.0,59.8,38.8,0,0.0,0
2012-08-16,2012-09-27,OPTSTK,TTKPRESTIG,2200.0,PE,0.0,0.0,0.0,9.8,0.05,0,0.0,0
2012-08-16,2012-09-27,OPTSTK,TTKPRESTIG,2250.0,PE,0.0,0.0,0.0,12.85,0.1,0,0.0,0
2012-08-16,2012-09-27,OPTSTK,TTKPRESTIG,2300.0,PE,0.0,0.0,0.0,16.55,0.15,0,0.0,0
2012-08-16,2012-09-27,OPTSTK,TTKPRESTIG,2350.0,PE,0.0,0.0,0.0,21.05,0.25,0,0.0,0
2012-08-16,2012-09-27,OPTSTK,TTKPRESTIG,2400.0,PE,0.0,0.0,0.0,26.4,0.4,0,0.0,0
2012-08-16,2012-09-27,OPTSTK,TTKPRESTIG,2450.0,PE,0.0,0.0,0.0,32.75,0.6,0,0.0,0
2012-08-16,2012-09-27,OPTSTK,TTKPRESTIG,2500.0,PE,0.0,0.0,0.0,40.15,0.9,0,0.0,0
2012-08-16,2012-09-27,OPTSTK,TTKPRESTIG,2550.0,PE,0.0,0.0,0.0,48.7,1.3,0,0.0,0
2012-08-16,2012-09-27,OPTSTK,TTKPRESTIG,2600.0,PE,0.0,0.0,0.0,58.5,1.95,0,0.0,0
2012-08-16,2012-09-27,OPTSTK,TTKPRESTIG,2650.0,PE,0.0,0.0,0.0,69.6,2.75,0,0.0,0
2012-08-16,2012-09-27,OPTSTK,TTKPRESTIG,2700.0,PE,0.0,0.0,0.0,82.15,3.9,0,0.0,0
2012-08-16,2012-09-27,OPTSTK,TTKPRESTIG,2750.0,PE,0.0,0.0,0.0,96.0,5.35,0,0.0,0
2012-08-16,2012-09-27,OPTSTK,TTKPRESTIG,2800.0,PE,0.0,0.0,0.0,111.25,7.3,0,0.0,0
2012-08-16,2012-09-27,OPTSTK,TTKPRESTIG,2850.0,PE,0.0,0.0,0.0,128.15,9.75,0,0.0,0
2012-08-16,2012-09-27,OPTSTK,TTKPRESTIG,2900.0,PE,0.0,0.0,0.0,146.6,12.8,0,0.0,0
2012-08-16,2012-09-27,OPTSTK,TTKPRESTIG,2950.0,PE,0.0,0.0,0.0,166.6,16.65,0,0.0,0
2012-08-16,2012-09-27,OPTSTK,TTKPRESTIG,3000.0,PE,0.0,0.0,0.0,188.15,21.3,0,0.0,0
2012-08-16,2012-09-27,OPTSTK,TTKPRESTIG,3050.0,PE,0.0,0.0,0.0,211.25,26.95,0,0.0,0
2012-08-16,2012-09-27,OPTSTK,TTKPRESTIG,3100.0,PE,0.0,0.0,0.0,235.85,33.65,0,0.0,0
2012-08-16,2012-09-27,OPTSTK,TTKPRESTIG,3150.0,PE,0.0,0.0,0.0,262.0,41.55,0,0.0,0
2012-08-16,2012-09-27,OPTSTK,TTKPRESTIG,3200.0,PE,0.0,0.0,0.0,289.6,50.75,0,0.0,0
2012-08-16,2012-09-27,OPTSTK,TTKPRESTIG,3250.0,PE,0.0,0.0,0.0,318.6,61.3,0,0.0,0
2012-08-16,2012-09-27,OPTSTK,TTKPRESTIG,3300.0,PE,0.0,0.0,0.0,349.05,73.5,0,0.0,0
2012-08-16,2012-09-27,OPTSTK,TTKPRESTIG,3350.0,PE,0.0,0.0,0.0,380.8,87.1,0,0.0,0
2012-08-16,2012-09-27,OPTSTK,TTKPRESTIG,3400.0,PE,0.0,0.0,0.0,413.85,102.2,0,0.0,0
2012-08-16,2012-09-27,OPTSTK,TTKPRESTIG,3450.0,PE,0.0,0.0,0.0,448.05,119.2,0,0.0,0
2012-08-16,2012-09-27,OPTSTK,TTKPRESTIG,3500.0,PE,0.0,0.0,0.0,483.5,137.95,0,0.0,0
2012-08-16,2012-09-27,OPTSTK,TTKPRESTIG,3550.0,PE,0.0,0.0,0.0,520.15,158.4,0,0.0,0
2012-08-16,2012-09-27,OPTSTK,TTKPRESTIG,3600.0,PE,0.0,0.0,0.0,557.7,180.7,0,0.0,0
2012-08-16,2012-09-27,OPTSTK,TTKPRESTIG,3650.0,PE,0.0,0.0,0.0,596.25,204.7,0,0.0,0
2012-08-16,2012-09-27,OPTSTK,TTKPRESTIG,3700.0,PE,0.0,0.0,0.0,635.55,230.5,0,0.0,0
2012-08-16,2012-09-27,OPTSTK,TTKPRESTIG,3750.0,PE,0.0,0.0,0.0,675.8,258.0,0,0.0,0
2012-08-16,2012-09-27,OPTSTK,TTKPRESTIG,3800.0,PE,0.0,0.0,0.0,716.8,287.2,0,0.0,0
2012-08-16,2012-09-27,OPTSTK,TTKPRESTIG,3850.0,PE,0.0,0.0,0.0,758.55,318.0,0,0.0,0
2012-08-16,2012-09-27,OPTSTK,TTKPRESTIG,3900.0,PE,0.0,0.0,0.0,801.0,350.4,0,0.0,0
2012-08-16,2012-09-27,OPTSTK,TTKPRESTIG,3950.0,PE,0.0,0.0,0.0,844.05,384.25,0,0.0,0
2012-08-16,2012-09-27,OPTSTK,TTKPRESTIG,4000.0,PE,0.0,0.0,0.0,887.65,419.5,0,0.0,0
2012-08-16,2012-09-27,OPTSTK,TTKPRESTIG,4050.0,PE,0.0,0.0,0.0,931.75,456.3,0,0.0,0
2012-08-16,2012-09-27,OPTSTK,TTKPRESTIG,4100.0,PE,0.0,0.0,0.0,893.15,494.2,0,0.0,0
2012-08-16,2012-09-27,OPTSTK,TTKPRESTIG,4150.0,PE,0.0,0.0,0.0,937.4,533.15,0,0.0,0
2012-08-16,2012-09-27,OPTSTK,TTKPRESTIG,4200.0,PE,0.0,0.0,0.0,866.7,573.25,0,0.0,0
2012-08-16,2012-09-27,OPTSTK,TTKPRESTIG,4250.0,PE,0.0,0.0,0.0,908.85,614.35,0,0.0,0
2012-08-16,2012-09-27,OPTSTK,TTKPRESTIG,4300.0,PE,0.0,0.0,0.0,951.6,656.4,0,0.0,0
2012-08-16,2012-09-27,OPTSTK,TTKPRESTIG,4350.0,PE,0.0,0.0,0.0,935.2,699.25,0,0.0,0
2012-08-16,2012-09-27,OPTSTK,TTKPRESTIG,4400.0,PE,0.0,0.0,0.0,978.15,742.85,0,0.0,0
2012-08-16,2012-08-30,OPTSTK,TTML,2.5,CE,0.0,0.0,0.0,10.5,9.8,0,0.0,0
2012-08-16,2012-08-30,OPTSTK,TTML,5.0,CE,0.0,0.0,0.0,8.05,7.3,0,0.0,0
2012-08-16,2012-08-30,OPTSTK,TTML,7.5,CE,0.0,0.0,0.0,5.6,4.8,0,0.0,0
2012-08-16,2012-08-30,OPTSTK,TTML,10.0,CE,0.0,0.0,0.0,3.2,2.3,0,0.0,0
2012-08-16,2012-08-30,OPTSTK,TTML,12.5,CE,0.25,0.25,0.25,0.25,0.25,1,1.78,182000
2012-08-16,2012-08-30,OPTSTK,TTML,15.0,CE,0.0,0.0,0.0,0.05,0.0,0,0.0,1106000
2012-08-16,2012-08-30,OPTSTK,TTML,17.5,CE,0.0,0.0,0.0,0.05,0.0,0,0.0,126000
2012-08-16,2012-08-30,OPTSTK,TTML,20.0,CE,0.0,0.0,0.0,0.05,0.0,0,0.0,0
2012-08-16,2012-08-30,OPTSTK,TTML,22.5,CE,0.0,0.0,0.0,0.05,0.0,0,0.0,0
2012-08-16,2012-08-30,OPTSTK,TTML,25.0,CE,0.0,0.0,0.0,0.05,0.0,0,0.0,0
2012-08-16,2012-08-30,OPTSTK,TTML,27.5,CE,0.0,0.0,0.0,0.05,0.0,0,0.0,0
2012-08-16,2012-08-30,OPTSTK,TTML,30.0,CE,0.0,0.0,0.0,0.1,0.0,0,0.0,0
2012-08-16,2012-08-30,OPTSTK,TTML,32.5,CE,0.0,0.0,0.0,0.05,0.0,0,0.0,378000
2012-08-16,2012-08-30,OPTSTK,TTML,35.0,CE,0.0,0.0,0.0,0.05,0.0,0,0.0,280000
2012-08-16,2012-08-30,OPTSTK,TTML,37.5,CE,0.0,0.0,0.0,0.05,0.0,0,0.0,0
2012-08-16,2012-08-30,OPTSTK,TTML,2.5,PE,0.0,0.0,0.0,0.05,0.0,0,0.0,0
2012-08-16,2012-08-30,OPTSTK,TTML,5.0,PE,0.0,0.0,0.0,0.05,0.0,0,0.0,0
2012-08-16,2012-08-30,OPTSTK,TTML,7.5,PE,0.0,0.0,0.0,0.05,0.0,0,0.0,0
2012-08-16,2012-08-30,OPTSTK,TTML,10.0,PE,0.0,0.0,0.0,0.05,0.0,0,0.0,56000
2012-08-16,2012-08-30,OPTSTK,TTML,12.5,PE,0.4,0.4,0.4,0.4,0.4,1,1.8,182000
2012-08-16,2012-08-30,OPTSTK,TTML,15.0,PE,0.0,0.0,0.0,2.0,2.7,0,0.0,70000
2012-08-16,2012-08-30,OPTSTK,TTML,17.5,PE,0.0,0.0,0.0,4.25,5.2,0,0.0,0
2012-08-16,2012-08-30,OPTSTK,TTML,20.0,PE,0.0,0.0,0.0,6.65,7.7,0,0.0,0
2012-08-16,2012-08-30,OPTSTK,TTML,22.5,PE,0.0,0.0,0.0,9.1,10.2,0,0.0,0
2012-08-16,2012-08-30,OPTSTK,TTML,25.0,PE,0.0,0.0,0.0,11.5,12.7,0,0.0,0
2012-08-16,2012-08-30,OPTSTK,TTML,27.5,PE,0.0,0.0,0.0,13.95,15.2,0,0.0,0
2012-08-16,2012-08-30,OPTSTK,TTML,30.0,PE,0.0,0.0,0.0,16.4,17.65,0,0.0,0
2012-08-16,2012-08-30,OPTSTK,TTML,32.5,PE,0.0,0.0,0.0,18.85,20.15,0,0.0,0
2012-08-16,2012-08-30,OPTSTK,TTML,35.0,PE,0.0,0.0,0.0,21.3,22.65,0,0.0,0
2012-08-16,2012-08-30,OPTSTK,TTML,37.5,PE,0.0,0.0,0.0,23.7,25.15,0,0.0,0
2012-08-16,2012-09-27,OPTSTK,TTML,2.5,CE,0.0,0.0,0.0,11.5,9.8,0,0.0,0
2012-08-16,2012-09-27,OPTSTK,TTML,5.0,CE,0.0,0.0,0.0,9.05,7.3,0,0.0,0
2012-08-16,2012-09-27,OPTSTK,TTML,7.5,CE,0.0,0.0,0.0,6.6,4.85,0,0.0,0
2012-08-16,2012-09-27,OPTSTK,TTML,10.0,CE,0.0,0.0,0.0,4.25,2.4,0,0.0,0
2012-08-16,2012-09-27,OPTSTK,TTML,12.5,CE,0.0,0.0,0.0,0.7,0.45,0,0.0,28000
2012-08-16,2012-09-27,OPTSTK,TTML,15.0,CE,0.0,0.0,0.0,0.9,0.05,0,0.0,0
2012-08-16,2012-09-27,OPTSTK,TTML,17.5,CE,0.0,0.0,0.0,0.35,0.0,0,0.0,0
2012-08-16,2012-09-27,OPTSTK,TTML,20.0,CE,0.0,0.0,0.0,0.1,0.0,0,0.0,0
2012-08-16,2012-09-27,OPTSTK,TTML,22.5,CE,0.0,0.0,0.0,0.05,0.0,0,0.0,0
2012-08-16,2012-09-27,OPTSTK,TTML,25.0,CE,0.0,0.0,0.0,0.05,0.0,0,0.0,0
2012-08-16,2012-09-27,OPTSTK,TTML,27.5,CE,0.0,0.0,0.0,0.05,0.0,0,0.0,0
2012-08-16,2012-09-27,OPTSTK,TTML,30.0,CE,0.0,0.0,0.0,0.05,0.0,0,0.0,0
2012-08-16,2012-09-27,OPTSTK,TTML,32.5,CE,0.0,0.0,0.0,0.05,0.0,0,0.0,0
2012-08-16,2012-09-27,OPTSTK,TTML,35.0,CE,0.0,0.0,0.0,0.05,0.0,0,0.0,490000
2012-08-16,2012-09-27,OPTSTK,TTML,37.5,CE,0.0,0.0,0.0,0.05,0.0,0,0.0,0
2012-08-16,2012-09-27,OPTSTK,TTML,2.5,PE,0.0,0.0,0.0,0.05,0.0,0,0.0,0
2012-08-16,2012-09-27,OPTSTK,TTML,5.0,PE,0.0,0.0,0.0,0.05,0.0,0,0.0,0
2012-08-16,2012-09-27,OPTSTK,TTML,7.5,PE,0.0,0.0,0.0,0.05,0.0,0,0.0,0
2012-08-16,2012-09-27,OPTSTK,TTML,10.0,PE,0.0,0.0,0.0,0.1,0.05,0,0.0,0
2012-08-16,2012-09-27,OPTSTK,TTML,12.5,PE,0.0,0.0,0.0,0.5,0.6,0,0.0,0
2012-08-16,2012-09-27,OPTSTK,TTML,15.0,PE,0.0,0.0,0.0,1.65,2.65,0,0.0,0
2012-08-16,2012-09-27,OPTSTK,TTML,17.5,PE,0.0,0.0,0.0,3.5,5.1,0,0.0,0
2012-08-16,2012-09-27,OPTSTK,TTML,20.0,PE,0.0,0.0,0.0,5.75,7.55,0,0.0,0
2012-08-16,2012-09-27,OPTSTK,TTML,22.5,PE,0.0,0.0,0.0,8.1,10.05,0,0.0,0
2012-08-16,2012-09-27,OPTSTK,TTML,25.0,PE,0.0,0.0,0.0,10.55,12.5,0,0.0,0
2012-08-16,2012-09-27,OPTSTK,TTML,27.5,PE,0.0,0.0,0.0,13.0,15.0,0,0.0,0
2012-08-16,2012-09-27,OPTSTK,TTML,30.0,PE,0.0,0.0,0.0,15.4,17.45,0,0.0,0
2012-08-16,2012-09-27,OPTSTK,TTML,32.5,PE,0.0,0.0,0.0,17.85,19.95,0,0.0,0
2012-08-16,2012-09-27,OPTSTK,TTML,35.0,PE,0.0,0.0,0.0,20.3,22.4,0,0.0,0
2012-08-16,2012-09-27,OPTSTK,TTML,37.5,PE,0.0,0.0,0.0,22.75,24.9,0,0.0,0
2012-08-16,2012-08-30,OPTSTK,TVSMOTOR,20.0,CE,0.0,0.0,0.0,14.45,20.55,0,0.0,0
2012-08-16,2012-08-30,OPTSTK,TVSMOTOR,22.5,CE,0.0,0.0,0.0,12.1,18.05,0,0.0,0
2012-08-16,2012-08-30,OPTSTK,TVSMOTOR,25.0,CE,0.0,0.0,0.0,9.8,15.55,0,0.0,0
2012-08-16,2012-08-30,OPTSTK,TVSMOTOR,27.5,CE,0.0,0.0,0.0,7.75,13.05,0,0.0,0
2012-08-16,2012-08-30,OPTSTK,TVSMOTOR,30.0,CE,0.0,0.0,0.0,7.25,10.55,0,0.0,8000
2012-08-16,2012-08-30,OPTSTK,TVSMOTOR,32.5,CE,0.0,0.0,0.0,5.8,8.1,0,0.0,16000
2012-08-16,2012-08-30,OPTSTK,TVSMOTOR,35.0,CE,0.0,0.0,0.0,3.1,5.6,0,0.0,0
2012-08-16,2012-08-30,OPTSTK,TVSMOTOR,37.5,CE,0.0,0.0,0.0,2.8,3.3,0,0.0,32000
2012-08-16,2012-08-30,OPTSTK,TVSMOTOR,40.0,CE,1.15,1.15,0.95,0.95,0.95,3,9.84,232000
2012-08-16,2012-08-30,OPTSTK,TVSMOTOR,42.5,CE,0.0,0.0,0.0,0.45,0.5,0,0.0,56000
2012-08-16,2012-08-30,OPTSTK,TVSMOTOR,45.0,CE,0.0,0.0,0.0,0.65,0.1,0,0.0,0
2012-08-16,2012-08-30,OPTSTK,TVSMOTOR,47.5,CE,0.0,0.0,0.0,0.45,0.05,0,0.0,0
2012-08-16,2012-08-30,OPTSTK,TVSMOTOR,50.0,CE,0.0,0.0,0.0,0.3,0.0,0,0.0,0
2012-08-16,2012-08-30,OPTSTK,TVSMOTOR,52.5,CE,0.0,0.0,0.0,0.2,0.0,0,0.0,0
2012-08-16,2012-08-30,OPTSTK,TVSMOTOR,55.0,CE,0.0,0.0,0.0,1.35,0.0,0,0.0,0
2012-08-16,2012-08-30,OPTSTK,TVSMOTOR,57.5,CE,0.0,0.0,0.0,0.1,0.0,0,0.0,0
2012-08-16,2012-08-30,OPTSTK,TVSMOTOR,60.0,CE,0.0,0.0,0.0,0.05,0.0,0,0.0,0
2012-08-16,2012-08-30,OPTSTK,TVSMOTOR,20.0,PE,0.0,0.0,0.0,0.05,0.0,0,0.0,0
2012-08-16,2012-08-30,OPTSTK,TVSMOTOR,22.5,PE,0.0,0.0,0.0,0.1,0.0,0,0.0,0
2012-08-16,2012-08-30,OPTSTK,TVSMOTOR,25.0,PE,0.0,0.0,0.0,0.25,0.0,0,0.0,0
2012-08-16,2012-08-30,OPTSTK,TVSMOTOR,27.5,PE,0.0,0.0,0.0,0.6,0.0,0,0.0,0
2012-08-16,2012-08-30,OPTSTK,TVSMOTOR,30.0,PE,0.0,0.0,0.0,0.05,0.0,0,0.0,16000
2012-08-16,2012-08-30,OPTSTK,TVSMOTOR,32.5,PE,0.0,0.0,0.0,0.15,0.0,0,0.0,40000
2012-08-16,2012-08-30,OPTSTK,TVSMOTOR,35.0,PE,0.0,0.0,0.0,3.35,0.05,0,0.0,0
2012-08-16,2012-08-30,OPTSTK,TVSMOTOR,37.5,PE,0.0,0.0,0.0,0.85,0.2,0,0.0,8000
2012-08-16,2012-08-30,OPTSTK,TVSMOTOR,40.0,PE,0.0,0.0,0.0,2.05,0.9,0,0.0,24000
2012-08-16,2012-08-30,OPTSTK,TVSMOTOR,42.5,PE,0.0,0.0,0.0,8.55,2.4,0,0.0,0
2012-08-16,2012-08-30,OPTSTK,TVSMOTOR,45.0,PE,0.0,0.0,0.0,10.65,4.5,0,0.0,0
2012-08-16,2012-08-30,OPTSTK,TVSMOTOR,47.5,PE,0.0,0.0,0.0,12.85,6.95,0,0.0,0
2012-08-16,2012-08-30,OPTSTK,TVSMOTOR,50.0,PE,0.0,0.0,0.0,15.15,9.4,0,0.0,0
2012-08-16,2012-08-30,OPTSTK,TVSMOTOR,52.5,PE,0.0,0.0,0.0,17.45,11.9,0,0.0,0
2012-08-16,2012-08-30,OPTSTK,TVSMOTOR,55.0,PE,0.0,0.0,0.0,19.85,14.4,0,0.0,0
2012-08-16,2012-08-30,OPTSTK,TVSMOTOR,57.5,PE,0.0,0.0,0.0,22.25,16.9,0,0.0,0
2012-08-16,2012-08-30,OPTSTK,TVSMOTOR,60.0,PE,0.0,0.0,0.0,24.65,19.35,0,0.0,0
2012-08-16,2012-09-27,OPTSTK,TVSMOTOR,20.0,CE,0.0,0.0,0.0,14.5,20.7,0,0.0,0
2012-08-16,2012-09-27,OPTSTK,TVSMOTOR,22.5,CE,0.0,0.0,0.0,12.05,18.2,0,0.0,0
2012-08-16,2012-09-27,OPTSTK,TVSMOTOR,25.0,CE,0.0,0.0,0.0,9.65,15.75,0,0.0,0
2012-08-16,2012-09-27,OPTSTK,TVSMOTOR,27.5,CE,0.0,0.0,0.0,7.3,13.25,0,0.0,0
2012-08-16,2012-09-27,OPTSTK,TVSMOTOR,30.0,CE,0.0,0.0,0.0,5.15,10.8,0,0.0,0
2012-08-16,2012-09-27,OPTSTK,TVSMOTOR,32.5,CE,0.0,0.0,0.0,3.4,8.35,0,0.0,0
2012-08-16,2012-09-27,OPTSTK,TVSMOTOR,35.0,CE,0.0,0.0,0.0,2.05,6.05,0,0.0,0
2012-08-16,2012-09-27,OPTSTK,TVSMOTOR,37.5,CE,0.0,0.0,0.0,1.15,4.05,0,0.0,0
2012-08-16,2012-09-27,OPTSTK,TVSMOTOR,40.0,CE,0.0,0.0,0.0,1.4,2.45,0,0.0,8000
2012-08-16,2012-09-27,OPTSTK,TVSMOTOR,42.5,CE,0.0,0.0,0.0,0.3,1.35,0,0.0,0
2012-08-16,2012-09-27,OPTSTK,TVSMOTOR,45.0,CE,0.0,0.0,0.0,0.15,0.65,0,0.0,0
2012-08-16,2012-09-27,OPTSTK,TVSMOTOR,47.5,CE,0.0,0.0,0.0,0.05,0.3,0,0.0,0
2012-08-16,2012-09-27,OPTSTK,TVSMOTOR,50.0,CE,0.0,0.0,0.0,0.05,0.15,0,0.0,0
2012-08-16,2012-09-27,OPTSTK,TVSMOTOR,52.5,CE,0.0,0.0,0.0,0.05,0.05,0,0.0,0
2012-08-16,2012-09-27,OPTSTK,TVSMOTOR,55.0,CE,0.0,0.0,0.0,0.05,0.05,0,0.0,0
2012-08-16,2012-09-27,OPTSTK,TVSMOTOR,57.5,CE,0.0,0.0,0.0,0.05,0.05,0,0.0,0
2012-08-16,2012-09-27,OPTSTK,TVSMOTOR,60.0,CE,0.0,0.0,0.0,0.05,0.0,0,0.0,0
2012-08-16,2012-09-27,OPTSTK,TVSMOTOR,20.0,PE,0.0,0.0,0.0,0.05,0.0,0,0.0,0
2012-08-16,2012-09-27,OPTSTK,TVSMOTOR,22.5,PE,0.0,0.0,0.0,0.05,0.0,0,0.0,0
2012-08-16,2012-09-27,OPTSTK,TVSMOTOR,25.0,PE,0.0,0.0,0.0,0.05,0.0,0,0.0,0
2012-08-16,2012-09-27,OPTSTK,TVSMOTOR,27.5,PE,0.0,0.0,0.0,0.15,0.0,0,0.0,0
2012-08-16,2012-09-27,OPTSTK,TVSMOTOR,30.0,PE,0.0,0.0,0.0,0.45,0.05,0,0.0,0
2012-08-16,2012-09-27,OPTSTK,TVSMOTOR,32.5,PE,0.0,0.0,0.0,1.15,0.05,0,0.0,0
2012-08-16,2012-09-27,OPTSTK,TVSMOTOR,35.0,PE,0.0,0.0,0.0,2.25,0.25,0,0.0,0
2012-08-16,2012-09-27,OPTSTK,TVSMOTOR,37.5,PE,0.0,0.0,0.0,3.75,0.7,0,0.0,0
2012-08-16,2012-09-27,OPTSTK,TVSMOTOR,40.0,PE,0.0,0.0,0.0,5.65,1.6,0,0.0,0
2012-08-16,2012-09-27,OPTSTK,TVSMOTOR,42.5,PE,0.0,0.0,0.0,7.8,2.95,0,0.0,0
2012-08-16,2012-09-27,OPTSTK,TVSMOTOR,45.0,PE,0.0,0.0,0.0,10.1,4.75,0,0.0,0
2012-08-16,2012-09-27,OPTSTK,TVSMOTOR,47.5,PE,0.0,0.0,0.0,12.45,6.85,0,0.0,0
2012-08-16,2012-09-27,OPTSTK,TVSMOTOR,50.0,PE,0.0,0.0,0.0,14.9,9.15,0,0.0,0
2012-08-16,2012-09-27,OPTSTK,TVSMOTOR,52.5,PE,0.0,0.0,0.0,17.3,11.55,0,0.0,0
2012-08-16,2012-09-27,OPTSTK,TVSMOTOR,55.0,PE,0.0,0.0,0.0,19.75,14.0,0,0.0,0
2012-08-16,2012-09-27,OPTSTK,TVSMOTOR,57.5,PE,0.0,0.0,0.0,22.2,16.5,0,0.0,0
2012-08-16,2012-09-27,OPTSTK,TVSMOTOR,60.0,PE,0.0,0.0,0.0,24.6,18.95,0,0.0,0
2012-08-16,2012-08-30,OPTSTK,UCOBANK,35.0,CE,0.0,0.0,0.0,35.4,34.55,0,0.0,0
2012-08-16,2012-08-30,OPTSTK,UCOBANK,40.0,CE,0.0,0.0,0.0,30.6,29.55,0,0.0,0
2012-08-16,2012-08-30,OPTSTK,UCOBANK,45.0,CE,0.0,0.0,0.0,25.85,24.55,0,0.0,0
2012-08-16,2012-08-30,OPTSTK,UCOBANK,50.0,CE,0.0,0.0,0.0,21.35,19.6,0,0.0,0
2012-08-16,2012-08-30,OPTSTK,UCOBANK,55.0,CE,0.0,0.0,0.0,17.2,14.6,0,0.0,0
2012-08-16,2012-08-30,OPTSTK,UCOBANK,60.0,CE,0.0,0.0,0.0,13.5,9.7,0,0.0,0
2012-08-16,2012-08-30,OPTSTK,UCOBANK,65.0,CE,0.0,0.0,0.0,3.1,5.2,0,0.0,12000
2012-08-16,2012-08-30,OPTSTK,UCOBANK,70.0,CE,1.6,2.2,1.55,1.8,1.8,24,68.99,204000
2012-08-16,2012-08-30,OPTSTK,UCOBANK,75.0,CE,0.5,0.75,0.4,0.6,0.6,14,42.31,244000
2012-08-16,2012-08-30,OPTSTK,UCOBANK,80.0,CE,0.0,0.0,0.0,0.05,0.1,0,0.0,72000
2012-08-16,2012-08-30,OPTSTK,UCOBANK,85.0,CE,0.0,0.0,0.0,0.3,0.05,0,0.0,8000
2012-08-16,2012-08-30,OPTSTK,UCOBANK,90.0,CE,0.0,0.0,0.0,2.0,0.0,0,0.0,0
2012-08-16,2012-08-30,OPTSTK,UCOBANK,95.0,CE,0.0,0.0,0.0,1.4,0.0,0,0.0,0
2012-08-16,2012-08-30,OPTSTK,UCOBANK,100.0,CE,0.0,0.0,0.0,0.95,0.0,0,0.0,0
2012-08-16,2012-08-30,OPTSTK,UCOBANK,105.0,CE,0.0,0.0,0.0,0.65,0.0,0,0.0,0
2012-08-16,2012-08-30,OPTSTK,UCOBANK,110.0,CE,0.0,0.0,0.0,0.45,0.0,0,0.0,0
2012-08-16,2012-08-30,OPTSTK,UCOBANK,115.0,CE,0.0,0.0,0.0,0.3,0.0,0,0.0,0
2012-08-16,2012-08-30,OPTSTK,UCOBANK,35.0,PE,0.0,0.0,0.0,0.05,0.0,0,0.0,0
2012-08-16,2012-08-30,OPTSTK,UCOBANK,40.0,PE,0.0,0.0,0.0,0.1,0.0,0,0.0,0
2012-08-16,2012-08-30,OPTSTK,UCOBANK,45.0,PE,0.0,0.0,0.0,0.25,0.0,0,0.0,0
2012-08-16,2012-08-30,OPTSTK,UCOBANK,50.0,PE,0.0,0.0,0.0,0.6,0.0,0,0.0,0
2012-08-16,2012-08-30,OPTSTK,UCOBANK,55.0,PE,0.0,0.0,0.0,1.3,0.0,0,0.0,0
2012-08-16,2012-08-30,OPTSTK,UCOBANK,60.0,PE,0.0,0.0,0.0,0.25,0.1,0,0.0,8000
2012-08-16,2012-08-30,OPTSTK,UCOBANK,65.0,PE,0.5,0.5,0.5,0.5,0.5,1,2.62,44000
2012-08-16,2012-08-30,OPTSTK,UCOBANK,70.0,PE,0.0,0.0,0.0,2.0,2.4,0,0.0,60000
2012-08-16,2012-08-30,OPTSTK,UCOBANK,75.0,PE,0.0,0.0,0.0,5.55,5.9,0,0.0,36000
2012-08-16,2012-08-30,OPTSTK,UCOBANK,80.0,PE,0.0,0.0,0.0,12.6,10.45,0,0.0,0
2012-08-16,2012-08-30,OPTSTK,UCOBANK,85.0,PE,0.0,0.0,0.0,16.3,15.35,0,0.0,0
2012-08-16,2012-08-30,OPTSTK,UCOBANK,90.0,PE,0.0,0.0,0.0,20.3,20.3,0,0.0,0
2012-08-16,2012-08-30,OPTSTK,UCOBANK,95.0,PE,0.0,0.0,0.0,24.55,25.3,0,0.0,0
2012-08-16,2012-08-30,OPTSTK,UCOBANK,100.0,PE,0.0,0.0,0.0,29.0,30.3,0,0.0,0
2012-08-16,2012-08-30,OPTSTK,UCOBANK,105.0,PE,0.0,0.0,0.0,33.55,35.25,0,0.0,0
2012-08-16,2012-08-30,OPTSTK,UCOBANK,110.0,PE,0.0,0.0,0.0,38.25,40.25,0,0.0,0
2012-08-16,2012-08-30,OPTSTK,UCOBANK,115.0,PE,0.0,0.0,0.0,43.0,45.25,0,0.0,0
2012-08-16,2012-09-27,OPTSTK,UCOBANK,35.0,CE,0.0,0.0,0.0,42.4,34.8,0,0.0,0
2012-08-16,2012-09-27,OPTSTK,UCOBANK,40.0,CE,0.0,0.0,0.0,37.5,29.85,0,0.0,0
2012-08-16,2012-09-27,OPTSTK,UCOBANK,45.0,CE,0.0,0.0,0.0,32.65,24.9,0,0.0,0
2012-08-16,2012-09-27,OPTSTK,UCOBANK,50.0,CE,0.0,0.0,0.0,27.9,19.95,0,0.0,0
2012-08-16,2012-09-27,OPTSTK,UCOBANK,55.0,CE,0.0,0.0,0.0,23.35,15.1,0,0.0,0
2012-08-16,2012-09-27,OPTSTK,UCOBANK,60.0,CE,0.0,0.0,0.0,19.05,10.6,0,0.0,0
2012-08-16,2012-09-27,OPTSTK,UCOBANK,65.0,CE,0.0,0.0,0.0,15.15,6.8,0,0.0,0
2012-08-16,2012-09-27,OPTSTK,UCOBANK,70.0,CE,0.0,0.0,0.0,11.8,3.9,0,0.0,0
2012-08-16,2012-09-27,OPTSTK,UCOBANK,75.0,CE,0.0,0.0,0.0,1.05,2.0,0,0.0,28000
2012-08-16,2012-09-27,OPTSTK,UCOBANK,80.0,CE,0.0,0.0,0.0,0.85,0.95,0,0.0,4000
2012-08-16,2012-09-27,OPTSTK,UCOBANK,85.0,CE,0.0,0.0,0.0,4.85,0.4,0,0.0,0
2012-08-16,2012-09-27,OPTSTK,UCOBANK,90.0,CE,0.0,0.0,0.0,3.45,0.15,0,0.0,0
2012-08-16,2012-09-27,OPTSTK,UCOBANK,95.0,CE,0.0,0.0,0.0,2.45,0.05,0,0.0,0
2012-08-16,2012-09-27,OPTSTK,UCOBANK,100.0,CE,0.0,0.0,0.0,1.7,0.05,0,0.0,0
2012-08-16,2012-09-27,OPTSTK,UCOBANK,105.0,CE,0.0,0.0,0.0,1.15,0.05,0,0.0,0
2012-08-16,2012-09-27,OPTSTK,UCOBANK,110.0,CE,0.0,0.0,0.0,0.8,0.0,0,0.0,0
2012-08-16,2012-09-27,OPTSTK,UCOBANK,115.0,CE,0.0,0.0,0.0,0.55,0.0,0,0.0,0
2012-08-16,2012-09-27,OPTSTK,UCOBANK,35.0,PE,0.0,0.0,0.0,0.05,0.0,0,0.0,0
2012-08-16,2012-09-27,OPTSTK,UCOBANK,40.0,PE,0.0,0.0,0.0,0.05,0.0,0,0.0,0
2012-08-16,2012-09-27,OPTSTK,UCOBANK,45.0,PE,0.0,0.0,0.0,0.05,0.0,0,0.0,0
2012-08-16,2012-09-27,OPTSTK,UCOBANK,50.0,PE,0.0,0.0,0.0,0.2,0.05,0,0.0,0
2012-08-16,2012-09-27,OPTSTK,UCOBANK,55.0,PE,0.0,0.0,0.0,0.5,0.15,0,0.0,0
2012-08-16,2012-09-27,OPTSTK,UCOBANK,60.0,PE,0.0,0.0,0.0,1.1,0.6,0,0.0,0
2012-08-16,2012-09-27,OPTSTK,UCOBANK,65.0,PE,0.0,0.0,0.0,2.1,1.7,0,0.0,0
2012-08-16,2012-09-27,OPTSTK,UCOBANK,70.0,PE,0.0,0.0,0.0,3.6,3.75,0,0.0,0
2012-08-16,2012-09-27,OPTSTK,UCOBANK,75.0,PE,0.0,0.0,0.0,5.65,6.85,0,0.0,0
2012-08-16,2012-09-27,OPTSTK,UCOBANK,80.0,PE,0.0,0.0,0.0,8.25,10.7,0,0.0,0
2012-08-16,2012-09-27,OPTSTK,UCOBANK,85.0,PE,0.0,0.0,0.0,11.3,15.15,0,0.0,0
2012-08-16,2012-09-27,OPTSTK,UCOBANK,90.0,PE,0.0,0.0,0.0,14.85,19.85,0,0.0,0
2012-08-16,2012-09-27,OPTSTK,UCOBANK,95.0,PE,0.0,0.0,0.0,18.7,24.7,0,0.0,0
2012-08-16,2012-09-27,OPTSTK,UCOBANK,100.0,PE,0.0,0.0,0.0,22.85,29.6,0,0.0,0
2012-08-16,2012-09-27,OPTSTK,UCOBANK,105.0,PE,0.0,0.0,0.0,27.2,34.55,0,0.0,0
2012-08-16,2012-09-27,OPTSTK,UCOBANK,110.0,PE,0.0,0.0,0.0,31.7,39.5,0,0.0,0
2012-08-16,2012-09-27,OPTSTK,UCOBANK,115.0,PE,0.0,0.0,0.0,36.3,44.45,0,0.0,0
2012-08-16,2012-10-25,OPTSTK,UCOBANK,35.0,CE,0.0,0.0,0.0,35.45,35.0,0,0.0,0
2012-08-16,2012-10-25,OPTSTK,UCOBANK,40.0,CE,0.0,0.0,0.0,30.6,30.1,0,0.0,0
2012-08-16,2012-10-25,OPTSTK,UCOBANK,45.0,CE,0.0,0.0,0.0,25.85,25.2,0,0.0,0
2012-08-16,2012-10-25,OPTSTK,UCOBANK,50.0,CE,0.0,0.0,0.0,21.25,20.4,0,0.0,0
2012-08-16,2012-10-25,OPTSTK,UCOBANK,55.0,CE,0.0,0.0,0.0,17.0,15.75,0,0.0,0
2012-08-16,2012-10-25,OPTSTK,UCOBANK,60.0,CE,0.0,0.0,0.0,13.2,11.55,0,0.0,0
2012-08-16,2012-10-25,OPTSTK,UCOBANK,65.0,CE,0.0,0.0,0.0,9.95,8.0,0,0.0,0
2012-08-16,2012-10-25,OPTSTK,UCOBANK,70.0,CE,0.0,0.0,0.0,7.3,5.25,0,0.0,0
2012-08-16,2012-10-25,OPTSTK,UCOBANK,75.0,CE,0.0,0.0,0.0,5.2,3.25,0,0.0,0
2012-08-16,2012-10-25,OPTSTK,UCOBANK,80.0,CE,0.0,0.0,0.0,3.65,1.9,0,0.0,0
2012-08-16,2012-10-25,OPTSTK,UCOBANK,85.0,CE,0.0,0.0,0.0,2.5,1.05,0,0.0,0
2012-08-16,2012-10-25,OPTSTK,UCOBANK,90.0,CE,0.0,0.0,0.0,1.7,0.6,0,0.0,0
2012-08-16,2012-10-25,OPTSTK,UCOBANK,95.0,CE,0.0,0.0,0.0,1.15,0.3,0,0.0,0
2012-08-16,2012-10-25,OPTSTK,UCOBANK,100.0,CE,0.0,0.0,0.0,0.75,0.15,0,0.0,0
2012-08-16,2012-10-25,OPTSTK,UCOBANK,105.0,CE,0.0,0.0,0.0,0.5,0.1,0,0.0,0
2012-08-16,2012-10-25,OPTSTK,UCOBANK,110.0,CE,0.0,0.0,0.0,0.3,0.05,0,0.0,0
2012-08-16,2012-10-25,OPTSTK,UCOBANK,115.0,CE,0.0,0.0,0.0,0.2,0.05,0,0.0,0
2012-08-16,2012-10-25,OPTSTK,UCOBANK,35.0,PE,0.0,0.0,0.0,0.05,0.0,0,0.0,0
2012-08-16,2012-10-25,OPTSTK,UCOBANK,40.0,PE,0.0,0.0,0.0,0.05,0.0,0,0.0,0
2012-08-16,2012-10-25,OPTSTK,UCOBANK,45.0,PE,0.0,0.0,0.0,0.15,0.05,0,0.0,0
2012-08-16,2012-10-25,OPTSTK,UCOBANK,50.0,PE,0.0,0.0,0.0,0.45,0.1,0,0.0,0
2012-08-16,2012-10-25,OPTSTK,UCOBANK,55.0,PE,0.0,0.0,0.0,1.1,0.4,0,0.0,0
2012-08-16,2012-10-25,OPTSTK,UCOBANK,60.0,PE,0.0,0.0,0.0,2.15,1.15,0,0.0,0
2012-08-16,2012-10-25,OPTSTK,UCOBANK,65.0,PE,0.0,0.0,0.0,3.8,2.5,0,0.0,0
2012-08-16,2012-10-25,OPTSTK,UCOBANK,70.0,PE,0.0,0.0,0.0,6.05,4.65,0,0.0,0
2012-08-16,2012-10-25,OPTSTK,UCOBANK,75.0,PE,0.0,0.0,0.0,8.85,7.55,0,0.0,0
2012-08-16,2012-10-25,OPTSTK,UCOBANK,80.0,PE,0.0,0.0,0.0,12.2,11.15,0,0.0,0
2012-08-16,2012-10-25,OPTSTK,UCOBANK,85.0,PE,0.0,0.0,0.0,15.95,15.2,0,0.0,0
2012-08-16,2012-10-25,OPTSTK,UCOBANK,90.0,PE,0.0,0.0,0.0,20.0,19.65,0,0.0,0
2012-08-16,2012-10-25,OPTSTK,UCOBANK,95.0,PE,0.0,0.0,0.0,24.3,24.25,0,0.0,0
2012-08-16,2012-10-25,OPTSTK,UCOBANK,100.0,PE,0.0,0.0,0.0,28.85,29.05,0,0.0,0
2012-08-16,2012-10-25,OPTSTK,UCOBANK,105.0,PE,0.0,0.0,0.0,33.45,33.9,0,0.0,0
2012-08-16,2012-10-25,OPTSTK,UCOBANK,110.0,PE,0.0,0.0,0.0,38.15,38.75,0,0.0,0
2012-08-16,2012-10-25,OPTSTK,UCOBANK,115.0,PE,0.0,0.0,0.0,42.95,43.65,0,0.0,0
2012-08-16,2012-08-30,OPTSTK,ULTRACEMCO,500.0,CE,0.0,0.0,0.0,935.9,1222.8,0,0.0,0
2012-08-16,2012-08-30,OPTSTK,ULTRACEMCO,550.0,CE,0.0,0.0,0.0,887.1,1172.95,0,0.0,0
2012-08-16,2012-08-30,OPTSTK,ULTRACEMCO,600.0,CE,0.0,0.0,0.0,838.3,1123.15,0,0.0,0
2012-08-16,2012-08-30,OPTSTK,ULTRACEMCO,650.0,CE,0.0,0.0,0.0,789.55,1073.3,0,0.0,0
2012-08-16,2012-08-30,OPTSTK,ULTRACEMCO,700.0,CE,0.0,0.0,0.0,740.75,1023.45,0,0.0,0
2012-08-16,2012-08-30,OPTSTK,ULTRACEMCO,750.0,CE,0.0,0.0,0.0,691.95,973.65,0,0.0,0
2012-08-16,2012-08-30,OPTSTK,ULTRACEMCO,800.0,CE,0.0,0.0,0.0,643.15,923.8,0,0.0,0
2012-08-16,2012-08-30,OPTSTK,ULTRACEMCO,850.0,CE,0.0,0.0,0.0,594.35,873.95,0,0.0,0
2012-08-16,2012-08-30,OPTSTK,ULTRACEMCO,900.0,CE,0.0,0.0,0.0,545.55,824.15,0,0.0,0
2012-08-16,2012-08-30,OPTSTK,ULTRACEMCO,950.0,CE,0.0,0.0,0.0,496.8,774.3,0,0.0,0
2012-08-16,2012-08-30,OPTSTK,ULTRACEMCO,1000.0,CE,0.0,0.0,0.0,448.1,724.45,0,0.0,0
2012-08-16,2012-08-30,OPTSTK,ULTRACEMCO,1050.0,CE,0.0,0.0,0.0,399.65,674.65,0,0.0,0
2012-08-16,2012-08-30,OPTSTK,ULTRACEMCO,1100.0,CE,0.0,0.0,0.0,351.65,624.8,0,0.0,0
2012-08-16,2012-08-30,OPTSTK,ULTRACEMCO,1150.0,CE,0.0,0.0,0.0,304.55,574.95,0,0.0,0
2012-08-16,2012-08-30,OPTSTK,ULTRACEMCO,1200.0,CE,0.0,0.0,0.0,259.05,525.15,0,0.0,0
2012-08-16,2012-08-30,OPTSTK,ULTRACEMCO,1250.0,CE,0.0,0.0,0.0,215.9,475.3,0,0.0,0
2012-08-16,2012-08-30,OPTSTK,ULTRACEMCO,1300.0,CE,0.0,0.0,0.0,176.0,425.45,0,0.0,0
2012-08-16,2012-08-30,OPTSTK,ULTRACEMCO,1350.0,CE,0.0,0.0,0.0,140.1,375.65,0,0.0,0
2012-08-16,2012-08-30,OPTSTK,ULTRACEMCO,1400.0,CE,0.0,0.0,0.0,108.8,325.8,0,0.0,0
2012-08-16,2012-08-30,OPTSTK,ULTRACEMCO,1450.0,CE,0.0,0.0,0.0,82.4,275.95,0,0.0,0
2012-08-16,2012-08-30,OPTSTK,ULTRACEMCO,1500.0,CE,0.0,0.0,0.0,60.85,226.15,0,0.0,0
2012-08-16,2012-08-30,OPTSTK,ULTRACEMCO,1550.0,CE,0.0,0.0,0.0,43.85,176.3,0,0.0,0
2012-08-16,2012-08-30,OPTSTK,ULTRACEMCO,1600.0,CE,0.0,0.0,0.0,30.9,126.8,0,0.0,0
2012-08-16,2012-08-30,OPTSTK,ULTRACEMCO,1650.0,CE,0.0,0.0,0.0,21.25,79.55,0,0.0,0
2012-08-16,2012-08-30,OPTSTK,ULTRACEMCO,1700.0,CE,0.0,0.0,0.0,14.25,40.1,0,0.0,0
2012-08-16,2012-08-30,OPTSTK,ULTRACEMCO,1750.0,CE,0.0,0.0,0.0,9.4,14.95,0,0.0,0
2012-08-16,2012-08-30,OPTSTK,ULTRACEMCO,1800.0,CE,0.0,0.0,0.0,6.05,3.85,0,0.0,0
2012-08-16,2012-08-30,OPTSTK,ULTRACEMCO,1850.0,CE,0.0,0.0,0.0,3.85,0.7,0,0.0,0
2012-08-16,2012-08-30,OPTSTK,ULTRACEMCO,1900.0,CE,0.0,0.0,0.0,2.4,0.1,0,0.0,0
2012-08-16,2012-08-30,OPTSTK,ULTRACEMCO,1950.0,CE,0.0,0.0,0.0,1.45,0.05,0,0.0,0
2012-08-16,2012-08-30,OPTSTK,ULTRACEMCO,2000.0,CE,0.0,0.0,0.0,0.9,0.0,0,0.0,0
2012-08-16,2012-08-30,OPTSTK,ULTRACEMCO,2050.0,CE,0.0,0.0,0.0,0.55,0.0,0,0.0,0
2012-08-16,2012-08-30,OPTSTK,ULTRACEMCO,2100.0,CE,0.0,0.0,0.0,0.3,0.0,0,0.0,0
2012-08-16,2012-08-30,OPTSTK,ULTRACEMCO,2150.0,CE,0.0,0.0,0.0,0.2,0.0,0,0.0,0
2012-08-16,2012-08-30,OPTSTK,ULTRACEMCO,2200.0,CE,0.0,0.0,0.0,0.1,0.0,0,0.0,0
2012-08-16,2012-08-30,OPTSTK,ULTRACEMCO,500.0,PE,0.0,0.0,0.0,0.05,0.0,0,0.0,0
2012-08-16,2012-08-30,OPTSTK,ULTRACEMCO,550.0,PE,0.0,0.0,0.0,0.05,0.0,0,0.0,0
2012-08-16,2012-08-30,OPTSTK,ULTRACEMCO,600.0,PE,0.0,0.0,0.0,0.05,0.0,0,0.0,0
2012-08-16,2012-08-30,OPTSTK,ULTRACEMCO,650.0,PE,0.0,0.0,0.0,0.05,0.0,0,0.0,0
2012-08-16,2012-08-30,OPTSTK,ULTRACEMCO,700.0,PE,0.0,0.0,0.0,0.05,0.0,0,0.0,0
2012-08-16,2012-08-30,OPTSTK,ULTRACEMCO,750.0,PE,0.0,0.0,0.0,0.05,0.0,0,0.0,0
2012-08-16,2012-08-30,OPTSTK,ULTRACEMCO,800.0,PE,0.0,0.0,0.0,0.05,0.0,0,0.0,0
2012-08-16,2012-08-30,OPTSTK,ULTRACEMCO,850.0,PE,0.0,0.0,0.0,0.05,0.0,0,0.0,0
2012-08-16,2012-08-30,OPTSTK,ULTRACEMCO,900.0,PE,0.0,0.0,0.0,0.05,0.0,0,0.0,0
2012-08-16,2012-08-30,OPTSTK,ULTRACEMCO,950.0,PE,0.0,0.0,0.0,0.05,0.0,0,0.0,0
2012-08-16,2012-08-30,OPTSTK,ULTRACEMCO,1000.0,PE,0.0,0.0,0.0,0.15,0.0,0,0.0,0
2012-08-16,2012-08-30,OPTSTK,ULTRACEMCO,1050.0,PE,0.0,0.0,0.0,0.5,0.0,0,0.0,0
2012-08-16,2012-08-30,OPTSTK,ULTRACEMCO,1100.0,PE,0.0,0.0,0.0,1.3,0.0,0,0.0,0
2012-08-16,2012-08-30,OPTSTK,ULTRACEMCO,1150.0,PE,0.0,0.0,0.0,3.0,0.0,0,0.0,0
2012-08-16,2012-08-30,OPTSTK,ULTRACEMCO,1200.0,PE,0.0,0.0,0.0,6.3,0.0,0,0.0,0
2012-08-16,2012-08-30,OPTSTK,ULTRACEMCO,1250.0,PE,0.0,0.0,0.0,11.95,0.0,0,0.0,0
2012-08-16,2012-08-30,OPTSTK,ULTRACEMCO,1300.0,PE,0.0,0.0,0.0,20.85,0.0,0,0.0,0
2012-08-16,2012-08-30,OPTSTK,ULTRACEMCO,1350.0,PE,0.0,0.0,0.0,33.7,0.0,0,0.0,0
2012-08-16,2012-08-30,OPTSTK,ULTRACEMCO,1400.0,PE,0.0,0.0,0.0,51.25,0.0,0,0.0,0
2012-08-16,2012-08-30,OPTSTK,ULTRACEMCO,1450.0,PE,0.0,0.0,0.0,73.65,0.0,0,0.0,0
2012-08-16,2012-08-30,OPTSTK,ULTRACEMCO,1500.0,PE,0.0,0.0,0.0,100.9,0.0,0,0.0,0
2012-08-16,2012-08-30,OPTSTK,ULTRACEMCO,1550.0,PE,0.0,0.0,0.0,132.65,0.05,0,0.0,0
2012-08-16,2012-08-30,OPTSTK,ULTRACEMCO,1600.0,PE,0.0,0.0,0.0,168.55,0.35,0,0.0,0
2012-08-16,2012-08-30,OPTSTK,ULTRACEMCO,1650.0,PE,0.0,0.0,0.0,17.35,2.95,0,0.0,250
2012-08-16,2012-08-30,OPTSTK,ULTRACEMCO,1700.0,PE,0.0,0.0,0.0,249.45,13.35,0,0.0,0
2012-08-16,2012-08-30,OPTSTK,ULTRACEMCO,1750.0,PE,0.0,0.0,0.0,293.4,38.0,0,0.0,0
2012-08-16,2012-08-30,OPTSTK,ULTRACEMCO,1800.0,PE,0.0,0.0,0.0,338.85,76.75,0,0.0,0
2012-08-16,2012-08-30,OPTSTK,ULTRACEMCO,1850.0,PE,0.0,0.0,0.0,385.4,123.4,0,0.0,0
2012-08-16,2012-08-30,OPTSTK,ULTRACEMCO,1900.0,PE,0.0,0.0,0.0,432.75,172.65,0,0.0,0
2012-08-16,2012-08-30,OPTSTK,ULTRACEMCO,1950.0,PE,0.0,0.0,0.0,480.65,222.4,0,0.0,0
2012-08-16,2012-08-30,OPTSTK,ULTRACEMCO,2000.0,PE,0.0,0.0,0.0,528.85,272.25,0,0.0,0
2012-08-16,2012-08-30,OPTSTK,ULTRACEMCO,2050.0,PE,0.0,0.0,0.0,577.3,322.05,0,0.0,0
2012-08-16,2012-08-30,OPTSTK,ULTRACEMCO,2100.0,PE,0.0,0.0,0.0,625.9,371.9,0,0.0,0
2012-08-16,2012-08-30,OPTSTK,ULTRACEMCO,2150.0,PE,0.0,0.0,0.0,674.55,421.75,0,0.0,0
2012-08-16,2012-08-30,OPTSTK,ULTRACEMCO,2200.0,PE,0.0,0.0,0.0,723.25,471.55,0,0.0,0
2012-08-16,2012-09-27,OPTSTK,ULTRACEMCO,500.0,CE,0.0,0.0,0.0,1027.65,1226.3,0,0.0,0
2012-08-16,2012-09-27,OPTSTK,ULTRACEMCO,550.0,CE,0.0,0.0,0.0,978.8,1176.8,0,0.0,0
2012-08-16,2012-09-27,OPTSTK,ULTRACEMCO,600.0,CE,0.0,0.0,0.0,930.0,1127.3,0,0.0,0
2012-08-16,2012-09-27,OPTSTK,ULTRACEMCO,650.0,CE,0.0,0.0,0.0,881.15,1077.85,0,0.0,0
2012-08-16,2012-09-27,OPTSTK,ULTRACEMCO,700.0,CE,0.0,0.0,0.0,832.3,1028.35,0,0.0,0
2012-08-16,2012-09-27,OPTSTK,ULTRACEMCO,750.0,CE,0.0,0.0,0.0,783.45,978.85,0,0.0,0
2012-08-16,2012-09-27,OPTSTK,ULTRACEMCO,800.0,CE,0.0,0.0,0.0,734.65,929.4,0,0.0,0
2012-08-16,2012-09-27,OPTSTK,ULTRACEMCO,850.0,CE,0.0,0.0,0.0,685.8,879.9,0,0.0,0
2012-08-16,2012-09-27,OPTSTK,ULTRACEMCO,900.0,CE,0.0,0.0,0.0,636.95,830.4,0,0.0,0
2012-08-16,2012-09-27,OPTSTK,ULTRACEMCO,950.0,CE,0.0,0.0,0.0,588.15,780.95,0,0.0,0
2012-08-16,2012-09-27,OPTSTK,ULTRACEMCO,1000.0,CE,0.0,0.0,0.0,539.45,731.45,0,0.0,0
2012-08-16,2012-09-27,OPTSTK,ULTRACEMCO,1050.0,CE,0.0,0.0,0.0,490.85,681.95,0,0.0,0
2012-08-16,2012-09-27,OPTSTK,ULTRACEMCO,1100.0,CE,0.0,0.0,0.0,442.6,632.5,0,0.0,0
2012-08-16,2012-09-27,OPTSTK,ULTRACEMCO,1150.0,CE,0.0,0.0,0.0,395.0,583.0,0,0.0,0
2012-08-16,2012-09-27,OPTSTK,ULTRACEMCO,1200.0,CE,0.0,0.0,0.0,348.4,533.5,0,0.0,0
2012-08-16,2012-09-27,OPTSTK,ULTRACEMCO,1250.0,CE,0.0,0.0,0.0,303.35,484.05,0,0.0,0
2012-08-16,2012-09-27,OPTSTK,ULTRACEMCO,1300.0,CE,0.0,0.0,0.0,260.45,434.55,0,0.0,0
2012-08-16,2012-09-27,OPTSTK,ULTRACEMCO,1350.0,CE,0.0,0.0,0.0,220.25,385.1,0,0.0,0
2012-08-16,2012-09-27,OPTSTK,ULTRACEMCO,1400.0,CE,0.0,0.0,0.0,183.4,335.6,0,0.0,0
2012-08-16,2012-09-27,OPTSTK,ULTRACEMCO,1450.0,CE,0.0,0.0,0.0,150.15,286.15,0,0.0,0
2012-08-16,2012-09-27,OPTSTK,ULTRACEMCO,1500.0,CE,0.0,0.0,0.0,121.0,236.9,0,0.0,0
2012-08-16,2012-09-27,OPTSTK,ULTRACEMCO,1550.0,CE,0.0,0.0,0.0,95.9,188.4,0,0.0,0
2012-08-16,2012-09-27,OPTSTK,ULTRACEMCO,1600.0,CE,0.0,0.0,0.0,74.8,141.9,0,0.0,0
2012-08-16,2012-09-27,OPTSTK,ULTRACEMCO,1650.0,CE,0.0,0.0,0.0,57.45,99.65,0,0.0,0
2012-08-16,2012-09-27,OPTSTK,ULTRACEMCO,1700.0,CE,0.0,0.0,0.0,43.45,64.25,0,0.0,0
2012-08-16,2012-09-27,OPTSTK,ULTRACEMCO,1750.0,CE,0.0,0.0,0.0,32.4,37.55,0,0.0,0
2012-08-16,2012-09-27,OPTSTK,ULTRACEMCO,1800.0,CE,0.0,0.0,0.0,23.8,19.7,0,0.0,0
2012-08-16,2012-09-27,OPTSTK,ULTRACEMCO,1850.0,CE,0.0,0.0,0.0,17.3,9.25,0,0.0,0
2012-08-16,2012-09-27,OPTSTK,ULTRACEMCO,1900.0,CE,0.0,0.0,0.0,12.35,3.9,0,0.0,0
2012-08-16,2012-09-27,OPTSTK,ULTRACEMCO,1950.0,CE,0.0,0.0,0.0,8.75,1.45,0,0.0,0
2012-08-16,2012-09-27,OPTSTK,ULTRACEMCO,2000.0,CE,0.0,0.0,0.0,6.1,0.5,0,0.0,0
2012-08-16,2012-09-27,OPTSTK,ULTRACEMCO,2050.0,CE,0.0,0.0,0.0,4.25,0.15,0,0.0,0
2012-08-16,2012-09-27,OPTSTK,ULTRACEMCO,2100.0,CE,0.0,0.0,0.0,2.9,0.05,0,0.0,0
2012-08-16,2012-09-27,OPTSTK,ULTRACEMCO,2150.0,CE,0.0,0.0,0.0,1.95,0.05,0,0.0,0
2012-08-16,2012-09-27,OPTSTK,ULTRACEMCO,2200.0,CE,0.0,0.0,0.0,1.35,0.0,0,0.0,0
2012-08-16,2012-09-27,OPTSTK,ULTRACEMCO,500.0,PE,0.0,0.0,0.0,0.05,0.0,0,0.0,0
2012-08-16,2012-09-27,OPTSTK,ULTRACEMCO,550.0,PE,0.0,0.0,0.0,0.05,0.0,0,0.0,0
2012-08-16,2012-09-27,OPTSTK,ULTRACEMCO,600.0,PE,0.0,0.0,0.0,0.05,0.0,0,0.0,0
2012-08-16,2012-09-27,OPTSTK,ULTRACEMCO,650.0,PE,0.0,0.0,0.0,0.05,0.0,0,0.0,0
2012-08-16,2012-09-27,OPTSTK,ULTRACEMCO,700.0,PE,0.0,0.0,0.0,0.05,0.0,0,0.0,0
2012-08-16,2012-09-27,OPTSTK,ULTRACEMCO,750.0,PE,0.0,0.0,0.0,0.05,0.0,0,0.0,0
2012-08-16,2012-09-27,OPTSTK,ULTRACEMCO,800.0,PE,0.0,0.0,0.0,0.05,0.0,0,0.0,0
2012-08-16,2012-09-27,OPTSTK,ULTRACEMCO,850.0,PE,0.0,0.0,0.0,0.05,0.0,0,0.0,0
2012-08-16,2012-09-27,OPTSTK,ULTRACEMCO,900.0,PE,0.0,0.0,0.0,0.05,0.0,0,0.0,0
2012-08-16,2012-09-27,OPTSTK,ULTRACEMCO,950.0,PE,0.0,0.0,0.0,0.05,0.0,0,0.0,0
2012-08-16,2012-09-27,OPTSTK,ULTRACEMCO,1000.0,PE,0.0,0.0,0.0,0.15,0.0,0,0.0,0
2012-08-16,2012-09-27,OPTSTK,ULTRACEMCO,1050.0,PE,0.0,0.0,0.0,0.45,0.0,0,0.0,0
2012-08-16,2012-09-27,OPTSTK,ULTRACEMCO,1100.0,PE,0.0,0.0,0.0,1.05,0.0,0,0.0,0
2012-08-16,2012-09-27,OPTSTK,ULTRACEMCO,1150.0,PE,0.0,0.0,0.0,2.25,0.0,0,0.0,0
2012-08-16,2012-09-27,OPTSTK,ULTRACEMCO,1200.0,PE,0.0,0.0,0.0,4.5,0.0,0,0.0,0
2012-08-16,2012-09-27,OPTSTK,ULTRACEMCO,1250.0,PE,0.0,0.0,0.0,8.25,0.0,0,0.0,0
2012-08-16,2012-09-27,OPTSTK,ULTRACEMCO,1300.0,PE,0.0,0.0,0.0,14.2,0.0,0,0.0,0
2012-08-16,2012-09-27,OPTSTK,ULTRACEMCO,1350.0,PE,0.0,0.0,0.0,22.85,0.0,0,0.0,0
2012-08-16,2012-09-27,OPTSTK,ULTRACEMCO,1400.0,PE,0.0,0.0,0.0,34.8,0.05,0,0.0,0
2012-08-16,2012-09-27,OPTSTK,ULTRACEMCO,1450.0,PE,0.0,0.0,0.0,50.45,0.05,0,0.0,0
2012-08-16,2012-09-27,OPTSTK,ULTRACEMCO,1500.0,PE,0.0,0.0,0.0,70.1,0.3,0,0.0,0
2012-08-16,2012-09-27,OPTSTK,ULTRACEMCO,1550.0,PE,0.0,0.0,0.0,93.85,1.25,0,0.0,0
2012-08-16,2012-09-27,OPTSTK,ULTRACEMCO,1600.0,PE,0.0,0.0,0.0,121.6,4.25,0,0.0,0
2012-08-16,2012-09-27,OPTSTK,ULTRACEMCO,1650.0,PE,0.0,0.0,0.0,153.05,11.5,0,0.0,0
2012-08-16,2012-09-27,OPTSTK,ULTRACEMCO,1700.0,PE,0.0,0.0,0.0,187.9,25.55,0,0.0,0
2012-08-16,2012-09-27,OPTSTK,ULTRACEMCO,1750.0,PE,0.0,0.0,0.0,225.7,48.35,0,0.0,0
2012-08-16,2012-09-27,OPTSTK,ULTRACEMCO,1800.0,PE,0.0,0.0,0.0,265.95,80.0,0,0.0,0
2012-08-16,2012-09-27,OPTSTK,ULTRACEMCO,1850.0,PE,0.0,0.0,0.0,308.25,119.05,0,0.0,0
2012-08-16,2012-09-27,OPTSTK,ULTRACEMCO,1900.0,PE,0.0,0.0,0.0,352.2,163.15,0,0.0,0
2012-08-16,2012-09-27,OPTSTK,ULTRACEMCO,1950.0,PE,0.0,0.0,0.0,397.4,210.2,0,0.0,0
2012-08-16,2012-09-27,OPTSTK,ULTRACEMCO,2000.0,PE,0.0,0.0,0.0,443.6,258.75,0,0.0,0
2012-08-16,2012-09-27,OPTSTK,ULTRACEMCO,2050.0,PE,0.0,0.0,0.0,490.55,307.85,0,0.0,0
2012-08-16,2012-09-27,OPTSTK,ULTRACEMCO,2100.0,PE,0.0,0.0,0.0,538.05,357.25,0,0.0,0
2012-08-16,2012-09-27,OPTSTK,ULTRACEMCO,2150.0,PE,0.0,0.0,0.0,585.95,406.7,0,0.0,0
2012-08-16,2012-09-27,OPTSTK,ULTRACEMCO,2200.0,PE,0.0,0.0,0.0,634.15,456.2,0,0.0,0
2012-08-16,2012-10-25,OPTSTK,ULTRACEMCO,600.0,CE,0.0,0.0,0.0,1028.95,1131.4,0,0.0,0
2012-08-16,2012-10-25,OPTSTK,ULTRACEMCO,650.0,CE,0.0,0.0,0.0,980.1,1082.3,0,0.0,0
2012-08-16,2012-10-25,OPTSTK,ULTRACEMCO,700.0,CE,0.0,0.0,0.0,931.2,1033.15,0,0.0,0
2012-08-16,2012-10-25,OPTSTK,ULTRACEMCO,750.0,CE,0.0,0.0,0.0,882.35,984.0,0,0.0,0
2012-08-16,2012-10-25,OPTSTK,ULTRACEMCO,800.0,CE,0.0,0.0,0.0,833.5,934.85,0,0.0,0
2012-08-16,2012-10-25,OPTSTK,ULTRACEMCO,850.0,CE,0.0,0.0,0.0,784.6,885.7,0,0.0,0
2012-08-16,2012-10-25,OPTSTK,ULTRACEMCO,900.0,CE,0.0,0.0,0.0,735.75,836.55,0,0.0,0
2012-08-16,2012-10-25,OPTSTK,ULTRACEMCO,950.0,CE,0.0,0.0,0.0,686.9,787.45,0,0.0,0
2012-08-16,2012-10-25,OPTSTK,ULTRACEMCO,1000.0,CE,0.0,0.0,0.0,638.0,738.3,0,0.0,0
2012-08-16,2012-10-25,OPTSTK,ULTRACEMCO,1050.0,CE,0.0,0.0,0.0,589.15,689.15,0,0.0,0
2012-08-16,2012-10-25,OPTSTK,ULTRACEMCO,1100.0,CE,0.0,0.0,0.0,540.3,640.0,0,0.0,0
2012-08-16,2012-10-25,OPTSTK,ULTRACEMCO,1150.0,CE,0.0,0.0,0.0,491.45,590.85,0,0.0,0
2012-08-16,2012-10-25,OPTSTK,ULTRACEMCO,1200.0,CE,0.0,0.0,0.0,442.6,541.7,0,0.0,0
2012-08-16,2012-10-25,OPTSTK,ULTRACEMCO,1250.0,CE,0.0,0.0,0.0,393.9,492.6,0,0.0,0
2012-08-16,2012-10-25,OPTSTK,ULTRACEMCO,1300.0,CE,0.0,0.0,0.0,345.45,443.45,0,0.0,0
2012-08-16,2012-10-25,OPTSTK,ULTRACEMCO,1350.0,CE,0.0,0.0,0.0,297.65,394.3,0,0.0,0
2012-08-16,2012-10-25,OPTSTK,ULTRACEMCO,1400.0,CE,0.0,0.0,0.0,251.1,345.25,0,0.0,0
2012-08-16,2012-10-25,OPTSTK,ULTRACEMCO,1450.0,CE,0.0,0.0,0.0,206.65,296.4,0,0.0,0
2012-08-16,2012-10-25,OPTSTK,ULTRACEMCO,1500.0,CE,0.0,0.0,0.0,165.4,248.15,0,0.0,0
2012-08-16,2012-10-25,OPTSTK,ULTRACEMCO,1550.0,CE,0.0,0.0,0.0,128.25,201.35,0,0.0,0
2012-08-16,2012-10-25,OPTSTK,ULTRACEMCO,1600.0,CE,0.0,0.0,0.0,96.25,157.15,0,0.0,0
2012-08-16,2012-10-25,OPTSTK,ULTRACEMCO,1650.0,CE,0.0,0.0,0.0,69.7,117.2,0,0.0,0
2012-08-16,2012-10-25,OPTSTK,ULTRACEMCO,1700.0,CE,0.0,0.0,0.0,48.75,83.0,0,0.0,0
2012-08-16,2012-10-25,OPTSTK,ULTRACEMCO,1750.0,CE,0.0,0.0,0.0,32.85,55.55,0,0.0,0
2012-08-16,2012-10-25,OPTSTK,ULTRACEMCO,1800.0,CE,0.0,0.0,0.0,21.4,35.0,0,0.0,0
2012-08-16,2012-10-25,OPTSTK,ULTRACEMCO,1850.0,CE,0.0,0.0,0.0,13.45,20.8,0,0.0,0
2012-08-16,2012-10-25,OPTSTK,ULTRACEMCO,1900.0,CE,0.0,0.0,0.0,8.2,11.55,0,0.0,0
2012-08-16,2012-10-25,OPTSTK,ULTRACEMCO,1950.0,CE,0.0,0.0,0.0,4.8,6.05,0,0.0,0
2012-08-16,2012-10-25,OPTSTK,ULTRACEMCO,2000.0,CE,0.0,0.0,0.0,2.75,3.0,0,0.0,0
2012-08-16,2012-10-25,OPTSTK,ULTRACEMCO,2050.0,CE,0.0,0.0,0.0,1.55,1.4,0,0.0,0
2012-08-16,2012-10-25,OPTSTK,ULTRACEMCO,2100.0,CE,0.0,0.0,0.0,0.85,0.65,0,0.0,0
2012-08-16,2012-10-25,OPTSTK,ULTRACEMCO,2150.0,CE,0.0,0.0,0.0,0.45,0.25,0,0.0,0
2012-08-16,2012-10-25,OPTSTK,ULTRACEMCO,2200.0,CE,0.0,0.0,0.0,0.25,0.1,0,0.0,0
2012-08-16,2012-10-25,OPTSTK,ULTRACEMCO,600.0,PE,0.0,0.0,0.0,0.05,0.0,0,0.0,0
2012-08-16,2012-10-25,OPTSTK,ULTRACEMCO,650.0,PE,0.0,0.0,0.0,0.05,0.0,0,0.0,0
2012-08-16,2012-10-25,OPTSTK,ULTRACEMCO,700.0,PE,0.0,0.0,0.0,0.05,0.0,0,0.0,0
2012-08-16,2012-10-25,OPTSTK,ULTRACEMCO,750.0,PE,0.0,0.0,0.0,0.05,0.0,0,0.0,0
2012-08-16,2012-10-25,OPTSTK,ULTRACEMCO,800.0,PE,0.0,0.0,0.0,0.05,0.0,0,0.0,0
2012-08-16,2012-10-25,OPTSTK,ULTRACEMCO,850.0,PE,0.0,0.0,0.0,0.05,0.0,0,0.0,0
2012-08-16,2012-10-25,OPTSTK,ULTRACEMCO,900.0,PE,0.0,0.0,0.0,0.05,0.0,0,0.0,0
2012-08-16,2012-10-25,OPTSTK,ULTRACEMCO,950.0,PE,0.0,0.0,0.0,0.05,0.0,0,0.0,0
2012-08-16,2012-10-25,OPTSTK,ULTRACEMCO,1000.0,PE,0.0,0.0,0.0,0.05,0.0,0,0.0,0
2012-08-16,2012-10-25,OPTSTK,ULTRACEMCO,1050.0,PE,0.0,0.0,0.0,0.05,0.0,0,0.0,0
2012-08-16,2012-10-25,OPTSTK,ULTRACEMCO,1100.0,PE,0.0,0.0,0.0,0.05,0.0,0,0.0,0
2012-08-16,2012-10-25,OPTSTK,ULTRACEMCO,1150.0,PE,0.0,0.0,0.0,0.05,0.0,0,0.0,0
2012-08-16,2012-10-25,OPTSTK,ULTRACEMCO,1200.0,PE,0.0,0.0,0.0,0.05,0.0,0,0.0,0
2012-08-16,2012-10-25,OPTSTK,ULTRACEMCO,1250.0,PE,0.0,0.0,0.0,0.2,0.0,0,0.0,0
2012-08-16,2012-10-25,OPTSTK,ULTRACEMCO,1300.0,PE,0.0,0.0,0.0,0.65,0.0,0,0.0,0
2012-08-16,2012-10-25,OPTSTK,ULTRACEMCO,1350.0,PE,0.0,0.0,0.0,1.7,0.05,0,0.0,0
2012-08-16,2012-10-25,OPTSTK,ULTRACEMCO,1400.0,PE,0.0,0.0,0.0,4.05,0.1,0,0.0,0
2012-08-16,2012-10-25,OPTSTK,ULTRACEMCO,1450.0,PE,0.0,0.0,0.0,8.45,0.4,0,0.0,0
2012-08-16,2012-10-25,OPTSTK,ULTRACEMCO,1500.0,PE,0.0,0.0,0.0,16.05,1.3,0,0.0,0
2012-08-16,2012-10-25,OPTSTK,ULTRACEMCO,1550.0,PE,0.0,0.0,0.0,27.8,3.65,0,0.0,0
2012-08-16,2012-10-25,OPTSTK,ULTRACEMCO,1600.0,PE,0.0,0.0,0.0,44.6,8.6,0,0.0,0
2012-08-16,2012-10-25,OPTSTK,ULTRACEMCO,1650.0,PE,0.0,0.0,0.0,66.95,17.8,0,0.0,0
2012-08-16,2012-10-25,OPTSTK,ULTRACEMCO,1700.0,PE,0.0,0.0,0.0,94.85,32.7,0,0.0,0
2012-08-16,2012-10-25,OPTSTK,ULTRACEMCO,1750.0,PE,0.0,0.0,0.0,127.85,54.4,0,0.0,0
2012-08-16,2012-10-25,OPTSTK,ULTRACEMCO,1800.0,PE,0.0,0.0,0.0,165.25,83.0,0,0.0,0
2012-08-16,2012-10-25,OPTSTK,ULTRACEMCO,1850.0,PE,0.0,0.0,0.0,206.15,117.95,0,0.0,0
2012-08-16,2012-10-25,OPTSTK,ULTRACEMCO,1900.0,PE,0.0,0.0,0.0,249.75,157.85,0,0.0,0
2012-08-16,2012-10-25,OPTSTK,ULTRACEMCO,1950.0,PE,0.0,0.0,0.0,295.25,201.5,0,0.0,0
2012-08-16,2012-10-25,OPTSTK,ULTRACEMCO,2000.0,PE,0.0,0.0,0.0,342.05,247.55,0,0.0,0
2012-08-16,2012-10-25,OPTSTK,ULTRACEMCO,2050.0,PE,0.0,0.0,0.0,389.7,295.1,0,0.0,0
2012-08-16,2012-10-25,OPTSTK,ULTRACEMCO,2100.0,PE,0.0,0.0,0.0,437.85,343.45,0,0.0,0
2012-08-16,2012-10-25,OPTSTK,ULTRACEMCO,2150.0,PE,0.0,0.0,0.0,486.35,392.25,0,0.0,0
2012-08-16,2012-10-25,OPTSTK,ULTRACEMCO,2200.0,PE,0.0,0.0,0.0,535.0,441.25,0,0.0,0
2012-08-16,2012-08-30,OPTSTK,UNIONBANK,110.0,CE,0.0,0.0,0.0,94.35,56.3,0,0.0,0
2012-08-16,2012-08-30,OPTSTK,UNIONBANK,120.0,CE,0.0,0.0,0.0,84.6,46.3,0,0.0,0
2012-08-16,2012-08-30,OPTSTK,UNIONBANK,130.0,CE,0.0,0.0,0.0,74.95,36.35,0,0.0,0
2012-08-16,2012-08-30,OPTSTK,UNIONBANK,140.0,CE,0.0,0.0,0.0,33.0,26.5,0,0.0,1000
2012-08-16,2012-08-30,OPTSTK,UNIONBANK,150.0,CE,0.0,0.0,0.0,56.3,17.1,0,0.0,0
2012-08-16,2012-08-30,OPTSTK,UNIONBANK,160.0,CE,0.0,0.0,0.0,16.85,9.3,0,0.0,1000
2012-08-16,2012-08-30,OPTSTK,UNIONBANK,170.0,CE,3.55,3.55,3.25,3.4,3.4,3,5.2,38000
2012-08-16,2012-08-30,OPTSTK,UNIONBANK,180.0,CE,1.5,1.5,1.5,1.5,1.5,1,1.81,62000
2012-08-16,2012-08-30,OPTSTK,UNIONBANK,190.0,CE,0.4,0.4,0.4,0.4,0.4,1,1.9,13000
2012-08-16,2012-08-30,OPTSTK,UNIONBANK,200.0,CE,0.0,0.0,0.0,0.2,0.1,0,0.0,22000
2012-08-16,2012-08-30,OPTSTK,UNIONBANK,210.0,CE,0.0,0.0,0.0,15.55,0.05,0,0.0,0
2012-08-16,2012-08-30,OPTSTK,UNIONBANK,220.0,CE,0.0,0.0,0.0,11.8,0.0,0,0.0,0
2012-08-16,2012-08-30,OPTSTK,UNIONBANK,230.0,CE,0.0,0.0,0.0,8.8,0.0,0,0.0,0
2012-08-16,2012-08-30,OPTSTK,UNIONBANK,240.0,CE,0.0,0.0,0.0,6.5,0.0,0,0.0,0
2012-08-16,2012-08-30,OPTSTK,UNIONBANK,250.0,CE,0.0,0.0,0.0,4.75,0.0,0,0.0,0
2012-08-16,2012-08-30,OPTSTK,UNIONBANK,260.0,CE,0.0,0.0,0.0,3.4,0.0,0,0.0,0
2012-08-16,2012-08-30,OPTSTK,UNIONBANK,270.0,CE,0.0,0.0,0.0,2.4,0.0,0,0.0,0
2012-08-16,2012-08-30,OPTSTK,UNIONBANK,280.0,CE,0.0,0.0,0.0,1.7,0.0,0,0.0,0
2012-08-16,2012-08-30,OPTSTK,UNIONBANK,290.0,CE,0.0,0.0,0.0,1.2,0.0,0,0.0,0
2012-08-16,2012-08-30,OPTSTK,UNIONBANK,300.0,CE,0.0,0.0,0.0,0.85,0.0,0,0.0,0
2012-08-16,2012-08-30,OPTSTK,UNIONBANK,110.0,PE,0.0,0.0,0.0,0.05,0.0,0,0.0,0
2012-08-16,2012-08-30,OPTSTK,UNIONBANK,120.0,PE,0.0,0.0,0.0,0.05,0.0,0,0.0,0
2012-08-16,2012-08-30,OPTSTK,UNIONBANK,130.0,PE,0.0,0.0,0.0,0.2,0.05,0,0.0,0
2012-08-16,2012-08-30,OPTSTK,UNIONBANK,140.0,PE,0.0,0.0,0.0,4.0,0.1,0,0.0,1000
2012-08-16,2012-08-30,OPTSTK,UNIONBANK,150.0,PE,0.55,0.55,0.55,0.55,0.55,1,1.5,4000
2012-08-16,2012-08-30,OPTSTK,UNIONBANK,160.0,PE,0.0,0.0,0.0,4.95,2.85,0,0.0,8000
2012-08-16,2012-08-30,OPTSTK,UNIONBANK,170.0,PE,0.0,0.0,0.0,4.5,7.6,0,0.0,1000
2012-08-16,2012-08-30,OPTSTK,UNIONBANK,180.0,PE,13.0,13.0,9.8,9.8,9.8,2,3.82,2000
2012-08-16,2012-08-30,OPTSTK,UNIONBANK,190.0,PE,0.0,0.0,0.0,9.5,23.85,0,0.0,0
2012-08-16,2012-08-30,OPTSTK,UNIONBANK,200.0,PE,0.0,0.0,0.0,13.7,33.55,0,0.0,0
2012-08-16,2012-08-30,OPTSTK,UNIONBANK,210.0,PE,0.0,0.0,0.0,18.85,43.45,0,0.0,0
2012-08-16,2012-08-30,OPTSTK,UNIONBANK,220.0,PE,0.0,0.0,0.0,24.85,53.4,0,0.0,0
2012-08-16,2012-08-30,OPTSTK,UNIONBANK,230.0,PE,0.0,0.0,0.0,31.65,63.35,0,0.0,0
2012-08-16,2012-08-30,OPTSTK,UNIONBANK,240.0,PE,0.0,0.0,0.0,39.1,73.3,0,0.0,0
2012-08-16,2012-08-30,OPTSTK,UNIONBANK,250.0,PE,0.0,0.0,0.0,47.05,83.3,0,0.0,0
2012-08-16,2012-08-30,OPTSTK,UNIONBANK,260.0,PE,0.0,0.0,0.0,55.5,93.25,0,0.0,0
2012-08-16,2012-08-30,OPTSTK,UNIONBANK,270.0,PE,0.0,0.0,0.0,64.25,103.2,0,0.0,0
2012-08-16,2012-08-30,OPTSTK,UNIONBANK,280.0,PE,0.0,0.0,0.0,73.3,113.2,0,0.0,0
2012-08-16,2012-08-30,OPTSTK,UNIONBANK,290.0,PE,0.0,0.0,0.0,82.55,123.15,0,0.0,0
2012-08-16,2012-08-30,OPTSTK,UNIONBANK,300.0,PE,0.0,0.0,0.0,91.95,133.1,0,0.0,0
2012-08-16,2012-09-27,OPTSTK,UNIONBANK,110.0,CE,0.0,0.0,0.0,97.55,57.05,0,0.0,0
2012-08-16,2012-09-27,OPTSTK,UNIONBANK,120.0,CE,0.0,0.0,0.0,87.8,47.25,0,0.0,0
2012-08-16,2012-09-27,OPTSTK,UNIONBANK,130.0,CE,0.0,0.0,0.0,78.1,37.6,0,0.0,0
2012-08-16,2012-09-27,OPTSTK,UNIONBANK,140.0,CE,0.0,0.0,0.0,68.5,28.55,0,0.0,0
2012-08-16,2012-09-27,OPTSTK,UNIONBANK,150.0,CE,0.0,0.0,0.0,59.15,20.4,0,0.0,0
2012-08-16,2012-09-27,OPTSTK,UNIONBANK,160.0,CE,0.0,0.0,0.0,50.2,13.7,0,0.0,0
2012-08-16,2012-09-27,OPTSTK,UNIONBANK,170.0,CE,0.0,0.0,0.0,41.75,8.6,0,0.0,0
2012-08-16,2012-09-27,OPTSTK,UNIONBANK,180.0,CE,0.0,0.0,0.0,34.05,5.05,0,0.0,0
2012-08-16,2012-09-27,OPTSTK,UNIONBANK,190.0,CE,0.0,0.0,0.0,27.2,2.8,0,0.0,0
2012-08-16,2012-09-27,OPTSTK,UNIONBANK,200.0,CE,0.0,0.0,0.0,21.35,1.5,0,0.0,0
2012-08-16,2012-09-27,OPTSTK,UNIONBANK,210.0,CE,0.0,0.0,0.0,16.4,0.75,0,0.0,0
2012-08-16,2012-09-27,OPTSTK,UNIONBANK,220.0,CE,0.0,0.0,0.0,12.35,0.35,0,0.0,0
2012-08-16,2012-09-27,OPTSTK,UNIONBANK,230.0,CE,0.0,0.0,0.0,9.15,0.15,0,0.0,0
2012-08-16,2012-09-27,OPTSTK,UNIONBANK,240.0,CE,0.0,0.0,0.0,6.7,0.1,0,0.0,0
2012-08-16,2012-09-27,OPTSTK,UNIONBANK,250.0,CE,0.0,0.0,0.0,4.8,0.05,0,0.0,0
2012-08-16,2012-09-27,OPTSTK,UNIONBANK,260.0,CE,0.0,0.0,0.0,3.4,0.05,0,0.0,0
2012-08-16,2012-09-27,OPTSTK,UNIONBANK,270.0,CE,0.0,0.0,0.0,2.4,0.0,0,0.0,0
2012-08-16,2012-09-27,OPTSTK,UNIONBANK,280.0,CE,0.0,0.0,0.0,1.65,0.0,0,0.0,0
2012-08-16,2012-09-27,OPTSTK,UNIONBANK,290.0,CE,0.0,0.0,0.0,1.15,0.0,0,0.0,0
2012-08-16,2012-09-27,OPTSTK,UNIONBANK,300.0,CE,0.0,0.0,0.0,0.75,0.0,0,0.0,0
2012-08-16,2012-09-27,OPTSTK,UNIONBANK,110.0,PE,0.0,0.0,0.0,0.05,0.05,0,0.0,0
2012-08-16,2012-09-27,OPTSTK,UNIONBANK,120.0,PE,0.0,0.0,0.0,0.05,0.1,0,0.0,0
2012-08-16,2012-09-27,OPTSTK,UNIONBANK,130.0,PE,0.0,0.0,0.0,0.1,0.35,0,0.0,0
2012-08-16,2012-09-27,OPTSTK,UNIONBANK,140.0,PE,0.0,0.0,0.0,0.3,1.2,0,0.0,0
2012-08-16,2012-09-27,OPTSTK,UNIONBANK,150.0,PE,0.0,0.0,0.0,0.7,2.95,0,0.0,0
2012-08-16,2012-09-27,OPTSTK,UNIONBANK,160.0,PE,0.0,0.0,0.0,1.5,6.15,0,0.0,0
2012-08-16,2012-09-27,OPTSTK,UNIONBANK,170.0,PE,0.0,0.0,0.0,2.85,10.95,0,0.0,0
2012-08-16,2012-09-27,OPTSTK,UNIONBANK,180.0,PE,0.0,0.0,0.0,4.95,17.3,0,0.0,0
2012-08-16,2012-09-27,OPTSTK,UNIONBANK,190.0,PE,0.0,0.0,0.0,7.85,24.95,0,0.0,0
2012-08-16,2012-09-27,OPTSTK,UNIONBANK,200.0,PE,0.0,0.0,0.0,11.7,33.5,0,0.0,0
2012-08-16,2012-09-27,OPTSTK,UNIONBANK,210.0,PE,0.0,0.0,0.0,16.55,42.65,0,0.0,0
2012-08-16,2012-09-27,OPTSTK,UNIONBANK,220.0,PE,0.0,0.0,0.0,22.3,52.2,0,0.0,0
2012-08-16,2012-09-27,OPTSTK,UNIONBANK,230.0,PE,0.0,0.0,0.0,28.85,61.9,0,0.0,0
2012-08-16,2012-09-27,OPTSTK,UNIONBANK,240.0,PE,0.0,0.0,0.0,36.15,71.7,0,0.0,0
2012-08-16,2012-09-27,OPTSTK,UNIONBANK,250.0,PE,0.0,0.0,0.0,44.05,81.55,0,0.0,0
2012-08-16,2012-09-27,OPTSTK,UNIONBANK,260.0,PE,0.0,0.0,0.0,52.4,91.45,0,0.0,0
2012-08-16,2012-09-27,OPTSTK,UNIONBANK,270.0,PE,0.0,0.0,0.0,61.15,101.35,0,0.0,0
2012-08-16,2012-09-27,OPTSTK,UNIONBANK,280.0,PE,0.0,0.0,0.0,70.2,111.25,0,0.0,0
2012-08-16,2012-09-27,OPTSTK,UNIONBANK,290.0,PE,0.0,0.0,0.0,79.45,121.1,0,0.0,0
2012-08-16,2012-09-27,OPTSTK,UNIONBANK,300.0,PE,0.0,0.0,0.0,88.85,131.0,0,0.0,0
2012-08-16,2012-10-25,OPTSTK,UNIONBANK,110.0,CE,0.0,0.0,0.0,70.5,57.9,0,0.0,0
2012-08-16,2012-10-25,OPTSTK,UNIONBANK,120.0,CE,0.0,0.0,0.0,60.75,48.35,0,0.0,0
2012-08-16,2012-10-25,OPTSTK,UNIONBANK,130.0,CE,0.0,0.0,0.0,51.2,39.2,0,0.0,0
2012-08-16,2012-10-25,OPTSTK,UNIONBANK,140.0,CE,0.0,0.0,0.0,42.0,30.75,0,0.0,0
2012-08-16,2012-10-25,OPTSTK,UNIONBANK,150.0,CE,0.0,0.0,0.0,33.35,23.25,0,0.0,0
2012-08-16,2012-10-25,OPTSTK,UNIONBANK,160.0,CE,0.0,0.0,0.0,25.65,16.95,0,0.0,0
2012-08-16,2012-10-25,OPTSTK,UNIONBANK,170.0,CE,0.0,0.0,0.0,19.0,11.95,0,0.0,0
2012-08-16,2012-10-25,OPTSTK,UNIONBANK,180.0,CE,0.0,0.0,0.0,13.55,8.1,0,0.0,0
2012-08-16,2012-10-25,OPTSTK,UNIONBANK,190.0,CE,0.0,0.0,0.0,9.35,5.35,0,0.0,0
2012-08-16,2012-10-25,OPTSTK,UNIONBANK,200.0,CE,0.0,0.0,0.0,6.25,3.45,0,0.0,0
2012-08-16,2012-10-25,OPTSTK,UNIONBANK,210.0,CE,0.0,0.0,0.0,4.05,2.15,0,0.0,0
2012-08-16,2012-10-25,OPTSTK,UNIONBANK,220.0,CE,0.0,0.0,0.0,2.55,1.3,0,0.0,0
2012-08-16,2012-10-25,OPTSTK,UNIONBANK,230.0,CE,0.0,0.0,0.0,1.6,0.8,0,0.0,0
2012-08-16,2012-10-25,OPTSTK,UNIONBANK,240.0,CE,0.0,0.0,0.0,0.95,0.45,0,0.0,0
2012-08-16,2012-10-25,OPTSTK,UNIONBANK,250.0,CE,0.0,0.0,0.0,0.55,0.3,0,0.0,0
2012-08-16,2012-10-25,OPTSTK,UNIONBANK,260.0,CE,0.0,0.0,0.0,0.35,0.15,0,0.0,0
2012-08-16,2012-10-25,OPTSTK,UNIONBANK,270.0,CE,0.0,0.0,0.0,0.2,0.1,0,0.0,0
2012-08-16,2012-10-25,OPTSTK,UNIONBANK,280.0,CE,0.0,0.0,0.0,0.1,0.05,0,0.0,0
2012-08-16,2012-10-25,OPTSTK,UNIONBANK,110.0,PE,0.0,0.0,0.0,0.05,0.1,0,0.0,0
2012-08-16,2012-10-25,OPTSTK,UNIONBANK,120.0,PE,0.0,0.0,0.0,0.1,0.4,0,0.0,0
2012-08-16,2012-10-25,OPTSTK,UNIONBANK,130.0,PE,0.0,0.0,0.0,0.3,1.05,0,0.0,0
2012-08-16,2012-10-25,OPTSTK,UNIONBANK,140.0,PE,0.0,0.0,0.0,0.85,2.4,0,0.0,0
2012-08-16,2012-10-25,OPTSTK,UNIONBANK,150.0,PE,0.0,0.0,0.0,2.0,4.8,0,0.0,0
2012-08-16,2012-10-25,OPTSTK,UNIONBANK,160.0,PE,0.0,0.0,0.0,4.05,8.3,0,0.0,0
2012-08-16,2012-10-25,OPTSTK,UNIONBANK,170.0,PE,0.0,0.0,0.0,7.15,13.1,0,0.0,0
2012-08-16,2012-10-25,OPTSTK,UNIONBANK,180.0,PE,0.0,0.0,0.0,11.55,19.15,0,0.0,0
2012-08-16,2012-10-25,OPTSTK,UNIONBANK,190.0,PE,0.0,0.0,0.0,17.1,26.2,0,0.0,0
2012-08-16,2012-10-25,OPTSTK,UNIONBANK,200.0,PE,0.0,0.0,0.0,23.75,34.1,0,0.0,0
2012-08-16,2012-10-25,OPTSTK,UNIONBANK,210.0,PE,0.0,0.0,0.0,31.35,42.65,0,0.0,0
2012-08-16,2012-10-25,OPTSTK,UNIONBANK,220.0,PE,0.0,0.0,0.0,39.6,51.65,0,0.0,0
2012-08-16,2012-10-25,OPTSTK,UNIONBANK,230.0,PE,0.0,0.0,0.0,48.4,60.95,0,0.0,0
2012-08-16,2012-10-25,OPTSTK,UNIONBANK,240.0,PE,0.0,0.0,0.0,57.55,70.45,0,0.0,0
2012-08-16,2012-10-25,OPTSTK,UNIONBANK,250.0,PE,0.0,0.0,0.0,66.95,80.1,0,0.0,0
2012-08-16,2012-10-25,OPTSTK,UNIONBANK,260.0,PE,0.0,0.0,0.0,76.5,89.8,0,0.0,0
2012-08-16,2012-10-25,OPTSTK,UNIONBANK,270.0,PE,0.0,0.0,0.0,86.1,99.55,0,0.0,0
2012-08-16,2012-10-25,OPTSTK,UNIONBANK,280.0,PE,0.0,0.0,0.0,95.8,109.35,0,0.0,0
2012-08-16,2012-08-30,OPTSTK,UNIPHOS,60.0,CE,0.0,0.0,0.0,52.25,56.75,0,0.0,0
2012-08-16,2012-08-30,OPTSTK,UNIPHOS,70.0,CE,0.0,0.0,0.0,42.6,46.8,0,0.0,0
2012-08-16,2012-08-30,OPTSTK,UNIPHOS,80.0,CE,0.0,0.0,0.0,33.3,36.85,0,0.0,0
2012-08-16,2012-08-30,OPTSTK,UNIPHOS,90.0,CE,0.0,0.0,0.0,24.8,26.85,0,0.0,0
2012-08-16,2012-08-30,OPTSTK,UNIPHOS,100.0,CE,0.0,0.0,0.0,17.5,16.9,0,0.0,0
2012-08-16,2012-08-30,OPTSTK,UNIPHOS,110.0,CE,7.95,7.95,7.95,7.95,7.95,1,2.35,2000
2012-08-16,2012-08-30,OPTSTK,UNIPHOS,120.0,CE,1.4,1.65,1.4,1.65,1.65,2,4.86,8000
2012-08-16,2012-08-30,OPTSTK,UNIPHOS,130.0,CE,0.0,0.0,0.0,0.8,0.1,0,0.0,14000
2012-08-16,2012-08-30,OPTSTK,UNIPHOS,140.0,CE,0.0,0.0,0.0,0.5,0.0,0,0.0,4000
2012-08-16,2012-08-30,OPTSTK,UNIPHOS,150.0,CE,0.0,0.0,0.0,1.6,0.0,0,0.0,0
2012-08-16,2012-08-30,OPTSTK,UNIPHOS,160.0,CE,0.0,0.0,0.0,0.9,0.0,0,0.0,0
2012-08-16,2012-08-30,OPTSTK,UNIPHOS,170.0,CE,0.0,0.0,0.0,0.5,0.0,0,0.0,0
2012-08-16,2012-08-30,OPTSTK,UNIPHOS,180.0,CE,0.0,0.0,0.0,0.3,0.0,0,0.0,0
2012-08-16,2012-08-30,OPTSTK,UNIPHOS,190.0,CE,0.0,0.0,0.0,0.15,0.0,0,0.0,0
2012-08-16,2012-08-30,OPTSTK,UNIPHOS,200.0,CE,0.0,0.0,0.0,0.1,0.0,0,0.0,0
2012-08-16,2012-08-30,OPTSTK,UNIPHOS,210.0,CE,0.0,0.0,0.0,0.05,0.0,0,0.0,0
2012-08-16,2012-08-30,OPTSTK,UNIPHOS,60.0,PE,0.0,0.0,0.0,0.05,0.0,0,0.0,0
2012-08-16,2012-08-30,OPTSTK,UNIPHOS,70.0,PE,0.0,0.0,0.0,0.15,0.0,0,0.0,0
2012-08-16,2012-08-30,OPTSTK,UNIPHOS,80.0,PE,0.0,0.0,0.0,0.6,0.0,0,0.0,0
2012-08-16,2012-08-30,OPTSTK,UNIPHOS,90.0,PE,0.0,0.0,0.0,1.85,0.0,0,0.0,0
2012-08-16,2012-08-30,OPTSTK,UNIPHOS,100.0,PE,0.0,0.0,0.0,0.25,0.0,0,0.0,4000
2012-08-16,2012-08-30,OPTSTK,UNIPHOS,110.0,PE,0.5,0.55,0.5,0.55,0.55,8,17.68,36000
2012-08-16,2012-08-30,OPTSTK,UNIPHOS,120.0,PE,0.0,0.0,0.0,2.0,4.4,0,0.0,10000
2012-08-16,2012-08-30,OPTSTK,UNIPHOS,130.0,PE,0.0,0.0,0.0,20.75,13.1,0,0.0,0
2012-08-16,2012-08-30,OPTSTK,UNIPHOS,140.0,PE,0.0,0.0,0.0,28.65,23.0,0,0.0,0
2012-08-16,2012-08-30,OPTSTK,UNIPHOS,150.0,PE,0.0,0.0,0.0,37.25,32.95,0,0.0,0
2012-08-16,2012-08-30,OPTSTK,UNIPHOS,160.0,PE,0.0,0.0,0.0,46.3,42.95,0,0.0,0
2012-08-16,2012-08-30,OPTSTK,UNIPHOS,170.0,PE,0.0,0.0,0.0,55.65,52.9,0,0.0,0
2012-08-16,2012-08-30,OPTSTK,UNIPHOS,180.0,PE,0.0,0.0,0.0,65.2,62.85,0,0.0,0
2012-08-16,2012-08-30,OPTSTK,UNIPHOS,190.0,PE,0.0,0.0,0.0,74.85,72.85,0,0.0,0
2012-08-16,2012-08-30,OPTSTK,UNIPHOS,200.0,PE,0.0,0.0,0.0,84.55,82.8,0,0.0,0
2012-08-16,2012-08-30,OPTSTK,UNIPHOS,210.0,PE,0.0,0.0,0.0,94.25,92.75,0,0.0,0
2012-08-16,2012-09-27,OPTSTK,UNIPHOS,60.0,CE,0.0,0.0,0.0,63.65,57.2,0,0.0,0
2012-08-16,2012-09-27,OPTSTK,UNIPHOS,70.0,CE,0.0,0.0,0.0,53.9,47.3,0,0.0,0
2012-08-16,2012-09-27,OPTSTK,UNIPHOS,80.0,CE,0.0,0.0,0.0,44.2,37.4,0,0.0,0
2012-08-16,2012-09-27,OPTSTK,UNIPHOS,90.0,CE,0.0,0.0,0.0,34.7,27.5,0,0.0,0
2012-08-16,2012-09-27,OPTSTK,UNIPHOS,100.0,CE,0.0,0.0,0.0,25.85,17.75,0,0.0,0
2012-08-16,2012-09-27,OPTSTK,UNIPHOS,110.0,CE,0.0,0.0,0.0,18.1,9.15,0,0.0,0
2012-08-16,2012-09-27,OPTSTK,UNIPHOS,120.0,CE,3.8,3.8,3.8,3.8,3.8,1,2.47,2000
2012-08-16,2012-09-27,OPTSTK,UNIPHOS,130.0,CE,0.0,0.0,0.0,7.35,0.9,0,0.0,0
2012-08-16,2012-09-27,OPTSTK,UNIPHOS,140.0,CE,0.0,0.0,0.0,4.3,0.2,0,0.0,0
2012-08-16,2012-09-27,OPTSTK,UNIPHOS,150.0,CE,0.0,0.0,0.0,2.4,0.05,0,0.0,0
2012-08-16,2012-09-27,OPTSTK,UNIPHOS,160.0,CE,0.0,0.0,0.0,1.25,0.0,0,0.0,0
2012-08-16,2012-09-27,OPTSTK,UNIPHOS,170.0,CE,0.0,0.0,0.0,0.65,0.0,0,0.0,0
2012-08-16,2012-09-27,OPTSTK,UNIPHOS,180.0,CE,0.0,0.0,0.0,0.35,0.0,0,0.0,0
2012-08-16,2012-09-27,OPTSTK,UNIPHOS,190.0,CE,0.0,0.0,0.0,0.15,0.0,0,0.0,0
2012-08-16,2012-09-27,OPTSTK,UNIPHOS,200.0,CE,0.0,0.0,0.0,0.1,0.0,0,0.0,0
2012-08-16,2012-09-27,OPTSTK,UNIPHOS,210.0,CE,0.0,0.0,0.0,0.05,0.0,0,0.0,0
2012-08-16,2012-09-27,OPTSTK,UNIPHOS,60.0,PE,0.0,0.0,0.0,0.05,0.0,0,0.0,0
2012-08-16,2012-09-27,OPTSTK,UNIPHOS,70.0,PE,0.0,0.0,0.0,0.05,0.0,0,0.0,0
2012-08-16,2012-09-27,OPTSTK,UNIPHOS,80.0,PE,0.0,0.0,0.0,0.1,0.0,0,0.0,0
2012-08-16,2012-09-27,OPTSTK,UNIPHOS,90.0,PE,0.0,0.0,0.0,0.35,0.05,0,0.0,0
2012-08-16,2012-09-27,OPTSTK,UNIPHOS,100.0,PE,0.0,0.0,0.0,1.25,0.2,0,0.0,0
2012-08-16,2012-09-27,OPTSTK,UNIPHOS,110.0,PE,0.0,0.0,0.0,3.3,1.45,0,0.0,0
2012-08-16,2012-09-27,OPTSTK,UNIPHOS,120.0,PE,0.0,0.0,0.0,6.85,5.65,0,0.0,0
2012-08-16,2012-09-27,OPTSTK,UNIPHOS,130.0,PE,0.0,0.0,0.0,12.05,13.0,0,0.0,0
2012-08-16,2012-09-27,OPTSTK,UNIPHOS,140.0,PE,0.0,0.0,0.0,18.8,22.2,0,0.0,0
2012-08-16,2012-09-27,OPTSTK,UNIPHOS,150.0,PE,0.0,0.0,0.0,26.65,31.95,0,0.0,0
2012-08-16,2012-09-27,OPTSTK,UNIPHOS,160.0,PE,0.0,0.0,0.0,35.3,41.8,0,0.0,0
2012-08-16,2012-09-27,OPTSTK,UNIPHOS,170.0,PE,0.0,0.0,0.0,44.45,51.7,0,0.0,0
2012-08-16,2012-09-27,OPTSTK,UNIPHOS,180.0,PE,0.0,0.0,0.0,53.9,61.6,0,0.0,0
2012-08-16,2012-09-27,OPTSTK,UNIPHOS,190.0,PE,0.0,0.0,0.0,63.5,71.5,0,0.0,0
2012-08-16,2012-09-27,OPTSTK,UNIPHOS,200.0,PE,0.0,0.0,0.0,73.2,81.4,0,0.0,0
2012-08-16,2012-09-27,OPTSTK,UNIPHOS,210.0,PE,0.0,0.0,0.0,82.9,91.3,0,0.0,0
2012-08-16,2012-10-25,OPTSTK,UNIPHOS,60.0,CE,0.0,0.0,0.0,61.4,57.6,0,0.0,0
2012-08-16,2012-10-25,OPTSTK,UNIPHOS,70.0,CE,0.0,0.0,0.0,51.6,47.75,0,0.0,0
2012-08-16,2012-10-25,OPTSTK,UNIPHOS,80.0,CE,0.0,0.0,0.0,41.85,37.95,0,0.0,0
2012-08-16,2012-10-25,OPTSTK,UNIPHOS,90.0,CE,0.0,0.0,0.0,32.2,28.15,0,0.0,0
2012-08-16,2012-10-25,OPTSTK,UNIPHOS,100.0,CE,0.0,0.0,0.0,23.05,18.75,0,0.0,0
2012-08-16,2012-10-25,OPTSTK,UNIPHOS,110.0,CE,0.0,0.0,0.0,15.05,10.7,0,0.0,0
2012-08-16,2012-10-25,OPTSTK,UNIPHOS,120.0,CE,0.0,0.0,0.0,8.9,5.05,0,0.0,0
2012-08-16,2012-10-25,OPTSTK,UNIPHOS,130.0,CE,0.0,0.0,0.0,4.75,1.95,0,0.0,0
2012-08-16,2012-10-25,OPTSTK,UNIPHOS,140.0,CE,0.0,0.0,0.0,2.3,0.65,0,0.0,0
2012-08-16,2012-10-25,OPTSTK,UNIPHOS,150.0,CE,0.0,0.0,0.0,1.0,0.2,0,0.0,0
2012-08-16,2012-10-25,OPTSTK,UNIPHOS,160.0,CE,0.0,0.0,0.0,0.45,0.05,0,0.0,0
2012-08-16,2012-10-25,OPTSTK,UNIPHOS,170.0,CE,0.0,0.0,0.0,0.15,0.05,0,0.0,0
2012-08-16,2012-10-25,OPTSTK,UNIPHOS,180.0,CE,0.0,0.0,0.0,0.1,0.0,0,0.0,0
2012-08-16,2012-10-25,OPTSTK,UNIPHOS,190.0,CE,0.0,0.0,0.0,0.05,0.0,0,0.0,0
2012-08-16,2012-10-25,OPTSTK,UNIPHOS,200.0,CE,0.0,0.0,0.0,0.05,0.0,0,0.0,0
2012-08-16,2012-10-25,OPTSTK,UNIPHOS,210.0,CE,0.0,0.0,0.0,0.05,0.0,0,0.0,0
2012-08-16,2012-10-25,OPTSTK,UNIPHOS,60.0,PE,0.0,0.0,0.0,0.05,0.0,0,0.0,0
2012-08-16,2012-10-25,OPTSTK,UNIPHOS,70.0,PE,0.0,0.0,0.0,0.05,0.0,0,0.0,0
2012-08-16,2012-10-25,OPTSTK,UNIPHOS,80.0,PE,0.0,0.0,0.0,0.05,0.0,0,0.0,0
2012-08-16,2012-10-25,OPTSTK,UNIPHOS,90.0,PE,0.0,0.0,0.0,0.15,0.05,0,0.0,0
2012-08-16,2012-10-25,OPTSTK,UNIPHOS,100.0,PE,0.0,0.0,0.0,0.8,0.5,0,0.0,0
2012-08-16,2012-10-25,OPTSTK,UNIPHOS,110.0,PE,0.0,0.0,0.0,2.55,2.25,0,0.0,0
2012-08-16,2012-10-25,OPTSTK,UNIPHOS,120.0,PE,0.0,0.0,0.0,6.15,6.4,0,0.0,0
2012-08-16,2012-10-25,OPTSTK,UNIPHOS,130.0,PE,0.0,0.0,0.0,11.8,13.15,0,0.0,0
2012-08-16,2012-10-25,OPTSTK,UNIPHOS,140.0,PE,0.0,0.0,0.0,19.1,21.7,0,0.0,0
2012-08-16,2012-10-25,OPTSTK,UNIPHOS,150.0,PE,0.0,0.0,0.0,27.6,31.05,0,0.0,0
2012-08-16,2012-10-25,OPTSTK,UNIPHOS,160.0,PE,0.0,0.0,0.0,36.8,40.75,0,0.0,0
2012-08-16,2012-10-25,OPTSTK,UNIPHOS,170.0,PE,0.0,0.0,0.0,46.3,50.55,0,0.0,0
2012-08-16,2012-10-25,OPTSTK,UNIPHOS,180.0,PE,0.0,0.0,0.0,56.0,60.4,0,0.0,0
2012-08-16,2012-10-25,OPTSTK,UNIPHOS,190.0,PE,0.0,0.0,0.0,65.75,70.2,0,0.0,0
2012-08-16,2012-10-25,OPTSTK,UNIPHOS,200.0,PE,0.0,0.0,0.0,75.5,80.05,0,0.0,0
2012-08-16,2012-10-25,OPTSTK,UNIPHOS,210.0,PE,0.0,0.0,0.0,85.25,89.85,0,0.0,0
2012-08-16,2012-08-30,OPTSTK,UNITECH,7.5,CE,0.0,0.0,0.0,14.05,13.85,0,0.0,0
2012-08-16,2012-08-30,OPTSTK,UNITECH,10.0,CE,0.0,0.0,0.0,11.6,11.35,0,0.0,0
2012-08-16,2012-08-30,OPTSTK,UNITECH,12.5,CE,0.0,0.0,0.0,9.25,8.85,0,0.0,0
2012-08-16,2012-08-30,OPTSTK,UNITECH,15.0,CE,0.0,0.0,0.0,6.35,6.35,0,0.0,0
2012-08-16,2012-08-30,OPTSTK,UNITECH,17.5,CE,0.0,0.0,0.0,3.95,3.9,0,0.0,8000
2012-08-16,2012-08-30,OPTSTK,UNITECH,20.0,CE,1.65,1.85,1.65,1.7,1.7,18,31.3,1064000
2012-08-16,2012-08-30,OPTSTK,UNITECH,22.5,CE,0.35,0.5,0.3,0.35,0.35,286,523.44,4776000
2012-08-16,2012-08-30,OPTSTK,UNITECH,25.0,CE,0.1,0.15,0.1,0.1,0.1,35,70.28,4056000
2012-08-16,2012-08-30,OPTSTK,UNITECH,27.5,CE,0.05,0.05,0.05,0.05,0.05,1,2.2,760000
2012-08-16,2012-08-30,OPTSTK,UNITECH,30.0,CE,0.0,0.0,0.0,0.05,0.0,0,0.0,160000
2012-08-16,2012-08-30,OPTSTK,UNITECH,32.5,CE,0.0,0.0,0.0,0.05,0.0,0,0.0,8000
2012-08-16,2012-08-30,OPTSTK,UNITECH,35.0,CE,0.0,0.0,0.0,0.25,0.0,0,0.0,0
2012-08-16,2012-08-30,OPTSTK,UNITECH,37.5,CE,0.0,0.0,0.0,0.15,0.0,0,0.0,0
2012-08-16,2012-08-30,OPTSTK,UNITECH,40.0,CE,0.0,0.0,0.0,0.1,0.0,0,0.0,0
2012-08-16,2012-08-30,OPTSTK,UNITECH,42.5,CE,0.0,0.0,0.0,0.05,0.0,0,0.0,0
2012-08-16,2012-08-30,OPTSTK,UNITECH,45.0,CE,0.0,0.0,0.0,0.05,0.0,0,0.0,0
2012-08-16,2012-08-30,OPTSTK,UNITECH,47.5,CE,0.0,0.0,0.0,0.05,0.0,0,0.0,0
2012-08-16,2012-08-30,OPTSTK,UNITECH,7.5,PE,0.0,0.0,0.0,0.05,0.0,0,0.0,0
2012-08-16,2012-08-30,OPTSTK,UNITECH,10.0,PE,0.0,0.0,0.0,0.05,0.0,0,0.0,0
2012-08-16,2012-08-30,OPTSTK,UNITECH,12.5,PE,0.0,0.0,0.0,0.1,0.0,0,0.0,0
2012-08-16,2012-08-30,OPTSTK,UNITECH,15.0,PE,0.0,0.0,0.0,0.05,0.0,0,0.0,8000
2012-08-16,2012-08-30,OPTSTK,UNITECH,17.5,PE,0.05,0.1,0.05,0.1,0.1,16,22.47,856000
2012-08-16,2012-08-30,OPTSTK,UNITECH,20.0,PE,0.4,0.45,0.25,0.3,0.3,55,89.33,1728000
2012-08-16,2012-08-30,OPTSTK,UNITECH,22.5,PE,1.4,1.4,1.3,1.4,1.4,12,22.92,744000
2012-08-16,2012-08-30,OPTSTK,UNITECH,25.0,PE,0.0,0.0,0.0,3.5,3.65,0,0.0,40000
2012-08-16,2012-08-30,OPTSTK,UNITECH,27.5,PE,0.0,0.0,0.0,6.45,6.15,0,0.0,0
2012-08-16,2012-08-30,OPTSTK,UNITECH,30.0,PE,0.0,0.0,0.0,8.85,8.6,0,0.0,24000
2012-08-16,2012-08-30,OPTSTK,UNITECH,32.5,PE,0.0,0.0,0.0,10.75,11.1,0,0.0,0
2012-08-16,2012-08-30,OPTSTK,UNITECH,35.0,PE,0.0,0.0,0.0,13.05,13.6,0,0.0,0
2012-08-16,2012-08-30,OPTSTK,UNITECH,37.5,PE,0.0,0.0,0.0,15.4,16.1,0,0.0,0
2012-08-16,2012-08-30,OPTSTK,UNITECH,40.0,PE,0.0,0.0,0.0,17.8,18.6,0,0.0,0
2012-08-16,2012-08-30,OPTSTK,UNITECH,42.5,PE,0.0,0.0,0.0,20.2,21.1,0,0.0,0
2012-08-16,2012-08-30,OPTSTK,UNITECH,45.0,PE,0.0,0.0,0.0,22.6,23.55,0,0.0,0
2012-08-16,2012-08-30,OPTSTK,UNITECH,47.5,PE,0.0,0.0,0.0,25.05,26.05,0,0.0,0
2012-08-16,2012-09-27,OPTSTK,UNITECH,7.5,CE,0.0,0.0,0.0,13.8,13.9,0,0.0,0
2012-08-16,2012-09-27,OPTSTK,UNITECH,10.0,CE,0.0,0.0,0.0,11.35,11.4,0,0.0,0
2012-08-16,2012-09-27,OPTSTK,UNITECH,12.5,CE,0.0,0.0,0.0,8.95,8.95,0,0.0,0
2012-08-16,2012-09-27,OPTSTK,UNITECH,15.0,CE,0.0,0.0,0.0,6.6,6.5,0,0.0,0
2012-08-16,2012-09-27,OPTSTK,UNITECH,17.5,CE,0.0,0.0,0.0,4.55,4.1,0,0.0,0
2012-08-16,2012-09-27,OPTSTK,UNITECH,20.0,CE,0.0,0.0,0.0,2.9,2.1,0,0.0,0
2012-08-16,2012-09-27,OPTSTK,UNITECH,22.5,CE,1.2,1.2,1.2,1.2,1.2,2,3.79,72000
2012-08-16,2012-09-27,OPTSTK,UNITECH,25.0,CE,0.0,0.0,0.0,0.7,0.3,0,0.0,16000
2012-08-16,2012-09-27,OPTSTK,UNITECH,27.5,CE,0.0,0.0,0.0,0.4,0.1,0,0.0,8000
2012-08-16,2012-09-27,OPTSTK,UNITECH,30.0,CE,0.0,0.0,0.0,0.3,0.05,0,0.0,0
2012-08-16,2012-09-27,OPTSTK,UNITECH,32.5,CE,0.0,0.0,0.0,0.15,0.0,0,0.0,0
2012-08-16,2012-09-27,OPTSTK,UNITECH,35.0,CE,0.0,0.0,0.0,0.1,0.0,0,0.0,0
2012-08-16,2012-09-27,OPTSTK,UNITECH,37.5,CE,0.0,0.0,0.0,0.05,0.0,0,0.0,0
2012-08-16,2012-09-27,OPTSTK,UNITECH,40.0,CE,0.0,0.0,0.0,0.05,0.0,0,0.0,0
2012-08-16,2012-09-27,OPTSTK,UNITECH,42.5,CE,0.0,0.0,0.0,0.05,0.0,0,0.0,0
2012-08-16,2012-09-27,OPTSTK,UNITECH,45.0,CE,0.0,0.0,0.0,0.05,0.0,0,0.0,0
2012-08-16,2012-09-27,OPTSTK,UNITECH,7.5,PE,0.0,0.0,0.0,0.05,0.0,0,0.0,0
2012-08-16,2012-09-27,OPTSTK,UNITECH,10.0,PE,0.0,0.0,0.0,0.05,0.0,0,0.0,0
2012-08-16,2012-09-27,OPTSTK,UNITECH,12.5,PE,0.0,0.0,0.0,0.05,0.0,0,0.0,0
2012-08-16,2012-09-27,OPTSTK,UNITECH,15.0,PE,0.0,0.0,0.0,0.15,0.05,0,0.0,0
2012-08-16,2012-09-27,OPTSTK,UNITECH,17.5,PE,0.0,0.0,0.0,0.55,0.1,0,0.0,0
2012-08-16,2012-09-27,OPTSTK,UNITECH,20.0,PE,0.0,0.0,0.0,0.9,0.6,0,0.0,72000
2012-08-16,2012-09-27,OPTSTK,UNITECH,22.5,PE,0.0,0.0,0.0,2.6,1.85,0,0.0,0
2012-08-16,2012-09-27,OPTSTK,UNITECH,25.0,PE,0.0,0.0,0.0,4.3,3.75,0,0.0,0
2012-08-16,2012-09-27,OPTSTK,UNITECH,27.5,PE,0.0,0.0,0.0,6.3,6.0,0,0.0,0
2012-08-16,2012-09-27,OPTSTK,UNITECH,30.0,PE,0.0,0.0,0.0,8.5,8.4,0,0.0,0
2012-08-16,2012-09-27,OPTSTK,UNITECH,32.5,PE,0.0,0.0,0.0,10.8,10.9,0,0.0,0
2012-08-16,2012-09-27,OPTSTK,UNITECH,35.0,PE,0.0,0.0,0.0,13.15,13.35,0,0.0,0
2012-08-16,2012-09-27,OPTSTK,UNITECH,37.5,PE,0.0,0.0,0.0,15.6,15.85,0,0.0,0
2012-08-16,2012-09-27,OPTSTK,UNITECH,40.0,PE,0.0,0.0,0.0,18.0,18.3,0,0.0,0
2012-08-16,2012-09-27,OPTSTK,UNITECH,42.5,PE,0.0,0.0,0.0,20.45,20.8,0,0.0,0
2012-08-16,2012-09-27,OPTSTK,UNITECH,45.0,PE,0.0,0.0,0.0,22.9,23.25,0,0.0,0
2012-08-16,2012-10-25,OPTSTK,UNITECH,7.5,CE,0.0,0.0,0.0,13.35,13.95,0,0.0,0
2012-08-16,2012-10-25,OPTSTK,UNITECH,10.0,CE,0.0,0.0,0.0,10.9,11.5,0,0.0,0
2012-08-16,2012-10-25,OPTSTK,UNITECH,12.5,CE,0.0,0.0,0.0,8.5,9.05,0,0.0,0
2012-08-16,2012-10-25,OPTSTK,UNITECH,15.0,CE,0.0,0.0,0.0,6.3,6.6,0,0.0,0
2012-08-16,2012-10-25,OPTSTK,UNITECH,17.5,CE,0.0,0.0,0.0,4.4,4.35,0,0.0,0
2012-08-16,2012-10-25,OPTSTK,UNITECH,20.0,CE,0.0,0.0,0.0,2.95,2.5,0,0.0,0
2012-08-16,2012-10-25,OPTSTK,UNITECH,22.5,CE,0.0,0.0,0.0,1.85,1.3,0,0.0,0
2012-08-16,2012-10-25,OPTSTK,UNITECH,25.0,CE,0.0,0.0,0.0,1.15,0.6,0,0.0,0
2012-08-16,2012-10-25,OPTSTK,UNITECH,27.5,CE,0.0,0.0,0.0,0.7,0.25,0,0.0,0
2012-08-16,2012-10-25,OPTSTK,UNITECH,30.0,CE,0.0,0.0,0.0,0.4,0.1,0,0.0,0
2012-08-16,2012-10-25,OPTSTK,UNITECH,32.5,CE,0.0,0.0,0.0,0.25,0.05,0,0.0,0
2012-08-16,2012-10-25,OPTSTK,UNITECH,35.0,CE,0.0,0.0,0.0,0.15,0.05,0,0.0,0
2012-08-16,2012-10-25,OPTSTK,UNITECH,37.5,CE,0.0,0.0,0.0,0.1,0.0,0,0.0,0
2012-08-16,2012-10-25,OPTSTK,UNITECH,40.0,CE,0.0,0.0,0.0,0.05,0.0,0,0.0,0
2012-08-16,2012-10-25,OPTSTK,UNITECH,42.5,CE,0.0,0.0,0.0,0.05,0.0,0,0.0,0
2012-08-16,2012-10-25,OPTSTK,UNITECH,45.0,CE,0.0,0.0,0.0,0.05,0.0,0,0.0,0
2012-08-16,2012-10-25,OPTSTK,UNITECH,7.5,PE,0.0,0.0,0.0,0.05,0.0,0,0.0,0
2012-08-16,2012-10-25,OPTSTK,UNITECH,10.0,PE,0.0,0.0,0.0,0.05,0.0,0,0.0,0
2012-08-16,2012-10-25,OPTSTK,UNITECH,12.5,PE,0.0,0.0,0.0,0.1,0.0,0,0.0,0
2012-08-16,2012-10-25,OPTSTK,UNITECH,15.0,PE,0.0,0.0,0.0,0.3,0.05,0,0.0,0
2012-08-16,2012-10-25,OPTSTK,UNITECH,17.5,PE,0.0,0.0,0.0,0.85,0.25,0,0.0,0
2012-08-16,2012-10-25,OPTSTK,UNITECH,20.0,PE,0.0,0.0,0.0,1.85,0.9,0,0.0,0
2012-08-16,2012-10-25,OPTSTK,UNITECH,22.5,PE,0.0,0.0,0.0,3.2,2.1,0,0.0,0
2012-08-16,2012-10-25,OPTSTK,UNITECH,25.0,PE,0.0,0.0,0.0,4.95,3.85,0,0.0,0
2012-08-16,2012-10-25,OPTSTK,UNITECH,27.5,PE,0.0,0.0,0.0,6.9,5.95,0,0.0,0
2012-08-16,2012-10-25,OPTSTK,UNITECH,30.0,PE,0.0,0.0,0.0,9.1,8.3,0,0.0,0
2012-08-16,2012-10-25,OPTSTK,UNITECH,32.5,PE,0.0,0.0,0.0,11.35,10.7,0,0.0,0
2012-08-16,2012-10-25,OPTSTK,UNITECH,35.0,PE,0.0,0.0,0.0,13.7,13.15,0,0.0,0
2012-08-16,2012-10-25,OPTSTK,UNITECH,37.5,PE,0.0,0.0,0.0,16.1,15.6,0,0.0,0
2012-08-16,2012-10-25,OPTSTK,UNITECH,40.0,PE,0.0,0.0,0.0,18.5,18.05,0,0.0,0
2012-08-16,2012-10-25,OPTSTK,UNITECH,42.5,PE,0.0,0.0,0.0,20.95,20.5,0,0.0,0
2012-08-16,2012-10-25,OPTSTK,UNITECH,45.0,PE,0.0,0.0,0.0,23.35,22.95,0,0.0,0
2012-08-16,2012-08-30,OPTSTK,VIDEOIND,120.0,CE,0.0,0.0,0.0,51.55,52.35,0,0.0,0
2012-08-16,2012-08-30,OPTSTK,VIDEOIND,130.0,CE,0.0,0.0,0.0,41.8,42.4,0,0.0,0
2012-08-16,2012-08-30,OPTSTK,VIDEOIND,140.0,CE,0.0,0.0,0.0,32.2,32.45,0,0.0,0
2012-08-16,2012-08-30,OPTSTK,VIDEOIND,150.0,CE,0.0,0.0,0.0,22.95,22.45,0,0.0,0
2012-08-16,2012-08-30,OPTSTK,VIDEOIND,160.0,CE,0.0,0.0,0.0,14.8,12.5,0,0.0,0
2012-08-16,2012-08-30,OPTSTK,VIDEOIND,170.0,CE,0.0,0.0,0.0,4.75,3.6,0,0.0,2000
2012-08-16,2012-08-30,OPTSTK,VIDEOIND,180.0,CE,0.0,0.0,0.0,4.25,0.25,0,0.0,0
2012-08-16,2012-08-30,OPTSTK,VIDEOIND,190.0,CE,0.0,0.0,0.0,1.9,0.0,0,0.0,0
2012-08-16,2012-08-30,OPTSTK,VIDEOIND,200.0,CE,0.0,0.0,0.0,0.75,0.0,0,0.0,0
2012-08-16,2012-08-30,OPTSTK,VIDEOIND,210.0,CE,0.0,0.0,0.0,0.25,0.0,0,0.0,0
2012-08-16,2012-08-30,OPTSTK,VIDEOIND,220.0,CE,0.0,0.0,0.0,0.1,0.0,0,0.0,0
2012-08-16,2012-08-30,OPTSTK,VIDEOIND,230.0,CE,0.0,0.0,0.0,0.05,0.0,0,0.0,0
2012-08-16,2012-08-30,OPTSTK,VIDEOIND,240.0,CE,0.0,0.0,0.0,0.05,0.0,0,0.0,0
2012-08-16,2012-08-30,OPTSTK,VIDEOIND,250.0,CE,0.0,0.0,0.0,0.05,0.0,0,0.0,0
2012-08-16,2012-08-30,OPTSTK,VIDEOIND,260.0,CE,0.0,0.0,0.0,0.05,0.0,0,0.0,0
2012-08-16,2012-08-30,OPTSTK,VIDEOIND,270.0,CE,0.0,0.0,0.0,0.05,0.0,0,0.0,0
2012-08-16,2012-08-30,OPTSTK,VIDEOIND,120.0,PE,0.0,0.0,0.0,0.05,0.0,0,0.0,0
2012-08-16,2012-08-30,OPTSTK,VIDEOIND,130.0,PE,0.0,0.0,0.0,0.05,0.0,0,0.0,0
2012-08-16,2012-08-30,OPTSTK,VIDEOIND,140.0,PE,0.0,0.0,0.0,0.15,0.0,0,0.0,0
2012-08-16,2012-08-30,OPTSTK,VIDEOIND,150.0,PE,0.0,0.0,0.0,0.7,0.0,0,0.0,0
2012-08-16,2012-08-30,OPTSTK,VIDEOIND,160.0,PE,0.0,0.0,0.0,2.0,0.05,0,0.0,0
2012-08-16,2012-08-30,OPTSTK,VIDEOIND,170.0,PE,0.0,0.0,0.0,3.0,1.1,0,0.0,0
2012-08-16,2012-08-30,OPTSTK,VIDEOIND,180.0,PE,0.0,0.0,0.0,11.25,7.7,0,0.0,0
2012-08-16,2012-08-30,OPTSTK,VIDEOIND,190.0,PE,0.0,0.0,0.0,18.65,17.45,0,0.0,0
2012-08-16,2012-08-30,OPTSTK,VIDEOIND,200.0,PE,0.0,0.0,0.0,27.25,27.4,0,0.0,0
2012-08-16,2012-08-30,OPTSTK,VIDEOIND,210.0,PE,0.0,0.0,0.0,36.55,37.35,0,0.0,0
2012-08-16,2012-08-30,OPTSTK,VIDEOIND,220.0,PE,0.0,0.0,0.0,46.15,47.35,0,0.0,0
2012-08-16,2012-08-30,OPTSTK,VIDEOIND,230.0,PE,0.0,0.0,0.0,55.85,57.3,0,0.0,0
2012-08-16,2012-08-30,OPTSTK,VIDEOIND,240.0,PE,0.0,0.0,0.0,65.6,67.25,0,0.0,0
2012-08-16,2012-08-30,OPTSTK,VIDEOIND,250.0,PE,0.0,0.0,0.0,75.35,77.25,0,0.0,0
2012-08-16,2012-08-30,OPTSTK,VIDEOIND,260.0,PE,0.0,0.0,0.0,85.1,87.2,0,0.0,0
2012-08-16,2012-08-30,OPTSTK,VIDEOIND,270.0,PE,0.0,0.0,0.0,94.85,97.15,0,0.0,0
2012-08-16,2012-09-27,OPTSTK,VIDEOIND,120.0,CE,0.0,0.0,0.0,52.8,53.2,0,0.0,0
2012-08-16,2012-09-27,OPTSTK,VIDEOIND,130.0,CE,0.0,0.0,0.0,43.05,43.3,0,0.0,0
2012-08-16,2012-09-27,OPTSTK,VIDEOIND,140.0,CE,0.0,0.0,0.0,33.3,33.4,0,0.0,0
2012-08-16,2012-09-27,OPTSTK,VIDEOIND,150.0,CE,0.0,0.0,0.0,23.8,23.55,0,0.0,0
2012-08-16,2012-09-27,OPTSTK,VIDEOIND,160.0,CE,0.0,0.0,0.0,15.05,13.85,0,0.0,0
2012-08-16,2012-09-27,OPTSTK,VIDEOIND,170.0,CE,0.0,0.0,0.0,8.15,5.8,0,0.0,0
2012-08-16,2012-09-27,OPTSTK,VIDEOIND,180.0,CE,0.0,0.0,0.0,3.65,1.45,0,0.0,0
2012-08-16,2012-09-27,OPTSTK,VIDEOIND,190.0,CE,0.0,0.0,0.0,1.35,0.2,0,0.0,0
2012-08-16,2012-09-27,OPTSTK,VIDEOIND,200.0,CE,0.0,0.0,0.0,0.4,0.05,0,0.0,0
2012-08-16,2012-09-27,OPTSTK,VIDEOIND,210.0,CE,0.0,0.0,0.0,0.1,0.0,0,0.0,0
2012-08-16,2012-09-27,OPTSTK,VIDEOIND,220.0,CE,0.0,0.0,0.0,0.05,0.0,0,0.0,0
2012-08-16,2012-09-27,OPTSTK,VIDEOIND,230.0,CE,0.0,0.0,0.0,0.05,0.0,0,0.0,0
2012-08-16,2012-09-27,OPTSTK,VIDEOIND,240.0,CE,0.0,0.0,0.0,0.05,0.0,0,0.0,0
2012-08-16,2012-09-27,OPTSTK,VIDEOIND,250.0,CE,0.0,0.0,0.0,0.05,0.0,0,0.0,0
2012-08-16,2012-09-27,OPTSTK,VIDEOIND,260.0,CE,0.0,0.0,0.0,0.05,0.0,0,0.0,0
2012-08-16,2012-09-27,OPTSTK,VIDEOIND,270.0,CE,0.0,0.0,0.0,0.05,0.0,0,0.0,0
2012-08-16,2012-09-27,OPTSTK,VIDEOIND,120.0,PE,0.0,0.0,0.0,0.05,0.0,0,0.0,0
2012-08-16,2012-09-27,OPTSTK,VIDEOIND,130.0,PE,0.0,0.0,0.0,0.05,0.0,0,0.0,0
2012-08-16,2012-09-27,OPTSTK,VIDEOIND,140.0,PE,0.0,0.0,0.0,0.05,0.0,0,0.0,0
2012-08-16,2012-09-27,OPTSTK,VIDEOIND,150.0,PE,0.0,0.0,0.0,0.3,0.05,0,0.0,0
2012-08-16,2012-09-27,OPTSTK,VIDEOIND,160.0,PE,0.0,0.0,0.0,1.35,0.25,0,0.0,0
2012-08-16,2012-09-27,OPTSTK,VIDEOIND,170.0,PE,0.0,0.0,0.0,4.2,2.1,0,0.0,0
2012-08-16,2012-09-27,OPTSTK,VIDEOIND,180.0,PE,0.0,0.0,0.0,9.45,7.65,0,0.0,0
2012-08-16,2012-09-27,OPTSTK,VIDEOIND,190.0,PE,0.0,0.0,0.0,16.95,16.3,0,0.0,0
2012-08-16,2012-09-27,OPTSTK,VIDEOIND,200.0,PE,0.0,0.0,0.0,25.75,26.0,0,0.0,0
2012-08-16,2012-09-27,OPTSTK,VIDEOIND,210.0,PE,0.0,0.0,0.0,35.25,35.9,0,0.0,0
2012-08-16,2012-09-27,OPTSTK,VIDEOIND,220.0,PE,0.0,0.0,0.0,44.9,45.8,0,0.0,0
2012-08-16,2012-09-27,OPTSTK,VIDEOIND,230.0,PE,0.0,0.0,0.0,54.65,55.7,0,0.0,0
2012-08-16,2012-09-27,OPTSTK,VIDEOIND,240.0,PE,0.0,0.0,0.0,64.45,65.6,0,0.0,0
2012-08-16,2012-09-27,OPTSTK,VIDEOIND,250.0,PE,0.0,0.0,0.0,74.2,75.5,0,0.0,0
2012-08-16,2012-09-27,OPTSTK,VIDEOIND,260.0,PE,0.0,0.0,0.0,83.95,85.4,0,0.0,0
2012-08-16,2012-09-27,OPTSTK,VIDEOIND,270.0,PE,0.0,0.0,0.0,93.75,95.3,0,0.0,0
2012-08-16,2012-08-30,OPTSTK,VIJAYABANK,25.0,CE,0.0,0.0,0.0,30.9,27.6,0,0.0,0
2012-08-16,2012-08-30,OPTSTK,VIJAYABANK,30.0,CE,0.0,0.0,0.0,26.05,22.6,0,0.0,0
2012-08-16,2012-08-30,OPTSTK,VIJAYABANK,35.0,CE,0.0,0.0,0.0,21.2,17.65,0,0.0,0
2012-08-16,2012-08-30,OPTSTK,VIJAYABANK,40.0,CE,0.0,0.0,0.0,16.55,12.65,0,0.0,0
2012-08-16,2012-08-30,OPTSTK,VIJAYABANK,45.0,CE,0.0,0.0,0.0,12.25,7.65,0,0.0,0
2012-08-16,2012-08-30,OPTSTK,VIJAYABANK,50.0,CE,3.1,3.6,3.1,3.6,3.6,2,4.26,28000
2012-08-16,2012-08-30,OPTSTK,VIJAYABANK,55.0,CE,0.75,0.8,0.65,0.65,0.65,9,20.06,304000
2012-08-16,2012-08-30,OPTSTK,VIJAYABANK,60.0,CE,0.15,0.15,0.15,0.15,0.15,1,2.4,244000
2012-08-16,2012-08-30,OPTSTK,VIJAYABANK,65.0,CE,0.0,0.0,0.0,0.05,0.0,0,0.0,108000
2012-08-16,2012-08-30,OPTSTK,VIJAYABANK,70.0,CE,0.0,0.0,0.0,0.05,0.0,0,0.0,4000
2012-08-16,2012-08-30,OPTSTK,VIJAYABANK,75.0,CE,0.0,0.0,0.0,0.7,0.0,0,0.0,0
2012-08-16,2012-08-30,OPTSTK,VIJAYABANK,80.0,CE,0.0,0.0,0.0,0.4,0.0,0,0.0,0
2012-08-16,2012-08-30,OPTSTK,VIJAYABANK,85.0,CE,0.0,0.0,0.0,0.2,0.0,0,0.0,0
2012-08-16,2012-08-30,OPTSTK,VIJAYABANK,90.0,CE,0.0,0.0,0.0,0.1,0.0,0,0.0,0
2012-08-16,2012-08-30,OPTSTK,VIJAYABANK,95.0,CE,0.0,0.0,0.0,0.05,0.0,0,0.0,0
2012-08-16,2012-08-30,OPTSTK,VIJAYABANK,25.0,PE,0.0,0.0,0.0,0.05,0.0,0,0.0,0
2012-08-16,2012-08-30,OPTSTK,VIJAYABANK,30.0,PE,0.0,0.0,0.0,0.05,0.0,0,0.0,0
2012-08-16,2012-08-30,OPTSTK,VIJAYABANK,35.0,PE,0.0,0.0,0.0,0.05,0.0,0,0.0,0
2012-08-16,2012-08-30,OPTSTK,VIJAYABANK,40.0,PE,0.0,0.0,0.0,0.3,0.0,0,0.0,16000
2012-08-16,2012-08-30,OPTSTK,VIJAYABANK,45.0,PE,0.0,0.0,0.0,0.05,0.0,0,0.0,16000
2012-08-16,2012-08-30,OPTSTK,VIJAYABANK,50.0,PE,0.0,0.0,0.0,0.45,0.35,0,0.0,80000
2012-08-16,2012-08-30,OPTSTK,VIJAYABANK,55.0,PE,0.0,0.0,0.0,2.8,2.75,0,0.0,72000
2012-08-16,2012-08-30,OPTSTK,VIJAYABANK,60.0,PE,0.0,0.0,0.0,5.9,7.35,0,0.0,4000
2012-08-16,2012-08-30,OPTSTK,VIJAYABANK,65.0,PE,0.0,0.0,0.0,10.25,12.3,0,0.0,0
2012-08-16,2012-08-30,OPTSTK,VIJAYABANK,70.0,PE,0.0,0.0,0.0,14.25,17.3,0,0.0,0
2012-08-16,2012-08-30,OPTSTK,VIJAYABANK,75.0,PE,0.0,0.0,0.0,18.6,22.25,0,0.0,0
2012-08-16,2012-08-30,OPTSTK,VIJAYABANK,80.0,PE,0.0,0.0,0.0,23.15,27.25,0,0.0,0
2012-08-16,2012-08-30,OPTSTK,VIJAYABANK,85.0,PE,0.0,0.0,0.0,27.85,32.25,0,0.0,0
2012-08-16,2012-08-30,OPTSTK,VIJAYABANK,90.0,PE,0.0,0.0,0.0,32.65,37.2,0,0.0,0
2012-08-16,2012-08-30,OPTSTK,VIJAYABANK,95.0,PE,0.0,0.0,0.0,37.5,42.2,0,0.0,0
2012-08-16,2012-09-27,OPTSTK,VIJAYABANK,25.0,CE,0.0,0.0,0.0,32.2,27.8,0,0.0,0
2012-08-16,2012-09-27,OPTSTK,VIJAYABANK,30.0,CE,0.0,0.0,0.0,27.3,22.85,0,0.0,0
2012-08-16,2012-09-27,OPTSTK,VIJAYABANK,35.0,CE,0.0,0.0,0.0,22.45,17.9,0,0.0,0
2012-08-16,2012-09-27,OPTSTK,VIJAYABANK,40.0,CE,0.0,0.0,0.0,17.6,12.95,0,0.0,0
2012-08-16,2012-09-27,OPTSTK,VIJAYABANK,45.0,CE,0.0,0.0,0.0,12.9,8.1,0,0.0,0
2012-08-16,2012-09-27,OPTSTK,VIJAYABANK,50.0,CE,0.0,0.0,0.0,8.7,3.95,0,0.0,0
2012-08-16,2012-09-27,OPTSTK,VIJAYABANK,55.0,CE,2.0,2.0,2.0,2.0,2.0,1,2.28,24000
2012-08-16,2012-09-27,OPTSTK,VIJAYABANK,60.0,CE,0.0,0.0,0.0,2.95,0.35,0,0.0,0
2012-08-16,2012-09-27,OPTSTK,VIJAYABANK,65.0,CE,0.0,0.0,0.0,1.5,0.05,0,0.0,0
2012-08-16,2012-09-27,OPTSTK,VIJAYABANK,70.0,CE,0.0,0.0,0.0,0.7,0.05,0,0.0,0
2012-08-16,2012-09-27,OPTSTK,VIJAYABANK,75.0,CE,0.0,0.0,0.0,0.3,0.0,0,0.0,0
2012-08-16,2012-09-27,OPTSTK,VIJAYABANK,80.0,CE,0.0,0.0,0.0,0.15,0.0,0,0.0,0
2012-08-16,2012-09-27,OPTSTK,VIJAYABANK,85.0,CE,0.0,0.0,0.0,0.05,0.0,0,0.0,0
2012-08-16,2012-09-27,OPTSTK,VIJAYABANK,90.0,CE,0.0,0.0,0.0,0.05,0.0,0,0.0,0
2012-08-16,2012-09-27,OPTSTK,VIJAYABANK,95.0,CE,0.0,0.0,0.0,0.05,0.0,0,0.0,0
2012-08-16,2012-09-27,OPTSTK,VIJAYABANK,25.0,PE,0.0,0.0,0.0,0.05,0.0,0,0.0,0
2012-08-16,2012-09-27,OPTSTK,VIJAYABANK,30.0,PE,0.0,0.0,0.0,0.05,0.0,0,0.0,0
2012-08-16,2012-09-27,OPTSTK,VIJAYABANK,35.0,PE,0.0,0.0,0.0,0.05,0.0,0,0.0,0
2012-08-16,2012-09-27,OPTSTK,VIJAYABANK,40.0,PE,0.0,0.0,0.0,0.05,0.0,0,0.0,0
2012-08-16,2012-09-27,OPTSTK,VIJAYABANK,45.0,PE,0.0,0.0,0.0,0.95,0.15,0,0.0,48000
2012-08-16,2012-09-27,OPTSTK,VIJAYABANK,50.0,PE,1.4,1.4,1.4,1.4,1.4,1,2.05,16000
2012-08-16,2012-09-27,OPTSTK,VIJAYABANK,55.0,PE,0.0,0.0,0.0,2.45,3.3,0,0.0,0
2012-08-16,2012-09-27,OPTSTK,VIJAYABANK,60.0,PE,0.0,0.0,0.0,4.95,7.25,0,0.0,0
2012-08-16,2012-09-27,OPTSTK,VIJAYABANK,65.0,PE,0.0,0.0,0.0,8.4,11.9,0,0.0,0
2012-08-16,2012-09-27,OPTSTK,VIJAYABANK,70.0,PE,0.0,0.0,0.0,12.5,16.8,0,0.0,0
2012-08-16,2012-09-27,OPTSTK,VIJAYABANK,75.0,PE,0.0,0.0,0.0,16.95,21.75,0,0.0,0
2012-08-16,2012-09-27,OPTSTK,VIJAYABANK,80.0,PE,0.0,0.0,0.0,21.7,26.7,0,0.0,0
2012-08-16,2012-09-27,OPTSTK,VIJAYABANK,85.0,PE,0.0,0.0,0.0,26.5,31.65,0,0.0,0
2012-08-16,2012-09-27,OPTSTK,VIJAYABANK,90.0,PE,0.0,0.0,0.0,31.35,36.6,0,0.0,0
2012-08-16,2012-09-27,OPTSTK,VIJAYABANK,95.0,PE,0.0,0.0,0.0,36.2,41.55,0,0.0,0
2012-08-16,2012-10-25,OPTSTK,VIJAYABANK,25.0,CE,0.0,0.0,0.0,28.45,27.95,0,0.0,0
2012-08-16,2012-10-25,OPTSTK,VIJAYABANK,30.0,CE,0.0,0.0,0.0,23.55,23.05,0,0.0,0
2012-08-16,2012-10-25,OPTSTK,VIJAYABANK,35.0,CE,0.0,0.0,0.0,18.7,18.1,0,0.0,0
2012-08-16,2012-10-25,OPTSTK,VIJAYABANK,40.0,CE,0.0,0.0,0.0,14.0,13.25,0,0.0,0
2012-08-16,2012-10-25,OPTSTK,VIJAYABANK,45.0,CE,0.0,0.0,0.0,9.7,8.6,0,0.0,0
2012-08-16,2012-10-25,OPTSTK,VIJAYABANK,50.0,CE,0.0,0.0,0.0,6.15,4.7,0,0.0,0
2012-08-16,2012-10-25,OPTSTK,VIJAYABANK,55.0,CE,0.0,0.0,0.0,3.6,2.15,0,0.0,0
2012-08-16,2012-10-25,OPTSTK,VIJAYABANK,60.0,CE,0.0,0.0,0.0,1.95,0.8,0,0.0,0
2012-08-16,2012-10-25,OPTSTK,VIJAYABANK,65.0,CE,0.0,0.0,0.0,0.95,0.25,0,0.0,0
2012-08-16,2012-10-25,OPTSTK,VIJAYABANK,70.0,CE,0.0,0.0,0.0,0.45,0.1,0,0.0,0
2012-08-16,2012-10-25,OPTSTK,VIJAYABANK,75.0,CE,0.0,0.0,0.0,0.2,0.05,0,0.0,0
2012-08-16,2012-10-25,OPTSTK,VIJAYABANK,80.0,CE,0.0,0.0,0.0,0.1,0.0,0,0.0,0
2012-08-16,2012-10-25,OPTSTK,VIJAYABANK,85.0,CE,0.0,0.0,0.0,0.05,0.0,0,0.0,0
2012-08-16,2012-10-25,OPTSTK,VIJAYABANK,90.0,CE,0.0,0.0,0.0,0.05,0.0,0,0.0,0
2012-08-16,2012-10-25,OPTSTK,VIJAYABANK,95.0,CE,0.0,0.0,0.0,0.05,0.0,0,0.0,0
2012-08-16,2012-10-25,OPTSTK,VIJAYABANK,25.0,PE,0.0,0.0,0.0,0.05,0.0,0,0.0,0
2012-08-16,2012-10-25,OPTSTK,VIJAYABANK,30.0,PE,0.0,0.0,0.0,0.05,0.0,0,0.0,0
2012-08-16,2012-10-25,OPTSTK,VIJAYABANK,35.0,PE,0.0,0.0,0.0,0.05,0.0,0,0.0,0
2012-08-16,2012-10-25,OPTSTK,VIJAYABANK,40.0,PE,0.0,0.0,0.0,0.2,0.05,0,0.0,0
2012-08-16,2012-10-25,OPTSTK,VIJAYABANK,45.0,PE,0.0,0.0,0.0,0.8,0.3,0,0.0,0
2012-08-16,2012-10-25,OPTSTK,VIJAYABANK,50.0,PE,0.0,0.0,0.0,2.15,1.35,0,0.0,0
2012-08-16,2012-10-25,OPTSTK,VIJAYABANK,55.0,PE,0.0,0.0,0.0,4.5,3.7,0,0.0,0
2012-08-16,2012-10-25,OPTSTK,VIJAYABANK,60.0,PE,0.0,0.0,0.0,7.7,7.25,0,0.0,0
2012-08-16,2012-10-25,OPTSTK,VIJAYABANK,65.0,PE,0.0,0.0,0.0,11.65,11.65,0,0.0,0
2012-08-16,2012-10-25,OPTSTK,VIJAYABANK,70.0,PE,0.0,0.0,0.0,16.05,16.4,0,0.0,0
2012-08-16,2012-10-25,OPTSTK,VIJAYABANK,75.0,PE,0.0,0.0,0.0,20.65,21.25,0,0.0,0
2012-08-16,2012-10-25,OPTSTK,VIJAYABANK,80.0,PE,0.0,0.0,0.0,25.45,26.15,0,0.0,0
2012-08-16,2012-10-25,OPTSTK,VIJAYABANK,85.0,PE,0.0,0.0,0.0,30.25,31.05,0,0.0,0
2012-08-16,2012-10-25,OPTSTK,VIJAYABANK,90.0,PE,0.0,0.0,0.0,35.15,35.95,0,0.0,0
2012-08-16,2012-10-25,OPTSTK,VIJAYABANK,95.0,PE,0.0,0.0,0.0,40.0,40.9,0,0.0,0
2012-08-16,2012-08-30,OPTSTK,VIPIND,45.0,CE,0.0,0.0,0.0,36.8,34.6,0,0.0,0
2012-08-16,2012-08-30,OPTSTK,VIPIND,50.0,CE,0.0,0.0,0.0,32.0,29.65,0,0.0,0
2012-08-16,2012-08-30,OPTSTK,VIPIND,55.0,CE,0.0,0.0,0.0,27.35,24.65,0,0.0,0
2012-08-16,2012-08-30,OPTSTK,VIPIND,60.0,CE,0.0,0.0,0.0,22.95,19.65,0,0.0,0
2012-08-16,2012-08-30,OPTSTK,VIPIND,65.0,CE,0.0,0.0,0.0,18.85,14.7,0,0.0,0
2012-08-16,2012-08-30,OPTSTK,VIPIND,70.0,CE,0.0,0.0,0.0,9.3,9.9,0,0.0,4000
2012-08-16,2012-08-30,OPTSTK,VIPIND,75.0,CE,0.0,0.0,0.0,4.65,5.7,0,0.0,10000
2012-08-16,2012-08-30,OPTSTK,VIPIND,80.0,CE,2.95,2.95,1.05,1.85,1.85,3,4.91,30000
2012-08-16,2012-08-30,OPTSTK,VIPIND,85.0,CE,0.0,0.0,0.0,1.0,0.95,0,0.0,8000
2012-08-16,2012-08-30,OPTSTK,VIPIND,90.0,CE,0.0,0.0,0.0,1.45,0.3,0,0.0,2000
2012-08-16,2012-08-30,OPTSTK,VIPIND,95.0,CE,0.0,0.0,0.0,3.9,0.1,0,0.0,0
2012-08-16,2012-08-30,OPTSTK,VIPIND,100.0,CE,0.0,0.0,0.0,0.6,0.05,0,0.0,0
2012-08-16,2012-08-30,OPTSTK,VIPIND,105.0,CE,0.0,0.0,0.0,0.35,0.0,0,0.0,0
2012-08-16,2012-08-30,OPTSTK,VIPIND,110.0,CE,0.0,0.0,0.0,0.4,0.0,0,0.0,0
2012-08-16,2012-08-30,OPTSTK,VIPIND,115.0,CE,0.0,0.0,0.0,1.05,0.0,0,0.0,0
2012-08-16,2012-08-30,OPTSTK,VIPIND,120.0,CE,0.0,0.0,0.0,0.75,0.0,0,0.0,0
2012-08-16,2012-08-30,OPTSTK,VIPIND,125.0,CE,0.0,0.0,0.0,0.55,0.0,0,0.0,0
2012-08-16,2012-08-30,OPTSTK,VIPIND,130.0,CE,0.0,0.0,0.0,0.35,0.0,0,0.0,0
2012-08-16,2012-08-30,OPTSTK,VIPIND,45.0,PE,0.0,0.0,0.0,0.05,0.0,0,0.0,0
2012-08-16,2012-08-30,OPTSTK,VIPIND,50.0,PE,0.0,0.0,0.0,0.15,0.0,0,0.0,0
2012-08-16,2012-08-30,OPTSTK,VIPIND,55.0,PE,0.0,0.0,0.0,0.4,0.0,0,0.0,0
2012-08-16,2012-08-30,OPTSTK,VIPIND,60.0,PE,0.0,0.0,0.0,0.85,0.0,0,0.0,0
2012-08-16,2012-08-30,OPTSTK,VIPIND,65.0,PE,0.0,0.0,0.0,1.65,0.05,0,0.0,0
2012-08-16,2012-08-30,OPTSTK,VIPIND,70.0,PE,0.0,0.0,0.0,0.9,0.2,0,0.0,4000
2012-08-16,2012-08-30,OPTSTK,VIPIND,75.0,PE,0.0,0.0,0.0,0.8,1.0,0,0.0,6000
2012-08-16,2012-08-30,OPTSTK,VIPIND,80.0,PE,0.0,0.0,0.0,2.25,2.9,0,0.0,4000
2012-08-16,2012-08-30,OPTSTK,VIPIND,85.0,PE,0.0,0.0,0.0,9.35,6.25,0,0.0,0
2012-08-16,2012-08-30,OPTSTK,VIPIND,90.0,PE,0.0,0.0,0.0,12.5,10.55,0,0.0,0
2012-08-16,2012-08-30,OPTSTK,VIPIND,95.0,PE,0.0,0.0,0.0,16.0,15.3,0,0.0,0
2012-08-16,2012-08-30,OPTSTK,VIPIND,100.0,PE,0.0,0.0,0.0,19.8,20.25,0,0.0,0
2012-08-16,2012-08-30,OPTSTK,VIPIND,105.0,PE,0.0,0.0,0.0,23.9,25.2,0,0.0,0
2012-08-16,2012-08-30,OPTSTK,VIPIND,110.0,PE,0.0,0.0,0.0,28.2,30.2,0,0.0,0
2012-08-16,2012-08-30,OPTSTK,VIPIND,115.0,PE,0.0,0.0,0.0,32.65,35.2,0,0.0,0
2012-08-16,2012-08-30,OPTSTK,VIPIND,120.0,PE,0.0,0.0,0.0,37.2,40.15,0,0.0,0
2012-08-16,2012-08-30,OPTSTK,VIPIND,125.0,PE,0.0,0.0,0.0,41.85,45.15,0,0.0,0
2012-08-16,2012-08-30,OPTSTK,VIPIND,130.0,PE,0.0,0.0,0.0,46.6,50.15,0,0.0,0
2012-08-16,2012-09-27,OPTSTK,VIPIND,45.0,CE,0.0,0.0,0.0,36.55,34.95,0,0.0,0
2012-08-16,2012-09-27,OPTSTK,VIPIND,50.0,CE,0.0,0.0,0.0,31.7,30.0,0,0.0,0
2012-08-16,2012-09-27,OPTSTK,VIPIND,55.0,CE,0.0,0.0,0.0,26.85,25.05,0,0.0,0
2012-08-16,2012-09-27,OPTSTK,VIPIND,60.0,CE,0.0,0.0,0.0,22.15,20.2,0,0.0,0
2012-08-16,2012-09-27,OPTSTK,VIPIND,65.0,CE,0.0,0.0,0.0,17.7,15.55,0,0.0,0
2012-08-16,2012-09-27,OPTSTK,VIPIND,70.0,CE,0.0,0.0,0.0,13.6,11.3,0,0.0,0
2012-08-16,2012-09-27,OPTSTK,VIPIND,75.0,CE,0.0,0.0,0.0,10.1,7.7,0,0.0,0
2012-08-16,2012-09-27,OPTSTK,VIPIND,80.0,CE,0.0,0.0,0.0,7.2,4.9,0,0.0,0
2012-08-16,2012-09-27,OPTSTK,VIPIND,85.0,CE,0.0,0.0,0.0,4.95,2.95,0,0.0,0
2012-08-16,2012-09-27,OPTSTK,VIPIND,90.0,CE,0.0,0.0,0.0,3.25,1.65,0,0.0,0
2012-08-16,2012-09-27,OPTSTK,VIPIND,95.0,CE,0.0,0.0,0.0,2.1,0.9,0,0.0,0
2012-08-16,2012-09-27,OPTSTK,VIPIND,100.0,CE,0.0,0.0,0.0,1.3,0.45,0,0.0,0
2012-08-16,2012-09-27,OPTSTK,VIPIND,105.0,CE,0.0,0.0,0.0,0.8,0.2,0,0.0,0
2012-08-16,2012-09-27,OPTSTK,VIPIND,110.0,CE,0.0,0.0,0.0,0.5,0.1,0,0.0,0
2012-08-16,2012-09-27,OPTSTK,VIPIND,115.0,CE,0.0,0.0,0.0,0.3,0.05,0,0.0,0
2012-08-16,2012-09-27,OPTSTK,VIPIND,120.0,CE,0.0,0.0,0.0,0.15,0.05,0,0.0,0
2012-08-16,2012-09-27,OPTSTK,VIPIND,125.0,CE,0.0,0.0,0.0,0.1,0.05,0,0.0,0
2012-08-16,2012-09-27,OPTSTK,VIPIND,130.0,CE,0.0,0.0,0.0,0.05,0.0,0,0.0,0
2012-08-16,2012-09-27,OPTSTK,VIPIND,45.0,PE,0.0,0.0,0.0,0.05,0.0,0,0.0,0
2012-08-16,2012-09-27,OPTSTK,VIPIND,50.0,PE,0.0,0.0,0.0,0.05,0.0,0,0.0,0
2012-08-16,2012-09-27,OPTSTK,VIPIND,55.0,PE,0.0,0.0,0.0,0.1,0.05,0,0.0,0
2012-08-16,2012-09-27,OPTSTK,VIPIND,60.0,PE,0.0,0.0,0.0,0.25,0.1,0,0.0,0
2012-08-16,2012-09-27,OPTSTK,VIPIND,65.0,PE,0.0,0.0,0.0,0.65,0.4,0,0.0,0
2012-08-16,2012-09-27,OPTSTK,VIPIND,70.0,PE,0.0,0.0,0.0,1.5,1.1,0,0.0,0
2012-08-16,2012-09-27,OPTSTK,VIPIND,75.0,PE,0.0,0.0,0.0,2.85,2.5,0,0.0,0
2012-08-16,2012-09-27,OPTSTK,VIPIND,80.0,PE,0.0,0.0,0.0,4.85,4.65,0,0.0,0
2012-08-16,2012-09-27,OPTSTK,VIPIND,85.0,PE,0.0,0.0,0.0,7.45,7.6,0,0.0,0
2012-08-16,2012-09-27,OPTSTK,VIPIND,90.0,PE,0.0,0.0,0.0,10.7,11.25,0,0.0,0
2012-08-16,2012-09-27,OPTSTK,VIPIND,95.0,PE,0.0,0.0,0.0,14.4,15.45,0,0.0,0
2012-08-16,2012-09-27,OPTSTK,VIPIND,100.0,PE,0.0,0.0,0.0,18.5,19.95,0,0.0,0
2012-08-16,2012-09-27,OPTSTK,VIPIND,105.0,PE,0.0,0.0,0.0,22.85,24.7,0,0.0,0
2012-08-16,2012-09-27,OPTSTK,VIPIND,110.0,PE,0.0,0.0,0.0,27.4,29.55,0,0.0,0
2012-08-16,2012-09-27,OPTSTK,VIPIND,115.0,PE,0.0,0.0,0.0,32.1,34.4,0,0.0,0
2012-08-16,2012-09-27,OPTSTK,VIPIND,120.0,PE,0.0,0.0,0.0,36.9,39.35,0,0.0,0
2012-08-16,2012-09-27,OPTSTK,VIPIND,125.0,PE,0.0,0.0,0.0,41.7,44.3,0,0.0,0
2012-08-16,2012-09-27,OPTSTK,VIPIND,130.0,PE,0.0,0.0,0.0,46.55,49.25,0,0.0,0
2012-08-16,2012-08-30,OPTSTK,VOLTAS,50.0,CE,0.0,0.0,0.0,51.8,61.95,0,0.0,0
2012-08-16,2012-08-30,OPTSTK,VOLTAS,60.0,CE,0.0,0.0,0.0,42.85,51.95,0,0.0,0
2012-08-16,2012-08-30,OPTSTK,VOLTAS,70.0,CE,0.0,0.0,0.0,34.7,42.0,0,0.0,0
2012-08-16,2012-08-30,OPTSTK,VOLTAS,75.0,CE,0.0,0.0,0.0,28.3,37.0,0,0.0,0
2012-08-16,2012-08-30,OPTSTK,VOLTAS,80.0,CE,0.0,0.0,0.0,27.6,32.05,0,0.0,0
2012-08-16,2012-08-30,OPTSTK,VOLTAS,85.0,CE,0.0,0.0,0.0,21.9,27.05,0,0.0,0
2012-08-16,2012-08-30,OPTSTK,VOLTAS,90.0,CE,0.0,0.0,0.0,21.65,22.1,0,0.0,0
2012-08-16,2012-08-30,OPTSTK,VOLTAS,95.0,CE,0.0,0.0,0.0,16.75,17.25,0,0.0,0
2012-08-16,2012-08-30,OPTSTK,VOLTAS,100.0,CE,0.0,0.0,0.0,6.9,12.65,0,0.0,10000
2012-08-16,2012-08-30,OPTSTK,VOLTAS,105.0,CE,9.0,9.0,7.65,7.65,7.65,4,9.06,38000
2012-08-16,2012-08-30,OPTSTK,VOLTAS,110.0,CE,4.75,5.4,4.0,4.3,4.3,16,36.68,80000
2012-08-16,2012-08-30,OPTSTK,VOLTAS,115.0,CE,2.3,2.6,1.9,2.0,2.0,26,60.97,64000
2012-08-16,2012-08-30,OPTSTK,VOLTAS,120.0,CE,0.85,1.1,0.8,0.8,0.8,8,19.34,56000
2012-08-16,2012-08-30,OPTSTK,VOLTAS,125.0,CE,0.0,0.0,0.0,7.0,0.7,0,0.0,0
2012-08-16,2012-08-30,OPTSTK,VOLTAS,130.0,CE,0.0,0.0,0.0,7.4,0.3,0,0.0,0
2012-08-16,2012-08-30,OPTSTK,VOLTAS,140.0,CE,0.0,0.0,0.0,5.6,0.05,0,0.0,0
2012-08-16,2012-08-30,OPTSTK,VOLTAS,150.0,CE,0.0,0.0,0.0,1.0,0.0,0,0.0,0
2012-08-16,2012-08-30,OPTSTK,VOLTAS,160.0,CE,0.0,0.0,0.0,3.15,0.0,0,0.0,0
2012-08-16,2012-08-30,OPTSTK,VOLTAS,170.0,CE,0.0,0.0,0.0,2.35,0.0,0,0.0,0
2012-08-16,2012-08-30,OPTSTK,VOLTAS,180.0,CE,0.0,0.0,0.0,1.8,0.0,0,0.0,0
2012-08-16,2012-08-30,OPTSTK,VOLTAS,50.0,PE,0.0,0.0,0.0,0.4,0.0,0,0.0,0
2012-08-16,2012-08-30,OPTSTK,VOLTAS,60.0,PE,0.0,0.0,0.0,1.2,0.0,0,0.0,0
2012-08-16,2012-08-30,OPTSTK,VOLTAS,70.0,PE,0.0,0.0,0.0,2.8,0.0,0,0.0,0
2012-08-16,2012-08-30,OPTSTK,VOLTAS,75.0,PE,0.0,0.0,0.0,4.2,0.0,0,0.0,0
2012-08-16,2012-08-30,OPTSTK,VOLTAS,80.0,PE,0.0,0.0,0.0,5.5,0.0,0,0.0,0
2012-08-16,2012-08-30,OPTSTK,VOLTAS,85.0,PE,0.0,0.0,0.0,7.6,0.0,0,0.0,0
2012-08-16,2012-08-30,OPTSTK,VOLTAS,90.0,PE,0.0,0.0,0.0,1.0,0.05,0,0.0,6000
2012-08-16,2012-08-30,OPTSTK,VOLTAS,95.0,PE,0.0,0.0,0.0,0.3,0.15,0,0.0,20000
2012-08-16,2012-08-30,OPTSTK,VOLTAS,100.0,PE,0.25,0.25,0.25,0.25,0.25,1,2.0,94000
2012-08-16,2012-08-30,OPTSTK,VOLTAS,105.0,PE,0.75,0.85,0.7,0.85,0.85,3,6.34,38000
2012-08-16,2012-08-30,OPTSTK,VOLTAS,110.0,PE,1.8,2.35,1.7,2.3,2.3,15,33.59,24000
2012-08-16,2012-08-30,OPTSTK,VOLTAS,115.0,PE,5.05,5.05,5.05,5.05,5.05,2,4.8,4000
2012-08-16,2012-08-30,OPTSTK,VOLTAS,120.0,PE,0.0,0.0,0.0,26.65,9.35,0,0.0,0
2012-08-16,2012-08-30,OPTSTK,VOLTAS,125.0,PE,0.0,0.0,0.0,31.75,13.55,0,0.0,0
2012-08-16,2012-08-30,OPTSTK,VOLTAS,130.0,PE,0.0,0.0,0.0,34.05,18.1,0,0.0,0
2012-08-16,2012-08-30,OPTSTK,VOLTAS,140.0,PE,0.0,0.0,0.0,42.0,27.85,0,0.0,0
2012-08-16,2012-08-30,OPTSTK,VOLTAS,150.0,PE,0.0,0.0,0.0,50.4,37.75,0,0.0,0
2012-08-16,2012-08-30,OPTSTK,VOLTAS,160.0,PE,0.0,0.0,0.0,59.1,47.75,0,0.0,0
2012-08-16,2012-08-30,OPTSTK,VOLTAS,170.0,PE,0.0,0.0,0.0,68.1,57.7,0,0.0,0
2012-08-16,2012-08-30,OPTSTK,VOLTAS,180.0,PE,0.0,0.0,0.0,77.25,67.65,0,0.0,0
2012-08-16,2012-09-27,OPTSTK,VOLTAS,50.0,CE,0.0,0.0,0.0,53.2,62.3,0,0.0,0
2012-08-16,2012-09-27,OPTSTK,VOLTAS,60.0,CE,0.0,0.0,0.0,43.55,52.4,0,0.0,0
2012-08-16,2012-09-27,OPTSTK,VOLTAS,70.0,CE,0.0,0.0,0.0,34.25,42.5,0,0.0,0
2012-08-16,2012-09-27,OPTSTK,VOLTAS,75.0,CE,0.0,0.0,0.0,26.85,37.55,0,0.0,0
2012-08-16,2012-09-27,OPTSTK,VOLTAS,80.0,CE,0.0,0.0,0.0,25.8,32.7,0,0.0,0
2012-08-16,2012-09-27,OPTSTK,VOLTAS,85.0,CE,0.0,0.0,0.0,18.7,27.9,0,0.0,0
2012-08-16,2012-09-27,OPTSTK,VOLTAS,90.0,CE,0.0,0.0,0.0,18.55,23.3,0,0.0,0
2012-08-16,2012-09-27,OPTSTK,VOLTAS,95.0,CE,0.0,0.0,0.0,12.15,19.0,0,0.0,0
2012-08-16,2012-09-27,OPTSTK,VOLTAS,100.0,CE,0.0,0.0,0.0,12.8,15.05,0,0.0,0
2012-08-16,2012-09-27,OPTSTK,VOLTAS,105.0,CE,0.0,0.0,0.0,7.35,11.6,0,0.0,0
2012-08-16,2012-09-27,OPTSTK,VOLTAS,110.0,CE,0.0,0.0,0.0,8.5,8.7,0,0.0,0
2012-08-16,2012-09-27,OPTSTK,VOLTAS,115.0,CE,0.0,0.0,0.0,4.25,6.35,0,0.0,0
2012-08-16,2012-09-27,OPTSTK,VOLTAS,120.0,CE,0.0,0.0,0.0,5.45,4.5,0,0.0,0
2012-08-16,2012-09-27,OPTSTK,VOLTAS,125.0,CE,0.0,0.0,0.0,2.3,3.15,0,0.0,0
2012-08-16,2012-09-27,OPTSTK,VOLTAS,130.0,CE,0.0,0.0,0.0,3.4,2.1,0,0.0,0
2012-08-16,2012-09-27,OPTSTK,VOLTAS,140.0,CE,0.0,0.0,0.0,2.1,0.9,0,0.0,0
2012-08-16,2012-09-27,OPTSTK,VOLTAS,150.0,CE,0.0,0.0,0.0,1.25,0.35,0,0.0,0
2012-08-16,2012-09-27,OPTSTK,VOLTAS,160.0,CE,0.0,0.0,0.0,0.75,0.15,0,0.0,0
2012-08-16,2012-09-27,OPTSTK,VOLTAS,170.0,CE,0.0,0.0,0.0,0.45,0.05,0,0.0,0
2012-08-16,2012-09-27,OPTSTK,VOLTAS,180.0,CE,0.0,0.0,0.0,0.25,0.05,0,0.0,0
2012-08-16,2012-09-27,OPTSTK,VOLTAS,50.0,PE,0.0,0.0,0.0,0.05,0.0,0,0.0,0
2012-08-16,2012-09-27,OPTSTK,VOLTAS,60.0,PE,0.0,0.0,0.0,0.15,0.0,0,0.0,0
2012-08-16,2012-09-27,OPTSTK,VOLTAS,70.0,PE,0.0,0.0,0.0,0.65,0.05,0,0.0,0
2012-08-16,2012-09-27,OPTSTK,VOLTAS,75.0,PE,0.0,0.0,0.0,0.8,0.05,0,0.0,0
2012-08-16,2012-09-27,OPTSTK,VOLTAS,80.0,PE,0.0,0.0,0.0,1.95,0.1,0,0.0,0
2012-08-16,2012-09-27,OPTSTK,VOLTAS,85.0,PE,0.0,0.0,0.0,2.45,0.3,0,0.0,0
2012-08-16,2012-09-27,OPTSTK,VOLTAS,90.0,PE,0.0,0.0,0.0,4.45,0.65,0,0.0,0
2012-08-16,2012-09-27,OPTSTK,VOLTAS,95.0,PE,0.0,0.0,0.0,5.75,1.25,0,0.0,0
2012-08-16,2012-09-27,OPTSTK,VOLTAS,100.0,PE,0.0,0.0,0.0,8.45,2.3,0,0.0,0
2012-08-16,2012-09-27,OPTSTK,VOLTAS,105.0,PE,0.0,0.0,0.0,10.85,3.8,0,0.0,0
2012-08-16,2012-09-27,OPTSTK,VOLTAS,110.0,PE,0.0,0.0,0.0,13.9,5.85,0,0.0,0
2012-08-16,2012-09-27,OPTSTK,VOLTAS,115.0,PE,0.0,0.0,0.0,17.55,8.4,0,0.0,0
2012-08-16,2012-09-27,OPTSTK,VOLTAS,120.0,PE,0.0,0.0,0.0,20.65,11.5,0,0.0,0
2012-08-16,2012-09-27,OPTSTK,VOLTAS,125.0,PE,0.0,0.0,0.0,25.5,15.1,0,0.0,0
2012-08-16,2012-09-27,OPTSTK,VOLTAS,130.0,PE,0.0,0.0,0.0,28.4,19.0,0,0.0,0
2012-08-16,2012-09-27,OPTSTK,VOLTAS,140.0,PE,0.0,0.0,0.0,36.85,27.7,0,0.0,0
2012-08-16,2012-09-27,OPTSTK,VOLTAS,150.0,PE,0.0,0.0,0.0,45.8,37.05,0,0.0,0
2012-08-16,2012-09-27,OPTSTK,VOLTAS,160.0,PE,0.0,0.0,0.0,55.05,46.75,0,0.0,0
2012-08-16,2012-09-27,OPTSTK,VOLTAS,170.0,PE,0.0,0.0,0.0,64.5,56.55,0,0.0,0
2012-08-16,2012-09-27,OPTSTK,VOLTAS,180.0,PE,0.0,0.0,0.0,74.1,66.4,0,0.0,0
2012-08-16,2012-10-25,OPTSTK,VOLTAS,50.0,CE,0.0,0.0,0.0,52.2,62.65,0,0.0,0
2012-08-16,2012-10-25,OPTSTK,VOLTAS,60.0,CE,0.0,0.0,0.0,42.6,52.8,0,0.0,0
2012-08-16,2012-10-25,OPTSTK,VOLTAS,70.0,CE,0.0,0.0,0.0,33.5,43.05,0,0.0,0
2012-08-16,2012-10-25,OPTSTK,VOLTAS,75.0,CE,0.0,0.0,0.0,28.05,38.25,0,0.0,0
2012-08-16,2012-10-25,OPTSTK,VOLTAS,80.0,CE,0.0,0.0,0.0,25.3,33.55,0,0.0,0
2012-08-16,2012-10-25,OPTSTK,VOLTAS,85.0,CE,0.0,0.0,0.0,20.4,29.0,0,0.0,0
2012-08-16,2012-10-25,OPTSTK,VOLTAS,90.0,CE,0.0,0.0,0.0,18.35,24.7,0,0.0,0
2012-08-16,2012-10-25,OPTSTK,VOLTAS,95.0,CE,0.0,0.0,0.0,14.2,20.75,0,0.0,0
2012-08-16,2012-10-25,OPTSTK,VOLTAS,100.0,CE,0.0,0.0,0.0,12.8,17.15,0,0.0,0
2012-08-16,2012-10-25,OPTSTK,VOLTAS,105.0,CE,0.0,0.0,0.0,9.55,13.95,0,0.0,0
2012-08-16,2012-10-25,OPTSTK,VOLTAS,110.0,CE,0.0,0.0,0.0,8.7,11.15,0,0.0,0
2012-08-16,2012-10-25,OPTSTK,VOLTAS,115.0,CE,0.0,0.0,0.0,6.2,8.8,0,0.0,0
2012-08-16,2012-10-25,OPTSTK,VOLTAS,120.0,CE,0.0,0.0,0.0,5.75,6.85,0,0.0,0
2012-08-16,2012-10-25,OPTSTK,VOLTAS,125.0,CE,0.0,0.0,0.0,3.9,5.25,0,0.0,0
2012-08-16,2012-10-25,OPTSTK,VOLTAS,130.0,CE,0.0,0.0,0.0,3.7,4.0,0,0.0,0
2012-08-16,2012-10-25,OPTSTK,VOLTAS,140.0,CE,0.0,0.0,0.0,2.35,2.25,0,0.0,0
2012-08-16,2012-10-25,OPTSTK,VOLTAS,150.0,CE,0.0,0.0,0.0,1.5,1.2,0,0.0,0
2012-08-16,2012-10-25,OPTSTK,VOLTAS,160.0,CE,0.0,0.0,0.0,0.9,0.65,0,0.0,0
2012-08-16,2012-10-25,OPTSTK,VOLTAS,170.0,CE,0.0,0.0,0.0,0.55,0.35,0,0.0,0
2012-08-16,2012-10-25,OPTSTK,VOLTAS,180.0,CE,0.0,0.0,0.0,0.35,0.15,0,0.0,0
2012-08-16,2012-10-25,OPTSTK,VOLTAS,50.0,PE,0.0,0.0,0.0,0.05,0.0,0,0.0,0
2012-08-16,2012-10-25,OPTSTK,VOLTAS,60.0,PE,0.0,0.0,0.0,0.25,0.05,0,0.0,0
2012-08-16,2012-10-25,OPTSTK,VOLTAS,70.0,PE,0.0,0.0,0.0,0.9,0.1,0,0.0,0
2012-08-16,2012-10-25,OPTSTK,VOLTAS,75.0,PE,0.0,0.0,0.0,1.45,0.2,0,0.0,0
2012-08-16,2012-10-25,OPTSTK,VOLTAS,80.0,PE,0.0,0.0,0.0,2.45,0.4,0,0.0,0
2012-08-16,2012-10-25,OPTSTK,VOLTAS,85.0,PE,0.0,0.0,0.0,3.6,0.8,0,0.0,0
2012-08-16,2012-10-25,OPTSTK,VOLTAS,90.0,PE,0.0,0.0,0.0,5.3,1.4,0,0.0,0
2012-08-16,2012-10-25,OPTSTK,VOLTAS,95.0,PE,0.0,0.0,0.0,7.2,2.35,0,0.0,0
2012-08-16,2012-10-25,OPTSTK,VOLTAS,100.0,PE,0.0,0.0,0.0,9.55,3.65,0,0.0,0
2012-08-16,2012-10-25,OPTSTK,VOLTAS,105.0,PE,0.0,0.0,0.0,12.3,5.4,0,0.0,0
2012-08-16,2012-10-25,OPTSTK,VOLTAS,110.0,PE,0.0,0.0,0.0,15.2,7.5,0,0.0,0
2012-08-16,2012-10-25,OPTSTK,VOLTAS,115.0,PE,0.0,0.0,0.0,18.7,10.1,0,0.0,0
2012-08-16,2012-10-25,OPTSTK,VOLTAS,120.0,PE,0.0,0.0,0.0,22.0,13.05,0,0.0,0
2012-08-16,2012-10-25,OPTSTK,VOLTAS,125.0,PE,0.0,0.0,0.0,26.2,16.35,0,0.0,0
2012-08-16,2012-10-25,OPTSTK,VOLTAS,130.0,PE,0.0,0.0,0.0,29.75,20.05,0,0.0,0
2012-08-16,2012-10-25,OPTSTK,VOLTAS,140.0,PE,0.0,0.0,0.0,38.2,28.1,0,0.0,0
2012-08-16,2012-10-25,OPTSTK,VOLTAS,150.0,PE,0.0,0.0,0.0,47.1,36.9,0,0.0,0
2012-08-16,2012-10-25,OPTSTK,VOLTAS,160.0,PE,0.0,0.0,0.0,56.3,46.15,0,0.0,0
2012-08-16,2012-10-25,OPTSTK,VOLTAS,170.0,PE,0.0,0.0,0.0,65.7,55.65,0,0.0,0
2012-08-16,2012-10-25,OPTSTK,VOLTAS,180.0,PE,0.0,0.0,0.0,75.25,65.35,0,0.0,0
2012-08-16,2012-08-30,OPTSTK,WELCORP,50.0,CE,0.0,0.0,0.0,68.8,52.2,0,0.0,0
2012-08-16,2012-08-30,OPTSTK,WELCORP,60.0,CE,0.0,0.0,0.0,59.05,42.2,0,0.0,0
2012-08-16,2012-08-30,OPTSTK,WELCORP,70.0,CE,0.0,0.0,0.0,49.35,32.25,0,0.0,0
2012-08-16,2012-08-30,OPTSTK,WELCORP,75.0,CE,0.0,0.0,0.0,25.4,27.25,0,0.0,0
2012-08-16,2012-08-30,OPTSTK,WELCORP,80.0,CE,0.0,0.0,0.0,40.0,22.3,0,0.0,0
2012-08-16,2012-08-30,OPTSTK,WELCORP,85.0,CE,0.0,0.0,0.0,15.55,17.3,0,0.0,0
2012-08-16,2012-08-30,OPTSTK,WELCORP,90.0,CE,0.0,0.0,0.0,31.25,12.35,0,0.0,0
2012-08-16,2012-08-30,OPTSTK,WELCORP,95.0,CE,0.0,0.0,0.0,6.8,7.7,0,0.0,0
2012-08-16,2012-08-30,OPTSTK,WELCORP,100.0,CE,0.0,0.0,0.0,6.5,3.9,0,0.0,12000
2012-08-16,2012-08-30,OPTSTK,WELCORP,105.0,CE,0.0,0.0,0.0,3.0,1.55,0,0.0,2000
2012-08-16,2012-08-30,OPTSTK,WELCORP,110.0,CE,1.0,1.9,0.65,1.9,1.9,3,6.67,28000
2012-08-16,2012-08-30,OPTSTK,WELCORP,115.0,CE,0.0,0.0,0.0,0.25,0.1,0,0.0,0
2012-08-16,2012-08-30,OPTSTK,WELCORP,120.0,CE,0.0,0.0,0.0,11.85,0.05,0,0.0,0
2012-08-16,2012-08-30,OPTSTK,WELCORP,125.0,CE,0.0,0.0,0.0,0.05,0.0,0,0.0,0
2012-08-16,2012-08-30,OPTSTK,WELCORP,130.0,CE,0.0,0.0,0.0,0.7,0.0,0,0.0,0
2012-08-16,2012-08-30,OPTSTK,WELCORP,140.0,CE,0.0,0.0,0.0,5.3,0.0,0,0.0,0
2012-08-16,2012-08-30,OPTSTK,WELCORP,150.0,CE,0.0,0.0,0.0,3.4,0.0,0,0.0,0
2012-08-16,2012-08-30,OPTSTK,WELCORP,160.0,CE,0.0,0.0,0.0,2.15,0.0,0,0.0,0
2012-08-16,2012-08-30,OPTSTK,WELCORP,170.0,CE,0.0,0.0,0.0,1.35,0.0,0,0.0,0
2012-08-16,2012-08-30,OPTSTK,WELCORP,180.0,CE,0.0,0.0,0.0,0.8,0.0,0,0.0,0
2012-08-16,2012-08-30,OPTSTK,WELCORP,190.0,CE,0.0,0.0,0.0,0.5,0.0,0,0.0,0
2012-08-16,2012-08-30,OPTSTK,WELCORP,200.0,CE,0.0,0.0,0.0,0.3,0.0,0,0.0,0
2012-08-16,2012-08-30,OPTSTK,WELCORP,50.0,PE,0.0,0.0,0.0,0.05,0.0,0,0.0,0
2012-08-16,2012-08-30,OPTSTK,WELCORP,60.0,PE,0.0,0.0,0.0,0.05,0.0,0,0.0,0
2012-08-16,2012-08-30,OPTSTK,WELCORP,70.0,PE,0.0,0.0,0.0,0.15,0.0,0,0.0,0
2012-08-16,2012-08-30,OPTSTK,WELCORP,75.0,PE,0.0,0.0,0.0,0.05,0.0,0,0.0,0
2012-08-16,2012-08-30,OPTSTK,WELCORP,80.0,PE,0.0,0.0,0.0,0.5,0.0,0,0.0,0
2012-08-16,2012-08-30,OPTSTK,WELCORP,85.0,PE,0.0,0.0,0.0,0.1,0.0,0,0.0,0
2012-08-16,2012-08-30,OPTSTK,WELCORP,90.0,PE,0.0,0.0,0.0,1.5,0.05,0,0.0,0
2012-08-16,2012-08-30,OPTSTK,WELCORP,95.0,PE,0.0,0.0,0.0,1.3,0.4,0,0.0,0
2012-08-16,2012-08-30,OPTSTK,WELCORP,100.0,PE,0.0,0.0,0.0,4.0,1.6,0,0.0,2000
2012-08-16,2012-08-30,OPTSTK,WELCORP,105.0,PE,0.0,0.0,0.0,6.15,4.2,0,0.0,0
2012-08-16,2012-08-30,OPTSTK,WELCORP,110.0,PE,7.7,7.7,7.7,7.7,7.7,1,2.35,4000
2012-08-16,2012-08-30,OPTSTK,WELCORP,115.0,PE,0.0,0.0,0.0,14.65,12.75,0,0.0,0
2012-08-16,2012-08-30,OPTSTK,WELCORP,120.0,PE,0.0,0.0,0.0,11.4,17.65,0,0.0,0
2012-08-16,2012-08-30,OPTSTK,WELCORP,125.0,PE,0.0,0.0,0.0,24.35,22.6,0,0.0,0
2012-08-16,2012-08-30,OPTSTK,WELCORP,130.0,PE,0.0,0.0,0.0,18.8,27.6,0,0.0,0
2012-08-16,2012-08-30,OPTSTK,WELCORP,140.0,PE,0.0,0.0,0.0,24.35,37.55,0,0.0,0
2012-08-16,2012-08-30,OPTSTK,WELCORP,150.0,PE,0.0,0.0,0.0,32.25,47.5,0,0.0,0
2012-08-16,2012-08-30,OPTSTK,WELCORP,160.0,PE,0.0,0.0,0.0,40.75,57.5,0,0.0,0
2012-08-16,2012-08-30,OPTSTK,WELCORP,170.0,PE,0.0,0.0,0.0,49.7,67.45,0,0.0,0
2012-08-16,2012-08-30,OPTSTK,WELCORP,180.0,PE,0.0,0.0,0.0,58.95,77.4,0,0.0,0
2012-08-16,2012-08-30,OPTSTK,WELCORP,190.0,PE,0.0,0.0,0.0,68.4,87.4,0,0.0,0
2012-08-16,2012-08-30,OPTSTK,WELCORP,200.0,PE,0.0,0.0,0.0,77.95,97.35,0,0.0,0
2012-08-16,2012-09-27,OPTSTK,WELCORP,50.0,CE,0.0,0.0,0.0,67.55,52.55,0,0.0,0
2012-08-16,2012-09-27,OPTSTK,WELCORP,60.0,CE,0.0,0.0,0.0,57.75,42.65,0,0.0,0
2012-08-16,2012-09-27,OPTSTK,WELCORP,70.0,CE,0.0,0.0,0.0,48.0,32.75,0,0.0,0
2012-08-16,2012-09-27,OPTSTK,WELCORP,75.0,CE,0.0,0.0,0.0,25.95,27.8,0,0.0,0
2012-08-16,2012-09-27,OPTSTK,WELCORP,80.0,CE,0.0,0.0,0.0,38.25,22.9,0,0.0,0
2012-08-16,2012-09-27,OPTSTK,WELCORP,85.0,CE,0.0,0.0,0.0,16.5,18.05,0,0.0,0
2012-08-16,2012-09-27,OPTSTK,WELCORP,90.0,CE,0.0,0.0,0.0,28.8,13.5,0,0.0,0
2012-08-16,2012-09-27,OPTSTK,WELCORP,95.0,CE,0.0,0.0,0.0,8.6,9.45,0,0.0,0
2012-08-16,2012-09-27,OPTSTK,WELCORP,100.0,CE,0.0,0.0,0.0,20.05,6.15,0,0.0,0
2012-08-16,2012-09-27,OPTSTK,WELCORP,105.0,CE,0.0,0.0,0.0,3.5,3.65,0,0.0,0
2012-08-16,2012-09-27,OPTSTK,WELCORP,110.0,CE,0.0,0.0,0.0,12.7,2.0,0,0.0,0
2012-08-16,2012-09-27,OPTSTK,WELCORP,115.0,CE,0.0,0.0,0.0,1.1,1.05,0,0.0,0
2012-08-16,2012-09-27,OPTSTK,WELCORP,120.0,CE,0.0,0.0,0.0,7.35,0.5,0,0.0,0
2012-08-16,2012-09-27,OPTSTK,WELCORP,125.0,CE,0.0,0.0,0.0,0.3,0.2,0,0.0,0
2012-08-16,2012-09-27,OPTSTK,WELCORP,130.0,CE,0.0,0.0,0.0,3.85,0.1,0,0.0,0
2012-08-16,2012-09-27,OPTSTK,WELCORP,140.0,CE,0.0,0.0,0.0,1.85,0.05,0,0.0,0
2012-08-16,2012-09-27,OPTSTK,WELCORP,150.0,CE,0.0,0.0,0.0,0.85,0.0,0,0.0,0
2012-08-16,2012-09-27,OPTSTK,WELCORP,160.0,CE,0.0,0.0,0.0,0.35,0.0,0,0.0,0
2012-08-16,2012-09-27,OPTSTK,WELCORP,170.0,CE,0.0,0.0,0.0,0.15,0.0,0,0.0,0
2012-08-16,2012-09-27,OPTSTK,WELCORP,180.0,CE,0.0,0.0,0.0,0.05,0.0,0,0.0,0
2012-08-16,2012-09-27,OPTSTK,WELCORP,190.0,CE,0.0,0.0,0.0,0.05,0.0,0,0.0,0
2012-08-16,2012-09-27,OPTSTK,WELCORP,200.0,CE,0.0,0.0,0.0,0.05,0.0,0,0.0,0
2012-08-16,2012-09-27,OPTSTK,WELCORP,50.0,PE,0.0,0.0,0.0,0.05,0.0,0,0.0,0
2012-08-16,2012-09-27,OPTSTK,WELCORP,60.0,PE,0.0,0.0,0.0,0.05,0.0,0,0.0,0
2012-08-16,2012-09-27,OPTSTK,WELCORP,70.0,PE,0.0,0.0,0.0,0.05,0.0,0,0.0,0
2012-08-16,2012-09-27,OPTSTK,WELCORP,75.0,PE,0.0,0.0,0.0,0.05,0.05,0,0.0,0
2012-08-16,2012-09-27,OPTSTK,WELCORP,80.0,PE,0.0,0.0,0.0,0.05,0.05,0,0.0,0
2012-08-16,2012-09-27,OPTSTK,WELCORP,85.0,PE,0.0,0.0,0.0,0.45,0.2,0,0.0,0
2012-08-16,2012-09-27,OPTSTK,WELCORP,90.0,PE,0.0,0.0,0.0,0.35,0.6,0,0.0,0
2012-08-16,2012-09-27,OPTSTK,WELCORP,95.0,PE,0.0,0.0,0.0,2.4,1.45,0,0.0,0
2012-08-16,2012-09-27,OPTSTK,WELCORP,100.0,PE,0.0,0.0,0.0,1.35,3.1,0,0.0,0
2012-08-16,2012-09-27,OPTSTK,WELCORP,105.0,PE,0.0,0.0,0.0,7.2,5.6,0,0.0,0
2012-08-16,2012-09-27,OPTSTK,WELCORP,110.0,PE,0.0,0.0,0.0,3.8,8.9,0,0.0,0
2012-08-16,2012-09-27,OPTSTK,WELCORP,115.0,PE,0.0,0.0,0.0,14.7,12.85,0,0.0,0
2012-08-16,2012-09-27,OPTSTK,WELCORP,120.0,PE,0.0,0.0,0.0,8.2,17.25,0,0.0,0
2012-08-16,2012-09-27,OPTSTK,WELCORP,125.0,PE,0.0,0.0,0.0,23.7,21.95,0,0.0,0
2012-08-16,2012-09-27,OPTSTK,WELCORP,130.0,PE,0.0,0.0,0.0,14.5,26.75,0,0.0,0
2012-08-16,2012-09-27,OPTSTK,WELCORP,140.0,PE,0.0,0.0,0.0,22.25,36.6,0,0.0,0
2012-08-16,2012-09-27,OPTSTK,WELCORP,150.0,PE,0.0,0.0,0.0,31.0,46.45,0,0.0,0
2012-08-16,2012-09-27,OPTSTK,WELCORP,160.0,PE,0.0,0.0,0.0,40.3,56.35,0,0.0,0
2012-08-16,2012-09-27,OPTSTK,WELCORP,170.0,PE,0.0,0.0,0.0,49.85,66.25,0,0.0,0
2012-08-16,2012-09-27,OPTSTK,WELCORP,180.0,PE,0.0,0.0,0.0,59.55,76.15,0,0.0,0
2012-08-16,2012-09-27,OPTSTK,WELCORP,190.0,PE,0.0,0.0,0.0,69.25,86.05,0,0.0,0
2012-08-16,2012-09-27,OPTSTK,WELCORP,200.0,PE,0.0,0.0,0.0,79.0,95.95,0,0.0,0
2012-08-16,2012-10-25,OPTSTK,WELCORP,50.0,CE,0.0,0.0,0.0,57.85,52.9,0,0.0,0
2012-08-16,2012-10-25,OPTSTK,WELCORP,60.0,CE,0.0,0.0,0.0,48.1,43.05,0,0.0,0
2012-08-16,2012-10-25,OPTSTK,WELCORP,70.0,CE,0.0,0.0,0.0,38.35,33.25,0,0.0,0
2012-08-16,2012-10-25,OPTSTK,WELCORP,75.0,CE,0.0,0.0,0.0,26.6,28.35,0,0.0,0
2012-08-16,2012-10-25,OPTSTK,WELCORP,80.0,CE,0.0,0.0,0.0,28.75,23.55,0,0.0,0
2012-08-16,2012-10-25,OPTSTK,WELCORP,85.0,CE,0.0,0.0,0.0,17.5,18.95,0,0.0,0
2012-08-16,2012-10-25,OPTSTK,WELCORP,90.0,CE,0.0,0.0,0.0,19.85,14.7,0,0.0,0
2012-08-16,2012-10-25,OPTSTK,WELCORP,95.0,CE,0.0,0.0,0.0,10.05,10.95,0,0.0,0
2012-08-16,2012-10-25,OPTSTK,WELCORP,100.0,CE,0.0,0.0,0.0,12.35,7.75,0,0.0,0
2012-08-16,2012-10-25,OPTSTK,WELCORP,105.0,CE,0.0,0.0,0.0,4.95,5.3,0,0.0,0
2012-08-16,2012-10-25,OPTSTK,WELCORP,110.0,CE,0.0,0.0,0.0,6.9,3.45,0,0.0,0
2012-08-16,2012-10-25,OPTSTK,WELCORP,115.0,CE,0.0,0.0,0.0,2.15,2.15,0,0.0,0
2012-08-16,2012-10-25,OPTSTK,WELCORP,120.0,CE,0.0,0.0,0.0,3.5,1.3,0,0.0,0
2012-08-16,2012-10-25,OPTSTK,WELCORP,125.0,CE,0.0,0.0,0.0,0.8,0.75,0,0.0,0
2012-08-16,2012-10-25,OPTSTK,WELCORP,130.0,CE,0.0,0.0,0.0,1.6,0.4,0,0.0,0
2012-08-16,2012-10-25,OPTSTK,WELCORP,140.0,CE,0.0,0.0,0.0,0.7,0.15,0,0.0,0
2012-08-16,2012-10-25,OPTSTK,WELCORP,150.0,CE,0.0,0.0,0.0,0.3,0.05,0,0.0,0
2012-08-16,2012-10-25,OPTSTK,WELCORP,160.0,CE,0.0,0.0,0.0,0.1,0.05,0,0.0,0
2012-08-16,2012-10-25,OPTSTK,WELCORP,170.0,CE,0.0,0.0,0.0,0.05,0.0,0,0.0,0
2012-08-16,2012-10-25,OPTSTK,WELCORP,180.0,CE,0.0,0.0,0.0,0.05,0.0,0,0.0,0
2012-08-16,2012-10-25,OPTSTK,WELCORP,190.0,CE,0.0,0.0,0.0,0.05,0.0,0,0.0,0
2012-08-16,2012-10-25,OPTSTK,WELCORP,200.0,CE,0.0,0.0,0.0,0.05,0.0,0,0.0,0
2012-08-16,2012-10-25,OPTSTK,WELCORP,50.0,PE,0.0,0.0,0.0,0.05,0.0,0,0.0,0
2012-08-16,2012-10-25,OPTSTK,WELCORP,60.0,PE,0.0,0.0,0.0,0.05,0.0,0,0.0,0
2012-08-16,2012-10-25,OPTSTK,WELCORP,70.0,PE,0.0,0.0,0.0,0.05,0.05,0,0.0,0
2012-08-16,2012-10-25,OPTSTK,WELCORP,75.0,PE,0.0,0.0,0.0,0.15,0.05,0,0.0,0
2012-08-16,2012-10-25,OPTSTK,WELCORP,80.0,PE,0.0,0.0,0.0,0.25,0.2,0,0.0,0
2012-08-16,2012-10-25,OPTSTK,WELCORP,85.0,PE,0.0,0.0,0.0,0.9,0.5,0,0.0,0
2012-08-16,2012-10-25,OPTSTK,WELCORP,90.0,PE,0.0,0.0,0.0,1.1,1.15,0,0.0,0
2012-08-16,2012-10-25,OPTSTK,WELCORP,95.0,PE,0.0,0.0,0.0,3.25,2.3,0,0.0,0
2012-08-16,2012-10-25,OPTSTK,WELCORP,100.0,PE,0.0,0.0,0.0,3.4,4.05,0,0.0,0
2012-08-16,2012-10-25,OPTSTK,WELCORP,105.0,PE,0.0,0.0,0.0,7.95,6.5,0,0.0,0
2012-08-16,2012-10-25,OPTSTK,WELCORP,110.0,PE,0.0,0.0,0.0,7.7,9.55,0,0.0,0
2012-08-16,2012-10-25,OPTSTK,WELCORP,115.0,PE,0.0,0.0,0.0,14.9,13.15,0,0.0,0
2012-08-16,2012-10-25,OPTSTK,WELCORP,120.0,PE,0.0,0.0,0.0,14.05,17.2,0,0.0,0
2012-08-16,2012-10-25,OPTSTK,WELCORP,125.0,PE,0.0,0.0,0.0,23.35,21.6,0,0.0,0
2012-08-16,2012-10-25,OPTSTK,WELCORP,130.0,PE,0.0,0.0,0.0,21.95,26.2,0,0.0,0
2012-08-16,2012-10-25,OPTSTK,WELCORP,140.0,PE,0.0,0.0,0.0,30.8,35.75,0,0.0,0
2012-08-16,2012-10-25,OPTSTK,WELCORP,150.0,PE,0.0,0.0,0.0,40.2,45.45,0,0.0,0
2012-08-16,2012-10-25,OPTSTK,WELCORP,160.0,PE,0.0,0.0,0.0,49.8,55.3,0,0.0,0
2012-08-16,2012-10-25,OPTSTK,WELCORP,170.0,PE,0.0,0.0,0.0,59.5,65.1,0,0.0,0
2012-08-16,2012-10-25,OPTSTK,WELCORP,180.0,PE,0.0,0.0,0.0,69.25,74.95,0,0.0,0
2012-08-16,2012-10-25,OPTSTK,WELCORP,190.0,PE,0.0,0.0,0.0,79.0,84.75,0,0.0,0
2012-08-16,2012-10-25,OPTSTK,WELCORP,200.0,PE,0.0,0.0,0.0,88.8,94.6,0,0.0,0
2012-08-16,2012-08-30,OPTSTK,WIPRO,220.0,CE,0.0,0.0,0.0,195.3,130.15,0,0.0,0
2012-08-16,2012-08-30,OPTSTK,WIPRO,240.0,CE,0.0,0.0,0.0,175.8,110.2,0,0.0,0
2012-08-16,2012-08-30,OPTSTK,WIPRO,260.0,CE,0.0,0.0,0.0,156.3,90.3,0,0.0,0
2012-08-16,2012-08-30,OPTSTK,WIPRO,280.0,CE,0.0,0.0,0.0,136.85,70.35,0,0.0,0
2012-08-16,2012-08-30,OPTSTK,WIPRO,300.0,CE,0.0,0.0,0.0,50.0,50.45,0,0.0,500
2012-08-16,2012-08-30,OPTSTK,WIPRO,320.0,CE,0.0,0.0,0.0,33.8,30.85,0,0.0,9000
2012-08-16,2012-08-30,OPTSTK,WIPRO,340.0,CE,14.15,14.15,11.95,13.1,13.1,16,28.21,91000
2012-08-16,2012-08-30,OPTSTK,WIPRO,360.0,CE,4.6,4.6,2.6,3.15,3.15,146,265.12,200000
2012-08-16,2012-08-30,OPTSTK,WIPRO,380.0,CE,1.0,1.0,0.5,0.7,0.7,7,13.32,63000
2012-08-16,2012-08-30,OPTSTK,WIPRO,400.0,CE,0.15,0.15,0.1,0.1,0.1,7,14.0,41000
2012-08-16,2012-08-30,OPTSTK,WIPRO,420.0,CE,0.0,0.0,0.0,0.1,0.0,0,0.0,1500
2012-08-16,2012-08-30,OPTSTK,WIPRO,440.0,CE,0.0,0.0,0.0,4.0,0.0,0,0.0,0
2012-08-16,2012-08-30,OPTSTK,WIPRO,460.0,CE,0.0,0.0,0.0,1.0,0.0,0,0.0,1500
2012-08-16,2012-08-30,OPTSTK,WIPRO,480.0,CE,0.0,0.0,0.0,1.95,0.0,0,0.0,500
2012-08-16,2012-08-30,OPTSTK,WIPRO,500.0,CE,0.0,0.0,0.0,5.0,0.0,0,0.0,0
2012-08-16,2012-08-30,OPTSTK,WIPRO,520.0,CE,0.0,0.0,0.0,3.1,0.0,0,0.0,0
2012-08-16,2012-08-30,OPTSTK,WIPRO,540.0,CE,0.0,0.0,0.0,1.85,0.0,0,0.0,0
2012-08-16,2012-08-30,OPTSTK,WIPRO,220.0,PE,0.0,0.0,0.0,0.05,0.0,0,0.0,0
2012-08-16,2012-08-30,OPTSTK,WIPRO,240.0,PE,0.0,0.0,0.0,0.05,0.0,0,0.0,0
2012-08-16,2012-08-30,OPTSTK,WIPRO,260.0,PE,0.0,0.0,0.0,0.05,0.0,0,0.0,0
2012-08-16,2012-08-30,OPTSTK,WIPRO,280.0,PE,0.0,0.0,0.0,0.1,0.0,0,0.0,0
2012-08-16,2012-08-30,OPTSTK,WIPRO,300.0,PE,0.0,0.0,0.0,0.85,0.05,0,0.0,26500
2012-08-16,2012-08-30,OPTSTK,WIPRO,320.0,PE,0.5,0.5,0.5,0.5,0.5,1,1.6,65500
2012-08-16,2012-08-30,OPTSTK,WIPRO,340.0,PE,2.2,2.95,1.85,2.5,2.5,34,58.22,65500
2012-08-16,2012-08-30,OPTSTK,WIPRO,360.0,PE,12.45,13.4,11.0,11.8,11.8,17,31.64,35000
2012-08-16,2012-08-30,OPTSTK,WIPRO,380.0,PE,0.0,0.0,0.0,25.95,30.0,0,0.0,5000
2012-08-16,2012-08-30,OPTSTK,WIPRO,400.0,PE,0.0,0.0,0.0,53.95,49.35,0,0.0,6000
2012-08-16,2012-08-30,OPTSTK,WIPRO,420.0,PE,0.0,0.0,0.0,79.1,69.2,0,0.0,1500
2012-08-16,2012-08-30,OPTSTK,WIPRO,440.0,PE,0.0,0.0,0.0,71.6,89.15,0,0.0,1500
2012-08-16,2012-08-30,OPTSTK,WIPRO,460.0,PE,0.0,0.0,0.0,51.05,109.1,0,0.0,0
2012-08-16,2012-08-30,OPTSTK,WIPRO,480.0,PE,0.0,0.0,0.0,66.35,129.0,0,0.0,0
2012-08-16,2012-08-30,OPTSTK,WIPRO,500.0,PE,0.0,0.0,0.0,82.95,148.95,0,0.0,0
2012-08-16,2012-08-30,OPTSTK,WIPRO,520.0,PE,0.0,0.0,0.0,100.55,168.9,0,0.0,0
2012-08-16,2012-08-30,OPTSTK,WIPRO,540.0,PE,0.0,0.0,0.0,118.85,188.8,0,0.0,0
2012-08-16,2012-09-27,OPTSTK,WIPRO,220.0,CE,0.0,0.0,0.0,183.95,131.7,0,0.0,0
2012-08-16,2012-09-27,OPTSTK,WIPRO,240.0,CE,0.0,0.0,0.0,164.4,111.9,0,0.0,0
2012-08-16,2012-09-27,OPTSTK,WIPRO,260.0,CE,0.0,0.0,0.0,144.85,92.1,0,0.0,0
2012-08-16,2012-09-27,OPTSTK,WIPRO,280.0,CE,0.0,0.0,0.0,125.35,72.4,0,0.0,0
2012-08-16,2012-09-27,OPTSTK,WIPRO,300.0,CE,0.0,0.0,0.0,105.85,53.1,0,0.0,0
2012-08-16,2012-09-27,OPTSTK,WIPRO,320.0,CE,0.0,0.0,0.0,86.6,35.25,0,0.0,0
2012-08-16,2012-09-27,OPTSTK,WIPRO,340.0,CE,0.0,0.0,0.0,18.0,20.55,0,0.0,2500
2012-08-16,2012-09-27,OPTSTK,WIPRO,360.0,CE,8.5,10.9,8.25,8.5,8.5,10,18.49,4000
2012-08-16,2012-09-27,OPTSTK,WIPRO,380.0,CE,0.0,0.0,0.0,5.5,4.4,0,0.0,500
2012-08-16,2012-09-27,OPTSTK,WIPRO,400.0,CE,1.65,1.65,1.65,1.65,1.65,1,2.0,3000
2012-08-16,2012-09-27,OPTSTK,WIPRO,420.0,CE,0.0,0.0,0.0,14.25,0.5,0,0.0,0
2012-08-16,2012-09-27,OPTSTK,WIPRO,440.0,CE,0.0,0.0,0.0,8.15,0.15,0,0.0,0
2012-08-16,2012-09-27,OPTSTK,WIPRO,460.0,CE,0.0,0.0,0.0,4.35,0.05,0,0.0,0
2012-08-16,2012-09-27,OPTSTK,WIPRO,480.0,CE,0.0,0.0,0.0,2.2,0.05,0,0.0,0
2012-08-16,2012-09-27,OPTSTK,WIPRO,500.0,CE,0.0,0.0,0.0,1.05,0.0,0,0.0,0
2012-08-16,2012-09-27,OPTSTK,WIPRO,520.0,CE,0.0,0.0,0.0,0.45,0.0,0,0.0,0
2012-08-16,2012-09-27,OPTSTK,WIPRO,540.0,CE,0.0,0.0,0.0,0.2,0.0,0,0.0,0
2012-08-16,2012-09-27,OPTSTK,WIPRO,220.0,PE,0.0,0.0,0.0,0.05,0.0,0,0.0,0
2012-08-16,2012-09-27,OPTSTK,WIPRO,240.0,PE,0.0,0.0,0.0,0.05,0.0,0,0.0,0
2012-08-16,2012-09-27,OPTSTK,WIPRO,260.0,PE,0.0,0.0,0.0,0.05,0.05,0,0.0,0
2012-08-16,2012-09-27,OPTSTK,WIPRO,280.0,PE,0.0,0.0,0.0,0.05,0.1,0,0.0,0
2012-08-16,2012-09-27,OPTSTK,WIPRO,300.0,PE,0.0,0.0,0.0,0.1,0.55,0,0.0,0
2012-08-16,2012-09-27,OPTSTK,WIPRO,320.0,PE,0.0,0.0,0.0,0.35,2.5,0,0.0,0
2012-08-16,2012-09-27,OPTSTK,WIPRO,340.0,PE,6.5,6.5,6.5,6.5,6.5,1,1.73,2000
2012-08-16,2012-09-27,OPTSTK,WIPRO,360.0,PE,0.0,0.0,0.0,3.45,17.15,0,0.0,0
2012-08-16,2012-09-27,OPTSTK,WIPRO,380.0,PE,0.0,0.0,0.0,26.05,31.05,0,0.0,1000
2012-08-16,2012-09-27,OPTSTK,WIPRO,400.0,PE,0.0,0.0,0.0,15.15,48.05,0,0.0,0
2012-08-16,2012-09-27,OPTSTK,WIPRO,420.0,PE,0.0,0.0,0.0,25.65,66.75,0,0.0,0
2012-08-16,2012-09-27,OPTSTK,WIPRO,440.0,PE,0.0,0.0,0.0,39.1,86.2,0,0.0,0
2012-08-16,2012-09-27,OPTSTK,WIPRO,460.0,PE,0.0,0.0,0.0,54.85,105.9,0,0.0,0
2012-08-16,2012-09-27,OPTSTK,WIPRO,480.0,PE,0.0,0.0,0.0,72.2,125.65,0,0.0,0
2012-08-16,2012-09-27,OPTSTK,WIPRO,500.0,PE,0.0,0.0,0.0,90.6,145.45,0,0.0,0
2012-08-16,2012-09-27,OPTSTK,WIPRO,520.0,PE,0.0,0.0,0.0,109.55,165.25,0,0.0,0
2012-08-16,2012-09-27,OPTSTK,WIPRO,540.0,PE,0.0,0.0,0.0,128.85,185.05,0,0.0,0
2012-08-16,2012-10-25,OPTSTK,WIPRO,220.0,CE,0.0,0.0,0.0,115.05,133.2,0,0.0,0
2012-08-16,2012-10-25,OPTSTK,WIPRO,240.0,CE,0.0,0.0,0.0,95.75,113.55,0,0.0,0
2012-08-16,2012-10-25,OPTSTK,WIPRO,260.0,CE,0.0,0.0,0.0,77.05,93.95,0,0.0,0
2012-08-16,2012-10-25,OPTSTK,WIPRO,280.0,CE,0.0,0.0,0.0,59.55,74.6,0,0.0,0
2012-08-16,2012-10-25,OPTSTK,WIPRO,300.0,CE,0.0,0.0,0.0,44.0,56.1,0,0.0,0
2012-08-16,2012-10-25,OPTSTK,WIPRO,320.0,CE,0.0,0.0,0.0,30.95,39.35,0,0.0,0
2012-08-16,2012-10-25,OPTSTK,WIPRO,340.0,CE,0.0,0.0,0.0,20.75,25.5,0,0.0,0
2012-08-16,2012-10-25,OPTSTK,WIPRO,360.0,CE,0.0,0.0,0.0,13.25,15.15,0,0.0,0
2012-08-16,2012-10-25,OPTSTK,WIPRO,380.0,CE,0.0,0.0,0.0,8.15,8.25,0,0.0,0
2012-08-16,2012-10-25,OPTSTK,WIPRO,400.0,CE,0.0,0.0,0.0,4.75,4.15,0,0.0,0
2012-08-16,2012-10-25,OPTSTK,WIPRO,420.0,CE,0.0,0.0,0.0,2.7,1.9,0,0.0,0
2012-08-16,2012-10-25,OPTSTK,WIPRO,440.0,CE,0.0,0.0,0.0,1.5,0.85,0,0.0,0
2012-08-16,2012-10-25,OPTSTK,WIPRO,460.0,CE,0.0,0.0,0.0,0.8,0.35,0,0.0,0
2012-08-16,2012-10-25,OPTSTK,WIPRO,480.0,CE,0.0,0.0,0.0,0.4,0.15,0,0.0,0
2012-08-16,2012-10-25,OPTSTK,WIPRO,500.0,CE,0.0,0.0,0.0,0.2,0.05,0,0.0,0
2012-08-16,2012-10-25,OPTSTK,WIPRO,520.0,CE,0.0,0.0,0.0,0.1,0.05,0,0.0,0
2012-08-16,2012-10-25,OPTSTK,WIPRO,220.0,PE,0.0,0.0,0.0,0.1,0.0,0,0.0,0
2012-08-16,2012-10-25,OPTSTK,WIPRO,240.0,PE,0.0,0.0,0.0,0.35,0.05,0,0.0,0
2012-08-16,2012-10-25,OPTSTK,WIPRO,260.0,PE,0.0,0.0,0.0,1.2,0.1,0,0.0,0
2012-08-16,2012-10-25,OPTSTK,WIPRO,280.0,PE,0.0,0.0,0.0,3.25,0.4,0,0.0,0
2012-08-16,2012-10-25,OPTSTK,WIPRO,300.0,PE,0.0,0.0,0.0,7.25,1.55,0,0.0,0
2012-08-16,2012-10-25,OPTSTK,WIPRO,320.0,PE,0.0,0.0,0.0,13.75,4.5,0,0.0,0
2012-08-16,2012-10-25,OPTSTK,WIPRO,340.0,PE,0.0,0.0,0.0,23.1,10.25,0,0.0,0
2012-08-16,2012-10-25,OPTSTK,WIPRO,360.0,PE,0.0,0.0,0.0,35.15,19.6,0,0.0,0
2012-08-16,2012-10-25,OPTSTK,WIPRO,380.0,PE,0.0,0.0,0.0,49.55,32.35,0,0.0,0
2012-08-16,2012-10-25,OPTSTK,WIPRO,400.0,PE,0.0,0.0,0.0,65.75,47.9,0,0.0,0
2012-08-16,2012-10-25,OPTSTK,WIPRO,420.0,PE,0.0,0.0,0.0,83.2,65.3,0,0.0,0
2012-08-16,2012-10-25,OPTSTK,WIPRO,440.0,PE,0.0,0.0,0.0,101.55,83.9,0,0.0,0
2012-08-16,2012-10-25,OPTSTK,WIPRO,460.0,PE,0.0,0.0,0.0,120.4,103.05,0,0.0,0
2012-08-16,2012-10-25,OPTSTK,WIPRO,480.0,PE,0.0,0.0,0.0,139.55,122.5,0,0.0,0
2012-08-16,2012-10-25,OPTSTK,WIPRO,500.0,PE,0.0,0.0,0.0,158.9,142.1,0,0.0,0
2012-08-16,2012-10-25,OPTSTK,WIPRO,520.0,PE,0.0,0.0,0.0,178.35,161.7,0,0.0,0
2012-08-16,2012-08-30,OPTSTK,YESBANK,160.0,CE,0.0,0.0,0.0,173.75,200.55,0,0.0,0
2012-08-16,2012-08-30,OPTSTK,YESBANK,180.0,CE,0.0,0.0,0.0,154.2,180.6,0,0.0,0
2012-08-16,2012-08-30,OPTSTK,YESBANK,200.0,CE,0.0,0.0,0.0,134.75,160.7,0,0.0,0
2012-08-16,2012-08-30,OPTSTK,YESBANK,220.0,CE,0.0,0.0,0.0,115.45,140.75,0,0.0,0
2012-08-16,2012-08-30,OPTSTK,YESBANK,240.0,CE,0.0,0.0,0.0,96.65,120.8,0,0.0,0
2012-08-16,2012-08-30,OPTSTK,YESBANK,260.0,CE,0.0,0.0,0.0,78.7,100.9,0,0.0,0
2012-08-16,2012-08-30,OPTSTK,YESBANK,280.0,CE,0.0,0.0,0.0,74.85,80.95,0,0.0,1000
2012-08-16,2012-08-30,OPTSTK,YESBANK,300.0,CE,0.0,0.0,0.0,55.35,61.0,0,0.0,1000
2012-08-16,2012-08-30,OPTSTK,YESBANK,320.0,CE,0.0,0.0,0.0,48.5,41.2,0,0.0,4000
2012-08-16,2012-08-30,OPTSTK,YESBANK,340.0,CE,28.3,29.75,23.25,23.35,23.35,6,21.96,33000
2012-08-16,2012-08-30,OPTSTK,YESBANK,360.0,CE,11.0,12.8,6.7,7.5,7.5,156,577.12,224000
2012-08-16,2012-08-30,OPTSTK,YESBANK,380.0,CE,2.5,3.1,1.3,1.45,1.45,283,1081.25,451000
2012-08-16,2012-08-30,OPTSTK,YESBANK,400.0,CE,0.45,0.5,0.3,0.4,0.4,22,88.09,124000
2012-08-16,2012-08-30,OPTSTK,YESBANK,420.0,CE,0.0,0.0,0.0,5.2,0.05,0,0.0,0
2012-08-16,2012-08-30,OPTSTK,YESBANK,440.0,CE,0.0,0.0,0.0,0.3,0.0,0,0.0,3000
2012-08-16,2012-08-30,OPTSTK,YESBANK,460.0,CE,0.0,0.0,0.0,2.05,0.0,0,0.0,0
2012-08-16,2012-08-30,OPTSTK,YESBANK,480.0,CE,0.0,0.0,0.0,1.25,0.0,0,0.0,0
2012-08-16,2012-08-30,OPTSTK,YESBANK,160.0,PE,0.0,0.0,0.0,0.05,0.0,0,0.0,0
2012-08-16,2012-08-30,OPTSTK,YESBANK,180.0,PE,0.0,0.0,0.0,1.0,0.0,0,0.0,1000
2012-08-16,2012-08-30,OPTSTK,YESBANK,200.0,PE,0.0,0.0,0.0,0.1,0.0,0,0.0,0
2012-08-16,2012-08-30,OPTSTK,YESBANK,220.0,PE,0.0,0.0,0.0,0.3,0.0,0,0.0,0
2012-08-16,2012-08-30,OPTSTK,YESBANK,240.0,PE,0.0,0.0,0.0,1.0,0.0,0,0.0,0
2012-08-16,2012-08-30,OPTSTK,YESBANK,260.0,PE,0.0,0.0,0.0,2.55,0.0,0,0.0,0
2012-08-16,2012-08-30,OPTSTK,YESBANK,280.0,PE,0.0,0.0,0.0,1.9,0.0,0,0.0,7000
2012-08-16,2012-08-30,OPTSTK,YESBANK,300.0,PE,0.0,0.0,0.0,0.2,0.0,0,0.0,8000
2012-08-16,2012-08-30,OPTSTK,YESBANK,320.0,PE,0.45,0.45,0.3,0.3,0.3,8,25.62,311000
2012-08-16,2012-08-30,OPTSTK,YESBANK,340.0,PE,0.65,0.85,0.5,0.8,0.8,60,204.4,875000
2012-08-16,2012-08-30,OPTSTK,YESBANK,360.0,PE,2.95,6.0,2.95,5.45,5.45,154,560.98,369000
2012-08-16,2012-08-30,OPTSTK,YESBANK,380.0,PE,14.7,20.5,14.0,19.9,19.9,13,51.53,10000
2012-08-16,2012-08-30,OPTSTK,YESBANK,400.0,PE,34.6,34.6,34.6,34.6,34.6,1,4.34,4000
2012-08-16,2012-08-30,OPTSTK,YESBANK,420.0,PE,0.0,0.0,0.0,85.2,58.65,0,0.0,0
2012-08-16,2012-08-30,OPTSTK,YESBANK,440.0,PE,0.0,0.0,0.0,102.85,78.55,0,0.0,0
2012-08-16,2012-08-30,OPTSTK,YESBANK,460.0,PE,0.0,0.0,0.0,121.15,98.5,0,0.0,0
2012-08-16,2012-08-30,OPTSTK,YESBANK,480.0,PE,0.0,0.0,0.0,139.85,118.4,0,0.0,0
2012-08-16,2012-09-27,OPTSTK,YESBANK,160.0,CE,0.0,0.0,0.0,175.35,201.65,0,0.0,0
2012-08-16,2012-09-27,OPTSTK,YESBANK,180.0,CE,0.0,0.0,0.0,155.8,181.9,0,0.0,0
2012-08-16,2012-09-27,OPTSTK,YESBANK,200.0,CE,0.0,0.0,0.0,136.3,162.1,0,0.0,0
2012-08-16,2012-09-27,OPTSTK,YESBANK,220.0,CE,0.0,0.0,0.0,116.9,142.3,0,0.0,0
2012-08-16,2012-09-27,OPTSTK,YESBANK,240.0,CE,0.0,0.0,0.0,97.85,122.5,0,0.0,0
2012-08-16,2012-09-27,OPTSTK,YESBANK,260.0,CE,0.0,0.0,0.0,79.5,102.7,0,0.0,0
2012-08-16,2012-09-27,OPTSTK,YESBANK,280.0,CE,0.0,0.0,0.0,62.5,82.95,0,0.0,0
2012-08-16,2012-09-27,OPTSTK,YESBANK,300.0,CE,0.0,0.0,0.0,47.45,63.4,0,0.0,0
2012-08-16,2012-09-27,OPTSTK,YESBANK,320.0,CE,0.0,0.0,0.0,34.65,44.7,0,0.0,0
2012-08-16,2012-09-27,OPTSTK,YESBANK,340.0,CE,0.0,0.0,0.0,24.4,28.3,0,0.0,0
2012-08-16,2012-09-27,OPTSTK,YESBANK,360.0,CE,0.0,0.0,0.0,16.6,15.7,0,0.0,0
2012-08-16,2012-09-27,OPTSTK,YESBANK,380.0,CE,0.0,0.0,0.0,10.0,7.5,0,0.0,6000
2012-08-16,2012-09-27,OPTSTK,YESBANK,400.0,CE,0.0,0.0,0.0,4.25,3.1,0,0.0,1000
2012-08-16,2012-09-27,OPTSTK,YESBANK,420.0,CE,0.0,0.0,0.0,4.35,1.1,0,0.0,0
2012-08-16,2012-09-27,OPTSTK,YESBANK,440.0,CE,0.0,0.0,0.0,2.65,0.35,0,0.0,0
2012-08-16,2012-09-27,OPTSTK,YESBANK,460.0,CE,0.0,0.0,0.0,1.6,0.1,0,0.0,0
2012-08-16,2012-09-27,OPTSTK,YESBANK,480.0,CE,0.0,0.0,0.0,0.95,0.05,0,0.0,0
2012-08-16,2012-09-27,OPTSTK,YESBANK,160.0,PE,0.0,0.0,0.0,0.05,0.0,0,0.0,0
2012-08-16,2012-09-27,OPTSTK,YESBANK,180.0,PE,0.0,0.0,0.0,0.05,0.0,0,0.0,0
2012-08-16,2012-09-27,OPTSTK,YESBANK,200.0,PE,0.0,0.0,0.0,0.05,0.0,0,0.0,0
2012-08-16,2012-09-27,OPTSTK,YESBANK,220.0,PE,0.0,0.0,0.0,0.2,0.0,0,0.0,0
2012-08-16,2012-09-27,OPTSTK,YESBANK,240.0,PE,0.0,0.0,0.0,0.65,0.0,0,0.0,0
2012-08-16,2012-09-27,OPTSTK,YESBANK,260.0,PE,0.0,0.0,0.0,1.85,0.0,0,0.0,0
2012-08-16,2012-09-27,OPTSTK,YESBANK,280.0,PE,0.0,0.0,0.0,4.4,0.05,0,0.0,0
2012-08-16,2012-09-27,OPTSTK,YESBANK,300.0,PE,0.0,0.0,0.0,8.85,0.3,0,0.0,0
2012-08-16,2012-09-27,OPTSTK,YESBANK,320.0,PE,0.0,0.0,0.0,15.6,1.4,0,0.0,0
2012-08-16,2012-09-27,OPTSTK,YESBANK,340.0,PE,0.0,0.0,0.0,24.9,4.8,0,0.0,0
2012-08-16,2012-09-27,OPTSTK,YESBANK,360.0,PE,0.0,0.0,0.0,12.8,11.95,0,0.0,2000
2012-08-16,2012-09-27,OPTSTK,YESBANK,380.0,PE,20.7,20.7,20.6,20.6,20.6,4,16.02,4000
2012-08-16,2012-09-27,OPTSTK,YESBANK,400.0,PE,0.0,0.0,0.0,66.1,39.0,0,0.0,0
2012-08-16,2012-09-27,OPTSTK,YESBANK,420.0,PE,0.0,0.0,0.0,83.0,56.8,0,0.0,0
2012-08-16,2012-09-27,OPTSTK,YESBANK,440.0,PE,0.0,0.0,0.0,100.8,75.8,0,0.0,0
2012-08-16,2012-09-27,OPTSTK,YESBANK,460.0,PE,0.0,0.0,0.0,119.3,95.35,0,0.0,0
2012-08-16,2012-09-27,OPTSTK,YESBANK,480.0,PE,0.0,0.0,0.0,138.15,115.1,0,0.0,0
2012-08-16,2012-10-25,OPTSTK,YESBANK,160.0,CE,0.0,0.0,0.0,189.3,202.75,0,0.0,0
2012-08-16,2012-10-25,OPTSTK,YESBANK,180.0,CE,0.0,0.0,0.0,169.75,183.1,0,0.0,0
2012-08-16,2012-10-25,OPTSTK,YESBANK,200.0,CE,0.0,0.0,0.0,150.2,163.45,0,0.0,0
2012-08-16,2012-10-25,OPTSTK,YESBANK,220.0,CE,0.0,0.0,0.0,130.7,143.8,0,0.0,0
2012-08-16,2012-10-25,OPTSTK,YESBANK,240.0,CE,0.0,0.0,0.0,111.25,124.15,0,0.0,0
2012-08-16,2012-10-25,OPTSTK,YESBANK,260.0,CE,0.0,0.0,0.0,92.05,104.5,0,0.0,0
2012-08-16,2012-10-25,OPTSTK,YESBANK,280.0,CE,0.0,0.0,0.0,73.6,85.05,0,0.0,0
2012-08-16,2012-10-25,OPTSTK,YESBANK,300.0,CE,0.0,0.0,0.0,56.5,66.1,0,0.0,0
2012-08-16,2012-10-25,OPTSTK,YESBANK,320.0,CE,0.0,0.0,0.0,41.4,48.45,0,0.0,0
2012-08-16,2012-10-25,OPTSTK,YESBANK,340.0,CE,0.0,0.0,0.0,28.95,33.1,0,0.0,0
2012-08-16,2012-10-25,OPTSTK,YESBANK,360.0,CE,0.0,0.0,0.0,19.25,20.9,0,0.0,0
2012-08-16,2012-10-25,OPTSTK,YESBANK,380.0,CE,0.0,0.0,0.0,12.25,12.2,0,0.0,0
2012-08-16,2012-10-25,OPTSTK,YESBANK,400.0,CE,0.0,0.0,0.0,7.45,6.6,0,0.0,0
2012-08-16,2012-10-25,OPTSTK,YESBANK,420.0,CE,0.0,0.0,0.0,4.35,3.3,0,0.0,0
2012-08-16,2012-10-25,OPTSTK,YESBANK,440.0,CE,0.0,0.0,0.0,2.45,1.55,0,0.0,0
2012-08-16,2012-10-25,OPTSTK,YESBANK,460.0,CE,0.0,0.0,0.0,1.35,0.65,0,0.0,0
2012-08-16,2012-10-25,OPTSTK,YESBANK,480.0,CE,0.0,0.0,0.0,0.7,0.3,0,0.0,0
2012-08-16,2012-10-25,OPTSTK,YESBANK,160.0,PE,0.0,0.0,0.0,0.05,0.0,0,0.0,0
2012-08-16,2012-10-25,OPTSTK,YESBANK,180.0,PE,0.0,0.0,0.0,0.05,0.0,0,0.0,0
2012-08-16,2012-10-25,OPTSTK,YESBANK,200.0,PE,0.0,0.0,0.0,0.05,0.0,0,0.0,0
2012-08-16,2012-10-25,OPTSTK,YESBANK,220.0,PE,0.0,0.0,0.0,0.05,0.0,0,0.0,0
2012-08-16,2012-10-25,OPTSTK,YESBANK,240.0,PE,0.0,0.0,0.0,0.15,0.0,0,0.0,0
2012-08-16,2012-10-25,OPTSTK,YESBANK,260.0,PE,0.0,0.0,0.0,0.5,0.05,0,0.0,0
2012-08-16,2012-10-25,OPTSTK,YESBANK,280.0,PE,0.0,0.0,0.0,1.6,0.25,0,0.0,0
2012-08-16,2012-10-25,OPTSTK,YESBANK,300.0,PE,0.0,0.0,0.0,4.0,0.95,0,0.0,0
2012-08-16,2012-10-25,OPTSTK,YESBANK,320.0,PE,0.0,0.0,0.0,8.5,2.95,0,0.0,0
2012-08-16,2012-10-25,OPTSTK,YESBANK,340.0,PE,0.0,0.0,0.0,15.55,7.25,0,0.0,0
2012-08-16,2012-10-25,OPTSTK,YESBANK,360.0,PE,0.0,0.0,0.0,25.45,14.75,0,0.0,0
2012-08-16,2012-10-25,OPTSTK,YESBANK,380.0,PE,0.0,0.0,0.0,37.95,25.65,0,0.0,0
2012-08-16,2012-10-25,OPTSTK,YESBANK,400.0,PE,0.0,0.0,0.0,52.7,39.7,0,0.0,0
2012-08-16,2012-10-25,OPTSTK,YESBANK,420.0,PE,0.0,0.0,0.0,69.15,56.05,0,0.0,0
2012-08-16,2012-10-25,OPTSTK,YESBANK,440.0,PE,0.0,0.0,0.0,86.8,73.95,0,0.0,0
2012-08-16,2012-10-25,OPTSTK,YESBANK,460.0,PE,0.0,0.0,0.0,105.25,92.75,0,0.0,0
2012-08-16,2012-10-25,OPTSTK,YESBANK,480.0,PE,0.0,0.0,0.0,124.15,112.05,0,0.0,0
2012-08-16,2012-08-30,OPTSTK,ZEEL,60.0,CE,0.0,0.0,0.0,73.6,112.4,0,0.0,0
2012-08-16,2012-08-30,OPTSTK,ZEEL,70.0,CE,0.0,0.0,0.0,63.85,102.45,0,0.0,0
2012-08-16,2012-08-30,OPTSTK,ZEEL,80.0,CE,0.0,0.0,0.0,54.1,92.5,0,0.0,0
2012-08-16,2012-08-30,OPTSTK,ZEEL,90.0,CE,0.0,0.0,0.0,44.35,82.5,0,0.0,0
2012-08-16,2012-08-30,OPTSTK,ZEEL,100.0,CE,0.0,0.0,0.0,34.65,72.55,0,0.0,0
2012-08-16,2012-08-30,OPTSTK,ZEEL,110.0,CE,0.0,0.0,0.0,25.3,62.6,0,0.0,0
2012-08-16,2012-08-30,OPTSTK,ZEEL,120.0,CE,0.0,0.0,0.0,16.85,52.6,0,0.0,0
2012-08-16,2012-08-30,OPTSTK,ZEEL,130.0,CE,0.0,0.0,0.0,10.05,42.65,0,0.0,0
2012-08-16,2012-08-30,OPTSTK,ZEEL,140.0,CE,0.0,0.0,0.0,5.35,32.7,0,0.0,0
2012-08-16,2012-08-30,OPTSTK,ZEEL,150.0,CE,0.0,0.0,0.0,2.55,22.85,0,0.0,0
2012-08-16,2012-08-30,OPTSTK,ZEEL,160.0,CE,0.0,0.0,0.0,9.7,13.6,0,0.0,2000
2012-08-16,2012-08-30,OPTSTK,ZEEL,170.0,CE,0.0,0.0,0.0,2.9,6.4,0,0.0,12000
2012-08-16,2012-08-30,OPTSTK,ZEEL,180.0,CE,2.0,2.1,2.0,2.0,2.0,3,10.92,8000
2012-08-16,2012-08-30,OPTSTK,ZEEL,190.0,CE,0.0,0.0,0.0,0.05,0.55,0,0.0,0
2012-08-16,2012-08-30,OPTSTK,ZEEL,200.0,CE,0.0,0.0,0.0,0.05,0.1,0,0.0,0
2012-08-16,2012-08-30,OPTSTK,ZEEL,210.0,CE,0.0,0.0,0.0,0.05,0.05,0,0.0,0
2012-08-16,2012-08-30,OPTSTK,ZEEL,220.0,CE,0.0,0.0,0.0,0.05,0.0,0,0.0,0
2012-08-16,2012-08-30,OPTSTK,ZEEL,60.0,PE,0.0,0.0,0.0,0.05,0.0,0,0.0,0
2012-08-16,2012-08-30,OPTSTK,ZEEL,70.0,PE,0.0,0.0,0.0,0.05,0.0,0,0.0,0
2012-08-16,2012-08-30,OPTSTK,ZEEL,80.0,PE,0.0,0.0,0.0,0.05,0.0,0,0.0,0
2012-08-16,2012-08-30,OPTSTK,ZEEL,90.0,PE,0.0,0.0,0.0,0.05,0.0,0,0.0,0
2012-08-16,2012-08-30,OPTSTK,ZEEL,100.0,PE,0.0,0.0,0.0,0.1,0.0,0,0.0,0
2012-08-16,2012-08-30,OPTSTK,ZEEL,110.0,PE,0.0,0.0,0.0,0.5,0.0,0,0.0,0
2012-08-16,2012-08-30,OPTSTK,ZEEL,120.0,PE,0.0,0.0,0.0,1.8,0.0,0,0.0,0
2012-08-16,2012-08-30,OPTSTK,ZEEL,130.0,PE,0.0,0.0,0.0,4.8,0.0,0,0.0,0
2012-08-16,2012-08-30,OPTSTK,ZEEL,140.0,PE,0.0,0.0,0.0,1.9,0.05,0,0.0,2000
2012-08-16,2012-08-30,OPTSTK,ZEEL,150.0,PE,0.0,0.0,0.0,2.0,0.1,0,0.0,2000
2012-08-16,2012-08-30,OPTSTK,ZEEL,160.0,PE,0.0,0.0,0.0,3.45,0.9,0,0.0,8000
2012-08-16,2012-08-30,OPTSTK,ZEEL,170.0,PE,0.0,0.0,0.0,34.2,3.65,0,0.0,0
2012-08-16,2012-08-30,OPTSTK,ZEEL,180.0,PE,0.0,0.0,0.0,43.7,9.45,0,0.0,0
2012-08-16,2012-08-30,OPTSTK,ZEEL,190.0,PE,0.0,0.0,0.0,53.35,17.75,0,0.0,0
2012-08-16,2012-08-30,OPTSTK,ZEEL,200.0,PE,0.0,0.0,0.0,63.05,27.25,0,0.0,0
2012-08-16,2012-08-30,OPTSTK,ZEEL,210.0,PE,0.0,0.0,0.0,72.8,37.15,0,0.0,0
2012-08-16,2012-08-30,OPTSTK,ZEEL,220.0,PE,0.0,0.0,0.0,82.55,47.1,0,0.0,0
2012-08-16,2012-09-27,OPTSTK,ZEEL,60.0,CE,0.0,0.0,0.0,82.15,112.85,0,0.0,0
2012-08-16,2012-09-27,OPTSTK,ZEEL,70.0,CE,0.0,0.0,0.0,72.4,102.95,0,0.0,0
2012-08-16,2012-09-27,OPTSTK,ZEEL,80.0,CE,0.0,0.0,0.0,62.65,93.05,0,0.0,0
2012-08-16,2012-09-27,OPTSTK,ZEEL,90.0,CE,0.0,0.0,0.0,52.85,83.15,0,0.0,0
2012-08-16,2012-09-27,OPTSTK,ZEEL,100.0,CE,0.0,0.0,0.0,43.15,73.25,0,0.0,0
2012-08-16,2012-09-27,OPTSTK,ZEEL,110.0,CE,0.0,0.0,0.0,33.7,63.35,0,0.0,0
2012-08-16,2012-09-27,OPTSTK,ZEEL,120.0,CE,0.0,0.0,0.0,24.85,53.45,0,0.0,0
2012-08-16,2012-09-27,OPTSTK,ZEEL,130.0,CE,0.0,0.0,0.0,17.15,43.6,0,0.0,0
2012-08-16,2012-09-27,OPTSTK,ZEEL,140.0,CE,0.0,0.0,0.0,11.05,33.95,0,0.0,0
2012-08-16,2012-09-27,OPTSTK,ZEEL,150.0,CE,0.0,0.0,0.0,6.6,24.9,0,0.0,0
2012-08-16,2012-09-27,OPTSTK,ZEEL,160.0,CE,0.0,0.0,0.0,3.7,16.9,0,0.0,0
2012-08-16,2012-09-27,OPTSTK,ZEEL,170.0,CE,0.0,0.0,0.0,1.95,10.55,0,0.0,0
2012-08-16,2012-09-27,OPTSTK,ZEEL,180.0,CE,0.0,0.0,0.0,1.0,6.0,0,0.0,0
2012-08-16,2012-09-27,OPTSTK,ZEEL,190.0,CE,0.0,0.0,0.0,0.45,3.15,0,0.0,0
2012-08-16,2012-09-27,OPTSTK,ZEEL,200.0,CE,0.0,0.0,0.0,0.2,1.5,0,0.0,0
2012-08-16,2012-09-27,OPTSTK,ZEEL,210.0,CE,0.0,0.0,0.0,0.1,0.7,0,0.0,0
2012-08-16,2012-09-27,OPTSTK,ZEEL,220.0,CE,0.0,0.0,0.0,0.05,0.3,0,0.0,0
2012-08-16,2012-09-27,OPTSTK,ZEEL,60.0,PE,0.0,0.0,0.0,0.05,0.0,0,0.0,0
2012-08-16,2012-09-27,OPTSTK,ZEEL,70.0,PE,0.0,0.0,0.0,0.05,0.0,0,0.0,0
2012-08-16,2012-09-27,OPTSTK,ZEEL,80.0,PE,0.0,0.0,0.0,0.05,0.0,0,0.0,0
2012-08-16,2012-09-27,OPTSTK,ZEEL,90.0,PE,0.0,0.0,0.0,0.05,0.0,0,0.0,0
2012-08-16,2012-09-27,OPTSTK,ZEEL,100.0,PE,0.0,0.0,0.0,0.1,0.0,0,0.0,0
2012-08-16,2012-09-27,OPTSTK,ZEEL,110.0,PE,0.0,0.0,0.0,0.4,0.0,0,0.0,0
2012-08-16,2012-09-27,OPTSTK,ZEEL,120.0,PE,0.0,0.0,0.0,1.35,0.05,0,0.0,0
2012-08-16,2012-09-27,OPTSTK,ZEEL,130.0,PE,0.0,0.0,0.0,3.4,0.1,0,0.0,0
2012-08-16,2012-09-27,OPTSTK,ZEEL,140.0,PE,0.0,0.0,0.0,7.05,0.35,0,0.0,0
2012-08-16,2012-09-27,OPTSTK,ZEEL,150.0,PE,0.0,0.0,0.0,12.35,1.15,0,0.0,0
2012-08-16,2012-09-27,OPTSTK,ZEEL,160.0,PE,0.0,0.0,0.0,19.25,3.05,0,0.0,0
2012-08-16,2012-09-27,OPTSTK,ZEEL,170.0,PE,0.0,0.0,0.0,27.25,6.6,0,0.0,0
2012-08-16,2012-09-27,OPTSTK,ZEEL,180.0,PE,0.0,0.0,0.0,36.05,11.95,0,0.0,0
2012-08-16,2012-09-27,OPTSTK,ZEEL,190.0,PE,0.0,0.0,0.0,45.3,19.0,0,0.0,0
2012-08-16,2012-09-27,OPTSTK,ZEEL,200.0,PE,0.0,0.0,0.0,54.8,27.25,0,0.0,0
2012-08-16,2012-09-27,OPTSTK,ZEEL,210.0,PE,0.0,0.0,0.0,64.45,36.3,0,0.0,0
2012-08-16,2012-09-27,OPTSTK,ZEEL,220.0,PE,0.0,0.0,0.0,74.2,45.8,0,0.0,0
2012-08-16,2012-10-25,OPTSTK,ZEEL,60.0,CE,0.0,0.0,0.0,101.25,113.25,0,0.0,0
2012-08-16,2012-10-25,OPTSTK,ZEEL,70.0,CE,0.0,0.0,0.0,91.45,103.4,0,0.0,0
2012-08-16,2012-10-25,OPTSTK,ZEEL,80.0,CE,0.0,0.0,0.0,81.7,93.6,0,0.0,0
2012-08-16,2012-10-25,OPTSTK,ZEEL,90.0,CE,0.0,0.0,0.0,71.9,83.75,0,0.0,0
2012-08-16,2012-10-25,OPTSTK,ZEEL,100.0,CE,0.0,0.0,0.0,62.15,73.95,0,0.0,0
2012-08-16,2012-10-25,OPTSTK,ZEEL,110.0,CE,0.0,0.0,0.0,52.45,64.1,0,0.0,0
2012-08-16,2012-10-25,OPTSTK,ZEEL,120.0,CE,0.0,0.0,0.0,42.95,54.35,0,0.0,0
2012-08-16,2012-10-25,OPTSTK,ZEEL,130.0,CE,0.0,0.0,0.0,33.9,44.75,0,0.0,0
2012-08-16,2012-10-25,OPTSTK,ZEEL,140.0,CE,0.0,0.0,0.0,25.65,35.5,0,0.0,0
2012-08-16,2012-10-25,OPTSTK,ZEEL,150.0,CE,0.0,0.0,0.0,18.5,27.05,0,0.0,0
2012-08-16,2012-10-25,OPTSTK,ZEEL,160.0,CE,0.0,0.0,0.0,12.75,19.65,0,0.0,0
2012-08-16,2012-10-25,OPTSTK,ZEEL,170.0,CE,0.0,0.0,0.0,8.4,13.6,0,0.0,0
2012-08-16,2012-10-25,OPTSTK,ZEEL,180.0,CE,0.0,0.0,0.0,5.3,8.95,0,0.0,0
2012-08-16,2012-10-25,OPTSTK,ZEEL,190.0,CE,0.0,0.0,0.0,3.2,5.6,0,0.0,0
2012-08-16,2012-10-25,OPTSTK,ZEEL,200.0,CE,0.0,0.0,0.0,1.9,3.4,0,0.0,0
2012-08-16,2012-10-25,OPTSTK,ZEEL,210.0,CE,0.0,0.0,0.0,1.05,1.95,0,0.0,0
2012-08-16,2012-10-25,OPTSTK,ZEEL,220.0,CE,0.0,0.0,0.0,0.6,1.1,0,0.0,0
2012-08-16,2012-10-25,OPTSTK,ZEEL,60.0,PE,0.0,0.0,0.0,0.05,0.0,0,0.0,0
2012-08-16,2012-10-25,OPTSTK,ZEEL,70.0,PE,0.0,0.0,0.0,0.05,0.0,0,0.0,0
2012-08-16,2012-10-25,OPTSTK,ZEEL,80.0,PE,0.0,0.0,0.0,0.05,0.0,0,0.0,0
2012-08-16,2012-10-25,OPTSTK,ZEEL,90.0,PE,0.0,0.0,0.0,0.05,0.0,0,0.0,0
2012-08-16,2012-10-25,OPTSTK,ZEEL,100.0,PE,0.0,0.0,0.0,0.05,0.0,0,0.0,0
2012-08-16,2012-10-25,OPTSTK,ZEEL,110.0,PE,0.0,0.0,0.0,0.1,0.05,0,0.0,0
2012-08-16,2012-10-25,OPTSTK,ZEEL,120.0,PE,0.0,0.0,0.0,0.35,0.1,0,0.0,0
2012-08-16,2012-10-25,OPTSTK,ZEEL,130.0,PE,0.0,0.0,0.0,1.1,0.3,0,0.0,0
2012-08-16,2012-10-25,OPTSTK,ZEEL,140.0,PE,0.0,0.0,0.0,2.6,0.9,0,0.0,0
2012-08-16,2012-10-25,OPTSTK,ZEEL,150.0,PE,0.0,0.0,0.0,5.25,2.25,0,0.0,0
2012-08-16,2012-10-25,OPTSTK,ZEEL,160.0,PE,0.0,0.0,0.0,9.3,4.7,0,0.0,0
2012-08-16,2012-10-25,OPTSTK,ZEEL,170.0,PE,0.0,0.0,0.0,14.7,8.45,0,0.0,0
2012-08-16,2012-10-25,OPTSTK,ZEEL,180.0,PE,0.0,0.0,0.0,21.35,13.65,0,0.0,0
2012-08-16,2012-10-25,OPTSTK,ZEEL,190.0,PE,0.0,0.0,0.0,29.05,20.15,0,0.0,0
2012-08-16,2012-10-25,OPTSTK,ZEEL,200.0,PE,0.0,0.0,0.0,37.5,27.75,0,0.0,0
2012-08-16,2012-10-25,OPTSTK,ZEEL,210.0,PE,0.0,0.0,0.0,46.45,36.15,0,0.0,0
2012-08-16,2012-10-25,OPTSTK,ZEEL,220.0,PE,0.0,0.0,0.0,55.75,45.1,0,0.0,0
